[name]
unknown

[dist]
# distance from previous block
# <min> <max>
0	62

[block]
# block no. 0 follows, 39 sequences, length 140
# corresponding to MSA columns:
# 65-204
name=unknown_A
#
# <colnr> <probs for GDERKNQSTAVLIFYWHMCP>
#	G	D	E	R	K	N	Q	S	T	A	V	L	I	F	Y	W	H	M	C	P
0	0.00765	0.00559	0.00724	0.00806	0.00891	0.00518	0.00578	0.00927	0.01294	0.01729	0.19044	0.47993	0.12093	0.01654	0.00742	0.00227	0.00343	0.08036	0.00571	0.00505
1	0.05845	0.00680	0.00810	0.00754	0.00928	0.00648	0.00569	0.03876	0.01595	0.03618	0.53118	0.06076	0.14798	0.03221	0.00733	0.00199	0.00320	0.01031	0.00609	0.00573
2	0.00718	0.00547	0.00653	0.00736	0.00829	0.00491	0.00506	0.00834	0.01199	0.01527	0.04188	0.49718	0.29487	0.04654	0.00820	0.00238	0.00336	0.01495	0.00542	0.00483
3	0.00881	0.00650	0.00949	0.00940	0.01044	0.00762	0.00733	0.01095	0.00972	0.01441	0.01583	0.02277	0.01457	0.04016	0.68125	0.00861	0.04195	0.00623	0.06862	0.00534
4	0.02734	0.00847	0.00888	0.00776	0.01024	0.00860	0.00610	0.17754	0.01634	0.06169	0.02752	0.02799	0.18390	0.00880	0.00528	0.00164	0.00381	0.00706	0.39436	0.00667
5	0.00781	0.00588	0.00719	0.00783	0.00878	0.00555	0.00544	0.01001	0.05375	0.01681	0.13481	0.46893	0.17535	0.05278	0.00834	0.00239	0.00344	0.01419	0.00557	0.00515
6	0.02516	0.01061	0.01376	0.01062	0.01503	0.00971	0.00875	0.11552	0.01802	0.62828	0.02197	0.01950	0.01410	0.00727	0.00584	0.00180	0.00509	0.00585	0.05332	0.00981
7	0.00867	0.00573	0.00636	0.00636	0.00657	0.00568	0.00367	0.00894	0.00913	0.01243	0.02101	0.03861	0.06238	0.69567	0.02706	0.00523	0.00538	0.00861	0.05872	0.00379
8	0.00896	0.00689	0.00833	0.00807	0.00974	0.00670	0.00612	0.01324	0.11127	0.02162	0.45021	0.09918	0.16123	0.01274	0.00696	0.00199	0.00327	0.05143	0.00614	0.00592
9	0.00721	0.00515	0.00686	0.00823	0.00858	0.00480	0.00549	0.00823	0.01132	0.01510	0.03259	0.78831	0.03911	0.01853	0.00755	0.00240	0.00343	0.01681	0.00549	0.00480
10	0.83394	0.01144	0.00869	0.00778	0.01144	0.01327	0.00640	0.01738	0.01006	0.02653	0.00823	0.00961	0.00640	0.00549	0.00366	0.00183	0.00457	0.00320	0.00366	0.00640
11	0.00752	0.00592	0.00679	0.00676	0.00836	0.00519	0.00500	0.00944	0.01445	0.01873	0.31141	0.12980	0.42101	0.01429	0.00704	0.00199	0.00297	0.01228	0.00587	0.00519
12	0.01101	0.00943	0.01077	0.00810	0.01258	0.00719	0.00641	0.01336	0.01255	0.01848	0.02229	0.02291	0.18621	0.00691	0.00500	0.00114	0.00405	0.00564	0.00398	0.63198
13	0.83394	0.01144	0.00869	0.00778	0.01144	0.01327	0.00640	0.01738	0.01006	0.02653	0.00823	0.00961	0.00640	0.00549	0.00366	0.00183	0.00457	0.00320	0.00366	0.00640
14	0.02209	0.02819	0.01676	0.01524	0.01828	0.76843	0.01143	0.02361	0.01676	0.01447	0.00914	0.01066	0.00762	0.00609	0.00533	0.00152	0.01066	0.00381	0.00305	0.00686
15	0.21907	0.01039	0.01252	0.00987	0.01422	0.00978	0.00815	0.02609	0.01529	0.58461	0.01973	0.01762	0.01268	0.00688	0.00540	0.00183	0.00492	0.00529	0.00645	0.00919
16	0.01152	0.00826	0.00921	0.00867	0.01113	0.00817	0.00670	0.01733	0.21376	0.10331	0.05989	0.11173	0.34419	0.01253	0.00672	0.00205	0.00386	0.04832	0.00587	0.00679
17	0.00834	0.00604	0.00787	0.00741	0.00882	0.00557	0.00556	0.01111	0.01668	0.02357	0.73960	0.04441	0.06845	0.01214	0.00698	0.00186	0.00279	0.01073	0.00649	0.00557
18	0.00699	0.00599	0.00599	0.00599	0.00799	0.00499	0.00449	0.00849	0.01348	0.01598	0.05991	0.05691	0.75288	0.01498	0.00699	0.00200	0.00300	0.01248	0.00549	0.00499
19	0.01027	0.00514	0.00770	0.00770	0.00770	0.00514	0.00514	0.00770	0.00770	0.01027	0.01027	0.01798	0.01027	0.02054	0.02311	0.82794	0.00514	0.00514	0.00257	0.00257
20	0.00844	0.00582	0.00689	0.00678	0.00729	0.00564	0.00427	0.00937	0.01133	0.01546	0.24452	0.06045	0.05837	0.50627	0.02163	0.00433	0.00468	0.00959	0.00459	0.00427
21	0.01377	0.01163	0.01267	0.01183	0.01481	0.01327	0.00939	0.02794	0.61179	0.02346	0.02539	0.03017	0.02096	0.00953	0.00641	0.00214	0.00482	0.13545	0.00591	0.00865
22	0.74749	0.01129	0.00923	0.00807	0.01183	0.01278	0.00665	0.01861	0.01080	0.10500	0.00985	0.01073	0.00729	0.00569	0.00390	0.00183	0.00462	0.00350	0.00405	0.00680
23	0.00860	0.00573	0.00645	0.00645	0.00645	0.00573	0.00358	0.00860	0.00860	0.01147	0.01863	0.03870	0.02150	0.79217	0.03010	0.00573	0.00573	0.00860	0.00358	0.00358
24	0.01464	0.01405	0.02400	0.03630	0.75528	0.01405	0.01815	0.01815	0.01347	0.01932	0.01112	0.01464	0.00937	0.00527	0.00585	0.00176	0.00703	0.00527	0.00293	0.00937
25	0.01131	0.00655	0.00864	0.00829	0.00911	0.00666	0.00597	0.08561	0.01093	0.01474	0.01634	0.02399	0.06776	0.01763	0.01799	0.57563	0.00501	0.05332	0.05062	0.00391
26	0.01453	0.09304	0.08311	0.03216	0.62394	0.01496	0.01764	0.01815	0.01324	0.01874	0.01079	0.01395	0.00904	0.00528	0.00563	0.00172	0.00709	0.00499	0.00285	0.00914
27	0.01438	0.01379	0.02353	0.09186	0.70174	0.01398	0.01802	0.01792	0.01334	0.01900	0.01108	0.01472	0.00926	0.00532	0.00586	0.00177	0.00709	0.00527	0.00290	0.00916
28	0.01564	0.01314	0.01426	0.05630	0.01727	0.01515	0.01004	0.13323	0.59787	0.02601	0.02185	0.02055	0.01630	0.00777	0.00600	0.00197	0.00513	0.00641	0.00581	0.00930
29	0.00827	0.00604	0.00776	0.00733	0.00877	0.00554	0.00550	0.01096	0.01650	0.02314	0.70029	0.04513	0.10803	0.01231	0.00698	0.00187	0.00281	0.01083	0.00643	0.00554
30	0.01882	0.01763	0.01491	0.01305	0.01656	0.24482	0.01014	0.10517	0.38247	0.08562	0.01838	0.01756	0.01371	0.00727	0.00579	0.00182	0.00674	0.00560	0.00521	0.00873
31	0.01664	0.01327	0.01421	0.01213	0.01575	0.01498	0.00961	0.22290	0.48580	0.04191	0.07013	0.02135	0.01833	0.00803	0.00605	0.00193	0.00506	0.00657	0.00605	0.00931
32	0.00752	0.00537	0.00710	0.00800	0.00859	0.00501	0.00547	0.00894	0.01255	0.01706	0.20385	0.59278	0.04267	0.03565	0.00796	0.00235	0.00333	0.01516	0.00569	0.00496
33	0.01027	0.00514	0.00770	0.00770	0.00770	0.00514	0.00514	0.00770	0.00770	0.01027	0.01027	0.01798	0.01027	0.02054	0.02311	0.82794	0.00514	0.00514	0.00257	0.00257
34	0.00817	0.00555	0.00658	0.00700	0.00710	0.00545	0.00417	0.00849	0.00943	0.01258	0.02290	0.26768	0.02688	0.55585	0.02321	0.00472	0.00503	0.01111	0.00417	0.00396
35	0.00771	0.00596	0.00896	0.00948	0.01025	0.00556	0.06006	0.00904	0.01152	0.01538	0.03105	0.73044	0.03686	0.01751	0.00751	0.00237	0.00392	0.01608	0.00530	0.00504
36	0.02148	0.02716	0.01685	0.01525	0.01810	0.71816	0.01153	0.02299	0.01624	0.01446	0.00905	0.01082	0.00763	0.00638	0.00628	0.00159	0.06230	0.00390	0.00302	0.00683
37	0.00721	0.00515	0.00686	0.00823	0.00858	0.00480	0.00549	0.00823	0.01132	0.01510	0.03259	0.78831	0.03911	0.01853	0.00755	0.00240	0.00343	0.01681	0.00549	0.00480
38	0.08063	0.01016	0.01339	0.01034	0.01485	0.00900	0.00854	0.02805	0.01647	0.71027	0.02232	0.01942	0.01409	0.00720	0.00579	0.00183	0.00500	0.00576	0.00707	0.00982
39	0.00736	0.00604	0.00651	0.00649	0.00835	0.00519	0.00494	0.00915	0.01406	0.01743	0.18120	0.05514	0.59368	0.01453	0.00705	0.00201	0.00308	0.04702	0.00567	0.00512
40	0.02653	0.01006	0.01372	0.01052	0.01510	0.00869	0.00869	0.02882	0.01693	0.75937	0.02333	0.02013	0.01464	0.00732	0.00595	0.00183	0.00503	0.00595	0.00732	0.01006
41	0.01581	0.79572	0.03099	0.01012	0.01518	0.02340	0.01012	0.01771	0.01202	0.01391	0.00822	0.00949	0.00759	0.00506	0.00379	0.00126	0.00632	0.00316	0.00253	0.00759
42	0.00848	0.00568	0.00649	0.00661	0.00664	0.00565	0.00375	0.00857	0.00884	0.01179	0.01988	0.10560	0.02307	0.72312	0.02809	0.00544	0.00553	0.00933	0.00375	0.00369
43	0.00752	0.00601	0.00672	0.00654	0.00831	0.00522	0.00491	0.00951	0.01472	0.01893	0.32426	0.05205	0.48668	0.01387	0.00698	0.00194	0.00292	0.01180	0.00588	0.00522
44	0.00860	0.00573	0.00645	0.00645	0.00645	0.00573	0.00358	0.00860	0.00860	0.01147	0.01863	0.03870	0.02150	0.79217	0.03010	0.00573	0.00573	0.00860	0.00358	0.00358
45	0.00797	0.00574	0.00755	0.00771	0.00875	0.00531	0.00555	0.01016	0.01489	0.02077	0.50598	0.29875	0.05009	0.01429	0.00717	0.00205	0.00301	0.01279	0.00616	0.00531
46	0.00728	0.00521	0.00693	0.00818	0.00859	0.00486	0.00550	0.00843	0.01169	0.01567	0.08080	0.73845	0.04023	0.01810	0.00751	0.00237	0.00339	0.01640	0.00556	0.00486
47	0.00860	0.00573	0.00645	0.00645	0.00645	0.00573	0.00358	0.00860	0.00860	0.01147	0.01863	0.03870	0.02150	0.79217	0.03010	0.00573	0.00573	0.00860	0.00358	0.00358
48	0.00725	0.00518	0.00692	0.00829	0.00865	0.00484	0.00557	0.00832	0.01137	0.01515	0.03257	0.77350	0.03901	0.01848	0.00756	0.00241	0.00347	0.03115	0.00549	0.00482
49	0.01226	0.01051	0.01226	0.00876	0.01401	0.00788	0.00701	0.01489	0.01226	0.01927	0.01051	0.01226	0.00876	0.00438	0.00438	0.00088	0.00438	0.00350	0.00350	0.82832
50	0.00763	0.00533	0.00674	0.00769	0.00793	0.00509	0.00491	0.00835	0.01049	0.01399	0.02833	0.55933	0.03373	0.25485	0.01444	0.00342	0.00413	0.01430	0.00491	0.00443
51	0.01077	0.00823	0.01112	0.01034	0.01179	0.00962	0.00812	0.11360	0.01202	0.01698	0.01519	0.02210	0.01399	0.07961	0.56404	0.00769	0.06907	0.00624	0.00354	0.00595
52	0.00699	0.00599	0.00599	0.00599	0.00799	0.00499	0.00449	0.00849	0.01348	0.01598	0.05991	0.05691	0.75288	0.01498	0.00699	0.00200	0.00300	0.01248	0.00549	0.00499
53	0.01908	0.20097	0.01946	0.01197	0.01643	0.01788	0.01021	0.40772	0.10706	0.05441	0.01732	0.01707	0.06034	0.00726	0.00550	0.00170	0.00596	0.00547	0.00514	0.00905
54	0.00845	0.00634	0.00950	0.00950	0.01056	0.00739	0.00739	0.01056	0.00950	0.01373	0.01584	0.02323	0.01478	0.04435	0.76873	0.00950	0.01584	0.00634	0.00317	0.00528
55	0.00814	0.00602	0.00762	0.00747	0.00889	0.00551	0.00564	0.01059	0.01565	0.02150	0.54604	0.09751	0.16734	0.01326	0.00709	0.00197	0.00303	0.05509	0.00621	0.00542
56	0.02144	0.00885	0.01204	0.01002	0.01354	0.00777	0.00805	0.02354	0.01572	0.55703	0.05024	0.16264	0.02158	0.01003	0.00640	0.00199	0.00469	0.04887	0.00685	0.00869
57	0.01021	0.00813	0.01195	0.11481	0.09443	0.00853	0.01073	0.01367	0.05233	0.01751	0.02622	0.16268	0.02787	0.01367	0.00741	0.00243	0.00559	0.40086	0.00484	0.00612
58	0.07938	0.30211	0.02133	0.01277	0.01667	0.40726	0.01058	0.05725	0.01513	0.01632	0.00900	0.01034	0.00764	0.00573	0.00469	0.00147	0.00845	0.00361	0.00305	0.00725
59	0.00860	0.00573	0.00645	0.00645	0.00645	0.00573	0.00358	0.00860	0.00860	0.01147	0.01863	0.03870	0.02150	0.79217	0.03010	0.00573	0.00573	0.00860	0.00358	0.00358
60	0.01294	0.01294	0.01811	0.01553	0.01553	0.01811	0.01294	0.01423	0.00906	0.01423	0.00776	0.01294	0.00776	0.01035	0.01941	0.00259	0.78134	0.00518	0.00259	0.00647
61	0.01027	0.00514	0.00770	0.00770	0.00770	0.00514	0.00514	0.00770	0.00770	0.01027	0.01027	0.01798	0.01027	0.02054	0.02311	0.82794	0.00514	0.00514	0.00257	0.00257
62	0.01275	0.05024	0.01372	0.01074	0.05653	0.05173	0.00794	0.01521	0.01250	0.01842	0.01201	0.07031	0.01095	0.00562	0.00473	0.00110	0.00491	0.00460	0.00355	0.63245
63	0.00860	0.00573	0.00645	0.00645	0.00645	0.00573	0.00358	0.00860	0.00860	0.01147	0.01863	0.03870	0.02150	0.79217	0.03010	0.00573	0.00573	0.00860	0.00358	0.00358
64	0.83394	0.01144	0.00869	0.00778	0.01144	0.01327	0.00640	0.01738	0.01006	0.02653	0.00823	0.00961	0.00640	0.00549	0.00366	0.00183	0.00457	0.00320	0.00366	0.00640
65	0.00919	0.00783	0.01067	0.03211	0.16023	0.00739	0.00804	0.01181	0.03257	0.01863	0.21276	0.12127	0.32046	0.01229	0.00676	0.00196	0.00397	0.01072	0.00516	0.00615
66	0.01221	0.00637	0.00891	0.00844	0.00935	0.00640	0.00601	0.01222	0.06458	0.09767	0.05029	0.03459	0.01439	0.01892	0.05889	0.57142	0.00552	0.00590	0.00365	0.00427
67	0.00799	0.00569	0.00765	0.00895	0.00959	0.00547	0.00662	0.00948	0.01188	0.01570	0.03145	0.52756	0.03661	0.05947	0.00895	0.00268	0.00417	0.22979	0.00537	0.00493
68	0.01102	0.00551	0.00551	0.00551	0.00689	0.00551	0.00413	0.01378	0.01240	0.02205	0.01929	0.02205	0.01516	0.00689	0.00413	0.00138	0.00276	0.00551	0.82500	0.00551
69	0.01464	0.01405	0.02400	0.03630	0.75528	0.01405	0.01815	0.01815	0.01347	0.01932	0.01112	0.01464	0.00937	0.00527	0.00585	0.00176	0.00703	0.00527	0.00293	0.00937
70	0.01746	0.00804	0.01042	0.00897	0.01202	0.00701	0.00710	0.01942	0.01514	0.40697	0.07183	0.14659	0.19449	0.01138	0.00657	0.00199	0.00421	0.03621	0.00650	0.00768
71	0.02209	0.02819	0.01676	0.01524	0.01828	0.76843	0.01143	0.02361	0.01676	0.01447	0.00914	0.01066	0.00762	0.00609	0.00533	0.00152	0.01066	0.00381	0.00305	0.00686
72	0.02248	0.01656	0.01775	0.01361	0.01834	0.01834	0.01124	0.73556	0.02780	0.03727	0.01420	0.01420	0.01006	0.00710	0.00592	0.00177	0.00651	0.00532	0.00592	0.01006
73	0.00860	0.00573	0.00645	0.00645	0.00645	0.00573	0.00358	0.00860	0.00860	0.01147	0.01863	0.03870	0.02150	0.79217	0.03010	0.00573	0.00573	0.00860	0.00358	0.00358
74	0.00811	0.00662	0.00724	0.00698	0.00892	0.00605	0.00527	0.01138	0.08075	0.01913	0.26812	0.04986	0.47334	0.01346	0.00690	0.00196	0.00309	0.01141	0.00585	0.00557
75	0.04496	0.01100	0.01361	0.01068	0.01494	0.01055	0.00875	0.14315	0.06694	0.51772	0.02119	0.01916	0.01394	0.00725	0.00575	0.00180	0.00507	0.00579	0.06817	0.00958
76	0.01158	0.01154	0.02211	0.01691	0.02068	0.01100	0.38158	0.01633	0.06916	0.02025	0.22591	0.12082	0.02673	0.00892	0.00698	0.00201	0.00672	0.00924	0.00453	0.00700
77	0.00781	0.00556	0.00748	0.00880	0.00938	0.00531	0.00639	0.00921	0.01177	0.01559	0.03179	0.58965	0.03728	0.04544	0.00850	0.00260	0.00399	0.18313	0.00541	0.00491
78	0.02209	0.02819	0.01676	0.01524	0.01828	0.76843	0.01143	0.02361	0.01676	0.01447	0.00914	0.01066	0.00762	0.00609	0.00533	0.00152	0.01066	0.00381	0.00305	0.00686
79	0.00953	0.00681	0.00953	0.01089	0.01225	0.00681	0.00953	0.01225	0.01361	0.01770	0.03131	0.06671	0.03403	0.01634	0.00817	0.00272	0.00545	0.71547	0.00545	0.00545
80	0.00856	0.00588	0.00718	0.00718	0.00743	0.00613	0.00449	0.00907	0.00882	0.01201	0.01797	0.03501	0.01990	0.61384	0.20624	0.00663	0.00814	0.00806	0.00348	0.00399
81	0.08035	0.01060	0.01366	0.01055	0.01507	0.00965	0.00871	0.07590	0.01720	0.66139	0.02170	0.01902	0.01378	0.00718	0.00579	0.00183	0.00510	0.00572	0.00698	0.00982
82	0.02248	0.01656	0.01775	0.01361	0.01834	0.01834	0.01124	0.73556	0.02780	0.03727	0.01420	0.01420	0.01006	0.00710	0.00592	0.00177	0.00651	0.00532	0.00592	0.01006
83	0.00888	0.00655	0.00839	0.00801	0.00953	0.00628	0.00613	0.01260	0.06527	0.02333	0.64937	0.04438	0.05164	0.01214	0.00700	0.00193	0.00312	0.06323	0.00640	0.00582
84	0.00815	0.00554	0.00658	0.00703	0.00714	0.00543	0.00420	0.00848	0.00948	0.01264	0.02315	0.28135	0.02720	0.54174	0.02280	0.00465	0.00499	0.01126	0.00420	0.00398
85	0.00860	0.00573	0.00645	0.00645	0.00645	0.00573	0.00358	0.00860	0.00860	0.01147	0.01863	0.03870	0.02150	0.79217	0.03010	0.00573	0.00573	0.00860	0.00358	0.00358
86	0.00721	0.00515	0.00686	0.00823	0.00858	0.00480	0.00549	0.00823	0.01132	0.01510	0.03259	0.78831	0.03911	0.01853	0.00755	0.00240	0.00343	0.01681	0.00549	0.00480
87	0.01452	0.01249	0.01323	0.01199	0.01526	0.01442	0.00937	0.03073	0.71806	0.02448	0.02433	0.02368	0.01863	0.00833	0.00610	0.00203	0.00471	0.03241	0.00600	0.00922
88	0.00985	0.00639	0.00839	0.00784	0.00942	0.00590	0.00597	0.01249	0.01627	0.07970	0.62742	0.04338	0.05009	0.04149	0.00784	0.00205	0.00322	0.05005	0.00640	0.00584
89	0.00704	0.00579	0.00620	0.00653	0.00813	0.00495	0.00473	0.00843	0.01297	0.01577	0.05340	0.23133	0.58267	0.01582	0.00712	0.00209	0.00310	0.01351	0.00549	0.00495
90	0.06613	0.01629	0.01726	0.01329	0.01797	0.01807	0.01098	0.69693	0.02685	0.03669	0.01388	0.01395	0.00986	0.00701	0.00579	0.00178	0.00640	0.00521	0.00579	0.00986
91	0.00734	0.00531	0.00694	0.00801	0.00858	0.00491	0.00544	0.00861	0.01211	0.01621	0.12284	0.65455	0.08221	0.01753	0.00745	0.00231	0.00333	0.01581	0.00562	0.00491
92	0.01581	0.79572	0.03099	0.01012	0.01518	0.02340	0.01012	0.01771	0.01202	0.01391	0.00822	0.00949	0.00759	0.00506	0.00379	0.00126	0.00632	0.00316	0.00253	0.00759
93	0.01142	0.01085	0.01779	0.67032	0.03717	0.01384	0.01593	0.01499	0.01143	0.01499	0.01012	0.01537	0.00787	0.00654	0.00782	0.00206	0.11707	0.00524	0.00262	0.00656
94	0.00845	0.00634	0.00950	0.00950	0.01056	0.00739	0.00739	0.01056	0.00950	0.01373	0.01584	0.02323	0.01478	0.04435	0.76873	0.00950	0.01584	0.00634	0.00317	0.00528
95	0.00753	0.00590	0.00678	0.00678	0.00833	0.00519	0.00498	0.00940	0.01428	0.01852	0.30023	0.14044	0.40791	0.02789	0.00745	0.00206	0.00302	0.01231	0.00582	0.00515
96	0.01529	0.01325	0.01749	0.04330	0.01717	0.01647	0.04220	0.23425	0.01510	0.02132	0.01114	0.01564	0.00973	0.05332	0.06559	0.00293	0.38913	0.00556	0.00372	0.00740
97	0.00788	0.00575	0.00733	0.00831	0.00889	0.00558	0.00561	0.00998	0.06056	0.01597	0.07235	0.63802	0.03734	0.07542	0.00910	0.00259	0.00365	0.01517	0.00544	0.00506
98	0.00996	0.00648	0.00779	0.00723	0.00924	0.00569	0.00551	0.01211	0.01528	0.10916	0.35981	0.06581	0.33805	0.01287	0.00687	0.00193	0.00316	0.01102	0.00616	0.00586
99	0.01235	0.01208	0.01704	0.02950	0.01540	0.01669	0.01232	0.01380	0.00917	0.01419	0.00881	0.01426	0.00863	0.01446	0.11167	0.00343	0.67190	0.00532	0.00266	0.00632
100	0.01129	0.00939	0.01100	0.00868	0.01263	0.00759	0.00663	0.01422	0.05123	0.01830	0.01546	0.14169	0.01518	0.06591	0.00691	0.00155	0.00434	0.00623	0.00397	0.58780
101	0.05460	0.01087	0.01136	0.05109	0.01352	0.09569	0.00807	0.06934	0.05235	0.06015	0.36955	0.03116	0.07632	0.00997	0.00722	0.00188	0.05671	0.00813	0.00541	0.00660
102	0.00853	0.00536	0.00718	0.00773	0.00801	0.00517	0.00512	0.00847	0.01026	0.01380	0.08839	0.33993	0.02858	0.15668	0.01629	0.25513	0.00434	0.02271	0.00435	0.00398
103	0.02013	0.01422	0.01532	0.01201	0.01607	0.01553	0.00983	0.57337	0.02468	0.05172	0.05486	0.01711	0.01338	0.00734	0.00571	0.00172	0.00572	0.00566	0.12648	0.00915
104	0.01355	0.01443	0.02272	0.01805	0.02023	0.06659	0.24142	0.01609	0.01116	0.01571	0.00978	0.01450	0.00865	0.01085	0.06945	0.00283	0.42855	0.00574	0.00279	0.00689
105	0.01219	0.01153	0.01940	0.54603	0.24503	0.01327	0.01668	0.01598	0.01231	0.01642	0.01069	0.01536	0.00833	0.00569	0.00586	0.00188	0.00755	0.00522	0.00274	0.02787
106	0.01122	0.01038	0.01434	0.03271	0.01391	0.02646	0.01047	0.01278	0.00939	0.01390	0.01137	0.01824	0.01110	0.07424	0.27735	0.00514	0.43248	0.00578	0.00286	0.00588
107	0.01122	0.01058	0.01775	0.75772	0.04006	0.01327	0.01633	0.01509	0.01175	0.01509	0.01044	0.01569	0.00788	0.00603	0.00627	0.00199	0.02840	0.00525	0.00263	0.00657
108	0.01526	0.01386	0.01363	0.01227	0.01560	0.07118	0.00952	0.03084	0.69006	0.02397	0.02295	0.02121	0.01727	0.00788	0.00597	0.00197	0.00513	0.00647	0.00579	0.00917
109	0.00780	0.00599	0.00829	0.04653	0.01084	0.00566	0.02530	0.00938	0.01235	0.01649	0.12772	0.54856	0.10649	0.01611	0.00727	0.00223	0.00372	0.01453	0.00538	0.01936
110	0.05493	0.05730	0.02043	0.22116	0.38514	0.03910	0.01529	0.05850	0.01367	0.01930	0.01121	0.01463	0.00903	0.00565	0.00554	0.00176	0.00695	0.00501	0.04726	0.00815
111	0.01912	0.02213	0.01747	0.19810	0.06328	0.47804	0.01296	0.08744	0.01643	0.01700	0.01004	0.01242	0.00800	0.00610	0.00555	0.00167	0.00942	0.00437	0.00321	0.00722
112	0.02261	0.01430	0.01610	0.01257	0.01708	0.01525	0.01031	0.45377	0.11508	0.23302	0.01794	0.01681	0.01232	0.00728	0.00594	0.00182	0.00587	0.00567	0.00631	0.00997
113	0.00860	0.00572	0.00830	0.00878	0.00940	0.00547	0.03638	0.00915	0.01077	0.01471	0.02544	0.48175	0.02908	0.01754	0.01104	0.19920	0.00418	0.05043	0.05959	0.00449
114	0.00770	0.00590	0.00675	0.02707	0.00888	0.00530	0.00504	0.00895	0.01269	0.01601	0.11121	0.15435	0.45057	0.05988	0.00950	0.06412	0.00348	0.01179	0.02600	0.00481
115	0.00964	0.00620	0.00818	0.00786	0.00930	0.00568	0.00582	0.01203	0.01566	0.08296	0.54636	0.19251	0.04902	0.01299	0.00701	0.00197	0.00311	0.01154	0.00637	0.00579
116	0.00995	0.00698	0.00726	0.00681	0.00885	0.00666	0.00521	0.07752	0.03238	0.02066	0.10212	0.04041	0.38165	0.01137	0.00599	0.00178	0.00327	0.00940	0.25596	0.00577
117	0.18487	0.05209	0.00894	0.00739	0.00986	0.00830	0.00577	0.01304	0.02656	0.07433	0.09343	0.10637	0.33643	0.03936	0.00688	0.00207	0.00382	0.00951	0.00509	0.00588
118	0.01015	0.00649	0.00771	0.00752	0.00873	0.00630	0.00527	0.04609	0.01272	0.06294	0.12505	0.18325	0.11314	0.23172	0.05087	0.00338	0.00472	0.01016	0.09851	0.00527
119	0.00766	0.00602	0.00693	0.00670	0.00840	0.00528	0.00502	0.00979	0.01507	0.01976	0.39840	0.05068	0.41202	0.01357	0.00698	0.00193	0.00289	0.01161	0.00599	0.00528
120	0.01027	0.00514	0.00770	0.00770	0.00770	0.00514	0.00514	0.00770	0.00770	0.01027	0.01027	0.01798	0.01027	0.02054	0.02311	0.82794	0.00514	0.00514	0.00257	0.00257
121	0.09591	0.00610	0.00695	0.00768	0.00870	0.00591	0.00536	0.00945	0.01142	0.01623	0.03378	0.46465	0.16981	0.09221	0.00926	0.00260	0.00377	0.04017	0.00511	0.00492
122	0.01015	0.00723	0.00870	0.00882	0.01023	0.00711	0.00636	0.12431	0.01459	0.03848	0.06260	0.51879	0.12833	0.01569	0.00715	0.00221	0.00388	0.01389	0.00565	0.00583
123	0.02623	0.01055	0.01403	0.01075	0.01534	0.00941	0.00888	0.08177	0.01774	0.70527	0.02265	0.01968	0.01430	0.00730	0.00594	0.00183	0.00514	0.00590	0.00721	0.01006
124	0.08601	0.01292	0.01440	0.01131	0.01545	0.01359	0.00928	0.39025	0.02164	0.22423	0.06595	0.01799	0.01442	0.00735	0.00568	0.00177	0.00544	0.00569	0.06751	0.00913
125	0.00991	0.00630	0.00796	0.00840	0.00966	0.00588	0.00596	0.01211	0.05462	0.10286	0.06178	0.53240	0.12755	0.01592	0.00718	0.00224	0.00361	0.01417	0.00577	0.00573
126	0.00771	0.00591	0.00700	0.00759	0.00886	0.00536	0.00567	0.00926	0.01274	0.01611	0.07878	0.24569	0.34586	0.07423	0.00908	0.00251	0.00376	0.14353	0.00539	0.00495
127	0.50108	0.01286	0.01199	0.00985	0.01393	0.01433	0.00812	0.23796	0.01621	0.10695	0.01165	0.01212	0.00839	0.00617	0.00459	0.00181	0.00521	0.00414	0.00473	0.00791
128	0.48452	0.01051	0.00940	0.00828	0.01148	0.01169	0.00666	0.10672	0.01316	0.06572	0.01343	0.06517	0.01108	0.00692	0.00441	0.00178	0.00444	0.00495	0.15290	0.00679
129	0.01230	0.01065	0.01259	0.00914	0.01410	0.00846	0.00734	0.01485	0.01208	0.01899	0.01036	0.01230	0.00870	0.00472	0.00523	0.00097	0.04826	0.00360	0.00345	0.78191
130	0.02451	0.01028	0.01363	0.01069	0.01497	0.00940	0.00877	0.06353	0.05399	0.63548	0.02240	0.02013	0.01459	0.00983	0.05705	0.00235	0.00581	0.00598	0.00690	0.00971
131	0.00721	0.00515	0.00686	0.00823	0.00858	0.00480	0.00549	0.00823	0.01132	0.01510	0.03259	0.78831	0.03911	0.01853	0.00755	0.00240	0.00343	0.01681	0.00549	0.00480
132	0.00829	0.00624	0.00882	0.00876	0.00993	0.00684	0.00672	0.01036	0.01085	0.01521	0.11739	0.03008	0.09942	0.06049	0.56384	0.00758	0.01243	0.00764	0.00387	0.00524
133	0.00859	0.00577	0.00661	0.00661	0.00667	0.00582	0.00379	0.00871	0.00865	0.01159	0.01848	0.03787	0.02114	0.75194	0.06983	0.00594	0.00628	0.00848	0.00356	0.00367
134	0.01117	0.01051	0.01774	0.77795	0.04073	0.01314	0.01642	0.01511	0.01182	0.01511	0.01051	0.01577	0.00788	0.00591	0.00591	0.00197	0.00788	0.00526	0.00263	0.00657
135	0.01548	0.73247	0.09139	0.01068	0.01604	0.02260	0.01109	0.01779	0.01205	0.01431	0.00842	0.00973	0.00758	0.00511	0.00395	0.00132	0.00652	0.00326	0.00253	0.00768
136	0.01364	0.01169	0.01239	0.01123	0.01432	0.01328	0.00870	0.02814	0.63377	0.02399	0.08138	0.02640	0.07746	0.00886	0.00616	0.00199	0.00441	0.00743	0.00601	0.00874
137	0.00910	0.00637	0.00823	0.00878	0.01003	0.00612	0.00667	0.01182	0.05283	0.04632	0.19074	0.33894	0.09304	0.01537	0.00738	0.00228	0.00384	0.17077	0.00580	0.00558
138	0.01155	0.02216	0.46259	0.05248	0.02183	0.01246	0.03152	0.04232	0.04080	0.01909	0.06527	0.07597	0.05651	0.00797	0.00678	0.00197	0.05099	0.00646	0.00344	0.00784
139	0.00883	0.00602	0.00762	0.00779	0.00847	0.00598	0.00529	0.00993	0.01118	0.04303	0.12116	0.26624	0.06944	0.28663	0.09234	0.00416	0.02520	0.01117	0.00473	0.00478

[dist]
# distance from previous block
# <min> <max>
0	1

[block]
# block no. 1 follows, 39 sequences, length 13
# corresponding to MSA columns:
# 206-218
name=unknown_B
#
# <colnr> <probs for GDERKNQSTAVLIFYWHMCP>
#	G	D	E	R	K	N	Q	S	T	A	V	L	I	F	Y	W	H	M	C	P
0	0.06435	0.04689	0.01752	0.04477	0.06351	0.44317	0.01178	0.15106	0.01735	0.01955	0.01006	0.01180	0.00812	0.00644	0.00629	0.00168	0.06031	0.00427	0.00353	0.00755
1	0.21857	0.10213	0.01632	0.01280	0.01631	0.46288	0.01006	0.06497	0.01532	0.01874	0.00914	0.01050	0.00747	0.00590	0.00480	0.00159	0.00849	0.00369	0.00332	0.00702
2	0.01279	0.01232	0.01901	0.04808	0.27125	0.01471	0.02917	0.01517	0.01158	0.01695	0.07253	0.01803	0.03773	0.00954	0.03253	0.00237	0.35978	0.00598	0.00315	0.00735
3	0.01193	0.01005	0.01083	0.00993	0.01262	0.01097	0.00765	0.02286	0.45494	0.02284	0.18004	0.03329	0.16712	0.01019	0.00640	0.00197	0.00397	0.00862	0.00602	0.00775
4	0.00804	0.00572	0.00708	0.00750	0.00858	0.00519	0.00528	0.00959	0.01315	0.03773	0.21287	0.38084	0.20562	0.05435	0.00836	0.00233	0.00333	0.01362	0.00569	0.00512
5	0.01102	0.00551	0.00551	0.00551	0.00689	0.00551	0.00413	0.01378	0.01240	0.02205	0.01929	0.02205	0.01516	0.00689	0.00413	0.00138	0.00276	0.00551	0.82500	0.00551
6	0.00849	0.00617	0.00868	0.00868	0.00946	0.00695	0.00637	0.01003	0.00926	0.01312	0.01659	0.02739	0.01659	0.24535	0.57020	0.00849	0.01312	0.00694	0.00328	0.00482
7	0.02045	0.02520	0.01744	0.01543	0.01851	0.61434	0.04935	0.02370	0.09061	0.01575	0.01075	0.01222	0.00876	0.00644	0.00619	0.00165	0.04838	0.00434	0.00332	0.00715
8	0.02129	0.02685	0.01688	0.01526	0.01804	0.70248	0.01156	0.02279	0.01608	0.01445	0.00902	0.01086	0.00763	0.00647	0.00657	0.00162	0.07839	0.00393	0.00301	0.00682
9	0.00858	0.00579	0.00676	0.00676	0.00687	0.00590	0.00397	0.00880	0.00869	0.01170	0.01835	0.03712	0.02081	0.71574	0.10559	0.00612	0.00677	0.00837	0.00354	0.00376
10	0.01312	0.01347	0.02108	0.01719	0.01824	0.01756	0.14027	0.01506	0.00992	0.01506	0.00851	0.01347	0.00798	0.00940	0.01721	0.00248	0.64509	0.00549	0.00266	0.00674
11	0.01329	0.13621	0.29582	0.01656	0.10937	0.05393	0.04706	0.01901	0.08843	0.01912	0.10338	0.01725	0.01491	0.00649	0.00559	0.00173	0.00703	0.00538	0.00350	0.03593
12	0.01405	0.01573	0.08184	0.01450	0.01631	0.10631	0.01249	0.04928	0.08634	0.01670	0.01102	0.01475	0.00965	0.01278	0.09704	0.00306	0.42268	0.00523	0.00320	0.00704

[dist]
# distance from previous block
# <min> <max>
1	4

[block]
# block no. 2 follows, 39 sequences, length 39
# corresponding to MSA columns:
# 223-261
name=unknown_C
#
# <colnr> <probs for GDERKNQSTAVLIFYWHMCP>
#	G	D	E	R	K	N	Q	S	T	A	V	L	I	F	Y	W	H	M	C	P
0	0.00959	0.00715	0.00864	0.00873	0.01010	0.00712	0.00632	0.08703	0.06684	0.02008	0.19067	0.43345	0.09160	0.01489	0.00710	0.00216	0.00367	0.01321	0.00580	0.00587
1	0.01510	0.00954	0.01163	0.07303	0.01520	0.00977	0.00854	0.02179	0.23605	0.21419	0.07275	0.03341	0.17426	0.01006	0.00643	0.00201	0.00464	0.06781	0.00595	0.00785
2	0.01326	0.00840	0.02482	0.01370	0.14055	0.00758	0.00871	0.01528	0.01351	0.19153	0.09682	0.37173	0.02893	0.02757	0.00722	0.00216	0.00451	0.01127	0.00548	0.00696
3	0.00944	0.00732	0.00993	0.06999	0.03386	0.00748	0.00892	0.01285	0.06538	0.01751	0.04601	0.18246	0.11496	0.01477	0.00751	0.00243	0.00494	0.37326	0.00523	0.00576
4	0.01151	0.01073	0.01722	0.58545	0.11156	0.01277	0.01520	0.01622	0.06887	0.01636	0.01516	0.01908	0.06209	0.00666	0.00599	0.00195	0.00720	0.00588	0.00313	0.00697
5	0.01294	0.01294	0.01811	0.01553	0.01553	0.01811	0.01294	0.01423	0.00906	0.01423	0.00776	0.01294	0.00776	0.01035	0.01941	0.00259	0.78134	0.00518	0.00259	0.00647
6	0.01215	0.01189	0.01434	0.01263	0.01376	0.04907	0.01024	0.01580	0.12007	0.01624	0.02319	0.02510	0.19413	0.01095	0.01368	0.00231	0.43691	0.00715	0.00384	0.00655
7	0.08111	0.00801	0.00907	0.00823	0.01050	0.00798	0.00627	0.01633	0.13393	0.10583	0.30436	0.03678	0.16471	0.07127	0.00821	0.00220	0.00377	0.00903	0.00587	0.00652
8	0.00742	0.00544	0.00702	0.00819	0.00888	0.00504	0.00577	0.00869	0.01187	0.01550	0.03636	0.60790	0.14059	0.01779	0.00753	0.00238	0.00358	0.08966	0.00549	0.00490
9	0.01194	0.00987	0.01094	0.01000	0.01255	0.01080	0.00769	0.02266	0.43530	0.02385	0.29254	0.03220	0.07510	0.00992	0.00642	0.00195	0.00389	0.00849	0.00617	0.00772
10	0.01155	0.00707	0.00913	0.00854	0.00957	0.00721	0.00613	0.12179	0.01241	0.01661	0.09352	0.08208	0.06055	0.01708	0.01659	0.50001	0.00485	0.00708	0.00390	0.00437
11	0.00839	0.00600	0.00751	0.00744	0.00873	0.00550	0.00545	0.01048	0.01465	0.03340	0.43428	0.14650	0.16311	0.07955	0.00905	0.00232	0.00332	0.04311	0.00593	0.00529
12	0.01280	0.01218	0.02069	0.42855	0.37736	0.01357	0.01724	0.01654	0.01260	0.01709	0.01080	0.01523	0.00858	0.00561	0.00589	0.00187	0.00748	0.00526	0.00277	0.00789
13	0.01000	0.00742	0.00829	0.00807	0.00905	0.00785	0.00535	0.01449	0.19206	0.01612	0.07024	0.11030	0.02460	0.45404	0.01986	0.00414	0.00499	0.00904	0.01879	0.00531
14	0.01100	0.00816	0.00884	0.00807	0.01042	0.00796	0.00613	0.08930	0.10983	0.06324	0.09190	0.07418	0.40103	0.07294	0.00850	0.00226	0.00392	0.01035	0.00563	0.00631
15	0.00925	0.00758	0.00795	0.00762	0.00898	0.06171	0.00550	0.01127	0.01472	0.01970	0.44095	0.06303	0.14870	0.13338	0.01039	0.00246	0.00388	0.01016	0.02752	0.00525
16	0.83394	0.01144	0.00869	0.00778	0.01144	0.01327	0.00640	0.01738	0.01006	0.02653	0.00823	0.00961	0.00640	0.00549	0.00366	0.00183	0.00457	0.00320	0.00366	0.00640
17	0.00850	0.00612	0.00839	0.00839	0.00906	0.00679	0.00600	0.00984	0.00917	0.01290	0.01686	0.02889	0.01724	0.31793	0.49851	0.00812	0.01214	0.00716	0.00332	0.00466
18	0.00731	0.00531	0.00690	0.00796	0.00855	0.00490	0.00541	0.00856	0.01207	0.01608	0.11057	0.64816	0.10127	0.01755	0.00744	0.00231	0.00333	0.01580	0.00560	0.00490
19	0.00811	0.00567	0.00681	0.00738	0.00768	0.00555	0.00461	0.00906	0.03011	0.01355	0.02595	0.37148	0.04636	0.40897	0.01889	0.00406	0.00462	0.01228	0.00454	0.00432
20	0.01226	0.01051	0.01226	0.00876	0.01401	0.00788	0.00701	0.01489	0.01226	0.01927	0.01051	0.01226	0.00876	0.00438	0.00438	0.00088	0.00438	0.00350	0.00350	0.82832
21	0.00818	0.00579	0.00729	0.00814	0.00863	0.00561	0.00539	0.04196	0.01157	0.01543	0.02909	0.61023	0.03443	0.16482	0.01175	0.00300	0.00401	0.01472	0.00515	0.00481
22	0.01133	0.00782	0.00941	0.00945	0.01108	0.00796	0.00686	0.06632	0.15007	0.08150	0.02981	0.50036	0.05485	0.01468	0.00699	0.00222	0.00401	0.01303	0.00577	0.00648
23	0.01831	0.01190	0.01348	0.01157	0.01529	0.01288	0.00916	0.03063	0.52329	0.24816	0.02385	0.02148	0.01701	0.00781	0.00600	0.00195	0.00479	0.00646	0.00641	0.00957
24	0.00872	0.00655	0.00840	0.00933	0.01089	0.00623	0.00792	0.01105	0.01357	0.01715	0.04045	0.06358	0.26375	0.01590	0.00779	0.00249	0.00466	0.49082	0.00546	0.00530
25	0.01714	0.01263	0.01352	0.01097	0.01455	0.01364	0.00885	0.43202	0.08378	0.03027	0.07855	0.02461	0.13040	0.00876	0.00598	0.00179	0.00513	0.00698	0.09203	0.00839
26	0.00852	0.00642	0.00724	0.00687	0.00869	0.00584	0.00520	0.04056	0.01535	0.02055	0.34153	0.04714	0.37582	0.01282	0.00672	0.00188	0.00304	0.01090	0.06941	0.00549
27	0.01366	0.00900	0.00938	0.00839	0.01072	0.00976	0.00649	0.13472	0.18678	0.02475	0.01956	0.02140	0.01525	0.03646	0.00583	0.00175	0.00393	0.00587	0.46921	0.00708
28	0.27225	0.00797	0.00924	0.00895	0.01084	0.00927	0.00708	0.01274	0.00968	0.01782	0.01341	0.01888	0.01211	0.03193	0.52424	0.00705	0.01224	0.00533	0.00333	0.00564
29	0.01210	0.00894	0.01032	0.00948	0.01160	0.00914	0.00721	0.23064	0.01770	0.02366	0.16706	0.30242	0.12596	0.01332	0.00688	0.00206	0.00423	0.02488	0.00581	0.00659
30	0.00901	0.00532	0.00622	0.00695	0.00778	0.00514	0.00485	0.01085	0.01183	0.01838	0.02631	0.42628	0.02780	0.01303	0.00594	0.00192	0.00311	0.01147	0.39267	0.00514
31	0.00724	0.00516	0.00685	0.00819	0.00853	0.00483	0.00544	0.00824	0.01126	0.01501	0.03226	0.77044	0.03869	0.03697	0.00809	0.00248	0.00349	0.01662	0.00544	0.00477
32	0.01361	0.00842	0.00954	0.00832	0.01123	0.00788	0.00654	0.06784	0.09238	0.19461	0.08311	0.04078	0.40881	0.01171	0.00656	0.00193	0.00389	0.00971	0.00607	0.00705
33	0.00787	0.00572	0.00653	0.00674	0.00749	0.00534	0.00437	0.00872	0.01119	0.01449	0.09718	0.18455	0.23322	0.36070	0.01736	0.00372	0.00428	0.01141	0.00473	0.00438
34	0.01388	0.01376	0.02490	0.16960	0.48911	0.01405	0.15188	0.01774	0.01326	0.01848	0.01117	0.01509	0.00902	0.00533	0.00608	0.00184	0.00773	0.00559	0.00288	0.00860
35	0.00860	0.00633	0.00815	0.00799	0.00948	0.00596	0.00622	0.01163	0.03389	0.02218	0.56504	0.04823	0.10537	0.01289	0.00714	0.00201	0.00328	0.12375	0.00625	0.00561
36	0.01483	0.01493	0.02217	0.16039	0.55609	0.09322	0.01715	0.01821	0.01353	0.01809	0.01081	0.01441	0.00893	0.00547	0.00581	0.00177	0.00755	0.00511	0.00289	0.00863
37	0.01403	0.07448	0.02605	0.14782	0.42076	0.01484	0.18056	0.01782	0.01321	0.01816	0.01099	0.01471	0.00891	0.00529	0.00596	0.00181	0.00778	0.00549	0.00286	0.00847
38	0.01536	0.01310	0.01892	0.40164	0.08724	0.01504	0.05189	0.24653	0.05107	0.02316	0.01244	0.01548	0.00922	0.00629	0.00597	0.00189	0.00734	0.00543	0.00388	0.00810

[dist]
# distance from previous block
# <min> <max>
0	1

[block]
# block no. 3 follows, 39 sequences, length 77
# corresponding to MSA columns:
# 263-339
name=unknown_D
#
# <colnr> <probs for GDERKNQSTAVLIFYWHMCP>
#	G	D	E	R	K	N	Q	S	T	A	V	L	I	F	Y	W	H	M	C	P
0	0.07121	0.01722	0.01626	0.01311	0.01734	0.13796	0.01058	0.44724	0.10183	0.08618	0.01478	0.01465	0.01065	0.00696	0.00570	0.00177	0.00675	0.00515	0.00543	0.00924
1	0.01050	0.00730	0.00824	0.00766	0.00985	0.00671	0.00583	0.08305	0.01537	0.08544	0.14416	0.14711	0.41942	0.01359	0.00686	0.00200	0.00356	0.01153	0.00584	0.00601
2	0.00802	0.00620	0.00925	0.00928	0.01033	0.00577	0.06032	0.00981	0.01295	0.01765	0.22031	0.53446	0.04123	0.01582	0.00735	0.00223	0.00375	0.01446	0.00557	0.00525
3	0.06210	0.06824	0.01316	0.13540	0.01683	0.01058	0.04655	0.02561	0.12703	0.01936	0.14053	0.03373	0.24389	0.01002	0.00622	0.00192	0.00484	0.02264	0.00479	0.00654
4	0.01774	0.01309	0.01436	0.01182	0.01531	0.01419	0.00943	0.50946	0.02278	0.03040	0.02126	0.19594	0.06202	0.01093	0.02082	0.00208	0.00576	0.00843	0.00574	0.00844
5	0.02215	0.01701	0.01770	0.03495	0.01896	0.05755	0.01139	0.67816	0.02678	0.03546	0.01383	0.01406	0.00987	0.00701	0.00589	0.00177	0.00676	0.00524	0.00567	0.00979
6	0.01538	0.01362	0.02093	0.23514	0.39924	0.01473	0.01618	0.17281	0.01612	0.02205	0.01162	0.01485	0.00911	0.00584	0.00588	0.00182	0.00715	0.00528	0.00349	0.00875
7	0.01069	0.00940	0.01260	0.01139	0.01148	0.01207	0.00872	0.01155	0.00910	0.01330	0.01408	0.08620	0.01557	0.28999	0.06168	0.00405	0.40226	0.00740	0.00321	0.00525
8	0.01331	0.00944	0.01037	0.00901	0.01066	0.01003	0.00632	0.25912	0.01536	0.02055	0.01783	0.06920	0.01847	0.48141	0.02059	0.00420	0.00588	0.00790	0.00449	0.00588
9	0.01083	0.00711	0.01132	0.14845	0.09848	0.00757	0.00864	0.01023	0.00921	0.01232	0.01113	0.04208	0.01067	0.01613	0.01758	0.56008	0.00579	0.00555	0.00271	0.00413
10	0.01362	0.01162	0.01244	0.01147	0.01451	0.01320	0.00901	0.02780	0.61733	0.02338	0.02748	0.02910	0.07493	0.00937	0.00630	0.00208	0.00463	0.07717	0.00592	0.00864
11	0.00770	0.00619	0.00689	0.00668	0.00849	0.00546	0.00502	0.01007	0.03402	0.01903	0.31178	0.05134	0.47885	0.01374	0.00696	0.00195	0.00296	0.01168	0.00588	0.00532
12	0.01047	0.00704	0.00865	0.00883	0.01006	0.00702	0.00622	0.04675	0.09577	0.07336	0.07485	0.47008	0.03250	0.10753	0.00982	0.00265	0.00407	0.01294	0.00555	0.00587
13	0.02341	0.01009	0.01321	0.01041	0.01453	0.00920	0.00849	0.06358	0.06298	0.58787	0.11013	0.02282	0.01954	0.00792	0.00607	0.00184	0.00482	0.00653	0.00707	0.00948
14	0.00816	0.00594	0.00767	0.00743	0.00875	0.00546	0.00550	0.01068	0.01595	0.02230	0.63147	0.12500	0.09760	0.01296	0.00704	0.00193	0.00287	0.01146	0.00634	0.00546
15	0.00797	0.00603	0.00735	0.00702	0.00859	0.00541	0.00526	0.01038	0.01579	0.02146	0.55003	0.04789	0.25934	0.01293	0.00698	0.00190	0.00285	0.01122	0.00621	0.00541
16	0.00880	0.00645	0.00805	0.00835	0.00973	0.00617	0.00631	0.01186	0.06672	0.03378	0.25621	0.26330	0.15677	0.01467	0.00723	0.00218	0.00359	0.11836	0.00587	0.00560
17	0.02565	0.00987	0.01344	0.01037	0.01479	0.00854	0.00854	0.02796	0.01692	0.72343	0.05893	0.02130	0.01665	0.00755	0.00600	0.00183	0.00492	0.00618	0.00728	0.00985
18	0.00860	0.00573	0.00645	0.00645	0.00645	0.00573	0.00358	0.00860	0.00860	0.01147	0.01863	0.03870	0.02150	0.79217	0.03010	0.00573	0.00573	0.00860	0.00358	0.00358
19	0.00799	0.00557	0.00684	0.00737	0.00775	0.00535	0.00474	0.00883	0.01085	0.01456	0.10784	0.34068	0.05227	0.35539	0.01733	0.00379	0.00440	0.02929	0.00477	0.00438
20	0.00757	0.00587	0.00677	0.00681	0.00826	0.00520	0.00493	0.00933	0.01394	0.01811	0.27978	0.15567	0.37906	0.06179	0.00847	0.00224	0.00316	0.01228	0.00571	0.00507
21	0.01102	0.00551	0.00551	0.00551	0.00689	0.00551	0.00413	0.01378	0.01240	0.02205	0.01929	0.02205	0.01516	0.00689	0.00413	0.00138	0.00276	0.00551	0.82500	0.00551
22	0.01027	0.00514	0.00770	0.00770	0.00770	0.00514	0.00514	0.00770	0.00770	0.01027	0.01027	0.01798	0.01027	0.02054	0.02311	0.82794	0.00514	0.00514	0.00257	0.00257
23	0.01665	0.01227	0.01343	0.01179	0.01533	0.01372	0.00925	0.03100	0.62523	0.14524	0.02395	0.02175	0.01749	0.00791	0.00601	0.00198	0.00474	0.00656	0.00623	0.00948
24	0.01226	0.01051	0.01226	0.00876	0.01401	0.00788	0.00701	0.01489	0.01226	0.01927	0.01051	0.01226	0.00876	0.00438	0.00438	0.00088	0.00438	0.00350	0.00350	0.82832
25	0.00840	0.00609	0.00849	0.00859	0.00931	0.00675	0.00623	0.00986	0.00940	0.01323	0.01785	0.08495	0.01841	0.24255	0.51377	0.00796	0.01220	0.00773	0.00345	0.00479
26	0.01297	0.01302	0.01856	0.01577	0.01593	0.01803	0.03202	0.01436	0.00919	0.01436	0.00787	0.01302	0.00779	0.01021	0.01908	0.00257	0.76093	0.00522	0.00260	0.00651
27	0.00842	0.00657	0.00777	0.00830	0.00953	0.00645	0.00589	0.01212	0.12653	0.01743	0.09111	0.46018	0.18605	0.01566	0.00715	0.00221	0.00349	0.01387	0.00565	0.00561
28	0.00860	0.00573	0.00645	0.00645	0.00645	0.00573	0.00358	0.00860	0.00860	0.01147	0.01863	0.03870	0.02150	0.79217	0.03010	0.00573	0.00573	0.00860	0.00358	0.00358
29	0.07114	0.01634	0.01645	0.01289	0.01727	0.06289	0.01056	0.60796	0.02519	0.03437	0.01382	0.01415	0.00997	0.00693	0.00564	0.00174	0.00643	0.00511	0.05177	0.00938
30	0.00704	0.00579	0.00619	0.00651	0.00812	0.00495	0.00472	0.00843	0.01298	0.01577	0.05356	0.22689	0.58700	0.01580	0.00712	0.00209	0.00310	0.01349	0.00549	0.00495
31	0.00941	0.00553	0.00793	0.00850	0.00891	0.00544	0.00618	0.00891	0.01003	0.01332	0.04404	0.18852	0.02289	0.01894	0.01612	0.45117	0.00477	0.16169	0.00393	0.00375
32	0.01186	0.03059	0.76153	0.01686	0.02560	0.01373	0.02185	0.01873	0.01249	0.01873	0.01061	0.01249	0.00749	0.00562	0.00562	0.00187	0.00874	0.00437	0.00250	0.00874
33	0.00721	0.00515	0.00686	0.00823	0.00858	0.00480	0.00549	0.00823	0.01132	0.01510	0.03259	0.78831	0.03911	0.01853	0.00755	0.00240	0.00343	0.01681	0.00549	0.00480
34	0.01763	0.01385	0.01424	0.01217	0.01568	0.06148	0.00963	0.22826	0.35903	0.08177	0.02032	0.02225	0.01589	0.05568	0.00751	0.00216	0.00570	0.04212	0.00572	0.00890
35	0.01047	0.00666	0.00777	0.00717	0.00941	0.00576	0.00553	0.01245	0.01487	0.13491	0.23218	0.04803	0.44306	0.01305	0.00684	0.00195	0.00331	0.02458	0.00604	0.00595
36	0.01269	0.01257	0.01763	0.01519	0.01525	0.01751	0.01263	0.01403	0.00908	0.01420	0.00822	0.01352	0.00816	0.01227	0.06164	0.00298	0.73820	0.00524	0.00262	0.00640
37	0.01391	0.01326	0.01822	0.01537	0.01602	0.01786	0.02630	0.09292	0.01120	0.01682	0.00871	0.01334	0.00818	0.01059	0.03295	0.00263	0.66663	0.00525	0.00297	0.00686
38	0.04827	0.04811	0.01739	0.01413	0.01798	0.39784	0.01114	0.32836	0.02112	0.02462	0.01125	0.01211	0.00862	0.00647	0.00548	0.00163	0.00854	0.00442	0.00428	0.00824
39	0.07370	0.05336	0.04068	0.01209	0.01634	0.03943	0.01012	0.45017	0.05598	0.03021	0.05536	0.01694	0.01311	0.05472	0.00709	0.00196	0.00612	0.00547	0.00517	0.05200
40	0.01263	0.01099	0.05916	0.01152	0.01371	0.03591	0.00970	0.07782	0.05670	0.07176	0.01515	0.01972	0.01296	0.02807	0.42947	0.00617	0.11219	0.00588	0.00377	0.00672
41	0.00983	0.00689	0.00819	0.00817	0.00894	0.00706	0.00553	0.09031	0.01183	0.01583	0.02243	0.23491	0.02524	0.40834	0.06371	0.00445	0.00579	0.05324	0.00444	0.00484
42	0.01382	0.01372	0.01865	0.06340	0.01808	0.05255	0.05028	0.06230	0.01109	0.01604	0.00885	0.01352	0.00816	0.01028	0.03620	0.00260	0.58555	0.00525	0.00287	0.00678
43	0.01582	0.09791	0.09246	0.01755	0.02202	0.13743	0.24900	0.09564	0.01465	0.01882	0.01067	0.01356	0.00857	0.00733	0.02890	0.00207	0.12565	0.00526	0.00318	0.03349
44	0.00817	0.00589	0.00753	0.00747	0.00873	0.00541	0.00552	0.01020	0.01487	0.02039	0.48462	0.14539	0.15007	0.01405	0.00810	0.05365	0.00314	0.03565	0.00594	0.00520
45	0.00746	0.00537	0.00701	0.00823	0.00875	0.00503	0.00568	0.00861	0.01152	0.01519	0.03351	0.64492	0.08247	0.05591	0.00867	0.00257	0.00369	0.07522	0.00539	0.00481
