[name]
unknown

[dist]
# distance from previous block
# <min> <max>
1	557

[block]
# block no. 0 follows, 40 sequences, length 6
# corresponding to MSA columns:
# 568-573
name=unknown_A
#
# <colnr> <probs for GDERKNQSTAVLIFYWHMCP>
#	G	D	E	R	K	N	Q	S	T	A	V	L	I	F	Y	W	H	M	C	P
0	0.01812	0.34325	0.05199	0.01200	0.01604	0.13795	0.01076	0.06381	0.04356	0.13891	0.01169	0.01253	0.00918	0.00638	0.00644	0.00161	0.09999	0.00421	0.00369	0.00788
1	0.08285	0.68630	0.02780	0.01008	0.01482	0.06943	0.00973	0.01775	0.01195	0.01473	0.00814	0.00941	0.00737	0.00507	0.00382	0.00131	0.00635	0.00315	0.00261	0.00732
2	0.01021	0.00624	0.00813	0.00770	0.00912	0.00575	0.00561	0.01229	0.01469	0.10918	0.46519	0.16288	0.04347	0.10196	0.00943	0.00235	0.00344	0.01071	0.00600	0.00567
3	0.02080	0.01505	0.18946	0.01205	0.01731	0.01068	0.01168	0.02644	0.13585	0.46766	0.02013	0.01835	0.01330	0.00692	0.00578	0.00184	0.00574	0.00560	0.00588	0.00948
4	0.01522	0.00788	0.00968	0.00827	0.01121	0.00702	0.00654	0.01810	0.05835	0.31536	0.16781	0.03730	0.29172	0.01082	0.00641	0.00187	0.00380	0.00906	0.00633	0.00725
5	0.00952	0.00755	0.00929	0.00810	0.01078	0.00622	0.00606	0.01168	0.01301	0.01895	0.22453	0.25194	0.03034	0.01054	0.00594	0.00158	0.00359	0.00929	0.00485	0.35623

[dist]
# distance from previous block
# <min> <max>
0	4

[block]
# block no. 1 follows, 40 sequences, length 13
# corresponding to MSA columns:
# 578-590
name=unknown_B
#
# <colnr> <probs for GDERKNQSTAVLIFYWHMCP>
#	G	D	E	R	K	N	Q	S	T	A	V	L	I	F	Y	W	H	M	C	P
0	0.06136	0.68704	0.02802	0.01027	0.01499	0.08915	0.00986	0.01791	0.01213	0.01441	0.00817	0.00944	0.00740	0.00509	0.00386	0.00130	0.00650	0.00317	0.00259	0.00733
1	0.07545	0.00699	0.00754	0.00720	0.00793	0.00726	0.00455	0.07423	0.01045	0.01498	0.01813	0.08917	0.02024	0.60531	0.02378	0.00474	0.00545	0.00834	0.00387	0.00440
2	0.01880	0.01371	0.01476	0.01168	0.01520	0.01503	0.00923	0.56278	0.02277	0.03050	0.01502	0.01980	0.01261	0.19801	0.01158	0.00269	0.00621	0.00602	0.00526	0.00835
3	0.00716	0.00509	0.00672	0.00800	0.00831	0.00478	0.00529	0.00812	0.01098	0.01464	0.03126	0.74827	0.03746	0.06315	0.00870	0.00255	0.00350	0.01606	0.00529	0.00465
4	0.02521	0.01037	0.01428	0.01206	0.06222	0.00921	0.00922	0.05253	0.01680	0.69075	0.02187	0.01925	0.01391	0.00706	0.00584	0.00179	0.00512	0.00578	0.00688	0.00985
5	0.01583	0.01665	0.05239	0.03050	0.57507	0.12387	0.01661	0.06449	0.01457	0.01941	0.01083	0.01371	0.00893	0.00543	0.00568	0.00170	0.00746	0.00494	0.00306	0.00887
6	0.01388	0.01204	0.01309	0.06176	0.01640	0.01391	0.00943	0.02879	0.66593	0.02330	0.02447	0.02292	0.05211	0.00808	0.00596	0.00197	0.00473	0.00675	0.00568	0.00882
7	0.00718	0.00588	0.00617	0.00611	0.00784	0.00504	0.00449	0.00870	0.01329	0.01634	0.14676	0.05288	0.60563	0.07761	0.00871	0.00224	0.00314	0.01173	0.00538	0.00487
8	0.05725	0.01446	0.01627	0.07415	0.01833	0.03328	0.01108	0.46738	0.02102	0.02885	0.01365	0.07091	0.01126	0.00811	0.00784	0.00192	0.12501	0.00591	0.00486	0.00846
9	0.07611	0.01518	0.06150	0.09598	0.44340	0.04492	0.01563	0.13947	0.01530	0.02189	0.01108	0.01378	0.00881	0.00561	0.00558	0.00175	0.00696	0.00493	0.00338	0.00873
10	0.00741	0.00592	0.00671	0.00708	0.00869	0.00522	0.00545	0.00911	0.01321	0.01638	0.09617	0.15225	0.49602	0.01522	0.00714	0.00213	0.00339	0.13203	0.00546	0.00500
11	0.01166	0.03008	0.76550	0.01657	0.02517	0.01351	0.02149	0.01842	0.01228	0.01842	0.01044	0.01228	0.00737	0.00552	0.00552	0.00184	0.00859	0.00430	0.00246	0.00859
12	0.47792	0.04072	0.29506	0.01102	0.01648	0.01329	0.01208	0.01750	0.01092	0.02271	0.00929	0.01086	0.00698	0.00547	0.00434	0.00179	0.00604	0.00365	0.02670	0.00717

[dist]
# distance from previous block
# <min> <max>
13	231

# created by:
# /software/SequenceAnalysis/GenePrediction/augustus/3.0.1/scripts/msa2prfl.pl ./fixed/BUSCOvEOG7XWHC3.fas
