[name]
unknown

[dist]
# distance from previous block
# <min> <max>
0	614

[block]
# block no. 0 follows, 39 sequences, length 15
# corresponding to MSA columns:
# 629-643
name=unknown_A
#
# <colnr> <probs for GDERKNQSTAVLIFYWHMCP>
#	G	D	E	R	K	N	Q	S	T	A	V	L	I	F	Y	W	H	M	C	P
0	0.01056	0.00879	0.01310	0.01247	0.01444	0.00914	0.09803	0.01530	0.12518	0.01825	0.02700	0.19574	0.02831	0.01383	0.00808	0.00245	0.04089	0.34703	0.00511	0.00628
1	0.01993	0.02416	0.01687	0.01568	0.04342	0.57814	0.01166	0.04538	0.01562	0.01534	0.00953	0.01185	0.00814	0.00857	0.04516	0.00208	0.11426	0.00422	0.00308	0.00692
2	0.01226	0.01051	0.01226	0.00876	0.01401	0.00788	0.00701	0.01489	0.01226	0.01927	0.01051	0.01226	0.00876	0.00438	0.00438	0.00088	0.00438	0.00350	0.00350	0.82832
3	0.00837	0.00604	0.00790	0.00744	0.00883	0.00558	0.00558	0.01116	0.01674	0.02371	0.75216	0.04417	0.05580	0.01209	0.00697	0.00186	0.00279	0.01069	0.00651	0.00558
4	0.01464	0.01398	0.02342	0.03497	0.71480	0.01409	0.01767	0.01888	0.05346	0.01962	0.01183	0.01504	0.00984	0.00542	0.00586	0.00177	0.00690	0.00535	0.00310	0.00937
5	0.00814	0.00604	0.00758	0.00720	0.00869	0.00548	0.00540	0.01071	0.01619	0.02241	0.63532	0.04632	0.17345	0.01258	0.00698	0.00188	0.00282	0.01100	0.00634	0.00548
6	0.01226	0.01051	0.01226	0.00876	0.01401	0.00788	0.00701	0.01489	0.01226	0.01927	0.01051	0.01226	0.00876	0.00438	0.00438	0.00088	0.00438	0.00350	0.00350	0.82832
7	0.83394	0.01144	0.00869	0.00778	0.01144	0.01327	0.00640	0.01738	0.01006	0.02653	0.00823	0.00961	0.00640	0.00549	0.00366	0.00183	0.00457	0.00320	0.00366	0.00640
8	0.01186	0.03059	0.76153	0.01686	0.02560	0.01373	0.02185	0.01873	0.01249	0.01873	0.01061	0.01249	0.00749	0.00562	0.00562	0.00187	0.00874	0.00437	0.00250	0.00874
9	0.01102	0.00551	0.00551	0.00551	0.00689	0.00551	0.00413	0.01378	0.01240	0.02205	0.01929	0.02205	0.01516	0.00689	0.00413	0.00138	0.00276	0.00551	0.82500	0.00551
10	0.01102	0.00551	0.00551	0.00551	0.00689	0.00551	0.00413	0.01378	0.01240	0.02205	0.01929	0.02205	0.01516	0.00689	0.00413	0.00138	0.00276	0.00551	0.82500	0.00551
11	0.01226	0.01051	0.01226	0.00876	0.01401	0.00788	0.00701	0.01489	0.01226	0.01927	0.01051	0.01226	0.00876	0.00438	0.00438	0.00088	0.00438	0.00350	0.00350	0.82832
12	0.00846	0.00603	0.00773	0.00742	0.00858	0.00566	0.00542	0.01078	0.01523	0.02138	0.59677	0.04424	0.04906	0.14393	0.01093	0.00255	0.00340	0.04122	0.00597	0.00524
13	0.01102	0.00551	0.00551	0.00551	0.00689	0.00551	0.00413	0.01378	0.01240	0.02205	0.01929	0.02205	0.01516	0.00689	0.00413	0.00138	0.00276	0.00551	0.82500	0.00551
14	0.01186	0.03059	0.76153	0.01686	0.02560	0.01373	0.02185	0.01873	0.01249	0.01873	0.01061	0.01249	0.00749	0.00562	0.00562	0.00187	0.00874	0.00437	0.00250	0.00874

[dist]
# distance from previous block
# <min> <max>
4	49

[block]
# block no. 1 follows, 39 sequences, length 29
# corresponding to MSA columns:
# 693-721
name=unknown_B
#
# <colnr> <probs for GDERKNQSTAVLIFYWHMCP>
#	G	D	E	R	K	N	Q	S	T	A	V	L	I	F	Y	W	H	M	C	P
0	0.01102	0.00551	0.00551	0.00551	0.00689	0.00551	0.00413	0.01378	0.01240	0.02205	0.01929	0.02205	0.01516	0.00689	0.00413	0.00138	0.00276	0.00551	0.82500	0.00551
1	0.05965	0.01260	0.01322	0.01094	0.01473	0.04471	0.00863	0.18686	0.21088	0.06289	0.01807	0.07593	0.02805	0.00812	0.00621	0.03107	0.00520	0.00614	0.00508	0.19102
2	0.41546	0.22264	0.11230	0.01016	0.01496	0.01632	0.00987	0.08049	0.01265	0.04571	0.00952	0.01067	0.00743	0.00559	0.00421	0.00168	0.00576	0.00361	0.00352	0.00745
3	0.00771	0.00584	0.00826	0.10714	0.01271	0.00587	0.00689	0.00912	0.01139	0.01510	0.02976	0.68903	0.03510	0.01691	0.00734	0.00235	0.00400	0.01533	0.00512	0.00503
4	0.14941	0.01244	0.05833	0.04364	0.38288	0.01176	0.01344	0.01588	0.01270	0.01965	0.01868	0.06479	0.08858	0.00811	0.00591	0.00193	0.00598	0.07454	0.00366	0.00769
5	0.01442	0.01265	0.02088	0.36407	0.11169	0.01391	0.14544	0.10798	0.05593	0.05923	0.01318	0.03121	0.01006	0.00626	0.00614	0.00193	0.00758	0.00592	0.00364	0.00788
6	0.51053	0.04427	0.01078	0.00884	0.01211	0.01252	0.00727	0.06958	0.01171	0.06431	0.01120	0.01356	0.00905	0.01435	0.17435	0.00351	0.00733	0.00421	0.00387	0.00668
7	0.01102	0.00551	0.00551	0.00551	0.00689	0.00551	0.00413	0.01378	0.01240	0.02205	0.01929	0.02205	0.01516	0.00689	0.00413	0.00138	0.00276	0.00551	0.82500	0.00551
8	0.01813	0.01364	0.01473	0.01238	0.01625	0.01527	0.00987	0.24530	0.46130	0.09450	0.02100	0.01950	0.01531	0.00768	0.00598	0.00192	0.00527	0.00621	0.00610	0.00964
9	0.00725	0.00518	0.00690	0.00820	0.00859	0.00483	0.00549	0.00834	0.01152	0.01542	0.05925	0.76074	0.03973	0.01829	0.00753	0.00238	0.00341	0.01659	0.00553	0.00483
10	0.01572	0.44812	0.07984	0.01580	0.05913	0.09812	0.17266	0.01869	0.01305	0.01571	0.00947	0.01153	0.00799	0.00520	0.00490	0.00152	0.00779	0.00427	0.00271	0.00777
11	0.01102	0.00551	0.00551	0.00551	0.00689	0.00551	0.00413	0.01378	0.01240	0.02205	0.01929	0.02205	0.01516	0.00689	0.00413	0.00138	0.00276	0.00551	0.82500	0.00551
12	0.01395	0.01058	0.01245	0.00922	0.01415	0.00851	0.00737	0.03422	0.05399	0.09496	0.01328	0.03569	0.01077	0.00535	0.00476	0.00110	0.00449	0.00435	0.00415	0.65669
13	0.00980	0.00673	0.00782	0.00774	0.00832	0.00686	0.00516	0.06365	0.01089	0.01445	0.02045	0.04161	0.02276	0.60208	0.02458	0.00493	0.00574	0.12799	0.00407	0.00438
14	0.83394	0.01144	0.00869	0.00778	0.01144	0.01327	0.00640	0.01738	0.01006	0.02653	0.00823	0.00961	0.00640	0.00549	0.00366	0.00183	0.00457	0.00320	0.00366	0.00640
15	0.00882	0.00626	0.00770	0.00755	0.00775	0.00676	0.00484	0.00930	0.00880	0.01206	0.01748	0.03427	0.01943	0.60467	0.17063	0.00627	0.05191	0.00797	0.00345	0.00407
16	0.01028	0.01287	0.14065	0.01590	0.06020	0.00963	0.21118	0.01351	0.01237	0.01701	0.02200	0.40115	0.02381	0.01187	0.00697	0.00216	0.00633	0.01136	0.00415	0.00660
17	0.01450	0.01273	0.01478	0.05783	0.09771	0.01455	0.01072	0.02905	0.62338	0.02360	0.02189	0.02090	0.01653	0.00760	0.00599	0.00198	0.00512	0.00645	0.00549	0.00920
18	0.01591	0.74582	0.03012	0.01046	0.01529	0.04645	0.01025	0.01778	0.01207	0.01394	0.00824	0.00964	0.00760	0.00527	0.00436	0.00132	0.03219	0.00325	0.00255	0.00753
19	0.02063	0.18439	0.01642	0.00993	0.01402	0.01154	0.00845	0.02316	0.03597	0.44874	0.06263	0.06612	0.05619	0.00816	0.00568	0.00175	0.00498	0.00659	0.00597	0.00867
20	0.01192	0.01160	0.01794	0.01499	0.01597	0.01464	0.11691	0.01366	0.00988	0.01461	0.01161	0.05862	0.01176	0.10146	0.08047	0.00342	0.47484	0.00655	0.00296	0.00618
21	0.32942	0.02121	0.01376	0.01232	0.01569	0.44187	0.00952	0.05989	0.01482	0.02028	0.00907	0.01046	0.00729	0.00592	0.00473	0.00165	0.00813	0.00366	0.00343	0.00686
22	0.01102	0.00551	0.00551	0.00551	0.00689	0.00551	0.00413	0.01378	0.01240	0.02205	0.01929	0.02205	0.01516	0.00689	0.00413	0.00138	0.00276	0.00551	0.82500	0.00551
23	0.01219	0.07063	0.69096	0.01733	0.05636	0.01426	0.02107	0.01865	0.01250	0.01850	0.01051	0.01242	0.00758	0.00557	0.00553	0.00184	0.00854	0.00434	0.00252	0.00871
24	0.00776	0.00629	0.00693	0.00681	0.00861	0.00562	0.00509	0.01033	0.04990	0.01849	0.24770	0.09200	0.48535	0.01404	0.00697	0.00198	0.00304	0.01194	0.00580	0.00536
25	0.01102	0.00551	0.00551	0.00551	0.00689	0.00551	0.00413	0.01378	0.01240	0.02205	0.01929	0.02205	0.01516	0.00689	0.00413	0.00138	0.00276	0.00551	0.82500	0.00551
26	0.01312	0.02090	0.28949	0.04888	0.02939	0.01446	0.45823	0.01873	0.01337	0.01873	0.01144	0.01473	0.00841	0.00524	0.00646	0.00195	0.00946	0.00600	0.00280	0.00819
27	0.01102	0.00551	0.00551	0.00551	0.00689	0.00551	0.00413	0.01378	0.01240	0.02205	0.01929	0.02205	0.01516	0.00689	0.00413	0.00138	0.00276	0.00551	0.82500	0.00551
28	0.01369	0.01186	0.01774	0.60772	0.03574	0.01430	0.01527	0.17557	0.01538	0.02005	0.01133	0.01542	0.00837	0.00618	0.00591	0.00193	0.00758	0.00527	0.00336	0.00735

[dist]
# distance from previous block
# <min> <max>
0	2

[block]
# block no. 2 follows, 39 sequences, length 60
# corresponding to MSA columns:
# 724-783
name=unknown_C
#
# <colnr> <probs for GDERKNQSTAVLIFYWHMCP>
#	G	D	E	R	K	N	Q	S	T	A	V	L	I	F	Y	W	H	M	C	P
0	0.01190	0.01021	0.01222	0.00933	0.01350	0.00879	0.00744	0.01512	0.04826	0.01971	0.11374	0.01722	0.01565	0.00615	0.00613	0.00122	0.07203	0.00480	0.00396	0.60262
1	0.01391	0.01310	0.02130	0.09101	0.55875	0.01282	0.01592	0.01729	0.01311	0.01897	0.01096	0.01428	0.00913	0.00515	0.00558	0.00161	0.00660	0.00494	0.00301	0.16254
2	0.01464	0.01405	0.02400	0.03630	0.75528	0.01405	0.01815	0.01815	0.01347	0.01932	0.01112	0.01464	0.00937	0.00527	0.00585	0.00176	0.00703	0.00527	0.00293	0.00937
3	0.01102	0.00551	0.00551	0.00551	0.00689	0.00551	0.00413	0.01378	0.01240	0.02205	0.01929	0.02205	0.01516	0.00689	0.00413	0.00138	0.00276	0.00551	0.82500	0.00551
4	0.01202	0.01139	0.01928	0.59481	0.21718	0.01336	0.01685	0.01586	0.01223	0.01615	0.01066	0.01549	0.00825	0.00575	0.00590	0.00192	0.00767	0.00526	0.00270	0.00726
5	0.01339	0.01064	0.01242	0.00919	0.01411	0.00857	0.00733	0.04525	0.04877	0.06058	0.01284	0.04203	0.01071	0.00535	0.00472	0.00108	0.00448	0.00436	0.00401	0.68018
6	0.00895	0.00676	0.00781	0.00779	0.00952	0.00639	0.00579	0.01246	0.09969	0.04277	0.19436	0.21090	0.31672	0.01412	0.00699	0.00207	0.00338	0.03193	0.00583	0.00577
7	0.01095	0.00842	0.00916	0.00837	0.01087	0.00832	0.00652	0.08567	0.14448	0.05070	0.14065	0.04370	0.39853	0.01232	0.00671	0.00198	0.00379	0.03646	0.00584	0.00656
8	0.01102	0.00551	0.00551	0.00551	0.00689	0.00551	0.00413	0.01378	0.01240	0.02205	0.01929	0.02205	0.01516	0.00689	0.00413	0.00138	0.00276	0.00551	0.82500	0.00551
9	0.01588	0.54521	0.08488	0.01104	0.01604	0.02020	0.01083	0.02097	0.14954	0.05709	0.01221	0.01266	0.00993	0.00578	0.00447	0.00148	0.00614	0.00407	0.00344	0.00815
10	0.01464	0.01405	0.02400	0.03630	0.75528	0.01405	0.01815	0.01815	0.01347	0.01932	0.01112	0.01464	0.00937	0.00527	0.00585	0.00176	0.00703	0.00527	0.00293	0.00937
11	0.01152	0.08387	0.01371	0.01092	0.01266	0.01225	0.00876	0.03968	0.14790	0.01650	0.01551	0.02090	0.01392	0.08273	0.35196	0.00566	0.13534	0.00605	0.00367	0.00649
12	0.01102	0.00551	0.00551	0.00551	0.00689	0.00551	0.00413	0.01378	0.01240	0.02205	0.01929	0.02205	0.01516	0.00689	0.00413	0.00138	0.00276	0.00551	0.82500	0.00551
13	0.01226	0.01051	0.01226	0.00876	0.01401	0.00788	0.00701	0.01489	0.01226	0.01927	0.01051	0.01226	0.00876	0.00438	0.00438	0.00088	0.00438	0.00350	0.00350	0.82832
14	0.00818	0.00571	0.00726	0.00764	0.00797	0.00586	0.00497	0.00895	0.00955	0.01298	0.02183	0.24106	0.02481	0.40947	0.19203	0.00568	0.00740	0.01034	0.00401	0.00430
15	0.83394	0.01144	0.00869	0.00778	0.01144	0.01327	0.00640	0.01738	0.01006	0.02653	0.00823	0.00961	0.00640	0.00549	0.00366	0.00183	0.00457	0.00320	0.00366	0.00640
16	0.00831	0.00613	0.00889	0.00906	0.00993	0.00691	0.00680	0.01009	0.00965	0.01369	0.01819	0.11988	0.01844	0.11146	0.60456	0.00827	0.01335	0.00785	0.00350	0.00506
17	0.00750	0.00543	0.00710	0.00799	0.00868	0.00503	0.00554	0.00898	0.01268	0.01710	0.19234	0.56919	0.08170	0.01687	0.00740	0.00227	0.00331	0.03018	0.00571	0.00500
18	0.01391	0.01331	0.02269	0.19187	0.60539	0.01386	0.01779	0.01751	0.01312	0.01844	0.01100	0.01487	0.00906	0.00540	0.00587	0.00180	0.00721	0.00527	0.00286	0.00878
19	0.02211	0.02763	0.01681	0.01516	0.01828	0.73279	0.01142	0.05744	0.01728	0.01556	0.00938	0.01083	0.00773	0.00614	0.00536	0.00154	0.01047	0.00388	0.00318	0.00701
20	0.01464	0.01405	0.02400	0.03630	0.75528	0.01405	0.01815	0.01815	0.01347	0.01932	0.01112	0.01464	0.00937	0.00527	0.00585	0.00176	0.00703	0.00527	0.00293	0.00937
21	0.01294	0.01294	0.01811	0.01553	0.01553	0.01811	0.01294	0.01423	0.00906	0.01423	0.00776	0.01294	0.00776	0.01035	0.01941	0.00259	0.78134	0.00518	0.00259	0.00647
22	0.81243	0.01157	0.00893	0.00793	0.01162	0.01340	0.00653	0.03642	0.01053	0.02682	0.00839	0.00973	0.00650	0.00553	0.00372	0.00183	0.00463	0.00326	0.00372	0.00650
23	0.01102	0.00551	0.00551	0.00551	0.00689	0.00551	0.00413	0.01378	0.01240	0.02205	0.01929	0.02205	0.01516	0.00689	0.00413	0.00138	0.00276	0.00551	0.82500	0.00551
24	0.01481	0.55845	0.24139	0.01217	0.01825	0.03671	0.01353	0.01813	0.01225	0.01531	0.00893	0.01038	0.00756	0.00524	0.00435	0.00145	0.00711	0.00352	0.00253	0.00791
25	0.00820	0.00668	0.00742	0.00765	0.00951	0.00619	0.00597	0.01128	0.07811	0.01723	0.06885	0.10868	0.48155	0.01479	0.00716	0.00216	0.00363	0.14391	0.00556	0.00547
26	0.01102	0.00551	0.00551	0.00551	0.00689	0.00551	0.00413	0.01378	0.01240	0.02205	0.01929	0.02205	0.01516	0.00689	0.00413	0.00138	0.00276	0.00551	0.82500	0.00551
27	0.01117	0.01051	0.01774	0.77795	0.04073	0.01314	0.01642	0.01511	0.01182	0.01511	0.01051	0.01577	0.00788	0.00591	0.00591	0.00197	0.00788	0.00526	0.00263	0.00657
28	0.01102	0.00551	0.00551	0.00551	0.00689	0.00551	0.00413	0.01378	0.01240	0.02205	0.01929	0.02205	0.01516	0.00689	0.00413	0.00138	0.00276	0.00551	0.82500	0.00551
29	0.01306	0.01234	0.02087	0.09370	0.51989	0.01240	0.04959	0.01648	0.01379	0.01936	0.11372	0.02099	0.05437	0.00674	0.00612	0.00181	0.00646	0.00646	0.00352	0.00832
30	0.01439	0.01380	0.02355	0.08991	0.70362	0.01399	0.01802	0.01793	0.01335	0.01902	0.01108	0.01472	0.00926	0.00532	0.00586	0.00177	0.00709	0.00527	0.00291	0.00917
31	0.01102	0.00551	0.00551	0.00551	0.00689	0.00551	0.00413	0.01378	0.01240	0.02205	0.01929	0.02205	0.01516	0.00689	0.00413	0.00138	0.00276	0.00551	0.82500	0.00551
32	0.01231	0.01065	0.01284	0.00917	0.01444	0.00806	0.02551	0.01499	0.01231	0.01926	0.01055	0.01236	0.00876	0.00440	0.00445	0.00090	0.00452	0.00359	0.00349	0.80743
33	0.01217	0.07296	0.57714	0.01493	0.02280	0.01322	0.01836	0.01795	0.01242	0.01854	0.01045	0.01226	0.00773	0.00535	0.00528	0.00165	0.00778	0.00413	0.00269	0.16219
34	0.00832	0.00566	0.00736	0.00823	0.00867	0.00549	0.00553	0.00925	0.01101	0.03960	0.02903	0.58358	0.03409	0.16280	0.01202	0.00302	0.02290	0.03351	0.00512	0.00481
35	0.01394	0.01148	0.01316	0.04281	0.01567	0.01085	0.00842	0.13616	0.15190	0.02274	0.01548	0.07849	0.01318	0.00674	0.00527	0.00141	0.00486	0.00557	0.00450	0.43737
36	0.01102	0.00551	0.00551	0.00551	0.00689	0.00551	0.00413	0.01378	0.01240	0.02205	0.01929	0.02205	0.01516	0.00689	0.00413	0.00138	0.00276	0.00551	0.82500	0.00551
37	0.07528	0.23060	0.02074	0.01231	0.01700	0.04431	0.01061	0.46639	0.02191	0.02938	0.01199	0.01248	0.00905	0.00640	0.00516	0.00163	0.00647	0.00454	0.00474	0.00903
38	0.01464	0.01405	0.02400	0.03630	0.75528	0.01405	0.01815	0.01815	0.01347	0.01932	0.01112	0.01464	0.00937	0.00527	0.00585	0.00176	0.00703	0.00527	0.00293	0.00937
39	0.01003	0.00793	0.00942	0.00880	0.01066	0.00829	0.00696	0.01332	0.08747	0.05798	0.10527	0.04313	0.38814	0.01447	0.04572	0.00247	0.11194	0.05676	0.00522	0.00602
40	0.01102	0.00551	0.00551	0.00551	0.00689	0.00551	0.00413	0.01378	0.01240	0.02205	0.01929	0.02205	0.01516	0.00689	0.00413	0.00138	0.00276	0.00551	0.82500	0.00551
41	0.01376	0.01126	0.01283	0.00952	0.01437	0.00960	0.00763	0.14823	0.01517	0.02233	0.01411	0.04037	0.04282	0.00582	0.00489	0.00114	0.00468	0.00468	0.00411	0.61270
42	0.01062	0.05027	0.04178	0.00994	0.01155	0.07758	0.00789	0.01241	0.01274	0.05119	0.04504	0.45208	0.03149	0.01502	0.00709	0.00226	0.00492	0.14536	0.00509	0.00570
43	0.83394	0.01144	0.00869	0.00778	0.01144	0.01327	0.00640	0.01738	0.01006	0.02653	0.00823	0.00961	0.00640	0.00549	0.00366	0.00183	0.00457	0.00320	0.00366	0.00640
44	0.00851	0.00582	0.00704	0.00711	0.00732	0.00600	0.00439	0.00895	0.00890	0.01206	0.01877	0.07142	0.02108	0.61534	0.16738	0.00628	0.00752	0.00857	0.00360	0.00396
45	0.01330	0.01591	0.07995	0.16544	0.03239	0.01453	0.55213	0.01821	0.01346	0.01821	0.01160	0.01569	0.00867	0.00520	0.00669	0.00198	0.00950	0.00648	0.00289	0.00776
46	0.01372	0.01561	0.04680	0.02363	0.08790	0.03935	0.54283	0.01807	0.01365	0.01850	0.03053	0.05281	0.01143	0.00617	0.00751	0.00200	0.05142	0.00713	0.00316	0.00778
47	0.01716	0.63120	0.02794	0.01122	0.01584	0.18309	0.01040	0.01897	0.01303	0.01403	0.00842	0.00974	0.00760	0.00528	0.00412	0.00132	0.00725	0.00330	0.00264	0.00743
48	0.01927	0.04830	0.05876	0.15688	0.02272	0.06922	0.01271	0.46333	0.04272	0.02923	0.01300	0.01418	0.00947	0.00667	0.00578	0.00179	0.00712	0.00511	0.00478	0.00899
49	0.01289	0.01276	0.01972	0.07327	0.15653	0.01606	0.06307	0.01502	0.01054	0.01562	0.01023	0.05606	0.00987	0.00917	0.01442	0.00234	0.48662	0.00596	0.00284	0.00703
50	0.81436	0.01156	0.00891	0.00792	0.01160	0.01339	0.00652	0.03472	0.01049	0.02679	0.00838	0.00972	0.00649	0.00553	0.00371	0.00183	0.00462	0.00325	0.00371	0.00649
51	0.01102	0.00551	0.00551	0.00551	0.00689	0.00551	0.00413	0.01378	0.01240	0.02205	0.01929	0.02205	0.01516	0.00689	0.00413	0.00138	0.00276	0.00551	0.82500	0.00551
52	0.01045	0.00831	0.00951	0.03532	0.01175	0.04431	0.00702	0.11043	0.01408	0.01857	0.04656	0.56005	0.03151	0.01507	0.00699	0.00217	0.00439	0.01340	0.00527	0.04484
53	0.00783	0.00640	0.00699	0.00704	0.00886	0.00579	0.00530	0.01053	0.06287	0.01755	0.14221	0.12704	0.50798	0.01456	0.00703	0.00206	0.00324	0.04570	0.00566	0.00536
54	0.01102	0.00551	0.00551	0.00551	0.00689	0.00551	0.00413	0.01378	0.01240	0.02205	0.01929	0.02205	0.01516	0.00689	0.00413	0.00138	0.00276	0.00551	0.82500	0.00551
55	0.01353	0.01271	0.02139	0.11407	0.49660	0.01305	0.05546	0.01775	0.05156	0.01889	0.01450	0.02225	0.01296	0.00696	0.00624	0.00194	0.00695	0.10133	0.00340	0.00845
56	0.01102	0.00551	0.00551	0.00551	0.00689	0.00551	0.00413	0.01378	0.01240	0.02205	0.01929	0.02205	0.01516	0.00689	0.00413	0.00138	0.00276	0.00551	0.82500	0.00551
57	0.01165	0.01099	0.01844	0.60792	0.17325	0.01298	0.01627	0.01541	0.01220	0.01593	0.01262	0.01721	0.03818	0.00616	0.00595	0.00193	0.00753	0.00555	0.00280	0.00703
58	0.01221	0.09741	0.69772	0.01627	0.02469	0.01458	0.02083	0.01864	0.01244	0.01831	0.01040	0.01222	0.00750	0.00557	0.00546	0.00182	0.00853	0.00426	0.00250	0.00864
59	0.01300	0.00877	0.01162	0.00989	0.01239	0.00861	0.04672	0.11485	0.05235	0.11166	0.43950	0.08549	0.03910	0.01069	0.00670	0.00190	0.00410	0.00941	0.00624	0.00699

[dist]
# distance from previous block
# <min> <max>
1	4

[block]
# block no. 3 follows, 39 sequences, length 6
# corresponding to MSA columns:
# 788-793
name=unknown_D
#
# <colnr> <probs for GDERKNQSTAVLIFYWHMCP>
#	G	D	E	R	K	N	Q	S	T	A	V	L	I	F	Y	W	H	M	C	P
0	0.02180	0.01211	0.01431	0.01132	0.01562	0.01215	0.00922	0.22118	0.14531	0.36672	0.02234	0.02043	0.05191	0.00766	0.00594	0.00182	0.00524	0.00614	0.00646	0.04231
1	0.01964	0.01464	0.01582	0.01269	0.01698	0.01611	0.01028	0.42972	0.26336	0.07159	0.01778	0.01703	0.01289	0.00729	0.00588	0.00181	0.00572	0.00572	0.00591	0.04915
2	0.01640	0.00978	0.01171	0.01001	0.01330	0.00967	0.00786	0.02345	0.25655	0.25790	0.14943	0.07314	0.06024	0.00923	0.00619	0.00187	0.00429	0.00782	0.00629	0.06487
3	0.32045	0.01005	0.00991	0.00892	0.01210	0.01079	0.00716	0.01977	0.16882	0.12109	0.05957	0.02690	0.14159	0.00887	0.00547	0.00195	0.00436	0.04984	0.00521	0.00718
4	0.01404	0.01164	0.01320	0.00983	0.01480	0.01017	0.00789	0.12367	0.09306	0.02253	0.01251	0.01360	0.00995	0.00517	0.00478	0.00113	0.00473	0.00412	0.00413	0.61905
5	0.01587	0.00998	0.01227	0.00913	0.01385	0.00790	0.00735	0.01842	0.01396	0.22497	0.08110	0.01733	0.01464	0.00589	0.00505	0.00123	0.00442	0.00483	0.00483	0.52697

[dist]
# distance from previous block
# <min> <max>
0	1

[block]
# block no. 4 follows, 39 sequences, length 44
# corresponding to MSA columns:
# 795-838
name=unknown_E
#
# <colnr> <probs for GDERKNQSTAVLIFYWHMCP>
#	G	D	E	R	K	N	Q	S	T	A	V	L	I	F	Y	W	H	M	C	P
0	0.00995	0.00716	0.00874	0.00760	0.01007	0.00611	0.00583	0.01242	0.01523	0.06503	0.42627	0.03892	0.18067	0.01085	0.00640	0.00169	0.00328	0.00934	0.00576	0.16869
1	0.00953	0.00782	0.01166	0.01400	0.13744	0.00767	0.03820	0.01251	0.06072	0.01790	0.12280	0.43413	0.03334	0.01404	0.00710	0.00220	0.00443	0.05327	0.00512	0.00615
2	0.01769	0.01316	0.01455	0.01167	0.01572	0.01375	0.00935	0.38531	0.11722	0.05767	0.01766	0.11907	0.01496	0.00827	0.00587	0.00173	0.00541	0.00674	0.00549	0.15873
3	0.62640	0.01275	0.01101	0.00927	0.01320	0.01456	0.00764	0.20106	0.01460	0.02928	0.00976	0.01078	0.00734	0.00590	0.00424	0.00182	0.00507	0.00375	0.00424	0.00734
4	0.01523	0.01264	0.01524	0.01291	0.01612	0.01433	0.06234	0.12450	0.43664	0.04483	0.01992	0.02090	0.01551	0.05520	0.05365	0.00267	0.05697	0.00649	0.00528	0.00861
5	0.01102	0.00551	0.00551	0.00551	0.00689	0.00551	0.00413	0.01378	0.01240	0.02205	0.01929	0.02205	0.01516	0.00689	0.00413	0.00138	0.00276	0.00551	0.82500	0.00551
6	0.00731	0.00519	0.00683	0.00810	0.00842	0.00487	0.00535	0.00826	0.01112	0.01483	0.03157	0.73351	0.03783	0.07508	0.00920	0.00265	0.00360	0.01621	0.00535	0.00471
7	0.01942	0.01504	0.01602	0.01299	0.01717	0.01691	0.01050	0.45786	0.31049	0.03233	0.01809	0.01730	0.01321	0.00746	0.00596	0.00187	0.00579	0.00586	0.00596	0.00978
8	0.01287	0.00872	0.01103	0.01067	0.01289	0.00887	0.00899	0.15068	0.01717	0.07129	0.17622	0.04902	0.03269	0.01311	0.00735	0.00231	0.00507	0.38851	0.00588	0.00665
9	0.01742	0.59942	0.02735	0.01143	0.01597	0.21395	0.01045	0.01922	0.01323	0.01406	0.00846	0.00979	0.00760	0.00532	0.00419	0.00133	0.00743	0.00333	0.00266	0.00740
10	0.83394	0.01144	0.00869	0.00778	0.01144	0.01327	0.00640	0.01738	0.01006	0.02653	0.00823	0.00961	0.00640	0.00549	0.00366	0.00183	0.00457	0.00320	0.00366	0.00640
11	0.01252	0.01257	0.02022	0.25649	0.02549	0.01613	0.10955	0.01513	0.01058	0.01513	0.00918	0.01423	0.00796	0.00824	0.01352	0.00232	0.43594	0.00544	0.00265	0.00670
12	0.01239	0.01211	0.01833	0.29639	0.06872	0.01605	0.01453	0.01479	0.01033	0.01486	0.00897	0.01408	0.00790	0.00842	0.01365	0.00231	0.45166	0.00521	0.00262	0.00668
13	0.01179	0.01125	0.01591	0.01399	0.01426	0.01537	0.01152	0.01329	0.00917	0.01410	0.00983	0.01557	0.00956	0.01905	0.21105	0.00436	0.58556	0.00547	0.00274	0.00617
14	0.01336	0.02100	0.33814	0.04909	0.42399	0.01389	0.01968	0.01831	0.01300	0.01895	0.01089	0.01375	0.00853	0.00544	0.00576	0.00181	0.00778	0.00489	0.00274	0.00902
15	0.01949	0.02836	0.20728	0.01559	0.02015	0.54686	0.01409	0.04946	0.01609	0.01643	0.00971	0.01126	0.00768	0.00601	0.00543	0.00162	0.01001	0.00401	0.00302	0.00746
16	0.30229	0.02382	0.49556	0.01365	0.02059	0.01357	0.01639	0.01825	0.01163	0.02149	0.00977	0.01147	0.00711	0.00557	0.00493	0.00186	0.00727	0.00396	0.00291	0.00791
17	0.01263	0.12310	0.58846	0.01777	0.07786	0.01500	0.04865	0.01857	0.01256	0.01819	0.01041	0.01241	0.00770	0.00550	0.00547	0.00179	0.00837	0.00439	0.00255	0.00861
18	0.12387	0.01637	0.01658	0.01294	0.01747	0.04625	0.01064	0.61871	0.02517	0.03506	0.01326	0.01349	0.00951	0.00686	0.00561	0.00177	0.00642	0.00500	0.00552	0.00948
19	0.01027	0.00514	0.00770	0.00770	0.00770	0.00514	0.00514	0.00770	0.00770	0.01027	0.01027	0.01798	0.01027	0.02054	0.02311	0.82794	0.00514	0.00514	0.00257	0.00257
20	0.01294	0.01294	0.01811	0.01553	0.01553	0.01811	0.01294	0.01423	0.00906	0.01423	0.00776	0.01294	0.00776	0.01035	0.01941	0.00259	0.78134	0.00518	0.00259	0.00647
21	0.01581	0.79572	0.03099	0.01012	0.01518	0.02340	0.01012	0.01771	0.01202	0.01391	0.00822	0.00949	0.00759	0.00506	0.00379	0.00126	0.00632	0.00316	0.00253	0.00759
22	0.83394	0.01144	0.00869	0.00778	0.01144	0.01327	0.00640	0.01738	0.01006	0.02653	0.00823	0.00961	0.00640	0.00549	0.00366	0.00183	0.00457	0.00320	0.00366	0.00640
23	0.01102	0.00551	0.00551	0.00551	0.00689	0.00551	0.00413	0.01378	0.01240	0.02205	0.01929	0.02205	0.01516	0.00689	0.00413	0.00138	0.00276	0.00551	0.82500	0.00551
24	0.01117	0.01051	0.01774	0.77795	0.04073	0.01314	0.01642	0.01511	0.01182	0.01511	0.01051	0.01577	0.00788	0.00591	0.00591	0.00197	0.00788	0.00526	0.00263	0.00657
25	0.01303	0.25693	0.54542	0.01486	0.02251	0.01659	0.01838	0.01843	0.01235	0.01730	0.00991	0.01160	0.00752	0.00545	0.00508	0.00169	0.00803	0.00401	0.00251	0.00840
26	0.01102	0.00551	0.00551	0.00551	0.00689	0.00551	0.00413	0.01378	0.01240	0.02205	0.01929	0.02205	0.01516	0.00689	0.00413	0.00138	0.00276	0.00551	0.82500	0.00551
27	0.00845	0.00634	0.00950	0.00950	0.01056	0.00739	0.00739	0.01056	0.00950	0.01373	0.01584	0.02323	0.01478	0.04435	0.76873	0.00950	0.01584	0.00634	0.00317	0.00528
28	0.01102	0.00551	0.00551	0.00551	0.00689	0.00551	0.00413	0.01378	0.01240	0.02205	0.01929	0.02205	0.01516	0.00689	0.00413	0.00138	0.00276	0.00551	0.82500	0.00551
29	0.01166	0.01132	0.01669	0.01450	0.01501	0.01475	0.06388	0.01316	0.00995	0.01478	0.01392	0.19579	0.01524	0.01188	0.01571	0.00250	0.54173	0.00805	0.00330	0.00619
30	0.02240	0.02341	0.01698	0.01448	0.01817	0.47673	0.01125	0.27180	0.02061	0.05225	0.01147	0.01227	0.00875	0.00649	0.00556	0.00162	0.00899	0.00442	0.00422	0.00810
31	0.83394	0.01144	0.00869	0.00778	0.01144	0.01327	0.00640	0.01738	0.01006	0.02653	0.00823	0.00961	0.00640	0.00549	0.00366	0.00183	0.00457	0.00320	0.00366	0.00640
32	0.01142	0.01077	0.01820	0.72332	0.09336	0.01321	0.01655	0.01533	0.01195	0.01542	0.01056	0.01568	0.00799	0.00587	0.00591	0.00196	0.00782	0.00526	0.00265	0.00678
33	0.01186	0.03059	0.76153	0.01686	0.02560	0.01373	0.02185	0.01873	0.01249	0.01873	0.01061	0.01249	0.00749	0.00562	0.00562	0.00187	0.00874	0.00437	0.00250	0.00874
34	0.00953	0.00681	0.00953	0.01089	0.01225	0.00681	0.00953	0.01225	0.01361	0.01770	0.03131	0.06671	0.03403	0.01634	0.00817	0.00272	0.00545	0.71547	0.00545	0.00545
35	0.01102	0.00551	0.00551	0.00551	0.00689	0.00551	0.00413	0.01378	0.01240	0.02205	0.01929	0.02205	0.01516	0.00689	0.00413	0.00138	0.00276	0.00551	0.82500	0.00551
36	0.04740	0.00908	0.01208	0.00965	0.01338	0.00804	0.00782	0.02394	0.01666	0.54807	0.20926	0.02595	0.02491	0.00848	0.00614	0.00184	0.00444	0.00707	0.00700	0.00880
37	0.00721	0.00515	0.00686	0.00823	0.00858	0.00480	0.00549	0.00823	0.01132	0.01510	0.03259	0.78831	0.03911	0.01853	0.00755	0.00240	0.00343	0.01681	0.00549	0.00480
38	0.00699	0.00599	0.00599	0.00599	0.00799	0.00499	0.00449	0.00849	0.01348	0.01598	0.05991	0.05691	0.75288	0.01498	0.00699	0.00200	0.00300	0.01248	0.00549	0.00499
39	0.01701	0.01385	0.01467	0.01250	0.01625	0.01578	0.00992	0.23972	0.53255	0.02845	0.02115	0.01974	0.01569	0.00775	0.00599	0.00194	0.00522	0.00628	0.00599	0.00957
40	0.01102	0.00551	0.00551	0.00551	0.00689	0.00551	0.00413	0.01378	0.01240	0.02205	0.01929	0.02205	0.01516	0.00689	0.00413	0.00138	0.00276	0.00551	0.82500	0.00551
41	0.01266	0.01075	0.01248	0.00895	0.01418	0.00829	0.00717	0.04316	0.01287	0.01998	0.01066	0.01234	0.00881	0.00449	0.00444	0.00091	0.00446	0.00358	0.00360	0.79622
42	0.00963	0.00635	0.00838	0.00784	0.00944	0.00585	0.00601	0.01238	0.01657	0.07160	0.66278	0.04390	0.05185	0.01202	0.00698	0.00191	0.00309	0.05105	0.00650	0.00587
43	0.01226	0.01051	0.01226	0.00876	0.01401	0.00788	0.00701	0.01489	0.01226	0.01927	0.01051	0.01226	0.00876	0.00438	0.00438	0.00088	0.00438	0.00350	0.00350	0.82832

[dist]
# distance from previous block
# <min> <max>
0	392

# created by:
# /software/SequenceAnalysis/GenePrediction/augustus/3.0.1/scripts/msa2prfl.pl ./fixed/BUSCOvEOG78PNZG.fas
