[name]
unknown

[dist]
# distance from previous block
# <min> <max>
0	118

[block]
# block no. 0 follows, 40 sequences, length 20
# corresponding to MSA columns:
# 125-144
name=unknown_A
#
# <colnr> <probs for GDERKNQSTAVLIFYWHMCP>
#	G	D	E	R	K	N	Q	S	T	A	V	L	I	F	Y	W	H	M	C	P
0	0.01211	0.15934	0.41413	0.01283	0.01880	0.01297	0.01490	0.01681	0.01343	0.05065	0.19668	0.01985	0.01954	0.00709	0.00555	0.00173	0.00656	0.00571	0.00365	0.00767
1	0.01215	0.01085	0.01457	0.01066	0.01562	0.00877	0.09547	0.01558	0.04608	0.01898	0.01208	0.04733	0.01038	0.00516	0.00483	0.00111	0.00494	0.00458	0.00358	0.65728
2	0.59254	0.01409	0.01091	0.01090	0.06306	0.14996	0.00793	0.01781	0.01137	0.02291	0.00964	0.04868	0.00830	0.00613	0.00423	0.00177	0.00569	0.00406	0.00353	0.00650
3	0.02077	0.01482	0.01598	0.01251	0.01679	0.01630	0.01025	0.58161	0.09723	0.07267	0.01575	0.01557	0.01126	0.00707	0.00571	0.00174	0.00589	0.00541	0.06316	0.00951
4	0.00920	0.00664	0.00913	0.01038	0.01176	0.00657	0.00903	0.01180	0.01338	0.01729	0.03270	0.06494	0.08254	0.01597	0.00795	0.00263	0.00519	0.67220	0.00536	0.00532
5	0.01208	0.01003	0.01109	0.01030	0.01277	0.01114	0.00785	0.02338	0.48445	0.02294	0.19983	0.12013	0.02913	0.01010	0.00632	0.00199	0.00401	0.00872	0.00597	0.00777
6	0.00823	0.00594	0.00777	0.00732	0.00869	0.00549	0.00549	0.01097	0.01646	0.02332	0.75629	0.04344	0.05487	0.01189	0.00686	0.00183	0.00274	0.01052	0.00640	0.00549
7	0.01446	0.01249	0.01315	0.01183	0.01512	0.01446	0.00920	0.03090	0.74885	0.02433	0.02367	0.02170	0.01775	0.00789	0.00592	0.00197	0.00460	0.00657	0.00592	0.00920
8	0.01010	0.00505	0.00758	0.00758	0.00758	0.00505	0.00505	0.00758	0.00758	0.01010	0.01010	0.01768	0.01010	0.02020	0.02273	0.83081	0.00505	0.00505	0.00253	0.00253
9	0.01539	0.01295	0.01367	0.01202	0.01547	0.01490	0.00943	0.11674	0.66150	0.02582	0.02249	0.02076	0.01680	0.00778	0.00591	0.00194	0.00482	0.00641	0.00591	0.00929
10	0.01539	0.01295	0.01367	0.01202	0.01547	0.01490	0.00943	0.11674	0.66150	0.02582	0.02249	0.02076	0.01680	0.00778	0.00591	0.00194	0.00482	0.00641	0.00591	0.00929
11	0.01149	0.00602	0.00819	0.03318	0.00910	0.00594	0.00531	0.01064	0.00911	0.10186	0.01453	0.02496	0.01439	0.28822	0.02252	0.41554	0.00533	0.00634	0.00344	0.00390
12	0.01517	0.06153	0.01279	0.01051	0.01297	0.28296	0.00811	0.01736	0.01621	0.08746	0.37509	0.02736	0.03126	0.00892	0.00600	0.00167	0.00594	0.00721	0.00501	0.00646
13	0.01285	0.01279	0.07795	0.04935	0.18961	0.00989	0.01111	0.01604	0.01244	0.03637	0.01078	0.01295	0.00875	0.00475	0.00485	0.00121	0.00544	0.00405	0.00328	0.51554
14	0.01638	0.01163	0.01292	0.01130	0.01472	0.01283	0.00888	0.02932	0.56703	0.16764	0.06331	0.02251	0.01912	0.00797	0.00595	0.00193	0.00457	0.00665	0.00619	0.00914
15	0.02973	0.24815	0.05002	0.18282	0.05221	0.01438	0.01109	0.01615	0.01192	0.03411	0.01002	0.01244	0.00823	0.00525	0.00506	0.00140	0.03038	0.00398	0.01817	0.25450
16	0.02211	0.01629	0.01745	0.01338	0.01803	0.01803	0.01105	0.73997	0.02734	0.03665	0.01396	0.01396	0.00989	0.00698	0.00582	0.00175	0.00640	0.00524	0.00582	0.00989
17	0.01059	0.02041	0.44345	0.01498	0.08178	0.01072	0.01564	0.01554	0.01336	0.01932	0.19210	0.05650	0.06498	0.00812	0.00603	0.00186	0.00649	0.00686	0.00374	0.00752
18	0.00823	0.00594	0.00777	0.00732	0.00869	0.00549	0.00549	0.01097	0.01646	0.02332	0.75629	0.04344	0.05487	0.01189	0.00686	0.00183	0.00274	0.01052	0.00640	0.00549
19	0.01262	0.02014	0.29546	0.02123	0.06327	0.01363	0.40069	0.01788	0.01303	0.01834	0.01246	0.06076	0.01009	0.00594	0.00636	0.00193	0.00884	0.00643	0.00291	0.00799

[dist]
# distance from previous block
# <min> <max>
0	1

[block]
# block no. 1 follows, 40 sequences, length 6
# corresponding to MSA columns:
# 146-151
name=unknown_B
#
# <colnr> <probs for GDERKNQSTAVLIFYWHMCP>
#	G	D	E	R	K	N	Q	S	T	A	V	L	I	F	Y	W	H	M	C	P
0	0.00840	0.00588	0.00755	0.00755	0.00797	0.00629	0.00503	0.00923	0.00881	0.01217	0.01722	0.03194	0.01849	0.49312	0.32848	0.00713	0.00964	0.00756	0.00336	0.00419
1	0.63906	0.01247	0.01071	0.00904	0.01289	0.01426	0.00745	0.19248	0.01413	0.02865	0.00952	0.01054	0.00717	0.00578	0.00414	0.00179	0.00496	0.00366	0.00414	0.00717
2	0.00968	0.00779	0.01083	0.01020	0.01211	0.00749	0.06487	0.03678	0.08367	0.01820	0.08779	0.40817	0.03089	0.01357	0.00687	0.00210	0.00436	0.08732	0.00514	0.09215
3	0.01207	0.07464	0.04651	0.01637	0.01992	0.01225	0.34142	0.01485	0.01218	0.01680	0.06887	0.09080	0.01525	0.00932	0.00970	0.11472	0.07287	0.00721	0.03783	0.00642
4	0.25383	0.00895	0.00947	0.00818	0.01138	0.00843	0.00632	0.01415	0.01179	0.05629	0.07847	0.20033	0.01924	0.00873	0.00513	0.00162	0.00404	0.00719	0.00439	0.28206
5	0.26889	0.09485	0.01458	0.01035	0.01434	0.01477	0.00864	0.25679	0.07391	0.10488	0.07233	0.01565	0.01319	0.00677	0.00502	0.00174	0.00522	0.00496	0.00499	0.00814

[dist]
# distance from previous block
# <min> <max>
1	6

[block]
# block no. 2 follows, 40 sequences, length 6
# corresponding to MSA columns:
# 158-163
name=unknown_C
#
# <colnr> <probs for GDERKNQSTAVLIFYWHMCP>
#	G	D	E	R	K	N	Q	S	T	A	V	L	I	F	Y	W	H	M	C	P
0	0.01359	0.01094	0.01622	0.31700	0.02510	0.01228	0.07266	0.19734	0.01532	0.02033	0.05314	0.04395	0.01246	0.00934	0.00900	0.14830	0.00668	0.00600	0.00373	0.00664
1	0.02128	0.00987	0.01276	0.00992	0.01420	0.00864	0.00807	0.02476	0.07441	0.51471	0.07830	0.02043	0.01682	0.00711	0.00566	0.00165	0.00463	0.00585	0.00637	0.15455
2	0.01222	0.01394	0.09109	0.13807	0.18281	0.01279	0.22716	0.01659	0.04284	0.01753	0.01581	0.06087	0.05821	0.00847	0.03840	0.00225	0.04344	0.00676	0.00323	0.00752
3	0.69099	0.01457	0.14224	0.00922	0.01371	0.01313	0.00898	0.01733	0.01032	0.02474	0.00851	0.00995	0.00649	0.00542	0.00394	0.00181	0.00522	0.00335	0.00340	0.00670
4	0.01720	0.07216	0.01603	0.01291	0.01620	0.21191	0.01022	0.10944	0.37655	0.02174	0.01663	0.01646	0.01282	0.00723	0.00641	0.00181	0.05590	0.00535	0.00469	0.00834
5	0.01887	0.00988	0.01204	0.00977	0.01279	0.00984	0.00766	0.17221	0.01666	0.32576	0.06989	0.02371	0.01738	0.16364	0.01093	0.00254	0.03173	0.00650	0.07035	0.00786

[dist]
# distance from previous block
# <min> <max>
0	1

[block]
# block no. 3 follows, 40 sequences, length 15
# corresponding to MSA columns:
# 165-179
name=unknown_D
#
# <colnr> <probs for GDERKNQSTAVLIFYWHMCP>
#	G	D	E	R	K	N	Q	S	T	A	V	L	I	F	Y	W	H	M	C	P
0	0.01139	0.00909	0.01169	0.04382	0.01406	0.00768	0.04184	0.01396	0.03232	0.05555	0.05123	0.16709	0.11729	0.00917	0.00579	0.00157	0.00446	0.00792	0.00449	0.38959
1	0.00999	0.00681	0.00756	0.00719	0.00763	0.00692	0.00434	0.07287	0.01033	0.01382	0.01822	0.03625	0.02039	0.72267	0.02753	0.00533	0.00581	0.00826	0.00383	0.00426
2	0.00848	0.00624	0.00790	0.00765	0.00912	0.00571	0.00583	0.01095	0.01593	0.02204	0.59557	0.04734	0.14732	0.01282	0.00709	0.00198	0.00312	0.07307	0.00627	0.00557
3	0.01667	0.69179	0.02871	0.01084	0.01555	0.12371	0.01024	0.01839	0.01264	0.01406	0.00853	0.00994	0.00777	0.00533	0.00408	0.00134	0.00689	0.00331	0.00267	0.00752
4	0.60452	0.01472	0.11169	0.00990	0.01433	0.01399	0.00916	0.12180	0.01294	0.02683	0.00959	0.01093	0.00727	0.00586	0.00432	0.00185	0.00543	0.00371	0.00387	0.00729
5	0.83285	0.01146	0.00878	0.00787	0.01148	0.01320	0.00644	0.01730	0.01010	0.02633	0.00843	0.00990	0.00661	0.00561	0.00374	0.00186	0.00461	0.00326	0.00371	0.00646
6	0.01242	0.01007	0.06623	0.01047	0.06019	0.03387	0.00796	0.01503	0.03994	0.14519	0.13123	0.07571	0.29365	0.06174	0.00805	0.00219	0.00457	0.00943	0.00537	0.00668
7	0.00924	0.01341	0.23538	0.01182	0.01499	0.00816	0.04806	0.01216	0.01192	0.01653	0.02470	0.48084	0.02756	0.01379	0.00698	0.00226	0.00547	0.04602	0.00449	0.00624
8	0.04861	0.01112	0.04346	0.35899	0.18586	0.01201	0.01408	0.01468	0.01137	0.01605	0.01128	0.01639	0.00941	0.01233	0.11067	0.07565	0.03312	0.00528	0.00286	0.00677
9	0.01130	0.01056	0.01763	0.77796	0.04014	0.01308	0.01624	0.01507	0.01183	0.01516	0.01065	0.01593	0.00806	0.00602	0.00595	0.00200	0.00785	0.00527	0.00270	0.00662
10	0.01357	0.01259	0.02016	0.02888	0.56501	0.01278	0.01510	0.01857	0.10615	0.02025	0.11261	0.01921	0.01641	0.00642	0.00593	0.00177	0.00606	0.00607	0.00373	0.00871
11	0.00805	0.00571	0.00769	0.00892	0.00960	0.00553	0.00672	0.00959	0.01175	0.01550	0.03044	0.45934	0.03516	0.08242	0.00950	0.00275	0.00430	0.27696	0.00523	0.00486
12	0.00834	0.00608	0.00861	0.00861	0.00939	0.00687	0.00635	0.00991	0.00913	0.01295	0.01625	0.02659	0.01616	0.22890	0.58952	0.00843	0.01313	0.00678	0.00322	0.00478
13	0.00725	0.00601	0.00642	0.00662	0.00849	0.00518	0.00517	0.00890	0.01327	0.01597	0.05466	0.05742	0.64768	0.01493	0.00705	0.00207	0.00331	0.11923	0.00539	0.00498
14	0.01272	0.01272	0.01781	0.01527	0.01527	0.01781	0.01272	0.01399	0.00891	0.01399	0.00763	0.01272	0.00763	0.01018	0.01908	0.00254	0.78499	0.00509	0.00254	0.00636

[dist]
# distance from previous block
# <min> <max>
3	5

[block]
# block no. 4 follows, 40 sequences, length 9
# corresponding to MSA columns:
# 185-193
name=unknown_E
#
# <colnr> <probs for GDERKNQSTAVLIFYWHMCP>
#	G	D	E	R	K	N	Q	S	T	A	V	L	I	F	Y	W	H	M	C	P
0	0.05629	0.01196	0.01854	0.42455	0.09757	0.01376	0.08681	0.06381	0.13186	0.01910	0.01280	0.01600	0.00966	0.00605	0.00581	0.00191	0.00712	0.00546	0.00344	0.00750
1	0.28724	0.19625	0.01873	0.07117	0.17978	0.12661	0.01112	0.01807	0.01216	0.01912	0.00901	0.01110	0.00749	0.00537	0.00450	0.00162	0.00654	0.00382	0.00302	0.00728
2	0.00709	0.00506	0.00675	0.00810	0.00843	0.00472	0.00540	0.00810	0.01113	0.01484	0.03205	0.79184	0.03846	0.01822	0.00742	0.00236	0.00337	0.01653	0.00540	0.00472
3	0.01018	0.00870	0.01306	0.06551	0.18666	0.00887	0.03323	0.01397	0.09826	0.01751	0.06422	0.40409	0.02720	0.01239	0.00671	0.00210	0.00480	0.01135	0.00467	0.00655
4	0.01193	0.00998	0.01176	0.00854	0.01337	0.00757	0.00677	0.01417	0.01176	0.01836	0.01032	0.01243	0.00871	0.00537	0.00554	0.05624	0.00436	0.00355	0.00338	0.77589
5	0.57949	0.01108	0.01029	0.05167	0.01381	0.01241	0.00749	0.02012	0.07832	0.14934	0.01214	0.01264	0.00878	0.00595	0.00431	0.00182	0.00477	0.00403	0.00436	0.00718
6	0.01485	0.00910	0.01378	0.01101	0.01404	0.00848	0.11381	0.06261	0.01643	0.22722	0.36443	0.03075	0.03259	0.04515	0.00756	0.00201	0.00475	0.00827	0.00595	0.00724
7	0.01398	0.01459	0.04868	0.15114	0.02729	0.01499	0.35797	0.08883	0.10020	0.01989	0.01264	0.01577	0.00961	0.00619	0.00773	0.00200	0.09111	0.00611	0.00345	0.00783
8	0.00831	0.00623	0.00935	0.00935	0.01038	0.00727	0.00727	0.01038	0.00935	0.01350	0.01558	0.02285	0.01454	0.04361	0.77259	0.00935	0.01558	0.00623	0.00312	0.00519

[dist]
# distance from previous block
# <min> <max>
2	35

[block]
# block no. 5 follows, 40 sequences, length 10
# corresponding to MSA columns:
# 229-238
name=unknown_F
#
# <colnr> <probs for GDERKNQSTAVLIFYWHMCP>
#	G	D	E	R	K	N	Q	S	T	A	V	L	I	F	Y	W	H	M	C	P
0	0.00759	0.00549	0.00723	0.00810	0.00888	0.00513	0.00582	0.00919	0.01267	0.01703	0.19026	0.50297	0.08288	0.01640	0.00734	0.00226	0.00344	0.09675	0.00561	0.00497
1	0.54860	0.01023	0.00907	0.00792	0.01142	0.01080	0.00631	0.01538	0.01053	0.02306	0.01175	0.11334	0.01105	0.00685	0.00426	0.00167	0.00431	0.00498	0.00380	0.18468
2	0.19741	0.01376	0.01528	0.01237	0.01631	0.13328	0.10474	0.02293	0.06834	0.29164	0.01654	0.05591	0.01230	0.00694	0.00549	0.00181	0.00627	0.00567	0.00499	0.00802
3	0.01420	0.45540	0.15166	0.01140	0.01639	0.01857	0.01153	0.02002	0.17143	0.01686	0.01311	0.05331	0.01129	0.00639	0.00470	0.00156	0.00613	0.00476	0.00338	0.00789
4	0.02014	0.02471	0.01802	0.01947	0.17849	0.60807	0.01267	0.02206	0.01578	0.01526	0.00941	0.01133	0.00786	0.00582	0.00535	0.00155	0.00971	0.00406	0.00297	0.00728
5	0.01398	0.00994	0.01195	0.00886	0.01362	0.00769	0.00706	0.01642	0.01273	0.13737	0.01371	0.06217	0.01141	0.00564	0.00475	0.00110	0.00435	0.00465	0.00417	0.64845
6	0.01249	0.01248	0.02357	0.09570	0.25862	0.01226	0.28225	0.01637	0.01397	0.01941	0.17256	0.02127	0.01882	0.00659	0.00641	0.00186	0.00716	0.00696	0.00364	0.00764
7	0.01855	0.01058	0.01266	0.00984	0.01398	0.00972	0.00798	0.17309	0.01747	0.30242	0.06902	0.02314	0.11279	0.00781	0.00571	0.00161	0.00472	0.00634	0.00580	0.18677
8	0.11868	0.17789	0.01210	0.00820	0.00996	0.00991	0.00628	0.01143	0.01094	0.01588	0.04200	0.40632	0.02584	0.10850	0.00881	0.00243	0.00440	0.01071	0.00433	0.00540
9	0.04671	0.11472	0.01467	0.00907	0.01408	0.01042	0.00756	0.04254	0.01288	0.08236	0.01115	0.01232	0.00891	0.00478	0.00439	0.00106	0.00470	0.00366	0.00373	0.59030

[dist]
# distance from previous block
# <min> <max>
0	1

[block]
# block no. 6 follows, 40 sequences, length 9
# corresponding to MSA columns:
# 240-248
name=unknown_G
#
# <colnr> <probs for GDERKNQSTAVLIFYWHMCP>
#	G	D	E	R	K	N	Q	S	T	A	V	L	I	F	Y	W	H	M	C	P
0	0.00816	0.00607	0.00761	0.00792	0.00905	0.00539	0.00538	0.00929	0.01089	0.01503	0.02622	0.54336	0.03067	0.13195	0.01019	0.00259	0.00387	0.01305	0.00478	0.14852
1	0.01086	0.00980	0.01695	0.29462	0.02501	0.01070	0.15231	0.01436	0.01306	0.01791	0.14414	0.02823	0.02053	0.00848	0.00697	0.00202	0.03990	0.11328	0.06453	0.00631
2	0.04468	0.01170	0.01727	0.45011	0.14007	0.01370	0.01444	0.07160	0.14139	0.01916	0.01293	0.01607	0.00981	0.00615	0.00574	0.00189	0.00685	0.00534	0.00349	0.00759
3	0.01374	0.37732	0.32231	0.01475	0.02130	0.01800	0.12334	0.01799	0.01228	0.01630	0.00957	0.01145	0.00763	0.00518	0.00491	0.00159	0.00770	0.00414	0.00254	0.00797
4	0.01252	0.01062	0.01159	0.01013	0.01336	0.01120	0.00787	0.02332	0.45340	0.02256	0.13357	0.02595	0.07965	0.00840	0.00585	0.00176	0.00414	0.00707	0.00552	0.15151
5	0.15645	0.01733	0.17106	0.01943	0.02524	0.01382	0.44472	0.01794	0.01268	0.01975	0.01160	0.04209	0.00918	0.00559	0.00605	0.00192	0.00841	0.00607	0.00305	0.00761
6	0.01107	0.01086	0.01913	0.06856	0.06406	0.01002	0.26661	0.01424	0.01288	0.01743	0.02341	0.10801	0.15610	0.00869	0.00639	0.00183	0.00633	0.04029	0.00384	0.15025
7	0.83671	0.01125	0.00855	0.00765	0.01125	0.01305	0.00630	0.01709	0.00990	0.02609	0.00810	0.00945	0.00630	0.00540	0.00360	0.00180	0.00450	0.00315	0.00360	0.00630
8	0.00942	0.00737	0.00969	0.06620	0.01334	0.00704	0.00809	0.01224	0.04320	0.01701	0.02755	0.23721	0.07433	0.01339	0.00690	0.00215	0.00465	0.28608	0.00486	0.14927

[dist]
# distance from previous block
# <min> <max>
0	3

[block]
# block no. 7 follows, 40 sequences, length 6
# corresponding to MSA columns:
# 252-257
name=unknown_H
#
# <colnr> <probs for GDERKNQSTAVLIFYWHMCP>
#	G	D	E	R	K	N	Q	S	T	A	V	L	I	F	Y	W	H	M	C	P
0	0.05554	0.52358	0.02406	0.00975	0.01461	0.05569	0.00906	0.01699	0.01201	0.01565	0.00870	0.01008	0.00770	0.00488	0.00394	0.00119	0.00586	0.00323	0.00281	0.21469
1	0.02030	0.00894	0.01185	0.00958	0.01312	0.00805	0.00772	0.02358	0.06252	0.50734	0.23077	0.02661	0.02607	0.00857	0.00614	0.00182	0.00430	0.00722	0.00689	0.00860
2	0.00878	0.00689	0.00837	0.00755	0.00979	0.00583	0.00565	0.01098	0.01392	0.01954	0.33210	0.16561	0.15371	0.01152	0.00632	0.00170	0.00328	0.01005	0.00532	0.21308
3	0.00855	0.00515	0.00656	0.00733	0.00787	0.00495	0.00500	0.00938	0.01079	0.01575	0.02500	0.46554	0.02768	0.01568	0.00920	0.14386	0.00349	0.01177	0.21192	0.00452
4	0.01484	0.01164	0.01563	0.01275	0.01482	0.01369	0.01054	0.01661	0.01102	0.14346	0.01093	0.01377	0.00904	0.00819	0.01310	0.00199	0.45504	0.00481	0.00357	0.21456
5	0.00878	0.00703	0.00827	0.00720	0.00971	0.00588	0.00551	0.01109	0.01437	0.01988	0.35438	0.03939	0.25885	0.01085	0.00622	0.00163	0.00320	0.00928	0.00535	0.21312

[dist]
# distance from previous block
# <min> <max>
4	62

[block]
# block no. 8 follows, 40 sequences, length 7
# corresponding to MSA columns:
# 323-329
name=unknown_I
#
# <colnr> <probs for GDERKNQSTAVLIFYWHMCP>
#	G	D	E	R	K	N	Q	S	T	A	V	L	I	F	Y	W	H	M	C	P
0	0.01739	0.00937	0.01051	0.00869	0.01166	0.00952	0.00698	0.21145	0.01728	0.19776	0.01855	0.01918	0.01344	0.00693	0.00495	0.00156	0.00422	0.00547	0.41744	0.00766
1	0.20337	0.01055	0.01124	0.00839	0.01319	0.00898	0.00675	0.01521	0.01156	0.02061	0.00982	0.01145	0.00808	0.00456	0.00414	0.00108	0.00435	0.00338	0.00348	0.63982
2	0.61863	0.01260	0.01093	0.00918	0.01306	0.01438	0.00757	0.21061	0.01457	0.02892	0.00967	0.01066	0.00726	0.00582	0.00419	0.00178	0.00501	0.00371	0.00419	0.00726
3	0.01925	0.01962	0.01559	0.01279	0.01687	0.34009	0.01002	0.23713	0.01857	0.02226	0.01085	0.01196	0.00851	0.00584	0.00517	0.00140	0.00760	0.00411	0.00397	0.22840
4	0.01214	0.01153	0.01619	0.19128	0.02062	0.01398	0.01196	0.01437	0.01038	0.01552	0.00898	0.01319	0.00792	0.00759	0.01205	0.00195	0.39568	0.00467	0.00279	0.22719
5	0.01583	0.01871	0.33840	0.21951	0.02604	0.01185	0.01615	0.02046	0.01342	0.24218	0.01418	0.01541	0.00959	0.00611	0.00570	0.00185	0.00727	0.00500	0.00392	0.00842
6	0.01502	0.04311	0.19951	0.19215	0.02424	0.01434	0.04480	0.23759	0.01698	0.04138	0.06366	0.01609	0.01185	0.00695	0.00654	0.02224	0.02623	0.00536	0.00393	0.00804

[dist]
# distance from previous block
# <min> <max>
2	13

[block]
# block no. 9 follows, 40 sequences, length 7
# corresponding to MSA columns:
# 344-350
name=unknown_J
#
# <colnr> <probs for GDERKNQSTAVLIFYWHMCP>
#	G	D	E	R	K	N	Q	S	T	A	V	L	I	F	Y	W	H	M	C	P
0	0.02182	0.02472	0.01673	0.01456	0.01799	0.57455	0.01119	0.21112	0.01933	0.02011	0.01029	0.01140	0.00812	0.00625	0.00539	0.00156	0.00942	0.00414	0.00374	0.00757
1	0.00846	0.00564	0.00634	0.00634	0.00634	0.00564	0.00352	0.00846	0.00846	0.01128	0.01832	0.03805	0.02114	0.79563	0.02960	0.00564	0.00564	0.00846	0.00352	0.00352
2	0.02315	0.01461	0.01641	0.01258	0.01720	0.01555	0.01040	0.55341	0.02454	0.22717	0.01632	0.01549	0.01107	0.00704	0.00583	0.00176	0.00602	0.00540	0.00618	0.00989
3	0.23451	0.02203	0.01542	0.01358	0.01674	0.49615	0.04881	0.02092	0.01424	0.01756	0.00884	0.01060	0.00726	0.00598	0.00557	0.00165	0.04652	0.00382	0.00313	0.00667
4	0.00878	0.00592	0.00888	0.00888	0.00965	0.00669	0.00669	0.00965	0.00888	0.01261	0.01414	0.02149	0.01337	0.03748	0.57600	0.22470	0.01282	0.00592	0.00296	0.00449
5	0.01252	0.01190	0.02022	0.44567	0.36403	0.01332	0.01691	0.01620	0.01235	0.01672	0.01061	0.01500	0.00841	0.00553	0.00579	0.00184	0.00737	0.00517	0.00272	0.00770
6	0.02429	0.01231	0.01348	0.01079	0.01477	0.12343	0.00863	0.02628	0.01609	0.60178	0.02054	0.01957	0.01379	0.05810	0.00730	0.00200	0.00583	0.00570	0.00633	0.00901

[dist]
# distance from previous block
# <min> <max>
0	6

[block]
# block no. 10 follows, 40 sequences, length 14
# corresponding to MSA columns:
# 357-370
name=unknown_K
#
# <colnr> <probs for GDERKNQSTAVLIFYWHMCP>
#	G	D	E	R	K	N	Q	S	T	A	V	L	I	F	Y	W	H	M	C	P
0	0.01119	0.01062	0.01749	0.68986	0.03708	0.01351	0.01574	0.01475	0.01130	0.01475	0.01001	0.01517	0.00774	0.00634	0.00740	0.00201	0.10084	0.00516	0.00258	0.00645
1	0.00957	0.00690	0.00760	0.00736	0.00796	0.00727	0.00457	0.01260	0.14511	0.01368	0.01931	0.03504	0.02052	0.65024	0.02523	0.00496	0.00545	0.00811	0.00397	0.00457
2	0.26875	0.01439	0.01382	0.01117	0.01518	0.04777	0.00912	0.41780	0.03936	0.03091	0.04084	0.01524	0.03770	0.00694	0.00520	0.00177	0.00569	0.00502	0.00503	0.00830
3	0.01017	0.00835	0.01397	0.01326	0.01543	0.00817	0.14390	0.01326	0.01345	0.01763	0.02728	0.05638	0.02892	0.01400	0.00782	0.00255	0.00618	0.58855	0.00491	0.00581
4	0.01146	0.00970	0.01142	0.00855	0.01314	0.00739	0.00671	0.01386	0.01195	0.01846	0.01294	0.10546	0.01219	0.00597	0.00468	0.00104	0.00419	0.00501	0.00368	0.73219
5	0.83671	0.01125	0.00855	0.00765	0.01125	0.01305	0.00630	0.01709	0.00990	0.02609	0.00810	0.00945	0.00630	0.00540	0.00360	0.00180	0.00450	0.00315	0.00360	0.00630
6	0.01581	0.37616	0.02393	0.18987	0.02222	0.19440	0.04865	0.01861	0.03333	0.01463	0.00943	0.01169	0.00789	0.00548	0.00478	0.00152	0.00770	0.00402	0.00275	0.00713
7	0.16970	0.01815	0.01398	0.01237	0.01576	0.28637	0.00961	0.10622	0.26779	0.02243	0.01443	0.01454	0.01106	0.00665	0.00524	0.00174	0.00690	0.00478	0.00443	0.00786
8	0.01370	0.02680	0.59012	0.01639	0.02412	0.01440	0.05613	0.15160	0.01513	0.02179	0.01115	0.01276	0.00791	0.00576	0.00565	0.00183	0.00825	0.00460	0.00310	0.00879
9	0.59177	0.01276	0.01122	0.00937	0.01329	0.01455	0.00773	0.23445	0.01514	0.02927	0.00986	0.01080	0.00738	0.00587	0.00427	0.00178	0.00507	0.00378	0.00427	0.00738
10	0.00709	0.00506	0.00675	0.00810	0.00843	0.00472	0.00540	0.00810	0.01113	0.01484	0.03205	0.79184	0.03846	0.01822	0.00742	0.00236	0.00337	0.01653	0.00540	0.00472
11	0.01010	0.00505	0.00758	0.00758	0.00758	0.00505	0.00505	0.00758	0.00758	0.01010	0.01010	0.01768	0.01010	0.02020	0.02273	0.83081	0.00505	0.00505	0.00253	0.00253
12	0.16173	0.00793	0.01021	0.00974	0.01113	0.00960	0.00774	0.01206	0.00939	0.01588	0.01324	0.01916	0.01219	0.03256	0.54040	0.00714	0.10569	0.00553	0.00314	0.00554
13	0.01855	0.01444	0.01666	0.16098	0.02173	0.01639	0.01169	0.46951	0.15749	0.03018	0.01506	0.01569	0.01093	0.00692	0.00584	0.00182	0.00633	0.00547	0.00521	0.00910

[dist]
# distance from previous block
# <min> <max>
9	32

[block]
# block no. 11 follows, 40 sequences, length 7
# corresponding to MSA columns:
# 403-409
name=unknown_L
#
# <colnr> <probs for GDERKNQSTAVLIFYWHMCP>
#	G	D	E	R	K	N	Q	S	T	A	V	L	I	F	Y	W	H	M	C	P
0	0.01010	0.00505	0.00758	0.00758	0.00758	0.00505	0.00505	0.00758	0.00758	0.01010	0.01010	0.01768	0.01010	0.02020	0.02273	0.83081	0.00505	0.00505	0.00253	0.00253
1	0.00925	0.00725	0.00863	0.00920	0.01040	0.00759	0.00652	0.01480	0.22806	0.01763	0.02959	0.56538	0.03237	0.01518	0.00698	0.00225	0.00374	0.01360	0.00555	0.00604
2	0.01282	0.02108	0.37704	0.07383	0.09730	0.01384	0.05405	0.02178	0.22899	0.01996	0.01444	0.01567	0.01071	0.00617	0.00575	0.00188	0.00725	0.00525	0.00355	0.00864
3	0.02013	0.01368	0.01800	0.13895	0.10487	0.06465	0.06483	0.20598	0.01797	0.26846	0.01551	0.01607	0.01072	0.00644	0.00586	0.00179	0.00672	0.00544	0.00502	0.00890
4	0.01472	0.56789	0.02675	0.01151	0.01503	0.02148	0.01077	0.01641	0.01096	0.01377	0.00795	0.01033	0.00751	0.00651	0.00825	0.00163	0.23521	0.00369	0.00250	0.00714
5	0.00957	0.23855	0.01372	0.00864	0.01034	0.01010	0.00674	0.01084	0.01133	0.01450	0.02500	0.56174	0.02935	0.01432	0.00634	0.00203	0.00421	0.01258	0.00454	0.00553
6	0.01187	0.01585	0.18190	0.05558	0.02436	0.01201	0.33614	0.01646	0.01322	0.01804	0.01701	0.02963	0.01571	0.00836	0.00687	0.00215	0.00814	0.21599	0.00353	0.00720

[dist]
# distance from previous block
# <min> <max>
4	7

[block]
# block no. 12 follows, 40 sequences, length 6
# corresponding to MSA columns:
# 419-424
name=unknown_M
#
# <colnr> <probs for GDERKNQSTAVLIFYWHMCP>
#	G	D	E	R	K	N	Q	S	T	A	V	L	I	F	Y	W	H	M	C	P
0	0.01963	0.01924	0.01584	0.01315	0.01694	0.38816	0.04544	0.02168	0.01508	0.15808	0.01203	0.01295	0.00913	0.00595	0.00577	0.00148	0.03850	0.00428	0.00388	0.19279
1	0.01143	0.01044	0.01642	0.40497	0.16841	0.01120	0.01350	0.01467	0.01197	0.01645	0.01275	0.09681	0.01145	0.00671	0.00568	0.00173	0.00645	0.00603	0.00311	0.16981
2	0.11823	0.00934	0.01178	0.04005	0.01401	0.00884	0.00781	0.02290	0.03655	0.48289	0.05176	0.05204	0.01666	0.09107	0.00820	0.00224	0.00491	0.00642	0.00605	0.00824
3	0.01941	0.01161	0.05535	0.01110	0.01498	0.01052	0.00953	0.17092	0.06588	0.34213	0.05180	0.06914	0.03860	0.00917	0.00624	0.00194	0.00525	0.09165	0.00616	0.00864
4	0.01206	0.01078	0.01741	0.40752	0.24709	0.01189	0.01449	0.01557	0.01221	0.01722	0.01154	0.01564	0.00910	0.00562	0.00547	0.00172	0.00663	0.00507	0.10095	0.07202
5	0.01473	0.01025	0.01233	0.00894	0.01398	0.00790	0.00721	0.01725	0.01293	0.16064	0.01274	0.01353	0.00971	0.00486	0.00460	0.00104	0.00443	0.00390	0.00416	0.67487

[dist]
# distance from previous block
# <min> <max>
1	182

# created by:
# /software/SequenceAnalysis/GenePrediction/augustus/3.0.1/scripts/msa2prfl.pl ./fixed/BUSCOvEOG77STTP.fas
