[name]
unknown

[dist]
# distance from previous block
# <min> <max>
0	92

[block]
# block no. 0 follows, 39 sequences, length 42
# corresponding to MSA columns:
# 92-133
name=unknown_A
#
# <colnr> <probs for GDERKNQSTAVLIFYWHMCP>
#	G	D	E	R	K	N	Q	S	T	A	V	L	I	F	Y	W	H	M	C	P
0	0.00733	0.00532	0.00692	0.00797	0.00856	0.00491	0.00543	0.00860	0.01213	0.01619	0.12048	0.64431	0.09501	0.01749	0.00744	0.00231	0.00332	0.01576	0.00561	0.00491
1	0.00903	0.00618	0.00723	0.00719	0.00751	0.00632	0.00442	0.03865	0.00972	0.01306	0.01945	0.10353	0.02199	0.62153	0.09516	0.00562	0.00649	0.00899	0.00381	0.00412
2	0.83394	0.01144	0.00869	0.00778	0.01144	0.01327	0.00640	0.01738	0.01006	0.02653	0.00823	0.00961	0.00640	0.00549	0.00366	0.00183	0.00457	0.00320	0.00366	0.00640
3	0.00860	0.00573	0.00645	0.00645	0.00645	0.00573	0.00358	0.00860	0.00860	0.01147	0.01863	0.03870	0.02150	0.79217	0.03010	0.00573	0.00573	0.00860	0.00358	0.00358
4	0.00845	0.00634	0.00950	0.00950	0.01056	0.00739	0.00739	0.01056	0.00950	0.01373	0.01584	0.02323	0.01478	0.04435	0.76873	0.00950	0.01584	0.00634	0.00317	0.00528
5	0.01464	0.01405	0.02400	0.03630	0.75528	0.01405	0.01815	0.01815	0.01347	0.01932	0.01112	0.01464	0.00937	0.00527	0.00585	0.00176	0.00703	0.00527	0.00293	0.00937
6	0.83394	0.01144	0.00869	0.00778	0.01144	0.01327	0.00640	0.01738	0.01006	0.02653	0.00823	0.00961	0.00640	0.00549	0.00366	0.00183	0.00457	0.00320	0.00366	0.00640
7	0.00703	0.00599	0.00605	0.00603	0.00801	0.00501	0.00453	0.00857	0.01358	0.01620	0.08030	0.05654	0.73234	0.01489	0.00699	0.00199	0.00299	0.01243	0.00552	0.00501
8	0.00726	0.00526	0.00686	0.00802	0.00855	0.00486	0.00542	0.00842	0.01180	0.01566	0.07647	0.69008	0.09374	0.01789	0.00747	0.00234	0.00336	0.01613	0.00555	0.00486
9	0.01226	0.01051	0.01226	0.00876	0.01401	0.00788	0.00701	0.01489	0.01226	0.01927	0.01051	0.01226	0.00876	0.00438	0.00438	0.00088	0.00438	0.00350	0.00350	0.82832
10	0.01226	0.01051	0.01226	0.00876	0.01401	0.00788	0.00701	0.01489	0.01226	0.01927	0.01051	0.01226	0.00876	0.00438	0.00438	0.00088	0.00438	0.00350	0.00350	0.82832
11	0.00707	0.00599	0.00610	0.00608	0.00804	0.00503	0.00456	0.00864	0.01367	0.01643	0.10015	0.05617	0.71236	0.01481	0.00699	0.00199	0.00298	0.01238	0.00555	0.00503
12	0.00732	0.00523	0.00698	0.00828	0.00870	0.00489	0.00561	0.00847	0.01161	0.01553	0.06215	0.73646	0.03965	0.01820	0.00754	0.00239	0.00346	0.03712	0.00553	0.00485
13	0.02577	0.00989	0.01348	0.01039	0.01483	0.00856	0.00856	0.02808	0.01692	0.72833	0.05408	0.02114	0.01638	0.00752	0.00599	0.00183	0.00494	0.00615	0.00729	0.00988
14	0.01186	0.03059	0.76153	0.01686	0.02560	0.01373	0.02185	0.01873	0.01249	0.01873	0.01061	0.01249	0.00749	0.00562	0.00562	0.00187	0.00874	0.00437	0.00250	0.00874
15	0.01471	0.01270	0.01337	0.01203	0.01538	0.01471	0.00936	0.03142	0.74459	0.02474	0.02407	0.02206	0.01805	0.00802	0.00602	0.00201	0.00468	0.00669	0.00602	0.00936
16	0.01226	0.01051	0.01226	0.00876	0.01401	0.00788	0.00701	0.01489	0.01226	0.01927	0.01051	0.01226	0.00876	0.00438	0.00438	0.00088	0.00438	0.00350	0.00350	0.82832
17	0.01464	0.01405	0.02400	0.03630	0.75528	0.01405	0.01815	0.01815	0.01347	0.01932	0.01112	0.01464	0.00937	0.00527	0.00585	0.00176	0.00703	0.00527	0.00293	0.00937
18	0.01117	0.01051	0.01774	0.77795	0.04073	0.01314	0.01642	0.01511	0.01182	0.01511	0.01051	0.01577	0.00788	0.00591	0.00591	0.00197	0.00788	0.00526	0.00263	0.00657
19	0.02653	0.01006	0.01372	0.01052	0.01510	0.00869	0.00869	0.02882	0.01693	0.75937	0.02333	0.02013	0.01464	0.00732	0.00595	0.00183	0.00503	0.00595	0.00732	0.01006
20	0.00831	0.00604	0.00783	0.00738	0.00880	0.00556	0.00553	0.01105	0.01660	0.02339	0.72338	0.04470	0.08477	0.01221	0.00698	0.00187	0.00280	0.01077	0.00647	0.00556
21	0.01464	0.01405	0.02400	0.03630	0.75528	0.01405	0.01815	0.01815	0.01347	0.01932	0.01112	0.01464	0.00937	0.00527	0.00585	0.00176	0.00703	0.00527	0.00293	0.00937
22	0.00860	0.00573	0.00645	0.00645	0.00645	0.00573	0.00358	0.00860	0.00860	0.01147	0.01863	0.03870	0.02150	0.79217	0.03010	0.00573	0.00573	0.00860	0.00358	0.00358
23	0.00964	0.00655	0.00730	0.00699	0.00734	0.00668	0.00416	0.06324	0.01004	0.01341	0.01830	0.03686	0.02064	0.73315	0.02828	0.00544	0.00579	0.00835	0.00376	0.00407
24	0.01504	0.01287	0.01356	0.01210	0.01550	0.01486	0.00944	0.06114	0.71435	0.02527	0.02365	0.02173	0.01771	0.00798	0.00601	0.00200	0.00476	0.00663	0.00601	0.00939
25	0.00860	0.00573	0.00645	0.00645	0.00645	0.00573	0.00358	0.00860	0.00860	0.01147	0.01863	0.03870	0.02150	0.79217	0.03010	0.00573	0.00573	0.00860	0.00358	0.00358
26	0.01186	0.03059	0.76153	0.01686	0.02560	0.01373	0.02185	0.01873	0.01249	0.01873	0.01061	0.01249	0.00749	0.00562	0.00562	0.00187	0.00874	0.00437	0.00250	0.00874
27	0.01345	0.01514	0.03279	0.02367	0.02923	0.01419	0.67905	0.01814	0.01376	0.01865	0.01351	0.07401	0.01124	0.00600	0.00702	0.00202	0.00948	0.00772	0.00318	0.00774
28	0.00845	0.00634	0.00950	0.00950	0.01056	0.00739	0.00739	0.01056	0.00950	0.01373	0.01584	0.02323	0.01478	0.04435	0.76873	0.00950	0.01584	0.00634	0.00317	0.00528
29	0.01451	0.01392	0.02378	0.06333	0.72923	0.01402	0.01809	0.01804	0.01341	0.01917	0.01110	0.01468	0.00931	0.00529	0.00586	0.00176	0.00706	0.00527	0.00292	0.00927
30	0.01464	0.01405	0.02400	0.03630	0.75528	0.01405	0.01815	0.01815	0.01347	0.01932	0.01112	0.01464	0.00937	0.00527	0.00585	0.00176	0.00703	0.00527	0.00293	0.00937
31	0.00735	0.00522	0.00687	0.00807	0.00843	0.00490	0.00535	0.00836	0.01130	0.01512	0.05629	0.70637	0.03836	0.07646	0.00922	0.00263	0.00358	0.01598	0.00538	0.00474
32	0.00721	0.00515	0.00686	0.00823	0.00858	0.00480	0.00549	0.00823	0.01132	0.01510	0.03259	0.78831	0.03911	0.01853	0.00755	0.00240	0.00343	0.01681	0.00549	0.00480
33	0.62141	0.01322	0.03228	0.00910	0.01291	0.06461	0.00764	0.06743	0.01245	0.06871	0.03711	0.01197	0.00907	0.00599	0.00424	0.00181	0.00521	0.00386	0.00406	0.00694
34	0.00839	0.00628	0.00908	0.00917	0.01023	0.00694	0.00694	0.01028	0.00987	0.01408	0.01843	0.14635	0.01870	0.06418	0.59301	0.00792	0.01308	0.00799	0.00357	0.03552
35	0.01112	0.00775	0.00966	0.00923	0.01119	0.00779	0.00727	0.01651	0.15777	0.07697	0.39767	0.06968	0.04079	0.01196	0.00695	0.00206	0.00383	0.13897	0.00624	0.00660
36	0.02112	0.01542	0.01678	0.01277	0.01758	0.01642	0.01052	0.60204	0.02509	0.06176	0.01399	0.01413	0.01004	0.00670	0.00569	0.00164	0.00614	0.00508	0.00561	0.13148
37	0.00736	0.00531	0.00703	0.00825	0.00875	0.00490	0.00554	0.00844	0.01135	0.01523	0.03190	0.76405	0.03816	0.01809	0.00745	0.00235	0.00346	0.01640	0.00543	0.03055
38	0.02104	0.01571	0.01697	0.01292	0.01773	0.01687	0.01064	0.63396	0.02561	0.03473	0.01368	0.01393	0.00987	0.00672	0.00570	0.00165	0.00621	0.00507	0.00558	0.12542
39	0.01352	0.01074	0.01258	0.00906	0.01426	0.00836	0.00728	0.04566	0.01318	0.06304	0.01141	0.01280	0.00915	0.00466	0.00453	0.00097	0.00451	0.00372	0.00383	0.74675
40	0.37678	0.01068	0.01148	0.00926	0.01347	0.01065	0.00763	0.02333	0.01377	0.41315	0.01629	0.01526	0.01084	0.00641	0.00489	0.00179	0.00481	0.00466	0.00559	0.03925
41	0.00777	0.00543	0.00726	0.00822	0.00878	0.00512	0.00572	0.00898	0.01210	0.01633	0.14881	0.55119	0.03938	0.03759	0.00897	0.04947	0.00363	0.06499	0.00544	0.00482

[dist]
# distance from previous block
# <min> <max>
3	36

[block]
# block no. 1 follows, 39 sequences, length 55
# corresponding to MSA columns:
# 170-224
name=unknown_B
#
# <colnr> <probs for GDERKNQSTAVLIFYWHMCP>
#	G	D	E	R	K	N	Q	S	T	A	V	L	I	F	Y	W	H	M	C	P
0	0.01396	0.01595	0.03490	0.02493	0.03091	0.01496	0.73380	0.01894	0.01396	0.01894	0.01196	0.01595	0.00897	0.00499	0.00698	0.00199	0.00997	0.00698	0.00299	0.00798
1	0.01226	0.01051	0.01226	0.00876	0.01401	0.00788	0.00701	0.01489	0.01226	0.01927	0.01051	0.01226	0.00876	0.00438	0.00438	0.00088	0.00438	0.00350	0.00350	0.82832
2	0.02248	0.01656	0.01775	0.01361	0.01834	0.01834	0.01124	0.73556	0.02780	0.03727	0.01420	0.01420	0.01006	0.00710	0.00592	0.00177	0.00651	0.00532	0.00592	0.01006
3	0.01622	0.01311	0.01397	0.01218	0.01576	0.01495	0.00958	0.12463	0.62002	0.05627	0.02273	0.02094	0.01685	0.00787	0.00600	0.00197	0.00494	0.00648	0.00606	0.00948
4	0.00882	0.00608	0.00782	0.00842	0.00911	0.00600	0.00624	0.01015	0.01154	0.01536	0.09845	0.12807	0.03114	0.32151	0.01704	0.02771	0.00507	0.27213	0.00474	0.00458
5	0.23287	0.01229	0.01348	0.01067	0.01495	0.01275	0.00879	0.24400	0.01852	0.32222	0.04109	0.01639	0.01248	0.00694	0.00538	0.00181	0.00530	0.00521	0.00591	0.00897
6	0.01031	0.00945	0.01748	0.01514	0.04906	0.00987	0.21787	0.01332	0.01097	0.01548	0.01451	0.02075	0.01287	0.03126	0.51509	0.00699	0.01376	0.00648	0.00311	0.00624
7	0.02653	0.01006	0.01372	0.01052	0.01510	0.00869	0.00869	0.02882	0.01693	0.75937	0.02333	0.02013	0.01464	0.00732	0.00595	0.00183	0.00503	0.00595	0.00732	0.01006
8	0.01147	0.01102	0.01922	0.70112	0.05784	0.01330	0.07199	0.01548	0.01203	0.01551	0.01064	0.01575	0.00800	0.00582	0.00599	0.00197	0.00802	0.00539	0.00266	0.00675
9	0.04179	0.01370	0.02268	0.12435	0.02363	0.03941	0.24878	0.01606	0.01131	0.01621	0.01005	0.01525	0.00872	0.04165	0.01292	0.00238	0.33559	0.00581	0.00282	0.00686
10	0.00699	0.00599	0.00599	0.00599	0.00799	0.00499	0.00449	0.00849	0.01348	0.01598	0.05991	0.05691	0.75288	0.01498	0.00699	0.00200	0.00300	0.01248	0.00549	0.00499
11	0.00705	0.00599	0.00607	0.00605	0.00802	0.00502	0.00454	0.00860	0.01362	0.01631	0.08999	0.05636	0.72258	0.01485	0.00699	0.00199	0.00299	0.01240	0.00554	0.00502
12	0.01507	0.01599	0.05333	0.06538	0.60244	0.08681	0.03833	0.01859	0.01369	0.01863	0.01091	0.01425	0.00905	0.00538	0.00583	0.00175	0.00757	0.00514	0.00291	0.00894
13	0.01594	0.04813	0.02097	0.02655	0.45739	0.01488	0.01482	0.09726	0.17560	0.04722	0.01458	0.01618	0.01145	0.00613	0.00581	0.00179	0.00636	0.00552	0.00405	0.00938
14	0.01267	0.16236	0.58237	0.01614	0.04276	0.01561	0.01932	0.01834	0.01228	0.01771	0.01009	0.01204	0.00757	0.00572	0.00591	0.00180	0.04212	0.00422	0.00252	0.00846
15	0.83394	0.01144	0.00869	0.00778	0.01144	0.01327	0.00640	0.01738	0.01006	0.02653	0.00823	0.00961	0.00640	0.00549	0.00366	0.00183	0.00457	0.00320	0.00366	0.00640
16	0.00817	0.00537	0.00709	0.00785	0.00811	0.00523	0.00517	0.00842	0.01005	0.01343	0.02478	0.43350	0.02892	0.19640	0.04639	0.14833	0.00481	0.02939	0.00445	0.00417
17	0.83394	0.01144	0.00869	0.00778	0.01144	0.01327	0.00640	0.01738	0.01006	0.02653	0.00823	0.00961	0.00640	0.00549	0.00366	0.00183	0.00457	0.00320	0.00366	0.00640
18	0.00739	0.00522	0.00681	0.00800	0.00830	0.00492	0.00524	0.00828	0.01097	0.01463	0.03079	0.69119	0.03683	0.11876	0.01047	0.00283	0.00373	0.01575	0.00524	0.00465
19	0.03145	0.01473	0.04911	0.20907	0.03102	0.01483	0.43288	0.04898	0.01353	0.01860	0.01126	0.01536	0.00856	0.00575	0.00751	0.00202	0.06858	0.00618	0.00300	0.00759
20	0.83394	0.01144	0.00869	0.00778	0.01144	0.01327	0.00640	0.01738	0.01006	0.02653	0.00823	0.00961	0.00640	0.00549	0.00366	0.00183	0.00457	0.00320	0.00366	0.00640
21	0.00720	0.00518	0.00683	0.00814	0.00855	0.00481	0.00545	0.00824	0.01141	0.01513	0.03371	0.75844	0.06826	0.01838	0.00753	0.00239	0.00341	0.01664	0.00549	0.00481
22	0.02209	0.02819	0.01676	0.01524	0.01828	0.76843	0.01143	0.02361	0.01676	0.01447	0.00914	0.01066	0.00762	0.00609	0.00533	0.00152	0.01066	0.00381	0.00305	0.00686
23	0.01464	0.01405	0.02400	0.03630	0.75528	0.01405	0.01815	0.01815	0.01347	0.01932	0.01112	0.01464	0.00937	0.00527	0.00585	0.00176	0.00703	0.00527	0.00293	0.00937
24	0.83394	0.01144	0.00869	0.00778	0.01144	0.01327	0.00640	0.01738	0.01006	0.02653	0.00823	0.00961	0.00640	0.00549	0.00366	0.00183	0.00457	0.00320	0.00366	0.00640
25	0.00783	0.00541	0.00668	0.00743	0.00762	0.00522	0.00463	0.00840	0.01010	0.01346	0.02632	0.45134	0.03120	0.36630	0.01769	0.00390	0.00447	0.01312	0.00463	0.00425
26	0.01503	0.01286	0.01355	0.01210	0.01550	0.01486	0.00944	0.06017	0.71533	0.02525	0.02367	0.02174	0.01773	0.00799	0.00601	0.00200	0.00475	0.00663	0.00601	0.00939
27	0.02584	0.01118	0.01441	0.01105	0.01565	0.01034	0.00913	0.14983	0.01879	0.63574	0.02177	0.01911	0.01385	0.00728	0.00594	0.00182	0.00528	0.00584	0.00708	0.01006
28	0.01471	0.01270	0.01337	0.01203	0.01538	0.01471	0.00936	0.03142	0.74459	0.02474	0.02407	0.02206	0.01805	0.00802	0.00602	0.00201	0.00468	0.00669	0.00602	0.00936
29	0.00721	0.00515	0.00686	0.00823	0.00858	0.00480	0.00549	0.00823	0.01132	0.01510	0.03259	0.78831	0.03911	0.01853	0.00755	0.00240	0.00343	0.01681	0.00549	0.00480
30	0.83394	0.01144	0.00869	0.00778	0.01144	0.01327	0.00640	0.01738	0.01006	0.02653	0.00823	0.00961	0.00640	0.00549	0.00366	0.00183	0.00457	0.00320	0.00366	0.00640
31	0.01117	0.01051	0.01774	0.77795	0.04073	0.01314	0.01642	0.01511	0.01182	0.01511	0.01051	0.01577	0.00788	0.00591	0.00591	0.00197	0.00788	0.00526	0.00263	0.00657
32	0.01294	0.01294	0.01811	0.01553	0.01553	0.01811	0.01294	0.01423	0.00906	0.01423	0.00776	0.01294	0.00776	0.01035	0.01941	0.00259	0.78134	0.00518	0.00259	0.00647
33	0.83394	0.01144	0.00869	0.00778	0.01144	0.01327	0.00640	0.01738	0.01006	0.02653	0.00823	0.00961	0.00640	0.00549	0.00366	0.00183	0.00457	0.00320	0.00366	0.00640
34	0.00821	0.00604	0.00769	0.00728	0.00874	0.00551	0.00546	0.01086	0.01637	0.02284	0.67414	0.04561	0.13436	0.01242	0.00698	0.00188	0.00281	0.01090	0.00640	0.00551
35	0.00860	0.00573	0.00645	0.00645	0.00645	0.00573	0.00358	0.00860	0.00860	0.01147	0.01863	0.03870	0.02150	0.79217	0.03010	0.00573	0.00573	0.00860	0.00358	0.00358
36	0.02209	0.02819	0.01676	0.01524	0.01828	0.76843	0.01143	0.02361	0.01676	0.01447	0.00914	0.01066	0.00762	0.00609	0.00533	0.00152	0.01066	0.00381	0.00305	0.00686
37	0.00953	0.00681	0.00953	0.01089	0.01225	0.00681	0.00953	0.01225	0.01361	0.01770	0.03131	0.06671	0.03403	0.01634	0.00817	0.00272	0.00545	0.71547	0.00545	0.00545
38	0.00829	0.00626	0.00768	0.00729	0.00888	0.00577	0.00548	0.01129	0.04125	0.02209	0.57832	0.04614	0.20414	0.01257	0.00694	0.00189	0.00290	0.01094	0.00627	0.00558
39	0.00845	0.00634	0.00950	0.00950	0.01056	0.00739	0.00739	0.01056	0.00950	0.01373	0.01584	0.02323	0.01478	0.04435	0.76873	0.00950	0.01584	0.00634	0.00317	0.00528
40	0.00860	0.00573	0.00645	0.00645	0.00645	0.00573	0.00358	0.00860	0.00860	0.01147	0.01863	0.03870	0.02150	0.79217	0.03010	0.00573	0.00573	0.00860	0.00358	0.00358
41	0.83394	0.01144	0.00869	0.00778	0.01144	0.01327	0.00640	0.01738	0.01006	0.02653	0.00823	0.00961	0.00640	0.00549	0.00366	0.00183	0.00457	0.00320	0.00366	0.00640
42	0.00860	0.00573	0.00645	0.00645	0.00645	0.00573	0.00358	0.00860	0.00860	0.01147	0.01863	0.03870	0.02150	0.79217	0.03010	0.00573	0.00573	0.00860	0.00358	0.00358
43	0.00845	0.00634	0.00950	0.00950	0.01056	0.00739	0.00739	0.01056	0.00950	0.01373	0.01584	0.02323	0.01478	0.04435	0.76873	0.00950	0.01584	0.00634	0.00317	0.00528
44	0.00901	0.00676	0.00895	0.00867	0.00909	0.00775	0.00613	0.01000	0.00901	0.01268	0.01633	0.02967	0.01730	0.40596	0.32650	0.00691	0.09407	0.00732	0.00331	0.00458
45	0.02209	0.02819	0.01676	0.01524	0.01828	0.76843	0.01143	0.02361	0.01676	0.01447	0.00914	0.01066	0.00762	0.00609	0.00533	0.00152	0.01066	0.00381	0.00305	0.00686
46	0.00837	0.00604	0.00790	0.00744	0.00883	0.00558	0.00558	0.01116	0.01674	0.02371	0.75216	0.04417	0.05580	0.01209	0.00697	0.00186	0.00279	0.01069	0.00651	0.00558
47	0.01464	0.01405	0.02400	0.03630	0.75528	0.01405	0.01815	0.01815	0.01347	0.01932	0.01112	0.01464	0.00937	0.00527	0.00585	0.00176	0.00703	0.00527	0.00293	0.00937
48	0.02006	0.18488	0.01961	0.04748	0.01853	0.55565	0.01130	0.02230	0.04098	0.01474	0.00953	0.01104	0.00799	0.00594	0.00507	0.00151	0.00944	0.00384	0.00303	0.00708
49	0.01231	0.00791	0.00883	0.00828	0.01076	0.03276	0.00661	0.01456	0.03041	0.17437	0.07496	0.04782	0.40499	0.01299	0.00688	0.00206	0.00413	0.12719	0.00584	0.00633
50	0.00715	0.00595	0.00625	0.00627	0.00811	0.00505	0.00467	0.00876	0.01371	0.01676	0.13330	0.09665	0.63730	0.01486	0.00702	0.00200	0.00300	0.01253	0.00560	0.00505
51	0.01226	0.01051	0.01226	0.00876	0.01401	0.00788	0.00701	0.01489	0.01226	0.01927	0.01051	0.01226	0.00876	0.00438	0.00438	0.00088	0.00438	0.00350	0.00350	0.82832
52	0.01441	0.00854	0.01066	0.00908	0.01168	0.00826	0.00714	0.11158	0.04305	0.18564	0.47105	0.03422	0.03950	0.01025	0.00658	0.00185	0.00383	0.00881	0.00659	0.00728
53	0.02185	0.02543	0.01700	0.01493	0.01820	0.59888	0.01144	0.15934	0.01860	0.01882	0.01006	0.01142	0.00809	0.00643	0.00594	0.00161	0.03678	0.00415	0.00358	0.00745
54	0.01423	0.01377	0.02360	0.03116	0.56941	0.01329	0.09800	0.01778	0.01335	0.01927	0.01113	0.01445	0.00924	0.00511	0.00578	0.00166	0.00699	0.00522	0.00302	0.12352

[dist]
# distance from previous block
# <min> <max>
0	98

# created by:
# /software/SequenceAnalysis/GenePrediction/augustus/3.0.1/scripts/msa2prfl.pl ./fixed/BUSCOvEOG747H7Q.fas
