[name]
unknown

[dist]
# distance from previous block
# <min> <max>
11	804

[block]
# block no. 0 follows, 41 sequences, length 41
# corresponding to MSA columns:
# 838-878
name=unknown_A
#
# <colnr> <probs for GDERKNQSTAVLIFYWHMCP>
#	G	D	E	R	K	N	Q	S	T	A	V	L	I	F	Y	W	H	M	C	P
0	0.02566	0.00973	0.01327	0.01018	0.01460	0.00841	0.00841	0.02788	0.01637	0.76726	0.02257	0.01947	0.01416	0.00708	0.00575	0.00177	0.00487	0.00575	0.00708	0.00973
1	0.01350	0.01543	0.03375	0.02411	0.02989	0.01446	0.74253	0.01832	0.01350	0.01832	0.01157	0.01543	0.00868	0.00482	0.00675	0.00193	0.00964	0.00675	0.00289	0.00771
2	0.00934	0.00572	0.00763	0.00802	0.00906	0.00525	0.00568	0.01089	0.01284	0.10092	0.20884	0.52425	0.03913	0.01518	0.00699	0.00213	0.00334	0.01364	0.00575	0.00540
3	0.01816	0.01303	0.01476	0.01204	0.01540	0.03443	0.00980	0.41093	0.04507	0.10384	0.01482	0.01645	0.01131	0.01546	0.18549	0.00351	0.05676	0.00544	0.00497	0.00833
4	0.01147	0.02959	0.76934	0.01630	0.02476	0.01328	0.02113	0.01811	0.01208	0.01811	0.01026	0.01208	0.00725	0.00543	0.00543	0.00181	0.00845	0.00423	0.00242	0.00845
5	0.01411	0.01372	0.02395	0.03434	0.71214	0.01365	0.06813	0.01761	0.01306	0.01866	0.01082	0.01425	0.00903	0.00508	0.00574	0.00171	0.00699	0.00521	0.00284	0.00897
6	0.01120	0.00750	0.00858	0.00795	0.01002	0.03245	0.00615	0.04052	0.01511	0.12811	0.28901	0.09474	0.25796	0.01218	0.00662	0.00191	0.00367	0.05446	0.00584	0.00600
7	0.02174	0.01602	0.01717	0.01316	0.01774	0.01774	0.01087	0.74423	0.02689	0.03605	0.01373	0.01373	0.00973	0.00687	0.00572	0.00172	0.00629	0.00515	0.00572	0.00973
8	0.00697	0.00498	0.00664	0.00796	0.00830	0.00465	0.00531	0.00796	0.01095	0.01460	0.03153	0.79525	0.03783	0.01792	0.00730	0.00232	0.00332	0.01626	0.00531	0.00465
9	0.01350	0.01543	0.03375	0.02411	0.02989	0.01446	0.74253	0.01832	0.01350	0.01832	0.01157	0.01543	0.00868	0.00482	0.00675	0.00193	0.00964	0.00675	0.00289	0.00771
10	0.31667	0.01144	0.05838	0.00960	0.01396	0.01030	0.00840	0.02330	0.01372	0.45482	0.01657	0.01536	0.01087	0.00634	0.00494	0.00177	0.00493	0.00471	0.00552	0.00839
11	0.00694	0.00580	0.00608	0.00625	0.00804	0.00494	0.00473	0.00844	0.01292	0.01551	0.05445	0.10155	0.66717	0.01479	0.00687	0.00200	0.00308	0.06029	0.00531	0.00485
12	0.01343	0.01523	0.03262	0.02347	0.02886	0.01468	0.69160	0.01800	0.01317	0.01800	0.01129	0.01523	0.00860	0.00518	0.00759	0.00197	0.06397	0.00663	0.00287	0.00761
13	0.01350	0.01543	0.03375	0.02411	0.02989	0.01446	0.74253	0.01832	0.01350	0.01832	0.01157	0.01543	0.00868	0.00482	0.00675	0.00193	0.00964	0.00675	0.00289	0.00771
14	0.00697	0.00498	0.00664	0.00796	0.00830	0.00465	0.00531	0.00796	0.01095	0.01460	0.03153	0.79525	0.03783	0.01792	0.00730	0.00232	0.00332	0.01626	0.00531	0.00465
15	0.00801	0.00584	0.00752	0.00710	0.00849	0.00536	0.00533	0.01062	0.01598	0.02243	0.71302	0.04356	0.10155	0.01188	0.00675	0.00181	0.00271	0.01046	0.00623	0.00536
16	0.01111	0.01057	0.01689	0.55836	0.03201	0.01366	0.01465	0.01421	0.01067	0.01434	0.00973	0.01489	0.00789	0.00845	0.04337	0.00238	0.20286	0.00511	0.00256	0.00627
17	0.01317	0.01258	0.02143	0.25581	0.55031	0.01333	0.01706	0.01669	0.01256	0.01749	0.01058	0.01448	0.00864	0.00528	0.00568	0.00176	0.00704	0.00509	0.00275	0.00826
18	0.01983	0.01484	0.01602	0.01277	0.01693	0.01647	0.01050	0.59395	0.12683	0.03304	0.01621	0.01833	0.01242	0.00761	0.00589	0.00181	0.00598	0.05553	0.00570	0.00932
19	0.00895	0.00588	0.00799	0.00799	0.00911	0.00658	0.00617	0.01118	0.01006	0.01578	0.01636	0.02211	0.01441	0.03162	0.53591	0.00675	0.01138	0.00588	0.26070	0.00518
20	0.01350	0.01543	0.03375	0.02411	0.02989	0.01446	0.74253	0.01832	0.01350	0.01832	0.01157	0.01543	0.00868	0.00482	0.00675	0.00193	0.00964	0.00675	0.00289	0.00771
21	0.02220	0.01064	0.01327	0.01068	0.01476	0.01036	0.00866	0.04674	0.23336	0.53006	0.02255	0.01987	0.01502	0.00727	0.00577	0.00182	0.00480	0.00595	0.00667	0.00953
22	0.00697	0.00498	0.00664	0.00796	0.00830	0.00465	0.00531	0.00796	0.01095	0.01460	0.03153	0.79525	0.03783	0.01792	0.00730	0.00232	0.00332	0.01626	0.00531	0.00465
23	0.02539	0.01018	0.01355	0.01039	0.01482	0.00907	0.00858	0.07850	0.01711	0.71559	0.02194	0.01906	0.01385	0.00706	0.00575	0.00177	0.00497	0.00571	0.00698	0.00973
24	0.00697	0.00498	0.00664	0.00796	0.00830	0.00465	0.00531	0.00796	0.01095	0.01460	0.03153	0.79525	0.03783	0.01792	0.00730	0.00232	0.00332	0.01626	0.00531	0.00465
25	0.00980	0.00497	0.00741	0.00748	0.00749	0.00495	0.00498	0.00748	0.00762	0.01015	0.01095	0.05388	0.01124	0.01978	0.02165	0.79458	0.00489	0.00550	0.00262	0.00259
26	0.01416	0.01359	0.02322	0.03511	0.76330	0.01359	0.01755	0.01755	0.01302	0.01869	0.01076	0.01416	0.00906	0.00510	0.00566	0.00170	0.00680	0.00510	0.00283	0.00906
27	0.00696	0.00501	0.00660	0.00787	0.00827	0.00465	0.00527	0.00798	0.01104	0.01464	0.03271	0.76218	0.07014	0.01777	0.00728	0.00231	0.00330	0.01607	0.00531	0.00465
28	0.00697	0.00498	0.00664	0.00796	0.00830	0.00465	0.00531	0.00796	0.01095	0.01460	0.03153	0.79525	0.03783	0.01792	0.00730	0.00232	0.00332	0.01626	0.00531	0.00465
29	0.01066	0.00533	0.00533	0.00533	0.00666	0.00533	0.00400	0.01333	0.01200	0.02132	0.01866	0.02132	0.01466	0.00666	0.00400	0.00133	0.00267	0.00533	0.83073	0.00533
30	0.01260	0.25697	0.55181	0.01439	0.02179	0.01603	0.01780	0.01782	0.01194	0.01674	0.00958	0.01122	0.00727	0.00528	0.00492	0.00164	0.00777	0.00388	0.00242	0.00813
31	0.01251	0.01251	0.01752	0.01502	0.01502	0.01752	0.01251	0.01377	0.00876	0.01377	0.00751	0.01251	0.00751	0.01001	0.01877	0.00250	0.78851	0.00501	0.00250	0.00626
32	0.01350	0.01519	0.03237	0.02438	0.07468	0.01455	0.66502	0.01807	0.01326	0.01814	0.01134	0.01522	0.00865	0.00507	0.00722	0.00194	0.04423	0.00657	0.00287	0.00773
33	0.00832	0.00555	0.00624	0.00624	0.00624	0.00555	0.00347	0.00832	0.00832	0.01109	0.01802	0.03743	0.02080	0.79898	0.02911	0.00555	0.00555	0.00832	0.00347	0.00347
34	0.01804	0.01468	0.01490	0.01242	0.01623	0.06137	0.00991	0.32632	0.39013	0.04553	0.01843	0.01747	0.01357	0.00726	0.00574	0.00182	0.00562	0.00574	0.00564	0.00920
35	0.00824	0.00570	0.00730	0.00740	0.00860	0.00519	0.00536	0.01020	0.01405	0.04826	0.40150	0.29662	0.13224	0.01395	0.00690	0.00199	0.00302	0.01237	0.00588	0.00524
36	0.00685	0.00580	0.00592	0.00589	0.00778	0.00487	0.00442	0.00838	0.01325	0.01596	0.10541	0.05421	0.71320	0.01430	0.00676	0.00192	0.00288	0.01196	0.00538	0.00487
37	0.00808	0.00582	0.00770	0.00770	0.00891	0.00544	0.00585	0.01056	0.01515	0.02116	0.57828	0.14262	0.04935	0.01299	0.00696	0.00197	0.00309	0.09704	0.00605	0.00528
38	0.45504	0.01244	0.01194	0.00972	0.01373	0.01373	0.00802	0.25075	0.01622	0.14132	0.01202	0.01225	0.00853	0.00607	0.00457	0.00175	0.00509	0.00415	0.00477	0.00786
39	0.01174	0.08350	0.71777	0.01585	0.02405	0.01394	0.02034	0.01805	0.01204	0.01779	0.01010	0.01187	0.00725	0.00540	0.00531	0.00177	0.00829	0.00415	0.00242	0.00838
40	0.00712	0.00509	0.00681	0.00814	0.00854	0.00478	0.00557	0.00823	0.01110	0.01477	0.03144	0.74607	0.03750	0.01778	0.00734	0.00234	0.00345	0.06394	0.00531	0.00469

[dist]
# distance from previous block
# <min> <max>
0	583

# created by:
# /software/SequenceAnalysis/GenePrediction/augustus/3.0.1/scripts/msa2prfl.pl ./fixed/BUSCOvEOG7B5QJC.fas
