[name]
unknown

[dist]
# distance from previous block
# <min> <max>
32	301

[block]
# block no. 0 follows, 40 sequences, length 12
# corresponding to MSA columns:
# 308-319
name=unknown_A
#
# <colnr> <probs for GDERKNQSTAVLIFYWHMCP>
#	G	D	E	R	K	N	Q	S	T	A	V	L	I	F	Y	W	H	M	C	P
0	0.01068	0.00915	0.01042	0.00789	0.01220	0.00699	0.00623	0.01296	0.01238	0.01809	0.02328	0.02376	0.20801	0.00708	0.00499	0.00116	0.00394	0.00580	0.00397	0.61103
1	0.00774	0.00544	0.00692	0.00744	0.00797	0.00516	0.00495	0.00895	0.01187	0.01620	0.22153	0.40131	0.03844	0.21365	0.01290	0.00305	0.00378	0.01288	0.00519	0.00462
2	0.01341	0.00780	0.00969	0.00806	0.01109	0.00660	0.00633	0.01572	0.01501	0.21805	0.27287	0.03401	0.18627	0.00984	0.00612	0.00167	0.00366	0.00834	0.00585	0.15961
3	0.02103	0.00943	0.01271	0.01032	0.01391	0.00897	0.00841	0.08064	0.01556	0.50529	0.02026	0.02014	0.01407	0.01688	0.21013	0.00381	0.00790	0.00590	0.00600	0.00864
4	0.01698	0.01345	0.01628	0.21713	0.02300	0.01463	0.01157	0.38476	0.04835	0.02708	0.01270	0.01432	0.00939	0.00621	0.00554	0.00164	0.00630	0.00494	0.00452	0.16120
5	0.00735	0.00545	0.00686	0.00748	0.00839	0.00496	0.00524	0.00891	0.01295	0.01726	0.22999	0.45602	0.17604	0.01588	0.00717	0.00215	0.00313	0.01414	0.00567	0.00496
6	0.01544	0.44465	0.02120	0.00968	0.01332	0.15723	0.00862	0.01746	0.01278	0.01591	0.01115	0.01283	0.00945	0.00564	0.00410	0.00132	0.00608	0.00384	0.22250	0.00678
7	0.01206	0.01034	0.01206	0.00861	0.01378	0.00775	0.00689	0.01464	0.01206	0.01895	0.01034	0.01206	0.00861	0.00431	0.00431	0.00086	0.00431	0.00345	0.00345	0.83118
8	0.28940	0.06739	0.09103	0.01311	0.05042	0.01599	0.01121	0.15047	0.01339	0.02289	0.00943	0.01167	0.00764	0.00694	0.00844	0.00195	0.21344	0.00426	0.00351	0.00743
9	0.01185	0.08742	0.07186	0.44434	0.03005	0.01329	0.03602	0.01538	0.01169	0.01583	0.01002	0.01390	0.00788	0.00565	0.00608	0.00170	0.05004	0.00464	0.00273	0.15964
10	0.01276	0.00935	0.01036	0.00864	0.01084	0.00933	0.00615	0.20450	0.01416	0.01946	0.01568	0.02682	0.01582	0.43881	0.01857	0.00372	0.00559	0.00667	0.00412	0.15865
11	0.02133	0.01120	0.01528	0.21641	0.02215	0.01147	0.01104	0.15667	0.01729	0.42922	0.01792	0.01757	0.01179	0.00679	0.00583	0.00183	0.00596	0.00555	0.00571	0.00898

[dist]
# distance from previous block
# <min> <max>
0	22

[block]
# block no. 1 follows, 40 sequences, length 6
# corresponding to MSA columns:
# 342-347
name=unknown_B
#
# <colnr> <probs for GDERKNQSTAVLIFYWHMCP>
#	G	D	E	R	K	N	Q	S	T	A	V	L	I	F	Y	W	H	M	C	P
0	0.01071	0.00911	0.01050	0.00806	0.01227	0.00699	0.00631	0.01297	0.01222	0.01804	0.02115	0.07663	0.15325	0.00729	0.00502	0.00118	0.00398	0.00607	0.00396	0.61429
1	0.00804	0.00635	0.00937	0.19747	0.01617	0.00673	0.00803	0.00975	0.01125	0.01485	0.02674	0.60179	0.03094	0.01518	0.00703	0.00226	0.00445	0.01375	0.00471	0.00515
2	0.00800	0.00515	0.00642	0.00744	0.00803	0.00489	0.00507	0.00943	0.01139	0.01652	0.02885	0.60330	0.03269	0.01542	0.00660	0.00212	0.00321	0.01381	0.20675	0.00489
3	0.01346	0.41616	0.05859	0.00950	0.01376	0.01538	0.00885	0.01491	0.01109	0.01453	0.00914	0.01173	0.00824	0.00774	0.00758	0.15912	0.00565	0.00362	0.00273	0.20823
4	0.12064	0.01829	0.15877	0.01328	0.01855	0.01656	0.01245	0.51339	0.02232	0.03188	0.01257	0.01308	0.00897	0.00651	0.00549	0.00177	0.00658	0.00480	0.00490	0.00920
5	0.01720	0.01486	0.01669	0.01641	0.15776	0.07804	0.01111	0.27683	0.10903	0.02554	0.01328	0.01424	0.01022	0.00601	0.00540	0.00153	0.00611	0.00483	0.00445	0.21046

[dist]
# distance from previous block
# <min> <max>
1	41

[block]
# block no. 2 follows, 40 sequences, length 34
# corresponding to MSA columns:
# 389-422
name=unknown_C
#
# <colnr> <probs for GDERKNQSTAVLIFYWHMCP>
#	G	D	E	R	K	N	Q	S	T	A	V	L	I	F	Y	W	H	M	C	P
0	0.01843	0.01085	0.01264	0.01054	0.01382	0.01119	0.00862	0.29269	0.01898	0.20583	0.01986	0.02632	0.01623	0.05946	0.00745	0.00210	0.00526	0.11914	0.13251	0.00807
1	0.00980	0.00775	0.01027	0.00995	0.01153	0.00901	0.00774	0.01536	0.18863	0.01612	0.01754	0.02257	0.01532	0.03495	0.58672	0.00756	0.01292	0.00631	0.00379	0.00616
2	0.02138	0.01559	0.01668	0.01287	0.01731	0.01722	0.01060	0.69319	0.02637	0.03569	0.01428	0.01446	0.01021	0.00697	0.00570	0.00172	0.00616	0.00525	0.05876	0.00960
3	0.01618	0.01257	0.01378	0.01127	0.01537	0.01318	0.00898	0.17104	0.37630	0.07312	0.01841	0.01766	0.01372	0.00679	0.00550	0.00165	0.00492	0.00550	0.00538	0.20867
4	0.01986	0.26339	0.02086	0.01329	0.01705	0.47482	0.01083	0.08564	0.01602	0.01607	0.00916	0.01044	0.00770	0.00577	0.00483	0.00144	0.00881	0.00368	0.00309	0.00724
5	0.73713	0.01141	0.00936	0.00813	0.01185	0.01298	0.00670	0.05481	0.01127	0.07936	0.00946	0.01042	0.00706	0.00561	0.00387	0.00180	0.00463	0.00345	0.00397	0.00674
6	0.01438	0.01221	0.01316	0.01115	0.01499	0.01307	0.00876	0.07283	0.52355	0.02382	0.01981	0.01886	0.01503	0.00696	0.00552	0.00169	0.00465	0.00573	0.00531	0.20853
7	0.01325	0.01098	0.01316	0.01284	0.09338	0.01115	0.00895	0.02230	0.35144	0.04575	0.13593	0.02199	0.02044	0.00735	0.00566	0.00165	0.00449	0.00627	0.00511	0.20791
8	0.01961	0.01409	0.01513	0.01196	0.01589	0.01547	0.00974	0.59443	0.02425	0.03322	0.01581	0.06533	0.01242	0.00768	0.00568	0.00173	0.00570	0.00599	0.11691	0.00895
9	0.02208	0.01217	0.01440	0.01149	0.01572	0.01246	0.00935	0.20781	0.20873	0.38961	0.02087	0.01882	0.01413	0.00732	0.00586	0.00183	0.00522	0.00588	0.00652	0.00972
10	0.01169	0.00623	0.00838	0.00864	0.00999	0.00565	0.00616	0.01300	0.01247	0.19632	0.02984	0.60466	0.03263	0.01555	0.00704	0.00223	0.00376	0.01394	0.00583	0.00598
11	0.02269	0.01000	0.01315	0.00993	0.01459	0.00835	0.00815	0.02502	0.01553	0.58290	0.01989	0.01792	0.01299	0.00650	0.00547	0.00157	0.00479	0.00527	0.00629	0.20901
12	0.01723	0.01287	0.02115	0.02955	0.57886	0.01254	0.01559	0.02039	0.01407	0.19946	0.01385	0.01570	0.01047	0.00567	0.00578	0.00174	0.00643	0.00534	0.00393	0.00938
13	0.01153	0.01067	0.01648	0.50657	0.06881	0.01203	0.01377	0.01490	0.01164	0.01601	0.01019	0.01443	0.00803	0.00570	0.00630	0.00171	0.05716	0.00475	0.00281	0.20654
14	0.02491	0.00975	0.01320	0.01023	0.01454	0.00853	0.00841	0.02751	0.03363	0.70844	0.06040	0.02104	0.01654	0.00745	0.00590	0.00180	0.00483	0.00610	0.00713	0.00966
15	0.00709	0.00506	0.00675	0.00810	0.00843	0.00472	0.00540	0.00810	0.01113	0.01484	0.03205	0.79184	0.03846	0.01822	0.00742	0.00236	0.00337	0.01653	0.00540	0.00472
16	0.01378	0.20279	0.02195	0.41968	0.06103	0.01615	0.06059	0.10513	0.01381	0.01767	0.01035	0.01378	0.00808	0.00567	0.00537	0.00174	0.00731	0.00479	0.00299	0.00733
17	0.00917	0.00705	0.00897	0.00905	0.01093	0.00635	0.00694	0.01159	0.04036	0.01687	0.02613	0.38343	0.02912	0.01389	0.00677	0.00207	0.00416	0.19678	0.00493	0.20542
18	0.00763	0.00558	0.00728	0.00836	0.00918	0.00523	0.00616	0.00916	0.01218	0.01595	0.07182	0.49802	0.12986	0.01697	0.00746	0.00235	0.00373	0.17273	0.00544	0.00493
19	0.60235	0.01124	0.00977	0.00812	0.01215	0.01197	0.00664	0.04706	0.01116	0.02481	0.00889	0.01027	0.00701	0.00520	0.00386	0.00157	0.00453	0.00331	0.00366	0.20643
20	0.01063	0.02347	0.55375	0.01482	0.02131	0.01142	0.04484	0.01592	0.01206	0.01756	0.01573	0.20140	0.01496	0.00858	0.00604	0.00197	0.00737	0.00736	0.00319	0.00763
21	0.01055	0.02401	0.58155	0.01452	0.02111	0.01138	0.01759	0.01591	0.01200	0.01755	0.01568	0.20127	0.01491	0.00860	0.00598	0.00197	0.00733	0.00726	0.00317	0.00766
22	0.00795	0.00573	0.00752	0.00751	0.00863	0.00530	0.00547	0.01028	0.01517	0.02127	0.58071	0.22488	0.05089	0.01342	0.00700	0.00196	0.00290	0.01197	0.00616	0.00530
23	0.01222	0.01091	0.01345	0.01023	0.01414	0.01019	0.00830	0.01449	0.01129	0.01775	0.00968	0.01222	0.00838	0.00573	0.00789	0.00127	0.19357	0.00384	0.00323	0.63121
24	0.21140	0.01051	0.01517	0.48081	0.09183	0.01252	0.01319	0.01518	0.01108	0.01762	0.00983	0.01408	0.00767	0.00659	0.00637	0.05551	0.00672	0.00467	0.00285	0.00640
25	0.01580	0.01080	0.01534	0.30260	0.04807	0.01108	0.01160	0.06505	0.01393	0.19887	0.01356	0.01545	0.00976	0.00596	0.00586	0.00163	0.03077	0.00490	0.00414	0.21482
26	0.00819	0.00691	0.00751	0.00677	0.00936	0.00560	0.00513	0.00994	0.01290	0.01667	0.06732	0.10124	0.49817	0.01238	0.00629	0.00172	0.00330	0.01040	0.00496	0.20523
27	0.21031	0.00768	0.00868	0.00862	0.01046	0.00777	0.01811	0.03983	0.01188	0.06682	0.02380	0.48010	0.02639	0.01322	0.00620	0.00210	0.00400	0.01151	0.00498	0.03752
28	0.01340	0.01117	0.01316	0.05906	0.01607	0.00953	0.00807	0.11634	0.01417	0.02117	0.01084	0.01255	0.00874	0.00478	0.00462	0.00105	0.00482	0.00381	0.00372	0.66293
29	0.01570	0.01129	0.01189	0.01013	0.01320	0.01251	0.00804	0.25507	0.26133	0.02742	0.01890	0.01918	0.01422	0.00721	0.00525	0.00169	0.00453	0.00574	0.28859	0.00813
30	0.00911	0.00599	0.00789	0.00770	0.00902	0.00550	0.00566	0.01140	0.01518	0.06914	0.53326	0.22335	0.04827	0.01312	0.00693	0.00196	0.00304	0.01167	0.00621	0.00559
31	0.01441	0.00895	0.01114	0.00893	0.01275	0.00722	0.00695	0.01653	0.01300	0.20690	0.01880	0.20307	0.01732	0.00841	0.00545	0.00146	0.00424	0.00723	0.00487	0.42237
32	0.01954	0.01885	0.01580	0.01279	0.01698	0.28011	0.01011	0.31270	0.01983	0.02449	0.01134	0.01228	0.00874	0.00599	0.00525	0.00144	0.00733	0.00428	0.00425	0.20790
33	0.01010	0.00505	0.00758	0.00758	0.00758	0.00505	0.00505	0.00758	0.00758	0.01010	0.01010	0.01768	0.01010	0.02020	0.02273	0.83081	0.00505	0.00505	0.00253	0.00253

[dist]
# distance from previous block
# <min> <max>
5	20

[block]
# block no. 3 follows, 40 sequences, length 8
# corresponding to MSA columns:
# 443-450
name=unknown_D
#
# <colnr> <probs for GDERKNQSTAVLIFYWHMCP>
#	G	D	E	R	K	N	Q	S	T	A	V	L	I	F	Y	W	H	M	C	P
0	0.01316	0.01478	0.03195	0.02311	0.02851	0.01385	0.67553	0.01773	0.01350	0.01830	0.01350	0.08210	0.01136	0.00604	0.00691	0.00200	0.00925	0.00769	0.00315	0.00758
1	0.01409	0.01343	0.04452	0.02118	0.29883	0.01402	0.01308	0.02417	0.38826	0.02145	0.01801	0.01984	0.01432	0.00715	0.00640	0.00192	0.03403	0.03186	0.00449	0.00894
2	0.01148	0.00910	0.01776	0.01403	0.01627	0.00873	0.28429	0.01178	0.00992	0.01335	0.01073	0.01692	0.00961	0.01437	0.01669	0.51514	0.00686	0.00574	0.00268	0.00455
3	0.00990	0.00789	0.00919	0.00952	0.01098	0.00843	0.00685	0.01678	0.29210	0.01846	0.02886	0.49852	0.03057	0.01428	0.00685	0.00221	0.00384	0.01274	0.00560	0.00643
4	0.01268	0.01365	0.02789	0.31287	0.03407	0.01403	0.46322	0.01719	0.01293	0.01719	0.01122	0.01562	0.00842	0.00525	0.00646	0.00195	0.00902	0.00622	0.00281	0.00732
5	0.01843	0.01348	0.02638	0.01912	0.02447	0.01236	0.46033	0.02233	0.01484	0.30227	0.01602	0.01725	0.01095	0.00578	0.00648	0.00190	0.00795	0.00648	0.00456	0.00863
6	0.00857	0.00572	0.00597	0.00590	0.00756	0.00518	0.00443	0.01068	0.01328	0.01901	0.13791	0.04122	0.37952	0.01132	0.00580	0.00171	0.00283	0.00943	0.31879	0.00518
7	0.52263	0.01090	0.00988	0.00802	0.01221	0.01103	0.00652	0.01616	0.01072	0.02337	0.00895	0.01044	0.00718	0.00498	0.00387	0.00144	0.00443	0.00326	0.00354	0.32046

[dist]
# distance from previous block
# <min> <max>
0	1

[block]
# block no. 4 follows, 40 sequences, length 19
# corresponding to MSA columns:
# 452-470
name=unknown_E
#
# <colnr> <probs for GDERKNQSTAVLIFYWHMCP>
#	G	D	E	R	K	N	Q	S	T	A	V	L	I	F	Y	W	H	M	C	P
0	0.01937	0.01659	0.07949	0.09346	0.02086	0.01682	0.01239	0.47879	0.14520	0.03122	0.01556	0.01620	0.01140	0.00733	0.00610	0.00194	0.00664	0.00559	0.00542	0.00963
1	0.01789	0.01450	0.02355	0.02413	0.28125	0.05507	0.20692	0.02094	0.01441	0.19413	0.01429	0.01658	0.01075	0.00649	0.00741	0.00199	0.07072	0.00592	0.00413	0.00896
2	0.00968	0.00712	0.00969	0.00944	0.01033	0.00812	0.00712	0.01124	0.00992	0.01472	0.01630	0.02498	0.01557	0.14950	0.51092	0.00744	0.07701	0.00659	0.08888	0.00543
3	0.01296	0.00811	0.00903	0.07188	0.01213	0.00816	0.00649	0.09769	0.01429	0.02312	0.01737	0.02012	0.01366	0.00690	0.00474	0.00153	0.00398	0.00539	0.57044	0.09200
4	0.01513	0.10431	0.46193	0.01517	0.02227	0.01452	0.04410	0.09412	0.01461	0.08258	0.01233	0.01383	0.00903	0.00611	0.00565	0.00183	0.00776	0.00466	0.00353	0.06653
5	0.01898	0.01644	0.01674	0.16907	0.07289	0.19384	0.01211	0.23244	0.01843	0.09968	0.01493	0.07985	0.01233	0.00779	0.00610	0.00191	0.00749	0.00608	0.00461	0.00829
6	0.00962	0.00690	0.00805	0.00776	0.00783	0.00732	0.00481	0.00956	0.00896	0.01224	0.01781	0.03609	0.02025	0.70604	0.02854	0.00540	0.08667	0.00829	0.00365	0.00420
7	0.01140	0.01060	0.01892	0.33972	0.02807	0.01128	0.19462	0.01439	0.01244	0.01644	0.01730	0.18156	0.01693	0.00988	0.00750	0.03389	0.00729	0.05750	0.00369	0.00657
8	0.01445	0.12494	0.58688	0.01654	0.04441	0.01497	0.01929	0.01972	0.01330	0.07033	0.01224	0.01418	0.00910	0.00638	0.00585	0.00198	0.00834	0.00468	0.00323	0.00915
9	0.01385	0.01451	0.02617	0.08402	0.02602	0.05510	0.44086	0.01709	0.01362	0.01815	0.01608	0.15745	0.01511	0.00865	0.00814	0.00227	0.06302	0.00853	0.00376	0.00760
10	0.01491	0.01643	0.03471	0.02504	0.03093	0.01529	0.72444	0.01939	0.01445	0.01972	0.01296	0.01732	0.00998	0.00573	0.00736	0.00218	0.01013	0.00722	0.00337	0.00845
11	0.00940	0.00687	0.00851	0.00805	0.00958	0.00620	0.00595	0.01164	0.01683	0.02361	0.67800	0.04569	0.12047	0.01285	0.00736	0.00206	0.00322	0.01096	0.00667	0.00609
12	0.01670	0.78452	0.03094	0.01077	0.01577	0.02343	0.01042	0.01820	0.01258	0.01487	0.00936	0.01108	0.00865	0.00581	0.00429	0.00148	0.00661	0.00354	0.00292	0.00808
13	0.82177	0.01208	0.00944	0.00851	0.01216	0.01366	0.00684	0.01788	0.01070	0.02703	0.00937	0.01120	0.00751	0.00622	0.00416	0.00202	0.00492	0.00358	0.00401	0.00693
14	0.01555	0.79913	0.03047	0.00995	0.01493	0.02301	0.00995	0.01741	0.01182	0.01368	0.00808	0.00933	0.00746	0.00498	0.00373	0.00124	0.00622	0.00311	0.00249	0.00746
15	0.00707	0.00512	0.00669	0.00794	0.00839	0.00474	0.00533	0.00811	0.01128	0.01491	0.03393	0.74039	0.08869	0.01797	0.00738	0.00233	0.00334	0.01623	0.00540	0.00474
16	0.00709	0.00506	0.00675	0.00810	0.00843	0.00472	0.00540	0.00810	0.01113	0.01484	0.03205	0.79184	0.03846	0.01822	0.00742	0.00236	0.00337	0.01653	0.00540	0.00472
17	0.00709	0.00506	0.00675	0.00810	0.00843	0.00472	0.00540	0.00810	0.01113	0.01484	0.03205	0.79184	0.03846	0.01822	0.00742	0.00236	0.00337	0.01653	0.00540	0.00472
18	0.01263	0.01287	0.01774	0.62913	0.08677	0.11307	0.01562	0.01617	0.01238	0.01506	0.01020	0.01477	0.00782	0.00579	0.00573	0.00187	0.00805	0.00498	0.00266	0.00669

[dist]
# distance from previous block
# <min> <max>
0	11

[block]
# block no. 5 follows, 40 sequences, length 87
# corresponding to MSA columns:
# 482-568
name=unknown_F
#
# <colnr> <probs for GDERKNQSTAVLIFYWHMCP>
#	G	D	E	R	K	N	Q	S	T	A	V	L	I	F	Y	W	H	M	C	P
0	0.00932	0.02288	0.00956	0.01030	0.01175	0.00688	0.00896	0.01192	0.01348	0.01749	0.06254	0.06300	0.07139	0.01559	0.00783	0.00257	0.00514	0.63867	0.00534	0.00538
1	0.05686	0.01361	0.05396	0.02285	0.36496	0.01350	0.01357	0.02282	0.27305	0.06225	0.01699	0.01784	0.02890	0.00649	0.00572	0.00183	0.00586	0.00572	0.00426	0.00897
2	0.02232	0.01515	0.01665	0.01285	0.01741	0.01644	0.01059	0.59881	0.06159	0.14422	0.01578	0.01521	0.01095	0.00706	0.00583	0.00176	0.00609	0.00539	0.00603	0.00986
3	0.52811	0.01298	0.01181	0.00974	0.01373	0.01467	0.00803	0.27133	0.01621	0.05022	0.01057	0.01132	0.00778	0.00600	0.00444	0.00178	0.00518	0.00396	0.00448	0.00766
4	0.00693	0.00566	0.00613	0.00651	0.00802	0.00486	0.00469	0.00828	0.01266	0.01547	0.05135	0.26307	0.55477	0.01571	0.00703	0.00208	0.00307	0.01347	0.00540	0.00486
5	0.01416	0.01223	0.01286	0.01160	0.01483	0.01408	0.00901	0.03000	0.71944	0.02398	0.02508	0.02307	0.04731	0.00816	0.00596	0.00197	0.00454	0.00680	0.00590	0.00903
6	0.01085	0.01009	0.01687	0.74142	0.03830	0.01254	0.01549	0.01453	0.01146	0.01467	0.01075	0.01667	0.00845	0.04680	0.00705	0.00213	0.00764	0.00534	0.00263	0.00631
7	0.01439	0.01382	0.02360	0.03569	0.75936	0.01382	0.01785	0.01785	0.01324	0.01900	0.01094	0.01439	0.00921	0.00518	0.00576	0.00173	0.00691	0.00518	0.00288	0.00921
8	0.01098	0.01034	0.01744	0.78165	0.04005	0.01292	0.01615	0.01486	0.01163	0.01486	0.01034	0.01550	0.00775	0.00581	0.00581	0.00194	0.00775	0.00517	0.00258	0.00646
9	0.00846	0.00564	0.00634	0.00634	0.00634	0.00564	0.00352	0.00846	0.00846	0.01128	0.01832	0.03805	0.02114	0.79563	0.02960	0.00564	0.00564	0.00846	0.00352	0.00352
10	0.00827	0.00578	0.00700	0.02188	0.00813	0.00577	0.00476	0.00923	0.03009	0.01310	0.02323	0.27964	0.02685	0.47777	0.02050	0.00430	0.00491	0.04036	0.00425	0.00420
11	0.01098	0.01034	0.01744	0.78165	0.04005	0.01292	0.01615	0.01486	0.01163	0.01486	0.01034	0.01550	0.00775	0.00581	0.00581	0.00194	0.00775	0.00517	0.00258	0.00646
12	0.01263	0.22073	0.58328	0.01493	0.02263	0.01586	0.01863	0.01817	0.01216	0.01724	0.00985	0.01155	0.00739	0.00539	0.00508	0.00169	0.00801	0.00400	0.00246	0.00831
13	0.00709	0.00506	0.00675	0.00810	0.00843	0.00472	0.00540	0.00810	0.01113	0.01484	0.03205	0.79184	0.03846	0.01822	0.00742	0.00236	0.00337	0.01653	0.00540	0.00472
14	0.01327	0.01164	0.01409	0.21960	0.02159	0.01368	0.01093	0.02574	0.51942	0.02173	0.05036	0.02092	0.01659	0.00749	0.00593	0.00196	0.00538	0.00636	0.00504	0.00831
15	0.01081	0.02410	0.57766	0.01428	0.02108	0.01152	0.01752	0.01657	0.01331	0.01963	0.19534	0.02000	0.01914	0.00710	0.00586	0.00184	0.00714	0.00584	0.00343	0.00782
16	0.00709	0.00506	0.00675	0.00810	0.00843	0.00472	0.00540	0.00810	0.01113	0.01484	0.03205	0.79184	0.03846	0.01822	0.00742	0.00236	0.00337	0.01653	0.00540	0.00472
17	0.01431	0.01374	0.02346	0.05317	0.74250	0.01380	0.01781	0.01778	0.01320	0.01890	0.01092	0.01442	0.00918	0.00520	0.00576	0.00173	0.00693	0.00518	0.00287	0.00915
18	0.01446	0.01249	0.01315	0.01183	0.01512	0.01446	0.00920	0.03090	0.74885	0.02433	0.02367	0.02170	0.01775	0.00789	0.00592	0.00197	0.00460	0.00657	0.00592	0.00920
19	0.00841	0.00584	0.00737	0.00737	0.00773	0.00620	0.00480	0.00912	0.00876	0.01204	0.01738	0.03285	0.01888	0.53838	0.28376	0.00691	0.00904	0.00770	0.00338	0.00409
20	0.02609	0.00990	0.01350	0.01035	0.01484	0.00855	0.00855	0.02834	0.01664	0.76338	0.02294	0.01979	0.01439	0.00720	0.00585	0.00180	0.00495	0.00585	0.00720	0.00990
21	0.02141	0.06953	0.01732	0.01459	0.01781	0.67888	0.01115	0.07234	0.01697	0.01575	0.00928	0.01066	0.00765	0.00600	0.00520	0.00150	0.00997	0.00381	0.00316	0.00700
22	0.00831	0.00623	0.00935	0.00935	0.01038	0.00727	0.00727	0.01038	0.00935	0.01350	0.01558	0.02285	0.01454	0.04361	0.77259	0.00935	0.01558	0.00623	0.00312	0.00519
23	0.02300	0.01325	0.01540	0.01190	0.01634	0.01368	0.00980	0.41173	0.03867	0.32664	0.04604	0.01759	0.01358	0.00727	0.00587	0.00178	0.00564	0.00571	0.00639	0.00971
24	0.01441	0.01223	0.01305	0.01182	0.01502	0.01405	0.00929	0.05950	0.66459	0.02434	0.02378	0.02458	0.01857	0.00845	0.00607	0.00201	0.00473	0.05868	0.00587	0.00895
25	0.01084	0.00542	0.00542	0.00542	0.00678	0.00542	0.00407	0.01355	0.01220	0.02168	0.01897	0.02168	0.01491	0.00678	0.00407	0.00136	0.00271	0.00542	0.82791	0.00542
26	0.01555	0.79913	0.03047	0.00995	0.01493	0.02301	0.00995	0.01741	0.01182	0.01368	0.00808	0.00933	0.00746	0.00498	0.00373	0.00124	0.00622	0.00311	0.00249	0.00746
27	0.01130	0.01034	0.01583	0.54989	0.03218	0.01137	0.01337	0.01479	0.01176	0.01608	0.01034	0.01447	0.00801	0.00536	0.00536	0.00162	0.00672	0.00465	0.00284	0.25371
28	0.02201	0.01912	0.01721	0.01378	0.01802	0.20502	0.01110	0.56228	0.02465	0.03109	0.01273	0.01310	0.00929	0.00674	0.00568	0.00168	0.00741	0.00487	0.00512	0.00911
29	0.02172	0.02772	0.01648	0.01498	0.01798	0.77228	0.01124	0.02322	0.01648	0.01423	0.00899	0.01049	0.00749	0.00599	0.00524	0.00150	0.01049	0.00375	0.00300	0.00674
30	0.00742	0.00530	0.00713	0.00848	0.00897	0.00501	0.00598	0.00868	0.01147	0.01522	0.03187	0.68478	0.03773	0.01790	0.00751	0.00241	0.00367	0.12026	0.00539	0.00482
31	0.02589	0.01022	0.01370	0.01050	0.01501	0.00903	0.00868	0.06477	0.01719	0.72618	0.02248	0.01949	0.01416	0.00719	0.00585	0.00180	0.00502	0.00582	0.00713	0.00990
32	0.01555	0.79913	0.03047	0.00995	0.01493	0.02301	0.00995	0.01741	0.01182	0.01368	0.00808	0.00933	0.00746	0.00498	0.00373	0.00124	0.00622	0.00311	0.00249	0.00746
33	0.01010	0.00505	0.00758	0.00758	0.00758	0.00505	0.00505	0.00758	0.00758	0.01010	0.01010	0.01768	0.01010	0.02020	0.02273	0.83081	0.00505	0.00505	0.00253	0.00253
34	0.00709	0.00506	0.00675	0.00810	0.00843	0.00472	0.00540	0.00810	0.01113	0.01484	0.03205	0.79184	0.03846	0.01822	0.00742	0.00236	0.00337	0.01653	0.00540	0.00472
35	0.59272	0.01099	0.00998	0.00848	0.01222	0.01204	0.00697	0.05507	0.01244	0.17958	0.04328	0.01326	0.01022	0.00613	0.00431	0.00180	0.00461	0.00413	0.00458	0.00719
36	0.06158	0.05600	0.13374	0.01310	0.01818	0.01620	0.01214	0.47587	0.02202	0.08022	0.01414	0.01583	0.01050	0.00697	0.00565	0.00178	0.00649	0.03531	0.00509	0.00919
37	0.00824	0.00562	0.00717	0.00770	0.00872	0.00510	0.00542	0.00975	0.01287	0.05375	0.19040	0.48042	0.15158	0.01578	0.00714	0.00216	0.00325	0.01406	0.00570	0.00517
38	0.01538	0.76661	0.06155	0.01023	0.01536	0.02261	0.01044	0.01746	0.01184	0.01388	0.00818	0.00945	0.00746	0.00500	0.00381	0.00127	0.00632	0.00316	0.00249	0.00751
39	0.01206	0.01034	0.01206	0.00861	0.01378	0.00775	0.00689	0.01464	0.01206	0.01895	0.01034	0.01206	0.00861	0.00431	0.00431	0.00086	0.00431	0.00345	0.00345	0.83118
40	0.01104	0.01030	0.01729	0.71065	0.06903	0.01264	0.01587	0.01484	0.01179	0.01516	0.01141	0.01802	0.00913	0.00631	0.00593	0.00197	0.00759	0.04177	0.00274	0.00652
41	0.00846	0.00564	0.00634	0.00634	0.00634	0.00564	0.00352	0.00846	0.00846	0.01128	0.01832	0.03805	0.02114	0.79563	0.02960	0.00564	0.00564	0.00846	0.00352	0.00352
42	0.01098	0.01034	0.01744	0.78165	0.04005	0.01292	0.01615	0.01486	0.01163	0.01486	0.01034	0.01550	0.00775	0.00581	0.00581	0.00194	0.00775	0.00517	0.00258	0.00646
43	0.01373	0.01569	0.03431	0.02451	0.03039	0.01471	0.73824	0.01863	0.01373	0.01863	0.01176	0.01569	0.00882	0.00490	0.00686	0.00196	0.00980	0.00686	0.00294	0.00784
44	0.00831	0.00623	0.00935	0.00935	0.01038	0.00727	0.00727	0.01038	0.00935	0.01350	0.01558	0.02285	0.01454	0.04361	0.77259	0.00935	0.01558	0.00623	0.00312	0.00519
45	0.01446	0.01249	0.01315	0.01183	0.01512	0.01446	0.00920	0.03090	0.74885	0.02433	0.02367	0.02170	0.01775	0.00789	0.00592	0.00197	0.00460	0.00657	0.00592	0.00920
46	0.00831	0.00623	0.00935	0.00935	0.01038	0.00727	0.00727	0.01038	0.00935	0.01350	0.01558	0.02285	0.01454	0.04361	0.77259	0.00935	0.01558	0.00623	0.00312	0.00519
47	0.68418	0.01305	0.00990	0.00879	0.01236	0.08359	0.00711	0.04894	0.04959	0.02535	0.00924	0.01037	0.00715	0.00565	0.00397	0.00178	0.00514	0.00347	0.00376	0.00664
48	0.00709	0.00506	0.00675	0.00810	0.00843	0.00472	0.00540	0.00810	0.01113	0.01484	0.03205	0.79184	0.03846	0.01822	0.00742	0.00236	0.00337	0.01653	0.00540	0.00472
49	0.00817	0.00590	0.00772	0.00736	0.00867	0.00545	0.00548	0.01083	0.01619	0.02289	0.71921	0.08175	0.05403	0.01221	0.00689	0.00186	0.00278	0.01082	0.00635	0.00545
50	0.01915	0.01598	0.02082	0.01583	0.02050	0.05551	0.19095	0.42456	0.08957	0.04773	0.01439	0.01524	0.01045	0.00650	0.00602	0.00180	0.00717	0.00570	0.02307	0.00906
51	0.01426	0.00830	0.00874	0.00760	0.00990	0.00868	0.00598	0.19424	0.01613	0.05606	0.01789	0.01969	0.01364	0.00684	0.00457	0.00147	0.00372	0.00539	0.59017	0.00671
52	0.83671	0.01125	0.00855	0.00765	0.01125	0.01305	0.00630	0.01709	0.00990	0.02609	0.00810	0.00945	0.00630	0.00540	0.00360	0.00180	0.00450	0.00315	0.00360	0.00630
53	0.00736	0.00548	0.00685	0.00741	0.00838	0.00497	0.00522	0.00894	0.01305	0.01736	0.23734	0.42976	0.19512	0.01573	0.00715	0.00213	0.00311	0.01397	0.00568	0.00497
54	0.01586	0.75964	0.02976	0.01021	0.01508	0.06136	0.01002	0.01771	0.01205	0.01371	0.00813	0.00939	0.00746	0.00503	0.00381	0.00126	0.00644	0.00314	0.00251	0.00743
55	0.01098	0.01034	0.01744	0.78165	0.04005	0.01292	0.01615	0.01486	0.01163	0.01486	0.01034	0.01550	0.00775	0.00581	0.00581	0.00194	0.00775	0.00517	0.00258	0.00646
56	0.02065	0.01895	0.01699	0.01394	0.01759	0.23047	0.01118	0.42734	0.06046	0.02740	0.01243	0.01326	0.00940	0.00707	0.00700	0.00177	0.08593	0.00487	0.00470	0.00861
57	0.01036	0.00927	0.00868	0.00901	0.00998	0.12400	0.00620	0.04792	0.01238	0.01524	0.02615	0.45950	0.05954	0.16076	0.01112	0.00279	0.00503	0.01229	0.00470	0.00508
58	0.00728	0.00536	0.00686	0.00783	0.00856	0.00493	0.00547	0.00862	0.01209	0.01594	0.10681	0.57049	0.14770	0.01696	0.00732	0.00227	0.00335	0.05182	0.00549	0.00486
59	0.01255	0.01365	0.06068	0.01593	0.01758	0.01600	0.11651	0.01479	0.01032	0.01562	0.04549	0.01460	0.01017	0.00894	0.01521	0.00230	0.55188	0.00548	0.00283	0.04946
60	0.01333	0.01237	0.01742	0.55968	0.03343	0.05604	0.01484	0.11915	0.01390	0.01787	0.01054	0.01475	0.00803	0.00639	0.00699	0.00194	0.07823	0.00509	0.00307	0.00696
61	0.00788	0.00572	0.00742	0.00744	0.00858	0.00527	0.00541	0.01012	0.01497	0.02082	0.54048	0.23148	0.08543	0.01361	0.00700	0.00197	0.00291	0.01211	0.00610	0.00527
62	0.01878	0.01464	0.01558	0.01271	0.01677	0.01648	0.01025	0.43179	0.34092	0.03129	0.01818	0.01732	0.01331	0.00738	0.00586	0.00184	0.00562	0.00582	0.00586	0.00959
63	0.01276	0.24715	0.55804	0.01470	0.02228	0.01619	0.01823	0.01813	0.01215	0.01708	0.00977	0.01145	0.00739	0.00537	0.00502	0.00167	0.00792	0.00396	0.00246	0.00827
64	0.01367	0.01532	0.03264	0.02425	0.06575	0.01431	0.66507	0.01838	0.01362	0.01866	0.01165	0.01544	0.00883	0.00489	0.00668	0.00189	0.00938	0.00660	0.00296	0.05000
65	0.01373	0.01569	0.03431	0.02451	0.03039	0.01471	0.73824	0.01863	0.01373	0.01863	0.01176	0.01569	0.00882	0.00490	0.00686	0.00196	0.00980	0.00686	0.00294	0.00784
66	0.00714	0.00510	0.00681	0.00816	0.00852	0.00477	0.00549	0.00819	0.01118	0.01490	0.03202	0.77550	0.03835	0.01817	0.00744	0.00237	0.00342	0.03236	0.00540	0.00474
67	0.00958	0.00971	0.04705	0.01379	0.01613	0.00878	0.22865	0.01202	0.01185	0.01610	0.02376	0.48443	0.02661	0.01324	0.00777	0.00223	0.04549	0.01251	0.00439	0.00591
68	0.01234	0.09007	0.51845	0.01553	0.02185	0.01520	0.01817	0.01807	0.04794	0.01743	0.01034	0.01258	0.00794	0.00652	0.00809	0.00194	0.16233	0.00447	0.00265	0.00809
69	0.01555	0.79913	0.03047	0.00995	0.01493	0.02301	0.00995	0.01741	0.01182	0.01368	0.00808	0.00933	0.00746	0.00498	0.00373	0.00124	0.00622	0.00311	0.00249	0.00746
70	0.01084	0.00542	0.00542	0.00542	0.00678	0.00542	0.00407	0.01355	0.01220	0.02168	0.01897	0.02168	0.01491	0.00678	0.00407	0.00136	0.00271	0.00542	0.82791	0.00542
71	0.52128	0.01171	0.01208	0.04297	0.01383	0.01466	0.00890	0.01594	0.00963	0.02150	0.00803	0.01082	0.00681	0.00704	0.00896	0.00206	0.27035	0.00389	0.00320	0.00633
72	0.00700	0.00590	0.00607	0.00603	0.00793	0.00496	0.00452	0.00860	0.01356	0.01643	0.12517	0.05477	0.69028	0.01446	0.00687	0.00195	0.00293	0.01211	0.00550	0.00496
73	0.06404	0.09223	0.13026	0.29966	0.02598	0.05449	0.01422	0.09508	0.01324	0.01833	0.01012	0.01336	0.00793	0.00642	0.00719	0.00187	0.11395	0.00464	0.01978	0.00722
74	0.01121	0.01121	0.00954	0.00975	0.01113	0.19560	0.00698	0.01336	0.05097	0.01619	0.10946	0.42347	0.08119	0.01370	0.00670	0.00204	0.00510	0.01188	0.00494	0.00555
75	0.75279	0.01177	0.00946	0.00824	0.01195	0.01356	0.00679	0.09156	0.01169	0.02718	0.00870	0.00991	0.00667	0.00556	0.00383	0.00179	0.00469	0.00336	0.00383	0.00667
76	0.00823	0.00585	0.00726	0.00696	0.00797	0.00550	0.00486	0.01011	0.01398	0.01944	0.50743	0.04249	0.07974	0.23975	0.01347	0.00294	0.00359	0.01000	0.00552	0.00489
77	0.01272	0.01272	0.01781	0.01527	0.01527	0.01781	0.01272	0.01399	0.00891	0.01399	0.00763	0.01272	0.00763	0.01018	0.01908	0.00254	0.78499	0.00509	0.00254	0.00636
78	0.01098	0.01034	0.01744	0.78165	0.04005	0.01292	0.01615	0.01486	0.01163	0.01486	0.01034	0.01550	0.00775	0.00581	0.00581	0.00194	0.00775	0.00517	0.00258	0.00646
79	0.01985	0.00986	0.01233	0.01013	0.01377	0.00946	0.00817	0.05507	0.16055	0.43194	0.12472	0.02601	0.05882	0.00855	0.00610	0.00186	0.00455	0.02281	0.00665	0.00880
80	0.01168	0.01085	0.01821	0.59634	0.18642	0.01279	0.01600	0.01542	0.01198	0.01599	0.01082	0.01553	0.00835	0.00572	0.00573	0.00187	0.00737	0.00518	0.03677	0.00698
81	0.00687	0.00589	0.00589	0.00589	0.00785	0.00491	0.00442	0.00835	0.01325	0.01571	0.05891	0.05596	0.75700	0.01473	0.00687	0.00196	0.00295	0.01227	0.00540	0.00491
82	0.00706	0.00517	0.00663	0.00780	0.00836	0.00475	0.00527	0.00813	0.01142	0.01496	0.03565	0.69311	0.13486	0.01775	0.00735	0.00231	0.00332	0.01596	0.00540	0.00475
83	0.01929	0.01453	0.01489	0.01225	0.01612	0.06790	0.00986	0.35139	0.24292	0.10145	0.01807	0.01818	0.01333	0.00740	0.00577	0.00180	0.00578	0.02150	0.04844	0.00913
84	0.02545	0.01004	0.01348	0.01043	0.01486	0.00887	0.00858	0.02848	0.05708	0.72257	0.02298	0.01990	0.01458	0.00724	0.00585	0.00181	0.00493	0.00589	0.00713	0.00986
85	0.02548	0.01188	0.01397	0.01093	0.01530	0.08053	0.00892	0.06321	0.01716	0.65714	0.02119	0.01863	0.01352	0.00707	0.00579	0.00177	0.00554	0.00562	0.00674	0.00960
86	0.01177	0.01085	0.01776	0.70051	0.07617	0.01325	0.01596	0.05506	0.01258	0.01628	0.01057	0.01536	0.00795	0.00585	0.00581	0.00192	0.00763	0.00517	0.00278	0.00679

[dist]
# distance from previous block
# <min> <max>
6	50

[block]
# block no. 6 follows, 40 sequences, length 17
# corresponding to MSA columns:
# 619-635
name=unknown_G
#
# <colnr> <probs for GDERKNQSTAVLIFYWHMCP>
#	G	D	E	R	K	N	Q	S	T	A	V	L	I	F	Y	W	H	M	C	P
0	0.28643	0.15232	0.01596	0.03304	0.01501	0.01613	0.00909	0.22230	0.06982	0.02517	0.01224	0.05432	0.01022	0.00692	0.00552	0.00177	0.04700	0.00487	0.00421	0.00766
1	0.14801	0.00930	0.01102	0.14580	0.01653	0.01009	0.00842	0.01949	0.14341	0.15565	0.02003	0.07671	0.04848	0.00787	0.00533	0.00182	0.00470	0.00642	0.15376	0.00716
2	0.01315	0.12079	0.05721	0.29841	0.31168	0.01480	0.06953	0.01680	0.01246	0.01673	0.01037	0.01410	0.00833	0.00538	0.00557	0.00176	0.00741	0.00498	0.00270	0.00785
3	0.01357	0.00905	0.01051	0.00889	0.01201	0.00842	0.00687	0.09984	0.06855	0.10105	0.01958	0.19204	0.01796	0.00879	0.00543	0.00158	0.00414	0.00746	0.15456	0.24972
4	0.05620	0.01215	0.01576	0.01182	0.01644	0.01146	0.10776	0.20954	0.01671	0.07875	0.01678	0.01758	0.07456	0.00634	0.00536	0.00147	0.00551	0.00537	0.02656	0.30387
5	0.42468	0.01213	0.01154	0.00931	0.01344	0.01293	0.00763	0.19869	0.01502	0.05757	0.01090	0.01183	0.00820	0.00571	0.00439	0.00160	0.00491	0.00390	0.02767	0.15796
6	0.01659	0.26288	0.07193	0.01244	0.03785	0.07282	0.01077	0.16947	0.14948	0.04242	0.01408	0.04936	0.01156	0.00668	0.00511	0.00160	0.00620	0.00508	0.00416	0.04953
7	0.25952	0.01425	0.01263	0.15058	0.01846	0.16883	0.00960	0.02032	0.16751	0.03426	0.01659	0.01752	0.07363	0.00695	0.00515	0.00181	0.00622	0.00519	0.00400	0.00698
8	0.01383	0.01277	0.01176	0.00953	0.01341	0.14379	0.00741	0.01783	0.09752	0.01923	0.01320	0.01464	0.01061	0.00547	0.00461	0.00119	0.00515	0.00422	0.15346	0.44038
9	0.01466	0.51970	0.15778	0.01147	0.01678	0.01977	0.01186	0.02004	0.14582	0.01646	0.01133	0.01210	0.00932	0.00560	0.00445	0.00148	0.00635	0.00395	0.00311	0.00798
10	0.00872	0.00672	0.00949	0.14475	0.01425	0.00681	0.00738	0.01166	0.01560	0.02182	0.62389	0.03848	0.04651	0.01081	0.00667	0.00185	0.00363	0.00957	0.00572	0.00566
11	0.00943	0.14651	0.01054	0.00690	0.00814	0.00859	0.00483	0.01003	0.00992	0.01251	0.02388	0.03621	0.15242	0.51341	0.02088	0.00419	0.00525	0.00820	0.00368	0.00447
12	0.00695	0.00559	0.00620	0.00668	0.00806	0.00484	0.00477	0.00826	0.01249	0.01540	0.04926	0.32028	0.49891	0.01598	0.00707	0.00211	0.00310	0.01380	0.00540	0.00484
13	0.02211	0.01629	0.01745	0.01338	0.01803	0.01803	0.01105	0.73997	0.02734	0.03665	0.01396	0.01396	0.00989	0.00698	0.00582	0.00175	0.00640	0.00524	0.00582	0.00989
14	0.00809	0.00602	0.00887	0.00912	0.01003	0.00681	0.00693	0.00997	0.00967	0.01374	0.01857	0.16257	0.01888	0.03900	0.63355	0.00808	0.01336	0.00810	0.00353	0.00511
15	0.01296	0.00930	0.01480	0.50420	0.02983	0.01065	0.01285	0.01602	0.01243	0.14770	0.01652	0.15733	0.01451	0.00831	0.00611	0.00199	0.00646	0.00735	0.00391	0.00675
16	0.00958	0.00844	0.01360	0.50381	0.02870	0.00998	0.01229	0.01243	0.01145	0.01485	0.01814	0.29435	0.01878	0.01027	0.00639	0.00209	0.00618	0.00925	0.00359	0.00584

[dist]
# distance from previous block
# <min> <max>
0	1

[block]
# block no. 7 follows, 40 sequences, length 9
# corresponding to MSA columns:
# 637-645
name=unknown_H
#
# <colnr> <probs for GDERKNQSTAVLIFYWHMCP>
#	G	D	E	R	K	N	Q	S	T	A	V	L	I	F	Y	W	H	M	C	P
0	0.01442	0.01099	0.01207	0.01013	0.01319	0.01167	0.00805	0.30401	0.12489	0.02745	0.23354	0.03077	0.15455	0.00986	0.00631	0.00184	0.00450	0.00816	0.00592	0.00767
1	0.60271	0.00960	0.00766	0.00702	0.00998	0.01088	0.00567	0.01609	0.01055	0.02484	0.01118	0.01291	0.00874	0.00579	0.00373	0.00167	0.00399	0.00379	0.23715	0.00605
2	0.01826	0.01601	0.02518	0.01848	0.02370	0.01651	0.34440	0.40930	0.02110	0.02839	0.01295	0.01475	0.00940	0.00603	0.00630	0.00184	0.00796	0.00598	0.00450	0.00895
3	0.01723	0.01405	0.02842	0.02050	0.02599	0.01296	0.53149	0.02138	0.01455	0.22964	0.01493	0.01685	0.01040	0.00555	0.00658	0.00192	0.00843	0.00658	0.00415	0.00842
4	0.00709	0.00506	0.00675	0.00810	0.00843	0.00472	0.00540	0.00810	0.01113	0.01484	0.03205	0.79184	0.03846	0.01822	0.00742	0.00236	0.00337	0.01653	0.00540	0.00472
5	0.02183	0.01102	0.01361	0.01068	0.01467	0.01070	0.00872	0.22693	0.01964	0.42791	0.14879	0.02228	0.02020	0.00796	0.00602	0.00179	0.00497	0.00649	0.00667	0.00912
6	0.01720	0.01356	0.01650	0.23022	0.02353	0.01478	0.01177	0.40753	0.02021	0.02738	0.01230	0.01407	0.00906	0.00618	0.00555	0.00165	0.00642	0.00490	0.00449	0.15270
7	0.00794	0.00531	0.00718	0.00778	0.00836	0.00500	0.00536	0.00882	0.01202	0.01642	0.23341	0.44426	0.03815	0.01677	0.00994	0.14725	0.00349	0.01282	0.00518	0.00455
8	0.00709	0.00506	0.00675	0.00810	0.00843	0.00472	0.00540	0.00810	0.01113	0.01484	0.03205	0.79184	0.03846	0.01822	0.00742	0.00236	0.00337	0.01653	0.00540	0.00472

[dist]
# distance from previous block
# <min> <max>
0	12

[block]
# block no. 8 follows, 40 sequences, length 10
# corresponding to MSA columns:
# 658-667
name=unknown_I
#
# <colnr> <probs for GDERKNQSTAVLIFYWHMCP>
#	G	D	E	R	K	N	Q	S	T	A	V	L	I	F	Y	W	H	M	C	P
0	0.01174	0.00687	0.00785	0.00711	0.00964	0.00582	0.00550	0.01338	0.01402	0.20451	0.04868	0.07810	0.53891	0.01297	0.00664	0.00194	0.00347	0.01083	0.00585	0.00616
1	0.22262	0.36245	0.01970	0.00994	0.01406	0.01791	0.00880	0.02141	0.23403	0.02003	0.01280	0.01310	0.01028	0.00596	0.00436	0.00160	0.00530	0.00417	0.00380	0.00769
2	0.25856	0.00755	0.00801	0.00742	0.00946	0.00777	0.00573	0.01282	0.01448	0.02416	0.53021	0.03317	0.04019	0.00993	0.00587	0.00182	0.00327	0.00829	0.00555	0.00573
3	0.01580	0.22015	0.35383	0.01394	0.02043	0.01727	0.01542	0.23619	0.01671	0.02273	0.01091	0.01204	0.00815	0.00583	0.00516	0.00166	0.00733	0.00428	0.00348	0.00870
4	0.01353	0.01294	0.02205	0.22410	0.57768	0.01359	0.01742	0.01709	0.01283	0.01795	0.01079	0.01467	0.00884	0.00534	0.00577	0.00178	0.00712	0.00518	0.00280	0.00852
5	0.01129	0.00807	0.00933	0.00890	0.01023	0.00836	0.00626	0.19305	0.01442	0.01927	0.02333	0.36761	0.02601	0.25028	0.01372	0.00320	0.00482	0.01124	0.00494	0.00567
6	0.01034	0.01649	0.34551	0.01203	0.01612	0.00938	0.01293	0.01311	0.01012	0.01466	0.01163	0.01658	0.01000	0.01958	0.20445	0.25422	0.00929	0.00501	0.00264	0.00590
7	0.02037	0.01032	0.01216	0.00970	0.01329	0.01024	0.00789	0.22196	0.01828	0.33697	0.01924	0.01874	0.01329	0.00701	0.00530	0.00165	0.00468	0.00555	0.25480	0.00854
8	0.58716	0.00949	0.00760	0.00697	0.00990	0.01074	0.00562	0.01602	0.01059	0.02476	0.01138	0.01314	0.00890	0.00581	0.00374	0.00167	0.00396	0.00384	0.25267	0.00603
9	0.01577	0.01359	0.02003	0.23660	0.33513	0.01484	0.01532	0.23521	0.01705	0.02318	0.01168	0.01457	0.00901	0.00590	0.00579	0.00179	0.00699	0.00519	0.00368	0.00865

[dist]
# distance from previous block
# <min> <max>
0	1

[block]
# block no. 9 follows, 40 sequences, length 8
# corresponding to MSA columns:
# 669-676
name=unknown_J
#
# <colnr> <probs for GDERKNQSTAVLIFYWHMCP>
#	G	D	E	R	K	N	Q	S	T	A	V	L	I	F	Y	W	H	M	C	P
0	0.01475	0.02249	0.40260	0.01582	0.05804	0.01475	0.01639	0.18483	0.16854	0.02381	0.01401	0.01472	0.01019	0.00633	0.00568	0.00184	0.00718	0.00503	0.00396	0.00905
1	0.01348	0.41450	0.23899	0.17194	0.02308	0.01819	0.01455	0.01717	0.01191	0.01529	0.00923	0.01146	0.00750	0.00531	0.00468	0.00156	0.00722	0.00388	0.00250	0.00758
2	0.01766	0.01749	0.02071	0.02636	0.43722	0.18693	0.01494	0.16886	0.01690	0.02158	0.01112	0.01342	0.00896	0.00574	0.00565	0.00168	0.00762	0.00487	0.00351	0.00879
3	0.00709	0.00506	0.00675	0.00810	0.00843	0.00472	0.00540	0.00810	0.01113	0.01484	0.03205	0.79184	0.03846	0.01822	0.00742	0.00236	0.00337	0.01653	0.00540	0.00472
4	0.01107	0.00812	0.00897	0.00807	0.01020	0.00805	0.00613	0.16085	0.04475	0.01913	0.03707	0.03717	0.40240	0.01409	0.01022	0.19014	0.00421	0.00894	0.00485	0.00558
5	0.01249	0.01375	0.05537	0.35242	0.03346	0.01387	0.35144	0.01772	0.05707	0.01732	0.01181	0.01583	0.00884	0.00550	0.00630	0.00195	0.00855	0.00600	0.00295	0.00735
6	0.01742	0.01308	0.01404	0.01146	0.01477	0.01448	0.00896	0.42676	0.17272	0.02833	0.01697	0.02104	0.01408	0.18626	0.01124	0.00268	0.00585	0.00624	0.00532	0.00830
7	0.00895	0.00694	0.00854	0.00746	0.00975	0.00594	0.00569	0.01152	0.01511	0.02150	0.51152	0.03767	0.12025	0.01047	0.00628	0.00162	0.00312	0.00910	0.00562	0.19293

[dist]
# distance from previous block
# <min> <max>
0	119

# created by:
# /software/SequenceAnalysis/GenePrediction/augustus/3.0.1/scripts/msa2prfl.pl ./fixed/BUSCOvEOG74J3XM.fas
