[name]
unknown

[dist]
# distance from previous block
# <min> <max>
0	88

[block]
# block no. 0 follows, 41 sequences, length 11
# corresponding to MSA columns:
# 109-119
name=unknown_A
#
# <colnr> <probs for GDERKNQSTAVLIFYWHMCP>
#	G	D	E	R	K	N	Q	S	T	A	V	L	I	F	Y	W	H	M	C	P
0	0.01116	0.00834	0.00993	0.00897	0.01107	0.00722	0.00655	0.01288	0.01622	0.02316	0.53642	0.04027	0.08270	0.05454	0.00852	0.00229	0.00401	0.00976	0.00632	0.13966
1	0.02076	0.01649	0.01671	0.01316	0.01719	0.08596	0.01071	0.61515	0.02433	0.03202	0.01312	0.01420	0.00979	0.03485	0.00717	0.00187	0.04714	0.00512	0.00522	0.00905
2	0.01241	0.01214	0.01661	0.01397	0.01478	0.01593	0.01159	0.01387	0.00926	0.01455	0.00794	0.01241	0.00766	0.00908	0.01644	0.00224	0.66250	0.00475	0.00265	0.13924
3	0.01260	0.01103	0.01578	0.35754	0.02624	0.01154	0.04940	0.11893	0.01398	0.01913	0.01348	0.01630	0.05122	0.00589	0.00539	0.00156	0.00625	0.00507	0.00343	0.25524
4	0.02030	0.14217	0.01900	0.01254	0.01709	0.01834	0.01060	0.58920	0.06330	0.03177	0.01332	0.01341	0.00976	0.00660	0.00540	0.00165	0.00617	0.00488	0.00520	0.00931
5	0.01228	0.01240	0.01937	0.01595	0.01697	0.01609	0.12932	0.01418	0.00956	0.01445	0.00887	0.01388	0.00831	0.01216	0.08543	0.00302	0.59336	0.00539	0.00262	0.00639
6	0.21020	0.01432	0.01673	0.11848	0.17836	0.09461	0.05078	0.17898	0.01545	0.02324	0.01083	0.01300	0.00836	0.00575	0.00512	0.00172	0.00660	0.00458	0.03519	0.00771
7	0.01430	0.01251	0.01482	0.01390	0.06937	0.01403	0.05143	0.06651	0.59021	0.02356	0.02252	0.02136	0.04426	0.00761	0.00589	0.00191	0.00502	0.00653	0.00541	0.00885
8	0.01148	0.02186	0.48712	0.13856	0.02456	0.01191	0.04059	0.01688	0.01277	0.04672	0.11824	0.01737	0.01431	0.00642	0.00572	0.00183	0.00740	0.00538	0.00318	0.00770
9	0.08863	0.01025	0.01221	0.01022	0.05600	0.00872	0.00758	0.04378	0.01298	0.11032	0.04105	0.04377	0.01189	0.00563	0.00471	0.00122	0.00446	0.00457	0.00409	0.51793
10	0.79682	0.01132	0.00886	0.00782	0.01141	0.01309	0.00644	0.05468	0.01063	0.02620	0.00826	0.00952	0.00638	0.00539	0.00365	0.00177	0.00452	0.00320	0.00365	0.00638

[dist]
# distance from previous block
# <min> <max>
2	12

[block]
# block no. 1 follows, 41 sequences, length 8
# corresponding to MSA columns:
# 132-139
name=unknown_B
#
# <colnr> <probs for GDERKNQSTAVLIFYWHMCP>
#	G	D	E	R	K	N	Q	S	T	A	V	L	I	F	Y	W	H	M	C	P
0	0.01225	0.00632	0.00851	0.00859	0.01008	0.00571	0.00618	0.01359	0.01248	0.22711	0.02900	0.57621	0.03115	0.01486	0.00686	0.00217	0.00376	0.01329	0.00581	0.00608
1	0.60574	0.01081	0.00938	0.00779	0.01177	0.01136	0.00636	0.01613	0.01033	0.02368	0.00859	0.01002	0.00684	0.00501	0.00374	0.00151	0.00437	0.00318	0.00350	0.23991
2	0.24200	0.00670	0.00714	0.00784	0.00908	0.00696	0.00556	0.01046	0.01061	0.01772	0.02487	0.57334	0.02890	0.01436	0.00624	0.00217	0.00363	0.01254	0.00481	0.00508
3	0.60963	0.01069	0.00978	0.00827	0.01206	0.01158	0.00682	0.01994	0.01161	0.23505	0.01209	0.01217	0.00844	0.00581	0.00416	0.00177	0.00455	0.00385	0.00454	0.00719
4	0.01170	0.02277	0.49374	0.01427	0.02153	0.01158	0.05491	0.01697	0.01208	0.01829	0.01030	0.01219	0.00770	0.00503	0.00513	0.00152	0.00720	0.00410	0.00274	0.26625
5	0.01939	0.14485	0.04660	0.01386	0.03988	0.29222	0.01121	0.26368	0.07602	0.02236	0.01157	0.01232	0.00898	0.00616	0.00519	0.00157	0.00768	0.00435	0.00400	0.00811
6	0.00844	0.00634	0.00788	0.00741	0.00896	0.00603	0.00558	0.01207	0.07310	0.02229	0.63523	0.04226	0.11941	0.01166	0.00668	0.00182	0.00286	0.01021	0.00616	0.00563
7	0.00828	0.00619	0.00793	0.00889	0.01004	0.00603	0.00697	0.01092	0.05683	0.01631	0.03452	0.34202	0.14382	0.01593	0.00737	0.00237	0.00411	0.30095	0.00532	0.00519

[dist]
# distance from previous block
# <min> <max>
0	1

[block]
# block no. 2 follows, 41 sequences, length 40
# corresponding to MSA columns:
# 141-180
name=unknown_C
#
# <colnr> <probs for GDERKNQSTAVLIFYWHMCP>
#	G	D	E	R	K	N	Q	S	T	A	V	L	I	F	Y	W	H	M	C	P
0	0.01496	0.01005	0.01607	0.56847	0.03246	0.01151	0.01379	0.01832	0.01282	0.22511	0.01363	0.01643	0.00945	0.00610	0.00573	0.00187	0.00685	0.00527	0.00381	0.00730
1	0.01312	0.01254	0.02135	0.26581	0.54066	0.01332	0.01704	0.01665	0.01254	0.01743	0.01058	0.01449	0.00862	0.00529	0.00568	0.00176	0.00705	0.00509	0.00274	0.00823
2	0.01698	0.01210	0.01971	0.11749	0.46769	0.01204	0.01480	0.02009	0.01377	0.22755	0.01399	0.01577	0.01032	0.00573	0.00569	0.00174	0.00635	0.00528	0.00398	0.00893
3	0.01174	0.01004	0.01173	0.00846	0.01343	0.00755	0.00674	0.01425	0.01184	0.01854	0.01068	0.03078	0.00918	0.00457	0.00431	0.00088	0.00421	0.00370	0.00344	0.81392
4	0.02151	0.00986	0.01436	0.22694	0.02154	0.00961	0.01050	0.02417	0.01499	0.55677	0.01910	0.01829	0.01233	0.00670	0.00574	0.00181	0.00564	0.00557	0.00581	0.00879
5	0.00820	0.00659	0.00975	0.22536	0.01716	0.00700	0.00831	0.01003	0.01112	0.01473	0.02487	0.55218	0.02845	0.01407	0.00676	0.00216	0.00455	0.01273	0.00447	0.03151
6	0.00903	0.00591	0.00788	0.00749	0.00853	0.00566	0.00545	0.03389	0.01395	0.01949	0.50501	0.05625	0.03974	0.01400	0.01109	0.23443	0.00347	0.00884	0.00518	0.00470
7	0.01548	0.01267	0.01488	0.01119	0.01594	0.03507	0.05536	0.19952	0.08246	0.05205	0.01276	0.01365	0.00979	0.00541	0.00500	0.00129	0.00534	0.00442	0.00429	0.44345
8	0.00849	0.00743	0.00942	0.00918	0.01004	0.00836	0.00705	0.00977	0.01118	0.01475	0.03473	0.28037	0.30154	0.01437	0.01032	0.00223	0.22280	0.02826	0.00452	0.00518
9	0.01140	0.00968	0.01137	0.00842	0.01306	0.00735	0.00664	0.01380	0.01178	0.01826	0.01217	0.08531	0.01122	0.00552	0.00452	0.00099	0.00415	0.00460	0.00357	0.75619
10	0.01137	0.02357	0.52880	0.23167	0.02906	0.01317	0.04927	0.01714	0.01196	0.01714	0.01029	0.01310	0.00741	0.00549	0.00557	0.00184	0.00827	0.00457	0.00247	0.00784
11	0.05256	0.36279	0.04337	0.03313	0.13085	0.01750	0.01098	0.02064	0.21907	0.01795	0.01335	0.03227	0.01111	0.00609	0.00476	0.00158	0.00574	0.00472	0.00357	0.00798
12	0.00909	0.00792	0.00999	0.00926	0.01049	0.00891	0.00741	0.01128	0.03219	0.01716	0.21099	0.04006	0.29890	0.01249	0.01019	0.00212	0.22280	0.06846	0.00477	0.00551
13	0.00800	0.00584	0.00751	0.00709	0.00849	0.00536	0.00532	0.01060	0.01596	0.02239	0.70887	0.04363	0.10573	0.01190	0.00675	0.00181	0.00271	0.01047	0.00622	0.00536
14	0.03914	0.01261	0.02562	0.01883	0.02330	0.01188	0.51217	0.01617	0.01413	0.01985	0.22084	0.02286	0.02126	0.00676	0.00664	0.00189	0.00753	0.00764	0.00387	0.00702
15	0.02190	0.01090	0.01351	0.01056	0.01456	0.01056	0.00864	0.22562	0.01929	0.44969	0.13217	0.02140	0.01897	0.00772	0.00589	0.00176	0.00494	0.00628	0.00658	0.00907
16	0.01080	0.01931	0.43488	0.01281	0.01807	0.01002	0.01446	0.01559	0.03354	0.05811	0.07503	0.23413	0.02006	0.00956	0.00609	0.00195	0.00627	0.00821	0.00387	0.00724
17	0.02566	0.00973	0.01327	0.01018	0.01460	0.00841	0.00841	0.02788	0.01637	0.76726	0.02257	0.01947	0.01416	0.00708	0.00575	0.00177	0.00487	0.00575	0.00708	0.00973
18	0.60696	0.00952	0.00780	0.00716	0.00971	0.01079	0.00543	0.01444	0.00934	0.02159	0.01078	0.01716	0.01028	0.22727	0.01069	0.00283	0.00474	0.00456	0.00352	0.00543
19	0.83938	0.01106	0.00841	0.00752	0.01106	0.01283	0.00619	0.01681	0.00973	0.02566	0.00796	0.00929	0.00619	0.00531	0.00354	0.00177	0.00442	0.00310	0.00354	0.00619
20	0.01377	0.00744	0.01029	0.01030	0.01249	0.00705	0.00884	0.01629	0.01419	0.22714	0.05756	0.05104	0.02852	0.01320	0.00725	0.00236	0.00505	0.49490	0.00582	0.00652
21	0.01251	0.01251	0.01752	0.01502	0.01502	0.01752	0.01251	0.01377	0.00876	0.01377	0.00751	0.01251	0.00751	0.01001	0.01877	0.00250	0.78851	0.00501	0.00250	0.00626
22	0.01633	0.01333	0.01412	0.01207	0.01567	0.01521	0.00956	0.23003	0.54991	0.02732	0.02061	0.01921	0.01530	0.00751	0.00579	0.00188	0.00502	0.00610	0.00579	0.00924
23	0.01301	0.00693	0.00922	0.00803	0.01024	0.00624	0.00624	0.01557	0.01624	0.23110	0.55397	0.03622	0.04284	0.01040	0.00647	0.00179	0.00331	0.00906	0.00652	0.00661
24	0.00957	0.00546	0.00546	0.00546	0.00696	0.00519	0.00410	0.01190	0.01229	0.01968	0.02965	0.03076	0.22338	0.00885	0.00477	0.00150	0.00273	0.00722	0.59989	0.00519
25	0.00701	0.00528	0.00649	0.00729	0.00816	0.00476	0.00505	0.00829	0.01200	0.01558	0.10400	0.52103	0.24151	0.01640	0.00710	0.00217	0.00315	0.01456	0.00540	0.00476
26	0.09737	0.01252	0.01296	0.01049	0.01417	0.01351	0.00852	0.43832	0.05062	0.02878	0.02592	0.02516	0.21979	0.00888	0.00580	0.00179	0.00509	0.00694	0.00540	0.00798
27	0.01781	0.03625	0.17339	0.02319	0.30072	0.01540	0.04589	0.22244	0.01779	0.06504	0.01360	0.01589	0.01052	0.00677	0.00628	0.00201	0.00746	0.00547	0.00431	0.00978
28	0.01729	0.01307	0.01422	0.01249	0.03798	0.01404	0.00915	0.33541	0.18852	0.02667	0.01846	0.02418	0.01598	0.22952	0.01292	0.00312	0.00618	0.00681	0.00548	0.00850
29	0.58993	0.01331	0.01660	0.01323	0.01746	0.01405	0.21280	0.01822	0.01178	0.02478	0.01054	0.01317	0.00838	0.00619	0.00513	0.00209	0.00641	0.00465	0.00387	0.00741
30	0.01625	0.01649	0.02690	0.02639	0.27985	0.07797	0.31891	0.05860	0.03293	0.02029	0.01273	0.01648	0.01034	0.00650	0.00743	0.00210	0.05114	0.00618	0.00360	0.00890
31	0.01096	0.00967	0.01574	0.01275	0.01556	0.00878	0.21205	0.01356	0.01570	0.02153	0.40732	0.03868	0.16946	0.01114	0.00736	0.00213	0.00525	0.01000	0.00561	0.00675
32	0.00977	0.00728	0.01028	0.01022	0.01137	0.00805	0.00780	0.01135	0.01020	0.01475	0.01671	0.02432	0.01560	0.04301	0.75834	0.00929	0.01558	0.00658	0.00359	0.00592
33	0.01762	0.01280	0.01417	0.01207	0.01504	0.01384	0.00927	0.32286	0.22417	0.02629	0.01676	0.01893	0.01335	0.01173	0.01104	0.23470	0.00591	0.00594	0.00530	0.00821
34	0.00953	0.00655	0.00751	0.00782	0.00806	0.00624	0.00472	0.00940	0.01008	0.01360	0.02313	0.25085	0.02670	0.56239	0.02309	0.00483	0.00542	0.01094	0.00449	0.00465
35	0.58893	0.01039	0.00925	0.00857	0.01119	0.01140	0.00652	0.01518	0.01009	0.02244	0.01009	0.01372	0.00873	0.01040	0.00949	0.23468	0.00510	0.00415	0.00375	0.00594
36	0.01220	0.00650	0.00652	0.00645	0.00790	0.00628	0.00472	0.01439	0.01293	0.02260	0.01997	0.02320	0.01595	0.00765	0.00468	0.00162	0.00323	0.00580	0.81127	0.00614
37	0.02063	0.02408	0.01909	0.02133	0.22718	0.54513	0.01343	0.02220	0.01615	0.01676	0.01093	0.01353	0.00931	0.00667	0.00595	0.00182	0.00972	0.00459	0.00344	0.00809
38	0.01565	0.56820	0.23734	0.01262	0.01854	0.02055	0.01355	0.01838	0.01269	0.01623	0.01017	0.01215	0.00878	0.00607	0.00485	0.00168	0.00726	0.00391	0.00297	0.00841
39	0.01355	0.02621	0.54635	0.01934	0.02700	0.01437	0.22320	0.01912	0.01341	0.01953	0.01215	0.01511	0.00911	0.00628	0.00645	0.00212	0.00922	0.00543	0.00309	0.00898

[dist]
# distance from previous block
# <min> <max>
3	8

[block]
# block no. 3 follows, 41 sequences, length 13
# corresponding to MSA columns:
# 189-201
name=unknown_D
#
# <colnr> <probs for GDERKNQSTAVLIFYWHMCP>
#	G	D	E	R	K	N	Q	S	T	A	V	L	I	F	Y	W	H	M	C	P
0	0.16004	0.01140	0.05723	0.60262	0.03348	0.01276	0.01443	0.01520	0.01117	0.01680	0.00978	0.01400	0.00735	0.00563	0.00531	0.00188	0.00709	0.00468	0.00271	0.00644
1	0.16358	0.62870	0.02560	0.00959	0.01404	0.02067	0.00925	0.01694	0.01117	0.01567	0.00794	0.00933	0.00714	0.00517	0.00424	0.00137	0.03674	0.00314	0.00265	0.00709
2	0.01292	0.01097	0.01180	0.01098	0.01369	0.01250	0.00838	0.02636	0.61935	0.02225	0.02477	0.16070	0.02113	0.00959	0.00609	0.00201	0.00431	0.00823	0.00573	0.00826
3	0.02102	0.01566	0.01676	0.01301	0.01746	0.01740	0.01070	0.67568	0.09661	0.03488	0.01465	0.01446	0.01047	0.00695	0.00573	0.00174	0.00612	0.00528	0.00573	0.00966
4	0.15921	0.01292	0.19515	0.00981	0.01337	0.00906	0.00963	0.01471	0.04474	0.03955	0.33847	0.08276	0.03021	0.00919	0.00582	0.00184	0.00460	0.00770	0.00477	0.00649
5	0.16067	0.02559	0.60150	0.01550	0.05280	0.01322	0.01830	0.01786	0.01169	0.01950	0.00987	0.01166	0.00713	0.00540	0.00510	0.00180	0.00766	0.00406	0.00263	0.00807
6	0.83938	0.01106	0.00841	0.00752	0.01106	0.01283	0.00619	0.01681	0.00973	0.02566	0.00796	0.00929	0.00619	0.00531	0.00354	0.00177	0.00442	0.00310	0.00354	0.00619
7	0.01902	0.01358	0.01499	0.01192	0.01550	0.01491	0.00958	0.58178	0.02275	0.03048	0.01377	0.04599	0.01090	0.00966	0.00878	0.15154	0.00593	0.00557	0.00512	0.00822
8	0.01166	0.06758	0.73299	0.01598	0.02426	0.01374	0.02058	0.01807	0.01205	0.01789	0.01015	0.01193	0.00725	0.00541	0.00535	0.00178	0.00834	0.00417	0.00242	0.00840
9	0.01073	0.00803	0.01011	0.01066	0.01249	0.00849	0.00906	0.04204	0.16312	0.01933	0.02785	0.05241	0.02830	0.01352	0.00726	0.00241	0.00506	0.52777	0.03514	0.00620
10	0.00920	0.00713	0.00911	0.00824	0.01007	0.00695	0.02759	0.03253	0.10032	0.02260	0.57234	0.03979	0.10949	0.01116	0.00661	0.00183	0.00323	0.00981	0.00604	0.00595
11	0.01186	0.01017	0.01186	0.00847	0.01356	0.00762	0.00678	0.01440	0.01186	0.01864	0.01017	0.01186	0.00847	0.00424	0.00424	0.00085	0.00424	0.00339	0.00339	0.83395
12	0.61726	0.01006	0.00922	0.00913	0.05218	0.01131	0.00668	0.01554	0.00973	0.04712	0.00896	0.01136	0.00729	0.00798	0.00712	0.15155	0.00467	0.00363	0.00343	0.00580

[dist]
# distance from previous block
# <min> <max>
21	32

[block]
# block no. 4 follows, 41 sequences, length 6
# corresponding to MSA columns:
# 238-243
name=unknown_E
#
# <colnr> <probs for GDERKNQSTAVLIFYWHMCP>
#	G	D	E	R	K	N	Q	S	T	A	V	L	I	F	Y	W	H	M	C	P
0	0.01019	0.00742	0.00865	0.00808	0.00842	0.00806	0.00525	0.05695	0.00990	0.01351	0.01692	0.03341	0.01886	0.64825	0.02639	0.00500	0.09876	0.00785	0.00366	0.00447
1	0.10966	0.01027	0.01577	0.63691	0.03411	0.01247	0.01417	0.01474	0.01128	0.01608	0.01037	0.01532	0.00807	0.00691	0.00674	0.05578	0.00722	0.00499	0.00283	0.00633
2	0.01371	0.62135	0.02458	0.00898	0.01276	0.01875	0.00835	0.01513	0.01087	0.01292	0.01024	0.01560	0.01040	0.18533	0.00945	0.00221	0.00599	0.00425	0.00268	0.00646
3	0.01776	0.02248	0.06269	0.01291	0.01554	0.55157	0.00998	0.01923	0.01415	0.01360	0.01102	0.01659	0.01041	0.18608	0.01062	0.00242	0.00911	0.00477	0.00303	0.00603
4	0.02140	0.02623	0.01630	0.01459	0.01769	0.70637	0.01104	0.08910	0.01719	0.01602	0.00929	0.01063	0.00758	0.00598	0.00521	0.00150	0.00995	0.00382	0.00320	0.00692
5	0.65359	0.01219	0.01040	0.00880	0.01258	0.01395	0.00726	0.18210	0.01363	0.02802	0.00928	0.01030	0.00700	0.00566	0.00404	0.00176	0.00485	0.00356	0.00404	0.00700

[dist]
# distance from previous block
# <min> <max>
11	26

[block]
# block no. 5 follows, 41 sequences, length 6
# corresponding to MSA columns:
# 270-275
name=unknown_F
#
# <colnr> <probs for GDERKNQSTAVLIFYWHMCP>
#	G	D	E	R	K	N	Q	S	T	A	V	L	I	F	Y	W	H	M	C	P
0	0.01277	0.01170	0.01674	0.01227	0.01704	0.01037	0.14855	0.04868	0.04600	0.01926	0.01100	0.01310	0.00891	0.00502	0.00586	0.00126	0.05934	0.00436	0.00345	0.54433
1	0.00828	0.00597	0.00790	0.00774	0.00909	0.00559	0.00602	0.01097	0.01570	0.02199	0.64099	0.04629	0.05053	0.01236	0.00693	0.00194	0.00312	0.12710	0.00613	0.00538
2	0.00808	0.00592	0.00763	0.00740	0.00880	0.00546	0.00569	0.01066	0.01559	0.02164	0.62022	0.04610	0.11826	0.01237	0.00686	0.00190	0.00298	0.08300	0.00610	0.00533
3	0.01416	0.01359	0.02322	0.03511	0.76330	0.01359	0.01755	0.01755	0.01302	0.01869	0.01076	0.01416	0.00906	0.00510	0.00566	0.00170	0.00680	0.00510	0.00283	0.00906
4	0.00752	0.00569	0.00694	0.00691	0.00826	0.00511	0.00508	0.00958	0.01441	0.01939	0.43579	0.16930	0.25810	0.01353	0.00684	0.00192	0.00286	0.01182	0.00585	0.00511
5	0.02208	0.00894	0.01212	0.00957	0.01336	0.00779	0.00779	0.02439	0.01633	0.61525	0.17322	0.02422	0.02229	0.00802	0.00596	0.00178	0.00442	0.00669	0.00692	0.00885

[dist]
# distance from previous block
# <min> <max>
0	10

[block]
# block no. 6 follows, 41 sequences, length 6
# corresponding to MSA columns:
# 286-291
name=unknown_G
#
# <colnr> <probs for GDERKNQSTAVLIFYWHMCP>
#	G	D	E	R	K	N	Q	S	T	A	V	L	I	F	Y	W	H	M	C	P
0	0.16241	0.01517	0.01566	0.01219	0.01659	0.01689	0.01007	0.61909	0.02394	0.03426	0.01274	0.01297	0.00912	0.00660	0.00535	0.00173	0.00597	0.00480	0.00535	0.00912
1	0.69872	0.01191	0.00991	0.00849	0.01221	0.01368	0.00700	0.14196	0.01269	0.02745	0.00896	0.01006	0.00680	0.00558	0.00392	0.00176	0.00475	0.00345	0.00392	0.00680
2	0.01931	0.02643	0.17636	0.01488	0.01919	0.52461	0.01317	0.10681	0.01659	0.01747	0.00972	0.01109	0.00762	0.00591	0.00528	0.00157	0.00945	0.00397	0.00316	0.00738
3	0.01401	0.54102	0.02578	0.17519	0.01997	0.01992	0.01140	0.01620	0.01125	0.01374	0.00837	0.01086	0.00742	0.00567	0.00588	0.00152	0.09860	0.00372	0.00247	0.00700
4	0.18840	0.06250	0.01638	0.01309	0.01416	0.01685	0.01100	0.01463	0.00915	0.01627	0.00763	0.01162	0.00722	0.00869	0.01457	0.00227	0.57208	0.00448	0.00272	0.00631
5	0.00731	0.00528	0.00694	0.00782	0.00850	0.00491	0.00548	0.00877	0.01228	0.01654	0.18765	0.56163	0.07725	0.01632	0.00719	0.00221	0.00326	0.05030	0.00552	0.00485

[dist]
# distance from previous block
# <min> <max>
0	6

[block]
# block no. 7 follows, 41 sequences, length 26
# corresponding to MSA columns:
# 298-323
name=unknown_H
#
# <colnr> <probs for GDERKNQSTAVLIFYWHMCP>
#	G	D	E	R	K	N	Q	S	T	A	V	L	I	F	Y	W	H	M	C	P
0	0.83938	0.01106	0.00841	0.00752	0.01106	0.01283	0.00619	0.01681	0.00973	0.02566	0.00796	0.00929	0.00619	0.00531	0.00354	0.00177	0.00442	0.00310	0.00354	0.00619
1	0.20689	0.43013	0.06136	0.01055	0.01495	0.16415	0.00980	0.01820	0.01209	0.01663	0.00825	0.00957	0.00708	0.00521	0.00402	0.00143	0.00665	0.00325	0.00279	0.00700
2	0.00723	0.00518	0.00687	0.00779	0.00835	0.00482	0.00533	0.00862	0.01216	0.01653	0.20011	0.62117	0.04156	0.01648	0.00717	0.00220	0.00318	0.01489	0.00554	0.00482
3	0.20055	0.00721	0.00870	0.00849	0.01005	0.00830	0.00660	0.01174	0.00937	0.01630	0.01390	0.02027	0.01282	0.07796	0.52534	0.00698	0.01176	0.00553	0.03287	0.00527
4	0.01733	0.01192	0.01327	0.01139	0.01498	0.01309	0.00901	0.07285	0.53880	0.19661	0.02254	0.02045	0.01623	0.00755	0.00580	0.00189	0.00471	0.00622	0.00611	0.00925
5	0.01322	0.00932	0.01054	0.00962	0.01174	0.00983	0.00729	0.29469	0.01729	0.02387	0.02282	0.38396	0.02369	0.01206	0.00623	0.00195	0.00438	0.01042	0.12036	0.00672
6	0.83938	0.01106	0.00841	0.00752	0.01106	0.01283	0.00619	0.01681	0.00973	0.02566	0.00796	0.00929	0.00619	0.00531	0.00354	0.00177	0.00442	0.00310	0.00354	0.00619
7	0.20341	0.00779	0.00729	0.00671	0.00889	0.00841	0.00526	0.07543	0.03885	0.02364	0.01594	0.01791	0.01239	0.00641	0.00410	0.00149	0.00344	0.00484	0.54177	0.00603
8	0.57665	0.00962	0.00812	0.00725	0.01035	0.01071	0.00588	0.01697	0.01084	0.08939	0.01171	0.01296	0.00885	0.00578	0.00384	0.00167	0.00406	0.00385	0.19520	0.00630
9	0.01182	0.07704	0.54442	0.01405	0.02149	0.01260	0.01705	0.01719	0.01200	0.01792	0.01009	0.01183	0.00754	0.00512	0.00504	0.00155	0.00732	0.00395	0.00264	0.19934
10	0.01278	0.01401	0.02653	0.01957	0.02413	0.06355	0.52284	0.01688	0.01430	0.01910	0.18459	0.02140	0.01907	0.00648	0.00664	0.00187	0.00808	0.00738	0.00368	0.00711
11	0.83938	0.01106	0.00841	0.00752	0.01106	0.01283	0.00619	0.01681	0.00973	0.02566	0.00796	0.00929	0.00619	0.00531	0.00354	0.00177	0.00442	0.00310	0.00354	0.00619
12	0.01367	0.01470	0.02894	0.02122	0.02642	0.01441	0.57285	0.02111	0.18456	0.01962	0.01428	0.01680	0.01071	0.00550	0.00654	0.00193	0.00846	0.00668	0.00357	0.00802
13	0.00723	0.00518	0.00687	0.00779	0.00835	0.00482	0.00533	0.00862	0.01216	0.01653	0.20011	0.62117	0.04156	0.01648	0.00717	0.00220	0.00318	0.01489	0.00554	0.00482
14	0.83938	0.01106	0.00841	0.00752	0.01106	0.01283	0.00619	0.01681	0.00973	0.02566	0.00796	0.00929	0.00619	0.00531	0.00354	0.00177	0.00442	0.00310	0.00354	0.00619
15	0.01424	0.00994	0.01595	0.58576	0.03281	0.01152	0.01385	0.01765	0.01259	0.18890	0.01325	0.01638	0.00932	0.00606	0.00568	0.00186	0.00686	0.00524	0.02502	0.00711
16	0.00810	0.00585	0.00765	0.00720	0.00855	0.00540	0.00540	0.01079	0.01619	0.02294	0.76028	0.04273	0.05397	0.01169	0.00675	0.00180	0.00270	0.01034	0.00630	0.00540
17	0.01282	0.01014	0.01196	0.00859	0.01363	0.00768	0.00689	0.01534	0.01218	0.07088	0.01103	0.01239	0.00887	0.00443	0.00434	0.00091	0.00428	0.00355	0.00365	0.77643
18	0.20358	0.02371	0.51966	0.01460	0.02161	0.01310	0.06576	0.01814	0.01177	0.04387	0.01021	0.01189	0.00732	0.00542	0.00509	0.00181	0.00749	0.00418	0.00286	0.00792
19	0.00947	0.00867	0.01490	0.06081	0.01599	0.00900	0.17731	0.01165	0.01161	0.01585	0.07145	0.40714	0.02636	0.03021	0.00887	0.00226	0.09702	0.01147	0.00427	0.00567
20	0.00886	0.00550	0.00603	0.00603	0.00634	0.00550	0.00359	0.00948	0.00917	0.01346	0.01817	0.03371	0.01938	0.61570	0.02330	0.00457	0.00488	0.00763	0.19484	0.00390
21	0.02035	0.01025	0.01222	0.00981	0.01344	0.01016	0.00796	0.17383	0.08348	0.37598	0.01989	0.01887	0.01365	0.00700	0.00535	0.00167	0.00462	0.00559	0.19722	0.00865
22	0.21040	0.06631	0.01467	0.01210	0.01544	0.45727	0.00943	0.02135	0.01440	0.09742	0.01108	0.01193	0.02354	0.00601	0.00479	0.00157	0.00797	0.00391	0.00355	0.00687
23	0.01080	0.01017	0.01716	0.78523	0.03940	0.01271	0.01589	0.01461	0.01144	0.01461	0.01017	0.01525	0.00762	0.00572	0.00572	0.00191	0.00762	0.00508	0.00254	0.00635
24	0.83938	0.01106	0.00841	0.00752	0.01106	0.01283	0.00619	0.01681	0.00973	0.02566	0.00796	0.00929	0.00619	0.00531	0.00354	0.00177	0.00442	0.00310	0.00354	0.00619
25	0.65024	0.01221	0.01043	0.00883	0.01261	0.01397	0.00728	0.18508	0.01370	0.02807	0.00930	0.01032	0.00701	0.00567	0.00404	0.00176	0.00486	0.00357	0.00404	0.00701

[dist]
# distance from previous block
# <min> <max>
14	206

# created by:
# /software/SequenceAnalysis/GenePrediction/augustus/3.0.1/scripts/msa2prfl.pl ./fixed/BUSCOvEOG7J12P2.fas
