[name]
unknown

[dist]
# distance from previous block
# <min> <max>
0	365

[block]
# block no. 0 follows, 37 sequences, length 36
# corresponding to MSA columns:
# 468-503
name=unknown_A
#
# <colnr> <probs for GDERKNQSTAVLIFYWHMCP>
#	G	D	E	R	K	N	Q	S	T	A	V	L	I	F	Y	W	H	M	C	P
0	0.01558	0.64263	0.17110	0.01182	0.01779	0.02229	0.01281	0.01853	0.01253	0.01536	0.00899	0.01042	0.00784	0.00535	0.00429	0.00143	0.00703	0.00351	0.00261	0.00809
1	0.01445	0.01651	0.03612	0.02580	0.03199	0.01548	0.72446	0.01961	0.01445	0.01961	0.01238	0.01651	0.00929	0.00516	0.00722	0.00206	0.01032	0.00722	0.00310	0.00826
2	0.00746	0.00533	0.00710	0.00852	0.00888	0.00497	0.00568	0.00852	0.01172	0.01563	0.03374	0.78088	0.04049	0.01918	0.00781	0.00249	0.00355	0.01740	0.00568	0.00497
3	0.01276	0.08560	0.64750	0.01792	0.04810	0.01501	0.05171	0.01930	0.01298	0.01905	0.01088	0.01292	0.00789	0.00573	0.00575	0.00189	0.00886	0.00458	0.00262	0.00895
4	0.01235	0.03042	0.70317	0.01735	0.02578	0.01452	0.02199	0.01907	0.01268	0.01907	0.01078	0.01296	0.00777	0.00615	0.00679	0.00199	0.06109	0.00458	0.00259	0.00889
5	0.00746	0.00533	0.00710	0.00852	0.00888	0.00497	0.00568	0.00852	0.01172	0.01563	0.03374	0.78088	0.04049	0.01918	0.00781	0.00249	0.00355	0.01740	0.00568	0.00497
6	0.01228	0.03166	0.75316	0.01745	0.02649	0.01422	0.02262	0.01939	0.01292	0.01939	0.01099	0.01292	0.00775	0.00582	0.00582	0.00194	0.00905	0.00452	0.00258	0.00905
7	0.01256	0.01177	0.01956	0.46155	0.25382	0.01359	0.01648	0.01610	0.01241	0.01667	0.01152	0.01745	0.00958	0.05913	0.00841	0.00227	0.04109	0.00568	0.00288	0.00747
8	0.00990	0.00660	0.00804	0.00815	0.00997	0.00590	0.00630	0.01183	0.01436	0.09002	0.13959	0.19230	0.32773	0.01525	0.00744	0.00224	0.00379	0.12878	0.00600	0.00581
9	0.00890	0.00593	0.00668	0.00668	0.00668	0.00593	0.00371	0.00890	0.00890	0.01187	0.01929	0.04006	0.02225	0.78487	0.03116	0.00593	0.00593	0.00890	0.00371	0.00371
10	0.01425	0.01572	0.06260	0.04463	0.02858	0.01455	0.54179	0.01878	0.01390	0.05022	0.01404	0.07198	0.01163	0.00672	0.00800	0.00212	0.06145	0.00762	0.00341	0.00800
11	0.01327	0.13585	0.63257	0.01630	0.02470	0.01545	0.02055	0.01953	0.01299	0.03925	0.01101	0.01272	0.00798	0.00579	0.00556	0.00185	0.00859	0.00440	0.00273	0.00892
12	0.01637	0.78856	0.03208	0.01047	0.01571	0.02422	0.01047	0.01833	0.01244	0.01440	0.00851	0.00982	0.00786	0.00524	0.00393	0.00131	0.00655	0.00327	0.00262	0.00786
13	0.01330	0.01327	0.01873	0.05317	0.01735	0.01850	0.01357	0.01478	0.00952	0.01478	0.00818	0.01354	0.00804	0.01049	0.01940	0.00265	0.73601	0.00536	0.00268	0.00670
14	0.00874	0.00656	0.00984	0.00984	0.01093	0.00765	0.00765	0.01093	0.00984	0.01421	0.01640	0.02405	0.01530	0.04591	0.76062	0.00984	0.01640	0.00656	0.00328	0.00547
15	0.01269	0.01088	0.01269	0.00907	0.01451	0.00816	0.00725	0.01541	0.01269	0.01995	0.01088	0.01269	0.00907	0.00453	0.00453	0.00091	0.00453	0.00363	0.00363	0.82229
16	0.01637	0.78856	0.03208	0.01047	0.01571	0.02422	0.01047	0.01833	0.01244	0.01440	0.00851	0.00982	0.00786	0.00524	0.00393	0.00131	0.00655	0.00327	0.00262	0.00786
17	0.13626	0.01741	0.01665	0.01323	0.01775	0.10802	0.01078	0.49400	0.02405	0.08263	0.01384	0.01400	0.00990	0.00700	0.00572	0.00182	0.00688	0.00506	0.00553	0.00948
18	0.01524	0.57925	0.23148	0.01240	0.01869	0.02145	0.01383	0.01862	0.01257	0.01578	0.00919	0.01068	0.00783	0.00540	0.00445	0.00148	0.00724	0.00362	0.00261	0.00818
19	0.01500	0.01439	0.02457	0.06832	0.71712	0.01450	0.01871	0.01865	0.01387	0.01982	0.01149	0.01520	0.00963	0.00548	0.00606	0.00183	0.00731	0.00545	0.00302	0.00957
20	0.01156	0.01088	0.01836	0.77016	0.04216	0.01360	0.01700	0.01564	0.01224	0.01564	0.01088	0.01632	0.00816	0.00612	0.00612	0.00204	0.00816	0.00544	0.00272	0.00680
21	0.01240	0.01200	0.02078	0.56614	0.13910	0.01415	0.07625	0.01637	0.01252	0.01654	0.01095	0.01602	0.00846	0.00618	0.00692	0.00204	0.04747	0.00559	0.00279	0.00732
22	0.01217	0.05470	0.67885	0.01656	0.02496	0.01397	0.02107	0.01882	0.01321	0.01957	0.06076	0.01505	0.01116	0.00625	0.00585	0.00192	0.00855	0.00493	0.00287	0.00878
23	0.00723	0.00620	0.00620	0.00620	0.00827	0.00517	0.00465	0.00878	0.01395	0.01654	0.06201	0.05891	0.74421	0.01550	0.00723	0.00207	0.00310	0.01292	0.00568	0.00517
24	0.02717	0.01089	0.01450	0.01112	0.01586	0.00970	0.00918	0.07920	0.01832	0.70043	0.02348	0.02040	0.01482	0.00756	0.00615	0.00189	0.00532	0.00611	0.00747	0.01042
25	0.01687	0.01530	0.05920	0.04103	0.02668	0.01393	0.44427	0.04379	0.06778	0.15928	0.01612	0.03991	0.01194	0.00638	0.00684	0.00203	0.00853	0.00708	0.00431	0.00874
26	0.01708	0.01200	0.01386	0.01274	0.04418	0.01293	0.00972	0.09540	0.38900	0.15345	0.06079	0.02768	0.05123	0.00916	0.00646	0.00206	0.00508	0.06172	0.00628	0.00918
27	0.00843	0.00625	0.00786	0.00745	0.00900	0.00568	0.00559	0.01110	0.01677	0.02323	0.63122	0.04790	0.17082	0.01301	0.00722	0.00195	0.00292	0.01137	0.00656	0.00568
28	0.82811	0.01184	0.00900	0.00805	0.01184	0.01373	0.00663	0.01799	0.01042	0.02746	0.00852	0.00994	0.00663	0.00568	0.00379	0.00189	0.00474	0.00331	0.00379	0.00663
29	0.00866	0.00626	0.00818	0.00770	0.00914	0.00578	0.00578	0.01155	0.01733	0.02455	0.74346	0.04572	0.05776	0.01251	0.00722	0.00193	0.00289	0.01107	0.00674	0.00578
30	0.01645	0.01315	0.01389	0.01215	0.01587	0.03420	0.00950	0.03080	0.59293	0.09630	0.02340	0.02158	0.01735	0.00790	0.00608	0.00196	0.00502	0.00653	0.00609	0.06887
31	0.01406	0.01102	0.01296	0.00934	0.01471	0.00852	0.00750	0.03583	0.01348	0.07368	0.01195	0.01334	0.00955	0.00483	0.00469	0.00100	0.00464	0.00386	0.00398	0.74105
32	0.01445	0.01651	0.03612	0.02580	0.03199	0.01548	0.72446	0.01961	0.01445	0.01961	0.01238	0.01651	0.00929	0.00516	0.00722	0.00206	0.01032	0.00722	0.00310	0.00826
33	0.01156	0.01088	0.01836	0.77016	0.04216	0.01360	0.01700	0.01564	0.01224	0.01564	0.01088	0.01632	0.00816	0.00612	0.00612	0.00204	0.00816	0.00544	0.00272	0.00680
34	0.00734	0.00621	0.00635	0.00631	0.00833	0.00521	0.00473	0.00899	0.01420	0.01712	0.11163	0.05795	0.69422	0.01529	0.00723	0.00206	0.00309	0.01278	0.00576	0.00521
35	0.00986	0.00705	0.00986	0.01127	0.01268	0.00705	0.00986	0.01268	0.01409	0.01832	0.03241	0.06905	0.03523	0.01691	0.00845	0.00282	0.00564	0.70549	0.00564	0.00564

[dist]
# distance from previous block
# <min> <max>
5	428

# created by:
# /software/SequenceAnalysis/GenePrediction/augustus/3.0.1/scripts/msa2prfl.pl ./fixed/BUSCOvEOG7HQFXS.fas
