[name]
unknown

[dist]
# distance from previous block
# <min> <max>
26	131

[block]
# block no. 0 follows, 38 sequences, length 40
# corresponding to MSA columns:
# 147-186
name=unknown_A
#
# <colnr> <probs for GDERKNQSTAVLIFYWHMCP>
#	G	D	E	R	K	N	Q	S	T	A	V	L	I	F	Y	W	H	M	C	P
0	0.00851	0.00615	0.00804	0.00757	0.00899	0.00568	0.00568	0.01135	0.01703	0.02412	0.74788	0.04494	0.05676	0.01230	0.00710	0.00189	0.00284	0.01088	0.00662	0.00568
1	0.00733	0.00524	0.00698	0.00838	0.00873	0.00489	0.00558	0.00838	0.01152	0.01536	0.03316	0.78466	0.03979	0.01885	0.00768	0.00244	0.00349	0.01710	0.00558	0.00489
2	0.00733	0.00524	0.00698	0.00838	0.00873	0.00489	0.00558	0.00838	0.01152	0.01536	0.03316	0.78466	0.03979	0.01885	0.00768	0.00244	0.00349	0.01710	0.00558	0.00489
3	0.02680	0.01055	0.01415	0.01085	0.01551	0.00931	0.00896	0.06252	0.01774	0.72128	0.02329	0.02019	0.01467	0.00744	0.00605	0.00186	0.00519	0.00602	0.00738	0.01024
4	0.00967	0.00550	0.00774	0.00770	0.00806	0.00537	0.00523	0.00880	0.01035	0.01415	0.19212	0.06840	0.02427	0.08090	0.01922	0.51300	0.00460	0.00754	0.00384	0.00357
5	0.02287	0.01685	0.01805	0.01384	0.01866	0.01866	0.01143	0.73100	0.02828	0.03791	0.01444	0.01444	0.01023	0.00722	0.00602	0.00181	0.00662	0.00542	0.00602	0.01023
6	0.83108	0.01163	0.00884	0.00791	0.01163	0.01350	0.00651	0.01768	0.01024	0.02699	0.00838	0.00977	0.00651	0.00558	0.00372	0.00186	0.00465	0.00326	0.00372	0.00651
7	0.83108	0.01163	0.00884	0.00791	0.01163	0.01350	0.00651	0.01768	0.01024	0.02699	0.00838	0.00977	0.00651	0.00558	0.00372	0.00186	0.00465	0.00326	0.00372	0.00651
8	0.01399	0.01074	0.01271	0.00941	0.01446	0.00854	0.00761	0.05042	0.01369	0.07975	0.01308	0.01624	0.01086	0.00549	0.00487	0.00112	0.00467	0.04251	0.00410	0.67572
9	0.02342	0.01596	0.01750	0.01342	0.01821	0.01733	0.01108	0.63650	0.02679	0.13452	0.01569	0.01526	0.01086	0.00725	0.00602	0.00181	0.00642	0.00550	0.00621	0.01023
10	0.02287	0.01685	0.01805	0.01384	0.01866	0.01866	0.01143	0.73100	0.02828	0.03791	0.01444	0.01444	0.01023	0.00722	0.00602	0.00181	0.00662	0.00542	0.00602	0.01023
11	0.02045	0.01452	0.01547	0.01213	0.01624	0.01595	0.00994	0.58242	0.02504	0.03470	0.01552	0.01610	0.01131	0.00718	0.00564	0.00172	0.00583	0.00546	0.17511	0.00927
12	0.02312	0.01568	0.01724	0.01330	0.01802	0.01702	0.01096	0.59373	0.05945	0.14471	0.01630	0.01571	0.01130	0.00730	0.00603	0.00182	0.00631	0.00557	0.00624	0.01020
13	0.00961	0.00686	0.00959	0.01098	0.01233	0.00685	0.00954	0.01231	0.01376	0.01791	0.03190	0.09403	0.03481	0.01670	0.00829	0.00276	0.00546	0.68525	0.00554	0.00552
14	0.00790	0.00575	0.00745	0.00782	0.00881	0.00529	0.00556	0.00988	0.01441	0.01979	0.39109	0.36590	0.09730	0.01534	0.00735	0.00214	0.00313	0.01370	0.00610	0.00529
15	0.01279	0.00937	0.01298	0.17958	0.01812	0.04535	0.04290	0.09134	0.01178	0.01522	0.01097	0.01691	0.00969	0.01463	0.01604	0.47265	0.00650	0.00530	0.00305	0.00483
16	0.01420	0.01623	0.03550	0.02535	0.03144	0.01521	0.72921	0.01927	0.01420	0.01927	0.01217	0.01623	0.00913	0.00507	0.00710	0.00203	0.01014	0.00710	0.00304	0.00811
17	0.00851	0.00615	0.00804	0.00757	0.00899	0.00568	0.00568	0.01135	0.01703	0.02412	0.74788	0.04494	0.05676	0.01230	0.00710	0.00189	0.00284	0.01088	0.00662	0.00568
18	0.01027	0.00995	0.01920	0.01565	0.01846	0.00931	0.31573	0.01305	0.01267	0.01703	0.02416	0.45530	0.02665	0.01294	0.00743	0.00227	0.00634	0.01281	0.00449	0.00627
19	0.01207	0.03112	0.75741	0.01715	0.02604	0.01397	0.02223	0.01905	0.01270	0.01905	0.01080	0.01270	0.00762	0.00572	0.00572	0.00191	0.00889	0.00445	0.00254	0.00889
20	0.79207	0.01159	0.00928	0.04437	0.01305	0.01349	0.00700	0.01757	0.01032	0.02644	0.00849	0.01007	0.00659	0.00560	0.00383	0.00187	0.00481	0.00336	0.00367	0.00652
21	0.00749	0.00535	0.00715	0.00847	0.00891	0.00501	0.00578	0.00868	0.01184	0.01582	0.06036	0.72265	0.04019	0.01849	0.00769	0.00244	0.00356	0.04955	0.00562	0.00495
22	0.08059	0.01648	0.01740	0.01342	0.01815	0.01829	0.01108	0.68005	0.02700	0.03713	0.01401	0.01411	0.00997	0.00710	0.00585	0.00181	0.00648	0.00526	0.00585	0.00997
23	0.01273	0.01336	0.02645	0.41351	0.03662	0.01426	0.35985	0.01725	0.01307	0.01725	0.01140	0.01613	0.00855	0.00556	0.00654	0.00202	0.00904	0.00619	0.00285	0.00737
24	0.04383	0.42936	0.17987	0.01372	0.04787	0.14547	0.01328	0.01917	0.01306	0.01594	0.00914	0.01078	0.00774	0.00558	0.00494	0.00153	0.02443	0.00372	0.00271	0.00785
25	0.02377	0.01449	0.01648	0.01273	0.01742	0.01527	0.01049	0.46489	0.06362	0.27018	0.01801	0.01684	0.01219	0.00735	0.00603	0.00184	0.00603	0.00570	0.00649	0.01019
26	0.02326	0.01140	0.01443	0.01128	0.01540	0.04050	0.00925	0.02547	0.01563	0.54043	0.01955	0.01817	0.01298	0.00738	0.00747	0.00182	0.09844	0.00554	0.00619	0.11542
27	0.01489	0.01429	0.02442	0.03692	0.75106	0.01429	0.01846	0.01846	0.01370	0.01965	0.01132	0.01489	0.00953	0.00536	0.00596	0.00179	0.00715	0.00536	0.00298	0.00953
28	0.01276	0.01236	0.02168	0.46735	0.27100	0.01383	0.08137	0.01673	0.01277	0.01711	0.01103	0.01568	0.00861	0.00572	0.00609	0.00194	0.00793	0.00551	0.00281	0.00774
29	0.00733	0.00524	0.00698	0.00838	0.00873	0.00489	0.00558	0.00838	0.01152	0.01536	0.03316	0.78466	0.03979	0.01885	0.00768	0.00244	0.00349	0.01710	0.00558	0.00489
30	0.01136	0.01069	0.01804	0.77412	0.04143	0.01337	0.01671	0.01537	0.01203	0.01537	0.01069	0.01604	0.00802	0.00601	0.00601	0.00200	0.00802	0.00535	0.00267	0.00668
31	0.00875	0.00583	0.00656	0.00656	0.00656	0.00583	0.00365	0.00875	0.00875	0.01166	0.01895	0.03937	0.02187	0.78858	0.03062	0.00583	0.00583	0.00875	0.00365	0.00365
32	0.00999	0.00725	0.00987	0.01050	0.07031	0.00691	0.00718	0.03711	0.01653	0.04302	0.54837	0.10523	0.04768	0.01218	0.00704	0.00197	0.00356	0.04290	0.00619	0.00620
33	0.01394	0.01065	0.01262	0.00909	0.01437	0.00810	0.00730	0.01658	0.01295	0.09405	0.01201	0.01328	0.00952	0.00476	0.00462	0.00099	0.00452	0.00382	0.00396	0.74286
34	0.83108	0.01163	0.00884	0.00791	0.01163	0.01350	0.00651	0.01768	0.01024	0.02699	0.00838	0.00977	0.00651	0.00558	0.00372	0.00186	0.00465	0.00326	0.00372	0.00651
35	0.00789	0.00608	0.00720	0.00702	0.00863	0.00539	0.00523	0.01010	0.01540	0.02049	0.43349	0.09058	0.33311	0.01383	0.00713	0.00198	0.00296	0.01195	0.00615	0.00539
36	0.00873	0.00625	0.00758	0.00724	0.00894	0.00557	0.00543	0.01102	0.01566	0.05067	0.45343	0.08318	0.28735	0.01340	0.00709	0.00196	0.00303	0.01159	0.00626	0.00562
37	0.00871	0.00625	0.00868	0.00868	0.00946	0.00699	0.00634	0.01027	0.00949	0.01354	0.01701	0.02803	0.01697	0.25346	0.53759	0.00837	0.01286	0.00707	0.02532	0.00489
38	0.00873	0.00631	0.00747	0.00708	0.00890	0.00556	0.00534	0.01099	0.01562	0.05315	0.42192	0.04940	0.35089	0.01334	0.00706	0.00195	0.00303	0.01144	0.00622	0.00562
39	0.01589	0.75599	0.06606	0.01062	0.01594	0.02334	0.01086	0.01806	0.01225	0.01439	0.00848	0.00980	0.00772	0.00517	0.00395	0.00132	0.00655	0.00328	0.00257	0.00778

[dist]
# distance from previous block
# <min> <max>
0	71

[block]
# block no. 1 follows, 38 sequences, length 28
# corresponding to MSA columns:
# 258-285
name=unknown_B
#
# <colnr> <probs for GDERKNQSTAVLIFYWHMCP>
#	G	D	E	R	K	N	Q	S	T	A	V	L	I	F	Y	W	H	M	C	P
0	0.01235	0.08446	0.70653	0.01667	0.02529	0.01466	0.02139	0.01898	0.01267	0.01871	0.01063	0.01249	0.00763	0.00568	0.00559	0.00186	0.00872	0.00436	0.00254	0.00881
1	0.83108	0.01163	0.00884	0.00791	0.01163	0.01350	0.00651	0.01768	0.01024	0.02699	0.00838	0.00977	0.00651	0.00558	0.00372	0.00186	0.00465	0.00326	0.00372	0.00651
2	0.22536	0.01041	0.01210	0.00974	0.01388	0.01010	0.00799	0.02553	0.05265	0.48673	0.01967	0.01805	0.01302	0.00699	0.00535	0.00184	0.00483	0.00536	0.06144	0.00896
3	0.02086	0.00919	0.01218	0.00997	0.01355	0.00829	0.00798	0.02418	0.06468	0.49826	0.18157	0.07750	0.02589	0.00932	0.00639	0.00192	0.00449	0.00789	0.00705	0.00884
4	0.01039	0.00561	0.00595	0.00610	0.00735	0.00551	0.00445	0.01286	0.01263	0.02115	0.06130	0.12175	0.04114	0.03093	0.00562	0.00170	0.00298	0.00763	0.62947	0.00545
5	0.83108	0.01163	0.00884	0.00791	0.01163	0.01350	0.00651	0.01768	0.01024	0.02699	0.00838	0.00977	0.00651	0.00558	0.00372	0.00186	0.00465	0.00326	0.00372	0.00651
6	0.01314	0.01410	0.02899	0.20533	0.05253	0.01408	0.48349	0.01770	0.01358	0.01818	0.01329	0.03632	0.01089	0.00622	0.00688	0.00206	0.00916	0.04332	0.00314	0.00760
7	0.02239	0.01646	0.01781	0.05882	0.01983	0.03828	0.01161	0.63174	0.02642	0.07419	0.01457	0.01476	0.01028	0.00713	0.00600	0.00181	0.00674	0.00540	0.00582	0.00993
8	0.01054	0.01001	0.06334	0.02618	0.05674	0.00847	0.00875	0.01361	0.06125	0.01791	0.07894	0.28315	0.02406	0.01186	0.00812	0.05483	0.04468	0.00945	0.00445	0.20368
9	0.01315	0.08077	0.57063	0.01755	0.08534	0.01402	0.01959	0.01906	0.01319	0.05551	0.04766	0.01465	0.01057	0.00606	0.00569	0.00185	0.00809	0.00483	0.00302	0.00877
10	0.01521	0.34255	0.25553	0.01517	0.06909	0.03457	0.04992	0.01906	0.01314	0.07017	0.01204	0.01555	0.01000	0.00621	0.00520	0.00169	0.00739	0.04612	0.00315	0.00826
11	0.01136	0.01069	0.01804	0.77412	0.04143	0.01337	0.01671	0.01537	0.01203	0.01537	0.01069	0.01604	0.00802	0.00601	0.00601	0.00200	0.00802	0.00535	0.00267	0.00668
12	0.01878	0.01540	0.11007	0.05766	0.02392	0.01286	0.26955	0.08242	0.03154	0.27212	0.03307	0.01789	0.01223	0.00642	0.00641	0.00193	0.00759	0.00627	0.00486	0.00901
13	0.01430	0.10543	0.09022	0.11507	0.39433	0.01540	0.08891	0.01913	0.06422	0.01881	0.01186	0.01489	0.00955	0.00561	0.00583	0.00181	0.00746	0.00531	0.00308	0.00879
14	0.01715	0.01331	0.01377	0.01201	0.01560	0.05275	0.00943	0.07904	0.51888	0.12394	0.02470	0.02277	0.05298	0.00825	0.00612	0.00197	0.00517	0.00674	0.00611	0.00932
15	0.00940	0.00664	0.00862	0.04672	0.01157	0.00647	0.00699	0.01202	0.05602	0.05640	0.07640	0.41769	0.13239	0.01578	0.00739	0.00232	0.00407	0.11178	0.00563	0.00570
16	0.02393	0.01245	0.01463	0.01171	0.01601	0.04859	0.00961	0.16889	0.07130	0.47330	0.02174	0.02206	0.01516	0.00800	0.00617	0.00191	0.00571	0.05241	0.00672	0.00971
17	0.01261	0.07401	0.56350	0.05535	0.02700	0.01473	0.13224	0.01884	0.01287	0.01861	0.01086	0.01323	0.00788	0.00559	0.00583	0.00189	0.00889	0.00483	0.00263	0.00859
18	0.00905	0.00623	0.00802	0.00810	0.00952	0.00572	0.00613	0.01131	0.01506	0.05357	0.38781	0.20389	0.14107	0.01436	0.00732	0.00213	0.00343	0.09549	0.00617	0.00562
19	0.01428	0.01838	0.17521	0.06780	0.33293	0.06447	0.15275	0.01868	0.01366	0.01905	0.01169	0.01493	0.00921	0.00557	0.00599	0.00183	0.00811	0.00542	0.05147	0.00857
20	0.01779	0.05997	0.01623	0.04224	0.01711	0.10410	0.05082	0.18082	0.05334	0.13973	0.01832	0.16018	0.01622	0.00881	0.00605	0.00182	0.00625	0.00738	0.00507	0.08776
21	0.00839	0.00638	0.00750	0.00762	0.00930	0.00580	0.00583	0.01082	0.03590	0.03114	0.22802	0.13905	0.36532	0.01474	0.00728	0.00213	0.00344	0.09996	0.00589	0.00549
22	0.00798	0.00543	0.00677	0.00769	0.00801	0.00520	0.00495	0.00885	0.01082	0.01480	0.02832	0.52722	0.03320	0.23194	0.01382	0.00332	0.00410	0.01402	0.05898	0.00459
23	0.03225	0.01671	0.12363	0.10445	0.07682	0.01496	0.35047	0.01993	0.10287	0.01938	0.01288	0.01604	0.00982	0.00608	0.00747	0.00204	0.06655	0.00618	0.00330	0.00818
24	0.01950	0.01458	0.05374	0.01402	0.01846	0.05341	0.09816	0.14713	0.20311	0.23021	0.02006	0.02173	0.01487	0.00777	0.00629	0.00196	0.00642	0.05362	0.00572	0.00924
25	0.01341	0.01066	0.01159	0.01061	0.01336	0.01186	0.00814	0.02541	0.49503	0.04536	0.12331	0.06981	0.04465	0.02732	0.00680	0.00208	0.00429	0.00804	0.06002	0.00825
26	0.75097	0.01174	0.00975	0.05872	0.01383	0.01365	0.00735	0.04044	0.01094	0.02657	0.00872	0.01034	0.00673	0.00567	0.00395	0.00187	0.00494	0.00346	0.00373	0.00665
27	0.00851	0.00573	0.00663	0.00687	0.00693	0.00567	0.00398	0.00868	0.00922	0.01229	0.02138	0.16647	0.02493	0.65732	0.02671	0.00525	0.00543	0.01017	0.00398	0.00386

[dist]
# distance from previous block
# <min> <max>
0	2

[block]
# block no. 2 follows, 38 sequences, length 7
# corresponding to MSA columns:
# 288-294
name=unknown_C
#
# <colnr> <probs for GDERKNQSTAVLIFYWHMCP>
#	G	D	E	R	K	N	Q	S	T	A	V	L	I	F	Y	W	H	M	C	P
0	0.01092	0.01000	0.01370	0.01224	0.01278	0.01296	0.00986	0.01240	0.01017	0.01481	0.05184	0.02418	0.09931	0.07994	0.17622	0.00427	0.42823	0.00692	0.00337	0.00587
1	0.03468	0.03122	0.00948	0.00846	0.01070	0.00842	0.00646	0.03624	0.15727	0.04208	0.16700	0.15494	0.28456	0.01282	0.00674	0.00203	0.00373	0.01091	0.00580	0.00646
2	0.00950	0.00634	0.00812	0.00768	0.00930	0.00575	0.00575	0.01198	0.01615	0.07215	0.55243	0.11307	0.13312	0.01292	0.00708	0.00196	0.00308	0.01134	0.00646	0.00584
3	0.01989	0.01139	0.01409	0.01074	0.01531	0.01043	0.00877	0.13142	0.01660	0.32272	0.01670	0.01653	0.01176	0.00802	0.03687	0.00186	0.03930	0.00506	0.00548	0.29705
4	0.00733	0.00524	0.00698	0.00838	0.00873	0.00489	0.00558	0.00838	0.01152	0.01536	0.03316	0.78466	0.03979	0.01885	0.00768	0.00244	0.00349	0.01710	0.00558	0.00489
5	0.01207	0.03112	0.75741	0.01715	0.02604	0.01397	0.02223	0.01905	0.01270	0.01905	0.01080	0.01270	0.00762	0.00572	0.00572	0.00191	0.00889	0.00445	0.00254	0.00889
6	0.01242	0.02412	0.47458	0.01957	0.08275	0.01341	0.15526	0.01828	0.01320	0.01902	0.01356	0.01999	0.01121	0.00684	0.00630	0.00202	0.00860	0.08746	0.00302	0.00840

[dist]
# distance from previous block
# <min> <max>
0	1

[block]
# block no. 3 follows, 38 sequences, length 14
# corresponding to MSA columns:
# 296-309
name=unknown_D
#
# <colnr> <probs for GDERKNQSTAVLIFYWHMCP>
#	G	D	E	R	K	N	Q	S	T	A	V	L	I	F	Y	W	H	M	C	P
0	0.01017	0.00651	0.00857	0.00785	0.00956	0.00596	0.00596	0.01296	0.01705	0.08946	0.68316	0.04275	0.05302	0.01186	0.00700	0.00189	0.00304	0.01045	0.00670	0.00608
1	0.00828	0.00563	0.00670	0.00717	0.00728	0.00552	0.00429	0.00862	0.00967	0.01289	0.02369	0.28771	0.02784	0.53209	0.02297	0.00470	0.00505	0.01153	0.00429	0.00406
2	0.18527	0.17386	0.08458	0.01221	0.01702	0.09665	0.01103	0.25692	0.03269	0.05990	0.01175	0.01243	0.00885	0.00626	0.00503	0.00170	0.00672	0.00434	0.00431	0.00849
3	0.00733	0.00524	0.00698	0.00838	0.00873	0.00489	0.00558	0.00838	0.01152	0.01536	0.03316	0.78466	0.03979	0.01885	0.00768	0.00244	0.00349	0.01710	0.00558	0.00489
4	0.01298	0.01099	0.01274	0.00915	0.01447	0.00853	0.00734	0.04965	0.01324	0.02049	0.01087	0.01257	0.00897	0.00459	0.00453	0.00094	0.00456	0.00365	0.00368	0.78607
5	0.15045	0.01163	0.01372	0.04753	0.01638	0.01083	0.03649	0.07348	0.06132	0.10530	0.01302	0.01405	0.00987	0.00553	0.00492	0.00141	0.00515	0.00437	0.00432	0.41022
6	0.02329	0.01617	0.01763	0.01352	0.01832	0.01765	0.01117	0.65887	0.02715	0.11164	0.01540	0.01506	0.01071	0.00724	0.00602	0.00181	0.00647	0.00548	0.00616	0.01023
7	0.00895	0.00628	0.00798	0.00748	0.00909	0.00570	0.00564	0.01160	0.01660	0.04777	0.63244	0.04583	0.14698	0.01252	0.00706	0.00191	0.00294	0.01096	0.00651	0.00575
8	0.00742	0.00531	0.00706	0.00831	0.00875	0.00495	0.00559	0.00861	0.01195	0.01604	0.08910	0.72676	0.04112	0.01833	0.00763	0.00240	0.00344	0.01661	0.00567	0.00495
9	0.01336	0.01131	0.04941	0.38152	0.02880	0.01182	0.08678	0.01712	0.03670	0.10429	0.04162	0.05550	0.01305	0.00808	0.00770	0.05029	0.03517	0.00640	0.03405	0.00703
10	0.03886	0.00916	0.01122	0.12234	0.01578	0.00963	0.00824	0.04262	0.06979	0.05044	0.01575	0.01836	0.01237	0.00869	0.04657	0.00201	0.04849	0.00523	0.30188	0.16257
11	0.19553	0.01321	0.01268	0.01060	0.01403	0.07162	0.00837	0.26073	0.03292	0.06829	0.07459	0.05247	0.03624	0.07028	0.00754	0.00213	0.00565	0.00624	0.02100	0.03588
12	0.02046	0.03274	0.01521	0.01136	0.01583	0.01242	0.00934	0.22928	0.04585	0.27384	0.04828	0.01748	0.01366	0.00703	0.00628	0.00166	0.03894	0.00545	0.00575	0.18914
13	0.08760	0.01381	0.02342	0.10193	0.04997	0.01386	0.31620	0.13433	0.01552	0.02231	0.01364	0.07938	0.01152	0.00668	0.00627	0.00190	0.00765	0.00674	0.00381	0.08346

[dist]
# distance from previous block
# <min> <max>
1	4

[block]
# block no. 4 follows, 38 sequences, length 17
# corresponding to MSA columns:
# 314-330
name=unknown_E
#
# <colnr> <probs for GDERKNQSTAVLIFYWHMCP>
#	G	D	E	R	K	N	Q	S	T	A	V	L	I	F	Y	W	H	M	C	P
0	0.12192	0.01317	0.01619	0.01277	0.01716	0.01366	0.09630	0.17643	0.19885	0.04242	0.01542	0.01625	0.01173	0.00828	0.04282	0.00210	0.00631	0.00537	0.00477	0.17808
1	0.11668	0.07651	0.20856	0.07839	0.04051	0.08258	0.01341	0.07262	0.05466	0.11461	0.05339	0.01722	0.01271	0.00684	0.00557	0.00184	0.00695	0.02460	0.00414	0.00820
2	0.38762	0.01402	0.05198	0.02433	0.01512	0.05538	0.00895	0.10626	0.01397	0.08736	0.01105	0.01218	0.00831	0.00594	0.00507	0.00169	0.02929	0.00401	0.00414	0.15331
3	0.05751	0.05197	0.01474	0.01130	0.01533	0.11979	0.00916	0.11157	0.08120	0.36234	0.01880	0.01772	0.01294	0.00707	0.00558	0.00176	0.00593	0.00543	0.08088	0.00900
4	0.00859	0.00645	0.00967	0.00967	0.01074	0.00752	0.00752	0.01074	0.00967	0.01396	0.01611	0.02363	0.01504	0.04512	0.76474	0.00967	0.01611	0.00645	0.00322	0.00537
5	0.01489	0.01429	0.02442	0.03692	0.75106	0.01429	0.01846	0.01846	0.01370	0.01965	0.01132	0.01489	0.00953	0.00536	0.00596	0.00179	0.00715	0.00536	0.00298	0.00953
6	0.01888	0.01552	0.17343	0.01445	0.01984	0.01122	0.13890	0.03928	0.05147	0.33796	0.09839	0.02074	0.01701	0.00723	0.00628	0.00191	0.00657	0.00645	0.00545	0.00904
7	0.02572	0.01202	0.07732	0.01125	0.01627	0.00928	0.00998	0.02844	0.01683	0.69249	0.02263	0.01981	0.01427	0.00730	0.00602	0.00187	0.00544	0.00591	0.00703	0.01012
8	0.00851	0.00615	0.00804	0.00757	0.00899	0.00568	0.00568	0.01135	0.01703	0.02412	0.74788	0.04494	0.05676	0.01230	0.00710	0.00189	0.00284	0.01088	0.00662	0.00568
9	0.11562	0.60490	0.05459	0.01069	0.01564	0.08425	0.01039	0.01852	0.01240	0.01595	0.00853	0.00988	0.00757	0.00531	0.00404	0.00140	0.00668	0.00332	0.00276	0.00755
10	0.19010	0.08457	0.01747	0.09276	0.08568	0.01646	0.01142	0.26201	0.01706	0.02577	0.01198	0.04632	0.00993	0.00727	0.00698	0.00191	0.09475	0.00523	0.00419	0.00813
11	0.00873	0.00589	0.00685	0.00685	0.00694	0.00599	0.00400	0.00893	0.00883	0.01188	0.01869	0.03792	0.02124	0.72035	0.09799	0.00618	0.00678	0.00854	0.00361	0.00380
12	0.00774	0.00574	0.00729	0.00818	0.00914	0.00529	0.00594	0.00933	0.01294	0.01695	0.12547	0.45427	0.18246	0.01703	0.00758	0.00234	0.00360	0.10789	0.00570	0.00511
13	0.01336	0.01552	0.07805	0.10525	0.12231	0.01400	0.45285	0.01806	0.01404	0.01930	0.07451	0.01825	0.01302	0.00587	0.00674	0.00198	0.00882	0.00683	0.00327	0.00799
14	0.01520	0.01721	0.09678	0.04783	0.02805	0.01559	0.47204	0.12387	0.06440	0.02213	0.01306	0.01599	0.00970	0.00579	0.00697	0.00200	0.02477	0.00649	0.00362	0.00851
15	0.09483	0.06774	0.05029	0.02264	0.09324	0.01576	0.46970	0.05301	0.01412	0.02047	0.01141	0.01476	0.00879	0.00544	0.00673	0.00194	0.03171	0.00609	0.00319	0.00814
16	0.10378	0.01318	0.02173	0.14580	0.02413	0.01507	0.22020	0.01722	0.01185	0.05831	0.01067	0.01454	0.00856	0.00717	0.01050	0.00214	0.25984	0.00555	0.00319	0.04659

[dist]
# distance from previous block
# <min> <max>
20	55

[block]
# block no. 5 follows, 38 sequences, length 24
# corresponding to MSA columns:
# 402-425
name=unknown_F
#
# <colnr> <probs for GDERKNQSTAVLIFYWHMCP>
#	G	D	E	R	K	N	Q	S	T	A	V	L	I	F	Y	W	H	M	C	P
0	0.01440	0.01746	0.19602	0.01471	0.05870	0.01455	0.01308	0.05586	0.46893	0.02364	0.02035	0.01972	0.02658	0.00742	0.00600	0.00196	0.00594	0.00613	0.00502	0.02352
1	0.01245	0.01941	0.32695	0.07874	0.02273	0.01185	0.08249	0.01712	0.01280	0.04194	0.03504	0.05707	0.01163	0.00655	0.00630	0.00173	0.03855	0.00554	0.00330	0.20780
2	0.02006	0.01184	0.04746	0.01256	0.06743	0.00996	0.00973	0.05417	0.06835	0.37607	0.01913	0.04924	0.01381	0.00700	0.00571	0.00166	0.00524	0.00581	0.00573	0.20906
3	0.00733	0.00524	0.00698	0.00838	0.00873	0.00489	0.00558	0.00838	0.01152	0.01536	0.03316	0.78466	0.03979	0.01885	0.00768	0.00244	0.00349	0.01710	0.00558	0.00489
4	0.01491	0.01257	0.01786	0.03699	0.01876	0.01223	0.16148	0.21377	0.03045	0.02433	0.02862	0.05459	0.06495	0.00750	0.00600	0.00169	0.00615	0.02812	0.05123	0.20779
5	0.01283	0.01451	0.06876	0.47661	0.03608	0.05912	0.19809	0.01710	0.01287	0.01654	0.01094	0.01551	0.00826	0.00585	0.00649	0.00199	0.02283	0.00565	0.00278	0.00720
6	0.00762	0.00546	0.00724	0.00818	0.00879	0.00508	0.00561	0.00910	0.01286	0.01750	0.20783	0.60388	0.04394	0.01725	0.00754	0.00231	0.00333	0.01558	0.00584	0.00508
7	0.00821	0.00568	0.00664	0.00704	0.00731	0.00550	0.00428	0.00863	0.00996	0.01310	0.02655	0.25342	0.08830	0.50387	0.02209	0.00455	0.00493	0.01146	0.00436	0.00412
8	0.15127	0.13169	0.02873	0.01197	0.02765	0.06601	0.03060	0.12574	0.22254	0.02394	0.01576	0.03931	0.01259	0.00710	0.00541	0.00179	0.01570	0.00542	0.06861	0.00815
9	0.01991	0.01474	0.01638	0.03671	0.01807	0.01534	0.01038	0.48127	0.04435	0.06443	0.01412	0.01452	0.01029	0.00654	0.00564	0.00160	0.00601	0.00503	0.00538	0.20931
10	0.01327	0.00933	0.01575	0.01251	0.01563	0.00854	0.18306	0.01642	0.01597	0.15990	0.37138	0.07449	0.05738	0.01007	0.00693	0.00195	0.00509	0.00944	0.00581	0.00707
11	0.01431	0.01445	0.05476	0.11512	0.39500	0.01441	0.07651	0.02150	0.19105	0.02044	0.01451	0.01689	0.01139	0.00611	0.00609	0.00190	0.00700	0.00582	0.00370	0.00905
12	0.01435	0.01238	0.01333	0.01143	0.01530	0.01327	0.00894	0.02786	0.56234	0.02381	0.02111	0.02001	0.01605	0.00726	0.00571	0.00176	0.00469	0.00601	0.00550	0.20891
13	0.00849	0.01156	0.19038	0.01052	0.01296	0.00711	0.00965	0.01099	0.01181	0.01626	0.02769	0.59600	0.03193	0.01564	0.00720	0.00231	0.00481	0.01401	0.00484	0.00586
14	0.01733	0.01410	0.01494	0.01272	0.01655	0.01607	0.01009	0.24134	0.52696	0.02898	0.02148	0.02005	0.01593	0.00788	0.00609	0.00197	0.00532	0.00639	0.00609	0.00973
15	0.02312	0.01042	0.01359	0.01031	0.01510	0.00881	0.00844	0.02593	0.03556	0.55575	0.02057	0.01857	0.01352	0.00673	0.00566	0.00163	0.00495	0.00546	0.00646	0.20943
16	0.01398	0.01317	0.02131	0.09148	0.48942	0.01271	0.03740	0.01742	0.01327	0.01927	0.01114	0.01444	0.00924	0.00518	0.00563	0.00159	0.00665	0.00497	0.00310	0.20863
17	0.01496	0.02545	0.47662	0.01707	0.02433	0.01542	0.08741	0.19288	0.01651	0.02349	0.01170	0.01349	0.00842	0.00622	0.00650	0.00192	0.04015	0.00497	0.00344	0.00905
18	0.01272	0.11401	0.46118	0.01467	0.02215	0.01371	0.04630	0.01799	0.01265	0.01863	0.01054	0.01244	0.00801	0.00531	0.00525	0.00159	0.00757	0.00420	0.00281	0.20826
19	0.00963	0.19767	0.01312	0.00895	0.01052	0.00964	0.00692	0.01097	0.01176	0.01513	0.02671	0.53899	0.03126	0.03267	0.00730	0.00225	0.00438	0.05175	0.00480	0.00559
20	0.01213	0.00646	0.00869	0.00895	0.01035	0.00585	0.00638	0.01349	0.01291	0.19617	0.03085	0.59790	0.03370	0.01606	0.00728	0.00230	0.00389	0.01440	0.00604	0.00619
21	0.01347	0.01430	0.02463	0.01899	0.02279	0.07461	0.39413	0.04718	0.01391	0.01829	0.01675	0.20321	0.01644	0.00914	0.00827	0.00214	0.08179	0.00903	0.00376	0.00718
22	0.01378	0.01061	0.01125	0.01035	0.01315	0.01191	0.00807	0.02594	0.49489	0.03671	0.02473	0.02553	0.04073	0.00846	0.00578	0.00191	0.00427	0.03816	0.20549	0.00826
23	0.00768	0.00538	0.00688	0.00793	0.00820	0.00512	0.00511	0.00847	0.01084	0.01445	0.02969	0.60252	0.03541	0.20696	0.01328	0.00327	0.00406	0.01506	0.00511	0.00458

[dist]
# distance from previous block
# <min> <max>
0	296

# created by:
# /software/SequenceAnalysis/GenePrediction/augustus/3.0.1/scripts/msa2prfl.pl ./fixed/BUSCOvEOG7TF207.fas
