[name]
unknown

[dist]
# distance from previous block
# <min> <max>
0	173

[block]
# block no. 0 follows, 41 sequences, length 25
# corresponding to MSA columns:
# 177-201
name=unknown_A
#
# <colnr> <probs for GDERKNQSTAVLIFYWHMCP>
#	G	D	E	R	K	N	Q	S	T	A	V	L	I	F	Y	W	H	M	C	P
0	0.00959	0.00550	0.00752	0.00793	0.00858	0.00553	0.00596	0.00984	0.01005	0.01438	0.01835	0.08459	0.01861	0.01758	0.05873	0.36652	0.00509	0.17959	0.16205	0.00401
1	0.02110	0.11095	0.06167	0.01352	0.04292	0.33417	0.01095	0.08160	0.01623	0.23335	0.01324	0.01334	0.00957	0.00614	0.00524	0.00158	0.00770	0.00441	0.00427	0.00805
2	0.00768	0.00671	0.03407	0.00708	0.00892	0.00550	0.00569	0.00987	0.01418	0.01861	0.34005	0.04870	0.37698	0.03240	0.00734	0.00201	0.00324	0.06021	0.00556	0.00519
3	0.01350	0.01543	0.03375	0.02411	0.02989	0.01446	0.74253	0.01832	0.01350	0.01832	0.01157	0.01543	0.00868	0.00482	0.00675	0.00193	0.00964	0.00675	0.00289	0.00771
4	0.00695	0.00580	0.00609	0.00626	0.00805	0.00494	0.00475	0.00845	0.01292	0.01552	0.05441	0.10006	0.66638	0.01478	0.00687	0.00200	0.00309	0.06251	0.00531	0.00485
5	0.02466	0.01134	0.01427	0.01094	0.01540	0.01079	0.00904	0.21069	0.01906	0.58065	0.02031	0.01800	0.01303	0.00703	0.00574	0.00176	0.00523	0.00560	0.00673	0.00973
6	0.01058	0.00881	0.01463	0.58287	0.03108	0.01069	0.01304	0.01275	0.01040	0.01340	0.01011	0.01581	0.00823	0.00940	0.01005	0.21829	0.00693	0.00505	0.00253	0.00535
7	0.00908	0.00649	0.00907	0.01038	0.01164	0.00647	0.00899	0.01162	0.01304	0.01697	0.03036	0.10759	0.03321	0.01593	0.00787	0.00262	0.00515	0.68304	0.00527	0.00523
8	0.00774	0.00569	0.00796	0.00883	0.00955	0.00542	0.02832	0.00914	0.01136	0.01502	0.03029	0.54628	0.05059	0.07200	0.00894	0.00260	0.00407	0.16631	0.00510	0.00479
9	0.01197	0.13031	0.67298	0.01545	0.02344	0.01450	0.01965	0.01799	0.01202	0.01751	0.00996	0.01170	0.00726	0.00536	0.00520	0.00173	0.00815	0.00407	0.00242	0.00831
10	0.00844	0.00547	0.00728	0.00795	0.00876	0.00505	0.00553	0.00987	0.01240	0.06590	0.18307	0.58707	0.03964	0.01591	0.00708	0.00218	0.00329	0.01433	0.00563	0.00514
11	0.01162	0.00996	0.01158	0.00835	0.01328	0.00749	0.00666	0.01411	0.01192	0.01849	0.01242	0.01389	0.04390	0.00472	0.00435	0.00090	0.00417	0.00380	0.00348	0.79492
12	0.03933	0.08814	0.04539	0.07183	0.04520	0.02721	0.16088	0.07764	0.13248	0.06886	0.04542	0.01757	0.02320	0.00950	0.06105	0.02498	0.04402	0.00578	0.00396	0.00756
13	0.00716	0.00549	0.00661	0.00736	0.00845	0.00494	0.00534	0.00856	0.01218	0.01551	0.07031	0.40894	0.31442	0.01615	0.00713	0.00218	0.00333	0.08578	0.00535	0.00481
14	0.00817	0.00613	0.00919	0.00919	0.01021	0.00715	0.00715	0.01021	0.00919	0.01328	0.01532	0.02247	0.01430	0.04290	0.77631	0.00919	0.01532	0.00613	0.00306	0.00511
15	0.01101	0.01047	0.01794	0.73306	0.06406	0.01280	0.04103	0.01484	0.01156	0.01488	0.01024	0.01522	0.00771	0.00567	0.00575	0.00190	0.00767	0.00514	0.00256	0.00649
16	0.01394	0.06107	0.04156	0.07510	0.43251	0.10270	0.06269	0.01696	0.01299	0.01707	0.01269	0.10062	0.01180	0.00664	0.00574	0.00175	0.00707	0.00614	0.00307	0.00790
17	0.00845	0.00573	0.00693	0.00664	0.00798	0.00533	0.00492	0.01087	0.01465	0.02121	0.50533	0.03973	0.12127	0.05168	0.00738	0.00192	0.00286	0.00948	0.16243	0.00522
18	0.00817	0.00613	0.00919	0.00919	0.01021	0.00715	0.00715	0.01021	0.00919	0.01328	0.01532	0.02247	0.01430	0.04290	0.77631	0.00919	0.01532	0.00613	0.00306	0.00511
19	0.01529	0.80242	0.02997	0.00979	0.01468	0.02263	0.00979	0.01713	0.01162	0.01346	0.00795	0.00918	0.00734	0.00489	0.00367	0.00122	0.00612	0.00306	0.00245	0.00734
20	0.01374	0.01475	0.02986	0.02817	0.30102	0.01414	0.47452	0.01804	0.01332	0.01846	0.01127	0.01496	0.00882	0.00492	0.00635	0.00184	0.00859	0.00614	0.00287	0.00821
21	0.01272	0.01014	0.01223	0.04868	0.01496	0.00794	0.00735	0.01530	0.01214	0.06773	0.01098	0.01254	0.00880	0.00450	0.00441	0.00096	0.00445	0.00363	0.00359	0.73696
22	0.00886	0.00612	0.00691	0.00648	0.00718	0.00580	0.00390	0.00928	0.00891	0.01244	0.01706	0.03358	0.01900	0.66771	0.02499	0.00479	0.00527	0.00758	0.03616	0.10798
23	0.01348	0.01278	0.02350	0.20490	0.08277	0.01378	0.29601	0.01702	0.01223	0.06942	0.01129	0.01506	0.00872	0.00619	0.00845	0.00196	0.15157	0.00573	0.01762	0.02752
24	0.01491	0.01195	0.01245	0.01119	0.03172	0.06419	0.00850	0.34553	0.01904	0.02466	0.02556	0.22494	0.13888	0.01111	0.00632	0.00192	0.00523	0.02935	0.00527	0.00726

[dist]
# distance from previous block
# <min> <max>
4	18

[block]
# block no. 1 follows, 41 sequences, length 32
# corresponding to MSA columns:
# 220-251
name=unknown_B
#
# <colnr> <probs for GDERKNQSTAVLIFYWHMCP>
#	G	D	E	R	K	N	Q	S	T	A	V	L	I	F	Y	W	H	M	C	P
0	0.07870	0.16499	0.04444	0.00924	0.01183	0.01057	0.01785	0.06276	0.01310	0.05629	0.11360	0.33444	0.02607	0.01134	0.00589	0.00188	0.00448	0.00974	0.00466	0.01812
1	0.05022	0.34287	0.02114	0.01105	0.01525	0.01824	0.00974	0.19884	0.12184	0.02151	0.01174	0.01251	0.00944	0.00611	0.00556	0.00153	0.05910	0.00423	0.00387	0.07523
2	0.01125	0.00763	0.01019	0.00927	0.01144	0.00697	0.04298	0.01402	0.07208	0.11505	0.02464	0.39116	0.03909	0.07198	0.00809	0.00219	0.00425	0.01081	0.00501	0.14189
3	0.01462	0.07646	0.06969	0.01071	0.01479	0.01070	0.05859	0.08593	0.06897	0.14691	0.12195	0.02250	0.06628	0.04751	0.00674	0.00178	0.00515	0.00624	0.00477	0.15969
4	0.17452	0.02757	0.01360	0.01112	0.01429	0.06819	0.00896	0.29420	0.07937	0.02596	0.06949	0.01688	0.01346	0.04221	0.05977	0.00245	0.06046	0.00531	0.00460	0.00759
5	0.01114	0.00846	0.01093	0.07290	0.01382	0.00885	0.03002	0.19136	0.01502	0.02003	0.02477	0.51433	0.02752	0.01379	0.00676	0.00213	0.00460	0.01231	0.00511	0.00614
6	0.01047	0.00847	0.00965	0.00921	0.01121	0.00906	0.00692	0.01863	0.33582	0.02133	0.25854	0.18446	0.07021	0.01137	0.00645	0.00197	0.00363	0.00992	0.00584	0.00681
7	0.07125	0.01255	0.01332	0.02402	0.01468	0.07404	0.03871	0.29326	0.01834	0.09560	0.01701	0.01952	0.03642	0.00805	0.02248	0.00185	0.00578	0.04130	0.18414	0.00767
8	0.01101	0.00785	0.01195	0.17373	0.12006	0.00804	0.00957	0.01315	0.01224	0.10372	0.06019	0.39566	0.02561	0.01202	0.00654	0.00206	0.00485	0.01086	0.00465	0.00625
9	0.01345	0.00663	0.00894	0.00873	0.01048	0.00595	0.00638	0.01487	0.01283	0.27548	0.02842	0.52635	0.02963	0.01416	0.00676	0.00213	0.00386	0.01262	0.00592	0.00641
10	0.01957	0.01346	0.01508	0.01206	0.01594	0.01473	0.00982	0.41080	0.16688	0.14676	0.06770	0.01806	0.01488	0.00754	0.00635	0.00181	0.03770	0.00585	0.00586	0.00916
11	0.01322	0.09805	0.44007	0.01664	0.06544	0.11929	0.07600	0.01797	0.01270	0.01692	0.01144	0.06540	0.00958	0.00623	0.00548	0.00175	0.00814	0.00512	0.00275	0.00781
12	0.01203	0.01117	0.01750	0.06249	0.46621	0.01119	0.01329	0.01587	0.06368	0.01849	0.07600	0.02518	0.16725	0.00772	0.00598	0.00178	0.00558	0.00700	0.00378	0.00779
13	0.01172	0.00660	0.00820	0.00762	0.00970	0.00579	0.00577	0.01353	0.01409	0.20091	0.19427	0.19777	0.27616	0.01279	0.00662	0.00195	0.00342	0.01103	0.00595	0.00611
14	0.01346	0.01296	0.02232	0.18499	0.59597	0.01344	0.03932	0.01699	0.01272	0.01786	0.01067	0.01441	0.00876	0.00521	0.00571	0.00175	0.00705	0.00514	0.00278	0.00848
15	0.01352	0.29684	0.37817	0.01385	0.02029	0.01600	0.07048	0.01791	0.01245	0.05481	0.04770	0.01322	0.01008	0.00560	0.00500	0.00161	0.00726	0.00439	0.00289	0.00792
16	0.00832	0.00555	0.00624	0.00624	0.00624	0.00555	0.00347	0.00832	0.00832	0.01109	0.01802	0.03743	0.02080	0.79898	0.02911	0.00555	0.00555	0.00832	0.00347	0.00347
17	0.00714	0.00508	0.00669	0.00779	0.00818	0.00476	0.00520	0.00820	0.01118	0.01500	0.08595	0.68853	0.03794	0.06857	0.00869	0.00249	0.00342	0.01529	0.00526	0.00463
18	0.01022	0.00881	0.02763	0.01658	0.22037	0.00823	0.03975	0.01278	0.01319	0.03077	0.16644	0.22851	0.05351	0.01173	0.00673	0.00205	0.00485	0.12674	0.00468	0.00641
19	0.01191	0.02538	0.56614	0.05742	0.04629	0.01350	0.16296	0.01796	0.01235	0.01799	0.01053	0.01295	0.00760	0.00532	0.00571	0.00184	0.00860	0.00479	0.00253	0.00822
20	0.01780	0.02079	0.01875	0.07808	0.27809	0.43086	0.01371	0.02011	0.01451	0.01566	0.00956	0.01208	0.00798	0.00574	0.00582	0.00162	0.03422	0.00432	0.00286	0.00744
21	0.01344	0.01332	0.06940	0.21172	0.26812	0.01356	0.01459	0.10709	0.07394	0.01955	0.01323	0.07172	0.01133	0.00702	0.00680	0.00189	0.06595	0.00596	0.00349	0.00789
22	0.00793	0.00586	0.00742	0.00707	0.00851	0.00534	0.00534	0.01045	0.01567	0.02174	0.64368	0.04498	0.15391	0.01218	0.00677	0.00184	0.00279	0.02707	0.00613	0.00531
23	0.01473	0.01379	0.02470	0.01849	0.02308	0.01387	0.41379	0.06355	0.17309	0.07491	0.01544	0.04206	0.01191	0.00641	0.00699	0.00193	0.04665	0.00668	0.00406	0.02388
24	0.01552	0.01384	0.01639	0.16456	0.13580	0.06696	0.01217	0.16455	0.30339	0.02302	0.01596	0.01681	0.01206	0.00665	0.00571	0.00182	0.00622	0.00554	0.00451	0.00850
25	0.00832	0.00555	0.00624	0.00624	0.00624	0.00555	0.00347	0.00832	0.00832	0.01109	0.01802	0.03743	0.02080	0.79898	0.02911	0.00555	0.00555	0.00832	0.00347	0.00347
26	0.01011	0.00828	0.01256	0.27848	0.02090	0.00988	0.01046	0.06745	0.01131	0.01547	0.01341	0.01930	0.01164	0.02728	0.45073	0.00610	0.01197	0.00569	0.00308	0.00589
27	0.01247	0.01251	0.02254	0.02937	0.06878	0.01110	0.35035	0.01616	0.01302	0.01876	0.06779	0.01606	0.01205	0.00515	0.00571	0.00149	0.00685	0.00562	0.00333	0.32087
28	0.01149	0.01160	0.02288	0.08281	0.09250	0.01170	0.35979	0.01513	0.01179	0.01630	0.01268	0.01774	0.01058	0.01812	0.27330	0.00442	0.01118	0.00624	0.00292	0.00682
29	0.01328	0.39539	0.41938	0.01322	0.01999	0.01771	0.01576	0.01765	0.01186	0.01591	0.00917	0.01070	0.00729	0.00518	0.00460	0.00153	0.00735	0.00367	0.00243	0.00793
30	0.00736	0.00528	0.00699	0.00770	0.00838	0.00491	0.00534	0.00895	0.01277	0.01749	0.28412	0.53442	0.04343	0.01576	0.00711	0.00214	0.00310	0.01421	0.00565	0.00491
31	0.01151	0.02480	0.56238	0.01716	0.02443	0.01281	0.16204	0.01733	0.01227	0.01787	0.01225	0.07638	0.01001	0.00633	0.00585	0.00188	0.00827	0.00570	0.00274	0.00800

[dist]
# distance from previous block
# <min> <max>
0	1

[block]
# block no. 2 follows, 41 sequences, length 11
# corresponding to MSA columns:
# 253-263
name=unknown_C
#
# <colnr> <probs for GDERKNQSTAVLIFYWHMCP>
#	G	D	E	R	K	N	Q	S	T	A	V	L	I	F	Y	W	H	M	C	P
0	0.01200	0.00896	0.01045	0.01019	0.01232	0.00957	0.00795	0.07210	0.27383	0.05797	0.02768	0.24800	0.05572	0.01241	0.00669	0.00216	0.00442	0.15501	0.00560	0.00696
1	0.00767	0.00560	0.00721	0.00730	0.00841	0.00514	0.00529	0.00979	0.01447	0.02000	0.49954	0.25490	0.10603	0.01366	0.00690	0.00196	0.00289	0.01214	0.00594	0.00514
2	0.01258	0.08758	0.36019	0.01762	0.05975	0.01491	0.15502	0.01754	0.03212	0.01722	0.01023	0.01290	0.00798	0.00607	0.00780	0.00187	0.14116	0.00482	0.00266	0.02998
3	0.01724	0.01555	0.09832	0.01199	0.01710	0.01396	0.01066	0.40924	0.04824	0.02818	0.01260	0.01326	0.00936	0.00592	0.00523	0.00146	0.00582	0.00455	0.00463	0.26671
4	0.00712	0.00504	0.00659	0.00777	0.00807	0.00475	0.00511	0.00800	0.01066	0.01421	0.03004	0.71166	0.03595	0.10407	0.00971	0.00268	0.00356	0.01538	0.00511	0.00452
5	0.00770	0.00608	0.00805	0.00797	0.00942	0.00551	0.03711	0.00964	0.01342	0.01764	0.24813	0.24637	0.27135	0.01429	0.00700	0.00206	0.00345	0.07422	0.00549	0.00511
6	0.01911	0.10022	0.01781	0.01232	0.01655	0.01482	0.07562	0.34353	0.08023	0.14891	0.01566	0.01577	0.01126	0.00655	0.00541	0.00167	0.00581	0.00529	0.09470	0.00875
7	0.00957	0.00702	0.00888	0.07863	0.01216	0.00723	0.00681	0.10823	0.01317	0.01773	0.02703	0.50399	0.06280	0.05378	0.00783	0.00229	0.00417	0.01255	0.05066	0.00547
8	0.01959	0.01001	0.01432	0.05003	0.01621	0.00931	0.07687	0.08714	0.01618	0.43786	0.06164	0.05946	0.09840	0.00833	0.00607	0.00183	0.00518	0.00717	0.00602	0.00838
9	0.01757	0.08038	0.01677	0.10778	0.03381	0.24956	0.01083	0.21837	0.05462	0.02115	0.01231	0.05206	0.01022	0.00659	0.00533	0.00159	0.00726	0.00498	0.00392	0.08489
10	0.08038	0.01393	0.02787	0.11342	0.02815	0.01357	0.52946	0.01862	0.01321	0.08619	0.01211	0.01528	0.00885	0.00517	0.00628	0.00190	0.00855	0.00617	0.00328	0.00761

[dist]
# distance from previous block
# <min> <max>
13	22

[block]
# block no. 3 follows, 41 sequences, length 22
# corresponding to MSA columns:
# 286-307
name=unknown_D
#
# <colnr> <probs for GDERKNQSTAVLIFYWHMCP>
#	G	D	E	R	K	N	Q	S	T	A	V	L	I	F	Y	W	H	M	C	P
0	0.00776	0.00567	0.00656	0.00681	0.00823	0.00498	0.00493	0.00929	0.01287	0.04273	0.13845	0.28872	0.39223	0.01477	0.00683	0.00202	0.00307	0.01280	0.02627	0.00503
1	0.06575	0.01177	0.01585	0.22604	0.02122	0.05246	0.03759	0.01412	0.01064	0.01516	0.01482	0.01840	0.10223	0.00869	0.01156	0.00215	0.35660	0.00579	0.00297	0.00617
2	0.07049	0.01662	0.07118	0.05811	0.16328	0.07362	0.13429	0.29682	0.01831	0.02514	0.01164	0.01351	0.00874	0.00586	0.00568	0.00175	0.00735	0.00509	0.00396	0.00854
3	0.00934	0.00656	0.00765	0.00739	0.00916	0.00601	0.00550	0.05965	0.01440	0.06689	0.20214	0.21843	0.33817	0.01367	0.00675	0.00197	0.00331	0.01178	0.00567	0.00556
4	0.00801	0.00541	0.00633	0.00664	0.00671	0.00534	0.00389	0.00824	0.00893	0.01190	0.02115	0.21271	0.02474	0.61833	0.02407	0.00480	0.00503	0.01016	0.00389	0.00374
5	0.01483	0.01539	0.02038	0.07742	0.52408	0.15808	0.01538	0.01773	0.01339	0.01726	0.01176	0.06619	0.01059	0.00615	0.00568	0.00171	0.00728	0.00558	0.00300	0.00813
6	0.01655	0.02839	0.38258	0.01550	0.02112	0.40498	0.01596	0.02054	0.01420	0.01600	0.00953	0.01117	0.00731	0.00567	0.00529	0.00164	0.00941	0.00395	0.00269	0.00752
7	0.02149	0.00942	0.01233	0.00999	0.01368	0.00862	0.00803	0.06019	0.06426	0.55030	0.06053	0.11803	0.01914	0.00871	0.00600	0.00185	0.00461	0.00732	0.00667	0.00883
8	0.00690	0.00544	0.00623	0.00678	0.00800	0.00477	0.00480	0.00820	0.01226	0.01537	0.07371	0.37383	0.42174	0.01586	0.00699	0.00210	0.00307	0.01381	0.00535	0.00477
9	0.01466	0.01433	0.02604	0.12742	0.12735	0.01464	0.37523	0.15607	0.01556	0.02108	0.01192	0.02802	0.00925	0.00572	0.00656	0.00187	0.02677	0.00611	0.00341	0.00801
10	0.00763	0.00586	0.00819	0.00888	0.02813	0.00545	0.03551	0.00905	0.01184	0.01581	0.12818	0.51974	0.11034	0.06685	0.00853	0.00239	0.00369	0.01387	0.00516	0.00492
11	0.00767	0.00593	0.00801	0.00885	0.00914	0.00626	0.00622	0.00869	0.01068	0.01450	0.02851	0.69682	0.03402	0.01693	0.00874	0.00235	0.10205	0.01485	0.00496	0.00485
12	0.01263	0.01488	0.07936	0.03358	0.02675	0.01306	0.57498	0.01697	0.01300	0.01768	0.01341	0.04989	0.01136	0.00673	0.00738	0.03593	0.00880	0.05327	0.00309	0.00725
13	0.01515	0.21848	0.34142	0.01559	0.07132	0.21227	0.01549	0.01905	0.01310	0.01594	0.00936	0.01105	0.00743	0.00540	0.00494	0.00157	0.00824	0.00386	0.00259	0.00775
14	0.01409	0.01741	0.21309	0.04983	0.46940	0.01320	0.05378	0.01832	0.01298	0.06678	0.01142	0.01406	0.00887	0.00532	0.00567	0.00175	0.00726	0.00500	0.00299	0.00880
15	0.83938	0.01106	0.00841	0.00752	0.01106	0.01283	0.00619	0.01681	0.00973	0.02566	0.00796	0.00929	0.00619	0.00531	0.00354	0.00177	0.00442	0.00310	0.00354	0.00619
16	0.01057	0.00739	0.01006	0.00934	0.01102	0.00720	0.05403	0.05949	0.05054	0.08036	0.11884	0.34759	0.08118	0.09212	0.03060	0.00261	0.00457	0.01145	0.00523	0.00582
17	0.00778	0.00581	0.00743	0.00724	0.00859	0.00546	0.00542	0.01006	0.01438	0.01979	0.48885	0.09320	0.17735	0.01655	0.10356	0.00279	0.00436	0.01053	0.00564	0.00521
18	0.00812	0.00559	0.00689	0.00705	0.00730	0.00576	0.00444	0.00866	0.00883	0.01198	0.01917	0.12969	0.02162	0.54756	0.17778	0.00588	0.00725	0.00887	0.00362	0.00395
19	0.01262	0.01599	0.12241	0.19917	0.03145	0.01391	0.48375	0.01744	0.01284	0.01744	0.01108	0.01497	0.00825	0.00511	0.00635	0.00191	0.00903	0.00605	0.00275	0.00749
20	0.01383	0.01357	0.02410	0.08892	0.61781	0.01364	0.10859	0.01743	0.01297	0.01834	0.01082	0.01440	0.00891	0.00511	0.00580	0.00174	0.00721	0.00530	0.00282	0.00869
21	0.01384	0.26952	0.06071	0.01515	0.11344	0.02558	0.10267	0.08468	0.04456	0.01928	0.13573	0.04004	0.01702	0.00674	0.00534	0.00160	0.00608	0.00579	0.00375	0.02847

[dist]
# distance from previous block
# <min> <max>
5	9

[block]
# block no. 4 follows, 41 sequences, length 24
# corresponding to MSA columns:
# 317-340
name=unknown_E
#
# <colnr> <probs for GDERKNQSTAVLIFYWHMCP>
#	G	D	E	R	K	N	Q	S	T	A	V	L	I	F	Y	W	H	M	C	P
0	0.00810	0.00585	0.00765	0.00720	0.00855	0.00540	0.00540	0.01079	0.01619	0.02294	0.76028	0.04273	0.05397	0.01169	0.00675	0.00180	0.00270	0.01034	0.00630	0.00540
1	0.01498	0.01212	0.01296	0.01154	0.01486	0.01384	0.00901	0.03023	0.70451	0.07283	0.02323	0.02122	0.01724	0.00772	0.00582	0.00193	0.00455	0.00642	0.00590	0.00910
2	0.01379	0.09987	0.14820	0.30931	0.03756	0.01383	0.01389	0.12313	0.03971	0.06349	0.04476	0.01689	0.03858	0.00646	0.00553	0.00177	0.00675	0.00529	0.00362	0.00756
3	0.01233	0.02190	0.39608	0.06551	0.07162	0.01385	0.26719	0.01776	0.01244	0.01783	0.01062	0.01356	0.00788	0.00542	0.00648	0.00188	0.04180	0.00523	0.00262	0.00802
4	0.01588	0.72787	0.02865	0.01026	0.01497	0.09509	0.00991	0.01768	0.01206	0.01351	0.00804	0.00929	0.00734	0.00499	0.00381	0.00125	0.00652	0.00312	0.00249	0.00727
5	0.01397	0.01332	0.02227	0.07579	0.67845	0.01358	0.01696	0.01815	0.05668	0.01877	0.01147	0.01464	0.00948	0.00529	0.00568	0.00172	0.00671	0.00518	0.00299	0.00891
6	0.01386	0.43777	0.35089	0.01280	0.01917	0.04645	0.01477	0.01777	0.01199	0.01550	0.00899	0.01048	0.00730	0.00517	0.00449	0.00149	0.00729	0.00359	0.00245	0.00780
7	0.00697	0.00498	0.00664	0.00796	0.00830	0.00465	0.00531	0.00796	0.01095	0.01460	0.03153	0.79525	0.03783	0.01792	0.00730	0.00232	0.00332	0.01626	0.00531	0.00465
8	0.01122	0.01086	0.01624	0.08819	0.01692	0.01407	0.06085	0.01290	0.00981	0.01434	0.01323	0.18210	0.01415	0.01095	0.01422	0.00237	0.49086	0.00756	0.00314	0.00602
9	0.01128	0.01051	0.01642	0.30611	0.18009	0.01147	0.05673	0.01624	0.11114	0.01743	0.05207	0.02417	0.14710	0.00764	0.00601	0.00187	0.00610	0.00685	0.00372	0.00705
10	0.01525	0.01115	0.01650	0.02157	0.36911	0.04217	0.01207	0.01785	0.01388	0.18451	0.09049	0.14450	0.01921	0.00830	0.00603	0.00182	0.00555	0.00751	0.00452	0.00803
11	0.00899	0.00750	0.00804	0.00761	0.00976	0.00740	0.00579	0.01453	0.20642	0.01924	0.19688	0.04367	0.41838	0.01215	0.00651	0.00191	0.00328	0.01025	0.00565	0.00605
12	0.01078	0.00987	0.01481	0.04919	0.17981	0.01173	0.01116	0.01258	0.01054	0.01513	0.01645	0.26244	0.01791	0.01324	0.05746	0.00265	0.28576	0.00868	0.00350	0.00630
13	0.01419	0.29834	0.02408	0.20913	0.06505	0.06747	0.09990	0.04121	0.01238	0.01546	0.00930	0.01234	0.00777	0.00581	0.00653	0.00168	0.09506	0.00445	0.00270	0.00715
14	0.00781	0.00640	0.00696	0.00679	0.00864	0.00586	0.00509	0.01096	0.08488	0.01804	0.22318	0.07988	0.48832	0.01331	0.00669	0.00192	0.00302	0.01129	0.00560	0.00536
15	0.00691	0.00571	0.00606	0.00616	0.00786	0.00486	0.00455	0.00843	0.01312	0.01608	0.12273	0.13124	0.61739	0.01458	0.00682	0.00196	0.00292	0.01234	0.00541	0.00486
16	0.01279	0.01334	0.02610	0.26884	0.19774	0.01371	0.34832	0.01697	0.01274	0.01722	0.01094	0.01509	0.00843	0.00517	0.00618	0.00187	0.00836	0.00585	0.00277	0.00758
17	0.03972	0.04590	0.65663	0.01680	0.03901	0.01358	0.07401	0.01805	0.01211	0.01829	0.01024	0.01220	0.00736	0.00536	0.00543	0.00180	0.00832	0.00437	0.00250	0.00831
18	0.01487	0.71697	0.11173	0.01051	0.01579	0.02160	0.01104	0.01724	0.01167	0.01397	0.00821	0.00950	0.00733	0.00495	0.00387	0.00129	0.00638	0.00319	0.00244	0.00746
19	0.01276	0.00752	0.00775	0.00700	0.00898	0.00792	0.00544	0.14109	0.05048	0.02401	0.01803	0.02001	0.01394	0.00675	0.00439	0.00143	0.00339	0.00535	0.64749	0.00627
20	0.01279	0.01350	0.02682	0.25840	0.16284	0.01377	0.39217	0.01705	0.01279	0.01725	0.01100	0.01515	0.00842	0.00514	0.00624	0.00188	0.00852	0.00595	0.00277	0.00754
21	0.01288	0.01229	0.02091	0.32090	0.48750	0.01325	0.01692	0.01643	0.01242	0.01714	0.01053	0.01457	0.00851	0.00533	0.00568	0.00178	0.00711	0.00509	0.00272	0.00803
22	0.01170	0.01433	0.18112	0.01114	0.01653	0.00908	0.05819	0.01482	0.01159	0.01766	0.01026	0.01267	0.00835	0.00604	0.00641	0.08122	0.00560	0.00395	0.00305	0.51627
23	0.01684	0.01889	0.01920	0.12967	0.31996	0.33403	0.01436	0.03375	0.01433	0.01640	0.00987	0.01265	0.00813	0.00565	0.00572	0.00165	0.02388	0.00450	0.00289	0.00762

[dist]
# distance from previous block
# <min> <max>
0	31

[block]
# block no. 5 follows, 41 sequences, length 52
# corresponding to MSA columns:
# 372-423
name=unknown_F
#
# <colnr> <probs for GDERKNQSTAVLIFYWHMCP>
#	G	D	E	R	K	N	Q	S	T	A	V	L	I	F	Y	W	H	M	C	P
0	0.01337	0.05564	0.01673	0.01403	0.01481	0.01538	0.01129	0.01424	0.01045	0.01557	0.01230	0.01881	0.01187	0.04197	0.23861	0.00482	0.47369	0.00599	0.00344	0.00700
1	0.01738	0.00841	0.01110	0.00952	0.01253	0.00775	0.00779	0.05273	0.02948	0.37780	0.22259	0.03390	0.04091	0.00996	0.00641	0.00193	0.00438	0.13131	0.00644	0.00770
2	0.01147	0.02959	0.76934	0.01630	0.02476	0.01328	0.02113	0.01811	0.01208	0.01811	0.01026	0.01208	0.00725	0.00543	0.00543	0.00181	0.00845	0.00423	0.00242	0.00845
3	0.01392	0.01335	0.02279	0.08808	0.71218	0.01353	0.01744	0.01735	0.01291	0.01840	0.01072	0.01423	0.00896	0.00514	0.00567	0.00171	0.00685	0.00510	0.00281	0.00887
4	0.83938	0.01106	0.00841	0.00752	0.01106	0.01283	0.00619	0.01681	0.00973	0.02566	0.00796	0.00929	0.00619	0.00531	0.00354	0.00177	0.00442	0.00310	0.00354	0.00619
5	0.01066	0.00533	0.00533	0.00533	0.00666	0.00533	0.00400	0.01333	0.01200	0.02132	0.01866	0.02132	0.01466	0.00666	0.00400	0.00133	0.00267	0.00533	0.83073	0.00533
6	0.01324	0.01279	0.01749	0.01487	0.01523	0.01754	0.01238	0.07157	0.01019	0.01553	0.00800	0.01261	0.00768	0.00976	0.01774	0.00244	0.72661	0.00502	0.00276	0.00653
7	0.00796	0.00552	0.00648	0.00663	0.00702	0.00533	0.00411	0.00862	0.01025	0.01373	0.13363	0.16125	0.08072	0.50076	0.02070	0.00421	0.00458	0.01016	0.00431	0.00404
8	0.00939	0.00767	0.01179	0.09729	0.01508	0.00776	0.08994	0.06828	0.01264	0.01681	0.02544	0.53114	0.02877	0.01413	0.00696	0.00220	0.00482	0.03954	0.00476	0.00561
9	0.01217	0.01201	0.01686	0.01456	0.01464	0.01670	0.01209	0.01348	0.00879	0.01373	0.00813	0.01330	0.00805	0.01261	0.07872	0.00303	0.72733	0.00509	0.00255	0.00617
10	0.00699	0.00580	0.00612	0.00604	0.00787	0.00493	0.00453	0.00866	0.01359	0.01676	0.18039	0.05290	0.63772	0.01400	0.00676	0.00191	0.00286	0.01177	0.00548	0.00493
11	0.00736	0.00551	0.00741	0.00846	0.00877	0.00556	0.00582	0.00837	0.01080	0.01454	0.02983	0.73989	0.03569	0.01736	0.00811	0.00234	0.05885	0.01546	0.00511	0.00476
12	0.02275	0.01407	0.01543	0.01357	0.07507	0.11391	0.01013	0.20846	0.04656	0.39362	0.01758	0.01644	0.01185	0.00674	0.00566	0.00172	0.00610	0.00530	0.00580	0.00924
13	0.01372	0.00668	0.00731	0.00658	0.00860	0.00658	0.00512	0.06042	0.01360	0.14033	0.01898	0.02057	0.01428	0.00674	0.00438	0.00143	0.00324	0.00539	0.64977	0.00630
14	0.01542	0.00749	0.00988	0.00835	0.01104	0.00662	0.00659	0.01781	0.01602	0.33705	0.39280	0.03387	0.09309	0.00996	0.00633	0.00180	0.00363	0.00854	0.00655	0.00719
15	0.01173	0.01175	0.01803	0.59304	0.03441	0.06683	0.07244	0.01519	0.01175	0.01481	0.01082	0.04390	0.00881	0.00639	0.00664	0.00193	0.05690	0.00553	0.00270	0.00641
16	0.00976	0.00934	0.01726	0.01434	0.01661	0.00920	0.27134	0.01215	0.01170	0.01588	0.02244	0.45251	0.02493	0.01258	0.00801	0.00220	0.06773	0.01195	0.00422	0.00588
17	0.01856	0.01632	0.01702	0.20404	0.02295	0.14453	0.01221	0.40921	0.02045	0.02602	0.01174	0.01347	0.00871	0.00656	0.00622	0.00176	0.04281	0.00488	0.00432	0.00821
18	0.00809	0.00630	0.00866	0.00869	0.00961	0.00687	0.00657	0.00986	0.01118	0.01552	0.15127	0.21542	0.10174	0.02586	0.31649	0.00496	0.07362	0.00981	0.00434	0.00511
19	0.04961	0.05213	0.01709	0.15777	0.02114	0.15190	0.01159	0.37916	0.01981	0.02550	0.01176	0.02553	0.00904	0.00662	0.00596	0.00173	0.03641	0.00488	0.00427	0.00809
20	0.01213	0.01008	0.01279	0.00970	0.01394	0.00839	0.05193	0.07417	0.01283	0.01908	0.01288	0.09850	0.01190	0.00697	0.00599	0.05345	0.00468	0.00525	0.00371	0.57161
21	0.26433	0.11721	0.01417	0.02379	0.01392	0.20734	0.00854	0.07779	0.01338	0.02007	0.03229	0.01300	0.00966	0.00866	0.05951	0.00214	0.03462	0.00412	0.06888	0.00658
22	0.00740	0.00535	0.00701	0.00775	0.00850	0.00497	0.00547	0.00899	0.01271	0.01724	0.24939	0.50236	0.07759	0.01581	0.00714	0.00216	0.00320	0.04646	0.00560	0.00491
23	0.02074	0.01567	0.01636	0.01289	0.01720	0.04523	0.01052	0.58563	0.13494	0.05858	0.01528	0.01494	0.01095	0.00697	0.00572	0.00174	0.00613	0.00531	0.00568	0.00951
24	0.01215	0.02319	0.48629	0.09872	0.23166	0.01331	0.01961	0.01761	0.01228	0.01792	0.01039	0.01297	0.00779	0.00537	0.00553	0.00179	0.00791	0.00455	0.00254	0.00841
25	0.06794	0.01168	0.09530	0.01023	0.01477	0.00897	0.00921	0.02349	0.03679	0.49879	0.04759	0.02101	0.06690	0.00734	0.00561	0.00174	0.00498	0.00592	0.00596	0.05577
26	0.01092	0.00692	0.00886	0.00793	0.00984	0.00653	0.00609	0.03950	0.04474	0.11284	0.61715	0.03809	0.04623	0.01082	0.00656	0.00180	0.00316	0.00946	0.00635	0.00621
27	0.00734	0.00525	0.00704	0.00817	0.00873	0.00495	0.00576	0.00871	0.01176	0.01577	0.10866	0.63247	0.03898	0.01702	0.00731	0.00230	0.00347	0.09610	0.00541	0.00480
28	0.01253	0.01683	0.16350	0.19196	0.03107	0.01386	0.45007	0.01746	0.01278	0.01746	0.01102	0.01478	0.00818	0.00513	0.00628	0.00190	0.00898	0.00592	0.00273	0.00755
29	0.01167	0.01196	0.02423	0.09348	0.02445	0.01154	0.45747	0.01551	0.01295	0.01787	0.06098	0.14097	0.01639	0.00753	0.00654	0.00194	0.00753	0.00821	0.06200	0.00679
30	0.00909	0.00602	0.00792	0.00743	0.00890	0.00553	0.00558	0.01164	0.01583	0.06796	0.66353	0.09452	0.05039	0.01185	0.00672	0.00183	0.00288	0.01048	0.00627	0.00561
31	0.00696	0.00501	0.00661	0.00788	0.00827	0.00465	0.00527	0.00797	0.01103	0.01463	0.03252	0.76731	0.06512	0.01779	0.00728	0.00231	0.00330	0.01610	0.00531	0.00465
32	0.01240	0.16981	0.38305	0.05357	0.07922	0.01469	0.06137	0.01785	0.05730	0.01709	0.01114	0.01344	0.00870	0.00839	0.06624	0.00230	0.00822	0.00456	0.00275	0.00791
33	0.00941	0.00720	0.00891	0.00913	0.01003	0.00776	0.00653	0.04008	0.12814	0.01629	0.02570	0.46835	0.03933	0.06322	0.01031	0.06124	0.06600	0.01205	0.00487	0.00544
34	0.00697	0.00498	0.00664	0.00796	0.00830	0.00465	0.00531	0.00796	0.01095	0.01460	0.03153	0.79525	0.03783	0.01792	0.00730	0.00232	0.00332	0.01626	0.00531	0.00465
35	0.01147	0.02959	0.76934	0.01630	0.02476	0.01328	0.02113	0.01811	0.01208	0.01811	0.01026	0.01208	0.00725	0.00543	0.00543	0.00181	0.00845	0.00423	0.00242	0.00845
36	0.04642	0.48783	0.02234	0.00962	0.01369	0.04507	0.00883	0.08725	0.06567	0.01809	0.01132	0.01244	0.00940	0.00562	0.00412	0.00137	0.00556	0.00388	0.13420	0.00730
37	0.01619	0.10673	0.02619	0.05979	0.05795	0.26666	0.34836	0.01945	0.01406	0.01617	0.01016	0.01298	0.00806	0.00524	0.00578	0.00169	0.00924	0.00516	0.00284	0.00730
38	0.02174	0.01602	0.01717	0.01316	0.01774	0.01774	0.01087	0.74423	0.02689	0.03605	0.01373	0.01373	0.00973	0.00687	0.00572	0.00172	0.00629	0.00515	0.00572	0.00973
39	0.01512	0.76734	0.06353	0.01008	0.01514	0.02221	0.01030	0.01717	0.01164	0.01367	0.00806	0.00931	0.00734	0.00492	0.00375	0.00125	0.00622	0.00311	0.00245	0.00739
40	0.00693	0.00580	0.00603	0.00597	0.00783	0.00490	0.00448	0.00853	0.01343	0.01639	0.14611	0.05350	0.67222	0.01414	0.00676	0.00191	0.00287	0.01185	0.00544	0.00490
41	0.00773	0.00585	0.00725	0.00696	0.00845	0.00538	0.00524	0.01003	0.01476	0.02009	0.50549	0.04456	0.24797	0.01494	0.06765	0.00242	0.00375	0.01049	0.00577	0.00522
42	0.02121	0.01576	0.01687	0.01305	0.01754	0.01749	0.01074	0.69374	0.07824	0.03519	0.01441	0.01427	0.01027	0.00693	0.00573	0.00173	0.00617	0.00524	0.00573	0.00968
43	0.01423	0.01229	0.01293	0.01164	0.01487	0.01423	0.00905	0.03039	0.75297	0.02393	0.02328	0.02134	0.01746	0.00776	0.00582	0.00194	0.00453	0.00647	0.00582	0.00905
44	0.04336	0.00916	0.01110	0.02498	0.01363	0.00981	0.00923	0.09694	0.17263	0.05268	0.02548	0.06470	0.02495	0.01221	0.00691	0.00229	0.00516	0.40257	0.00540	0.00679
45	0.01250	0.20947	0.55964	0.01455	0.02192	0.01552	0.01789	0.01848	0.04802	0.01731	0.01036	0.01185	0.00776	0.00542	0.00504	0.00168	0.00772	0.00406	0.00259	0.00822
46	0.19679	0.04436	0.01637	0.06439	0.03909	0.11352	0.04168	0.06916	0.01231	0.06456	0.00961	0.01226	0.00786	0.00720	0.00960	0.00197	0.27451	0.00448	0.00333	0.00695
47	0.00962	0.00825	0.01197	0.01113	0.01181	0.01060	0.00894	0.01140	0.00905	0.01344	0.01272	0.01915	0.01204	0.03195	0.52403	0.00696	0.27281	0.00575	0.00288	0.00549
48	0.00817	0.00613	0.00919	0.00919	0.01021	0.00715	0.00715	0.01021	0.00919	0.01328	0.01532	0.02247	0.01430	0.04290	0.77631	0.00919	0.01532	0.00613	0.00306	0.00511
49	0.01244	0.01020	0.01136	0.01092	0.02845	0.01121	0.00844	0.02329	0.47152	0.04036	0.04930	0.03360	0.13137	0.01007	0.00631	0.00204	0.00441	0.12134	0.00564	0.00774
50	0.02215	0.00916	0.01232	0.00985	0.01368	0.00812	0.00807	0.02493	0.04155	0.60691	0.12035	0.02480	0.02044	0.00814	0.00599	0.00182	0.00459	0.04137	0.00684	0.00892
51	0.00817	0.00552	0.00625	0.00633	0.00642	0.00546	0.00361	0.00829	0.00866	0.01148	0.02041	0.08456	0.05078	0.72044	0.02690	0.00521	0.00531	0.00895	0.00365	0.00359

[dist]
# distance from previous block
# <min> <max>
0	0

# created by:
# /software/SequenceAnalysis/GenePrediction/augustus/3.0.1/scripts/msa2prfl.pl ./fixed/BUSCOvEOG7BZPH4.fas
