[name]
unknown

[dist]
# distance from previous block
# <min> <max>
0	124

[block]
# block no. 0 follows, 41 sequences, length 61
# corresponding to MSA columns:
# 153-213
name=unknown_A
#
# <colnr> <probs for GDERKNQSTAVLIFYWHMCP>
#	G	D	E	R	K	N	Q	S	T	A	V	L	I	F	Y	W	H	M	C	P
0	0.01034	0.00739	0.00999	0.01124	0.01264	0.00724	0.00964	0.01263	0.01381	0.01810	0.03102	0.06511	0.03352	0.01634	0.00832	0.00282	0.00563	0.71275	0.00560	0.00584
1	0.02035	0.01217	0.01399	0.01171	0.01557	0.01250	0.00926	0.10674	0.34425	0.32039	0.02402	0.02228	0.04204	0.00831	0.00627	0.00204	0.00517	0.00655	0.00661	0.00976
2	0.01156	0.00937	0.01332	0.30990	0.02230	0.01074	0.01088	0.04907	0.01327	0.01866	0.14250	0.09857	0.02086	0.01189	0.06270	0.00263	0.08350	0.00751	0.09423	0.00654
3	0.01384	0.01401	0.02251	0.01809	0.01975	0.01717	0.20888	0.01574	0.01076	0.01603	0.00973	0.01478	0.00886	0.00926	0.01577	0.00253	0.56627	0.00582	0.00299	0.00721
4	0.01364	0.01133	0.01297	0.00955	0.01462	0.00898	0.00754	0.06732	0.01361	0.02084	0.01150	0.01349	0.00959	0.00517	0.00482	0.00112	0.00476	0.00389	0.00392	0.76133
5	0.01296	0.11331	0.67733	0.01621	0.02424	0.01483	0.02013	0.01868	0.01269	0.01858	0.01110	0.01326	0.00830	0.00610	0.00570	0.00194	0.00851	0.00446	0.00280	0.00886
6	0.15433	0.02322	0.01530	0.01372	0.01698	0.55804	0.01038	0.02301	0.01578	0.09798	0.01128	0.01266	0.00895	0.00664	0.00543	0.00176	0.00906	0.00418	0.00386	0.00745
7	0.01385	0.00807	0.01051	0.00957	0.01138	0.00813	0.00715	0.04924	0.01242	0.18207	0.04914	0.02699	0.01811	0.20610	0.35293	0.00612	0.01000	0.00700	0.00468	0.00656
8	0.01417	0.01500	0.02999	0.11599	0.08614	0.01429	0.54361	0.01825	0.01376	0.01889	0.01231	0.01653	0.00959	0.00565	0.00683	0.00204	0.00914	0.00653	0.00325	0.05803
9	0.01104	0.00581	0.00826	0.00821	0.00832	0.00565	0.00547	0.00831	0.00820	0.01104	0.01102	0.01879	0.01094	0.02034	0.02252	0.81945	0.00533	0.00531	0.00287	0.00311
10	0.01201	0.02223	0.46494	0.01712	0.05857	0.01219	0.11298	0.01668	0.01274	0.01840	0.01597	0.17714	0.01494	0.00866	0.00647	0.00212	0.00777	0.00746	0.00348	0.00811
11	0.01944	0.01993	0.01809	0.10202	0.02106	0.33974	0.07268	0.20172	0.01809	0.02142	0.01207	0.01445	0.00959	0.00699	0.00657	0.00187	0.04748	0.00500	0.05388	0.00792
12	0.01104	0.00581	0.00826	0.00821	0.00832	0.00565	0.00547	0.00831	0.00820	0.01104	0.01102	0.01879	0.01094	0.02034	0.02252	0.81945	0.00533	0.00531	0.00287	0.00311
13	0.02136	0.01565	0.01675	0.01289	0.01735	0.01731	0.01063	0.71881	0.02638	0.03554	0.01390	0.01400	0.00990	0.00686	0.00566	0.00170	0.00617	0.00516	0.03441	0.00957
14	0.00701	0.00500	0.00662	0.00791	0.00823	0.00468	0.00525	0.00798	0.01086	0.01449	0.03108	0.77027	0.03727	0.04367	0.00802	0.00243	0.00339	0.01600	0.00525	0.00461
15	0.01147	0.02959	0.76934	0.01630	0.02476	0.01328	0.02113	0.01811	0.01208	0.01811	0.01026	0.01208	0.00725	0.00543	0.00543	0.00181	0.00845	0.00423	0.00242	0.00845
16	0.01934	0.06119	0.01984	0.05242	0.02054	0.50372	0.12874	0.09467	0.01641	0.01693	0.00980	0.01166	0.00783	0.00576	0.00542	0.00158	0.00947	0.00436	0.00318	0.00714
17	0.00793	0.00584	0.00741	0.00702	0.00844	0.00532	0.00526	0.01047	0.01579	0.02199	0.67095	0.04429	0.14390	0.01205	0.00675	0.00182	0.00272	0.01056	0.00617	0.00532
18	0.13644	0.00992	0.01261	0.00982	0.01412	0.00901	0.00811	0.02637	0.01547	0.66630	0.02058	0.01808	0.01307	0.00684	0.00545	0.00177	0.00481	0.00539	0.00660	0.00925
19	0.01282	0.04866	0.01145	0.00989	0.01226	0.04848	0.00749	0.02065	0.34061	0.07560	0.02572	0.20245	0.07434	0.07343	0.00794	0.00224	0.00460	0.00892	0.00527	0.00714
20	0.00971	0.00775	0.00843	0.00800	0.01022	0.00757	0.00629	0.10167	0.08726	0.01934	0.07788	0.07845	0.44407	0.01306	0.00670	0.00200	0.00377	0.09646	0.00545	0.00592
21	0.00697	0.00498	0.00664	0.00796	0.00830	0.00465	0.00531	0.00796	0.01095	0.01460	0.03153	0.79525	0.03783	0.01792	0.00730	0.00232	0.00332	0.01626	0.00531	0.00465
22	0.22258	0.01075	0.01246	0.00984	0.01401	0.01055	0.00811	0.11102	0.01602	0.48636	0.03066	0.01671	0.01238	0.00670	0.00523	0.00176	0.00489	0.00511	0.00604	0.00880
23	0.01238	0.01167	0.01846	0.16479	0.02109	0.01471	0.10715	0.01463	0.01037	0.04560	0.01103	0.06985	0.01024	0.00953	0.02667	0.00239	0.43390	0.00610	0.00296	0.00647
24	0.01087	0.01027	0.01717	0.75272	0.03837	0.01291	0.01574	0.01458	0.01132	0.01458	0.01005	0.01513	0.00762	0.00590	0.00627	0.00193	0.04059	0.00508	0.00254	0.00635
25	0.00832	0.00555	0.00624	0.00624	0.00624	0.00555	0.00347	0.00832	0.00832	0.01109	0.01802	0.03743	0.02080	0.79898	0.02911	0.00555	0.00555	0.00832	0.00347	0.00347
26	0.01196	0.01026	0.01191	0.00861	0.01361	0.00790	0.00687	0.01508	0.04314	0.01886	0.01072	0.01226	0.00885	0.00438	0.00430	0.00089	0.00425	0.00352	0.00349	0.79913
27	0.20737	0.10025	0.01557	0.01217	0.01550	0.41834	0.00961	0.08590	0.01489	0.01858	0.00931	0.01087	0.00765	0.00755	0.04227	0.00191	0.00842	0.00374	0.00329	0.00681
28	0.01880	0.01416	0.01645	0.17341	0.02158	0.01594	0.01150	0.54826	0.02278	0.03070	0.01329	0.01451	0.00959	0.00662	0.00562	0.00173	0.00635	0.00515	0.05483	0.00876
29	0.01007	0.00877	0.01126	0.01063	0.01169	0.04594	0.00836	0.01294	0.06580	0.01414	0.01425	0.02045	0.01316	0.05727	0.51547	0.00691	0.15818	0.00590	0.00318	0.00564
30	0.00703	0.00581	0.00617	0.00608	0.00789	0.00494	0.00456	0.00873	0.01367	0.01696	0.19984	0.05256	0.61814	0.01392	0.00676	0.00190	0.00286	0.01172	0.00551	0.00494
31	0.00994	0.00497	0.00745	0.00745	0.00745	0.00497	0.00497	0.00745	0.00745	0.00994	0.00994	0.01739	0.00994	0.01987	0.02235	0.83358	0.00497	0.00497	0.00248	0.00248
32	0.00793	0.00584	0.00742	0.00703	0.00845	0.00533	0.00527	0.01048	0.01581	0.02204	0.67584	0.04421	0.13898	0.01203	0.00675	0.00181	0.00272	0.01055	0.00618	0.00533
33	0.00729	0.00582	0.00653	0.00635	0.00805	0.00505	0.00476	0.00923	0.01429	0.01842	0.33608	0.05017	0.48100	0.01338	0.00675	0.00188	0.00282	0.01139	0.00570	0.00505
34	0.01341	0.01283	0.02188	0.20102	0.60318	0.01340	0.01719	0.01690	0.01267	0.01779	0.01063	0.01440	0.00874	0.00523	0.00568	0.00174	0.00698	0.00509	0.00277	0.00846
35	0.01649	0.00825	0.00939	0.00790	0.01059	0.00817	0.00630	0.13596	0.01559	0.22399	0.01891	0.01959	0.01372	0.00681	0.00475	0.00151	0.00385	0.00541	0.47558	0.00723
36	0.02174	0.01602	0.01717	0.01316	0.01774	0.01774	0.01087	0.74423	0.02689	0.03605	0.01373	0.01373	0.00973	0.00687	0.00572	0.00172	0.00629	0.00515	0.00572	0.00973
37	0.01179	0.01093	0.01816	0.68079	0.03718	0.01320	0.05934	0.07015	0.01273	0.01646	0.01052	0.01515	0.00785	0.00575	0.00578	0.00189	0.00765	0.00519	0.00280	0.00669
38	0.00922	0.00658	0.00922	0.01053	0.01185	0.00658	0.00922	0.01185	0.01317	0.01712	0.03029	0.06452	0.03292	0.01580	0.00790	0.00263	0.00527	0.72480	0.00527	0.00527
39	0.01135	0.01080	0.01528	0.01345	0.01373	0.01474	0.01107	0.01281	0.00888	0.01363	0.00961	0.01519	0.00933	0.01884	0.22216	0.00430	0.58092	0.00531	0.00265	0.00595
40	0.00697	0.00498	0.00664	0.00796	0.00830	0.00465	0.00531	0.00796	0.01095	0.01460	0.03153	0.79525	0.03783	0.01792	0.00730	0.00232	0.00332	0.01626	0.00531	0.00465
41	0.01293	0.01321	0.01746	0.01500	0.01514	0.05340	0.01244	0.01419	0.00911	0.01378	0.00757	0.01241	0.00750	0.00982	0.01813	0.00245	0.75170	0.00494	0.00252	0.00627
42	0.01378	0.01306	0.02216	0.03325	0.70633	0.01306	0.01692	0.01712	0.01304	0.01857	0.01224	0.01797	0.01087	0.00591	0.00583	0.00177	0.00668	0.05966	0.00302	0.00877
43	0.00832	0.00555	0.00624	0.00624	0.00624	0.00555	0.00347	0.00832	0.00832	0.01109	0.01802	0.03743	0.02080	0.79898	0.02911	0.00555	0.00555	0.00832	0.00347	0.00347
44	0.02174	0.01602	0.01717	0.01316	0.01774	0.01774	0.01087	0.74423	0.02689	0.03605	0.01373	0.01373	0.00973	0.00687	0.00572	0.00172	0.00629	0.00515	0.00572	0.00973
45	0.01203	0.00665	0.00679	0.00630	0.00803	0.00686	0.00485	0.10344	0.01383	0.02314	0.01805	0.02039	0.01405	0.00669	0.00421	0.00138	0.00311	0.00531	0.72902	0.00587
46	0.00818	0.00609	0.00898	0.00898	0.00993	0.00704	0.00689	0.01008	0.00913	0.01312	0.01551	0.02354	0.01476	0.09695	0.72289	0.00893	0.01462	0.00628	0.00309	0.00499
47	0.01469	0.59077	0.02899	0.01251	0.01693	0.02082	0.11652	0.01689	0.01154	0.01420	0.00842	0.01050	0.00756	0.00551	0.00598	0.00148	0.10308	0.00383	0.00252	0.00726
48	0.02137	0.02726	0.01621	0.01474	0.01768	0.77602	0.01105	0.02284	0.01621	0.01400	0.00884	0.01031	0.00737	0.00589	0.00516	0.00147	0.01031	0.00368	0.00295	0.00663
49	0.00832	0.00555	0.00624	0.00624	0.00624	0.00555	0.00347	0.00832	0.00832	0.01109	0.01802	0.03743	0.02080	0.79898	0.02911	0.00555	0.00555	0.00832	0.00347	0.00347
50	0.00810	0.00585	0.00765	0.00720	0.00855	0.00540	0.00540	0.01079	0.01619	0.02294	0.76028	0.04273	0.05397	0.01169	0.00675	0.00180	0.00270	0.01034	0.00630	0.00540
51	0.01375	0.01941	0.31233	0.05700	0.39569	0.01308	0.01826	0.01835	0.01282	0.06901	0.01134	0.01375	0.00864	0.00539	0.00558	0.00176	0.00734	0.00480	0.00295	0.00876
52	0.08373	0.01565	0.01650	0.01273	0.01723	0.01737	0.01052	0.68908	0.02559	0.03526	0.01330	0.01340	0.00946	0.00675	0.00556	0.00172	0.00615	0.00499	0.00556	0.00946
53	0.02137	0.02726	0.01621	0.01474	0.01768	0.77602	0.01105	0.02284	0.01621	0.01400	0.00884	0.01031	0.00737	0.00589	0.00516	0.00147	0.01031	0.00368	0.00295	0.00663
54	0.00896	0.00649	0.00883	0.01005	0.01124	0.00650	0.00840	0.01181	0.04317	0.01688	0.03025	0.21446	0.03330	0.01591	0.00769	0.00254	0.00483	0.54811	0.00530	0.00529
55	0.00832	0.00555	0.00624	0.00624	0.00624	0.00555	0.00347	0.00832	0.00832	0.01109	0.01802	0.03743	0.02080	0.79898	0.02911	0.00555	0.00555	0.00832	0.00347	0.00347
56	0.83938	0.01106	0.00841	0.00752	0.01106	0.01283	0.00619	0.01681	0.00973	0.02566	0.00796	0.00929	0.00619	0.00531	0.00354	0.00177	0.00442	0.00310	0.00354	0.00619
57	0.02485	0.00992	0.01325	0.01028	0.01462	0.00882	0.00845	0.02806	0.06903	0.71412	0.02262	0.01960	0.01440	0.00713	0.00576	0.00178	0.00484	0.00580	0.00699	0.00969
58	0.01186	0.01017	0.01186	0.00847	0.01356	0.00762	0.00678	0.01440	0.01186	0.01864	0.01017	0.01186	0.00847	0.00424	0.00424	0.00085	0.00424	0.00339	0.00339	0.83395
59	0.01192	0.09325	0.67132	0.01668	0.05991	0.01408	0.02001	0.01800	0.01208	0.01775	0.01010	0.01194	0.00734	0.00537	0.00530	0.00176	0.00818	0.00417	0.00244	0.00839
60	0.01220	0.01206	0.01692	0.01460	0.01467	0.01678	0.01213	0.01351	0.00879	0.01373	0.00807	0.01323	0.00799	0.01236	0.07293	0.00298	0.73323	0.00509	0.00254	0.00617

[dist]
# distance from previous block
# <min> <max>
0	3

[block]
# block no. 1 follows, 41 sequences, length 10
# corresponding to MSA columns:
# 217-226
name=unknown_B
#
# <colnr> <probs for GDERKNQSTAVLIFYWHMCP>
#	G	D	E	R	K	N	Q	S	T	A	V	L	I	F	Y	W	H	M	C	P
0	0.02001	0.04066	0.01578	0.01273	0.01645	0.24723	0.01012	0.32342	0.12258	0.06753	0.01417	0.01436	0.01054	0.00664	0.00541	0.00164	0.00699	0.00487	0.05049	0.00838
1	0.01683	0.01085	0.01248	0.01040	0.01420	0.01096	0.00825	0.02594	0.37880	0.24230	0.02285	0.02109	0.05479	0.00736	0.00560	0.00172	0.00449	0.00607	0.00578	0.13922
2	0.01518	0.68793	0.10483	0.01068	0.01585	0.05626	0.01100	0.01749	0.01188	0.01396	0.00823	0.00952	0.00733	0.00499	0.00392	0.00129	0.00655	0.00321	0.00247	0.00742
3	0.09156	0.00761	0.00827	0.00767	0.00877	0.00809	0.00517	0.11483	0.01132	0.01644	0.01687	0.06700	0.01810	0.51111	0.08002	0.00475	0.00619	0.00757	0.00386	0.00482
4	0.83938	0.01106	0.00841	0.00752	0.01106	0.01283	0.00619	0.01681	0.00973	0.02566	0.00796	0.00929	0.00619	0.00531	0.00354	0.00177	0.00442	0.00310	0.00354	0.00619
5	0.02566	0.00973	0.01327	0.01018	0.01460	0.00841	0.00841	0.02788	0.01637	0.76726	0.02257	0.01947	0.01416	0.00708	0.00575	0.00177	0.00487	0.00575	0.00708	0.00973
6	0.00812	0.00553	0.00623	0.00631	0.00648	0.00544	0.00364	0.00829	0.00884	0.01164	0.02191	0.08367	0.07909	0.69202	0.02609	0.00507	0.00521	0.00908	0.00372	0.00364
7	0.01289	0.01238	0.02086	0.13204	0.45925	0.01330	0.05672	0.01599	0.01217	0.01719	0.01210	0.05904	0.01103	0.00687	0.00759	0.00191	0.10807	0.02976	0.00297	0.00788
8	0.01261	0.01280	0.01911	0.01591	0.01647	0.01722	0.08401	0.01421	0.00922	0.01421	0.00791	0.01280	0.00762	0.00950	0.01759	0.00245	0.71223	0.00518	0.00254	0.00640
9	0.00697	0.00498	0.00664	0.00796	0.00830	0.00465	0.00531	0.00796	0.01095	0.01460	0.03153	0.79525	0.03783	0.01792	0.00730	0.00232	0.00332	0.01626	0.00531	0.00465

[dist]
# distance from previous block
# <min> <max>
0	40

[block]
# block no. 2 follows, 41 sequences, length 14
# corresponding to MSA columns:
# 275-288
name=unknown_C
#
# <colnr> <probs for GDERKNQSTAVLIFYWHMCP>
#	G	D	E	R	K	N	Q	S	T	A	V	L	I	F	Y	W	H	M	C	P
0	0.01000	0.00866	0.01420	0.29397	0.02250	0.01023	0.06439	0.01291	0.01068	0.01485	0.01369	0.02092	0.01206	0.02084	0.30317	0.00476	0.05962	0.04502	0.05168	0.00585
1	0.07288	0.01024	0.01246	0.01073	0.01416	0.01029	0.00896	0.14328	0.08329	0.32130	0.02232	0.03046	0.01837	0.00940	0.00620	0.00201	0.00516	0.20428	0.00600	0.00820
2	0.00697	0.00498	0.00664	0.00796	0.00830	0.00465	0.00531	0.00796	0.01095	0.01460	0.03153	0.79525	0.03783	0.01792	0.00730	0.00232	0.00332	0.01626	0.00531	0.00465
3	0.00697	0.00498	0.00664	0.00796	0.00830	0.00465	0.00531	0.00796	0.01095	0.01460	0.03153	0.79525	0.03783	0.01792	0.00730	0.00232	0.00332	0.01626	0.00531	0.00465
4	0.08718	0.03586	0.01150	0.00945	0.01220	0.01073	0.00748	0.15304	0.15489	0.06711	0.32430	0.05418	0.03028	0.00922	0.00596	0.00181	0.00412	0.00771	0.00574	0.00724
5	0.01892	0.02319	0.01657	0.01481	0.01695	0.56666	0.01146	0.02034	0.01415	0.01393	0.00847	0.01092	0.00741	0.00703	0.00892	0.00176	0.22511	0.00405	0.00282	0.00653
6	0.17728	0.01054	0.01271	0.00995	0.01422	0.01007	0.00821	0.08975	0.01607	0.56349	0.01905	0.01706	0.01228	0.00673	0.00534	0.00177	0.00491	0.00520	0.00630	0.00907
7	0.00875	0.00588	0.00717	0.00761	0.00812	0.00588	0.00540	0.00978	0.01014	0.01369	0.02212	0.04544	0.02444	0.49328	0.02062	0.00433	0.00528	0.24513	0.05277	0.00417
8	0.01760	0.02035	0.10405	0.03908	0.09009	0.31313	0.12571	0.07329	0.01568	0.07839	0.05827	0.01483	0.01137	0.00613	0.00569	0.00168	0.00838	0.00508	0.00360	0.00762
9	0.00984	0.00751	0.01208	0.19728	0.01820	0.00774	0.07390	0.01195	0.01169	0.06998	0.02393	0.48053	0.02620	0.01301	0.00676	0.00215	0.00504	0.01194	0.00455	0.00570
10	0.02265	0.01173	0.01411	0.01106	0.01528	0.01173	0.00906	0.23785	0.10669	0.43918	0.01993	0.01807	0.01327	0.00708	0.00569	0.00176	0.00517	0.00565	0.03454	0.00950
11	0.14221	0.01478	0.02501	0.08926	0.06589	0.05873	0.40402	0.06334	0.01350	0.01981	0.01065	0.01387	0.00816	0.00540	0.00645	0.00187	0.04090	0.00559	0.00312	0.00743
12	0.01573	0.06165	0.01443	0.01368	0.07232	0.36379	0.00957	0.06995	0.01475	0.01614	0.01680	0.27043	0.01775	0.00982	0.00586	0.00178	0.00720	0.00803	0.00389	0.00643
13	0.05036	0.01154	0.01240	0.00992	0.01377	0.03580	0.00788	0.24616	0.01693	0.06565	0.01885	0.11991	0.07865	0.00803	0.00542	0.00153	0.00490	0.00654	0.00475	0.28100

[dist]
# distance from previous block
# <min> <max>
4	56

[block]
# block no. 3 follows, 41 sequences, length 46
# corresponding to MSA columns:
# 346-391
name=unknown_D
#
# <colnr> <probs for GDERKNQSTAVLIFYWHMCP>
#	G	D	E	R	K	N	Q	S	T	A	V	L	I	F	Y	W	H	M	C	P
0	0.00916	0.00730	0.00949	0.00967	0.05404	0.00635	0.00654	0.01093	0.01151	0.01648	0.06690	0.38127	0.02575	0.03967	0.04881	0.00226	0.00451	0.01024	0.00442	0.27471
1	0.06919	0.10842	0.05174	0.01296	0.04118	0.31366	0.01040	0.10684	0.01559	0.07336	0.01061	0.01166	0.00830	0.00564	0.00488	0.00144	0.00743	0.00393	0.00360	0.13918
2	0.53136	0.15778	0.01393	0.00892	0.01290	0.01528	0.00767	0.13305	0.01303	0.04860	0.00934	0.01030	0.00722	0.00554	0.00398	0.00166	0.00505	0.00350	0.00380	0.00708
3	0.01822	0.00795	0.01044	0.00869	0.01138	0.00713	0.00659	0.01979	0.01379	0.44841	0.08543	0.07167	0.02082	0.22890	0.01244	0.00286	0.00478	0.00748	0.00590	0.00732
4	0.02184	0.01587	0.01707	0.01309	0.01766	0.01751	0.01081	0.72685	0.02664	0.05378	0.01395	0.01387	0.00983	0.00687	0.00572	0.00172	0.00626	0.00516	0.00575	0.00973
5	0.00785	0.00540	0.00632	0.00669	0.00690	0.00525	0.00403	0.00821	0.00933	0.01232	0.02411	0.24974	0.06866	0.53552	0.02173	0.00444	0.00477	0.01075	0.00409	0.00387
6	0.01423	0.01229	0.01293	0.01164	0.01487	0.01423	0.00905	0.03039	0.75297	0.02393	0.02328	0.02134	0.01746	0.00776	0.00582	0.00194	0.00453	0.00647	0.00582	0.00905
7	0.00702	0.00509	0.00663	0.00776	0.00827	0.00470	0.00524	0.00815	0.01141	0.01515	0.07590	0.69739	0.09155	0.01731	0.00723	0.00226	0.00325	0.01561	0.00537	0.00470
8	0.00721	0.00581	0.00642	0.00627	0.00800	0.00502	0.00470	0.00909	0.01411	0.01800	0.29687	0.05086	0.52047	0.01354	0.00676	0.00189	0.00283	0.01148	0.00565	0.00502
9	0.78000	0.01096	0.00876	0.00772	0.01132	0.01251	0.00636	0.01762	0.01022	0.07979	0.00903	0.01003	0.00678	0.00544	0.00370	0.00177	0.00446	0.00329	0.00380	0.00645
10	0.00832	0.00555	0.00624	0.00624	0.00624	0.00555	0.00347	0.00832	0.00832	0.01109	0.01802	0.03743	0.02080	0.79898	0.02911	0.00555	0.00555	0.00832	0.00347	0.00347
11	0.02174	0.01602	0.01717	0.01316	0.01774	0.01774	0.01087	0.74423	0.02689	0.03605	0.01373	0.01373	0.00973	0.00687	0.00572	0.00172	0.00629	0.00515	0.00572	0.00973
12	0.01416	0.01359	0.02322	0.03511	0.76330	0.01359	0.01755	0.01755	0.01302	0.01869	0.01076	0.01416	0.00906	0.00510	0.00566	0.00170	0.00680	0.00510	0.00283	0.00906
13	0.83938	0.01106	0.00841	0.00752	0.01106	0.01283	0.00619	0.01681	0.00973	0.02566	0.00796	0.00929	0.00619	0.00531	0.00354	0.00177	0.00442	0.00310	0.00354	0.00619
14	0.01066	0.00533	0.00533	0.00533	0.00666	0.00533	0.00400	0.01333	0.01200	0.02132	0.01866	0.02132	0.01466	0.00666	0.00400	0.00133	0.00267	0.00533	0.83073	0.00533
15	0.00810	0.00585	0.00765	0.00720	0.00855	0.00540	0.00540	0.01079	0.01619	0.02294	0.76028	0.04273	0.05397	0.01169	0.00675	0.00180	0.00270	0.01034	0.00630	0.00540
16	0.00810	0.00585	0.00765	0.00720	0.00855	0.00540	0.00540	0.01079	0.01619	0.02294	0.76028	0.04273	0.05397	0.01169	0.00675	0.00180	0.00270	0.01034	0.00630	0.00540
17	0.00697	0.00498	0.00664	0.00796	0.00830	0.00465	0.00531	0.00796	0.01095	0.01460	0.03153	0.79525	0.03783	0.01792	0.00730	0.00232	0.00332	0.01626	0.00531	0.00465
18	0.02137	0.02726	0.01621	0.01474	0.01768	0.77602	0.01105	0.02284	0.01621	0.01400	0.00884	0.01031	0.00737	0.00589	0.00516	0.00147	0.01031	0.00368	0.00295	0.00663
19	0.01350	0.01543	0.03375	0.02411	0.02989	0.01446	0.74253	0.01832	0.01350	0.01832	0.01157	0.01543	0.00868	0.00482	0.00675	0.00193	0.00964	0.00675	0.00289	0.00771
20	0.00738	0.00533	0.00698	0.00815	0.00874	0.00502	0.00579	0.00863	0.01134	0.01491	0.03262	0.58661	0.08901	0.05363	0.00837	0.00249	0.00371	0.13135	0.00522	0.00471
21	0.00728	0.00522	0.00692	0.00775	0.00837	0.00486	0.00533	0.00875	0.01241	0.01693	0.23471	0.58544	0.04233	0.01618	0.00715	0.00218	0.00315	0.01461	0.00558	0.00486
22	0.00889	0.00674	0.00879	0.00843	0.00874	0.00779	0.00592	0.00970	0.00865	0.01215	0.01566	0.02920	0.01686	0.45158	0.25694	0.00622	0.12301	0.00716	0.00320	0.00438
23	0.01147	0.02959	0.76934	0.01630	0.02476	0.01328	0.02113	0.01811	0.01208	0.01811	0.01026	0.01208	0.00725	0.00543	0.00543	0.00181	0.00845	0.00423	0.00242	0.00845
24	0.00709	0.00507	0.00678	0.00811	0.00849	0.00475	0.00552	0.00818	0.01107	0.01474	0.03146	0.75511	0.03756	0.01780	0.00733	0.00234	0.00343	0.05518	0.00531	0.00468
25	0.01599	0.01255	0.02073	0.05231	0.48767	0.01210	0.05703	0.01918	0.01353	0.16058	0.01297	0.01507	0.00991	0.00540	0.00562	0.00166	0.00639	0.00516	0.00368	0.08247
26	0.28061	0.02227	0.48030	0.01295	0.01942	0.01271	0.01542	0.01729	0.01154	0.02083	0.05039	0.01284	0.00945	0.00573	0.00489	0.00180	0.00683	0.00419	0.00299	0.00755
27	0.02566	0.00973	0.01327	0.01018	0.01460	0.00841	0.00841	0.02788	0.01637	0.76726	0.02257	0.01947	0.01416	0.00708	0.00575	0.00177	0.00487	0.00575	0.00708	0.00973
28	0.01245	0.01248	0.04269	0.29506	0.41946	0.01279	0.04042	0.01602	0.01246	0.01704	0.01331	0.01690	0.05229	0.00586	0.00578	0.00180	0.00700	0.00553	0.00286	0.00780
29	0.01829	0.01308	0.01960	0.02589	0.47911	0.05346	0.01422	0.02120	0.01429	0.26194	0.01450	0.01568	0.01063	0.00578	0.00566	0.00171	0.00636	0.00523	0.00422	0.00915
30	0.01562	0.76018	0.02922	0.01006	0.01484	0.06369	0.00986	0.01744	0.01187	0.01349	0.00800	0.00924	0.00734	0.00495	0.00375	0.00124	0.00635	0.00309	0.00247	0.00730
31	0.01299	0.01255	0.03792	0.06206	0.50200	0.01169	0.01447	0.01615	0.01255	0.01822	0.01188	0.06197	0.01060	0.00574	0.00545	0.00157	0.00610	0.00539	0.00308	0.18761
32	0.01786	0.12937	0.11605	0.05757	0.02070	0.43410	0.09176	0.03839	0.01477	0.01550	0.00939	0.01130	0.00756	0.00560	0.00521	0.00156	0.00919	0.00411	0.00285	0.00714
33	0.00761	0.00608	0.00693	0.00735	0.00887	0.00558	0.00556	0.00998	0.05442	0.01612	0.05963	0.22882	0.42967	0.01505	0.00700	0.00212	0.00343	0.11532	0.00535	0.00510
34	0.01780	0.39186	0.03911	0.01227	0.01705	0.04256	0.10588	0.09837	0.01464	0.16642	0.01235	0.01299	0.00934	0.00563	0.00480	0.00150	0.00643	0.00442	0.02851	0.00806
35	0.07050	0.01039	0.01291	0.05805	0.01567	0.01007	0.00864	0.08937	0.09535	0.39688	0.01956	0.07410	0.01437	0.00744	0.00558	0.00174	0.00493	0.00610	0.00582	0.09255
36	0.00823	0.00551	0.00626	0.00635	0.00637	0.00549	0.00358	0.00830	0.00848	0.01131	0.01886	0.08430	0.02185	0.75067	0.02776	0.00535	0.00541	0.00881	0.00358	0.00354
37	0.00708	0.00563	0.00635	0.00654	0.00801	0.00491	0.00476	0.00869	0.01325	0.01681	0.19697	0.20754	0.46400	0.01463	0.00687	0.00199	0.00294	0.01259	0.00551	0.00491
38	0.06554	0.07151	0.06232	0.12053	0.47464	0.02877	0.01562	0.01785	0.01273	0.06172	0.01093	0.01375	0.00875	0.00532	0.00538	0.00170	0.00675	0.00479	0.00304	0.00838
39	0.01985	0.01744	0.01650	0.10250	0.01977	0.20679	0.01134	0.36736	0.05469	0.07166	0.01279	0.01370	0.00942	0.00669	0.00619	0.00173	0.04374	0.00487	0.00460	0.00837
40	0.00710	0.00581	0.00626	0.00615	0.00793	0.00497	0.00461	0.00886	0.01383	0.01734	0.23519	0.05194	0.58256	0.01378	0.00676	0.00190	0.00285	0.01164	0.00556	0.00497
41	0.01463	0.01259	0.01857	0.39582	0.20142	0.01432	0.01487	0.21872	0.01611	0.02154	0.01130	0.01457	0.00854	0.00589	0.00571	0.00181	0.00706	0.00510	0.00350	0.00792
42	0.01765	0.17402	0.01655	0.02524	0.01515	0.01407	0.00915	0.02627	0.35594	0.23985	0.01981	0.01900	0.01452	0.00709	0.00540	0.00176	0.00503	0.01932	0.00542	0.00878
43	0.00862	0.00629	0.00842	0.00940	0.01074	0.00610	0.00793	0.01098	0.01326	0.01722	0.09906	0.11462	0.13433	0.01541	0.00760	0.00244	0.00457	0.51246	0.00537	0.00517
44	0.00818	0.00608	0.00893	0.00893	0.00986	0.00701	0.00682	0.01005	0.00911	0.01308	0.01556	0.02380	0.01488	0.11022	0.70978	0.00887	0.01445	0.00632	0.00310	0.00496
45	0.00994	0.00497	0.00745	0.00745	0.00745	0.00497	0.00497	0.00745	0.00745	0.00994	0.00994	0.01739	0.00994	0.01987	0.02235	0.83358	0.00497	0.00497	0.00248	0.00248

[dist]
# distance from previous block
# <min> <max>
0	7

[block]
# block no. 4 follows, 41 sequences, length 80
# corresponding to MSA columns:
# 399-478
name=unknown_E
#
# <colnr> <probs for GDERKNQSTAVLIFYWHMCP>
#	G	D	E	R	K	N	Q	S	T	A	V	L	I	F	Y	W	H	M	C	P
0	0.78745	0.01101	0.00896	0.05627	0.01284	0.01282	0.00680	0.01668	0.00984	0.02497	0.00810	0.00967	0.00628	0.00534	0.00368	0.00178	0.00463	0.00322	0.00348	0.00620
1	0.09343	0.01551	0.01554	0.01223	0.01640	0.05996	0.01001	0.58931	0.02376	0.03287	0.01327	0.01365	0.00961	0.00666	0.00538	0.00168	0.00612	0.00490	0.06077	0.00894
2	0.06283	0.14868	0.12561	0.06208	0.01922	0.45812	0.01233	0.02042	0.01424	0.01517	0.00894	0.01064	0.00730	0.00563	0.00491	0.00153	0.00889	0.00372	0.00280	0.00696
3	0.01423	0.01229	0.01293	0.01164	0.01487	0.01423	0.00905	0.03039	0.75297	0.02393	0.02328	0.02134	0.01746	0.00776	0.00582	0.00194	0.00453	0.00647	0.00582	0.00905
4	0.00994	0.00497	0.00745	0.00745	0.00745	0.00497	0.00497	0.00745	0.00745	0.00994	0.00994	0.01739	0.00994	0.01987	0.02235	0.83358	0.00497	0.00497	0.00248	0.00248
5	0.00787	0.00584	0.00734	0.00696	0.00841	0.00530	0.00522	0.01037	0.01567	0.02170	0.64381	0.04477	0.17122	0.01216	0.00675	0.00182	0.00273	0.01063	0.00613	0.00530
6	0.01423	0.01229	0.01293	0.01164	0.01487	0.01423	0.00905	0.03039	0.75297	0.02393	0.02328	0.02134	0.01746	0.00776	0.00582	0.00194	0.00453	0.00647	0.00582	0.00905
7	0.01194	0.21515	0.01541	0.00979	0.01215	0.06348	0.00819	0.05524	0.01150	0.01525	0.01297	0.01744	0.01166	0.02536	0.41226	0.00551	0.02523	0.00503	0.06036	0.00609
8	0.01234	0.01114	0.01569	0.06331	0.16399	0.00951	0.05168	0.01526	0.01216	0.01838	0.01036	0.01273	0.00855	0.00453	0.00475	0.00114	0.00526	0.00402	0.00320	0.57198
9	0.01260	0.06505	0.58459	0.01594	0.02342	0.01326	0.09080	0.01841	0.01242	0.05879	0.01131	0.01307	0.00809	0.00549	0.00543	0.00177	0.00801	0.00455	0.03874	0.00826
10	0.01132	0.00655	0.00850	0.00768	0.00963	0.00588	0.00587	0.01371	0.01562	0.16671	0.50623	0.08157	0.11532	0.01142	0.00659	0.00184	0.00318	0.00995	0.00630	0.00614
11	0.00697	0.00498	0.00664	0.00796	0.00830	0.00465	0.00531	0.00796	0.01095	0.01460	0.03153	0.79525	0.03783	0.01792	0.00730	0.00232	0.00332	0.01626	0.00531	0.00465
12	0.04928	0.01311	0.03562	0.18982	0.54914	0.01339	0.03307	0.01694	0.01254	0.01812	0.01052	0.01416	0.00859	0.00524	0.00560	0.00175	0.00696	0.00503	0.00280	0.00833
13	0.01256	0.05543	0.69257	0.01566	0.02372	0.01329	0.01988	0.01874	0.01235	0.06826	0.01101	0.01247	0.00771	0.00553	0.00539	0.00179	0.00813	0.00429	0.00273	0.00850
14	0.00779	0.00532	0.00639	0.00691	0.00704	0.00519	0.00419	0.00818	0.00935	0.01246	0.02329	0.33329	0.02745	0.49404	0.02060	0.00429	0.00468	0.01142	0.00419	0.00393
15	0.02553	0.00995	0.01341	0.01028	0.01471	0.00873	0.00849	0.05298	0.01674	0.74163	0.02226	0.01927	0.01400	0.00707	0.00575	0.00177	0.00492	0.00573	0.00703	0.00973
16	0.01551	0.01389	0.02583	0.04583	0.04123	0.01369	0.43585	0.13005	0.01545	0.09993	0.01420	0.06783	0.01131	0.00647	0.00688	0.00192	0.03536	0.00688	0.00391	0.00797
17	0.01576	0.01284	0.01367	0.01182	0.01524	0.01459	0.00931	0.21465	0.52168	0.02654	0.02127	0.06375	0.01662	0.00811	0.00588	0.00190	0.00492	0.00669	0.00577	0.00898
18	0.75010	0.01306	0.09047	0.00847	0.01254	0.01288	0.00781	0.01695	0.00999	0.02485	0.00821	0.00959	0.00631	0.00532	0.00374	0.00177	0.00486	0.00322	0.00342	0.00644
19	0.00814	0.00602	0.00669	0.00640	0.00832	0.00517	0.00484	0.00996	0.01405	0.05832	0.24065	0.04987	0.53449	0.01335	0.00670	0.00189	0.00295	0.01127	0.00567	0.00524
20	0.01546	0.01038	0.04040	0.00932	0.01278	0.00951	0.00778	0.18495	0.05438	0.20510	0.06007	0.03297	0.31271	0.01012	0.00617	0.00183	0.00446	0.00827	0.00579	0.00754
21	0.00798	0.00580	0.00751	0.00718	0.00850	0.00533	0.00535	0.01053	0.01577	0.02216	0.69020	0.08420	0.08374	0.01215	0.00678	0.00183	0.00274	0.01074	0.00620	0.00533
22	0.01258	0.01267	0.01700	0.01467	0.01484	0.04360	0.01215	0.01388	0.00905	0.01375	0.00800	0.01301	0.00789	0.01175	0.06174	0.00285	0.71679	0.00502	0.00255	0.00620
23	0.01829	0.01159	0.01321	0.01122	0.01490	0.01245	0.00891	0.05735	0.48214	0.26918	0.02267	0.02043	0.01607	0.00750	0.00579	0.00188	0.00471	0.00618	0.00623	0.00930
24	0.01251	0.01251	0.01752	0.01502	0.01502	0.01752	0.01251	0.01377	0.00876	0.01377	0.00751	0.01251	0.00751	0.01001	0.01877	0.00250	0.78851	0.00501	0.00250	0.00626
25	0.00810	0.00585	0.00765	0.00720	0.00855	0.00540	0.00540	0.01079	0.01619	0.02294	0.76028	0.04273	0.05397	0.01169	0.00675	0.00180	0.00270	0.01034	0.00630	0.00540
26	0.01423	0.01229	0.01293	0.01164	0.01487	0.01423	0.00905	0.03039	0.75297	0.02393	0.02328	0.02134	0.01746	0.00776	0.00582	0.00194	0.00453	0.00647	0.00582	0.00905
27	0.01186	0.01017	0.01186	0.00847	0.01356	0.00762	0.00678	0.01440	0.01186	0.01864	0.01017	0.01186	0.00847	0.00424	0.00424	0.00085	0.00424	0.00339	0.00339	0.83395
28	0.00817	0.00613	0.00919	0.00919	0.01021	0.00715	0.00715	0.01021	0.00919	0.01328	0.01532	0.02247	0.01430	0.04290	0.77631	0.00919	0.01532	0.00613	0.00306	0.00511
29	0.01297	0.01911	0.22495	0.02208	0.02856	0.01416	0.55502	0.01827	0.01313	0.01827	0.01123	0.01456	0.00831	0.00498	0.00641	0.00190	0.00933	0.00609	0.00277	0.00791
30	0.00810	0.00585	0.00765	0.00720	0.00855	0.00540	0.00540	0.01079	0.01619	0.02294	0.76028	0.04273	0.05397	0.01169	0.00675	0.00180	0.00270	0.01034	0.00630	0.00540
31	0.01182	0.01048	0.01504	0.41316	0.02627	0.02978	0.01249	0.05487	0.01167	0.01614	0.01133	0.01682	0.00950	0.06558	0.01001	0.00222	0.17284	0.00531	0.09848	0.00620
32	0.01529	0.80242	0.02997	0.00979	0.01468	0.02263	0.00979	0.01713	0.01162	0.01346	0.00795	0.00918	0.00734	0.00489	0.00367	0.00122	0.00612	0.00306	0.00245	0.00734
33	0.01183	0.01015	0.01159	0.00871	0.01334	0.00830	0.00691	0.01609	0.10936	0.01912	0.01510	0.01601	0.06019	0.00539	0.00461	0.00106	0.00418	0.00438	0.00384	0.66984
34	0.00922	0.00658	0.00922	0.01053	0.01185	0.00658	0.00922	0.01185	0.01317	0.01712	0.03029	0.06452	0.03292	0.01580	0.00790	0.00263	0.00527	0.72480	0.00527	0.00527
35	0.01080	0.01017	0.01716	0.78523	0.03940	0.01271	0.01589	0.01461	0.01144	0.01461	0.01017	0.01525	0.00762	0.00572	0.00572	0.00191	0.00762	0.00508	0.00254	0.00635
36	0.02290	0.01417	0.01602	0.01228	0.01681	0.01498	0.01014	0.53284	0.02379	0.25183	0.01634	0.01543	0.01104	0.00693	0.00573	0.00173	0.00587	0.00533	0.00612	0.00973
37	0.00994	0.00497	0.00745	0.00745	0.00745	0.00497	0.00497	0.00745	0.00745	0.00994	0.00994	0.01739	0.00994	0.01987	0.02235	0.83358	0.00497	0.00497	0.00248	0.00248
38	0.00711	0.00581	0.00628	0.00616	0.00794	0.00498	0.00462	0.00888	0.01386	0.01740	0.24050	0.05184	0.57721	0.01376	0.00676	0.00190	0.00285	0.01162	0.00557	0.00498
39	0.83938	0.01106	0.00841	0.00752	0.01106	0.01283	0.00619	0.01681	0.00973	0.02566	0.00796	0.00929	0.00619	0.00531	0.00354	0.00177	0.00442	0.00310	0.00354	0.00619
40	0.01286	0.01352	0.07130	0.28368	0.47260	0.01328	0.01724	0.01661	0.01243	0.01729	0.01053	0.01438	0.00846	0.00533	0.00567	0.00178	0.00718	0.00503	0.00271	0.00812
41	0.01147	0.02959	0.76934	0.01630	0.02476	0.01328	0.02113	0.01811	0.01208	0.01811	0.01026	0.01208	0.00725	0.00543	0.00543	0.00181	0.00845	0.00423	0.00242	0.00845
42	0.01224	0.01211	0.01700	0.01465	0.01472	0.01687	0.01218	0.01354	0.00879	0.01373	0.00800	0.01314	0.00793	0.01207	0.06625	0.00292	0.74005	0.00508	0.00254	0.00618
43	0.17550	0.05605	0.04870	0.15361	0.42459	0.01377	0.01476	0.01691	0.01200	0.01906	0.00994	0.01303	0.00809	0.00524	0.00514	0.00173	0.00650	0.00456	0.00288	0.00793
44	0.01392	0.01245	0.02032	0.02820	0.54254	0.01305	0.01516	0.01682	0.01272	0.05883	0.05863	0.04272	0.01292	0.00676	0.00766	0.00185	0.11798	0.00583	0.00332	0.00832
45	0.00832	0.00555	0.00624	0.00624	0.00624	0.00555	0.00347	0.00832	0.00832	0.01109	0.01802	0.03743	0.02080	0.79898	0.02911	0.00555	0.00555	0.00832	0.00347	0.00347
46	0.00782	0.00584	0.00727	0.00691	0.00838	0.00528	0.00518	0.01026	0.01554	0.02140	0.61593	0.04526	0.19928	0.01227	0.00675	0.00183	0.00274	0.01070	0.00609	0.00528
47	0.01337	0.01456	0.03008	0.09956	0.17547	0.01412	0.52957	0.01781	0.01321	0.01804	0.01128	0.01516	0.00865	0.00496	0.00644	0.00188	0.00889	0.00626	0.00285	0.00785
48	0.00852	0.00701	0.00731	0.00718	0.00918	0.00675	0.00539	0.01299	0.16364	0.01742	0.04596	0.12230	0.49330	0.01303	0.00647	0.00194	0.00326	0.01098	0.05165	0.00570
49	0.00697	0.00498	0.00664	0.00796	0.00830	0.00465	0.00531	0.00796	0.01095	0.01460	0.03153	0.79525	0.03783	0.01792	0.00730	0.00232	0.00332	0.01626	0.00531	0.00465
50	0.37374	0.01637	0.23563	0.07159	0.06791	0.01262	0.01237	0.01702	0.01132	0.04692	0.05041	0.01318	0.00972	0.00594	0.00519	0.00182	0.03352	0.00427	0.00332	0.00715
51	0.01391	0.48591	0.28165	0.01371	0.06839	0.01884	0.01418	0.01749	0.01187	0.01540	0.00893	0.01050	0.00742	0.00509	0.00441	0.00146	0.00696	0.00359	0.00246	0.00784
52	0.00787	0.00540	0.00657	0.00700	0.00718	0.00536	0.00431	0.00833	0.00923	0.01238	0.02224	0.28316	0.02591	0.49391	0.07219	0.00474	0.00548	0.01076	0.00404	0.00396
53	0.73753	0.01308	0.00938	0.00842	0.01189	0.10786	0.00680	0.01756	0.01054	0.02421	0.00807	0.00942	0.00634	0.00538	0.00374	0.00173	0.00516	0.00317	0.00347	0.00625
54	0.01325	0.00724	0.00993	0.00972	0.01185	0.00680	0.00818	0.01579	0.01465	0.21335	0.18550	0.04812	0.03258	0.01265	0.00709	0.00223	0.00461	0.38403	0.00596	0.00646
55	0.04116	0.01505	0.09682	0.13835	0.07658	0.03978	0.38334	0.01726	0.01282	0.01817	0.01171	0.01523	0.00891	0.00529	0.00593	0.00181	0.00813	0.00576	0.09058	0.00732
56	0.00832	0.00621	0.00791	0.00736	0.00902	0.00553	0.00549	0.01076	0.01503	0.02127	0.57295	0.12302	0.07488	0.01170	0.00654	0.00176	0.00294	0.01033	0.00584	0.09314
57	0.01590	0.01656	0.09093	0.01294	0.01668	0.11396	0.01101	0.13394	0.43077	0.02328	0.01775	0.01732	0.01338	0.00728	0.00642	0.00187	0.05091	0.00560	0.00490	0.00862
58	0.01874	0.09199	0.01893	0.06376	0.09261	0.09914	0.01193	0.40708	0.02015	0.02625	0.01152	0.01294	0.00883	0.00663	0.00673	0.00173	0.08341	0.00477	0.00431	0.00855
59	0.01398	0.01555	0.03010	0.05181	0.17564	0.05689	0.53227	0.01830	0.01349	0.01803	0.01121	0.01488	0.00865	0.00497	0.00641	0.00186	0.00904	0.00619	0.00287	0.00788
60	0.00695	0.00544	0.00630	0.00685	0.00803	0.00479	0.00484	0.00829	0.01235	0.01562	0.09682	0.37862	0.39320	0.01579	0.00700	0.00209	0.00307	0.01378	0.00538	0.00479
61	0.01251	0.01251	0.01752	0.01502	0.01502	0.01752	0.01251	0.01377	0.00876	0.01377	0.00751	0.01251	0.00751	0.01001	0.01877	0.00250	0.78851	0.00501	0.00250	0.00626
62	0.00832	0.00555	0.00624	0.00624	0.00624	0.00555	0.00347	0.00832	0.00832	0.01109	0.01802	0.03743	0.02080	0.79898	0.02911	0.00555	0.00555	0.00832	0.00347	0.00347
63	0.01983	0.01446	0.14846	0.01356	0.04995	0.01122	0.05727	0.07327	0.11397	0.39555	0.03081	0.01793	0.01317	0.00671	0.00578	0.00180	0.00590	0.00565	0.00554	0.00919
64	0.01525	0.25102	0.02317	0.02254	0.36964	0.13791	0.01349	0.01778	0.01286	0.01601	0.00992	0.01261	0.00863	0.00770	0.05674	0.00202	0.00773	0.00433	0.00275	0.00789
65	0.01161	0.05775	0.74241	0.01607	0.02439	0.01362	0.02072	0.01808	0.01206	0.01794	0.01018	0.01197	0.00725	0.00541	0.00537	0.00179	0.00837	0.00418	0.00242	0.00841
66	0.01934	0.00973	0.01244	0.00973	0.01396	0.00840	0.00796	0.03546	0.05134	0.42664	0.04817	0.02124	0.01544	0.00707	0.00551	0.00158	0.00464	0.05357	0.00580	0.24198
67	0.01323	0.01012	0.01200	0.00864	0.01366	0.00770	0.00694	0.01574	0.01231	0.09313	0.01140	0.01262	0.00904	0.00452	0.00439	0.00094	0.00430	0.00362	0.00376	0.75194
68	0.02174	0.01602	0.01717	0.01316	0.01774	0.01774	0.01087	0.74423	0.02689	0.03605	0.01373	0.01373	0.00973	0.00687	0.00572	0.00172	0.00629	0.00515	0.00572	0.00973
69	0.00680	0.00563	0.00596	0.00623	0.00784	0.00479	0.00454	0.00816	0.01262	0.01528	0.05270	0.20205	0.61736	0.01517	0.00687	0.00201	0.00298	0.01290	0.00531	0.00479
70	0.01268	0.22848	0.50542	0.01576	0.04835	0.01579	0.06328	0.01785	0.01208	0.01694	0.00976	0.01161	0.00742	0.00524	0.00507	0.00166	0.00786	0.00411	0.00247	0.00814
71	0.02137	0.02726	0.01621	0.01474	0.01768	0.77602	0.01105	0.02284	0.01621	0.01400	0.00884	0.01031	0.00737	0.00589	0.00516	0.00147	0.01031	0.00368	0.00295	0.00663
72	0.01251	0.01251	0.01752	0.01502	0.01502	0.01752	0.01251	0.01377	0.00876	0.01377	0.00751	0.01251	0.00751	0.01001	0.01877	0.00250	0.78851	0.00501	0.00250	0.00626
73	0.00832	0.00555	0.00624	0.00624	0.00624	0.00555	0.00347	0.00832	0.00832	0.01109	0.01802	0.03743	0.02080	0.79898	0.02911	0.00555	0.00555	0.00832	0.00347	0.00347
74	0.01118	0.01072	0.01862	0.69109	0.08028	0.01288	0.06478	0.01503	0.01167	0.01510	0.01029	0.01520	0.00778	0.00562	0.00578	0.00190	0.00771	0.00520	0.00258	0.00660
75	0.00802	0.00584	0.00754	0.00712	0.00850	0.00537	0.00534	0.01065	0.01601	0.02252	0.72094	0.04342	0.09357	0.01185	0.00675	0.00181	0.00271	0.01044	0.00624	0.00537
76	0.01070	0.01034	0.01385	0.01222	0.01274	0.01348	0.00998	0.01199	0.01000	0.01425	0.02200	0.06847	0.20509	0.01163	0.01499	0.00234	0.53927	0.00749	0.00339	0.00579
77	0.01168	0.02469	0.55029	0.01798	0.05062	0.01299	0.16231	0.01750	0.01232	0.01796	0.01187	0.06190	0.00951	0.00608	0.00582	0.00186	0.00831	0.00551	0.00271	0.00809
78	0.00959	0.01215	0.20583	0.00967	0.01297	0.00755	0.00959	0.01330	0.01513	0.04777	0.53948	0.03394	0.04043	0.00990	0.00637	0.00180	0.00427	0.00859	0.00532	0.00634
79	0.00832	0.00555	0.00624	0.00624	0.00624	0.00555	0.00347	0.00832	0.00832	0.01109	0.01802	0.03743	0.02080	0.79898	0.02911	0.00555	0.00555	0.00832	0.00347	0.00347

[dist]
# distance from previous block
# <min> <max>
0	0

# created by:
# /software/SequenceAnalysis/GenePrediction/augustus/3.0.1/scripts/msa2prfl.pl ./fixed/BUSCOvEOG705TFP.fas
