[name]
unknown

[dist]
# distance from previous block
# <min> <max>
13	193

[block]
# block no. 0 follows, 39 sequences, length 13
# corresponding to MSA columns:
# 201-213
name=unknown_A
#
# <colnr> <probs for GDERKNQSTAVLIFYWHMCP>
#	G	D	E	R	K	N	Q	S	T	A	V	L	I	F	Y	W	H	M	C	P
0	0.01827	0.00900	0.01156	0.00965	0.01303	0.00817	0.00761	0.02199	0.09268	0.39080	0.13404	0.12776	0.04402	0.00959	0.00623	0.00186	0.00433	0.00818	0.00645	0.07478
1	0.01542	0.40312	0.30636	0.01305	0.01934	0.06857	0.01457	0.01921	0.01283	0.06391	0.01017	0.01139	0.00801	0.00549	0.00473	0.00155	0.00745	0.00384	0.00286	0.00814
2	0.01035	0.00877	0.00823	0.00802	0.00857	0.10626	0.00514	0.01084	0.00980	0.01217	0.01700	0.03289	0.01875	0.58611	0.12827	0.00570	0.00777	0.00766	0.00346	0.00425
3	0.01218	0.01191	0.01663	0.01457	0.01461	0.01636	0.01196	0.01344	0.00935	0.01435	0.01103	0.11490	0.01189	0.01143	0.01785	0.00256	0.67905	0.00671	0.00297	0.00625
4	0.01383	0.01629	0.11913	0.09420	0.43052	0.01415	0.18832	0.01815	0.01332	0.01880	0.01121	0.01477	0.00891	0.00530	0.00610	0.00185	0.00801	0.00556	0.00286	0.00872
5	0.01218	0.12759	0.54024	0.01617	0.06742	0.01416	0.01836	0.01776	0.01293	0.01866	0.08881	0.01558	0.01273	0.00621	0.00554	0.00178	0.00769	0.00494	0.00295	0.00829
6	0.02060	0.21035	0.02014	0.01402	0.01755	0.59160	0.01112	0.02221	0.01563	0.01434	0.00892	0.01039	0.00761	0.00585	0.00497	0.00146	0.00963	0.00366	0.00292	0.00703
7	0.01471	0.01270	0.01337	0.01203	0.01538	0.01471	0.00936	0.03142	0.74459	0.02474	0.02407	0.02206	0.01805	0.00802	0.00602	0.00201	0.00468	0.00669	0.00602	0.00936
8	0.00816	0.00604	0.00762	0.00722	0.00871	0.00549	0.00542	0.01076	0.01625	0.02256	0.64887	0.04608	0.15981	0.01252	0.00698	0.00188	0.00282	0.01096	0.00636	0.00549
9	0.01471	0.01270	0.01337	0.01203	0.01538	0.01471	0.00936	0.03142	0.74459	0.02474	0.02407	0.02206	0.01805	0.00802	0.00602	0.00201	0.00468	0.00669	0.00602	0.00936
10	0.07396	0.02573	0.01636	0.01471	0.01767	0.64512	0.01119	0.04949	0.01627	0.01610	0.00919	0.01087	0.00764	0.00636	0.00611	0.00162	0.05761	0.00391	0.00317	0.00692
11	0.01484	0.65131	0.11675	0.01074	0.01600	0.02105	0.01122	0.01739	0.01239	0.01515	0.05841	0.01217	0.01081	0.00560	0.00423	0.00138	0.00638	0.00381	0.00279	0.00759
12	0.00876	0.00514	0.00729	0.00797	0.00813	0.00497	0.00531	0.00797	0.00949	0.01265	0.02127	0.39733	0.02448	0.01955	0.01545	0.42140	0.00430	0.01089	0.00401	0.00367

[dist]
# distance from previous block
# <min> <max>
4	5

[block]
# block no. 1 follows, 39 sequences, length 14
# corresponding to MSA columns:
# 219-232
name=unknown_B
#
# <colnr> <probs for GDERKNQSTAVLIFYWHMCP>
#	G	D	E	R	K	N	Q	S	T	A	V	L	I	F	Y	W	H	M	C	P
0	0.01257	0.16735	0.63095	0.01565	0.02373	0.01546	0.01975	0.01855	0.01240	0.01787	0.01019	0.01195	0.00751	0.00552	0.00529	0.00176	0.00831	0.00415	0.00250	0.00853
1	0.01483	0.60555	0.21257	0.01179	0.01777	0.02100	0.01303	0.01796	0.01213	0.01511	0.00882	0.01023	0.00756	0.00520	0.00425	0.00142	0.00692	0.00346	0.00252	0.00788
2	0.01326	0.33613	0.40690	0.01366	0.02033	0.01706	0.01614	0.01779	0.01239	0.01671	0.01133	0.01568	0.00969	0.00626	0.00509	0.00170	0.00750	0.06162	0.00275	0.00801
3	0.01581	0.79572	0.03099	0.01012	0.01518	0.02340	0.01012	0.01771	0.01202	0.01391	0.00822	0.00949	0.00759	0.00506	0.00379	0.00126	0.00632	0.00316	0.00253	0.00759
4	0.00845	0.00634	0.00950	0.00950	0.01056	0.00739	0.00739	0.01056	0.00950	0.01373	0.01584	0.02323	0.01478	0.04435	0.76873	0.00950	0.01584	0.00634	0.00317	0.00528
5	0.00724	0.00533	0.00678	0.00783	0.00850	0.00488	0.00533	0.00844	0.01198	0.01574	0.07853	0.62703	0.15556	0.01758	0.00742	0.00230	0.00332	0.01576	0.00555	0.00488
6	0.01581	0.79572	0.03099	0.01012	0.01518	0.02340	0.01012	0.01771	0.01202	0.01391	0.00822	0.00949	0.00759	0.00506	0.00379	0.00126	0.00632	0.00316	0.00253	0.00759
7	0.00758	0.00530	0.00675	0.00775	0.00800	0.00505	0.00498	0.00833	0.01059	0.01412	0.02883	0.58624	0.03437	0.22707	0.01363	0.00330	0.00405	0.01460	0.00498	0.00447
8	0.01359	0.36618	0.44111	0.01390	0.02103	0.01797	0.01670	0.01828	0.01228	0.01662	0.00956	0.01117	0.00753	0.00537	0.00482	0.00161	0.00768	0.00384	0.00251	0.00824
9	0.01400	0.01342	0.02312	0.03349	0.66066	0.01334	0.05070	0.01738	0.01331	0.01896	0.01291	0.07752	0.01176	0.00633	0.00604	0.00182	0.00687	0.00629	0.00314	0.00893
10	0.00703	0.00585	0.00613	0.00636	0.00809	0.00496	0.00466	0.00845	0.01312	0.01583	0.05539	0.17780	0.63490	0.01556	0.00708	0.00206	0.00307	0.01320	0.00549	0.00496
11	0.00780	0.00540	0.00669	0.00747	0.00767	0.00520	0.00467	0.00839	0.01016	0.01354	0.02662	0.46729	0.03157	0.34984	0.01721	0.00383	0.00442	0.01330	0.00467	0.00428
12	0.32496	0.01431	0.01385	0.01112	0.01537	0.04384	0.00914	0.35498	0.01946	0.12047	0.01290	0.01308	0.00916	0.00649	0.00506	0.00179	0.00577	0.00455	0.00514	0.00858
13	0.01383	0.06245	0.63752	0.01578	0.02385	0.01355	0.01972	0.01991	0.01301	0.10884	0.01206	0.01328	0.00837	0.00580	0.00558	0.00184	0.00818	0.00451	0.00309	0.00885

[dist]
# distance from previous block
# <min> <max>
15	33

[block]
# block no. 2 follows, 39 sequences, length 185
# corresponding to MSA columns:
# 269-453
name=unknown_C
#
# <colnr> <probs for GDERKNQSTAVLIFYWHMCP>
#	G	D	E	R	K	N	Q	S	T	A	V	L	I	F	Y	W	H	M	C	P
0	0.01958	0.01136	0.03096	0.20451	0.02355	0.01077	0.10291	0.03582	0.01496	0.39524	0.01745	0.01816	0.01181	0.02154	0.00644	0.00191	0.00645	0.00578	0.00519	0.05562
1	0.59530	0.01118	0.01036	0.02669	0.01319	0.01223	0.00731	0.03535	0.01220	0.21000	0.01219	0.01248	0.00858	0.00599	0.00433	0.00183	0.00481	0.00398	0.00460	0.00740
2	0.01958	0.02230	0.01745	0.16911	0.05944	0.47384	0.01274	0.12177	0.01716	0.01805	0.01023	0.01238	0.00810	0.00616	0.00556	0.00166	0.00934	0.00438	0.00336	0.00737
3	0.00721	0.00576	0.00646	0.00680	0.00826	0.00501	0.00491	0.00873	0.01324	0.01662	0.13265	0.26504	0.46718	0.01566	0.00715	0.00210	0.00310	0.01351	0.00561	0.00501
4	0.00730	0.00524	0.00704	0.00829	0.00870	0.00498	0.00561	0.00844	0.01133	0.01520	0.04677	0.72672	0.03801	0.01994	0.05319	0.00282	0.00416	0.01605	0.00537	0.00485
5	0.01302	0.01692	0.14862	0.17459	0.06731	0.01404	0.40675	0.01793	0.01319	0.01817	0.01135	0.01512	0.00852	0.00526	0.00638	0.00191	0.00896	0.00597	0.00286	0.04313
6	0.00721	0.00515	0.00686	0.00823	0.00858	0.00480	0.00549	0.00823	0.01132	0.01510	0.03259	0.78831	0.03911	0.01853	0.00755	0.00240	0.00343	0.01681	0.00549	0.00480
7	0.00860	0.00573	0.00645	0.00645	0.00645	0.00573	0.00358	0.00860	0.00860	0.01147	0.01863	0.03870	0.02150	0.79217	0.03010	0.00573	0.00573	0.00860	0.00358	0.00358
8	0.01319	0.01377	0.02440	0.05650	0.02308	0.01515	0.31714	0.01636	0.01170	0.01695	0.01005	0.01426	0.00841	0.00706	0.01146	0.00208	0.31212	0.00572	0.00288	0.11773
9	0.83394	0.01144	0.00869	0.00778	0.01144	0.01327	0.00640	0.01738	0.01006	0.02653	0.00823	0.00961	0.00640	0.00549	0.00366	0.00183	0.00457	0.00320	0.00366	0.00640
10	0.01415	0.01371	0.02364	0.11758	0.61043	0.01415	0.05461	0.01770	0.01314	0.01864	0.01097	0.01477	0.00912	0.00552	0.00643	0.00182	0.03650	0.00535	0.00288	0.00887
11	0.02071	0.01568	0.01675	0.01325	0.01766	0.01751	0.01081	0.57476	0.19149	0.03441	0.01645	0.01599	0.01188	0.00731	0.00594	0.00183	0.00609	0.00564	0.00594	0.00990
12	0.01117	0.01051	0.01774	0.77795	0.04073	0.01314	0.01642	0.01511	0.01182	0.01511	0.01051	0.01577	0.00788	0.00591	0.00591	0.00197	0.00788	0.00526	0.00263	0.00657
13	0.00717	0.00583	0.00636	0.00659	0.00819	0.00501	0.00480	0.00871	0.01338	0.01660	0.12569	0.20237	0.53789	0.01539	0.00710	0.00206	0.00306	0.01317	0.00560	0.00501
14	0.01396	0.01595	0.03490	0.02493	0.03091	0.01496	0.73380	0.01894	0.01396	0.01894	0.01196	0.01595	0.00897	0.00499	0.00698	0.00199	0.00997	0.00698	0.00299	0.00798
15	0.01117	0.01051	0.01774	0.77795	0.04073	0.01314	0.01642	0.01511	0.01182	0.01511	0.01051	0.01577	0.00788	0.00591	0.00591	0.00197	0.00788	0.00526	0.00263	0.00657
16	0.00719	0.00522	0.00678	0.00803	0.00852	0.00482	0.00540	0.00826	0.01152	0.01518	0.03505	0.72248	0.10335	0.01821	0.00750	0.00237	0.00339	0.01642	0.00549	0.00482
17	0.02211	0.02749	0.01682	0.01514	0.01829	0.72344	0.01142	0.06631	0.01742	0.01584	0.00944	0.01088	0.00776	0.00615	0.00537	0.00154	0.01042	0.00390	0.00322	0.00705
18	0.00737	0.00600	0.00658	0.00685	0.00858	0.00521	0.00522	0.00903	0.01345	0.01648	0.08955	0.13077	0.56337	0.01534	0.00718	0.00211	0.00331	0.09301	0.00554	0.00506
19	0.00748	0.00542	0.00707	0.00790	0.00861	0.00501	0.00545	0.00898	0.01281	0.01731	0.21441	0.55811	0.08610	0.01670	0.00737	0.00224	0.00324	0.01502	0.00575	0.00501
20	0.02209	0.02819	0.01676	0.01524	0.01828	0.76843	0.01143	0.02361	0.01676	0.01447	0.00914	0.01066	0.00762	0.00609	0.00533	0.00152	0.01066	0.00381	0.00305	0.00686
21	0.05706	0.01012	0.01353	0.01042	0.01496	0.00886	0.00861	0.02839	0.01667	0.73167	0.02276	0.01973	0.01433	0.00725	0.00586	0.00183	0.00501	0.00584	0.00718	0.00993
22	0.01505	0.05427	0.02267	0.12452	0.44840	0.11065	0.04704	0.01818	0.01330	0.01751	0.01044	0.01395	0.00873	0.00581	0.00674	0.00180	0.06470	0.00504	0.00286	0.00833
23	0.00860	0.00573	0.00645	0.00645	0.00645	0.00573	0.00358	0.00860	0.00860	0.01147	0.01863	0.03870	0.02150	0.79217	0.03010	0.00573	0.00573	0.00860	0.00358	0.00358
24	0.30454	0.01054	0.01199	0.00958	0.01384	0.01027	0.00790	0.02488	0.01456	0.50704	0.01813	0.01651	0.01180	0.00669	0.00516	0.00183	0.00487	0.00500	0.00606	0.00880
25	0.00852	0.00570	0.00647	0.00655	0.00657	0.00568	0.00369	0.00858	0.00876	0.01167	0.01943	0.08172	0.02251	0.74777	0.02881	0.00554	0.00560	0.00907	0.00369	0.00365
26	0.02016	0.13036	0.01887	0.09162	0.02013	0.53599	0.01174	0.07345	0.01641	0.01611	0.00952	0.01128	0.00782	0.00601	0.00522	0.00155	0.00949	0.00398	0.00314	0.00716
27	0.00721	0.00515	0.00686	0.00823	0.00858	0.00480	0.00549	0.00823	0.01132	0.01510	0.03259	0.78831	0.03911	0.01853	0.00755	0.00240	0.00343	0.01681	0.00549	0.00480
28	0.00845	0.00634	0.00950	0.00950	0.01056	0.00739	0.00739	0.01056	0.00950	0.01373	0.01584	0.02323	0.01478	0.04435	0.76873	0.00950	0.01584	0.00634	0.00317	0.00528
29	0.01122	0.01062	0.01808	0.76302	0.04054	0.01317	0.03065	0.01519	0.01187	0.01519	0.01054	0.01577	0.00790	0.00589	0.00593	0.00197	0.00792	0.00529	0.00263	0.00660
30	0.02085	0.01146	0.01428	0.01220	0.05295	0.01136	0.00934	0.22791	0.04617	0.34638	0.15976	0.02282	0.02106	0.00809	0.00613	0.00182	0.00512	0.00667	0.00649	0.00914
31	0.00722	0.00529	0.00678	0.00791	0.00851	0.00485	0.00536	0.00837	0.01179	0.01551	0.06065	0.66588	0.13450	0.01784	0.00745	0.00233	0.00335	0.01603	0.00552	0.00485
32	0.01462	0.01280	0.02154	0.23252	0.50740	0.01340	0.01696	0.01816	0.01329	0.07511	0.01190	0.01536	0.00938	0.00560	0.00588	0.00182	0.00710	0.00532	0.00319	0.00867
33	0.01688	0.26423	0.27361	0.01401	0.01967	0.25073	0.01444	0.02036	0.01386	0.04775	0.00997	0.01133	0.00787	0.00567	0.00498	0.00158	0.00844	0.00389	0.00289	0.00786
34	0.01477	0.07220	0.02611	0.15004	0.07644	0.08854	0.33482	0.01917	0.04989	0.04433	0.01240	0.03145	0.00983	0.00600	0.00673	0.00190	0.03834	0.00607	0.00324	0.00771
35	0.01567	0.00817	0.01048	0.00902	0.01178	0.00759	0.00706	0.01951	0.08932	0.29819	0.33506	0.07191	0.07042	0.01037	0.00652	0.00190	0.00386	0.00892	0.00666	0.00757
36	0.16225	0.08194	0.04358	0.05453	0.05686	0.37259	0.01124	0.05826	0.04766	0.01876	0.01022	0.01185	0.00823	0.00606	0.00526	0.00166	0.02084	0.00408	0.01687	0.00727
37	0.01897	0.01346	0.01854	0.01428	0.01889	0.02717	0.15474	0.15372	0.20153	0.21709	0.01821	0.01785	0.01290	0.00671	0.00602	0.00181	0.00625	0.00598	0.00546	0.08042
38	0.01820	0.01338	0.01409	0.01159	0.01496	0.04132	0.00904	0.35138	0.17674	0.08409	0.01777	0.02136	0.01444	0.17183	0.01099	0.00265	0.00599	0.00630	0.00545	0.00844
39	0.01567	0.65836	0.12163	0.01118	0.01665	0.03509	0.01165	0.04392	0.01273	0.01537	0.00875	0.01005	0.00767	0.00522	0.00413	0.00136	0.00671	0.00340	0.00266	0.00781
40	0.02209	0.02819	0.01676	0.01524	0.01828	0.76843	0.01143	0.02361	0.01676	0.01447	0.00914	0.01066	0.00762	0.00609	0.00533	0.00152	0.01066	0.00381	0.00305	0.00686
41	0.00720	0.00598	0.00630	0.00626	0.00813	0.00508	0.00468	0.00889	0.01393	0.01714	0.16492	0.07134	0.63054	0.01462	0.00700	0.00199	0.00297	0.01231	0.00565	0.00508
42	0.00797	0.00549	0.00662	0.00721	0.00739	0.00532	0.00442	0.00844	0.00987	0.01311	0.02544	0.36078	0.04356	0.44473	0.01996	0.00423	0.00469	0.01220	0.00444	0.00413
43	0.00718	0.00561	0.00653	0.00723	0.00842	0.00496	0.00514	0.00849	0.01245	0.01561	0.04582	0.40842	0.38577	0.01673	0.00730	0.00222	0.00329	0.03842	0.00549	0.00492
44	0.02653	0.01006	0.01372	0.01052	0.01510	0.00869	0.00869	0.02882	0.01693	0.75937	0.02333	0.02013	0.01464	0.00732	0.00595	0.00183	0.00503	0.00595	0.00732	0.01006
45	0.01226	0.01051	0.01226	0.00876	0.01401	0.00788	0.00701	0.01489	0.01226	0.01927	0.01051	0.01226	0.00876	0.00438	0.00438	0.00088	0.00438	0.00350	0.00350	0.82832
46	0.01108	0.00664	0.00877	0.00790	0.00977	0.00604	0.00604	0.01379	0.01677	0.13346	0.64343	0.04059	0.04966	0.01138	0.00682	0.00186	0.00312	0.00999	0.00663	0.00625
47	0.83394	0.01144	0.00869	0.00778	0.01144	0.01327	0.00640	0.01738	0.01006	0.02653	0.00823	0.00961	0.00640	0.00549	0.00366	0.00183	0.00457	0.00320	0.00366	0.00640
48	0.00718	0.00600	0.00625	0.00619	0.00810	0.00507	0.00464	0.00885	0.01392	0.01703	0.15443	0.05517	0.65770	0.01458	0.00699	0.00198	0.00297	0.01224	0.00563	0.00507
49	0.02248	0.01656	0.01775	0.01361	0.01834	0.01834	0.01124	0.73556	0.02780	0.03727	0.01420	0.01420	0.01006	0.00710	0.00592	0.00177	0.00651	0.00532	0.00592	0.01006
50	0.01372	0.01124	0.01197	0.01081	0.01391	0.01252	0.00839	0.02680	0.56673	0.05481	0.05555	0.02853	0.14088	0.00929	0.00621	0.00199	0.00435	0.00775	0.00600	0.00853
51	0.02556	0.00986	0.01334	0.01030	0.01474	0.00851	0.00848	0.02781	0.01675	0.72240	0.02515	0.02196	0.05135	0.00770	0.00600	0.00184	0.00493	0.00627	0.00723	0.00981
52	0.00941	0.00672	0.00940	0.01076	0.01207	0.00671	0.00933	0.01205	0.01350	0.01757	0.03138	0.10259	0.03429	0.01645	0.00814	0.00271	0.00535	0.68073	0.00545	0.00541
53	0.48867	0.01134	0.01115	0.00918	0.01324	0.01204	0.00757	0.07552	0.01382	0.28524	0.01400	0.01366	0.00958	0.00625	0.00463	0.00183	0.00488	0.00433	0.00512	0.00797
54	0.00984	0.00716	0.00976	0.01096	0.01244	0.00728	0.00952	0.01340	0.05746	0.01812	0.03088	0.06403	0.03308	0.01584	0.00804	0.00268	0.00540	0.67296	0.00548	0.00568
55	0.00748	0.00603	0.00674	0.00710	0.00878	0.00529	0.00547	0.00917	0.01337	0.01645	0.07873	0.14373	0.52581	0.01550	0.00725	0.00216	0.00344	0.12692	0.00552	0.00507
56	0.06426	0.01630	0.01728	0.01331	0.01798	0.01808	0.01099	0.69858	0.02689	0.03672	0.01389	0.01396	0.00987	0.00702	0.00580	0.00178	0.00641	0.00522	0.00580	0.00987
57	0.00732	0.00520	0.00683	0.00808	0.00840	0.00488	0.00533	0.00827	0.01109	0.01479	0.03140	0.72418	0.03761	0.08471	0.00948	0.00269	0.00363	0.01611	0.00533	0.00470
58	0.83394	0.01144	0.00869	0.00778	0.01144	0.01327	0.00640	0.01738	0.01006	0.02653	0.00823	0.00961	0.00640	0.00549	0.00366	0.00183	0.00457	0.00320	0.00366	0.00640
59	0.01156	0.00662	0.00867	0.00888	0.01030	0.00621	0.00636	0.01387	0.05669	0.16417	0.06729	0.55123	0.03384	0.01534	0.00711	0.00224	0.00379	0.01373	0.00594	0.00616
60	0.17720	0.01274	0.02069	0.22518	0.26258	0.01357	0.13594	0.01778	0.01258	0.05136	0.01105	0.01439	0.00854	0.00552	0.00563	0.00187	0.00718	0.00517	0.00319	0.00783
61	0.61037	0.01356	0.06536	0.00936	0.01364	0.01378	0.00829	0.12450	0.01300	0.02719	0.00942	0.01064	0.00715	0.00568	0.00418	0.00178	0.00516	0.00362	0.00390	0.04944
62	0.04296	0.14193	0.43028	0.01655	0.03860	0.05453	0.10173	0.07234	0.01389	0.01948	0.01053	0.01242	0.00788	0.00558	0.00545	0.00177	0.00827	0.00451	0.00289	0.00841
63	0.01582	0.01245	0.01341	0.01189	0.01535	0.01414	0.00930	0.03118	0.67603	0.09395	0.02400	0.02188	0.01773	0.00796	0.00601	0.00199	0.00471	0.00662	0.00614	0.00943
64	0.01198	0.01173	0.01772	0.06724	0.01748	0.01533	0.07358	0.01382	0.00992	0.01473	0.01134	0.08732	0.01143	0.01327	0.08041	0.00307	0.52380	0.00653	0.00295	0.00635
65	0.01293	0.16794	0.49309	0.01675	0.02409	0.01585	0.12375	0.01840	0.01249	0.01771	0.01027	0.01246	0.00774	0.00560	0.00600	0.00181	0.03764	0.00456	0.00258	0.00833
66	0.01363	0.01822	0.14752	0.02367	0.03008	0.01477	0.62345	0.01891	0.01373	0.01891	0.01175	0.01541	0.00874	0.00508	0.00677	0.00198	0.00978	0.00657	0.00291	0.00809
67	0.00804	0.00596	0.00750	0.00728	0.00868	0.00542	0.00540	0.01047	0.01573	0.02170	0.57636	0.11319	0.16611	0.01313	0.00703	0.00193	0.00288	0.01153	0.00625	0.00542
68	0.01103	0.01020	0.01424	0.01287	0.01309	0.01352	0.01031	0.01233	0.00950	0.01417	0.01392	0.15294	0.01506	0.05712	0.12965	0.00375	0.48962	0.00758	0.00324	0.00585
69	0.04871	0.04058	0.01755	0.01463	0.07283	0.04425	0.04777	0.38668	0.05230	0.12263	0.01554	0.03463	0.01194	0.05411	0.00729	0.00203	0.00643	0.00581	0.00527	0.00902
70	0.01391	0.00845	0.00993	0.00868	0.01148	0.00806	0.00679	0.04200	0.13342	0.20419	0.20388	0.03781	0.26526	0.01103	0.00654	0.00192	0.00384	0.00928	0.00628	0.00726
71	0.00727	0.00519	0.00692	0.00819	0.00859	0.00484	0.00549	0.00839	0.01160	0.01554	0.06964	0.74999	0.03997	0.01820	0.00752	0.00237	0.00340	0.01650	0.00554	0.00484
72	0.32272	0.01213	0.01452	0.08911	0.01651	0.01578	0.01082	0.01551	0.00971	0.01896	0.00822	0.01196	0.00726	0.00807	0.01211	0.00224	0.41046	0.00444	0.00300	0.00645
73	0.00860	0.00573	0.00645	0.00645	0.00645	0.00573	0.00358	0.00860	0.00860	0.01147	0.01863	0.03870	0.02150	0.79217	0.03010	0.00573	0.00573	0.00860	0.00358	0.00358
74	0.01678	0.01352	0.07020	0.07960	0.38043	0.01238	0.02815	0.02097	0.05589	0.19930	0.01501	0.01679	0.01118	0.00794	0.04383	0.00220	0.00708	0.00554	0.00414	0.00906
75	0.01536	0.59015	0.18246	0.01183	0.01754	0.06607	0.01264	0.01828	0.01240	0.01495	0.00878	0.01018	0.00757	0.00524	0.00427	0.00141	0.00709	0.00345	0.00255	0.00779
76	0.00860	0.00573	0.00645	0.00645	0.00645	0.00573	0.00358	0.00860	0.00860	0.01147	0.01863	0.03870	0.02150	0.79217	0.03010	0.00573	0.00573	0.00860	0.00358	0.00358
77	0.00816	0.00604	0.00762	0.00722	0.00871	0.00549	0.00542	0.01076	0.01625	0.02254	0.64741	0.04610	0.16127	0.01253	0.00698	0.00188	0.00282	0.01097	0.00636	0.00549
78	0.02209	0.02819	0.01676	0.01524	0.01828	0.76843	0.01143	0.02361	0.01676	0.01447	0.00914	0.01066	0.00762	0.00609	0.00533	0.00152	0.01066	0.00381	0.00305	0.00686
79	0.02632	0.01011	0.01372	0.01055	0.01510	0.00880	0.00870	0.02887	0.03005	0.74613	0.02334	0.02016	0.01470	0.00733	0.00595	0.00183	0.00503	0.00596	0.00730	0.01005
80	0.02248	0.01656	0.01775	0.01361	0.01834	0.01834	0.01124	0.73556	0.02780	0.03727	0.01420	0.01420	0.01006	0.00710	0.00592	0.00177	0.00651	0.00532	0.00592	0.01006
81	0.02018	0.01600	0.01676	0.01357	0.01723	0.08461	0.01104	0.40508	0.12942	0.08545	0.01495	0.01531	0.01103	0.00765	0.00789	0.00191	0.12209	0.00542	0.00528	0.00913
82	0.01481	0.01358	0.02177	0.02963	0.53256	0.01467	0.01619	0.01858	0.05469	0.05040	0.01172	0.01496	0.00977	0.00654	0.00859	0.00194	0.16219	0.00536	0.00323	0.00882
83	0.00845	0.00634	0.00950	0.00950	0.01056	0.00739	0.00739	0.01056	0.00950	0.01373	0.01584	0.02323	0.01478	0.04435	0.76873	0.00950	0.01584	0.00634	0.00317	0.00528
84	0.01263	0.18009	0.61879	0.01554	0.02356	0.01562	0.01956	0.01853	0.01239	0.01779	0.01015	0.01190	0.00751	0.00551	0.00526	0.00175	0.00827	0.00413	0.00250	0.00852
85	0.01077	0.01074	0.00909	0.00897	0.01089	0.15887	0.00671	0.01325	0.05598	0.01685	0.10703	0.16748	0.33672	0.01319	0.00676	0.00200	0.00482	0.04909	0.00512	0.00567
86	0.09497	0.00959	0.01147	0.01080	0.01334	0.01018	0.03449	0.05559	0.21078	0.06357	0.05129	0.13728	0.06089	0.01169	0.00667	0.00221	0.00486	0.19775	0.00551	0.00708
87	0.01471	0.01270	0.01337	0.01203	0.01538	0.01471	0.00936	0.03142	0.74459	0.02474	0.02407	0.02206	0.01805	0.00802	0.00602	0.00201	0.00468	0.00669	0.00602	0.00936
88	0.00773	0.00597	0.00706	0.00689	0.00847	0.00529	0.00513	0.00989	0.01508	0.02002	0.42478	0.09404	0.34100	0.01366	0.00702	0.00195	0.00291	0.01180	0.00603	0.00529
89	0.01294	0.01294	0.01811	0.01553	0.01553	0.01811	0.01294	0.01423	0.00906	0.01423	0.00776	0.01294	0.00776	0.01035	0.01941	0.00259	0.78134	0.00518	0.00259	0.00647
90	0.02022	0.02465	0.01857	0.02051	0.20283	0.57953	0.01311	0.02225	0.01593	0.01569	0.00964	0.01166	0.00806	0.00589	0.00546	0.00158	0.00975	0.00417	0.00302	0.00748
91	0.00727	0.00520	0.00692	0.00819	0.00859	0.00485	0.00550	0.00841	0.01165	0.01561	0.07575	0.74368	0.04011	0.01814	0.00751	0.00237	0.00339	0.01645	0.00555	0.00485
92	0.00860	0.00573	0.00645	0.00645	0.00645	0.00573	0.00358	0.00860	0.00860	0.01147	0.01863	0.03870	0.02150	0.79217	0.03010	0.00573	0.00573	0.00860	0.00358	0.00358
93	0.01123	0.01059	0.01775	0.75262	0.03989	0.01330	0.01631	0.01508	0.01173	0.01508	0.01042	0.01567	0.00788	0.00606	0.00636	0.00199	0.03358	0.00525	0.00263	0.00657
94	0.01464	0.01405	0.02400	0.03630	0.75528	0.01405	0.01815	0.01815	0.01347	0.01932	0.01112	0.01464	0.00937	0.00527	0.00585	0.00176	0.00703	0.00527	0.00293	0.00937
95	0.00721	0.00515	0.00686	0.00823	0.00858	0.00480	0.00549	0.00823	0.01132	0.01510	0.03259	0.78831	0.03911	0.01853	0.00755	0.00240	0.00343	0.01681	0.00549	0.00480
96	0.01438	0.01242	0.01306	0.01178	0.01506	0.01429	0.00915	0.03044	0.71318	0.02436	0.02561	0.02356	0.04962	0.00832	0.00606	0.00201	0.00461	0.00694	0.00599	0.00917
97	0.01294	0.01294	0.01811	0.01553	0.01553	0.01811	0.01294	0.01423	0.00906	0.01423	0.00776	0.01294	0.00776	0.01035	0.01941	0.00259	0.78134	0.00518	0.00259	0.00647
98	0.01117	0.01051	0.01774	0.77795	0.04073	0.01314	0.01642	0.01511	0.01182	0.01511	0.01051	0.01577	0.00788	0.00591	0.00591	0.00197	0.00788	0.00526	0.00263	0.00657
99	0.00721	0.00515	0.00686	0.00823	0.00858	0.00480	0.00549	0.00823	0.01132	0.01510	0.03259	0.78831	0.03911	0.01853	0.00755	0.00240	0.00343	0.01681	0.00549	0.00480
100	0.00860	0.00573	0.00645	0.00645	0.00645	0.00573	0.00358	0.00860	0.00860	0.01147	0.01863	0.03870	0.02150	0.79217	0.03010	0.00573	0.00573	0.00860	0.00358	0.00358
101	0.01117	0.01051	0.01774	0.77795	0.04073	0.01314	0.01642	0.01511	0.01182	0.01511	0.01051	0.01577	0.00788	0.00591	0.00591	0.00197	0.00788	0.00526	0.00263	0.00657
102	0.01117	0.01051	0.01774	0.77795	0.04073	0.01314	0.01642	0.01511	0.01182	0.01511	0.01051	0.01577	0.00788	0.00591	0.00591	0.00197	0.00788	0.00526	0.00263	0.00657
103	0.02181	0.02765	0.01703	0.01603	0.04614	0.73991	0.01168	0.02341	0.01663	0.01466	0.00922	0.01081	0.00768	0.00606	0.00535	0.00153	0.01053	0.00386	0.00304	0.00695
104	0.00860	0.00573	0.00645	0.00645	0.00645	0.00573	0.00358	0.00860	0.00860	0.01147	0.01863	0.03870	0.02150	0.79217	0.03010	0.00573	0.00573	0.00860	0.00358	0.00358
105	0.83394	0.01144	0.00869	0.00778	0.01144	0.01327	0.00640	0.01738	0.01006	0.02653	0.00823	0.00961	0.00640	0.00549	0.00366	0.00183	0.00457	0.00320	0.00366	0.00640
106	0.00845	0.00634	0.00950	0.00950	0.01056	0.00739	0.00739	0.01056	0.00950	0.01373	0.01584	0.02323	0.01478	0.04435	0.76873	0.00950	0.01584	0.00634	0.00317	0.00528
107	0.01449	0.01248	0.01318	0.01188	0.01515	0.01440	0.00923	0.03073	0.71967	0.02470	0.04900	0.02282	0.01934	0.00816	0.00605	0.00200	0.00462	0.00682	0.00603	0.00923
108	0.00721	0.00515	0.00686	0.00823	0.00858	0.00480	0.00549	0.00823	0.01132	0.01510	0.03259	0.78831	0.03911	0.01853	0.00755	0.00240	0.00343	0.01681	0.00549	0.00480
109	0.01138	0.01088	0.01855	0.70540	0.03903	0.01347	0.04925	0.01524	0.01179	0.01524	0.01044	0.01563	0.00793	0.00609	0.00663	0.00200	0.04644	0.00533	0.00264	0.00663
110	0.02262	0.01634	0.01761	0.01350	0.01823	0.01801	0.01115	0.71136	0.02743	0.06200	0.01451	0.01440	0.01021	0.00711	0.00592	0.00178	0.00646	0.00535	0.00596	0.01006
111	0.00837	0.00604	0.00790	0.00744	0.00883	0.00558	0.00558	0.01116	0.01674	0.02371	0.75216	0.04417	0.05580	0.01209	0.00697	0.00186	0.00279	0.01069	0.00651	0.00558
112	0.02213	0.02702	0.01686	0.01507	0.01829	0.69315	0.01141	0.09506	0.01787	0.01676	0.00965	0.01102	0.00786	0.00619	0.00539	0.00155	0.01025	0.00396	0.00333	0.00718
113	0.03399	0.70624	0.08161	0.01066	0.01590	0.04001	0.01089	0.01791	0.01212	0.01455	0.00841	0.00973	0.00756	0.00513	0.00396	0.00133	0.00656	0.00326	0.00256	0.00763
114	0.00737	0.00533	0.00697	0.00798	0.00858	0.00493	0.00544	0.00869	0.01226	0.01643	0.14158	0.63343	0.08441	0.01735	0.00743	0.00230	0.00331	0.01564	0.00564	0.00493
115	0.00845	0.00632	0.00945	0.00945	0.01048	0.00736	0.00732	0.01052	0.00949	0.01368	0.01589	0.02353	0.01491	0.05871	0.75455	0.00943	0.01565	0.00638	0.00318	0.00525
116	0.00770	0.00599	0.00700	0.00682	0.00844	0.00529	0.00509	0.00985	0.01507	0.01990	0.41309	0.07800	0.36925	0.01363	0.00700	0.00194	0.00291	0.01173	0.00601	0.00529
117	0.01386	0.01489	0.03001	0.09055	0.21998	0.01468	0.46116	0.01825	0.01347	0.01855	0.01147	0.01548	0.00894	0.00533	0.00705	0.00195	0.03694	0.00632	0.00293	0.00817
118	0.01419	0.01504	0.06408	0.14958	0.53955	0.04245	0.05342	0.01795	0.01330	0.01843	0.01097	0.01461	0.00895	0.00541	0.00589	0.00180	0.00754	0.00525	0.00286	0.00873
119	0.01539	0.12107	0.05553	0.07394	0.02710	0.12074	0.43473	0.04624	0.01441	0.01807	0.01101	0.01416	0.00851	0.00532	0.00617	0.00182	0.00926	0.00576	0.00301	0.00778
120	0.00837	0.00580	0.00675	0.00671	0.00718	0.00560	0.00417	0.00914	0.01087	0.01465	0.18385	0.07346	0.08393	0.52960	0.02233	0.00446	0.00478	0.00970	0.00445	0.00418
121	0.01417	0.01219	0.01517	0.01130	0.01607	0.04742	0.08674	0.09480	0.01498	0.04740	0.08449	0.01622	0.01371	0.00569	0.00519	0.00126	0.00540	0.00489	0.00412	0.49879
122	0.00733	0.00600	0.00647	0.00635	0.00820	0.00514	0.00476	0.00915	0.01429	0.01791	0.23265	0.05373	0.57893	0.01426	0.00699	0.00196	0.00294	0.01204	0.00575	0.00514
123	0.00938	0.00805	0.01315	0.10764	0.12581	0.00807	0.07115	0.01147	0.01193	0.01606	0.02493	0.51254	0.02829	0.01385	0.00705	0.00222	0.00507	0.01284	0.00454	0.00597
124	0.01502	0.41836	0.20016	0.01244	0.01791	0.05622	0.03731	0.04177	0.01309	0.04408	0.01168	0.07231	0.01046	0.00644	0.00487	0.00157	0.00694	0.00487	0.00310	0.02140
125	0.01615	0.49856	0.04913	0.01061	0.01539	0.01906	0.01001	0.05679	0.10517	0.07049	0.04046	0.01367	0.01145	0.00595	0.00455	0.00144	0.00586	0.00426	0.00369	0.05730
126	0.00860	0.00573	0.00645	0.00645	0.00645	0.00573	0.00358	0.00860	0.00860	0.01147	0.01863	0.03870	0.02150	0.79217	0.03010	0.00573	0.00573	0.00860	0.00358	0.00358
127	0.01333	0.01346	0.04676	0.28869	0.46064	0.01376	0.04358	0.01716	0.01289	0.01785	0.01093	0.01500	0.00878	0.00549	0.00591	0.00184	0.00748	0.00530	0.00281	0.00834
128	0.01964	0.01438	0.01446	0.07762	0.01797	0.14588	0.01011	0.02778	0.31125	0.26634	0.02002	0.01887	0.01420	0.00727	0.00586	0.00186	0.00613	0.00581	0.00563	0.00891
129	0.01610	0.05866	0.13356	0.02619	0.38741	0.11044	0.07331	0.05512	0.01457	0.05241	0.01141	0.01387	0.00901	0.00558	0.00574	0.00174	0.00783	0.00501	0.00321	0.00882
130	0.01052	0.00748	0.00936	0.00908	0.01092	0.00748	0.00714	0.01551	0.13968	0.05990	0.39095	0.08852	0.05588	0.01244	0.00703	0.00209	0.00380	0.14969	0.00618	0.00637
131	0.01309	0.01257	0.02163	0.36083	0.41743	0.01368	0.04190	0.01684	0.01276	0.01746	0.01088	0.01518	0.00870	0.00554	0.00592	0.00186	0.00750	0.00532	0.00280	0.00809
132	0.01535	0.02491	0.43805	0.04125	0.02328	0.12463	0.05846	0.02155	0.07622	0.10100	0.01304	0.01419	0.00931	0.00606	0.00573	0.00184	0.00831	0.00484	0.00345	0.00855
133	0.00847	0.00624	0.00903	0.00903	0.00992	0.00714	0.00680	0.01026	0.00936	0.01338	0.01627	0.02563	0.01582	0.16004	0.65447	0.00892	0.01428	0.00669	0.00323	0.00502
134	0.00845	0.00634	0.00950	0.00950	0.01056	0.00739	0.00739	0.01056	0.00950	0.01373	0.01584	0.02323	0.01478	0.04435	0.76873	0.00950	0.01584	0.00634	0.00317	0.00528
135	0.00859	0.00576	0.00657	0.00657	0.00661	0.00580	0.00373	0.00868	0.00863	0.01155	0.01853	0.03810	0.02124	0.76337	0.05854	0.00588	0.00612	0.00851	0.00357	0.00365
136	0.02653	0.01006	0.01372	0.01052	0.01510	0.00869	0.00869	0.02882	0.01693	0.75937	0.02333	0.02013	0.01464	0.00732	0.00595	0.00183	0.00503	0.00595	0.00732	0.01006
137	0.01200	0.05656	0.73673	0.01663	0.02524	0.01406	0.02145	0.01869	0.01247	0.01856	0.01053	0.01238	0.00749	0.00560	0.00556	0.00185	0.00866	0.00433	0.00250	0.00870
138	0.02065	0.00988	0.01276	0.00983	0.01421	0.00842	0.00799	0.02367	0.04561	0.47006	0.09329	0.02065	0.01744	0.00709	0.00566	0.00160	0.00463	0.00584	0.00623	0.21448
139	0.01334	0.01487	0.03178	0.09966	0.03078	0.01427	0.62559	0.01803	0.01361	0.01837	0.01284	0.05434	0.01036	0.00575	0.00690	0.00201	0.00944	0.00730	0.00308	0.00768
140	0.01692	0.01203	0.07242	0.05026	0.01622	0.01045	0.00981	0.17540	0.01734	0.21464	0.08708	0.08760	0.05455	0.00901	0.00615	0.00184	0.00532	0.04958	0.00554	0.09783
141	0.02047	0.00872	0.01178	0.00949	0.01301	0.00765	0.00765	0.02292	0.01686	0.51375	0.26668	0.02816	0.02838	0.00891	0.00629	0.00184	0.00428	0.00753	0.00705	0.00857
142	0.01691	0.66194	0.02851	0.01101	0.01572	0.15326	0.01035	0.01874	0.01284	0.01401	0.00838	0.00969	0.00759	0.00524	0.00406	0.00131	0.00708	0.00327	0.00262	0.00746
143	0.00860	0.00573	0.00645	0.00645	0.00645	0.00573	0.00358	0.00860	0.00860	0.01147	0.01863	0.03870	0.02150	0.79217	0.03010	0.00573	0.00573	0.00860	0.00358	0.00358
144	0.09798	0.01540	0.04202	0.10008	0.02022	0.01638	0.01151	0.50802	0.02286	0.06986	0.01348	0.01414	0.00958	0.00671	0.00566	0.00179	0.00643	0.00507	0.00523	0.02758
145	0.01592	0.69242	0.08421	0.01083	0.01614	0.02238	0.01105	0.06084	0.01300	0.01567	0.00876	0.00999	0.00773	0.00522	0.00406	0.00134	0.00651	0.00338	0.00273	0.00782
146	0.01241	0.01072	0.01297	0.01041	0.05847	0.00825	0.00768	0.01509	0.01234	0.01927	0.01055	0.01241	0.00880	0.00443	0.00447	0.00093	0.00454	0.00361	0.00347	0.77920
147	0.02450	0.05792	0.02694	0.01059	0.01504	0.03527	0.00892	0.02684	0.01654	0.63679	0.06166	0.02036	0.01611	0.00738	0.00585	0.00179	0.00524	0.00594	0.00676	0.00954
148	0.00860	0.00573	0.00645	0.00645	0.00645	0.00573	0.00358	0.00860	0.00860	0.01147	0.01863	0.03870	0.02150	0.79217	0.03010	0.00573	0.00573	0.00860	0.00358	0.00358
149	0.00726	0.00587	0.00647	0.00685	0.00835	0.00515	0.00493	0.00897	0.02756	0.01616	0.07595	0.27782	0.49625	0.01581	0.00714	0.00212	0.00315	0.01362	0.00554	0.00504
150	0.03699	0.04216	0.04120	0.01230	0.01651	0.04337	0.01027	0.34880	0.15377	0.14047	0.05529	0.04139	0.01511	0.00771	0.00589	0.00183	0.00585	0.00609	0.00577	0.00921
151	0.01452	0.01411	0.02438	0.03475	0.68192	0.01428	0.05900	0.01803	0.01330	0.01908	0.01103	0.01464	0.00928	0.00547	0.00650	0.00181	0.04046	0.00536	0.00292	0.00916
152	0.01950	0.01163	0.01351	0.01142	0.01526	0.01227	0.00909	0.03037	0.44954	0.32261	0.02377	0.02128	0.01667	0.00774	0.00599	0.00193	0.00482	0.00639	0.00655	0.00965
153	0.02209	0.02819	0.01676	0.01524	0.01828	0.76843	0.01143	0.02361	0.01676	0.01447	0.00914	0.01066	0.00762	0.00609	0.00533	0.00152	0.01066	0.00381	0.00305	0.00686
154	0.01699	0.05521	0.07502	0.08036	0.06787	0.27534	0.20732	0.06165	0.03941	0.01794	0.01093	0.01349	0.00859	0.00594	0.00642	0.00179	0.03977	0.00511	0.00318	0.00770
155	0.01222	0.01198	0.01822	0.30349	0.02532	0.01597	0.03110	0.01461	0.01022	0.01467	0.00904	0.01426	0.00796	0.00914	0.02715	0.00246	0.45778	0.00527	0.00262	0.00652
156	0.00716	0.00600	0.00623	0.00617	0.00810	0.00507	0.00463	0.00883	0.01389	0.01696	0.14778	0.05530	0.66440	0.01461	0.00699	0.00198	0.00297	0.01225	0.00562	0.00507
157	0.01095	0.00921	0.04117	0.01196	0.01418	0.00835	0.11597	0.08131	0.01384	0.05020	0.02638	0.45513	0.02901	0.01419	0.00724	0.00227	0.00520	0.09209	0.00512	0.00623
158	0.01425	0.01381	0.02403	0.11004	0.64013	0.01401	0.06090	0.01789	0.01333	0.01888	0.01111	0.01483	0.00919	0.00532	0.00593	0.00179	0.00729	0.00537	0.00290	0.00900
159	0.00724	0.00531	0.00679	0.00788	0.00851	0.00487	0.00535	0.00843	0.01191	0.01568	0.07471	0.64570	0.14055	0.01768	0.00744	0.00232	0.00334	0.01588	0.00554	0.00487
160	0.01471	0.01270	0.01337	0.01203	0.01538	0.01471	0.00936	0.03142	0.74459	0.02474	0.02407	0.02206	0.01805	0.00802	0.00602	0.00201	0.00468	0.00669	0.00602	0.00936
161	0.01464	0.01405	0.02400	0.03630	0.75528	0.01405	0.01815	0.01815	0.01347	0.01932	0.01112	0.01464	0.00937	0.00527	0.00585	0.00176	0.00703	0.00527	0.00293	0.00937
162	0.83394	0.01144	0.00869	0.00778	0.01144	0.01327	0.00640	0.01738	0.01006	0.02653	0.00823	0.00961	0.00640	0.00549	0.00366	0.00183	0.00457	0.00320	0.00366	0.00640
163	0.00721	0.00515	0.00686	0.00823	0.00858	0.00480	0.00549	0.00823	0.01132	0.01510	0.03259	0.78831	0.03911	0.01853	0.00755	0.00240	0.00343	0.01681	0.00549	0.00480
164	0.00699	0.00599	0.00599	0.00599	0.00799	0.00499	0.00449	0.00849	0.01348	0.01598	0.05991	0.05691	0.75288	0.01498	0.00699	0.00200	0.00300	0.01248	0.00549	0.00499
165	0.01398	0.01339	0.02283	0.17564	0.62103	0.01388	0.01783	0.01758	0.01316	0.01853	0.01101	0.01485	0.00909	0.00539	0.00587	0.00180	0.00719	0.00527	0.00287	0.00884
166	0.01389	0.41089	0.38071	0.01396	0.03757	0.01855	0.01593	0.01821	0.01228	0.01635	0.00944	0.01104	0.00758	0.00533	0.00472	0.00157	0.00750	0.00379	0.00252	0.00818
167	0.02263	0.00992	0.01310	0.00999	0.01452	0.00835	0.00818	0.02501	0.01598	0.56863	0.06259	0.01993	0.01582	0.00700	0.00569	0.00164	0.00477	0.00573	0.00651	0.17401
168	0.00721	0.00515	0.00686	0.00823	0.00858	0.00480	0.00549	0.00823	0.01132	0.01510	0.03259	0.78831	0.03911	0.01853	0.00755	0.00240	0.00343	0.01681	0.00549	0.00480
169	0.04265	0.02102	0.36835	0.02079	0.20594	0.01314	0.07291	0.01888	0.05712	0.03556	0.07534	0.01664	0.01296	0.00621	0.00586	0.00186	0.00742	0.00547	0.00334	0.00855
170	0.02109	0.10050	0.01928	0.01550	0.05493	0.41472	0.03548	0.20042	0.01879	0.04918	0.01105	0.01217	0.00863	0.00621	0.00543	0.00160	0.00877	0.00438	0.00387	0.00801
171	0.00794	0.00620	0.00723	0.00702	0.00873	0.00557	0.00533	0.01046	0.03153	0.02004	0.39818	0.05024	0.36668	0.01345	0.00700	0.00196	0.00302	0.03801	0.00600	0.00540
172	0.01579	0.71598	0.05652	0.01072	0.01567	0.04816	0.01068	0.01783	0.01210	0.01412	0.00832	0.00975	0.00759	0.00529	0.00443	0.00134	0.03231	0.00329	0.00255	0.00757
173	0.01249	0.01065	0.01239	0.00887	0.01411	0.00812	0.00710	0.03110	0.01261	0.01968	0.01059	0.01231	0.00879	0.00444	0.00441	0.00090	0.00443	0.00354	0.00356	0.80992
174	0.03664	0.01370	0.01400	0.01156	0.01526	0.16178	0.00923	0.02565	0.05620	0.46793	0.04479	0.04642	0.01523	0.00780	0.00655	0.00184	0.04460	0.00603	0.00600	0.00880
175	0.01306	0.01093	0.01206	0.01145	0.01419	0.01232	0.00906	0.02570	0.53853	0.02256	0.02679	0.07771	0.03800	0.01047	0.00656	0.00217	0.00472	0.14965	0.00586	0.00821
176	0.01254	0.01251	0.03706	0.01849	0.02276	0.01142	0.44702	0.01639	0.01403	0.05710	0.12660	0.15692	0.02156	0.00857	0.00700	0.00204	0.00747	0.00918	0.00417	0.00718
177	0.00908	0.00651	0.00898	0.01023	0.01145	0.00641	0.00863	0.01153	0.01343	0.01759	0.06914	0.17302	0.04908	0.01642	0.00799	0.00262	0.00496	0.56208	0.00551	0.00535
178	0.00915	0.00654	0.00910	0.01046	0.01166	0.00648	0.00888	0.01160	0.01324	0.01728	0.03152	0.18325	0.03485	0.01669	0.00807	0.00267	0.00512	0.60263	0.00545	0.00534
179	0.00714	0.00569	0.00640	0.00687	0.00824	0.00495	0.00491	0.00853	0.01286	0.01604	0.08447	0.32031	0.46054	0.01612	0.00719	0.00214	0.00314	0.01396	0.00554	0.00495
180	0.00727	0.00520	0.00692	0.00819	0.00859	0.00485	0.00550	0.00841	0.01165	0.01561	0.07575	0.74368	0.04011	0.01814	0.00751	0.00237	0.00339	0.01645	0.00555	0.00485
181	0.02209	0.02819	0.01676	0.01524	0.01828	0.76843	0.01143	0.02361	0.01676	0.01447	0.00914	0.01066	0.00762	0.00609	0.00533	0.00152	0.01066	0.00381	0.00305	0.00686
182	0.01108	0.00623	0.00692	0.00672	0.00820	0.00653	0.00514	0.04903	0.01259	0.02114	0.01835	0.02190	0.01483	0.01442	0.15766	0.00303	0.00557	0.00567	0.61935	0.00569
183	0.00711	0.00570	0.00636	0.00682	0.00822	0.00495	0.00488	0.00849	0.01284	0.01593	0.07342	0.31050	0.48183	0.01611	0.00718	0.00213	0.00314	0.01393	0.00552	0.00495
184	0.00845	0.00634	0.00950	0.00950	0.01056	0.00739	0.00739	0.01056	0.00950	0.01373	0.01584	0.02323	0.01478	0.04435	0.76873	0.00950	0.01584	0.00634	0.00317	0.00528

[dist]
# distance from previous block
# <min> <max>
1	4

[block]
# block no. 3 follows, 39 sequences, length 91
# corresponding to MSA columns:
# 458-548
name=unknown_D
#
# <colnr> <probs for GDERKNQSTAVLIFYWHMCP>
#	G	D	E	R	K	N	Q	S	T	A	V	L	I	F	Y	W	H	M	C	P
0	0.83394	0.01144	0.00869	0.00778	0.01144	0.01327	0.00640	0.01738	0.01006	0.02653	0.00823	0.00961	0.00640	0.00549	0.00366	0.00183	0.00457	0.00320	0.00366	0.00640
1	0.01990	0.01469	0.01585	0.01281	0.01702	0.01632	0.01037	0.42638	0.29137	0.08324	0.01848	0.01751	0.01333	0.00746	0.00596	0.00186	0.00573	0.00587	0.00605	0.00980
2	0.01027	0.00514	0.00770	0.00770	0.00770	0.00514	0.00514	0.00770	0.00770	0.01027	0.01027	0.01798	0.01027	0.02054	0.02311	0.82794	0.00514	0.00514	0.00257	0.00257
3	0.00992	0.01675	0.33598	0.01162	0.01621	0.00916	0.01275	0.01448	0.01482	0.02140	0.41255	0.03091	0.03426	0.00937	0.00641	0.00189	0.00544	0.02439	0.00474	0.00695
4	0.02000	0.02498	0.02122	0.01798	0.03683	0.57337	0.18332	0.02239	0.01602	0.01564	0.00985	0.01201	0.00798	0.00581	0.00573	0.00164	0.01042	0.00459	0.00303	0.00718
5	0.01464	0.01405	0.02400	0.03630	0.75528	0.01405	0.01815	0.01815	0.01347	0.01932	0.01112	0.01464	0.00937	0.00527	0.00585	0.00176	0.00703	0.00527	0.00293	0.00937
6	0.00860	0.00573	0.00645	0.00645	0.00645	0.00573	0.00358	0.00860	0.00860	0.01147	0.01863	0.03870	0.02150	0.79217	0.03010	0.00573	0.00573	0.00860	0.00358	0.00358
7	0.01226	0.01051	0.01226	0.00876	0.01401	0.00788	0.00701	0.01489	0.01226	0.01927	0.01051	0.01226	0.00876	0.00438	0.00438	0.00088	0.00438	0.00350	0.00350	0.82832
8	0.01213	0.00895	0.01287	0.01496	0.18765	0.00845	0.00922	0.01556	0.04367	0.09027	0.40275	0.03210	0.03518	0.00936	0.00640	0.00178	0.00427	0.02626	0.00545	0.07272
9	0.01228	0.11123	0.68453	0.01615	0.02450	0.01475	0.02061	0.01862	0.01244	0.01822	0.01036	0.01217	0.00750	0.00556	0.00543	0.00181	0.00849	0.00424	0.00250	0.00862
10	0.01022	0.00684	0.00960	0.02766	0.01250	0.00681	0.00900	0.01269	0.01330	0.06101	0.02993	0.15866	0.03222	0.01698	0.03807	0.00288	0.00562	0.53497	0.00541	0.00565
11	0.01471	0.01270	0.01337	0.01203	0.01538	0.01471	0.00936	0.03142	0.74459	0.02474	0.02407	0.02206	0.01805	0.00802	0.00602	0.00201	0.00468	0.00669	0.00602	0.00936
12	0.01272	0.01257	0.01817	0.07636	0.01793	0.01698	0.04142	0.01508	0.04134	0.01492	0.00920	0.01412	0.00857	0.01114	0.04938	0.00279	0.62255	0.00537	0.00278	0.00661
13	0.01728	0.02023	0.01564	0.01580	0.08789	0.45384	0.01111	0.01914	0.01411	0.01474	0.01101	0.01447	0.00968	0.01628	0.20633	0.00370	0.05435	0.00469	0.00304	0.00667
14	0.01284	0.07468	0.01906	0.22936	0.02288	0.01662	0.02967	0.03587	0.01091	0.01537	0.00979	0.01569	0.00892	0.00870	0.01325	0.00228	0.43135	0.03326	0.00281	0.00668
15	0.02170	0.02567	0.01792	0.01551	0.01899	0.60829	0.05141	0.13574	0.01835	0.01832	0.01010	0.01152	0.00808	0.00619	0.00552	0.00159	0.00997	0.00422	0.00350	0.00742
16	0.00860	0.00573	0.00645	0.00645	0.00645	0.00573	0.00358	0.00860	0.00860	0.01147	0.01863	0.03870	0.02150	0.79217	0.03010	0.00573	0.00573	0.00860	0.00358	0.00358
17	0.01117	0.01051	0.01774	0.77795	0.04073	0.01314	0.01642	0.01511	0.01182	0.01511	0.01051	0.01577	0.00788	0.00591	0.00591	0.00197	0.00788	0.00526	0.00263	0.00657
18	0.00740	0.00536	0.00700	0.00796	0.00859	0.00495	0.00545	0.00877	0.01242	0.01669	0.16273	0.61213	0.08432	0.01717	0.00741	0.00228	0.00329	0.01546	0.00567	0.00495
19	0.02209	0.02819	0.01676	0.01524	0.01828	0.76843	0.01143	0.02361	0.01676	0.01447	0.00914	0.01066	0.00762	0.00609	0.00533	0.00152	0.01066	0.00381	0.00305	0.00686
20	0.01203	0.06339	0.73021	0.01657	0.02515	0.01415	0.02135	0.01868	0.01247	0.01852	0.01051	0.01236	0.00750	0.00559	0.00554	0.00185	0.00864	0.00432	0.00250	0.00869
21	0.01288	0.01235	0.02125	0.40709	0.37230	0.01363	0.04233	0.01666	0.01266	0.01720	0.01085	0.01525	0.00861	0.00558	0.00592	0.00187	0.00756	0.00532	0.00278	0.00792
22	0.01266	0.02551	0.53958	0.01755	0.06447	0.01400	0.06311	0.02102	0.14615	0.01987	0.01318	0.01456	0.00961	0.00600	0.00579	0.00190	0.00798	0.00500	0.00319	0.00884
23	0.01179	0.01057	0.01154	0.01029	0.01251	0.10178	0.04737	0.01700	0.14906	0.03460	0.44600	0.06356	0.03903	0.01039	0.00660	0.00187	0.00457	0.00907	0.00577	0.00660
24	0.00831	0.00604	0.00782	0.00738	0.00880	0.00555	0.00553	0.01104	0.01660	0.02338	0.72218	0.04473	0.08599	0.01221	0.00698	0.00187	0.00280	0.01077	0.00647	0.00555
25	0.01353	0.01293	0.02201	0.27185	0.52834	0.01376	0.01760	0.01718	0.01294	0.01798	0.01093	0.01500	0.00890	0.00547	0.00587	0.00182	0.00730	0.00526	0.00283	0.00848
