[name]
unknown

[dist]
# distance from previous block
# <min> <max>
39	284

[block]
# block no. 0 follows, 39 sequences, length 11
# corresponding to MSA columns:
# 295-305
name=unknown_A
#
# <colnr> <probs for GDERKNQSTAVLIFYWHMCP>
#	G	D	E	R	K	N	Q	S	T	A	V	L	I	F	Y	W	H	M	C	P
0	0.01040	0.00821	0.01073	0.01116	0.06426	0.00893	0.00766	0.01472	0.13757	0.01634	0.01784	0.05853	0.01684	0.17653	0.30575	0.00556	0.02950	0.00700	0.03738	0.05507
1	0.08919	0.06651	0.01555	0.25108	0.11260	0.01184	0.03214	0.03456	0.04793	0.01795	0.02189	0.12574	0.13192	0.00899	0.00597	0.00194	0.00584	0.00775	0.00386	0.00675
2	0.01801	0.01775	0.01461	0.07301	0.01764	0.30461	0.01042	0.20808	0.01854	0.02230	0.06719	0.02090	0.01503	0.00783	0.00579	0.00175	0.00747	0.07237	0.08938	0.00731
3	0.00871	0.00679	0.00912	0.01116	0.07996	0.00666	0.00715	0.01133	0.06961	0.01638	0.03124	0.52120	0.08496	0.04468	0.00811	0.00243	0.00407	0.06563	0.00521	0.00561
4	0.07456	0.41651	0.09427	0.01203	0.01662	0.07369	0.01152	0.12405	0.01429	0.01879	0.00935	0.01092	0.00788	0.00607	0.00600	0.00159	0.08704	0.00385	0.00315	0.00781
5	0.05185	0.00969	0.01302	0.08952	0.01666	0.00920	0.00896	0.02438	0.05952	0.49647	0.13478	0.02313	0.02023	0.00789	0.00602	0.00186	0.00494	0.00655	0.00649	0.00883
6	0.01933	0.01537	0.01825	0.01432	0.01878	0.01693	0.08553	0.45566	0.23575	0.03171	0.01685	0.01668	0.01228	0.00715	0.00606	0.00186	0.00633	0.00589	0.00564	0.00964
7	0.01461	0.01255	0.01332	0.05353	0.01615	0.08764	0.00835	0.06824	0.01406	0.06354	0.01221	0.04164	0.01016	0.00554	0.00489	0.00118	0.00539	0.00440	0.00388	0.55873
8	0.01809	0.01692	0.01512	0.01294	0.01666	0.18069	0.01014	0.20071	0.36819	0.02523	0.01761	0.01708	0.01328	0.00717	0.00575	0.00178	0.00642	0.00554	0.00520	0.05547
9	0.00847	0.00623	0.00897	0.00897	0.00985	0.00710	0.00673	0.01022	0.00935	0.01334	0.01633	0.02592	0.01595	0.17417	0.64051	0.00885	0.01409	0.00673	0.00324	0.00499
10	0.01468	0.01441	0.02307	0.10437	0.65274	0.05078	0.01766	0.01813	0.01347	0.01869	0.01097	0.01455	0.00914	0.00537	0.00583	0.00177	0.00728	0.00520	0.00291	0.00898

[dist]
# distance from previous block
# <min> <max>
0	2

[block]
# block no. 1 follows, 39 sequences, length 9
# corresponding to MSA columns:
# 308-316
name=unknown_B
#
# <colnr> <probs for GDERKNQSTAVLIFYWHMCP>
#	G	D	E	R	K	N	Q	S	T	A	V	L	I	F	Y	W	H	M	C	P
0	0.32224	0.01380	0.01204	0.01037	0.01403	0.12719	0.00826	0.04634	0.13953	0.19348	0.01524	0.01501	0.01098	0.00655	0.00494	0.00179	0.00561	0.00469	0.04001	0.00790
1	0.00825	0.00625	0.00772	0.00847	0.00942	0.00614	0.00591	0.01146	0.10411	0.01725	0.10714	0.56377	0.08906	0.01630	0.00726	0.00227	0.00349	0.01461	0.00566	0.00547
2	0.00721	0.00515	0.00686	0.00823	0.00858	0.00480	0.00549	0.00823	0.01132	0.01510	0.03259	0.78831	0.03911	0.01853	0.00755	0.00240	0.00343	0.01681	0.00549	0.00480
3	0.01117	0.00955	0.01488	0.01799	0.20841	0.00955	0.06110	0.01515	0.07446	0.01864	0.05578	0.14742	0.04403	0.01204	0.00713	0.00226	0.00565	0.27320	0.00471	0.00688
4	0.02069	0.01356	0.01527	0.01205	0.01619	0.01445	0.00983	0.43695	0.09160	0.17503	0.11340	0.02001	0.01768	0.00788	0.00607	0.00182	0.00556	0.00628	0.00628	0.00941
5	0.00811	0.00614	0.00878	0.10897	0.01298	0.00650	0.00712	0.00964	0.01076	0.01447	0.02498	0.46068	0.02843	0.09687	0.16288	0.00410	0.00674	0.01240	0.00446	0.00501
6	0.01415	0.01512	0.02938	0.02162	0.02693	0.01489	0.54810	0.02214	0.20124	0.02043	0.01507	0.01752	0.01130	0.00576	0.00673	0.00200	0.00861	0.00690	0.00377	0.00833
7	0.01795	0.27846	0.11867	0.01485	0.06067	0.34976	0.01265	0.02107	0.04607	0.01557	0.00979	0.01124	0.00815	0.00573	0.00493	0.00152	0.00852	0.00388	0.00293	0.00760
8	0.01267	0.01442	0.05574	0.12100	0.02919	0.01340	0.52247	0.01709	0.01329	0.01795	0.01432	0.11279	0.01256	0.00683	0.00686	0.00204	0.00883	0.00789	0.00324	0.00742

[dist]
# distance from previous block
# <min> <max>
0	353

# created by:
# /software/SequenceAnalysis/GenePrediction/augustus/3.0.1/scripts/msa2prfl.pl ./fixed/BUSCOvEOG77STTG.fas
