[name]
unknown

[dist]
# distance from previous block
# <min> <max>
0	281

[block]
# block no. 0 follows, 40 sequences, length 23
# corresponding to MSA columns:
# 309-331
name=unknown_A
#
# <colnr> <probs for GDERKNQSTAVLIFYWHMCP>
#	G	D	E	R	K	N	Q	S	T	A	V	L	I	F	Y	W	H	M	C	P
0	0.01557	0.00824	0.01153	0.01013	0.01231	0.00865	0.00808	0.01749	0.01217	0.29928	0.01840	0.02354	0.01506	0.08512	0.31733	0.00525	0.08640	0.03375	0.00473	0.00697
1	0.52246	0.01090	0.00989	0.00802	0.01221	0.01103	0.00652	0.01616	0.01072	0.02337	0.00895	0.01044	0.00718	0.00498	0.00387	0.00144	0.00443	0.00326	0.00354	0.32063
2	0.01589	0.01260	0.01411	0.01043	0.01540	0.01167	0.00848	0.29104	0.01788	0.02569	0.01172	0.01278	0.00910	0.00533	0.00488	0.00120	0.00510	0.00413	0.00435	0.51822
3	0.01497	0.00745	0.00987	0.00840	0.01099	0.00663	0.00660	0.01747	0.01638	0.30497	0.44408	0.03502	0.07242	0.01023	0.00647	0.00182	0.00359	0.00882	0.00666	0.00714
4	0.01181	0.02256	0.47839	0.01354	0.02083	0.01131	0.01592	0.01698	0.01219	0.01862	0.01040	0.01219	0.00784	0.00506	0.00506	0.00147	0.00696	0.00397	0.00283	0.32205
5	0.32370	0.00796	0.00775	0.00720	0.00952	0.00827	0.00562	0.01286	0.01342	0.02309	0.35344	0.03260	0.15491	0.00989	0.00562	0.00184	0.00345	0.00801	0.00516	0.00570
6	0.00844	0.00758	0.01029	0.30151	0.02012	0.00796	0.00889	0.01083	0.01263	0.01538	0.04040	0.04055	0.47149	0.01133	0.00647	0.00195	0.00478	0.00957	0.00433	0.00550
7	0.01891	0.01606	0.02388	0.01762	0.02274	0.01677	0.28815	0.46509	0.02215	0.02978	0.01312	0.01462	0.00948	0.00619	0.00622	0.00183	0.00770	0.00586	0.00472	0.00911
8	0.01272	0.01272	0.01781	0.01527	0.01527	0.01781	0.01272	0.01399	0.00891	0.01399	0.00763	0.01272	0.00763	0.01018	0.01908	0.00254	0.78499	0.00509	0.00254	0.00636
9	0.01148	0.00910	0.01776	0.01403	0.01627	0.00873	0.28444	0.01179	0.00992	0.01335	0.01073	0.01692	0.00961	0.01437	0.01668	0.51497	0.00686	0.00574	0.00268	0.00455
10	0.01110	0.01002	0.01344	0.01187	0.01187	0.01317	0.00922	0.01188	0.00873	0.01296	0.01171	0.02238	0.01278	0.30948	0.02309	0.00372	0.48801	0.00637	0.00292	0.00528
11	0.01028	0.00843	0.01009	0.00857	0.01181	0.00691	0.00643	0.01291	0.04631	0.01764	0.01924	0.30965	0.02042	0.00978	0.00557	0.00149	0.00397	0.00858	0.00431	0.47764
12	0.01804	0.02109	0.01479	0.01255	0.01638	0.48095	0.00958	0.01995	0.01479	0.01603	0.00950	0.01109	0.00792	0.00535	0.00489	0.00126	0.00813	0.00363	0.00317	0.32090
13	0.00848	0.00741	0.01048	0.30198	0.02025	0.00792	0.00910	0.01077	0.01218	0.01520	0.03461	0.19912	0.31665	0.01208	0.00659	0.00204	0.00487	0.01048	0.00433	0.00546
14	0.01723	0.01829	0.01442	0.01303	0.01621	0.30324	0.00998	0.02797	0.46977	0.02048	0.01807	0.01742	0.01384	0.00717	0.00566	0.00179	0.00684	0.00550	0.00480	0.00827
15	0.32314	0.00793	0.00698	0.00662	0.00918	0.00803	0.00518	0.01178	0.01210	0.01996	0.06651	0.03775	0.44379	0.01106	0.00562	0.00190	0.00353	0.00873	0.00475	0.00546
16	0.02172	0.02772	0.01648	0.01498	0.01798	0.77228	0.01124	0.02322	0.01648	0.01423	0.00899	0.01049	0.00749	0.00599	0.00524	0.00150	0.01049	0.00375	0.00300	0.00674
17	0.01039	0.30823	0.01555	0.00784	0.01090	0.01196	0.00694	0.01211	0.01272	0.01508	0.03720	0.03899	0.41117	0.01112	0.00577	0.00175	0.00439	0.06769	0.00429	0.00592
18	0.01504	0.00745	0.00995	0.00847	0.01103	0.00665	0.00665	0.01759	0.01653	0.30533	0.47684	0.03443	0.03945	0.01010	0.00647	0.00182	0.00358	0.00874	0.00670	0.00717
19	0.01422	0.49855	0.02346	0.00944	0.01449	0.01720	0.00878	0.01636	0.01191	0.01569	0.00894	0.01037	0.00790	0.00472	0.00395	0.00110	0.00549	0.00324	0.00285	0.32135
20	0.01422	0.49855	0.02346	0.00944	0.01449	0.01720	0.00878	0.01636	0.01191	0.01569	0.00894	0.01037	0.00790	0.00472	0.00395	0.00110	0.00549	0.00324	0.00285	0.32135
21	0.01101	0.01014	0.01399	0.01224	0.01276	0.01312	0.00997	0.01284	0.01178	0.01755	0.29292	0.02443	0.02563	0.01083	0.01443	0.00227	0.48690	0.00716	0.00401	0.00603
22	0.01450	0.03944	0.01374	0.01177	0.01511	0.01476	0.00923	0.03044	0.72360	0.02396	0.02313	0.02127	0.01740	0.00779	0.00584	0.00195	0.00466	0.00646	0.00580	0.00914

[dist]
# distance from previous block
# <min> <max>
3	7

[block]
# block no. 1 follows, 40 sequences, length 11
# corresponding to MSA columns:
# 339-349
name=unknown_B
#
# <colnr> <probs for GDERKNQSTAVLIFYWHMCP>
#	G	D	E	R	K	N	Q	S	T	A	V	L	I	F	Y	W	H	M	C	P
0	0.65277	0.01094	0.00967	0.00826	0.01206	0.01202	0.00681	0.01965	0.01143	0.19339	0.01147	0.01179	0.00814	0.00581	0.00411	0.00180	0.00460	0.00376	0.00442	0.00711
1	0.01755	0.01359	0.01500	0.01122	0.01610	0.01337	0.00916	0.41079	0.02041	0.02862	0.01232	0.01310	0.00931	0.00577	0.00513	0.00134	0.00545	0.00442	0.00474	0.38262
2	0.01025	0.00873	0.01356	0.18946	0.18614	0.00906	0.01071	0.01341	0.01463	0.02042	0.41789	0.03051	0.03382	0.00899	0.00637	0.00183	0.00483	0.00809	0.00474	0.00655
3	0.01206	0.01034	0.01206	0.00861	0.01378	0.00775	0.00689	0.01464	0.01206	0.01895	0.01034	0.01206	0.00861	0.00431	0.00431	0.00086	0.00431	0.00345	0.00345	0.83118
4	0.19998	0.18953	0.01544	0.00870	0.01347	0.01242	0.00745	0.01583	0.01151	0.01937	0.00932	0.01085	0.00783	0.00471	0.00402	0.00116	0.00478	0.00330	0.00326	0.45709
5	0.01181	0.01034	0.01328	0.18403	0.01974	0.00892	0.00899	0.01469	0.01196	0.01802	0.01034	0.01284	0.00842	0.00465	0.00465	0.00111	0.00509	0.00384	0.00325	0.64404
6	0.00907	0.00634	0.00765	0.00761	0.00927	0.00557	0.00543	0.01082	0.01158	0.01733	0.02416	0.44013	0.02634	0.01247	0.00595	0.00179	0.00343	0.01104	0.19160	0.19242
7	0.01489	0.44285	0.02741	0.01368	0.01848	0.01919	0.17504	0.02075	0.17949	0.01722	0.01246	0.01358	0.01011	0.00562	0.00494	0.00157	0.00667	0.00475	0.00337	0.00794
8	0.01615	0.01316	0.02454	0.01769	0.02309	0.01173	0.40670	0.01993	0.01401	0.18770	0.01398	0.01579	0.01004	0.00529	0.00605	0.00167	0.00745	0.00586	0.00402	0.19514
9	0.00933	0.00724	0.01050	0.01026	0.01127	0.00852	0.00799	0.01116	0.00973	0.01415	0.01550	0.02277	0.01450	0.04088	0.70278	0.00882	0.07937	0.00632	0.00328	0.00563
10	0.00889	0.00642	0.00824	0.00776	0.00918	0.00588	0.00577	0.01144	0.01681	0.02383	0.74942	0.04400	0.05500	0.01224	0.00711	0.00194	0.00298	0.01066	0.00658	0.00582

[dist]
# distance from previous block
# <min> <max>
0	7

[block]
# block no. 2 follows, 40 sequences, length 58
# corresponding to MSA columns:
# 357-414
name=unknown_C
#
# <colnr> <probs for GDERKNQSTAVLIFYWHMCP>
#	G	D	E	R	K	N	Q	S	T	A	V	L	I	F	Y	W	H	M	C	P
0	0.01414	0.52461	0.02198	0.00855	0.01229	0.01706	0.00802	0.01623	0.01208	0.01664	0.01204	0.01388	0.01023	0.00574	0.00395	0.00132	0.00509	0.00398	0.28529	0.00687
1	0.00983	0.00781	0.01044	0.00925	0.01172	0.00757	0.00723	0.01201	0.01042	0.01558	0.01399	0.01942	0.01270	0.03016	0.50679	0.00645	0.01175	0.00534	0.00331	0.28823
2	0.01005	0.00862	0.01241	0.01153	0.01223	0.01101	0.00923	0.01179	0.00934	0.01389	0.01306	0.01965	0.01236	0.03217	0.51185	0.00703	0.27915	0.00591	0.00300	0.00571
3	0.01228	0.01049	0.01221	0.00877	0.01394	0.00788	0.00699	0.01480	0.01220	0.01915	0.01056	0.01237	0.00883	0.00446	0.00441	0.00091	0.00438	0.00352	0.00352	0.82835
4	0.00766	0.00597	0.00622	0.00621	0.00752	0.00530	0.00422	0.00856	0.01175	0.01440	0.04506	0.04998	0.50249	0.28232	0.01475	0.00326	0.00395	0.01101	0.00483	0.00456
5	0.29156	0.00782	0.00733	0.00707	0.00937	0.00790	0.00541	0.01187	0.01250	0.02048	0.13901	0.10847	0.32828	0.01157	0.00589	0.00197	0.00357	0.00935	0.00500	0.00557
6	0.00859	0.00620	0.00848	0.00847	0.00917	0.00684	0.00608	0.00989	0.00919	0.01295	0.01672	0.02833	0.01699	0.30121	0.51546	0.00809	0.01221	0.00706	0.00333	0.00474
7	0.00822	0.00561	0.00665	0.00711	0.00724	0.00546	0.00427	0.00851	0.00952	0.01272	0.02322	0.29646	0.02724	0.52668	0.02201	0.00454	0.00494	0.01128	0.00424	0.00406
8	0.01690	0.02005	0.01328	0.01275	0.01485	0.50678	0.00932	0.01816	0.01477	0.01466	0.01712	0.27843	0.01831	0.01033	0.00609	0.00184	0.00811	0.00820	0.00390	0.00616
9	0.01576	0.79647	0.03056	0.01010	0.01508	0.02309	0.01004	0.01756	0.01195	0.01390	0.00832	0.00965	0.00768	0.00513	0.00383	0.00129	0.00629	0.00319	0.00257	0.00757
10	0.00941	0.00612	0.00816	0.00815	0.00932	0.00677	0.00627	0.01164	0.01047	0.01652	0.01694	0.02272	0.01485	0.03101	0.50671	0.00662	0.01121	0.00602	0.28570	0.00539
11	0.00977	0.00543	0.00732	0.00731	0.00733	0.00539	0.00463	0.00806	0.00803	0.01073	0.01314	0.02495	0.01409	0.28590	0.02511	0.54525	0.00533	0.00629	0.00295	0.00300
12	0.01917	0.02369	0.02272	0.01838	0.02237	0.51020	0.26033	0.02177	0.01566	0.01595	0.01017	0.01258	0.00816	0.00577	0.00589	0.00170	0.01031	0.00489	0.00305	0.00723
13	0.00732	0.00523	0.00692	0.00825	0.00861	0.00487	0.00550	0.00827	0.01128	0.01506	0.03220	0.78936	0.03857	0.01832	0.00751	0.00240	0.00346	0.01656	0.00547	0.00484
14	0.01167	0.01218	0.02494	0.01899	0.02297	0.01139	0.48471	0.01516	0.01297	0.01753	0.01893	0.28183	0.01919	0.00961	0.00714	0.00214	0.00766	0.01024	0.00386	0.00688
15	0.01373	0.01269	0.01963	0.04271	0.48583	0.01183	0.01412	0.01683	0.01293	0.01909	0.01094	0.01392	0.00918	0.00505	0.00536	0.00148	0.00610	0.00466	0.00314	0.29080
16	0.01286	0.52449	0.02243	0.00946	0.01286	0.01682	0.00848	0.01436	0.01172	0.01430	0.01653	0.27767	0.01830	0.00966	0.00510	0.00167	0.00532	0.00778	0.00356	0.00664
17	0.00874	0.00641	0.00875	0.00866	0.00933	0.00719	0.00626	0.01001	0.00917	0.01297	0.01646	0.02800	0.01677	0.30011	0.49084	0.00787	0.03735	0.00702	0.00331	0.00478
18	0.00847	0.00624	0.00857	0.00840	0.00952	0.00655	0.00631	0.01050	0.01200	0.01697	0.27142	0.03282	0.05811	0.09847	0.41174	0.00617	0.00984	0.00820	0.00444	0.00525
19	0.01050	0.00897	0.01010	0.00783	0.01191	0.00691	0.00614	0.01264	0.01261	0.01804	0.02720	0.02741	0.26516	0.00803	0.00528	0.00128	0.00392	0.00655	0.00419	0.54534
20	0.00898	0.00759	0.00831	0.00708	0.01012	0.00606	0.00544	0.01086	0.01320	0.01755	0.08992	0.04022	0.45028	0.01108	0.00608	0.00162	0.00348	0.00917	0.00487	0.28808
21	0.30106	0.02217	0.01390	0.01260	0.01581	0.50963	0.00963	0.02124	0.01435	0.01851	0.00891	0.01045	0.00730	0.00594	0.00478	0.00164	0.00849	0.00362	0.00328	0.00670
22	0.01265	0.08070	0.42286	0.01557	0.02074	0.01584	0.01719	0.01745	0.03998	0.01698	0.01004	0.01289	0.00809	0.00732	0.01015	0.00208	0.27425	0.00464	0.00270	0.00788
23	0.01728	0.01360	0.01485	0.01157	0.01612	0.01387	0.00933	0.34325	0.17059	0.02819	0.01493	0.01520	0.01128	0.00640	0.00541	0.00153	0.00538	0.00497	0.00509	0.29116
24	0.00743	0.00532	0.00702	0.00818	0.00864	0.00494	0.00551	0.00855	0.01178	0.01586	0.10118	0.71808	0.04013	0.01772	0.00746	0.00235	0.00340	0.01599	0.00556	0.00492
25	0.01716	0.01007	0.05397	0.01051	0.03220	0.00852	0.00851	0.02118	0.08916	0.34186	0.27342	0.04821	0.02881	0.00912	0.00629	0.00187	0.00444	0.00773	0.00638	0.02058
26	0.01759	0.01422	0.01597	0.01275	0.03752	0.03413	0.02940	0.35775	0.08359	0.02773	0.01340	0.01423	0.01020	0.00620	0.00561	0.00151	0.01756	0.00481	0.00480	0.29103
27	0.29148	0.00735	0.00753	0.00810	0.00957	0.00772	0.00581	0.01135	0.01085	0.01891	0.02399	0.52138	0.02755	0.01393	0.00620	0.00221	0.00384	0.01198	0.00485	0.00538
28	0.01228	0.01049	0.01221	0.00877	0.01394	0.00788	0.00699	0.01480	0.01220	0.01915	0.01056	0.01237	0.00883	0.00446	0.00441	0.00091	0.00438	0.00352	0.00352	0.82835
29	0.00818	0.00583	0.00779	0.00905	0.00973	0.00559	0.00676	0.00965	0.01190	0.01573	0.03099	0.49824	0.03588	0.06128	0.00897	0.00269	0.00426	0.25713	0.00535	0.00499
30	0.00987	0.00868	0.01391	0.51409	0.02929	0.01023	0.01253	0.01269	0.01160	0.01507	0.01800	0.28171	0.01849	0.01021	0.00646	0.00212	0.00632	0.00913	0.00363	0.00598
31	0.00954	0.00744	0.00920	0.00808	0.01056	0.00625	0.00605	0.01180	0.01398	0.02026	0.34938	0.18682	0.03570	0.01072	0.00619	0.00165	0.00349	0.00938	0.00525	0.28826
32	0.02214	0.01652	0.01761	0.01390	0.01842	0.01809	0.01125	0.64013	0.11641	0.03584	0.01626	0.01650	0.01194	0.00785	0.00632	0.00199	0.00655	0.00577	0.00618	0.01034
33	0.01571	0.00806	0.01003	0.00890	0.01067	0.00754	0.00624	0.01640	0.01215	0.27031	0.02062	0.03122	0.01896	0.42692	0.10519	0.00488	0.00691	0.00762	0.00513	0.00655
34	0.01588	0.01004	0.01045	0.00901	0.01159	0.01047	0.00702	0.26318	0.01810	0.02779	0.01826	0.02048	0.01418	0.00760	0.00519	0.00171	0.00441	0.00572	0.53135	0.00757
35	0.01322	0.01114	0.01285	0.00942	0.01461	0.00844	0.00740	0.01544	0.01278	0.01998	0.01150	0.01368	0.00972	0.00511	0.00483	0.00109	0.00472	0.00385	0.00384	0.81640
36	0.00834	0.00597	0.00764	0.00891	0.00936	0.00547	0.00593	0.00902	0.01187	0.01595	0.03282	0.77891	0.03901	0.01876	0.00788	0.00256	0.00380	0.01669	0.00576	0.00536
37	0.01793	0.01314	0.01447	0.01228	0.01549	0.01397	0.00954	0.47655	0.02223	0.02988	0.02126	0.28198	0.02076	0.01158	0.00686	0.00217	0.00573	0.00947	0.00602	0.00866
38	0.01004	0.00777	0.00946	0.00909	0.01119	0.00650	0.00644	0.01126	0.01219	0.01736	0.02538	0.51182	0.02879	0.01400	0.00682	0.00205	0.00412	0.01221	0.00509	0.28843
39	0.01155	0.00608	0.00771	0.00766	0.00824	0.00591	0.00525	0.01055	0.00996	0.01526	0.01431	0.02056	0.01283	0.01611	0.01651	0.53145	0.00464	0.00555	0.28565	0.00419
40	0.01253	0.01114	0.01629	0.50326	0.03139	0.01174	0.01331	0.01558	0.01251	0.01737	0.01150	0.01588	0.00917	0.00607	0.00579	0.00178	0.00692	0.00495	0.00329	0.28954
41	0.01026	0.00596	0.00817	0.00858	0.00881	0.00568	0.00571	0.00868	0.00960	0.01292	0.01879	0.28436	0.02089	0.02003	0.01766	0.53180	0.00487	0.00935	0.00392	0.00395
42	0.01428	0.01456	0.02707	0.01957	0.02522	0.01288	0.47460	0.01799	0.01385	0.01977	0.01242	0.01600	0.00986	0.00549	0.00646	0.00179	0.00823	0.00603	0.00352	0.29043
43	0.00834	0.00597	0.00764	0.00891	0.00936	0.00547	0.00593	0.00902	0.01187	0.01595	0.03282	0.77891	0.03901	0.01876	0.00788	0.00256	0.00380	0.01669	0.00576	0.00536
44	0.01059	0.00835	0.01095	0.00973	0.01227	0.00800	0.00754	0.01255	0.01090	0.01628	0.01465	0.02030	0.01331	0.03021	0.49827	0.00650	0.01188	0.00556	0.00355	0.28861
45	0.02545	0.01275	0.01547	0.01201	0.01659	0.01234	0.00979	0.27252	0.02082	0.50407	0.02062	0.01899	0.01366	0.00773	0.00623	0.00195	0.00577	0.00593	0.00699	0.01033
46	0.30447	0.01102	0.01242	0.01005	0.01426	0.01063	0.00816	0.02493	0.01485	0.50045	0.01861	0.01744	0.01243	0.00719	0.00547	0.00197	0.00512	0.00521	0.00623	0.00910
47	0.01236	0.01262	0.02517	0.01930	0.02329	0.01174	0.47660	0.01561	0.01340	0.01817	0.01964	0.28279	0.01987	0.01010	0.00744	0.00227	0.00785	0.01045	0.00411	0.00724
48	0.01900	0.01411	0.01380	0.01137	0.01478	0.07902	0.00902	0.41918	0.02157	0.03016	0.01614	0.01759	0.01228	0.00743	0.00556	0.00176	0.00579	0.00547	0.28744	0.00852
49	0.02131	0.01200	0.01411	0.01177	0.01575	0.01218	0.00933	0.05773	0.35433	0.38472	0.02368	0.02163	0.01657	0.00811	0.00628	0.00205	0.00517	0.00645	0.00682	0.01001
50	0.01385	0.01257	0.01895	0.16731	0.35778	0.01203	0.01402	0.01678	0.01310	0.01903	0.01155	0.01508	0.00962	0.00564	0.00567	0.00164	0.00647	0.00488	0.00335	0.29068
51	0.01775	0.01301	0.01434	0.01215	0.01535	0.01387	0.00946	0.47899	0.02214	0.02975	0.02105	0.28168	0.02055	0.01144	0.00676	0.00213	0.00566	0.00940	0.00596	0.00856
52	0.01300	0.01099	0.01270	0.00926	0.01445	0.00831	0.00730	0.01529	0.01264	0.01978	0.01128	0.01337	0.00951	0.00496	0.00473	0.00105	0.00464	0.00377	0.00376	0.81923
53	0.01174	0.00759	0.00982	0.00860	0.01046	0.00657	0.00612	0.01075	0.00976	0.01410	0.01113	0.01698	0.01046	0.01517	0.01656	0.53420	0.00512	0.00480	0.00317	0.28690
54	0.02265	0.02419	0.01738	0.01499	0.01860	0.50296	0.01152	0.26923	0.02072	0.02282	0.01166	0.01301	0.00922	0.00696	0.00585	0.00176	0.00932	0.00458	0.00429	0.00830
55	0.00898	0.00616	0.00721	0.00763	0.00784	0.00591	0.00463	0.00907	0.01001	0.01345	0.02385	0.29716	0.02778	0.51807	0.02204	0.00463	0.00517	0.01147	0.00448	0.00447
56	0.00810	0.00579	0.00747	0.00875	0.00918	0.00532	0.00583	0.00884	0.01173	0.01574	0.03267	0.78138	0.03891	0.01866	0.00780	0.00253	0.00372	0.01666	0.00569	0.00524
57	0.75424	0.01181	0.00954	0.00839	0.01217	0.01307	0.00677	0.01749	0.01070	0.02620	0.00927	0.01102	0.00743	0.00594	0.00409	0.00189	0.00481	0.00350	0.00390	0.07777

[dist]
# distance from previous block
# <min> <max>
0	1

[block]
# block no. 3 follows, 40 sequences, length 45
# corresponding to MSA columns:
# 416-460
name=unknown_D
#
# <colnr> <probs for GDERKNQSTAVLIFYWHMCP>
#	G	D	E	R	K	N	Q	S	T	A	V	L	I	F	Y	W	H	M	C	P
0	0.01545	0.12917	0.34224	0.01500	0.02091	0.01625	0.01547	0.02457	0.30551	0.02203	0.01751	0.01859	0.01358	0.00783	0.00635	0.00220	0.00729	0.00575	0.00459	0.00972
1	0.01006	0.00741	0.00897	0.00994	0.01075	0.00698	0.00673	0.01187	0.07968	0.01775	0.03270	0.69788	0.03759	0.01828	0.00814	0.00270	0.00427	0.01591	0.00611	0.00630
2	0.01206	0.00949	0.01197	0.01051	0.01337	0.00874	0.00804	0.01369	0.01184	0.01775	0.01547	0.02118	0.01403	0.02816	0.44259	0.00612	0.01148	0.00577	0.00399	0.33376
3	0.01397	0.02306	0.44240	0.01463	0.02178	0.01229	0.01613	0.01826	0.01351	0.02054	0.01255	0.01517	0.00994	0.00648	0.00596	0.00184	0.00750	0.00467	0.00361	0.33570
4	0.01913	0.01723	0.02832	0.02103	0.02644	0.01705	0.42578	0.30589	0.02040	0.02768	0.01474	0.01786	0.01128	0.00719	0.00732	0.00226	0.00902	0.00684	0.00483	0.00972
5	0.01991	0.01521	0.01658	0.01281	0.01772	0.01487	0.01019	0.42899	0.02209	0.03092	0.01455	0.01613	0.01138	0.00731	0.00612	0.00179	0.00625	0.00520	0.00552	0.33643
6	0.02174	0.46066	0.02456	0.01154	0.01637	0.01802	0.01022	0.02312	0.01507	0.31294	0.01621	0.01656	0.01229	0.00731	0.00555	0.00188	0.00640	0.00495	0.00512	0.00950
7	0.01211	0.04264	0.41959	0.01423	0.01937	0.01136	0.01522	0.01564	0.01313	0.01878	0.02109	0.32418	0.02178	0.01198	0.00714	0.00242	0.00706	0.00982	0.00439	0.00806
8	0.34121	0.09346	0.37407	0.01364	0.01984	0.01526	0.01485	0.01914	0.01261	0.02294	0.01145	0.01387	0.00904	0.00686	0.00551	0.00216	0.00736	0.00444	0.00367	0.00862
9	0.01372	0.01301	0.02392	0.01824	0.02181	0.01214	0.42280	0.01593	0.01291	0.01762	0.01647	0.02741	0.01574	0.31980	0.01674	0.00381	0.00872	0.00812	0.00392	0.00719
10	0.01618	0.46083	0.02399	0.01085	0.01595	0.01770	0.00957	0.01769	0.01325	0.01785	0.01121	0.01349	0.01000	0.00617	0.00494	0.00150	0.00615	0.00399	0.00363	0.33505
11	0.01794	0.01312	0.01448	0.01260	0.01560	0.01367	0.00960	0.42640	0.02172	0.02930	0.02316	0.32522	0.02321	0.01282	0.00736	0.00238	0.00588	0.01039	0.00630	0.00883
12	0.01268	0.01145	0.01990	0.01566	0.01899	0.01048	0.29692	0.01560	0.01656	0.02321	0.43768	0.03435	0.03707	0.01034	0.00773	0.00227	0.00635	0.00956	0.00566	0.00756
13	0.02109	0.01363	0.02065	0.02620	0.44013	0.01278	0.01472	0.02337	0.01588	0.31596	0.01783	0.01944	0.01329	0.00743	0.00670	0.00215	0.00680	0.00612	0.00534	0.01050
14	0.01531	0.00751	0.01004	0.00852	0.01113	0.00670	0.00670	0.01786	0.01653	0.31667	0.46560	0.03407	0.03883	0.01003	0.00646	0.00182	0.00362	0.00867	0.00672	0.00723
15	0.02609	0.00990	0.01350	0.01035	0.01484	0.00855	0.00855	0.02834	0.01664	0.76338	0.02294	0.01979	0.01439	0.00720	0.00585	0.00180	0.00495	0.00585	0.00720	0.00990
16	0.00709	0.00506	0.00675	0.00810	0.00843	0.00472	0.00540	0.00810	0.01113	0.01484	0.03205	0.79184	0.03846	0.01822	0.00742	0.00236	0.00337	0.01653	0.00540	0.00472
17	0.00709	0.00506	0.00675	0.00810	0.00843	0.00472	0.00540	0.00810	0.01113	0.01484	0.03205	0.79184	0.03846	0.01822	0.00742	0.00236	0.00337	0.01653	0.00540	0.00472
18	0.01166	0.03008	0.76550	0.01657	0.02517	0.01351	0.02149	0.01842	0.01228	0.01842	0.01044	0.01228	0.00737	0.00552	0.00552	0.00184	0.00859	0.00430	0.00246	0.00859
19	0.01146	0.00988	0.01027	0.00948	0.01224	0.01068	0.00731	0.02196	0.45727	0.02091	0.03764	0.03528	0.31078	0.01060	0.00630	0.00197	0.00395	0.00883	0.00571	0.00750
20	0.01857	0.02255	0.02358	0.01870	0.02290	0.44599	0.29941	0.04610	0.01576	0.01675	0.01026	0.01267	0.00810	0.00559	0.00591	0.00169	0.01008	0.00503	0.00307	0.00729
21	0.01206	0.01034	0.01206	0.00861	0.01378	0.00775	0.00689	0.01464	0.01206	0.01895	0.01034	0.01206	0.00861	0.00431	0.00431	0.00086	0.00431	0.00345	0.00345	0.83118
22	0.00937	0.00786	0.01256	0.31548	0.02214	0.00951	0.01079	0.01216	0.01025	0.01404	0.01350	0.01994	0.01185	0.02863	0.46864	0.00641	0.01247	0.00581	0.00290	0.00569
23	0.00828	0.00506	0.00708	0.00789	0.00809	0.00485	0.00526	0.00789	0.00972	0.01296	0.02335	0.48497	0.02722	0.01900	0.01349	0.33075	0.00404	0.01198	0.00426	0.00385
24	0.01001	0.00801	0.00929	0.00958	0.01109	0.00858	0.00691	0.01714	0.30356	0.01860	0.02873	0.48656	0.03025	0.01412	0.00683	0.00221	0.00386	0.01258	0.00560	0.00650
25	0.11396	0.01258	0.01452	0.01125	0.01571	0.01280	0.00929	0.30918	0.02014	0.39395	0.01774	0.01634	0.01172	0.00691	0.00559	0.00178	0.00547	0.00531	0.00625	0.00950
26	0.00908	0.00717	0.00887	0.00829	0.01056	0.00594	0.00599	0.01075	0.01160	0.01664	0.03741	0.46831	0.02695	0.01258	0.00618	0.00176	0.00373	0.01123	0.00464	0.33234
27	0.01749	0.01400	0.01485	0.01245	0.01628	0.01588	0.00994	0.31197	0.46285	0.02921	0.01982	0.01863	0.01464	0.00753	0.00588	0.00188	0.00531	0.00604	0.00588	0.00948
28	0.00696	0.00556	0.00623	0.00677	0.00808	0.00484	0.00481	0.00825	0.01241	0.01537	0.04826	0.34766	0.47217	0.01611	0.00709	0.00212	0.00312	0.01396	0.00540	0.00484
29	0.00778	0.00606	0.00708	0.00683	0.00848	0.00544	0.00512	0.01028	0.03200	0.01999	0.43287	0.05954	0.35128	0.01309	0.00685	0.00190	0.00288	0.01126	0.00595	0.00532
30	0.01070	0.00854	0.00990	0.00911	0.01124	0.00905	0.00696	0.01887	0.30677	0.02372	0.46588	0.03482	0.04016	0.01030	0.00649	0.00189	0.00348	0.00895	0.00621	0.00696
31	0.01839	0.01488	0.01759	0.01413	0.01694	0.01795	0.01171	0.45220	0.02003	0.02767	0.01145	0.01347	0.00900	0.00825	0.01108	0.00206	0.31502	0.00518	0.00452	0.00849
32	0.01291	0.01001	0.01047	0.00886	0.01189	0.01011	0.00705	0.29835	0.01884	0.02401	0.04109	0.03931	0.46085	0.01166	0.00645	0.00188	0.00431	0.00948	0.00557	0.00688
33	0.01368	0.01004	0.01153	0.00966	0.01236	0.01044	0.00765	0.29983	0.02064	0.02830	0.43385	0.03226	0.06541	0.01006	0.00645	0.00180	0.00420	0.00849	0.00613	0.00721
34	0.01168	0.00968	0.01375	0.01222	0.01222	0.01275	0.00968	0.01145	0.00838	0.01245	0.00861	0.01469	0.00861	0.01415	0.02053	0.33086	0.47583	0.00507	0.00254	0.00484
35	0.01615	0.01184	0.01321	0.01129	0.01423	0.01276	0.00881	0.44986	0.02092	0.02801	0.02113	0.32230	0.02122	0.01144	0.00645	0.00199	0.00520	0.00971	0.00565	0.00784
36	0.01507	0.00750	0.00970	0.00826	0.01098	0.00660	0.00651	0.01739	0.01596	0.31531	0.34071	0.03631	0.16456	0.01054	0.00646	0.00184	0.00365	0.00898	0.00654	0.00713
37	0.01545	0.00733	0.00918	0.00793	0.00971	0.00679	0.00551	0.01634	0.01170	0.30940	0.02015	0.03082	0.01847	0.48310	0.02018	0.00412	0.00536	0.00742	0.00498	0.00605
38	0.01208	0.02320	0.46912	0.01606	0.02124	0.01521	0.01801	0.01666	0.01094	0.01666	0.00933	0.01245	0.00747	0.00737	0.01090	0.00212	0.31635	0.00461	0.00249	0.00771
39	0.00791	0.00541	0.00650	0.00704	0.00717	0.00528	0.00427	0.00831	0.00952	0.01269	0.02376	0.33685	0.02801	0.48747	0.02081	0.00434	0.00474	0.01166	0.00427	0.00400
40	0.00906	0.00715	0.00885	0.00830	0.01055	0.00592	0.00599	0.01069	0.01150	0.01647	0.02344	0.48274	0.02663	0.01270	0.00619	0.00177	0.00374	0.01134	0.00462	0.33232
41	0.02053	0.01007	0.01293	0.00966	0.01442	0.00823	0.00789	0.02291	0.01483	0.46830	0.01795	0.01673	0.01210	0.00605	0.00524	0.00143	0.00469	0.00490	0.00571	0.33545
42	0.01387	0.00986	0.01075	0.00913	0.01098	0.01055	0.00651	0.29842	0.01594	0.02133	0.01659	0.02850	0.01668	0.48302	0.02017	0.00409	0.00594	0.00718	0.00443	0.00605
43	0.01745	0.01480	0.02117	0.02685	0.46550	0.01549	0.01515	0.30409	0.01883	0.02599	0.01214	0.01422	0.00948	0.00589	0.00578	0.00173	0.00671	0.00520	0.00404	0.00948
44	0.01789	0.02083	0.01473	0.01246	0.01631	0.46923	0.00951	0.01982	0.01473	0.01610	0.00952	0.01111	0.00794	0.00532	0.00487	0.00125	0.00804	0.00363	0.00317	0.33354

[dist]
# distance from previous block
# <min> <max>
1	15

[block]
# block no. 4 follows, 40 sequences, length 6
# corresponding to MSA columns:
# 477-482
name=unknown_E
#
# <colnr> <probs for GDERKNQSTAVLIFYWHMCP>
#	G	D	E	R	K	N	Q	S	T	A	V	L	I	F	Y	W	H	M	C	P
0	0.20075	0.00790	0.00862	0.00811	0.01063	0.00776	0.00659	0.01454	0.01353	0.13496	0.14402	0.03960	0.22544	0.01124	0.00618	0.00201	0.00403	0.14251	0.00541	0.00617
1	0.01226	0.01300	0.02659	0.19574	0.02952	0.01315	0.45991	0.01649	0.01257	0.01697	0.01203	0.01675	0.00946	0.01108	0.12478	0.00310	0.01022	0.00638	0.00289	0.00712
2	0.20160	0.00831	0.00883	0.00761	0.00993	0.00811	0.00545	0.01446	0.01061	0.13192	0.01546	0.02467	0.01476	0.37070	0.01607	0.00343	0.00506	0.00606	0.00410	0.13286
3	0.16793	0.00795	0.00928	0.00848	0.00988	0.00856	0.00621	0.12239	0.01106	0.01722	0.01032	0.01555	0.00935	0.01537	0.01651	0.54644	0.00515	0.00472	0.00324	0.00437
4	0.20800	0.01889	0.15508	0.01217	0.01682	0.21935	0.01121	0.02249	0.01423	0.24895	0.01336	0.01346	0.00932	0.00614	0.00511	0.00172	0.00705	0.00436	0.00433	0.00796
5	0.20726	0.01502	0.01859	0.01417	0.01881	0.01626	0.14718	0.43814	0.02077	0.03083	0.01220	0.01325	0.00886	0.00623	0.00551	0.00180	0.00661	0.00506	0.00477	0.00868

[dist]
# distance from previous block
# <min> <max>
1	4

[block]
# block no. 5 follows, 40 sequences, length 12
# corresponding to MSA columns:
# 487-498
name=unknown_F
#
# <colnr> <probs for GDERKNQSTAVLIFYWHMCP>
#	G	D	E	R	K	N	Q	S	T	A	V	L	I	F	Y	W	H	M	C	P
0	0.00709	0.00506	0.00675	0.00810	0.00843	0.00472	0.00540	0.00810	0.01113	0.01484	0.03205	0.79184	0.03846	0.01822	0.00742	0.00236	0.00337	0.01653	0.00540	0.00472
1	0.01136	0.02127	0.46129	0.19347	0.02552	0.01199	0.01727	0.01676	0.01211	0.01814	0.01187	0.01463	0.00874	0.00581	0.00534	0.00178	0.00740	0.00469	0.14300	0.00756
2	0.74312	0.01109	0.00912	0.00796	0.01166	0.01253	0.00656	0.01839	0.01068	0.11122	0.00981	0.01064	0.00723	0.00561	0.00386	0.00180	0.00455	0.00346	0.00401	0.00671
3	0.00785	0.00605	0.00794	0.09664	0.01177	0.00594	0.00624	0.00946	0.01219	0.01603	0.15637	0.34415	0.17386	0.10696	0.00966	0.00253	0.00396	0.01242	0.00502	0.00495
4	0.31629	0.01377	0.01360	0.01075	0.01508	0.01504	0.00885	0.39414	0.01925	0.03078	0.01142	0.01210	0.00844	0.00610	0.00484	0.00166	0.00547	0.00427	0.00474	0.10341
5	0.01254	0.00826	0.01076	0.00902	0.01149	0.00790	0.00713	0.01499	0.01475	0.14736	0.39946	0.02975	0.03350	0.00943	0.00764	0.00172	0.09591	0.00772	0.00551	0.16515
6	0.01421	0.01088	0.01868	0.54378	0.03406	0.01229	0.10007	0.01790	0.01284	0.15927	0.01293	0.01635	0.00916	0.00597	0.00594	0.00191	0.00746	0.00550	0.00351	0.00728
7	0.11445	0.01263	0.01368	0.01080	0.01463	0.01326	0.00867	0.39032	0.01897	0.02748	0.01191	0.01369	0.00926	0.00853	0.00814	0.14271	0.00554	0.00461	0.00454	0.16617
8	0.00821	0.00600	0.00741	0.00743	0.00865	0.00561	0.00556	0.01016	0.01378	0.01852	0.35587	0.04860	0.18064	0.16388	0.01143	0.00273	0.00378	0.13127	0.00548	0.00498
9	0.14911	0.00650	0.00673	0.00684	0.00772	0.00665	0.00445	0.00998	0.00973	0.01514	0.02279	0.17930	0.08621	0.42260	0.01825	0.00392	0.00470	0.00936	0.02560	0.00440
10	0.01087	0.00612	0.00773	0.00777	0.00868	0.00574	0.00518	0.01169	0.01099	0.14083	0.02496	0.35608	0.02737	0.33022	0.01611	0.00359	0.00456	0.01145	0.00495	0.00512
11	0.67823	0.01153	0.01033	0.00911	0.01202	0.01396	0.00753	0.01650	0.00971	0.02376	0.00801	0.01008	0.00655	0.00632	0.00658	0.00194	0.15461	0.00352	0.00340	0.00631

[dist]
# distance from previous block
# <min> <max>
0	2

[block]
# block no. 6 follows, 40 sequences, length 6
# corresponding to MSA columns:
# 501-506
name=unknown_G
#
# <colnr> <probs for GDERKNQSTAVLIFYWHMCP>
#	G	D	E	R	K	N	Q	S	T	A	V	L	I	F	Y	W	H	M	C	P
0	0.01223	0.01229	0.02345	0.23229	0.16093	0.01260	0.28882	0.01612	0.01287	0.01730	0.01446	0.06799	0.01299	0.00719	0.00653	0.00201	0.00786	0.08158	0.00323	0.00726
1	0.01751	0.01338	0.01453	0.01186	0.01555	0.01479	0.00954	0.41382	0.22380	0.03086	0.15019	0.02139	0.02014	0.00811	0.00603	0.00182	0.00525	0.00655	0.00595	0.00891
2	0.04095	0.00863	0.00996	0.00898	0.01062	0.00907	0.00654	0.21686	0.01439	0.01956	0.01936	0.14577	0.06630	0.15464	0.01499	0.23055	0.00511	0.00796	0.00433	0.00544
3	0.23563	0.00725	0.00748	0.00728	0.00920	0.00733	0.00550	0.01171	0.01319	0.02131	0.30485	0.16057	0.16511	0.01167	0.00606	0.00193	0.00337	0.00980	0.00528	0.00548
4	0.00979	0.01144	0.14639	0.22163	0.02002	0.00893	0.01108	0.01348	0.01372	0.01943	0.29297	0.02870	0.07607	0.00873	0.00604	0.00182	0.00518	0.00751	0.09082	0.00627
5	0.23523	0.00676	0.00724	0.00797	0.00921	0.00701	0.00565	0.01057	0.01079	0.01794	0.02546	0.57668	0.02962	0.01469	0.00637	0.00221	0.00368	0.01285	0.00490	0.00516

[dist]
# distance from previous block
# <min> <max>
0	14

[block]
# block no. 7 follows, 40 sequences, length 9
# corresponding to MSA columns:
# 521-529
name=unknown_H
#
# <colnr> <probs for GDERKNQSTAVLIFYWHMCP>
#	G	D	E	R	K	N	Q	S	T	A	V	L	I	F	Y	W	H	M	C	P
0	0.31521	0.01418	0.01495	0.01389	0.10120	0.01575	0.01012	0.39567	0.01942	0.03080	0.01150	0.01238	0.00851	0.00620	0.00501	0.00176	0.00577	0.00448	0.00468	0.00851
1	0.01438	0.00885	0.01067	0.00899	0.01171	0.00862	0.00711	0.16591	0.01839	0.16651	0.38103	0.03423	0.11886	0.01030	0.00645	0.00182	0.00395	0.00873	0.00632	0.00718
2	0.15133	0.00661	0.00736	0.00749	0.00847	0.00701	0.00515	0.01024	0.00966	0.01522	0.02080	0.18814	0.05554	0.31661	0.16126	0.00483	0.00674	0.00898	0.00394	0.00464
3	0.01298	0.00867	0.00946	0.00813	0.01104	0.00820	0.00643	0.16387	0.01671	0.13409	0.04406	0.04169	0.48805	0.01196	0.00650	0.00189	0.00397	0.00983	0.00576	0.00671
4	0.25068	0.01462	0.01314	0.09950	0.01730	0.15729	0.00919	0.12745	0.01477	0.02252	0.04508	0.01318	0.01001	0.00588	0.00481	0.00156	0.00618	0.00422	0.00380	0.17882
5	0.00964	0.00737	0.00911	0.00898	0.01065	0.00752	0.00700	0.01507	0.16803	0.02163	0.39949	0.11093	0.04156	0.01243	0.00694	0.00207	0.00369	0.14573	0.00601	0.00617
6	0.01020	0.00597	0.00797	0.00829	0.00946	0.00545	0.00590	0.01173	0.01299	0.13062	0.16893	0.53122	0.03792	0.01533	0.00707	0.00217	0.00349	0.01375	0.00586	0.00566
7	0.01237	0.00749	0.00880	0.00800	0.01024	0.00709	0.00607	0.01544	0.12490	0.15860	0.03650	0.03585	0.34682	0.01339	0.00984	0.17467	0.00402	0.00867	0.00522	0.00602
8	0.01279	0.39442	0.10804	0.17086	0.01971	0.01649	0.01135	0.01529	0.01119	0.01401	0.01078	0.01644	0.01012	0.15616	0.00931	0.00230	0.00670	0.00470	0.00270	0.00663

[dist]
# distance from previous block
# <min> <max>
13	18

[block]
# block no. 8 follows, 40 sequences, length 14
# corresponding to MSA columns:
# 548-561
name=unknown_I
#
# <colnr> <probs for GDERKNQSTAVLIFYWHMCP>
#	G	D	E	R	K	N	Q	S	T	A	V	L	I	F	Y	W	H	M	C	P
0	0.02165	0.00908	0.01213	0.00998	0.01358	0.00812	0.00796	0.02445	0.05702	0.57238	0.02480	0.17372	0.01938	0.00943	0.00617	0.00192	0.00461	0.00802	0.00677	0.00883
1	0.65828	0.01217	0.05284	0.13160	0.01663	0.01305	0.00873	0.01681	0.01031	0.02386	0.00859	0.01057	0.00659	0.00547	0.00406	0.00182	0.00525	0.00354	0.00337	0.00645
2	0.17262	0.00678	0.00694	0.00696	0.00878	0.00661	0.00519	0.01067	0.01273	0.01920	0.17447	0.19587	0.30586	0.01284	0.00626	0.00197	0.00330	0.01082	0.02684	0.00527
3	0.00896	0.00654	0.00754	0.00697	0.00816	0.00593	0.00447	0.00972	0.00986	0.01367	0.03932	0.10754	0.05362	0.50689	0.02079	0.00410	0.00496	0.00847	0.00385	0.16866
4	0.01717	0.01171	0.01371	0.01024	0.01522	0.00991	0.00820	0.12371	0.01573	0.17061	0.01423	0.01507	0.01076	0.00586	0.00522	0.00135	0.00504	0.00448	0.00483	0.53695
5	0.01184	0.01052	0.01696	0.70778	0.03756	0.01274	0.01540	0.01533	0.01221	0.01623	0.01190	0.01715	0.00917	0.00646	0.00603	0.00204	0.00759	0.00546	0.07080	0.00682
6	0.01023	0.00807	0.00976	0.00887	0.01145	0.00663	0.00644	0.01177	0.01238	0.01791	0.06384	0.40184	0.02683	0.01222	0.00638	0.00183	0.00406	0.01063	0.00487	0.36399
7	0.01296	0.01027	0.01149	0.01056	0.01298	0.01096	0.00799	0.08848	0.33279	0.02447	0.25566	0.14116	0.03242	0.01111	0.00678	0.00212	0.00430	0.00939	0.00624	0.00785
8	0.01006	0.00725	0.00822	0.00747	0.00866	0.00658	0.00472	0.01050	0.01020	0.01434	0.05891	0.03401	0.02118	0.58372	0.02332	0.00458	0.00549	0.00780	0.00396	0.16902
9	0.01474	0.01424	0.02265	0.20334	0.53214	0.04745	0.03945	0.01797	0.01355	0.01860	0.01159	0.01567	0.00960	0.00593	0.00614	0.00193	0.00761	0.00544	0.00312	0.00884
10	0.01766	0.63295	0.02821	0.01120	0.01613	0.02231	0.01050	0.16192	0.01544	0.01909	0.01014	0.01148	0.00877	0.00596	0.00454	0.00151	0.00653	0.00383	0.00345	0.00837
11	0.01435	0.01370	0.02408	0.03004	0.49556	0.01338	0.16036	0.01770	0.01387	0.01945	0.01485	0.02327	0.01348	0.00729	0.00667	0.00207	0.00752	0.11004	0.00355	0.00878
12	0.01806	0.01319	0.01441	0.01167	0.01501	0.01409	0.00916	0.47872	0.02274	0.03081	0.16331	0.02451	0.02129	0.12349	0.00985	0.00249	0.00583	0.00703	0.00586	0.00848
13	0.01503	0.01309	0.01439	0.01288	0.01573	0.01536	0.01006	0.02880	0.63141	0.02350	0.02201	0.02145	0.01696	0.00876	0.00820	0.00221	0.11868	0.00661	0.00568	0.00919

[dist]
# distance from previous block
# <min> <max>
0	4

[block]
# block no. 9 follows, 40 sequences, length 11
# corresponding to MSA columns:
# 566-576
name=unknown_J
#
# <colnr> <probs for GDERKNQSTAVLIFYWHMCP>
#	G	D	E	R	K	N	Q	S	T	A	V	L	I	F	Y	W	H	M	C	P
0	0.02346	0.01482	0.01663	0.01280	0.01743	0.01569	0.01053	0.54854	0.02466	0.22830	0.01667	0.01599	0.01142	0.00727	0.00598	0.00183	0.00613	0.00551	0.00629	0.01006
1	0.01513	0.01318	0.01505	0.01313	0.01570	0.01588	0.01046	0.09839	0.47682	0.02314	0.01875	0.01900	0.01458	0.00863	0.00953	0.00217	0.21047	0.00615	0.00513	0.00870
2	0.01381	0.01184	0.01899	0.02781	0.55703	0.01178	0.01431	0.01695	0.01318	0.02003	0.01342	0.01681	0.01105	0.00585	0.00547	0.00170	0.00592	0.00536	0.22033	0.00838
3	0.00876	0.00641	0.00824	0.00830	0.00976	0.00596	0.00655	0.01122	0.01547	0.02116	0.47923	0.05107	0.13183	0.01353	0.00732	0.00213	0.00359	0.19775	0.00611	0.00558
4	0.01031	0.00816	0.01061	0.01025	0.01191	0.00938	0.00793	0.01606	0.20438	0.01671	0.01804	0.02299	0.01570	0.03423	0.56632	0.00743	0.01275	0.00643	0.00398	0.00644
5	0.01458	0.50914	0.10018	0.01051	0.01591	0.01815	0.01045	0.01702	0.01215	0.01590	0.00929	0.01087	0.00811	0.00510	0.00423	0.00127	0.00607	0.00345	0.00287	0.22473
6	0.01468	0.50814	0.02948	0.01397	0.01879	0.01935	0.20166	0.01725	0.01230	0.01532	0.01019	0.01289	0.00889	0.00912	0.08257	0.00232	0.00823	0.00454	0.00280	0.00752
7	0.00926	0.00662	0.00921	0.01037	0.01171	0.00657	0.00898	0.01194	0.01370	0.01800	0.10434	0.06335	0.03564	0.01564	0.00791	0.00259	0.00509	0.64827	0.00546	0.00537
8	0.02569	0.01054	0.01390	0.01065	0.01517	0.00951	0.00880	0.10048	0.01773	0.68971	0.02203	0.01920	0.01394	0.00718	0.00584	0.00179	0.00510	0.00579	0.00706	0.00990
9	0.00846	0.00564	0.00634	0.00634	0.00634	0.00564	0.00352	0.00846	0.00846	0.01128	0.01832	0.03805	0.02114	0.79563	0.02960	0.00564	0.00564	0.00846	0.00352	0.00352
10	0.01129	0.01065	0.01800	0.71419	0.10511	0.01300	0.01630	0.01513	0.01177	0.01523	0.01039	0.01540	0.00788	0.00576	0.00581	0.00192	0.00768	0.00517	0.00261	0.00671

[dist]
# distance from previous block
# <min> <max>
0	7

[block]
# block no. 10 follows, 40 sequences, length 32
# corresponding to MSA columns:
# 584-615
name=unknown_K
#
# <colnr> <probs for GDERKNQSTAVLIFYWHMCP>
#	G	D	E	R	K	N	Q	S	T	A	V	L	I	F	Y	W	H	M	C	P
0	0.00831	0.00623	0.00935	0.00935	0.01038	0.00727	0.00727	0.01038	0.00935	0.01350	0.01558	0.02285	0.01454	0.04361	0.77259	0.00935	0.01558	0.00623	0.00312	0.00519
1	0.00819	0.00655	0.00978	0.22709	0.01739	0.00704	0.00844	0.01001	0.01127	0.01485	0.02590	0.57205	0.02977	0.01471	0.00697	0.00224	0.00461	0.01331	0.00460	0.00521
2	0.02211	0.01629	0.01745	0.01338	0.01803	0.01803	0.01105	0.73997	0.02734	0.03665	0.01396	0.01396	0.00989	0.00698	0.00582	0.00175	0.00640	0.00524	0.00582	0.00989
3	0.00959	0.00538	0.00808	0.00808	0.00837	0.00568	0.00568	0.00837	0.00808	0.01106	0.01165	0.01914	0.01136	0.02683	0.23501	0.59825	0.00803	0.00538	0.00269	0.00328
4	0.00919	0.00819	0.01115	0.01469	0.22083	0.00762	0.00843	0.01151	0.02921	0.01674	0.04177	0.11966	0.45461	0.01224	0.00659	0.00194	0.00415	0.01058	0.00470	0.00620
5	0.00948	0.22986	0.01346	0.00862	0.01027	0.00990	0.00669	0.01073	0.01133	0.01452	0.02527	0.57030	0.02969	0.01447	0.00638	0.00205	0.00418	0.01273	0.00457	0.00550
6	0.00799	0.00580	0.00667	0.00667	0.00738	0.00568	0.00434	0.00871	0.00995	0.01287	0.02940	0.04084	0.22847	0.46151	0.13485	0.00516	0.00637	0.00920	0.00399	0.00417
7	0.01059	0.00908	0.01031	0.00784	0.01210	0.00695	0.00619	0.01286	0.01240	0.01803	0.02409	0.02449	0.22048	0.00726	0.00503	0.00117	0.00392	0.00594	0.00400	0.59726
8	0.00709	0.00506	0.00675	0.00810	0.00843	0.00472	0.00540	0.00810	0.01113	0.01484	0.03205	0.79184	0.03846	0.01822	0.00742	0.00236	0.00337	0.01653	0.00540	0.00472
9	0.00911	0.00813	0.01451	0.01256	0.01443	0.00764	0.21267	0.01112	0.01159	0.01555	0.02489	0.49403	0.02828	0.09497	0.00956	0.00259	0.00543	0.01296	0.00451	0.00548
10	0.57836	0.00979	0.00892	0.00821	0.01111	0.01128	0.00664	0.01552	0.00994	0.04419	0.01065	0.01354	0.00887	0.01627	0.22137	0.00394	0.00765	0.00410	0.00357	0.00609
11	0.01084	0.00542	0.00542	0.00542	0.00678	0.00542	0.00407	0.01355	0.01220	0.02168	0.01897	0.02168	0.01491	0.00678	0.00407	0.00136	0.00271	0.00542	0.82791	0.00542
12	0.00831	0.00623	0.00935	0.00935	0.01038	0.00727	0.00727	0.01038	0.00935	0.01350	0.01558	0.02285	0.01454	0.04361	0.77259	0.00935	0.01558	0.00623	0.00312	0.00519
13	0.02496	0.01171	0.01462	0.01121	0.01575	0.01123	0.00926	0.22980	0.01967	0.55764	0.02040	0.01814	0.01312	0.00714	0.00584	0.00178	0.00536	0.00567	0.00681	0.00989
14	0.00885	0.00718	0.01029	0.22637	0.01747	0.00752	0.00838	0.01177	0.01472	0.02003	0.46356	0.03699	0.12363	0.01050	0.00656	0.00188	0.00419	0.00921	0.00520	0.00569
15	0.00829	0.00615	0.00890	0.00877	0.00990	0.00676	0.00676	0.01055	0.01136	0.01628	0.22527	0.02868	0.02596	0.03463	0.55581	0.00722	0.01194	0.00744	0.00405	0.00528
16	0.02211	0.01629	0.01745	0.01338	0.01803	0.01803	0.01105	0.73997	0.02734	0.03665	0.01396	0.01396	0.00989	0.00698	0.00582	0.00175	0.00640	0.00524	0.00582	0.00989
17	0.00709	0.00506	0.00675	0.00810	0.00843	0.00472	0.00540	0.00810	0.01113	0.01484	0.03205	0.79184	0.03846	0.01822	0.00742	0.00236	0.00337	0.01653	0.00540	0.00472
18	0.00702	0.00530	0.00651	0.00747	0.00827	0.00478	0.00512	0.00817	0.01173	0.01509	0.03966	0.58351	0.24188	0.01723	0.00727	0.00225	0.00325	0.01533	0.00540	0.00478
19	0.00984	0.00891	0.01641	0.01364	0.01605	0.00937	0.21421	0.01272	0.01059	0.01495	0.01450	0.02082	0.01292	0.03265	0.55581	0.00726	0.01394	0.00641	0.00307	0.00594
20	0.00891	0.00740	0.01011	0.01017	0.01057	0.00860	0.00767	0.01025	0.01116	0.01560	0.10009	0.45928	0.03120	0.01518	0.01069	0.00237	0.22468	0.04607	0.00469	0.00530
21	0.01244	0.02548	0.55547	0.02199	0.23302	0.01359	0.02046	0.01826	0.01255	0.01858	0.01058	0.01288	0.00789	0.00543	0.00559	0.00181	0.00812	0.00455	0.00258	0.00877
22	0.01223	0.01205	0.01771	0.23223	0.02228	0.01643	0.01369	0.01424	0.00968	0.01424	0.00840	0.01351	0.00767	0.00894	0.01533	0.00237	0.56495	0.00511	0.00256	0.00639
23	0.01732	0.01216	0.01964	0.02658	0.49070	0.01177	0.01456	0.02037	0.01422	0.22961	0.01587	0.01989	0.01256	0.00660	0.00596	0.00182	0.00623	0.06075	0.00429	0.00911
24	0.83671	0.01125	0.00855	0.00765	0.01125	0.01305	0.00630	0.01709	0.00990	0.02609	0.00810	0.00945	0.00630	0.00540	0.00360	0.00180	0.00450	0.00315	0.00360	0.00630
25	0.01035	0.00655	0.01037	0.22672	0.01677	0.00728	0.00819	0.00964	0.00872	0.01145	0.01017	0.01706	0.00944	0.01613	0.01794	0.59615	0.00582	0.00508	0.00254	0.00364
26	0.00897	0.00691	0.00900	0.00868	0.01026	0.00743	0.00675	0.06632	0.01185	0.01592	0.02772	0.03153	0.22437	0.03260	0.49642	0.00667	0.01129	0.00786	0.00397	0.00548
27	0.08520	0.01590	0.01676	0.01294	0.01751	0.01765	0.01068	0.68398	0.02599	0.03583	0.01351	0.01361	0.00961	0.00686	0.00565	0.00175	0.00625	0.00507	0.00565	0.00961
28	0.01002	0.00524	0.00778	0.00793	0.00808	0.00524	0.00554	0.00808	0.00823	0.01092	0.01243	0.02306	0.01273	0.01974	0.02108	0.73777	0.00508	0.08539	0.00284	0.00284
29	0.01064	0.00745	0.00938	0.00796	0.01059	0.00632	0.00612	0.01321	0.01495	0.07895	0.44992	0.07239	0.03777	0.00971	0.00609	0.00158	0.00339	0.00847	0.00557	0.23954
30	0.00769	0.00626	0.00832	0.00860	0.00957	0.00614	0.03126	0.00899	0.01165	0.01516	0.03706	0.49608	0.23846	0.01614	0.00815	0.00225	0.06402	0.01410	0.00509	0.00501
31	0.10354	0.01398	0.01545	0.01196	0.01646	0.01486	0.00987	0.46724	0.02259	0.24135	0.01593	0.01517	0.01081	0.00689	0.00561	0.00177	0.00580	0.00520	0.00599	0.00954

[dist]
# distance from previous block
# <min> <max>
0	2

[block]
# block no. 11 follows, 40 sequences, length 7
# corresponding to MSA columns:
# 618-624
name=unknown_L
#
# <colnr> <probs for GDERKNQSTAVLIFYWHMCP>
