[name]
unknown

[dist]
# distance from previous block
# <min> <max>
315	1423

[block]
# block no. 0 follows, 38 sequences, length 7
# corresponding to MSA columns:
# 1554-1560
name=unknown_A
#
# <colnr> <probs for GDERKNQSTAVLIFYWHMCP>
#	G	D	E	R	K	N	Q	S	T	A	V	L	I	F	Y	W	H	M	C	P
0	0.01303	0.01801	0.19634	0.11641	0.02870	0.01433	0.37238	0.01762	0.01277	0.01778	0.01121	0.01527	0.00862	0.00678	0.00870	0.05368	0.07189	0.00600	0.00282	0.00764
1	0.13858	0.01582	0.09662	0.02115	0.12467	0.01435	0.32438	0.01950	0.08405	0.02072	0.01328	0.04778	0.01080	0.00633	0.00667	0.00200	0.03540	0.00634	0.00348	0.00809
2	0.01419	0.01462	0.09096	0.18820	0.07801	0.01430	0.08139	0.13490	0.07437	0.02115	0.01374	0.06442	0.01149	0.00745	0.00770	0.00197	0.09840	0.00616	0.00380	0.07277
3	0.44688	0.01782	0.06783	0.01325	0.07544	0.19665	0.01026	0.07277	0.01371	0.02364	0.00947	0.01102	0.00742	0.00585	0.00464	0.00178	0.00682	0.00383	0.00360	0.00733
4	0.01424	0.25926	0.40713	0.07486	0.02333	0.09025	0.01715	0.01893	0.01293	0.01686	0.00991	0.01186	0.00769	0.00561	0.00515	0.00169	0.00827	0.00409	0.00262	0.00817
5	0.07758	0.01385	0.17425	0.01146	0.01501	0.01079	0.01078	0.01848	0.13403	0.09094	0.04491	0.15034	0.01872	0.03005	0.06952	0.00275	0.05465	0.00768	0.05684	0.00738
6	0.12539	0.01681	0.19042	0.11737	0.26106	0.01332	0.08680	0.01736	0.01265	0.01960	0.01258	0.07676	0.01091	0.00663	0.00585	0.00193	0.00731	0.00599	0.00316	0.00809

[dist]
# distance from previous block
# <min> <max>
0	1

[block]
# block no. 1 follows, 38 sequences, length 12
# corresponding to MSA columns:
# 1562-1573
name=unknown_B
#
# <colnr> <probs for GDERKNQSTAVLIFYWHMCP>
#	G	D	E	R	K	N	Q	S	T	A	V	L	I	F	Y	W	H	M	C	P
0	0.00758	0.00543	0.00721	0.00820	0.00878	0.00506	0.00560	0.00901	0.01270	0.01723	0.18592	0.62655	0.04342	0.01745	0.00755	0.00233	0.00335	0.01577	0.00581	0.00506
1	0.01196	0.01170	0.02153	0.26554	0.17565	0.01222	0.20073	0.01552	0.01282	0.01725	0.01601	0.18014	0.01540	0.00838	0.00664	0.00206	0.00743	0.00832	0.00345	0.00725
2	0.12793	0.01070	0.01278	0.01053	0.01431	0.01054	0.00860	0.14798	0.01757	0.37337	0.07045	0.07993	0.01912	0.00902	0.00610	0.00196	0.00508	0.05897	0.00637	0.00869
3	0.01836	0.00937	0.01140	0.00934	0.01276	0.00874	0.00750	0.12099	0.01767	0.33718	0.13275	0.03123	0.17703	0.00973	0.00628	0.00186	0.00439	0.00803	0.06722	0.00814
4	0.01335	0.01843	0.20536	0.01363	0.03932	0.17130	0.01264	0.01822	0.08014	0.01937	0.15790	0.03092	0.05183	0.00958	0.00647	0.00199	0.00691	0.13103	0.00442	0.00720
5	0.01365	0.05631	0.32443	0.01576	0.10358	0.01278	0.01502	0.11093	0.01491	0.02201	0.01467	0.01921	0.01186	0.00693	0.00556	0.00181	0.00672	0.05731	0.17842	0.00813
6	0.18934	0.01372	0.02109	0.03072	0.59301	0.01412	0.01591	0.01830	0.01296	0.02122	0.01069	0.01380	0.00888	0.00541	0.00548	0.00180	0.00661	0.00491	0.00314	0.00888
7	0.01003	0.00614	0.00753	0.00754	0.00810	0.00602	0.00480	0.01062	0.01015	0.07780	0.02220	0.19585	0.02458	0.50044	0.07801	0.00504	0.00603	0.01013	0.00436	0.00462
8	0.01478	0.17907	0.01880	0.07115	0.11360	0.01587	0.01104	0.08470	0.29005	0.02177	0.04883	0.02106	0.06913	0.00760	0.00571	0.00182	0.00563	0.00622	0.00466	0.00851
9	0.00814	0.00655	0.00733	0.00736	0.00908	0.00604	0.00542	0.01121	0.07771	0.01855	0.19954	0.18384	0.40815	0.01464	0.00712	0.00208	0.00323	0.01259	0.00585	0.00556
10	0.01516	0.15968	0.22366	0.01886	0.17565	0.11190	0.01528	0.07105	0.01429	0.01863	0.01239	0.08020	0.01109	0.00707	0.00618	0.00179	0.04010	0.00556	0.00324	0.00822
11	0.01270	0.01089	0.01258	0.00921	0.01438	0.00864	0.00734	0.01665	0.07742	0.02010	0.01192	0.01336	0.00975	0.00479	0.00460	0.00099	0.00448	0.00385	0.00379	0.75255

[dist]
# distance from previous block
# <min> <max>
0	1

[block]
# block no. 2 follows, 38 sequences, length 6
# corresponding to MSA columns:
# 1575-1580
name=unknown_C
#
# <colnr> <probs for GDERKNQSTAVLIFYWHMCP>
#	G	D	E	R	K	N	Q	S	T	A	V	L	I	F	Y	W	H	M	C	P
0	0.01680	0.01328	0.02147	0.07328	0.53028	0.01334	0.01606	0.02112	0.06532	0.14775	0.01437	0.01646	0.01100	0.00596	0.00599	0.00183	0.00668	0.00558	0.00396	0.00949
1	0.02187	0.00899	0.01220	0.01001	0.01362	0.00786	0.00798	0.02402	0.01621	0.55929	0.09196	0.15566	0.02307	0.00988	0.00643	0.00197	0.00463	0.00842	0.00705	0.00889
2	0.01418	0.01600	0.11339	0.15508	0.27203	0.03663	0.08240	0.04100	0.14664	0.02014	0.01423	0.01766	0.01127	0.00640	0.00612	0.00193	0.00741	0.02523	0.00361	0.00865
3	0.02022	0.01621	0.02064	0.01573	0.02059	0.01753	0.14237	0.50688	0.12147	0.03279	0.01538	0.01585	0.01112	0.00695	0.00623	0.00188	0.00701	0.00591	0.00549	0.00975
4	0.07672	0.00706	0.00858	0.00912	0.03004	0.00678	0.00656	0.01122	0.01237	0.01780	0.11636	0.22332	0.08158	0.14863	0.01105	0.00281	0.00447	0.15005	0.00498	0.07050
5	0.01518	0.01301	0.01984	0.07020	0.44688	0.01357	0.01481	0.14115	0.01570	0.02239	0.01305	0.01636	0.01061	0.00917	0.06836	0.00241	0.00741	0.00548	0.08568	0.00875

[dist]
# distance from previous block
# <min> <max>
16	207

# created by:
# /software/SequenceAnalysis/GenePrediction/augustus/3.0.1/scripts/msa2prfl.pl ./fixed/BUSCOvEOG77PZM4.fas
