[name]
unknown

[dist]
# distance from previous block
# <min> <max>
0	112

[block]
# block no. 0 follows, 38 sequences, length 7
# corresponding to MSA columns:
# 141-147
name=unknown_A
#
# <colnr> <probs for GDERKNQSTAVLIFYWHMCP>
#	G	D	E	R	K	N	Q	S	T	A	V	L	I	F	Y	W	H	M	C	P
0	0.00851	0.00608	0.00833	0.00972	0.01059	0.00590	0.00763	0.01042	0.01268	0.01668	0.03251	0.42700	0.03721	0.01773	0.00799	0.00261	0.00451	0.36312	0.00556	0.00521
1	0.00903	0.01149	0.16824	0.00937	0.01249	0.00735	0.00903	0.01253	0.01553	0.02168	0.47117	0.04027	0.16590	0.01140	0.00680	0.00192	0.00417	0.00982	0.00557	0.00626
2	0.06512	0.01286	0.03942	0.38281	0.02939	0.05045	0.09697	0.05146	0.01302	0.01843	0.01154	0.01565	0.00893	0.00649	0.00711	0.00196	0.08352	0.00534	0.09255	0.00696
3	0.01062	0.00876	0.05553	0.04700	0.01273	0.00772	0.00785	0.05843	0.05388	0.05971	0.18090	0.37162	0.03458	0.05191	0.00820	0.00234	0.00438	0.01209	0.00554	0.00622
4	0.01020	0.01211	0.16987	0.01238	0.01537	0.00843	0.01238	0.01387	0.01360	0.01823	0.02734	0.05604	0.02884	0.01428	0.00775	0.00258	0.00626	0.55930	0.00490	0.00626
5	0.19067	0.62499	0.02666	0.00978	0.01462	0.02160	0.00948	0.01794	0.01180	0.01690	0.00837	0.00968	0.00746	0.00524	0.00383	0.00141	0.00605	0.00323	0.00282	0.00746
6	0.01228	0.01203	0.02246	0.41397	0.07844	0.01310	0.23373	0.01638	0.01282	0.01734	0.01271	0.04667	0.01023	0.00626	0.00628	0.00197	0.00806	0.00636	0.06176	0.00715

[dist]
# distance from previous block
# <min> <max>
0	2

[block]
# block no. 1 follows, 38 sequences, length 34
# corresponding to MSA columns:
# 150-183
name=unknown_B
#
# <colnr> <probs for GDERKNQSTAVLIFYWHMCP>
#	G	D	E	R	K	N	Q	S	T	A	V	L	I	F	Y	W	H	M	C	P
0	0.01167	0.00616	0.00873	0.00868	0.00880	0.00598	0.00578	0.00879	0.00866	0.01167	0.01165	0.01984	0.01155	0.02141	0.02368	0.80938	0.00563	0.00560	0.00304	0.00331
1	0.07760	0.01586	0.02235	0.10017	0.52394	0.07934	0.01683	0.04886	0.01489	0.02119	0.01218	0.01586	0.01016	0.00639	0.00625	0.00201	0.00770	0.00545	0.00356	0.00941
2	0.01037	0.01062	0.10270	0.01042	0.01308	0.00749	0.00855	0.01218	0.01263	0.01791	0.02606	0.50096	0.02935	0.01451	0.00718	0.00223	0.00482	0.01262	0.00511	0.19121
3	0.02326	0.01726	0.01842	0.01445	0.01919	0.01888	0.01173	0.66589	0.08185	0.03766	0.01632	0.01666	0.01195	0.00806	0.00653	0.00204	0.00686	0.00589	0.00638	0.01073
4	0.01541	0.01670	0.03423	0.02488	0.03077	0.01576	0.66215	0.02095	0.06908	0.02076	0.01426	0.01828	0.01095	0.00611	0.00751	0.00224	0.01005	0.00742	0.00369	0.00881
5	0.02321	0.01751	0.02005	0.01543	0.02036	0.01890	0.06544	0.66494	0.02766	0.03722	0.01540	0.01620	0.01126	0.00783	0.00660	0.00204	0.00726	0.00592	0.00615	0.01062
6	0.81654	0.01244	0.00972	0.00875	0.01252	0.01409	0.00704	0.01845	0.01102	0.02790	0.00962	0.01148	0.00770	0.00639	0.00427	0.00208	0.00507	0.00367	0.00412	0.00713
7	0.01257	0.01152	0.01874	0.76025	0.04175	0.01396	0.01704	0.01618	0.01277	0.01650	0.01189	0.01763	0.00917	0.00681	0.00652	0.00222	0.00837	0.00572	0.00309	0.00730
8	0.01275	0.01152	0.01856	0.58659	0.12876	0.01332	0.01623	0.01618	0.01341	0.01778	0.06762	0.02118	0.01379	0.00751	0.00666	0.00221	0.00780	0.02707	0.00351	0.00755
9	0.01603	0.01505	0.02499	0.03721	0.73775	0.01487	0.01876	0.01921	0.01441	0.02070	0.01250	0.01650	0.01065	0.00617	0.00646	0.00201	0.00751	0.00574	0.00339	0.01009
10	0.01535	0.01695	0.03586	0.02586	0.03195	0.01578	0.71586	0.02000	0.01490	0.02032	0.01334	0.01782	0.01026	0.00588	0.00758	0.00224	0.01045	0.00744	0.00346	0.00870
11	0.01608	0.79220	0.03152	0.01029	0.01544	0.02380	0.01029	0.01801	0.01222	0.01415	0.00836	0.00965	0.00772	0.00515	0.00386	0.00129	0.00643	0.00322	0.00257	0.00772
12	0.00863	0.00632	0.00903	0.00903	0.00988	0.00717	0.00672	0.01033	0.00948	0.01349	0.01670	0.02687	0.01644	0.19806	0.61372	0.00888	0.01400	0.00692	0.00331	0.00502
13	0.83108	0.01163	0.00884	0.00791	0.01163	0.01350	0.00651	0.01768	0.01024	0.02699	0.00838	0.00977	0.00651	0.00558	0.00372	0.00186	0.00465	0.00326	0.00372	0.00651
14	0.01247	0.01069	0.01247	0.00891	0.01426	0.00802	0.00713	0.01515	0.01247	0.01960	0.01069	0.01247	0.00891	0.00446	0.00446	0.00089	0.00446	0.00356	0.00356	0.82536
15	0.01469	0.01409	0.02406	0.07804	0.71148	0.01424	0.01836	0.01829	0.01360	0.01941	0.01128	0.01495	0.00944	0.00540	0.00596	0.00180	0.00720	0.00536	0.00296	0.00937
16	0.00851	0.00615	0.00804	0.00757	0.00899	0.00568	0.00568	0.01135	0.01703	0.02412	0.74788	0.04494	0.05676	0.01230	0.00710	0.00189	0.00284	0.01088	0.00662	0.00568
17	0.02247	0.02867	0.01705	0.01550	0.01860	0.76443	0.01162	0.02402	0.01705	0.01472	0.00930	0.01085	0.00775	0.00620	0.00542	0.00155	0.01085	0.00387	0.00310	0.00697
18	0.00875	0.00583	0.00656	0.00656	0.00656	0.00583	0.00365	0.00875	0.00875	0.01166	0.01895	0.03937	0.02187	0.78858	0.03062	0.00583	0.00583	0.00875	0.00365	0.00365
19	0.01247	0.01183	0.02005	0.54201	0.26487	0.01366	0.01726	0.01634	0.01255	0.01672	0.01089	0.01568	0.00849	0.00581	0.00600	0.00194	0.00774	0.00535	0.00277	0.00758
20	0.01489	0.01429	0.02442	0.03692	0.75106	0.01429	0.01846	0.01846	0.01370	0.01965	0.01132	0.01489	0.00953	0.00536	0.00596	0.00179	0.00715	0.00536	0.00298	0.00953
21	0.01355	0.01481	0.03080	0.20492	0.06762	0.01473	0.52548	0.01830	0.01366	0.01836	0.01178	0.01612	0.00888	0.00531	0.00679	0.00201	0.00949	0.00660	0.00295	0.00784
22	0.01459	0.01399	0.02388	0.09962	0.69071	0.01421	0.01831	0.01820	0.01356	0.01929	0.01126	0.01499	0.00940	0.00542	0.00596	0.00181	0.00722	0.00536	0.00295	0.00929
23	0.00758	0.00543	0.00721	0.00820	0.00878	0.00505	0.00560	0.00901	0.01269	0.01722	0.18544	0.62704	0.04340	0.01745	0.00755	0.00233	0.00335	0.01578	0.00581	0.00505
24	0.01409	0.01351	0.02283	0.18336	0.57041	0.01432	0.01783	0.01763	0.01313	0.01852	0.01101	0.01503	0.00914	0.00576	0.00669	0.00187	0.04779	0.00535	0.00290	0.00880
25	0.01336	0.00968	0.01133	0.02734	0.01353	0.01037	0.00824	0.02220	0.33887	0.09788	0.16103	0.09930	0.04253	0.04107	0.00761	0.00225	0.00448	0.07516	0.00607	0.00771
26	0.28175	0.01412	0.12846	0.01091	0.01585	0.01152	0.01023	0.02415	0.05945	0.36105	0.01683	0.01595	0.01129	0.00662	0.00526	0.00188	0.00554	0.00495	0.00540	0.00879
27	0.58574	0.10355	0.01302	0.00926	0.01328	0.04488	0.00780	0.10039	0.01304	0.04952	0.00960	0.01068	0.00740	0.00581	0.00414	0.00178	0.00535	0.00361	0.00395	0.00722
28	0.00875	0.00583	0.00656	0.00656	0.00656	0.00583	0.00365	0.00875	0.00875	0.01166	0.01895	0.03937	0.02187	0.78858	0.03062	0.00583	0.00583	0.00875	0.00365	0.00365
29	0.01505	0.05388	0.02062	0.18317	0.05858	0.01418	0.17848	0.16961	0.05385	0.02301	0.01409	0.01685	0.01069	0.00627	0.00583	0.00181	0.00697	0.00578	0.15337	0.00791
30	0.83108	0.01163	0.00884	0.00791	0.01163	0.01350	0.00651	0.01768	0.01024	0.02699	0.00838	0.00977	0.00651	0.00558	0.00372	0.00186	0.00465	0.00326	0.00372	0.00651
31	0.00733	0.00524	0.00698	0.00838	0.00873	0.00489	0.00558	0.00838	0.01152	0.01536	0.03316	0.78466	0.03979	0.01885	0.00768	0.00244	0.00349	0.01710	0.00558	0.00489
32	0.01247	0.01069	0.01247	0.00891	0.01426	0.00802	0.00713	0.01515	0.01247	0.01960	0.01069	0.01247	0.00891	0.00446	0.00446	0.00089	0.00446	0.00356	0.00356	0.82536
33	0.06127	0.01566	0.01655	0.01298	0.01753	0.04602	0.01063	0.49745	0.08130	0.15462	0.01629	0.01571	0.01137	0.00721	0.00590	0.00183	0.00630	0.00547	0.00604	0.00987

[dist]
# distance from previous block
# <min> <max>
0	31

[block]
# block no. 2 follows, 38 sequences, length 8
# corresponding to MSA columns:
# 215-222
name=unknown_C
#
# <colnr> <probs for GDERKNQSTAVLIFYWHMCP>
#	G	D	E	R	K	N	Q	S	T	A	V	L	I	F	Y	W	H	M	C	P
0	0.21448	0.01062	0.01519	0.54109	0.03216	0.01294	0.01353	0.01552	0.01135	0.01797	0.01010	0.01461	0.00778	0.00675	0.00643	0.04828	0.00703	0.00482	0.00293	0.00641
1	0.83108	0.01163	0.00884	0.00791	0.01163	0.01350	0.00651	0.01768	0.01024	0.02699	0.00838	0.00977	0.00651	0.00558	0.00372	0.00186	0.00465	0.00326	0.00372	0.00651
2	0.02408	0.01491	0.01685	0.01292	0.01769	0.01578	0.01067	0.52531	0.02504	0.24818	0.01717	0.01621	0.01160	0.00729	0.00603	0.00182	0.00618	0.00560	0.00644	0.01023
3	0.02304	0.01091	0.01394	0.01053	0.01537	0.00947	0.00864	0.08565	0.01699	0.51172	0.01971	0.01798	0.01301	0.00669	0.00565	0.00162	0.00508	0.00538	0.00636	0.21227
4	0.21133	0.00747	0.00678	0.00654	0.00900	0.00716	0.00505	0.01088	0.01285	0.01891	0.04791	0.04597	0.56469	0.01284	0.00627	0.00199	0.00345	0.01036	0.00512	0.00543
5	0.01657	0.73373	0.03041	0.01069	0.01568	0.08052	0.01040	0.01847	0.01259	0.01420	0.00843	0.00974	0.00772	0.00523	0.00398	0.00131	0.00677	0.00327	0.00261	0.00766
6	0.01247	0.01069	0.01247	0.00891	0.01426	0.00802	0.00713	0.01515	0.01247	0.01960	0.01069	0.01247	0.00891	0.00446	0.00446	0.00089	0.00446	0.00356	0.00356	0.82536
7	0.01272	0.01255	0.01833	0.20375	0.02215	0.01717	0.01404	0.01470	0.00991	0.01470	0.00859	0.01387	0.00793	0.00941	0.01634	0.00248	0.58684	0.00528	0.00264	0.00661

[dist]
# distance from previous block
# <min> <max>
49	340

# created by:
# /software/SequenceAnalysis/GenePrediction/augustus/3.0.1/scripts/msa2prfl.pl ./fixed/BUSCOvEOG7D284H.fas
