[name]
unknown

[dist]
# distance from previous block
# <min> <max>
0	616

[block]
# block no. 0 follows, 39 sequences, length 38
# corresponding to MSA columns:
# 802-839
name=unknown_A
#
# <colnr> <probs for GDERKNQSTAVLIFYWHMCP>
#	G	D	E	R	K	N	Q	S	T	A	V	L	I	F	Y	W	H	M	C	P
0	0.01186	0.03059	0.76153	0.01686	0.02560	0.01373	0.02185	0.01873	0.01249	0.01873	0.01061	0.01249	0.00749	0.00562	0.00562	0.00187	0.00874	0.00437	0.00250	0.00874
1	0.00845	0.00634	0.00950	0.00950	0.01056	0.00739	0.00739	0.01056	0.00950	0.01373	0.01584	0.02323	0.01478	0.04435	0.76873	0.00950	0.01584	0.00634	0.00317	0.00528
2	0.02242	0.01469	0.16721	0.01280	0.01828	0.01028	0.05916	0.02618	0.03445	0.54115	0.02001	0.01835	0.01290	0.00684	0.00595	0.00185	0.00610	0.00571	0.00602	0.00964
3	0.01542	0.01379	0.02333	0.03460	0.70651	0.01370	0.01753	0.01885	0.01369	0.06808	0.01193	0.01500	0.00971	0.00540	0.00586	0.00176	0.00689	0.00531	0.00322	0.00941
4	0.00699	0.00599	0.00599	0.00599	0.00799	0.00499	0.00449	0.00849	0.01348	0.01598	0.05991	0.05691	0.75288	0.01498	0.00699	0.00200	0.00300	0.01248	0.00549	0.00499
5	0.01315	0.01356	0.02155	0.01745	0.01868	0.01747	0.16076	0.01520	0.01006	0.01520	0.00862	0.01356	0.00801	0.00925	0.01686	0.00247	0.62316	0.00555	0.00267	0.00678
6	0.07006	0.70085	0.02872	0.01025	0.01511	0.06467	0.00995	0.01802	0.01215	0.01478	0.00827	0.00956	0.00751	0.00515	0.00387	0.00132	0.00645	0.00320	0.00263	0.00747
7	0.00721	0.00515	0.00686	0.00823	0.00858	0.00480	0.00549	0.00823	0.01132	0.01510	0.03259	0.78831	0.03911	0.01853	0.00755	0.00240	0.00343	0.01681	0.00549	0.00480
8	0.00721	0.00515	0.00686	0.00823	0.00858	0.00480	0.00549	0.00823	0.01132	0.01510	0.03259	0.78831	0.03911	0.01853	0.00755	0.00240	0.00343	0.01681	0.00549	0.00480
9	0.01464	0.01405	0.02400	0.03630	0.75528	0.01405	0.01815	0.01815	0.01347	0.01932	0.01112	0.01464	0.00937	0.00527	0.00585	0.00176	0.00703	0.00527	0.00293	0.00937
10	0.01471	0.01270	0.01337	0.01203	0.01538	0.01471	0.00936	0.03142	0.74459	0.02474	0.02407	0.02206	0.01805	0.00802	0.00602	0.00201	0.00468	0.00669	0.00602	0.00936
11	0.00704	0.00599	0.00606	0.00604	0.00802	0.00501	0.00453	0.00858	0.01359	0.01624	0.08311	0.05649	0.72951	0.01488	0.00699	0.00199	0.00299	0.01242	0.00553	0.00501
12	0.83394	0.01144	0.00869	0.00778	0.01144	0.01327	0.00640	0.01738	0.01006	0.02653	0.00823	0.00961	0.00640	0.00549	0.00366	0.00183	0.00457	0.00320	0.00366	0.00640
13	0.00721	0.00515	0.00686	0.00823	0.00858	0.00480	0.00549	0.00823	0.01132	0.01510	0.03259	0.78831	0.03911	0.01853	0.00755	0.00240	0.00343	0.01681	0.00549	0.00480
14	0.01565	0.76540	0.05994	0.01039	0.01559	0.02302	0.01058	0.01775	0.01203	0.01410	0.00832	0.00961	0.00759	0.00508	0.00387	0.00129	0.00642	0.00321	0.00253	0.00763
15	0.00703	0.00582	0.00617	0.00645	0.00811	0.00495	0.00470	0.00844	0.01304	0.01580	0.05431	0.20689	0.60651	0.01571	0.00710	0.00208	0.00308	0.01337	0.00549	0.00495
16	0.83394	0.01144	0.00869	0.00778	0.01144	0.01327	0.00640	0.01738	0.01006	0.02653	0.00823	0.00961	0.00640	0.00549	0.00366	0.00183	0.00457	0.00320	0.00366	0.00640
17	0.00837	0.00604	0.00790	0.00744	0.00883	0.00558	0.00558	0.01116	0.01674	0.02371	0.75216	0.04417	0.05580	0.01209	0.00697	0.00186	0.00279	0.01069	0.00651	0.00558
18	0.06337	0.01054	0.01343	0.01063	0.01497	0.00985	0.00869	0.02868	0.13048	0.60928	0.02272	0.01993	0.01478	0.00734	0.00585	0.00186	0.00496	0.00593	0.00694	0.00978
19	0.01186	0.03059	0.76153	0.01686	0.02560	0.01373	0.02185	0.01873	0.01249	0.01873	0.01061	0.01249	0.00749	0.00562	0.00562	0.00187	0.00874	0.00437	0.00250	0.00874
20	0.00699	0.00599	0.00599	0.00599	0.00799	0.00499	0.00449	0.00849	0.01348	0.01598	0.05991	0.05691	0.75288	0.01498	0.00699	0.00200	0.00300	0.01248	0.00549	0.00499
21	0.14977	0.01576	0.01633	0.01269	0.01726	0.01754	0.01048	0.62290	0.02502	0.03559	0.01326	0.01348	0.00948	0.00685	0.00556	0.00178	0.00620	0.00499	0.00556	0.00948
22	0.01468	0.01492	0.02565	0.06428	0.54409	0.04777	0.16428	0.01843	0.01364	0.01885	0.01118	0.01478	0.00915	0.00527	0.00606	0.00180	0.00783	0.00555	0.00293	0.00885
23	0.00768	0.00549	0.00741	0.00878	0.00933	0.00521	0.00632	0.00906	0.01179	0.01563	0.03233	0.64033	0.03807	0.01808	0.00768	0.00247	0.00384	0.16008	0.00548	0.00494
24	0.02653	0.01006	0.01372	0.01052	0.01510	0.00869	0.00869	0.02882	0.01693	0.75937	0.02333	0.02013	0.01464	0.00732	0.00595	0.00183	0.00503	0.00595	0.00732	0.01006
25	0.02320	0.00934	0.01259	0.00991	0.01393	0.00811	0.00809	0.02553	0.01676	0.62650	0.12548	0.02500	0.05142	0.00830	0.00613	0.00184	0.00464	0.00688	0.00713	0.00923
26	0.01117	0.01051	0.01774	0.77795	0.04073	0.01314	0.01642	0.01511	0.01182	0.01511	0.01051	0.01577	0.00788	0.00591	0.00591	0.00197	0.00788	0.00526	0.00263	0.00657
27	0.01471	0.01270	0.01337	0.01203	0.01538	0.01471	0.00936	0.03142	0.74459	0.02474	0.02407	0.02206	0.01805	0.00802	0.00602	0.00201	0.00468	0.00669	0.00602	0.00936
28	0.01406	0.01566	0.03323	0.02667	0.14179	0.01482	0.62425	0.01882	0.01388	0.01900	0.01184	0.01575	0.00903	0.00503	0.00681	0.00196	0.00952	0.00672	0.00298	0.00819
29	0.01186	0.03059	0.76153	0.01686	0.02560	0.01373	0.02185	0.01873	0.01249	0.01873	0.01061	0.01249	0.00749	0.00562	0.00562	0.00187	0.00874	0.00437	0.00250	0.00874
30	0.01117	0.01051	0.01774	0.77795	0.04073	0.01314	0.01642	0.01511	0.01182	0.01511	0.01051	0.01577	0.00788	0.00591	0.00591	0.00197	0.00788	0.00526	0.00263	0.00657
31	0.00721	0.00515	0.00686	0.00823	0.00858	0.00480	0.00549	0.00823	0.01132	0.01510	0.03259	0.78831	0.03911	0.01853	0.00755	0.00240	0.00343	0.01681	0.00549	0.00480
32	0.01294	0.01294	0.01811	0.01553	0.01553	0.01811	0.01294	0.01423	0.00906	0.01423	0.00776	0.01294	0.00776	0.01035	0.01941	0.00259	0.78134	0.00518	0.00259	0.00647
33	0.83394	0.01144	0.00869	0.00778	0.01144	0.01327	0.00640	0.01738	0.01006	0.02653	0.00823	0.00961	0.00640	0.00549	0.00366	0.00183	0.00457	0.00320	0.00366	0.00640
34	0.01619	0.01635	0.02257	0.03189	0.60415	0.12975	0.01676	0.05628	0.01472	0.01951	0.01098	0.01401	0.00914	0.00549	0.00578	0.00172	0.00756	0.00505	0.00310	0.00902
35	0.01431	0.01363	0.02317	0.03480	0.71647	0.01361	0.01750	0.01779	0.01364	0.01955	0.04965	0.01617	0.01178	0.00562	0.00591	0.00176	0.00681	0.00555	0.00311	0.00917
36	0.01206	0.01051	0.01344	0.00994	0.01471	0.00842	0.05967	0.01528	0.04137	0.01916	0.03056	0.04721	0.01197	0.02953	0.00562	0.00124	0.00476	0.00478	0.00373	0.65607
37	0.02075	0.01421	0.01581	0.01215	0.01669	0.01483	0.00992	0.49739	0.02313	0.12968	0.01550	0.03603	0.01158	0.02905	0.00642	0.00178	0.00590	0.00554	0.00568	0.12796

[dist]
# distance from previous block
# <min> <max>
1	14

[block]
# block no. 1 follows, 39 sequences, length 6
# corresponding to MSA columns:
# 854-859
name=unknown_B
#
# <colnr> <probs for GDERKNQSTAVLIFYWHMCP>
#	G	D	E	R	K	N	Q	S	T	A	V	L	I	F	Y	W	H	M	C	P
0	0.02037	0.01552	0.01656	0.01318	0.01753	0.01735	0.01073	0.54415	0.22265	0.03386	0.01688	0.01634	0.01223	0.00735	0.00594	0.00184	0.00601	0.00569	0.00594	0.00987
1	0.01681	0.04250	0.01509	0.24540	0.02252	0.01079	0.01070	0.02066	0.06680	0.26340	0.01641	0.04321	0.01211	0.00660	0.00557	0.00168	0.00574	0.00553	0.00471	0.18378
2	0.01604	0.46330	0.11561	0.10209	0.02005	0.02006	0.01250	0.15296	0.01503	0.01905	0.00991	0.01148	0.00808	0.00561	0.00467	0.00152	0.00684	0.00396	0.00318	0.00807
3	0.01163	0.01092	0.01861	0.55638	0.03455	0.01270	0.09939	0.01542	0.01203	0.01626	0.01115	0.01585	0.00854	0.00594	0.00636	0.00189	0.03860	0.00535	0.05664	0.06177
4	0.01199	0.01080	0.01743	0.53718	0.12206	0.01285	0.01511	0.06292	0.01279	0.01692	0.01152	0.01649	0.00910	0.01091	0.10496	0.00291	0.00872	0.00540	0.00295	0.00697
5	0.11687	0.01280	0.01381	0.01128	0.01488	0.01411	0.00915	0.42247	0.02029	0.02942	0.01461	0.04254	0.01175	0.01373	0.13944	0.00310	0.00748	0.00559	0.05999	0.03667

[dist]
# distance from previous block
# <min> <max>
2	39

[block]
# block no. 2 follows, 39 sequences, length 10
# corresponding to MSA columns:
# 905-914
name=unknown_C
#
# <colnr> <probs for GDERKNQSTAVLIFYWHMCP>
#	G	D	E	R	K	N	Q	S	T	A	V	L	I	F	Y	W	H	M	C	P
0	0.01444	0.01292	0.01791	0.26965	0.02456	0.01650	0.01373	0.17271	0.01409	0.01958	0.01009	0.01416	0.00831	0.00816	0.01194	0.00220	0.35320	0.00523	0.00333	0.00729
1	0.05579	0.01093	0.01790	0.65973	0.11314	0.01324	0.01606	0.01555	0.01190	0.01616	0.01045	0.01532	0.00796	0.00582	0.00579	0.00194	0.00762	0.00515	0.00271	0.00685
2	0.01297	0.01051	0.01343	0.01171	0.01409	0.01126	0.05209	0.18165	0.08556	0.02169	0.02157	0.33430	0.02239	0.01190	0.00802	0.00208	0.09051	0.01012	0.00499	0.07918
3	0.04139	0.12190	0.39025	0.01605	0.02233	0.01613	0.09520	0.09706	0.01377	0.01989	0.01042	0.01263	0.00795	0.00622	0.00721	0.00188	0.10377	0.00467	0.00298	0.00830
4	0.01930	0.03934	0.01701	0.09698	0.01966	0.03872	0.01097	0.50487	0.02271	0.03033	0.01333	0.01523	0.01015	0.04807	0.00696	0.00190	0.00653	0.00520	0.00501	0.08773
5	0.13145	0.01251	0.09540	0.32407	0.02523	0.01220	0.01268	0.10365	0.01337	0.01973	0.03073	0.06352	0.01205	0.00863	0.00741	0.08127	0.00659	0.02931	0.00353	0.00666
6	0.01471	0.11305	0.42244	0.09924	0.02438	0.01585	0.01743	0.18506	0.01592	0.02209	0.01116	0.01290	0.00814	0.00593	0.00551	0.00179	0.00785	0.00455	0.00331	0.00867
7	0.01898	0.01116	0.01433	0.09570	0.06182	0.01127	0.00983	0.18793	0.03421	0.28315	0.04883	0.02239	0.05366	0.08286	0.00829	0.00219	0.00565	0.00641	0.00557	0.03578
8	0.01355	0.01241	0.01735	0.29531	0.02508	0.01589	0.01359	0.09534	0.10312	0.01837	0.01149	0.01525	0.00933	0.00808	0.01132	0.00220	0.31628	0.00541	0.00339	0.00725
9	0.01324	0.01218	0.01788	0.39375	0.02839	0.01567	0.01446	0.10391	0.01275	0.01752	0.00992	0.01450	0.00811	0.00775	0.01104	0.00218	0.30154	0.00523	0.00302	0.00696

[dist]
# distance from previous block
# <min> <max>
0	2

[block]
# block no. 3 follows, 39 sequences, length 13
# corresponding to MSA columns:
# 917-929
name=unknown_D
#
# <colnr> <probs for GDERKNQSTAVLIFYWHMCP>
#	G	D	E	R	K	N	Q	S	T	A	V	L	I	F	Y	W	H	M	C	P
0	0.06711	0.01526	0.01635	0.01267	0.01719	0.01665	0.01044	0.60517	0.02527	0.09146	0.01683	0.01651	0.04683	0.00742	0.00585	0.00179	0.00611	0.00561	0.00588	0.00961
1	0.08990	0.18905	0.01938	0.15832	0.02128	0.35251	0.01164	0.06254	0.01486	0.01689	0.00942	0.01150	0.00770	0.00584	0.00500	0.00159	0.00841	0.00398	0.00308	0.00711
2	0.01734	0.01346	0.01452	0.01213	0.01608	0.01486	0.00966	0.22558	0.44845	0.06861	0.02024	0.01901	0.01492	0.00745	0.00586	0.00184	0.00518	0.00602	0.00587	0.07292
3	0.01315	0.01256	0.01957	0.32644	0.02753	0.01580	0.08458	0.07833	0.01231	0.01707	0.00986	0.01449	0.00813	0.00774	0.01152	0.00221	0.32341	0.00540	0.00294	0.00697
4	0.02248	0.01656	0.01775	0.01361	0.01834	0.01834	0.01124	0.73556	0.02780	0.03727	0.01420	0.01420	0.01006	0.00710	0.00592	0.00177	0.00651	0.00532	0.00592	0.01006
5	0.09320	0.01161	0.01334	0.08137	0.01698	0.01064	0.00853	0.13513	0.01460	0.02258	0.01091	0.01266	0.00867	0.00508	0.00471	0.00122	0.00508	0.00394	0.00384	0.53592
6	0.01488	0.02621	0.53074	0.01622	0.02376	0.01505	0.04260	0.21784	0.01679	0.02389	0.01165	0.01308	0.00825	0.00601	0.00575	0.00185	0.00816	0.00472	0.00346	0.00908
7	0.03910	0.00812	0.01026	0.07617	0.01350	0.00815	0.00764	0.08534	0.01577	0.07954	0.29379	0.10592	0.03256	0.01060	0.00636	0.00189	0.00421	0.07178	0.08225	0.04704
8	0.13360	0.01660	0.05471	0.01229	0.01674	0.08826	0.01042	0.43661	0.02157	0.03005	0.01604	0.01633	0.06655	0.00717	0.00554	0.00174	0.00638	0.00529	0.00499	0.04912
9	0.01247	0.01236	0.01912	0.19792	0.02282	0.01583	0.08232	0.01484	0.01037	0.01515	0.00916	0.01411	0.00812	0.00925	0.03164	0.00245	0.46380	0.00531	0.00270	0.05026
10	0.09040	0.01177	0.01415	0.01152	0.05169	0.01060	0.04175	0.08029	0.08427	0.02204	0.01203	0.01342	0.00959	0.00515	0.00480	0.00125	0.00500	0.00419	0.00392	0.52218
11	0.09018	0.01237	0.01683	0.11370	0.01864	0.01599	0.03581	0.08431	0.01166	0.01825	0.00973	0.01397	0.00849	0.00966	0.03577	0.00248	0.44657	0.00513	0.04368	0.00679
12	0.01669	0.01352	0.01689	0.01263	0.01758	0.01305	0.08597	0.32264	0.01913	0.02685	0.01307	0.01566	0.01035	0.00608	0.00546	0.00145	0.00592	0.03316	0.00456	0.35935

[dist]
# distance from previous block
# <min> <max>
1	220

[block]
# block no. 4 follows, 39 sequences, length 19
# corresponding to MSA columns:
# 1181-1199
name=unknown_E
#
# <colnr> <probs for GDERKNQSTAVLIFYWHMCP>
#	G	D	E	R	K	N	Q	S	T	A	V	L	I	F	Y	W	H	M	C	P
0	0.01256	0.00917	0.01082	0.00927	0.01165	0.00936	0.00726	0.22604	0.02002	0.02774	0.53326	0.03528	0.04223	0.01061	0.00666	0.00183	0.00389	0.00910	0.00633	0.00691
1	0.01340	0.00761	0.00896	0.00808	0.01074	0.00681	0.00624	0.01624	0.07023	0.23705	0.04292	0.13428	0.38885	0.01261	0.00668	0.00200	0.00378	0.01064	0.00607	0.00681
2	0.01083	0.02331	0.53798	0.01406	0.02062	0.01132	0.01702	0.01648	0.01375	0.02021	0.23058	0.02189	0.02182	0.00754	0.00602	0.00187	0.00697	0.00625	0.00369	0.00780
3	0.01621	0.02450	0.53971	0.01498	0.02248	0.01224	0.01795	0.02172	0.01380	0.23843	0.01439	0.01475	0.00961	0.00612	0.00572	0.00186	0.00764	0.00484	0.00393	0.00913
4	0.01165	0.01162	0.02179	0.47686	0.03466	0.01288	0.22821	0.01565	0.01246	0.01631	0.01314	0.07624	0.01124	0.00686	0.00641	0.00203	0.00810	0.02403	0.00302	0.00682
5	0.01501	0.02643	0.54090	0.01589	0.02344	0.01510	0.01870	0.23136	0.01703	0.02423	0.01168	0.01299	0.00825	0.00606	0.00571	0.00184	0.00808	0.00465	0.00351	0.00913
6	0.01431	0.01449	0.02701	0.05902	0.51527	0.01429	0.23037	0.01828	0.01355	0.01906	0.01135	0.01507	0.00920	0.00521	0.00619	0.00183	0.00793	0.00578	0.00294	0.00886
7	0.00721	0.00515	0.00686	0.00823	0.00858	0.00480	0.00549	0.00823	0.01132	0.01510	0.03259	0.78831	0.03911	0.01853	0.00755	0.00240	0.00343	0.01681	0.00549	0.00480
8	0.01384	0.01276	0.01922	0.13626	0.40033	0.01373	0.01476	0.02123	0.23001	0.02014	0.01577	0.04923	0.01297	0.00673	0.00598	0.00189	0.00631	0.00617	0.00391	0.00877
9	0.02079	0.01468	0.01829	0.01438	0.01873	0.09964	0.13178	0.20053	0.06874	0.26319	0.01819	0.02057	0.01346	0.00747	0.00622	0.00189	0.00688	0.06012	0.00552	0.00894
10	0.01407	0.28946	0.28737	0.01310	0.01897	0.01736	0.01409	0.02214	0.22949	0.01885	0.01378	0.01429	0.01066	0.00614	0.00511	0.00170	0.00670	0.00464	0.00355	0.00853
11	0.01494	0.01298	0.01965	0.44689	0.06456	0.01489	0.08331	0.22931	0.01684	0.02223	0.01177	0.01527	0.00870	0.00615	0.00601	0.00191	0.00764	0.00544	0.00365	0.00786
12	0.01683	0.14406	0.42555	0.01392	0.02085	0.01375	0.01611	0.02156	0.01373	0.23767	0.01401	0.01428	0.00963	0.00604	0.00543	0.00177	0.00726	0.00465	0.00393	0.00895
13	0.01679	0.00803	0.01030	0.00872	0.01120	0.00741	0.00654	0.01914	0.04640	0.34719	0.17855	0.03089	0.02567	0.24118	0.01334	0.00300	0.00474	0.00779	0.00598	0.00715
14	0.01117	0.01051	0.01774	0.77795	0.04073	0.01314	0.01642	0.01511	0.01182	0.01511	0.01051	0.01577	0.00788	0.00591	0.00591	0.00197	0.00788	0.00526	0.00263	0.00657
15	0.01361	0.01425	0.02851	0.02655	0.24346	0.01367	0.43145	0.01788	0.01377	0.01890	0.01412	0.02187	0.01221	0.00648	0.00679	0.00201	0.00853	0.09457	0.00328	0.00807
16	0.01361	0.01293	0.02161	0.25508	0.50637	0.01381	0.01720	0.01791	0.04949	0.01834	0.01159	0.01534	0.00936	0.00560	0.00588	0.00183	0.00716	0.00534	0.00299	0.00854
17	0.01217	0.01114	0.01844	0.08478	0.47905	0.01124	0.01426	0.01498	0.01270	0.01774	0.01745	0.24422	0.01808	0.00925	0.00636	0.00196	0.00603	0.00869	0.00366	0.00780
18	0.00960	0.00787	0.01115	0.01431	0.15997	0.00755	0.00941	0.01196	0.01334	0.01728	0.03585	0.11726	0.24276	0.01390	0.00730	0.00228	0.00486	0.30234	0.00496	0.00604

[dist]
# distance from previous block
# <min> <max>
177	1920

# created by:
# /software/SequenceAnalysis/GenePrediction/augustus/3.0.1/scripts/msa2prfl.pl ./fixed/BUSCOvEOG7Z641V.fas
