[name]
unknown

[dist]
# distance from previous block
# <min> <max>
95	427

[block]
# block no. 0 follows, 40 sequences, length 74
# corresponding to MSA columns:
# 440-513
name=unknown_A
#
# <colnr> <probs for GDERKNQSTAVLIFYWHMCP>
#	G	D	E	R	K	N	Q	S	T	A	V	L	I	F	Y	W	H	M	C	P
0	0.00771	0.00584	0.00849	0.00882	0.00969	0.00544	0.04556	0.00932	0.01248	0.01697	0.19465	0.58015	0.04055	0.01606	0.00726	0.00222	0.00358	0.01464	0.00549	0.00507
1	0.00842	0.00540	0.00722	0.00825	0.00888	0.00499	0.00562	0.00952	0.01152	0.06729	0.03141	0.73775	0.03678	0.01745	0.00731	0.00232	0.00348	0.01578	0.00552	0.00509
2	0.02211	0.01629	0.01745	0.01338	0.01803	0.01803	0.01105	0.73997	0.02734	0.03665	0.01396	0.01396	0.00989	0.00698	0.00582	0.00175	0.00640	0.00524	0.00582	0.00989
3	0.01366	0.01551	0.03331	0.02395	0.02947	0.01489	0.69407	0.01835	0.01343	0.01835	0.01151	0.01551	0.00875	0.00522	0.00761	0.00200	0.05699	0.00675	0.00292	0.00775
4	0.00738	0.00591	0.00660	0.00643	0.00817	0.00513	0.00482	0.00934	0.01446	0.01858	0.32163	0.05125	0.49248	0.01366	0.00687	0.00191	0.00287	0.01161	0.00578	0.00513
5	0.00831	0.00623	0.00935	0.00935	0.01038	0.00727	0.00727	0.01038	0.00935	0.01350	0.01558	0.02285	0.01454	0.04361	0.77259	0.00935	0.01558	0.00623	0.00312	0.00519
6	0.02440	0.01164	0.01445	0.01119	0.01565	0.01125	0.00921	0.20477	0.06349	0.53876	0.02076	0.01846	0.01348	0.00719	0.00584	0.00180	0.00529	0.00574	0.00678	0.00985
7	0.02504	0.01013	0.01346	0.01048	0.01487	0.00908	0.00861	0.02857	0.08280	0.69661	0.02301	0.01997	0.01470	0.00726	0.00585	0.00182	0.00492	0.00591	0.00708	0.00983
8	0.01075	0.00650	0.00858	0.00774	0.00956	0.00592	0.00592	0.01342	0.01649	0.12758	0.65298	0.04011	0.04917	0.01123	0.00672	0.00182	0.00305	0.00986	0.00651	0.00611
9	0.00784	0.00618	0.00710	0.00682	0.00855	0.00557	0.00513	0.01052	0.04393	0.01976	0.39781	0.04850	0.38512	0.01307	0.00683	0.00190	0.00291	0.01119	0.00591	0.00536
10	0.01247	0.02596	0.56124	0.01852	0.02633	0.01372	0.20739	0.01866	0.01274	0.03269	0.01102	0.01331	0.00788	0.00540	0.00588	0.00187	0.00884	0.00499	0.00267	0.00842
11	0.08243	0.01072	0.01360	0.01050	0.01496	0.00995	0.00868	0.10903	0.01740	0.62852	0.02087	0.01840	0.01331	0.00705	0.00569	0.00179	0.00508	0.00559	0.00679	0.00964
12	0.00823	0.00594	0.00777	0.00732	0.00869	0.00549	0.00549	0.01097	0.01646	0.02332	0.75629	0.04344	0.05487	0.01189	0.00686	0.00183	0.00274	0.01052	0.00640	0.00549
13	0.00730	0.00519	0.00685	0.00808	0.00846	0.00489	0.00545	0.00835	0.01113	0.01484	0.04175	0.69481	0.03726	0.07249	0.00900	0.00260	0.00361	0.04799	0.00528	0.00468
14	0.02482	0.01108	0.01412	0.01092	0.01538	0.01041	0.00899	0.14464	0.05765	0.60512	0.02152	0.01894	0.01384	0.00720	0.00585	0.00180	0.00517	0.00579	0.00690	0.00986
15	0.76420	0.01113	0.00899	0.00789	0.01157	0.01264	0.00650	0.01810	0.01050	0.09204	0.00942	0.01037	0.00702	0.00556	0.00380	0.00180	0.00454	0.00339	0.00392	0.00662
16	0.00687	0.00589	0.00589	0.00589	0.00785	0.00491	0.00442	0.00835	0.01325	0.01571	0.05891	0.05596	0.75700	0.01473	0.00687	0.00196	0.00295	0.01227	0.00540	0.00491
17	0.02147	0.04670	0.04889	0.01762	0.20053	0.01102	0.05057	0.02433	0.01525	0.47536	0.01820	0.01747	0.01222	0.00641	0.00577	0.00177	0.00590	0.00555	0.00550	0.00946
18	0.01176	0.00655	0.00711	0.04164	0.00929	0.00681	0.00526	0.07504	0.01320	0.02201	0.01766	0.02052	0.01389	0.00748	0.00532	0.04684	0.00338	0.00537	0.67516	0.00569
19	0.00832	0.00617	0.00905	0.00905	0.00999	0.00711	0.00690	0.01020	0.00926	0.01328	0.01584	0.02433	0.01518	0.11704	0.70004	0.00898	0.01461	0.00645	0.00316	0.00503
20	0.02397	0.01155	0.01434	0.01107	0.01544	0.01115	0.00911	0.23496	0.01975	0.51174	0.05965	0.01936	0.01525	0.00739	0.00589	0.00179	0.00525	0.00592	0.00675	0.00966
21	0.01379	0.01252	0.02045	0.05781	0.49840	0.01262	0.06102	0.06709	0.01393	0.01976	0.01501	0.01850	0.05560	0.03646	0.00669	0.00189	0.00647	0.00587	0.06783	0.00828
22	0.01588	0.01374	0.01378	0.01215	0.01557	0.06083	0.00950	0.09952	0.61971	0.03925	0.02181	0.02022	0.01630	0.00767	0.00587	0.00192	0.00514	0.00626	0.00575	0.00913
23	0.01960	0.01427	0.01532	0.01211	0.01604	0.01572	0.00981	0.58621	0.05448	0.03283	0.01573	0.04797	0.01232	0.04345	0.00683	0.00192	0.00586	0.00592	0.07463	0.00898
24	0.02132	0.01648	0.01673	0.01311	0.01746	0.06899	0.01071	0.63273	0.05577	0.03401	0.01422	0.01435	0.01025	0.00694	0.00571	0.00172	0.00646	0.00520	0.03837	0.00947
25	0.01351	0.00818	0.04051	0.00906	0.01134	0.00686	0.00704	0.04149	0.01331	0.22841	0.02752	0.38661	0.06621	0.06785	0.00823	0.00230	0.00432	0.01124	0.00559	0.04040
26	0.01749	0.01274	0.01389	0.01176	0.01547	0.01410	0.00935	0.18849	0.45962	0.12836	0.02269	0.02096	0.04268	0.00784	0.00592	0.00190	0.00499	0.00638	0.00605	0.00930
27	0.01409	0.01560	0.10513	0.03359	0.67867	0.01378	0.01825	0.01791	0.01314	0.01893	0.01088	0.01416	0.00901	0.00522	0.00573	0.00174	0.00709	0.00508	0.00283	0.00914
28	0.02587	0.01025	0.01371	0.01051	0.01502	0.00907	0.00868	0.06732	0.01723	0.72358	0.02245	0.01947	0.01415	0.00719	0.00585	0.00180	0.00503	0.00581	0.00712	0.00990
29	0.01426	0.01368	0.02336	0.06541	0.73070	0.01378	0.01778	0.01773	0.01318	0.01883	0.01091	0.01444	0.00915	0.00521	0.00576	0.00174	0.00694	0.00518	0.00287	0.00910
30	0.01263	0.22058	0.58343	0.01493	0.02263	0.01586	0.01863	0.01817	0.01216	0.01724	0.00985	0.01155	0.00739	0.00539	0.00508	0.00169	0.00801	0.00400	0.00246	0.00831
31	0.01086	0.06315	0.04031	0.00834	0.01065	0.00773	0.00688	0.01425	0.04935	0.09344	0.55838	0.03676	0.05608	0.01057	0.00645	0.00179	0.00352	0.00915	0.00601	0.00633
32	0.02609	0.00990	0.01350	0.01035	0.01484	0.00855	0.00855	0.02834	0.01664	0.76338	0.02294	0.01979	0.01439	0.00720	0.00585	0.00180	0.00495	0.00585	0.00720	0.00990
33	0.01166	0.07520	0.66767	0.01552	0.02339	0.01352	0.01966	0.01783	0.01254	0.01847	0.06255	0.01428	0.01070	0.00594	0.00551	0.00180	0.00804	0.00466	0.00273	0.00831
34	0.01432	0.01723	0.06114	0.05618	0.02721	0.12778	0.50893	0.01846	0.01373	0.01748	0.01225	0.05719	0.01011	0.00598	0.00681	0.00192	0.02609	0.00670	0.00304	0.00744
35	0.01411	0.01182	0.01271	0.01149	0.01455	0.01346	0.00897	0.07767	0.59497	0.02435	0.05716	0.06525	0.02065	0.00890	0.00612	0.00200	0.00461	0.03664	0.00588	0.00868
36	0.00778	0.00536	0.00660	0.00731	0.00750	0.00519	0.00457	0.00833	0.00990	0.01319	0.02550	0.42110	0.03014	0.38817	0.01799	0.00393	0.00448	0.02431	0.00451	0.00416
37	0.33386	0.00989	0.04331	0.00961	0.01221	0.00975	0.05150	0.04540	0.01152	0.03321	0.03143	0.23793	0.01842	0.01113	0.00719	0.08145	0.00483	0.03731	0.00421	0.00585
38	0.05564	0.01407	0.01409	0.01179	0.01519	0.08849	0.00941	0.41427	0.02107	0.05858	0.04597	0.14750	0.01726	0.00927	0.00603	0.00186	0.00591	0.03679	0.01869	0.00812
39	0.35276	0.01064	0.03920	0.01058	0.05536	0.01047	0.00816	0.04764	0.01300	0.17666	0.05692	0.13143	0.01690	0.00854	0.00529	0.00192	0.00474	0.03784	0.00485	0.00713
40	0.00709	0.00506	0.00675	0.00810	0.00843	0.00472	0.00540	0.00810	0.01113	0.01484	0.03205	0.79184	0.03846	0.01822	0.00742	0.00236	0.00337	0.01653	0.00540	0.00472
41	0.01489	0.56472	0.16984	0.01144	0.01682	0.07058	0.01206	0.01771	0.01242	0.01505	0.04152	0.01147	0.00953	0.00545	0.00432	0.00140	0.00681	0.00371	0.00269	0.00754
42	0.01997	0.01411	0.01531	0.01204	0.01596	0.01540	0.00973	0.58119	0.02388	0.06487	0.01572	0.04850	0.01243	0.07050	0.00769	0.00206	0.00595	0.00599	0.04976	0.00893
43	0.00909	0.00648	0.00770	0.00775	0.00853	0.00656	0.00532	0.03922	0.04357	0.01524	0.08082	0.13008	0.06570	0.41141	0.05692	0.00430	0.00545	0.08674	0.00445	0.00468
44	0.06534	0.12547	0.33249	0.01531	0.02116	0.17526	0.08678	0.01946	0.01314	0.04690	0.01020	0.01200	0.00778	0.00574	0.00582	0.00173	0.04045	0.00430	0.00288	0.00780
45	0.00721	0.00515	0.00689	0.00824	0.00863	0.00483	0.00562	0.00831	0.01126	0.01498	0.03198	0.75206	0.03819	0.01810	0.00746	0.00238	0.00348	0.05507	0.00540	0.00476
46	0.07028	0.00897	0.01058	0.01068	0.05266	0.00914	0.00799	0.07424	0.12132	0.09041	0.07633	0.07883	0.17173	0.01122	0.00642	0.00204	0.00446	0.15014	0.03571	0.00686
47	0.01301	0.01369	0.02605	0.04977	0.06494	0.01370	0.41514	0.01675	0.01242	0.01760	0.01097	0.01491	0.00884	0.00739	0.04195	0.00220	0.13050	0.00589	0.00295	0.13133
48	0.00826	0.00578	0.00723	0.00741	0.00784	0.00597	0.00491	0.00904	0.00933	0.01260	0.02112	0.10747	0.05187	0.47157	0.20972	0.00597	0.00776	0.03820	0.00375	0.00418
49	0.01376	0.01317	0.02245	0.17507	0.62496	0.01365	0.01753	0.01729	0.01294	0.01822	0.01083	0.01460	0.00894	0.00530	0.00577	0.00177	0.00707	0.00518	0.00282	0.00870
50	0.07110	0.01204	0.01403	0.01148	0.02551	0.01241	0.00918	0.21103	0.16744	0.33815	0.05193	0.01901	0.01513	0.00735	0.00576	0.00182	0.00516	0.00587	0.00627	0.00933
51	0.03350	0.02777	0.03069	0.01067	0.01464	0.01025	0.00892	0.08117	0.02982	0.49808	0.05307	0.01982	0.01508	0.04009	0.00765	0.00196	0.05971	0.00584	0.00612	0.04514
52	0.00711	0.00508	0.00677	0.00808	0.00844	0.00474	0.00540	0.00815	0.01123	0.01500	0.04524	0.77820	0.03876	0.01810	0.00741	0.00235	0.00336	0.01642	0.00542	0.00474
53	0.01116	0.01003	0.01673	0.61304	0.03429	0.01215	0.05313	0.01486	0.01173	0.01596	0.01150	0.01626	0.00877	0.00603	0.00604	0.00188	0.03068	0.00529	0.11407	0.00639
54	0.02177	0.01581	0.01730	0.01335	0.01774	0.01760	0.01103	0.66892	0.02586	0.06735	0.01401	0.01415	0.00996	0.00717	0.00655	0.00179	0.04898	0.00525	0.00570	0.00970
55	0.01400	0.01342	0.02290	0.12052	0.67756	0.01371	0.01765	0.01751	0.01306	0.01853	0.01087	0.01452	0.00905	0.00525	0.00576	0.00175	0.00700	0.00518	0.00285	0.00890
56	0.01091	0.00712	0.00891	0.00895	0.01071	0.00707	0.00728	0.04060	0.06083	0.06568	0.18828	0.08602	0.06566	0.01242	0.00674	0.00211	0.00413	0.27136	0.12919	0.00602
57	0.01887	0.06195	0.15493	0.01188	0.01673	0.01222	0.01122	0.08613	0.17140	0.31558	0.06374	0.01910	0.01545	0.00716	0.00573	0.00181	0.00562	0.00578	0.00559	0.00909
58	0.00846	0.00564	0.00634	0.00634	0.00634	0.00564	0.00352	0.00846	0.00846	0.01128	0.01832	0.03805	0.02114	0.79563	0.02960	0.00564	0.00564	0.00846	0.00352	0.00352
59	0.01417	0.01360	0.01928	0.09144	0.02013	0.04513	0.11890	0.11130	0.07052	0.01852	0.01107	0.01475	0.00927	0.01001	0.05308	0.00257	0.36017	0.00550	0.00335	0.00723
60	0.00687	0.00589	0.00589	0.00589	0.00785	0.00491	0.00442	0.00835	0.01325	0.01571	0.05891	0.05596	0.75700	0.01473	0.00687	0.00196	0.00295	0.01227	0.00540	0.00491
61	0.01315	0.01483	0.05630	0.01968	0.02281	0.01617	0.35553	0.01636	0.01132	0.01636	0.00970	0.01410	0.00818	0.00750	0.01276	0.00224	0.38721	0.00589	0.00273	0.00715
62	0.02609	0.00990	0.01350	0.01035	0.01484	0.00855	0.00855	0.02834	0.01664	0.76338	0.02294	0.01979	0.01439	0.00720	0.00585	0.00180	0.00495	0.00585	0.00720	0.00990
63	0.00948	0.00658	0.00841	0.00777	0.00942	0.00626	0.00589	0.01316	0.06778	0.05716	0.67150	0.04084	0.05042	0.01139	0.00675	0.00184	0.00297	0.01003	0.00640	0.00595
64	0.02158	0.02742	0.01641	0.01492	0.01792	0.75738	0.01120	0.02337	0.03089	0.01443	0.00928	0.01071	0.00769	0.00603	0.00526	0.00151	0.01037	0.00380	0.00305	0.00679
65	0.02096	0.02586	0.01654	0.01561	0.04851	0.68036	0.01143	0.05200	0.01667	0.01547	0.01011	0.01291	0.00866	0.00639	0.00540	0.00156	0.00997	0.03146	0.00320	0.00692
66	0.01313	0.01500	0.05659	0.07635	0.07284	0.01438	0.51514	0.01741	0.01291	0.01776	0.01199	0.04704	0.00982	0.00608	0.00791	0.00202	0.08633	0.00677	0.00296	0.00758
67	0.83671	0.01125	0.00855	0.00765	0.01125	0.01305	0.00630	0.01709	0.00990	0.02609	0.00810	0.00945	0.00630	0.00540	0.00360	0.00180	0.00450	0.00315	0.00360	0.00630
68	0.01122	0.01011	0.01625	0.64860	0.03518	0.01232	0.01464	0.05824	0.01253	0.01618	0.01298	0.10201	0.01131	0.00727	0.00599	0.00197	0.00718	0.00644	0.00309	0.00647
69	0.00755	0.00624	0.00669	0.00663	0.00853	0.00553	0.00506	0.00996	0.04730	0.01732	0.15907	0.05306	0.58048	0.01407	0.00689	0.00198	0.00312	0.04971	0.00557	0.00521
70	0.00822	0.00620	0.00763	0.00723	0.00879	0.00575	0.00543	0.01129	0.04606	0.02188	0.59075	0.04497	0.18956	0.01227	0.00682	0.00186	0.00286	0.01069	0.00619	0.00553
71	0.01213	0.01062	0.01335	0.02373	0.01516	0.00822	0.04628	0.01486	0.01214	0.01886	0.01041	0.01232	0.00861	0.00437	0.00447	0.00094	0.00466	0.00366	0.00340	0.77181
72	0.00709	0.00506	0.00675	0.00810	0.00843	0.00472	0.00540	0.00810	0.01113	0.01484	0.03205	0.79184	0.03846	0.01822	0.00742	0.00236	0.00337	0.01653	0.00540	0.00472
73	0.01632	0.49331	0.06895	0.01139	0.01613	0.08457	0.01074	0.09054	0.12436	0.01785	0.01121	0.01191	0.00924	0.00573	0.00450	0.00146	0.00650	0.00396	0.00337	0.00797

[dist]
# distance from previous block
# <min> <max>
0	2

[block]
# block no. 1 follows, 40 sequences, length 20
# corresponding to MSA columns:
# 516-535
name=unknown_B
#
# <colnr> <probs for GDERKNQSTAVLIFYWHMCP>
#	G	D	E	R	K	N	Q	S	T	A	V	L	I	F	Y	W	H	M	C	P
0	0.08908	0.69701	0.02781	0.00982	0.01460	0.02177	0.00959	0.01792	0.04119	0.01522	0.00871	0.00983	0.00777	0.00513	0.00381	0.00132	0.00600	0.00325	0.00272	0.00743
1	0.07892	0.01627	0.01680	0.01303	0.01756	0.03990	0.01073	0.66843	0.02580	0.03525	0.01341	0.01354	0.00957	0.00684	0.00565	0.00174	0.00639	0.00505	0.00558	0.00955
2	0.00882	0.00651	0.00935	0.14943	0.01462	0.00684	0.00766	0.01047	0.01156	0.04513	0.06127	0.53870	0.03126	0.03639	0.00801	0.00233	0.02831	0.01317	0.00487	0.00530
3	0.01231	0.00923	0.01157	0.01031	0.01199	0.01070	0.00809	0.18290	0.01367	0.01944	0.01487	0.02126	0.01344	0.11663	0.35162	0.00565	0.10168	0.00606	0.07233	0.00626
4	0.00913	0.00607	0.00732	0.00749	0.00804	0.00597	0.00488	0.03723	0.01091	0.03669	0.06933	0.25619	0.02817	0.43441	0.01921	0.00406	0.00480	0.04108	0.00452	0.00451
5	0.00809	0.00594	0.00758	0.00717	0.00860	0.00543	0.00538	0.01070	0.01613	0.02253	0.68381	0.04474	0.12784	0.01218	0.00686	0.00184	0.00276	0.01070	0.00630	0.00543
6	0.01490	0.01479	0.02311	0.03425	0.70764	0.06672	0.01739	0.01822	0.01347	0.01867	0.01080	0.01412	0.00909	0.00524	0.00572	0.00171	0.00716	0.00508	0.00289	0.00904
7	0.01446	0.01249	0.01315	0.01183	0.01512	0.01446	0.00920	0.03090	0.74885	0.02433	0.02367	0.02170	0.01775	0.00789	0.00592	0.00197	0.00460	0.00657	0.00592	0.00920
8	0.02527	0.00971	0.01323	0.01021	0.01456	0.00841	0.00841	0.02754	0.01664	0.72929	0.05672	0.02088	0.01626	0.00741	0.00589	0.00180	0.00485	0.00606	0.00716	0.00969
9	0.05516	0.01063	0.01141	0.03658	0.01322	0.01162	0.00779	0.32918	0.01851	0.02777	0.01581	0.01758	0.01204	0.00850	0.04103	0.00194	0.00518	0.00526	0.36337	0.00743
10	0.00912	0.00651	0.00908	0.01042	0.01165	0.00648	0.00893	0.01161	0.01314	0.01712	0.03093	0.14548	0.03402	0.01630	0.00797	0.00264	0.00514	0.64281	0.00536	0.00529
11	0.01632	0.01102	0.01243	0.01087	0.01423	0.01178	0.00866	0.07227	0.40708	0.18679	0.02727	0.02769	0.09894	0.00902	0.00615	0.00197	0.00467	0.05808	0.00610	0.00865
12	0.00803	0.00594	0.00749	0.00710	0.00856	0.00540	0.00533	0.01058	0.01598	0.02218	0.65198	0.04531	0.15989	0.01231	0.00686	0.00185	0.00277	0.01078	0.00625	0.00540
13	0.00956	0.00709	0.01055	0.06888	0.01299	0.00835	0.00820	0.01164	0.00977	0.04553	0.01510	0.02214	0.01385	0.06780	0.60318	0.00788	0.06263	0.00615	0.00323	0.00550
14	0.01555	0.79913	0.03047	0.00995	0.01493	0.02301	0.00995	0.01741	0.01182	0.01368	0.00808	0.00933	0.00746	0.00498	0.00373	0.00124	0.00622	0.00311	0.00249	0.00746
15	0.00696	0.00589	0.00601	0.00598	0.00791	0.00495	0.00448	0.00851	0.01345	0.01618	0.10226	0.05519	0.71335	0.01455	0.00687	0.00196	0.00293	0.01216	0.00546	0.00495
16	0.01206	0.01034	0.01206	0.00861	0.01378	0.00775	0.00689	0.01464	0.01206	0.01895	0.01034	0.01206	0.00861	0.00431	0.00431	0.00086	0.00431	0.00345	0.00345	0.83118
17	0.01555	0.79913	0.03047	0.00995	0.01493	0.02301	0.00995	0.01741	0.01182	0.01368	0.00808	0.00933	0.00746	0.00498	0.00373	0.00124	0.00622	0.00311	0.00249	0.00746
18	0.00728	0.00518	0.00682	0.00792	0.00833	0.00485	0.00529	0.00840	0.01148	0.01544	0.10078	0.67422	0.03899	0.06478	0.00871	0.00251	0.00345	0.01546	0.00538	0.00472
19	0.00978	0.00875	0.01521	0.01297	0.01527	0.00820	0.21302	0.03938	0.01253	0.01695	0.02458	0.50516	0.02755	0.01336	0.00705	0.00215	0.00535	0.01274	0.00463	0.04538

[dist]
# distance from previous block
# <min> <max>
2	5

[block]
# block no. 2 follows, 40 sequences, length 48
# corresponding to MSA columns:
# 541-588
name=unknown_C
#
# <colnr> <probs for GDERKNQSTAVLIFYWHMCP>
#	G	D	E	R	K	N	Q	S	T	A	V	L	I	F	Y	W	H	M	C	P
0	0.79275	0.01225	0.04887	0.00812	0.01199	0.01307	0.00711	0.01716	0.01002	0.02568	0.00822	0.00960	0.00635	0.00540	0.00370	0.00180	0.00472	0.00321	0.00354	0.00642
1	0.02712	0.06042	0.10052	0.00862	0.01147	0.08908	0.00778	0.05654	0.01364	0.02101	0.04781	0.01891	0.01406	0.00664	0.00456	0.00147	0.00470	0.00514	0.49419	0.00634
2	0.00720	0.00511	0.00671	0.00795	0.00826	0.00480	0.00524	0.00813	0.01091	0.01455	0.03092	0.72976	0.03704	0.08224	0.00925	0.00263	0.00356	0.01587	0.00524	0.00462
3	0.83671	0.01125	0.00855	0.00765	0.01125	0.01305	0.00630	0.01709	0.00990	0.02609	0.00810	0.00945	0.00630	0.00540	0.00360	0.00180	0.00450	0.00315	0.00360	0.00630
4	0.02148	0.01598	0.01710	0.01325	0.01779	0.01774	0.01090	0.68158	0.08676	0.03563	0.01476	0.01460	0.01054	0.00706	0.00583	0.00176	0.00625	0.00535	0.00583	0.00983
5	0.00810	0.00594	0.00759	0.00718	0.00861	0.00543	0.00538	0.01072	0.01615	0.02258	0.68881	0.04465	0.12280	0.01216	0.00686	0.00184	0.00276	0.01069	0.00630	0.00543
6	0.00814	0.00587	0.00769	0.00738	0.00867	0.00542	0.00548	0.01074	0.01602	0.02262	0.69665	0.10507	0.05352	0.01241	0.00691	0.00187	0.00280	0.01101	0.00632	0.00542
7	0.00844	0.00569	0.00659	0.00659	0.00668	0.00577	0.00383	0.00862	0.00853	0.01146	0.01810	0.03680	0.02060	0.73370	0.09078	0.00594	0.00646	0.00827	0.00349	0.00366
8	0.02211	0.01629	0.01745	0.01338	0.01803	0.01803	0.01105	0.73997	0.02734	0.03665	0.01396	0.01396	0.00989	0.00698	0.00582	0.00175	0.00640	0.00524	0.00582	0.00989
9	0.01166	0.03008	0.76550	0.01657	0.02517	0.01351	0.02149	0.01842	0.01228	0.01842	0.01044	0.01228	0.00737	0.00552	0.00552	0.00184	0.00859	0.00430	0.00246	0.00859
10	0.02141	0.01562	0.01671	0.01289	0.01734	0.01726	0.01062	0.69517	0.02641	0.03573	0.01427	0.01444	0.01020	0.00697	0.00571	0.00172	0.00617	0.00525	0.05651	0.00961
11	0.00846	0.00564	0.00634	0.00634	0.00634	0.00564	0.00352	0.00846	0.00846	0.01128	0.01832	0.03805	0.02114	0.79563	0.02960	0.00564	0.00564	0.00846	0.00352	0.00352
12	0.00709	0.00506	0.00675	0.00810	0.00843	0.00472	0.00540	0.00810	0.01113	0.01484	0.03205	0.79184	0.03846	0.01822	0.00742	0.00236	0.00337	0.01653	0.00540	0.00472
13	0.01334	0.01815	0.26225	0.01400	0.04113	0.01385	0.01342	0.02575	0.45972	0.02218	0.04169	0.01903	0.01521	0.00715	0.00581	0.00192	0.00594	0.00590	0.00469	0.00889
14	0.02211	0.01629	0.01745	0.01338	0.01803	0.01803	0.01105	0.73997	0.02734	0.03665	0.01396	0.01396	0.00989	0.00698	0.00582	0.00175	0.00640	0.00524	0.00582	0.00989
15	0.05170	0.01488	0.02694	0.06251	0.02612	0.01491	0.45695	0.19333	0.01664	0.02297	0.01294	0.04873	0.01020	0.00606	0.00643	0.00192	0.00835	0.00663	0.00376	0.00806
16	0.00707	0.00590	0.00619	0.00627	0.00811	0.00502	0.00474	0.00866	0.01338	0.01622	0.09929	0.08316	0.65574	0.01474	0.00694	0.00200	0.00305	0.04311	0.00546	0.00496
17	0.01200	0.01115	0.01049	0.04383	0.01287	0.17431	0.00785	0.04071	0.01303	0.04351	0.02340	0.44728	0.02604	0.01547	0.05380	0.00255	0.02510	0.02627	0.00462	0.00571
18	0.00777	0.00593	0.00713	0.00683	0.00840	0.00529	0.00512	0.01008	0.01537	0.02073	0.51870	0.04771	0.29407	0.01286	0.00686	0.00187	0.00281	0.01112	0.00606	0.00529
19	0.01401	0.01416	0.02634	0.07329	0.51049	0.01402	0.22480	0.01791	0.01329	0.01867	0.01114	0.01483	0.00902	0.00514	0.00608	0.00181	0.00779	0.00566	0.00288	0.00867
20	0.01226	0.02594	0.55535	0.01886	0.02667	0.01385	0.22748	0.01848	0.01269	0.01848	0.01082	0.01326	0.00779	0.00535	0.00591	0.00188	0.00894	0.00503	0.00260	0.00838
21	0.01435	0.01448	0.02213	0.18704	0.51013	0.08452	0.04820	0.01777	0.01323	0.01768	0.01067	0.01431	0.00873	0.00538	0.00577	0.00176	0.00754	0.00512	0.00283	0.00835
22	0.04586	0.77004	0.02966	0.00987	0.01479	0.02264	0.00982	0.01740	0.01175	0.01414	0.00809	0.00933	0.00742	0.00499	0.00373	0.00126	0.00616	0.00311	0.00253	0.00742
23	0.83671	0.01125	0.00855	0.00765	0.01125	0.01305	0.00630	0.01709	0.00990	0.02609	0.00810	0.00945	0.00630	0.00540	0.00360	0.00180	0.00450	0.00315	0.00360	0.00630
24	0.06844	0.01249	0.01356	0.01153	0.01526	0.01380	0.00917	0.13320	0.46187	0.16348	0.02115	0.01946	0.01527	0.00747	0.00575	0.00190	0.00492	0.00603	0.00600	0.00925
25	0.00790	0.00587	0.00735	0.00712	0.00852	0.00532	0.00529	0.01027	0.01546	0.02128	0.57330	0.10457	0.18046	0.01290	0.00691	0.00190	0.00283	0.01131	0.00614	0.00532
26	0.01743	0.01432	0.01467	0.01236	0.01609	0.04845	0.00986	0.30795	0.39537	0.02831	0.02052	0.02013	0.03903	0.00783	0.00592	0.00188	0.00552	0.01948	0.00572	0.00915
27	0.01726	0.01284	0.01410	0.01158	0.01562	0.01373	0.00925	0.20552	0.38092	0.10533	0.01918	0.01813	0.01407	0.00706	0.00565	0.00173	0.00504	0.00570	0.00566	0.13163
28	0.01319	0.33193	0.47700	0.01397	0.02115	0.01724	0.01696	0.01802	0.01210	0.01656	0.00951	0.01112	0.00740	0.00531	0.00482	0.00161	0.00766	0.00383	0.00247	0.00815
29	0.01652	0.01355	0.01393	0.01195	0.01548	0.03817	0.00945	0.22049	0.48666	0.02717	0.02031	0.01927	0.01514	0.00752	0.00576	0.00186	0.00515	0.00606	0.05649	0.00908
30	0.01824	0.01283	0.01399	0.05416	0.01603	0.01412	0.00933	0.49054	0.02211	0.03113	0.01520	0.01627	0.01121	0.00686	0.00531	0.00164	0.00541	0.00528	0.24191	0.00841
31	0.01236	0.00902	0.01086	0.00963	0.01131	0.01009	0.00733	0.19927	0.01421	0.01988	0.04296	0.02454	0.01613	0.22329	0.25360	0.00517	0.05678	0.00658	0.06092	0.00607
32	0.01145	0.00962	0.04955	0.00889	0.01175	0.00872	0.00732	0.04884	0.20105	0.08125	0.10985	0.06604	0.33986	0.01139	0.00645	0.00194	0.00398	0.00955	0.00564	0.00688
33	0.00756	0.00592	0.00684	0.00661	0.00828	0.00520	0.00496	0.00968	0.01488	0.01956	0.41168	0.04963	0.40183	0.01329	0.00687	0.00190	0.00284	0.01138	0.00591	0.00520
34	0.00709	0.00506	0.00675	0.00810	0.00843	0.00472	0.00540	0.00810	0.01113	0.01484	0.03205	0.79184	0.03846	0.01822	0.00742	0.00236	0.00337	0.01653	0.00540	0.00472
35	0.01446	0.01249	0.01315	0.01183	0.01512	0.01446	0.00920	0.03090	0.74885	0.02433	0.02367	0.02170	0.01775	0.00789	0.00592	0.00197	0.00460	0.00657	0.00592	0.00920
36	0.02372	0.01181	0.06034	0.01108	0.01571	0.01006	0.00957	0.07147	0.09454	0.59453	0.02169	0.01917	0.01404	0.00715	0.00583	0.00182	0.00523	0.00579	0.00668	0.00974
37	0.02289	0.01219	0.01385	0.01106	0.01528	0.07292	0.00894	0.07107	0.13339	0.50019	0.02069	0.01856	0.01378	0.00704	0.00573	0.00175	0.00540	0.00562	0.00636	0.05328
38	0.00744	0.00591	0.00668	0.00649	0.00820	0.00515	0.00486	0.00944	0.01459	0.01889	0.35042	0.05073	0.46350	0.01354	0.00687	0.00191	0.00286	0.01154	0.00582	0.00515
39	0.01259	0.01065	0.01235	0.00887	0.01401	0.00830	0.00711	0.05328	0.01287	0.01989	0.01053	0.01216	0.00868	0.00445	0.00439	0.00091	0.00442	0.00354	0.00357	0.78743
40	0.01098	0.01034	0.01744	0.78165	0.04005	0.01292	0.01615	0.01486	0.01163	0.01486	0.01034	0.01550	0.00775	0.00581	0.00581	0.00194	0.00775	0.00517	0.00258	0.00646
41	0.00882	0.00620	0.00787	0.00774	0.00829	0.00666	0.00523	0.03197	0.00939	0.01294	0.01711	0.03133	0.01820	0.47582	0.32059	0.00697	0.00956	0.00748	0.00343	0.00438
42	0.01498	0.00697	0.00854	0.03839	0.01072	0.00663	0.00604	0.01755	0.01384	0.23950	0.08818	0.04656	0.01888	0.00768	0.00502	0.00158	0.00359	0.00635	0.45224	0.00676
43	0.01956	0.01383	0.01473	0.01158	0.01549	0.01518	0.00947	0.57557	0.02391	0.03326	0.01510	0.01571	0.01102	0.00693	0.00542	0.00166	0.00556	0.00528	0.19187	0.00888
44	0.01010	0.00505	0.00758	0.00758	0.00758	0.00505	0.00505	0.00758	0.00758	0.01010	0.01010	0.01768	0.01010	0.02020	0.02273	0.83081	0.00505	0.00505	0.00253	0.00253
45	0.00755	0.00576	0.00851	0.00917	0.00988	0.00539	0.05069	0.00884	0.01135	0.01514	0.03077	0.72611	0.03651	0.01734	0.00740	0.00234	0.00382	0.03324	0.00525	0.00493
46	0.01085	0.00783	0.00976	0.00951	0.01106	0.00713	0.00718	0.01286	0.01722	0.02422	0.61161	0.04914	0.05183	0.01389	0.00799	0.00239	0.00404	0.12790	0.00690	0.00669
47	0.01421	0.07794	0.69434	0.01747	0.02575	0.01523	0.02124	0.01979	0.01367	0.02019	0.01260	0.01530	0.00961	0.00704	0.00640	0.00223	0.00910	0.00499	0.00328	0.00964

[dist]
# distance from previous block
# <min> <max>
0	1

[block]
# block no. 3 follows, 40 sequences, length 14
# corresponding to MSA columns:
# 590-603
name=unknown_D
#
# <colnr> <probs for GDERKNQSTAVLIFYWHMCP>
#	G	D	E	R	K	N	Q	S	T	A	V	L	I	F	Y	W	H	M	C	P
0	0.06688	0.04436	0.01787	0.01550	0.03247	0.33923	0.01155	0.17602	0.04080	0.08043	0.01916	0.02119	0.06364	0.00949	0.00709	0.00237	0.00881	0.00624	0.02730	0.00962
1	0.01654	0.21458	0.54569	0.01721	0.02480	0.01773	0.01953	0.02064	0.01460	0.02081	0.01383	0.01705	0.01122	0.00804	0.00678	0.00242	0.00914	0.00532	0.00386	0.01023
2	0.01231	0.00893	0.01050	0.00996	0.01160	0.00792	0.00709	0.01357	0.01791	0.02526	0.61934	0.04748	0.10234	0.06256	0.00986	0.00279	0.00442	0.01142	0.00731	0.00743
3	0.01414	0.01347	0.02248	0.09032	0.65825	0.01379	0.01717	0.01845	0.05956	0.01902	0.01170	0.01494	0.00964	0.00540	0.00577	0.00176	0.00683	0.00527	0.00305	0.00900
4	0.00872	0.00735	0.01237	0.01136	0.01284	0.00695	0.15095	0.01052	0.01153	0.01540	0.02645	0.50209	0.03034	0.09900	0.00974	0.00266	0.00504	0.06670	0.00471	0.00526
5	0.02146	0.01566	0.01676	0.01292	0.01739	0.01731	0.01065	0.69821	0.02647	0.03579	0.01425	0.01441	0.01018	0.00697	0.00572	0.00172	0.00619	0.00525	0.05307	0.00963
6	0.01185	0.06756	0.72968	0.01625	0.02467	0.01397	0.02092	0.01837	0.01225	0.01819	0.01032	0.01213	0.00737	0.00550	0.00544	0.00181	0.00848	0.00424	0.00246	0.00854
7	0.01421	0.01433	0.02654	0.03263	0.55981	0.01406	0.21504	0.01806	0.01337	0.01890	0.01116	0.01475	0.00911	0.00510	0.00606	0.00179	0.00770	0.00564	0.00290	0.00884
8	0.02000	0.01160	0.01357	0.01128	0.01519	0.01212	0.00904	0.07455	0.38488	0.34651	0.02274	0.02038	0.01580	0.00753	0.00588	0.00188	0.00487	0.00617	0.00647	0.00955
9	0.01251	0.01365	0.02891	0.02121	0.02599	0.01281	0.59516	0.01659	0.01307	0.01768	0.01494	0.12390	0.01361	0.05206	0.00824	0.00223	0.00868	0.00829	0.00331	0.00717
10	0.01364	0.01453	0.02838	0.02104	0.02530	0.01503	0.50344	0.05843	0.01334	0.01847	0.01209	0.05615	0.01020	0.00685	0.00943	0.00209	0.17405	0.00691	0.00315	0.00748
11	0.01794	0.00902	0.01138	0.00983	0.01287	0.00855	0.00770	0.08963	0.06919	0.36569	0.02731	0.23427	0.07297	0.01097	0.00640	0.00199	0.00450	0.02549	0.00631	0.00798
12	0.01195	0.00731	0.00929	0.00851	0.01051	0.00702	0.00646	0.01604	0.10574	0.15107	0.43744	0.14121	0.04097	0.01147	0.00665	0.00192	0.00344	0.01006	0.00634	0.00660
13	0.01277	0.01178	0.01967	0.13081	0.50638	0.01211	0.01565	0.01603	0.01294	0.01798	0.01506	0.06247	0.01433	0.00765	0.00621	0.00194	0.00660	0.11828	0.00336	0.00800

[dist]
# distance from previous block
# <min> <max>
0	651

# created by:
# /software/SequenceAnalysis/GenePrediction/augustus/3.0.1/scripts/msa2prfl.pl ./fixed/BUSCOvEOG73BP27.fas
