[name]
unknown

[dist]
# distance from previous block
# <min> <max>
0	389

[block]
# block no. 0 follows, 40 sequences, length 13
# corresponding to MSA columns:
# 402-414
name=unknown_A
#
# <colnr> <probs for GDERKNQSTAVLIFYWHMCP>
#	G	D	E	R	K	N	Q	S	T	A	V	L	I	F	Y	W	H	M	C	P
0	0.01141	0.00721	0.00842	0.00799	0.01040	0.00653	0.00640	0.01422	0.06154	0.15636	0.04478	0.04874	0.43846	0.01312	0.00683	0.00206	0.00387	0.13971	0.00576	0.00620
1	0.05782	0.07197	0.36331	0.01589	0.02179	0.01275	0.18270	0.01640	0.01223	0.01791	0.01450	0.15845	0.01346	0.00771	0.00596	0.00192	0.00751	0.00703	0.00318	0.00749
2	0.01362	0.02750	0.62565	0.01598	0.02383	0.01435	0.01954	0.15331	0.01509	0.02182	0.01110	0.01259	0.00784	0.00580	0.00558	0.00182	0.00818	0.00447	0.00308	0.00884
3	0.00928	0.06132	0.13550	0.00903	0.01184	0.00796	0.00844	0.01263	0.01546	0.02188	0.58356	0.03604	0.04388	0.01038	0.00643	0.00179	0.00394	0.00900	0.00549	0.00613
4	0.01373	0.01225	0.02020	0.03003	0.61866	0.01225	0.01527	0.01704	0.01305	0.01950	0.01244	0.01576	0.01028	0.00548	0.00544	0.00166	0.00612	0.00523	0.15712	0.00850
5	0.16823	0.01316	0.01604	0.01328	0.01698	0.05593	0.14702	0.02393	0.36063	0.04101	0.01897	0.05036	0.03455	0.00735	0.00571	0.00192	0.00581	0.00638	0.00475	0.00798
6	0.35653	0.01148	0.01128	0.00943	0.01285	0.01261	0.00765	0.24022	0.01712	0.05244	0.19224	0.01944	0.01948	0.00752	0.00515	0.00179	0.00468	0.00567	0.00508	0.00733
7	0.05427	0.00929	0.01086	0.00961	0.01214	0.00952	0.00752	0.18255	0.05855	0.11109	0.23747	0.17217	0.04656	0.01110	0.00645	0.00195	0.00428	0.04158	0.00594	0.00711
8	0.01198	0.01123	0.01880	0.63809	0.17463	0.01327	0.01657	0.01566	0.01215	0.01597	0.01080	0.01577	0.00836	0.00593	0.00595	0.00196	0.00770	0.00528	0.00276	0.00716
9	0.01588	0.79494	0.03061	0.01018	0.01517	0.02313	0.01009	0.01764	0.01204	0.01402	0.00845	0.00983	0.00780	0.00521	0.00389	0.00131	0.00633	0.00323	0.00261	0.00764
10	0.01193	0.01007	0.01179	0.00881	0.01352	0.00767	0.00690	0.01425	0.01219	0.01886	0.01278	0.08762	0.01182	0.00589	0.00476	0.00108	0.00434	0.00483	0.00375	0.74715
11	0.02540	0.01089	0.01409	0.01094	0.01541	0.00996	0.00896	0.09714	0.05410	0.65297	0.02239	0.01977	0.01443	0.00744	0.00600	0.00187	0.00519	0.00593	0.00710	0.01002
12	0.01588	0.79494	0.03061	0.01018	0.01517	0.02313	0.01009	0.01764	0.01204	0.01402	0.00845	0.00983	0.00780	0.00521	0.00389	0.00131	0.00633	0.00323	0.00261	0.00764

[dist]
# distance from previous block
# <min> <max>
6	8

[block]
# block no. 1 follows, 40 sequences, length 25
# corresponding to MSA columns:
# 423-447
name=unknown_B
#
# <colnr> <probs for GDERKNQSTAVLIFYWHMCP>
#	G	D	E	R	K	N	Q	S	T	A	V	L	I	F	Y	W	H	M	C	P
0	0.06662	0.00999	0.01317	0.01013	0.01461	0.00874	0.00835	0.02711	0.01608	0.69022	0.02158	0.01890	0.01371	0.00697	0.00566	0.00175	0.00489	0.00560	0.00683	0.04908
1	0.00884	0.00631	0.00874	0.00999	0.01112	0.00622	0.00834	0.01117	0.01307	0.01717	0.06793	0.21623	0.03560	0.01630	0.00785	0.00257	0.00481	0.53709	0.00542	0.00523
2	0.01446	0.01249	0.01315	0.01183	0.01512	0.01446	0.00920	0.03090	0.74885	0.02433	0.02367	0.02170	0.01775	0.00789	0.00592	0.00197	0.00460	0.00657	0.00592	0.00920
3	0.02211	0.01629	0.01745	0.01338	0.01803	0.01803	0.01105	0.73997	0.02734	0.03665	0.01396	0.01396	0.00989	0.00698	0.00582	0.00175	0.00640	0.00524	0.00582	0.00989
4	0.02211	0.01629	0.01745	0.01338	0.01803	0.01803	0.01105	0.73997	0.02734	0.03665	0.01396	0.01396	0.00989	0.00698	0.00582	0.00175	0.00640	0.00524	0.00582	0.00989
5	0.01414	0.01212	0.01291	0.01176	0.01492	0.01396	0.00922	0.02969	0.70146	0.02388	0.02413	0.02452	0.01876	0.00842	0.00605	0.00202	0.00465	0.05255	0.00588	0.00896
6	0.00823	0.00594	0.00777	0.00732	0.00869	0.00549	0.00549	0.01097	0.01646	0.02332	0.75629	0.04344	0.05487	0.01189	0.00686	0.00183	0.00274	0.01052	0.00640	0.00549
7	0.02169	0.01608	0.01722	0.01330	0.01788	0.01784	0.01095	0.70137	0.06661	0.03598	0.01449	0.01438	0.01032	0.00703	0.00582	0.00176	0.00630	0.00531	0.00582	0.00985
8	0.01362	0.01845	0.23488	0.03025	0.55028	0.01373	0.01888	0.01801	0.01297	0.01883	0.01080	0.01379	0.00869	0.00528	0.00569	0.00176	0.00739	0.00493	0.00276	0.00904
9	0.00709	0.00506	0.00675	0.00810	0.00843	0.00472	0.00540	0.00810	0.01113	0.01484	0.03205	0.79184	0.03846	0.01822	0.00742	0.00236	0.00337	0.01653	0.00540	0.00472
10	0.02609	0.00990	0.01350	0.01035	0.01484	0.00855	0.00855	0.02834	0.01664	0.76338	0.02294	0.01979	0.01439	0.00720	0.00585	0.00180	0.00495	0.00585	0.00720	0.00990
11	0.01166	0.03008	0.76550	0.01657	0.02517	0.01351	0.02149	0.01842	0.01228	0.01842	0.01044	0.01228	0.00737	0.00552	0.00552	0.00184	0.00859	0.00430	0.00246	0.00859
12	0.02609	0.00990	0.01350	0.01035	0.01484	0.00855	0.00855	0.02834	0.01664	0.76338	0.02294	0.01979	0.01439	0.00720	0.00585	0.00180	0.00495	0.00585	0.00720	0.00990
13	0.01098	0.01034	0.01744	0.78165	0.04005	0.01292	0.01615	0.01486	0.01163	0.01486	0.01034	0.01550	0.00775	0.00581	0.00581	0.00194	0.00775	0.00517	0.00258	0.00646
14	0.01098	0.01034	0.01744	0.78165	0.04005	0.01292	0.01615	0.01486	0.01163	0.01486	0.01034	0.01550	0.00775	0.00581	0.00581	0.00194	0.00775	0.00517	0.00258	0.00646
15	0.01446	0.01249	0.01315	0.01183	0.01512	0.01446	0.00920	0.03090	0.74885	0.02433	0.02367	0.02170	0.01775	0.00789	0.00592	0.00197	0.00460	0.00657	0.00592	0.00920
16	0.01446	0.01249	0.01315	0.01183	0.01512	0.01446	0.00920	0.03090	0.74885	0.02433	0.02367	0.02170	0.01775	0.00789	0.00592	0.00197	0.00460	0.00657	0.00592	0.00920
17	0.00831	0.00623	0.00935	0.00935	0.01038	0.00727	0.00727	0.01038	0.00935	0.01350	0.01558	0.02285	0.01454	0.04361	0.77259	0.00935	0.01558	0.00623	0.00312	0.00519
18	0.00752	0.00565	0.00760	0.00865	0.00896	0.00573	0.00596	0.00855	0.01096	0.01478	0.03018	0.73214	0.03610	0.01760	0.00832	0.00238	0.06326	0.01565	0.00518	0.00485
19	0.02211	0.01629	0.01745	0.01338	0.01803	0.01803	0.01105	0.73997	0.02734	0.03665	0.01396	0.01396	0.00989	0.00698	0.00582	0.00175	0.00640	0.00524	0.00582	0.00989
20	0.83671	0.01125	0.00855	0.00765	0.01125	0.01305	0.00630	0.01709	0.00990	0.02609	0.00810	0.00945	0.00630	0.00540	0.00360	0.00180	0.00450	0.00315	0.00360	0.00630
21	0.01098	0.01034	0.01744	0.78165	0.04005	0.01292	0.01615	0.01486	0.01163	0.01486	0.01034	0.01550	0.00775	0.00581	0.00581	0.00194	0.00775	0.00517	0.00258	0.00646
22	0.01010	0.00505	0.00758	0.00758	0.00758	0.00505	0.00505	0.00758	0.00758	0.01010	0.01010	0.01768	0.01010	0.02020	0.02273	0.83081	0.00505	0.00505	0.00253	0.00253
23	0.00798	0.00593	0.00743	0.00706	0.00854	0.00538	0.00529	0.01050	0.01588	0.02194	0.62954	0.04572	0.18248	0.01240	0.00686	0.00185	0.00278	0.01084	0.00622	0.00538
24	0.01069	0.00534	0.00587	0.00587	0.00694	0.00534	0.00427	0.01231	0.01123	0.01927	0.01713	0.02085	0.01391	0.00957	0.00795	0.17381	0.00320	0.00534	0.65631	0.00482

[dist]
# distance from previous block
# <min> <max>
0	1

[block]
# block no. 2 follows, 40 sequences, length 42
# corresponding to MSA columns:
# 449-490
name=unknown_C
#
# <colnr> <probs for GDERKNQSTAVLIFYWHMCP>
#	G	D	E	R	K	N	Q	S	T	A	V	L	I	F	Y	W	H	M	C	P
0	0.01558	0.79877	0.03048	0.00997	0.01495	0.02302	0.00996	0.01743	0.01183	0.01371	0.00812	0.00937	0.00749	0.00500	0.00375	0.00125	0.00623	0.00312	0.00250	0.00748
1	0.01323	0.01385	0.02168	0.01745	0.01892	0.03751	0.18336	0.01536	0.01026	0.01512	0.00867	0.01340	0.00794	0.00884	0.01584	0.00238	0.58131	0.00548	0.00266	0.00674
2	0.02175	0.02773	0.01650	0.01500	0.01800	0.77193	0.01125	0.02324	0.01650	0.01426	0.00902	0.01053	0.00752	0.00601	0.00526	0.00150	0.01049	0.00376	0.00301	0.00676
3	0.83633	0.01127	0.00857	0.00767	0.01127	0.01306	0.00631	0.01711	0.00992	0.02611	0.00813	0.00949	0.00633	0.00542	0.00361	0.00180	0.00451	0.00316	0.00361	0.00631
4	0.01466	0.61786	0.20339	0.01153	0.01736	0.02078	0.01268	0.01767	0.01194	0.01482	0.00867	0.01007	0.00747	0.00513	0.00417	0.00139	0.00679	0.00340	0.00249	0.00774
5	0.08819	0.01240	0.01276	0.01148	0.01480	0.01435	0.00896	0.02968	0.68228	0.02451	0.02230	0.02064	0.01675	0.00769	0.00572	0.00196	0.00460	0.00628	0.00572	0.00896
6	0.09513	0.01637	0.01663	0.01296	0.01744	0.05133	0.01065	0.64279	0.02530	0.03472	0.01324	0.01344	0.00949	0.00681	0.00561	0.00174	0.00642	0.00499	0.00550	0.00944
7	0.00703	0.00592	0.00608	0.00604	0.00795	0.00498	0.00453	0.00861	0.01356	0.01642	0.12142	0.05486	0.69373	0.01449	0.00688	0.00196	0.00294	0.01212	0.00550	0.00498
8	0.02213	0.01631	0.01747	0.01340	0.01805	0.01805	0.01106	0.73963	0.02735	0.03667	0.01399	0.01400	0.00992	0.00700	0.00583	0.00175	0.00641	0.00525	0.00583	0.00990
9	0.00691	0.00591	0.00591	0.00591	0.00788	0.00493	0.00443	0.00837	0.01327	0.01574	0.05892	0.05599	0.75666	0.01474	0.00689	0.00197	0.00296	0.01228	0.00541	0.00493
10	0.01610	0.01193	0.01303	0.01146	0.01491	0.01330	0.00899	0.02992	0.61504	0.13913	0.02452	0.02235	0.03688	0.00798	0.00594	0.00195	0.00462	0.00662	0.00611	0.00921
11	0.83633	0.01127	0.00857	0.00767	0.01127	0.01306	0.00631	0.01711	0.00992	0.02611	0.00813	0.00949	0.00633	0.00542	0.00361	0.00180	0.00451	0.00316	0.00361	0.00631
12	0.01224	0.01050	0.01215	0.00884	0.01389	0.00820	0.00705	0.01572	0.05976	0.01932	0.01123	0.01272	0.00923	0.00456	0.00442	0.00094	0.00434	0.00366	0.00362	0.77760
13	0.01058	0.00659	0.00921	0.00850	0.00928	0.00668	0.00608	0.00927	0.00849	0.01195	0.01061	0.04050	0.01056	0.01686	0.01921	0.60347	0.07983	0.00519	0.00276	0.12438
14	0.00728	0.00592	0.00639	0.00627	0.00803	0.00509	0.00466	0.00901	0.01390	0.01745	0.22682	0.05239	0.56345	0.03835	0.00759	0.00205	0.00299	0.01173	0.00559	0.00502
15	0.06152	0.01385	0.01480	0.01191	0.01586	0.01529	0.00966	0.44779	0.17307	0.06153	0.06431	0.01785	0.01467	0.00742	0.00573	0.00179	0.00548	0.00579	0.04259	0.00909
16	0.00712	0.00508	0.00677	0.00812	0.00846	0.00474	0.00541	0.00812	0.01115	0.01487	0.03207	0.79150	0.03848	0.01823	0.00743	0.00237	0.00338	0.01654	0.00541	0.00474
17	0.01209	0.01036	0.01208	0.00863	0.01380	0.00777	0.00690	0.01466	0.01208	0.01898	0.01037	0.01210	0.00864	0.00433	0.00432	0.00087	0.00432	0.00346	0.00346	0.83079
18	0.02186	0.02447	0.01677	0.01454	0.01801	0.55711	0.01119	0.22738	0.01959	0.02065	0.01044	0.01152	0.00820	0.00629	0.00542	0.00157	0.00933	0.00418	0.00381	0.00765
19	0.02175	0.02773	0.01650	0.01500	0.01800	0.77193	0.01125	0.02324	0.01650	0.01426	0.00902	0.01053	0.00752	0.00601	0.00526	0.00150	0.01049	0.00376	0.00301	0.00676
20	0.83633	0.01127	0.00857	0.00767	0.01127	0.01306	0.00631	0.01711	0.00992	0.02611	0.00813	0.00949	0.00633	0.00542	0.00361	0.00180	0.00451	0.00316	0.00361	0.00631
21	0.01613	0.72962	0.02923	0.01042	0.01522	0.09018	0.01008	0.01795	0.01225	0.01376	0.00820	0.00948	0.00749	0.00509	0.00388	0.00127	0.00661	0.00318	0.00254	0.00741
22	0.00895	0.00606	0.00842	0.00841	0.00953	0.00684	0.00650	0.01118	0.01006	0.01551	0.01643	0.02260	0.01465	0.03468	0.58580	0.00741	0.01246	0.00604	0.20320	0.00526
23	0.02213	0.01631	0.01747	0.01340	0.01805	0.01805	0.01106	0.73963	0.02735	0.03667	0.01399	0.01400	0.00992	0.00700	0.00583	0.00175	0.00641	0.00525	0.00583	0.00990
24	0.02611	0.00992	0.01352	0.01037	0.01487	0.00856	0.00856	0.02835	0.01666	0.76305	0.02297	0.01983	0.01442	0.00722	0.00586	0.00180	0.00496	0.00586	0.00721	0.00991
25	0.00834	0.00625	0.00937	0.00937	0.01041	0.00729	0.00728	0.01041	0.00937	0.01353	0.01560	0.02288	0.01456	0.04362	0.77222	0.00935	0.01558	0.00624	0.00313	0.00521
26	0.00834	0.00625	0.00937	0.00937	0.01041	0.00729	0.00728	0.01041	0.00937	0.01353	0.01560	0.02288	0.01456	0.04362	0.77222	0.00935	0.01558	0.00624	0.00313	0.00521
27	0.02196	0.02132	0.01704	0.01410	0.01803	0.34915	0.01114	0.42500	0.02258	0.02683	0.01181	0.01248	0.00886	0.00657	0.00558	0.00164	0.00820	0.00459	0.00459	0.00852
28	0.01013	0.00507	0.00760	0.00760	0.00760	0.00507	0.00506	0.00760	0.00760	0.01013	0.01013	0.01772	0.01013	0.02022	0.02273	0.83041	0.00506	0.00506	0.00254	0.00254
29	0.00919	0.00617	0.00809	0.00750	0.00903	0.00567	0.00566	0.01190	0.01649	0.06186	0.71778	0.04223	0.05277	0.01166	0.00682	0.00183	0.00287	0.01028	0.00645	0.00573
30	0.01364	0.03083	0.74303	0.01768	0.02621	0.01449	0.02188	0.01965	0.01349	0.02018	0.01241	0.01502	0.00928	0.00685	0.00637	0.00220	0.00915	0.00495	0.00316	0.00955
31	0.01364	0.03083	0.74303	0.01768	0.02621	0.01449	0.02188	0.01965	0.01349	0.02018	0.01241	0.01502	0.00928	0.00685	0.00637	0.00220	0.00915	0.00495	0.00316	0.00955
32	0.01628	0.01508	0.02458	0.03620	0.73719	0.01479	0.01836	0.01910	0.01443	0.02074	0.01290	0.01706	0.01107	0.00651	0.00659	0.00209	0.00752	0.00581	0.00357	0.01014
33	0.06009	0.01517	0.02262	0.06216	0.55792	0.01534	0.01667	0.12674	0.01629	0.02358	0.01318	0.01679	0.01096	0.00682	0.00649	0.00211	0.00735	0.00571	0.00403	0.00998
34	0.05350	0.01377	0.01446	0.01290	0.01642	0.01520	0.00991	0.06270	0.62388	0.06500	0.02407	0.02315	0.01831	0.00895	0.00664	0.00230	0.00538	0.00691	0.00647	0.01008
35	0.01972	0.01580	0.01542	0.01347	0.01714	0.11038	0.01037	0.11322	0.45204	0.12536	0.02215	0.02157	0.01668	0.00870	0.00664	0.00222	0.00628	0.00654	0.00630	0.01000
36	0.01618	0.01693	0.03386	0.02465	0.03046	0.01586	0.66893	0.06653	0.01578	0.02155	0.01384	0.01821	0.01076	0.00638	0.00759	0.00230	0.01010	0.00733	0.00381	0.00895
37	0.81261	0.01259	0.01000	0.00904	0.01272	0.01404	0.00717	0.01837	0.01119	0.02761	0.01015	0.01227	0.00825	0.00672	0.00450	0.00216	0.00519	0.00384	0.00426	0.00732
38	0.01402	0.01171	0.01340	0.00997	0.01518	0.00891	0.00775	0.01599	0.01328	0.02069	0.01232	0.01480	0.01049	0.00567	0.00519	0.00125	0.00500	0.00412	0.00411	0.80614
39	0.09323	0.50271	0.18672	0.01464	0.02037	0.02190	0.01409	0.02094	0.01500	0.02086	0.01402	0.01746	0.01240	0.00868	0.00648	0.00242	0.00824	0.00519	0.00443	0.01022
40	0.01244	0.01087	0.07890	0.01279	0.01481	0.00884	0.01086	0.01410	0.01473	0.01988	0.03144	0.22351	0.03403	0.01723	0.00893	0.00308	0.00629	0.46390	0.00611	0.00724
41	0.01656	0.17762	0.52131	0.01700	0.02428	0.08494	0.01902	0.02068	0.01457	0.02004	0.01311	0.01607	0.01055	0.00764	0.00654	0.00229	0.00923	0.00510	0.00366	0.00978

[dist]
# distance from previous block
# <min> <max>
0	5

[block]
# block no. 3 follows, 40 sequences, length 12
# corresponding to MSA columns:
# 496-507
name=unknown_D
#
# <colnr> <probs for GDERKNQSTAVLIFYWHMCP>
#	G	D	E	R	K	N	Q	S	T	A	V	L	I	F	Y	W	H	M	C	P
0	0.01222	0.01222	0.01956	0.21670	0.02356	0.01568	0.11014	0.01469	0.01028	0.01482	0.00922	0.01427	0.00811	0.00973	0.04537	0.00259	0.44628	0.00539	0.00263	0.00654
1	0.01777	0.01757	0.01413	0.01232	0.01558	0.27588	0.00956	0.19094	0.21001	0.02267	0.01982	0.01965	0.09077	0.00769	0.00567	0.00172	0.00678	0.00583	0.04779	0.00786
2	0.01937	0.02379	0.01683	0.01506	0.01727	0.57495	0.01162	0.02081	0.01450	0.01417	0.00863	0.01107	0.00753	0.00709	0.00886	0.00177	0.21306	0.00410	0.00288	0.00664
3	0.01206	0.01034	0.01206	0.00861	0.01378	0.00775	0.00689	0.01464	0.01206	0.01895	0.01034	0.01206	0.00861	0.00431	0.00431	0.00086	0.00431	0.00345	0.00345	0.83118
4	0.02609	0.00990	0.01350	0.01035	0.01484	0.00855	0.00855	0.02834	0.01664	0.76338	0.02294	0.01979	0.01439	0.00720	0.00585	0.00180	0.00495	0.00585	0.00720	0.00990
5	0.01036	0.00896	0.01288	0.01101	0.01319	0.00967	0.04635	0.01258	0.01021	0.01528	0.01258	0.01784	0.01145	0.02532	0.39655	0.00552	0.15025	0.00533	0.00309	0.22158
6	0.01751	0.01181	0.01324	0.01145	0.01505	0.01292	0.00903	0.03023	0.55734	0.21763	0.02348	0.02120	0.01687	0.00771	0.00590	0.00193	0.00469	0.00638	0.00625	0.00939
7	0.00723	0.00590	0.00638	0.00626	0.00807	0.00506	0.00470	0.00903	0.01409	0.01770	0.24131	0.05269	0.57335	0.01398	0.00687	0.00193	0.00289	0.01181	0.00566	0.00506
8	0.05455	0.01451	0.01706	0.21407	0.02350	0.01648	0.01218	0.51895	0.02247	0.03049	0.01276	0.01417	0.00917	0.00661	0.00572	0.00180	0.00667	0.00513	0.00488	0.00884
9	0.02609	0.00990	0.01350	0.01035	0.01484	0.00855	0.00855	0.02834	0.01664	0.76338	0.02294	0.01979	0.01439	0.00720	0.00585	0.00180	0.00495	0.00585	0.00720	0.00990
10	0.23811	0.01025	0.01220	0.00964	0.01390	0.00972	0.00796	0.02540	0.01488	0.57054	0.01906	0.01709	0.01228	0.00673	0.00526	0.00180	0.00483	0.00514	0.00626	0.00896
11	0.00709	0.00506	0.00675	0.00810	0.00843	0.00472	0.00540	0.00810	0.01113	0.01484	0.03205	0.79184	0.03846	0.01822	0.00742	0.00236	0.00337	0.01653	0.00540	0.00472

[dist]
# distance from previous block
# <min> <max>
8	75

[block]
# block no. 4 follows, 40 sequences, length 8
# corresponding to MSA columns:
# 584-591
name=unknown_E
#
# <colnr> <probs for GDERKNQSTAVLIFYWHMCP>
#	G	D	E	R	K	N	Q	S	T	A	V	L	I	F	Y	W	H	M	C	P
0	0.01276	0.01351	0.02526	0.20270	0.02810	0.01522	0.34498	0.01632	0.01176	0.01632	0.01017	0.01474	0.00821	0.00672	0.01033	0.00213	0.24505	0.00592	0.00274	0.00706
1	0.01161	0.00986	0.01158	0.00857	0.01330	0.00748	0.00676	0.01405	0.01197	0.01858	0.01230	0.08264	0.01131	0.00557	0.00459	0.00100	0.00422	0.00463	0.00362	0.75638
2	0.00826	0.00666	0.00906	0.00960	0.00986	0.00746	0.00693	0.00933	0.01067	0.01467	0.02694	0.62890	0.03201	0.01654	0.00986	0.00240	0.16684	0.01414	0.00480	0.00507
3	0.20970	0.01237	0.01560	0.01345	0.01431	0.01667	0.01119	0.01474	0.00914	0.01689	0.00774	0.01194	0.00731	0.00904	0.01538	0.00237	0.59840	0.00463	0.00280	0.00635
4	0.01446	0.01249	0.01315	0.01183	0.01512	0.01446	0.00920	0.03090	0.74885	0.02433	0.02367	0.02170	0.01775	0.00789	0.00592	0.00197	0.00460	0.00657	0.00592	0.00920
5	0.00802	0.00632	0.00930	0.19302	0.01599	0.00668	0.00797	0.00971	0.01125	0.01485	0.02686	0.60625	0.03112	0.01525	0.00704	0.00226	0.00442	0.01382	0.00473	0.00514
6	0.01098	0.01034	0.01744	0.78165	0.04005	0.01292	0.01615	0.01486	0.01163	0.01486	0.01034	0.01550	0.00775	0.00581	0.00581	0.00194	0.00775	0.00517	0.00258	0.00646
7	0.01932	0.02828	0.19554	0.01536	0.01970	0.59089	0.01369	0.02207	0.01547	0.01523	0.00933	0.01091	0.00746	0.00588	0.00531	0.00158	0.01003	0.00388	0.00287	0.00718

[dist]
# distance from previous block
# <min> <max>
0	1

[block]
# block no. 5 follows, 40 sequences, length 46
# corresponding to MSA columns:
# 593-638
name=unknown_F
#
# <colnr> <probs for GDERKNQSTAVLIFYWHMCP>
#	G	D	E	R	K	N	Q	S	T	A	V	L	I	F	Y	W	H	M	C	P
0	0.01428	0.00801	0.01090	0.01106	0.01325	0.00757	0.00943	0.01664	0.01461	0.20561	0.02927	0.05444	0.02905	0.01417	0.00774	0.00257	0.00548	0.53304	0.00603	0.00686
1	0.21767	0.00832	0.00957	0.00914	0.01059	0.00950	0.00689	0.01242	0.00971	0.01688	0.01436	0.02285	0.01398	0.19214	0.36106	0.00623	0.06354	0.00605	0.00352	0.00556
2	0.00906	0.00691	0.00860	0.00870	0.01032	0.00592	0.00608	0.01028	0.01180	0.01652	0.02703	0.58824	0.03128	0.01504	0.00691	0.00210	0.00386	0.01333	0.00512	0.21292
3	0.21728	0.00779	0.00847	0.00788	0.00987	0.00781	0.00600	0.01302	0.01518	0.02457	0.56074	0.03549	0.04280	0.01064	0.00631	0.00194	0.00344	0.00882	0.00589	0.00605
4	0.02285	0.01640	0.01767	0.01366	0.01832	0.01789	0.01119	0.70042	0.02711	0.06989	0.01501	0.01515	0.01072	0.00743	0.00610	0.00187	0.00655	0.00548	0.00608	0.01020
5	0.01288	0.01074	0.01242	0.00927	0.01411	0.00843	0.00728	0.04806	0.01312	0.02010	0.01257	0.06311	0.01123	0.00579	0.00488	0.00113	0.00458	0.00460	0.00391	0.73178
6	0.23730	0.19988	0.05893	0.02784	0.01670	0.17372	0.02763	0.10308	0.01456	0.02110	0.02820	0.01253	0.00930	0.00643	0.00550	0.00177	0.04015	0.00420	0.00363	0.00758
7	0.02222	0.01910	0.01722	0.01400	0.01817	0.20514	0.01116	0.48840	0.06974	0.05294	0.01425	0.01468	0.01055	0.00724	0.00597	0.00182	0.00747	0.00518	0.00537	0.00938
8	0.01337	0.05767	0.38501	0.21101	0.11193	0.06286	0.01838	0.01845	0.03120	0.01786	0.01128	0.01426	0.00860	0.00608	0.00582	0.00193	0.00830	0.00481	0.00290	0.00830
9	0.01451	0.01458	0.01573	0.01464	0.05539	0.16053	0.01105	0.04849	0.01379	0.01833	0.19733	0.02110	0.02033	0.00979	0.01215	0.00220	0.35275	0.00642	0.00401	0.00688
10	0.00781	0.00559	0.00726	0.00857	0.00897	0.00516	0.00571	0.00863	0.01156	0.01549	0.03250	0.78433	0.03878	0.01853	0.00769	0.00248	0.00362	0.01662	0.00561	0.00509
11	0.62011	0.01037	0.00885	0.00804	0.01111	0.01149	0.00639	0.01599	0.01199	0.02592	0.19695	0.01896	0.01918	0.00749	0.00473	0.00193	0.00429	0.00524	0.00453	0.00645
12	0.01194	0.01081	0.01649	0.57935	0.03364	0.01196	0.01402	0.01526	0.01216	0.01653	0.01102	0.01554	0.00862	0.00589	0.00572	0.00179	0.00709	0.00495	0.00304	0.21420
13	0.01768	0.01398	0.01653	0.20625	0.02295	0.01599	0.01194	0.40639	0.17727	0.02854	0.01512	0.01600	0.01103	0.00688	0.00584	0.00184	0.00636	0.00550	0.00503	0.00888
14	0.62933	0.01102	0.00943	0.00789	0.01188	0.01171	0.00645	0.01648	0.01044	0.02429	0.00866	0.01010	0.00688	0.00512	0.00378	0.00156	0.00445	0.00322	0.00356	0.21373
15	0.01270	0.01072	0.01240	0.00892	0.01405	0.00841	0.00716	0.06117	0.01304	0.02008	0.01057	0.01218	0.00870	0.00448	0.00440	0.00092	0.00444	0.00356	0.00360	0.77850
16	0.00936	0.00682	0.00778	0.00691	0.00821	0.00617	0.00437	0.01001	0.00936	0.01321	0.01631	0.03152	0.01799	0.59664	0.02324	0.00444	0.00530	0.00720	0.00350	0.21165
17	0.01080	0.02401	0.57496	0.01425	0.02102	0.01149	0.01746	0.01654	0.01333	0.01965	0.19799	0.02011	0.01931	0.00713	0.00586	0.00184	0.00712	0.00586	0.00345	0.00781
18	0.21646	0.00727	0.00782	0.00729	0.00926	0.00734	0.00561	0.01230	0.01455	0.02341	0.51255	0.03589	0.09862	0.01048	0.00604	0.00183	0.00320	0.00880	0.00562	0.00564
19	0.01392	0.01003	0.01405	0.32932	0.02373	0.01144	0.01114	0.15909	0.03992	0.05956	0.01255	0.01647	0.00981	0.00986	0.00999	0.21030	0.00631	0.00525	0.04087	0.00639
20	0.02486	0.01009	0.01344	0.01038	0.01471	0.00899	0.00854	0.07304	0.01732	0.67632	0.06245	0.02071	0.01632	0.00744	0.00590	0.00180	0.00492	0.00606	0.00707	0.00966
21	0.01520	0.58673	0.04005	0.01055	0.01517	0.02068	0.00998	0.02082	0.19716	0.01645	0.01205	0.01249	0.01005	0.00572	0.00432	0.00144	0.00586	0.00400	0.00335	0.00792
22	0.01086	0.00788	0.00944	0.00943	0.01085	0.00807	0.00682	0.19214	0.01521	0.02033	0.02750	0.59623	0.03128	0.01539	0.00702	0.00221	0.00413	0.01369	0.00550	0.00602
23	0.01149	0.02511	0.57739	0.20897	0.02891	0.01336	0.02014	0.01752	0.01211	0.01752	0.01041	0.01309	0.00746	0.00560	0.00560	0.00187	0.00838	0.00452	0.00249	0.00806
24	0.01196	0.11845	0.48819	0.20816	0.02767	0.01451	0.01874	0.01740	0.01206	0.01695	0.01013	0.01273	0.00748	0.00553	0.00538	0.00179	0.00809	0.00437	0.00249	0.00792
25	0.02211	0.01629	0.01745	0.01338	0.01803	0.01803	0.01105	0.73997	0.02734	0.03665	0.01396	0.01396	0.00989	0.00698	0.00582	0.00175	0.00640	0.00524	0.00582	0.00989
26	0.00959	0.00754	0.01114	0.20419	0.01874	0.00812	0.01067	0.01249	0.01301	0.01679	0.04436	0.05187	0.07391	0.01330	0.00737	0.00243	0.00574	0.47845	0.00469	0.00561
27	0.01149	0.02511	0.57739	0.20897	0.02891	0.01336	0.02014	0.01752	0.01211	0.01752	0.01041	0.01309	0.00746	0.00560	0.00560	0.00187	0.00838	0.00452	0.00249	0.00806
28	0.00846	0.00564	0.00634	0.00634	0.00634	0.00564	0.00352	0.00846	0.00846	0.01128	0.01832	0.03805	0.02114	0.79563	0.02960	0.00564	0.00564	0.00846	0.00352	0.00352
29	0.01165	0.00850	0.01015	0.00889	0.01102	0.00860	0.00688	0.19413	0.01889	0.02619	0.52848	0.07854	0.04263	0.01101	0.00663	0.00184	0.00370	0.00953	0.00620	0.00655
30	0.25166	0.39257	0.19537	0.01083	0.01625	0.01792	0.01158	0.01755	0.01137	0.01837	0.00864	0.01005	0.00710	0.00523	0.00411	0.00154	0.00628	0.00340	0.00280	0.00739
31	0.01206	0.01034	0.01206	0.00861	0.01378	0.00775	0.00689	0.01464	0.01206	0.01895	0.01034	0.01206	0.00861	0.00431	0.00431	0.00086	0.00431	0.00345	0.00345	0.83118
32	0.34395	0.01557	0.17333	0.20489	0.02230	0.01357	0.01260	0.09763	0.01294	0.03951	0.01015	0.01231	0.00748	0.00575	0.00486	0.00184	0.00641	0.00420	0.00343	0.00731
33	0.06673	0.01027	0.01230	0.00994	0.01339	0.01018	0.00803	0.20086	0.01888	0.29165	0.26330	0.02557	0.02623	0.00859	0.00604	0.00180	0.00455	0.00709	0.00637	0.00822
34	0.04908	0.05461	0.04810	0.01033	0.01514	0.01036	0.00890	0.06920	0.04358	0.40070	0.01733	0.01627	0.01180	0.00622	0.00525	0.00154	0.00509	0.00492	0.00552	0.21608
35	0.62906	0.01102	0.01078	0.20228	0.01849	0.01301	0.00878	0.01653	0.01033	0.02327	0.00866	0.01097	0.00666	0.00550	0.00416	0.00183	0.00532	0.00366	0.00334	0.00634
36	0.01160	0.02006	0.38934	0.01312	0.01972	0.01068	0.03976	0.01625	0.01217	0.01841	0.01183	0.06232	0.00991	0.00583	0.00521	0.00149	0.00658	0.00483	0.00306	0.33785
37	0.01866	0.01810	0.20417	0.01344	0.01881	0.01482	0.01296	0.32086	0.15580	0.13816	0.01621	0.01584	0.01139	0.00682	0.00577	0.00182	0.00640	0.00534	0.00520	0.00944
38	0.01464	0.56235	0.24161	0.01186	0.01787	0.01999	0.01324	0.01792	0.01204	0.02979	0.00905	0.01038	0.00757	0.00518	0.00429	0.00143	0.00688	0.00350	0.00257	0.00784
39	0.21936	0.02447	0.54526	0.01402	0.02114	0.01313	0.01710	0.01814	0.01185	0.03564	0.02442	0.01232	0.00815	0.00565	0.00507	0.00183	0.00738	0.00416	0.00292	0.00798
40	0.02046	0.21315	0.02073	0.01252	0.01725	0.01929	0.01078	0.55827	0.02344	0.03087	0.01248	0.01280	0.00928	0.00648	0.00529	0.00162	0.00635	0.00470	0.00498	0.00928
41	0.79240	0.01117	0.00882	0.00779	0.01144	0.01280	0.00642	0.01771	0.01027	0.06639	0.00891	0.01001	0.00674	0.00550	0.00372	0.00180	0.00452	0.00330	0.00380	0.00649
42	0.01504	0.69922	0.12596	0.01081	0.01626	0.02178	0.01145	0.01754	0.01188	0.01430	0.00839	0.00971	0.00745	0.00505	0.00396	0.00132	0.00653	0.00326	0.00248	0.00761
43	0.01149	0.02511	0.57739	0.20897	0.02891	0.01336	0.02014	0.01752	0.01211	0.01752	0.01041	0.01309	0.00746	0.00560	0.00560	0.00187	0.00838	0.00452	0.00249	0.00806
44	0.05905	0.01655	0.20483	0.14867	0.02201	0.01475	0.01467	0.06335	0.01220	0.08817	0.01069	0.01367	0.00830	0.00750	0.01040	0.00210	0.28747	0.00488	0.00324	0.00750
45	0.00773	0.00585	0.00734	0.00768	0.02036	0.00531	0.00547	0.00974	0.01424	0.01918	0.38132	0.23459	0.21921	0.01413	0.00701	0.00201	0.00306	0.02473	0.00583	0.00521

[dist]
# distance from previous block
# <min> <max>
5	69

# created by:
# /software/SequenceAnalysis/GenePrediction/augustus/3.0.1/scripts/msa2prfl.pl ./fixed/BUSCOvEOG702Z66.fas
