[name]
unknown

[dist]
# distance from previous block
# <min> <max>
0	93

[block]
# block no. 0 follows, 41 sequences, length 16
# corresponding to MSA columns:
# 98-113
name=unknown_A
#
# <colnr> <probs for GDERKNQSTAVLIFYWHMCP>
#	G	D	E	R	K	N	Q	S	T	A	V	L	I	F	Y	W	H	M	C	P
0	0.02114	0.06810	0.01729	0.01397	0.01753	0.49893	0.01092	0.24515	0.01924	0.02077	0.01030	0.01130	0.00809	0.00614	0.00525	0.00153	0.00883	0.00410	0.00377	0.00763
1	0.01423	0.01229	0.01293	0.01164	0.01487	0.01423	0.00905	0.03039	0.75297	0.02393	0.02328	0.02134	0.01746	0.00776	0.00582	0.00194	0.00453	0.00647	0.00582	0.00905
2	0.00970	0.19226	0.01277	0.00772	0.00993	0.00940	0.00637	0.01213	0.01494	0.02030	0.54458	0.03557	0.08295	0.01026	0.00603	0.00167	0.00351	0.00874	0.00534	0.00582
3	0.02078	0.01836	0.01534	0.01306	0.01639	0.32450	0.01026	0.12965	0.11380	0.19479	0.01455	0.01458	0.01064	0.00689	0.00657	0.00172	0.07053	0.00485	0.00466	0.00810
4	0.01471	0.58456	0.06309	0.01342	0.01868	0.02031	0.18176	0.01745	0.01208	0.01480	0.00890	0.01077	0.00765	0.00490	0.00447	0.00141	0.00704	0.00397	0.00255	0.00748
5	0.00766	0.00498	0.00683	0.00784	0.00810	0.00472	0.00523	0.00784	0.01013	0.01351	0.02647	0.61321	0.03130	0.01838	0.01082	0.19686	0.00370	0.01362	0.00465	0.00414
6	0.01787	0.01677	0.01481	0.01276	0.01628	0.19343	0.01000	0.21567	0.39029	0.02478	0.01740	0.01677	0.01307	0.00709	0.00564	0.00177	0.00634	0.00547	0.00512	0.00866
7	0.00859	0.00596	0.00776	0.00724	0.00870	0.00547	0.00546	0.01124	0.01609	0.04561	0.71460	0.04241	0.07587	0.01164	0.00672	0.00180	0.00277	0.01026	0.00629	0.00551
8	0.01263	0.19664	0.01938	0.01311	0.01429	0.01747	0.01118	0.01399	0.00964	0.01377	0.00994	0.08770	0.01041	0.00958	0.01412	0.00219	0.52920	0.00564	0.00276	0.00635
9	0.01385	0.01204	0.01805	0.49468	0.14035	0.01401	0.01496	0.18579	0.01529	0.02023	0.01109	0.01473	0.00833	0.00590	0.00571	0.00183	0.00719	0.00510	0.00333	0.00754
10	0.02003	0.00888	0.01174	0.00951	0.01294	0.00801	0.00764	0.06561	0.01659	0.49741	0.19530	0.07782	0.02483	0.00889	0.00609	0.00181	0.00434	0.00751	0.00669	0.00837
11	0.01452	0.01680	0.19048	0.01292	0.01754	0.01444	0.01211	0.11663	0.48895	0.02408	0.01904	0.01822	0.01410	0.00710	0.00572	0.00188	0.00567	0.00578	0.00501	0.00900
12	0.20626	0.01106	0.01127	0.00855	0.01317	0.04008	0.00686	0.01566	0.01166	0.03933	0.00992	0.01139	0.00804	0.00463	0.00415	0.00111	0.00454	0.00339	0.00350	0.58544
13	0.01391	0.02332	0.49846	0.01992	0.19630	0.01273	0.01868	0.01923	0.01284	0.11363	0.01195	0.01350	0.00855	0.00556	0.00553	0.00178	0.00761	0.00462	0.00311	0.00876
14	0.06062	0.39804	0.37233	0.01269	0.01916	0.01773	0.01485	0.01757	0.01173	0.01632	0.00903	0.01053	0.00723	0.00517	0.00448	0.00153	0.00711	0.00360	0.00249	0.00779
15	0.00689	0.00527	0.00634	0.00719	0.00809	0.00471	0.00496	0.00805	0.01170	0.01491	0.04099	0.52999	0.29698	0.01669	0.00711	0.00218	0.00317	0.01476	0.00531	0.00471

[dist]
# distance from previous block
# <min> <max>
0	22

[block]
# block no. 1 follows, 41 sequences, length 8
# corresponding to MSA columns:
# 136-143
name=unknown_B
#
# <colnr> <probs for GDERKNQSTAVLIFYWHMCP>
#	G	D	E	R	K	N	Q	S	T	A	V	L	I	F	Y	W	H	M	C	P
0	0.02288	0.06761	0.01571	0.01123	0.01566	0.01288	0.00936	0.26444	0.06804	0.42333	0.01866	0.01697	0.01243	0.00690	0.00560	0.00173	0.00540	0.00541	0.00622	0.00952
1	0.00814	0.00623	0.00842	0.00895	0.00990	0.00611	0.03107	0.01103	0.08590	0.01657	0.09747	0.58340	0.03604	0.01577	0.00711	0.00224	0.00370	0.05130	0.00537	0.00529
2	0.09869	0.01624	0.12103	0.17127	0.26962	0.08971	0.06621	0.01841	0.06134	0.01838	0.01098	0.01376	0.00860	0.00552	0.00546	0.00177	0.00734	0.00484	0.00300	0.00782
3	0.01272	0.01298	0.01790	0.57318	0.14029	0.11632	0.01547	0.01615	0.01231	0.01512	0.01007	0.01442	0.00780	0.00565	0.00563	0.00182	0.00787	0.00490	0.00264	0.00678
4	0.01233	0.01152	0.01809	0.26911	0.35233	0.01249	0.01451	0.01739	0.11283	0.01776	0.01712	0.01969	0.08707	0.00662	0.00581	0.00182	0.00635	0.00600	0.00340	0.00776
5	0.01126	0.00859	0.01213	0.16591	0.01688	0.00940	0.02474	0.08441	0.01169	0.01609	0.01454	0.16450	0.01450	0.01218	0.01148	0.22286	0.07788	0.00706	0.02347	0.09044
6	0.09799	0.01500	0.09225	0.41881	0.13343	0.11638	0.01499	0.01672	0.01220	0.01659	0.00985	0.01350	0.00761	0.00558	0.00538	0.00180	0.00763	0.00461	0.00273	0.00696
7	0.01312	0.01244	0.02070	0.10791	0.55935	0.01305	0.01585	0.01632	0.01281	0.01827	0.07988	0.01678	0.01295	0.00616	0.00682	0.00179	0.06889	0.00557	0.00310	0.00822

[dist]
# distance from previous block
# <min> <max>
3	8

[block]
# block no. 2 follows, 41 sequences, length 11
# corresponding to MSA columns:
# 152-162
name=unknown_C
#
# <colnr> <probs for GDERKNQSTAVLIFYWHMCP>
#	G	D	E	R	K	N	Q	S	T	A	V	L	I	F	Y	W	H	M	C	P
0	0.00720	0.00519	0.00686	0.00797	0.00852	0.00484	0.00552	0.00847	0.01164	0.01555	0.09931	0.65501	0.06467	0.01710	0.00727	0.00228	0.00337	0.05907	0.00540	0.00476
1	0.08135	0.28027	0.46497	0.01345	0.02033	0.01630	0.01619	0.01768	0.01173	0.01722	0.00932	0.01090	0.00719	0.00525	0.00470	0.00162	0.00736	0.00375	0.00252	0.00790
2	0.01425	0.05153	0.02248	0.13292	0.40482	0.09147	0.08879	0.01736	0.01269	0.01688	0.01011	0.01365	0.00842	0.00571	0.00693	0.00178	0.08448	0.00501	0.00276	0.00795
3	0.01543	0.01095	0.01645	0.40208	0.11031	0.01222	0.01336	0.05128	0.09961	0.18861	0.01474	0.01673	0.01051	0.00625	0.00573	0.00185	0.00649	0.00540	0.00413	0.00788
4	0.01424	0.01237	0.01851	0.42833	0.19523	0.01414	0.01502	0.19473	0.01559	0.02079	0.01118	0.01463	0.00846	0.00586	0.00571	0.00181	0.00711	0.00510	0.00339	0.00779
5	0.00728	0.00539	0.00748	0.07044	0.01080	0.00529	0.00616	0.00850	0.01099	0.01460	0.02981	0.73255	0.03540	0.01694	0.00717	0.00229	0.00366	0.01536	0.00509	0.00478
6	0.01988	0.14924	0.01763	0.01149	0.01577	0.01567	0.00970	0.36405	0.09304	0.17532	0.05871	0.01652	0.01352	0.00694	0.00544	0.00167	0.00560	0.00534	0.00547	0.00900
7	0.00681	0.00558	0.00602	0.00636	0.00788	0.00478	0.00460	0.00814	0.01249	0.01523	0.05102	0.24892	0.57158	0.01539	0.00690	0.00203	0.00301	0.01317	0.00531	0.00478
8	0.00831	0.00625	0.00798	0.00887	0.01034	0.00592	0.00744	0.01048	0.01302	0.01646	0.03937	0.09584	0.27076	0.01547	0.00750	0.00239	0.00440	0.45883	0.00528	0.00509
9	0.01234	0.01176	0.01978	0.42227	0.34987	0.01334	0.01643	0.01584	0.01198	0.01632	0.01028	0.01464	0.00824	0.00567	0.00637	0.00185	0.04776	0.00508	0.00266	0.00751
10	0.01315	0.10385	0.62713	0.01510	0.02283	0.01376	0.01885	0.01891	0.01243	0.08645	0.01117	0.01247	0.00789	0.00553	0.00529	0.00175	0.00789	0.00425	0.00285	0.00846

[dist]
# distance from previous block
# <min> <max>
0	3

[block]
# block no. 3 follows, 41 sequences, length 6
# corresponding to MSA columns:
# 166-171
name=unknown_D
#
# <colnr> <probs for GDERKNQSTAVLIFYWHMCP>
#	G	D	E	R	K	N	Q	S	T	A	V	L	I	F	Y	W	H	M	C	P
0	0.01470	0.68189	0.14528	0.01080	0.01625	0.02117	0.01156	0.01728	0.01169	0.01418	0.00831	0.00963	0.00733	0.00498	0.00395	0.00132	0.00648	0.00324	0.00244	0.00751
1	0.01336	0.01501	0.03141	0.02280	0.02775	0.01491	0.63716	0.01766	0.01282	0.01766	0.01099	0.01501	0.00851	0.00557	0.00849	0.00201	0.12206	0.00650	0.00284	0.00750
2	0.00886	0.00656	0.00898	0.00859	0.01020	0.00679	0.00661	0.01093	0.01005	0.01501	0.01650	0.10040	0.01585	0.03088	0.50393	0.00644	0.01116	0.00667	0.08123	0.13434
3	0.01141	0.10689	0.02374	0.01669	0.02044	0.01199	0.39408	0.01453	0.01237	0.01642	0.01817	0.28955	0.01879	0.00945	0.00657	0.00198	0.00699	0.00966	0.00369	0.00659
4	0.00847	0.00624	0.00818	0.00927	0.01024	0.00624	0.00713	0.01145	0.07790	0.01639	0.03032	0.44757	0.03414	0.01621	0.00740	0.00241	0.00417	0.28565	0.00534	0.00528
5	0.01322	0.01475	0.02712	0.02020	0.02432	0.05905	0.48938	0.01683	0.01264	0.01690	0.01431	0.01772	0.06905	0.00674	0.00914	0.00202	0.16986	0.00664	0.00301	0.00712

[dist]
# distance from previous block
# <min> <max>
0	1

[block]
# block no. 4 follows, 41 sequences, length 13
# corresponding to MSA columns:
# 173-185
name=unknown_E
#
# <colnr> <probs for GDERKNQSTAVLIFYWHMCP>
#	G	D	E	R	K	N	Q	S	T	A	V	L	I	F	Y	W	H	M	C	P
0	0.01460	0.62360	0.06815	0.01105	0.01529	0.02124	0.01088	0.01660	0.01115	0.01376	0.00800	0.00991	0.00736	0.00581	0.00638	0.00148	0.14161	0.00346	0.00245	0.00721
1	0.00921	0.00631	0.00812	0.00784	0.00929	0.00599	0.00586	0.01240	0.05997	0.05969	0.53161	0.17102	0.04634	0.01241	0.00677	0.00192	0.00310	0.03034	0.00611	0.00571
2	0.00696	0.00503	0.00659	0.00783	0.00826	0.00466	0.00525	0.00798	0.01108	0.01465	0.03311	0.75086	0.08120	0.01771	0.00727	0.00230	0.00329	0.01601	0.00531	0.00466
3	0.01339	0.02106	0.46261	0.01427	0.05560	0.01094	0.01572	0.01816	0.01308	0.15502	0.02079	0.02097	0.13900	0.00729	0.00573	0.00182	0.00675	0.00591	0.00379	0.00809
4	0.03838	0.01099	0.01842	0.27530	0.33296	0.01177	0.05182	0.01495	0.01206	0.01685	0.01411	0.14956	0.01345	0.00751	0.00595	0.00189	0.00654	0.00704	0.00319	0.00725
5	0.02174	0.01602	0.01717	0.01316	0.01774	0.01774	0.01087	0.74423	0.02689	0.03605	0.01373	0.01373	0.00973	0.00687	0.00572	0.00172	0.00629	0.00515	0.00572	0.00973
6	0.01406	0.66465	0.02638	0.00968	0.01391	0.01995	0.00933	0.01593	0.01120	0.01343	0.00923	0.01148	0.00854	0.01147	0.13735	0.00260	0.00771	0.00359	0.00255	0.00695
7	0.01250	0.01381	0.06506	0.15964	0.04666	0.03347	0.09367	0.01502	0.01029	0.01485	0.00875	0.01332	0.00769	0.00811	0.01347	0.00224	0.46705	0.00514	0.00257	0.00667
8	0.01252	0.00681	0.00901	0.04196	0.01154	0.00623	0.00671	0.01424	0.01324	0.22594	0.06777	0.33560	0.15549	0.01333	0.00672	0.00208	0.00395	0.05487	0.00573	0.00625
9	0.00795	0.00600	0.00756	0.00844	0.00977	0.00561	0.00681	0.00986	0.01268	0.01606	0.03972	0.20818	0.27566	0.01579	0.00740	0.00234	0.00409	0.34579	0.00529	0.00500
10	0.02208	0.01365	0.14422	0.01149	0.01652	0.01014	0.01077	0.05740	0.07781	0.54372	0.02012	0.01810	0.01305	0.00684	0.00570	0.00179	0.00552	0.00552	0.00611	0.00946
11	0.01365	0.00938	0.07148	0.00913	0.01205	0.00761	0.00780	0.01770	0.07941	0.22412	0.43615	0.03210	0.03625	0.00960	0.00629	0.00180	0.00391	0.00827	0.00615	0.00713
12	0.01936	0.00974	0.01225	0.00985	0.01334	0.00931	0.00795	0.14678	0.04176	0.39419	0.24180	0.02550	0.02541	0.00845	0.00605	0.00177	0.00445	0.00704	0.00657	0.00841

[dist]
# distance from previous block
# <min> <max>
9	13

[block]
# block no. 5 follows, 41 sequences, length 10
# corresponding to MSA columns:
# 199-208
name=unknown_F
#
# <colnr> <probs for GDERKNQSTAVLIFYWHMCP>
#	G	D	E	R	K	N	Q	S	T	A	V	L	I	F	Y	W	H	M	C	P
0	0.77499	0.01161	0.00941	0.00835	0.01199	0.01301	0.00675	0.01814	0.01078	0.07471	0.00988	0.01129	0.00763	0.00605	0.00411	0.00194	0.00478	0.00359	0.00408	0.00691
1	0.00901	0.00674	0.00826	0.00785	0.00790	0.00762	0.00515	0.00932	0.00843	0.01164	0.01614	0.03255	0.01826	0.63055	0.06389	0.00522	0.13652	0.00766	0.00329	0.00401
2	0.01186	0.01017	0.01186	0.00847	0.01356	0.00762	0.00678	0.01440	0.01186	0.01864	0.01017	0.01186	0.00847	0.00424	0.00424	0.00085	0.00424	0.00339	0.00339	0.83395
3	0.02084	0.02435	0.01643	0.05754	0.01891	0.60122	0.01129	0.14807	0.01780	0.01788	0.00977	0.01119	0.00779	0.00605	0.00529	0.00154	0.00946	0.00402	0.00341	0.00716
4	0.00786	0.00584	0.00731	0.00695	0.00840	0.00530	0.00521	0.01033	0.01563	0.02160	0.63467	0.04493	0.18042	0.01219	0.00675	0.00182	0.00273	0.01065	0.00612	0.00530
5	0.01423	0.01229	0.01293	0.01164	0.01487	0.01423	0.00905	0.03039	0.75297	0.02393	0.02328	0.02134	0.01746	0.00776	0.00582	0.00194	0.00453	0.00647	0.00582	0.00905
6	0.00862	0.00630	0.00861	0.03614	0.01113	0.00616	0.00751	0.01121	0.01429	0.01933	0.33920	0.08309	0.06677	0.01375	0.00727	0.00222	0.00410	0.34337	0.00561	0.00532
7	0.02566	0.00973	0.01327	0.01018	0.01460	0.00841	0.00841	0.02788	0.01637	0.76726	0.02257	0.01947	0.01416	0.00708	0.00575	0.00177	0.00487	0.00575	0.00708	0.00973
8	0.01186	0.01017	0.01186	0.00847	0.01356	0.00762	0.00678	0.01440	0.01186	0.01864	0.01017	0.01186	0.00847	0.00424	0.00424	0.00085	0.00424	0.00339	0.00339	0.83395
9	0.04061	0.58886	0.06006	0.01056	0.01521	0.08684	0.01019	0.04364	0.01257	0.03750	0.00910	0.01046	0.00790	0.00680	0.03752	0.00167	0.00691	0.00346	0.00280	0.00735

[dist]
# distance from previous block
# <min> <max>
0	4

[block]
# block no. 6 follows, 41 sequences, length 15
# corresponding to MSA columns:
# 213-227
name=unknown_G
#
# <colnr> <probs for GDERKNQSTAVLIFYWHMCP>
#	G	D	E	R	K	N	Q	S	T	A	V	L	I	F	Y	W	H	M	C	P
0	0.01804	0.14470	0.01786	0.01153	0.01614	0.01621	0.00971	0.41607	0.08248	0.02777	0.01286	0.01324	0.00973	0.00608	0.00509	0.00148	0.00570	0.00456	0.00472	0.17604
1	0.01988	0.01531	0.01724	0.01354	0.01719	0.01769	0.01120	0.59643	0.02322	0.03154	0.01247	0.01349	0.00928	0.00750	0.00836	0.00188	0.16456	0.00512	0.00507	0.00903
2	0.03652	0.01581	0.16766	0.07627	0.02356	0.01210	0.28421	0.01647	0.01250	0.01833	0.04658	0.01493	0.01033	0.00542	0.00618	0.00166	0.03775	0.00532	0.00306	0.20533
3	0.26969	0.05871	0.01332	0.01032	0.01383	0.03719	0.00837	0.30894	0.01740	0.05378	0.01474	0.14158	0.01325	0.00808	0.00518	0.00180	0.00529	0.00621	0.00476	0.00757
4	0.01352	0.01341	0.01264	0.00994	0.01414	0.16327	0.00776	0.01571	0.01258	0.01729	0.01105	0.05732	0.00993	0.00557	0.00512	0.00112	0.03315	0.00426	0.00338	0.58886
5	0.00852	0.00633	0.00731	0.00724	0.00891	0.00584	0.00535	0.01141	0.07324	0.04899	0.22378	0.19754	0.34712	0.01363	0.00675	0.00197	0.00315	0.01177	0.00567	0.00548
6	0.07676	0.01119	0.01038	0.00960	0.01164	0.16261	0.00736	0.01551	0.01471	0.10721	0.31804	0.12090	0.03175	0.01036	0.00658	0.00185	0.03110	0.04109	0.00521	0.00615
7	0.01096	0.01418	0.17051	0.03775	0.01979	0.01049	0.24272	0.04171	0.01443	0.02002	0.25525	0.03921	0.08118	0.00821	0.00642	0.00186	0.00637	0.00785	0.00421	0.00688
8	0.01880	0.04776	0.01807	0.12047	0.20761	0.27250	0.01274	0.04601	0.01500	0.16840	0.01241	0.01386	0.00928	0.00590	0.00544	0.00165	0.00767	0.00467	0.00378	0.00797
9	0.01530	0.01193	0.04208	0.10541	0.06306	0.01084	0.25554	0.01860	0.01329	0.19155	0.01475	0.04232	0.01116	0.00655	0.00651	0.03395	0.00676	0.00598	0.05226	0.09215
10	0.18188	0.61237	0.05425	0.00958	0.01434	0.02029	0.00950	0.01710	0.01126	0.01611	0.00804	0.00931	0.00710	0.00500	0.00371	0.00136	0.00587	0.00311	0.00267	0.00715
11	0.01392	0.01360	0.01296	0.04954	0.01560	0.16366	0.00822	0.05081	0.01339	0.01810	0.01132	0.05756	0.00998	0.00557	0.00475	0.00116	0.00568	0.00437	0.00348	0.53633
12	0.04656	0.02156	0.01115	0.00895	0.01225	0.00935	0.00705	0.16090	0.04463	0.02292	0.18758	0.09009	0.09069	0.00875	0.00562	0.00155	0.00415	0.00732	0.00495	0.25397
13	0.01447	0.01284	0.01716	0.01411	0.01790	0.01408	0.15743	0.02787	0.57820	0.04818	0.02089	0.02008	0.01557	0.00714	0.00601	0.00193	0.00557	0.00650	0.00527	0.00881
14	0.01368	0.17547	0.08190	0.02022	0.02571	0.01619	0.50827	0.01783	0.01278	0.01709	0.01054	0.01379	0.00825	0.00514	0.00665	0.00181	0.04856	0.00574	0.00275	0.00761

[dist]
# distance from previous block
# <min> <max>
0	1

[block]
# block no. 7 follows, 41 sequences, length 10
# corresponding to MSA columns:
# 229-238
name=unknown_H
#
# <colnr> <probs for GDERKNQSTAVLIFYWHMCP>
#	G	D	E	R	K	N	Q	S	T	A	V	L	I	F	Y	W	H	M	C	P
0	0.02046	0.01220	0.01373	0.01078	0.01465	0.01279	0.00882	0.40994	0.02112	0.22023	0.01701	0.01677	0.01188	0.00688	0.00537	0.00165	0.00518	0.00534	0.17638	0.00882
1	0.00779	0.00553	0.00614	0.00652	0.00787	0.00499	0.00478	0.00948	0.01243	0.01683	0.07008	0.23305	0.36381	0.01368	0.00638	0.00193	0.00306	0.04496	0.17574	0.00493
2	0.00753	0.00544	0.00723	0.03940	0.00936	0.00525	0.00553	0.00887	0.01172	0.01588	0.17937	0.51162	0.03776	0.11546	0.00990	0.00261	0.00365	0.01357	0.00517	0.00472
3	0.06059	0.03577	0.01554	0.01215	0.01634	0.19766	0.00974	0.33867	0.04786	0.02563	0.01176	0.01248	0.00896	0.00600	0.00512	0.00148	0.00667	0.00433	0.00439	0.17886
4	0.01254	0.06232	0.42891	0.02058	0.17636	0.01434	0.09690	0.01757	0.01210	0.01762	0.01014	0.01276	0.00780	0.00569	0.00677	0.00184	0.08028	0.00469	0.00256	0.00824
5	0.01850	0.01490	0.01952	0.01478	0.01938	0.01583	0.16130	0.46900	0.09008	0.02995	0.01420	0.01499	0.01036	0.00640	0.00581	0.00173	0.00660	0.00553	0.03605	0.04508
6	0.01335	0.00779	0.00972	0.00861	0.01104	0.00740	0.00677	0.04460	0.08412	0.20374	0.34153	0.05880	0.11780	0.01075	0.00646	0.00188	0.00372	0.04882	0.00622	0.00687
7	0.01184	0.00715	0.00918	0.04248	0.01200	0.00668	0.00736	0.01432	0.03153	0.17176	0.08465	0.08173	0.26043	0.01278	0.00685	0.00211	0.00426	0.22111	0.00562	0.00617
8	0.01542	0.21181	0.36719	0.01395	0.02024	0.08700	0.01536	0.16821	0.01541	0.02032	0.01029	0.01156	0.00779	0.00564	0.00505	0.00162	0.00762	0.00409	0.00315	0.00828
9	0.18388	0.01179	0.01538	0.01138	0.01622	0.01080	0.13279	0.08291	0.01309	0.02164	0.01028	0.01211	0.00815	0.00480	0.00466	0.00130	0.00539	0.00407	0.00355	0.44581

[dist]
# distance from previous block
# <min> <max>
2	31

[block]
# block no. 8 follows, 41 sequences, length 10
# corresponding to MSA columns:
# 273-282
name=unknown_I
#
# <colnr> <probs for GDERKNQSTAVLIFYWHMCP>
#	G	D	E	R	K	N	Q	S	T	A	V	L	I	F	Y	W	H	M	C	P
0	0.01883	0.03668	0.01687	0.01529	0.08103	0.29198	0.01124	0.28005	0.01847	0.02224	0.01129	0.01320	0.00905	0.01008	0.08216	0.00241	0.06279	0.00465	0.00391	0.00780
1	0.01663	0.01386	0.08838	0.01195	0.01588	0.01297	0.03456	0.28981	0.14829	0.10116	0.01753	0.07235	0.01448	0.10089	0.00857	0.00225	0.00581	0.00650	0.00509	0.03305
2	0.06585	0.01432	0.05941	0.11376	0.20679	0.01387	0.33866	0.01708	0.01248	0.01807	0.01109	0.03099	0.00897	0.00566	0.00688	0.00190	0.05778	0.00590	0.00288	0.00766
3	0.02001	0.01469	0.01655	0.08858	0.01938	0.01600	0.01092	0.58064	0.02366	0.06407	0.01347	0.01397	0.00961	0.00654	0.00560	0.00167	0.00619	0.00502	0.00527	0.07816
4	0.01683	0.02025	0.08153	0.20617	0.04072	0.37021	0.01287	0.09410	0.01569	0.01752	0.06183	0.01438	0.01093	0.00629	0.00550	0.00166	0.00846	0.00472	0.00332	0.00701
5	0.08289	0.01082	0.08558	0.10576	0.03203	0.00993	0.00996	0.01695	0.14120	0.06634	0.06315	0.02984	0.06686	0.06256	0.07442	0.00286	0.00626	0.12151	0.00442	0.00667
6	0.01676	0.07496	0.04993	0.09238	0.06299	0.27303	0.01204	0.13900	0.01545	0.01821	0.01283	0.01481	0.05608	0.00709	0.00747	0.00176	0.12973	0.00487	0.00339	0.00722
7	0.01482	0.01070	0.01444	0.11473	0.01826	0.01143	0.07300	0.09241	0.23398	0.13619	0.07168	0.08901	0.01897	0.00849	0.00608	0.00192	0.00534	0.03683	0.03391	0.00783
8	0.04334	0.26553	0.11787	0.06276	0.09103	0.05453	0.01166	0.01600	0.01239	0.03689	0.07889	0.01848	0.08582	0.00714	0.00624	0.00167	0.07405	0.00534	0.00330	0.00707
9	0.01239	0.01152	0.01860	0.51377	0.09716	0.01342	0.07757	0.06026	0.10375	0.01770	0.01216	0.01583	0.00917	0.00591	0.00582	0.00188	0.00727	0.00540	0.00319	0.00724

[dist]
# distance from previous block
# <min> <max>
0	23

[block]
# block no. 9 follows, 41 sequences, length 7
# corresponding to MSA columns:
# 306-312
name=unknown_J
#
# <colnr> <probs for GDERKNQSTAVLIFYWHMCP>
#	G	D	E	R	K	N	Q	S	T	A	V	L	I	F	Y	W	H	M	C	P
0	0.21829	0.06479	0.02266	0.19893	0.07072	0.01413	0.29642	0.01695	0.01193	0.01898	0.01006	0.01337	0.00775	0.00518	0.00544	0.00182	0.00747	0.00511	0.00294	0.00707
1	0.06718	0.01305	0.04106	0.01699	0.02077	0.01311	0.33991	0.01694	0.07641	0.01809	0.01391	0.10833	0.01253	0.00754	0.00835	0.00198	0.14085	0.00700	0.00344	0.07258
2	0.01407	0.01420	0.02222	0.08917	0.48580	0.06473	0.07241	0.01715	0.01250	0.01728	0.01015	0.01384	0.00857	0.00593	0.00771	0.00184	0.12638	0.00512	0.00277	0.00815
3	0.01093	0.00930	0.01066	0.01072	0.06046	0.04995	0.00755	0.06996	0.02773	0.03580	0.07488	0.22208	0.21953	0.01188	0.00750	0.00192	0.07635	0.00989	0.00474	0.07817
4	0.01718	0.01321	0.05419	0.07221	0.01659	0.09362	0.00958	0.13051	0.08719	0.20428	0.03155	0.07838	0.01480	0.07020	0.00753	0.00202	0.00589	0.00627	0.00493	0.07985
5	0.01650	0.01280	0.01451	0.08266	0.01781	0.01382	0.00985	0.25412	0.29233	0.06370	0.01681	0.01668	0.01242	0.00667	0.00551	0.00168	0.00534	0.00537	0.00515	0.14628
6	0.07593	0.01207	0.03913	0.11930	0.05306	0.01265	0.23753	0.03459	0.01254	0.01836	0.10661	0.08565	0.01641	0.00796	0.00836	0.00201	0.14052	0.00705	0.00353	0.00674

[dist]
# distance from previous block
# <min> <max>
18	25

[block]
# block no. 10 follows, 41 sequences, length 19
# corresponding to MSA columns:
# 347-365
name=unknown_K
#
# <colnr> <probs for GDERKNQSTAVLIFYWHMCP>
#	G	D	E	R	K	N	Q	S	T	A	V	L	I	F	Y	W	H	M	C	P
0	0.02566	0.00973	0.01327	0.01018	0.01460	0.00841	0.00841	0.02788	0.01637	0.76726	0.02257	0.01947	0.01416	0.00708	0.00575	0.00177	0.00487	0.00575	0.00708	0.00973
1	0.00723	0.00509	0.00656	0.00763	0.00790	0.00482	0.00496	0.00803	0.01045	0.01393	0.02893	0.64967	0.03456	0.16796	0.01149	0.00294	0.00375	0.01473	0.00496	0.00442
2	0.02000	0.02438	0.01558	0.01414	0.01714	0.62968	0.01067	0.02429	0.15774	0.01591	0.01162	0.01243	0.00931	0.00625	0.00528	0.00156	0.00920	0.00422	0.00350	0.00710
3	0.05601	0.01034	0.01300	0.01039	0.01452	0.00985	0.00846	0.02798	0.17619	0.57579	0.02213	0.01946	0.01456	0.00716	0.00568	0.00181	0.00478	0.00580	0.00666	0.00944
4	0.01378	0.01107	0.01209	0.01091	0.01359	0.01262	0.00836	0.06145	0.57368	0.02184	0.02024	0.02020	0.01563	0.01004	0.00899	0.16169	0.00470	0.00611	0.00517	0.00782
5	0.03639	0.10954	0.01638	0.01256	0.01573	0.36828	0.00998	0.10575	0.07350	0.05355	0.08054	0.01659	0.01379	0.00706	0.00580	0.00163	0.03439	0.02733	0.00401	0.00723
6	0.02028	0.00977	0.01417	0.01443	0.15733	0.00886	0.00962	0.02281	0.01570	0.48895	0.15361	0.02265	0.02037	0.00753	0.00591	0.00176	0.00485	0.00646	0.00612	0.00882
7	0.01147	0.00659	0.00873	0.00777	0.00971	0.00598	0.00598	0.01408	0.01623	0.16592	0.61857	0.03826	0.04632	0.01081	0.00656	0.00179	0.00312	0.00946	0.00645	0.00623
8	0.01290	0.01380	0.06835	0.07960	0.40687	0.05287	0.08685	0.01644	0.01368	0.01889	0.15465	0.01951	0.01734	0.00645	0.00594	0.00175	0.00664	0.00614	0.00346	0.00786
9	0.04301	0.01074	0.01825	0.66183	0.08081	0.01288	0.06225	0.01511	0.01160	0.01552	0.01021	0.01497	0.00772	0.00561	0.00570	0.00189	0.00758	0.00511	0.00262	0.00660
10	0.00755	0.00561	0.00655	0.00674	0.00774	0.00515	0.00466	0.00884	0.01212	0.01583	0.19256	0.18670	0.26587	0.21460	0.01259	0.00292	0.00367	0.03067	0.00505	0.00458
11	0.01172	0.01160	0.02053	0.10624	0.12651	0.01301	0.20789	0.01467	0.01112	0.01573	0.01198	0.05221	0.01077	0.01412	0.15720	0.00344	0.19536	0.00623	0.00290	0.00676
12	0.01860	0.01382	0.01497	0.01211	0.01602	0.01530	0.00979	0.43753	0.24713	0.06543	0.07357	0.01852	0.01564	0.00751	0.00583	0.00179	0.00542	0.00597	0.00586	0.00919
13	0.09027	0.00964	0.01487	0.51360	0.07638	0.01137	0.01304	0.01428	0.01229	0.01753	0.15409	0.01989	0.01648	0.00679	0.00570	0.00186	0.00632	0.00590	0.00338	0.00633
14	0.00948	0.01206	0.15831	0.06541	0.01698	0.00898	0.11131	0.01233	0.01149	0.01592	0.03697	0.38137	0.02334	0.03879	0.00798	0.00221	0.04457	0.01057	0.00400	0.02793
15	0.04668	0.01732	0.16967	0.05513	0.02597	0.01410	0.40594	0.06185	0.08875	0.02002	0.01239	0.01495	0.00920	0.00541	0.00611	0.00186	0.00827	0.00584	0.00329	0.02726
16	0.01509	0.01393	0.04315	0.01192	0.01611	0.07596	0.05240	0.21292	0.01641	0.02263	0.04253	0.03483	0.01215	0.00664	0.00616	0.00149	0.05607	0.03379	0.00410	0.32171
17	0.05893	0.03785	0.36569	0.01316	0.01909	0.01191	0.06220	0.09266	0.01388	0.03997	0.02002	0.02069	0.15260	0.00723	0.00559	0.00175	0.00659	0.00589	0.00360	0.06071
18	0.06511	0.12949	0.44647	0.16329	0.05369	0.01443	0.01748	0.01720	0.01178	0.01731	0.00980	0.01219	0.00733	0.00539	0.00514	0.00174	0.00765	0.00419	0.00253	0.00778

[dist]
# distance from previous block
# <min> <max>
12	23

[block]
# block no. 11 follows, 41 sequences, length 19
# corresponding to MSA columns:
# 390-408
name=unknown_L
#
# <colnr> <probs for GDERKNQSTAVLIFYWHMCP>
#	G	D	E	R	K	N	Q	S	T	A	V	L	I	F	Y	W	H	M	C	P
0	0.08027	0.02447	0.01736	0.01594	0.05473	0.62282	0.06859	0.02178	0.01537	0.01542	0.00909	0.01083	0.00747	0.00573	0.00519	0.00154	0.00966	0.00395	0.00298	0.00680
1	0.07926	0.01131	0.01248	0.00964	0.01384	0.01078	0.00776	0.21528	0.04902	0.02483	0.12070	0.01708	0.01565	0.00628	0.00502	0.00135	0.00461	0.00500	0.00457	0.38555
2	0.07304	0.14169	0.13231	0.31680	0.12124	0.01467	0.01454	0.01761	0.08317	0.01718	0.01100	0.01380	0.00855	0.00563	0.00519	0.00175	0.00687	0.00462	0.00293	0.00742
3	0.01383	0.08762	0.01886	0.02226	0.39741	0.01182	0.01252	0.01663	0.01307	0.07716	0.07212	0.06744	0.01465	0.00646	0.00543	0.00157	0.00560	0.00582	0.00366	0.14606
4	0.01474	0.01447	0.04753	0.01715	0.07513	0.07185	0.26792	0.01949	0.08474	0.08215	0.01292	0.01473	0.00981	0.00526	0.00562	0.00156	0.00704	0.00525	0.00365	0.23901
5	0.01463	0.01325	0.02078	0.03738	0.44814	0.01363	0.07427	0.12756	0.08634	0.02140	0.01412	0.07685	0.01220	0.00662	0.00591	0.00180	0.00647	0.00626	0.00375	0.00866
6	0.01556	0.01619	0.03234	0.18571	0.06294	0.14827	0.21904	0.13905	0.01541	0.01952	0.01083	0.01380	0.00833	0.00580	0.00648	0.00178	0.04657	0.00523	0.00329	0.04387
7	0.01048	0.00971	0.01582	0.01461	0.07682	0.00954	0.19053	0.01532	0.13982	0.01762	0.02613	0.30811	0.10655	0.01127	0.00667	0.00204	0.00535	0.01063	0.00456	0.01841
8	0.01603	0.01150	0.01334	0.01111	0.01410	0.01227	0.00879	0.34574	0.01847	0.07973	0.01848	0.22989	0.01766	0.02127	0.00746	0.00193	0.07150	0.00812	0.00518	0.08744
9	0.20771	0.07968	0.01457	0.01178	0.04277	0.16946	0.00909	0.09560	0.12254	0.13248	0.05084	0.01506	0.01220	0.00648	0.00500	0.00168	0.00604	0.00474	0.00452	0.00775
10	0.01244	0.01142	0.01952	0.20004	0.42516	0.01191	0.05118	0.01538	0.01242	0.01726	0.07415	0.01720	0.01261	0.00721	0.00743	0.08201	0.00660	0.00561	0.00303	0.00743
11	0.17621	0.00754	0.00862	0.00934	0.07277	0.00752	0.00630	0.01179	0.01304	0.02008	0.28797	0.03661	0.19729	0.08656	0.00821	0.00221	0.00380	0.03369	0.00491	0.00555
12	0.08288	0.01475	0.03182	0.07852	0.52029	0.07845	0.01548	0.07538	0.01401	0.01996	0.01056	0.01344	0.00861	0.00537	0.00545	0.00170	0.00694	0.00480	0.00310	0.00848
13	0.05348	0.01261	0.01733	0.33333	0.23833	0.07536	0.01390	0.07349	0.01313	0.01762	0.01116	0.01626	0.00938	0.08214	0.00781	0.00214	0.00715	0.00519	0.00305	0.00713
14	0.01465	0.01335	0.01814	0.08250	0.30813	0.05215	0.01327	0.13196	0.07240	0.01982	0.01229	0.01655	0.01053	0.08298	0.00987	0.00222	0.12236	0.00544	0.00352	0.00787
15	0.01167	0.01038	0.01476	0.12909	0.01882	0.01039	0.10266	0.03139	0.18107	0.01946	0.09004	0.11308	0.01849	0.00778	0.00579	0.00168	0.00529	0.00706	0.00431	0.21678
16	0.05804	0.21345	0.07874	0.06982	0.01955	0.12489	0.07345	0.19363	0.07839	0.02131	0.01140	0.01266	0.00884	0.00587	0.00509	0.00162	0.00713	0.00449	0.00368	0.00795
17	0.01577	0.00919	0.01282	0.13661	0.06628	0.00926	0.00960	0.09663	0.01474	0.25880	0.02184	0.25153	0.02018	0.01033	0.00629	0.00198	0.00515	0.04027	0.00531	0.00743
18	0.08063	0.07046	0.01923	0.09227	0.01989	0.01494	0.14272	0.10487	0.12061	0.08171	0.01313	0.01509	0.01007	0.00724	0.01635	0.00200	0.15596	0.00534	0.01982	0.00767

[dist]
# distance from previous block
# <min> <max>
16	21

[block]
# block no. 12 follows, 41 sequences, length 27
# corresponding to MSA columns:
# 430-456
name=unknown_M
#
# <colnr> <probs for GDERKNQSTAVLIFYWHMCP>
#	G	D	E	R	K	N	Q	S	T	A	V	L	I	F	Y	W	H	M	C	P
0	0.39034	0.03652	0.01446	0.07831	0.10475	0.02881	0.01007	0.20998	0.03353	0.02643	0.01091	0.01256	0.00841	0.00612	0.00487	0.00183	0.00580	0.00431	0.00413	0.00785
1	0.01825	0.14793	0.01899	0.01359	0.01743	0.32909	0.05617	0.08820	0.14920	0.01884	0.01254	0.01358	0.01005	0.00628	0.00532	0.00161	0.00780	0.00455	0.00384	0.07673
2	0.13934	0.01880	0.01991	0.06499	0.04319	0.30492	0.20388	0.03531	0.01428	0.01839	0.01030	0.01284	0.00823	0.00570	0.00554	0.00172	0.00852	0.00471	0.00326	0.07617
3	0.01858	0.01413	0.01549	0.01221	0.01610	0.01532	0.00995	0.51544	0.02238	0.03030	0.01868	0.01915	0.09871	0.00812	0.00698	0.00182	0.07099	0.00596	0.01921	0.08048
4	0.08851	0.01524	0.01547	0.01235	0.01636	0.05672	0.00999	0.53891	0.03797	0.03252	0.10182	0.01743	0.01514	0.00759	0.00584	0.00181	0.00605	0.00570	0.00561	0.00897
5	0.00877	0.00666	0.00819	0.00879	0.00990	0.00634	0.00610	0.01154	0.09898	0.01651	0.02910	0.63305	0.03322	0.01581	0.00707	0.00224	0.00372	0.01410	0.00536	0.07454
6	0.16533	0.44639	0.12981	0.01033	0.01508	0.01763	0.01043	0.01678	0.01219	0.01796	0.09766	0.01429	0.01310	0.00619	0.00449	0.00157	0.00590	0.00427	0.00327	0.00731
7	0.00826	0.00598	0.00778	0.00788	0.00895	0.00558	0.00569	0.01024	0.01441	0.02012	0.47836	0.26689	0.05894	0.01584	0.05538	0.00251	0.00387	0.01199	0.00593	0.00541
8	0.00697	0.00498	0.00664	0.00796	0.00830	0.00465	0.00531	0.00796	0.01095	0.01460	0.03153	0.79525	0.03783	0.01792	0.00730	0.00232	0.00332	0.01626	0.00531	0.00465
9	0.01428	0.01489	0.02428	0.14887	0.32376	0.08536	0.22456	0.03905	0.01349	0.01786	0.01071	0.01428	0.00854	0.00538	0.00631	0.00180	0.03029	0.00544	0.00289	0.00795
10	0.06579	0.05947	0.01889	0.01443	0.01685	0.01474	0.14903	0.07684	0.04558	0.05364	0.01301	0.09212	0.01183	0.00861	0.01076	0.00209	0.30507	0.00635	0.02790	0.00699
11	0.01090	0.00677	0.00939	0.01015	0.01173	0.00657	0.00863	0.01331	0.01337	0.10556	0.04366	0.13683	0.03164	0.01492	0.00756	0.00248	0.00496	0.55033	0.00551	0.00573
12	0.00748	0.00597	0.00677	0.00725	0.00858	0.00553	0.00517	0.00995	0.07376	0.01578	0.04321	0.38426	0.37465	0.01547	0.00692	0.00211	0.00322	0.01348	0.00535	0.00510
13	0.21554	0.04978	0.06292	0.03213	0.01734	0.14009	0.09466	0.01694	0.01115	0.01749	0.00855	0.01160	0.00728	0.00700	0.00970	0.00198	0.28197	0.00439	0.00287	0.00665
14	0.01263	0.18337	0.42030	0.06498	0.02467	0.01540	0.16620	0.01773	0.01223	0.01698	0.01005	0.01237	0.00758	0.00522	0.00536	0.00172	0.00817	0.00456	0.00253	0.00794
15	0.00802	0.00579	0.00758	0.00724	0.00853	0.00535	0.00539	0.01062	0.01586	0.02241	0.71458	0.08992	0.05296	0.01208	0.00678	0.00183	0.00274	0.01072	0.00623	0.00535
16	0.03256	0.11828	0.55737	0.01709	0.06789	0.01449	0.07933	0.01795	0.01214	0.01780	0.01007	0.01207	0.00746	0.00530	0.00530	0.00174	0.00808	0.00432	0.00251	0.00824
17	0.11191	0.01325	0.06430	0.09722	0.01903	0.01482	0.06877	0.05177	0.05049	0.09652	0.01104	0.01388	0.00877	0.00773	0.01113	0.00212	0.34157	0.00504	0.00346	0.00719
18	0.01265	0.26829	0.54097	0.01429	0.02164	0.01617	0.01763	0.01781	0.01194	0.01668	0.00955	0.01118	0.00727	0.00527	0.00489	0.00163	0.00773	0.00387	0.00242	0.00811
19	0.00846	0.00866	0.09776	0.00975	0.01164	0.00651	0.00867	0.01093	0.01250	0.01666	0.07924	0.29581	0.09492	0.01489	0.00724	0.00232	0.00463	0.29898	0.00502	0.00541
20	0.01327	0.23541	0.53018	0.01422	0.02151	0.01552	0.01740	0.01838	0.01219	0.05770	0.01032	0.01170	0.00765	0.00538	0.00498	0.00165	0.00763	0.00400	0.00268	0.00823
21	0.11178	0.09839	0.40541	0.01349	0.01983	0.01452	0.01521	0.10348	0.09139	0.05669	0.01212	0.01298	0.00882	0.00585	0.00513	0.00175	0.00692	0.00439	0.00351	0.00835
22	0.00884	0.00673	0.00918	0.00938	0.01057	0.00751	0.00726	0.01242	0.09776	0.01514	0.02052	0.13988	0.02055	0.05330	0.45825	0.00643	0.01079	0.09599	0.00400	0.00548
23	0.06429	0.06369	0.47761	0.01352	0.01993	0.01291	0.01588	0.09452	0.01402	0.02072	0.10110	0.01748	0.04689	0.00670	0.00547	0.00177	0.00692	0.00527	0.00343	0.00787
24	0.01310	0.01276	0.01679	0.45849	0.06885	0.10235	0.03063	0.05939	0.01307	0.01668	0.01028	0.01403	0.00799	0.00573	0.00569	0.01401	0.00730	0.00470	0.00293	0.13523
25	0.01400	0.09365	0.01444	0.01044	0.01286	0.00999	0.08913	0.10998	0.01286	0.09802	0.01446	0.08125	0.01275	0.01198	0.01149	0.29764	0.00541	0.00605	0.08780	0.00580
26	0.01354	0.01256	0.01517	0.06156	0.01772	0.05314	0.09595	0.02509	0.48952	0.02122	0.02283	0.02441	0.06078	0.00809	0.00608	0.00196	0.00558	0.05165	0.00505	0.00811

[dist]
# distance from previous block
# <min> <max>
5	10

[block]
# block no. 13 follows, 41 sequences, length 36
# corresponding to MSA columns:
# 469-504
name=unknown_N
#
# <colnr> <probs for GDERKNQSTAVLIFYWHMCP>
#	G	D	E	R	K	N	Q	S	T	A	V	L	I	F	Y	W	H	M	C	P
0	0.25062	0.01162	0.06183	0.06054	0.12029	0.01133	0.01006	0.05021	0.04430	0.05361	0.01206	0.01486	0.00977	0.01382	0.17588	0.00334	0.00773	0.00463	0.00355	0.07994
1	0.03293	0.00868	0.01191	0.01123	0.04965	0.00837	0.07190	0.05835	0.07387	0.05381	0.09019	0.24140	0.12463	0.01155	0.00669	0.01679	0.00451	0.04131	0.00494	0.07729
2	0.03308	0.04204	0.02295	0.01705	0.03374	0.01272	0.35798	0.01535	0.01155	0.01649	0.01169	0.01757	0.01034	0.11512	0.05273	0.00273	0.11434	0.00604	0.00298	0.10350
3	0.07859	0.01468	0.07722	0.09976	0.08041	0.06987	0.07590	0.19464	0.06109	0.02236	0.01464	0.11959	0.01292	0.00754	0.00572	0.00180	0.00650	0.00644	0.00409	0.04623
4	0.13443	0.01462	0.01507	0.18890	0.02121	0.11749	0.01100	0.24951	0.08653	0.08717	0.01308	0.01418	0.00952	0.00635	0.00535	0.00176	0.00659	0.00482	0.00443	0.00797
5	0.01412	0.01664	0.12407	0.01946	0.02488	0.01441	0.42296	0.11589	0.01458	0.02034	0.01123	0.01420	0.00852	0.00556	0.00723	0.00184	0.07426	0.00576	0.00322	0.08081
6	0.79884	0.01131	0.00884	0.00780	0.01139	0.01307	0.00643	0.05288	0.01059	0.02618	0.00825	0.00951	0.00637	0.00539	0.00365	0.00177	0.00452	0.00320	0.00365	0.00637
7	0.00704	0.00516	0.00661	0.00760	0.00824	0.00474	0.00519	0.00824	0.01169	0.01544	0.09805	0.62999	0.13718	0.01692	0.00718	0.00222	0.00321	0.01518	0.00540	0.00474
8	0.01446	0.01189	0.01261	0.01112	0.01410	0.01354	0.00855	0.12594	0.55187	0.02386	0.02125	0.02247	0.01684	0.11481	0.00896	0.00240	0.00491	0.00654	0.00549	0.00839
9	0.72715	0.01094	0.00959	0.11287	0.01490	0.01281	0.00751	0.01652	0.00996	0.02417	0.00826	0.01010	0.00639	0.00537	0.00383	0.00179	0.00486	0.00337	0.00340	0.00622
10	0.01014	0.00696	0.00772	0.00718	0.00780	0.00720	0.00447	0.10800	0.01083	0.01447	0.01744	0.03422	0.01930	0.69168	0.02594	0.00503	0.00565	0.00789	0.00377	0.00431
11	0.01527	0.01243	0.01312	0.01126	0.01469	0.01391	0.00891	0.22277	0.45401	0.02610	0.02536	0.02382	0.11606	0.00843	0.00592	0.00188	0.00479	0.00687	0.00572	0.00867
12	0.00890	0.00616	0.00826	0.00850	0.00933	0.00619	0.00615	0.01046	0.01253	0.06282	0.22837	0.47425	0.03818	0.01487	0.00805	0.00216	0.07106	0.01303	0.00545	0.00530
13	0.02040	0.01295	0.01467	0.01166	0.01557	0.01369	0.00945	0.47412	0.02216	0.19327	0.01817	0.12099	0.01460	0.00841	0.00591	0.00180	0.00551	0.00679	0.02091	0.00896
14	0.00950	0.00562	0.00754	0.00826	0.00915	0.00516	0.00573	0.01066	0.01169	0.11655	0.03031	0.69016	0.03462	0.01645	0.00709	0.00225	0.00353	0.01484	0.00555	0.00534
15	0.00777	0.00560	0.00736	0.00741	0.00847	0.00518	0.00537	0.00999	0.01470	0.02056	0.55276	0.25701	0.04937	0.01347	0.00690	0.00195	0.00288	0.01203	0.00602	0.00518
16	0.21280	0.01472	0.01472	0.01193	0.01568	0.04958	0.00976	0.41521	0.08483	0.02964	0.01246	0.01310	0.00928	0.00681	0.00632	0.00181	0.07344	0.00471	0.00482	0.00840
17	0.01850	0.01554	0.11697	0.01257	0.01720	0.01437	0.01123	0.28492	0.26621	0.15402	0.01796	0.01703	0.01273	0.00701	0.00572	0.00181	0.00575	0.00557	0.00554	0.00933
18	0.00712	0.00518	0.00694	0.00801	0.00853	0.00500	0.00551	0.00828	0.01083	0.01447	0.03077	0.65034	0.07395	0.02112	0.11144	0.00323	0.00492	0.01466	0.00501	0.00472
19	0.16620	0.00975	0.00944	0.07718	0.04728	0.07508	0.00712	0.05979	0.01285	0.02168	0.01441	0.01681	0.01128	0.00620	0.00435	0.00152	0.00450	0.00473	0.44370	0.00614
20	0.01080	0.01017	0.01716	0.78523	0.03940	0.01271	0.01589	0.01461	0.01144	0.01461	0.01017	0.01525	0.00762	0.00572	0.00572	0.00191	0.00762	0.00508	0.00254	0.00635
21	0.00727	0.00520	0.00695	0.00812	0.00863	0.00488	0.00566	0.00856	0.01162	0.01557	0.09745	0.66394	0.03887	0.01717	0.00730	0.00230	0.00343	0.07692	0.00540	0.00477
22	0.00899	0.00702	0.00940	0.11323	0.01346	0.00723	0.00732	0.01298	0.08823	0.02070	0.46873	0.11331	0.05314	0.01134	0.00662	0.00192	0.00373	0.04126	0.00558	0.00580
23	0.01229	0.01129	0.01731	0.36704	0.02702	0.01333	0.08451	0.11232	0.01348	0.01783	0.01680	0.01998	0.11004	0.00772	0.00823	0.00199	0.14255	0.00619	0.00337	0.00672
24	0.00855	0.00641	0.00912	0.00914	0.00998	0.00744	0.00701	0.01038	0.00972	0.01426	0.01793	0.16487	0.01810	0.03223	0.50014	0.00665	0.08017	0.00784	0.07492	0.00514
25	0.00694	0.00509	0.00652	0.00766	0.00821	0.00467	0.00517	0.00800	0.01125	0.01472	0.03529	0.68976	0.14089	0.01743	0.00722	0.00227	0.00326	0.01566	0.00531	0.00467
26	0.01364	0.01307	0.02229	0.14972	0.65269	0.01346	0.01730	0.01711	0.01278	0.01806	0.01067	0.01432	0.00884	0.00519	0.00567	0.00173	0.00692	0.00509	0.00279	0.00865
27	0.01269	0.02197	0.40138	0.02377	0.26753	0.01358	0.14114	0.01797	0.01263	0.01834	0.01065	0.01332	0.00808	0.00522	0.00573	0.00179	0.00811	0.00494	0.00263	0.00853
28	0.01764	0.01387	0.01654	0.22425	0.02324	0.01584	0.01198	0.43924	0.12976	0.02839	0.01416	0.01527	0.01029	0.00668	0.00574	0.00180	0.00640	0.00533	0.00487	0.00870
29	0.01199	0.13377	0.66967	0.01542	0.02340	0.01454	0.01960	0.01798	0.01202	0.01749	0.00995	0.01169	0.00726	0.00536	0.00520	0.00173	0.00814	0.00407	0.00242	0.00830
30	0.01003	0.05002	0.13825	0.00935	0.01235	0.00834	0.00860	0.01397	0.08513	0.05848	0.14270	0.19944	0.20483	0.01176	0.00637	0.00195	0.00437	0.02278	0.00497	0.00630
31	0.06319	0.01751	0.20259	0.02142	0.11687	0.01327	0.38342	0.01731	0.01260	0.01837	0.01183	0.05053	0.00963	0.00604	0.00655	0.02389	0.00827	0.00612	0.00291	0.00768
32	0.01191	0.00696	0.00895	0.00872	0.01034	0.00661	0.00639	0.07699	0.01414	0.15737	0.13579	0.47141	0.03334	0.01402	0.00679	0.00209	0.00378	0.01246	0.00582	0.00615
33	0.01124	0.01117	0.02054	0.48600	0.03312	0.01266	0.20274	0.01495	0.01181	0.01553	0.01230	0.08395	0.01056	0.00675	0.00670	0.00197	0.04208	0.00650	0.00287	0.00655
34	0.01277	0.01542	0.15326	0.16327	0.39448	0.01293	0.07973	0.01658	0.01227	0.01729	0.01059	0.01429	0.00851	0.00615	0.00675	0.05263	0.00737	0.00508	0.00269	0.00795
35	0.06220	0.02775	0.69004	0.01659	0.05638	0.01327	0.02006	0.01801	0.01197	0.01860	0.01015	0.01200	0.00726	0.00541	0.00533	0.00180	0.00813	0.00420	0.00250	0.00834

[dist]
# distance from previous block
# <min> <max>
5	8

[block]
# block no. 14 follows, 41 sequences, length 9
# corresponding to MSA columns:
# 513-521
name=unknown_O
#
# <colnr> <probs for GDERKNQSTAVLIFYWHMCP>
#	G	D	E	R	K	N	Q	S	T	A	V	L	I	F	Y	W	H	M	C	P
0	0.13743	0.07407	0.28525	0.07046	0.04108	0.01410	0.22741	0.01740	0.01210	0.01877	0.02659	0.01338	0.00861	0.00545	0.00576	0.00182	0.02498	0.00494	0.00283	0.00757
1	0.01185	0.04697	0.25148	0.01222	0.01667	0.01018	0.06471	0.01673	0.06309	0.08509	0.24612	0.02848	0.04172	0.00871	0.00616	0.00187	0.00570	0.07044	0.00460	0.00720
2	0.00890	0.00642	0.00804	0.00850	0.00947	0.00632	0.00599	0.09746	0.01353	0.01823	0.11971	0.60735	0.03643	0.01581	0.00704	0.00218	0.00360	0.01418	0.00548	0.00535
3	0.29762	0.01125	0.01373	0.10923	0.20740	0.03404	0.01050	0.05270	0.01284	0.02174	0.11844	0.05879	0.01588	0.00700	0.00517	0.00179	0.00538	0.00572	0.00382	0.00694
4	0.01359	0.34291	0.40286	0.01344	0.01995	0.01747	0.01568	0.05497	0.01254	0.01699	0.00940	0.01100	0.00742	0.00545	0.00520	0.00159	0.03512	0.00383	0.00260	0.00799
5	0.01299	0.01391	0.02530	0.01938	0.02215	0.01605	0.36264	0.01595	0.01103	0.01595	0.00946	0.01391	0.00807	0.00752	0.01301	0.00223	0.41495	0.00584	0.00269	0.00696
6	0.01106	0.01066	0.01873	0.71319	0.03850	0.01287	0.08466	0.01497	0.01163	0.01497	0.01030	0.01527	0.00772	0.00563	0.00582	0.00191	0.00782	0.00524	0.00257	0.00648
7	0.13037	0.01902	0.36833	0.08667	0.02138	0.01165	0.06745	0.01691	0.01218	0.07115	0.05129	0.09232	0.01315	0.00708	0.00556	0.00187	0.00683	0.00595	0.00344	0.00743
8	0.00719	0.00514	0.00689	0.00822	0.00865	0.00484	0.00570	0.00835	0.01117	0.01485	0.03140	0.72246	0.03734	0.01771	0.00736	0.00235	0.00351	0.08684	0.00531	0.00471

[dist]
# distance from previous block
# <min> <max>
0	1

[block]
# block no. 15 follows, 41 sequences, length 18
# corresponding to MSA columns:
# 523-540
name=unknown_P
#
# <colnr> <probs for GDERKNQSTAVLIFYWHMCP>
#	G	D	E	R	K	N	Q	S	T	A	V	L	I	F	Y	W	H	M	C	P
0	0.01529	0.80242	0.02997	0.00979	0.01468	0.02263	0.00979	0.01713	0.01162	0.01346	0.00795	0.00918	0.00734	0.00489	0.00367	0.00122	0.00612	0.00306	0.00245	0.00734
1	0.02566	0.00973	0.01327	0.01018	0.01460	0.00841	0.00841	0.02788	0.01637	0.76726	0.02257	0.01947	0.01416	0.00708	0.00575	0.00177	0.00487	0.00575	0.00708	0.00973
2	0.00697	0.00498	0.00664	0.00796	0.00830	0.00465	0.00531	0.00796	0.01095	0.01460	0.03153	0.79525	0.03783	0.01792	0.00730	0.00232	0.00332	0.01626	0.00531	0.00465
3	0.01486	0.01260	0.01329	0.01177	0.01512	0.01452	0.00921	0.09068	0.69165	0.02495	0.02247	0.02070	0.01681	0.00768	0.00581	0.00192	0.00468	0.00636	0.00581	0.00911
