[name]
unknown

[dist]
# distance from previous block
# <min> <max>
0	511

[block]
# block no. 0 follows, 40 sequences, length 44
# corresponding to MSA columns:
# 724-767
name=unknown_A
#
# <colnr> <probs for GDERKNQSTAVLIFYWHMCP>
#	G	D	E	R	K	N	Q	S	T	A	V	L	I	F	Y	W	H	M	C	P
0	0.01654	0.78645	0.03088	0.01066	0.01566	0.02338	0.01036	0.01809	0.01248	0.01471	0.00919	0.01085	0.00849	0.00570	0.00421	0.00145	0.00656	0.00348	0.00286	0.00799
1	0.00846	0.00564	0.00634	0.00634	0.00634	0.00564	0.00352	0.00846	0.00846	0.01128	0.01832	0.03805	0.02114	0.79563	0.02960	0.00564	0.00564	0.00846	0.00352	0.00352
2	0.01555	0.79913	0.03047	0.00995	0.01493	0.02301	0.00995	0.01741	0.01182	0.01368	0.00808	0.00933	0.00746	0.00498	0.00373	0.00124	0.00622	0.00311	0.00249	0.00746
3	0.01166	0.03008	0.76550	0.01657	0.02517	0.01351	0.02149	0.01842	0.01228	0.01842	0.01044	0.01228	0.00737	0.00552	0.00552	0.00184	0.00859	0.00430	0.00246	0.00859
4	0.01373	0.01569	0.03431	0.02451	0.03039	0.01471	0.73824	0.01863	0.01373	0.01863	0.01176	0.01569	0.00882	0.00490	0.00686	0.00196	0.00980	0.00686	0.00294	0.00784
5	0.01446	0.01249	0.01315	0.01183	0.01512	0.01446	0.00920	0.03090	0.74885	0.02433	0.02367	0.02170	0.01775	0.00789	0.00592	0.00197	0.00460	0.00657	0.00592	0.00920
6	0.02531	0.01007	0.01347	0.01045	0.01486	0.00894	0.00859	0.02851	0.06586	0.71370	0.02299	0.01992	0.01462	0.00724	0.00585	0.00181	0.00493	0.00590	0.00711	0.00985
7	0.01555	0.79913	0.03047	0.00995	0.01493	0.02301	0.00995	0.01741	0.01182	0.01368	0.00808	0.00933	0.00746	0.00498	0.00373	0.00124	0.00622	0.00311	0.00249	0.00746
8	0.01596	0.74727	0.02953	0.01029	0.01513	0.07338	0.01004	0.01780	0.01213	0.01372	0.00815	0.00941	0.00746	0.00504	0.00383	0.00126	0.00651	0.00315	0.00252	0.00741
9	0.01010	0.00505	0.00758	0.00758	0.00758	0.00505	0.00505	0.00758	0.00758	0.01010	0.01010	0.01768	0.01010	0.02020	0.02273	0.83081	0.00505	0.00505	0.00253	0.00253
10	0.01555	0.79913	0.03047	0.00995	0.01493	0.02301	0.00995	0.01741	0.01182	0.01368	0.00808	0.00933	0.00746	0.00498	0.00373	0.00124	0.00622	0.00311	0.00249	0.00746
11	0.00823	0.00594	0.00777	0.00732	0.00869	0.00549	0.00549	0.01097	0.01646	0.02332	0.75629	0.04344	0.05487	0.01189	0.00686	0.00183	0.00274	0.01052	0.00640	0.00549
12	0.01555	0.79913	0.03047	0.00995	0.01493	0.02301	0.00995	0.01741	0.01182	0.01368	0.00808	0.00933	0.00746	0.00498	0.00373	0.00124	0.00622	0.00311	0.00249	0.00746
13	0.00937	0.00669	0.00937	0.01071	0.01205	0.00669	0.00937	0.01205	0.01339	0.01740	0.03079	0.06560	0.03347	0.01606	0.00803	0.00268	0.00535	0.72021	0.00535	0.00535
14	0.02211	0.01629	0.01745	0.01338	0.01803	0.01803	0.01105	0.73997	0.02734	0.03665	0.01396	0.01396	0.00989	0.00698	0.00582	0.00175	0.00640	0.00524	0.00582	0.00989
15	0.06236	0.00628	0.00755	0.00713	0.00873	0.00590	0.00539	0.01100	0.01557	0.02240	0.60636	0.04302	0.15324	0.01187	0.00665	0.00185	0.00289	0.01029	0.00607	0.00546
16	0.00831	0.00623	0.00935	0.00935	0.01038	0.00727	0.00727	0.01038	0.00935	0.01350	0.01558	0.02285	0.01454	0.04361	0.77259	0.00935	0.01558	0.00623	0.00312	0.00519
17	0.00831	0.00623	0.00935	0.00935	0.01038	0.00727	0.00727	0.01038	0.00935	0.01350	0.01558	0.02285	0.01454	0.04361	0.77259	0.00935	0.01558	0.00623	0.00312	0.00519
18	0.01529	0.74870	0.07867	0.01038	0.01560	0.02239	0.01071	0.01748	0.01185	0.01399	0.00824	0.00952	0.00746	0.00501	0.00385	0.00128	0.00637	0.00319	0.00249	0.00754
19	0.01404	0.01299	0.06793	0.32905	0.28906	0.01295	0.01578	0.01877	0.07034	0.09336	0.01288	0.01582	0.00970	0.00587	0.00579	0.00185	0.00698	0.00529	0.00341	0.00814
20	0.05132	0.76481	0.02952	0.00985	0.01477	0.02258	0.00979	0.01740	0.01173	0.01422	0.00809	0.00933	0.00741	0.00499	0.00373	0.00127	0.00614	0.00311	0.00254	0.00741
21	0.73566	0.01119	0.00910	0.00797	0.01160	0.01274	0.00655	0.04319	0.01100	0.07341	0.00952	0.01057	0.00716	0.00560	0.00383	0.00179	0.00455	0.00345	0.02447	0.00663
22	0.83671	0.01125	0.00855	0.00765	0.01125	0.01305	0.00630	0.01709	0.00990	0.02609	0.00810	0.00945	0.00630	0.00540	0.00360	0.00180	0.00450	0.00315	0.00360	0.00630
23	0.01555	0.79913	0.03047	0.00995	0.01493	0.02301	0.00995	0.01741	0.01182	0.01368	0.00808	0.00933	0.00746	0.00498	0.00373	0.00124	0.00622	0.00311	0.00249	0.00746
24	0.01327	0.01223	0.02043	0.03012	0.59257	0.01223	0.01596	0.01655	0.01327	0.01864	0.01537	0.02582	0.01462	0.00761	0.00626	0.00194	0.00656	0.16476	0.00343	0.00835
25	0.01555	0.79913	0.03047	0.00995	0.01493	0.02301	0.00995	0.01741	0.01182	0.01368	0.00808	0.00933	0.00746	0.00498	0.00373	0.00124	0.00622	0.00311	0.00249	0.00746
26	0.02586	0.01027	0.01373	0.01053	0.01503	0.00911	0.00869	0.07035	0.01728	0.72049	0.02241	0.01945	0.01413	0.00718	0.00585	0.00180	0.00503	0.00581	0.00712	0.00990
27	0.01108	0.01052	0.01804	0.75498	0.03971	0.01298	0.04159	0.01499	0.01170	0.01499	0.01039	0.01551	0.00779	0.00578	0.00585	0.00194	0.00782	0.00523	0.00260	0.00651
28	0.01617	0.75254	0.02947	0.00997	0.01492	0.02216	0.00987	0.01806	0.01210	0.05793	0.00896	0.00995	0.00787	0.00511	0.00386	0.00128	0.00614	0.00327	0.00277	0.00761
29	0.01769	0.01260	0.01430	0.01163	0.01498	0.01388	0.00934	0.46555	0.02080	0.06038	0.01514	0.01856	0.01223	0.08734	0.19414	0.00395	0.00850	0.00580	0.00501	0.00817
30	0.00807	0.00588	0.00759	0.00728	0.00862	0.00540	0.00542	0.01063	0.01592	0.02231	0.66741	0.09325	0.09546	0.01247	0.00690	0.00187	0.00280	0.01102	0.00628	0.00540
31	0.01334	0.01445	0.02953	0.15804	0.10643	0.01429	0.51279	0.01830	0.03831	0.01820	0.01183	0.01573	0.00898	0.00519	0.00653	0.00193	0.00897	0.00638	0.00297	0.00779
32	0.00925	0.00666	0.00920	0.01048	0.01185	0.00661	0.00913	0.01187	0.01338	0.01732	0.03213	0.06514	0.06803	0.01600	0.00798	0.00264	0.00524	0.68640	0.00536	0.00533
33	0.01095	0.01017	0.01713	0.75729	0.03903	0.01267	0.01580	0.01463	0.01150	0.01471	0.01033	0.01557	0.00783	0.00627	0.00635	0.02802	0.00767	0.00516	0.00258	0.00634
34	0.00817	0.00592	0.00781	0.00861	0.00932	0.00593	0.00604	0.05167	0.01180	0.01591	0.02828	0.61969	0.03285	0.02172	0.13293	0.00347	0.00556	0.01417	0.00505	0.00511
35	0.01192	0.08178	0.71609	0.01613	0.02448	0.01414	0.02071	0.01835	0.01225	0.01810	0.01028	0.01208	0.00737	0.00549	0.00540	0.00180	0.00843	0.00422	0.00246	0.00852
36	0.01344	0.01419	0.02605	0.22788	0.14705	0.04220	0.35587	0.01847	0.06139	0.01789	0.01193	0.01563	0.00913	0.00543	0.00628	0.00190	0.00848	0.00601	0.00303	0.00774
37	0.01098	0.01034	0.01744	0.78165	0.04005	0.01292	0.01615	0.01486	0.01163	0.01486	0.01034	0.01550	0.00775	0.00581	0.00581	0.00194	0.00775	0.00517	0.00258	0.00646
38	0.00765	0.00573	0.00805	0.08989	0.01201	0.00572	0.00680	0.00908	0.01134	0.01502	0.02968	0.66111	0.03489	0.01676	0.00729	0.00234	0.00397	0.06263	0.00510	0.00495
39	0.01098	0.01034	0.01744	0.78165	0.04005	0.01292	0.01615	0.01486	0.01163	0.01486	0.01034	0.01550	0.00775	0.00581	0.00581	0.00194	0.00775	0.00517	0.00258	0.00646
40	0.03539	0.65465	0.14924	0.01097	0.01650	0.02122	0.01173	0.01757	0.01184	0.01476	0.00847	0.00981	0.00742	0.00507	0.00402	0.00135	0.00656	0.00330	0.00251	0.00762
41	0.83671	0.01125	0.00855	0.00765	0.01125	0.01305	0.00630	0.01709	0.00990	0.02609	0.00810	0.00945	0.00630	0.00540	0.00360	0.00180	0.00450	0.00315	0.00360	0.00630
42	0.01125	0.01160	0.02325	0.05131	0.02250	0.01121	0.42136	0.01467	0.01275	0.01727	0.04567	0.26395	0.01989	0.00962	0.00741	0.00210	0.03377	0.00995	0.00382	0.00665
43	0.01277	0.02772	0.67178	0.01589	0.02390	0.01324	0.01991	0.01980	0.05604	0.06761	0.01204	0.01333	0.00844	0.00577	0.00557	0.00185	0.00812	0.00453	0.00297	0.00872

[dist]
# distance from previous block
# <min> <max>
0	5

[block]
# block no. 1 follows, 40 sequences, length 17
# corresponding to MSA columns:
# 773-789
name=unknown_B
#
# <colnr> <probs for GDERKNQSTAVLIFYWHMCP>
#	G	D	E	R	K	N	Q	S	T	A	V	L	I	F	Y	W	H	M	C	P
0	0.14584	0.03780	0.23106	0.08683	0.06796	0.18279	0.06471	0.03882	0.05759	0.01916	0.01069	0.01264	0.00817	0.00574	0.00528	0.00176	0.00792	0.00444	0.00313	0.00765
1	0.04345	0.01167	0.01981	0.24805	0.02566	0.01312	0.21506	0.03380	0.05427	0.01806	0.01243	0.01635	0.00977	0.00802	0.04063	0.00226	0.11075	0.00571	0.10423	0.00688
2	0.01468	0.01476	0.02717	0.07718	0.02655	0.01504	0.44777	0.12847	0.05015	0.02099	0.01215	0.01530	0.00922	0.00585	0.00750	0.00193	0.07355	0.00618	0.00348	0.04205
3	0.00783	0.00597	0.00722	0.00701	0.00858	0.00536	0.00533	0.01014	0.01522	0.02044	0.48313	0.04882	0.29040	0.01306	0.00693	0.00192	0.00295	0.04838	0.00601	0.00529
4	0.83671	0.01125	0.00855	0.00765	0.01125	0.01305	0.00630	0.01709	0.00990	0.02609	0.00810	0.00945	0.00630	0.00540	0.00360	0.00180	0.00450	0.00315	0.00360	0.00630
5	0.05152	0.05127	0.01486	0.04234	0.01658	0.05776	0.00981	0.14816	0.49022	0.02504	0.01927	0.01840	0.01447	0.00730	0.00565	0.00186	0.00543	0.00582	0.00534	0.00887
6	0.00846	0.00564	0.00634	0.00634	0.00634	0.00564	0.00352	0.00846	0.00846	0.01128	0.01832	0.03805	0.02114	0.79563	0.02960	0.00564	0.00564	0.00846	0.00352	0.00352
7	0.01166	0.03008	0.76550	0.01657	0.02517	0.01351	0.02149	0.01842	0.01228	0.01842	0.01044	0.01228	0.00737	0.00552	0.00552	0.00184	0.00859	0.00430	0.00246	0.00859
8	0.01157	0.01108	0.01918	0.64324	0.13211	0.01314	0.05678	0.01545	0.01195	0.01560	0.01049	0.01537	0.00800	0.00568	0.00587	0.00191	0.00776	0.00526	0.00264	0.00689
9	0.01118	0.01028	0.01416	0.01253	0.01268	0.01371	0.01000	0.01230	0.00888	0.01336	0.01104	0.01950	0.01147	0.17856	0.13371	0.00420	0.50805	0.00596	0.00283	0.00560
10	0.01446	0.01249	0.01315	0.01183	0.01512	0.01446	0.00920	0.03090	0.74885	0.02433	0.02367	0.02170	0.01775	0.00789	0.00592	0.00197	0.00460	0.00657	0.00592	0.00920
11	0.01439	0.01382	0.02360	0.03569	0.75936	0.01382	0.01785	0.01785	0.01324	0.01900	0.01094	0.01439	0.00921	0.00518	0.00576	0.00173	0.00691	0.00518	0.00288	0.00921
12	0.82257	0.01203	0.00940	0.00846	0.01211	0.01363	0.00681	0.01784	0.01065	0.02698	0.00930	0.01111	0.00744	0.00618	0.00413	0.00201	0.00490	0.00355	0.00399	0.00690
13	0.00855	0.00672	0.00700	0.00692	0.00850	0.00584	0.00483	0.00943	0.01308	0.01626	0.09012	0.05211	0.54259	0.18656	0.01233	0.00297	0.00396	0.01157	0.00540	0.00527
14	0.76238	0.01162	0.00924	0.00837	0.01176	0.01309	0.00661	0.01721	0.01055	0.02591	0.01004	0.01318	0.00852	0.06360	0.00602	0.00229	0.00498	0.00394	0.00398	0.00670
15	0.01241	0.01130	0.01781	0.71218	0.03857	0.01362	0.01598	0.01681	0.06593	0.01665	0.01247	0.01750	0.00960	0.00673	0.00631	0.00215	0.00787	0.00564	0.00323	0.00726
16	0.01465	0.01369	0.02265	0.22110	0.56786	0.01416	0.01773	0.01784	0.01354	0.01899	0.01194	0.01624	0.00994	0.00612	0.00626	0.00199	0.00748	0.00554	0.00321	0.00908

[dist]
# distance from previous block
# <min> <max>
10	120

# created by:
# /software/SequenceAnalysis/GenePrediction/augustus/3.0.1/scripts/msa2prfl.pl ./fixed/BUSCOvEOG7GQRJV.fas
