[name]
unknown

[dist]
# distance from previous block
# <min> <max>
6	90

[block]
# block no. 0 follows, 39 sequences, length 33
# corresponding to MSA columns:
# 110-142
name=unknown_A
#
# <colnr> <probs for GDERKNQSTAVLIFYWHMCP>
#	G	D	E	R	K	N	Q	S	T	A	V	L	I	F	Y	W	H	M	C	P
0	0.30212	0.01400	0.02415	0.01780	0.02292	0.01388	0.42886	0.01812	0.01247	0.02163	0.01055	0.01347	0.00806	0.00512	0.00564	0.00186	0.00769	0.00542	0.00326	0.06297
1	0.01175	0.02820	0.67814	0.01707	0.05648	0.01320	0.02059	0.01819	0.01282	0.01909	0.06085	0.01473	0.01084	0.00604	0.00572	0.00187	0.00826	0.00484	0.00279	0.00855
2	0.01610	0.01214	0.01320	0.01165	0.01512	0.01360	0.00912	0.03039	0.62328	0.12501	0.02503	0.02284	0.03943	0.00813	0.00604	0.00198	0.00468	0.00676	0.00618	0.00933
3	0.01212	0.00995	0.01104	0.01027	0.01266	0.01101	0.00782	0.02289	0.44869	0.02276	0.20050	0.08019	0.02930	0.06168	0.00801	0.00227	0.00424	0.03105	0.00592	0.00764
4	0.00794	0.00603	0.00731	0.00699	0.00857	0.00540	0.00524	0.01032	0.01572	0.02130	0.53585	0.04816	0.27362	0.01299	0.00698	0.00190	0.00285	0.01125	0.00619	0.00540
5	0.01482	0.01264	0.01479	0.03634	0.08941	0.01447	0.01055	0.05908	0.52493	0.04102	0.02224	0.02149	0.04408	0.00805	0.00691	0.00200	0.05626	0.00655	0.00539	0.00897
6	0.01186	0.03059	0.76153	0.01686	0.02560	0.01373	0.02185	0.01873	0.01249	0.01873	0.01061	0.01249	0.00749	0.00562	0.00562	0.00187	0.00874	0.00437	0.00250	0.00874
7	0.83394	0.01144	0.00869	0.00778	0.01144	0.01327	0.00640	0.01738	0.01006	0.02653	0.00823	0.00961	0.00640	0.00549	0.00366	0.00183	0.00457	0.00320	0.00366	0.00640
8	0.02276	0.01142	0.01666	0.01777	0.21961	0.01062	0.01139	0.04437	0.03946	0.51274	0.01975	0.01852	0.01317	0.00677	0.00592	0.00181	0.00561	0.00577	0.00603	0.00985
9	0.02572	0.00988	0.01346	0.01038	0.01482	0.00855	0.00855	0.02803	0.01692	0.72644	0.05595	0.02120	0.01648	0.00753	0.00599	0.00183	0.00493	0.00616	0.00728	0.00986
10	0.01587	0.01316	0.02111	0.18189	0.46733	0.01371	0.01620	0.08454	0.01480	0.09553	0.01253	0.01538	0.00967	0.00578	0.00588	0.00181	0.00695	0.00534	0.00359	0.00893
11	0.00708	0.00599	0.00612	0.00609	0.00804	0.00503	0.00456	0.00866	0.01369	0.01649	0.10557	0.05607	0.70690	0.01479	0.00699	0.00199	0.00298	0.01236	0.00556	0.00503
12	0.01555	0.00786	0.01010	0.00875	0.01145	0.00707	0.00682	0.04410	0.01605	0.30595	0.24874	0.13079	0.13949	0.01131	0.00661	0.00193	0.00391	0.00971	0.00652	0.00729
13	0.00860	0.00573	0.00645	0.00645	0.00645	0.00573	0.00358	0.00860	0.00860	0.01147	0.01863	0.03870	0.02150	0.79217	0.03010	0.00573	0.00573	0.00860	0.00358	0.00358
14	0.01226	0.01051	0.01226	0.00876	0.01401	0.00788	0.00701	0.01489	0.01226	0.01927	0.01051	0.01226	0.00876	0.00438	0.00438	0.00088	0.00438	0.00350	0.00350	0.82832
15	0.04677	0.01778	0.01678	0.01333	0.01762	0.13724	0.01081	0.56835	0.02482	0.03264	0.01343	0.01384	0.00978	0.00688	0.00568	0.00172	0.00695	0.00503	0.04133	0.00924
16	0.02540	0.01086	0.01446	0.01182	0.04389	0.00990	0.00930	0.08998	0.03759	0.64800	0.02209	0.01945	0.01413	0.00724	0.00594	0.00183	0.00523	0.00589	0.00699	0.01002
17	0.02209	0.02819	0.01676	0.01524	0.01828	0.76843	0.01143	0.02361	0.01676	0.01447	0.00914	0.01066	0.00762	0.00609	0.00533	0.00152	0.01066	0.00381	0.00305	0.00686
18	0.01200	0.02962	0.71360	0.01739	0.02595	0.01381	0.06881	0.01874	0.01258	0.01874	0.01070	0.01271	0.00759	0.00558	0.00571	0.00188	0.00882	0.00454	0.00253	0.00869
19	0.00837	0.00604	0.00790	0.00744	0.00883	0.00558	0.00558	0.01116	0.01674	0.02371	0.75216	0.04417	0.05580	0.01209	0.00697	0.00186	0.00279	0.01069	0.00651	0.00558
20	0.00860	0.00573	0.00645	0.00645	0.00645	0.00573	0.00358	0.00860	0.00860	0.01147	0.01863	0.03870	0.02150	0.79217	0.03010	0.00573	0.00573	0.00860	0.00358	0.00358
21	0.00845	0.00634	0.00950	0.00950	0.01056	0.00739	0.00739	0.01056	0.00950	0.01373	0.01584	0.02323	0.01478	0.04435	0.76873	0.00950	0.01584	0.00634	0.00317	0.00528
22	0.02209	0.02819	0.01676	0.01524	0.01828	0.76843	0.01143	0.02361	0.01676	0.01447	0.00914	0.01066	0.00762	0.00609	0.00533	0.00152	0.01066	0.00381	0.00305	0.00686
23	0.01226	0.01051	0.01226	0.00876	0.01401	0.00788	0.00701	0.01489	0.01226	0.01927	0.01051	0.01226	0.00876	0.00438	0.00438	0.00088	0.00438	0.00350	0.00350	0.82832
24	0.00837	0.00604	0.00790	0.00744	0.00883	0.00558	0.00558	0.01116	0.01674	0.02371	0.75216	0.04417	0.05580	0.01209	0.00697	0.00186	0.00279	0.01069	0.00651	0.00558
25	0.01396	0.01595	0.03490	0.02493	0.03091	0.01496	0.73380	0.01894	0.01396	0.01894	0.01196	0.01595	0.00897	0.00499	0.00698	0.00199	0.00997	0.00698	0.00299	0.00798
26	0.01186	0.03059	0.76153	0.01686	0.02560	0.01373	0.02185	0.01873	0.01249	0.01873	0.01061	0.01249	0.00749	0.00562	0.00562	0.00187	0.00874	0.00437	0.00250	0.00874
27	0.00859	0.00574	0.00650	0.00648	0.00653	0.00573	0.00365	0.00869	0.00887	0.01188	0.04333	0.03888	0.02265	0.76590	0.02932	0.00560	0.00563	0.00867	0.00368	0.00365
28	0.02209	0.02819	0.01676	0.01524	0.01828	0.76843	0.01143	0.02361	0.01676	0.01447	0.00914	0.01066	0.00762	0.00609	0.00533	0.00152	0.01066	0.00381	0.00305	0.00686
29	0.01117	0.01051	0.01774	0.77795	0.04073	0.01314	0.01642	0.01511	0.01182	0.01511	0.01051	0.01577	0.00788	0.00591	0.00591	0.00197	0.00788	0.00526	0.00263	0.00657
30	0.01581	0.79572	0.03099	0.01012	0.01518	0.02340	0.01012	0.01771	0.01202	0.01391	0.00822	0.00949	0.00759	0.00506	0.00379	0.00126	0.00632	0.00316	0.00253	0.00759
31	0.00721	0.00515	0.00686	0.00823	0.00858	0.00480	0.00549	0.00823	0.01132	0.01510	0.03259	0.78831	0.03911	0.01853	0.00755	0.00240	0.00343	0.01681	0.00549	0.00480
32	0.01471	0.01270	0.01337	0.01203	0.01538	0.01471	0.00936	0.03142	0.74459	0.02474	0.02407	0.02206	0.01805	0.00802	0.00602	0.00201	0.00468	0.00669	0.00602	0.00936

[dist]
# distance from previous block
# <min> <max>
0	2

[block]
# block no. 1 follows, 39 sequences, length 20
# corresponding to MSA columns:
# 145-164
name=unknown_B
#
# <colnr> <probs for GDERKNQSTAVLIFYWHMCP>
#	G	D	E	R	K	N	Q	S	T	A	V	L	I	F	Y	W	H	M	C	P
0	0.01104	0.00552	0.00552	0.00552	0.00690	0.00552	0.00414	0.01379	0.01241	0.02206	0.01930	0.02207	0.01517	0.00690	0.00414	0.00138	0.00276	0.00552	0.82480	0.00552
1	0.18667	0.01035	0.01274	0.00999	0.01438	0.00961	0.00824	0.02656	0.01557	0.61387	0.02035	0.01806	0.01302	0.00697	0.00550	0.00183	0.00495	0.00541	0.00660	0.00935
2	0.00839	0.00606	0.00792	0.00745	0.00885	0.00559	0.00559	0.01117	0.01675	0.02373	0.75199	0.04419	0.05580	0.01210	0.00698	0.00186	0.00280	0.01070	0.00651	0.00559
3	0.00735	0.00591	0.00655	0.00662	0.00827	0.00511	0.00488	0.00908	0.01397	0.01767	0.21628	0.14567	0.50232	0.01476	0.00706	0.00202	0.00301	0.01261	0.00573	0.00511
4	0.01351	0.01133	0.01201	0.01094	0.01362	0.01294	0.00822	0.02690	0.59846	0.02212	0.02300	0.02538	0.01875	0.16354	0.01080	0.00275	0.00489	0.00707	0.00554	0.00822
5	0.01091	0.02572	0.61152	0.01471	0.02211	0.01201	0.01841	0.01671	0.01269	0.01820	0.02040	0.02132	0.15533	0.00748	0.00590	0.00190	0.00760	0.00598	0.00310	0.00800
6	0.00862	0.00575	0.00646	0.00646	0.00646	0.00574	0.00359	0.00861	0.00861	0.01148	0.01865	0.03871	0.02151	0.79198	0.03010	0.00574	0.00574	0.00860	0.00359	0.00359
7	0.02275	0.00960	0.01253	0.00991	0.01358	0.00868	0.00784	0.06662	0.01593	0.56817	0.02187	0.02348	0.01574	0.16296	0.01074	0.00260	0.00526	0.00644	0.00650	0.00879
8	0.01335	0.01403	0.01755	0.62652	0.03628	0.16293	0.01544	0.01681	0.01281	0.01500	0.01025	0.01478	0.00785	0.00596	0.00580	0.00188	0.00844	0.00497	0.00272	0.00663
9	0.00910	0.09900	0.09280	0.00871	0.01136	0.00832	0.00783	0.01157	0.01370	0.01793	0.21053	0.15096	0.25973	0.01274	0.00664	0.00198	0.00421	0.06196	0.00507	0.00586
10	0.01175	0.01162	0.02251	0.01780	0.03707	0.01184	0.35642	0.01480	0.01207	0.01678	0.05187	0.07364	0.01468	0.01584	0.16053	0.06444	0.08905	0.00739	0.00332	0.00658
11	0.00739	0.00528	0.00707	0.00844	0.00886	0.00496	0.00579	0.00854	0.01150	0.01530	0.03251	0.73495	0.03875	0.01837	0.00760	0.00243	0.00359	0.06831	0.00549	0.00486
12	0.20543	0.01168	0.02947	0.01144	0.01606	0.01068	0.09416	0.04940	0.01425	0.29010	0.01569	0.04010	0.01140	0.00637	0.00529	0.00168	0.00547	0.00526	0.00501	0.17106
13	0.01789	0.01101	0.01695	0.05423	0.07245	0.01068	0.12408	0.07267	0.06947	0.29525	0.02122	0.17092	0.01780	0.00900	0.00643	0.00198	0.00588	0.00819	0.00551	0.00841
14	0.01261	0.01193	0.01949	0.14204	0.49924	0.01212	0.01519	0.01578	0.01323	0.01804	0.02072	0.02321	0.15661	0.00730	0.00609	0.00184	0.00636	0.00670	0.00340	0.00809
15	0.83375	0.01145	0.00870	0.00779	0.01145	0.01327	0.00641	0.01739	0.01007	0.02654	0.00825	0.00963	0.00642	0.00550	0.00367	0.00183	0.00458	0.00321	0.00366	0.00641
16	0.00809	0.00636	0.00696	0.00678	0.00832	0.00586	0.00485	0.01048	0.05649	0.01735	0.20493	0.04839	0.40779	0.16806	0.01152	0.00271	0.00360	0.01097	0.00538	0.00511
17	0.01405	0.06071	0.02823	0.10359	0.31658	0.01500	0.31819	0.01806	0.01332	0.01830	0.01117	0.01498	0.00892	0.00534	0.00656	0.00187	0.02804	0.00586	0.00290	0.00833
18	0.00741	0.00588	0.00666	0.00676	0.00833	0.00513	0.00496	0.00918	0.01401	0.01793	0.24195	0.17413	0.44713	0.01479	0.00708	0.00203	0.00302	0.01272	0.00577	0.00513
19	0.01458	0.01250	0.04126	0.02140	0.32056	0.01230	0.01278	0.15836	0.01646	0.05206	0.12400	0.12456	0.02049	0.00870	0.00670	0.00190	0.03096	0.00765	0.00455	0.00824

[dist]
# distance from previous block
# <min> <max>
13	557

# created by:
# /software/SequenceAnalysis/GenePrediction/augustus/3.0.1/scripts/msa2prfl.pl ./fixed/BUSCOvEOG7TTHXH.fas
