[name]
unknown

[dist]
# distance from previous block
# <min> <max>
5	222

[block]
# block no. 0 follows, 40 sequences, length 18
# corresponding to MSA columns:
# 231-248
name=unknown_A
#
# <colnr> <probs for GDERKNQSTAVLIFYWHMCP>
#	G	D	E	R	K	N	Q	S	T	A	V	L	I	F	Y	W	H	M	C	P
0	0.01473	0.01237	0.01303	0.01149	0.01483	0.01404	0.00900	0.11743	0.59210	0.02509	0.02565	0.02383	0.08372	0.00840	0.00599	0.00194	0.00468	0.00692	0.00586	0.00890
1	0.02463	0.01141	0.05125	0.01091	0.01557	0.00963	0.00937	0.07171	0.04820	0.65011	0.02180	0.01914	0.01391	0.00713	0.00583	0.00181	0.00520	0.00576	0.00682	0.00980
2	0.01636	0.01854	0.04053	0.11320	0.39232	0.26712	0.03299	0.01933	0.01412	0.01691	0.01022	0.01319	0.00841	0.00553	0.00561	0.00168	0.00832	0.00472	0.00287	0.00802
3	0.01979	0.01071	0.01504	0.04398	0.01669	0.00994	0.05516	0.02258	0.03095	0.41892	0.01725	0.01688	0.01181	0.00660	0.00680	0.00167	0.07898	0.00525	0.00537	0.20563
4	0.05375	0.01346	0.01686	0.01428	0.05299	0.06104	0.10170	0.11303	0.23173	0.23463	0.03329	0.01831	0.01391	0.00693	0.00588	0.00184	0.00602	0.00593	0.00547	0.00896
5	0.64284	0.01169	0.03842	0.00853	0.01250	0.01216	0.00733	0.01940	0.01134	0.17350	0.01116	0.01163	0.00796	0.00576	0.00412	0.00180	0.00474	0.00373	0.00428	0.00711
6	0.01164	0.00989	0.01161	0.00857	0.01333	0.00750	0.00677	0.01409	0.01198	0.01861	0.01216	0.07744	0.01112	0.00547	0.00457	0.00099	0.00423	0.00454	0.00361	0.76188
7	0.00709	0.00506	0.00675	0.00810	0.00843	0.00472	0.00540	0.00810	0.01113	0.01484	0.03205	0.79184	0.03846	0.01822	0.00742	0.00236	0.00337	0.01653	0.00540	0.00472
8	0.01339	0.01484	0.03132	0.12887	0.07795	0.01440	0.59369	0.01806	0.01341	0.01813	0.01152	0.01558	0.00870	0.00504	0.00665	0.00194	0.00934	0.00652	0.00289	0.00774
9	0.00823	0.00594	0.00777	0.00732	0.00869	0.00549	0.00549	0.01097	0.01646	0.02332	0.75629	0.04344	0.05487	0.01189	0.00686	0.00183	0.00274	0.01052	0.00640	0.00549
10	0.01185	0.00678	0.00955	0.00903	0.01060	0.00709	0.00690	0.01367	0.01094	0.16381	0.01881	0.08826	0.01721	0.11133	0.45786	0.00666	0.01106	0.00723	0.02543	0.00593
11	0.01396	0.01338	0.02282	0.13032	0.66811	0.01370	0.01763	0.01747	0.01304	0.01847	0.01086	0.01453	0.00903	0.00526	0.00576	0.00175	0.00702	0.00518	0.00284	0.00886
12	0.08084	0.02850	0.70203	0.01583	0.02400	0.01347	0.02021	0.01831	0.01208	0.01906	0.01024	0.01204	0.00728	0.00551	0.00536	0.00184	0.00825	0.00420	0.00255	0.00840
13	0.01272	0.01272	0.01781	0.01527	0.01527	0.01781	0.01272	0.01399	0.00891	0.01399	0.00763	0.01272	0.00763	0.01018	0.01908	0.00254	0.78499	0.00509	0.00254	0.00636
14	0.01572	0.01248	0.01336	0.01171	0.01517	0.01413	0.00920	0.09369	0.61511	0.07476	0.02370	0.02180	0.03686	0.00795	0.00593	0.00194	0.00474	0.00656	0.00598	0.00920
15	0.01373	0.01569	0.03431	0.02451	0.03039	0.01471	0.73824	0.01863	0.01373	0.01863	0.01176	0.01569	0.00882	0.00490	0.00686	0.00196	0.00980	0.00686	0.00294	0.00784
16	0.01166	0.03008	0.76550	0.01657	0.02517	0.01351	0.02149	0.01842	0.01228	0.01842	0.01044	0.01228	0.00737	0.00552	0.00552	0.00184	0.00859	0.00430	0.00246	0.00859
17	0.00909	0.00615	0.00813	0.00757	0.00907	0.00573	0.00573	0.01178	0.01609	0.05838	0.68198	0.04122	0.05080	0.01334	0.04718	0.00222	0.00353	0.01007	0.00627	0.00568

[dist]
# distance from previous block
# <min> <max>
8	214

# created by:
# /software/SequenceAnalysis/GenePrediction/augustus/3.0.1/scripts/msa2prfl.pl ./fixed/BUSCOvEOG708PPB.fas
