[name]
unknown

[dist]
# distance from previous block
# <min> <max>
1	171

[block]
# block no. 0 follows, 41 sequences, length 109
# corresponding to MSA columns:
# 186-294
name=unknown_A
#
# <colnr> <probs for GDERKNQSTAVLIFYWHMCP>
#	G	D	E	R	K	N	Q	S	T	A	V	L	I	F	Y	W	H	M	C	P
0	0.01519	0.01641	0.01717	0.01486	0.01582	0.20942	0.01207	0.05072	0.01150	0.01488	0.00814	0.01202	0.00758	0.00882	0.01471	0.00221	0.55453	0.00468	0.00277	0.00652
1	0.45882	0.01422	0.11440	0.02484	0.03782	0.01289	0.00949	0.11841	0.01288	0.02471	0.00951	0.01090	0.00726	0.00540	0.00430	0.00164	0.00534	0.00368	0.00363	0.11985
2	0.01885	0.04408	0.07789	0.01613	0.08901	0.44969	0.01219	0.09483	0.10906	0.01822	0.01142	0.01252	0.00902	0.00609	0.00533	0.00160	0.00859	0.00434	0.00352	0.00764
3	0.00697	0.00524	0.00646	0.00734	0.00815	0.00473	0.00505	0.00817	0.01177	0.01523	0.07330	0.55786	0.23564	0.01669	0.00713	0.00219	0.00317	0.01484	0.00536	0.00473
4	0.01871	0.01474	0.01544	0.01258	0.01658	0.03118	0.01014	0.44294	0.31877	0.03074	0.01748	0.01673	0.01279	0.00721	0.00575	0.00180	0.00566	0.00565	0.00571	0.00940
5	0.02128	0.00921	0.01255	0.01007	0.01351	0.00858	0.00819	0.02342	0.01545	0.56714	0.12223	0.05886	0.02015	0.00847	0.00705	0.00186	0.07004	0.00681	0.00651	0.00861
6	0.83938	0.01106	0.00841	0.00752	0.01106	0.01283	0.00619	0.01681	0.00973	0.02566	0.00796	0.00929	0.00619	0.00531	0.00354	0.00177	0.00442	0.00310	0.00354	0.00619
7	0.01266	0.01294	0.01992	0.01636	0.01722	0.01707	0.12040	0.01444	0.00946	0.01444	0.00811	0.01294	0.00768	0.00924	0.01699	0.00242	0.67341	0.00526	0.00256	0.00647
8	0.65083	0.01075	0.00953	0.00814	0.01188	0.01181	0.00671	0.01938	0.01127	0.19751	0.01135	0.01165	0.00804	0.00572	0.00405	0.00177	0.00453	0.00371	0.00436	0.00701
9	0.00701	0.00504	0.00658	0.00778	0.00818	0.00469	0.00518	0.00799	0.01095	0.01450	0.03235	0.72449	0.07516	0.05053	0.00819	0.00244	0.00339	0.01571	0.00523	0.00461
10	0.00711	0.00509	0.00677	0.00787	0.00833	0.00474	0.00532	0.00833	0.01163	0.01568	0.12551	0.69820	0.03991	0.01712	0.00723	0.00226	0.00324	0.01550	0.00544	0.00474
11	0.00794	0.00584	0.00743	0.00703	0.00845	0.00533	0.00527	0.01049	0.01582	0.02206	0.67828	0.04416	0.13652	0.01202	0.00675	0.00181	0.00272	0.01055	0.00618	0.00533
12	0.01147	0.02959	0.76934	0.01630	0.02476	0.01328	0.02113	0.01811	0.01208	0.01811	0.01026	0.01208	0.00725	0.00543	0.00543	0.00181	0.00845	0.00423	0.00242	0.00845
13	0.00756	0.00564	0.00711	0.00813	0.00881	0.00546	0.00556	0.00986	0.07315	0.01544	0.03253	0.68304	0.08251	0.01685	0.00714	0.00227	0.00339	0.01517	0.00535	0.00503
14	0.00682	0.00558	0.00602	0.00637	0.00788	0.00478	0.00460	0.00814	0.01248	0.01522	0.05088	0.25290	0.56768	0.01540	0.00690	0.00204	0.00301	0.01319	0.00531	0.00478
15	0.00676	0.00579	0.00579	0.00579	0.00773	0.00483	0.00435	0.00821	0.01304	0.01545	0.05794	0.05505	0.76098	0.01449	0.00676	0.00193	0.00290	0.01207	0.00531	0.00483
16	0.01423	0.01229	0.01293	0.01164	0.01487	0.01423	0.00905	0.03039	0.75297	0.02393	0.02328	0.02134	0.01746	0.00776	0.00582	0.00194	0.00453	0.00647	0.00582	0.00905
17	0.00832	0.00555	0.00624	0.00624	0.00624	0.00555	0.00347	0.00832	0.00832	0.01109	0.01802	0.03743	0.02080	0.79898	0.02911	0.00555	0.00555	0.00832	0.00347	0.00347
18	0.01321	0.01744	0.13823	0.02300	0.02916	0.01430	0.64006	0.01829	0.01330	0.01829	0.01139	0.01495	0.00848	0.00491	0.00656	0.00191	0.00947	0.00639	0.00283	0.00782
19	0.00697	0.00498	0.00664	0.00796	0.00830	0.00465	0.00531	0.00796	0.01095	0.01460	0.03153	0.79525	0.03783	0.01792	0.00730	0.00232	0.00332	0.01626	0.00531	0.00465
20	0.00810	0.00585	0.00765	0.00720	0.00855	0.00540	0.00540	0.01079	0.01619	0.02294	0.76028	0.04273	0.05397	0.01169	0.00675	0.00180	0.00270	0.01034	0.00630	0.00540
21	0.00832	0.00555	0.00624	0.00624	0.00624	0.00555	0.00347	0.00832	0.00832	0.01109	0.01802	0.03743	0.02080	0.79898	0.02911	0.00555	0.00555	0.00832	0.00347	0.00347
22	0.01469	0.01325	0.01314	0.01184	0.01505	0.06309	0.00918	0.02991	0.70571	0.02329	0.02235	0.02063	0.01681	0.00764	0.00578	0.00191	0.00490	0.00629	0.00564	0.00890
23	0.00697	0.00580	0.00609	0.00602	0.00786	0.00492	0.00451	0.00862	0.01354	0.01664	0.16943	0.05309	0.64875	0.01404	0.00676	0.00191	0.00287	0.01180	0.00547	0.00492
24	0.00830	0.00556	0.00633	0.00630	0.00639	0.00554	0.00359	0.00848	0.00882	0.01185	0.06564	0.03777	0.02292	0.74848	0.02768	0.00531	0.00536	0.00845	0.00365	0.00359
25	0.02566	0.00973	0.01327	0.01018	0.01460	0.00841	0.00841	0.02788	0.01637	0.76726	0.02257	0.01947	0.01416	0.00708	0.00575	0.00177	0.00487	0.00575	0.00708	0.00973
26	0.01997	0.01514	0.01617	0.01280	0.01706	0.01691	0.01044	0.57556	0.19845	0.03318	0.01599	0.01553	0.01155	0.00708	0.00575	0.00177	0.00588	0.00546	0.00575	0.00957
27	0.01137	0.00602	0.00609	0.00583	0.00737	0.00613	0.00444	0.06021	0.01295	0.02227	0.01834	0.02084	0.01434	0.00668	0.00411	0.00136	0.00290	0.00532	0.77781	0.00561
28	0.01529	0.80242	0.02997	0.00979	0.01468	0.02263	0.00979	0.01713	0.01162	0.01346	0.00795	0.00918	0.00734	0.00489	0.00367	0.00122	0.00612	0.00306	0.00245	0.00734
29	0.01803	0.01390	0.01607	0.03744	0.07953	0.01445	0.01045	0.42948	0.06809	0.04266	0.01331	0.01397	0.00989	0.00612	0.00537	0.00153	0.00575	0.00482	0.00486	0.20427
30	0.01438	0.01401	0.02300	0.03448	0.74041	0.03700	0.01735	0.01772	0.01312	0.01854	0.01070	0.01404	0.00901	0.00512	0.00565	0.00169	0.00690	0.00505	0.00283	0.00899
31	0.01080	0.01017	0.01716	0.78523	0.03940	0.01271	0.01589	0.01461	0.01144	0.01461	0.01017	0.01525	0.00762	0.00572	0.00572	0.00191	0.00762	0.00508	0.00254	0.00635
32	0.01645	0.01473	0.01410	0.01228	0.01573	0.10382	0.00962	0.16170	0.53249	0.02501	0.01983	0.01864	0.01485	0.00738	0.00572	0.00184	0.00553	0.00590	0.00547	0.00890
33	0.01529	0.80242	0.02997	0.00979	0.01468	0.02263	0.00979	0.01713	0.01162	0.01346	0.00795	0.00918	0.00734	0.00489	0.00367	0.00122	0.00612	0.00306	0.00245	0.00734
34	0.00772	0.00564	0.00725	0.00726	0.00842	0.00517	0.00529	0.00991	0.01469	0.02034	0.52935	0.22156	0.10929	0.01340	0.00688	0.00193	0.00286	0.01189	0.00598	0.00517
35	0.12698	0.01256	0.01458	0.01585	0.16448	0.01408	0.01045	0.05984	0.46899	0.02369	0.01823	0.01790	0.01388	0.00685	0.00547	0.00186	0.00505	0.00567	0.00491	0.00870
36	0.76986	0.01063	0.00834	0.00749	0.01085	0.01221	0.00613	0.01631	0.01027	0.02544	0.07089	0.01209	0.01019	0.00584	0.00381	0.00177	0.00428	0.00370	0.00377	0.00613
37	0.02092	0.01553	0.01672	0.01277	0.01739	0.01689	0.01053	0.68319	0.02564	0.03459	0.01343	0.01358	0.00962	0.00665	0.00560	0.00164	0.00612	0.00500	0.00553	0.07866
38	0.01148	0.00674	0.00791	0.00710	0.00951	0.00578	0.00550	0.01335	0.01442	0.19451	0.18284	0.04430	0.45038	0.01221	0.00652	0.00187	0.00332	0.01025	0.00592	0.00610
39	0.02379	0.01093	0.01387	0.01058	0.01509	0.01006	0.00872	0.15832	0.01793	0.57035	0.01991	0.01778	0.01287	0.00680	0.00562	0.00168	0.00508	0.00544	0.00652	0.07867
40	0.00697	0.00498	0.00664	0.00796	0.00830	0.00465	0.00531	0.00796	0.01095	0.01460	0.03153	0.79525	0.03783	0.01792	0.00730	0.00232	0.00332	0.01626	0.00531	0.00465
41	0.02317	0.01012	0.01300	0.01016	0.01433	0.00926	0.00833	0.09386	0.05203	0.60020	0.02473	0.02199	0.07636	0.00771	0.00584	0.00179	0.00482	0.00626	0.00674	0.00929
42	0.00685	0.00580	0.00591	0.00588	0.00778	0.00487	0.00441	0.00837	0.01324	0.01593	0.10300	0.05426	0.71563	0.01431	0.00676	0.00192	0.00288	0.01196	0.00537	0.00487
43	0.83938	0.01106	0.00841	0.00752	0.01106	0.01283	0.00619	0.01681	0.00973	0.02566	0.00796	0.00929	0.00619	0.00531	0.00354	0.00177	0.00442	0.00310	0.00354	0.00619
44	0.00787	0.00549	0.00647	0.00675	0.00707	0.00539	0.00418	0.00835	0.00938	0.01239	0.02449	0.19925	0.09387	0.51037	0.07030	0.00475	0.00545	0.01022	0.00401	0.00395
45	0.02246	0.01487	0.01645	0.01261	0.01716	0.01602	0.01042	0.61266	0.02496	0.17035	0.01536	0.01479	0.01054	0.00691	0.00573	0.00173	0.00603	0.00526	0.00597	0.00973
46	0.00810	0.00585	0.00765	0.00720	0.00855	0.00540	0.00540	0.01079	0.01619	0.02294	0.76028	0.04273	0.05397	0.01169	0.00675	0.00180	0.00270	0.01034	0.00630	0.00540
47	0.02160	0.00953	0.01230	0.00987	0.01368	0.00883	0.00800	0.02594	0.12498	0.55117	0.08887	0.02194	0.01826	0.00757	0.00576	0.00177	0.00451	0.00625	0.05016	0.00901
48	0.00676	0.00579	0.00579	0.00579	0.00773	0.00483	0.00435	0.00821	0.01304	0.01545	0.05794	0.05505	0.76098	0.01449	0.00676	0.00193	0.00290	0.01207	0.00531	0.00483
49	0.83938	0.01106	0.00841	0.00752	0.01106	0.01283	0.00619	0.01681	0.00973	0.02566	0.00796	0.00929	0.00619	0.00531	0.00354	0.00177	0.00442	0.00310	0.00354	0.00619
50	0.01251	0.01251	0.01752	0.01502	0.01502	0.01752	0.01251	0.01377	0.00876	0.01377	0.00751	0.01251	0.00751	0.01001	0.01877	0.00250	0.78851	0.00501	0.00250	0.00626
51	0.00697	0.00498	0.00664	0.00796	0.00830	0.00465	0.00531	0.00796	0.01095	0.01460	0.03153	0.79525	0.03783	0.01792	0.00730	0.00232	0.00332	0.01626	0.00531	0.00465
52	0.00832	0.00555	0.00624	0.00624	0.00624	0.00555	0.00347	0.00832	0.00832	0.01109	0.01802	0.03743	0.02080	0.79898	0.02911	0.00555	0.00555	0.00832	0.00347	0.00347
53	0.02566	0.00973	0.01327	0.01018	0.01460	0.00841	0.00841	0.02788	0.01637	0.76726	0.02257	0.01947	0.01416	0.00708	0.00575	0.00177	0.00487	0.00575	0.00708	0.00973
54	0.00676	0.00579	0.00579	0.00579	0.00773	0.00483	0.00435	0.00821	0.01304	0.01545	0.05794	0.05505	0.76098	0.01449	0.00676	0.00193	0.00290	0.01207	0.00531	0.00483
55	0.04168	0.02162	0.01555	0.01476	0.07888	0.50908	0.01045	0.02023	0.01473	0.01582	0.00929	0.01097	0.00774	0.00542	0.00494	0.00135	0.00842	0.00372	0.00306	0.20230
56	0.00817	0.00613	0.00919	0.00919	0.01021	0.00715	0.00715	0.01021	0.00919	0.01328	0.01532	0.02247	0.01430	0.04290	0.77631	0.00919	0.01532	0.00613	0.00306	0.00511
57	0.01423	0.01229	0.01293	0.01164	0.01487	0.01423	0.00905	0.03039	0.75297	0.02393	0.02328	0.02134	0.01746	0.00776	0.00582	0.00194	0.00453	0.00647	0.00582	0.00905
58	0.83938	0.01106	0.00841	0.00752	0.01106	0.01283	0.00619	0.01681	0.00973	0.02566	0.00796	0.00929	0.00619	0.00531	0.00354	0.00177	0.00442	0.00310	0.00354	0.00619
59	0.02554	0.00993	0.01339	0.01027	0.01470	0.00869	0.00848	0.04987	0.01669	0.74481	0.02229	0.01929	0.01402	0.00707	0.00575	0.00177	0.00491	0.00573	0.00704	0.00973
60	0.02174	0.01602	0.01717	0.01316	0.01774	0.01774	0.01087	0.74423	0.02689	0.03605	0.01373	0.01373	0.00973	0.00687	0.00572	0.00172	0.00629	0.00515	0.00572	0.00973
61	0.00922	0.00658	0.00922	0.01053	0.01185	0.00658	0.00922	0.01185	0.01317	0.01712	0.03029	0.06452	0.03292	0.01580	0.00790	0.00263	0.00527	0.72480	0.00527	0.00527
62	0.02137	0.02726	0.01621	0.01474	0.01768	0.77602	0.01105	0.02284	0.01621	0.01400	0.00884	0.01031	0.00737	0.00589	0.00516	0.00147	0.01031	0.00368	0.00295	0.00663
63	0.01186	0.01017	0.01186	0.00847	0.01356	0.00762	0.00678	0.01440	0.01186	0.01864	0.01017	0.01186	0.00847	0.00424	0.00424	0.00085	0.00424	0.00339	0.00339	0.83395
64	0.02566	0.00973	0.01327	0.01018	0.01460	0.00841	0.00841	0.02788	0.01637	0.76726	0.02257	0.01947	0.01416	0.00708	0.00575	0.00177	0.00487	0.00575	0.00708	0.00973
65	0.01080	0.01017	0.01716	0.78523	0.03940	0.01271	0.01589	0.01461	0.01144	0.01461	0.01017	0.01525	0.00762	0.00572	0.00572	0.00191	0.00762	0.00508	0.00254	0.00635
66	0.02174	0.01602	0.01717	0.01316	0.01774	0.01774	0.01087	0.74423	0.02689	0.03605	0.01373	0.01373	0.00973	0.00687	0.00572	0.00172	0.00629	0.00515	0.00572	0.00973
67	0.00814	0.00547	0.00629	0.00647	0.00651	0.00543	0.00371	0.00827	0.00866	0.01155	0.01980	0.13721	0.02304	0.69614	0.02624	0.00512	0.00525	0.00936	0.00371	0.00362
68	0.80178	0.01100	0.00863	0.00764	0.01123	0.01263	0.00630	0.01733	0.01004	0.05994	0.00864	0.00976	0.00656	0.00539	0.00364	0.00177	0.00445	0.00322	0.00370	0.00636
69	0.01206	0.01034	0.01195	0.00874	0.01367	0.00818	0.00697	0.01574	0.07385	0.01908	0.01126	0.01265	0.00922	0.00453	0.00437	0.00094	0.00426	0.00365	0.00359	0.76495
70	0.02534	0.01026	0.01360	0.01043	0.01486	0.00919	0.00861	0.08779	0.01725	0.70610	0.02183	0.01899	0.01379	0.00706	0.00575	0.00177	0.00499	0.00570	0.00697	0.00973
71	0.00819	0.00590	0.00781	0.00769	0.00898	0.00552	0.00591	0.01080	0.01553	0.02175	0.62627	0.08183	0.05034	0.01255	0.00693	0.00194	0.00308	0.10753	0.00611	0.00534
72	0.00700	0.00577	0.00615	0.00614	0.00789	0.00492	0.00457	0.00865	0.01349	0.01671	0.17868	0.08712	0.60479	0.01416	0.00678	0.00193	0.00288	0.01197	0.00548	0.00492
73	0.01006	0.00754	0.00965	0.01038	0.01194	0.00790	0.00871	0.01496	0.14864	0.01786	0.02797	0.05432	0.02907	0.07983	0.00929	0.00275	0.00515	0.53294	0.00522	0.00581
74	0.57434	0.01102	0.00869	0.00819	0.01098	0.07477	0.00640	0.01538	0.01084	0.02251	0.05195	0.15549	0.01462	0.00801	0.00453	0.00185	0.00462	0.00595	0.00396	0.00590
75	0.01866	0.02280	0.01622	0.01623	0.09713	0.56731	0.01133	0.02032	0.01498	0.01460	0.01295	0.01457	0.06910	0.00685	0.00648	0.00162	0.07442	0.00463	0.00309	0.00671
76	0.00964	0.00507	0.00723	0.00723	0.00723	0.00507	0.00469	0.00761	0.00761	0.01015	0.01142	0.02107	0.01193	0.16297	0.02360	0.68150	0.00507	0.00558	0.00266	0.00266
77	0.01259	0.07738	0.63237	0.01603	0.02385	0.01406	0.05762	0.05313	0.01292	0.03327	0.01059	0.01229	0.00758	0.00547	0.00541	0.00177	0.00819	0.00436	0.00269	0.00843
78	0.02076	0.10528	0.01759	0.01424	0.01738	0.70019	0.01092	0.02227	0.01575	0.01394	0.00875	0.01020	0.00737	0.00579	0.00501	0.00145	0.00989	0.00362	0.00290	0.00670
79	0.01254	0.01259	0.01796	0.01526	0.01542	0.01744	0.03223	0.01389	0.00889	0.01389	0.00762	0.01259	0.00754	0.00987	0.01845	0.00249	0.76748	0.00505	0.00251	0.00630
80	0.00994	0.00497	0.00745	0.00745	0.00745	0.00497	0.00497	0.00745	0.00745	0.00994	0.00994	0.01739	0.00994	0.01987	0.02235	0.83358	0.00497	0.00497	0.00248	0.00248
81	0.00726	0.00581	0.00649	0.00632	0.00803	0.00504	0.00474	0.00918	0.01422	0.01826	0.32128	0.05043	0.49589	0.01344	0.00675	0.00188	0.00282	0.01142	0.00568	0.00504
82	0.00817	0.00613	0.00919	0.00919	0.01021	0.00715	0.00715	0.01021	0.00919	0.01328	0.01532	0.02247	0.01430	0.04290	0.77631	0.00919	0.01532	0.00613	0.00306	0.00511
83	0.00994	0.00497	0.00745	0.00745	0.00745	0.00497	0.00497	0.00745	0.00745	0.00994	0.00994	0.01739	0.00994	0.01987	0.02235	0.83358	0.00497	0.00497	0.00248	0.00248
84	0.00848	0.00594	0.00755	0.00715	0.00864	0.00539	0.00536	0.01092	0.01553	0.04770	0.60732	0.07923	0.14490	0.01219	0.00674	0.00184	0.00283	0.01069	0.00615	0.00544
85	0.83938	0.01106	0.00841	0.00752	0.01106	0.01283	0.00619	0.01681	0.00973	0.02566	0.00796	0.00929	0.00619	0.00531	0.00354	0.00177	0.00442	0.00310	0.00354	0.00619
86	0.01186	0.01017	0.01186	0.00847	0.01356	0.00762	0.00678	0.01440	0.01186	0.01864	0.01017	0.01186	0.00847	0.00424	0.00424	0.00085	0.00424	0.00339	0.00339	0.83395
87	0.00716	0.00578	0.00641	0.00666	0.00829	0.00504	0.00505	0.00879	0.01310	0.01623	0.11825	0.14127	0.53623	0.01476	0.00694	0.00204	0.00317	0.08453	0.00540	0.00491
88	0.00721	0.00578	0.00652	0.00699	0.00852	0.00509	0.00534	0.00877	0.01268	0.01557	0.04847	0.19258	0.50640	0.01534	0.00705	0.00212	0.00337	0.13204	0.00530	0.00487
89	0.83938	0.01106	0.00841	0.00752	0.01106	0.01283	0.00619	0.01681	0.00973	0.02566	0.00796	0.00929	0.00619	0.00531	0.00354	0.00177	0.00442	0.00310	0.00354	0.00619
90	0.29910	0.01018	0.01164	0.00928	0.01341	0.00989	0.00766	0.02416	0.01414	0.51806	0.01766	0.01605	0.01148	0.00648	0.00501	0.00177	0.00472	0.00486	0.00589	0.00854
91	0.00758	0.00583	0.00693	0.00666	0.00823	0.00518	0.00499	0.00980	0.01498	0.02006	0.49054	0.04746	0.32551	0.01277	0.00675	0.00185	0.00277	0.01101	0.00592	0.00518
92	0.00792	0.00569	0.00731	0.00830	0.00890	0.00549	0.00567	0.05519	0.01197	0.01598	0.03038	0.74512	0.03603	0.01721	0.00720	0.00228	0.00351	0.01555	0.00534	0.00497
93	0.02566	0.00973	0.01327	0.01018	0.01460	0.00841	0.00841	0.02788	0.01637	0.76726	0.02257	0.01947	0.01416	0.00708	0.00575	0.00177	0.00487	0.00575	0.00708	0.00973
94	0.48425	0.01101	0.01085	0.00893	0.01287	0.01168	0.00737	0.08155	0.01351	0.28786	0.01359	0.01325	0.00930	0.00606	0.00450	0.00177	0.00474	0.00420	0.00497	0.00774
95	0.56127	0.01033	0.00946	0.00814	0.01157	0.01125	0.00655	0.01901	0.03217	0.19321	0.01256	0.01430	0.00955	0.07216	0.00625	0.00209	0.00462	0.00423	0.00440	0.00685
96	0.00712	0.00510	0.00677	0.00786	0.00833	0.00475	0.00532	0.00835	0.01167	0.01574	0.13082	0.69271	0.04003	0.01707	0.00723	0.00225	0.00323	0.01545	0.00544	0.00475
97	0.00817	0.00613	0.00919	0.00919	0.01021	0.00715	0.00715	0.01021	0.00919	0.01328	0.01532	0.02247	0.01430	0.04290	0.77631	0.00919	0.01532	0.00613	0.00306	0.00511
98	0.01147	0.02959	0.76934	0.01630	0.02476	0.01328	0.02113	0.01811	0.01208	0.01811	0.01026	0.01208	0.00725	0.00543	0.00543	0.00181	0.00845	0.00423	0.00242	0.00845
99	0.00817	0.00613	0.00919	0.00919	0.01021	0.00715	0.00715	0.01021	0.00919	0.01328	0.01532	0.02247	0.01430	0.04290	0.77631	0.00919	0.01532	0.00613	0.00306	0.00511
100	0.00766	0.00551	0.00726	0.00749	0.00845	0.00511	0.00536	0.00971	0.01418	0.01974	0.48039	0.33174	0.04777	0.01408	0.00696	0.00200	0.00294	0.01262	0.00592	0.00511
101	0.00827	0.00572	0.00713	0.00713	0.00744	0.00603	0.00458	0.00889	0.00858	0.01175	0.01720	0.03290	0.01883	0.56979	0.25562	0.00665	0.00851	0.00765	0.00334	0.00396
102	0.01066	0.00533	0.00533	0.00533	0.00666	0.00533	0.00400	0.01333	0.01200	0.02132	0.01866	0.02132	0.01466	0.00666	0.00400	0.00133	0.00267	0.00533	0.83073	0.00533
103	0.01186	0.01017	0.01186	0.00847	0.01356	0.00762	0.00678	0.01440	0.01186	0.01864	0.01017	0.01186	0.00847	0.00424	0.00424	0.00085	0.00424	0.00339	0.00339	0.83395
104	0.01529	0.80242	0.02997	0.00979	0.01468	0.02263	0.00979	0.01713	0.01162	0.01346	0.00795	0.00918	0.00734	0.00489	0.00367	0.00122	0.00612	0.00306	0.00245	0.00734
105	0.01032	0.03020	0.01011	0.00794	0.01092	0.00687	0.00625	0.01291	0.01432	0.04372	0.40852	0.02980	0.03338	0.00861	0.00570	0.00144	0.00352	0.02662	0.00507	0.32380
106	0.01152	0.06915	0.69524	0.01554	0.02348	0.01341	0.01981	0.01772	0.01224	0.01809	0.04481	0.01334	0.00941	0.00570	0.00540	0.00178	0.00806	0.00445	0.00260	0.00825
107	0.00734	0.00529	0.00692	0.00777	0.00842	0.00493	0.00540	0.00875	0.01214	0.01636	0.18327	0.54810	0.07072	0.04340	0.00795	0.00232	0.00334	0.04733	0.00545	0.00480
108	0.01416	0.01359	0.02322	0.03511	0.76330	0.01359	0.01755	0.01755	0.01302	0.01869	0.01076	0.01416	0.00906	0.00510	0.00566	0.00170	0.00680	0.00510	0.00283	0.00906

[dist]
# distance from previous block
# <min> <max>
0	1

[block]
# block no. 1 follows, 41 sequences, length 11
# corresponding to MSA columns:
# 296-306
name=unknown_B
#
# <colnr> <probs for GDERKNQSTAVLIFYWHMCP>
#	G	D	E	R	K	N	Q	S	T	A	V	L	I	F	Y	W	H	M	C	P
0	0.01078	0.00975	0.01682	0.40306	0.08873	0.01084	0.11128	0.01409	0.01183	0.01619	0.01495	0.14765	0.01377	0.00771	0.00593	0.00190	0.00655	0.00723	0.09459	0.00636
1	0.01038	0.00959	0.01599	0.69935	0.03596	0.01182	0.01472	0.01388	0.01138	0.01461	0.01253	0.10143	0.01096	0.00707	0.00589	0.00195	0.00715	0.00632	0.00285	0.00617
2	0.00761	0.00536	0.00696	0.00777	0.00815	0.00528	0.00523	0.00854	0.01017	0.01364	0.02596	0.45776	0.03027	0.23692	0.09638	0.00398	0.00535	0.05571	0.00455	0.00441
3	0.01513	0.01351	0.02451	0.05483	0.47932	0.01321	0.19340	0.01876	0.01345	0.09926	0.01221	0.01508	0.00947	0.00526	0.00594	0.00177	0.00731	0.00557	0.00330	0.00871
4	0.01482	0.12673	0.38248	0.01609	0.02281	0.01397	0.17439	0.01968	0.01305	0.14412	0.01232	0.01367	0.00874	0.00551	0.00554	0.00175	0.00779	0.00488	0.00331	0.00836
5	0.01765	0.01162	0.01182	0.00998	0.01295	0.13761	0.00784	0.07398	0.01706	0.28897	0.31311	0.02675	0.02852	0.00870	0.00604	0.00173	0.00503	0.00718	0.00597	0.00748
6	0.00802	0.00542	0.00633	0.00662	0.00669	0.00535	0.00387	0.00824	0.00889	0.01186	0.02097	0.20296	0.02452	0.62838	0.02435	0.00484	0.00506	0.01005	0.00387	0.00372
7	0.03485	0.01506	0.01707	0.01544	0.09401	0.08293	0.03977	0.30789	0.14381	0.10847	0.01492	0.01528	0.01097	0.00690	0.00666	0.00181	0.06503	0.00532	0.00495	0.00886
8	0.01359	0.01301	0.02219	0.16186	0.64098	0.01344	0.01727	0.01706	0.01276	0.01800	0.01066	0.01434	0.00882	0.00520	0.00567	0.00173	0.00694	0.00509	0.00278	0.00860
9	0.02067	0.15283	0.02011	0.01287	0.01755	0.01331	0.13300	0.10181	0.05884	0.38436	0.01719	0.01644	0.01173	0.00632	0.00555	0.00170	0.00603	0.00542	0.00533	0.00893
10	0.01758	0.01222	0.01664	0.01262	0.01725	0.03679	0.13234	0.07055	0.12581	0.24319	0.01625	0.01622	0.01159	0.00594	0.00548	0.00155	0.00573	0.00525	0.00491	0.24208

[dist]
# distance from previous block
# <min> <max>
0	3

[block]
# block no. 2 follows, 41 sequences, length 7
# corresponding to MSA columns:
# 310-316
name=unknown_C
#
# <colnr> <probs for GDERKNQSTAVLIFYWHMCP>
#	G	D	E	R	K	N	Q	S	T	A	V	L	I	F	Y	W	H	M	C	P
0	0.08449	0.01591	0.16747	0.02216	0.33258	0.01314	0.01501	0.09230	0.07102	0.02117	0.01391	0.01956	0.01188	0.00678	0.00571	0.00185	0.00652	0.08658	0.00361	0.00833
1	0.54640	0.01411	0.09694	0.04364	0.01518	0.01385	0.00925	0.16167	0.01349	0.02639	0.00947	0.01075	0.00708	0.00565	0.00428	0.00177	0.00539	0.00372	0.00380	0.00716
2	0.01461	0.01199	0.01572	0.01705	0.21394	0.01239	0.01087	0.23576	0.03873	0.02457	0.16290	0.02123	0.04864	0.00754	0.00642	0.00168	0.04316	0.00628	0.00463	0.10189
3	0.00960	0.00853	0.01479	0.01266	0.01454	0.00949	0.15399	0.01213	0.01001	0.01432	0.01391	0.02022	0.01260	0.03250	0.55827	0.00717	0.08038	0.00616	0.00298	0.00572
4	0.00960	0.00790	0.01179	0.21522	0.07608	0.00851	0.01044	0.01275	0.04099	0.01655	0.05998	0.19002	0.05671	0.01218	0.00685	0.00221	0.00536	0.24654	0.00444	0.00586
5	0.01138	0.02162	0.47357	0.01364	0.01970	0.01197	0.01573	0.01916	0.16034	0.02019	0.15583	0.01976	0.01819	0.00709	0.00576	0.00183	0.00657	0.00584	0.00383	0.00799
6	0.00810	0.00585	0.00765	0.00720	0.00855	0.00540	0.00540	0.01079	0.01619	0.02294	0.76028	0.04273	0.05397	0.01169	0.00675	0.00180	0.00270	0.01034	0.00630	0.00540

[dist]
# distance from previous block
# <min> <max>
7	44

# created by:
# /software/SequenceAnalysis/GenePrediction/augustus/3.0.1/scripts/msa2prfl.pl ./fixed/BUSCOvEOG7J9PD7.fas
