[name]
unknown

[dist]
# distance from previous block
# <min> <max>
18	296

[block]
# block no. 0 follows, 41 sequences, length 26
# corresponding to MSA columns:
# 326-351
name=unknown_A
#
# <colnr> <probs for GDERKNQSTAVLIFYWHMCP>
#	G	D	E	R	K	N	Q	S	T	A	V	L	I	F	Y	W	H	M	C	P
0	0.00848	0.00584	0.00695	0.05669	0.00839	0.00601	0.00427	0.00873	0.00852	0.01132	0.01751	0.03599	0.01994	0.74761	0.02760	0.00531	0.00568	0.00811	0.00341	0.00365
1	0.02566	0.00973	0.01327	0.01018	0.01460	0.00841	0.00841	0.02788	0.01637	0.76726	0.02257	0.01947	0.01416	0.00708	0.00575	0.00177	0.00487	0.00575	0.00708	0.00973
2	0.01186	0.01017	0.01186	0.00847	0.01356	0.00762	0.00678	0.01440	0.01186	0.01864	0.01017	0.01186	0.00847	0.00424	0.00424	0.00085	0.00424	0.00339	0.00339	0.83395
3	0.02300	0.00915	0.01242	0.00973	0.01368	0.00795	0.00795	0.02529	0.01634	0.65459	0.13424	0.02299	0.02019	0.00778	0.00590	0.00177	0.00454	0.00645	0.00696	0.00908
4	0.01638	0.01227	0.01335	0.01158	0.01509	0.01377	0.00913	0.09190	0.59324	0.12270	0.02236	0.02044	0.01636	0.00759	0.00580	0.00190	0.00472	0.00626	0.00598	0.00920
5	0.02174	0.01602	0.01717	0.01316	0.01774	0.01774	0.01087	0.74423	0.02689	0.03605	0.01373	0.01373	0.00973	0.00687	0.00572	0.00172	0.00629	0.00515	0.00572	0.00973
6	0.02357	0.01020	0.01321	0.01044	0.01465	0.00947	0.00853	0.02834	0.15098	0.63142	0.02270	0.01981	0.01476	0.00720	0.00576	0.00180	0.00480	0.00588	0.00685	0.00961
7	0.02137	0.02726	0.01621	0.01474	0.01768	0.77602	0.01105	0.02284	0.01621	0.01400	0.00884	0.01031	0.00737	0.00589	0.00516	0.00147	0.01031	0.00368	0.00295	0.00663
8	0.01503	0.75017	0.07997	0.01023	0.01536	0.02200	0.01055	0.01719	0.01165	0.01377	0.00811	0.00937	0.00733	0.00493	0.00379	0.00126	0.00627	0.00314	0.00244	0.00742
9	0.02174	0.01602	0.01717	0.01316	0.01774	0.01774	0.01087	0.74423	0.02689	0.03605	0.01373	0.01373	0.00973	0.00687	0.00572	0.00172	0.00629	0.00515	0.00572	0.00973
10	0.01147	0.02959	0.76934	0.01630	0.02476	0.01328	0.02113	0.01811	0.01208	0.01811	0.01026	0.01208	0.00725	0.00543	0.00543	0.00181	0.00845	0.00423	0.00242	0.00845
11	0.00713	0.00577	0.00634	0.00629	0.00798	0.00497	0.00468	0.00890	0.01379	0.01744	0.24729	0.08933	0.53226	0.01390	0.00678	0.00192	0.00286	0.01182	0.00558	0.00497
12	0.02174	0.01602	0.01717	0.01316	0.01774	0.01774	0.01087	0.74423	0.02689	0.03605	0.01373	0.01373	0.00973	0.00687	0.00572	0.00172	0.00629	0.00515	0.00572	0.00973
13	0.02174	0.01602	0.01717	0.01316	0.01774	0.01774	0.01087	0.74423	0.02689	0.03605	0.01373	0.01373	0.00973	0.00687	0.00572	0.00172	0.00629	0.00515	0.00572	0.00973
14	0.01529	0.80242	0.02997	0.00979	0.01468	0.02263	0.00979	0.01713	0.01162	0.01346	0.00795	0.00918	0.00734	0.00489	0.00367	0.00122	0.00612	0.00306	0.00245	0.00734
15	0.02566	0.00973	0.01327	0.01018	0.01460	0.00841	0.00841	0.02788	0.01637	0.76726	0.02257	0.01947	0.01416	0.00708	0.00575	0.00177	0.00487	0.00575	0.00708	0.00973
16	0.00732	0.00523	0.00704	0.00837	0.00886	0.00495	0.00593	0.00858	0.01130	0.01500	0.03133	0.68003	0.03706	0.01759	0.00740	0.00237	0.00363	0.12798	0.00530	0.00474
17	0.01423	0.01229	0.01293	0.01164	0.01487	0.01423	0.00905	0.03039	0.75297	0.02393	0.02328	0.02134	0.01746	0.00776	0.00582	0.00194	0.00453	0.00647	0.00582	0.00905
18	0.01529	0.80242	0.02997	0.00979	0.01468	0.02263	0.00979	0.01713	0.01162	0.01346	0.00795	0.00918	0.00734	0.00489	0.00367	0.00122	0.00612	0.00306	0.00245	0.00734
19	0.01529	0.80242	0.02997	0.00979	0.01468	0.02263	0.00979	0.01713	0.01162	0.01346	0.00795	0.00918	0.00734	0.00489	0.00367	0.00122	0.00612	0.00306	0.00245	0.00734
20	0.02246	0.01487	0.01645	0.01262	0.01716	0.01603	0.01042	0.61332	0.02497	0.16967	0.01535	0.01478	0.01054	0.00691	0.00573	0.00173	0.00603	0.00526	0.00597	0.00973
21	0.00901	0.00644	0.00896	0.01018	0.01144	0.00639	0.00875	0.01153	0.01318	0.01725	0.06875	0.11278	0.03436	0.01573	0.00780	0.00257	0.00500	0.63933	0.00532	0.00523
22	0.02174	0.01602	0.01717	0.01316	0.01774	0.01774	0.01087	0.74423	0.02689	0.03605	0.01373	0.01373	0.00973	0.00687	0.00572	0.00172	0.00629	0.00515	0.00572	0.00973
23	0.00875	0.00633	0.00858	0.00944	0.01078	0.00616	0.00797	0.01127	0.01373	0.01815	0.18538	0.08030	0.08671	0.01491	0.00756	0.00240	0.00451	0.50632	0.00549	0.00525
24	0.01423	0.01229	0.01293	0.01164	0.01487	0.01423	0.00905	0.03039	0.75297	0.02393	0.02328	0.02134	0.01746	0.00776	0.00582	0.00194	0.00453	0.00647	0.00582	0.00905
25	0.01529	0.80242	0.02997	0.00979	0.01468	0.02263	0.00979	0.01713	0.01162	0.01346	0.00795	0.00918	0.00734	0.00489	0.00367	0.00122	0.00612	0.00306	0.00245	0.00734

[dist]
# distance from previous block
# <min> <max>
0	1

[block]
# block no. 1 follows, 41 sequences, length 36
# corresponding to MSA columns:
# 353-388
name=unknown_B
#
# <colnr> <probs for GDERKNQSTAVLIFYWHMCP>
#	G	D	E	R	K	N	Q	S	T	A	V	L	I	F	Y	W	H	M	C	P
0	0.02174	0.01602	0.01717	0.01316	0.01774	0.01774	0.01087	0.74423	0.02689	0.03605	0.01373	0.01373	0.00973	0.00687	0.00572	0.00172	0.00629	0.00515	0.00572	0.00973
1	0.00797	0.00575	0.00753	0.00728	0.00852	0.00531	0.00539	0.01047	0.01559	0.02199	0.67733	0.12838	0.05213	0.01240	0.00681	0.00186	0.00277	0.01102	0.00618	0.00531
2	0.01541	0.80089	0.03002	0.00987	0.01477	0.02268	0.00984	0.01721	0.01170	0.01358	0.00809	0.00936	0.00746	0.00498	0.00373	0.00125	0.00616	0.00310	0.00249	0.00740
3	0.73787	0.01148	0.00940	0.00817	0.01184	0.01309	0.00672	0.07467	0.01146	0.05898	0.00919	0.01027	0.00695	0.00560	0.00387	0.00179	0.00464	0.00342	0.00391	0.00669
4	0.00716	0.00590	0.00625	0.00616	0.00799	0.00502	0.00461	0.00881	0.01373	0.01702	0.19410	0.05275	0.62253	0.01401	0.00681	0.00193	0.00291	0.01176	0.00554	0.00501
5	0.01308	0.01022	0.01206	0.00869	0.01373	0.00776	0.00696	0.01555	0.01230	0.07771	0.01127	0.01264	0.00904	0.00455	0.00441	0.00095	0.00433	0.00362	0.00372	0.76740
6	0.01311	0.01092	0.01255	0.00909	0.01412	0.00885	0.00730	0.09756	0.01365	0.02073	0.01070	0.01225	0.00874	0.00462	0.00446	0.00097	0.00452	0.00363	0.00370	0.73850
7	0.00831	0.00623	0.00929	0.00928	0.01031	0.00723	0.00720	0.01031	0.00928	0.01340	0.01544	0.02263	0.01441	0.04291	0.77479	0.00920	0.01534	0.00617	0.00311	0.00518
8	0.01160	0.01085	0.01818	0.51359	0.24269	0.01243	0.01562	0.01505	0.01193	0.01589	0.01203	0.07246	0.01038	0.00652	0.00587	0.00190	0.00711	0.00595	0.00287	0.00706
9	0.07095	0.00757	0.00897	0.00869	0.01044	0.00764	0.00674	0.09476	0.03110	0.02201	0.32659	0.18208	0.06568	0.01257	0.00671	0.00205	0.00384	0.12003	0.00567	0.00591
10	0.83782	0.01115	0.00850	0.00761	0.01116	0.01290	0.00625	0.01690	0.00982	0.02576	0.00810	0.00948	0.00632	0.00540	0.00360	0.00179	0.00447	0.00314	0.00358	0.00626
11	0.02182	0.01693	0.01717	0.01336	0.01782	0.07355	0.01093	0.68978	0.02616	0.03451	0.01349	0.01366	0.00967	0.00688	0.00573	0.00172	0.00663	0.00508	0.00556	0.00956
12	0.01428	0.01367	0.02328	0.03514	0.76185	0.01365	0.01759	0.01764	0.01310	0.01880	0.01089	0.01433	0.00918	0.00518	0.00572	0.00172	0.00684	0.00514	0.00288	0.00912
13	0.01428	0.01367	0.02328	0.03514	0.76185	0.01365	0.01759	0.01764	0.01310	0.01880	0.01089	0.01433	0.00918	0.00518	0.00572	0.00172	0.00684	0.00514	0.00288	0.00912
14	0.01351	0.01518	0.03195	0.02313	0.02826	0.01487	0.65798	0.01788	0.01304	0.01792	0.01124	0.01527	0.00867	0.00550	0.00817	0.00202	0.09833	0.00659	0.00289	0.00761
15	0.00711	0.00508	0.00673	0.00805	0.00840	0.00473	0.00537	0.00807	0.01103	0.01472	0.03161	0.79382	0.03789	0.01798	0.00735	0.00235	0.00337	0.01628	0.00535	0.00472
16	0.01346	0.01501	0.03104	0.02262	0.02743	0.01504	0.61744	0.01763	0.01277	0.01766	0.01101	0.01511	0.00860	0.00579	0.00884	0.00205	0.14159	0.00649	0.00287	0.00753
17	0.01086	0.00985	0.01647	0.72247	0.03692	0.01216	0.01506	0.01414	0.01120	0.01437	0.01028	0.01559	0.00793	0.00692	0.00708	0.06743	0.00745	0.00511	0.00258	0.00612
18	0.01181	0.07256	0.72682	0.01601	0.02426	0.01387	0.02053	0.01814	0.01213	0.01797	0.01026	0.01209	0.00738	0.00549	0.00539	0.00180	0.00836	0.00420	0.00246	0.00845
19	0.00922	0.00660	0.00913	0.01024	0.01157	0.00653	0.00883	0.01182	0.01359	0.01790	0.11346	0.06211	0.03539	0.01540	0.00782	0.00256	0.00502	0.64205	0.00542	0.00535
20	0.01373	0.01482	0.10560	0.01640	0.01871	0.01586	0.13740	0.01624	0.01063	0.07450	0.00983	0.01368	0.00833	0.00845	0.01421	0.00229	0.50394	0.00531	0.00297	0.00710
21	0.01093	0.01026	0.01723	0.78373	0.03943	0.01277	0.01592	0.01470	0.01152	0.01474	0.01030	0.01542	0.00775	0.00580	0.00577	0.00193	0.00766	0.00512	0.00259	0.00642
22	0.02174	0.01929	0.01697	0.01369	0.01780	0.23310	0.01097	0.53799	0.02391	0.02987	0.01247	0.01294	0.00918	0.00667	0.00562	0.00167	0.00748	0.00477	0.00497	0.00891
23	0.00829	0.00597	0.00789	0.00794	0.00918	0.00559	0.00610	0.01075	0.01515	0.02110	0.55174	0.13220	0.04858	0.01317	0.00706	0.00202	0.00325	0.13259	0.00605	0.00536
24	0.01333	0.01270	0.02156	0.24813	0.55631	0.01340	0.01711	0.01680	0.01265	0.01764	0.01072	0.01464	0.00877	0.00536	0.00573	0.00178	0.00707	0.00513	0.00279	0.00835
25	0.02109	0.00893	0.01221	0.01036	0.01391	0.00796	0.00869	0.02339	0.01553	0.55285	0.02486	0.03242	0.01960	0.00964	0.00642	0.00204	0.00502	0.20996	0.00660	0.00853
26	0.02148	0.02732	0.01629	0.01481	0.01777	0.77452	0.01110	0.02291	0.01628	0.01412	0.00897	0.01050	0.00749	0.00598	0.00521	0.00150	0.01035	0.00373	0.00299	0.00670
27	0.64138	0.01234	0.01061	0.00897	0.01276	0.01408	0.00738	0.19166	0.01394	0.02826	0.00948	0.01054	0.00717	0.00577	0.00412	0.00178	0.00492	0.00364	0.00411	0.00711
28	0.01311	0.01468	0.03166	0.02289	0.02825	0.01375	0.68301	0.01759	0.01338	0.01814	0.01327	0.07702	0.01110	0.00594	0.00685	0.00198	0.00918	0.00754	0.00313	0.00754
29	0.00823	0.00594	0.00774	0.00729	0.00865	0.00548	0.00546	0.01089	0.01626	0.02304	0.75887	0.04284	0.05400	0.01177	0.00680	0.00182	0.00275	0.01037	0.00633	0.00547
30	0.02104	0.01531	0.01637	0.01266	0.01701	0.01688	0.01041	0.68908	0.02585	0.03504	0.01422	0.01447	0.01021	0.00693	0.00565	0.00171	0.00607	0.00520	0.06642	0.00946
31	0.00711	0.00508	0.00673	0.00805	0.00840	0.00473	0.00537	0.00807	0.01103	0.01472	0.03161	0.79382	0.03789	0.01798	0.00735	0.00235	0.00337	0.01628	0.00535	0.00472
32	0.01199	0.01026	0.01195	0.00856	0.01365	0.00770	0.00683	0.01449	0.01194	0.01875	0.01030	0.01204	0.00859	0.00432	0.00429	0.00087	0.00428	0.00343	0.00343	0.83232
33	0.01572	0.01164	0.01588	0.01313	0.01483	0.01417	0.01087	0.01732	0.01105	0.19551	0.01159	0.01428	0.00935	0.00868	0.01389	0.00215	0.50265	0.00503	0.00376	0.10851
34	0.00845	0.00564	0.00634	0.00633	0.00634	0.00563	0.00353	0.00842	0.00841	0.01122	0.01814	0.03756	0.02089	0.79744	0.02912	0.00556	0.00559	0.00835	0.00351	0.00354
35	0.01199	0.01026	0.01195	0.00856	0.01365	0.00770	0.00683	0.01449	0.01194	0.01875	0.01030	0.01204	0.00859	0.00432	0.00429	0.00087	0.00428	0.00343	0.00343	0.83232

[dist]
# distance from previous block
# <min> <max>
0	71

[block]
# block no. 2 follows, 41 sequences, length 7
# corresponding to MSA columns:
# 460-466
name=unknown_C
#
# <colnr> <probs for GDERKNQSTAVLIFYWHMCP>
#	G	D	E	R	K	N	Q	S	T	A	V	L	I	F	Y	W	H	M	C	P
0	0.01080	0.00855	0.01095	0.15015	0.01624	0.00937	0.00856	0.11255	0.12846	0.01896	0.02396	0.42759	0.02538	0.01263	0.00657	0.00211	0.00469	0.01121	0.00494	0.00633
1	0.05757	0.02146	0.37610	0.01639	0.02211	0.01482	0.12944	0.11581	0.01358	0.02019	0.01032	0.01275	0.00780	0.00636	0.00799	0.00194	0.14955	0.00482	0.00301	0.00799
2	0.12695	0.01407	0.05636	0.05980	0.26117	0.06296	0.01211	0.16806	0.01482	0.02153	0.01195	0.01672	0.01035	0.12892	0.00899	0.00231	0.00654	0.00520	0.00360	0.00761
3	0.00796	0.00600	0.00768	0.00799	0.00927	0.00525	0.00558	0.00939	0.01160	0.01610	0.09446	0.58424	0.03399	0.01487	0.00669	0.00201	0.00343	0.01338	0.00505	0.15506
4	0.01373	0.01225	0.01934	0.16358	0.38546	0.01289	0.04258	0.12863	0.01463	0.02008	0.01396	0.12032	0.01279	0.00721	0.00595	0.00183	0.00651	0.00668	0.00357	0.00802
5	0.00876	0.00878	0.07945	0.10939	0.04065	0.00737	0.03085	0.01101	0.01189	0.01628	0.16668	0.30655	0.02978	0.13446	0.01013	0.00259	0.00488	0.01065	0.00444	0.00543
6	0.01510	0.16160	0.27592	0.01378	0.05911	0.08306	0.04086	0.01893	0.01305	0.11908	0.01276	0.01407	0.00952	0.00575	0.00497	0.00159	0.00677	0.00449	0.13181	0.00778

[dist]
# distance from previous block
# <min> <max>
4	257

[block]
# block no. 3 follows, 41 sequences, length 7
# corresponding to MSA columns:
# 770-776
name=unknown_D
#
# <colnr> <probs for GDERKNQSTAVLIFYWHMCP>
#	G	D	E	R	K	N	Q	S	T	A	V	L	I	F	Y	W	H	M	C	P
0	0.01825	0.01285	0.01427	0.01167	0.01517	0.01387	0.00932	0.51502	0.02223	0.07492	0.01876	0.21132	0.01709	0.00967	0.00612	0.00187	0.00546	0.00799	0.00570	0.00845
1	0.01916	0.01180	0.01579	0.05799	0.20475	0.05109	0.01118	0.02372	0.11919	0.35286	0.05875	0.01896	0.01481	0.00679	0.00576	0.00177	0.00562	0.00579	0.00533	0.00889
2	0.01268	0.01366	0.02774	0.21490	0.03093	0.01345	0.49778	0.01706	0.01284	0.01741	0.01110	0.01509	0.00840	0.00500	0.00628	0.00183	0.00868	0.00605	0.00285	0.07627
3	0.05021	0.01521	0.01498	0.01167	0.01606	0.09669	0.00945	0.42778	0.02079	0.02814	0.01364	0.01418	0.03560	0.00631	0.00524	0.00148	0.00602	0.00471	0.00473	0.21710
4	0.01272	0.00962	0.01079	0.00965	0.01231	0.01029	0.00749	0.04722	0.37431	0.07806	0.25318	0.03079	0.10036	0.00954	0.00619	0.00188	0.00389	0.00811	0.00601	0.00759
5	0.22216	0.01268	0.01899	0.08876	0.51495	0.01333	0.01455	0.01713	0.01207	0.02012	0.01001	0.01302	0.00822	0.00520	0.00513	0.00173	0.00626	0.00459	0.00299	0.00812
6	0.01662	0.01217	0.01991	0.12738	0.47922	0.01217	0.01503	0.01977	0.01366	0.20708	0.01366	0.01564	0.01016	0.00568	0.00569	0.00174	0.00642	0.00526	0.00387	0.00887

[dist]
# distance from previous block
# <min> <max>
0	1

[block]
# block no. 4 follows, 41 sequences, length 6
# corresponding to MSA columns:
# 778-783
name=unknown_E
#
# <colnr> <probs for GDERKNQSTAVLIFYWHMCP>
#	G	D	E	R	K	N	Q	S	T	A	V	L	I	F	Y	W	H	M	C	P
0	0.01044	0.00841	0.01166	0.11423	0.01480	0.01008	0.00877	0.07960	0.01093	0.01526	0.01385	0.02199	0.01319	0.16786	0.35562	0.00589	0.12248	0.00614	0.00324	0.00557
1	0.16401	0.01129	0.01132	0.00955	0.01316	0.06514	0.00767	0.10378	0.01371	0.02111	0.01492	0.09592	0.01432	0.00778	0.00515	0.00155	0.00501	0.10187	0.00411	0.32861
2	0.19834	0.00876	0.00936	0.00863	0.01105	0.00914	0.00668	0.11229	0.03546	0.09582	0.03787	0.24543	0.02041	0.01017	0.00554	0.00188	0.00415	0.03659	0.11615	0.02627
3	0.07307	0.22299	0.44365	0.01367	0.02044	0.01612	0.01604	0.09817	0.01343	0.01946	0.00990	0.01132	0.00747	0.00545	0.00488	0.00165	0.00733	0.00395	0.00287	0.00815
4	0.01711	0.01297	0.01412	0.01099	0.01511	0.01345	0.00884	0.40656	0.09286	0.02817	0.01431	0.01587	0.01112	0.05490	0.00670	0.00174	0.00536	0.00504	0.04889	0.21590
5	0.02060	0.01062	0.01311	0.01032	0.01449	0.01002	0.00838	0.09666	0.13700	0.43252	0.05995	0.01944	0.01564	0.00704	0.00561	0.00167	0.00475	0.00574	0.00620	0.12024

[dist]
# distance from previous block
# <min> <max>
21	35

[block]
# block no. 5 follows, 41 sequences, length 15
# corresponding to MSA columns:
# 823-837
name=unknown_F
#
# <colnr> <probs for GDERKNQSTAVLIFYWHMCP>
#	G	D	E	R	K	N	Q	S	T	A	V	L	I	F	Y	W	H	M	C	P
0	0.01640	0.01024	0.01177	0.01014	0.01345	0.01064	0.00801	0.02547	0.38159	0.25267	0.07405	0.02653	0.11633	0.00868	0.00598	0.00188	0.00430	0.00723	0.00617	0.00848
1	0.01372	0.01445	0.02817	0.02026	0.02587	0.01298	0.53971	0.01771	0.01347	0.01901	0.01187	0.01539	0.00927	0.00513	0.00636	0.00176	0.00839	0.00606	0.00326	0.22717
2	0.01368	0.59137	0.02447	0.00999	0.01393	0.01838	0.00964	0.01573	0.01203	0.01443	0.01387	0.02385	0.01412	0.00779	0.00479	0.00160	0.00589	0.19446	0.00319	0.00679
3	0.01638	0.01588	0.01408	0.01108	0.01549	0.21344	0.00874	0.16392	0.01605	0.02092	0.01053	0.01183	0.00843	0.00521	0.00478	0.00119	0.00626	0.00382	0.00374	0.44821
4	0.07814	0.00902	0.01158	0.00931	0.01286	0.00826	0.00754	0.04829	0.01623	0.49141	0.21686	0.02471	0.02400	0.00817	0.00586	0.00178	0.00431	0.00676	0.00657	0.00833
5	0.00830	0.00594	0.00813	0.00922	0.01020	0.00577	0.00738	0.01039	0.01281	0.01703	0.12743	0.31082	0.03738	0.01598	0.00754	0.00242	0.00426	0.38852	0.00542	0.00507
6	0.01258	0.00943	0.01124	0.00861	0.01262	0.00786	0.00684	0.06973	0.01447	0.07379	0.21024	0.02072	0.02103	0.00661	0.00512	0.00123	0.00403	0.00553	0.00460	0.49371
7	0.01351	0.01133	0.01269	0.00980	0.01434	0.01042	0.00780	0.09385	0.20995	0.02184	0.01401	0.01457	0.01099	0.00544	0.00481	0.00123	0.00453	0.00439	0.00427	0.53026
8	0.00751	0.00532	0.00673	0.00753	0.00795	0.00500	0.00488	0.00830	0.01029	0.01382	0.02715	0.56497	0.03221	0.22454	0.01297	0.00312	0.00394	0.01367	0.00475	0.03536
9	0.07190	0.01012	0.01062	0.00932	0.01236	0.01091	0.00730	0.04274	0.37224	0.06000	0.01934	0.01922	0.01463	0.00688	0.00501	0.00164	0.00406	0.00554	0.22424	0.09194
10	0.01199	0.01057	0.01352	0.00966	0.01479	0.00814	0.06256	0.01470	0.01199	0.01861	0.01027	0.01213	0.00849	0.00428	0.00443	0.00093	0.00465	0.00364	0.00335	0.77130
11	0.01186	0.01017	0.01186	0.00847	0.01356	0.00762	0.00678	0.01440	0.01186	0.01864	0.01017	0.01186	0.00847	0.00424	0.00424	0.00085	0.00424	0.00339	0.00339	0.83395
12	0.01902	0.02335	0.01656	0.01481	0.01698	0.57487	0.01144	0.02043	0.01423	0.01394	0.00849	0.01090	0.00741	0.00699	0.00877	0.00175	0.21669	0.00403	0.00283	0.00653
13	0.01423	0.01229	0.01293	0.01164	0.01487	0.01423	0.00905	0.03039	0.75297	0.02393	0.02328	0.02134	0.01746	0.00776	0.00582	0.00194	0.00453	0.00647	0.00582	0.00905
14	0.00727	0.00521	0.00690	0.00776	0.00836	0.00485	0.00533	0.00871	0.01234	0.01681	0.22479	0.59568	0.04211	0.01627	0.00715	0.00218	0.00315	0.01469	0.00557	0.00485

[dist]
# distance from previous block
# <min> <max>
25	35

[block]
# block no. 6 follows, 41 sequences, length 7
# corresponding to MSA columns:
# 875-881
name=unknown_G
#
# <colnr> <probs for GDERKNQSTAVLIFYWHMCP>
#	G	D	E	R	K	N	Q	S	T	A	V	L	I	F	Y	W	H	M	C	P
0	0.12454	0.01161	0.01478	0.01167	0.01575	0.01164	0.10578	0.07495	0.21202	0.08594	0.07544	0.01781	0.01485	0.00644	0.00534	0.00163	0.00514	0.00552	0.00472	0.19443
1	0.32625	0.01231	0.11091	0.00933	0.01308	0.01068	0.00856	0.08333	0.01408	0.09888	0.20471	0.02146	0.04959	0.00764	0.00516	0.00178	0.00468	0.00591	0.00472	0.00692
2	0.01251	0.09195	0.02557	0.01791	0.02213	0.01363	0.40713	0.01604	0.01216	0.01670	0.01229	0.01800	0.01055	0.01097	0.11008	0.00284	0.08104	0.04668	0.00301	0.06884
3	0.22043	0.11677	0.01398	0.00963	0.01343	0.03993	0.00797	0.08682	0.06738	0.20102	0.04424	0.06551	0.01353	0.00701	0.00493	0.00166	0.00500	0.00534	0.00480	0.07061
4	0.61982	0.01037	0.00935	0.04007	0.01248	0.01155	0.00682	0.01764	0.01129	0.12388	0.07941	0.01398	0.01172	0.00615	0.00422	0.00178	0.00446	0.00420	0.00422	0.00660
5	0.11045	0.01305	0.01305	0.01058	0.01444	0.11177	0.00848	0.14432	0.05371	0.26905	0.09032	0.01777	0.01517	0.00688	0.00536	0.00163	0.00548	0.00532	0.00537	0.09780
6	0.07851	0.01117	0.01250	0.01060	0.01399	0.01183	0.00843	0.18313	0.22787	0.17061	0.06823	0.09809	0.01874	0.00859	0.00582	0.00185	0.00475	0.02400	0.00576	0.03550

[dist]
# distance from previous block
# <min> <max>
0	27

[block]
# block no. 7 follows, 41 sequences, length 6
# corresponding to MSA columns:
# 914-919
name=unknown_H
#
# <colnr> <probs for GDERKNQSTAVLIFYWHMCP>
#	G	D	E	R	K	N	Q	S	T	A	V	L	I	F	Y	W	H	M	C	P
0	0.01290	0.03919	0.01697	0.20117	0.02090	0.01520	0.01232	0.08696	0.01165	0.01666	0.00933	0.01347	0.00808	0.00904	0.03855	0.00230	0.38827	0.00485	0.00294	0.08926
1	0.17822	0.01235	0.01895	0.19160	0.45675	0.01325	0.01493	0.01677	0.01202	0.01920	0.01007	0.01342	0.00818	0.00527	0.00525	0.00176	0.00650	0.00469	0.00291	0.00790
2	0.01157	0.06725	0.34952	0.25640	0.02671	0.01264	0.01617	0.01628	0.01181	0.01682	0.01007	0.01286	0.00759	0.00527	0.00520	0.00163	0.00728	0.00427	0.00263	0.15801
3	0.01276	0.00987	0.01117	0.00838	0.01266	0.00833	0.00669	0.09807	0.01362	0.02118	0.01227	0.01397	0.00985	0.00502	0.00436	0.00104	0.00416	0.00398	0.16886	0.57376
4	0.01365	0.01318	0.02181	0.07778	0.58236	0.01425	0.01653	0.01668	0.01215	0.01754	0.01013	0.01393	0.00869	0.00603	0.00805	0.00186	0.14916	0.00508	0.00275	0.00838
5	0.01390	0.01370	0.01953	0.06932	0.50120	0.09989	0.01520	0.01696	0.01333	0.01764	0.01406	0.02294	0.01313	0.00717	0.00602	0.00185	0.00697	0.13596	0.00327	0.00794

[dist]
# distance from previous block
# <min> <max>
0	1

[block]
# block no. 8 follows, 41 sequences, length 10
# corresponding to MSA columns:
# 921-930
name=unknown_I
#
# <colnr> <probs for GDERKNQSTAVLIFYWHMCP>
#	G	D	E	R	K	N	Q	S	T	A	V	L	I	F	Y	W	H	M	C	P
0	0.02095	0.01253	0.01581	0.01470	0.10731	0.01119	0.01024	0.11024	0.01714	0.31551	0.01973	0.07811	0.01560	0.00859	0.00657	0.00204	0.00588	0.00660	0.00607	0.21519
1	0.45433	0.01460	0.10402	0.01089	0.01518	0.01286	0.00949	0.04936	0.01372	0.07421	0.08680	0.01775	0.01450	0.00777	0.00558	0.00216	0.00573	0.00514	0.00485	0.09105
2	0.07712	0.00966	0.01111	0.01002	0.01241	0.00921	0.00757	0.06380	0.05378	0.11663	0.43718	0.03617	0.03858	0.01145	0.00720	0.00226	0.00446	0.02961	0.05398	0.00782
3	0.01468	0.01358	0.01862	0.10984	0.01988	0.01666	0.03289	0.01575	0.01127	0.01696	0.01115	0.01673	0.01035	0.01130	0.03883	0.00289	0.53876	0.00576	0.00354	0.09055
4	0.05286	0.01095	0.01395	0.01333	0.10544	0.01077	0.00939	0.11188	0.12092	0.31818	0.01951	0.09512	0.01508	0.00771	0.00570	0.00177	0.00501	0.00647	0.00562	0.07035
5	0.11484	0.08869	0.01238	0.00933	0.01212	0.01070	0.00738	0.15829	0.01501	0.11460	0.06753	0.26970	0.02180	0.02839	0.00630	0.00193	0.00457	0.00871	0.00505	0.04268
6	0.04836	0.01335	0.02302	0.01708	0.02158	0.01320	0.37236	0.15211	0.01521	0.02178	0.01319	0.05940	0.01082	0.00628	0.00652	0.00178	0.04111	0.00632	0.06615	0.09039
7	0.21143	0.01125	0.01245	0.00964	0.01405	0.01087	0.00790	0.14683	0.01550	0.27383	0.01442	0.01413	0.01006	0.00590	0.00484	0.00152	0.00485	0.00442	0.00507	0.22104
8	0.31746	0.01398	0.01372	0.01102	0.01513	0.01573	0.00906	0.43456	0.06762	0.03150	0.01226	0.01262	0.00895	0.00636	0.00494	0.00175	0.00550	0.00449	0.00494	0.00840
9	0.01147	0.02959	0.76934	0.01630	0.02476	0.01328	0.02113	0.01811	0.01208	0.01811	0.01026	0.01208	0.00725	0.00543	0.00543	0.00181	0.00845	0.00423	0.00242	0.00845

[dist]
# distance from previous block
# <min> <max>
0	1

[block]
# block no. 9 follows, 41 sequences, length 11
# corresponding to MSA columns:
# 932-942
name=unknown_J
#
# <colnr> <probs for GDERKNQSTAVLIFYWHMCP>
#	G	D	E	R	K	N	Q	S	T	A	V	L	I	F	Y	W	H	M	C	P
0	0.00818	0.00595	0.00776	0.00761	0.00899	0.00554	0.00591	0.01079	0.01553	0.02158	0.60485	0.04681	0.09644	0.01249	0.00692	0.00193	0.00310	0.11820	0.00608	0.00534
1	0.00810	0.00585	0.00765	0.00720	0.00855	0.00540	0.00540	0.01079	0.01619	0.02294	0.76028	0.04273	0.05397	0.01169	0.00675	0.00180	0.00270	0.01034	0.00630	0.00540
2	0.01423	0.01229	0.01293	0.01164	0.01487	0.01423	0.00905	0.03039	0.75297	0.02393	0.02328	0.02134	0.01746	0.00776	0.00582	0.00194	0.00453	0.00647	0.00582	0.00905
3	0.00817	0.00613	0.00919	0.00919	0.01021	0.00715	0.00715	0.01021	0.00919	0.01328	0.01532	0.02247	0.01430	0.04290	0.77631	0.00919	0.01532	0.00613	0.00306	0.00511
4	0.00832	0.00555	0.00624	0.00624	0.00624	0.00555	0.00347	0.00832	0.00832	0.01109	0.01802	0.03743	0.02080	0.79898	0.02911	0.00555	0.00555	0.00832	0.00347	0.00347
5	0.00832	0.00555	0.00624	0.00624	0.00624	0.00555	0.00347	0.00832	0.00832	0.01109	0.01802	0.03743	0.02080	0.79898	0.02911	0.00555	0.00555	0.00832	0.00347	0.00347
6	0.01066	0.00533	0.00533	0.00533	0.00666	0.00533	0.00400	0.01333	0.01200	0.02132	0.01866	0.02132	0.01466	0.00666	0.00400	0.00133	0.00267	0.00533	0.83073	0.00533
7	0.67592	0.01379	0.12339	0.00897	0.01329	0.01269	0.00855	0.01753	0.01040	0.05972	0.00900	0.01019	0.00673	0.00541	0.00393	0.00178	0.00505	0.00339	0.00354	0.00670
8	0.01178	0.02745	0.65841	0.01748	0.02553	0.01346	0.12992	0.01815	0.01229	0.01815	0.01046	0.01258	0.00746	0.00534	0.00563	0.00183	0.00863	0.00461	0.00249	0.00834
9	0.01272	0.02621	0.58939	0.01719	0.02489	0.01387	0.12898	0.08478	0.01365	0.01979	0.01078	0.01273	0.00769	0.00547	0.00566	0.00182	0.00843	0.00469	0.00279	0.00846
10	0.00744	0.00651	0.00739	0.00848	0.07707	0.00563	0.00556	0.00907	0.01304	0.01575	0.05361	0.05129	0.69197	0.01362	0.00666	0.00191	0.00325	0.01143	0.00508	0.00522

[dist]
# distance from previous block
# <min> <max>
0	2

[block]
# block no. 10 follows, 41 sequences, length 10
# corresponding to MSA columns:
# 945-954
name=unknown_K
#
# <colnr> <probs for GDERKNQSTAVLIFYWHMCP>
#	G	D	E	R	K	N	Q	S	T	A	V	L	I	F	Y	W	H	M	C	P
0	0.01225	0.01099	0.01642	0.59012	0.03343	0.01336	0.01430	0.07394	0.14229	0.01790	0.01274	0.01620	0.00951	0.00616	0.00574	0.00190	0.00698	0.00533	0.00336	0.00709
1	0.15594	0.01059	0.01610	0.59110	0.09056	0.01280	0.01432	0.01523	0.01126	0.01686	0.00983	0.01412	0.00749	0.00560	0.00533	0.00187	0.00700	0.00474	0.00274	0.00654
2	0.01390	0.00935	0.01102	0.01087	0.01314	0.05552	0.00912	0.06171	0.07019	0.14966	0.02612	0.07626	0.02567	0.01260	0.00704	0.00229	0.00544	0.42791	0.00551	0.00667
3	0.01081	0.00622	0.00845	0.00901	0.01030	0.00580	0.00685	0.01244	0.01246	0.14684	0.02964	0.47351	0.03244	0.01548	0.00718	0.00231	0.00409	0.19487	0.00561	0.00569
4	0.01369	0.01639	0.15367	0.03182	0.63417	0.01354	0.01818	0.01765	0.01286	0.01859	0.01067	0.01379	0.00874	0.00516	0.00562	0.00172	0.00709	0.00494	0.00276	0.00895
5	0.02408	0.01138	0.01418	0.01097	0.01536	0.01096	0.00903	0.19886	0.06038	0.55100	0.02050	0.01821	0.01329	0.00707	0.00575	0.00177	0.00519	0.00565	0.00668	0.00969
6	0.01319	0.01452	0.02867	0.02126	0.02524	0.01542	0.51399	0.01690	0.01202	0.01690	0.01030	0.01452	0.00831	0.00645	0.01051	0.00211	0.25347	0.00620	0.00277	0.00726
7	0.02036	0.01521	0.01566	0.01227	0.01637	0.05035	0.01003	0.62163	0.02458	0.03324	0.01412	0.01451	0.01023	0.00680	0.00548	0.00166	0.00603	0.00511	0.10732	0.00905
8	0.00697	0.00498	0.00664	0.00796	0.00830	0.00465	0.00531	0.00796	0.01095	0.01460	0.03153	0.79525	0.03783	0.01792	0.00730	0.00232	0.00332	0.01626	0.00531	0.00465
9	0.01423	0.01229	0.01293	0.01164	0.01487	0.01423	0.00905	0.03039	0.75297	0.02393	0.02328	0.02134	0.01746	0.00776	0.00582	0.00194	0.00453	0.00647	0.00582	0.00905

[dist]
# distance from previous block
# <min> <max>
4	5

[block]
# block no. 11 follows, 41 sequences, length 7
# corresponding to MSA columns:
# 960-966
name=unknown_L
#
# <colnr> <probs for GDERKNQSTAVLIFYWHMCP>
#	G	D	E	R	K	N	Q	S	T	A	V	L	I	F	Y	W	H	M	C	P
0	0.01147	0.02959	0.76934	0.01630	0.02476	0.01328	0.02113	0.01811	0.01208	0.01811	0.01026	0.01208	0.00725	0.00543	0.00543	0.00181	0.00845	0.00423	0.00242	0.00845
1	0.01350	0.01543	0.03375	0.02411	0.02989	0.01446	0.74253	0.01832	0.01350	0.01832	0.01157	0.01543	0.00868	0.00482	0.00675	0.00193	0.00964	0.00675	0.00289	0.00771
2	0.00697	0.00498	0.00664	0.00796	0.00830	0.00465	0.00531	0.00796	0.01095	0.01460	0.03153	0.79525	0.03783	0.01792	0.00730	0.00232	0.00332	0.01626	0.00531	0.00465
3	0.01982	0.01499	0.01716	0.14901	0.02155	0.01685	0.01175	0.61585	0.02417	0.03228	0.01311	0.01400	0.00936	0.00666	0.00572	0.00175	0.00653	0.00514	0.00516	0.00913
4	0.01416	0.01359	0.02322	0.03511	0.76330	0.01359	0.01755	0.01755	0.01302	0.01869	0.01076	0.01416	0.00906	0.00510	0.00566	0.00170	0.00680	0.00510	0.00283	0.00906
5	0.01416	0.01359	0.02322	0.03511	0.76330	0.01359	0.01755	0.01755	0.01302	0.01869	0.01076	0.01416	0.00906	0.00510	0.00566	0.00170	0.00680	0.00510	0.00283	0.00906
6	0.83938	0.01106	0.00841	0.00752	0.01106	0.01283	0.00619	0.01681	0.00973	0.02566	0.00796	0.00929	0.00619	0.00531	0.00354	0.00177	0.00442	0.00310	0.00354	0.00619

[dist]
# distance from previous block
# <min> <max>
0	46

# created by:
# /software/SequenceAnalysis/GenePrediction/augustus/3.0.1/scripts/msa2prfl.pl ./fixed/BUSCOvEOG74QVDD.fas
