[name]
unknown

[dist]
# distance from previous block
# <min> <max>
24	632

[block]
# block no. 0 follows, 40 sequences, length 18
# corresponding to MSA columns:
# 916-933
name=unknown_A
#
# <colnr> <probs for GDERKNQSTAVLIFYWHMCP>
#	G	D	E	R	K	N	Q	S	T	A	V	L	I	F	Y	W	H	M	C	P
0	0.01022	0.00622	0.00830	0.00819	0.00926	0.00621	0.00584	0.01161	0.01121	0.10602	0.10074	0.21350	0.02628	0.21991	0.22448	0.00500	0.00745	0.00969	0.00462	0.00526
1	0.01879	0.08522	0.11628	0.01250	0.01729	0.01551	0.01144	0.42972	0.02172	0.09368	0.10454	0.01744	0.01523	0.00723	0.00572	0.00173	0.00610	0.00562	0.00527	0.00897
2	0.01975	0.01979	0.06729	0.01276	0.01640	0.35429	0.01048	0.10889	0.08058	0.13150	0.01428	0.01477	0.01060	0.00652	0.00534	0.00162	0.00757	0.00473	0.10506	0.00777
3	0.48474	0.01215	0.09930	0.00894	0.01265	0.01099	0.00813	0.01670	0.01184	0.08888	0.12283	0.07090	0.01664	0.00744	0.00478	0.00185	0.00469	0.00556	0.00432	0.00666
4	0.00878	0.00582	0.00671	0.00663	0.00813	0.00541	0.00506	0.01121	0.01416	0.02056	0.31018	0.04133	0.21095	0.01129	0.00609	0.00178	0.00296	0.05894	0.25869	0.00532
5	0.00939	0.01382	0.24212	0.01408	0.10541	0.00854	0.01187	0.01246	0.01174	0.01645	0.02282	0.45705	0.02532	0.01272	0.00664	0.00212	0.00541	0.01138	0.00419	0.00646
6	0.01335	0.01360	0.10746	0.03946	0.42675	0.01134	0.01448	0.01667	0.01339	0.08276	0.02249	0.02380	0.17441	0.00752	0.00598	0.00180	0.00608	0.00670	0.00375	0.00819
7	0.21192	0.01563	0.17307	0.01660	0.18007	0.01259	0.01272	0.10425	0.01461	0.08785	0.10271	0.01673	0.01424	0.00652	0.00534	0.00179	0.00595	0.00522	0.00412	0.00807
8	0.08761	0.07846	0.30208	0.12881	0.02320	0.25109	0.01535	0.01920	0.01325	0.01692	0.00960	0.01174	0.00738	0.00566	0.00519	0.00170	0.00853	0.00407	0.00275	0.00742
9	0.16901	0.00802	0.00868	0.00857	0.01039	0.00832	0.00632	0.11144	0.01324	0.02064	0.02323	0.45181	0.02559	0.01289	0.00612	0.00204	0.00400	0.01114	0.06166	0.03689
10	0.01980	0.11386	0.01731	0.01252	0.01630	0.24841	0.01014	0.29501	0.02006	0.07538	0.10114	0.01625	0.01455	0.00703	0.00551	0.00162	0.00710	0.00519	0.00471	0.00810
11	0.19718	0.41016	0.02122	0.00999	0.01440	0.10814	0.00897	0.01881	0.01239	0.08283	0.00966	0.01060	0.00790	0.00534	0.00411	0.00142	0.00611	0.00346	0.00327	0.06404
12	0.01156	0.00768	0.00980	0.06224	0.01284	0.00773	0.00743	0.06463	0.07783	0.10780	0.10049	0.35426	0.08162	0.01336	0.00682	0.00213	0.00421	0.05565	0.00559	0.00634
13	0.57926	0.01096	0.01132	0.24897	0.02023	0.01301	0.00937	0.01640	0.01044	0.02259	0.00880	0.01134	0.00675	0.00553	0.00429	0.00184	0.00551	0.00378	0.00328	0.00635
14	0.01563	0.01424	0.01288	0.01167	0.01384	0.22798	0.00893	0.01864	0.08220	0.11874	0.08298	0.18754	0.02042	0.01005	0.00789	0.00192	0.11412	0.00787	0.00462	0.03782
15	0.21114	0.03539	0.33711	0.24953	0.02616	0.01341	0.01593	0.01698	0.01149	0.01908	0.00979	0.01252	0.00723	0.00557	0.00511	0.00185	0.00730	0.00426	0.00277	0.00736
16	0.17445	0.23273	0.01971	0.01224	0.01634	0.24899	0.05966	0.04775	0.01419	0.10909	0.01066	0.01160	0.00828	0.00571	0.00472	0.00156	0.00730	0.00399	0.00359	0.00744
17	0.46607	0.01240	0.01163	0.05281	0.01447	0.06578	0.00828	0.02838	0.01132	0.07321	0.00961	0.01135	0.00751	0.00606	0.00600	0.00176	0.10059	0.00379	0.00363	0.10534

[dist]
# distance from previous block
# <min> <max>
0	2

[block]
# block no. 1 follows, 40 sequences, length 11
# corresponding to MSA columns:
# 936-946
name=unknown_B
#
# <colnr> <probs for GDERKNQSTAVLIFYWHMCP>
#	G	D	E	R	K	N	Q	S	T	A	V	L	I	F	Y	W	H	M	C	P
0	0.13129	0.00659	0.00866	0.04485	0.01024	0.00686	0.00604	0.01095	0.00883	0.07250	0.01084	0.01655	0.00978	0.01633	0.01780	0.60505	0.00509	0.00484	0.00306	0.00385
1	0.01739	0.01272	0.01392	0.01178	0.01555	0.01402	0.00936	0.15574	0.49077	0.13146	0.02137	0.01971	0.01556	0.00750	0.00583	0.00187	0.00496	0.00612	0.00599	0.03835
2	0.01205	0.00765	0.00940	0.00884	0.01085	0.00762	0.00704	0.07246	0.06957	0.09384	0.28747	0.07818	0.03388	0.01116	0.00646	0.00195	0.00392	0.14593	0.12528	0.00646
3	0.05834	0.37508	0.39356	0.01311	0.01980	0.01776	0.01547	0.01789	0.01194	0.01670	0.00925	0.01080	0.00735	0.00527	0.00461	0.00157	0.00730	0.00370	0.00253	0.00796
4	0.05918	0.00928	0.01178	0.00989	0.01332	0.00878	0.00798	0.02357	0.11073	0.44087	0.12286	0.07074	0.02254	0.00904	0.00611	0.00191	0.00452	0.05193	0.00653	0.00845
5	0.01272	0.24002	0.56485	0.01477	0.02237	0.01610	0.01834	0.01814	0.01215	0.01712	0.00979	0.01147	0.00739	0.00537	0.00504	0.00168	0.00795	0.00397	0.00246	0.00829
6	0.11497	0.01072	0.01285	0.01042	0.01451	0.01058	0.00846	0.02773	0.20466	0.48928	0.02145	0.01911	0.01434	0.00717	0.00561	0.00184	0.00481	0.00573	0.00646	0.00931
7	0.01527	0.74354	0.08360	0.01043	0.01567	0.02232	0.01078	0.01749	0.01185	0.01402	0.00825	0.00954	0.00746	0.00501	0.00386	0.00129	0.00639	0.00320	0.00249	0.00754
8	0.01305	0.01368	0.02312	0.01824	0.02013	0.01681	0.24617	0.01549	0.01046	0.01549	0.00896	0.01368	0.00802	0.00848	0.01515	0.00236	0.53555	0.00566	0.00267	0.00684
9	0.02211	0.01629	0.01745	0.01338	0.01803	0.01803	0.01105	0.73997	0.02734	0.03665	0.01396	0.01396	0.00989	0.00698	0.00582	0.00175	0.00640	0.00524	0.00582	0.00989
10	0.83671	0.01125	0.00855	0.00765	0.01125	0.01305	0.00630	0.01709	0.00990	0.02609	0.00810	0.00945	0.00630	0.00540	0.00360	0.00180	0.00450	0.00315	0.00360	0.00630

[dist]
# distance from previous block
# <min> <max>
0	333

# created by:
# /software/SequenceAnalysis/GenePrediction/augustus/3.0.1/scripts/msa2prfl.pl ./fixed/BUSCOvEOG7VQC32.fas
