[name]
unknown

[dist]
# distance from previous block
# <min> <max>
0	72

[block]
# block no. 0 follows, 40 sequences, length 7
# corresponding to MSA columns:
# 80-86
name=unknown_A
#
# <colnr> <probs for GDERKNQSTAVLIFYWHMCP>
#	G	D	E	R	K	N	Q	S	T	A	V	L	I	F	Y	W	H	M	C	P
0	0.00734	0.00561	0.00676	0.00760	0.00864	0.00505	0.00545	0.00864	0.01220	0.01551	0.04196	0.45125	0.30427	0.01678	0.00732	0.00226	0.00344	0.07958	0.00543	0.00491
1	0.00829	0.00596	0.00739	0.00707	0.00821	0.00554	0.00503	0.01030	0.01454	0.02019	0.53807	0.04344	0.10687	0.18016	0.01178	0.00268	0.00342	0.01025	0.00573	0.00508
2	0.01894	0.01413	0.01504	0.01185	0.01593	0.01527	0.00967	0.58192	0.02437	0.03223	0.02370	0.02312	0.17011	0.00871	0.00609	0.00181	0.00570	0.00678	0.00576	0.00887
3	0.01501	0.01202	0.01500	0.01647	0.17408	0.01303	0.01070	0.02610	0.45815	0.08831	0.08823	0.02210	0.01913	0.00769	0.00601	0.00191	0.00500	0.00661	0.00546	0.00898
4	0.01170	0.00984	0.01116	0.00841	0.01286	0.00787	0.00668	0.05965	0.01336	0.01949	0.02109	0.02175	0.16919	0.00679	0.00500	0.00118	0.00419	0.00549	0.00405	0.60025
5	0.01226	0.12594	0.67262	0.01581	0.02395	0.01475	0.02007	0.01836	0.01229	0.01793	0.01026	0.01207	0.00749	0.00553	0.00535	0.00179	0.00833	0.00419	0.00250	0.00851
6	0.77012	0.01078	0.00829	0.00747	0.01089	0.01243	0.00612	0.01681	0.01008	0.02574	0.00897	0.01043	0.00699	0.00551	0.00364	0.00176	0.00435	0.00333	0.07006	0.00623

[dist]
# distance from previous block
# <min> <max>
4	8

[block]
# block no. 1 follows, 40 sequences, length 9
# corresponding to MSA columns:
# 95-103
name=unknown_B
#
# <colnr> <probs for GDERKNQSTAVLIFYWHMCP>
#	G	D	E	R	K	N	Q	S	T	A	V	L	I	F	Y	W	H	M	C	P
0	0.54311	0.01374	0.01170	0.00981	0.01369	0.05951	0.00802	0.23516	0.01554	0.02857	0.00992	0.01087	0.00745	0.00591	0.00436	0.00177	0.00543	0.00381	0.00423	0.00741
1	0.01770	0.01253	0.01349	0.01077	0.01441	0.01339	0.00871	0.46415	0.02152	0.03034	0.01599	0.06353	0.01275	0.00741	0.00538	0.00162	0.00517	0.00583	0.20260	0.07271
2	0.02609	0.00990	0.01350	0.01035	0.01484	0.00855	0.00855	0.02834	0.01664	0.76338	0.02294	0.01979	0.01439	0.00720	0.00585	0.00180	0.00495	0.00585	0.00720	0.00990
3	0.02330	0.01230	0.01473	0.01152	0.01591	0.01239	0.00944	0.25951	0.11448	0.43240	0.02012	0.01815	0.01337	0.00722	0.00585	0.00180	0.00537	0.00574	0.00658	0.00981
4	0.01439	0.01382	0.02360	0.03569	0.75936	0.01382	0.01785	0.01785	0.01324	0.01900	0.01094	0.01439	0.00921	0.00518	0.00576	0.00173	0.00691	0.00518	0.00288	0.00921
5	0.01399	0.01148	0.01309	0.00953	0.01460	0.00973	0.00769	0.15389	0.01499	0.02235	0.01103	0.01242	0.00886	0.00482	0.00460	0.00103	0.00471	0.00379	0.00390	0.67351
6	0.61450	0.16204	0.01251	0.00792	0.01160	0.01436	0.00682	0.01688	0.01044	0.02336	0.00894	0.01038	0.00719	0.00542	0.00366	0.00166	0.00469	0.00332	0.06783	0.00645
7	0.01439	0.01382	0.02360	0.03569	0.75936	0.01382	0.01785	0.01785	0.01324	0.01900	0.01094	0.01439	0.00921	0.00518	0.00576	0.00173	0.00691	0.00518	0.00288	0.00921
8	0.01399	0.01148	0.01309	0.00953	0.01460	0.00973	0.00769	0.15389	0.01499	0.02235	0.01103	0.01242	0.00886	0.00482	0.00460	0.00103	0.00471	0.00379	0.00390	0.67351

[dist]
# distance from previous block
# <min> <max>
0	1

[block]
# block no. 2 follows, 40 sequences, length 8
# corresponding to MSA columns:
# 105-112
name=unknown_C
#
# <colnr> <probs for GDERKNQSTAVLIFYWHMCP>
#	G	D	E	R	K	N	Q	S	T	A	V	L	I	F	Y	W	H	M	C	P
0	0.01390	0.01331	0.02271	0.14416	0.65476	0.01369	0.01760	0.01741	0.01301	0.01840	0.01085	0.01455	0.00900	0.00527	0.00577	0.00176	0.00703	0.00518	0.00284	0.00881
1	0.77430	0.01114	0.00893	0.00786	0.01152	0.01270	0.00647	0.01796	0.01042	0.08285	0.00924	0.01024	0.00692	0.00554	0.00377	0.00180	0.00453	0.00336	0.00388	0.00657
2	0.01459	0.01443	0.02265	0.09467	0.65362	0.06242	0.01729	0.01795	0.01332	0.01836	0.01076	0.01423	0.00898	0.00528	0.00573	0.00173	0.00721	0.00509	0.00286	0.00883
3	0.01439	0.01382	0.02360	0.03569	0.75936	0.01382	0.01785	0.01785	0.01324	0.01900	0.01094	0.01439	0.00921	0.00518	0.00576	0.00173	0.00691	0.00518	0.00288	0.00921
4	0.01439	0.01382	0.02360	0.03569	0.75936	0.01382	0.01785	0.01785	0.01324	0.01900	0.01094	0.01439	0.00921	0.00518	0.00576	0.00173	0.00691	0.00518	0.00288	0.00921
5	0.00794	0.00539	0.00669	0.00755	0.00811	0.00515	0.00516	0.00911	0.01104	0.01517	0.02934	0.46123	0.07202	0.16633	0.01134	0.00288	0.00387	0.07039	0.09667	0.00463
6	0.02064	0.01542	0.01667	0.01269	0.01742	0.01654	0.01045	0.63450	0.02512	0.03408	0.01343	0.01368	0.00970	0.00659	0.00560	0.00162	0.00609	0.00498	0.00547	0.12931
7	0.02211	0.01629	0.01745	0.01338	0.01803	0.01803	0.01105	0.73997	0.02734	0.03665	0.01396	0.01396	0.00989	0.00698	0.00582	0.00175	0.00640	0.00524	0.00582	0.00989

[dist]
# distance from previous block
# <min> <max>
0	1

[block]
# block no. 3 follows, 40 sequences, length 21
# corresponding to MSA columns:
# 114-134
name=unknown_D
#
# <colnr> <probs for GDERKNQSTAVLIFYWHMCP>
#	G	D	E	R	K	N	Q	S	T	A	V	L	I	F	Y	W	H	M	C	P
0	0.01098	0.01034	0.01744	0.78165	0.04005	0.01292	0.01615	0.01486	0.01163	0.01486	0.01034	0.01550	0.00775	0.00581	0.00581	0.00194	0.00775	0.00517	0.00258	0.00646
1	0.01373	0.01569	0.03431	0.02451	0.03039	0.01471	0.73824	0.01863	0.01373	0.01863	0.01176	0.01569	0.00882	0.00490	0.00686	0.00196	0.00980	0.00686	0.00294	0.00784
2	0.01439	0.01382	0.02360	0.03569	0.75936	0.01382	0.01785	0.01785	0.01324	0.01900	0.01094	0.01439	0.00921	0.00518	0.00576	0.00173	0.00691	0.00518	0.00288	0.00921
3	0.00846	0.00564	0.00634	0.00634	0.00634	0.00564	0.00352	0.00846	0.00846	0.01128	0.01832	0.03805	0.02114	0.79563	0.02960	0.00564	0.00564	0.00846	0.00352	0.00352
4	0.01555	0.79913	0.03047	0.00995	0.01493	0.02301	0.00995	0.01741	0.01182	0.01368	0.00808	0.00933	0.00746	0.00498	0.00373	0.00124	0.00622	0.00311	0.00249	0.00746
5	0.01272	0.01272	0.01781	0.01527	0.01527	0.01781	0.01272	0.01399	0.00891	0.01399	0.00763	0.01272	0.00763	0.01018	0.01908	0.00254	0.78499	0.00509	0.00254	0.00636
6	0.01018	0.00947	0.01518	0.62971	0.03375	0.01135	0.01385	0.01358	0.01195	0.01502	0.01985	0.02343	0.15450	0.00756	0.00602	0.00194	0.00681	0.00656	0.00314	0.00616
7	0.00878	0.00552	0.00658	0.00658	0.00658	0.00552	0.00382	0.00828	0.00828	0.01105	0.01671	0.03406	0.01898	0.64375	0.02825	0.16726	0.00552	0.00779	0.00333	0.00333
8	0.01386	0.01532	0.03222	0.02670	0.17317	0.01453	0.59714	0.01847	0.01363	0.01870	0.01160	0.01543	0.00890	0.00496	0.00665	0.00192	0.00924	0.00653	0.00293	0.00811
9	0.01322	0.01030	0.01218	0.00876	0.01387	0.00782	0.00703	0.01577	0.01244	0.08046	0.01138	0.01270	0.00909	0.00455	0.00443	0.00094	0.00436	0.00364	0.00376	0.76332
10	0.01373	0.01569	0.03431	0.02451	0.03039	0.01471	0.73824	0.01863	0.01373	0.01863	0.01176	0.01569	0.00882	0.00490	0.00686	0.00196	0.00980	0.00686	0.00294	0.00784
11	0.02172	0.02772	0.01648	0.01498	0.01798	0.77228	0.01124	0.02322	0.01648	0.01423	0.00899	0.01049	0.00749	0.00599	0.00524	0.00150	0.01049	0.00375	0.00300	0.00674
12	0.01206	0.01034	0.01206	0.00861	0.01378	0.00775	0.00689	0.01464	0.01206	0.01895	0.01034	0.01206	0.00861	0.00431	0.00431	0.00086	0.00431	0.00345	0.00345	0.83118
13	0.00731	0.00523	0.00695	0.00794	0.00848	0.00487	0.00542	0.00866	0.01218	0.01650	0.17390	0.64525	0.04168	0.01698	0.00731	0.00226	0.00325	0.01535	0.00559	0.00487
14	0.01921	0.01327	0.01430	0.01134	0.01507	0.01444	0.00919	0.52711	0.02292	0.06010	0.01591	0.03745	0.01218	0.03272	0.00629	0.00181	0.00551	0.00570	0.16680	0.00867
15	0.62763	0.01215	0.01059	0.00894	0.01280	0.01375	0.00737	0.15937	0.01373	0.07320	0.01015	0.01096	0.00750	0.00582	0.00417	0.00179	0.00490	0.00372	0.00425	0.00722
16	0.02233	0.00911	0.01201	0.00947	0.01348	0.00783	0.00774	0.02442	0.01598	0.61694	0.02999	0.02688	0.15984	0.00867	0.00605	0.00183	0.00456	0.00711	0.00685	0.00892
17	0.01537	0.01580	0.03101	0.02233	0.02797	0.01536	0.59581	0.15991	0.01639	0.02216	0.01220	0.01535	0.00903	0.00531	0.00666	0.00192	0.00914	0.00654	0.00350	0.00824
18	0.01239	0.01358	0.04792	0.01906	0.02405	0.01206	0.48859	0.01666	0.01402	0.01958	0.15739	0.02060	0.01778	0.00622	0.00653	0.00180	0.00775	0.00711	0.00366	0.10326
19	0.00846	0.00564	0.00634	0.00634	0.00634	0.00564	0.00352	0.00846	0.00846	0.01128	0.01832	0.03805	0.02114	0.79563	0.02960	0.00564	0.00564	0.00846	0.00352	0.00352
20	0.01261	0.00921	0.01087	0.00936	0.01176	0.00946	0.00740	0.23868	0.01972	0.02722	0.49226	0.03522	0.03987	0.01054	0.00659	0.00184	0.00400	0.04037	0.00617	0.00686

[dist]
# distance from previous block
# <min> <max>
3	8

[block]
# block no. 4 follows, 40 sequences, length 44
# corresponding to MSA columns:
# 143-186
name=unknown_E
#
# <colnr> <probs for GDERKNQSTAVLIFYWHMCP>
#	G	D	E	R	K	N	Q	S	T	A	V	L	I	F	Y	W	H	M	C	P
0	0.10522	0.01946	0.25044	0.01946	0.02583	0.01418	0.39518	0.05069	0.01344	0.02021	0.01103	0.01382	0.00815	0.00523	0.00600	0.00188	0.00860	0.00554	0.00301	0.02262
1	0.02910	0.34597	0.26341	0.01333	0.01823	0.01850	0.01426	0.01690	0.01122	0.01551	0.00873	0.01110	0.00745	0.00642	0.00803	0.00176	0.19603	0.00397	0.00251	0.00754
2	0.01251	0.41077	0.21162	0.01118	0.01595	0.01615	0.01178	0.01541	0.01177	0.01517	0.01450	0.20007	0.01496	0.00833	0.00508	0.00167	0.00613	0.00667	0.00319	0.00709
3	0.01361	0.44252	0.18510	0.19874	0.02322	0.01852	0.01393	0.01701	0.01187	0.01498	0.00914	0.01146	0.00751	0.00530	0.00462	0.00154	0.00710	0.00386	0.00250	0.00746
4	0.01373	0.41478	0.35439	0.01372	0.02034	0.01834	0.05749	0.01793	0.01213	0.01605	0.00933	0.01100	0.00750	0.00521	0.00470	0.00155	0.00747	0.00385	0.00250	0.00798
5	0.00731	0.00522	0.00699	0.00823	0.00870	0.00490	0.00568	0.00854	0.01160	0.01552	0.07418	0.69817	0.03907	0.01770	0.00743	0.00235	0.00347	0.06466	0.00545	0.00481
6	0.01553	0.01367	0.02079	0.19041	0.42495	0.01465	0.01583	0.19253	0.01632	0.02240	0.01154	0.01453	0.00906	0.00575	0.00578	0.00178	0.00697	0.00519	0.00353	0.00879
7	0.00709	0.00506	0.00675	0.00810	0.00843	0.00472	0.00540	0.00810	0.01113	0.01484	0.03205	0.79184	0.03846	0.01822	0.00742	0.00236	0.00337	0.01653	0.00540	0.00472
8	0.01599	0.01039	0.01092	0.00906	0.01193	0.01119	0.00726	0.34586	0.01912	0.02853	0.01668	0.01815	0.01261	0.00687	0.00487	0.00153	0.00440	0.00534	0.45183	0.00746
9	0.02023	0.01228	0.01368	0.01080	0.01462	0.01293	0.00882	0.41083	0.02137	0.18903	0.01711	0.01709	0.01207	0.00698	0.00540	0.00166	0.00519	0.00541	0.20572	0.00881
10	0.01272	0.01272	0.01781	0.01527	0.01527	0.01781	0.01272	0.01399	0.00891	0.01399	0.00763	0.01272	0.00763	0.01018	0.01908	0.00254	0.78499	0.00509	0.00254	0.00636
11	0.01404	0.01255	0.01428	0.01267	0.01516	0.01528	0.01006	0.02680	0.56919	0.02182	0.01978	0.01952	0.01529	0.00845	0.00911	0.00211	0.19408	0.00621	0.00510	0.00851
12	0.00833	0.00595	0.00817	0.00951	0.01040	0.00579	0.00755	0.01024	0.01236	0.01623	0.03137	0.39783	0.03575	0.01705	0.00775	0.00253	0.00445	0.39830	0.00537	0.00507
13	0.00894	0.00642	0.00864	0.00940	0.01062	0.00628	0.00762	0.03046	0.01402	0.01881	0.20676	0.21474	0.03910	0.01527	0.00756	0.00238	0.00432	0.37767	0.00563	0.00537
14	0.00709	0.00506	0.00675	0.00810	0.00843	0.00472	0.00540	0.00810	0.01113	0.01484	0.03205	0.79184	0.03846	0.01822	0.00742	0.00236	0.00337	0.01653	0.00540	0.00472
15	0.01450	0.01178	0.01337	0.00977	0.01481	0.01025	0.00790	0.19075	0.01577	0.02325	0.01122	0.01252	0.00892	0.00496	0.00467	0.00108	0.00481	0.00388	0.00402	0.63177
16	0.01663	0.01357	0.01437	0.01227	0.01595	0.01548	0.00973	0.23181	0.54442	0.02782	0.02092	0.01950	0.01552	0.00763	0.00589	0.00191	0.00511	0.00620	0.00589	0.00940
17	0.01095	0.01012	0.01704	0.75027	0.03873	0.01260	0.01570	0.01456	0.01146	0.01467	0.01033	0.01559	0.00785	0.00640	0.00650	0.03554	0.00764	0.00516	0.00258	0.00630
18	0.63689	0.01232	0.01480	0.01174	0.01589	0.01345	0.18401	0.01747	0.01083	0.02428	0.00899	0.01096	0.00691	0.00528	0.00439	0.00184	0.00579	0.00405	0.00344	0.00667
19	0.01567	0.01861	0.02998	0.02220	0.02738	0.19864	0.56172	0.01974	0.01439	0.01756	0.01109	0.01442	0.00850	0.00517	0.00647	0.00185	0.00997	0.00611	0.00295	0.00758
20	0.00709	0.00506	0.00675	0.00810	0.00843	0.00472	0.00540	0.00810	0.01113	0.01484	0.03205	0.79184	0.03846	0.01822	0.00742	0.00236	0.00337	0.01653	0.00540	0.00472
21	0.01150	0.02529	0.58387	0.20233	0.02878	0.01336	0.02019	0.01755	0.01212	0.01755	0.01041	0.01306	0.00746	0.00560	0.00560	0.00187	0.00839	0.00451	0.00249	0.00808
22	0.46217	0.00954	0.00885	0.00769	0.01093	0.01023	0.00624	0.01865	0.01190	0.18330	0.01392	0.01464	0.01013	0.00612	0.00419	0.00169	0.00416	0.00428	0.20451	0.00686
23	0.01098	0.01034	0.01744	0.78165	0.04005	0.01292	0.01615	0.01486	0.01163	0.01486	0.01034	0.01550	0.00775	0.00581	0.00581	0.00194	0.00775	0.00517	0.00258	0.00646
24	0.00876	0.00650	0.00853	0.00954	0.01103	0.00626	0.00817	0.01115	0.01335	0.01699	0.03762	0.06326	0.20914	0.01574	0.00775	0.00250	0.00477	0.54833	0.00537	0.00525
25	0.01111	0.00859	0.00945	0.00874	0.01123	0.00848	0.00709	0.18678	0.01670	0.02116	0.04196	0.04783	0.42028	0.01313	0.00687	0.00206	0.00430	0.16254	0.00549	0.00621
26	0.02425	0.01753	0.01909	0.01808	0.02065	0.01497	0.01242	0.02224	0.02479	0.03567	0.59039	0.05691	0.05805	0.02050	0.01300	0.00459	0.00845	0.01402	0.01083	0.01356
27	0.01663	0.01357	0.01437	0.01227	0.01595	0.01548	0.00973	0.23181	0.54442	0.02782	0.02092	0.01950	0.01552	0.00763	0.00589	0.00191	0.00511	0.00620	0.00589	0.00940
28	0.02609	0.00990	0.01350	0.01035	0.01484	0.00855	0.00855	0.02834	0.01664	0.76338	0.02294	0.01979	0.01439	0.00720	0.00585	0.00180	0.00495	0.00585	0.00720	0.00990
29	0.00838	0.00594	0.00789	0.00789	0.00843	0.00648	0.00546	0.00945	0.00892	0.01242	0.01691	0.03021	0.01774	0.40781	0.41277	0.00755	0.01076	0.00731	0.00331	0.00438
30	0.01233	0.02613	0.58537	0.02122	0.20343	0.01358	0.02060	0.01828	0.01251	0.01856	0.01056	0.01279	0.00781	0.00544	0.00558	0.00181	0.00818	0.00451	0.00256	0.00874
31	0.01375	0.01469	0.01509	0.01361	0.01452	0.19808	0.01084	0.01519	0.01157	0.01471	0.04582	0.11513	0.01489	0.01124	0.02960	0.00239	0.41248	0.03695	0.00332	0.00614
32	0.58277	0.01361	0.01126	0.00954	0.01336	0.06657	0.00779	0.19303	0.01459	0.02784	0.00958	0.01061	0.00725	0.00582	0.00425	0.00177	0.00537	0.00370	0.00410	0.00720
33	0.00709	0.00506	0.00675	0.00810	0.00843	0.00472	0.00540	0.00810	0.01113	0.01484	0.03205	0.79184	0.03846	0.01822	0.00742	0.00236	0.00337	0.01653	0.00540	0.00472
34	0.01705	0.61183	0.02708	0.01117	0.01567	0.20493	0.01026	0.01882	0.01295	0.01382	0.00830	0.00961	0.00747	0.00522	0.00410	0.00131	0.00726	0.00326	0.00261	0.00729
35	0.02182	0.02494	0.01672	0.01459	0.01799	0.58915	0.01119	0.19724	0.01912	0.01968	0.01020	0.01133	0.00807	0.00623	0.00538	0.00156	0.00949	0.00411	0.00368	0.00751
36	0.01247	0.00690	0.00903	0.00795	0.01013	0.00619	0.00616	0.01501	0.01628	0.20248	0.53018	0.03856	0.09342	0.01095	0.00661	0.00183	0.00329	0.00950	0.00653	0.00652
37	0.01454	0.01321	0.01830	0.01488	0.01882	0.01439	0.18620	0.02786	0.55424	0.03922	0.02076	0.02020	0.01551	0.00715	0.00615	0.00197	0.00587	0.00663	0.00522	0.00889
38	0.01077	0.07719	0.53043	0.01352	0.02026	0.01207	0.01655	0.01590	0.01248	0.01743	0.02204	0.02268	0.18938	0.00772	0.00573	0.00183	0.00706	0.00615	0.00317	0.00762
39	0.01360	0.41258	0.39992	0.01328	0.02007	0.01823	0.01575	0.01792	0.01205	0.01606	0.00927	0.01081	0.00741	0.00525	0.00463	0.00154	0.00741	0.00371	0.00247	0.00803
40	0.02219	0.01038	0.01468	0.19779	0.02115	0.01016	0.01054	0.06655	0.01605	0.53928	0.01936	0.01841	0.01252	0.00685	0.00584	0.00183	0.00571	0.00565	0.00600	0.00906
41	0.00778	0.00593	0.00715	0.00685	0.00841	0.00530	0.00513	0.01011	0.01540	0.02081	0.52596	0.04758	0.28677	0.01283	0.00686	0.00187	0.00281	0.01110	0.00607	0.00530
42	0.01864	0.01446	0.01702	0.19976	0.02309	0.01643	0.01211	0.49281	0.09588	0.03012	0.01405	0.01511	0.01016	0.00679	0.00583	0.00181	0.00655	0.00535	0.00504	0.00899
43	0.01874	0.00924	0.01115	0.00930	0.01256	0.00898	0.00742	0.07242	0.12272	0.35900	0.03874	0.05291	0.03647	0.00793	0.00554	0.00174	0.00429	0.00651	0.20605	0.00827

[dist]
# distance from previous block
# <min> <max>
0	1

[block]
# block no. 5 follows, 40 sequences, length 20
# corresponding to MSA columns:
# 188-207
name=unknown_F
#
# <colnr> <probs for GDERKNQSTAVLIFYWHMCP>
#	G	D	E	R	K	N	Q	S	T	A	V	L	I	F	Y	W	H	M	C	P
0	0.00877	0.04096	0.00887	0.00754	0.00926	0.00675	0.00578	0.01219	0.06192	0.02203	0.59191	0.04212	0.13671	0.01168	0.00666	0.00183	0.00304	0.01016	0.00608	0.00574
1	0.00948	0.00699	0.01004	0.00951	0.01064	0.00816	0.02715	0.01169	0.01005	0.01551	0.01540	0.02133	0.01374	0.03088	0.50219	0.00666	0.09297	0.00595	0.18622	0.00544
2	0.02570	0.01053	0.01389	0.01065	0.01516	0.00948	0.00879	0.09852	0.01770	0.69171	0.02206	0.01922	0.01395	0.00718	0.00584	0.00179	0.00509	0.00579	0.00706	0.00990
3	0.00805	0.00580	0.00761	0.00744	0.00865	0.00536	0.00547	0.01051	0.01560	0.02195	0.63932	0.16431	0.05222	0.01291	0.00695	0.00192	0.00285	0.01149	0.00624	0.00536
4	0.01184	0.02780	0.66074	0.05075	0.02633	0.01360	0.09194	0.01828	0.01239	0.01828	0.01056	0.01275	0.00753	0.00548	0.00567	0.00186	0.00868	0.00459	0.00251	0.00843
5	0.01795	0.02097	0.01686	0.01714	0.12083	0.45240	0.01183	0.03769	0.01510	0.01632	0.08287	0.01472	0.01249	0.00714	0.00767	0.00173	0.13111	0.00486	0.00331	0.00698
6	0.01272	0.01272	0.01781	0.01527	0.01527	0.01781	0.01272	0.01399	0.00891	0.01399	0.00763	0.01272	0.00763	0.01018	0.01908	0.00254	0.78499	0.00509	0.00254	0.00636
7	0.00707	0.00513	0.00668	0.00793	0.00839	0.00474	0.00532	0.00812	0.01130	0.01491	0.03414	0.73469	0.09427	0.01795	0.00738	0.00233	0.00334	0.01620	0.00540	0.00474
8	0.01439	0.01382	0.02360	0.03569	0.75936	0.01382	0.01785	0.01785	0.01324	0.01900	0.01094	0.01439	0.00921	0.00518	0.00576	0.00173	0.00691	0.00518	0.00288	0.00921
9	0.01555	0.79913	0.03047	0.00995	0.01493	0.02301	0.00995	0.01741	0.01182	0.01368	0.00808	0.00933	0.00746	0.00498	0.00373	0.00124	0.00622	0.00311	0.00249	0.00746
10	0.00710	0.00585	0.00624	0.00625	0.00802	0.00499	0.00465	0.00874	0.01363	0.01685	0.16707	0.10026	0.60122	0.01450	0.00691	0.00197	0.00294	0.01226	0.00556	0.00499
11	0.00709	0.00506	0.00675	0.00810	0.00843	0.00472	0.00540	0.00810	0.01113	0.01484	0.03205	0.79184	0.03846	0.01822	0.00742	0.00236	0.00337	0.01653	0.00540	0.00472
12	0.01539	0.01254	0.01337	0.01183	0.01524	0.01434	0.00926	0.06359	0.67956	0.06113	0.02318	0.02124	0.01722	0.00781	0.00591	0.00195	0.00470	0.00648	0.00598	0.00927
13	0.02236	0.01364	0.01540	0.01190	0.01626	0.01437	0.00980	0.48217	0.02314	0.24114	0.01689	0.01621	0.01155	0.00703	0.00569	0.00173	0.00570	0.00542	0.07005	0.00954
14	0.00794	0.00585	0.00742	0.00720	0.00855	0.00534	0.00534	0.01034	0.01551	0.02148	0.59252	0.11891	0.14622	0.01289	0.00692	0.00190	0.00283	0.01134	0.00617	0.00534
15	0.00789	0.00593	0.00731	0.00696	0.00848	0.00534	0.00522	0.01032	0.01566	0.02143	0.58306	0.04655	0.22928	0.01259	0.00686	0.00186	0.00279	0.01095	0.00615	0.00534
16	0.02062	0.01537	0.01657	0.01307	0.01741	0.01705	0.01077	0.62724	0.10073	0.03433	0.01588	0.01758	0.01199	0.00757	0.00595	0.00182	0.00616	0.04452	0.00580	0.00957
17	0.01098	0.01034	0.01744	0.78165	0.04005	0.01292	0.01615	0.01486	0.01163	0.01486	0.01034	0.01550	0.00775	0.00581	0.00581	0.00194	0.00775	0.00517	0.00258	0.00646
18	0.01098	0.01034	0.01744	0.78165	0.04005	0.01292	0.01615	0.01486	0.01163	0.01486	0.01034	0.01550	0.00775	0.00581	0.00581	0.00194	0.00775	0.00517	0.00258	0.00646
19	0.01439	0.01382	0.02360	0.03569	0.75936	0.01382	0.01785	0.01785	0.01324	0.01900	0.01094	0.01439	0.00921	0.00518	0.00576	0.00173	0.00691	0.00518	0.00288	0.00921

[dist]
# distance from previous block
# <min> <max>
0	1

[block]
# block no. 6 follows, 40 sequences, length 31
# corresponding to MSA columns:
# 209-239
name=unknown_G
#
# <colnr> <probs for GDERKNQSTAVLIFYWHMCP>
#	G	D	E	R	K	N	Q	S	T	A	V	L	I	F	Y	W	H	M	C	P
0	0.00845	0.00645	0.00963	0.00954	0.01055	0.00762	0.00745	0.01050	0.00933	0.01352	0.01531	0.02251	0.01431	0.04251	0.74761	0.00912	0.04108	0.00619	0.00310	0.00523
1	0.01098	0.01034	0.01744	0.78165	0.04005	0.01292	0.01615	0.01486	0.01163	0.01486	0.01034	0.01550	0.00775	0.00581	0.00581	0.00194	0.00775	0.00517	0.00258	0.00646
2	0.00714	0.00510	0.00680	0.00806	0.00845	0.00476	0.00540	0.00824	0.01140	0.01526	0.06794	0.75475	0.03927	0.01790	0.00739	0.00234	0.00334	0.01623	0.00545	0.00476
3	0.01122	0.01058	0.01787	0.72964	0.09021	0.01298	0.01627	0.01507	0.01174	0.01515	0.01038	0.01543	0.00785	0.00577	0.00581	0.00192	0.00769	0.00517	0.00260	0.00665
4	0.01555	0.79913	0.03047	0.00995	0.01493	0.02301	0.00995	0.01741	0.01182	0.01368	0.00808	0.00933	0.00746	0.00498	0.00373	0.00124	0.00622	0.00311	0.00249	0.00746
5	0.78932	0.01154	0.00907	0.00798	0.01164	0.01334	0.00657	0.05914	0.01091	0.02671	0.00844	0.00971	0.00651	0.00549	0.00373	0.00180	0.00461	0.00327	0.00373	0.00651
6	0.01256	0.01250	0.01778	0.08638	0.01757	0.01736	0.01304	0.01407	0.00916	0.01407	0.00788	0.01298	0.00764	0.00977	0.01785	0.00249	0.71287	0.00510	0.00255	0.00637
7	0.00846	0.00564	0.00634	0.00634	0.00634	0.00564	0.00352	0.00846	0.00846	0.01128	0.01832	0.03805	0.02114	0.79563	0.02960	0.00564	0.00564	0.00846	0.00352	0.00352
8	0.01338	0.01250	0.02013	0.08107	0.52683	0.01215	0.01499	0.01658	0.01280	0.01853	0.01166	0.04665	0.01022	0.00560	0.00554	0.00159	0.00629	0.00531	0.00308	0.17512
9	0.00831	0.00623	0.00935	0.00935	0.01038	0.00727	0.00727	0.01038	0.00935	0.01350	0.01558	0.02285	0.01454	0.04361	0.77259	0.00935	0.01558	0.00623	0.00312	0.00519
10	0.02609	0.00990	0.01350	0.01035	0.01484	0.00855	0.00855	0.02834	0.01664	0.76338	0.02294	0.01979	0.01439	0.00720	0.00585	0.00180	0.00495	0.00585	0.00720	0.00990
11	0.00846	0.00564	0.00634	0.00634	0.00634	0.00564	0.00352	0.00846	0.00846	0.01128	0.01832	0.03805	0.02114	0.79563	0.02960	0.00564	0.00564	0.00846	0.00352	0.00352
12	0.83671	0.01125	0.00855	0.00765	0.01125	0.01305	0.00630	0.01709	0.00990	0.02609	0.00810	0.00945	0.00630	0.00540	0.00360	0.00180	0.00450	0.00315	0.00360	0.00630
13	0.02046	0.01578	0.01609	0.01275	0.01693	0.06064	0.01037	0.56996	0.10467	0.03295	0.01508	0.01514	0.01096	0.00701	0.00567	0.00173	0.00618	0.00531	0.06299	0.00932
14	0.01997	0.16824	0.06571	0.01417	0.01787	0.58865	0.01164	0.02186	0.01537	0.01439	0.00891	0.01039	0.00748	0.00578	0.00499	0.00147	0.00959	0.00366	0.00287	0.00699
15	0.00818	0.00594	0.00771	0.00727	0.00866	0.00547	0.00545	0.01088	0.01635	0.02305	0.73189	0.04388	0.07943	0.01199	0.00686	0.00183	0.00275	0.01058	0.00637	0.00547
16	0.01543	0.01477	0.01349	0.01218	0.01538	0.13668	0.00940	0.02904	0.61020	0.02246	0.02227	0.02083	0.03648	0.00777	0.00583	0.00190	0.00551	0.00627	0.00543	0.00869
17	0.01206	0.01034	0.01206	0.00861	0.01378	0.00775	0.00689	0.01464	0.01206	0.01895	0.01034	0.01206	0.00861	0.00431	0.00431	0.00086	0.00431	0.00345	0.00345	0.83118
18	0.01331	0.01488	0.03176	0.13923	0.03186	0.01444	0.62883	0.01806	0.01341	0.01806	0.01155	0.01566	0.00866	0.00504	0.00670	0.00196	0.00949	0.00661	0.00289	0.00763
19	0.01206	0.01034	0.01206	0.00861	0.01378	0.00775	0.00689	0.01464	0.01206	0.01895	0.01034	0.01206	0.00861	0.00431	0.00431	0.00086	0.00431	0.00345	0.00345	0.83118
20	0.00831	0.00623	0.00935	0.00935	0.01038	0.00727	0.00727	0.01038	0.00935	0.01350	0.01558	0.02285	0.01454	0.04361	0.77259	0.00935	0.01558	0.00623	0.00312	0.00519
21	0.00709	0.00506	0.00675	0.00810	0.00843	0.00472	0.00540	0.00810	0.01113	0.01484	0.03205	0.79184	0.03846	0.01822	0.00742	0.00236	0.00337	0.01653	0.00540	0.00472
22	0.01411	0.01369	0.02384	0.08701	0.66377	0.01381	0.06262	0.01769	0.01316	0.01869	0.01095	0.01455	0.00909	0.00521	0.00583	0.00176	0.00715	0.00529	0.00286	0.00893
23	0.02172	0.02772	0.01648	0.01498	0.01798	0.77228	0.01124	0.02322	0.01648	0.01423	0.00899	0.01049	0.00749	0.00599	0.00524	0.00150	0.01049	0.00375	0.00300	0.00674
24	0.02211	0.01629	0.01745	0.01338	0.01803	0.01803	0.01105	0.73997	0.02734	0.03665	0.01396	0.01396	0.00989	0.00698	0.00582	0.00175	0.00640	0.00524	0.00582	0.00989
25	0.00789	0.00573	0.00744	0.00744	0.00859	0.00527	0.00542	0.01015	0.01501	0.02090	0.54721	0.22685	0.08323	0.01357	0.00700	0.00197	0.00291	0.01207	0.00611	0.00527
26	0.01308	0.00755	0.00973	0.00850	0.01091	0.00692	0.00671	0.04941	0.01650	0.18947	0.44974	0.03737	0.06809	0.01067	0.00655	0.00184	0.00366	0.05565	0.00632	0.04133
27	0.02527	0.00971	0.01323	0.01021	0.01456	0.00841	0.00841	0.02754	0.01664	0.72927	0.05675	0.02088	0.01626	0.00741	0.00589	0.00180	0.00485	0.00606	0.00716	0.00969
28	0.00831	0.00623	0.00935	0.00935	0.01038	0.00727	0.00727	0.01038	0.00935	0.01350	0.01558	0.02285	0.01454	0.04361	0.77259	0.00935	0.01558	0.00623	0.00312	0.00519
29	0.01959	0.02424	0.01783	0.01563	0.01826	0.58777	0.05681	0.02126	0.01493	0.01446	0.00892	0.01122	0.00760	0.00669	0.00786	0.00172	0.15139	0.00418	0.00291	0.00674
30	0.05979	0.02132	0.01776	0.01463	0.01855	0.36802	0.06162	0.32252	0.02052	0.02448	0.01122	0.01225	0.00853	0.00630	0.00552	0.00165	0.00845	0.00456	0.00420	0.00811

[dist]
# distance from previous block
# <min> <max>
0	1

[block]
# block no. 7 follows, 40 sequences, length 13
# corresponding to MSA columns:
# 241-253
name=unknown_H
#
# <colnr> <probs for GDERKNQSTAVLIFYWHMCP>
#	G	D	E	R	K	N	Q	S	T	A	V	L	I	F	Y	W	H	M	C	P
0	0.01107	0.00833	0.00907	0.00814	0.01065	0.00818	0.00632	0.10328	0.12089	0.05971	0.16418	0.04189	0.40200	0.01192	0.00655	0.00191	0.00368	0.00996	0.00579	0.00649
1	0.01194	0.08511	0.71290	0.01610	0.02444	0.01419	0.02066	0.01834	0.01224	0.01808	0.01027	0.01207	0.00737	0.00549	0.00540	0.00180	0.00842	0.00421	0.00246	0.00851
2	0.09701	0.01124	0.01110	0.00927	0.01227	0.03578	0.00743	0.31748	0.01843	0.02813	0.01549	0.01690	0.01173	0.00670	0.00479	0.00157	0.00467	0.00507	0.37754	0.00741
3	0.01352	0.01029	0.01221	0.00879	0.01389	0.00783	0.00706	0.01607	0.01254	0.09632	0.01165	0.01286	0.00921	0.00461	0.00447	0.00096	0.00437	0.00370	0.00384	0.74582
4	0.01271	0.01032	0.01213	0.00869	0.01383	0.00779	0.00697	0.01528	0.01227	0.05339	0.01092	0.01242	0.00888	0.00444	0.00438	0.00090	0.00434	0.00356	0.00362	0.79318
5	0.01900	0.00993	0.01340	0.01046	0.01454	0.00887	0.04582	0.02300	0.09181	0.40213	0.13426	0.02210	0.01973	0.00737	0.00579	0.00167	0.00471	0.00628	0.00606	0.15307
6	0.01228	0.00842	0.00946	0.00846	0.01005	0.00894	0.00610	0.20078	0.01447	0.02031	0.04248	0.07448	0.01884	0.32677	0.08595	0.00399	0.00608	0.00752	0.12888	0.00577
7	0.01931	0.01227	0.01406	0.01135	0.01530	0.01276	0.00914	0.27498	0.18126	0.22099	0.05427	0.06265	0.01647	0.00794	0.00589	0.00179	0.00514	0.00647	0.00605	0.06191
8	0.04191	0.01200	0.01439	0.01125	0.01556	0.01199	0.00922	0.25048	0.07880	0.43314	0.04585	0.01872	0.01450	0.00731	0.00583	0.00180	0.00529	0.00582	0.00655	0.00960
9	0.01187	0.00961	0.01121	0.00888	0.01272	0.00808	0.00684	0.08833	0.01327	0.01953	0.01568	0.17694	0.01565	0.04870	0.00643	0.00152	0.00440	0.00663	0.00410	0.52962
10	0.01330	0.00818	0.00926	0.00793	0.01063	0.00769	0.00609	0.07543	0.05157	0.09826	0.01869	0.09962	0.01599	0.04602	0.00614	0.00167	0.00390	0.00639	0.32983	0.18342
11	0.06443	0.01033	0.01291	0.01028	0.01445	0.00969	0.00835	0.02687	0.14710	0.52662	0.04553	0.01993	0.01557	0.00722	0.00569	0.00178	0.00475	0.00585	0.00654	0.05610
12	0.58699	0.01206	0.01028	0.00878	0.01247	0.03829	0.00718	0.11597	0.01318	0.09006	0.01076	0.01161	0.00796	0.00586	0.00417	0.00176	0.00490	0.00380	0.04685	0.00706

[dist]
# distance from previous block
# <min> <max>
5	10

[block]
# block no. 8 follows, 40 sequences, length 13
# corresponding to MSA columns:
# 264-276
name=unknown_I
#
# <colnr> <probs for GDERKNQSTAVLIFYWHMCP>
#	G	D	E	R	K	N	Q	S	T	A	V	L	I	F	Y	W	H	M	C	P
0	0.01474	0.01153	0.01354	0.01031	0.01445	0.01102	0.00838	0.16283	0.01498	0.05532	0.01183	0.01347	0.00940	0.00588	0.00655	0.00133	0.10419	0.00425	0.05491	0.47108
1	0.01261	0.01070	0.01234	0.00899	0.01403	0.00856	0.00719	0.04546	0.05442	0.01998	0.01124	0.01268	0.00918	0.00462	0.00446	0.00096	0.00441	0.00370	0.00368	0.75077
2	0.01555	0.79913	0.03047	0.00995	0.01493	0.02301	0.00995	0.01741	0.01182	0.01368	0.00808	0.00933	0.00746	0.00498	0.00373	0.00124	0.00622	0.00311	0.00249	0.00746
3	0.01525	0.62188	0.16813	0.01121	0.01685	0.02063	0.01206	0.01805	0.01210	0.04543	0.00914	0.01031	0.00773	0.00517	0.00416	0.00138	0.00661	0.00345	0.00268	0.00778
4	0.02484	0.00985	0.01324	0.01029	0.01460	0.00868	0.00845	0.02774	0.04926	0.69995	0.05320	0.02085	0.01621	0.00742	0.00589	0.00181	0.00484	0.00607	0.00711	0.00968
5	0.01166	0.03008	0.76550	0.01657	0.02517	0.01351	0.02149	0.01842	0.01228	0.01842	0.01044	0.01228	0.00737	0.00552	0.00552	0.00184	0.00859	0.00430	0.00246	0.00859
6	0.01373	0.01569	0.03431	0.02451	0.03039	0.01471	0.73824	0.01863	0.01373	0.01863	0.01176	0.01569	0.00882	0.00490	0.00686	0.00196	0.00980	0.00686	0.00294	0.00784
7	0.01427	0.01628	0.03238	0.02479	0.08597	0.06143	0.63765	0.01885	0.01386	0.01838	0.01153	0.01527	0.00877	0.00499	0.00668	0.00191	0.00962	0.00654	0.00294	0.00788
8	0.02609	0.00990	0.01350	0.01035	0.01484	0.00855	0.00855	0.02834	0.01664	0.76338	0.02294	0.01979	0.01439	0.00720	0.00585	0.00180	0.00495	0.00585	0.00720	0.00990
9	0.02235	0.00909	0.01218	0.00962	0.01353	0.00788	0.00784	0.02460	0.01636	0.61200	0.11846	0.02558	0.07691	0.00837	0.00605	0.00182	0.00451	0.00694	0.00696	0.00895
10	0.00810	0.00633	0.00847	0.00908	0.00934	0.00689	0.00640	0.00907	0.01054	0.01439	0.02695	0.60129	0.03203	0.08560	0.01124	0.00268	0.12795	0.01400	0.00478	0.00488
11	0.00709	0.00506	0.00675	0.00810	0.00843	0.00472	0.00540	0.00810	0.01113	0.01484	0.03205	0.79184	0.03846	0.01822	0.00742	0.00236	0.00337	0.01653	0.00540	0.00472
12	0.00709	0.00506	0.00675	0.00810	0.00843	0.00472	0.00540	0.00810	0.01113	0.01484	0.03205	0.79184	0.03846	0.01822	0.00742	0.00236	0.00337	0.01653	0.00540	0.00472

[dist]
# distance from previous block
# <min> <max>
0	1

[block]
# block no. 9 follows, 40 sequences, length 9
# corresponding to MSA columns:
# 278-286
name=unknown_J
#
# <colnr> <probs for GDERKNQSTAVLIFYWHMCP>
#	G	D	E	R	K	N	Q	S	T	A	V	L	I	F	Y	W	H	M	C	P
0	0.01084	0.00542	0.00542	0.00542	0.00678	0.00542	0.00407	0.01355	0.01220	0.02168	0.01897	0.02168	0.01491	0.00678	0.00407	0.00136	0.00271	0.00542	0.82791	0.00542
1	0.02236	0.01587	0.01720	0.01318	0.01783	0.01742	0.01089	0.69386	0.02665	0.08373	0.01454	0.01434	0.01018	0.00699	0.00582	0.00175	0.00631	0.00528	0.00591	0.00989
2	0.56485	0.01151	0.01064	0.00889	0.01281	0.01260	0.00733	0.10011	0.01335	0.19202	0.01207	0.01226	0.00851	0.00598	0.00435	0.00179	0.00481	0.00398	0.00465	0.00750
3	0.07151	0.70451	0.02824	0.01006	0.01484	0.06239	0.00977	0.01770	0.01194	0.01455	0.00813	0.00940	0.00739	0.00506	0.00380	0.00130	0.00633	0.00315	0.00259	0.00735
4	0.01615	0.01369	0.01368	0.01193	0.01539	0.06605	0.00936	0.13756	0.52561	0.05111	0.02294	0.02141	0.05306	0.00794	0.00590	0.00190	0.00521	0.00644	0.00572	0.00895
5	0.00953	0.00573	0.00767	0.00831	0.00925	0.00526	0.00580	0.01084	0.01224	0.10836	0.08903	0.63604	0.03679	0.01634	0.00718	0.00225	0.00352	0.01472	0.00570	0.00543
6	0.01396	0.01043	0.01231	0.00905	0.01400	0.00831	0.00725	0.01745	0.06293	0.11164	0.01281	0.01368	0.00995	0.00491	0.00461	0.00105	0.00441	0.00396	0.00408	0.67321
7	0.02152	0.00976	0.01269	0.00994	0.01410	0.00863	0.00808	0.02505	0.07730	0.53232	0.09766	0.02145	0.01817	0.00738	0.00577	0.00170	0.00461	0.00610	0.00654	0.11123
8	0.01779	0.01346	0.01489	0.01131	0.01605	0.01345	0.00921	0.37860	0.07845	0.05611	0.01368	0.01407	0.01019	0.00604	0.00525	0.00143	0.00540	0.00468	0.00497	0.32497

[dist]
# distance from previous block
# <min> <max>
0	1

[block]
# block no. 10 follows, 40 sequences, length 9
# corresponding to MSA columns:
# 288-296
name=unknown_K
#
# <colnr> <probs for GDERKNQSTAVLIFYWHMCP>
#	G	D	E	R	K	N	Q	S	T	A	V	L	I	F	Y	W	H	M	C	P
0	0.01229	0.01109	0.01520	0.01086	0.01613	0.00873	0.11022	0.01521	0.01229	0.01890	0.01054	0.01257	0.00864	0.00439	0.00467	0.00102	0.00508	0.00393	0.00337	0.71486
1	0.01206	0.01034	0.01206	0.00861	0.01378	0.00775	0.00689	0.01464	0.01206	0.01895	0.01034	0.01206	0.00861	0.00431	0.00431	0.00086	0.00431	0.00345	0.00345	0.83118
2	0.00797	0.00593	0.00741	0.00704	0.00853	0.00538	0.00528	0.01046	0.01584	0.02185	0.62125	0.04586	0.19083	0.01244	0.00686	0.00186	0.00278	0.01086	0.00621	0.00538
3	0.02184	0.02434	0.01677	0.01451	0.01799	0.54920	0.01118	0.23521	0.01969	0.02086	0.01046	0.01151	0.00820	0.00628	0.00541	0.00157	0.00928	0.00419	0.00383	0.00767
4	0.00921	0.00659	0.00915	0.01023	0.01157	0.00652	0.00882	0.01190	0.01382	0.01824	0.13329	0.06247	0.03649	0.01547	0.00787	0.00256	0.00499	0.61994	0.00550	0.00537
5	0.00911	0.00682	0.00947	0.00919	0.01013	0.00786	0.00694	0.04112	0.00992	0.01407	0.01570	0.02498	0.01533	0.18626	0.56421	0.00802	0.04591	0.00657	0.00328	0.00512
6	0.01555	0.79913	0.03047	0.00995	0.01493	0.02301	0.00995	0.01741	0.01182	0.01368	0.00808	0.00933	0.00746	0.00498	0.00373	0.00124	0.00622	0.00311	0.00249	0.00746
7	0.00743	0.00543	0.00712	0.00813	0.00881	0.00493	0.00550	0.00855	0.01120	0.01513	0.03054	0.73756	0.03638	0.01725	0.00721	0.00226	0.00344	0.01562	0.00526	0.06224
8	0.00791	0.00541	0.00650	0.00704	0.00717	0.00527	0.00427	0.00831	0.00952	0.01269	0.02377	0.33727	0.02802	0.48703	0.02080	0.00434	0.00474	0.01166	0.00427	0.00400

[dist]
# distance from previous block
# <min> <max>
5	55

# created by:
# /software/SequenceAnalysis/GenePrediction/augustus/3.0.1/scripts/msa2prfl.pl ./fixed/BUSCOvEOG7XH1DG.fas
