[name]
unknown

[dist]
# distance from previous block
# <min> <max>
0	74

[block]
# block no. 0 follows, 41 sequences, length 30
# corresponding to MSA columns:
# 76-105
name=unknown_A
#
# <colnr> <probs for GDERKNQSTAVLIFYWHMCP>
#	G	D	E	R	K	N	Q	S	T	A	V	L	I	F	Y	W	H	M	C	P
0	0.00922	0.00658	0.00922	0.01053	0.01185	0.00658	0.00922	0.01185	0.01317	0.01712	0.03029	0.06452	0.03292	0.01580	0.00790	0.00263	0.00527	0.72480	0.00527	0.00527
1	0.00676	0.00579	0.00579	0.00579	0.00773	0.00483	0.00435	0.00821	0.01304	0.01545	0.05794	0.05505	0.76098	0.01449	0.00676	0.00193	0.00290	0.01207	0.00531	0.00483
2	0.00703	0.00502	0.00669	0.00792	0.00831	0.00469	0.00531	0.00811	0.01123	0.01504	0.07025	0.75526	0.03869	0.01759	0.00727	0.00230	0.00329	0.01595	0.00536	0.00469
3	0.00832	0.00555	0.00624	0.00624	0.00624	0.00555	0.00347	0.00832	0.00832	0.01109	0.01802	0.03743	0.02080	0.79898	0.02911	0.00555	0.00555	0.00832	0.00347	0.00347
4	0.02174	0.01602	0.01717	0.01316	0.01774	0.01774	0.01087	0.74423	0.02689	0.03605	0.01373	0.01373	0.00973	0.00687	0.00572	0.00172	0.00629	0.00515	0.00572	0.00973
5	0.02541	0.01014	0.01352	0.01037	0.01480	0.00900	0.00856	0.07369	0.01704	0.72049	0.02200	0.01910	0.01388	0.00707	0.00575	0.00177	0.00496	0.00571	0.00699	0.00973
6	0.01066	0.00533	0.00533	0.00533	0.00666	0.00533	0.00400	0.01333	0.01200	0.02132	0.01866	0.02132	0.01466	0.00666	0.00400	0.00133	0.00267	0.00533	0.83073	0.00533
7	0.01066	0.00533	0.00533	0.00533	0.00666	0.00533	0.00400	0.01333	0.01200	0.02132	0.01866	0.02132	0.01466	0.00666	0.00400	0.00133	0.00267	0.00533	0.83073	0.00533
8	0.00676	0.00579	0.00579	0.00579	0.00773	0.00483	0.00435	0.00821	0.01304	0.01545	0.05794	0.05505	0.76098	0.01449	0.00676	0.00193	0.00290	0.01207	0.00531	0.00483
9	0.01066	0.00533	0.00533	0.00533	0.00666	0.00533	0.00400	0.01333	0.01200	0.02132	0.01866	0.02132	0.01466	0.00666	0.00400	0.00133	0.00267	0.00533	0.83073	0.00533
10	0.83938	0.01106	0.00841	0.00752	0.01106	0.01283	0.00619	0.01681	0.00973	0.02566	0.00796	0.00929	0.00619	0.00531	0.00354	0.00177	0.00442	0.00310	0.00354	0.00619
11	0.00697	0.00498	0.00664	0.00796	0.00830	0.00465	0.00531	0.00796	0.01095	0.01460	0.03153	0.79525	0.03783	0.01792	0.00730	0.00232	0.00332	0.01626	0.00531	0.00465
12	0.00676	0.00579	0.00579	0.00579	0.00773	0.00483	0.00435	0.00821	0.01304	0.01545	0.05794	0.05505	0.76098	0.01449	0.00676	0.00193	0.00290	0.01207	0.00531	0.00483
13	0.71839	0.01058	0.00862	0.00760	0.01108	0.01198	0.00624	0.01752	0.01043	0.08735	0.00987	0.01091	0.00740	0.00554	0.00375	0.00174	0.00435	0.00346	0.05674	0.00644
14	0.83938	0.01106	0.00841	0.00752	0.01106	0.01283	0.00619	0.01681	0.00973	0.02566	0.00796	0.00929	0.00619	0.00531	0.00354	0.00177	0.00442	0.00310	0.00354	0.00619
15	0.00676	0.00579	0.00579	0.00579	0.00773	0.00483	0.00435	0.00821	0.01304	0.01545	0.05794	0.05505	0.76098	0.01449	0.00676	0.00193	0.00290	0.01207	0.00531	0.00483
16	0.00697	0.00498	0.00664	0.00796	0.00830	0.00465	0.00531	0.00796	0.01095	0.01460	0.03153	0.79525	0.03783	0.01792	0.00730	0.00232	0.00332	0.01626	0.00531	0.00465
17	0.02137	0.02726	0.01621	0.01474	0.01768	0.77602	0.01105	0.02284	0.01621	0.01400	0.00884	0.01031	0.00737	0.00589	0.00516	0.00147	0.01031	0.00368	0.00295	0.00663
18	0.00824	0.00558	0.00634	0.00631	0.00650	0.00551	0.00367	0.00853	0.00918	0.01229	0.08415	0.03856	0.05154	0.70091	0.02632	0.00508	0.00520	0.00864	0.00378	0.00369
19	0.01350	0.01543	0.03375	0.02411	0.02989	0.01446	0.74253	0.01832	0.01350	0.01832	0.01157	0.01543	0.00868	0.00482	0.00675	0.00193	0.00964	0.00675	0.00289	0.00771
20	0.00832	0.00555	0.00624	0.00624	0.00624	0.00555	0.00347	0.00832	0.00832	0.01109	0.01802	0.03743	0.02080	0.79898	0.02911	0.00555	0.00555	0.00832	0.00347	0.00347
21	0.00727	0.00520	0.00686	0.00773	0.00829	0.00485	0.00527	0.00863	0.01208	0.01642	0.19968	0.59821	0.04105	0.04016	0.00783	0.00230	0.00324	0.01465	0.00548	0.00478
22	0.01080	0.01017	0.01716	0.78523	0.03940	0.01271	0.01589	0.01461	0.01144	0.01461	0.01017	0.01525	0.00762	0.00572	0.00572	0.00191	0.00762	0.00508	0.00254	0.00635
23	0.02566	0.00973	0.01327	0.01018	0.01460	0.00841	0.00841	0.02788	0.01637	0.76726	0.02257	0.01947	0.01416	0.00708	0.00575	0.00177	0.00487	0.00575	0.00708	0.00973
24	0.00769	0.00553	0.00728	0.00747	0.00846	0.00513	0.00537	0.00978	0.01431	0.01995	0.49876	0.31277	0.04818	0.01393	0.00695	0.00199	0.00292	0.01247	0.00594	0.00513
25	0.01532	0.01435	0.01332	0.01191	0.01505	0.12951	0.00922	0.06593	0.55540	0.02300	0.06772	0.02063	0.01785	0.00768	0.00577	0.00185	0.00538	0.00622	0.00541	0.00849
26	0.01404	0.01347	0.02300	0.06195	0.73740	0.01356	0.01749	0.01745	0.01297	0.01854	0.01074	0.01420	0.00901	0.00512	0.00566	0.00171	0.00682	0.00510	0.00282	0.00896
27	0.01317	0.01258	0.02144	0.25546	0.55065	0.01333	0.01706	0.01669	0.01256	0.01749	0.01059	0.01448	0.00864	0.00528	0.00568	0.00176	0.00704	0.00509	0.00275	0.00827
28	0.01448	0.01220	0.01314	0.01107	0.01487	0.01308	0.00872	0.10301	0.50393	0.02400	0.01923	0.01833	0.01455	0.00685	0.00544	0.00166	0.00465	0.00561	0.00525	0.19992
29	0.02052	0.16362	0.01952	0.01260	0.01716	0.05220	0.01068	0.57630	0.02356	0.03085	0.01244	0.01273	0.00918	0.00645	0.00531	0.00161	0.00644	0.00469	0.00499	0.00914

[dist]
# distance from previous block
# <min> <max>
2	5

[block]
# block no. 1 follows, 41 sequences, length 19
# corresponding to MSA columns:
# 111-129
name=unknown_B
#
# <colnr> <probs for GDERKNQSTAVLIFYWHMCP>
#	G	D	E	R	K	N	Q	S	T	A	V	L	I	F	Y	W	H	M	C	P
0	0.00700	0.00513	0.00658	0.00765	0.00824	0.00471	0.00519	0.00815	0.01150	0.01515	0.07344	0.66075	0.13121	0.01715	0.00720	0.00225	0.00323	0.01541	0.00536	0.00471
1	0.01222	0.01209	0.01705	0.04080	0.01558	0.01679	0.01234	0.01360	0.00887	0.01377	0.00802	0.01315	0.00788	0.01166	0.05966	0.00285	0.71986	0.00507	0.00253	0.00620
2	0.00702	0.00501	0.00668	0.00793	0.00831	0.00468	0.00531	0.00808	0.01117	0.01496	0.06246	0.76330	0.03852	0.01766	0.00728	0.00230	0.00329	0.01601	0.00535	0.00468
3	0.02518	0.00984	0.01326	0.01024	0.01461	0.00865	0.00843	0.02798	0.04764	0.73571	0.02260	0.01955	0.01430	0.00711	0.00575	0.00178	0.00485	0.00578	0.00703	0.00971
4	0.02185	0.01443	0.01604	0.01236	0.01676	0.01550	0.01018	0.58210	0.02452	0.16769	0.04851	0.01606	0.01249	0.00712	0.00577	0.00173	0.00588	0.00549	0.00599	0.00954
5	0.00922	0.00658	0.00922	0.01053	0.01185	0.00658	0.00922	0.01185	0.01317	0.01712	0.03029	0.06452	0.03292	0.01580	0.00790	0.00263	0.00527	0.72480	0.00527	0.00527
6	0.01990	0.01511	0.01613	0.01279	0.01704	0.01688	0.01043	0.56947	0.20465	0.03308	0.01607	0.01560	0.01162	0.00709	0.00575	0.00177	0.00586	0.00547	0.00575	0.00956
7	0.00729	0.00521	0.00686	0.00817	0.00853	0.00484	0.00545	0.00820	0.01114	0.01488	0.03172	0.79195	0.03797	0.01806	0.00742	0.00237	0.00343	0.01630	0.00540	0.00481
8	0.02589	0.00994	0.01347	0.01037	0.01481	0.00858	0.00853	0.02802	0.01653	0.76398	0.02280	0.01985	0.01441	0.00727	0.00588	0.00182	0.00497	0.00584	0.00716	0.00987
9	0.01096	0.00556	0.00556	0.00555	0.00691	0.00552	0.00414	0.01354	0.01218	0.02158	0.01892	0.02169	0.01491	0.00686	0.00413	0.00139	0.00278	0.00542	0.82691	0.00549
10	0.00721	0.00584	0.00633	0.00659	0.00815	0.00501	0.00477	0.00855	0.01295	0.01602	0.09701	0.22121	0.54955	0.01524	0.00700	0.00206	0.00309	0.01297	0.00547	0.00498
11	0.83576	0.01126	0.00862	0.00773	0.01128	0.01298	0.00633	0.01701	0.00993	0.02589	0.00827	0.00972	0.00649	0.00551	0.00368	0.00182	0.00453	0.00320	0.00364	0.00635
12	0.00708	0.00602	0.00602	0.00601	0.00796	0.00502	0.00449	0.00844	0.01322	0.01573	0.05802	0.05526	0.75769	0.01464	0.00688	0.00198	0.00301	0.01213	0.00540	0.00499
13	0.60695	0.01265	0.01108	0.00931	0.01315	0.01436	0.00764	0.22056	0.01473	0.02880	0.00989	0.01096	0.00748	0.00594	0.00429	0.00181	0.00505	0.00378	0.00425	0.00734
14	0.61284	0.01179	0.01009	0.00877	0.01234	0.01344	0.00712	0.11878	0.07689	0.02698	0.01089	0.01193	0.00834	0.00600	0.00420	0.00181	0.00472	0.00388	0.04214	0.00705
15	0.01096	0.00556	0.00556	0.00555	0.00691	0.00552	0.00414	0.01354	0.01218	0.02158	0.01892	0.02169	0.01491	0.00686	0.00413	0.00139	0.00278	0.00542	0.82691	0.00549
16	0.01524	0.01232	0.01315	0.01174	0.01506	0.01400	0.00913	0.03036	0.70250	0.07173	0.02347	0.02159	0.01749	0.00790	0.00594	0.00198	0.00465	0.00651	0.00599	0.00924
17	0.00733	0.00530	0.00687	0.00801	0.00851	0.00488	0.00540	0.00835	0.01152	0.01535	0.06973	0.71380	0.07824	0.01756	0.00736	0.00233	0.00337	0.01578	0.00545	0.00486
18	0.02199	0.01620	0.01734	0.01334	0.01793	0.01787	0.01098	0.74097	0.02701	0.03623	0.01401	0.01414	0.01000	0.00706	0.00585	0.00177	0.00639	0.00524	0.00581	0.00986

[dist]
# distance from previous block
# <min> <max>
0	59

# created by:
# /software/SequenceAnalysis/GenePrediction/augustus/3.0.1/scripts/msa2prfl.pl ./fixed/BUSCOvEOG7PRV5T.fas
