[name]
unknown

[dist]
# distance from previous block
# <min> <max>
0	110

[block]
# block no. 0 follows, 41 sequences, length 17
# corresponding to MSA columns:
# 114-130
name=unknown_A
#
# <colnr> <probs for GDERKNQSTAVLIFYWHMCP>
#	G	D	E	R	K	N	Q	S	T	A	V	L	I	F	Y	W	H	M	C	P
0	0.01181	0.00947	0.01207	0.00987	0.01326	0.00858	0.03488	0.05224	0.04938	0.03186	0.08058	0.05552	0.01762	0.00865	0.00717	0.05436	0.04090	0.10141	0.00416	0.39620
1	0.00720	0.00514	0.00690	0.00823	0.00866	0.00484	0.00571	0.00836	0.01118	0.01486	0.03140	0.72045	0.03733	0.01770	0.00736	0.00235	0.00352	0.08879	0.00531	0.00471
2	0.00773	0.00613	0.00701	0.00735	0.00886	0.00567	0.00554	0.01022	0.05972	0.01644	0.09345	0.21018	0.39883	0.03337	0.00749	0.00218	0.00345	0.10587	0.00536	0.00512
3	0.00773	0.00565	0.00725	0.00820	0.00896	0.00542	0.00590	0.00960	0.03830	0.01562	0.06857	0.50056	0.09599	0.06491	0.00862	0.00250	0.00376	0.13232	0.00526	0.00489
4	0.00800	0.00550	0.00673	0.00723	0.00753	0.00538	0.00469	0.00869	0.00996	0.01329	0.05764	0.26400	0.02860	0.45194	0.01947	0.00412	0.00473	0.08410	0.00433	0.00409
5	0.00695	0.00506	0.00655	0.00774	0.00824	0.00466	0.00521	0.00799	0.01116	0.01469	0.03423	0.71948	0.11186	0.01757	0.00725	0.00228	0.00328	0.01583	0.00531	0.00466
6	0.01295	0.00773	0.00810	0.00718	0.00923	0.00808	0.00561	0.17491	0.01556	0.02469	0.06468	0.02100	0.01607	0.00703	0.00455	0.00145	0.00347	0.00561	0.59580	0.00631
7	0.01305	0.01423	0.02771	0.05867	0.02557	0.01536	0.47158	0.01667	0.01187	0.01667	0.01019	0.01448	0.00825	0.00654	0.01057	0.00211	0.26044	0.00611	0.00275	0.00718
8	0.00875	0.00632	0.00863	0.00977	0.01102	0.00619	0.00827	0.01113	0.01307	0.01703	0.06986	0.14374	0.08167	0.01574	0.00770	0.00251	0.00477	0.56333	0.00533	0.00518
9	0.00912	0.00768	0.00816	0.00789	0.01008	0.00764	0.00608	0.01488	0.22389	0.01831	0.07885	0.06241	0.45144	0.01260	0.00658	0.00198	0.00352	0.05730	0.00550	0.00608
10	0.02005	0.01448	0.01591	0.04895	0.01774	0.01602	0.01044	0.55719	0.10568	0.07085	0.01533	0.01532	0.01096	0.00691	0.00565	0.00173	0.00591	0.00533	0.04629	0.00928
11	0.09803	0.01012	0.01300	0.01006	0.01442	0.00919	0.00831	0.05680	0.01622	0.67062	0.02090	0.01832	0.01326	0.00691	0.00555	0.00177	0.00489	0.00549	0.00671	0.00942
12	0.00702	0.00502	0.00669	0.00793	0.00831	0.00468	0.00531	0.00810	0.01121	0.01502	0.06771	0.75788	0.03863	0.01761	0.00727	0.00230	0.00329	0.01597	0.00536	0.00468
13	0.01223	0.18326	0.62233	0.01501	0.02275	0.01514	0.01888	0.01792	0.01199	0.01719	0.00980	0.01150	0.00726	0.00533	0.00508	0.00169	0.00799	0.00399	0.00242	0.00823
14	0.00810	0.00585	0.00765	0.00720	0.00855	0.00540	0.00540	0.01079	0.01619	0.02294	0.76028	0.04273	0.05397	0.01169	0.00675	0.00180	0.00270	0.01034	0.00630	0.00540
15	0.01186	0.01017	0.01186	0.00847	0.01356	0.00762	0.00678	0.01440	0.01186	0.01864	0.01017	0.01186	0.00847	0.00424	0.00424	0.00085	0.00424	0.00339	0.00339	0.83395
16	0.00697	0.00498	0.00664	0.00796	0.00830	0.00465	0.00531	0.00796	0.01095	0.01460	0.03153	0.79525	0.03783	0.01792	0.00730	0.00232	0.00332	0.01626	0.00531	0.00465

[dist]
# distance from previous block
# <min> <max>
1	7

[block]
# block no. 1 follows, 41 sequences, length 67
# corresponding to MSA columns:
# 138-204
name=unknown_B
#
# <colnr> <probs for GDERKNQSTAVLIFYWHMCP>
#	G	D	E	R	K	N	Q	S	T	A	V	L	I	F	Y	W	H	M	C	P
0	0.00804	0.00592	0.00813	0.00894	0.00964	0.00550	0.02715	0.00923	0.01201	0.01618	0.09690	0.65318	0.03843	0.01713	0.00751	0.00239	0.00378	0.05926	0.00551	0.00517
1	0.00999	0.00763	0.00936	0.00819	0.01054	0.00664	0.00618	0.03365	0.01528	0.02200	0.47770	0.10012	0.03984	0.01054	0.00637	0.00171	0.00347	0.00908	0.00563	0.21609
2	0.01408	0.01579	0.03395	0.02437	0.03016	0.01475	0.73576	0.01870	0.01386	0.01886	0.01216	0.01623	0.00925	0.00523	0.00699	0.00204	0.00980	0.00692	0.00310	0.00801
3	0.01246	0.01058	0.01227	0.00888	0.01398	0.00798	0.00704	0.01481	0.01223	0.01917	0.01077	0.01269	0.00904	0.00465	0.00450	0.00097	0.00445	0.00359	0.00359	0.82635
4	0.01246	0.01058	0.01227	0.00888	0.01398	0.00798	0.00704	0.01481	0.01223	0.01917	0.01077	0.01269	0.00904	0.00465	0.00450	0.00097	0.00445	0.00359	0.00359	0.82635
5	0.01480	0.01268	0.01333	0.01202	0.01529	0.01452	0.00929	0.03065	0.74626	0.02441	0.02376	0.02208	0.01794	0.00814	0.00607	0.00205	0.00473	0.00664	0.00600	0.00934
6	0.00741	0.00622	0.00629	0.00631	0.00823	0.00520	0.00466	0.00867	0.01333	0.01598	0.05720	0.08034	0.73006	0.01492	0.00702	0.00205	0.00313	0.01234	0.00550	0.00515
7	0.01435	0.01229	0.01290	0.01167	0.01486	0.01395	0.00901	0.02932	0.70181	0.02390	0.02584	0.02411	0.06260	0.00854	0.00613	0.00205	0.00464	0.00698	0.00597	0.00908
8	0.01327	0.01424	0.02642	0.04509	0.02471	0.04825	0.47036	0.01664	0.01288	0.01737	0.01431	0.12856	0.01321	0.00793	0.00864	0.00215	0.11744	0.00787	0.00339	0.00727
9	0.01408	0.01579	0.03395	0.02437	0.03016	0.01475	0.73576	0.01870	0.01386	0.01886	0.01216	0.01623	0.00925	0.00523	0.00699	0.00204	0.00980	0.00692	0.00310	0.00801
10	0.02224	0.01638	0.01752	0.01353	0.01812	0.01799	0.01109	0.73766	0.02712	0.03641	0.01430	0.01455	0.01028	0.00725	0.00597	0.00183	0.00648	0.00534	0.00590	0.01000
11	0.01246	0.01058	0.01227	0.00888	0.01398	0.00798	0.00704	0.01481	0.01223	0.01917	0.01077	0.01269	0.00904	0.00465	0.00450	0.00097	0.00445	0.00359	0.00359	0.82635
12	0.01473	0.01397	0.02351	0.03527	0.75656	0.01389	0.01771	0.01793	0.01338	0.01922	0.01135	0.01497	0.00962	0.00550	0.00592	0.00181	0.00698	0.00529	0.00304	0.00934
13	0.01616	0.75617	0.02951	0.01044	0.01525	0.06084	0.01008	0.01780	0.01223	0.01407	0.00862	0.01009	0.00792	0.00535	0.00402	0.00135	0.00652	0.00330	0.00268	0.00760
14	0.00881	0.00656	0.00953	0.00950	0.01054	0.00746	0.00729	0.01060	0.00956	0.01379	0.01596	0.02368	0.01502	0.06726	0.74517	0.00911	0.01511	0.00638	0.00328	0.00538
15	0.00745	0.00625	0.00633	0.00628	0.00824	0.00523	0.00467	0.00877	0.01351	0.01629	0.08384	0.05501	0.72843	0.01470	0.00700	0.00203	0.00311	0.01213	0.00553	0.00517
16	0.00776	0.00622	0.00651	0.00644	0.00807	0.00537	0.00461	0.00896	0.01303	0.01614	0.12309	0.05167	0.57586	0.12818	0.01024	0.00255	0.00348	0.01148	0.00533	0.00501
17	0.01586	0.79527	0.03021	0.01019	0.01509	0.02284	0.01002	0.01751	0.01200	0.01404	0.00857	0.01003	0.00792	0.00530	0.00394	0.00134	0.00631	0.00327	0.00266	0.00764
18	0.01246	0.01058	0.01227	0.00888	0.01398	0.00798	0.00704	0.01481	0.01223	0.01917	0.01077	0.01269	0.00904	0.00465	0.00450	0.00097	0.00445	0.00359	0.00359	0.82635
19	0.01141	0.01058	0.01751	0.77822	0.03957	0.01301	0.01606	0.01502	0.01181	0.01518	0.01077	0.01605	0.00820	0.00612	0.00597	0.00201	0.00780	0.00527	0.00275	0.00666
20	0.01207	0.02982	0.76251	0.01664	0.02507	0.01358	0.02126	0.01849	0.01245	0.01865	0.01086	0.01291	0.00783	0.00583	0.00569	0.00192	0.00862	0.00442	0.00263	0.00874
21	0.02189	0.02695	0.01662	0.01501	0.01807	0.73078	0.01126	0.05956	0.01708	0.01569	0.00970	0.01133	0.00807	0.00634	0.00544	0.00160	0.01026	0.00396	0.00329	0.00709
22	0.00740	0.00625	0.00626	0.00623	0.00821	0.00521	0.00463	0.00868	0.01340	0.01601	0.05809	0.05547	0.75436	0.01480	0.00700	0.00204	0.00312	0.01219	0.00550	0.00515
23	0.00940	0.00805	0.03319	0.00821	0.00993	0.04097	0.00641	0.01194	0.01629	0.02262	0.67265	0.04119	0.07321	0.01166	0.00687	0.00190	0.00346	0.01004	0.00616	0.00585
24	0.00740	0.00625	0.00626	0.00623	0.00821	0.00521	0.00463	0.00868	0.01340	0.01601	0.05809	0.05547	0.75436	0.01480	0.00700	0.00204	0.00312	0.01219	0.00550	0.00515
25	0.01347	0.01466	0.02988	0.02188	0.02664	0.01428	0.59614	0.01736	0.01311	0.01794	0.01387	0.01850	0.03967	0.04218	0.00927	0.00226	0.09113	0.00702	0.00318	0.00755
26	0.01127	0.00579	0.00580	0.00577	0.00715	0.00571	0.00429	0.01375	0.01237	0.02183	0.01918	0.02207	0.01517	0.00705	0.00427	0.00145	0.00289	0.00552	0.82303	0.00565
27	0.01207	0.02982	0.76251	0.01664	0.02507	0.01358	0.02126	0.01849	0.01245	0.01865	0.01086	0.01291	0.00783	0.00583	0.00569	0.00192	0.00862	0.00442	0.00263	0.00874
28	0.02613	0.01015	0.01367	0.01057	0.01502	0.00875	0.00865	0.02816	0.01670	0.76064	0.02305	0.02023	0.01467	0.00746	0.00600	0.00188	0.00507	0.00594	0.00725	0.01001
29	0.01473	0.01397	0.02351	0.03527	0.75656	0.01389	0.01771	0.01793	0.01338	0.01922	0.01135	0.01497	0.00962	0.00550	0.00592	0.00181	0.00698	0.00529	0.00304	0.00934
30	0.83207	0.01147	0.00885	0.00794	0.01151	0.01313	0.00646	0.01720	0.01013	0.02613	0.00859	0.01015	0.00679	0.00571	0.00381	0.00188	0.00463	0.00331	0.00374	0.00651
31	0.01473	0.01397	0.02351	0.03527	0.75656	0.01389	0.01771	0.01793	0.01338	0.01922	0.01135	0.01497	0.00962	0.00550	0.00592	0.00181	0.00698	0.00529	0.00304	0.00934
32	0.01246	0.01058	0.01227	0.00888	0.01398	0.00798	0.00704	0.01481	0.01223	0.01917	0.01077	0.01269	0.00904	0.00465	0.00450	0.00097	0.00445	0.00359	0.00359	0.82635
33	0.01312	0.01123	0.01368	0.01049	0.01442	0.01043	0.00845	0.03087	0.01196	0.03477	0.01052	0.01305	0.00898	0.00606	0.00782	0.00138	0.18006	0.00405	0.00352	0.60515
34	0.01246	0.01058	0.01227	0.00888	0.01398	0.00798	0.00704	0.01481	0.01223	0.01917	0.01077	0.01269	0.00904	0.00465	0.00450	0.00097	0.00445	0.00359	0.00359	0.82635
35	0.02224	0.01638	0.01752	0.01353	0.01812	0.01799	0.01109	0.73766	0.02712	0.03641	0.01430	0.01455	0.01028	0.00725	0.00597	0.00183	0.00648	0.00534	0.00590	0.01000
36	0.00832	0.00555	0.00624	0.00624	0.00624	0.00555	0.00347	0.00832	0.00832	0.01109	0.01802	0.03743	0.02080	0.79898	0.02911	0.00555	0.00555	0.00832	0.00347	0.00347
37	0.02114	0.01557	0.01673	0.01295	0.01735	0.01720	0.01064	0.71397	0.02624	0.03517	0.01446	0.04585	0.01088	0.00732	0.00579	0.00174	0.00617	0.00561	0.00571	0.00952
38	0.00994	0.00497	0.00745	0.00745	0.00745	0.00497	0.00497	0.00745	0.00745	0.00994	0.00994	0.01739	0.00994	0.01987	0.02235	0.83358	0.00497	0.00497	0.00248	0.00248
39	0.01423	0.01229	0.01293	0.01164	0.01487	0.01423	0.00905	0.03039	0.75297	0.02393	0.02328	0.02134	0.01746	0.00776	0.00582	0.00194	0.00453	0.00647	0.00582	0.00905
40	0.01080	0.01017	0.01716	0.78523	0.03940	0.01271	0.01589	0.01461	0.01144	0.01461	0.01017	0.01525	0.00762	0.00572	0.00572	0.00191	0.00762	0.00508	0.00254	0.00635
41	0.02137	0.02726	0.01621	0.01474	0.01768	0.77602	0.01105	0.02284	0.01621	0.01400	0.00884	0.01031	0.00737	0.00589	0.00516	0.00147	0.01031	0.00368	0.00295	0.00663
42	0.83938	0.01106	0.00841	0.00752	0.01106	0.01283	0.00619	0.01681	0.00973	0.02566	0.00796	0.00929	0.00619	0.00531	0.00354	0.00177	0.00442	0.00310	0.00354	0.00619
43	0.01453	0.01244	0.01310	0.01170	0.01499	0.01437	0.00913	0.05886	0.72402	0.02441	0.02290	0.02104	0.01715	0.00772	0.00582	0.00193	0.00460	0.00641	0.00582	0.00908
44	0.01281	0.01301	0.01748	0.01501	0.01511	0.04318	0.01246	0.01407	0.00901	0.01377	0.00755	0.01244	0.00750	0.00987	0.01831	0.00247	0.76219	0.00496	0.00252	0.00627
45	0.00832	0.00555	0.00624	0.00624	0.00624	0.00555	0.00347	0.00832	0.00832	0.01109	0.01802	0.03743	0.02080	0.79898	0.02911	0.00555	0.00555	0.00832	0.00347	0.00347
46	0.01514	0.77066	0.06036	0.01005	0.01509	0.02225	0.01025	0.01717	0.01164	0.01365	0.00805	0.00929	0.00734	0.00492	0.00374	0.00125	0.00621	0.00311	0.00245	0.00739
47	0.00706	0.00581	0.00621	0.00611	0.00791	0.00496	0.00458	0.00879	0.01374	0.01713	0.21516	0.05229	0.60272	0.01386	0.00676	0.00190	0.00285	0.01169	0.00553	0.00496
48	0.01464	0.67117	0.15555	0.01089	0.01639	0.02104	0.01171	0.01730	0.01170	0.01425	0.00834	0.00967	0.00732	0.00499	0.00397	0.00132	0.00651	0.00326	0.00244	0.00753
49	0.01418	0.01378	0.02234	0.03325	0.70586	0.04122	0.01683	0.01748	0.01327	0.01868	0.04058	0.01516	0.01079	0.00539	0.00569	0.00169	0.00676	0.00525	0.00297	0.00883
50	0.01529	0.80242	0.02997	0.00979	0.01468	0.02263	0.00979	0.01713	0.01162	0.01346	0.00795	0.00918	0.00734	0.00489	0.00367	0.00122	0.00612	0.00306	0.00245	0.00734
51	0.01425	0.01083	0.01259	0.00927	0.01409	0.00907	0.00746	0.12103	0.01437	0.08049	0.01229	0.03539	0.00995	0.00524	0.00466	0.00109	0.00456	0.00420	0.00408	0.62510
52	0.00889	0.00735	0.01146	0.06315	0.15473	0.00733	0.03035	0.01073	0.01142	0.01548	0.02478	0.51697	0.02827	0.01552	0.04568	0.00252	0.00509	0.03008	0.00448	0.00572
53	0.00810	0.00585	0.00765	0.00720	0.00855	0.00540	0.00540	0.01079	0.01619	0.02294	0.76028	0.04273	0.05397	0.01169	0.00675	0.00180	0.00270	0.01034	0.00630	0.00540
54	0.01278	0.01082	0.01214	0.03472	0.03856	0.01217	0.00873	0.04758	0.51754	0.02219	0.05797	0.13491	0.04623	0.00946	0.00610	0.00197	0.00444	0.00812	0.00555	0.00805
55	0.00922	0.00658	0.00922	0.01053	0.01185	0.00658	0.00922	0.01185	0.01317	0.01712	0.03029	0.06452	0.03292	0.01580	0.00790	0.00263	0.00527	0.72480	0.00527	0.00527
56	0.01423	0.01370	0.02156	0.03160	0.65089	0.04930	0.01630	0.03513	0.01346	0.01869	0.01230	0.04165	0.01101	0.00608	0.00579	0.00175	0.00677	0.03804	0.00310	0.00865
57	0.01355	0.01071	0.01336	0.00965	0.01469	0.00858	0.04424	0.05498	0.01310	0.07757	0.01139	0.01273	0.00899	0.00463	0.00456	0.00102	0.00467	0.00384	0.00378	0.68399
58	0.64118	0.03695	0.01073	0.00913	0.01250	0.15281	0.00738	0.01783	0.01094	0.02282	0.00811	0.00957	0.00648	0.00555	0.00430	0.00172	0.02906	0.00326	0.00337	0.00631
59	0.02026	0.01528	0.01633	0.01286	0.01717	0.01704	0.01051	0.60289	0.17066	0.03365	0.01562	0.01524	0.01126	0.00704	0.00574	0.00176	0.00594	0.00541	0.00574	0.00959
60	0.83938	0.01106	0.00841	0.00752	0.01106	0.01283	0.00619	0.01681	0.00973	0.02566	0.00796	0.00929	0.00619	0.00531	0.00354	0.00177	0.00442	0.00310	0.00354	0.00619
61	0.01455	0.01297	0.01308	0.01178	0.01500	0.04878	0.00914	0.03005	0.71954	0.02348	0.02263	0.02084	0.01700	0.00768	0.00579	0.00192	0.00479	0.00634	0.00569	0.00894
62	0.00697	0.00498	0.00664	0.00796	0.00830	0.00465	0.00531	0.00796	0.01095	0.01460	0.03153	0.79525	0.03783	0.01792	0.00730	0.00232	0.00332	0.01626	0.00531	0.00465
63	0.00903	0.00727	0.00823	0.00774	0.00969	0.00718	0.00588	0.01434	0.17942	0.02076	0.37115	0.04190	0.27217	0.01171	0.00654	0.00187	0.00317	0.01003	0.00588	0.00603
64	0.00686	0.00580	0.00593	0.00590	0.00779	0.00487	0.00442	0.00840	0.01327	0.01601	0.10990	0.05414	0.70867	0.01428	0.00676	0.00192	0.00288	0.01194	0.00538	0.00487
65	0.02003	0.20000	0.01936	0.01352	0.01701	0.55492	0.01076	0.07147	0.01592	0.01540	0.00898	0.01030	0.00752	0.00574	0.00486	0.00143	0.00910	0.00365	0.00303	0.00700
66	0.00714	0.00612	0.00615	0.00609	0.00809	0.00530	0.00458	0.00933	0.05036	0.01588	0.05620	0.05335	0.72348	0.01415	0.00671	0.00193	0.00298	0.01179	0.00534	0.00504

[dist]
# distance from previous block
# <min> <max>
3	7

[block]
# block no. 2 follows, 41 sequences, length 30
# corresponding to MSA columns:
# 212-241
name=unknown_C
#
# <colnr> <probs for GDERKNQSTAVLIFYWHMCP>
#	G	D	E	R	K	N	Q	S	T	A	V	L	I	F	Y	W	H	M	C	P
0	0.01371	0.01313	0.02241	0.13489	0.66701	0.01347	0.01733	0.01716	0.01281	0.01815	0.01068	0.01430	0.00887	0.00518	0.00567	0.00173	0.00691	0.00509	0.00279	0.00870
1	0.02407	0.00938	0.01276	0.00991	0.01405	0.00813	0.00813	0.02633	0.01635	0.69970	0.08953	0.02158	0.01777	0.00750	0.00584	0.00177	0.00467	0.00617	0.00701	0.00934
2	0.01179	0.09382	0.70789	0.01576	0.02392	0.01406	0.02019	0.01803	0.01204	0.01773	0.01007	0.01184	0.00725	0.00539	0.00529	0.00176	0.00826	0.00413	0.00242	0.00836
3	0.04068	0.01138	0.01297	0.01096	0.01461	0.01212	0.00873	0.06886	0.41863	0.27308	0.04894	0.02074	0.01694	0.00756	0.00576	0.00186	0.00467	0.00620	0.00619	0.00911
4	0.00817	0.00613	0.00919	0.00919	0.01021	0.00715	0.00715	0.01021	0.00919	0.01328	0.01532	0.02247	0.01430	0.04290	0.77631	0.00919	0.01532	0.00613	0.00306	0.00511
5	0.01147	0.02959	0.76934	0.01630	0.02476	0.01328	0.02113	0.01811	0.01208	0.01811	0.01026	0.01208	0.00725	0.00543	0.00543	0.00181	0.00845	0.00423	0.00242	0.00845
6	0.78503	0.01097	0.00873	0.00770	0.01130	0.01254	0.00634	0.01755	0.01018	0.07520	0.00894	0.00997	0.00673	0.00543	0.00369	0.00177	0.00445	0.00327	0.00378	0.00643
7	0.00979	0.00903	0.05928	0.00884	0.01116	0.00810	0.00730	0.01606	0.19998	0.02251	0.49312	0.03593	0.07524	0.01043	0.00643	0.00184	0.00355	0.00905	0.00587	0.00649
8	0.00817	0.00613	0.00919	0.00919	0.01021	0.00715	0.00715	0.01021	0.00919	0.01328	0.01532	0.02247	0.01430	0.04290	0.77631	0.00919	0.01532	0.00613	0.00306	0.00511
9	0.01350	0.01543	0.03375	0.02411	0.02989	0.01446	0.74253	0.01832	0.01350	0.01832	0.01157	0.01543	0.00868	0.00482	0.00675	0.00193	0.00964	0.00675	0.00289	0.00771
10	0.01066	0.00533	0.00533	0.00533	0.00666	0.00533	0.00400	0.01333	0.01200	0.02132	0.01866	0.02132	0.01466	0.00666	0.00400	0.00133	0.00267	0.00533	0.83073	0.00533
11	0.01297	0.01113	0.01178	0.01079	0.01370	0.01262	0.00832	0.02660	0.62698	0.02243	0.02741	0.07652	0.09561	0.00913	0.00602	0.00196	0.00428	0.00770	0.00573	0.00832
12	0.02566	0.00973	0.01327	0.01018	0.01460	0.00841	0.00841	0.02788	0.01637	0.76726	0.02257	0.01947	0.01416	0.00708	0.00575	0.00177	0.00487	0.00575	0.00708	0.00973
13	0.01259	0.01203	0.01713	0.59249	0.03370	0.06463	0.01481	0.07572	0.01277	0.01627	0.01011	0.01452	0.00777	0.00626	0.00699	0.00192	0.08583	0.00499	0.00283	0.00664
14	0.02137	0.02726	0.01621	0.01474	0.01768	0.77602	0.01105	0.02284	0.01621	0.01400	0.00884	0.01031	0.00737	0.00589	0.00516	0.00147	0.01031	0.00368	0.00295	0.00663
15	0.01173	0.08073	0.72042	0.01587	0.02409	0.01390	0.02038	0.01805	0.01205	0.01781	0.01011	0.01188	0.00725	0.00540	0.00532	0.00177	0.00830	0.00415	0.00242	0.00838
16	0.01115	0.01065	0.01688	0.53640	0.03128	0.01379	0.01454	0.01413	0.01065	0.01437	0.01018	0.04276	0.00869	0.00739	0.00952	0.00209	0.23116	0.00547	0.00263	0.00626
17	0.83938	0.01106	0.00841	0.00752	0.01106	0.01283	0.00619	0.01681	0.00973	0.02566	0.00796	0.00929	0.00619	0.00531	0.00354	0.00177	0.00442	0.00310	0.00354	0.00619
18	0.02208	0.01120	0.01443	0.01284	0.07721	0.01092	0.00955	0.10101	0.16014	0.48574	0.02082	0.01880	0.01392	0.00702	0.00575	0.00179	0.00511	0.00577	0.00634	0.00955
19	0.02566	0.00973	0.01327	0.01018	0.01460	0.00841	0.00841	0.02788	0.01637	0.76726	0.02257	0.01947	0.01416	0.00708	0.00575	0.00177	0.00487	0.00575	0.00708	0.00973
20	0.00721	0.00563	0.00654	0.00669	0.00810	0.00496	0.00487	0.00894	0.01355	0.01755	0.26598	0.21125	0.38954	0.01438	0.00687	0.00198	0.00293	0.01245	0.00561	0.00496
21	0.02174	0.01602	0.01717	0.01316	0.01774	0.01774	0.01087	0.74423	0.02689	0.03605	0.01373	0.01373	0.00973	0.00687	0.00572	0.00172	0.00629	0.00515	0.00572	0.00973
22	0.02096	0.07908	0.01713	0.01440	0.01748	0.72566	0.01097	0.02246	0.01590	0.01396	0.00878	0.01024	0.00737	0.00583	0.00506	0.00146	0.01003	0.00364	0.00291	0.00668
23	0.02041	0.07667	0.01695	0.01399	0.01725	0.58647	0.01078	0.09530	0.07821	0.01700	0.01047	0.01150	0.00844	0.00608	0.00517	0.00152	0.00915	0.00402	0.00343	0.00719
24	0.00676	0.00579	0.00579	0.00579	0.00773	0.00483	0.00435	0.00821	0.01304	0.01545	0.05794	0.05505	0.76098	0.01449	0.00676	0.00193	0.00290	0.01207	0.00531	0.00483
25	0.00819	0.00591	0.00778	0.00747	0.00882	0.00550	0.00571	0.01088	0.01594	0.02245	0.69961	0.04454	0.05222	0.01203	0.00684	0.00187	0.00291	0.06973	0.00621	0.00539
26	0.00749	0.00582	0.00681	0.00656	0.00818	0.00514	0.00492	0.00963	0.01477	0.01956	0.44318	0.04829	0.37318	0.01295	0.00675	0.00186	0.00279	0.01112	0.00585	0.00514
27	0.01080	0.01017	0.01716	0.78523	0.03940	0.01271	0.01589	0.01461	0.01144	0.01461	0.01017	0.01525	0.00762	0.00572	0.00572	0.00191	0.00762	0.00508	0.00254	0.00635
28	0.01310	0.01253	0.02051	0.01470	0.02002	0.01086	0.28648	0.06155	0.01342	0.01961	0.01092	0.01333	0.00863	0.00462	0.00528	0.00131	0.00642	0.00478	0.00335	0.46856
29	0.02174	0.01602	0.01717	0.01316	0.01774	0.01774	0.01087	0.74423	0.02689	0.03605	0.01373	0.01373	0.00973	0.00687	0.00572	0.00172	0.00629	0.00515	0.00572	0.00973

[dist]
# distance from previous block
# <min> <max>
0	1

[block]
# block no. 3 follows, 41 sequences, length 7
# corresponding to MSA columns:
# 243-249
name=unknown_D
#
# <colnr> <probs for GDERKNQSTAVLIFYWHMCP>
#	G	D	E	R	K	N	Q	S	T	A	V	L	I	F	Y	W	H	M	C	P
0	0.01080	0.01017	0.01716	0.78523	0.03940	0.01271	0.01589	0.01461	0.01144	0.01461	0.01017	0.01525	0.00762	0.00572	0.00572	0.00191	0.00762	0.00508	0.00254	0.00635
1	0.02174	0.01602	0.01717	0.01316	0.01774	0.01774	0.01087	0.74423	0.02689	0.03605	0.01373	0.01373	0.00973	0.00687	0.00572	0.00172	0.00629	0.00515	0.00572	0.00973
2	0.01186	0.01017	0.01186	0.00847	0.01356	0.00762	0.00678	0.01440	0.01186	0.01864	0.01017	0.01186	0.00847	0.00424	0.00424	0.00085	0.00424	0.00339	0.00339	0.83395
3	0.00697	0.00498	0.00664	0.00796	0.00830	0.00465	0.00531	0.00796	0.01095	0.01460	0.03153	0.79525	0.03783	0.01792	0.00730	0.00232	0.00332	0.01626	0.00531	0.00465
4	0.00994	0.00497	0.00745	0.00745	0.00745	0.00497	0.00497	0.00745	0.00745	0.00994	0.00994	0.01739	0.00994	0.01987	0.02235	0.83358	0.00497	0.00497	0.00248	0.00248
5	0.01502	0.01249	0.01318	0.01150	0.01488	0.01419	0.00905	0.15241	0.57661	0.02544	0.02400	0.02233	0.06707	0.00807	0.00587	0.00190	0.00472	0.00662	0.00577	0.00888
6	0.01416	0.01359	0.02322	0.03511	0.76330	0.01359	0.01755	0.01755	0.01302	0.01869	0.01076	0.01416	0.00906	0.00510	0.00566	0.00170	0.00680	0.00510	0.00283	0.00906

[dist]
# distance from previous block
# <min> <max>
0	1

[block]
# block no. 4 follows, 41 sequences, length 15
# corresponding to MSA columns:
# 251-265
name=unknown_E
#
# <colnr> <probs for GDERKNQSTAVLIFYWHMCP>
#	G	D	E	R	K	N	Q	S	T	A	V	L	I	F	Y	W	H	M	C	P
0	0.01339	0.01281	0.02183	0.20666	0.59775	0.01339	0.01717	0.01688	0.01266	0.01776	0.01062	0.01441	0.00873	0.00524	0.00568	0.00175	0.00698	0.00509	0.00277	0.00844
1	0.01084	0.00911	0.00879	0.00917	0.01037	0.12456	0.00647	0.01260	0.04205	0.06817	0.02777	0.53386	0.06074	0.03798	0.00743	0.00222	0.00461	0.01276	0.00504	0.00546
2	0.06980	0.02578	0.63532	0.01472	0.02208	0.01242	0.01842	0.01725	0.01234	0.01916	0.08896	0.01510	0.01208	0.00608	0.00544	0.00181	0.00756	0.00479	0.00290	0.00797
3	0.01501	0.01034	0.01356	0.04716	0.01588	0.00840	0.04545	0.01766	0.01294	0.18757	0.01304	0.01393	0.00973	0.00498	0.00478	0.00116	0.00482	0.00418	0.00416	0.56525
4	0.00835	0.00766	0.00829	0.00957	0.08781	0.04427	0.00626	0.01001	0.01309	0.01572	0.04837	0.08800	0.58581	0.01329	0.00663	0.00192	0.00377	0.03090	0.00493	0.00537
5	0.01198	0.00930	0.01063	0.00972	0.01208	0.01009	0.00757	0.02038	0.34534	0.06768	0.20141	0.05642	0.12791	0.01029	0.00693	0.00196	0.04300	0.03432	0.00574	0.00724
6	0.00739	0.00546	0.00690	0.00730	0.00830	0.00498	0.00519	0.00914	0.01341	0.01810	0.32948	0.37016	0.16343	0.01485	0.00699	0.00205	0.00300	0.01319	0.00571	0.00498
7	0.01215	0.01244	0.02347	0.32924	0.03104	0.01323	0.33412	0.01756	0.09028	0.01722	0.01326	0.05611	0.01068	0.00617	0.00626	0.00194	0.00796	0.00654	0.00318	0.00715
8	0.01691	0.07680	0.17515	0.04762	0.10882	0.24846	0.04479	0.11023	0.01554	0.04884	0.01164	0.01482	0.00938	0.00622	0.00548	0.00169	0.00812	0.03828	0.00339	0.00783
9	0.83938	0.01106	0.00841	0.00752	0.01106	0.01283	0.00619	0.01681	0.00973	0.02566	0.00796	0.00929	0.00619	0.00531	0.00354	0.00177	0.00442	0.00310	0.00354	0.00619
10	0.05135	0.05242	0.02623	0.01868	0.02331	0.01294	0.49224	0.01714	0.04320	0.01959	0.16396	0.02062	0.01806	0.00636	0.00641	0.00186	0.00761	0.00711	0.00371	0.00721
11	0.01932	0.01416	0.01563	0.01214	0.01639	0.01524	0.00996	0.56610	0.02307	0.05135	0.01374	0.01460	0.01019	0.01037	0.08658	0.00241	0.00697	0.00507	0.00522	0.10153
12	0.00708	0.00511	0.00670	0.00777	0.00829	0.00473	0.00527	0.00827	0.01161	0.01552	0.10955	0.67690	0.07785	0.01708	0.00721	0.00225	0.00323	0.01542	0.00541	0.00473
13	0.00787	0.00584	0.00733	0.00696	0.00840	0.00530	0.00522	0.01035	0.01565	0.02165	0.63960	0.04484	0.17546	0.01217	0.00675	0.00182	0.00273	0.01064	0.00613	0.00530
14	0.00697	0.00498	0.00664	0.00796	0.00830	0.00465	0.00531	0.00796	0.01095	0.01460	0.03153	0.79525	0.03783	0.01792	0.00730	0.00232	0.00332	0.01626	0.00531	0.00465

[dist]
# distance from previous block
# <min> <max>
0	2

[block]
# block no. 5 follows, 41 sequences, length 75
# corresponding to MSA columns:
# 268-342
name=unknown_F
#
# <colnr> <probs for GDERKNQSTAVLIFYWHMCP>
#	G	D	E	R	K	N	Q	S	T	A	V	L	I	F	Y	W	H	M	C	P
0	0.01253	0.01152	0.01532	0.01348	0.10811	0.02735	0.06154	0.01523	0.01202	0.01819	0.01014	0.01241	0.00847	0.00480	0.00557	0.00115	0.05655	0.00396	0.00322	0.59845
1	0.01066	0.00533	0.00533	0.00533	0.00666	0.00533	0.00400	0.01333	0.01200	0.02132	0.01866	0.02132	0.01466	0.00666	0.00400	0.00133	0.00267	0.00533	0.83073	0.00533
2	0.01130	0.01068	0.01610	0.65989	0.03482	0.04883	0.01439	0.02940	0.01169	0.01470	0.01091	0.01704	0.00888	0.07955	0.00787	0.00222	0.00753	0.00532	0.00271	0.00617
3	0.01192	0.01038	0.01239	0.00908	0.01369	0.00855	0.00731	0.01434	0.01157	0.01819	0.00992	0.01192	0.00838	0.00477	0.00559	0.00100	0.07720	0.00354	0.00331	0.75695
4	0.01314	0.01013	0.01199	0.00863	0.01365	0.00770	0.00693	0.01566	0.01228	0.08828	0.01132	0.01257	0.00900	0.00450	0.00438	0.00093	0.00429	0.00361	0.00373	0.75727
5	0.01258	0.00889	0.00951	0.00938	0.04656	0.07779	0.00670	0.01442	0.01429	0.17044	0.15141	0.11897	0.31332	0.01165	0.00641	0.00187	0.00419	0.00984	0.00549	0.00627
6	0.76195	0.01050	0.00824	0.00756	0.01080	0.01207	0.00611	0.01599	0.00985	0.02463	0.01016	0.08241	0.00914	0.00648	0.00389	0.00182	0.00432	0.00432	0.00370	0.00605
7	0.00697	0.00498	0.00664	0.00796	0.00830	0.00465	0.00531	0.00796	0.01095	0.01460	0.03153	0.79525	0.03783	0.01792	0.00730	0.00232	0.00332	0.01626	0.00531	0.00465
8	0.01278	0.01071	0.01235	0.00891	0.01394	0.00857	0.00716	0.08230	0.01326	0.02026	0.01050	0.01204	0.00859	0.00448	0.00437	0.00093	0.00443	0.00355	0.00361	0.75727
9	0.01176	0.00992	0.01169	0.00873	0.01346	0.00768	0.00706	0.02482	0.01220	0.01875	0.01209	0.01679	0.01076	0.00535	0.00460	0.00103	0.00436	0.07053	0.00360	0.74482
10	0.01324	0.01012	0.01200	0.00864	0.01366	0.00770	0.00694	0.01575	0.01231	0.09331	0.01140	0.01262	0.00904	0.00452	0.00439	0.00094	0.00430	0.00362	0.00376	0.75174
11	0.00690	0.00575	0.00603	0.00607	0.00784	0.00487	0.00451	0.00845	0.01321	0.01613	0.12485	0.10241	0.64443	0.01444	0.00679	0.00194	0.00291	0.01218	0.00541	0.00487
12	0.00815	0.00675	0.00685	0.00648	0.00866	0.00603	0.00495	0.07668	0.01433	0.01737	0.05383	0.05120	0.69109	0.01378	0.00666	0.00191	0.00321	0.01143	0.00535	0.00528
13	0.00957	0.00652	0.00726	0.00688	0.00731	0.00668	0.00415	0.07678	0.01005	0.01341	0.01762	0.03523	0.01977	0.72529	0.02694	0.00519	0.00562	0.00802	0.00368	0.00405
14	0.01000	0.00500	0.00725	0.00725	0.00738	0.00500	0.00488	0.00800	0.00787	0.01099	0.01075	0.01775	0.01038	0.01864	0.02065	0.75616	0.00475	0.00500	0.07953	0.00275
15	0.00913	0.00649	0.00894	0.01013	0.01133	0.00649	0.00868	0.01152	0.01272	0.01656	0.02914	0.06200	0.03179	0.08866	0.00987	0.00290	0.00529	0.65815	0.00510	0.00510
16	0.01589	0.72926	0.02878	0.01010	0.01497	0.02218	0.00989	0.08477	0.01304	0.01556	0.00849	0.00960	0.00756	0.00508	0.00386	0.00127	0.00613	0.00325	0.00275	0.00756
17	0.02141	0.02583	0.01633	0.01454	0.01769	0.67979	0.01103	0.11439	0.01757	0.01680	0.00946	0.01075	0.00767	0.00602	0.00523	0.00150	0.00980	0.00387	0.00330	0.00702
18	0.02147	0.01640	0.01611	0.01298	0.01704	0.12129	0.01039	0.47744	0.02302	0.11642	0.01790	0.01818	0.06021	0.00907	0.03221	0.00212	0.00706	0.00579	0.00565	0.00924
19	0.00915	0.00619	0.00698	0.00707	0.00720	0.00603	0.00410	0.00900	0.00920	0.01236	0.02017	0.11373	0.02318	0.71029	0.02699	0.00534	0.00563	0.00935	0.00396	0.00410
20	0.01439	0.01599	0.03405	0.02451	0.03030	0.01490	0.73218	0.01889	0.01404	0.01914	0.01247	0.01665	0.00954	0.00544	0.00712	0.00209	0.00989	0.00702	0.00321	0.00817
21	0.01243	0.01152	0.01897	0.61712	0.19157	0.01336	0.01650	0.01586	0.01234	0.01634	0.01121	0.01624	0.00881	0.00620	0.00609	0.00203	0.00772	0.00538	0.00292	0.00739
22	0.00795	0.00569	0.00733	0.00860	0.00902	0.00523	0.00573	0.00869	0.01153	0.01547	0.03213	0.78508	0.03827	0.01835	0.00766	0.00248	0.00365	0.01639	0.00559	0.00514
23	0.01277	0.01080	0.01248	0.00910	0.01420	0.00816	0.00718	0.01503	0.01243	0.01945	0.01108	0.01313	0.00934	0.00487	0.00464	0.00103	0.00456	0.00370	0.00370	0.82234
24	0.01332	0.01428	0.02962	0.02187	0.02678	0.01330	0.61176	0.01720	0.01363	0.01853	0.01573	0.14403	0.01431	0.00758	0.00721	0.00216	0.00885	0.00857	0.00361	0.00767
25	0.02205	0.06698	0.01835	0.01376	0.01813	0.13591	0.01117	0.57744	0.02464	0.03179	0.01348	0.01417	0.01006	0.00718	0.00589	0.00182	0.00720	0.00508	0.00537	0.00952
26	0.01356	0.10400	0.54580	0.01844	0.10870	0.01493	0.04191	0.04855	0.01336	0.01928	0.01119	0.01347	0.00850	0.00599	0.00573	0.00191	0.00824	0.00463	0.00294	0.00888
27	0.01173	0.01080	0.01770	0.77452	0.03967	0.01317	0.01615	0.01524	0.01201	0.01548	0.01108	0.01647	0.00851	0.00633	0.00610	0.00207	0.00790	0.00537	0.00286	0.00683
28	0.00906	0.00655	0.00833	0.00785	0.00927	0.00597	0.00582	0.01147	0.01670	0.02369	0.75025	0.04355	0.05417	0.01221	0.00712	0.00197	0.00304	0.01056	0.00656	0.00588
29	0.02163	0.01588	0.01699	0.01327	0.01757	0.01733	0.01072	0.68591	0.02602	0.03497	0.01488	0.01653	0.01130	0.05943	0.00764	0.00214	0.00654	0.00565	0.00585	0.00974
30	0.01434	0.01584	0.03346	0.02408	0.02986	0.01472	0.71214	0.01879	0.01400	0.01915	0.01243	0.01655	0.00954	0.00543	0.00705	0.00206	0.00974	0.00692	0.00322	0.03067
31	0.63739	0.01156	0.01033	0.00888	0.01267	0.01253	0.00719	0.04126	0.01220	0.17847	0.01207	0.01282	0.00883	0.00633	0.00447	0.00194	0.00489	0.00402	0.00464	0.00750
32	0.00795	0.00569	0.00733	0.00860	0.00902	0.00523	0.00573	0.00869	0.01153	0.01547	0.03213	0.78508	0.03827	0.01835	0.00766	0.00248	0.00365	0.01639	0.00559	0.00514
33	0.02214	0.02765	0.01677	0.01527	0.01827	0.76534	0.01139	0.02334	0.01671	0.01488	0.00978	0.01161	0.00825	0.00650	0.00555	0.00165	0.01055	0.00399	0.00326	0.00710
34	0.82821	0.01168	0.00908	0.00817	0.01175	0.01329	0.00660	0.01741	0.01033	0.02637	0.00891	0.01060	0.00710	0.00592	0.00396	0.00194	0.00474	0.00342	0.00385	0.00667
35	0.01615	0.79149	0.03033	0.01040	0.01531	0.02295	0.01014	0.01772	0.01219	0.01434	0.00890	0.01049	0.00823	0.00551	0.00409	0.00140	0.00641	0.00338	0.00277	0.00780
36	0.00795	0.00569	0.00733	0.00860	0.00902	0.00523	0.00573	0.00869	0.01153	0.01547	0.03213	0.78508	0.03827	0.01835	0.00766	0.00248	0.00365	0.01639	0.00559	0.00514
37	0.00914	0.00682	0.00985	0.00981	0.01091	0.00770	0.00754	0.01090	0.00980	0.01417	0.01616	0.02359	0.01508	0.04296	0.76545	0.00925	0.01548	0.00640	0.00338	0.00560
38	0.00928	0.00625	0.00694	0.00690	0.00699	0.00611	0.00391	0.00903	0.00894	0.01201	0.01883	0.03833	0.02148	0.78801	0.02916	0.00566	0.00585	0.00856	0.00377	0.00398
39	0.02251	0.01657	0.01771	0.01372	0.01833	0.01813	0.01121	0.73420	0.02724	0.03661	0.01460	0.01498	0.01058	0.00746	0.00611	0.00188	0.00659	0.00544	0.00600	0.01015
40	0.02214	0.02765	0.01677	0.01527	0.01827	0.76534	0.01139	0.02334	0.01671	0.01488	0.00978	0.01161	0.00825	0.00650	0.00555	0.00165	0.01055	0.00399	0.00326	0.00710
41	0.00906	0.00655	0.00833	0.00785	0.00927	0.00597	0.00582	0.01147	0.01670	0.02369	0.75025	0.04355	0.05417	0.01221	0.00712	0.00197	0.00304	0.01056	0.00656	0.00588
42	0.00868	0.00698	0.01011	0.00989	0.01122	0.00634	0.08310	0.01000	0.01249	0.01655	0.08218	0.53227	0.15490	0.01600	0.00748	0.00234	0.00421	0.01431	0.00540	0.00555
43	0.01266	0.01065	0.01237	0.00919	0.01413	0.00812	0.00728	0.01492	0.01248	0.01939	0.01192	0.01531	0.01035	0.00534	0.00479	0.00110	0.00460	0.03352	0.00378	0.78808
44	0.01313	0.02857	0.68463	0.01688	0.02495	0.01407	0.04509	0.06634	0.01366	0.02012	0.01145	0.01357	0.00834	0.00612	0.00589	0.00198	0.00861	0.00468	0.00297	0.00895
45	0.01615	0.79149	0.03033	0.01040	0.01531	0.02295	0.01014	0.01772	0.01219	0.01434	0.00890	0.01049	0.00823	0.00551	0.00409	0.00140	0.00641	0.00338	0.00277	0.00780
46	0.01564	0.01316	0.01384	0.01233	0.01571	0.01492	0.00955	0.08162	0.69101	0.02552	0.02333	0.02193	0.01765	0.00827	0.00620	0.00209	0.00497	0.00664	0.00609	0.00954
47	0.01173	0.01080	0.01770	0.77452	0.03967	0.01317	0.01615	0.01524	0.01201	0.01548	0.01108	0.01647	0.00851	0.00633	0.00610	0.00207	0.00790	0.00537	0.00286	0.00683
48	0.01498	0.06505	0.54383	0.01592	0.02308	0.09635	0.01835	0.11471	0.01501	0.02063	0.01137	0.01323	0.00848	0.00626	0.00575	0.00190	0.00852	0.00454	0.00323	0.00881
49	0.01582	0.75319	0.02919	0.01023	0.01491	0.02213	0.00984	0.01729	0.01203	0.01423	0.00939	0.01184	0.00887	0.04368	0.00531	0.00161	0.00638	0.00363	0.00282	0.00761
50	0.00914	0.00682	0.00985	0.00981	0.01091	0.00770	0.00754	0.01090	0.00980	0.01417	0.01616	0.02359	0.01508	0.04296	0.76545	0.00925	0.01548	0.00640	0.00338	0.00560
51	0.00774	0.00649	0.00650	0.00646	0.00846	0.00541	0.00478	0.00893	0.01359	0.01631	0.05816	0.05569	0.75086	0.01497	0.00713	0.00210	0.00324	0.01226	0.00559	0.00532
52	0.01159	0.00604	0.00605	0.00601	0.00741	0.00590	0.00444	0.01397	0.01256	0.02210	0.01945	0.02246	0.01544	0.00726	0.00441	0.00151	0.00301	0.00562	0.81896	0.00582
53	0.00914	0.00678	0.00966	0.00962	0.01065	0.00759	0.00730	0.01078	0.00974	0.01402	0.01634	0.02457	0.01551	0.09257	0.71642	0.00901	0.01484	0.00655	0.00341	0.00549
54	0.02637	0.01038	0.01387	0.01078	0.01523	0.00893	0.00878	0.02831	0.01687	0.75714	0.02330	0.02063	0.01494	0.00767	0.00614	0.00194	0.00518	0.00603	0.00734	0.01016
55	0.01173	0.01080	0.01770	0.77452	0.03967	0.01317	0.01615	0.01524	0.01201	0.01548	0.01108	0.01647	0.00851	0.00633	0.00610	0.00207	0.00790	0.00537	0.00286	0.00683
56	0.00928	0.00625	0.00694	0.00690	0.00699	0.00611	0.00391	0.00903	0.00894	0.01201	0.01883	0.03833	0.02148	0.78801	0.02916	0.00566	0.00585	0.00856	0.00377	0.00398
57	0.02019	0.02415	0.01588	0.01399	0.01743	0.60806	0.01051	0.02162	0.01582	0.01583	0.01005	0.01193	0.00848	0.00616	0.00536	0.00152	0.00930	0.00393	0.00335	0.17644
58	0.01299	0.01252	0.01724	0.01500	0.01515	0.01692	0.01229	0.01400	0.00949	0.01467	0.00990	0.05175	0.01009	0.01212	0.04557	0.00289	0.71193	0.00588	0.00298	0.00661
59	0.01510	0.01289	0.01354	0.01222	0.01550	0.01467	0.00942	0.03079	0.74271	0.02466	0.02401	0.02247	0.01820	0.00834	0.00620	0.00210	0.00484	0.00674	0.00609	0.00949
60	0.01439	0.01599	0.03405	0.02451	0.03030	0.01490	0.73218	0.01889	0.01404	0.01914	0.01247	0.01665	0.00954	0.00544	0.00712	0.00209	0.00989	0.00702	0.00321	0.00817
61	0.01510	0.01289	0.01354	0.01222	0.01550	0.01467	0.00942	0.03079	0.74271	0.02466	0.02401	0.02247	0.01820	0.00834	0.00620	0.00210	0.00484	0.00674	0.00609	0.00949
62	0.00774	0.00649	0.00650	0.00646	0.00846	0.00541	0.00478	0.00893	0.01359	0.01631	0.05816	0.05569	0.75086	0.01497	0.00713	0.00210	0.00324	0.01226	0.00559	0.00532
63	0.01345	0.01529	0.03297	0.02367	0.02918	0.01461	0.70744	0.01810	0.01327	0.01810	0.01138	0.01529	0.00862	0.00507	0.00733	0.00196	0.04708	0.00667	0.00287	0.00764
64	0.01350	0.01543	0.03375	0.02411	0.02989	0.01446	0.74253	0.01832	0.01350	0.01832	0.01157	0.01543	0.00868	0.00482	0.00675	0.00193	0.00964	0.00675	0.00289	0.00771
65	0.01416	0.01359	0.02322	0.03511	0.76330	0.01359	0.01755	0.01755	0.01302	0.01869	0.01076	0.01416	0.00906	0.00510	0.00566	0.00170	0.00680	0.00510	0.00283	0.00906
66	0.01350	0.01543	0.03375	0.02411	0.02989	0.01446	0.74253	0.01832	0.01350	0.01832	0.01157	0.01543	0.00868	0.00482	0.00675	0.00193	0.00964	0.00675	0.00289	0.00771
67	0.01186	0.01017	0.01186	0.00847	0.01356	0.00762	0.00678	0.01440	0.01186	0.01864	0.01017	0.01186	0.00847	0.00424	0.00424	0.00085	0.00424	0.00339	0.00339	0.83395
68	0.00676	0.00579	0.00579	0.00579	0.00773	0.00483	0.00435	0.00821	0.01304	0.01545	0.05794	0.05505	0.76098	0.01449	0.00676	0.00193	0.00290	0.01207	0.00531	0.00483
69	0.02143	0.01587	0.01699	0.01310	0.01762	0.01759	0.01080	0.71472	0.05691	0.03555	0.01413	0.01405	0.01005	0.00690	0.00573	0.00173	0.00622	0.00520	0.00573	0.00970
70	0.00786	0.00573	0.00739	0.00721	0.00846	0.00526	0.00532	0.01024	0.01528	0.02132	0.61558	0.14536	0.09818	0.01272	0.00682	0.00188	0.00280	0.01126	0.00610	0.00526
71	0.01389	0.01318	0.02095	0.06684	0.59517	0.02447	0.01586	0.01889	0.10745	0.01924	0.03916	0.01609	0.01165	0.00571	0.00572	0.00174	0.00645	0.00544	0.00332	0.00876
72	0.00810	0.00585	0.00765	0.00720	0.00855	0.00540	0.00540	0.01079	0.01619	0.02294	0.76028	0.04273	0.05397	0.01169	0.00675	0.00180	0.00270	0.01034	0.00630	0.00540
73	0.00737	0.00636	0.02917	0.00717	0.00849	0.00541	0.00534	0.00875	0.01191	0.01520	0.08436	0.28262	0.35794	0.10625	0.00974	0.00248	0.01874	0.02288	0.00501	0.00479
74	0.01975	0.09806	0.06741	0.01282	0.01754	0.04453	0.01119	0.55694	0.02315	0.03074	0.01304	0.03110	0.00985	0.00671	0.00546	0.00165	0.00643	0.00503	0.00499	0.03364

[dist]
# distance from previous block
# <min> <max>
0	20

[block]
# block no. 6 follows, 41 sequences, length 6
# corresponding to MSA columns:
# 363-368
name=unknown_G
#
# <colnr> <probs for GDERKNQSTAVLIFYWHMCP>
#	G	D	E	R	K	N	Q	S	T	A	V	L	I	F	Y	W	H	M	C	P
0	0.02074	0.13307	0.12205	0.01159	0.01643	0.07997	0.01079	0.09966	0.01615	0.38079	0.04132	0.01626	0.01244	0.00655	0.00537	0.00166	0.00612	0.00504	0.00520	0.00878
1	0.01556	0.01368	0.01804	0.10513	0.32249	0.06443	0.01312	0.21749	0.01625	0.02168	0.01241	0.01716	0.01062	0.11680	0.00893	0.00225	0.00681	0.00547	0.00370	0.00801
2	0.01618	0.01282	0.01558	0.01191	0.01629	0.01268	0.06726	0.36289	0.01908	0.02650	0.01430	0.09815	0.01228	0.00703	0.00548	0.00151	0.00555	0.00590	0.00467	0.28395
3	0.01662	0.05046	0.09520	0.01243	0.01612	0.05870	0.01099	0.32342	0.01835	0.06152	0.07104	0.01684	0.01333	0.01248	0.11853	0.00286	0.08324	0.00544	0.00448	0.00796
4	0.23054	0.01029	0.01456	0.23506	0.05464	0.01127	0.08959	0.01624	0.04050	0.07854	0.01598	0.12481	0.03984	0.00770	0.00552	0.00191	0.00585	0.00667	0.00383	0.00666
5	0.01201	0.02611	0.60865	0.01623	0.02376	0.01350	0.07323	0.01985	0.11586	0.01894	0.01218	0.01362	0.00878	0.00571	0.00559	0.00184	0.00799	0.00473	0.00293	0.00848

[dist]
# distance from previous block
# <min> <max>
0	1

[block]
# block no. 7 follows, 41 sequences, length 91
# corresponding to MSA columns:
# 370-460
name=unknown_H
#
# <colnr> <probs for GDERKNQSTAVLIFYWHMCP>
#	G	D	E	R	K	N	Q	S	T	A	V	L	I	F	Y	W	H	M	C	P
0	0.01295	0.01032	0.01350	0.21004	0.02046	0.00925	0.00945	0.01559	0.01278	0.06904	0.06323	0.01633	0.01242	0.00580	0.00520	0.00139	0.00529	0.00470	0.00385	0.49841
1	0.01206	0.01013	0.01181	0.00890	0.01352	0.00774	0.00693	0.01424	0.01220	0.01885	0.01297	0.09042	0.01203	0.00607	0.00485	0.00113	0.00439	0.00490	0.00381	0.74305
2	0.13880	0.01329	0.01419	0.04901	0.04065	0.01492	0.00987	0.21105	0.36847	0.02723	0.03857	0.01852	0.01463	0.00753	0.00576	0.00197	0.00537	0.00583	0.00543	0.00890
3	0.00906	0.00603	0.00707	0.00724	0.00749	0.00586	0.00447	0.00892	0.00940	0.01251	0.02142	0.11194	0.05274	0.56411	0.02432	0.08704	0.00538	0.04704	0.00395	0.00402
4	0.00838	0.00616	0.00832	0.01010	0.04482	0.00579	0.00678	0.00954	0.01182	0.01582	0.03082	0.64241	0.03608	0.01733	0.00759	0.00246	0.00402	0.12104	0.00540	0.00532
5	0.01441	0.01137	0.01269	0.01158	0.01421	0.01280	0.00893	0.02552	0.51012	0.07221	0.02341	0.08682	0.01966	0.05141	0.00845	0.00235	0.05865	0.04132	0.00569	0.00840
6	0.01255	0.01064	0.01233	0.00895	0.01404	0.00803	0.00708	0.01488	0.01229	0.01925	0.01086	0.01282	0.00913	0.00471	0.00454	0.00098	0.00448	0.00363	0.00362	0.82520
7	0.04722	0.04360	0.33745	0.01543	0.02133	0.05353	0.13163	0.05255	0.06188	0.02018	0.06328	0.04246	0.01316	0.00678	0.00590	0.00187	0.00750	0.00570	0.00361	0.06493
8	0.78764	0.01239	0.00933	0.00839	0.01193	0.05360	0.00676	0.01758	0.01053	0.02558	0.00873	0.01033	0.00694	0.00580	0.00394	0.00188	0.00498	0.00337	0.00374	0.00658
9	0.01964	0.01924	0.01728	0.03955	0.01894	0.34498	0.08322	0.10664	0.10848	0.10551	0.01526	0.01849	0.01223	0.00740	0.00603	0.00186	0.00818	0.05456	0.00448	0.00800
10	0.01919	0.01409	0.09041	0.01335	0.01790	0.01262	0.08306	0.07556	0.28317	0.29340	0.02048	0.01950	0.01442	0.00737	0.00613	0.00197	0.00590	0.00613	0.00585	0.00948
11	0.10332	0.01594	0.01671	0.01303	0.01752	0.01755	0.01066	0.66462	0.02546	0.03544	0.01381	0.01423	0.01002	0.00716	0.00580	0.00185	0.00633	0.00516	0.00571	0.00970
12	0.01661	0.01726	0.01509	0.07136	0.01767	0.26833	0.01069	0.07824	0.20576	0.01910	0.01843	0.01952	0.08552	0.00834	0.00784	0.00197	0.12052	0.00588	0.00428	0.00760
13	0.01445	0.01373	0.02296	0.10724	0.58290	0.01395	0.06593	0.01863	0.06415	0.01923	0.01230	0.01578	0.01012	0.00579	0.00604	0.00188	0.00713	0.00552	0.00325	0.00903
14	0.01210	0.01927	0.36658	0.01617	0.09313	0.01179	0.01575	0.01824	0.10999	0.01942	0.03885	0.02916	0.01751	0.00908	0.00649	0.00216	0.00697	0.19534	0.00401	0.00800
15	0.01097	0.02144	0.49165	0.01347	0.01938	0.01083	0.01570	0.01595	0.01396	0.02044	0.27665	0.02389	0.02447	0.00811	0.00619	0.00193	0.00661	0.00662	0.00403	0.00770
