[name]
unknown

[dist]
# distance from previous block
# <min> <max>
0	174

[block]
# block no. 0 follows, 41 sequences, length 10
# corresponding to MSA columns:
# 194-203
name=unknown_A
#
# <colnr> <probs for GDERKNQSTAVLIFYWHMCP>
#	G	D	E	R	K	N	Q	S	T	A	V	L	I	F	Y	W	H	M	C	P
0	0.01307	0.01248	0.02125	0.27855	0.52837	0.01330	0.01701	0.01660	0.01251	0.01737	0.01057	0.01451	0.00859	0.00530	0.00568	0.00177	0.00706	0.00509	0.00274	0.00818
1	0.01228	0.00964	0.01018	0.00936	0.01190	0.01070	0.00722	0.02305	0.46278	0.02254	0.08676	0.02599	0.08311	0.00842	0.00557	0.00179	0.00382	0.00701	0.19031	0.00756
2	0.02258	0.00983	0.01296	0.00980	0.01437	0.00823	0.00804	0.02486	0.01536	0.59983	0.01979	0.01777	0.01289	0.00644	0.00541	0.00156	0.00473	0.00522	0.00625	0.19407
3	0.00897	0.00642	0.00887	0.00979	0.01111	0.00632	0.00836	0.01161	0.01384	0.01842	0.19355	0.05965	0.03763	0.01488	0.00764	0.00245	0.00469	0.56501	0.00550	0.00530
4	0.00934	0.00710	0.00836	0.00864	0.00974	0.00744	0.00612	0.01407	0.19439	0.01666	0.06026	0.32129	0.02897	0.20559	0.01228	0.00302	0.00430	0.07188	0.00503	0.00554
5	0.00859	0.00631	0.00766	0.00833	0.00930	0.00639	0.00584	0.01242	0.13843	0.01724	0.07049	0.55406	0.03329	0.01487	0.00673	0.00214	0.00343	0.01332	0.07565	0.00550
6	0.02178	0.00880	0.01170	0.00930	0.01273	0.00777	0.00730	0.02350	0.01457	0.59814	0.02155	0.02349	0.01564	0.18419	0.01098	0.00261	0.00502	0.00633	0.00627	0.00833
7	0.00697	0.00498	0.00664	0.00796	0.00830	0.00465	0.00531	0.00796	0.01095	0.01460	0.03153	0.79525	0.03783	0.01792	0.00730	0.00232	0.00332	0.01626	0.00531	0.00465
8	0.01273	0.01284	0.02444	0.01848	0.02271	0.01249	0.45216	0.07224	0.08449	0.01937	0.01732	0.19027	0.01612	0.00819	0.00671	0.00200	0.00749	0.00873	0.00393	0.00731
9	0.01268	0.01398	0.06731	0.31924	0.12884	0.01370	0.30322	0.03890	0.01297	0.01746	0.01091	0.01495	0.00827	0.00530	0.00610	0.00188	0.00832	0.00570	0.00281	0.00747

[dist]
# distance from previous block
# <min> <max>
0	6

[block]
# block no. 1 follows, 41 sequences, length 12
# corresponding to MSA columns:
# 210-221
name=unknown_B
#
# <colnr> <probs for GDERKNQSTAVLIFYWHMCP>
#	G	D	E	R	K	N	Q	S	T	A	V	L	I	F	Y	W	H	M	C	P
0	0.01080	0.01017	0.01716	0.78523	0.03940	0.01271	0.01589	0.01461	0.01144	0.01461	0.01017	0.01525	0.00762	0.00572	0.00572	0.00191	0.00762	0.00508	0.00254	0.00635
1	0.00722	0.00517	0.00686	0.00779	0.00835	0.00481	0.00533	0.00859	0.01211	0.01645	0.19297	0.62854	0.04141	0.01654	0.00718	0.00221	0.00318	0.01495	0.00553	0.00481
2	0.19150	0.00693	0.00679	0.00657	0.00866	0.00671	0.00501	0.01062	0.01283	0.01917	0.18637	0.07931	0.41600	0.01206	0.00607	0.00189	0.00322	0.00995	0.00512	0.00524
3	0.01784	0.00959	0.01191	0.00931	0.01324	0.00851	0.00751	0.07182	0.04875	0.33575	0.13100	0.02080	0.01860	0.00703	0.00542	0.00152	0.00435	0.00580	0.04686	0.22439
4	0.01199	0.00671	0.00889	0.00786	0.00989	0.00606	0.00606	0.01458	0.01623	0.18783	0.59685	0.03757	0.04515	0.01067	0.00653	0.00179	0.00318	0.00933	0.00647	0.00636
5	0.01430	0.62691	0.02713	0.18158	0.02016	0.02043	0.01114	0.01657	0.01158	0.01371	0.00844	0.01052	0.00740	0.00508	0.00412	0.00137	0.00645	0.00351	0.00247	0.00712
6	0.00768	0.00621	0.00670	0.00643	0.00832	0.00547	0.00486	0.03751	0.01437	0.01814	0.23338	0.05033	0.55340	0.01349	0.00672	0.00189	0.00298	0.01137	0.00558	0.00516
7	0.24305	0.01468	0.01480	0.01163	0.01593	0.01641	0.00961	0.54735	0.02225	0.03324	0.01217	0.01253	0.00877	0.00645	0.00513	0.00173	0.00579	0.00459	0.00513	0.00877
8	0.01195	0.01044	0.01299	0.00928	0.01440	0.00798	0.04467	0.01460	0.01195	0.01862	0.01024	0.01204	0.00848	0.00427	0.00437	0.00090	0.00451	0.00356	0.00336	0.79139
9	0.01283	0.00799	0.01025	0.00913	0.01129	0.00814	0.00716	0.09084	0.06355	0.13936	0.29769	0.02963	0.02930	0.01760	0.17764	0.04079	0.00651	0.02831	0.00541	0.00658
10	0.08054	0.05289	0.26367	0.03815	0.03212	0.02513	0.05730	0.05253	0.01295	0.04941	0.03286	0.03167	0.01010	0.00566	0.00507	0.00153	0.00638	0.00461	0.00335	0.23410
11	0.03673	0.01127	0.01193	0.01049	0.01338	0.01287	0.00826	0.13059	0.43219	0.02477	0.01981	0.01954	0.01500	0.00741	0.00586	0.00179	0.03573	0.00587	0.18836	0.00814

[dist]
# distance from previous block
# <min> <max>
3	146

# created by:
# /software/SequenceAnalysis/GenePrediction/augustus/3.0.1/scripts/msa2prfl.pl ./fixed/BUSCOvEOG71NW1H.fas
