[name]
unknown

[dist]
# distance from previous block
# <min> <max>
39	210

[block]
# block no. 0 follows, 41 sequences, length 24
# corresponding to MSA columns:
# 235-258
name=unknown_A
#
# <colnr> <probs for GDERKNQSTAVLIFYWHMCP>
#	G	D	E	R	K	N	Q	S	T	A	V	L	I	F	Y	W	H	M	C	P
0	0.37905	0.05160	0.01351	0.34166	0.02352	0.01321	0.01064	0.04425	0.01132	0.02054	0.00952	0.01245	0.00731	0.00557	0.00458	0.00178	0.00590	0.00411	0.03305	0.00643
1	0.00894	0.00680	0.00891	0.01078	0.12195	0.00670	0.00596	0.00977	0.00978	0.01304	0.02236	0.07238	0.11030	0.51323	0.05202	0.00451	0.00570	0.00859	0.00367	0.00461
2	0.07298	0.01180	0.01614	0.01407	0.04188	0.01450	0.05868	0.11355	0.01299	0.01958	0.12437	0.04902	0.01615	0.00930	0.01232	0.00216	0.39377	0.00627	0.00375	0.00673
3	0.01777	0.01479	0.01657	0.06926	0.01836	0.06419	0.03262	0.40794	0.07973	0.02697	0.01516	0.01624	0.04638	0.00758	0.00774	0.00186	0.12548	0.00552	0.01751	0.00834
4	0.00832	0.00555	0.00624	0.00624	0.00624	0.00555	0.00347	0.00832	0.00832	0.01109	0.01802	0.03743	0.02080	0.79898	0.02911	0.00555	0.00555	0.00832	0.00347	0.00347
5	0.01665	0.01294	0.01694	0.01349	0.01710	0.01372	0.12091	0.42945	0.02036	0.02728	0.01717	0.15417	0.01568	0.00962	0.00713	0.04493	0.00616	0.04335	0.00503	0.00793
6	0.00845	0.00631	0.00728	0.00754	0.00793	0.03351	0.00490	0.00914	0.00939	0.01245	0.02030	0.21012	0.02298	0.43738	0.17225	0.00537	0.00715	0.00957	0.00380	0.00418
7	0.01391	0.01378	0.01517	0.01314	0.01505	0.15890	0.05798	0.08698	0.06634	0.01677	0.01241	0.01688	0.01096	0.05134	0.22456	0.00414	0.20637	0.00544	0.00337	0.00653
8	0.01185	0.10622	0.69603	0.01566	0.02376	0.01421	0.02001	0.01802	0.01203	0.01765	0.01004	0.01179	0.00726	0.00538	0.00526	0.00175	0.00822	0.00411	0.00242	0.00834
9	0.00705	0.00504	0.00671	0.00791	0.00831	0.00470	0.00532	0.00817	0.01133	0.01521	0.08438	0.74067	0.03900	0.01747	0.00726	0.00228	0.00327	0.01583	0.00538	0.00470
10	0.01299	0.01280	0.05689	0.11751	0.36635	0.01272	0.01449	0.01949	0.18528	0.01918	0.01606	0.02226	0.01378	0.00717	0.00598	0.00191	0.00626	0.09687	0.00378	0.00821
11	0.01937	0.10060	0.04882	0.05173	0.05664	0.27023	0.06466	0.21788	0.01791	0.08158	0.01160	0.01273	0.00874	0.00601	0.00538	0.00162	0.00792	0.00457	0.00394	0.00806
12	0.01092	0.00817	0.00937	0.00840	0.01056	0.00813	0.00657	0.17497	0.01716	0.02293	0.31815	0.04085	0.22101	0.05003	0.00770	0.00206	0.00390	0.06728	0.00569	0.00612
13	0.01422	0.01249	0.01450	0.01521	0.12883	0.01413	0.01035	0.02844	0.64030	0.02313	0.02137	0.02025	0.01618	0.00735	0.00580	0.00190	0.00487	0.00626	0.00537	0.00905
14	0.16567	0.02310	0.01627	0.01417	0.01750	0.55676	0.06932	0.04279	0.01516	0.01707	0.00905	0.01065	0.00734	0.00573	0.00502	0.00157	0.00910	0.00387	0.00313	0.00673
15	0.01813	0.06017	0.01539	0.01316	0.01581	0.56096	0.01009	0.01960	0.01490	0.01418	0.01617	0.01725	0.12212	0.00749	0.00643	0.00161	0.07190	0.00504	0.00325	0.00636
16	0.00845	0.00550	0.00634	0.00634	0.00634	0.00550	0.00359	0.00825	0.00825	0.01100	0.01737	0.03581	0.01992	0.73599	0.02857	0.07249	0.00550	0.00805	0.00339	0.00339
17	0.01399	0.68113	0.02629	0.00918	0.01362	0.01992	0.00896	0.01577	0.01184	0.01376	0.01556	0.01616	0.12209	0.00635	0.00414	0.00133	0.00563	0.00443	0.00288	0.00696
18	0.01350	0.20211	0.43225	0.01383	0.02017	0.13091	0.01582	0.01789	0.01267	0.01624	0.01298	0.01427	0.06195	0.00604	0.00509	0.00164	0.00781	0.00445	0.00271	0.00766
19	0.01030	0.00953	0.01605	0.64432	0.03438	0.01153	0.03582	0.01371	0.01142	0.01472	0.01346	0.13402	0.01226	0.00755	0.00599	0.00197	0.00703	0.00683	0.00297	0.00613
20	0.01240	0.01014	0.01157	0.00874	0.01291	0.00862	0.00678	0.08539	0.04891	0.01944	0.01235	0.01640	0.01091	0.12567	0.00825	0.00170	0.00465	0.00446	0.00375	0.58695
21	0.00880	0.00758	0.04677	0.00773	0.00953	0.00643	0.00605	0.01182	0.07779	0.03939	0.18383	0.15144	0.26035	0.13261	0.01008	0.00251	0.00385	0.02283	0.00518	0.00542
22	0.01944	0.01419	0.01523	0.01192	0.01606	0.01541	0.00976	0.59566	0.03854	0.05580	0.02093	0.02035	0.12440	0.00805	0.00588	0.00176	0.00570	0.00625	0.00570	0.00897
23	0.01374	0.10603	0.09809	0.03427	0.01381	0.04762	0.00891	0.01617	0.01365	0.18759	0.13987	0.19965	0.07700	0.01026	0.00602	0.00184	0.00495	0.00870	0.00499	0.00684

[dist]
# distance from previous block
# <min> <max>
0	2

[block]
# block no. 1 follows, 41 sequences, length 9
# corresponding to MSA columns:
# 261-269
name=unknown_B
#
# <colnr> <probs for GDERKNQSTAVLIFYWHMCP>
#	G	D	E	R	K	N	Q	S	T	A	V	L	I	F	Y	W	H	M	C	P
0	0.02020	0.02340	0.01510	0.01348	0.01644	0.59547	0.01023	0.11067	0.01705	0.01754	0.01055	0.01198	0.00848	0.00610	0.00510	0.00149	0.00896	0.00405	0.09683	0.00687
1	0.01168	0.01078	0.01796	0.23468	0.40115	0.01141	0.01444	0.01467	0.01214	0.01668	0.01510	0.18398	0.01491	0.00805	0.00603	0.00189	0.00627	0.00752	0.00329	0.00736
2	0.00798	0.00579	0.00774	0.00895	0.00987	0.00555	0.00701	0.00976	0.01215	0.01583	0.03333	0.39443	0.10051	0.01664	0.00753	0.00243	0.00417	0.34010	0.00529	0.00495
3	0.65872	0.00974	0.00802	0.00762	0.01046	0.01106	0.00600	0.01489	0.01000	0.02326	0.01308	0.17987	0.01306	0.00805	0.00436	0.00189	0.00418	0.00595	0.00392	0.00586
4	0.01263	0.02805	0.68435	0.01595	0.02396	0.01379	0.01997	0.10017	0.01375	0.02014	0.01066	0.01226	0.00753	0.00560	0.00547	0.00180	0.00821	0.00433	0.00279	0.00860
5	0.66193	0.01214	0.01031	0.00875	0.01251	0.01390	0.00721	0.17469	0.01346	0.02792	0.00922	0.01026	0.00696	0.00565	0.00401	0.00176	0.00483	0.00354	0.00401	0.00696
6	0.65868	0.00992	0.00784	0.00715	0.01034	0.01109	0.00579	0.01495	0.01045	0.02345	0.01881	0.01922	0.17001	0.00730	0.00424	0.00180	0.00409	0.00505	0.00392	0.00590
7	0.00832	0.00555	0.00624	0.00624	0.00624	0.00555	0.00347	0.00832	0.00832	0.01109	0.01802	0.03743	0.02080	0.79898	0.02911	0.00555	0.00555	0.00832	0.00347	0.00347
8	0.83938	0.01106	0.00841	0.00752	0.01106	0.01283	0.00619	0.01681	0.00973	0.02566	0.00796	0.00929	0.00619	0.00531	0.00354	0.00177	0.00442	0.00310	0.00354	0.00619

[dist]
# distance from previous block
# <min> <max>
0	3

[block]
# block no. 2 follows, 41 sequences, length 16
# corresponding to MSA columns:
# 273-288
name=unknown_C
#
# <colnr> <probs for GDERKNQSTAVLIFYWHMCP>
#	G	D	E	R	K	N	Q	S	T	A	V	L	I	F	Y	W	H	M	C	P
0	0.01353	0.01275	0.02079	0.07873	0.58194	0.01246	0.01551	0.01680	0.01271	0.01842	0.01061	0.01381	0.00886	0.00498	0.00541	0.00156	0.00639	0.00479	0.00291	0.15703
1	0.83938	0.01106	0.00841	0.00752	0.01106	0.01283	0.00619	0.01681	0.00973	0.02566	0.00796	0.00929	0.00619	0.00531	0.00354	0.00177	0.00442	0.00310	0.00354	0.00619
2	0.00969	0.00752	0.04566	0.05826	0.01157	0.00734	0.00718	0.03686	0.01103	0.01689	0.01693	0.07037	0.01536	0.07122	0.32215	0.00495	0.00879	0.00645	0.26631	0.00545
3	0.00813	0.00605	0.00762	0.00753	0.00892	0.00568	0.00570	0.01099	0.04289	0.02064	0.50378	0.12256	0.14392	0.01289	0.00686	0.00194	0.00307	0.06949	0.00596	0.00537
4	0.07181	0.04641	0.01784	0.03547	0.18800	0.46227	0.01233	0.04541	0.01495	0.01657	0.00935	0.01138	0.00777	0.00580	0.00558	0.00159	0.03312	0.00407	0.00302	0.00727
5	0.06662	0.11915	0.05285	0.01225	0.01557	0.32127	0.01003	0.14927	0.01602	0.01893	0.01370	0.15178	0.01319	0.00804	0.00537	0.00167	0.00735	0.00612	0.00382	0.00699
6	0.01456	0.15595	0.01971	0.22587	0.18458	0.13085	0.01308	0.01916	0.11394	0.02912	0.01227	0.03493	0.01011	0.00609	0.00531	0.00169	0.00700	0.00501	0.00325	0.00754
7	0.01417	0.01120	0.01206	0.01025	0.01330	0.02854	0.00814	0.15024	0.25387	0.03434	0.04556	0.02149	0.06418	0.00777	0.00626	0.00169	0.05508	0.01640	0.13083	0.11462
8	0.13449	0.00648	0.00758	0.00738	0.00888	0.00639	0.00550	0.01120	0.01427	0.02186	0.51483	0.17279	0.04380	0.01184	0.00636	0.00189	0.00307	0.01030	0.00570	0.00538
9	0.02436	0.01182	0.01457	0.01117	0.01564	0.01150	0.00922	0.26563	0.01986	0.52458	0.01963	0.01756	0.01269	0.00701	0.00574	0.00175	0.00534	0.00555	0.00663	0.00973
10	0.00841	0.00931	0.12346	0.00872	0.01097	0.00646	0.00778	0.01140	0.01462	0.02071	0.51518	0.17321	0.04396	0.01186	0.00665	0.00189	0.00369	0.01048	0.00553	0.00573
11	0.01345	0.01583	0.13582	0.02864	0.51644	0.01425	0.01719	0.01696	0.01211	0.01772	0.01010	0.01354	0.00851	0.00603	0.00798	0.00186	0.14744	0.00495	0.00271	0.00846
12	0.01719	0.01336	0.02047	0.04513	0.49824	0.01353	0.01492	0.14957	0.01599	0.13571	0.01308	0.01492	0.00992	0.00573	0.00569	0.00172	0.00643	0.00521	0.00399	0.00922
13	0.00817	0.00642	0.00853	0.00897	0.00919	0.00709	0.00632	0.00906	0.01016	0.01392	0.02516	0.53926	0.02979	0.13545	0.01268	0.00285	0.14468	0.01303	0.00452	0.00476
14	0.04736	0.01682	0.01463	0.01222	0.01597	0.26030	0.00966	0.15411	0.10298	0.26852	0.03010	0.01580	0.01204	0.00677	0.00551	0.00168	0.00680	0.00506	0.00522	0.00845
15	0.01854	0.01210	0.05133	0.03349	0.01595	0.01158	0.00996	0.13061	0.01547	0.30536	0.04337	0.01644	0.01229	0.00714	0.00785	0.00174	0.14589	0.00520	0.00503	0.15066

[dist]
# distance from previous block
# <min> <max>
1	251

# created by:
# /software/SequenceAnalysis/GenePrediction/augustus/3.0.1/scripts/msa2prfl.pl ./fixed/BUSCOvEOG7VT7B7.fas
