[name]
unknown

[dist]
# distance from previous block
# <min> <max>
0	75

[block]
# block no. 0 follows, 41 sequences, length 8
# corresponding to MSA columns:
# 80-87
name=unknown_A
#
# <colnr> <probs for GDERKNQSTAVLIFYWHMCP>
#	G	D	E	R	K	N	Q	S	T	A	V	L	I	F	Y	W	H	M	C	P
0	0.10159	0.00765	0.00921	0.06934	0.01222	0.00778	0.00678	0.07035	0.01433	0.07417	0.26448	0.18988	0.10138	0.03686	0.00700	0.00204	0.00396	0.00972	0.00532	0.00594
1	0.22111	0.00791	0.00988	0.15437	0.01488	0.00864	0.00748	0.01174	0.00913	0.01551	0.00950	0.01449	0.00843	0.01226	0.01299	0.39896	0.00527	0.00439	0.00284	0.07023
2	0.30517	0.00960	0.00956	0.00866	0.01112	0.01045	0.00665	0.16541	0.01430	0.02378	0.11055	0.19720	0.02142	0.07329	0.00733	0.00219	0.00443	0.00789	0.00475	0.00626
3	0.00956	0.00819	0.01321	0.48939	0.02750	0.00966	0.01184	0.01205	0.01100	0.01427	0.01675	0.25632	0.01712	0.01050	0.00740	0.06167	0.00610	0.00853	0.00339	0.00555
4	0.16552	0.00729	0.00816	0.03905	0.00972	0.00798	0.00566	0.01062	0.00974	0.01536	0.05496	0.07106	0.10623	0.30324	0.01691	0.08476	0.06788	0.00758	0.00372	0.00455
5	0.30014	0.00835	0.00934	0.13178	0.01454	0.00917	0.00740	0.01413	0.01104	0.07833	0.01778	0.25202	0.01776	0.03105	0.00594	0.00203	0.00452	0.00795	0.07085	0.00588
6	0.00958	0.00497	0.00735	0.00751	0.00755	0.00493	0.00501	0.00751	0.00787	0.01049	0.01251	0.11023	0.01327	0.01964	0.02056	0.73436	0.00477	0.00632	0.00282	0.00274
7	0.21729	0.00832	0.00988	0.10076	0.01398	0.00868	0.00749	0.01591	0.01347	0.15545	0.24469	0.05285	0.02544	0.00869	0.00556	0.00183	0.00425	0.04300	0.05601	0.00645

[dist]
# distance from previous block
# <min> <max>
0	1

[block]
# block no. 1 follows, 41 sequences, length 29
# corresponding to MSA columns:
# 89-117
name=unknown_B
#
# <colnr> <probs for GDERKNQSTAVLIFYWHMCP>
#	G	D	E	R	K	N	Q	S	T	A	V	L	I	F	Y	W	H	M	C	P
0	0.01604	0.00944	0.01170	0.00956	0.01343	0.00830	0.00778	0.01996	0.09757	0.26892	0.03372	0.03849	0.04316	0.00793	0.00562	0.00161	0.00453	0.10565	0.00531	0.29127
1	0.00991	0.00584	0.00771	0.00809	0.00925	0.00531	0.00574	0.01132	0.01251	0.12887	0.12042	0.54802	0.07413	0.01535	0.00697	0.00216	0.00345	0.01374	0.00570	0.00551
2	0.00701	0.00501	0.00667	0.00794	0.00830	0.00467	0.00531	0.00806	0.01112	0.01487	0.05501	0.77100	0.03835	0.01772	0.00728	0.00231	0.00330	0.01607	0.00534	0.00467
3	0.09666	0.01026	0.01108	0.00920	0.01211	0.01086	0.00732	0.28048	0.01817	0.08729	0.15802	0.02217	0.01984	0.04912	0.00657	0.00186	0.00450	0.00620	0.18103	0.00729
4	0.05327	0.00669	0.00843	0.00856	0.01025	0.00643	0.00688	0.01257	0.02672	0.07966	0.24596	0.13274	0.11826	0.01329	0.00693	0.00215	0.00394	0.24597	0.00564	0.00566
5	0.01040	0.00604	0.00798	0.00798	0.00926	0.00553	0.00572	0.01204	0.01322	0.13808	0.24654	0.39810	0.03776	0.06361	0.00826	0.00228	0.00352	0.01230	0.00577	0.00561
6	0.00975	0.00636	0.00799	0.00829	0.00945	0.00607	0.00591	0.06335	0.01291	0.07749	0.07061	0.50770	0.08985	0.06262	0.00832	0.00238	0.00379	0.03630	0.00542	0.00543
7	0.65757	0.01098	0.00929	0.00804	0.01159	0.01238	0.00660	0.07410	0.01175	0.08625	0.01027	0.01122	0.00765	0.00566	0.00392	0.00174	0.00449	0.00361	0.05619	0.00670
8	0.08732	0.01461	0.01555	0.01210	0.01630	0.01606	0.00989	0.59967	0.02376	0.07367	0.01402	0.01518	0.01038	0.05674	0.00702	0.00197	0.00602	0.00522	0.00548	0.00905
9	0.00712	0.00509	0.00677	0.00786	0.00833	0.00475	0.00532	0.00834	0.01165	0.01571	0.12872	0.69489	0.03998	0.01709	0.00723	0.00225	0.00324	0.01547	0.00544	0.00475
10	0.00740	0.00527	0.00698	0.00796	0.00851	0.00497	0.00554	0.00874	0.01182	0.01593	0.14577	0.57839	0.03909	0.05769	0.00840	0.00243	0.00349	0.07149	0.00537	0.00475
11	0.01830	0.00813	0.01101	0.00928	0.01235	0.00722	0.00751	0.02064	0.01578	0.45156	0.23304	0.06226	0.02827	0.00969	0.00631	0.00189	0.00423	0.07808	0.00661	0.00786
12	0.00721	0.00516	0.00685	0.00780	0.00835	0.00481	0.00533	0.00857	0.01207	0.01638	0.18713	0.63457	0.04128	0.01659	0.00718	0.00221	0.00319	0.01500	0.00552	0.00481
13	0.00714	0.00507	0.00666	0.00779	0.00815	0.00476	0.00517	0.00815	0.01103	0.01478	0.07038	0.69507	0.03739	0.07836	0.00897	0.00255	0.00346	0.01532	0.00522	0.00460
14	0.00737	0.00524	0.00694	0.00803	0.00851	0.00496	0.00556	0.00859	0.01138	0.01524	0.08713	0.61033	0.03737	0.07393	0.00890	0.00255	0.00362	0.08440	0.00525	0.00468
15	0.01186	0.01017	0.01186	0.00847	0.01356	0.00762	0.00678	0.01440	0.01186	0.01864	0.01017	0.01186	0.00847	0.00424	0.00424	0.00085	0.00424	0.00339	0.00339	0.83395
16	0.00770	0.00583	0.00801	0.07983	0.01161	0.00564	0.00651	0.00910	0.01113	0.01493	0.02822	0.65053	0.03309	0.01589	0.00699	0.00221	0.00384	0.03891	0.00494	0.05510
17	0.38715	0.01004	0.00971	0.00839	0.01158	0.01077	0.00673	0.07728	0.07114	0.08498	0.16798	0.02113	0.06336	0.00759	0.00496	0.00176	0.00417	0.00578	0.00485	0.04065
18	0.29750	0.01015	0.01112	0.00922	0.01293	0.01023	0.00746	0.04904	0.05739	0.35691	0.02961	0.07649	0.01384	0.00736	0.00511	0.00180	0.00458	0.00571	0.00552	0.02804
19	0.00863	0.00787	0.05687	0.03911	0.05673	0.00661	0.00785	0.01115	0.01386	0.01910	0.35861	0.18556	0.08741	0.01265	0.00706	0.01602	0.00395	0.09009	0.00527	0.00560
20	0.01183	0.07558	0.68021	0.01638	0.02445	0.01392	0.06390	0.01807	0.01213	0.01784	0.01020	0.01210	0.00734	0.00536	0.00541	0.00178	0.00838	0.00431	0.00245	0.00834
21	0.01312	0.20807	0.47428	0.01516	0.04362	0.06173	0.01714	0.01784	0.01201	0.01648	0.00945	0.01139	0.00735	0.00566	0.00598	0.00170	0.06460	0.00400	0.00247	0.00794
22	0.01273	0.01477	0.06920	0.07007	0.05754	0.01354	0.51514	0.01710	0.01270	0.01754	0.01146	0.01549	0.00894	0.00806	0.06681	0.00246	0.03890	0.00620	0.00286	0.03849
23	0.07736	0.00587	0.00595	0.00587	0.00724	0.00609	0.00435	0.01291	0.01126	0.02012	0.01749	0.02196	0.01453	0.08420	0.06241	0.00234	0.00400	0.00549	0.62535	0.00521
24	0.01115	0.00828	0.01272	0.06692	0.01463	0.00845	0.12354	0.05717	0.01279	0.04659	0.03335	0.27778	0.02095	0.01049	0.00673	0.01290	0.03687	0.00926	0.22344	0.00599
25	0.07111	0.01036	0.01278	0.01044	0.01437	0.01010	0.00854	0.04845	0.17471	0.49492	0.02204	0.02182	0.01539	0.00764	0.00576	0.00186	0.00483	0.04932	0.00644	0.00910
26	0.01154	0.00821	0.01024	0.01018	0.05202	0.00820	0.00736	0.08371	0.10111	0.07616	0.32197	0.11485	0.10282	0.01126	0.00654	0.00192	0.00388	0.05561	0.00579	0.00661
27	0.00743	0.00546	0.00751	0.05518	0.01042	0.00531	0.00619	0.00883	0.01154	0.01543	0.08916	0.64301	0.03701	0.01655	0.00720	0.00227	0.00365	0.05779	0.00522	0.00485
28	0.01385	0.01430	0.04392	0.20150	0.52427	0.06873	0.01682	0.01729	0.01287	0.01741	0.01047	0.01406	0.00856	0.00530	0.00563	0.00173	0.00729	0.00496	0.00276	0.00826

[dist]
# distance from previous block
# <min> <max>
0	2

[block]
# block no. 2 follows, 41 sequences, length 12
# corresponding to MSA columns:
# 120-131
name=unknown_C
#
# <colnr> <probs for GDERKNQSTAVLIFYWHMCP>
#	G	D	E	R	K	N	Q	S	T	A	V	L	I	F	Y	W	H	M	C	P
0	0.01706	0.01047	0.01252	0.01062	0.01349	0.04404	0.00854	0.10463	0.07757	0.27444	0.02118	0.02189	0.08007	0.01659	0.19246	0.00363	0.07173	0.00625	0.00513	0.00770
1	0.00842	0.00702	0.01091	0.01044	0.01136	0.00718	0.09359	0.00981	0.01081	0.01466	0.02559	0.55889	0.02986	0.08305	0.01026	0.00257	0.08262	0.01332	0.00458	0.00507
2	0.00718	0.00511	0.00671	0.00776	0.00816	0.00479	0.00518	0.00827	0.01127	0.01517	0.10322	0.66244	0.03814	0.07678	0.00891	0.00252	0.00343	0.01507	0.00527	0.00463
3	0.01116	0.01050	0.01837	0.63398	0.07253	0.01245	0.08047	0.01467	0.01147	0.01487	0.01031	0.01534	0.00793	0.00644	0.00679	0.05092	0.00761	0.00523	0.00258	0.00638
4	0.06517	0.01113	0.01156	0.00946	0.01258	0.01211	0.00764	0.38698	0.01947	0.02910	0.01551	0.01674	0.01164	0.00669	0.00485	0.00155	0.00462	0.00511	0.36044	0.00763
5	0.01427	0.01515	0.02572	0.09829	0.37327	0.08217	0.27060	0.01803	0.01333	0.01777	0.01082	0.01436	0.00864	0.00513	0.00600	0.00178	0.00818	0.00555	0.00284	0.00812
6	0.00761	0.00543	0.00710	0.00788	0.00855	0.00503	0.00542	0.00875	0.01131	0.01533	0.10146	0.56730	0.03564	0.07609	0.00925	0.02805	0.00361	0.04635	0.00509	0.04475
7	0.12098	0.29431	0.07593	0.00900	0.01189	0.01301	0.00814	0.01300	0.00962	0.01391	0.00899	0.01295	0.00830	0.01143	0.01183	0.35935	0.00559	0.00398	0.00260	0.00519
8	0.43775	0.01058	0.01181	0.28279	0.02128	0.01254	0.00983	0.01681	0.07460	0.02111	0.01113	0.04782	0.00910	0.00623	0.00468	0.00186	0.00551	0.00468	0.00346	0.00643
9	0.32914	0.01051	0.01154	0.08647	0.01531	0.01122	0.00821	0.10534	0.01460	0.22577	0.11278	0.01761	0.01526	0.00686	0.00504	0.00178	0.00486	0.00522	0.00502	0.00748
10	0.01476	0.08516	0.02272	0.01622	0.02012	0.07282	0.26883	0.14554	0.01484	0.01956	0.01327	0.01606	0.04322	0.00965	0.07411	0.00245	0.11002	0.00572	0.00345	0.04146
11	0.11695	0.08344	0.02027	0.04195	0.01878	0.01483	0.18894	0.01712	0.07511	0.01792	0.01042	0.01329	0.00861	0.00655	0.00899	0.00186	0.22633	0.00492	0.00313	0.12059

[dist]
# distance from previous block
# <min> <max>
5	10

[block]
# block no. 3 follows, 41 sequences, length 22
# corresponding to MSA columns:
# 142-163
name=unknown_D
#
# <colnr> <probs for GDERKNQSTAVLIFYWHMCP>
#	G	D	E	R	K	N	Q	S	T	A	V	L	I	F	Y	W	H	M	C	P
0	0.02003	0.01609	0.01590	0.01275	0.01682	0.09181	0.01032	0.52676	0.14372	0.03129	0.01500	0.01494	0.01095	0.00691	0.00561	0.00171	0.00626	0.00523	0.03876	0.00913
1	0.01396	0.01212	0.01326	0.07231	0.01680	0.01411	0.00959	0.02916	0.69481	0.02320	0.02225	0.02086	0.01669	0.00760	0.00581	0.00194	0.00477	0.00636	0.00556	0.00884
2	0.26939	0.02134	0.39426	0.01300	0.01922	0.01397	0.01461	0.15265	0.01411	0.02378	0.01020	0.01152	0.00738	0.00566	0.00490	0.00178	0.00681	0.00405	0.00338	0.00799
3	0.00701	0.00501	0.00668	0.00793	0.00831	0.00468	0.00531	0.00808	0.01116	0.01493	0.06047	0.76536	0.03847	0.01767	0.00728	0.00230	0.00329	0.01603	0.00535	0.00468
4	0.02067	0.01453	0.01586	0.01251	0.01679	0.01594	0.01022	0.51625	0.17301	0.11844	0.01670	0.01594	0.01181	0.00707	0.00575	0.00177	0.00577	0.00549	0.00590	0.00959
5	0.00792	0.00581	0.00743	0.00709	0.00846	0.00531	0.00529	0.01044	0.01569	0.02190	0.66514	0.07065	0.12314	0.01219	0.00677	0.00183	0.00274	0.01072	0.00616	0.00531
6	0.01499	0.01187	0.01315	0.01149	0.03025	0.01267	0.00883	0.05576	0.51282	0.08162	0.02014	0.01898	0.01504	0.00696	0.00551	0.00171	0.00462	0.00576	0.00540	0.16243
7	0.01839	0.01320	0.01443	0.01150	0.01499	0.01446	0.00915	0.51931	0.04591	0.05489	0.01523	0.01906	0.01244	0.15608	0.05223	0.00285	0.00654	0.00586	0.00521	0.00829
8	0.10961	0.01152	0.01592	0.38168	0.06555	0.01351	0.03851	0.05924	0.20820	0.01988	0.01365	0.01603	0.01028	0.00621	0.00552	0.00188	0.00639	0.00528	0.00373	0.00742
9	0.18198	0.31335	0.12151	0.01043	0.01531	0.01554	0.01030	0.01997	0.01250	0.21574	0.01212	0.01238	0.00890	0.00573	0.00475	0.00158	0.02216	0.00398	0.00389	0.00787
10	0.01510	0.00792	0.00993	0.00883	0.01146	0.00731	0.00679	0.03780	0.07294	0.30019	0.07543	0.23927	0.14702	0.01156	0.00639	0.00195	0.00399	0.00996	0.00606	0.02010
11	0.13242	0.18814	0.10427	0.01293	0.05734	0.03908	0.05912	0.02121	0.08294	0.19787	0.01367	0.01396	0.00998	0.00582	0.00494	0.00163	0.00603	0.00455	0.00413	0.03996
12	0.00737	0.00536	0.00704	0.00791	0.00862	0.00489	0.00540	0.00864	0.01159	0.01576	0.11174	0.66782	0.03801	0.01647	0.00707	0.00218	0.00330	0.01489	0.00531	0.05065
13	0.00710	0.00516	0.00701	0.03537	0.00939	0.00493	0.00568	0.00820	0.01097	0.01460	0.03077	0.76775	0.03677	0.01749	0.00724	0.00231	0.00347	0.01587	0.00521	0.00471
14	0.01099	0.00765	0.00946	0.00821	0.01069	0.00700	0.00631	0.01499	0.09383	0.08923	0.44656	0.06249	0.03738	0.00972	0.00611	0.00166	0.00340	0.00846	0.00574	0.16013
15	0.01006	0.00710	0.01084	0.00952	0.01137	0.00660	0.08890	0.01241	0.01408	0.08711	0.37744	0.18948	0.05437	0.05603	0.03611	0.00240	0.00443	0.01050	0.00549	0.00577
16	0.01360	0.01303	0.02222	0.15863	0.64410	0.01345	0.01728	0.01707	0.01276	0.01802	0.01066	0.01434	0.00882	0.00520	0.00567	0.00173	0.00693	0.00509	0.00278	0.00861
17	0.03231	0.01221	0.01520	0.10590	0.01881	0.02343	0.06724	0.07620	0.37938	0.04517	0.04545	0.01871	0.01471	0.00701	0.00614	0.00181	0.03235	0.00589	0.00481	0.08726
18	0.01409	0.01267	0.02096	0.07449	0.61828	0.01286	0.01593	0.01794	0.04283	0.04191	0.01212	0.01515	0.00985	0.00540	0.00556	0.00170	0.00642	0.00519	0.05797	0.00868
19	0.01929	0.00996	0.01251	0.00946	0.01384	0.00844	0.00762	0.06065	0.01477	0.40547	0.01728	0.01758	0.01229	0.05855	0.00675	0.00168	0.00476	0.00503	0.00543	0.30864
20	0.01953	0.01470	0.01580	0.01250	0.01663	0.01631	0.01019	0.57150	0.15240	0.03307	0.06490	0.01698	0.01401	0.00734	0.00581	0.00176	0.00575	0.00572	0.00578	0.00932
21	0.01489	0.01120	0.01457	0.01402	0.15335	0.00963	0.00932	0.07401	0.01385	0.11917	0.01220	0.01344	0.00943	0.00498	0.00482	0.00120	0.00496	0.00416	0.00396	0.50684

[dist]
# distance from previous block
# <min> <max>
0	2

[block]
# block no. 4 follows, 41 sequences, length 137
# corresponding to MSA columns:
# 166-302
name=unknown_E
#
# <colnr> <probs for GDERKNQSTAVLIFYWHMCP>
#	G	D	E	R	K	N	Q	S	T	A	V	L	I	F	Y	W	H	M	C	P
0	0.03932	0.10914	0.21783	0.01228	0.01784	0.01198	0.01227	0.02416	0.01499	0.45222	0.01792	0.01714	0.01207	0.00689	0.00573	0.00187	0.00626	0.00523	0.00545	0.00943
1	0.36147	0.01068	0.01059	0.00942	0.01255	0.01142	0.00753	0.08052	0.09388	0.09658	0.14449	0.02447	0.04299	0.00862	0.00555	0.00201	0.00466	0.05998	0.00526	0.00734
2	0.01440	0.01592	0.10572	0.11654	0.52577	0.02929	0.06733	0.01799	0.01335	0.01880	0.01150	0.01522	0.00944	0.00578	0.00607	0.00190	0.00760	0.00535	0.00306	0.00895
3	0.00820	0.00609	0.00838	0.00915	0.00978	0.00562	0.03566	0.00907	0.01150	0.01543	0.03077	0.72547	0.03641	0.04716	0.00844	0.00258	0.00397	0.01569	0.00541	0.00519
4	0.01233	0.02992	0.75958	0.01679	0.02521	0.01371	0.02131	0.01865	0.01260	0.01888	0.01112	0.01326	0.00808	0.00601	0.00580	0.00197	0.00870	0.00451	0.00272	0.00887
5	0.02624	0.01048	0.01392	0.01081	0.01527	0.00912	0.00881	0.04475	0.01708	0.74099	0.02305	0.02042	0.01479	0.00762	0.00611	0.00192	0.00519	0.00600	0.00729	0.01013
6	0.01361	0.01275	0.02118	0.34013	0.45953	0.01365	0.01710	0.01690	0.01289	0.01779	0.01137	0.01576	0.00928	0.00593	0.00605	0.00194	0.00740	0.00536	0.00301	0.00837
7	0.02586	0.01020	0.01359	0.01059	0.01495	0.00880	0.00862	0.02783	0.01670	0.73459	0.02313	0.02061	0.01491	0.00762	0.00606	0.00191	0.00509	0.00600	0.03294	0.00999
8	0.02633	0.01033	0.01384	0.01074	0.01519	0.00890	0.00876	0.02828	0.01684	0.75780	0.02325	0.02055	0.01489	0.00763	0.00611	0.00193	0.00516	0.00601	0.00732	0.01013
9	0.00789	0.00564	0.00729	0.00856	0.00897	0.00519	0.00570	0.00864	0.01149	0.01542	0.03209	0.78574	0.03824	0.01832	0.00764	0.00247	0.00363	0.01638	0.00557	0.00511
10	0.01971	0.02368	0.02023	0.01796	0.06130	0.53223	0.14545	0.02222	0.04489	0.01625	0.01085	0.01317	0.00893	0.00642	0.00628	0.00178	0.03307	0.00476	0.00333	0.00749
11	0.01384	0.01517	0.03199	0.02327	0.02865	0.01414	0.67741	0.01808	0.01382	0.01881	0.01391	0.07521	0.01168	0.00639	0.00714	0.00211	0.00939	0.00771	0.00337	0.00791
12	0.02633	0.01033	0.01384	0.01074	0.01519	0.00890	0.00876	0.02828	0.01684	0.75780	0.02325	0.02055	0.01489	0.00763	0.00611	0.00193	0.00516	0.00601	0.00732	0.01013
13	0.00819	0.00609	0.00840	0.00917	0.00984	0.00561	0.03492	0.00916	0.01181	0.01590	0.06098	0.72419	0.03775	0.01755	0.00760	0.00243	0.00386	0.01576	0.00552	0.00526
14	0.01233	0.02992	0.75958	0.01679	0.02521	0.01371	0.02131	0.01865	0.01260	0.01888	0.01112	0.01326	0.00808	0.00601	0.00580	0.00197	0.00870	0.00451	0.00272	0.00887
15	0.01010	0.00723	0.00983	0.01110	0.01248	0.00710	0.00956	0.01247	0.01368	0.01790	0.03087	0.06499	0.03340	0.01623	0.00823	0.00278	0.00555	0.71524	0.00553	0.00572
16	0.01486	0.01402	0.02343	0.06202	0.72791	0.01398	0.01772	0.01799	0.01348	0.01930	0.01159	0.01535	0.00981	0.00570	0.00603	0.00186	0.00709	0.00537	0.00312	0.00937
17	0.01228	0.01139	0.01877	0.63805	0.17202	0.01330	0.01644	0.01574	0.01226	0.01617	0.01113	0.01619	0.00871	0.00617	0.00607	0.00202	0.00773	0.00536	0.00290	0.00729
18	0.01378	0.01461	0.02988	0.02197	0.02701	0.01372	0.60958	0.04446	0.01417	0.01926	0.01509	0.11816	0.01333	0.00719	0.00713	0.00213	0.00892	0.00818	0.00361	0.00781
19	0.82893	0.01164	0.00903	0.00812	0.01170	0.01326	0.00657	0.01737	0.01029	0.02633	0.00885	0.01052	0.00704	0.00588	0.00393	0.00193	0.00472	0.00340	0.00383	0.00664
20	0.01498	0.01414	0.02364	0.03533	0.75367	0.01401	0.01778	0.01810	0.01354	0.01944	0.01161	0.01531	0.00987	0.00567	0.00602	0.00186	0.00706	0.00537	0.00313	0.00947
21	0.01179	0.01089	0.01789	0.74700	0.06687	0.01318	0.01620	0.01531	0.01203	0.01558	0.01105	0.01635	0.00850	0.00626	0.00608	0.00205	0.00785	0.00535	0.00285	0.00690
22	0.10629	0.11626	0.53528	0.01593	0.04462	0.01480	0.04835	0.01838	0.01238	0.01922	0.01066	0.01281	0.00808	0.00589	0.00544	0.00190	0.00797	0.00438	0.00288	0.00847
23	0.01498	0.01414	0.02364	0.03533	0.75367	0.01401	0.01778	0.01810	0.01354	0.01944	0.01161	0.01531	0.00987	0.00567	0.00602	0.00186	0.00706	0.00537	0.00313	0.00947
24	0.02633	0.01033	0.01384	0.01074	0.01519	0.00890	0.00876	0.02828	0.01684	0.75780	0.02325	0.02055	0.01489	0.00763	0.00611	0.00193	0.00516	0.00601	0.00732	0.01013
25	0.01346	0.01349	0.02083	0.04752	0.01915	0.01717	0.13963	0.01519	0.01026	0.01542	0.00921	0.01431	0.00854	0.00945	0.01635	0.00253	0.61209	0.00558	0.00287	0.00696
26	0.01452	0.01367	0.02282	0.13679	0.65576	0.01389	0.01755	0.01770	0.01332	0.01889	0.01153	0.01546	0.00967	0.00576	0.00603	0.00188	0.00717	0.00537	0.00309	0.00910
27	0.00789	0.00564	0.00729	0.00856	0.00897	0.00519	0.00570	0.00864	0.01149	0.01542	0.03209	0.78574	0.03824	0.01832	0.00764	0.00247	0.00363	0.01638	0.00557	0.00511
28	0.00892	0.00608	0.00698	0.00724	0.00740	0.00588	0.00429	0.00891	0.00948	0.01273	0.02175	0.20535	0.02520	0.61652	0.02435	0.00494	0.00534	0.01030	0.00416	0.00421
29	0.00960	0.00711	0.00918	0.03101	0.01121	0.00708	0.00719	0.05074	0.01374	0.01869	0.18127	0.42202	0.03732	0.01545	0.00792	0.00237	0.03362	0.12312	0.00561	0.00575
30	0.01315	0.01278	0.01763	0.01525	0.01538	0.01741	0.01256	0.01420	0.00935	0.01457	0.00877	0.01416	0.00865	0.01206	0.05429	0.00296	0.74204	0.00533	0.00283	0.00665
31	0.02620	0.01053	0.01396	0.01084	0.01529	0.00919	0.00883	0.05056	0.01717	0.73505	0.02298	0.02038	0.01476	0.00762	0.00611	0.00192	0.00520	0.00600	0.00728	0.01013
32	0.00789	0.00564	0.00729	0.00856	0.00897	0.00519	0.00570	0.00864	0.01149	0.01542	0.03209	0.78574	0.03824	0.01832	0.00764	0.00247	0.00363	0.01638	0.00557	0.00511
33	0.04571	0.01593	0.02087	0.13119	0.42415	0.12975	0.03250	0.09049	0.01507	0.02014	0.01145	0.01470	0.00937	0.00606	0.00591	0.00186	0.00764	0.00512	0.00342	0.00866
34	0.01010	0.00723	0.00983	0.01110	0.01248	0.00710	0.00956	0.01247	0.01368	0.01790	0.03087	0.06499	0.03340	0.01623	0.00823	0.00278	0.00555	0.71524	0.00553	0.00572
35	0.01754	0.60780	0.02703	0.01154	0.01599	0.20215	0.01042	0.01904	0.01325	0.01442	0.00905	0.01067	0.00818	0.00571	0.00441	0.00145	0.00739	0.00351	0.00287	0.00760
36	0.01271	0.01076	0.01244	0.00906	0.01416	0.00813	0.00715	0.01499	0.01239	0.01940	0.01102	0.01305	0.00928	0.00482	0.00462	0.00102	0.00454	0.00368	0.00368	0.82309
37	0.12031	0.66329	0.05503	0.01031	0.01519	0.02134	0.01008	0.01767	0.01193	0.01601	0.00893	0.01052	0.00802	0.00555	0.00411	0.00148	0.00626	0.00341	0.00289	0.00767
38	0.01067	0.05111	0.00977	0.00825	0.00906	0.00852	0.00557	0.06083	0.01050	0.01420	0.01717	0.03218	0.01858	0.56159	0.12356	0.00551	0.03664	0.00763	0.00377	0.00491
39	0.00989	0.00670	0.00857	0.00795	0.00953	0.00608	0.00594	0.01229	0.01667	0.06131	0.71356	0.04232	0.05215	0.01195	0.00704	0.00195	0.00313	0.01031	0.00659	0.00607
40	0.01574	0.72097	0.09845	0.01096	0.01620	0.02207	0.01116	0.01777	0.01220	0.01472	0.00905	0.01067	0.00816	0.00552	0.00422	0.00144	0.00661	0.00346	0.00275	0.00787
41	0.02633	0.01033	0.01384	0.01074	0.01519	0.00890	0.00876	0.02828	0.01684	0.75780	0.02325	0.02055	0.01489	0.00763	0.00611	0.00193	0.00516	0.00601	0.00732	0.01013
42	0.00789	0.00564	0.00729	0.00856	0.00897	0.00519	0.00570	0.00864	0.01149	0.01542	0.03209	0.78574	0.03824	0.01832	0.00764	0.00247	0.00363	0.01638	0.00557	0.00511
43	0.01879	0.02071	0.01522	0.01381	0.01694	0.41458	0.01044	0.02680	0.35658	0.01940	0.01638	0.01661	0.01285	0.00732	0.00583	0.00185	0.00786	0.00526	0.00457	0.00819
44	0.01233	0.02992	0.75958	0.01679	0.02521	0.01371	0.02131	0.01865	0.01260	0.01888	0.01112	0.01326	0.00808	0.00601	0.00580	0.00197	0.00870	0.00451	0.00272	0.00887
45	0.00879	0.00602	0.00702	0.00741	0.00760	0.00579	0.00447	0.00888	0.00974	0.01307	0.02308	0.28024	0.02688	0.53933	0.02219	0.00462	0.00512	0.01108	0.00434	0.00432
46	0.82893	0.01164	0.00903	0.00812	0.01170	0.01326	0.00657	0.01737	0.01029	0.02633	0.00885	0.01052	0.00704	0.00588	0.00393	0.00193	0.00472	0.00340	0.00383	0.00664
47	0.00911	0.00761	0.00786	0.00761	0.00977	0.00711	0.00568	0.01303	0.14892	0.01808	0.07882	0.06963	0.56748	0.01369	0.00695	0.00209	0.00352	0.01127	0.00571	0.00608
48	0.00888	0.00623	0.00683	0.00684	0.00729	0.00591	0.00411	0.00895	0.00986	0.01288	0.02658	0.06999	0.15743	0.61589	0.02425	0.00487	0.00526	0.00953	0.00416	0.00424
49	0.01874	0.01376	0.01503	0.01238	0.01591	0.01481	0.00979	0.54962	0.02321	0.03117	0.01902	0.21151	0.01759	0.01020	0.00648	0.00203	0.00582	0.00822	0.00588	0.00885
50	0.01233	0.02992	0.75958	0.01679	0.02521	0.01371	0.02131	0.01865	0.01260	0.01888	0.01112	0.01326	0.00808	0.00601	0.00580	0.00197	0.00870	0.00451	0.00272	0.00887
51	0.01233	0.02992	0.75958	0.01679	0.02521	0.01371	0.02131	0.01865	0.01260	0.01888	0.01112	0.01326	0.00808	0.00601	0.00580	0.00197	0.00870	0.00451	0.00272	0.00887
52	0.01451	0.47153	0.33709	0.01306	0.01945	0.01905	0.01483	0.01809	0.01235	0.01622	0.00980	0.01160	0.00813	0.00570	0.00479	0.00163	0.00736	0.00384	0.00274	0.00823
53	0.01461	0.01480	0.06431	0.08274	0.66628	0.01394	0.01787	0.01794	0.01338	0.01915	0.01154	0.01527	0.00967	0.00573	0.00602	0.00188	0.00721	0.00532	0.00309	0.00926
54	0.01610	0.79220	0.03031	0.01036	0.01527	0.02293	0.01012	0.01768	0.01216	0.01429	0.00884	0.01040	0.00817	0.00547	0.00406	0.00139	0.00639	0.00336	0.00275	0.00777
55	0.00793	0.00646	0.00680	0.00668	0.00856	0.00548	0.00494	0.00935	0.01413	0.01762	0.18658	0.05339	0.62223	0.01442	0.00710	0.00206	0.00318	0.01193	0.00576	0.00540
56	0.00805	0.00640	0.00701	0.00696	0.00867	0.00551	0.00510	0.00954	0.01421	0.01814	0.23962	0.11064	0.50988	0.01448	0.00715	0.00208	0.00320	0.01213	0.00583	0.00543
57	0.01398	0.01524	0.03160	0.11688	0.03106	0.01474	0.62597	0.01829	0.01364	0.01852	0.01214	0.01647	0.00933	0.00564	0.00728	0.00209	0.02931	0.00675	0.00314	0.00794
58	0.02633	0.01033	0.01384	0.01074	0.01519	0.00890	0.00876	0.02828	0.01684	0.75780	0.02325	0.02055	0.01489	0.00763	0.00611	0.00193	0.00516	0.00601	0.00732	0.01013
59	0.01536	0.80155	0.03000	0.00984	0.01473	0.02266	0.00982	0.01717	0.01167	0.01353	0.00803	0.00928	0.00741	0.00494	0.00370	0.00124	0.00614	0.00308	0.00247	0.00738
60	0.00919	0.00750	0.01078	0.01024	0.01097	0.00928	0.00802	0.01087	0.00908	0.01327	0.01394	0.02167	0.01345	0.09854	0.55142	0.00746	0.17996	0.00609	0.00300	0.00526
61	0.00705	0.00503	0.00669	0.00802	0.00835	0.00469	0.00534	0.00802	0.01100	0.01467	0.03157	0.79444	0.03787	0.01795	0.00733	0.00234	0.00335	0.01627	0.00533	0.00469
62	0.00825	0.00617	0.00916	0.00916	0.01016	0.00715	0.00708	0.01022	0.00922	0.01329	0.01546	0.02297	0.01454	0.06345	0.75515	0.00910	0.01507	0.00621	0.00310	0.00510
63	0.06089	0.01266	0.01326	0.01161	0.01506	0.01448	0.00913	0.11677	0.60533	0.04299	0.02131	0.01979	0.01588	0.00755	0.00571	0.00191	0.00477	0.00613	0.00573	0.00903
64	0.01221	0.01158	0.01961	0.48602	0.32735	0.01310	0.01657	0.01583	0.01211	0.01630	0.01048	0.01491	0.00827	0.00552	0.00573	0.00184	0.00732	0.00511	0.00268	0.00747
65	0.02572	0.00979	0.01332	0.01022	0.01465	0.00845	0.00844	0.02791	0.01641	0.76646	0.02262	0.01956	0.01422	0.00713	0.00578	0.00178	0.00489	0.00577	0.00710	0.00977
66	0.00705	0.00503	0.00669	0.00802	0.00835	0.00469	0.00534	0.00802	0.01100	0.01467	0.03157	0.79444	0.03787	0.01795	0.00733	0.00234	0.00335	0.01627	0.00533	0.00469
67	0.01702	0.01173	0.01306	0.01134	0.01486	0.01288	0.00893	0.02983	0.57693	0.20081	0.02317	0.02099	0.01673	0.00764	0.00583	0.00191	0.00463	0.00632	0.00614	0.00925
68	0.00686	0.00576	0.00594	0.00609	0.00785	0.00485	0.00449	0.00824	0.01285	0.01543	0.05505	0.13676	0.68039	0.01490	0.00685	0.00199	0.00297	0.01255	0.00533	0.00485
69	0.02253	0.01490	0.01649	0.01265	0.01720	0.01604	0.01044	0.61035	0.02497	0.17194	0.01544	0.01490	0.01062	0.00695	0.00576	0.00174	0.00605	0.00528	0.00600	0.00976
70	0.01193	0.01022	0.01191	0.00852	0.01361	0.00767	0.00681	0.01445	0.01191	0.01870	0.01024	0.01196	0.00854	0.00429	0.00427	0.00086	0.00426	0.00341	0.00341	0.83302
71	0.00977	0.00704	0.00941	0.03041	0.01045	0.00834	0.00703	0.01171	0.00998	0.01564	0.01521	0.02177	0.01378	0.09447	0.33653	0.00527	0.13526	0.00590	0.24677	0.00528
72	0.01543	0.01729	0.01714	0.01497	0.01592	0.26097	0.01207	0.01673	0.01120	0.01391	0.00801	0.01191	0.00753	0.00873	0.01442	0.00218	0.53788	0.00460	0.00267	0.00641
73	0.01181	0.02698	0.65083	0.01739	0.06996	0.01308	0.04952	0.01793	0.01223	0.01825	0.01042	0.01243	0.00755	0.00537	0.00547	0.00177	0.00819	0.00436	0.00254	0.05392
74	0.01374	0.01314	0.02237	0.14444	0.65699	0.01350	0.01733	0.01717	0.01284	0.01816	0.01075	0.01441	0.00892	0.00524	0.00570	0.00174	0.00694	0.00512	0.00281	0.00870
75	0.02572	0.00979	0.01332	0.01022	0.01465	0.00845	0.00844	0.02791	0.01641	0.76646	0.02262	0.01956	0.01422	0.00713	0.00578	0.00178	0.00489	0.00577	0.00710	0.00977
76	0.00705	0.00503	0.00669	0.00802	0.00835	0.00469	0.00534	0.00802	0.01100	0.01467	0.03157	0.79444	0.03787	0.01795	0.00733	0.00234	0.00335	0.01627	0.00533	0.00469
77	0.00813	0.00613	0.00796	0.04986	0.01019	0.00577	0.00586	0.01070	0.01553	0.02149	0.61969	0.04301	0.15062	0.01180	0.00672	0.00184	0.00302	0.01031	0.00597	0.00541
78	0.02075	0.02310	0.01635	0.04465	0.01840	0.52558	0.01112	0.21111	0.01867	0.01985	0.01043	0.01184	0.00825	0.00720	0.02631	0.00178	0.00931	0.00421	0.00369	0.00743
79	0.01088	0.01022	0.01720	0.78438	0.03942	0.01275	0.01591	0.01466	0.01148	0.01468	0.01024	0.01535	0.00769	0.00577	0.00575	0.00192	0.00765	0.00511	0.00257	0.00639
80	0.04791	0.77030	0.02915	0.00975	0.01459	0.02227	0.00967	0.01716	0.01159	0.01401	0.00803	0.00928	0.00737	0.00496	0.00370	0.00126	0.00607	0.00309	0.00252	0.00733
81	0.01088	0.01022	0.01720	0.78438	0.03942	0.01275	0.01591	0.01466	0.01148	0.01468	0.01024	0.01535	0.00769	0.00577	0.00575	0.00192	0.00765	0.00511	0.00257	0.00639
82	0.01430	0.01234	0.01298	0.01169	0.01492	0.01426	0.00908	0.03043	0.75215	0.02399	0.02334	0.02143	0.01752	0.00781	0.00585	0.00195	0.00455	0.00649	0.00584	0.00909
83	0.00705	0.00503	0.00669	0.00802	0.00835	0.00469	0.00534	0.00802	0.01100	0.01467	0.03157	0.79444	0.03787	0.01795	0.00733	0.00234	0.00335	0.01627	0.00533	0.00469
84	0.01193	0.01022	0.01191	0.00852	0.01361	0.00767	0.00681	0.01445	0.01191	0.01870	0.01024	0.01196	0.00854	0.00429	0.00427	0.00086	0.00426	0.00341	0.00341	0.83302
85	0.00705	0.00503	0.00669	0.00802	0.00835	0.00469	0.00534	0.00802	0.01100	0.01467	0.03157	0.79444	0.03787	0.01795	0.00733	0.00234	0.00335	0.01627	0.00533	0.00469
86	0.00817	0.00590	0.00770	0.00725	0.00860	0.00544	0.00543	0.01085	0.01623	0.02300	0.75948	0.04279	0.05399	0.01173	0.00678	0.00181	0.00273	0.01036	0.00632	0.00544
87	0.01170	0.06014	0.73931	0.01609	0.02440	0.01369	0.02070	0.01812	0.01210	0.01800	0.01025	0.01206	0.00732	0.00546	0.00540	0.00180	0.00838	0.00420	0.00244	0.00844
88	0.01155	0.02961	0.76851	0.01634	0.02479	0.01332	0.02115	0.01816	0.01212	0.01818	0.01034	0.01218	0.00732	0.00548	0.00547	0.00182	0.00847	0.00425	0.00244	0.00849
89	0.00684	0.00585	0.00585	0.00585	0.00778	0.00487	0.00438	0.00827	0.01308	0.01552	0.05796	0.05510	0.76017	0.01452	0.00679	0.00194	0.00292	0.01209	0.00533	0.00487
90	0.01536	0.80155	0.03000	0.00984	0.01473	0.02266	0.00982	0.01717	0.01167	0.01353	0.00803	0.00928	0.00741	0.00494	0.00370	0.00124	0.00614	0.00308	0.00247	0.00738
91	0.01346	0.01526	0.03310	0.05514	0.03031	0.01443	0.71211	0.01822	0.01346	0.01824	0.01159	0.01552	0.00870	0.00491	0.00674	0.00194	0.00958	0.00670	0.00290	0.00770
92	0.01088	0.01022	0.01720	0.78438	0.03942	0.01275	0.01591	0.01466	0.01148	0.01468	0.01024	0.01535	0.00769	0.00577	0.00575	0.00192	0.00765	0.00511	0.00257	0.00639
93	0.00897	0.00720	0.01045	0.01004	0.01084	0.00881	0.00786	0.01075	0.00912	0.01331	0.01425	0.02174	0.01360	0.07856	0.61065	0.00790	0.14161	0.00608	0.00302	0.00525
94	0.00839	0.00560	0.00629	0.00629	0.00630	0.00559	0.00350	0.00838	0.00837	0.01116	0.01809	0.03750	0.02085	0.79811	0.02912	0.00555	0.00557	0.00834	0.00349	0.00351
95	0.09716	0.01561	0.01640	0.01269	0.01717	0.01732	0.01047	0.67639	0.02534	0.03514	0.01327	0.01342	0.00947	0.00677	0.00555	0.00173	0.00615	0.00498	0.00554	0.00944
96	0.00727	0.00601	0.00639	0.00646	0.00820	0.00527	0.00477	0.00933	0.04231	0.01637	0.11173	0.14336	0.58351	0.01445	0.00682	0.00198	0.00302	0.01223	0.00544	0.00506
97	0.00686	0.00577	0.00593	0.00606	0.00784	0.00486	0.00448	0.00824	0.01287	0.01544	0.05534	0.12866	0.68830	0.01487	0.00684	0.00198	0.00297	0.01250	0.00533	0.00485
98	0.01536	0.80155	0.03000	0.00984	0.01473	0.02266	0.00982	0.01717	0.01167	0.01353	0.00803	0.00928	0.00741	0.00494	0.00370	0.00124	0.00614	0.00308	0.00247	0.00738
99	0.05219	0.03887	0.01705	0.01273	0.01727	0.01722	0.01056	0.65543	0.02525	0.07527	0.01390	0.01385	0.00984	0.00681	0.00561	0.00172	0.00616	0.00507	0.00564	0.00956
100	0.01423	0.01364	0.02325	0.03513	0.76248	0.01363	0.01757	0.01760	0.01307	0.01875	0.01083	0.01426	0.00913	0.00515	0.00569	0.00171	0.00682	0.00512	0.00286	0.00909
101	0.00817	0.00590	0.00770	0.00725	0.00860	0.00544	0.00543	0.01085	0.01623	0.02300	0.75948	0.04279	0.05399	0.01173	0.00678	0.00181	0.00273	0.01036	0.00632	0.00544
102	0.01327	0.01267	0.02153	0.24799	0.55706	0.01338	0.01710	0.01677	0.01262	0.01760	0.01066	0.01457	0.00872	0.00532	0.00571	0.00177	0.00705	0.00512	0.00277	0.00833
103	0.01365	0.01315	0.02268	0.15778	0.61463	0.01352	0.04603	0.01715	0.01283	0.01807	0.01077	0.01448	0.00888	0.00524	0.00575	0.00176	0.00707	0.00518	0.00281	0.00860
104	0.00790	0.00571	0.00744	0.00739	0.00853	0.00526	0.00539	0.01017	0.01501	0.02100	0.58375	0.20897	0.06559	0.01317	0.00690	0.00193	0.00287	0.01170	0.00608	0.00526
105	0.00929	0.00664	0.00927	0.01058	0.01190	0.00663	0.00925	0.01190	0.01321	0.01718	0.03033	0.06456	0.03296	0.01584	0.00793	0.00265	0.00529	0.72399	0.00529	0.00531
106	0.02237	0.01515	0.01664	0.01277	0.01733	0.01641	0.01054	0.63934	0.02539	0.14234	0.01509	0.01467	0.01044	0.00694	0.00576	0.00174	0.00611	0.00526	0.00594	0.00976
107	0.00691	0.00585	0.00595	0.00592	0.00783	0.00491	0.00444	0.00841	0.01325	0.01593	0.09661	0.05442	0.72127	0.01437	0.00679	0.00194	0.00291	0.01199	0.00539	0.00490
108	0.01193	0.01022	0.01191	0.00852	0.01361	0.00767	0.00681	0.01445	0.01191	0.01870	0.01024	0.01196	0.00854	0.00429	0.00427	0.00086	0.00426	0.00341	0.00341	0.83302
109	0.01423	0.01364	0.02325	0.03513	0.76248	0.01363	0.01757	0.01760	0.01307	0.01875	0.01083	0.01426	0.00913	0.00515	0.00569	0.00171	0.00682	0.00512	0.00286	0.00909
110	0.83850	0.01111	0.00846	0.00757	0.01112	0.01287	0.00623	0.01686	0.00978	0.02572	0.00804	0.00940	0.00627	0.00536	0.00357	0.00178	0.00445	0.00312	0.00356	0.00623
111	0.02117	0.06771	0.01720	0.01419	0.01758	0.58268	0.01097	0.16625	0.01813	0.01843	0.00984	0.01104	0.00791	0.00608	0.00522	0.00152	0.00930	0.00397	0.00350	0.00732
112	0.02143	0.01585	0.01701	0.01303	0.01763	0.01739	0.01074	0.71598	0.02636	0.03544	0.01367	0.01376	0.00975	0.00681	0.00570	0.00170	0.00624	0.00511	0.00566	0.04076
113	0.02572	0.00979	0.01332	0.01022	0.01465	0.00845	0.00844	0.02791	0.01641	0.76646	0.02262	0.01956	0.01422	0.00713	0.00578	0.00178	0.00489	0.00577	0.00710	0.00977
114	0.00710	0.00506	0.00668	0.00795	0.00827	0.00473	0.00527	0.00804	0.01089	0.01453	0.03104	0.76441	0.03719	0.04890	0.00819	0.00246	0.00343	0.01596	0.00526	0.00464
115	0.01096	0.01037	0.01769	0.76180	0.03913	0.01280	0.03746	0.01477	0.01154	0.01479	0.01028	0.01535	0.00773	0.00574	0.00578	0.00192	0.00771	0.00516	0.00258	0.00643
116	0.01088	0.01022	0.01720	0.78438	0.03942	0.01275	0.01591	0.01466	0.01148	0.01468	0.01024	0.01535	0.00769	0.00577	0.00575	0.00192	0.00765	0.00511	0.00257	0.00639
117	0.00817	0.00590	0.00770	0.00725	0.00860	0.00544	0.00543	0.01085	0.01623	0.02300	0.75948	0.04279	0.05399	0.01173	0.00678	0.00181	0.00273	0.01036	0.00632	0.00544
118	0.00929	0.00664	0.00927	0.01058	0.01190	0.00663	0.00925	0.01190	0.01321	0.01718	0.03033	0.06456	0.03296	0.01584	0.00793	0.00265	0.00529	0.72399	0.00529	0.00531
119	0.01155	0.02961	0.76851	0.01634	0.02479	0.01332	0.02115	0.01816	0.01212	0.01818	0.01034	0.01218	0.00732	0.00548	0.00547	0.00182	0.00847	0.00425	0.00244	0.00849
120	0.01155	0.02961	0.76851	0.01634	0.02479	0.01332	0.02115	0.01816	0.01212	0.01818	0.01034	0.01218	0.00732	0.00548	0.00547	0.00182	0.00847	0.00425	0.00244	0.00849
121	0.01603	0.01274	0.01362	0.01183	0.01533	0.01446	0.00931	0.13548	0.60462	0.06667	0.02189	0.02021	0.01620	0.00764	0.00583	0.00191	0.00483	0.00625	0.00590	0.00922
122	0.00825	0.00618	0.00925	0.00924	0.01027	0.00719	0.00718	0.01027	0.00924	0.01335	0.01539	0.02256	0.01436	0.04290	0.77545	0.00920	0.01533	0.00615	0.00309	0.00515
123	0.00825	0.00618	0.00925	0.00924	0.01027	0.00719	0.00718	0.01027	0.00924	0.01335	0.01539	0.02256	0.01436	0.04290	0.77545	0.00920	0.01533	0.00615	0.00309	0.00515
124	0.01259	0.01256	0.01756	0.01506	0.01507	0.01755	0.01254	0.01382	0.00881	0.01384	0.00758	0.01261	0.00758	0.01005	0.01879	0.00252	0.78763	0.00503	0.00253	0.00629
125	0.01259	0.01256	0.01756	0.01506	0.01507	0.01755	0.01254	0.01382	0.00881	0.01384	0.00758	0.01261	0.00758	0.01005	0.01879	0.00252	0.78763	0.00503	0.00253	0.00629
126	0.00684	0.00585	0.00585	0.00585	0.00778	0.00487	0.00438	0.00827	0.01308	0.01552	0.05796	0.05510	0.76017	0.01452	0.00679	0.00194	0.00292	0.01209	0.00533	0.00487
127	0.00825	0.00618	0.00925	0.00924	0.01027	0.00719	0.00718	0.01027	0.00924	0.01335	0.01539	0.02256	0.01436	0.04290	0.77545	0.00920	0.01533	0.00615	0.00309	0.00515
128	0.01259	0.01256	0.01756	0.01506	0.01507	0.01755	0.01254	0.01382	0.00881	0.01384	0.00758	0.01261	0.00758	0.01005	0.01879	0.00252	0.78763	0.00503	0.00253	0.00629
129	0.01430	0.01234	0.01298	0.01169	0.01492	0.01426	0.00908	0.03043	0.75215	0.02399	0.02334	0.02143	0.01752	0.00781	0.00585	0.00195	0.00455	0.00649	0.00584	0.00909
130	0.00810	0.00585	0.00765	0.00720	0.00855	0.00540	0.00540	0.01079	0.01619	0.02294	0.76028	0.04273	0.05397	0.01169	0.00675	0.00180	0.00270	0.01034	0.00630	0.00540
131	0.02566	0.00973	0.01327	0.01018	0.01460	0.00841	0.00841	0.02788	0.01637	0.76726	0.02257	0.01947	0.01416	0.00708	0.00575	0.00177	0.00487	0.00575	0.00708	0.00973
132	0.00676	0.00579	0.00579	0.00579	0.00773	0.00483	0.00435	0.00821	0.01304	0.01545	0.05794	0.05505	0.76098	0.01449	0.00676	0.00193	0.00290	0.01207	0.00531	0.00483
133	0.01147	0.02959	0.76934	0.01630	0.02476	0.01328	0.02113	0.01811	0.01208	0.01811	0.01026	0.01208	0.00725	0.00543	0.00543	0.00181	0.00845	0.00423	0.00242	0.00845
134	0.83938	0.01106	0.00841	0.00752	0.01106	0.01283	0.00619	0.01681	0.00973	0.02566	0.00796	0.00929	0.00619	0.00531	0.00354	0.00177	0.00442	0.00310	0.00354	0.00619
135	0.02140	0.02642	0.01628	0.01462	0.01769	0.71899	0.01104	0.07709	0.01701	0.01566	0.00921	0.01057	0.00755	0.00597	0.00520	0.00149	0.01001	0.00379	0.00316	0.00686
136	0.01423	0.01229	0.01293	0.01164	0.01487	0.01423	0.00905	0.03039	0.75297	0.02393	0.02328	0.02134	0.01746	0.00776	0.00582	0.00194	0.00453	0.00647	0.00582	0.00905

[dist]
# distance from previous block
# <min> <max>
0	1

[block]
# block no. 5 follows, 41 sequences, length 205
# corresponding to MSA columns:
# 304-508
name=unknown_F
#
# <colnr> <probs for GDERKNQSTAVLIFYWHMCP>
#	G	D	E	R	K	N	Q	S	T	A	V	L	I	F	Y	W	H	M	C	P
0	0.01472	0.01253	0.01321	0.01174	0.01506	0.01446	0.00917	0.07685	0.70571	0.02472	0.02266	0.02085	0.01696	0.00770	0.00581	0.00193	0.00464	0.00638	0.00581	0.00910
1	0.00697	0.00498	0.00664	0.00796	0.00830	0.00465	0.00531	0.00796	0.01095	0.01460	0.03153	0.79525	0.03783	0.01792	0.00730	0.00232	0.00332	0.01626	0.00531	0.00465
2	0.02216	0.01535	0.01675	0.01284	0.01740	0.01674	0.01061	0.66724	0.02576	0.11463	0.01468	0.01435	0.01020	0.00689	0.00573	0.00172	0.00614	0.00521	0.00587	0.00973
3	0.01147	0.02959	0.76934	0.01630	0.02476	0.01328	0.02113	0.01811	0.01208	0.01811	0.01026	0.01208	0.00725	0.00543	0.00543	0.00181	0.00845	0.00423	0.00242	0.00845
4	0.00676	0.00579	0.00579	0.00579	0.00773	0.00483	0.00435	0.00821	0.01304	0.01545	0.05794	0.05505	0.76098	0.01449	0.00676	0.00193	0.00290	0.01207	0.00531	0.00483
5	0.01080	0.01017	0.01716	0.78523	0.03940	0.01271	0.01589	0.01461	0.01144	0.01461	0.01017	0.01525	0.00762	0.00572	0.00572	0.00191	0.00762	0.00508	0.00254	0.00635
6	0.01251	0.01251	0.01752	0.01502	0.01502	0.01752	0.01251	0.01377	0.00876	0.01377	0.00751	0.01251	0.00751	0.01001	0.01877	0.00250	0.78851	0.00501	0.00250	0.00626
7	0.00676	0.00579	0.00579	0.00579	0.00773	0.00483	0.00435	0.00821	0.01304	0.01545	0.05794	0.05505	0.76098	0.01449	0.00676	0.00193	0.00290	0.01207	0.00531	0.00483
8	0.00695	0.00529	0.00640	0.00720	0.00812	0.00474	0.00499	0.00818	0.01190	0.01529	0.07566	0.51129	0.28041	0.01647	0.00709	0.00217	0.00315	0.01457	0.00536	0.00474
9	0.01147	0.02959	0.76934	0.01630	0.02476	0.01328	0.02113	0.01811	0.01208	0.01811	0.01026	0.01208	0.00725	0.00543	0.00543	0.00181	0.00845	0.00423	0.00242	0.00845
10	0.01423	0.01229	0.01293	0.01164	0.01487	0.01423	0.00905	0.03039	0.75297	0.02393	0.02328	0.02134	0.01746	0.00776	0.00582	0.00194	0.00453	0.00647	0.00582	0.00905
11	0.01080	0.01017	0.01716	0.78523	0.03940	0.01271	0.01589	0.01461	0.01144	0.01461	0.01017	0.01525	0.00762	0.00572	0.00572	0.00191	0.00762	0.00508	0.00254	0.00635
12	0.00817	0.00613	0.00919	0.00919	0.01021	0.00715	0.00715	0.01021	0.00919	0.01328	0.01532	0.02247	0.01430	0.04290	0.77631	0.00919	0.01532	0.00613	0.00306	0.00511
13	0.02566	0.00973	0.01327	0.01018	0.01460	0.00841	0.00841	0.02788	0.01637	0.76726	0.02257	0.01947	0.01416	0.00708	0.00575	0.00177	0.00487	0.00575	0.00708	0.00973
14	0.00810	0.00585	0.00765	0.00720	0.00855	0.00540	0.00540	0.01079	0.01619	0.02294	0.76028	0.04273	0.05397	0.01169	0.00675	0.00180	0.00270	0.01034	0.00630	0.00540
15	0.01244	0.01015	0.01192	0.00854	0.01360	0.00766	0.00685	0.01497	0.01205	0.05007	0.01069	0.01218	0.00871	0.00436	0.00430	0.00089	0.00426	0.00349	0.00354	0.79934
16	0.83938	0.01106	0.00841	0.00752	0.01106	0.01283	0.00619	0.01681	0.00973	0.02566	0.00796	0.00929	0.00619	0.00531	0.00354	0.00177	0.00442	0.00310	0.00354	0.00619
17	0.01399	0.01342	0.02292	0.07144	0.72823	0.01355	0.01747	0.01741	0.01295	0.01849	0.01073	0.01421	0.00899	0.00513	0.00567	0.00171	0.00684	0.00510	0.00282	0.00893
18	0.02174	0.01602	0.01717	0.01316	0.01774	0.01774	0.01087	0.74423	0.02689	0.03605	0.01373	0.01373	0.00973	0.00687	0.00572	0.00172	0.00629	0.00515	0.00572	0.00973
19	0.00697	0.00498	0.00664	0.00796	0.00830	0.00465	0.00531	0.00796	0.01095	0.01460	0.03153	0.79525	0.03783	0.01792	0.00730	0.00232	0.00332	0.01626	0.00531	0.00465
20	0.01126	0.02428	0.55976	0.01622	0.02328	0.01235	0.12271	0.01702	0.01262	0.01844	0.08121	0.04919	0.01312	0.00647	0.00583	0.00185	0.00787	0.00568	0.00297	0.00790
21	0.01147	0.02959	0.76934	0.01630	0.02476	0.01328	0.02113	0.01811	0.01208	0.01811	0.01026	0.01208	0.00725	0.00543	0.00543	0.00181	0.00845	0.00423	0.00242	0.00845
22	0.01350	0.01543	0.03375	0.02411	0.02989	0.01446	0.74253	0.01832	0.01350	0.01832	0.01157	0.01543	0.00868	0.00482	0.00675	0.00193	0.00964	0.00675	0.00289	0.00771
23	0.02138	0.02678	0.01625	0.01467	0.01769	0.74331	0.01104	0.05396	0.01667	0.01495	0.00905	0.01046	0.00747	0.00594	0.00518	0.00148	0.01014	0.00375	0.00307	0.00676
24	0.01147	0.02959	0.76934	0.01630	0.02476	0.01328	0.02113	0.01811	0.01208	0.01811	0.01026	0.01208	0.00725	0.00543	0.00543	0.00181	0.00845	0.00423	0.00242	0.00845
25	0.01138	0.00657	0.00870	0.00775	0.00968	0.00596	0.00596	0.01399	0.01622	0.16206	0.62240	0.03838	0.04653	0.01083	0.00656	0.00179	0.00310	0.00949	0.00644	0.00621
26	0.00683	0.00578	0.00590	0.00591	0.00778	0.00485	0.00442	0.00833	0.01314	0.01580	0.09137	0.07114	0.71043	0.01443	0.00677	0.00193	0.00290	0.01208	0.00536	0.00485
