[name]
unknown

[dist]
# distance from previous block
# <min> <max>
0	106

[block]
# block no. 0 follows, 40 sequences, length 29
# corresponding to MSA columns:
# 106-134
name=unknown_A
#
# <colnr> <probs for GDERKNQSTAVLIFYWHMCP>
#	G	D	E	R	K	N	Q	S	T	A	V	L	I	F	Y	W	H	M	C	P
0	0.08165	0.01263	0.01147	0.01122	0.01349	0.18043	0.00898	0.05506	0.05486	0.07460	0.02234	0.14596	0.02258	0.01164	0.00656	0.00214	0.00613	0.26695	0.00488	0.00644
1	0.04173	0.14928	0.17296	0.12609	0.02240	0.14404	0.04101	0.18554	0.01623	0.02081	0.01054	0.01240	0.00807	0.00594	0.00550	0.00169	0.02001	0.00443	0.00340	0.00795
2	0.01088	0.00824	0.00899	0.00862	0.01020	0.02025	0.00623	0.05343	0.17274	0.03678	0.02790	0.10388	0.13772	0.29006	0.01477	0.00334	0.00486	0.07045	0.00487	0.00580
3	0.42740	0.06072	0.01255	0.10191	0.01591	0.01350	0.00861	0.12630	0.01292	0.03591	0.01060	0.01298	0.00843	0.01127	0.11643	0.00287	0.00691	0.00420	0.00373	0.00684
4	0.01418	0.01344	0.07905	0.16778	0.02111	0.01173	0.01101	0.18668	0.01561	0.02226	0.01120	0.01323	0.00863	0.00535	0.00508	0.00137	0.00587	0.00429	0.00375	0.39837
5	0.00940	0.12176	0.01170	0.00871	0.01007	0.00917	0.00676	0.01095	0.00949	0.01299	0.01514	0.02454	0.01510	0.21908	0.48150	0.00727	0.01182	0.00631	0.00312	0.00512
6	0.00823	0.00616	0.00918	0.00927	0.01026	0.00711	0.00715	0.01024	0.00946	0.01358	0.01660	0.07085	0.01603	0.04203	0.72482	0.00891	0.01481	0.00687	0.00326	0.00516
7	0.00814	0.00571	0.00709	0.00770	0.00816	0.00555	0.00504	0.03568	0.01124	0.01508	0.07182	0.48376	0.03306	0.25760	0.01418	0.00332	0.00415	0.01324	0.00490	0.00459
8	0.00828	0.00581	0.00744	0.00712	0.00839	0.00533	0.00525	0.01005	0.01464	0.02015	0.53399	0.04172	0.16256	0.01356	0.00918	0.12278	0.00311	0.01000	0.00567	0.00496
9	0.01398	0.01356	0.02232	0.16746	0.61234	0.03354	0.01737	0.01746	0.01304	0.01814	0.01078	0.01449	0.00891	0.00531	0.00575	0.00176	0.00715	0.00514	0.00283	0.00866
10	0.03468	0.09583	0.01975	0.02011	0.22760	0.41422	0.01288	0.07570	0.01582	0.01747	0.00982	0.01173	0.00814	0.00573	0.00526	0.00156	0.00864	0.00419	0.00314	0.00774
11	0.00712	0.00523	0.00668	0.00773	0.00836	0.00479	0.00526	0.00830	0.01175	0.01546	0.07774	0.64132	0.14423	0.01734	0.00731	0.00227	0.00327	0.01556	0.00546	0.00479
12	0.01497	0.01206	0.01362	0.00999	0.01501	0.01073	0.00810	0.22483	0.01649	0.02408	0.01139	0.01261	0.00898	0.00508	0.00474	0.00112	0.00491	0.00396	0.00413	0.59318
13	0.00742	0.00538	0.00701	0.00772	0.00848	0.00497	0.00536	0.00899	0.01290	0.01750	0.25579	0.51608	0.08870	0.01606	0.00722	0.00217	0.00315	0.01442	0.00571	0.00497
14	0.01234	0.01428	0.12530	0.01424	0.01598	0.01525	0.01289	0.05929	0.01063	0.01596	0.00991	0.01461	0.00901	0.01548	0.15564	0.00365	0.48082	0.00519	0.00284	0.00669
15	0.01402	0.02535	0.56504	0.01665	0.02431	0.01293	0.10857	0.01989	0.01309	0.12712	0.01243	0.01380	0.00857	0.00569	0.00574	0.00185	0.00821	0.00484	0.00321	0.00869
16	0.00713	0.00508	0.00674	0.00804	0.00837	0.00475	0.00534	0.00811	0.01105	0.01474	0.03163	0.76891	0.03793	0.04186	0.00810	0.00246	0.00344	0.01629	0.00534	0.00469
17	0.00706	0.00561	0.00634	0.00676	0.00812	0.00489	0.00484	0.00848	0.01280	0.01604	0.10679	0.30481	0.45562	0.01568	0.00706	0.00209	0.00307	0.01358	0.00548	0.00489
18	0.01592	0.19121	0.05730	0.01186	0.01599	0.03515	0.01025	0.10500	0.42555	0.04406	0.01801	0.01723	0.01367	0.00694	0.00537	0.00176	0.00553	0.00544	0.00492	0.00882
19	0.01256	0.01444	0.11816	0.05288	0.15081	0.01317	0.03729	0.01558	0.01131	0.01705	0.00978	0.01321	0.00834	0.00732	0.02496	0.00192	0.24677	0.00463	0.00287	0.23696
20	0.01147	0.06475	0.49417	0.01459	0.02057	0.01325	0.01692	0.01703	0.05057	0.01747	0.01386	0.12639	0.01248	0.00798	0.00721	0.00197	0.09226	0.00622	0.00308	0.00776
21	0.00898	0.00632	0.00718	0.00667	0.00743	0.00595	0.00401	0.00936	0.00898	0.01239	0.01716	0.03426	0.01931	0.68019	0.02591	0.00494	0.00544	0.00773	0.00351	0.12426
22	0.00925	0.00715	0.00786	0.00766	0.00942	0.00681	0.00562	0.11501	0.01441	0.01825	0.04213	0.26483	0.39464	0.05966	0.00819	0.00226	0.00373	0.01228	0.00535	0.00550
23	0.01677	0.08920	0.18703	0.12698	0.02315	0.23419	0.05304	0.14581	0.01599	0.01938	0.01042	0.01247	0.00799	0.00600	0.00580	0.00171	0.02854	0.00449	0.00325	0.00778
24	0.01605	0.01299	0.01550	0.01659	0.17006	0.02920	0.01093	0.12025	0.39807	0.06710	0.01911	0.01882	0.01436	0.00706	0.00574	0.00183	0.00534	0.00594	0.05600	0.00905
25	0.01429	0.00979	0.00945	0.00860	0.01006	0.11808	0.00588	0.01507	0.01161	0.18120	0.01873	0.06968	0.01855	0.46195	0.01953	0.00400	0.00607	0.00761	0.00437	0.00549
26	0.00779	0.00593	0.00717	0.00686	0.00842	0.00530	0.00514	0.01013	0.01543	0.02087	0.53208	0.04747	0.28060	0.01280	0.00686	0.00187	0.00281	0.01108	0.00608	0.00530
27	0.01309	0.01230	0.02055	0.07616	0.54669	0.01295	0.01570	0.01621	0.01224	0.01754	0.01145	0.01573	0.00989	0.01177	0.13097	0.00303	0.05732	0.00534	0.00288	0.00821
28	0.01311	0.01252	0.02109	0.02884	0.52957	0.01297	0.05401	0.01605	0.01249	0.01783	0.01370	0.12769	0.01329	0.00761	0.00751	0.00192	0.09150	0.00692	0.00321	0.00817

[dist]
# distance from previous block
# <min> <max>
2	25

[block]
# block no. 1 follows, 40 sequences, length 10
# corresponding to MSA columns:
# 160-169
name=unknown_B
#
# <colnr> <probs for GDERKNQSTAVLIFYWHMCP>
#	G	D	E	R	K	N	Q	S	T	A	V	L	I	F	Y	W	H	M	C	P
0	0.00724	0.00513	0.00670	0.00790	0.00820	0.00483	0.00519	0.00814	0.01083	0.01444	0.03049	0.70632	0.03650	0.10642	0.00994	0.00273	0.00363	0.01562	0.00519	0.00459
1	0.00867	0.00706	0.00750	0.00711	0.00921	0.00657	0.00540	0.06164	0.06625	0.01880	0.14861	0.07499	0.53023	0.01344	0.00675	0.00194	0.00329	0.01129	0.00560	0.00563
2	0.00716	0.00515	0.00667	0.00786	0.00826	0.00479	0.00522	0.00813	0.01108	0.01466	0.03268	0.70038	0.07831	0.06905	0.00885	0.00255	0.00350	0.01576	0.00528	0.00466
3	0.02211	0.01629	0.01745	0.01338	0.01803	0.01803	0.01105	0.73997	0.02734	0.03665	0.01396	0.01396	0.00989	0.00698	0.00582	0.00175	0.00640	0.00524	0.00582	0.00989
4	0.00729	0.00522	0.00693	0.00796	0.00848	0.00486	0.00541	0.00861	0.01209	0.01636	0.16146	0.65811	0.04139	0.01709	0.00732	0.00227	0.00326	0.01546	0.00558	0.00486
5	0.01625	0.71161	0.02889	0.01052	0.01527	0.10801	0.01010	0.01807	0.01234	0.01374	0.00819	0.00946	0.00747	0.00509	0.00390	0.00127	0.00670	0.00318	0.00255	0.00738
6	0.01439	0.01382	0.02360	0.03569	0.75936	0.01382	0.01785	0.01785	0.01324	0.01900	0.01094	0.01439	0.00921	0.00518	0.00576	0.00173	0.00691	0.00518	0.00288	0.00921
7	0.01555	0.79913	0.03047	0.00995	0.01493	0.02301	0.00995	0.01741	0.01182	0.01368	0.00808	0.00933	0.00746	0.00498	0.00373	0.00124	0.00622	0.00311	0.00249	0.00746
8	0.01554	0.01302	0.01375	0.01205	0.01553	0.01497	0.00946	0.13045	0.64756	0.02606	0.02231	0.02061	0.01665	0.00776	0.00590	0.00194	0.00485	0.00639	0.00590	0.00930
9	0.00834	0.00608	0.00860	0.00860	0.00938	0.00686	0.00634	0.00991	0.00913	0.01295	0.01626	0.02661	0.01617	0.22995	0.58849	0.00843	0.01311	0.00678	0.00322	0.00478

[dist]
# distance from previous block
# <min> <max>
0	1

[block]
# block no. 2 follows, 40 sequences, length 10
# corresponding to MSA columns:
# 171-180
name=unknown_C
#
# <colnr> <probs for GDERKNQSTAVLIFYWHMCP>
#	G	D	E	R	K	N	Q	S	T	A	V	L	I	F	Y	W	H	M	C	P
0	0.01118	0.02405	0.55139	0.01498	0.02182	0.01219	0.04916	0.01766	0.06712	0.01834	0.01730	0.08153	0.07308	0.00749	0.00588	0.00191	0.00745	0.00626	0.00322	0.00798
1	0.01085	0.00893	0.00997	0.00985	0.01182	0.00973	0.00728	0.01981	0.38963	0.01977	0.02970	0.34344	0.08001	0.01267	0.00661	0.00213	0.00397	0.01112	0.00566	0.00704
2	0.83671	0.01125	0.00855	0.00765	0.01125	0.01305	0.00630	0.01709	0.00990	0.02609	0.00810	0.00945	0.00630	0.00540	0.00360	0.00180	0.00450	0.00315	0.00360	0.00630
3	0.00729	0.00518	0.00680	0.00789	0.00828	0.00486	0.00525	0.00837	0.01135	0.01525	0.09109	0.66701	0.03839	0.08229	0.00922	0.00259	0.00351	0.01536	0.00533	0.00469
4	0.01302	0.02063	0.28533	0.02179	0.02860	0.01429	0.49218	0.01855	0.01323	0.01855	0.01131	0.01452	0.00832	0.00512	0.00640	0.00192	0.00939	0.00598	0.00277	0.00810
5	0.83671	0.01125	0.00855	0.00765	0.01125	0.01305	0.00630	0.01709	0.00990	0.02609	0.00810	0.00945	0.00630	0.00540	0.00360	0.00180	0.00450	0.00315	0.00360	0.00630
6	0.01222	0.01140	0.01814	0.35822	0.20450	0.01379	0.01484	0.01527	0.01139	0.01614	0.01045	0.01500	0.00859	0.00680	0.00892	0.00199	0.19757	0.00517	0.06257	0.00702
7	0.01206	0.01034	0.01206	0.00861	0.01378	0.00775	0.00689	0.01464	0.01206	0.01895	0.01034	0.01206	0.00861	0.00431	0.00431	0.00086	0.00431	0.00345	0.00345	0.83118
8	0.02211	0.01629	0.01745	0.01338	0.01803	0.01803	0.01105	0.73997	0.02734	0.03665	0.01396	0.01396	0.00989	0.00698	0.00582	0.00175	0.00640	0.00524	0.00582	0.00989
9	0.01246	0.01317	0.02647	0.26356	0.07776	0.01342	0.41582	0.01668	0.01286	0.01721	0.01261	0.06725	0.01048	0.00610	0.00650	0.00197	0.00854	0.00687	0.00299	0.00728

[dist]
# distance from previous block
# <min> <max>
0	1

[block]
# block no. 3 follows, 40 sequences, length 8
# corresponding to MSA columns:
# 182-189
name=unknown_D
#
# <colnr> <probs for GDERKNQSTAVLIFYWHMCP>
#	G	D	E	R	K	N	Q	S	T	A	V	L	I	F	Y	W	H	M	C	P
0	0.01984	0.01700	0.01944	0.01625	0.06762	0.10159	0.10122	0.46030	0.08773	0.02966	0.01380	0.01450	0.01014	0.00658	0.00589	0.00176	0.00715	0.00539	0.00496	0.00918
1	0.45735	0.01270	0.01268	0.10585	0.01636	0.06824	0.00958	0.01643	0.01031	0.02064	0.00831	0.01114	0.00692	0.00676	0.00811	0.00199	0.21315	0.00396	0.00315	0.00637
2	0.01178	0.01116	0.01889	0.60611	0.20933	0.01313	0.01655	0.01556	0.01201	0.01583	0.01048	0.01524	0.00810	0.00567	0.00580	0.00189	0.00755	0.00517	0.00265	0.00711
3	0.01427	0.01374	0.01885	0.10905	0.38196	0.06827	0.01407	0.02016	0.16263	0.01927	0.01324	0.01543	0.01059	0.00575	0.00558	0.00168	0.00647	0.00514	0.00354	0.11031
4	0.01754	0.01099	0.01201	0.00975	0.01347	0.06010	0.00778	0.10389	0.06014	0.27633	0.07327	0.02633	0.16631	0.00854	0.00586	0.00168	0.00483	0.00693	0.00571	0.12854
5	0.11389	0.00928	0.01066	0.01057	0.01282	0.01001	0.00873	0.11558	0.12801	0.02190	0.02471	0.13037	0.02502	0.01249	0.00678	0.00229	0.00504	0.33994	0.00529	0.00662
6	0.01196	0.01134	0.01922	0.56683	0.24720	0.01318	0.01664	0.01572	0.01209	0.01605	0.01051	0.01518	0.00817	0.00563	0.00580	0.00188	0.00751	0.00517	0.00267	0.00725
7	0.00839	0.00592	0.00776	0.00776	0.00825	0.00641	0.00529	0.00937	0.00888	0.01233	0.01703	0.03088	0.01802	0.44066	0.38030	0.00739	0.01033	0.00741	0.00333	0.00431

[dist]
# distance from previous block
# <min> <max>
2	49

[block]
# block no. 4 follows, 40 sequences, length 31
# corresponding to MSA columns:
# 240-270
name=unknown_E
#
# <colnr> <probs for GDERKNQSTAVLIFYWHMCP>
#	G	D	E	R	K	N	Q	S	T	A	V	L	I	F	Y	W	H	M	C	P
0	0.00788	0.00578	0.00755	0.00862	0.00959	0.00546	0.00661	0.00959	0.01243	0.01616	0.06196	0.40000	0.15069	0.01670	0.00752	0.00239	0.00396	0.25670	0.00542	0.00500
1	0.01172	0.01050	0.01800	0.01629	0.06321	0.01067	0.21121	0.06151	0.01385	0.01861	0.02172	0.11233	0.02232	0.01152	0.00814	0.00232	0.06096	0.31416	0.00437	0.00658
2	0.02070	0.01479	0.03208	0.01227	0.01708	0.01503	0.01027	0.51425	0.02313	0.12411	0.01440	0.01434	0.01018	0.00653	0.00556	0.00161	0.00591	0.00499	0.00552	0.14724
3	0.00798	0.00595	0.00857	0.00898	0.00973	0.00658	0.00666	0.00963	0.00994	0.01393	0.02116	0.28906	0.02281	0.05019	0.47553	0.00670	0.02786	0.00982	0.00390	0.00502
4	0.00798	0.00544	0.00648	0.00695	0.00707	0.00532	0.00417	0.00833	0.00938	0.01251	0.02307	0.29890	0.02714	0.52660	0.02192	0.00450	0.00485	0.01125	0.00417	0.00394
5	0.02000	0.01460	0.01582	0.01235	0.01653	0.01602	0.01013	0.61217	0.02449	0.03339	0.01432	0.01506	0.01053	0.00927	0.05571	0.00218	0.00665	0.00525	0.06802	0.03750
6	0.04345	0.01534	0.01994	0.24588	0.26644	0.13868	0.05918	0.09233	0.02893	0.01914	0.01095	0.01408	0.00861	0.00573	0.00569	0.00177	0.00774	0.00501	0.00320	0.00789
7	0.01025	0.00850	0.00983	0.00955	0.01077	0.08076	0.00741	0.01234	0.01048	0.01496	0.01509	0.02092	0.01355	0.03205	0.53002	0.00689	0.05435	0.00580	0.14104	0.00544
8	0.06743	0.18948	0.06993	0.08418	0.06203	0.01644	0.20883	0.06664	0.12066	0.01956	0.01222	0.01426	0.00953	0.00580	0.00586	0.00177	0.02880	0.00519	0.00343	0.00795
9	0.00806	0.00566	0.00667	0.00670	0.00799	0.00517	0.00487	0.00884	0.01178	0.01523	0.09396	0.08155	0.39855	0.01741	0.06368	0.18682	0.00429	0.00989	0.05840	0.00447
10	0.01608	0.01520	0.02613	0.03443	0.18006	0.01560	0.33011	0.21741	0.01706	0.02334	0.01192	0.01475	0.00911	0.00587	0.00707	0.00189	0.05576	0.00592	0.00369	0.00859
11	0.01278	0.02674	0.61912	0.01660	0.02442	0.01340	0.07865	0.01973	0.05780	0.05887	0.01203	0.01354	0.00850	0.00571	0.00568	0.00186	0.00825	0.00473	0.00296	0.00864
12	0.01152	0.01068	0.01547	0.12629	0.01756	0.01415	0.02254	0.01342	0.00979	0.01475	0.01111	0.05170	0.01054	0.01381	0.11068	0.00321	0.46537	0.00583	0.06547	0.00610
13	0.01358	0.01473	0.02610	0.23352	0.10708	0.07188	0.36107	0.01755	0.01299	0.01699	0.01080	0.01491	0.00839	0.00561	0.00713	0.00193	0.05961	0.00587	0.00281	0.00742
14	0.01178	0.00998	0.01162	0.00844	0.01322	0.00759	0.00663	0.01417	0.01178	0.01837	0.01094	0.01403	0.00957	0.06443	0.00623	0.00122	0.00441	0.00383	0.00345	0.76830
15	0.01327	0.08268	0.14514	0.10143	0.40066	0.01392	0.01618	0.01798	0.06106	0.01868	0.06340	0.01622	0.01235	0.00593	0.00564	0.00175	0.00677	0.00532	0.00319	0.00842
16	0.00770	0.00590	0.00691	0.00667	0.00819	0.00526	0.00492	0.00973	0.01460	0.01940	0.42232	0.04814	0.33691	0.06773	0.00845	0.00215	0.00303	0.01108	0.00580	0.00512
17	0.09108	0.01398	0.01545	0.01236	0.01655	0.07537	0.04962	0.21519	0.15864	0.26450	0.01768	0.01674	0.01228	0.00689	0.00567	0.00180	0.00595	0.00548	0.00570	0.00908
18	0.03405	0.00871	0.01189	0.07617	0.01456	0.00909	0.06998	0.10797	0.05365	0.02002	0.09405	0.25359	0.02536	0.08640	0.00866	0.00237	0.00498	0.04021	0.07216	0.00615
19	0.01673	0.01347	0.01727	0.13706	0.11392	0.01557	0.01242	0.34224	0.01849	0.02565	0.01230	0.01470	0.00949	0.00712	0.00803	0.00188	0.14556	0.00521	0.07464	0.00825
20	0.01373	0.01038	0.01141	0.01020	0.01314	0.01123	0.00793	0.04399	0.43983	0.09449	0.12794	0.04150	0.13033	0.00950	0.00620	0.00193	0.00417	0.00799	0.00602	0.00809
21	0.00917	0.00651	0.00826	0.00880	0.00986	0.00641	0.00637	0.06557	0.03854	0.03196	0.12228	0.53353	0.03679	0.01581	0.00720	0.00225	0.00377	0.07578	0.00560	0.00552
22	0.03644	0.01176	0.01569	0.30761	0.09081	0.01343	0.01247	0.11763	0.21050	0.02123	0.01734	0.01952	0.05253	0.00705	0.00582	0.00188	0.00616	0.01595	0.00419	0.03200
23	0.01689	0.36326	0.11520	0.07840	0.01942	0.22904	0.01234	0.07331	0.01432	0.01625	0.00926	0.01089	0.00767	0.00555	0.00471	0.00149	0.00784	0.00377	0.00288	0.00750
24	0.00770	0.00569	0.00715	0.00804	0.00873	0.00547	0.00548	0.00980	0.05964	0.01585	0.07703	0.60270	0.08730	0.05981	0.00847	0.00246	0.00351	0.01477	0.00539	0.00501
25	0.01259	0.01391	0.07170	0.04315	0.02294	0.01178	0.35496	0.01737	0.05388	0.01929	0.07553	0.01713	0.01306	0.00557	0.00596	0.00163	0.00719	0.00596	0.00350	0.24292
26	0.01100	0.00604	0.00648	0.00626	0.00750	0.00648	0.00481	0.01359	0.01191	0.02102	0.01800	0.02091	0.01428	0.00707	0.00535	0.00146	0.06959	0.00539	0.75735	0.00550
27	0.01206	0.01034	0.01206	0.00861	0.01378	0.00775	0.00689	0.01464	0.01206	0.01895	0.01034	0.01206	0.00861	0.00431	0.00431	0.00086	0.00431	0.00345	0.00345	0.83118
28	0.01171	0.00807	0.00978	0.00890	0.01097	0.00813	0.00679	0.07749	0.13243	0.08403	0.42235	0.13345	0.03970	0.01128	0.00661	0.00191	0.00361	0.00985	0.00621	0.00671
29	0.00749	0.00549	0.00718	0.00814	0.00887	0.00497	0.00552	0.00863	0.01121	0.01518	0.03028	0.72807	0.03602	0.01708	0.00717	0.00224	0.00345	0.01546	0.00524	0.07231
30	0.01150	0.01237	0.06631	0.19038	0.08112	0.01183	0.23858	0.01600	0.05303	0.01736	0.05420	0.08160	0.01469	0.01203	0.10990	0.00295	0.00863	0.00708	0.00340	0.00702

[dist]
# distance from previous block
# <min> <max>
0	10

[block]
# block no. 5 follows, 40 sequences, length 14
# corresponding to MSA columns:
# 281-294
name=unknown_F
#
# <colnr> <probs for GDERKNQSTAVLIFYWHMCP>
#	G	D	E	R	K	N	Q	S	T	A	V	L	I	F	Y	W	H	M	C	P
0	0.02235	0.01330	0.01528	0.01188	0.01614	0.01386	0.00970	0.44427	0.02239	0.27954	0.01783	0.04574	0.01291	0.03865	0.00683	0.00194	0.00577	0.00599	0.00618	0.00945
1	0.01084	0.00542	0.00542	0.00542	0.00678	0.00542	0.00407	0.01355	0.01220	0.02168	0.01897	0.02168	0.01491	0.00678	0.00407	0.00136	0.00271	0.00542	0.82791	0.00542
2	0.09762	0.19648	0.02023	0.08309	0.01916	0.03929	0.03885	0.38885	0.01980	0.02700	0.01148	0.01257	0.00868	0.00615	0.00515	0.00165	0.00654	0.00456	0.00435	0.00850
3	0.04734	0.01050	0.01312	0.01014	0.01464	0.00943	0.00827	0.04805	0.09064	0.48318	0.01958	0.01783	0.01311	0.00659	0.00546	0.00162	0.00481	0.00531	0.00611	0.18427
4	0.04408	0.01187	0.05992	0.03538	0.01799	0.01126	0.18716	0.01410	0.01153	0.01699	0.01577	0.21715	0.01610	0.00937	0.00866	0.00197	0.15519	0.00810	0.00359	0.15382
5	0.01247	0.07242	0.62252	0.04446	0.02406	0.01403	0.01937	0.06176	0.01314	0.01923	0.01081	0.01266	0.00780	0.00564	0.00540	0.00179	0.00808	0.00436	0.03160	0.00842
6	0.00742	0.00522	0.00670	0.00769	0.00799	0.00495	0.00500	0.00828	0.01075	0.01439	0.05603	0.60078	0.03532	0.18630	0.01220	0.00305	0.00384	0.01456	0.00503	0.00449
7	0.00796	0.00538	0.00655	0.00710	0.00724	0.00524	0.00434	0.00828	0.00952	0.01269	0.02362	0.34471	0.02779	0.44973	0.02030	0.03501	0.00469	0.01162	0.00425	0.00398
8	0.01429	0.54930	0.26925	0.01210	0.01825	0.01992	0.01370	0.01774	0.01197	0.01522	0.00885	0.01029	0.00743	0.00515	0.00431	0.00144	0.00699	0.00350	0.00248	0.00783
9	0.01010	0.00505	0.00758	0.00758	0.00758	0.00505	0.00505	0.00758	0.00758	0.01010	0.01010	0.01768	0.01010	0.02020	0.02273	0.83081	0.00505	0.00505	0.00253	0.00253
10	0.00717	0.00515	0.00667	0.00784	0.00825	0.00480	0.00520	0.00814	0.01106	0.01464	0.03262	0.69425	0.07905	0.07445	0.00900	0.00258	0.00351	0.01570	0.00526	0.00465
11	0.83671	0.01125	0.00855	0.00765	0.01125	0.01305	0.00630	0.01709	0.00990	0.02609	0.00810	0.00945	0.00630	0.00540	0.00360	0.00180	0.00450	0.00315	0.00360	0.00630
12	0.08494	0.00999	0.01314	0.01015	0.01458	0.00887	0.00838	0.02752	0.01615	0.70986	0.02186	0.01904	0.01381	0.00707	0.00568	0.00180	0.00492	0.00565	0.00694	0.00964
13	0.00813	0.00594	0.00764	0.00721	0.00863	0.00545	0.00541	0.01079	0.01623	0.02277	0.70622	0.04434	0.10527	0.01209	0.00686	0.00184	0.00276	0.01064	0.00633	0.00545

[dist]
# distance from previous block
# <min> <max>
0	4

[block]
# block no. 6 follows, 40 sequences, length 24
# corresponding to MSA columns:
# 299-322
name=unknown_G
#
# <colnr> <probs for GDERKNQSTAVLIFYWHMCP>
#	G	D	E	R	K	N	Q	S	T	A	V	L	I	F	Y	W	H	M	C	P
0	0.04039	0.30042	0.17581	0.01323	0.02941	0.11389	0.02530	0.17938	0.01608	0.02061	0.02885	0.01216	0.00919	0.00585	0.00492	0.00156	0.00722	0.00419	0.00343	0.00810
1	0.01053	0.00645	0.00887	0.07254	0.01208	0.00634	0.02606	0.01252	0.01218	0.09137	0.02551	0.39917	0.02665	0.01280	0.00633	0.00203	0.00402	0.05159	0.20730	0.00567
2	0.01672	0.16007	0.29939	0.01464	0.02008	0.34126	0.01481	0.02062	0.03218	0.01595	0.00974	0.01124	0.00769	0.00569	0.00511	0.00160	0.00890	0.00391	0.00278	0.00762
3	0.02072	0.02795	0.09112	0.01514	0.01869	0.69667	0.01226	0.02274	0.01606	0.01465	0.00913	0.01067	0.00748	0.00595	0.00527	0.00153	0.01030	0.00380	0.00294	0.00693
4	0.01421	0.06958	0.40014	0.01502	0.02139	0.01389	0.07773	0.11797	0.06294	0.06500	0.03705	0.05365	0.01199	0.00673	0.00575	0.00183	0.00733	0.00562	0.00374	0.00846
5	0.01829	0.01351	0.01504	0.01128	0.01613	0.01332	0.00923	0.40526	0.02054	0.07242	0.01303	0.01354	0.00964	0.00591	0.00521	0.00139	0.00547	0.00455	0.00494	0.34129
6	0.10030	0.10211	0.01658	0.01228	0.01567	0.20806	0.00996	0.27090	0.01783	0.02334	0.01142	0.01347	0.00925	0.03099	0.04651	0.00218	0.06281	0.00456	0.03418	0.00763
7	0.10255	0.08648	0.01717	0.01331	0.01707	0.38978	0.01058	0.25454	0.01896	0.02264	0.01044	0.01141	0.00815	0.00617	0.00514	0.00159	0.00821	0.00412	0.00393	0.00778
8	0.00844	0.00570	0.00664	0.00664	0.00675	0.00580	0.00390	0.00865	0.00855	0.01150	0.01805	0.03654	0.02048	0.72069	0.10364	0.00601	0.00663	0.00823	0.00348	0.00369
9	0.00713	0.00546	0.00654	0.00720	0.00825	0.00487	0.00505	0.00850	0.01249	0.01607	0.11983	0.43982	0.30538	0.01625	0.00716	0.00216	0.00315	0.01431	0.00551	0.00487
10	0.02211	0.01629	0.01745	0.01338	0.01803	0.01803	0.01105	0.73997	0.02734	0.03665	0.01396	0.01396	0.00989	0.00698	0.00582	0.00175	0.00640	0.00524	0.00582	0.00989
11	0.01643	0.01366	0.01382	0.01210	0.01558	0.06120	0.00948	0.10403	0.58299	0.07105	0.02171	0.02008	0.01609	0.00763	0.00586	0.00191	0.00517	0.00622	0.00581	0.00917
12	0.00823	0.00603	0.00860	0.00872	0.00951	0.00677	0.00646	0.00986	0.00934	0.01322	0.01743	0.08942	0.01768	0.17311	0.57897	0.00812	0.01282	0.00748	0.00338	0.00486
13	0.01138	0.00919	0.08298	0.00792	0.01035	0.00776	0.00694	0.05662	0.07492	0.02251	0.13839	0.02388	0.02061	0.00847	0.02324	0.00174	0.00398	0.00624	0.47657	0.00631
14	0.01084	0.00542	0.00542	0.00542	0.00678	0.00542	0.00407	0.01355	0.01220	0.02168	0.01897	0.02168	0.01491	0.00678	0.00407	0.00136	0.00271	0.00542	0.82791	0.00542
15	0.01222	0.01024	0.01192	0.00884	0.01358	0.00809	0.00700	0.05538	0.01285	0.01962	0.01235	0.07697	0.01117	0.00562	0.00465	0.00104	0.00435	0.00463	0.00374	0.71575
16	0.01305	0.01997	0.25790	0.02165	0.02810	0.01448	0.48501	0.01835	0.01306	0.01835	0.01117	0.01450	0.00832	0.00534	0.00701	0.00195	0.04502	0.00599	0.00277	0.00801
17	0.01206	0.01034	0.01206	0.00861	0.01378	0.00775	0.00689	0.01464	0.01206	0.01895	0.01034	0.01206	0.00861	0.00431	0.00431	0.00086	0.00431	0.00345	0.00345	0.83118
18	0.01946	0.01921	0.08243	0.01681	0.05765	0.14851	0.12770	0.40436	0.02133	0.02748	0.01230	0.01351	0.00906	0.00627	0.00586	0.00174	0.00786	0.00515	0.00444	0.00887
19	0.01670	0.01203	0.01333	0.01165	0.01513	0.01333	0.00925	0.08528	0.52918	0.14698	0.02319	0.02327	0.01747	0.00817	0.00602	0.00197	0.00484	0.04697	0.00609	0.00915
20	0.01073	0.00883	0.05235	0.00926	0.01138	0.00796	0.00761	0.05704	0.11269	0.04094	0.33159	0.09069	0.05779	0.01237	0.00831	0.08458	0.00414	0.08007	0.00550	0.00615
21	0.01018	0.00747	0.00930	0.00864	0.01036	0.00762	0.00666	0.01472	0.12516	0.05737	0.47418	0.06910	0.08484	0.01155	0.00740	0.00195	0.04551	0.03574	0.00602	0.00623
22	0.06633	0.08883	0.07119	0.05271	0.01680	0.01251	0.01014	0.16878	0.03429	0.31203	0.01813	0.09319	0.01394	0.00775	0.00564	0.00181	0.00560	0.00623	0.00544	0.00864
23	0.01308	0.01306	0.02367	0.26803	0.33303	0.01394	0.17386	0.01686	0.01260	0.01734	0.01075	0.01494	0.00858	0.00559	0.00674	0.00189	0.04983	0.00554	0.00278	0.00789

[dist]
# distance from previous block
# <min> <max>
0	3

[block]
# block no. 7 follows, 40 sequences, length 13
# corresponding to MSA columns:
# 326-338
name=unknown_H
#
# <colnr> <probs for GDERKNQSTAVLIFYWHMCP>
#	G	D	E	R	K	N	Q	S	T	A	V	L	I	F	Y	W	H	M	C	P
0	0.04436	0.00580	0.00619	0.00603	0.00748	0.00575	0.00454	0.01300	0.01326	0.02231	0.21905	0.02709	0.02542	0.00811	0.00481	0.00150	0.00279	0.00671	0.57032	0.00547
1	0.01750	0.01400	0.01486	0.01245	0.01628	0.01588	0.00994	0.31249	0.46232	0.02922	0.01981	0.01862	0.01463	0.00753	0.00588	0.00188	0.00532	0.00604	0.00588	0.00948
2	0.00939	0.00634	0.00733	0.00684	0.00888	0.00549	0.00522	0.01137	0.01468	0.09861	0.28666	0.04792	0.44398	0.01298	0.00676	0.00190	0.00309	0.01100	0.00593	0.00564
3	0.01460	0.01254	0.01305	0.07831	0.01661	0.05601	0.00940	0.08160	0.49155	0.02341	0.02124	0.02071	0.03238	0.00757	0.00569	0.00186	0.00510	0.00620	0.09381	0.00837
4	0.83671	0.01125	0.00855	0.00765	0.01125	0.01305	0.00630	0.01709	0.00990	0.02609	0.00810	0.00945	0.00630	0.00540	0.00360	0.00180	0.00450	0.00315	0.00360	0.00630
5	0.00804	0.00546	0.00647	0.00688	0.00698	0.00536	0.00410	0.00835	0.00928	0.01237	0.02253	0.26882	0.02644	0.55763	0.02281	0.00463	0.00494	0.01093	0.00410	0.00389
6	0.00708	0.00555	0.00641	0.00694	0.00817	0.00488	0.00492	0.00846	0.01264	0.01599	0.10674	0.36351	0.39616	0.01595	0.00710	0.00212	0.00311	0.01391	0.00548	0.00488
7	0.00866	0.00659	0.00862	0.07577	0.01204	0.00671	0.00681	0.04649	0.05391	0.01712	0.08412	0.56465	0.05533	0.01542	0.00706	0.00222	0.00391	0.01385	0.00528	0.00545
8	0.01263	0.01067	0.01237	0.00888	0.01402	0.00834	0.00713	0.05593	0.01293	0.01996	0.01054	0.01217	0.00869	0.00446	0.00439	0.00091	0.00443	0.00355	0.00358	0.78443
9	0.01224	0.02527	0.53162	0.01838	0.02566	0.01413	0.19331	0.01812	0.01236	0.01812	0.01054	0.01313	0.00774	0.00574	0.00690	0.00192	0.06901	0.00498	0.00258	0.00824
10	0.08677	0.18683	0.02211	0.07370	0.36787	0.09598	0.01387	0.01871	0.04957	0.01794	0.01045	0.01288	0.00872	0.00542	0.00508	0.00163	0.00687	0.00447	0.00300	0.00813
11	0.00712	0.00581	0.00629	0.00636	0.00805	0.00498	0.00470	0.00875	0.01355	0.01687	0.17062	0.13301	0.56438	0.01464	0.00693	0.00198	0.00296	0.01244	0.00556	0.00498
12	0.03154	0.00999	0.01460	0.04521	0.01511	0.02484	0.12745	0.03666	0.02400	0.01806	0.01563	0.04164	0.03409	0.05018	0.07941	0.00276	0.17594	0.00624	0.24051	0.00616

[dist]
# distance from previous block
# <min> <max>
0	12

[block]
# block no. 8 follows, 40 sequences, length 25
# corresponding to MSA columns:
# 351-375
name=unknown_I
#
# <colnr> <probs for GDERKNQSTAVLIFYWHMCP>
#	G	D	E	R	K	N	Q	S	T	A	V	L	I	F	Y	W	H	M	C	P
0	0.01330	0.01015	0.01205	0.00877	0.01374	0.00775	0.00701	0.01581	0.01248	0.09195	0.01218	0.03440	0.01001	0.00498	0.00454	0.00099	0.00434	0.00404	0.00387	0.72764
1	0.01397	0.01380	0.02475	0.10228	0.57721	0.01388	0.13254	0.01770	0.01317	0.01856	0.01101	0.01470	0.00902	0.00519	0.00594	0.00178	0.00745	0.00545	0.00286	0.00874
2	0.00796	0.00588	0.00741	0.00831	0.00898	0.00578	0.00566	0.01054	0.08375	0.01608	0.07471	0.62402	0.03637	0.06464	0.00860	0.00249	0.00360	0.01469	0.00540	0.00514
3	0.02332	0.01335	0.05988	0.01143	0.01590	0.08480	0.00974	0.04566	0.10240	0.53912	0.02066	0.01849	0.01356	0.00705	0.00578	0.00179	0.00571	0.00562	0.00631	0.00943
4	0.01507	0.01276	0.01680	0.01225	0.01738	0.01160	0.11490	0.21502	0.01651	0.02378	0.01154	0.01311	0.00900	0.00513	0.00510	0.00127	0.00569	0.00444	0.00403	0.48465
5	0.01010	0.00505	0.00758	0.00758	0.00758	0.00505	0.00505	0.00758	0.00758	0.01010	0.01010	0.01768	0.01010	0.02020	0.02273	0.83081	0.00505	0.00505	0.00253	0.00253
6	0.01191	0.00667	0.00878	0.00804	0.00996	0.00601	0.00610	0.01421	0.01550	0.18438	0.44660	0.15882	0.07582	0.01200	0.00673	0.00191	0.00334	0.01054	0.00637	0.00631
7	0.01814	0.01393	0.01493	0.01240	0.01630	0.01565	0.00993	0.32159	0.41887	0.06376	0.01965	0.01844	0.01437	0.00748	0.00587	0.00187	0.00536	0.00599	0.00594	0.00952
8	0.00741	0.00530	0.00709	0.00826	0.00879	0.00498	0.00577	0.00874	0.01186	0.01591	0.10307	0.65176	0.03962	0.01740	0.00742	0.00234	0.00349	0.08044	0.00549	0.00486
9	0.01748	0.01373	0.01456	0.01210	0.01589	0.01542	0.00969	0.34769	0.37412	0.02943	0.02061	0.01962	0.04426	0.00773	0.00586	0.00185	0.00529	0.00617	0.02926	0.00923
10	0.00823	0.00594	0.00777	0.00732	0.00869	0.00549	0.00549	0.01097	0.01646	0.02332	0.75629	0.04344	0.05487	0.01189	0.00686	0.00183	0.00274	0.01052	0.00640	0.00549
11	0.01304	0.01392	0.02564	0.08991	0.02475	0.01588	0.35885	0.01628	0.01145	0.01628	0.00985	0.01439	0.00821	0.00726	0.01204	0.00221	0.34427	0.00594	0.00274	0.00708
12	0.80209	0.01146	0.00893	0.00789	0.01153	0.01326	0.00650	0.04782	0.01064	0.02654	0.00835	0.00964	0.00645	0.00547	0.00369	0.00180	0.00458	0.00324	0.00369	0.00645
13	0.00846	0.00564	0.00634	0.00634	0.00634	0.00564	0.00352	0.00846	0.00846	0.01128	0.01832	0.03805	0.02114	0.79563	0.02960	0.00564	0.00564	0.00846	0.00352	0.00352
14	0.02266	0.01006	0.01393	0.01098	0.01511	0.00916	0.04240	0.02647	0.08829	0.58314	0.06767	0.02294	0.01765	0.00778	0.00604	0.00186	0.00502	0.03279	0.00676	0.00929
15	0.01555	0.79913	0.03047	0.00995	0.01493	0.02301	0.00995	0.01741	0.01182	0.01368	0.00808	0.00933	0.00746	0.00498	0.00373	0.00124	0.00622	0.00311	0.00249	0.00746
16	0.02164	0.01606	0.01719	0.01329	0.01786	0.01782	0.01094	0.69706	0.07100	0.03590	0.01455	0.01443	0.01037	0.00704	0.00582	0.00176	0.00629	0.00532	0.00582	0.00985
17	0.01206	0.01034	0.01206	0.00861	0.01378	0.00775	0.00689	0.01464	0.01206	0.01895	0.01034	0.01206	0.00861	0.00431	0.00431	0.00086	0.00431	0.00345	0.00345	0.83118
18	0.00815	0.00594	0.00766	0.00723	0.00864	0.00545	0.00542	0.01081	0.01627	0.02286	0.71409	0.04420	0.09735	0.01206	0.00686	0.00184	0.00276	0.01062	0.00634	0.00545
19	0.02244	0.01575	0.01712	0.01312	0.01776	0.01723	0.01084	0.67990	0.02644	0.09799	0.01472	0.01445	0.01027	0.00700	0.00582	0.00175	0.00628	0.00529	0.00593	0.00989
20	0.01017	0.00508	0.00738	0.00738	0.00750	0.00508	0.00496	0.00812	0.00800	0.01116	0.01091	0.01804	0.01054	0.01897	0.02102	0.75479	0.00484	0.00508	0.07818	0.00279
21	0.14165	0.09021	0.06323	0.39105	0.05813	0.01478	0.01363	0.12664	0.01388	0.02021	0.01035	0.01348	0.00786	0.00580	0.00525	0.00180	0.00691	0.00461	0.00323	0.00730
22	0.01356	0.10177	0.46321	0.01792	0.12014	0.08411	0.01790	0.01973	0.07437	0.01814	0.01125	0.01289	0.00850	0.00567	0.00539	0.00175	0.00798	0.00444	0.00285	0.00845
23	0.01877	0.09744	0.06408	0.01581	0.09037	0.32850	0.01208	0.12826	0.01621	0.05339	0.01086	0.01248	0.00865	0.00640	0.00650	0.00166	0.07940	0.00437	0.03708	0.00770
24	0.01166	0.03008	0.76550	0.01657	0.02517	0.01351	0.02149	0.01842	0.01228	0.01842	0.01044	0.01228	0.00737	0.00552	0.00552	0.00184	0.00859	0.00430	0.00246	0.00859

[dist]
# distance from previous block
# <min> <max>
0	35

# created by:
# /software/SequenceAnalysis/GenePrediction/augustus/3.0.1/scripts/msa2prfl.pl ./fixed/BUSCOvEOG7JT1KM.fas
