[name]
unknown

[dist]
# distance from previous block
# <min> <max>
99	657

[block]
# block no. 0 follows, 38 sequences, length 21
# corresponding to MSA columns:
# 672-692
name=unknown_A
#
# <colnr> <probs for GDERKNQSTAVLIFYWHMCP>
#	G	D	E	R	K	N	Q	S	T	A	V	L	I	F	Y	W	H	M	C	P
0	0.01048	0.00918	0.06164	0.01053	0.01268	0.00798	0.00922	0.08251	0.01536	0.02053	0.14360	0.15129	0.08030	0.01447	0.00755	0.00239	0.00502	0.34360	0.00556	0.00614
1	0.01184	0.00878	0.01226	0.01022	0.01276	0.00848	0.07759	0.10999	0.01807	0.06127	0.49668	0.03762	0.08807	0.01085	0.00690	0.00190	0.00419	0.00965	0.00616	0.00672
2	0.01685	0.01584	0.13154	0.01288	0.01708	0.01407	0.01167	0.40345	0.02087	0.02822	0.01840	0.12501	0.01696	0.06055	0.00803	0.00227	0.00640	0.07630	0.00521	0.00841
3	0.01749	0.02098	0.12830	0.02162	0.02745	0.13416	0.41063	0.11677	0.01702	0.02206	0.01296	0.01619	0.00994	0.00641	0.00697	0.00211	0.00991	0.00633	0.00378	0.00889
4	0.00755	0.00555	0.00713	0.00827	0.00900	0.00513	0.00583	0.00887	0.01219	0.01592	0.05064	0.58601	0.15134	0.01794	0.00764	0.00240	0.00361	0.08439	0.00560	0.00500
5	0.01398	0.02632	0.54035	0.01593	0.02340	0.01476	0.01877	0.11719	0.12949	0.02256	0.01345	0.01447	0.00967	0.00630	0.00582	0.00191	0.00793	0.00495	0.00357	0.00917
6	0.01790	0.06634	0.06493	0.01305	0.01727	0.01128	0.12280	0.06368	0.05472	0.28695	0.09188	0.12386	0.02040	0.00884	0.00637	0.00194	0.00587	0.00788	0.00561	0.00843
7	0.01477	0.01492	0.02841	0.19459	0.08201	0.01519	0.42116	0.11440	0.01557	0.02093	0.01208	0.01585	0.00905	0.00560	0.00663	0.00198	0.00898	0.00635	0.00336	0.00817
8	0.00878	0.00734	0.00992	0.03610	0.12659	0.00686	0.00758	0.01083	0.01374	0.01797	0.16918	0.21692	0.31832	0.01370	0.00702	0.00206	0.00392	0.01201	0.00527	0.00589
9	0.02078	0.01279	0.01493	0.01190	0.01578	0.01353	0.00965	0.38920	0.02123	0.21847	0.01740	0.01905	0.01294	0.06333	0.12721	0.00332	0.00768	0.00596	0.00580	0.00904
10	0.01347	0.02058	0.30521	0.07492	0.19711	0.01435	0.12751	0.02073	0.12780	0.01993	0.01328	0.01553	0.01002	0.00594	0.00607	0.00192	0.00796	0.00550	0.00329	0.00887
11	0.01021	0.00737	0.00912	0.00934	0.01063	0.00739	0.00687	0.12311	0.01505	0.02025	0.12614	0.47107	0.03639	0.03856	0.00807	0.00240	0.00417	0.08227	0.00573	0.00586
12	0.01229	0.00912	0.01051	0.00935	0.01184	0.00928	0.00737	0.15676	0.09423	0.04154	0.33482	0.03991	0.16710	0.01158	0.00684	0.00198	0.00407	0.05823	0.00620	0.00697
13	0.06193	0.07576	0.38457	0.01743	0.06200	0.01376	0.15188	0.01787	0.01344	0.01995	0.11027	0.01745	0.01458	0.00642	0.00593	0.00187	0.00779	0.00571	0.00328	0.00812
14	0.01401	0.01784	0.13041	0.02363	0.06498	0.01498	0.53320	0.02035	0.07986	0.01979	0.01306	0.01625	0.00978	0.00545	0.00677	0.00200	0.00934	0.00663	0.00325	0.00842
15	0.00978	0.00707	0.00873	0.00924	0.01029	0.00706	0.00651	0.12229	0.01416	0.01891	0.03021	0.66324	0.03513	0.01701	0.00742	0.00234	0.00398	0.01526	0.00565	0.00573
16	0.38215	0.01604	0.18274	0.01167	0.01647	0.01299	0.05678	0.08715	0.01390	0.02530	0.12635	0.01686	0.01522	0.00680	0.00515	0.00188	0.00588	0.00519	0.00409	0.00739
17	0.01851	0.03226	0.01882	0.12056	0.14020	0.19511	0.02301	0.22689	0.10385	0.02359	0.01308	0.01472	0.01006	0.00664	0.00619	0.00181	0.02672	0.00517	0.00420	0.00861
18	0.01181	0.02139	0.38070	0.01773	0.02423	0.01259	0.24113	0.01711	0.01333	0.01875	0.04108	0.07293	0.08465	0.00757	0.00647	0.00199	0.00814	0.00717	0.00334	0.00789
19	0.02146	0.01383	0.01703	0.01614	0.12832	0.01447	0.01140	0.29350	0.14913	0.24279	0.01847	0.01770	0.01293	0.00717	0.00604	0.00186	0.00593	0.00584	0.00599	0.01000
20	0.20597	0.01823	0.28260	0.01372	0.04592	0.01202	0.03025	0.02137	0.01359	0.23629	0.01520	0.01742	0.01105	0.00675	0.00553	0.00193	0.00659	0.04258	0.00444	0.00856

[dist]
# distance from previous block
# <min> <max>
4	12

[block]
# block no. 1 follows, 38 sequences, length 43
# corresponding to MSA columns:
# 705-747
name=unknown_B
#
# <colnr> <probs for GDERKNQSTAVLIFYWHMCP>
#	G	D	E	R	K	N	Q	S	T	A	V	L	I	F	Y	W	H	M	C	P
0	0.02287	0.01018	0.01321	0.01063	0.01458	0.00939	0.00857	0.09509	0.04314	0.53332	0.05811	0.11513	0.01959	0.00908	0.00630	0.00194	0.00495	0.00760	0.00699	0.00934
1	0.01207	0.03112	0.75741	0.01715	0.02604	0.01397	0.02223	0.01905	0.01270	0.01905	0.01080	0.01270	0.00762	0.00572	0.00572	0.00191	0.00889	0.00445	0.00254	0.00889
2	0.01763	0.08762	0.02356	0.02038	0.14020	0.28291	0.18892	0.05813	0.04610	0.01831	0.01311	0.01523	0.03726	0.00624	0.00611	0.00175	0.01981	0.00541	0.00339	0.00794
3	0.01434	0.01418	0.03369	0.02636	0.32966	0.01417	0.21583	0.04475	0.10346	0.02040	0.01463	0.01967	0.01221	0.00812	0.03758	0.00229	0.02758	0.04879	0.00364	0.00866
4	0.01058	0.00869	0.01330	0.01371	0.08549	0.00853	0.09635	0.08365	0.01358	0.01830	0.02563	0.48915	0.02891	0.06365	0.00873	0.00248	0.00513	0.01300	0.00494	0.00620
5	0.10060	0.05558	0.44290	0.01891	0.06974	0.01461	0.17644	0.01887	0.01281	0.01979	0.01077	0.01318	0.00796	0.00551	0.00575	0.00190	0.00851	0.00491	0.00281	0.00846
6	0.01571	0.17339	0.08977	0.01164	0.01570	0.03356	0.01034	0.03678	0.28672	0.11649	0.02886	0.11262	0.02603	0.00859	0.00580	0.00188	0.00555	0.00702	0.00507	0.00847
7	0.00740	0.00526	0.00696	0.00829	0.00862	0.00493	0.00549	0.00839	0.01139	0.01518	0.03249	0.74955	0.03894	0.05510	0.00876	0.00260	0.00360	0.01671	0.00549	0.00483
8	0.04595	0.01588	0.11729	0.13043	0.02863	0.01382	0.41281	0.01737	0.01310	0.01843	0.01355	0.09107	0.01165	0.00686	0.00714	0.00207	0.03591	0.00728	0.00319	0.00756
9	0.38509	0.18971	0.01609	0.01001	0.01417	0.10749	0.00852	0.03602	0.01317	0.15431	0.01139	0.01191	0.00853	0.00593	0.00443	0.00169	0.00594	0.00387	0.00411	0.00760
10	0.01423	0.01655	0.05521	0.26381	0.03286	0.10676	0.38555	0.01860	0.01380	0.01745	0.01129	0.01537	0.00855	0.00554	0.00649	0.00196	0.00950	0.00604	0.00291	0.00754
11	0.00766	0.00584	0.00817	0.00884	0.00965	0.00539	0.03652	0.00903	0.01214	0.01607	0.07259	0.64122	0.10917	0.01756	0.00757	0.00236	0.00370	0.01591	0.00553	0.00509
12	0.01525	0.01370	0.02002	0.01763	0.08403	0.01461	0.18917	0.05165	0.42157	0.04727	0.02015	0.02149	0.01547	0.00739	0.00642	0.00203	0.00641	0.03154	0.00510	0.00908
13	0.01347	0.10665	0.01861	0.04058	0.01629	0.01624	0.04202	0.08493	0.01284	0.01819	0.10127	0.04871	0.01575	0.01106	0.04243	0.00251	0.39159	0.00633	0.00361	0.00692
14	0.01095	0.00695	0.00942	0.00963	0.01057	0.00714	0.00700	0.01222	0.01208	0.12451	0.02866	0.57688	0.03219	0.01614	0.00892	0.00238	0.09897	0.01401	0.00550	0.00589
15	0.01264	0.02745	0.58990	0.02046	0.11582	0.01414	0.09749	0.01900	0.01298	0.01915	0.01101	0.01335	0.00802	0.00560	0.00589	0.00190	0.00881	0.00484	0.00265	0.00889
16	0.39246	0.09012	0.10678	0.01024	0.01464	0.01287	0.00971	0.01947	0.01252	0.16288	0.01451	0.01932	0.01183	0.00727	0.00500	0.00192	0.00556	0.09096	0.00440	0.00753
17	0.01257	0.10905	0.54508	0.01517	0.02230	0.04601	0.01826	0.01798	0.01275	0.02829	0.01341	0.10738	0.01170	0.00732	0.00575	0.00189	0.00799	0.00587	0.00301	0.00821
18	0.00733	0.00524	0.00698	0.00838	0.00873	0.00489	0.00558	0.00838	0.01152	0.01536	0.03316	0.78466	0.03979	0.01885	0.00768	0.00244	0.00349	0.01710	0.00558	0.00489
19	0.00839	0.00599	0.00767	0.00765	0.00894	0.00547	0.00558	0.01064	0.01534	0.03366	0.48603	0.22254	0.13142	0.01412	0.00722	0.00204	0.00306	0.01249	0.00627	0.00550
20	0.12271	0.01666	0.01638	0.01294	0.01743	0.09041	0.01057	0.49846	0.02377	0.11112	0.01419	0.01416	0.01003	0.00694	0.00568	0.00179	0.00663	0.00507	0.00560	0.00945
21	0.41519	0.01090	0.01075	0.02574	0.01321	0.01174	0.00752	0.10587	0.01463	0.15023	0.09452	0.05156	0.05019	0.00785	0.00514	0.00189	0.00473	0.00590	0.00509	0.00738
22	0.17935	0.55843	0.02564	0.08504	0.01724	0.02070	0.01017	0.01769	0.01181	0.01685	0.00860	0.01030	0.00751	0.00532	0.00404	0.00147	0.00623	0.00343	0.00281	0.00738
23	0.01133	0.00745	0.00937	0.00859	0.01057	0.00721	0.00660	0.01575	0.10559	0.10180	0.51687	0.04065	0.05535	0.03382	0.00760	0.00206	0.00354	0.04278	0.00650	0.00656
24	0.00865	0.00640	0.00822	0.00877	0.00941	0.00668	0.00637	0.01006	0.01174	0.01629	0.05565	0.43138	0.09132	0.07078	0.01024	0.00257	0.08660	0.06815	0.08556	0.00515
25	0.01309	0.10814	0.02258	0.48658	0.10616	0.01503	0.10652	0.01668	0.01282	0.01665	0.01177	0.03546	0.00960	0.00641	0.00615	0.00201	0.00805	0.00578	0.00300	0.00751
26	0.01687	0.69826	0.02974	0.01093	0.01583	0.11493	0.01046	0.01875	0.01282	0.01422	0.00848	0.00980	0.00772	0.00528	0.00405	0.00132	0.00698	0.00330	0.00264	0.00763
27	0.13837	0.03991	0.01635	0.01574	0.10663	0.31857	0.01105	0.07856	0.04157	0.09869	0.01405	0.01498	0.04090	0.00679	0.00589	0.00175	0.03347	0.00483	0.00406	0.00785
28	0.00901	0.00648	0.00828	0.00915	0.01002	0.00637	0.00653	0.07590	0.01330	0.01771	0.03129	0.64252	0.03653	0.01755	0.00759	0.00242	0.00398	0.08431	0.00562	0.00545
29	0.01909	0.02068	0.01859	0.10065	0.17116	0.35885	0.01338	0.13552	0.02903	0.01964	0.01111	0.01369	0.00903	0.02321	0.00667	0.00182	0.03161	0.00478	0.00355	0.00795
30	0.01072	0.00961	0.01127	0.01031	0.01140	0.08849	0.07694	0.01207	0.02683	0.01405	0.02037	0.21364	0.02281	0.39204	0.01906	0.00396	0.03751	0.00991	0.00401	0.00499
31	0.01286	0.13424	0.48417	0.10879	0.02532	0.01539	0.01850	0.01983	0.09047	0.01856	0.01191	0.01372	0.00883	0.00593	0.00553	0.00184	0.00799	0.00463	0.00294	0.00852
32	0.01399	0.01557	0.11303	0.03172	0.58274	0.01346	0.01799	0.01789	0.01359	0.01940	0.01345	0.02029	0.01198	0.00661	0.00618	0.00191	0.00719	0.08078	0.00320	0.00902
33	0.01428	0.01599	0.03413	0.02678	0.11998	0.01510	0.64176	0.01917	0.01414	0.01932	0.01207	0.01606	0.00918	0.00511	0.00696	0.00200	0.00977	0.00689	0.00303	0.00829
34	0.01464	0.01436	0.02487	0.03352	0.60144	0.01483	0.08789	0.01811	0.01327	0.01906	0.01103	0.01484	0.00931	0.00589	0.00754	0.00190	0.08996	0.00552	0.00295	0.00907
35	0.00961	0.00718	0.01026	0.00996	0.01130	0.00831	0.00780	0.06192	0.01099	0.01567	0.01599	0.02298	0.01470	0.04242	0.71083	0.00911	0.01544	0.00637	0.00342	0.00572
36	0.00944	0.00851	0.08809	0.00972	0.01138	0.00632	0.00796	0.01137	0.01225	0.06856	0.02998	0.58482	0.03412	0.01643	0.00741	0.00237	0.00436	0.07576	0.00539	0.00575
37	0.01410	0.01560	0.10206	0.13557	0.57641	0.01413	0.01863	0.01810	0.01336	0.01900	0.01117	0.01481	0.00912	0.00549	0.00594	0.00183	0.00745	0.00526	0.00289	0.00907
38	0.00865	0.00579	0.00659	0.00669	0.00671	0.00576	0.00378	0.00872	0.00895	0.01193	0.01996	0.09233	0.02314	0.73388	0.02899	0.00559	0.00567	0.00934	0.00378	0.00373
39	0.00785	0.00580	0.00800	0.06279	0.01122	0.00566	0.00654	0.00940	0.01233	0.01655	0.12009	0.61097	0.03944	0.01704	0.00751	0.00236	0.00381	0.04199	0.00550	0.00514
40	0.08285	0.50242	0.16401	0.01422	0.09589	0.02010	0.01308	0.01823	0.01231	0.01672	0.00913	0.01079	0.00780	0.00531	0.00442	0.00150	0.00682	0.00368	0.00271	0.00803
41	0.01400	0.01520	0.04214	0.02218	0.02734	0.01447	0.55856	0.06847	0.01467	0.01997	0.01437	0.09822	0.01241	0.00694	0.00760	0.00208	0.04206	0.00793	0.00350	0.00787
42	0.00761	0.00526	0.00688	0.00818	0.00860	0.00494	0.00549	0.00878	0.01160	0.01586	0.03219	0.73049	0.03806	0.01801	0.00743	0.00237	0.00344	0.01628	0.06360	0.00494

[dist]
# distance from previous block
# <min> <max>
0	2

[block]
# block no. 2 follows, 38 sequences, length 72
# corresponding to MSA columns:
# 750-821
name=unknown_C
#
# <colnr> <probs for GDERKNQSTAVLIFYWHMCP>
#	G	D	E	R	K	N	Q	S	T	A	V	L	I	F	Y	W	H	M	C	P
0	0.01996	0.01835	0.11745	0.01404	0.01897	0.05274	0.01263	0.51702	0.04563	0.03208	0.01553	0.03075	0.01220	0.00785	0.00614	0.00189	0.00695	0.05500	0.00537	0.00945
1	0.01251	0.08345	0.65056	0.01730	0.02571	0.01476	0.07607	0.01900	0.01278	0.01872	0.01073	0.01276	0.00774	0.00563	0.00569	0.00187	0.00881	0.00456	0.00258	0.00875
2	0.01409	0.01586	0.12177	0.03002	0.52952	0.01371	0.01749	0.01921	0.07566	0.01991	0.01405	0.01956	0.01207	0.00657	0.00613	0.00190	0.00705	0.06292	0.00340	0.00912
3	0.00950	0.00679	0.00947	0.01086	0.01216	0.00676	0.00936	0.01213	0.01366	0.01779	0.03196	0.12637	0.03504	0.01680	0.00826	0.00274	0.00537	0.65396	0.00554	0.00549
4	0.01494	0.01740	0.12348	0.03302	0.61091	0.05700	0.01858	0.01886	0.01375	0.01929	0.01113	0.01436	0.00917	0.00546	0.00589	0.00179	0.00759	0.00515	0.00293	0.00930
5	0.00756	0.00554	0.00710	0.00792	0.00871	0.00508	0.00548	0.00906	0.01299	0.01737	0.19198	0.53294	0.13217	0.01697	0.00748	0.00227	0.00329	0.01520	0.00581	0.00508
6	0.06009	0.75006	0.03030	0.01016	0.01523	0.02325	0.01009	0.01800	0.01212	0.01485	0.00836	0.00966	0.00765	0.00517	0.00385	0.00132	0.00634	0.00322	0.00264	0.00765
7	0.07222	0.07933	0.04297	0.06292	0.06805	0.04041	0.41775	0.05285	0.01400	0.01961	0.01115	0.01460	0.00868	0.00572	0.00724	0.00196	0.06351	0.00595	0.00313	0.00794
8	0.00916	0.00664	0.00895	0.00969	0.01114	0.00643	0.00815	0.01186	0.01477	0.01966	0.24296	0.06045	0.09263	0.01526	0.00787	0.00246	0.00457	0.45594	0.00586	0.00555
9	0.02560	0.06533	0.01518	0.01075	0.01538	0.01021	0.00898	0.02866	0.05435	0.66529	0.02269	0.01982	0.01457	0.00732	0.00590	0.00183	0.00519	0.00589	0.00703	0.01002
10	0.02321	0.01085	0.01637	0.01261	0.01709	0.00976	0.10642	0.02663	0.05606	0.56330	0.02287	0.07371	0.01605	0.00796	0.00631	0.00193	0.00567	0.00701	0.00664	0.00953
11	0.01341	0.21027	0.56642	0.01536	0.02325	0.01616	0.01906	0.01908	0.01271	0.03730	0.01056	0.01219	0.00784	0.00563	0.00529	0.00176	0.00821	0.00420	0.00268	0.00865
12	0.00748	0.00541	0.00707	0.00814	0.00873	0.00500	0.00554	0.00879	0.01239	0.01660	0.13161	0.64298	0.08249	0.01775	0.00757	0.00234	0.00338	0.01601	0.00573	0.00500
13	0.71947	0.01085	0.00853	0.00773	0.01095	0.01246	0.00613	0.01647	0.01004	0.02491	0.00981	0.01379	0.00860	0.11185	0.00737	0.00240	0.00481	0.00400	0.00371	0.00613
14	0.00877	0.00609	0.00681	0.00670	0.00716	0.00595	0.00405	0.02200	0.01036	0.01364	0.07580	0.04182	0.12275	0.61491	0.02533	0.00497	0.00526	0.00937	0.00416	0.00410
15	0.01576	0.67364	0.04469	0.01246	0.01780	0.02247	0.10807	0.01820	0.01250	0.01493	0.00892	0.01060	0.00791	0.00515	0.00433	0.00140	0.00698	0.00377	0.00264	0.00779
16	0.01029	0.00770	0.01021	0.01074	0.01276	0.00742	0.00922	0.01374	0.04884	0.01875	0.05004	0.05746	0.03101	0.01443	0.00764	0.00245	0.00527	0.55969	0.00533	0.11700
17	0.01237	0.01189	0.01849	0.61459	0.13562	0.04939	0.01633	0.01617	0.01251	0.01613	0.01098	0.01582	0.00843	0.00596	0.00592	0.00194	0.00788	0.00529	0.02724	0.00705
18	0.00739	0.00528	0.00703	0.00834	0.00874	0.00492	0.00559	0.00852	0.01178	0.01578	0.06754	0.74907	0.04060	0.01853	0.00765	0.00242	0.00346	0.01680	0.00563	0.00492
19	0.01635	0.47677	0.14111	0.06577	0.01951	0.05647	0.01282	0.11505	0.01470	0.01825	0.00978	0.01128	0.00807	0.00563	0.00467	0.00152	0.00717	0.00389	0.00307	0.00813
20	0.01303	0.00706	0.00925	0.00832	0.01027	0.00644	0.00624	0.01523	0.01551	0.20165	0.40856	0.09053	0.04016	0.11699	0.01009	0.00247	0.00390	0.02151	0.00633	0.00647
21	0.01045	0.00927	0.00879	0.00826	0.01010	0.10856	0.00616	0.01261	0.01576	0.03732	0.40444	0.04324	0.24661	0.04275	0.00777	0.00204	0.00416	0.01025	0.00575	0.00571
22	0.00884	0.00724	0.01135	0.01344	0.11107	0.00689	0.05819	0.01051	0.01200	0.01621	0.02872	0.62618	0.03353	0.01605	0.00740	0.00232	0.00445	0.01481	0.00505	0.00574
23	0.06758	0.01032	0.01311	0.01051	0.01439	0.00980	0.00846	0.07529	0.07535	0.50420	0.02050	0.01933	0.01378	0.00921	0.00830	0.11359	0.00518	0.00580	0.00638	0.00894
24	0.01136	0.01069	0.01804	0.77412	0.04143	0.01337	0.01671	0.01537	0.01203	0.01537	0.01069	0.01604	0.00802	0.00601	0.00601	0.00200	0.00802	0.00535	0.00267	0.00668
25	0.01761	0.01049	0.01325	0.11419	0.01784	0.01091	0.00952	0.02504	0.25648	0.28634	0.10079	0.02558	0.06822	0.00852	0.00625	0.00195	0.00502	0.00715	0.00615	0.00870
26	0.01285	0.06918	0.55772	0.01677	0.02449	0.01475	0.07756	0.02076	0.11153	0.01963	0.01263	0.01414	0.00921	0.00596	0.00578	0.00190	0.00830	0.00491	0.00307	0.00885
27	0.01420	0.01623	0.03550	0.02535	0.03144	0.01521	0.72921	0.01927	0.01420	0.01927	0.01217	0.01623	0.00913	0.00507	0.00710	0.00203	0.01014	0.00710	0.00304	0.00811
28	0.00733	0.00524	0.00698	0.00838	0.00873	0.00489	0.00558	0.00838	0.01152	0.01536	0.03316	0.78466	0.03979	0.01885	0.00768	0.00244	0.00349	0.01710	0.00558	0.00489
29	0.00964	0.00702	0.00880	0.00803	0.00975	0.00672	0.00611	0.07001	0.01784	0.02500	0.66624	0.04286	0.07489	0.01198	0.00701	0.00189	0.00315	0.01049	0.00654	0.00603
30	0.01287	0.01207	0.01914	0.43872	0.22313	0.01408	0.01601	0.01839	0.11115	0.01778	0.01259	0.01646	0.00981	0.00636	0.00671	0.00198	0.04617	0.00554	0.00322	0.00781
31	0.00848	0.00674	0.00986	0.00993	0.01060	0.00685	0.05679	0.00969	0.01114	0.01506	0.02769	0.56653	0.03260	0.12167	0.01174	0.00289	0.06746	0.01430	0.00490	0.00508
32	0.01348	0.03079	0.65693	0.01692	0.02503	0.11582	0.02079	0.01973	0.01329	0.01846	0.01059	0.01245	0.00764	0.00578	0.00568	0.00186	0.00916	0.00437	0.00262	0.00863
33	0.25647	0.01512	0.01514	0.01204	0.01646	0.01696	0.00990	0.48610	0.06211	0.03405	0.01324	0.01353	0.00960	0.00680	0.00536	0.00183	0.00595	0.00487	0.00536	0.00912
34	0.01910	0.10248	0.01933	0.01758	0.12921	0.35222	0.01226	0.09013	0.12656	0.01918	0.01223	0.01355	0.00987	0.00656	0.00619	0.00171	0.04529	0.00469	0.00374	0.00812
35	0.02278	0.00987	0.01298	0.01037	0.01437	0.00898	0.00841	0.02673	0.09332	0.56189	0.13916	0.02458	0.02193	0.00829	0.00622	0.00189	0.00472	0.00690	0.00718	0.00944
36	0.00815	0.00607	0.00762	0.00763	0.00902	0.00553	0.00572	0.01047	0.01537	0.02088	0.45906	0.15172	0.19328	0.01411	0.00726	0.00206	0.00316	0.06128	0.00619	0.00544
37	0.00948	0.00748	0.00810	0.00760	0.00974	0.00699	0.00577	0.10706	0.01597	0.02029	0.15548	0.12253	0.47334	0.01406	0.00702	0.00202	0.00354	0.01187	0.00580	0.00585
38	0.01226	0.02837	0.64229	0.01713	0.02476	0.01460	0.03551	0.01843	0.01226	0.01843	0.01043	0.01284	0.00769	0.00636	0.00765	0.00201	0.11324	0.00461	0.00256	0.00856
39	0.01989	0.02297	0.01537	0.01382	0.01667	0.52160	0.01031	0.08447	0.08903	0.01737	0.01257	0.01619	0.01094	0.11267	0.00897	0.00220	0.00919	0.00496	0.00373	0.00706
40	0.01403	0.01323	0.02242	0.03323	0.65058	0.01337	0.01698	0.01741	0.01315	0.01888	0.01197	0.01608	0.01028	0.01076	0.10894	0.00286	0.00836	0.00551	0.00301	0.00896
41	0.01372	0.01162	0.01266	0.01155	0.01455	0.01330	0.00902	0.04380	0.56693	0.02328	0.02535	0.02543	0.05970	0.01374	0.10918	0.00309	0.00626	0.02250	0.00568	0.00863
42	0.00968	0.11396	0.01336	0.05135	0.01354	0.00928	0.06596	0.01213	0.02555	0.01713	0.10667	0.12943	0.31722	0.01268	0.00677	0.00203	0.00466	0.07774	0.00491	0.00593
43	0.02543	0.01059	0.01391	0.01090	0.01539	0.00964	0.00893	0.02966	0.11101	0.66051	0.02383	0.02073	0.01534	0.00754	0.00606	0.00188	0.00507	0.00615	0.00727	0.01014
44	0.01173	0.01122	0.01737	0.05805	0.01724	0.01438	0.08374	0.01384	0.01002	0.01485	0.01107	0.01693	0.01027	0.02060	0.25196	0.00475	0.41694	0.00583	0.00286	0.00636
45	0.06696	0.02364	0.01695	0.01451	0.01824	0.46491	0.01128	0.26857	0.02057	0.02343	0.01103	0.01203	0.00854	0.00652	0.00554	0.00166	0.00904	0.00437	0.00414	0.00808
46	0.00749	0.00536	0.00712	0.00827	0.00876	0.00499	0.00560	0.00878	0.01227	0.01655	0.13016	0.68426	0.04209	0.01796	0.00760	0.00237	0.00340	0.01626	0.00573	0.00499
47	0.01580	0.01515	0.03173	0.05939	0.02974	0.01426	0.59716	0.02045	0.01450	0.11897	0.01367	0.01679	0.00986	0.00544	0.00690	0.00200	0.00936	0.00687	0.00362	0.00833
48	0.01287	0.01313	0.01791	0.67116	0.03833	0.11530	0.01602	0.01654	0.01271	0.01528	0.01050	0.01533	0.00798	0.00604	0.00593	0.00194	0.00840	0.00515	0.00273	0.00672
49	0.01480	0.01456	0.02592	0.03535	0.65339	0.01442	0.11493	0.01857	0.01377	0.01960	0.01143	0.01507	0.00947	0.00532	0.00611	0.00182	0.00755	0.00560	0.00299	0.00934
50	0.00732	0.00526	0.00695	0.00830	0.00871	0.00489	0.00555	0.00838	0.01159	0.01539	0.03406	0.76099	0.06287	0.01873	0.00766	0.00243	0.00348	0.01696	0.00558	0.00489
51	0.01467	0.01407	0.02402	0.08317	0.70654	0.01424	0.01835	0.01827	0.01359	0.01938	0.01128	0.01496	0.00943	0.00540	0.00596	0.00180	0.00720	0.00536	0.00296	0.00935
52	0.01517	0.01406	0.07552	0.01315	0.01719	0.01391	0.06084	0.02860	0.53552	0.07813	0.04687	0.02263	0.03504	0.00799	0.00621	0.00201	0.00540	0.00685	0.00571	0.00919
53	0.01420	0.01623	0.03550	0.02535	0.03144	0.01521	0.72921	0.01927	0.01420	0.01927	0.01217	0.01623	0.00913	0.00507	0.00710	0.00203	0.01014	0.00710	0.00304	0.00811
54	0.01475	0.01416	0.02417	0.06517	0.72387	0.01426	0.01840	0.01834	0.01363	0.01949	0.01129	0.01493	0.00947	0.00539	0.00596	0.00180	0.00718	0.00536	0.00297	0.00942
55	0.01302	0.04292	0.68470	0.01676	0.02525	0.01452	0.02114	0.07715	0.01396	0.02051	0.01105	0.01279	0.00784	0.00583	0.00571	0.00189	0.00866	0.00450	0.00282	0.00898
56	0.01213	0.01158	0.01971	0.60237	0.11264	0.01368	0.06767	0.01688	0.05230	0.01663	0.01162	0.01628	0.00882	0.00600	0.00609	0.00199	0.00790	0.00555	0.00292	0.00724
57	0.00867	0.00626	0.00781	0.00859	0.00938	0.00607	0.00590	0.06740	0.01285	0.01704	0.03234	0.63945	0.07523	0.06157	0.00882	0.00256	0.00385	0.01543	0.00551	0.00526
58	0.01252	0.11624	0.67623	0.01638	0.02485	0.01507	0.02089	0.01894	0.01265	0.01850	0.01052	0.01236	0.00763	0.00565	0.00551	0.00184	0.00862	0.00431	0.00254	0.00876
59	0.02285	0.01752	0.01800	0.01394	0.01865	0.06116	0.01144	0.69071	0.02764	0.03659	0.01415	0.01424	0.01009	0.00716	0.00598	0.00179	0.00686	0.00533	0.00585	0.01004
60	0.01412	0.01351	0.02303	0.19747	0.59652	0.01409	0.01808	0.01779	0.01333	0.01872	0.01118	0.01514	0.00920	0.00550	0.00597	0.00183	0.00734	0.00536	0.00291	0.00891
61	0.01239	0.09324	0.69816	0.01659	0.02517	0.01477	0.02125	0.01897	0.01266	0.01865	0.01060	0.01245	0.00763	0.00567	0.00556	0.00185	0.00869	0.00435	0.00254	0.00880
62	0.00739	0.00528	0.00704	0.00833	0.00874	0.00493	0.00559	0.00854	0.01182	0.01583	0.07175	0.74472	0.04070	0.01849	0.00765	0.00241	0.00345	0.01677	0.00564	0.00493
63	0.01285	0.01279	0.01868	0.01584	0.01627	0.01735	0.05351	0.01445	0.00953	0.01471	0.00881	0.01419	0.00855	0.01304	0.07983	0.00317	0.67168	0.00547	0.00270	0.00657
64	0.00960	0.00702	0.00943	0.01060	0.01193	0.00709	0.00885	0.01305	0.06450	0.01810	0.04211	0.19928	0.03478	0.01638	0.00802	0.00264	0.00506	0.52026	0.00560	0.00570
65	0.02032	0.02364	0.14299	0.01732	0.09662	0.33946	0.01390	0.18049	0.01848	0.07318	0.01192	0.01306	0.00897	0.00634	0.00571	0.00171	0.00878	0.00462	0.00395	0.00852
66	0.00736	0.00525	0.00697	0.00834	0.00869	0.00490	0.00555	0.00838	0.01147	0.01529	0.03290	0.77117	0.03946	0.03278	0.00809	0.00250	0.00353	0.01695	0.00555	0.00486
67	0.00733	0.00524	0.00698	0.00838	0.00873	0.00489	0.00558	0.00838	0.01152	0.01536	0.03316	0.78466	0.03979	0.01885	0.00768	0.00244	0.00349	0.01710	0.00558	0.00489
68	0.01132	0.01043	0.01755	0.73711	0.03981	0.01297	0.01615	0.01501	0.01183	0.01513	0.01068	0.01615	0.00814	0.00673	0.00686	0.04176	0.00788	0.00534	0.00267	0.00649
69	0.01409	0.01544	0.03217	0.08846	0.15575	0.01490	0.54908	0.01881	0.01394	0.01902	0.01190	0.01598	0.00911	0.00520	0.00681	0.00198	0.00945	0.00666	0.00300	0.00824
70	0.01489	0.01429	0.02442	0.03692	0.75106	0.01429	0.01846	0.01846	0.01370	0.01965	0.01132	0.01489	0.00953	0.00536	0.00596	0.00179	0.00715	0.00536	0.00298	0.00953
71	0.00739	0.00609	0.00650	0.00643	0.00831	0.00519	0.00481	0.00916	0.01431	0.01777	0.19498	0.07183	0.59691	0.01474	0.00712	0.00201	0.00302	0.01244	0.00579	0.00519

[dist]
# distance from previous block
# <min> <max>
0	224

# created by:
# /software/SequenceAnalysis/GenePrediction/augustus/3.0.1/scripts/msa2prfl.pl ./fixed/BUSCOvEOG7MKPVW.fas
