[name]
unknown

[dist]
# distance from previous block
# <min> <max>
0	370

[block]
# block no. 0 follows, 40 sequences, length 77
# corresponding to MSA columns:
# 403-479
name=unknown_A
#
# <colnr> <probs for GDERKNQSTAVLIFYWHMCP>
#	G	D	E	R	K	N	Q	S	T	A	V	L	I	F	Y	W	H	M	C	P
0	0.00976	0.00703	0.00905	0.00909	0.01051	0.00653	0.00705	0.01203	0.01610	0.02241	0.52330	0.08090	0.04884	0.01393	0.00768	0.00229	0.00391	0.19710	0.00644	0.00606
1	0.00838	0.00600	0.00767	0.00894	0.00939	0.00549	0.00595	0.00905	0.01190	0.01599	0.03284	0.77845	0.03903	0.01878	0.00790	0.00257	0.00382	0.01669	0.00577	0.00538
2	0.00959	0.00711	0.01001	0.00996	0.01103	0.00788	0.00754	0.01116	0.01009	0.01452	0.01687	0.02533	0.01601	0.09401	0.70856	0.00917	0.01512	0.00674	0.00356	0.00573
3	0.02311	0.01701	0.01817	0.01412	0.01881	0.01855	0.01150	0.72678	0.02779	0.03737	0.01510	0.01560	0.01101	0.00776	0.00633	0.00197	0.00678	0.00562	0.00618	0.01045
4	0.00973	0.00657	0.00727	0.00722	0.00734	0.00639	0.00411	0.00940	0.00927	0.01249	0.01938	0.03923	0.02205	0.78117	0.02965	0.00578	0.00604	0.00877	0.00393	0.00420
5	0.00847	0.00623	0.00765	0.00868	0.00948	0.00563	0.00599	0.00930	0.01240	0.01628	0.03756	0.60878	0.16677	0.01805	0.00783	0.00252	0.00384	0.05331	0.00577	0.00545
6	0.01259	0.01157	0.01886	0.68232	0.12259	0.01363	0.01669	0.01602	0.01257	0.01648	0.01162	0.01699	0.00908	0.00654	0.00632	0.00213	0.00801	0.00555	0.00304	0.00740
7	0.02308	0.01784	0.01809	0.01424	0.01880	0.07336	0.01151	0.67469	0.02700	0.03575	0.01474	0.01535	0.01084	0.00769	0.00628	0.00195	0.00708	0.00551	0.00598	0.01022
8	0.01391	0.01351	0.01852	0.01597	0.01609	0.01833	0.01313	0.01483	0.00971	0.01516	0.00890	0.01439	0.00880	0.01090	0.01934	0.00275	0.77033	0.00547	0.00297	0.00699
9	0.00867	0.00631	0.00798	0.00897	0.00970	0.00567	0.00604	0.00943	0.01195	0.01623	0.03157	0.73278	0.03728	0.01797	0.00772	0.00248	0.00387	0.01593	0.00566	0.05378
10	0.01576	0.01503	0.02380	0.03360	0.65347	0.03853	0.04495	0.01953	0.05463	0.02019	0.01281	0.01635	0.01075	0.00616	0.00630	0.00196	0.00738	0.00566	0.00347	0.00965
11	0.01555	0.01459	0.02420	0.03600	0.74580	0.01441	0.01816	0.01861	0.01397	0.02006	0.01214	0.01603	0.01035	0.00600	0.00627	0.00195	0.00728	0.00556	0.00330	0.00978
12	0.01555	0.01459	0.02420	0.03600	0.74580	0.01441	0.01816	0.01861	0.01397	0.02006	0.01214	0.01603	0.01035	0.00600	0.00627	0.00195	0.00728	0.00556	0.00330	0.00978
13	0.02044	0.01519	0.01614	0.01281	0.01702	0.01624	0.01033	0.59843	0.02532	0.03370	0.02299	0.02297	0.14208	0.00912	0.00651	0.00201	0.00618	0.00685	0.00611	0.00957
14	0.00817	0.00681	0.00683	0.00678	0.00882	0.00568	0.00499	0.00929	0.01398	0.01684	0.05918	0.05679	0.74368	0.01536	0.00736	0.00218	0.00340	0.01252	0.00577	0.00556
15	0.00950	0.00687	0.00867	0.00817	0.00964	0.00624	0.00604	0.01187	0.01712	0.02430	0.74309	0.04451	0.05512	0.01257	0.00735	0.00205	0.00320	0.01080	0.00675	0.00613
16	0.00973	0.00657	0.00727	0.00722	0.00734	0.00639	0.00411	0.00940	0.00927	0.01249	0.01938	0.03923	0.02205	0.78117	0.02965	0.00578	0.00604	0.00877	0.00393	0.00420
17	0.00973	0.00657	0.00727	0.00722	0.00734	0.00639	0.00411	0.00940	0.00927	0.01249	0.01938	0.03923	0.02205	0.78117	0.02965	0.00578	0.00604	0.00877	0.00393	0.00420
18	0.02420	0.01527	0.01708	0.01329	0.01793	0.01596	0.01081	0.53245	0.02487	0.23583	0.01755	0.01720	0.01224	0.00782	0.00633	0.00198	0.00639	0.00578	0.00656	0.01045
19	0.02114	0.01510	0.01605	0.01272	0.01683	0.01633	0.01027	0.59934	0.02514	0.03475	0.01598	0.01696	0.01189	0.00772	0.00602	0.00190	0.00614	0.00565	0.15040	0.00966
20	0.01206	0.00635	0.00637	0.00631	0.00776	0.00618	0.00464	0.01440	0.01294	0.02269	0.02001	0.02317	0.01593	0.00756	0.00461	0.00158	0.00316	0.00580	0.81239	0.00606
21	0.01555	0.01459	0.02420	0.03600	0.74580	0.01441	0.01816	0.01861	0.01397	0.02006	0.01214	0.01603	0.01035	0.00600	0.00627	0.00195	0.00728	0.00556	0.00330	0.00978
22	0.01293	0.03013	0.73112	0.01748	0.02595	0.01414	0.04196	0.01917	0.01306	0.01950	0.01168	0.01405	0.00858	0.00632	0.00608	0.00206	0.00897	0.00477	0.00290	0.00916
23	0.00823	0.00594	0.00777	0.00732	0.00869	0.00549	0.00549	0.01097	0.01646	0.02332	0.75629	0.04344	0.05487	0.01189	0.00686	0.00183	0.00274	0.01052	0.00640	0.00549
24	0.01373	0.01569	0.03431	0.02451	0.03039	0.01471	0.73824	0.01863	0.01373	0.01863	0.01176	0.01569	0.00882	0.00490	0.00686	0.00196	0.00980	0.00686	0.00294	0.00784
25	0.00831	0.00623	0.00935	0.00935	0.01038	0.00727	0.00727	0.01038	0.00935	0.01350	0.01558	0.02285	0.01454	0.04361	0.77259	0.00935	0.01558	0.00623	0.00312	0.00519
26	0.00709	0.00506	0.00675	0.00810	0.00843	0.00472	0.00540	0.00810	0.01113	0.01484	0.03205	0.79184	0.03846	0.01822	0.00742	0.00236	0.00337	0.01653	0.00540	0.00472
27	0.00837	0.00599	0.00812	0.00812	0.00873	0.00660	0.00574	0.00960	0.00898	0.01259	0.01670	0.02907	0.01724	0.35141	0.46848	0.00783	0.01151	0.00714	0.00328	0.00451
28	0.01098	0.01034	0.01744	0.78165	0.04005	0.01292	0.01615	0.01486	0.01163	0.01486	0.01034	0.01550	0.00775	0.00581	0.00581	0.00194	0.00775	0.00517	0.00258	0.00646
29	0.01066	0.00649	0.00850	0.00768	0.00951	0.00589	0.00587	0.01329	0.01636	0.12582	0.62783	0.04063	0.07603	0.01135	0.00672	0.00183	0.00306	0.00994	0.00647	0.00608
30	0.00846	0.00564	0.00634	0.00634	0.00634	0.00564	0.00352	0.00846	0.00846	0.01128	0.01832	0.03805	0.02114	0.79563	0.02960	0.00564	0.00564	0.00846	0.00352	0.00352
31	0.01084	0.00542	0.00542	0.00542	0.00678	0.00542	0.00407	0.01355	0.01220	0.02168	0.01897	0.02168	0.01491	0.00678	0.00407	0.00136	0.00271	0.00542	0.82791	0.00542
32	0.01113	0.01048	0.01770	0.75028	0.07030	0.01296	0.01622	0.01498	0.01170	0.01503	0.01036	0.01546	0.00781	0.00579	0.00581	0.00193	0.00772	0.00517	0.00260	0.00658
33	0.00709	0.00506	0.00675	0.00810	0.00843	0.00472	0.00540	0.00810	0.01113	0.01484	0.03205	0.79184	0.03846	0.01822	0.00742	0.00236	0.00337	0.01653	0.00540	0.00472
34	0.01110	0.01056	0.01815	0.74981	0.03965	0.01300	0.04652	0.01502	0.01172	0.01502	0.01040	0.01551	0.00780	0.00578	0.00586	0.00194	0.00784	0.00524	0.00260	0.00652
35	0.01206	0.01034	0.01206	0.00861	0.01378	0.00775	0.00689	0.01464	0.01206	0.01895	0.01034	0.01206	0.00861	0.00431	0.00431	0.00086	0.00431	0.00345	0.00345	0.83118
36	0.83671	0.01125	0.00855	0.00765	0.01125	0.01305	0.00630	0.01709	0.00990	0.02609	0.00810	0.00945	0.00630	0.00540	0.00360	0.00180	0.00450	0.00315	0.00360	0.00630
37	0.00772	0.00613	0.00699	0.00697	0.00863	0.00553	0.00523	0.01020	0.04427	0.01840	0.26994	0.12239	0.41210	0.01396	0.00693	0.00199	0.00308	0.03854	0.00573	0.00526
38	0.02016	0.01514	0.01641	0.01246	0.01721	0.01605	0.01025	0.59973	0.02439	0.03323	0.01326	0.01359	0.00964	0.00646	0.00553	0.00157	0.00599	0.00489	0.00536	0.16868
39	0.00709	0.00585	0.00623	0.00624	0.00802	0.00499	0.00464	0.00873	0.01361	0.01682	0.16387	0.09944	0.60534	0.01451	0.00690	0.00197	0.00294	0.01227	0.00555	0.00499
40	0.00709	0.00506	0.00675	0.00810	0.00843	0.00472	0.00540	0.00810	0.01113	0.01484	0.03205	0.79184	0.03846	0.01822	0.00742	0.00236	0.00337	0.01653	0.00540	0.00472
41	0.02536	0.00974	0.01326	0.01022	0.01459	0.00842	0.00842	0.02763	0.01664	0.73315	0.05290	0.02076	0.01605	0.00739	0.00589	0.00180	0.00486	0.00604	0.00716	0.00972
42	0.00709	0.00506	0.00675	0.00810	0.00843	0.00472	0.00540	0.00810	0.01113	0.01484	0.03205	0.79184	0.03846	0.01822	0.00742	0.00236	0.00337	0.01653	0.00540	0.00472
43	0.01272	0.01272	0.01781	0.01527	0.01527	0.01781	0.01272	0.01399	0.00891	0.01399	0.00763	0.01272	0.00763	0.01018	0.01908	0.00254	0.78499	0.00509	0.00254	0.00636
44	0.83671	0.01125	0.00855	0.00765	0.01125	0.01305	0.00630	0.01709	0.00990	0.02609	0.00810	0.00945	0.00630	0.00540	0.00360	0.00180	0.00450	0.00315	0.00360	0.00630
45	0.01224	0.01162	0.01972	0.50643	0.30544	0.01325	0.01678	0.01596	0.01222	0.01639	0.01056	0.01509	0.00829	0.00558	0.00579	0.00186	0.00744	0.00517	0.00269	0.00748
46	0.01373	0.01569	0.03431	0.02451	0.03039	0.01471	0.73824	0.01863	0.01373	0.01863	0.01176	0.01569	0.00882	0.00490	0.00686	0.00196	0.00980	0.00686	0.00294	0.00784
47	0.01373	0.01569	0.03431	0.02451	0.03039	0.01471	0.73824	0.01863	0.01373	0.01863	0.01176	0.01569	0.00882	0.00490	0.00686	0.00196	0.00980	0.00686	0.00294	0.00784
48	0.01373	0.01569	0.03431	0.02451	0.03039	0.01471	0.73824	0.01863	0.01373	0.01863	0.01176	0.01569	0.00882	0.00490	0.00686	0.00196	0.00980	0.00686	0.00294	0.00784
49	0.00967	0.00703	0.00959	0.01078	0.01223	0.00715	0.00936	0.01315	0.05646	0.01781	0.03037	0.06302	0.03255	0.01559	0.00791	0.00264	0.00531	0.67842	0.00539	0.00558
50	0.01216	0.01154	0.01957	0.52424	0.28827	0.01323	0.01674	0.01589	0.01218	0.01629	0.01054	0.01512	0.00826	0.00560	0.00579	0.00187	0.00746	0.00517	0.00269	0.00741
51	0.01098	0.01034	0.01744	0.78165	0.04005	0.01292	0.01615	0.01486	0.01163	0.01486	0.01034	0.01550	0.00775	0.00581	0.00581	0.00194	0.00775	0.00517	0.00258	0.00646
52	0.00917	0.00656	0.00909	0.01011	0.01146	0.00648	0.00869	0.01186	0.01393	0.01844	0.15806	0.06171	0.03722	0.01533	0.00783	0.00253	0.00490	0.59571	0.00554	0.00538
53	0.01166	0.03008	0.76550	0.01657	0.02517	0.01351	0.02149	0.01842	0.01228	0.01842	0.01044	0.01228	0.00737	0.00552	0.00552	0.00184	0.00859	0.00430	0.00246	0.00859
54	0.00823	0.00594	0.00777	0.00732	0.00869	0.00549	0.00549	0.01097	0.01646	0.02332	0.75629	0.04344	0.05487	0.01189	0.00686	0.00183	0.00274	0.01052	0.00640	0.00549
55	0.00831	0.00623	0.00935	0.00935	0.01038	0.00727	0.00727	0.01038	0.00935	0.01350	0.01558	0.02285	0.01454	0.04361	0.77259	0.00935	0.01558	0.00623	0.00312	0.00519
56	0.02026	0.08860	0.01779	0.01555	0.06094	0.61094	0.01137	0.02300	0.06994	0.01521	0.01011	0.01145	0.00835	0.00600	0.00520	0.00153	0.00950	0.00399	0.00316	0.00713
57	0.01314	0.24595	0.49535	0.01417	0.02121	0.04703	0.01708	0.01813	0.01232	0.01705	0.01007	0.01177	0.00772	0.00544	0.00495	0.00164	0.00775	0.00399	0.03720	0.00807
58	0.00846	0.00564	0.00634	0.00634	0.00634	0.00564	0.00352	0.00846	0.00846	0.01128	0.01832	0.03805	0.02114	0.79563	0.02960	0.00564	0.00564	0.00846	0.00352	0.00352
59	0.00799	0.00585	0.00750	0.00726	0.00859	0.00536	0.00538	0.01045	0.01565	0.02179	0.62122	0.11660	0.11914	0.01276	0.00691	0.00189	0.00282	0.01126	0.00621	0.00536
60	0.05209	0.01052	0.01725	0.71260	0.06818	0.01296	0.01573	0.01509	0.01161	0.01559	0.01025	0.01516	0.00774	0.00577	0.00570	0.00192	0.00756	0.00507	0.00265	0.00656
61	0.01439	0.01382	0.02360	0.03569	0.75936	0.01382	0.01785	0.01785	0.01324	0.01900	0.01094	0.01439	0.00921	0.00518	0.00576	0.00173	0.00691	0.00518	0.00288	0.00921
62	0.01237	0.01193	0.02032	0.44348	0.23391	0.01365	0.07299	0.01653	0.04020	0.01660	0.01096	0.01529	0.00861	0.00590	0.00666	0.00192	0.05308	0.00535	0.00282	0.00742
63	0.02480	0.01301	0.01465	0.01146	0.01584	0.08409	0.00935	0.18380	0.01897	0.53206	0.01963	0.01762	0.01274	0.00703	0.00578	0.00176	0.00580	0.00551	0.00649	0.00959
64	0.02609	0.00990	0.01350	0.01035	0.01484	0.00855	0.00855	0.02834	0.01664	0.76338	0.02294	0.01979	0.01439	0.00720	0.00585	0.00180	0.00495	0.00585	0.00720	0.00990
65	0.00817	0.00594	0.00769	0.00725	0.00865	0.00546	0.00544	0.01086	0.01632	0.02298	0.72545	0.04399	0.08591	0.01201	0.00686	0.00183	0.00275	0.01059	0.00636	0.00546
66	0.00709	0.00506	0.00675	0.00810	0.00843	0.00472	0.00540	0.00810	0.01113	0.01484	0.03205	0.79184	0.03846	0.01822	0.00742	0.00236	0.00337	0.01653	0.00540	0.00472
67	0.00838	0.00560	0.00637	0.00645	0.00647	0.00558	0.00363	0.00844	0.00861	0.01148	0.01913	0.08220	0.02216	0.75010	0.02830	0.00545	0.00551	0.00893	0.00363	0.00359
68	0.02609	0.00990	0.01350	0.01035	0.01484	0.00855	0.00855	0.02834	0.01664	0.76338	0.02294	0.01979	0.01439	0.00720	0.00585	0.00180	0.00495	0.00585	0.00720	0.00990
69	0.01446	0.01249	0.01315	0.01183	0.01512	0.01446	0.00920	0.03090	0.74885	0.02433	0.02367	0.02170	0.01775	0.00789	0.00592	0.00197	0.00460	0.00657	0.00592	0.00920
70	0.01555	0.79913	0.03047	0.00995	0.01493	0.02301	0.00995	0.01741	0.01182	0.01368	0.00808	0.00933	0.00746	0.00498	0.00373	0.00124	0.00622	0.00311	0.00249	0.00746
71	0.00689	0.00582	0.00596	0.00607	0.00790	0.00489	0.00450	0.00833	0.01308	0.01564	0.05673	0.11581	0.69856	0.01501	0.00692	0.00200	0.00298	0.01262	0.00540	0.00489
72	0.02609	0.00990	0.01350	0.01035	0.01484	0.00855	0.00855	0.02834	0.01664	0.76338	0.02294	0.01979	0.01439	0.00720	0.00585	0.00180	0.00495	0.00585	0.00720	0.00990
73	0.02609	0.00990	0.01350	0.01035	0.01484	0.00855	0.00855	0.02834	0.01664	0.76338	0.02294	0.01979	0.01439	0.00720	0.00585	0.00180	0.00495	0.00585	0.00720	0.00990
74	0.01098	0.01034	0.01744	0.78165	0.04005	0.01292	0.01615	0.01486	0.01163	0.01486	0.01034	0.01550	0.00775	0.00581	0.00581	0.00194	0.00775	0.00517	0.00258	0.00646
75	0.83671	0.01125	0.00855	0.00765	0.01125	0.01305	0.00630	0.01709	0.00990	0.02609	0.00810	0.00945	0.00630	0.00540	0.00360	0.00180	0.00450	0.00315	0.00360	0.00630
76	0.00709	0.00506	0.00675	0.00810	0.00843	0.00472	0.00540	0.00810	0.01113	0.01484	0.03205	0.79184	0.03846	0.01822	0.00742	0.00236	0.00337	0.01653	0.00540	0.00472

[dist]
# distance from previous block
# <min> <max>
0	1

[block]
# block no. 1 follows, 40 sequences, length 27
# corresponding to MSA columns:
# 481-507
name=unknown_B
#
# <colnr> <probs for GDERKNQSTAVLIFYWHMCP>
#	G	D	E	R	K	N	Q	S	T	A	V	L	I	F	Y	W	H	M	C	P
0	0.00841	0.00582	0.00729	0.00729	0.00761	0.00615	0.00470	0.00906	0.00874	0.01197	0.01746	0.03328	0.01907	0.55959	0.26281	0.00680	0.00876	0.00776	0.00340	0.00405
1	0.01206	0.01034	0.01206	0.00861	0.01378	0.00775	0.00689	0.01464	0.01206	0.01895	0.01034	0.01206	0.00861	0.00431	0.00431	0.00086	0.00431	0.00345	0.00345	0.83118
2	0.02048	0.00866	0.01170	0.00940	0.01291	0.00759	0.00759	0.02289	0.01659	0.53109	0.25313	0.02721	0.02710	0.00867	0.00617	0.00181	0.00426	0.00731	0.00695	0.00851
3	0.00780	0.00593	0.00718	0.00687	0.00843	0.00531	0.00515	0.01015	0.01545	0.02093	0.53739	0.04737	0.27525	0.01278	0.00686	0.00187	0.00281	0.01107	0.00609	0.00531
4	0.02152	0.02360	0.01683	0.01449	0.01790	0.50876	0.01123	0.24787	0.01962	0.02126	0.01050	0.01166	0.00825	0.00645	0.00591	0.00161	0.03669	0.00426	0.00387	0.00772
5	0.00909	0.00531	0.00705	0.00705	0.00766	0.00501	0.00485	0.00782	0.00936	0.01186	0.02542	0.02969	0.24454	0.01848	0.01775	0.57065	0.00439	0.00732	0.00343	0.00327
6	0.01259	0.00919	0.01081	0.00922	0.01162	0.00943	0.00723	0.23979	0.01988	0.02750	0.52328	0.03419	0.04075	0.01035	0.00653	0.00180	0.00389	0.00886	0.00622	0.00687
7	0.00743	0.00538	0.00703	0.00775	0.00849	0.00497	0.00538	0.00901	0.01291	0.01755	0.26065	0.52210	0.07762	0.01607	0.00722	0.00218	0.00316	0.01444	0.00571	0.00497
8	0.01393	0.01510	0.03095	0.02802	0.25920	0.01443	0.51212	0.01838	0.01357	0.01874	0.01151	0.01528	0.00895	0.00499	0.00652	0.00189	0.00890	0.00633	0.00292	0.00827
9	0.00789	0.00571	0.00630	0.00636	0.00701	0.00541	0.00398	0.00846	0.01010	0.01288	0.03160	0.07676	0.25271	0.49666	0.04059	0.00443	0.00495	0.00996	0.00419	0.00405
10	0.01555	0.79913	0.03047	0.00995	0.01493	0.02301	0.00995	0.01741	0.01182	0.01368	0.00808	0.00933	0.00746	0.00498	0.00373	0.00124	0.00622	0.00311	0.00249	0.00746
11	0.01198	0.00764	0.00785	0.00743	0.00939	0.00826	0.00568	0.01900	0.24342	0.02251	0.02044	0.02169	0.01580	0.00712	0.00465	0.00155	0.00330	0.00578	0.56990	0.00661
12	0.01279	0.01143	0.01568	0.01711	0.24780	0.00966	0.01033	0.01565	0.01243	0.01896	0.01053	0.01279	0.00880	0.00458	0.00476	0.00113	0.00512	0.00399	0.00327	0.57318
13	0.01166	0.03008	0.76550	0.01657	0.02517	0.01351	0.02149	0.01842	0.01228	0.01842	0.01044	0.01228	0.00737	0.00552	0.00552	0.00184	0.00859	0.00430	0.00246	0.00859
14	0.01555	0.79913	0.03047	0.00995	0.01493	0.02301	0.00995	0.01741	0.01182	0.01368	0.00808	0.00933	0.00746	0.00498	0.00373	0.00124	0.00622	0.00311	0.00249	0.00746
15	0.02484	0.01190	0.01474	0.01130	0.01585	0.01152	0.00933	0.25171	0.02000	0.53527	0.02012	0.01796	0.01298	0.00713	0.00584	0.00178	0.00540	0.00566	0.00676	0.00989
16	0.02121	0.09133	0.01763	0.01457	0.01773	0.71049	0.01113	0.02274	0.01609	0.01419	0.00891	0.01039	0.00749	0.00591	0.00512	0.00148	0.01013	0.00369	0.00295	0.00680
17	0.01446	0.01249	0.01315	0.01183	0.01512	0.01446	0.00920	0.03090	0.74885	0.02433	0.02367	0.02170	0.01775	0.00789	0.00592	0.00197	0.00460	0.00657	0.00592	0.00920
18	0.00835	0.00604	0.00840	0.00840	0.00912	0.00676	0.00609	0.00978	0.00907	0.01280	0.01644	0.02762	0.01661	0.27966	0.53938	0.00818	0.01246	0.00693	0.00324	0.00467
19	0.00838	0.01348	0.24432	0.00924	0.01329	0.00761	0.00978	0.01151	0.01295	0.01656	0.04369	0.04225	0.52170	0.01184	0.00645	0.00193	0.00472	0.00977	0.00448	0.00607
20	0.01239	0.01817	0.25250	0.01568	0.01838	0.01646	0.01547	0.01538	0.00996	0.01538	0.00851	0.01258	0.00755	0.00872	0.01483	0.00232	0.54129	0.00484	0.00252	0.00706
21	0.01098	0.01034	0.01744	0.78165	0.04005	0.01292	0.01615	0.01486	0.01163	0.01486	0.01034	0.01550	0.00775	0.00581	0.00581	0.00194	0.00775	0.00517	0.00258	0.00646
22	0.01899	0.01037	0.01557	0.01772	0.24735	0.00961	0.01088	0.02171	0.01554	0.38761	0.16001	0.02264	0.02054	0.00747	0.00601	0.00178	0.00514	0.00654	0.00569	0.00883
23	0.83671	0.01125	0.00855	0.00765	0.01125	0.01305	0.00630	0.01709	0.00990	0.02609	0.00810	0.00945	0.00630	0.00540	0.00360	0.00180	0.00450	0.00315	0.00360	0.00630
24	0.01098	0.01034	0.01744	0.78165	0.04005	0.01292	0.01615	0.01486	0.01163	0.01486	0.01034	0.01550	0.00775	0.00581	0.00581	0.00194	0.00775	0.00517	0.00258	0.00646
25	0.01480	0.25940	0.01859	0.01124	0.01506	0.01715	0.00944	0.02667	0.51751	0.02098	0.01878	0.01781	0.01452	0.00697	0.00523	0.00174	0.00511	0.00549	0.00484	0.00866
26	0.02484	0.01190	0.01474	0.01130	0.01585	0.01152	0.00933	0.25171	0.02000	0.53527	0.02012	0.01796	0.01298	0.00713	0.00584	0.00178	0.00540	0.00566	0.00676	0.00989

[dist]
# distance from previous block
# <min> <max>
0	1

[block]
# block no. 2 follows, 40 sequences, length 14
# corresponding to MSA columns:
# 509-522
name=unknown_C
#
# <colnr> <probs for GDERKNQSTAVLIFYWHMCP>
#	G	D	E	R	K	N	Q	S	T	A	V	L	I	F	Y	W	H	M	C	P
0	0.00831	0.00623	0.00935	0.00935	0.01038	0.00727	0.00727	0.01038	0.00935	0.01350	0.01558	0.02285	0.01454	0.04361	0.77259	0.00935	0.01558	0.00623	0.00312	0.00519
1	0.01439	0.01382	0.02360	0.03569	0.75936	0.01382	0.01785	0.01785	0.01324	0.01900	0.01094	0.01439	0.00921	0.00518	0.00576	0.00173	0.00691	0.00518	0.00288	0.00921
2	0.01166	0.03008	0.76550	0.01657	0.02517	0.01351	0.02149	0.01842	0.01228	0.01842	0.01044	0.01228	0.00737	0.00552	0.00552	0.00184	0.00859	0.00430	0.00246	0.00859
3	0.34990	0.47833	0.02155	0.00901	0.01343	0.01895	0.00846	0.01728	0.01103	0.01873	0.00809	0.00938	0.00699	0.00515	0.00368	0.00147	0.00552	0.00313	0.00294	0.00699
4	0.83671	0.01125	0.00855	0.00765	0.01125	0.01305	0.00630	0.01709	0.00990	0.02609	0.00810	0.00945	0.00630	0.00540	0.00360	0.00180	0.00450	0.00315	0.00360	0.00630
5	0.01166	0.03008	0.76550	0.01657	0.02517	0.01351	0.02149	0.01842	0.01228	0.01842	0.01044	0.01228	0.00737	0.00552	0.00552	0.00184	0.00859	0.00430	0.00246	0.00859
6	0.02586	0.01027	0.01373	0.01052	0.01503	0.00910	0.00869	0.07006	0.01727	0.72077	0.02242	0.01945	0.01413	0.00718	0.00585	0.00180	0.00503	0.00581	0.00712	0.00990
7	0.00709	0.00506	0.00675	0.00810	0.00843	0.00472	0.00540	0.00810	0.01113	0.01484	0.03205	0.79184	0.03846	0.01822	0.00742	0.00236	0.00337	0.01653	0.00540	0.00472
8	0.00709	0.00506	0.00675	0.00810	0.00843	0.00472	0.00540	0.00810	0.01113	0.01484	0.03205	0.79184	0.03846	0.01822	0.00742	0.00236	0.00337	0.01653	0.00540	0.00472
9	0.00721	0.00583	0.00641	0.00643	0.00810	0.00503	0.00476	0.00893	0.01380	0.01739	0.21797	0.12149	0.52752	0.01439	0.00692	0.00197	0.00294	0.01226	0.00563	0.00503
10	0.00709	0.00506	0.00675	0.00810	0.00843	0.00472	0.00540	0.00810	0.01113	0.01484	0.03205	0.79184	0.03846	0.01822	0.00742	0.00236	0.00337	0.01653	0.00540	0.00472
11	0.00706	0.00514	0.00666	0.00788	0.00838	0.00474	0.00530	0.00812	0.01134	0.01493	0.03464	0.72080	0.10782	0.01788	0.00737	0.00232	0.00333	0.01612	0.00540	0.00474
12	0.01228	0.01067	0.01317	0.01123	0.08575	0.00834	0.00795	0.01495	0.01217	0.01895	0.01039	0.01228	0.00867	0.00439	0.00445	0.00094	0.00456	0.00361	0.00339	0.75184
13	0.02211	0.01629	0.01745	0.01338	0.01803	0.01803	0.01105	0.73997	0.02734	0.03665	0.01396	0.01396	0.00989	0.00698	0.00582	0.00175	0.00640	0.00524	0.00582	0.00989

[dist]
# distance from previous block
# <min> <max>
0	1

[block]
# block no. 3 follows, 40 sequences, length 96
# corresponding to MSA columns:
# 524-619
name=unknown_D
#
# <colnr> <probs for GDERKNQSTAVLIFYWHMCP>
#	G	D	E	R	K	N	Q	S	T	A	V	L	I	F	Y	W	H	M	C	P
0	0.01433	0.02938	0.67566	0.01752	0.02547	0.01436	0.02088	0.01968	0.01439	0.02139	0.06906	0.01866	0.01375	0.00796	0.00687	0.00237	0.00898	0.00573	0.00379	0.00977
1	0.01722	0.01694	0.05983	0.03422	0.62201	0.03629	0.06814	0.01992	0.01507	0.02139	0.01382	0.01823	0.01180	0.00717	0.00704	0.00228	0.00819	0.00614	0.00388	0.01040
2	0.60218	0.01290	0.01190	0.01037	0.01431	0.01342	0.00815	0.02174	0.01346	0.20923	0.01477	0.01617	0.01117	0.00780	0.00549	0.00233	0.00563	0.00483	0.00547	0.00870
3	0.01240	0.00889	0.01147	0.01262	0.01420	0.00846	0.01052	0.01417	0.01513	0.02006	0.03276	0.06715	0.03508	0.01753	0.00916	0.00317	0.00633	0.68771	0.00626	0.00692
4	0.01113	0.00808	0.00967	0.00932	0.01082	0.00721	0.00666	0.01260	0.01705	0.02393	0.58139	0.11476	0.10123	0.04496	0.00898	0.00257	0.00403	0.01178	0.00698	0.00686
5	0.01789	0.01726	0.05917	0.05368	0.08893	0.01593	0.45513	0.08388	0.01648	0.06876	0.01519	0.01933	0.01192	0.00748	0.00814	0.00245	0.03720	0.00713	0.00442	0.00963
6	0.01653	0.01739	0.03485	0.02556	0.03132	0.01618	0.68788	0.02033	0.01534	0.02111	0.01453	0.01951	0.01156	0.00701	0.00834	0.00250	0.02920	0.00766	0.00395	0.00925
7	0.01022	0.00733	0.00897	0.01013	0.01075	0.00659	0.00674	0.01040	0.01299	0.01762	0.03397	0.75944	0.03984	0.01958	0.00858	0.00287	0.00444	0.01692	0.00630	0.00631
8	0.01366	0.01304	0.10586	0.01414	0.01709	0.01039	0.11900	0.06091	0.03384	0.04973	0.02660	0.44950	0.02836	0.01464	0.00806	0.00268	0.00632	0.01261	0.00568	0.00790
9	0.01599	0.02136	0.23306	0.02363	0.03027	0.01578	0.51141	0.02038	0.01507	0.02117	0.01427	0.01866	0.01120	0.00706	0.00768	0.00245	0.01024	0.00701	0.00382	0.00949
10	0.01674	0.01522	0.02423	0.13484	0.63168	0.01514	0.01838	0.01930	0.01478	0.02103	0.01376	0.01849	0.01177	0.00724	0.00700	0.00229	0.00792	0.00610	0.00386	0.01023
11	0.01719	0.01568	0.02504	0.03644	0.72656	0.01525	0.01860	0.01969	0.01500	0.02158	0.01384	0.01834	0.01196	0.00715	0.00699	0.00226	0.00781	0.00610	0.00390	0.01059
12	0.01242	0.00842	0.01031	0.00958	0.01137	0.00750	0.00701	0.01422	0.01808	0.07166	0.67880	0.04456	0.05297	0.01326	0.00798	0.00236	0.00398	0.01090	0.00730	0.00732
13	0.01496	0.01236	0.01404	0.01063	0.01585	0.00947	0.00816	0.01664	0.01387	0.02153	0.01327	0.01612	0.01139	0.00632	0.00561	0.00144	0.00533	0.00445	0.00444	0.79413
14	0.01091	0.00816	0.00939	0.00896	0.01074	0.00714	0.00650	0.01236	0.01711	0.02343	0.51638	0.04977	0.26486	0.01439	0.00804	0.00240	0.00390	0.01171	0.00696	0.00687
15	0.01979	0.02108	0.03827	0.02850	0.44145	0.29093	0.01628	0.02166	0.01615	0.01983	0.01312	0.01688	0.01129	0.00746	0.00680	0.00218	0.00915	0.00556	0.00393	0.00968
16	0.01558	0.02635	0.50856	0.02254	0.17160	0.01503	0.08284	0.02034	0.01448	0.03557	0.01382	0.01718	0.01083	0.00739	0.00694	0.00236	0.00912	0.00569	0.00371	0.01009
17	0.01002	0.00812	0.00816	0.00803	0.01020	0.00676	0.00580	0.01064	0.01501	0.01844	0.05957	0.05797	0.72478	0.01625	0.00805	0.00249	0.00403	0.01286	0.00630	0.00649
18	0.01699	0.01597	0.02698	0.04935	0.57171	0.01541	0.15724	0.01978	0.01506	0.02142	0.01399	0.01862	0.01186	0.00711	0.00720	0.00231	0.00839	0.00643	0.00390	0.01027
19	0.00719	0.00590	0.00633	0.00622	0.00805	0.00504	0.00467	0.00895	0.01400	0.01747	0.22031	0.05307	0.59450	0.01407	0.00687	0.00193	0.00290	0.01187	0.00563	0.00504
20	0.02172	0.02772	0.01648	0.01498	0.01798	0.77228	0.01124	0.02322	0.01648	0.01423	0.00899	0.01049	0.00749	0.00599	0.00524	0.00150	0.01049	0.00375	0.00300	0.00674
21	0.01211	0.01050	0.01274	0.00910	0.01429	0.00797	0.02939	0.01477	0.01211	0.01894	0.01038	0.01217	0.00862	0.00432	0.00439	0.00090	0.00448	0.00355	0.00343	0.80585
22	0.01216	0.12841	0.67152	0.01573	0.02386	0.01472	0.02001	0.01829	0.01222	0.01781	0.01014	0.01190	0.00738	0.00545	0.00530	0.00177	0.00829	0.00415	0.00246	0.00845
23	0.01431	0.01373	0.02345	0.05413	0.74158	0.01379	0.01780	0.01777	0.01320	0.01890	0.01092	0.01442	0.00918	0.00520	0.00576	0.00173	0.00693	0.00518	0.00287	0.00914
24	0.00715	0.00515	0.00678	0.00796	0.00843	0.00478	0.00537	0.00829	0.01155	0.01541	0.07808	0.71637	0.06779	0.01769	0.00737	0.00231	0.00332	0.01599	0.00546	0.00478
25	0.00906	0.00801	0.01048	0.00940	0.01163	0.00788	0.07131	0.01274	0.09614	0.01763	0.10220	0.04578	0.42990	0.01270	0.00764	0.00206	0.05253	0.08191	0.00514	0.00584
26	0.01705	0.61848	0.02741	0.01082	0.01564	0.05668	0.01021	0.15155	0.01491	0.01796	0.00922	0.01024	0.00791	0.00539	0.00419	0.00135	0.00645	0.00353	0.00313	0.00788
27	0.00789	0.00593	0.00730	0.00696	0.00848	0.00534	0.00522	0.01031	0.01565	0.02140	0.58024	0.04660	0.23211	0.01261	0.00686	0.00186	0.00279	0.01096	0.00615	0.00534
28	0.01373	0.01569	0.03431	0.02451	0.03039	0.01471	0.73824	0.01863	0.01373	0.01863	0.01176	0.01569	0.00882	0.00490	0.00686	0.00196	0.00980	0.00686	0.00294	0.00784
29	0.04610	0.01359	0.02380	0.03169	0.58877	0.01350	0.12224	0.01748	0.01308	0.01903	0.01192	0.05028	0.01039	0.00575	0.00591	0.00179	0.00707	0.00587	0.00303	0.00869
30	0.01418	0.01385	0.02243	0.14322	0.62602	0.04322	0.01734	0.01762	0.01313	0.01821	0.01077	0.01440	0.00893	0.00530	0.00575	0.00175	0.00717	0.00512	0.00284	0.00872
31	0.00733	0.00524	0.00703	0.00838	0.00883	0.00494	0.00583	0.00853	0.01138	0.01512	0.03191	0.71283	0.03792	0.01798	0.00749	0.00240	0.00359	0.09308	0.00539	0.00479
32	0.01189	0.02850	0.68519	0.01745	0.02574	0.01364	0.10021	0.01844	0.01244	0.01844	0.01058	0.01265	0.00753	0.00546	0.00567	0.00185	0.00873	0.00458	0.00251	0.00851
33	0.02366	0.01380	0.01591	0.01220	0.01679	0.01434	0.01008	0.46320	0.02318	0.31929	0.01745	0.01623	0.01164	0.00707	0.00583	0.00177	0.00583	0.00547	0.00635	0.00989
34	0.00825	0.00564	0.00631	0.00636	0.00657	0.00553	0.00368	0.00843	0.00904	0.01185	0.02293	0.06571	0.09669	0.68945	0.02652	0.00515	0.00529	0.00912	0.00378	0.00371
35	0.00709	0.00506	0.00675	0.00810	0.00843	0.00472	0.00540	0.00810	0.01113	0.01484	0.03205	0.79184	0.03846	0.01822	0.00742	0.00236	0.00337	0.01653	0.00540	0.00472
36	0.02609	0.00990	0.01350	0.01035	0.01484	0.00855	0.00855	0.02834	0.01664	0.76338	0.02294	0.01979	0.01439	0.00720	0.00585	0.00180	0.00495	0.00585	0.00720	0.00990
37	0.01373	0.01569	0.03431	0.02451	0.03039	0.01471	0.73824	0.01863	0.01373	0.01863	0.01176	0.01569	0.00882	0.00490	0.00686	0.00196	0.00980	0.00686	0.00294	0.00784
38	0.01450	0.59108	0.22932	0.01174	0.01770	0.02044	0.01307	0.01768	0.01194	0.01496	0.00872	0.01013	0.00744	0.00512	0.00422	0.00141	0.00686	0.00343	0.00248	0.00777
39	0.01351	0.01470	0.03058	0.04089	0.15485	0.01402	0.55444	0.01801	0.01358	0.01854	0.01278	0.01856	0.01040	0.00566	0.00672	0.00196	0.00899	0.05084	0.00307	0.00790
40	0.01421	0.52697	0.26854	0.01225	0.01826	0.01978	0.01377	0.01764	0.01188	0.01523	0.00883	0.01038	0.00744	0.00530	0.00476	0.00148	0.02946	0.00355	0.00248	0.00780
41	0.00836	0.00711	0.01205	0.01126	0.01266	0.00664	0.14647	0.01012	0.01163	0.01557	0.02815	0.64243	0.03276	0.01566	0.00731	0.00228	0.00461	0.01467	0.00493	0.00532
42	0.01439	0.01382	0.02360	0.03569	0.75936	0.01382	0.01785	0.01785	0.01324	0.01900	0.01094	0.01439	0.00921	0.00518	0.00576	0.00173	0.00691	0.00518	0.00288	0.00921
43	0.01166	0.03008	0.76550	0.01657	0.02517	0.01351	0.02149	0.01842	0.01228	0.01842	0.01044	0.01228	0.00737	0.00552	0.00552	0.00184	0.00859	0.00430	0.00246	0.00859
44	0.01125	0.01056	0.01752	0.72217	0.06742	0.01302	0.01595	0.01560	0.04051	0.01539	0.01088	0.01570	0.00820	0.00587	0.00582	0.00193	0.00760	0.00522	0.00273	0.00668
45	0.02609	0.00990	0.01350	0.01035	0.01484	0.00855	0.00855	0.02834	0.01664	0.76338	0.02294	0.01979	0.01439	0.00720	0.00585	0.00180	0.00495	0.00585	0.00720	0.00990
46	0.01373	0.01569	0.03431	0.02451	0.03039	0.01471	0.73824	0.01863	0.01373	0.01863	0.01176	0.01569	0.00882	0.00490	0.00686	0.00196	0.00980	0.00686	0.00294	0.00784
47	0.01098	0.01034	0.01744	0.78165	0.04005	0.01292	0.01615	0.01486	0.01163	0.01486	0.01034	0.01550	0.00775	0.00581	0.00581	0.00194	0.00775	0.00517	0.00258	0.00646
48	0.01175	0.00611	0.00612	0.00608	0.00751	0.00598	0.00450	0.01418	0.01275	0.02244	0.01975	0.02279	0.01567	0.00736	0.00447	0.00153	0.00305	0.00570	0.81636	0.00590
49	0.00940	0.00633	0.00703	0.00699	0.00708	0.00620	0.00396	0.00916	0.00906	0.01218	0.01911	0.03893	0.02182	0.78487	0.02963	0.00575	0.00593	0.00869	0.00383	0.00403
50	0.00912	0.00663	0.00836	0.00789	0.00936	0.00602	0.00585	0.01152	0.01680	0.02369	0.71381	0.04482	0.08794	0.01253	0.00722	0.00200	0.00309	0.01081	0.00662	0.00594
51	0.02285	0.01683	0.01798	0.01393	0.01861	0.01842	0.01138	0.73015	0.02768	0.03719	0.01481	0.01518	0.01072	0.00756	0.00620	0.00191	0.00668	0.00552	0.00609	0.01030
52	0.00939	0.00711	0.01025	0.01014	0.01122	0.00813	0.00782	0.01117	0.00993	0.01439	0.01616	0.02363	0.01509	0.04264	0.73876	0.00919	0.03940	0.00646	0.00341	0.00571
53	0.00803	0.00628	0.00706	0.00747	0.00886	0.00546	0.00529	0.00919	0.01331	0.01689	0.10942	0.32051	0.42794	0.01621	0.00743	0.00226	0.00342	0.01384	0.00576	0.00538
54	0.01192	0.01096	0.01781	0.74738	0.03950	0.01322	0.01612	0.01546	0.01220	0.01584	0.01124	0.01660	0.00864	0.00636	0.00615	0.00207	0.00791	0.00540	0.00293	0.03229
55	0.02285	0.01683	0.01798	0.01393	0.01861	0.01842	0.01138	0.73015	0.02768	0.03719	0.01481	0.01518	0.01072	0.00756	0.00620	0.00191	0.00668	0.00552	0.00609	0.01030
56	0.00909	0.00663	0.00832	0.00786	0.00934	0.00601	0.00583	0.01147	0.01675	0.02356	0.70152	0.04504	0.10031	0.01258	0.00722	0.00200	0.00309	0.01084	0.00660	0.00593
57	0.00925	0.00691	0.00999	0.00995	0.01107	0.00781	0.00765	0.01106	0.00994	0.01437	0.01640	0.02394	0.01531	0.04367	0.76194	0.00940	0.01573	0.00650	0.00342	0.00567
58	0.00805	0.00576	0.00743	0.00872	0.00915	0.00530	0.00581	0.00881	0.01170	0.01570	0.03264	0.78187	0.03889	0.01864	0.00778	0.00252	0.00370	0.01665	0.00567	0.00521
59	0.01030	0.00737	0.01002	0.01130	0.01271	0.00724	0.00973	0.01270	0.01392	0.01822	0.03140	0.06607	0.03396	0.01651	0.00838	0.00283	0.00565	0.71022	0.00563	0.00583
60	0.01525	0.01439	0.02405	0.03592	0.74927	0.01426	0.01808	0.01842	0.01378	0.01979	0.01183	0.01561	0.01006	0.00579	0.00614	0.00189	0.00719	0.00547	0.00319	0.00964
61	0.01942	0.41054	0.02396	0.01301	0.01704	0.39034	0.01093	0.02083	0.01466	0.01482	0.00946	0.01118	0.00835	0.00608	0.00488	0.00154	0.00860	0.00373	0.00306	0.00756
62	0.01525	0.01439	0.02405	0.03592	0.74927	0.01426	0.01808	0.01842	0.01378	0.01979	0.01183	0.01561	0.01006	0.00579	0.00614	0.00189	0.00719	0.00547	0.00319	0.00964
63	0.01300	0.09137	0.65076	0.01704	0.02514	0.01479	0.06525	0.01891	0.01288	0.01885	0.01123	0.01350	0.00834	0.00604	0.00585	0.00196	0.00873	0.00466	0.00281	0.00889
64	0.00884	0.00662	0.00798	0.00760	0.00919	0.00591	0.00563	0.01099	0.01616	0.02216	0.57315	0.04735	0.22955	0.01310	0.00723	0.00203	0.00313	0.01116	0.00641	0.00582
65	0.00940	0.00633	0.00703	0.00699	0.00708	0.00620	0.00396	0.00916	0.00906	0.01218	0.01911	0.03893	0.02182	0.78487	0.02963	0.00575	0.00593	0.00869	0.00383	0.00403
66	0.01670	0.74986	0.03012	0.01080	0.01570	0.06076	0.01036	0.01828	0.01261	0.01458	0.00906	0.01067	0.00833	0.00564	0.00422	0.00143	0.00672	0.00345	0.00283	0.00788
67	0.00986	0.00680	0.00857	0.00799	0.00961	0.00614	0.00596	0.01222	0.01676	0.05522	0.67180	0.04400	0.09693	0.01237	0.00718	0.00200	0.00319	0.01063	0.00664	0.00612
68	0.01815	0.01454	0.01414	0.01181	0.01474	0.10230	0.00894	0.39945	0.02014	0.02615	0.01627	0.05418	0.01496	0.24145	0.01324	0.00306	0.00681	0.00677	0.00506	0.00784
69	0.01518	0.01455	0.02492	0.03423	0.65708	0.01437	0.09250	0.01879	0.03032	0.01987	0.01220	0.01591	0.01021	0.00582	0.00625	0.00192	0.00743	0.00567	0.00327	0.00949
70	0.00804	0.00580	0.00740	0.00863	0.00912	0.00530	0.00577	0.00882	0.01179	0.01574	0.03379	0.75041	0.06961	0.01849	0.00775	0.00250	0.00368	0.01647	0.00567	0.00522
71	0.01305	0.01131	0.01448	0.01223	0.07780	0.00901	0.04191	0.01548	0.01276	0.01959	0.01213	0.04143	0.01059	0.00552	0.00506	0.00122	0.00506	0.00452	0.00375	0.68312
72	0.00799	0.00632	0.00697	0.00732	0.00881	0.00546	0.00521	0.00913	0.01333	0.01675	0.09354	0.28501	0.48021	0.01611	0.00741	0.00224	0.00340	0.01367	0.00574	0.00537
73	0.01549	0.01163	0.01456	0.05875	0.01728	0.01018	0.04226	0.04899	0.09338	0.11896	0.01455	0.01583	0.01122	0.00593	0.00536	0.00144	0.00529	0.00475	0.00453	0.49964
74	0.01305	0.08412	0.62856	0.01741	0.02543	0.01475	0.09337	0.01893	0.01294	0.01890	0.01130	0.01366	0.00839	0.00602	0.00591	0.00197	0.00880	0.00477	0.00283	0.00887
75	0.00926	0.00690	0.00993	0.00989	0.01098	0.00777	0.00757	0.01102	0.00992	0.01432	0.01646	0.02428	0.01545	0.06052	0.74529	0.00932	0.01551	0.00655	0.00343	0.00564
76	0.02678	0.01053	0.01408	0.01094	0.01546	0.00906	0.00891	0.02876	0.01713	0.75347	0.02366	0.02093	0.01517	0.00777	0.00623	0.00196	0.00525	0.00612	0.00745	0.01031
77	0.00949	0.00795	0.01078	0.01081	0.01196	0.04182	0.08040	0.01073	0.01231	0.01616	0.02947	0.63714	0.03425	0.01664	0.00765	0.00245	0.00476	0.04427	0.00531	0.00565
78	0.02211	0.01629	0.01745	0.01338	0.01803	0.01803	0.01105	0.73997	0.02734	0.03665	0.01396	0.01396	0.00989	0.00698	0.00582	0.00175	0.00640	0.00524	0.00582	0.00989
79	0.00709	0.00506	0.00675	0.00810	0.00843	0.00472	0.00540	0.00810	0.01113	0.01484	0.03205	0.79184	0.03846	0.01822	0.00742	0.00236	0.00337	0.01653	0.00540	0.00472
80	0.83671	0.01125	0.00855	0.00765	0.01125	0.01305	0.00630	0.01709	0.00990	0.02609	0.00810	0.00945	0.00630	0.00540	0.00360	0.00180	0.00450	0.00315	0.00360	0.00630
81	0.00709	0.00506	0.00675	0.00810	0.00843	0.00472	0.00540	0.00810	0.01113	0.01484	0.03205	0.79184	0.03846	0.01822	0.00742	0.00236	0.00337	0.01653	0.00540	0.00472
82	0.02609	0.00990	0.01350	0.01035	0.01484	0.00855	0.00855	0.02834	0.01664	0.76338	0.02294	0.01979	0.01439	0.00720	0.00585	0.00180	0.00495	0.00585	0.00720	0.00990
83	0.00828	0.00597	0.00784	0.00745	0.00882	0.00553	0.00564	0.01102	0.01634	0.02309	0.72770	0.04431	0.05403	0.01205	0.00690	0.00186	0.00285	0.03848	0.00636	0.00548
84	0.02460	0.00964	0.01294	0.00997	0.01430	0.00832	0.00820	0.02689	0.01619	0.68834	0.02220	0.01961	0.01420	0.00706	0.00568	0.00174	0.00478	0.00573	0.05802	0.04160
85	0.01212	0.01053	0.01285	0.00918	0.01437	0.00800	0.03292	0.01478	0.01212	0.01894	0.01039	0.01219	0.00862	0.00433	0.00440	0.00090	0.00450	0.00357	0.00343	0.80188
86	0.01098	0.01034	0.01744	0.78165	0.04005	0.01292	0.01615	0.01486	0.01163	0.01486	0.01034	0.01550	0.00775	0.00581	0.00581	0.00194	0.00775	0.00517	0.00258	0.00646
87	0.00788	0.00593	0.00728	0.00695	0.00847	0.00534	0.00521	0.01029	0.01563	0.02134	0.57519	0.04669	0.23720	0.01263	0.00686	0.00186	0.00280	0.01097	0.00614	0.00534
88	0.01098	0.01034	0.01744	0.78165	0.04005	0.01292	0.01615	0.01486	0.01163	0.01486	0.01034	0.01550	0.00775	0.00581	0.00581	0.00194	0.00775	0.00517	0.00258	0.00646
89	0.00846	0.00564	0.00634	0.00634	0.00634	0.00564	0.00352	0.00846	0.00846	0.01128	0.01832	0.03805	0.02114	0.79563	0.02960	0.00564	0.00564	0.00846	0.00352	0.00352
90	0.00709	0.00506	0.00675	0.00810	0.00843	0.00472	0.00540	0.00810	0.01113	0.01484	0.03205	0.79184	0.03846	0.01822	0.00742	0.00236	0.00337	0.01653	0.00540	0.00472
91	0.01375	0.01444	0.02901	0.02116	0.02629	0.01380	0.56907	0.09294	0.01492	0.02008	0.01581	0.07990	0.04586	0.00665	0.00680	0.00197	0.00861	0.00772	0.00355	0.00767
92	0.01393	0.01334	0.02276	0.13766	0.66103	0.01369	0.01761	0.01744	0.01302	0.01843	0.01086	0.01454	0.00901	0.00527	0.00576	0.00176	0.00702	0.00518	0.00284	0.00884
93	0.01281	0.00723	0.00973	0.00969	0.01181	0.00676	0.00815	0.01523	0.01442	0.19060	0.11409	0.06902	0.10424	0.01346	0.00726	0.00230	0.00467	0.38626	0.00591	0.00636
94	0.01355	0.01610	0.06575	0.02343	0.02898	0.01489	0.64950	0.01826	0.01328	0.01826	0.01138	0.01530	0.00867	0.00534	0.00776	0.00200	0.07028	0.00661	0.00289	0.00776
95	0.01652	0.01413	0.02187	0.05155	0.54643	0.06367	0.04583	0.01974	0.01394	0.13096	0.01264	0.01503	0.00982	0.00555	0.00578	0.00174	0.00700	0.00526	0.00353	0.00901

[dist]
# distance from previous block
# <min> <max>
1	6

[block]
# block no. 4 follows, 40 sequences, length 7
# corresponding to MSA columns:
# 627-633
name=unknown_E
#
# <colnr> <probs for GDERKNQSTAVLIFYWHMCP>
#	G	D	E	R	K	N	Q	S	T	A	V	L	I	F	Y	W	H	M	C	P
0	0.01326	0.01140	0.01606	0.12443	0.10821	0.02839	0.05741	0.05343	0.01312	0.05422	0.01386	0.07019	0.01248	0.00722	0.00679	0.00167	0.07406	0.05275	0.00370	0.27738
1	0.08823	0.04968	0.01515	0.08676	0.05486	0.05248	0.01024	0.15538	0.27040	0.07144	0.05825	0.01802	0.01463	0.00705	0.00556	0.00180	0.00563	0.00564	0.00498	0.02382
2	0.01334	0.01676	0.17943	0.04350	0.28326	0.06278	0.01505	0.01956	0.14268	0.01953	0.06541	0.02145	0.01539	0.00721	0.00598	0.00188	0.00671	0.06806	0.00378	0.00824
3	0.01453	0.04570	0.38158	0.01780	0.14703	0.06120	0.01645	0.06495	0.01417	0.09079	0.01603	0.01709	0.07412	0.00654	0.00566	0.00178	0.00737	0.00528	0.00349	0.00843
4	0.05315	0.01311	0.19489	0.01063	0.01423	0.00881	0.01016	0.06216	0.01381	0.09131	0.13224	0.28427	0.02605	0.01102	0.00627	0.00196	0.00501	0.00954	0.00484	0.04653
5	0.13611	0.09797	0.05722	0.01106	0.01443	0.01190	0.07858	0.09846	0.06465	0.03931	0.15905	0.13912	0.03809	0.00927	0.00585	0.00187	0.00514	0.02024	0.00472	0.00696
6	0.01166	0.08779	0.10500	0.13040	0.09529	0.01146	0.01160	0.07766	0.03409	0.01918	0.11650	0.10287	0.08694	0.00957	0.00617	0.00192	0.00567	0.07503	0.00425	0.00693

[dist]
# distance from previous block
# <min> <max>
0	17

[block]
# block no. 5 follows, 40 sequences, length 21
# corresponding to MSA columns:
# 651-671
name=unknown_F
#
# <colnr> <probs for GDERKNQSTAVLIFYWHMCP>
#	G	D	E	R	K	N	Q	S	T	A	V	L	I	F	Y	W	H	M	C	P
0	0.07642	0.01387	0.15480	0.01124	0.01578	0.01057	0.01067	0.02089	0.05434	0.29828	0.02025	0.01979	0.08549	0.00750	0.00682	0.00180	0.07983	0.00570	0.00492	0.10104
1	0.17875	0.01240	0.06249	0.01069	0.01477	0.01123	0.05289	0.15873	0.01459	0.06270	0.01398	0.08118	0.01237	0.08210	0.00746	0.00199	0.00546	0.00572	0.00422	0.20626
2	0.02021	0.01534	0.01676	0.01321	0.01724	0.01736	0.01085	0.58257	0.10672	0.03299	0.01460	0.01488	0.01068	0.00736	0.00695	0.00183	0.07386	0.00538	0.02179	0.00942
3	0.01187	0.16339	0.06461	0.01062	0.01346	0.01025	0.07147	0.01407	0.01270	0.10032	0.09234	0.36164	0.02664	0.01179	0.00630	0.00196	0.00495	0.01048	0.00472	0.00644
4	0.06768	0.01674	0.10961	0.01243	0.01680	0.08991	0.01094	0.24680	0.20899	0.02610	0.06849	0.01713	0.01431	0.00701	0.00559	0.00174	0.00610	0.00545	0.00488	0.06330
5	0.07633	0.11223	0.22502	0.01633	0.09313	0.31700	0.01422	0.04964	0.01444	0.01758	0.00962	0.01131	0.00764	0.00567	0.00511	0.00162	0.00853	0.00399	0.00294	0.00768
6	0.01357	0.35976	0.36648	0.01461	0.02134	0.01774	0.09726	0.01801	0.01224	0.01640	0.00957	0.01139	0.00757	0.00522	0.00490	0.00160	0.00771	0.00407	0.00252	0.00802
7	0.09438	0.10167	0.61974	0.01505	0.02280	0.01437	0.01887	0.01819	0.01200	0.01873	0.00998	0.01171	0.00727	0.00546	0.00516	0.00178	0.00796	0.00407	0.00257	0.00826
8	0.00898	0.00597	0.00774	0.00797	0.00925	0.00548	0.00593	0.01094	0.01395	0.06813	0.30436	0.30609	0.12343	0.01452	0.00711	0.00211	0.00339	0.08333	0.00589	0.00544
9	0.01214	0.07656	0.51260	0.11522	0.02717	0.01424	0.12619	0.01793	0.01238	0.01768	0.01046	0.01300	0.00764	0.00543	0.00564	0.00183	0.00851	0.00471	0.00255	0.00813
10	0.01692	0.02050	0.32263	0.01778	0.14001	0.01405	0.01598	0.22326	0.01733	0.12277	0.02495	0.01459	0.01006	0.00620	0.00571	0.00179	0.00713	0.00501	0.00417	0.00918
11	0.00983	0.00630	0.00690	0.00663	0.00720	0.00642	0.00413	0.05809	0.01044	0.01500	0.01816	0.03325	0.01918	0.58910	0.02303	0.00454	0.00512	0.00765	0.16471	0.00432
12	0.01263	0.01182	0.01901	0.38439	0.30506	0.01305	0.01556	0.01736	0.07640	0.01750	0.01172	0.01540	0.00922	0.00566	0.00570	0.00179	0.00693	0.00518	0.00304	0.06257
13	0.02240	0.01003	0.01283	0.01009	0.01414	0.00919	0.00824	0.10550	0.03235	0.54668	0.07035	0.02423	0.09055	0.00823	0.00601	0.00181	0.00477	0.00672	0.00679	0.00911
14	0.01221	0.01248	0.02026	0.01809	0.10241	0.08674	0.27022	0.01531	0.01230	0.01635	0.01469	0.09153	0.01348	0.01837	0.24409	0.00420	0.01055	0.00706	0.02295	0.00671
