[name]
unknown

[dist]
# distance from previous block
# <min> <max>
9	271

[block]
# block no. 0 follows, 41 sequences, length 19
# corresponding to MSA columns:
# 283-301
name=unknown_A
#
# <colnr> <probs for GDERKNQSTAVLIFYWHMCP>
#	G	D	E	R	K	N	Q	S	T	A	V	L	I	F	Y	W	H	M	C	P
0	0.00710	0.00529	0.00661	0.00738	0.00821	0.00480	0.00512	0.00845	0.01220	0.01607	0.14940	0.52127	0.19477	0.01623	0.00710	0.00216	0.00313	0.01445	0.00546	0.00480
1	0.01169	0.07280	0.72801	0.01594	0.02419	0.01381	0.02050	0.01806	0.01205	0.01785	0.01014	0.01191	0.00725	0.00540	0.00534	0.00178	0.00832	0.00416	0.00242	0.00839
2	0.00832	0.00555	0.00624	0.00624	0.00624	0.00555	0.00347	0.00832	0.00832	0.01109	0.01802	0.03743	0.02080	0.79898	0.02911	0.00555	0.00555	0.00832	0.00347	0.00347
3	0.01066	0.00533	0.00533	0.00533	0.00666	0.00533	0.00400	0.01333	0.01200	0.02132	0.01866	0.02132	0.01466	0.00666	0.00400	0.00133	0.00267	0.00533	0.83073	0.00533
4	0.01776	0.01639	0.01960	0.12699	0.06922	0.13384	0.11436	0.31955	0.04195	0.02443	0.01194	0.01386	0.00899	0.00635	0.00647	0.00178	0.04902	0.00517	0.00409	0.00824
5	0.00817	0.00613	0.00919	0.00919	0.01021	0.00715	0.00715	0.01021	0.00919	0.01328	0.01532	0.02247	0.01430	0.04290	0.77631	0.00919	0.01532	0.00613	0.00306	0.00511
6	0.05781	0.01029	0.01194	0.00886	0.01365	0.00843	0.00712	0.01742	0.05902	0.12401	0.01261	0.01338	0.00971	0.00491	0.00451	0.00109	0.00435	0.00390	0.00407	0.62291
7	0.23100	0.01305	0.01374	0.01082	0.01510	0.01394	0.00891	0.35462	0.03694	0.18475	0.01415	0.01388	0.00987	0.00640	0.00510	0.00170	0.00537	0.00469	0.00533	0.05062
8	0.02007	0.05865	0.01780	0.01340	0.01719	0.09692	0.01106	0.52844	0.02244	0.02944	0.01205	0.01296	0.00904	0.00710	0.00737	0.00177	0.11582	0.00487	0.00481	0.00879
9	0.00887	0.00638	0.00878	0.01004	0.01128	0.00630	0.00858	0.01127	0.01293	0.01678	0.03177	0.13948	0.06901	0.01596	0.00778	0.00257	0.00495	0.61683	0.00527	0.00518
10	0.01603	0.05799	0.06531	0.33427	0.06227	0.01499	0.01373	0.28573	0.01752	0.05968	0.01200	0.01430	0.00875	0.00612	0.00559	0.00178	0.00693	0.00497	0.00394	0.00808
11	0.04779	0.08147	0.01550	0.04290	0.01625	0.01341	0.00939	0.19684	0.17573	0.26552	0.01757	0.01662	0.01233	0.00669	0.00541	0.00170	0.00531	0.00526	0.00555	0.05878
12	0.01069	0.00980	0.01388	0.01244	0.01282	0.01308	0.01009	0.01219	0.00890	0.01346	0.01092	0.01736	0.01065	0.05706	0.30482	0.00516	0.46263	0.00557	0.00276	0.00570
13	0.00711	0.00577	0.00630	0.00624	0.00796	0.00496	0.00465	0.00885	0.01374	0.01731	0.23447	0.08409	0.55070	0.01393	0.00678	0.00191	0.00287	0.01182	0.00556	0.00496
14	0.01529	0.80242	0.02997	0.00979	0.01468	0.02263	0.00979	0.01713	0.01162	0.01346	0.00795	0.00918	0.00734	0.00489	0.00367	0.00122	0.00612	0.00306	0.00245	0.00734
15	0.00818	0.00610	0.00905	0.00905	0.01003	0.00707	0.00697	0.01012	0.00915	0.01317	0.01545	0.02318	0.01461	0.07884	0.74080	0.00902	0.01486	0.00623	0.00308	0.00503
16	0.01080	0.01017	0.01716	0.78523	0.03940	0.01271	0.01589	0.01461	0.01144	0.01461	0.01017	0.01525	0.00762	0.00572	0.00572	0.00191	0.00762	0.00508	0.00254	0.00635
17	0.05706	0.00899	0.06085	0.04234	0.01224	0.00813	0.04616	0.01447	0.04887	0.02001	0.05649	0.09144	0.01675	0.00772	0.00546	0.00161	0.03636	0.00640	0.40058	0.05808
18	0.01066	0.00533	0.00533	0.00533	0.00666	0.00533	0.00400	0.01333	0.01200	0.02132	0.01866	0.02132	0.01466	0.00666	0.00400	0.00133	0.00267	0.00533	0.83073	0.00533

[dist]
# distance from previous block
# <min> <max>
8	15

[block]
# block no. 1 follows, 41 sequences, length 8
# corresponding to MSA columns:
# 318-325
name=unknown_B
#
# <colnr> <probs for GDERKNQSTAVLIFYWHMCP>
#	G	D	E	R	K	N	Q	S	T	A	V	L	I	F	Y	W	H	M	C	P
0	0.01634	0.01384	0.05467	0.01726	0.15297	0.01302	0.09780	0.17587	0.07950	0.10571	0.01361	0.01480	0.01018	0.00594	0.00606	0.00163	0.03787	0.00511	0.00427	0.17355
1	0.01359	0.01137	0.01408	0.04857	0.01617	0.03304	0.07760	0.05180	0.39344	0.06080	0.12006	0.09448	0.02218	0.00873	0.00614	0.00192	0.00505	0.00769	0.00539	0.00790
2	0.08845	0.10425	0.05079	0.01178	0.01580	0.08597	0.01008	0.28340	0.08242	0.06395	0.06113	0.01514	0.01242	0.00678	0.00587	0.00167	0.04377	0.00495	0.00461	0.04677
3	0.00792	0.00638	0.00712	0.00684	0.00866	0.00586	0.00516	0.01113	0.07865	0.01905	0.32336	0.04740	0.42603	0.01283	0.00667	0.00188	0.00296	0.01092	0.00573	0.00541
4	0.01066	0.00533	0.00533	0.00533	0.00666	0.00533	0.00400	0.01333	0.01200	0.02132	0.01866	0.02132	0.01466	0.00666	0.00400	0.00133	0.00267	0.00533	0.83073	0.00533
5	0.01357	0.42274	0.15811	0.01379	0.01917	0.01763	0.17013	0.01697	0.01253	0.01621	0.07896	0.01415	0.01194	0.00560	0.00493	0.00153	0.00697	0.00474	0.00290	0.00744
6	0.01598	0.01731	0.01831	0.17972	0.10343	0.26211	0.08036	0.05036	0.14638	0.01770	0.01230	0.01445	0.00963	0.00622	0.00621	0.00177	0.04180	0.00503	0.00345	0.00748
7	0.00832	0.00555	0.00624	0.00624	0.00624	0.00555	0.00347	0.00832	0.00832	0.01109	0.01802	0.03743	0.02080	0.79898	0.02911	0.00555	0.00555	0.00832	0.00347	0.00347

[dist]
# distance from previous block
# <min> <max>
25	272

# created by:
# /software/SequenceAnalysis/GenePrediction/augustus/3.0.1/scripts/msa2prfl.pl ./fixed/BUSCOvEOG7HQFZG.fas
