[name]
unknown

[dist]
# distance from previous block
# <min> <max>
22	158

[block]
# block no. 0 follows, 40 sequences, length 33
# corresponding to MSA columns:
# 158-190
name=unknown_A
#
# <colnr> <probs for GDERKNQSTAVLIFYWHMCP>
#	G	D	E	R	K	N	Q	S	T	A	V	L	I	F	Y	W	H	M	C	P
0	0.01373	0.01569	0.03431	0.02451	0.03039	0.01471	0.73824	0.01863	0.01373	0.01863	0.01176	0.01569	0.00882	0.00490	0.00686	0.00196	0.00980	0.00686	0.00294	0.00784
1	0.00709	0.00506	0.00675	0.00810	0.00843	0.00472	0.00540	0.00810	0.01113	0.01484	0.03205	0.79184	0.03846	0.01822	0.00742	0.00236	0.00337	0.01653	0.00540	0.00472
2	0.01097	0.00986	0.01629	0.70722	0.03686	0.01220	0.01499	0.01473	0.01168	0.01551	0.01116	0.01610	0.00844	0.00591	0.00565	0.00188	0.00727	0.00519	0.08173	0.00636
3	0.02225	0.01328	0.01508	0.01168	0.01597	0.01390	0.00961	0.45093	0.02259	0.25924	0.01721	0.01650	0.01176	0.00703	0.00566	0.00172	0.00560	0.00544	0.08508	0.00946
4	0.02172	0.02772	0.01648	0.01498	0.01798	0.77228	0.01124	0.02322	0.01648	0.01423	0.00899	0.01049	0.00749	0.00599	0.00524	0.00150	0.01049	0.00375	0.00300	0.00674
5	0.00743	0.00594	0.00673	0.00706	0.00869	0.00524	0.00544	0.00916	0.01332	0.01655	0.11075	0.13687	0.49794	0.01509	0.00713	0.00211	0.00338	0.13070	0.00548	0.00501
6	0.09050	0.01093	0.01797	0.62330	0.07037	0.01309	0.06218	0.01546	0.01167	0.01637	0.01024	0.01488	0.00775	0.00569	0.00567	0.00192	0.00753	0.00509	0.00272	0.00666
7	0.09088	0.02759	0.65800	0.01610	0.02408	0.01352	0.05425	0.01830	0.01212	0.01916	0.01028	0.01217	0.00733	0.00548	0.00540	0.00184	0.00826	0.00431	0.00259	0.00834
8	0.00907	0.00660	0.00895	0.01013	0.01154	0.00648	0.00877	0.01160	0.01337	0.01720	0.03417	0.06444	0.12054	0.01590	0.00789	0.00259	0.00506	0.63502	0.00536	0.00530
9	0.01166	0.03008	0.76550	0.01657	0.02517	0.01351	0.02149	0.01842	0.01228	0.01842	0.01044	0.01228	0.00737	0.00552	0.00552	0.00184	0.00859	0.00430	0.00246	0.00859
10	0.01453	0.01386	0.02322	0.03279	0.64815	0.01400	0.05458	0.03413	0.07047	0.01976	0.01203	0.01502	0.00987	0.00541	0.00583	0.00176	0.00687	0.00538	0.00318	0.00915
11	0.00709	0.00506	0.00675	0.00810	0.00843	0.00472	0.00540	0.00810	0.01113	0.01484	0.03205	0.79184	0.03846	0.01822	0.00742	0.00236	0.00337	0.01653	0.00540	0.00472
12	0.01084	0.00542	0.00542	0.00542	0.00678	0.00542	0.00407	0.01355	0.01220	0.02168	0.01897	0.02168	0.01491	0.00678	0.00407	0.00136	0.00271	0.00542	0.82791	0.00542
13	0.09990	0.00722	0.00901	0.00913	0.01056	0.00726	0.03028	0.04951	0.04437	0.05282	0.02703	0.57047	0.03045	0.01483	0.00676	0.00221	0.00399	0.01323	0.00525	0.00571
14	0.01309	0.01248	0.02124	0.32148	0.48379	0.01347	0.01720	0.01670	0.01262	0.01741	0.01071	0.01482	0.00865	0.00542	0.00578	0.00181	0.00723	0.00518	0.00277	0.00816
15	0.00823	0.00594	0.00777	0.00732	0.00869	0.00549	0.00549	0.01097	0.01646	0.02332	0.75629	0.04344	0.05487	0.01189	0.00686	0.00183	0.00274	0.01052	0.00640	0.00549
16	0.01154	0.01132	0.01990	0.60277	0.03640	0.01362	0.11956	0.01532	0.01168	0.01532	0.01029	0.01528	0.00790	0.00608	0.00718	0.00200	0.07916	0.00540	0.00263	0.00665
17	0.01604	0.01353	0.02165	0.04304	0.53333	0.01346	0.04077	0.09453	0.01495	0.08811	0.01233	0.01477	0.00968	0.00551	0.00573	0.00170	0.00665	0.00521	0.00361	0.05541
18	0.09262	0.42767	0.26977	0.01178	0.01762	0.01799	0.01317	0.01737	0.01203	0.01695	0.04856	0.01212	0.00983	0.00556	0.00448	0.00153	0.00665	0.00390	0.00279	0.00762
19	0.01555	0.79913	0.03047	0.00995	0.01493	0.02301	0.00995	0.01741	0.01182	0.01368	0.00808	0.00933	0.00746	0.00498	0.00373	0.00124	0.00622	0.00311	0.00249	0.00746
20	0.05831	0.00690	0.00898	0.04549	0.01169	0.00656	0.00679	0.01378	0.01266	0.18693	0.04203	0.44896	0.07049	0.01399	0.00676	0.00216	0.00405	0.04175	0.00559	0.00613
21	0.23904	0.08244	0.09041	0.02580	0.01312	0.01066	0.00836	0.01490	0.03697	0.02117	0.19811	0.03771	0.07944	0.00834	0.00531	0.00174	0.00461	0.03606	0.00435	0.08146
22	0.01290	0.00682	0.00902	0.00883	0.01056	0.00628	0.00646	0.01505	0.04387	0.22912	0.08894	0.47805	0.03210	0.01413	0.00686	0.00214	0.00382	0.01258	0.00602	0.00645
23	0.00709	0.00506	0.00675	0.00810	0.00843	0.00472	0.00540	0.00810	0.01113	0.01484	0.03205	0.79184	0.03846	0.01822	0.00742	0.00236	0.00337	0.01653	0.00540	0.00472
24	0.01361	0.01771	0.19452	0.04547	0.47970	0.01384	0.11422	0.01802	0.01305	0.01873	0.01092	0.01410	0.00871	0.00524	0.00585	0.00179	0.00770	0.00520	0.00278	0.00883
25	0.01283	0.01193	0.05755	0.56529	0.09834	0.01273	0.05644	0.01673	0.01237	0.08334	0.01161	0.01564	0.00852	0.00582	0.00586	0.00190	0.00758	0.00528	0.00304	0.00720
26	0.00875	0.00625	0.00866	0.01000	0.01107	0.00616	0.00829	0.01098	0.01278	0.01671	0.03113	0.26276	0.03482	0.01665	0.00787	0.00259	0.00482	0.52918	0.00537	0.00518
27	0.00727	0.00594	0.00644	0.00641	0.00823	0.00511	0.00487	0.00906	0.01392	0.01735	0.20050	0.05386	0.57855	0.01421	0.00693	0.00197	0.00302	0.04571	0.00560	0.00505
28	0.09477	0.42620	0.02481	0.01493	0.12195	0.11662	0.04949	0.01902	0.05393	0.01656	0.00968	0.01124	0.00825	0.00534	0.00449	0.00148	0.00680	0.00388	0.00293	0.00763
29	0.01302	0.01091	0.01258	0.00907	0.01419	0.00874	0.00729	0.08420	0.01352	0.02065	0.01068	0.01224	0.00874	0.00456	0.00445	0.00095	0.00451	0.00362	0.00367	0.75242
30	0.00809	0.00596	0.00758	0.00723	0.00867	0.00545	0.00546	0.01067	0.01597	0.02220	0.64844	0.04562	0.14310	0.01236	0.00689	0.00187	0.00284	0.02995	0.00625	0.00541
31	0.01327	0.01450	0.09320	0.22170	0.50782	0.01356	0.01777	0.01715	0.01274	0.01790	0.01074	0.01447	0.00867	0.00537	0.00575	0.00179	0.00728	0.00509	0.00276	0.00846
32	0.01318	0.32990	0.47895	0.01399	0.02118	0.01721	0.01699	0.01803	0.01210	0.01657	0.00952	0.01113	0.00740	0.00531	0.00483	0.00161	0.00767	0.00383	0.00247	0.00815

[dist]
# distance from previous block
# <min> <max>
0	1

[block]
# block no. 1 follows, 40 sequences, length 17
# corresponding to MSA columns:
# 192-208
name=unknown_B
#
# <colnr> <probs for GDERKNQSTAVLIFYWHMCP>
#	G	D	E	R	K	N	Q	S	T	A	V	L	I	F	Y	W	H	M	C	P
0	0.02467	0.00992	0.01328	0.01028	0.01457	0.00878	0.00845	0.06025	0.01713	0.67850	0.07313	0.02115	0.01698	0.00751	0.00592	0.00180	0.00486	0.00614	0.00708	0.00959
1	0.02182	0.01483	0.01635	0.01269	0.01709	0.01606	0.01042	0.60600	0.02505	0.13193	0.01613	0.05673	0.01203	0.00762	0.00591	0.00179	0.00604	0.00593	0.00598	0.00961
2	0.02434	0.01065	0.01373	0.01070	0.01504	0.00990	0.00878	0.10025	0.07519	0.61388	0.03977	0.01992	0.01518	0.00734	0.00587	0.00181	0.00501	0.00596	0.00694	0.00974
3	0.08729	0.01000	0.01312	0.01014	0.01457	0.00889	0.00838	0.02749	0.01613	0.70772	0.02182	0.01901	0.01378	0.00706	0.00568	0.00180	0.00491	0.00564	0.00693	0.00962
4	0.01522	0.00989	0.01111	0.00971	0.01292	0.01015	0.00764	0.02364	0.34581	0.21130	0.03380	0.03124	0.23325	0.00971	0.00618	0.00193	0.00421	0.00806	0.00609	0.00812
5	0.01989	0.01103	0.01842	0.06681	0.05069	0.01018	0.17813	0.02296	0.01547	0.43342	0.09376	0.02074	0.01656	0.00697	0.00618	0.00185	0.00612	0.00648	0.00564	0.00871
6	0.06947	0.16642	0.51448	0.01560	0.05610	0.01539	0.01781	0.01793	0.01193	0.01793	0.00976	0.01167	0.00741	0.00560	0.00565	0.00175	0.04030	0.00408	0.00256	0.00817
7	0.00846	0.00564	0.00634	0.00634	0.00634	0.00564	0.00352	0.00846	0.00846	0.01128	0.01832	0.03805	0.02114	0.79563	0.02960	0.00564	0.00564	0.00846	0.00352	0.00352
8	0.00718	0.00510	0.00672	0.00798	0.00829	0.00479	0.00527	0.00812	0.01095	0.01460	0.03110	0.73982	0.03727	0.07186	0.00895	0.00259	0.00353	0.01597	0.00527	0.00464
9	0.01269	0.01373	0.02818	0.04458	0.06830	0.01344	0.52152	0.01667	0.01293	0.01768	0.01420	0.12335	0.01285	0.00718	0.00772	0.00204	0.06442	0.00793	0.00324	0.00734
10	0.00707	0.00513	0.00667	0.00790	0.00838	0.00474	0.00531	0.00812	0.01132	0.01492	0.03443	0.72666	0.10210	0.01791	0.00737	0.00233	0.00334	0.01615	0.00540	0.00474
11	0.01295	0.01315	0.01773	0.07312	0.01725	0.04785	0.01292	0.01443	0.00942	0.01407	0.00789	0.01284	0.00764	0.00968	0.01752	0.00246	0.69510	0.00504	0.00257	0.00638
12	0.01429	0.01034	0.01323	0.01139	0.01403	0.01066	0.06301	0.28167	0.01787	0.06645	0.05247	0.37028	0.02491	0.01216	0.00667	0.00205	0.00505	0.01076	0.00551	0.00720
13	0.01419	0.09692	0.52740	0.01580	0.02289	0.15154	0.03942	0.01941	0.01313	0.03308	0.01027	0.01195	0.00759	0.00558	0.00536	0.00173	0.00868	0.00420	0.00267	0.00816
14	0.02064	0.01465	0.01613	0.01225	0.01698	0.01533	0.01008	0.54572	0.02363	0.09782	0.01410	0.01413	0.01006	0.00652	0.00555	0.00159	0.00589	0.00497	0.00551	0.15847
15	0.01273	0.00942	0.08435	0.00897	0.01193	0.00707	0.00782	0.01575	0.01588	0.18750	0.48377	0.03360	0.03896	0.00985	0.00638	0.00178	0.00389	0.00853	0.00605	0.04576
16	0.01278	0.02537	0.52035	0.01609	0.06454	0.07969	0.01773	0.01813	0.01267	0.01818	0.01032	0.01220	0.00771	0.00533	0.00529	0.00163	0.00789	0.00414	0.00271	0.15728

[dist]
# distance from previous block
# <min> <max>
0	14

[block]
# block no. 2 follows, 40 sequences, length 8
# corresponding to MSA columns:
# 223-230
name=unknown_C
#
# <colnr> <probs for GDERKNQSTAVLIFYWHMCP>
#	G	D	E	R	K	N	Q	S	T	A	V	L	I	F	Y	W	H	M	C	P
0	0.07254	0.01073	0.01248	0.00923	0.01412	0.00900	0.00747	0.06884	0.01390	0.16892	0.01295	0.01355	0.00969	0.00515	0.00467	0.00118	0.00460	0.00403	0.00437	0.55257
1	0.01711	0.01311	0.01423	0.01097	0.01532	0.01331	0.00893	0.43797	0.02119	0.02879	0.02020	0.02017	0.12860	0.00753	0.00560	0.00155	0.00531	0.00590	0.00514	0.21905
2	0.01308	0.00805	0.01002	0.00954	0.01147	0.00794	0.00721	0.14463	0.01550	0.13886	0.08005	0.42289	0.03029	0.01381	0.00688	0.00214	0.00426	0.06096	0.00583	0.00658
3	0.01504	0.10456	0.01413	0.01049	0.01378	0.01382	0.00846	0.07775	0.44091	0.05810	0.02023	0.01957	0.01529	0.00724	0.00531	0.00175	0.00460	0.00582	0.15475	0.00839
4	0.01229	0.00931	0.01419	0.42651	0.02698	0.01014	0.01178	0.01557	0.01335	0.10617	0.17743	0.02181	0.01910	0.00715	0.00587	0.00177	0.00590	0.00623	0.00408	0.10436
5	0.02523	0.01696	0.01842	0.01509	0.01929	0.01715	0.01158	0.48572	0.02524	0.15239	0.02058	0.02447	0.01654	0.10392	0.01073	0.00312	0.00764	0.00727	0.00725	0.01141
6	0.01394	0.01331	0.13207	0.01194	0.01545	0.01114	0.01101	0.22770	0.04614	0.05290	0.04133	0.15584	0.02238	0.01128	0.00668	0.00213	0.00574	0.20640	0.00516	0.00744
7	0.01613	0.01329	0.01458	0.07306	0.01783	0.01525	0.01022	0.21004	0.50703	0.02671	0.02015	0.01924	0.01496	0.00749	0.00588	0.00191	0.00531	0.00612	0.00563	0.00916

[dist]
# distance from previous block
# <min> <max>
5	11

[block]
# block no. 3 follows, 40 sequences, length 8
# corresponding to MSA columns:
# 244-251
name=unknown_D
#
# <colnr> <probs for GDERKNQSTAVLIFYWHMCP>
#	G	D	E	R	K	N	Q	S	T	A	V	L	I	F	Y	W	H	M	C	P
0	0.02053	0.12845	0.07218	0.01350	0.01816	0.16734	0.10050	0.02397	0.05438	0.31982	0.01576	0.01547	0.01100	0.00627	0.00553	0.00169	0.00710	0.00508	0.00474	0.00852
1	0.01324	0.05047	0.45953	0.01520	0.04816	0.01276	0.01679	0.02010	0.10936	0.08271	0.01557	0.02040	0.01247	0.00719	0.00584	0.00193	0.00723	0.08900	0.00367	0.00839
2	0.18696	0.17432	0.06507	0.00965	0.01388	0.01283	0.00875	0.02154	0.06393	0.26901	0.01557	0.01536	0.01112	0.00625	0.00472	0.00165	0.00507	0.00462	0.10170	0.00799
3	0.05755	0.28510	0.18839	0.01141	0.01625	0.01563	0.01163	0.11563	0.01392	0.03748	0.05750	0.01456	0.01154	0.00948	0.05715	0.05867	0.00695	0.00455	0.00342	0.02320
4	0.01397	0.01400	0.11006	0.01257	0.01724	0.01143	0.09570	0.19949	0.01654	0.02345	0.07774	0.07111	0.01587	0.00730	0.00571	0.00160	0.00584	0.03285	0.02166	0.24588
5	0.06476	0.01376	0.04879	0.01731	0.02236	0.01256	0.37847	0.01858	0.09933	0.01949	0.01284	0.01559	0.01000	0.00776	0.05693	0.00221	0.00804	0.00574	0.00343	0.18205
6	0.14185	0.01350	0.01289	0.01074	0.01415	0.08905	0.00854	0.31500	0.03529	0.02741	0.10159	0.07192	0.01686	0.00787	0.00546	0.00171	0.00547	0.00613	0.06120	0.05337
7	0.01109	0.00824	0.00983	0.00935	0.01126	0.00815	0.00701	0.14784	0.03309	0.01992	0.04833	0.36647	0.02755	0.08032	0.00866	0.00236	0.00447	0.08736	0.00513	0.10357

[dist]
# distance from previous block
# <min> <max>
4	6

[block]
# block no. 4 follows, 40 sequences, length 6
# corresponding to MSA columns:
# 258-263
name=unknown_E
#
# <colnr> <probs for GDERKNQSTAVLIFYWHMCP>
#	G	D	E	R	K	N	Q	S	T	A	V	L	I	F	Y	W	H	M	C	P
0	0.28716	0.01011	0.01183	0.03331	0.01402	0.01011	0.03898	0.04187	0.01384	0.26584	0.09662	0.04187	0.01595	0.00710	0.00515	0.00175	0.00474	0.00563	0.03059	0.06353
1	0.00948	0.00794	0.01228	0.01716	0.25500	0.00771	0.00949	0.01130	0.01183	0.01621	0.02512	0.53656	0.02886	0.01394	0.00688	0.00215	0.00453	0.01280	0.00457	0.00620
2	0.01667	0.01019	0.01253	0.00918	0.01413	0.00801	0.00743	0.01914	0.01356	0.26338	0.01448	0.01460	0.01051	0.00526	0.00481	0.00117	0.00452	0.00423	0.00468	0.56151
3	0.01640	0.02345	0.51858	0.01453	0.02178	0.01188	0.01724	0.02167	0.01371	0.26302	0.01454	0.01475	0.00967	0.00607	0.00563	0.00183	0.00740	0.00481	0.00401	0.00902
4	0.00787	0.00639	0.00704	0.00679	0.00866	0.00579	0.00512	0.01085	0.06770	0.01883	0.28533	0.04936	0.47280	0.01330	0.00680	0.00192	0.00300	0.01128	0.00577	0.00541
5	0.01206	0.01034	0.01206	0.00861	0.01378	0.00775	0.00689	0.01464	0.01206	0.01895	0.01034	0.01206	0.00861	0.00431	0.00431	0.00086	0.00431	0.00345	0.00345	0.83118

[dist]
# distance from previous block
# <min> <max>
0	19

[block]
# block no. 5 follows, 40 sequences, length 8
# corresponding to MSA columns:
# 283-290
name=unknown_F
#
# <colnr> <probs for GDERKNQSTAVLIFYWHMCP>
#	G	D	E	R	K	N	Q	S	T	A	V	L	I	F	Y	W	H	M	C	P
0	0.16111	0.01456	0.01253	0.01055	0.01385	0.14824	0.00840	0.29320	0.01834	0.02684	0.01338	0.01461	0.01017	0.00647	0.00486	0.00161	0.00582	0.00466	0.22330	0.00751
1	0.07102	0.22281	0.02538	0.01564	0.02028	0.04515	0.26329	0.03881	0.05657	0.11961	0.01246	0.01407	0.00948	0.00586	0.00628	0.00175	0.05474	0.00519	0.00367	0.00792
2	0.00745	0.00521	0.00664	0.00763	0.00788	0.00497	0.00490	0.00819	0.01042	0.01390	0.02840	0.59161	0.03386	0.22472	0.01331	0.00323	0.00398	0.01439	0.00490	0.00440
3	0.22799	0.00734	0.00756	0.00709	0.00918	0.00737	0.00547	0.01202	0.01401	0.02237	0.40329	0.03718	0.19728	0.01079	0.00600	0.00185	0.00325	0.00895	0.00544	0.00557
4	0.01333	0.01185	0.01149	0.01062	0.01292	0.08301	0.00789	0.02339	0.45092	0.01961	0.02118	0.02692	0.01838	0.21732	0.01224	0.00293	0.00546	0.03827	0.00498	0.00729
5	0.14714	0.31962	0.16586	0.01221	0.01714	0.21861	0.01195	0.01910	0.01284	0.01672	0.00878	0.01023	0.00727	0.00542	0.00446	0.00152	0.00754	0.00352	0.00279	0.00731
6	0.00793	0.00558	0.00657	0.00701	0.00745	0.00536	0.00450	0.00857	0.01012	0.01320	0.02826	0.24240	0.12673	0.43522	0.01930	0.00409	0.00465	0.05452	0.00439	0.00414
7	0.02223	0.01407	0.01713	0.01553	0.11808	0.01467	0.01124	0.43254	0.02228	0.24775	0.01619	0.01573	0.01112	0.00680	0.00582	0.00176	0.00604	0.00541	0.00582	0.00980

[dist]
# distance from previous block
# <min> <max>
0	1

[block]
# block no. 6 follows, 40 sequences, length 6
# corresponding to MSA columns:
# 292-297
name=unknown_G
#
# <colnr> <probs for GDERKNQSTAVLIFYWHMCP>
#	G	D	E	R	K	N	Q	S	T	A	V	L	I	F	Y	W	H	M	C	P
0	0.00788	0.00580	0.00727	0.00778	0.00875	0.00527	0.00546	0.00943	0.01353	0.01825	0.28343	0.41998	0.15372	0.01572	0.00731	0.00219	0.00324	0.01389	0.00587	0.00523
1	0.00827	0.00595	0.00772	0.00787	0.00892	0.00548	0.00564	0.01029	0.01487	0.02076	0.50484	0.29906	0.04936	0.01428	0.00721	0.00208	0.00311	0.01266	0.00618	0.00544
2	0.01576	0.01629	0.01378	0.01305	0.01503	0.29920	0.01046	0.05609	0.01479	0.01739	0.01760	0.03116	0.01741	0.01043	0.00839	0.00214	0.12429	0.24866	0.06158	0.00650
3	0.02264	0.01544	0.01692	0.01298	0.01761	0.01677	0.01072	0.64506	0.02591	0.13357	0.01516	0.01474	0.01049	0.00701	0.00582	0.00175	0.00621	0.00532	0.00600	0.00989
4	0.01435	0.28290	0.03300	0.01954	0.02512	0.01754	0.48983	0.01821	0.01307	0.01694	0.01051	0.01352	0.00836	0.00493	0.00579	0.00172	0.00858	0.00558	0.00279	0.00771
5	0.01338	0.01468	0.02869	0.02136	0.02523	0.01577	0.49078	0.01705	0.01208	0.01705	0.01036	0.01468	0.00842	0.00670	0.01103	0.00216	0.27420	0.00626	0.00281	0.00734

[dist]
# distance from previous block
# <min> <max>
0	1

[block]
# block no. 7 follows, 40 sequences, length 39
# corresponding to MSA columns:
# 299-337
name=unknown_H
#
# <colnr> <probs for GDERKNQSTAVLIFYWHMCP>
#	G	D	E	R	K	N	Q	S	T	A	V	L	I	F	Y	W	H	M	C	P
0	0.01370	0.01304	0.02181	0.18615	0.57490	0.01367	0.01706	0.01791	0.05067	0.01843	0.01147	0.01499	0.00935	0.00545	0.00578	0.00178	0.00696	0.00525	0.00297	0.00865
1	0.01084	0.00671	0.00753	0.00686	0.00932	0.00568	0.00531	0.01253	0.01409	0.16809	0.08438	0.04802	0.57300	0.01306	0.00666	0.00192	0.00334	0.01088	0.00581	0.00595
2	0.01555	0.79913	0.03047	0.00995	0.01493	0.02301	0.00995	0.01741	0.01182	0.01368	0.00808	0.00933	0.00746	0.00498	0.00373	0.00124	0.00622	0.00311	0.00249	0.00746
3	0.02177	0.01437	0.01665	0.09225	0.01966	0.01558	0.01107	0.52024	0.02354	0.18216	0.01541	0.01531	0.01058	0.00690	0.00582	0.00178	0.00624	0.00535	0.00576	0.00954
4	0.00816	0.00617	0.00627	0.00618	0.00807	0.00557	0.00466	0.01077	0.05442	0.01770	0.07549	0.04659	0.53778	0.01262	0.00625	0.00184	0.00298	0.01049	0.17271	0.00528
5	0.01633	0.02372	0.48077	0.01483	0.02190	0.01355	0.01708	0.16688	0.01611	0.15351	0.01336	0.01395	0.00912	0.00612	0.00564	0.00181	0.00750	0.00476	0.00398	0.00909
6	0.01575	0.55285	0.02503	0.00998	0.01486	0.06115	0.00932	0.01777	0.01239	0.05527	0.00940	0.01051	0.00807	0.00502	0.00405	0.00121	0.00600	0.00336	0.00297	0.17504
7	0.01423	0.01439	0.01501	0.01320	0.01411	0.17385	0.01065	0.01584	0.01117	0.01561	0.01022	0.01407	0.00908	0.00861	0.01312	0.00208	0.46316	0.00487	0.17046	0.00625
8	0.00879	0.00684	0.00974	0.16476	0.01507	0.00700	0.00766	0.01176	0.01548	0.02160	0.60461	0.03776	0.04529	0.01065	0.00665	0.00185	0.00376	0.00943	0.00563	0.00568
9	0.02182	0.02477	0.01673	0.01457	0.01799	0.57819	0.01119	0.20767	0.01927	0.02000	0.01027	0.01138	0.00811	0.00625	0.00539	0.00156	0.00943	0.00413	0.00372	0.00755
10	0.01554	0.01166	0.01362	0.10591	0.01752	0.01284	0.00969	0.28924	0.16310	0.06014	0.02196	0.17639	0.05755	0.00973	0.00622	0.00195	0.00534	0.00820	0.00540	0.00801
11	0.02324	0.00999	0.01320	0.00999	0.01463	0.00839	0.00821	0.02555	0.01571	0.61201	0.02038	0.01822	0.01322	0.00661	0.00553	0.00161	0.00482	0.00536	0.00643	0.17689
12	0.02139	0.00873	0.01185	0.00975	0.01325	0.00763	0.00776	0.02341	0.01552	0.57639	0.05927	0.17789	0.02119	0.00966	0.00622	0.00192	0.00452	0.00824	0.00679	0.00864
13	0.01552	0.00904	0.01117	0.00931	0.01213	0.00880	0.00738	0.16355	0.01872	0.21114	0.42192	0.03153	0.03560	0.00972	0.00639	0.00180	0.00404	0.00828	0.00648	0.00749
14	0.01989	0.02467	0.01675	0.01504	0.01743	0.61888	0.01154	0.02135	0.01494	0.01418	0.00871	0.01094	0.00752	0.00684	0.00806	0.00171	0.16797	0.00402	0.00290	0.00666
15	0.00962	0.00772	0.01109	0.01318	0.16148	0.00740	0.00808	0.01284	0.03500	0.02231	0.57098	0.03722	0.05920	0.01048	0.00661	0.00181	0.00364	0.00936	0.00565	0.00633
16	0.01093	0.02361	0.54953	0.01471	0.02144	0.01163	0.05040	0.01663	0.01335	0.01961	0.19018	0.01994	0.01888	0.00703	0.00591	0.00184	0.00724	0.00591	0.00343	0.00781
17	0.01066	0.02451	0.59593	0.01466	0.02143	0.01156	0.01789	0.01617	0.01213	0.01779	0.02989	0.17142	0.01465	0.00823	0.00594	0.00195	0.00741	0.00691	0.00313	0.00774
18	0.67188	0.01097	0.00955	0.00820	0.01198	0.01213	0.00676	0.01938	0.01127	0.17601	0.01112	0.01155	0.00794	0.00576	0.00406	0.00180	0.00459	0.00370	0.00433	0.00703
19	0.01636	0.01402	0.01450	0.01302	0.03830	0.05079	0.00994	0.17432	0.54553	0.02620	0.02062	0.01938	0.01541	0.00753	0.00586	0.00190	0.00531	0.00613	0.00567	0.00923
20	0.01267	0.01193	0.02040	0.07299	0.52535	0.01196	0.05412	0.01573	0.01274	0.01789	0.01524	0.17261	0.01505	0.00785	0.00616	0.00188	0.00640	0.00758	0.00338	0.00806
21	0.01991	0.02163	0.01795	0.01868	0.16858	0.41705	0.01243	0.17318	0.05918	0.02048	0.01125	0.01264	0.00892	0.00614	0.00551	0.00162	0.00857	0.00451	0.00373	0.00804
22	0.00749	0.00524	0.00700	0.00791	0.00844	0.00490	0.00540	0.00865	0.01202	0.01630	0.17808	0.59624	0.04021	0.01704	0.00817	0.04872	0.00334	0.01466	0.00544	0.00476
23	0.55613	0.01157	0.01207	0.16613	0.01838	0.01334	0.03407	0.07277	0.01190	0.04375	0.00952	0.01151	0.00717	0.00563	0.00439	0.00183	0.00550	0.00392	0.00364	0.00676
24	0.01378	0.01729	0.17541	0.03081	0.54527	0.01383	0.08263	0.01803	0.01309	0.01885	0.01091	0.01408	0.00880	0.00523	0.00581	0.00177	0.00751	0.00515	0.00280	0.00896
25	0.02693	0.01066	0.01421	0.01107	0.01560	0.00918	0.00899	0.02885	0.01724	0.75134	0.02382	0.02118	0.01533	0.00790	0.00631	0.00200	0.00532	0.00618	0.00750	0.01040
26	0.02417	0.01136	0.05576	0.01109	0.01551	0.00912	0.00938	0.02640	0.01698	0.62878	0.10315	0.02334	0.01935	0.00832	0.00640	0.00200	0.00528	0.00660	0.00715	0.00985
27	0.27193	0.01444	0.06547	0.08880	0.40672	0.01402	0.01461	0.01809	0.01266	0.02179	0.01105	0.01429	0.00909	0.00606	0.00553	0.00198	0.00667	0.00483	0.00343	0.00855
28	0.00927	0.00643	0.00957	0.00940	0.01063	0.00734	0.00734	0.01135	0.00974	0.05400	0.01597	0.02268	0.01453	0.04165	0.73118	0.00894	0.01500	0.00621	0.00334	0.00545
29	0.01439	0.01382	0.02360	0.03569	0.75936	0.01382	0.01785	0.01785	0.01324	0.01900	0.01094	0.01439	0.00921	0.00518	0.00576	0.00173	0.00691	0.00518	0.00288	0.00921
30	0.00709	0.00506	0.00675	0.00810	0.00843	0.00472	0.00540	0.00810	0.01113	0.01484	0.03205	0.79184	0.03846	0.01822	0.00742	0.00236	0.00337	0.01653	0.00540	0.00472
31	0.02549	0.01003	0.01348	0.01042	0.01486	0.00885	0.00858	0.02847	0.05422	0.72545	0.02298	0.01989	0.01457	0.00723	0.00585	0.00181	0.00493	0.00589	0.00713	0.00986
32	0.01790	0.00801	0.01079	0.00893	0.01190	0.00709	0.00708	0.02002	0.01594	0.41926	0.30167	0.02940	0.04492	0.00995	0.00731	0.05383	0.00407	0.00771	0.00656	0.00765
33	0.00740	0.00539	0.00708	0.00813	0.00877	0.00491	0.00549	0.00851	0.01119	0.01510	0.03069	0.74290	0.03659	0.01735	0.00723	0.00227	0.00343	0.01571	0.00528	0.05658
34	0.01199	0.01034	0.01240	0.05712	0.01543	0.00808	0.00747	0.01466	0.01203	0.01869	0.01034	0.01227	0.00856	0.00440	0.00440	0.00093	0.00452	0.00355	0.00339	0.77943
35	0.01041	0.00643	0.00844	0.00775	0.00943	0.00590	0.00590	0.01295	0.01596	0.11043	0.60400	0.04118	0.04752	0.05171	0.00795	0.00205	0.00325	0.03652	0.00631	0.00591
36	0.02443	0.00963	0.01303	0.01013	0.01436	0.00842	0.00831	0.02700	0.03115	0.68935	0.08179	0.02173	0.01771	0.00759	0.00593	0.00181	0.00476	0.00624	0.00711	0.00953
37	0.83671	0.01125	0.00855	0.00765	0.01125	0.01305	0.00630	0.01709	0.00990	0.02609	0.00810	0.00945	0.00630	0.00540	0.00360	0.00180	0.00450	0.00315	0.00360	0.00630
38	0.07600	0.01014	0.01325	0.02602	0.01515	0.00925	0.00860	0.02750	0.05719	0.66037	0.02179	0.01916	0.01394	0.00710	0.00571	0.00181	0.00496	0.00571	0.00681	0.00956

[dist]
# distance from previous block
# <min> <max>
11	77

# created by:
# /software/SequenceAnalysis/GenePrediction/augustus/3.0.1/scripts/msa2prfl.pl ./fixed/BUSCOvEOG7K0S3B.fas
