[name]
unknown

[dist]
# distance from previous block
# <min> <max>
0	39

[block]
# block no. 0 follows, 40 sequences, length 6
# corresponding to MSA columns:
# 42-47
name=unknown_A
#
# <colnr> <probs for GDERKNQSTAVLIFYWHMCP>
#	G	D	E	R	K	N	Q	S	T	A	V	L	I	F	Y	W	H	M	C	P
0	0.01155	0.01214	0.06342	0.49564	0.03284	0.01213	0.09719	0.01546	0.01199	0.01631	0.01051	0.01465	0.00802	0.00539	0.00562	0.00172	0.00735	0.00497	0.00279	0.17031
1	0.01146	0.18484	0.42975	0.01321	0.01907	0.01343	0.01525	0.01579	0.01195	0.01664	0.01519	0.19802	0.01489	0.00849	0.00564	0.00185	0.00687	0.00700	0.00319	0.00747
2	0.00984	0.16347	0.01323	0.00916	0.01086	0.01024	0.00739	0.01161	0.00978	0.01334	0.01449	0.02208	0.01399	0.12589	0.53034	0.00730	0.01254	0.00590	0.00307	0.00548
3	0.00887	0.00743	0.01148	0.34638	0.02232	0.00836	0.01013	0.01111	0.01140	0.01492	0.02261	0.45154	0.02507	0.01283	0.00675	0.00219	0.00532	0.01157	0.00419	0.00552
4	0.01580	0.01025	0.01194	0.01057	0.01332	0.01108	0.00811	0.02485	0.42567	0.16756	0.02034	0.02045	0.01532	0.01074	0.00995	0.19998	0.00480	0.00609	0.00538	0.00778
5	0.63849	0.01108	0.01073	0.19263	0.01819	0.01305	0.00869	0.01661	0.01036	0.02347	0.00871	0.01100	0.00672	0.00555	0.00416	0.00185	0.00530	0.00366	0.00338	0.00638

[dist]
# distance from previous block
# <min> <max>
0	9

[block]
# block no. 1 follows, 40 sequences, length 8
# corresponding to MSA columns:
# 57-64
name=unknown_B
#
# <colnr> <probs for GDERKNQSTAVLIFYWHMCP>
#	G	D	E	R	K	N	Q	S	T	A	V	L	I	F	Y	W	H	M	C	P
0	0.01323	0.01235	0.01963	0.15178	0.44953	0.01211	0.01476	0.01653	0.01267	0.01830	0.01068	0.01398	0.00882	0.00506	0.00539	0.00154	0.00638	0.00473	0.00298	0.21954
1	0.01985	0.21210	0.01733	0.01072	0.03834	0.01244	0.00881	0.02305	0.06808	0.40027	0.06968	0.02077	0.05898	0.00737	0.00543	0.00168	0.00505	0.00586	0.00560	0.00861
2	0.02122	0.00866	0.01176	0.00977	0.01320	0.00757	0.00774	0.02315	0.01523	0.57143	0.02528	0.21777	0.02057	0.01002	0.00625	0.00194	0.00454	0.00859	0.00674	0.00857
3	0.01237	0.00697	0.00867	0.00817	0.01033	0.00624	0.00626	0.01458	0.03536	0.20842	0.11756	0.21929	0.25486	0.01319	0.00678	0.00204	0.00373	0.05284	0.00598	0.00636
4	0.01187	0.02037	0.42899	0.01406	0.02002	0.01090	0.07476	0.01697	0.01394	0.07378	0.22997	0.02223	0.02191	0.00746	0.00605	0.00184	0.00672	0.00644	0.00399	0.00772
5	0.01126	0.02366	0.57114	0.01427	0.02066	0.01134	0.01727	0.01564	0.01107	0.01628	0.01035	0.01366	0.00807	0.00929	0.00994	0.21442	0.00769	0.00449	0.00247	0.00704
6	0.00706	0.00585	0.00621	0.00645	0.00819	0.00501	0.00485	0.00856	0.01303	0.01573	0.05412	0.13735	0.63072	0.01520	0.00701	0.00205	0.00315	0.05914	0.00540	0.00492
7	0.01249	0.01171	0.02047	0.14184	0.35863	0.01197	0.11334	0.01601	0.01310	0.01791	0.01605	0.02787	0.01516	0.00803	0.00650	0.00203	0.00703	0.18877	0.00348	0.00762

[dist]
# distance from previous block
# <min> <max>
0	1

[block]
# block no. 2 follows, 40 sequences, length 31
# corresponding to MSA columns:
# 66-96
name=unknown_C
#
# <colnr> <probs for GDERKNQSTAVLIFYWHMCP>
#	G	D	E	R	K	N	Q	S	T	A	V	L	I	F	Y	W	H	M	C	P
0	0.01402	0.01174	0.01906	0.30346	0.31241	0.01221	0.02814	0.01743	0.01286	0.09320	0.01188	0.01508	0.00912	0.00550	0.00563	0.00171	0.00675	0.00506	0.00328	0.11147
1	0.00720	0.00538	0.00690	0.00781	0.00856	0.00508	0.00544	0.00843	0.01134	0.01485	0.03540	0.54690	0.18032	0.02070	0.10340	0.00316	0.00482	0.01438	0.00511	0.00482
2	0.01524	0.01400	0.02260	0.06048	0.63966	0.01431	0.01693	0.10842	0.01495	0.02106	0.01130	0.01438	0.00924	0.00543	0.00577	0.00174	0.00688	0.00519	0.00324	0.00919
3	0.01158	0.06230	0.57570	0.01552	0.03507	0.01268	0.03946	0.01710	0.01223	0.03133	0.01363	0.12178	0.01194	0.00729	0.00575	0.00189	0.00769	0.00608	0.00298	0.00801
4	0.01192	0.02827	0.67368	0.01757	0.02582	0.01366	0.11150	0.01844	0.01246	0.01844	0.01060	0.01271	0.00755	0.00545	0.00569	0.00186	0.00875	0.00462	0.00252	0.00850
5	0.01462	0.01530	0.02960	0.02166	0.02646	0.01561	0.53274	0.10849	0.01468	0.02016	0.01139	0.01500	0.00877	0.00599	0.00865	0.00203	0.13137	0.00638	0.00324	0.00787
6	0.01206	0.01103	0.01760	0.18505	0.38437	0.01147	0.01388	0.04327	0.01319	0.01786	0.01993	0.11774	0.11148	0.00829	0.00613	0.00188	0.00610	0.00754	0.00358	0.00752
7	0.01333	0.01285	0.02197	0.18549	0.44274	0.01296	0.08941	0.01691	0.01281	0.01810	0.01082	0.01446	0.00879	0.00517	0.00570	0.00169	0.00705	0.00513	0.00290	0.11173
8	0.00770	0.00552	0.00736	0.00817	0.00894	0.00518	0.00589	0.00942	0.01298	0.01767	0.24725	0.48340	0.04275	0.01608	0.00733	0.00224	0.00342	0.09798	0.00569	0.00503
9	0.01117	0.00998	0.01675	0.61848	0.09958	0.01201	0.01491	0.01421	0.01126	0.01463	0.01036	0.01568	0.00818	0.00756	0.00793	0.10601	0.00734	0.00515	0.00260	0.00621
10	0.01126	0.02701	0.67016	0.01529	0.02280	0.01252	0.01923	0.01717	0.01180	0.01752	0.01143	0.01551	0.00910	0.10475	0.00855	0.00232	0.00822	0.00482	0.00259	0.00796
11	0.01192	0.02827	0.67368	0.01757	0.02582	0.01366	0.11150	0.01844	0.01246	0.01844	0.01060	0.01271	0.00755	0.00545	0.00569	0.00186	0.00875	0.00462	0.00252	0.00850
12	0.01097	0.00984	0.01622	0.70268	0.03667	0.01216	0.01492	0.01472	0.01169	0.01555	0.01121	0.01613	0.00848	0.00591	0.00564	0.00188	0.00724	0.00519	0.08656	0.00635
13	0.01272	0.01272	0.01781	0.01527	0.01527	0.01781	0.01272	0.01399	0.00891	0.01399	0.00763	0.01272	0.00763	0.01018	0.01908	0.00254	0.78499	0.00509	0.00254	0.00636
14	0.01386	0.01486	0.03004	0.05436	0.28192	0.01434	0.46520	0.01823	0.01349	0.01863	0.01143	0.01523	0.00892	0.00503	0.00645	0.00188	0.00874	0.00623	0.00291	0.00827
15	0.01178	0.02939	0.73401	0.01739	0.05633	0.01352	0.02133	0.01839	0.01232	0.01844	0.01046	0.01237	0.00744	0.00551	0.00553	0.00184	0.00852	0.00433	0.00247	0.00862
16	0.00876	0.00689	0.01021	0.00995	0.01088	0.00834	0.00782	0.01075	0.00930	0.01355	0.01477	0.02182	0.01384	0.04021	0.69592	0.00865	0.09386	0.00611	0.00306	0.00531
17	0.00817	0.00614	0.00772	0.00861	0.00956	0.00603	0.00624	0.01108	0.08688	0.01656	0.06192	0.52391	0.09695	0.01633	0.00728	0.00231	0.00370	0.10979	0.00548	0.00531
18	0.01404	0.01346	0.02297	0.11289	0.68492	0.01372	0.01767	0.01754	0.01307	0.01857	0.01088	0.01451	0.00906	0.00525	0.00576	0.00175	0.00700	0.00518	0.00285	0.00893
19	0.00887	0.00638	0.00874	0.00984	0.01108	0.00625	0.00828	0.01129	0.01342	0.01762	0.10595	0.15241	0.06697	0.01585	0.00779	0.00252	0.00474	0.53126	0.00547	0.00527
20	0.00709	0.00506	0.00675	0.00810	0.00843	0.00472	0.00540	0.00810	0.01113	0.01484	0.03205	0.79184	0.03846	0.01822	0.00742	0.00236	0.00337	0.01653	0.00540	0.00472
21	0.02155	0.01149	0.01792	0.04341	0.20837	0.01071	0.06785	0.03826	0.01559	0.47545	0.01840	0.01783	0.01232	0.00645	0.00590	0.00180	0.00595	0.00572	0.00558	0.00945
22	0.01206	0.10832	0.69072	0.01590	0.02413	0.01447	0.02031	0.01831	0.01223	0.01793	0.01020	0.01198	0.00738	0.00547	0.00534	0.00178	0.00835	0.00418	0.00246	0.00848
23	0.01098	0.01034	0.01744	0.78165	0.04005	0.01292	0.01615	0.01486	0.01163	0.01486	0.01034	0.01550	0.00775	0.00581	0.00581	0.00194	0.00775	0.00517	0.00258	0.00646
24	0.01239	0.02448	0.51105	0.04458	0.04812	0.01379	0.12291	0.01995	0.10989	0.01912	0.01239	0.01419	0.00902	0.00575	0.00579	0.00188	0.00816	0.00503	0.00300	0.00851
25	0.01223	0.12775	0.64597	0.01601	0.02404	0.01476	0.04520	0.01830	0.01227	0.01782	0.01018	0.01202	0.00743	0.00543	0.00534	0.00177	0.00833	0.00424	0.00248	0.00842
26	0.02609	0.00990	0.01350	0.01035	0.01484	0.00855	0.00855	0.02834	0.01664	0.76338	0.02294	0.01979	0.01439	0.00720	0.00585	0.00180	0.00495	0.00585	0.00720	0.00990
27	0.00709	0.00506	0.00675	0.00810	0.00843	0.00472	0.00540	0.00810	0.01113	0.01484	0.03205	0.79184	0.03846	0.01822	0.00742	0.00236	0.00337	0.01653	0.00540	0.00472
28	0.03687	0.11384	0.57325	0.01537	0.02290	0.01418	0.05302	0.01852	0.01240	0.04766	0.01092	0.01260	0.00792	0.00553	0.00530	0.00176	0.00795	0.00435	0.02735	0.00832
29	0.09653	0.07942	0.57500	0.01560	0.04413	0.01437	0.01847	0.05833	0.01287	0.01991	0.01025	0.01194	0.00746	0.00555	0.00523	0.00179	0.00784	0.00418	0.00277	0.00837
30	0.04732	0.01067	0.05462	0.01043	0.01475	0.00869	0.00897	0.02569	0.01567	0.62990	0.02218	0.04416	0.01531	0.03361	0.00666	0.00197	0.00513	0.02847	0.00660	0.00921

[dist]
# distance from previous block
# <min> <max>
0	5

[block]
# block no. 3 follows, 40 sequences, length 11
# corresponding to MSA columns:
# 103-113
name=unknown_D
#
# <colnr> <probs for GDERKNQSTAVLIFYWHMCP>
#	G	D	E	R	K	N	Q	S	T	A	V	L	I	F	Y	W	H	M	C	P
0	0.00705	0.00519	0.00661	0.00774	0.00834	0.00475	0.00524	0.00814	0.01147	0.01498	0.03636	0.67392	0.15360	0.01766	0.00733	0.00230	0.00331	0.01585	0.00540	0.00475
1	0.01324	0.25076	0.43133	0.01389	0.02058	0.01642	0.01617	0.02013	0.13017	0.01799	0.01187	0.01293	0.00906	0.00574	0.00507	0.00169	0.00726	0.00432	0.00302	0.00836
2	0.01278	0.11746	0.20523	0.22421	0.02613	0.01512	0.09780	0.01936	0.14562	0.01769	0.01250	0.01490	0.00955	0.00615	0.00636	0.00187	0.05119	0.00513	0.00318	0.00777
3	0.19938	0.00729	0.00830	0.00837	0.01016	0.00727	0.00613	0.01356	0.01178	0.14365	0.02506	0.48330	0.02707	0.01344	0.00629	0.00214	0.00390	0.01168	0.00529	0.00595
4	0.00786	0.00578	0.00736	0.00729	0.00854	0.00528	0.00534	0.01014	0.01511	0.02086	0.54081	0.18070	0.13657	0.01338	0.00696	0.00194	0.00288	0.01182	0.00610	0.00528
5	0.01243	0.01055	0.01155	0.01030	0.01343	0.01108	0.00789	0.02286	0.44565	0.02130	0.02400	0.14479	0.05473	0.00915	0.00588	0.00181	0.00427	0.00781	0.00531	0.17523
6	0.05584	0.04781	0.01531	0.01451	0.13351	0.01162	0.00997	0.17519	0.01687	0.28384	0.01938	0.15676	0.01627	0.00864	0.00591	0.00185	0.00533	0.00730	0.00550	0.00857
7	0.01477	0.01433	0.01803	0.04670	0.29562	0.13398	0.06992	0.02011	0.13880	0.01946	0.01430	0.01647	0.01134	0.00606	0.00548	0.00169	0.00659	0.00536	0.15306	0.00793
8	0.01684	0.01567	0.01432	0.01262	0.01600	0.15224	0.00987	0.14250	0.47605	0.02424	0.01969	0.01988	0.01515	0.00767	0.00585	0.00187	0.00598	0.02946	0.00535	0.00874
9	0.01174	0.02650	0.62883	0.01513	0.02310	0.01246	0.01884	0.01773	0.01224	0.01851	0.01042	0.01224	0.00759	0.00530	0.00530	0.00166	0.00782	0.00414	0.00264	0.15780
10	0.01870	0.01328	0.01417	0.01121	0.01504	0.01445	0.00913	0.50886	0.05064	0.03187	0.01540	0.01604	0.01135	0.00686	0.00534	0.00162	0.00536	0.00526	0.20416	0.04127

[dist]
# distance from previous block
# <min> <max>
7	12

[block]
# block no. 4 follows, 40 sequences, length 25
# corresponding to MSA columns:
# 130-154
name=unknown_E
#
# <colnr> <probs for GDERKNQSTAVLIFYWHMCP>
#	G	D	E	R	K	N	Q	S	T	A	V	L	I	F	Y	W	H	M	C	P
0	0.01546	0.01277	0.01356	0.01180	0.01523	0.01452	0.00928	0.16230	0.56397	0.02641	0.05541	0.02203	0.03484	0.00807	0.00597	0.00193	0.00482	0.00664	0.00591	0.00908
1	0.00808	0.00574	0.00734	0.00730	0.00823	0.00538	0.00513	0.01000	0.01403	0.01958	0.48751	0.18265	0.04573	0.15424	0.01107	0.00262	0.00339	0.01128	0.00570	0.00500
2	0.01266	0.01000	0.01076	0.00985	0.01243	0.01116	0.00759	0.02405	0.47878	0.02368	0.16005	0.02579	0.02421	0.00845	0.00577	0.00184	0.00392	0.00711	0.15406	0.00784
3	0.01009	0.00796	0.00956	0.00839	0.01082	0.00754	0.00643	0.01526	0.14756	0.02270	0.48441	0.03366	0.03953	0.00976	0.00622	0.00168	0.00338	0.00849	0.00577	0.16081
4	0.01591	0.01322	0.01397	0.01214	0.01568	0.01514	0.00956	0.16371	0.61350	0.02665	0.02187	0.02027	0.01629	0.00773	0.00591	0.00193	0.00495	0.00633	0.00590	0.00934
5	0.01326	0.01187	0.01590	0.01323	0.01641	0.01293	0.14473	0.02457	0.47760	0.02092	0.02049	0.02354	0.01671	0.14922	0.01037	0.00263	0.00577	0.00697	0.00493	0.00794
6	0.01164	0.00686	0.00771	0.00703	0.00936	0.00615	0.00543	0.01422	0.04551	0.15782	0.10018	0.04054	0.39524	0.01137	0.00614	0.00182	0.00334	0.00945	0.15399	0.00618
7	0.01839	0.01335	0.01418	0.01145	0.01517	0.01477	0.00927	0.46041	0.15414	0.03132	0.01677	0.01699	0.01237	0.00711	0.00548	0.00171	0.00531	0.00552	0.17745	0.00884
8	0.01563	0.53993	0.05367	0.01175	0.01573	0.10816	0.01103	0.01752	0.01186	0.01400	0.00821	0.01021	0.00751	0.00606	0.00675	0.00153	0.14707	0.00359	0.00256	0.00723
9	0.01121	0.00598	0.00818	0.00844	0.00950	0.00551	0.00593	0.01181	0.01154	0.15420	0.02640	0.50759	0.02886	0.01652	0.00989	0.15147	0.00398	0.01247	0.00522	0.00531
10	0.01703	0.50944	0.02502	0.01100	0.01499	0.01937	0.01019	0.01886	0.01221	0.15417	0.01081	0.01193	0.00881	0.00634	0.00690	0.00159	0.14625	0.00399	0.00339	0.00773
11	0.16274	0.00648	0.00731	0.00799	0.00914	0.00645	0.00558	0.01009	0.01087	0.01703	0.02620	0.58712	0.03060	0.04052	0.00730	0.00230	0.00371	0.01320	0.00492	0.04043
12	0.02156	0.01602	0.01714	0.01328	0.01783	0.01778	0.01092	0.68712	0.08090	0.03575	0.01470	0.01456	0.01049	0.00706	0.00583	0.00177	0.00627	0.00534	0.00583	0.00985
13	0.41380	0.04296	0.04513	0.00899	0.01339	0.01138	0.00779	0.01948	0.01215	0.20463	0.01228	0.01262	0.00883	0.00564	0.00438	0.00161	0.00483	0.00392	0.00436	0.16183
14	0.01975	0.03595	0.01665	0.01234	0.01625	0.00992	0.14439	0.02271	0.04720	0.43087	0.01958	0.02208	0.01451	0.14874	0.01026	0.00251	0.00601	0.00646	0.00553	0.00826
15	0.01347	0.00994	0.01555	0.33032	0.05422	0.01143	0.03401	0.01614	0.01217	0.14984	0.01636	0.16125	0.01479	0.00900	0.00815	0.00208	0.12296	0.00746	0.00397	0.00690
16	0.00788	0.00616	0.00857	0.04301	0.01092	0.00572	0.03822	0.00918	0.01155	0.01516	0.03316	0.52327	0.16270	0.01594	0.00776	0.03783	0.00390	0.01378	0.00496	0.04033
17	0.00991	0.00714	0.00866	0.00894	0.01003	0.00720	0.00629	0.13995	0.01388	0.01854	0.02784	0.59863	0.03211	0.07075	0.00870	0.00248	0.00408	0.01393	0.00535	0.00558
18	0.40543	0.01264	0.06215	0.04533	0.01488	0.01308	0.00921	0.01667	0.04214	0.02145	0.00936	0.01155	0.00762	0.00624	0.00697	0.00179	0.15108	0.00389	0.00336	0.15517
19	0.00872	0.00604	0.00765	0.00776	0.00886	0.00548	0.00534	0.01010	0.01204	0.04212	0.17619	0.40010	0.03502	0.15522	0.01095	0.00268	0.00380	0.01221	0.00515	0.08455
20	0.05193	0.05807	0.01536	0.01135	0.01509	0.01346	0.00936	0.16763	0.07905	0.11956	0.01346	0.02381	0.01047	0.00688	0.00760	0.00165	0.14557	0.00483	0.00446	0.24040
21	0.01342	0.07135	0.01610	0.01285	0.04670	0.01268	0.04873	0.05850	0.09855	0.05752	0.01389	0.04188	0.01191	0.01381	0.14607	0.00312	0.15327	0.00553	0.00379	0.17033
22	0.01289	0.01121	0.01139	0.03439	0.01339	0.09584	0.02085	0.05881	0.04959	0.02887	0.02175	0.03116	0.14533	0.00769	0.00579	0.00149	0.03830	0.00607	0.15842	0.24675
23	0.10155	0.06474	0.28077	0.01538	0.02084	0.01248	0.20019	0.01621	0.01215	0.01839	0.01445	0.15869	0.01352	0.00766	0.00587	0.00190	0.00719	0.00703	0.00330	0.03768
24	0.11609	0.01695	0.20496	0.01437	0.01983	0.03967	0.13678	0.02180	0.01447	0.27759	0.05487	0.01749	0.01301	0.00669	0.00592	0.00192	0.00691	0.00562	0.00476	0.02030

[dist]
# distance from previous block
# <min> <max>
10	24

[block]
# block no. 5 follows, 40 sequences, length 25
# corresponding to MSA columns:
# 181-205
name=unknown_F
#
# <colnr> <probs for GDERKNQSTAVLIFYWHMCP>
#	G	D	E	R	K	N	Q	S	T	A	V	L	I	F	Y	W	H	M	C	P
0	0.00849	0.00607	0.00815	0.00946	0.01025	0.00580	0.00721	0.01005	0.01233	0.01630	0.03183	0.49340	0.03665	0.01756	0.00785	0.00257	0.00434	0.30096	0.00552	0.00522
1	0.01295	0.01030	0.01219	0.02582	0.01436	0.00799	0.00725	0.01534	0.01252	0.05702	0.01254	0.04740	0.01074	0.00545	0.00475	0.00110	0.00450	0.00437	0.01939	0.71403
2	0.01315	0.01239	0.02080	0.40196	0.40127	0.01360	0.01713	0.01666	0.01272	0.01736	0.01109	0.01554	0.00892	0.00579	0.00597	0.00191	0.00746	0.00532	0.00289	0.00807
3	0.01472	0.01439	0.02547	0.03408	0.64197	0.01417	0.12900	0.01825	0.01358	0.01934	0.01151	0.01520	0.00957	0.00544	0.00612	0.00185	0.00749	0.00558	0.00304	0.00921
4	0.02296	0.01397	0.01598	0.01227	0.01692	0.01427	0.01005	0.44216	0.02275	0.27379	0.01703	0.01633	0.01168	0.00712	0.00589	0.00177	0.00589	0.00543	0.00621	0.07753
5	0.20280	0.01163	0.01668	0.40777	0.14672	0.01377	0.01396	0.01608	0.01152	0.01846	0.01012	0.01427	0.00807	0.00631	0.00670	0.00201	0.07819	0.00484	0.00302	0.00709
6	0.01682	0.53736	0.06161	0.01286	0.01771	0.16747	0.07761	0.01898	0.01320	0.01489	0.00917	0.01091	0.00802	0.00549	0.00460	0.00147	0.00763	0.00379	0.00278	0.00763
7	0.01227	0.01037	0.01201	0.00912	0.01376	0.00826	0.00713	0.01562	0.06692	0.01941	0.01356	0.07742	0.01217	0.00602	0.00488	0.00116	0.00441	0.00491	0.00394	0.69667
8	0.00765	0.00574	0.00677	0.00750	0.00836	0.00517	0.00508	0.00857	0.01179	0.01514	0.03933	0.46590	0.26568	0.10648	0.00997	0.00269	0.00366	0.01431	0.00532	0.00489
9	0.00802	0.00574	0.00761	0.00893	0.00951	0.00540	0.00640	0.00924	0.01187	0.01578	0.03209	0.64164	0.03767	0.01800	0.00772	0.00250	0.00393	0.15731	0.00553	0.00509
10	0.02236	0.02020	0.01741	0.01416	0.01830	0.25860	0.01128	0.50666	0.02405	0.02977	0.01280	0.01346	0.00954	0.00695	0.00582	0.00175	0.00784	0.00490	0.00505	0.00909
11	0.01437	0.01571	0.06010	0.02945	0.36113	0.01447	0.37643	0.01854	0.01371	0.01918	0.01177	0.01555	0.00936	0.00536	0.00649	0.00193	0.00856	0.00612	0.00305	0.00872
12	0.01312	0.01237	0.02076	0.40684	0.39656	0.01359	0.01712	0.01664	0.01271	0.01733	0.01108	0.01555	0.00891	0.00580	0.00597	0.00191	0.00747	0.00532	0.00289	0.00805
13	0.00853	0.00713	0.00717	0.00706	0.00917	0.00614	0.00522	0.01042	0.05140	0.01725	0.05738	0.05503	0.70639	0.01499	0.00730	0.00218	0.00347	0.01222	0.00579	0.00577
14	0.01848	0.01454	0.01862	0.25927	0.02604	0.01609	0.05826	0.41625	0.02120	0.02857	0.01402	0.01653	0.01048	0.00723	0.00629	0.00202	0.00724	0.00570	0.04417	0.00900
15	0.02242	0.01638	0.01712	0.01365	0.01800	0.05539	0.01106	0.57429	0.04362	0.08955	0.01657	0.01841	0.01252	0.00812	0.00635	0.00199	0.00671	0.03685	0.02100	0.00998
16	0.00835	0.00598	0.00764	0.00892	0.00937	0.00547	0.00594	0.00903	0.01188	0.01596	0.03282	0.77878	0.03902	0.01877	0.00789	0.00257	0.00380	0.01669	0.00576	0.00536
17	0.01683	0.01474	0.01457	0.01296	0.01641	0.07158	0.00999	0.09578	0.61528	0.02565	0.02262	0.02161	0.01722	0.00841	0.00635	0.00213	0.00561	0.00659	0.00604	0.00964
18	0.02415	0.01136	0.01418	0.01149	0.01572	0.01067	0.00919	0.02951	0.19632	0.56969	0.02406	0.02175	0.01623	0.00812	0.00636	0.00206	0.00526	0.00639	0.00721	0.01027
19	0.02121	0.01516	0.01779	0.01368	0.01827	0.01639	0.06208	0.54058	0.09537	0.11519	0.01575	0.01549	0.01108	0.00695	0.00590	0.00179	0.00630	0.00555	0.00578	0.00968
20	0.00709	0.00506	0.00675	0.00810	0.00843	0.00472	0.00540	0.00810	0.01113	0.01484	0.03205	0.79184	0.03846	0.01822	0.00742	0.00236	0.00337	0.01653	0.00540	0.00472
21	0.01624	0.01584	0.01752	0.01479	0.01631	0.13416	0.01211	0.18029	0.01426	0.01918	0.00928	0.01266	0.00812	0.00881	0.01394	0.00220	0.48879	0.00492	0.00336	0.00722
22	0.02259	0.01160	0.01421	0.01135	0.01551	0.01149	0.00938	0.22895	0.07122	0.43573	0.02117	0.02252	0.01512	0.00801	0.00605	0.00188	0.00537	0.07189	0.00654	0.00942
23	0.01261	0.01013	0.01421	0.09897	0.01589	0.01293	0.01049	0.01433	0.01033	0.08318	0.01315	0.06574	0.01228	0.07027	0.06855	0.00301	0.40041	0.00624	0.07103	0.00622
24	0.01798	0.01428	0.01534	0.05523	0.01767	0.03391	0.01036	0.39303	0.27355	0.02983	0.06340	0.01847	0.01523	0.00751	0.00590	0.00183	0.00573	0.00599	0.00564	0.00911

[dist]
# distance from previous block
# <min> <max>
18	37

[block]
# block no. 6 follows, 40 sequences, length 8
# corresponding to MSA columns:
# 244-251
name=unknown_G
#
# <colnr> <probs for GDERKNQSTAVLIFYWHMCP>
#	G	D	E	R	K	N	Q	S	T	A	V	L	I	F	Y	W	H	M	C	P
0	0.08751	0.01104	0.01499	0.01147	0.01601	0.01022	0.07362	0.06012	0.06263	0.48033	0.01910	0.01766	0.01266	0.00659	0.00561	0.00173	0.00533	0.00550	0.00600	0.09190
1	0.31256	0.01172	0.01199	0.05924	0.01539	0.01311	0.00854	0.06008	0.28767	0.11373	0.01621	0.01596	0.01190	0.00662	0.00501	0.00184	0.00489	0.00500	0.00494	0.03360
2	0.01193	0.01124	0.01871	0.53992	0.22531	0.01283	0.01602	0.01562	0.01207	0.01619	0.01049	0.01500	0.00818	0.00556	0.00571	0.00182	0.00732	0.00506	0.00271	0.05829
3	0.01577	0.01314	0.01388	0.01210	0.01562	0.01507	0.00952	0.15184	0.62578	0.02643	0.02201	0.02038	0.01641	0.00773	0.00590	0.00193	0.00491	0.00635	0.00590	0.00932
4	0.01988	0.01518	0.01620	0.01293	0.01719	0.01699	0.01051	0.53333	0.23760	0.03306	0.01679	0.01622	0.01218	0.00725	0.00585	0.00181	0.00588	0.00563	0.00585	0.00969
5	0.01404	0.01346	0.02296	0.11311	0.68470	0.01372	0.01767	0.01754	0.01307	0.01857	0.01088	0.01451	0.00906	0.00525	0.00576	0.00175	0.00700	0.00518	0.00285	0.00893
6	0.03898	0.01202	0.01479	0.11486	0.06868	0.01319	0.01057	0.17059	0.25556	0.14347	0.01742	0.01784	0.01277	0.00807	0.00716	0.06913	0.00563	0.00569	0.00512	0.00847
7	0.01353	0.01525	0.03253	0.06205	0.03002	0.01479	0.66100	0.01818	0.01335	0.01818	0.01146	0.01551	0.00870	0.00525	0.00750	0.00199	0.05344	0.00668	0.00290	0.00769

[dist]
# distance from previous block
# <min> <max>
0	1

[block]
# block no. 7 follows, 40 sequences, length 13
# corresponding to MSA columns:
# 253-265
name=unknown_H
#
# <colnr> <probs for GDERKNQSTAVLIFYWHMCP>
#	G	D	E	R	K	N	Q	S	T	A	V	L	I	F	Y	W	H	M	C	P
0	0.01113	0.01034	0.01670	0.67582	0.03646	0.01221	0.01488	0.01483	0.01169	0.01542	0.01034	0.01503	0.00787	0.00561	0.00561	0.00179	0.00728	0.00493	0.00270	0.11936
1	0.01098	0.01034	0.01744	0.78165	0.04005	0.01292	0.01615	0.01486	0.01163	0.01486	0.01034	0.01550	0.00775	0.00581	0.00581	0.00194	0.00775	0.00517	0.00258	0.00646
2	0.01199	0.01163	0.02105	0.48897	0.15239	0.01303	0.14710	0.01569	0.01208	0.01599	0.01068	0.01546	0.00829	0.00620	0.00677	0.03968	0.00787	0.00547	0.00269	0.00697
3	0.00889	0.00765	0.01311	0.05713	0.01504	0.00740	0.15060	0.01103	0.01194	0.01589	0.02664	0.50737	0.03024	0.01462	0.00729	0.00230	0.00513	0.09748	0.00474	0.00551
4	0.01436	0.01293	0.01605	0.01357	0.01721	0.01450	0.10901	0.02922	0.64821	0.02355	0.02204	0.02087	0.01653	0.00748	0.00605	0.00197	0.00531	0.00661	0.00551	0.00902
5	0.83671	0.01125	0.00855	0.00765	0.01125	0.01305	0.00630	0.01709	0.00990	0.02609	0.00810	0.00945	0.00630	0.00540	0.00360	0.00180	0.00450	0.00315	0.00360	0.00630
6	0.01285	0.01204	0.02040	0.13998	0.49874	0.01232	0.04090	0.01629	0.01347	0.01891	0.11363	0.02041	0.01610	0.00657	0.00604	0.00181	0.00651	0.03153	0.00341	0.00811
7	0.02046	0.01232	0.01571	0.04363	0.14263	0.04054	0.01088	0.15134	0.07267	0.34059	0.01999	0.02051	0.04077	0.00738	0.00593	0.00182	0.00577	0.03227	0.00566	0.00913
8	0.07300	0.01125	0.04447	0.33692	0.02630	0.01129	0.08384	0.01606	0.04719	0.03965	0.04874	0.06175	0.01265	0.00657	0.00562	0.00175	0.00639	0.00585	0.00349	0.15723
9	0.04254	0.04984	0.01940	0.14882	0.12186	0.01608	0.04654	0.01517	0.01045	0.01560	0.00885	0.01326	0.00790	0.00792	0.01273	0.00217	0.42322	0.00499	0.00268	0.02999
10	0.13092	0.04331	0.01558	0.01278	0.04224	0.07848	0.01008	0.28048	0.01787	0.12669	0.01458	0.01548	0.03704	0.00890	0.04142	0.00217	0.10403	0.00511	0.00469	0.00819
11	0.24457	0.01201	0.01881	0.19557	0.05699	0.01289	0.21264	0.01770	0.05540	0.04672	0.02698	0.05175	0.01091	0.00630	0.00558	0.00191	0.00678	0.00582	0.00355	0.00710
12	0.01347	0.42026	0.35474	0.01275	0.01916	0.01795	0.01484	0.01755	0.01225	0.01624	0.04538	0.01229	0.00972	0.00555	0.00468	0.00154	0.00710	0.00399	0.00266	0.00787

[dist]
# distance from previous block
# <min> <max>
0	0

# created by:
# /software/SequenceAnalysis/GenePrediction/augustus/3.0.1/scripts/msa2prfl.pl ./fixed/BUSCOvEOG7BGBB4.fas
