[name]
unknown

[dist]
# distance from previous block
# <min> <max>
0	271

[block]
# block no. 0 follows, 40 sequences, length 42
# corresponding to MSA columns:
# 286-327
name=unknown_A
#
# <colnr> <probs for GDERKNQSTAVLIFYWHMCP>
#	G	D	E	R	K	N	Q	S	T	A	V	L	I	F	Y	W	H	M	C	P
0	0.02211	0.01629	0.01745	0.01338	0.01803	0.01803	0.01105	0.73997	0.02734	0.03665	0.01396	0.01396	0.00989	0.00698	0.00582	0.00175	0.00640	0.00524	0.00582	0.00989
1	0.00823	0.00594	0.00777	0.00732	0.00869	0.00549	0.00549	0.01097	0.01646	0.02332	0.75629	0.04344	0.05487	0.01189	0.00686	0.00183	0.00274	0.01052	0.00640	0.00549
2	0.06181	0.00607	0.00593	0.00582	0.00739	0.00626	0.00441	0.01448	0.04224	0.02206	0.01849	0.02093	0.01449	0.00674	0.00411	0.00141	0.00290	0.00533	0.74351	0.00563
3	0.00709	0.00506	0.00675	0.00810	0.00843	0.00472	0.00540	0.00810	0.01113	0.01484	0.03205	0.79184	0.03846	0.01822	0.00742	0.00236	0.00337	0.01653	0.00540	0.00472
4	0.00709	0.00506	0.00675	0.00810	0.00843	0.00472	0.00540	0.00810	0.01113	0.01484	0.03205	0.79184	0.03846	0.01822	0.00742	0.00236	0.00337	0.01653	0.00540	0.00472
5	0.00872	0.00623	0.00863	0.00997	0.01103	0.00614	0.00825	0.01093	0.01275	0.01668	0.03115	0.27080	0.03488	0.01667	0.00786	0.00259	0.00480	0.52139	0.00537	0.00518
6	0.01373	0.01569	0.03431	0.02451	0.03039	0.01471	0.73824	0.01863	0.01373	0.01863	0.01176	0.01569	0.00882	0.00490	0.00686	0.00196	0.00980	0.00686	0.00294	0.00784
7	0.01094	0.00654	0.00864	0.00778	0.00962	0.00595	0.00595	0.01361	0.01649	0.13549	0.64513	0.03985	0.04873	0.01118	0.00671	0.00182	0.00308	0.00981	0.00652	0.00616
8	0.02280	0.01517	0.01676	0.01285	0.01747	0.01637	0.01061	0.61520	0.02547	0.16406	0.01554	0.01498	0.01068	0.00702	0.00582	0.00175	0.00614	0.00534	0.00606	0.00989
9	0.00868	0.00620	0.00858	0.00992	0.01096	0.00610	0.00817	0.01086	0.01271	0.01663	0.03117	0.28466	0.03497	0.01671	0.00785	0.00258	0.00476	0.50795	0.00537	0.00516
10	0.01206	0.01034	0.01206	0.00861	0.01378	0.00775	0.00689	0.01464	0.01206	0.01895	0.01034	0.01206	0.00861	0.00431	0.00431	0.00086	0.00431	0.00345	0.00345	0.83118
11	0.01084	0.00542	0.00542	0.00542	0.00678	0.00542	0.00407	0.01355	0.01220	0.02168	0.01897	0.02168	0.01491	0.00678	0.00407	0.00136	0.00271	0.00542	0.82791	0.00542
12	0.01348	0.00711	0.00946	0.00821	0.01050	0.00639	0.00639	0.01608	0.01651	0.24086	0.54072	0.03649	0.04297	0.01051	0.00656	0.00182	0.00339	0.00914	0.00664	0.00678
13	0.00709	0.00506	0.00675	0.00810	0.00843	0.00472	0.00540	0.00810	0.01113	0.01484	0.03205	0.79184	0.03846	0.01822	0.00742	0.00236	0.00337	0.01653	0.00540	0.00472
14	0.00844	0.00569	0.00660	0.00660	0.00669	0.00578	0.00384	0.00862	0.00853	0.01146	0.01809	0.03676	0.02058	0.73173	0.09273	0.00595	0.00648	0.00827	0.00349	0.00367
15	0.02520	0.01034	0.01365	0.01057	0.01500	0.00933	0.00870	0.05998	0.06217	0.68575	0.02259	0.01965	0.01440	0.00723	0.00585	0.00181	0.00499	0.00587	0.00706	0.00985
16	0.02285	0.16172	0.04970	0.01120	0.01603	0.01204	0.03933	0.04546	0.01572	0.53771	0.01887	0.01714	0.01242	0.00660	0.00547	0.00170	0.00559	0.00528	0.00588	0.00929
17	0.05514	0.01344	0.01491	0.01161	0.01580	0.01429	0.00952	0.46765	0.02244	0.20271	0.01632	0.01635	0.01148	0.02625	0.00617	0.00182	0.00566	0.00539	0.07383	0.00922
18	0.01504	0.01116	0.01301	0.00950	0.01452	0.00935	0.00768	0.12275	0.01480	0.10139	0.01222	0.01317	0.00942	0.00501	0.00469	0.00109	0.00468	0.00397	0.00420	0.62235
19	0.02164	0.01605	0.01719	0.01328	0.01785	0.01781	0.01094	0.69633	0.07174	0.03589	0.01456	0.01444	0.01037	0.00704	0.00582	0.00176	0.00629	0.00532	0.00582	0.00985
20	0.01211	0.02698	0.60807	0.01828	0.02629	0.01376	0.17580	0.01846	0.01259	0.01846	0.01072	0.01301	0.00768	0.00539	0.00581	0.00187	0.00885	0.00485	0.00256	0.00843
21	0.00709	0.00506	0.00675	0.00810	0.00843	0.00472	0.00540	0.00810	0.01113	0.01484	0.03205	0.79184	0.03846	0.01822	0.00742	0.00236	0.00337	0.01653	0.00540	0.00472
22	0.01097	0.00949	0.01412	0.35786	0.02411	0.01190	0.01183	0.01370	0.01104	0.01591	0.01445	0.05341	0.04251	0.00896	0.02776	0.00218	0.20139	0.00604	0.15628	0.00607
23	0.00720	0.00511	0.00671	0.00795	0.00826	0.00480	0.00524	0.00813	0.01091	0.01455	0.03092	0.72951	0.03703	0.08249	0.00926	0.00263	0.00356	0.01586	0.00524	0.00462
24	0.01420	0.01362	0.02325	0.07847	0.71811	0.01377	0.01775	0.01768	0.01315	0.01876	0.01090	0.01446	0.00913	0.00522	0.00576	0.00174	0.00696	0.00518	0.00286	0.00905
25	0.83671	0.01125	0.00855	0.00765	0.01125	0.01305	0.00630	0.01709	0.00990	0.02609	0.00810	0.00945	0.00630	0.00540	0.00360	0.00180	0.00450	0.00315	0.00360	0.00630
26	0.83671	0.01125	0.00855	0.00765	0.01125	0.01305	0.00630	0.01709	0.00990	0.02609	0.00810	0.00945	0.00630	0.00540	0.00360	0.00180	0.00450	0.00315	0.00360	0.00630
27	0.01446	0.01249	0.01315	0.01183	0.01512	0.01446	0.00920	0.03090	0.74885	0.02433	0.02367	0.02170	0.01775	0.00789	0.00592	0.00197	0.00460	0.00657	0.00592	0.00920
28	0.02172	0.02772	0.01648	0.01498	0.01798	0.77228	0.01124	0.02322	0.01648	0.01423	0.00899	0.01049	0.00749	0.00599	0.00524	0.00150	0.01049	0.00375	0.00300	0.00674
29	0.02609	0.00990	0.01350	0.01035	0.01484	0.00855	0.00855	0.02834	0.01664	0.76338	0.02294	0.01979	0.01439	0.00720	0.00585	0.00180	0.00495	0.00585	0.00720	0.00990
30	0.01166	0.03008	0.76550	0.01657	0.02517	0.01351	0.02149	0.01842	0.01228	0.01842	0.01044	0.01228	0.00737	0.00552	0.00552	0.00184	0.00859	0.00430	0.00246	0.00859
31	0.00937	0.00669	0.00937	0.01071	0.01205	0.00669	0.00937	0.01205	0.01339	0.01740	0.03079	0.06560	0.03347	0.01606	0.00803	0.00268	0.00535	0.72021	0.00535	0.00535
32	0.02609	0.00990	0.01350	0.01035	0.01484	0.00855	0.00855	0.02834	0.01664	0.76338	0.02294	0.01979	0.01439	0.00720	0.00585	0.00180	0.00495	0.00585	0.00720	0.00990
33	0.01206	0.01034	0.01206	0.00861	0.01378	0.00775	0.00689	0.01464	0.01206	0.01895	0.01034	0.01206	0.00861	0.00431	0.00431	0.00086	0.00431	0.00345	0.00345	0.83118
34	0.01373	0.01569	0.03431	0.02451	0.03039	0.01471	0.73824	0.01863	0.01373	0.01863	0.01176	0.01569	0.00882	0.00490	0.00686	0.00196	0.00980	0.00686	0.00294	0.00784
35	0.00691	0.00589	0.00595	0.00593	0.00788	0.00493	0.00445	0.00843	0.01335	0.01594	0.08007	0.05558	0.73570	0.01464	0.00687	0.00196	0.00294	0.01222	0.00543	0.00493
36	0.01555	0.79913	0.03047	0.00995	0.01493	0.02301	0.00995	0.01741	0.01182	0.01368	0.00808	0.00933	0.00746	0.00498	0.00373	0.00124	0.00622	0.00311	0.00249	0.00746
37	0.00831	0.00623	0.00935	0.00935	0.01038	0.00727	0.00727	0.01038	0.00935	0.01350	0.01558	0.02285	0.01454	0.04361	0.77259	0.00935	0.01558	0.00623	0.00312	0.00519
38	0.01446	0.01249	0.01315	0.01183	0.01512	0.01446	0.00920	0.03090	0.74885	0.02433	0.02367	0.02170	0.01775	0.00789	0.00592	0.00197	0.00460	0.00657	0.00592	0.00920
39	0.01200	0.00875	0.05802	0.00902	0.01150	0.00736	0.00753	0.01610	0.08392	0.14605	0.45029	0.07517	0.03987	0.01082	0.00659	0.00190	0.00380	0.03844	0.00614	0.00672
40	0.01053	0.00834	0.01267	0.01650	0.18521	0.00834	0.01133	0.01339	0.01335	0.01777	0.02619	0.05373	0.02785	0.01354	0.00750	0.00246	0.00571	0.55453	0.00478	0.00625
41	0.00828	0.00598	0.00784	0.00746	0.00883	0.00554	0.00565	0.01102	0.01633	0.02307	0.72541	0.04438	0.05396	0.01207	0.00691	0.00187	0.00285	0.04072	0.00636	0.00548

[dist]
# distance from previous block
# <min> <max>
0	228

# created by:
# /software/SequenceAnalysis/GenePrediction/augustus/3.0.1/scripts/msa2prfl.pl ./fixed/BUSCOvEOG7H1C91.fas
