[name]
unknown

[dist]
# distance from previous block
# <min> <max>
0	169

[block]
# block no. 0 follows, 39 sequences, length 8
# corresponding to MSA columns:
# 182-189
name=unknown_A
#
# <colnr> <probs for GDERKNQSTAVLIFYWHMCP>
#	G	D	E	R	K	N	Q	S	T	A	V	L	I	F	Y	W	H	M	C	P
0	0.00953	0.00681	0.00953	0.01089	0.01225	0.00681	0.00953	0.01225	0.01361	0.01770	0.03131	0.06671	0.03403	0.01634	0.00817	0.00272	0.00545	0.71547	0.00545	0.00545
1	0.00837	0.00604	0.00790	0.00744	0.00883	0.00558	0.00558	0.01116	0.01674	0.02371	0.75216	0.04417	0.05580	0.01209	0.00697	0.00186	0.00279	0.01069	0.00651	0.00558
2	0.00749	0.00535	0.00718	0.00856	0.00902	0.00505	0.00598	0.00872	0.01160	0.01541	0.03244	0.70111	0.03850	0.01826	0.00762	0.00244	0.00367	0.10124	0.00548	0.00488
3	0.01117	0.01051	0.01774	0.77795	0.04073	0.01314	0.01642	0.01511	0.01182	0.01511	0.01051	0.01577	0.00788	0.00591	0.00591	0.00197	0.00788	0.00526	0.00263	0.00657
4	0.01396	0.01595	0.03490	0.02493	0.03091	0.01496	0.73380	0.01894	0.01396	0.01894	0.01196	0.01595	0.00897	0.00499	0.00698	0.00199	0.00997	0.00698	0.00299	0.00798
5	0.00891	0.00719	0.01083	0.01041	0.01181	0.00685	0.09377	0.05277	0.01278	0.01694	0.03099	0.59592	0.08552	0.01595	0.00734	0.00229	0.00437	0.01463	0.00521	0.00551
6	0.01169	0.01110	0.01850	0.54343	0.03435	0.01229	0.09208	0.01548	0.01214	0.01635	0.01067	0.01509	0.00818	0.00551	0.00572	0.00176	0.00741	0.00509	0.00284	0.17032
7	0.01719	0.01231	0.01366	0.01155	0.01526	0.01335	0.00916	0.13958	0.43021	0.14026	0.07455	0.02165	0.01855	0.00788	0.00598	0.00188	0.00487	0.00649	0.00612	0.04949

[dist]
# distance from previous block
# <min> <max>
0	2

[block]
# block no. 1 follows, 39 sequences, length 44
# corresponding to MSA columns:
# 192-235
name=unknown_B
#
# <colnr> <probs for GDERKNQSTAVLIFYWHMCP>
#	G	D	E	R	K	N	Q	S	T	A	V	L	I	F	Y	W	H	M	C	P
0	0.01872	0.21386	0.01952	0.01234	0.01656	0.08096	0.01031	0.21458	0.25779	0.07060	0.01637	0.01609	0.01244	0.00702	0.00550	0.00176	0.00622	0.00523	0.00503	0.00908
1	0.41495	0.01566	0.12451	0.01239	0.06295	0.04942	0.01054	0.07329	0.01349	0.12102	0.01167	0.01270	0.00858	0.00605	0.00482	0.00183	0.00596	0.00418	0.00416	0.04184
2	0.01542	0.62345	0.13200	0.01246	0.01811	0.02149	0.07045	0.01815	0.01244	0.01529	0.00919	0.01088	0.00800	0.00535	0.00445	0.00147	0.00705	0.00375	0.00268	0.00794
3	0.01450	0.10100	0.54893	0.01612	0.02381	0.01428	0.06484	0.02008	0.01328	0.10961	0.01235	0.01380	0.00878	0.00595	0.00571	0.00187	0.00822	0.00472	0.00324	0.00890
4	0.01345	0.01376	0.01969	0.04606	0.01840	0.05442	0.10267	0.01521	0.01050	0.01522	0.01016	0.05646	0.00995	0.00994	0.01604	0.00248	0.56982	0.00608	0.00294	0.00675
5	0.14988	0.01520	0.01605	0.01253	0.01709	0.01656	0.01031	0.53788	0.02389	0.11967	0.01463	0.01460	0.01032	0.00708	0.00570	0.00185	0.00614	0.00517	0.00582	0.00963
6	0.01361	0.01332	0.02195	0.29152	0.33429	0.02992	0.07452	0.01696	0.01263	0.01735	0.01083	0.01527	0.00888	0.00635	0.00782	0.00201	0.10641	0.00546	0.00290	0.00801
7	0.01440	0.01531	0.01994	0.11187	0.02108	0.12683	0.10177	0.01644	0.01135	0.01525	0.00932	0.01398	0.00836	0.00940	0.02946	0.00248	0.45772	0.00533	0.00283	0.00686
8	0.00850	0.00628	0.00785	0.00745	0.00896	0.00569	0.00556	0.01099	0.01642	0.02280	0.64407	0.04638	0.16120	0.01271	0.00711	0.00194	0.00294	0.01104	0.00645	0.00566
9	0.00936	0.00667	0.00907	0.01034	0.01146	0.00655	0.00855	0.01151	0.01309	0.01714	0.03107	0.20476	0.03450	0.05965	0.00938	0.00288	0.00518	0.53801	0.00545	0.00539
10	0.01481	0.51021	0.25859	0.01387	0.05941	0.01998	0.01434	0.01825	0.01244	0.01602	0.00946	0.01116	0.00797	0.00546	0.00462	0.00154	0.00722	0.00377	0.00265	0.00821
11	0.02275	0.01675	0.01794	0.01380	0.01854	0.01847	0.01136	0.73209	0.02792	0.03746	0.01450	0.01463	0.01035	0.00731	0.00605	0.00183	0.00661	0.00542	0.00601	0.01020
12	0.00871	0.00629	0.00814	0.00767	0.00909	0.00578	0.00573	0.01140	0.01691	0.02397	0.74868	0.04446	0.05586	0.01227	0.00710	0.00192	0.00291	0.01077	0.00660	0.00575
13	0.01411	0.19722	0.02142	0.45686	0.10790	0.01550	0.01462	0.01729	0.01262	0.07128	0.01131	0.01491	0.00878	0.00596	0.00554	0.00183	0.00730	0.00491	0.00310	0.00753
14	0.01233	0.01459	0.10302	0.01945	0.02414	0.01215	0.42893	0.01645	0.01355	0.01844	0.01836	0.13657	0.01767	0.00913	0.00725	0.00222	0.00822	0.12639	0.00382	0.00733
15	0.02678	0.01029	0.01393	0.01073	0.01532	0.00888	0.00882	0.02897	0.01710	0.75586	0.02359	0.02053	0.01491	0.00752	0.00608	0.00189	0.00514	0.00604	0.00741	0.01021
16	0.01386	0.01315	0.02220	0.26771	0.52883	0.01392	0.01769	0.01740	0.01314	0.01829	0.01125	0.01542	0.00920	0.00569	0.00601	0.00188	0.00739	0.00537	0.00295	0.00865
17	0.00987	0.01250	0.15847	0.01309	0.01586	0.00926	0.11276	0.01253	0.01194	0.01658	0.02360	0.46182	0.02631	0.01359	0.00818	0.00231	0.06849	0.01210	0.00442	0.00633
18	0.02678	0.01029	0.01393	0.01073	0.01532	0.00888	0.00882	0.02897	0.01710	0.75586	0.02359	0.02053	0.01491	0.00752	0.00608	0.00189	0.00514	0.00604	0.00741	0.01021
19	0.00871	0.00629	0.00814	0.00767	0.00909	0.00578	0.00573	0.01140	0.01691	0.02397	0.74868	0.04446	0.05586	0.01227	0.00710	0.00192	0.00291	0.01077	0.00660	0.00575
20	0.01427	0.01615	0.03500	0.02506	0.03105	0.01511	0.73022	0.01914	0.01415	0.01923	0.01228	0.01638	0.00928	0.00520	0.00711	0.00205	0.01005	0.00707	0.00310	0.00813
21	0.00924	0.00660	0.00904	0.01039	0.01150	0.00646	0.00857	0.01141	0.01319	0.01729	0.03187	0.26031	0.03557	0.01708	0.00812	0.00269	0.00501	0.52465	0.00556	0.00544
22	0.01611	0.79193	0.03111	0.01033	0.01540	0.02351	0.01024	0.01791	0.01221	0.01422	0.00855	0.00994	0.00790	0.00528	0.00394	0.00133	0.00643	0.00327	0.00264	0.00775
23	0.00984	0.00676	0.00842	0.00770	0.00961	0.00600	0.00582	0.01228	0.01618	0.06970	0.55312	0.04337	0.16339	0.01205	0.00691	0.00189	0.00317	0.01039	0.00634	0.04705
24	0.10642	0.01140	0.01500	0.06146	0.09190	0.01378	0.01126	0.04720	0.07108	0.01878	0.01592	0.13963	0.01590	0.01059	0.01108	0.00233	0.28512	0.06018	0.00395	0.00699
25	0.01611	0.79193	0.03111	0.01033	0.01540	0.02351	0.01024	0.01791	0.01221	0.01422	0.00855	0.00994	0.00790	0.00528	0.00394	0.00133	0.00643	0.00327	0.00264	0.00775
26	0.83005	0.01165	0.00893	0.00800	0.01167	0.01343	0.00655	0.01759	0.01027	0.02678	0.00857	0.01006	0.00672	0.00570	0.00381	0.00189	0.00469	0.00331	0.00377	0.00657
27	0.01297	0.01165	0.01610	0.45488	0.03025	0.01395	0.01357	0.02213	0.31756	0.01943	0.01648	0.01882	0.01243	0.00700	0.00609	0.00204	0.00664	0.00595	0.00415	0.00790
28	0.02216	0.01647	0.01761	0.01368	0.01832	0.01820	0.01122	0.67938	0.08157	0.03652	0.01524	0.01522	0.01095	0.00737	0.00606	0.00185	0.00647	0.00553	0.00602	0.01015
29	0.01060	0.00538	0.00794	0.00793	0.00796	0.00534	0.00528	0.00796	0.00792	0.01060	0.01059	0.01839	0.01057	0.02068	0.02316	0.82377	0.00524	0.00524	0.00268	0.00275
30	0.00895	0.00653	0.00948	0.00946	0.01057	0.00746	0.00732	0.01101	0.00990	0.01457	0.01635	0.02354	0.01508	0.04196	0.71590	0.00900	0.01505	0.00638	0.05601	0.00547
31	0.00705	0.00599	0.00607	0.00605	0.00802	0.00502	0.00454	0.00860	0.01361	0.01630	0.08851	0.05639	0.72408	0.01486	0.00699	0.00199	0.00299	0.01241	0.00553	0.00502
32	0.00721	0.00515	0.00686	0.00823	0.00858	0.00480	0.00549	0.00823	0.01132	0.01510	0.03259	0.78831	0.03911	0.01853	0.00755	0.00240	0.00343	0.01681	0.00549	0.00480
33	0.83394	0.01144	0.00869	0.00778	0.01144	0.01327	0.00640	0.01738	0.01006	0.02653	0.00823	0.00961	0.00640	0.00549	0.00366	0.00183	0.00457	0.00320	0.00366	0.00640
34	0.02209	0.02819	0.01676	0.01524	0.01828	0.76843	0.01143	0.02361	0.01676	0.01447	0.00914	0.01066	0.00762	0.00609	0.00533	0.00152	0.01066	0.00381	0.00305	0.00686
35	0.02593	0.01104	0.01433	0.01098	0.01558	0.01014	0.00907	0.13464	0.01856	0.65125	0.02196	0.01924	0.01395	0.00729	0.00594	0.00182	0.00525	0.00585	0.00711	0.01006
36	0.00845	0.00634	0.00950	0.00950	0.01056	0.00739	0.00739	0.01056	0.00950	0.01373	0.01584	0.02323	0.01478	0.04435	0.76873	0.00950	0.01584	0.00634	0.00317	0.00528
37	0.00738	0.00536	0.00697	0.00792	0.00857	0.00495	0.00542	0.00874	0.01240	0.01661	0.15482	0.60497	0.09969	0.01717	0.00741	0.00228	0.00329	0.01544	0.00566	0.00495
38	0.02162	0.01574	0.01683	0.01300	0.01748	0.01738	0.01071	0.68153	0.02665	0.03613	0.01458	0.01479	0.01044	0.00708	0.00578	0.00175	0.00623	0.00534	0.06722	0.00972
39	0.00739	0.00528	0.00708	0.00845	0.00888	0.00497	0.00582	0.00856	0.01151	0.01531	0.03249	0.72988	0.03870	0.01835	0.00760	0.00243	0.00359	0.07338	0.00549	0.00486
40	0.00852	0.00605	0.00803	0.00803	0.00858	0.00659	0.00556	0.00961	0.00907	0.01264	0.01719	0.03069	0.01802	0.40503	0.41248	0.00769	0.01097	0.00743	0.00337	0.00446
41	0.00860	0.00573	0.00645	0.00645	0.00645	0.00573	0.00358	0.00860	0.00860	0.01147	0.01863	0.03870	0.02150	0.79217	0.03010	0.00573	0.00573	0.00860	0.00358	0.00358
42	0.01893	0.02051	0.01489	0.01324	0.01643	0.40594	0.01014	0.11495	0.19809	0.02038	0.01679	0.01706	0.05194	0.00723	0.00561	0.00169	0.00783	0.00528	0.04535	0.00771
43	0.01477	0.01129	0.01192	0.01062	0.01365	0.01273	0.00829	0.08430	0.49997	0.04278	0.02215	0.02138	0.01665	0.00767	0.00557	0.00184	0.00439	0.00629	0.19518	0.00854

[dist]
# distance from previous block
# <min> <max>
0	1

[block]
# block no. 2 follows, 39 sequences, length 16
# corresponding to MSA columns:
# 237-252
name=unknown_C
#
# <colnr> <probs for GDERKNQSTAVLIFYWHMCP>
#	G	D	E	R	K	N	Q	S	T	A	V	L	I	F	Y	W	H	M	C	P
0	0.01396	0.01595	0.03490	0.02493	0.03091	0.01496	0.73380	0.01894	0.01396	0.01894	0.01196	0.01595	0.00897	0.00499	0.00698	0.00199	0.00997	0.00698	0.00299	0.00798
1	0.02171	0.02611	0.01728	0.01625	0.05993	0.64309	0.01179	0.10182	0.01779	0.01726	0.00981	0.01128	0.00799	0.00616	0.00543	0.00156	0.01000	0.00406	0.00336	0.00735
2	0.01226	0.01051	0.01226	0.00876	0.01401	0.00788	0.00701	0.01489	0.01226	0.01927	0.01051	0.01226	0.00876	0.00438	0.00438	0.00088	0.00438	0.00350	0.00350	0.82832
3	0.01446	0.01454	0.02679	0.03339	0.56979	0.01428	0.20140	0.01835	0.01359	0.01922	0.01134	0.01497	0.00927	0.00520	0.00614	0.00182	0.00778	0.00571	0.00294	0.00901
4	0.00725	0.00589	0.00631	0.00657	0.00817	0.00510	0.00481	0.00863	0.01285	0.01563	0.05192	0.16030	0.56869	0.06759	0.00867	0.00234	0.00336	0.04566	0.00536	0.00489
5	0.02248	0.01656	0.01775	0.01361	0.01834	0.01834	0.01124	0.73556	0.02780	0.03727	0.01420	0.01420	0.01006	0.00710	0.00592	0.00177	0.00651	0.00532	0.00592	0.01006
6	0.01396	0.01595	0.03490	0.02493	0.03091	0.01496	0.73380	0.01894	0.01396	0.01894	0.01196	0.01595	0.00897	0.00499	0.00698	0.00199	0.00997	0.00698	0.00299	0.00798
7	0.01396	0.01595	0.03490	0.02493	0.03091	0.01496	0.73380	0.01894	0.01396	0.01894	0.01196	0.01595	0.00897	0.00499	0.00698	0.00199	0.00997	0.00698	0.00299	0.00798
8	0.02653	0.01006	0.01372	0.01052	0.01510	0.00869	0.00869	0.02882	0.01693	0.75937	0.02333	0.02013	0.01464	0.00732	0.00595	0.00183	0.00503	0.00595	0.00732	0.01006
9	0.00721	0.00515	0.00686	0.00823	0.00858	0.00480	0.00549	0.00823	0.01132	0.01510	0.03259	0.78831	0.03911	0.01853	0.00755	0.00240	0.00343	0.01681	0.00549	0.00480
10	0.02244	0.01765	0.01766	0.01376	0.01833	0.08808	0.01126	0.66936	0.02678	0.03515	0.01373	0.01387	0.00983	0.00701	0.00586	0.00175	0.00689	0.00518	0.00565	0.00976
11	0.02653	0.01006	0.01372	0.01052	0.01510	0.00869	0.00869	0.02882	0.01693	0.75937	0.02333	0.02013	0.01464	0.00732	0.00595	0.00183	0.00503	0.00595	0.00732	0.01006
12	0.00845	0.00634	0.00950	0.00950	0.01056	0.00739	0.00739	0.01056	0.00950	0.01373	0.01584	0.02323	0.01478	0.04435	0.76873	0.00950	0.01584	0.00634	0.00317	0.00528
13	0.02488	0.01000	0.01339	0.01044	0.01477	0.00886	0.00856	0.02801	0.05806	0.67786	0.06297	0.02154	0.01707	0.00762	0.00601	0.00184	0.00489	0.00625	0.00720	0.00978
14	0.01389	0.01561	0.03349	0.05547	0.07980	0.01482	0.65750	0.01874	0.01384	0.01882	0.01185	0.01586	0.00896	0.00504	0.00686	0.00198	0.00969	0.00680	0.00297	0.00801
15	0.02561	0.01154	0.01464	0.01122	0.01583	0.01088	0.00927	0.18904	0.01939	0.59567	0.02126	0.01878	0.01360	0.00727	0.00594	0.00182	0.00537	0.00581	0.00700	0.01006

[dist]
# distance from previous block
# <min> <max>
0	1

[block]
# block no. 3 follows, 39 sequences, length 67
# corresponding to MSA columns:
# 254-320
name=unknown_D
#
# <colnr> <probs for GDERKNQSTAVLIFYWHMCP>
#	G	D	E	R	K	N	Q	S	T	A	V	L	I	F	Y	W	H	M	C	P
0	0.01528	0.01348	0.02235	0.07901	0.62148	0.01364	0.01693	0.01938	0.04984	0.07236	0.01260	0.01547	0.01008	0.00559	0.00587	0.00179	0.00682	0.00539	0.00338	0.00924
1	0.00873	0.00652	0.00816	0.00767	0.00924	0.00619	0.00577	0.01242	0.06867	0.02323	0.65045	0.04350	0.10297	0.01201	0.00691	0.00188	0.00294	0.01054	0.00640	0.00581
2	0.01581	0.79572	0.03099	0.01012	0.01518	0.02340	0.01012	0.01771	0.01202	0.01391	0.00822	0.00949	0.00759	0.00506	0.00379	0.00126	0.00632	0.00316	0.00253	0.00759
3	0.02764	0.01114	0.01801	0.59113	0.13294	0.01301	0.01566	0.03260	0.01242	0.01671	0.01064	0.01521	0.00817	0.00574	0.00575	0.00186	0.00742	0.00509	0.00283	0.06604
4	0.01642	0.01138	0.01518	0.01711	0.19649	0.01170	0.01103	0.02411	0.27371	0.19398	0.02396	0.02646	0.06927	0.00846	0.00623	0.00197	0.00529	0.07292	0.00547	0.00885
5	0.02624	0.01053	0.01401	0.01074	0.01533	0.00938	0.00887	0.07938	0.01770	0.70771	0.02268	0.01970	0.01431	0.00730	0.00594	0.00183	0.00514	0.00590	0.00722	0.01006
6	0.02137	0.01561	0.01686	0.03225	0.01808	0.01728	0.01086	0.66530	0.02629	0.03561	0.01447	0.01480	0.01037	0.00705	0.00579	0.00175	0.00627	0.00534	0.06500	0.00964
7	0.01969	0.01416	0.01526	0.01219	0.01616	0.01555	0.01003	0.56138	0.04150	0.03334	0.01640	0.01929	0.01271	0.00775	0.00582	0.00179	0.00584	0.05619	0.12590	0.00904
8	0.01913	0.02335	0.01514	0.01406	0.01668	0.59871	0.01068	0.02083	0.01544	0.01459	0.01174	0.01658	0.01059	0.01262	0.12103	0.00282	0.01107	0.05519	0.00324	0.00652
9	0.01226	0.01051	0.01226	0.00876	0.01401	0.00788	0.00701	0.01489	0.01226	0.01927	0.01051	0.01226	0.00876	0.00438	0.00438	0.00088	0.00438	0.00350	0.00350	0.82832
10	0.01521	0.67997	0.14151	0.01114	0.01675	0.02194	0.01189	0.01786	0.01209	0.01464	0.00858	0.00994	0.00757	0.00514	0.00407	0.00136	0.00669	0.00334	0.00252	0.00776
11	0.00721	0.00515	0.00686	0.00823	0.00858	0.00480	0.00549	0.00823	0.01132	0.01510	0.03259	0.78831	0.03911	0.01853	0.00755	0.00240	0.00343	0.01681	0.00549	0.00480
12	0.01294	0.01294	0.01811	0.01553	0.01553	0.01811	0.01294	0.01423	0.00906	0.01423	0.00776	0.01294	0.00776	0.01035	0.01941	0.00259	0.78134	0.00518	0.00259	0.00647
13	0.00762	0.00532	0.00674	0.00771	0.00795	0.00508	0.00493	0.00834	0.01052	0.01403	0.02848	0.56755	0.03393	0.24636	0.01419	0.00338	0.00411	0.01439	0.00493	0.00444
14	0.02209	0.02819	0.01676	0.01524	0.01828	0.76843	0.01143	0.02361	0.01676	0.01447	0.00914	0.01066	0.00762	0.00609	0.00533	0.00152	0.01066	0.00381	0.00305	0.00686
15	0.01117	0.01051	0.01774	0.77795	0.04073	0.01314	0.01642	0.01511	0.01182	0.01511	0.01051	0.01577	0.00788	0.00591	0.00591	0.00197	0.00788	0.00526	0.00263	0.00657
16	0.02633	0.01039	0.01392	0.01067	0.01526	0.00917	0.00882	0.06384	0.01747	0.72359	0.02288	0.01983	0.01441	0.00731	0.00595	0.00183	0.00511	0.00592	0.00725	0.01006
17	0.01523	0.01388	0.01416	0.01350	0.05342	0.06869	0.00996	0.03019	0.65505	0.02373	0.02234	0.02087	0.01686	0.00774	0.00596	0.00196	0.00523	0.00641	0.00565	0.00918
18	0.00721	0.00515	0.00686	0.00823	0.00858	0.00480	0.00549	0.00823	0.01132	0.01510	0.03259	0.78831	0.03911	0.01853	0.00755	0.00240	0.00343	0.01681	0.00549	0.00480
19	0.01124	0.00987	0.01315	0.01167	0.01178	0.01286	0.00907	0.01220	0.00912	0.01376	0.01237	0.02254	0.01308	0.27835	0.03891	0.00374	0.45082	0.00639	0.05369	0.00540
20	0.01404	0.01392	0.02539	0.03184	0.54050	0.01378	0.17685	0.01778	0.01329	0.01884	0.01165	0.01555	0.00967	0.00801	0.06078	0.00236	0.00831	0.00573	0.00296	0.00876
21	0.00857	0.00651	0.00973	0.00966	0.01069	0.00767	0.00754	0.01066	0.00949	0.01374	0.01563	0.02296	0.01460	0.04346	0.74901	0.00932	0.03599	0.00631	0.00315	0.00531
22	0.01186	0.03059	0.76153	0.01686	0.02560	0.01373	0.02185	0.01873	0.01249	0.01873	0.01061	0.01249	0.00749	0.00562	0.00562	0.00187	0.00874	0.00437	0.00250	0.00874
23	0.01186	0.03059	0.76153	0.01686	0.02560	0.01373	0.02185	0.01873	0.01249	0.01873	0.01061	0.01249	0.00749	0.00562	0.00562	0.00187	0.00874	0.00437	0.00250	0.00874
24	0.01780	0.01831	0.01490	0.06067	0.01790	0.33717	0.01114	0.17194	0.01789	0.02034	0.01684	0.02824	0.01594	0.00931	0.00633	0.00196	0.00807	0.21380	0.00434	0.00711
25	0.00848	0.00619	0.00877	0.00877	0.00957	0.00699	0.00647	0.01009	0.00929	0.01318	0.01651	0.02697	0.01641	0.22487	0.59043	0.00859	0.01340	0.00688	0.00327	0.00487
26	0.63316	0.01350	0.07409	0.02349	0.01459	0.01359	0.04292	0.06879	0.01184	0.02587	0.00964	0.01197	0.00758	0.00586	0.00429	0.00186	0.00540	0.02093	0.00372	0.00692
27	0.06490	0.02449	0.49516	0.01476	0.02176	0.01414	0.01726	0.17802	0.01574	0.02358	0.01189	0.01337	0.00855	0.00603	0.00546	0.00181	0.00756	0.00459	0.06227	0.00866
28	0.02653	0.01006	0.01372	0.01052	0.01510	0.00869	0.00869	0.02882	0.01693	0.75937	0.02333	0.02013	0.01464	0.00732	0.00595	0.00183	0.00503	0.00595	0.00732	0.01006
29	0.00727	0.00517	0.00684	0.00815	0.00848	0.00485	0.00540	0.00825	0.01119	0.01492	0.03193	0.75263	0.03828	0.05535	0.00862	0.00256	0.00354	0.01642	0.00540	0.00475
30	0.11374	0.05550	0.52931	0.01439	0.02160	0.01317	0.01740	0.01918	0.01282	0.09430	0.04680	0.01429	0.01038	0.00606	0.00540	0.00184	0.00748	0.00464	0.00332	0.00839
31	0.83394	0.01144	0.00869	0.00778	0.01144	0.01327	0.00640	0.01738	0.01006	0.02653	0.00823	0.00961	0.00640	0.00549	0.00366	0.00183	0.00457	0.00320	0.00366	0.00640
32	0.00856	0.00591	0.00735	0.00735	0.00766	0.00622	0.00471	0.00918	0.00887	0.01213	0.01781	0.03414	0.01952	0.57194	0.24762	0.00684	0.00871	0.00793	0.00346	0.00408
33	0.06374	0.01598	0.01709	0.01316	0.01783	0.01760	0.01087	0.66399	0.02636	0.07272	0.01435	0.01426	0.01010	0.00703	0.00580	0.00178	0.00634	0.00525	0.00587	0.00987
34	0.01156	0.01128	0.02016	0.67178	0.03935	0.01339	0.11757	0.01565	0.01213	0.01565	0.01072	0.01579	0.00804	0.00578	0.00606	0.00197	0.00818	0.00550	0.00268	0.00677
35	0.02634	0.01037	0.01391	0.01066	0.01525	0.00914	0.00881	0.06163	0.01743	0.72585	0.02291	0.01985	0.01443	0.00731	0.00595	0.00183	0.00510	0.00592	0.00725	0.01006
36	0.08728	0.01035	0.01334	0.01036	0.01477	0.00940	0.00854	0.06100	0.01691	0.64489	0.04578	0.01984	0.01515	0.00733	0.00581	0.00183	0.00499	0.00586	0.00695	0.00964
37	0.02332	0.01125	0.05050	0.01090	0.01533	0.00956	0.00934	0.07041	0.05126	0.57412	0.07208	0.02234	0.01748	0.00782	0.00606	0.00186	0.00515	0.02486	0.00683	0.00954
38	0.00721	0.00515	0.00686	0.00823	0.00858	0.00480	0.00549	0.00823	0.01132	0.01510	0.03259	0.78831	0.03911	0.01853	0.00755	0.00240	0.00343	0.01681	0.00549	0.00480
39	0.01549	0.73446	0.08948	0.01066	0.01601	0.02263	0.01106	0.01779	0.01205	0.01430	0.00841	0.00973	0.00758	0.00510	0.00394	0.00131	0.00652	0.00326	0.00253	0.00768
40	0.01226	0.01051	0.01226	0.00876	0.01401	0.00788	0.00701	0.01489	0.01226	0.01927	0.01051	0.01226	0.00876	0.00438	0.00438	0.00088	0.00438	0.00350	0.00350	0.82832
41	0.18027	0.01207	0.01319	0.01052	0.01476	0.06473	0.00859	0.08268	0.01647	0.49323	0.03287	0.01743	0.01299	0.00696	0.00548	0.00180	0.00542	0.00531	0.00618	0.00905
42	0.01027	0.00514	0.00770	0.00770	0.00770	0.00514	0.00514	0.00770	0.00770	0.01027	0.01027	0.01798	0.01027	0.02054	0.02311	0.82794	0.00514	0.00514	0.00257	0.00257
43	0.01512	0.01355	0.10532	0.01190	0.05260	0.01013	0.01004	0.07012	0.05929	0.12502	0.01392	0.03041	0.01076	0.00570	0.00510	0.00134	0.00529	0.00465	0.00426	0.44548
44	0.01259	0.03042	0.70824	0.01674	0.02507	0.06773	0.02110	0.01908	0.01279	0.01842	0.01051	0.01236	0.00750	0.00565	0.00560	0.00185	0.00888	0.00433	0.00254	0.00861
45	0.01328	0.01048	0.01237	0.00889	0.01409	0.00794	0.00713	0.01589	0.01260	0.07222	0.01143	0.01283	0.00918	0.00459	0.00449	0.00094	0.00443	0.00368	0.00378	0.76978
46	0.01136	0.01094	0.01969	0.23421	0.02563	0.01090	0.23833	0.01473	0.01269	0.01736	0.06041	0.14599	0.01658	0.00820	0.00674	0.01997	0.00691	0.00780	0.00359	0.12798
47	0.01267	0.01901	0.24524	0.03440	0.02691	0.01366	0.41321	0.01777	0.01321	0.01843	0.01361	0.05474	0.01147	0.00667	0.00698	0.00204	0.02874	0.05032	0.00310	0.00783
48	0.01142	0.01076	0.01819	0.72480	0.09194	0.01320	0.01655	0.01533	0.01194	0.01541	0.01056	0.01569	0.00799	0.00587	0.00591	0.00196	0.00782	0.00526	0.00265	0.00677
49	0.01186	0.03059	0.76153	0.01686	0.02560	0.01373	0.02185	0.01873	0.01249	0.01873	0.01061	0.01249	0.00749	0.00562	0.00562	0.00187	0.00874	0.00437	0.00250	0.00874
50	0.01398	0.01521	0.03137	0.06580	0.20807	0.01464	0.52296	0.01856	0.01373	0.01884	0.01169	0.01562	0.00901	0.00510	0.00665	0.00193	0.00915	0.00647	0.00296	0.00824
51	0.01396	0.01595	0.03490	0.02493	0.03091	0.01496	0.73380	0.01894	0.01396	0.01894	0.01196	0.01595	0.00897	0.00499	0.00698	0.00199	0.00997	0.00698	0.00299	0.00798
52	0.00721	0.00515	0.00686	0.00823	0.00858	0.00480	0.00549	0.00823	0.01132	0.01510	0.03259	0.78831	0.03911	0.01853	0.00755	0.00240	0.00343	0.01681	0.00549	0.00480
53	0.00726	0.00519	0.00691	0.00820	0.00859	0.00484	0.00549	0.00837	0.01157	0.01548	0.06485	0.75495	0.03986	0.01824	0.00752	0.00238	0.00340	0.01654	0.00554	0.00484
54	0.01315	0.18359	0.52217	0.01494	0.02210	0.06922	0.01790	0.01834	0.01264	0.01727	0.01115	0.05142	0.00914	0.00620	0.00533	0.00175	0.00812	0.00472	0.00270	0.00817
55	0.00855	0.00595	0.00754	0.00754	0.00791	0.00632	0.00494	0.00930	0.00892	0.01227	0.01764	0.03319	0.01911	0.52579	0.29320	0.00708	0.00933	0.00779	0.00344	0.00419
56	0.00721	0.00515	0.00686	0.00823	0.00858	0.00480	0.00549	0.00823	0.01132	0.01510	0.03259	0.78831	0.03911	0.01853	0.00755	0.00240	0.00343	0.01681	0.00549	0.00480
57	0.12835	0.26713	0.16384	0.01373	0.05535	0.15450	0.01258	0.07927	0.04188	0.01930	0.01010	0.01143	0.00811	0.00571	0.00477	0.00160	0.00733	0.00394	0.00321	0.00788
58	0.01306	0.01296	0.02097	0.44216	0.27292	0.05219	0.06806	0.01681	0.01277	0.01673	0.01075	0.01515	0.00843	0.00564	0.00594	0.00188	0.00789	0.00531	0.00277	0.00760
59	0.00748	0.00541	0.00707	0.00793	0.00861	0.00500	0.00546	0.00896	0.01275	0.01724	0.20910	0.56982	0.07967	0.01678	0.00738	0.00225	0.00325	0.01510	0.00574	0.00500
60	0.01448	0.01226	0.01289	0.01163	0.01485	0.01414	0.00904	0.03034	0.69941	0.02457	0.02377	0.02206	0.01787	0.00795	0.00590	0.00197	0.00456	0.00661	0.05655	0.00912
61	0.06840	0.01848	0.18172	0.01324	0.01845	0.03178	0.01261	0.41672	0.05587	0.02946	0.01753	0.01770	0.07687	0.00741	0.00580	0.00183	0.00657	0.00566	0.00492	0.00898
62	0.00726	0.00517	0.00684	0.00816	0.00849	0.00484	0.00541	0.00825	0.01121	0.01494	0.03200	0.75645	0.03836	0.05141	0.00851	0.00254	0.00353	0.01646	0.00541	0.00475
63	0.00731	0.00529	0.00693	0.00821	0.00872	0.00492	0.00562	0.00846	0.01159	0.01529	0.03449	0.69938	0.09001	0.01816	0.00754	0.00239	0.00350	0.05186	0.00549	0.00485
64	0.01409	0.04245	0.50315	0.01763	0.02520	0.01399	0.16143	0.05370	0.01387	0.08120	0.01206	0.01382	0.00851	0.00569	0.00589	0.00188	0.00852	0.00504	0.00316	0.00874
65	0.02231	0.02175	0.01731	0.01433	0.01831	0.35335	0.01132	0.41758	0.02287	0.02709	0.01194	0.01262	0.00897	0.00665	0.00566	0.00166	0.00836	0.00465	0.00463	0.00863
66	0.01464	0.01405	0.02400	0.03630	0.75528	0.01405	0.01815	0.01815	0.01347	0.01932	0.01112	0.01464	0.00937	0.00527	0.00585	0.00176	0.00703	0.00527	0.00293	0.00937

[dist]
# distance from previous block
# <min> <max>
0	160

# created by:
# /software/SequenceAnalysis/GenePrediction/augustus/3.0.1/scripts/msa2prfl.pl ./fixed/BUSCOvEOG70K9CR.fas
