[name]
unknown

[dist]
# distance from previous block
# <min> <max>
5	41

[block]
# block no. 0 follows, 40 sequences, length 45
# corresponding to MSA columns:
# 47-91
name=unknown_A
#
# <colnr> <probs for GDERKNQSTAVLIFYWHMCP>
#	G	D	E	R	K	N	Q	S	T	A	V	L	I	F	Y	W	H	M	C	P
0	0.01648	0.19319	0.01742	0.01183	0.01510	0.34139	0.00950	0.01976	0.08778	0.01617	0.07817	0.01667	0.03737	0.00931	0.05902	0.00205	0.00804	0.00491	0.00358	0.05224
1	0.06822	0.09228	0.11276	0.00940	0.01161	0.01040	0.00817	0.01264	0.03372	0.01472	0.01722	0.06111	0.05315	0.33447	0.06532	0.00391	0.07497	0.00703	0.00342	0.00547
2	0.03233	0.06861	0.08844	0.01131	0.01524	0.01307	0.00981	0.15196	0.25420	0.03735	0.01947	0.13879	0.02680	0.00854	0.00573	0.00180	0.00519	0.00707	0.00493	0.09936
3	0.01557	0.51025	0.17133	0.01186	0.01733	0.05844	0.01232	0.07538	0.04899	0.01695	0.00980	0.01092	0.00813	0.00543	0.00443	0.00145	0.00684	0.00371	0.00293	0.00792
4	0.13665	0.00672	0.00746	0.00776	0.00881	0.00692	0.00535	0.03086	0.02477	0.01695	0.06463	0.36815	0.04394	0.20722	0.03519	0.00323	0.00454	0.01123	0.00467	0.00496
5	0.00960	0.00679	0.00849	0.00851	0.00939	0.00713	0.00614	0.07377	0.01141	0.01539	0.02100	0.13135	0.02280	0.34521	0.18217	0.00523	0.00753	0.11906	0.00416	0.00488
6	0.01084	0.00542	0.00542	0.00542	0.00678	0.00542	0.00407	0.01355	0.01220	0.02168	0.01897	0.02168	0.01491	0.00678	0.00407	0.00136	0.00271	0.00542	0.82791	0.00542
7	0.01471	0.36152	0.18917	0.01751	0.17980	0.03551	0.02686	0.05747	0.01336	0.01752	0.03072	0.01244	0.00932	0.00547	0.00486	0.00154	0.00697	0.00423	0.00288	0.00816
8	0.01290	0.01212	0.02045	0.26327	0.47202	0.01291	0.01658	0.01642	0.01276	0.01758	0.01250	0.01924	0.01090	0.00633	0.00597	0.00188	0.00703	0.06811	0.00301	0.00802
9	0.07418	0.01879	0.10927	0.11013	0.02018	0.20416	0.01205	0.24823	0.03832	0.02283	0.01205	0.01497	0.00961	0.07156	0.00745	0.00205	0.00762	0.00490	0.00394	0.00771
10	0.01786	0.03442	0.01797	0.01452	0.01756	0.26372	0.11424	0.12860	0.01560	0.07983	0.01250	0.05648	0.01060	0.00864	0.00904	0.08467	0.09732	0.00557	0.00379	0.00708
11	0.00971	0.00627	0.00825	0.00757	0.00920	0.00574	0.00574	0.01241	0.01648	0.08454	0.69562	0.04148	0.05152	0.01150	0.00678	0.00183	0.00293	0.01013	0.00647	0.00585
12	0.01123	0.01035	0.01744	0.67334	0.10157	0.01257	0.01569	0.01472	0.01155	0.01496	0.01038	0.01553	0.00801	0.00655	0.00674	0.04760	0.00753	0.00516	0.00261	0.00649
13	0.01359	0.09188	0.05714	0.01833	0.03799	0.01301	0.39322	0.01725	0.01324	0.07905	0.01643	0.12967	0.01505	0.00789	0.00672	0.00198	0.01870	0.05773	0.00374	0.00739
14	0.00834	0.00559	0.00638	0.00650	0.00653	0.00556	0.00369	0.00843	0.00869	0.01159	0.01953	0.10440	0.02267	0.72721	0.02765	0.00535	0.00544	0.00917	0.00369	0.00363
15	0.02205	0.01036	0.01471	0.20559	0.02140	0.01018	0.01061	0.06409	0.01596	0.53408	0.01926	0.01839	0.01247	0.00684	0.00584	0.00183	0.00574	0.00564	0.00595	0.00903
16	0.08666	0.01456	0.01818	0.05938	0.14886	0.01568	0.04234	0.42537	0.02113	0.09086	0.01340	0.01431	0.00969	0.00640	0.00567	0.00177	0.00643	0.00517	0.00494	0.00920
17	0.01360	0.01295	0.01830	0.04867	0.01831	0.07987	0.14360	0.01722	0.07621	0.05700	0.01251	0.01645	0.01053	0.01518	0.16831	0.00363	0.27174	0.00571	0.00333	0.00687
18	0.00851	0.00573	0.00701	0.00701	0.00722	0.00594	0.00436	0.00880	0.00859	0.01166	0.01735	0.03394	0.01924	0.60423	0.17882	0.04896	0.00761	0.00783	0.00339	0.00381
19	0.00851	0.01284	0.24037	0.01055	0.01356	0.00746	0.01029	0.01136	0.01175	0.01619	0.04364	0.48673	0.07612	0.01394	0.00679	0.00216	0.00494	0.01235	0.00451	0.00594
20	0.01206	0.01034	0.01206	0.00861	0.01378	0.00775	0.00689	0.01464	0.01206	0.01895	0.01034	0.01206	0.00861	0.00431	0.00431	0.00086	0.00431	0.00345	0.00345	0.83118
21	0.01212	0.01032	0.01201	0.00901	0.01380	0.00828	0.00723	0.01593	0.07698	0.01934	0.01264	0.01586	0.01079	0.00527	0.00465	0.00106	0.00439	0.04322	0.00377	0.71332
22	0.00740	0.00519	0.00665	0.00769	0.00795	0.00494	0.00496	0.00818	0.01051	0.01402	0.02886	0.61687	0.03444	0.19867	0.01257	0.00312	0.00390	0.01466	0.00496	0.00444
23	0.00835	0.00604	0.00840	0.00840	0.00912	0.00676	0.00610	0.00978	0.00907	0.01280	0.01644	0.02761	0.01661	0.27923	0.53980	0.00818	0.01246	0.00693	0.00324	0.00467
24	0.01010	0.00505	0.00758	0.00758	0.00758	0.00505	0.00505	0.00758	0.00758	0.01010	0.01010	0.01768	0.01010	0.02020	0.02273	0.83081	0.00505	0.00505	0.00253	0.00253
25	0.00902	0.00666	0.00787	0.00835	0.00962	0.00663	0.00608	0.04212	0.09717	0.01776	0.03325	0.43796	0.14381	0.01486	0.00684	0.00216	0.00366	0.06271	0.07787	0.00559
26	0.00882	0.00617	0.00738	0.00693	0.00874	0.00545	0.00525	0.01102	0.01517	0.06736	0.42725	0.04700	0.33656	0.01274	0.00680	0.00188	0.00297	0.01093	0.00605	0.00553
27	0.01115	0.00629	0.00744	0.00695	0.00764	0.00608	0.00429	0.01150	0.00971	0.12633	0.01903	0.03526	0.02011	0.67502	0.02597	0.00505	0.00553	0.00806	0.00409	0.00450
28	0.00794	0.00617	0.00700	0.00703	0.00840	0.00574	0.00501	0.01040	0.06154	0.01722	0.20397	0.16874	0.32658	0.12597	0.01015	0.00252	0.00346	0.01165	0.00539	0.00509
29	0.00925	0.00611	0.00803	0.00759	0.00905	0.00560	0.00567	0.01178	0.01594	0.06928	0.63753	0.11674	0.05067	0.01222	0.00685	0.00188	0.00295	0.01082	0.00635	0.00569
30	0.83671	0.01125	0.00855	0.00765	0.01125	0.01305	0.00630	0.01709	0.00990	0.02609	0.00810	0.00945	0.00630	0.00540	0.00360	0.00180	0.00450	0.00315	0.00360	0.00630
31	0.15669	0.01084	0.01202	0.01010	0.01381	0.01122	0.00815	0.07547	0.21824	0.29432	0.02364	0.02270	0.08529	0.00800	0.00564	0.00188	0.00470	0.02286	0.00592	0.00852
32	0.00881	0.00579	0.00751	0.00778	0.00892	0.00528	0.00556	0.01057	0.01362	0.07054	0.29338	0.40457	0.10589	0.01487	0.00706	0.00210	0.00322	0.01325	0.00588	0.00538
33	0.83671	0.01125	0.00855	0.00765	0.01125	0.01305	0.00630	0.01709	0.00990	0.02609	0.00810	0.00945	0.00630	0.00540	0.00360	0.00180	0.00450	0.00315	0.00360	0.00630
34	0.02172	0.02772	0.01648	0.01498	0.01798	0.77228	0.01124	0.02322	0.01648	0.01423	0.00899	0.01049	0.00749	0.00599	0.00524	0.00150	0.01049	0.00375	0.00300	0.00674
35	0.01741	0.01148	0.01311	0.01101	0.01420	0.01203	0.00868	0.38215	0.02023	0.13307	0.02270	0.25610	0.05057	0.01080	0.00636	0.00195	0.00512	0.00910	0.00587	0.00809
36	0.00873	0.00559	0.00740	0.00832	0.00900	0.00524	0.00578	0.00988	0.01147	0.06733	0.03010	0.61118	0.03483	0.08569	0.00931	0.00264	0.00385	0.07328	0.00536	0.00503
37	0.00823	0.00594	0.00777	0.00732	0.00869	0.00549	0.00549	0.01097	0.01646	0.02332	0.75629	0.04344	0.05487	0.01189	0.00686	0.00183	0.00274	0.01052	0.00640	0.00549
38	0.00756	0.00592	0.00684	0.00661	0.00828	0.00520	0.00496	0.00967	0.01487	0.01955	0.41112	0.04964	0.40238	0.01329	0.00687	0.00190	0.00284	0.01139	0.00591	0.00520
39	0.00825	0.00532	0.00703	0.00783	0.00829	0.00513	0.00530	0.00892	0.03117	0.01432	0.02667	0.50118	0.05945	0.01765	0.01104	0.21180	0.00378	0.01256	0.04995	0.00434
40	0.00831	0.00647	0.00761	0.00723	0.00895	0.00604	0.00545	0.01178	0.07601	0.02095	0.47102	0.04568	0.27799	0.01247	0.00679	0.00188	0.00296	0.01076	0.00604	0.00561
41	0.00833	0.00615	0.00893	0.00893	0.00983	0.00704	0.00675	0.01012	0.00922	0.01319	0.01595	0.02494	0.01545	0.14721	0.67023	0.00883	0.01421	0.00654	0.00317	0.00496
42	0.01071	0.00609	0.00801	0.00801	0.00877	0.00618	0.00560	0.01171	0.08823	0.04537	0.01750	0.17449	0.01734	0.01644	0.01506	0.44797	0.00440	0.00760	0.09622	0.00431
43	0.01144	0.01033	0.01318	0.01439	0.11925	0.06394	0.00981	0.01583	0.12497	0.01606	0.01505	0.01975	0.01321	0.02717	0.42778	0.00600	0.07593	0.00586	0.00346	0.00659
44	0.00960	0.00560	0.00652	0.00656	0.00769	0.00565	0.00482	0.01189	0.01210	0.01947	0.13378	0.09008	0.02343	0.06920	0.11656	0.00296	0.00482	0.00746	0.45660	0.00521

[dist]
# distance from previous block
# <min> <max>
0	1

[block]
# block no. 1 follows, 40 sequences, length 43
# corresponding to MSA columns:
# 93-135
name=unknown_B
#
# <colnr> <probs for GDERKNQSTAVLIFYWHMCP>
#	G	D	E	R	K	N	Q	S	T	A	V	L	I	F	Y	W	H	M	C	P
0	0.01470	0.01383	0.01643	0.11367	0.10363	0.07410	0.04059	0.04869	0.41345	0.02124	0.01755	0.01813	0.01344	0.00717	0.00671	0.00193	0.05583	0.00589	0.00458	0.00845
1	0.07039	0.01017	0.01638	0.63261	0.03469	0.01235	0.03825	0.01458	0.01129	0.01548	0.01092	0.01706	0.00886	0.07518	0.00778	0.00225	0.00740	0.00537	0.00275	0.00624
2	0.00971	0.00692	0.00988	0.07793	0.06598	0.00676	0.00760	0.01211	0.01431	0.06347	0.37911	0.23519	0.04002	0.01240	0.00682	0.00200	0.00387	0.03448	0.00556	0.00590
3	0.01409	0.01351	0.02306	0.10127	0.69612	0.01374	0.01770	0.01758	0.01310	0.01863	0.01089	0.01449	0.00908	0.00524	0.00576	0.00175	0.00698	0.00518	0.00285	0.00897
4	0.01566	0.01392	0.01377	0.01220	0.01558	0.06942	0.00951	0.09268	0.63262	0.02468	0.02176	0.02021	0.01632	0.00767	0.00586	0.00192	0.00518	0.00625	0.00570	0.00909
5	0.00914	0.00653	0.00909	0.01032	0.01159	0.00648	0.00886	0.01170	0.01341	0.01757	0.07365	0.11665	0.03509	0.01597	0.00792	0.00260	0.00506	0.62764	0.00542	0.00532
6	0.01402	0.01198	0.01282	0.01174	0.01485	0.01378	0.00922	0.02924	0.68420	0.02372	0.02429	0.02556	0.01913	0.00861	0.00610	0.00203	0.00467	0.06931	0.00587	0.00887
7	0.01555	0.79913	0.03047	0.00995	0.01493	0.02301	0.00995	0.01741	0.01182	0.01368	0.00808	0.00933	0.00746	0.00498	0.00373	0.00124	0.00622	0.00311	0.00249	0.00746
8	0.00988	0.00768	0.01091	0.07946	0.06769	0.00791	0.00955	0.01357	0.05838	0.01927	0.21806	0.04902	0.03414	0.01279	0.00724	0.00228	0.00494	0.37600	0.00524	0.00600
9	0.00839	0.00589	0.00761	0.00761	0.00805	0.00633	0.00511	0.00927	0.00883	0.01222	0.01716	0.03162	0.01835	0.47739	0.34401	0.00721	0.00984	0.00751	0.00335	0.00423
10	0.00709	0.00506	0.00675	0.00810	0.00843	0.00472	0.00540	0.00810	0.01113	0.01484	0.03205	0.79184	0.03846	0.01822	0.00742	0.00236	0.00337	0.01653	0.00540	0.00472
11	0.00707	0.00512	0.00669	0.00794	0.00839	0.00474	0.00533	0.00812	0.01129	0.01491	0.03399	0.73878	0.09027	0.01797	0.00738	0.00233	0.00334	0.01622	0.00540	0.00474
12	0.02028	0.02532	0.01669	0.01503	0.01754	0.65156	0.01147	0.02174	0.01527	0.01419	0.00877	0.01084	0.00751	0.00666	0.00746	0.00167	0.13441	0.00396	0.00292	0.00668
13	0.00709	0.00506	0.00675	0.00810	0.00843	0.00472	0.00540	0.00810	0.01113	0.01484	0.03205	0.79184	0.03846	0.01822	0.00742	0.00236	0.00337	0.01653	0.00540	0.00472
14	0.02541	0.01005	0.01347	0.01043	0.01486	0.00890	0.00859	0.02849	0.05981	0.71981	0.02298	0.01991	0.01459	0.00724	0.00585	0.00181	0.00493	0.00589	0.00712	0.00986
15	0.00747	0.00596	0.00672	0.00665	0.00838	0.00521	0.00507	0.00944	0.01433	0.01834	0.28954	0.05236	0.48047	0.01386	0.00694	0.00196	0.00302	0.05343	0.00573	0.00513
16	0.02609	0.00990	0.01350	0.01035	0.01484	0.00855	0.00855	0.02834	0.01664	0.76338	0.02294	0.01979	0.01439	0.00720	0.00585	0.00180	0.00495	0.00585	0.00720	0.00990
17	0.01555	0.79913	0.03047	0.00995	0.01493	0.02301	0.00995	0.01741	0.01182	0.01368	0.00808	0.00933	0.00746	0.00498	0.00373	0.00124	0.00622	0.00311	0.00249	0.00746
18	0.00709	0.00506	0.00675	0.00810	0.00843	0.00472	0.00540	0.00810	0.01113	0.01484	0.03205	0.79184	0.03846	0.01822	0.00742	0.00236	0.00337	0.01653	0.00540	0.00472
19	0.00713	0.00512	0.00669	0.00793	0.00832	0.00477	0.00528	0.00812	0.01112	0.01474	0.03268	0.72804	0.06964	0.05017	0.00831	0.00248	0.00345	0.01601	0.00532	0.00468
20	0.00834	0.00559	0.00638	0.00650	0.00653	0.00556	0.00369	0.00843	0.00869	0.01159	0.01953	0.10432	0.02266	0.72729	0.02765	0.00535	0.00544	0.00917	0.00369	0.00363
21	0.00709	0.00506	0.00675	0.00810	0.00843	0.00472	0.00540	0.00810	0.01113	0.01484	0.03205	0.79184	0.03846	0.01822	0.00742	0.00236	0.00337	0.01653	0.00540	0.00472
22	0.08105	0.00720	0.00834	0.00777	0.00948	0.00710	0.00570	0.04335	0.02505	0.11071	0.20782	0.12376	0.05281	0.17600	0.01101	0.00266	0.00409	0.02428	0.08601	0.00580
23	0.01414	0.01212	0.01291	0.01176	0.01493	0.01397	0.00922	0.02970	0.70188	0.02388	0.02412	0.02450	0.01876	0.00841	0.00605	0.00202	0.00465	0.05215	0.00588	0.00896
24	0.00709	0.00506	0.00675	0.00810	0.00843	0.00472	0.00540	0.00810	0.01113	0.01484	0.03205	0.79184	0.03846	0.01822	0.00742	0.00236	0.00337	0.01653	0.00540	0.00472
25	0.01206	0.01034	0.01206	0.00861	0.01378	0.00775	0.00689	0.01464	0.01206	0.01895	0.01034	0.01206	0.00861	0.00431	0.00431	0.00086	0.00431	0.00345	0.00345	0.83118
26	0.00835	0.00559	0.00637	0.00648	0.00651	0.00557	0.00367	0.00843	0.00867	0.01156	0.01941	0.09792	0.02252	0.73389	0.02784	0.00538	0.00546	0.00910	0.00367	0.00362
27	0.00991	0.00505	0.00752	0.00761	0.00763	0.00503	0.00507	0.00761	0.00780	0.01040	0.01150	0.06711	0.01191	0.02008	0.02175	0.77790	0.00494	0.00578	0.00271	0.00267
28	0.02609	0.00990	0.01350	0.01035	0.01484	0.00855	0.00855	0.02834	0.01664	0.76338	0.02294	0.01979	0.01439	0.00720	0.00585	0.00180	0.00495	0.00585	0.00720	0.00990
29	0.01010	0.00782	0.00848	0.00784	0.01019	0.00760	0.00606	0.05663	0.14137	0.04920	0.15597	0.04441	0.43397	0.01238	0.00663	0.00194	0.00353	0.02392	0.00574	0.00624
30	0.02355	0.08995	0.07518	0.01113	0.01594	0.04465	0.00994	0.05564	0.01626	0.56743	0.01950	0.01752	0.01266	0.00678	0.00559	0.00173	0.00567	0.00534	0.00612	0.00941
31	0.02558	0.01036	0.01374	0.01057	0.01505	0.00929	0.00872	0.07384	0.03378	0.70037	0.02238	0.01946	0.01418	0.00720	0.00585	0.00180	0.00503	0.00583	0.00708	0.00988
32	0.02154	0.01040	0.01334	0.01060	0.01434	0.01013	0.00869	0.12827	0.01701	0.48277	0.03965	0.02262	0.08695	0.00972	0.03858	0.00217	0.06160	0.00645	0.00630	0.00886
33	0.04314	0.48214	0.02693	0.01438	0.08959	0.03560	0.07226	0.11089	0.01404	0.01802	0.00944	0.01112	0.00803	0.00549	0.00510	0.00149	0.03744	0.00400	0.00304	0.00788
34	0.29612	0.01415	0.02374	0.01762	0.02248	0.01448	0.41189	0.07631	0.01340	0.02253	0.01059	0.01334	0.00802	0.00536	0.00595	0.00190	0.02586	0.00542	0.00339	0.00744
35	0.01010	0.00505	0.00758	0.00758	0.00758	0.00505	0.00505	0.00758	0.00758	0.01010	0.01010	0.01768	0.01010	0.02020	0.02273	0.83081	0.00505	0.00505	0.00253	0.00253
36	0.01290	0.03948	0.01739	0.12090	0.29948	0.09054	0.02456	0.01654	0.05656	0.01741	0.05151	0.02329	0.10779	0.01014	0.06122	0.00235	0.00716	0.02979	0.00360	0.00738
37	0.00846	0.00564	0.00634	0.00634	0.00634	0.00564	0.00352	0.00846	0.00846	0.01128	0.01832	0.03805	0.02114	0.79563	0.02960	0.00564	0.00564	0.00846	0.00352	0.00352
38	0.19443	0.01499	0.03641	0.08457	0.02337	0.06917	0.31335	0.06024	0.01313	0.02018	0.01027	0.01337	0.00798	0.00586	0.00711	0.00192	0.09103	0.00527	0.00319	0.02416
39	0.06378	0.01450	0.01392	0.01209	0.01546	0.13634	0.04129	0.08050	0.38286	0.02229	0.02098	0.05069	0.06196	0.00789	0.00574	0.00182	0.00575	0.00642	0.00498	0.05073
40	0.04357	0.00766	0.00845	0.00773	0.00887	0.00793	0.00517	0.11058	0.03663	0.01731	0.09755	0.05076	0.02272	0.51272	0.02108	0.00426	0.00527	0.00806	0.00428	0.01940
41	0.00970	0.00691	0.00901	0.00975	0.01115	0.00689	0.00790	0.03712	0.05510	0.03544	0.07398	0.25105	0.06603	0.01535	0.00750	0.00242	0.00455	0.37897	0.00552	0.00565
42	0.01084	0.00542	0.00542	0.00542	0.00678	0.00542	0.00407	0.01355	0.01220	0.02168	0.01897	0.02168	0.01491	0.00678	0.00407	0.00136	0.00271	0.00542	0.82791	0.00542

[dist]
# distance from previous block
# <min> <max>
0	5

[block]
# block no. 2 follows, 40 sequences, length 66
# corresponding to MSA columns:
# 141-206
name=unknown_C
#
# <colnr> <probs for GDERKNQSTAVLIFYWHMCP>
#	G	D	E	R	K	N	Q	S	T	A	V	L	I	F	Y	W	H	M	C	P
0	0.00998	0.00665	0.00895	0.00978	0.01116	0.00651	0.00797	0.01270	0.04217	0.06721	0.06221	0.25356	0.04972	0.01551	0.00756	0.00245	0.00460	0.41010	0.00556	0.00564
1	0.00831	0.00621	0.00922	0.00922	0.01022	0.00720	0.00711	0.01030	0.00931	0.01341	0.01569	0.02348	0.01481	0.07498	0.74159	0.00919	0.01516	0.00632	0.00313	0.00512
2	0.01417	0.01356	0.02359	0.03384	0.68368	0.01351	0.06111	0.01747	0.01303	0.01860	0.01095	0.01461	0.00922	0.00579	0.00653	0.03633	0.00701	0.00528	0.00287	0.00885
3	0.00859	0.00656	0.00814	0.00867	0.01030	0.00625	0.00716	0.01144	0.04446	0.01796	0.14233	0.05741	0.27787	0.01469	0.00739	0.00229	0.00415	0.35343	0.00554	0.00538
4	0.02172	0.02772	0.01648	0.01498	0.01798	0.77228	0.01124	0.02322	0.01648	0.01423	0.00899	0.01049	0.00749	0.00599	0.00524	0.00150	0.01049	0.00375	0.00300	0.00674
5	0.00820	0.00553	0.00642	0.00667	0.00673	0.00547	0.00387	0.00839	0.00896	0.01194	0.02088	0.17854	0.02437	0.65074	0.02547	0.00503	0.00522	0.00996	0.00387	0.00375
6	0.00835	0.00607	0.00851	0.00851	0.00926	0.00682	0.00623	0.00985	0.00910	0.01288	0.01634	0.02706	0.01637	0.25206	0.56664	0.00832	0.01282	0.00685	0.00323	0.00473
7	0.06696	0.01558	0.01670	0.01286	0.01745	0.01712	0.01062	0.65270	0.02567	0.08478	0.01424	0.01411	0.00999	0.00691	0.00570	0.00175	0.00620	0.00516	0.00579	0.00969
8	0.05001	0.00911	0.00937	0.00804	0.01054	0.00975	0.00638	0.24386	0.01690	0.02661	0.01691	0.01871	0.01294	0.00678	0.00460	0.00150	0.00396	0.00526	0.53190	0.00687
9	0.02366	0.00675	0.00866	0.00889	0.01044	0.00664	0.00724	0.01262	0.06094	0.02064	0.36736	0.05106	0.08151	0.01336	0.00721	0.00219	0.00395	0.29538	0.00585	0.00565
10	0.00723	0.00516	0.00691	0.00826	0.00866	0.00485	0.00565	0.00835	0.01128	0.01501	0.03197	0.74621	0.03815	0.01808	0.00746	0.00238	0.00350	0.06074	0.00540	0.00476
11	0.00725	0.00513	0.00670	0.00789	0.00819	0.00483	0.00518	0.00814	0.01082	0.01442	0.03043	0.70303	0.03642	0.10981	0.01004	0.00275	0.00364	0.01558	0.00518	0.00458
12	0.00699	0.00544	0.00635	0.00708	0.00817	0.00481	0.00495	0.00821	0.01211	0.01524	0.04443	0.45266	0.36965	0.01661	0.00717	0.00218	0.00318	0.01457	0.00540	0.00481
13	0.01196	0.00964	0.01129	0.01128	0.01361	0.01064	0.00929	0.02162	0.38694	0.02092	0.02717	0.04330	0.02548	0.01191	0.00696	0.00232	0.00497	0.35774	0.00564	0.00731
14	0.01060	0.00540	0.00550	0.00559	0.00688	0.00538	0.00415	0.01321	0.01213	0.02125	0.01980	0.07026	0.01639	0.00750	0.00428	0.00142	0.00275	0.00612	0.77603	0.00538
15	0.00692	0.00589	0.00596	0.00594	0.00789	0.00493	0.00446	0.00844	0.01337	0.01599	0.08455	0.05550	0.73118	0.01462	0.00687	0.00196	0.00294	0.01221	0.00544	0.00493
16	0.07163	0.01598	0.01691	0.01303	0.01762	0.01773	0.01076	0.69602	0.02628	0.03601	0.01361	0.01369	0.00967	0.00688	0.00568	0.00175	0.00628	0.00511	0.00568	0.00967
17	0.00936	0.00620	0.00794	0.00751	0.00895	0.00573	0.00562	0.01167	0.01514	0.06755	0.53485	0.04346	0.09167	0.10436	0.00955	0.00234	0.00339	0.05324	0.00599	0.00549
18	0.01555	0.79913	0.03047	0.00995	0.01493	0.02301	0.00995	0.01741	0.01182	0.01368	0.00808	0.00933	0.00746	0.00498	0.00373	0.00124	0.00622	0.00311	0.00249	0.00746
19	0.01098	0.01034	0.01744	0.78165	0.04005	0.01292	0.01615	0.01486	0.01163	0.01486	0.01034	0.01550	0.00775	0.00581	0.00581	0.00194	0.00775	0.00517	0.00258	0.00646
20	0.00858	0.00663	0.00986	0.00971	0.01068	0.00791	0.00760	0.01060	0.00932	0.01353	0.01509	0.02223	0.01412	0.04158	0.72677	0.00893	0.06235	0.00616	0.00308	0.00526
21	0.00745	0.00624	0.00654	0.00653	0.00841	0.00553	0.00487	0.00991	0.05968	0.01666	0.09831	0.11290	0.60778	0.01440	0.00686	0.00199	0.00307	0.01215	0.00550	0.00520
22	0.02127	0.00911	0.01214	0.00972	0.01342	0.00815	0.00787	0.02442	0.05668	0.54972	0.19462	0.02543	0.02405	0.00833	0.00609	0.00182	0.00441	0.00698	0.00694	0.00883
23	0.00699	0.00590	0.00606	0.00602	0.00793	0.00496	0.00451	0.00858	0.01354	0.01639	0.12148	0.05484	0.69400	0.01447	0.00687	0.00195	0.00293	0.01212	0.00549	0.00496
24	0.01547	0.00782	0.01027	0.00872	0.01141	0.00714	0.00687	0.01874	0.05464	0.31006	0.43409	0.03315	0.03726	0.00986	0.00642	0.00182	0.00369	0.00850	0.00668	0.00739
25	0.01341	0.01481	0.03077	0.10393	0.07618	0.01467	0.56869	0.01787	0.01315	0.01795	0.01129	0.01539	0.00866	0.00537	0.00750	0.00198	0.06136	0.00646	0.00287	0.00768
26	0.02166	0.01001	0.01282	0.01025	0.01413	0.00940	0.00832	0.07087	0.10757	0.51253	0.13532	0.02330	0.02075	0.00799	0.00601	0.00182	0.00466	0.00662	0.00683	0.00913
27	0.01237	0.01010	0.01159	0.01137	0.01386	0.01126	0.00927	0.02313	0.44576	0.02147	0.02660	0.03979	0.02423	0.01126	0.00679	0.00226	0.00491	0.30067	0.00569	0.00762
28	0.01350	0.01384	0.07078	0.29426	0.41167	0.01375	0.01707	0.06220	0.01350	0.01862	0.01088	0.01461	0.00862	0.00554	0.00577	0.00181	0.00728	0.00512	0.00293	0.00825
29	0.02609	0.00990	0.01350	0.01035	0.01484	0.00855	0.00855	0.02834	0.01664	0.76338	0.02294	0.01979	0.01439	0.00720	0.00585	0.00180	0.00495	0.00585	0.00720	0.00990
30	0.01304	0.01397	0.02725	0.06970	0.06604	0.01469	0.44556	0.01669	0.01216	0.01692	0.01110	0.01630	0.00926	0.05423	0.01086	0.00230	0.18345	0.00636	0.00286	0.00724
31	0.05094	0.01692	0.01449	0.04481	0.01668	0.25830	0.01035	0.10509	0.20858	0.02053	0.03851	0.02057	0.02802	0.00810	0.00693	0.00189	0.07318	0.06420	0.00440	0.00750
32	0.01260	0.00789	0.00993	0.00901	0.01022	0.00837	0.00653	0.18445	0.01269	0.01703	0.01305	0.05224	0.01251	0.08467	0.06883	0.46973	0.00606	0.00596	0.00357	0.00466
33	0.01264	0.01218	0.02115	0.40996	0.35373	0.01342	0.06056	0.01639	0.01246	0.01689	0.01069	0.01503	0.00845	0.00548	0.00585	0.00185	0.00751	0.00528	0.00273	0.00775
34	0.04827	0.01609	0.08162	0.10462	0.09066	0.06470	0.37360	0.06323	0.01439	0.01966	0.05626	0.01626	0.01129	0.00572	0.00624	0.00187	0.00842	0.00609	0.00328	0.00772
35	0.01400	0.01469	0.06853	0.07403	0.60996	0.01382	0.06300	0.01811	0.03273	0.01886	0.01127	0.01460	0.00922	0.00529	0.00582	0.00177	0.00718	0.00527	0.00292	0.00894
36	0.01098	0.01034	0.01744	0.78165	0.04005	0.01292	0.01615	0.01486	0.01163	0.01486	0.01034	0.01550	0.00775	0.00581	0.00581	0.00194	0.00775	0.00517	0.00258	0.00646
37	0.00729	0.00530	0.00690	0.00801	0.00864	0.00492	0.00558	0.00856	0.01181	0.01561	0.07859	0.62679	0.10833	0.01735	0.00738	0.00231	0.00343	0.06292	0.00546	0.00483
38	0.00904	0.00620	0.00805	0.05482	0.01077	0.00618	0.00618	0.01142	0.05823	0.04754	0.09189	0.48403	0.03276	0.08261	0.00883	0.00246	0.00388	0.01284	0.05693	0.00533
39	0.00929	0.00722	0.01049	0.05199	0.01228	0.00876	0.00814	0.01142	0.00970	0.01447	0.01460	0.02101	0.01331	0.03344	0.55416	0.00724	0.11393	0.00594	0.08719	0.00544
40	0.02151	0.01606	0.01747	0.01350	0.01786	0.01802	0.01116	0.69417	0.02618	0.03522	0.01356	0.01388	0.00975	0.00718	0.00665	0.00180	0.05551	0.00523	0.00561	0.00967
41	0.01419	0.01361	0.02323	0.08081	0.71585	0.01376	0.01774	0.01767	0.01314	0.01875	0.01090	0.01446	0.00912	0.00522	0.00576	0.00174	0.00696	0.00518	0.00286	0.00904
42	0.00821	0.00594	0.00797	0.00901	0.01002	0.00570	0.00710	0.01019	0.01289	0.01701	0.11697	0.33490	0.08630	0.01630	0.00759	0.00241	0.00415	0.32673	0.00549	0.00510
43	0.01071	0.00688	0.00855	0.00777	0.00977	0.00638	0.00595	0.01409	0.06502	0.11715	0.49448	0.04107	0.16651	0.01150	0.00667	0.00186	0.00319	0.00995	0.00630	0.00620
44	0.01084	0.00542	0.00542	0.00542	0.00678	0.00542	0.00407	0.01355	0.01220	0.02168	0.01897	0.02168	0.01491	0.00678	0.00407	0.00136	0.00271	0.00542	0.82791	0.00542
45	0.07477	0.00652	0.00746	0.00726	0.00848	0.00631	0.00493	0.01185	0.01103	0.11026	0.04398	0.19078	0.10055	0.33804	0.01593	0.00351	0.00451	0.00971	0.03904	0.00507
46	0.15282	0.00991	0.01059	0.00921	0.01229	0.01046	0.00722	0.04130	0.23648	0.19196	0.03578	0.02343	0.07880	0.06063	0.00700	0.00208	0.00441	0.00637	0.09157	0.00769
47	0.00766	0.00592	0.00698	0.00672	0.00834	0.00524	0.00504	0.00987	0.01511	0.02012	0.46309	0.04870	0.35006	0.01308	0.00686	0.00189	0.00283	0.01126	0.00598	0.00524
48	0.01010	0.00505	0.00758	0.00758	0.00758	0.00505	0.00505	0.00758	0.00758	0.01010	0.01010	0.01768	0.01010	0.02020	0.02273	0.83081	0.00505	0.00505	0.00253	0.00253
49	0.00954	0.00662	0.00842	0.00833	0.00974	0.00638	0.00621	0.04359	0.04663	0.05162	0.38283	0.27239	0.05498	0.01356	0.00698	0.00205	0.00343	0.05495	0.00600	0.00577
50	0.03136	0.00652	0.00844	0.00860	0.01008	0.00618	0.00658	0.01265	0.02423	0.10881	0.20020	0.27581	0.06775	0.04783	0.00804	0.00234	0.00396	0.15918	0.00572	0.00573
51	0.02526	0.01123	0.01432	0.01098	0.01551	0.01053	0.00907	0.17680	0.01888	0.61177	0.02107	0.01858	0.01346	0.00715	0.00584	0.00179	0.00525	0.00572	0.00691	0.00990
52	0.01596	0.00783	0.01007	0.00872	0.01142	0.00717	0.00681	0.01904	0.05991	0.32880	0.22291	0.12394	0.07727	0.01032	0.00627	0.00187	0.00386	0.00886	0.06157	0.00741
53	0.05038	0.00894	0.01084	0.00935	0.01227	0.00864	0.00740	0.10326	0.05421	0.26638	0.16486	0.12195	0.10726	0.01054	0.00634	0.00193	0.00427	0.03750	0.00618	0.00752
54	0.00719	0.00513	0.00686	0.00821	0.00859	0.00481	0.00557	0.00827	0.01123	0.01496	0.03200	0.76006	0.03824	0.01812	0.00745	0.00238	0.00346	0.04732	0.00540	0.00475
55	0.01554	0.00711	0.00816	0.00712	0.00948	0.00681	0.00560	0.04785	0.01406	0.22789	0.01986	0.02084	0.01456	0.00690	0.00463	0.00149	0.00348	0.00553	0.56625	0.00685
56	0.00816	0.00665	0.00736	0.00760	0.00921	0.00636	0.00552	0.01186	0.12853	0.01690	0.05578	0.30091	0.38417	0.01479	0.00691	0.00210	0.00335	0.01280	0.00550	0.00553
57	0.01206	0.01034	0.01206	0.00861	0.01378	0.00775	0.00689	0.01464	0.01206	0.01895	0.01034	0.01206	0.00861	0.00431	0.00431	0.00086	0.00431	0.00345	0.00345	0.83118
58	0.01166	0.03008	0.76550	0.01657	0.02517	0.01351	0.02149	0.01842	0.01228	0.01842	0.01044	0.01228	0.00737	0.00552	0.00552	0.00184	0.00859	0.00430	0.00246	0.00859
59	0.00744	0.00566	0.00646	0.00693	0.00797	0.00514	0.00483	0.00855	0.01163	0.01462	0.04074	0.25776	0.34879	0.18502	0.01203	0.00292	0.00381	0.06013	0.00499	0.00459
60	0.00775	0.00594	0.00719	0.00789	0.00901	0.00559	0.00571	0.01008	0.05710	0.01640	0.08274	0.42964	0.23879	0.01604	0.00720	0.00222	0.00347	0.07660	0.00549	0.00515
61	0.00831	0.00598	0.00822	0.00828	0.00894	0.00661	0.00593	0.00964	0.00912	0.01280	0.01719	0.05996	0.01776	0.29672	0.48966	0.00780	0.01171	0.00741	0.00335	0.00461
62	0.02296	0.01492	0.01660	0.01273	0.01735	0.01600	0.01052	0.58742	0.02505	0.19244	0.01589	0.01521	0.01086	0.00703	0.00582	0.00176	0.00609	0.00537	0.00611	0.00989
63	0.01484	0.01719	0.09361	0.02313	0.07708	0.06176	0.53899	0.01943	0.01392	0.06340	0.01210	0.01523	0.00898	0.00518	0.00651	0.00190	0.00926	0.00627	0.00316	0.00805
64	0.01066	0.00766	0.00899	0.00812	0.01036	0.00726	0.00621	0.06883	0.07293	0.06653	0.31697	0.10762	0.21220	0.01172	0.00654	0.00185	0.00350	0.01007	0.00585	0.05611
65	0.01484	0.01529	0.10372	0.08858	0.41335	0.02509	0.04658	0.04180	0.10881	0.06474	0.01330	0.01550	0.01028	0.00580	0.00580	0.00180	0.00691	0.00535	0.00355	0.00888

[dist]
# distance from previous block
# <min> <max>
3	4

[block]
# block no. 3 follows, 40 sequences, length 9
# corresponding to MSA columns:
# 212-220
name=unknown_D
#
# <colnr> <probs for GDERKNQSTAVLIFYWHMCP>
#	G	D	E	R	K	N	Q	S	T	A	V	L	I	F	Y	W	H	M	C	P
0	0.31480	0.18441	0.09368	0.01171	0.01637	0.08981	0.06620	0.07724	0.01334	0.06994	0.01015	0.01133	0.00779	0.00559	0.00456	0.00166	0.00646	0.00395	0.00355	0.00747
1	0.01041	0.00904	0.01342	0.01114	0.01370	0.00898	0.13888	0.01434	0.09349	0.04612	0.17307	0.05495	0.28646	0.02995	0.00823	0.00208	0.06492	0.00955	0.00500	0.00628
2	0.01785	0.07671	0.01569	0.01315	0.07102	0.07192	0.00988	0.16549	0.18255	0.16308	0.07427	0.02219	0.04290	0.00790	0.00584	0.00180	0.00562	0.03822	0.00540	0.00854
3	0.01036	0.00784	0.00916	0.00858	0.01065	0.00799	0.00663	0.08277	0.10446	0.04107	0.14075	0.09374	0.26448	0.01806	0.14615	0.00331	0.00590	0.02661	0.00528	0.00619
4	0.01084	0.00542	0.00542	0.00542	0.00678	0.00542	0.00407	0.01355	0.01220	0.02168	0.01897	0.02168	0.01491	0.00678	0.00407	0.00136	0.00271	0.00542	0.82791	0.00542
5	0.01418	0.01162	0.01449	0.13407	0.09423	0.01308	0.01084	0.02536	0.45532	0.06958	0.07687	0.02154	0.01797	0.00755	0.00595	0.00192	0.00521	0.00647	0.00521	0.00853
6	0.00911	0.00651	0.00905	0.01025	0.01152	0.00645	0.00877	0.01167	0.01346	0.01768	0.08776	0.11783	0.03552	0.01590	0.00789	0.00259	0.00500	0.61228	0.00544	0.00532
7	0.00883	0.00680	0.00863	0.00802	0.00947	0.00682	0.00611	0.01228	0.06359	0.02223	0.60917	0.04097	0.10105	0.01173	0.00758	0.00189	0.05300	0.01004	0.00605	0.00574
8	0.00833	0.00614	0.00888	0.00888	0.00975	0.00701	0.00668	0.01008	0.00921	0.01315	0.01601	0.02522	0.01557	0.16109	0.65652	0.00877	0.01402	0.00658	0.00318	0.00493

[dist]
# distance from previous block
# <min> <max>
0	2

[block]
# block no. 4 follows, 40 sequences, length 42
# corresponding to MSA columns:
# 223-264
name=unknown_E
#
# <colnr> <probs for GDERKNQSTAVLIFYWHMCP>
#	G	D	E	R	K	N	Q	S	T	A	V	L	I	F	Y	W	H	M	C	P
0	0.07816	0.38084	0.03599	0.03944	0.03359	0.21385	0.01077	0.01828	0.01282	0.01526	0.00987	0.01369	0.00903	0.00633	0.00552	0.00157	0.05765	0.04744	0.00289	0.00701
1	0.09114	0.12367	0.19750	0.01342	0.04584	0.06956	0.08098	0.01685	0.01302	0.07024	0.06305	0.09508	0.08014	0.00797	0.00562	0.00180	0.00645	0.00667	0.00380	0.00723
2	0.17772	0.01636	0.01447	0.01196	0.01569	0.15177	0.00951	0.36954	0.07210	0.02792	0.01293	0.01471	0.01011	0.06193	0.00696	0.00200	0.00659	0.00489	0.00473	0.00813
3	0.01697	0.01595	0.01412	0.05973	0.01717	0.21908	0.01009	0.05051	0.36500	0.08017	0.01967	0.02098	0.03195	0.00775	0.00585	0.00186	0.00648	0.04354	0.00498	0.00814
4	0.01461	0.01238	0.01808	0.26241	0.25779	0.03071	0.01438	0.10908	0.06798	0.05946	0.01452	0.02025	0.01198	0.00696	0.00600	0.00190	0.00678	0.07285	0.00384	0.00804
5	0.01007	0.00765	0.00890	0.00885	0.01046	0.00789	0.00643	0.02888	0.21264	0.03787	0.13517	0.33011	0.10267	0.05484	0.00798	0.00229	0.00379	0.01164	0.00564	0.00623
6	0.01421	0.01363	0.02328	0.07519	0.72127	0.01377	0.01776	0.01769	0.01316	0.01878	0.01091	0.01445	0.00913	0.00521	0.00576	0.00174	0.00695	0.00518	0.00286	0.00907
7	0.01601	0.01121	0.01259	0.01029	0.01353	0.01168	0.00825	0.36477	0.02119	0.08128	0.23356	0.04669	0.12455	0.00971	0.00630	0.00182	0.00471	0.00800	0.00602	0.00784
8	0.01631	0.00932	0.01129	0.00990	0.01273	0.00923	0.00767	0.12072	0.11943	0.25695	0.06616	0.24390	0.06894	0.01114	0.00642	0.00199	0.00441	0.00957	0.00615	0.00777
9	0.00908	0.00726	0.00821	0.00772	0.00909	0.05261	0.00570	0.01155	0.01589	0.02190	0.65779	0.04103	0.04956	0.06736	0.00838	0.00208	0.00343	0.00995	0.00599	0.00542
10	0.00725	0.00518	0.00693	0.00828	0.00869	0.00486	0.00568	0.00838	0.01129	0.01503	0.03196	0.74009	0.03811	0.01807	0.00747	0.00238	0.00351	0.06667	0.00540	0.00477
11	0.01623	0.01150	0.01293	0.01120	0.01452	0.01246	0.00898	0.16537	0.34468	0.12656	0.08836	0.02731	0.04905	0.00901	0.00621	0.00196	0.00485	0.07421	0.00604	0.00858
12	0.00707	0.00512	0.00668	0.00793	0.00839	0.00474	0.00532	0.00812	0.01129	0.01491	0.03407	0.73642	0.09257	0.01796	0.00738	0.00233	0.00334	0.01621	0.00540	0.00474
13	0.01384	0.01479	0.05600	0.08465	0.45526	0.01401	0.23884	0.01790	0.01324	0.01857	0.01113	0.01478	0.00891	0.00515	0.00609	0.00182	0.00792	0.00566	0.00286	0.00857
14	0.00783	0.00591	0.00710	0.00681	0.00827	0.00532	0.00502	0.01000	0.01492	0.02015	0.49207	0.04686	0.26555	0.06859	0.00848	0.00214	0.00301	0.01090	0.00589	0.00517
15	0.01087	0.00785	0.00832	0.00765	0.01005	0.00767	0.00590	0.06145	0.13846	0.06536	0.05364	0.05327	0.41663	0.01158	0.00622	0.00187	0.00354	0.00960	0.11374	0.00634
16	0.00766	0.00560	0.00729	0.00818	0.00905	0.00522	0.00601	0.00931	0.01267	0.01683	0.15684	0.45223	0.12253	0.01637	0.00737	0.00228	0.00357	0.14043	0.00556	0.00499
17	0.83671	0.01125	0.00855	0.00765	0.01125	0.01305	0.00630	0.01709	0.00990	0.02609	0.00810	0.00945	0.00630	0.00540	0.00360	0.00180	0.00450	0.00315	0.00360	0.00630
18	0.00846	0.00564	0.00634	0.00634	0.00634	0.00564	0.00352	0.00846	0.00846	0.01128	0.01832	0.03805	0.02114	0.79563	0.02960	0.00564	0.00564	0.00846	0.00352	0.00352
19	0.00862	0.00549	0.00626	0.00651	0.00682	0.00542	0.00398	0.00930	0.00964	0.01381	0.02107	0.17979	0.02335	0.50587	0.02079	0.00425	0.00468	0.00947	0.15079	0.00409
20	0.00728	0.00513	0.00677	0.00796	0.00839	0.00479	0.00536	0.00846	0.01150	0.01560	0.07594	0.71989	0.03867	0.01744	0.00727	0.00229	0.00331	0.01579	0.03337	0.00479
21	0.01206	0.01034	0.01206	0.00861	0.01378	0.00775	0.00689	0.01464	0.01206	0.01895	0.01034	0.01206	0.00861	0.00431	0.00431	0.00086	0.00431	0.00345	0.00345	0.83118
22	0.00795	0.00542	0.00649	0.00699	0.00712	0.00530	0.00422	0.00832	0.00945	0.01260	0.02342	0.31806	0.02758	0.50685	0.02136	0.00442	0.00480	0.01146	0.00422	0.00397
23	0.03597	0.00594	0.00746	0.00786	0.00905	0.00560	0.00588	0.01010	0.01375	0.01901	0.31930	0.28154	0.13172	0.01457	0.00709	0.00213	0.00338	0.10874	0.00573	0.00519
24	0.00813	0.00594	0.00763	0.00721	0.00862	0.00544	0.00541	0.01078	0.01622	0.02275	0.70378	0.04438	0.10774	0.01210	0.00686	0.00184	0.00276	0.01065	0.00633	0.00544
25	0.00906	0.00660	0.00894	0.01012	0.01153	0.00647	0.00876	0.01159	0.01337	0.01720	0.03424	0.06441	0.12222	0.01590	0.00789	0.00259	0.00506	0.63338	0.00536	0.00530
26	0.01736	0.00791	0.01060	0.00889	0.01175	0.00702	0.00698	0.01963	0.01589	0.40341	0.30168	0.08145	0.03163	0.03983	0.00724	0.00200	0.00403	0.00844	0.00663	0.00763
27	0.00937	0.00551	0.00600	0.00610	0.00698	0.00540	0.00413	0.01102	0.01126	0.01760	0.06745	0.10422	0.06085	0.25162	0.01257	0.00283	0.00369	0.00810	0.40054	0.00475
28	0.01084	0.00542	0.00542	0.00542	0.00678	0.00542	0.00407	0.01355	0.01220	0.02168	0.01897	0.02168	0.01491	0.00678	0.00407	0.00136	0.00271	0.00542	0.82791	0.00542
29	0.00831	0.00623	0.00935	0.00935	0.01038	0.00727	0.00727	0.01038	0.00935	0.01350	0.01558	0.02285	0.01454	0.04361	0.77259	0.00935	0.01558	0.00623	0.00312	0.00519
30	0.01827	0.01324	0.01444	0.01208	0.01593	0.01469	0.00965	0.23621	0.43966	0.12876	0.02075	0.01919	0.01501	0.00753	0.00588	0.00188	0.00517	0.00609	0.00606	0.00950
31	0.00808	0.00636	0.00700	0.00700	0.00879	0.00584	0.00534	0.01098	0.06603	0.01804	0.16668	0.08902	0.44913	0.01356	0.00675	0.00198	0.00322	0.06469	0.05614	0.00537
32	0.00687	0.00589	0.00589	0.00589	0.00785	0.00491	0.00442	0.00835	0.01325	0.01571	0.05891	0.05596	0.75700	0.01473	0.00687	0.00196	0.00295	0.01227	0.00540	0.00491
33	0.00706	0.00590	0.00615	0.00609	0.00797	0.00499	0.00457	0.00871	0.01370	0.01677	0.15655	0.05421	0.65869	0.01433	0.00687	0.00194	0.00292	0.01203	0.00554	0.00499
34	0.01281	0.01143	0.01648	0.12649	0.01830	0.01526	0.01231	0.01463	0.00986	0.06255	0.00995	0.01478	0.00890	0.01327	0.10471	0.00321	0.53039	0.00528	0.00292	0.00647
35	0.01446	0.01257	0.01379	0.01329	0.06068	0.01442	0.00973	0.03010	0.70382	0.02400	0.02289	0.02125	0.01723	0.00772	0.00591	0.00196	0.00474	0.00649	0.00573	0.00920
36	0.00709	0.00506	0.00675	0.00810	0.00843	0.00472	0.00540	0.00810	0.01113	0.01484	0.03205	0.79184	0.03846	0.01822	0.00742	0.00236	0.00337	0.01653	0.00540	0.00472
37	0.00779	0.00596	0.00769	0.02310	0.02845	0.00566	0.00620	0.00973	0.03681	0.01597	0.06364	0.50577	0.16915	0.01624	0.00723	0.00226	0.00365	0.07423	0.00533	0.00514
38	0.01351	0.01482	0.03092	0.11094	0.13353	0.01438	0.55645	0.01810	0.01342	0.01826	0.01149	0.01548	0.00876	0.00504	0.00659	0.00193	0.00917	0.00644	0.00289	0.00788
39	0.02422	0.01031	0.01344	0.01059	0.01489	0.00950	0.00865	0.02875	0.13471	0.64422	0.02306	0.02010	0.01494	0.00731	0.00586	0.00183	0.00489	0.00597	0.00699	0.00978
40	0.01364	0.01322	0.02302	0.18913	0.56353	0.01369	0.06411	0.01728	0.01294	0.01812	0.01087	0.01471	0.00888	0.00529	0.00584	0.00179	0.00727	0.00529	0.00282	0.00855
41	0.06879	0.01445	0.01990	0.16983	0.39533	0.07141	0.01515	0.13804	0.01531	0.02126	0.01100	0.01392	0.00873	0.00568	0.00560	0.00176	0.00710	0.00495	0.00337	0.00843

[dist]
# distance from previous block
# <min> <max>
0	1

[block]
# block no. 5 follows, 40 sequences, length 36
# corresponding to MSA columns:
# 266-301
name=unknown_F
#
# <colnr> <probs for GDERKNQSTAVLIFYWHMCP>
#	G	D	E	R	K	N	Q	S	T	A	V	L	I	F	Y	W	H	M	C	P
0	0.06995	0.01645	0.12659	0.01405	0.01922	0.01453	0.12026	0.34916	0.01923	0.02761	0.01269	0.01402	0.00934	0.00605	0.00550	0.00167	0.00661	0.00502	0.06227	0.09977
1	0.01439	0.01382	0.02360	0.03569	0.75936	0.01382	0.01785	0.01785	0.01324	0.01900	0.01094	0.01439	0.00921	0.00518	0.00576	0.00173	0.00691	0.00518	0.00288	0.00921
2	0.01272	0.01272	0.01781	0.01527	0.01527	0.01781	0.01272	0.01399	0.00891	0.01399	0.00763	0.01272	0.00763	0.01018	0.01908	0.00254	0.78499	0.00509	0.00254	0.00636
3	0.01415	0.01357	0.02317	0.08812	0.70880	0.01375	0.01773	0.01764	0.01313	0.01871	0.01090	0.01447	0.00911	0.00523	0.00576	0.00174	0.00697	0.00518	0.00286	0.00902
4	0.02411	0.00988	0.01315	0.01034	0.01448	0.00883	0.00843	0.07359	0.01685	0.64751	0.02317	0.08933	0.01628	0.00818	0.00599	0.00185	0.00490	0.00677	0.00694	0.00943
5	0.00763	0.00538	0.00705	0.00818	0.00861	0.00515	0.00566	0.00871	0.01102	0.01463	0.02967	0.56816	0.03497	0.14296	0.01108	0.00293	0.00402	0.11449	0.00509	0.00462
6	0.01315	0.01255	0.02136	0.30674	0.49800	0.01349	0.01723	0.01676	0.01266	0.01749	0.01072	0.01480	0.00868	0.00541	0.00578	0.00180	0.00721	0.00518	0.00277	0.00821
7	0.00802	0.00594	0.00748	0.00709	0.00856	0.00540	0.00532	0.01056	0.01596	0.02213	0.64699	0.04540	0.16491	0.01233	0.00686	0.00185	0.00278	0.01079	0.00624	0.00540
8	0.01197	0.00926	0.01014	0.00942	0.01208	0.00971	0.00739	0.02050	0.34947	0.07267	0.06799	0.03811	0.27134	0.01107	0.00647	0.00201	0.00405	0.07326	0.00580	0.00729
9	0.00858	0.00701	0.00755	0.00743	0.00921	0.00679	0.00544	0.01277	0.15039	0.01747	0.10531	0.13362	0.40616	0.08532	0.00884	0.00234	0.00354	0.01121	0.00541	0.00561
10	0.01692	0.01012	0.01197	0.01031	0.01360	0.01033	0.00825	0.05591	0.28246	0.26606	0.10567	0.02908	0.08829	0.00921	0.00622	0.00194	0.00449	0.05444	0.00630	0.00842
11	0.00802	0.00594	0.00748	0.00709	0.00856	0.00540	0.00532	0.01056	0.01596	0.02213	0.64699	0.04540	0.16491	0.01233	0.00686	0.00185	0.00278	0.01079	0.00624	0.00540
12	0.00739	0.00545	0.00691	0.00752	0.00842	0.00498	0.00527	0.00898	0.01303	0.01747	0.24871	0.45697	0.15589	0.01581	0.00717	0.00214	0.00312	0.01410	0.00569	0.00498
13	0.01433	0.01011	0.01133	0.01016	0.01290	0.01085	0.00776	0.04521	0.39296	0.13140	0.06518	0.09600	0.07314	0.08172	0.00833	0.00230	0.00448	0.00811	0.00583	0.00790
14	0.01152	0.00670	0.00889	0.00803	0.00997	0.00610	0.00623	0.01417	0.01635	0.15701	0.58837	0.04023	0.04651	0.01124	0.00673	0.00186	0.00327	0.04406	0.00649	0.00628
15	0.00846	0.00564	0.00634	0.00634	0.00634	0.00564	0.00352	0.00846	0.00846	0.01128	0.01832	0.03805	0.02114	0.79563	0.02960	0.00564	0.00564	0.00846	0.00352	0.00352
16	0.00812	0.00584	0.00732	0.00725	0.00857	0.00530	0.00530	0.01024	0.01470	0.03496	0.45939	0.19111	0.17882	0.02755	0.00736	0.00202	0.00300	0.01188	0.00599	0.00529
17	0.00741	0.00524	0.00685	0.00792	0.00831	0.00496	0.00530	0.00844	0.01115	0.01492	0.06891	0.62549	0.03687	0.12044	0.01034	0.00278	0.00371	0.04113	0.00520	0.00463
18	0.02211	0.01629	0.01745	0.01338	0.01803	0.01803	0.01105	0.73997	0.02734	0.03665	0.01396	0.01396	0.00989	0.00698	0.00582	0.00175	0.00640	0.00524	0.00582	0.00989
19	0.01377	0.01557	0.03362	0.02523	0.07739	0.01465	0.69179	0.01858	0.01369	0.01865	0.01171	0.01560	0.00885	0.00492	0.00679	0.00195	0.00962	0.00675	0.00294	0.00793
20	0.00803	0.00550	0.00659	0.00695	0.00717	0.00536	0.00425	0.00858	0.00997	0.01341	0.08918	0.25965	0.02928	0.49661	0.02103	0.00433	0.00471	0.01101	0.00433	0.00405
21	0.01206	0.01034	0.01206	0.00861	0.01378	0.00775	0.00689	0.01464	0.01206	0.01895	0.01034	0.01206	0.00861	0.00431	0.00431	0.00086	0.00431	0.00345	0.00345	0.83118
22	0.00891	0.00710	0.01026	0.00996	0.01073	0.00860	0.00772	0.01067	0.00931	0.01349	0.01546	0.06345	0.01524	0.09010	0.56661	0.00769	0.12952	0.00677	0.00318	0.00523
23	0.02174	0.02711	0.01653	0.01490	0.01798	0.73254	0.01123	0.06099	0.01705	0.01541	0.00925	0.01067	0.00762	0.00604	0.00527	0.00151	0.01027	0.00382	0.00314	0.00691
24	0.05840	0.00917	0.00958	0.00824	0.01086	0.00969	0.00653	0.20603	0.05213	0.05781	0.04060	0.02179	0.06345	0.00750	0.00493	0.00158	0.00398	0.00592	0.41482	0.00699
25	0.00831	0.00646	0.00744	0.00728	0.00895	0.00600	0.00543	0.05625	0.01443	0.01875	0.22817	0.16756	0.37267	0.01561	0.04777	0.00237	0.00386	0.01174	0.00556	0.00536
26	0.00709	0.00506	0.00675	0.00810	0.00843	0.00472	0.00540	0.00810	0.01113	0.01484	0.03205	0.79184	0.03846	0.01822	0.00742	0.00236	0.00337	0.01653	0.00540	0.00472
27	0.00764	0.00556	0.00722	0.00810	0.00892	0.00520	0.00588	0.00922	0.01250	0.01662	0.15295	0.46066	0.11307	0.03809	0.00798	0.00237	0.00360	0.12398	0.00550	0.00493
28	0.00803	0.00590	0.00755	0.00739	0.00875	0.00542	0.00556	0.01048	0.01547	0.02139	0.57366	0.10860	0.13630	0.01298	0.00697	0.00193	0.00296	0.04917	0.00614	0.00535
29	0.01321	0.01871	0.22306	0.06572	0.21703	0.01407	0.32579	0.01817	0.01311	0.01847	0.01113	0.01445	0.00848	0.00519	0.00617	0.00187	0.00863	0.00566	0.00278	0.00832
30	0.01863	0.01156	0.01327	0.01130	0.01502	0.01235	0.00897	0.02998	0.48664	0.28899	0.02341	0.02101	0.01655	0.00764	0.00589	0.00191	0.00473	0.00631	0.00638	0.00945
