[name]
unknown

[dist]
# distance from previous block
# <min> <max>
0	40

[block]
# block no. 0 follows, 37 sequences, length 77
# corresponding to MSA columns:
# 40-116
name=unknown_A
#
# <colnr> <probs for GDERKNQSTAVLIFYWHMCP>
#	G	D	E	R	K	N	Q	S	T	A	V	L	I	F	Y	W	H	M	C	P
0	0.00986	0.00705	0.00986	0.01127	0.01268	0.00705	0.00986	0.01268	0.01409	0.01832	0.03241	0.06905	0.03523	0.01691	0.00845	0.00282	0.00564	0.70549	0.00564	0.00564
1	0.01345	0.01355	0.01963	0.01656	0.01688	0.01858	0.04935	0.01498	0.00963	0.01498	0.00826	0.01355	0.00810	0.01043	0.01944	0.00265	0.73507	0.00545	0.00270	0.00678
2	0.00730	0.00594	0.00647	0.00689	0.00845	0.00511	0.00496	0.00871	0.01329	0.01626	0.05356	0.27462	0.53395	0.01660	0.00741	0.00219	0.00324	0.01426	0.00568	0.00511
3	0.01441	0.01244	0.01306	0.01182	0.01514	0.01420	0.00918	0.03011	0.66210	0.02468	0.02869	0.02651	0.09260	0.00904	0.00633	0.00208	0.00467	0.00753	0.00617	0.00923
4	0.01408	0.01911	0.15900	0.02437	0.03105	0.01526	0.60418	0.01957	0.01419	0.01957	0.01214	0.01590	0.00903	0.00527	0.00698	0.00204	0.01010	0.00676	0.00301	0.00839
5	0.00746	0.00533	0.00710	0.00852	0.00888	0.00497	0.00568	0.00852	0.01172	0.01563	0.03374	0.78088	0.04049	0.01918	0.00781	0.00249	0.00355	0.01740	0.00568	0.00497
6	0.02245	0.07726	0.01828	0.01543	0.01872	0.71369	0.01174	0.02406	0.01704	0.01494	0.00940	0.01096	0.00788	0.00624	0.00542	0.00156	0.01075	0.00390	0.00312	0.00714
7	0.04199	0.01138	0.01916	0.66210	0.03926	0.01395	0.06126	0.01594	0.01219	0.01629	0.01076	0.01597	0.00817	0.00624	0.00671	0.00206	0.04143	0.00547	0.00278	0.00688
8	0.01284	0.03088	0.72585	0.01720	0.02609	0.01402	0.02211	0.01977	0.01309	0.04642	0.01147	0.01322	0.00803	0.00588	0.00583	0.00194	0.00890	0.00458	0.00277	0.00910
9	0.01141	0.00571	0.00571	0.00571	0.00713	0.00571	0.00428	0.01426	0.01284	0.02282	0.01997	0.02282	0.01569	0.00713	0.00428	0.00143	0.00285	0.00571	0.81886	0.00571
10	0.00746	0.00533	0.00710	0.00852	0.00888	0.00497	0.00568	0.00852	0.01172	0.01563	0.03374	0.78088	0.04049	0.01918	0.00781	0.00249	0.00355	0.01740	0.00568	0.00497
11	0.00746	0.00533	0.00710	0.00852	0.00888	0.00497	0.00568	0.00852	0.01172	0.01563	0.03374	0.78088	0.04049	0.01918	0.00781	0.00249	0.00355	0.01740	0.00568	0.00497
12	0.01335	0.01330	0.01930	0.03411	0.01728	0.01815	0.04922	0.01499	0.00978	0.01520	0.00861	0.01385	0.00829	0.01024	0.01873	0.00260	0.69836	0.00546	0.02244	0.00675
13	0.00746	0.00533	0.00710	0.00852	0.00888	0.00497	0.00568	0.00852	0.01172	0.01563	0.03374	0.78088	0.04049	0.01918	0.00781	0.00249	0.00355	0.01740	0.00568	0.00497
14	0.00890	0.00593	0.00668	0.00668	0.00668	0.00593	0.00371	0.00890	0.00890	0.01187	0.01929	0.04006	0.02225	0.78487	0.03116	0.00593	0.00593	0.00890	0.00371	0.00371
15	0.02327	0.01715	0.01837	0.01408	0.01898	0.01898	0.01163	0.72628	0.02878	0.03858	0.01470	0.01470	0.01041	0.00735	0.00612	0.00184	0.00674	0.00551	0.00612	0.01041
16	0.00889	0.00597	0.00688	0.00688	0.00695	0.00604	0.00396	0.00903	0.00896	0.01202	0.01910	0.03904	0.02181	0.73808	0.07735	0.00618	0.00660	0.00875	0.00368	0.00382
17	0.00746	0.00533	0.00710	0.00852	0.00888	0.00497	0.00568	0.00852	0.01172	0.01563	0.03374	0.78088	0.04049	0.01918	0.00781	0.00249	0.00355	0.01740	0.00568	0.00497
18	0.01637	0.78856	0.03208	0.01047	0.01571	0.02422	0.01047	0.01833	0.01244	0.01440	0.00851	0.00982	0.00786	0.00524	0.00393	0.00131	0.00655	0.00327	0.00262	0.00786
19	0.01552	0.01525	0.02448	0.03652	0.71144	0.05067	0.01845	0.01906	0.01410	0.01976	0.01141	0.01495	0.00961	0.00550	0.00603	0.00181	0.00745	0.00538	0.00304	0.00957
20	0.01659	0.69768	0.03009	0.01086	0.01588	0.05823	0.01048	0.01963	0.06409	0.01523	0.00972	0.01080	0.00863	0.00551	0.00417	0.00138	0.00664	0.00356	0.00290	0.00795
21	0.02327	0.01715	0.01837	0.01408	0.01898	0.01898	0.01163	0.72628	0.02878	0.03858	0.01470	0.01470	0.01041	0.00735	0.00612	0.00184	0.00674	0.00551	0.00612	0.01041
22	0.01156	0.01088	0.01836	0.77016	0.04216	0.01360	0.01700	0.01564	0.01224	0.01564	0.01088	0.01632	0.00816	0.00612	0.00612	0.00204	0.00816	0.00544	0.00272	0.00680
23	0.01387	0.01323	0.02253	0.29950	0.49480	0.01421	0.01815	0.01766	0.01333	0.01844	0.01129	0.01557	0.00915	0.00569	0.00608	0.00190	0.00759	0.00545	0.00292	0.00866
24	0.02231	0.01979	0.01718	0.01397	0.01812	0.23138	0.01117	0.47367	0.02436	0.03067	0.01356	0.01422	0.01006	0.00703	0.00582	0.00173	0.00770	0.00507	0.06305	0.00912
25	0.00746	0.00533	0.00710	0.00852	0.00888	0.00497	0.00568	0.00852	0.01172	0.01563	0.03374	0.78088	0.04049	0.01918	0.00781	0.00249	0.00355	0.01740	0.00568	0.00497
26	0.02579	0.01311	0.01587	0.01217	0.01697	0.01299	0.01005	0.30818	0.02202	0.46622	0.02037	0.01838	0.01326	0.00749	0.00614	0.00187	0.00582	0.00590	0.00700	0.01041
27	0.03146	0.01084	0.01782	0.37007	0.11365	0.01207	0.08043	0.05258	0.01336	0.01803	0.01682	0.20239	0.01641	0.00919	0.00657	0.00211	0.00698	0.00848	0.00372	0.00702
28	0.01523	0.01315	0.01384	0.01246	0.01592	0.01523	0.00969	0.03253	0.73563	0.02561	0.02491	0.02284	0.01869	0.00830	0.00623	0.00208	0.00484	0.00692	0.00623	0.00969
29	0.01141	0.00571	0.00571	0.00571	0.00713	0.00571	0.00428	0.01426	0.01284	0.02282	0.01997	0.02282	0.01569	0.00713	0.00428	0.00143	0.00285	0.00571	0.81886	0.00571
30	0.01554	0.01374	0.05186	0.04074	0.01773	0.01350	0.04659	0.22151	0.01712	0.02453	0.05840	0.01638	0.01261	0.00747	0.00829	0.02051	0.12621	0.00534	0.03928	0.24264
31	0.01553	0.01673	0.06697	0.14243	0.06566	0.01549	0.44611	0.06965	0.01558	0.02133	0.01321	0.01740	0.01017	0.00624	0.00716	0.00217	0.00952	0.00674	0.00363	0.04826
32	0.00746	0.00533	0.00710	0.00852	0.00888	0.00497	0.00568	0.00852	0.01172	0.01563	0.03374	0.78088	0.04049	0.01918	0.00781	0.00249	0.00355	0.01740	0.00568	0.00497
33	0.01248	0.01260	0.02324	0.32099	0.03129	0.01411	0.25282	0.01629	0.01267	0.01703	0.01358	0.05570	0.01197	0.00785	0.00877	0.00222	0.11974	0.05636	0.00319	0.00710
34	0.01577	0.41023	0.25132	0.01435	0.02082	0.01900	0.09386	0.01970	0.01321	0.07417	0.01092	0.01238	0.00856	0.00559	0.00505	0.00163	0.00763	0.00432	0.00305	0.00846
35	0.00866	0.00626	0.00818	0.00770	0.00914	0.00578	0.00578	0.01155	0.01733	0.02455	0.74346	0.04572	0.05776	0.01251	0.00722	0.00193	0.00289	0.01107	0.00674	0.00578
36	0.00888	0.00601	0.00704	0.00704	0.00716	0.00613	0.00416	0.00913	0.00901	0.01214	0.01896	0.03823	0.02146	0.70060	0.11435	0.00638	0.00713	0.00863	0.00366	0.00391
37	0.01102	0.02161	0.43423	0.01563	0.02161	0.01146	0.10024	0.01600	0.01273	0.01823	0.01829	0.25441	0.01821	0.00993	0.00661	0.00213	0.00747	0.00889	0.00362	0.00767
38	0.01623	0.76294	0.05648	0.01071	0.01608	0.02388	0.01088	0.01837	0.01245	0.01457	0.00859	0.00992	0.00785	0.00526	0.00399	0.00133	0.00663	0.00332	0.00262	0.00790
39	0.01269	0.01088	0.01269	0.00907	0.01451	0.00816	0.00725	0.01541	0.01269	0.01995	0.01088	0.01269	0.00907	0.00453	0.00453	0.00091	0.00453	0.00363	0.00363	0.82229
40	0.01893	0.00983	0.01359	0.04768	0.01581	0.00944	0.05368	0.02357	0.10858	0.35432	0.10780	0.04996	0.02125	0.00855	0.00621	0.00192	0.00500	0.02149	0.11383	0.00856
41	0.00746	0.00533	0.00710	0.00852	0.00888	0.00497	0.00568	0.00852	0.01172	0.01563	0.03374	0.78088	0.04049	0.01918	0.00781	0.00249	0.00355	0.01740	0.00568	0.00497
42	0.01063	0.00532	0.00797	0.00797	0.00797	0.00532	0.00532	0.00797	0.00797	0.01063	0.01063	0.01861	0.01063	0.02127	0.02392	0.82190	0.00532	0.00532	0.00266	0.00266
43	0.01621	0.01409	0.01448	0.01125	0.01606	0.07294	0.00897	0.17219	0.13390	0.02448	0.01387	0.01464	0.01082	0.00590	0.00523	0.00135	0.00559	0.00459	0.00455	0.44889
44	0.00744	0.00539	0.00704	0.00836	0.00884	0.00499	0.00561	0.00854	0.01188	0.01569	0.03575	0.72955	0.09052	0.01892	0.00777	0.00246	0.00352	0.01708	0.00568	0.00499
45	0.00746	0.00533	0.00710	0.00852	0.00888	0.00497	0.00568	0.00852	0.01172	0.01563	0.03374	0.78088	0.04049	0.01918	0.00781	0.00249	0.00355	0.01740	0.00568	0.00497
46	0.01525	0.01590	0.01849	0.05406	0.01797	0.13353	0.01325	0.05075	0.01170	0.01597	0.00872	0.01324	0.00813	0.00964	0.01645	0.00243	0.57951	0.00515	0.00292	0.00694
47	0.00890	0.00593	0.00668	0.00668	0.00668	0.00593	0.00371	0.00890	0.00890	0.01187	0.01929	0.04006	0.02225	0.78487	0.03116	0.00593	0.00593	0.00890	0.00371	0.00371
48	0.01508	0.01346	0.01747	0.35845	0.02820	0.07436	0.02990	0.16016	0.01546	0.02025	0.01164	0.01566	0.00913	0.00795	0.00890	0.05393	0.10440	0.00537	0.04298	0.00726
49	0.02243	0.01633	0.01747	0.01349	0.01814	0.01804	0.01111	0.67565	0.02765	0.03746	0.01507	0.01527	0.01079	0.00733	0.00599	0.00181	0.00646	0.00552	0.06391	0.01008
50	0.00955	0.00754	0.00933	0.00874	0.01112	0.00624	0.00631	0.01127	0.01211	0.01735	0.02462	0.47440	0.02795	0.01334	0.00650	0.00186	0.00394	0.01191	0.00486	0.33105
51	0.07378	0.01026	0.01129	0.00998	0.01303	0.01091	0.00785	0.05776	0.27463	0.15248	0.07249	0.05360	0.03699	0.00876	0.00585	0.00191	0.00439	0.02072	0.16506	0.00822
52	0.01267	0.02893	0.62372	0.01895	0.02749	0.01444	0.14931	0.01943	0.01320	0.01943	0.01124	0.01357	0.00803	0.00570	0.00607	0.00196	0.00928	0.00501	0.00268	0.00890
53	0.00746	0.00533	0.00710	0.00852	0.00888	0.00497	0.00568	0.00852	0.01172	0.01563	0.03374	0.78088	0.04049	0.01918	0.00781	0.00249	0.00355	0.01740	0.00568	0.00497
54	0.01467	0.01494	0.02405	0.21504	0.32599	0.06756	0.15374	0.01959	0.06766	0.01889	0.01238	0.01599	0.00977	0.00584	0.00627	0.00192	0.00817	0.00579	0.00321	0.00851
55	0.01420	0.01315	0.02233	0.14537	0.57291	0.01356	0.01729	0.01732	0.01314	0.01848	0.01134	0.01564	0.00955	0.00700	0.00770	0.07679	0.00723	0.00544	0.00295	0.00862
56	0.01614	0.69703	0.03094	0.01266	0.06770	0.02328	0.01120	0.01819	0.01240	0.01482	0.00870	0.01037	0.00799	0.00551	0.00484	0.00141	0.04271	0.00353	0.00265	0.00793
57	0.02287	0.02917	0.01735	0.01577	0.01892	0.76030	0.01183	0.02444	0.01735	0.01498	0.00946	0.01104	0.00788	0.00631	0.00552	0.00158	0.01104	0.00394	0.00315	0.00710
58	0.00889	0.00596	0.00681	0.00681	0.00686	0.00601	0.00388	0.00899	0.00894	0.01197	0.01916	0.03937	0.02196	0.75314	0.06248	0.00610	0.00638	0.00880	0.00369	0.00378
59	0.00787	0.00584	0.00779	0.04459	0.01048	0.00556	0.00617	0.00947	0.01300	0.01743	0.17334	0.54936	0.09235	0.01699	0.00758	0.00233	0.00361	0.01527	0.00575	0.00523
60	0.00757	0.00542	0.00721	0.00844	0.00890	0.00505	0.00569	0.00882	0.01226	0.01649	0.10218	0.70998	0.04215	0.01853	0.00776	0.00243	0.00349	0.01679	0.00578	0.00505
61	0.57327	0.01352	0.01196	0.00996	0.01410	0.01539	0.00821	0.24226	0.01623	0.03098	0.01048	0.01145	0.00783	0.00621	0.00453	0.00188	0.00537	0.00401	0.00453	0.00783
62	0.01451	0.01201	0.01365	0.01008	0.01530	0.01034	0.00810	0.12661	0.06658	0.02323	0.01247	0.01372	0.00996	0.00524	0.00490	0.00113	0.00490	0.00415	0.00420	0.63891
63	0.02587	0.01223	0.01527	0.01180	0.01650	0.01175	0.00976	0.22498	0.02060	0.53356	0.02169	0.02025	0.01430	0.00773	0.00620	0.00190	0.00565	0.02254	0.00712	0.01030
64	0.00746	0.00533	0.00710	0.00852	0.00888	0.00497	0.00568	0.00852	0.01172	0.01563	0.03374	0.78088	0.04049	0.01918	0.00781	0.00249	0.00355	0.01740	0.00568	0.00497
65	0.01188	0.01121	0.01895	0.70406	0.10573	0.01369	0.01716	0.01592	0.01239	0.01603	0.01094	0.01621	0.00830	0.00606	0.00611	0.00202	0.00808	0.00544	0.00275	0.00706
66	0.01880	0.01437	0.01552	0.01270	0.01634	0.05025	0.01029	0.46980	0.02242	0.03014	0.01510	0.01741	0.01183	0.01807	0.21686	0.00405	0.00951	0.00574	0.03210	0.00872
67	0.00746	0.00533	0.00710	0.00852	0.00888	0.00497	0.00568	0.00852	0.01172	0.01563	0.03374	0.78088	0.04049	0.01918	0.00781	0.00249	0.00355	0.01740	0.00568	0.00497
68	0.02247	0.01619	0.01751	0.01367	0.01837	0.01785	0.01121	0.59055	0.12143	0.08197	0.01664	0.01616	0.01180	0.00749	0.00614	0.00187	0.00639	0.00574	0.00623	0.01032
69	0.00747	0.00621	0.00652	0.00644	0.00841	0.00527	0.00483	0.00923	0.01450	0.01784	0.17263	0.05677	0.63277	0.01502	0.00723	0.00204	0.00307	0.01262	0.00586	0.00527
70	0.01247	0.00690	0.00725	0.03177	0.00935	0.00715	0.00536	0.07777	0.01424	0.02399	0.01920	0.02188	0.01497	0.00712	0.00450	0.00148	0.00337	0.00568	0.71939	0.00616
71	0.01063	0.00532	0.00797	0.00797	0.00797	0.00532	0.00532	0.00797	0.00797	0.01063	0.01063	0.01861	0.01063	0.02127	0.02392	0.82190	0.00532	0.00532	0.00266	0.00266
72	0.01184	0.01111	0.01578	0.01399	0.01436	0.01505	0.01148	0.01346	0.00953	0.01456	0.01082	0.01694	0.01046	0.02244	0.26686	0.00506	0.52132	0.00576	0.00288	0.00629
73	0.02327	0.01715	0.01837	0.01408	0.01898	0.01898	0.01163	0.72628	0.02878	0.03858	0.01470	0.01470	0.01041	0.00735	0.00612	0.00184	0.00674	0.00551	0.00612	0.01041
74	0.02275	0.01783	0.05296	0.01424	0.01934	0.01876	0.01215	0.69300	0.02803	0.03767	0.01452	0.01461	0.01028	0.00728	0.00611	0.00184	0.00684	0.00546	0.00596	0.01035
75	0.01177	0.01127	0.01973	0.66957	0.04005	0.01353	0.08452	0.01591	0.01252	0.01612	0.01185	0.01837	0.00931	0.00644	0.00632	0.00207	0.00827	0.03261	0.00287	0.00689
76	0.00930	0.00640	0.00839	0.00781	0.00936	0.00588	0.00588	0.01217	0.01733	0.04913	0.71912	0.04488	0.05632	0.01235	0.00718	0.00192	0.00297	0.01090	0.00677	0.00593

[dist]
# distance from previous block
# <min> <max>
0	1

[block]
# block no. 1 follows, 37 sequences, length 11
# corresponding to MSA columns:
# 118-128
name=unknown_B
#
# <colnr> <probs for GDERKNQSTAVLIFYWHMCP>
#	G	D	E	R	K	N	Q	S	T	A	V	L	I	F	Y	W	H	M	C	P
0	0.01418	0.01516	0.03067	0.07637	0.23168	0.01468	0.45305	0.01868	0.01406	0.01930	0.01289	0.04632	0.01056	0.00586	0.00685	0.00201	0.00906	0.00702	0.00316	0.00844
1	0.00853	0.00625	0.00800	0.00756	0.00906	0.00572	0.00567	0.01129	0.01701	0.02379	0.67934	0.04697	0.12234	0.01280	0.00722	0.00194	0.00291	0.01124	0.00664	0.00572
2	0.01141	0.00571	0.00571	0.00571	0.00713	0.00571	0.00428	0.01426	0.01284	0.02282	0.01997	0.02282	0.01569	0.00713	0.00428	0.00143	0.00285	0.00571	0.81886	0.00571
3	0.12363	0.02121	0.01680	0.01399	0.01807	0.30962	0.01109	0.36204	0.02199	0.02792	0.01187	0.01267	0.00895	0.00673	0.00559	0.00174	0.00818	0.00462	0.00466	0.00864
4	0.00882	0.00748	0.00777	0.00748	0.00975	0.00707	0.00567	0.01338	0.14694	0.01887	0.11180	0.05118	0.55376	0.01393	0.00705	0.00206	0.00340	0.01166	0.00587	0.00605
5	0.01228	0.03166	0.75316	0.01745	0.02649	0.01422	0.02262	0.01939	0.01292	0.01939	0.01099	0.01292	0.00775	0.00582	0.00582	0.00194	0.00905	0.00452	0.00258	0.00905
6	0.01594	0.69650	0.07380	0.01123	0.01637	0.02330	0.01137	0.01817	0.01228	0.01472	0.00863	0.01022	0.00786	0.00561	0.00503	0.00143	0.05360	0.00347	0.00262	0.00785
7	0.01063	0.00532	0.00797	0.00797	0.00797	0.00532	0.00532	0.00797	0.00797	0.01063	0.01063	0.01861	0.01063	0.02127	0.02392	0.82190	0.00532	0.00532	0.00266	0.00266
8	0.00881	0.00640	0.00921	0.10421	0.01380	0.00655	0.00800	0.01029	0.01196	0.01576	0.02841	0.45407	0.03246	0.01723	0.00926	0.07960	0.00476	0.16905	0.00502	0.00513
9	0.01470	0.01409	0.02404	0.12907	0.65870	0.01443	0.01856	0.01839	0.01373	0.01945	0.01143	0.01530	0.00950	0.00554	0.00607	0.00185	0.00738	0.00545	0.00299	0.00933
10	0.02142	0.01736	0.01725	0.01387	0.01829	0.08694	0.01121	0.50471	0.18710	0.03346	0.01651	0.01619	0.01204	0.00747	0.00609	0.00187	0.00671	0.00568	0.00587	0.00994

[dist]
# distance from previous block
# <min> <max>
0	3

[block]
# block no. 2 follows, 37 sequences, length 24
# corresponding to MSA columns:
# 132-155
name=unknown_C
#
# <colnr> <probs for GDERKNQSTAVLIFYWHMCP>
#	G	D	E	R	K	N	Q	S	T	A	V	L	I	F	Y	W	H	M	C	P
0	0.01246	0.01179	0.01980	0.51570	0.25405	0.01353	0.01701	0.01630	0.01283	0.01700	0.01326	0.01778	0.04006	0.00632	0.00615	0.00197	0.00768	0.00576	0.00294	0.00761
1	0.10308	0.24464	0.02115	0.01242	0.01712	0.06564	0.01069	0.36432	0.05941	0.02815	0.01247	0.01298	0.00956	0.00654	0.00521	0.00168	0.00664	0.00461	0.00467	0.00903
2	0.00771	0.00618	0.00660	0.00678	0.00839	0.00542	0.00496	0.00909	0.01308	0.01591	0.05180	0.09081	0.54484	0.13452	0.01105	0.00274	0.00376	0.06603	0.00538	0.00497
3	0.01141	0.00571	0.00571	0.00571	0.00713	0.00571	0.00428	0.01426	0.01284	0.02282	0.01997	0.02282	0.01569	0.00713	0.00428	0.00143	0.00285	0.00571	0.81886	0.00571
4	0.06493	0.01646	0.01763	0.01358	0.01841	0.01810	0.01122	0.64743	0.02715	0.08139	0.01495	0.01483	0.01050	0.00728	0.00601	0.00184	0.00654	0.00544	0.00609	0.01022
5	0.03164	0.01307	0.02239	0.35125	0.23158	0.01434	0.13266	0.01894	0.08700	0.01878	0.01268	0.01655	0.00981	0.00599	0.00624	0.00198	0.00785	0.00584	0.00325	0.00813
6	0.01339	0.01339	0.01875	0.01607	0.01607	0.01875	0.01339	0.01473	0.00937	0.01473	0.00804	0.01339	0.00804	0.01071	0.02009	0.00268	0.77367	0.00536	0.00268	0.00670
7	0.01275	0.06118	0.62397	0.01831	0.02680	0.01481	0.11908	0.01937	0.01311	0.01921	0.01108	0.01329	0.00797	0.00570	0.00593	0.00193	0.00912	0.00484	0.00266	0.00889
8	0.02176	0.06615	0.01904	0.01441	0.01847	0.16807	0.01178	0.46954	0.02351	0.02993	0.01259	0.01353	0.00950	0.00736	0.00730	0.00184	0.08601	0.00504	0.00496	0.00921
9	0.00824	0.00616	0.00764	0.00863	0.00939	0.00599	0.00588	0.01081	0.07959	0.01645	0.03442	0.61915	0.09196	0.05396	0.00872	0.00258	0.00375	0.01567	0.00564	0.00537
10	0.01059	0.00668	0.00880	0.00803	0.00981	0.00611	0.00611	0.01342	0.01735	0.09883	0.66990	0.04318	0.05340	0.01201	0.00711	0.00192	0.00313	0.01057	0.00682	0.00625
11	0.02108	0.02228	0.04387	0.09220	0.02143	0.35493	0.01256	0.27336	0.05813	0.02415	0.01233	0.01356	0.00937	0.00675	0.00584	0.00176	0.00882	0.00483	0.00431	0.00845
12	0.01712	0.65883	0.02918	0.01086	0.01586	0.05341	0.01040	0.02024	0.06707	0.05316	0.01058	0.01141	0.00904	0.00563	0.00428	0.00141	0.00654	0.00372	0.00317	0.00809
13	0.00875	0.00587	0.00672	0.00687	0.00690	0.00584	0.00391	0.00886	0.00919	0.01225	0.02076	0.11581	0.02412	0.70657	0.02877	0.00558	0.00569	0.00977	0.00391	0.00384
14	0.00746	0.00533	0.00710	0.00852	0.00888	0.00497	0.00568	0.00852	0.01172	0.01563	0.03374	0.78088	0.04049	0.01918	0.00781	0.00249	0.00355	0.01740	0.00568	0.00497
15	0.01192	0.00854	0.04461	0.00978	0.01157	0.00762	0.00760	0.06010	0.01431	0.11830	0.13067	0.42872	0.03403	0.03920	0.00856	0.00237	0.03711	0.01279	0.00578	0.00641
16	0.01368	0.01593	0.09427	0.15539	0.10236	0.01548	0.28260	0.01895	0.06871	0.01854	0.01211	0.01595	0.00949	0.00663	0.00893	0.00213	0.14150	0.00613	0.00314	0.00806
17	0.00866	0.00626	0.00818	0.00770	0.00914	0.00578	0.00578	0.01155	0.01733	0.02455	0.74346	0.04572	0.05776	0.01251	0.00722	0.00193	0.00289	0.01107	0.00674	0.00578
18	0.05485	0.00691	0.00686	0.00647	0.00829	0.00715	0.00497	0.06948	0.01394	0.02428	0.01897	0.02152	0.01481	0.00707	0.00440	0.00148	0.00325	0.00557	0.71362	0.00612
19	0.01560	0.34663	0.07996	0.05180	0.01795	0.11538	0.01211	0.04705	0.01310	0.01606	0.01092	0.05883	0.01024	0.00873	0.03270	0.00205	0.14539	0.00500	0.00306	0.00744
20	0.01240	0.01084	0.01661	0.53352	0.03364	0.01298	0.01490	0.07147	0.05790	0.01850	0.01577	0.02574	0.01367	0.00822	0.00653	0.00216	0.00741	0.12697	0.00370	0.00706
21	0.01453	0.00875	0.00932	0.03253	0.01152	0.00823	0.00665	0.01580	0.01473	0.02404	0.02481	0.13467	0.02253	0.05917	0.00818	0.00259	0.00473	0.00871	0.58101	0.00753
22	0.01765	0.01455	0.03834	0.01258	0.01760	0.01196	0.00985	0.12939	0.01748	0.02590	0.01726	0.07788	0.01542	0.00882	0.00675	0.00197	0.00622	0.00637	0.02625	0.53773
23	0.02608	0.02626	0.01887	0.01674	0.02053	0.52965	0.01246	0.05173	0.01953	0.13158	0.01584	0.01811	0.01281	0.00893	0.00720	0.00230	0.01052	0.00559	0.00527	0.05999

[dist]
# distance from previous block
# <min> <max>
20	200

# created by:
# /software/SequenceAnalysis/GenePrediction/augustus/3.0.1/scripts/msa2prfl.pl ./fixed/BUSCOvEOG77DBX1.fas
