[name]
unknown

[dist]
# distance from previous block
# <min> <max>
2	208

[block]
# block no. 0 follows, 40 sequences, length 46
# corresponding to MSA columns:
# 213-258
name=unknown_A
#
# <colnr> <probs for GDERKNQSTAVLIFYWHMCP>
#	G	D	E	R	K	N	Q	S	T	A	V	L	I	F	Y	W	H	M	C	P
0	0.08017	0.73712	0.02875	0.00977	0.01464	0.02223	0.00966	0.01739	0.01166	0.01466	0.00809	0.00934	0.00737	0.00501	0.00372	0.00129	0.00608	0.00311	0.00258	0.00737
1	0.10069	0.01262	0.01237	0.03435	0.01419	0.07313	0.00842	0.32293	0.01853	0.02714	0.01444	0.01614	0.01106	0.00905	0.05547	0.00212	0.00608	0.00502	0.24873	0.00753
2	0.75048	0.03603	0.00989	0.04019	0.01278	0.01351	0.00698	0.04016	0.01059	0.02557	0.00838	0.00984	0.00651	0.00545	0.00377	0.00179	0.00475	0.00330	0.00359	0.00646
3	0.01831	0.01390	0.01481	0.01191	0.01554	0.03818	0.00951	0.50648	0.03660	0.02955	0.01546	0.06289	0.01304	0.08690	0.06329	0.00267	0.00681	0.00619	0.00519	0.04277
4	0.38133	0.01918	0.29322	0.03163	0.01830	0.04031	0.02842	0.04132	0.06031	0.02257	0.01035	0.01178	0.00770	0.00568	0.00472	0.00182	0.00650	0.00402	0.00333	0.00751
5	0.01107	0.00974	0.00920	0.00854	0.01078	0.08482	0.00651	0.03967	0.16343	0.02027	0.20188	0.03718	0.28108	0.01086	0.00623	0.00183	0.00409	0.00903	0.07750	0.00630
6	0.01501	0.01557	0.07303	0.07401	0.35604	0.05831	0.19388	0.01917	0.03219	0.06877	0.01207	0.01490	0.00935	0.00541	0.00596	0.00178	0.00774	0.00549	0.00324	0.02808
7	0.06423	0.01717	0.11129	0.01770	0.16170	0.02726	0.01329	0.41339	0.06835	0.02924	0.01317	0.01403	0.00972	0.00641	0.00564	0.00177	0.00661	0.00506	0.00467	0.00931
8	0.00896	0.00725	0.01140	0.01059	0.01183	0.00838	0.05554	0.01107	0.00956	0.01376	0.01493	0.02244	0.01403	0.07547	0.63611	0.00823	0.06568	0.00630	0.00309	0.00536
9	0.00871	0.00566	0.00758	0.00835	0.00921	0.00526	0.00596	0.01022	0.01252	0.06564	0.14435	0.56204	0.03901	0.01632	0.00728	0.00227	0.00355	0.07519	0.00567	0.00524
10	0.00818	0.00590	0.00775	0.00750	0.00879	0.00547	0.00562	0.01079	0.01594	0.02245	0.67380	0.10176	0.05282	0.01253	0.00695	0.00190	0.00289	0.03723	0.00629	0.00542
11	0.01098	0.01034	0.01744	0.78165	0.04005	0.01292	0.01615	0.01486	0.01163	0.01486	0.01034	0.01550	0.00775	0.00581	0.00581	0.00194	0.00775	0.00517	0.00258	0.00646
12	0.00720	0.00514	0.00688	0.00822	0.00861	0.00482	0.00559	0.00829	0.01124	0.01497	0.03199	0.75649	0.03822	0.01811	0.00745	0.00238	0.00347	0.05078	0.00540	0.00475
13	0.00730	0.00520	0.00693	0.00823	0.00863	0.00490	0.00563	0.00840	0.01121	0.01491	0.03147	0.71104	0.03748	0.04551	0.00825	0.00250	0.00360	0.06874	0.00533	0.00473
14	0.01505	0.01278	0.01348	0.01195	0.01535	0.01474	0.00935	0.08540	0.69339	0.02527	0.02292	0.02110	0.01715	0.00782	0.00591	0.00195	0.00474	0.00647	0.00591	0.00926
15	0.00831	0.00620	0.00921	0.00921	0.01020	0.00720	0.00710	0.01030	0.00931	0.01340	0.01570	0.02353	0.01483	0.07732	0.73929	0.00918	0.01513	0.00633	0.00313	0.00512
16	0.00720	0.00514	0.00688	0.00822	0.00861	0.00482	0.00559	0.00829	0.01124	0.01497	0.03199	0.75653	0.03822	0.01811	0.00745	0.00238	0.00347	0.05074	0.00540	0.00475
17	0.01206	0.01034	0.01206	0.00861	0.01378	0.00775	0.00689	0.01464	0.01206	0.01895	0.01034	0.01206	0.00861	0.00431	0.00431	0.00086	0.00431	0.00345	0.00345	0.83118
18	0.83671	0.01125	0.00855	0.00765	0.01125	0.01305	0.00630	0.01709	0.00990	0.02609	0.00810	0.00945	0.00630	0.00540	0.00360	0.00180	0.00450	0.00315	0.00360	0.00630
19	0.01219	0.01080	0.01487	0.39536	0.04158	0.01269	0.01237	0.05175	0.24398	0.01929	0.04776	0.02185	0.07608	0.00749	0.00598	0.00193	0.00609	0.00642	0.00417	0.00736
20	0.01222	0.01046	0.01209	0.02732	0.01435	0.00904	0.00748	0.01752	0.15955	0.01969	0.01429	0.06016	0.01219	0.00588	0.00485	0.00120	0.00439	0.00489	0.00404	0.59841
21	0.00737	0.00586	0.00662	0.00654	0.00819	0.00510	0.00486	0.00927	0.01426	0.01836	0.30562	0.09992	0.45956	0.01395	0.00690	0.00194	0.00290	0.01193	0.00576	0.00510
22	0.02475	0.01065	0.01370	0.01057	0.01494	0.00983	0.00871	0.13554	0.01805	0.61711	0.02139	0.01900	0.01374	0.00714	0.00576	0.00177	0.00506	0.00573	0.04689	0.00968
23	0.01296	0.02204	0.39244	0.02374	0.27347	0.01380	0.10360	0.01886	0.04864	0.01893	0.01141	0.01385	0.00867	0.00545	0.00578	0.00182	0.00797	0.00501	0.00282	0.00874
24	0.00777	0.00613	0.00703	0.00692	0.00856	0.00555	0.00514	0.01036	0.04728	0.01900	0.32845	0.11836	0.38115	0.01363	0.00688	0.00195	0.00298	0.01173	0.00582	0.00531
25	0.01491	0.01109	0.01289	0.00955	0.01432	0.00955	0.00771	0.14788	0.01555	0.08974	0.06122	0.01517	0.01241	0.00555	0.00489	0.00117	0.00464	0.00445	0.00441	0.55289
26	0.01315	0.00805	0.00973	0.00869	0.01112	0.00776	0.00674	0.08067	0.06641	0.17188	0.19387	0.11371	0.19740	0.02499	0.04421	0.00235	0.00448	0.02210	0.00592	0.00678
27	0.13950	0.01475	0.01462	0.01197	0.01601	0.05250	0.00965	0.36289	0.23266	0.02969	0.01552	0.01529	0.01147	0.00685	0.00543	0.00177	0.00571	0.00517	0.00528	0.04327
28	0.01267	0.01086	0.01258	0.00955	0.01409	0.00949	0.00762	0.03957	0.11956	0.01997	0.01263	0.02678	0.01044	0.00543	0.00536	0.00116	0.04239	0.00426	0.00387	0.63173
29	0.01346	0.01657	0.12137	0.05582	0.05356	0.01399	0.48439	0.04512	0.04234	0.01925	0.01250	0.03484	0.00973	0.00553	0.00643	0.00189	0.00872	0.00643	0.00317	0.04487
30	0.00761	0.00581	0.00825	0.00883	0.00971	0.00540	0.04124	0.00906	0.01190	0.01577	0.07609	0.59905	0.09917	0.01676	0.00735	0.00230	0.00374	0.06164	0.00534	0.00498
31	0.00726	0.00506	0.00680	0.00807	0.00838	0.00474	0.00538	0.00807	0.01092	0.01456	0.03075	0.74608	0.03679	0.01834	0.00833	0.05133	0.00347	0.01585	0.00523	0.00459
32	0.00884	0.00702	0.00937	0.00931	0.01034	0.03684	0.00711	0.01072	0.00955	0.01334	0.01555	0.02363	0.01482	0.10488	0.68082	0.00873	0.01455	0.00632	0.00314	0.00511
33	0.01288	0.27139	0.53487	0.01450	0.02195	0.01649	0.01787	0.01810	0.01213	0.01693	0.00970	0.01135	0.00740	0.00535	0.00496	0.00165	0.00785	0.00392	0.00247	0.00824
34	0.00832	0.00666	0.00718	0.00688	0.00891	0.00608	0.00521	0.01161	0.08971	0.03308	0.19769	0.04914	0.52196	0.01329	0.00675	0.00193	0.00311	0.01120	0.00569	0.00557
35	0.83671	0.01125	0.00855	0.00765	0.01125	0.01305	0.00630	0.01709	0.00990	0.02609	0.00810	0.00945	0.00630	0.00540	0.00360	0.00180	0.00450	0.00315	0.00360	0.00630
36	0.01245	0.01183	0.02009	0.46063	0.34960	0.01331	0.01688	0.01614	0.01232	0.01664	0.01060	0.01503	0.00838	0.00554	0.00579	0.00185	0.00739	0.00517	0.00271	0.00764
37	0.00807	0.00584	0.00779	0.00893	0.00973	0.00567	0.00669	0.01019	0.03655	0.01646	0.07878	0.50527	0.03739	0.01683	0.00751	0.00241	0.00395	0.22134	0.00547	0.00511
38	0.02609	0.00990	0.01350	0.01035	0.01484	0.00855	0.00855	0.02834	0.01664	0.76338	0.02294	0.01979	0.01439	0.00720	0.00585	0.00180	0.00495	0.00585	0.00720	0.00990
39	0.10012	0.01002	0.01304	0.01010	0.01452	0.00896	0.00834	0.02731	0.01603	0.69605	0.02159	0.01885	0.01366	0.00703	0.00564	0.00180	0.00491	0.00560	0.00687	0.00957
40	0.01495	0.01507	0.02154	0.15238	0.34842	0.10440	0.10096	0.04970	0.09849	0.01905	0.01229	0.01509	0.00973	0.00574	0.00586	0.00179	0.00753	0.00537	0.00332	0.00832
41	0.00757	0.00553	0.00723	0.00841	0.00917	0.00519	0.00617	0.00901	0.01190	0.01553	0.03512	0.53728	0.12709	0.01730	0.00749	0.00238	0.00376	0.17359	0.00539	0.00489
42	0.01555	0.79913	0.03047	0.00995	0.01493	0.02301	0.00995	0.01741	0.01182	0.01368	0.00808	0.00933	0.00746	0.00498	0.00373	0.00124	0.00622	0.00311	0.00249	0.00746
43	0.01381	0.01624	0.13745	0.05626	0.50214	0.01386	0.07508	0.01896	0.07317	0.01917	0.01195	0.01481	0.00954	0.00546	0.00582	0.00179	0.00724	0.00529	0.00306	0.00891
44	0.01493	0.01042	0.01189	0.01058	0.01360	0.01119	0.00836	0.03635	0.41831	0.14877	0.14893	0.02888	0.04732	0.00918	0.00623	0.00196	0.00437	0.05423	0.00616	0.00832
45	0.00714	0.00514	0.00668	0.00788	0.00830	0.00478	0.00525	0.00813	0.01113	0.01472	0.03297	0.71163	0.08009	0.05587	0.00847	0.00250	0.00346	0.01589	0.00531	0.00468

[dist]
# distance from previous block
# <min> <max>
1	221

# created by:
# /software/SequenceAnalysis/GenePrediction/augustus/3.0.1/scripts/msa2prfl.pl ./fixed/BUSCOvEOG79PCCM.fas
