[name]
unknown

[dist]
# distance from previous block
# <min> <max>
5	18

[block]
# block no. 0 follows, 40 sequences, length 16
# corresponding to MSA columns:
# 18-33
name=unknown_A
#
# <colnr> <probs for GDERKNQSTAVLIFYWHMCP>
#	G	D	E	R	K	N	Q	S	T	A	V	L	I	F	Y	W	H	M	C	P
0	0.01401	0.01094	0.01153	0.01048	0.01263	0.06361	0.00787	0.28654	0.01753	0.02294	0.04042	0.36208	0.02400	0.04054	0.00812	0.03926	0.00516	0.01040	0.00522	0.00670
1	0.01166	0.03008	0.76550	0.01657	0.02517	0.01351	0.02149	0.01842	0.01228	0.01842	0.01044	0.01228	0.00737	0.00552	0.00552	0.00184	0.00859	0.00430	0.00246	0.00859
2	0.01428	0.07102	0.51033	0.01624	0.02333	0.12701	0.06462	0.07283	0.01409	0.01890	0.01044	0.01219	0.00767	0.00563	0.00549	0.00176	0.00866	0.00438	0.00282	0.00830
3	0.01569	0.71218	0.08293	0.01044	0.01566	0.02175	0.01073	0.01792	0.01204	0.04381	0.00884	0.00996	0.00773	0.00510	0.00395	0.00131	0.00634	0.00330	0.00267	0.00764
4	0.00687	0.00589	0.00589	0.00589	0.00785	0.00491	0.00442	0.00835	0.01325	0.01571	0.05891	0.05596	0.75700	0.01473	0.00687	0.00196	0.00295	0.01227	0.00540	0.00491
5	0.01010	0.00505	0.00758	0.00758	0.00758	0.00505	0.00505	0.00758	0.00758	0.01010	0.01010	0.01768	0.01010	0.02020	0.02273	0.83081	0.00505	0.00505	0.00253	0.00253
6	0.01222	0.14125	0.65925	0.01562	0.02369	0.01488	0.01982	0.01827	0.01221	0.01773	0.01010	0.01185	0.00738	0.00545	0.00527	0.00176	0.00825	0.00413	0.00246	0.00843
7	0.00831	0.00623	0.00935	0.00935	0.01038	0.00727	0.00727	0.01038	0.00935	0.01350	0.01558	0.02285	0.01454	0.04361	0.77259	0.00935	0.01558	0.00623	0.00312	0.00519
8	0.01439	0.01382	0.02360	0.03569	0.75936	0.01382	0.01785	0.01785	0.01324	0.01900	0.01094	0.01439	0.00921	0.00518	0.00576	0.00173	0.00691	0.00518	0.00288	0.00921
9	0.01995	0.01501	0.01629	0.01236	0.01712	0.01583	0.01016	0.58429	0.02406	0.03285	0.01318	0.01355	0.00962	0.00641	0.00549	0.00156	0.00595	0.00485	0.00531	0.18616
10	0.01112	0.01008	0.01604	0.04557	0.41517	0.00991	0.01229	0.01361	0.01262	0.01723	0.02422	0.23295	0.13469	0.01026	0.00639	0.00194	0.00535	0.00939	0.00395	0.00723
11	0.06914	0.01220	0.07583	0.61197	0.09045	0.01304	0.01600	0.01552	0.01168	0.01623	0.01023	0.01474	0.00773	0.00572	0.00563	0.00191	0.00753	0.00496	0.00267	0.00682
12	0.01415	0.01357	0.02316	0.08890	0.70805	0.01375	0.01773	0.01763	0.01313	0.01870	0.01090	0.01447	0.00911	0.00523	0.00576	0.00174	0.00697	0.00518	0.00286	0.00902
13	0.01311	0.01174	0.01402	0.03306	0.14886	0.06588	0.00934	0.04090	0.01320	0.03501	0.01517	0.09065	0.04726	0.00663	0.00519	0.00134	0.00525	0.00563	0.00374	0.43402
14	0.01417	0.01353	0.02271	0.08304	0.67724	0.01379	0.01733	0.01827	0.04809	0.01898	0.01150	0.01481	0.00952	0.00535	0.00577	0.00175	0.00685	0.00525	0.00300	0.00903
15	0.01294	0.01149	0.01736	0.17001	0.21006	0.01144	0.05878	0.09061	0.01385	0.01943	0.01385	0.11739	0.01271	0.00699	0.00571	0.00166	0.00610	0.00638	0.00360	0.20963

[dist]
# distance from previous block
# <min> <max>
0	105

[block]
# block no. 1 follows, 40 sequences, length 29
# corresponding to MSA columns:
# 153-181
name=unknown_B
#
# <colnr> <probs for GDERKNQSTAVLIFYWHMCP>
#	G	D	E	R	K	N	Q	S	T	A	V	L	I	F	Y	W	H	M	C	P
0	0.00912	0.00727	0.00942	0.00917	0.00992	0.03248	0.00681	0.01056	0.00930	0.01296	0.01549	0.02577	0.01556	0.24280	0.48913	0.00757	0.07195	0.00666	0.00318	0.00488
1	0.01084	0.00542	0.00542	0.00542	0.00678	0.00542	0.00407	0.01355	0.01220	0.02168	0.01897	0.02168	0.01491	0.00678	0.00407	0.00136	0.00271	0.00542	0.82791	0.00542
2	0.01206	0.01034	0.01206	0.00861	0.01378	0.00775	0.00689	0.01464	0.01206	0.01895	0.01034	0.01206	0.00861	0.00431	0.00431	0.00086	0.00431	0.00345	0.00345	0.83118
3	0.01751	0.01884	0.01403	0.01277	0.03158	0.38258	0.00963	0.16250	0.01773	0.01962	0.05569	0.02350	0.15453	0.00918	0.02095	0.00185	0.00772	0.02860	0.00426	0.00694
4	0.01084	0.00542	0.00542	0.00542	0.00678	0.00542	0.00407	0.01355	0.01220	0.02168	0.01897	0.02168	0.01491	0.00678	0.00407	0.00136	0.00271	0.00542	0.82791	0.00542
5	0.01373	0.01569	0.03431	0.02451	0.03039	0.01471	0.73824	0.01863	0.01373	0.01863	0.01176	0.01569	0.00882	0.00490	0.00686	0.00196	0.00980	0.00686	0.00294	0.00784
6	0.00931	0.00665	0.00928	0.01051	0.01186	0.00662	0.00915	0.01199	0.01356	0.01774	0.07247	0.06432	0.03470	0.01582	0.00796	0.00263	0.00520	0.67944	0.00541	0.00536
7	0.01206	0.01034	0.01206	0.00861	0.01378	0.00775	0.00689	0.01464	0.01206	0.01895	0.01034	0.01206	0.00861	0.00431	0.00431	0.00086	0.00431	0.00345	0.00345	0.83118
8	0.00846	0.00564	0.00634	0.00634	0.00634	0.00564	0.00352	0.00846	0.00846	0.01128	0.01832	0.03805	0.02114	0.79563	0.02960	0.00564	0.00564	0.00846	0.00352	0.00352
9	0.02085	0.01548	0.01680	0.01305	0.01720	0.01728	0.01068	0.66207	0.02534	0.03407	0.01393	0.01535	0.01046	0.05443	0.00787	0.00202	0.04284	0.00542	0.00553	0.00934
10	0.01474	0.01079	0.01177	0.01002	0.01298	0.01126	0.00788	0.35990	0.01963	0.04186	0.03011	0.18491	0.21761	0.01137	0.00639	0.00192	0.00473	0.00947	0.02529	0.00738
11	0.00709	0.00506	0.00675	0.00810	0.00843	0.00472	0.00540	0.00810	0.01113	0.01484	0.03205	0.79184	0.03846	0.01822	0.00742	0.00236	0.00337	0.01653	0.00540	0.00472
12	0.00739	0.00546	0.00691	0.00750	0.00841	0.00498	0.00526	0.00898	0.01305	0.01748	0.24951	0.45031	0.16181	0.01578	0.00717	0.00214	0.00312	0.01406	0.00569	0.00498
13	0.56027	0.00947	0.00806	0.00736	0.01029	0.01045	0.00590	0.01473	0.01169	0.02423	0.17131	0.02233	0.10936	0.00791	0.00469	0.00183	0.00394	0.00582	0.00441	0.00596
14	0.01373	0.01536	0.03273	0.02497	0.09140	0.01442	0.65501	0.01844	0.01363	0.01867	0.01165	0.01547	0.00885	0.00491	0.00669	0.00191	0.00939	0.00662	0.00295	0.03321
15	0.01629	0.01340	0.01418	0.01220	0.01582	0.01532	0.00965	0.20000	0.57679	0.02726	0.02135	0.01985	0.01588	0.00767	0.00589	0.00192	0.00503	0.00626	0.00589	0.00937
16	0.01233	0.01299	0.07978	0.01223	0.01782	0.00953	0.14380	0.01570	0.01239	0.01884	0.01061	0.01275	0.00855	0.00452	0.00488	0.00115	0.00569	0.00415	0.00327	0.60902
17	0.01092	0.01052	0.01822	0.63734	0.03633	0.01243	0.09036	0.01470	0.01198	0.01532	0.01458	0.01894	0.07110	0.00647	0.00601	0.00194	0.00756	0.00594	0.00286	0.00647
18	0.07986	0.00557	0.00766	0.00758	0.00789	0.00573	0.00516	0.00838	0.00777	0.01145	0.00993	0.01698	0.00978	0.01895	0.02111	0.76084	0.00500	0.00489	0.00262	0.00284
19	0.01272	0.01272	0.01781	0.01527	0.01527	0.01781	0.01272	0.01399	0.00891	0.01399	0.00763	0.01272	0.00763	0.01018	0.01908	0.00254	0.78499	0.00509	0.00254	0.00636
20	0.00814	0.00594	0.00765	0.00722	0.00863	0.00545	0.00542	0.01080	0.01625	0.02283	0.71101	0.04425	0.10045	0.01207	0.00686	0.00184	0.00276	0.01063	0.00634	0.00545
21	0.01460	0.00828	0.00974	0.00851	0.01037	0.00829	0.00600	0.06539	0.10237	0.20602	0.01986	0.02979	0.01825	0.44561	0.01906	0.00395	0.00539	0.00735	0.00491	0.00627
22	0.01166	0.03008	0.76550	0.01657	0.02517	0.01351	0.02149	0.01842	0.01228	0.01842	0.01044	0.01228	0.00737	0.00552	0.00552	0.00184	0.00859	0.00430	0.00246	0.00859
23	0.01084	0.00542	0.00542	0.00542	0.00678	0.00542	0.00407	0.01355	0.01220	0.02168	0.01897	0.02168	0.01491	0.00678	0.00407	0.00136	0.00271	0.00542	0.82791	0.00542
24	0.00707	0.00511	0.00670	0.00796	0.00840	0.00473	0.00534	0.00811	0.01126	0.01490	0.03366	0.74770	0.08155	0.01801	0.00739	0.00234	0.00335	0.01628	0.00540	0.00473
25	0.01602	0.76377	0.02971	0.00997	0.01492	0.02236	0.00989	0.01790	0.01203	0.04727	0.00875	0.00980	0.00777	0.00507	0.00383	0.00127	0.00616	0.00323	0.00270	0.00757
26	0.04999	0.01455	0.01489	0.01203	0.01597	0.05074	0.00973	0.45321	0.14177	0.04990	0.04955	0.01979	0.07594	0.00788	0.00586	0.00180	0.00575	0.00613	0.00564	0.00889
27	0.01292	0.01037	0.01236	0.00995	0.04187	0.00850	0.00750	0.04801	0.04331	0.05480	0.01448	0.05557	0.03674	0.00584	0.00482	0.00114	0.00445	0.00483	0.00398	0.61857
28	0.07029	0.01120	0.01540	0.18257	0.02118	0.01074	0.07555	0.07934	0.01370	0.05540	0.04180	0.01479	0.01056	0.00545	0.00513	0.00143	0.00573	0.00468	0.00372	0.37132

[dist]
# distance from previous block
# <min> <max>
0	1

[block]
# block no. 2 follows, 40 sequences, length 38
# corresponding to MSA columns:
# 183-220
name=unknown_C
#
# <colnr> <probs for GDERKNQSTAVLIFYWHMCP>
#	G	D	E	R	K	N	Q	S	T	A	V	L	I	F	Y	W	H	M	C	P
0	0.04049	0.19219	0.01542	0.07418	0.01450	0.01268	0.00837	0.12943	0.04231	0.02171	0.26836	0.05205	0.08791	0.00907	0.00576	0.00172	0.00472	0.00746	0.00485	0.00682
1	0.01979	0.07107	0.01749	0.01367	0.05359	0.04216	0.01069	0.49514	0.07931	0.05703	0.03429	0.01582	0.01191	0.02240	0.02729	0.00200	0.00650	0.00538	0.00530	0.00916
2	0.04376	0.08739	0.45333	0.01474	0.06583	0.01307	0.01604	0.01835	0.06468	0.01930	0.01249	0.01424	0.00940	0.00582	0.00511	0.00171	0.00691	0.00455	0.13528	0.00798
3	0.01749	0.01473	0.01774	0.05200	0.18165	0.01544	0.01267	0.02738	0.46009	0.02518	0.02398	0.07952	0.02006	0.01040	0.00762	0.00265	0.00650	0.00806	0.00624	0.01061
4	0.01166	0.03008	0.76550	0.01657	0.02517	0.01351	0.02149	0.01842	0.01228	0.01842	0.01044	0.01228	0.00737	0.00552	0.00552	0.00184	0.00859	0.00430	0.00246	0.00859
5	0.01084	0.00542	0.00542	0.00542	0.00678	0.00542	0.00407	0.01355	0.01220	0.02168	0.01897	0.02168	0.01491	0.00678	0.00407	0.00136	0.00271	0.00542	0.82791	0.00542
6	0.01206	0.01034	0.01206	0.00861	0.01378	0.00775	0.00689	0.01464	0.01206	0.01895	0.01034	0.01206	0.00861	0.00431	0.00431	0.00086	0.00431	0.00345	0.00345	0.83118
7	0.01554	0.67249	0.06996	0.01215	0.06199	0.05620	0.01114	0.01776	0.01214	0.01430	0.00843	0.00986	0.00757	0.00506	0.00403	0.00132	0.00659	0.00333	0.00253	0.00760
8	0.79968	0.01118	0.00877	0.00777	0.01141	0.01284	0.00640	0.01761	0.01020	0.05977	0.00878	0.00992	0.00667	0.00548	0.00370	0.00180	0.00452	0.00327	0.00376	0.00646
9	0.00714	0.00522	0.00665	0.00771	0.00829	0.00481	0.00520	0.00824	0.01149	0.01511	0.05879	0.64211	0.13432	0.04543	0.00813	0.00241	0.00338	0.01548	0.00536	0.00473
10	0.00932	0.00959	0.06141	0.07215	0.01710	0.00832	0.18199	0.01184	0.01190	0.01606	0.03944	0.46204	0.02698	0.03386	0.00762	0.00228	0.00562	0.01224	0.00438	0.00583
11	0.01084	0.00542	0.00542	0.00542	0.00678	0.00542	0.00407	0.01355	0.01220	0.02168	0.01897	0.02168	0.01491	0.00678	0.00407	0.00136	0.00271	0.00542	0.82791	0.00542
12	0.01607	0.01309	0.01452	0.01345	0.06174	0.01472	0.00999	0.21903	0.45038	0.02648	0.02026	0.02139	0.01579	0.04380	0.00704	0.00209	0.00530	0.03030	0.00557	0.00900
13	0.02211	0.01629	0.01745	0.01338	0.01803	0.01803	0.01105	0.73997	0.02734	0.03665	0.01396	0.01396	0.00989	0.00698	0.00582	0.00175	0.00640	0.00524	0.00582	0.00989
14	0.01529	0.01351	0.01340	0.01202	0.01532	0.06831	0.00933	0.03029	0.67740	0.04305	0.02260	0.02085	0.01693	0.00774	0.00587	0.00193	0.00503	0.00635	0.00574	0.00905
15	0.00775	0.00685	0.00669	0.00660	0.00851	0.03765	0.00498	0.00943	0.01382	0.01671	0.14916	0.05262	0.61212	0.01401	0.00683	0.00194	0.00330	0.03053	0.00543	0.00508
16	0.01170	0.00996	0.01168	0.00858	0.01340	0.00754	0.00678	0.01418	0.01199	0.01866	0.01188	0.06763	0.01074	0.00530	0.00453	0.00097	0.00424	0.00438	0.00358	0.77229
17	0.02050	0.01753	0.01582	0.01285	0.01657	0.19117	0.01015	0.47095	0.02235	0.04532	0.01353	0.01614	0.01077	0.09988	0.00849	0.00215	0.00722	0.00528	0.00492	0.00841
18	0.01272	0.01272	0.01781	0.01527	0.01527	0.01781	0.01272	0.01399	0.00891	0.01399	0.00763	0.01272	0.00763	0.01018	0.01908	0.00254	0.78499	0.00509	0.00254	0.00636
19	0.00833	0.00615	0.00893	0.00893	0.00982	0.00704	0.00675	0.01012	0.00922	0.01319	0.01596	0.02495	0.01545	0.14767	0.66978	0.00883	0.01420	0.00654	0.00317	0.00496
20	0.01413	0.01358	0.02313	0.08741	0.64860	0.01381	0.04490	0.01822	0.04441	0.01892	0.01147	0.01483	0.00946	0.00533	0.00581	0.00176	0.00698	0.00530	0.00299	0.00896
21	0.01190	0.01131	0.01892	0.55741	0.20872	0.01344	0.01634	0.01551	0.01184	0.01578	0.01031	0.01507	0.00809	0.00594	0.00663	0.00193	0.05595	0.00517	0.00265	0.00710
22	0.00833	0.00614	0.00890	0.00890	0.00978	0.00703	0.00671	0.01010	0.00921	0.01317	0.01599	0.02511	0.01552	0.15552	0.66202	0.00879	0.01410	0.00656	0.00318	0.00494
23	0.01747	0.01632	0.01440	0.01267	0.01609	0.19025	0.00985	0.10566	0.46998	0.05473	0.01919	0.01818	0.01438	0.00732	0.00575	0.00183	0.00618	0.00574	0.00528	0.00874
24	0.01272	0.01272	0.01781	0.01527	0.01527	0.01781	0.01272	0.01399	0.00891	0.01399	0.00763	0.01272	0.00763	0.01018	0.01908	0.00254	0.78499	0.00509	0.00254	0.00636
25	0.00981	0.00751	0.00875	0.00866	0.00968	0.00804	0.00602	0.03781	0.15700	0.01651	0.04842	0.27580	0.04739	0.27914	0.01510	0.00336	0.04016	0.01059	0.00478	0.00548
26	0.00714	0.00510	0.00680	0.00806	0.00845	0.00476	0.00540	0.00824	0.01140	0.01527	0.06799	0.75469	0.03928	0.01790	0.00739	0.00234	0.00334	0.01623	0.00545	0.00476
27	0.00709	0.00506	0.00675	0.00810	0.00843	0.00472	0.00540	0.00810	0.01113	0.01484	0.03205	0.79184	0.03846	0.01822	0.00742	0.00236	0.00337	0.01653	0.00540	0.00472
28	0.02609	0.00990	0.01350	0.01035	0.01484	0.00855	0.00855	0.02834	0.01664	0.76338	0.02294	0.01979	0.01439	0.00720	0.00585	0.00180	0.00495	0.00585	0.00720	0.00990
29	0.01362	0.01732	0.14018	0.03813	0.02824	0.01457	0.54167	0.01842	0.01317	0.03810	0.01152	0.01506	0.00864	0.00548	0.00756	0.00198	0.06926	0.00628	0.00295	0.00787
30	0.02003	0.01559	0.01637	0.05102	0.01828	0.05136	0.01077	0.57383	0.07773	0.03234	0.01706	0.01706	0.05677	0.00743	0.00586	0.00177	0.00631	0.00570	0.00551	0.00921
31	0.01098	0.01034	0.01744	0.78165	0.04005	0.01292	0.01615	0.01486	0.01163	0.01486	0.01034	0.01550	0.00775	0.00581	0.00581	0.00194	0.00775	0.00517	0.00258	0.00646
32	0.02535	0.05859	0.01463	0.01039	0.01492	0.00965	0.00869	0.04341	0.01658	0.70119	0.02183	0.01902	0.01387	0.00706	0.00572	0.00176	0.00506	0.00567	0.00688	0.00975
33	0.35639	0.01504	0.03462	0.05929	0.01699	0.10016	0.03409	0.22112	0.01631	0.07908	0.01123	0.01223	0.00822	0.00605	0.00487	0.00177	0.00624	0.00428	0.00429	0.00774
34	0.14732	0.10805	0.08954	0.02782	0.06304	0.29706	0.01171	0.09935	0.02756	0.01948	0.00981	0.01138	0.00786	0.00595	0.00545	0.00163	0.03627	0.00400	0.00332	0.02338
35	0.07954	0.15414	0.11086	0.01261	0.01654	0.04244	0.02710	0.17743	0.01527	0.07432	0.04304	0.01452	0.01091	0.00930	0.05554	0.00229	0.13760	0.00487	0.00389	0.00780
36	0.01457	0.01149	0.01349	0.01068	0.01442	0.01146	0.00859	0.16649	0.07186	0.05892	0.01570	0.07174	0.03875	0.00744	0.00710	0.00155	0.10803	0.00566	0.00441	0.35766
37	0.01083	0.00713	0.00853	0.00793	0.00946	0.00681	0.00561	0.07599	0.01346	0.07827	0.16670	0.19334	0.08567	0.24719	0.01349	0.00303	0.00434	0.01009	0.00512	0.04702

[dist]
# distance from previous block
# <min> <max>
5	31

[block]
# block no. 3 follows, 40 sequences, length 7
# corresponding to MSA columns:
# 252-258
name=unknown_D
#
# <colnr> <probs for GDERKNQSTAVLIFYWHMCP>
#	G	D	E	R	K	N	Q	S	T	A	V	L	I	F	Y	W	H	M	C	P
0	0.03409	0.01366	0.01483	0.03420	0.05999	0.07089	0.01008	0.34590	0.05830	0.08522	0.01855	0.15666	0.03244	0.00910	0.00641	0.00189	0.02688	0.00740	0.00524	0.00827
1	0.01554	0.12925	0.39842	0.01421	0.04700	0.01318	0.01550	0.02010	0.01320	0.18306	0.01289	0.01359	0.00912	0.00569	0.00524	0.00165	0.00699	0.00443	0.00362	0.08732
2	0.01673	0.03783	0.08615	0.05333	0.01732	0.01373	0.01063	0.16883	0.31031	0.12953	0.01969	0.01994	0.03126	0.04981	0.00708	0.00206	0.00563	0.00604	0.00532	0.00878
3	0.01803	0.05895	0.01870	0.01805	0.16990	0.19590	0.05662	0.17789	0.05427	0.07598	0.01457	0.08819	0.01244	0.00727	0.00578	0.00174	0.00720	0.00604	0.00425	0.00821
4	0.01794	0.01421	0.01807	0.01373	0.01822	0.01474	0.11593	0.45637	0.02182	0.02973	0.05807	0.05500	0.01367	0.00717	0.00591	0.00169	0.00624	0.00611	0.00509	0.12026
5	0.42207	0.14637	0.01603	0.01078	0.01482	0.11481	0.05391	0.09796	0.01348	0.04945	0.00962	0.01082	0.00749	0.00561	0.00437	0.00167	0.00613	0.00378	0.00366	0.00717
6	0.01199	0.00913	0.01031	0.00920	0.01086	0.01001	0.00682	0.15026	0.09950	0.01969	0.05623	0.07313	0.11091	0.26226	0.01490	0.00314	0.07936	0.00817	0.04803	0.00609

[dist]
# distance from previous block
# <min> <max>
6	7

[block]
# block no. 4 follows, 40 sequences, length 6
# corresponding to MSA columns:
# 266-271
name=unknown_E
#
# <colnr> <probs for GDERKNQSTAVLIFYWHMCP>
#	G	D	E	R	K	N	Q	S	T	A	V	L	I	F	Y	W	H	M	C	P
0	0.07192	0.00816	0.01117	0.08495	0.01398	0.00864	0.04875	0.09651	0.01251	0.01813	0.05205	0.09683	0.01690	0.01311	0.01155	0.27648	0.00524	0.06832	0.07958	0.00522
1	0.09002	0.01572	0.01572	0.01263	0.01652	0.08910	0.01025	0.40805	0.08906	0.02870	0.01296	0.01367	0.00976	0.00688	0.00666	0.00174	0.07782	0.00486	0.00484	0.08504
2	0.01135	0.00974	0.01463	0.08776	0.08107	0.00950	0.09841	0.08901	0.01395	0.01906	0.05071	0.25381	0.06305	0.01050	0.00641	0.00190	0.00539	0.04245	0.00440	0.12690
3	0.01473	0.02796	0.01366	0.03418	0.04766	0.10412	0.00915	0.13599	0.04909	0.05671	0.01567	0.11739	0.01420	0.01232	0.09877	0.00258	0.04589	0.00637	0.03454	0.15902
4	0.01395	0.09159	0.09265	0.04596	0.02170	0.08342	0.26106	0.06662	0.01368	0.01798	0.01276	0.09073	0.01137	0.00727	0.00711	0.02897	0.04504	0.00631	0.00330	0.07852
5	0.01653	0.01545	0.02032	0.02626	0.44736	0.08929	0.01475	0.15164	0.11905	0.02249	0.01308	0.01495	0.01036	0.00597	0.00574	0.00174	0.00685	0.00524	0.00385	0.00909

[dist]
# distance from previous block
# <min> <max>
8	26

[block]
# block no. 5 follows, 40 sequences, length 8
# corresponding to MSA columns:
# 300-307
name=unknown_F
#
# <colnr> <probs for GDERKNQSTAVLIFYWHMCP>
#	G	D	E	R	K	N	Q	S	T	A	V	L	I	F	Y	W	H	M	C	P
0	0.01340	0.01081	0.01197	0.00968	0.01369	0.04775	0.00769	0.05977	0.05857	0.06472	0.01623	0.09833	0.01495	0.00749	0.00531	0.00140	0.00481	0.07286	0.00433	0.47627
1	0.01749	0.04509	0.09538	0.01246	0.01664	0.14772	0.01074	0.07402	0.31067	0.13285	0.01860	0.01785	0.02956	0.00705	0.00562	0.00176	0.00626	0.00551	0.00498	0.03973
2	0.01205	0.17343	0.37111	0.01514	0.04417	0.01405	0.10754	0.01669	0.01288	0.01778	0.08453	0.01876	0.07411	0.00669	0.00559	0.00175	0.00721	0.00567	0.00315	0.00770
3	0.01632	0.01218	0.01222	0.01063	0.01370	0.08298	0.00820	0.08455	0.30905	0.15814	0.02523	0.02578	0.11005	0.09433	0.00854	0.00228	0.00528	0.00699	0.00554	0.00799
4	0.02016	0.08941	0.01907	0.01729	0.13225	0.37531	0.01209	0.22586	0.01866	0.02130	0.01063	0.01198	0.00844	0.00606	0.00535	0.00158	0.00840	0.00434	0.00374	0.00808
5	0.01311	0.01803	0.23420	0.13195	0.37663	0.01368	0.06203	0.01817	0.04223	0.01845	0.01127	0.01432	0.00880	0.00546	0.00577	0.00181	0.00759	0.00509	0.00284	0.00857
6	0.01460	0.01352	0.02182	0.12741	0.57169	0.01408	0.01666	0.07781	0.04885	0.02018	0.01171	0.01484	0.00948	0.00554	0.00578	0.00177	0.00686	0.00525	0.00323	0.00892
7	0.01185	0.01058	0.01178	0.01277	0.11883	0.05565	0.00844	0.07299	0.17298	0.02058	0.12926	0.03497	0.29524	0.01038	0.00632	0.00187	0.00457	0.00874	0.00517	0.00703

[dist]
# distance from previous block
# <min> <max>
41	56

[block]
# block no. 6 follows, 40 sequences, length 18
# corresponding to MSA columns:
# 369-386
name=unknown_G
#
# <colnr> <probs for GDERKNQSTAVLIFYWHMCP>
#	G	D	E	R	K	N	Q	S	T	A	V	L	I	F	Y	W	H	M	C	P
0	0.01926	0.05343	0.01465	0.01209	0.01507	0.36705	0.00934	0.10121	0.04116	0.11008	0.01361	0.01579	0.01087	0.06383	0.00727	0.00187	0.02510	0.00482	0.10630	0.00719
1	0.06231	0.48835	0.02387	0.01175	0.06296	0.09654	0.00978	0.01716	0.01227	0.01545	0.01005	0.05686	0.00949	0.00584	0.00430	0.00136	0.00622	0.00415	0.00291	0.09840
2	0.01218	0.13702	0.05771	0.00897	0.01132	0.01115	0.00729	0.12450	0.04594	0.01803	0.07179	0.05758	0.01922	0.34354	0.01568	0.00336	0.00556	0.00713	0.03607	0.00596
3	0.06542	0.16618	0.01908	0.02980	0.01738	0.10239	0.01060	0.42415	0.06427	0.02797	0.01245	0.01293	0.00937	0.00643	0.00524	0.00164	0.00664	0.00463	0.00468	0.00876
4	0.01729	0.51318	0.06950	0.01167	0.01648	0.14457	0.01100	0.12389	0.01487	0.01740	0.00923	0.01037	0.00782	0.00547	0.00439	0.00139	0.00708	0.00359	0.00306	0.00777
5	0.07168	0.18280	0.05637	0.00757	0.01019	0.01043	0.00674	0.01435	0.01148	0.01876	0.01472	0.01805	0.01223	0.03929	0.04594	0.03422	0.00484	0.00482	0.42960	0.00592
6	0.08855	0.09962	0.43172	0.01414	0.03423	0.01361	0.01595	0.06038	0.01302	0.05781	0.01240	0.01613	0.00985	0.00873	0.05527	0.00231	0.00789	0.04714	0.00323	0.00801
7	0.00687	0.00589	0.00589	0.00589	0.00785	0.00491	0.00442	0.00835	0.01325	0.01571	0.05891	0.05596	0.75700	0.01473	0.00687	0.00196	0.00295	0.01227	0.00540	0.00491
8	0.02211	0.01629	0.01745	0.01338	0.01803	0.01803	0.01105	0.73997	0.02734	0.03665	0.01396	0.01396	0.00989	0.00698	0.00582	0.00175	0.00640	0.00524	0.00582	0.00989
9	0.00848	0.00613	0.00884	0.00884	0.00981	0.00701	0.00674	0.01043	0.00946	0.01384	0.01603	0.02406	0.01512	0.10482	0.65973	0.00851	0.01390	0.00637	0.05682	0.00507
10	0.02211	0.01629	0.01745	0.01338	0.01803	0.01803	0.01105	0.73997	0.02734	0.03665	0.01396	0.01396	0.00989	0.00698	0.00582	0.00175	0.00640	0.00524	0.00582	0.00989
11	0.01206	0.01034	0.01206	0.00861	0.01378	0.00775	0.00689	0.01464	0.01206	0.01895	0.01034	0.01206	0.00861	0.00431	0.00431	0.00086	0.00431	0.00345	0.00345	0.83118
12	0.00847	0.00541	0.00724	0.00826	0.00890	0.00500	0.00563	0.00957	0.01153	0.06923	0.03139	0.73574	0.03671	0.01742	0.00731	0.00232	0.00349	0.01576	0.00553	0.00510
13	0.01662	0.01560	0.02442	0.01883	0.04791	0.05979	0.34156	0.24830	0.01781	0.02407	0.01255	0.01504	0.00947	0.00610	0.00694	0.00185	0.05528	0.00589	0.06377	0.00821
14	0.01830	0.01971	0.22647	0.01410	0.01970	0.01635	0.01376	0.45582	0.10661	0.03012	0.01410	0.01438	0.01009	0.00668	0.00575	0.00180	0.00681	0.00513	0.00489	0.00945
15	0.01304	0.52548	0.04235	0.00924	0.01283	0.01705	0.00854	0.01472	0.01135	0.01405	0.01375	0.14509	0.01450	0.09536	0.00730	0.00194	0.00560	0.00609	0.03518	0.00651
16	0.01214	0.09757	0.48468	0.01372	0.02101	0.01280	0.01630	0.01726	0.01217	0.01812	0.01018	0.01194	0.00772	0.00513	0.00501	0.00151	0.00717	0.00395	0.00274	0.23888
17	0.01543	0.15714	0.47823	0.01410	0.02120	0.01406	0.01673	0.02038	0.01314	0.17778	0.01272	0.01339	0.00889	0.00579	0.00529	0.00173	0.00740	0.00443	0.00348	0.00868

[dist]
# distance from previous block
# <min> <max>
2	20

[block]
# block no. 7 follows, 40 sequences, length 12
# corresponding to MSA columns:
# 407-418
name=unknown_H
#
# <colnr> <probs for GDERKNQSTAVLIFYWHMCP>
#	G	D	E	R	K	N	Q	S	T	A	V	L	I	F	Y	W	H	M	C	P
0	0.11271	0.30406	0.14918	0.01407	0.08245	0.15817	0.01231	0.01926	0.05203	0.01728	0.02422	0.01183	0.00893	0.00562	0.00466	0.00155	0.00712	0.00395	0.00300	0.00759
1	0.02010	0.01344	0.01466	0.01154	0.01548	0.01451	0.00943	0.52183	0.02317	0.10531	0.01626	0.03944	0.01207	0.00731	0.00557	0.00170	0.00553	0.00567	0.14803	0.00896
2	0.08410	0.01827	0.17096	0.15153	0.02830	0.08093	0.34597	0.01821	0.01299	0.01819	0.01070	0.01399	0.00802	0.00532	0.00600	0.00188	0.00882	0.00547	0.00285	0.00752
3	0.08549	0.01832	0.12773	0.02115	0.16824	0.12183	0.21407	0.05038	0.01359	0.01904	0.01038	0.01325	0.00822	0.00584	0.00704	0.00185	0.08373	0.00511	0.00302	0.02172
4	0.01625	0.12086	0.28634	0.01849	0.16459	0.01462	0.05118	0.10428	0.01492	0.13523	0.01264	0.01383	0.00919	0.00579	0.00549	0.00173	0.00720	0.00479	0.00369	0.00888
5	0.08974	0.00847	0.00903	0.08805	0.01281	0.08236	0.00711	0.01112	0.01135	0.01550	0.02412	0.47084	0.04783	0.01456	0.00797	0.07318	0.00477	0.01169	0.00445	0.00507
6	0.00970	0.00747	0.00943	0.00886	0.00932	0.00853	0.00628	0.04225	0.01040	0.01449	0.08038	0.10077	0.02196	0.40171	0.09472	0.00462	0.15212	0.00839	0.00382	0.00478
7	0.01112	0.05315	0.01171	0.01196	0.11336	0.06396	0.00726	0.02894	0.01081	0.01413	0.01735	0.08465	0.03623	0.42413	0.01889	0.00381	0.04090	0.00767	0.01791	0.02206
8	0.01372	0.06833	0.01476	0.01427	0.11884	0.04653	0.00981	0.03116	0.32078	0.03835	0.05727	0.02199	0.01682	0.01212	0.07519	0.08301	0.00629	0.03858	0.00456	0.00762
9	0.16254	0.07243	0.24801	0.01672	0.10813	0.08858	0.06579	0.13442	0.01487	0.02208	0.01044	0.01217	0.00792	0.00566	0.00520	0.00174	0.00742	0.00440	0.00334	0.00816
10	0.09922	0.01618	0.01551	0.08868	0.01889	0.14671	0.01068	0.32015	0.12530	0.08034	0.01422	0.01461	0.01037	0.00669	0.00552	0.00176	0.00669	0.00500	0.00491	0.00856
11	0.01627	0.01156	0.01314	0.01074	0.01368	0.01252	0.00858	0.33918	0.01920	0.09114	0.08585	0.02662	0.14170	0.09496	0.00999	0.00230	0.08233	0.00727	0.00534	0.00763

[dist]
# distance from previous block
# <min> <max>
129	224

[block]
# block no. 8 follows, 40 sequences, length 19
# corresponding to MSA columns:
# 679-697
name=unknown_I
#
# <colnr> <probs for GDERKNQSTAVLIFYWHMCP>
#	G	D	E	R	K	N	Q	S	T	A	V	L	I	F	Y	W	H	M	C	P
0	0.01557	0.01406	0.02200	0.03061	0.59815	0.01423	0.01617	0.13904	0.01555	0.02196	0.01142	0.01421	0.00930	0.00544	0.00570	0.00169	0.00670	0.00511	0.00340	0.04970
1	0.19988	0.01022	0.07882	0.00878	0.01163	0.00896	0.00763	0.05030	0.03901	0.04353	0.43590	0.02997	0.03484	0.00932	0.00588	0.00182	0.00399	0.00774	0.00537	0.00641
2	0.00839	0.00599	0.00825	0.00959	0.01050	0.00585	0.00767	0.01036	0.01242	0.01631	0.03133	0.37651	0.03561	0.01699	0.00777	0.00254	0.00451	0.41896	0.00537	0.00508
3	0.01439	0.01382	0.02360	0.03569	0.75936	0.01382	0.01785	0.01785	0.01324	0.01900	0.01094	0.01439	0.00921	0.00518	0.00576	0.00173	0.00691	0.00518	0.00288	0.00921
4	0.01373	0.01569	0.03431	0.02451	0.03039	0.01471	0.73824	0.01863	0.01373	0.01863	0.01176	0.01569	0.00882	0.00490	0.00686	0.00196	0.00980	0.00686	0.00294	0.00784
5	0.01107	0.00863	0.01063	0.01109	0.01307	0.00929	0.00932	0.01834	0.25895	0.01971	0.02841	0.05094	0.02822	0.01333	0.00733	0.00244	0.00510	0.48193	0.00554	0.00664
6	0.01555	0.79913	0.03047	0.00995	0.01493	0.02301	0.00995	0.01741	0.01182	0.01368	0.00808	0.00933	0.00746	0.00498	0.00373	0.00124	0.00622	0.00311	0.00249	0.00746
7	0.00687	0.00589	0.00589	0.00589	0.00785	0.00491	0.00442	0.00835	0.01325	0.01571	0.05891	0.05596	0.75700	0.01473	0.00687	0.00196	0.00295	0.01227	0.00540	0.00491
8	0.83671	0.01125	0.00855	0.00765	0.01125	0.01305	0.00630	0.01709	0.00990	0.02609	0.00810	0.00945	0.00630	0.00540	0.00360	0.00180	0.00450	0.00315	0.00360	0.00630
9	0.00823	0.00594	0.00777	0.00732	0.00869	0.00549	0.00549	0.01097	0.01646	0.02332	0.75629	0.04344	0.05487	0.01189	0.00686	0.00183	0.00274	0.01052	0.00640	0.00549
10	0.00838	0.00595	0.00791	0.00791	0.00845	0.00649	0.00548	0.00946	0.00892	0.01244	0.01689	0.03011	0.01769	0.40279	0.41772	0.00757	0.01083	0.00729	0.00331	0.00440
11	0.00846	0.00564	0.00634	0.00634	0.00634	0.00564	0.00352	0.00846	0.00846	0.01128	0.01832	0.03805	0.02114	0.79563	0.02960	0.00564	0.00564	0.00846	0.00352	0.00352
12	0.83671	0.01125	0.00855	0.00765	0.01125	0.01305	0.00630	0.01709	0.00990	0.02609	0.00810	0.00945	0.00630	0.00540	0.00360	0.00180	0.00450	0.00315	0.00360	0.00630
13	0.00717	0.00510	0.00672	0.00799	0.00831	0.00478	0.00528	0.00812	0.01097	0.01462	0.03120	0.74533	0.03739	0.06618	0.00879	0.00256	0.00351	0.01603	0.00528	0.00465
14	0.01276	0.01264	0.06254	0.01748	0.24493	0.00998	0.01119	0.01587	0.01244	0.01893	0.01053	0.01279	0.00872	0.00465	0.00483	0.00119	0.00538	0.00403	0.00321	0.52591
15	0.01206	0.01034	0.01206	0.00861	0.01378	0.00775	0.00689	0.01464	0.01206	0.01895	0.01034	0.01206	0.00861	0.00431	0.00431	0.00086	0.00431	0.00345	0.00345	0.83118
16	0.01234	0.01142	0.01884	0.02784	0.54948	0.01129	0.01431	0.01514	0.01278	0.01789	0.01851	0.18582	0.06213	0.00861	0.00619	0.00188	0.00589	0.00809	0.00358	0.00797
17	0.03360	0.01089	0.01690	0.42759	0.14739	0.01256	0.01409	0.01769	0.07749	0.08182	0.05940	0.01773	0.01236	0.00657	0.00638	0.00191	0.03903	0.00564	0.00359	0.00737
18	0.01504	0.05036	0.13189	0.02872	0.50168	0.06074	0.05284	0.01880	0.01343	0.05527	0.01126	0.01396	0.00900	0.00536	0.00566	0.00172	0.00739	0.00499	0.00302	0.00886

[dist]
# distance from previous block
# <min> <max>
25	65

[block]
# block no. 9 follows, 40 sequences, length 6
# corresponding to MSA columns:
# 767-772
name=unknown_J
#
# <colnr> <probs for GDERKNQSTAVLIFYWHMCP>
#	G	D	E	R	K	N	Q	S	T	A	V	L	I	F	Y	W	H	M	C	P
0	0.24489	0.01123	0.01606	0.42576	0.16424	0.01312	0.01368	0.01604	0.01144	0.01879	0.00981	0.01359	0.00761	0.00558	0.00518	0.00186	0.00668	0.00460	0.00292	0.00692
1	0.01335	0.01307	0.02320	0.24504	0.46531	0.01367	0.10713	0.01710	0.01285	0.01778	0.01087	0.01487	0.00875	0.00533	0.00591	0.00182	0.00751	0.00539	0.00280	0.00826
2	0.01274	0.01074	0.01653	0.51479	0.07972	0.01269	0.01402	0.12184	0.01353	0.01773	0.01088	0.01549	0.00848	0.00787	0.00808	0.11288	0.00713	0.00516	0.00308	0.00662
3	0.13335	0.00939	0.01293	0.21353	0.11107	0.01066	0.01027	0.01349	0.01087	0.01699	0.01481	0.14011	0.01476	0.11234	0.00993	0.00244	0.07630	0.00706	0.05039	0.02930
4	0.12637	0.01292	0.01761	0.21444	0.28247	0.07008	0.01364	0.01935	0.01326	0.15692	0.01249	0.01472	0.00928	0.00581	0.00546	0.00179	0.00671	0.00492	0.00371	0.00806
5	0.18859	0.01506	0.10484	0.02629	0.47706	0.01365	0.01535	0.01844	0.05139	0.02072	0.01095	0.01349	0.00883	0.00541	0.00528	0.00177	0.00647	0.00472	0.00314	0.00852

[dist]
# distance from previous block
# <min> <max>
10	60

[block]
# block no. 10 follows, 40 sequences, length 10
# corresponding to MSA columns:
# 840-849
name=unknown_K
#
# <colnr> <probs for GDERKNQSTAVLIFYWHMCP>
#	G	D	E	R	K	N	Q	S	T	A	V	L	I	F	Y	W	H	M	C	P
0	0.01320	0.01227	0.01995	0.32164	0.38419	0.01312	0.01595	0.04732	0.01312	0.01814	0.01078	0.01460	0.00862	0.00543	0.00566	0.00173	0.00699	0.00503	0.00294	0.07931
1	0.01406	0.01262	0.01666	0.11449	0.04628	0.01413	0.10012	0.06423	0.47171	0.02256	0.02073	0.02068	0.04057	0.00735	0.00604	0.00195	0.00577	0.00651	0.00499	0.00857
2	0.01084	0.00542	0.00542	0.00542	0.00678	0.00542	0.00407	0.01355	0.01220	0.02168	0.01897	0.02168	0.01491	0.00678	0.00407	0.00136	0.00271	0.00542	0.82791	0.00542
3	0.01206	0.01034	0.01206	0.00861	0.01378	0.00775	0.00689	0.01464	0.01206	0.01895	0.01034	0.01206	0.00861	0.00431	0.00431	0.00086	0.00431	0.00345	0.00345	0.83118
4	0.00846	0.00564	0.00634	0.00634	0.00634	0.00564	0.00352	0.00846	0.00846	0.01128	0.01832	0.03805	0.02114	0.79563	0.02960	0.00564	0.00564	0.00846	0.00352	0.00352
5	0.00831	0.00623	0.00935	0.00935	0.01038	0.00727	0.00727	0.01038	0.00935	0.01350	0.01558	0.02285	0.01454	0.04361	0.77259	0.00935	0.01558	0.00623	0.00312	0.00519
6	0.01439	0.01382	0.02360	0.03569	0.75936	0.01382	0.01785	0.01785	0.01324	0.01900	0.01094	0.01439	0.00921	0.00518	0.00576	0.00173	0.00691	0.00518	0.00288	0.00921
7	0.01412	0.01368	0.02376	0.08748	0.66847	0.01380	0.05760	0.01768	0.01315	0.01869	0.01094	0.01454	0.00909	0.00521	0.00582	0.00175	0.00713	0.00527	0.00286	0.00894
8	0.00687	0.00589	0.00589	0.00589	0.00785	0.00491	0.00442	0.00835	0.01325	0.01571	0.05891	0.05596	0.75700	0.01473	0.00687	0.00196	0.00295	0.01227	0.00540	0.00491
9	0.01222	0.01048	0.01213	0.00883	0.01387	0.00821	0.00705	0.01574	0.06199	0.01931	0.01124	0.01271	0.00923	0.00455	0.00442	0.00094	0.00433	0.00366	0.00361	0.77548

[dist]
# distance from previous block
# <min> <max>
0	37

[block]
# block no. 11 follows, 40 sequences, length 116
# corresponding to MSA columns:
# 887-1002
name=unknown_L
#
# <colnr> <probs for GDERKNQSTAVLIFYWHMCP>
#	G	D	E	R	K	N	Q	S	T	A	V	L	I	F	Y	W	H	M	C	P
0	0.82599	0.01184	0.00919	0.00827	0.01190	0.01349	0.00669	0.01766	0.01047	0.02677	0.00901	0.01070	0.00716	0.00599	0.00400	0.00196	0.00480	0.00346	0.00389	0.00675
1	0.01530	0.01307	0.01373	0.01239	0.01572	0.01489	0.00955	0.03127	0.73904	0.02503	0.02436	0.02278	0.01846	0.00844	0.00629	0.00213	0.00491	0.00683	0.00618	0.00962
2	0.63342	0.01249	0.01180	0.01195	0.09509	0.01380	0.00845	0.07816	0.01257	0.05812	0.01044	0.01206	0.00813	0.00617	0.00452	0.00195	0.00525	0.00397	0.00415	0.00753
3	0.00938	0.00631	0.00702	0.00698	0.00707	0.00618	0.00395	0.00914	0.00905	0.01216	0.01909	0.03891	0.02180	0.78512	0.02963	0.00574	0.00593	0.00869	0.00382	0.00402
4	0.01646	0.01184	0.01313	0.01159	0.01489	0.01281	0.00899	0.02840	0.52825	0.14696	0.11413	0.02513	0.02246	0.00882	0.00639	0.00208	0.00474	0.00720	0.00645	0.00928
5	0.00899	0.00661	0.00820	0.00776	0.00928	0.00597	0.00576	0.01130	0.01655	0.02310	0.66125	0.04575	0.14107	0.01273	0.00722	0.00201	0.00310	0.01093	0.00653	0.00588
6	0.01637	0.78865	0.03081	0.01054	0.01553	0.02331	0.01029	0.01797	0.01236	0.01453	0.00900	0.01059	0.00831	0.00557	0.00413	0.00141	0.00650	0.00342	0.00280	0.00790
7	0.02677	0.01051	0.01407	0.01093	0.01545	0.00905	0.00891	0.02875	0.01712	0.75370	0.02365	0.02091	0.01515	0.00776	0.00622	0.00196	0.00525	0.00612	0.00744	0.01030
8	0.00938	0.00631	0.00702	0.00698	0.00707	0.00618	0.00395	0.00914	0.00905	0.01216	0.01909	0.03891	0.02180	0.78512	0.02963	0.00574	0.00593	0.00869	0.00382	0.00402
9	0.01464	0.01612	0.03119	0.10649	0.03059	0.05317	0.58345	0.01880	0.01396	0.01859	0.01216	0.01645	0.00942	0.00587	0.00752	0.00212	0.04156	0.00670	0.00319	0.00801
10	0.00923	0.00690	0.00998	0.00994	0.01105	0.00779	0.00765	0.01104	0.00993	0.01435	0.01638	0.02391	0.01529	0.04367	0.76218	0.00940	0.01573	0.00649	0.00342	0.00566
11	0.82599	0.01184	0.00919	0.00827	0.01190	0.01349	0.00669	0.01766	0.01047	0.02677	0.00901	0.01070	0.00716	0.00599	0.00400	0.00196	0.00480	0.00346	0.00389	0.00675
12	0.01332	0.01339	0.16871	0.01236	0.01598	0.00955	0.06989	0.06146	0.01490	0.10974	0.17733	0.15652	0.02684	0.02708	0.00810	0.04003	0.00580	0.05656	0.00514	0.00729
13	0.00847	0.00659	0.00748	0.00722	0.00896	0.00574	0.00535	0.01030	0.01533	0.02020	0.39516	0.05053	0.40897	0.01382	0.00722	0.00206	0.00318	0.01160	0.00615	0.00566
14	0.01279	0.06304	0.69384	0.01711	0.02540	0.01440	0.05049	0.01893	0.01286	0.01900	0.01127	0.01351	0.00828	0.00606	0.00588	0.00198	0.00879	0.00464	0.00279	0.00894
15	0.78268	0.05340	0.01035	0.00839	0.01210	0.01401	0.00688	0.01768	0.01057	0.02611	0.00901	0.01070	0.00723	0.00597	0.00401	0.00193	0.00489	0.00345	0.00384	0.00682
16	0.01098	0.00620	0.00628	0.00623	0.00775	0.00589	0.00460	0.01322	0.01309	0.02153	0.05759	0.02920	0.13650	0.00884	0.00503	0.00164	0.00308	0.00701	0.64953	0.00581
17	0.01568	0.01278	0.01396	0.01311	0.04680	0.01427	0.00966	0.04886	0.62104	0.05472	0.02326	0.02301	0.01792	0.04791	0.00746	0.00229	0.00512	0.00680	0.00598	0.00938
18	0.06067	0.01113	0.01421	0.01108	0.01558	0.01008	0.00903	0.09115	0.01778	0.65834	0.02222	0.01995	0.01441	0.00767	0.00612	0.00196	0.00536	0.00595	0.00717	0.01015
19	0.00923	0.00690	0.00998	0.00994	0.01105	0.00779	0.00765	0.01104	0.00993	0.01435	0.01638	0.02391	0.01529	0.04367	0.76218	0.00940	0.01573	0.00649	0.00342	0.00566
20	0.00938	0.00631	0.00702	0.00698	0.00707	0.00618	0.00395	0.00914	0.00905	0.01216	0.01909	0.03891	0.02180	0.78512	0.02963	0.00574	0.00593	0.00869	0.00382	0.00402
21	0.00803	0.00574	0.00742	0.00871	0.00913	0.00528	0.00580	0.00879	0.01169	0.01568	0.03263	0.78210	0.03888	0.01863	0.00777	0.00251	0.00370	0.01665	0.00567	0.00520
22	0.01530	0.01307	0.01373	0.01239	0.01572	0.01489	0.00955	0.03127	0.73904	0.02503	0.02436	0.02278	0.01846	0.00844	0.00629	0.00213	0.00491	0.00683	0.00618	0.00962
23	0.01359	0.01330	0.01833	0.01578	0.01587	0.01819	0.01302	0.01460	0.00949	0.01484	0.00855	0.01393	0.00848	0.01070	0.01927	0.00269	0.77432	0.00537	0.00285	0.00682
24	0.00938	0.00631	0.00702	0.00698	0.00707	0.00618	0.00395	0.00914	0.00905	0.01216	0.01909	0.03891	0.02180	0.78512	0.02963	0.00574	0.00593	0.00869	0.00382	0.00402
25	0.01359	0.01330	0.01833	0.01578	0.01587	0.01819	0.01302	0.01460	0.00949	0.01484	0.00855	0.01393	0.00848	0.01070	0.01927	0.00269	0.77432	0.00537	0.00285	0.00682
26	0.02284	0.01681	0.01797	0.01392	0.01860	0.01841	0.01138	0.73037	0.02767	0.03718	0.01479	0.01516	0.01071	0.00755	0.00619	0.00191	0.00668	0.00551	0.00608	0.01030
27	0.01637	0.78865	0.03081	0.01054	0.01553	0.02331	0.01029	0.01797	0.01236	0.01453	0.00900	0.01059	0.00831	0.00557	0.00413	0.00141	0.00650	0.00342	0.00280	0.00790
28	0.01359	0.01330	0.01833	0.01578	0.01587	0.01819	0.01302	0.01460	0.00949	0.01484	0.00855	0.01393	0.00848	0.01070	0.01927	0.00269	0.77432	0.00537	0.00285	0.00682
29	0.00923	0.00690	0.00998	0.00994	0.01105	0.00779	0.00765	0.01104	0.00993	0.01435	0.01638	0.02391	0.01529	0.04367	0.76218	0.00940	0.01573	0.00649	0.00342	0.00566
30	0.24782	0.01071	0.01228	0.00996	0.01400	0.01028	0.00806	0.04150	0.01537	0.47671	0.05031	0.01899	0.01455	0.00745	0.00558	0.00194	0.00499	0.00554	0.03499	0.00897
31	0.82599	0.01184	0.00919	0.00827	0.01190	0.01349	0.00669	0.01766	0.01047	0.02677	0.00901	0.01070	0.00716	0.00599	0.00400	0.00196	0.00480	0.00346	0.00389	0.00675
32	0.00803	0.00574	0.00742	0.00871	0.00913	0.00528	0.00580	0.00879	0.01169	0.01568	0.03263	0.78210	0.03888	0.01863	0.00777	0.00251	0.00370	0.01665	0.00567	0.00520
33	0.02037	0.01565	0.01703	0.01444	0.04940	0.01723	0.01115	0.50100	0.22913	0.03297	0.01738	0.01734	0.01288	0.00773	0.00621	0.00197	0.00620	0.00589	0.00598	0.01007
34	0.01488	0.01401	0.02339	0.11384	0.67436	0.01416	0.01790	0.01809	0.01360	0.01934	0.01175	0.01570	0.00988	0.00584	0.00613	0.00191	0.00727	0.00546	0.00315	0.00934
35	0.01832	0.09286	0.01992	0.01915	0.17586	0.28896	0.01294	0.07864	0.06620	0.01850	0.01141	0.01389	0.00963	0.00723	0.00803	0.00192	0.13999	0.00483	0.00358	0.00815
36	0.01284	0.00896	0.00976	0.00871	0.00999	0.00927	0.00584	0.19148	0.01385	0.01875	0.01802	0.03248	0.01884	0.56822	0.02305	0.00466	0.00604	0.00781	0.02577	0.00565
37	0.01528	0.01249	0.01374	0.01302	0.04680	0.01388	0.00966	0.02893	0.61587	0.05592	0.05028	0.02504	0.03589	0.00880	0.00638	0.00213	0.00494	0.02551	0.00610	0.00933
38	0.01045	0.00716	0.00858	0.04730	0.01005	0.00724	0.00554	0.04236	0.01100	0.03271	0.07353	0.06642	0.02319	0.54787	0.07722	0.00514	0.00645	0.00864	0.00422	0.00491
39	0.01293	0.01094	0.01265	0.00922	0.01440	0.00827	0.00727	0.01524	0.01260	0.01973	0.01122	0.01328	0.00945	0.00491	0.00470	0.00103	0.00461	0.00375	0.00374	0.82004
40	0.00851	0.00656	0.00755	0.00733	0.00900	0.00575	0.00541	0.01035	0.01532	0.02033	0.40937	0.07591	0.36868	0.01388	0.00724	0.00207	0.00319	0.01171	0.00617	0.00567
41	0.00923	0.00690	0.00998	0.00994	0.01105	0.00779	0.00765	0.01104	0.00993	0.01435	0.01638	0.02391	0.01529	0.04367	0.76218	0.00940	0.01573	0.00649	0.00342	0.00566
42	0.01173	0.00610	0.00611	0.00607	0.00749	0.00597	0.00449	0.01417	0.01274	0.02242	0.01973	0.02277	0.01565	0.00735	0.00446	0.00152	0.00304	0.00569	0.81662	0.00589
43	0.02251	0.02024	0.01755	0.01437	0.01850	0.25156	0.01138	0.48935	0.04402	0.02991	0.01352	0.01429	0.01018	0.00727	0.00601	0.00184	0.00789	0.00509	0.00521	0.00930
44	0.01315	0.02285	0.44097	0.10583	0.20701	0.01364	0.03665	0.01823	0.01301	0.01909	0.01182	0.01485	0.00907	0.00610	0.00596	0.00197	0.00811	0.00501	0.03789	0.00878
45	0.00789	0.00657	0.00666	0.00660	0.00860	0.00550	0.00489	0.00916	0.01393	0.01687	0.08885	0.05604	0.71723	0.01507	0.00723	0.00212	0.00327	0.01238	0.00572	0.00542
46	0.01532	0.01308	0.01374	0.01240	0.01573	0.01489	0.00956	0.03128	0.73890	0.02504	0.02437	0.02280	0.01847	0.00845	0.00629	0.00213	0.00491	0.00684	0.00618	0.00963
47	0.76909	0.01220	0.00982	0.00867	0.01238	0.01384	0.00702	0.06803	0.01169	0.02751	0.00943	0.01104	0.00743	0.00611	0.00416	0.00196	0.00494	0.00360	0.00405	0.00701
48	0.02249	0.02756	0.01706	0.01543	0.01855	0.72722	0.01155	0.05667	0.01747	0.01612	0.01013	0.01191	0.00846	0.00663	0.00565	0.00168	0.01052	0.00412	0.00343	0.00734
49	0.00804	0.00575	0.00743	0.00872	0.00914	0.00529	0.00581	0.00880	0.01170	0.01569	0.03263	0.78196	0.03888	0.01863	0.00777	0.00252	0.00370	0.01665	0.00567	0.00521
50	0.00848	0.00609	0.00781	0.00842	0.00924	0.00558	0.00584	0.00989	0.01372	0.01890	0.30688	0.49857	0.04510	0.01624	0.00756	0.00231	0.00346	0.01437	0.00605	0.00550
51	0.01500	0.01414	0.02360	0.08897	0.69821	0.01419	0.01796	0.01820	0.01366	0.01949	0.01178	0.01568	0.00995	0.00583	0.00614	0.00191	0.00724	0.00546	0.00317	0.00944
52	0.02191	0.01913	0.01787	0.01569	0.07101	0.20053	0.01173	0.48625	0.02365	0.03011	0.01351	0.01456	0.01022	0.00718	0.00600	0.00184	0.00761	0.00516	0.02666	0.00937
53	0.01524	0.01438	0.02404	0.03592	0.74936	0.01426	0.01808	0.01841	0.01378	0.01978	0.01182	0.01560	0.01005	0.00578	0.00613	0.00189	0.00718	0.00546	0.00319	0.00963
54	0.00804	0.00575	0.00743	0.00872	0.00914	0.00529	0.00581	0.00880	0.01170	0.01569	0.03263	0.78196	0.03888	0.01863	0.00777	0.00252	0.00370	0.01665	0.00567	0.00521
55	0.01338	0.01280	0.01932	0.20109	0.11290	0.01607	0.04499	0.01547	0.01097	0.01607	0.01009	0.01519	0.00896	0.00874	0.01356	0.00240	0.44005	0.00549	0.02523	0.00723
56	0.00914	0.00664	0.00840	0.00797	0.00944	0.00605	0.00594	0.01156	0.01675	0.02360	0.70108	0.04527	0.08268	0.01261	0.00725	0.00202	0.00315	0.02793	0.00660	0.00593
