[name]
unknown

[dist]
# distance from previous block
# <min> <max>
0	290

[block]
# block no. 0 follows, 41 sequences, length 36
# corresponding to MSA columns:
# 291-326
name=unknown_A
#
# <colnr> <probs for GDERKNQSTAVLIFYWHMCP>
#	G	D	E	R	K	N	Q	S	T	A	V	L	I	F	Y	W	H	M	C	P
0	0.01438	0.01229	0.01294	0.01156	0.01482	0.01414	0.00901	0.06348	0.69917	0.02428	0.02375	0.02187	0.03674	0.00790	0.00584	0.00193	0.00457	0.00655	0.00580	0.00897
1	0.00697	0.00498	0.00664	0.00796	0.00830	0.00465	0.00531	0.00796	0.01095	0.01460	0.03153	0.79525	0.03783	0.01792	0.00730	0.00232	0.00332	0.01626	0.00531	0.00465
2	0.01416	0.01359	0.02322	0.03511	0.76330	0.01359	0.01755	0.01755	0.01302	0.01869	0.01076	0.01416	0.00906	0.00510	0.00566	0.00170	0.00680	0.00510	0.00283	0.00906
3	0.00759	0.00524	0.00645	0.00717	0.00735	0.00506	0.00446	0.00813	0.00974	0.01299	0.02533	0.44763	0.03002	0.37620	0.01731	0.00380	0.00434	0.01262	0.00446	0.00410
4	0.00815	0.00554	0.00661	0.00676	0.00691	0.00562	0.00408	0.00849	0.00872	0.01173	0.01928	0.12296	0.02204	0.62619	0.10858	0.00557	0.00636	0.00899	0.00363	0.00378
5	0.01333	0.01275	0.02172	0.22022	0.58466	0.01337	0.01714	0.01683	0.01263	0.01768	0.01061	0.01443	0.00871	0.00525	0.00568	0.00175	0.00700	0.00509	0.00276	0.00839
6	0.01186	0.01017	0.01186	0.00847	0.01356	0.00762	0.00678	0.01440	0.01186	0.01864	0.01017	0.01186	0.00847	0.00424	0.00424	0.00085	0.00424	0.00339	0.00339	0.83395
7	0.63503	0.18335	0.03656	0.00828	0.01227	0.01497	0.00743	0.01692	0.01022	0.02278	0.00803	0.00935	0.00648	0.00522	0.00363	0.00165	0.00492	0.00312	0.00327	0.00651
8	0.01338	0.01626	0.07707	0.02365	0.02959	0.01440	0.70004	0.01831	0.01342	0.01831	0.01149	0.01523	0.00859	0.00486	0.00667	0.00192	0.00957	0.00660	0.00286	0.00776
9	0.01147	0.02959	0.76934	0.01630	0.02476	0.01328	0.02113	0.01811	0.01208	0.01811	0.01026	0.01208	0.00725	0.00543	0.00543	0.00181	0.00845	0.00423	0.00242	0.00845
10	0.02364	0.00988	0.01310	0.01004	0.01449	0.00854	0.00824	0.02642	0.04397	0.65278	0.02117	0.01866	0.01363	0.00678	0.00558	0.00167	0.00478	0.00551	0.00661	0.10451
11	0.00907	0.00603	0.00792	0.00741	0.00889	0.00553	0.00557	0.01164	0.01591	0.06630	0.67593	0.08360	0.05072	0.01177	0.00672	0.00183	0.00286	0.01041	0.00629	0.00561
12	0.01416	0.01359	0.02322	0.03511	0.76330	0.01359	0.01755	0.01755	0.01302	0.01869	0.01076	0.01416	0.00906	0.00510	0.00566	0.00170	0.00680	0.00510	0.00283	0.00906
13	0.00817	0.00613	0.00919	0.00919	0.01021	0.00715	0.00715	0.01021	0.00919	0.01328	0.01532	0.02247	0.01430	0.04290	0.77631	0.00919	0.01532	0.00613	0.00306	0.00511
14	0.01355	0.01521	0.03229	0.02323	0.02884	0.01445	0.69104	0.01917	0.06541	0.01872	0.01239	0.01584	0.00930	0.00503	0.00668	0.00193	0.00928	0.00673	0.00310	0.00781
15	0.83938	0.01106	0.00841	0.00752	0.01106	0.01283	0.00619	0.01681	0.00973	0.02566	0.00796	0.00929	0.00619	0.00531	0.00354	0.00177	0.00442	0.00310	0.00354	0.00619
16	0.01220	0.01036	0.01204	0.00863	0.01370	0.00797	0.00692	0.03911	0.01237	0.01923	0.01029	0.01192	0.00851	0.00433	0.00429	0.00088	0.00431	0.00345	0.00347	0.80605
17	0.01080	0.01017	0.01716	0.78523	0.03940	0.01271	0.01589	0.01461	0.01144	0.01461	0.01017	0.01525	0.00762	0.00572	0.00572	0.00191	0.00762	0.00508	0.00254	0.00635
18	0.01529	0.80242	0.02997	0.00979	0.01468	0.02263	0.00979	0.01713	0.01162	0.01346	0.00795	0.00918	0.00734	0.00489	0.00367	0.00122	0.00612	0.00306	0.00245	0.00734
19	0.00803	0.00542	0.00632	0.00661	0.00668	0.00535	0.00386	0.00824	0.00888	0.01184	0.02091	0.19956	0.02444	0.63188	0.02445	0.00486	0.00507	0.01002	0.00386	0.00372
20	0.01323	0.01614	0.08829	0.02242	0.02836	0.01389	0.63589	0.01803	0.01328	0.01833	0.01137	0.01492	0.00856	0.00483	0.00647	0.00184	0.00917	0.00632	0.00289	0.06577
21	0.02024	0.01252	0.01428	0.01159	0.01562	0.01330	0.00937	0.23714	0.29543	0.27609	0.02026	0.01850	0.01411	0.00727	0.00577	0.00182	0.00515	0.00584	0.00621	0.00948
22	0.00697	0.00498	0.00664	0.00796	0.00830	0.00465	0.00531	0.00796	0.01095	0.01460	0.03153	0.79525	0.03783	0.01792	0.00730	0.00232	0.00332	0.01626	0.00531	0.00465
23	0.01147	0.02959	0.76934	0.01630	0.02476	0.01328	0.02113	0.01811	0.01208	0.01811	0.01026	0.01208	0.00725	0.00543	0.00543	0.00181	0.00845	0.00423	0.00242	0.00845
24	0.01942	0.02325	0.01582	0.01505	0.05369	0.56858	0.01093	0.02427	0.18044	0.01644	0.01216	0.01296	0.00970	0.00627	0.00533	0.00159	0.00885	0.00437	0.00358	0.00729
25	0.00994	0.00497	0.00745	0.00745	0.00745	0.00497	0.00497	0.00745	0.00745	0.00994	0.00994	0.01739	0.00994	0.01987	0.02235	0.83358	0.00497	0.00497	0.00248	0.00248
26	0.00906	0.00647	0.00904	0.01035	0.01160	0.00645	0.00894	0.01158	0.01301	0.01694	0.03037	0.11581	0.03326	0.01595	0.00786	0.00261	0.00513	0.67507	0.00527	0.00522
27	0.00697	0.00498	0.00664	0.00796	0.00830	0.00465	0.00531	0.00796	0.01095	0.01460	0.03153	0.79525	0.03783	0.01792	0.00730	0.00232	0.00332	0.01626	0.00531	0.00465
28	0.01335	0.01652	0.11559	0.04315	0.19609	0.01409	0.47824	0.01804	0.01318	0.01830	0.01120	0.01475	0.00858	0.00498	0.00633	0.00186	0.00881	0.00605	0.00282	0.00807
29	0.01409	0.01221	0.01341	0.01293	0.05681	0.01399	0.00954	0.02919	0.69228	0.02346	0.02276	0.02205	0.01739	0.00782	0.00587	0.00194	0.00467	0.02498	0.00564	0.00896
30	0.00700	0.00504	0.00664	0.00785	0.00828	0.00468	0.00527	0.00808	0.01123	0.01495	0.06039	0.73727	0.06702	0.01755	0.00726	0.00229	0.00328	0.01587	0.00535	0.00468
31	0.01933	0.02286	0.02019	0.01803	0.08101	0.49931	0.14977	0.08856	0.01643	0.01725	0.00997	0.01191	0.00797	0.00572	0.00555	0.00160	0.00953	0.00452	0.00319	0.00732
32	0.05840	0.11985	0.63928	0.01504	0.02280	0.01436	0.01895	0.01792	0.01189	0.01799	0.00986	0.01158	0.00720	0.00536	0.00512	0.00174	0.00795	0.00403	0.00248	0.00820
33	0.01145	0.02858	0.73106	0.01655	0.04310	0.01309	0.02064	0.01791	0.01220	0.01825	0.02932	0.01291	0.00848	0.00558	0.00547	0.00181	0.00827	0.00440	0.00252	0.00839
34	0.01186	0.01017	0.01186	0.00847	0.01356	0.00762	0.00678	0.01440	0.01186	0.01864	0.01017	0.01186	0.00847	0.00424	0.00424	0.00085	0.00424	0.00339	0.00339	0.83395
35	0.01923	0.01339	0.10868	0.01121	0.01581	0.01102	0.01012	0.19316	0.04559	0.31882	0.10742	0.01943	0.01672	0.00717	0.00570	0.00170	0.00533	0.00580	0.00572	0.07800

[dist]
# distance from previous block
# <min> <max>
5	8

[block]
# block no. 1 follows, 41 sequences, length 27
# corresponding to MSA columns:
# 336-362
name=unknown_B
#
# <colnr> <probs for GDERKNQSTAVLIFYWHMCP>
#	G	D	E	R	K	N	Q	S	T	A	V	L	I	F	Y	W	H	M	C	P
0	0.01239	0.00904	0.04542	0.00938	0.01260	0.00722	0.04588	0.01513	0.01450	0.15134	0.32903	0.08628	0.03078	0.00900	0.00598	0.00162	0.00411	0.00792	0.00533	0.19705
1	0.01159	0.05358	0.74639	0.01610	0.02444	0.01357	0.02078	0.01808	0.01206	0.01797	0.01019	0.01199	0.00725	0.00542	0.00538	0.00179	0.00838	0.00419	0.00242	0.00842
2	0.01248	0.01022	0.01193	0.00874	0.01355	0.00804	0.00696	0.05297	0.01272	0.03723	0.01166	0.04913	0.01006	0.00509	0.00450	0.00098	0.00432	0.00415	0.00369	0.73159
3	0.01322	0.01058	0.01232	0.00890	0.01391	0.00841	0.00716	0.06942	0.01319	0.05386	0.01099	0.01235	0.00882	0.00456	0.00442	0.00095	0.00442	0.00363	0.00373	0.73516
4	0.01432	0.01207	0.01910	0.34248	0.31585	0.01324	0.01531	0.08479	0.03519	0.07455	0.01203	0.01517	0.00915	0.00574	0.00570	0.00180	0.00688	0.00518	0.00338	0.00805
5	0.02343	0.00960	0.01280	0.01004	0.01413	0.00858	0.00821	0.02668	0.06917	0.65400	0.08204	0.02148	0.01760	0.00750	0.00584	0.00178	0.00467	0.00617	0.00693	0.00934
6	0.01186	0.01017	0.01186	0.00847	0.01356	0.00762	0.00678	0.01440	0.01186	0.01864	0.01017	0.01186	0.00847	0.00424	0.00424	0.00085	0.00424	0.00339	0.00339	0.83395
7	0.01147	0.02959	0.76934	0.01630	0.02476	0.01328	0.02113	0.01811	0.01208	0.01811	0.01026	0.01208	0.00725	0.00543	0.00543	0.00181	0.00845	0.00423	0.00242	0.00845
8	0.00961	0.00788	0.00997	0.05702	0.01284	0.00682	0.00681	0.01150	0.01136	0.01646	0.01972	0.36462	0.02161	0.01061	0.00603	0.00161	0.02141	0.00932	0.00418	0.39061
9	0.01416	0.01359	0.02322	0.03511	0.76330	0.01359	0.01755	0.01755	0.01302	0.01869	0.01076	0.01416	0.00906	0.00510	0.00566	0.00170	0.00680	0.00510	0.00283	0.00906
10	0.01343	0.01521	0.03254	0.02343	0.02878	0.01469	0.68811	0.01798	0.01315	0.01798	0.01127	0.01521	0.00859	0.00521	0.00765	0.00197	0.06770	0.00662	0.00286	0.00761
11	0.83938	0.01106	0.00841	0.00752	0.01106	0.01283	0.00619	0.01681	0.00973	0.02566	0.00796	0.00929	0.00619	0.00531	0.00354	0.00177	0.00442	0.00310	0.00354	0.00619
12	0.00722	0.00516	0.00693	0.00825	0.00870	0.00486	0.00575	0.00840	0.01120	0.01488	0.03139	0.71324	0.03728	0.01768	0.00737	0.00236	0.00354	0.09578	0.00530	0.00472
13	0.00817	0.00613	0.00919	0.00919	0.01021	0.00715	0.00715	0.01021	0.00919	0.01328	0.01532	0.02247	0.01430	0.04290	0.77631	0.00919	0.01532	0.00613	0.00306	0.00511
14	0.01179	0.09470	0.70705	0.01575	0.02391	0.01407	0.02018	0.01803	0.01204	0.01772	0.01007	0.01183	0.00725	0.00539	0.00529	0.00176	0.00826	0.00413	0.00242	0.00836
15	0.00696	0.00502	0.00660	0.00786	0.00827	0.00465	0.00526	0.00798	0.01105	0.01464	0.03275	0.76088	0.07141	0.01776	0.00728	0.00230	0.00330	0.01607	0.00531	0.00465
16	0.01986	0.01478	0.01588	0.01264	0.01685	0.01644	0.01029	0.52479	0.22235	0.06022	0.01664	0.01600	0.01198	0.00712	0.00575	0.00178	0.00576	0.00553	0.00580	0.00955
17	0.07682	0.00982	0.01272	0.00992	0.01407	0.00890	0.00815	0.05892	0.01641	0.63008	0.07620	0.02028	0.01641	0.00730	0.00568	0.00177	0.00474	0.00589	0.00673	0.00918
18	0.07898	0.03726	0.01524	0.01180	0.01584	0.07494	0.00961	0.39521	0.04681	0.18270	0.01604	0.06279	0.01215	0.00738	0.00557	0.00174	0.00593	0.00569	0.00551	0.00883
19	0.02138	0.02674	0.01625	0.01466	0.01769	0.74105	0.01104	0.05610	0.01670	0.01502	0.00907	0.01047	0.00748	0.00594	0.00518	0.00148	0.01013	0.00375	0.00308	0.00677
20	0.00832	0.00555	0.00624	0.00624	0.00624	0.00555	0.00347	0.00832	0.00832	0.01109	0.01802	0.03743	0.02080	0.79898	0.02911	0.00555	0.00555	0.00832	0.00347	0.00347
21	0.01316	0.04868	0.37408	0.02465	0.35959	0.01368	0.03377	0.01803	0.01261	0.03352	0.01069	0.01314	0.00824	0.00528	0.00551	0.00174	0.00757	0.00466	0.00271	0.00870
22	0.01162	0.00951	0.08441	0.01021	0.01256	0.00769	0.03551	0.04019	0.07433	0.13109	0.02601	0.47916	0.02745	0.01332	0.00668	0.00212	0.00450	0.01192	0.00526	0.00645
23	0.01255	0.01262	0.01810	0.01534	0.01555	0.01741	0.03879	0.01393	0.00893	0.01393	0.00765	0.01262	0.00755	0.00982	0.01834	0.00248	0.76048	0.00507	0.00252	0.00631
24	0.00797	0.00628	0.00726	0.00705	0.00871	0.00582	0.00527	0.01113	0.07374	0.01943	0.36806	0.10199	0.33037	0.01295	0.00672	0.00190	0.00297	0.01116	0.00579	0.00541
25	0.02426	0.01085	0.01383	0.01073	0.01509	0.01021	0.00882	0.13483	0.07056	0.60517	0.02130	0.01875	0.01373	0.00710	0.00575	0.00177	0.00506	0.00571	0.00679	0.00968
26	0.01337	0.01703	0.14068	0.02499	0.19321	0.01408	0.44708	0.01853	0.03825	0.01856	0.01159	0.01484	0.00885	0.00507	0.00628	0.00186	0.00865	0.00599	0.00291	0.00817

[dist]
# distance from previous block
# <min> <max>
1	3

[block]
# block no. 2 follows, 41 sequences, length 92
# corresponding to MSA columns:
# 367-458
name=unknown_C
#
# <colnr> <probs for GDERKNQSTAVLIFYWHMCP>
#	G	D	E	R	K	N	Q	S	T	A	V	L	I	F	Y	W	H	M	C	P
0	0.01936	0.38081	0.02229	0.01187	0.01598	0.22637	0.01015	0.05146	0.01470	0.13810	0.01201	0.01314	0.00967	0.00792	0.04058	0.00193	0.00776	0.00418	0.00379	0.00794
1	0.01332	0.01305	0.01800	0.01549	0.01558	0.01787	0.01279	0.01433	0.00931	0.01455	0.00836	0.01364	0.00830	0.01050	0.01895	0.00264	0.77860	0.00526	0.00279	0.00668
2	0.00917	0.00617	0.00686	0.00683	0.00691	0.00605	0.00386	0.00896	0.00887	0.01191	0.01874	0.03823	0.02141	0.78920	0.02915	0.00565	0.00581	0.00853	0.00374	0.00392
3	0.00782	0.00642	0.00668	0.00659	0.00849	0.00542	0.00488	0.00921	0.01397	0.01726	0.15619	0.05390	0.65327	0.01452	0.00709	0.00206	0.00317	0.01200	0.00570	0.00535
4	0.01494	0.01411	0.02362	0.03532	0.75413	0.01399	0.01777	0.01807	0.01352	0.01941	0.01157	0.01526	0.00983	0.00565	0.00601	0.00185	0.00705	0.00535	0.00311	0.00945
5	0.00917	0.00617	0.00686	0.00683	0.00691	0.00605	0.00386	0.00896	0.00887	0.01191	0.01874	0.03823	0.02141	0.78920	0.02915	0.00565	0.00581	0.00853	0.00374	0.00392
6	0.00917	0.00617	0.00686	0.00683	0.00691	0.00605	0.00386	0.00896	0.00887	0.01191	0.01874	0.03823	0.02141	0.78920	0.02915	0.00565	0.00581	0.00853	0.00374	0.00392
7	0.02629	0.01031	0.01381	0.01072	0.01517	0.00888	0.00874	0.02826	0.01682	0.75825	0.02322	0.02050	0.01486	0.00760	0.00610	0.00192	0.00515	0.00600	0.00731	0.01011
8	0.01267	0.01073	0.01241	0.00903	0.01413	0.00811	0.00713	0.01496	0.01237	0.01936	0.01098	0.01299	0.00925	0.00480	0.00460	0.00101	0.00452	0.00367	0.00367	0.82360
9	0.01077	0.00560	0.00806	0.00803	0.00811	0.00548	0.00535	0.00810	0.00801	0.01077	0.01076	0.01845	0.01069	0.02023	0.02248	0.82291	0.00524	0.00523	0.00277	0.00296
10	0.01149	0.00596	0.00597	0.00593	0.00733	0.00584	0.00439	0.01390	0.01250	0.02201	0.01937	0.02233	0.01535	0.00719	0.00436	0.00149	0.00297	0.00559	0.82025	0.00577
11	0.82943	0.01162	0.00900	0.00810	0.01167	0.01324	0.00656	0.01734	0.01027	0.02629	0.00881	0.01046	0.00700	0.00586	0.00391	0.00192	0.00471	0.00338	0.00381	0.00662
12	0.01332	0.01305	0.01800	0.01549	0.01558	0.01787	0.01279	0.01433	0.00931	0.01455	0.00836	0.01364	0.00830	0.01050	0.01895	0.00264	0.77860	0.00526	0.00279	0.00668
13	0.01149	0.00596	0.00597	0.00593	0.00733	0.00584	0.00439	0.01390	0.01250	0.02201	0.01937	0.02233	0.01535	0.00719	0.00436	0.00149	0.00297	0.00559	0.82025	0.00577
14	0.01494	0.01411	0.02362	0.03532	0.75413	0.01399	0.01777	0.01807	0.01352	0.01941	0.01157	0.01526	0.00983	0.00565	0.00601	0.00185	0.00705	0.00535	0.00311	0.00945
15	0.02629	0.01031	0.01381	0.01072	0.01517	0.00888	0.00874	0.02826	0.01682	0.75825	0.02322	0.02050	0.01486	0.00760	0.00610	0.00192	0.00515	0.00600	0.00731	0.01011
16	0.00830	0.00594	0.00779	0.00906	0.00967	0.00556	0.00649	0.00940	0.01192	0.01589	0.03181	0.63623	0.03722	0.01787	0.00775	0.00253	0.00402	0.16178	0.00555	0.00522
17	0.06390	0.01037	0.01358	0.01059	0.01500	0.00908	0.00864	0.02775	0.01651	0.72397	0.02255	0.02003	0.01449	0.00752	0.00599	0.00192	0.00512	0.00588	0.00714	0.00995
18	0.01267	0.01073	0.01241	0.00903	0.01413	0.00811	0.00713	0.01496	0.01237	0.01936	0.01098	0.01299	0.00925	0.00480	0.00460	0.00101	0.00452	0.00367	0.00367	0.82360
19	0.01612	0.01239	0.01335	0.01187	0.01524	0.01376	0.00920	0.02997	0.64478	0.10766	0.02462	0.02289	0.03437	0.00835	0.00618	0.00207	0.00481	0.00675	0.00619	0.00942
20	0.01077	0.00560	0.00806	0.00803	0.00811	0.00548	0.00535	0.00810	0.00801	0.01077	0.01076	0.01845	0.01069	0.02023	0.02248	0.82291	0.00524	0.00523	0.00277	0.00296
21	0.01229	0.02990	0.76004	0.01676	0.02519	0.01369	0.02130	0.01862	0.01258	0.01884	0.01108	0.01321	0.00804	0.00598	0.00578	0.00196	0.00868	0.00450	0.00270	0.00885
22	0.01429	0.01593	0.03402	0.02447	0.03026	0.01486	0.73331	0.01883	0.01399	0.01905	0.01237	0.01652	0.00945	0.00537	0.00708	0.00208	0.00986	0.00699	0.00318	0.00812
23	0.00784	0.00561	0.00726	0.00853	0.00894	0.00517	0.00568	0.00861	0.01147	0.01538	0.03207	0.78619	0.03822	0.01830	0.00762	0.00246	0.00362	0.01637	0.00556	0.00509
24	0.02629	0.01031	0.01381	0.01072	0.01517	0.00888	0.00874	0.02826	0.01682	0.75825	0.02322	0.02050	0.01486	0.00760	0.00610	0.00192	0.00515	0.00600	0.00731	0.01011
25	0.01277	0.00864	0.01027	0.00998	0.01176	0.00867	0.00728	0.14518	0.07733	0.08646	0.02737	0.51145	0.02934	0.01449	0.00708	0.00227	0.00439	0.01262	0.00583	0.00683
26	0.46834	0.01200	0.01108	0.00963	0.01312	0.01329	0.00768	0.14682	0.10548	0.04905	0.04919	0.04245	0.03485	0.00748	0.00501	0.00196	0.00490	0.00528	0.00482	0.00757
27	0.00831	0.00584	0.00725	0.00806	0.00840	0.00556	0.00520	0.00882	0.01058	0.01424	0.02718	0.51826	0.03192	0.25879	0.04985	0.00377	0.00485	0.01347	0.00489	0.00475
28	0.01237	0.02930	0.72912	0.01709	0.02540	0.01374	0.05162	0.01863	0.01264	0.01885	0.01114	0.01335	0.00810	0.00595	0.00584	0.00196	0.00873	0.00460	0.00272	0.00882
29	0.01376	0.04691	0.01888	0.01545	0.01623	0.05880	0.04897	0.01503	0.01009	0.01476	0.00902	0.01398	0.00865	0.01132	0.05198	0.00281	0.62849	0.00525	0.00286	0.00677
30	0.02220	0.01640	0.01752	0.01362	0.01818	0.01798	0.01112	0.71390	0.04896	0.03618	0.01479	0.01507	0.01072	0.00742	0.00607	0.00187	0.00650	0.00545	0.00597	0.01008
31	0.03834	0.18447	0.54128	0.01551	0.03778	0.04763	0.01807	0.01857	0.01261	0.01797	0.01050	0.01251	0.00807	0.00588	0.00536	0.00182	0.00814	0.00422	0.00278	0.00849
32	0.01666	0.14257	0.01691	0.01215	0.01586	0.05148	0.00979	0.11252	0.48621	0.04106	0.01962	0.01892	0.01501	0.00760	0.00577	0.00192	0.00555	0.00585	0.00540	0.00914
33	0.00884	0.00646	0.00810	0.00766	0.00912	0.00586	0.00568	0.01118	0.01637	0.02297	0.69206	0.04450	0.11383	0.01239	0.00708	0.00196	0.00302	0.01068	0.00645	0.00578
34	0.01494	0.01411	0.02362	0.03532	0.75413	0.01399	0.01777	0.01807	0.01352	0.01941	0.01157	0.01526	0.00983	0.00565	0.00601	0.00185	0.00705	0.00535	0.00311	0.00945
35	0.00764	0.00640	0.00645	0.00644	0.00839	0.00534	0.00475	0.00884	0.01348	0.01620	0.05755	0.07216	0.73580	0.01499	0.00710	0.00209	0.00321	0.01233	0.00556	0.00527
36	0.68449	0.01194	0.01021	0.00883	0.01258	0.01328	0.00717	0.08277	0.01238	0.09329	0.01062	0.01176	0.00802	0.00615	0.00430	0.00191	0.00491	0.00380	0.00432	0.00725
37	0.01494	0.01411	0.02362	0.03532	0.75413	0.01399	0.01777	0.01807	0.01352	0.01941	0.01157	0.01526	0.00983	0.00565	0.00601	0.00185	0.00705	0.00535	0.00311	0.00945
38	0.00810	0.00585	0.00765	0.00720	0.00855	0.00540	0.00540	0.01079	0.01619	0.02294	0.76028	0.04273	0.05397	0.01169	0.00675	0.00180	0.00270	0.01034	0.00630	0.00540
39	0.01529	0.80242	0.02997	0.00979	0.01468	0.02263	0.00979	0.01713	0.01162	0.01346	0.00795	0.00918	0.00734	0.00489	0.00367	0.00122	0.00612	0.00306	0.00245	0.00734
40	0.01066	0.00533	0.00533	0.00533	0.00666	0.00533	0.00400	0.01333	0.01200	0.02132	0.01866	0.02132	0.01466	0.00666	0.00400	0.00133	0.00267	0.00533	0.83073	0.00533
41	0.01423	0.01229	0.01293	0.01164	0.01487	0.01423	0.00905	0.03039	0.75297	0.02393	0.02328	0.02134	0.01746	0.00776	0.00582	0.00194	0.00453	0.00647	0.00582	0.00905
42	0.01344	0.01585	0.05552	0.02388	0.02974	0.01443	0.72118	0.01832	0.01346	0.01832	0.01153	0.01533	0.00864	0.00484	0.00671	0.00193	0.00961	0.00668	0.00288	0.00774
43	0.01236	0.01236	0.01790	0.01518	0.01550	0.01690	0.04663	0.01382	0.00900	0.01396	0.00806	0.01311	0.00788	0.01129	0.05322	0.00278	0.71612	0.00514	0.00255	0.00627
44	0.00944	0.00812	0.01024	0.00997	0.01107	0.06605	0.00777	0.01139	0.00970	0.01336	0.01435	0.02094	0.01336	0.03808	0.67137	0.00820	0.06240	0.00587	0.00302	0.00529
45	0.08045	0.02684	0.65620	0.01546	0.02326	0.01305	0.03436	0.01846	0.01211	0.05347	0.01067	0.01226	0.00751	0.00549	0.00532	0.00181	0.00798	0.00426	0.00273	0.00831
46	0.00815	0.00543	0.00722	0.00786	0.00866	0.00502	0.00548	0.00966	0.01261	0.05226	0.22629	0.55718	0.04104	0.01574	0.00708	0.00216	0.00323	0.01418	0.00566	0.00509
47	0.01066	0.00533	0.00533	0.00533	0.00666	0.00533	0.00400	0.01333	0.01200	0.02132	0.01866	0.02132	0.01466	0.00666	0.00400	0.00133	0.00267	0.00533	0.83073	0.00533
48	0.02174	0.01602	0.01717	0.01316	0.01774	0.01774	0.01087	0.74423	0.02689	0.03605	0.01373	0.01373	0.00973	0.00687	0.00572	0.00172	0.00629	0.00515	0.00572	0.00973
49	0.47311	0.12022	0.22323	0.01035	0.01547	0.01410	0.01090	0.01759	0.01086	0.04699	0.00910	0.01040	0.00691	0.00535	0.00416	0.00171	0.00578	0.00350	0.00320	0.00709
50	0.02096	0.02658	0.01627	0.01475	0.01756	0.74086	0.01112	0.02242	0.01586	0.01399	0.00878	0.01042	0.00737	0.00609	0.00579	0.00152	0.04639	0.00375	0.00293	0.00661
51	0.10718	0.01465	0.02987	0.02154	0.02700	0.01398	0.62273	0.01863	0.01322	0.05671	0.01172	0.01494	0.00867	0.00499	0.00634	0.00190	0.00882	0.00629	0.00318	0.00764
52	0.00810	0.00585	0.00765	0.00720	0.00855	0.00540	0.00540	0.01079	0.01619	0.02294	0.76028	0.04273	0.05397	0.01169	0.00675	0.00180	0.00270	0.01034	0.00630	0.00540
53	0.01080	0.01017	0.01716	0.78523	0.03940	0.01271	0.01589	0.01461	0.01144	0.01461	0.01017	0.01525	0.00762	0.00572	0.00572	0.00191	0.00762	0.00508	0.00254	0.00635
54	0.83938	0.01106	0.00841	0.00752	0.01106	0.01283	0.00619	0.01681	0.00973	0.02566	0.00796	0.00929	0.00619	0.00531	0.00354	0.00177	0.00442	0.00310	0.00354	0.00619
55	0.00817	0.00613	0.00919	0.00919	0.01021	0.00715	0.00715	0.01021	0.00919	0.01328	0.01532	0.02247	0.01430	0.04290	0.77631	0.00919	0.01532	0.00613	0.00306	0.00511
56	0.01186	0.01017	0.01186	0.00847	0.01356	0.00762	0.00678	0.01440	0.01186	0.01864	0.01017	0.01186	0.00847	0.00424	0.00424	0.00085	0.00424	0.00339	0.00339	0.83395
57	0.01496	0.01212	0.01296	0.01155	0.01486	0.01385	0.00901	0.03023	0.70561	0.07172	0.02323	0.02122	0.01725	0.00772	0.00582	0.00193	0.00455	0.00642	0.00590	0.00910
58	0.00697	0.00498	0.00664	0.00796	0.00830	0.00465	0.00531	0.00796	0.01095	0.01460	0.03153	0.79525	0.03783	0.01792	0.00730	0.00232	0.00332	0.01626	0.00531	0.00465
59	0.00701	0.00500	0.00662	0.00791	0.00823	0.00468	0.00525	0.00798	0.01086	0.01448	0.03107	0.76967	0.03726	0.04428	0.00804	0.00243	0.00339	0.01599	0.00525	0.00461
60	0.00960	0.00509	0.00720	0.00720	0.00720	0.00509	0.00466	0.00763	0.00763	0.01017	0.01160	0.02150	0.01216	0.17976	0.02374	0.66365	0.00509	0.00566	0.00269	0.00269
61	0.00832	0.00555	0.00624	0.00624	0.00624	0.00555	0.00347	0.00832	0.00832	0.01109	0.01802	0.03743	0.02080	0.79898	0.02911	0.00555	0.00555	0.00832	0.00347	0.00347
62	0.01186	0.01088	0.01753	0.50593	0.13493	0.01289	0.02992	0.05198	0.04363	0.01659	0.01135	0.01578	0.00891	0.00891	0.06868	0.00248	0.03261	0.00526	0.00293	0.00694
63	0.03628	0.54046	0.02515	0.01129	0.01554	0.25920	0.01010	0.01892	0.01302	0.01391	0.00823	0.00954	0.00732	0.00522	0.00413	0.00131	0.00740	0.00326	0.00263	0.00709
64	0.83938	0.01106	0.00841	0.00752	0.01106	0.01283	0.00619	0.01681	0.00973	0.02566	0.00796	0.00929	0.00619	0.00531	0.00354	0.00177	0.00442	0.00310	0.00354	0.00619
65	0.01312	0.01882	0.25302	0.04208	0.35604	0.01368	0.18404	0.01784	0.01281	0.01835	0.01078	0.01383	0.00839	0.00515	0.00584	0.00179	0.00797	0.00521	0.00271	0.00851
66	0.01416	0.01359	0.02322	0.03511	0.76330	0.01359	0.01755	0.01755	0.01302	0.01869	0.01076	0.01416	0.00906	0.00510	0.00566	0.00170	0.00680	0.00510	0.00283	0.00906
67	0.03480	0.00809	0.00907	0.00854	0.01053	0.00776	0.00637	0.01448	0.13475	0.02232	0.41617	0.04284	0.23588	0.01241	0.00707	0.00211	0.00362	0.01029	0.00628	0.00660
68	0.01599	0.65983	0.15092	0.01178	0.01729	0.02160	0.01218	0.01819	0.01257	0.01557	0.00978	0.01165	0.00868	0.00593	0.00459	0.00159	0.00695	0.00374	0.00294	0.00822
69	0.01486	0.01628	0.03421	0.02472	0.03052	0.01514	0.72669	0.01919	0.01433	0.01957	0.01294	0.01730	0.01000	0.00577	0.00732	0.00218	0.01001	0.00716	0.00338	0.00841
70	0.00965	0.00716	0.01006	0.01000	0.01109	0.00791	0.00758	0.01118	0.01008	0.01454	0.01674	0.02488	0.01581	0.07859	0.72451	0.00911	0.01510	0.00665	0.00357	0.00578
71	0.01533	0.01431	0.02361	0.07310	0.71123	0.01424	0.01784	0.01830	0.01379	0.01972	0.01212	0.01611	0.01031	0.00607	0.00626	0.00197	0.00727	0.00554	0.00330	0.00959
72	0.82228	0.01201	0.00943	0.00851	0.01211	0.01354	0.00682	0.01772	0.01065	0.02675	0.00942	0.01130	0.00758	0.00625	0.00418	0.00203	0.00491	0.00359	0.00401	0.00692
73	0.01525	0.01413	0.02321	0.03425	0.70984	0.01393	0.01750	0.01816	0.01387	0.01985	0.01313	0.01858	0.01157	0.00658	0.00637	0.00200	0.00715	0.04164	0.00344	0.00953
74	0.01222	0.01114	0.01799	0.76884	0.03981	0.01342	0.01629	0.01557	0.01232	0.01595	0.01157	0.01712	0.00897	0.00665	0.00631	0.00216	0.00804	0.00553	0.00304	0.00708
75	0.01661	0.78569	0.03052	0.01072	0.01565	0.02312	0.01033	0.01803	0.01250	0.01481	0.00941	0.01118	0.00870	0.00584	0.00431	0.00149	0.00657	0.00355	0.00294	0.00804
76	0.00851	0.00608	0.00769	0.00889	0.00935	0.00556	0.00590	0.00908	0.01176	0.01583	0.03205	0.75727	0.03800	0.04168	0.00850	0.00266	0.00390	0.01622	0.00569	0.00537
77	0.01484	0.42863	0.37212	0.01373	0.02030	0.01880	0.01557	0.01848	0.01271	0.01697	0.01047	0.01252	0.00865	0.00609	0.00512	0.00176	0.00765	0.00409	0.00293	0.00856
78	0.02305	0.01665	0.01787	0.01392	0.01853	0.01802	0.01131	0.70466	0.02707	0.06162	0.01536	0.01583	0.01118	0.00778	0.00631	0.00198	0.00669	0.00561	0.00619	0.01038
79	0.00875	0.00618	0.00762	0.00859	0.00898	0.00572	0.00557	0.00914	0.01130	0.01521	0.02968	0.62417	0.03501	0.17887	0.01233	0.00323	0.00429	0.01482	0.00536	0.00517
80	0.01362	0.01256	0.02051	0.45652	0.34121	0.01379	0.01699	0.01679	0.01298	0.01764	0.01182	0.01667	0.00957	0.00639	0.00629	0.00207	0.00770	0.00553	0.00316	0.00820
81	0.01368	0.19210	0.59840	0.01573	0.02339	0.01594	0.01904	0.01879	0.01285	0.01839	0.01118	0.01341	0.00862	0.00626	0.00566	0.00194	0.00836	0.00444	0.00292	0.00890
82	0.00968	0.00707	0.00960	0.00954	0.01047	0.00766	0.00699	0.01088	0.00994	0.01419	0.01716	0.02725	0.01683	0.19816	0.60634	0.00853	0.01356	0.00700	0.00363	0.00552
83	0.01079	0.00717	0.00902	0.00839	0.01006	0.00645	0.00622	0.01292	0.01671	0.07834	0.64503	0.06828	0.07172	0.01245	0.00726	0.00207	0.00341	0.01059	0.00670	0.00642
84	0.01611	0.26345	0.33453	0.01480	0.02096	0.08990	0.06225	0.01973	0.01370	0.07340	0.02789	0.01438	0.01025	0.00647	0.00560	0.00186	0.00800	0.00469	0.00343	0.00860
85	0.02128	0.01782	0.01656	0.01371	0.01752	0.17231	0.01076	0.48484	0.02326	0.04484	0.01620	0.10151	0.01374	0.00880	0.00637	0.00199	0.00721	0.00653	0.00556	0.00918
86	0.01482	0.01616	0.03352	0.02434	0.02989	0.01527	0.69576	0.01900	0.01413	0.01938	0.01277	0.01717	0.00995	0.00599	0.00783	0.00221	0.04302	0.00708	0.00336	0.00835
87	0.00866	0.00626	0.00802	0.02537	0.01009	0.00578	0.00618	0.00947	0.01234	0.01671	0.09943	0.69349	0.03936	0.01774	0.00777	0.00251	0.00386	0.01567	0.00577	0.00551
88	0.01501	0.01556	0.03037	0.04642	0.27073	0.01481	0.47219	0.01886	0.01413	0.01960	0.01265	0.01687	0.01010	0.00588	0.00694	0.00211	0.00903	0.00658	0.00335	0.00882
89	0.10925	0.01447	0.01594	0.13861	0.02062	0.08451	0.02433	0.21913	0.04030	0.21267	0.01572	0.01671	0.01136	0.00726	0.00599	0.00198	0.00669	0.00537	0.00533	0.04375
90	0.01936	0.06305	0.01490	0.01130	0.01527	0.01228	0.00902	0.10383	0.20837	0.27057	0.09302	0.02184	0.01855	0.00812	0.00614	0.00193	0.00521	0.00630	0.00619	0.10473
91	0.07035	0.07141	0.42057	0.01472	0.04519	0.01300	0.01566	0.01900	0.04764	0.08463	0.07221	0.06853	0.01527	0.00787	0.00607	0.00206	0.00710	0.00606	0.00405	0.00858

[dist]
# distance from previous block
# <min> <max>
2	7

[block]
# block no. 3 follows, 41 sequences, length 11
# corresponding to MSA columns:
# 466-476
name=unknown_D
#
# <colnr> <probs for GDERKNQSTAVLIFYWHMCP>
#	G	D	E	R	K	N	Q	S	T	A	V	L	I	F	Y	W	H	M	C	P
0	0.01385	0.05187	0.22824	0.01135	0.01719	0.01092	0.01150	0.05746	0.05707	0.08826	0.01220	0.01316	0.00920	0.00522	0.00486	0.00133	0.00571	0.00411	0.00368	0.39281
1	0.01197	0.08757	0.54738	0.01509	0.02257	0.01324	0.06439	0.01748	0.01210	0.01783	0.01015	0.01203	0.00753	0.00517	0.00519	0.00162	0.00770	0.00417	0.00260	0.13421
2	0.01688	0.04957	0.09498	0.01580	0.15123	0.02879	0.01163	0.02443	0.26155	0.20936	0.01768	0.01724	0.01282	0.00648	0.00553	0.00173	0.00561	0.00541	0.00488	0.05838
3	0.01220	0.06444	0.18685	0.01117	0.01542	0.01022	0.05793	0.05780	0.04310	0.08636	0.21899	0.02794	0.13618	0.00868	0.00597	0.00176	0.00525	0.00739	0.00470	0.03765
4	0.01310	0.08638	0.35731	0.01993	0.18205	0.01400	0.10306	0.01885	0.06644	0.03262	0.01151	0.01349	0.00874	0.00539	0.00547	0.00172	0.00750	0.00477	0.00294	0.04472
5	0.01268	0.01325	0.11981	0.01081	0.01638	0.00896	0.06279	0.01594	0.01226	0.05926	0.01096	0.01257	0.00862	0.00460	0.00467	0.00111	0.00526	0.00388	0.00342	0.61276
6	0.01746	0.06538	0.01792	0.01624	0.14976	0.01577	0.01134	0.38306	0.06205	0.02659	0.01292	0.01506	0.01027	0.05074	0.00777	0.00191	0.06488	0.00513	0.00448	0.06125
7	0.01502	0.05760	0.49591	0.01439	0.02132	0.01326	0.01680	0.07387	0.06955	0.14772	0.01350	0.01403	0.00938	0.00597	0.00546	0.00178	0.00729	0.00467	0.00371	0.00876
8	0.02096	0.01385	0.01371	0.01145	0.01486	0.18046	0.00911	0.02459	0.10369	0.39673	0.04908	0.01937	0.04169	0.00757	0.00668	0.00179	0.06477	0.00574	0.00557	0.00835
9	0.01147	0.01566	0.23716	0.01078	0.01660	0.00914	0.01097	0.01515	0.01187	0.01826	0.01139	0.05564	0.00975	0.00536	0.00476	0.00122	0.00544	0.00436	0.00321	0.54183
10	0.01100	0.01139	0.13313	0.00966	0.01343	0.00794	0.03618	0.01467	0.05187	0.08922	0.16928	0.03297	0.24250	0.00959	0.00605	0.00173	0.00453	0.02164	0.00485	0.12839

[dist]
# distance from previous block
# <min> <max>
0	2

[block]
# block no. 4 follows, 41 sequences, length 6
# corresponding to MSA columns:
# 479-484
name=unknown_E
#
# <colnr> <probs for GDERKNQSTAVLIFYWHMCP>
#	G	D	E	R	K	N	Q	S	T	A	V	L	I	F	Y	W	H	M	C	P
0	0.03598	0.00997	0.05470	0.01058	0.01413	0.00785	0.08850	0.01333	0.01189	0.04264	0.01861	0.27472	0.01932	0.00952	0.00578	0.00164	0.00483	0.03831	0.00412	0.33356
1	0.06634	0.03708	0.01298	0.00977	0.01385	0.00960	0.00800	0.04649	0.08376	0.45134	0.08769	0.01979	0.01665	0.00705	0.00548	0.00166	0.00462	0.00570	0.00606	0.10609
2	0.01843	0.09757	0.10941	0.01311	0.08715	0.01134	0.01075	0.02276	0.09075	0.35148	0.08495	0.01898	0.01584	0.00684	0.00553	0.00170	0.00538	0.00562	0.00527	0.03714
3	0.05188	0.02592	0.61317	0.01709	0.09154	0.01291	0.01912	0.01775	0.01204	0.01857	0.01019	0.01212	0.00744	0.00532	0.00528	0.00173	0.00782	0.00420	0.00257	0.06331
4	0.01209	0.01017	0.01166	0.00855	0.01330	0.00809	0.00684	0.06667	0.01306	0.01959	0.01501	0.01614	0.08076	0.00541	0.00459	0.00101	0.00426	0.00435	0.00374	0.69469
5	0.01664	0.01282	0.14967	0.01085	0.01509	0.00945	0.01017	0.02188	0.12559	0.31189	0.17426	0.02463	0.02219	0.00807	0.00594	0.00181	0.00501	0.03250	0.00569	0.03586

[dist]
# distance from previous block
# <min> <max>
1	6

[block]
# block no. 5 follows, 41 sequences, length 73
# corresponding to MSA columns:
# 492-564
name=unknown_F
#
# <colnr> <probs for GDERKNQSTAVLIFYWHMCP>
#	G	D	E	R	K	N	Q	S	T	A	V	L	I	F	Y	W	H	M	C	P
0	0.01514	0.01995	0.24126	0.02736	0.33642	0.01472	0.20908	0.01919	0.01409	0.02021	0.01282	0.01661	0.01033	0.00648	0.00673	0.00216	0.00864	0.00592	0.00343	0.00948
1	0.45804	0.03739	0.01271	0.01018	0.01401	0.01453	0.00826	0.24529	0.01655	0.05451	0.06473	0.01492	0.01205	0.00701	0.00502	0.00193	0.00533	0.00472	0.00487	0.00796
2	0.06943	0.03506	0.01534	0.01491	0.10567	0.06855	0.01047	0.04895	0.40531	0.10548	0.02004	0.02081	0.01547	0.00789	0.00605	0.00204	0.00574	0.02819	0.00546	0.00914
3	0.00925	0.00667	0.00849	0.00811	0.00952	0.00610	0.00604	0.01157	0.01655	0.02340	0.70321	0.05978	0.05300	0.01260	0.00724	0.00204	0.00322	0.04072	0.00655	0.00594
4	0.00811	0.00581	0.00745	0.00871	0.00914	0.00533	0.00580	0.00881	0.01163	0.01562	0.03223	0.78339	0.03834	0.01842	0.00772	0.00251	0.00371	0.01641	0.00564	0.00523
5	0.02308	0.03411	0.01460	0.01123	0.01538	0.01128	0.00909	0.15818	0.07144	0.48101	0.06719	0.02198	0.03681	0.00819	0.00623	0.00196	0.00532	0.00639	0.00681	0.00971
6	0.00811	0.00581	0.00745	0.00871	0.00914	0.00533	0.00580	0.00881	0.01163	0.01562	0.03223	0.78339	0.03834	0.01842	0.00772	0.00251	0.00371	0.01641	0.00564	0.00523
7	0.01705	0.01407	0.01450	0.01266	0.01620	0.03900	0.00985	0.15791	0.57300	0.04229	0.02196	0.02092	0.01656	0.00820	0.00623	0.00207	0.00540	0.00644	0.00606	0.00962
8	0.01263	0.02948	0.73326	0.01751	0.04898	0.01383	0.02124	0.01877	0.01277	0.01909	0.01135	0.01362	0.00834	0.00614	0.00590	0.00200	0.00870	0.00461	0.00281	0.00899
9	0.04774	0.04421	0.03731	0.05499	0.24721	0.27878	0.01364	0.16329	0.01725	0.02132	0.01152	0.01386	0.00935	0.00648	0.00581	0.00182	0.00822	0.00480	0.00380	0.00857
10	0.02119	0.16660	0.01938	0.01441	0.01783	0.59461	0.01121	0.05426	0.01644	0.01590	0.00999	0.01177	0.00850	0.00646	0.00537	0.00164	0.00965	0.00400	0.00335	0.00744
11	0.00944	0.00636	0.00706	0.00701	0.00712	0.00621	0.00399	0.00915	0.00904	0.01217	0.01896	0.03848	0.02160	0.78618	0.02916	0.00568	0.00590	0.00860	0.00383	0.00407
12	0.01566	0.66052	0.15395	0.01159	0.01710	0.02144	0.01210	0.01798	0.01236	0.01527	0.00945	0.01119	0.00836	0.00571	0.00445	0.00153	0.00685	0.00363	0.00282	0.00806
13	0.01529	0.48481	0.21540	0.01441	0.05063	0.03629	0.07012	0.01830	0.01271	0.01627	0.01006	0.01215	0.00853	0.00578	0.00495	0.00166	0.00744	0.00411	0.00288	0.00824
14	0.01599	0.01380	0.04640	0.01253	0.01616	0.01461	0.01006	0.06373	0.64246	0.05798	0.02309	0.02182	0.01737	0.00826	0.00624	0.00211	0.00516	0.00659	0.00605	0.00960
15	0.00852	0.00663	0.00747	0.00722	0.00896	0.00577	0.00533	0.01023	0.01512	0.01988	0.37965	0.05016	0.42559	0.01377	0.00719	0.00206	0.00320	0.01150	0.00609	0.00567
16	0.02589	0.01033	0.01376	0.01081	0.01514	0.00890	0.00874	0.02774	0.01678	0.73134	0.02371	0.04568	0.01583	0.00811	0.00625	0.00198	0.00518	0.00642	0.00732	0.01007
17	0.03200	0.02366	0.41331	0.04703	0.16836	0.07411	0.08446	0.01942	0.04337	0.01915	0.01191	0.01455	0.00918	0.00616	0.00602	0.00198	0.00841	0.00503	0.00313	0.00878
18	0.82635	0.01179	0.00919	0.00827	0.01186	0.01337	0.00667	0.01750	0.01043	0.02649	0.00907	0.01082	0.00725	0.00603	0.00403	0.00196	0.00480	0.00347	0.00390	0.00675
19	0.00853	0.00679	0.00725	0.00721	0.00893	0.00598	0.00524	0.01017	0.03727	0.01726	0.13701	0.08701	0.51994	0.08265	0.00916	0.00246	0.00364	0.03239	0.00562	0.00550
20	0.01604	0.01338	0.01408	0.01248	0.01591	0.01511	0.00967	0.10579	0.66478	0.02606	0.02312	0.02186	0.01751	0.00834	0.00626	0.00211	0.00508	0.00664	0.00613	0.00963
21	0.00944	0.00636	0.00706	0.00701	0.00712	0.00621	0.00399	0.00915	0.00904	0.01217	0.01896	0.03848	0.02160	0.78618	0.02916	0.00568	0.00590	0.00860	0.00383	0.00407
22	0.00866	0.00696	0.00785	0.00753	0.00923	0.00633	0.00563	0.01023	0.01457	0.01900	0.30218	0.04936	0.46365	0.01384	0.00778	0.00211	0.04222	0.01133	0.00585	0.00568
23	0.01515	0.01436	0.02427	0.03484	0.71488	0.01416	0.05382	0.01827	0.01369	0.01961	0.01186	0.01566	0.01004	0.00580	0.00617	0.00191	0.00727	0.00552	0.00321	0.00950
24	0.00943	0.00638	0.00713	0.00706	0.00723	0.00620	0.00408	0.00928	0.00943	0.01275	0.05580	0.03874	0.02325	0.74710	0.02805	0.00549	0.00576	0.00870	0.00397	0.00416
25	0.00924	0.00688	0.00984	0.00986	0.01093	0.00766	0.00752	0.01091	0.00999	0.01438	0.01711	0.06213	0.01638	0.04173	0.72547	0.00892	0.01491	0.00695	0.00354	0.00566
26	0.02575	0.01050	0.01417	0.04935	0.01657	0.00924	0.00921	0.02772	0.01671	0.71810	0.02281	0.02061	0.01475	0.00770	0.00620	0.00197	0.00537	0.00605	0.00715	0.01006
27	0.01292	0.01091	0.01258	0.00921	0.01431	0.00825	0.00724	0.01513	0.01252	0.01958	0.01124	0.01334	0.00949	0.00497	0.00471	0.00106	0.00461	0.00376	0.00375	0.82040
28	0.01103	0.00580	0.00825	0.00820	0.00831	0.00564	0.00546	0.00830	0.00819	0.01103	0.01101	0.01878	0.01092	0.02034	0.02252	0.81961	0.00533	0.00531	0.00286	0.00310
29	0.01066	0.00533	0.00533	0.00533	0.00666	0.00533	0.00400	0.01333	0.01200	0.02132	0.01866	0.02132	0.01466	0.00666	0.00400	0.00133	0.00267	0.00533	0.83073	0.00533
30	0.83938	0.01106	0.00841	0.00752	0.01106	0.01283	0.00619	0.01681	0.00973	0.02566	0.00796	0.00929	0.00619	0.00531	0.00354	0.00177	0.00442	0.00310	0.00354	0.00619
31	0.01251	0.01251	0.01752	0.01502	0.01502	0.01752	0.01251	0.01377	0.00876	0.01377	0.00751	0.01251	0.00751	0.01001	0.01877	0.00250	0.78851	0.00501	0.00250	0.00626
32	0.01066	0.00533	0.00533	0.00533	0.00666	0.00533	0.00400	0.01333	0.01200	0.02132	0.01866	0.02132	0.01466	0.00666	0.00400	0.00133	0.00267	0.00533	0.83073	0.00533
33	0.01416	0.01359	0.02322	0.03511	0.76330	0.01359	0.01755	0.01755	0.01302	0.01869	0.01076	0.01416	0.00906	0.00510	0.00566	0.00170	0.00680	0.00510	0.00283	0.00906
34	0.02046	0.05978	0.01699	0.01516	0.04873	0.64280	0.01116	0.05195	0.05225	0.01555	0.00979	0.01110	0.00803	0.00595	0.00517	0.00150	0.00954	0.00391	0.00317	0.00701
35	0.00697	0.00498	0.00664	0.00796	0.00830	0.00465	0.00531	0.00796	0.01095	0.01460	0.03153	0.79525	0.03783	0.01792	0.00730	0.00232	0.00332	0.01626	0.00531	0.00465
36	0.02434	0.00944	0.01285	0.00995	0.01414	0.00818	0.00818	0.02659	0.01636	0.71112	0.07821	0.02122	0.01716	0.00743	0.00583	0.00177	0.00470	0.00610	0.00702	0.00941
37	0.01186	0.01017	0.01186	0.00847	0.01356	0.00762	0.00678	0.01440	0.01186	0.01864	0.01017	0.01186	0.00847	0.00424	0.00424	0.00085	0.00424	0.00339	0.00339	0.83395
38	0.01395	0.01173	0.01246	0.01121	0.01434	0.01339	0.00871	0.02872	0.67990	0.03960	0.05181	0.02346	0.04891	0.00816	0.00589	0.00193	0.00440	0.00682	0.00584	0.00876
39	0.00994	0.00497	0.00745	0.00745	0.00745	0.00497	0.00497	0.00745	0.00745	0.00994	0.00994	0.01739	0.00994	0.01987	0.02235	0.83358	0.00497	0.00497	0.00248	0.00248
40	0.01169	0.07322	0.72760	0.01593	0.02419	0.01381	0.02049	0.01806	0.01205	0.01785	0.01013	0.01191	0.00725	0.00540	0.00533	0.00178	0.00832	0.00416	0.00242	0.00839
41	0.01409	0.23491	0.45094	0.01454	0.03728	0.06674	0.01652	0.04332	0.01292	0.04481	0.01013	0.01156	0.00766	0.00542	0.00497	0.00162	0.00771	0.00398	0.00275	0.00814
42	0.00697	0.00498	0.00664	0.00796	0.00830	0.00465	0.00531	0.00796	0.01095	0.01460	0.03153	0.79525	0.03783	0.01792	0.00730	0.00232	0.00332	0.01626	0.00531	0.00465
43	0.02199	0.01562	0.01692	0.01297	0.01754	0.01715	0.01072	0.69903	0.02623	0.08218	0.01429	0.01409	0.01001	0.00688	0.00572	0.00172	0.00620	0.00519	0.00581	0.00973
44	0.01389	0.01365	0.02280	0.12518	0.59794	0.03537	0.05948	0.01733	0.01288	0.01795	0.01062	0.01423	0.00879	0.00526	0.00594	0.00174	0.02048	0.00515	0.00280	0.00853
45	0.01387	0.01473	0.07990	0.05130	0.69005	0.01355	0.01779	0.01753	0.01291	0.01855	0.01071	0.01402	0.00889	0.00514	0.00565	0.00171	0.00694	0.00503	0.00279	0.00895
46	0.01258	0.02768	0.65307	0.01660	0.02447	0.04602	0.07517	0.01869	0.01252	0.04554	0.01076	0.01253	0.00761	0.00547	0.00553	0.00180	0.00849	0.00445	0.00265	0.00837
47	0.00832	0.00555	0.00624	0.00624	0.00624	0.00555	0.00347	0.00832	0.00832	0.01109	0.01802	0.03743	0.02080	0.79898	0.02911	0.00555	0.00555	0.00832	0.00347	0.00347
48	0.01254	0.01057	0.01223	0.00880	0.01384	0.00832	0.00706	0.06486	0.01290	0.01984	0.01041	0.01199	0.00856	0.00442	0.00434	0.00091	0.00438	0.00351	0.00355	0.77697
49	0.80361	0.01084	0.00837	0.00751	0.01095	0.01251	0.00616	0.01655	0.01001	0.02555	0.04034	0.01073	0.00825	0.00558	0.00368	0.00177	0.00435	0.00341	0.00366	0.00616
50	0.00731	0.00528	0.00695	0.00804	0.00860	0.00488	0.00547	0.00841	0.01100	0.01477	0.03014	0.70826	0.03584	0.04159	0.00787	0.00237	0.00351	0.04421	0.00517	0.04032
51	0.02160	0.01081	0.01334	0.01084	0.01482	0.01067	0.00882	0.08948	0.21161	0.47582	0.02233	0.02141	0.01546	0.00762	0.00586	0.00185	0.00492	0.03683	0.00655	0.00936
52	0.19072	0.32577	0.20424	0.01095	0.01616	0.03818	0.01153	0.01791	0.01203	0.07103	0.04693	0.01234	0.00987	0.00564	0.00442	0.00156	0.00619	0.00392	0.00321	0.00742
53	0.00810	0.00585	0.00765	0.00720	0.00855	0.00540	0.00540	0.01079	0.01619	0.02294	0.76028	0.04273	0.05397	0.01169	0.00675	0.00180	0.00270	0.01034	0.00630	0.00540
54	0.01416	0.01348	0.02231	0.03303	0.69715	0.01365	0.01680	0.01869	0.07842	0.01915	0.01187	0.01479	0.00980	0.00533	0.00568	0.00172	0.00659	0.00522	0.00310	0.00906
55	0.00684	0.00580	0.00590	0.00588	0.00777	0.00486	0.00441	0.00836	0.01322	0.01589	0.09891	0.05433	0.71974	0.01432	0.00676	0.00192	0.00289	0.01197	0.00537	0.00486
56	0.02566	0.00973	0.01327	0.01018	0.01460	0.00841	0.00841	0.02788	0.01637	0.76726	0.02257	0.01947	0.01416	0.00708	0.00575	0.00177	0.00487	0.00575	0.00708	0.00973
57	0.01240	0.02403	0.51027	0.02283	0.28120	0.01339	0.01989	0.01792	0.01241	0.01831	0.01044	0.01280	0.00788	0.00532	0.00551	0.00177	0.00788	0.00453	0.00256	0.00866
58	0.00805	0.00581	0.00760	0.00723	0.00854	0.00537	0.00539	0.01068	0.01598	0.02260	0.73076	0.07321	0.05332	0.01195	0.00677	0.00182	0.00272	0.01058	0.00626	0.00537
59	0.01529	0.80242	0.02997	0.00979	0.01468	0.02263	0.00979	0.01713	0.01162	0.01346	0.00795	0.00918	0.00734	0.00489	0.00367	0.00122	0.00612	0.00306	0.00245	0.00734
60	0.01066	0.00533	0.00533	0.00533	0.00666	0.00533	0.00400	0.01333	0.01200	0.02132	0.01866	0.02132	0.01466	0.00666	0.00400	0.00133	0.00267	0.00533	0.83073	0.00533
61	0.01423	0.01229	0.01293	0.01164	0.01487	0.01423	0.00905	0.03039	0.75297	0.02393	0.02328	0.02134	0.01746	0.00776	0.00582	0.00194	0.00453	0.00647	0.00582	0.00905
62	0.02010	0.00883	0.01171	0.00945	0.01296	0.00795	0.00762	0.02334	0.06353	0.51513	0.22529	0.02598	0.02531	0.00839	0.00603	0.00179	0.00425	0.00706	0.00678	0.00850
63	0.01159	0.02875	0.72592	0.01676	0.02506	0.01335	0.06372	0.01813	0.01216	0.01813	0.01034	0.01227	0.00733	0.00540	0.00551	0.00182	0.00852	0.00438	0.00244	0.00841
