[name]
unknown

[dist]
# distance from previous block
# <min> <max>
28	300

[block]
# block no. 0 follows, 41 sequences, length 21
# corresponding to MSA columns:
# 333-353
name=unknown_A
#
# <colnr> <probs for GDERKNQSTAVLIFYWHMCP>
#	G	D	E	R	K	N	Q	S	T	A	V	L	I	F	Y	W	H	M	C	P
0	0.10356	0.01702	0.01559	0.01253	0.01665	0.17182	0.01012	0.43032	0.02162	0.12572	0.01330	0.01334	0.00947	0.00654	0.00539	0.00168	0.00675	0.00472	0.00511	0.00874
1	0.16993	0.00722	0.00731	0.00665	0.00882	0.00742	0.00519	0.03220	0.01227	0.11912	0.01664	0.01845	0.01267	0.00706	0.00501	0.03895	0.00347	0.00494	0.51065	0.00604
2	0.04728	0.00524	0.00749	0.00745	0.00761	0.00532	0.00502	0.00787	0.00755	0.01064	0.00985	0.01702	0.00977	0.01922	0.02151	0.79613	0.00494	0.00488	0.00253	0.00265
3	0.02417	0.01007	0.01323	0.01037	0.01464	0.00916	0.00849	0.02820	0.11231	0.67045	0.02266	0.01971	0.01459	0.00717	0.00576	0.00179	0.00482	0.00585	0.00692	0.00965
4	0.01411	0.01101	0.01273	0.00926	0.01423	0.00916	0.00748	0.12308	0.01434	0.06373	0.01140	0.01257	0.00898	0.00479	0.00454	0.00103	0.00458	0.00378	0.00394	0.66527
5	0.00697	0.00498	0.00664	0.00796	0.00830	0.00465	0.00531	0.00796	0.01095	0.01460	0.03153	0.79525	0.03783	0.01792	0.00730	0.00232	0.00332	0.01626	0.00531	0.00465
6	0.00702	0.00500	0.00662	0.00789	0.00821	0.00468	0.00523	0.00798	0.01084	0.01446	0.03096	0.76373	0.03712	0.05041	0.00821	0.00246	0.00341	0.01593	0.00523	0.00460
7	0.01088	0.00650	0.00882	0.00899	0.01056	0.00610	0.00718	0.01311	0.01401	0.13076	0.23337	0.21116	0.03706	0.01381	0.00712	0.00220	0.00406	0.26262	0.00584	0.00584
8	0.00697	0.00498	0.00664	0.00796	0.00830	0.00465	0.00531	0.00796	0.01095	0.01460	0.03153	0.79525	0.03783	0.01792	0.00730	0.00232	0.00332	0.01626	0.00531	0.00465
9	0.36705	0.02163	0.44254	0.01253	0.01887	0.01309	0.01472	0.01756	0.01107	0.02136	0.00928	0.01088	0.00679	0.00538	0.00462	0.00179	0.00672	0.00374	0.00290	0.00748
10	0.00709	0.00506	0.00677	0.00810	0.00848	0.00475	0.00551	0.00817	0.01107	0.01473	0.03146	0.75749	0.03758	0.01781	0.00733	0.00234	0.00342	0.05288	0.00531	0.00468
11	0.02566	0.00973	0.01327	0.01018	0.01460	0.00841	0.00841	0.02788	0.01637	0.76726	0.02257	0.01947	0.01416	0.00708	0.00575	0.00177	0.00487	0.00575	0.00708	0.00973
12	0.01344	0.01526	0.03283	0.02359	0.02905	0.01464	0.70107	0.01806	0.01323	0.01806	0.01134	0.01526	0.00861	0.00512	0.00743	0.00196	0.05388	0.00665	0.00287	0.00763
13	0.01513	0.77001	0.06098	0.01006	0.01510	0.02224	0.01026	0.01717	0.01164	0.01365	0.00805	0.00930	0.00734	0.00492	0.00374	0.00125	0.00621	0.00311	0.00245	0.00739
14	0.11908	0.01075	0.01624	0.54156	0.05149	0.01351	0.01413	0.01485	0.01083	0.01603	0.00947	0.01401	0.00746	0.00633	0.00750	0.00198	0.13090	0.00481	0.00267	0.00639
15	0.00755	0.00548	0.00710	0.00755	0.00846	0.00508	0.00540	0.00934	0.01334	0.01819	0.33881	0.37575	0.09878	0.03261	0.00755	0.00216	0.00316	0.04305	0.00568	0.00497
16	0.01458	0.19079	0.02059	0.01379	0.01651	0.18918	0.10572	0.01669	0.01269	0.01553	0.10670	0.01587	0.01384	0.00841	0.03060	0.00201	0.21150	0.00523	0.00315	0.00663
17	0.00864	0.00609	0.00701	0.00671	0.00740	0.00572	0.00409	0.00907	0.00905	0.01243	0.01838	0.11153	0.02093	0.61567	0.02364	0.00460	0.00515	0.00849	0.00364	0.11175
18	0.11941	0.04992	0.64848	0.01497	0.02268	0.01350	0.01885	0.01792	0.01176	0.01896	0.00990	0.01163	0.00711	0.00540	0.00514	0.00179	0.00786	0.00405	0.00256	0.00813
19	0.12098	0.01141	0.01173	0.01068	0.01376	0.01305	0.00838	0.02630	0.57076	0.02347	0.04489	0.02372	0.04868	0.00819	0.00568	0.00194	0.00442	0.03822	0.00549	0.00823
20	0.01046	0.00743	0.00913	0.00855	0.01036	0.00743	0.00652	0.05209	0.12420	0.05880	0.45007	0.13592	0.04134	0.01163	0.00663	0.00192	0.00345	0.04172	0.00606	0.00627

[dist]
# distance from previous block
# <min> <max>
0	3

[block]
# block no. 1 follows, 41 sequences, length 12
# corresponding to MSA columns:
# 357-368
name=unknown_B
#
# <colnr> <probs for GDERKNQSTAVLIFYWHMCP>
#	G	D	E	R	K	N	Q	S	T	A	V	L	I	F	Y	W	H	M	C	P
0	0.01185	0.05980	0.65972	0.01688	0.02490	0.01380	0.09839	0.01810	0.01221	0.01795	0.01031	0.01232	0.00740	0.00535	0.00550	0.00180	0.00849	0.00445	0.00247	0.00833
1	0.01403	0.01029	0.01132	0.01003	0.01306	0.01102	0.00788	0.06210	0.40559	0.11592	0.07677	0.02999	0.17127	0.00945	0.00611	0.00191	0.00423	0.02514	0.00589	0.00799
2	0.01739	0.01223	0.01415	0.01110	0.01515	0.01231	0.02216	0.33837	0.06258	0.11230	0.04711	0.07804	0.01449	0.00764	0.00589	0.01717	0.00521	0.00603	0.00523	0.19545
3	0.01138	0.02678	0.66071	0.12735	0.02687	0.01320	0.02038	0.01761	0.01198	0.01761	0.01025	0.01253	0.00730	0.00548	0.00548	0.00183	0.00833	0.00435	0.00243	0.00815
4	0.01316	0.01101	0.01254	0.00930	0.01414	0.00938	0.00745	0.09465	0.08816	0.02105	0.01187	0.01302	0.00951	0.00487	0.00456	0.00105	0.00449	0.00389	0.00389	0.66202
5	0.08686	0.01772	0.01629	0.01301	0.01720	0.15894	0.01053	0.55152	0.02353	0.03110	0.01236	0.01274	0.00901	0.00656	0.00544	0.00168	0.00690	0.00471	0.00503	0.00887
6	0.00920	0.00687	0.00924	0.03209	0.01138	0.00698	0.02194	0.01278	0.10474	0.01804	0.19542	0.23451	0.03404	0.01420	0.00829	0.06849	0.00422	0.19688	0.00523	0.00547
7	0.00789	0.00585	0.00749	0.00856	0.00926	0.00578	0.00602	0.01056	0.08592	0.01576	0.03059	0.65444	0.03536	0.01671	0.00720	0.00231	0.00361	0.07618	0.00536	0.00514
8	0.01288	0.01397	0.02808	0.13213	0.02859	0.01389	0.51148	0.01706	0.01265	0.01742	0.01090	0.01485	0.00841	0.00535	0.00742	0.00188	0.07584	0.00607	0.00285	0.07830
9	0.01461	0.01574	0.15809	0.26346	0.14546	0.01399	0.01522	0.17119	0.07889	0.04906	0.01261	0.01484	0.00931	0.00603	0.00567	0.00181	0.00700	0.00508	0.00368	0.00825
10	0.00815	0.00650	0.00723	0.00725	0.00915	0.00591	0.00576	0.04813	0.01405	0.01747	0.10603	0.05378	0.51821	0.01412	0.00693	0.00205	0.00354	0.15510	0.00540	0.00522
11	0.00708	0.00503	0.00660	0.00782	0.00812	0.00472	0.00515	0.00799	0.01073	0.01430	0.03037	0.73021	0.03637	0.08495	0.00917	0.00260	0.00351	0.01558	0.00515	0.00454

[dist]
# distance from previous block
# <min> <max>
0	37

[block]
# block no. 2 follows, 41 sequences, length 113
# corresponding to MSA columns:
# 408-520
name=unknown_C
#
# <colnr> <probs for GDERKNQSTAVLIFYWHMCP>
#	G	D	E	R	K	N	Q	S	T	A	V	L	I	F	Y	W	H	M	C	P
0	0.01387	0.21787	0.32165	0.01525	0.02117	0.01593	0.13234	0.01853	0.03604	0.06568	0.01086	0.01271	0.00831	0.00581	0.00648	0.00175	0.08031	0.00458	0.00292	0.00795
1	0.00762	0.00575	0.00704	0.00688	0.00829	0.00517	0.00510	0.00981	0.01483	0.02008	0.49740	0.11620	0.24881	0.01305	0.00680	0.00188	0.00281	0.01137	0.00593	0.00517
2	0.01294	0.04065	0.07880	0.14840	0.03004	0.01448	0.52216	0.01748	0.01282	0.01736	0.01097	0.01486	0.00832	0.00522	0.00688	0.00192	0.04036	0.00612	0.00277	0.00747
3	0.06023	0.00919	0.01195	0.00952	0.01329	0.00831	0.00773	0.02450	0.04553	0.57603	0.07514	0.02134	0.02917	0.00797	0.00633	0.03483	0.00456	0.00605	0.03963	0.00868
4	0.00688	0.00580	0.00597	0.00592	0.00780	0.00488	0.00444	0.00845	0.01333	0.01615	0.12333	0.05390	0.69516	0.01423	0.00676	0.00192	0.00288	0.01191	0.00540	0.00488
5	0.01405	0.01548	0.09252	0.04914	0.64006	0.03815	0.03185	0.01773	0.01301	0.01838	0.01065	0.01389	0.00880	0.00516	0.00565	0.00171	0.00714	0.00500	0.00279	0.00884
6	0.31461	0.01048	0.03985	0.00871	0.01207	0.01047	0.00738	0.06648	0.06665	0.16779	0.01576	0.01776	0.01193	0.00672	0.00465	0.00172	0.00445	0.03809	0.18724	0.00717
7	0.00832	0.00555	0.00624	0.00624	0.00624	0.00555	0.00347	0.00832	0.00832	0.01109	0.01802	0.03743	0.02080	0.79898	0.02911	0.00555	0.00555	0.00832	0.00347	0.00347
8	0.00706	0.00502	0.00661	0.00785	0.00816	0.00471	0.00519	0.00799	0.01078	0.01437	0.03064	0.74536	0.03671	0.06934	0.00874	0.00254	0.00347	0.01574	0.00519	0.00457
9	0.01989	0.04319	0.04570	0.04994	0.11495	0.01135	0.01055	0.10091	0.07880	0.38031	0.03262	0.01873	0.01354	0.04516	0.00680	0.00194	0.00556	0.00568	0.00549	0.00889
10	0.01393	0.01341	0.02255	0.04989	0.67757	0.01394	0.01705	0.01714	0.01259	0.01814	0.01044	0.01403	0.00888	0.00557	0.00688	0.00178	0.07958	0.00509	0.00279	0.00874
11	0.01066	0.00533	0.00533	0.00533	0.00666	0.00533	0.00400	0.01333	0.01200	0.02132	0.01866	0.02132	0.01466	0.00666	0.00400	0.00133	0.00267	0.00533	0.83073	0.00533
12	0.00997	0.00518	0.00785	0.03920	0.00876	0.00528	0.00541	0.00774	0.00761	0.01013	0.00994	0.01730	0.00984	0.01929	0.02168	0.79963	0.00508	0.00497	0.00249	0.00264
13	0.05880	0.01576	0.01618	0.01277	0.01706	0.04721	0.01043	0.59097	0.11798	0.03315	0.01448	0.01436	0.01045	0.00687	0.00561	0.00174	0.00614	0.00516	0.00552	0.00935
14	0.00708	0.00506	0.00674	0.00789	0.00832	0.00472	0.00532	0.00824	0.01147	0.01542	0.10303	0.72141	0.03941	0.01731	0.00725	0.00227	0.00326	0.01568	0.00541	0.00472
15	0.13895	0.49985	0.07242	0.01073	0.01532	0.15118	0.01021	0.01814	0.01217	0.01567	0.00826	0.00958	0.00717	0.00516	0.00402	0.00139	0.00674	0.00325	0.00269	0.00712
16	0.00688	0.00580	0.00597	0.00592	0.00780	0.00488	0.00444	0.00845	0.01333	0.01615	0.12333	0.05390	0.69516	0.01423	0.00676	0.00192	0.00288	0.01191	0.00540	0.00488
17	0.01971	0.05312	0.01659	0.01242	0.01666	0.01688	0.01023	0.55798	0.14929	0.03230	0.01528	0.01511	0.01113	0.00691	0.00557	0.00172	0.00584	0.00528	0.03867	0.00932
18	0.01586	0.01253	0.01343	0.01171	0.01518	0.01422	0.00921	0.11017	0.62100	0.07639	0.02216	0.02036	0.01637	0.00761	0.00580	0.00190	0.00475	0.00627	0.00590	0.00918
19	0.01384	0.01327	0.02265	0.10494	0.69591	0.01351	0.01740	0.01728	0.01288	0.01831	0.01070	0.01426	0.00893	0.00515	0.00567	0.00172	0.00687	0.00510	0.00280	0.00881
20	0.01147	0.02959	0.76934	0.01630	0.02476	0.01328	0.02113	0.01811	0.01208	0.01811	0.01026	0.01208	0.00725	0.00543	0.00543	0.00181	0.00845	0.00423	0.00242	0.00845
21	0.00817	0.00613	0.00919	0.00919	0.01021	0.00715	0.00715	0.01021	0.00919	0.01328	0.01532	0.02247	0.01430	0.04290	0.77631	0.00919	0.01532	0.00613	0.00306	0.00511
22	0.02566	0.00973	0.01327	0.01018	0.01460	0.00841	0.00841	0.02788	0.01637	0.76726	0.02257	0.01947	0.01416	0.00708	0.00575	0.00177	0.00487	0.00575	0.00708	0.00973
23	0.00817	0.00613	0.00919	0.00919	0.01021	0.00715	0.00715	0.01021	0.00919	0.01328	0.01532	0.02247	0.01430	0.04290	0.77631	0.00919	0.01532	0.00613	0.00306	0.00511
24	0.00697	0.00498	0.00664	0.00796	0.00830	0.00465	0.00531	0.00796	0.01095	0.01460	0.03153	0.79525	0.03783	0.01792	0.00730	0.00232	0.00332	0.01626	0.00531	0.00465
25	0.01416	0.01359	0.02322	0.03511	0.76330	0.01359	0.01755	0.01755	0.01302	0.01869	0.01076	0.01416	0.00906	0.00510	0.00566	0.00170	0.00680	0.00510	0.00283	0.00906
26	0.83938	0.01106	0.00841	0.00752	0.01106	0.01283	0.00619	0.01681	0.00973	0.02566	0.00796	0.00929	0.00619	0.00531	0.00354	0.00177	0.00442	0.00310	0.00354	0.00619
27	0.01508	0.01064	0.01168	0.01030	0.01349	0.01151	0.00807	0.02614	0.48751	0.15544	0.02785	0.02575	0.12139	0.00854	0.00587	0.00188	0.00428	0.00708	0.03906	0.00843
28	0.00807	0.00587	0.00761	0.00724	0.00861	0.00541	0.00547	0.01071	0.01595	0.02240	0.70410	0.04400	0.08617	0.01196	0.00678	0.00183	0.00279	0.03345	0.00622	0.00537
29	0.00697	0.00498	0.00664	0.00796	0.00830	0.00465	0.00531	0.00796	0.01095	0.01460	0.03153	0.79525	0.03783	0.01792	0.00730	0.00232	0.00332	0.01626	0.00531	0.00465
30	0.00832	0.00555	0.00624	0.00624	0.00624	0.00555	0.00347	0.00832	0.00832	0.01109	0.01802	0.03743	0.02080	0.79898	0.02911	0.00555	0.00555	0.00832	0.00347	0.00347
31	0.02111	0.02671	0.01609	0.01462	0.01758	0.74821	0.01098	0.02312	0.04310	0.01436	0.00937	0.01072	0.00774	0.00596	0.00518	0.00149	0.01010	0.00379	0.00305	0.00672
32	0.01186	0.01017	0.01186	0.00847	0.01356	0.00762	0.00678	0.01440	0.01186	0.01864	0.01017	0.01186	0.00847	0.00424	0.00424	0.00085	0.00424	0.00339	0.00339	0.83395
33	0.04953	0.71279	0.05774	0.00987	0.01473	0.02129	0.00995	0.01695	0.01171	0.01446	0.03229	0.01038	0.00879	0.00515	0.00383	0.00129	0.00603	0.00334	0.00262	0.00727
34	0.00719	0.00517	0.00683	0.00777	0.00834	0.00480	0.00531	0.00854	0.01205	0.01631	0.17975	0.62871	0.05478	0.01659	0.00718	0.00221	0.00318	0.01498	0.00551	0.00480
35	0.01230	0.01188	0.08607	0.00930	0.01452	0.00812	0.00821	0.01517	0.01206	0.05327	0.01148	0.03890	0.00962	0.00495	0.00453	0.00103	0.00465	0.00402	0.00353	0.68639
36	0.83938	0.01106	0.00841	0.00752	0.01106	0.01283	0.00619	0.01681	0.00973	0.02566	0.00796	0.00929	0.00619	0.00531	0.00354	0.00177	0.00442	0.00310	0.00354	0.00619
37	0.00697	0.00498	0.00664	0.00796	0.00830	0.00465	0.00531	0.00796	0.01095	0.01460	0.03153	0.79525	0.03783	0.01792	0.00730	0.00232	0.00332	0.01626	0.00531	0.00465
38	0.01260	0.01347	0.02657	0.24696	0.04707	0.01432	0.41976	0.01663	0.01228	0.01666	0.01062	0.01498	0.00823	0.00575	0.00795	0.00199	0.10825	0.00600	0.00274	0.00716
39	0.01212	0.00721	0.00687	0.00644	0.00814	0.03740	0.00492	0.08175	0.01355	0.02240	0.01781	0.02018	0.01391	0.00665	0.00421	0.00137	0.00331	0.00525	0.72073	0.00579
40	0.00902	0.00650	0.00904	0.00832	0.00994	0.00605	0.03991	0.01184	0.03279	0.05108	0.53875	0.14041	0.07493	0.01211	0.00678	0.00190	0.00330	0.02571	0.00597	0.00564
41	0.01355	0.01345	0.02214	0.09854	0.42729	0.02879	0.09028	0.01690	0.02764	0.01722	0.01030	0.01411	0.00869	0.00627	0.00864	0.00192	0.17820	0.00525	0.00280	0.00801
42	0.00817	0.00613	0.00919	0.00919	0.01021	0.00715	0.00715	0.01021	0.00919	0.01328	0.01532	0.02247	0.01430	0.04290	0.77631	0.00919	0.01532	0.00613	0.00306	0.00511
43	0.00693	0.00580	0.00603	0.00597	0.00783	0.00490	0.00448	0.00853	0.01343	0.01639	0.14598	0.05350	0.67236	0.01414	0.00676	0.00191	0.00287	0.01186	0.00544	0.00490
44	0.01304	0.01642	0.10918	0.09414	0.03024	0.01418	0.59939	0.01796	0.01316	0.01796	0.01130	0.01506	0.00843	0.00497	0.00652	0.00191	0.00933	0.00633	0.00281	0.00767
45	0.65930	0.01184	0.01001	0.00855	0.01228	0.02628	0.00703	0.10705	0.01249	0.08654	0.00986	0.01068	0.00729	0.00565	0.00401	0.00176	0.00479	0.00357	0.00408	0.00692
46	0.00697	0.00498	0.00664	0.00796	0.00830	0.00465	0.00531	0.00796	0.01095	0.01460	0.03153	0.79525	0.03783	0.01792	0.00730	0.00232	0.00332	0.01626	0.00531	0.00465
47	0.01301	0.01438	0.02978	0.13593	0.02992	0.01449	0.56701	0.01735	0.01275	0.01735	0.01099	0.01513	0.00841	0.00544	0.00772	0.00198	0.08185	0.00634	0.00280	0.00738
48	0.01085	0.00752	0.01172	0.12822	0.06238	0.00812	0.03633	0.04416	0.00993	0.01333	0.01218	0.08883	0.01197	0.01503	0.01585	0.47342	0.03672	0.00612	0.00294	0.00438
49	0.45614	0.01869	0.32411	0.04890	0.01811	0.01301	0.01285	0.01725	0.01079	0.02200	0.00902	0.01073	0.00670	0.00538	0.00443	0.00179	0.00625	0.00366	0.00303	0.00714
50	0.01903	0.01140	0.01321	0.01111	0.01486	0.01203	0.00886	0.05369	0.43512	0.32015	0.02267	0.02034	0.01588	0.00746	0.00579	0.00186	0.00472	0.00614	0.00632	0.00935
51	0.01348	0.01510	0.02925	0.09332	0.02824	0.05012	0.54439	0.01758	0.01281	0.01717	0.01078	0.01479	0.00837	0.00564	0.00817	0.00198	0.11242	0.00622	0.00281	0.00734
52	0.01310	0.01509	0.04918	0.12231	0.03100	0.01421	0.63136	0.01784	0.01320	0.01784	0.01136	0.01533	0.00851	0.00495	0.00659	0.00192	0.00935	0.00647	0.00284	0.00756
53	0.01459	0.00743	0.00889	0.00761	0.01057	0.00631	0.00603	0.01636	0.01442	0.32695	0.04329	0.04031	0.45155	0.01142	0.00634	0.00186	0.00371	0.00945	0.00604	0.00686
54	0.00697	0.00498	0.00664	0.00796	0.00830	0.00465	0.00531	0.00796	0.01095	0.01460	0.03153	0.79525	0.03783	0.01792	0.00730	0.00232	0.00332	0.01626	0.00531	0.00465
55	0.06464	0.09214	0.01667	0.04060	0.01717	0.29686	0.01033	0.25185	0.08032	0.02255	0.01365	0.01428	0.04142	0.00660	0.00525	0.00162	0.00741	0.00471	0.00415	0.00778
56	0.01198	0.13282	0.67058	0.01543	0.02341	0.01453	0.01962	0.01798	0.01202	0.01749	0.00996	0.01169	0.00726	0.00536	0.00520	0.00173	0.00814	0.00407	0.00242	0.00830
57	0.01209	0.01203	0.01804	0.01517	0.01583	0.01600	0.07983	0.01377	0.00925	0.01413	0.00882	0.01397	0.00842	0.01344	0.10770	0.00324	0.62410	0.00530	0.00261	0.00626
58	0.00886	0.00644	0.00764	0.00716	0.00897	0.00594	0.00543	0.01202	0.06441	0.05441	0.44397	0.04433	0.28471	0.01215	0.00664	0.00185	0.00299	0.01045	0.00597	0.00565
59	0.03816	0.01092	0.01791	0.59081	0.17714	0.01293	0.01568	0.01576	0.03560	0.01605	0.01063	0.01504	0.00817	0.00565	0.00564	0.00186	0.00726	0.00507	0.00274	0.00696
60	0.01037	0.00747	0.00973	0.01032	0.01188	0.00762	0.00864	0.10296	0.01463	0.01928	0.05482	0.17879	0.03159	0.01488	0.00749	0.00244	0.00498	0.49102	0.00537	0.00573
61	0.01084	0.00910	0.00985	0.00930	0.01174	0.00973	0.00723	0.01986	0.38374	0.02052	0.10311	0.05206	0.24712	0.01104	0.00640	0.00199	0.00390	0.06979	0.00565	0.00703
62	0.01266	0.01285	0.01795	0.03024	0.01612	0.04134	0.04776	0.01417	0.00930	0.01399	0.00809	0.01300	0.00781	0.01074	0.04514	0.00267	0.68220	0.00509	0.00256	0.00630
63	0.04492	0.01077	0.01859	0.67119	0.03721	0.01290	0.09406	0.01510	0.01159	0.01547	0.01023	0.01503	0.00768	0.00560	0.00574	0.00190	0.00771	0.00518	0.00262	0.00649
64	0.51484	0.05539	0.13428	0.05775	0.01494	0.01256	0.00932	0.01609	0.01070	0.02227	0.06353	0.01288	0.01016	0.00638	0.00497	0.03483	0.00527	0.00401	0.00340	0.00643
65	0.01233	0.29210	0.04955	0.01123	0.01435	0.01529	0.03134	0.01446	0.01054	0.01444	0.01016	0.01379	0.00928	0.01531	0.19876	0.00346	0.16873	0.00442	0.00274	0.10772
66	0.01438	0.01428	0.03900	0.04984	0.02314	0.01509	0.34115	0.10072	0.03724	0.04321	0.01131	0.01455	0.00886	0.00665	0.00965	0.00201	0.21903	0.00580	0.00334	0.04076
67	0.01929	0.10505	0.01443	0.01019	0.01398	0.03568	0.00843	0.02444	0.17518	0.38663	0.05018	0.02321	0.06791	0.00791	0.00568	0.00177	0.00492	0.03067	0.00591	0.00855
68	0.01080	0.01017	0.01716	0.78523	0.03940	0.01271	0.01589	0.01461	0.01144	0.01461	0.01017	0.01525	0.00762	0.00572	0.00572	0.00191	0.00762	0.00508	0.00254	0.00635
69	0.00934	0.00644	0.00729	0.00691	0.00750	0.00650	0.00433	0.06809	0.01094	0.01473	0.11470	0.03657	0.03970	0.61654	0.02386	0.00467	0.00518	0.00840	0.00405	0.00425
70	0.02066	0.00954	0.01211	0.00987	0.01364	0.00886	0.00801	0.02518	0.14121	0.51532	0.03849	0.02585	0.10517	0.00843	0.00597	0.00185	0.00455	0.02989	0.00658	0.00882
71	0.01306	0.02195	0.40857	0.02317	0.26235	0.01338	0.11441	0.01828	0.01271	0.04249	0.01099	0.01342	0.00824	0.00530	0.00569	0.00179	0.00796	0.00489	0.00276	0.00859
72	0.00697	0.00498	0.00664	0.00796	0.00830	0.00465	0.00531	0.00796	0.01095	0.01460	0.03153	0.79525	0.03783	0.01792	0.00730	0.00232	0.00332	0.01626	0.00531	0.00465
73	0.01750	0.02109	0.01369	0.01271	0.01506	0.54778	0.00943	0.03028	0.01490	0.01440	0.01624	0.11899	0.07224	0.04516	0.00699	0.00184	0.02578	0.00628	0.00351	0.00612
74	0.01697	0.01206	0.01281	0.01049	0.01389	0.03677	0.00842	0.37251	0.04995	0.09663	0.07034	0.06021	0.14392	0.00900	0.00592	0.00177	0.00504	0.00726	0.05807	0.00797
75	0.05436	0.00972	0.01234	0.00994	0.01377	0.00914	0.00806	0.02576	0.13280	0.52961	0.11142	0.02217	0.01918	0.00768	0.00579	0.00180	0.00453	0.00631	0.00664	0.00896
76	0.00697	0.00498	0.00664	0.00796	0.00830	0.00465	0.00531	0.00796	0.01095	0.01460	0.03153	0.79525	0.03783	0.01792	0.00730	0.00232	0.00332	0.01626	0.00531	0.00465
77	0.09108	0.01027	0.01083	0.00914	0.01131	0.01113	0.00670	0.30495	0.01592	0.02248	0.01536	0.02528	0.01499	0.40666	0.01733	0.00365	0.00574	0.00656	0.00438	0.00624
78	0.00775	0.00574	0.00816	0.00896	0.00972	0.00545	0.03292	0.00924	0.01159	0.01543	0.05925	0.56160	0.03576	0.04782	0.00824	0.00248	0.00400	0.15584	0.00518	0.00486
79	0.00697	0.00498	0.00664	0.00796	0.00830	0.00465	0.00531	0.00796	0.01095	0.01460	0.03153	0.79525	0.03783	0.01792	0.00730	0.00232	0.00332	0.01626	0.00531	0.00465
80	0.01129	0.01060	0.01735	0.67086	0.06021	0.01292	0.03266	0.01627	0.08057	0.01570	0.01144	0.01579	0.00861	0.00587	0.00575	0.00190	0.00736	0.00525	0.00286	0.00673
81	0.01446	0.00834	0.00984	0.00849	0.01034	0.00842	0.00605	0.12357	0.04254	0.18574	0.01851	0.02863	0.01726	0.44159	0.04837	0.00412	0.00584	0.00711	0.00469	0.00610
82	0.00686	0.00580	0.00594	0.00590	0.00779	0.00487	0.00443	0.00841	0.01328	0.01604	0.11306	0.05408	0.70549	0.01427	0.00676	0.00192	0.00288	0.01194	0.00539	0.00487
83	0.02022	0.04720	0.01654	0.01355	0.01717	0.45192	0.01059	0.22501	0.01852	0.02062	0.01029	0.01143	0.00814	0.00606	0.00544	0.00150	0.02344	0.00407	0.00375	0.08453
84	0.02362	0.01015	0.01328	0.01019	0.01464	0.00896	0.00837	0.05575	0.04886	0.62983	0.02100	0.01856	0.01356	0.00682	0.00560	0.00168	0.00485	0.00552	0.00660	0.09217
85	0.01854	0.09910	0.01699	0.01334	0.01642	0.48494	0.01044	0.06258	0.01509	0.01570	0.00982	0.03755	0.00867	0.00648	0.00629	0.00153	0.08127	0.00423	0.00314	0.08788
86	0.01132	0.00677	0.00881	0.00788	0.00983	0.00627	0.00606	0.01449	0.04630	0.14902	0.60527	0.03791	0.04574	0.01075	0.00654	0.00180	0.00314	0.00941	0.00641	0.00628
87	0.00736	0.00574	0.00668	0.00661	0.00814	0.00506	0.00489	0.00930	0.01419	0.01860	0.35844	0.12232	0.38496	0.01362	0.00681	0.00191	0.00285	0.01174	0.00574	0.00506
88	0.02349	0.00997	0.01307	0.01024	0.01439	0.00910	0.00838	0.05581	0.07941	0.63056	0.06605	0.02078	0.01662	0.00740	0.00582	0.00178	0.00477	0.00606	0.00687	0.00942
89	0.05033	0.04401	0.62033	0.01678	0.02457	0.01363	0.11552	0.01806	0.01215	0.01839	0.01028	0.01233	0.00739	0.00534	0.00548	0.00181	0.00837	0.00448	0.00253	0.00823
90	0.00697	0.00498	0.00664	0.00796	0.00830	0.00465	0.00531	0.00796	0.01095	0.01460	0.03153	0.79525	0.03783	0.01792	0.00730	0.00232	0.00332	0.01626	0.00531	0.00465
91	0.00832	0.00555	0.00624	0.00624	0.00624	0.00555	0.00347	0.00832	0.00832	0.01109	0.01802	0.03743	0.02080	0.79898	0.02911	0.00555	0.00555	0.00832	0.00347	0.00347
92	0.00832	0.00555	0.00624	0.00624	0.00624	0.00555	0.00347	0.00832	0.00832	0.01109	0.01802	0.03743	0.02080	0.79898	0.02911	0.00555	0.00555	0.00832	0.00347	0.00347
93	0.01107	0.01044	0.01764	0.72481	0.09770	0.01278	0.01602	0.01485	0.01157	0.01494	0.01021	0.01516	0.00774	0.00567	0.00571	0.00189	0.00756	0.00508	0.00256	0.00657
94	0.01219	0.01038	0.01223	0.03370	0.01454	0.00816	0.00722	0.04105	0.01240	0.01914	0.01030	0.01204	0.00849	0.00438	0.00434	0.00091	0.00442	0.00351	0.00345	0.77717
95	0.00718	0.00581	0.00637	0.00623	0.00798	0.00501	0.00467	0.00901	0.01402	0.01778	0.27679	0.05121	0.54068	0.01362	0.00676	0.00189	0.00284	0.01153	0.00562	0.00501
96	0.00688	0.00580	0.00597	0.00592	0.00780	0.00488	0.00444	0.00845	0.01333	0.01615	0.12333	0.05390	0.69516	0.01423	0.00676	0.00192	0.00288	0.01191	0.00540	0.00488
97	0.83938	0.01106	0.00841	0.00752	0.01106	0.01283	0.00619	0.01681	0.00973	0.02566	0.00796	0.00929	0.00619	0.00531	0.00354	0.00177	0.00442	0.00310	0.00354	0.00619
98	0.01910	0.01200	0.01370	0.01130	0.01521	0.01268	0.00906	0.14678	0.36703	0.26725	0.02100	0.01913	0.01479	0.00726	0.00572	0.00181	0.00492	0.00591	0.00613	0.03923
99	0.00810	0.00585	0.00765	0.00720	0.00855	0.00540	0.00540	0.01079	0.01619	0.02294	0.76028	0.04273	0.05397	0.01169	0.00675	0.00180	0.00270	0.01034	0.00630	0.00540
100	0.02174	0.01810	0.01641	0.01322	0.01733	0.20557	0.01062	0.47208	0.04952	0.09819	0.01368	0.01369	0.00983	0.00668	0.00559	0.00167	0.00710	0.00489	0.00516	0.00893
101	0.00887	0.00644	0.00874	0.00976	0.01114	0.00630	0.00838	0.01139	0.01344	0.01750	0.10095	0.06156	0.10631	0.01529	0.00768	0.00249	0.00480	0.58836	0.00537	0.00524
102	0.01461	0.66434	0.16207	0.01095	0.01648	0.02096	0.01181	0.01730	0.01170	0.01429	0.00837	0.00969	0.00732	0.00499	0.00399	0.00133	0.00653	0.00327	0.00244	0.00754
103	0.01461	0.66434	0.16207	0.01095	0.01648	0.02096	0.01181	0.01730	0.01170	0.01429	0.00837	0.00969	0.00732	0.00499	0.00399	0.00133	0.00653	0.00327	0.00244	0.00754
104	0.00886	0.00634	0.00874	0.00966	0.01094	0.00623	0.00817	0.01143	0.01375	0.01831	0.19477	0.09360	0.03789	0.01497	0.00761	0.00243	0.00460	0.53092	0.00550	0.00527
105	0.00813	0.00586	0.00793	0.00914	0.01009	0.00566	0.00725	0.01002	0.01231	0.01612	0.04848	0.36629	0.07413	0.01652	0.00757	0.00245	0.00428	0.37748	0.00531	0.00499
106	0.00712	0.00508	0.00681	0.00813	0.00853	0.00477	0.00557	0.00822	0.01110	0.01477	0.03144	0.74701	0.03751	0.01778	0.00734	0.00234	0.00345	0.06303	0.00531	0.00469
107	0.01147	0.02959	0.76934	0.01630	0.02476	0.01328	0.02113	0.01811	0.01208	0.01811	0.01026	0.01208	0.00725	0.00543	0.00543	0.00181	0.00845	0.00423	0.00242	0.00845
108	0.00968	0.00711	0.00956	0.01064	0.01213	0.00730	0.00920	0.01358	0.08204	0.01775	0.02963	0.06050	0.03148	0.01505	0.00771	0.00257	0.00520	0.65793	0.00532	0.00562
109	0.00731	0.00516	0.00666	0.00758	0.00795	0.00488	0.00499	0.00829	0.01097	0.01475	0.09695	0.58980	0.03629	0.15689	0.01115	0.00285	0.00366	0.01429	0.00507	0.00450
110	0.04306	0.00573	0.00630	0.00626	0.00762	0.00603	0.00478	0.01279	0.01129	0.01974	0.01750	0.02110	0.01425	0.01454	0.17294	0.00307	0.00550	0.00542	0.61678	0.00532
111	0.18614	0.01077	0.02645	0.00999	0.01413	0.01029	0.00830	0.02588	0.12987	0.48912	0.01953	0.01759	0.01295	0.00680	0.00531	0.00180	0.00479	0.00530	0.00609	0.00890
112	0.01408	0.01347	0.02271	0.05091	0.71991	0.01359	0.01721	0.01796	0.04000	0.01879	0.01120	0.01444	0.00934	0.00521	0.00567	0.00171	0.00673	0.00515	0.00293	0.00900

[dist]
# distance from previous block
# <min> <max>
0	1

# created by:
# /software/SequenceAnalysis/GenePrediction/augustus/3.0.1/scripts/msa2prfl.pl ./fixed/BUSCOvEOG7KD81S.fas
