[name]
unknown

[dist]
# distance from previous block
# <min> <max>
1	105

[block]
# block no. 0 follows, 41 sequences, length 28
# corresponding to MSA columns:
# 121-148
name=unknown_A
#
# <colnr> <probs for GDERKNQSTAVLIFYWHMCP>
#	G	D	E	R	K	N	Q	S	T	A	V	L	I	F	Y	W	H	M	C	P
0	0.01156	0.02905	0.74453	0.01693	0.04932	0.01329	0.02101	0.01810	0.01211	0.01813	0.01028	0.01215	0.00731	0.00542	0.00544	0.00181	0.00840	0.00426	0.00243	0.00847
1	0.00755	0.00522	0.00647	0.00722	0.00741	0.00503	0.00452	0.00812	0.00982	0.01310	0.02574	0.47057	0.03053	0.35255	0.01665	0.00370	0.00427	0.01286	0.00452	0.00414
2	0.01550	0.77565	0.02950	0.00996	0.01478	0.04865	0.00983	0.01732	0.01178	0.01348	0.00798	0.00921	0.00734	0.00493	0.00372	0.00123	0.00626	0.00308	0.00246	0.00732
3	0.01392	0.01506	0.02828	0.08140	0.26633	0.05287	0.41981	0.01804	0.01334	0.01796	0.01107	0.01475	0.00866	0.00503	0.00625	0.00183	0.00862	0.00594	0.00285	0.00800
4	0.02322	0.01945	0.01498	0.01274	0.01636	0.42706	0.00991	0.04411	0.01656	0.33731	0.01485	0.01433	0.01034	0.00643	0.00543	0.00161	0.00787	0.00461	0.00479	0.00804
5	0.02566	0.00973	0.01327	0.01018	0.01460	0.00841	0.00841	0.02788	0.01637	0.76726	0.02257	0.01947	0.01416	0.00708	0.00575	0.00177	0.00487	0.00575	0.00708	0.00973
6	0.01616	0.01325	0.01402	0.01203	0.01561	0.01513	0.00952	0.21377	0.56644	0.02704	0.02083	0.01939	0.01547	0.00753	0.00579	0.00188	0.00498	0.00613	0.00579	0.00923
7	0.01108	0.02123	0.44740	0.24062	0.02818	0.01257	0.06513	0.01638	0.01190	0.01685	0.01185	0.06953	0.00965	0.00638	0.00574	0.00188	0.00792	0.00551	0.00269	0.00752
8	0.01373	0.01423	0.02747	0.06254	0.41806	0.01393	0.32809	0.01776	0.01316	0.01836	0.01108	0.01475	0.00884	0.00501	0.00613	0.00181	0.00805	0.00580	0.00285	0.00837
9	0.00810	0.00585	0.00765	0.00720	0.00855	0.00540	0.00540	0.01079	0.01619	0.02294	0.76028	0.04273	0.05397	0.01169	0.00675	0.00180	0.00270	0.01034	0.00630	0.00540
10	0.01350	0.01522	0.03256	0.02442	0.07191	0.01452	0.67441	0.01811	0.01330	0.01818	0.01138	0.01525	0.00866	0.00502	0.00712	0.00194	0.03728	0.00659	0.00288	0.00774
11	0.01954	0.01256	0.01975	0.01627	0.07275	0.06009	0.22339	0.02275	0.02759	0.37984	0.01824	0.05187	0.01336	0.00693	0.00613	0.00184	0.00669	0.02674	0.00514	0.00854
12	0.00895	0.00650	0.00885	0.01003	0.01141	0.00640	0.00870	0.01146	0.01315	0.01694	0.03324	0.06351	0.11071	0.01566	0.00778	0.00256	0.00501	0.64864	0.00527	0.00522
13	0.00832	0.00555	0.00624	0.00624	0.00624	0.00555	0.00347	0.00832	0.00832	0.01109	0.01802	0.03743	0.02080	0.79898	0.02911	0.00555	0.00555	0.00832	0.00347	0.00347
14	0.01273	0.10612	0.17685	0.12276	0.03376	0.01403	0.01262	0.02201	0.32750	0.01940	0.01861	0.02014	0.05026	0.00721	0.00559	0.00184	0.00598	0.03046	0.00414	0.00800
15	0.01884	0.04936	0.20979	0.01303	0.01805	0.01153	0.05955	0.02222	0.01397	0.39220	0.01746	0.01713	0.03223	0.00694	0.00707	0.00185	0.08983	0.00541	0.00487	0.00866
16	0.00677	0.00574	0.00585	0.00593	0.00776	0.00482	0.00441	0.00819	0.01290	0.01540	0.05624	0.10293	0.71420	0.01471	0.00680	0.00196	0.00292	0.01234	0.00531	0.00482
17	0.01529	0.80242	0.02997	0.00979	0.01468	0.02263	0.00979	0.01713	0.01162	0.01346	0.00795	0.00918	0.00734	0.00489	0.00367	0.00122	0.00612	0.00306	0.00245	0.00734
18	0.01176	0.05390	0.60670	0.09390	0.08688	0.01359	0.01991	0.01769	0.01207	0.01765	0.01021	0.01246	0.00744	0.00542	0.00542	0.00179	0.00815	0.00434	0.00246	0.00826
19	0.04797	0.03908	0.07943	0.00868	0.01008	0.00663	0.00689	0.00973	0.01084	0.01517	0.02649	0.59811	0.03100	0.07178	0.00837	0.00244	0.00413	0.01340	0.00471	0.00510
20	0.00697	0.00498	0.00664	0.00796	0.00830	0.00465	0.00531	0.00796	0.01095	0.01460	0.03153	0.79525	0.03783	0.01792	0.00730	0.00232	0.00332	0.01626	0.00531	0.00465
21	0.00818	0.00609	0.00898	0.00898	0.00993	0.00703	0.00688	0.01008	0.00913	0.01312	0.01552	0.02355	0.01477	0.09726	0.72259	0.00893	0.01462	0.00629	0.00309	0.00499
22	0.01147	0.02959	0.76934	0.01630	0.02476	0.01328	0.02113	0.01811	0.01208	0.01811	0.01026	0.01208	0.00725	0.00543	0.00543	0.00181	0.00845	0.00423	0.00242	0.00845
23	0.12362	0.01502	0.06385	0.07246	0.09097	0.01400	0.49914	0.01780	0.01275	0.01908	0.01086	0.01433	0.00824	0.00500	0.00610	0.00188	0.00851	0.00589	0.00293	0.00757
24	0.05330	0.01386	0.06187	0.14404	0.56372	0.01343	0.03283	0.01713	0.01259	0.01838	0.01053	0.01400	0.00860	0.00521	0.00558	0.00174	0.00696	0.00499	0.00280	0.00846
25	0.12019	0.00882	0.05746	0.00875	0.01093	0.00773	0.00697	0.05573	0.03796	0.01858	0.02421	0.43672	0.05321	0.01260	0.00611	0.00198	0.00406	0.01097	0.03527	0.08174
26	0.06233	0.01643	0.04396	0.02665	0.01757	0.06575	0.01082	0.58894	0.02386	0.03241	0.01314	0.01358	0.00948	0.00664	0.00549	0.00169	0.00641	0.00492	0.04089	0.00905
27	0.15046	0.00776	0.00871	0.00806	0.01026	0.00787	0.00632	0.01504	0.09484	0.07669	0.38820	0.03562	0.09833	0.01038	0.00611	0.00188	0.00354	0.05805	0.00568	0.00619

[dist]
# distance from previous block
# <min> <max>
0	2

[block]
# block no. 1 follows, 41 sequences, length 20
# corresponding to MSA columns:
# 151-170
name=unknown_B
#
# <colnr> <probs for GDERKNQSTAVLIFYWHMCP>
#	G	D	E	R	K	N	Q	S	T	A	V	L	I	F	Y	W	H	M	C	P
0	0.01141	0.01103	0.01615	0.01387	0.01455	0.01430	0.06565	0.01297	0.00968	0.01424	0.01389	0.05355	0.05512	0.05648	0.05068	0.00290	0.53155	0.04299	0.00304	0.00595
1	0.01225	0.00982	0.01086	0.01014	0.01261	0.01083	0.00771	0.02293	0.47306	0.04721	0.11373	0.16786	0.05598	0.01035	0.00624	0.00199	0.00403	0.00894	0.00580	0.00766
2	0.04922	0.01497	0.09064	0.07798	0.47607	0.01373	0.13600	0.01740	0.01265	0.01847	0.01059	0.01399	0.00857	0.00527	0.00611	0.00179	0.03011	0.00520	0.00281	0.00841
3	0.35526	0.01367	0.01322	0.01062	0.01469	0.01532	0.00875	0.42356	0.01944	0.03115	0.01279	0.01324	0.03230	0.00647	0.00486	0.00175	0.00542	0.00453	0.00482	0.00813
4	0.00697	0.00498	0.00664	0.00796	0.00830	0.00465	0.00531	0.00796	0.01095	0.01460	0.03153	0.79525	0.03783	0.01792	0.00730	0.00232	0.00332	0.01626	0.00531	0.00465
5	0.01326	0.01578	0.07337	0.06105	0.06701	0.01436	0.60634	0.01795	0.01315	0.01800	0.01126	0.01507	0.00853	0.00508	0.00695	0.00193	0.03397	0.00639	0.00283	0.00771
6	0.01244	0.19563	0.56881	0.01593	0.06301	0.01532	0.01849	0.01787	0.01203	0.01714	0.00979	0.01156	0.00737	0.00530	0.00507	0.00168	0.00786	0.00402	0.00244	0.00825
7	0.01147	0.02959	0.76934	0.01630	0.02476	0.01328	0.02113	0.01811	0.01208	0.01811	0.01026	0.01208	0.00725	0.00543	0.00543	0.00181	0.00845	0.00423	0.00242	0.00845
8	0.01066	0.00533	0.00533	0.00533	0.00666	0.00533	0.00400	0.01333	0.01200	0.02132	0.01866	0.02132	0.01466	0.00666	0.00400	0.00133	0.00267	0.00533	0.83073	0.00533
9	0.01330	0.01499	0.03208	0.06940	0.02984	0.01449	0.66851	0.01791	0.01318	0.01791	0.01132	0.01530	0.00857	0.00509	0.00719	0.00195	0.04198	0.00658	0.00286	0.00757
10	0.01326	0.01709	0.11992	0.02319	0.02929	0.01433	0.65803	0.01830	0.01333	0.01830	0.01142	0.01504	0.00851	0.00489	0.00660	0.00191	0.00950	0.00645	0.00284	0.00780
11	0.00994	0.00497	0.00745	0.00745	0.00745	0.00497	0.00497	0.00745	0.00745	0.00994	0.00994	0.01739	0.00994	0.01987	0.02235	0.83358	0.00497	0.00497	0.00248	0.00248
12	0.01679	0.01128	0.01272	0.01102	0.01445	0.01225	0.00868	0.02865	0.52421	0.21279	0.06466	0.02207	0.01868	0.00781	0.00586	0.00189	0.00451	0.00650	0.00617	0.00902
13	0.01853	0.01154	0.01305	0.03229	0.01470	0.01228	0.00862	0.30259	0.12357	0.18371	0.01796	0.01850	0.01310	0.04069	0.00641	0.00186	0.00506	0.00563	0.16145	0.00844
14	0.01860	0.01453	0.01644	0.17761	0.02176	0.04121	0.01157	0.50315	0.05285	0.02960	0.01342	0.01459	0.00974	0.00662	0.00563	0.00174	0.00648	0.00515	0.04062	0.00869
15	0.00832	0.00555	0.00624	0.00624	0.00624	0.00555	0.00347	0.00832	0.00832	0.01109	0.01802	0.03743	0.02080	0.79898	0.02911	0.00555	0.00555	0.00832	0.00347	0.00347
16	0.01186	0.01017	0.01186	0.00847	0.01356	0.00762	0.00678	0.01440	0.01186	0.01864	0.01017	0.01186	0.00847	0.00424	0.00424	0.00085	0.00424	0.00339	0.00339	0.83395
17	0.01251	0.01251	0.01752	0.01502	0.01502	0.01752	0.01251	0.01377	0.00876	0.01377	0.00751	0.01251	0.00751	0.01001	0.01877	0.00250	0.78851	0.00501	0.00250	0.00626
18	0.00697	0.00498	0.00664	0.00796	0.00830	0.00465	0.00531	0.00796	0.01095	0.01460	0.03153	0.79525	0.03783	0.01792	0.00730	0.00232	0.00332	0.01626	0.00531	0.00465
19	0.01243	0.01129	0.01811	0.76635	0.03987	0.01353	0.01635	0.01572	0.01245	0.01615	0.01178	0.01740	0.00918	0.00679	0.00640	0.00220	0.00810	0.00559	0.00311	0.00719

[dist]
# distance from previous block
# <min> <max>
0	103

[block]
# block no. 2 follows, 41 sequences, length 7
# corresponding to MSA columns:
# 278-284
name=unknown_C
#
# <colnr> <probs for GDERKNQSTAVLIFYWHMCP>
#	G	D	E	R	K	N	Q	S	T	A	V	L	I	F	Y	W	H	M	C	P
0	0.01260	0.17263	0.45462	0.01445	0.04629	0.05819	0.01613	0.01710	0.01261	0.01698	0.01640	0.01765	0.10696	0.00678	0.00542	0.00176	0.00743	0.00516	0.00298	0.00785
1	0.01303	0.19834	0.50364	0.01754	0.12000	0.01557	0.01823	0.01805	0.01232	0.01748	0.01018	0.01221	0.00785	0.00551	0.00523	0.00173	0.00782	0.00420	0.00260	0.00846
2	0.31488	0.02002	0.35012	0.01356	0.01946	0.01337	0.07694	0.05847	0.01244	0.02218	0.01092	0.01411	0.00853	0.00609	0.00513	0.00190	0.00693	0.03397	0.00330	0.00768
3	0.01005	0.00685	0.00791	0.00794	0.00881	0.00709	0.00536	0.01316	0.14883	0.01571	0.02105	0.18889	0.02166	0.26939	0.01606	0.12479	0.00456	0.00887	0.10797	0.00505
4	0.01151	0.01577	0.20511	0.03835	0.01855	0.01388	0.08874	0.01457	0.01056	0.01572	0.01225	0.11619	0.01181	0.00913	0.01178	0.00219	0.35918	0.00649	0.03152	0.00671
5	0.32909	0.01565	0.15501	0.06703	0.02156	0.01317	0.24081	0.01799	0.01182	0.06237	0.01047	0.01269	0.00770	0.00530	0.00516	0.00184	0.00703	0.00473	0.00326	0.00729
6	0.06332	0.18788	0.14172	0.07984	0.23891	0.04682	0.01399	0.01863	0.09603	0.01767	0.01117	0.01329	0.00902	0.00597	0.00560	0.02807	0.00667	0.00448	0.00303	0.00789

[dist]
# distance from previous block
# <min> <max>
0	2

[block]
# block no. 3 follows, 41 sequences, length 58
# corresponding to MSA columns:
# 287-344
name=unknown_D
#
# <colnr> <probs for GDERKNQSTAVLIFYWHMCP>
#	G	D	E	R	K	N	Q	S	T	A	V	L	I	F	Y	W	H	M	C	P
0	0.13528	0.01734	0.29791	0.04093	0.01827	0.01170	0.05559	0.08593	0.01333	0.02115	0.06076	0.08371	0.01393	0.00729	0.00568	0.00182	0.02380	0.00592	0.09243	0.00723
1	0.01776	0.00967	0.01189	0.00974	0.01306	0.00923	0.00776	0.17458	0.01763	0.30679	0.16736	0.11206	0.05511	0.00937	0.00610	0.00179	0.00447	0.00788	0.00618	0.05156
2	0.02034	0.01579	0.16885	0.06166	0.01922	0.01265	0.01225	0.23701	0.04182	0.32612	0.01672	0.01612	0.01117	0.00665	0.00570	0.00179	0.00620	0.00526	0.00541	0.00926
3	0.01541	0.01137	0.01292	0.05991	0.01563	0.01220	0.00888	0.21817	0.23679	0.07218	0.01927	0.11674	0.01607	0.00825	0.00570	0.00177	0.00492	0.00685	0.06872	0.08826
4	0.05943	0.15475	0.38703	0.06303	0.04159	0.01455	0.01552	0.08333	0.01332	0.01926	0.04989	0.01401	0.01035	0.00759	0.04128	0.00206	0.00757	0.00456	0.00306	0.00784
5	0.01382	0.01229	0.01946	0.29600	0.36668	0.01341	0.01542	0.11366	0.01406	0.01916	0.01096	0.01473	0.00874	0.00637	0.00659	0.04563	0.00694	0.00511	0.00312	0.00787
6	0.01195	0.01241	0.02441	0.30924	0.05324	0.01281	0.36780	0.01595	0.01249	0.01666	0.01279	0.08358	0.01089	0.00634	0.00635	0.00194	0.00815	0.00686	0.00300	0.02315
7	0.01406	0.01413	0.02078	0.14301	0.46593	0.08087	0.01592	0.01699	0.01240	0.01690	0.01002	0.01379	0.00849	0.00610	0.00780	0.00185	0.13522	0.00497	0.00276	0.00801
8	0.00862	0.00699	0.01009	0.09112	0.05391	0.00758	0.00823	0.01019	0.01110	0.01501	0.02548	0.52172	0.02941	0.01493	0.00837	0.00230	0.08974	0.07529	0.00459	0.00532
9	0.61772	0.01017	0.00829	0.00741	0.01055	0.01155	0.00602	0.05707	0.01121	0.02537	0.01060	0.01216	0.00823	0.00572	0.00378	0.00168	0.00418	0.00370	0.17835	0.00624
10	0.00810	0.00604	0.00858	0.00891	0.00966	0.00669	0.00666	0.00969	0.00980	0.01371	0.02037	0.23206	0.02181	0.09374	0.45071	0.00655	0.03554	0.04265	0.00380	0.00493
11	0.01191	0.01020	0.01190	0.00851	0.01359	0.00766	0.00680	0.01444	0.01189	0.01868	0.01022	0.01193	0.00852	0.00427	0.00426	0.00086	0.00425	0.00341	0.00341	0.83328
12	0.01278	0.01072	0.01236	0.00892	0.01396	0.00854	0.00716	0.07832	0.01321	0.02021	0.01053	0.01210	0.00863	0.00450	0.00439	0.00093	0.00443	0.00356	0.00361	0.76114
13	0.00717	0.00585	0.00633	0.00621	0.00799	0.00501	0.00465	0.00894	0.01391	0.01750	0.24581	0.05179	0.57130	0.01377	0.00678	0.00191	0.00286	0.01162	0.00559	0.00501
14	0.02335	0.01291	0.01518	0.01168	0.01612	0.01314	0.00963	0.39346	0.02177	0.37836	0.03279	0.01707	0.01273	0.00710	0.00578	0.00175	0.00557	0.00555	0.00639	0.00967
15	0.01191	0.01020	0.01190	0.00851	0.01359	0.00766	0.00680	0.01444	0.01189	0.01868	0.01022	0.01193	0.00852	0.00427	0.00426	0.00086	0.00425	0.00341	0.00341	0.83328
16	0.00940	0.00694	0.00927	0.01013	0.07443	0.00736	0.00633	0.04103	0.00986	0.01363	0.01630	0.02919	0.01706	0.42986	0.28838	0.00633	0.00914	0.00715	0.00338	0.00483
17	0.01066	0.00897	0.01214	0.21718	0.01870	0.04553	0.00985	0.05036	0.01130	0.01562	0.01355	0.01904	0.01173	0.02472	0.39210	0.00551	0.04614	0.00558	0.07550	0.00585
18	0.01072	0.00537	0.00537	0.00537	0.00671	0.00536	0.00402	0.01336	0.01203	0.02137	0.01870	0.02139	0.01471	0.00670	0.00402	0.00134	0.00269	0.00535	0.83006	0.00536
19	0.01001	0.00816	0.01244	0.21970	0.08484	0.00878	0.01152	0.01295	0.01272	0.01655	0.02454	0.04651	0.05857	0.01213	0.00709	0.00233	0.00594	0.43497	0.00434	0.00590
20	0.01333	0.01263	0.02177	0.17650	0.53602	0.01305	0.06259	0.01684	0.01273	0.01807	0.01118	0.01491	0.00912	0.00532	0.00567	0.00174	0.00693	0.00523	0.04809	0.00828
21	0.01221	0.12363	0.52379	0.05946	0.02428	0.01480	0.08595	0.01761	0.01197	0.01716	0.00999	0.01230	0.00748	0.00561	0.00610	0.00180	0.05091	0.00442	0.00249	0.00803
22	0.04679	0.37188	0.02092	0.01006	0.01468	0.01541	0.00908	0.04897	0.01441	0.37205	0.01515	0.01430	0.01067	0.00605	0.00475	0.00153	0.00549	0.00443	0.00482	0.00855
23	0.00800	0.00588	0.00747	0.00707	0.00849	0.00536	0.00530	0.01053	0.01586	0.02212	0.67870	0.04419	0.13553	0.01205	0.00677	0.00182	0.00274	0.01056	0.00620	0.00536
24	0.00703	0.00502	0.00668	0.00800	0.00834	0.00468	0.00533	0.00801	0.01098	0.01465	0.03156	0.79467	0.03786	0.01794	0.00732	0.00233	0.00334	0.01627	0.00533	0.00467
25	0.13199	0.22242	0.01740	0.00997	0.01441	0.01351	0.00868	0.07535	0.01500	0.41253	0.01610	0.01500	0.01099	0.00628	0.00492	0.00163	0.00526	0.00465	0.00528	0.00864
26	0.00883	0.04381	0.01017	0.00922	0.01015	0.00821	0.00708	0.01049	0.01010	0.01433	0.05982	0.18595	0.02087	0.06870	0.39489	0.00585	0.09028	0.00835	0.02770	0.00520
27	0.00777	0.00563	0.00735	0.00768	0.00870	0.00522	0.00562	0.00978	0.01399	0.01925	0.41531	0.31207	0.07985	0.01436	0.00705	0.00206	0.00313	0.06421	0.00584	0.00512
28	0.00837	0.00559	0.00628	0.00628	0.00628	0.00558	0.00349	0.00836	0.00835	0.01114	0.01807	0.03748	0.02083	0.79835	0.02912	0.00555	0.00556	0.00833	0.00348	0.00350
29	0.01534	0.80180	0.02999	0.00982	0.01472	0.02265	0.00981	0.01716	0.01165	0.01351	0.00801	0.00925	0.00739	0.00493	0.00369	0.00123	0.00613	0.00308	0.00247	0.00737
30	0.01692	0.51115	0.03548	0.01150	0.01566	0.24308	0.01033	0.03025	0.01320	0.01415	0.00938	0.01071	0.02245	0.00561	0.00470	0.00138	0.03066	0.00355	0.00272	0.00713
31	0.00818	0.00590	0.00772	0.00731	0.00866	0.00546	0.00551	0.01086	0.01615	0.02285	0.74330	0.04326	0.05351	0.01182	0.00679	0.00183	0.00278	0.02642	0.00629	0.00542
32	0.00999	0.00501	0.00749	0.00749	0.00749	0.00500	0.00499	0.00749	0.00749	0.00999	0.00999	0.01746	0.00998	0.01989	0.02236	0.83290	0.00499	0.00498	0.00250	0.00251
33	0.01692	0.01324	0.01669	0.32310	0.02600	0.01521	0.01261	0.41922	0.02007	0.02684	0.01256	0.01474	0.00914	0.00643	0.00567	0.00179	0.00669	0.00515	0.03973	0.00821
34	0.03955	0.01910	0.27043	0.02638	0.38426	0.01362	0.12799	0.01786	0.01271	0.01871	0.01068	0.01358	0.00836	0.00521	0.00571	0.00178	0.00771	0.00501	0.00274	0.00859
35	0.00987	0.00612	0.00806	0.00784	0.00929	0.00560	0.00583	0.01200	0.01466	0.10607	0.43847	0.24236	0.06411	0.01306	0.00684	0.00197	0.00322	0.03285	0.00608	0.00570
36	0.00751	0.00555	0.00700	0.00729	0.00836	0.00505	0.00521	0.00934	0.01373	0.01860	0.36924	0.32826	0.16464	0.01453	0.00698	0.00203	0.00298	0.01287	0.00578	0.00505
37	0.53481	0.06012	0.01245	0.00948	0.01340	0.02801	0.00789	0.23104	0.01504	0.02783	0.00973	0.01068	0.00737	0.00579	0.00424	0.00173	0.00520	0.00373	0.00412	0.00734
38	0.01046	0.00533	0.00597	0.00597	0.00702	0.00537	0.00436	0.01203	0.01098	0.01870	0.01678	0.02063	0.01372	0.01093	0.04051	0.17186	0.00369	0.00531	0.62562	0.00477
39	0.00880	0.00635	0.00867	0.00986	0.01110	0.00623	0.00834	0.01113	0.01296	0.01685	0.04668	0.15920	0.08029	0.01594	0.00775	0.00254	0.00483	0.57200	0.00531	0.00519
40	0.04580	0.02445	0.53061	0.01957	0.14531	0.01331	0.08275	0.01829	0.01241	0.03941	0.01076	0.01288	0.00787	0.00540	0.00554	0.00181	0.00804	0.00460	0.00272	0.00846
41	0.01268	0.09156	0.40806	0.01890	0.02597	0.01460	0.31041	0.01814	0.01264	0.01784	0.01064	0.01324	0.00788	0.00518	0.00583	0.00182	0.00874	0.00516	0.00263	0.00808
42	0.00703	0.00502	0.00668	0.00800	0.00834	0.00468	0.00533	0.00801	0.01098	0.01465	0.03156	0.79467	0.03786	0.01794	0.00732	0.00233	0.00334	0.01627	0.00533	0.00467
43	0.00988	0.00811	0.00897	0.00850	0.01061	0.00838	0.00643	0.01690	0.27991	0.02048	0.23102	0.10446	0.24054	0.01165	0.00649	0.00194	0.00349	0.00997	0.00577	0.00651
44	0.01179	0.01086	0.01903	0.49973	0.03242	0.01232	0.16233	0.04206	0.01253	0.01708	0.01174	0.01609	0.00888	0.00574	0.00573	0.00184	0.00736	0.00547	0.11035	0.00665
45	0.01592	0.01389	0.01753	0.31853	0.09561	0.06379	0.01350	0.27130	0.05028	0.02287	0.01188	0.01449	0.00896	0.00643	0.00642	0.00184	0.04985	0.00509	0.00387	0.00795
46	0.01244	0.01236	0.01730	0.01487	0.01491	0.01723	0.01237	0.01370	0.00881	0.01380	0.00780	0.01288	0.00776	0.01102	0.04136	0.00271	0.76483	0.00506	0.00254	0.00625
47	0.00999	0.00501	0.00749	0.00749	0.00749	0.00500	0.00499	0.00749	0.00749	0.00999	0.00999	0.01746	0.00998	0.01989	0.02236	0.83290	0.00499	0.00498	0.00250	0.00251
48	0.01177	0.07873	0.72175	0.01592	0.02414	0.01390	0.02042	0.01808	0.01208	0.01787	0.01017	0.01196	0.00730	0.00543	0.00534	0.00178	0.00832	0.00417	0.00244	0.00841
49	0.59990	0.01163	0.07474	0.00817	0.01169	0.01150	0.00731	0.01599	0.01042	0.02378	0.03744	0.01287	0.00946	0.00785	0.04741	0.00216	0.00516	0.00389	0.09239	0.00624
50	0.01154	0.00770	0.00868	0.00786	0.00942	0.00802	0.00569	0.14561	0.01313	0.01921	0.01736	0.05914	0.01657	0.27762	0.11148	0.00385	0.00603	0.00682	0.22368	0.04061
51	0.01738	0.00889	0.01107	0.00927	0.01250	0.00840	0.00738	0.02215	0.15110	0.37287	0.18722	0.02947	0.11882	0.00918	0.00613	0.00184	0.00410	0.00770	0.00647	0.00807
52	0.01955	0.01438	0.01561	0.01241	0.01635	0.01578	0.01005	0.63240	0.02450	0.03284	0.01647	0.13189	0.01402	0.00857	0.00598	0.00182	0.00586	0.00685	0.00568	0.00898
53	0.01523	0.63647	0.06257	0.01088	0.01540	0.02139	0.01069	0.05778	0.01223	0.01503	0.00839	0.01000	0.00754	0.00562	0.00551	0.00143	0.09029	0.00346	0.00265	0.00744
54	0.01529	0.80242	0.02997	0.00979	0.01468	0.02263	0.00979	0.01713	0.01162	0.01346	0.00795	0.00918	0.00734	0.00489	0.00367	0.00122	0.00612	0.00306	0.00245	0.00734
55	0.01171	0.07782	0.72320	0.01590	0.02413	0.01387	0.02043	0.01805	0.01205	0.01782	0.01012	0.01190	0.00725	0.00540	0.00532	0.00177	0.00831	0.00415	0.00242	0.00838
56	0.01815	0.01518	0.01853	0.09874	0.22143	0.05740	0.01311	0.39538	0.05923	0.02730	0.01280	0.01422	0.00961	0.00626	0.00568	0.00173	0.00669	0.00512	0.00447	0.00899
57	0.01802	0.03645	0.01496	0.01314	0.01575	0.49722	0.01006	0.07694	0.02649	0.01606	0.01595	0.05725	0.09298	0.00793	0.00667	0.00168	0.07676	0.00554	0.00355	0.00659

[dist]
# distance from previous block
# <min> <max>
0	3

[block]
# block no. 4 follows, 41 sequences, length 11
# corresponding to MSA columns:
# 348-358
name=unknown_E
#
# <colnr> <probs for GDERKNQSTAVLIFYWHMCP>
#	G	D	E	R	K	N	Q	S	T	A	V	L	I	F	Y	W	H	M	C	P
0	0.00885	0.00590	0.00748	0.00737	0.00878	0.00532	0.00541	0.01086	0.01431	0.07357	0.39823	0.23779	0.16767	0.01345	0.00682	0.00196	0.00305	0.01184	0.00593	0.00542
1	0.05023	0.01602	0.18037	0.01436	0.08319	0.01257	0.01247	0.20915	0.03971	0.27386	0.01630	0.04020	0.01160	0.00679	0.00563	0.00178	0.00612	0.00546	0.00511	0.00908
2	0.01179	0.00979	0.01048	0.00878	0.01217	0.03627	0.00684	0.01733	0.19120	0.05203	0.11178	0.02772	0.18537	0.00844	0.00558	0.00153	0.00407	0.00700	0.00489	0.28692
3	0.01697	0.01075	0.01289	0.01180	0.05515	0.01119	0.00879	0.06246	0.33662	0.24500	0.11019	0.02398	0.05220	0.00812	0.00594	0.00185	0.00456	0.00681	0.00606	0.00868
4	0.01090	0.01008	0.01709	0.56315	0.05485	0.01166	0.07570	0.01447	0.01168	0.01561	0.01228	0.07051	0.01032	0.00647	0.00575	0.00185	0.00703	0.00595	0.04848	0.04618
5	0.08130	0.01268	0.08066	0.04851	0.01713	0.01058	0.07136	0.10405	0.03522	0.07599	0.01367	0.08056	0.01151	0.00635	0.00517	0.00148	0.00547	0.00539	0.00402	0.32889
6	0.11859	0.45010	0.08839	0.01034	0.01507	0.06437	0.01007	0.01878	0.01253	0.12003	0.03756	0.01216	0.00983	0.00560	0.00430	0.00145	0.00607	0.00384	0.00339	0.00751
7	0.01829	0.01300	0.01436	0.01132	0.01518	0.01370	0.00910	0.45174	0.05209	0.08113	0.01550	0.01919	0.01251	0.10891	0.00864	0.00215	0.00573	0.03254	0.00523	0.10968
8	0.22387	0.01624	0.22652	0.07703	0.02092	0.01203	0.17595	0.01595	0.01175	0.01933	0.01566	0.07148	0.07581	0.00697	0.00551	0.00188	0.00677	0.00611	0.00328	0.00695
9	0.02011	0.01770	0.01658	0.07638	0.01924	0.18461	0.01116	0.46245	0.08716	0.02836	0.01320	0.01377	0.00971	0.00664	0.00561	0.00170	0.00714	0.00494	0.00486	0.00871
10	0.01487	0.01195	0.01348	0.00990	0.01483	0.01070	0.00802	0.23646	0.01643	0.02394	0.01125	0.01243	0.00885	0.00504	0.00469	0.00111	0.00486	0.00392	0.00410	0.58317

[dist]
# distance from previous block
# <min> <max>
0	1

[block]
# block no. 5 follows, 41 sequences, length 7
# corresponding to MSA columns:
# 360-366
name=unknown_F
#
# <colnr> <probs for GDERKNQSTAVLIFYWHMCP>
#	G	D	E	R	K	N	Q	S	T	A	V	L	I	F	Y	W	H	M	C	P
0	0.00949	0.00763	0.01139	0.01057	0.01247	0.00749	0.08807	0.01345	0.08093	0.01992	0.31493	0.11605	0.03760	0.01245	0.00708	0.00214	0.00449	0.23253	0.00546	0.00587
1	0.00981	0.00825	0.01234	0.01073	0.01314	0.00746	0.11428	0.05138	0.01240	0.01721	0.02295	0.46672	0.02559	0.01240	0.00646	0.00191	0.00461	0.01144	0.00456	0.18635
2	0.01281	0.01024	0.01005	0.00932	0.01099	0.08948	0.00673	0.19296	0.01492	0.01961	0.02032	0.26696	0.02148	0.20189	0.01167	0.00278	0.00528	0.00929	0.07735	0.00589
3	0.09366	0.10770	0.34613	0.01448	0.02078	0.01517	0.08067	0.18248	0.01547	0.05521	0.01123	0.01249	0.00815	0.00570	0.00526	0.00173	0.00728	0.00449	0.00352	0.00839
4	0.09164	0.01227	0.01329	0.08012	0.01669	0.09044	0.03705	0.04146	0.05216	0.01913	0.01214	0.04300	0.01047	0.00583	0.00487	0.00134	0.00550	0.02799	0.00360	0.43102
5	0.01035	0.00978	0.01661	0.01357	0.01598	0.00990	0.21049	0.01279	0.01195	0.01682	0.09655	0.28465	0.02323	0.01083	0.00865	0.00203	0.13489	0.00973	0.00407	0.09715
6	0.01303	0.01090	0.01248	0.00914	0.01407	0.00905	0.00733	0.09225	0.05387	0.02076	0.01126	0.01258	0.00909	0.00471	0.00448	0.00100	0.00447	0.00374	0.00377	0.70203

[dist]
# distance from previous block
# <min> <max>
0	1

[block]
# block no. 6 follows, 41 sequences, length 10
# corresponding to MSA columns:
# 368-377
name=unknown_G
#
# <colnr> <probs for GDERKNQSTAVLIFYWHMCP>
#	G	D	E	R	K	N	Q	S	T	A	V	L	I	F	Y	W	H	M	C	P
0	0.01014	0.00720	0.00874	0.00899	0.01040	0.00737	0.00647	0.01516	0.19919	0.06827	0.07580	0.49883	0.03213	0.01422	0.00679	0.00216	0.00369	0.01270	0.00562	0.00615
1	0.00793	0.00575	0.00752	0.00752	0.00871	0.00533	0.00562	0.01029	0.01495	0.02079	0.55507	0.17594	0.07465	0.01318	0.00693	0.00196	0.00300	0.06360	0.00601	0.00524
2	0.00706	0.00502	0.00661	0.00785	0.00816	0.00471	0.00519	0.00799	0.01077	0.01437	0.03062	0.74432	0.03669	0.07041	0.00877	0.00254	0.00347	0.01573	0.00519	0.00457
3	0.01186	0.01017	0.01186	0.00847	0.01356	0.00762	0.00678	0.01440	0.01186	0.01864	0.01017	0.01186	0.00847	0.00424	0.00424	0.00085	0.00424	0.00339	0.00339	0.83395
4	0.01170	0.01081	0.01700	0.45280	0.17001	0.01163	0.01397	0.01512	0.01184	0.01637	0.01028	0.01421	0.00810	0.00524	0.00534	0.00161	0.00664	0.00467	0.00280	0.20985
5	0.00782	0.00562	0.00744	0.00769	0.00871	0.00525	0.00566	0.00997	0.01429	0.01983	0.47189	0.28533	0.04722	0.01400	0.00701	0.00203	0.00309	0.06611	0.00590	0.00515
6	0.16930	0.06055	0.01271	0.00869	0.01344	0.01024	0.00714	0.06476	0.01247	0.02083	0.00985	0.01133	0.00806	0.00466	0.00417	0.00110	0.00453	0.00343	0.00352	0.56921
7	0.01341	0.01516	0.03227	0.02328	0.02853	0.01474	0.67574	0.01791	0.01307	0.01791	0.01120	0.01516	0.00857	0.00530	0.00785	0.00198	0.08090	0.00659	0.00286	0.00758
8	0.01937	0.01535	0.01546	0.01242	0.01625	0.07328	0.00994	0.51600	0.13272	0.03029	0.01518	0.01678	0.01172	0.07940	0.00783	0.00208	0.00627	0.00553	0.00532	0.00882
9	0.01308	0.01249	0.02128	0.27530	0.53151	0.01331	0.01702	0.01661	0.01252	0.01738	0.01057	0.01451	0.00860	0.00530	0.00568	0.00177	0.00706	0.00509	0.00274	0.00819

[dist]
# distance from previous block
# <min> <max>
5	41

[block]
# block no. 7 follows, 41 sequences, length 12
# corresponding to MSA columns:
# 419-430
name=unknown_H
#
# <colnr> <probs for GDERKNQSTAVLIFYWHMCP>
#	G	D	E	R	K	N	Q	S	T	A	V	L	I	F	Y	W	H	M	C	P
0	0.04470	0.01260	0.01395	0.01104	0.01512	0.09440	0.00897	0.10312	0.03649	0.47027	0.01804	0.01668	0.01205	0.00679	0.00607	0.00169	0.03965	0.00518	0.00584	0.07735
1	0.12368	0.01499	0.01495	0.01185	0.01608	0.09802	0.00966	0.38622	0.02083	0.22517	0.01481	0.01432	0.01020	0.00662	0.00540	0.00171	0.00613	0.00489	0.00551	0.00895
2	0.44514	0.01109	0.01113	0.05948	0.01435	0.01215	0.00787	0.12871	0.01419	0.16048	0.07390	0.01496	0.01222	0.00642	0.00468	0.00177	0.00485	0.00462	0.00468	0.00732
3	0.01424	0.01191	0.01500	0.01282	0.01470	0.01463	0.01042	0.05137	0.22694	0.08043	0.01474	0.04623	0.01230	0.00888	0.01190	0.00212	0.37642	0.00583	0.00416	0.06496
4	0.01319	0.01448	0.02927	0.02123	0.02620	0.01410	0.56848	0.01731	0.01272	0.01778	0.01090	0.01466	0.00851	0.00542	0.00801	0.00188	0.10845	0.00616	0.00290	0.09835
5	0.01162	0.01074	0.01595	0.18896	0.02120	0.01067	0.09009	0.01451	0.01139	0.01674	0.01037	0.01385	0.00859	0.00802	0.06050	0.00199	0.09835	0.00453	0.00301	0.39895
6	0.02137	0.02726	0.01621	0.01474	0.01768	0.77602	0.01105	0.02284	0.01621	0.01400	0.00884	0.01031	0.00737	0.00589	0.00516	0.00147	0.01031	0.00368	0.00295	0.00663
7	0.00812	0.00556	0.00739	0.00791	0.00882	0.00517	0.00569	0.00990	0.01325	0.04121	0.30725	0.43900	0.04290	0.01509	0.00708	0.00213	0.00326	0.05942	0.00574	0.00513
8	0.02076	0.02580	0.01634	0.01470	0.01750	0.69422	0.01115	0.04961	0.01609	0.01482	0.00893	0.01060	0.00747	0.00622	0.00613	0.00155	0.06454	0.00383	0.00302	0.00672
9	0.49031	0.26171	0.01605	0.00903	0.01293	0.09980	0.00786	0.01757	0.01104	0.02054	0.00806	0.00937	0.00668	0.00524	0.00376	0.00157	0.00560	0.00315	0.00313	0.00660
10	0.00697	0.00498	0.00664	0.00796	0.00830	0.00465	0.00531	0.00796	0.01095	0.01460	0.03153	0.79525	0.03783	0.01792	0.00730	0.00232	0.00332	0.01626	0.00531	0.00465
11	0.00745	0.00553	0.00689	0.00775	0.00874	0.00508	0.00572	0.00874	0.01186	0.01513	0.03850	0.39927	0.25790	0.01655	0.00788	0.03748	0.00362	0.14599	0.00518	0.00473

[dist]
# distance from previous block
# <min> <max>
0	1

[block]
# block no. 8 follows, 41 sequences, length 17
# corresponding to MSA columns:
# 432-448
name=unknown_I
#
# <colnr> <probs for GDERKNQSTAVLIFYWHMCP>
#	G	D	E	R	K	N	Q	S	T	A	V	L	I	F	Y	W	H	M	C	P
0	0.00724	0.00581	0.00646	0.00630	0.00802	0.00503	0.00472	0.00914	0.01417	0.01814	0.30983	0.05063	0.50741	0.01348	0.00676	0.00188	0.00283	0.01145	0.00566	0.00503
1	0.01260	0.01276	0.01892	0.01580	0.01630	0.01726	0.07533	0.01416	0.00917	0.01416	0.00786	0.01276	0.00761	0.00956	0.01774	0.00245	0.72150	0.00516	0.00254	0.00638
2	0.73025	0.01172	0.00958	0.00827	0.01195	0.01349	0.00682	0.11391	0.01202	0.02705	0.00873	0.00988	0.00667	0.00552	0.00383	0.00176	0.00467	0.00337	0.00383	0.00667
3	0.00812	0.00614	0.00739	0.00801	0.00962	0.00568	0.00663	0.01019	0.01305	0.01654	0.04284	0.05779	0.37820	0.01470	0.00716	0.00223	0.00401	0.34880	0.04782	0.00506
4	0.01191	0.01033	0.01225	0.00892	0.01366	0.00831	0.00717	0.01436	0.01165	0.01830	0.00998	0.01191	0.00841	0.00464	0.00524	0.00096	0.05848	0.00350	0.00333	0.77670
5	0.00697	0.00498	0.00664	0.00796	0.00830	0.00465	0.00531	0.00796	0.01095	0.01460	0.03153	0.79525	0.03783	0.01792	0.00730	0.00232	0.00332	0.01626	0.00531	0.00465
6	0.01341	0.01516	0.03226	0.02328	0.02853	0.01474	0.67566	0.01790	0.01307	0.01790	0.01120	0.01516	0.00857	0.00530	0.00785	0.00198	0.08098	0.00659	0.00286	0.00758
7	0.01273	0.01294	0.02340	0.01671	0.02217	0.01123	0.39457	0.01647	0.01273	0.01847	0.01091	0.01374	0.00858	0.00454	0.00556	0.00142	0.00709	0.00516	0.00313	0.39847
8	0.01080	0.01017	0.01716	0.78523	0.03940	0.01271	0.01589	0.01461	0.01144	0.01461	0.01017	0.01525	0.00762	0.00572	0.00572	0.00191	0.00762	0.00508	0.00254	0.00635
9	0.02137	0.02726	0.01621	0.01474	0.01768	0.77602	0.01105	0.02284	0.01621	0.01400	0.00884	0.01031	0.00737	0.00589	0.00516	0.00147	0.01031	0.00368	0.00295	0.00663
10	0.09624	0.00580	0.00709	0.02923	0.00933	0.00579	0.00559	0.00911	0.01069	0.01559	0.02765	0.64678	0.03265	0.06041	0.00809	0.00243	0.00368	0.01409	0.00494	0.00479
11	0.12896	0.01291	0.01471	0.09414	0.01794	0.01406	0.01000	0.35014	0.01855	0.09110	0.01262	0.01381	0.00930	0.00770	0.03413	0.00195	0.04644	0.00472	0.00465	0.11216
12	0.00814	0.00610	0.00777	0.00794	0.00921	0.00559	0.00565	0.01045	0.04361	0.01796	0.25109	0.44967	0.03876	0.01413	0.00674	0.00199	0.00328	0.01267	0.00543	0.09381
13	0.00887	0.00866	0.08987	0.01041	0.01230	0.00681	0.00945	0.01153	0.01256	0.01661	0.02943	0.21998	0.05792	0.01511	0.00746	0.00245	0.00509	0.46506	0.00497	0.00545
14	0.01421	0.52292	0.21588	0.01414	0.09734	0.01931	0.01348	0.01742	0.01189	0.01519	0.00884	0.01044	0.00750	0.00505	0.00433	0.00142	0.00678	0.00357	0.00248	0.00781
15	0.01331	0.01257	0.02057	0.22458	0.49793	0.01343	0.01622	0.01818	0.09181	0.01821	0.01195	0.01521	0.00959	0.00554	0.00569	0.00178	0.00676	0.00524	0.00308	0.00837
16	0.01803	0.01385	0.01447	0.01392	0.01618	0.04727	0.00983	0.15172	0.06996	0.02566	0.03406	0.40275	0.11512	0.01738	0.00941	0.00327	0.00668	0.01341	0.00738	0.00965

[dist]
# distance from previous block
# <min> <max>
0	5

[block]
# block no. 9 follows, 41 sequences, length 6
# corresponding to MSA columns:
# 454-459
name=unknown_J
#
# <colnr> <probs for GDERKNQSTAVLIFYWHMCP>
#	G	D	E	R	K	N	Q	S	T	A	V	L	I	F	Y	W	H	M	C	P
0	0.01313	0.01170	0.01921	0.08062	0.02065	0.01137	0.23869	0.01468	0.01363	0.01871	0.02379	0.39251	0.02544	0.01370	0.00911	0.00273	0.06571	0.01195	0.00509	0.00759
1	0.01447	0.62010	0.20355	0.01137	0.01710	0.02047	0.01248	0.01741	0.01178	0.01462	0.00857	0.00997	0.00739	0.00507	0.00412	0.00138	0.00669	0.00336	0.00247	0.00764
2	0.01142	0.00895	0.01045	0.00898	0.01196	0.00806	0.00680	0.13435	0.01414	0.01989	0.02163	0.32196	0.05820	0.01062	0.00585	0.00164	0.00418	0.00920	0.00466	0.32706
3	0.01440	0.42875	0.32181	0.01271	0.01898	0.01854	0.01440	0.07915	0.01314	0.01729	0.00944	0.01082	0.00758	0.00533	0.00458	0.00151	0.00708	0.00373	0.00274	0.00802
4	0.01406	0.53691	0.28314	0.01207	0.01818	0.01946	0.01370	0.01751	0.01183	0.01513	0.00882	0.01028	0.00738	0.00513	0.00431	0.00144	0.00694	0.00349	0.00246	0.00776
5	0.01284	0.01222	0.02075	0.34504	0.46336	0.01326	0.01688	0.01639	0.01241	0.01707	0.01059	0.01471	0.00854	0.00541	0.00572	0.00180	0.00716	0.00512	0.00274	0.00798

[dist]
# distance from previous block
# <min> <max>
0	3

[block]
# block no. 10 follows, 41 sequences, length 17
# corresponding to MSA columns:
# 463-479
name=unknown_K
#
# <colnr> <probs for GDERKNQSTAVLIFYWHMCP>
#	G	D	E	R	K	N	Q	S	T	A	V	L	I	F	Y	W	H	M	C	P
0	0.01071	0.00996	0.01670	0.74054	0.03781	0.01235	0.01550	0.01445	0.01154	0.01476	0.01133	0.01809	0.00908	0.00630	0.00584	0.00195	0.00749	0.04660	0.00270	0.00629
1	0.01187	0.01015	0.01178	0.00866	0.01349	0.00795	0.00688	0.01522	0.05851	0.01885	0.01161	0.03521	0.00989	0.00486	0.00442	0.00096	0.00423	0.00396	0.00360	0.75791
2	0.65397	0.01086	0.00923	0.03502	0.01237	0.01254	0.00684	0.01807	0.10414	0.02489	0.05736	0.01313	0.01068	0.00604	0.00411	0.00180	0.00444	0.00405	0.00397	0.00651
3	0.02042	0.01499	0.01609	0.01248	0.01660	0.01653	0.01014	0.67155	0.02506	0.03358	0.01416	0.01607	0.01082	0.08509	0.00803	0.00209	0.00622	0.00546	0.00550	0.00911
4	0.02222	0.01588	0.01662	0.01287	0.01734	0.06030	0.01057	0.61207	0.02495	0.12720	0.01457	0.01426	0.01015	0.00684	0.00569	0.00171	0.00635	0.00514	0.00573	0.00955
5	0.01887	0.01129	0.01314	0.01096	0.01466	0.01183	0.00876	0.09527	0.36267	0.30498	0.06683	0.02122	0.01771	0.00766	0.00584	0.00185	0.00471	0.00631	0.00631	0.00915
6	0.00880	0.00609	0.00684	0.00665	0.00857	0.00522	0.00498	0.01040	0.01344	0.09040	0.12698	0.14376	0.51945	0.01389	0.00673	0.00195	0.00312	0.01179	0.00559	0.00535
7	0.01029	0.00782	0.00936	0.00857	0.01071	0.00719	0.00626	0.10291	0.01335	0.01864	0.07154	0.38393	0.02642	0.07332	0.00797	0.00208	0.00406	0.01050	0.00479	0.22030
8	0.02074	0.01478	0.01607	0.01236	0.01672	0.01599	0.01011	0.62254	0.02447	0.07816	0.01429	0.01520	0.01050	0.04762	0.00685	0.00187	0.00606	0.00525	0.00556	0.05485
9	0.17014	0.01461	0.01215	0.01085	0.01390	0.17371	0.00841	0.07920	0.30625	0.02245	0.01601	0.01667	0.01245	0.03109	0.00578	0.00184	0.00571	0.00509	0.08618	0.00752
10	0.01201	0.01140	0.01933	0.51590	0.29931	0.01302	0.01648	0.01567	0.01201	0.01608	0.01038	0.01486	0.00814	0.00550	0.00570	0.00183	0.00733	0.00509	0.00265	0.00733
11	0.01944	0.01908	0.01491	0.01235	0.01628	0.36962	0.00962	0.13743	0.01682	0.10214	0.01149	0.01228	0.00879	0.00575	0.00508	0.00138	0.00749	0.00407	0.00397	0.22201
12	0.01032	0.00688	0.01075	0.28828	0.01892	0.00780	0.00882	0.01062	0.00934	0.01275	0.01088	0.01700	0.00957	0.01345	0.01453	0.45088	0.00570	0.00505	0.08430	0.00416
13	0.01272	0.01067	0.01262	0.00935	0.01419	0.00886	0.02294	0.03381	0.10601	0.03573	0.01220	0.01334	0.00976	0.00482	0.00456	0.00105	0.00445	0.00394	0.00382	0.67515
14	0.12202	0.02078	0.01547	0.21363	0.02248	0.48162	0.01169	0.01995	0.01415	0.01563	0.00907	0.01147	0.00729	0.00577	0.00510	0.00162	0.00887	0.00397	0.00292	0.00650
15	0.01080	0.01017	0.01716	0.78523	0.03940	0.01271	0.01589	0.01461	0.01144	0.01461	0.01017	0.01525	0.00762	0.00572	0.00572	0.00191	0.00762	0.00508	0.00254	0.00635
16	0.02188	0.01125	0.01331	0.01049	0.01476	0.04904	0.00850	0.04827	0.12135	0.50181	0.02007	0.01809	0.01340	0.00674	0.00553	0.00166	0.00506	0.00542	0.00616	0.11721

[dist]
# distance from previous block
# <min> <max>
0	1

[block]
# block no. 11 follows, 41 sequences, length 7
# corresponding to MSA columns:
# 481-487
name=unknown_L
#
# <colnr> <probs for GDERKNQSTAVLIFYWHMCP>
#	G	D	E	R	K	N	Q	S	T	A	V	L	I	F	Y	W	H	M	C	P
0	0.00863	0.00659	0.00819	0.00868	0.00990	0.00650	0.00627	0.01231	0.12464	0.01723	0.09772	0.50552	0.03419	0.01484	0.00689	0.00215	0.00365	0.06752	0.00537	0.05322
1	0.01202	0.09887	0.64593	0.01712	0.07925	0.01416	0.01983	0.01798	0.01211	0.01773	0.01009	0.01197	0.00739	0.00536	0.00529	0.00175	0.00812	0.00419	0.00245	0.00840
2	0.00829	0.00679	0.01019	0.00983	0.01070	0.00687	0.07964	0.00956	0.01071	0.01441	0.02656	0.50439	0.06047	0.13390	0.01150	0.00277	0.07098	0.01297	0.00455	0.00492
3	0.01855	0.01343	0.01455	0.01170	0.01535	0.01469	0.00944	0.56971	0.02319	0.03153	0.01686	0.13337	0.01443	0.00853	0.00582	0.00178	0.00553	0.00686	0.07611	0.00858
4	0.01535	0.01189	0.01273	0.01114	0.01445	0.01336	0.00875	0.10385	0.55678	0.07738	0.02342	0.02180	0.04697	0.00784	0.00575	0.00187	0.00458	0.00645	0.04681	0.00881
5	0.02234	0.01506	0.01657	0.01271	0.01726	0.01632	0.01050	0.63516	0.02529	0.14738	0.01508	0.01461	0.01040	0.00690	0.00573	0.00172	0.00608	0.00524	0.00593	0.00973
6	0.01977	0.01355	0.01483	0.01157	0.01550	0.01455	0.00935	0.53353	0.02261	0.10211	0.01516	0.01710	0.01153	0.09009	0.00804	0.00207	0.00581	0.00549	0.04842	0.03892

[dist]
# distance from previous block
# <min> <max>
3	7

[block]
# block no. 12 follows, 41 sequences, length 6
# corresponding to MSA columns:
# 495-500
name=unknown_M
#
# <colnr> <probs for GDERKNQSTAVLIFYWHMCP>
#	G	D	E	R	K	N	Q	S	T	A	V	L	I	F	Y	W	H	M	C	P
0	0.02174	0.01602	0.01717	0.01316	0.01774	0.01774	0.01087	0.74423	0.02689	0.03605	0.01373	0.01373	0.00973	0.00687	0.00572	0.00172	0.00629	0.00515	0.00572	0.00973
1	0.02122	0.01049	0.01294	0.01035	0.01428	0.01014	0.00840	0.12040	0.13079	0.46812	0.06119	0.02259	0.06669	0.00789	0.00588	0.00180	0.00476	0.00644	0.00655	0.00908
2	0.01124	0.01062	0.01795	0.68646	0.13472	0.01282	0.01610	0.01500	0.01165	0.01515	0.01024	0.01511	0.00781	0.00564	0.00571	0.00188	0.00752	0.00508	0.00258	0.00671
3	0.01080	0.01017	0.01716	0.78523	0.03940	0.01271	0.01589	0.01461	0.01144	0.01461	0.01017	0.01525	0.00762	0.00572	0.00572	0.00191	0.00762	0.00508	0.00254	0.00635
4	0.01097	0.01040	0.01719	0.70857	0.03697	0.01319	0.01555	0.01453	0.01117	0.01453	0.00990	0.01498	0.00761	0.00615	0.00702	0.00197	0.08535	0.00508	0.00254	0.00634
5	0.02137	0.02726	0.01621	0.01474	0.01768	0.77602	0.01105	0.02284	0.01621	0.01400	0.00884	0.01031	0.00737	0.00589	0.00516	0.00147	0.01031	0.00368	0.00295	0.00663

[dist]
# distance from previous block
# <min> <max>
0	1

[block]
# block no. 13 follows, 41 sequences, length 17
# corresponding to MSA columns:
# 502-518
name=unknown_N
#
# <colnr> <probs for GDERKNQSTAVLIFYWHMCP>
#	G	D	E	R	K	N	Q	S	T	A	V	L	I	F	Y	W	H	M	C	P
0	0.01466	0.01200	0.01364	0.01061	0.01543	0.00928	0.00805	0.01612	0.01376	0.02115	0.01481	0.07058	0.01350	0.00736	0.00585	0.00157	0.00528	0.00537	0.00459	0.73640
1	0.01500	0.01236	0.01400	0.01065	0.01579	0.00948	0.00815	0.01656	0.01382	0.02143	0.01333	0.01624	0.01147	0.00641	0.00564	0.00147	0.00534	0.00447	0.00446	0.79393
2	0.01399	0.01236	0.01903	0.74832	0.04033	0.01431	0.01680	0.01677	0.01342	0.01761	0.01333	0.01946	0.01066	0.00781	0.00705	0.00248	0.00856	0.00608	0.00365	0.00798
3	0.01846	0.01692	0.01558	0.01418	0.01752	0.14526	0.01065	0.03047	0.59237	0.02477	0.02333	0.02337	0.01829	0.00944	0.00703	0.00243	0.00660	0.00692	0.00628	0.01014
4	0.01035	0.00743	0.00904	0.01016	0.01080	0.00665	0.00676	0.01045	0.01295	0.01760	0.03361	0.76021	0.03935	0.01940	0.00855	0.00287	0.00447	0.01670	0.00628	0.00636
5	0.01416	0.01243	0.01630	0.01497	0.01550	0.01511	0.01181	0.01461	0.01181	0.01735	0.01811	0.17581	0.01939	0.01410	0.01596	0.00302	0.50695	0.09068	0.00448	0.00746
6	0.01500	0.01236	0.01400	0.01065	0.01579	0.00948	0.00815	0.01656	0.01382	0.02143	0.01333	0.01624	0.01147	0.00641	0.00564	0.00147	0.00534	0.00447	0.00446	0.79393
7	0.01062	0.00863	0.00924	0.00907	0.01089	0.00779	0.00659	0.01108	0.01436	0.01818	0.05168	0.14148	0.58243	0.01620	0.00903	0.00259	0.06479	0.01267	0.00607	0.00662
8	0.07906	0.01647	0.01596	0.01354	0.01716	0.10492	0.01045	0.34804	0.10672	0.03069	0.16274	0.02384	0.02166	0.00973	0.00704	0.00231	0.00673	0.00699	0.00632	0.00965
9	0.01785	0.01435	0.01535	0.01308	0.01704	0.01464	0.01001	0.15367	0.40370	0.02742	0.04695	0.02260	0.01797	0.00897	0.00682	0.00223	0.00580	0.00663	0.00624	0.18867
10	0.02434	0.01932	0.01892	0.01529	0.01976	0.11372	0.01206	0.61963	0.02676	0.03522	0.01610	0.01759	0.01236	0.00878	0.00698	0.00226	0.00780	0.00596	0.00633	0.01080
11	0.01136	0.01060	0.01474	0.03123	0.01449	0.01256	0.03632	0.01323	0.01073	0.01616	0.09671	0.08609	0.01581	0.00934	0.01239	0.00200	0.40701	0.00633	0.00340	0.18952
12	0.02038	0.01530	0.01641	0.01275	0.01720	0.01683	0.01046	0.62571	0.10933	0.03378	0.01465	0.01451	0.01055	0.00684	0.00566	0.00170	0.00599	0.00521	0.00562	0.05113
13	0.01143	0.01066	0.01932	0.29652	0.02645	0.01161	0.23619	0.01495	0.01195	0.01692	0.01362	0.07646	0.01156	0.00685	0.00673	0.00188	0.06011	0.00650	0.15386	0.00645
14	0.02142	0.01197	0.01421	0.01105	0.01544	0.01183	0.00903	0.23775	0.11602	0.36807	0.01864	0.01715	0.01264	0.00678	0.00558	0.00167	0.00517	0.00540	0.00609	0.10408
15	0.47734	0.01165	0.05664	0.03586	0.01307	0.01175	0.00769	0.09824	0.01267	0.05134	0.01592	0.01672	0.09413	0.00673	0.00447	0.00176	0.00470	0.00477	0.06789	0.00665
16	0.05735	0.01187	0.01275	0.01123	0.01464	0.01334	0.00882	0.02936	0.61243	0.12809	0.02241	0.02047	0.01643	0.00754	0.00570	0.00191	0.00457	0.00620	0.00588	0.00901

[dist]
# distance from previous block
# <min> <max>
1	3

[block]
# block no. 14 follows, 41 sequences, length 13
# corresponding to MSA columns:
# 522-534
