[name]
unknown

[dist]
# distance from previous block
# <min> <max>
0	94

[block]
# block no. 0 follows, 41 sequences, length 29
# corresponding to MSA columns:
# 96-124
name=unknown_A
#
# <colnr> <probs for GDERKNQSTAVLIFYWHMCP>
#	G	D	E	R	K	N	Q	S	T	A	V	L	I	F	Y	W	H	M	C	P
0	0.00802	0.00579	0.00758	0.00725	0.00853	0.00535	0.00539	0.01061	0.01584	0.02238	0.71171	0.09288	0.05289	0.01211	0.00678	0.00183	0.00274	0.01074	0.00623	0.00535
1	0.00817	0.00613	0.00919	0.00919	0.01021	0.00715	0.00715	0.01021	0.00919	0.01328	0.01532	0.02247	0.01430	0.04290	0.77631	0.00919	0.01532	0.00613	0.00306	0.00511
2	0.01368	0.01082	0.01197	0.01095	0.01384	0.01210	0.00863	0.02611	0.55061	0.06583	0.10529	0.02819	0.02294	0.00901	0.00614	0.00199	0.00442	0.08329	0.00589	0.00829
3	0.00697	0.00498	0.00664	0.00796	0.00830	0.00465	0.00531	0.00796	0.01095	0.01460	0.03153	0.79525	0.03783	0.01792	0.00730	0.00232	0.00332	0.01626	0.00531	0.00465
4	0.00994	0.00497	0.00745	0.00745	0.00745	0.00497	0.00497	0.00745	0.00745	0.00994	0.00994	0.01739	0.00994	0.01987	0.02235	0.83358	0.00497	0.00497	0.00248	0.00248
5	0.01822	0.01406	0.01797	0.13082	0.04891	0.01538	0.07356	0.47341	0.02162	0.05055	0.03243	0.05043	0.01179	0.00708	0.00590	0.00179	0.00653	0.00592	0.00493	0.00869
6	0.00902	0.00690	0.00989	0.00956	0.01047	0.00834	0.00753	0.01103	0.00944	0.01421	0.01463	0.02101	0.01343	0.03458	0.59135	0.00745	0.11759	0.00589	0.09239	0.00529
7	0.01253	0.01056	0.01222	0.00879	0.01384	0.00831	0.00705	0.06373	0.01288	0.01982	0.01041	0.01199	0.00856	0.00441	0.00434	0.00091	0.00438	0.00351	0.00355	0.77824
8	0.01714	0.55176	0.02552	0.01096	0.01533	0.11551	0.01007	0.08029	0.01367	0.06370	0.00947	0.01052	0.00799	0.00556	0.00485	0.00139	0.04204	0.00358	0.00309	0.00756
9	0.00721	0.00517	0.00678	0.00786	0.00835	0.00483	0.00536	0.00838	0.01143	0.01528	0.09352	0.64601	0.05918	0.05261	0.00825	0.00243	0.00343	0.04392	0.00531	0.00469
10	0.00697	0.00498	0.00664	0.00796	0.00830	0.00465	0.00531	0.00796	0.01095	0.01460	0.03153	0.79525	0.03783	0.01792	0.00730	0.00232	0.00332	0.01626	0.00531	0.00465
11	0.01186	0.01017	0.01186	0.00847	0.01356	0.00762	0.00678	0.01440	0.01186	0.01864	0.01017	0.01186	0.00847	0.00424	0.00424	0.00085	0.00424	0.00339	0.00339	0.83395
12	0.01899	0.01132	0.01318	0.01100	0.01472	0.01187	0.00879	0.08914	0.37294	0.31174	0.05633	0.02096	0.01722	0.00760	0.00583	0.00185	0.00472	0.00626	0.00632	0.00920
13	0.00823	0.00551	0.00627	0.00636	0.00638	0.00548	0.00359	0.00829	0.00850	0.01133	0.01894	0.08865	0.02195	0.74619	0.02764	0.00533	0.00539	0.00885	0.00359	0.00355
14	0.01473	0.01150	0.01330	0.07018	0.04252	0.01284	0.00961	0.07621	0.47240	0.08632	0.04359	0.02386	0.05356	0.00814	0.00595	0.00192	0.00489	0.03444	0.00554	0.00850
15	0.01423	0.01229	0.01293	0.01164	0.01487	0.01423	0.00905	0.03039	0.75297	0.02393	0.02328	0.02134	0.01746	0.00776	0.00582	0.00194	0.00453	0.00647	0.00582	0.00905
16	0.00994	0.00497	0.00745	0.00745	0.00745	0.00497	0.00497	0.00745	0.00745	0.00994	0.00994	0.01739	0.00994	0.01987	0.02235	0.83358	0.00497	0.00497	0.00248	0.00248
17	0.01367	0.01011	0.01205	0.00870	0.01369	0.00773	0.00699	0.01617	0.01245	0.11690	0.01179	0.01286	0.00922	0.00461	0.00444	0.00097	0.00432	0.00370	0.00387	0.72577
18	0.01044	0.00765	0.00945	0.00834	0.01110	0.00625	0.00618	0.01222	0.01173	0.06730	0.02126	0.38863	0.02296	0.01100	0.00581	0.00162	0.00384	0.00973	0.00456	0.37994
19	0.00810	0.00585	0.00765	0.00720	0.00855	0.00540	0.00540	0.01079	0.01619	0.02294	0.76028	0.04273	0.05397	0.01169	0.00675	0.00180	0.00270	0.01034	0.00630	0.00540
20	0.00695	0.00505	0.00657	0.00778	0.00825	0.00466	0.00523	0.00799	0.01113	0.01467	0.03377	0.73238	0.09925	0.01763	0.00725	0.00229	0.00328	0.01590	0.00531	0.00466
21	0.01282	0.05368	0.45566	0.01778	0.02498	0.01355	0.23530	0.01837	0.01265	0.04836	0.01106	0.01326	0.00801	0.00524	0.00572	0.00178	0.00838	0.00496	0.00279	0.04566
22	0.01416	0.01359	0.02322	0.03511	0.76330	0.01359	0.01755	0.01755	0.01302	0.01869	0.01076	0.01416	0.00906	0.00510	0.00566	0.00170	0.00680	0.00510	0.00283	0.00906
23	0.00703	0.00511	0.00666	0.00788	0.00838	0.00473	0.00537	0.00813	0.01121	0.01477	0.03372	0.70531	0.09907	0.01755	0.00728	0.00230	0.00335	0.04215	0.00531	0.00468
24	0.01443	0.00775	0.00983	0.00840	0.01102	0.00712	0.00660	0.04639	0.04216	0.26544	0.37889	0.03470	0.12314	0.01019	0.00635	0.00181	0.00364	0.00871	0.00639	0.00705
25	0.83938	0.01106	0.00841	0.00752	0.01106	0.01283	0.00619	0.01681	0.00973	0.02566	0.00796	0.00929	0.00619	0.00531	0.00354	0.00177	0.00442	0.00310	0.00354	0.00619
26	0.83938	0.01106	0.00841	0.00752	0.01106	0.01283	0.00619	0.01681	0.00973	0.02566	0.00796	0.00929	0.00619	0.00531	0.00354	0.00177	0.00442	0.00310	0.00354	0.00619
27	0.02566	0.00973	0.01327	0.01018	0.01460	0.00841	0.00841	0.02788	0.01637	0.76726	0.02257	0.01947	0.01416	0.00708	0.00575	0.00177	0.00487	0.00575	0.00708	0.00973
28	0.04867	0.77037	0.02910	0.00970	0.01453	0.02224	0.00964	0.01711	0.01155	0.01395	0.00795	0.00918	0.00729	0.00491	0.00366	0.00125	0.00605	0.00306	0.00249	0.00729

[dist]
# distance from previous block
# <min> <max>
0	4

[block]
# block no. 1 follows, 41 sequences, length 54
# corresponding to MSA columns:
# 129-182
name=unknown_B
#
# <colnr> <probs for GDERKNQSTAVLIFYWHMCP>
#	G	D	E	R	K	N	Q	S	T	A	V	L	I	F	Y	W	H	M	C	P
0	0.62129	0.01167	0.01216	0.01441	0.19776	0.01295	0.00905	0.01718	0.01066	0.03610	0.00890	0.01067	0.00704	0.00529	0.00410	0.00175	0.00502	0.00364	0.00342	0.00696
1	0.00919	0.00718	0.00854	0.00844	0.00999	0.00733	0.00621	0.01464	0.19722	0.02021	0.31438	0.26487	0.08385	0.01277	0.00668	0.00200	0.00335	0.01127	0.00582	0.00604
2	0.00804	0.00591	0.00722	0.00690	0.00845	0.00531	0.00520	0.01033	0.01513	0.03323	0.52333	0.04619	0.25422	0.02304	0.00706	0.00190	0.00288	0.02442	0.00597	0.00528
3	0.00957	0.00608	0.00780	0.03803	0.00991	0.00589	0.00604	0.01220	0.01435	0.04834	0.39620	0.07336	0.03760	0.01083	0.00615	0.00181	0.00331	0.09645	0.21056	0.00553
4	0.01139	0.00937	0.01106	0.00837	0.01251	0.00755	0.00663	0.04766	0.01364	0.02052	0.19645	0.01961	0.01982	0.00621	0.00493	0.00112	0.00395	0.00520	0.00422	0.58981
5	0.01454	0.01666	0.20128	0.01183	0.01752	0.01206	0.01155	0.21272	0.05064	0.02345	0.01177	0.01286	0.00893	0.00541	0.00501	0.00137	0.00585	0.00422	0.00389	0.36845
6	0.05094	0.03309	0.01241	0.00954	0.01323	0.00970	0.00777	0.09224	0.06941	0.44895	0.02004	0.01918	0.01375	0.02842	0.00595	0.00179	0.00465	0.00557	0.14480	0.00857
7	0.83938	0.01106	0.00841	0.00752	0.01106	0.01283	0.00619	0.01681	0.00973	0.02566	0.00796	0.00929	0.00619	0.00531	0.00354	0.00177	0.00442	0.00310	0.00354	0.00619
8	0.00794	0.00509	0.00630	0.00725	0.00781	0.00485	0.00491	0.00931	0.01111	0.01614	0.02782	0.57460	0.03144	0.04463	0.00731	0.00220	0.00324	0.01325	0.21004	0.00477
9	0.01186	0.01017	0.01186	0.00847	0.01356	0.00762	0.00678	0.01440	0.01186	0.01864	0.01017	0.01186	0.00847	0.00424	0.00424	0.00085	0.00424	0.00339	0.00339	0.83395
10	0.01359	0.08385	0.14880	0.02106	0.02708	0.04271	0.52773	0.01829	0.01319	0.01773	0.01094	0.01413	0.00829	0.00495	0.00618	0.00182	0.00909	0.00587	0.00279	0.02191
11	0.01143	0.00837	0.00993	0.00862	0.01079	0.00844	0.00671	0.19267	0.01872	0.02589	0.54731	0.03602	0.07091	0.01061	0.00649	0.00178	0.00360	0.00912	0.00612	0.00645
12	0.01334	0.01474	0.05324	0.05659	0.11371	0.04817	0.37719	0.01729	0.01301	0.01806	0.01088	0.01402	0.00851	0.00482	0.00582	0.00161	0.00785	0.00540	0.00298	0.21279
13	0.01247	0.01241	0.02271	0.37750	0.27193	0.01337	0.17362	0.01637	0.01240	0.01674	0.01066	0.01493	0.00832	0.00532	0.00592	0.00184	0.00779	0.00545	0.00271	0.00753
14	0.63749	0.01073	0.00961	0.00818	0.01194	0.01173	0.00674	0.01956	0.01138	0.20967	0.01159	0.01182	0.00817	0.00575	0.00409	0.00177	0.00453	0.00376	0.00442	0.00707
15	0.01528	0.38833	0.09495	0.01719	0.20172	0.01834	0.01284	0.09839	0.06933	0.01847	0.01065	0.01210	0.00878	0.00543	0.00472	0.00150	0.00640	0.00416	0.00315	0.00826
16	0.01182	0.01105	0.00925	0.00943	0.01076	0.19673	0.00676	0.04506	0.01314	0.01654	0.02293	0.43452	0.02510	0.01254	0.00614	0.00192	0.00507	0.01079	0.14497	0.00548
17	0.01137	0.00784	0.01238	0.00999	0.01243	0.00760	0.18724	0.01457	0.01237	0.02058	0.01690	0.01986	0.01318	0.00621	0.00468	0.00148	0.00440	0.00568	0.62533	0.00592
18	0.02372	0.01134	0.01412	0.01089	0.01521	0.01092	0.00897	0.23102	0.01936	0.52411	0.05472	0.01893	0.01477	0.00724	0.00579	0.00176	0.00517	0.00580	0.00666	0.00953
19	0.00728	0.00562	0.00665	0.00686	0.00820	0.00499	0.00500	0.00903	0.01352	0.01763	0.27248	0.23498	0.34610	0.01448	0.00691	0.00200	0.00298	0.02472	0.00562	0.00497
20	0.01660	0.01113	0.01324	0.01152	0.04953	0.01094	0.00868	0.08042	0.26058	0.20138	0.02911	0.04848	0.01475	0.00698	0.00547	0.00161	0.00471	0.00580	0.00536	0.21371
21	0.00696	0.00525	0.00644	0.00730	0.00814	0.00473	0.00504	0.00817	0.01180	0.01524	0.07337	0.54698	0.24659	0.01664	0.00712	0.00219	0.00317	0.01478	0.00536	0.00473
22	0.01291	0.00715	0.00935	0.00820	0.01038	0.00657	0.00634	0.04223	0.01638	0.20770	0.51363	0.07283	0.04165	0.01067	0.00649	0.00181	0.00340	0.00930	0.00642	0.00660
23	0.49771	0.20915	0.01473	0.00909	0.01279	0.10674	0.00781	0.01738	0.01114	0.02083	0.00911	0.01197	0.00787	0.00577	0.00397	0.00164	0.00559	0.03693	0.00328	0.00649
24	0.01876	0.02269	0.01647	0.20586	0.02307	0.56426	0.01225	0.04208	0.01534	0.01480	0.00931	0.01164	0.00750	0.00588	0.00531	0.00159	0.00953	0.00407	0.00293	0.00665
25	0.04995	0.01279	0.05213	0.49497	0.03130	0.01418	0.01428	0.22310	0.01580	0.02138	0.01109	0.01441	0.00814	0.00602	0.00561	0.00184	0.00714	0.00498	0.00349	0.00741
26	0.02088	0.00879	0.01177	0.00974	0.01315	0.00782	0.00773	0.04964	0.01542	0.55326	0.02446	0.21174	0.01987	0.00976	0.00614	0.00191	0.00454	0.00834	0.00659	0.00847
27	0.01160	0.01017	0.01317	0.20120	0.01997	0.00889	0.00904	0.01446	0.01176	0.01764	0.01017	0.01270	0.00826	0.00460	0.00460	0.00111	0.00508	0.00381	0.00318	0.62861
28	0.01144	0.00840	0.00996	0.00874	0.01093	0.00848	0.00686	0.19265	0.01849	0.02541	0.49322	0.03739	0.08984	0.01088	0.00655	0.00183	0.00372	0.04275	0.00604	0.00643
29	0.05638	0.00861	0.01142	0.00951	0.01288	0.00767	0.00754	0.02245	0.01474	0.54830	0.02415	0.21151	0.01969	0.00969	0.00604	0.00191	0.00446	0.00824	0.00649	0.00832
30	0.00857	0.00690	0.00805	0.00703	0.00951	0.00575	0.00538	0.01080	0.01403	0.01929	0.33249	0.03931	0.28596	0.01080	0.00613	0.00161	0.00315	0.00921	0.00524	0.21078
31	0.60578	0.01224	0.01076	0.00902	0.01285	0.01388	0.00744	0.19771	0.01424	0.05625	0.00995	0.01078	0.00737	0.00576	0.00416	0.00176	0.00491	0.00371	0.00421	0.00720
32	0.01079	0.00873	0.01006	0.00921	0.04064	0.03530	0.00673	0.01447	0.08156	0.04854	0.32458	0.03164	0.13263	0.00923	0.00590	0.00158	0.00380	0.00788	0.00516	0.21158
33	0.02158	0.00895	0.01227	0.01027	0.01392	0.00795	0.00861	0.02390	0.01558	0.58114	0.02448	0.03065	0.01881	0.00924	0.00629	0.00198	0.00497	0.18416	0.00663	0.00863
34	0.02053	0.01194	0.01821	0.01386	0.01831	0.03907	0.19061	0.02496	0.09925	0.44094	0.04721	0.01921	0.01442	0.00673	0.00602	0.00182	0.00613	0.00618	0.00571	0.00888
35	0.01101	0.00883	0.01301	0.01657	0.19842	0.00894	0.01110	0.04067	0.04296	0.01868	0.05680	0.06150	0.02656	0.01236	0.00712	0.00230	0.00550	0.44641	0.00475	0.00651
36	0.01946	0.01429	0.01568	0.01187	0.01656	0.01482	0.00975	0.53153	0.02270	0.06400	0.01324	0.01352	0.00961	0.00622	0.00535	0.00150	0.00572	0.00474	0.00520	0.21423
37	0.01716	0.01658	0.01440	0.01264	0.01601	0.20378	0.00983	0.13844	0.45836	0.02333	0.01823	0.01743	0.01377	0.00716	0.00564	0.00179	0.00624	0.00557	0.00509	0.00856
38	0.01787	0.03520	0.11374	0.01103	0.03487	0.00937	0.00971	0.03880	0.05233	0.37151	0.20280	0.02362	0.02273	0.00786	0.00587	0.00175	0.00490	0.00657	0.00585	0.02363
39	0.01229	0.02458	0.53040	0.02154	0.20838	0.01345	0.07302	0.01799	0.01242	0.01827	0.01048	0.01284	0.00780	0.00531	0.00559	0.00179	0.00813	0.00463	0.00255	0.00855
40	0.00987	0.00747	0.00987	0.01002	0.01227	0.00684	0.00861	0.01248	0.01284	0.01750	0.02529	0.05145	0.02685	0.01293	0.00699	0.00219	0.00501	0.54581	0.00480	0.21088
41	0.00960	0.00780	0.01051	0.04562	0.01266	0.00736	0.03588	0.04524	0.01215	0.01703	0.04971	0.43424	0.02592	0.01234	0.00686	0.00188	0.03877	0.01093	0.00454	0.21095
42	0.05443	0.20905	0.01790	0.01108	0.01521	0.05121	0.00937	0.14498	0.21979	0.18549	0.01638	0.01560	0.01197	0.00656	0.00513	0.00166	0.00556	0.00497	0.00501	0.00865
43	0.01951	0.01269	0.01452	0.01111	0.01559	0.01259	0.00907	0.37217	0.02013	0.19254	0.01559	0.04903	0.01164	0.00675	0.00543	0.00154	0.00534	0.00534	0.00543	0.21401
44	0.80058	0.02483	0.00904	0.03050	0.01196	0.01300	0.00654	0.01675	0.00982	0.02512	0.00803	0.00947	0.00626	0.00531	0.00361	0.00176	0.00455	0.00316	0.00349	0.00622
45	0.00873	0.00684	0.01017	0.20174	0.01729	0.00734	0.00934	0.01101	0.01187	0.01551	0.02578	0.33889	0.02857	0.01413	0.00712	0.00233	0.00509	0.26833	0.00461	0.00529
46	0.01327	0.01268	0.02161	0.23408	0.57129	0.01336	0.01711	0.01677	0.01260	0.01761	0.01060	0.01445	0.00868	0.00526	0.00568	0.00175	0.00702	0.00509	0.00275	0.00834
47	0.63397	0.01566	0.19721	0.00970	0.01446	0.01294	0.00990	0.01714	0.01032	0.02379	0.00854	0.00998	0.00646	0.00534	0.00401	0.00178	0.00542	0.00338	0.00326	0.00675
48	0.01187	0.01099	0.01730	0.41248	0.20671	0.01166	0.01403	0.01527	0.01192	0.01659	0.01031	0.01415	0.00818	0.00520	0.00534	0.00159	0.00658	0.00467	0.00282	0.21234
49	0.63651	0.01229	0.01058	0.00892	0.01272	0.01405	0.00736	0.19730	0.01399	0.02824	0.00940	0.01039	0.00707	0.00570	0.00408	0.00176	0.00489	0.00361	0.00408	0.00707
50	0.00812	0.00574	0.00729	0.00725	0.00789	0.00585	0.00493	0.00933	0.01060	0.01463	0.18840	0.06844	0.05245	0.37162	0.20771	0.00533	0.00714	0.00871	0.00415	0.00441
51	0.01631	0.01187	0.01182	0.01001	0.01297	0.06810	0.00794	0.27854	0.11308	0.05417	0.01694	0.02748	0.01297	0.00841	0.03556	0.00190	0.00536	0.00548	0.29346	0.00763
52	0.00772	0.00562	0.00729	0.00747	0.00856	0.00519	0.00547	0.00983	0.01430	0.01971	0.46482	0.26399	0.09873	0.01389	0.00696	0.00200	0.00301	0.04440	0.00589	0.00513
53	0.00762	0.00544	0.00681	0.00770	0.00807	0.00529	0.00501	0.00903	0.04253	0.01414	0.02782	0.57360	0.03272	0.21127	0.01265	0.00311	0.00392	0.01386	0.00487	0.00454

[dist]
# distance from previous block
# <min> <max>
0	3

[block]
# block no. 2 follows, 41 sequences, length 21
# corresponding to MSA columns:
# 186-206
name=unknown_C
#
# <colnr> <probs for GDERKNQSTAVLIFYWHMCP>
#	G	D	E	R	K	N	Q	S	T	A	V	L	I	F	Y	W	H	M	C	P
0	0.01430	0.01214	0.01694	0.01436	0.01496	0.01629	0.01196	0.01568	0.00979	0.11582	0.00955	0.01346	0.00841	0.00961	0.01701	0.00240	0.68237	0.00511	0.00312	0.00673
1	0.01459	0.01464	0.11554	0.01226	0.01629	0.01396	0.01072	0.05133	0.59781	0.05552	0.02118	0.01976	0.01569	0.00739	0.00576	0.00191	0.00513	0.00609	0.00541	0.00902
2	0.00853	0.00594	0.00828	0.00828	0.00921	0.00669	0.00624	0.01039	0.00946	0.01408	0.01613	0.02428	0.01520	0.13746	0.57341	0.00765	0.01232	0.00631	0.11522	0.00492
3	0.06097	0.01038	0.03528	0.04739	0.01899	0.00980	0.27222	0.01392	0.01251	0.01746	0.02116	0.19482	0.02197	0.01100	0.00695	0.00221	0.00655	0.22612	0.00414	0.00619
4	0.01670	0.69506	0.02771	0.00984	0.01467	0.02071	0.00960	0.01858	0.01227	0.11556	0.00993	0.01057	0.00826	0.00519	0.00395	0.00130	0.00595	0.00342	0.00307	0.00766
5	0.01280	0.01327	0.01862	0.01556	0.01659	0.06961	0.10591	0.01456	0.01001	0.01438	0.00952	0.04454	0.00924	0.01121	0.05825	0.00272	0.55848	0.00565	0.00273	0.00634
6	0.00795	0.00597	0.00749	0.00846	0.00919	0.00594	0.00582	0.01100	0.11145	0.01586	0.03041	0.69043	0.03507	0.01654	0.00710	0.00227	0.00348	0.01493	0.00538	0.00524
7	0.01051	0.00614	0.00959	0.01120	0.10983	0.00614	0.00667	0.00882	0.00821	0.01112	0.01005	0.01695	0.00982	0.01787	0.02009	0.72091	0.00522	0.00499	0.00253	0.00337
8	0.07820	0.01119	0.03910	0.38118	0.08009	0.01160	0.04936	0.01924	0.01302	0.24077	0.01382	0.01590	0.00961	0.00600	0.00560	0.00184	0.00663	0.00519	0.00401	0.00767
9	0.01600	0.01165	0.01299	0.01069	0.01348	0.01280	0.00831	0.43087	0.01912	0.02576	0.01512	0.02142	0.01340	0.22240	0.13635	0.00394	0.00755	0.00615	0.00470	0.00732
10	0.83938	0.01106	0.00841	0.00752	0.01106	0.01283	0.00619	0.01681	0.00973	0.02566	0.00796	0.00929	0.00619	0.00531	0.00354	0.00177	0.00442	0.00310	0.00354	0.00619
11	0.01595	0.71837	0.02848	0.01032	0.01501	0.10433	0.00992	0.01775	0.01212	0.01352	0.00805	0.00930	0.00734	0.00500	0.00383	0.00125	0.00657	0.00313	0.00250	0.00726
12	0.01404	0.01347	0.02300	0.06199	0.73736	0.01356	0.01749	0.01745	0.01297	0.01854	0.01074	0.01420	0.00901	0.00512	0.00566	0.00171	0.00682	0.00510	0.00282	0.00896
13	0.02123	0.01577	0.01688	0.01306	0.01754	0.01750	0.01075	0.69571	0.07625	0.03522	0.01438	0.01425	0.01025	0.00693	0.00573	0.00173	0.00617	0.00524	0.00573	0.00968
14	0.07752	0.01412	0.01435	0.01155	0.01508	0.06640	0.00940	0.43939	0.02075	0.06284	0.01379	0.01463	0.01019	0.00688	0.00613	0.00170	0.05893	0.00495	0.14311	0.00830
15	0.01122	0.00949	0.01118	0.00841	0.01287	0.00724	0.00659	0.01356	0.01174	0.01811	0.01296	0.11428	0.01231	0.00603	0.00464	0.00104	0.00412	0.00507	0.00364	0.72552
16	0.01284	0.01014	0.01196	0.00859	0.01363	0.00768	0.00689	0.01535	0.01218	0.07152	0.01104	0.01240	0.00887	0.00444	0.00434	0.00091	0.00428	0.00356	0.00365	0.77572
17	0.01828	0.01398	0.01452	0.01184	0.01542	0.06063	0.00953	0.48640	0.04438	0.04853	0.06828	0.07512	0.04283	0.02682	0.00654	0.00189	0.00582	0.03531	0.00552	0.00837
18	0.00699	0.00570	0.00611	0.00629	0.00789	0.00491	0.00462	0.00842	0.01275	0.01561	0.09054	0.14711	0.57985	0.04857	0.00782	0.00215	0.00312	0.03146	0.00528	0.00479
19	0.02121	0.01136	0.01383	0.01052	0.01509	0.01057	0.00862	0.18896	0.04396	0.40269	0.01774	0.01649	0.01197	0.00641	0.00540	0.00155	0.00504	0.00510	0.00588	0.19759
20	0.01188	0.14407	0.01428	0.00845	0.01305	0.00985	0.00705	0.01424	0.01219	0.01786	0.06369	0.01613	0.05721	0.00548	0.00446	0.00104	0.00437	0.00433	0.00354	0.58684

[dist]
# distance from previous block
# <min> <max>
42	75

[block]
# block no. 3 follows, 41 sequences, length 19
# corresponding to MSA columns:
# 302-320
name=unknown_D
#
# <colnr> <probs for GDERKNQSTAVLIFYWHMCP>
#	G	D	E	R	K	N	Q	S	T	A	V	L	I	F	Y	W	H	M	C	P
0	0.01632	0.07245	0.26819	0.01458	0.01966	0.25199	0.05398	0.08186	0.01509	0.05629	0.06204	0.01416	0.01115	0.00629	0.00586	0.00169	0.03262	0.00472	0.00340	0.00767
1	0.03880	0.01650	0.13402	0.01646	0.02159	0.07032	0.28559	0.07632	0.01453	0.05894	0.07688	0.01629	0.01256	0.00593	0.00615	0.00171	0.02484	0.00570	0.00364	0.11324
2	0.03266	0.42652	0.09244	0.01174	0.01611	0.09960	0.06055	0.01758	0.05808	0.01534	0.01243	0.10972	0.01187	0.00687	0.00479	0.00155	0.00654	0.00536	0.00312	0.00713
3	0.01421	0.01434	0.12793	0.05225	0.01897	0.01172	0.11036	0.16255	0.05787	0.06322	0.07089	0.07178	0.01488	0.00699	0.00571	0.00165	0.00605	0.00615	0.00430	0.17817
4	0.03838	0.14637	0.08420	0.02691	0.01493	0.01256	0.00957	0.02064	0.22902	0.10794	0.04249	0.04652	0.06700	0.00806	0.00551	0.00175	0.00509	0.05800	0.00469	0.07037
5	0.12327	0.41352	0.23877	0.01123	0.01662	0.01727	0.01224	0.01668	0.01145	0.01651	0.01041	0.06962	0.00947	0.00609	0.00444	0.00155	0.00635	0.00440	0.00280	0.00730
6	0.10142	0.06998	0.05953	0.01561	0.02064	0.01643	0.21779	0.37883	0.01957	0.02753	0.01197	0.01337	0.00878	0.00592	0.00564	0.00175	0.00715	0.00520	0.00431	0.00857
7	0.01271	0.01194	0.01943	0.15484	0.49963	0.01241	0.01514	0.01680	0.06342	0.01793	0.01592	0.05736	0.06419	0.00670	0.00584	0.00180	0.00632	0.00625	0.00329	0.00809
8	0.05861	0.01267	0.01364	0.01147	0.01522	0.01393	0.00920	0.21701	0.39098	0.08273	0.01932	0.01955	0.01457	0.00741	0.00565	0.00181	0.00502	0.03232	0.00559	0.06329
9	0.01041	0.00826	0.00988	0.00856	0.01143	0.00706	0.00638	0.06681	0.01253	0.01804	0.01985	0.35117	0.02154	0.02846	0.00624	0.00166	0.00403	0.00920	0.00440	0.39411
10	0.01387	0.01504	0.03200	0.02304	0.02842	0.01444	0.67063	0.01838	0.01331	0.04484	0.01171	0.01539	0.00880	0.00523	0.00747	0.00196	0.05814	0.00661	0.00302	0.00770
11	0.01252	0.08470	0.70807	0.01628	0.02445	0.01433	0.02049	0.01853	0.01252	0.01848	0.01088	0.01294	0.00800	0.00591	0.00564	0.00191	0.00851	0.00440	0.00269	0.00875
12	0.01455	0.05535	0.10821	0.07254	0.02654	0.01397	0.44077	0.01917	0.04137	0.07576	0.05956	0.01799	0.01266	0.00618	0.00659	0.00200	0.00842	0.00654	0.00370	0.00812
13	0.01002	0.00717	0.00978	0.01104	0.01242	0.00705	0.00952	0.01241	0.01363	0.01782	0.03081	0.06495	0.03335	0.01619	0.00820	0.00276	0.00553	0.71615	0.00551	0.00568
14	0.01602	0.79317	0.03027	0.01030	0.01522	0.02290	0.01009	0.01762	0.01211	0.01421	0.00876	0.01028	0.00809	0.00542	0.00402	0.00137	0.00637	0.00333	0.00272	0.00773
15	0.01661	0.05163	0.30861	0.01350	0.01912	0.01188	0.05021	0.07510	0.01555	0.22433	0.13407	0.02021	0.01758	0.00745	0.00607	0.00191	0.00658	0.00602	0.00485	0.00870
16	0.00794	0.00568	0.00739	0.00866	0.00913	0.00526	0.00591	0.00882	0.01158	0.01549	0.03196	0.74138	0.03790	0.01815	0.00764	0.00248	0.00372	0.06026	0.00555	0.00511
17	0.00790	0.00563	0.00723	0.00839	0.00880	0.00521	0.00557	0.00867	0.01144	0.01537	0.05076	0.72496	0.03770	0.06098	0.00879	0.00262	0.00371	0.01577	0.00547	0.00502
18	0.01240	0.01313	0.04292	0.01682	0.01964	0.05420	0.29213	0.01490	0.01229	0.01667	0.01745	0.25626	0.01805	0.01055	0.00962	0.00228	0.17076	0.00930	0.00382	0.00681

[dist]
# distance from previous block
# <min> <max>
0	1

[block]
# block no. 4 follows, 41 sequences, length 19
# corresponding to MSA columns:
# 322-340
name=unknown_E
#
# <colnr> <probs for GDERKNQSTAVLIFYWHMCP>
#	G	D	E	R	K	N	Q	S	T	A	V	L	I	F	Y	W	H	M	C	P
0	0.01039	0.00531	0.00543	0.00553	0.00678	0.00528	0.00410	0.01293	0.01192	0.02083	0.01961	0.07858	0.01637	0.00750	0.00424	0.00141	0.00271	0.00614	0.76967	0.00528
1	0.00830	0.00557	0.00634	0.00631	0.00641	0.00553	0.00361	0.00850	0.00890	0.01197	0.07293	0.03782	0.02325	0.74074	0.02746	0.00527	0.00533	0.00847	0.00368	0.00361
2	0.00714	0.00505	0.00659	0.00774	0.00803	0.00476	0.00507	0.00801	0.01061	0.01415	0.02980	0.69850	0.03566	0.11763	0.01009	0.00273	0.00360	0.01525	0.00507	0.00450
3	0.01238	0.01238	0.01884	0.03678	0.01708	0.01628	0.10246	0.01418	0.00958	0.01461	0.00909	0.03469	0.00871	0.00937	0.01616	0.00237	0.62495	0.00554	0.02818	0.00637
4	0.02566	0.00973	0.01327	0.01018	0.01460	0.00841	0.00841	0.02788	0.01637	0.76726	0.02257	0.01947	0.01416	0.00708	0.00575	0.00177	0.00487	0.00575	0.00708	0.00973
5	0.00702	0.00502	0.00669	0.00793	0.00831	0.00468	0.00531	0.00810	0.01120	0.01500	0.06665	0.75898	0.03861	0.01762	0.00727	0.00230	0.00329	0.01598	0.00536	0.00468
6	0.01416	0.01359	0.02322	0.03511	0.76330	0.01359	0.01755	0.01755	0.01302	0.01869	0.01076	0.01416	0.00906	0.00510	0.00566	0.00170	0.00680	0.00510	0.00283	0.00906
7	0.01307	0.00833	0.00921	0.03118	0.01087	0.00908	0.00654	0.17389	0.03707	0.02355	0.01683	0.01928	0.01319	0.00969	0.06601	0.00211	0.03043	0.00537	0.50786	0.00645
8	0.01220	0.01152	0.01963	0.47045	0.22383	0.01310	0.07055	0.03512	0.01237	0.01670	0.01071	0.01505	0.00834	0.00566	0.00606	0.00185	0.02690	0.00522	0.02753	0.00721
9	0.00793	0.00584	0.00742	0.00702	0.00845	0.00533	0.00527	0.01048	0.01581	0.02202	0.67448	0.04423	0.14034	0.01203	0.00675	0.00182	0.00272	0.01056	0.00618	0.00533
10	0.01360	0.01306	0.02220	0.15286	0.58854	0.01351	0.04402	0.01767	0.04476	0.01825	0.01124	0.01469	0.00918	0.00530	0.00572	0.00175	0.00694	0.00522	0.00292	0.00858
11	0.01416	0.01359	0.02322	0.03511	0.76330	0.01359	0.01755	0.01755	0.01302	0.01869	0.01076	0.01416	0.00906	0.00510	0.00566	0.00170	0.00680	0.00510	0.00283	0.00906
12	0.02417	0.01147	0.01427	0.01101	0.01542	0.01106	0.00907	0.21334	0.04972	0.54714	0.02031	0.01806	0.01315	0.00705	0.00575	0.00176	0.00522	0.00563	0.00668	0.00970
13	0.01442	0.62669	0.19809	0.01127	0.01697	0.02051	0.01237	0.01735	0.01173	0.01452	0.00848	0.00984	0.00732	0.00502	0.00407	0.00136	0.00665	0.00332	0.00244	0.00759
14	0.00697	0.00498	0.00664	0.00796	0.00830	0.00465	0.00531	0.00796	0.01095	0.01460	0.03153	0.79525	0.03783	0.01792	0.00730	0.00232	0.00332	0.01626	0.00531	0.00465
15	0.01186	0.01017	0.01186	0.00847	0.01356	0.00762	0.00678	0.01440	0.01186	0.01864	0.01017	0.01186	0.00847	0.00424	0.00424	0.00085	0.00424	0.00339	0.00339	0.83395
16	0.00697	0.00498	0.00664	0.00796	0.00830	0.00465	0.00531	0.00796	0.01095	0.01460	0.03153	0.79525	0.03783	0.01792	0.00730	0.00232	0.00332	0.01626	0.00531	0.00465
17	0.00697	0.00498	0.00664	0.00796	0.00830	0.00465	0.00531	0.00796	0.01095	0.01460	0.03153	0.79525	0.03783	0.01792	0.00730	0.00232	0.00332	0.01626	0.00531	0.00465
18	0.01474	0.01217	0.01295	0.01158	0.01486	0.01397	0.00902	0.03028	0.72010	0.05709	0.02325	0.02126	0.01731	0.00773	0.00582	0.00193	0.00454	0.00643	0.00588	0.00908

[dist]
# distance from previous block
# <min> <max>
0	1

[block]
# block no. 5 follows, 41 sequences, length 8
# corresponding to MSA columns:
# 342-349
name=unknown_F
#
# <colnr> <probs for GDERKNQSTAVLIFYWHMCP>
#	G	D	E	R	K	N	Q	S	T	A	V	L	I	F	Y	W	H	M	C	P
0	0.01425	0.01214	0.01278	0.01140	0.01464	0.01390	0.00890	0.07188	0.66755	0.02417	0.02467	0.02280	0.05914	0.00809	0.00587	0.00193	0.00454	0.00671	0.00579	0.00885
1	0.00812	0.00546	0.00630	0.00650	0.00655	0.00541	0.00374	0.00826	0.00871	0.01162	0.02005	0.15109	0.02335	0.68184	0.02584	0.00506	0.00521	0.00951	0.00374	0.00364
2	0.00697	0.00498	0.00664	0.00796	0.00830	0.00465	0.00531	0.00796	0.01095	0.01460	0.03153	0.79525	0.03783	0.01792	0.00730	0.00232	0.00332	0.01626	0.00531	0.00465
3	0.45645	0.01119	0.01246	0.29578	0.02217	0.01324	0.01022	0.08395	0.01197	0.02255	0.00932	0.01191	0.00705	0.00561	0.00455	0.00182	0.00578	0.00402	0.00337	0.00658
4	0.02055	0.01964	0.01567	0.01308	0.01668	0.32787	0.01030	0.37981	0.02112	0.02562	0.01218	0.01304	0.00922	0.00645	0.00533	0.00158	0.00761	0.00456	0.08165	0.00805
5	0.01184	0.01152	0.01622	0.01411	0.01427	0.01590	0.01168	0.01321	0.00883	0.01369	0.00873	0.01407	0.00857	0.01514	0.13683	0.00355	0.66802	0.00518	0.00259	0.00608
6	0.00898	0.00642	0.00893	0.01015	0.01139	0.00637	0.00870	0.01149	0.01315	0.01723	0.06943	0.12106	0.03443	0.01575	0.00779	0.00256	0.00498	0.63063	0.00533	0.00522
7	0.00824	0.00556	0.00647	0.00651	0.00664	0.00558	0.00382	0.00852	0.00887	0.01194	0.05538	0.06979	0.02286	0.68840	0.06421	0.00540	0.00579	0.00865	0.00367	0.00369

[dist]
# distance from previous block
# <min> <max>
3	4

[block]
# block no. 6 follows, 41 sequences, length 25
# corresponding to MSA columns:
# 354-378
name=unknown_G
#
# <colnr> <probs for GDERKNQSTAVLIFYWHMCP>
#	G	D	E	R	K	N	Q	S	T	A	V	L	I	F	Y	W	H	M	C	P
0	0.01330	0.02252	0.47244	0.05021	0.06035	0.03060	0.01706	0.07951	0.01342	0.07192	0.01201	0.01417	0.00889	0.01008	0.09611	0.00266	0.00874	0.00471	0.00314	0.00815
1	0.83938	0.01106	0.00841	0.00752	0.01106	0.01283	0.00619	0.01681	0.00973	0.02566	0.00796	0.00929	0.00619	0.00531	0.00354	0.00177	0.00442	0.00310	0.00354	0.00619
2	0.01218	0.01229	0.02284	0.42321	0.16390	0.01347	0.21761	0.01614	0.01222	0.01634	0.01060	0.01504	0.00817	0.00546	0.00631	0.00189	0.02689	0.00555	0.00269	0.00721
3	0.01340	0.01519	0.03279	0.04478	0.02970	0.01451	0.70004	0.01808	0.01330	0.01808	0.01141	0.01533	0.00861	0.00501	0.00709	0.00195	0.03357	0.00665	0.00287	0.00763
4	0.00705	0.00504	0.00671	0.00791	0.00831	0.00470	0.00532	0.00817	0.01133	0.01520	0.08425	0.74081	0.03900	0.01747	0.00726	0.00229	0.00327	0.01583	0.00538	0.00470
5	0.01516	0.70970	0.02918	0.01276	0.10268	0.02157	0.01070	0.01718	0.01179	0.01407	0.00828	0.00976	0.00754	0.00492	0.00390	0.00128	0.00620	0.00330	0.00249	0.00754
6	0.00727	0.00631	0.00718	0.09745	0.01147	0.00577	0.00573	0.00903	0.01294	0.01556	0.07167	0.05003	0.65296	0.01338	0.00664	0.00192	0.00345	0.01120	0.00501	0.00502
7	0.01416	0.01359	0.02322	0.03511	0.76330	0.01359	0.01755	0.01755	0.01302	0.01869	0.01076	0.01416	0.00906	0.00510	0.00566	0.00170	0.00680	0.00510	0.00283	0.00906
8	0.01416	0.01359	0.02322	0.03511	0.76330	0.01359	0.01755	0.01755	0.01302	0.01869	0.01076	0.01416	0.00906	0.00510	0.00566	0.00170	0.00680	0.00510	0.00283	0.00906
9	0.02058	0.01533	0.01654	0.01261	0.01725	0.01655	0.01039	0.65844	0.02513	0.03400	0.01331	0.01351	0.00958	0.00656	0.00555	0.00161	0.00605	0.00494	0.00545	0.10661
10	0.02054	0.01762	0.10558	0.01353	0.01856	0.01721	0.01208	0.65888	0.02515	0.03394	0.01333	0.01354	0.00944	0.00670	0.00569	0.00173	0.00655	0.00504	0.00533	0.00958
11	0.00818	0.00611	0.00908	0.00908	0.01006	0.00709	0.00701	0.01014	0.00916	0.01319	0.01542	0.02304	0.01455	0.07179	0.74777	0.00905	0.01495	0.00621	0.00308	0.00504
12	0.01369	0.01299	0.02152	0.07635	0.63235	0.01284	0.01619	0.01701	0.01279	0.01844	0.01065	0.01395	0.00891	0.00503	0.00550	0.00161	0.00654	0.00489	0.00288	0.10586
13	0.01416	0.01359	0.02322	0.03511	0.76330	0.01359	0.01755	0.01755	0.01302	0.01869	0.01076	0.01416	0.00906	0.00510	0.00566	0.00170	0.00680	0.00510	0.00283	0.00906
14	0.00706	0.00502	0.00661	0.00784	0.00815	0.00471	0.00518	0.00799	0.01077	0.01435	0.03058	0.74191	0.03663	0.07289	0.00884	0.00255	0.00348	0.01570	0.00518	0.00456
15	0.02138	0.01584	0.01696	0.01309	0.01760	0.01757	0.01078	0.70974	0.06197	0.03546	0.01419	0.01410	0.01010	0.00691	0.00573	0.00173	0.00621	0.00521	0.00573	0.00969
16	0.01416	0.01359	0.02322	0.03511	0.76330	0.01359	0.01755	0.01755	0.01302	0.01869	0.01076	0.01416	0.00906	0.00510	0.00566	0.00170	0.00680	0.00510	0.00283	0.00906
17	0.00832	0.00555	0.00624	0.00624	0.00624	0.00555	0.00347	0.00832	0.00832	0.01109	0.01802	0.03743	0.02080	0.79898	0.02911	0.00555	0.00555	0.00832	0.00347	0.00347
18	0.00697	0.00498	0.00664	0.00796	0.00830	0.00465	0.00531	0.00796	0.01095	0.01460	0.03153	0.79525	0.03783	0.01792	0.00730	0.00232	0.00332	0.01626	0.00531	0.00465
19	0.01314	0.01467	0.03104	0.11315	0.03031	0.01440	0.62284	0.01767	0.01304	0.01767	0.01122	0.01527	0.00850	0.00517	0.00719	0.00195	0.04597	0.00647	0.00283	0.00749
20	0.01353	0.01281	0.02064	0.04569	0.01984	0.01472	0.22683	0.06839	0.09155	0.03898	0.03101	0.01750	0.04430	0.00794	0.01091	0.00211	0.29734	0.00616	0.02255	0.00722
21	0.00922	0.00658	0.00922	0.01053	0.01185	0.00658	0.00922	0.01185	0.01317	0.01712	0.03029	0.06452	0.03292	0.01580	0.00790	0.00263	0.00527	0.72480	0.00527	0.00527
22	0.01323	0.01551	0.05813	0.02320	0.02887	0.01405	0.68306	0.01801	0.01344	0.01826	0.01241	0.01762	0.00977	0.00536	0.00676	0.00196	0.00940	0.04038	0.00299	0.00763
23	0.01339	0.01494	0.03157	0.05873	0.08433	0.01444	0.62670	0.01792	0.01318	0.01800	0.01129	0.01521	0.00861	0.00509	0.00710	0.00193	0.04054	0.00648	0.00286	0.00770
24	0.01199	0.05928	0.50384	0.09912	0.02692	0.01389	0.16973	0.01774	0.01228	0.01758	0.01042	0.01298	0.00759	0.00531	0.00566	0.00182	0.00851	0.00479	0.00253	0.00803

[dist]
# distance from previous block
# <min> <max>
0	1

[block]
# block no. 7 follows, 41 sequences, length 16
# corresponding to MSA columns:
# 380-395
name=unknown_H
#
# <colnr> <probs for GDERKNQSTAVLIFYWHMCP>
#	G	D	E	R	K	N	Q	S	T	A	V	L	I	F	Y	W	H	M	C	P
0	0.01435	0.01640	0.05737	0.06904	0.15306	0.08444	0.43758	0.04300	0.01383	0.01825	0.01102	0.01447	0.00851	0.00524	0.00657	0.00185	0.02837	0.00589	0.00293	0.00782
1	0.00710	0.00576	0.00632	0.00642	0.00808	0.00498	0.00481	0.00876	0.01337	0.01668	0.17141	0.12449	0.54480	0.01440	0.00685	0.00197	0.00300	0.04040	0.00547	0.00492
2	0.00723	0.00572	0.00651	0.00652	0.00807	0.00500	0.00481	0.00905	0.01385	0.01786	0.28993	0.13730	0.43996	0.01395	0.00682	0.00193	0.00288	0.01198	0.00564	0.00500
3	0.01292	0.01439	0.03068	0.11678	0.03024	0.01388	0.62540	0.01747	0.01315	0.01773	0.01216	0.04510	0.00966	0.00543	0.00664	0.00194	0.00916	0.00691	0.00294	0.00743
4	0.00810	0.00585	0.00765	0.00720	0.00855	0.00540	0.00540	0.01079	0.01619	0.02294	0.76028	0.04273	0.05397	0.01169	0.00675	0.00180	0.00270	0.01034	0.00630	0.00540
5	0.01380	0.01555	0.10849	0.03206	0.61845	0.01363	0.07857	0.01768	0.01296	0.01859	0.01077	0.01403	0.00882	0.00511	0.00573	0.00173	0.00722	0.00514	0.00279	0.00888
6	0.01147	0.02959	0.76934	0.01630	0.02476	0.01328	0.02113	0.01811	0.01208	0.01811	0.01026	0.01208	0.00725	0.00543	0.00543	0.00181	0.00845	0.00423	0.00242	0.00845
7	0.00697	0.00498	0.00664	0.00796	0.00830	0.00465	0.00531	0.00796	0.01095	0.01460	0.03153	0.79525	0.03783	0.01792	0.00730	0.00232	0.00332	0.01626	0.00531	0.00465
8	0.02039	0.01619	0.01635	0.01301	0.01723	0.07326	0.01056	0.56470	0.15439	0.03227	0.01506	0.01482	0.01092	0.00695	0.00570	0.00174	0.00628	0.00527	0.00553	0.00938
9	0.01346	0.01288	0.02196	0.19071	0.61314	0.01341	0.01721	0.01694	0.01269	0.01784	0.01064	0.01438	0.00876	0.00523	0.00567	0.00174	0.00697	0.00509	0.00277	0.00850
10	0.83938	0.01106	0.00841	0.00752	0.01106	0.01283	0.00619	0.01681	0.00973	0.02566	0.00796	0.00929	0.00619	0.00531	0.00354	0.00177	0.00442	0.00310	0.00354	0.00619
11	0.00810	0.00585	0.00765	0.00720	0.00855	0.00540	0.00540	0.01079	0.01619	0.02294	0.76028	0.04273	0.05397	0.01169	0.00675	0.00180	0.00270	0.01034	0.00630	0.00540
12	0.01147	0.02959	0.76934	0.01630	0.02476	0.01328	0.02113	0.01811	0.01208	0.01811	0.01026	0.01208	0.00725	0.00543	0.00543	0.00181	0.00845	0.00423	0.00242	0.00845
13	0.02174	0.01602	0.01717	0.01316	0.01774	0.01774	0.01087	0.74423	0.02689	0.03605	0.01373	0.01373	0.00973	0.00687	0.00572	0.00172	0.00629	0.00515	0.00572	0.00973
14	0.00685	0.00575	0.00595	0.00600	0.00781	0.00485	0.00446	0.00834	0.01309	0.01583	0.09644	0.09794	0.67807	0.01453	0.00679	0.00195	0.00291	0.01222	0.00537	0.00485
15	0.00803	0.00584	0.00755	0.00713	0.00850	0.00537	0.00535	0.01067	0.01604	0.02257	0.72561	0.04333	0.08887	0.01183	0.00675	0.00181	0.00271	0.01043	0.00625	0.00537

[dist]
# distance from previous block
# <min> <max>
0	1

[block]
# block no. 8 follows, 41 sequences, length 16
# corresponding to MSA columns:
# 397-412
name=unknown_I
#
# <colnr> <probs for GDERKNQSTAVLIFYWHMCP>
#	G	D	E	R	K	N	Q	S	T	A	V	L	I	F	Y	W	H	M	C	P
0	0.00800	0.00584	0.00752	0.00710	0.00849	0.00536	0.00533	0.01062	0.01598	0.02243	0.71239	0.04357	0.10218	0.01188	0.00675	0.00181	0.00271	0.01046	0.00623	0.00536
1	0.01503	0.74949	0.08062	0.01023	0.01537	0.02199	0.01056	0.01720	0.01165	0.01378	0.00811	0.00937	0.00733	0.00493	0.00379	0.00126	0.00628	0.00314	0.00244	0.00742
2	0.00994	0.00497	0.00745	0.00745	0.00745	0.00497	0.00497	0.00745	0.00745	0.00994	0.00994	0.01739	0.00994	0.01987	0.02235	0.83358	0.00497	0.00497	0.00248	0.00248
3	0.01444	0.01446	0.02191	0.11555	0.61608	0.08282	0.01678	0.01771	0.01314	0.01781	0.01052	0.01393	0.00875	0.00524	0.00562	0.00170	0.00721	0.00497	0.00281	0.00854
4	0.01503	0.01671	0.01715	0.01494	0.01578	0.23330	0.01210	0.01635	0.01088	0.01383	0.00789	0.01189	0.00747	0.00884	0.01490	0.00221	0.56713	0.00463	0.00263	0.00636
5	0.01197	0.01193	0.06566	0.01211	0.08311	0.00880	0.04453	0.01494	0.01210	0.01849	0.01177	0.01359	0.03171	0.00474	0.00465	0.00108	0.00498	0.00403	0.00331	0.63650
6	0.01333	0.16836	0.14883	0.30413	0.02651	0.01508	0.04962	0.12088	0.01422	0.01880	0.05854	0.01508	0.01084	0.00602	0.00539	0.00172	0.00706	0.00497	0.00322	0.00740
7	0.00693	0.00549	0.00624	0.00672	0.00800	0.00480	0.00479	0.00829	0.01245	0.01564	0.09572	0.33783	0.43568	0.01561	0.00697	0.00207	0.00305	0.01356	0.00538	0.00480
8	0.01244	0.01099	0.01483	0.32920	0.06765	0.01254	0.01190	0.02089	0.30190	0.01918	0.01570	0.01750	0.01194	0.00638	0.00554	0.00178	0.00582	0.00547	0.03919	0.08919
9	0.01999	0.01439	0.01580	0.01248	0.01659	0.01589	0.01021	0.56568	0.09633	0.07501	0.01533	0.01561	0.01116	0.01024	0.07580	0.00242	0.00686	0.00540	0.00557	0.00924
10	0.00812	0.00546	0.00630	0.00649	0.00653	0.00542	0.00373	0.00827	0.00870	0.01160	0.01996	0.14641	0.02324	0.68666	0.02598	0.00508	0.00523	0.00946	0.00373	0.00364
11	0.01231	0.08740	0.01463	0.06369	0.16469	0.01043	0.00954	0.07744	0.01552	0.06423	0.33254	0.02884	0.07804	0.00881	0.00601	0.00173	0.00463	0.00763	0.00491	0.00698
12	0.01072	0.00900	0.08330	0.00845	0.01106	0.00690	0.00730	0.01395	0.05355	0.11814	0.28208	0.07311	0.22591	0.04128	0.00735	0.00203	0.00391	0.03019	0.00555	0.00621
13	0.01408	0.00992	0.01191	0.00896	0.01349	0.00777	0.00709	0.01638	0.01326	0.13765	0.08142	0.03763	0.01478	0.00608	0.00501	0.00122	0.00435	0.00492	0.00446	0.59963
14	0.01327	0.10477	0.64197	0.01555	0.02338	0.01415	0.01930	0.01896	0.01262	0.06626	0.01134	0.01297	0.00819	0.00583	0.00550	0.00184	0.00814	0.00438	0.00290	0.00867
15	0.05989	0.07791	0.16735	0.01041	0.01557	0.01056	0.01001	0.01588	0.04557	0.01881	0.01522	0.05098	0.06176	0.00643	0.00500	0.00142	0.00532	0.00501	0.00362	0.41330

[dist]
# distance from previous block
# <min> <max>
4	13

[block]
# block no. 9 follows, 41 sequences, length 195
# corresponding to MSA columns:
# 428-622
name=unknown_J
#
# <colnr> <probs for GDERKNQSTAVLIFYWHMCP>
#	G	D	E	R	K	N	Q	S	T	A	V	L	I	F	Y	W	H	M	C	P
0	0.06019	0.15110	0.13870	0.01307	0.01822	0.01728	0.01217	0.38644	0.05605	0.06892	0.01363	0.01427	0.01013	0.00681	0.00557	0.00181	0.00661	0.00490	0.00486	0.00929
1	0.23296	0.01160	0.04388	0.42261	0.06366	0.01261	0.01282	0.01660	0.01186	0.05516	0.01149	0.01511	0.00878	0.00623	0.00538	0.00197	0.00660	0.00483	0.04880	0.00705
2	0.02734	0.05947	0.71775	0.01635	0.02455	0.01404	0.02059	0.01856	0.01252	0.01880	0.01095	0.01304	0.00802	0.00596	0.00568	0.00194	0.00852	0.00443	0.00273	0.00876
3	0.01469	0.01432	0.02727	0.02276	0.14068	0.01348	0.45259	0.05423	0.01475	0.05087	0.05545	0.01909	0.03814	0.00629	0.00670	0.00196	0.00818	0.00683	0.00377	0.04795
4	0.01331	0.01187	0.05412	0.00967	0.01485	0.00874	0.00809	0.01641	0.04496	0.04973	0.01206	0.01372	0.00980	0.00513	0.00479	0.00115	0.00479	0.00394	0.00387	0.70900
5	0.00903	0.00675	0.00978	0.00974	0.01083	0.00764	0.00750	0.01083	0.00973	0.01407	0.01607	0.02346	0.01500	0.04296	0.76665	0.00924	0.01546	0.00637	0.00334	0.00554
6	0.01281	0.01252	0.01867	0.06027	0.01792	0.01608	0.08869	0.01432	0.01016	0.01515	0.01117	0.08674	0.01124	0.01044	0.01587	0.00253	0.57916	0.00650	0.00309	0.00669
7	0.01387	0.01069	0.01254	0.00918	0.01422	0.00817	0.00727	0.01613	0.01276	0.08447	0.01206	0.01365	0.00974	0.00504	0.00473	0.00109	0.00458	0.00387	0.00399	0.75194
8	0.01267	0.01073	0.01241	0.00903	0.01413	0.00810	0.00713	0.01496	0.01237	0.01936	0.01098	0.01299	0.00925	0.00480	0.00460	0.00101	0.00452	0.00367	0.00366	0.82362
9	0.01426	0.42949	0.37777	0.01339	0.01998	0.01852	0.01543	0.01811	0.01234	0.01643	0.00988	0.01170	0.00808	0.00570	0.00487	0.00166	0.00748	0.00389	0.00272	0.00827
10	0.00764	0.00642	0.00643	0.00639	0.00838	0.00534	0.00473	0.00885	0.01353	0.01621	0.05814	0.05562	0.75198	0.01491	0.00709	0.00208	0.00320	0.01224	0.00556	0.00527
11	0.01373	0.01401	0.08141	0.03712	0.38066	0.01299	0.01409	0.02030	0.21217	0.02025	0.01993	0.05094	0.08069	0.00774	0.00619	0.00197	0.00611	0.00671	0.00420	0.00879
12	0.01481	0.01173	0.01302	0.01026	0.01446	0.01097	0.00803	0.15933	0.14350	0.03754	0.01680	0.01872	0.04487	0.05895	0.00695	0.00174	0.00501	0.00530	0.00470	0.41329
13	0.00860	0.00585	0.00760	0.00871	0.00931	0.00538	0.00595	0.00947	0.01175	0.04239	0.03169	0.72901	0.03718	0.01783	0.00759	0.00246	0.00375	0.04455	0.00562	0.00530
14	0.00903	0.00675	0.00978	0.00974	0.01083	0.00764	0.00750	0.01083	0.00973	0.01407	0.01607	0.02346	0.01500	0.04296	0.76665	0.00924	0.01546	0.00637	0.00334	0.00554
15	0.17254	0.00926	0.00899	0.00796	0.01045	0.00983	0.00622	0.16502	0.01513	0.02587	0.01630	0.01846	0.01272	0.00697	0.00463	0.00165	0.00406	0.00512	0.49196	0.00684
16	0.00878	0.00646	0.00801	0.00759	0.00908	0.00583	0.00563	0.01106	0.01622	0.02261	0.65856	0.04508	0.14756	0.01253	0.00708	0.00196	0.00303	0.01076	0.00640	0.00576
17	0.01619	0.01285	0.01429	0.01081	0.01564	0.01193	0.00866	0.26581	0.05822	0.02561	0.01292	0.01415	0.01017	0.00589	0.00519	0.00137	0.00524	0.00444	0.00460	0.49601
18	0.02592	0.01091	0.01418	0.01100	0.01547	0.00978	0.00898	0.09729	0.01783	0.68779	0.02237	0.01995	0.01443	0.00758	0.00609	0.00191	0.00528	0.00594	0.00718	0.01011
19	0.04756	0.01664	0.01823	0.18905	0.15357	0.15304	0.01332	0.28978	0.01880	0.02439	0.01210	0.01448	0.00935	0.00660	0.00587	0.00186	0.00760	0.00505	0.00418	0.00855
20	0.00952	0.00681	0.00918	0.01036	0.01153	0.00660	0.00852	0.01155	0.01331	0.01757	0.06303	0.22261	0.03536	0.01649	0.00803	0.00267	0.00500	0.53069	0.00557	0.00557
21	0.01447	0.01587	0.18095	0.01267	0.01694	0.01315	0.01165	0.06178	0.41269	0.05806	0.07915	0.05997	0.01920	0.00850	0.00621	0.00205	0.00558	0.00690	0.00537	0.00886
22	0.01122	0.00865	0.01131	0.00973	0.01269	0.00717	0.04635	0.01292	0.01226	0.05383	0.02130	0.36703	0.02278	0.01114	0.00619	0.00178	0.00443	0.00977	0.00468	0.36474
