[name]
unknown

[dist]
# distance from previous block
# <min> <max>
0	12

[block]
# block no. 0 follows, 40 sequences, length 10
# corresponding to MSA columns:
# 12-21
name=unknown_A
#
# <colnr> <probs for GDERKNQSTAVLIFYWHMCP>
#	G	D	E	R	K	N	Q	S	T	A	V	L	I	F	Y	W	H	M	C	P
0	0.77400	0.06656	0.01040	0.00812	0.01183	0.01396	0.00675	0.01740	0.01032	0.02556	0.00855	0.01007	0.00681	0.00566	0.00381	0.00184	0.00477	0.00330	0.00367	0.00661
1	0.83133	0.01154	0.00887	0.00796	0.01158	0.01327	0.00649	0.01738	0.01018	0.02643	0.00855	0.01008	0.00673	0.00569	0.00380	0.00188	0.00465	0.00330	0.00375	0.00653
2	0.02483	0.00985	0.01327	0.01037	0.01460	0.00853	0.00845	0.02699	0.01687	0.69223	0.08899	0.02247	0.01840	0.00790	0.00612	0.00188	0.00490	0.00640	0.00725	0.00970
3	0.01210	0.03025	0.76049	0.01682	0.02540	0.01372	0.02157	0.01869	0.01255	0.01881	0.01088	0.01289	0.00779	0.00582	0.00571	0.00192	0.00872	0.00444	0.00261	0.00881
4	0.00756	0.00540	0.00708	0.00840	0.00878	0.00500	0.00560	0.00844	0.01141	0.01526	0.03234	0.78695	0.03867	0.01842	0.00760	0.00244	0.00353	0.01659	0.00553	0.00496
5	0.00756	0.00540	0.00708	0.00840	0.00878	0.00500	0.00560	0.00844	0.01141	0.01526	0.03234	0.78695	0.03867	0.01842	0.00760	0.00244	0.00353	0.01659	0.00553	0.00496
6	0.00892	0.00598	0.00668	0.00666	0.00671	0.00591	0.00374	0.00880	0.00875	0.01172	0.01871	0.03848	0.02147	0.79036	0.02962	0.00569	0.00578	0.00857	0.00367	0.00377
7	0.01677	0.69231	0.02880	0.01091	0.01563	0.12182	0.01029	0.01846	0.01270	0.01418	0.00866	0.01011	0.00789	0.00541	0.00413	0.00136	0.00692	0.00335	0.00271	0.00759
8	0.83671	0.01125	0.00855	0.00765	0.01125	0.01305	0.00630	0.01709	0.00990	0.02609	0.00810	0.00945	0.00630	0.00540	0.00360	0.00180	0.00450	0.00315	0.00360	0.00630
9	0.00788	0.00593	0.00729	0.00695	0.00847	0.00534	0.00521	0.01030	0.01563	0.02136	0.57655	0.04667	0.23583	0.01262	0.00686	0.00186	0.00280	0.01097	0.00614	0.00534

[dist]
# distance from previous block
# <min> <max>
5	6

[block]
# block no. 1 follows, 40 sequences, length 7
# corresponding to MSA columns:
# 28-34
name=unknown_B
#
# <colnr> <probs for GDERKNQSTAVLIFYWHMCP>
#	G	D	E	R	K	N	Q	S	T	A	V	L	I	F	Y	W	H	M	C	P
0	0.00709	0.00506	0.00675	0.00810	0.00843	0.00472	0.00540	0.00810	0.01113	0.01484	0.03205	0.79184	0.03846	0.01822	0.00742	0.00236	0.00337	0.01653	0.00540	0.00472
1	0.01206	0.01034	0.01206	0.00861	0.01378	0.00775	0.00689	0.01464	0.01206	0.01895	0.01034	0.01206	0.00861	0.00431	0.00431	0.00086	0.00431	0.00345	0.00345	0.83118
2	0.46058	0.08586	0.09362	0.01031	0.01485	0.01531	0.00950	0.20701	0.01490	0.02692	0.00988	0.01092	0.00746	0.00579	0.00440	0.00174	0.00559	0.00382	0.00396	0.00759
3	0.01373	0.01569	0.03431	0.02451	0.03039	0.01471	0.73824	0.01863	0.01373	0.01863	0.01176	0.01569	0.00882	0.00490	0.00686	0.00196	0.00980	0.00686	0.00294	0.00784
4	0.01530	0.06130	0.44722	0.01458	0.02154	0.01452	0.01659	0.20692	0.01638	0.05895	0.01184	0.01292	0.00845	0.00588	0.00545	0.00172	0.00744	0.00450	0.00363	0.06488
5	0.01352	0.02763	0.60461	0.01749	0.07730	0.08192	0.01962	0.01933	0.01296	0.05696	0.01099	0.01266	0.00788	0.00563	0.00553	0.00180	0.00845	0.00439	0.00278	0.00854
6	0.01206	0.01034	0.01206	0.00861	0.01378	0.00775	0.00689	0.01464	0.01206	0.01895	0.01034	0.01206	0.00861	0.00431	0.00431	0.00086	0.00431	0.00345	0.00345	0.83118

[dist]
# distance from previous block
# <min> <max>
0	1

[block]
# block no. 2 follows, 40 sequences, length 26
# corresponding to MSA columns:
# 36-61
name=unknown_C
#
# <colnr> <probs for GDERKNQSTAVLIFYWHMCP>
#	G	D	E	R	K	N	Q	S	T	A	V	L	I	F	Y	W	H	M	C	P
0	0.01600	0.68331	0.02808	0.01043	0.01506	0.10813	0.00994	0.01785	0.01251	0.01408	0.03418	0.01065	0.00911	0.00533	0.00401	0.00129	0.00659	0.00344	0.00268	0.00731
1	0.00752	0.00601	0.00669	0.00686	0.00854	0.00531	0.00530	0.00923	0.01331	0.01649	0.12191	0.05521	0.52096	0.06242	0.00845	0.00229	0.00349	0.12967	0.00538	0.00496
2	0.01162	0.01072	0.01809	0.58296	0.18402	0.01262	0.01582	0.01502	0.01171	0.01541	0.01044	0.01541	0.00819	0.00657	0.00684	0.05258	0.00742	0.00516	0.00264	0.00678
3	0.01887	0.04929	0.02156	0.04735	0.02175	0.43232	0.19164	0.09129	0.01628	0.01751	0.01014	0.01234	0.00807	0.00590	0.00608	0.00168	0.03266	0.00474	0.00321	0.00732
4	0.00709	0.00506	0.00675	0.00810	0.00843	0.00472	0.00540	0.00810	0.01113	0.01484	0.03205	0.79184	0.03846	0.01822	0.00742	0.00236	0.00337	0.01653	0.00540	0.00472
5	0.00709	0.00506	0.00675	0.00810	0.00843	0.00472	0.00540	0.00810	0.01113	0.01484	0.03205	0.79184	0.03846	0.01822	0.00742	0.00236	0.00337	0.01653	0.00540	0.00472
6	0.00938	0.00653	0.00861	0.00867	0.04142	0.00600	0.00622	0.01197	0.01583	0.06345	0.57103	0.04324	0.13371	0.01184	0.00680	0.00187	0.00317	0.03831	0.00613	0.00582
7	0.01010	0.00505	0.00758	0.00758	0.00758	0.00505	0.00505	0.00758	0.00758	0.01010	0.01010	0.01768	0.01010	0.02020	0.02273	0.83081	0.00505	0.00505	0.00253	0.00253
8	0.00687	0.00589	0.00589	0.00589	0.00785	0.00491	0.00442	0.00835	0.01325	0.01571	0.05891	0.05596	0.75700	0.01473	0.00687	0.00196	0.00295	0.01227	0.00540	0.00491
9	0.05783	0.01363	0.02363	0.09293	0.57166	0.01381	0.10593	0.01766	0.01299	0.01900	0.01084	0.01438	0.00889	0.00521	0.00578	0.00178	0.00721	0.00528	0.00290	0.00867
10	0.06020	0.01416	0.05171	0.09995	0.48143	0.01393	0.08585	0.03990	0.06016	0.01981	0.01168	0.01471	0.00936	0.00547	0.00575	0.00179	0.00704	0.00528	0.00316	0.00865
11	0.02172	0.02772	0.01648	0.01498	0.01798	0.77228	0.01124	0.02322	0.01648	0.01423	0.00899	0.01049	0.00749	0.00599	0.00524	0.00150	0.01049	0.00375	0.00300	0.00674
12	0.00732	0.00523	0.00701	0.00836	0.00880	0.00492	0.00580	0.00850	0.01136	0.01510	0.03192	0.71847	0.03796	0.01800	0.00748	0.00239	0.00357	0.08762	0.00539	0.00479
13	0.00709	0.00506	0.00675	0.00810	0.00843	0.00472	0.00540	0.00810	0.01113	0.01484	0.03205	0.79184	0.03846	0.01822	0.00742	0.00236	0.00337	0.01653	0.00540	0.00472
14	0.01777	0.01597	0.02498	0.09769	0.65763	0.01562	0.01870	0.02002	0.01540	0.02204	0.01468	0.01965	0.01269	0.00781	0.00738	0.00245	0.00816	0.00639	0.00418	0.01079
15	0.01166	0.03008	0.76550	0.01657	0.02517	0.01351	0.02149	0.01842	0.01228	0.01842	0.01044	0.01228	0.00737	0.00552	0.00552	0.00184	0.00859	0.00430	0.00246	0.00859
16	0.01115	0.01066	0.01847	0.73535	0.03946	0.01303	0.06031	0.01509	0.01176	0.01509	0.01042	0.01552	0.00782	0.00576	0.00588	0.00194	0.00788	0.00527	0.00261	0.00654
17	0.01586	0.01299	0.01465	0.01125	0.01648	0.01000	0.00855	0.01726	0.01443	0.02233	0.01417	0.01737	0.01224	0.00694	0.00601	0.00162	0.00565	0.00476	0.00474	0.78272
18	0.01184	0.06491	0.73221	0.01627	0.02470	0.01394	0.02096	0.01837	0.01226	0.01820	0.01033	0.01214	0.00737	0.00550	0.00544	0.00181	0.00849	0.00424	0.00246	0.00854
19	0.00709	0.00506	0.00675	0.00810	0.00843	0.00472	0.00540	0.00810	0.01113	0.01484	0.03205	0.79184	0.03846	0.01822	0.00742	0.00236	0.00337	0.01653	0.00540	0.00472
20	0.00846	0.00564	0.00634	0.00634	0.00634	0.00564	0.00352	0.00846	0.00846	0.01128	0.01832	0.03805	0.02114	0.79563	0.02960	0.00564	0.00564	0.00846	0.00352	0.00352
21	0.00738	0.00596	0.00661	0.00669	0.00844	0.00519	0.00513	0.00920	0.01381	0.01727	0.18543	0.07405	0.53538	0.01442	0.00700	0.00202	0.00316	0.08223	0.00558	0.00506
22	0.01359	0.01542	0.03346	0.06268	0.03088	0.01462	0.70183	0.01844	0.01362	0.01844	0.01169	0.01568	0.00877	0.00495	0.00681	0.00196	0.00970	0.00678	0.00292	0.00777
23	0.83671	0.01125	0.00855	0.00765	0.01125	0.01305	0.00630	0.01709	0.00990	0.02609	0.00810	0.00945	0.00630	0.00540	0.00360	0.00180	0.00450	0.00315	0.00360	0.00630
24	0.01533	0.73059	0.06137	0.01032	0.01538	0.02222	0.01041	0.01806	0.04500	0.01436	0.00889	0.01001	0.00792	0.00513	0.00391	0.00130	0.00625	0.00332	0.00264	0.00759
25	0.02075	0.05748	0.01758	0.01299	0.01749	0.01783	0.01075	0.60821	0.12143	0.03380	0.01493	0.01473	0.01079	0.00699	0.00572	0.00175	0.00615	0.00530	0.00565	0.00967

[dist]
# distance from previous block
# <min> <max>
0	1

[block]
# block no. 3 follows, 40 sequences, length 16
# corresponding to MSA columns:
# 63-78
name=unknown_D
#
# <colnr> <probs for GDERKNQSTAVLIFYWHMCP>
#	G	D	E	R	K	N	Q	S	T	A	V	L	I	F	Y	W	H	M	C	P
0	0.01098	0.01034	0.01744	0.78165	0.04005	0.01292	0.01615	0.01486	0.01163	0.01486	0.01034	0.01550	0.00775	0.00581	0.00581	0.00194	0.00775	0.00517	0.00258	0.00646
1	0.01206	0.01034	0.01206	0.00861	0.01378	0.00775	0.00689	0.01464	0.01206	0.01895	0.01034	0.01206	0.00861	0.00431	0.00431	0.00086	0.00431	0.00345	0.00345	0.83118
2	0.83671	0.01125	0.00855	0.00765	0.01125	0.01305	0.00630	0.01709	0.00990	0.02609	0.00810	0.00945	0.00630	0.00540	0.00360	0.00180	0.00450	0.00315	0.00360	0.00630
3	0.00687	0.00589	0.00589	0.00589	0.00785	0.00491	0.00442	0.00835	0.01325	0.01571	0.05891	0.05596	0.75700	0.01473	0.00687	0.00196	0.00295	0.01227	0.00540	0.00491
4	0.00709	0.00506	0.00675	0.00810	0.00843	0.00472	0.00540	0.00810	0.01113	0.01484	0.03205	0.79184	0.03846	0.01822	0.00742	0.00236	0.00337	0.01653	0.00540	0.00472
5	0.00823	0.00594	0.00777	0.00732	0.00869	0.00549	0.00549	0.01097	0.01646	0.02332	0.75629	0.04344	0.05487	0.01189	0.00686	0.00183	0.00274	0.01052	0.00640	0.00549
6	0.00709	0.00506	0.00675	0.00810	0.00843	0.00472	0.00540	0.00810	0.01113	0.01484	0.03205	0.79184	0.03846	0.01822	0.00742	0.00236	0.00337	0.01653	0.00540	0.00472
7	0.00715	0.00590	0.00628	0.00619	0.00803	0.00503	0.00464	0.00889	0.01392	0.01729	0.20359	0.05337	0.61133	0.01414	0.00687	0.00194	0.00290	0.01191	0.00561	0.00503
8	0.02172	0.02772	0.01648	0.01498	0.01798	0.77228	0.01124	0.02322	0.01648	0.01423	0.00899	0.01049	0.00749	0.00599	0.00524	0.00150	0.01049	0.00375	0.00300	0.00674
9	0.01555	0.79913	0.03047	0.00995	0.01493	0.02301	0.00995	0.01741	0.01182	0.01368	0.00808	0.00933	0.00746	0.00498	0.00373	0.00124	0.00622	0.00311	0.00249	0.00746
10	0.02587	0.01025	0.01371	0.01051	0.01502	0.00907	0.00869	0.06758	0.01723	0.72331	0.02245	0.01947	0.01415	0.00719	0.00585	0.00180	0.00503	0.00581	0.00712	0.00990
11	0.01555	0.79913	0.03047	0.00995	0.01493	0.02301	0.00995	0.01741	0.01182	0.01368	0.00808	0.00933	0.00746	0.00498	0.00373	0.00124	0.00622	0.00311	0.00249	0.00746
12	0.01010	0.00505	0.00758	0.00758	0.00758	0.00505	0.00505	0.00758	0.00758	0.01010	0.01010	0.01768	0.01010	0.02020	0.02273	0.83081	0.00505	0.00505	0.00253	0.00253
13	0.01166	0.03008	0.76550	0.01657	0.02517	0.01351	0.02149	0.01842	0.01228	0.01842	0.01044	0.01228	0.00737	0.00552	0.00552	0.00184	0.00859	0.00430	0.00246	0.00859
14	0.00709	0.00506	0.00675	0.00810	0.00843	0.00472	0.00540	0.00810	0.01113	0.01484	0.03205	0.79184	0.03846	0.01822	0.00742	0.00236	0.00337	0.01653	0.00540	0.00472
15	0.00790	0.00589	0.00854	0.00940	0.01021	0.00561	0.03777	0.00946	0.01177	0.01560	0.03089	0.59081	0.03604	0.01715	0.00754	0.00242	0.00411	0.17862	0.00528	0.00500

[dist]
# distance from previous block
# <min> <max>
0	67

# created by:
# /software/SequenceAnalysis/GenePrediction/augustus/3.0.1/scripts/msa2prfl.pl ./fixed/BUSCOvEOG77DBX9.fas
