[name]
unknown

[dist]
# distance from previous block
# <min> <max>
0	203

[block]
# block no. 0 follows, 40 sequences, length 6
# corresponding to MSA columns:
# 203-208
name=unknown_A
#
# <colnr> <probs for GDERKNQSTAVLIFYWHMCP>
#	G	D	E	R	K	N	Q	S	T	A	V	L	I	F	Y	W	H	M	C	P
0	0.00937	0.00669	0.00937	0.01071	0.01205	0.00669	0.00937	0.01205	0.01339	0.01740	0.03079	0.06560	0.03347	0.01606	0.00803	0.00268	0.00535	0.72021	0.00535	0.00535
1	0.01394	0.01336	0.02279	0.13444	0.66414	0.01370	0.01762	0.01745	0.01303	0.01845	0.01086	0.01454	0.00902	0.00527	0.00576	0.00176	0.00702	0.00518	0.00284	0.00885
2	0.00949	0.00592	0.00786	0.00800	0.00919	0.00543	0.00576	0.01135	0.01389	0.09463	0.32998	0.40433	0.04278	0.01448	0.00703	0.00208	0.00327	0.01296	0.00600	0.00557
3	0.00986	0.00830	0.01054	0.16673	0.01662	0.00909	0.00847	0.01574	0.21289	0.01758	0.02980	0.30061	0.14618	0.01229	0.00659	0.00210	0.00453	0.01078	0.00497	0.00633
4	0.08106	0.01564	0.01649	0.01285	0.01733	0.01741	0.01057	0.63535	0.07878	0.03498	0.01424	0.01420	0.01020	0.00693	0.00566	0.00177	0.00613	0.00518	0.00566	0.00958
5	0.24737	0.01559	0.01427	0.08998	0.01790	0.13445	0.00996	0.31717	0.01850	0.02697	0.01328	0.01428	0.04329	0.00663	0.00516	0.00175	0.00649	0.00474	0.00440	0.00781

[dist]
# distance from previous block
# <min> <max>
0	1

[block]
# block no. 1 follows, 40 sequences, length 13
# corresponding to MSA columns:
# 210-222
name=unknown_B
#
# <colnr> <probs for GDERKNQSTAVLIFYWHMCP>
#	G	D	E	R	K	N	Q	S	T	A	V	L	I	F	Y	W	H	M	C	P
0	0.01716	0.11908	0.01675	0.01364	0.04908	0.42097	0.01024	0.01971	0.05716	0.01564	0.05883	0.01839	0.09616	0.00753	0.00625	0.00164	0.05611	0.00534	0.00354	0.00678
1	0.06260	0.01026	0.01243	0.01018	0.01399	0.01004	0.00821	0.04521	0.19243	0.43421	0.07429	0.02327	0.06049	0.00802	0.00588	0.00185	0.00461	0.00656	0.00651	0.00895
2	0.01908	0.01521	0.01500	0.01212	0.01593	0.10222	0.00957	0.38887	0.10412	0.06488	0.01532	0.01763	0.01211	0.09836	0.00847	0.00216	0.00638	0.00552	0.00516	0.08187
3	0.01459	0.01395	0.02370	0.03575	0.75710	0.01392	0.01790	0.01797	0.01336	0.01918	0.01114	0.01467	0.00940	0.00532	0.00584	0.00176	0.00697	0.00524	0.00295	0.00931
4	0.01601	0.01232	0.01332	0.01179	0.01523	0.01387	0.00921	0.03069	0.66166	0.11022	0.02374	0.02172	0.01752	0.00794	0.00599	0.00199	0.00471	0.00655	0.00613	0.00938
5	0.00728	0.00531	0.00680	0.00798	0.00853	0.00487	0.00538	0.00828	0.01151	0.01514	0.03530	0.70424	0.12191	0.01791	0.00744	0.00235	0.00340	0.01606	0.00546	0.00485
6	0.01966	0.05657	0.01639	0.01386	0.01719	0.45750	0.01068	0.09263	0.21882	0.01929	0.01366	0.01413	0.01073	0.00670	0.00550	0.00168	0.00835	0.00470	0.00411	0.00785
7	0.24608	0.01068	0.01196	0.00983	0.01372	0.01077	0.00797	0.04505	0.11378	0.38924	0.06735	0.01886	0.01534	0.00723	0.00539	0.00186	0.00474	0.00556	0.00600	0.00862
8	0.12856	0.09573	0.01664	0.01348	0.05888	0.24862	0.01020	0.23255	0.01808	0.02372	0.05443	0.01418	0.01141	0.00657	0.00520	0.00165	0.00710	0.00466	0.04053	0.00780
9	0.20782	0.16589	0.01735	0.01249	0.01600	0.45788	0.00994	0.02086	0.01422	0.01705	0.00882	0.01032	0.00741	0.00580	0.00467	0.00156	0.00838	0.00356	0.00311	0.00688
10	0.00958	0.00684	0.00952	0.01084	0.01220	0.00682	0.00945	0.01219	0.01351	0.01759	0.03093	0.06570	0.03358	0.01617	0.00811	0.00271	0.00542	0.71797	0.00542	0.00546
11	0.01262	0.17924	0.62072	0.01540	0.02329	0.01545	0.01929	0.01835	0.01231	0.01768	0.01018	0.01198	0.00758	0.00555	0.00526	0.00176	0.00819	0.00413	0.00253	0.00847
12	0.01449	0.10437	0.04712	0.01262	0.01652	0.01464	0.06325	0.08003	0.40262	0.02235	0.01913	0.02113	0.01527	0.00917	0.04047	0.00221	0.00606	0.04724	0.00491	0.05638

[dist]
# distance from previous block
# <min> <max>
0	1

[block]
# block no. 2 follows, 40 sequences, length 7
# corresponding to MSA columns:
# 224-230
name=unknown_C
#
# <colnr> <probs for GDERKNQSTAVLIFYWHMCP>
#	G	D	E	R	K	N	Q	S	T	A	V	L	I	F	Y	W	H	M	C	P
0	0.00708	0.00579	0.00623	0.00643	0.00806	0.00496	0.00470	0.00856	0.01317	0.01622	0.11071	0.18356	0.57401	0.01513	0.00699	0.00203	0.00302	0.01289	0.00550	0.00495
1	0.06684	0.02089	0.45047	0.01520	0.07926	0.01125	0.01587	0.01582	0.01241	0.01886	0.08343	0.15143	0.01734	0.00833	0.00589	0.00193	0.00674	0.00702	0.00347	0.00755
2	0.01112	0.00594	0.00683	0.00659	0.00796	0.00570	0.00479	0.01326	0.01277	0.08539	0.14932	0.09909	0.02490	0.11333	0.00843	0.00215	0.00338	0.00780	0.42571	0.00554
3	0.03553	0.15059	0.02470	0.08374	0.02297	0.01467	0.29648	0.01831	0.08096	0.01815	0.01167	0.01423	0.00923	0.00534	0.00588	0.00164	0.02735	0.00523	0.00323	0.17012
4	0.01724	0.01298	0.01429	0.01158	0.01534	0.01370	0.00923	0.44887	0.06310	0.02906	0.01779	0.17436	0.01609	0.00901	0.00597	0.00177	0.00540	0.00741	0.00543	0.12136
5	0.01393	0.12021	0.54752	0.01555	0.02273	0.14723	0.01835	0.01917	0.01299	0.01717	0.00996	0.01169	0.00745	0.00558	0.00529	0.00172	0.00866	0.00408	0.00257	0.00816
6	0.52770	0.04359	0.07918	0.01136	0.01545	0.03688	0.00956	0.01998	0.01377	0.08566	0.08127	0.01860	0.01496	0.00847	0.00588	0.00241	0.00618	0.00536	0.00515	0.00857

[dist]
# distance from previous block
# <min> <max>
17	29

[block]
# block no. 3 follows, 40 sequences, length 13
# corresponding to MSA columns:
# 265-277
name=unknown_D
#
# <colnr> <probs for GDERKNQSTAVLIFYWHMCP>
#	G	D	E	R	K	N	Q	S	T	A	V	L	I	F	Y	W	H	M	C	P
0	0.01956	0.01747	0.07205	0.02924	0.46478	0.01609	0.01702	0.08287	0.11567	0.06160	0.01773	0.02129	0.01460	0.00872	0.00759	0.00256	0.00790	0.00671	0.00521	0.01130
1	0.06608	0.01594	0.13178	0.01307	0.01661	0.06161	0.01106	0.08698	0.01883	0.06016	0.39411	0.03429	0.03617	0.01188	0.00795	0.00258	0.00634	0.00893	0.00663	0.00902
2	0.01451	0.01122	0.01255	0.05812	0.01552	0.01095	0.00883	0.05185	0.17908	0.02197	0.03334	0.28176	0.14529	0.09009	0.01058	0.00318	0.00580	0.01193	0.00647	0.02695
3	0.01774	0.01491	0.01890	0.02142	0.30437	0.06262	0.01309	0.27056	0.01827	0.05860	0.01226	0.01390	0.00946	0.00596	0.00589	0.00163	0.02585	0.00491	0.00417	0.11549
4	0.00979	0.00513	0.00741	0.00741	0.00760	0.00504	0.00499	0.00765	0.00812	0.01064	0.01477	0.02134	0.08150	0.01968	0.02121	0.75158	0.00485	0.00574	0.00280	0.00275
5	0.01444	0.01494	0.01288	0.01043	0.01453	0.23049	0.00803	0.01657	0.01327	0.01721	0.01186	0.08056	0.01093	0.00603	0.00486	0.00118	0.00603	0.00469	0.00349	0.51761
6	0.00871	0.00606	0.00699	0.00702	0.00753	0.00598	0.00441	0.04243	0.01068	0.01420	0.07191	0.17649	0.07675	0.51147	0.02138	0.00435	0.00488	0.01018	0.00429	0.00426
7	0.00962	0.00719	0.00960	0.01073	0.08131	0.00669	0.00699	0.01224	0.04931	0.04900	0.19044	0.35969	0.08416	0.01310	0.00668	0.00198	0.00375	0.01170	0.00530	0.08051
8	0.00982	0.00799	0.01146	0.23472	0.01955	0.00856	0.01013	0.01307	0.04630	0.01638	0.02362	0.14270	0.05166	0.05045	0.00794	0.00237	0.00559	0.26599	0.00435	0.06736
9	0.01237	0.01229	0.01827	0.60860	0.14367	0.07614	0.01599	0.01599	0.01227	0.01541	0.01031	0.01492	0.00794	0.00574	0.00576	0.00187	0.00786	0.00505	0.00266	0.00689
10	0.01083	0.00997	0.01657	0.60031	0.10376	0.01189	0.01478	0.01437	0.01208	0.01583	0.06344	0.07474	0.01341	0.00709	0.00600	0.00194	0.00700	0.00638	0.00308	0.00653
11	0.01179	0.00990	0.01083	0.06724	0.01397	0.07632	0.00835	0.11825	0.06401	0.01940	0.06818	0.32746	0.02773	0.03184	0.00737	0.00223	0.00517	0.11869	0.00508	0.00619
12	0.01948	0.01474	0.01796	0.01797	0.18484	0.01587	0.01213	0.47546	0.05962	0.06412	0.01499	0.04967	0.01162	0.00714	0.00588	0.00178	0.00622	0.00583	0.00520	0.00947

[dist]
# distance from previous block
# <min> <max>
4	17

[block]
# block no. 4 follows, 40 sequences, length 8
# corresponding to MSA columns:
# 295-302
name=unknown_E
#
# <colnr> <probs for GDERKNQSTAVLIFYWHMCP>
#	G	D	E	R	K	N	Q	S	T	A	V	L	I	F	Y	W	H	M	C	P
0	0.01533	0.01263	0.01716	0.01353	0.01742	0.01287	0.14338	0.29401	0.07876	0.02523	0.01787	0.18587	0.01647	0.00880	0.00618	0.00183	0.00594	0.00790	0.00490	0.11392
1	0.00709	0.00506	0.00675	0.00810	0.00843	0.00472	0.00540	0.00810	0.01113	0.01484	0.03205	0.79184	0.03846	0.01822	0.00742	0.00236	0.00337	0.01653	0.00540	0.00472
2	0.00846	0.00564	0.00634	0.00634	0.00634	0.00564	0.00352	0.00846	0.00846	0.01128	0.01832	0.03805	0.02114	0.79563	0.02960	0.00564	0.00564	0.00846	0.00352	0.00352
3	0.30729	0.45070	0.02208	0.01137	0.07846	0.01867	0.00934	0.01734	0.01126	0.01856	0.00834	0.00981	0.00720	0.00514	0.00386	0.00148	0.00567	0.00330	0.00292	0.00720
4	0.01308	0.01602	0.09480	0.15317	0.03159	0.01430	0.55275	0.01797	0.01324	0.01797	0.01141	0.01536	0.00851	0.00511	0.00657	0.00195	0.00935	0.00635	0.00284	0.00767
5	0.01334	0.01265	0.01265	0.00946	0.01434	0.10942	0.00747	0.01578	0.01265	0.01832	0.01016	0.01185	0.00846	0.00453	0.00443	0.00095	0.00513	0.00349	0.00339	0.72154
6	0.00709	0.00506	0.00675	0.00810	0.00843	0.00472	0.00540	0.00810	0.01113	0.01484	0.03205	0.79184	0.03846	0.01822	0.00742	0.00236	0.00337	0.01653	0.00540	0.00472
7	0.01900	0.01620	0.08408	0.01474	0.01934	0.01600	0.10833	0.44022	0.02125	0.07549	0.01361	0.01466	0.00985	0.00686	0.00700	0.00184	0.07426	0.00540	0.04287	0.00899

[dist]
# distance from previous block
# <min> <max>
1	5

[block]
# block no. 5 follows, 40 sequences, length 63
# corresponding to MSA columns:
# 308-370
name=unknown_F
#
# <colnr> <probs for GDERKNQSTAVLIFYWHMCP>
#	G	D	E	R	K	N	Q	S	T	A	V	L	I	F	Y	W	H	M	C	P
0	0.01622	0.43481	0.15385	0.01393	0.07178	0.10644	0.01279	0.09702	0.01423	0.01745	0.00944	0.01085	0.00784	0.00542	0.00459	0.00147	0.00719	0.00377	0.00293	0.00797
1	0.08940	0.38319	0.02050	0.01029	0.01375	0.10314	0.00908	0.01787	0.06344	0.01660	0.01096	0.01283	0.00938	0.00804	0.04657	0.00193	0.06914	0.00403	0.10292	0.00694
2	0.01776	0.01225	0.01365	0.01154	0.01516	0.01328	0.00923	0.21850	0.33618	0.15754	0.02306	0.05350	0.04839	0.00854	0.00606	0.00192	0.00505	0.03333	0.00605	0.00900
3	0.00709	0.00506	0.00675	0.00810	0.00843	0.00472	0.00540	0.00810	0.01113	0.01484	0.03205	0.79184	0.03846	0.01822	0.00742	0.00236	0.00337	0.01653	0.00540	0.00472
4	0.01206	0.01034	0.01206	0.00861	0.01378	0.00775	0.00689	0.01464	0.01206	0.01895	0.01034	0.01206	0.00861	0.00431	0.00431	0.00086	0.00431	0.00345	0.00345	0.83118
5	0.04473	0.01252	0.02115	0.30717	0.40992	0.01352	0.05722	0.01704	0.02802	0.01784	0.01092	0.01484	0.00872	0.00546	0.00576	0.00183	0.00724	0.00522	0.00287	0.00801
6	0.01246	0.01058	0.01228	0.00881	0.01395	0.00817	0.00706	0.04393	0.01268	0.01966	0.01048	0.01214	0.00866	0.00441	0.00437	0.00090	0.00439	0.00352	0.00354	0.79801
7	0.00710	0.00584	0.00624	0.00627	0.00802	0.00498	0.00465	0.00873	0.01359	0.01681	0.16360	0.10782	0.59711	0.01455	0.00691	0.00197	0.00295	0.01232	0.00555	0.00498
8	0.01378	0.01314	0.02473	0.01865	0.02324	0.01274	0.43834	0.02003	0.14229	0.07138	0.01950	0.04544	0.05827	0.00742	0.00673	0.00202	0.00762	0.06276	0.00416	0.00777
9	0.01433	0.52512	0.29047	0.01241	0.01867	0.01971	0.01410	0.01788	0.01209	0.01552	0.00909	0.01062	0.00759	0.00529	0.00444	0.00149	0.00711	0.00359	0.00254	0.00795
10	0.00737	0.00598	0.00653	0.00676	0.00844	0.00517	0.00507	0.00892	0.01334	0.01647	0.10761	0.15067	0.55507	0.01514	0.00710	0.00209	0.00322	0.06445	0.00553	0.00506
11	0.00745	0.00532	0.00708	0.00842	0.00885	0.00499	0.00579	0.00854	0.01142	0.01521	0.03207	0.73352	0.03815	0.01813	0.00754	0.00242	0.00359	0.07122	0.00545	0.00487
12	0.01375	0.01065	0.01195	0.01150	0.04325	0.03312	0.00841	0.02321	0.39220	0.09001	0.16949	0.12066	0.02688	0.00984	0.00633	0.00198	0.00444	0.00843	0.00591	0.00798
13	0.00822	0.00670	0.00870	0.00816	0.01010	0.00585	0.06188	0.00984	0.01303	0.03757	0.06086	0.23181	0.48643	0.01464	0.00705	0.00208	0.00370	0.01271	0.00533	0.00534
14	0.00727	0.00519	0.00688	0.00822	0.00857	0.00483	0.00548	0.00823	0.01124	0.01501	0.03216	0.78994	0.03854	0.01830	0.00749	0.00239	0.00344	0.01655	0.00545	0.00482
15	0.01075	0.00737	0.01018	0.16248	0.05477	0.00790	0.02885	0.01324	0.01147	0.01794	0.01642	0.02291	0.01416	0.14082	0.06086	0.00280	0.00557	0.00601	0.39981	0.00566
16	0.01068	0.00906	0.01260	0.06839	0.14727	0.03083	0.03011	0.06492	0.01332	0.01763	0.02581	0.40939	0.06976	0.01320	0.00688	0.00216	0.00508	0.05189	0.00469	0.00632
17	0.01397	0.01349	0.02341	0.15446	0.59429	0.01382	0.06500	0.01753	0.01312	0.01846	0.01107	0.01489	0.00911	0.00538	0.00591	0.00181	0.00729	0.00534	0.00290	0.00876
18	0.77538	0.01126	0.00903	0.00797	0.01164	0.01280	0.00654	0.01803	0.01050	0.08010	0.00936	0.01045	0.00706	0.00564	0.00384	0.00183	0.00459	0.00341	0.00392	0.00665
19	0.01223	0.01045	0.01217	0.00873	0.01390	0.00785	0.00697	0.01476	0.01216	0.01910	0.01051	0.01230	0.00878	0.00442	0.00438	0.00090	0.00437	0.00350	0.00350	0.82901
20	0.02006	0.01449	0.01586	0.01244	0.01651	0.01581	0.01015	0.59610	0.02487	0.05487	0.09647	0.01840	0.01553	0.02392	0.03503	0.00214	0.00634	0.00599	0.00583	0.00919
21	0.01463	0.01260	0.01326	0.01194	0.01524	0.01455	0.00927	0.03097	0.74694	0.02446	0.02380	0.02191	0.01789	0.00800	0.00599	0.00200	0.00466	0.00662	0.00597	0.00929
22	0.01184	0.03014	0.76355	0.01667	0.02526	0.01359	0.02152	0.01852	0.01238	0.01857	0.01061	0.01252	0.00753	0.00564	0.00560	0.00187	0.00864	0.00435	0.00252	0.00868
23	0.83462	0.01136	0.00867	0.00777	0.01137	0.01313	0.00637	0.01720	0.01001	0.02622	0.00828	0.00969	0.00647	0.00551	0.00368	0.00183	0.00456	0.00321	0.00366	0.00639
24	0.00750	0.00604	0.00663	0.00648	0.00826	0.00520	0.00484	0.00933	0.01439	0.01832	0.28383	0.05204	0.52869	0.01390	0.00694	0.00195	0.00294	0.01174	0.00578	0.00519
25	0.00864	0.00577	0.00647	0.00647	0.00648	0.00574	0.00361	0.00859	0.00857	0.01145	0.01847	0.03822	0.02127	0.79358	0.02961	0.00566	0.00569	0.00850	0.00358	0.00362
26	0.01116	0.01045	0.01754	0.77965	0.04010	0.01301	0.01620	0.01497	0.01174	0.01502	0.01051	0.01573	0.00792	0.00593	0.00589	0.00197	0.00780	0.00522	0.00264	0.00655
27	0.01323	0.01245	0.02080	0.16188	0.54983	0.01280	0.01619	0.01657	0.01329	0.01860	0.06512	0.01853	0.04251	0.00626	0.00596	0.00181	0.00666	0.00589	0.00324	0.00838
28	0.03806	0.01077	0.01351	0.01043	0.01495	0.00972	0.00851	0.07582	0.07344	0.50901	0.02002	0.01820	0.01332	0.00681	0.00561	0.00168	0.00496	0.00544	0.00632	0.15340
29	0.08165	0.00900	0.01123	0.00903	0.01269	0.00819	0.00733	0.02391	0.01514	0.52264	0.02100	0.01972	0.01408	0.00707	0.00531	0.00172	0.00442	0.00560	0.21167	0.00860
30	0.02121	0.02545	0.01679	0.01494	0.01788	0.63433	0.01140	0.09610	0.01710	0.01668	0.00957	0.01126	0.00791	0.00653	0.00645	0.00164	0.07028	0.00406	0.00331	0.00712
31	0.01420	0.02610	0.52170	0.01557	0.02258	0.07319	0.01794	0.10567	0.10783	0.02115	0.01259	0.01377	0.00916	0.00615	0.00566	0.00185	0.00802	0.00471	0.00339	0.00876
32	0.01386	0.01321	0.02243	0.18822	0.61040	0.01372	0.01754	0.01734	0.01301	0.01830	0.01099	0.01485	0.00907	0.00543	0.00584	0.00180	0.00713	0.00523	0.00288	0.00873
33	0.02209	0.01329	0.01339	0.01114	0.01473	0.16699	0.00879	0.05845	0.01670	0.44900	0.07417	0.08972	0.01804	0.00839	0.00601	0.00182	0.00592	0.00675	0.00609	0.00853
34	0.01085	0.00959	0.01503	0.53094	0.03104	0.01143	0.01372	0.01517	0.06589	0.01617	0.01667	0.07952	0.01541	0.00879	0.00640	0.00213	0.00684	0.13440	0.00358	0.00643
35	0.01372	0.01312	0.02199	0.19137	0.55390	0.01399	0.01718	0.01706	0.01270	0.01793	0.01075	0.01474	0.00895	0.00578	0.00677	0.00186	0.06161	0.00523	0.00285	0.00851
36	0.01289	0.16591	0.53467	0.01629	0.06661	0.01538	0.01837	0.01918	0.06392	0.01817	0.01114	0.01277	0.00839	0.00569	0.00532	0.00177	0.00784	0.00435	0.00279	0.00855
37	0.00724	0.00530	0.00677	0.00794	0.00850	0.00486	0.00535	0.00826	0.01151	0.01512	0.03554	0.69740	0.12890	0.01786	0.00742	0.00234	0.00338	0.01602	0.00545	0.00484
38	0.01325	0.01260	0.02133	0.32089	0.48247	0.01356	0.01724	0.01681	0.01273	0.01757	0.01088	0.01505	0.00881	0.00554	0.00585	0.00184	0.00728	0.00523	0.00283	0.00824
39	0.01277	0.07596	0.66717	0.01616	0.02414	0.06727	0.02011	0.01880	0.01265	0.01799	0.01037	0.01221	0.00755	0.00564	0.00547	0.00181	0.00863	0.00424	0.00256	0.00848
40	0.02916	0.08085	0.39816	0.01793	0.02470	0.01406	0.25028	0.01806	0.01278	0.03225	0.01234	0.06009	0.00998	0.00619	0.00598	0.00190	0.00839	0.00583	0.00296	0.00810
41	0.00727	0.00519	0.00688	0.00822	0.00857	0.00483	0.00548	0.00823	0.01124	0.01501	0.03216	0.78994	0.03854	0.01830	0.00749	0.00239	0.00344	0.01655	0.00545	0.00482
42	0.02110	0.12510	0.01839	0.01438	0.01770	0.64633	0.01113	0.05014	0.01640	0.01519	0.00924	0.01072	0.00775	0.00602	0.00515	0.00151	0.00983	0.00378	0.00310	0.00704
43	0.02048	0.01488	0.01573	0.01288	0.03650	0.05589	0.01017	0.51979	0.02366	0.08605	0.05926	0.01690	0.01337	0.00728	0.00577	0.00174	0.00603	0.00559	0.07892	0.00912
44	0.83462	0.01136	0.00867	0.00777	0.01137	0.01313	0.00637	0.01720	0.01001	0.02622	0.00828	0.00969	0.00647	0.00551	0.00368	0.00183	0.00456	0.00321	0.00366	0.00639
45	0.38900	0.07570	0.01334	0.01054	0.03456	0.02740	0.06074	0.01782	0.05160	0.09534	0.05197	0.07718	0.05800	0.00763	0.00502	0.00185	0.00506	0.00594	0.00435	0.00695
46	0.01538	0.05889	0.17986	0.01254	0.01677	0.10625	0.01197	0.08218	0.10097	0.10497	0.10122	0.02678	0.01956	0.00876	0.00615	0.00194	0.00647	0.12674	0.00475	0.00782
47	0.00833	0.00607	0.00779	0.00735	0.00877	0.00556	0.00550	0.01094	0.01636	0.02300	0.71272	0.04434	0.09688	0.01216	0.00693	0.00187	0.00282	0.01066	0.00639	0.00554
48	0.01617	0.68341	0.02797	0.01026	0.01496	0.07253	0.00983	0.01796	0.01248	0.04190	0.01093	0.01193	0.03816	0.00564	0.00412	0.00134	0.00638	0.00368	0.00288	0.00749
49	0.00762	0.00543	0.00720	0.00844	0.00893	0.00512	0.00588	0.00880	0.01156	0.01542	0.05236	0.65455	0.03778	0.04683	0.00837	0.00254	0.00374	0.09916	0.00540	0.00487
50	0.11709	0.07625	0.36986	0.04879	0.18997	0.02828	0.03089	0.01840	0.01248	0.04058	0.01062	0.01281	0.00807	0.00556	0.00532	0.00180	0.00750	0.00444	0.00292	0.00836
51	0.25155	0.05177	0.01591	0.08596	0.04583	0.06010	0.03813	0.23233	0.03840	0.10774	0.01261	0.01358	0.00923	0.00628	0.00517	0.00179	0.00622	0.00467	0.00454	0.00819
52	0.01015	0.00952	0.05854	0.03725	0.10771	0.00819	0.10468	0.01241	0.01214	0.04413	0.02458	0.49231	0.02732	0.01338	0.00699	0.00219	0.00522	0.01240	0.00462	0.00626
53	0.01367	0.01162	0.01424	0.01046	0.01541	0.00999	0.04696	0.10697	0.03413	0.02132	0.01133	0.01301	0.00917	0.00506	0.00518	0.00114	0.02719	0.00405	0.00382	0.63528
54	0.00835	0.00609	0.00782	0.00742	0.00884	0.00558	0.00558	0.01097	0.01630	0.02288	0.69746	0.04481	0.09643	0.01224	0.00695	0.00189	0.00287	0.02559	0.00637	0.00554
55	0.01203	0.01140	0.01551	0.01361	0.01405	0.01514	0.01109	0.01447	0.06191	0.01608	0.10152	0.07783	0.01662	0.01095	0.01581	0.00243	0.57280	0.00679	0.00353	0.00642
56	0.00727	0.00519	0.00688	0.00822	0.00857	0.00483	0.00548	0.00823	0.01124	0.01501	0.03216	0.78994	0.03854	0.01830	0.00749	0.00239	0.00344	0.01655	0.00545	0.00482
57	0.00727	0.00519	0.00688	0.00822	0.00857	0.00483	0.00548	0.00823	0.01124	0.01501	0.03216	0.78994	0.03854	0.01830	0.00749	0.00239	0.00344	0.01655	0.00545	0.00482
58	0.02046	0.00874	0.01176	0.00948	0.01298	0.00766	0.00763	0.02282	0.01668	0.52284	0.25956	0.02764	0.02759	0.00882	0.00625	0.00184	0.00430	0.00741	0.00699	0.00855
59	0.21843	0.00846	0.00938	0.00830	0.01089	0.00853	0.00651	0.01676	0.05874	0.14933	0.40003	0.02982	0.03373	0.00933	0.00589	0.00186	0.00373	0.00769	0.00586	0.00675
60	0.00802	0.00579	0.00753	0.00766	0.00873	0.00534	0.00552	0.01012	0.01478	0.02058	0.50748	0.28517	0.06309	0.01408	0.00711	0.00203	0.00302	0.01253	0.00611	0.00532
61	0.00795	0.00548	0.00668	0.00735	0.00754	0.00528	0.00455	0.00841	0.00992	0.01324	0.02537	0.41709	0.02998	0.40283	0.01846	0.00401	0.00456	0.01256	0.00452	0.00422
62	0.01456	0.01393	0.02369	0.03574	0.75743	0.01390	0.01789	0.01796	0.01334	0.01915	0.01111	0.01462	0.00937	0.00530	0.00583	0.00176	0.00696	0.00524	0.00294	0.00929

[dist]
# distance from previous block
# <min> <max>
0	1

[block]
# block no. 6 follows, 40 sequences, length 13
# corresponding to MSA columns:
# 372-384
name=unknown_G
#
# <colnr> <probs for GDERKNQSTAVLIFYWHMCP>
#	G	D	E	R	K	N	Q	S	T	A	V	L	I	F	Y	W	H	M	C	P
0	0.00874	0.00596	0.00727	0.00767	0.00808	0.00596	0.00531	0.00955	0.00996	0.01314	0.02212	0.04645	0.02490	0.55798	0.02302	0.00474	0.00555	0.22544	0.00408	0.00408
1	0.00702	0.00531	0.00649	0.00742	0.00826	0.00478	0.00510	0.00817	0.01178	0.01511	0.04024	0.56750	0.25751	0.01715	0.00725	0.00224	0.00324	0.01523	0.00540	0.00478
2	0.01017	0.00943	0.01472	0.44817	0.12376	0.01059	0.01279	0.01326	0.01233	0.01566	0.02522	0.02769	0.23635	0.00845	0.00613	0.00192	0.00618	0.00734	0.00348	0.00634
3	0.05449	0.02345	0.20052	0.04103	0.02023	0.29340	0.01365	0.24305	0.01835	0.02273	0.01089	0.01213	0.00816	0.00615	0.00544	0.00169	0.00840	0.00436	0.00375	0.00814
4	0.01145	0.01234	0.00933	0.00920	0.01108	0.23880	0.00674	0.01282	0.01372	0.01505	0.03709	0.22292	0.35195	0.01292	0.00651	0.00192	0.00535	0.01072	0.00467	0.00542
5	0.01500	0.01563	0.01341	0.01055	0.01506	0.24082	0.00822	0.01726	0.01341	0.01751	0.00993	0.01158	0.00827	0.00482	0.00459	0.00106	0.00619	0.00354	0.00331	0.57985
6	0.12842	0.00929	0.01350	0.08478	0.01562	0.00991	0.12381	0.03845	0.01116	0.03320	0.01682	0.16075	0.01752	0.24895	0.01401	0.00315	0.05300	0.00821	0.00379	0.00564
7	0.05140	0.06636	0.01733	0.02076	0.34711	0.01248	0.01152	0.10881	0.01336	0.01889	0.01325	0.02097	0.01268	0.24638	0.01279	0.00289	0.00630	0.00595	0.00346	0.00731
8	0.00758	0.00530	0.00670	0.00751	0.00781	0.00506	0.00483	0.00841	0.01069	0.01435	0.07843	0.50979	0.03433	0.25477	0.01414	0.00332	0.00402	0.01365	0.00490	0.00441
9	0.00750	0.00524	0.00662	0.00756	0.00780	0.00500	0.00483	0.00821	0.01032	0.01376	0.02787	0.56204	0.03318	0.25522	0.01418	0.00336	0.00406	0.01407	0.00483	0.00436
10	0.01368	0.00998	0.01182	0.06265	0.01445	0.01073	0.00849	0.29432	0.01793	0.02441	0.06696	0.27719	0.02360	0.01255	0.03181	0.00224	0.00526	0.04216	0.06278	0.00699
11	0.01928	0.04524	0.01544	0.03780	0.01663	0.24572	0.00999	0.33096	0.03603	0.02543	0.01319	0.01429	0.01004	0.00655	0.00527	0.00160	0.00701	0.00476	0.14682	0.00794
12	0.01661	0.40070	0.18225	0.01289	0.01803	0.24941	0.01279	0.01940	0.01334	0.01485	0.00886	0.01031	0.00745	0.00540	0.00457	0.00145	0.00802	0.00356	0.00264	0.00748

[dist]
# distance from previous block
# <min> <max>
0	1

[block]
# block no. 7 follows, 40 sequences, length 7
# corresponding to MSA columns:
# 386-392
name=unknown_H
#
# <colnr> <probs for GDERKNQSTAVLIFYWHMCP>
#	G	D	E	R	K	N	Q	S	T	A	V	L	I	F	Y	W	H	M	C	P
0	0.00759	0.00592	0.00768	0.00839	0.00902	0.00601	0.00595	0.00877	0.01121	0.01484	0.03369	0.55138	0.15976	0.01848	0.05487	0.00273	0.06954	0.01420	0.00502	0.00492
1	0.01128	0.00820	0.01022	0.00935	0.01087	0.00909	0.00701	0.16477	0.01292	0.01779	0.01601	0.02526	0.01542	0.24861	0.39953	0.00668	0.01082	0.00665	0.00380	0.00572
2	0.01393	0.34839	0.28740	0.01252	0.01813	0.09670	0.01364	0.01760	0.01303	0.01659	0.09954	0.01463	0.01317	0.00611	0.00491	0.00155	0.00709	0.00449	0.00300	0.00755
3	0.01331	0.08593	0.34473	0.09791	0.11775	0.01400	0.01634	0.07841	0.04404	0.01956	0.01112	0.01315	0.00844	0.00554	0.00533	0.00167	0.00722	0.00447	0.00307	0.10802
4	0.01025	0.00597	0.00930	0.14260	0.01324	0.00642	0.00699	0.00885	0.00828	0.01093	0.01014	0.01730	0.00969	0.01769	0.01978	0.68622	0.00552	0.00507	0.00254	0.00321
5	0.00913	0.00701	0.00868	0.00917	0.01088	0.00691	0.00760	0.01295	0.09145	0.01841	0.12508	0.05579	0.22124	0.01435	0.00737	0.00232	0.00434	0.37610	0.00555	0.00566
6	0.24896	0.06494	0.01278	0.01179	0.10226	0.01123	0.00827	0.01991	0.07152	0.19300	0.01600	0.04794	0.01235	0.00673	0.00481	0.00171	0.00466	0.00524	0.14832	0.00758

[dist]
# distance from previous block
# <min> <max>
0	1

[block]
# block no. 8 follows, 40 sequences, length 12
# corresponding to MSA columns:
# 394-405
name=unknown_I
#
# <colnr> <probs for GDERKNQSTAVLIFYWHMCP>
#	G	D	E	R	K	N	Q	S	T	A	V	L	I	F	Y	W	H	M	C	P
0	0.00734	0.00526	0.00698	0.00792	0.00849	0.00489	0.00542	0.00874	0.01233	0.01675	0.19483	0.62362	0.04215	0.01680	0.00730	0.00224	0.00323	0.01518	0.00562	0.00489
1	0.01508	0.24629	0.40509	0.01388	0.02064	0.01663	0.01596	0.12581	0.01461	0.05910	0.01095	0.01208	0.00814	0.00567	0.00507	0.00165	0.00740	0.00418	0.00321	0.00853
2	0.01335	0.01090	0.01726	0.12526	0.35611	0.01129	0.01339	0.01664	0.03908	0.08930	0.01847	0.13497	0.04678	0.00862	0.00670	0.00195	0.03596	0.04226	0.00395	0.00776
3	0.01277	0.09218	0.19355	0.01450	0.02036	0.01261	0.17972	0.01781	0.06864	0.01857	0.01194	0.02952	0.00958	0.00535	0.00531	0.00150	0.00676	0.00491	0.00324	0.29120
4	0.07808	0.19378	0.08979	0.06036	0.05863	0.11468	0.01075	0.10222	0.03846	0.03692	0.01211	0.01625	0.01051	0.12311	0.00856	0.00220	0.00677	0.00484	0.02480	0.00719
5	0.09139	0.06238	0.28689	0.12789	0.04257	0.01361	0.01459	0.01822	0.11688	0.01859	0.01459	0.05798	0.03613	0.00722	0.00653	0.00192	0.06605	0.00560	0.00336	0.00759
6	0.01262	0.06373	0.34839	0.08895	0.02279	0.01352	0.10627	0.05783	0.01295	0.01901	0.01171	0.01438	0.00887	0.00607	0.00645	0.00181	0.06674	0.00492	0.12531	0.00766
7	0.01502	0.28664	0.23459	0.01568	0.02183	0.01769	0.18213	0.12528	0.01469	0.01956	0.01047	0.01231	0.00811	0.00541	0.00527	0.00165	0.00774	0.00463	0.00308	0.00823
8	0.01152	0.01062	0.01703	0.49892	0.14968	0.01183	0.01438	0.01506	0.01225	0.01666	0.05684	0.01655	0.01105	0.00587	0.00565	0.00174	0.00679	0.00525	0.00300	0.12932
9	0.01136	0.00884	0.01078	0.00930	0.01201	0.00870	0.05195	0.08486	0.13893	0.06185	0.18257	0.03919	0.33396	0.01124	0.00655	0.00191	0.00405	0.00960	0.00567	0.00668
10	0.01339	0.04406	0.34694	0.01696	0.04757	0.01362	0.16421	0.13155	0.01512	0.02121	0.05384	0.07780	0.01324	0.00697	0.00603	0.00187	0.00762	0.00629	0.00356	0.00815
11	0.06465	0.01532	0.20973	0.01254	0.01773	0.01052	0.08148	0.04434	0.01452	0.32318	0.01690	0.01695	0.01151	0.00637	0.00547	0.00176	0.00605	0.00531	0.12719	0.00849

[dist]
# distance from previous block
# <min> <max>
0	2

[block]
# block no. 9 follows, 40 sequences, length 52
# corresponding to MSA columns:
# 408-459
name=unknown_J
#
# <colnr> <probs for GDERKNQSTAVLIFYWHMCP>
#	G	D	E	R	K	N	Q	S	T	A	V	L	I	F	Y	W	H	M	C	P
0	0.00709	0.00528	0.00660	0.00758	0.00832	0.00480	0.00518	0.00827	0.01182	0.01539	0.06796	0.59750	0.19868	0.01718	0.00728	0.00225	0.00325	0.01534	0.00544	0.00480
1	0.01399	0.01344	0.02287	0.11885	0.62488	0.01377	0.04186	0.01803	0.04097	0.01872	0.01138	0.01484	0.00936	0.00535	0.00581	0.00177	0.00702	0.00529	0.00296	0.00885
2	0.05145	0.15858	0.11730	0.07625	0.08085	0.01537	0.31928	0.01761	0.01277	0.02900	0.01265	0.01541	0.03925	0.00567	0.00607	0.00180	0.02442	0.00562	0.00296	0.00768
3	0.00827	0.00599	0.00781	0.00745	0.00883	0.00554	0.00564	0.01096	0.01624	0.02284	0.70252	0.04484	0.07416	0.01217	0.00692	0.00188	0.00288	0.04325	0.00633	0.00548
4	0.01883	0.00829	0.01086	0.00899	0.01230	0.00720	0.00717	0.02089	0.01556	0.47374	0.12066	0.09352	0.15641	0.01007	0.00630	0.00188	0.00419	0.00849	0.00663	0.00803
5	0.10173	0.40866	0.14036	0.01139	0.03418	0.01722	0.01114	0.03467	0.01168	0.01647	0.01006	0.01254	0.00873	0.01220	0.14390	0.00290	0.00814	0.00398	0.00282	0.00722
6	0.02894	0.09700	0.02472	0.04683	0.59988	0.01483	0.06875	0.01780	0.01305	0.01847	0.01065	0.01391	0.00894	0.00517	0.00559	0.00170	0.00703	0.00505	0.00286	0.00883
7	0.00711	0.00508	0.00676	0.00811	0.00845	0.00474	0.00541	0.00811	0.01115	0.01486	0.03206	0.79161	0.03847	0.01823	0.00743	0.00237	0.00338	0.01653	0.00540	0.00473
8	0.01208	0.01035	0.01207	0.00863	0.01380	0.00776	0.00690	0.01466	0.01207	0.01897	0.01036	0.01209	0.00863	0.00432	0.00432	0.00087	0.00431	0.00345	0.00345	0.83092
9	0.07485	0.01220	0.05249	0.41494	0.19805	0.01286	0.04440	0.01635	0.03450	0.01773	0.04427	0.01606	0.01045	0.00591	0.00569	0.00186	0.00706	0.00530	0.00303	0.02200
10	0.01295	0.01016	0.01232	0.00936	0.01367	0.00861	0.00749	0.01567	0.03061	0.07796	0.01256	0.04306	0.01066	0.00741	0.04091	0.00154	0.06306	0.00447	0.00381	0.61373
11	0.02174	0.02772	0.01649	0.01499	0.01799	0.77204	0.01124	0.02323	0.01649	0.01425	0.00901	0.01052	0.00751	0.00601	0.00525	0.00150	0.01049	0.00375	0.00300	0.00675
12	0.00907	0.00702	0.00977	0.07440	0.06270	0.00727	0.00759	0.04337	0.01193	0.01604	0.04804	0.49973	0.04800	0.04962	0.00918	0.03664	0.03682	0.01270	0.00473	0.00537
13	0.00734	0.00602	0.03265	0.00833	0.00907	0.00511	0.00599	0.00865	0.01151	0.01538	0.05899	0.69421	0.06764	0.01738	0.00733	0.00232	0.00355	0.02828	0.00534	0.00491
14	0.00711	0.00508	0.00676	0.00811	0.00845	0.00474	0.00541	0.00811	0.01115	0.01486	0.03206	0.79161	0.03847	0.01823	0.00743	0.00237	0.00338	0.01653	0.00540	0.00473
15	0.00711	0.00508	0.00676	0.00811	0.00845	0.00474	0.00541	0.00811	0.01115	0.01486	0.03206	0.79161	0.03847	0.01823	0.00743	0.00237	0.00338	0.01653	0.00540	0.00473
16	0.01383	0.01384	0.02539	0.12673	0.49517	0.01393	0.18921	0.01767	0.01317	0.01841	0.01108	0.01487	0.00896	0.00521	0.00604	0.00181	0.00771	0.00559	0.00286	0.00855
17	0.01267	0.01267	0.01859	0.01557	0.01625	0.01689	0.06960	0.01459	0.02442	0.01468	0.00867	0.01354	0.00824	0.01088	0.04639	0.00272	0.66172	0.00527	0.00269	0.02394
18	0.00717	0.00510	0.00674	0.00803	0.00836	0.00478	0.00532	0.00813	0.01102	0.01470	0.03144	0.75706	0.03768	0.05386	0.00845	0.00252	0.00349	0.01616	0.00532	0.00468
19	0.00800	0.00590	0.00740	0.00737	0.00858	0.00547	0.00534	0.01040	0.03012	0.02017	0.47607	0.19612	0.13351	0.04936	0.00801	0.00213	0.00308	0.01178	0.00594	0.00526
20	0.01264	0.00868	0.01041	0.00936	0.01143	0.00959	0.00739	0.20567	0.01496	0.02189	0.01654	0.04239	0.01410	0.02337	0.34253	0.00501	0.00938	0.00605	0.22210	0.00650
21	0.01064	0.00774	0.00943	0.00852	0.01037	0.00769	0.00650	0.14319	0.01784	0.02479	0.53813	0.12384	0.04482	0.01173	0.00674	0.00188	0.00349	0.01025	0.00619	0.00621
22	0.00724	0.00530	0.00656	0.00750	0.00809	0.00488	0.00500	0.00820	0.01121	0.01459	0.03527	0.56567	0.16699	0.11263	0.01004	0.00269	0.00358	0.01477	0.00518	0.00462
23	0.01167	0.01118	0.01508	0.01335	0.01373	0.03734	0.01088	0.01311	0.00925	0.01379	0.01023	0.01631	0.00999	0.04593	0.22452	0.00448	0.52494	0.00548	0.00275	0.00597
24	0.00942	0.00828	0.01043	0.02788	0.01133	0.02830	0.00779	0.01080	0.01127	0.01537	0.05817	0.32464	0.15810	0.01387	0.01060	0.00226	0.23909	0.01105	0.03595	0.00541
25	0.00835	0.00735	0.00924	0.01141	0.14455	0.00658	0.00694	0.01025	0.01346	0.01680	0.09321	0.04765	0.57751	0.01283	0.00668	0.00192	0.00366	0.01088	0.00501	0.00574
26	0.01709	0.01272	0.01375	0.01123	0.01475	0.01365	0.00900	0.49639	0.02234	0.02957	0.02488	0.13890	0.15004	0.01010	0.00626	0.00188	0.00532	0.00822	0.00568	0.00821
27	0.01263	0.01434	0.11134	0.03926	0.45000	0.01221	0.08728	0.01619	0.01278	0.01809	0.01481	0.15565	0.01426	0.00759	0.00615	0.00189	0.00678	0.00731	0.00329	0.00815
28	0.02078	0.02360	0.01718	0.05020	0.01931	0.54797	0.04387	0.10758	0.05099	0.04856	0.01103	0.01229	0.00862	0.00620	0.00547	0.00161	0.00936	0.00435	0.00362	0.00740
29	0.02282	0.01464	0.01633	0.01255	0.01711	0.01564	0.01036	0.56359	0.02462	0.20224	0.01613	0.01547	0.01103	0.00704	0.00580	0.00175	0.00600	0.00539	0.02168	0.00982
30	0.04081	0.17956	0.41093	0.01435	0.02013	0.01608	0.01626	0.01776	0.04204	0.01728	0.02362	0.01266	0.00872	0.00648	0.00761	0.00186	0.14886	0.00438	0.00274	0.00786
31	0.00962	0.00734	0.00852	0.00801	0.00960	0.00741	0.00584	0.03531	0.14622	0.02048	0.35641	0.07012	0.12261	0.15412	0.01083	0.00259	0.00377	0.00974	0.00562	0.00584
32	0.16972	0.02284	0.01506	0.01336	0.01668	0.51728	0.01026	0.11025	0.04005	0.01948	0.00993	0.01111	0.00792	0.00608	0.00505	0.00160	0.00871	0.00392	0.00355	0.00714
33	0.01393	0.01308	0.02082	0.13996	0.51910	0.01381	0.01603	0.01980	0.14676	0.01938	0.01319	0.01591	0.01057	0.00578	0.00580	0.00181	0.00662	0.00544	0.00340	0.00882
34	0.01052	0.15078	0.01322	0.01059	0.01259	0.00967	0.00948	0.01304	0.01311	0.01675	0.02668	0.05538	0.02875	0.01406	0.00726	0.00242	0.00552	0.58961	0.00484	0.00575
35	0.01525	0.63161	0.02662	0.00973	0.01473	0.01981	0.00936	0.01725	0.01202	0.03733	0.00896	0.01017	0.00790	0.00493	0.00391	0.00120	0.00584	0.00326	0.00281	0.15730
36	0.02259	0.01264	0.01484	0.01170	0.01603	0.01298	0.00956	0.27962	0.15354	0.37266	0.01993	0.01811	0.01344	0.00726	0.00586	0.00182	0.00540	0.00577	0.00648	0.00978
37	0.01787	0.01420	0.01539	0.01323	0.04984	0.06354	0.01019	0.44577	0.02198	0.02940	0.14830	0.01969	0.01811	0.01036	0.05840	0.00230	0.04159	0.00616	0.00528	0.00839
38	0.01998	0.02456	0.01569	0.01384	0.01723	0.63305	0.01045	0.02167	0.01569	0.01511	0.00925	0.01080	0.00771	0.00570	0.00508	0.00139	0.00937	0.00370	0.00309	0.15664
39	0.00801	0.00604	0.00773	0.00821	0.00942	0.00529	0.00568	0.00930	0.01131	0.01561	0.02812	0.64984	0.03304	0.01570	0.00686	0.00209	0.00355	0.01416	0.00505	0.15499
40	0.02538	0.01107	0.01423	0.01091	0.01544	0.01028	0.00901	0.15773	0.01860	0.63103	0.02133	0.01876	0.01359	0.00717	0.00585	0.00179	0.00522	0.00574	0.00695	0.00990
41	0.00751	0.00587	0.00644	0.00633	0.00779	0.00519	0.00452	0.00901	0.01316	0.01674	0.21762	0.04974	0.45577	0.15603	0.01101	0.00260	0.00339	0.01117	0.00530	0.00481
42	0.01018	0.00537	0.00568	0.00592	0.00709	0.00531	0.00432	0.01257	0.01201	0.02045	0.02137	0.16172	0.01921	0.00887	0.00468	0.00154	0.00284	0.00745	0.67811	0.00530
43	0.00779	0.00651	0.00681	0.00663	0.00860	0.00588	0.00497	0.01074	0.08027	0.01734	0.14095	0.05087	0.58414	0.03363	0.00737	0.00204	0.00315	0.01145	0.00553	0.00535
44	0.55344	0.01195	0.01100	0.00915	0.01309	0.01321	0.00755	0.15040	0.01420	0.15074	0.01166	0.01202	0.00832	0.00600	0.00439	0.00179	0.00493	0.00398	0.00461	0.00756
45	0.01117	0.00939	0.01111	0.00853	0.01282	0.00721	0.00663	0.01347	0.01190	0.01822	0.01430	0.15385	0.01406	0.00685	0.00488	0.00114	0.00414	0.00583	0.00381	0.68066
46	0.01879	0.02181	0.01705	0.01806	0.15214	0.46573	0.01199	0.02396	0.17867	0.01736	0.01263	0.01372	0.01010	0.00628	0.00550	0.00165	0.00853	0.00464	0.00363	0.00775
47	0.00912	0.00697	0.01017	0.15001	0.01609	0.00732	0.00942	0.01168	0.01296	0.01708	0.10374	0.19710	0.03204	0.01420	0.00739	0.00239	0.00513	0.37675	0.00498	0.00546
48	0.00844	0.00667	0.00983	0.01313	0.14497	0.00639	0.00767	0.00989	0.01153	0.01562	0.02823	0.65026	0.03315	0.01586	0.00713	0.00225	0.00402	0.01447	0.00495	0.00555
49	0.01553	0.01370	0.02014	0.05422	0.15491	0.01477	0.15155	0.12192	0.28181	0.04823	0.01638	0.01742	0.01238	0.00670	0.00666	0.00192	0.04236	0.00604	0.00452	0.00881
50	0.01061	0.00910	0.01338	0.13678	0.15175	0.00884	0.02149	0.03115	0.01226	0.01712	0.01932	0.32692	0.02065	0.01039	0.00615	0.00184	0.00510	0.00941	0.00405	0.18368
51	0.03515	0.20590	0.24739	0.01497	0.06955	0.06985	0.01424	0.15032	0.04897	0.04215	0.01127	0.01253	0.00867	0.00603	0.00570	0.00169	0.03938	0.00437	0.00347	0.00840

[dist]
# distance from previous block
# <min> <max>
5	10

[block]
# block no. 10 follows, 40 sequences, length 18
# corresponding to MSA columns:
# 470-487
name=unknown_K
#
# <colnr> <probs for GDERKNQSTAVLIFYWHMCP>
#	G	D	E	R	K	N	Q	S	T	A	V	L	I	F	Y	W	H	M	C	P
0	0.01372	0.01284	0.02142	0.13305	0.58429	0.01308	0.01651	0.01703	0.01359	0.01923	0.08472	0.01796	0.01390	0.00620	0.00605	0.00184	0.00674	0.00584	0.00333	0.00867
1	0.01422	0.39900	0.30305	0.01379	0.01995	0.04079	0.06558	0.01795	0.01249	0.01625	0.01060	0.04180	0.00912	0.00600	0.00499	0.00165	0.00750	0.00450	0.00278	0.00799
2	0.01088	0.00825	0.01272	0.13327	0.10847	0.00826	0.04149	0.01303	0.01286	0.06960	0.09610	0.37679	0.02865	0.01278	0.00696	0.00219	0.00506	0.04137	0.00489	0.00638
3	0.01735	0.01869	0.01422	0.01307	0.01558	0.38356	0.01007	0.10066	0.04905	0.01894	0.08879	0.08576	0.01903	0.00946	0.00679	0.00192	0.04088	0.09485	0.00439	0.00694
4	0.04097	0.17340	0.21095	0.01560	0.04878	0.26609	0.07517	0.01945	0.01370	0.01637	0.01040	0.01322	0.00869	0.03727	0.02412	0.00201	0.00884	0.00445	0.00294	0.00758
5	0.01451	0.01394	0.02398	0.08773	0.66295	0.01401	0.05846	0.01794	0.01340	0.01905	0.01135	0.01510	0.00947	0.00549	0.00600	0.00183	0.00726	0.00541	0.00300	0.00913
6	0.00908	0.00614	0.00799	0.00742	0.00897	0.00562	0.00560	0.01175	0.01635	0.06017	0.69390	0.04271	0.07861	0.01176	0.00681	0.00183	0.00286	0.01035	0.00640	0.00569
7	0.01421	0.01340	0.01842	0.02443	0.41638	0.04644	0.01362	0.02193	0.26814	0.02040	0.01864	0.01968	0.06478	0.00683	0.00587	0.00182	0.00599	0.00610	0.00411	0.00880
8	0.01477	0.04272	0.14328	0.01466	0.08997	0.01397	0.01204	0.09101	0.37607	0.05547	0.05057	0.01996	0.03494	0.00735	0.00581	0.00187	0.00563	0.00609	0.00496	0.00886
9	0.00713	0.00509	0.00678	0.00807	0.00844	0.00475	0.00540	0.00820	0.01133	0.01515	0.05811	0.76490	0.03905	0.01799	0.00740	0.00234	0.00335	0.01632	0.00543	0.00475
10	0.00943	0.00732	0.00876	0.00825	0.01007	0.00733	0.00631	0.01486	0.16653	0.02252	0.50540	0.04117	0.11550	0.01153	0.00672	0.00191	0.00326	0.04078	0.00616	0.00619
11	0.01250	0.02439	0.48719	0.01863	0.02601	0.01394	0.23851	0.01941	0.06752	0.01892	0.01182	0.01401	0.00858	0.00551	0.00596	0.00189	0.00867	0.00525	0.00286	0.00841
12	0.00844	0.00569	0.00659	0.00659	0.00667	0.00577	0.00383	0.00861	0.00853	0.01146	0.01810	0.03682	0.02060	0.73440	0.09009	0.00594	0.00645	0.00828	0.00349	0.00366
13	0.00740	0.00524	0.00690	0.00810	0.00848	0.00497	0.00549	0.00843	0.01101	0.01465	0.03049	0.65702	0.03623	0.10137	0.00984	0.00274	0.00376	0.06803	0.00519	0.00464
14	0.00762	0.00654	0.00661	0.00648	0.00857	0.00585	0.00489	0.01057	0.08575	0.01656	0.05544	0.05259	0.68414	0.01405	0.00678	0.00196	0.00311	0.01171	0.00545	0.00533
15	0.01419	0.44158	0.33910	0.01296	0.01937	0.05202	0.01486	0.01809	0.01222	0.01570	0.00911	0.01062	0.00742	0.00525	0.00455	0.00151	0.00741	0.00364	0.00250	0.00791
16	0.01943	0.02396	0.01614	0.01460	0.01702	0.60678	0.01115	0.02094	0.01486	0.01414	0.00928	0.01173	0.00804	0.00939	0.06433	0.00223	0.12233	0.00412	0.00294	0.00657
17	0.01223	0.00676	0.00691	0.00640	0.00817	0.00698	0.00493	0.10339	0.01407	0.02353	0.01835	0.02073	0.01428	0.00680	0.00428	0.00140	0.00317	0.00540	0.72624	0.00597

[dist]
# distance from previous block
# <min> <max>
0	1

[block]
# block no. 11 follows, 40 sequences, length 11
# corresponding to MSA columns:
# 489-499
name=unknown_L
#
# <colnr> <probs for GDERKNQSTAVLIFYWHMCP>
#	G	D	E	R	K	N	Q	S	T	A	V	L	I	F	Y	W	H	M	C	P
0	0.01240	0.18070	0.54972	0.01528	0.02267	0.01508	0.04834	0.01789	0.01230	0.01743	0.01109	0.01463	0.00882	0.00594	0.00536	0.00177	0.00800	0.04176	0.00263	0.00817
1	0.00703	0.00576	0.00621	0.00639	0.00803	0.00493	0.00468	0.00855	0.01319	0.01626	0.11859	0.17851	0.57158	0.01505	0.00696	0.00202	0.00300	0.01283	0.00549	0.00493
2	0.00821	0.00553	0.00642	0.00666	0.00672	0.00547	0.00387	0.00839	0.00895	0.01193	0.02083	0.17563	0.02430	0.65375	0.02555	0.00504	0.00522	0.00993	0.00387	0.00374
3	0.78852	0.01235	0.05275	0.00817	0.01206	0.01307	0.00718	0.01717	0.01004	0.02564	0.00823	0.00961	0.00636	0.00541	0.00371	0.00180	0.00474	0.00322	0.00353	0.00643
4	0.01221	0.08893	0.60447	0.01670	0.02434	0.01458	0.08495	0.01814	0.01221	0.01784	0.01023	0.01237	0.00752	0.00565	0.00617	0.00184	0.04654	0.00447	0.00251	0.00833
5	0.01885	0.21566	0.12198	0.01397	0.01822	0.48663	0.01232	0.02115	0.01477	0.01467	0.00897	0.01045	0.00747	0.00568	0.00491	0.00148	0.00919	0.00367	0.00280	0.00717
6	0.00906	0.00818	0.00782	0.00759	0.00953	0.06674	0.00575	0.01192	0.07078	0.01746	0.16640	0.04746	0.45527	0.04237	0.00758	0.00208	0.00387	0.04935	0.00534	0.00546
7	0.01228	0.01004	0.01223	0.04050	0.05195	0.00864	0.00782	0.07942	0.01336	0.01998	0.01420	0.12140	0.01323	0.00673	0.00500	0.00126	0.00454	0.00569	0.05085	0.52086
8	0.08838	0.00977	0.01281	0.04821	0.01485	0.03240	0.07363	0.01919	0.09993	0.21158	0.12019	0.12670	0.02168	0.00946	0.00668	0.03609	0.00498	0.00773	0.04853	0.00720
9	0.01091	0.00964	0.01380	0.04186	0.01452	0.01062	0.06643	0.01291	0.01095	0.01636	0.01622	0.22304	0.01688	0.01021	0.01000	0.00196	0.24817	0.00799	0.07816	0.17937
10	0.01362	0.00990	0.01123	0.00995	0.01226	0.01034	0.00750	0.30267	0.01765	0.02394	0.05193	0.31437	0.02392	0.09491	0.00888	0.00235	0.00482	0.01003	0.02850	0.04123

[dist]
# distance from previous block
# <min> <max>
11	28

[block]
# block no. 12 follows, 40 sequences, length 7
# corresponding to MSA columns:
# 535-541
name=unknown_M
#
# <colnr> <probs for GDERKNQSTAVLIFYWHMCP>
#	G	D	E	R	K	N	Q	S	T	A	V	L	I	F	Y	W	H	M	C	P
0	0.02040	0.02498	0.01755	0.01540	0.01831	0.61795	0.04745	0.05758	0.01609	0.01554	0.00923	0.01115	0.00769	0.00643	0.00681	0.00164	0.09170	0.00412	0.00309	0.00691
1	0.01555	0.79913	0.03047	0.00995	0.01493	0.02301	0.00995	0.01741	0.01182	0.01368	0.00808	0.00933	0.00746	0.00498	0.00373	0.00124	0.00622	0.00311	0.00249	0.00746
