[name]
unknown

[dist]
# distance from previous block
# <min> <max>
0	64

[block]
# block no. 0 follows, 40 sequences, length 22
# corresponding to MSA columns:
# 69-90
name=unknown_A
#
# <colnr> <probs for GDERKNQSTAVLIFYWHMCP>
#	G	D	E	R	K	N	Q	S	T	A	V	L	I	F	Y	W	H	M	C	P
0	0.01165	0.00859	0.01098	0.01191	0.01360	0.00858	0.01000	0.01541	0.09944	0.01969	0.03107	0.06139	0.03255	0.01594	0.00842	0.00287	0.00581	0.61952	0.00592	0.00667
1	0.01583	0.01473	0.02418	0.06359	0.71456	0.01459	0.01821	0.01877	0.01416	0.02029	0.01254	0.01664	0.01069	0.00631	0.00645	0.00203	0.00744	0.00570	0.00344	0.00988
2	0.01530	0.01668	0.03484	0.02522	0.03111	0.01548	0.71986	0.01964	0.01469	0.02008	0.01336	0.01786	0.01037	0.00601	0.00752	0.00225	0.01023	0.00733	0.00351	0.00865
3	0.01535	0.01293	0.01365	0.01201	0.01546	0.01488	0.00942	0.11293	0.66539	0.02575	0.02255	0.02080	0.01684	0.00778	0.00591	0.00195	0.00481	0.00642	0.00591	0.00928
4	0.01376	0.01335	0.02330	0.16258	0.58521	0.01373	0.06800	0.01739	0.01300	0.01826	0.01089	0.01467	0.00893	0.00527	0.00584	0.00178	0.00726	0.00530	0.00283	0.00864
5	0.00766	0.00567	0.00736	0.00816	0.00905	0.00507	0.00557	0.00885	0.01124	0.01532	0.02954	0.70163	0.03501	0.01661	0.00706	0.00219	0.00348	0.01502	0.00517	0.10033
6	0.01220	0.02934	0.73778	0.01634	0.02479	0.01332	0.02101	0.01878	0.01244	0.04588	0.01090	0.01255	0.00763	0.00559	0.00554	0.00184	0.00846	0.00435	0.00263	0.00864
7	0.00848	0.00678	0.00784	0.00822	0.01007	0.00643	0.00669	0.01174	0.07890	0.01711	0.04528	0.05650	0.42122	0.01462	0.00722	0.00223	0.00399	0.27581	0.00543	0.00546
8	0.01347	0.01513	0.03214	0.07697	0.03016	0.01477	0.64425	0.01809	0.01329	0.01809	0.01142	0.01550	0.00868	0.00528	0.00752	0.00199	0.05606	0.00664	0.00289	0.00766
9	0.01427	0.01369	0.02338	0.06319	0.73284	0.01378	0.01778	0.01774	0.01318	0.01885	0.01092	0.01443	0.00916	0.00520	0.00576	0.00173	0.00694	0.00518	0.00287	0.00911
10	0.02438	0.00954	0.01282	0.00995	0.01422	0.00822	0.00818	0.02656	0.01634	0.69671	0.02615	0.02302	0.08062	0.00787	0.00594	0.00181	0.00477	0.00642	0.00704	0.00945
11	0.00717	0.00512	0.00682	0.00804	0.00845	0.00478	0.00540	0.00830	0.01151	0.01544	0.08276	0.73944	0.03961	0.01778	0.00738	0.00232	0.00333	0.01611	0.00547	0.00478
12	0.02044	0.01448	0.19430	0.01158	0.01671	0.00964	0.01138	0.04278	0.01585	0.47887	0.10452	0.02056	0.01726	0.00733	0.00589	0.00181	0.00561	0.00600	0.00593	0.00907
13	0.01197	0.02791	0.65516	0.01777	0.02596	0.01369	0.12964	0.01845	0.01250	0.01845	0.01064	0.01279	0.00759	0.00543	0.00573	0.00186	0.00878	0.00468	0.00253	0.00848
14	0.01555	0.79913	0.03047	0.00995	0.01493	0.02301	0.00995	0.01741	0.01182	0.01368	0.00808	0.00933	0.00746	0.00498	0.00373	0.00124	0.00622	0.00311	0.00249	0.00746
15	0.02350	0.01405	0.01606	0.01232	0.01691	0.01470	0.01017	0.49020	0.02359	0.29171	0.01711	0.01601	0.01147	0.00706	0.00583	0.00176	0.00589	0.00545	0.00630	0.00989
16	0.01596	0.01249	0.01344	0.01179	0.01527	0.01415	0.00926	0.07311	0.64037	0.09097	0.02302	0.02106	0.01698	0.00777	0.00591	0.00194	0.00474	0.00643	0.00603	0.00931
17	0.00811	0.00594	0.00761	0.00719	0.00861	0.00544	0.00539	0.01074	0.01618	0.02264	0.69410	0.04456	0.11748	0.01214	0.00686	0.00184	0.00276	0.01067	0.00631	0.00544
18	0.00831	0.00623	0.00935	0.00935	0.01038	0.00727	0.00727	0.01038	0.00935	0.01350	0.01558	0.02285	0.01454	0.04361	0.77259	0.00935	0.01558	0.00623	0.00312	0.00519
19	0.01225	0.14613	0.65458	0.01557	0.02362	0.01494	0.01974	0.01826	0.01221	0.01770	0.01008	0.01183	0.00738	0.00544	0.00525	0.00175	0.00824	0.00412	0.00246	0.00842
20	0.00831	0.00623	0.00935	0.00935	0.01038	0.00727	0.00727	0.01038	0.00935	0.01350	0.01558	0.02285	0.01454	0.04361	0.77259	0.00935	0.01558	0.00623	0.00312	0.00519
21	0.01510	0.71017	0.11550	0.01072	0.01611	0.02191	0.01128	0.01753	0.01187	0.01423	0.00836	0.00967	0.00745	0.00504	0.00394	0.00131	0.00649	0.00325	0.00248	0.00759

[dist]
# distance from previous block
# <min> <max>
0	1

[block]
# block no. 1 follows, 40 sequences, length 6
# corresponding to MSA columns:
# 92-97
name=unknown_B
#
# <colnr> <probs for GDERKNQSTAVLIFYWHMCP>
#	G	D	E	R	K	N	Q	S	T	A	V	L	I	F	Y	W	H	M	C	P
0	0.00724	0.00591	0.00640	0.00627	0.00808	0.00506	0.00470	0.00905	0.01411	0.01775	0.24566	0.05261	0.56897	0.01397	0.00687	0.00193	0.00289	0.01180	0.00567	0.00506
1	0.00831	0.00623	0.00935	0.00935	0.01038	0.00727	0.00727	0.01038	0.00935	0.01350	0.01558	0.02285	0.01454	0.04361	0.77259	0.00935	0.01558	0.00623	0.00312	0.00519
2	0.01517	0.72449	0.10181	0.01059	0.01592	0.02209	0.01107	0.01751	0.01186	0.01414	0.00831	0.00961	0.00745	0.00503	0.00391	0.00130	0.00645	0.00322	0.00248	0.00757
3	0.01285	0.26483	0.54113	0.01455	0.02204	0.01641	0.01796	0.01811	0.01214	0.01697	0.00972	0.01138	0.00740	0.00536	0.00498	0.00166	0.00787	0.00393	0.00247	0.00825
4	0.00876	0.00650	0.00852	0.00954	0.01103	0.00626	0.00817	0.01115	0.01335	0.01699	0.03763	0.06325	0.20953	0.01574	0.00775	0.00250	0.00477	0.54794	0.00537	0.00525
5	0.01380	0.01548	0.03313	0.02575	0.11106	0.01461	0.65852	0.01854	0.01367	0.01867	0.01167	0.01554	0.00887	0.00493	0.00674	0.00193	0.00948	0.00668	0.00293	0.00799

[dist]
# distance from previous block
# <min> <max>
0	1

[block]
# block no. 2 follows, 40 sequences, length 6
# corresponding to MSA columns:
# 99-104
name=unknown_C
#
# <colnr> <probs for GDERKNQSTAVLIFYWHMCP>
#	G	D	E	R	K	N	Q	S	T	A	V	L	I	F	Y	W	H	M	C	P
0	0.01399	0.01578	0.09805	0.03156	0.53991	0.01397	0.16438	0.01806	0.01325	0.01887	0.01106	0.01445	0.00895	0.00516	0.00596	0.00179	0.00766	0.00544	0.00285	0.00887
1	0.01341	0.01282	0.02183	0.24985	0.55285	0.01356	0.01736	0.01699	0.01278	0.01781	0.01077	0.01471	0.00879	0.00536	0.00577	0.00179	0.00715	0.00518	0.00279	0.00842
2	0.01190	0.04987	0.38653	0.01400	0.05658	0.01067	0.01452	0.01611	0.01256	0.08715	0.04692	0.23121	0.01865	0.00943	0.00608	0.00195	0.00639	0.00809	0.00390	0.00750
3	0.01166	0.03008	0.76550	0.01657	0.02517	0.01351	0.02149	0.01842	0.01228	0.01842	0.01044	0.01228	0.00737	0.00552	0.00552	0.00184	0.00859	0.00430	0.00246	0.00859
4	0.02053	0.01856	0.01634	0.04735	0.01841	0.24051	0.01094	0.35747	0.13147	0.05921	0.01418	0.01442	0.01046	0.00678	0.00566	0.00172	0.00734	0.00502	0.00491	0.00870
5	0.02104	0.02469	0.01831	0.01561	0.01915	0.57577	0.07921	0.14219	0.01803	0.01838	0.01008	0.01155	0.00801	0.00606	0.00549	0.00158	0.00974	0.00429	0.00346	0.00737

[dist]
# distance from previous block
# <min> <max>
1	12

[block]
# block no. 3 follows, 40 sequences, length 13
# corresponding to MSA columns:
# 118-130
name=unknown_D
#
# <colnr> <probs for GDERKNQSTAVLIFYWHMCP>
#	G	D	E	R	K	N	Q	S	T	A	V	L	I	F	Y	W	H	M	C	P
0	0.01420	0.01331	0.02094	0.07699	0.55244	0.01390	0.01586	0.02050	0.17334	0.01990	0.01367	0.01605	0.01098	0.00581	0.00580	0.00179	0.00646	0.00548	0.00352	0.00904
1	0.01170	0.00871	0.01134	0.01034	0.01227	0.00992	0.00820	0.18993	0.01377	0.01920	0.01518	0.02066	0.01339	0.03460	0.58389	0.00748	0.01332	0.00599	0.00378	0.00635
2	0.00692	0.00571	0.00608	0.00637	0.00798	0.00487	0.00463	0.00829	0.01279	0.01552	0.05306	0.21622	0.60051	0.01549	0.00699	0.00205	0.00304	0.01320	0.00540	0.00487
3	0.01260	0.01263	0.01627	0.01351	0.01527	0.08485	0.07600	0.01471	0.01210	0.01709	0.17152	0.01939	0.01814	0.00894	0.01215	0.00203	0.37307	0.00610	0.00358	0.11007
4	0.01716	0.02037	0.01748	0.01509	0.01805	0.45218	0.13592	0.03974	0.01515	0.01577	0.01464	0.18165	0.01454	0.00849	0.00602	0.00177	0.00870	0.00711	0.00359	0.00658
5	0.00706	0.00516	0.00665	0.00785	0.00837	0.00474	0.00529	0.00813	0.01138	0.01494	0.03512	0.70786	0.12046	0.01782	0.00736	0.00232	0.00332	0.01605	0.00540	0.00474
6	0.00743	0.00530	0.00714	0.00849	0.00897	0.00502	0.00599	0.00869	0.01147	0.01523	0.03186	0.68335	0.03772	0.01790	0.00751	0.00241	0.00367	0.12165	0.00539	0.00482
7	0.01418	0.01360	0.02322	0.08244	0.71427	0.01376	0.01774	0.01766	0.01314	0.01874	0.01090	0.01446	0.00912	0.00522	0.00576	0.00174	0.00696	0.00518	0.00286	0.00904
8	0.02200	0.01119	0.01604	0.01245	0.01686	0.01061	0.10046	0.02768	0.17574	0.50877	0.02169	0.01969	0.01443	0.00706	0.00599	0.00186	0.00548	0.00613	0.00638	0.00949
9	0.01021	0.00627	0.00799	0.00738	0.00907	0.00566	0.00555	0.01196	0.01467	0.10446	0.42688	0.04023	0.19753	0.01302	0.00874	0.10611	0.00333	0.00968	0.00579	0.00549
10	0.01515	0.02364	0.50843	0.01762	0.11525	0.01246	0.01821	0.02051	0.01335	0.18073	0.01322	0.01418	0.00913	0.00585	0.00562	0.00182	0.00759	0.00475	0.00354	0.00896
11	0.00800	0.05165	0.09785	0.00783	0.01043	0.00690	0.00697	0.01009	0.01281	0.01606	0.07267	0.17841	0.47230	0.01361	0.00664	0.00198	0.00386	0.01151	0.00493	0.00548
12	0.01181	0.01358	0.11286	0.52298	0.19483	0.01319	0.01719	0.01596	0.01206	0.01621	0.01048	0.01486	0.00802	0.00564	0.00577	0.00188	0.00767	0.00506	0.00263	0.00733

[dist]
# distance from previous block
# <min> <max>
0	1

[block]
# block no. 4 follows, 40 sequences, length 15
# corresponding to MSA columns:
# 132-146
name=unknown_E
#
# <colnr> <probs for GDERKNQSTAVLIFYWHMCP>
#	G	D	E	R	K	N	Q	S	T	A	V	L	I	F	Y	W	H	M	C	P
0	0.01550	0.01351	0.02026	0.23627	0.36318	0.01469	0.01557	0.20896	0.01654	0.02254	0.01158	0.01459	0.00899	0.00583	0.00579	0.00179	0.00701	0.00519	0.00358	0.00863
1	0.01712	0.02880	0.35905	0.01571	0.02127	0.42525	0.01592	0.02102	0.01456	0.01615	0.00965	0.01131	0.00743	0.00578	0.00537	0.00166	0.00962	0.00400	0.00275	0.00759
2	0.01151	0.01162	0.02259	0.22954	0.02730	0.01176	0.34357	0.01555	0.01387	0.01883	0.20927	0.02301	0.02077	0.00701	0.00657	0.00192	0.00736	0.00736	0.00376	0.00683
3	0.01509	0.02495	0.36103	0.02144	0.22650	0.21528	0.01775	0.01954	0.01366	0.01747	0.01019	0.01239	0.00791	0.00555	0.00551	0.00172	0.00863	0.00440	0.00272	0.00827
4	0.01601	0.01404	0.02119	0.12367	0.47175	0.01482	0.01583	0.20941	0.01679	0.02317	0.01167	0.01442	0.00921	0.00574	0.00578	0.00176	0.00688	0.00519	0.00362	0.00905
5	0.01396	0.01515	0.01718	0.56941	0.03394	0.22314	0.01479	0.01717	0.01297	0.01468	0.00996	0.01412	0.00768	0.00586	0.00566	0.00182	0.00851	0.00477	0.00270	0.00654
6	0.24031	0.07462	0.03748	0.01662	0.21109	0.01187	0.01119	0.01561	0.01222	0.01996	0.01678	0.03028	0.01661	0.00900	0.00578	0.00204	0.00570	0.25205	0.00389	0.00691
7	0.01279	0.02054	0.35497	0.22554	0.23266	0.01371	0.01917	0.01766	0.01271	0.01813	0.01110	0.01449	0.00852	0.00588	0.00590	0.00194	0.00806	0.00496	0.00280	0.00847
8	0.01316	0.01783	0.22813	0.13456	0.45568	0.01361	0.01862	0.01759	0.01275	0.01826	0.01072	0.01396	0.00850	0.00536	0.00570	0.00179	0.00749	0.00493	0.00272	0.00866
9	0.01673	0.22640	0.02346	0.02312	0.35624	0.22623	0.01392	0.01922	0.01376	0.01627	0.00964	0.01197	0.00827	0.00535	0.00508	0.00154	0.00772	0.00423	0.00281	0.00806
10	0.00934	0.00773	0.00840	0.00792	0.01009	0.00771	0.00603	0.01529	0.21774	0.02012	0.23452	0.04315	0.36572	0.01208	0.00660	0.00193	0.00335	0.01023	0.00581	0.00625
11	0.01315	0.01967	0.23673	0.02231	0.02895	0.01437	0.53982	0.01857	0.01332	0.01857	0.01140	0.01474	0.00842	0.00507	0.00649	0.00193	0.00947	0.00615	0.00281	0.00805
12	0.01177	0.01620	0.21738	0.44542	0.16422	0.01324	0.01787	0.01634	0.01209	0.01654	0.01047	0.01445	0.00791	0.00562	0.00573	0.00187	0.00783	0.00494	0.00260	0.00752
13	0.01082	0.01815	0.35547	0.01190	0.01758	0.00976	0.01318	0.01535	0.01338	0.01992	0.21689	0.02085	0.02085	0.00696	0.00557	0.00158	0.00583	0.00579	0.00381	0.22638
14	0.01172	0.01597	0.21661	0.57181	0.03625	0.01336	0.01773	0.01618	0.01215	0.01633	0.01092	0.01539	0.00818	0.00611	0.00597	0.00201	0.00814	0.00511	0.00275	0.00731

[dist]
# distance from previous block
# <min> <max>
10	13

[block]
# block no. 5 follows, 40 sequences, length 8
# corresponding to MSA columns:
# 160-167
name=unknown_F
#
# <colnr> <probs for GDERKNQSTAVLIFYWHMCP>
#	G	D	E	R	K	N	Q	S	T	A	V	L	I	F	Y	W	H	M	C	P
0	0.00825	0.00603	0.00827	0.00796	0.00922	0.00605	0.00605	0.01079	0.01422	0.02022	0.52271	0.03694	0.04215	0.02189	0.24832	0.00420	0.00679	0.00917	0.00537	0.00539
1	0.01421	0.01234	0.01346	0.06731	0.01692	0.01435	0.00971	0.02974	0.69572	0.02364	0.02271	0.02125	0.01703	0.00774	0.00591	0.00197	0.00483	0.00647	0.00568	0.00901
2	0.01863	0.01225	0.01403	0.01132	0.01449	0.01321	0.00897	0.45412	0.02028	0.08434	0.01344	0.01558	0.01030	0.01117	0.01115	0.26318	0.00586	0.00522	0.00489	0.00757
3	0.02483	0.01191	0.01474	0.01130	0.01585	0.01154	0.00934	0.25274	0.02002	0.53422	0.02011	0.01795	0.01297	0.00713	0.00584	0.00178	0.00541	0.00565	0.00676	0.00989
4	0.00835	0.00604	0.00840	0.00840	0.00911	0.00675	0.00609	0.00978	0.00907	0.01280	0.01644	0.02764	0.01662	0.28075	0.53830	0.00818	0.01244	0.00693	0.00324	0.00467
5	0.01314	0.01220	0.01904	0.13932	0.41609	0.01177	0.01414	0.01639	0.01263	0.01836	0.01066	0.01382	0.00880	0.00500	0.00531	0.00149	0.00621	0.00463	0.00301	0.26799
6	0.01391	0.01365	0.02434	0.03259	0.61093	0.01348	0.12553	0.01746	0.01321	0.01873	0.01215	0.05477	0.01066	0.00581	0.00601	0.00180	0.00716	0.00602	0.00302	0.00877
7	0.01427	0.01424	0.05870	0.02718	0.48668	0.01400	0.01531	0.02199	0.24515	0.02065	0.01493	0.01659	0.01181	0.00605	0.00580	0.00181	0.00627	0.00557	0.00381	0.00918

[dist]
# distance from previous block
# <min> <max>
0	1

[block]
# block no. 6 follows, 40 sequences, length 6
# corresponding to MSA columns:
# 169-174
name=unknown_G
#
# <colnr> <probs for GDERKNQSTAVLIFYWHMCP>
#	G	D	E	R	K	N	Q	S	T	A	V	L	I	F	Y	W	H	M	C	P
0	0.01156	0.01357	0.09121	0.01824	0.10458	0.01107	0.31018	0.01529	0.01323	0.01789	0.02420	0.02577	0.21203	0.00760	0.00634	0.00180	0.00690	0.00753	0.00361	0.09741
1	0.01618	0.02340	0.44310	0.01542	0.02236	0.01425	0.05329	0.21560	0.01692	0.10494	0.01283	0.01373	0.00889	0.00607	0.00571	0.00182	0.00766	0.00485	0.00391	0.00905
2	0.01137	0.01109	0.01982	0.67489	0.03869	0.01317	0.11797	0.01539	0.01192	0.01539	0.01054	0.01553	0.00790	0.00569	0.00596	0.00194	0.00804	0.00541	0.00263	0.00665
3	0.01789	0.09685	0.05071	0.01349	0.11885	0.01054	0.04351	0.02073	0.01409	0.30514	0.01744	0.01786	0.01245	0.00637	0.00515	0.00162	0.00515	0.00531	0.22869	0.00816
4	0.01450	0.02633	0.56221	0.01571	0.02323	0.01474	0.01865	0.21450	0.01637	0.02337	0.01139	0.01274	0.00805	0.00592	0.00560	0.00182	0.00800	0.00455	0.00337	0.00895
5	0.01450	0.02633	0.56221	0.01571	0.02323	0.01474	0.01865	0.21450	0.01637	0.02337	0.01139	0.01274	0.00805	0.00592	0.00560	0.00182	0.00800	0.00455	0.00337	0.00895

[dist]
# distance from previous block
# <min> <max>
0	1

[block]
# block no. 7 follows, 40 sequences, length 21
# corresponding to MSA columns:
# 176-196
name=unknown_H
#
# <colnr> <probs for GDERKNQSTAVLIFYWHMCP>
#	G	D	E	R	K	N	Q	S	T	A	V	L	I	F	Y	W	H	M	C	P
0	0.01295	0.02481	0.55086	0.01609	0.02283	0.01260	0.04955	0.01778	0.01328	0.03867	0.01661	0.16301	0.01515	0.00908	0.00667	0.00225	0.00804	0.00733	0.00376	0.00867
1	0.04572	0.02827	0.62338	0.01678	0.02463	0.01490	0.01994	0.11051	0.01513	0.02251	0.01248	0.01472	0.00928	0.00683	0.00621	0.00213	0.00864	0.00493	0.00352	0.00949
2	0.01315	0.01197	0.01927	0.66138	0.13751	0.01389	0.01686	0.01641	0.01290	0.01702	0.01211	0.01761	0.00957	0.00685	0.00652	0.00221	0.00814	0.00570	0.00322	0.00770
3	0.01327	0.02822	0.65187	0.11411	0.02793	0.01427	0.02115	0.01902	0.01323	0.01947	0.01211	0.01502	0.00905	0.00669	0.00628	0.00216	0.00896	0.00496	0.00307	0.00914
4	0.01515	0.01402	0.02288	0.22383	0.55942	0.01442	0.01786	0.01816	0.01385	0.01945	0.01246	0.01695	0.01043	0.00648	0.00648	0.00209	0.00764	0.00571	0.00339	0.00932
5	0.01240	0.01180	0.05070	0.62965	0.03561	0.01288	0.01528	0.01536	0.01231	0.01617	0.01304	0.02046	0.01105	0.10663	0.00951	0.00271	0.00802	0.00608	0.00329	0.00706
6	0.02186	0.04816	0.12126	0.01310	0.01798	0.01098	0.06915	0.02448	0.01649	0.46301	0.10590	0.02283	0.01880	0.00831	0.00662	0.00211	0.00622	0.00665	0.00637	0.00971
7	0.02546	0.01051	0.01358	0.01084	0.01499	0.00912	0.00867	0.02726	0.01700	0.65114	0.02379	0.02217	0.01591	0.00823	0.00633	0.00205	0.00524	0.00631	0.11128	0.01011
8	0.02242	0.01258	0.09098	0.01219	0.01656	0.00964	0.03513	0.02457	0.01632	0.52082	0.05138	0.11938	0.01949	0.00960	0.00680	0.00219	0.00578	0.00776	0.00678	0.00965
9	0.00904	0.00656	0.00814	0.00925	0.00997	0.00595	0.00636	0.00972	0.01255	0.01670	0.03550	0.65624	0.10405	0.01854	0.00808	0.00264	0.00409	0.06500	0.00591	0.00570
10	0.01277	0.02756	0.65052	0.01645	0.02394	0.01323	0.01979	0.01817	0.01317	0.01947	0.01485	0.11303	0.01293	0.00826	0.00648	0.00221	0.00841	0.00640	0.00343	0.00892
11	0.02725	0.01131	0.01474	0.01157	0.01612	0.00986	0.00933	0.05484	0.01795	0.71852	0.02397	0.02172	0.01568	0.00827	0.00656	0.00211	0.00558	0.00634	0.00762	0.01068
12	0.01659	0.01126	0.01602	0.36720	0.02677	0.01257	0.01275	0.05122	0.01420	0.18131	0.01578	0.01922	0.01191	0.00877	0.02588	0.00238	0.09108	0.00590	0.10113	0.00807
13	0.00913	0.00637	0.00810	0.00923	0.00971	0.00582	0.00614	0.00939	0.01193	0.01608	0.03145	0.71309	0.03706	0.01916	0.00928	0.06690	0.00412	0.01587	0.00569	0.00547
14	0.01713	0.77901	0.03112	0.01108	0.01609	0.02359	0.01060	0.01849	0.01287	0.01532	0.00984	0.01175	0.00910	0.00612	0.00450	0.00157	0.00676	0.00370	0.00309	0.00831
15	0.00991	0.00723	0.00889	0.00840	0.00995	0.00650	0.00617	0.01202	0.01714	0.02410	0.68376	0.04591	0.10968	0.01307	0.00754	0.00215	0.00339	0.01104	0.00682	0.00634
16	0.01430	0.01258	0.01479	0.05028	0.11895	0.01430	0.01071	0.02837	0.61368	0.02316	0.02130	0.02041	0.01612	0.00742	0.00589	0.00194	0.00506	0.00632	0.00535	0.00908
17	0.01439	0.01382	0.02360	0.03569	0.75936	0.01382	0.01785	0.01785	0.01324	0.01900	0.01094	0.01439	0.00921	0.00518	0.00576	0.00173	0.00691	0.00518	0.00288	0.00921
18	0.01373	0.01569	0.03431	0.02451	0.03039	0.01471	0.73824	0.01863	0.01373	0.01863	0.01176	0.01569	0.00882	0.00490	0.00686	0.00196	0.00980	0.00686	0.00294	0.00784
19	0.01431	0.01499	0.08056	0.07317	0.63416	0.01391	0.01777	0.04678	0.01365	0.01944	0.01099	0.01427	0.00902	0.00531	0.00574	0.00175	0.00706	0.00511	0.00295	0.00904
20	0.01544	0.77837	0.05031	0.01013	0.01520	0.02275	0.01026	0.01744	0.01183	0.01381	0.00815	0.00941	0.00746	0.00499	0.00378	0.00126	0.00628	0.00314	0.00249	0.00749

[dist]
# distance from previous block
# <min> <max>
0	1

[block]
# block no. 8 follows, 40 sequences, length 24
# corresponding to MSA columns:
# 198-221
name=unknown_I
#
# <colnr> <probs for GDERKNQSTAVLIFYWHMCP>
#	G	D	E	R	K	N	Q	S	T	A	V	L	I	F	Y	W	H	M	C	P
0	0.00877	0.00632	0.00795	0.00869	0.00951	0.00621	0.00603	0.09006	0.01295	0.01729	0.03003	0.70472	0.03526	0.01696	0.00724	0.00229	0.00371	0.01527	0.00545	0.00530
1	0.02211	0.01629	0.01745	0.01338	0.01803	0.01803	0.01105	0.73997	0.02734	0.03665	0.01396	0.01396	0.00989	0.00698	0.00582	0.00175	0.00640	0.00524	0.00582	0.00989
2	0.83671	0.01125	0.00855	0.00765	0.01125	0.01305	0.00630	0.01709	0.00990	0.02609	0.00810	0.00945	0.00630	0.00540	0.00360	0.00180	0.00450	0.00315	0.00360	0.00630
3	0.00846	0.00564	0.00634	0.00634	0.00634	0.00564	0.00352	0.00846	0.00846	0.01128	0.01832	0.03805	0.02114	0.79563	0.02960	0.00564	0.00564	0.00846	0.00352	0.00352
4	0.00831	0.00623	0.00935	0.00935	0.01038	0.00727	0.00727	0.01038	0.00935	0.01350	0.01558	0.02285	0.01454	0.04361	0.77259	0.00935	0.01558	0.00623	0.00312	0.00519
5	0.01223	0.01100	0.01744	0.69561	0.03759	0.01349	0.01558	0.09607	0.01339	0.01730	0.01074	0.01533	0.00799	0.00594	0.00581	0.00192	0.00760	0.00518	0.00295	0.00684
6	0.01252	0.01245	0.01741	0.01501	0.01502	0.01734	0.01246	0.01378	0.00899	0.01403	0.00852	0.04094	0.00875	0.01047	0.01866	0.00254	0.75668	0.00550	0.00265	0.00630
7	0.00717	0.00510	0.00672	0.00799	0.00830	0.00478	0.00528	0.00812	0.01096	0.01462	0.03118	0.74413	0.03737	0.06742	0.00883	0.00257	0.00352	0.01602	0.00528	0.00465
8	0.00709	0.00506	0.00675	0.00810	0.00843	0.00472	0.00540	0.00810	0.01113	0.01484	0.03205	0.79184	0.03846	0.01822	0.00742	0.00236	0.00337	0.01653	0.00540	0.00472
9	0.02172	0.02772	0.01648	0.01498	0.01798	0.77228	0.01124	0.02322	0.01648	0.01423	0.00899	0.01049	0.00749	0.00599	0.00524	0.00150	0.01049	0.00375	0.00300	0.00674
10	0.01361	0.01535	0.03247	0.02347	0.02870	0.01505	0.65698	0.01811	0.01319	0.01811	0.01130	0.01535	0.00869	0.00549	0.00823	0.00203	0.09662	0.00666	0.00290	0.00768
11	0.02129	0.01151	0.01392	0.03123	0.01595	0.01174	0.00925	0.10856	0.26705	0.41087	0.02186	0.01968	0.01486	0.00737	0.00587	0.00186	0.00507	0.00601	0.00649	0.00957
12	0.01037	0.00661	0.00890	0.04656	0.01095	0.00620	0.00637	0.01311	0.01624	0.10578	0.63668	0.03939	0.04797	0.01106	0.00669	0.00183	0.00324	0.00973	0.00630	0.00603
13	0.83671	0.01125	0.00855	0.00765	0.01125	0.01305	0.00630	0.01709	0.00990	0.02609	0.00810	0.00945	0.00630	0.00540	0.00360	0.00180	0.00450	0.00315	0.00360	0.00630
14	0.01168	0.02909	0.72765	0.01617	0.02460	0.01322	0.02075	0.01823	0.01227	0.01844	0.01043	0.01227	0.00743	0.00546	0.00546	0.00179	0.00838	0.00425	0.00251	0.04992
15	0.01166	0.03008	0.76550	0.01657	0.02517	0.01351	0.02149	0.01842	0.01228	0.01842	0.01044	0.01228	0.00737	0.00552	0.00552	0.00184	0.00859	0.00430	0.00246	0.00859
16	0.01420	0.02286	0.48524	0.01781	0.13137	0.01224	0.01783	0.01947	0.01340	0.13991	0.05975	0.01579	0.01179	0.00615	0.00570	0.00182	0.00738	0.00507	0.00354	0.00870
17	0.00848	0.00600	0.00744	0.00714	0.00852	0.00550	0.00526	0.01064	0.01479	0.03960	0.49375	0.06199	0.17499	0.10031	0.00943	0.00231	0.00325	0.02947	0.00587	0.00526
18	0.01206	0.01034	0.01206	0.00861	0.01378	0.00775	0.00689	0.01464	0.01206	0.01895	0.01034	0.01206	0.00861	0.00431	0.00431	0.00086	0.00431	0.00345	0.00345	0.83118
19	0.01446	0.19477	0.08040	0.02367	0.38704	0.01603	0.01463	0.02034	0.15622	0.01877	0.01273	0.01449	0.01033	0.00569	0.00531	0.00167	0.00643	0.00491	0.00335	0.00876
20	0.01261	0.00792	0.00915	0.10191	0.01285	0.00869	0.00691	0.12246	0.01427	0.02280	0.01674	0.01944	0.01301	0.00682	0.00510	0.00153	0.03308	0.00535	0.57313	0.00625
21	0.02173	0.01610	0.01724	0.01330	0.01789	0.01786	0.01096	0.70502	0.06290	0.03604	0.01444	0.01434	0.01028	0.00703	0.00582	0.00176	0.00631	0.00530	0.00582	0.00986
22	0.01199	0.00650	0.00785	0.00728	0.00832	0.00616	0.00473	0.01258	0.01053	0.16880	0.02171	0.08675	0.04768	0.54905	0.02228	0.00448	0.00524	0.00861	0.00449	0.00499
23	0.01536	0.08219	0.02144	0.58499	0.03686	0.06030	0.06192	0.01795	0.01403	0.01794	0.01330	0.01888	0.01081	0.00778	0.00699	0.00242	0.00884	0.00601	0.00373	0.00827

[dist]
# distance from previous block
# <min> <max>
52	469

# created by:
# /software/SequenceAnalysis/GenePrediction/augustus/3.0.1/scripts/msa2prfl.pl ./fixed/BUSCOvEOG7TF20F.fas
