[name]
unknown

[dist]
# distance from previous block
# <min> <max>
0	141

[block]
# block no. 0 follows, 41 sequences, length 42
# corresponding to MSA columns:
# 168-209
name=unknown_A
#
# <colnr> <probs for GDERKNQSTAVLIFYWHMCP>
#	G	D	E	R	K	N	Q	S	T	A	V	L	I	F	Y	W	H	M	C	P
0	0.00731	0.00553	0.00806	0.00881	0.00943	0.00516	0.04400	0.00851	0.01108	0.01480	0.03048	0.75433	0.03630	0.01723	0.00727	0.00230	0.00365	0.01576	0.00518	0.00481
1	0.01444	0.24265	0.25579	0.01316	0.01851	0.05009	0.04026	0.08492	0.11704	0.03328	0.01303	0.05399	0.01073	0.00651	0.00541	0.00168	0.02199	0.00504	0.00348	0.00801
2	0.01232	0.01223	0.01715	0.01476	0.01480	0.01706	0.01227	0.01361	0.00878	0.01374	0.00786	0.01296	0.00781	0.01148	0.05258	0.00280	0.75400	0.00506	0.00253	0.00621
3	0.00910	0.00650	0.00908	0.01040	0.01166	0.00648	0.00901	0.01165	0.01305	0.01699	0.03035	0.10287	0.03318	0.01591	0.00787	0.00262	0.00516	0.68762	0.00527	0.00523
4	0.01147	0.02959	0.76934	0.01630	0.02476	0.01328	0.02113	0.01811	0.01208	0.01811	0.01026	0.01208	0.00725	0.00543	0.00543	0.00181	0.00845	0.00423	0.00242	0.00845
5	0.01379	0.05329	0.56205	0.01618	0.04118	0.01364	0.05747	0.07747	0.01371	0.08149	0.01156	0.01295	0.00814	0.00563	0.00550	0.00178	0.00792	0.00454	0.00311	0.00860
6	0.02137	0.02726	0.01621	0.01474	0.01768	0.77602	0.01105	0.02284	0.01621	0.01400	0.00884	0.01031	0.00737	0.00589	0.00516	0.00147	0.01031	0.00368	0.00295	0.00663
7	0.00700	0.00500	0.00667	0.00794	0.00830	0.00467	0.00531	0.00805	0.01110	0.01484	0.05262	0.77347	0.03830	0.01774	0.00728	0.00231	0.00330	0.01609	0.00534	0.00467
8	0.01183	0.01166	0.02108	0.52813	0.15625	0.01316	0.14436	0.01575	0.01206	0.01594	0.01051	0.01510	0.00805	0.00546	0.00589	0.00188	0.00785	0.00538	0.00265	0.00704
9	0.01096	0.01032	0.01744	0.75057	0.07285	0.01275	0.01596	0.01475	0.01151	0.01480	0.01019	0.01520	0.00769	0.00569	0.00572	0.00190	0.00759	0.00508	0.00256	0.00648
10	0.02150	0.00903	0.01208	0.00962	0.01335	0.00803	0.00781	0.02441	0.04818	0.57950	0.17684	0.02441	0.02263	0.00807	0.00596	0.00178	0.00440	0.00674	0.00686	0.00880
11	0.01424	0.01318	0.02137	0.12514	0.57293	0.01351	0.01623	0.07654	0.01390	0.01960	0.01090	0.01414	0.00891	0.00527	0.00560	0.00168	0.00672	0.00501	0.00306	0.05207
12	0.04920	0.01278	0.02105	0.14589	0.58111	0.01310	0.01623	0.01691	0.01258	0.01837	0.01052	0.01399	0.00869	0.00515	0.00550	0.00169	0.00668	0.00492	0.00285	0.05279
13	0.67361	0.01477	0.16077	0.00928	0.01380	0.01292	0.00919	0.01707	0.01020	0.02415	0.00843	0.00985	0.00641	0.00533	0.00392	0.00178	0.00523	0.00332	0.00331	0.00665
14	0.01529	0.80242	0.02997	0.00979	0.01468	0.02263	0.00979	0.01713	0.01162	0.01346	0.00795	0.00918	0.00734	0.00489	0.00367	0.00122	0.00612	0.00306	0.00245	0.00734
15	0.00846	0.00543	0.00730	0.00831	0.00900	0.00505	0.00581	0.00966	0.01150	0.06829	0.03080	0.68723	0.03579	0.01700	0.00723	0.00231	0.00357	0.06677	0.00543	0.00505
16	0.01416	0.01359	0.02322	0.03511	0.76330	0.01359	0.01755	0.01755	0.01302	0.01869	0.01076	0.01416	0.00906	0.00510	0.00566	0.00170	0.00680	0.00510	0.00283	0.00906
17	0.01186	0.00670	0.00875	0.00775	0.00982	0.00602	0.00598	0.01436	0.01600	0.18589	0.54678	0.03852	0.09703	0.01088	0.00653	0.00180	0.00319	0.00946	0.00640	0.00631
18	0.05681	0.01581	0.01679	0.01292	0.01745	0.01753	0.01067	0.71303	0.02616	0.03560	0.01349	0.01354	0.00958	0.00680	0.00563	0.00172	0.00621	0.00506	0.00563	0.00958
19	0.00711	0.00578	0.00612	0.00605	0.00771	0.00498	0.00442	0.00861	0.01306	0.01616	0.15977	0.05149	0.58314	0.08980	0.00892	0.00226	0.00312	0.01145	0.00528	0.00478
20	0.01251	0.01251	0.01752	0.01502	0.01502	0.01752	0.01251	0.01377	0.00876	0.01377	0.00751	0.01251	0.00751	0.01001	0.01877	0.00250	0.78851	0.00501	0.00250	0.00626
21	0.01163	0.01163	0.02064	0.50479	0.03353	0.01384	0.16555	0.01525	0.01144	0.01525	0.01003	0.01485	0.00782	0.00622	0.00802	0.00201	0.13287	0.00542	0.00261	0.00662
22	0.00922	0.00658	0.00922	0.01053	0.01185	0.00658	0.00922	0.01185	0.01317	0.01712	0.03029	0.06452	0.03292	0.01580	0.00790	0.00263	0.00527	0.72480	0.00527	0.00527
23	0.01147	0.02959	0.76934	0.01630	0.02476	0.01328	0.02113	0.01811	0.01208	0.01811	0.01026	0.01208	0.00725	0.00543	0.00543	0.00181	0.00845	0.00423	0.00242	0.00845
24	0.00836	0.00640	0.00792	0.00856	0.01009	0.00611	0.00699	0.01109	0.04732	0.01705	0.08858	0.12009	0.27743	0.01489	0.00729	0.00228	0.00410	0.34481	0.00538	0.00525
25	0.05040	0.16508	0.60374	0.01475	0.02235	0.01491	0.01844	0.01788	0.01189	0.01764	0.00975	0.01144	0.00721	0.00533	0.00504	0.00171	0.00785	0.00397	0.00247	0.00815
26	0.01080	0.01017	0.01716	0.78523	0.03940	0.01271	0.01589	0.01461	0.01144	0.01461	0.01017	0.01525	0.00762	0.00572	0.00572	0.00191	0.00762	0.00508	0.00254	0.00635
27	0.00677	0.00577	0.00582	0.00587	0.00774	0.00482	0.00438	0.00820	0.01297	0.01542	0.05708	0.07922	0.73737	0.01460	0.00678	0.00194	0.00291	0.01221	0.00531	0.00482
28	0.01080	0.01017	0.01716	0.78523	0.03940	0.01271	0.01589	0.01461	0.01144	0.01461	0.01017	0.01525	0.00762	0.00572	0.00572	0.00191	0.00762	0.00508	0.00254	0.00635
29	0.00820	0.00602	0.00866	0.00866	0.00950	0.00686	0.00649	0.00987	0.00904	0.01289	0.01580	0.02515	0.01546	0.17829	0.64251	0.00854	0.01357	0.00652	0.00314	0.00481
30	0.00821	0.00592	0.00780	0.00752	0.00887	0.00551	0.00577	0.01090	0.01589	0.02237	0.68853	0.04487	0.05190	0.01210	0.00686	0.00188	0.00295	0.08057	0.00620	0.00538
31	0.00697	0.00498	0.00664	0.00796	0.00830	0.00465	0.00531	0.00796	0.01095	0.01460	0.03153	0.79525	0.03783	0.01792	0.00730	0.00232	0.00332	0.01626	0.00531	0.00465
32	0.02173	0.01633	0.01714	0.01320	0.01774	0.03836	0.01088	0.72461	0.02660	0.03545	0.01360	0.01364	0.00966	0.00684	0.00571	0.00171	0.00640	0.00511	0.00565	0.00964
33	0.02174	0.01602	0.01717	0.01316	0.01774	0.01774	0.01087	0.74423	0.02689	0.03605	0.01373	0.01373	0.00973	0.00687	0.00572	0.00172	0.00629	0.00515	0.00572	0.00973
34	0.00818	0.00608	0.00896	0.00896	0.00991	0.00703	0.00686	0.01007	0.00912	0.01311	0.01553	0.02363	0.01480	0.10159	0.71831	0.00891	0.01456	0.00630	0.00310	0.00498
35	0.00697	0.00498	0.00664	0.00796	0.00830	0.00465	0.00531	0.00796	0.01095	0.01460	0.03153	0.79525	0.03783	0.01792	0.00730	0.00232	0.00332	0.01626	0.00531	0.00465
36	0.01080	0.01017	0.01716	0.78523	0.03940	0.01271	0.01589	0.01461	0.01144	0.01461	0.01017	0.01525	0.00762	0.00572	0.00572	0.00191	0.00762	0.00508	0.00254	0.00635
37	0.01454	0.00870	0.00918	0.00786	0.01028	0.00917	0.00622	0.23342	0.01663	0.05309	0.01732	0.01898	0.01316	0.00674	0.00458	0.00146	0.00384	0.00529	0.55272	0.00681
38	0.01080	0.01017	0.01716	0.78523	0.03940	0.01271	0.01589	0.01461	0.01144	0.01461	0.01017	0.01525	0.00762	0.00572	0.00572	0.00191	0.00762	0.00508	0.00254	0.00635
39	0.00708	0.00510	0.00674	0.00801	0.00846	0.00476	0.00548	0.00818	0.01116	0.01477	0.03260	0.72404	0.06883	0.01766	0.00731	0.00232	0.00340	0.05410	0.00531	0.00469
40	0.04979	0.00931	0.01462	0.06271	0.07463	0.00946	0.11506	0.01559	0.06532	0.05815	0.02295	0.08167	0.02294	0.01136	0.00693	0.00226	0.00594	0.36017	0.00463	0.00650
41	0.01416	0.01359	0.02322	0.03511	0.76330	0.01359	0.01755	0.01755	0.01302	0.01869	0.01076	0.01416	0.00906	0.00510	0.00566	0.00170	0.00680	0.00510	0.00283	0.00906

[dist]
# distance from previous block
# <min> <max>
5	125

# created by:
# /software/SequenceAnalysis/GenePrediction/augustus/3.0.1/scripts/msa2prfl.pl ./fixed/BUSCOvEOG7KPVRP.fas
