[name]
unknown

[dist]
# distance from previous block
# <min> <max>
0	27

[block]
# block no. 0 follows, 40 sequences, length 22
# corresponding to MSA columns:
# 41-62
name=unknown_A
#
# <colnr> <probs for GDERKNQSTAVLIFYWHMCP>
#	G	D	E	R	K	N	Q	S	T	A	V	L	I	F	Y	W	H	M	C	P
0	0.00831	0.00623	0.00935	0.00935	0.01038	0.00727	0.00727	0.01038	0.00935	0.01350	0.01558	0.02285	0.01454	0.04361	0.77259	0.00935	0.01558	0.00623	0.00312	0.00519
1	0.02465	0.00986	0.01322	0.01029	0.01458	0.00873	0.00844	0.02769	0.05642	0.68958	0.05632	0.02097	0.01642	0.00745	0.00590	0.00181	0.00483	0.00610	0.00709	0.00966
2	0.00920	0.00619	0.00789	0.00732	0.00897	0.00561	0.00554	0.01174	0.01605	0.06975	0.61741	0.04357	0.14477	0.01196	0.00680	0.00184	0.00291	0.01045	0.00632	0.00569
3	0.01462	0.02258	0.40935	0.01600	0.04285	0.01442	0.06800	0.20756	0.06108	0.02319	0.01270	0.01500	0.00957	0.04893	0.00704	0.00204	0.00765	0.00512	0.00365	0.00866
4	0.01315	0.01206	0.01742	0.59556	0.03456	0.04575	0.01501	0.12077	0.01397	0.01796	0.01066	0.01492	0.00805	0.00623	0.00652	0.00192	0.05034	0.00511	0.00307	0.00697
5	0.01399	0.01341	0.02288	0.12303	0.67514	0.01371	0.01765	0.01750	0.01305	0.01851	0.01087	0.01452	0.00904	0.00526	0.00576	0.00175	0.00701	0.00518	0.00284	0.00889
6	0.00708	0.00596	0.00618	0.00629	0.00821	0.00506	0.00483	0.00865	0.01327	0.01585	0.05656	0.05677	0.69655	0.01484	0.00697	0.00202	0.00315	0.07142	0.00540	0.00495
7	0.01166	0.03008	0.76550	0.01657	0.02517	0.01351	0.02149	0.01842	0.01228	0.01842	0.01044	0.01228	0.00737	0.00552	0.00552	0.00184	0.00859	0.00430	0.00246	0.00859
8	0.01291	0.01031	0.01215	0.00872	0.01385	0.00780	0.00699	0.01548	0.01234	0.06436	0.01110	0.01253	0.00897	0.00448	0.00440	0.00092	0.00435	0.00359	0.00367	0.78108
9	0.00846	0.00564	0.00634	0.00634	0.00634	0.00564	0.00352	0.00846	0.00846	0.01128	0.01832	0.03805	0.02114	0.79563	0.02960	0.00564	0.00564	0.00846	0.00352	0.00352
10	0.00832	0.00620	0.00917	0.00917	0.01015	0.00717	0.00705	0.01027	0.00929	0.01337	0.01574	0.02374	0.01493	0.08792	0.72881	0.00913	0.01499	0.00636	0.00314	0.00509
11	0.01439	0.01382	0.02360	0.03569	0.75936	0.01382	0.01785	0.01785	0.01324	0.01900	0.01094	0.01439	0.00921	0.00518	0.00576	0.00173	0.00691	0.00518	0.00288	0.00921
12	0.83671	0.01125	0.00855	0.00765	0.01125	0.01305	0.00630	0.01709	0.00990	0.02609	0.00810	0.00945	0.00630	0.00540	0.00360	0.00180	0.00450	0.00315	0.00360	0.00630
13	0.83671	0.01125	0.00855	0.00765	0.01125	0.01305	0.00630	0.01709	0.00990	0.02609	0.00810	0.00945	0.00630	0.00540	0.00360	0.00180	0.00450	0.00315	0.00360	0.00630
14	0.01407	0.01349	0.02302	0.10624	0.69133	0.01373	0.01769	0.01756	0.01309	0.01861	0.01088	0.01450	0.00907	0.00524	0.00576	0.00175	0.00699	0.00518	0.00285	0.00895
15	0.01124	0.00663	0.00865	0.00776	0.00970	0.00598	0.00595	0.01383	0.01630	0.15097	0.58827	0.04008	0.08923	0.01124	0.00668	0.00183	0.00314	0.00981	0.00648	0.00622
16	0.01373	0.01569	0.03431	0.02451	0.03039	0.01471	0.73824	0.01863	0.01373	0.01863	0.01176	0.01569	0.00882	0.00490	0.00686	0.00196	0.00980	0.00686	0.00294	0.00784
17	0.00798	0.00562	0.00701	0.00750	0.00859	0.00507	0.00530	0.00950	0.01292	0.04502	0.18428	0.43647	0.21191	0.01569	0.00712	0.00214	0.00320	0.01390	0.00567	0.00512
18	0.01809	0.42549	0.02379	0.01149	0.01604	0.06614	0.01027	0.29111	0.01796	0.02246	0.01127	0.04077	0.00956	0.00630	0.00475	0.00149	0.00644	0.00446	0.00389	0.00823
19	0.04730	0.01477	0.02791	0.06819	0.13637	0.01457	0.44538	0.10510	0.01512	0.04910	0.01210	0.01519	0.00906	0.00535	0.00635	0.00189	0.00845	0.00613	0.00344	0.00823
20	0.01589	0.33465	0.02028	0.01077	0.01499	0.03991	0.00932	0.02357	0.30259	0.08048	0.01567	0.01533	0.01219	0.00628	0.00486	0.00155	0.00545	0.00475	0.00432	0.07715
21	0.70701	0.01421	0.12754	0.00905	0.01343	0.01312	0.00869	0.01730	0.01027	0.02488	0.00846	0.00989	0.00647	0.00542	0.00390	0.00181	0.00514	0.00333	0.00342	0.00666

[dist]
# distance from previous block
# <min> <max>
0	119

[block]
# block no. 1 follows, 40 sequences, length 94
# corresponding to MSA columns:
# 182-275
name=unknown_B
#
# <colnr> <probs for GDERKNQSTAVLIFYWHMCP>
#	G	D	E	R	K	N	Q	S	T	A	V	L	I	F	Y	W	H	M	C	P
0	0.00707	0.00511	0.00670	0.00797	0.00840	0.00473	0.00534	0.00811	0.01126	0.01489	0.03360	0.74948	0.07982	0.01802	0.00739	0.00234	0.00335	0.01629	0.00540	0.00473
1	0.00848	0.00597	0.00782	0.00740	0.00878	0.00551	0.00553	0.01114	0.01624	0.03519	0.71346	0.07478	0.05351	0.01208	0.00687	0.00185	0.00281	0.01069	0.00637	0.00553
2	0.02139	0.01393	0.12989	0.01354	0.01865	0.01066	0.11523	0.02493	0.02921	0.50069	0.01886	0.01783	0.01233	0.00675	0.00647	0.00186	0.03712	0.00574	0.00566	0.00925
3	0.00846	0.00564	0.00634	0.00634	0.00634	0.00564	0.00352	0.00846	0.00846	0.01128	0.01832	0.03805	0.02114	0.79563	0.02960	0.00564	0.00564	0.00846	0.00352	0.00352
4	0.01272	0.01272	0.01781	0.01527	0.01527	0.01781	0.01272	0.01399	0.00891	0.01399	0.00763	0.01272	0.00763	0.01018	0.01908	0.00254	0.78499	0.00509	0.00254	0.00636
5	0.01206	0.01034	0.01206	0.00861	0.01378	0.00775	0.00689	0.01464	0.01206	0.01895	0.01034	0.01206	0.00861	0.00431	0.00431	0.00086	0.00431	0.00345	0.00345	0.83118
6	0.01580	0.76751	0.02990	0.01016	0.01505	0.05372	0.01000	0.01765	0.01201	0.01370	0.00812	0.00938	0.00746	0.00502	0.00379	0.00125	0.00639	0.00314	0.00251	0.00743
7	0.01051	0.00881	0.01022	0.00842	0.01216	0.00719	0.00677	0.01341	0.04275	0.01816	0.02561	0.03112	0.19156	0.00874	0.00555	0.00145	0.00415	0.11516	0.00431	0.47397
8	0.02073	0.04622	0.04754	0.01214	0.01660	0.01447	0.01029	0.30677	0.19413	0.24116	0.01846	0.01721	0.01284	0.00711	0.00575	0.00180	0.00564	0.00560	0.00596	0.00957
9	0.01107	0.01042	0.01818	0.58215	0.05724	0.01219	0.09508	0.01477	0.01189	0.01567	0.01260	0.07834	0.01067	0.00673	0.00599	0.00195	0.00741	0.00628	0.03486	0.00652
10	0.00743	0.00542	0.00711	0.00813	0.00880	0.00493	0.00550	0.00855	0.01120	0.01513	0.03056	0.73827	0.03641	0.01726	0.00721	0.00226	0.00344	0.01563	0.00526	0.06149
11	0.00996	0.00966	0.01867	0.01520	0.01793	0.00904	0.32243	0.01265	0.01225	0.01648	0.02328	0.45607	0.02564	0.01246	0.00718	0.00219	0.00616	0.01235	0.00434	0.00607
12	0.00709	0.00506	0.00675	0.00810	0.00843	0.00472	0.00540	0.00810	0.01113	0.01484	0.03205	0.79184	0.03846	0.01822	0.00742	0.00236	0.00337	0.01653	0.00540	0.00472
13	0.00846	0.00564	0.00634	0.00634	0.00634	0.00564	0.00352	0.00846	0.00846	0.01128	0.01832	0.03805	0.02114	0.79563	0.02960	0.00564	0.00564	0.00846	0.00352	0.00352
14	0.02211	0.01629	0.01745	0.01338	0.01803	0.01803	0.01105	0.73997	0.02734	0.03665	0.01396	0.01396	0.00989	0.00698	0.00582	0.00175	0.00640	0.00524	0.00582	0.00989
15	0.02167	0.01607	0.01720	0.01329	0.01787	0.01783	0.01095	0.69915	0.06887	0.03594	0.01452	0.01441	0.01034	0.00703	0.00582	0.00176	0.00630	0.00531	0.00582	0.00985
16	0.02449	0.01247	0.01509	0.01157	0.01613	0.01236	0.00955	0.31457	0.02095	0.47108	0.01933	0.01745	0.01258	0.00711	0.00584	0.00178	0.00553	0.00560	0.00664	0.00989
17	0.01617	0.00875	0.01129	0.01029	0.01305	0.00851	0.00844	0.05480	0.09879	0.28235	0.10387	0.09170	0.02646	0.01128	0.00675	0.00213	0.00476	0.22683	0.00620	0.00758
18	0.01555	0.79913	0.03047	0.00995	0.01493	0.02301	0.00995	0.01741	0.01182	0.01368	0.00808	0.00933	0.00746	0.00498	0.00373	0.00124	0.00622	0.00311	0.00249	0.00746
19	0.01723	0.00973	0.01077	0.00934	0.01218	0.06083	0.00737	0.02169	0.12533	0.28508	0.01995	0.02040	0.01460	0.01205	0.10958	0.00270	0.00608	0.00574	0.24168	0.00765
20	0.13274	0.01166	0.01449	0.01474	0.14599	0.01189	0.00999	0.10767	0.12999	0.27776	0.02029	0.01950	0.06336	0.00719	0.00560	0.00182	0.00521	0.00584	0.00545	0.00883
21	0.00691	0.00589	0.00595	0.00593	0.00788	0.00493	0.00445	0.00842	0.01335	0.01593	0.07901	0.05560	0.73676	0.01465	0.00687	0.00196	0.00294	0.01222	0.00543	0.00493
22	0.01098	0.01034	0.01744	0.78165	0.04005	0.01292	0.01615	0.01486	0.01163	0.01486	0.01034	0.01550	0.00775	0.00581	0.00581	0.00194	0.00775	0.00517	0.00258	0.00646
23	0.00869	0.00602	0.00745	0.00735	0.00888	0.00541	0.00549	0.01075	0.01454	0.06054	0.36809	0.17546	0.24541	0.01367	0.00695	0.00199	0.00313	0.03879	0.00595	0.00543
24	0.01010	0.00505	0.00758	0.00758	0.00758	0.00505	0.00505	0.00758	0.00758	0.01010	0.01010	0.01768	0.01010	0.02020	0.02273	0.83081	0.00505	0.00505	0.00253	0.00253
25	0.05416	0.31034	0.02190	0.01194	0.01658	0.06310	0.01045	0.39706	0.02015	0.02630	0.01122	0.01183	0.00869	0.00610	0.00491	0.00155	0.00649	0.00426	0.00431	0.00865
26	0.00709	0.00506	0.00675	0.00810	0.00843	0.00472	0.00540	0.00810	0.01113	0.01484	0.03205	0.79184	0.03846	0.01822	0.00742	0.00236	0.00337	0.01653	0.00540	0.00472
27	0.01357	0.01476	0.02792	0.18832	0.06325	0.04802	0.46679	0.01882	0.06386	0.01802	0.01211	0.01577	0.00916	0.00537	0.00645	0.00193	0.00890	0.00626	0.00307	0.00765
28	0.01836	0.36445	0.07058	0.01186	0.01684	0.01939	0.01104	0.31135	0.05106	0.05555	0.01194	0.01239	0.00919	0.00605	0.00488	0.00154	0.00632	0.00432	0.00419	0.00870
29	0.05128	0.01345	0.01915	0.31780	0.02795	0.01508	0.10746	0.30751	0.01830	0.04734	0.01227	0.01478	0.00889	0.00619	0.00586	0.00185	0.00725	0.00535	0.00411	0.00812
30	0.01823	0.01474	0.02045	0.05538	0.12919	0.01564	0.13378	0.39742	0.05186	0.05068	0.01438	0.04574	0.01111	0.00680	0.00605	0.00182	0.00687	0.00602	0.00478	0.00905
31	0.01084	0.00542	0.00542	0.00542	0.00678	0.00542	0.00407	0.01355	0.01220	0.02168	0.01897	0.02168	0.01491	0.00678	0.00407	0.00136	0.00271	0.00542	0.82791	0.00542
32	0.00741	0.00537	0.00700	0.00774	0.00847	0.00496	0.00537	0.00895	0.01281	0.01736	0.24435	0.53169	0.08459	0.01618	0.00723	0.00218	0.00317	0.01454	0.00569	0.00496
33	0.02279	0.00967	0.01235	0.00971	0.01362	0.00889	0.00794	0.09565	0.01685	0.55053	0.02130	0.01958	0.01405	0.00710	0.00551	0.00171	0.00467	0.00571	0.16334	0.00904
34	0.00883	0.00682	0.00984	0.00893	0.01066	0.00642	0.05629	0.01196	0.03022	0.02222	0.59803	0.04377	0.06233	0.01184	0.00697	0.00194	0.00355	0.08767	0.00602	0.00570
35	0.00740	0.00529	0.00711	0.00846	0.00893	0.00500	0.00595	0.00864	0.01145	0.01520	0.03188	0.69126	0.03777	0.01792	0.00751	0.00241	0.00365	0.11398	0.00539	0.00481
36	0.01431	0.11811	0.16233	0.01398	0.01885	0.01556	0.09293	0.05546	0.39971	0.02170	0.01738	0.01729	0.01310	0.00669	0.00566	0.00184	0.00623	0.00566	0.00447	0.00874
37	0.08489	0.01317	0.01445	0.01140	0.01572	0.06433	0.00931	0.23148	0.05170	0.41530	0.01833	0.01679	0.01217	0.00695	0.00563	0.00177	0.00570	0.00536	0.00619	0.00938
38	0.01272	0.01272	0.01781	0.01527	0.01527	0.01781	0.01272	0.01399	0.00891	0.01399	0.00763	0.01272	0.00763	0.01018	0.01908	0.00254	0.78499	0.00509	0.00254	0.00636
39	0.00833	0.00615	0.00896	0.00896	0.00986	0.00706	0.00679	0.01014	0.00923	0.01321	0.01593	0.02480	0.01539	0.14033	0.67703	0.00887	0.01430	0.00652	0.00317	0.00498
40	0.02211	0.01629	0.01745	0.01338	0.01803	0.01803	0.01105	0.73997	0.02734	0.03665	0.01396	0.01396	0.00989	0.00698	0.00582	0.00175	0.00640	0.00524	0.00582	0.00989
41	0.02294	0.01013	0.01318	0.01023	0.01463	0.00899	0.00836	0.02666	0.08929	0.58812	0.03559	0.01953	0.01483	0.00702	0.00569	0.00171	0.00480	0.00573	0.00661	0.10596
42	0.00816	0.00594	0.00768	0.00724	0.00865	0.00546	0.00543	0.01084	0.01630	0.02294	0.72127	0.04407	0.09013	0.01203	0.00686	0.00184	0.00275	0.01060	0.00635	0.00546
43	0.01446	0.01249	0.01315	0.01183	0.01512	0.01446	0.00920	0.03090	0.74885	0.02433	0.02367	0.02170	0.01775	0.00789	0.00592	0.00197	0.00460	0.00657	0.00592	0.00920
44	0.02230	0.01598	0.01726	0.01323	0.01788	0.01757	0.01093	0.70548	0.02682	0.07187	0.01440	0.01424	0.01011	0.00699	0.00582	0.00175	0.00633	0.00527	0.00588	0.00989
45	0.00711	0.00508	0.00677	0.00808	0.00844	0.00474	0.00540	0.00816	0.01125	0.01503	0.04804	0.77532	0.03882	0.01808	0.00741	0.00235	0.00336	0.01640	0.00542	0.00474
46	0.02066	0.01111	0.01329	0.01081	0.01468	0.01123	0.00872	0.12809	0.22100	0.38275	0.06132	0.02086	0.01690	0.00759	0.00584	0.00182	0.00484	0.00620	0.04304	0.00927
47	0.00846	0.00564	0.00634	0.00634	0.00634	0.00564	0.00352	0.00846	0.00846	0.01128	0.01832	0.03805	0.02114	0.79563	0.02960	0.00564	0.00564	0.00846	0.00352	0.00352
48	0.04554	0.01548	0.01644	0.01294	0.01733	0.01727	0.01059	0.59568	0.15127	0.03420	0.01546	0.01516	0.01114	0.00709	0.00577	0.00179	0.00603	0.00540	0.00577	0.00966
49	0.01970	0.04458	0.04598	0.01079	0.03520	0.00952	0.00891	0.02288	0.04651	0.40845	0.01744	0.01648	0.01195	0.00608	0.00525	0.00148	0.00499	0.00491	0.00542	0.27349
50	0.03430	0.69776	0.02851	0.01038	0.01518	0.07406	0.01000	0.04646	0.01271	0.01490	0.00838	0.00959	0.00754	0.00513	0.00392	0.00129	0.00648	0.00324	0.00268	0.00748
51	0.78073	0.01238	0.00909	0.00815	0.01171	0.06520	0.00664	0.01751	0.01035	0.02528	0.00816	0.00952	0.00638	0.00544	0.00371	0.00178	0.00491	0.00319	0.00356	0.00633
52	0.01491	0.11617	0.07010	0.01415	0.01605	0.11543	0.01235	0.01675	0.01101	0.05759	0.00918	0.01257	0.00812	0.00840	0.01331	0.00213	0.46974	0.00466	0.02051	0.00689
53	0.01517	0.01284	0.01355	0.01198	0.01539	0.01479	0.00938	0.09655	0.68205	0.02547	0.02277	0.02098	0.01702	0.00781	0.00591	0.00195	0.00477	0.00645	0.00591	0.00927
54	0.00887	0.00634	0.00880	0.01014	0.01126	0.00626	0.00850	0.01118	0.01289	0.01684	0.03107	0.22484	0.03456	0.01654	0.00790	0.00261	0.00492	0.56591	0.00536	0.00522
55	0.00736	0.00548	0.00685	0.00741	0.00838	0.00497	0.00521	0.00895	0.01306	0.01738	0.23825	0.42636	0.19765	0.01572	0.00715	0.00213	0.00311	0.01395	0.00568	0.00497
56	0.02211	0.01629	0.01745	0.01338	0.01803	0.01803	0.01105	0.73997	0.02734	0.03665	0.01396	0.01396	0.00989	0.00698	0.00582	0.00175	0.00640	0.00524	0.00582	0.00989
57	0.02238	0.01585	0.01718	0.01317	0.01781	0.01738	0.01088	0.69109	0.02661	0.08657	0.01458	0.01436	0.01020	0.00700	0.00582	0.00175	0.00630	0.00528	0.00591	0.00989
58	0.83671	0.01125	0.00855	0.00765	0.01125	0.01305	0.00630	0.01709	0.00990	0.02609	0.00810	0.00945	0.00630	0.00540	0.00360	0.00180	0.00450	0.00315	0.00360	0.00630
59	0.01098	0.01034	0.01744	0.78165	0.04005	0.01292	0.01615	0.01486	0.01163	0.01486	0.01034	0.01550	0.00775	0.00581	0.00581	0.00194	0.00775	0.00517	0.00258	0.00646
60	0.01555	0.79913	0.03047	0.00995	0.01493	0.02301	0.00995	0.01741	0.01182	0.01368	0.00808	0.00933	0.00746	0.00498	0.00373	0.00124	0.00622	0.00311	0.00249	0.00746
61	0.01410	0.01341	0.02278	0.03426	0.71634	0.01341	0.01736	0.01751	0.01325	0.01891	0.01208	0.01734	0.01061	0.00581	0.00589	0.00178	0.00682	0.04634	0.00302	0.00899
62	0.00687	0.00589	0.00589	0.00589	0.00785	0.00491	0.00442	0.00835	0.01325	0.01571	0.05891	0.05596	0.75700	0.01473	0.00687	0.00196	0.00295	0.01227	0.00540	0.00491
63	0.01084	0.00542	0.00542	0.00542	0.00678	0.00542	0.00407	0.01355	0.01220	0.02168	0.01897	0.02168	0.01491	0.00678	0.00407	0.00136	0.00271	0.00542	0.82791	0.00542
64	0.01083	0.00896	0.00967	0.00896	0.01144	0.00936	0.00695	0.05298	0.29542	0.02125	0.14828	0.03936	0.29918	0.01137	0.00651	0.00197	0.00382	0.04104	0.00577	0.00690
65	0.00799	0.00592	0.00744	0.00710	0.00855	0.00538	0.00531	0.01049	0.01583	0.02191	0.62778	0.06048	0.16931	0.01248	0.00687	0.00186	0.00279	0.01092	0.00622	0.00538
66	0.01010	0.00505	0.00758	0.00758	0.00758	0.00505	0.00505	0.00758	0.00758	0.01010	0.01010	0.01768	0.01010	0.02020	0.02273	0.83081	0.00505	0.00505	0.00253	0.00253
67	0.01582	0.76475	0.02985	0.01017	0.01506	0.05640	0.01001	0.01767	0.01202	0.01371	0.00812	0.00938	0.00746	0.00502	0.00380	0.00126	0.00641	0.00314	0.00251	0.00743
68	0.00711	0.00508	0.00677	0.00808	0.00844	0.00474	0.00540	0.00816	0.01125	0.01503	0.04756	0.77581	0.03881	0.01808	0.00741	0.00235	0.00336	0.01640	0.00542	0.00474
69	0.01333	0.01449	0.05901	0.17827	0.31035	0.01402	0.27350	0.01748	0.01296	0.01792	0.01102	0.01495	0.00867	0.00532	0.00642	0.00187	0.02377	0.00573	0.00282	0.00810
70	0.01839	0.01568	0.05260	0.01456	0.06828	0.03098	0.01138	0.39306	0.27815	0.02980	0.01689	0.01655	0.01243	0.00709	0.00582	0.00182	0.00599	0.00563	0.00543	0.00948
71	0.01264	0.01171	0.01586	0.21056	0.05391	0.06498	0.04689	0.05631	0.01219	0.01691	0.01278	0.07379	0.01151	0.01041	0.05729	0.00248	0.21798	0.00609	0.09921	0.00651
72	0.01395	0.01695	0.12743	0.03741	0.15762	0.01448	0.40934	0.05142	0.07433	0.01987	0.01249	0.01541	0.00946	0.00539	0.00634	0.00189	0.00851	0.00609	0.00323	0.00836
73	0.02188	0.01096	0.01361	0.01059	0.01488	0.01032	0.00865	0.14881	0.07139	0.45642	0.07138	0.01979	0.01610	0.00724	0.00576	0.00171	0.00495	0.00588	0.00643	0.09327
74	0.01368	0.01176	0.01553	0.01865	0.25048	0.01259	0.01134	0.03753	0.35485	0.03826	0.07705	0.05126	0.05162	0.00814	0.00607	0.00190	0.00513	0.02068	0.00496	0.00853
75	0.01124	0.01049	0.01759	0.63041	0.13245	0.01253	0.01564	0.01498	0.01217	0.01598	0.06165	0.01728	0.01118	0.00615	0.00588	0.00190	0.00730	0.00554	0.00288	0.00675
76	0.01446	0.01249	0.01315	0.01183	0.01512	0.01446	0.00920	0.03090	0.74885	0.02433	0.02367	0.02170	0.01775	0.00789	0.00592	0.00197	0.00460	0.00657	0.00592	0.00920
77	0.00795	0.00593	0.00738	0.00702	0.00851	0.00537	0.00526	0.01042	0.01579	0.02173	0.61050	0.04606	0.20165	0.01248	0.00686	0.00186	0.00279	0.01088	0.00619	0.00537
78	0.01206	0.01034	0.01206	0.00861	0.01378	0.00775	0.00689	0.01464	0.01206	0.01895	0.01034	0.01206	0.00861	0.00431	0.00431	0.00086	0.00431	0.00345	0.00345	0.83118
79	0.00817	0.00594	0.00769	0.00725	0.00865	0.00546	0.00544	0.01086	0.01632	0.02298	0.72521	0.04400	0.08616	0.01201	0.00686	0.00183	0.00275	0.01059	0.00636	0.00546
80	0.00841	0.00584	0.00738	0.00738	0.00774	0.00620	0.00481	0.00912	0.00876	0.01204	0.01738	0.03281	0.01887	0.53644	0.28568	0.00692	0.00906	0.00769	0.00338	0.00410
81	0.01166	0.03008	0.76550	0.01657	0.02517	0.01351	0.02149	0.01842	0.01228	0.01842	0.01044	0.01228	0.00737	0.00552	0.00552	0.00184	0.00859	0.00430	0.00246	0.00859
82	0.02260	0.01564	0.01705	0.01344	0.01795	0.01683	0.01090	0.55494	0.10966	0.12967	0.01722	0.01701	0.01234	0.00778	0.00627	0.00197	0.00633	0.00579	0.00632	0.01029
83	0.00929	0.00671	0.00851	0.00807	0.00949	0.00611	0.00596	0.01166	0.01687	0.02392	0.72412	0.06593	0.05461	0.01266	0.00729	0.00203	0.00315	0.01093	0.00667	0.00601
84	0.01270	0.03047	0.75375	0.01715	0.02571	0.01402	0.02169	0.01906	0.01291	0.01934	0.01147	0.01371	0.00837	0.00622	0.00596	0.00203	0.00889	0.00464	0.00282	0.00909
85	0.17726	0.01185	0.01373	0.01101	0.01531	0.01156	0.00891	0.11828	0.06225	0.47541	0.01988	0.01853	0.01339	0.00754	0.00586	0.00199	0.00538	0.00562	0.00656	0.00966
86	0.01957	0.00931	0.01205	0.00995	0.01323	0.00832	0.00785	0.05213	0.01759	0.42504	0.31677	0.03031	0.03128	0.00973	0.00669	0.00200	0.00448	0.00800	0.00711	0.00861
87	0.00994	0.00689	0.00864	0.00807	0.00969	0.00621	0.00601	0.01225	0.01681	0.05298	0.66802	0.04428	0.10171	0.01248	0.00724	0.00203	0.00323	0.01069	0.00667	0.00617
88	0.00855	0.00620	0.00786	0.00893	0.00962	0.00575	0.00618	0.00979	0.02636	0.01670	0.07527	0.64263	0.06861	0.01785	0.00779	0.00251	0.00386	0.06429	0.00578	0.00547
89	0.00832	0.00594	0.00758	0.00869	0.00917	0.00547	0.00579	0.00909	0.01198	0.01615	0.07380	0.70385	0.03912	0.05285	0.00878	0.00266	0.00382	0.01597	0.00569	0.00528
90	0.01357	0.01134	0.01302	0.00956	0.01472	0.00886	0.00754	0.05050	0.01344	0.02072	0.01155	0.01359	0.00966	0.00515	0.00484	0.00111	0.00477	0.00389	0.00391	0.77829
91	0.08697	0.09896	0.58686	0.01656	0.05465	0.01487	0.01912	0.01882	0.01270	0.01961	0.01106	0.01327	0.00836	0.00614	0.00564	0.00197	0.00823	0.00446	0.00294	0.00881
92	0.13135	0.07841	0.41333	0.01637	0.05488	0.01532	0.06489	0.11537	0.01470	0.02257	0.01156	0.01365	0.00874	0.00630	0.00570	0.00197	0.00785	0.00473	0.00349	0.00884
93	0.18989	0.01207	0.03604	0.01047	0.01492	0.01067	0.03698	0.04964	0.06337	0.05828	0.01422	0.07113	0.01221	0.00683	0.00523	0.00161	0.00514	0.00526	0.00438	0.39166

[dist]
# distance from previous block
# <min> <max>
0	1

[block]
# block no. 2 follows, 40 sequences, length 8
# corresponding to MSA columns:
# 277-284
name=unknown_C
#
# <colnr> <probs for GDERKNQSTAVLIFYWHMCP>
#	G	D	E	R	K	N	Q	S	T	A	V	L	I	F	Y	W	H	M	C	P
0	0.01190	0.04792	0.00964	0.00806	0.01004	0.00695	0.00616	0.01373	0.01372	0.16941	0.21758	0.15568	0.14918	0.08599	0.04929	0.00267	0.00451	0.02593	0.00558	0.00608
1	0.01521	0.01190	0.01307	0.01024	0.01438	0.01165	0.00823	0.31166	0.04890	0.02572	0.02123	0.05672	0.13172	0.00788	0.00555	0.00152	0.00491	0.00635	0.00493	0.28823
2	0.03255	0.05839	0.22945	0.01654	0.06783	0.01256	0.19868	0.01935	0.05760	0.09646	0.01410	0.01593	0.01041	0.00583	0.00557	0.00176	0.00701	0.00540	0.13658	0.00799
3	0.00824	0.00699	0.01120	0.01054	0.01208	0.00647	0.12375	0.01005	0.01201	0.01573	0.03294	0.51212	0.14661	0.01540	0.00728	0.00225	0.00445	0.05160	0.00500	0.00529
4	0.59450	0.06583	0.18411	0.00985	0.01468	0.01379	0.01003	0.01742	0.01057	0.02353	0.00863	0.01009	0.00662	0.00540	0.00405	0.00177	0.00555	0.00341	0.00326	0.00690
5	0.01170	0.00978	0.00967	0.00897	0.01081	0.12955	0.00686	0.01421	0.01629	0.07231	0.54144	0.03784	0.04315	0.01087	0.00660	0.00182	0.00430	0.05201	0.00584	0.00598
6	0.01476	0.14108	0.02378	0.02783	0.50237	0.05463	0.04808	0.01858	0.05203	0.01810	0.01177	0.01559	0.01011	0.00570	0.00554	0.00169	0.00694	0.02974	0.00307	0.00860
7	0.02065	0.01737	0.01697	0.01436	0.04943	0.13066	0.01111	0.50251	0.12564	0.03081	0.01444	0.01454	0.01060	0.00688	0.00574	0.00174	0.00678	0.00520	0.00528	0.00929

[dist]
# distance from previous block
# <min> <max>
1	3

[block]
# block no. 3 follows, 40 sequences, length 9
# corresponding to MSA columns:
# 288-296
name=unknown_D
#
# <colnr> <probs for GDERKNQSTAVLIFYWHMCP>
#	G	D	E	R	K	N	Q	S	T	A	V	L	I	F	Y	W	H	M	C	P
0	0.00846	0.00609	0.00773	0.00858	0.00931	0.00594	0.00592	0.07500	0.01262	0.01684	0.03040	0.72072	0.03585	0.01719	0.00728	0.00231	0.00365	0.01550	0.00544	0.00520
1	0.01133	0.01075	0.01510	0.01345	0.01365	0.01453	0.01095	0.01269	0.00926	0.01403	0.01198	0.11456	0.01265	0.01628	0.13181	0.00355	0.56773	0.00674	0.00300	0.00597
2	0.00829	0.00557	0.00639	0.00655	0.00659	0.00553	0.00375	0.00841	0.00878	0.01170	0.01996	0.12802	0.02321	0.70284	0.02695	0.00525	0.00537	0.00942	0.00375	0.00367
3	0.00718	0.00524	0.00675	0.00777	0.00839	0.00482	0.00530	0.00842	0.01191	0.01580	0.10833	0.63320	0.12111	0.01718	0.00730	0.00226	0.00326	0.01544	0.00550	0.00482
4	0.01446	0.01249	0.01315	0.01183	0.01512	0.01446	0.00920	0.03090	0.74885	0.02433	0.02367	0.02170	0.01775	0.00789	0.00592	0.00197	0.00460	0.00657	0.00592	0.00920
5	0.02609	0.00990	0.01350	0.01035	0.01484	0.00855	0.00855	0.02834	0.01664	0.76338	0.02294	0.01979	0.01439	0.00720	0.00585	0.00180	0.00495	0.00585	0.00720	0.00990
6	0.83671	0.01125	0.00855	0.00765	0.01125	0.01305	0.00630	0.01709	0.00990	0.02609	0.00810	0.00945	0.00630	0.00540	0.00360	0.00180	0.00450	0.00315	0.00360	0.00630
7	0.01915	0.36464	0.02310	0.01206	0.01665	0.11635	0.01059	0.32845	0.01908	0.02362	0.01072	0.01147	0.00851	0.00597	0.00482	0.00149	0.00684	0.00410	0.00398	0.00841
8	0.01339	0.01400	0.02757	0.09321	0.29446	0.01372	0.37724	0.01748	0.01324	0.01824	0.01237	0.05471	0.01038	0.00576	0.00640	0.00189	0.00825	0.00660	0.00301	0.00806

[dist]
# distance from previous block
# <min> <max>
6	69

[block]
# block no. 4 follows, 40 sequences, length 85
# corresponding to MSA columns:
# 366-450
name=unknown_E
#
# <colnr> <probs for GDERKNQSTAVLIFYWHMCP>
#	G	D	E	R	K	N	Q	S	T	A	V	L	I	F	Y	W	H	M	C	P
0	0.02082	0.01563	0.01629	0.03515	0.01795	0.06551	0.01070	0.44820	0.17817	0.10383	0.01680	0.01646	0.01210	0.00732	0.00595	0.00185	0.00629	0.00559	0.00580	0.00960
1	0.00938	0.00672	0.00838	0.00959	0.01013	0.00609	0.00638	0.00978	0.01249	0.01688	0.03345	0.76813	0.03947	0.01922	0.00827	0.00273	0.00416	0.01682	0.00606	0.00589
2	0.01445	0.01412	0.05777	0.26549	0.04242	0.01420	0.26580	0.07368	0.08832	0.06090	0.01343	0.01652	0.01000	0.00620	0.00670	0.00200	0.03036	0.00601	0.00366	0.00799
3	0.00869	0.00661	0.00826	0.00901	0.00983	0.00669	0.00629	0.01181	0.11239	0.01691	0.07067	0.61882	0.03582	0.01638	0.00766	0.00234	0.02610	0.01455	0.00555	0.00561
4	0.01352	0.01454	0.02919	0.15981	0.08226	0.01476	0.49038	0.01770	0.01309	0.01787	0.01142	0.01575	0.00888	0.00578	0.00782	0.00205	0.07809	0.00638	0.00296	0.00773
5	0.01450	0.01437	0.02592	0.03241	0.56510	0.01402	0.18463	0.01815	0.01352	0.01921	0.01145	0.01509	0.00943	0.00532	0.00612	0.00182	0.00761	0.00563	0.00303	0.03268
6	0.01406	0.01589	0.03442	0.02466	0.03054	0.01487	0.73439	0.01884	0.01393	0.01893	0.01210	0.01614	0.00915	0.00513	0.00700	0.00202	0.00989	0.00696	0.00306	0.00801
7	0.00877	0.00588	0.00662	0.00665	0.00669	0.00582	0.00375	0.00871	0.00877	0.01173	0.01906	0.06253	0.02195	0.76665	0.02890	0.00557	0.00568	0.00881	0.00370	0.00375
8	0.02203	0.00952	0.01258	0.01001	0.01380	0.00848	0.00809	0.05757	0.01729	0.55425	0.19281	0.02544	0.02386	0.00849	0.00622	0.00187	0.00462	0.00701	0.00704	0.00903
9	0.83254	0.01148	0.00880	0.00789	0.01150	0.01322	0.00645	0.01731	0.01012	0.02635	0.00845	0.00994	0.00663	0.00563	0.00375	0.00186	0.00462	0.00327	0.00371	0.00648
10	0.00884	0.00674	0.00992	0.00980	0.01083	0.00788	0.00762	0.01078	0.00956	0.01385	0.01559	0.02287	0.01457	0.04236	0.73973	0.00911	0.04506	0.00629	0.00321	0.00542
11	0.02226	0.02042	0.01732	0.01414	0.01823	0.27733	0.01124	0.48997	0.02374	0.02915	0.01258	0.01323	0.00938	0.00686	0.00576	0.00172	0.00791	0.00483	0.00495	0.00897
12	0.05167	0.28535	0.48172	0.01415	0.02129	0.01682	0.01701	0.01823	0.01222	0.01750	0.00989	0.01164	0.00768	0.00556	0.00498	0.00170	0.00771	0.00396	0.00264	0.00828
13	0.01235	0.09938	0.69550	0.01617	0.02443	0.01453	0.02052	0.01854	0.01245	0.01830	0.01057	0.01249	0.00771	0.00570	0.00551	0.00185	0.00848	0.00430	0.00258	0.00866
14	0.00854	0.00620	0.00796	0.00751	0.00893	0.00568	0.00560	0.01113	0.01653	0.02332	0.72755	0.04419	0.08012	0.01218	0.00700	0.00190	0.00288	0.01066	0.00647	0.00565
15	0.00745	0.00533	0.00701	0.00834	0.00871	0.00494	0.00555	0.00837	0.01135	0.01517	0.03227	0.78805	0.03862	0.01838	0.00756	0.00242	0.00350	0.01658	0.00550	0.00491
16	0.01587	0.79506	0.03060	0.01018	0.01516	0.02313	0.01008	0.01763	0.01203	0.01401	0.00844	0.00982	0.00779	0.00521	0.00389	0.00131	0.00633	0.00323	0.00261	0.00763
17	0.00859	0.00620	0.00803	0.00756	0.00896	0.00570	0.00564	0.01123	0.01665	0.02360	0.75255	0.04374	0.05494	0.01208	0.00700	0.00189	0.00287	0.01060	0.00650	0.00567
18	0.01233	0.01160	0.01946	0.55786	0.25210	0.01336	0.01675	0.01597	0.01232	0.01640	0.01086	0.01563	0.00851	0.00585	0.00594	0.00194	0.00760	0.00528	0.00279	0.00745
19	0.00882	0.00590	0.00660	0.00659	0.00662	0.00585	0.00369	0.00872	0.00869	0.01162	0.01862	0.03839	0.02140	0.79154	0.02961	0.00568	0.00575	0.00855	0.00364	0.00372
20	0.00762	0.00544	0.00710	0.00819	0.00865	0.00506	0.00549	0.00867	0.01179	0.01589	0.10566	0.68180	0.03961	0.04852	0.00838	0.00250	0.00352	0.01564	0.00553	0.00494
21	0.83254	0.01148	0.00880	0.00789	0.01150	0.01322	0.00645	0.01731	0.01012	0.02635	0.00845	0.00994	0.00663	0.00563	0.00375	0.00186	0.00462	0.00327	0.00371	0.00648
22	0.01285	0.01124	0.01451	0.01405	0.15734	0.00912	0.00915	0.01549	0.01250	0.01926	0.01079	0.01298	0.00905	0.00471	0.00474	0.00110	0.00493	0.00390	0.00345	0.66885
23	0.09272	0.12598	0.38422	0.01718	0.12216	0.05601	0.01652	0.05438	0.01347	0.04908	0.01091	0.01267	0.00827	0.00578	0.00530	0.00178	0.00761	0.00434	0.00313	0.00849
24	0.01587	0.79506	0.03060	0.01018	0.01516	0.02313	0.01008	0.01763	0.01203	0.01401	0.00844	0.00982	0.00779	0.00521	0.00389	0.00131	0.00633	0.00323	0.00261	0.00763
25	0.02168	0.01614	0.01725	0.01344	0.01798	0.01784	0.01101	0.66987	0.09500	0.03570	0.01519	0.01515	0.01094	0.00729	0.00597	0.00183	0.00634	0.00547	0.00593	0.00998
26	0.01306	0.01295	0.01801	0.01547	0.01550	0.01796	0.01284	0.01423	0.00913	0.01432	0.00799	0.01319	0.00796	0.01038	0.01916	0.00260	0.78084	0.00520	0.00267	0.00654
27	0.00761	0.00617	0.00667	0.00653	0.00836	0.00528	0.00487	0.00933	0.01433	0.01810	0.24897	0.05279	0.56196	0.01413	0.00701	0.00199	0.00302	0.01186	0.00578	0.00525
28	0.00947	0.00642	0.00818	0.00760	0.00923	0.00582	0.00572	0.01197	0.01638	0.06407	0.65168	0.04351	0.11323	0.01207	0.00694	0.00190	0.00301	0.01049	0.00646	0.00586
29	0.00859	0.00620	0.00803	0.00756	0.00896	0.00570	0.00564	0.01123	0.01665	0.02360	0.75255	0.04374	0.05494	0.01208	0.00700	0.00189	0.00287	0.01060	0.00650	0.00567
30	0.02635	0.01014	0.01372	0.01057	0.01508	0.00874	0.00869	0.02850	0.01683	0.75962	0.02322	0.02023	0.01469	0.00742	0.00599	0.00186	0.00506	0.00595	0.00729	0.01005
31	0.01923	0.01492	0.01587	0.01295	0.01705	0.01670	0.01041	0.44283	0.32602	0.03176	0.01830	0.01763	0.01346	0.00758	0.00600	0.00190	0.00576	0.00590	0.00596	0.00976
32	0.02201	0.02786	0.01669	0.01518	0.01820	0.76831	0.01136	0.02341	0.01667	0.01456	0.00934	0.01097	0.00782	0.00622	0.00539	0.00156	0.01057	0.00386	0.00311	0.00692
33	0.02239	0.01649	0.01765	0.01359	0.01825	0.01818	0.01118	0.73624	0.02747	0.03685	0.01428	0.01443	0.01021	0.00720	0.00596	0.00181	0.00651	0.00534	0.00592	0.01005
34	0.01279	0.01023	0.01168	0.00868	0.01330	0.00821	0.00688	0.05503	0.01314	0.02061	0.01206	0.01395	0.00987	0.00503	0.00451	0.00105	0.00432	0.00393	0.11636	0.66837
35	0.01350	0.01092	0.01836	0.04046	0.01837	0.01077	0.28395	0.09388	0.01460	0.02218	0.01570	0.01879	0.01210	0.00628	0.00553	0.00171	0.00610	0.00605	0.39373	0.00704
36	0.00745	0.00533	0.00701	0.00834	0.00871	0.00494	0.00555	0.00837	0.01135	0.01517	0.03227	0.78805	0.03862	0.01838	0.00756	0.00242	0.00350	0.01658	0.00550	0.00491
37	0.01472	0.01403	0.02377	0.03578	0.75552	0.01398	0.01794	0.01806	0.01345	0.01930	0.01128	0.01485	0.00953	0.00541	0.00590	0.00179	0.00701	0.00529	0.00300	0.00937
38	0.00856	0.00620	0.00798	0.00752	0.00894	0.00569	0.00562	0.01117	0.01657	0.02342	0.73620	0.04404	0.07141	0.01215	0.00700	0.00189	0.00288	0.01064	0.00648	0.00566
39	0.00882	0.00590	0.00660	0.00659	0.00662	0.00585	0.00369	0.00872	0.00869	0.01162	0.01862	0.03839	0.02140	0.79154	0.02961	0.00568	0.00575	0.00855	0.00364	0.00372
40	0.01234	0.08100	0.68474	0.01663	0.02486	0.01436	0.04804	0.01857	0.01251	0.01841	0.01067	0.01268	0.00776	0.00569	0.00560	0.00187	0.00858	0.00443	0.00260	0.00865
41	0.00745	0.00533	0.00701	0.00834	0.00871	0.00494	0.00555	0.00837	0.01135	0.01517	0.03227	0.78805	0.03862	0.01838	0.00756	0.00242	0.00350	0.01658	0.00550	0.00491
42	0.01444	0.01488	0.07428	0.01932	0.02422	0.01332	0.43323	0.11423	0.01540	0.04925	0.01626	0.12389	0.01443	0.00780	0.00686	0.00206	0.00812	0.03611	0.00401	0.00789
43	0.01545	0.01304	0.01375	0.01219	0.01561	0.01494	0.00950	0.09210	0.68290	0.02566	0.02310	0.02145	0.01735	0.00803	0.00605	0.00201	0.00488	0.00656	0.00601	0.00942
44	0.02011	0.01707	0.01601	0.01330	0.01706	0.16127	0.01068	0.47507	0.03740	0.02926	0.01612	0.06678	0.01375	0.00853	0.00615	0.00189	0.00698	0.06856	0.00531	0.00871
45	0.02314	0.04046	0.01583	0.01209	0.01615	0.06637	0.00991	0.20498	0.04966	0.40899	0.01830	0.01727	0.01245	0.00746	0.00691	0.00187	0.06711	0.00553	0.00607	0.00944
46	0.01119	0.00568	0.00569	0.00567	0.00705	0.00563	0.00423	0.01379	0.01241	0.02197	0.01927	0.02210	0.01520	0.00700	0.00422	0.00142	0.00284	0.00553	0.82352	0.00560
47	0.01406	0.01589	0.03442	0.02466	0.03054	0.01487	0.73439	0.01884	0.01393	0.01893	0.01210	0.01614	0.00915	0.00513	0.00700	0.00202	0.00989	0.00696	0.00306	0.00801
48	0.00724	0.00615	0.00616	0.00614	0.00813	0.00513	0.00458	0.00861	0.01346	0.01603	0.05899	0.05620	0.75323	0.01491	0.00701	0.00203	0.00307	0.01234	0.00551	0.00509
49	0.00745	0.00533	0.00701	0.00834	0.00871	0.00494	0.00555	0.00837	0.01135	0.01517	0.03227	0.78805	0.03862	0.01838	0.00756	0.00242	0.00350	0.01658	0.00550	0.00491
50	0.01175	0.01083	0.01509	0.01332	0.01382	0.01435	0.01088	0.01323	0.00945	0.01458	0.01065	0.01629	0.01015	0.01939	0.22723	0.00441	0.52059	0.00548	0.03122	0.02728
51	0.83254	0.01148	0.00880	0.00789	0.01150	0.01322	0.00645	0.01731	0.01012	0.02635	0.00845	0.00994	0.00663	0.00563	0.00375	0.00186	0.00462	0.00327	0.00371	0.00648
52	0.01306	0.01295	0.01801	0.01547	0.01550	0.01796	0.01284	0.01423	0.00913	0.01432	0.00799	0.01319	0.00796	0.01038	0.01916	0.00260	0.78084	0.00520	0.00267	0.00654
53	0.01479	0.01272	0.01337	0.01205	0.01536	0.01463	0.00934	0.03105	0.74504	0.02460	0.02394	0.02212	0.01803	0.00811	0.00606	0.00203	0.00472	0.00667	0.00602	0.00937
54	0.09259	0.64228	0.10384	0.01064	0.01586	0.02122	0.01092	0.01770	0.01190	0.01566	0.00868	0.01013	0.00767	0.00530	0.00406	0.00142	0.00641	0.00335	0.00271	0.00764
55	0.01020	0.01067	0.07999	0.00915	0.01224	0.00934	0.00784	0.01785	0.29226	0.01923	0.04099	0.03886	0.40611	0.01127	0.00638	0.00196	0.00410	0.00936	0.00532	0.00688
56	0.00825	0.00585	0.00754	0.00718	0.00849	0.00538	0.00533	0.01036	0.01526	0.02122	0.60728	0.04244	0.13013	0.01299	0.00835	0.07970	0.00298	0.01020	0.00592	0.00514
57	0.08500	0.00564	0.00692	0.00805	0.00870	0.00550	0.00548	0.00894	0.01102	0.01590	0.02980	0.71835	0.03544	0.01701	0.00706	0.00231	0.00348	0.01527	0.00523	0.00487
58	0.06134	0.01147	0.01569	0.01203	0.01655	0.01091	0.07733	0.11503	0.06764	0.51860	0.02014	0.01834	0.01317	0.00692	0.00584	0.00182	0.00554	0.00579	0.00637	0.00949
59	0.00754	0.00560	0.00720	0.00802	0.00890	0.00502	0.00548	0.00873	0.01134	0.01528	0.03150	0.67771	0.07559	0.01672	0.00710	0.00220	0.00344	0.01507	0.00521	0.08236
60	0.01545	0.72525	0.02885	0.01013	0.01494	0.02221	0.00988	0.01868	0.08104	0.01468	0.00955	0.01049	0.00843	0.00525	0.00394	0.00131	0.00607	0.00343	0.00281	0.00763
61	0.00859	0.00636	0.00818	0.00744	0.00917	0.00570	0.00562	0.01132	0.01605	0.02291	0.68623	0.04049	0.05053	0.01118	0.00662	0.00174	0.00289	0.00985	0.00612	0.08304
62	0.00902	0.00628	0.00698	0.00686	0.00717	0.00647	0.00406	0.01056	0.07800	0.01250	0.01882	0.03652	0.02082	0.72165	0.02737	0.00529	0.00554	0.00828	0.00375	0.00406
63	0.01205	0.08514	0.02013	0.56488	0.15790	0.01406	0.03432	0.01569	0.01197	0.01554	0.01026	0.01474	0.00800	0.00561	0.00564	0.00184	0.00752	0.00502	0.00263	0.00705
64	0.01433	0.01399	0.02461	0.03464	0.69089	0.01390	0.08551	0.01792	0.01329	0.01896	0.01102	0.01451	0.00917	0.00516	0.00586	0.00175	0.00718	0.00534	0.00288	0.00908
65	0.75926	0.01116	0.00888	0.00774	0.01148	0.01255	0.00635	0.01686	0.01010	0.02542	0.00831	0.00969	0.00652	0.00530	0.00367	0.00171	0.00448	0.00318	0.00358	0.08377
66	0.01111	0.00777	0.01094	0.19530	0.01680	0.00854	0.00843	0.10047	0.01176	0.01555	0.01546	0.16727	0.01576	0.07035	0.01409	0.30882	0.00559	0.00756	0.00357	0.00489
67	0.00896	0.00644	0.00823	0.00899	0.00993	0.00636	0.00658	0.07762	0.01317	0.01754	0.05315	0.55348	0.03509	0.03214	0.00780	0.00241	0.00403	0.13735	0.00542	0.00532
68	0.00974	0.00664	0.00739	0.00700	0.00744	0.00680	0.00423	0.07716	0.01023	0.01366	0.01791	0.03579	0.02008	0.72156	0.02736	0.00527	0.00571	0.00815	0.00374	0.00412
69	0.02336	0.00996	0.01305	0.01033	0.01445	0.00909	0.00842	0.02747	0.11058	0.61732	0.07381	0.02167	0.01763	0.00761	0.00593	0.00182	0.00475	0.00626	0.00698	0.00950
70	0.02074	0.01552	0.01671	0.01285	0.01747	0.01687	0.01056	0.63244	0.06600	0.03430	0.01416	0.01421	0.01021	0.00678	0.00568	0.00167	0.00610	0.00514	0.00560	0.08699
71	0.01084	0.00542	0.00542	0.00542	0.00678	0.00542	0.00407	0.01355	0.01220	0.02168	0.01897	0.02168	0.01491	0.00678	0.00407	0.00136	0.00271	0.00542	0.82791	0.00542
72	0.09331	0.01031	0.01310	0.01007	0.01457	0.00923	0.00830	0.05428	0.01607	0.60220	0.02014	0.01796	0.01299	0.00676	0.00551	0.00171	0.00491	0.00537	0.00649	0.08673
73	0.01433	0.01399	0.02461	0.03464	0.69089	0.01390	0.08551	0.01792	0.01329	0.01896	0.01102	0.01451	0.00917	0.00516	0.00586	0.00175	0.00718	0.00534	0.00288	0.00908
74	0.01555	0.79913	0.03047	0.00995	0.01493	0.02301	0.00995	0.01741	0.01182	0.01368	0.00808	0.00933	0.00746	0.00498	0.00373	0.00124	0.00622	0.00311	0.00249	0.00746
75	0.01347	0.01448	0.02922	0.12615	0.18385	0.01440	0.46449	0.01779	0.01316	0.01803	0.01125	0.01528	0.00872	0.00528	0.00696	0.00193	0.03857	0.00622	0.00287	0.00789
76	0.02086	0.01567	0.01675	0.01313	0.01756	0.01745	0.01075	0.62474	0.14459	0.03465	0.01554	0.01522	0.01117	0.00713	0.00583	0.00178	0.00611	0.00545	0.00583	0.00978
77	0.00779	0.00593	0.00708	0.00684	0.00836	0.00532	0.00511	0.00996	0.01490	0.01996	0.46127	0.04807	0.29938	0.04943	0.00795	0.00207	0.00301	0.02651	0.00589	0.00519
78	0.01096	0.00962	0.01570	0.66928	0.03523	0.01183	0.01440	0.01467	0.01171	0.01585	0.01159	0.01640	0.00879	0.00595	0.00556	0.00185	0.00702	0.00520	0.12206	0.00631
79	0.00743	0.00586	0.00670	0.00661	0.00823	0.00513	0.00491	0.00938	0.01440	0.01870	0.33645	0.09915	0.42873	0.01382	0.00690	0.00194	0.00289	0.01185	0.00580	0.00513
80	0.01010	0.00505	0.00758	0.00758	0.00758	0.00505	0.00505	0.00758	0.00758	0.01010	0.01010	0.01768	0.01010	0.02020	0.02273	0.83081	0.00505	0.00505	0.00253	0.00253
81	0.01130	0.01080	0.01860	0.61313	0.09109	0.01288	0.06636	0.01501	0.01179	0.01541	0.01141	0.05146	0.00936	0.00641	0.00636	0.00196	0.03142	0.00581	0.00276	0.00668
82	0.00920	0.00657	0.00917	0.01051	0.01177	0.00654	0.00907	0.01175	0.01322	0.01721	0.03089	0.12099	0.03385	0.01623	0.00799	0.00265	0.00520	0.66654	0.00536	0.00531
83	0.05191	0.14477	0.01841	0.01435	0.03995	0.56883	0.01093	0.02216	0.01542	0.04959	0.00952	0.01082	0.00781	0.00584	0.00499	0.00149	0.00923	0.00377	0.00313	0.00706
84	0.01513	0.01408	0.04836	0.03031	0.59099	0.01359	0.01629	0.09063	0.01492	0.04659	0.05306	0.01607	0.01193	0.00582	0.00582	0.00174	0.00662	0.00547	0.00350	0.00907

[dist]
# distance from previous block
# <min> <max>
0	1

[block]
# block no. 5 follows, 40 sequences, length 33
# corresponding to MSA columns:
# 452-484
name=unknown_F
#
# <colnr> <probs for GDERKNQSTAVLIFYWHMCP>
#	G	D	E	R	K	N	Q	S	T	A	V	L	I	F	Y	W	H	M	C	P
0	0.02234	0.13043	0.01720	0.01152	0.01596	0.01397	0.00962	0.18399	0.12509	0.37765	0.01926	0.01788	0.01330	0.00725	0.00575	0.00182	0.00559	0.00557	0.00615	0.00967
1	0.83034	0.01160	0.00893	0.00802	0.01164	0.01331	0.00653	0.01743	0.01024	0.02649	0.00864	0.01019	0.00681	0.00575	0.00384	0.00189	0.00468	0.00333	0.00377	0.00657
2	0.01440	0.01679	0.15726	0.13036	0.15756	0.01394	0.24960	0.02019	0.09592	0.06314	0.01368	0.01643	0.01030	0.00602	0.00632	0.00198	0.00805	0.00592	0.00356	0.00856
3	0.00868	0.00634	0.00802	0.00758	0.00904	0.00577	0.00564	0.01116	0.01650	0.02316	0.69730	0.04486	0.10863	0.01240	0.00707	0.00193	0.00296	0.01077	0.00648	0.00572
4	0.01676	0.01227	0.01438	0.06231	0.01622	0.07038	0.01014	0.07661	0.08098	0.18907	0.10794	0.02384	0.06264	0.00940	0.00949	0.00211	0.19504	0.02753	0.00511	0.00778
5	0.01137	0.00598	0.00621	0.03037	0.00826	0.00598	0.00470	0.01396	0.01250	0.02190	0.01915	0.02213	0.01512	0.00708	0.00435	0.00147	0.00307	0.00558	0.79509	0.00573
6	0.00857	0.00633	0.00787	0.00747	0.00897	0.00572	0.00556	0.01096	0.01626	0.02258	0.64366	0.04582	0.16263	0.01262	0.00707	0.00194	0.00297	0.01091	0.00640	0.00568
7	0.07429	0.01034	0.01354	0.01053	0.01499	0.00911	0.00863	0.02792	0.01653	0.71415	0.02248	0.01984	0.01437	0.00743	0.00593	0.00189	0.00510	0.00585	0.00713	0.00993
8	0.01318	0.01413	0.02866	0.02125	0.02575	0.01379	0.54691	0.01704	0.01346	0.01854	0.05766	0.09050	0.01469	0.00745	0.00836	0.00214	0.08746	0.00796	0.00352	0.00752
9	0.83034	0.01160	0.00893	0.00802	0.01164	0.01331	0.00653	0.01743	0.01024	0.02649	0.00864	0.01019	0.00681	0.00575	0.00384	0.00189	0.00468	0.00333	0.00377	0.00657
10	0.01940	0.01521	0.01865	0.01459	0.01873	0.01662	0.09231	0.46945	0.09927	0.04407	0.01553	0.04518	0.01205	0.00781	0.00721	0.00196	0.06607	0.00612	0.00538	0.02439
11	0.72515	0.01275	0.01004	0.00883	0.01251	0.04692	0.00715	0.07943	0.01202	0.02688	0.00918	0.01063	0.00717	0.00591	0.00410	0.00188	0.00510	0.00354	0.00394	0.00689
12	0.01324	0.01306	0.01812	0.01557	0.01562	0.01804	0.01290	0.01436	0.00926	0.01450	0.00818	0.01344	0.00814	0.01049	0.01919	0.00263	0.77865	0.00525	0.00273	0.00663
13	0.01774	0.01247	0.01376	0.01193	0.01556	0.01364	0.00936	0.06323	0.55687	0.17968	0.02348	0.02159	0.01711	0.00803	0.00612	0.00202	0.00494	0.00651	0.00634	0.00963
14	0.01541	0.01685	0.01965	0.03243	0.01847	0.19381	0.09390	0.01705	0.01162	0.01509	0.00901	0.01331	0.00824	0.00883	0.01432	0.00231	0.49479	0.00514	0.00288	0.00689
15	0.24251	0.01425	0.01475	0.01169	0.01605	0.01544	0.00958	0.42932	0.02118	0.14676	0.01427	0.01436	0.01011	0.00693	0.00544	0.00186	0.00583	0.00493	0.00559	0.00916
16	0.00873	0.00634	0.00808	0.00763	0.00906	0.00579	0.00568	0.01125	0.01662	0.02343	0.72179	0.04442	0.08397	0.01230	0.00707	0.00193	0.00295	0.01071	0.00651	0.00574
17	0.83034	0.01160	0.00893	0.00802	0.01164	0.01331	0.00653	0.01743	0.01024	0.02649	0.00864	0.01019	0.00681	0.00575	0.00384	0.00189	0.00468	0.00333	0.00377	0.00657
