[name]
unknown

[dist]
# distance from previous block
# <min> <max>
2	86

[block]
# block no. 0 follows, 41 sequences, length 24
# corresponding to MSA columns:
# 88-111
name=unknown_A
#
# <colnr> <probs for GDERKNQSTAVLIFYWHMCP>
#	G	D	E	R	K	N	Q	S	T	A	V	L	I	F	Y	W	H	M	C	P
0	0.06061	0.01033	0.01262	0.01070	0.01359	0.01106	0.00869	0.02072	0.17773	0.20726	0.06185	0.02304	0.04812	0.00849	0.00808	0.00190	0.14708	0.05455	0.00508	0.10852
1	0.01098	0.00894	0.01347	0.01098	0.01313	0.00906	0.11433	0.01317	0.01259	0.06037	0.24182	0.02886	0.05825	0.15271	0.01240	0.00251	0.12930	0.00767	0.00437	0.09508
2	0.01324	0.36943	0.30303	0.01198	0.01824	0.01641	0.01348	0.01700	0.01184	0.01614	0.00922	0.01075	0.00751	0.00498	0.00443	0.00137	0.00665	0.00356	0.00261	0.15814
3	0.01432	0.01585	0.08379	0.04686	0.59762	0.06521	0.05741	0.01794	0.01316	0.01822	0.01062	0.01382	0.00875	0.00518	0.00567	0.00171	0.00734	0.00502	0.00280	0.00872
4	0.00763	0.00509	0.00635	0.00737	0.00797	0.00478	0.00502	0.00895	0.01126	0.01587	0.03063	0.61397	0.07316	0.01568	0.00667	0.00212	0.00318	0.01404	0.15548	0.00478
5	0.01343	0.32068	0.35023	0.01297	0.01912	0.01701	0.01462	0.01997	0.14670	0.01740	0.01175	0.01266	0.00914	0.00565	0.00483	0.00161	0.00685	0.00419	0.00305	0.00814
6	0.01460	0.47249	0.14916	0.01558	0.15255	0.01871	0.01300	0.01831	0.05299	0.03058	0.00998	0.01143	0.00833	0.00522	0.00448	0.00146	0.00651	0.00386	0.00279	0.00798
7	0.00829	0.00565	0.00678	0.00678	0.00696	0.00584	0.00414	0.00866	0.00848	0.01149	0.01753	0.03471	0.01961	0.66143	0.16505	0.00621	0.00732	0.00792	0.00339	0.00376
8	0.00698	0.00565	0.00620	0.00638	0.00794	0.00487	0.00467	0.00852	0.01309	0.01633	0.15042	0.18801	0.53149	0.01472	0.00686	0.00198	0.00295	0.01259	0.00545	0.00487
9	0.17033	0.07340	0.04902	0.01364	0.01723	0.47067	0.05231	0.04705	0.01466	0.01733	0.00900	0.01058	0.00731	0.00574	0.00511	0.00158	0.02131	0.00381	0.00309	0.00684
10	0.01573	0.01535	0.01251	0.01127	0.01402	0.26669	0.00862	0.02218	0.24929	0.07608	0.17805	0.02406	0.06532	0.00832	0.00585	0.00174	0.00601	0.00664	0.00502	0.00726
11	0.01036	0.00646	0.00742	0.00690	0.00911	0.00553	0.00527	0.01206	0.01386	0.15301	0.12825	0.09730	0.49711	0.01306	0.00661	0.00191	0.00326	0.01101	0.00574	0.00577
12	0.02137	0.02726	0.01621	0.01474	0.01768	0.77602	0.01105	0.02284	0.01621	0.01400	0.00884	0.01031	0.00737	0.00589	0.00516	0.00147	0.01031	0.00368	0.00295	0.00663
13	0.01747	0.01430	0.01632	0.01455	0.06673	0.04359	0.01114	0.38619	0.10758	0.02682	0.01486	0.04269	0.01231	0.00824	0.00826	0.00195	0.14842	0.04533	0.00481	0.00845
14	0.01037	0.00919	0.01475	0.07206	0.08287	0.00988	0.09892	0.01319	0.01337	0.01865	0.27523	0.05395	0.02939	0.01046	0.00868	0.00209	0.12794	0.13834	0.00448	0.00617
15	0.00697	0.00498	0.00664	0.00796	0.00830	0.00465	0.00531	0.00796	0.01095	0.01460	0.03153	0.79525	0.03783	0.01792	0.00730	0.00232	0.00332	0.01626	0.00531	0.00465
16	0.02712	0.01988	0.31316	0.06025	0.02485	0.01394	0.25137	0.02005	0.14714	0.01903	0.01292	0.01499	0.00958	0.00583	0.00637	0.00190	0.03482	0.00550	0.00322	0.00809
17	0.01602	0.01571	0.15160	0.01163	0.01711	0.01222	0.01091	0.26981	0.01739	0.06736	0.01213	0.01299	0.00901	0.00553	0.00506	0.00138	0.00576	0.00429	0.00423	0.34987
18	0.00721	0.00515	0.00691	0.00824	0.00867	0.00485	0.00572	0.00837	0.01118	0.01487	0.03140	0.71829	0.03731	0.01770	0.00736	0.00236	0.00352	0.09088	0.00531	0.00471
19	0.01087	0.00901	0.01145	0.01331	0.14657	0.05221	0.00809	0.05219	0.01101	0.01495	0.01507	0.02511	0.01503	0.30164	0.26597	0.00551	0.00922	0.00651	0.02069	0.00559
20	0.01057	0.01007	0.00930	0.00965	0.01148	0.14596	0.00786	0.01258	0.01368	0.01597	0.03601	0.05136	0.28162	0.01354	0.00700	0.00218	0.00536	0.34559	0.00486	0.00536
21	0.01267	0.02138	0.37162	0.02273	0.20977	0.01387	0.18684	0.01778	0.01246	0.01807	0.01054	0.01340	0.00804	0.00546	0.00653	0.00185	0.05097	0.00507	0.00263	0.00831
22	0.00707	0.00581	0.00622	0.00612	0.00792	0.00496	0.00459	0.00881	0.01377	0.01719	0.22073	0.05219	0.59711	0.01384	0.00676	0.00190	0.00285	0.01167	0.00554	0.00496
23	0.01154	0.01194	0.06873	0.33097	0.28500	0.01204	0.01523	0.01507	0.01162	0.01603	0.01132	0.01597	0.00931	0.01225	0.14588	0.00315	0.00879	0.00522	0.00273	0.00721

[dist]
# distance from previous block
# <min> <max>
2	257

# created by:
# /software/SequenceAnalysis/GenePrediction/augustus/3.0.1/scripts/msa2prfl.pl ./fixed/BUSCOvEOG779GNV.fas
