[name]
unknown

[dist]
# distance from previous block
# <min> <max>
0	138

[block]
# block no. 0 follows, 41 sequences, length 45
# corresponding to MSA columns:
# 143-187
name=unknown_A
#
# <colnr> <probs for GDERKNQSTAVLIFYWHMCP>
#	G	D	E	R	K	N	Q	S	T	A	V	L	I	F	Y	W	H	M	C	P
0	0.00968	0.00692	0.00954	0.01083	0.01218	0.00685	0.00939	0.01217	0.01343	0.01752	0.03059	0.06476	0.03317	0.01602	0.00807	0.00271	0.00542	0.71984	0.00540	0.00550
1	0.02212	0.01629	0.01743	0.01343	0.01802	0.01793	0.01104	0.73936	0.02706	0.03632	0.01415	0.01434	0.01014	0.00715	0.00591	0.00180	0.00644	0.00529	0.00586	0.00993
2	0.00835	0.00616	0.00770	0.00734	0.00878	0.00558	0.00545	0.01069	0.01586	0.02205	0.63924	0.06518	0.15072	0.01250	0.00694	0.00191	0.00291	0.01085	0.00626	0.00554
3	0.83396	0.01136	0.00873	0.00784	0.01139	0.01306	0.00639	0.01710	0.01003	0.02601	0.00843	0.00993	0.00663	0.00561	0.00374	0.00185	0.00458	0.00325	0.00369	0.00643
4	0.00879	0.00589	0.00658	0.00656	0.00661	0.00582	0.00368	0.00867	0.00862	0.01154	0.01841	0.03787	0.02113	0.79365	0.02913	0.00560	0.00569	0.00844	0.00362	0.00372
5	0.00745	0.00532	0.00698	0.00827	0.00865	0.00493	0.00551	0.00831	0.01123	0.01502	0.03182	0.79031	0.03804	0.01813	0.00748	0.00240	0.00348	0.01632	0.00545	0.00489
6	0.00745	0.00532	0.00698	0.00827	0.00865	0.00493	0.00551	0.00831	0.01123	0.01502	0.03182	0.79031	0.03804	0.01813	0.00748	0.00240	0.00348	0.01632	0.00545	0.00489
7	0.04425	0.01646	0.01717	0.01332	0.01784	0.03817	0.01091	0.70027	0.02631	0.03545	0.01387	0.01412	0.00998	0.00709	0.00584	0.00179	0.00649	0.00520	0.00572	0.00975
8	0.02212	0.01629	0.01743	0.01343	0.01802	0.01793	0.01104	0.73936	0.02706	0.03632	0.01415	0.01434	0.01014	0.00715	0.00591	0.00180	0.00644	0.00529	0.00586	0.00993
9	0.01230	0.01048	0.01216	0.00878	0.01387	0.00789	0.00697	0.01471	0.01214	0.01903	0.01061	0.01248	0.00889	0.00454	0.00443	0.00093	0.00439	0.00354	0.00354	0.82831
10	0.01571	0.79711	0.03015	0.01008	0.01499	0.02279	0.00996	0.01741	0.01190	0.01389	0.00841	0.00981	0.00777	0.00519	0.00387	0.00131	0.00626	0.00321	0.00260	0.00756
11	0.01571	0.79711	0.03015	0.01008	0.01499	0.02279	0.00996	0.01741	0.01190	0.01389	0.00841	0.00981	0.00777	0.00519	0.00387	0.00131	0.00626	0.00321	0.00260	0.00756
12	0.02601	0.01005	0.01357	0.01047	0.01491	0.00866	0.00859	0.02808	0.01662	0.76235	0.02292	0.02003	0.01454	0.00737	0.00594	0.00185	0.00502	0.00589	0.00720	0.00994
13	0.00856	0.00619	0.00798	0.00751	0.00890	0.00567	0.00560	0.01112	0.01644	0.02330	0.75541	0.04313	0.05407	0.01195	0.00693	0.00188	0.00287	0.01045	0.00643	0.00563
14	0.00724	0.00613	0.00614	0.00612	0.00808	0.00511	0.00456	0.00856	0.01331	0.01587	0.05805	0.05536	0.75606	0.01472	0.00694	0.00201	0.00306	0.01216	0.00545	0.00507
15	0.01039	0.00531	0.00778	0.00777	0.00781	0.00525	0.00517	0.00781	0.00776	0.01039	0.01038	0.01797	0.01035	0.02007	0.02242	0.82776	0.00512	0.00511	0.00264	0.00274
16	0.01125	0.01048	0.01742	0.78003	0.03953	0.01293	0.01601	0.01492	0.01172	0.01504	0.01061	0.01584	0.00805	0.00601	0.00591	0.00199	0.00776	0.00522	0.00270	0.00658
17	0.83396	0.01136	0.00873	0.00784	0.01139	0.01306	0.00639	0.01710	0.01003	0.02601	0.00843	0.00993	0.00663	0.00561	0.00374	0.00185	0.00458	0.00325	0.00369	0.00643
18	0.01230	0.01048	0.01216	0.00878	0.01387	0.00789	0.00697	0.01471	0.01214	0.01903	0.01061	0.01248	0.00889	0.00454	0.00443	0.00093	0.00439	0.00354	0.00354	0.82831
19	0.01448	0.01377	0.02326	0.05733	0.73696	0.01378	0.01762	0.01775	0.01325	0.01896	0.01118	0.01479	0.00944	0.00541	0.00585	0.00179	0.00696	0.00524	0.00298	0.00919
20	0.01458	0.01387	0.02344	0.03523	0.75830	0.01381	0.01767	0.01784	0.01329	0.01908	0.01120	0.01476	0.00948	0.00540	0.00585	0.00178	0.00693	0.00524	0.00299	0.00927
21	0.02174	0.02745	0.01648	0.01500	0.01797	0.77083	0.01121	0.02309	0.01645	0.01443	0.00930	0.01094	0.00780	0.00619	0.00535	0.00156	0.01043	0.00383	0.00310	0.00686
22	0.66870	0.01086	0.00911	0.00827	0.01145	0.01201	0.00656	0.01642	0.01170	0.02604	0.15092	0.01724	0.01633	0.00728	0.00467	0.00199	0.00450	0.00486	0.00445	0.00664
23	0.00943	0.00674	0.00913	0.01040	0.01154	0.00656	0.00859	0.01146	0.01308	0.01718	0.03105	0.23482	0.03446	0.01665	0.00803	0.00268	0.00505	0.55217	0.00549	0.00550
24	0.00879	0.00815	0.01161	0.00976	0.01247	0.00709	0.14377	0.01067	0.01355	0.01665	0.04938	0.04808	0.61142	0.01304	0.00704	0.00206	0.00443	0.01121	0.00507	0.00575
25	0.01483	0.01404	0.02357	0.03530	0.75536	0.01394	0.01774	0.01800	0.01345	0.01931	0.01146	0.01511	0.00972	0.00557	0.00596	0.00183	0.00701	0.00532	0.00308	0.00939
26	0.01418	0.01586	0.03398	0.02442	0.03021	0.01480	0.73455	0.01876	0.01392	0.01895	0.01226	0.01637	0.00935	0.00530	0.00704	0.00206	0.00983	0.00695	0.00314	0.00806
27	0.00906	0.00609	0.00678	0.00675	0.00682	0.00598	0.00381	0.00887	0.00880	0.01180	0.01864	0.03812	0.02133	0.79052	0.02915	0.00563	0.00578	0.00851	0.00370	0.00386
28	0.00773	0.00553	0.00717	0.00846	0.00886	0.00510	0.00563	0.00852	0.01140	0.01527	0.03199	0.78741	0.03817	0.01825	0.00758	0.00245	0.00358	0.01636	0.00553	0.00503
29	0.01105	0.00979	0.01552	0.63019	0.03336	0.01172	0.01375	0.01391	0.01129	0.01462	0.01235	0.02037	0.01079	0.15566	0.01042	0.00272	0.00744	0.00592	0.00296	0.00617
30	0.01435	0.64388	0.02569	0.00951	0.01386	0.01952	0.00903	0.01590	0.01233	0.01452	0.01810	0.01883	0.15003	0.00718	0.00457	0.00149	0.00574	0.00500	0.00324	0.00722
31	0.00863	0.00622	0.00798	0.00784	0.00905	0.00570	0.00570	0.01079	0.01559	0.02194	0.61522	0.18516	0.05109	0.01327	0.00714	0.00203	0.00308	0.01162	0.00632	0.00563
32	0.01710	0.64793	0.02765	0.01119	0.01573	0.16484	0.01030	0.01866	0.01293	0.01424	0.00885	0.01040	0.00803	0.00556	0.00427	0.00141	0.00713	0.00342	0.00279	0.00756
33	0.01006	0.00567	0.00767	0.00764	0.00807	0.00539	0.00518	0.00816	0.00899	0.01170	0.01969	0.02540	0.15211	0.01917	0.01953	0.66764	0.00482	0.00653	0.00327	0.00333
34	0.67663	0.01459	0.01039	0.00938	0.01284	0.15700	0.00742	0.01841	0.01142	0.02401	0.00886	0.01049	0.00711	0.00589	0.00417	0.00184	0.00578	0.00345	0.00367	0.00664
35	0.01484	0.17879	0.45578	0.01536	0.02199	0.15920	0.03711	0.01926	0.01324	0.01707	0.01029	0.01225	0.00801	0.00587	0.00538	0.00177	0.00858	0.00420	0.00278	0.00822
36	0.00854	0.00627	0.00783	0.00763	0.00897	0.00567	0.00559	0.01065	0.01553	0.02156	0.57643	0.14265	0.13390	0.01323	0.00711	0.00201	0.00307	0.01148	0.00626	0.00561
37	0.17124	0.64488	0.02618	0.00983	0.01449	0.02103	0.00938	0.01752	0.01171	0.01644	0.00869	0.01021	0.00781	0.00545	0.00397	0.00146	0.00602	0.00331	0.00290	0.00748
38	0.00938	0.00651	0.00897	0.00894	0.01008	0.00723	0.00686	0.01133	0.01019	0.01548	0.01660	0.02312	0.01497	0.03612	0.62241	0.00776	0.01306	0.00619	0.15926	0.00553
39	0.00815	0.00583	0.00766	0.00894	0.00953	0.00546	0.00637	0.00925	0.01182	0.01575	0.03176	0.64972	0.03724	0.01785	0.00769	0.00250	0.00394	0.14987	0.00552	0.00515
40	0.00770	0.00615	0.00672	0.00695	0.00850	0.00529	0.00501	0.00896	0.01329	0.01665	0.12065	0.22537	0.51699	0.01538	0.00717	0.00214	0.00324	0.01302	0.00562	0.00522
41	0.00859	0.00622	0.00793	0.00780	0.00903	0.00568	0.00567	0.01071	0.01550	0.02173	0.59562	0.18550	0.07082	0.01335	0.00714	0.00203	0.00309	0.01167	0.00629	0.00562
42	0.01575	0.64511	0.02704	0.01061	0.01520	0.02130	0.00992	0.02008	0.15175	0.01611	0.01157	0.01248	0.00993	0.00591	0.00440	0.00149	0.00604	0.00395	0.00333	0.00802
43	0.01489	0.01300	0.01534	0.01651	0.15638	0.01445	0.01094	0.02828	0.60563	0.02351	0.02148	0.02086	0.01645	0.00770	0.00609	0.00202	0.00520	0.00642	0.00547	0.00939
44	0.01301	0.01106	0.01254	0.00956	0.01430	0.00928	0.00751	0.01790	0.15194	0.02026	0.01334	0.01463	0.01084	0.00539	0.00485	0.00119	0.00454	0.00421	0.00409	0.66956

[dist]
# distance from previous block
# <min> <max>
0	3

[block]
# block no. 1 follows, 41 sequences, length 18
# corresponding to MSA columns:
# 191-208
name=unknown_B
#
# <colnr> <probs for GDERKNQSTAVLIFYWHMCP>
#	G	D	E	R	K	N	Q	S	T	A	V	L	I	F	Y	W	H	M	C	P
0	0.01049	0.00899	0.01023	0.00775	0.01199	0.00688	0.00613	0.01274	0.01218	0.01778	0.02298	0.02344	0.21024	0.00698	0.00491	0.00114	0.00388	0.00572	0.00390	0.61164
1	0.62016	0.01239	0.01076	0.00903	0.01285	0.01415	0.00745	0.21185	0.01433	0.02845	0.00951	0.01048	0.00714	0.00573	0.00412	0.00176	0.00493	0.00365	0.00412	0.00714
2	0.01423	0.01229	0.01293	0.01164	0.01487	0.01423	0.00905	0.03039	0.75297	0.02393	0.02328	0.02134	0.01746	0.00776	0.00582	0.00194	0.00453	0.00647	0.00582	0.00905
3	0.01810	0.01337	0.01503	0.01210	0.01572	0.01490	0.00987	0.54742	0.02215	0.02994	0.01416	0.01608	0.01095	0.01653	0.21233	0.00372	0.00871	0.00541	0.00501	0.00849
4	0.01300	0.58883	0.02349	0.00872	0.01282	0.01786	0.00833	0.01474	0.01200	0.01399	0.02136	0.02147	0.20941	0.00747	0.00450	0.00141	0.00525	0.00548	0.00321	0.00667
5	0.01158	0.02438	0.56625	0.01420	0.02175	0.01177	0.01728	0.01712	0.01202	0.01825	0.01024	0.01202	0.00757	0.00511	0.00511	0.00155	0.00732	0.00400	0.00268	0.22979
6	0.01251	0.01251	0.01752	0.01502	0.01502	0.01752	0.01251	0.01377	0.00876	0.01377	0.00751	0.01251	0.00751	0.01001	0.01877	0.00250	0.78851	0.00501	0.00250	0.00626
7	0.00846	0.00700	0.00955	0.00986	0.01010	0.00810	0.00724	0.00952	0.01036	0.01438	0.02509	0.58538	0.02970	0.01580	0.01038	0.00237	0.21385	0.01324	0.00456	0.00508
8	0.02174	0.01602	0.01717	0.01316	0.01774	0.01774	0.01087	0.74423	0.02689	0.03605	0.01373	0.01373	0.00973	0.00687	0.00572	0.00172	0.00629	0.00515	0.00572	0.00973
9	0.00956	0.00626	0.00823	0.00780	0.00943	0.00603	0.00597	0.01172	0.01351	0.09254	0.32301	0.07141	0.17070	0.02041	0.21301	0.00383	0.00636	0.00935	0.00528	0.00561
10	0.00968	0.00757	0.00898	0.00832	0.01020	0.00774	0.00633	0.01593	0.21359	0.02286	0.53083	0.03755	0.07624	0.01077	0.00650	0.00184	0.00320	0.00938	0.00612	0.00635
11	0.01311	0.01438	0.02840	0.05001	0.02592	0.01529	0.50279	0.01686	0.01204	0.01686	0.01034	0.01457	0.00830	0.00637	0.01021	0.00209	0.23627	0.00618	0.00277	0.00724
12	0.00817	0.00613	0.00919	0.00919	0.01021	0.00715	0.00715	0.01021	0.00919	0.01328	0.01532	0.02247	0.01430	0.04290	0.77631	0.00919	0.01532	0.00613	0.00306	0.00511
13	0.00691	0.00520	0.00641	0.00738	0.00814	0.00469	0.00505	0.00803	0.01151	0.01483	0.03861	0.59678	0.23172	0.01700	0.00716	0.00222	0.00321	0.01514	0.00531	0.00469
14	0.02257	0.01397	0.01581	0.01220	0.01667	0.01479	0.01005	0.49755	0.05718	0.25374	0.01681	0.01579	0.01141	0.00697	0.00574	0.00174	0.00579	0.00539	0.00613	0.00970
15	0.05406	0.00943	0.01224	0.01011	0.01352	0.00928	0.00820	0.07509	0.05912	0.43613	0.01941	0.01954	0.01374	0.01663	0.21227	0.00377	0.00774	0.00574	0.00568	0.00830
16	0.02275	0.01198	0.01437	0.01128	0.01557	0.01205	0.00923	0.23892	0.13264	0.43803	0.02008	0.01807	0.01336	0.00712	0.00575	0.00178	0.00523	0.00568	0.00649	0.00963
17	0.06259	0.01121	0.01401	0.09208	0.01536	0.06291	0.03051	0.01330	0.00967	0.01418	0.01108	0.01941	0.01118	0.22033	0.01770	0.00310	0.35907	0.00575	0.02101	0.00556

[dist]
# distance from previous block
# <min> <max>
0	137

# created by:
# /software/SequenceAnalysis/GenePrediction/augustus/3.0.1/scripts/msa2prfl.pl ./fixed/BUSCOvEOG78961T.fas
