[name]
unknown

[dist]
# distance from previous block
# <min> <max>
0	138

[block]
# block no. 0 follows, 41 sequences, length 13
# corresponding to MSA columns:
# 141-153
name=unknown_A
#
# <colnr> <probs for GDERKNQSTAVLIFYWHMCP>
#	G	D	E	R	K	N	Q	S	T	A	V	L	I	F	Y	W	H	M	C	P
0	0.00780	0.00533	0.00639	0.00691	0.00704	0.00520	0.00418	0.00818	0.00934	0.01245	0.02325	0.33096	0.02739	0.49644	0.02066	0.00430	0.00468	0.01139	0.00418	0.00392
1	0.01236	0.01172	0.01884	0.25319	0.12871	0.01232	0.11621	0.03835	0.01224	0.01729	0.01076	0.03191	0.00893	0.00593	0.00696	0.00169	0.09252	0.00515	0.00300	0.21192
2	0.22407	0.14861	0.03154	0.01044	0.01475	0.06071	0.00900	0.16195	0.01586	0.25088	0.01364	0.01336	0.00960	0.00612	0.00480	0.00165	0.00566	0.00436	0.00480	0.00823
3	0.00788	0.00863	0.11345	0.00894	0.01066	0.00604	0.00754	0.01008	0.01241	0.01716	0.20901	0.49948	0.03755	0.01463	0.00690	0.00212	0.00388	0.01311	0.00515	0.00536
4	0.01361	0.00890	0.01035	0.00876	0.01147	0.00874	0.00692	0.19418	0.01812	0.12840	0.30557	0.03522	0.20533	0.01052	0.00636	0.00181	0.00394	0.00883	0.00603	0.00694
5	0.01558	0.01247	0.02363	0.01849	0.06732	0.01166	0.39081	0.01909	0.01397	0.20326	0.02060	0.02180	0.11513	0.00691	0.00681	0.00189	0.03139	0.00709	0.00425	0.00785
6	0.01196	0.00643	0.00860	0.00827	0.00994	0.00582	0.00610	0.01379	0.01396	0.20362	0.26050	0.36441	0.03709	0.01326	0.00674	0.00202	0.00351	0.01178	0.00606	0.00614
7	0.01387	0.00903	0.01282	0.01127	0.01281	0.01072	0.00915	0.01570	0.01083	0.20014	0.01466	0.01860	0.01213	0.02370	0.34751	0.00525	0.25564	0.00568	0.00388	0.00661
8	0.00818	0.00626	0.00793	0.00809	0.00960	0.00538	0.00567	0.00956	0.01118	0.01560	0.02624	0.60126	0.03056	0.01453	0.00654	0.00196	0.00355	0.01307	0.00483	0.21000
9	0.22530	0.03560	0.01269	0.00975	0.01381	0.01093	0.00804	0.06838	0.07479	0.43956	0.03337	0.01691	0.01280	0.00671	0.00516	0.00176	0.00481	0.00513	0.00586	0.00864
10	0.41640	0.01672	0.01493	0.05904	0.01749	0.25337	0.11118	0.01879	0.01240	0.02030	0.00888	0.01083	0.00700	0.00545	0.00463	0.00171	0.00720	0.00391	0.00320	0.00655
11	0.00878	0.00612	0.00826	0.11597	0.01260	0.00626	0.00681	0.01108	0.01272	0.01836	0.20603	0.27215	0.03206	0.01200	0.00625	0.00194	0.00377	0.06381	0.18978	0.00527
12	0.01458	0.01019	0.01621	0.55127	0.03193	0.01191	0.01385	0.01785	0.01251	0.20094	0.01309	0.01615	0.00924	0.00629	0.00644	0.00191	0.04956	0.00524	0.00366	0.00719

[dist]
# distance from previous block
# <min> <max>
5	28

[block]
# block no. 1 follows, 41 sequences, length 9
# corresponding to MSA columns:
# 183-191
name=unknown_B
#
# <colnr> <probs for GDERKNQSTAVLIFYWHMCP>
#	G	D	E	R	K	N	Q	S	T	A	V	L	I	F	Y	W	H	M	C	P
0	0.01564	0.03976	0.29474	0.01700	0.07186	0.08822	0.08410	0.16294	0.01542	0.05180	0.01112	0.01298	0.00833	0.00625	0.00706	0.00182	0.09451	0.00478	0.00340	0.00829
1	0.00697	0.00498	0.00664	0.00796	0.00830	0.00465	0.00531	0.00796	0.01095	0.01460	0.03153	0.79525	0.03783	0.01792	0.00730	0.00232	0.00332	0.01626	0.00531	0.00465
2	0.02074	0.06652	0.04587	0.01120	0.01544	0.01274	0.00963	0.29642	0.01930	0.31115	0.01818	0.05161	0.01344	0.00754	0.00564	0.00175	0.00548	0.03099	0.04744	0.00892
3	0.00711	0.00508	0.00676	0.00787	0.00833	0.00474	0.00532	0.00831	0.01159	0.01563	0.12102	0.70284	0.03981	0.01716	0.00723	0.00226	0.00324	0.01553	0.00543	0.00474
4	0.01941	0.01372	0.08884	0.01506	0.01995	0.01177	0.21338	0.05492	0.06636	0.37242	0.01735	0.01723	0.01173	0.00648	0.00661	0.00186	0.04308	0.00588	0.00513	0.00885
5	0.01583	0.01542	0.01436	0.01157	0.01546	0.20940	0.03904	0.15311	0.04504	0.02145	0.11158	0.01646	0.01487	0.00632	0.00525	0.00139	0.00623	0.00498	0.00417	0.28803
6	0.01210	0.00827	0.00679	0.00659	0.00814	0.10862	0.00494	0.01460	0.01256	0.02034	0.01734	0.01985	0.01368	0.00656	0.00415	0.00135	0.00369	0.00511	0.71979	0.00551
7	0.01717	0.01228	0.01579	0.08381	0.01737	0.01466	0.01104	0.21957	0.01565	0.15666	0.01297	0.01496	0.00983	0.00798	0.01058	0.00202	0.30387	0.00521	0.06079	0.00780
8	0.01452	0.37762	0.33514	0.01316	0.01927	0.11972	0.01467	0.01830	0.01243	0.01546	0.00903	0.01053	0.00730	0.00525	0.00460	0.00150	0.00765	0.00363	0.00250	0.00771

[dist]
# distance from previous block
# <min> <max>
0	1

[block]
# block no. 2 follows, 41 sequences, length 9
# corresponding to MSA columns:
# 193-201
name=unknown_C
#
# <colnr> <probs for GDERKNQSTAVLIFYWHMCP>
#	G	D	E	R	K	N	Q	S	T	A	V	L	I	F	Y	W	H	M	C	P
0	0.00737	0.00535	0.00696	0.00755	0.00835	0.00493	0.00528	0.00902	0.01300	0.01771	0.30042	0.47475	0.08720	0.01543	0.00706	0.00211	0.00307	0.01384	0.00567	0.00493
1	0.23185	0.01324	0.01330	0.01105	0.01481	0.01493	0.00892	0.33756	0.20614	0.02922	0.01553	0.05275	0.01215	0.00723	0.00526	0.00182	0.00521	0.00549	0.00516	0.00839
2	0.01529	0.80242	0.02997	0.00979	0.01468	0.02263	0.00979	0.01713	0.01162	0.01346	0.00795	0.00918	0.00734	0.00489	0.00367	0.00122	0.00612	0.00306	0.00245	0.00734
3	0.01338	0.01900	0.29995	0.04702	0.17195	0.01352	0.04005	0.02211	0.24971	0.04311	0.01495	0.01592	0.01116	0.00615	0.00567	0.00184	0.00676	0.00528	0.00375	0.00871
4	0.01707	0.41078	0.20299	0.01145	0.01708	0.01669	0.01215	0.02016	0.01297	0.21070	0.01231	0.01255	0.00909	0.00559	0.00464	0.00151	0.00635	0.00404	0.00364	0.00823
5	0.00726	0.00520	0.00690	0.00776	0.00836	0.00484	0.00533	0.00870	0.01231	0.01677	0.22114	0.59945	0.04203	0.01630	0.00716	0.00219	0.00316	0.01472	0.00557	0.00484
6	0.00922	0.00893	0.04323	0.01222	0.01463	0.00778	0.19776	0.01200	0.01342	0.01852	0.27131	0.30857	0.03452	0.01193	0.00690	0.00202	0.00495	0.01133	0.00490	0.00584
7	0.01176	0.01522	0.20895	0.01051	0.01647	0.00910	0.01051	0.01537	0.01192	0.01850	0.01019	0.01192	0.00815	0.00455	0.00455	0.00110	0.00533	0.00361	0.00314	0.61917
8	0.00773	0.00562	0.00728	0.00732	0.00844	0.00517	0.00532	0.00992	0.01466	0.02036	0.53239	0.23919	0.08831	0.01347	0.00689	0.00194	0.00287	0.01198	0.00599	0.00517

[dist]
# distance from previous block
# <min> <max>
0	1

[block]
# block no. 3 follows, 41 sequences, length 6
# corresponding to MSA columns:
# 203-208
name=unknown_D
#
# <colnr> <probs for GDERKNQSTAVLIFYWHMCP>
#	G	D	E	R	K	N	Q	S	T	A	V	L	I	F	Y	W	H	M	C	P
0	0.24684	0.01089	0.01285	0.17589	0.01901	0.01193	0.00957	0.08667	0.09462	0.22277	0.04405	0.01632	0.01206	0.00653	0.00517	0.00181	0.00534	0.00507	0.00483	0.00778
1	0.01382	0.01530	0.02158	0.40807	0.03209	0.17681	0.21725	0.01741	0.01303	0.01552	0.01027	0.01424	0.00786	0.00551	0.00589	0.00182	0.00876	0.00525	0.00273	0.00679
2	0.01907	0.02256	0.01388	0.01272	0.01532	0.61082	0.00954	0.02080	0.01531	0.01557	0.01095	0.01267	0.00893	0.00606	0.00491	0.00144	0.00868	0.00404	0.18038	0.00635
3	0.01221	0.01133	0.01609	0.01188	0.01629	0.01019	0.12047	0.01491	0.01164	0.01784	0.00997	0.01251	0.00836	0.00521	0.00686	0.00127	0.12564	0.00415	0.00318	0.58002
4	0.06694	0.01736	0.18524	0.01881	0.02341	0.01496	0.33598	0.01691	0.01163	0.01749	0.00992	0.01349	0.00788	0.00643	0.00961	0.00205	0.22631	0.00548	0.00272	0.00737
5	0.00697	0.00498	0.00664	0.00796	0.00830	0.00465	0.00531	0.00796	0.01095	0.01460	0.03153	0.79525	0.03783	0.01792	0.00730	0.00232	0.00332	0.01626	0.00531	0.00465

[dist]
# distance from previous block
# <min> <max>
0	1

[block]
# block no. 4 follows, 41 sequences, length 9
# corresponding to MSA columns:
# 210-218
name=unknown_E
#
# <colnr> <probs for GDERKNQSTAVLIFYWHMCP>
#	G	D	E	R	K	N	Q	S	T	A	V	L	I	F	Y	W	H	M	C	P
0	0.01531	0.01299	0.01726	0.28058	0.02444	0.01594	0.01308	0.28217	0.01634	0.02224	0.01071	0.01391	0.00836	0.00737	0.00947	0.00201	0.23147	0.00509	0.00370	0.00756
1	0.00763	0.00575	0.00705	0.00689	0.00830	0.00517	0.00511	0.00983	0.01485	0.02015	0.50349	0.11676	0.24200	0.01303	0.00680	0.00188	0.00281	0.01136	0.00594	0.00517
2	0.06933	0.33917	0.02128	0.01104	0.01554	0.07161	0.05163	0.02191	0.03495	0.29051	0.01401	0.01374	0.01013	0.00587	0.00477	0.00154	0.00603	0.00440	0.00437	0.00817
3	0.00756	0.00540	0.00731	0.00864	0.00923	0.00515	0.00633	0.00898	0.01153	0.01526	0.03120	0.60361	0.03654	0.01736	0.00746	0.00240	0.00383	0.20208	0.00530	0.00481
4	0.10755	0.01395	0.01453	0.06805	0.06028	0.12548	0.01003	0.14816	0.08614	0.26261	0.03613	0.01624	0.01217	0.00666	0.00545	0.00174	0.00609	0.00517	0.00514	0.00843
5	0.74878	0.01161	0.00938	0.00815	0.01180	0.01338	0.00671	0.09742	0.01164	0.02681	0.00860	0.00978	0.00659	0.00548	0.00378	0.00176	0.00463	0.00332	0.00378	0.00659
6	0.01066	0.00533	0.00533	0.00533	0.00666	0.00533	0.00400	0.01333	0.01200	0.02132	0.01866	0.02132	0.01466	0.00666	0.00400	0.00133	0.00267	0.00533	0.83073	0.00533
7	0.43703	0.00973	0.00951	0.00839	0.01155	0.01042	0.00670	0.01865	0.06750	0.17952	0.09764	0.08990	0.01697	0.00776	0.00488	0.00184	0.00423	0.00594	0.00492	0.00692
8	0.01301	0.01318	0.02608	0.14746	0.08291	0.01310	0.44316	0.05085	0.01332	0.01820	0.01216	0.03605	0.00969	0.00627	0.00712	0.04358	0.00821	0.00637	0.04206	0.00723

[dist]
# distance from previous block
# <min> <max>
0	2

[block]
# block no. 5 follows, 41 sequences, length 6
# corresponding to MSA columns:
# 221-226
name=unknown_F
#
# <colnr> <probs for GDERKNQSTAVLIFYWHMCP>
#	G	D	E	R	K	N	Q	S	T	A	V	L	I	F	Y	W	H	M	C	P
0	0.01379	0.01103	0.01533	0.45231	0.02838	0.01295	0.01267	0.21506	0.01577	0.02155	0.01246	0.01577	0.00929	0.00618	0.00545	0.00177	0.00649	0.00514	0.13149	0.00712
1	0.01271	0.22909	0.02218	0.30819	0.02549	0.01683	0.07492	0.01540	0.01097	0.01439	0.00899	0.01289	0.00761	0.00653	0.00862	0.00187	0.20944	0.00465	0.00254	0.00672
2	0.24705	0.01086	0.01206	0.00979	0.01373	0.01110	0.00800	0.09733	0.09732	0.37588	0.04802	0.01725	0.01352	0.00684	0.00519	0.00178	0.00476	0.00523	0.00580	0.00851
3	0.00691	0.00520	0.00641	0.00737	0.00814	0.00470	0.00504	0.00803	0.01152	0.01484	0.03879	0.59169	0.23670	0.01698	0.00715	0.00222	0.00320	0.01511	0.00531	0.00470
4	0.24695	0.00882	0.01099	0.22191	0.01855	0.00986	0.00924	0.01455	0.01258	0.05637	0.19102	0.02788	0.02243	0.00864	0.00568	0.00195	0.00505	0.11709	0.00436	0.00608
5	0.01938	0.00993	0.01230	0.01017	0.01375	0.00976	0.00814	0.02602	0.24632	0.42009	0.13687	0.02365	0.02135	0.00801	0.00593	0.00183	0.00443	0.00669	0.00657	0.00885

[dist]
# distance from previous block
# <min> <max>
5	7

[block]
# block no. 6 follows, 41 sequences, length 14
# corresponding to MSA columns:
# 234-247
name=unknown_G
#
# <colnr> <probs for GDERKNQSTAVLIFYWHMCP>
#	G	D	E	R	K	N	Q	S	T	A	V	L	I	F	Y	W	H	M	C	P
0	0.01545	0.01286	0.01761	0.36496	0.02748	0.10280	0.06908	0.01836	0.01272	0.16317	0.01216	0.01509	0.00895	0.00660	0.00774	0.00192	0.12724	0.00517	0.00351	0.00714
1	0.00697	0.00498	0.00664	0.00796	0.00830	0.00465	0.00531	0.00796	0.01095	0.01460	0.03153	0.79525	0.03783	0.01792	0.00730	0.00232	0.00332	0.01626	0.00531	0.00465
2	0.01261	0.01370	0.02829	0.27471	0.03302	0.01389	0.50328	0.01710	0.01282	0.01710	0.01111	0.01537	0.00833	0.00512	0.00641	0.00192	0.00898	0.00620	0.00278	0.00727
3	0.01384	0.01253	0.01615	0.38981	0.02703	0.07425	0.01304	0.15875	0.01439	0.01885	0.01108	0.01491	0.00871	0.00904	0.05871	0.00238	0.11010	0.00505	0.03447	0.00691
4	0.00702	0.00512	0.00662	0.00768	0.00825	0.00472	0.00521	0.00818	0.01152	0.01525	0.08291	0.66713	0.11505	0.01714	0.00721	0.00225	0.00323	0.01543	0.00538	0.00472
5	0.07862	0.01325	0.01521	0.16420	0.02028	0.01492	0.01076	0.45992	0.02098	0.02937	0.04211	0.01544	0.01117	0.00670	0.00546	0.00173	0.00599	0.00520	0.07042	0.00828
6	0.00719	0.00515	0.00684	0.00781	0.00835	0.00479	0.00533	0.00852	0.01198	0.01625	0.17529	0.64680	0.04101	0.01669	0.00719	0.00222	0.00320	0.01509	0.00550	0.00479
7	0.08631	0.00995	0.01391	0.21455	0.02087	0.00989	0.01021	0.02350	0.01454	0.50975	0.01813	0.01755	0.01180	0.00658	0.00557	0.00181	0.00556	0.00536	0.00560	0.00856
8	0.01251	0.01251	0.01752	0.01502	0.01502	0.01752	0.01251	0.01377	0.00876	0.01377	0.00751	0.01251	0.00751	0.01001	0.01877	0.00250	0.78851	0.00501	0.00250	0.00626
9	0.01066	0.00533	0.00533	0.00533	0.00666	0.00533	0.00400	0.01333	0.01200	0.02132	0.01866	0.02132	0.01466	0.00666	0.00400	0.00133	0.00267	0.00533	0.83073	0.00533
10	0.01349	0.39305	0.27008	0.01296	0.01805	0.01856	0.01405	0.01679	0.01121	0.01505	0.00862	0.01079	0.00734	0.00608	0.00723	0.00167	0.16123	0.00383	0.00245	0.00749
11	0.01044	0.00646	0.00944	0.00894	0.00894	0.00744	0.00646	0.00870	0.00771	0.01069	0.00946	0.01643	0.00946	0.01793	0.02165	0.66963	0.15954	0.00498	0.00249	0.00323
12	0.00810	0.00585	0.00765	0.00720	0.00855	0.00540	0.00540	0.01079	0.01619	0.02294	0.76028	0.04273	0.05397	0.01169	0.00675	0.00180	0.00270	0.01034	0.00630	0.00540
13	0.01734	0.64605	0.02668	0.00986	0.01467	0.01983	0.00951	0.01925	0.01256	0.16216	0.01083	0.01121	0.00869	0.00532	0.00408	0.00133	0.00587	0.00359	0.00336	0.00781

[dist]
# distance from previous block
# <min> <max>
0	37

[block]
# block no. 7 follows, 41 sequences, length 34
# corresponding to MSA columns:
# 285-318
name=unknown_H
#
# <colnr> <probs for GDERKNQSTAVLIFYWHMCP>
#	G	D	E	R	K	N	Q	S	T	A	V	L	I	F	Y	W	H	M	C	P
0	0.51704	0.01240	0.01072	0.00906	0.01265	0.03959	0.00740	0.21001	0.01473	0.02762	0.01052	0.01163	0.00796	0.00587	0.00422	0.00170	0.00496	0.00387	0.08098	0.00707
1	0.00697	0.00498	0.00664	0.00796	0.00830	0.00465	0.00531	0.00796	0.01095	0.01460	0.03153	0.79525	0.03783	0.01792	0.00730	0.00232	0.00332	0.01626	0.00531	0.00465
2	0.02401	0.01191	0.01520	0.01160	0.01612	0.01156	0.03434	0.25363	0.01959	0.51083	0.01940	0.01752	0.01257	0.00693	0.00578	0.00176	0.00548	0.00560	0.00651	0.00966
3	0.00927	0.00665	0.00827	0.00946	0.01000	0.00601	0.00629	0.00966	0.01232	0.01664	0.03295	0.77139	0.03886	0.01893	0.00815	0.00270	0.00410	0.01656	0.00597	0.00581
4	0.01080	0.01017	0.01716	0.78523	0.03940	0.01271	0.01589	0.01461	0.01144	0.01461	0.01017	0.01525	0.00762	0.00572	0.00572	0.00191	0.00762	0.00508	0.00254	0.00635
5	0.52360	0.01298	0.01179	0.00970	0.01364	0.01473	0.00800	0.29776	0.01636	0.02967	0.01019	0.01101	0.00756	0.00591	0.00438	0.00175	0.00515	0.00389	0.00438	0.00756
6	0.00710	0.00507	0.00679	0.00812	0.00851	0.00476	0.00554	0.00819	0.01108	0.01475	0.03145	0.75209	0.03754	0.01779	0.00734	0.00234	0.00343	0.05811	0.00531	0.00468
7	0.02421	0.00941	0.01281	0.00993	0.01410	0.00816	0.00816	0.02647	0.01636	0.70585	0.08344	0.02139	0.01744	0.00746	0.00583	0.00177	0.00469	0.00613	0.00701	0.00938
8	0.01529	0.80242	0.02997	0.00979	0.01468	0.02263	0.00979	0.01713	0.01162	0.01346	0.00795	0.00918	0.00734	0.00489	0.00367	0.00122	0.00612	0.00306	0.00245	0.00734
9	0.01139	0.01098	0.01728	0.51954	0.03099	0.01437	0.01472	0.01432	0.01051	0.01432	0.00925	0.01431	0.00758	0.00720	0.01022	0.00211	0.27700	0.00506	0.00253	0.00632
10	0.01066	0.00533	0.00533	0.00533	0.00666	0.00533	0.00400	0.01333	0.01200	0.02132	0.01866	0.02132	0.01466	0.00666	0.00400	0.00133	0.00267	0.00533	0.83073	0.00533
11	0.11945	0.01113	0.01348	0.03358	0.10988	0.01006	0.00873	0.05821	0.01253	0.02034	0.01010	0.01204	0.00828	0.00484	0.00485	0.00120	0.02617	0.00376	0.00343	0.52795
12	0.12713	0.01080	0.03372	0.00969	0.01348	0.05396	0.00812	0.02313	0.01476	0.47175	0.03952	0.02018	0.01448	0.00719	0.00535	0.00174	0.00496	0.03631	0.09546	0.00827
13	0.00697	0.00498	0.00664	0.00796	0.00830	0.00465	0.00531	0.00796	0.01095	0.01460	0.03153	0.79525	0.03783	0.01792	0.00730	0.00232	0.00332	0.01626	0.00531	0.00465
14	0.01161	0.02674	0.64147	0.07772	0.02639	0.01335	0.08790	0.01786	0.01216	0.01786	0.01038	0.01264	0.00741	0.00540	0.00558	0.00183	0.00850	0.00453	0.00247	0.00822
15	0.01676	0.04228	0.42065	0.01423	0.02087	0.01382	0.01592	0.20886	0.01668	0.15543	0.01329	0.01374	0.00912	0.00608	0.00552	0.00176	0.00720	0.00471	0.00410	0.00898
16	0.00696	0.00521	0.00647	0.00740	0.00817	0.00472	0.00508	0.00814	0.01168	0.01515	0.06807	0.58276	0.21576	0.01682	0.00715	0.00221	0.00319	0.01499	0.00535	0.00472
17	0.01529	0.80242	0.02997	0.00979	0.01468	0.02263	0.00979	0.01713	0.01162	0.01346	0.00795	0.00918	0.00734	0.00489	0.00367	0.00122	0.00612	0.00306	0.00245	0.00734
18	0.00697	0.00498	0.00664	0.00796	0.00830	0.00465	0.00531	0.00796	0.01095	0.01460	0.03153	0.79525	0.03783	0.01792	0.00730	0.00232	0.00332	0.01626	0.00531	0.00465
19	0.01423	0.01229	0.01293	0.01164	0.01487	0.01423	0.00905	0.03039	0.75297	0.02393	0.02328	0.02134	0.01746	0.00776	0.00582	0.00194	0.00453	0.00647	0.00582	0.00905
20	0.02566	0.00973	0.01327	0.01018	0.01460	0.00841	0.00841	0.02788	0.01637	0.76726	0.02257	0.01947	0.01416	0.00708	0.00575	0.00177	0.00487	0.00575	0.00708	0.00973
21	0.01066	0.00533	0.00533	0.00533	0.00666	0.00533	0.00400	0.01333	0.01200	0.02132	0.01866	0.02132	0.01466	0.00666	0.00400	0.00133	0.00267	0.00533	0.83073	0.00533
22	0.01080	0.01017	0.01716	0.78523	0.03940	0.01271	0.01589	0.01461	0.01144	0.01461	0.01017	0.01525	0.00762	0.00572	0.00572	0.00191	0.00762	0.00508	0.00254	0.00635
23	0.01350	0.01543	0.03375	0.02411	0.02989	0.01446	0.74253	0.01832	0.01350	0.01832	0.01157	0.01543	0.00868	0.00482	0.00675	0.00193	0.00964	0.00675	0.00289	0.00771
24	0.00697	0.00498	0.00664	0.00796	0.00830	0.00465	0.00531	0.00796	0.01095	0.01460	0.03153	0.79525	0.03783	0.01792	0.00730	0.00232	0.00332	0.01626	0.00531	0.00465
25	0.01398	0.01341	0.02291	0.07362	0.72614	0.01355	0.01747	0.01740	0.01294	0.01848	0.01073	0.01421	0.00899	0.00513	0.00567	0.00171	0.00684	0.00510	0.00282	0.00892
26	0.01529	0.80242	0.02997	0.00979	0.01468	0.02263	0.00979	0.01713	0.01162	0.01346	0.00795	0.00918	0.00734	0.00489	0.00367	0.00122	0.00612	0.00306	0.00245	0.00734
27	0.01223	0.14850	0.58245	0.01471	0.02219	0.01455	0.01812	0.01843	0.05003	0.01771	0.01057	0.01209	0.00784	0.00542	0.00513	0.00168	0.00771	0.00412	0.00264	0.04388
28	0.02472	0.00994	0.01325	0.01030	0.01462	0.00889	0.00846	0.02808	0.07715	0.70593	0.02262	0.01962	0.01443	0.00714	0.00576	0.00178	0.00484	0.00581	0.00698	0.00968
29	0.00697	0.00580	0.00608	0.00601	0.00785	0.00492	0.00451	0.00861	0.01352	0.01660	0.16575	0.05316	0.65246	0.01406	0.00676	0.00191	0.00287	0.01181	0.00546	0.00492
30	0.01019	0.00681	0.00794	0.00726	0.00899	0.00668	0.00555	0.09086	0.01603	0.02348	0.43757	0.03453	0.08031	0.00998	0.00589	0.00167	0.00309	0.00853	0.22882	0.00582
31	0.00817	0.00613	0.00919	0.00919	0.01021	0.00715	0.00715	0.01021	0.00919	0.01328	0.01532	0.02247	0.01430	0.04290	0.77631	0.00919	0.01532	0.00613	0.00306	0.00511
32	0.00697	0.00498	0.00664	0.00796	0.00830	0.00465	0.00531	0.00796	0.01095	0.01460	0.03153	0.79525	0.03783	0.01792	0.00730	0.00232	0.00332	0.01626	0.00531	0.00465
33	0.02394	0.00935	0.01272	0.00988	0.01401	0.00811	0.00811	0.02620	0.01635	0.69405	0.09513	0.02176	0.01807	0.00753	0.00585	0.00177	0.00465	0.00620	0.00700	0.00931

[dist]
# distance from previous block
# <min> <max>
2	112

# created by:
# /software/SequenceAnalysis/GenePrediction/augustus/3.0.1/scripts/msa2prfl.pl ./fixed/BUSCOvEOG7M3BQ0.fas
