[name]
unknown

[dist]
# distance from previous block
# <min> <max>
3	85

[block]
# block no. 0 follows, 41 sequences, length 27
# corresponding to MSA columns:
# 89-115
name=unknown_A
#
# <colnr> <probs for GDERKNQSTAVLIFYWHMCP>
#	G	D	E	R	K	N	Q	S	T	A	V	L	I	F	Y	W	H	M	C	P
0	0.01492	0.01306	0.02011	0.08863	0.49434	0.01363	0.01511	0.05660	0.14827	0.05698	0.01379	0.01590	0.01083	0.00587	0.00574	0.00178	0.00635	0.00540	0.00373	0.00895
1	0.01922	0.01053	0.01359	0.05095	0.06850	0.01051	0.00937	0.02576	0.23727	0.38984	0.05880	0.02191	0.04212	0.00761	0.00588	0.00184	0.00489	0.00635	0.00610	0.00897
2	0.01489	0.01225	0.01307	0.01157	0.01485	0.01397	0.00904	0.07949	0.64924	0.04568	0.05399	0.02176	0.01844	0.00790	0.00588	0.00193	0.00461	0.00654	0.00589	0.00900
3	0.00716	0.00583	0.00631	0.00626	0.00800	0.00500	0.00466	0.00885	0.01372	0.01719	0.21626	0.08167	0.57101	0.01403	0.00681	0.00193	0.00290	0.01186	0.00556	0.00499
4	0.01366	0.01038	0.02701	0.01268	0.06942	0.01041	0.06006	0.10518	0.08126	0.11302	0.28256	0.02844	0.07959	0.00923	0.00731	0.00188	0.06745	0.00778	0.00536	0.00733
5	0.00741	0.00530	0.00705	0.00808	0.00866	0.00496	0.00564	0.00878	0.01204	0.01625	0.15344	0.61531	0.04021	0.01676	0.00728	0.00227	0.00339	0.06680	0.00550	0.00486
6	0.01685	0.01363	0.01398	0.01084	0.01532	0.08307	0.00869	0.23635	0.07609	0.07626	0.01402	0.01450	0.02441	0.00591	0.00508	0.00135	0.00549	0.00455	0.00456	0.36903
7	0.06997	0.01056	0.01694	0.54814	0.15743	0.01239	0.01477	0.01505	0.01197	0.01674	0.06270	0.01667	0.01109	0.00606	0.00566	0.00187	0.00694	0.00534	0.00295	0.00677
8	0.83842	0.01112	0.00846	0.00758	0.01112	0.01287	0.00623	0.01686	0.00979	0.02572	0.00805	0.00940	0.00627	0.00536	0.00358	0.00178	0.00445	0.00312	0.00357	0.00624
9	0.01115	0.00767	0.04532	0.00819	0.01040	0.00626	0.00668	0.01369	0.01534	0.14787	0.46363	0.08799	0.11381	0.01143	0.00661	0.00188	0.00349	0.02629	0.00608	0.00622
10	0.01572	0.05967	0.07629	0.01177	0.01634	0.01321	0.04647	0.31984	0.01898	0.02632	0.13166	0.01773	0.01620	0.00675	0.00548	0.00153	0.00560	0.00548	0.00470	0.20027
11	0.01163	0.00810	0.00959	0.00860	0.01070	0.00811	0.00655	0.10315	0.10366	0.07564	0.38066	0.08855	0.09930	0.05046	0.00763	0.00205	0.00374	0.00941	0.00595	0.00651
12	0.01326	0.01466	0.06890	0.02501	0.27057	0.01384	0.31638	0.01778	0.04894	0.01808	0.01184	0.01549	0.00954	0.00823	0.06172	0.00242	0.06644	0.00589	0.00300	0.00802
13	0.00825	0.00619	0.00925	0.00925	0.01027	0.00720	0.00718	0.01027	0.00924	0.01335	0.01539	0.02257	0.01437	0.04290	0.77538	0.00920	0.01533	0.00615	0.00309	0.00515
14	0.01088	0.01022	0.01720	0.78431	0.03942	0.01275	0.01591	0.01467	0.01149	0.01469	0.01025	0.01536	0.00770	0.00577	0.00575	0.00192	0.00765	0.00511	0.00257	0.00639
15	0.00825	0.00619	0.00925	0.00925	0.01027	0.00720	0.00718	0.01027	0.00924	0.01335	0.01539	0.02257	0.01437	0.04290	0.77538	0.00920	0.01533	0.00615	0.00309	0.00515
16	0.00830	0.00556	0.00633	0.00642	0.00645	0.00553	0.00364	0.00835	0.00856	0.01143	0.01907	0.09261	0.02209	0.74125	0.02753	0.00532	0.00541	0.00892	0.00363	0.00360
17	0.01337	0.01292	0.02284	0.17410	0.49591	0.01325	0.11536	0.01699	0.01280	0.01804	0.01115	0.01493	0.00903	0.00529	0.00579	0.00177	0.00720	0.00535	0.03566	0.00826
18	0.77323	0.01101	0.00885	0.00779	0.01140	0.01252	0.00641	0.01775	0.01032	0.08513	0.00922	0.01022	0.00691	0.00550	0.00375	0.00178	0.00449	0.00334	0.00385	0.00652
19	0.00946	0.00598	0.00694	0.00690	0.00786	0.00615	0.00485	0.03573	0.01092	0.01653	0.02090	0.08285	0.06112	0.24498	0.16392	0.00424	0.00621	0.00754	0.29205	0.00486
20	0.00828	0.00563	0.00626	0.00626	0.00642	0.00554	0.00357	0.00837	0.00875	0.01152	0.02129	0.03892	0.08015	0.73519	0.02733	0.00527	0.00536	0.00864	0.00364	0.00362
21	0.00705	0.00504	0.00670	0.00802	0.00836	0.00470	0.00535	0.00803	0.01100	0.01468	0.03158	0.79437	0.03787	0.01796	0.00733	0.00234	0.00335	0.01627	0.00533	0.00469
22	0.06965	0.02729	0.66170	0.01630	0.02421	0.01338	0.07255	0.01809	0.01206	0.01873	0.01028	0.01223	0.00735	0.00543	0.00543	0.00183	0.00828	0.00436	0.00256	0.00828
23	0.01540	0.01308	0.01371	0.01028	0.01506	0.06501	0.00827	0.22674	0.01653	0.02336	0.01111	0.01229	0.00876	0.00512	0.00473	0.00114	0.00526	0.00392	0.00403	0.53620
24	0.01412	0.01370	0.02383	0.03447	0.72084	0.01364	0.05953	0.01760	0.01305	0.01867	0.01081	0.01423	0.00904	0.00508	0.00573	0.00171	0.00696	0.00519	0.00283	0.00898
25	0.01667	0.01653	0.01406	0.01250	0.01573	0.22219	0.00966	0.09011	0.46977	0.02225	0.03732	0.01821	0.01496	0.00727	0.00565	0.00179	0.00621	0.00569	0.00504	0.00836
26	0.01396	0.00808	0.00929	0.00805	0.01089	0.00746	0.00632	0.06775	0.06662	0.23568	0.03972	0.05908	0.38743	0.02420	0.00664	0.00193	0.00387	0.00924	0.02693	0.00688

[dist]
# distance from previous block
# <min> <max>
0	2

[block]
# block no. 1 follows, 41 sequences, length 21
# corresponding to MSA columns:
# 118-138
name=unknown_B
#
# <colnr> <probs for GDERKNQSTAVLIFYWHMCP>
#	G	D	E	R	K	N	Q	S	T	A	V	L	I	F	Y	W	H	M	C	P
0	0.01085	0.00904	0.01135	0.00911	0.01277	0.00740	0.03498	0.04196	0.01225	0.01811	0.01680	0.24798	0.01737	0.00849	0.00532	0.00137	0.00425	0.00747	0.00404	0.51908
1	0.00956	0.00552	0.00645	0.05421	0.00917	0.00558	0.00513	0.01179	0.01165	0.01889	0.02201	0.25401	0.02120	0.01000	0.00510	0.00167	0.00317	0.00861	0.53110	0.00519
2	0.01183	0.01310	0.05102	0.01935	0.02380	0.01222	0.49688	0.01587	0.01216	0.01680	0.01266	0.01744	0.01032	0.01631	0.23845	0.00411	0.01131	0.00648	0.00293	0.00695
3	0.00776	0.00559	0.00734	0.00743	0.00847	0.00517	0.00537	0.00994	0.01461	0.02043	0.54083	0.26934	0.04911	0.01357	0.00691	0.00196	0.00289	0.01213	0.00600	0.00517
4	0.00718	0.00576	0.00640	0.00635	0.00801	0.00499	0.00472	0.00897	0.01386	0.01765	0.26782	0.09698	0.50348	0.01386	0.00679	0.00192	0.00286	0.01181	0.00561	0.00499
5	0.01212	0.00891	0.01039	0.00890	0.01126	0.00908	0.00698	0.23149	0.01920	0.02638	0.48847	0.03482	0.08795	0.01043	0.00644	0.00178	0.00379	0.00890	0.00606	0.00666
6	0.01769	0.02114	0.01675	0.01485	0.01658	0.46124	0.01166	0.01907	0.01312	0.01390	0.00829	0.01123	0.00743	0.00760	0.01081	0.00190	0.33327	0.00423	0.00276	0.00648
7	0.01152	0.00999	0.01555	0.05466	0.37905	0.01015	0.01171	0.01418	0.03629	0.01610	0.01598	0.05422	0.01616	0.24578	0.01301	0.00299	0.00611	0.07640	0.00344	0.00673
8	0.00945	0.00514	0.00709	0.00709	0.00709	0.00514	0.00452	0.00771	0.00771	0.01028	0.01237	0.02342	0.01321	0.25449	0.02439	0.58423	0.00514	0.00598	0.00278	0.00278
9	0.01457	0.02550	0.54283	0.01536	0.02264	0.01463	0.01804	0.23678	0.01654	0.02351	0.01131	0.01258	0.00799	0.00587	0.00552	0.00178	0.00780	0.00450	0.00341	0.00884
10	0.01423	0.01229	0.01293	0.01164	0.01487	0.01423	0.00905	0.03039	0.75297	0.02393	0.02328	0.02134	0.01746	0.00776	0.00582	0.00194	0.00453	0.00647	0.00582	0.00905
11	0.01529	0.01357	0.01741	0.01446	0.01584	0.01759	0.01202	0.23374	0.01422	0.02048	0.00938	0.01288	0.00818	0.00906	0.01484	0.00227	0.55296	0.00505	0.00347	0.00730
12	0.00921	0.00791	0.01259	0.01113	0.01227	0.00824	0.13338	0.01060	0.01032	0.01408	0.02097	0.33316	0.02382	0.24986	0.01522	0.00325	0.10418	0.01080	0.00398	0.00503
13	0.01310	0.01368	0.02641	0.08325	0.24905	0.01366	0.36617	0.01694	0.01272	0.01768	0.01176	0.04840	0.00989	0.00588	0.00713	0.00188	0.06207	0.00632	0.00294	0.03108
14	0.01484	0.01193	0.01346	0.00988	0.01481	0.01067	0.00801	0.23418	0.01639	0.02388	0.01124	0.01242	0.00885	0.00503	0.00468	0.00111	0.00486	0.00392	0.00409	0.58574
15	0.01398	0.01531	0.01687	0.55321	0.03286	0.24257	0.01443	0.01709	0.01287	0.01443	0.00977	0.01376	0.00755	0.00577	0.00555	0.00178	0.00843	0.00466	0.00266	0.00644
16	0.01970	0.01480	0.01583	0.01252	0.01661	0.01646	0.01015	0.58021	0.15149	0.03258	0.01562	0.01635	0.01167	0.05063	0.00703	0.00197	0.00595	0.00555	0.00561	0.00927
17	0.00727	0.00560	0.00672	0.00748	0.00867	0.00506	0.00557	0.00874	0.01223	0.01540	0.04261	0.35230	0.34621	0.01608	0.00717	0.00221	0.00348	0.13706	0.00530	0.00483
18	0.01729	0.01715	0.01467	0.01343	0.04481	0.24371	0.01005	0.15202	0.33394	0.02240	0.01868	0.01826	0.05367	0.00731	0.00565	0.00175	0.00658	0.00565	0.00479	0.00821
19	0.01106	0.00909	0.01106	0.00909	0.01304	0.00731	0.00751	0.01363	0.01225	0.01818	0.01622	0.02772	0.01583	0.00772	0.00534	0.00139	0.00455	0.22063	0.00395	0.58440
20	0.01135	0.00960	0.01204	0.01123	0.01239	0.01147	0.00867	0.08592	0.14024	0.01807	0.02112	0.34887	0.02241	0.01269	0.01034	0.00225	0.24027	0.01009	0.00459	0.00639

[dist]
# distance from previous block
# <min> <max>
0	16

[block]
# block no. 2 follows, 41 sequences, length 41
# corresponding to MSA columns:
# 155-195
name=unknown_C
#
# <colnr> <probs for GDERKNQSTAVLIFYWHMCP>
#	G	D	E	R	K	N	Q	S	T	A	V	L	I	F	Y	W	H	M	C	P
0	0.07002	0.12109	0.01742	0.01369	0.01692	0.63779	0.01060	0.02178	0.01526	0.01464	0.00868	0.01011	0.00729	0.00574	0.00488	0.00146	0.00945	0.00357	0.00292	0.00669
1	0.79665	0.05210	0.00953	0.00764	0.01125	0.01334	0.00638	0.01683	0.00983	0.02503	0.00796	0.00929	0.00625	0.00529	0.00355	0.00174	0.00451	0.00310	0.00348	0.00625
2	0.00863	0.00600	0.00759	0.00710	0.00867	0.00544	0.00536	0.01111	0.01571	0.05315	0.61942	0.04367	0.16278	0.01194	0.00671	0.00182	0.00282	0.01042	0.00618	0.00549
3	0.01317	0.02754	0.63690	0.01662	0.05512	0.06868	0.01948	0.01902	0.01268	0.06307	0.01092	0.01248	0.00775	0.00555	0.00544	0.00178	0.00830	0.00432	0.00275	0.00842
4	0.01429	0.03419	0.01217	0.01047	0.01339	0.05759	0.00818	0.06287	0.48927	0.02311	0.02049	0.01995	0.01557	0.00728	0.00532	0.00175	0.00460	0.00589	0.18554	0.00809
5	0.00729	0.00527	0.00689	0.00763	0.00834	0.00487	0.00529	0.00880	0.01259	0.01708	0.24578	0.53703	0.08005	0.01592	0.00711	0.00215	0.00312	0.01432	0.00560	0.00487
6	0.01529	0.80242	0.02997	0.00979	0.01468	0.02263	0.00979	0.01713	0.01162	0.01346	0.00795	0.00918	0.00734	0.00489	0.00367	0.00122	0.00612	0.00306	0.00245	0.00734
7	0.02163	0.01545	0.01668	0.01282	0.01730	0.01699	0.01058	0.69231	0.02602	0.06904	0.01427	0.01419	0.01006	0.00687	0.00568	0.00171	0.00613	0.00518	0.02747	0.00961
8	0.83938	0.01106	0.00841	0.00752	0.01106	0.01283	0.00619	0.01681	0.00973	0.02566	0.00796	0.00929	0.00619	0.00531	0.00354	0.00177	0.00442	0.00310	0.00354	0.00619
9	0.00994	0.00497	0.00745	0.00745	0.00745	0.00497	0.00497	0.00745	0.00745	0.00994	0.00994	0.01739	0.00994	0.01987	0.02235	0.83358	0.00497	0.00497	0.00248	0.00248
10	0.00697	0.00498	0.00664	0.00796	0.00830	0.00465	0.00531	0.00796	0.01095	0.01460	0.03153	0.79525	0.03783	0.01792	0.00730	0.00232	0.00332	0.01626	0.00531	0.00465
11	0.01423	0.01229	0.01293	0.01164	0.01487	0.01423	0.00905	0.03039	0.75297	0.02393	0.02328	0.02134	0.01746	0.00776	0.00582	0.00194	0.00453	0.00647	0.00582	0.00905
12	0.01066	0.00533	0.00533	0.00533	0.00666	0.00533	0.00400	0.01333	0.01200	0.02132	0.01866	0.02132	0.01466	0.00666	0.00400	0.00133	0.00267	0.00533	0.83073	0.00533
13	0.01350	0.01543	0.03375	0.02411	0.02989	0.01446	0.74253	0.01832	0.01350	0.01832	0.01157	0.01543	0.00868	0.00482	0.00675	0.00193	0.00964	0.00675	0.00289	0.00771
14	0.01423	0.01229	0.01293	0.01164	0.01487	0.01423	0.00905	0.03039	0.75297	0.02393	0.02328	0.02134	0.01746	0.00776	0.00582	0.00194	0.00453	0.00647	0.00582	0.00905
15	0.01164	0.06254	0.73781	0.01603	0.02433	0.01368	0.02065	0.01807	0.01206	0.01792	0.01017	0.01195	0.00725	0.00541	0.00536	0.00179	0.00835	0.00418	0.00242	0.00841
16	0.00686	0.00573	0.00598	0.00606	0.00782	0.00485	0.00449	0.00834	0.01306	0.01583	0.09818	0.11522	0.65878	0.01460	0.00680	0.00196	0.00292	0.01231	0.00537	0.00485
17	0.01080	0.01017	0.01716	0.78523	0.03940	0.01271	0.01589	0.01461	0.01144	0.01461	0.01017	0.01525	0.00762	0.00572	0.00572	0.00191	0.00762	0.00508	0.00254	0.00635
18	0.00696	0.00501	0.00660	0.00788	0.00827	0.00465	0.00527	0.00797	0.01104	0.01464	0.03259	0.76530	0.06709	0.01778	0.00728	0.00231	0.00330	0.01609	0.00531	0.00465
19	0.01080	0.01017	0.01716	0.78523	0.03940	0.01271	0.01589	0.01461	0.01144	0.01461	0.01017	0.01525	0.00762	0.00572	0.00572	0.00191	0.00762	0.00508	0.00254	0.00635
20	0.00697	0.00498	0.00664	0.00796	0.00830	0.00465	0.00531	0.00796	0.01095	0.01460	0.03153	0.79525	0.03783	0.01792	0.00730	0.00232	0.00332	0.01626	0.00531	0.00465
21	0.01251	0.01251	0.01752	0.01502	0.01502	0.01752	0.01251	0.01377	0.00876	0.01377	0.00751	0.01251	0.00751	0.01001	0.01877	0.00250	0.78851	0.00501	0.00250	0.00626
22	0.00859	0.00665	0.00958	0.00934	0.01013	0.00790	0.00716	0.01029	0.00904	0.01303	0.01495	0.02352	0.01453	0.13983	0.60703	0.00809	0.08595	0.00631	0.00307	0.00500
23	0.02174	0.01602	0.01717	0.01316	0.01774	0.01774	0.01087	0.74423	0.02689	0.03605	0.01373	0.01373	0.00973	0.00687	0.00572	0.00172	0.00629	0.00515	0.00572	0.00973
24	0.01160	0.02556	0.60552	0.06452	0.11036	0.01295	0.01974	0.01753	0.01232	0.01817	0.04194	0.01380	0.00945	0.00568	0.00553	0.00180	0.00797	0.00464	0.00263	0.00827
25	0.01430	0.01336	0.02186	0.10373	0.61966	0.01378	0.01665	0.06167	0.04358	0.01956	0.01139	0.01452	0.00930	0.00537	0.00568	0.00173	0.00675	0.00515	0.00310	0.00884
26	0.01457	0.01115	0.01361	0.00991	0.01489	0.00937	0.03726	0.11644	0.01442	0.09066	0.01187	0.01297	0.00918	0.00489	0.00468	0.00110	0.00480	0.00399	0.00403	0.61022
27	0.01186	0.01017	0.01186	0.00847	0.01356	0.00762	0.00678	0.01440	0.01186	0.01864	0.01017	0.01186	0.00847	0.00424	0.00424	0.00085	0.00424	0.00339	0.00339	0.83395
28	0.00810	0.00585	0.00765	0.00720	0.00855	0.00540	0.00540	0.01079	0.01619	0.02294	0.76028	0.04273	0.05397	0.01169	0.00675	0.00180	0.00270	0.01034	0.00630	0.00540
29	0.02065	0.01520	0.01644	0.01281	0.01712	0.01676	0.01059	0.68273	0.02586	0.03468	0.04305	0.01716	0.01248	0.00746	0.00586	0.00176	0.00611	0.03820	0.00572	0.00936
30	0.00676	0.00579	0.00579	0.00579	0.00773	0.00483	0.00435	0.00821	0.01304	0.01545	0.05794	0.05505	0.76098	0.01449	0.00676	0.00193	0.00290	0.01207	0.00531	0.00483
31	0.01553	0.01337	0.01364	0.01197	0.01537	0.04385	0.00938	0.12744	0.62577	0.02520	0.02143	0.01988	0.01602	0.00757	0.00578	0.00189	0.00499	0.00618	0.00570	0.00905
32	0.01416	0.01359	0.02322	0.03511	0.76330	0.01359	0.01755	0.01755	0.01302	0.01869	0.01076	0.01416	0.00906	0.00510	0.00566	0.00170	0.00680	0.00510	0.00283	0.00906
33	0.01416	0.01359	0.02322	0.03511	0.76330	0.01359	0.01755	0.01755	0.01302	0.01869	0.01076	0.01416	0.00906	0.00510	0.00566	0.00170	0.00680	0.00510	0.00283	0.00906
34	0.01416	0.01359	0.02322	0.03511	0.76330	0.01359	0.01755	0.01755	0.01302	0.01869	0.01076	0.01416	0.00906	0.00510	0.00566	0.00170	0.00680	0.00510	0.00283	0.00906
35	0.00786	0.00538	0.00649	0.00694	0.00709	0.00531	0.00424	0.00828	0.00924	0.01237	0.02248	0.29291	0.02629	0.50452	0.05190	0.00460	0.00519	0.01091	0.00407	0.00393
36	0.01416	0.01359	0.02322	0.03511	0.76330	0.01359	0.01755	0.01755	0.01302	0.01869	0.01076	0.01416	0.00906	0.00510	0.00566	0.00170	0.00680	0.00510	0.00283	0.00906
37	0.01416	0.01348	0.02231	0.03305	0.69758	0.01365	0.01681	0.01868	0.07800	0.01915	0.01186	0.01479	0.00980	0.00533	0.00568	0.00172	0.00660	0.00522	0.00309	0.00906
38	0.02174	0.01602	0.01717	0.01316	0.01774	0.01774	0.01087	0.74423	0.02689	0.03605	0.01373	0.01373	0.00973	0.00687	0.00572	0.00172	0.00629	0.00515	0.00572	0.00973
39	0.01080	0.01017	0.01716	0.78523	0.03940	0.01271	0.01589	0.01461	0.01144	0.01461	0.01017	0.01525	0.00762	0.00572	0.00572	0.00191	0.00762	0.00508	0.00254	0.00635
40	0.00832	0.00555	0.00624	0.00624	0.00624	0.00555	0.00347	0.00832	0.00832	0.01109	0.01802	0.03743	0.02080	0.79898	0.02911	0.00555	0.00555	0.00832	0.00347	0.00347

[dist]
# distance from previous block
# <min> <max>
0	2

[block]
# block no. 3 follows, 41 sequences, length 10
# corresponding to MSA columns:
# 198-207
name=unknown_D
#
# <colnr> <probs for GDERKNQSTAVLIFYWHMCP>
#	G	D	E	R	K	N	Q	S	T	A	V	L	I	F	Y	W	H	M	C	P
0	0.01080	0.01017	0.01716	0.78523	0.03940	0.01271	0.01589	0.01461	0.01144	0.01461	0.01017	0.01525	0.00762	0.00572	0.00572	0.00191	0.00762	0.00508	0.00254	0.00635
1	0.00773	0.00576	0.00719	0.00698	0.00836	0.00522	0.00518	0.01003	0.01511	0.02071	0.55615	0.10993	0.19497	0.01279	0.00680	0.00187	0.00279	0.01120	0.00601	0.00522
2	0.01416	0.01359	0.02322	0.03511	0.76330	0.01359	0.01755	0.01755	0.01302	0.01869	0.01076	0.01416	0.00906	0.00510	0.00566	0.00170	0.00680	0.00510	0.00283	0.00906
3	0.00705	0.00504	0.00671	0.00791	0.00831	0.00470	0.00532	0.00816	0.01131	0.01517	0.08146	0.74368	0.03894	0.01749	0.00726	0.00229	0.00328	0.01586	0.00538	0.00470
4	0.01454	0.01336	0.01296	0.01187	0.01491	0.09322	0.00928	0.02801	0.61230	0.02230	0.02237	0.02390	0.01773	0.00826	0.00593	0.00195	0.00520	0.06796	0.00547	0.00847
5	0.00708	0.00502	0.00660	0.00782	0.00813	0.00472	0.00516	0.00799	0.01074	0.01432	0.03043	0.73385	0.03645	0.08120	0.00907	0.00258	0.00350	0.01562	0.00516	0.00455
6	0.05142	0.02620	0.65266	0.01492	0.02239	0.01244	0.01876	0.01729	0.01239	0.01899	0.08857	0.01515	0.01208	0.00608	0.00548	0.00181	0.00766	0.00481	0.00288	0.00802
7	0.83938	0.01106	0.00841	0.00752	0.01106	0.01283	0.00619	0.01681	0.00973	0.02566	0.00796	0.00929	0.00619	0.00531	0.00354	0.00177	0.00442	0.00310	0.00354	0.00619
8	0.00812	0.00604	0.00791	0.00819	0.00941	0.00559	0.00595	0.00976	0.01171	0.01624	0.13080	0.41713	0.03285	0.04872	0.08815	0.00293	0.00485	0.06980	0.00489	0.11098
9	0.01147	0.02959	0.76934	0.01630	0.02476	0.01328	0.02113	0.01811	0.01208	0.01811	0.01026	0.01208	0.00725	0.00543	0.00543	0.00181	0.00845	0.00423	0.00242	0.00845

[dist]
# distance from previous block
# <min> <max>
14	26

[block]
# block no. 4 follows, 41 sequences, length 107
# corresponding to MSA columns:
# 234-340
name=unknown_E
#
# <colnr> <probs for GDERKNQSTAVLIFYWHMCP>
#	G	D	E	R	K	N	Q	S	T	A	V	L	I	F	Y	W	H	M	C	P
0	0.02082	0.01442	0.01574	0.01270	0.01685	0.01541	0.01019	0.43080	0.18524	0.13960	0.02055	0.01999	0.05296	0.00823	0.00628	0.00199	0.00588	0.00625	0.00626	0.00985
1	0.02054	0.02310	0.01615	0.01437	0.01768	0.51606	0.01086	0.08683	0.15325	0.01908	0.01316	0.01433	0.01059	0.00699	0.00577	0.00176	0.00887	0.00469	0.00413	0.05178
2	0.01824	0.01435	0.01525	0.01282	0.01660	0.01589	0.01012	0.33309	0.40008	0.02994	0.05201	0.02045	0.01668	0.00827	0.00630	0.00204	0.00559	0.00641	0.00614	0.00972
3	0.00832	0.00594	0.00754	0.00863	0.00911	0.00546	0.00574	0.00903	0.01182	0.01595	0.06982	0.70515	0.03837	0.05728	0.00882	0.00266	0.00381	0.01571	0.00562	0.00525
4	0.01301	0.10972	0.68010	0.01627	0.02432	0.01482	0.02020	0.01873	0.01273	0.01865	0.01117	0.01336	0.00836	0.00614	0.00574	0.00196	0.00854	0.00448	0.00282	0.00889
5	0.00857	0.00703	0.00722	0.00716	0.00911	0.00616	0.00529	0.01043	0.05270	0.01681	0.05314	0.05353	0.64008	0.05592	0.00839	0.00236	0.00364	0.04126	0.00559	0.00562
6	0.02279	0.01656	0.01775	0.01379	0.01840	0.01801	0.01124	0.71504	0.02708	0.05379	0.01502	0.01542	0.01089	0.00761	0.00620	0.00193	0.00662	0.00552	0.00610	0.01026
7	0.00860	0.00615	0.00797	0.00922	0.00984	0.00572	0.00654	0.00956	0.01207	0.01614	0.03206	0.65098	0.03749	0.01807	0.00786	0.00258	0.00409	0.14404	0.00565	0.00538
8	0.00804	0.00667	0.00676	0.00669	0.00867	0.00558	0.00493	0.00921	0.01386	0.01684	0.08860	0.05531	0.71780	0.01496	0.00722	0.00213	0.00331	0.01223	0.00571	0.00547
9	0.02239	0.01655	0.01767	0.01380	0.01835	0.01808	0.01122	0.70283	0.05673	0.03625	0.01520	0.01559	0.01110	0.00764	0.00621	0.00193	0.00659	0.00556	0.00607	0.01023
10	0.01897	0.52643	0.02548	0.01154	0.01608	0.13815	0.01030	0.05733	0.01444	0.11238	0.01144	0.01254	0.00944	0.00620	0.00479	0.00158	0.00698	0.00401	0.00369	0.00823
11	0.02103	0.09797	0.01795	0.01472	0.01787	0.61854	0.01123	0.02333	0.07296	0.01580	0.01101	0.01272	0.00925	0.00679	0.00585	0.00172	0.02606	0.00425	0.00351	0.00746
12	0.16188	0.05799	0.58935	0.01510	0.02249	0.01415	0.01822	0.01855	0.01234	0.02030	0.01090	0.01304	0.00816	0.00615	0.00551	0.00199	0.00796	0.00435	0.00302	0.00855
13	0.00946	0.00664	0.00822	0.00818	0.00867	0.00686	0.00541	0.00992	0.00942	0.01306	0.01801	0.03292	0.01921	0.50090	0.31024	0.00706	0.00960	0.00780	0.00370	0.00472
14	0.01504	0.01422	0.02392	0.07469	0.68038	0.01414	0.04913	0.01816	0.01365	0.01946	0.01189	0.01581	0.01004	0.00589	0.00619	0.00193	0.00732	0.00553	0.00321	0.00940
15	0.01647	0.01070	0.01119	0.00946	0.01225	0.01126	0.00743	0.32114	0.01896	0.02847	0.01758	0.01955	0.01356	0.00749	0.00523	0.00171	0.00462	0.00561	0.46954	0.00779
16	0.01204	0.01105	0.01800	0.75177	0.05916	0.01331	0.01626	0.01547	0.01219	0.01581	0.01132	0.01674	0.00876	0.00646	0.00620	0.00211	0.00794	0.00544	0.00295	0.00702
17	0.01364	0.01326	0.01819	0.01568	0.01580	0.01801	0.01291	0.01456	0.00952	0.01486	0.00870	0.01409	0.00861	0.01069	0.01901	0.00270	0.77465	0.00537	0.00291	0.00685
18	0.02270	0.01671	0.01784	0.01386	0.01847	0.01823	0.01129	0.73174	0.02733	0.03674	0.01481	0.01528	0.01079	0.00760	0.00620	0.00193	0.00666	0.00551	0.00607	0.01025
19	0.01460	0.01612	0.03413	0.02461	0.03040	0.01501	0.72965	0.01903	0.01418	0.01934	0.01269	0.01695	0.00976	0.00559	0.00721	0.00213	0.00994	0.00708	0.00329	0.00828
20	0.01299	0.01096	0.01263	0.00926	0.01436	0.00830	0.00727	0.01518	0.01257	0.01965	0.01131	0.01344	0.00955	0.00502	0.00474	0.00107	0.00464	0.00378	0.00378	0.81949
21	0.01328	0.16426	0.62792	0.01581	0.02361	0.01548	0.01940	0.01866	0.01270	0.01832	0.01100	0.01315	0.00837	0.00610	0.00561	0.00192	0.00837	0.00440	0.00282	0.00881
22	0.01182	0.00621	0.00622	0.00617	0.00760	0.00604	0.00454	0.01413	0.01270	0.02229	0.01965	0.02274	0.01563	0.00740	0.00451	0.00155	0.00309	0.00569	0.81608	0.00594
23	0.82547	0.01184	0.00924	0.00832	0.01191	0.01341	0.00670	0.01755	0.01048	0.02655	0.00915	0.01092	0.00732	0.00607	0.00406	0.00198	0.00482	0.00349	0.00392	0.00679
24	0.00937	0.00699	0.01001	0.00996	0.01108	0.00783	0.00764	0.01107	0.00995	0.01439	0.01637	0.02386	0.01528	0.04298	0.76279	0.00927	0.01552	0.00647	0.00346	0.00572
25	0.48347	0.01130	0.01121	0.00935	0.01335	0.01151	0.00755	0.02150	0.01303	0.29929	0.01464	0.01480	0.01037	0.00667	0.00491	0.00193	0.00497	0.00449	0.00522	0.05044
26	0.00819	0.00586	0.00750	0.00876	0.00920	0.00537	0.00583	0.00886	0.01167	0.01568	0.03228	0.78259	0.03838	0.01846	0.00775	0.00252	0.00374	0.01642	0.00566	0.00527
27	0.01430	0.05863	0.15772	0.02207	0.02797	0.01539	0.53123	0.01869	0.01359	0.01881	0.01207	0.01590	0.00938	0.00598	0.00747	0.00211	0.05084	0.00637	0.00316	0.00831
28	0.01351	0.01126	0.01291	0.00950	0.01458	0.00883	0.00749	0.05345	0.01336	0.02056	0.01150	0.01354	0.00962	0.00516	0.00482	0.00112	0.00474	0.00387	0.00390	0.77627
29	0.01779	0.61532	0.02759	0.01129	0.01614	0.02195	0.01047	0.17826	0.01570	0.01955	0.01041	0.01181	0.00897	0.00610	0.00464	0.00155	0.00652	0.00392	0.00357	0.00844
30	0.01233	0.01170	0.02017	0.66486	0.03840	0.01353	0.11840	0.01591	0.01244	0.01622	0.01151	0.01680	0.00887	0.00635	0.00634	0.00211	0.00825	0.00568	0.00299	0.00713
31	0.01110	0.00585	0.00830	0.00826	0.00837	0.00569	0.00550	0.00836	0.00824	0.01110	0.01108	0.01887	0.01099	0.02037	0.02253	0.81867	0.00535	0.00533	0.00289	0.00314
32	0.01467	0.01235	0.01316	0.01212	0.01515	0.01387	0.00932	0.02873	0.66208	0.02399	0.02499	0.06562	0.02027	0.00944	0.00649	0.00220	0.00490	0.04539	0.00611	0.00916
33	0.01261	0.03002	0.75635	0.01695	0.02536	0.01385	0.02137	0.01883	0.01278	0.01913	0.01141	0.01366	0.00835	0.00620	0.00592	0.00202	0.00878	0.00460	0.00282	0.00900
34	0.00938	0.00696	0.00987	0.00982	0.01088	0.00775	0.00745	0.01098	0.00990	0.01428	0.01650	0.02461	0.01560	0.08088	0.72533	0.00908	0.01503	0.00658	0.00348	0.00564
35	0.02161	0.01616	0.01723	0.01364	0.01805	0.01772	0.01103	0.62829	0.13255	0.03499	0.01619	0.01638	0.01191	0.00773	0.00622	0.00196	0.00640	0.00570	0.00608	0.01016
36	0.00799	0.00666	0.00668	0.00663	0.00864	0.00555	0.00489	0.00910	0.01372	0.01652	0.05822	0.05584	0.74838	0.01508	0.00722	0.00214	0.00332	0.01231	0.00566	0.00545
37	0.01442	0.01539	0.03002	0.02318	0.06466	0.01564	0.53227	0.01799	0.01311	0.01836	0.01175	0.01624	0.00952	0.00675	0.00980	0.00225	0.18081	0.00661	0.00320	0.00803
38	0.01570	0.01323	0.01390	0.01245	0.01580	0.01496	0.00960	0.06745	0.70301	0.02546	0.02370	0.02236	0.01798	0.00843	0.00629	0.00213	0.00501	0.00674	0.00616	0.00963
39	0.01040	0.00744	0.01004	0.01128	0.01269	0.00727	0.00967	0.01268	0.01385	0.01816	0.03106	0.06515	0.03356	0.01637	0.00834	0.00283	0.00565	0.71208	0.00562	0.00588
40	0.01346	0.20052	0.59323	0.01551	0.02314	0.01591	0.01886	0.01861	0.01268	0.01811	0.01089	0.01302	0.00837	0.00608	0.00553	0.00189	0.00826	0.00435	0.00283	0.00876
41	0.01370	0.01094	0.01271	0.00934	0.01442	0.00834	0.00736	0.01587	0.01280	0.05800	0.01194	0.01383	0.00985	0.00517	0.00482	0.00112	0.00467	0.00390	0.00396	0.77727
42	0.01600	0.74802	0.02935	0.01052	0.01524	0.02224	0.01009	0.01750	0.01221	0.01455	0.00951	0.01149	0.00880	0.00761	0.04377	0.00185	0.00695	0.00361	0.00288	0.00780
43	0.02233	0.02774	0.01690	0.01541	0.01842	0.76272	0.01147	0.02347	0.01684	0.01509	0.01001	0.01193	0.00847	0.00665	0.00565	0.00169	0.01060	0.00407	0.00334	0.00721
44	0.00819	0.00586	0.00750	0.00876	0.00920	0.00537	0.00583	0.00886	0.01167	0.01568	0.03228	0.78259	0.03838	0.01846	0.00775	0.00252	0.00374	0.01642	0.00566	0.00527
45	0.01247	0.02904	0.72487	0.01657	0.02469	0.01353	0.02072	0.01853	0.01295	0.01933	0.04240	0.01492	0.01028	0.00646	0.00597	0.00202	0.00854	0.00486	0.00298	0.00888
46	0.00819	0.00586	0.00750	0.00876	0.00920	0.00537	0.00583	0.00886	0.01167	0.01568	0.03228	0.78259	0.03838	0.01846	0.00775	0.00252	0.00374	0.01642	0.00566	0.00527
47	0.00965	0.00802	0.00833	0.00812	0.01027	0.00761	0.00601	0.01397	0.17676	0.01831	0.04810	0.11753	0.51682	0.01392	0.00706	0.00218	0.00372	0.01146	0.00577	0.00636
48	0.00952	0.00642	0.00711	0.00706	0.00718	0.00625	0.00402	0.00921	0.00909	0.01224	0.01902	0.03855	0.02165	0.78532	0.02917	0.00568	0.00592	0.00862	0.00385	0.00411
49	0.01532	0.57736	0.23272	0.01233	0.01822	0.02047	0.01333	0.01813	0.01246	0.01584	0.00977	0.01160	0.00842	0.00581	0.00467	0.00160	0.00712	0.00378	0.00284	0.00822
50	0.00952	0.00642	0.00711	0.00706	0.00718	0.00625	0.00402	0.00921	0.00909	0.01224	0.01902	0.03855	0.02165	0.78532	0.02917	0.00568	0.00592	0.00862	0.00385	0.00411
51	0.00952	0.00642	0.00711	0.00706	0.00718	0.00625	0.00402	0.00921	0.00909	0.01224	0.01902	0.03855	0.02165	0.78532	0.02917	0.00568	0.00592	0.00862	0.00385	0.00411
52	0.01261	0.03002	0.75635	0.01695	0.02536	0.01385	0.02137	0.01883	0.01278	0.01913	0.01141	0.01366	0.00835	0.00620	0.00592	0.00202	0.00878	0.00460	0.00282	0.00900
53	0.01133	0.02856	0.73639	0.01591	0.02405	0.01294	0.02045	0.01780	0.01225	0.01832	0.04271	0.01340	0.00927	0.00571	0.00549	0.00181	0.00820	0.00449	0.00258	0.00832
54	0.01588	0.72780	0.02865	0.01026	0.01497	0.09515	0.00991	0.01768	0.01206	0.01351	0.00804	0.00929	0.00734	0.00499	0.00381	0.00125	0.00652	0.00312	0.00249	0.00727
55	0.00732	0.00523	0.00704	0.00836	0.00885	0.00495	0.00592	0.00857	0.01130	0.01499	0.03133	0.68170	0.03707	0.01759	0.00739	0.00237	0.00362	0.12636	0.00530	0.00474
56	0.13575	0.01533	0.01594	0.01237	0.01681	0.01705	0.01022	0.64280	0.02450	0.03460	0.01293	0.01311	0.00923	0.00665	0.00542	0.00172	0.00603	0.00486	0.00542	0.00923
57	0.01147	0.02959	0.76934	0.01630	0.02476	0.01328	0.02113	0.01811	0.01208	0.01811	0.01026	0.01208	0.00725	0.00543	0.00543	0.00181	0.00845	0.00423	0.00242	0.00845
58	0.01389	0.01214	0.01642	0.01473	0.05409	0.01538	0.01154	0.01747	0.11223	0.07862	0.01130	0.01435	0.00958	0.00878	0.01416	0.00220	0.51753	0.00516	0.00342	0.06699
59	0.00792	0.00584	0.00740	0.00701	0.00844	0.00532	0.00526	0.01045	0.01578	0.02195	0.66789	0.04435	0.14698	0.01206	0.00675	0.00182	0.00272	0.01057	0.00617	0.00532
60	0.00805	0.00585	0.00758	0.00715	0.00852	0.00538	0.00536	0.01071	0.01609	0.02269	0.73691	0.04314	0.07750	0.01179	0.00675	0.00180	0.00271	0.01040	0.00626	0.00538
61	0.01350	0.01543	0.03375	0.02411	0.02989	0.01446	0.74253	0.01832	0.01350	0.01832	0.01157	0.01543	0.00868	0.00482	0.00675	0.00193	0.00964	0.00675	0.00289	0.00771
62	0.79617	0.05256	0.00954	0.00764	0.01125	0.01335	0.00638	0.01683	0.00983	0.02502	0.00796	0.00929	0.00625	0.00529	0.00355	0.00174	0.00451	0.00310	0.00348	0.00625
63	0.01529	0.80242	0.02997	0.00979	0.01468	0.02263	0.00979	0.01713	0.01162	0.01346	0.00795	0.00918	0.00734	0.00489	0.00367	0.00122	0.00612	0.00306	0.00245	0.00734
64	0.06181	0.01136	0.07690	0.01019	0.01448	0.00931	0.00894	0.02383	0.10472	0.44597	0.05524	0.02191	0.07244	0.00756	0.00566	0.00176	0.00483	0.00614	0.00599	0.05096
65	0.00856	0.00718	0.01030	0.01013	0.01070	0.00796	0.04443	0.00976	0.01053	0.01444	0.02546	0.51913	0.05293	0.06094	0.01098	0.00252	0.17172	0.01276	0.00448	0.00508
66	0.01186	0.01017	0.01186	0.00847	0.01356	0.00762	0.00678	0.01440	0.01186	0.01864	0.01017	0.01186	0.00847	0.00424	0.00424	0.00085	0.00424	0.00339	0.00339	0.83395
67	0.83938	0.01106	0.00841	0.00752	0.01106	0.01283	0.00619	0.01681	0.00973	0.02566	0.00796	0.00929	0.00619	0.00531	0.00354	0.00177	0.00442	0.00310	0.00354	0.00619
68	0.01184	0.01156	0.01621	0.01413	0.01424	0.01593	0.01166	0.01315	0.00891	0.01377	0.00947	0.05487	0.00971	0.01331	0.08454	0.00308	0.67914	0.00570	0.00270	0.00607
69	0.00810	0.00585	0.00765	0.00720	0.00855	0.00540	0.00540	0.01079	0.01619	0.02294	0.76028	0.04273	0.05397	0.01169	0.00675	0.00180	0.00270	0.01034	0.00630	0.00540
70	0.83938	0.01106	0.00841	0.00752	0.01106	0.01283	0.00619	0.01681	0.00973	0.02566	0.00796	0.00929	0.00619	0.00531	0.00354	0.00177	0.00442	0.00310	0.00354	0.00619
71	0.01514	0.01201	0.01287	0.01136	0.01469	0.01357	0.00890	0.06668	0.62839	0.07919	0.02423	0.02226	0.04898	0.00795	0.00585	0.00192	0.00457	0.00659	0.00589	0.00896
72	0.02566	0.00973	0.01327	0.01018	0.01460	0.00841	0.00841	0.02788	0.01637	0.76726	0.02257	0.01947	0.01416	0.00708	0.00575	0.00177	0.00487	0.00575	0.00708	0.00973
73	0.01066	0.00533	0.00533	0.00533	0.00666	0.00533	0.00400	0.01333	0.01200	0.02132	0.01866	0.02132	0.01466	0.00666	0.00400	0.00133	0.00267	0.00533	0.83073	0.00533
74	0.00697	0.00498	0.00664	0.00796	0.00830	0.00465	0.00531	0.00796	0.01095	0.01460	0.03153	0.79525	0.03783	0.01792	0.00730	0.00232	0.00332	0.01626	0.00531	0.00465
75	0.00697	0.00498	0.00664	0.00796	0.00830	0.00465	0.00531	0.00796	0.01095	0.01460	0.03153	0.79525	0.03783	0.01792	0.00730	0.00232	0.00332	0.01626	0.00531	0.00465
76	0.02174	0.01602	0.01717	0.01316	0.01774	0.01774	0.01087	0.74423	0.02689	0.03605	0.01373	0.01373	0.00973	0.00687	0.00572	0.00172	0.00629	0.00515	0.00572	0.00973
77	0.02174	0.01602	0.01717	0.01316	0.01774	0.01774	0.01087	0.74423	0.02689	0.03605	0.01373	0.01373	0.00973	0.00687	0.00572	0.00172	0.00629	0.00515	0.00572	0.00973
78	0.01661	0.01306	0.01397	0.01193	0.01555	0.01478	0.00946	0.20186	0.54152	0.06410	0.02095	0.01942	0.01544	0.00751	0.00579	0.00188	0.00497	0.00611	0.00586	0.00925
79	0.00725	0.00571	0.00614	0.00632	0.00765	0.00506	0.00448	0.00839	0.01182	0.01450	0.04547	0.11550	0.49880	0.18792	0.01180	0.00280	0.00364	0.04733	0.00490	0.00453
80	0.02158	0.03076	0.01295	0.01012	0.01390	0.00905	0.00828	0.06132	0.05311	0.54392	0.05334	0.08200	0.01837	0.00853	0.00597	0.00185	0.00477	0.04479	0.00656	0.00883
81	0.01147	0.02959	0.76934	0.01630	0.02476	0.01328	0.02113	0.01811	0.01208	0.01811	0.01026	0.01208	0.00725	0.00543	0.00543	0.00181	0.00845	0.00423	0.00242	0.00845
82	0.02142	0.01809	0.01684	0.01342	0.01763	0.16532	0.01085	0.57995	0.04898	0.03135	0.01310	0.01332	0.00953	0.00671	0.00562	0.00168	0.00702	0.00491	0.00518	0.00910
83	0.81843	0.01153	0.02767	0.00774	0.01141	0.01284	0.00657	0.01685	0.00979	0.02547	0.00802	0.00936	0.00622	0.00531	0.00359	0.00177	0.00453	0.00313	0.00351	0.00625
84	0.01449	0.01441	0.02227	0.08388	0.65739	0.07216	0.01694	0.01776	0.01316	0.01805	0.01057	0.01393	0.00883	0.00520	0.00563	0.00170	0.00712	0.00499	0.00282	0.00869
85	0.02032	0.18951	0.01999	0.01242	0.01706	0.01882	0.01063	0.58382	0.02352	0.03106	0.01246	0.01273	0.00920	0.00643	0.00527	0.00161	0.00626	0.00469	0.00500	0.00920
86	0.03780	0.01073	0.01270	0.01026	0.01402	0.04772	0.00829	0.09920	0.04630	0.48666	0.02186	0.05185	0.04152	0.00953	0.04520	0.00215	0.00559	0.00623	0.03368	0.00871
87	0.83938	0.01106	0.00841	0.00752	0.01106	0.01283	0.00619	0.01681	0.00973	0.02566	0.00796	0.00929	0.00619	0.00531	0.00354	0.00177	0.00442	0.00310	0.00354	0.00619
88	0.00728	0.00580	0.00643	0.00628	0.00792	0.00505	0.00465	0.00907	0.01383	0.01769	0.28759	0.05005	0.48845	0.05514	0.00794	0.00208	0.00297	0.01130	0.00554	0.00494
89	0.00908	0.00561	0.00749	0.00806	0.00898	0.00516	0.00564	0.01049	0.01240	0.09310	0.15538	0.58697	0.03817	0.01574	0.00705	0.00218	0.00337	0.01417	0.00566	0.00530
90	0.01423	0.01229	0.01293	0.01164	0.01487	0.01423	0.00905	0.03039	0.75297	0.02393	0.02328	0.02134	0.01746	0.00776	0.00582	0.00194	0.00453	0.00647	0.00582	0.00905
91	0.00697	0.00498	0.00664	0.00796	0.00830	0.00465	0.00531	0.00796	0.01095	0.01460	0.03153	0.79525	0.03783	0.01792	0.00730	0.00232	0.00332	0.01626	0.00531	0.00465
92	0.01258	0.01014	0.01193	0.00856	0.01361	0.00767	0.00686	0.01511	0.01210	0.05789	0.01082	0.01226	0.00877	0.00439	0.00432	0.00090	0.00427	0.00351	0.00358	0.79073
93	0.00676	0.00579	0.00579	0.00579	0.00773	0.00483	0.00435	0.00821	0.01304	0.01545	0.05794	0.05505	0.76098	0.01449	0.00676	0.00193	0.00290	0.01207	0.00531	0.00483
94	0.00922	0.00658	0.00922	0.01053	0.01185	0.00658	0.00922	0.01185	0.01317	0.01712	0.03029	0.06452	0.03292	0.01580	0.00790	0.00263	0.00527	0.72480	0.00527	0.00527
95	0.21121	0.01487	0.01514	0.01185	0.01619	0.01660	0.00979	0.57567	0.02292	0.03364	0.01240	0.01270	0.00891	0.00651	0.00522	0.00173	0.00586	0.00467	0.00522	0.00891
96	0.01080	0.01017	0.01716	0.78523	0.03940	0.01271	0.01589	0.01461	0.01144	0.01461	0.01017	0.01525	0.00762	0.00572	0.00572	0.00191	0.00762	0.00508	0.00254	0.00635
97	0.02061	0.02560	0.01635	0.01558	0.05486	0.69300	0.01131	0.04047	0.01622	0.01490	0.00978	0.01240	0.00836	0.00621	0.00529	0.00153	0.00987	0.02779	0.00309	0.00679
98	0.02142	0.01540	0.01669	0.01277	0.01736	0.01674	0.01053	0.67005	0.02558	0.07179	0.01399	0.01392	0.00988	0.00674	0.00565	0.00167	0.00611	0.00509	0.00567	0.05295
99	0.01080	0.01017	0.01716	0.78523	0.03940	0.01271	0.01589	0.01461	0.01144	0.01461	0.01017	0.01525	0.00762	0.00572	0.00572	0.00191	0.00762	0.00508	0.00254	0.00635
100	0.01359	0.01370	0.02552	0.03043	0.50508	0.01339	0.23399	0.01729	0.01306	0.01837	0.01206	0.05450	0.01042	0.00567	0.00607	0.00180	0.00747	0.00616	0.00298	0.00843
101	0.01423	0.01229	0.01293	0.01164	0.01487	0.01423	0.00905	0.03039	0.75297	0.02393	0.02328	0.02134	0.01746	0.00776	0.00582	0.00194	0.00453	0.00647	0.00582	0.00905
102	0.00679	0.00568	0.00591	0.00609	0.00780	0.00480	0.00448	0.00818	0.01276	0.01534	0.05439	0.15476	0.66357	0.01495	0.00683	0.00198	0.00295	0.01264	0.00531	0.00480
103	0.83938	0.01106	0.00841	0.00752	0.01106	0.01283	0.00619	0.01681	0.00973	0.02566	0.00796	0.00929	0.00619	0.00531	0.00354	0.00177	0.00442	0.00310	0.00354	0.00619
104	0.01416	0.01359	0.02322	0.03511	0.76330	0.01359	0.01755	0.01755	0.01302	0.01869	0.01076	0.01416	0.00906	0.00510	0.00566	0.00170	0.00680	0.00510	0.00283	0.00906
105	0.00810	0.00585	0.00765	0.00720	0.00855	0.00540	0.00540	0.01079	0.01619	0.02294	0.76028	0.04273	0.05397	0.01169	0.00675	0.00180	0.00270	0.01034	0.00630	0.00540
106	0.01080	0.01017	0.01716	0.78523	0.03940	0.01271	0.01589	0.01461	0.01144	0.01461	0.01017	0.01525	0.00762	0.00572	0.00572	0.00191	0.00762	0.00508	0.00254	0.00635

[dist]
# distance from previous block
# <min> <max>
0	2

[block]
# block no. 5 follows, 41 sequences, length 38
# corresponding to MSA columns:
# 343-380
name=unknown_F
#
# <colnr> <probs for GDERKNQSTAVLIFYWHMCP>
#	G	D	E	R	K	N	Q	S	T	A	V	L	I	F	Y	W	H	M	C	P
0	0.00810	0.00585	0.00765	0.00720	0.00855	0.00540	0.00540	0.01079	0.01619	0.02294	0.76028	0.04273	0.05397	0.01169	0.00675	0.00180	0.00270	0.01034	0.00630	0.00540
1	0.01529	0.80242	0.02997	0.00979	0.01468	0.02263	0.00979	0.01713	0.01162	0.01346	0.00795	0.00918	0.00734	0.00489	0.00367	0.00122	0.00612	0.00306	0.00245	0.00734
2	0.00819	0.00606	0.00884	0.00884	0.00974	0.00696	0.00671	0.00999	0.00909	0.01302	0.01564	0.02424	0.01507	0.13220	0.68806	0.00876	0.01417	0.00639	0.00311	0.00491
3	0.00683	0.00551	0.00609	0.00655	0.00792	0.00477	0.00468	0.00812	0.01231	0.01516	0.04879	0.31148	0.51046	0.01568	0.00695	0.00207	0.00304	0.01352	0.00531	0.00477
4	0.00732	0.00582	0.00656	0.00638	0.00807	0.00507	0.00478	0.00928	0.01435	0.01857	0.35018	0.04992	0.46680	0.01332	0.00675	0.00188	0.00281	0.01135	0.00572	0.00507
5	0.00714	0.00613	0.00616	0.00609	0.00809	0.00531	0.00459	0.00934	0.05077	0.01588	0.05618	0.05333	0.72307	0.01414	0.00671	0.00193	0.00298	0.01179	0.00534	0.00504
6	0.01315	0.01256	0.02139	0.26079	0.54551	0.01332	0.01705	0.01667	0.01255	0.01746	0.01058	0.01449	0.00863	0.00528	0.00568	0.00176	0.00704	0.00509	0.00274	0.00825
7	0.01186	0.01017	0.01186	0.00847	0.01356	0.00762	0.00678	0.01440	0.01186	0.01864	0.01017	0.01186	0.00847	0.00424	0.00424	0.00085	0.00424	0.00339	0.00339	0.83395
8	0.00688	0.00534	0.00626	0.00699	0.00804	0.00473	0.00488	0.00807	0.01189	0.01498	0.04337	0.46344	0.36200	0.01638	0.00706	0.00215	0.00313	0.01438	0.00531	0.00473
9	0.01202	0.01137	0.01796	0.04475	0.01893	0.00960	0.21428	0.01517	0.01226	0.01817	0.01171	0.05524	0.01008	0.00520	0.00517	0.00127	0.00585	0.00510	0.00332	0.52256
10	0.73413	0.01230	0.05293	0.00996	0.06466	0.01291	0.00785	0.01694	0.01010	0.02474	0.00829	0.00979	0.00646	0.00530	0.00380	0.00177	0.00482	0.00330	0.00343	0.00652
11	0.00811	0.00617	0.00902	0.00919	0.01002	0.00708	0.00700	0.00989	0.00955	0.01359	0.01846	0.18867	0.01906	0.03601	0.57595	0.00741	0.04796	0.00826	0.00352	0.00506
12	0.01877	0.01808	0.02014	0.01585	0.01987	0.19811	0.16348	0.31997	0.06857	0.02466	0.01230	0.01369	0.00930	0.00649	0.00675	0.00177	0.06446	0.00521	0.00424	0.00827
13	0.01066	0.00533	0.00533	0.00533	0.00666	0.00533	0.00400	0.01333	0.01200	0.02132	0.01866	0.02132	0.01466	0.00666	0.00400	0.00133	0.00267	0.00533	0.83073	0.00533
14	0.03310	0.63209	0.06168	0.01072	0.01553	0.10157	0.01042	0.05116	0.01279	0.01502	0.00842	0.00964	0.00742	0.00512	0.00400	0.00131	0.00664	0.00328	0.00267	0.00740
15	0.00911	0.00651	0.00910	0.01042	0.01169	0.00650	0.00904	0.01167	0.01307	0.01700	0.03034	0.09782	0.03314	0.01590	0.00787	0.00262	0.00518	0.69252	0.00527	0.00524
16	0.01644	0.01502	0.02179	0.02794	0.50037	0.05539	0.04880	0.20252	0.01674	0.02283	0.01145	0.01390	0.00912	0.00558	0.00570	0.00170	0.00699	0.00511	0.00357	0.00904
17	0.02050	0.01354	0.01530	0.05124	0.01719	0.01454	0.00999	0.50515	0.02268	0.16156	0.01739	0.01750	0.04505	0.02467	0.00623	0.00182	0.00581	0.00564	0.03518	0.00904
18	0.02174	0.01602	0.01717	0.01316	0.01774	0.01774	0.01087	0.74423	0.02689	0.03605	0.01373	0.01373	0.00973	0.00687	0.00572	0.00172	0.00629	0.00515	0.00572	0.00973
19	0.00828	0.00569	0.00699	0.00699	0.00726	0.00596	0.00441	0.00880	0.00854	0.01165	0.01733	0.03360	0.01913	0.60553	0.22029	0.00648	0.00805	0.00776	0.00336	0.00389
20	0.01887	0.01416	0.01526	0.01229	0.01629	0.01573	0.00996	0.46868	0.24375	0.05409	0.05711	0.01775	0.01457	0.00740	0.00581	0.00179	0.00553	0.00584	0.00582	0.00929
21	0.01398	0.01341	0.02289	0.07515	0.72465	0.01354	0.01747	0.01740	0.01294	0.01847	0.01073	0.01422	0.00898	0.00513	0.00567	0.00171	0.00684	0.00510	0.00282	0.00892
22	0.00848	0.00658	0.00978	0.00960	0.01055	0.00788	0.00753	0.01046	0.00916	0.01331	0.01477	0.02177	0.01382	0.04059	0.72312	0.00872	0.06961	0.00605	0.00302	0.00519
23	0.00994	0.00497	0.00745	0.00745	0.00745	0.00497	0.00497	0.00745	0.00745	0.00994	0.00994	0.01739	0.00994	0.01987	0.02235	0.83358	0.00497	0.00497	0.00248	0.00248
24	0.01394	0.01339	0.02135	0.20495	0.54294	0.04077	0.01669	0.04468	0.01330	0.01825	0.01067	0.01425	0.00870	0.00533	0.00566	0.00174	0.00709	0.00504	0.00288	0.00838
25	0.01246	0.01106	0.01484	0.01545	0.20992	0.00919	0.00960	0.01523	0.01217	0.01865	0.01032	0.01246	0.00863	0.00446	0.00461	0.00107	0.00491	0.00384	0.00324	0.61790
26	0.01080	0.01017	0.01716	0.78523	0.03940	0.01271	0.01589	0.01461	0.01144	0.01461	0.01017	0.01525	0.00762	0.00572	0.00572	0.00191	0.00762	0.00508	0.00254	0.00635
27	0.04705	0.01064	0.01142	0.01034	0.04107	0.01108	0.00779	0.20310	0.18389	0.02337	0.03233	0.03106	0.29980	0.00972	0.00597	0.00180	0.00442	0.00793	0.00526	0.05196
28	0.04540	0.01074	0.01218	0.00949	0.01394	0.00974	0.00756	0.02034	0.21810	0.09851	0.01502	0.01519	0.01148	0.00555	0.00481	0.00128	0.00439	0.00448	0.00446	0.48735
29	0.00705	0.00504	0.00671	0.00791	0.00831	0.00470	0.00532	0.00816	0.01132	0.01519	0.08270	0.74241	0.03896	0.01748	0.00726	0.00229	0.00327	0.01585	0.00538	0.00470
