[name]
unknown

[dist]
# distance from previous block
# <min> <max>
0	49

[block]
# block no. 0 follows, 40 sequences, length 8
# corresponding to MSA columns:
# 51-58
name=unknown_A
#
# <colnr> <probs for GDERKNQSTAVLIFYWHMCP>
#	G	D	E	R	K	N	Q	S	T	A	V	L	I	F	Y	W	H	M	C	P
0	0.01261	0.21699	0.58686	0.01496	0.02268	0.01582	0.01868	0.01817	0.01217	0.01727	0.00986	0.01156	0.00739	0.00539	0.00509	0.00170	0.00802	0.00401	0.00246	0.00832
1	0.73821	0.01090	0.00908	0.05788	0.01298	0.01263	0.00689	0.01662	0.01036	0.02521	0.04878	0.01168	0.00902	0.00578	0.00392	0.00181	0.00461	0.00368	0.00368	0.00626
2	0.00833	0.00615	0.00894	0.00894	0.00984	0.00705	0.00677	0.01013	0.00923	0.01320	0.01594	0.02489	0.01542	0.14448	0.67293	0.00885	0.01424	0.00653	0.00317	0.00497
3	0.01040	0.00941	0.01541	0.61855	0.03345	0.01135	0.01390	0.01404	0.01265	0.01664	0.16746	0.02139	0.01768	0.00709	0.00603	0.00192	0.00670	0.00629	0.00339	0.00626
4	0.01472	0.63607	0.18632	0.01135	0.01710	0.02099	0.01240	0.01763	0.01191	0.01469	0.00858	0.00995	0.00744	0.00509	0.00411	0.00137	0.00672	0.00336	0.00248	0.00770
5	0.83671	0.01125	0.00855	0.00765	0.01125	0.01305	0.00630	0.01709	0.00990	0.02609	0.00810	0.00945	0.00630	0.00540	0.00360	0.00180	0.00450	0.00315	0.00360	0.00630
6	0.00868	0.00607	0.00709	0.00695	0.00868	0.00530	0.00516	0.01049	0.01405	0.07235	0.24211	0.16438	0.39959	0.01395	0.00688	0.00198	0.00310	0.01199	0.00580	0.00540
7	0.01519	0.57471	0.15720	0.01217	0.01769	0.07103	0.04874	0.01804	0.01230	0.01479	0.00874	0.01024	0.00752	0.00513	0.00430	0.00140	0.00710	0.00355	0.00254	0.00763

[dist]
# distance from previous block
# <min> <max>
0	1

[block]
# block no. 1 follows, 40 sequences, length 28
# corresponding to MSA columns:
# 60-87
name=unknown_B
#
# <colnr> <probs for GDERKNQSTAVLIFYWHMCP>
#	G	D	E	R	K	N	Q	S	T	A	V	L	I	F	Y	W	H	M	C	P
0	0.83671	0.01125	0.00855	0.00765	0.01125	0.01305	0.00630	0.01709	0.00990	0.02609	0.00810	0.00945	0.00630	0.00540	0.00360	0.00180	0.00450	0.00315	0.00360	0.00630
1	0.01367	0.01678	0.16750	0.07375	0.57633	0.01371	0.01846	0.01779	0.01296	0.01865	0.01081	0.01404	0.00877	0.00528	0.00572	0.00176	0.00728	0.00501	0.00278	0.00894
2	0.02072	0.06578	0.24893	0.01243	0.01824	0.01152	0.01280	0.06414	0.01558	0.44423	0.01762	0.01648	0.01152	0.00653	0.00561	0.00177	0.00624	0.00516	0.00535	0.00934
3	0.01542	0.00913	0.01037	0.00913	0.01156	0.06392	0.00695	0.01824	0.05599	0.26769	0.26849	0.10888	0.04314	0.07445	0.00827	0.00217	0.00446	0.00872	0.00603	0.00701
4	0.01901	0.01258	0.01409	0.01158	0.01534	0.01357	0.00924	0.25292	0.29821	0.19332	0.03707	0.02023	0.01556	0.05134	0.00721	0.00206	0.00526	0.00618	0.00605	0.00917
5	0.00709	0.00506	0.00675	0.00810	0.00843	0.00472	0.00540	0.00810	0.01113	0.01484	0.03205	0.79184	0.03846	0.01822	0.00742	0.00236	0.00337	0.01653	0.00540	0.00472
6	0.01356	0.01686	0.09410	0.02386	0.02997	0.01461	0.67963	0.01861	0.01361	0.01861	0.01166	0.01541	0.00870	0.00495	0.00675	0.00195	0.00971	0.00665	0.00290	0.00790
7	0.01390	0.01343	0.05770	0.04411	0.02369	0.01217	0.41001	0.01891	0.06863	0.10070	0.08354	0.06446	0.01686	0.00727	0.00666	0.00198	0.00758	0.03660	0.00415	0.00767
8	0.78083	0.01159	0.00916	0.00804	0.01171	0.01339	0.00662	0.06668	0.01109	0.02682	0.00850	0.00976	0.00654	0.00551	0.00375	0.00180	0.00463	0.00329	0.00375	0.00654
9	0.00846	0.00564	0.00634	0.00634	0.00634	0.00564	0.00352	0.00846	0.00846	0.01128	0.01832	0.03805	0.02114	0.79563	0.02960	0.00564	0.00564	0.00846	0.00352	0.00352
10	0.02046	0.07442	0.01743	0.07736	0.01959	0.66344	0.01156	0.02217	0.01579	0.01425	0.00904	0.01082	0.00751	0.00591	0.00520	0.00152	0.01000	0.00382	0.00293	0.00676
11	0.01193	0.01252	0.02581	0.01942	0.02362	0.01179	0.50692	0.01568	0.01291	0.01739	0.01704	0.14091	0.01646	0.06669	0.00874	0.00236	0.00812	0.07130	0.00357	0.00682
12	0.83671	0.01125	0.00855	0.00765	0.01125	0.01305	0.00630	0.01709	0.00990	0.02609	0.00810	0.00945	0.00630	0.00540	0.00360	0.00180	0.00450	0.00315	0.00360	0.00630
13	0.00833	0.00615	0.00893	0.00893	0.00982	0.00704	0.00675	0.01012	0.00922	0.01319	0.01596	0.02496	0.01545	0.14801	0.66944	0.00883	0.01420	0.00654	0.00317	0.00496
14	0.01326	0.01261	0.02115	0.28294	0.49129	0.01354	0.01695	0.01736	0.04114	0.01783	0.01123	0.01504	0.00906	0.00550	0.00578	0.00181	0.00710	0.00523	0.00290	0.00830
15	0.01173	0.02613	0.60129	0.01729	0.03977	0.01307	0.11097	0.01788	0.01279	0.01882	0.06604	0.01507	0.01112	0.00591	0.00580	0.00185	0.00828	0.00510	0.00282	0.00828
16	0.68289	0.01082	0.00917	0.00797	0.01161	0.01207	0.00655	0.01865	0.01100	0.13679	0.01075	0.01148	0.00785	0.00572	0.00395	0.00178	0.00450	0.00364	0.03600	0.00681
17	0.02245	0.00911	0.01223	0.00965	0.01356	0.00790	0.00787	0.02471	0.01639	0.61565	0.12097	0.02536	0.07061	0.00833	0.00605	0.00181	0.00452	0.00690	0.00697	0.00898
18	0.01484	0.04968	0.38436	0.06837	0.07376	0.06900	0.01618	0.02003	0.04798	0.13470	0.01406	0.05738	0.01086	0.00662	0.00565	0.00182	0.00742	0.00537	0.00361	0.00833
19	0.00999	0.00867	0.01325	0.06233	0.15107	0.00853	0.06449	0.01348	0.05529	0.01964	0.29237	0.12389	0.13219	0.01066	0.00661	0.00192	0.00457	0.00966	0.00496	0.00645
20	0.00902	0.00729	0.00827	0.00837	0.01029	0.00719	0.00658	0.01373	0.15640	0.01831	0.10100	0.10505	0.34572	0.01371	0.00698	0.00214	0.00380	0.16470	0.00557	0.00587
21	0.00946	0.00687	0.00880	0.00967	0.06483	0.00646	0.00648	0.01201	0.04823	0.05977	0.22183	0.19418	0.22045	0.06687	0.00840	0.00226	0.00374	0.03849	0.00546	0.00574
22	0.01982	0.01744	0.01450	0.01268	0.01569	0.32279	0.00999	0.07164	0.05736	0.19642	0.05067	0.02007	0.01442	0.00789	0.00677	0.00180	0.06515	0.06355	0.02374	0.00762
23	0.00837	0.00595	0.00822	0.00832	0.00940	0.00641	0.00631	0.01046	0.01101	0.01599	0.11804	0.11774	0.05778	0.03087	0.45758	0.00627	0.01038	0.00821	0.09749	0.00519
24	0.83671	0.01125	0.00855	0.00765	0.01125	0.01305	0.00630	0.01709	0.00990	0.02609	0.00810	0.00945	0.00630	0.00540	0.00360	0.00180	0.00450	0.00315	0.00360	0.00630
25	0.01222	0.01462	0.09477	0.24885	0.03116	0.01332	0.40151	0.01670	0.01277	0.01720	0.01273	0.07323	0.01058	0.00623	0.00647	0.00197	0.00860	0.00684	0.00297	0.00727
26	0.00724	0.00516	0.00681	0.00795	0.00836	0.00483	0.00532	0.00835	0.01145	0.01538	0.09066	0.69684	0.03903	0.05256	0.00837	0.00247	0.00342	0.01568	0.00540	0.00473
27	0.01222	0.01160	0.01969	0.51005	0.30195	0.01325	0.01677	0.01595	0.01222	0.01637	0.01056	0.01510	0.00828	0.00558	0.00579	0.00186	0.00744	0.00517	0.00269	0.00746

[dist]
# distance from previous block
# <min> <max>
0	1

[block]
# block no. 2 follows, 40 sequences, length 16
# corresponding to MSA columns:
# 89-104
name=unknown_C
#
# <colnr> <probs for GDERKNQSTAVLIFYWHMCP>
#	G	D	E	R	K	N	Q	S	T	A	V	L	I	F	Y	W	H	M	C	P
0	0.01154	0.00995	0.01035	0.00954	0.01232	0.01078	0.00736	0.02221	0.46537	0.02101	0.03725	0.03490	0.30264	0.01052	0.00629	0.00197	0.00396	0.00877	0.00572	0.00755
1	0.00742	0.00543	0.00718	0.02700	0.00924	0.00510	0.00563	0.00890	0.01242	0.01673	0.18958	0.56749	0.08359	0.01634	0.00723	0.00221	0.00332	0.01470	0.00555	0.00494
2	0.01974	0.01561	0.01740	0.17571	0.02268	0.05528	0.01214	0.55042	0.02347	0.03091	0.01294	0.01411	0.00932	0.00668	0.00579	0.00177	0.00689	0.00515	0.00499	0.00901
3	0.02438	0.01216	0.01489	0.01356	0.09539	0.08811	0.00983	0.02668	0.01626	0.60569	0.02021	0.01825	0.01312	0.00686	0.00578	0.00176	0.00573	0.00556	0.00630	0.00950
4	0.01029	0.00761	0.00893	0.00881	0.01038	0.00761	0.00644	0.16285	0.01519	0.02005	0.07202	0.46788	0.14944	0.01494	0.00696	0.00214	0.00391	0.01313	0.00554	0.00589
5	0.01119	0.00888	0.01202	0.05621	0.01428	0.00945	0.06160	0.08619	0.16831	0.01875	0.02284	0.33967	0.02344	0.01452	0.04170	0.08410	0.00536	0.01035	0.00482	0.00632
6	0.01897	0.09325	0.01486	0.01035	0.01411	0.01356	0.00862	0.35145	0.01986	0.14659	0.01617	0.01654	0.01174	0.00675	0.00512	0.00159	0.00513	0.00516	0.23178	0.00841
7	0.01010	0.00505	0.00758	0.00758	0.00758	0.00505	0.00505	0.00758	0.00758	0.01010	0.01010	0.01768	0.01010	0.02020	0.02273	0.83081	0.00505	0.00505	0.00253	0.00253
8	0.01387	0.00834	0.00866	0.00756	0.00980	0.00881	0.00595	0.20902	0.01627	0.02571	0.01762	0.01960	0.01356	0.00683	0.00454	0.00146	0.00370	0.00537	0.60669	0.00662
9	0.01191	0.01223	0.02176	0.01727	0.01959	0.01386	0.28755	0.01451	0.01121	0.01594	0.01436	0.17839	0.01460	0.00987	0.01197	0.00228	0.32463	0.00818	0.00330	0.00658
10	0.06886	0.00626	0.00797	0.09106	0.01198	0.00629	0.00649	0.00970	0.01171	0.01630	0.07444	0.50164	0.13589	0.01507	0.00686	0.00219	0.00383	0.01336	0.00502	0.00510
11	0.18821	0.01401	0.01943	0.07218	0.02005	0.05410	0.17420	0.08769	0.01260	0.01990	0.00955	0.01291	0.00784	0.00713	0.01008	0.00208	0.27274	0.00503	0.00320	0.00705
12	0.07999	0.17712	0.04816	0.06987	0.05536	0.06790	0.05242	0.01474	0.01158	0.01594	0.01518	0.22248	0.01595	0.00949	0.00752	0.00194	0.11678	0.00759	0.00346	0.00650
13	0.06262	0.02769	0.01470	0.17406	0.02031	0.21829	0.01045	0.03573	0.05192	0.01771	0.01081	0.01314	0.00869	0.00581	0.00569	0.00151	0.04643	0.00424	0.03670	0.23353
14	0.07706	0.10318	0.16808	0.01399	0.05675	0.08035	0.01260	0.18544	0.01670	0.17943	0.01325	0.01370	0.00948	0.00635	0.00587	0.00174	0.03832	0.00466	0.00438	0.00866
15	0.01777	0.05537	0.01731	0.01439	0.08964	0.01543	0.01075	0.38328	0.07417	0.02774	0.01294	0.01386	0.00988	0.00639	0.00616	0.00159	0.05095	0.00483	0.00467	0.18288

[dist]
# distance from previous block
# <min> <max>
1	3

[block]
# block no. 3 follows, 40 sequences, length 16
# corresponding to MSA columns:
# 108-123
name=unknown_D
#
# <colnr> <probs for GDERKNQSTAVLIFYWHMCP>
#	G	D	E	R	K	N	Q	S	T	A	V	L	I	F	Y	W	H	M	C	P
0	0.01162	0.00904	0.01006	0.00876	0.01155	0.00863	0.00674	0.19140	0.01612	0.02142	0.04708	0.20961	0.26160	0.01178	0.00630	0.00181	0.00413	0.00997	0.00519	0.14717
1	0.11900	0.01399	0.01387	0.05167	0.01636	0.11430	0.00916	0.21115	0.01748	0.14208	0.06587	0.01567	0.01268	0.00646	0.00525	0.00157	0.00589	0.00490	0.00479	0.16786
2	0.01462	0.01857	0.23230	0.04696	0.34602	0.01444	0.01712	0.13581	0.01496	0.02132	0.01107	0.01360	0.00865	0.00584	0.00639	0.00179	0.04999	0.00488	0.00323	0.03243
3	0.00746	0.00582	0.00677	0.00673	0.00827	0.00513	0.00497	0.00941	0.01436	0.01878	0.34623	0.13146	0.38594	0.01393	0.00693	0.00195	0.00291	0.01201	0.00582	0.00513
4	0.09656	0.01954	0.08709	0.01304	0.01656	0.29098	0.01095	0.06882	0.20145	0.01986	0.01574	0.01628	0.05130	0.00720	0.00634	0.00179	0.05978	0.00511	0.00403	0.00758
5	0.05146	0.15651	0.05871	0.06975	0.01811	0.25800	0.01113	0.05838	0.15679	0.01798	0.01242	0.01385	0.00998	0.00849	0.05045	0.00211	0.03028	0.00455	0.00358	0.00747
6	0.00846	0.00719	0.01217	0.01122	0.01271	0.00672	0.14757	0.01035	0.01203	0.01621	0.08186	0.58573	0.03393	0.01517	0.00727	0.00224	0.00457	0.01421	0.00500	0.00539
7	0.00709	0.00506	0.00675	0.00810	0.00843	0.00472	0.00540	0.00810	0.01113	0.01484	0.03205	0.79184	0.03846	0.01822	0.00742	0.00236	0.00337	0.01653	0.00540	0.00472
8	0.01432	0.34584	0.06527	0.16325	0.02336	0.06225	0.14431	0.01814	0.05267	0.01569	0.01020	0.01271	0.00833	0.00556	0.00557	0.00164	0.03612	0.00455	0.00281	0.00741
9	0.01795	0.01175	0.05894	0.13744	0.02008	0.01022	0.05030	0.06046	0.03115	0.31681	0.05538	0.01790	0.01344	0.00644	0.00563	0.00165	0.00572	0.00546	0.00506	0.16822
10	0.00884	0.00671	0.00947	0.15767	0.01481	0.00682	0.00755	0.01140	0.01434	0.03494	0.42123	0.18114	0.07888	0.01197	0.00674	0.00196	0.00389	0.01062	0.00543	0.00559
11	0.34796	0.09552	0.04837	0.00899	0.01293	0.01254	0.00773	0.04348	0.07923	0.02202	0.04281	0.01493	0.01127	0.06435	0.00620	0.00186	0.00493	0.00435	0.00380	0.16671
12	0.01232	0.01416	0.08029	0.03597	0.10606	0.01261	0.39605	0.01688	0.04811	0.01801	0.01595	0.16607	0.01489	0.00785	0.00698	0.00202	0.02658	0.00827	0.00350	0.00745
13	0.01110	0.00843	0.01071	0.00962	0.01076	0.00997	0.00765	0.01310	0.01078	0.01762	0.01528	0.09242	0.01404	0.01098	0.05460	0.00228	0.27410	0.00624	0.33455	0.08576
14	0.01100	0.02540	0.61850	0.01478	0.02197	0.01195	0.01838	0.01697	0.01309	0.01937	0.15513	0.01832	0.01658	0.00676	0.00578	0.00184	0.00746	0.00550	0.00322	0.00799
15	0.01248	0.14133	0.45407	0.01462	0.02180	0.01391	0.07010	0.01755	0.01227	0.01782	0.01016	0.01204	0.00773	0.00516	0.00512	0.00157	0.00749	0.00414	0.00269	0.16795

[dist]
# distance from previous block
# <min> <max>
0	5

[block]
# block no. 4 follows, 40 sequences, length 9
# corresponding to MSA columns:
# 129-137
name=unknown_E
#
# <colnr> <probs for GDERKNQSTAVLIFYWHMCP>
#	G	D	E	R	K	N	Q	S	T	A	V	L	I	F	Y	W	H	M	C	P
0	0.09947	0.11659	0.09651	0.11746	0.29032	0.09911	0.04469	0.01838	0.03263	0.01807	0.01032	0.01298	0.00834	0.00544	0.00525	0.00170	0.00730	0.00456	0.00292	0.00795
1	0.12109	0.16935	0.07129	0.02940	0.01530	0.03132	0.01108	0.01642	0.01079	0.06157	0.00988	0.01274	0.00838	0.00756	0.01051	0.00197	0.33229	0.00443	0.06773	0.00688
2	0.00768	0.00567	0.00731	0.00839	0.00932	0.00530	0.00631	0.00924	0.01217	0.01572	0.03688	0.44926	0.17565	0.01695	0.00748	0.00237	0.00384	0.21015	0.00539	0.00493
3	0.01655	0.01398	0.01821	0.27704	0.22097	0.10784	0.01415	0.08430	0.04461	0.12647	0.01301	0.01532	0.00966	0.00606	0.00574	0.00179	0.00722	0.00516	0.00381	0.00814
4	0.01899	0.01571	0.01906	0.06593	0.14271	0.06537	0.06417	0.44297	0.02164	0.02891	0.01298	0.01438	0.00964	0.00639	0.00576	0.00174	0.00691	0.00525	0.04249	0.00900
5	0.13234	0.00814	0.00919	0.00810	0.01074	0.00786	0.00630	0.01685	0.06146	0.21305	0.16630	0.03391	0.19435	0.08049	0.00813	0.00222	0.00405	0.02416	0.00566	0.00668
6	0.01286	0.00998	0.01411	0.01203	0.01499	0.01012	0.11288	0.01966	0.24537	0.09584	0.02227	0.22351	0.02055	0.01303	0.07504	0.00263	0.00602	0.00888	0.00503	0.07519
7	0.01480	0.01745	0.21579	0.01613	0.08629	0.01274	0.10015	0.14572	0.05333	0.06043	0.01339	0.04366	0.01049	0.00611	0.00561	0.00165	0.00671	0.00533	0.00389	0.18033
8	0.08844	0.01690	0.06551	0.08464	0.07593	0.15911	0.24408	0.01826	0.01331	0.01819	0.01038	0.01316	0.00815	0.00519	0.00555	0.00163	0.00801	0.00489	0.00304	0.15563

[dist]
# distance from previous block
# <min> <max>
0	2

[block]
# block no. 5 follows, 40 sequences, length 6
# corresponding to MSA columns:
# 140-145
name=unknown_F
#
# <colnr> <probs for GDERKNQSTAVLIFYWHMCP>
#	G	D	E	R	K	N	Q	S	T	A	V	L	I	F	Y	W	H	M	C	P
0	0.01340	0.01036	0.01311	0.01203	0.09937	0.00898	0.00836	0.08054	0.01477	0.07140	0.16203	0.01935	0.01851	0.00637	0.00523	0.00130	0.00452	0.00539	0.00444	0.44053
1	0.01530	0.01457	0.02013	0.05244	0.01986	0.05439	0.14463	0.15847	0.09918	0.02049	0.01166	0.01456	0.00945	0.00791	0.01143	0.00214	0.32650	0.00555	0.00367	0.00767
2	0.01197	0.00744	0.00944	0.00799	0.01064	0.00640	0.00621	0.01452	0.01548	0.15173	0.44618	0.03438	0.08493	0.00987	0.00622	0.00166	0.00343	0.00852	0.00594	0.15707
3	0.16687	0.01172	0.01222	0.01035	0.01362	0.01295	0.00826	0.24233	0.19725	0.02820	0.21009	0.02275	0.02295	0.00820	0.00571	0.00183	0.00465	0.00656	0.00559	0.00790
4	0.05299	0.43396	0.20543	0.01189	0.01747	0.01893	0.01257	0.06613	0.09781	0.01813	0.01084	0.01178	0.00873	0.00559	0.00455	0.00153	0.00654	0.00394	0.00314	0.00804
5	0.00745	0.00550	0.00700	0.00774	0.00864	0.00505	0.00552	0.00902	0.01277	0.01697	0.19057	0.46151	0.16058	0.01615	0.00725	0.00220	0.00330	0.06221	0.00561	0.00496

[dist]
# distance from previous block
# <min> <max>
0	5

[block]
# block no. 6 follows, 40 sequences, length 7
# corresponding to MSA columns:
# 151-157
name=unknown_G
#
# <colnr> <probs for GDERKNQSTAVLIFYWHMCP>
#	G	D	E	R	K	N	Q	S	T	A	V	L	I	F	Y	W	H	M	C	P
0	0.01567	0.55682	0.12159	0.01240	0.01780	0.05469	0.07977	0.01843	0.01249	0.04986	0.00946	0.01084	0.00790	0.00519	0.00442	0.00142	0.00699	0.00377	0.00277	0.00772
1	0.01151	0.00675	0.00929	0.00987	0.01145	0.00642	0.00805	0.01362	0.01327	0.14251	0.02984	0.27350	0.03173	0.01521	0.00748	0.00244	0.00470	0.39075	0.00568	0.00593
2	0.10036	0.35577	0.09702	0.01256	0.05794	0.07443	0.01107	0.02091	0.13676	0.06478	0.01212	0.01276	0.00961	0.00579	0.00463	0.00157	0.00629	0.00416	0.00353	0.00795
3	0.00740	0.00536	0.00699	0.00776	0.00848	0.00495	0.00537	0.00893	0.01276	0.01730	0.23909	0.54052	0.08103	0.01624	0.00723	0.00219	0.00317	0.01460	0.00568	0.00495
4	0.07886	0.01234	0.15845	0.01108	0.05349	0.00955	0.00969	0.05784	0.01266	0.02011	0.01961	0.14946	0.06231	0.00900	0.00627	0.00182	0.05727	0.00727	0.25638	0.00651
5	0.01547	0.01322	0.01825	0.06215	0.01883	0.01505	0.09510	0.20896	0.01536	0.04310	0.01113	0.01390	0.00892	0.00735	0.01022	0.00191	0.27421	0.00511	0.02534	0.13642
6	0.06977	0.00906	0.01091	0.00928	0.01207	0.00897	0.00733	0.06772	0.05854	0.18628	0.22409	0.08463	0.08165	0.00970	0.00686	0.00183	0.05318	0.00796	0.00565	0.08453

[dist]
# distance from previous block
# <min> <max>
24	85

# created by:
# /software/SequenceAnalysis/GenePrediction/augustus/3.0.1/scripts/msa2prfl.pl ./fixed/BUSCOvEOG7NW117.fas
