[name]
unknown

[dist]
# distance from previous block
# <min> <max>
0	303

[block]
# block no. 0 follows, 40 sequences, length 49
# corresponding to MSA columns:
# 331-379
name=unknown_A
#
# <colnr> <probs for GDERKNQSTAVLIFYWHMCP>
#	G	D	E	R	K	N	Q	S	T	A	V	L	I	F	Y	W	H	M	C	P
0	0.02021	0.00847	0.01148	0.00958	0.01286	0.00743	0.00757	0.02221	0.01541	0.52686	0.09252	0.19532	0.02355	0.01012	0.00631	0.00193	0.00440	0.00869	0.00673	0.00834
1	0.00874	0.00740	0.00772	0.00738	0.00959	0.00713	0.00561	0.01368	0.17870	0.01838	0.11520	0.04714	0.52605	0.01295	0.00667	0.00196	0.00331	0.01084	0.00562	0.00594
2	0.01387	0.01132	0.01245	0.01065	0.01424	0.01190	0.00833	0.02532	0.48525	0.05374	0.08811	0.02150	0.01900	0.00745	0.00565	0.00171	0.00439	0.00621	0.00547	0.19342
3	0.01382	0.01183	0.01258	0.01151	0.01453	0.01358	0.00887	0.02882	0.68056	0.02348	0.02447	0.09263	0.01968	0.00886	0.00607	0.00201	0.00450	0.00750	0.00588	0.00881
4	0.01302	0.01091	0.01258	0.00908	0.01420	0.00872	0.00729	0.08144	0.01349	0.02061	0.01070	0.01228	0.00876	0.00458	0.00446	0.00095	0.00451	0.00362	0.00368	0.75515
5	0.02479	0.01178	0.08274	0.01094	0.01582	0.00902	0.00975	0.02744	0.01626	0.69443	0.02182	0.01914	0.01378	0.00707	0.00583	0.00181	0.00530	0.00572	0.00677	0.00979
6	0.00987	0.00725	0.00974	0.01084	0.01236	0.00743	0.00937	0.01381	0.08111	0.01807	0.03016	0.06157	0.03204	0.01533	0.00785	0.00262	0.00530	0.65415	0.00542	0.00573
7	0.02211	0.00903	0.01223	0.00969	0.01349	0.00788	0.00787	0.02446	0.01662	0.59688	0.18759	0.02514	0.02351	0.00827	0.00609	0.00181	0.00446	0.00691	0.00703	0.00892
8	0.00924	0.00691	0.00827	0.00758	0.00939	0.00653	0.00577	0.07752	0.01676	0.02287	0.53104	0.04357	0.20835	0.01209	0.00678	0.00186	0.00314	0.01043	0.00613	0.00578
9	0.02075	0.01528	0.01649	0.01291	0.01717	0.01682	0.01054	0.67223	0.02586	0.03466	0.01566	0.08561	0.01255	0.00804	0.00598	0.00181	0.00613	0.00629	0.00579	0.00943
10	0.01176	0.01129	0.01593	0.01396	0.01419	0.01546	0.01151	0.01321	0.00903	0.01392	0.00945	0.01504	0.00922	0.01770	0.18824	0.00408	0.61186	0.00536	0.00268	0.00612
11	0.00721	0.00593	0.00634	0.00624	0.00807	0.00506	0.00467	0.00896	0.01399	0.01745	0.21546	0.05318	0.59901	0.01411	0.00688	0.00194	0.00291	0.01189	0.00564	0.00506
12	0.00941	0.00672	0.00939	0.01073	0.01207	0.00671	0.00938	0.01207	0.01341	0.01743	0.03081	0.06561	0.03349	0.01608	0.00805	0.00268	0.00537	0.71984	0.00537	0.00537
13	0.00712	0.00509	0.00677	0.00812	0.00846	0.00474	0.00541	0.00812	0.01115	0.01488	0.03207	0.79146	0.03848	0.01823	0.00744	0.00237	0.00339	0.01654	0.00541	0.00474
14	0.01170	0.03009	0.76512	0.01659	0.02519	0.01352	0.02149	0.01844	0.01230	0.01845	0.01047	0.01232	0.00740	0.00555	0.00554	0.00185	0.00860	0.00431	0.00247	0.00861
15	0.02286	0.01515	0.01675	0.01285	0.01748	0.01632	0.01061	0.61028	0.02541	0.16874	0.01563	0.01507	0.01074	0.00704	0.00584	0.00176	0.00615	0.00536	0.00608	0.00991
16	0.00833	0.00619	0.00902	0.00891	0.01003	0.00689	0.00688	0.01054	0.01097	0.01574	0.18188	0.02751	0.02362	0.03649	0.60030	0.00766	0.01270	0.00720	0.00386	0.00528
17	0.01442	0.01384	0.02362	0.03570	0.75898	0.01383	0.01786	0.01787	0.01326	0.01903	0.01097	0.01444	0.00924	0.00520	0.00577	0.00173	0.00692	0.00519	0.00289	0.00923
18	0.01442	0.01384	0.02362	0.03570	0.75898	0.01383	0.01786	0.01787	0.01326	0.01903	0.01097	0.01444	0.00924	0.00520	0.00577	0.00173	0.00692	0.00519	0.00289	0.00923
19	0.00891	0.00607	0.00849	0.00849	0.00960	0.00687	0.00656	0.01112	0.01001	0.01537	0.01637	0.02262	0.01465	0.03535	0.59967	0.00755	0.01269	0.00606	0.18828	0.00526
20	0.00691	0.00592	0.00592	0.00592	0.00788	0.00493	0.00443	0.00837	0.01327	0.01574	0.05892	0.05599	0.75663	0.01475	0.00689	0.00197	0.00296	0.01228	0.00541	0.00493
21	0.00712	0.00509	0.00677	0.00812	0.00846	0.00474	0.00541	0.00812	0.01115	0.01488	0.03207	0.79146	0.03848	0.01823	0.00744	0.00237	0.00339	0.01654	0.00541	0.00474
22	0.01228	0.00686	0.00908	0.00802	0.01010	0.00619	0.00619	0.01490	0.01652	0.18948	0.59130	0.03816	0.04579	0.01085	0.00665	0.00183	0.00325	0.00948	0.00659	0.00649
23	0.02213	0.01631	0.01747	0.01340	0.01806	0.01805	0.01107	0.73960	0.02735	0.03667	0.01399	0.01401	0.00992	0.00700	0.00583	0.00175	0.00641	0.00525	0.00583	0.00990
24	0.00712	0.00509	0.00677	0.00812	0.00846	0.00474	0.00541	0.00812	0.01115	0.01488	0.03207	0.79146	0.03848	0.01823	0.00744	0.00237	0.00339	0.01654	0.00541	0.00474
25	0.00691	0.00592	0.00592	0.00592	0.00788	0.00493	0.00443	0.00837	0.01327	0.01574	0.05892	0.05599	0.75663	0.01475	0.00689	0.00197	0.00296	0.01228	0.00541	0.00493
26	0.00712	0.00509	0.00677	0.00812	0.00846	0.00474	0.00541	0.00812	0.01115	0.01488	0.03207	0.79146	0.03848	0.01823	0.00744	0.00237	0.00339	0.01654	0.00541	0.00474
27	0.00957	0.00783	0.00976	0.00996	0.01092	0.00877	0.00729	0.01407	0.17644	0.01689	0.02677	0.50935	0.02951	0.01479	0.00873	0.00231	0.11324	0.01270	0.00512	0.00598
28	0.65074	0.00988	0.00835	0.00765	0.01045	0.01127	0.00603	0.01498	0.00940	0.02253	0.00858	0.01134	0.00718	0.00874	0.00791	0.18790	0.00463	0.00359	0.00337	0.00547
29	0.01427	0.01426	0.02602	0.03319	0.59534	0.01403	0.17957	0.01804	0.01337	0.01894	0.01116	0.01473	0.00916	0.00514	0.00602	0.00179	0.00757	0.00557	0.00290	0.00892
30	0.01138	0.00829	0.00997	0.00870	0.01081	0.00832	0.00675	0.17464	0.01892	0.02634	0.58928	0.03685	0.04478	0.01081	0.00664	0.00182	0.00358	0.00934	0.00628	0.00649
31	0.01392	0.01499	0.02957	0.02168	0.02698	0.01467	0.57421	0.02140	0.17877	0.01994	0.01447	0.01708	0.01086	0.00560	0.00666	0.00197	0.00865	0.00681	0.00362	0.00817
32	0.01245	0.01328	0.02737	0.01996	0.02479	0.01234	0.54072	0.01675	0.01429	0.01972	0.17886	0.02180	0.01918	0.00647	0.00676	0.00189	0.00798	0.00754	0.00375	0.04409
33	0.01139	0.00617	0.00829	0.00863	0.00990	0.00560	0.00612	0.01267	0.01239	0.18291	0.03003	0.61816	0.03307	0.01576	0.00708	0.00224	0.00374	0.01414	0.00581	0.00590
34	0.01263	0.01084	0.01233	0.00936	0.01411	0.00928	0.00742	0.01832	0.17747	0.02019	0.01336	0.01427	0.01070	0.00513	0.00468	0.00112	0.00438	0.00416	0.00401	0.64624
35	0.01442	0.01384	0.02362	0.03570	0.75898	0.01383	0.01786	0.01787	0.01326	0.01903	0.01097	0.01444	0.00924	0.00520	0.00577	0.00173	0.00692	0.00519	0.00289	0.00923
36	0.00972	0.00766	0.01022	0.00993	0.01147	0.00890	0.00772	0.01501	0.17537	0.01596	0.01742	0.02263	0.01529	0.03560	0.60009	0.00769	0.01312	0.00632	0.00376	0.00611
37	0.01621	0.01337	0.01414	0.01220	0.01580	0.01528	0.00963	0.19008	0.58651	0.02712	0.02152	0.02000	0.01601	0.00771	0.00591	0.00193	0.00502	0.00628	0.00590	0.00937
38	0.02213	0.01631	0.01747	0.01340	0.01806	0.01805	0.01107	0.73960	0.02735	0.03667	0.01399	0.01401	0.00992	0.00700	0.00583	0.00175	0.00641	0.00525	0.00583	0.00990
39	0.01376	0.01571	0.03432	0.02452	0.03041	0.01472	0.73786	0.01865	0.01375	0.01866	0.01180	0.01573	0.00886	0.00492	0.00688	0.00197	0.00981	0.00687	0.00295	0.00786
40	0.00691	0.00592	0.00592	0.00592	0.00788	0.00493	0.00443	0.00837	0.01327	0.01574	0.05892	0.05599	0.75663	0.01475	0.00689	0.00197	0.00296	0.01228	0.00541	0.00493
41	0.00852	0.00614	0.00816	0.00810	0.00947	0.00578	0.00637	0.01124	0.01579	0.02202	0.59306	0.04844	0.05007	0.01284	0.00714	0.00203	0.00334	0.16984	0.00618	0.00548
42	0.83630	0.01127	0.00857	0.00767	0.01127	0.01306	0.00631	0.01712	0.00992	0.02612	0.00813	0.00949	0.00633	0.00542	0.00361	0.00181	0.00451	0.00316	0.00361	0.00632
43	0.01102	0.01036	0.01746	0.78126	0.04006	0.01294	0.01616	0.01488	0.01165	0.01489	0.01037	0.01555	0.00778	0.00584	0.00583	0.00194	0.00776	0.00518	0.00260	0.00648
44	0.00849	0.00566	0.00637	0.00637	0.00637	0.00566	0.00354	0.00848	0.00848	0.01131	0.01835	0.03809	0.02117	0.79523	0.02960	0.00564	0.00565	0.00847	0.00353	0.00354
45	0.00695	0.00592	0.00597	0.00595	0.00790	0.00495	0.00446	0.00844	0.01336	0.01595	0.07810	0.05564	0.73732	0.01467	0.00689	0.00197	0.00295	0.01223	0.00544	0.00494
46	0.01442	0.01384	0.02362	0.03570	0.75898	0.01383	0.01786	0.01787	0.01326	0.01903	0.01097	0.01444	0.00924	0.00520	0.00577	0.00173	0.00692	0.00519	0.00289	0.00923
47	0.01537	0.01241	0.01399	0.01042	0.01549	0.01069	0.00829	0.17819	0.01615	0.02386	0.01222	0.01396	0.00991	0.00564	0.00512	0.00127	0.00515	0.00421	0.00434	0.63332
48	0.00934	0.00707	0.00875	0.00895	0.01048	0.00608	0.00622	0.01041	0.01202	0.01678	0.02787	0.60499	0.03226	0.01559	0.00714	0.00221	0.00397	0.01374	0.00529	0.19082

[dist]
# distance from previous block
# <min> <max>
0	201

# created by:
# /software/SequenceAnalysis/GenePrediction/augustus/3.0.1/scripts/msa2prfl.pl ./fixed/BUSCOvEOG747H77.fas
