[name]
unknown

[dist]
# distance from previous block
# <min> <max>
27	288

[block]
# block no. 0 follows, 41 sequences, length 53
# corresponding to MSA columns:
# 296-348
name=unknown_A
#
# <colnr> <probs for GDERKNQSTAVLIFYWHMCP>
#	G	D	E	R	K	N	Q	S	T	A	V	L	I	F	Y	W	H	M	C	P
0	0.01654	0.72021	0.06356	0.01112	0.01613	0.05383	0.01084	0.01821	0.01261	0.01490	0.00939	0.01114	0.00855	0.00581	0.00438	0.00150	0.00680	0.00357	0.00291	0.00799
1	0.01233	0.00896	0.01044	0.00993	0.01172	0.00911	0.00730	0.09333	0.11852	0.06008	0.11567	0.30883	0.10858	0.05186	0.00877	0.00245	0.03815	0.01129	0.00581	0.00688
2	0.00996	0.00717	0.00940	0.01021	0.01156	0.00683	0.00833	0.01202	0.01435	0.01922	0.19181	0.13385	0.06210	0.01570	0.00803	0.00261	0.00485	0.46022	0.00588	0.00589
3	0.01427	0.01451	0.02763	0.04452	0.26213	0.01400	0.39581	0.01775	0.01369	0.01901	0.01408	0.08285	0.01240	0.00705	0.00729	0.00213	0.03166	0.00730	0.00349	0.00843
4	0.01689	0.08106	0.02258	0.04294	0.52929	0.01468	0.01557	0.07950	0.01508	0.08648	0.01395	0.01667	0.02516	0.00644	0.00606	0.00190	0.00685	0.00552	0.00389	0.00949
5	0.01525	0.46677	0.05417	0.11800	0.02016	0.03565	0.07105	0.04840	0.01343	0.01656	0.01445	0.01654	0.07283	0.00679	0.00522	0.00172	0.00693	0.00499	0.00333	0.00778
6	0.01121	0.00967	0.01270	0.01188	0.01280	0.03999	0.00934	0.01263	0.01017	0.01466	0.01403	0.02074	0.01320	0.03235	0.51960	0.00710	0.23235	0.00610	0.00333	0.00616
7	0.01348	0.01126	0.01291	0.00951	0.01460	0.00875	0.00748	0.04296	0.01321	0.02041	0.01155	0.01367	0.00971	0.00520	0.00485	0.00113	0.00475	0.00389	0.00390	0.78681
8	0.53837	0.10508	0.07385	0.04245	0.05526	0.01495	0.00962	0.05997	0.01220	0.02441	0.01002	0.01204	0.00806	0.00621	0.00460	0.00194	0.00574	0.00392	0.00379	0.00752
9	0.00852	0.00613	0.00776	0.00864	0.00932	0.00559	0.00588	0.00950	0.01279	0.01740	0.17254	0.62146	0.05689	0.01724	0.00768	0.00243	0.00365	0.01521	0.00588	0.00547
10	0.01381	0.01266	0.07714	0.01009	0.01545	0.00888	0.00863	0.01630	0.01290	0.05974	0.01209	0.01402	0.00986	0.00535	0.00498	0.00123	0.00507	0.00402	0.00393	0.70388
11	0.00900	0.00669	0.00807	0.00796	0.00941	0.00598	0.00583	0.01080	0.01539	0.02101	0.47156	0.14677	0.21053	0.01397	0.00736	0.00215	0.00337	0.03203	0.00628	0.00583
12	0.00948	0.00644	0.00724	0.00734	0.00750	0.00622	0.00429	0.00926	0.00946	0.01275	0.02065	0.12488	0.02367	0.69512	0.02669	0.00533	0.00570	0.00955	0.00410	0.00430
13	0.07909	0.00674	0.00766	0.00839	0.00955	0.00627	0.00591	0.00994	0.01225	0.01706	0.03671	0.50009	0.21130	0.01650	0.00737	0.00241	0.00386	0.04781	0.00554	0.00553
14	0.00864	0.00608	0.00767	0.00861	0.00924	0.00558	0.00583	0.00959	0.01251	0.01725	0.13141	0.64184	0.03954	0.01712	0.00756	0.00242	0.00366	0.01511	0.04488	0.00546
15	0.75352	0.01144	0.00914	0.00829	0.01159	0.01285	0.00652	0.01690	0.01043	0.02539	0.01012	0.01347	0.00867	0.07358	0.00628	0.00232	0.00495	0.00398	0.00395	0.00661
16	0.01374	0.01333	0.01825	0.01575	0.01587	0.01806	0.01294	0.01464	0.00960	0.01497	0.00881	0.01424	0.00871	0.01076	0.01904	0.00272	0.77331	0.00540	0.00294	0.00690
17	0.02279	0.01677	0.01791	0.01393	0.01854	0.01827	0.01133	0.73053	0.02737	0.03681	0.01491	0.01543	0.01089	0.00767	0.00625	0.00195	0.00669	0.00554	0.00610	0.01031
18	0.08105	0.00790	0.01005	0.01110	0.01270	0.00787	0.00946	0.01318	0.01363	0.01898	0.02924	0.06051	0.03135	0.01554	0.00801	0.00277	0.00561	0.64953	0.00551	0.00601
19	0.83938	0.01106	0.00841	0.00752	0.01106	0.01283	0.00619	0.01681	0.00973	0.02566	0.00796	0.00929	0.00619	0.00531	0.00354	0.00177	0.00442	0.00310	0.00354	0.00619
20	0.83938	0.01106	0.00841	0.00752	0.01106	0.01283	0.00619	0.01681	0.00973	0.02566	0.00796	0.00929	0.00619	0.00531	0.00354	0.00177	0.00442	0.00310	0.00354	0.00619
21	0.02566	0.00973	0.01327	0.01018	0.01460	0.00841	0.00841	0.02788	0.01637	0.76726	0.02257	0.01947	0.01416	0.00708	0.00575	0.00177	0.00487	0.00575	0.00708	0.00973
22	0.00679	0.00580	0.00584	0.00583	0.00775	0.00484	0.00437	0.00827	0.01311	0.01563	0.07461	0.05475	0.74420	0.01442	0.00676	0.00193	0.00289	0.01203	0.00533	0.00484
23	0.02072	0.01200	0.01399	0.01105	0.01500	0.01234	0.00901	0.32709	0.07653	0.29647	0.09733	0.01974	0.01680	0.00752	0.00579	0.00175	0.00513	0.00603	0.03664	0.00906
24	0.00676	0.00579	0.00579	0.00579	0.00773	0.00483	0.00435	0.00821	0.01304	0.01545	0.05794	0.05505	0.76098	0.01449	0.00676	0.00193	0.00290	0.01207	0.00531	0.00483
25	0.00697	0.00498	0.00664	0.00796	0.00830	0.00465	0.00531	0.00796	0.01095	0.01460	0.03153	0.79525	0.03783	0.01792	0.00730	0.00232	0.00332	0.01626	0.00531	0.00465
26	0.01535	0.01189	0.01288	0.01138	0.01470	0.01342	0.00891	0.04374	0.63979	0.09986	0.04668	0.02168	0.01814	0.00780	0.00584	0.00191	0.00454	0.00649	0.00596	0.00902
27	0.02566	0.00973	0.01327	0.01018	0.01460	0.00841	0.00841	0.02788	0.01637	0.76726	0.02257	0.01947	0.01416	0.00708	0.00575	0.00177	0.00487	0.00575	0.00708	0.00973
28	0.02123	0.04692	0.01272	0.00941	0.01317	0.00940	0.00776	0.10308	0.01639	0.47912	0.03642	0.01925	0.01433	0.00697	0.00531	0.00165	0.00458	0.00557	0.17811	0.00861
29	0.01163	0.06141	0.73890	0.01603	0.02434	0.01367	0.02067	0.01807	0.01206	0.01792	0.01017	0.01196	0.00725	0.00541	0.00536	0.00179	0.00836	0.00418	0.00242	0.00841
30	0.01095	0.01031	0.01742	0.75293	0.07056	0.01275	0.01596	0.01474	0.01151	0.01479	0.01019	0.01520	0.00769	0.00569	0.00572	0.00190	0.00759	0.00508	0.00255	0.00647
31	0.01234	0.01015	0.01191	0.00853	0.01359	0.00765	0.00683	0.01487	0.01202	0.04443	0.01059	0.01212	0.00867	0.00433	0.00429	0.00088	0.00426	0.00347	0.00352	0.80555
32	0.45945	0.05196	0.01335	0.01062	0.01433	0.14412	0.04725	0.08041	0.06743	0.04871	0.01041	0.01139	0.00798	0.00573	0.00442	0.00171	0.00597	0.00390	0.00382	0.00703
33	0.01256	0.20814	0.07269	0.01268	0.01469	0.01676	0.01133	0.01489	0.03800	0.01422	0.00996	0.02811	0.00956	0.05380	0.06619	0.00274	0.39942	0.00498	0.00275	0.00653
34	0.00832	0.00555	0.00624	0.00624	0.00624	0.00555	0.00347	0.00832	0.00832	0.01109	0.01802	0.03743	0.02080	0.79898	0.02911	0.00555	0.00555	0.00832	0.00347	0.00347
35	0.02162	0.01278	0.01472	0.01158	0.01573	0.01331	0.00946	0.38552	0.08063	0.29126	0.01849	0.05019	0.01324	0.00748	0.00577	0.00177	0.00544	0.00595	0.02570	0.00935
36	0.83938	0.01106	0.00841	0.00752	0.01106	0.01283	0.00619	0.01681	0.00973	0.02566	0.00796	0.00929	0.00619	0.00531	0.00354	0.00177	0.00442	0.00310	0.00354	0.00619
37	0.00891	0.00646	0.00904	0.01036	0.02960	0.00636	0.00841	0.01138	0.01334	0.01770	0.13517	0.14593	0.03594	0.01519	0.00761	0.00245	0.00471	0.52076	0.00536	0.00531
38	0.00862	0.00612	0.00801	0.00788	0.02737	0.00562	0.00569	0.01116	0.01569	0.04408	0.63643	0.06410	0.11392	0.01182	0.00671	0.00182	0.00290	0.01040	0.00612	0.00554
39	0.00697	0.00498	0.00664	0.00796	0.00830	0.00465	0.00531	0.00796	0.01095	0.01460	0.03153	0.79525	0.03783	0.01792	0.00730	0.00232	0.00332	0.01626	0.00531	0.00465
40	0.00676	0.00579	0.00579	0.00579	0.00773	0.00483	0.00435	0.00821	0.01304	0.01545	0.05794	0.05505	0.76098	0.01449	0.00676	0.00193	0.00290	0.01207	0.00531	0.00483
41	0.06569	0.01540	0.01648	0.01269	0.01720	0.01695	0.01048	0.66506	0.02538	0.07660	0.01392	0.01382	0.00979	0.00680	0.00561	0.00172	0.00611	0.00507	0.00568	0.00954
42	0.01186	0.01017	0.01186	0.00847	0.01356	0.00762	0.00678	0.01440	0.01186	0.01864	0.01017	0.01186	0.00847	0.00424	0.00424	0.00085	0.00424	0.00339	0.00339	0.83395
43	0.00732	0.00523	0.00704	0.00836	0.00884	0.00494	0.00591	0.00856	0.01129	0.01499	0.03133	0.68249	0.03707	0.01759	0.00739	0.00237	0.00362	0.12560	0.00530	0.00474
44	0.00804	0.00584	0.00757	0.00714	0.00851	0.00537	0.00535	0.01069	0.01606	0.02263	0.73121	0.04324	0.08324	0.01181	0.00675	0.00180	0.00271	0.01042	0.00626	0.00537
45	0.00830	0.00693	0.01147	0.01058	0.01204	0.00647	0.13155	0.01028	0.01240	0.01684	0.16828	0.51699	0.03594	0.01448	0.00710	0.00215	0.00428	0.01349	0.00509	0.00532
46	0.02105	0.00909	0.01222	0.01011	0.01382	0.00807	0.00835	0.02371	0.03730	0.54888	0.02371	0.06028	0.01822	0.00893	0.00612	0.00190	0.00483	0.12922	0.00648	0.04772
47	0.02150	0.02319	0.01656	0.01416	0.01770	0.50123	0.01099	0.28426	0.02008	0.02199	0.01061	0.01155	0.00822	0.00625	0.00536	0.00156	0.00886	0.00422	0.00395	0.00775
48	0.01260	0.01014	0.01194	0.00856	0.01361	0.00767	0.00686	0.01512	0.01210	0.05867	0.01083	0.01227	0.00878	0.00439	0.00432	0.00090	0.00427	0.00352	0.00359	0.78987
49	0.01200	0.11611	0.65113	0.01594	0.02386	0.01439	0.05398	0.01801	0.01209	0.01760	0.01007	0.01191	0.00732	0.00534	0.00530	0.00175	0.00825	0.00421	0.00244	0.00829
50	0.02096	0.01544	0.01662	0.01282	0.01721	0.01703	0.01056	0.70234	0.02628	0.03530	0.05637	0.01539	0.01225	0.00714	0.00578	0.00172	0.00609	0.00545	0.00575	0.00948
51	0.02566	0.00973	0.01327	0.01018	0.01460	0.00841	0.00841	0.02788	0.01637	0.76726	0.02257	0.01947	0.01416	0.00708	0.00575	0.00177	0.00487	0.00575	0.00708	0.00973
52	0.01478	0.01256	0.01324	0.01175	0.01508	0.01449	0.00919	0.08287	0.69959	0.02482	0.02258	0.02078	0.01689	0.00769	0.00581	0.00192	0.00466	0.00637	0.00581	0.00910

[dist]
# distance from previous block
# <min> <max>
3	33

[block]
# block no. 1 follows, 41 sequences, length 16
# corresponding to MSA columns:
# 382-397
name=unknown_B
#
# <colnr> <probs for GDERKNQSTAVLIFYWHMCP>
#	G	D	E	R	K	N	Q	S	T	A	V	L	I	F	Y	W	H	M	C	P
0	0.00816	0.00589	0.00774	0.00740	0.00874	0.00547	0.00563	0.01086	0.01601	0.02259	0.71665	0.04403	0.05271	0.01194	0.00682	0.00185	0.00285	0.05305	0.00623	0.00539
1	0.01356	0.45188	0.36534	0.01274	0.01925	0.01839	0.01493	0.01758	0.01183	0.01557	0.00900	0.01049	0.00730	0.00514	0.00447	0.00149	0.00718	0.00359	0.00243	0.00785
2	0.01518	0.00917	0.01073	0.00933	0.01215	0.00902	0.00727	0.17278	0.06078	0.20693	0.03138	0.20836	0.20007	0.01141	0.00636	0.00194	0.00431	0.00966	0.00587	0.00731
3	0.00817	0.00613	0.00919	0.00919	0.01021	0.00715	0.00715	0.01021	0.00919	0.01328	0.01532	0.02247	0.01430	0.04290	0.77631	0.00919	0.01532	0.00613	0.00306	0.00511
4	0.01910	0.13557	0.04923	0.01286	0.01644	0.44252	0.01049	0.02226	0.08061	0.09488	0.03106	0.01436	0.03387	0.00643	0.00516	0.00155	0.00812	0.00451	0.00370	0.00727
5	0.01961	0.01463	0.01735	0.05531	0.08454	0.05752	0.04984	0.35548	0.12181	0.14131	0.01556	0.01567	0.01111	0.00664	0.00576	0.00176	0.00635	0.00542	0.00522	0.00912
6	0.01524	0.76127	0.02909	0.00988	0.01469	0.02219	0.00975	0.01782	0.05023	0.01400	0.00875	0.00981	0.00787	0.00504	0.00378	0.00126	0.00603	0.00324	0.00262	0.00743
7	0.01285	0.01413	0.15985	0.01025	0.01594	0.00911	0.00980	0.04031	0.01265	0.05875	0.01096	0.01237	0.00858	0.00471	0.00460	0.00111	0.00516	0.00374	0.00347	0.60169
8	0.00697	0.00498	0.00664	0.00796	0.00830	0.00465	0.00531	0.00796	0.01095	0.01460	0.03153	0.79525	0.03783	0.01792	0.00730	0.00232	0.00332	0.01626	0.00531	0.00465
9	0.01107	0.01167	0.00908	0.00857	0.01064	0.21544	0.00643	0.01282	0.01466	0.01685	0.21298	0.03988	0.38574	0.01147	0.00632	0.00177	0.00487	0.00937	0.00490	0.00546
10	0.00971	0.00592	0.00724	0.00714	0.00823	0.00648	0.00542	0.01194	0.01065	0.01756	0.01699	0.02234	0.01461	0.06719	0.27939	0.00441	0.03895	0.00578	0.45485	0.00518
11	0.01178	0.01151	0.01736	0.34442	0.02544	0.01546	0.01396	0.01413	0.00990	0.01413	0.00865	0.01368	0.00756	0.00818	0.01319	0.00225	0.45454	0.00504	0.00252	0.00630
12	0.39481	0.01043	0.01105	0.00902	0.01300	0.01063	0.00743	0.02294	0.03985	0.40372	0.01596	0.01491	0.01066	0.00630	0.00475	0.00178	0.00465	0.00457	0.00543	0.00810
13	0.75508	0.01097	0.00930	0.08665	0.01394	0.01282	0.00718	0.01659	0.00991	0.02454	0.00819	0.00990	0.00634	0.00535	0.00376	0.00178	0.00475	0.00330	0.00344	0.00621
14	0.00753	0.00538	0.00727	0.00854	0.00914	0.00512	0.00623	0.00897	0.01165	0.01548	0.05634	0.59862	0.03724	0.01721	0.00742	0.00238	0.00375	0.18158	0.00533	0.00482
15	0.01319	0.01260	0.02147	0.25131	0.55465	0.01334	0.01707	0.01671	0.01257	0.01751	0.01059	0.01447	0.00865	0.00528	0.00568	0.00176	0.00703	0.00509	0.00275	0.00828

[dist]
# distance from previous block
# <min> <max>
2	31

[block]
# block no. 2 follows, 41 sequences, length 13
# corresponding to MSA columns:
# 429-441
name=unknown_C
#
# <colnr> <probs for GDERKNQSTAVLIFYWHMCP>
#	G	D	E	R	K	N	Q	S	T	A	V	L	I	F	Y	W	H	M	C	P
0	0.02211	0.04669	0.04631	0.01040	0.01475	0.00966	0.00889	0.04783	0.06009	0.55774	0.02110	0.06222	0.01470	0.00743	0.00567	0.00175	0.00499	0.00608	0.00629	0.04529
1	0.01529	0.80242	0.02997	0.00979	0.01468	0.02263	0.00979	0.01713	0.01162	0.01346	0.00795	0.00918	0.00734	0.00489	0.00367	0.00122	0.00612	0.00306	0.00245	0.00734
2	0.03904	0.01159	0.01918	0.44336	0.31091	0.01325	0.01606	0.01576	0.01187	0.01647	0.01020	0.01453	0.00812	0.00566	0.00619	0.00185	0.04090	0.00502	0.00268	0.00737
3	0.00697	0.00498	0.00664	0.00796	0.00830	0.00465	0.00531	0.00796	0.01095	0.01460	0.03153	0.79525	0.03783	0.01792	0.00730	0.00232	0.00332	0.01626	0.00531	0.00465
4	0.01066	0.00533	0.00533	0.00533	0.00666	0.00533	0.00400	0.01333	0.01200	0.02132	0.01866	0.02132	0.01466	0.00666	0.00400	0.00133	0.00267	0.00533	0.83073	0.00533
5	0.01561	0.76163	0.02925	0.01005	0.01484	0.06228	0.00985	0.01743	0.01186	0.01349	0.00800	0.00924	0.00734	0.00495	0.00375	0.00124	0.00634	0.00309	0.00247	0.00730
6	0.01645	0.01241	0.01315	0.01056	0.01420	0.01317	0.00856	0.48398	0.02199	0.02877	0.02937	0.02834	0.27536	0.00956	0.00609	0.00179	0.00509	0.00760	0.00558	0.00800
7	0.01348	0.01258	0.02080	0.28769	0.47344	0.01354	0.01659	0.06026	0.01332	0.01835	0.01074	0.01450	0.00861	0.00541	0.00569	0.00177	0.00705	0.00510	0.00291	0.00818
8	0.83938	0.01106	0.00841	0.00752	0.01106	0.01283	0.00619	0.01681	0.00973	0.02566	0.00796	0.00929	0.00619	0.00531	0.00354	0.00177	0.00442	0.00310	0.00354	0.00619
9	0.09651	0.01170	0.01399	0.01082	0.01521	0.01154	0.00893	0.23711	0.01887	0.48707	0.01868	0.01688	0.01215	0.00686	0.00555	0.00175	0.00525	0.00534	0.00637	0.00942
10	0.00911	0.00744	0.01138	0.10331	0.07397	0.00862	0.00900	0.01124	0.00986	0.01392	0.01545	0.08942	0.01507	0.06446	0.47960	0.00658	0.05603	0.00685	0.00317	0.00552
11	0.00779	0.00572	0.00752	0.00828	0.00925	0.00522	0.00596	0.00927	0.01175	0.01596	0.08839	0.56944	0.03589	0.01593	0.00706	0.00219	0.00360	0.10739	0.00521	0.07817
12	0.00923	0.00583	0.00791	0.00878	0.00976	0.00549	0.00657	0.01080	0.01216	0.08211	0.05414	0.51739	0.03502	0.01622	0.00730	0.00234	0.00393	0.19425	0.00549	0.00528

[dist]
# distance from previous block
# <min> <max>
0	2

[block]
# block no. 3 follows, 41 sequences, length 38
# corresponding to MSA columns:
# 444-481
name=unknown_D
#
# <colnr> <probs for GDERKNQSTAVLIFYWHMCP>
#	G	D	E	R	K	N	Q	S	T	A	V	L	I	F	Y	W	H	M	C	P
0	0.00927	0.00712	0.01058	0.01075	0.01213	0.00745	0.04529	0.01174	0.01230	0.01654	0.08182	0.04927	0.02831	0.05017	0.14920	0.00384	0.04273	0.44151	0.00463	0.00535
1	0.01275	0.19965	0.50382	0.01408	0.02078	0.05693	0.01679	0.01733	0.01184	0.01621	0.00965	0.01175	0.00748	0.00646	0.00634	0.06628	0.00777	0.00399	0.00246	0.00764
2	0.03553	0.01595	0.05876	0.01584	0.10061	0.09918	0.06163	0.27644	0.13341	0.07069	0.01553	0.06356	0.01233	0.00715	0.00578	0.00178	0.00656	0.00593	0.00474	0.00860
3	0.02077	0.00953	0.01212	0.00963	0.01342	0.00872	0.00784	0.09983	0.02963	0.50202	0.09859	0.02599	0.11884	0.00852	0.00598	0.00179	0.00453	0.00701	0.00660	0.00863
4	0.01619	0.01278	0.02093	0.04494	0.36008	0.01225	0.11805	0.06435	0.01436	0.15274	0.01307	0.01499	0.00984	0.00542	0.00565	0.00164	0.00652	0.00523	0.00384	0.11716
5	0.02016	0.01486	0.01639	0.07263	0.01869	0.01653	0.01081	0.63940	0.02471	0.03341	0.01378	0.01435	0.00989	0.00676	0.00561	0.00171	0.00616	0.00516	0.05981	0.00918
6	0.01503	0.01564	0.07046	0.02132	0.08292	0.01448	0.44898	0.11203	0.08973	0.05038	0.01332	0.01567	0.00986	0.00552	0.00633	0.00187	0.00823	0.00621	0.00368	0.00833
7	0.01507	0.75773	0.07273	0.01016	0.01526	0.02209	0.01044	0.01718	0.01165	0.01373	0.00809	0.00934	0.00733	0.00492	0.00377	0.00126	0.00625	0.00313	0.00244	0.00740
8	0.01505	0.01329	0.02244	0.03317	0.70513	0.01319	0.01684	0.01836	0.01328	0.07685	0.01168	0.01457	0.00946	0.00525	0.00567	0.00170	0.00665	0.00515	0.00316	0.00911
9	0.01479	0.01292	0.01601	0.01802	0.21480	0.01433	0.01146	0.08243	0.49912	0.02347	0.01920	0.01883	0.01462	0.00698	0.00577	0.00186	0.00527	0.00600	0.00502	0.00911
10	0.00809	0.00593	0.00736	0.00813	0.00897	0.00568	0.00563	0.06519	0.01242	0.01636	0.03308	0.65213	0.11615	0.01668	0.00712	0.00223	0.00350	0.01493	0.00534	0.00506
11	0.01411	0.01365	0.02341	0.03282	0.66056	0.01370	0.07336	0.01840	0.05830	0.01898	0.01159	0.01469	0.00954	0.00524	0.00576	0.00173	0.00688	0.00531	0.00302	0.00896
12	0.00739	0.00585	0.00667	0.00656	0.00824	0.00513	0.00498	0.00938	0.01426	0.01841	0.32705	0.05075	0.45421	0.01347	0.00681	0.00191	0.00293	0.04523	0.00569	0.00507
13	0.00819	0.00605	0.00882	0.00882	0.00971	0.00695	0.00668	0.00997	0.00908	0.01300	0.01566	0.02437	0.01512	0.13892	0.68142	0.00873	0.01408	0.00641	0.00312	0.00490
14	0.01147	0.02959	0.76934	0.01630	0.02476	0.01328	0.02113	0.01811	0.01208	0.01811	0.01026	0.01208	0.00725	0.00543	0.00543	0.00181	0.00845	0.00423	0.00242	0.00845
15	0.71259	0.01390	0.12495	0.00887	0.01316	0.01290	0.00848	0.01701	0.01009	0.02451	0.00832	0.00972	0.00636	0.00533	0.00383	0.00178	0.00504	0.00327	0.00337	0.00654
16	0.16600	0.00996	0.01243	0.00972	0.01399	0.00917	0.00803	0.02597	0.01523	0.63936	0.02005	0.01771	0.01279	0.00677	0.00537	0.00177	0.00479	0.00529	0.00647	0.00912
17	0.00818	0.00609	0.00902	0.00902	0.00998	0.00706	0.00694	0.01010	0.00914	0.01315	0.01548	0.02334	0.01468	0.08662	0.73311	0.00898	0.01476	0.00626	0.00309	0.00501
18	0.01251	0.01251	0.01752	0.01502	0.01502	0.01752	0.01251	0.01377	0.00876	0.01377	0.00751	0.01251	0.00751	0.01001	0.01877	0.00250	0.78851	0.00501	0.00250	0.00626
19	0.01529	0.00739	0.00962	0.00816	0.01081	0.00657	0.00643	0.01768	0.01570	0.32496	0.34809	0.03296	0.09884	0.00974	0.00616	0.00177	0.00360	0.00830	0.06083	0.00711
20	0.00697	0.00498	0.00664	0.00796	0.00830	0.00465	0.00531	0.00796	0.01095	0.01460	0.03153	0.79525	0.03783	0.01792	0.00730	0.00232	0.00332	0.01626	0.00531	0.00465
21	0.01251	0.01251	0.01752	0.01502	0.01502	0.01752	0.01251	0.01377	0.00876	0.01377	0.00751	0.01251	0.00751	0.01001	0.01877	0.00250	0.78851	0.00501	0.00250	0.00626
22	0.05499	0.01301	0.02065	0.06527	0.49025	0.01456	0.01556	0.01636	0.01164	0.01752	0.00972	0.01353	0.00843	0.00645	0.00906	0.00193	0.21530	0.00497	0.00276	0.00804
23	0.01209	0.15474	0.64961	0.01525	0.02312	0.01480	0.01930	0.01795	0.01200	0.01736	0.00989	0.01161	0.00726	0.00535	0.00515	0.00172	0.00807	0.00404	0.00242	0.00827
24	0.00697	0.00498	0.00664	0.00796	0.00830	0.00465	0.00531	0.00796	0.01095	0.01460	0.03153	0.79525	0.03783	0.01792	0.00730	0.00232	0.00332	0.01626	0.00531	0.00465
25	0.01186	0.01017	0.01186	0.00847	0.01356	0.00762	0.00678	0.01440	0.01186	0.01864	0.01017	0.01186	0.00847	0.00424	0.00424	0.00085	0.00424	0.00339	0.00339	0.83395
26	0.01147	0.02959	0.76934	0.01630	0.02476	0.01328	0.02113	0.01811	0.01208	0.01811	0.01026	0.01208	0.00725	0.00543	0.00543	0.00181	0.00845	0.00423	0.00242	0.00845
27	0.00874	0.00653	0.00820	0.00767	0.00921	0.00633	0.00578	0.01286	0.09396	0.02304	0.68249	0.04047	0.05012	0.01128	0.00665	0.00181	0.00289	0.00993	0.00625	0.00578
28	0.01737	0.01135	0.01280	0.01096	0.01451	0.01218	0.00868	0.05630	0.47370	0.23583	0.02462	0.02238	0.05737	0.00790	0.00585	0.00188	0.00460	0.00652	0.00615	0.00904
29	0.01831	0.07531	0.16964	0.01489	0.01958	0.34976	0.05853	0.16311	0.04310	0.01974	0.01071	0.01197	0.00824	0.00593	0.00535	0.00162	0.00863	0.00433	0.00345	0.00781
30	0.02009	0.01515	0.01602	0.06077	0.01820	0.05979	0.01059	0.52921	0.06832	0.07982	0.01661	0.01655	0.04795	0.00719	0.00575	0.00174	0.00624	0.00553	0.00544	0.00905
31	0.00810	0.00586	0.00774	0.00732	0.00865	0.00551	0.00551	0.01076	0.01575	0.02233	0.71380	0.04146	0.05149	0.01364	0.05476	0.00226	0.00349	0.01008	0.00609	0.00538
32	0.00774	0.00530	0.00641	0.00698	0.00712	0.00516	0.00425	0.00817	0.00944	0.01259	0.02379	0.36094	0.02807	0.46555	0.01980	0.00417	0.00459	0.01171	0.00425	0.00397
33	0.01287	0.01391	0.06749	0.10592	0.21956	0.01523	0.09303	0.01622	0.03726	0.01629	0.00983	0.01385	0.00840	0.00731	0.01126	0.00210	0.33409	0.00523	0.00275	0.00741
34	0.01190	0.11564	0.68701	0.01558	0.02363	0.01432	0.01987	0.01800	0.01203	0.01760	0.01001	0.01175	0.00726	0.00537	0.00524	0.00175	0.00819	0.00410	0.00242	0.00833
35	0.00736	0.00718	0.05394	0.00704	0.00904	0.00545	0.00574	0.00934	0.01336	0.01708	0.19887	0.14948	0.46811	0.01380	0.00675	0.00195	0.00326	0.01178	0.00534	0.00515
36	0.01767	0.02107	0.09703	0.01478	0.05187	0.35343	0.01185	0.10777	0.17223	0.01937	0.01347	0.04129	0.01093	0.00689	0.00598	0.00171	0.03598	0.00506	0.00389	0.00773
37	0.11626	0.01070	0.01182	0.01087	0.01373	0.01172	0.00899	0.19285	0.18258	0.03850	0.03460	0.04547	0.03192	0.01032	0.00628	0.00210	0.00513	0.25344	0.00534	0.00738

[dist]
# distance from previous block
# <min> <max>
6	63

# created by:
# /software/SequenceAnalysis/GenePrediction/augustus/3.0.1/scripts/msa2prfl.pl ./fixed/BUSCOvEOG7FJ9Q5.fas
