[name]
unknown

[dist]
# distance from previous block
# <min> <max>
1	271

[block]
# block no. 0 follows, 37 sequences, length 76
# corresponding to MSA columns:
# 306-381
name=unknown_A
#
# <colnr> <probs for GDERKNQSTAVLIFYWHMCP>
#	G	D	E	R	K	N	Q	S	T	A	V	L	I	F	Y	W	H	M	C	P
0	0.00746	0.00533	0.00710	0.00852	0.00888	0.00497	0.00568	0.00852	0.01172	0.01563	0.03374	0.78088	0.04049	0.01918	0.00781	0.00249	0.00355	0.01740	0.00568	0.00497
1	0.01637	0.78856	0.03208	0.01047	0.01571	0.02422	0.01047	0.01833	0.01244	0.01440	0.00851	0.00982	0.00786	0.00524	0.00393	0.00131	0.00655	0.00327	0.00262	0.00786
2	0.19520	0.02390	0.01569	0.01390	0.01742	0.50426	0.01069	0.11425	0.01735	0.02072	0.00994	0.01128	0.00794	0.00631	0.00523	0.00168	0.00913	0.00401	0.00368	0.00743
3	0.02287	0.02917	0.01735	0.01577	0.01892	0.76030	0.01183	0.02444	0.01735	0.01498	0.00946	0.01104	0.00788	0.00631	0.00552	0.00158	0.01104	0.00394	0.00315	0.00710
4	0.47013	0.01391	0.05840	0.04776	0.01566	0.06625	0.04107	0.01805	0.01174	0.06286	0.01282	0.01546	0.04089	0.05028	0.00706	0.00217	0.05008	0.00473	0.00381	0.00688
5	0.00746	0.00533	0.00710	0.00852	0.00888	0.00497	0.00568	0.00852	0.01172	0.01563	0.03374	0.78088	0.04049	0.01918	0.00781	0.00249	0.00355	0.01740	0.00568	0.00497
6	0.01481	0.01444	0.02494	0.12827	0.02678	0.01541	0.32316	0.10329	0.12914	0.02199	0.04979	0.01840	0.01299	0.00694	0.00799	0.00209	0.08055	0.00673	0.00403	0.00826
7	0.02312	0.03054	0.05683	0.05376	0.01731	0.01047	0.01009	0.02761	0.10006	0.52542	0.02213	0.02020	0.01460	0.00740	0.00599	0.00189	0.00546	0.00602	0.05139	0.00973
8	0.00746	0.00533	0.00710	0.00852	0.00888	0.00497	0.00568	0.00852	0.01172	0.01563	0.03374	0.78088	0.04049	0.01918	0.00781	0.00249	0.00355	0.01740	0.00568	0.00497
9	0.01269	0.01088	0.01269	0.00907	0.01451	0.00816	0.00725	0.01541	0.01269	0.01995	0.01088	0.01269	0.00907	0.00453	0.00453	0.00091	0.00453	0.00363	0.00363	0.82229
10	0.02295	0.04469	0.12326	0.01260	0.01807	0.01082	0.05109	0.02652	0.03357	0.51510	0.02022	0.01859	0.01320	0.00694	0.00599	0.00183	0.00606	0.00574	0.00615	0.05663
11	0.15076	0.01560	0.05435	0.08082	0.02621	0.01513	0.36300	0.13103	0.01599	0.06929	0.01267	0.01525	0.00924	0.00585	0.00627	0.00198	0.00829	0.00599	0.00392	0.00837
12	0.00890	0.00593	0.00668	0.00668	0.00668	0.00593	0.00371	0.00890	0.00890	0.01187	0.01929	0.04006	0.02225	0.78487	0.03116	0.00593	0.00593	0.00890	0.00371	0.00371
13	0.34150	0.01505	0.01466	0.01170	0.01616	0.01691	0.00966	0.44623	0.02152	0.03418	0.01226	0.01282	0.00892	0.00669	0.00520	0.00186	0.00594	0.00464	0.00520	0.00892
14	0.09168	0.01348	0.01581	0.31748	0.06658	0.12921	0.02967	0.03137	0.01374	0.07093	0.01292	0.01610	0.00982	0.00642	0.00580	0.00184	0.02159	0.00514	0.13324	0.00718
15	0.00761	0.00543	0.00728	0.00870	0.00912	0.00510	0.00594	0.00878	0.01187	0.01579	0.03366	0.73637	0.04016	0.01904	0.00785	0.00251	0.00368	0.06043	0.00568	0.00501
16	0.01445	0.01651	0.03612	0.02580	0.03199	0.01548	0.72446	0.01961	0.01445	0.01961	0.01238	0.01651	0.00929	0.00516	0.00722	0.00206	0.01032	0.00722	0.00310	0.00826
17	0.01307	0.01220	0.02039	0.54963	0.18139	0.01418	0.04602	0.05727	0.01362	0.01799	0.01129	0.01600	0.00864	0.00602	0.00615	0.00198	0.00799	0.00552	0.00299	0.00765
18	0.00746	0.00533	0.00710	0.00852	0.00888	0.00497	0.00568	0.00852	0.01172	0.01563	0.03374	0.78088	0.04049	0.01918	0.00781	0.00249	0.00355	0.01740	0.00568	0.00497
19	0.01500	0.01439	0.02458	0.06757	0.71784	0.01451	0.01871	0.01866	0.01387	0.01982	0.01149	0.01520	0.00963	0.00548	0.00606	0.00183	0.00731	0.00545	0.00302	0.00958
20	0.00986	0.00705	0.00986	0.01127	0.01268	0.00705	0.00986	0.01268	0.01409	0.01832	0.03241	0.06905	0.03523	0.01691	0.00845	0.00282	0.00564	0.70549	0.00564	0.00564
21	0.00743	0.00543	0.00700	0.00826	0.00881	0.00499	0.00557	0.00855	0.01197	0.01573	0.03692	0.69966	0.11965	0.01876	0.00775	0.00244	0.00350	0.01690	0.00568	0.00499
22	0.02287	0.02917	0.01735	0.01577	0.01892	0.76030	0.01183	0.02444	0.01735	0.01498	0.00946	0.01104	0.00788	0.00631	0.00552	0.00158	0.01104	0.00394	0.00315	0.00710
23	0.00753	0.00544	0.00713	0.00834	0.00886	0.00504	0.00563	0.00875	0.01224	0.01631	0.08587	0.68876	0.08044	0.01850	0.00774	0.00242	0.00348	0.01670	0.00576	0.00504
24	0.02327	0.01715	0.01837	0.01408	0.01898	0.01898	0.01163	0.72628	0.02878	0.03858	0.01470	0.01470	0.01041	0.00735	0.00612	0.00184	0.00674	0.00551	0.00612	0.01041
25	0.02327	0.01715	0.01837	0.01408	0.01898	0.01898	0.01163	0.72628	0.02878	0.03858	0.01470	0.01470	0.01041	0.00735	0.00612	0.00184	0.00674	0.00551	0.00612	0.01041
26	0.02287	0.02917	0.01735	0.01577	0.01892	0.76030	0.01183	0.02444	0.01735	0.01498	0.00946	0.01104	0.00788	0.00631	0.00552	0.00158	0.01104	0.00394	0.00315	0.00710
27	0.01226	0.08837	0.05823	0.01006	0.01233	0.00973	0.00822	0.09203	0.01420	0.07115	0.02540	0.44520	0.02751	0.01376	0.00704	0.00215	0.02325	0.01195	0.06055	0.00660
28	0.00860	0.00581	0.00676	0.00706	0.00713	0.00574	0.00412	0.00882	0.00948	0.01264	0.02226	0.19258	0.02601	0.62723	0.02635	0.00522	0.00544	0.01065	0.00412	0.00397
29	0.04968	0.02898	0.63260	0.01745	0.02586	0.01452	0.07137	0.05395	0.01370	0.02070	0.01116	0.01313	0.00794	0.00584	0.00584	0.00194	0.00883	0.00471	0.00285	0.00895
30	0.01450	0.24320	0.47670	0.01533	0.02271	0.09274	0.01812	0.01960	0.01324	0.01754	0.01014	0.01186	0.00780	0.00570	0.00526	0.00173	0.00855	0.00411	0.00265	0.00852
31	0.00890	0.00593	0.00668	0.00668	0.00668	0.00593	0.00371	0.00890	0.00890	0.01187	0.01929	0.04006	0.02225	0.78487	0.03116	0.00593	0.00593	0.00890	0.00371	0.00371
32	0.01269	0.01088	0.01269	0.00907	0.01451	0.00816	0.00725	0.01541	0.01269	0.01995	0.01088	0.01269	0.00907	0.00453	0.00453	0.00091	0.00453	0.00363	0.00363	0.82229
33	0.05459	0.01343	0.07821	0.01393	0.01894	0.01128	0.13594	0.05619	0.05195	0.41386	0.07124	0.02058	0.01616	0.00731	0.00630	0.00194	0.00629	0.00645	0.00603	0.00940
34	0.02124	0.00931	0.01244	0.00988	0.01376	0.00805	0.00799	0.02377	0.01712	0.49896	0.22114	0.02710	0.02644	0.00872	0.00633	0.00183	0.00452	0.00733	0.00706	0.06699
35	0.00753	0.00564	0.00703	0.00809	0.00893	0.00514	0.00565	0.00882	0.01241	0.01600	0.04078	0.56008	0.21723	0.01813	0.00770	0.00240	0.00355	0.05414	0.00568	0.00506
36	0.00754	0.00541	0.00703	0.00828	0.00871	0.00504	0.00550	0.00856	0.01167	0.01544	0.03442	0.69405	0.07883	0.06685	0.00924	0.00268	0.00368	0.01662	0.00556	0.00490
37	0.01542	0.01260	0.01657	0.01332	0.05789	0.04311	0.09891	0.05866	0.01458	0.08962	0.01308	0.01475	0.01014	0.00535	0.00523	0.00131	0.00579	0.00467	0.05500	0.46400
38	0.00742	0.00547	0.00695	0.00814	0.00878	0.00500	0.00551	0.00857	0.01209	0.01578	0.03838	0.66245	0.15592	0.01857	0.00772	0.00242	0.00348	0.01667	0.00568	0.00500
39	0.02070	0.01019	0.01299	0.01059	0.01458	0.00941	0.00859	0.02562	0.13366	0.43042	0.11435	0.02631	0.02169	0.00857	0.00628	0.00189	0.00482	0.04685	0.00677	0.08572
40	0.64671	0.06761	0.01304	0.05221	0.01522	0.01478	0.04719	0.04698	0.01164	0.02589	0.00912	0.01085	0.00710	0.00571	0.00421	0.00187	0.00545	0.00374	0.00370	0.00697
41	0.00746	0.00533	0.00710	0.00852	0.00888	0.00497	0.00568	0.00852	0.01172	0.01563	0.03374	0.78088	0.04049	0.01918	0.00781	0.00249	0.00355	0.01740	0.00568	0.00497
42	0.01228	0.03166	0.75316	0.01745	0.02649	0.01422	0.02262	0.01939	0.01292	0.01939	0.01099	0.01292	0.00775	0.00582	0.00582	0.00194	0.00905	0.00452	0.00258	0.00905
43	0.01228	0.03166	0.75316	0.01745	0.02649	0.01422	0.02262	0.01939	0.01292	0.01939	0.01099	0.01292	0.00775	0.00582	0.00582	0.00194	0.00905	0.00452	0.00258	0.00905
44	0.00744	0.00538	0.00705	0.00838	0.00884	0.00498	0.00562	0.00854	0.01186	0.01568	0.03551	0.73573	0.08449	0.01895	0.00778	0.00246	0.00352	0.01712	0.00568	0.00498
45	0.00874	0.00656	0.00984	0.00984	0.01093	0.00765	0.00765	0.01093	0.00984	0.01421	0.01640	0.02405	0.01530	0.04591	0.76062	0.00984	0.01640	0.00656	0.00328	0.00547
46	0.00763	0.00545	0.00730	0.00872	0.00915	0.00512	0.00598	0.00882	0.01189	0.01582	0.03364	0.73015	0.04011	0.01902	0.00786	0.00251	0.00370	0.06644	0.00568	0.00502
47	0.02327	0.01715	0.01837	0.01408	0.01898	0.01898	0.01163	0.72628	0.02878	0.03858	0.01470	0.01470	0.01041	0.00735	0.00612	0.00184	0.00674	0.00551	0.00612	0.01041
48	0.01156	0.01088	0.01836	0.77016	0.04216	0.01360	0.01700	0.01564	0.01224	0.01564	0.01088	0.01632	0.00816	0.00612	0.00612	0.00204	0.00816	0.00544	0.00272	0.00680
49	0.02287	0.02917	0.01735	0.01577	0.01892	0.76030	0.01183	0.02444	0.01735	0.01498	0.00946	0.01104	0.00788	0.00631	0.00552	0.00158	0.01104	0.00394	0.00315	0.00710
50	0.01357	0.01446	0.02923	0.22678	0.11889	0.01458	0.43120	0.01814	0.01372	0.01848	0.01245	0.03694	0.00988	0.00583	0.00681	0.00204	0.00920	0.00681	0.00306	0.00795
51	0.00746	0.00533	0.00710	0.00852	0.00888	0.00497	0.00568	0.00852	0.01172	0.01563	0.03374	0.78088	0.04049	0.01918	0.00781	0.00249	0.00355	0.01740	0.00568	0.00497
52	0.01505	0.01263	0.01342	0.01191	0.01528	0.01433	0.00930	0.09485	0.57656	0.02623	0.07729	0.02578	0.06239	0.00893	0.00635	0.00204	0.00478	0.00743	0.00622	0.00922
53	0.01790	0.01308	0.01500	0.01222	0.01535	0.01456	0.00983	0.39796	0.02171	0.05950	0.14043	0.05923	0.02069	0.05285	0.00943	0.00221	0.09775	0.00725	0.02466	0.00842
54	0.00810	0.00600	0.00755	0.00765	0.00892	0.00546	0.00555	0.01027	0.01527	0.02081	0.43804	0.24085	0.17338	0.01478	0.00738	0.00210	0.00310	0.01305	0.00628	0.00546
55	0.01269	0.01088	0.01269	0.00907	0.01451	0.00816	0.00725	0.01541	0.01269	0.01995	0.01088	0.01269	0.00907	0.00453	0.00453	0.00091	0.00453	0.00363	0.00363	0.82229
56	0.05790	0.02088	0.27156	0.01423	0.02048	0.01548	0.01457	0.34323	0.02023	0.05865	0.01327	0.01409	0.00949	0.00650	0.00573	0.00179	0.00711	0.00493	0.02066	0.07924
57	0.04949	0.01143	0.12878	0.04615	0.01603	0.00854	0.09342	0.01254	0.01259	0.01790	0.07595	0.44545	0.02978	0.01370	0.00711	0.00226	0.00543	0.01250	0.00474	0.00622
58	0.00754	0.00617	0.00665	0.00662	0.00848	0.00529	0.00493	0.00935	0.01456	0.01817	0.20286	0.08865	0.56938	0.01504	0.00726	0.00206	0.00308	0.01274	0.00590	0.00529
59	0.19951	0.01444	0.01480	0.01173	0.01603	0.01592	0.00964	0.45868	0.02249	0.07593	0.01441	0.01482	0.01038	0.00697	0.00543	0.00181	0.00582	0.00508	0.08699	0.00911
60	0.43600	0.01269	0.01768	0.08713	0.05221	0.01366	0.20185	0.01797	0.01201	0.02355	0.01074	0.01348	0.00827	0.00568	0.00507	0.00192	0.00655	0.00484	0.06155	0.00715
61	0.00763	0.00545	0.00730	0.00872	0.00915	0.00512	0.00598	0.00882	0.01189	0.01582	0.03364	0.73015	0.04011	0.01902	0.00786	0.00251	0.00370	0.06644	0.00568	0.00502
62	0.41138	0.01143	0.01173	0.04409	0.01456	0.01277	0.04274	0.10910	0.06516	0.02607	0.01474	0.09567	0.01279	0.00768	0.00502	0.00193	0.00509	0.00591	0.09497	0.00714
63	0.01331	0.01330	0.02150	0.48552	0.20567	0.05590	0.08360	0.01725	0.01313	0.01700	0.01109	0.01577	0.00861	0.00588	0.00618	0.00196	0.00832	0.00553	0.00285	0.00763
64	0.00746	0.00533	0.00710	0.00852	0.00888	0.00497	0.00568	0.00852	0.01172	0.01563	0.03374	0.78088	0.04049	0.01918	0.00781	0.00249	0.00355	0.01740	0.00568	0.00497
65	0.01132	0.00685	0.00951	0.08032	0.01315	0.00659	0.00730	0.01321	0.01374	0.13688	0.16045	0.45031	0.03650	0.01484	0.00728	0.00224	0.00413	0.01328	0.00591	0.00618
66	0.01691	0.01668	0.01461	0.01319	0.01658	0.17925	0.01016	0.03075	0.57751	0.02327	0.02151	0.02024	0.01631	0.00787	0.00607	0.00197	0.00621	0.00627	0.00555	0.00912
67	0.00746	0.00533	0.00710	0.00852	0.00888	0.00497	0.00568	0.00852	0.01172	0.01563	0.03374	0.78088	0.04049	0.01918	0.00781	0.00249	0.00355	0.01740	0.00568	0.00497
68	0.01063	0.00532	0.00797	0.00797	0.00797	0.00532	0.00532	0.00797	0.00797	0.01063	0.01063	0.01861	0.01063	0.02127	0.02392	0.82190	0.00532	0.00532	0.00266	0.00266
69	0.00746	0.00533	0.00710	0.00852	0.00888	0.00497	0.00568	0.00852	0.01172	0.01563	0.03374	0.78088	0.04049	0.01918	0.00781	0.00249	0.00355	0.01740	0.00568	0.00497
70	0.01637	0.78856	0.03208	0.01047	0.01571	0.02422	0.01047	0.01833	0.01244	0.01440	0.00851	0.00982	0.00786	0.00524	0.00393	0.00131	0.00655	0.00327	0.00262	0.00786
71	0.02239	0.02838	0.01742	0.01578	0.01878	0.72299	0.01191	0.02395	0.01695	0.01497	0.00939	0.01116	0.00789	0.00653	0.00625	0.00163	0.04941	0.00401	0.00313	0.00708
72	0.02287	0.02917	0.01735	0.01577	0.01892	0.76030	0.01183	0.02444	0.01735	0.01498	0.00946	0.01104	0.00788	0.00631	0.00552	0.00158	0.01104	0.00394	0.00315	0.00710
73	0.01429	0.01374	0.01861	0.56358	0.07582	0.09383	0.01594	0.09746	0.01476	0.01841	0.01120	0.01551	0.00847	0.00624	0.00605	0.00196	0.00826	0.00529	0.00317	0.00740
74	0.00725	0.00612	0.00628	0.00640	0.00832	0.00515	0.00474	0.00876	0.01376	0.01646	0.05953	0.12219	0.68253	0.01582	0.00729	0.00210	0.00314	0.01331	0.00568	0.00515
75	0.01237	0.01138	0.01737	0.60336	0.03638	0.01396	0.01539	0.01936	0.17149	0.01783	0.01397	0.01775	0.01048	0.00660	0.00614	0.00205	0.00743	0.00577	0.00349	0.00744

[dist]
# distance from previous block
# <min> <max>
0	1

[block]
# block no. 1 follows, 37 sequences, length 15
# corresponding to MSA columns:
# 383-397
name=unknown_B
#
# <colnr> <probs for GDERKNQSTAVLIFYWHMCP>
#	G	D	E	R	K	N	Q	S	T	A	V	L	I	F	Y	W	H	M	C	P
0	0.00746	0.00533	0.00710	0.00852	0.00888	0.00497	0.00568	0.00852	0.01172	0.01563	0.03374	0.78088	0.04049	0.01918	0.00781	0.00249	0.00355	0.01740	0.00568	0.00497
1	0.01269	0.01088	0.01269	0.00907	0.01451	0.00816	0.00725	0.01541	0.01269	0.01995	0.01088	0.01269	0.00907	0.00453	0.00453	0.00091	0.00453	0.00363	0.00363	0.82229
2	0.01637	0.78856	0.03208	0.01047	0.01571	0.02422	0.01047	0.01833	0.01244	0.01440	0.00851	0.00982	0.00786	0.00524	0.00393	0.00131	0.00655	0.00327	0.00262	0.00786
3	0.02333	0.01634	0.01778	0.01371	0.01853	0.01788	0.01130	0.63092	0.05746	0.10571	0.01602	0.01562	0.01121	0.00741	0.00613	0.00185	0.00651	0.00563	0.00627	0.01038
4	0.00781	0.00659	0.00681	0.00669	0.00877	0.00577	0.00503	0.01034	0.05367	0.01779	0.12472	0.05569	0.63938	0.01483	0.00718	0.00205	0.00318	0.01242	0.00581	0.00547
5	0.00866	0.00626	0.00818	0.00770	0.00914	0.00578	0.00578	0.01155	0.01733	0.02455	0.74346	0.04572	0.05776	0.01251	0.00722	0.00193	0.00289	0.01107	0.00674	0.00578
6	0.01239	0.06115	0.61193	0.01744	0.02556	0.01424	0.08781	0.01875	0.01298	0.01898	0.01230	0.05659	0.00976	0.00648	0.00598	0.00195	0.00875	0.00546	0.00281	0.00869
7	0.00746	0.00533	0.00710	0.00852	0.00888	0.00497	0.00568	0.00852	0.01172	0.01563	0.03374	0.78088	0.04049	0.01918	0.00781	0.00249	0.00355	0.01740	0.00568	0.00497
8	0.04285	0.01441	0.08668	0.10356	0.01961	0.01471	0.01172	0.05474	0.44365	0.02362	0.01966	0.01977	0.01483	0.00774	0.00676	0.00204	0.04913	0.00617	0.04952	0.00882
9	0.52073	0.01467	0.01405	0.01285	0.06139	0.10657	0.07641	0.05871	0.01286	0.02469	0.00998	0.01252	0.00808	0.03728	0.00571	0.00203	0.00637	0.00425	0.00372	0.00713
10	0.00746	0.00533	0.00710	0.00852	0.00888	0.00497	0.00568	0.00852	0.01172	0.01563	0.03374	0.78088	0.04049	0.01918	0.00781	0.00249	0.00355	0.01740	0.00568	0.00497
11	0.01228	0.03166	0.75316	0.01745	0.02649	0.01422	0.02262	0.01939	0.01292	0.01939	0.01099	0.01292	0.00775	0.00582	0.00582	0.00194	0.00905	0.00452	0.00258	0.00905
12	0.01228	0.03166	0.75316	0.01745	0.02649	0.01422	0.02262	0.01939	0.01292	0.01939	0.01099	0.01292	0.00775	0.00582	0.00582	0.00194	0.00905	0.00452	0.00258	0.00905
13	0.00746	0.00533	0.00710	0.00852	0.00888	0.00497	0.00568	0.00852	0.01172	0.01563	0.03374	0.78088	0.04049	0.01918	0.00781	0.00249	0.00355	0.01740	0.00568	0.00497
14	0.00866	0.00626	0.00818	0.00770	0.00914	0.00578	0.00578	0.01155	0.01733	0.02455	0.74346	0.04572	0.05776	0.01251	0.00722	0.00193	0.00289	0.01107	0.00674	0.00578

[dist]
# distance from previous block
# <min> <max>
0	1

[block]
# block no. 2 follows, 37 sequences, length 82
# corresponding to MSA columns:
# 399-480
name=unknown_C
#
# <colnr> <probs for GDERKNQSTAVLIFYWHMCP>
#	G	D	E	R	K	N	Q	S	T	A	V	L	I	F	Y	W	H	M	C	P
0	0.01672	0.01793	0.03681	0.02678	0.03298	0.01659	0.69816	0.02105	0.01583	0.02169	0.01469	0.01965	0.01152	0.00677	0.00817	0.00249	0.01093	0.00790	0.00392	0.00942
1	0.79940	0.01343	0.01072	0.00971	0.01360	0.01491	0.00767	0.01949	0.01195	0.02924	0.01098	0.01333	0.00897	0.00727	0.00487	0.00233	0.00555	0.00414	0.00458	0.00785
2	0.02482	0.03011	0.01876	0.01714	0.02041	0.73304	0.01267	0.02570	0.01862	0.01724	0.01188	0.01439	0.01017	0.00787	0.00653	0.00202	0.01162	0.00474	0.00397	0.00830
3	0.01672	0.01793	0.03681	0.02678	0.03298	0.01659	0.69816	0.02105	0.01583	0.02169	0.01469	0.01965	0.01152	0.00677	0.00817	0.00249	0.01093	0.00790	0.00392	0.00942
4	0.00979	0.00797	0.00807	0.00803	0.01019	0.00666	0.00581	0.01062	0.01526	0.01870	0.06128	0.08966	0.68997	0.01686	0.00821	0.00251	0.00400	0.01356	0.00641	0.00644
5	0.02924	0.01206	0.01574	0.01244	0.01724	0.01035	0.00995	0.03088	0.01879	0.72516	0.02601	0.02381	0.01716	0.00909	0.00715	0.00233	0.00601	0.00687	0.00823	0.01150
6	0.01065	0.00804	0.00923	0.00884	0.01069	0.00703	0.00645	0.01230	0.01739	0.02356	0.47330	0.05248	0.30457	0.01491	0.00817	0.00241	0.00385	0.01226	0.00704	0.00681
7	0.01000	0.00717	0.00890	0.01017	0.01075	0.00648	0.00676	0.01038	0.01321	0.01786	0.03523	0.75491	0.04153	0.02025	0.00874	0.00289	0.00442	0.01769	0.00640	0.00626
8	0.01504	0.01251	0.01428	0.01069	0.01616	0.00955	0.00827	0.01701	0.01414	0.02201	0.01325	0.01598	0.01131	0.00616	0.00558	0.00138	0.00536	0.00444	0.00443	0.79245
9	0.01824	0.69960	0.09101	0.01260	0.01819	0.02419	0.01235	0.01990	0.01394	0.01708	0.01117	0.01346	0.01014	0.00689	0.00515	0.00181	0.00750	0.00420	0.00345	0.00913
10	0.08887	0.05518	0.01870	0.01634	0.01955	0.60047	0.01230	0.02436	0.01739	0.01821	0.01168	0.01440	0.01008	0.00805	0.00724	0.00210	0.05808	0.00475	0.00397	0.00827
11	0.01139	0.00775	0.00849	0.00839	0.00863	0.00741	0.00486	0.01075	0.01050	0.01424	0.02133	0.04230	0.02400	0.75679	0.03119	0.00621	0.00671	0.00951	0.00451	0.00504
12	0.79940	0.01343	0.01072	0.00971	0.01360	0.01491	0.00767	0.01949	0.01195	0.02924	0.01098	0.01333	0.00897	0.00727	0.00487	0.00233	0.00555	0.00414	0.00458	0.00785
13	0.01657	0.01689	0.03244	0.10886	0.19127	0.01618	0.46740	0.02044	0.01548	0.02135	0.01434	0.01933	0.01149	0.00693	0.00780	0.00243	0.01002	0.00732	0.00386	0.00958
14	0.01035	0.00764	0.00958	0.01061	0.01117	0.00728	0.00721	0.01075	0.01307	0.01780	0.03373	0.71004	0.03964	0.01976	0.00946	0.00291	0.04944	0.01698	0.00623	0.00636
15	0.02556	0.01797	0.01939	0.01524	0.02018	0.01911	0.01226	0.64172	0.02866	0.10037	0.01772	0.01843	0.01301	0.00889	0.00712	0.00228	0.00735	0.00631	0.00695	0.01149
16	0.01491	0.01362	0.02191	0.53118	0.19989	0.01518	0.04660	0.01808	0.01411	0.01899	0.01338	0.01914	0.01083	0.00761	0.00746	0.00243	0.02606	0.00626	0.00364	0.00872
17	0.01116	0.00806	0.00994	0.00938	0.01100	0.00725	0.00685	0.01330	0.01860	0.02644	0.71793	0.04775	0.05815	0.01384	0.00817	0.00236	0.00378	0.01160	0.00742	0.00703
18	0.51005	0.01853	0.01363	0.01228	0.01602	0.22305	0.00945	0.05108	0.04314	0.02615	0.01214	0.01434	0.00995	0.00762	0.00554	0.00224	0.00740	0.00455	0.00460	0.00826
19	0.00994	0.00741	0.00865	0.00952	0.01058	0.00653	0.00648	0.01046	0.01383	0.01811	0.04311	0.55389	0.23747	0.01923	0.00858	0.00278	0.00429	0.01644	0.00640	0.00631
20	0.01305	0.00716	0.00974	0.00964	0.00988	0.00681	0.00641	0.00986	0.00960	0.01305	0.01301	0.02167	0.01282	0.02226	0.02424	0.79111	0.00611	0.00606	0.00349	0.00403
21	0.01515	0.01454	0.02485	0.03757	0.74669	0.01454	0.01879	0.01879	0.01394	0.02000	0.01151	0.01515	0.00970	0.00545	0.00606	0.00182	0.00727	0.00545	0.00303	0.00970
22	0.00754	0.00621	0.00662	0.00652	0.00845	0.00530	0.00489	0.00937	0.01466	0.01823	0.20574	0.05613	0.59942	0.01487	0.00723	0.00204	0.00306	0.01253	0.00591	0.00530
23	0.01498	0.01437	0.02453	0.07297	0.71265	0.01450	0.01870	0.01863	0.01386	0.01979	0.01148	0.01521	0.00962	0.00549	0.00606	0.00183	0.00731	0.00545	0.00302	0.00956
24	0.01675	0.74416	0.03122	0.01078	0.01590	0.06726	0.01055	0.01869	0.01272	0.01444	0.00857	0.00989	0.00786	0.00530	0.00402	0.00132	0.00681	0.00331	0.00265	0.00781
25	0.02287	0.02917	0.01735	0.01577	0.01892	0.76030	0.01183	0.02444	0.01735	0.01498	0.00946	0.01104	0.00788	0.00631	0.00552	0.00158	0.01104	0.00394	0.00315	0.00710
26	0.01239	0.01056	0.01237	0.00903	0.01418	0.00797	0.00716	0.01501	0.01264	0.01969	0.01222	0.05761	0.01090	0.00539	0.00473	0.00100	0.00448	0.00443	0.00375	0.77451
27	0.00746	0.00533	0.00710	0.00852	0.00888	0.00497	0.00568	0.00852	0.01172	0.01563	0.03374	0.78088	0.04049	0.01918	0.00781	0.00249	0.00355	0.01740	0.00568	0.00497
28	0.00729	0.00620	0.00628	0.00626	0.00830	0.00519	0.00470	0.00890	0.01409	0.01686	0.08959	0.05838	0.71642	0.01538	0.00723	0.00206	0.00309	0.01284	0.00573	0.00519
29	0.01445	0.01651	0.03612	0.02580	0.03199	0.01548	0.72446	0.01961	0.01445	0.01961	0.01238	0.01651	0.00929	0.00516	0.00722	0.00206	0.01032	0.00722	0.00310	0.00826
30	0.01279	0.01097	0.01274	0.00920	0.01456	0.00843	0.00735	0.01606	0.04023	0.02016	0.01141	0.01308	0.00943	0.00468	0.00460	0.00095	0.00455	0.00375	0.00373	0.79135
31	0.01269	0.01088	0.01269	0.00907	0.01451	0.00816	0.00725	0.01541	0.01269	0.01995	0.01088	0.01269	0.00907	0.00453	0.00453	0.00091	0.00453	0.00363	0.00363	0.82229
32	0.00874	0.00656	0.00984	0.00984	0.01093	0.00765	0.00765	0.01093	0.00984	0.01421	0.01640	0.02405	0.01530	0.04591	0.76062	0.00984	0.01640	0.00656	0.00328	0.00547
33	0.01228	0.03166	0.75316	0.01745	0.02649	0.01422	0.02262	0.01939	0.01292	0.01939	0.01099	0.01292	0.00775	0.00582	0.00582	0.00194	0.00905	0.00452	0.00258	0.00905
34	0.00866	0.00626	0.00818	0.00770	0.00914	0.00578	0.00578	0.01155	0.01733	0.02455	0.74346	0.04572	0.05776	0.01251	0.00722	0.00193	0.00289	0.01107	0.00674	0.00578
35	0.01141	0.00571	0.00571	0.00571	0.00713	0.00571	0.00428	0.01426	0.01284	0.02282	0.01997	0.02282	0.01569	0.00713	0.00428	0.00143	0.00285	0.00571	0.81886	0.00571
36	0.00986	0.00705	0.00986	0.01127	0.01268	0.00705	0.00986	0.01268	0.01409	0.01832	0.03241	0.06905	0.03523	0.01691	0.00845	0.00282	0.00564	0.70549	0.00564	0.00564
37	0.01515	0.01454	0.02485	0.03757	0.74669	0.01454	0.01879	0.01879	0.01394	0.02000	0.01151	0.01515	0.00970	0.00545	0.00606	0.00182	0.00727	0.00545	0.00303	0.00970
38	0.82811	0.01184	0.00900	0.00805	0.01184	0.01373	0.00663	0.01799	0.01042	0.02746	0.00852	0.00994	0.00663	0.00568	0.00379	0.00189	0.00474	0.00331	0.00379	0.00663
39	0.00723	0.00620	0.00620	0.00620	0.00827	0.00517	0.00465	0.00878	0.01395	0.01654	0.06201	0.05891	0.74421	0.01550	0.00723	0.00207	0.00310	0.01292	0.00568	0.00517
40	0.01308	0.01111	0.01290	0.00925	0.01467	0.00855	0.00741	0.04110	0.01327	0.02062	0.01102	0.01277	0.00912	0.00464	0.00459	0.00094	0.00461	0.00369	0.00372	0.79295
41	0.00874	0.00656	0.00984	0.00984	0.01093	0.00765	0.00765	0.01093	0.00984	0.01421	0.01640	0.02405	0.01530	0.04591	0.76062	0.00984	0.01640	0.00656	0.00328	0.00547
42	0.00732	0.00620	0.00632	0.00629	0.00832	0.00520	0.00472	0.00895	0.01415	0.01700	0.10185	0.05814	0.70407	0.01533	0.00723	0.00206	0.00309	0.01281	0.00575	0.00520
43	0.02746	0.01042	0.01421	0.01089	0.01563	0.00900	0.00900	0.02983	0.01752	0.75093	0.02415	0.02083	0.01515	0.00758	0.00616	0.00189	0.00521	0.00616	0.00758	0.01042
44	0.02662	0.01023	0.01393	0.01075	0.01533	0.00885	0.00885	0.02901	0.01751	0.71824	0.05652	0.02195	0.01707	0.00780	0.00620	0.00190	0.00510	0.00638	0.00754	0.01021
45	0.00874	0.00656	0.00984	0.00984	0.01093	0.00765	0.00765	0.01093	0.00984	0.01421	0.01640	0.02405	0.01530	0.04591	0.76062	0.00984	0.01640	0.00656	0.00328	0.00547
46	0.01445	0.01651	0.03612	0.02580	0.03199	0.01548	0.72446	0.01961	0.01445	0.01961	0.01238	0.01651	0.00929	0.00516	0.00722	0.00206	0.01032	0.00722	0.00310	0.00826
47	0.01512	0.01462	0.02529	0.03711	0.71860	0.01458	0.04652	0.01882	0.01396	0.01998	0.01155	0.01520	0.00968	0.00544	0.00611	0.00183	0.00739	0.00552	0.00303	0.00964
48	0.01228	0.03166	0.75316	0.01745	0.02649	0.01422	0.02262	0.01939	0.01292	0.01939	0.01099	0.01292	0.00775	0.00582	0.00582	0.00194	0.00905	0.00452	0.00258	0.00905
49	0.00746	0.00533	0.00710	0.00852	0.00888	0.00497	0.00568	0.00852	0.01172	0.01563	0.03374	0.78088	0.04049	0.01918	0.00781	0.00249	0.00355	0.01740	0.00568	0.00497
50	0.07427	0.01050	0.01390	0.01072	0.01540	0.00927	0.00886	0.02914	0.01710	0.70863	0.02324	0.02020	0.01465	0.00747	0.00602	0.00189	0.00518	0.00599	0.00735	0.01020
51	0.01345	0.01356	0.01969	0.01660	0.01693	0.01857	0.05178	0.01499	0.00965	0.01499	0.00827	0.01356	0.00810	0.01041	0.01939	0.00265	0.73246	0.00546	0.00270	0.00678
52	0.02242	0.01651	0.01776	0.01378	0.01844	0.01823	0.01131	0.68753	0.02786	0.03734	0.01572	0.05606	0.01203	0.00799	0.00621	0.00187	0.00656	0.00615	0.00610	0.01012
53	0.01433	0.01628	0.03539	0.05651	0.03241	0.01540	0.69527	0.01944	0.01436	0.01944	0.01232	0.01650	0.00924	0.00520	0.00718	0.00206	0.01023	0.00715	0.00308	0.00820
54	0.01202	0.01012	0.01188	0.00891	0.01361	0.00775	0.00694	0.01446	0.01243	0.01917	0.01346	0.08805	0.01269	0.04106	0.00605	0.00129	0.00450	0.00519	0.00383	0.70658
55	0.02746	0.01042	0.01421	0.01089	0.01563	0.00900	0.00900	0.02983	0.01752	0.75093	0.02415	0.02083	0.01515	0.00758	0.00616	0.00189	0.00521	0.00616	0.00758	0.01042
56	0.00845	0.00618	0.00793	0.00764	0.00905	0.00566	0.00567	0.01107	0.01659	0.02315	0.62848	0.10607	0.11460	0.01330	0.00727	0.00198	0.00296	0.01174	0.00656	0.00566
57	0.01470	0.01581	0.03207	0.03003	0.28856	0.01514	0.47113	0.01931	0.01426	0.01975	0.01207	0.01602	0.00943	0.00527	0.00681	0.00198	0.00923	0.00659	0.00307	0.00877
58	0.01279	0.01097	0.01274	0.00920	0.01456	0.00843	0.00735	0.01606	0.04023	0.02016	0.01141	0.01308	0.00943	0.00468	0.00460	0.00095	0.00455	0.00375	0.00373	0.79135
59	0.01156	0.01088	0.01836	0.77016	0.04216	0.01360	0.01700	0.01564	0.01224	0.01564	0.01088	0.01632	0.00816	0.00612	0.00612	0.00204	0.00816	0.00544	0.00272	0.00680
60	0.00746	0.00533	0.00710	0.00852	0.00888	0.00497	0.00568	0.00852	0.01172	0.01563	0.03374	0.78088	0.04049	0.01918	0.00781	0.00249	0.00355	0.01740	0.00568	0.00497
61	0.01515	0.01454	0.02485	0.03757	0.74669	0.01454	0.01879	0.01879	0.01394	0.02000	0.01151	0.01515	0.00970	0.00545	0.00606	0.00182	0.00727	0.00545	0.00303	0.00970
62	0.00746	0.00533	0.00710	0.00852	0.00888	0.00497	0.00568	0.00852	0.01172	0.01563	0.03374	0.78088	0.04049	0.01918	0.00781	0.00249	0.00355	0.01740	0.00568	0.00497
63	0.00789	0.00566	0.00749	0.00823	0.00897	0.00526	0.00572	0.00961	0.01373	0.01883	0.28852	0.51697	0.04669	0.01679	0.00760	0.00228	0.00331	0.01513	0.00606	0.00526
64	0.00746	0.00533	0.00710	0.00852	0.00888	0.00497	0.00568	0.00852	0.01172	0.01563	0.03374	0.78088	0.04049	0.01918	0.00781	0.00249	0.00355	0.01740	0.00568	0.00497
65	0.00956	0.00683	0.00951	0.01092	0.01220	0.00678	0.00933	0.01216	0.01379	0.01798	0.03258	0.15919	0.03589	0.01720	0.00837	0.00278	0.00537	0.61835	0.00564	0.00555
66	0.79746	0.01204	0.00935	0.00828	0.01211	0.01393	0.00682	0.04497	0.01112	0.02789	0.00876	0.01012	0.00677	0.00575	0.00388	0.00189	0.00481	0.00340	0.00388	0.00677
67	0.01323	0.01204	0.01813	0.04743	0.01763	0.01507	0.08975	0.01583	0.04359	0.05570	0.01476	0.14912	0.01473	0.01111	0.01456	0.00248	0.44645	0.00779	0.00368	0.00691
68	0.04953	0.01438	0.02362	0.03337	0.61291	0.01462	0.04915	0.02012	0.08345	0.02084	0.01272	0.01573	0.01042	0.00573	0.00603	0.00186	0.00707	0.00558	0.00337	0.00950
69	0.02450	0.15999	0.01820	0.01172	0.01628	0.14063	0.00982	0.04251	0.01679	0.47051	0.01848	0.01695	0.01243	0.00691	0.00563	0.00173	0.00649	0.00522	0.00586	0.00937
70	0.02708	0.01103	0.01459	0.01118	0.01593	0.00991	0.00924	0.09331	0.01855	0.68600	0.02329	0.02028	0.01472	0.00756	0.00615	0.00189	0.00535	0.00610	0.00744	0.01042
71	0.79702	0.01180	0.00935	0.03707	0.01299	0.01373	0.00702	0.01790	0.01049	0.02701	0.00861	0.01019	0.00669	0.00570	0.00388	0.00190	0.00487	0.00340	0.00375	0.00664
72	0.01515	0.01454	0.02485	0.03757	0.74669	0.01454	0.01879	0.01879	0.01394	0.02000	0.01151	0.01515	0.00970	0.00545	0.00606	0.00182	0.00727	0.00545	0.00303	0.00970
73	0.01523	0.01315	0.01384	0.01246	0.01592	0.01523	0.00969	0.03253	0.73563	0.02561	0.02491	0.02284	0.01869	0.00830	0.00623	0.00208	0.00484	0.00692	0.00623	0.00969
74	0.00979	0.00683	0.00922	0.08437	0.01314	0.00687	0.00733	0.03093	0.04321	0.05966	0.03003	0.60792	0.03407	0.01643	0.00744	0.00237	0.00425	0.01479	0.00553	0.00582
75	0.00746	0.00533	0.00710	0.00852	0.00888	0.00497	0.00568	0.00852	0.01172	0.01563	0.03374	0.78088	0.04049	0.01918	0.00781	0.00249	0.00355	0.01740	0.00568	0.00497
76	0.01156	0.01088	0.01836	0.77016	0.04216	0.01360	0.01700	0.01564	0.01224	0.01564	0.01088	0.01632	0.00816	0.00612	0.00612	0.00204	0.00816	0.00544	0.00272	0.00680
77	0.01310	0.01331	0.02221	0.13576	0.05345	0.01630	0.17335	0.01580	0.01127	0.01623	0.01098	0.05605	0.01016	0.00899	0.01379	0.00240	0.41035	0.00644	0.00296	0.00709
78	0.06487	0.00771	0.00771	0.00704	0.00911	0.00809	0.00547	0.11525	0.01494	0.02535	0.01850	0.02086	0.01437	0.00707	0.00451	0.00151	0.00352	0.00553	0.65217	0.00643
79	0.00756	0.00545	0.00717	0.00835	0.00888	0.00506	0.00565	0.00883	0.01236	0.01653	0.10342	0.67938	0.07193	0.01838	0.00773	0.00241	0.00347	0.01660	0.00578	0.00506
80	0.01460	0.01162	0.01281	0.01166	0.01476	0.01300	0.00916	0.02806	0.54547	0.06404	0.11877	0.02942	0.02490	0.00951	0.00653	0.00211	0.00467	0.06369	0.00632	0.00889
81	0.01385	0.13244	0.52143	0.05717	0.02543	0.01602	0.04810	0.08078	0.01427	0.02018	0.01102	0.01298	0.00808	0.00586	0.00566	0.00185	0.00851	0.00460	0.00293	0.00885

[dist]
# distance from previous block
# <min> <max>
10	31

[block]
# block no. 3 follows, 37 sequences, length 61
# corresponding to MSA columns:
# 514-574
name=unknown_D
#
# <colnr> <probs for GDERKNQSTAVLIFYWHMCP>
#	G	D	E	R	K	N	Q	S	T	A	V	L	I	F	Y	W	H	M	C	P
0	0.02123	0.01712	0.01727	0.01463	0.05239	0.10593	0.01131	0.52177	0.02458	0.03243	0.01434	0.01534	0.01069	0.00947	0.05183	0.00227	0.00763	0.00540	0.05498	0.00939
1	0.06237	0.01416	0.02353	0.08050	0.66087	0.01444	0.01797	0.01855	0.01363	0.02017	0.01130	0.01492	0.00942	0.00551	0.00593	0.00184	0.00718	0.00533	0.00306	0.00934
2	0.82811	0.01184	0.00900	0.00805	0.01184	0.01373	0.00663	0.01799	0.01042	0.02746	0.00852	0.00994	0.00663	0.00568	0.00379	0.00189	0.00474	0.00331	0.00379	0.00663
3	0.00723	0.00620	0.00620	0.00620	0.00827	0.00517	0.00465	0.00878	0.01395	0.01654	0.06201	0.05891	0.74421	0.01550	0.00723	0.00207	0.00310	0.01292	0.00568	0.00517
4	0.01253	0.07779	0.70921	0.01702	0.02584	0.01483	0.02188	0.01932	0.01289	0.01908	0.01083	0.01273	0.00776	0.00578	0.00570	0.00190	0.00889	0.00445	0.00259	0.00897
5	0.00858	0.00625	0.00806	0.00761	0.00909	0.00574	0.00571	0.01138	0.01712	0.02406	0.70201	0.04653	0.09951	0.01270	0.00722	0.00193	0.00290	0.01118	0.00667	0.00574
6	0.01552	0.01271	0.01366	0.01232	0.01574	0.01452	0.00967	0.03139	0.66581	0.05875	0.02526	0.02509	0.01936	0.00871	0.00634	0.00211	0.00490	0.04236	0.00626	0.00952
7	0.02208	0.14045	0.02020	0.01401	0.01846	0.23400	0.01151	0.41351	0.02294	0.02800	0.01222	0.01288	0.00928	0.00672	0.00561	0.00168	0.00795	0.00471	0.00472	0.00906
8	0.01063	0.00532	0.00797	0.00797	0.00797	0.00532	0.00532	0.00797	0.00797	0.01063	0.01063	0.01861	0.01063	0.02127	0.02392	0.82190	0.00532	0.00532	0.00266	0.00266
9	0.01373	0.01159	0.01258	0.01133	0.01440	0.01299	0.00877	0.02752	0.56087	0.02523	0.18149	0.02759	0.02698	0.00913	0.00640	0.00201	0.00441	0.00775	0.00628	0.02895
10	0.02746	0.01042	0.01421	0.01089	0.01563	0.00900	0.00900	0.02983	0.01752	0.75093	0.02415	0.02083	0.01515	0.00758	0.00616	0.00189	0.00521	0.00616	0.00758	0.01042
11	0.01637	0.78856	0.03208	0.01047	0.01571	0.02422	0.01047	0.01833	0.01244	0.01440	0.00851	0.00982	0.00786	0.00524	0.00393	0.00131	0.00655	0.00327	0.00262	0.00786
12	0.02699	0.01031	0.01405	0.01081	0.01546	0.00891	0.00891	0.02937	0.01752	0.73243	0.04247	0.02147	0.01624	0.00770	0.00618	0.00189	0.00515	0.00628	0.00755	0.01030
13	0.01920	0.05941	0.17996	0.01867	0.14790	0.01720	0.01515	0.39557	0.02162	0.04676	0.01324	0.01428	0.00969	0.00658	0.00593	0.00183	0.00729	0.00519	0.00467	0.00986
14	0.01180	0.01113	0.01880	0.72028	0.09013	0.01366	0.01712	0.01585	0.01236	0.01594	0.01092	0.01624	0.00826	0.00607	0.00612	0.00202	0.00810	0.00544	0.00274	0.00700
15	0.65115	0.01214	0.01032	0.00898	0.01256	0.01409	0.00738	0.09448	0.01250	0.02774	0.00984	0.01139	0.00764	0.00621	0.00491	0.00190	0.04444	0.00380	0.05155	0.00699
16	0.00746	0.00533	0.00710	0.00852	0.00888	0.00497	0.00568	0.00852	0.01172	0.01563	0.03374	0.78088	0.04049	0.01918	0.00781	0.00249	0.00355	0.01740	0.00568	0.00497
17	0.01393	0.01172	0.01637	0.43343	0.03048	0.01394	0.01371	0.02298	0.28995	0.06419	0.01707	0.01909	0.01262	0.00705	0.00616	0.00204	0.00671	0.00605	0.00436	0.00813
18	0.00890	0.00593	0.00668	0.00668	0.00668	0.00593	0.00371	0.00890	0.00890	0.01187	0.01929	0.04006	0.02225	0.78487	0.03116	0.00593	0.00593	0.00890	0.00371	0.00371
19	0.00736	0.00607	0.00646	0.00666	0.00842	0.00517	0.00488	0.00891	0.01380	0.01687	0.09825	0.17179	0.59242	0.01590	0.00732	0.00212	0.00316	0.01351	0.00575	0.00517
20	0.00866	0.00626	0.00818	0.00770	0.00914	0.00578	0.00578	0.01155	0.01733	0.02455	0.74346	0.04572	0.05776	0.01251	0.00722	0.00193	0.00289	0.01107	0.00674	0.00578
21	0.00875	0.00652	0.00965	0.00965	0.01068	0.00755	0.00742	0.01081	0.00978	0.01407	0.01656	0.02498	0.01571	0.08903	0.71805	0.00961	0.01579	0.00670	0.00330	0.00536
22	0.01628	0.67902	0.10131	0.01140	0.01691	0.05828	0.01172	0.01872	0.01272	0.01491	0.00880	0.01018	0.00785	0.00534	0.00419	0.00138	0.00700	0.00343	0.00264	0.00793
23	0.00882	0.00567	0.00759	0.00868	0.00934	0.00525	0.00591	0.00997	0.01211	0.06570	0.03309	0.72912	0.03876	0.01839	0.00770	0.00245	0.00366	0.01664	0.00581	0.00534
24	0.02655	0.01189	0.01512	0.01159	0.01636	0.01118	0.00957	0.18192	0.01998	0.59536	0.02209	0.01949	0.01412	0.00753	0.00615	0.00188	0.00554	0.00601	0.00726	0.01042
25	0.82811	0.01184	0.00900	0.00805	0.01184	0.01373	0.00663	0.01799	0.01042	0.02746	0.00852	0.00994	0.00663	0.00568	0.00379	0.00189	0.00474	0.00331	0.00379	0.00663
26	0.01610	0.61953	0.03050	0.01639	0.17535	0.02211	0.01229	0.01843	0.01277	0.01562	0.00917	0.01098	0.00826	0.00528	0.00439	0.00142	0.00670	0.00375	0.00271	0.00826
27	0.01320	0.05262	0.38673	0.01867	0.02613	0.01413	0.24690	0.01884	0.01336	0.01935	0.01133	0.01393	0.00844	0.00540	0.00601	0.00181	0.00871	0.00522	0.00290	0.12631
28	0.02233	0.01933	0.01792	0.04323	0.01970	0.18048	0.01178	0.51065	0.06154	0.03189	0.01393	0.01437	0.01019	0.00712	0.00600	0.00180	0.00763	0.00524	0.00535	0.00951
29	0.00876	0.00652	0.00962	0.00962	0.01064	0.00753	0.00738	0.01079	0.00977	0.01405	0.01659	0.02514	0.01578	0.09623	0.71094	0.00957	0.01568	0.00672	0.00331	0.00535
30	0.01409	0.36794	0.43279	0.01435	0.02170	0.01866	0.01722	0.01892	0.01271	0.01717	0.00989	0.01154	0.00780	0.00556	0.00498	0.00166	0.00794	0.00397	0.00260	0.00852
31	0.00840	0.00610	0.00794	0.00803	0.00927	0.00565	0.00597	0.01080	0.01568	0.02169	0.49860	0.20866	0.09421	0.01445	0.00743	0.00212	0.00323	0.05985	0.00637	0.00555
32	0.00723	0.00620	0.00620	0.00620	0.00827	0.00517	0.00465	0.00878	0.01395	0.01654	0.06201	0.05891	0.74421	0.01550	0.00723	0.00207	0.00310	0.01292	0.00568	0.00517
33	0.01514	0.01668	0.03177	0.02862	0.23774	0.05868	0.47897	0.01965	0.01447	0.01945	0.01196	0.01580	0.00932	0.00531	0.00679	0.00196	0.00948	0.00652	0.00308	0.00860
34	0.01323	0.01120	0.01298	0.00932	0.01473	0.00871	0.00748	0.05151	0.01351	0.02089	0.01107	0.01279	0.00913	0.00468	0.00461	0.00095	0.00465	0.00372	0.00375	0.78107
35	0.00890	0.00593	0.00668	0.00668	0.00668	0.00593	0.00371	0.00890	0.00890	0.01187	0.01929	0.04006	0.02225	0.78487	0.03116	0.00593	0.00593	0.00890	0.00371	0.00371
36	0.00890	0.00593	0.00668	0.00668	0.00668	0.00593	0.00371	0.00890	0.00890	0.01187	0.01929	0.04006	0.02225	0.78487	0.03116	0.00593	0.00593	0.00890	0.00371	0.00371
37	0.00755	0.00536	0.00708	0.00841	0.00874	0.00503	0.00556	0.00855	0.01155	0.01540	0.03286	0.73582	0.03938	0.06575	0.00923	0.00270	0.00370	0.01688	0.00556	0.00490
38	0.02327	0.01715	0.01837	0.01408	0.01898	0.01898	0.01163	0.72628	0.02878	0.03858	0.01470	0.01470	0.01041	0.00735	0.00612	0.00184	0.00674	0.00551	0.00612	0.01041
39	0.01269	0.01088	0.01269	0.00907	0.01451	0.00816	0.00725	0.01541	0.01269	0.01995	0.01088	0.01269	0.00907	0.00453	0.00453	0.00091	0.00453	0.00363	0.00363	0.82229
40	0.82811	0.01184	0.00900	0.00805	0.01184	0.01373	0.00663	0.01799	0.01042	0.02746	0.00852	0.00994	0.00663	0.00568	0.00379	0.00189	0.00474	0.00331	0.00379	0.00663
41	0.02746	0.01042	0.01421	0.01089	0.01563	0.00900	0.00900	0.02983	0.01752	0.75093	0.02415	0.02083	0.01515	0.00758	0.00616	0.00189	0.00521	0.00616	0.00758	0.01042
42	0.00746	0.00533	0.00710	0.00852	0.00888	0.00497	0.00568	0.00852	0.01172	0.01563	0.03374	0.78088	0.04049	0.01918	0.00781	0.00249	0.00355	0.01740	0.00568	0.00497
43	0.00906	0.00702	0.01044	0.01026	0.01128	0.00841	0.00804	0.01119	0.00981	0.01425	0.01583	0.02332	0.01481	0.04351	0.71019	0.00935	0.06796	0.00648	0.00324	0.00555
44	0.00846	0.00627	0.00790	0.00754	0.00909	0.00571	0.00569	0.01114	0.01671	0.02312	0.61803	0.04837	0.16700	0.01309	0.00725	0.00197	0.00299	0.02745	0.00654	0.00568
45	0.00746	0.00533	0.00710	0.00852	0.00888	0.00497	0.00568	0.00852	0.01172	0.01563	0.03374	0.78088	0.04049	0.01918	0.00781	0.00249	0.00355	0.01740	0.00568	0.00497
46	0.00953	0.00645	0.00846	0.00785	0.00944	0.00592	0.00592	0.01240	0.01734	0.05811	0.71022	0.04457	0.05579	0.01229	0.00717	0.00192	0.00300	0.01084	0.00678	0.00599
47	0.00859	0.00625	0.00808	0.00762	0.00910	0.00574	0.00572	0.01141	0.01715	0.02413	0.70837	0.04640	0.09311	0.01267	0.00722	0.00193	0.00290	0.01117	0.00668	0.00574
48	0.02287	0.02917	0.01735	0.01577	0.01892	0.76030	0.01183	0.02444	0.01735	0.01498	0.00946	0.01104	0.00788	0.00631	0.00552	0.00158	0.01104	0.00394	0.00315	0.00710
49	0.00746	0.00533	0.00710	0.00852	0.00888	0.00497	0.00568	0.00852	0.01172	0.01563	0.03374	0.78088	0.04049	0.01918	0.00781	0.00249	0.00355	0.01740	0.00568	0.00497
50	0.02278	0.01250	0.01831	0.02047	0.26985	0.01189	0.01265	0.09354	0.01737	0.42799	0.01884	0.01827	0.01280	0.00682	0.00612	0.00186	0.00607	0.00585	0.00586	0.01017
51	0.01784	0.01256	0.01395	0.01209	0.01574	0.01381	0.00951	0.09911	0.48729	0.16201	0.02430	0.06786	0.01854	0.00874	0.00630	0.00204	0.00502	0.00728	0.00644	0.00961
52	0.00874	0.00656	0.00984	0.00984	0.01093	0.00765	0.00765	0.01093	0.00984	0.01421	0.01640	0.02405	0.01530	0.04591	0.76062	0.00984	0.01640	0.00656	0.00328	0.00547
53	0.01337	0.02251	0.42412	0.01441	0.02075	0.01312	0.01630	0.12971	0.06046	0.02395	0.17789	0.02122	0.02013	0.00772	0.00621	0.00193	0.00704	0.00630	0.00430	0.00856
54	0.01398	0.01137	0.01300	0.00951	0.01464	0.00941	0.00764	0.10707	0.01478	0.02253	0.01193	0.01357	0.00964	0.00505	0.00472	0.00106	0.00472	0.00400	0.05354	0.66786
55	0.01258	0.01163	0.01932	0.36908	0.15529	0.01290	0.08348	0.04538	0.01331	0.01807	0.01414	0.10691	0.01270	0.00764	0.00681	0.00201	0.03535	0.00697	0.02354	0.04291
56	0.03143	0.01420	0.01640	0.29382	0.02515	0.13175	0.01297	0.07681	0.01382	0.01847	0.01149	0.01541	0.00926	0.00745	0.00898	0.00201	0.18560	0.00518	0.11281	0.00698
57	0.00890	0.00593	0.00668	0.00668	0.00668	0.00593	0.00371	0.00890	0.00890	0.01187	0.01929	0.04006	0.02225	0.78487	0.03116	0.00593	0.00593	0.00890	0.00371	0.00371
58	0.01117	0.00910	0.01155	0.00952	0.01302	0.00817	0.00753	0.02921	0.01178	0.01781	0.01342	0.01778	0.01187	0.02298	0.34049	0.00490	0.00985	0.00497	0.00353	0.44135
59	0.01918	0.01315	0.01471	0.01212	0.01633	0.01397	0.00969	0.16856	0.37219	0.18162	0.02135	0.01981	0.01535	0.00759	0.00603	0.00188	0.00527	0.00616	0.00624	0.08880
60	0.01602	0.01277	0.01539	0.05732	0.01741	0.01521	0.01092	0.09319	0.35219	0.08659	0.01873	0.01949	0.01438	0.01111	0.06064	0.00270	0.17584	0.00626	0.00515	0.00871

[dist]
# distance from previous block
# <min> <max>
0	29

[block]
# block no. 4 follows, 37 sequences, length 84
# corresponding to MSA columns:
# 604-687
name=unknown_E
#
# <colnr> <probs for GDERKNQSTAVLIFYWHMCP>
#	G	D	E	R	K	N	Q	S	T	A	V	L	I	F	Y	W	H	M	C	P
0	0.01282	0.01071	0.01803	0.41121	0.12145	0.01188	0.06530	0.01632	0.01365	0.06967	0.13359	0.02148	0.01727	0.00778	0.00714	0.03718	0.00700	0.00655	0.00379	0.00718
1	0.01242	0.03064	0.70471	0.01801	0.02687	0.01430	0.07004	0.01940	0.01303	0.01940	0.01108	0.01317	0.00786	0.00577	0.00591	0.00195	0.00913	0.00471	0.00262	0.00899
2	0.00875	0.00575	0.00766	0.00854	0.00929	0.00531	0.00588	0.01015	0.01285	0.05802	0.13564	0.63228	0.04156	0.01757	0.00763	0.00237	0.00355	0.01586	0.00594	0.00539
