[name]
unknown

[dist]
# distance from previous block
# <min> <max>
0	159

[block]
# block no. 0 follows, 41 sequences, length 35
# corresponding to MSA columns:
# 174-208
name=unknown_A
#
# <colnr> <probs for GDERKNQSTAVLIFYWHMCP>
#	G	D	E	R	K	N	Q	S	T	A	V	L	I	F	Y	W	H	M	C	P
0	0.00875	0.00642	0.00857	0.00959	0.01102	0.00624	0.00823	0.01119	0.01326	0.01706	0.06360	0.06205	0.15831	0.01542	0.00766	0.00248	0.00476	0.57487	0.00531	0.00520
1	0.01140	0.00962	0.01123	0.00828	0.01280	0.00735	0.00647	0.01369	0.01156	0.01791	0.01158	0.04392	0.01054	0.06518	0.00624	0.00126	0.00430	0.00426	0.00347	0.73893
2	0.00843	0.00640	0.00752	0.00737	0.00892	0.00597	0.00545	0.06503	0.01473	0.01950	0.29993	0.22229	0.27984	0.01372	0.00680	0.00196	0.00318	0.01192	0.00570	0.00536
3	0.00757	0.00583	0.00692	0.00664	0.00822	0.00517	0.00498	0.00978	0.01495	0.01999	0.48388	0.04758	0.33221	0.01279	0.00675	0.00185	0.00278	0.01102	0.00591	0.00517
4	0.01270	0.01404	0.02995	0.02247	0.05372	0.01319	0.62321	0.01699	0.01316	0.01787	0.01406	0.11383	0.01237	0.00649	0.00678	0.00197	0.00874	0.00789	0.00320	0.00738
5	0.01595	0.01163	0.01275	0.01119	0.01459	0.01291	0.00878	0.02921	0.60091	0.15187	0.02433	0.02216	0.04201	0.00787	0.00584	0.00191	0.00453	0.00653	0.00602	0.00903
6	0.06834	0.02577	0.60473	0.01667	0.06109	0.01304	0.05108	0.01856	0.01227	0.06108	0.01089	0.01256	0.00772	0.00547	0.00539	0.00181	0.00795	0.00439	0.00280	0.00837
7	0.06683	0.01648	0.01590	0.01265	0.01686	0.12831	0.01026	0.48128	0.04933	0.12409	0.01415	0.01398	0.01002	0.00670	0.00553	0.00170	0.00654	0.00494	0.00537	0.00905
8	0.04814	0.04914	0.71625	0.01574	0.02389	0.01351	0.02017	0.01803	0.01196	0.01832	0.01010	0.01188	0.00720	0.00541	0.00530	0.00179	0.00821	0.00415	0.00247	0.00832
9	0.14793	0.01323	0.04022	0.01558	0.08628	0.01603	0.02362	0.09603	0.01153	0.01885	0.00888	0.01251	0.00783	0.00883	0.02748	0.00232	0.44808	0.00475	0.00307	0.00697
10	0.03782	0.01311	0.01893	0.22406	0.38601	0.06891	0.01486	0.04843	0.01324	0.01787	0.01401	0.01706	0.06562	0.00626	0.00605	0.00178	0.02972	0.00546	0.00309	0.00772
11	0.01333	0.01120	0.01533	0.03527	0.01684	0.00935	0.10498	0.06049	0.01321	0.05601	0.01118	0.01293	0.00883	0.00466	0.00478	0.00112	0.00522	0.00411	0.00362	0.60754
12	0.04256	0.00999	0.01241	0.00923	0.01396	0.00814	0.00751	0.02067	0.01387	0.36343	0.01581	0.01529	0.01102	0.00558	0.00491	0.00130	0.00453	0.00447	0.00509	0.43022
13	0.00807	0.00587	0.00760	0.00724	0.00862	0.00541	0.00547	0.01070	0.01593	0.02236	0.69986	0.04409	0.08926	0.01197	0.00679	0.00183	0.00280	0.03457	0.00621	0.00536
14	0.02137	0.02726	0.01621	0.01474	0.01768	0.77602	0.01105	0.02284	0.01621	0.01400	0.00884	0.01031	0.00737	0.00589	0.00516	0.00147	0.01031	0.00368	0.00295	0.00663
15	0.69384	0.01152	0.01028	0.01008	0.06880	0.01304	0.00744	0.06393	0.01133	0.05349	0.00909	0.01033	0.00694	0.00546	0.00392	0.00176	0.00474	0.00348	0.00376	0.00677
16	0.02174	0.01602	0.01717	0.01316	0.01774	0.01774	0.01087	0.74423	0.02689	0.03605	0.01373	0.01373	0.00973	0.00687	0.00572	0.00172	0.00629	0.00515	0.00572	0.00973
17	0.00817	0.00613	0.00919	0.00919	0.01021	0.00715	0.00715	0.01021	0.00919	0.01328	0.01532	0.02247	0.01430	0.04290	0.77631	0.00919	0.01532	0.00613	0.00306	0.00511
18	0.00860	0.00593	0.00687	0.00676	0.00723	0.00586	0.00422	0.03463	0.01063	0.01435	0.14346	0.09701	0.05045	0.55491	0.02218	0.00442	0.00484	0.00928	0.00422	0.00414
19	0.02491	0.01094	0.01402	0.01075	0.01520	0.01020	0.00888	0.16557	0.01839	0.62672	0.02087	0.01837	0.01331	0.00704	0.00575	0.00176	0.00514	0.00564	0.00682	0.00973
20	0.01401	0.01221	0.01778	0.22441	0.02315	0.01437	0.09139	0.18851	0.01464	0.02039	0.01129	0.01485	0.00898	0.00876	0.04690	0.00230	0.19376	0.00527	0.05200	0.03503
21	0.00810	0.00615	0.00730	0.00734	0.02899	0.00542	0.00528	0.01016	0.01451	0.04076	0.36095	0.04753	0.41119	0.01280	0.00669	0.00186	0.00298	0.01094	0.00572	0.00534
22	0.02139	0.02671	0.01626	0.01466	0.01769	0.73907	0.01104	0.05799	0.01673	0.01507	0.00908	0.01048	0.00748	0.00594	0.00518	0.00149	0.01012	0.00376	0.00308	0.00678
23	0.01271	0.01067	0.01232	0.00888	0.01392	0.00850	0.00713	0.07744	0.01316	0.02014	0.01047	0.01202	0.00858	0.00446	0.00436	0.00092	0.00441	0.00354	0.00359	0.76275
24	0.08613	0.01177	0.08668	0.01057	0.01532	0.00922	0.00948	0.02608	0.01545	0.63779	0.02026	0.01797	0.01288	0.00678	0.00555	0.00177	0.00518	0.00540	0.00636	0.00934
25	0.01538	0.74908	0.05438	0.01018	0.01513	0.04887	0.01021	0.01736	0.01180	0.01363	0.00806	0.00931	0.00734	0.00495	0.00378	0.00125	0.00634	0.00312	0.00246	0.00735
26	0.79736	0.01119	0.00916	0.00893	0.04937	0.01287	0.00677	0.01685	0.00990	0.02531	0.00811	0.00954	0.00634	0.00530	0.00365	0.00177	0.00455	0.00320	0.00350	0.00634
27	0.56802	0.01200	0.01315	0.01243	0.09077	0.01315	0.07332	0.07301	0.01213	0.07154	0.00993	0.01131	0.00748	0.00547	0.00435	0.00177	0.00530	0.00395	0.00380	0.00711
28	0.01043	0.00541	0.00569	0.00569	0.00700	0.00550	0.00430	0.01303	0.01173	0.02057	0.01834	0.02143	0.01463	0.01008	0.07673	0.00207	0.00386	0.00541	0.75279	0.00531
29	0.00702	0.00502	0.00669	0.00793	0.00831	0.00468	0.00531	0.00810	0.01121	0.01501	0.06703	0.75858	0.03862	0.01762	0.00727	0.00230	0.00329	0.01597	0.00536	0.00468
30	0.00787	0.00641	0.01036	0.01018	0.01127	0.00600	0.10666	0.00939	0.01130	0.01511	0.02878	0.68804	0.03382	0.01612	0.00723	0.00227	0.00419	0.01495	0.00498	0.00507
31	0.01173	0.02786	0.68188	0.01749	0.04311	0.01340	0.08912	0.01812	0.01223	0.01815	0.01040	0.01244	0.00742	0.00537	0.00556	0.00182	0.00853	0.00449	0.00247	0.00840
32	0.01416	0.01359	0.02322	0.03511	0.76330	0.01359	0.01755	0.01755	0.01302	0.01869	0.01076	0.01416	0.00906	0.00510	0.00566	0.00170	0.00680	0.00510	0.00283	0.00906
33	0.00817	0.00613	0.00919	0.00919	0.01021	0.00715	0.00715	0.01021	0.00919	0.01328	0.01532	0.02247	0.01430	0.04290	0.77631	0.00919	0.01532	0.00613	0.00306	0.00511
34	0.02090	0.01591	0.01714	0.07190	0.01938	0.03992	0.01126	0.66730	0.02540	0.03376	0.01332	0.01375	0.00950	0.00675	0.00570	0.00172	0.00651	0.00510	0.00540	0.00938

[dist]
# distance from previous block
# <min> <max>
0	4

[block]
# block no. 1 follows, 41 sequences, length 19
# corresponding to MSA columns:
# 213-231
name=unknown_B
#
# <colnr> <probs for GDERKNQSTAVLIFYWHMCP>
#	G	D	E	R	K	N	Q	S	T	A	V	L	I	F	Y	W	H	M	C	P
0	0.06623	0.75351	0.02864	0.00965	0.01446	0.02203	0.00957	0.01711	0.01151	0.01421	0.00795	0.00918	0.00727	0.00492	0.00366	0.00126	0.00601	0.00306	0.00251	0.00727
1	0.00981	0.00665	0.00655	0.00651	0.00717	0.04740	0.00421	0.01090	0.01012	0.01497	0.01803	0.04988	0.01820	0.43853	0.03813	0.00386	0.00500	0.00717	0.29253	0.00436
2	0.39242	0.12081	0.15521	0.01208	0.01697	0.06419	0.09515	0.05052	0.01205	0.02152	0.00912	0.01077	0.00706	0.00533	0.00448	0.00170	0.00646	0.00385	0.00317	0.00713
3	0.00957	0.00540	0.00575	0.00581	0.00657	0.00538	0.00385	0.01112	0.01050	0.01700	0.01899	0.06258	0.01812	0.31854	0.01402	0.00303	0.00383	0.00700	0.46838	0.00457
4	0.35425	0.01027	0.01131	0.00910	0.01317	0.01019	0.00751	0.02341	0.01369	0.46779	0.01667	0.01536	0.01094	0.00636	0.00486	0.00177	0.00469	0.00468	0.00565	0.00830
5	0.00697	0.00498	0.00664	0.00796	0.00830	0.00465	0.00531	0.00796	0.01095	0.01460	0.03153	0.79525	0.03783	0.01792	0.00730	0.00232	0.00332	0.01626	0.00531	0.00465
6	0.00727	0.00519	0.00698	0.00831	0.00877	0.00490	0.00583	0.00848	0.01125	0.01494	0.03136	0.69822	0.03718	0.01764	0.00738	0.00236	0.00358	0.11035	0.00530	0.00473
7	0.20207	0.01036	0.01243	0.00976	0.01400	0.00987	0.00806	0.06445	0.01550	0.56652	0.01892	0.01695	0.01219	0.00668	0.00527	0.00177	0.00485	0.00514	0.00624	0.00897
8	0.02137	0.02726	0.01621	0.01474	0.01768	0.77602	0.01105	0.02284	0.01621	0.01400	0.00884	0.01031	0.00737	0.00589	0.00516	0.00147	0.01031	0.00368	0.00295	0.00663
9	0.00697	0.00498	0.00664	0.00796	0.00830	0.00465	0.00531	0.00796	0.01095	0.01460	0.03153	0.79525	0.03783	0.01792	0.00730	0.00232	0.00332	0.01626	0.00531	0.00465
10	0.00826	0.00578	0.00743	0.00743	0.00784	0.00619	0.00495	0.00908	0.00867	0.01197	0.01693	0.03139	0.01817	0.49366	0.33084	0.00702	0.00949	0.00743	0.00330	0.00413
11	0.02566	0.00973	0.01327	0.01018	0.01460	0.00841	0.00841	0.02788	0.01637	0.76726	0.02257	0.01947	0.01416	0.00708	0.00575	0.00177	0.00487	0.00575	0.00708	0.00973
12	0.01843	0.01282	0.01362	0.01082	0.01442	0.01402	0.00881	0.52536	0.02243	0.03164	0.01521	0.01601	0.01120	0.00681	0.00521	0.00160	0.00521	0.00520	0.25278	0.00841
13	0.01157	0.02888	0.73277	0.01669	0.02501	0.01334	0.05700	0.01812	0.01215	0.01812	0.01033	0.01224	0.00732	0.00540	0.00550	0.00182	0.00851	0.00435	0.00244	0.00842
14	0.83938	0.01106	0.00841	0.00752	0.01106	0.01283	0.00619	0.01681	0.00973	0.02566	0.00796	0.00929	0.00619	0.00531	0.00354	0.00177	0.00442	0.00310	0.00354	0.00619
15	0.01337	0.01421	0.02819	0.04659	0.26078	0.01400	0.42891	0.01739	0.01295	0.01796	0.01170	0.04012	0.00965	0.00565	0.00707	0.00190	0.05233	0.00639	0.00292	0.00792
16	0.01262	0.01068	0.01244	0.00904	0.01392	0.00871	0.00727	0.06878	0.01288	0.01977	0.01034	0.01202	0.00853	0.00462	0.00483	0.00097	0.03046	0.00357	0.00353	0.74500
17	0.83938	0.01106	0.00841	0.00752	0.01106	0.01283	0.00619	0.01681	0.00973	0.02566	0.00796	0.00929	0.00619	0.00531	0.00354	0.00177	0.00442	0.00310	0.00354	0.00619
18	0.01416	0.01359	0.02322	0.03511	0.76330	0.01359	0.01755	0.01755	0.01302	0.01869	0.01076	0.01416	0.00906	0.00510	0.00566	0.00170	0.00680	0.00510	0.00283	0.00906

[dist]
# distance from previous block
# <min> <max>
50	147

# created by:
# /software/SequenceAnalysis/GenePrediction/augustus/3.0.1/scripts/msa2prfl.pl ./fixed/BUSCOvEOG7K6HJJ.fas
