[name]
unknown

[dist]
# distance from previous block
# <min> <max>
3	146

[block]
# block no. 0 follows, 39 sequences, length 57
# corresponding to MSA columns:
# 175-231
name=unknown_A
#
# <colnr> <probs for GDERKNQSTAVLIFYWHMCP>
#	G	D	E	R	K	N	Q	S	T	A	V	L	I	F	Y	W	H	M	C	P
0	0.01425	0.01385	0.02421	0.10750	0.63176	0.01403	0.07143	0.01791	0.01334	0.01888	0.01113	0.01484	0.00919	0.00531	0.00594	0.00179	0.00733	0.00540	0.00290	0.00899
1	0.10210	0.01019	0.01346	0.01191	0.06942	0.00938	0.00889	0.03782	0.01618	0.54237	0.09756	0.02112	0.01770	0.00749	0.00583	0.00183	0.00493	0.00612	0.00653	0.00918
2	0.01187	0.04429	0.67432	0.09066	0.02685	0.01387	0.02108	0.01836	0.01241	0.01828	0.01055	0.01274	0.00753	0.00564	0.00561	0.00187	0.00861	0.00443	0.00251	0.00851
3	0.02639	0.10217	0.15100	0.01730	0.05169	0.01514	0.04860	0.02775	0.01864	0.41924	0.02330	0.02490	0.01734	0.01048	0.00825	0.00289	0.00819	0.00724	0.00727	0.01223
4	0.01360	0.04752	0.21796	0.36357	0.02992	0.01290	0.04151	0.01797	0.01296	0.11671	0.04759	0.01654	0.01100	0.00632	0.00605	0.00190	0.01955	0.00535	0.00342	0.00767
5	0.02156	0.07379	0.15019	0.01265	0.03021	0.01273	0.01178	0.15812	0.03639	0.38982	0.01777	0.01666	0.01186	0.00673	0.00569	0.00177	0.00608	0.00530	0.00565	0.02524
6	0.00899	0.00653	0.00874	0.00799	0.00849	0.00651	0.05832	0.00948	0.00905	0.01214	0.01799	0.03618	0.02021	0.69386	0.06740	0.00565	0.00658	0.00836	0.00352	0.00400
7	0.03084	0.08535	0.61710	0.01536	0.02337	0.01388	0.01918	0.01825	0.01237	0.01860	0.01037	0.01217	0.00760	0.00545	0.00532	0.00173	0.00804	0.00417	0.00262	0.08822
8	0.09328	0.03990	0.41513	0.05625	0.04607	0.01379	0.07047	0.02060	0.10447	0.06573	0.01291	0.01431	0.00934	0.00596	0.00558	0.00188	0.00754	0.00489	0.00341	0.00849
9	0.01609	0.70187	0.06481	0.01082	0.01591	0.07858	0.01078	0.01820	0.01239	0.01419	0.00840	0.00972	0.00759	0.00516	0.00400	0.00131	0.00676	0.00327	0.00257	0.00759
10	0.01241	0.01153	0.02298	0.01770	0.02150	0.01075	0.41126	0.01573	0.01321	0.07283	0.02042	0.30088	0.02050	0.01015	0.00711	0.00213	0.00719	0.01053	0.00424	0.00696
11	0.00813	0.00604	0.00757	0.00719	0.00869	0.00548	0.00539	0.01070	0.01617	0.02237	0.63180	0.04639	0.17700	0.01259	0.00698	0.00188	0.00283	0.01101	0.00633	0.00548
12	0.10497	0.01020	0.01324	0.01026	0.01474	0.00914	0.00847	0.02771	0.01626	0.68818	0.02186	0.01911	0.01384	0.00714	0.00572	0.00183	0.00499	0.00568	0.00696	0.00971
13	0.69344	0.01455	0.08243	0.00922	0.01332	0.06971	0.00828	0.01798	0.01080	0.02487	0.00853	0.00997	0.00660	0.00555	0.00397	0.00181	0.00543	0.00336	0.00350	0.00667
14	0.01100	0.01033	0.01726	0.74684	0.03941	0.01281	0.01594	0.01484	0.01189	0.01514	0.01250	0.01743	0.03791	0.00628	0.00596	0.00197	0.00769	0.00555	0.00274	0.00651
15	0.00721	0.00515	0.00686	0.00823	0.00858	0.00480	0.00549	0.00823	0.01132	0.01510	0.03259	0.78831	0.03911	0.01853	0.00755	0.00240	0.00343	0.01681	0.00549	0.00480
16	0.01442	0.01465	0.02743	0.03272	0.52727	0.01434	0.24341	0.01840	0.01362	0.01920	0.01139	0.01505	0.00924	0.00518	0.00621	0.00183	0.00795	0.00581	0.00295	0.00893
17	0.01186	0.03059	0.76153	0.01686	0.02560	0.01373	0.02185	0.01873	0.01249	0.01873	0.01061	0.01249	0.00749	0.00562	0.00562	0.00187	0.00874	0.00437	0.00250	0.00874
18	0.01602	0.55845	0.18298	0.01158	0.01736	0.01994	0.01245	0.01900	0.01259	0.08735	0.01019	0.01115	0.00825	0.00540	0.00439	0.00145	0.00671	0.00369	0.00299	0.00807
19	0.00831	0.00600	0.00786	0.00748	0.00882	0.00554	0.00558	0.01102	0.01648	0.02330	0.71780	0.07971	0.05500	0.01240	0.00700	0.00189	0.00282	0.01099	0.00646	0.00554
20	0.00721	0.00515	0.00686	0.00823	0.00858	0.00480	0.00549	0.00823	0.01132	0.01510	0.03259	0.78831	0.03911	0.01853	0.00755	0.00240	0.00343	0.01681	0.00549	0.00480
21	0.01186	0.03059	0.76153	0.01686	0.02560	0.01373	0.02185	0.01873	0.01249	0.01873	0.01061	0.01249	0.00749	0.00562	0.00562	0.00187	0.00874	0.00437	0.00250	0.00874
22	0.01396	0.01595	0.03490	0.02493	0.03091	0.01496	0.73380	0.01894	0.01396	0.01894	0.01196	0.01595	0.00897	0.00499	0.00698	0.00199	0.00997	0.00698	0.00299	0.00798
23	0.01221	0.01197	0.02145	0.53069	0.16867	0.01358	0.12434	0.01624	0.01244	0.01645	0.01084	0.01559	0.00832	0.00566	0.00606	0.00194	0.00804	0.00552	0.00274	0.00729
24	0.83394	0.01144	0.00869	0.00778	0.01144	0.01327	0.00640	0.01738	0.01006	0.02653	0.00823	0.00961	0.00640	0.00549	0.00366	0.00183	0.00457	0.00320	0.00366	0.00640
25	0.01223	0.01171	0.02018	0.54400	0.23420	0.01347	0.04805	0.01610	0.01236	0.01642	0.01074	0.01547	0.00833	0.00570	0.00594	0.00191	0.00774	0.00533	0.00272	0.00739
26	0.00721	0.00515	0.00686	0.00823	0.00858	0.00480	0.00549	0.00823	0.01132	0.01510	0.03259	0.78831	0.03911	0.01853	0.00755	0.00240	0.00343	0.01681	0.00549	0.00480
27	0.01369	0.01542	0.03323	0.09808	0.03186	0.01478	0.66411	0.01857	0.01375	0.01857	0.01182	0.01593	0.00887	0.00508	0.00688	0.00199	0.00977	0.00681	0.00296	0.00784
28	0.01305	0.01243	0.02113	0.37604	0.42796	0.01363	0.01736	0.01676	0.01271	0.01739	0.01084	0.01515	0.00869	0.00556	0.00588	0.00185	0.00742	0.00526	0.00279	0.00809
29	0.01586	0.01157	0.01359	0.01114	0.01462	0.01171	0.03108	0.32621	0.01899	0.05535	0.01917	0.22810	0.01824	0.00972	0.00605	0.00178	0.00516	0.00827	0.04446	0.14893
30	0.00973	0.00636	0.00795	0.00746	0.00923	0.00569	0.00562	0.01204	0.01560	0.09275	0.46767	0.10036	0.21161	0.01277	0.00692	0.00193	0.00310	0.01110	0.00628	0.00582
31	0.02653	0.01006	0.01372	0.01052	0.01510	0.00869	0.00869	0.02882	0.01693	0.75937	0.02333	0.02013	0.01464	0.00732	0.00595	0.00183	0.00503	0.00595	0.00732	0.01006
32	0.01457	0.01424	0.02506	0.03519	0.68491	0.01414	0.08767	0.01823	0.01351	0.01928	0.01121	0.01476	0.00933	0.00524	0.00596	0.00178	0.00731	0.00544	0.00293	0.00923
33	0.01292	0.26510	0.51326	0.01444	0.02184	0.01643	0.01770	0.01809	0.01237	0.01716	0.01142	0.01295	0.03083	0.00574	0.00510	0.00169	0.00782	0.00425	0.00260	0.00827
34	0.00740	0.00577	0.00681	0.00712	0.00846	0.00518	0.00515	0.00905	0.01328	0.01712	0.18560	0.26707	0.36762	0.01700	0.04740	0.00249	0.00376	0.01308	0.00557	0.00507
35	0.01291	0.01254	0.02377	0.01845	0.04393	0.01202	0.41125	0.07690	0.01460	0.02007	0.01971	0.11573	0.07198	0.00816	0.00669	0.00198	0.00740	0.03098	0.08367	0.00725
36	0.10464	0.01044	0.01262	0.00958	0.01430	0.00898	0.00781	0.02223	0.03005	0.37765	0.01676	0.01600	0.01155	0.00599	0.00510	0.00146	0.00472	0.00472	0.00542	0.32998
37	0.01294	0.01077	0.01242	0.00905	0.01398	0.00866	0.00719	0.07572	0.01339	0.02039	0.01125	0.01382	0.00954	0.04624	0.00587	0.00121	0.00463	0.00393	0.00371	0.71529
38	0.03672	0.20378	0.13592	0.01108	0.01604	0.01298	0.01076	0.02244	0.03360	0.34692	0.09572	0.01874	0.01613	0.00699	0.00544	0.00171	0.00567	0.00549	0.00519	0.00867
39	0.08541	0.03119	0.01305	0.00958	0.01428	0.01002	0.00776	0.07871	0.05285	0.15024	0.01419	0.03770	0.01108	0.00586	0.00489	0.00131	0.00473	0.00462	0.00455	0.45797
40	0.02275	0.10239	0.01728	0.01276	0.05509	0.01364	0.01008	0.21337	0.07153	0.39143	0.01860	0.01719	0.01259	0.00694	0.00569	0.00176	0.00565	0.00548	0.00607	0.00969
41	0.01582	0.37897	0.25201	0.01374	0.01985	0.05767	0.07505	0.01952	0.01305	0.08826	0.01079	0.01205	0.00836	0.00550	0.00491	0.00158	0.00748	0.00416	0.00305	0.00818
42	0.00711	0.00600	0.00615	0.00611	0.00806	0.00504	0.00459	0.00871	0.01376	0.01663	0.11866	0.05583	0.69371	0.01473	0.00699	0.00199	0.00298	0.01233	0.00558	0.00504
43	0.01127	0.01072	0.01838	0.74955	0.04036	0.01321	0.04348	0.01525	0.01191	0.01525	0.01057	0.01577	0.00792	0.00588	0.00595	0.00197	0.00796	0.00532	0.00264	0.00662
44	0.00857	0.00660	0.00858	0.00835	0.00959	0.00660	0.00643	0.01089	0.01483	0.02050	0.46199	0.12288	0.13363	0.01336	0.00820	0.00208	0.06921	0.07638	0.00585	0.00549
45	0.00726	0.00517	0.00685	0.00817	0.00850	0.00484	0.00542	0.00825	0.01122	0.01496	0.03207	0.76027	0.03845	0.04746	0.00839	0.00253	0.00352	0.01650	0.00542	0.00476
46	0.01117	0.01051	0.01774	0.77795	0.04073	0.01314	0.01642	0.01511	0.01182	0.01511	0.01051	0.01577	0.00788	0.00591	0.00591	0.00197	0.00788	0.00526	0.00263	0.00657
47	0.76377	0.01090	0.00854	0.00782	0.01119	0.01255	0.00633	0.01661	0.01017	0.02556	0.01030	0.07570	0.00918	0.00660	0.00399	0.00188	0.00448	0.00436	0.00382	0.00627
48	0.01278	0.01231	0.01704	0.01468	0.01479	0.01704	0.01219	0.01419	0.00934	0.01490	0.00874	0.01371	0.00839	0.01006	0.01811	0.00248	0.71526	0.00520	0.07239	0.00639
49	0.01478	0.01574	0.03192	0.02555	0.13088	0.01512	0.57265	0.07965	0.01506	0.02055	0.01204	0.01562	0.00912	0.00520	0.00673	0.00194	0.00927	0.00660	0.00323	0.00835
50	0.06994	0.00683	0.00855	0.00895	0.00993	0.00699	0.00641	0.01007	0.01109	0.01622	0.02649	0.58896	0.03105	0.01556	0.00814	0.00225	0.07917	0.01354	0.00490	0.07498
51	0.08759	0.01390	0.01496	0.01132	0.01616	0.01405	0.00927	0.40888	0.02057	0.02972	0.01233	0.01309	0.00927	0.00596	0.00516	0.00145	0.00556	0.00447	0.00484	0.31145
52	0.00736	0.00601	0.00651	0.00638	0.00822	0.00515	0.00479	0.00921	0.01436	0.01806	0.24602	0.05349	0.56547	0.01420	0.00699	0.00196	0.00294	0.01200	0.00577	0.00515
53	0.01447	0.01422	0.07687	0.01244	0.01625	0.01463	0.01042	0.03035	0.68246	0.02423	0.02293	0.02125	0.01716	0.00782	0.00598	0.00199	0.00502	0.00649	0.00572	0.00931
54	0.01102	0.00551	0.00551	0.00551	0.00689	0.00551	0.00413	0.01378	0.01240	0.02205	0.01929	0.02205	0.01516	0.00689	0.00413	0.00138	0.00276	0.00551	0.82500	0.00551
55	0.00730	0.00522	0.00695	0.00817	0.00860	0.00487	0.00550	0.00848	0.01179	0.01583	0.09410	0.72470	0.04054	0.01798	0.00750	0.00236	0.00338	0.01629	0.00558	0.00487
56	0.00837	0.00604	0.00790	0.00744	0.00883	0.00558	0.00558	0.01116	0.01674	0.02371	0.75216	0.04417	0.05580	0.01209	0.00697	0.00186	0.00279	0.01069	0.00651	0.00558

[dist]
# distance from previous block
# <min> <max>
0	1

[block]
# block no. 1 follows, 39 sequences, length 15
# corresponding to MSA columns:
# 233-247
name=unknown_B
#
# <colnr> <probs for GDERKNQSTAVLIFYWHMCP>
#	G	D	E	R	K	N	Q	S	T	A	V	L	I	F	Y	W	H	M	C	P
0	0.00720	0.00574	0.00646	0.00684	0.00826	0.00500	0.00492	0.00869	0.01316	0.01653	0.12493	0.28114	0.45878	0.01577	0.00716	0.00211	0.00311	0.01363	0.00560	0.00500
1	0.01447	0.01150	0.01265	0.01096	0.01401	0.01269	0.00861	0.18029	0.36220	0.02718	0.24646	0.02715	0.02793	0.00907	0.00629	0.00191	0.00450	0.00762	0.00615	0.00835
2	0.01226	0.01051	0.01226	0.00876	0.01401	0.00788	0.00701	0.01489	0.01226	0.01927	0.01051	0.01226	0.00876	0.00438	0.00438	0.00088	0.00438	0.00350	0.00350	0.82832
3	0.01787	0.55541	0.02691	0.01119	0.01615	0.02184	0.01046	0.23911	0.01689	0.02112	0.01006	0.01094	0.00835	0.00569	0.00445	0.00142	0.00638	0.00383	0.00357	0.00835
4	0.01529	0.43292	0.10892	0.01171	0.01657	0.05197	0.01129	0.02231	0.23822	0.01783	0.01342	0.01376	0.01081	0.00608	0.00476	0.00157	0.00628	0.00442	0.00362	0.00824
5	0.01801	0.01372	0.01722	0.03933	0.18294	0.01466	0.01190	0.40935	0.02103	0.05375	0.01676	0.14253	0.01480	0.00855	0.00617	0.00188	0.00610	0.00723	0.00513	0.00894
6	0.02126	0.00945	0.01231	0.01001	0.01339	0.02480	0.00802	0.02333	0.01489	0.51816	0.03602	0.02215	0.01571	0.07591	0.09502	0.00302	0.03223	0.00621	0.04964	0.00847
7	0.00743	0.00596	0.00663	0.00655	0.00828	0.00516	0.00488	0.00930	0.01438	0.01832	0.27204	0.08992	0.50184	0.01427	0.00701	0.00198	0.00295	0.01215	0.00581	0.00516
8	0.00852	0.00586	0.00704	0.00689	0.00737	0.00576	0.00437	0.00948	0.01115	0.01535	0.24475	0.03969	0.03178	0.51796	0.05616	0.00471	0.00528	0.00914	0.00447	0.00428
9	0.02008	0.01537	0.01640	0.01312	0.01743	0.01722	0.01066	0.51838	0.24888	0.03341	0.01724	0.01662	0.01252	0.00738	0.00595	0.00185	0.00594	0.00574	0.00595	0.00984
10	0.13174	0.01658	0.24368	0.01210	0.01784	0.01087	0.01244	0.02415	0.01462	0.43134	0.01736	0.01634	0.01132	0.00655	0.00553	0.00184	0.00611	0.00509	0.00533	0.00916
11	0.02152	0.01718	0.24485	0.01285	0.01873	0.01141	0.01306	0.11088	0.01687	0.44392	0.01831	0.01706	0.01188	0.00677	0.00584	0.00184	0.00635	0.00539	0.00566	0.00965
12	0.01234	0.01130	0.01872	0.02764	0.52497	0.01120	0.01424	0.01509	0.01280	0.01802	0.01775	0.25326	0.01854	0.00936	0.00638	0.00196	0.00592	0.00883	0.00372	0.00796
13	0.01547	0.55422	0.02556	0.01071	0.01524	0.02072	0.00988	0.02194	0.23796	0.01725	0.01311	0.01337	0.01082	0.00597	0.00448	0.00149	0.00582	0.00425	0.00361	0.00814
14	0.04864	0.00732	0.00774	0.00662	0.00929	0.00659	0.00512	0.01429	0.01225	0.02139	0.01608	0.01847	0.01279	0.00605	0.00419	0.00124	0.00334	0.00479	0.53446	0.25933

[dist]
# distance from previous block
# <min> <max>
0	334

# created by:
# /software/SequenceAnalysis/GenePrediction/augustus/3.0.1/scripts/msa2prfl.pl ./fixed/BUSCOvEOG71RR87.fas
