[name]
unknown

[dist]
# distance from previous block
# <min> <max>
31	685

[block]
# block no. 0 follows, 40 sequences, length 18
# corresponding to MSA columns:
# 788-805
name=unknown_A
#
# <colnr> <probs for GDERKNQSTAVLIFYWHMCP>
#	G	D	E	R	K	N	Q	S	T	A	V	L	I	F	Y	W	H	M	C	P
0	0.00709	0.00506	0.00675	0.00810	0.00843	0.00472	0.00540	0.00810	0.01113	0.01484	0.03205	0.79184	0.03846	0.01822	0.00742	0.00236	0.00337	0.01653	0.00540	0.00472
1	0.02211	0.01629	0.01745	0.01338	0.01803	0.01803	0.01105	0.73997	0.02734	0.03665	0.01396	0.01396	0.00989	0.00698	0.00582	0.00175	0.00640	0.00524	0.00582	0.00989
2	0.83671	0.01125	0.00855	0.00765	0.01125	0.01305	0.00630	0.01709	0.00990	0.02609	0.00810	0.00945	0.00630	0.00540	0.00360	0.00180	0.00450	0.00315	0.00360	0.00630
3	0.01084	0.00542	0.00542	0.00542	0.00678	0.00542	0.00407	0.01355	0.01220	0.02168	0.01897	0.02168	0.01491	0.00678	0.00407	0.00136	0.00271	0.00542	0.82791	0.00542
4	0.01206	0.01034	0.01206	0.00861	0.01378	0.00775	0.00689	0.01464	0.01206	0.01895	0.01034	0.01206	0.00861	0.00431	0.00431	0.00086	0.00431	0.00345	0.00345	0.83118
5	0.00687	0.00589	0.00589	0.00589	0.00785	0.00491	0.00442	0.00835	0.01325	0.01571	0.05891	0.05596	0.75700	0.01473	0.00687	0.00196	0.00295	0.01227	0.00540	0.00491
6	0.02609	0.00990	0.01350	0.01035	0.01484	0.00855	0.00855	0.02834	0.01664	0.76338	0.02294	0.01979	0.01439	0.00720	0.00585	0.00180	0.00495	0.00585	0.00720	0.00990
7	0.02609	0.00990	0.01350	0.01035	0.01484	0.00855	0.00855	0.02834	0.01664	0.76338	0.02294	0.01979	0.01439	0.00720	0.00585	0.00180	0.00495	0.00585	0.00720	0.00990
8	0.02609	0.00990	0.01350	0.01035	0.01484	0.00855	0.00855	0.02834	0.01664	0.76338	0.02294	0.01979	0.01439	0.00720	0.00585	0.00180	0.00495	0.00585	0.00720	0.00990
9	0.01096	0.02517	0.61126	0.01469	0.02181	0.01187	0.01823	0.01690	0.01313	0.01941	0.16226	0.01862	0.01704	0.00682	0.00580	0.00184	0.00740	0.00556	0.00326	0.00796
10	0.01439	0.01382	0.02360	0.03569	0.75936	0.01382	0.01785	0.01785	0.01324	0.01900	0.01094	0.01439	0.00921	0.00518	0.00576	0.00173	0.00691	0.00518	0.00288	0.00921
11	0.00739	0.00535	0.00700	0.00790	0.00858	0.00496	0.00550	0.00884	0.01242	0.01671	0.18098	0.57133	0.08299	0.01665	0.00730	0.00224	0.00329	0.04006	0.00560	0.00491
12	0.02285	0.01157	0.01418	0.01101	0.01547	0.01114	0.00902	0.17916	0.09721	0.46874	0.02008	0.01813	0.01333	0.00699	0.00572	0.00173	0.00517	0.00560	0.00646	0.07641
13	0.01106	0.00909	0.01415	0.01910	0.26304	0.00909	0.01222	0.01400	0.01334	0.01794	0.02412	0.04840	0.02532	0.01241	0.00727	0.00236	0.00588	0.48006	0.00452	0.00665
14	0.01885	0.01442	0.01569	0.01201	0.01668	0.01506	0.00981	0.49236	0.08258	0.03102	0.01381	0.01410	0.01020	0.00636	0.00543	0.00153	0.00571	0.00488	0.00521	0.22429
15	0.01359	0.01525	0.03251	0.02322	0.02905	0.01414	0.67893	0.01830	0.01359	0.01865	0.01165	0.01539	0.00881	0.00485	0.00666	0.00187	0.00936	0.00659	0.00298	0.07460
16	0.01433	0.55776	0.26117	0.01203	0.01814	0.02003	0.01357	0.01773	0.01196	0.01517	0.00882	0.01025	0.00743	0.00515	0.00429	0.00143	0.00696	0.00348	0.00248	0.00782
17	0.01376	0.06219	0.17476	0.06139	0.53709	0.01425	0.01806	0.01781	0.01290	0.01840	0.01065	0.01372	0.00867	0.00527	0.00560	0.00173	0.00725	0.00488	0.00276	0.00887

[dist]
# distance from previous block
# <min> <max>
0	4

[block]
# block no. 1 follows, 40 sequences, length 13
# corresponding to MSA columns:
# 810-822
name=unknown_B
#
# <colnr> <probs for GDERKNQSTAVLIFYWHMCP>
#	G	D	E	R	K	N	Q	S	T	A	V	L	I	F	Y	W	H	M	C	P
0	0.01914	0.01427	0.01549	0.01227	0.01626	0.01569	0.00999	0.55347	0.09810	0.03330	0.13232	0.01940	0.01779	0.00785	0.00599	0.00178	0.00564	0.00621	0.00592	0.00912
1	0.01546	0.01026	0.01196	0.00942	0.01342	0.00923	0.00751	0.15974	0.01606	0.16283	0.02294	0.09245	0.12820	0.00827	0.00558	0.00152	0.00455	0.00682	0.00511	0.30865
2	0.01473	0.01548	0.02363	0.14601	0.41741	0.11569	0.14654	0.01825	0.01351	0.01765	0.01073	0.01427	0.00869	0.00534	0.00590	0.00177	0.00804	0.00529	0.00286	0.00821
3	0.01631	0.01317	0.01225	0.01091	0.01390	0.12891	0.00852	0.06900	0.34174	0.09699	0.02001	0.02078	0.01529	0.00752	0.00549	0.00176	0.00529	0.02989	0.17424	0.00803
4	0.57459	0.01020	0.00952	0.13354	0.01525	0.01185	0.00756	0.01618	0.01053	0.02358	0.01014	0.01232	0.00786	0.00568	0.00403	0.00175	0.00475	0.00383	0.13064	0.00619
5	0.01349	0.01335	0.02482	0.02125	0.13684	0.01277	0.37945	0.08898	0.01447	0.01992	0.01495	0.13775	0.01366	0.00721	0.00647	0.00188	0.00756	0.00769	0.00365	0.07384
6	0.03137	0.01107	0.01192	0.13183	0.01610	0.08740	0.00903	0.05908	0.09002	0.01991	0.01481	0.01748	0.01172	0.00717	0.00706	0.00174	0.12546	0.00522	0.33505	0.00654
7	0.01306	0.01050	0.01223	0.00962	0.01363	0.00966	0.00767	0.04356	0.12925	0.06311	0.01839	0.03310	0.08610	0.00689	0.00614	0.00139	0.06359	0.00540	0.00431	0.46241
8	0.01326	0.39907	0.17042	0.01094	0.01591	0.01697	0.01128	0.01835	0.12867	0.01662	0.01886	0.01907	0.12473	0.00705	0.00492	0.00159	0.00593	0.00531	0.00347	0.00757
9	0.01193	0.01486	0.14039	0.11263	0.02484	0.01182	0.32013	0.01635	0.01343	0.01900	0.12640	0.01927	0.01578	0.00620	0.00616	0.00179	0.00744	0.00641	0.03514	0.09004
10	0.06080	0.01154	0.01337	0.01104	0.01395	0.01278	0.00896	0.25366	0.05981	0.11588	0.14423	0.02437	0.10214	0.00918	0.00810	0.00193	0.12813	0.00693	0.00540	0.00780
11	0.01234	0.01196	0.01681	0.13537	0.01894	0.01540	0.01231	0.01424	0.00985	0.01494	0.00850	0.01305	0.00781	0.00853	0.01458	0.00217	0.53476	0.00483	0.00270	0.14090
12	0.01102	0.00977	0.01494	0.50770	0.03009	0.01105	0.01281	0.04431	0.01228	0.01642	0.01384	0.13469	0.01272	0.00754	0.00582	0.00183	0.00647	0.00665	0.00329	0.13675

[dist]
# distance from previous block
# <min> <max>
0	7

[block]
# block no. 2 follows, 40 sequences, length 8
# corresponding to MSA columns:
# 830-837
name=unknown_C
#
# <colnr> <probs for GDERKNQSTAVLIFYWHMCP>
#	G	D	E	R	K	N	Q	S	T	A	V	L	I	F	Y	W	H	M	C	P
0	0.01080	0.00812	0.00957	0.00924	0.01132	0.00853	0.00716	0.01695	0.23050	0.06232	0.05736	0.11926	0.19490	0.01791	0.14593	0.00340	0.00609	0.06879	0.00527	0.00656
1	0.13437	0.01956	0.15446	0.01503	0.02002	0.15247	0.13979	0.21595	0.01707	0.02391	0.01142	0.01303	0.00852	0.00594	0.00545	0.00175	0.00770	0.00479	0.04076	0.00801
2	0.00939	0.00795	0.00871	0.00851	0.01019	0.06315	0.00613	0.01117	0.01309	0.01774	0.21429	0.39713	0.03496	0.01313	0.00655	0.00189	0.00391	0.01163	0.00512	0.15536
3	0.00901	0.00695	0.00866	0.00834	0.01035	0.00624	0.00648	0.01175	0.03910	0.01913	0.25531	0.17407	0.11276	0.01258	0.00669	0.00193	0.00372	0.14600	0.00536	0.15554
4	0.01564	0.01388	0.02040	0.05485	0.46730	0.01464	0.01502	0.14702	0.14943	0.02292	0.01376	0.01569	0.01083	0.00601	0.00580	0.00178	0.00643	0.00544	0.00394	0.00923
5	0.01252	0.01235	0.02265	0.08449	0.14794	0.01173	0.29515	0.01628	0.01311	0.01821	0.01471	0.02389	0.01324	0.00695	0.00635	0.00186	0.00737	0.13556	0.00343	0.15220
6	0.00798	0.00575	0.00663	0.00670	0.00747	0.00541	0.00443	0.00897	0.01136	0.01492	0.15900	0.10073	0.20124	0.38873	0.01784	0.00376	0.00432	0.03575	0.00468	0.00435
7	0.01355	0.17987	0.34636	0.01315	0.01884	0.01472	0.01441	0.14761	0.01472	0.02014	0.01440	0.14899	0.01331	0.00791	0.00555	0.00179	0.00679	0.00638	0.00359	0.00792

[dist]
# distance from previous block
# <min> <max>
3	8

[block]
# block no. 3 follows, 40 sequences, length 41
# corresponding to MSA columns:
# 846-886
name=unknown_D
#
# <colnr> <probs for GDERKNQSTAVLIFYWHMCP>
#	G	D	E	R	K	N	Q	S	T	A	V	L	I	F	Y	W	H	M	C	P
0	0.02225	0.01516	0.01665	0.01286	0.01742	0.01648	0.01059	0.59896	0.06588	0.13976	0.01578	0.01522	0.01097	0.00706	0.00583	0.00177	0.00609	0.00540	0.00602	0.00985
1	0.01556	0.01514	0.02628	0.01959	0.02379	0.01626	0.38839	0.19565	0.01596	0.02199	0.01134	0.01456	0.00881	0.00665	0.00947	0.00204	0.19092	0.00604	0.00356	0.00800
2	0.01594	0.01019	0.01375	0.20012	0.02051	0.00953	0.00974	0.01942	0.04922	0.23756	0.03477	0.01650	0.01179	0.00591	0.00528	0.00148	0.00532	0.00492	0.00454	0.32351
3	0.00851	0.00594	0.00720	0.00741	0.00888	0.00530	0.00549	0.01023	0.01348	0.06150	0.18907	0.27443	0.30720	0.01484	0.00705	0.00209	0.00330	0.05708	0.00571	0.00529
4	0.01505	0.00987	0.01133	0.01018	0.01305	0.02015	0.00782	0.03174	0.30714	0.19317	0.02647	0.21250	0.05937	0.01043	0.00624	0.00197	0.00438	0.00896	0.00591	0.04427
5	0.01898	0.01283	0.01549	0.01248	0.01555	0.01450	0.01020	0.29208	0.05899	0.19044	0.04194	0.01748	0.01288	0.04278	0.01017	0.00213	0.19802	0.00571	0.00520	0.02214
6	0.01960	0.01401	0.01565	0.01285	0.01706	0.01297	0.00981	0.26094	0.01976	0.09579	0.01998	0.14605	0.01798	0.01030	0.00712	0.00222	0.00622	0.00768	0.00616	0.29787
7	0.21910	0.01394	0.01978	0.42384	0.06073	0.01509	0.10486	0.01852	0.01385	0.02179	0.01371	0.01894	0.01116	0.00804	0.00696	0.00257	0.00827	0.00605	0.00420	0.00862
8	0.02749	0.01282	0.01588	0.01299	0.01744	0.01143	0.01014	0.03039	0.11045	0.62982	0.02601	0.02473	0.01800	0.00967	0.00742	0.00250	0.00617	0.00707	0.00807	0.01152
9	0.02162	0.01671	0.01777	0.01503	0.01905	0.01796	0.01168	0.37843	0.32291	0.03292	0.02153	0.02296	0.01687	0.00998	0.00781	0.00256	0.02777	0.01839	0.00688	0.01116
10	0.21347	0.00725	0.00795	0.00785	0.00960	0.00739	0.00596	0.01228	0.01246	0.05139	0.21295	0.17617	0.08184	0.04691	0.00817	0.05140	0.00390	0.07262	0.00503	0.00541
11	0.01810	0.01256	0.01410	0.01103	0.01540	0.01262	0.00893	0.28322	0.14586	0.14579	0.01868	0.01810	0.05315	0.00694	0.00553	0.00159	0.00515	0.00551	0.00545	0.21229
12	0.01615	0.01420	0.02119	0.06167	0.50039	0.01486	0.01558	0.19680	0.06033	0.02349	0.01241	0.01477	0.00982	0.00581	0.00578	0.00176	0.00668	0.00528	0.00377	0.00926
13	0.01198	0.12678	0.47958	0.01293	0.01926	0.01278	0.01564	0.01708	0.01220	0.01859	0.01223	0.01421	0.00924	0.00576	0.00492	0.00164	0.00682	0.00442	0.20628	0.00766
14	0.06033	0.01129	0.02076	0.01646	0.03757	0.01106	0.33652	0.01506	0.01383	0.01967	0.20000	0.02953	0.06925	0.00870	0.00744	0.00202	0.04985	0.07977	0.00421	0.00669
15	0.01536	0.24895	0.36835	0.01387	0.02045	0.01737	0.01558	0.19629	0.01586	0.02155	0.01063	0.01184	0.00802	0.00573	0.00508	0.00165	0.00737	0.00419	0.00329	0.00859
16	0.01611	0.01423	0.02174	0.07161	0.53636	0.01481	0.01608	0.19599	0.01663	0.02313	0.01165	0.01435	0.00930	0.00566	0.00578	0.00174	0.00683	0.00519	0.00359	0.00923
17	0.00815	0.00556	0.00690	0.00728	0.00760	0.00563	0.00468	0.00889	0.00952	0.01310	0.02180	0.24830	0.02471	0.42016	0.14133	0.00512	0.00646	0.01025	0.04035	0.00421
18	0.40966	0.01131	0.01027	0.00904	0.01177	0.05899	0.00705	0.13085	0.01254	0.03293	0.00987	0.01271	0.00814	0.00991	0.00950	0.23648	0.00534	0.00410	0.00366	0.00588
19	0.01669	0.01225	0.02005	0.15764	0.45189	0.01236	0.01526	0.01992	0.01380	0.20209	0.01380	0.01592	0.01024	0.00579	0.00579	0.00178	0.00657	0.00534	0.00389	0.00891
20	0.06382	0.00891	0.01006	0.00877	0.01123	0.00903	0.00685	0.19141	0.01793	0.05188	0.34796	0.07957	0.14773	0.01092	0.00640	0.00186	0.00390	0.00921	0.00590	0.00665
21	0.01193	0.01049	0.01328	0.13298	0.01809	0.00921	0.00874	0.01464	0.01179	0.01798	0.01017	0.01265	0.00841	0.00492	0.00547	0.00114	0.05367	0.00382	0.00325	0.64737
22	0.00839	0.00571	0.00666	0.00691	0.00709	0.00566	0.00414	0.02284	0.00949	0.01266	0.02163	0.22370	0.02520	0.58807	0.02365	0.00475	0.00509	0.01039	0.00403	0.00395
23	0.01717	0.60583	0.02726	0.01080	0.01569	0.02178	0.01022	0.19583	0.01565	0.01935	0.00954	0.01047	0.00806	0.00547	0.00425	0.00137	0.00626	0.00363	0.00331	0.00806
24	0.00950	0.00763	0.01052	0.00952	0.01151	0.00801	0.00750	0.01165	0.00999	0.01487	0.01381	0.01958	0.01266	0.03192	0.53814	0.00685	0.05848	0.00548	0.00316	0.20921
25	0.02511	0.01147	0.01447	0.01110	0.01563	0.01089	0.00917	0.20405	0.01929	0.58394	0.02072	0.01835	0.01328	0.00714	0.00584	0.00179	0.00531	0.00570	0.00686	0.00989
26	0.01936	0.01482	0.01745	0.20308	0.02347	0.01677	0.01231	0.56092	0.02346	0.03127	0.01307	0.01434	0.00936	0.00669	0.00582	0.00179	0.00673	0.00522	0.00502	0.00904
27	0.00935	0.00680	0.00775	0.00690	0.00818	0.00616	0.00435	0.00998	0.00935	0.01317	0.01635	0.03164	0.01805	0.60024	0.02335	0.00446	0.00531	0.00722	0.00350	0.20789
28	0.21831	0.60459	0.02506	0.00938	0.01402	0.02055	0.00905	0.01733	0.01134	0.01675	0.00809	0.00936	0.00718	0.00508	0.00370	0.00138	0.00579	0.00312	0.00276	0.00718
29	0.02233	0.00879	0.01150	0.00913	0.01285	0.00777	0.00744	0.02469	0.01555	0.58024	0.02196	0.02026	0.01452	0.00709	0.00541	0.00169	0.00440	0.00574	0.20985	0.00879
30	0.01678	0.01426	0.02917	0.02101	0.02655	0.01319	0.55806	0.02103	0.01445	0.20252	0.01452	0.01670	0.01020	0.00547	0.00661	0.00192	0.00860	0.00661	0.00399	0.00835
31	0.01264	0.00692	0.00919	0.00806	0.01021	0.00624	0.00624	0.01526	0.01651	0.20606	0.57521	0.03760	0.04488	0.01073	0.00661	0.00182	0.00329	0.00936	0.00660	0.00658
32	0.00951	0.00739	0.00917	0.00855	0.00855	0.00864	0.00580	0.00982	0.00857	0.01195	0.01568	0.03180	0.01781	0.60169	0.02700	0.00487	0.19807	0.00763	0.00328	0.00422
33	0.63308	0.01102	0.00941	0.00789	0.01187	0.01174	0.00644	0.01649	0.01043	0.02433	0.00865	0.01009	0.00687	0.00513	0.00377	0.00157	0.00445	0.00322	0.00356	0.20998
34	0.01432	0.01336	0.02077	0.02935	0.56210	0.01385	0.01556	0.02097	0.19488	0.02029	0.01444	0.01712	0.01176	0.00605	0.00584	0.00180	0.00631	0.01843	0.00367	0.00914
35	0.01166	0.01104	0.01890	0.46663	0.03152	0.01278	0.13227	0.01526	0.01176	0.01620	0.01102	0.01556	0.00857	0.00611	0.00713	0.00189	0.08842	0.00536	0.07234	0.05556
36	0.01452	0.01088	0.01260	0.00960	0.01429	0.00948	0.00767	0.03869	0.16225	0.11125	0.01467	0.01500	0.01120	0.00546	0.00486	0.00122	0.00450	0.00442	0.00447	0.54297
37	0.00940	0.01224	0.19609	0.01117	0.01427	0.00776	0.05537	0.01224	0.01211	0.04326	0.02797	0.41117	0.10564	0.01338	0.00683	0.00216	0.00516	0.04309	0.00458	0.00611
38	0.03716	0.00773	0.01009	0.00929	0.01184	0.00713	0.00755	0.01753	0.02691	0.28910	0.14418	0.11218	0.09447	0.01185	0.00674	0.00210	0.00435	0.18664	0.00616	0.00701
39	0.34945	0.01250	0.01783	0.01355	0.01816	0.01253	0.23875	0.01866	0.05291	0.06860	0.01141	0.01316	0.00861	0.00532	0.00501	0.00171	0.00618	0.00473	0.00372	0.13720
40	0.06269	0.01029	0.01139	0.01044	0.01310	0.01122	0.00804	0.09830	0.33235	0.07862	0.06458	0.21244	0.02354	0.01056	0.00624	0.00203	0.00443	0.02625	0.00575	0.00775

[dist]
# distance from previous block
# <min> <max>
20	43

[block]
# block no. 4 follows, 40 sequences, length 7
# corresponding to MSA columns:
# 930-936
name=unknown_E
#
# <colnr> <probs for GDERKNQSTAVLIFYWHMCP>
#	G	D	E	R	K	N	Q	S	T	A	V	L	I	F	Y	W	H	M	C	P
0	0.14042	0.01198	0.15580	0.01076	0.01348	0.00985	0.01002	0.01295	0.01022	0.01668	0.01516	0.12940	0.01477	0.02387	0.33189	0.00515	0.07140	0.00677	0.00335	0.00605
1	0.18936	0.20963	0.12724	0.01186	0.01688	0.04362	0.01131	0.28213	0.01732	0.02539	0.01061	0.01152	0.00809	0.00591	0.00478	0.00164	0.00642	0.00409	0.00395	0.00825
2	0.09557	0.00917	0.01124	0.01028	0.01203	0.01092	0.00819	0.08100	0.09015	0.01888	0.01473	0.01902	0.01268	0.02450	0.36640	0.00541	0.11877	0.00563	0.07908	0.00635
3	0.34863	0.01038	0.01017	0.00910	0.01192	0.01140	0.00714	0.18834	0.01510	0.02558	0.09521	0.20605	0.02023	0.00962	0.00542	0.00193	0.00449	0.00772	0.00487	0.00669
4	0.01479	0.01715	0.03015	0.02224	0.02714	0.12487	0.56327	0.01885	0.01366	0.01755	0.01097	0.01465	0.00852	0.00557	0.00780	0.00195	0.08419	0.00624	0.00291	0.00754
5	0.01596	0.01046	0.01294	0.10462	0.12318	0.08183	0.00954	0.01810	0.01315	0.20006	0.01569	0.01798	0.01186	0.00962	0.04307	0.09047	0.00607	0.00530	0.20310	0.00700
6	0.10159	0.01318	0.01479	0.01160	0.01597	0.01384	0.00953	0.35165	0.08784	0.29344	0.01748	0.01631	0.01187	0.00699	0.00562	0.00179	0.00553	0.00537	0.00610	0.00948

[dist]
# distance from previous block
# <min> <max>
1	6

[block]
# block no. 5 follows, 40 sequences, length 12
# corresponding to MSA columns:
# 943-954
name=unknown_F
#
# <colnr> <probs for GDERKNQSTAVLIFYWHMCP>
#	G	D	E	R	K	N	Q	S	T	A	V	L	I	F	Y	W	H	M	C	P
0	0.01880	0.00838	0.01061	0.00866	0.01219	0.00717	0.00698	0.02076	0.01536	0.47989	0.03658	0.03351	0.29596	0.01005	0.00624	0.00186	0.00419	0.00828	0.00652	0.00801
1	0.01899	0.01037	0.01495	0.30298	0.02444	0.01090	0.01151	0.02353	0.10131	0.39219	0.01825	0.01839	0.01227	0.00675	0.00584	0.00187	0.00597	0.00568	0.00530	0.00851
2	0.01888	0.00806	0.01094	0.00949	0.01241	0.00710	0.00735	0.02066	0.01455	0.47956	0.02640	0.31253	0.02352	0.01138	0.00644	0.00201	0.00435	0.00990	0.00652	0.00794
3	0.01880	0.00838	0.01061	0.00866	0.01219	0.00717	0.00698	0.02076	0.01536	0.47989	0.03658	0.03351	0.29596	0.01005	0.00624	0.00186	0.00419	0.00828	0.00652	0.00801
4	0.00739	0.00591	0.00660	0.00643	0.00817	0.00513	0.00482	0.00934	0.01447	0.01859	0.32333	0.05122	0.49077	0.01365	0.00687	0.00191	0.00287	0.01161	0.00578	0.00513
5	0.00709	0.00506	0.00675	0.00810	0.00843	0.00472	0.00540	0.00810	0.01113	0.01484	0.03205	0.79184	0.03846	0.01822	0.00742	0.00236	0.00337	0.01653	0.00540	0.00472
6	0.01869	0.02315	0.02324	0.01859	0.02268	0.48504	0.28689	0.02148	0.01544	0.01590	0.01004	0.01246	0.00800	0.00558	0.00586	0.00167	0.01023	0.00493	0.00298	0.00716
7	0.00856	0.00706	0.01080	0.30140	0.02042	0.00783	0.00947	0.01066	0.01132	0.01485	0.02382	0.49748	0.02682	0.01352	0.00681	0.00220	0.00503	0.01222	0.00433	0.00538
8	0.02211	0.01629	0.01745	0.01338	0.01803	0.01803	0.01105	0.73997	0.02734	0.03665	0.01396	0.01396	0.00989	0.00698	0.00582	0.00175	0.00640	0.00524	0.00582	0.00989
9	0.01210	0.01001	0.01111	0.01012	0.01268	0.01106	0.00779	0.02335	0.47115	0.02394	0.30145	0.02994	0.03183	0.00941	0.00627	0.00192	0.00390	0.00807	0.00610	0.00779
10	0.01131	0.01792	0.30110	0.46011	0.03339	0.01334	0.01803	0.01617	0.01176	0.01617	0.01026	0.01417	0.00760	0.00588	0.00625	0.00193	0.03996	0.00483	0.00253	0.00727
11	0.00960	0.00570	0.00670	0.00653	0.00786	0.00563	0.00492	0.01226	0.01353	0.02149	0.29820	0.03005	0.03002	0.01238	0.08160	0.00233	0.00400	0.00743	0.43435	0.00542

[dist]
# distance from previous block
# <min> <max>
2	4

[block]
# block no. 6 follows, 40 sequences, length 12
# corresponding to MSA columns:
# 960-971
name=unknown_G
#
# <colnr> <probs for GDERKNQSTAVLIFYWHMCP>
#	G	D	E	R	K	N	Q	S	T	A	V	L	I	F	Y	W	H	M	C	P
0	0.02164	0.01463	0.01392	0.01150	0.01517	0.19770	0.00912	0.11518	0.04177	0.35902	0.12080	0.02012	0.01788	0.00755	0.00584	0.00173	0.00618	0.00593	0.00583	0.00848
1	0.01648	0.00972	0.01203	0.01077	0.01399	0.00968	0.00887	0.02310	0.23286	0.26049	0.02461	0.03377	0.02078	0.00989	0.00642	0.00205	0.00492	0.22401	0.00597	0.06955
2	0.01469	0.33160	0.34957	0.01347	0.01985	0.01801	0.01522	0.11866	0.01410	0.01897	0.00992	0.01136	0.00776	0.00564	0.00524	0.00161	0.02914	0.00398	0.00294	0.00827
3	0.01371	0.00923	0.00960	0.00873	0.01134	0.06422	0.00669	0.01721	0.10753	0.20080	0.03809	0.14207	0.32382	0.01184	0.00645	0.00195	0.00427	0.00992	0.00573	0.00679
4	0.00957	0.00597	0.00770	0.00787	0.00917	0.00540	0.00566	0.01125	0.01348	0.10407	0.22999	0.40665	0.13143	0.01479	0.00702	0.00210	0.00333	0.01313	0.00588	0.00555
5	0.02338	0.01425	0.01619	0.01241	0.01702	0.01501	0.01025	0.51321	0.02393	0.26822	0.01682	0.01582	0.01133	0.00705	0.00583	0.00176	0.00594	0.00543	0.00626	0.00989
6	0.28940	0.07167	0.01423	0.01145	0.01498	0.32632	0.00906	0.02198	0.06863	0.10575	0.01135	0.01198	0.00866	0.00601	0.00472	0.00165	0.00714	0.00396	0.00386	0.00719
7	0.10900	0.01305	0.02197	0.18219	0.43416	0.01366	0.10772	0.01725	0.01259	0.01893	0.01059	0.01421	0.00853	0.00530	0.00566	0.00181	0.00717	0.00516	0.00291	0.00814
8	0.01379	0.00998	0.01292	0.00954	0.01414	0.00803	0.05954	0.01652	0.01278	0.11392	0.01325	0.01465	0.01024	0.00506	0.00465	0.00113	0.00456	0.00427	0.11902	0.55200
9	0.01099	0.01110	0.02099	0.01667	0.01946	0.01134	0.33796	0.01381	0.01195	0.01642	0.01895	0.31561	0.02010	0.01090	0.00904	0.00221	0.13193	0.01032	0.00383	0.00640
10	0.08006	0.07075	0.01593	0.11862	0.01885	0.01340	0.01019	0.24455	0.01827	0.30211	0.01610	0.01592	0.01099	0.00663	0.00546	0.00175	0.00578	0.00515	0.03065	0.00884
11	0.01151	0.00776	0.00955	0.00969	0.01140	0.00795	0.00730	0.01687	0.20205	0.10447	0.02866	0.40255	0.02964	0.01398	0.00694	0.00224	0.00415	0.11100	0.00573	0.00657

[dist]
# distance from previous block
# <min> <max>
2	42

[block]
# block no. 7 follows, 40 sequences, length 25
# corresponding to MSA columns:
# 1017-1041
name=unknown_H
#
# <colnr> <probs for GDERKNQSTAVLIFYWHMCP>
#	G	D	E	R	K	N	Q	S	T	A	V	L	I	F	Y	W	H	M	C	P
0	0.51556	0.21784	0.01484	0.00869	0.01259	0.04931	0.00755	0.01775	0.01126	0.05709	0.03710	0.01124	0.00887	0.00564	0.00394	0.00164	0.00517	0.00357	0.00356	0.00676
1	0.02112	0.00967	0.01255	0.01034	0.01402	0.00903	0.00841	0.06423	0.08418	0.50126	0.06848	0.07740	0.02004	0.00897	0.00619	0.00192	0.00479	0.06185	0.00669	0.00886
2	0.01121	0.08442	0.47484	0.01365	0.01985	0.01219	0.01590	0.01660	0.04513	0.01762	0.01517	0.16884	0.01416	0.00806	0.00571	0.00184	0.00692	0.00671	0.00326	0.05794
3	0.00687	0.00589	0.00589	0.00589	0.00785	0.00491	0.00442	0.00835	0.01325	0.01571	0.05891	0.05596	0.75700	0.01473	0.00687	0.00196	0.00295	0.01227	0.00540	0.00491
4	0.01186	0.05210	0.71630	0.01668	0.02507	0.01383	0.04823	0.01839	0.01232	0.01829	0.01042	0.01232	0.00742	0.00549	0.00552	0.00183	0.00857	0.00436	0.00247	0.00853
5	0.00823	0.00594	0.00777	0.00732	0.00869	0.00549	0.00549	0.01097	0.01646	0.02332	0.75629	0.04344	0.05487	0.01189	0.00686	0.00183	0.00274	0.01052	0.00640	0.00549
6	0.01555	0.79913	0.03047	0.00995	0.01493	0.02301	0.00995	0.01741	0.01182	0.01368	0.00808	0.00933	0.00746	0.00498	0.00373	0.00124	0.00622	0.00311	0.00249	0.00746
7	0.01166	0.03008	0.76550	0.01657	0.02517	0.01351	0.02149	0.01842	0.01228	0.01842	0.01044	0.01228	0.00737	0.00552	0.00552	0.00184	0.00859	0.00430	0.00246	0.00859
8	0.02172	0.02772	0.01648	0.01498	0.01798	0.77228	0.01124	0.02322	0.01648	0.01423	0.00899	0.01049	0.00749	0.00599	0.00524	0.00150	0.01049	0.00375	0.00300	0.00674
9	0.83671	0.01125	0.00855	0.00765	0.01125	0.01305	0.00630	0.01709	0.00990	0.02609	0.00810	0.00945	0.00630	0.00540	0.00360	0.00180	0.00450	0.00315	0.00360	0.00630
10	0.01446	0.01249	0.01315	0.01183	0.01512	0.01446	0.00920	0.03090	0.74885	0.02433	0.02367	0.02170	0.01775	0.00789	0.00592	0.00197	0.00460	0.00657	0.00592	0.00920
11	0.00709	0.00506	0.00675	0.00810	0.00843	0.00472	0.00540	0.00810	0.01113	0.01484	0.03205	0.79184	0.03846	0.01822	0.00742	0.00236	0.00337	0.01653	0.00540	0.00472
12	0.01555	0.79913	0.03047	0.00995	0.01493	0.02301	0.00995	0.01741	0.01182	0.01368	0.00808	0.00933	0.00746	0.00498	0.00373	0.00124	0.00622	0.00311	0.00249	0.00746
13	0.00709	0.00506	0.00675	0.00810	0.00843	0.00472	0.00540	0.00810	0.01113	0.01484	0.03205	0.79184	0.03846	0.01822	0.00742	0.00236	0.00337	0.01653	0.00540	0.00472
14	0.02211	0.01629	0.01745	0.01338	0.01803	0.01803	0.01105	0.73997	0.02734	0.03665	0.01396	0.01396	0.00989	0.00698	0.00582	0.00175	0.00640	0.00524	0.00582	0.00989
15	0.00914	0.00653	0.00911	0.01045	0.01168	0.00650	0.00897	0.01165	0.01316	0.01715	0.03092	0.13866	0.03397	0.01628	0.00797	0.00265	0.00516	0.64942	0.00536	0.00529
16	0.01439	0.01382	0.02360	0.03569	0.75936	0.01382	0.01785	0.01785	0.01324	0.01900	0.01094	0.01439	0.00921	0.00518	0.00576	0.00173	0.00691	0.00518	0.00288	0.00921
17	0.01416	0.01358	0.02318	0.08670	0.71017	0.01376	0.01773	0.01764	0.01313	0.01872	0.01090	0.01447	0.00911	0.00522	0.00576	0.00174	0.00697	0.00518	0.00286	0.00902
18	0.07620	0.02234	0.01545	0.01461	0.05747	0.52493	0.01062	0.06549	0.01602	0.04808	0.01065	0.01214	0.00851	0.00617	0.00544	0.00157	0.02631	0.00412	0.06683	0.00706
19	0.01169	0.01105	0.01871	0.62775	0.18845	0.01310	0.01650	0.01547	0.01196	0.01571	0.01046	0.01527	0.00805	0.00568	0.00580	0.00189	0.00758	0.00517	0.00264	0.00703
20	0.01013	0.06118	0.16110	0.00930	0.01289	0.06761	0.00892	0.03093	0.01340	0.01660	0.05534	0.03760	0.41445	0.04805	0.00727	0.00200	0.00510	0.00885	0.00435	0.02493
21	0.01107	0.01017	0.01368	0.01308	0.05488	0.06743	0.10107	0.05660	0.01289	0.01704	0.02242	0.44126	0.02500	0.01276	0.00758	0.00209	0.05757	0.01141	0.00447	0.05752
22	0.15106	0.51228	0.10186	0.01018	0.01513	0.01885	0.01029	0.01780	0.01201	0.05808	0.03993	0.01164	0.00959	0.00551	0.00414	0.00145	0.00597	0.00370	0.00309	0.00744
23	0.05957	0.01473	0.07334	0.04824	0.58335	0.01380	0.04941	0.01843	0.04778	0.01949	0.01137	0.01440	0.00928	0.00535	0.00568	0.00177	0.00693	0.00515	0.00303	0.00888
24	0.07223	0.10821	0.01538	0.01031	0.01454	0.01178	0.00865	0.13040	0.01695	0.45823	0.05362	0.01872	0.01452	0.03260	0.00626	0.00185	0.00521	0.00556	0.00603	0.00896

[dist]
# distance from previous block
# <min> <max>
11	19

[block]
# block no. 8 follows, 40 sequences, length 23
# corresponding to MSA columns:
# 1062-1084
name=unknown_I
#
# <colnr> <probs for GDERKNQSTAVLIFYWHMCP>
#	G	D	E	R	K	N	Q	S	T	A	V	L	I	F	Y	W	H	M	C	P
0	0.01420	0.00705	0.00868	0.00764	0.00922	0.00656	0.00522	0.01501	0.01138	0.25965	0.02174	0.03286	0.05320	0.49909	0.02070	0.00420	0.00528	0.00777	0.00482	0.00569
1	0.01466	0.01444	0.02374	0.03443	0.70115	0.04398	0.04600	0.01809	0.01339	0.01879	0.01089	0.01429	0.00913	0.00520	0.00578	0.00173	0.00716	0.00519	0.00289	0.00906
2	0.18034	0.01177	0.01223	0.01063	0.01424	0.01301	0.00842	0.02701	0.46118	0.13110	0.01983	0.01852	0.01455	0.00712	0.00537	0.00186	0.00462	0.00564	0.00552	0.04702
3	0.20843	0.01431	0.01491	0.01168	0.01607	0.01566	0.00964	0.48248	0.02197	0.12881	0.01379	0.01369	0.00966	0.00665	0.00532	0.00176	0.00578	0.00484	0.00549	0.00907
4	0.16934	0.01538	0.01584	0.01234	0.01681	0.01713	0.01019	0.60931	0.02419	0.03474	0.01290	0.01315	0.00924	0.00669	0.00542	0.00175	0.00606	0.00486	0.00542	0.00924
5	0.00711	0.00552	0.00648	0.00705	0.00821	0.00489	0.00498	0.00851	0.01263	0.01613	0.12136	0.38997	0.35435	0.01601	0.00712	0.00213	0.00312	0.01403	0.00551	0.00489
6	0.00795	0.00644	0.01033	0.01023	0.01129	0.00602	0.10077	0.00947	0.01147	0.01534	0.02941	0.69083	0.03460	0.01649	0.00735	0.00231	0.00421	0.01527	0.00508	0.00513
7	0.00782	0.00591	0.00722	0.00694	0.00845	0.00531	0.00519	0.01017	0.01543	0.02098	0.54344	0.06557	0.25061	0.01284	0.00688	0.00188	0.00282	0.01116	0.00610	0.00531
8	0.10118	0.02326	0.01573	0.01382	0.01720	0.52195	0.01062	0.15674	0.05198	0.02005	0.01051	0.01156	0.00830	0.00621	0.00522	0.00160	0.00886	0.00410	0.00372	0.00740
9	0.02146	0.01004	0.01302	0.00977	0.01449	0.00828	0.00800	0.02382	0.01513	0.51774	0.01878	0.01724	0.01249	0.00624	0.00534	0.00149	0.00474	0.00506	0.00596	0.28089
10	0.02530	0.01007	0.01347	0.01045	0.01486	0.00895	0.00859	0.02851	0.06621	0.71335	0.02299	0.01992	0.01462	0.00724	0.00585	0.00181	0.00492	0.00590	0.00711	0.00985
11	0.00825	0.00567	0.00628	0.00628	0.00654	0.00554	0.00364	0.00844	0.00908	0.01185	0.02360	0.04039	0.11690	0.69401	0.02664	0.00516	0.00529	0.00895	0.00377	0.00370
12	0.00839	0.00620	0.00922	0.00922	0.01026	0.00721	0.00716	0.01049	0.00944	0.01377	0.01569	0.02281	0.01455	0.04239	0.74714	0.00908	0.01515	0.00620	0.03043	0.00520
13	0.01321	0.01508	0.05065	0.15761	0.05270	0.01433	0.57167	0.01794	0.01330	0.01797	0.01145	0.01553	0.00861	0.00509	0.00661	0.00195	0.00933	0.00645	0.00286	0.00766
14	0.06550	0.00981	0.01244	0.00968	0.01383	0.00870	0.00788	0.05575	0.01603	0.47902	0.11521	0.02085	0.01812	0.00725	0.00562	0.00166	0.00460	0.00591	0.00626	0.13587
15	0.00711	0.00512	0.00669	0.00793	0.00835	0.00476	0.00530	0.00812	0.01118	0.01480	0.03317	0.73302	0.07711	0.03741	0.00795	0.00242	0.00341	0.01610	0.00535	0.00470
16	0.01106	0.00635	0.00708	0.00678	0.00815	0.00684	0.00523	0.04202	0.01225	0.02079	0.01771	0.02104	0.01426	0.01176	0.10496	0.00248	0.04707	0.00550	0.64303	0.00562
17	0.01345	0.39878	0.33824	0.01292	0.01899	0.01798	0.01477	0.01737	0.01205	0.01610	0.04097	0.01221	0.00945	0.00578	0.00545	0.00159	0.04942	0.00403	0.00264	0.00779
18	0.01298	0.01394	0.02796	0.20956	0.07274	0.01419	0.45707	0.01728	0.01286	0.01747	0.01109	0.01529	0.00851	0.00542	0.00716	0.00194	0.05323	0.00615	0.00284	0.03231
19	0.03768	0.24660	0.51644	0.01463	0.02198	0.01621	0.03582	0.01810	0.01211	0.01731	0.00973	0.01144	0.00740	0.00535	0.00499	0.00167	0.00783	0.00399	0.00251	0.00819
20	0.64638	0.01141	0.00991	0.00852	0.01228	0.01281	0.00700	0.06004	0.04665	0.12255	0.01110	0.01163	0.00810	0.00584	0.00413	0.00180	0.00467	0.00378	0.00430	0.00711
21	0.01010	0.00505	0.00758	0.00758	0.00758	0.00505	0.00505	0.00758	0.00758	0.01010	0.01010	0.01768	0.01010	0.02020	0.02273	0.83081	0.00505	0.00505	0.00253	0.00253
22	0.01553	0.54653	0.17785	0.01192	0.01739	0.11487	0.01245	0.01834	0.01249	0.01471	0.00867	0.01007	0.00745	0.00521	0.00428	0.00140	0.00724	0.00343	0.00254	0.00760

[dist]
# distance from previous block
# <min> <max>
0	2

[block]
# block no. 9 follows, 40 sequences, length 11
# corresponding to MSA columns:
# 1087-1097
name=unknown_J
#
# <colnr> <probs for GDERKNQSTAVLIFYWHMCP>
#	G	D	E	R	K	N	Q	S	T	A	V	L	I	F	Y	W	H	M	C	P
0	0.01222	0.00917	0.01032	0.00973	0.01218	0.00971	0.00750	0.02068	0.35006	0.08184	0.07513	0.15370	0.15362	0.01145	0.00651	0.00206	0.00409	0.05687	0.00584	0.00732
1	0.01206	0.01034	0.01206	0.00861	0.01378	0.00775	0.00689	0.01464	0.01206	0.01895	0.01034	0.01206	0.00861	0.00431	0.00431	0.00086	0.00431	0.00345	0.00345	0.83118
2	0.00731	0.00577	0.00662	0.00690	0.00838	0.00508	0.00512	0.00898	0.01338	0.01698	0.17494	0.20990	0.43671	0.01504	0.00706	0.00207	0.00315	0.05603	0.00557	0.00500
3	0.02030	0.02534	0.01669	0.01503	0.01755	0.65282	0.01147	0.02176	0.01528	0.01419	0.00877	0.01084	0.00751	0.00666	0.00743	0.00166	0.13312	0.00396	0.00292	0.00668
4	0.00836	0.00603	0.00834	0.00834	0.00904	0.00672	0.00602	0.00974	0.00905	0.01276	0.01649	0.02792	0.01674	0.29454	0.52467	0.00811	0.01226	0.00697	0.00325	0.00464
5	0.02205	0.01810	0.01730	0.01363	0.01802	0.13746	0.01108	0.62648	0.02562	0.03310	0.01317	0.01341	0.00951	0.00682	0.00573	0.00171	0.00705	0.00500	0.00537	0.00939
6	0.01439	0.01382	0.02360	0.03569	0.75936	0.01382	0.01785	0.01785	0.01324	0.01900	0.01094	0.01439	0.00921	0.00518	0.00576	0.00173	0.00691	0.00518	0.00288	0.00921
7	0.02004	0.01108	0.01323	0.01094	0.01476	0.01131	0.00877	0.07058	0.31279	0.37556	0.06863	0.02170	0.01802	0.00776	0.00594	0.00187	0.00476	0.00640	0.00655	0.00934
8	0.01319	0.01348	0.01777	0.06562	0.01743	0.06692	0.03416	0.01485	0.00997	0.01457	0.00823	0.01280	0.00774	0.00902	0.01583	0.00229	0.60114	0.00494	0.00266	0.06743
9	0.44767	0.00932	0.00905	0.00812	0.01108	0.00996	0.00658	0.01659	0.01282	0.12299	0.21561	0.02384	0.02243	0.00812	0.00508	0.00187	0.00414	0.05329	0.00496	0.00649
10	0.01442	0.01289	0.02003	0.09802	0.40224	0.01345	0.05288	0.13164	0.06117	0.02124	0.01462	0.10386	0.01304	0.00717	0.00603	0.00185	0.00651	0.00666	0.00380	0.00847

[dist]
# distance from previous block
# <min> <max>
12	43

[block]
# block no. 10 follows, 40 sequences, length 25
# corresponding to MSA columns:
# 1142-1166
name=unknown_K
#
# <colnr> <probs for GDERKNQSTAVLIFYWHMCP>
#	G	D	E	R	K	N	Q	S	T	A	V	L	I	F	Y	W	H	M	C	P
0	0.01443	0.01126	0.01305	0.00958	0.01468	0.00903	0.00763	0.07331	0.01399	0.06770	0.01211	0.01367	0.00974	0.00518	0.00483	0.00113	0.00476	0.00398	0.00411	0.70584
1	0.01501	0.01441	0.02480	0.03498	0.69357	0.01423	0.07529	0.01835	0.01370	0.01959	0.01170	0.01544	0.00984	0.00563	0.00614	0.00187	0.00735	0.00554	0.00313	0.00943
2	0.01729	0.01312	0.01381	0.01064	0.01536	0.08372	0.00843	0.09213	0.04764	0.15274	0.01409	0.01486	0.01072	0.00589	0.00520	0.00136	0.00549	0.00446	0.00465	0.47841
3	0.01492	0.01412	0.02369	0.06733	0.72118	0.01412	0.01796	0.01816	0.01359	0.01944	0.01161	0.01538	0.00981	0.00568	0.00605	0.00186	0.00716	0.00540	0.00311	0.00943
4	0.00805	0.00579	0.00737	0.00851	0.00906	0.00536	0.00580	0.00893	0.01169	0.01551	0.03331	0.64813	0.08262	0.06369	0.00900	0.00267	0.00386	0.06007	0.00550	0.00508
5	0.01216	0.01138	0.01546	0.01369	0.01418	0.01463	0.01100	0.01326	0.01006	0.01518	0.01378	0.18057	0.01498	0.01192	0.01574	0.00251	0.55665	0.00765	0.00346	0.06173
6	0.02037	0.01018	0.01263	0.01058	0.01406	0.00959	0.00832	0.10987	0.07402	0.41903	0.02648	0.17113	0.06597	0.01027	0.00651	0.00205	0.00491	0.00851	0.00667	0.00885
7	0.01169	0.01082	0.01785	0.77349	0.04025	0.01327	0.01635	0.01533	0.01207	0.01552	0.01104	0.01644	0.00843	0.00628	0.00611	0.00206	0.00796	0.00539	0.00283	0.00682
8	0.01607	0.76484	0.05555	0.01064	0.01575	0.02293	0.01061	0.01789	0.01227	0.01452	0.00889	0.01043	0.00814	0.00547	0.00411	0.00140	0.00652	0.00339	0.00273	0.00785
9	0.01251	0.00744	0.00947	0.00955	0.01109	0.00701	0.00695	0.07030	0.01396	0.14942	0.02940	0.54391	0.03200	0.01559	0.00733	0.00235	0.00426	0.05503	0.00596	0.00646
10	0.01506	0.01426	0.02395	0.03587	0.75151	0.01416	0.01803	0.01829	0.01366	0.01962	0.01163	0.01534	0.00987	0.00565	0.00605	0.00186	0.00712	0.00540	0.00312	0.00954
11	0.01506	0.01426	0.02395	0.03587	0.75151	0.01416	0.01803	0.01829	0.01366	0.01962	0.01163	0.01534	0.00987	0.00565	0.00605	0.00186	0.00712	0.00540	0.00312	0.00954
12	0.01259	0.07535	0.71453	0.01658	0.02494	0.01441	0.02095	0.01879	0.01268	0.01876	0.01100	0.01307	0.00805	0.00596	0.00572	0.00193	0.00865	0.00446	0.00271	0.00887
13	0.00823	0.00602	0.00770	0.00863	0.00941	0.00541	0.00584	0.00917	0.01165	0.01583	0.03078	0.72211	0.03642	0.01744	0.00745	0.00236	0.00370	0.01559	0.00546	0.07080
14	0.00790	0.00637	0.00691	0.00722	0.00891	0.00550	0.00538	0.00921	0.01335	0.01639	0.05208	0.17404	0.56526	0.01578	0.00735	0.00222	0.00351	0.08170	0.00561	0.00530
15	0.01719	0.01490	0.01471	0.01283	0.01639	0.07573	0.01000	0.16830	0.54270	0.02647	0.02117	0.02017	0.01597	0.00800	0.00614	0.00202	0.00566	0.00629	0.00587	0.00947
16	0.01138	0.00669	0.00816	0.00998	0.12019	0.00669	0.00614	0.01420	0.01235	0.02128	0.01776	0.02058	0.01405	0.00653	0.00432	0.00141	0.00334	0.00538	0.70358	0.00599
17	0.01241	0.01086	0.01380	0.01269	0.12614	0.00867	0.00854	0.01513	0.01224	0.01896	0.01043	0.01241	0.00870	0.00444	0.00453	0.00099	0.00470	0.00371	0.00336	0.70731
18	0.01556	0.01479	0.01365	0.01231	0.01555	0.12867	0.00951	0.02974	0.63848	0.02280	0.02146	0.02001	0.01621	0.00760	0.00582	0.00190	0.00549	0.00615	0.00548	0.00883
19	0.01206	0.01034	0.01206	0.00861	0.01378	0.00775	0.00689	0.01464	0.01206	0.01895	0.01034	0.01206	0.00861	0.00431	0.00431	0.00086	0.00431	0.00345	0.00345	0.83118
20	0.71279	0.01143	0.00924	0.00828	0.01183	0.01326	0.00674	0.01917	0.12126	0.02582	0.01044	0.01129	0.00802	0.00577	0.00395	0.00183	0.00451	0.00367	0.00395	0.00674
21	0.01138	0.00669	0.00816	0.00998	0.12019	0.00669	0.00614	0.01420	0.01235	0.02128	0.01776	0.02058	0.01405	0.00653	0.00432	0.00141	0.00334	0.00538	0.70358	0.00599
22	0.01654	0.68115	0.02851	0.01047	0.01539	0.02226	0.01012	0.12630	0.01416	0.01714	0.00897	0.01003	0.00783	0.00528	0.00405	0.00132	0.00625	0.00343	0.00299	0.00783
23	0.71394	0.01201	0.00989	0.00851	0.01227	0.01380	0.00701	0.12603	0.01253	0.02768	0.00898	0.01013	0.00684	0.00564	0.00393	0.00179	0.00478	0.00346	0.00393	0.00684
24	0.02211	0.01629	0.01745	0.01338	0.01803	0.01803	0.01105	0.73997	0.02734	0.03665	0.01396	0.01396	0.00989	0.00698	0.00582	0.00175	0.00640	0.00524	0.00582	0.00989

[dist]
# distance from previous block
# <min> <max>
0	5

[block]
# block no. 11 follows, 40 sequences, length 26
# corresponding to MSA columns:
# 1172-1197
name=unknown_L
#
# <colnr> <probs for GDERKNQSTAVLIFYWHMCP>
#	G	D	E	R	K	N	Q	S	T	A	V	L	I	F	Y	W	H	M	C	P
0	0.01601	0.01887	0.01268	0.01229	0.01425	0.47264	0.00896	0.01732	0.01439	0.01447	0.01799	0.31551	0.01958	0.01077	0.00609	0.00184	0.00771	0.00874	0.00393	0.00595
1	0.00831	0.00623	0.00935	0.00935	0.01038	0.00727	0.00727	0.01038	0.00935	0.01350	0.01558	0.02285	0.01454	0.04361	0.77259	0.00935	0.01558	0.00623	0.00312	0.00519
2	0.02454	0.01239	0.01504	0.01153	0.01609	0.01225	0.00953	0.30615	0.02082	0.47968	0.01944	0.01752	0.01264	0.00711	0.00584	0.00178	0.00551	0.00561	0.00666	0.00989
3	0.01616	0.01223	0.01294	0.01046	0.01406	0.01291	0.00846	0.45435	0.02184	0.02847	0.03151	0.03036	0.30155	0.01001	0.00623	0.00183	0.00505	0.00798	0.00565	0.00795
4	0.01052	0.00973	0.01349	0.01247	0.01260	0.01270	0.00986	0.01169	0.00978	0.01433	0.01717	0.31688	0.01967	0.01332	0.01453	0.00247	0.47986	0.00956	0.00366	0.00572
5	0.00946	0.00828	0.01327	0.47967	0.02771	0.00972	0.01195	0.01222	0.01143	0.01485	0.01881	0.31857	0.01974	0.01066	0.00644	0.00210	0.00604	0.00960	0.00368	0.00578
6	0.02196	0.02075	0.01707	0.01401	0.01801	0.31248	0.01112	0.46016	0.02310	0.02790	0.01202	0.01261	0.00895	0.00659	0.00559	0.00165	0.00799	0.00465	0.00472	0.00866
7	0.00823	0.00594	0.00777	0.00732	0.00869	0.00549	0.00549	0.01097	0.01646	0.02332	0.75629	0.04344	0.05487	0.01189	0.00686	0.00183	0.00274	0.01052	0.00640	0.00549
8	0.02211	0.01629	0.01745	0.01338	0.01803	0.01803	0.01105	0.73997	0.02734	0.03665	0.01396	0.01396	0.00989	0.00698	0.00582	0.00175	0.00640	0.00524	0.00582	0.00989
9	0.51543	0.01298	0.01861	0.01423	0.01872	0.01369	0.29203	0.01769	0.01139	0.02318	0.00953	0.01188	0.00728	0.00520	0.00487	0.00186	0.00657	0.00460	0.00334	0.00690
10	0.01132	0.00734	0.00801	0.00667	0.00951	0.00633	0.00517	0.01398	0.01214	0.02061	0.01560	0.01792	0.01245	0.00581	0.00416	0.00116	0.00333	0.00465	0.50605	0.32778
11	0.01206	0.01034	0.01206	0.00861	0.01378	0.00775	0.00689	0.01464	0.01206	0.01895	0.01034	0.01206	0.00861	0.00431	0.00431	0.00086	0.00431	0.00345	0.00345	0.83118
12	0.00903	0.00712	0.00882	0.00830	0.01052	0.00591	0.00598	0.01065	0.01149	0.01645	0.02357	0.48742	0.02681	0.01279	0.00621	0.00178	0.00374	0.01142	0.00464	0.32736
13	0.02155	0.01091	0.01336	0.01093	0.01495	0.01086	0.00880	0.02934	0.30249	0.47487	0.02323	0.02054	0.01571	0.00747	0.00587	0.00187	0.00481	0.00613	0.00670	0.00963
14	0.01419	0.49120	0.02328	0.00943	0.01448	0.01705	0.00876	0.01633	0.01191	0.01574	0.00896	0.01039	0.00791	0.00471	0.00396	0.00109	0.00547	0.00324	0.00286	0.32903
15	0.01725	0.01924	0.02082	0.02761	0.46993	0.30991	0.01527	0.01994	0.01451	0.01714	0.01018	0.01287	0.00854	0.00550	0.00556	0.00164	0.00831	0.00462	0.00292	0.00825
16	0.01158	0.00959	0.01065	0.01038	0.01251	0.01066	0.00772	0.02200	0.46086	0.02062	0.02694	0.32235	0.02584	0.01192	0.00650	0.00212	0.00412	0.01046	0.00571	0.00746
17	0.33096	0.00748	0.00745	0.00792	0.00953	0.00797	0.00575	0.01161	0.01065	0.01924	0.02270	0.48640	0.02591	0.01321	0.00593	0.00214	0.00381	0.01131	0.00470	0.00534
18	0.01442	0.01330	0.01952	0.02638	0.46882	0.01407	0.01447	0.02294	0.30041	0.02108	0.01591	0.01724	0.01255	0.00624	0.00582	0.00182	0.00601	0.00573	0.00406	0.00921
19	0.01713	0.01254	0.01430	0.01234	0.01570	0.01361	0.01040	0.45580	0.02189	0.02914	0.02053	0.03412	0.01909	0.01053	0.00668	0.00211	0.00599	0.28435	0.00564	0.00812
20	0.00709	0.00506	0.00675	0.00810	0.00843	0.00472	0.00540	0.00810	0.01113	0.01484	0.03205	0.79184	0.03846	0.01822	0.00742	0.00236	0.00337	0.01653	0.00540	0.00472
21	0.00896	0.00651	0.00936	0.01018	0.01140	0.00692	0.00855	0.01140	0.01181	0.01588	0.02485	0.04891	0.02608	0.02682	0.30650	0.00528	0.00935	0.44149	0.00448	0.00529
22	0.02454	0.01239	0.01504	0.01153	0.01609	0.01225	0.00953	0.30615	0.02082	0.47968	0.01944	0.01752	0.01264	0.00711	0.00584	0.00178	0.00551	0.00561	0.00666	0.00989
23	0.02014	0.00815	0.01034	0.00842	0.01169	0.00733	0.00680	0.02257	0.01491	0.47383	0.02139	0.02053	0.01459	0.00703	0.00515	0.00163	0.00407	0.00568	0.32759	0.00815
24	0.01646	0.01922	0.01308	0.01199	0.01435	0.47294	0.00899	0.01844	0.01647	0.01778	0.30072	0.02335	0.02599	0.00829	0.00587	0.00163	0.00746	0.00639	0.00433	0.00625
25	0.02211	0.01629	0.01745	0.01338	0.01803	0.01803	0.01105	0.73997	0.02734	0.03665	0.01396	0.01396	0.00989	0.00698	0.00582	0.00175	0.00640	0.00524	0.00582	0.00989

[dist]
# distance from previous block
# <min> <max>
1	5

[block]
# block no. 12 follows, 40 sequences, length 48
# corresponding to MSA columns:
# 1203-1250
name=unknown_M
#
# <colnr> <probs for GDERKNQSTAVLIFYWHMCP>
#	G	D	E	R	K	N	Q	S	T	A	V	L	I	F	Y	W	H	M	C	P
0	0.01084	0.00542	0.00542	0.00542	0.00678	0.00542	0.00407	0.01355	0.01220	0.02168	0.01897	0.02168	0.01491	0.00678	0.00407	0.00136	0.00271	0.00542	0.82791	0.00542
1	0.01206	0.01034	0.01206	0.00861	0.01378	0.00775	0.00689	0.01464	0.01206	0.01895	0.01034	0.01206	0.00861	0.00431	0.00431	0.00086	0.00431	0.00345	0.00345	0.83118
2	0.01446	0.01249	0.01315	0.01183	0.01512	0.01446	0.00920	0.03090	0.74885	0.02433	0.02367	0.02170	0.01775	0.00789	0.00592	0.00197	0.00460	0.00657	0.00592	0.00920
3	0.01206	0.01034	0.01206	0.00861	0.01378	0.00775	0.00689	0.01464	0.01206	0.01895	0.01034	0.01206	0.00861	0.00431	0.00431	0.00086	0.00431	0.00345	0.00345	0.83118
