[name]
unknown

[dist]
# distance from previous block
# <min> <max>
0	104

[block]
# block no. 0 follows, 40 sequences, length 16
# corresponding to MSA columns:
# 105-120
name=unknown_A
#
# <colnr> <probs for GDERKNQSTAVLIFYWHMCP>
#	G	D	E	R	K	N	Q	S	T	A	V	L	I	F	Y	W	H	M	C	P
0	0.00900	0.00645	0.00885	0.00960	0.01095	0.00630	0.00810	0.01170	0.01439	0.01934	0.26839	0.05834	0.04048	0.01470	0.00765	0.00240	0.00450	0.48778	0.00570	0.00540
1	0.02027	0.00870	0.01214	0.01002	0.01338	0.00813	0.00813	0.02246	0.01425	0.51779	0.02053	0.02079	0.01444	0.01912	0.25696	0.00427	0.00843	0.00597	0.00586	0.00836
2	0.00702	0.00533	0.00647	0.00737	0.00824	0.00478	0.00508	0.00818	0.01183	0.01513	0.04085	0.55083	0.27379	0.01708	0.00724	0.00223	0.00323	0.01514	0.00540	0.00478
3	0.01394	0.01507	0.03081	0.02817	0.26913	0.01441	0.50230	0.01837	0.01357	0.01875	0.01149	0.01526	0.00895	0.00499	0.00650	0.00188	0.00886	0.00631	0.00292	0.00829
4	0.01429	0.27216	0.03248	0.01942	0.02480	0.01753	0.47438	0.01807	0.01293	0.01685	0.01042	0.01350	0.00834	0.00511	0.00626	0.00175	0.03571	0.00557	0.00278	0.00767
5	0.01439	0.01382	0.02360	0.03569	0.75936	0.01382	0.01785	0.01785	0.01324	0.01900	0.01094	0.01439	0.00921	0.00518	0.00576	0.00173	0.00691	0.00518	0.00288	0.00921
6	0.01350	0.01914	0.26658	0.02943	0.51891	0.01371	0.01904	0.01803	0.01293	0.01881	0.01077	0.01370	0.00861	0.00529	0.00568	0.00176	0.00746	0.00489	0.00274	0.00901
7	0.01754	0.00802	0.01080	0.00901	0.01200	0.00712	0.00721	0.02003	0.01645	0.40738	0.35022	0.03193	0.03311	0.00960	0.00637	0.00184	0.00398	0.03283	0.00678	0.00777
8	0.00707	0.00510	0.00671	0.00799	0.00841	0.00473	0.00535	0.00811	0.01124	0.01489	0.03336	0.75606	0.07340	0.01805	0.00740	0.00234	0.00335	0.01632	0.00540	0.00473
9	0.01695	0.01288	0.01379	0.01166	0.01480	0.03875	0.00915	0.45518	0.04321	0.02839	0.02001	0.26883	0.01940	0.01066	0.00633	0.00195	0.00549	0.00893	0.00559	0.00807
10	0.01439	0.01382	0.02360	0.03569	0.75936	0.01382	0.01785	0.01785	0.01324	0.01900	0.01094	0.01439	0.00921	0.00518	0.00576	0.00173	0.00691	0.00518	0.00288	0.00921
11	0.01446	0.01249	0.01315	0.01183	0.01512	0.01446	0.00920	0.03090	0.74885	0.02433	0.02367	0.02170	0.01775	0.00789	0.00592	0.00197	0.00460	0.00657	0.00592	0.00920
12	0.01903	0.01512	0.01757	0.01400	0.01713	0.01796	0.01160	0.50221	0.02130	0.02923	0.01189	0.01356	0.00915	0.00803	0.01016	0.00201	0.26139	0.00519	0.00475	0.00873
13	0.01692	0.01463	0.02159	0.02839	0.51657	0.01520	0.01562	0.25434	0.01786	0.02478	0.01193	0.01425	0.00943	0.00577	0.00578	0.00173	0.00674	0.00520	0.00384	0.00943
14	0.00830	0.00584	0.00730	0.00700	0.00792	0.00554	0.00484	0.01015	0.01384	0.01938	0.51460	0.04168	0.04382	0.26857	0.01431	0.00308	0.00369	0.00984	0.00546	0.00484
15	0.01210	0.01148	0.01946	0.53735	0.27563	0.01321	0.01671	0.01584	0.01216	0.01621	0.01053	0.01514	0.00823	0.00561	0.00580	0.00187	0.00748	0.00517	0.00268	0.00736

[dist]
# distance from previous block
# <min> <max>
0	1

[block]
# block no. 1 follows, 40 sequences, length 13
# corresponding to MSA columns:
# 122-134
name=unknown_B
#
# <colnr> <probs for GDERKNQSTAVLIFYWHMCP>
#	G	D	E	R	K	N	Q	S	T	A	V	L	I	F	Y	W	H	M	C	P
0	0.01203	0.00985	0.01137	0.00913	0.01284	0.00898	0.00718	0.06115	0.15126	0.02228	0.22610	0.02293	0.02360	0.00730	0.00543	0.00140	0.00404	0.00616	0.00489	0.39207
1	0.02010	0.01492	0.01605	0.01280	0.01706	0.01659	0.01041	0.50598	0.23295	0.06526	0.01713	0.01643	0.01233	0.00725	0.00585	0.00181	0.00582	0.00565	0.00591	0.00969
2	0.01268	0.01062	0.01161	0.01054	0.01328	0.01190	0.00814	0.02521	0.53966	0.02404	0.23292	0.02791	0.02835	0.00903	0.00619	0.00193	0.00407	0.00770	0.00606	0.00814
3	0.60183	0.01198	0.01285	0.01566	0.22493	0.01327	0.00960	0.01731	0.01085	0.02407	0.00891	0.01086	0.00713	0.00534	0.00422	0.00178	0.00519	0.00373	0.00339	0.00713
4	0.17125	0.01864	0.01419	0.01249	0.01592	0.30485	0.00971	0.12861	0.22602	0.02258	0.01374	0.01400	0.01055	0.00657	0.00521	0.00173	0.00710	0.00466	0.00435	0.00782
5	0.07450	0.01276	0.01415	0.01158	0.01561	0.01374	0.00935	0.22965	0.29322	0.23244	0.01969	0.01817	0.01384	0.00728	0.00572	0.00185	0.00520	0.00577	0.00609	0.00940
6	0.01879	0.00893	0.01151	0.00994	0.01306	0.00841	0.00775	0.02297	0.13315	0.43039	0.02566	0.24062	0.02181	0.01046	0.00631	0.00199	0.00444	0.00902	0.00648	0.00831
7	0.02239	0.01584	0.01717	0.01316	0.01781	0.01736	0.01088	0.68949	0.02658	0.08820	0.01460	0.01438	0.01021	0.00700	0.00582	0.00175	0.00630	0.00528	0.00592	0.00989
8	0.01943	0.01964	0.01500	0.01327	0.01661	0.37148	0.01021	0.06744	0.29276	0.09052	0.01612	0.01579	0.01215	0.00688	0.00559	0.00172	0.00751	0.00509	0.00466	0.00815
9	0.01140	0.01074	0.01712	0.01272	0.01717	0.00909	0.21532	0.01448	0.01307	0.01879	0.09261	0.05298	0.09276	0.00691	0.00569	0.00145	0.00554	0.00660	0.00389	0.39169
10	0.01314	0.01980	0.24316	0.02224	0.02890	0.01436	0.53351	0.01857	0.01331	0.01857	0.01139	0.01471	0.00841	0.00508	0.00648	0.00193	0.00946	0.00613	0.00280	0.00806
11	0.01945	0.01359	0.01616	0.23209	0.02336	0.06707	0.01180	0.26602	0.06056	0.20790	0.01535	0.01604	0.01067	0.00668	0.00579	0.00181	0.00661	0.00534	0.00504	0.00865
12	0.01177	0.01289	0.02620	0.01919	0.02395	0.01191	0.52864	0.01569	0.01359	0.01779	0.02523	0.02719	0.22252	0.00771	0.00687	0.00196	0.00784	0.00841	0.00364	0.00701

[dist]
# distance from previous block
# <min> <max>
0	20

[block]
# block no. 2 follows, 40 sequences, length 56
# corresponding to MSA columns:
# 155-210
name=unknown_C
#
# <colnr> <probs for GDERKNQSTAVLIFYWHMCP>
#	G	D	E	R	K	N	Q	S	T	A	V	L	I	F	Y	W	H	M	C	P
0	0.01326	0.01367	0.02712	0.13352	0.02829	0.01317	0.48269	0.01687	0.01365	0.01845	0.01649	0.16084	0.01529	0.00832	0.00730	0.00225	0.00863	0.00875	0.00376	0.00766
1	0.01824	0.66845	0.02844	0.01082	0.01575	0.02130	0.01021	0.01980	0.01328	0.12527	0.01153	0.01261	0.00966	0.00612	0.00459	0.00156	0.00642	0.00394	0.00361	0.00843
2	0.01612	0.01324	0.02212	0.03196	0.64970	0.01304	0.01648	0.01939	0.01374	0.12863	0.01271	0.01519	0.00997	0.00548	0.00577	0.00174	0.00662	0.00528	0.00351	0.00931
3	0.01651	0.68383	0.02855	0.01046	0.01538	0.02228	0.01011	0.12383	0.01410	0.01706	0.00895	0.01001	0.00782	0.00527	0.00404	0.00132	0.00625	0.00342	0.00298	0.00782
4	0.02349	0.00927	0.01244	0.00976	0.01359	0.00812	0.00781	0.02541	0.01544	0.65261	0.02226	0.02248	0.01539	0.12332	0.00935	0.00236	0.00505	0.00623	0.00666	0.00896
5	0.00711	0.00589	0.00618	0.00611	0.00794	0.00501	0.00455	0.00874	0.01362	0.01673	0.16068	0.05370	0.63647	0.03247	0.00740	0.00203	0.00298	0.01193	0.00550	0.00496
6	0.02415	0.01094	0.01668	0.01252	0.01723	0.00974	0.11609	0.04809	0.01653	0.63206	0.02103	0.01901	0.01344	0.00685	0.00600	0.00182	0.00571	0.00598	0.00653	0.00959
7	0.00713	0.00590	0.00624	0.00616	0.00801	0.00502	0.00462	0.00883	0.01385	0.01712	0.18850	0.05364	0.62652	0.01420	0.00687	0.00194	0.00291	0.01195	0.00559	0.00502
8	0.00709	0.00506	0.00675	0.00810	0.00843	0.00472	0.00540	0.00810	0.01113	0.01484	0.03205	0.79184	0.03846	0.01822	0.00742	0.00236	0.00337	0.01653	0.00540	0.00472
9	0.01410	0.66068	0.02636	0.00961	0.01380	0.01984	0.00916	0.01587	0.01184	0.01411	0.03189	0.12550	0.01331	0.00711	0.00436	0.00142	0.00571	0.00529	0.00302	0.00701
10	0.83671	0.01125	0.00855	0.00765	0.01125	0.01305	0.00630	0.01709	0.00990	0.02609	0.00810	0.00945	0.00630	0.00540	0.00360	0.00180	0.00450	0.00315	0.00360	0.00630
11	0.00847	0.00688	0.00714	0.00728	0.00911	0.00580	0.00525	0.00945	0.01381	0.01694	0.05528	0.16535	0.63514	0.01600	0.00754	0.00228	0.00355	0.01319	0.00585	0.00567
12	0.01294	0.01070	0.01241	0.00942	0.01406	0.00827	0.00732	0.01510	0.01361	0.02088	0.12166	0.01870	0.01681	0.00642	0.00533	0.00129	0.00459	0.00499	0.00437	0.69114
13	0.14330	0.01642	0.01700	0.01343	0.01796	0.01792	0.01089	0.61762	0.02532	0.03597	0.01447	0.01527	0.01071	0.00769	0.00610	0.00202	0.00658	0.00539	0.00593	0.01003
14	0.01232	0.01057	0.01685	0.65067	0.03569	0.01250	0.01493	0.01477	0.01194	0.01554	0.01176	0.01776	0.00950	0.00890	0.00892	0.12428	0.00778	0.00561	0.00309	0.00663
15	0.01483	0.01869	0.14247	0.02397	0.03026	0.01522	0.61629	0.01950	0.01437	0.01989	0.01299	0.01712	0.00998	0.00598	0.00725	0.00220	0.01001	0.00691	0.00337	0.00867
16	0.01255	0.01425	0.12848	0.65199	0.03828	0.01374	0.01735	0.01637	0.01263	0.01676	0.01181	0.01697	0.00910	0.00674	0.00638	0.00219	0.00831	0.00550	0.00308	0.00753
17	0.01477	0.01235	0.01316	0.01221	0.01513	0.01373	0.00922	0.02816	0.62396	0.02409	0.02605	0.13692	0.02197	0.01033	0.00675	0.00229	0.00492	0.00847	0.00628	0.00923
18	0.13496	0.01148	0.01253	0.00947	0.01444	0.00939	0.00743	0.01600	0.01264	0.02129	0.01146	0.01369	0.00965	0.00547	0.00485	0.00129	0.00484	0.00390	0.00396	0.69126
19	0.01578	0.01474	0.02432	0.03607	0.74305	0.01453	0.01822	0.01877	0.01411	0.02028	0.01238	0.01636	0.01058	0.00616	0.00637	0.00199	0.00736	0.00564	0.00338	0.00990
20	0.00687	0.00589	0.00589	0.00589	0.00785	0.00491	0.00442	0.00835	0.01325	0.01571	0.05891	0.05596	0.75700	0.01473	0.00687	0.00196	0.00295	0.01227	0.00540	0.00491
21	0.02172	0.02772	0.01648	0.01498	0.01798	0.77228	0.01124	0.02322	0.01648	0.01423	0.00899	0.01049	0.00749	0.00599	0.00524	0.00150	0.01049	0.00375	0.00300	0.00674
22	0.00937	0.00669	0.00937	0.01071	0.01205	0.00669	0.00937	0.01205	0.01339	0.01740	0.03079	0.06560	0.03347	0.01606	0.00803	0.00268	0.00535	0.72021	0.00535	0.00535
23	0.00937	0.00669	0.00937	0.01071	0.01205	0.00669	0.00937	0.01205	0.01339	0.01740	0.03079	0.06560	0.03347	0.01606	0.00803	0.00268	0.00535	0.72021	0.00535	0.00535
24	0.00709	0.00506	0.00675	0.00810	0.00843	0.00472	0.00540	0.00810	0.01113	0.01484	0.03205	0.79184	0.03846	0.01822	0.00742	0.00236	0.00337	0.01653	0.00540	0.00472
25	0.02609	0.00990	0.01350	0.01035	0.01484	0.00855	0.00855	0.02834	0.01664	0.76338	0.02294	0.01979	0.01439	0.00720	0.00585	0.00180	0.00495	0.00585	0.00720	0.00990
26	0.02172	0.02772	0.01648	0.01498	0.01798	0.77228	0.01124	0.02322	0.01648	0.01423	0.00899	0.01049	0.00749	0.00599	0.00524	0.00150	0.01049	0.00375	0.00300	0.00674
27	0.00709	0.00506	0.00675	0.00810	0.00843	0.00472	0.00540	0.00810	0.01113	0.01484	0.03205	0.79184	0.03846	0.01822	0.00742	0.00236	0.00337	0.01653	0.00540	0.00472
28	0.00831	0.00623	0.00935	0.00935	0.01038	0.00727	0.00727	0.01038	0.00935	0.01350	0.01558	0.02285	0.01454	0.04361	0.77259	0.00935	0.01558	0.00623	0.00312	0.00519
29	0.01376	0.01317	0.02247	0.17344	0.62653	0.01365	0.01753	0.01729	0.01294	0.01823	0.01083	0.01460	0.00894	0.00530	0.00577	0.00177	0.00706	0.00518	0.00282	0.00870
30	0.01467	0.01433	0.02334	0.03492	0.73178	0.04203	0.01760	0.01805	0.01336	0.01882	0.01087	0.01425	0.00915	0.00521	0.00574	0.00172	0.00704	0.00513	0.00288	0.00912
31	0.02609	0.00990	0.01350	0.01035	0.01484	0.00855	0.00855	0.02834	0.01664	0.76338	0.02294	0.01979	0.01439	0.00720	0.00585	0.00180	0.00495	0.00585	0.00720	0.00990
32	0.83671	0.01125	0.00855	0.00765	0.01125	0.01305	0.00630	0.01709	0.00990	0.02609	0.00810	0.00945	0.00630	0.00540	0.00360	0.00180	0.00450	0.00315	0.00360	0.00630
33	0.01369	0.01558	0.03370	0.02417	0.02983	0.01482	0.71125	0.01846	0.01355	0.01846	0.01161	0.01558	0.00878	0.00510	0.00732	0.00198	0.03864	0.00680	0.00293	0.00779
34	0.01166	0.03008	0.76550	0.01657	0.02517	0.01351	0.02149	0.01842	0.01228	0.01842	0.01044	0.01228	0.00737	0.00552	0.00552	0.00184	0.00859	0.00430	0.00246	0.00859
35	0.01098	0.01034	0.01744	0.78165	0.04005	0.01292	0.01615	0.01486	0.01163	0.01486	0.01034	0.01550	0.00775	0.00581	0.00581	0.00194	0.00775	0.00517	0.00258	0.00646
36	0.01481	0.01196	0.01353	0.00992	0.01495	0.01057	0.00803	0.21314	0.01624	0.02379	0.01133	0.01258	0.00896	0.00504	0.00472	0.00110	0.00488	0.00394	0.00409	0.60642
37	0.02287	0.01506	0.01669	0.01280	0.01742	0.01622	0.01057	0.60371	0.02529	0.17579	0.01568	0.01508	0.01075	0.00702	0.00582	0.00176	0.00612	0.00535	0.00608	0.00989
38	0.00823	0.00594	0.00777	0.00732	0.00869	0.00549	0.00549	0.01097	0.01646	0.02332	0.75629	0.04344	0.05487	0.01189	0.00686	0.00183	0.00274	0.01052	0.00640	0.00549
39	0.01471	0.01262	0.01329	0.01188	0.01522	0.01458	0.00926	0.05407	0.72528	0.02473	0.02335	0.02144	0.01749	0.00786	0.00591	0.00196	0.00466	0.00653	0.00591	0.00923
40	0.02211	0.01629	0.01745	0.01338	0.01803	0.01803	0.01105	0.73997	0.02734	0.03665	0.01396	0.01396	0.00989	0.00698	0.00582	0.00175	0.00640	0.00524	0.00582	0.00989
41	0.00831	0.00623	0.00935	0.00935	0.01038	0.00727	0.00727	0.01038	0.00935	0.01350	0.01558	0.02285	0.01454	0.04361	0.77259	0.00935	0.01558	0.00623	0.00312	0.00519
42	0.01439	0.01382	0.02360	0.03569	0.75936	0.01382	0.01785	0.01785	0.01324	0.01900	0.01094	0.01439	0.00921	0.00518	0.00576	0.00173	0.00691	0.00518	0.00288	0.00921
43	0.01166	0.03008	0.76550	0.01657	0.02517	0.01351	0.02149	0.01842	0.01228	0.01842	0.01044	0.01228	0.00737	0.00552	0.00552	0.00184	0.00859	0.00430	0.00246	0.00859
44	0.00823	0.00594	0.00777	0.00732	0.00869	0.00549	0.00549	0.01097	0.01646	0.02332	0.75629	0.04344	0.05487	0.01189	0.00686	0.00183	0.00274	0.01052	0.00640	0.00549
45	0.00709	0.00506	0.00675	0.00810	0.00843	0.00472	0.00540	0.00810	0.01113	0.01484	0.03205	0.79184	0.03846	0.01822	0.00742	0.00236	0.00337	0.01653	0.00540	0.00472
46	0.01098	0.01034	0.01744	0.78165	0.04005	0.01292	0.01615	0.01486	0.01163	0.01486	0.01034	0.01550	0.00775	0.00581	0.00581	0.00194	0.00775	0.00517	0.00258	0.00646
47	0.01373	0.01569	0.03431	0.02451	0.03039	0.01471	0.73824	0.01863	0.01373	0.01863	0.01176	0.01569	0.00882	0.00490	0.00686	0.00196	0.00980	0.00686	0.00294	0.00784
48	0.01084	0.00542	0.00542	0.00542	0.00678	0.00542	0.00407	0.01355	0.01220	0.02168	0.01897	0.02168	0.01491	0.00678	0.00407	0.00136	0.00271	0.00542	0.82791	0.00542
49	0.01206	0.01034	0.01206	0.00861	0.01378	0.00775	0.00689	0.01464	0.01206	0.01895	0.01034	0.01206	0.00861	0.00431	0.00431	0.00086	0.00431	0.00345	0.00345	0.83118
50	0.00712	0.00509	0.00678	0.00807	0.00844	0.00475	0.00540	0.00819	0.01131	0.01512	0.05571	0.76738	0.03900	0.01801	0.00740	0.00234	0.00335	0.01634	0.00543	0.00475
51	0.02609	0.00990	0.01350	0.01035	0.01484	0.00855	0.00855	0.02834	0.01664	0.76338	0.02294	0.01979	0.01439	0.00720	0.00585	0.00180	0.00495	0.00585	0.00720	0.00990
52	0.00709	0.00506	0.00675	0.00810	0.00843	0.00472	0.00540	0.00810	0.01113	0.01484	0.03205	0.79184	0.03846	0.01822	0.00742	0.00236	0.00337	0.01653	0.00540	0.00472
53	0.01555	0.79913	0.03047	0.00995	0.01493	0.02301	0.00995	0.01741	0.01182	0.01368	0.00808	0.00933	0.00746	0.00498	0.00373	0.00124	0.00622	0.00311	0.00249	0.00746
54	0.02609	0.00990	0.01350	0.01035	0.01484	0.00855	0.00855	0.02834	0.01664	0.76338	0.02294	0.01979	0.01439	0.00720	0.00585	0.00180	0.00495	0.00585	0.00720	0.00990
55	0.00687	0.00589	0.00589	0.00589	0.00785	0.00491	0.00442	0.00835	0.01325	0.01571	0.05891	0.05596	0.75700	0.01473	0.00687	0.00196	0.00295	0.01227	0.00540	0.00491

[dist]
# distance from previous block
# <min> <max>
0	2

[block]
# block no. 3 follows, 40 sequences, length 21
# corresponding to MSA columns:
# 213-233
name=unknown_D
#
# <colnr> <probs for GDERKNQSTAVLIFYWHMCP>
#	G	D	E	R	K	N	Q	S	T	A	V	L	I	F	Y	W	H	M	C	P
0	0.00705	0.00518	0.00662	0.00778	0.00835	0.00475	0.00526	0.00813	0.01144	0.01497	0.03596	0.68473	0.14305	0.01771	0.00734	0.00230	0.00331	0.01591	0.00540	0.00475
1	0.83671	0.01125	0.00855	0.00765	0.01125	0.01305	0.00630	0.01709	0.00990	0.02609	0.00810	0.00945	0.00630	0.00540	0.00360	0.00180	0.00450	0.00315	0.00360	0.00630
2	0.00857	0.00707	0.01081	0.30208	0.02045	0.00784	0.00948	0.01067	0.01132	0.01485	0.02380	0.49679	0.02679	0.01350	0.00681	0.00220	0.00504	0.01221	0.00433	0.00538
3	0.01030	0.30684	0.01576	0.00880	0.01090	0.01167	0.00713	0.01164	0.01139	0.01440	0.02294	0.49445	0.02668	0.01319	0.00602	0.00194	0.00446	0.01143	0.00429	0.00576
4	0.01632	0.01234	0.01306	0.01053	0.01417	0.01305	0.00853	0.46192	0.02199	0.02869	0.03104	0.02992	0.29382	0.00992	0.00622	0.00183	0.00509	0.00791	0.00566	0.00800
5	0.01279	0.00933	0.01082	0.01010	0.01208	0.00978	0.00755	0.28624	0.01729	0.02313	0.02518	0.49621	0.02760	0.01395	0.00681	0.00213	0.00452	0.01224	0.00556	0.00669
6	0.01782	0.01216	0.01288	0.01035	0.01375	0.01324	0.00840	0.46389	0.02159	0.03096	0.01587	0.01690	0.01180	0.00690	0.00515	0.00160	0.00500	0.00531	0.31825	0.00819
7	0.00780	0.00561	0.00738	0.00761	0.00859	0.00520	0.00545	0.00988	0.01444	0.02010	0.48104	0.32786	0.04863	0.01429	0.00707	0.00203	0.00298	0.01280	0.00602	0.00520
8	0.01214	0.01071	0.01704	0.02454	0.47318	0.01071	0.01240	0.01428	0.01142	0.01606	0.01374	0.02339	0.01375	0.30559	0.01482	0.00321	0.00643	0.00643	0.00312	0.00705
9	0.52712	0.01316	0.01193	0.00983	0.01383	0.01494	0.00810	0.29182	0.01653	0.03010	0.01033	0.01116	0.00766	0.00600	0.00444	0.00178	0.00522	0.00394	0.00444	0.00766
10	0.02001	0.00805	0.01125	0.00929	0.01208	0.00722	0.00722	0.02045	0.01320	0.47710	0.01806	0.01899	0.01276	0.01214	0.01226	0.31686	0.00499	0.00554	0.00542	0.00710
11	0.01207	0.02348	0.48134	0.01608	0.02141	0.01514	0.01816	0.01674	0.01100	0.01674	0.00937	0.01245	0.00747	0.00729	0.01068	0.00211	0.30366	0.00460	0.00249	0.00775
12	0.00823	0.00594	0.00777	0.00732	0.00869	0.00549	0.00549	0.01097	0.01646	0.02332	0.75629	0.04344	0.05487	0.01189	0.00686	0.00183	0.00274	0.01052	0.00640	0.00549
13	0.01919	0.00873	0.01206	0.01007	0.01326	0.00840	0.00815	0.04663	0.01425	0.45274	0.01983	0.02075	0.01429	0.02103	0.29724	0.00467	0.00904	0.00597	0.00560	0.00811
14	0.01782	0.01216	0.01288	0.01035	0.01375	0.01324	0.00840	0.46389	0.02159	0.03096	0.01587	0.01690	0.01180	0.00690	0.00515	0.00160	0.00500	0.00531	0.31825	0.00819
15	0.01103	0.01011	0.01885	0.01595	0.01902	0.00974	0.28637	0.01455	0.01352	0.01787	0.02356	0.04663	0.02410	0.01182	0.00759	0.00241	0.00705	0.44911	0.00444	0.00630
16	0.01737	0.01393	0.01478	0.01242	0.01623	0.01582	0.00991	0.30038	0.47464	0.02901	0.01998	0.01876	0.01476	0.00754	0.00588	0.00189	0.00529	0.00607	0.00588	0.00946
17	0.00979	0.00614	0.00769	0.00848	0.00982	0.00610	0.00710	0.01240	0.01287	0.01891	0.02723	0.06649	0.04979	0.01254	0.00647	0.00214	0.00422	0.40847	0.31797	0.00535
18	0.01740	0.13430	0.01902	0.01436	0.01650	0.37649	0.01161	0.01887	0.01292	0.01406	0.00834	0.01117	0.00754	0.00744	0.01028	0.00186	0.30421	0.00416	0.00275	0.00670
19	0.00830	0.00606	0.00720	0.00684	0.00856	0.00536	0.00515	0.01050	0.01515	0.04630	0.44296	0.04777	0.34285	0.01289	0.00683	0.00188	0.00290	0.01108	0.00602	0.00540
20	0.00774	0.00603	0.00632	0.00627	0.00754	0.00552	0.00425	0.00918	0.03739	0.01433	0.04224	0.04795	0.45125	0.31126	0.01548	0.00336	0.00403	0.01062	0.00471	0.00453

[dist]
# distance from previous block
# <min> <max>
0	1

[block]
# block no. 4 follows, 40 sequences, length 31
# corresponding to MSA columns:
# 235-265
name=unknown_E
#
# <colnr> <probs for GDERKNQSTAVLIFYWHMCP>
#	G	D	E	R	K	N	Q	S	T	A	V	L	I	F	Y	W	H	M	C	P
0	0.01373	0.01569	0.03431	0.02451	0.03039	0.01471	0.73824	0.01863	0.01373	0.01863	0.01176	0.01569	0.00882	0.00490	0.00686	0.00196	0.00980	0.00686	0.00294	0.00784
1	0.01548	0.01988	0.26532	0.01389	0.01922	0.05088	0.01379	0.17517	0.31681	0.02446	0.01652	0.01640	0.01215	0.00682	0.00573	0.00186	0.00659	0.00540	0.00460	0.00903
2	0.00741	0.00586	0.00667	0.00658	0.00821	0.00512	0.00489	0.00935	0.01436	0.01860	0.32684	0.09676	0.44100	0.01385	0.00690	0.00194	0.00289	0.01186	0.00579	0.00512
3	0.01040	0.00858	0.01029	0.00844	0.01200	0.00674	0.00639	0.01246	0.01175	0.01758	0.01758	0.27233	0.01858	0.00895	0.00535	0.00136	0.00400	0.00781	0.00410	0.55533
4	0.02172	0.02772	0.01648	0.01498	0.01798	0.77228	0.01124	0.02322	0.01648	0.01423	0.00899	0.01049	0.00749	0.00599	0.00524	0.00150	0.01049	0.00375	0.00300	0.00674
5	0.00749	0.00545	0.00761	0.00851	0.00909	0.00557	0.00602	0.00886	0.01054	0.01440	0.02655	0.53517	0.03048	0.02669	0.26281	0.00469	0.00745	0.01309	0.00464	0.00488
6	0.28963	0.53616	0.02315	0.00918	0.01370	0.01968	0.00873	0.01731	0.01118	0.01782	0.00809	0.00937	0.00707	0.00512	0.00369	0.00143	0.00564	0.00312	0.00286	0.00707
7	0.00955	0.00525	0.00716	0.00716	0.00716	0.00525	0.00454	0.00787	0.00787	0.01049	0.01285	0.02448	0.01379	0.27902	0.02502	0.55539	0.00525	0.00619	0.00286	0.00286
8	0.01210	0.00881	0.01032	0.00986	0.01164	0.00917	0.00729	0.25238	0.01654	0.02212	0.02601	0.53220	0.02892	0.01447	0.00689	0.00216	0.00438	0.01276	0.00554	0.00645
9	0.02211	0.01629	0.01745	0.01338	0.01803	0.01803	0.01105	0.73997	0.02734	0.03665	0.01396	0.01396	0.00989	0.00698	0.00582	0.00175	0.00640	0.00524	0.00582	0.00989
10	0.01462	0.00736	0.00982	0.00840	0.01089	0.00658	0.00658	0.01719	0.01653	0.28804	0.49397	0.03498	0.04039	0.01021	0.00650	0.00182	0.00353	0.00885	0.00669	0.00706
11	0.01010	0.00505	0.00758	0.00758	0.00758	0.00505	0.00505	0.00758	0.00758	0.01010	0.01010	0.01768	0.01010	0.02020	0.02273	0.83081	0.00505	0.00505	0.00253	0.00253
12	0.00938	0.00854	0.01180	0.01584	0.25869	0.00788	0.00890	0.01152	0.01325	0.01681	0.04290	0.04209	0.50741	0.01154	0.00650	0.00188	0.00427	0.00991	0.00456	0.00635
13	0.01439	0.01382	0.02360	0.03569	0.75936	0.01382	0.01785	0.01785	0.01324	0.01900	0.01094	0.01439	0.00921	0.00518	0.00576	0.00173	0.00691	0.00518	0.00288	0.00921
14	0.01968	0.00856	0.01096	0.00886	0.01251	0.00733	0.00717	0.02167	0.01551	0.51383	0.03495	0.03187	0.26226	0.00971	0.00619	0.00185	0.00428	0.00799	0.00660	0.00823
15	0.00798	0.00634	0.00848	0.00839	0.00971	0.00684	0.00650	0.00983	0.01064	0.01425	0.02977	0.03356	0.26212	0.03284	0.49140	0.00665	0.03751	0.00821	0.00386	0.00514
16	0.01975	0.00828	0.01124	0.00960	0.01271	0.00727	0.00750	0.02158	0.01480	0.51354	0.02598	0.27748	0.02243	0.01088	0.00637	0.00199	0.00442	0.00941	0.00660	0.00817
17	0.00988	0.00800	0.01017	0.00932	0.00932	0.00970	0.00659	0.01031	0.00861	0.01218	0.01476	0.02960	0.01663	0.53347	0.02609	0.00461	0.26576	0.00733	0.00320	0.00447
18	0.01336	0.00953	0.01102	0.00930	0.01194	0.00973	0.00735	0.25464	0.01978	0.05325	0.41228	0.03402	0.10912	0.01037	0.00648	0.00181	0.00406	0.00877	0.00613	0.00705
19	0.01250	0.01193	0.01589	0.01305	0.01477	0.01445	0.01078	0.01421	0.00996	0.01565	0.00854	0.01250	0.00796	0.00822	0.01415	0.00198	0.52442	0.00454	0.00285	0.28166
20	0.04230	0.01744	0.26365	0.01268	0.01773	0.01260	0.01278	0.02418	0.32658	0.11058	0.06883	0.02004	0.03030	0.00734	0.00578	0.00189	0.00581	0.00599	0.00486	0.00865
21	0.56615	0.01080	0.01020	0.00855	0.01245	0.01154	0.00705	0.02085	0.01215	0.27218	0.01305	0.01290	0.00900	0.00600	0.00435	0.00180	0.00465	0.00405	0.00480	0.00750
22	0.01774	0.53784	0.02613	0.01109	0.01596	0.02135	0.01032	0.25858	0.01700	0.02135	0.01005	0.01087	0.00827	0.00564	0.00443	0.00141	0.00628	0.00382	0.00360	0.00827
23	0.02172	0.02772	0.01648	0.01498	0.01798	0.77228	0.01124	0.02322	0.01648	0.01423	0.00899	0.01049	0.00749	0.00599	0.00524	0.00150	0.01049	0.00375	0.00300	0.00674
24	0.01515	0.01200	0.01534	0.01274	0.01593	0.01275	0.09484	0.32216	0.11018	0.02571	0.02095	0.27476	0.02028	0.01060	0.00649	0.00200	0.00557	0.00936	0.00535	0.00784
25	0.01602	0.01019	0.01612	0.52421	0.03164	0.01146	0.01361	0.01936	0.01330	0.26470	0.01454	0.01694	0.00997	0.00628	0.00583	0.00189	0.00682	0.00539	0.00412	0.00761
26	0.02100	0.00840	0.01080	0.00870	0.01215	0.00750	0.00705	0.02340	0.01516	0.51582	0.02162	0.02042	0.01457	0.00706	0.00525	0.00165	0.00420	0.00571	0.28113	0.00840
27	0.00694	0.00561	0.00618	0.00663	0.00805	0.00485	0.00475	0.00826	0.01255	0.01542	0.04995	0.30158	0.51717	0.01589	0.00706	0.00210	0.00309	0.01369	0.00540	0.00485
28	0.01685	0.01987	0.01326	0.01264	0.01479	0.49752	0.00928	0.03583	0.01496	0.01499	0.01681	0.27137	0.01789	0.01010	0.00598	0.00179	0.00801	0.00805	0.00387	0.00615
29	0.01330	0.01177	0.01458	0.26878	0.02344	0.01395	0.01152	0.02555	0.50278	0.02117	0.01922	0.01963	0.01441	0.00720	0.00588	0.00196	0.00565	0.00611	0.00480	0.00829
30	0.00941	0.00806	0.00834	0.00795	0.01030	0.00809	0.00605	0.01587	0.25870	0.01855	0.04619	0.07063	0.48477	0.01257	0.00657	0.00198	0.00351	0.01052	0.00557	0.00634

[dist]
# distance from previous block
# <min> <max>
0	341

# created by:
# /software/SequenceAnalysis/GenePrediction/augustus/3.0.1/scripts/msa2prfl.pl ./fixed/BUSCOvEOG7QFXT0.fas
