[name]
unknown

[dist]
# distance from previous block
# <min> <max>
0	206

[block]
# block no. 0 follows, 41 sequences, length 31
# corresponding to MSA columns:
# 246-276
name=unknown_A
#
# <colnr> <probs for GDERKNQSTAVLIFYWHMCP>
#	G	D	E	R	K	N	Q	S	T	A	V	L	I	F	Y	W	H	M	C	P
0	0.00728	0.00542	0.00733	0.00904	0.04216	0.00506	0.00580	0.00841	0.01118	0.01484	0.03233	0.71152	0.08408	0.01712	0.00719	0.00227	0.00345	0.01548	0.00520	0.00486
1	0.00864	0.00543	0.00648	0.00648	0.00648	0.00543	0.00377	0.00814	0.00814	0.01086	0.01639	0.03338	0.01860	0.64168	0.02775	0.17273	0.00543	0.00764	0.00327	0.00327
2	0.03559	0.15338	0.01807	0.01195	0.01620	0.13757	0.00995	0.39164	0.02021	0.02622	0.01174	0.01248	0.00898	0.00610	0.00502	0.00150	0.00652	0.00437	0.04150	0.08101
3	0.01244	0.00948	0.01133	0.00856	0.01299	0.00732	0.00673	0.01476	0.01214	0.08307	0.01392	0.11091	0.01265	0.00620	0.00475	0.00111	0.00418	0.00521	0.00395	0.65829
4	0.08206	0.04198	0.07777	0.33830	0.11442	0.03613	0.04132	0.08137	0.02555	0.01866	0.01150	0.01621	0.00927	0.00626	0.00590	0.00185	0.02970	0.03714	0.01739	0.00720
5	0.01086	0.00829	0.01099	0.01220	0.12595	0.00821	0.00781	0.05102	0.08818	0.04925	0.38072	0.05586	0.09389	0.06201	0.00789	0.00206	0.00399	0.00889	0.00542	0.00651
6	0.01153	0.01093	0.01671	0.41611	0.02731	0.01440	0.01384	0.01419	0.01032	0.01459	0.00946	0.01439	0.00793	0.00760	0.01122	0.00213	0.34166	0.00506	0.04437	0.00626
7	0.01959	0.01606	0.01588	0.01289	0.01693	0.08999	0.01038	0.47393	0.22992	0.03051	0.01594	0.01554	0.01167	0.00702	0.00570	0.00176	0.00619	0.00538	0.00548	0.00924
8	0.00711	0.00513	0.00679	0.00798	0.00845	0.00473	0.00535	0.00816	0.01098	0.01472	0.03089	0.77190	0.03696	0.01751	0.00721	0.00228	0.00335	0.01588	0.00525	0.02936
9	0.01200	0.11462	0.64951	0.01598	0.02390	0.01438	0.05693	0.01802	0.01210	0.01761	0.01008	0.01193	0.00733	0.00534	0.00531	0.00175	0.00826	0.00423	0.00244	0.00829
10	0.00704	0.00503	0.00670	0.00791	0.00831	0.00470	0.00532	0.00815	0.01130	0.01515	0.07942	0.74580	0.03889	0.01751	0.00726	0.00229	0.00328	0.01587	0.00537	0.00470
11	0.00817	0.00613	0.00919	0.00919	0.01021	0.00715	0.00715	0.01021	0.00919	0.01328	0.01532	0.02247	0.01430	0.04290	0.77631	0.00919	0.01532	0.00613	0.00306	0.00511
12	0.01266	0.01203	0.01915	0.16366	0.19097	0.01377	0.10684	0.01764	0.12289	0.01757	0.01304	0.04300	0.01095	0.00719	0.00871	0.00198	0.17954	0.00590	0.04508	0.00742
13	0.01335	0.01415	0.02849	0.19855	0.07365	0.01418	0.49653	0.05493	0.01369	0.01841	0.01131	0.01523	0.00851	0.00515	0.00640	0.00190	0.00884	0.00619	0.00296	0.00758
14	0.00697	0.00498	0.00664	0.00796	0.00830	0.00465	0.00531	0.00796	0.01095	0.01460	0.03153	0.79525	0.03783	0.01792	0.00730	0.00232	0.00332	0.01626	0.00531	0.00465
15	0.00810	0.00585	0.00765	0.00720	0.00855	0.00540	0.00540	0.01079	0.01619	0.02294	0.76028	0.04273	0.05397	0.01169	0.00675	0.00180	0.00270	0.01034	0.00630	0.00540
16	0.02451	0.00948	0.01290	0.00998	0.01420	0.00821	0.00821	0.02675	0.01636	0.71835	0.07105	0.02100	0.01678	0.00738	0.00582	0.00177	0.00472	0.00605	0.00703	0.00945
17	0.00762	0.00530	0.00663	0.00737	0.00766	0.00510	0.00476	0.00839	0.01030	0.01379	0.06320	0.44373	0.03203	0.31248	0.01553	0.00352	0.00420	0.03945	0.00466	0.00426
18	0.00803	0.00584	0.00755	0.00712	0.00850	0.00537	0.00534	0.01066	0.01603	0.02255	0.72420	0.04336	0.09029	0.01184	0.00675	0.00181	0.00271	0.01043	0.00625	0.00537
19	0.00922	0.00658	0.00922	0.01053	0.01185	0.00658	0.00922	0.01185	0.01317	0.01712	0.03029	0.06452	0.03292	0.01580	0.00790	0.00263	0.00527	0.72480	0.00527	0.00527
20	0.02491	0.00990	0.01325	0.01027	0.01462	0.00879	0.00845	0.02804	0.06478	0.71841	0.02261	0.01959	0.01438	0.00712	0.00576	0.00178	0.00484	0.00580	0.00700	0.00969
21	0.00817	0.00613	0.00919	0.00919	0.01021	0.00715	0.00715	0.01021	0.00919	0.01328	0.01532	0.02247	0.01430	0.04290	0.77631	0.00919	0.01532	0.00613	0.00306	0.00511
22	0.02275	0.01675	0.01788	0.01390	0.01851	0.01825	0.01132	0.73100	0.02735	0.03678	0.01487	0.01537	0.01085	0.00765	0.00623	0.00194	0.00668	0.00553	0.00609	0.01029
23	0.00959	0.00647	0.00717	0.00711	0.00723	0.00630	0.00405	0.00926	0.00914	0.01231	0.01908	0.03862	0.02170	0.78451	0.02917	0.00569	0.00594	0.00864	0.00387	0.00415
24	0.01467	0.01617	0.03415	0.02464	0.03043	0.01504	0.72889	0.01907	0.01422	0.01940	0.01275	0.01704	0.00982	0.00564	0.00724	0.00215	0.00996	0.00710	0.00331	0.00831
25	0.01290	0.07453	0.71303	0.01661	0.02482	0.01442	0.02073	0.01881	0.01280	0.01893	0.01134	0.01358	0.00842	0.00621	0.00585	0.00200	0.00866	0.00456	0.00284	0.00897
26	0.01284	0.01077	0.01244	0.00928	0.01417	0.00820	0.00724	0.01494	0.01257	0.01953	0.01234	0.04873	0.01094	0.00568	0.00491	0.00115	0.00462	0.00438	0.00388	0.78138
27	0.00961	0.03627	0.01167	0.01060	0.01212	0.00733	0.08540	0.01088	0.01234	0.01677	0.06574	0.58554	0.03332	0.01550	0.00738	0.00234	0.00456	0.01388	0.00526	0.05349
28	0.01306	0.08978	0.67603	0.01634	0.02432	0.01464	0.02015	0.01915	0.03426	0.01900	0.01167	0.01379	0.00872	0.00627	0.00582	0.00199	0.00850	0.00460	0.00294	0.00897
29	0.01310	0.11445	0.67483	0.01627	0.02430	0.01491	0.02014	0.01876	0.01277	0.01869	0.01122	0.01343	0.00843	0.00618	0.00576	0.00197	0.00854	0.00450	0.00285	0.00892
30	0.01330	0.15508	0.63596	0.01593	0.02377	0.01540	0.01955	0.01871	0.01275	0.01844	0.01110	0.01328	0.00843	0.00615	0.00566	0.00194	0.00842	0.00444	0.00285	0.00886

[dist]
# distance from previous block
# <min> <max>
3	11

[block]
# block no. 1 follows, 41 sequences, length 26
# corresponding to MSA columns:
# 288-313
name=unknown_B
#
# <colnr> <probs for GDERKNQSTAVLIFYWHMCP>
#	G	D	E	R	K	N	Q	S	T	A	V	L	I	F	Y	W	H	M	C	P
0	0.01987	0.02425	0.01523	0.01382	0.01667	0.64713	0.01039	0.06698	0.01644	0.01550	0.01282	0.05661	0.04609	0.00705	0.00539	0.00156	0.00931	0.00489	0.00337	0.00663
1	0.01692	0.01297	0.01436	0.01103	0.01543	0.01297	0.00892	0.41795	0.02011	0.02794	0.01394	0.07870	0.01163	0.00684	0.00532	0.00145	0.00530	0.00544	0.00484	0.30794
2	0.01155	0.00984	0.01153	0.00844	0.01322	0.00744	0.00668	0.01399	0.01180	0.01838	0.01152	0.06147	0.01033	0.00510	0.00443	0.00094	0.00418	0.00420	0.00351	0.78143
3	0.00794	0.00571	0.00768	0.00861	0.00953	0.00545	0.00661	0.00984	0.01280	0.01714	0.17765	0.37830	0.05962	0.01587	0.00738	0.00231	0.00384	0.25320	0.00549	0.00501
4	0.00922	0.00658	0.00922	0.01053	0.01185	0.00658	0.00922	0.01185	0.01317	0.01712	0.03029	0.06452	0.03292	0.01580	0.00790	0.00263	0.00527	0.72480	0.00527	0.00527
5	0.00810	0.00585	0.00765	0.00720	0.00855	0.00540	0.00540	0.01079	0.01619	0.02294	0.76028	0.04273	0.05397	0.01169	0.00675	0.00180	0.00270	0.01034	0.00630	0.00540
6	0.01186	0.01017	0.01186	0.00847	0.01356	0.00762	0.00678	0.01440	0.01186	0.01864	0.01017	0.01186	0.00847	0.00424	0.00424	0.00085	0.00424	0.00339	0.00339	0.83395
7	0.04004	0.00830	0.01114	0.00968	0.01276	0.00752	0.00796	0.02071	0.01513	0.44401	0.11482	0.08109	0.02445	0.01020	0.00639	0.00200	0.00458	0.16504	0.00638	0.00781
8	0.02566	0.00973	0.01327	0.01018	0.01460	0.00841	0.00841	0.02788	0.01637	0.76726	0.02257	0.01947	0.01416	0.00708	0.00575	0.00177	0.00487	0.00575	0.00708	0.00973
9	0.01529	0.80242	0.02997	0.00979	0.01468	0.02263	0.00979	0.01713	0.01162	0.01346	0.00795	0.00918	0.00734	0.00489	0.00367	0.00122	0.00612	0.00306	0.00245	0.00734
10	0.00732	0.00585	0.00665	0.00704	0.00863	0.00517	0.00546	0.00901	0.01296	0.01602	0.08161	0.14459	0.50080	0.01502	0.00705	0.00211	0.00340	0.15105	0.00535	0.00492
11	0.00697	0.00498	0.00664	0.00796	0.00830	0.00465	0.00531	0.00796	0.01095	0.01460	0.03153	0.79525	0.03783	0.01792	0.00730	0.00232	0.00332	0.01626	0.00531	0.00465
12	0.02137	0.02726	0.01621	0.01474	0.01768	0.77602	0.01105	0.02284	0.01621	0.01400	0.00884	0.01031	0.00737	0.00589	0.00516	0.00147	0.01031	0.00368	0.00295	0.00663
13	0.01251	0.01251	0.01752	0.01502	0.01502	0.01752	0.01251	0.01377	0.00876	0.01377	0.00751	0.01251	0.00751	0.01001	0.01877	0.00250	0.78851	0.00501	0.00250	0.00626
14	0.00733	0.00542	0.00685	0.00733	0.00829	0.00494	0.00518	0.00900	0.01315	0.01768	0.29270	0.40620	0.16458	0.01515	0.00701	0.00207	0.00303	0.01347	0.00566	0.00494
15	0.02478	0.01116	0.01415	0.01085	0.01531	0.01052	0.00896	0.18989	0.01875	0.60189	0.02057	0.01817	0.01316	0.00703	0.00575	0.00176	0.00519	0.00562	0.00677	0.00973
16	0.02025	0.02531	0.01785	0.01718	0.08846	0.66176	0.05257	0.02209	0.01576	0.01468	0.00917	0.01096	0.00760	0.00576	0.00529	0.00152	0.00995	0.00399	0.00293	0.00692
17	0.01251	0.01251	0.01752	0.01502	0.01502	0.01752	0.01251	0.01377	0.00876	0.01377	0.00751	0.01251	0.00751	0.01001	0.01877	0.00250	0.78851	0.00501	0.00250	0.00626
18	0.02137	0.02726	0.01621	0.01474	0.01768	0.77602	0.01105	0.02284	0.01621	0.01400	0.00884	0.01031	0.00737	0.00589	0.00516	0.00147	0.01031	0.00368	0.00295	0.00663
19	0.02566	0.00973	0.01327	0.01018	0.01460	0.00841	0.00841	0.02788	0.01637	0.76726	0.02257	0.01947	0.01416	0.00708	0.00575	0.00177	0.00487	0.00575	0.00708	0.00973
20	0.02011	0.02469	0.01644	0.01471	0.01730	0.63659	0.01126	0.05026	0.01556	0.01484	0.00884	0.01077	0.00748	0.00653	0.00714	0.00163	0.12223	0.00393	0.00299	0.00670
21	0.00697	0.00498	0.00664	0.00796	0.00830	0.00465	0.00531	0.00796	0.01095	0.01460	0.03153	0.79525	0.03783	0.01792	0.00730	0.00232	0.00332	0.01626	0.00531	0.00465
22	0.01147	0.02959	0.76934	0.01630	0.02476	0.01328	0.02113	0.01811	0.01208	0.01811	0.01026	0.01208	0.00725	0.00543	0.00543	0.00181	0.00845	0.00423	0.00242	0.00845
23	0.00821	0.00598	0.00844	0.00844	0.00920	0.00674	0.00621	0.00973	0.00897	0.01272	0.01601	0.02629	0.01596	0.23583	0.58565	0.00826	0.01283	0.00669	0.00317	0.00469
24	0.02025	0.01525	0.01589	0.01268	0.01687	0.05049	0.01030	0.49929	0.19325	0.08094	0.01630	0.01572	0.01170	0.00704	0.00572	0.00176	0.00597	0.00543	0.00571	0.00943
25	0.01596	0.01040	0.01374	0.01002	0.01496	0.00831	0.05680	0.01856	0.01327	0.23491	0.01384	0.01430	0.01013	0.00510	0.00484	0.00119	0.00478	0.00430	0.00442	0.54017

[dist]
# distance from previous block
# <min> <max>
0	218

# created by:
# /software/SequenceAnalysis/GenePrediction/augustus/3.0.1/scripts/msa2prfl.pl ./fixed/BUSCOvEOG7VMGVJ.fas
