[name]
unknown

[dist]
# distance from previous block
# <min> <max>
0	144

[block]
# block no. 0 follows, 41 sequences, length 28
# corresponding to MSA columns:
# 146-173
name=unknown_A
#
# <colnr> <probs for GDERKNQSTAVLIFYWHMCP>
#	G	D	E	R	K	N	Q	S	T	A	V	L	I	F	Y	W	H	M	C	P
0	0.01017	0.00727	0.00988	0.01114	0.01253	0.00714	0.00958	0.01252	0.01372	0.01795	0.03091	0.06502	0.03343	0.01626	0.00826	0.00279	0.00557	0.71456	0.00555	0.00576
1	0.02246	0.01815	0.01758	0.01395	0.01832	0.12487	0.01124	0.63263	0.02574	0.03350	0.01391	0.01450	0.01025	0.00732	0.00603	0.00185	0.00715	0.00523	0.00561	0.00972
2	0.02182	0.01876	0.01683	0.01382	0.01786	0.21235	0.01095	0.43878	0.09978	0.06571	0.01477	0.01518	0.01100	0.00731	0.00598	0.00185	0.00737	0.00523	0.00536	0.00929
3	0.01159	0.00604	0.00605	0.00601	0.00741	0.00591	0.00444	0.01397	0.01256	0.02210	0.01945	0.02246	0.01544	0.00726	0.00441	0.00151	0.00301	0.00562	0.81894	0.00582
4	0.01214	0.00657	0.00663	0.00640	0.00796	0.00652	0.00478	0.05000	0.01330	0.02282	0.01921	0.02209	0.01520	0.00727	0.00450	0.00153	0.00319	0.00561	0.77827	0.00604
5	0.01401	0.01869	0.17673	0.02329	0.04891	0.01465	0.57259	0.01883	0.01376	0.01911	0.01219	0.01597	0.00928	0.00557	0.00684	0.00206	0.00958	0.00648	0.00312	0.00835
6	0.01535	0.62842	0.18631	0.01177	0.01744	0.02098	0.01254	0.01792	0.01229	0.01533	0.00939	0.01110	0.00821	0.00563	0.00446	0.00152	0.00690	0.00362	0.00276	0.00803
7	0.01017	0.00727	0.00988	0.01114	0.01253	0.00714	0.00958	0.01252	0.01372	0.01795	0.03091	0.06502	0.03343	0.01626	0.00826	0.00279	0.00557	0.71456	0.00555	0.00576
8	0.01537	0.01302	0.01369	0.01228	0.01561	0.01480	0.00948	0.05603	0.71701	0.02509	0.02367	0.02221	0.01793	0.00831	0.00620	0.00210	0.00491	0.00669	0.00609	0.00951
9	0.04133	0.01823	0.01669	0.01351	0.01758	0.17482	0.01078	0.52898	0.02384	0.03101	0.01370	0.01456	0.01026	0.00721	0.00585	0.00182	0.00719	0.00510	0.04835	0.00920
10	0.01182	0.01093	0.01772	0.73445	0.03840	0.01342	0.01598	0.01520	0.01187	0.01544	0.01095	0.01633	0.00850	0.00655	0.00678	0.00210	0.04850	0.00537	0.00286	0.00682
11	0.00795	0.00569	0.00734	0.00860	0.00902	0.00523	0.00573	0.00869	0.01153	0.01547	0.03213	0.78506	0.03827	0.01835	0.00766	0.00248	0.00365	0.01639	0.00559	0.00514
12	0.01459	0.01542	0.03080	0.02791	0.25693	0.01463	0.50814	0.01866	0.01390	0.01925	0.01222	0.01626	0.00966	0.00553	0.00679	0.00202	0.00901	0.00651	0.00319	0.00858
13	0.02224	0.00898	0.01218	0.00960	0.01342	0.00782	0.00782	0.02454	0.01634	0.62210	0.16643	0.02400	0.02192	0.00798	0.00595	0.00178	0.00444	0.00665	0.00693	0.00889
14	0.02142	0.00894	0.01196	0.00982	0.01339	0.00798	0.00784	0.02412	0.05361	0.58183	0.02435	0.17086	0.01895	0.00923	0.00606	0.00189	0.00455	0.00784	0.00667	0.00871
15	0.01275	0.01191	0.01998	0.02981	0.61606	0.01185	0.01517	0.01568	0.01262	0.01789	0.01481	0.16648	0.01467	0.00760	0.00598	0.00182	0.00612	0.00727	0.00331	0.00820
16	0.01354	0.05683	0.59597	0.01576	0.02302	0.16237	0.01876	0.01900	0.01287	0.01714	0.00990	0.01163	0.00727	0.00550	0.00532	0.00172	0.00873	0.00408	0.00252	0.00806
17	0.01219	0.01355	0.02830	0.02054	0.02557	0.01259	0.59857	0.01635	0.01341	0.01776	0.02062	0.02316	0.15539	0.00671	0.00675	0.00193	0.00833	0.00779	0.00336	0.00715
18	0.01562	0.01521	0.01357	0.01224	0.01542	0.16279	0.00944	0.02892	0.60929	0.02199	0.02046	0.01919	0.01549	0.00740	0.00569	0.00185	0.00566	0.00592	0.00526	0.00858
19	0.01501	0.01766	0.02988	0.02203	0.02710	0.16307	0.57946	0.01908	0.01390	0.01735	0.01093	0.01435	0.00839	0.00518	0.00678	0.00186	0.03156	0.00610	0.00289	0.00746
20	0.01411	0.64722	0.02593	0.00993	0.01413	0.01950	0.00968	0.01610	0.01192	0.01417	0.01231	0.01997	0.01233	0.00702	0.00450	0.00150	0.00595	0.14381	0.00300	0.00694
21	0.00697	0.00498	0.00664	0.00796	0.00830	0.00465	0.00531	0.00796	0.01095	0.01460	0.03153	0.79525	0.03783	0.01792	0.00730	0.00232	0.00332	0.01626	0.00531	0.00465
22	0.00706	0.00575	0.00588	0.00588	0.00744	0.00497	0.00417	0.00823	0.01212	0.01460	0.05016	0.05161	0.61663	0.16748	0.01112	0.00264	0.00341	0.01134	0.00495	0.00456
23	0.00918	0.00735	0.01055	0.01254	0.15568	0.00695	0.00769	0.01193	0.01535	0.02158	0.56429	0.03803	0.09536	0.01061	0.00654	0.00179	0.00351	0.00944	0.00555	0.00607
24	0.01556	0.01626	0.02185	0.03114	0.61789	0.16228	0.01629	0.01859	0.01365	0.01777	0.01039	0.01341	0.00873	0.00525	0.00556	0.00165	0.00748	0.00482	0.00285	0.00859
25	0.01423	0.01229	0.01293	0.01164	0.01487	0.01423	0.00905	0.03039	0.75297	0.02393	0.02328	0.02134	0.01746	0.00776	0.00582	0.00194	0.00453	0.00647	0.00582	0.00905
26	0.01418	0.01347	0.01272	0.01166	0.01441	0.13395	0.00900	0.02526	0.49079	0.02027	0.01943	0.01981	0.01524	0.01432	0.15598	0.00328	0.00755	0.00596	0.00483	0.00790
27	0.01416	0.01359	0.02322	0.03511	0.76330	0.01359	0.01755	0.01755	0.01302	0.01869	0.01076	0.01416	0.00906	0.00510	0.00566	0.00170	0.00680	0.00510	0.00283	0.00906

[dist]
# distance from previous block
# <min> <max>
4	7

[block]
# block no. 1 follows, 41 sequences, length 19
# corresponding to MSA columns:
# 182-200
name=unknown_B
#
# <colnr> <probs for GDERKNQSTAVLIFYWHMCP>
#	G	D	E	R	K	N	Q	S	T	A	V	L	I	F	Y	W	H	M	C	P
0	0.04899	0.02068	0.01646	0.01365	0.01749	0.34299	0.01079	0.41026	0.02173	0.02624	0.01144	0.01212	0.00860	0.00640	0.00541	0.00161	0.00796	0.00445	0.00446	0.00828
1	0.01340	0.01512	0.03205	0.02316	0.02834	0.01478	0.66607	0.01784	0.01300	0.01784	0.01115	0.01512	0.00856	0.00537	0.00801	0.00199	0.09121	0.00657	0.00285	0.00756
2	0.01127	0.01057	0.01735	0.61077	0.13998	0.01257	0.01533	0.01548	0.04543	0.01565	0.01284	0.01703	0.03974	0.00609	0.00576	0.00188	0.00717	0.00544	0.00285	0.00680
3	0.00702	0.00501	0.00668	0.00793	0.00831	0.00468	0.00531	0.00808	0.01117	0.01495	0.06231	0.76346	0.03851	0.01766	0.00728	0.00230	0.00329	0.01601	0.00535	0.00468
4	0.01147	0.02959	0.76934	0.01630	0.02476	0.01328	0.02113	0.01811	0.01208	0.01811	0.01026	0.01208	0.00725	0.00543	0.00543	0.00181	0.00845	0.00423	0.00242	0.00845
5	0.00714	0.00574	0.00639	0.00655	0.00816	0.00499	0.00490	0.00880	0.01331	0.01667	0.16950	0.14635	0.51398	0.01452	0.00689	0.00200	0.00304	0.05066	0.00547	0.00492
6	0.01143	0.01080	0.01829	0.64545	0.17429	0.01287	0.01620	0.01516	0.01173	0.01537	0.01028	0.01505	0.00789	0.00560	0.00571	0.00187	0.00747	0.00509	0.00260	0.00686
7	0.02566	0.00973	0.01327	0.01018	0.01460	0.00841	0.00841	0.02788	0.01637	0.76726	0.02257	0.01947	0.01416	0.00708	0.00575	0.00177	0.00487	0.00575	0.00708	0.00973
8	0.01350	0.01543	0.03375	0.02411	0.02989	0.01446	0.74253	0.01832	0.01350	0.01832	0.01157	0.01543	0.00868	0.00482	0.00675	0.00193	0.00964	0.00675	0.00289	0.00771
9	0.00792	0.00584	0.00741	0.00701	0.00844	0.00532	0.00526	0.01046	0.01578	0.02197	0.66938	0.04432	0.14548	0.01205	0.00675	0.00182	0.00272	0.01057	0.00617	0.00532
10	0.02485	0.00955	0.01301	0.01004	0.01432	0.00827	0.00827	0.02709	0.01636	0.73290	0.05662	0.02054	0.01600	0.00729	0.00580	0.00177	0.00477	0.00596	0.00704	0.00953
11	0.01528	0.64286	0.02995	0.01228	0.01723	0.05515	0.12602	0.01757	0.01213	0.01425	0.00857	0.01022	0.00755	0.00493	0.00423	0.00135	0.00686	0.00367	0.00254	0.00737
12	0.02566	0.00973	0.01327	0.01018	0.01460	0.00841	0.00841	0.02788	0.01637	0.76726	0.02257	0.01947	0.01416	0.00708	0.00575	0.00177	0.00487	0.00575	0.00708	0.00973
13	0.00832	0.00555	0.00624	0.00624	0.00624	0.00555	0.00347	0.00832	0.00832	0.01109	0.01802	0.03743	0.02080	0.79898	0.02911	0.00555	0.00555	0.00832	0.00347	0.00347
14	0.00694	0.00509	0.00652	0.00766	0.00822	0.00467	0.00517	0.00800	0.01125	0.01472	0.03526	0.69053	0.14013	0.01743	0.00722	0.00227	0.00326	0.01567	0.00531	0.00467
15	0.02132	0.01430	0.01581	0.01238	0.01673	0.01549	0.01014	0.50401	0.13524	0.16874	0.01681	0.01594	0.01172	0.00704	0.00574	0.00176	0.00576	0.00546	0.00599	0.00963
16	0.01392	0.01499	0.08863	0.03346	0.69855	0.01356	0.01787	0.01760	0.01294	0.01864	0.01072	0.01397	0.00890	0.00513	0.00564	0.00171	0.00694	0.00502	0.00279	0.00901
17	0.00832	0.00555	0.00624	0.00624	0.00624	0.00555	0.00347	0.00832	0.00832	0.01109	0.01802	0.03743	0.02080	0.79898	0.02911	0.00555	0.00555	0.00832	0.00347	0.00347
18	0.01350	0.01543	0.03375	0.02411	0.02989	0.01446	0.74253	0.01832	0.01350	0.01832	0.01157	0.01543	0.00868	0.00482	0.00675	0.00193	0.00964	0.00675	0.00289	0.00771

[dist]
# distance from previous block
# <min> <max>
0	5

[block]
# block no. 2 follows, 41 sequences, length 19
# corresponding to MSA columns:
# 206-224
name=unknown_C
#
# <colnr> <probs for GDERKNQSTAVLIFYWHMCP>
#	G	D	E	R	K	N	Q	S	T	A	V	L	I	F	Y	W	H	M	C	P
0	0.00692	0.00516	0.00645	0.00748	0.00817	0.00469	0.00510	0.00802	0.01141	0.01479	0.03738	0.63122	0.19808	0.01716	0.00718	0.00224	0.00323	0.01533	0.00531	0.00469
1	0.01555	0.01318	0.01491	0.01273	0.01555	0.01575	0.01023	0.18844	0.42355	0.02442	0.01762	0.01766	0.01350	0.00806	0.00867	0.00201	0.17866	0.00584	0.00506	0.00859
2	0.06343	0.01848	0.01569	0.01277	0.01680	0.26120	0.01017	0.36323	0.02055	0.07305	0.01209	0.01259	0.00895	0.00625	0.00530	0.00157	0.00722	0.00445	0.00459	0.08161
3	0.03254	0.39154	0.13540	0.01454	0.01997	0.01750	0.21152	0.01775	0.01236	0.05089	0.01084	0.04133	0.00913	0.00555	0.00500	0.00158	0.00722	0.00486	0.00291	0.00759
4	0.01074	0.02439	0.60090	0.01473	0.02153	0.01192	0.01803	0.01636	0.01144	0.01704	0.01139	0.01438	0.00881	0.01374	0.17626	0.00345	0.00998	0.00465	0.00256	0.00771
5	0.00922	0.00658	0.00922	0.01053	0.01185	0.00658	0.00922	0.01185	0.01317	0.01712	0.03029	0.06452	0.03292	0.01580	0.00790	0.00263	0.00527	0.72480	0.00527	0.00527
6	0.08743	0.01535	0.01507	0.01203	0.01616	0.11135	0.00976	0.40686	0.04162	0.17783	0.01613	0.01565	0.03486	0.00693	0.00552	0.00171	0.00621	0.00518	0.00546	0.00887
7	0.00944	0.00662	0.00790	0.00815	0.00922	0.00664	0.00562	0.01283	0.13284	0.05464	0.04304	0.39961	0.07382	0.18843	0.01177	0.00291	0.00405	0.01197	0.00510	0.00540
8	0.00697	0.00498	0.00664	0.00796	0.00830	0.00465	0.00531	0.00796	0.01095	0.01460	0.03153	0.79525	0.03783	0.01792	0.00730	0.00232	0.00332	0.01626	0.00531	0.00465
9	0.01155	0.01093	0.01850	0.61901	0.19981	0.01290	0.01626	0.01527	0.01179	0.01552	0.01030	0.01501	0.00794	0.00558	0.00571	0.00186	0.00744	0.00509	0.00261	0.00695
10	0.58207	0.01106	0.00996	0.04164	0.01315	0.01190	0.00696	0.05007	0.01108	0.02411	0.00882	0.01033	0.00693	0.00516	0.00389	0.00157	0.00461	0.00334	0.00356	0.18979
11	0.01644	0.01225	0.01546	0.01651	0.18077	0.01296	0.01081	0.06802	0.38255	0.14812	0.01912	0.01848	0.01410	0.00681	0.00568	0.00179	0.00517	0.00580	0.00523	0.05393
12	0.01329	0.01411	0.01721	0.58128	0.06663	0.18189	0.01489	0.01657	0.01256	0.01466	0.00990	0.01411	0.00763	0.00573	0.00559	0.00180	0.00818	0.00477	0.00264	0.00654
13	0.05443	0.24361	0.35641	0.01269	0.01901	0.01483	0.01439	0.01994	0.01279	0.18316	0.01223	0.01276	0.00876	0.00564	0.00492	0.00163	0.00681	0.00418	0.00351	0.00832
14	0.51505	0.01088	0.04275	0.00833	0.01172	0.01113	0.00709	0.05412	0.01266	0.08088	0.17617	0.01782	0.01761	0.00694	0.00461	0.00178	0.00435	0.00506	0.00448	0.00657
15	0.01108	0.00914	0.01061	0.00798	0.01193	0.00716	0.00604	0.01305	0.01108	0.01697	0.01191	0.01753	0.01120	0.18035	0.00975	0.00189	0.00453	0.00448	0.00341	0.64991
16	0.00702	0.00578	0.00618	0.00614	0.00790	0.00493	0.00458	0.00870	0.01357	0.01686	0.19187	0.07826	0.60026	0.01407	0.00678	0.00192	0.00287	0.01188	0.00550	0.00493
17	0.01618	0.01325	0.01403	0.01203	0.01562	0.01514	0.00952	0.21541	0.56478	0.02707	0.02081	0.01937	0.01546	0.00753	0.00579	0.00188	0.00498	0.00613	0.00579	0.00923
18	0.01147	0.02959	0.76934	0.01630	0.02476	0.01328	0.02113	0.01811	0.01208	0.01811	0.01026	0.01208	0.00725	0.00543	0.00543	0.00181	0.00845	0.00423	0.00242	0.00845

[dist]
# distance from previous block
# <min> <max>
5	10

[block]
# block no. 3 follows, 41 sequences, length 41
# corresponding to MSA columns:
# 235-275
name=unknown_D
#
# <colnr> <probs for GDERKNQSTAVLIFYWHMCP>
#	G	D	E	R	K	N	Q	S	T	A	V	L	I	F	Y	W	H	M	C	P
0	0.01521	0.01584	0.02963	0.08787	0.02879	0.03803	0.53592	0.08786	0.01501	0.02021	0.01233	0.01627	0.00953	0.00610	0.00760	0.00211	0.05349	0.00656	0.00346	0.00817
1	0.00829	0.00884	0.07952	0.00753	0.01016	0.00627	0.00643	0.00994	0.01355	0.01665	0.05363	0.05165	0.67786	0.01415	0.00704	0.00210	0.00380	0.01153	0.00534	0.00572
2	0.01344	0.01295	0.01757	0.01498	0.01557	0.01701	0.01231	0.01453	0.00973	0.01520	0.00881	0.01384	0.00857	0.01006	0.01760	0.00252	0.70136	0.00517	0.00294	0.08585
3	0.02018	0.05816	0.15441	0.01542	0.01950	0.59628	0.01321	0.02231	0.01583	0.01569	0.01009	0.01201	0.00832	0.00644	0.00558	0.00171	0.01007	0.00410	0.00318	0.00751
4	0.01566	0.71439	0.02838	0.01053	0.01510	0.02145	0.01012	0.01727	0.01240	0.01478	0.01113	0.01590	0.01076	0.00662	0.00453	0.00155	0.00636	0.07236	0.00307	0.00765
5	0.01046	0.00759	0.00930	0.00848	0.01022	0.00720	0.00638	0.08161	0.01777	0.02501	0.67794	0.04086	0.04997	0.01180	0.00706	0.00197	0.00342	0.01008	0.00654	0.00635
6	0.01512	0.01423	0.02372	0.03537	0.75199	0.01409	0.01782	0.01819	0.01363	0.01958	0.01176	0.01552	0.01001	0.00577	0.00609	0.00188	0.00711	0.00541	0.00318	0.00954
7	0.01016	0.00755	0.00891	0.00822	0.01005	0.00707	0.00617	0.08101	0.01700	0.02329	0.51791	0.06400	0.19045	0.01253	0.00707	0.00202	0.00348	0.01059	0.00631	0.00621
8	0.00946	0.00681	0.00841	0.00916	0.00999	0.00654	0.00630	0.07909	0.01311	0.01761	0.03049	0.70942	0.03563	0.01734	0.00755	0.00244	0.00397	0.01534	0.00566	0.00568
9	0.00805	0.00576	0.00740	0.00867	0.00909	0.00529	0.00577	0.00876	0.01159	0.01556	0.03219	0.78408	0.03831	0.01839	0.00770	0.00250	0.00369	0.01640	0.00562	0.00519
10	0.01182	0.01086	0.01775	0.77347	0.03969	0.01322	0.01618	0.01530	0.01207	0.01557	0.01117	0.01659	0.00859	0.00639	0.00614	0.00209	0.00792	0.00540	0.00290	0.00687
11	0.01519	0.01295	0.01360	0.01228	0.01556	0.01471	0.00945	0.03083	0.74171	0.02473	0.02408	0.02258	0.01827	0.00840	0.00624	0.00212	0.00487	0.00676	0.00612	0.00953
12	0.02221	0.02768	0.01682	0.01533	0.01833	0.76429	0.01142	0.02339	0.01676	0.01496	0.00987	0.01174	0.00834	0.00656	0.00559	0.00166	0.01057	0.00402	0.00329	0.00715
13	0.01447	0.01604	0.03408	0.02455	0.03034	0.01495	0.73116	0.01895	0.01410	0.01922	0.01256	0.01677	0.00963	0.00550	0.00716	0.00211	0.00991	0.00704	0.00324	0.00821
14	0.01447	0.01604	0.03408	0.02455	0.03034	0.01495	0.73116	0.01895	0.01410	0.01922	0.01256	0.01677	0.00963	0.00550	0.00716	0.00211	0.00991	0.00704	0.00324	0.00821
15	0.01492	0.01278	0.01393	0.07316	0.01749	0.01459	0.00999	0.02958	0.68335	0.02400	0.02305	0.02211	0.01750	0.00823	0.00623	0.00212	0.00512	0.00665	0.00586	0.00932
16	0.02628	0.01069	0.01409	0.01096	0.01542	0.00936	0.00892	0.05695	0.01734	0.72695	0.02302	0.02051	0.01485	0.00772	0.00617	0.00195	0.00527	0.00604	0.00731	0.01020
17	0.82711	0.01175	0.00914	0.00823	0.01181	0.01334	0.00664	0.01746	0.01039	0.02644	0.00901	0.01073	0.00719	0.00598	0.00400	0.00195	0.00477	0.00345	0.00388	0.00672
18	0.00697	0.00498	0.00664	0.00796	0.00830	0.00465	0.00531	0.00796	0.01095	0.01460	0.03153	0.79525	0.03783	0.01792	0.00730	0.00232	0.00332	0.01626	0.00531	0.00465
19	0.01147	0.02959	0.76934	0.01630	0.02476	0.01328	0.02113	0.01811	0.01208	0.01811	0.01026	0.01208	0.00725	0.00543	0.00543	0.00181	0.00845	0.00423	0.00242	0.00845
20	0.00676	0.00579	0.00579	0.00579	0.00773	0.00483	0.00435	0.00821	0.01304	0.01545	0.05794	0.05505	0.76098	0.01449	0.00676	0.00193	0.00290	0.01207	0.00531	0.00483
21	0.00922	0.00658	0.00922	0.01053	0.01185	0.00658	0.00922	0.01185	0.01317	0.01712	0.03029	0.06452	0.03292	0.01580	0.00790	0.00263	0.00527	0.72480	0.00527	0.00527
22	0.01147	0.02959	0.76934	0.01630	0.02476	0.01328	0.02113	0.01811	0.01208	0.01811	0.01026	0.01208	0.00725	0.00543	0.00543	0.00181	0.00845	0.00423	0.00242	0.00845
23	0.01350	0.01543	0.03375	0.02411	0.02989	0.01446	0.74253	0.01832	0.01350	0.01832	0.01157	0.01543	0.00868	0.00482	0.00675	0.00193	0.00964	0.00675	0.00289	0.00771
24	0.00922	0.00658	0.00922	0.01053	0.01185	0.00658	0.00922	0.01185	0.01317	0.01712	0.03029	0.06452	0.03292	0.01580	0.00790	0.00263	0.00527	0.72480	0.00527	0.00527
25	0.02566	0.00973	0.01327	0.01018	0.01460	0.00841	0.00841	0.02788	0.01637	0.76726	0.02257	0.01947	0.01416	0.00708	0.00575	0.00177	0.00487	0.00575	0.00708	0.00973
26	0.00719	0.00515	0.00684	0.00781	0.00835	0.00479	0.00533	0.00852	0.01199	0.01625	0.17583	0.64624	0.04103	0.01669	0.00719	0.00222	0.00320	0.01509	0.00551	0.00479
27	0.00697	0.00498	0.00664	0.00796	0.00830	0.00465	0.00531	0.00796	0.01095	0.01460	0.03153	0.79525	0.03783	0.01792	0.00730	0.00232	0.00332	0.01626	0.00531	0.00465
28	0.01350	0.01543	0.03375	0.02411	0.02989	0.01446	0.74253	0.01832	0.01350	0.01832	0.01157	0.01543	0.00868	0.00482	0.00675	0.00193	0.00964	0.00675	0.00289	0.00771
29	0.01147	0.02959	0.76934	0.01630	0.02476	0.01328	0.02113	0.01811	0.01208	0.01811	0.01026	0.01208	0.00725	0.00543	0.00543	0.00181	0.00845	0.00423	0.00242	0.00845
30	0.01423	0.01229	0.01293	0.01164	0.01487	0.01423	0.00905	0.03039	0.75297	0.02393	0.02328	0.02134	0.01746	0.00776	0.00582	0.00194	0.00453	0.00647	0.00582	0.00905
31	0.02396	0.01247	0.01496	0.01147	0.01596	0.01246	0.00948	0.33902	0.02094	0.44966	0.01873	0.01698	0.01223	0.00699	0.00574	0.00175	0.00549	0.00549	0.00649	0.00973
32	0.00817	0.00613	0.00919	0.00919	0.01021	0.00715	0.00715	0.01021	0.00919	0.01328	0.01532	0.02247	0.01430	0.04290	0.77631	0.00919	0.01532	0.00613	0.00306	0.00511
33	0.01147	0.02959	0.76934	0.01630	0.02476	0.01328	0.02113	0.01811	0.01208	0.01811	0.01026	0.01208	0.00725	0.00543	0.00543	0.00181	0.00845	0.00423	0.00242	0.00845
34	0.03490	0.01159	0.02131	0.56126	0.03607	0.01318	0.20849	0.01566	0.01194	0.01591	0.01048	0.01513	0.00786	0.00547	0.00593	0.00191	0.00807	0.00547	0.00266	0.00671
35	0.00697	0.00498	0.00664	0.00796	0.00830	0.00465	0.00531	0.00796	0.01095	0.01460	0.03153	0.79525	0.03783	0.01792	0.00730	0.00232	0.00332	0.01626	0.00531	0.00465
36	0.00817	0.00613	0.00919	0.00919	0.01021	0.00715	0.00715	0.01021	0.00919	0.01328	0.01532	0.02247	0.01430	0.04290	0.77631	0.00919	0.01532	0.00613	0.00306	0.00511
37	0.01080	0.01017	0.01716	0.78523	0.03940	0.01271	0.01589	0.01461	0.01144	0.01461	0.01017	0.01525	0.00762	0.00572	0.00572	0.00191	0.00762	0.00508	0.00254	0.00635
38	0.00994	0.00497	0.00745	0.00745	0.00745	0.00497	0.00497	0.00745	0.00745	0.00994	0.00994	0.01739	0.00994	0.01987	0.02235	0.83358	0.00497	0.00497	0.00248	0.00248
39	0.02467	0.00996	0.01324	0.01030	0.01463	0.00891	0.00846	0.02809	0.08040	0.70264	0.02263	0.01963	0.01445	0.00714	0.00576	0.00178	0.00484	0.00581	0.00697	0.00968
40	0.01350	0.01543	0.03375	0.02411	0.02989	0.01446	0.74253	0.01832	0.01350	0.01832	0.01157	0.01543	0.00868	0.00482	0.00675	0.00193	0.00964	0.00675	0.00289	0.00771

[dist]
# distance from previous block
# <min> <max>
0	432

# created by:
# /software/SequenceAnalysis/GenePrediction/augustus/3.0.1/scripts/msa2prfl.pl ./fixed/BUSCOvEOG7JHDV9.fas
