[name]
unknown

[dist]
# distance from previous block
# <min> <max>
0	88

[block]
# block no. 0 follows, 37 sequences, length 39
# corresponding to MSA columns:
# 93-131
name=unknown_A
#
# <colnr> <probs for GDERKNQSTAVLIFYWHMCP>
#	G	D	E	R	K	N	Q	S	T	A	V	L	I	F	Y	W	H	M	C	P
0	0.01269	0.01088	0.01269	0.00907	0.01451	0.00816	0.00725	0.01541	0.01269	0.01995	0.01088	0.01269	0.00907	0.00453	0.00453	0.00091	0.00453	0.00363	0.00363	0.82229
1	0.01599	0.01509	0.02296	0.06274	0.57657	0.04435	0.01719	0.07911	0.06643	0.02158	0.01262	0.01554	0.01026	0.00588	0.00606	0.00184	0.00724	0.00550	0.00351	0.00954
2	0.01477	0.01267	0.01345	0.01213	0.01545	0.01457	0.00942	0.03107	0.68582	0.02553	0.07474	0.02443	0.02140	0.00860	0.00630	0.00207	0.00471	0.00721	0.00626	0.00942
3	0.00755	0.00619	0.00671	0.00703	0.00883	0.00535	0.00535	0.00919	0.01371	0.01663	0.05548	0.14282	0.58479	0.01608	0.00744	0.00220	0.00343	0.09033	0.00568	0.00520
4	0.02379	0.00956	0.01272	0.01005	0.01396	0.00837	0.00801	0.02576	0.01607	0.60758	0.02507	0.02539	0.04811	0.12490	0.00997	0.00251	0.00523	0.00686	0.00691	0.00918
5	0.79380	0.01206	0.00940	0.00831	0.01214	0.01396	0.00684	0.04819	0.01120	0.02794	0.00879	0.01015	0.00679	0.00575	0.00389	0.00189	0.00482	0.00341	0.00389	0.00679
6	0.00723	0.00620	0.00620	0.00620	0.00827	0.00517	0.00465	0.00878	0.01395	0.01654	0.06201	0.05891	0.74421	0.01550	0.00723	0.00207	0.00310	0.01292	0.00568	0.00517
7	0.11636	0.01058	0.01363	0.01058	0.01521	0.00952	0.00873	0.02852	0.01673	0.67060	0.02241	0.01963	0.01421	0.00737	0.00589	0.00189	0.00516	0.00584	0.00716	0.01000
8	0.02167	0.01590	0.01707	0.01326	0.01762	0.01753	0.01075	0.64663	0.02657	0.03561	0.01521	0.01751	0.01173	0.09368	0.00890	0.00229	0.00665	0.00589	0.00586	0.00967
9	0.02665	0.01172	0.01501	0.01151	0.01628	0.01094	0.00951	0.16502	0.01971	0.61265	0.02231	0.01964	0.01423	0.00753	0.00615	0.00188	0.00551	0.00603	0.00729	0.01042
10	0.00829	0.00624	0.00766	0.00731	0.00891	0.00562	0.00548	0.01082	0.01644	0.02244	0.56393	0.04920	0.23861	0.01330	0.00722	0.00196	0.00294	0.01156	0.00646	0.00562
11	0.00744	0.00604	0.00660	0.00682	0.00848	0.00520	0.00498	0.00904	0.01389	0.01725	0.13219	0.19759	0.53138	0.01588	0.00735	0.00213	0.00316	0.01358	0.00580	0.00520
12	0.00746	0.00533	0.00710	0.00852	0.00888	0.00497	0.00568	0.00852	0.01172	0.01563	0.03374	0.78088	0.04049	0.01918	0.00781	0.00249	0.00355	0.01740	0.00568	0.00497
13	0.00890	0.00593	0.00668	0.00668	0.00668	0.00593	0.00371	0.00890	0.00890	0.01187	0.01929	0.04006	0.02225	0.78487	0.03116	0.00593	0.00593	0.00890	0.00371	0.00371
14	0.00844	0.00615	0.00794	0.00770	0.00906	0.00565	0.00570	0.01104	0.01650	0.02306	0.62264	0.12816	0.09817	0.01344	0.00729	0.00200	0.00297	0.01189	0.00656	0.00565
15	0.02538	0.00996	0.01354	0.01054	0.01491	0.00864	0.00864	0.02780	0.01750	0.67028	0.10402	0.02360	0.01988	0.00812	0.00627	0.00190	0.00495	0.00670	0.00748	0.00990
16	0.00908	0.00641	0.00796	0.00748	0.00920	0.00576	0.00564	0.01164	0.01655	0.05175	0.55681	0.04778	0.21509	0.01301	0.00718	0.00196	0.00303	0.01130	0.00653	0.00582
17	0.00808	0.00623	0.00737	0.00708	0.00878	0.00553	0.00531	0.01041	0.01594	0.02125	0.46310	0.05115	0.34017	0.01374	0.00723	0.00198	0.00298	0.01183	0.00630	0.00553
18	0.02286	0.00938	0.01244	0.00988	0.01389	0.00815	0.00804	0.02520	0.01693	0.57416	0.09588	0.02748	0.10013	0.00890	0.00631	0.00190	0.00467	0.00735	0.03724	0.00922
19	0.01557	0.01332	0.01403	0.01253	0.01605	0.01539	0.00977	0.06210	0.70550	0.02616	0.02448	0.02249	0.01833	0.00826	0.00622	0.00207	0.00493	0.00686	0.00622	0.00972
20	0.01360	0.01037	0.01183	0.01125	0.01393	0.01131	0.00888	0.02408	0.40954	0.07297	0.05533	0.11815	0.05501	0.01158	0.00691	0.00225	0.00474	0.14403	0.00614	0.00810
21	0.00773	0.00622	0.00689	0.00672	0.00857	0.00538	0.00504	0.00974	0.01512	0.01931	0.29766	0.05435	0.50683	0.01447	0.00723	0.00202	0.00303	0.01228	0.00605	0.00538
22	0.01192	0.00619	0.00625	0.00606	0.00764	0.00627	0.00459	0.04462	0.01352	0.02349	0.01974	0.02247	0.01546	0.00714	0.00436	0.00144	0.00302	0.00570	0.78421	0.00591
23	0.01141	0.00571	0.00571	0.00571	0.00713	0.00571	0.00428	0.01426	0.01284	0.02282	0.01997	0.02282	0.01569	0.00713	0.00428	0.00143	0.00285	0.00571	0.81886	0.00571
24	0.00890	0.00593	0.00668	0.00668	0.00668	0.00593	0.00371	0.00890	0.00890	0.01187	0.01929	0.04006	0.02225	0.78487	0.03116	0.00593	0.00593	0.00890	0.00371	0.00371
25	0.00825	0.00585	0.00778	0.00904	0.00964	0.00563	0.00656	0.00966	0.01203	0.01592	0.03178	0.51108	0.03708	0.10360	0.01057	0.00296	0.00437	0.19774	0.00545	0.00501
26	0.01141	0.00571	0.00571	0.00571	0.00713	0.00571	0.00428	0.01426	0.01284	0.02282	0.01997	0.02282	0.01569	0.00713	0.00428	0.00143	0.00285	0.00571	0.81886	0.00571
27	0.02266	0.01667	0.01787	0.01377	0.01846	0.01843	0.01130	0.69570	0.02793	0.03744	0.01489	0.01578	0.01091	0.04050	0.00719	0.00201	0.00670	0.00566	0.00602	0.01012
28	0.01141	0.00571	0.00571	0.00571	0.00713	0.00571	0.00428	0.01426	0.01284	0.02282	0.01997	0.02282	0.01569	0.00713	0.00428	0.00143	0.00285	0.00571	0.81886	0.00571
29	0.01141	0.00571	0.00571	0.00571	0.00713	0.00571	0.00428	0.01426	0.01284	0.02282	0.01997	0.02282	0.01569	0.00713	0.00428	0.00143	0.00285	0.00571	0.81886	0.00571
30	0.00874	0.00656	0.00984	0.00984	0.01093	0.00765	0.00765	0.01093	0.00984	0.01421	0.01640	0.02405	0.01530	0.04591	0.76062	0.00984	0.01640	0.00656	0.00328	0.00547
31	0.00746	0.00533	0.00710	0.00852	0.00888	0.00497	0.00568	0.00852	0.01172	0.01563	0.03374	0.78088	0.04049	0.01918	0.00781	0.00249	0.00355	0.01740	0.00568	0.00497
32	0.00874	0.00656	0.00984	0.00984	0.01093	0.00765	0.00765	0.01093	0.00984	0.01421	0.01640	0.02405	0.01530	0.04591	0.76062	0.00984	0.01640	0.00656	0.00328	0.00547
33	0.01276	0.01322	0.02573	0.46115	0.03794	0.01438	0.31070	0.01729	0.01316	0.01729	0.01150	0.01640	0.00863	0.00572	0.00658	0.00205	0.00906	0.00618	0.00288	0.00740
34	0.01176	0.01127	0.01959	0.71855	0.04145	0.01373	0.06606	0.01592	0.01239	0.01592	0.01098	0.01633	0.00824	0.00605	0.00620	0.00204	0.00831	0.00556	0.00275	0.00690
35	0.01156	0.01088	0.01836	0.77016	0.04216	0.01360	0.01700	0.01564	0.01224	0.01564	0.01088	0.01632	0.00816	0.00612	0.00612	0.00204	0.00816	0.00544	0.00272	0.00680
36	0.01393	0.01527	0.03102	0.02296	0.02765	0.01551	0.54080	0.01821	0.01347	0.01860	0.01295	0.01957	0.01085	0.00702	0.00974	0.00223	0.15397	0.05529	0.00319	0.00778
37	0.01415	0.01571	0.03203	0.04311	0.02893	0.01611	0.55737	0.01848	0.01333	0.01848	0.01144	0.01585	0.00900	0.00635	0.00989	0.00219	0.16990	0.00679	0.00300	0.00789
38	0.00887	0.00718	0.01069	0.24103	0.01927	0.00776	0.00938	0.01099	0.01213	0.01585	0.02782	0.46887	0.05886	0.01489	0.00732	0.00236	0.00508	0.06128	0.00478	0.00558

[dist]
# distance from previous block
# <min> <max>
4	7

[block]
# block no. 1 follows, 37 sequences, length 17
# corresponding to MSA columns:
# 140-156
name=unknown_B
#
# <colnr> <probs for GDERKNQSTAVLIFYWHMCP>
#	G	D	E	R	K	N	Q	S	T	A	V	L	I	F	Y	W	H	M	C	P
0	0.50605	0.01191	0.01125	0.00970	0.01360	0.01284	0.00781	0.02261	0.09754	0.19480	0.04486	0.01644	0.01280	0.00718	0.00508	0.00205	0.00503	0.00496	0.00531	0.00819
1	0.01417	0.01563	0.03243	0.02317	0.02924	0.01433	0.61160	0.01895	0.01417	0.01966	0.01215	0.01591	0.00925	0.00506	0.00680	0.00188	0.00941	0.00666	0.00318	0.13636
2	0.01466	0.08987	0.40706	0.01641	0.02265	0.01673	0.04741	0.12966	0.01477	0.02111	0.01086	0.01318	0.00830	0.00691	0.00846	0.00201	0.15325	0.00484	0.00318	0.00868
3	0.00746	0.00621	0.00651	0.00644	0.00841	0.00526	0.00483	0.00922	0.01448	0.01780	0.16925	0.05684	0.63618	0.01503	0.00723	0.00204	0.00307	0.01263	0.00585	0.00526
4	0.01277	0.01117	0.01340	0.00989	0.01469	0.00940	0.00797	0.01533	0.01231	0.01934	0.01055	0.01277	0.00895	0.00526	0.00635	0.00111	0.09441	0.00383	0.00352	0.72699
5	0.00966	0.00690	0.00963	0.01104	0.01236	0.00687	0.00951	0.01233	0.01389	0.01809	0.03252	0.12979	0.03568	0.01710	0.00840	0.00279	0.00546	0.64678	0.00564	0.00558
6	0.02095	0.01396	0.01555	0.01268	0.01695	0.01514	0.01023	0.28134	0.31558	0.19784	0.02106	0.01945	0.01489	0.00779	0.00617	0.00195	0.00561	0.00624	0.00650	0.01012
7	0.51572	0.01357	0.01244	0.01024	0.01445	0.01529	0.00845	0.25923	0.01700	0.06641	0.01138	0.01209	0.00833	0.00634	0.00470	0.00187	0.00544	0.00420	0.00477	0.00810
8	0.00813	0.00636	0.00806	0.00803	0.00948	0.00642	0.00608	0.00996	0.01189	0.01560	0.07505	0.04057	0.31906	0.07495	0.36553	0.00597	0.00955	0.00957	0.00449	0.00526
9	0.01269	0.01088	0.01269	0.00907	0.01451	0.00816	0.00725	0.01541	0.01269	0.01995	0.01088	0.01269	0.00907	0.00453	0.00453	0.00091	0.00453	0.00363	0.00363	0.82229
10	0.02930	0.00886	0.01310	0.01070	0.01379	0.00797	0.09070	0.01669	0.01622	0.17444	0.37263	0.03517	0.06519	0.01013	0.00676	0.00189	0.00454	0.03915	0.00607	0.07669
11	0.01752	0.01834	0.19577	0.01978	0.02623	0.01341	0.36612	0.02236	0.01494	0.22010	0.01529	0.01687	0.01054	0.00597	0.00661	0.00199	0.00862	0.00631	0.00421	0.00903
12	0.01315	0.01254	0.01969	0.05286	0.02079	0.01094	0.20471	0.01654	0.01299	0.01939	0.01116	0.01396	0.00903	0.00508	0.00609	0.00137	0.04259	0.00479	0.00339	0.51894
13	0.01064	0.01182	0.12820	0.01393	0.09955	0.00868	0.01128	0.01418	0.01468	0.02064	0.24421	0.06804	0.03283	0.01150	0.00702	0.00211	0.00535	0.21396	0.00502	0.07635
14	0.07961	0.00838	0.01280	0.01133	0.01327	0.00919	0.09115	0.01293	0.01169	0.01794	0.12945	0.02488	0.02025	0.02954	0.43027	0.00639	0.04419	0.00699	0.03376	0.00600
15	0.01522	0.19367	0.01892	0.01118	0.01624	0.13055	0.03997	0.01769	0.01344	0.01787	0.01017	0.01194	0.00861	0.00500	0.00467	0.00116	0.00627	0.00375	0.00330	0.47038
16	0.01269	0.00721	0.00999	0.00945	0.01138	0.00725	0.00730	0.01467	0.01239	0.18491	0.02625	0.14648	0.10441	0.02929	0.37981	0.00594	0.01024	0.00892	0.00493	0.00650

[dist]
# distance from previous block
# <min> <max>
0	2

[block]
# block no. 2 follows, 37 sequences, length 10
# corresponding to MSA columns:
# 159-168
name=unknown_C
#
# <colnr> <probs for GDERKNQSTAVLIFYWHMCP>
#	G	D	E	R	K	N	Q	S	T	A	V	L	I	F	Y	W	H	M	C	P
0	0.26492	0.01315	0.03490	0.01735	0.10950	0.01290	0.21290	0.03968	0.01387	0.03866	0.10125	0.01960	0.01551	0.00679	0.00584	0.00192	0.00660	0.03193	0.00404	0.04866
1	0.01539	0.35923	0.02872	0.02142	0.24314	0.01948	0.10228	0.01819	0.01278	0.01682	0.00986	0.01273	0.00862	0.00596	0.00697	0.00173	0.10085	0.00469	0.00281	0.00833
2	0.01269	0.01088	0.01269	0.00907	0.01451	0.00816	0.00725	0.01541	0.01269	0.01995	0.01088	0.01269	0.00907	0.00453	0.00453	0.00091	0.00453	0.00363	0.00363	0.82229
3	0.01376	0.01214	0.01845	0.02538	0.42855	0.01217	0.01372	0.10373	0.01540	0.02109	0.02255	0.15453	0.11347	0.00943	0.00653	0.00197	0.00600	0.00854	0.00423	0.00835
4	0.21944	0.00987	0.01133	0.00922	0.01310	0.00953	0.00753	0.02400	0.01490	0.43695	0.01955	0.01856	0.01318	0.00703	0.00522	0.00181	0.00465	0.00538	0.16016	0.00860
5	0.37756	0.01142	0.01165	0.00932	0.01356	0.01147	0.00761	0.01827	0.01204	0.11213	0.01125	0.01251	0.00865	0.00584	0.00547	0.00159	0.05788	0.00392	0.00411	0.30372
6	0.11472	0.01250	0.01360	0.01014	0.01525	0.01143	0.00823	0.18574	0.01626	0.02532	0.01151	0.01284	0.00909	0.00535	0.00482	0.00125	0.00508	0.00404	0.00424	0.52859
7	0.04698	0.11164	0.24334	0.01263	0.01827	0.01246	0.01312	0.02244	0.01428	0.31862	0.01667	0.01707	0.01170	0.01145	0.09962	0.00283	0.00793	0.00525	0.00477	0.00893
8	0.01254	0.00951	0.01192	0.00944	0.01348	0.00806	0.00750	0.01507	0.01216	0.07065	0.01353	0.01678	0.01143	0.01751	0.23775	0.00373	0.00824	0.00471	0.00380	0.51219
9	0.01308	0.00972	0.01184	0.00919	0.01332	0.00808	0.00725	0.03424	0.01361	0.08086	0.10427	0.01994	0.01692	0.03994	0.09830	0.00242	0.00594	0.00537	0.00437	0.50136

[dist]
# distance from previous block
# <min> <max>
24	46

[block]
# block no. 3 follows, 37 sequences, length 6
# corresponding to MSA columns:
# 237-242
name=unknown_D
#
# <colnr> <probs for GDERKNQSTAVLIFYWHMCP>
#	G	D	E	R	K	N	Q	S	T	A	V	L	I	F	Y	W	H	M	C	P
0	0.01269	0.01088	0.01269	0.00907	0.01451	0.00816	0.00725	0.01541	0.01269	0.01995	0.01088	0.01269	0.00907	0.00453	0.00453	0.00091	0.00453	0.00363	0.00363	0.82229
1	0.01269	0.01088	0.01269	0.00907	0.01451	0.00816	0.00725	0.01541	0.01269	0.01995	0.01088	0.01269	0.00907	0.00453	0.00453	0.00091	0.00453	0.00363	0.00363	0.82229
2	0.01269	0.01088	0.01269	0.00907	0.01451	0.00816	0.00725	0.01541	0.01269	0.01995	0.01088	0.01269	0.00907	0.00453	0.00453	0.00091	0.00453	0.00363	0.00363	0.82229
3	0.00874	0.00656	0.00984	0.00984	0.01093	0.00765	0.00765	0.01093	0.00984	0.01421	0.01640	0.02405	0.01530	0.04591	0.76062	0.00984	0.01640	0.00656	0.00328	0.00547
4	0.01159	0.00837	0.01074	0.01098	0.01286	0.00856	0.00924	0.12233	0.01670	0.02223	0.13946	0.10276	0.03521	0.01490	0.00786	0.00251	0.00525	0.44619	0.00588	0.00635
5	0.01269	0.01088	0.01269	0.00907	0.01451	0.00816	0.00725	0.01541	0.01269	0.01995	0.01088	0.01269	0.00907	0.00453	0.00453	0.00091	0.00453	0.00363	0.00363	0.82229

[dist]
# distance from previous block
# <min> <max>
6	9

# created by:
# /software/SequenceAnalysis/GenePrediction/augustus/3.0.1/scripts/msa2prfl.pl ./fixed/BUSCOvEOG71K0T8.fas
