[name]
unknown

[dist]
# distance from previous block
# <min> <max>
5	122

[block]
# block no. 0 follows, 41 sequences, length 10
# corresponding to MSA columns:
# 129-138
name=unknown_A
#
# <colnr> <probs for GDERKNQSTAVLIFYWHMCP>
#	G	D	E	R	K	N	Q	S	T	A	V	L	I	F	Y	W	H	M	C	P
0	0.01417	0.01389	0.02602	0.01928	0.02395	0.01358	0.47414	0.16680	0.01587	0.02140	0.01519	0.13892	0.01353	0.00732	0.00663	0.00195	0.00795	0.00793	0.00386	0.00764
1	0.01930	0.01038	0.05463	0.01017	0.01394	0.00885	0.00870	0.05448	0.07703	0.44049	0.17450	0.02602	0.02302	0.00842	0.00605	0.00183	0.00467	0.04261	0.00640	0.00849
2	0.00900	0.00649	0.00921	0.01026	0.01151	0.00670	0.00879	0.01151	0.01235	0.01632	0.02719	0.05582	0.02907	0.02140	0.16681	0.00399	0.00735	0.57617	0.00481	0.00523
3	0.01416	0.01359	0.02322	0.03511	0.76330	0.01359	0.01755	0.01755	0.01302	0.01869	0.01076	0.01416	0.00906	0.00510	0.00566	0.00170	0.00680	0.00510	0.00283	0.00906
4	0.51568	0.11913	0.20993	0.01011	0.01511	0.01423	0.01056	0.01719	0.01059	0.02210	0.00856	0.01000	0.00662	0.00529	0.00405	0.00171	0.00570	0.00339	0.00310	0.00693
5	0.18216	0.01035	0.01535	0.62440	0.03354	0.01273	0.01388	0.01507	0.01109	0.01690	0.00971	0.01402	0.00733	0.00563	0.00527	0.00188	0.00696	0.00467	0.00275	0.00632
6	0.00944	0.00723	0.01005	0.01258	0.16330	0.00731	0.00683	0.01039	0.00952	0.01307	0.01703	0.07389	0.01872	0.51965	0.09336	0.00491	0.00660	0.00789	0.00340	0.00484
7	0.01179	0.07542	0.69207	0.01626	0.02438	0.01390	0.05264	0.01806	0.01211	0.01784	0.01018	0.01205	0.00732	0.00537	0.00539	0.00178	0.00837	0.00427	0.00244	0.00835
8	0.15990	0.02215	0.44269	0.17368	0.02501	0.04850	0.01691	0.01738	0.01172	0.01855	0.00977	0.01215	0.00714	0.00549	0.00514	0.00181	0.00765	0.00418	0.00267	0.00753
9	0.00697	0.00498	0.00664	0.00796	0.00830	0.00465	0.00531	0.00796	0.01095	0.01460	0.03153	0.79525	0.03783	0.01792	0.00730	0.00232	0.00332	0.01626	0.00531	0.00465

[dist]
# distance from previous block
# <min> <max>
0	17

[block]
# block no. 1 follows, 41 sequences, length 23
# corresponding to MSA columns:
# 156-178
name=unknown_B
#
# <colnr> <probs for GDERKNQSTAVLIFYWHMCP>
#	G	D	E	R	K	N	Q	S	T	A	V	L	I	F	Y	W	H	M	C	P
0	0.01231	0.00884	0.01005	0.00921	0.01087	0.00929	0.00664	0.25479	0.01553	0.02077	0.02166	0.31442	0.02349	0.23986	0.01307	0.00305	0.00496	0.01024	0.00492	0.00601
1	0.01324	0.01849	0.25130	0.04354	0.48917	0.01352	0.05278	0.01770	0.01273	0.01842	0.01063	0.01360	0.00846	0.00520	0.00565	0.00175	0.00745	0.00491	0.00270	0.00876
2	0.01186	0.07945	0.61776	0.07153	0.07294	0.01390	0.01976	0.01776	0.01206	0.01759	0.01013	0.01224	0.00740	0.00540	0.00535	0.00177	0.00813	0.00426	0.00245	0.00827
3	0.02348	0.00992	0.01336	0.01044	0.01436	0.00920	0.00860	0.05198	0.01621	0.64014	0.06780	0.02024	0.01604	0.00757	0.00674	0.00182	0.06028	0.00597	0.00666	0.00921
4	0.01431	0.01463	0.01976	0.24313	0.39543	0.13014	0.01553	0.01836	0.06098	0.01715	0.01111	0.01434	0.00894	0.00557	0.00561	0.00174	0.00742	0.00497	0.00296	0.00792
5	0.10639	0.02183	0.41077	0.05992	0.02378	0.01376	0.14290	0.06569	0.06503	0.02038	0.01136	0.01328	0.00828	0.00559	0.00551	0.00184	0.00774	0.00480	0.00309	0.00807
6	0.01162	0.01074	0.01615	0.52432	0.06570	0.04649	0.03058	0.01496	0.01163	0.01573	0.01114	0.01560	0.00868	0.00617	0.00656	0.00185	0.07192	0.00509	0.11869	0.00637
7	0.00719	0.00530	0.00678	0.00787	0.00860	0.00490	0.00558	0.00845	0.01157	0.01504	0.03603	0.58237	0.16442	0.01708	0.00727	0.00229	0.00347	0.09575	0.00531	0.00475
8	0.01206	0.01439	0.18893	0.01233	0.03762	0.06320	0.01131	0.07498	0.04692	0.05077	0.03450	0.21834	0.04618	0.01129	0.00649	0.00207	0.00585	0.15145	0.00453	0.00679
9	0.02168	0.06643	0.01429	0.01035	0.01442	0.01073	0.00856	0.08911	0.11064	0.49367	0.08157	0.02039	0.01698	0.00737	0.00569	0.00175	0.00486	0.00598	0.00641	0.00912
10	0.00790	0.00594	0.00836	0.01028	0.07144	0.00565	0.00662	0.00948	0.01211	0.01643	0.14474	0.56011	0.03764	0.01572	0.00712	0.00221	0.00365	0.06417	0.00526	0.00518
11	0.01805	0.07097	0.01566	0.01206	0.01573	0.13212	0.00970	0.30748	0.24097	0.02622	0.01585	0.01581	0.01193	0.00683	0.00538	0.00168	0.00606	0.00519	0.07378	0.00852
12	0.01296	0.03087	0.07608	0.01289	0.04930	0.06968	0.02403	0.06626	0.01364	0.06688	0.17170	0.14284	0.02272	0.01006	0.00933	0.00201	0.19993	0.00779	0.00432	0.00669
13	0.07997	0.02565	0.58152	0.01691	0.02450	0.01345	0.14267	0.01804	0.01213	0.01877	0.01030	0.01242	0.00740	0.00532	0.00550	0.00183	0.00832	0.00456	0.00259	0.00814
14	0.02033	0.02703	0.07843	0.01550	0.04154	0.68943	0.01208	0.02229	0.01577	0.01448	0.00902	0.01058	0.00741	0.00583	0.00520	0.00151	0.01005	0.00377	0.00290	0.00686
15	0.01205	0.02568	0.56926	0.01882	0.05295	0.01357	0.19048	0.01814	0.01245	0.01818	0.01059	0.01294	0.00765	0.00528	0.00575	0.00183	0.00867	0.00485	0.00254	0.00830
16	0.01433	0.01858	0.23086	0.04514	0.28680	0.09292	0.04508	0.01881	0.04502	0.07041	0.01327	0.06924	0.01107	0.00645	0.00572	0.00178	0.00729	0.00566	0.00332	0.00823
17	0.00697	0.00498	0.00664	0.00796	0.00830	0.00465	0.00531	0.00796	0.01095	0.01460	0.03153	0.79525	0.03783	0.01792	0.00730	0.00232	0.00332	0.01626	0.00531	0.00465
18	0.06953	0.01242	0.01956	0.16375	0.41365	0.01310	0.04392	0.09073	0.01379	0.01985	0.01251	0.07833	0.01103	0.00645	0.00571	0.00180	0.00656	0.00595	0.00333	0.00803
19	0.01398	0.02014	0.29169	0.05705	0.23542	0.06692	0.11036	0.01939	0.06096	0.05193	0.01187	0.01405	0.00895	0.00553	0.00570	0.00178	0.00781	0.00501	0.00307	0.00840
20	0.01205	0.04034	0.35526	0.21270	0.08453	0.01363	0.12941	0.01777	0.04711	0.01746	0.01103	0.01391	0.00818	0.00548	0.00570	0.00184	0.00806	0.00497	0.00271	0.00786
21	0.00763	0.00576	0.00773	0.06038	0.01070	0.00546	0.00608	0.00912	0.01174	0.01585	0.11559	0.57626	0.06854	0.01543	0.00693	0.00213	0.00357	0.01389	0.00513	0.05208
22	0.28996	0.04228	0.21695	0.02718	0.07096	0.06712	0.10759	0.02618	0.01227	0.02076	0.06029	0.01366	0.01042	0.00575	0.00501	0.00176	0.00677	0.00460	0.00323	0.00725

[dist]
# distance from previous block
# <min> <max>
41	104

[block]
# block no. 2 follows, 41 sequences, length 6
# corresponding to MSA columns:
# 327-332
name=unknown_C
#
# <colnr> <probs for GDERKNQSTAVLIFYWHMCP>
#	G	D	E	R	K	N	Q	S	T	A	V	L	I	F	Y	W	H	M	C	P
0	0.01543	0.01159	0.01291	0.01017	0.01421	0.01138	0.00813	0.26424	0.09511	0.04832	0.01546	0.07505	0.01277	0.00684	0.00517	0.00144	0.00479	0.00553	0.06885	0.31259
1	0.38730	0.08491	0.03536	0.05039	0.01501	0.01275	0.06154	0.06463	0.02752	0.07313	0.04366	0.09551	0.01290	0.00713	0.00482	0.00180	0.00521	0.00557	0.00404	0.00682
2	0.01335	0.01247	0.10106	0.03134	0.08501	0.00943	0.00995	0.05034	0.04210	0.09238	0.01455	0.10219	0.01266	0.00658	0.00517	0.00141	0.00511	0.00558	0.00399	0.39531
3	0.01250	0.09716	0.16501	0.13983	0.01973	0.01243	0.01201	0.01925	0.19363	0.05762	0.06940	0.02330	0.06449	0.00774	0.00571	0.00182	0.00582	0.05323	0.00419	0.03512
4	0.01179	0.00894	0.01362	0.35148	0.06156	0.00978	0.01139	0.01461	0.01189	0.09568	0.01749	0.02477	0.05996	0.06521	0.08864	0.00289	0.00719	0.07278	0.00365	0.06667
5	0.09232	0.09514	0.01491	0.01196	0.06248	0.01380	0.00907	0.14348	0.26857	0.07774	0.02076	0.02012	0.09062	0.00739	0.00537	0.00173	0.00497	0.00587	0.00496	0.04875

[dist]
# distance from previous block
# <min> <max>
10	33

[block]
# block no. 3 follows, 41 sequences, length 16
# corresponding to MSA columns:
# 368-383
name=unknown_D
#
# <colnr> <probs for GDERKNQSTAVLIFYWHMCP>
#	G	D	E	R	K	N	Q	S	T	A	V	L	I	F	Y	W	H	M	C	P
0	0.01263	0.04819	0.63389	0.01724	0.07264	0.08158	0.01971	0.01847	0.01250	0.01767	0.01011	0.01198	0.00738	0.00544	0.00538	0.00176	0.00845	0.00421	0.00249	0.00830
1	0.00835	0.00596	0.00871	0.00895	0.00995	0.00554	0.04824	0.00992	0.01218	0.04675	0.14055	0.58191	0.03748	0.01571	0.00714	0.00221	0.00371	0.03619	0.00539	0.00516
2	0.01532	0.01204	0.01297	0.01150	0.01485	0.01367	0.00899	0.03015	0.68239	0.09515	0.02321	0.02116	0.01714	0.00769	0.00581	0.00192	0.00456	0.00640	0.00594	0.00912
3	0.00797	0.00584	0.00747	0.00706	0.00847	0.00534	0.00530	0.01055	0.01589	0.02222	0.69299	0.04391	0.12171	0.01196	0.00675	0.00181	0.00272	0.01051	0.00620	0.00534
4	0.01978	0.01510	0.01720	0.09384	0.01975	0.01719	0.01154	0.60298	0.02366	0.03183	0.01281	0.01378	0.00931	0.00703	0.00689	0.00181	0.07621	0.00513	0.00510	0.00907
5	0.01295	0.01597	0.09710	0.12728	0.03073	0.01412	0.57902	0.01780	0.01309	0.01780	0.01126	0.01511	0.00841	0.00500	0.00649	0.00192	0.00926	0.00630	0.00280	0.00759
6	0.00704	0.00501	0.00662	0.00788	0.00819	0.00469	0.00521	0.00798	0.01081	0.01442	0.03083	0.75599	0.03695	0.05838	0.00843	0.00249	0.00343	0.01585	0.00521	0.00458
7	0.00706	0.00504	0.00674	0.00807	0.00844	0.00473	0.00547	0.00812	0.01104	0.01470	0.03147	0.76529	0.03763	0.01783	0.00733	0.00234	0.00340	0.04531	0.00531	0.00467
8	0.08452	0.00931	0.01528	0.13148	0.01860	0.00998	0.16730	0.01271	0.01129	0.01649	0.01922	0.34284	0.02060	0.01105	0.00760	0.00212	0.07946	0.00997	0.02432	0.00588
9	0.01479	0.00944	0.01015	0.00864	0.01108	0.01009	0.00679	0.29623	0.01734	0.02582	0.01634	0.04049	0.01299	0.00826	0.00642	0.07643	0.00430	0.00555	0.41211	0.00676
10	0.00697	0.00498	0.00664	0.00796	0.00830	0.00465	0.00531	0.00796	0.01095	0.01460	0.03153	0.79525	0.03783	0.01792	0.00730	0.00232	0.00332	0.01626	0.00531	0.00465
11	0.01203	0.01094	0.01759	0.66158	0.08971	0.01322	0.01555	0.08051	0.01294	0.01684	0.01053	0.01503	0.00792	0.00578	0.00571	0.00187	0.00745	0.00509	0.00285	0.00685
12	0.01424	0.09480	0.46298	0.01411	0.02044	0.14263	0.01613	0.01896	0.01298	0.06065	0.01128	0.01278	0.00834	0.00567	0.00512	0.00166	0.00783	0.00422	0.07734	0.00784
13	0.40941	0.02068	0.40360	0.01208	0.01817	0.01307	0.01395	0.01749	0.01095	0.02174	0.00916	0.01074	0.00674	0.00537	0.00452	0.00179	0.00652	0.00368	0.00296	0.00737
14	0.01786	0.01768	0.01432	0.01268	0.01582	0.30275	0.00980	0.10414	0.28530	0.06210	0.01599	0.01632	0.01231	0.01008	0.07491	0.00238	0.00791	0.00520	0.00454	0.00789
15	0.01365	0.13262	0.07433	0.02155	0.02736	0.01561	0.59381	0.01813	0.01314	0.01759	0.01096	0.01432	0.00840	0.00487	0.00622	0.00182	0.00906	0.00606	0.00280	0.00770

[dist]
# distance from previous block
# <min> <max>
0	1

[block]
# block no. 4 follows, 41 sequences, length 13
# corresponding to MSA columns:
# 385-397
name=unknown_E
#
# <colnr> <probs for GDERKNQSTAVLIFYWHMCP>
#	G	D	E	R	K	N	Q	S	T	A	V	L	I	F	Y	W	H	M	C	P
0	0.05189	0.00781	0.01034	0.08662	0.04430	0.00778	0.00756	0.04612	0.01549	0.12810	0.43187	0.03121	0.03501	0.00932	0.00608	0.00177	0.00391	0.00804	0.06032	0.00648
1	0.07167	0.02381	0.57644	0.01416	0.02079	0.01170	0.01719	0.01620	0.01170	0.01804	0.01391	0.15237	0.01266	0.00767	0.00563	0.00190	0.00724	0.00630	0.00302	0.00760
2	0.01277	0.01124	0.01933	0.51419	0.19748	0.01272	0.06385	0.01644	0.01227	0.06857	0.01126	0.01532	0.00847	0.00562	0.00578	0.00185	0.00738	0.00524	0.00295	0.00728
3	0.00737	0.00527	0.00710	0.00843	0.00893	0.00499	0.00601	0.00866	0.01135	0.01505	0.03130	0.66415	0.03695	0.01754	0.00741	0.00238	0.00367	0.14337	0.00530	0.00476
4	0.03112	0.02066	0.39685	0.01702	0.03973	0.01219	0.21482	0.01681	0.01317	0.01923	0.14513	0.01847	0.01604	0.00638	0.00599	0.00184	0.00761	0.00601	0.00328	0.00766
5	0.08672	0.01087	0.06710	0.01320	0.12502	0.02268	0.00921	0.06306	0.10873	0.01968	0.06535	0.23388	0.13015	0.01083	0.00613	0.00195	0.00470	0.00934	0.00467	0.00674
6	0.01579	0.05241	0.29120	0.01202	0.01711	0.01036	0.01257	0.01999	0.04426	0.27651	0.03332	0.15598	0.01646	0.00844	0.00584	0.00187	0.00591	0.00707	0.00476	0.00813
7	0.00729	0.00514	0.00664	0.00760	0.00794	0.00486	0.00498	0.00823	0.01085	0.01456	0.08023	0.60650	0.03591	0.15761	0.01118	0.00286	0.00367	0.01442	0.00505	0.00449
8	0.01276	0.01286	0.02457	0.04631	0.24997	0.01251	0.34044	0.04305	0.01333	0.01832	0.01494	0.15487	0.01403	0.00736	0.00645	0.00192	0.00746	0.00784	0.00340	0.00761
9	0.01455	0.06043	0.36002	0.01235	0.01778	0.01060	0.01357	0.01858	0.01297	0.21343	0.01756	0.15478	0.01489	0.00813	0.00569	0.00184	0.00620	0.00677	0.04196	0.00790
10	0.01800	0.00902	0.01151	0.00978	0.01257	0.00888	0.00773	0.10764	0.01531	0.35831	0.02229	0.21211	0.01914	0.00991	0.00681	0.00190	0.05675	0.00821	0.09640	0.00775
11	0.01367	0.01368	0.07279	0.08610	0.32715	0.06385	0.02944	0.01797	0.09343	0.05322	0.01380	0.01908	0.01195	0.14803	0.00987	0.00243	0.00672	0.00573	0.00343	0.00762
12	0.06026	0.09660	0.28009	0.01280	0.05059	0.01242	0.01285	0.09812	0.01443	0.13773	0.02081	0.02078	0.14387	0.00740	0.00548	0.00175	0.00612	0.00584	0.00412	0.00794

[dist]
# distance from previous block
# <min> <max>
0	3

[block]
# block no. 5 follows, 41 sequences, length 10
# corresponding to MSA columns:
# 401-410
name=unknown_F
#
# <colnr> <probs for GDERKNQSTAVLIFYWHMCP>
#	G	D	E	R	K	N	Q	S	T	A	V	L	I	F	Y	W	H	M	C	P
0	0.01103	0.01040	0.01757	0.73354	0.08929	0.01277	0.01600	0.01482	0.01155	0.01489	0.01021	0.01517	0.00772	0.00568	0.00571	0.00189	0.00757	0.00508	0.00256	0.00654
1	0.00930	0.00609	0.00733	0.00723	0.00889	0.00535	0.00533	0.01097	0.01360	0.10053	0.20405	0.24578	0.32616	0.01400	0.00682	0.00200	0.00321	0.01212	0.00575	0.00549
2	0.01928	0.01326	0.01608	0.05010	0.01772	0.01411	0.05145	0.45713	0.02160	0.13785	0.01734	0.12632	0.01430	0.00835	0.00604	0.00185	0.00594	0.00693	0.00557	0.00876
3	0.01365	0.30540	0.17193	0.11136	0.10526	0.04233	0.01365	0.03951	0.01226	0.01609	0.00996	0.01261	0.00830	0.00796	0.05456	0.00209	0.04258	0.00422	0.01877	0.00750
4	0.00797	0.00556	0.00706	0.00784	0.00828	0.00539	0.00540	0.00897	0.01073	0.01430	0.06161	0.36571	0.03186	0.28856	0.01499	0.00349	0.00444	0.13868	0.00473	0.00442
5	0.01178	0.02827	0.70586	0.01792	0.08675	0.01335	0.02085	0.01812	0.01220	0.01823	0.01038	0.01236	0.00747	0.00546	0.00549	0.00182	0.00834	0.00433	0.00248	0.00854
6	0.01414	0.01713	0.16180	0.02562	0.43007	0.07713	0.01613	0.06258	0.01360	0.01873	0.01127	0.01444	0.00927	0.00959	0.09127	0.00255	0.00834	0.00496	0.00300	0.00838
7	0.01381	0.01430	0.07085	0.08675	0.57702	0.01361	0.01674	0.01885	0.09513	0.01900	0.01215	0.01500	0.00984	0.00551	0.00570	0.00176	0.00674	0.00522	0.00314	0.00886
8	0.01885	0.01135	0.01354	0.01287	0.08228	0.05372	0.00924	0.02516	0.23227	0.34545	0.06593	0.06881	0.01822	0.00803	0.00592	0.00185	0.00505	0.00674	0.00595	0.00876
9	0.01730	0.10571	0.11659	0.01422	0.05020	0.13558	0.01225	0.27767	0.04946	0.02346	0.03575	0.01616	0.01146	0.00714	0.00654	0.00177	0.06713	0.03930	0.00414	0.00817

[dist]
# distance from previous block
# <min> <max>
0	3

[block]
# block no. 6 follows, 41 sequences, length 6
# corresponding to MSA columns:
# 414-419
name=unknown_G
#
# <colnr> <probs for GDERKNQSTAVLIFYWHMCP>
#	G	D	E	R	K	N	Q	S	T	A	V	L	I	F	Y	W	H	M	C	P
0	0.01365	0.13756	0.55906	0.01478	0.02218	0.01476	0.01796	0.08258	0.01354	0.05714	0.01087	0.01218	0.00783	0.00557	0.00522	0.00172	0.00775	0.00422	0.00295	0.00847
1	0.01324	0.01237	0.05256	0.01673	0.21609	0.04972	0.01084	0.09671	0.11490	0.04678	0.09243	0.02835	0.18773	0.00883	0.00607	0.00182	0.00532	0.02729	0.00464	0.00759
2	0.07773	0.10107	0.38651	0.01322	0.01924	0.01411	0.01471	0.08857	0.11127	0.05840	0.01292	0.01461	0.00980	0.04621	0.00641	0.00194	0.00685	0.00469	0.00356	0.00818
3	0.01464	0.01144	0.01348	0.01351	0.08058	0.01261	0.00991	0.07309	0.45346	0.07627	0.02275	0.02785	0.01875	0.00887	0.00617	0.00202	0.00500	0.13560	0.00554	0.00847
4	0.01359	0.01519	0.03236	0.02556	0.12689	0.01435	0.64665	0.01822	0.01344	0.01837	0.01146	0.01526	0.00873	0.00486	0.00661	0.00190	0.00927	0.00653	0.00288	0.00789
5	0.01423	0.01229	0.01293	0.01164	0.01487	0.01423	0.00905	0.03039	0.75297	0.02393	0.02328	0.02134	0.01746	0.00776	0.00582	0.00194	0.00453	0.00647	0.00582	0.00905

[dist]
# distance from previous block
# <min> <max>
1	9

[block]
# block no. 7 follows, 41 sequences, length 95
# corresponding to MSA columns:
# 429-523
name=unknown_H
#
# <colnr> <probs for GDERKNQSTAVLIFYWHMCP>
#	G	D	E	R	K	N	Q	S	T	A	V	L	I	F	Y	W	H	M	C	P
0	0.01647	0.14445	0.38773	0.01740	0.03696	0.01656	0.08044	0.05428	0.01486	0.02130	0.01363	0.01704	0.01115	0.00792	0.00749	0.00233	0.05403	0.00548	0.00400	0.08646
1	0.01914	0.10038	0.37940	0.01734	0.05042	0.08287	0.01713	0.16114	0.01773	0.06391	0.01487	0.01743	0.01167	0.00818	0.00686	0.00236	0.00875	0.00555	0.00464	0.01027
2	0.05922	0.01723	0.11299	0.02564	0.32281	0.01442	0.14278	0.02205	0.01567	0.17016	0.01662	0.01982	0.01303	0.00792	0.00726	0.00243	0.00811	0.00645	0.00492	0.01045
3	0.28294	0.07369	0.06173	0.05344	0.13311	0.01607	0.01226	0.16493	0.01698	0.09637	0.01487	0.01745	0.01184	0.00816	0.00637	0.00238	0.00696	0.00547	0.00521	0.00976
4	0.01652	0.02006	0.27291	0.01719	0.09494	0.01379	0.02559	0.05357	0.13676	0.04171	0.02966	0.02966	0.02787	0.00845	0.00691	0.00228	0.00736	0.00619	0.00491	0.18368
5	0.01642	0.06783	0.55621	0.01770	0.04410	0.01538	0.01933	0.02201	0.08326	0.06519	0.01568	0.01826	0.01214	0.00812	0.00694	0.00244	0.00874	0.00568	0.00429	0.01028
6	0.01846	0.01564	0.01730	0.01867	0.17523	0.08529	0.01217	0.07529	0.30508	0.05753	0.02480	0.02763	0.08232	0.01018	0.00741	0.00250	0.00682	0.04162	0.00598	0.01007
7	0.01351	0.00752	0.01035	0.00885	0.01144	0.00671	0.04151	0.01593	0.01537	0.24688	0.33026	0.03788	0.16737	0.01071	0.00651	0.00187	0.00387	0.05062	0.00613	0.00671
8	0.48036	0.01120	0.01065	0.00891	0.01254	0.01225	0.00729	0.14855	0.01451	0.14090	0.09036	0.01517	0.01307	0.00653	0.00461	0.00176	0.00465	0.00464	0.00476	0.00729
9	0.02038	0.06233	0.01723	0.01286	0.01712	0.09329	0.01055	0.55143	0.09205	0.03106	0.01453	0.01452	0.02255	0.00686	0.00557	0.00169	0.00647	0.00512	0.00526	0.00914
10	0.01147	0.02959	0.76934	0.01630	0.02476	0.01328	0.02113	0.01811	0.01208	0.01811	0.01026	0.01208	0.00725	0.00543	0.00543	0.00181	0.00845	0.00423	0.00242	0.00845
11	0.00810	0.00585	0.00765	0.00720	0.00855	0.00540	0.00540	0.01079	0.01619	0.02294	0.76028	0.04273	0.05397	0.01169	0.00675	0.00180	0.00270	0.01034	0.00630	0.00540
12	0.01205	0.09527	0.63589	0.01748	0.09238	0.01412	0.01982	0.01798	0.01212	0.01776	0.01011	0.01202	0.00742	0.00536	0.00530	0.00175	0.00810	0.00421	0.00246	0.00841
13	0.01708	0.01525	0.01300	0.01170	0.01470	0.24279	0.00918	0.05487	0.22053	0.13146	0.03799	0.02578	0.08075	0.00866	0.00595	0.00184	0.00632	0.08955	0.00503	0.00756
14	0.00697	0.00498	0.00664	0.00796	0.00830	0.00465	0.00531	0.00796	0.01095	0.01460	0.03153	0.79525	0.03783	0.01792	0.00730	0.00232	0.00332	0.01626	0.00531	0.00465
15	0.01716	0.02053	0.08882	0.06670	0.30011	0.31940	0.01470	0.07244	0.01513	0.01778	0.01013	0.01246	0.00818	0.00561	0.00545	0.00163	0.00837	0.00445	0.00303	0.00792
16	0.01224	0.08229	0.01530	0.02161	0.04733	0.00971	0.12211	0.05273	0.01308	0.09910	0.03460	0.35672	0.03399	0.01135	0.00655	0.00197	0.01803	0.01031	0.04449	0.00649
17	0.01356	0.01527	0.03284	0.02506	0.09363	0.01439	0.67952	0.01826	0.01346	0.01835	0.01150	0.01532	0.00871	0.00485	0.00666	0.00191	0.00940	0.00661	0.00289	0.00783
18	0.00811	0.00588	0.00772	0.00773	0.00901	0.00549	0.00594	0.01058	0.01509	0.02092	0.54661	0.11650	0.08051	0.01304	0.00698	0.00198	0.00317	0.12347	0.00600	0.00528
19	0.01257	0.01014	0.01235	0.05382	0.07941	0.01114	0.00930	0.06283	0.34105	0.03338	0.02305	0.17740	0.02116	0.01012	0.00621	0.00202	0.00475	0.07991	0.04182	0.00754
20	0.01867	0.01350	0.01556	0.01420	0.08535	0.01473	0.01045	0.30334	0.30503	0.12915	0.01835	0.01749	0.01326	0.00708	0.00576	0.00181	0.00546	0.00574	0.00568	0.00941
21	0.00697	0.00498	0.00664	0.00796	0.00830	0.00465	0.00531	0.00796	0.01095	0.01460	0.03153	0.79525	0.03783	0.01792	0.00730	0.00232	0.00332	0.01626	0.00531	0.00465
22	0.00966	0.00744	0.00717	0.00705	0.00748	0.07257	0.00437	0.01014	0.00939	0.01241	0.01714	0.03281	0.01872	0.61740	0.06341	0.00499	0.00620	0.00752	0.08012	0.00400
23	0.01501	0.01540	0.02174	0.08445	0.60074	0.12804	0.01646	0.01814	0.01339	0.01770	0.01043	0.01366	0.00871	0.00526	0.00559	0.00168	0.00738	0.00488	0.00283	0.00851
24	0.01206	0.14803	0.65603	0.01530	0.02321	0.01472	0.01939	0.01796	0.01201	0.01740	0.00991	0.01163	0.00726	0.00535	0.00516	0.00172	0.00810	0.00405	0.00242	0.00828
25	0.00697	0.00498	0.00664	0.00796	0.00830	0.00465	0.00531	0.00796	0.01095	0.01460	0.03153	0.79525	0.03783	0.01792	0.00730	0.00232	0.00332	0.01626	0.00531	0.00465
26	0.01356	0.01526	0.03277	0.02513	0.09791	0.01438	0.67529	0.01825	0.01346	0.01836	0.01150	0.01531	0.00871	0.00485	0.00665	0.00191	0.00938	0.00660	0.00289	0.00784
27	0.01231	0.07020	0.50315	0.01829	0.02573	0.01419	0.23939	0.01812	0.01248	0.01791	0.01053	0.01293	0.00769	0.00522	0.00573	0.00181	0.00868	0.00492	0.00256	0.00816
28	0.02376	0.01016	0.01322	0.01042	0.01465	0.00938	0.00851	0.02829	0.13898	0.64353	0.02268	0.01978	0.01471	0.00719	0.00576	0.00180	0.00481	0.00587	0.00687	0.00962
29	0.01358	0.01468	0.02233	0.01775	0.01976	0.08251	0.23391	0.01594	0.01085	0.01517	0.00886	0.01321	0.00785	0.00808	0.01394	0.00224	0.48453	0.00542	0.00266	0.00673
30	0.01552	0.08185	0.04778	0.01119	0.01481	0.05722	0.00939	0.13386	0.31550	0.08212	0.05763	0.02348	0.08531	0.00818	0.00576	0.00181	0.00526	0.02986	0.00525	0.00821
31	0.01416	0.01359	0.02322	0.03511	0.76330	0.01359	0.01755	0.01755	0.01302	0.01869	0.01076	0.01416	0.00906	0.00510	0.00566	0.00170	0.00680	0.00510	0.00283	0.00906
32	0.00701	0.00499	0.00663	0.00791	0.00823	0.00467	0.00525	0.00798	0.01087	0.01450	0.03112	0.77240	0.03732	0.04146	0.00796	0.00242	0.00339	0.01602	0.00525	0.00461
33	0.01832	0.25474	0.02118	0.01436	0.09283	0.09787	0.01107	0.33840	0.01887	0.02401	0.01124	0.01246	0.00891	0.00772	0.04217	0.00190	0.00715	0.00440	0.00401	0.00839
34	0.01152	0.02932	0.75708	0.01661	0.03689	0.01329	0.02107	0.01811	0.01209	0.01812	0.01027	0.01211	0.00728	0.00543	0.00544	0.00181	0.00843	0.00424	0.00242	0.00846
35	0.02566	0.00973	0.01327	0.01018	0.01460	0.00841	0.00841	0.02788	0.01637	0.76726	0.02257	0.01947	0.01416	0.00708	0.00575	0.00177	0.00487	0.00575	0.00708	0.00973
36	0.01182	0.05174	0.68198	0.01774	0.08863	0.01360	0.02048	0.01804	0.01214	0.01802	0.01024	0.01217	0.00741	0.00539	0.00540	0.00178	0.00824	0.00427	0.00245	0.00847
37	0.18437	0.00824	0.01040	0.00971	0.01165	0.00848	0.07008	0.07918	0.01270	0.01973	0.06553	0.44565	0.02696	0.01274	0.00628	0.00209	0.00434	0.01129	0.00482	0.00575
38	0.00876	0.00635	0.00862	0.00978	0.01108	0.00622	0.00833	0.01113	0.01300	0.01681	0.04291	0.12676	0.10822	0.01580	0.00772	0.00252	0.00482	0.58073	0.00529	0.00517
39	0.01409	0.01378	0.02430	0.03398	0.68816	0.01368	0.09183	0.01763	0.01307	0.01865	0.01084	0.01429	0.00902	0.00507	0.00577	0.00172	0.00709	0.00527	0.00284	0.00892
40	0.01447	0.01446	0.02205	0.10291	0.63137	0.07977	0.01683	0.01774	0.01315	0.01790	0.01054	0.01392	0.00878	0.00522	0.00562	0.00170	0.00718	0.00497	0.00281	0.00860
41	0.06246	0.01538	0.01684	0.37014	0.10354	0.20109	0.01355	0.08122	0.04940	0.01782	0.01071	0.01374	0.00828	0.00587	0.00545	0.00176	0.00775	0.00470	0.00316	0.00711
42	0.00697	0.00498	0.00664	0.00796	0.00830	0.00465	0.00531	0.00796	0.01095	0.01460	0.03153	0.79525	0.03783	0.01792	0.00730	0.00232	0.00332	0.01626	0.00531	0.00465
43	0.01350	0.01543	0.03375	0.02411	0.02989	0.01446	0.74253	0.01832	0.01350	0.01832	0.01157	0.01543	0.00868	0.00482	0.00675	0.00193	0.00964	0.00675	0.00289	0.00771
44	0.01263	0.26411	0.54498	0.01433	0.02170	0.01612	0.01769	0.01781	0.01194	0.01670	0.00956	0.01120	0.00727	0.00527	0.00490	0.00163	0.00774	0.00387	0.00242	0.00812
45	0.01348	0.01320	0.02104	0.26177	0.50805	0.04970	0.01674	0.01691	0.01269	0.01723	0.01049	0.01431	0.00854	0.00532	0.00566	0.00175	0.00721	0.00503	0.00275	0.00812
46	0.01066	0.00533	0.00533	0.00533	0.00666	0.00533	0.00400	0.01333	0.01200	0.02132	0.01866	0.02132	0.01466	0.00666	0.00400	0.00133	0.00267	0.00533	0.83073	0.00533
47	0.01241	0.01331	0.02685	0.18392	0.09799	0.01318	0.45803	0.01659	0.01298	0.01733	0.01523	0.01872	0.07387	0.00588	0.00643	0.00190	0.00837	0.00671	0.00302	0.00730
48	0.01796	0.08714	0.17327	0.01125	0.01593	0.01094	0.01087	0.03472	0.08165	0.35065	0.06218	0.08580	0.01666	0.00780	0.00569	0.00179	0.00547	0.00642	0.00533	0.00849
49	0.00721	0.00516	0.00685	0.00780	0.00835	0.00480	0.00533	0.00856	0.01206	0.01636	0.18508	0.63668	0.04123	0.01661	0.00718	0.00221	0.00319	0.01501	0.00552	0.00480
50	0.01192	0.12028	0.68257	0.01554	0.02357	0.01438	0.01980	0.01800	0.01202	0.01757	0.00999	0.01174	0.00726	0.00537	0.00523	0.00174	0.00818	0.00409	0.00242	0.00832
51	0.01210	0.01218	0.02208	0.41053	0.12925	0.01381	0.19447	0.01581	0.01184	0.01596	0.01028	0.01483	0.00806	0.00591	0.00747	0.00195	0.09826	0.00549	0.00266	0.00703
52	0.01368	0.20803	0.06714	0.09111	0.39771	0.01541	0.05730	0.01697	0.01266	0.01718	0.04327	0.01425	0.01038	0.00540	0.00528	0.00162	0.00678	0.00487	0.00284	0.00813
53	0.01446	0.01632	0.01336	0.01213	0.01421	0.35694	0.05114	0.01635	0.01474	0.01666	0.20720	0.16011	0.02497	0.00969	0.00671	0.00179	0.04511	0.00791	0.00421	0.00600
54	0.09671	0.01394	0.01663	0.01279	0.01718	0.01483	0.07333	0.45011	0.03392	0.15155	0.05058	0.01592	0.01229	0.00683	0.00566	0.00176	0.00598	0.00547	0.00552	0.00901
55	0.02035	0.01255	0.07902	0.01124	0.01568	0.01102	0.00978	0.06156	0.23989	0.41890	0.02091	0.01889	0.01418	0.00705	0.00570	0.00179	0.00512	0.00574	0.00611	0.03452
56	0.01402	0.01226	0.01152	0.01073	0.01314	0.13207	0.00808	0.08319	0.26283	0.06159	0.02463	0.25563	0.06458	0.01082	0.00621	0.00195	0.00516	0.00917	0.00524	0.00718
57	0.01516	0.01134	0.01645	0.01656	0.19920	0.01011	0.05228	0.01792	0.01295	0.16016	0.01261	0.01410	0.00966	0.00530	0.00571	0.00137	0.04272	0.00453	0.00388	0.38799
58	0.06761	0.01268	0.01415	0.01132	0.01525	0.01351	0.00920	0.36305	0.12179	0.19706	0.08196	0.03508	0.01603	0.00760	0.00574	0.00178	0.00525	0.00604	0.00596	0.00895
59	0.01282	0.17424	0.40362	0.01742	0.02437	0.01544	0.23786	0.01799	0.01242	0.01728	0.01022	0.01253	0.00770	0.00514	0.00549	0.00173	0.00836	0.00477	0.00257	0.00801
60	0.00753	0.00572	0.00838	0.00896	0.00971	0.00536	0.04832	0.00891	0.01145	0.01533	0.06881	0.66500	0.03653	0.02715	0.00756	0.00233	0.00378	0.04910	0.00519	0.00488
61	0.13222	0.08053	0.14953	0.01239	0.01629	0.32430	0.01115	0.04238	0.01428	0.01807	0.09238	0.05586	0.01397	0.00696	0.00517	0.00165	0.00749	0.00510	0.00348	0.00681
62	0.01183	0.10126	0.70077	0.01570	0.02382	0.01415	0.02008	0.01802	0.01203	0.01768	0.01005	0.01181	0.00725	0.00538	0.00527	0.00176	0.00824	0.00412	0.00242	0.00835
63	0.01398	0.01342	0.02233	0.04657	0.70260	0.02585	0.01702	0.01732	0.01306	0.01846	0.01165	0.01652	0.01015	0.00563	0.00576	0.00174	0.00679	0.03941	0.00294	0.00879
64	0.01350	0.01543	0.03375	0.02411	0.02989	0.01446	0.74253	0.01832	0.01350	0.01832	0.01157	0.01543	0.00868	0.00482	0.00675	0.00193	0.00964	0.00675	0.00289	0.00771
65	0.01588	0.02159	0.36492	0.01779	0.09127	0.07875	0.12558	0.02056	0.01364	0.17570	0.01298	0.01418	0.00910	0.00570	0.00570	0.00178	0.00788	0.00496	0.00355	0.00851
66	0.00731	0.00524	0.00694	0.00773	0.00837	0.00487	0.00534	0.00882	0.01254	0.01713	0.25267	0.56689	0.04273	0.01603	0.00713	0.00216	0.00313	0.01447	0.00561	0.00487
67	0.01008	0.00953	0.01747	0.08071	0.01866	0.00914	0.26510	0.01345	0.01434	0.01965	0.34680	0.07524	0.07640	0.00929	0.00669	0.00189	0.00561	0.00907	0.00466	0.00622
68	0.01270	0.00766	0.01060	0.00971	0.01171	0.00828	0.00768	0.05023	0.05004	0.16833	0.01713	0.02138	0.01421	0.03205	0.54248	0.00695	0.01220	0.00602	0.00415	0.00648
69	0.01557	0.02131	0.24374	0.01446	0.03829	0.20410	0.01351	0.05527	0.24494	0.03561	0.01519	0.01560	0.02438	0.00664	0.00586	0.00178	0.02660	0.00505	0.00392	0.00817
70	0.01860	0.02320	0.01424	0.01304	0.01580	0.62998	0.00978	0.02007	0.01561	0.01427	0.01814	0.01879	0.15007	0.00752	0.00546	0.00156	0.00891	0.00527	0.00339	0.00629
71	0.01419	0.16689	0.10637	0.08352	0.44723	0.01543	0.01601	0.05233	0.01320	0.01815	0.01026	0.01303	0.00845	0.00523	0.00526	0.00164	0.00689	0.00461	0.00283	0.00849
72	0.01324	0.01236	0.02115	0.15684	0.53024	0.01273	0.05767	0.01672	0.01269	0.01823	0.01144	0.01508	0.00932	0.00533	0.00558	0.00171	0.00671	0.00521	0.07957	0.00819
73	0.00697	0.00498	0.00664	0.00796	0.00830	0.00465	0.00531	0.00796	0.01095	0.01460	0.03153	0.79525	0.03783	0.01792	0.00730	0.00232	0.00332	0.01626	0.00531	0.00465
74	0.01226	0.02354	0.49477	0.06613	0.24261	0.01336	0.03176	0.01775	0.01234	0.01808	0.01043	0.01293	0.00782	0.00534	0.00554	0.00179	0.00794	0.00457	0.00255	0.00850
75	0.00707	0.00506	0.00673	0.00789	0.00832	0.00472	0.00532	0.00823	0.01144	0.01537	0.09911	0.72546	0.03933	0.01734	0.00725	0.00227	0.00326	0.01571	0.00540	0.00472
76	0.01335	0.01513	0.03280	0.06784	0.03044	0.01436	0.70078	0.01811	0.01338	0.01811	0.01149	0.01542	0.00862	0.00487	0.00669	0.00193	0.00953	0.00665	0.00287	0.00764
77	0.00808	0.00582	0.00769	0.00759	0.00883	0.00543	0.00574	0.01059	0.01536	0.02152	0.61601	0.12381	0.05032	0.01273	0.00691	0.00193	0.00300	0.07723	0.00610	0.00531
78	0.05666	0.14700	0.57641	0.01475	0.02212	0.05421	0.01808	0.01814	0.01210	0.01759	0.00971	0.01139	0.00721	0.00537	0.00505	0.00170	0.00798	0.00396	0.00251	0.00807
79	0.02174	0.01602	0.01717	0.01316	0.01774	0.01774	0.01087	0.74423	0.02689	0.03605	0.01373	0.01373	0.00973	0.00687	0.00572	0.00172	0.00629	0.00515	0.00572	0.00973
80	0.00905	0.00657	0.00892	0.01003	0.01128	0.00659	0.00842	0.01207	0.04825	0.01730	0.06252	0.17748	0.03389	0.01557	0.00765	0.00251	0.00481	0.54638	0.00535	0.00535
81	0.01191	0.01380	0.08854	0.25315	0.04201	0.01282	0.33044	0.01682	0.05497	0.01713	0.01367	0.09301	0.01165	0.00663	0.00630	0.00195	0.00795	0.00692	0.00315	0.00716
82	0.02292	0.01414	0.01600	0.01227	0.01680	0.01494	0.01013	0.52960	0.02374	0.25512	0.01638	0.01545	0.01106	0.00693	0.00573	0.00173	0.00587	0.00533	0.00613	0.00973
83	0.01327	0.03669	0.53282	0.01728	0.02474	0.01322	0.17178	0.01905	0.01277	0.08757	0.01165	0.01342	0.00819	0.00545	0.00571	0.00182	0.00834	0.00488	0.00295	0.00840
84	0.10013	0.00722	0.00710	0.00671	0.00899	0.00686	0.00516	0.04848	0.04919	0.01839	0.07959	0.04567	0.57131	0.01263	0.00630	0.00190	0.00331	0.01037	0.00520	0.00546
85	0.01332	0.01307	0.02339	0.11134	0.53103	0.01317	0.13194	0.01687	0.01282	0.01799	0.01190	0.05494	0.01034	0.00578	0.00593	0.00179	0.00716	0.00594	0.00294	0.00833
86	0.00846	0.00605	0.00835	0.00967	0.01066	0.00593	0.00791	0.01055	0.01242	0.01627	0.03070	0.30958	0.03457	0.01651	0.00770	0.00253	0.00461	0.48718	0.00528	0.00506
87	0.01147	0.02959	0.76934	0.01630	0.02476	0.01328	0.02113	0.01811	0.01208	0.01811	0.01026	0.01208	0.00725	0.00543	0.00543	0.00181	0.00845	0.00423	0.00242	0.00845
88	0.01327	0.01497	0.03231	0.09025	0.03072	0.01431	0.67938	0.01800	0.01332	0.01800	0.01145	0.01541	0.00859	0.00490	0.00666	0.00193	0.00947	0.00661	0.00286	0.00760
89	0.01981	0.01189	0.01538	0.13635	0.12797	0.07681	0.01123	0.02323	0.05859	0.39415	0.01811	0.01949	0.01289	0.00693	0.00579	0.00181	0.00606	0.03972	0.00522	0.00858
90	0.01429	0.01384	0.02309	0.03473	0.74949	0.02771	0.01743	0.01765	0.01308	0.01860	0.01072	0.01409	0.00903	0.00511	0.00565	0.00169	0.00686	0.00507	0.00283	0.00902
91	0.01486	0.01155	0.01247	0.01108	0.01433	0.01295	0.00866	0.02855	0.62390	0.09884	0.03703	0.02343	0.06043	0.00814	0.00588	0.00192	0.00444	0.00678	0.00593	0.00882
92	0.10150	0.07803	0.41643	0.01519	0.02188	0.01384	0.11578	0.06110	0.01328	0.09421	0.01146	0.01287	0.00817	0.00555	0.00534	0.00177	0.00754	0.00458	0.00326	0.00824
93	0.01463	0.38626	0.33371	0.02696	0.01935	0.03009	0.01449	0.01852	0.01230	0.08092	0.01023	0.01140	0.00790	0.00534	0.00464	0.00153	0.00707	0.00382	0.00285	0.00798
94	0.02391	0.07047	0.71873	0.01583	0.02402	0.01378	0.02031	0.01804	0.01202	0.01798	0.01011	0.01188	0.00724	0.00540	0.00531	0.00178	0.00827	0.00415	0.00243	0.00836

[dist]
# distance from previous block
# <min> <max>
2	6

[block]
# block no. 8 follows, 41 sequences, length 9
# corresponding to MSA columns:
# 532-540
name=unknown_I
#
# <colnr> <probs for GDERKNQSTAVLIFYWHMCP>
#	G	D	E	R	K	N	Q	S	T	A	V	L	I	F	Y	W	H	M	C	P
0	0.01669	0.01659	0.02087	0.13052	0.36234	0.16511	0.05172	0.12726	0.01583	0.02021	0.01127	0.01421	0.00907	0.00592	0.00584	0.00179	0.00783	0.00506	0.00342	0.00847
1	0.00817	0.00610	0.00810	0.00880	0.00925	0.00626	0.00613	0.00916	0.01087	0.01486	0.05163	0.55747	0.03229	0.07841	0.10526	0.00349	0.06034	0.01349	0.00488	0.00502
2	0.17130	0.06816	0.01407	0.01043	0.01449	0.09643	0.00857	0.06137	0.06570	0.40757	0.01696	0.01571	0.01148	0.00651	0.00514	0.00171	0.00553	0.00487	0.00550	0.00853
3	0.01238	0.01141	0.01642	0.01475	0.07065	0.03936	0.16797	0.07333	0.18122	0.02030	0.08352	0.14115	0.09426	0.00962	0.00645	0.00196	0.00569	0.03761	0.00474	0.00720
4	0.00714	0.00511	0.00679	0.00785	0.00833	0.00476	0.00532	0.00839	0.01174	0.01585	0.14056	0.68266	0.04025	0.01699	0.00722	0.00224	0.00323	0.01538	0.00546	0.00476
5	0.01373	0.01479	0.03009	0.02793	0.28462	0.01416	0.49073	0.01806	0.01334	0.01845	0.01129	0.01499	0.00881	0.00492	0.00637	0.00185	0.00865	0.00618	0.00287	0.00818
6	0.01182	0.20689	0.01396	0.00877	0.01101	0.01077	0.00709	0.04586	0.04031	0.06778	0.13429	0.19249	0.02610	0.12876	0.00938	0.00239	0.00470	0.06697	0.00462	0.00605
7	0.01707	0.00985	0.01154	0.00986	0.01296	0.01007	0.00763	0.02453	0.31253	0.29903	0.02475	0.02550	0.07089	0.12637	0.00935	0.00242	0.00469	0.00689	0.00590	0.00816
8	0.01090	0.01014	0.01442	0.01285	0.01323	0.01366	0.01052	0.01244	0.00892	0.01358	0.01042	0.01622	0.01004	0.02225	0.30072	0.00499	0.50074	0.00542	0.00271	0.00583

[dist]
# distance from previous block
# <min> <max>
21	191

# created by:
# /software/SequenceAnalysis/GenePrediction/augustus/3.0.1/scripts/msa2prfl.pl ./fixed/BUSCOvEOG71C88X.fas
