[name]
unknown

[dist]
# distance from previous block
# <min> <max>
16	76

[block]
# block no. 0 follows, 40 sequences, length 35
# corresponding to MSA columns:
# 82-116
name=unknown_A
#
# <colnr> <probs for GDERKNQSTAVLIFYWHMCP>
#	G	D	E	R	K	N	Q	S	T	A	V	L	I	F	Y	W	H	M	C	P
0	0.00708	0.00515	0.00669	0.00789	0.00840	0.00477	0.00532	0.00814	0.01133	0.01492	0.03457	0.71115	0.10987	0.01811	0.01465	0.00239	0.00345	0.01601	0.00538	0.00475
1	0.02634	0.01064	0.01409	0.01090	0.01542	0.00938	0.00892	0.06551	0.01752	0.71914	0.02295	0.02024	0.01467	0.00757	0.00610	0.00191	0.00523	0.00600	0.00729	0.01017
2	0.02260	0.01664	0.01780	0.01374	0.01841	0.01829	0.01127	0.73346	0.02756	0.03701	0.01452	0.01477	0.01044	0.00737	0.00607	0.00185	0.00659	0.00542	0.00600	0.01016
3	0.01406	0.01533	0.03048	0.02251	0.02697	0.01575	0.55456	0.01787	0.01290	0.01803	0.01134	0.01576	0.00910	0.00659	0.01008	0.00221	0.19905	0.00660	0.00305	0.00778
4	0.01635	0.09875	0.39560	0.05460	0.02257	0.01360	0.05294	0.02145	0.04431	0.20027	0.01446	0.01538	0.01019	0.00636	0.00578	0.00190	0.00749	0.00502	0.00400	0.00896
5	0.00915	0.00683	0.00851	0.00777	0.00961	0.00604	0.00582	0.01160	0.01613	0.02284	0.62682	0.04171	0.09931	0.01167	0.00685	0.00185	0.00314	0.01007	0.00621	0.08808
6	0.00772	0.00552	0.00720	0.00851	0.00891	0.00510	0.00567	0.00857	0.01151	0.01541	0.03244	0.78524	0.03874	0.01850	0.00766	0.00247	0.00359	0.01661	0.00558	0.00505
7	0.01388	0.14995	0.20983	0.08384	0.05738	0.01598	0.32612	0.01827	0.01309	0.01786	0.01115	0.01444	0.00870	0.00569	0.00644	0.00192	0.02885	0.00552	0.00291	0.00816
8	0.01478	0.09268	0.04713	0.09616	0.47666	0.03221	0.01576	0.04802	0.03911	0.01924	0.01418	0.01702	0.04845	0.00631	0.00586	0.00183	0.00693	0.00552	0.00337	0.00880
9	0.02655	0.01031	0.01388	0.01074	0.01526	0.00889	0.00879	0.02862	0.01697	0.75682	0.02342	0.02055	0.01491	0.00758	0.00610	0.00191	0.00515	0.00603	0.00736	0.01017
10	0.01433	0.01597	0.03407	0.02522	0.06008	0.01495	0.70245	0.01896	0.01406	0.01917	0.01231	0.01643	0.00940	0.00532	0.00706	0.00206	0.00984	0.00697	0.00315	0.00819
11	0.06073	0.01513	0.05448	0.14723	0.15272	0.01442	0.42790	0.01816	0.01339	0.01903	0.01172	0.01576	0.00908	0.00555	0.00652	0.00201	0.00880	0.00618	0.00310	0.00808
12	0.04710	0.01513	0.01756	0.13762	0.05987	0.07093	0.04198	0.37245	0.02068	0.10169	0.01424	0.01560	0.01038	0.00689	0.00592	0.00187	0.00691	0.00537	0.03885	0.00896
13	0.82945	0.01165	0.00898	0.00807	0.01169	0.01335	0.00656	0.01748	0.01029	0.02655	0.00872	0.01030	0.00689	0.00580	0.00387	0.00191	0.00471	0.00336	0.00380	0.00661
14	0.01158	0.01075	0.01779	0.77470	0.04022	0.01322	0.01632	0.01526	0.01200	0.01542	0.01093	0.01630	0.00833	0.00621	0.00606	0.00205	0.00793	0.00536	0.00279	0.00677
15	0.01947	0.01359	0.01516	0.01249	0.01619	0.01452	0.01010	0.50156	0.02303	0.08686	0.01949	0.13255	0.01725	0.00991	0.00652	0.00204	0.00594	0.07838	0.00599	0.00897
16	0.01449	0.01372	0.02305	0.13844	0.65375	0.01399	0.01777	0.01781	0.01338	0.01895	0.01145	0.01535	0.00957	0.00567	0.00602	0.00187	0.00721	0.00537	0.00305	0.00911
17	0.01144	0.00588	0.00589	0.00586	0.00726	0.00579	0.00435	0.01397	0.01256	0.02218	0.01948	0.02242	0.01541	0.00716	0.00433	0.00147	0.00293	0.00561	0.82026	0.00574
18	0.01211	0.00907	0.01092	0.04458	0.01346	0.00867	0.00759	0.08901	0.08733	0.05052	0.04389	0.36572	0.02513	0.01200	0.00649	0.00197	0.00448	0.01040	0.00521	0.19144
19	0.01399	0.01338	0.02298	0.23772	0.50574	0.01393	0.06845	0.01747	0.01319	0.01837	0.01142	0.01559	0.00935	0.00574	0.00610	0.00191	0.00753	0.00548	0.00301	0.00865
20	0.01144	0.00588	0.00589	0.00586	0.00726	0.00579	0.00435	0.01397	0.01256	0.02218	0.01948	0.02242	0.01541	0.00716	0.00433	0.00147	0.00293	0.00561	0.82026	0.00574
21	0.64596	0.01288	0.01094	0.05323	0.01435	0.05326	0.00800	0.07079	0.01197	0.02557	0.00930	0.01117	0.00735	0.00617	0.00489	0.00193	0.03777	0.00374	0.00383	0.00691
22	0.51748	0.01224	0.01118	0.04103	0.01406	0.01378	0.00789	0.19069	0.01478	0.02818	0.01130	0.01285	0.00867	0.00633	0.00454	0.00186	0.00512	0.00417	0.08647	0.00739
23	0.02260	0.01664	0.01780	0.01374	0.01841	0.01829	0.01127	0.73346	0.02756	0.03701	0.01452	0.01477	0.01044	0.00737	0.00607	0.00185	0.00659	0.00542	0.00600	0.01016
24	0.01158	0.01075	0.01779	0.77470	0.04022	0.01322	0.01632	0.01526	0.01200	0.01542	0.01093	0.01630	0.00833	0.00621	0.00606	0.00205	0.00793	0.00536	0.00279	0.00677
25	0.00999	0.00714	0.00980	0.01110	0.01249	0.00705	0.00961	0.01248	0.01374	0.01794	0.03119	0.06591	0.03380	0.01636	0.00826	0.00278	0.00555	0.71359	0.00554	0.00567
26	0.00900	0.00606	0.00682	0.00687	0.00695	0.00596	0.00392	0.00890	0.00901	0.01208	0.01962	0.08153	0.02257	0.74427	0.02836	0.00552	0.00571	0.00907	0.00383	0.00393
27	0.00897	0.00654	0.00904	0.00902	0.00985	0.00723	0.00661	0.01036	0.00952	0.01354	0.01679	0.02728	0.01666	0.22709	0.58430	0.00848	0.01325	0.00695	0.00342	0.00510
28	0.01145	0.00602	0.00624	0.02854	0.00824	0.00601	0.00470	0.01401	0.01255	0.02198	0.01923	0.02224	0.01520	0.00713	0.00438	0.00149	0.00308	0.00560	0.79615	0.00577
29	0.00893	0.00668	0.00977	0.00975	0.01084	0.00762	0.00752	0.01083	0.00974	0.01408	0.01612	0.02357	0.01505	0.04365	0.76553	0.00938	0.01568	0.00641	0.00332	0.00551
30	0.01579	0.01326	0.01397	0.01237	0.01582	0.01511	0.00963	0.10184	0.67027	0.02603	0.02317	0.02166	0.01745	0.00817	0.00616	0.00206	0.00499	0.00662	0.00609	0.00955
31	0.01144	0.00588	0.00589	0.00586	0.00726	0.00579	0.00435	0.01397	0.01256	0.02218	0.01948	0.02242	0.01541	0.00716	0.00433	0.00147	0.00293	0.00561	0.82026	0.00574
32	0.09201	0.00696	0.00859	0.00847	0.00974	0.00765	0.00636	0.01185	0.01022	0.01658	0.01636	0.02393	0.01512	0.12735	0.45218	0.00667	0.01092	0.00623	0.15736	0.00546
33	0.01264	0.00828	0.01018	0.00892	0.01112	0.00797	0.00687	0.11829	0.01838	0.09951	0.56960	0.03736	0.04447	0.01105	0.00685	0.00192	0.00371	0.00943	0.00657	0.00688
34	0.01107	0.00907	0.01077	0.00886	0.01250	0.00714	0.00668	0.01297	0.01213	0.01817	0.01783	0.26054	0.01866	0.00914	0.00556	0.00146	0.00422	0.00781	0.00427	0.56116

[dist]
# distance from previous block
# <min> <max>
0	2

[block]
# block no. 1 follows, 40 sequences, length 10
# corresponding to MSA columns:
# 119-128
name=unknown_B
#
# <colnr> <probs for GDERKNQSTAVLIFYWHMCP>
#	G	D	E	R	K	N	Q	S	T	A	V	L	I	F	Y	W	H	M	C	P
0	0.29170	0.01898	0.01357	0.01197	0.01541	0.33434	0.00933	0.11261	0.10305	0.02221	0.01107	0.01192	0.00862	0.00615	0.00485	0.00169	0.00728	0.00407	0.00390	0.00729
1	0.00814	0.00586	0.00774	0.00773	0.00893	0.00546	0.00579	0.01059	0.01533	0.02144	0.57739	0.16788	0.05040	0.01327	0.00705	0.00199	0.00306	0.07044	0.00615	0.00535
2	0.01417	0.01275	0.01525	0.01134	0.01610	0.05505	0.07053	0.11434	0.01438	0.02080	0.01073	0.01257	0.00869	0.00513	0.00555	0.00120	0.04594	0.00408	0.00365	0.55774
3	0.03241	0.00939	0.01272	0.01085	0.01376	0.00917	0.10306	0.05039	0.14293	0.04048	0.07776	0.14750	0.19224	0.01094	0.00647	0.00194	0.00471	0.05105	0.00509	0.07712
4	0.10498	0.05947	0.33886	0.04620	0.02413	0.07369	0.20584	0.01899	0.04030	0.01886	0.01079	0.01305	0.00805	0.00546	0.00558	0.00182	0.00831	0.00486	0.00289	0.00788
5	0.01588	0.18413	0.29371	0.04536	0.02685	0.01722	0.27837	0.01984	0.01434	0.01979	0.01312	0.01674	0.01053	0.00700	0.00679	0.00225	0.00927	0.00590	0.00360	0.00931
6	0.00745	0.00598	0.00670	0.00672	0.00847	0.00523	0.00517	0.00936	0.01406	0.01776	0.22829	0.05382	0.51213	0.01416	0.00698	0.00200	0.00313	0.08183	0.00564	0.00510
7	0.01206	0.01034	0.01206	0.00861	0.01378	0.00775	0.00689	0.01464	0.01206	0.01895	0.01034	0.01206	0.00861	0.00431	0.00431	0.00086	0.00431	0.00345	0.00345	0.83118
8	0.01041	0.00835	0.01122	0.09677	0.07231	0.00891	0.00852	0.05252	0.10261	0.02001	0.23735	0.23318	0.03170	0.02816	0.00746	0.00208	0.02941	0.01004	0.02265	0.00635
9	0.00816	0.00697	0.04006	0.00748	0.00926	0.00574	0.00600	0.01086	0.01576	0.02186	0.61000	0.04415	0.16781	0.01208	0.00680	0.00185	0.00303	0.01054	0.00607	0.00553

[dist]
# distance from previous block
# <min> <max>
0	4

[block]
# block no. 2 follows, 40 sequences, length 40
# corresponding to MSA columns:
# 133-172
name=unknown_C
#
# <colnr> <probs for GDERKNQSTAVLIFYWHMCP>
#	G	D	E	R	K	N	Q	S	T	A	V	L	I	F	Y	W	H	M	C	P
0	0.01439	0.01382	0.02360	0.03569	0.75936	0.01382	0.01785	0.01785	0.01324	0.01900	0.01094	0.01439	0.00921	0.00518	0.00576	0.00173	0.00691	0.00518	0.00288	0.00921
1	0.00693	0.00589	0.00597	0.00595	0.00789	0.00493	0.00446	0.00845	0.01339	0.01602	0.08742	0.05545	0.72830	0.01461	0.00687	0.00196	0.00294	0.01220	0.00544	0.00493
2	0.01555	0.79913	0.03047	0.00995	0.01493	0.02301	0.00995	0.01741	0.01182	0.01368	0.00808	0.00933	0.00746	0.00498	0.00373	0.00124	0.00622	0.00311	0.00249	0.00746
3	0.00687	0.00589	0.00589	0.00589	0.00785	0.00491	0.00442	0.00835	0.01325	0.01571	0.05891	0.05596	0.75700	0.01473	0.00687	0.00196	0.00295	0.01227	0.00540	0.00491
4	0.00687	0.00589	0.00589	0.00589	0.00785	0.00491	0.00442	0.00835	0.01325	0.01571	0.05891	0.05596	0.75700	0.01473	0.00687	0.00196	0.00295	0.01227	0.00540	0.00491
5	0.01439	0.01382	0.02360	0.03569	0.75936	0.01382	0.01785	0.01785	0.01324	0.01900	0.01094	0.01439	0.00921	0.00518	0.00576	0.00173	0.00691	0.00518	0.00288	0.00921
6	0.01272	0.01272	0.01781	0.01527	0.01527	0.01781	0.01272	0.01399	0.00891	0.01399	0.00763	0.01272	0.00763	0.01018	0.01908	0.00254	0.78499	0.00509	0.00254	0.00636
7	0.01206	0.01034	0.01206	0.00861	0.01378	0.00775	0.00689	0.01464	0.01206	0.01895	0.01034	0.01206	0.00861	0.00431	0.00431	0.00086	0.00431	0.00345	0.00345	0.83118
8	0.02060	0.02580	0.01682	0.01560	0.03876	0.67420	0.01157	0.02213	0.01562	0.01434	0.00891	0.01082	0.00755	0.00639	0.00666	0.00161	0.08896	0.00392	0.00295	0.00677
9	0.01166	0.03008	0.76550	0.01657	0.02517	0.01351	0.02149	0.01842	0.01228	0.01842	0.01044	0.01228	0.00737	0.00552	0.00552	0.00184	0.00859	0.00430	0.00246	0.00859
10	0.01478	0.01282	0.01433	0.01250	0.01597	0.01464	0.04323	0.06301	0.68137	0.02463	0.02267	0.02106	0.01697	0.00771	0.00596	0.00196	0.00493	0.00653	0.00577	0.00917
11	0.01526	0.76224	0.02949	0.00999	0.01479	0.02225	0.00992	0.01716	0.01189	0.01385	0.00914	0.01195	0.00867	0.00549	0.00393	0.00131	0.00618	0.03649	0.00262	0.00736
12	0.77544	0.01208	0.04393	0.00814	0.01200	0.01294	0.00707	0.01747	0.01020	0.04653	0.00862	0.00987	0.00658	0.00545	0.00375	0.00180	0.00470	0.00328	0.00365	0.00651
13	0.01439	0.01382	0.02360	0.03569	0.75936	0.01382	0.01785	0.01785	0.01324	0.01900	0.01094	0.01439	0.00921	0.00518	0.00576	0.00173	0.00691	0.00518	0.00288	0.00921
14	0.02211	0.01629	0.01745	0.01338	0.01803	0.01803	0.01105	0.73997	0.02734	0.03665	0.01396	0.01396	0.00989	0.00698	0.00582	0.00175	0.00640	0.00524	0.00582	0.00989
15	0.01446	0.01249	0.01315	0.01183	0.01512	0.01446	0.00920	0.03090	0.74885	0.02433	0.02367	0.02170	0.01775	0.00789	0.00592	0.00197	0.00460	0.00657	0.00592	0.00920
16	0.02609	0.00990	0.01350	0.01035	0.01484	0.00855	0.00855	0.02834	0.01664	0.76338	0.02294	0.01979	0.01439	0.00720	0.00585	0.00180	0.00495	0.00585	0.00720	0.00990
17	0.00819	0.00606	0.00704	0.00672	0.00849	0.00531	0.00507	0.01028	0.01488	0.04560	0.38488	0.04881	0.40139	0.01313	0.00683	0.00189	0.00292	0.01122	0.00593	0.00536
18	0.01278	0.01289	0.01873	0.01578	0.01611	0.01764	0.05310	0.01425	0.00917	0.01425	0.00786	0.01289	0.00770	0.00988	0.01840	0.00251	0.74184	0.00519	0.00257	0.00644
19	0.02609	0.00990	0.01350	0.01035	0.01484	0.00855	0.00855	0.02834	0.01664	0.76338	0.02294	0.01979	0.01439	0.00720	0.00585	0.00180	0.00495	0.00585	0.00720	0.00990
20	0.01439	0.01382	0.02360	0.03569	0.75936	0.01382	0.01785	0.01785	0.01324	0.01900	0.01094	0.01439	0.00921	0.00518	0.00576	0.00173	0.00691	0.00518	0.00288	0.00921
21	0.00706	0.00517	0.00664	0.00781	0.00836	0.00475	0.00527	0.00813	0.01140	0.01496	0.03549	0.69771	0.13037	0.01777	0.00735	0.00231	0.00332	0.01599	0.00540	0.00475
22	0.00709	0.00506	0.00675	0.00810	0.00843	0.00472	0.00540	0.00810	0.01113	0.01484	0.03205	0.79184	0.03846	0.01822	0.00742	0.00236	0.00337	0.01653	0.00540	0.00472
23	0.02609	0.00990	0.01350	0.01035	0.01484	0.00855	0.00855	0.02834	0.01664	0.76338	0.02294	0.01979	0.01439	0.00720	0.00585	0.00180	0.00495	0.00585	0.00720	0.00990
24	0.01210	0.01047	0.01239	0.00900	0.01387	0.00833	0.00723	0.01461	0.01188	0.01866	0.01018	0.01210	0.00856	0.00465	0.00516	0.00096	0.04937	0.00354	0.00339	0.78357
25	0.04184	0.19437	0.49103	0.01513	0.02230	0.04318	0.05769	0.03919	0.01276	0.01805	0.00997	0.01172	0.00751	0.00543	0.00514	0.00170	0.00801	0.00415	0.00265	0.00820
26	0.01201	0.33479	0.01684	0.00815	0.01043	0.01339	0.00653	0.04521	0.01070	0.01342	0.01388	0.02507	0.01497	0.43251	0.01781	0.00364	0.00591	0.00610	0.00320	0.00544
27	0.00823	0.00594	0.00777	0.00732	0.00869	0.00549	0.00549	0.01097	0.01646	0.02332	0.75629	0.04344	0.05487	0.01189	0.00686	0.00183	0.00274	0.01052	0.00640	0.00549
28	0.01897	0.06605	0.01630	0.01371	0.01685	0.46409	0.01062	0.05366	0.20618	0.01781	0.01346	0.01492	0.01091	0.00683	0.00578	0.00167	0.02807	0.02272	0.00389	0.00750
29	0.00710	0.00590	0.00623	0.00628	0.00811	0.00502	0.00474	0.00873	0.01350	0.01649	0.12570	0.08098	0.63631	0.01462	0.00693	0.00199	0.00303	0.03785	0.00550	0.00498
30	0.00871	0.00682	0.01011	0.00988	0.01083	0.00822	0.00776	0.01071	0.00931	0.01354	0.01486	0.02193	0.01391	0.04060	0.70456	0.00873	0.08504	0.00613	0.00306	0.00530
31	0.01446	0.01255	0.01363	0.01293	0.04943	0.01443	0.00960	0.03030	0.71494	0.02408	0.02308	0.02136	0.01736	0.00776	0.00591	0.00196	0.00471	0.00651	0.00578	0.00920
32	0.00831	0.00623	0.00935	0.00935	0.01038	0.00727	0.00727	0.01038	0.00935	0.01350	0.01558	0.02285	0.01454	0.04361	0.77259	0.00935	0.01558	0.00623	0.00312	0.00519
33	0.01206	0.01034	0.01206	0.00861	0.01378	0.00775	0.00689	0.01464	0.01206	0.01895	0.01034	0.01206	0.00861	0.00431	0.00431	0.00086	0.00431	0.00345	0.00345	0.83118
34	0.01084	0.00542	0.00542	0.00542	0.00678	0.00542	0.00407	0.01355	0.01220	0.02168	0.01897	0.02168	0.01491	0.00678	0.00407	0.00136	0.00271	0.00542	0.82791	0.00542
35	0.00695	0.00589	0.00600	0.00597	0.00790	0.00494	0.00448	0.00850	0.01344	0.01615	0.09916	0.05524	0.71647	0.01456	0.00687	0.00196	0.00293	0.01217	0.00546	0.00494
36	0.01206	0.01034	0.01206	0.00861	0.01378	0.00775	0.00689	0.01464	0.01206	0.01895	0.01034	0.01206	0.00861	0.00431	0.00431	0.00086	0.00431	0.00345	0.00345	0.83118
37	0.01213	0.09710	0.65845	0.01645	0.02457	0.01441	0.06184	0.01834	0.01232	0.01801	0.01031	0.01221	0.00746	0.00544	0.00544	0.00180	0.00845	0.00434	0.00249	0.00845
38	0.00825	0.00613	0.00901	0.00908	0.01002	0.00702	0.00692	0.01013	0.00939	0.01343	0.01667	0.06662	0.01629	0.09063	0.68215	0.00872	0.01426	0.00695	0.00327	0.00506
39	0.01218	0.07089	0.62706	0.01777	0.05889	0.01415	0.08275	0.01835	0.01242	0.01820	0.01044	0.01251	0.00758	0.00542	0.00555	0.00181	0.00849	0.00449	0.00252	0.00849

[dist]
# distance from previous block
# <min> <max>
0	5

[block]
# block no. 3 follows, 40 sequences, length 11
# corresponding to MSA columns:
# 178-188
name=unknown_D
#
# <colnr> <probs for GDERKNQSTAVLIFYWHMCP>
#	G	D	E	R	K	N	Q	S	T	A	V	L	I	F	Y	W	H	M	C	P
0	0.00798	0.00593	0.00743	0.00706	0.00854	0.00538	0.00529	0.01050	0.01588	0.02193	0.62939	0.04572	0.18263	0.01241	0.00686	0.00185	0.00278	0.01084	0.00622	0.00538
1	0.01769	0.00862	0.01119	0.00931	0.01243	0.00800	0.00741	0.02174	0.09941	0.38623	0.31390	0.02939	0.03083	0.00914	0.00626	0.00183	0.00403	0.00778	0.00674	0.00807
2	0.00753	0.00566	0.00796	0.09562	0.01201	0.00565	0.00661	0.00886	0.01119	0.01485	0.02959	0.70400	0.03499	0.01682	0.00724	0.00231	0.00387	0.01525	0.00508	0.00492
3	0.00797	0.00593	0.00741	0.00704	0.00853	0.00538	0.00528	0.01047	0.01584	0.02186	0.62209	0.04585	0.18998	0.01243	0.00686	0.00185	0.00278	0.01085	0.00621	0.00538
4	0.00846	0.00564	0.00634	0.00634	0.00634	0.00564	0.00352	0.00846	0.00846	0.01128	0.01832	0.03805	0.02114	0.79563	0.02960	0.00564	0.00564	0.00846	0.00352	0.00352
5	0.01206	0.01034	0.01206	0.00861	0.01378	0.00775	0.00689	0.01464	0.01206	0.01895	0.01034	0.01206	0.00861	0.00431	0.00431	0.00086	0.00431	0.00345	0.00345	0.83118
6	0.83671	0.01125	0.00855	0.00765	0.01125	0.01305	0.00630	0.01709	0.00990	0.02609	0.00810	0.00945	0.00630	0.00540	0.00360	0.00180	0.00450	0.00315	0.00360	0.00630
7	0.01206	0.01034	0.01206	0.00861	0.01378	0.00775	0.00689	0.01464	0.01206	0.01895	0.01034	0.01206	0.00861	0.00431	0.00431	0.00086	0.00431	0.00345	0.00345	0.83118
8	0.08284	0.12613	0.02521	0.05903	0.26364	0.10678	0.21868	0.01845	0.01322	0.01796	0.01027	0.01322	0.00834	0.00522	0.00555	0.00171	0.00790	0.00502	0.00290	0.00791
9	0.02270	0.01534	0.01686	0.01293	0.01756	0.01663	0.01068	0.63432	0.02575	0.14454	0.01529	0.01483	0.01056	0.00701	0.00582	0.00175	0.00618	0.00533	0.00602	0.00989
10	0.00791	0.00594	0.00713	0.00698	0.00838	0.00540	0.00518	0.00994	0.01436	0.01920	0.40852	0.04817	0.26833	0.10171	0.00951	0.00236	0.00330	0.05690	0.00570	0.00508

[dist]
# distance from previous block
# <min> <max>
0	1

[block]
# block no. 4 follows, 40 sequences, length 10
# corresponding to MSA columns:
# 190-199
name=unknown_E
#
# <colnr> <probs for GDERKNQSTAVLIFYWHMCP>
#	G	D	E	R	K	N	Q	S	T	A	V	L	I	F	Y	W	H	M	C	P
0	0.00790	0.00587	0.00740	0.00745	0.00878	0.00537	0.00560	0.01014	0.01480	0.02010	0.45256	0.15644	0.18710	0.01372	0.00705	0.00201	0.00310	0.07340	0.00597	0.00525
1	0.01528	0.01875	0.16472	0.02391	0.23160	0.06559	0.24709	0.12339	0.01548	0.02101	0.01142	0.01408	0.00872	0.00547	0.00604	0.00181	0.00832	0.00546	0.00325	0.00859
2	0.01447	0.58677	0.23343	0.01178	0.01775	0.02039	0.01314	0.01769	0.01194	0.01499	0.00873	0.01014	0.00744	0.00513	0.00423	0.00141	0.00687	0.00344	0.00248	0.00778
3	0.00960	0.00735	0.00842	0.00833	0.01020	0.00710	0.00647	0.11522	0.01497	0.01913	0.06826	0.21395	0.34104	0.01449	0.00704	0.00213	0.00394	0.13118	0.00549	0.00569
4	0.01354	0.00971	0.01140	0.00986	0.01259	0.00969	0.00775	0.23585	0.01679	0.03765	0.08485	0.13780	0.06708	0.01168	0.00826	0.10211	0.00481	0.08302	0.00501	0.13056
5	0.01065	0.01165	0.10559	0.01383	0.05592	0.00954	0.15489	0.03457	0.05900	0.01652	0.01941	0.22161	0.02028	0.22488	0.01291	0.00304	0.00627	0.00932	0.00394	0.00617
6	0.01185	0.00991	0.01360	0.01306	0.06036	0.01240	0.00989	0.06187	0.01110	0.01699	0.01250	0.01738	0.01113	0.01885	0.23516	0.00423	0.32620	0.00549	0.14175	0.00628
7	0.00722	0.00525	0.00657	0.00756	0.00810	0.00486	0.00503	0.00818	0.01112	0.01454	0.03429	0.59383	0.14067	0.11175	0.01003	0.00270	0.00359	0.01494	0.00517	0.00461
8	0.08376	0.01187	0.02113	0.17572	0.02447	0.01284	0.29309	0.01581	0.01197	0.01801	0.01278	0.06527	0.01086	0.00691	0.00767	0.00197	0.10992	0.00640	0.10282	0.00673
9	0.13552	0.10671	0.09023	0.02130	0.29243	0.01447	0.07660	0.06758	0.01390	0.11055	0.01187	0.01362	0.00905	0.00556	0.00530	0.00172	0.00661	0.00479	0.00362	0.00854

[dist]
# distance from previous block
# <min> <max>
3	19

[block]
# block no. 5 follows, 40 sequences, length 7
# corresponding to MSA columns:
# 219-225
name=unknown_F
#
# <colnr> <probs for GDERKNQSTAVLIFYWHMCP>
#	G	D	E	R	K	N	Q	S	T	A	V	L	I	F	Y	W	H	M	C	P
0	0.01154	0.00978	0.01150	0.00856	0.01322	0.00744	0.00673	0.01396	0.01196	0.01852	0.01261	0.09356	0.01173	0.00576	0.00463	0.00102	0.00421	0.00481	0.00365	0.74480
1	0.01806	0.01120	0.01314	0.04394	0.01508	0.01108	0.00840	0.25506	0.01771	0.19815	0.01618	0.01858	0.01239	0.10049	0.00822	0.00203	0.00531	0.00544	0.07655	0.16298
2	0.01157	0.01017	0.01192	0.11046	0.10709	0.08807	0.00890	0.02957	0.02918	0.04122	0.09700	0.16631	0.10220	0.12620	0.00973	0.00244	0.00551	0.00889	0.00433	0.02921
3	0.01395	0.01277	0.02135	0.03193	0.66589	0.01277	0.01614	0.01731	0.01311	0.01933	0.01194	0.01530	0.00992	0.00538	0.00555	0.00168	0.00639	0.00521	0.10534	0.00874
4	0.01124	0.00995	0.01587	0.54063	0.07036	0.01179	0.01422	0.05346	0.01274	0.01657	0.01492	0.08637	0.01370	0.00815	0.00622	0.00204	0.00697	0.09492	0.00335	0.00651
5	0.01469	0.01208	0.02081	0.02478	0.38583	0.01160	0.12956	0.01799	0.01394	0.11931	0.08177	0.05419	0.01627	0.00702	0.00617	0.00182	0.00643	0.03707	0.00402	0.03464
6	0.01338	0.01278	0.02177	0.25742	0.54555	0.01355	0.01734	0.01696	0.01276	0.01777	0.01076	0.01472	0.00878	0.00537	0.00577	0.00179	0.00716	0.00518	0.00279	0.00839

[dist]
# distance from previous block
# <min> <max>
3	25

[block]
# block no. 6 follows, 40 sequences, length 9
# corresponding to MSA columns:
# 251-259
name=unknown_G
#
# <colnr> <probs for GDERKNQSTAVLIFYWHMCP>
#	G	D	E	R	K	N	Q	S	T	A	V	L	I	F	Y	W	H	M	C	P
0	0.07294	0.01706	0.20263	0.06464	0.27472	0.06179	0.01535	0.01764	0.04500	0.01912	0.05534	0.02104	0.01403	0.00709	0.00584	0.00188	0.00692	0.08565	0.00343	0.00788
1	0.05666	0.01192	0.01430	0.09530	0.13974	0.04541	0.01033	0.22089	0.01637	0.02373	0.01344	0.01598	0.01053	0.00824	0.03536	0.03732	0.00608	0.00504	0.19015	0.04322
2	0.01270	0.05858	0.09081	0.12455	0.30400	0.01291	0.09484	0.01688	0.04818	0.01783	0.01374	0.10359	0.01243	0.00683	0.00586	0.00180	0.00679	0.00643	0.00325	0.05800
3	0.25563	0.15065	0.03368	0.09937	0.05237	0.05675	0.00970	0.03494	0.01300	0.08658	0.09514	0.01874	0.01480	0.00697	0.00501	0.00175	0.00568	0.04825	0.00398	0.00700
4	0.01412	0.05504	0.01324	0.04884	0.01466	0.01230	0.00870	0.06272	0.29673	0.06934	0.01804	0.01893	0.01394	0.01042	0.07498	0.00242	0.05309	0.00564	0.13494	0.07192
5	0.01177	0.01148	0.07029	0.01118	0.04650	0.00982	0.00886	0.01839	0.22613	0.01939	0.01971	0.10292	0.04201	0.05601	0.00707	0.00188	0.00483	0.04224	0.00443	0.28510
6	0.00706	0.00516	0.00665	0.00784	0.00837	0.00474	0.00529	0.00813	0.01138	0.01494	0.03513	0.70742	0.12089	0.01782	0.00736	0.00232	0.00332	0.01604	0.00540	0.00474
7	0.01422	0.01430	0.02640	0.03278	0.56912	0.01405	0.20585	0.01805	0.01337	0.01890	0.01115	0.01473	0.00911	0.00511	0.00605	0.00179	0.00766	0.00562	0.00289	0.00885
8	0.01297	0.01237	0.02103	0.34672	0.45944	0.01344	0.01714	0.01660	0.01257	0.01727	0.01069	0.01486	0.00860	0.00545	0.00578	0.00182	0.00726	0.00518	0.00276	0.00806

[dist]
# distance from previous block
# <min> <max>
0	1

[block]
# block no. 7 follows, 40 sequences, length 20
# corresponding to MSA columns:
# 261-280
name=unknown_H
#
# <colnr> <probs for GDERKNQSTAVLIFYWHMCP>
#	G	D	E	R	K	N	Q	S	T	A	V	L	I	F	Y	W	H	M	C	P
0	0.00744	0.00591	0.00668	0.00649	0.00820	0.00515	0.00487	0.00945	0.01460	0.01891	0.35199	0.05070	0.46192	0.01353	0.00687	0.00191	0.00286	0.01153	0.00582	0.00515
1	0.00845	0.00565	0.00641	0.00639	0.00646	0.00563	0.00362	0.00858	0.00885	0.01187	0.05490	0.03832	0.02281	0.75679	0.02847	0.00545	0.00549	0.00856	0.00367	0.00362
2	0.00687	0.00589	0.00589	0.00589	0.00785	0.00491	0.00442	0.00835	0.01325	0.01571	0.05891	0.05596	0.75700	0.01473	0.00687	0.00196	0.00295	0.01227	0.00540	0.00491
3	0.01555	0.79913	0.03047	0.00995	0.01493	0.02301	0.00995	0.01741	0.01182	0.01368	0.00808	0.00933	0.00746	0.00498	0.00373	0.00124	0.00622	0.00311	0.00249	0.00746
4	0.02208	0.01706	0.01739	0.01349	0.01803	0.06878	0.01107	0.69174	0.02661	0.03514	0.01363	0.01373	0.00973	0.00691	0.00578	0.00173	0.00667	0.00514	0.00563	0.00968
5	0.01446	0.01249	0.01315	0.01183	0.01512	0.01446	0.00920	0.03090	0.74885	0.02433	0.02367	0.02170	0.01775	0.00789	0.00592	0.00197	0.00460	0.00657	0.00592	0.00920
6	0.01010	0.00505	0.00758	0.00758	0.00758	0.00505	0.00505	0.00758	0.00758	0.01010	0.01010	0.01768	0.01010	0.02020	0.02273	0.83081	0.00505	0.00505	0.00253	0.00253
7	0.02176	0.02652	0.01658	0.01481	0.01798	0.69308	0.01122	0.09849	0.01762	0.01659	0.00951	0.01085	0.00774	0.00610	0.00530	0.00152	0.01006	0.00390	0.00329	0.00707
8	0.01373	0.01569	0.03431	0.02451	0.03039	0.01471	0.73824	0.01863	0.01373	0.01863	0.01176	0.01569	0.00882	0.00490	0.00686	0.00196	0.00980	0.00686	0.00294	0.00784
9	0.01446	0.01249	0.01315	0.01183	0.01512	0.01446	0.00920	0.03090	0.74885	0.02433	0.02367	0.02170	0.01775	0.00789	0.00592	0.00197	0.00460	0.00657	0.00592	0.00920
10	0.02128	0.02635	0.01660	0.01491	0.01784	0.69407	0.01130	0.06020	0.01666	0.01539	0.00918	0.01078	0.00762	0.00626	0.00599	0.00156	0.05010	0.00389	0.00312	0.00689
11	0.01414	0.01383	0.02441	0.07350	0.64522	0.01386	0.09341	0.01777	0.01321	0.01874	0.01099	0.01459	0.00909	0.00519	0.00588	0.00176	0.00726	0.00536	0.00287	0.00892
12	0.00687	0.00589	0.00589	0.00589	0.00785	0.00491	0.00442	0.00835	0.01325	0.01571	0.05891	0.05596	0.75700	0.01473	0.00687	0.00196	0.00295	0.01227	0.00540	0.00491
13	0.01030	0.00711	0.00796	0.00741	0.00878	0.00699	0.00511	0.06677	0.05118	0.05568	0.09781	0.05838	0.20158	0.37032	0.01709	0.00362	0.00462	0.00930	0.00479	0.00519
14	0.01637	0.01301	0.01391	0.01202	0.01561	0.01477	0.00949	0.15257	0.58725	0.06445	0.02196	0.02027	0.01623	0.00770	0.00590	0.00192	0.00493	0.00631	0.00597	0.00936
15	0.01555	0.79913	0.03047	0.00995	0.01493	0.02301	0.00995	0.01741	0.01182	0.01368	0.00808	0.00933	0.00746	0.00498	0.00373	0.00124	0.00622	0.00311	0.00249	0.00746
16	0.01166	0.03008	0.76550	0.01657	0.02517	0.01351	0.02149	0.01842	0.01228	0.01842	0.01044	0.01228	0.00737	0.00552	0.00552	0.00184	0.00859	0.00430	0.00246	0.00859
17	0.01117	0.01070	0.01858	0.73071	0.03940	0.01304	0.06473	0.01511	0.01177	0.01511	0.01043	0.01552	0.00782	0.00575	0.00588	0.00194	0.00789	0.00528	0.00261	0.00655
18	0.00709	0.00506	0.00675	0.00810	0.00843	0.00472	0.00540	0.00810	0.01113	0.01484	0.03205	0.79184	0.03846	0.01822	0.00742	0.00236	0.00337	0.01653	0.00540	0.00472
19	0.01349	0.01536	0.05572	0.14094	0.03133	0.01449	0.58022	0.04020	0.01377	0.01859	0.01157	0.01549	0.00864	0.00513	0.00662	0.00195	0.00934	0.00646	0.00296	0.00772

[dist]
# distance from previous block
# <min> <max>
2	84

# created by:
# /software/SequenceAnalysis/GenePrediction/augustus/3.0.1/scripts/msa2prfl.pl ./fixed/BUSCOvEOG773R5V.fas
