[name]
unknown

[dist]
# distance from previous block
# <min> <max>
4	281

[block]
# block no. 0 follows, 40 sequences, length 10
# corresponding to MSA columns:
# 313-322
name=unknown_A
#
# <colnr> <probs for GDERKNQSTAVLIFYWHMCP>
#	G	D	E	R	K	N	Q	S	T	A	V	L	I	F	Y	W	H	M	C	P
0	0.01029	0.00950	0.01535	0.01231	0.01497	0.04018	0.20473	0.01357	0.01572	0.02166	0.52271	0.03452	0.04038	0.00974	0.00679	0.00185	0.00499	0.00924	0.00532	0.00618
1	0.00966	0.00810	0.00905	0.00813	0.01105	0.00722	0.00645	0.01362	0.11182	0.01799	0.03691	0.04083	0.34969	0.01117	0.00622	0.00177	0.00389	0.11155	0.00493	0.22995
2	0.01324	0.00683	0.00849	0.00763	0.00892	0.00654	0.00514	0.01399	0.01074	0.21569	0.01939	0.03208	0.01887	0.53115	0.07290	0.00484	0.00612	0.00760	0.00449	0.00537
3	0.02038	0.01517	0.01702	0.01296	0.01768	0.01617	0.03333	0.57855	0.04545	0.05439	0.01395	0.01415	0.01004	0.00659	0.00565	0.00164	0.00613	0.00510	0.00545	0.12019
4	0.01148	0.02472	0.56234	0.22436	0.02921	0.01335	0.02004	0.01745	0.01210	0.01745	0.01041	0.01315	0.00747	0.00560	0.00560	0.00187	0.00837	0.00453	0.00249	0.00801
5	0.01534	0.01578	0.02322	0.03231	0.62070	0.11581	0.05551	0.01861	0.01370	0.01834	0.01072	0.01394	0.00896	0.00528	0.00575	0.00171	0.00754	0.00508	0.00290	0.00881
6	0.12756	0.45461	0.04886	0.01080	0.01562	0.02000	0.01015	0.21364	0.01579	0.02175	0.00976	0.01070	0.00796	0.00560	0.00434	0.00147	0.00612	0.00373	0.00354	0.00800
7	0.01450	0.02633	0.56234	0.01571	0.02323	0.01474	0.01865	0.21438	0.01637	0.02337	0.01139	0.01273	0.00805	0.00592	0.00560	0.00182	0.00800	0.00455	0.00337	0.00895
8	0.00890	0.00550	0.00681	0.00681	0.00686	0.00555	0.00411	0.00830	0.00826	0.01106	0.01597	0.03184	0.01785	0.55150	0.06087	0.22991	0.00592	0.00743	0.00323	0.00333
9	0.04028	0.14273	0.32587	0.01465	0.02106	0.01380	0.11206	0.02094	0.01352	0.22025	0.01357	0.01423	0.00946	0.00581	0.00546	0.00175	0.00728	0.00484	0.00385	0.00860

[dist]
# distance from previous block
# <min> <max>
0	3

[block]
# block no. 1 follows, 40 sequences, length 41
# corresponding to MSA columns:
# 326-366
name=unknown_B
#
# <colnr> <probs for GDERKNQSTAVLIFYWHMCP>
#	G	D	E	R	K	N	Q	S	T	A	V	L	I	F	Y	W	H	M	C	P
0	0.01717	0.01459	0.02355	0.03381	0.67077	0.01421	0.01745	0.01994	0.01462	0.08917	0.01381	0.01730	0.01136	0.00657	0.00652	0.00206	0.00728	0.00581	0.00390	0.01012
1	0.00961	0.00742	0.01064	0.01085	0.01187	0.00678	0.07375	0.01047	0.01250	0.01688	0.03135	0.70058	0.03657	0.01782	0.00807	0.00263	0.00462	0.01588	0.00572	0.00598
2	0.01670	0.01408	0.01717	0.01834	0.17306	0.01550	0.01213	0.06228	0.44966	0.04523	0.02042	0.02110	0.01597	0.00859	0.00784	0.00228	0.07772	0.00658	0.00553	0.00984
3	0.02311	0.01254	0.05151	0.01175	0.01645	0.01044	0.00974	0.02688	0.10939	0.49839	0.02189	0.02072	0.01511	0.00790	0.00635	0.00200	0.00559	0.00604	0.00672	0.13747
4	0.02399	0.01641	0.01794	0.01575	0.01982	0.01565	0.01166	0.06124	0.34506	0.19731	0.07278	0.03057	0.02404	0.01232	0.00895	0.00315	0.00722	0.00848	0.00823	0.09944
5	0.01410	0.01188	0.01430	0.01070	0.01576	0.00945	0.04383	0.04713	0.01396	0.02112	0.01465	0.01687	0.04578	0.00617	0.00541	0.00136	0.00523	0.00472	0.00422	0.69335
6	0.02224	0.01164	0.01672	0.01318	0.01735	0.01051	0.10818	0.02516	0.08169	0.45730	0.03838	0.02168	0.01577	0.00927	0.00825	0.07852	0.00611	0.00653	0.00639	0.04512
7	0.01681	0.01518	0.02391	0.03409	0.67107	0.01508	0.01768	0.08552	0.01561	0.02220	0.01298	0.01676	0.01095	0.00655	0.00651	0.00206	0.00741	0.00575	0.00377	0.01011
8	0.01667	0.01272	0.01372	0.01184	0.01545	0.01326	0.00913	0.09248	0.42588	0.06737	0.04203	0.02227	0.01770	0.00838	0.00627	0.00204	0.00513	0.00648	0.08192	0.12924
9	0.01745	0.01143	0.04969	0.01121	0.01459	0.01017	0.00901	0.02286	0.19552	0.25603	0.19429	0.09846	0.02776	0.01041	0.00692	0.00219	0.00497	0.00846	0.00665	0.04193
10	0.01594	0.01485	0.02395	0.03427	0.67081	0.01506	0.01784	0.01862	0.01391	0.02011	0.01240	0.01665	0.01074	0.00684	0.00774	0.00213	0.07916	0.00574	0.00347	0.00979
11	0.02356	0.01827	0.01842	0.01460	0.01917	0.07942	0.01172	0.66292	0.02714	0.03592	0.01524	0.01610	0.01135	0.00805	0.00652	0.00205	0.00729	0.00568	0.00613	0.01046
12	0.01166	0.03008	0.76550	0.01657	0.02517	0.01351	0.02149	0.01842	0.01228	0.01842	0.01044	0.01228	0.00737	0.00552	0.00552	0.00184	0.00859	0.00430	0.00246	0.00859
13	0.02172	0.02772	0.01648	0.01498	0.01798	0.77228	0.01124	0.02322	0.01648	0.01423	0.00899	0.01049	0.00749	0.00599	0.00524	0.00150	0.01049	0.00375	0.00300	0.00674
14	0.01555	0.79913	0.03047	0.00995	0.01493	0.02301	0.00995	0.01741	0.01182	0.01368	0.00808	0.00933	0.00746	0.00498	0.00373	0.00124	0.00622	0.00311	0.00249	0.00746
15	0.02609	0.00990	0.01350	0.01035	0.01484	0.00855	0.00855	0.02834	0.01664	0.76338	0.02294	0.01979	0.01439	0.00720	0.00585	0.00180	0.00495	0.00585	0.00720	0.00990
16	0.02211	0.01629	0.01745	0.01338	0.01803	0.01803	0.01105	0.73997	0.02734	0.03665	0.01396	0.01396	0.00989	0.00698	0.00582	0.00175	0.00640	0.00524	0.00582	0.00989
17	0.02211	0.01629	0.01745	0.01338	0.01803	0.01803	0.01105	0.73997	0.02734	0.03665	0.01396	0.01396	0.00989	0.00698	0.00582	0.00175	0.00640	0.00524	0.00582	0.00989
18	0.01166	0.03008	0.76550	0.01657	0.02517	0.01351	0.02149	0.01842	0.01228	0.01842	0.01044	0.01228	0.00737	0.00552	0.00552	0.00184	0.00859	0.00430	0.00246	0.00859
19	0.02020	0.02619	0.06534	0.01758	0.10772	0.63232	0.01269	0.02227	0.01582	0.01507	0.00932	0.01107	0.00769	0.00586	0.00532	0.00155	0.00993	0.00395	0.00295	0.00716
20	0.01166	0.03008	0.76550	0.01657	0.02517	0.01351	0.02149	0.01842	0.01228	0.01842	0.01044	0.01228	0.00737	0.00552	0.00552	0.00184	0.00859	0.00430	0.00246	0.00859
21	0.01345	0.01514	0.03259	0.10190	0.03138	0.01452	0.66443	0.01824	0.01351	0.01824	0.01162	0.01567	0.00871	0.00500	0.00676	0.00196	0.00959	0.00669	0.00290	0.00770
22	0.00709	0.00506	0.00675	0.00810	0.00843	0.00472	0.00540	0.00810	0.01113	0.01484	0.03205	0.79184	0.03846	0.01822	0.00742	0.00236	0.00337	0.01653	0.00540	0.00472
23	0.00709	0.00506	0.00675	0.00810	0.00843	0.00472	0.00540	0.00810	0.01113	0.01484	0.03205	0.79184	0.03846	0.01822	0.00742	0.00236	0.00337	0.01653	0.00540	0.00472
24	0.02204	0.01840	0.01727	0.01368	0.01802	0.15721	0.01109	0.60771	0.02534	0.03251	0.01304	0.01332	0.00945	0.00680	0.00571	0.00170	0.00715	0.00496	0.00530	0.00931
25	0.01098	0.01034	0.01744	0.78165	0.04005	0.01292	0.01615	0.01486	0.01163	0.01486	0.01034	0.01550	0.00775	0.00581	0.00581	0.00194	0.00775	0.00517	0.00258	0.00646
26	0.02211	0.01629	0.01745	0.01338	0.01803	0.01803	0.01105	0.73997	0.02734	0.03665	0.01396	0.01396	0.00989	0.00698	0.00582	0.00175	0.00640	0.00524	0.00582	0.00989
27	0.00825	0.00604	0.00794	0.00868	0.00988	0.00572	0.00689	0.01041	0.01359	0.01800	0.20668	0.22415	0.13520	0.01539	0.00746	0.00231	0.00397	0.29865	0.00562	0.00518
28	0.01555	0.79913	0.03047	0.00995	0.01493	0.02301	0.00995	0.01741	0.01182	0.01368	0.00808	0.00933	0.00746	0.00498	0.00373	0.00124	0.00622	0.00311	0.00249	0.00746
29	0.02211	0.01629	0.01745	0.01338	0.01803	0.01803	0.01105	0.73997	0.02734	0.03665	0.01396	0.01396	0.00989	0.00698	0.00582	0.00175	0.00640	0.00524	0.00582	0.00989
30	0.01555	0.79913	0.03047	0.00995	0.01493	0.02301	0.00995	0.01741	0.01182	0.01368	0.00808	0.00933	0.00746	0.00498	0.00373	0.00124	0.00622	0.00311	0.00249	0.00746
31	0.01166	0.03008	0.76550	0.01657	0.02517	0.01351	0.02149	0.01842	0.01228	0.01842	0.01044	0.01228	0.00737	0.00552	0.00552	0.00184	0.00859	0.00430	0.00246	0.00859
32	0.01166	0.03008	0.76550	0.01657	0.02517	0.01351	0.02149	0.01842	0.01228	0.01842	0.01044	0.01228	0.00737	0.00552	0.00552	0.00184	0.00859	0.00430	0.00246	0.00859
33	0.01621	0.00986	0.01218	0.00913	0.01378	0.00781	0.00732	0.01858	0.01346	0.25574	0.01574	0.06450	0.01237	0.00612	0.00500	0.00126	0.00445	0.00505	0.00477	0.51669
34	0.05496	0.01014	0.01344	0.01034	0.01481	0.00900	0.00854	0.04972	0.01673	0.71477	0.02214	0.01924	0.01397	0.00713	0.00577	0.00180	0.00498	0.00573	0.00703	0.00977
35	0.01250	0.01023	0.01233	0.00984	0.01369	0.00932	0.03881	0.08548	0.12149	0.03590	0.07658	0.08206	0.09492	0.00793	0.00554	0.00148	0.00447	0.00676	0.00467	0.36601
36	0.01522	0.73523	0.09155	0.01050	0.01578	0.02222	0.01091	0.01750	0.01185	0.01407	0.00828	0.00957	0.00745	0.00502	0.00388	0.00129	0.00642	0.00321	0.00248	0.00756
37	0.16596	0.01318	0.02053	0.06582	0.58728	0.01363	0.01564	0.01757	0.01255	0.02011	0.01039	0.01353	0.00860	0.00525	0.00536	0.00175	0.00650	0.00481	0.00300	0.00854
38	0.01373	0.01569	0.03431	0.02451	0.03039	0.01471	0.73824	0.01863	0.01373	0.01863	0.01176	0.01569	0.00882	0.00490	0.00686	0.00196	0.00980	0.00686	0.00294	0.00784
39	0.79489	0.01118	0.00880	0.00779	0.01143	0.01281	0.00641	0.01767	0.01024	0.06412	0.00886	0.00998	0.00672	0.00549	0.00371	0.00180	0.00452	0.00329	0.00378	0.00648
40	0.05814	0.01424	0.01540	0.01188	0.01646	0.01499	0.00972	0.46765	0.08345	0.06294	0.01415	0.01426	0.01031	0.00645	0.00541	0.00159	0.00567	0.00491	0.00530	0.17708

[dist]
# distance from previous block
# <min> <max>
0	20

[block]
# block no. 2 follows, 40 sequences, length 15
# corresponding to MSA columns:
# 387-401
name=unknown_C
#
# <colnr> <probs for GDERKNQSTAVLIFYWHMCP>
#	G	D	E	R	K	N	Q	S	T	A	V	L	I	F	Y	W	H	M	C	P
0	0.01346	0.01070	0.01246	0.00908	0.01411	0.00858	0.00729	0.05257	0.04215	0.06268	0.01177	0.01298	0.00937	0.00475	0.00453	0.00100	0.00446	0.00380	0.00388	0.71041
1	0.01301	0.29611	0.51124	0.01428	0.02163	0.01679	0.01750	0.01807	0.01212	0.01678	0.00962	0.01126	0.00740	0.00533	0.00490	0.00163	0.00777	0.00389	0.00247	0.00820
2	0.00728	0.00533	0.00729	0.04738	0.01004	0.00514	0.00594	0.00844	0.01116	0.01485	0.03095	0.75241	0.03690	0.01759	0.00734	0.00234	0.00360	0.01595	0.00526	0.00481
3	0.01188	0.00642	0.00653	0.00615	0.00781	0.00658	0.00471	0.08053	0.01359	0.02306	0.01851	0.02097	0.01444	0.00679	0.00423	0.00139	0.00305	0.00540	0.75211	0.00583
4	0.00709	0.00506	0.00675	0.00810	0.00843	0.00472	0.00540	0.00810	0.01113	0.01484	0.03205	0.79184	0.03846	0.01822	0.00742	0.00236	0.00337	0.01653	0.00540	0.00472
5	0.00709	0.00506	0.00675	0.00810	0.00843	0.00472	0.00540	0.00810	0.01113	0.01484	0.03205	0.79184	0.03846	0.01822	0.00742	0.00236	0.00337	0.01653	0.00540	0.00472
6	0.02211	0.01629	0.01745	0.01338	0.01803	0.01803	0.01105	0.73997	0.02734	0.03665	0.01396	0.01396	0.00989	0.00698	0.00582	0.00175	0.00640	0.00524	0.00582	0.00989
7	0.00709	0.00506	0.00675	0.00810	0.00843	0.00472	0.00540	0.00810	0.01113	0.01484	0.03205	0.79184	0.03846	0.01822	0.00742	0.00236	0.00337	0.01653	0.00540	0.00472
8	0.21811	0.00729	0.00797	0.00740	0.00934	0.00740	0.00569	0.01252	0.01480	0.02402	0.56674	0.03483	0.04256	0.01024	0.00603	0.00182	0.00319	0.00865	0.00569	0.00569
9	0.01129	0.01078	0.01501	0.01345	0.01354	0.01450	0.01087	0.01250	0.00947	0.01421	0.01382	0.21010	0.01544	0.01222	0.01613	0.00250	0.58698	0.00799	0.00327	0.00595
10	0.00709	0.00506	0.00675	0.00810	0.00843	0.00472	0.00540	0.00810	0.01113	0.01484	0.03205	0.79184	0.03846	0.01822	0.00742	0.00236	0.00337	0.01653	0.00540	0.00472
11	0.02140	0.13163	0.05909	0.01101	0.01559	0.01241	0.00970	0.04805	0.15107	0.44865	0.01983	0.01795	0.01342	0.00689	0.00552	0.00175	0.00533	0.00546	0.00593	0.00932
12	0.01098	0.01034	0.01744	0.78165	0.04005	0.01292	0.01615	0.01486	0.01163	0.01486	0.01034	0.01550	0.00775	0.00581	0.00581	0.00194	0.00775	0.00517	0.00258	0.00646
13	0.13843	0.30870	0.38147	0.01279	0.01930	0.01691	0.01496	0.01785	0.01175	0.01785	0.00922	0.01077	0.00724	0.00530	0.00458	0.00162	0.00710	0.00369	0.00264	0.00783
14	0.01353	0.01294	0.02204	0.22467	0.57713	0.01359	0.01742	0.01709	0.01283	0.01795	0.01079	0.01467	0.00884	0.00534	0.00577	0.00178	0.00712	0.00518	0.00280	0.00851

[dist]
# distance from previous block
# <min> <max>
8	83

[block]
# block no. 3 follows, 40 sequences, length 21
# corresponding to MSA columns:
# 524-544
name=unknown_D
#
# <colnr> <probs for GDERKNQSTAVLIFYWHMCP>
#	G	D	E	R	K	N	Q	S	T	A	V	L	I	F	Y	W	H	M	C	P
0	0.00697	0.00569	0.00617	0.00649	0.00803	0.00488	0.00470	0.00837	0.01283	0.01574	0.07510	0.23863	0.55521	0.01550	0.00701	0.00206	0.00305	0.01327	0.00543	0.00488
1	0.01363	0.01540	0.03273	0.02362	0.02894	0.01500	0.66867	0.01818	0.01326	0.01818	0.01137	0.01540	0.00871	0.00541	0.00803	0.00202	0.08413	0.00669	0.00290	0.00770
2	0.04881	0.01722	0.01707	0.01335	0.01781	0.09059	0.01091	0.64713	0.02572	0.03414	0.01329	0.01348	0.00954	0.00683	0.00569	0.00172	0.00673	0.00502	0.00547	0.00947
3	0.01098	0.01034	0.01744	0.78165	0.04005	0.01292	0.01615	0.01486	0.01163	0.01486	0.01034	0.01550	0.00775	0.00581	0.00581	0.00194	0.00775	0.00517	0.00258	0.00646
4	0.01098	0.01034	0.01744	0.78165	0.04005	0.01292	0.01615	0.01486	0.01163	0.01486	0.01034	0.01550	0.00775	0.00581	0.00581	0.00194	0.00775	0.00517	0.00258	0.00646
5	0.01406	0.01348	0.02301	0.10762	0.69000	0.01373	0.01768	0.01756	0.01309	0.01860	0.01088	0.01450	0.00907	0.00524	0.00576	0.00175	0.00699	0.00518	0.00285	0.00895
6	0.01439	0.01382	0.02360	0.03569	0.75936	0.01382	0.01785	0.01785	0.01324	0.01900	0.01094	0.01439	0.00921	0.00518	0.00576	0.00173	0.00691	0.00518	0.00288	0.00921
7	0.00687	0.00589	0.00589	0.00589	0.00785	0.00491	0.00442	0.00835	0.01325	0.01571	0.05891	0.05596	0.75700	0.01473	0.00687	0.00196	0.00295	0.01227	0.00540	0.00491
8	0.00709	0.00506	0.00675	0.00810	0.00843	0.00472	0.00540	0.00810	0.01113	0.01484	0.03205	0.79184	0.03846	0.01822	0.00742	0.00236	0.00337	0.01653	0.00540	0.00472
9	0.01528	0.74553	0.08170	0.01041	0.01564	0.02235	0.01075	0.01748	0.01185	0.01401	0.00825	0.00953	0.00746	0.00501	0.00386	0.00129	0.00638	0.00319	0.00249	0.00754
10	0.00777	0.00559	0.00736	0.00763	0.00859	0.00518	0.00545	0.00983	0.01434	0.01994	0.46787	0.34147	0.04834	0.01441	0.00708	0.00204	0.00299	0.01291	0.00600	0.00518
11	0.00831	0.00623	0.00935	0.00935	0.01038	0.00727	0.00727	0.01038	0.00935	0.01350	0.01558	0.02285	0.01454	0.04361	0.77259	0.00935	0.01558	0.00623	0.00312	0.00519
12	0.06599	0.01012	0.01323	0.01030	0.01468	0.00912	0.00847	0.02793	0.05893	0.68346	0.02224	0.01939	0.01419	0.00715	0.00574	0.00181	0.00491	0.00576	0.00694	0.00968
13	0.01824	0.02087	0.01733	0.20734	0.08878	0.43739	0.01297	0.07688	0.03530	0.01683	0.01027	0.01265	0.00817	0.00600	0.00549	0.00166	0.00902	0.00442	0.00318	0.00720
14	0.01290	0.00734	0.00951	0.00835	0.01060	0.00684	0.00647	0.01648	0.06755	0.19901	0.53120	0.03631	0.04268	0.01050	0.00655	0.00183	0.00340	0.00913	0.00656	0.00679
15	0.01084	0.00542	0.00542	0.00542	0.00678	0.00542	0.00407	0.01355	0.01220	0.02168	0.01897	0.02168	0.01491	0.00678	0.00407	0.00136	0.00271	0.00542	0.82791	0.00542
16	0.48734	0.04002	0.01251	0.01041	0.01405	0.20679	0.00835	0.12303	0.01414	0.02423	0.00917	0.01036	0.00715	0.00576	0.00434	0.00170	0.00635	0.00360	0.00373	0.00696
17	0.00995	0.00633	0.00832	0.00761	0.00928	0.00578	0.00578	0.01265	0.01648	0.09468	0.68558	0.04116	0.05097	0.01144	0.00676	0.00183	0.00296	0.01007	0.00648	0.00591
18	0.01403	0.00850	0.01046	0.00915	0.01174	0.00843	0.00713	0.02002	0.19678	0.20023	0.40089	0.03244	0.03607	0.00978	0.00639	0.00186	0.00373	0.00843	0.00647	0.00745
19	0.01166	0.03008	0.76550	0.01657	0.02517	0.01351	0.02149	0.01842	0.01228	0.01842	0.01044	0.01228	0.00737	0.00552	0.00552	0.00184	0.00859	0.00430	0.00246	0.00859
20	0.83671	0.01125	0.00855	0.00765	0.01125	0.01305	0.00630	0.01709	0.00990	0.02609	0.00810	0.00945	0.00630	0.00540	0.00360	0.00180	0.00450	0.00315	0.00360	0.00630

[dist]
# distance from previous block
# <min> <max>
0	137

# created by:
# /software/SequenceAnalysis/GenePrediction/augustus/3.0.1/scripts/msa2prfl.pl ./fixed/BUSCOvEOG7WWSZH.fas
