[name]
unknown

[dist]
# distance from previous block
# <min> <max>
0	429

[block]
# block no. 0 follows, 40 sequences, length 18
# corresponding to MSA columns:
# 445-462
name=unknown_A
#
# <colnr> <probs for GDERKNQSTAVLIFYWHMCP>
#	G	D	E	R	K	N	Q	S	T	A	V	L	I	F	Y	W	H	M	C	P
0	0.01168	0.01081	0.01785	0.77363	0.04025	0.01327	0.01635	0.01533	0.01206	0.01551	0.01102	0.01642	0.00841	0.00627	0.00610	0.00206	0.00796	0.00539	0.00283	0.00682
1	0.00831	0.00623	0.00935	0.00935	0.01038	0.00727	0.00727	0.01038	0.00935	0.01350	0.01558	0.02285	0.01454	0.04361	0.77259	0.00935	0.01558	0.00623	0.00312	0.00519
2	0.01515	0.62826	0.03131	0.01313	0.01830	0.02120	0.16879	0.01768	0.01223	0.01476	0.00889	0.01072	0.00776	0.00496	0.00441	0.00140	0.00700	0.00393	0.00259	0.00755
3	0.01182	0.01034	0.01323	0.17722	0.01951	0.00888	0.00891	0.01469	0.01196	0.01806	0.01034	0.01281	0.00843	0.00464	0.00464	0.00110	0.00506	0.00382	0.00326	0.65130
4	0.01098	0.01034	0.01744	0.78165	0.04005	0.01292	0.01615	0.01486	0.01163	0.01486	0.01034	0.01550	0.00775	0.00581	0.00581	0.00194	0.00775	0.00517	0.00258	0.00646
5	0.01253	0.01258	0.01883	0.01576	0.01638	0.01684	0.08100	0.01420	0.00939	0.01440	0.00854	0.01366	0.00819	0.01184	0.06656	0.00293	0.66201	0.00533	0.00262	0.00643
6	0.02147	0.02465	0.04320	0.01460	0.01825	0.53786	0.01155	0.22035	0.01932	0.02055	0.01041	0.01151	0.00815	0.00625	0.00541	0.00158	0.00929	0.00418	0.00375	0.00767
7	0.01620	0.01324	0.01787	0.38654	0.07952	0.01527	0.01398	0.33970	0.01877	0.02490	0.01200	0.01474	0.00881	0.00629	0.00581	0.00184	0.00709	0.00520	0.00405	0.00818
8	0.19039	0.00640	0.00779	0.00759	0.00838	0.00679	0.00532	0.00965	0.00808	0.01359	0.00966	0.01588	0.00927	0.01697	0.01856	0.65000	0.00493	0.00464	0.00276	0.00335
9	0.01227	0.00824	0.00907	0.00806	0.00943	0.00886	0.00575	0.16961	0.01359	0.01970	0.01704	0.02726	0.01639	0.37736	0.01715	0.00351	0.04202	0.00679	0.22238	0.00555
10	0.01474	0.01467	0.02543	0.01919	0.02326	0.01580	0.37826	0.11675	0.11894	0.02086	0.01285	0.01566	0.00998	0.00676	0.00925	0.00206	0.17768	0.00622	0.00367	0.00799
11	0.01119	0.00677	0.00773	0.00700	0.00946	0.00576	0.00542	0.01296	0.01430	0.17950	0.11703	0.04689	0.52862	0.01282	0.00665	0.00192	0.00336	0.01071	0.00589	0.00605
12	0.01208	0.01473	0.09746	0.02018	0.02511	0.01242	0.51060	0.01631	0.01302	0.01778	0.01606	0.18465	0.01515	0.00787	0.00686	0.00204	0.00829	0.00873	0.00343	0.00723
13	0.01995	0.01501	0.01629	0.01236	0.01712	0.01582	0.01016	0.58407	0.02406	0.03284	0.01318	0.01355	0.00962	0.00641	0.00549	0.00156	0.00595	0.00485	0.00531	0.18642
14	0.00807	0.00630	0.00923	0.17696	0.01554	0.00662	0.00797	0.00980	0.01137	0.01499	0.02724	0.58100	0.03148	0.01539	0.00711	0.00229	0.00444	0.05428	0.00478	0.00514
15	0.01274	0.01787	0.19104	0.09371	0.02924	0.01386	0.48283	0.01778	0.01310	0.01807	0.01219	0.04752	0.00965	0.00568	0.00650	0.00195	0.00908	0.00655	0.00290	0.00775
16	0.01308	0.01394	0.02785	0.02015	0.02559	0.01267	0.53168	0.01733	0.01334	0.01862	0.01268	0.01812	0.01037	0.00549	0.00638	0.00177	0.00832	0.05216	0.00321	0.18726
17	0.01233	0.02445	0.49402	0.01860	0.02615	0.01355	0.24455	0.01827	0.01272	0.01851	0.01085	0.01333	0.00789	0.00526	0.00587	0.00182	0.00873	0.00505	0.00266	0.05538

[dist]
# distance from previous block
# <min> <max>
0	2

[block]
# block no. 1 follows, 40 sequences, length 17
# corresponding to MSA columns:
# 465-481
name=unknown_B
#
# <colnr> <probs for GDERKNQSTAVLIFYWHMCP>
#	G	D	E	R	K	N	Q	S	T	A	V	L	I	F	Y	W	H	M	C	P
0	0.01255	0.01248	0.01777	0.09245	0.01776	0.01732	0.01307	0.01408	0.00918	0.01408	0.00791	0.01300	0.00765	0.00974	0.01775	0.00248	0.70671	0.00510	0.00255	0.00637
1	0.02609	0.00990	0.01350	0.01035	0.01484	0.00855	0.00855	0.02834	0.01664	0.76338	0.02294	0.01979	0.01439	0.00720	0.00585	0.00180	0.00495	0.00585	0.00720	0.00990
2	0.01473	0.61427	0.02616	0.00964	0.01466	0.01943	0.00923	0.01676	0.01187	0.01492	0.00861	0.00997	0.00773	0.00482	0.00387	0.00115	0.00577	0.00319	0.00271	0.20051
3	0.01019	0.19260	0.01441	0.00994	0.01136	0.01144	0.00798	0.01154	0.01102	0.01456	0.02203	0.43165	0.02546	0.01357	0.00866	0.00215	0.14292	0.04862	0.00421	0.00569
4	0.01434	0.00826	0.00872	0.00758	0.00989	0.00860	0.00597	0.18801	0.01605	0.06454	0.01798	0.01973	0.01368	0.00685	0.00458	0.00147	0.00371	0.00540	0.58789	0.00673
5	0.00928	0.00753	0.01013	0.00918	0.01023	0.00838	0.00718	0.01168	0.01469	0.02113	0.58083	0.03624	0.04380	0.01149	0.00972	0.00200	0.18607	0.00924	0.00550	0.00569
6	0.01113	0.00657	0.00698	0.00617	0.00842	0.00597	0.00473	0.01381	0.01216	0.02104	0.01695	0.01943	0.01343	0.00620	0.00412	0.00124	0.00308	0.00496	0.63469	0.19894
7	0.00823	0.00594	0.00777	0.00732	0.00869	0.00549	0.00549	0.01097	0.01646	0.02332	0.75629	0.04344	0.05487	0.01189	0.00686	0.00183	0.00274	0.01052	0.00640	0.00549
8	0.00781	0.00562	0.00742	0.00777	0.00872	0.00523	0.00561	0.00985	0.01418	0.01965	0.43354	0.34705	0.04735	0.01462	0.00713	0.00208	0.00311	0.04212	0.00595	0.00517
9	0.74497	0.05834	0.01032	0.00809	0.01182	0.01390	0.00677	0.05521	0.01093	0.02591	0.00841	0.00968	0.00656	0.00546	0.00372	0.00176	0.00470	0.00326	0.00365	0.00656
10	0.17077	0.06156	0.10452	0.17585	0.10534	0.03758	0.05144	0.18656	0.01550	0.02307	0.01074	0.01300	0.00813	0.00581	0.00527	0.00178	0.00692	0.00463	0.00358	0.00793
11	0.00937	0.00732	0.00996	0.00945	0.00999	0.00881	0.00710	0.01071	0.00915	0.01338	0.01496	0.02521	0.01511	0.25524	0.36313	0.00647	0.16650	0.00661	0.04659	0.00495
12	0.00693	0.00565	0.00614	0.00654	0.00802	0.00485	0.00471	0.00827	0.01263	0.01546	0.05104	0.27151	0.54653	0.01575	0.00703	0.00208	0.00307	0.01352	0.00540	0.00485
13	0.01154	0.00859	0.01125	0.01029	0.01218	0.00979	0.00816	0.18137	0.01356	0.01892	0.01520	0.02076	0.01345	0.03503	0.59289	0.00756	0.01343	0.00600	0.00375	0.00629
14	0.02255	0.01000	0.01442	0.19111	0.02075	0.00957	0.01033	0.02518	0.01547	0.58796	0.01999	0.01879	0.01284	0.00687	0.00584	0.00183	0.00561	0.00569	0.00612	0.00909
15	0.00875	0.00608	0.00760	0.00708	0.00868	0.00562	0.02476	0.01132	0.01482	0.02146	0.43956	0.03981	0.16892	0.01101	0.00621	0.00175	0.00296	0.00954	0.19866	0.00543
16	0.15054	0.01147	0.01760	0.01324	0.01792	0.01070	0.17920	0.02430	0.01490	0.47301	0.01799	0.01721	0.01182	0.00638	0.00573	0.00184	0.00602	0.00566	0.00563	0.00885

[dist]
# distance from previous block
# <min> <max>
1	12

[block]
# block no. 2 follows, 40 sequences, length 22
# corresponding to MSA columns:
# 494-515
name=unknown_C
#
# <colnr> <probs for GDERKNQSTAVLIFYWHMCP>
#	G	D	E	R	K	N	Q	S	T	A	V	L	I	F	Y	W	H	M	C	P
0	0.02797	0.11728	0.24414	0.09397	0.12411	0.19607	0.01540	0.05165	0.04434	0.01774	0.01053	0.01253	0.00823	0.00571	0.00530	0.00168	0.00812	0.00435	0.00297	0.00793
1	0.01775	0.01874	0.33323	0.01296	0.01883	0.01144	0.01393	0.09121	0.03707	0.28358	0.01603	0.01610	0.01092	0.00701	0.00632	0.03651	0.00652	0.00509	0.04799	0.00878
2	0.00902	0.01153	0.18301	0.00946	0.01250	0.00734	0.00919	0.01270	0.01549	0.02219	0.58380	0.03623	0.04388	0.01042	0.00655	0.00183	0.00410	0.00908	0.00549	0.00621
3	0.20247	0.02572	0.59044	0.01451	0.02195	0.01340	0.01797	0.01811	0.01173	0.02019	0.00989	0.01162	0.00712	0.00550	0.00508	0.00183	0.00765	0.00403	0.00272	0.00806
4	0.01189	0.01137	0.01960	0.57611	0.20598	0.01321	0.04804	0.01571	0.01209	0.01598	0.01054	0.01525	0.00814	0.00563	0.00585	0.00189	0.00765	0.00524	0.00267	0.00716
5	0.00973	0.00768	0.01023	0.00992	0.01148	0.00893	0.00772	0.01513	0.18037	0.01600	0.01745	0.02258	0.01528	0.03535	0.59528	0.00764	0.01304	0.00631	0.00376	0.00612
6	0.01561	0.57693	0.02815	0.01617	0.18725	0.06030	0.01184	0.01782	0.01239	0.01494	0.00879	0.01056	0.00787	0.00508	0.00428	0.00137	0.00660	0.00362	0.00260	0.00783
7	0.01206	0.01034	0.01206	0.00861	0.01378	0.00775	0.00689	0.01464	0.01206	0.01895	0.01034	0.01206	0.00861	0.00431	0.00431	0.00086	0.00431	0.00345	0.00345	0.83118
8	0.01842	0.04505	0.01652	0.03285	0.07179	0.01295	0.04824	0.19619	0.04128	0.23039	0.04707	0.01956	0.01404	0.09323	0.00971	0.00227	0.08107	0.00600	0.00507	0.00830
9	0.01412	0.01228	0.01482	0.19091	0.05060	0.01430	0.01127	0.06951	0.50557	0.02267	0.01949	0.01951	0.01463	0.00725	0.00588	0.00194	0.00553	0.00611	0.00502	0.00861
10	0.20969	0.08818	0.01581	0.01287	0.01617	0.53427	0.00999	0.02132	0.01457	0.01693	0.00871	0.01015	0.00721	0.00577	0.00474	0.00155	0.00875	0.00355	0.00309	0.00670
11	0.01631	0.01760	0.18841	0.01333	0.01823	0.01511	0.01261	0.27845	0.28738	0.02707	0.01729	0.01807	0.01297	0.00724	0.00582	0.00187	0.00615	0.02665	0.02031	0.00912
12	0.01010	0.00505	0.00758	0.00758	0.00758	0.00505	0.00505	0.00758	0.00758	0.01010	0.01010	0.01768	0.01010	0.02020	0.02273	0.83081	0.00505	0.00505	0.00253	0.00253
13	0.01626	0.03358	0.29144	0.01245	0.01853	0.01123	0.01310	0.04213	0.07260	0.22098	0.01491	0.01500	0.01046	0.00592	0.00533	0.00160	0.00619	0.00470	0.00434	0.19925
14	0.00902	0.00706	0.01062	0.18735	0.01649	0.00826	0.00862	0.01119	0.00981	0.01367	0.01491	0.02361	0.01406	0.15700	0.45267	0.00681	0.01179	0.00633	0.02553	0.00522
15	0.00903	0.00699	0.00864	0.00764	0.00995	0.00601	0.00590	0.01159	0.01493	0.02117	0.46956	0.03871	0.11962	0.01066	0.00633	0.00166	0.00326	0.04641	0.00555	0.19637
16	0.01949	0.00929	0.01172	0.00949	0.01290	0.00874	0.00765	0.10187	0.04030	0.40738	0.19113	0.02488	0.02342	0.00823	0.00589	0.00176	0.00434	0.00684	0.09632	0.00837
17	0.01311	0.01223	0.01254	0.00931	0.01424	0.09113	0.00736	0.01558	0.01254	0.01843	0.01019	0.01189	0.00849	0.00449	0.00441	0.00093	0.00498	0.00348	0.00340	0.74127
18	0.19977	0.00772	0.01028	0.00989	0.01163	0.00782	0.08569	0.01149	0.01122	0.01797	0.02425	0.49584	0.02758	0.01371	0.00650	0.00220	0.00442	0.04185	0.00471	0.00545
19	0.01638	0.01218	0.02027	0.02597	0.45540	0.01175	0.06368	0.01958	0.01441	0.19159	0.09506	0.01890	0.01536	0.00636	0.00597	0.00177	0.00620	0.00603	0.00427	0.00887
20	0.20423	0.01115	0.01611	0.37829	0.16587	0.01264	0.01336	0.01741	0.01208	0.09986	0.01131	0.01436	0.00841	0.00575	0.00529	0.00185	0.00654	0.00478	0.00338	0.00731
21	0.01218	0.02460	0.51424	0.01754	0.02513	0.01316	0.18565	0.01805	0.01259	0.01852	0.01073	0.01304	0.00784	0.00525	0.00570	0.00176	0.00841	0.00480	0.00268	0.09813

[dist]
# distance from previous block
# <min> <max>
0	377

# created by:
# /software/SequenceAnalysis/GenePrediction/augustus/3.0.1/scripts/msa2prfl.pl ./fixed/BUSCOvEOG71K0RV.fas
