[name]
unknown

[dist]
# distance from previous block
# <min> <max>
0	217

[block]
# block no. 0 follows, 41 sequences, length 30
# corresponding to MSA columns:
# 313-342
name=unknown_A
#
# <colnr> <probs for GDERKNQSTAVLIFYWHMCP>
#	G	D	E	R	K	N	Q	S	T	A	V	L	I	F	Y	W	H	M	C	P
0	0.00877	0.00646	0.00836	0.00891	0.01019	0.00626	0.00704	0.01164	0.05266	0.01880	0.25055	0.20504	0.08744	0.01462	0.00734	0.00228	0.00398	0.27851	0.00569	0.00547
1	0.01373	0.01430	0.01751	0.01512	0.01547	0.10179	0.01243	0.01494	0.00974	0.01402	0.00790	0.01259	0.00772	0.00969	0.01731	0.00243	0.69931	0.00493	0.00263	0.00642
2	0.02219	0.01577	0.01706	0.01312	0.01769	0.01725	0.01080	0.69651	0.02632	0.08227	0.01451	0.01441	0.01022	0.00703	0.00582	0.00176	0.00628	0.00526	0.00588	0.00984
3	0.00828	0.00578	0.00707	0.00748	0.00796	0.00558	0.00486	0.02724	0.01125	0.01523	0.13268	0.37068	0.03303	0.31795	0.01568	0.00351	0.00425	0.01209	0.00483	0.00456
4	0.01284	0.00710	0.00891	0.00788	0.01025	0.00625	0.00614	0.01500	0.01546	0.22566	0.35008	0.04034	0.23197	0.01140	0.00660	0.00189	0.00349	0.02590	0.00629	0.00656
5	0.01248	0.01227	0.01714	0.01479	0.01488	0.01698	0.01226	0.01371	0.00894	0.01396	0.00824	0.01345	0.00815	0.01218	0.06565	0.00296	0.73787	0.00515	0.00262	0.00631
6	0.02022	0.00948	0.01168	0.00947	0.01295	0.00900	0.00763	0.09508	0.06748	0.42811	0.06862	0.02123	0.01682	0.00746	0.00553	0.00172	0.00444	0.00602	0.18851	0.00854
7	0.01691	0.00885	0.01092	0.00914	0.01222	0.00822	0.00724	0.10317	0.02966	0.32737	0.18085	0.07835	0.16186	0.01021	0.00634	0.00188	0.00420	0.00853	0.00637	0.00771
8	0.00925	0.00661	0.00915	0.01045	0.01169	0.00654	0.00895	0.01166	0.01310	0.01710	0.03056	0.13286	0.03351	0.01612	0.00794	0.00264	0.00516	0.65605	0.00534	0.00533
9	0.83652	0.01122	0.00858	0.00769	0.01124	0.01295	0.00630	0.01697	0.00989	0.02584	0.00821	0.00963	0.00643	0.00547	0.00365	0.00181	0.00451	0.00318	0.00362	0.00632
10	0.00928	0.00675	0.00903	0.00981	0.01117	0.00668	0.00817	0.01238	0.04827	0.01879	0.19494	0.10822	0.03742	0.01476	0.00759	0.00243	0.00460	0.47856	0.00560	0.00555
11	0.00872	0.00605	0.00751	0.00790	0.00916	0.00556	0.00576	0.01063	0.03200	0.05657	0.17322	0.37559	0.19832	0.01512	0.00709	0.00216	0.00345	0.06412	0.00567	0.00538
12	0.00984	0.00652	0.00870	0.00865	0.01021	0.00613	0.00695	0.01242	0.01534	0.06920	0.47000	0.04861	0.04453	0.01288	0.00716	0.00211	0.00377	0.24515	0.00608	0.00576
13	0.07409	0.01004	0.01292	0.01027	0.01435	0.00919	0.00846	0.07185	0.01656	0.59744	0.04951	0.02243	0.01624	0.00782	0.00588	0.00186	0.00495	0.05024	0.00670	0.00918
14	0.01018	0.00515	0.00763	0.00762	0.00764	0.00512	0.00508	0.00764	0.00761	0.01018	0.01017	0.01769	0.01015	0.01997	0.02239	0.83052	0.00505	0.00504	0.00257	0.00262
15	0.01090	0.00551	0.00551	0.00550	0.00686	0.00548	0.00411	0.01349	0.01214	0.02152	0.01886	0.02161	0.01486	0.00682	0.00410	0.00138	0.00275	0.00540	0.82772	0.00546
16	0.02114	0.00918	0.01157	0.00928	0.01290	0.00854	0.00753	0.05994	0.06677	0.50403	0.02126	0.01975	0.01429	0.00702	0.00534	0.00168	0.00440	0.00567	0.20106	0.00865
17	0.02463	0.01014	0.01339	0.01036	0.01468	0.00914	0.00852	0.07191	0.04494	0.67882	0.03698	0.01966	0.01482	0.00719	0.00577	0.00177	0.00490	0.00583	0.00693	0.00962
18	0.00921	0.00609	0.00780	0.00731	0.00882	0.00558	0.00548	0.01156	0.01525	0.07266	0.56766	0.05536	0.11344	0.06146	0.00813	0.00207	0.00312	0.02747	0.00604	0.00551
19	0.00924	0.00746	0.00855	0.00876	0.01071	0.00749	0.00706	0.01432	0.17618	0.01785	0.04000	0.07784	0.32497	0.01357	0.00696	0.00218	0.00407	0.25146	0.00541	0.00590
20	0.01380	0.01035	0.01125	0.00995	0.01297	0.01110	0.00778	0.06976	0.41038	0.10119	0.07612	0.02983	0.19225	0.00944	0.00608	0.00190	0.00418	0.00785	0.00586	0.00796
21	0.28362	0.01299	0.01880	0.04561	0.38331	0.01365	0.08006	0.06222	0.01281	0.02188	0.01009	0.01269	0.00809	0.00527	0.00508	0.00175	0.00628	0.00460	0.00324	0.00796
22	0.63443	0.01240	0.03794	0.03669	0.01294	0.05922	0.00731	0.01658	0.01035	0.02310	0.00882	0.01123	0.00722	0.04443	0.00509	0.00189	0.00510	0.00352	0.00341	0.05835
23	0.01222	0.01261	0.02438	0.40480	0.11087	0.01350	0.30481	0.01639	0.01242	0.01651	0.01079	0.01521	0.00819	0.00530	0.00612	0.00189	0.00834	0.00575	0.00271	0.00718
24	0.00863	0.00642	0.00926	0.00913	0.01020	0.00739	0.00703	0.03431	0.00972	0.01389	0.01545	0.02317	0.01458	0.09145	0.70172	0.00871	0.01438	0.00624	0.00318	0.00515
25	0.02973	0.01685	0.13879	0.08516	0.02291	0.01525	0.17580	0.33414	0.01860	0.02549	0.01276	0.04472	0.00988	0.00661	0.00642	0.00185	0.03677	0.00575	0.00411	0.00839
26	0.01170	0.00975	0.01110	0.00984	0.01153	0.05733	0.05699	0.08675	0.14025	0.01728	0.04680	0.10804	0.02046	0.36808	0.01661	0.00356	0.00569	0.00819	0.00432	0.00574
27	0.00695	0.00507	0.00654	0.00772	0.00823	0.00467	0.00520	0.00799	0.01118	0.01470	0.03446	0.71308	0.11811	0.01754	0.00724	0.00228	0.00327	0.01580	0.00531	0.00467
28	0.19407	0.00870	0.00957	0.00837	0.01098	0.00894	0.00660	0.07131	0.06645	0.11890	0.37628	0.02907	0.05036	0.00914	0.00578	0.00180	0.00376	0.00755	0.00569	0.00669
29	0.04959	0.00769	0.00931	0.00832	0.01024	0.00786	0.00646	0.05995	0.06145	0.07473	0.48827	0.03379	0.04987	0.01018	0.00683	0.00181	0.04201	0.00858	0.05679	0.00626

[dist]
# distance from previous block
# <min> <max>
0	1

[block]
# block no. 1 follows, 41 sequences, length 7
# corresponding to MSA columns:
# 344-350
name=unknown_B
#
# <colnr> <probs for GDERKNQSTAVLIFYWHMCP>
#	G	D	E	R	K	N	Q	S	T	A	V	L	I	F	Y	W	H	M	C	P
0	0.01066	0.00533	0.00533	0.00533	0.00666	0.00533	0.00400	0.01333	0.01200	0.02132	0.01866	0.02132	0.01466	0.00666	0.00400	0.00133	0.00267	0.00533	0.83073	0.00533
1	0.01510	0.01126	0.01289	0.01227	0.05683	0.01228	0.00912	0.05181	0.47971	0.12294	0.02554	0.02577	0.08185	0.00852	0.00600	0.00193	0.00466	0.04718	0.00574	0.00859
2	0.22391	0.09094	0.01753	0.01242	0.01648	0.05095	0.14841	0.11611	0.01468	0.14095	0.03736	0.06046	0.03219	0.00687	0.00529	0.00176	0.00605	0.00574	0.00437	0.00751
3	0.01572	0.01527	0.07878	0.01187	0.01561	0.12184	0.00997	0.11942	0.29630	0.06854	0.06101	0.06862	0.01668	0.00776	0.00571	0.00176	0.00575	0.00629	0.00500	0.06810
4	0.01429	0.30389	0.32835	0.01385	0.04621	0.07893	0.01466	0.05471	0.01302	0.01707	0.00951	0.01104	0.00756	0.00526	0.00472	0.00150	0.00732	0.00379	0.00272	0.06159
5	0.15342	0.08421	0.01677	0.06807	0.01795	0.08275	0.01040	0.44711	0.02072	0.02893	0.01161	0.01243	0.00859	0.00627	0.00514	0.00168	0.00642	0.00450	0.00461	0.00843
6	0.05735	0.00950	0.05917	0.07643	0.01384	0.00876	0.00805	0.06579	0.07686	0.03887	0.07211	0.23349	0.02248	0.12363	0.04615	0.00277	0.00536	0.00887	0.00447	0.06606

[dist]
# distance from previous block
# <min> <max>
0	5

[block]
# block no. 2 follows, 41 sequences, length 40
# corresponding to MSA columns:
# 356-395
name=unknown_C
#
# <colnr> <probs for GDERKNQSTAVLIFYWHMCP>
#	G	D	E	R	K	N	Q	S	T	A	V	L	I	F	Y	W	H	M	C	P
0	0.02923	0.00969	0.01345	0.21676	0.02016	0.00987	0.00994	0.01803	0.03388	0.22329	0.09411	0.04035	0.01561	0.00713	0.00649	0.00169	0.06228	0.00579	0.00454	0.17769
1	0.01251	0.01290	0.02513	0.23491	0.02940	0.01324	0.40737	0.05099	0.01318	0.01768	0.01292	0.08443	0.01099	0.00647	0.00676	0.00195	0.03009	0.00695	0.00314	0.01898
2	0.01226	0.01003	0.01117	0.00996	0.01305	0.02811	0.00787	0.02836	0.27017	0.04230	0.04314	0.10439	0.04824	0.00935	0.00590	0.00177	0.00450	0.11641	0.00500	0.22802
3	0.05328	0.00563	0.00549	0.00544	0.00689	0.00572	0.00411	0.01351	0.01188	0.02155	0.01811	0.02071	0.01423	0.00659	0.00397	0.00136	0.00276	0.00522	0.78819	0.00538
4	0.22930	0.00663	0.00716	0.00789	0.00910	0.00687	0.00562	0.01040	0.01067	0.01760	0.02521	0.57168	0.02929	0.01451	0.00631	0.00218	0.00365	0.02602	0.00484	0.00507
5	0.01872	0.02788	0.21732	0.01515	0.01957	0.57234	0.01374	0.02158	0.01511	0.01510	0.00922	0.01079	0.00734	0.00577	0.00523	0.00156	0.00982	0.00383	0.00281	0.00712
6	0.01087	0.02344	0.56636	0.01476	0.02131	0.01149	0.01795	0.01644	0.01237	0.01785	0.01561	0.02608	0.01410	0.00820	0.00609	0.00203	0.00760	0.19665	0.00318	0.00760
7	0.01358	0.00762	0.01075	0.02299	0.01220	0.00806	0.00777	0.05025	0.01204	0.21585	0.01714	0.02111	0.01393	0.03043	0.50886	0.00661	0.01178	0.00595	0.01650	0.00659
8	0.01206	0.01189	0.01742	0.22069	0.02153	0.01623	0.01341	0.01399	0.00947	0.01399	0.00822	0.01324	0.00754	0.00886	0.01529	0.00234	0.57999	0.00503	0.00251	0.00628
9	0.00718	0.00526	0.00705	0.00823	0.00855	0.00513	0.00558	0.00818	0.01087	0.01457	0.03062	0.76557	0.03668	0.01762	0.00774	0.00233	0.03309	0.01583	0.00520	0.00471
10	0.00783	0.00544	0.00646	0.00677	0.00713	0.00524	0.00422	0.00847	0.01017	0.01356	0.10135	0.24157	0.08035	0.45414	0.01941	0.00404	0.00447	0.01091	0.00438	0.00408
11	0.00938	0.00728	0.00934	0.00825	0.01004	0.00650	0.04038	0.02225	0.01049	0.01476	0.01900	0.22316	0.02111	0.33589	0.01543	0.00323	0.00483	0.00891	0.00393	0.22584
12	0.00726	0.00525	0.00686	0.00765	0.00833	0.00486	0.00528	0.00873	0.01246	0.01687	0.22751	0.55563	0.07991	0.01608	0.00712	0.00216	0.00313	0.01446	0.00557	0.00486
13	0.00727	0.00521	0.00691	0.00776	0.00836	0.00485	0.00533	0.00872	0.01235	0.01683	0.22613	0.59430	0.04214	0.01626	0.00715	0.00218	0.00315	0.01468	0.00557	0.00485
14	0.04877	0.22134	0.01688	0.00970	0.01372	0.01265	0.00831	0.06986	0.02430	0.38564	0.01740	0.03877	0.01284	0.04808	0.00630	0.00181	0.00516	0.00532	0.04487	0.00828
15	0.62104	0.01239	0.01075	0.00903	0.01284	0.01414	0.00744	0.21106	0.01432	0.02844	0.00950	0.01048	0.00714	0.00573	0.00412	0.00176	0.00492	0.00365	0.00412	0.00714
16	0.02566	0.00973	0.01327	0.01018	0.01460	0.00841	0.00841	0.02788	0.01637	0.76726	0.02257	0.01947	0.01416	0.00708	0.00575	0.00177	0.00487	0.00575	0.00708	0.00973
17	0.01295	0.00666	0.00812	0.00729	0.00847	0.00631	0.00479	0.01354	0.01047	0.21302	0.01924	0.03263	0.01902	0.58751	0.02287	0.00454	0.00536	0.00763	0.00443	0.00514
18	0.00836	0.00597	0.00809	0.00901	0.01001	0.00579	0.00718	0.01044	0.01291	0.01726	0.16809	0.25423	0.03763	0.05314	0.00854	0.00253	0.00427	0.36611	0.00539	0.00504
19	0.83938	0.01106	0.00841	0.00752	0.01106	0.01283	0.00619	0.01681	0.00973	0.02566	0.00796	0.00929	0.00619	0.00531	0.00354	0.00177	0.00442	0.00310	0.00354	0.00619
20	0.00787	0.00575	0.00815	0.00851	0.00922	0.00629	0.00621	0.00938	0.00956	0.01337	0.01998	0.23064	0.02137	0.12779	0.48048	0.00692	0.01093	0.00910	0.00371	0.00479
21	0.01882	0.22492	0.01936	0.01147	0.01580	0.01778	0.00988	0.46742	0.03295	0.02839	0.01282	0.01338	0.00969	0.00633	0.00501	0.00155	0.00586	0.00463	0.08528	0.00865
22	0.00914	0.00756	0.01106	0.01050	0.01129	0.00947	0.00835	0.01101	0.00910	0.01339	0.01357	0.02024	0.01278	0.03552	0.60645	0.00769	0.18869	0.00588	0.00294	0.00536
23	0.02164	0.01902	0.01691	0.01358	0.01772	0.22023	0.01092	0.55159	0.02404	0.03016	0.01243	0.01282	0.00910	0.00661	0.00557	0.00165	0.00737	0.00476	0.00498	0.00890
24	0.01098	0.00796	0.00943	0.00926	0.01071	0.00819	0.00670	0.20459	0.01507	0.02015	0.02609	0.54798	0.02946	0.05472	0.00799	0.00233	0.00423	0.01289	0.00533	0.00594
25	0.00753	0.00574	0.00839	0.04384	0.01063	0.00553	0.04104	0.00878	0.01096	0.01460	0.02890	0.68296	0.03418	0.05754	0.00834	0.00245	0.00393	0.01488	0.00497	0.00481
26	0.19818	0.00988	0.01115	0.00988	0.01241	0.01125	0.00793	0.20770	0.01404	0.02214	0.01325	0.01718	0.01126	0.02485	0.39726	0.00553	0.01047	0.00519	0.00388	0.00658
27	0.00858	0.00541	0.00691	0.00692	0.00726	0.00528	0.00446	0.00861	0.01008	0.01374	0.18345	0.09814	0.02679	0.34754	0.02043	0.22555	0.00456	0.00856	0.00400	0.00374
28	0.00846	0.00702	0.00968	0.21469	0.01670	0.00723	0.00807	0.01105	0.01377	0.01805	0.30041	0.04041	0.26340	0.01119	0.00654	0.00191	0.00421	0.04680	0.00493	0.00547
29	0.01727	0.23008	0.02024	0.01431	0.05407	0.36783	0.01118	0.01891	0.01319	0.01402	0.00868	0.01104	0.00771	0.00764	0.03411	0.00188	0.15436	0.00392	0.00273	0.00682
30	0.23981	0.02294	0.01413	0.01281	0.01591	0.57222	0.00975	0.02123	0.01448	0.01711	0.00861	0.01004	0.00705	0.00574	0.00473	0.00155	0.00874	0.00353	0.00311	0.00651
31	0.23078	0.00774	0.00882	0.00949	0.01143	0.00816	0.00816	0.01299	0.01224	0.01931	0.02575	0.04929	0.06322	0.01293	0.00668	0.00237	0.00492	0.49543	0.00481	0.00549
32	0.01789	0.02119	0.01614	0.22014	0.02310	0.50430	0.01214	0.04736	0.01498	0.01496	0.00971	0.01238	0.00788	0.00777	0.04458	0.00199	0.00970	0.00424	0.00295	0.00660
33	0.00815	0.00605	0.00878	0.00866	0.00977	0.00668	0.00668	0.01037	0.01106	0.01586	0.21425	0.02788	0.02489	0.03457	0.57081	0.00722	0.01195	0.00725	0.00393	0.00518
34	0.00916	0.00712	0.00854	0.00877	0.01011	0.00737	0.00633	0.01459	0.21027	0.01896	0.19273	0.41985	0.03601	0.01381	0.00678	0.00210	0.00350	0.01232	0.00567	0.00599
35	0.01423	0.01671	0.21568	0.01187	0.01775	0.01148	0.02317	0.17624	0.01534	0.03705	0.01124	0.01254	0.00854	0.00520	0.00495	0.00133	0.00591	0.00410	0.00371	0.40296
36	0.00990	0.00735	0.00803	0.00768	0.00854	0.00786	0.00496	0.01421	0.20717	0.01452	0.01943	0.03313	0.01990	0.58770	0.02289	0.00458	0.00527	0.00782	0.00409	0.00496
37	0.01206	0.01084	0.01396	0.01040	0.01464	0.00969	0.04522	0.01449	0.01141	0.01778	0.00978	0.01216	0.00832	0.00527	0.00688	0.00119	0.14045	0.00384	0.00321	0.64843
38	0.01056	0.00740	0.00842	0.00795	0.01014	0.00692	0.00597	0.04818	0.09304	0.09522	0.03894	0.24121	0.33614	0.01302	0.00652	0.00195	0.00362	0.01116	0.00547	0.04818
39	0.00803	0.00568	0.00599	0.00591	0.00758	0.00506	0.00444	0.01002	0.01331	0.01832	0.16919	0.04391	0.43914	0.01191	0.00602	0.00175	0.00280	0.00997	0.22590	0.00506

[dist]
# distance from previous block
# <min> <max>
0	1

[block]
# block no. 3 follows, 41 sequences, length 39
# corresponding to MSA columns:
# 397-435
name=unknown_D
#
# <colnr> <probs for GDERKNQSTAVLIFYWHMCP>
#	G	D	E	R	K	N	Q	S	T	A	V	L	I	F	Y	W	H	M	C	P
0	0.01333	0.01660	0.09476	0.02346	0.02947	0.01437	0.68270	0.01830	0.01338	0.01830	0.01146	0.01515	0.00856	0.00487	0.00664	0.00192	0.00954	0.00654	0.00285	0.00778
1	0.01350	0.01543	0.03375	0.02411	0.02989	0.01446	0.74253	0.01832	0.01350	0.01832	0.01157	0.01543	0.00868	0.00482	0.00675	0.00193	0.00964	0.00675	0.00289	0.00771
2	0.00838	0.00605	0.00879	0.00879	0.00981	0.00695	0.00679	0.01042	0.00940	0.01389	0.01567	0.02279	0.01451	0.06080	0.69160	0.00844	0.01400	0.00612	0.07172	0.00508
3	0.01416	0.01359	0.02322	0.03511	0.76330	0.01359	0.01755	0.01755	0.01302	0.01869	0.01076	0.01416	0.00906	0.00510	0.00566	0.00170	0.00680	0.00510	0.00283	0.00906
4	0.00820	0.00576	0.00747	0.00752	0.00795	0.00617	0.00505	0.00908	0.00878	0.01213	0.01745	0.06172	0.01881	0.45692	0.33529	0.00691	0.00947	0.00774	0.00337	0.00419
5	0.00729	0.00532	0.00698	0.00800	0.00864	0.00484	0.00541	0.00839	0.01101	0.01487	0.03012	0.74354	0.03589	0.01702	0.00710	0.00223	0.00338	0.01541	0.00518	0.05938
6	0.01125	0.01097	0.01928	0.64264	0.03673	0.01322	0.10763	0.01503	0.01154	0.01503	0.01018	0.01511	0.00775	0.00586	0.00663	0.00194	0.05481	0.00529	0.00258	0.00652
7	0.00832	0.00555	0.00624	0.00624	0.00624	0.00555	0.00347	0.00832	0.00832	0.01109	0.01802	0.03743	0.02080	0.79898	0.02911	0.00555	0.00555	0.00832	0.00347	0.00347
8	0.01183	0.01122	0.01901	0.55522	0.26136	0.01298	0.01640	0.01552	0.01192	0.01586	0.01035	0.01491	0.00806	0.00553	0.00570	0.00184	0.00737	0.00509	0.00263	0.00718
9	0.26487	0.01044	0.01447	0.54677	0.03071	0.01275	0.01291	0.01529	0.01092	0.01800	0.00949	0.01342	0.00719	0.00559	0.00505	0.00186	0.00664	0.00447	0.00285	0.00631
10	0.01872	0.01388	0.01436	0.01143	0.01513	0.04782	0.00928	0.52911	0.02307	0.03154	0.08163	0.01742	0.01441	0.00723	0.00551	0.00165	0.00556	0.00558	0.13817	0.00850
11	0.00697	0.00498	0.00664	0.00796	0.00830	0.00465	0.00531	0.00796	0.01095	0.01460	0.03153	0.79525	0.03783	0.01792	0.00730	0.00232	0.00332	0.01626	0.00531	0.00465
12	0.01079	0.00775	0.00956	0.00833	0.01116	0.00634	0.00618	0.01256	0.01174	0.07876	0.02068	0.35303	0.02202	0.03238	0.00638	0.00169	0.00393	0.00930	0.00453	0.38287
13	0.00749	0.00712	0.07006	0.00883	0.00990	0.00549	0.00688	0.00906	0.01119	0.01506	0.02968	0.68207	0.03497	0.01674	0.00719	0.00230	0.00387	0.06203	0.00507	0.00500
14	0.00722	0.00525	0.00681	0.00761	0.00831	0.00484	0.00525	0.00866	0.01238	0.01667	0.20897	0.55568	0.09886	0.01615	0.00712	0.00217	0.00314	0.01451	0.00555	0.00484
15	0.00808	0.00571	0.00731	0.00737	0.00859	0.00522	0.00539	0.01014	0.01429	0.03823	0.43790	0.25244	0.13664	0.01373	0.00690	0.00198	0.00300	0.02597	0.00590	0.00522
16	0.01357	0.01299	0.02215	0.16694	0.63608	0.01344	0.01726	0.01704	0.01275	0.01797	0.01065	0.01435	0.00881	0.00521	0.00567	0.00174	0.00694	0.00509	0.00278	0.00858
17	0.01218	0.01109	0.01672	0.01384	0.01501	0.01395	0.11506	0.01431	0.01027	0.01636	0.01095	0.01519	0.00951	0.00841	0.01326	0.00212	0.47512	0.00534	0.21509	0.00623
18	0.02174	0.01602	0.01717	0.01316	0.01774	0.01774	0.01087	0.74423	0.02689	0.03605	0.01373	0.01373	0.00973	0.00687	0.00572	0.00172	0.00629	0.00515	0.00572	0.00973
19	0.01517	0.00758	0.00864	0.00745	0.00985	0.00744	0.00587	0.09920	0.01496	0.19327	0.06794	0.02145	0.01658	0.00711	0.00477	0.00151	0.00358	0.00574	0.49504	0.00684
20	0.07742	0.00685	0.00786	0.00750	0.00921	0.00676	0.00570	0.01246	0.07838	0.02093	0.42835	0.04111	0.16374	0.05918	0.00782	0.00211	0.00335	0.05007	0.00563	0.00556
21	0.01253	0.08848	0.43795	0.01863	0.02581	0.01449	0.28506	0.01811	0.01256	0.01780	0.01055	0.01307	0.00778	0.00516	0.00577	0.00181	0.00870	0.00506	0.00259	0.00809
22	0.02264	0.01458	0.01627	0.01247	0.01702	0.01559	0.01031	0.57963	0.02448	0.20406	0.01576	0.01505	0.01075	0.00692	0.00573	0.00173	0.00597	0.00529	0.00603	0.00973
23	0.00705	0.00501	0.00661	0.00786	0.00817	0.00470	0.00520	0.00799	0.01079	0.01439	0.03071	0.74971	0.03681	0.06486	0.00861	0.00252	0.00345	0.01578	0.00520	0.00457
24	0.00821	0.00584	0.00783	0.00786	0.00841	0.00638	0.00548	0.00932	0.00885	0.01234	0.01689	0.04691	0.01772	0.37721	0.42763	0.00742	0.01071	0.00733	0.00329	0.00437
25	0.01081	0.00768	0.00908	0.00898	0.01036	0.00788	0.00654	0.17706	0.01451	0.01964	0.02530	0.45508	0.02812	0.09614	0.00907	0.00249	0.00431	0.05252	0.04867	0.00576
26	0.00892	0.00700	0.00822	0.00782	0.00957	0.00691	0.00588	0.01381	0.15500	0.02108	0.43263	0.09446	0.18290	0.01193	0.00661	0.00189	0.00313	0.01036	0.00595	0.00593
27	0.01080	0.01017	0.01716	0.78523	0.03940	0.01271	0.01589	0.01461	0.01144	0.01461	0.01017	0.01525	0.00762	0.00572	0.00572	0.00191	0.00762	0.00508	0.00254	0.00635
28	0.02138	0.02695	0.01624	0.01469	0.01768	0.75534	0.01105	0.04251	0.01650	0.01460	0.00897	0.01041	0.00743	0.00592	0.00517	0.00148	0.01021	0.00372	0.00302	0.00672
29	0.00829	0.00564	0.00672	0.00672	0.00689	0.00581	0.00407	0.00863	0.00846	0.01145	0.01758	0.03499	0.01974	0.67559	0.15105	0.00614	0.00714	0.00796	0.00340	0.00373
30	0.01227	0.00633	0.00689	0.00648	0.00833	0.00618	0.00495	0.01552	0.05712	0.11506	0.02340	0.05789	0.08052	0.00795	0.00471	0.00152	0.00310	0.00652	0.56922	0.00604
31	0.04312	0.00653	0.00728	0.00674	0.00881	0.00579	0.00508	0.01168	0.01353	0.11821	0.17426	0.04473	0.44135	0.07768	0.00835	0.00218	0.00341	0.01024	0.00550	0.00553
32	0.00947	0.00593	0.00776	0.00788	0.00911	0.00545	0.00575	0.01126	0.01348	0.09575	0.28814	0.34353	0.07629	0.04568	0.00782	0.00221	0.00343	0.04986	0.00577	0.00543
33	0.00817	0.00613	0.00919	0.00919	0.01021	0.00715	0.00715	0.01021	0.00919	0.01328	0.01532	0.02247	0.01430	0.04290	0.77631	0.00919	0.01532	0.00613	0.00306	0.00511
34	0.00820	0.00600	0.00854	0.00854	0.00933	0.00679	0.00633	0.00979	0.00900	0.01279	0.01592	0.02580	0.01574	0.21114	0.61005	0.00838	0.01315	0.00662	0.00315	0.00474
35	0.00817	0.00548	0.00628	0.00643	0.00647	0.00545	0.00367	0.00828	0.00861	0.01148	0.01952	0.12121	0.02268	0.71264	0.02670	0.00519	0.00530	0.00920	0.00367	0.00360
36	0.00723	0.00515	0.00650	0.00747	0.00784	0.00484	0.00487	0.00805	0.01056	0.01395	0.03057	0.59240	0.08300	0.17547	0.01167	0.00295	0.00374	0.01437	0.00494	0.00442
37	0.81823	0.01224	0.00968	0.00874	0.01236	0.01371	0.00696	0.01794	0.01087	0.02701	0.00976	0.01177	0.00790	0.00647	0.00433	0.00209	0.00503	0.00370	0.00412	0.00709
38	0.01255	0.01262	0.07631	0.01291	0.01451	0.05837	0.01080	0.01420	0.01101	0.01596	0.01384	0.01983	0.01268	0.02561	0.37034	0.00575	0.25515	0.00595	0.04482	0.00678

[dist]
# distance from previous block
# <min> <max>
0	1

[block]
# block no. 4 follows, 41 sequences, length 11
# corresponding to MSA columns:
# 437-447
name=unknown_E
#
# <colnr> <probs for GDERKNQSTAVLIFYWHMCP>
#	G	D	E	R	K	N	Q	S	T	A	V	L	I	F	Y	W	H	M	C	P
0	0.01242	0.01050	0.01216	0.00874	0.01379	0.00820	0.00701	0.05590	0.01272	0.01963	0.01037	0.01197	0.00854	0.00439	0.00432	0.00090	0.00435	0.00349	0.00352	0.78709
1	0.01266	0.01206	0.02051	0.37007	0.44005	0.01320	0.01681	0.01624	0.01232	0.01687	0.01049	0.01464	0.00842	0.00537	0.00569	0.00179	0.00717	0.00509	0.00270	0.00785
2	0.02095	0.01308	0.07385	0.01161	0.01606	0.01191	0.01011	0.18492	0.15940	0.37982	0.02003	0.01945	0.01388	0.00732	0.00580	0.00182	0.00541	0.02912	0.00611	0.00935
3	0.00994	0.00497	0.00745	0.00745	0.00745	0.00497	0.00497	0.00745	0.00745	0.00994	0.00994	0.01739	0.00994	0.01987	0.02235	0.83358	0.00497	0.00497	0.00248	0.00248
4	0.00730	0.00620	0.00736	0.10331	0.01177	0.00578	0.00595	0.00896	0.01247	0.01520	0.04737	0.17962	0.54055	0.01399	0.00672	0.00200	0.00356	0.01193	0.00497	0.00499
5	0.03977	0.01264	0.01398	0.01111	0.01477	0.01364	0.03661	0.45956	0.04137	0.02974	0.01952	0.01983	0.09301	0.00757	0.00549	0.00168	0.00527	0.00598	0.16028	0.00817
6	0.11748	0.08808	0.01513	0.01317	0.08324	0.01495	0.00963	0.05741	0.48971	0.02319	0.01834	0.01768	0.01398	0.00690	0.00531	0.00182	0.00495	0.00554	0.00493	0.00856
7	0.01963	0.01049	0.01255	0.01030	0.01407	0.01041	0.00829	0.08293	0.23348	0.39695	0.02648	0.02400	0.10785	0.00819	0.00590	0.00184	0.00463	0.00670	0.00638	0.00892
8	0.00916	0.00697	0.01019	0.01283	0.10443	0.00688	0.00908	0.01139	0.01248	0.01656	0.02822	0.27757	0.03142	0.01510	0.00744	0.00242	0.00487	0.42245	0.00498	0.00555
9	0.01835	0.41593	0.02322	0.01210	0.01618	0.32461	0.01040	0.08904	0.01493	0.01584	0.00886	0.01007	0.00758	0.00548	0.00446	0.00137	0.00782	0.00351	0.00296	0.00728
10	0.00697	0.00498	0.00664	0.00796	0.00830	0.00465	0.00531	0.00796	0.01095	0.01460	0.03153	0.79525	0.03783	0.01792	0.00730	0.00232	0.00332	0.01626	0.00531	0.00465

[dist]
# distance from previous block
# <min> <max>
0	1

[block]
# block no. 5 follows, 41 sequences, length 7
# corresponding to MSA columns:
# 449-455
name=unknown_F
#
# <colnr> <probs for GDERKNQSTAVLIFYWHMCP>
#	G	D	E	R	K	N	Q	S	T	A	V	L	I	F	Y	W	H	M	C	P
0	0.01191	0.01167	0.01957	0.13707	0.10066	0.01333	0.17076	0.01444	0.01080	0.01529	0.01130	0.03783	0.01056	0.11245	0.01317	0.00253	0.25570	0.00608	0.00287	0.04202
1	0.01219	0.09434	0.01315	0.01131	0.07857	0.01115	0.00810	0.15611	0.10561	0.02044	0.03146	0.14891	0.26438	0.01085	0.00610	0.00185	0.00451	0.00910	0.00493	0.00692
2	0.06115	0.57816	0.02430	0.00966	0.01364	0.09178	0.00887	0.01649	0.01152	0.01388	0.00938	0.01304	0.00907	0.11049	0.00718	0.00185	0.00635	0.00382	0.00269	0.00669
3	0.01638	0.02033	0.29231	0.05711	0.07791	0.01533	0.01535	0.30410	0.09741	0.02600	0.01347	0.01462	0.00987	0.00651	0.00580	0.00186	0.00714	0.00508	0.00426	0.00915
4	0.01472	0.01357	0.02238	0.06230	0.07823	0.01395	0.29121	0.17136	0.09504	0.02223	0.01609	0.11965	0.01404	0.00780	0.00687	0.00201	0.02874	0.00750	0.00423	0.00807
5	0.01110	0.00790	0.01155	0.11273	0.01500	0.00789	0.06613	0.04063	0.01263	0.08304	0.10833	0.27519	0.02674	0.18053	0.01162	0.00286	0.00521	0.01032	0.00477	0.00583
6	0.01265	0.01268	0.01793	0.03622	0.01721	0.06134	0.12048	0.01450	0.01085	0.01539	0.01236	0.11769	0.01240	0.01071	0.03684	0.00246	0.40326	0.00672	0.00320	0.07513

[dist]
# distance from previous block
# <min> <max>
0	1

[block]
# block no. 6 follows, 41 sequences, length 8
# corresponding to MSA columns:
# 457-464
name=unknown_G
#
# <colnr> <probs for GDERKNQSTAVLIFYWHMCP>
#	G	D	E	R	K	N	Q	S	T	A	V	L	I	F	Y	W	H	M	C	P
0	0.01205	0.00960	0.01157	0.09512	0.01543	0.00842	0.00758	0.06591	0.01287	0.01969	0.01266	0.04657	0.01068	0.00555	0.00460	0.00117	0.00447	0.00455	0.13520	0.51632
1	0.00733	0.00523	0.00705	0.00837	0.00886	0.00495	0.00593	0.00858	0.01130	0.01500	0.03133	0.67896	0.03705	0.01758	0.00740	0.00237	0.00363	0.12902	0.00530	0.00474
2	0.14644	0.67648	0.02654	0.00943	0.01410	0.02107	0.00922	0.01708	0.01132	0.01540	0.00795	0.00919	0.00716	0.00496	0.00365	0.00131	0.00585	0.00306	0.00262	0.00716
3	0.01672	0.01353	0.01434	0.01215	0.01583	0.01539	0.00966	0.26754	0.51176	0.02795	0.02011	0.01881	0.01489	0.00746	0.00579	0.00187	0.00511	0.00603	0.00579	0.00928
4	0.00758	0.00573	0.00703	0.00706	0.00842	0.00517	0.00525	0.00965	0.01433	0.01923	0.41289	0.16719	0.25150	0.01366	0.00689	0.00196	0.00296	0.04258	0.00581	0.00511
5	0.06059	0.01348	0.01529	0.09704	0.01873	0.01480	0.01040	0.38500	0.15280	0.11645	0.01566	0.01564	0.01118	0.00674	0.00557	0.00175	0.00578	0.00527	0.00534	0.04249
6	0.83938	0.01106	0.00841	0.00752	0.01106	0.01283	0.00619	0.01681	0.00973	0.02566	0.00796	0.00929	0.00619	0.00531	0.00354	0.00177	0.00442	0.00310	0.00354	0.00619
7	0.00712	0.00504	0.00659	0.00777	0.00807	0.00475	0.00510	0.00800	0.01066	0.01421	0.03002	0.71053	0.03593	0.10523	0.00974	0.00268	0.00357	0.01537	0.00510	0.00451

[dist]
# distance from previous block
# <min> <max>
0	3

[block]
# block no. 7 follows, 41 sequences, length 23
# corresponding to MSA columns:
# 468-490
name=unknown_H
#
# <colnr> <probs for GDERKNQSTAVLIFYWHMCP>
#	G	D	E	R	K	N	Q	S	T	A	V	L	I	F	Y	W	H	M	C	P
0	0.01959	0.01447	0.01563	0.01241	0.01665	0.01591	0.01010	0.48928	0.21588	0.07186	0.01657	0.01596	0.01194	0.00701	0.00569	0.00174	0.00567	0.00546	0.00573	0.04244
1	0.00716	0.00528	0.00673	0.00766	0.00842	0.00485	0.00537	0.00848	0.01191	0.01565	0.10291	0.56060	0.16199	0.01665	0.00719	0.00223	0.00330	0.05345	0.00540	0.00478
2	0.00714	0.00505	0.00659	0.00775	0.00804	0.00476	0.00508	0.00801	0.01062	0.01416	0.02985	0.70093	0.03571	0.11513	0.01002	0.00272	0.00360	0.01527	0.00508	0.00450
3	0.00817	0.00613	0.00919	0.00919	0.01021	0.00715	0.00715	0.01021	0.00919	0.01328	0.01532	0.02247	0.01430	0.04290	0.77631	0.00919	0.01532	0.00613	0.00306	0.00511
4	0.01420	0.01346	0.01941	0.01579	0.01727	0.01719	0.09995	0.13850	0.01241	0.01810	0.00905	0.01307	0.00803	0.00885	0.01511	0.00230	0.56194	0.00524	0.00310	0.00702
5	0.00877	0.00677	0.00916	0.00846	0.00989	0.00648	0.05251	0.03680	0.03448	0.01861	0.31342	0.19184	0.11794	0.14639	0.01060	0.00257	0.00396	0.01086	0.00525	0.00526
6	0.01028	0.00593	0.00789	0.00760	0.00826	0.00590	0.00530	0.06247	0.00985	0.01282	0.01838	0.02352	0.13761	0.01799	0.01846	0.63022	0.00471	0.00619	0.00321	0.00342
7	0.00786	0.00647	0.00827	0.00861	0.00929	0.00688	0.00629	0.00901	0.01111	0.01468	0.03416	0.47387	0.21664	0.01570	0.00911	0.00225	0.13671	0.01328	0.00483	0.00497
8	0.01638	0.01085	0.01144	0.00937	0.01238	0.01174	0.00755	0.39069	0.01969	0.02893	0.01612	0.01741	0.01211	0.00677	0.00489	0.00153	0.00454	0.00524	0.40478	0.00760
9	0.73715	0.01089	0.00902	0.00786	0.01151	0.01228	0.00647	0.01820	0.01057	0.11884	0.00980	0.01057	0.00720	0.00553	0.00382	0.00177	0.00448	0.00343	0.00398	0.00664
10	0.01119	0.00855	0.00998	0.00905	0.01121	0.00896	0.00694	0.06416	0.24540	0.03889	0.44258	0.06068	0.03841	0.01029	0.00639	0.00186	0.00356	0.00893	0.00609	0.00687
11	0.00829	0.00564	0.00674	0.00674	0.00691	0.00582	0.00409	0.00864	0.00847	0.01146	0.01756	0.03489	0.01969	0.67044	0.15615	0.00617	0.00721	0.00795	0.00340	0.00374
12	0.00768	0.00591	0.00848	0.14007	0.01360	0.00606	0.00711	0.00924	0.01131	0.01504	0.06639	0.62289	0.03355	0.01552	0.00700	0.00222	0.00402	0.01405	0.00489	0.00498
13	0.00829	0.00631	0.00790	0.00868	0.00956	0.00646	0.00608	0.01195	0.13697	0.01609	0.02892	0.60611	0.03261	0.01805	0.06434	0.00277	0.00442	0.01384	0.00523	0.00543
14	0.01063	0.00789	0.00953	0.00955	0.01114	0.00825	0.00756	0.08070	0.11910	0.01889	0.08256	0.08599	0.04708	0.17034	0.01150	0.00293	0.00495	0.30047	0.00511	0.00582
15	0.01656	0.01269	0.01368	0.01176	0.01534	0.01429	0.00930	0.15152	0.56184	0.09429	0.02159	0.01988	0.01584	0.00755	0.00580	0.00189	0.00486	0.00618	0.00592	0.00923
16	0.00994	0.00497	0.00745	0.00745	0.00745	0.00497	0.00497	0.00745	0.00745	0.00994	0.00994	0.01739	0.00994	0.01987	0.02235	0.83358	0.00497	0.00497	0.00248	0.00248
17	0.00845	0.00654	0.00973	0.00957	0.01052	0.00781	0.00749	0.01044	0.00916	0.01331	0.01482	0.02183	0.01386	0.04079	0.72773	0.00876	0.06491	0.00606	0.00303	0.00518
18	0.00762	0.00606	0.00678	0.00695	0.00859	0.00542	0.00526	0.03177	0.01344	0.01683	0.11742	0.17523	0.48339	0.01466	0.00692	0.00204	0.00327	0.07787	0.00542	0.00505
19	0.01788	0.01302	0.01419	0.01150	0.01526	0.01418	0.00929	0.40578	0.19428	0.08045	0.08847	0.02165	0.07187	0.00810	0.00592	0.00180	0.00520	0.00649	0.00586	0.00881
20	0.00945	0.00514	0.00701	0.00712	0.00756	0.00504	0.00490	0.00895	0.00979	0.01413	0.11074	0.11905	0.01991	0.01633	0.01533	0.48055	0.00408	0.00714	0.14414	0.00361
21	0.00814	0.00719	0.01107	0.00995	0.01193	0.00651	0.13046	0.01009	0.01247	0.01592	0.05770	0.30967	0.32260	0.01405	0.00701	0.00210	0.00431	0.04863	0.00492	0.00529
22	0.00823	0.00689	0.01113	0.01033	0.01167	0.00644	0.13035	0.00979	0.01121	0.01486	0.02842	0.51321	0.08462	0.11265	0.00988	0.00263	0.00464	0.01334	0.00467	0.00503

[dist]
# distance from previous block
# <min> <max>
4	7

[block]
# block no. 8 follows, 41 sequences, length 35
# corresponding to MSA columns:
# 499-533
name=unknown_I
#
# <colnr> <probs for GDERKNQSTAVLIFYWHMCP>
#	G	D	E	R	K	N	Q	S	T	A	V	L	I	F	Y	W	H	M	C	P
0	0.07254	0.01053	0.01301	0.01079	0.01447	0.00962	0.00848	0.03642	0.06661	0.48909	0.13862	0.06016	0.02266	0.00938	0.00660	0.00214	0.00504	0.00737	0.00706	0.00939
1	0.01595	0.01347	0.01412	0.01279	0.01611	0.01510	0.00977	0.03117	0.73282	0.02537	0.02471	0.02357	0.01891	0.00890	0.00658	0.00226	0.00515	0.00700	0.00636	0.00991
2	0.01351	0.07769	0.70347	0.01692	0.02509	0.01475	0.02081	0.01918	0.01316	0.01944	0.01192	0.01439	0.00899	0.00660	0.00609	0.00210	0.00882	0.00475	0.00305	0.00925
3	0.05873	0.00913	0.01191	0.00954	0.01324	0.00823	0.00773	0.02389	0.04159	0.54908	0.17813	0.02412	0.02242	0.00806	0.00591	0.00180	0.00441	0.00666	0.00674	0.00868
4	0.01105	0.01025	0.01466	0.08615	0.01559	0.01365	0.01090	0.01264	0.00916	0.01364	0.01056	0.01709	0.01023	0.06881	0.21457	0.00439	0.46250	0.00555	0.00275	0.00584
5	0.01156	0.00923	0.01009	0.00927	0.01108	0.04871	0.00710	0.15087	0.01586	0.02136	0.21018	0.20403	0.12449	0.01192	0.00732	0.00195	0.05912	0.02140	0.05831	0.00615
6	0.00842	0.00562	0.00631	0.00631	0.00632	0.00561	0.00351	0.00840	0.00839	0.01119	0.01811	0.03753	0.02087	0.79779	0.02912	0.00556	0.00558	0.00834	0.00350	0.00352
7	0.01259	0.01061	0.01227	0.00884	0.01389	0.00833	0.00708	0.06130	0.01289	0.01984	0.01049	0.01212	0.00865	0.00447	0.00438	0.00092	0.00440	0.00354	0.00357	0.77980
8	0.00811	0.00592	0.00760	0.00718	0.00857	0.00542	0.00537	0.01070	0.01604	0.02254	0.71413	0.04361	0.09936	0.01193	0.00679	0.00183	0.00275	0.01048	0.00626	0.00541
9	0.01343	0.01517	0.03277	0.07085	0.03052	0.01440	0.69683	0.01816	0.01343	0.01818	0.01158	0.01555	0.00871	0.00494	0.00673	0.00195	0.00955	0.00668	0.00291	0.00768
10	0.01466	0.01138	0.01298	0.00977	0.01445	0.01011	0.00784	0.16265	0.06521	0.06071	0.01315	0.03708	0.01060	0.00563	0.00486	0.00121	0.00471	0.00449	0.00430	0.54421
11	0.01617	0.01176	0.01340	0.01054	0.01488	0.01131	0.00853	0.19366	0.14807	0.10880	0.01603	0.01804	0.01253	0.00655	0.00530	0.00148	0.00495	0.04635	0.00494	0.34670
12	0.00842	0.00562	0.00631	0.00631	0.00632	0.00561	0.00351	0.00840	0.00839	0.01119	0.01811	0.03753	0.02087	0.79779	0.02912	0.00556	0.00558	0.00834	0.00350	0.00352
13	0.01981	0.01103	0.01319	0.01072	0.01446	0.01115	0.00863	0.16040	0.19157	0.34826	0.12624	0.02227	0.01986	0.00792	0.00595	0.00182	0.00478	0.00649	0.00645	0.00900
14	0.05941	0.02855	0.72424	0.01585	0.02402	0.01331	0.02029	0.01810	0.01200	0.01864	0.01023	0.01205	0.00728	0.00549	0.00537	0.00183	0.00825	0.00419	0.00252	0.00837
15	0.10425	0.23824	0.42535	0.01387	0.02057	0.01579	0.05379	0.01800	0.01193	0.03554	0.00984	0.01146	0.00749	0.00535	0.00486	0.00167	0.00737	0.00398	0.00272	0.00794
16	0.02216	0.01300	0.01504	0.01177	0.01600	0.01347	0.00962	0.41220	0.04728	0.30360	0.01844	0.06140	0.01334	0.00768	0.00587	0.00180	0.00557	0.00609	0.00623	0.00946
17	0.01458	0.52870	0.18061	0.01169	0.01685	0.06823	0.01224	0.01734	0.01186	0.01455	0.00888	0.01068	0.00772	0.00693	0.03735	0.00176	0.03646	0.00358	0.00254	0.00744
18	0.01215	0.02245	0.43752	0.10997	0.07708	0.01373	0.17411	0.01757	0.01228	0.01767	0.01054	0.01347	0.00783	0.00559	0.00641	0.00189	0.04410	0.00499	0.00260	0.00804
19	0.01076	0.00541	0.00541	0.00540	0.00675	0.00539	0.00405	0.01340	0.01206	0.02141	0.01875	0.02145	0.01475	0.00673	0.00404	0.00135	0.00270	0.00536	0.82946	0.00538
20	0.00708	0.00505	0.00671	0.00803	0.00837	0.00471	0.00536	0.00804	0.01101	0.01470	0.03159	0.79415	0.03788	0.01797	0.00734	0.00234	0.00335	0.01627	0.00534	0.00470
21	0.01233	0.01022	0.01197	0.00859	0.01365	0.00770	0.00687	0.01484	0.01204	0.03908	0.01060	0.01221	0.00872	0.00438	0.00432	0.00089	0.00429	0.00349	0.00352	0.81029
22	0.01332	0.01256	0.02114	0.15421	0.59424	0.01295	0.01636	0.01652	0.01251	0.01760	0.01125	0.01604	0.00971	0.05890	0.00730	0.00201	0.00688	0.00534	0.00286	0.00829
23	0.00802	0.00592	0.00746	0.00707	0.00851	0.00538	0.00530	0.01051	0.01581	0.02199	0.66251	0.04451	0.15132	0.01213	0.00679	0.00184	0.00276	0.01061	0.00619	0.00537
24	0.00715	0.00511	0.00678	0.00798	0.00839	0.00476	0.00536	0.00823	0.01136	0.01524	0.07950	0.74468	0.03894	0.01756	0.00730	0.00231	0.00331	0.01589	0.00541	0.00475
25	0.07359	0.02107	0.01500	0.01306	0.01645	0.44515	0.01006	0.15878	0.07857	0.02017	0.01315	0.01392	0.04054	0.00654	0.00528	0.00158	0.00808	0.00453	0.00391	0.05060
26	0.06312	0.07968	0.10129	0.01286	0.01781	0.02996	0.01158	0.51265	0.02238	0.07365	0.01311	0.01336	0.00938	0.00653	0.00545	0.00171	0.00644	0.00481	0.00504	0.00920
27	0.01964	0.02394	0.01899	0.01868	0.12972	0.57511	0.08115	0.03548	0.01574	0.01562	0.00958	0.01157	0.00788	0.00576	0.00544	0.00157	0.00968	0.00425	0.00301	0.00720
28	0.01436	0.01188	0.01650	0.01220	0.01706	0.01057	0.13803	0.10707	0.06439	0.06701	0.01312	0.03309	0.01043	0.00548	0.00518	0.00133	0.00552	0.00490	0.00406	0.45782
29	0.01178	0.01002	0.01165	0.00871	0.01336	0.00792	0.00687	0.01509	0.06058	0.01880	0.01257	0.06555	0.01114	0.00546	0.00459	0.00104	0.00423	0.00449	0.00371	0.72244
30	0.00927	0.00711	0.00906	0.02723	0.01135	0.00643	0.00685	0.03657	0.01220	0.01688	0.02507	0.42885	0.02819	0.01360	0.00661	0.00201	0.00413	0.13816	0.00482	0.20561
31	0.00708	0.00579	0.00619	0.00627	0.00792	0.00496	0.00459	0.00857	0.01314	0.01623	0.13715	0.12950	0.58389	0.03371	0.00740	0.00206	0.00302	0.01223	0.00541	0.00490
32	0.00781	0.00614	0.00711	0.00730	0.00880	0.00564	0.00543	0.01035	0.05614	0.01768	0.21001	0.20850	0.35259	0.01432	0.00693	0.00205	0.00323	0.05912	0.00559	0.00525
33	0.01425	0.01365	0.02327	0.03513	0.76219	0.01364	0.01758	0.01762	0.01308	0.01877	0.01086	0.01429	0.00915	0.00516	0.00570	0.00172	0.00683	0.00513	0.00287	0.00911
34	0.00925	0.00663	0.00866	0.00858	0.00933	0.00699	0.00604	0.01028	0.01006	0.01416	0.07567	0.03090	0.02070	0.32584	0.42237	0.00730	0.01081	0.00758	0.00381	0.00504

[dist]
# distance from previous block
# <min> <max>
3	13

[block]
# block no. 9 follows, 41 sequences, length 8
# corresponding to MSA columns:
# 547-554
name=unknown_J
#
# <colnr> <probs for GDERKNQSTAVLIFYWHMCP>
#	G	D	E	R	K	N	Q	S	T	A	V	L	I	F	Y	W	H	M	C	P
0	0.01217	0.01015	0.01176	0.00867	0.01331	0.00809	0.00685	0.06224	0.01267	0.01931	0.01161	0.04546	0.01028	0.03786	0.00549	0.00116	0.00439	0.00424	0.00363	0.71066
1	0.01752	0.01326	0.01462	0.01129	0.01556	0.01363	0.00917	0.46961	0.02149	0.02958	0.06323	0.05671	0.01383	0.00710	0.00549	0.00153	0.00537	0.00563	0.00514	0.22023
2	0.22312	0.01067	0.01577	0.54683	0.03165	0.01283	0.05087	0.01537	0.01111	0.01763	0.00968	0.01373	0.00731	0.00557	0.00521	0.00187	0.00691	0.00466	0.00282	0.00638
3	0.22298	0.01040	0.01492	0.58608	0.03214	0.01274	0.01340	0.01518	0.01100	0.01744	0.00960	0.01372	0.00726	0.00561	0.00516	0.00187	0.00681	0.00457	0.00280	0.00631
4	0.24452	0.01295	0.02260	0.01739	0.04758	0.01283	0.39993	0.01822	0.01254	0.07740	0.01191	0.01443	0.00887	0.00528	0.00553	0.00182	0.00720	0.00549	0.06622	0.00731
5	0.22363	0.02377	0.51871	0.01465	0.02164	0.01326	0.07201	0.01780	0.01158	0.02006	0.00977	0.01162	0.00709	0.00536	0.00505	0.00181	0.00751	0.00413	0.00274	0.00782
6	0.00810	0.00585	0.00765	0.00720	0.00855	0.00540	0.00540	0.01079	0.01619	0.02294	0.76028	0.04273	0.05397	0.01169	0.00675	0.00180	0.00270	0.01034	0.00630	0.00540
7	0.00895	0.00673	0.00903	0.20572	0.01473	0.00738	0.00665	0.00993	0.00912	0.01199	0.01601	0.03175	0.01742	0.59585	0.02312	0.00461	0.00608	0.00749	0.00323	0.00421

[dist]
# distance from previous block
# <min> <max>
0	1

[block]
# block no. 10 follows, 41 sequences, length 6
# corresponding to MSA columns:
# 556-561
name=unknown_K
#
# <colnr> <probs for GDERKNQSTAVLIFYWHMCP>
#	G	D	E	R	K	N	Q	S	T	A	V	L	I	F	Y	W	H	M	C	P
0	0.00725	0.00518	0.00684	0.00815	0.00850	0.00481	0.00543	0.00817	0.01112	0.01485	0.03170	0.79235	0.03796	0.01804	0.00740	0.00237	0.00341	0.01630	0.00539	0.00479
1	0.23668	0.01488	0.01502	0.01184	0.01615	0.01656	0.00974	0.55034	0.02249	0.03348	0.01246	0.01292	0.00904	0.00663	0.00526	0.00178	0.00589	0.00469	0.00523	0.00892
2	0.01322	0.01931	0.22701	0.02217	0.02866	0.01428	0.55013	0.01843	0.01328	0.01850	0.01148	0.01490	0.00855	0.00516	0.00651	0.00194	0.00940	0.00616	0.00286	0.00804
3	0.01161	0.00898	0.01088	0.00838	0.01214	0.00708	0.00642	0.01276	0.01087	0.01658	0.01037	0.01367	0.00910	0.00852	0.00911	0.21958	0.00452	0.00389	0.00324	0.61229
4	0.82810	0.01169	0.00908	0.00817	0.01175	0.01330	0.00661	0.01741	0.01034	0.02638	0.00892	0.01061	0.00711	0.00593	0.00396	0.00194	0.00475	0.00342	0.00385	0.00667
5	0.83129	0.01151	0.00889	0.00799	0.01156	0.01317	0.00649	0.01724	0.01017	0.02618	0.00865	0.01024	0.00685	0.00575	0.00384	0.00189	0.00466	0.00333	0.00376	0.00654

[dist]
# distance from previous block
# <min> <max>
0	3

[block]
# block no. 11 follows, 41 sequences, length 8
# corresponding to MSA columns:
# 565-572
name=unknown_L
#
# <colnr> <probs for GDERKNQSTAVLIFYWHMCP>
#	G	D	E	R	K	N	Q	S	T	A	V	L	I	F	Y	W	H	M	C	P
0	0.02031	0.02432	0.01577	0.01417	0.01726	0.61504	0.01074	0.06718	0.12863	0.01683	0.01133	0.01219	0.00904	0.00624	0.00529	0.00156	0.00920	0.00419	0.00355	0.00718
1	0.00994	0.00497	0.00745	0.00745	0.00745	0.00497	0.00497	0.00745	0.00745	0.00994	0.00994	0.01739	0.00994	0.01987	0.02235	0.83358	0.00497	0.00497	0.00248	0.00248
2	0.01838	0.01531	0.01356	0.01195	0.01522	0.22078	0.00933	0.02621	0.32148	0.19273	0.04483	0.02062	0.01590	0.00760	0.00575	0.00180	0.00616	0.03881	0.00532	0.00825
3	0.02346	0.01138	0.01406	0.01099	0.01530	0.01110	0.00901	0.18111	0.10689	0.52207	0.02077	0.01847	0.01361	0.00712	0.00575	0.00178	0.00513	0.00571	0.00664	0.00965
4	0.00696	0.00563	0.00619	0.00642	0.00794	0.00486	0.00467	0.00847	0.01298	0.01617	0.13656	0.20908	0.52432	0.01487	0.00687	0.00200	0.00296	0.01274	0.00543	0.00486
5	0.02023	0.01527	0.01631	0.01285	0.01716	0.01703	0.01051	0.60056	0.17302	0.03361	0.01565	0.01526	0.01128	0.00705	0.00574	0.00176	0.00594	0.00541	0.00574	0.00959
6	0.07159	0.01075	0.01677	0.57252	0.10778	0.01282	0.01475	0.05753	0.01246	0.01719	0.01121	0.01690	0.00896	0.00616	0.00566	0.00190	0.00712	0.03823	0.00295	0.00676
7	0.06997	0.07073	0.46620	0.01338	0.02028	0.01239	0.01571	0.01857	0.01237	0.10820	0.01142	0.01256	0.00819	0.00541	0.00505	0.00162	0.00696	0.00413	0.00320	0.13363

[dist]
# distance from previous block
# <min> <max>
0	5

[block]
# block no. 12 follows, 41 sequences, length 19
# corresponding to MSA columns:
# 578-596
name=unknown_M
#
# <colnr> <probs for GDERKNQSTAVLIFYWHMCP>
#	G	D	E	R	K	N	Q	S	T	A	V	L	I	F	Y	W	H	M	C	P
0	0.01863	0.02319	0.22191	0.04229	0.01992	0.32559	0.01356	0.10774	0.04087	0.11479	0.01210	0.01293	0.00883	0.00609	0.00542	0.00166	0.00834	0.00442	0.00374	0.00797
1	0.11175	0.44981	0.02323	0.22184	0.02118	0.01850	0.01109	0.05560	0.01217	0.01643	0.00887	0.01110	0.00741	0.00527	0.00433	0.00150	0.00634	0.00373	0.00278	0.00706
2	0.00788	0.00563	0.00768	0.00901	0.00974	0.00543	0.00689	0.00954	0.01185	0.01562	0.03102	0.49919	0.03584	0.01706	0.00754	0.00245	0.00411	0.30333	0.00529	0.00490
