[name]
unknown

[dist]
# distance from previous block
# <min> <max>
49	254

[block]
# block no. 0 follows, 40 sequences, length 10
# corresponding to MSA columns:
# 276-285
name=unknown_A
#
# <colnr> <probs for GDERKNQSTAVLIFYWHMCP>
#	G	D	E	R	K	N	Q	S	T	A	V	L	I	F	Y	W	H	M	C	P
0	0.01873	0.16353	0.01784	0.01308	0.01617	0.49057	0.01021	0.02032	0.01600	0.01641	0.14450	0.01717	0.01669	0.00731	0.00555	0.00164	0.00848	0.00508	0.00375	0.00699
1	0.01076	0.00869	0.03718	0.00865	0.01092	0.00800	0.00700	0.14274	0.01803	0.02498	0.54301	0.03790	0.09718	0.01098	0.00662	0.00182	0.00363	0.00947	0.00608	0.00635
2	0.01989	0.01533	0.01724	0.01347	0.01731	0.01746	0.01114	0.57088	0.02321	0.03163	0.01263	0.01364	0.00942	0.00742	0.00814	0.00184	0.14706	0.00512	0.00510	0.05208
3	0.01018	0.00871	0.01339	0.01111	0.01360	0.00853	0.13842	0.01541	0.12831	0.02263	0.50942	0.03509	0.04086	0.01001	0.00672	0.00187	0.00430	0.00925	0.00570	0.00648
4	0.15762	0.00754	0.00869	0.14688	0.01442	0.00783	0.00709	0.01120	0.01220	0.01770	0.07361	0.15246	0.33868	0.01182	0.00617	0.00198	0.00415	0.00990	0.00462	0.00544
5	0.14336	0.28106	0.01939	0.01154	0.01541	0.24016	0.00967	0.04754	0.14659	0.01850	0.01138	0.01209	0.00924	0.00594	0.00463	0.00155	0.00692	0.00401	0.00355	0.00747
6	0.51076	0.01015	0.00973	0.03683	0.01271	0.01108	0.00706	0.03698	0.01184	0.15754	0.01469	0.13167	0.01284	0.00775	0.00473	0.00189	0.00458	0.00582	0.00455	0.00681
7	0.01726	0.01565	0.15126	0.01616	0.13131	0.01321	0.01278	0.09280	0.27137	0.18870	0.01825	0.01772	0.01307	0.00681	0.00580	0.00185	0.00592	0.00566	0.00510	0.00931
8	0.01822	0.01617	0.01610	0.01339	0.01635	0.15259	0.01081	0.36732	0.01929	0.02495	0.01217	0.01447	0.00976	0.01300	0.12573	0.00301	0.14932	0.00509	0.00430	0.00796
9	0.16430	0.01226	0.01300	0.01001	0.01451	0.01201	0.00811	0.25709	0.01673	0.02598	0.01207	0.04556	0.00990	0.00599	0.00482	0.00139	0.00500	0.00455	0.00435	0.37237

[dist]
# distance from previous block
# <min> <max>
1	41

[block]
# block no. 1 follows, 40 sequences, length 10
# corresponding to MSA columns:
# 329-338
name=unknown_B
#
# <colnr> <probs for GDERKNQSTAVLIFYWHMCP>
#	G	D	E	R	K	N	Q	S	T	A	V	L	I	F	Y	W	H	M	C	P
0	0.01631	0.01341	0.01419	0.01221	0.01582	0.01533	0.00965	0.20214	0.57460	0.02730	0.02132	0.01983	0.01585	0.00767	0.00589	0.00192	0.00504	0.00625	0.00589	0.00937
1	0.01583	0.01199	0.01301	0.01141	0.01470	0.01345	0.00887	0.07333	0.57459	0.10560	0.02263	0.02208	0.01711	0.05956	0.00746	0.00218	0.00482	0.00653	0.00589	0.00895
2	0.00857	0.00678	0.00831	0.00777	0.00925	0.00676	0.00591	0.01154	0.05389	0.02042	0.46555	0.04291	0.22280	0.03545	0.00841	0.00204	0.06207	0.01027	0.00575	0.00555
3	0.00728	0.00514	0.00669	0.00784	0.00813	0.00485	0.00513	0.00815	0.01075	0.01433	0.03008	0.68348	0.03597	0.12997	0.01061	0.00283	0.00370	0.01537	0.00513	0.00455
4	0.01665	0.01402	0.01367	0.01185	0.01490	0.11069	0.00933	0.31730	0.13536	0.02528	0.01957	0.10731	0.03344	0.05907	0.02342	0.00230	0.00628	0.06657	0.00518	0.00782
5	0.09152	0.31773	0.02048	0.09664	0.06594	0.06385	0.01031	0.11222	0.01431	0.03994	0.02625	0.01329	0.00975	0.00583	0.00461	0.00152	0.00610	0.00426	0.08800	0.00745
6	0.01292	0.01039	0.01214	0.00889	0.01372	0.00830	0.00712	0.06337	0.01357	0.04561	0.06736	0.01482	0.01239	0.00516	0.00465	0.00103	0.00435	0.00418	0.00395	0.68610
7	0.01690	0.01688	0.01425	0.01228	0.01520	0.27205	0.00967	0.19766	0.01785	0.02158	0.11325	0.02213	0.07230	0.00842	0.00699	0.00174	0.07397	0.04108	0.00444	0.06134
8	0.01158	0.00995	0.01226	0.09368	0.01628	0.00810	0.00780	0.01419	0.01194	0.01820	0.01192	0.06927	0.01069	0.00549	0.00470	0.00109	0.00462	0.00459	0.00349	0.68015
9	0.00745	0.00576	0.00679	0.00685	0.00829	0.00511	0.00502	0.00935	0.01415	0.01858	0.33127	0.18179	0.35025	0.01422	0.00696	0.00198	0.00294	0.01233	0.00580	0.00511

[dist]
# distance from previous block
# <min> <max>
26	102

# created by:
# /software/SequenceAnalysis/GenePrediction/augustus/3.0.1/scripts/msa2prfl.pl ./fixed/BUSCOvEOG71C89S.fas
