[name]
unknown

[dist]
# distance from previous block
# <min> <max>
0	116

[block]
# block no. 0 follows, 38 sequences, length 23
# corresponding to MSA columns:
# 120-142
name=unknown_A
#
# <colnr> <probs for GDERKNQSTAVLIFYWHMCP>
#	G	D	E	R	K	N	Q	S	T	A	V	L	I	F	Y	W	H	M	C	P
0	0.02699	0.01024	0.01396	0.01070	0.01536	0.00884	0.00884	0.02932	0.01722	0.75522	0.02373	0.02048	0.01489	0.00745	0.00605	0.00186	0.00512	0.00605	0.00745	0.01024
1	0.02699	0.01024	0.01396	0.01070	0.01536	0.00884	0.00884	0.02932	0.01722	0.75522	0.02373	0.02048	0.01489	0.00745	0.00605	0.00186	0.00512	0.00605	0.00745	0.01024
2	0.02260	0.01593	0.01730	0.01332	0.01793	0.01743	0.01093	0.65148	0.02670	0.08842	0.01529	0.01588	0.01103	0.03870	0.00701	0.00197	0.00648	0.00560	0.00603	0.00997
3	0.00711	0.00609	0.00609	0.00609	0.00813	0.00508	0.00457	0.00863	0.01371	0.01625	0.06094	0.05789	0.74862	0.01524	0.00711	0.00203	0.00305	0.01270	0.00559	0.00508
4	0.01247	0.01069	0.01247	0.00891	0.01426	0.00802	0.00713	0.01515	0.01247	0.01960	0.01069	0.01247	0.00891	0.00446	0.00446	0.00089	0.00446	0.00356	0.00356	0.82536
5	0.01608	0.79220	0.03152	0.01029	0.01544	0.02380	0.01029	0.01801	0.01222	0.01415	0.00836	0.00965	0.00772	0.00515	0.00386	0.00129	0.00643	0.00322	0.00257	0.00772
6	0.00859	0.00645	0.00967	0.00967	0.01074	0.00752	0.00752	0.01074	0.00967	0.01396	0.01611	0.02363	0.01504	0.04512	0.76474	0.00967	0.01611	0.00645	0.00322	0.00537
7	0.01136	0.01069	0.01804	0.77412	0.04143	0.01337	0.01671	0.01537	0.01203	0.01537	0.01069	0.01604	0.00802	0.00601	0.00601	0.00200	0.00802	0.00535	0.00267	0.00668
8	0.83108	0.01163	0.00884	0.00791	0.01163	0.01350	0.00651	0.01768	0.01024	0.02699	0.00838	0.00977	0.00651	0.00558	0.00372	0.00186	0.00465	0.00326	0.00372	0.00651
9	0.01247	0.01069	0.01247	0.00891	0.01426	0.00802	0.00713	0.01515	0.01247	0.01960	0.01069	0.01247	0.00891	0.00446	0.00446	0.00089	0.00446	0.00356	0.00356	0.82536
10	0.02250	0.02782	0.01712	0.01538	0.01860	0.71082	0.01161	0.07484	0.01786	0.01639	0.00967	0.01111	0.00793	0.00627	0.00547	0.00157	0.01054	0.00399	0.00331	0.00721
11	0.83108	0.01163	0.00884	0.00791	0.01163	0.01350	0.00651	0.01768	0.01024	0.02699	0.00838	0.00977	0.00651	0.00558	0.00372	0.00186	0.00465	0.00326	0.00372	0.00651
12	0.00845	0.00615	0.00796	0.00751	0.00895	0.00565	0.00563	0.01124	0.01689	0.02379	0.71843	0.04549	0.08642	0.01242	0.00710	0.00190	0.00285	0.01096	0.00658	0.00565
13	0.01045	0.00522	0.00784	0.00784	0.00784	0.00522	0.00522	0.00784	0.00784	0.01045	0.01045	0.01829	0.01045	0.02090	0.02351	0.82497	0.00522	0.00522	0.00261	0.00261
14	0.01496	0.01292	0.01360	0.01224	0.01564	0.01496	0.00952	0.03197	0.74019	0.02516	0.02448	0.02244	0.01836	0.00816	0.00612	0.00204	0.00476	0.00680	0.00612	0.00952
15	0.00845	0.00692	0.01128	0.01099	0.01223	0.00650	0.11149	0.01017	0.01203	0.01606	0.03003	0.63668	0.03505	0.01672	0.00763	0.00240	0.00456	0.05021	0.00521	0.00539
16	0.00733	0.00524	0.00698	0.00838	0.00873	0.00489	0.00558	0.00838	0.01152	0.01536	0.03316	0.78466	0.03979	0.01885	0.00768	0.00244	0.00349	0.01710	0.00558	0.00489
17	0.01483	0.01703	0.03362	0.02522	0.06639	0.06902	0.64220	0.01957	0.01438	0.01896	0.01192	0.01577	0.00905	0.00517	0.00692	0.00198	0.01004	0.00678	0.00304	0.00810
18	0.01489	0.01429	0.02442	0.03692	0.75106	0.01429	0.01846	0.01846	0.01370	0.01965	0.01132	0.01489	0.00953	0.00536	0.00596	0.00179	0.00715	0.00536	0.00298	0.00953
19	0.83108	0.01163	0.00884	0.00791	0.01163	0.01350	0.00651	0.01768	0.01024	0.02699	0.00838	0.00977	0.00651	0.00558	0.00372	0.00186	0.00465	0.00326	0.00372	0.00651
20	0.01149	0.01095	0.01885	0.73957	0.04097	0.01345	0.04959	0.01555	0.01213	0.01555	0.01076	0.01605	0.00807	0.00597	0.00606	0.00201	0.00812	0.00543	0.00269	0.00675
21	0.02073	0.04631	0.01699	0.04843	0.01835	0.03578	0.01073	0.43607	0.11154	0.11022	0.01609	0.01598	0.01154	0.00706	0.00581	0.00177	0.00620	0.00544	0.02706	0.04791
22	0.00805	0.00610	0.00743	0.00716	0.00872	0.00547	0.00535	0.01044	0.01584	0.02147	0.51829	0.07577	0.26111	0.01341	0.00712	0.00195	0.00292	0.01164	0.00628	0.00547

[dist]
# distance from previous block
# <min> <max>
0	2

[block]
# block no. 1 follows, 38 sequences, length 25
# corresponding to MSA columns:
# 145-169
name=unknown_B
#
# <colnr> <probs for GDERKNQSTAVLIFYWHMCP>
#	G	D	E	R	K	N	Q	S	T	A	V	L	I	F	Y	W	H	M	C	P
0	0.02245	0.01770	0.01796	0.03945	0.01941	0.08488	0.01163	0.64409	0.02674	0.03509	0.01386	0.01418	0.00994	0.00709	0.00596	0.00179	0.00704	0.00528	0.00565	0.00982
1	0.02317	0.01221	0.01660	0.01279	0.01738	0.01184	0.07933	0.15652	0.09844	0.45237	0.04061	0.01984	0.01499	0.00738	0.00618	0.00189	0.00578	0.00625	0.00659	0.00983
2	0.09585	0.01238	0.01447	0.01145	0.01588	0.01256	0.00937	0.20219	0.12252	0.40879	0.02018	0.01831	0.01349	0.00733	0.00584	0.00187	0.00540	0.00575	0.00657	0.00980
3	0.01569	0.71822	0.10209	0.01096	0.01647	0.02285	0.01145	0.01811	0.01227	0.01463	0.00860	0.00995	0.00771	0.00520	0.00404	0.00135	0.00667	0.00334	0.00257	0.00783
4	0.00733	0.00524	0.00698	0.00838	0.00873	0.00489	0.00558	0.00838	0.01152	0.01536	0.03316	0.78466	0.03979	0.01885	0.00768	0.00244	0.00349	0.01710	0.00558	0.00489
5	0.07570	0.01651	0.01745	0.01345	0.01820	0.01832	0.01111	0.68437	0.02710	0.03720	0.01405	0.01414	0.00999	0.00711	0.00587	0.00181	0.00649	0.00528	0.00587	0.00999
6	0.01249	0.02685	0.57644	0.06949	0.11264	0.01405	0.06692	0.01876	0.01287	0.01890	0.01094	0.01340	0.00797	0.00565	0.00585	0.00191	0.00871	0.00478	0.00263	0.00877
7	0.02699	0.01024	0.01396	0.01070	0.01536	0.00884	0.00884	0.02932	0.01722	0.75522	0.02373	0.02048	0.01489	0.00745	0.00605	0.00186	0.00512	0.00605	0.00745	0.01024
8	0.01371	0.15318	0.53457	0.01641	0.02421	0.01542	0.08250	0.01945	0.01300	0.05770	0.01121	0.01293	0.00816	0.00566	0.00555	0.00181	0.00840	0.00457	0.00285	0.00870
9	0.01247	0.01069	0.01247	0.00891	0.01426	0.00802	0.00713	0.01515	0.01247	0.01960	0.01069	0.01247	0.00891	0.00446	0.00446	0.00089	0.00446	0.00356	0.00356	0.82536
10	0.01496	0.01292	0.01360	0.01224	0.01564	0.01496	0.00952	0.03197	0.74019	0.02516	0.02448	0.02244	0.01836	0.00816	0.00612	0.00204	0.00476	0.00680	0.00612	0.00952
11	0.00766	0.00540	0.00696	0.00800	0.00834	0.00510	0.00523	0.00861	0.01130	0.01514	0.06879	0.60624	0.03736	0.16185	0.01192	0.00304	0.00389	0.01521	0.00528	0.00470
12	0.01496	0.01292	0.01360	0.01224	0.01564	0.01496	0.00952	0.03197	0.74019	0.02516	0.02448	0.02244	0.01836	0.00816	0.00612	0.00204	0.00476	0.00680	0.00612	0.00952
13	0.01316	0.01316	0.01843	0.01579	0.01579	0.01843	0.01316	0.01448	0.00921	0.01448	0.00790	0.01316	0.00790	0.01053	0.01974	0.00263	0.77757	0.00526	0.00263	0.00658
14	0.00969	0.00692	0.00969	0.01108	0.01246	0.00692	0.00969	0.01246	0.01385	0.01800	0.03185	0.06786	0.03462	0.01662	0.00831	0.00277	0.00554	0.71057	0.00554	0.00554
15	0.01833	0.01247	0.01320	0.01063	0.01412	0.01357	0.00862	0.45160	0.02218	0.03188	0.01646	0.01755	0.01225	0.00714	0.00531	0.00165	0.00513	0.00549	0.32399	0.00843
16	0.00711	0.00609	0.00609	0.00609	0.00813	0.00508	0.00457	0.00863	0.01371	0.01625	0.06094	0.05789	0.74862	0.01524	0.00711	0.00203	0.00305	0.01270	0.00559	0.00508
17	0.01653	0.01028	0.01379	0.07937	0.08713	0.01061	0.01022	0.02273	0.20428	0.22729	0.08621	0.02784	0.02052	0.00972	0.00755	0.05500	0.00533	0.09177	0.00564	0.00821
18	0.01251	0.00977	0.01547	0.36432	0.09751	0.01101	0.03036	0.01593	0.01293	0.06575	0.01674	0.02652	0.01457	0.00820	0.00652	0.00204	0.02492	0.13378	0.12428	0.00686
19	0.00733	0.00524	0.00698	0.00838	0.00873	0.00489	0.00558	0.00838	0.01152	0.01536	0.03316	0.78466	0.03979	0.01885	0.00768	0.00244	0.00349	0.01710	0.00558	0.00489
20	0.01326	0.01346	0.02009	0.01672	0.01731	0.01811	0.08277	0.01494	0.00970	0.01494	0.00831	0.01346	0.00802	0.01000	0.01851	0.00257	0.70297	0.00544	0.00267	0.00673
21	0.01412	0.02297	0.38021	0.02342	0.21815	0.01468	0.13521	0.08232	0.01460	0.02093	0.01148	0.01401	0.00860	0.00565	0.00603	0.00188	0.00843	0.00521	0.00305	0.00905
22	0.01448	0.01798	0.18525	0.02040	0.02605	0.01417	0.39465	0.01920	0.01362	0.08418	0.01374	0.01886	0.01083	0.00671	0.00806	0.00210	0.08658	0.05152	0.00345	0.00815
23	0.08857	0.01628	0.02306	0.03018	0.51151	0.12058	0.08552	0.01926	0.01391	0.01957	0.01085	0.01399	0.00897	0.00547	0.00579	0.00178	0.00774	0.00513	0.00307	0.00876
24	0.00748	0.00534	0.00715	0.00855	0.00897	0.00502	0.00585	0.00864	0.01167	0.01553	0.03307	0.73853	0.03946	0.01870	0.00772	0.00246	0.00362	0.06173	0.00558	0.00493

[dist]
# distance from previous block
# <min> <max>
34	310

# created by:
# /software/SequenceAnalysis/GenePrediction/augustus/3.0.1/scripts/msa2prfl.pl ./fixed/BUSCOvEOG737SV7.fas
