[name]
unknown

[dist]
# distance from previous block
# <min> <max>
0	219

[block]
# block no. 0 follows, 41 sequences, length 8
# corresponding to MSA columns:
# 224-231
name=unknown_A
#
# <colnr> <probs for GDERKNQSTAVLIFYWHMCP>
#	G	D	E	R	K	N	Q	S	T	A	V	L	I	F	Y	W	H	M	C	P
0	0.01375	0.01026	0.01459	0.10160	0.01758	0.01064	0.09796	0.20849	0.01651	0.08163	0.09056	0.26759	0.02292	0.01050	0.00645	0.00197	0.00545	0.00944	0.00504	0.00705
1	0.01488	0.27913	0.08345	0.01471	0.09517	0.10404	0.07709	0.06973	0.01400	0.01791	0.06957	0.01396	0.01167	0.00567	0.00494	0.00145	0.00669	0.00455	0.00324	0.10814
2	0.10804	0.01335	0.10767	0.30184	0.16246	0.01247	0.01399	0.01716	0.08219	0.01822	0.01128	0.01429	0.00874	0.00590	0.00567	0.02052	0.00654	0.00473	0.00308	0.08187
3	0.01106	0.01376	0.16268	0.32608	0.11243	0.01203	0.01494	0.01480	0.01206	0.01671	0.10220	0.01997	0.01460	0.00752	0.00750	0.02071	0.08130	0.03970	0.00313	0.00681
4	0.17519	0.01210	0.06695	0.01258	0.09197	0.01138	0.00943	0.11863	0.11224	0.04400	0.08289	0.12165	0.01758	0.00805	0.00543	0.00176	0.00493	0.00665	0.00456	0.09201
5	0.01357	0.08925	0.09928	0.12104	0.02238	0.01360	0.19607	0.16207	0.01545	0.02081	0.06772	0.10649	0.01512	0.00743	0.00598	0.00182	0.00688	0.00688	0.00386	0.02428
6	0.30723	0.05102	0.03940	0.01002	0.01375	0.10506	0.00832	0.07170	0.08371	0.10008	0.01364	0.07498	0.01132	0.00681	0.00478	0.00168	0.00545	0.00503	0.00425	0.08178
7	0.24378	0.01062	0.01266	0.10162	0.10671	0.01057	0.00900	0.04441	0.01241	0.02129	0.08827	0.01512	0.01262	0.00570	0.00471	0.00147	0.00492	0.00451	0.00366	0.28594

[dist]
# distance from previous block
# <min> <max>
4	25

[block]
# block no. 1 follows, 41 sequences, length 10
# corresponding to MSA columns:
# 260-269
name=unknown_B
#
# <colnr> <probs for GDERKNQSTAVLIFYWHMCP>
#	G	D	E	R	K	N	Q	S	T	A	V	L	I	F	Y	W	H	M	C	P
0	0.09615	0.01201	0.09133	0.00961	0.01389	0.00946	0.00845	0.10651	0.01389	0.02144	0.08635	0.10942	0.01626	0.00719	0.00510	0.00142	0.00470	0.00591	0.00411	0.37681
1	0.10445	0.01451	0.09145	0.01424	0.10591	0.01350	0.01095	0.32065	0.01805	0.08321	0.01361	0.02901	0.01088	0.08639	0.00776	0.00208	0.00602	0.00528	0.00454	0.05754
2	0.07259	0.01172	0.10349	0.01169	0.01506	0.00983	0.06169	0.05548	0.10218	0.01985	0.03835	0.11038	0.02141	0.01043	0.00635	0.00205	0.00550	0.24315	0.00455	0.09426
3	0.01684	0.01908	0.09395	0.01643	0.10831	0.23911	0.06609	0.15204	0.04808	0.02054	0.01218	0.01363	0.02457	0.00584	0.00538	0.00154	0.00754	0.00465	0.00363	0.14056
4	0.01327	0.01161	0.01812	0.33551	0.06876	0.01311	0.10122	0.16593	0.01492	0.01987	0.01345	0.02034	0.01131	0.00970	0.06347	0.00249	0.02812	0.07807	0.00357	0.00716
5	0.01625	0.01444	0.02037	0.11186	0.47586	0.09398	0.01528	0.07029	0.01451	0.09458	0.01189	0.01438	0.00928	0.00558	0.00563	0.00171	0.00703	0.00502	0.00345	0.00862
6	0.02184	0.06632	0.01088	0.00898	0.01089	0.00867	0.02034	0.01500	0.13979	0.05912	0.19497	0.19468	0.02980	0.09312	0.05179	0.00271	0.00481	0.04032	0.00509	0.02087
7	0.01750	0.01364	0.01361	0.01148	0.01476	0.10475	0.00905	0.28851	0.14982	0.10162	0.11466	0.09795	0.01985	0.00867	0.00597	0.00180	0.00555	0.00706	0.00558	0.00816
8	0.01567	0.40826	0.11452	0.09243	0.09433	0.09829	0.01259	0.01844	0.01264	0.07055	0.00992	0.01153	0.00804	0.00533	0.00460	0.00148	0.00697	0.00388	0.00289	0.00765
9	0.01405	0.01246	0.02080	0.03682	0.01951	0.01415	0.22156	0.01660	0.01143	0.10641	0.01179	0.04806	0.01003	0.00798	0.01187	0.00211	0.35939	0.00597	0.00335	0.06565

[dist]
# distance from previous block
# <min> <max>
1	45

[block]
# block no. 2 follows, 41 sequences, length 8
# corresponding to MSA columns:
# 319-326
name=unknown_C
#
# <colnr> <probs for GDERKNQSTAVLIFYWHMCP>
#	G	D	E	R	K	N	Q	S	T	A	V	L	I	F	Y	W	H	M	C	P
0	0.00996	0.00778	0.01015	0.10573	0.01310	0.00889	0.00738	0.01252	0.06802	0.01546	0.10814	0.02850	0.02041	0.30424	0.10400	0.00415	0.10319	0.00724	0.05586	0.00528
1	0.04555	0.01417	0.01762	0.11264	0.12666	0.13765	0.08488	0.07250	0.01332	0.01752	0.01389	0.01733	0.05651	0.01197	0.11069	0.00290	0.12829	0.00560	0.00329	0.00702
2	0.01209	0.10923	0.02266	0.01712	0.07690	0.01199	0.31796	0.01466	0.01255	0.01690	0.09899	0.11576	0.01775	0.00944	0.00853	0.11294	0.00684	0.00759	0.00355	0.00654
3	0.01314	0.18643	0.18845	0.01284	0.08547	0.01234	0.01134	0.01621	0.01260	0.08234	0.11200	0.01939	0.01608	0.09672	0.00787	0.00199	0.00588	0.00540	0.00366	0.10983
4	0.09026	0.11701	0.01971	0.40930	0.22459	0.01433	0.01463	0.01601	0.01179	0.01668	0.00993	0.01374	0.00794	0.00548	0.00527	0.00177	0.00694	0.00466	0.00274	0.00724
5	0.01141	0.00979	0.01447	0.36479	0.09473	0.01106	0.01205	0.10349	0.01352	0.01775	0.01948	0.12434	0.09862	0.01139	0.06590	0.00251	0.00690	0.00750	0.00373	0.00658
6	0.38284	0.01133	0.01299	0.27417	0.02196	0.01307	0.01033	0.10731	0.01309	0.08778	0.01082	0.01292	0.00792	0.00587	0.00480	0.00183	0.00583	0.00430	0.00381	0.00705
7	0.48866	0.01101	0.01247	0.01029	0.01365	0.01201	0.10476	0.06212	0.03409	0.04207	0.01034	0.01266	0.00817	0.00767	0.00700	0.12138	0.00532	0.00425	0.02578	0.00630

[dist]
# distance from previous block
# <min> <max>
8	14

[block]
# block no. 3 follows, 41 sequences, length 18
# corresponding to MSA columns:
# 342-359
name=unknown_D
#
# <colnr> <probs for GDERKNQSTAVLIFYWHMCP>
#	G	D	E	R	K	N	Q	S	T	A	V	L	I	F	Y	W	H	M	C	P
0	0.08955	0.04810	0.01108	0.06759	0.01349	0.02488	0.00780	0.01581	0.01285	0.20979	0.05469	0.25076	0.04122	0.01256	0.03699	0.00230	0.00508	0.08379	0.00515	0.00652
1	0.35589	0.09508	0.01564	0.01117	0.01479	0.03299	0.11490	0.10072	0.01294	0.03159	0.01151	0.05169	0.00964	0.00636	0.00518	0.00174	0.03688	0.00486	0.07960	0.00684
2	0.08378	0.01124	0.01364	0.17792	0.01883	0.01282	0.00990	0.24963	0.03043	0.02305	0.09118	0.02020	0.01518	0.12298	0.01008	0.00238	0.06870	0.00594	0.00427	0.02787
3	0.01591	0.04538	0.24966	0.01723	0.08938	0.12583	0.10235	0.18508	0.01631	0.02160	0.01098	0.01269	0.00827	0.00562	0.00549	0.00165	0.00783	0.00464	0.00342	0.07068
4	0.18302	0.00871	0.01084	0.09078	0.01490	0.00899	0.00847	0.01617	0.01230	0.16121	0.04550	0.02763	0.01703	0.01367	0.11831	0.00298	0.00654	0.16596	0.00452	0.08248
5	0.10474	0.01575	0.01412	0.01352	0.07494	0.22416	0.00971	0.15848	0.07213	0.11430	0.01595	0.12787	0.01389	0.00800	0.00557	0.00177	0.00651	0.00632	0.00461	0.00765
6	0.09330	0.01155	0.01217	0.01009	0.01344	0.07176	0.00804	0.15094	0.07155	0.22757	0.21775	0.02296	0.02292	0.00799	0.00572	0.00173	0.00489	0.00646	0.00576	0.03341
7	0.01783	0.00860	0.01082	0.00916	0.01220	0.00798	0.00719	0.07813	0.03707	0.36688	0.02274	0.19696	0.01912	0.00937	0.00577	0.00179	0.00426	0.00796	0.12674	0.04945
8	0.01074	0.00889	0.01358	0.01111	0.01392	0.00806	0.15287	0.04913	0.01263	0.04693	0.02487	0.23610	0.12827	0.10411	0.00903	0.00226	0.00515	0.00961	0.00437	0.14837
9	0.01207	0.00745	0.00959	0.00911	0.01160	0.00660	0.00746	0.01423	0.01325	0.15594	0.02969	0.13683	0.13238	0.01232	0.00665	0.00203	0.00443	0.27852	0.00530	0.14454
10	0.01204	0.01293	0.08561	0.09482	0.01880	0.01335	0.06672	0.05099	0.01116	0.01641	0.01022	0.01440	0.00884	0.01250	0.12308	0.00301	0.30170	0.00499	0.00291	0.13552
11	0.01304	0.01214	0.09434	0.42364	0.02834	0.01182	0.01358	0.10594	0.01381	0.08674	0.01488	0.12913	0.01286	0.00774	0.00592	0.00192	0.00666	0.00670	0.00374	0.00705
12	0.01261	0.01279	0.01792	0.57979	0.14251	0.10774	0.01553	0.01607	0.01226	0.01513	0.01009	0.01448	0.00780	0.00565	0.00564	0.00182	0.00784	0.00491	0.00263	0.00678
13	0.01422	0.01492	0.09650	0.01685	0.10945	0.01610	0.01327	0.12406	0.12822	0.01967	0.01157	0.01423	0.00955	0.00811	0.01181	0.00213	0.37286	0.00518	0.00352	0.00778
14	0.01360	0.01160	0.01500	0.10833	0.01865	0.01251	0.07674	0.13356	0.29341	0.02222	0.01891	0.13098	0.01626	0.00821	0.00593	0.00184	0.00545	0.00722	0.00480	0.09477
15	0.01284	0.31209	0.13588	0.01065	0.01490	0.08402	0.01020	0.01530	0.01199	0.01525	0.01413	0.19049	0.01449	0.00796	0.00500	0.00154	0.00595	0.00638	0.00328	0.12766
16	0.01346	0.01122	0.01269	0.00955	0.01428	0.00991	0.00764	0.10763	0.12917	0.02163	0.01265	0.01357	0.01003	0.00511	0.00467	0.00113	0.00454	0.00409	0.00406	0.60298
17	0.01259	0.00873	0.02912	0.00880	0.01160	0.00777	0.00718	0.10454	0.01609	0.12702	0.27883	0.06537	0.13801	0.01047	0.00629	0.00179	0.00401	0.06254	0.00567	0.09360

[dist]
# distance from previous block
# <min> <max>
8	11

[block]
# block no. 4 follows, 41 sequences, length 52
# corresponding to MSA columns:
# 371-422
name=unknown_E
#
# <colnr> <probs for GDERKNQSTAVLIFYWHMCP>
#	G	D	E	R	K	N	Q	S	T	A	V	L	I	F	Y	W	H	M	C	P
0	0.02023	0.01021	0.01281	0.01109	0.01414	0.00888	0.00839	0.02150	0.01759	0.39663	0.28562	0.10648	0.03326	0.01186	0.00763	0.00243	0.00507	0.00938	0.00755	0.00924
1	0.01130	0.01038	0.01739	0.55457	0.15219	0.01213	0.02822	0.01490	0.01195	0.01582	0.01252	0.02008	0.01057	0.00664	0.00592	0.00194	0.00719	0.07441	0.02515	0.00672
2	0.02572	0.00978	0.01332	0.01022	0.01465	0.00845	0.00844	0.02791	0.01641	0.76649	0.02262	0.01956	0.01422	0.00712	0.00578	0.00178	0.00489	0.00577	0.00710	0.00977
3	0.00714	0.00515	0.00675	0.00785	0.00835	0.00477	0.00531	0.00830	0.01158	0.01550	0.10278	0.69202	0.06875	0.01721	0.00725	0.00227	0.00327	0.01553	0.00543	0.00476
4	0.00848	0.00610	0.00887	0.00887	0.00993	0.00702	0.00688	0.01057	0.00951	0.01412	0.01571	0.02245	0.01439	0.03942	0.70116	0.00844	0.01412	0.00607	0.08275	0.00517
5	0.01561	0.72668	0.02951	0.01064	0.01555	0.02205	0.04207	0.05452	0.01253	0.01490	0.00848	0.00978	0.00759	0.00504	0.00394	0.00129	0.00630	0.00335	0.00266	0.00751
6	0.00839	0.00560	0.00629	0.00629	0.00630	0.00559	0.00350	0.00837	0.00837	0.01116	0.01808	0.03750	0.02085	0.79815	0.02912	0.00555	0.00557	0.00834	0.00349	0.00350
7	0.01205	0.04666	0.43646	0.01532	0.03460	0.01260	0.10166	0.01836	0.07934	0.01899	0.04492	0.01509	0.01094	0.00581	0.00548	0.00171	0.00724	0.00496	0.04020	0.08761
8	0.02482	0.00958	0.01303	0.01007	0.01434	0.00829	0.00828	0.02703	0.01640	0.72832	0.06046	0.02075	0.01626	0.00736	0.00583	0.00178	0.00478	0.00601	0.00706	0.00954
9	0.00857	0.01166	0.19714	0.01035	0.01315	0.00729	0.02449	0.01136	0.01219	0.01667	0.09513	0.38233	0.10033	0.01350	0.00680	0.00214	0.00482	0.07160	0.00465	0.00583
10	0.01203	0.02784	0.68226	0.01697	0.02508	0.01333	0.09032	0.01838	0.01234	0.03355	0.01071	0.01265	0.00759	0.00546	0.00560	0.00183	0.00851	0.00452	0.00258	0.00844
11	0.08783	0.51216	0.11623	0.01038	0.01532	0.01855	0.01055	0.01713	0.01161	0.03493	0.00917	0.01059	0.00779	0.00528	0.00449	0.00139	0.03087	0.00346	0.03009	0.06222
12	0.01536	0.80159	0.03000	0.00983	0.01473	0.02266	0.00981	0.01717	0.01167	0.01352	0.00802	0.00927	0.00741	0.00494	0.00370	0.00124	0.00614	0.00308	0.00247	0.00738
13	0.01154	0.02961	0.76855	0.01634	0.02479	0.01332	0.02115	0.01816	0.01212	0.01818	0.01033	0.01217	0.00731	0.00548	0.00546	0.00182	0.00847	0.00425	0.00244	0.00849
14	0.00704	0.00503	0.00669	0.00801	0.00835	0.00469	0.00534	0.00802	0.01100	0.01467	0.03157	0.79448	0.03786	0.01795	0.00733	0.00234	0.00334	0.01627	0.00533	0.00468
15	0.83854	0.01111	0.00846	0.00757	0.01111	0.01287	0.00623	0.01686	0.00978	0.02572	0.00804	0.00939	0.00626	0.00536	0.00357	0.00178	0.00445	0.00312	0.00356	0.00623
16	0.00836	0.00559	0.00630	0.00633	0.00635	0.00557	0.00354	0.00836	0.00843	0.01124	0.01841	0.05568	0.02126	0.77941	0.02859	0.00548	0.00551	0.00853	0.00353	0.00353
17	0.01292	0.01238	0.01500	0.30455	0.02340	0.11673	0.03023	0.04779	0.01255	0.01656	0.01420	0.01764	0.05881	0.00738	0.00805	0.00188	0.15900	0.00545	0.12914	0.00634
18	0.01904	0.01153	0.01312	0.01059	0.01417	0.01212	0.00859	0.32449	0.07591	0.20769	0.01853	0.01854	0.02788	0.00954	0.05662	0.00219	0.00573	0.00566	0.14954	0.00854
19	0.78428	0.01144	0.00904	0.00794	0.01156	0.01319	0.00654	0.06512	0.01092	0.02641	0.00842	0.00969	0.00650	0.00546	0.00372	0.00178	0.00457	0.00326	0.00371	0.00647
20	0.01339	0.40415	0.41024	0.01318	0.01991	0.01785	0.01565	0.01768	0.01190	0.01592	0.00921	0.01077	0.00736	0.00522	0.00461	0.00154	0.00734	0.00368	0.00246	0.00795
21	0.00786	0.00587	0.00728	0.00697	0.00842	0.00530	0.00521	0.01024	0.01544	0.02122	0.59461	0.06278	0.20267	0.01247	0.00679	0.00185	0.00278	0.01086	0.00609	0.00530
22	0.00749	0.00582	0.00679	0.00666	0.00821	0.00513	0.00495	0.00948	0.01445	0.01904	0.39241	0.09809	0.37401	0.01341	0.00682	0.00191	0.00286	0.01154	0.00580	0.00513
23	0.01154	0.02961	0.76855	0.01634	0.02479	0.01332	0.02115	0.01816	0.01212	0.01818	0.01033	0.01217	0.00731	0.00548	0.00546	0.00182	0.00847	0.00425	0.00244	0.00849
24	0.00812	0.00586	0.00765	0.00728	0.00859	0.00541	0.00542	0.01072	0.01599	0.02262	0.72686	0.07651	0.05326	0.01201	0.00680	0.00184	0.00275	0.01063	0.00627	0.00540
25	0.00704	0.00503	0.00669	0.00801	0.00835	0.00469	0.00534	0.00802	0.01100	0.01467	0.03157	0.79448	0.03786	0.01795	0.00733	0.00234	0.00334	0.01627	0.00533	0.00468
26	0.01536	0.80159	0.03000	0.00983	0.01473	0.02266	0.00981	0.01717	0.01167	0.01352	0.00802	0.00927	0.00741	0.00494	0.00370	0.00124	0.00614	0.00308	0.00247	0.00738
27	0.01780	0.01346	0.01502	0.11640	0.01884	0.03865	0.01061	0.46549	0.02142	0.02894	0.01533	0.01970	0.01225	0.00756	0.00574	0.00179	0.00610	0.07440	0.10224	0.00826
28	0.02124	0.01576	0.01721	0.05281	0.01889	0.01751	0.01115	0.70604	0.02613	0.03499	0.01362	0.01390	0.00968	0.00685	0.00575	0.00174	0.00638	0.00517	0.00558	0.00959
29	0.01841	0.30229	0.02129	0.01304	0.01640	0.43355	0.01077	0.01997	0.01389	0.01385	0.00847	0.01022	0.00744	0.00598	0.00597	0.00150	0.08373	0.00361	0.00275	0.00688
30	0.01456	0.01040	0.01326	0.00961	0.01461	0.00815	0.04370	0.01713	0.01282	0.15699	0.01260	0.01354	0.00960	0.00484	0.00467	0.00109	0.00465	0.00402	0.00407	0.63971
31	0.02004	0.01419	0.01544	0.01208	0.01603	0.01552	0.00978	0.59790	0.02373	0.06904	0.01482	0.01683	0.01133	0.08417	0.02969	0.00230	0.00634	0.00554	0.02631	0.00892
32	0.01001	0.00502	0.00750	0.00750	0.00751	0.00501	0.00500	0.00751	0.00750	0.01001	0.01001	0.01748	0.01000	0.01990	0.02237	0.83267	0.00499	0.00499	0.00251	0.00252
33	0.01001	0.00502	0.00750	0.00750	0.00751	0.00501	0.00500	0.00751	0.00750	0.01001	0.01001	0.01748	0.01000	0.01990	0.02237	0.83267	0.00499	0.00499	0.00251	0.00252
34	0.01344	0.01197	0.01587	0.13019	0.20207	0.01338	0.01218	0.02374	0.41327	0.02089	0.01881	0.02164	0.01505	0.00739	0.00593	0.00193	0.00561	0.05361	0.00459	0.00844
35	0.83854	0.01111	0.00846	0.00757	0.01111	0.01287	0.00623	0.01686	0.00978	0.02572	0.00804	0.00939	0.00626	0.00536	0.00357	0.00178	0.00445	0.00312	0.00356	0.00623
36	0.01130	0.01028	0.01683	0.61116	0.10534	0.01231	0.01487	0.03845	0.01192	0.01557	0.01132	0.03696	0.00927	0.02735	0.02839	0.01627	0.00753	0.00552	0.00281	0.00654
37	0.00721	0.00520	0.00697	0.02985	0.00914	0.00496	0.00556	0.00822	0.01089	0.01451	0.03038	0.73918	0.03626	0.05193	0.00824	0.00246	0.00356	0.01561	0.00517	0.00468
38	0.06728	0.01219	0.01735	0.26335	0.09470	0.03444	0.01365	0.01488	0.01033	0.01537	0.00881	0.01338	0.00767	0.00779	0.01199	0.00217	0.39051	0.00490	0.00265	0.00660
39	0.34081	0.03969	0.06361	0.01178	0.01553	0.33358	0.00980	0.08971	0.01435	0.02102	0.00911	0.01043	0.00719	0.00575	0.00459	0.00164	0.00741	0.00364	0.00342	0.00693
40	0.01261	0.01288	0.04529	0.19406	0.41540	0.01269	0.10789	0.01617	0.01275	0.01748	0.01533	0.01852	0.08108	0.00616	0.00594	0.00181	0.00704	0.00597	0.00303	0.00791
41	0.00995	0.00728	0.00867	0.00863	0.01002	0.00726	0.00623	0.14561	0.01466	0.01955	0.11073	0.46954	0.10344	0.04066	0.00764	0.00223	0.00386	0.01288	0.00546	0.00569
42	0.83854	0.01111	0.00846	0.00757	0.01111	0.01287	0.00623	0.01686	0.00978	0.02572	0.00804	0.00939	0.00626	0.00536	0.00357	0.00178	0.00445	0.00312	0.00356	0.00623
43	0.00704	0.00503	0.00669	0.00801	0.00835	0.00469	0.00534	0.00802	0.01100	0.01467	0.03157	0.79448	0.03786	0.01795	0.00733	0.00234	0.00334	0.01627	0.00533	0.00468
44	0.00839	0.00560	0.00629	0.00629	0.00630	0.00559	0.00350	0.00837	0.00837	0.01116	0.01808	0.03750	0.02085	0.79815	0.02912	0.00555	0.00557	0.00834	0.00349	0.00350
45	0.01193	0.01021	0.01191	0.00852	0.01360	0.00767	0.00681	0.01445	0.01190	0.01870	0.01024	0.01196	0.00854	0.00428	0.00427	0.00086	0.00426	0.00341	0.00341	0.83307
46	0.02299	0.00966	0.01279	0.01000	0.01401	0.00864	0.00818	0.07305	0.01708	0.61363	0.12545	0.02244	0.01951	0.00776	0.00592	0.00178	0.00468	0.00638	0.00690	0.00916
47	0.02137	0.02726	0.01621	0.01474	0.01768	0.77602	0.01105	0.02284	0.01621	0.01400	0.00884	0.01031	0.00737	0.00589	0.00516	0.00147	0.01031	0.00368	0.00295	0.00663
48	0.01007	0.00679	0.01000	0.00958	0.01088	0.00779	0.00754	0.01209	0.00986	0.08587	0.01563	0.02169	0.01395	0.03782	0.66448	0.00815	0.05276	0.00604	0.00342	0.00561
49	0.00983	0.00767	0.00914	0.00845	0.01033	0.00789	0.00643	0.01633	0.22444	0.02322	0.55197	0.03668	0.04365	0.01058	0.00648	0.00184	0.00322	0.00925	0.00616	0.00643
50	0.06138	0.01104	0.04459	0.08566	0.01765	0.01023	0.04184	0.02443	0.12644	0.42800	0.03994	0.02100	0.01502	0.00731	0.00580	0.00186	0.00537	0.03799	0.00580	0.00867
51	0.01231	0.01126	0.01278	0.00950	0.01423	0.05874	0.03684	0.01480	0.01217	0.01812	0.01120	0.05086	0.00987	0.00505	0.00455	0.00101	0.00481	0.00418	0.00343	0.70430

[dist]
# distance from previous block
# <min> <max>
0	3

# created by:
# /software/SequenceAnalysis/GenePrediction/augustus/3.0.1/scripts/msa2prfl.pl ./fixed/BUSCOvEOG7TF211.fas
