[name]
unknown

[dist]
# distance from previous block
# <min> <max>
0	320

[block]
# block no. 0 follows, 40 sequences, length 9
# corresponding to MSA columns:
# 324-332
name=unknown_A
#
# <colnr> <probs for GDERKNQSTAVLIFYWHMCP>
#	G	D	E	R	K	N	Q	S	T	A	V	L	I	F	Y	W	H	M	C	P
0	0.01018	0.00770	0.00879	0.00817	0.01014	0.00752	0.00618	0.14772	0.01636	0.02160	0.23777	0.20121	0.26797	0.01322	0.00679	0.00197	0.00364	0.01136	0.00576	0.00597
1	0.00858	0.00654	0.00696	0.00636	0.00869	0.00552	0.00484	0.01057	0.01310	0.01796	0.09636	0.04126	0.43934	0.01128	0.00592	0.00166	0.00311	0.00938	0.16108	0.14149
2	0.01520	0.01082	0.01219	0.01073	0.01386	0.01179	0.00839	0.02670	0.48910	0.14617	0.16243	0.02550	0.02423	0.00853	0.00608	0.00192	0.00431	0.00720	0.00622	0.00861
3	0.02254	0.01010	0.01262	0.00991	0.01384	0.00952	0.00811	0.14304	0.01757	0.50277	0.02071	0.01919	0.01375	0.00708	0.00550	0.00171	0.00476	0.00567	0.16256	0.00905
4	0.00956	0.00798	0.01235	0.16703	0.11703	0.00821	0.03880	0.01206	0.01276	0.01751	0.16198	0.25660	0.07251	0.02710	0.00698	0.00206	0.00485	0.01017	0.04847	0.00597
5	0.02886	0.01109	0.01323	0.30346	0.02204	0.12233	0.02525	0.01346	0.01098	0.01358	0.01255	0.05595	0.01208	0.15863	0.01346	0.13948	0.02927	0.00609	0.00297	0.00524
6	0.01206	0.00697	0.00862	0.00786	0.00948	0.00663	0.00568	0.01439	0.05234	0.16106	0.24757	0.03738	0.06976	0.28908	0.01473	0.00322	0.00441	0.03755	0.00541	0.00580
7	0.01183	0.01209	0.07093	0.02354	0.39670	0.01080	0.05654	0.01454	0.01195	0.01678	0.01584	0.14718	0.01615	0.15719	0.01060	0.00260	0.00638	0.00771	0.00339	0.00727
8	0.01360	0.01331	0.02385	0.07270	0.37625	0.01339	0.21459	0.01850	0.08540	0.01878	0.01341	0.01837	0.01118	0.00651	0.00679	0.03065	0.00738	0.04383	0.00330	0.00823

[dist]
# distance from previous block
# <min> <max>
0	116

[block]
# block no. 1 follows, 40 sequences, length 28
# corresponding to MSA columns:
# 467-494
name=unknown_B
#
# <colnr> <probs for GDERKNQSTAVLIFYWHMCP>
#	G	D	E	R	K	N	Q	S	T	A	V	L	I	F	Y	W	H	M	C	P
0	0.01166	0.03008	0.76550	0.01657	0.02517	0.01351	0.02149	0.01842	0.01228	0.01842	0.01044	0.01228	0.00737	0.00552	0.00552	0.00184	0.00859	0.00430	0.00246	0.00859
1	0.00707	0.00511	0.00670	0.00796	0.00840	0.00473	0.00534	0.00811	0.01126	0.01490	0.03370	0.74673	0.08251	0.01800	0.00739	0.00234	0.00335	0.01627	0.00540	0.00473
2	0.01452	0.59482	0.22575	0.01171	0.01765	0.02048	0.01301	0.01768	0.01194	0.01494	0.00871	0.01011	0.00744	0.00512	0.00421	0.00140	0.00685	0.00342	0.00248	0.00776
3	0.02202	0.01638	0.16254	0.01270	0.01795	0.06732	0.02561	0.14771	0.01755	0.42338	0.01771	0.01656	0.01163	0.00670	0.00575	0.00178	0.00641	0.00530	0.00564	0.00937
4	0.00813	0.00558	0.00651	0.00675	0.00696	0.00551	0.00405	0.00847	0.00922	0.01223	0.02283	0.16750	0.06497	0.58671	0.05625	0.00503	0.00552	0.00996	0.00393	0.00388
5	0.01327	0.01603	0.09080	0.07523	0.10835	0.05019	0.45239	0.01761	0.01332	0.01786	0.01302	0.07972	0.01108	0.00621	0.00652	0.00193	0.00874	0.00700	0.00308	0.00765
6	0.01181	0.00984	0.01143	0.00870	0.01309	0.00787	0.00684	0.05800	0.01295	0.01938	0.01573	0.10581	0.05277	0.00666	0.00490	0.00115	0.00425	0.00557	0.00393	0.63930
7	0.00831	0.00623	0.00935	0.00935	0.01038	0.00727	0.00727	0.01038	0.00935	0.01350	0.01558	0.02285	0.01454	0.04361	0.77259	0.00935	0.01558	0.00623	0.00312	0.00519
8	0.01206	0.01034	0.01206	0.00861	0.01378	0.00775	0.00689	0.01464	0.01206	0.01895	0.01034	0.01206	0.00861	0.00431	0.00431	0.00086	0.00431	0.00345	0.00345	0.83118
9	0.00853	0.00604	0.00741	0.00709	0.00870	0.00540	0.00530	0.01077	0.01517	0.05262	0.47290	0.09743	0.25523	0.01294	0.00686	0.00190	0.00294	0.01124	0.00608	0.00546
10	0.01166	0.03008	0.76550	0.01657	0.02517	0.01351	0.02149	0.01842	0.01228	0.01842	0.01044	0.01228	0.00737	0.00552	0.00552	0.00184	0.00859	0.00430	0.00246	0.00859
11	0.00701	0.00590	0.00608	0.00604	0.00794	0.00497	0.00453	0.00862	0.01358	0.01649	0.13051	0.05468	0.68490	0.01444	0.00687	0.00195	0.00292	0.01209	0.00550	0.00497
12	0.00787	0.00594	0.00736	0.00775	0.00904	0.00549	0.00585	0.01008	0.02757	0.01825	0.26129	0.24127	0.23238	0.01483	0.00717	0.00213	0.00339	0.12145	0.00571	0.00519
13	0.01256	0.01019	0.01292	0.00943	0.01419	0.00798	0.04766	0.01516	0.01247	0.05920	0.04931	0.01538	0.01182	0.03867	0.00574	0.00123	0.00463	0.00434	0.00377	0.66335
14	0.77406	0.01106	0.00895	0.04080	0.01250	0.01283	0.00682	0.01683	0.01009	0.02532	0.00894	0.01156	0.00726	0.00577	0.00384	0.00183	0.00467	0.02697	0.00361	0.00627
15	0.01245	0.01211	0.05416	0.17051	0.26002	0.01192	0.05917	0.07302	0.05466	0.01886	0.01676	0.19763	0.01622	0.00866	0.00623	0.00195	0.00634	0.00799	0.00380	0.00756
16	0.00729	0.00556	0.00669	0.00714	0.00829	0.00497	0.00508	0.00887	0.01315	0.01718	0.21504	0.35465	0.29414	0.01548	0.00709	0.00209	0.00307	0.01360	0.00564	0.00497
17	0.00891	0.06895	0.01039	0.00876	0.00989	0.00817	0.00669	0.01053	0.00935	0.01304	0.01556	0.02499	0.01537	0.19942	0.55468	0.00792	0.01273	0.00645	0.00315	0.00502
18	0.00816	0.00570	0.00749	0.00862	0.00948	0.00546	0.00656	0.00992	0.01219	0.01645	0.04605	0.43187	0.07645	0.01627	0.00732	0.00235	0.00395	0.25010	0.07060	0.00501
19	0.75001	0.01146	0.00930	0.00810	0.01181	0.01310	0.00668	0.05808	0.01121	0.06411	0.00918	0.01022	0.00691	0.00558	0.00384	0.00180	0.00463	0.00340	0.00391	0.00668
20	0.01789	0.32199	0.02251	0.01531	0.10742	0.31767	0.01139	0.03490	0.07067	0.01582	0.01010	0.01145	0.00852	0.00567	0.00479	0.00147	0.00787	0.00392	0.00306	0.00757
21	0.00938	0.00823	0.05035	0.00899	0.01012	0.00757	0.05065	0.03079	0.01020	0.01391	0.04389	0.10156	0.03660	0.49197	0.05836	0.00461	0.04576	0.00865	0.00373	0.00467
22	0.01684	0.01385	0.01766	0.18652	0.19225	0.06450	0.01311	0.22636	0.07536	0.06853	0.01325	0.01535	0.01002	0.00707	0.00672	0.04814	0.00678	0.00524	0.00415	0.00831
23	0.01353	0.01521	0.03267	0.08484	0.05183	0.01454	0.66057	0.01831	0.01355	0.01834	0.01163	0.01564	0.00875	0.00498	0.00675	0.00195	0.00956	0.00668	0.00291	0.00777
24	0.02594	0.01230	0.01522	0.01209	0.01657	0.01146	0.00970	0.13599	0.07725	0.57637	0.02307	0.02131	0.01551	0.00836	0.00659	0.00213	0.00574	0.00635	0.00738	0.01066
25	0.01371	0.01019	0.01187	0.09228	0.01533	0.05567	0.05782	0.01672	0.04928	0.02145	0.01866	0.02373	0.01542	0.00801	0.00564	0.00187	0.00524	0.04461	0.46016	0.07236
26	0.07552	0.44618	0.02458	0.01245	0.01683	0.17198	0.01077	0.11349	0.01578	0.01945	0.01148	0.01423	0.01012	0.00697	0.00522	0.00178	0.00752	0.02345	0.00380	0.00838
27	0.01604	0.07489	0.01611	0.05891	0.03411	0.01222	0.00952	0.12957	0.01559	0.05448	0.01404	0.05293	0.01203	0.00707	0.00603	0.00162	0.02669	0.00523	0.00451	0.44841

[dist]
# distance from previous block
# <min> <max>
0	2

[block]
# block no. 2 follows, 40 sequences, length 15
# corresponding to MSA columns:
# 497-511
name=unknown_C
#
# <colnr> <probs for GDERKNQSTAVLIFYWHMCP>
#	G	D	E	R	K	N	Q	S	T	A	V	L	I	F	Y	W	H	M	C	P
0	0.01746	0.01747	0.11743	0.01892	0.02337	0.01414	0.25111	0.01918	0.01590	0.02317	0.02093	0.15373	0.01961	0.01163	0.00937	0.00291	0.05915	0.00917	0.07895	0.11640
1	0.12523	0.01748	0.08857	0.12376	0.37699	0.01571	0.01690	0.02025	0.01555	0.02375	0.01618	0.02189	0.01406	0.01054	0.00937	0.07308	0.00850	0.00667	0.00490	0.01063
2	0.02111	0.56437	0.02919	0.01411	0.01907	0.08657	0.01193	0.02129	0.01588	0.02005	0.01452	0.01815	0.01327	0.00894	0.00659	0.00234	0.00821	0.00525	0.00472	0.11444
3	0.01366	0.00982	0.01154	0.01251	0.01353	0.00870	0.00859	0.01322	0.01513	0.02073	0.03572	0.63317	0.04058	0.02067	0.00981	0.00342	0.00577	0.10826	0.00719	0.00799
4	0.01926	0.01689	0.02482	0.14523	0.49086	0.01707	0.01845	0.02060	0.01595	0.02290	0.01623	0.02225	0.01429	0.00987	0.00996	0.00294	0.10940	0.00701	0.00483	0.01120
5	0.01506	0.01308	0.01180	0.01142	0.01385	0.10560	0.00809	0.01480	0.01708	0.02095	0.05271	0.08721	0.56563	0.01683	0.00905	0.00298	0.00610	0.01257	0.00689	0.00830
6	0.04778	0.01492	0.02013	0.09104	0.44440	0.08736	0.01504	0.10091	0.08367	0.02096	0.01212	0.01455	0.00968	0.00578	0.00565	0.00175	0.00696	0.00510	0.00351	0.00870
7	0.09417	0.01027	0.01258	0.01005	0.01403	0.00962	0.00812	0.11547	0.01630	0.43946	0.02043	0.11497	0.01559	0.00813	0.00570	0.00178	0.00484	0.00665	0.00612	0.08573
8	0.01037	0.00933	0.01270	0.01130	0.01242	0.01126	0.03933	0.01215	0.01113	0.01570	0.02652	0.03169	0.23410	0.01287	0.04295	0.00252	0.34586	0.07117	0.08087	0.00577
9	0.00952	0.00622	0.00783	0.00738	0.00907	0.00559	0.00555	0.01180	0.01535	0.09021	0.48025	0.11055	0.19345	0.01260	0.00682	0.00190	0.00305	0.01098	0.00618	0.00571
10	0.01885	0.02145	0.01437	0.01288	0.01543	0.51037	0.00952	0.10866	0.01606	0.01636	0.01166	0.01698	0.01079	0.17977	0.01067	0.00244	0.00891	0.00497	0.00346	0.00642
11	0.11261	0.00676	0.00734	0.00715	0.00896	0.00653	0.00537	0.01135	0.04352	0.02021	0.31722	0.12504	0.28207	0.01256	0.00648	0.00194	0.00318	0.01068	0.00558	0.00546
12	0.03788	0.01356	0.01450	0.01162	0.01543	0.01472	0.00941	0.54510	0.02328	0.03135	0.02142	0.09218	0.10914	0.00899	0.00602	0.00182	0.00555	0.00716	0.02228	0.00859
13	0.01190	0.01263	0.10359	0.01535	0.11137	0.04406	0.07258	0.07872	0.02431	0.01845	0.02068	0.17625	0.02144	0.08439	0.00889	0.00247	0.00628	0.17569	0.00427	0.00668
14	0.01610	0.10722	0.21474	0.04457	0.01948	0.11323	0.02968	0.20589	0.08205	0.02185	0.01277	0.01538	0.01019	0.07304	0.00748	0.00205	0.00739	0.00499	0.00381	0.00809

[dist]
# distance from previous block
# <min> <max>
3	10

[block]
# block no. 3 follows, 40 sequences, length 15
# corresponding to MSA columns:
# 522-536
name=unknown_D
#
# <colnr> <probs for GDERKNQSTAVLIFYWHMCP>
#	G	D	E	R	K	N	Q	S	T	A	V	L	I	F	Y	W	H	M	C	P
0	0.08642	0.31525	0.19554	0.01221	0.01751	0.14463	0.01236	0.02009	0.01321	0.11800	0.01081	0.01165	0.00829	0.00561	0.00468	0.00155	0.00718	0.00387	0.00330	0.00784
1	0.11666	0.02630	0.04292	0.01198	0.04798	0.11527	0.00940	0.13263	0.09177	0.14492	0.07000	0.01953	0.06730	0.00731	0.00547	0.00170	0.00574	0.00569	0.00491	0.07254
2	0.05816	0.33504	0.03555	0.05929	0.01597	0.04377	0.01038	0.01802	0.10037	0.01660	0.01106	0.01313	0.00936	0.00670	0.00746	0.00171	0.16933	0.00433	0.07664	0.00713
3	0.01334	0.01285	0.01679	0.10251	0.30987	0.08173	0.01255	0.02898	0.10252	0.01890	0.06460	0.02166	0.10311	0.00718	0.00581	0.00172	0.00608	0.00626	0.00384	0.07970
4	0.00739	0.00654	0.04520	0.00821	0.00928	0.00533	0.00614	0.00889	0.01170	0.01552	0.06972	0.57552	0.14438	0.01774	0.03712	0.00252	0.00402	0.01458	0.00521	0.00500
5	0.00950	0.00569	0.00753	0.00822	0.00903	0.00526	0.00562	0.01057	0.01157	0.10501	0.02979	0.63492	0.03409	0.08249	0.00910	0.00257	0.00376	0.01456	0.00546	0.00525
6	0.01261	0.12952	0.01847	0.01334	0.01458	0.01649	0.04026	0.01425	0.01013	0.01491	0.01251	0.01620	0.06215	0.00923	0.01415	0.00218	0.51481	0.00541	0.07241	0.00640
7	0.00802	0.00631	0.00652	0.00639	0.00832	0.00571	0.00481	0.01083	0.06630	0.01771	0.11243	0.04826	0.55286	0.01303	0.00646	0.00188	0.00302	0.01088	0.10493	0.00533
8	0.01473	0.01354	0.01733	0.11858	0.10468	0.10305	0.10214	0.07457	0.01426	0.04507	0.01190	0.01431	0.00931	0.00542	0.00526	0.00147	0.00655	0.00474	0.07544	0.25765
9	0.00753	0.00567	0.00696	0.00715	0.00839	0.00511	0.00517	0.00943	0.01405	0.01880	0.35736	0.26273	0.24145	0.01449	0.00703	0.00202	0.00298	0.01273	0.00584	0.00511
10	0.01571	0.04374	0.25807	0.10580	0.03268	0.01129	0.01369	0.02027	0.04313	0.21964	0.01528	0.01768	0.01127	0.00644	0.00556	0.00173	0.00646	0.04102	0.00419	0.12635
11	0.01406	0.61779	0.02549	0.00980	0.01383	0.03740	0.00920	0.01583	0.01164	0.01382	0.01163	0.10507	0.01181	0.00986	0.06910	0.00207	0.00677	0.00501	0.00290	0.00692
12	0.02010	0.01507	0.01687	0.01405	0.06362	0.01613	0.01082	0.55395	0.06205	0.04932	0.01405	0.01430	0.01021	0.00660	0.00564	0.00165	0.00605	0.00510	0.00538	0.10907
13	0.08044	0.00800	0.00937	0.00803	0.01084	0.00710	0.00616	0.02687	0.01377	0.05730	0.26989	0.13478	0.02915	0.00930	0.00566	0.00157	0.00364	0.00796	0.04673	0.26344
14	0.01233	0.11993	0.55734	0.07037	0.02413	0.01469	0.01864	0.01913	0.07647	0.01810	0.01130	0.01298	0.00831	0.00569	0.00536	0.00179	0.00790	0.00442	0.00277	0.00836

[dist]
# distance from previous block
# <min> <max>
0	1

[block]
# block no. 4 follows, 40 sequences, length 10
# corresponding to MSA columns:
# 538-547
name=unknown_E
#
# <colnr> <probs for GDERKNQSTAVLIFYWHMCP>
#	G	D	E	R	K	N	Q	S	T	A	V	L	I	F	Y	W	H	M	C	P
0	0.01472	0.32803	0.05542	0.11410	0.06341	0.14885	0.07350	0.01726	0.01283	0.01496	0.01258	0.05310	0.03995	0.02160	0.00554	0.00166	0.00733	0.00513	0.00293	0.00707
1	0.00959	0.00603	0.00746	0.00778	0.00924	0.00537	0.00566	0.01099	0.01264	0.11278	0.03960	0.41904	0.27019	0.01555	0.00706	0.00217	0.00352	0.04421	0.00563	0.00549
2	0.00977	0.00738	0.00946	0.10897	0.01316	0.00792	0.00699	0.06797	0.05078	0.01622	0.05837	0.22126	0.04021	0.26867	0.08362	0.00390	0.00605	0.00969	0.00433	0.00529
3	0.01728	0.05200	0.01541	0.01186	0.05328	0.01232	0.00917	0.23264	0.05422	0.12121	0.01364	0.01410	0.01018	0.00573	0.00508	0.00136	0.00525	0.00452	0.00468	0.35606
4	0.01308	0.01003	0.01035	0.00912	0.01070	0.05613	0.00645	0.21464	0.01432	0.01877	0.01628	0.02823	0.01655	0.45767	0.08918	0.00463	0.00705	0.00706	0.00410	0.00566
5	0.00876	0.00633	0.00737	0.00767	0.00822	0.00647	0.00492	0.01126	0.10587	0.01422	0.02381	0.29878	0.02674	0.42188	0.01878	0.00402	0.00471	0.01103	0.00449	0.00468
6	0.01297	0.01323	0.12124	0.37463	0.05210	0.01208	0.01407	0.10234	0.01391	0.06325	0.01439	0.11609	0.01244	0.00752	0.00591	0.00189	0.00678	0.00650	0.00365	0.04500
7	0.01362	0.04533	0.05152	0.13960	0.01982	0.01612	0.01271	0.11037	0.07810	0.01817	0.01096	0.01459	0.00925	0.01043	0.05802	0.00261	0.37311	0.00521	0.00331	0.00717
8	0.00894	0.00650	0.00767	0.00793	0.00947	0.00613	0.00585	0.01195	0.08652	0.05501	0.09390	0.32174	0.28364	0.01482	0.00700	0.00214	0.00350	0.05608	0.00561	0.00559
9	0.01241	0.00694	0.00710	0.00653	0.00835	0.00718	0.00504	0.11494	0.01431	0.02377	0.01827	0.02060	0.01421	0.00680	0.00431	0.00141	0.00322	0.00539	0.71316	0.00604

[dist]
# distance from previous block
# <min> <max>
51	91

# created by:
# /software/SequenceAnalysis/GenePrediction/augustus/3.0.1/scripts/msa2prfl.pl ./fixed/BUSCOvEOG7JQ5CJ.fas
