[name]
unknown

[dist]
# distance from previous block
# <min> <max>
0	126

[block]
# block no. 0 follows, 41 sequences, length 167
# corresponding to MSA columns:
# 137-303
name=unknown_A
#
# <colnr> <probs for GDERKNQSTAVLIFYWHMCP>
#	G	D	E	R	K	N	Q	S	T	A	V	L	I	F	Y	W	H	M	C	P
0	0.01321	0.01286	0.03581	0.03029	0.59417	0.01248	0.05660	0.01656	0.01295	0.01830	0.01382	0.05692	0.01286	0.00681	0.00603	0.00184	0.00666	0.08028	0.00320	0.00837
1	0.83938	0.01106	0.00841	0.00752	0.01106	0.01283	0.00619	0.01681	0.00973	0.02566	0.00796	0.00929	0.00619	0.00531	0.00354	0.00177	0.00442	0.00310	0.00354	0.00619
2	0.02137	0.02726	0.01621	0.01474	0.01768	0.77602	0.01105	0.02284	0.01621	0.01400	0.00884	0.01031	0.00737	0.00589	0.00516	0.00147	0.01031	0.00368	0.00295	0.00663
3	0.01251	0.11865	0.56600	0.01808	0.12704	0.01436	0.01910	0.01806	0.01222	0.02857	0.01024	0.01213	0.00761	0.00535	0.00526	0.00173	0.00789	0.00423	0.00255	0.00843
4	0.02535	0.01017	0.03003	0.01031	0.01483	0.00851	0.00869	0.02766	0.01628	0.75066	0.02229	0.01930	0.01401	0.00704	0.00575	0.00177	0.00495	0.00572	0.00698	0.00971
5	0.00829	0.00564	0.00673	0.00673	0.00691	0.00581	0.00408	0.00864	0.00846	0.01146	0.01757	0.03492	0.01970	0.67202	0.15459	0.00616	0.00719	0.00795	0.00340	0.00374
6	0.03981	0.00983	0.01252	0.05600	0.01505	0.00963	0.00847	0.09135	0.09485	0.40099	0.15521	0.04290	0.02136	0.00813	0.00592	0.00181	0.00468	0.00677	0.00627	0.00845
7	0.01300	0.01484	0.09966	0.22213	0.36702	0.02290	0.14314	0.01706	0.01264	0.01747	0.01067	0.01440	0.00842	0.00525	0.00584	0.00180	0.00771	0.00527	0.00273	0.00805
8	0.70046	0.01346	0.09921	0.00939	0.01362	0.01297	0.04497	0.01704	0.01020	0.02441	0.00842	0.00993	0.00644	0.00530	0.00392	0.00178	0.00516	0.00341	0.00337	0.00654
9	0.01610	0.69988	0.02815	0.01044	0.01508	0.12230	0.00995	0.01788	0.01223	0.01353	0.00807	0.00933	0.00734	0.00503	0.00387	0.00126	0.00667	0.00314	0.00251	0.00725
10	0.00818	0.00610	0.00904	0.00904	0.01001	0.00707	0.00696	0.01012	0.00915	0.01317	0.01546	0.02322	0.01463	0.08091	0.73875	0.00901	0.01483	0.00624	0.00308	0.00502
11	0.05823	0.02547	0.55228	0.03629	0.04734	0.04640	0.05499	0.06153	0.01319	0.03716	0.01066	0.01244	0.00765	0.00554	0.00542	0.00179	0.00809	0.00441	0.00285	0.00829
12	0.01564	0.01119	0.01250	0.01114	0.01435	0.01234	0.00876	0.02791	0.54905	0.15468	0.02391	0.06203	0.01866	0.00854	0.00598	0.00196	0.00456	0.04203	0.00599	0.00877
13	0.02566	0.00973	0.01327	0.01018	0.01460	0.00841	0.00841	0.02788	0.01637	0.76726	0.02257	0.01947	0.01416	0.00708	0.00575	0.00177	0.00487	0.00575	0.00708	0.00973
14	0.00840	0.00605	0.00695	0.00659	0.00845	0.00526	0.00499	0.01037	0.01445	0.06300	0.32532	0.04821	0.44533	0.01297	0.00669	0.00187	0.00294	0.01103	0.00579	0.00534
15	0.01024	0.01123	0.08936	0.07679	0.14142	0.00952	0.14887	0.01316	0.01207	0.01658	0.05479	0.31649	0.02234	0.04119	0.00744	0.00216	0.00598	0.00999	0.00392	0.00645
16	0.01064	0.00796	0.01087	0.14982	0.04975	0.00925	0.00843	0.02994	0.01099	0.01673	0.01519	0.05363	0.01383	0.12563	0.08435	0.00303	0.11711	0.00620	0.27104	0.00561
17	0.00817	0.00613	0.00919	0.00919	0.01021	0.00715	0.00715	0.01021	0.00919	0.01328	0.01532	0.02247	0.01430	0.04290	0.77631	0.00919	0.01532	0.00613	0.00306	0.00511
18	0.01995	0.01513	0.01616	0.01280	0.01705	0.01690	0.01044	0.57382	0.20022	0.03315	0.01601	0.01555	0.01157	0.00708	0.00575	0.00177	0.00587	0.00546	0.00575	0.00957
19	0.01261	0.20362	0.51999	0.01639	0.07041	0.01548	0.05074	0.01786	0.01210	0.01710	0.00983	0.01170	0.00745	0.00526	0.00511	0.00168	0.00787	0.00413	0.00247	0.00821
20	0.83938	0.01106	0.00841	0.00752	0.01106	0.01283	0.00619	0.01681	0.00973	0.02566	0.00796	0.00929	0.00619	0.00531	0.00354	0.00177	0.00442	0.00310	0.00354	0.00619
21	0.00702	0.00502	0.00669	0.00793	0.00831	0.00468	0.00531	0.00810	0.01120	0.01500	0.06652	0.75911	0.03861	0.01762	0.00727	0.00230	0.00329	0.01598	0.00536	0.00468
22	0.04692	0.07780	0.40751	0.01730	0.11607	0.02714	0.05983	0.01966	0.01295	0.14389	0.01219	0.01343	0.00869	0.00560	0.00539	0.00175	0.00742	0.00461	0.00334	0.00850
23	0.01355	0.01555	0.12241	0.03102	0.59781	0.01331	0.05803	0.01743	0.01304	0.01874	0.03700	0.01495	0.01037	0.00536	0.00573	0.00173	0.00703	0.00526	0.00290	0.00878
24	0.00734	0.00555	0.00795	0.00868	0.00937	0.00517	0.03984	0.00860	0.01130	0.01502	0.04486	0.69976	0.06393	0.01701	0.00726	0.00229	0.00363	0.03239	0.00521	0.00482
25	0.01331	0.01273	0.02169	0.22443	0.58060	0.01337	0.01713	0.01681	0.01262	0.01766	0.01061	0.01443	0.00870	0.00525	0.00568	0.00175	0.00700	0.00509	0.00276	0.00838
26	0.01529	0.80242	0.02997	0.00979	0.01468	0.02263	0.00979	0.01713	0.01162	0.01346	0.00795	0.00918	0.00734	0.00489	0.00367	0.00122	0.00612	0.00306	0.00245	0.00734
27	0.00920	0.00657	0.00919	0.01047	0.01179	0.00656	0.00915	0.01183	0.01322	0.01722	0.04324	0.06413	0.03329	0.01573	0.00788	0.00262	0.00522	0.71212	0.00529	0.00527
28	0.01367	0.01392	0.02597	0.02815	0.40842	0.01329	0.28852	0.01751	0.01308	0.01854	0.01100	0.01439	0.00885	0.00490	0.00592	0.00169	0.00759	0.00554	0.00291	0.09614
29	0.00996	0.00823	0.05400	0.00827	0.01084	0.00646	0.00691	0.01284	0.01509	0.06317	0.51448	0.03544	0.04035	0.01000	0.00625	0.00168	0.00354	0.04196	0.00557	0.14495
30	0.00697	0.00498	0.00664	0.00796	0.00830	0.00465	0.00531	0.00796	0.01095	0.01460	0.03153	0.79525	0.03783	0.01792	0.00730	0.00232	0.00332	0.01626	0.00531	0.00465
31	0.00817	0.00613	0.00919	0.00919	0.01021	0.00715	0.00715	0.01021	0.00919	0.01328	0.01532	0.02247	0.01430	0.04290	0.77631	0.00919	0.01532	0.00613	0.00306	0.00511
32	0.01423	0.01229	0.01293	0.01164	0.01487	0.01423	0.00905	0.03039	0.75297	0.02393	0.02328	0.02134	0.01746	0.00776	0.00582	0.00194	0.00453	0.00647	0.00582	0.00905
33	0.02137	0.02726	0.01621	0.01474	0.01768	0.77602	0.01105	0.02284	0.01621	0.01400	0.00884	0.01031	0.00737	0.00589	0.00516	0.00147	0.01031	0.00368	0.00295	0.00663
34	0.01080	0.01017	0.01716	0.78523	0.03940	0.01271	0.01589	0.01461	0.01144	0.01461	0.01017	0.01525	0.00762	0.00572	0.00572	0.00191	0.00762	0.00508	0.00254	0.00635
35	0.02566	0.00973	0.01327	0.01018	0.01460	0.00841	0.00841	0.02788	0.01637	0.76726	0.02257	0.01947	0.01416	0.00708	0.00575	0.00177	0.00487	0.00575	0.00708	0.00973
36	0.01350	0.01543	0.03375	0.02411	0.02989	0.01446	0.74253	0.01832	0.01350	0.01832	0.01157	0.01543	0.00868	0.00482	0.00675	0.00193	0.00964	0.00675	0.00289	0.00771
37	0.02626	0.01028	0.01378	0.01069	0.01514	0.00885	0.00872	0.02824	0.01680	0.75871	0.02319	0.02045	0.01482	0.00758	0.00608	0.00191	0.00513	0.00599	0.00730	0.01009
38	0.00920	0.00693	0.00976	0.00961	0.01053	0.00788	0.00727	0.01072	0.00958	0.01378	0.01602	0.02482	0.01546	0.13529	0.64043	0.00849	0.04894	0.00658	0.00336	0.00537
39	0.00800	0.00636	0.00706	0.00745	0.00907	0.00555	0.00562	0.00932	0.01316	0.01628	0.04935	0.18605	0.51639	0.01569	0.00734	0.00225	0.00362	0.12062	0.00554	0.00528
40	0.01490	0.01409	0.02360	0.03531	0.75459	0.01397	0.01776	0.01805	0.01349	0.01937	0.01153	0.01520	0.00979	0.00562	0.00599	0.00184	0.00704	0.00534	0.00310	0.00943
41	0.00793	0.00567	0.00738	0.00866	0.00912	0.00525	0.00590	0.00881	0.01157	0.01549	0.03196	0.74323	0.03791	0.01816	0.00764	0.00248	0.00372	0.05847	0.00555	0.00510
42	0.39784	0.01716	0.22421	0.06368	0.07369	0.01375	0.04696	0.01748	0.01136	0.02189	0.00990	0.01239	0.00775	0.00613	0.00577	0.00198	0.05303	0.00424	0.00328	0.00752
43	0.01466	0.36349	0.18131	0.08804	0.19330	0.03132	0.01483	0.01780	0.01259	0.01650	0.01010	0.01261	0.00849	0.00567	0.00506	0.00167	0.00722	0.00424	0.00282	0.00826
44	0.00923	0.00702	0.01000	0.00983	0.01079	0.00807	0.00752	0.01086	0.00962	0.01391	0.01579	0.02390	0.01504	0.09308	0.67445	0.00863	0.05701	0.00645	0.00333	0.00547
45	0.06347	0.05546	0.17881	0.08366	0.12577	0.08130	0.24826	0.01841	0.01328	0.01856	0.01114	0.01430	0.00874	0.00568	0.00596	0.00188	0.00837	0.00527	0.00307	0.04861
46	0.01453	0.01847	0.19408	0.04158	0.48523	0.05057	0.07086	0.01843	0.01344	0.01892	0.01137	0.01465	0.00924	0.00572	0.00599	0.00188	0.00780	0.00519	0.00301	0.00903
47	0.02626	0.01028	0.01378	0.01069	0.01514	0.00885	0.00872	0.02824	0.01680	0.75871	0.02319	0.02045	0.01482	0.00758	0.00608	0.00191	0.00513	0.00599	0.00730	0.01009
48	0.00785	0.00601	0.00701	0.00755	0.00871	0.00530	0.00529	0.00900	0.01289	0.01665	0.12738	0.40268	0.32969	0.01618	0.00733	0.00224	0.00336	0.01400	0.00566	0.00523
49	0.03019	0.05867	0.06715	0.01047	0.01367	0.01131	0.00888	0.22668	0.01880	0.06031	0.35190	0.06595	0.03160	0.00985	0.00640	0.00191	0.00482	0.00808	0.00578	0.00758
50	0.01602	0.79318	0.03027	0.01030	0.01522	0.02290	0.01009	0.01762	0.01211	0.01421	0.00875	0.01028	0.00809	0.00542	0.00402	0.00137	0.00637	0.00333	0.00272	0.00773
51	0.01145	0.00593	0.00594	0.00590	0.00730	0.00582	0.00437	0.01387	0.01247	0.02198	0.01933	0.02228	0.01532	0.00717	0.00435	0.00148	0.00296	0.00557	0.82079	0.00574
52	0.01363	0.25620	0.46279	0.01631	0.06632	0.01650	0.05238	0.01828	0.01254	0.01748	0.01045	0.01258	0.00820	0.00574	0.00532	0.00178	0.00794	0.00431	0.00275	0.00850
53	0.01073	0.00557	0.00803	0.00800	0.00808	0.00546	0.00533	0.00807	0.00799	0.01073	0.01071	0.01839	0.01065	0.02021	0.02248	0.82346	0.00523	0.00521	0.00276	0.00293
54	0.02626	0.01028	0.01378	0.01069	0.01514	0.00885	0.00872	0.02824	0.01680	0.75871	0.02319	0.02045	0.01482	0.00758	0.00608	0.00191	0.00513	0.00599	0.00730	0.01009
55	0.00780	0.00558	0.00723	0.00850	0.00891	0.00514	0.00566	0.00857	0.01144	0.01534	0.03204	0.78665	0.03820	0.01828	0.00761	0.00246	0.00360	0.01637	0.00555	0.00507
56	0.01437	0.01355	0.02265	0.15319	0.64084	0.01383	0.01750	0.01758	0.01324	0.01873	0.01143	0.01537	0.00956	0.00572	0.00600	0.00187	0.00717	0.00534	0.00305	0.00900
57	0.01224	0.00653	0.00655	0.00648	0.00794	0.00631	0.00475	0.01442	0.01296	0.02264	0.02001	0.02325	0.01599	0.00768	0.00470	0.00163	0.00325	0.00582	0.81069	0.00616
58	0.01910	0.48478	0.02527	0.01274	0.01692	0.31380	0.01088	0.02033	0.01436	0.01518	0.00991	0.01185	0.00886	0.00634	0.00495	0.00162	0.00824	0.00384	0.00319	0.00785
59	0.01408	0.07121	0.66626	0.01646	0.02443	0.01428	0.02008	0.01962	0.01327	0.06377	0.01243	0.01452	0.00917	0.00655	0.00602	0.00206	0.00855	0.00477	0.00325	0.00922
60	0.01569	0.01531	0.02188	0.20024	0.50376	0.09689	0.01689	0.01846	0.01396	0.01865	0.01197	0.01609	0.01002	0.00637	0.00628	0.00201	0.00785	0.00543	0.00332	0.00893
61	0.01279	0.00714	0.00729	0.00701	0.00863	0.00703	0.00520	0.05426	0.01370	0.02324	0.01966	0.02287	0.01571	0.00859	0.02405	0.00185	0.00377	0.00583	0.74499	0.00640
62	0.01359	0.01081	0.01153	0.01049	0.01345	0.01108	0.00795	0.02237	0.40117	0.05762	0.03408	0.07123	0.23413	0.01094	0.00672	0.00216	0.00453	0.00881	0.00602	0.06133
63	0.01565	0.01459	0.02399	0.03552	0.74576	0.01436	0.01796	0.01854	0.01396	0.02007	0.01231	0.01626	0.01053	0.00615	0.00632	0.00199	0.00728	0.00559	0.00337	0.00980
64	0.02687	0.01083	0.01430	0.01121	0.01568	0.00931	0.00904	0.02861	0.01723	0.75003	0.02382	0.02144	0.01550	0.00808	0.00641	0.00205	0.00540	0.00623	0.00752	0.01046
65	0.00998	0.00754	0.01044	0.01031	0.01133	0.00838	0.00779	0.01135	0.01024	0.01476	0.01728	0.06085	0.01676	0.08240	0.64306	0.00844	0.05237	0.00714	0.00370	0.00589
66	0.00972	0.00677	0.00771	0.00767	0.00821	0.00637	0.00479	0.00997	0.01133	0.01542	0.16224	0.10354	0.07089	0.52404	0.02194	0.00456	0.00519	0.00998	0.00478	0.00488
67	0.01345	0.01272	0.01726	0.01516	0.01536	0.01680	0.01227	0.01422	0.01004	0.01536	0.01174	0.09953	0.01230	0.01180	0.01786	0.00275	0.68443	0.00672	0.00336	0.00689
68	0.01083	0.00775	0.01034	0.01156	0.01300	0.00753	0.00983	0.01298	0.01410	0.01854	0.03135	0.06538	0.03379	0.01659	0.00850	0.00290	0.00579	0.70740	0.00575	0.00610
69	0.78048	0.01206	0.00979	0.00875	0.01240	0.01340	0.00700	0.01836	0.01108	0.06321	0.01030	0.01202	0.00812	0.00644	0.00436	0.00205	0.00499	0.00377	0.00424	0.00718
70	0.01547	0.01433	0.02309	0.07518	0.66449	0.01435	0.01740	0.01910	0.05514	0.02014	0.01297	0.01672	0.01092	0.00633	0.00633	0.00201	0.00720	0.00567	0.00352	0.00965
71	0.02665	0.01118	0.01451	0.01137	0.01585	0.00983	0.00918	0.06856	0.01781	0.70925	0.02333	0.02112	0.01525	0.00807	0.00641	0.00205	0.00548	0.00620	0.00744	0.01046
72	0.01469	0.01482	0.01598	0.01434	0.01536	0.16793	0.01135	0.01574	0.01142	0.01519	0.01146	0.01684	0.01077	0.01875	0.21538	0.00432	0.41002	0.00553	0.00329	0.00684
73	0.00872	0.00625	0.00790	0.00900	0.00955	0.00569	0.00603	0.00939	0.01231	0.01667	0.08397	0.72484	0.03972	0.01821	0.00788	0.00256	0.00384	0.01606	0.00586	0.00555
74	0.21052	0.01113	0.01320	0.01061	0.01488	0.01030	0.00855	0.02611	0.01573	0.58266	0.02052	0.01915	0.01370	0.00768	0.00591	0.00205	0.00530	0.00563	0.00672	0.00966
75	0.00895	0.00668	0.00909	0.00981	0.01054	0.00610	0.04049	0.00968	0.01206	0.01626	0.03162	0.74147	0.03722	0.01804	0.00789	0.00258	0.00418	0.01603	0.00568	0.00564
76	0.05542	0.01470	0.05751	0.10384	0.54365	0.01400	0.04964	0.01807	0.01363	0.01992	0.01286	0.01799	0.01105	0.00662	0.00634	0.00206	0.00739	0.03268	0.00346	0.00917
77	0.01966	0.10588	0.05666	0.01855	0.12457	0.45377	0.04718	0.02138	0.01537	0.01649	0.01073	0.01340	0.00918	0.00688	0.00664	0.00187	0.05589	0.00459	0.00336	0.00796
78	0.00982	0.00728	0.01015	0.01008	0.01118	0.00799	0.00761	0.01128	0.01018	0.01467	0.01691	0.02521	0.01600	0.08518	0.71614	0.00909	0.01505	0.00672	0.00362	0.00585
79	0.05610	0.06425	0.01899	0.07317	0.13133	0.13743	0.01247	0.33616	0.06143	0.02687	0.01366	0.01544	0.01068	0.00724	0.00607	0.00196	0.00741	0.00526	0.00480	0.00928
80	0.01338	0.01703	0.26475	0.01681	0.11901	0.01116	0.06848	0.01731	0.02607	0.06954	0.23158	0.02774	0.02495	0.00903	0.00680	0.00214	0.00659	0.05469	0.00473	0.00823
81	0.02306	0.01391	0.01586	0.01216	0.01668	0.01460	0.01004	0.50361	0.02336	0.28166	0.01670	0.01566	0.01122	0.00694	0.00573	0.00173	0.00581	0.00535	0.00618	0.00973
82	0.01078	0.01006	0.01687	0.71361	0.06582	0.01234	0.01538	0.01452	0.01176	0.01523	0.05116	0.01671	0.01021	0.00602	0.00577	0.00189	0.00732	0.00537	0.00276	0.00641
83	0.04441	0.04236	0.38934	0.01753	0.05868	0.08602	0.17126	0.04340	0.01329	0.01844	0.01307	0.01500	0.04973	0.00587	0.00567	0.00179	0.00821	0.00515	0.00291	0.00788
84	0.01094	0.00560	0.00563	0.00553	0.00694	0.00564	0.00417	0.03156	0.01237	0.02169	0.01854	0.02114	0.01454	0.00667	0.00404	0.00134	0.00276	0.00533	0.81016	0.00544
85	0.00820	0.00601	0.00862	0.00862	0.00944	0.00684	0.00643	0.00984	0.00902	0.01285	0.01585	0.02539	0.01557	0.19060	0.63035	0.00848	0.01341	0.00656	0.00314	0.00479
86	0.01243	0.01507	0.11710	0.12290	0.19869	0.01296	0.32135	0.01666	0.01271	0.01755	0.01293	0.08861	0.01122	0.00632	0.00625	0.00190	0.00797	0.00674	0.00300	0.00765
87	0.01452	0.01433	0.02267	0.04945	0.70399	0.05887	0.01713	0.01781	0.01318	0.01832	0.01063	0.01395	0.00893	0.00516	0.00563	0.00169	0.00702	0.00501	0.00283	0.00886
88	0.00696	0.00576	0.00613	0.00637	0.00809	0.00494	0.00480	0.00845	0.01282	0.01548	0.05309	0.13527	0.63030	0.01495	0.00690	0.00202	0.00311	0.06439	0.00531	0.00484
89	0.02344	0.00650	0.02367	0.00887	0.00989	0.00593	0.03369	0.03798	0.01217	0.01666	0.09854	0.63298	0.03595	0.01591	0.00706	0.00221	0.00374	0.01441	0.00524	0.00514
90	0.01198	0.10807	0.64975	0.01610	0.02403	0.01431	0.06283	0.01803	0.01211	0.01765	0.01011	0.01198	0.00734	0.00534	0.00533	0.00176	0.00828	0.00426	0.00245	0.00830
91	0.00762	0.00630	0.00652	0.00629	0.00829	0.00551	0.00476	0.04452	0.01401	0.01716	0.12103	0.05188	0.65848	0.01385	0.00671	0.00191	0.00305	0.01157	0.00542	0.00512
92	0.01745	0.23020	0.12760	0.01467	0.03140	0.36331	0.07263	0.03354	0.03066	0.01550	0.00947	0.01106	0.00775	0.00552	0.00497	0.00151	0.00863	0.00396	0.00285	0.00732
93	0.01240	0.01049	0.01215	0.00873	0.01378	0.00818	0.00700	0.05426	0.01268	0.01959	0.01036	0.01196	0.00854	0.00438	0.00432	0.00089	0.00435	0.00348	0.00352	0.78893
94	0.07458	0.01628	0.09556	0.03796	0.30762	0.05068	0.24321	0.06971	0.01396	0.01997	0.01087	0.01381	0.00850	0.00523	0.00581	0.00178	0.00782	0.00532	0.00307	0.00826
95	0.00934	0.00803	0.01294	0.09734	0.18176	0.00804	0.04943	0.01138	0.01161	0.01572	0.02352	0.49512	0.02660	0.01304	0.00674	0.00212	0.00490	0.01206	0.00433	0.00598
96	0.01247	0.02112	0.34947	0.07099	0.05678	0.01381	0.35572	0.01796	0.01273	0.01800	0.01088	0.01392	0.00801	0.00516	0.00607	0.00187	0.00889	0.00549	0.00266	0.00800
97	0.01632	0.01407	0.01644	0.01837	0.22239	0.08208	0.01165	0.08653	0.34986	0.07946	0.01741	0.01739	0.01315	0.00666	0.00567	0.00178	0.00584	0.00561	0.00478	0.02454
98	0.01105	0.01121	0.02242	0.01740	0.02108	0.01054	0.42423	0.01454	0.01299	0.01742	0.04655	0.18813	0.04840	0.00982	0.00704	0.00211	0.00716	0.11743	0.00397	0.00651
99	0.00825	0.00582	0.00748	0.00712	0.00838	0.00543	0.00529	0.01079	0.01547	0.02205	0.66756	0.04183	0.04976	0.05832	0.00797	0.00202	0.00292	0.02364	0.04465	0.00528
100	0.01505	0.01419	0.02295	0.03226	0.64907	0.05171	0.05637	0.01837	0.01337	0.05511	0.01129	0.01429	0.00920	0.00522	0.00570	0.00170	0.00703	0.00515	0.00305	0.00890
101	0.11598	0.37042	0.26250	0.01164	0.01746	0.01687	0.01283	0.01859	0.01206	0.09965	0.01031	0.01126	0.00792	0.00536	0.00445	0.00154	0.00652	0.00374	0.00308	0.00782
102	0.00937	0.00667	0.00920	0.00892	0.01012	0.00770	0.00698	0.04326	0.01044	0.01570	0.01553	0.02150	0.01390	0.03375	0.57905	0.00724	0.04275	0.00590	0.14662	0.00539
103	0.00716	0.00521	0.00678	0.00786	0.00847	0.00483	0.00546	0.00843	0.01166	0.01544	0.08718	0.62672	0.10726	0.01701	0.00724	0.00227	0.00335	0.05753	0.00538	0.00475
104	0.01788	0.10048	0.05395	0.05668	0.01826	0.43598	0.01135	0.02270	0.16220	0.01615	0.01172	0.01286	0.00940	0.00631	0.00577	0.00163	0.04170	0.00434	0.00340	0.00724
105	0.01289	0.01588	0.10760	0.06423	0.04634	0.01407	0.49605	0.01798	0.04832	0.01793	0.01232	0.04244	0.00984	0.00590	0.00732	0.00196	0.06175	0.00655	0.00302	0.00761
106	0.00802	0.00580	0.00757	0.00722	0.00852	0.00535	0.00538	0.01062	0.01589	0.02243	0.71498	0.08071	0.06188	0.01204	0.00677	0.00183	0.00273	0.01066	0.00623	0.00535
107	0.03175	0.51039	0.10342	0.01133	0.01611	0.12862	0.01105	0.01902	0.04126	0.05160	0.00963	0.01069	0.00804	0.00542	0.00454	0.00141	0.02176	0.00357	0.00290	0.00750
108	0.00827	0.00560	0.00779	0.00848	0.00927	0.00521	0.02465	0.00937	0.01133	0.04984	0.03088	0.61854	0.07379	0.01687	0.00797	0.04407	0.00372	0.05424	0.00519	0.00490
109	0.01293	0.01861	0.27144	0.18462	0.04836	0.01334	0.28959	0.01796	0.01273	0.05837	0.01142	0.01447	0.00829	0.00535	0.00601	0.00187	0.00848	0.00546	0.00289	0.00781
110	0.01160	0.02881	0.73198	0.01711	0.05269	0.01331	0.03003	0.01810	0.01213	0.01814	0.01030	0.01220	0.00733	0.00541	0.00546	0.00181	0.00841	0.00429	0.00244	0.00847
111	0.01405	0.01503	0.11395	0.10623	0.56444	0.01322	0.01739	0.01783	0.01291	0.05416	0.01121	0.01426	0.00894	0.00530	0.00564	0.00174	0.00699	0.00502	0.00296	0.00875
112	0.01957	0.01084	0.01500	0.16936	0.11462	0.04655	0.01096	0.02226	0.01493	0.42346	0.07811	0.01940	0.01512	0.00687	0.00579	0.00178	0.00575	0.00581	0.00536	0.00846
113	0.01445	0.37964	0.19232	0.01211	0.01727	0.01693	0.04622	0.05765	0.05416	0.05360	0.01234	0.01620	0.01058	0.04417	0.00602	0.00177	0.00659	0.04707	0.00327	0.00764
114	0.00986	0.00797	0.01155	0.09682	0.05044	0.00829	0.05165	0.06979	0.04054	0.01713	0.03475	0.43465	0.02701	0.05627	0.00820	0.00235	0.01556	0.04671	0.00467	0.00580
115	0.01329	0.01693	0.11185	0.02328	0.02935	0.01434	0.66593	0.01830	0.01335	0.01830	0.01143	0.01507	0.00853	0.00489	0.00661	0.00192	0.00952	0.00648	0.00284	0.00779
116	0.01147	0.02959	0.76934	0.01630	0.02476	0.01328	0.02113	0.01811	0.01208	0.01811	0.01026	0.01208	0.00725	0.00543	0.00543	0.00181	0.00845	0.00423	0.00242	0.00845
117	0.01325	0.05968	0.02292	0.02735	0.46866	0.01320	0.13762	0.01702	0.03885	0.01810	0.01487	0.05740	0.04008	0.00661	0.00596	0.00180	0.00677	0.03843	0.00325	0.00818
118	0.01376	0.04975	0.42455	0.06208	0.09073	0.04740	0.01675	0.08842	0.01420	0.06129	0.04843	0.01543	0.02979	0.00619	0.00554	0.00176	0.00742	0.00496	0.00333	0.00822
119	0.02566	0.00973	0.01327	0.01018	0.01460	0.00841	0.00841	0.02788	0.01637	0.76726	0.02257	0.01947	0.01416	0.00708	0.00575	0.00177	0.00487	0.00575	0.00708	0.00973
120	0.01163	0.01090	0.01785	0.11318	0.10825	0.01251	0.12881	0.01454	0.04822	0.01571	0.01430	0.11800	0.01399	0.01007	0.01115	0.06696	0.22460	0.04959	0.00330	0.00642
121	0.03300	0.02451	0.54659	0.06906	0.10520	0.01317	0.06523	0.01815	0.01232	0.04488	0.01078	0.01292	0.00778	0.00543	0.00553	0.00181	0.00807	0.00456	0.00269	0.00832
122	0.01312	0.01632	0.28902	0.01254	0.01711	0.01023	0.03809	0.10119	0.01409	0.11878	0.01973	0.26998	0.01905	0.01010	0.00622	0.00198	0.00602	0.02452	0.00445	0.00744
123	0.00736	0.00516	0.00650	0.00741	0.00768	0.00491	0.00475	0.00807	0.01022	0.01359	0.02815	0.55629	0.04885	0.24722	0.01369	0.00326	0.00396	0.01384	0.00477	0.00430
124	0.01547	0.49391	0.12251	0.01369	0.05377	0.04616	0.09596	0.01835	0.01245	0.06607	0.00982	0.01124	0.00803	0.00515	0.00454	0.00145	0.00692	0.00394	0.00285	0.00774
125	0.01818	0.01561	0.08590	0.05409	0.08083	0.01514	0.05202	0.45264	0.02141	0.05923	0.04969	0.04198	0.01254	0.00704	0.00585	0.00177	0.00645	0.00580	0.00494	0.00890
126	0.74009	0.01101	0.00942	0.04641	0.03050	0.01263	0.00705	0.01725	0.01021	0.06057	0.00884	0.01019	0.00672	0.00541	0.00380	0.00177	0.00466	0.00337	0.00364	0.00644
127	0.05550	0.01568	0.10886	0.05974	0.51492	0.04606	0.01635	0.01875	0.07402	0.01904	0.01149	0.01414	0.00927	0.00543	0.00552	0.00173	0.00687	0.00495	0.00306	0.00863
128	0.10053	0.03574	0.11367	0.07040	0.01986	0.29810	0.04904	0.14934	0.01579	0.01989	0.00993	0.01182	0.00775	0.00618	0.00628	0.00172	0.06889	0.00430	0.00336	0.00740
129	0.01700	0.05098	0.01661	0.01509	0.10803	0.04790	0.05111	0.06486	0.38133	0.15575	0.01906	0.01831	0.01399	0.00688	0.00570	0.00181	0.00558	0.00583	0.00522	0.00895
130	0.02547	0.01052	0.01341	0.01038	0.01474	0.04286	0.00853	0.02765	0.01636	0.73346	0.02195	0.01906	0.01385	0.00703	0.00573	0.00176	0.00511	0.00566	0.00689	0.00960
131	0.01018	0.00817	0.02182	0.00883	0.01080	0.00814	0.00688	0.05206	0.18416	0.02289	0.46090	0.09689	0.04069	0.01108	0.00654	0.00190	0.00352	0.03213	0.00598	0.00643
132	0.01721	0.01383	0.01430	0.04679	0.01676	0.07033	0.00988	0.19539	0.41857	0.08794	0.01948	0.01922	0.01451	0.00743	0.00578	0.00185	0.00555	0.02072	0.00553	0.00889
133	0.01090	0.00895	0.00999	0.00918	0.01151	0.00960	0.00704	0.01997	0.37183	0.02255	0.32327	0.03381	0.11777	0.01011	0.00630	0.00188	0.00360	0.00867	0.00595	0.00710
134	0.01425	0.01230	0.01913	0.11200	0.44266	0.01234	0.01427	0.05172	0.04918	0.06119	0.04030	0.01568	0.01123	0.00563	0.00554	0.00163	0.00616	0.00518	0.00352	0.11608
135	0.01747	0.11310	0.09116	0.01627	0.02055	0.39617	0.17633	0.02093	0.05066	0.01577	0.01017	0.01208	0.00815	0.00566	0.00565	0.00162	0.02356	0.00451	0.00296	0.00724
136	0.00699	0.00499	0.00666	0.00795	0.00830	0.00466	0.00531	0.00802	0.01105	0.01475	0.04493	0.78140	0.03813	0.01781	0.00729	0.00231	0.00331	0.01615	0.00533	0.00466
137	0.00697	0.00498	0.00664	0.00796	0.00830	0.00465	0.00531	0.00796	0.01095	0.01460	0.03153	0.79525	0.03783	0.01792	0.00730	0.00232	0.00332	0.01626	0.00531	0.00465
138	0.02756	0.06380	0.50202	0.01900	0.08535	0.01402	0.17225	0.01804	0.01239	0.01811	0.01042	0.01276	0.00768	0.00525	0.00561	0.00180	0.00838	0.00475	0.00257	0.00825
139	0.01450	0.01293	0.01747	0.02174	0.33857	0.01393	0.01273	0.07214	0.36427	0.02225	0.01816	0.01863	0.03334	0.00673	0.00577	0.00182	0.00558	0.00594	0.00451	0.00899
140	0.00697	0.00498	0.00664	0.00796	0.00830	0.00465	0.00531	0.00796	0.01095	0.01460	0.03153	0.79525	0.03783	0.01792	0.00730	0.00232	0.00332	0.01626	0.00531	0.00465
141	0.01970	0.06208	0.05846	0.01224	0.01670	0.01605	0.01058	0.52481	0.05891	0.07181	0.01456	0.01470	0.01048	0.00671	0.00545	0.00167	0.00593	0.00509	0.07497	0.00911
142	0.01384	0.01266	0.02178	0.21747	0.51473	0.01317	0.05224	0.01735	0.01281	0.05267	0.01121	0.01474	0.00893	0.00533	0.00573	0.00176	0.00705	0.00520	0.00296	0.00836
143	0.01265	0.01026	0.01199	0.00873	0.01368	0.00802	0.00698	0.01592	0.05255	0.05488	0.01148	0.01274	0.00924	0.00457	0.00440	0.00095	0.00428	0.00367	0.00370	0.74931
144	0.18536	0.51551	0.02334	0.01012	0.01442	0.14166	0.00925	0.01798	0.01197	0.01605	0.00810	0.00938	0.00711	0.00514	0.00388	0.00138	0.00644	0.00317	0.00275	0.00699
145	0.01331	0.01587	0.07314	0.04276	0.06347	0.01445	0.61752	0.01798	0.01313	0.01803	0.01124	0.01505	0.00854	0.00512	0.00714	0.00194	0.04435	0.00641	0.00284	0.00772
146	0.01144	0.01011	0.00959	0.00901	0.01134	0.09142	0.00695	0.06298	0.15293	0.03656	0.07695	0.09194	0.33257	0.01180	0.00644	0.00194	0.00446	0.06001	0.00527	0.00630
147	0.01438	0.01079	0.01198	0.00895	0.01361	0.05044	0.00714	0.01674	0.01292	0.14262	0.01499	0.01561	0.05407	0.00541	0.00469	0.00110	0.00460	0.00431	0.00409	0.60155
148	0.00702	0.00505	0.00657	0.00776	0.00816	0.00470	0.00517	0.00800	0.01094	0.01448	0.03231	0.71769	0.07649	0.05601	0.00834	0.00246	0.00340	0.01564	0.00522	0.00460
149	0.00825	0.00580	0.00752	0.00752	0.00796	0.00624	0.00506	0.00914	0.00870	0.01204	0.01685	0.03096	0.01799	0.47197	0.35228	0.00712	0.00977	0.00737	0.00329	0.00418
150	0.00817	0.00613	0.00919	0.00919	0.01021	0.00715	0.00715	0.01021	0.00919	0.01328	0.01532	0.02247	0.01430	0.04290	0.77631	0.00919	0.01532	0.00613	0.00306	0.00511
151	0.02079	0.00908	0.01176	0.04400	0.01404	0.00839	0.00784	0.05796	0.02924	0.50662	0.02300	0.02148	0.05818	0.00739	0.00550	0.00171	0.00454	0.00601	0.15397	0.00849
152	0.83938	0.01106	0.00841	0.00752	0.01106	0.01283	0.00619	0.01681	0.00973	0.02566	0.00796	0.00929	0.00619	0.00531	0.00354	0.00177	0.00442	0.00310	0.00354	0.00619
153	0.80287	0.01100	0.00863	0.00764	0.01122	0.01263	0.00629	0.01731	0.01003	0.05894	0.00862	0.00975	0.00655	0.00539	0.00364	0.00177	0.00444	0.00322	0.00370	0.00635
154	0.00736	0.00596	0.00661	0.00696	0.00850	0.00537	0.00516	0.00952	0.04884	0.01589	0.05938	0.23852	0.48452	0.01505	0.00692	0.00207	0.00323	0.05975	0.00535	0.00503
155	0.01173	0.02567	0.59459	0.09087	0.06692	0.01335	0.08195	0.01777	0.01219	0.01783	0.01039	0.01278	0.00750	0.00539	0.00559	0.00182	0.00839	0.00457	0.00249	0.00822
156	0.00902	0.00658	0.00742	0.00729	0.00907	0.00602	0.00540	0.06808	0.01391	0.05414	0.08698	0.25747	0.41893	0.01431	0.00678	0.00201	0.00337	0.01228	0.00549	0.00544
157	0.00697	0.00498	0.00664	0.00796	0.00830	0.00465	0.00531	0.00796	0.01095	0.01460	0.03153	0.79525	0.03783	0.01792	0.00730	0.00232	0.00332	0.01626	0.00531	0.00465
158	0.01647	0.01300	0.01390	0.01191	0.01550	0.01473	0.00943	0.18995	0.55445	0.06306	0.02111	0.01955	0.01557	0.00753	0.00579	0.00188	0.00494	0.00614	0.00586	0.00924
159	0.06138	0.06432	0.52097	0.01836	0.10235	0.01390	0.10417	0.01795	0.01218	0.01841	0.01022	0.01238	0.00755	0.00529	0.00541	0.00178	0.00806	0.00449	0.00258	0.00824
160	0.01427	0.00727	0.00996	0.00959	0.01176	0.00674	0.00787	0.01627	0.01386	0.26423	0.07772	0.13084	0.04729	0.01308	0.00780	0.04762	0.00465	0.29688	0.00579	0.00651
161	0.00816	0.00612	0.00776	0.00828	0.00975	0.00572	0.00676	0.01040	0.01375	0.01790	0.20925	0.08425	0.24883	0.01454	0.00728	0.00222	0.00391	0.32444	0.00552	0.00515
162	0.01496	0.01466	0.03486	0.06390	0.43171	0.07783	0.07818	0.02051	0.13852	0.04826	0.01321	0.01538	0.01040	0.00570	0.00574	0.00176	0.00695	0.00536	0.00350	0.00862
163	0.01443	0.62876	0.19612	0.01125	0.01694	0.02053	0.01234	0.01735	0.01172	0.01450	0.00847	0.00983	0.00732	0.00502	0.00407	0.00136	0.00664	0.00332	0.00244	0.00759
164	0.06526	0.03808	0.00653	0.00566	0.00728	0.00653	0.00438	0.01371	0.01183	0.02129	0.01752	0.02004	0.01381	0.00650	0.00395	0.00136	0.00292	0.00509	0.74279	0.00547
165	0.01487	0.01242	0.01337	0.01212	0.03052	0.01415	0.00927	0.06958	0.66599	0.04206	0.02223	0.02055	0.01661	0.00757	0.00578	0.00190	0.00468	0.00629	0.00574	0.02428
166	0.19992	0.02409	0.54710	0.01387	0.02096	0.01285	0.01688	0.01818	0.01173	0.05346	0.01029	0.01177	0.00734	0.00546	0.00499	0.00178	0.00729	0.00402	0.00290	0.02511

[dist]
# distance from previous block
# <min> <max>
0	3

[block]
# block no. 1 follows, 41 sequences, length 10
# corresponding to MSA columns:
# 307-316
name=unknown_B
#
# <colnr> <probs for GDERKNQSTAVLIFYWHMCP>
#	G	D	E	R	K	N	Q	S	T	A	V	L	I	F	Y	W	H	M	C	P
0	0.01199	0.01233	0.02374	0.45891	0.07294	0.01342	0.29078	0.01617	0.01230	0.01623	0.01073	0.01526	0.00810	0.00535	0.00611	0.00190	0.00835	0.00571	0.00269	0.00701
1	0.01364	0.01595	0.17297	0.01263	0.01696	0.01403	0.01161	0.02780	0.59622	0.02270	0.02053	0.01938	0.01530	0.00727	0.00574	0.00191	0.00536	0.00599	0.00510	0.00893
2	0.00697	0.00498	0.00664	0.00796	0.00830	0.00465	0.00531	0.00796	0.01095	0.01460	0.03153	0.79525	0.03783	0.01792	0.00730	0.00232	0.00332	0.01626	0.00531	0.00465
3	0.00957	0.00697	0.00766	0.00738	0.00807	0.00738	0.00465	0.01299	0.16586	0.01381	0.01913	0.03403	0.02009	0.63158	0.02418	0.00478	0.00533	0.00793	0.00396	0.00465
4	0.01080	0.01017	0.01716	0.78523	0.03940	0.01271	0.01589	0.01461	0.01144	0.01461	0.01017	0.01525	0.00762	0.00572	0.00572	0.00191	0.00762	0.00508	0.00254	0.00635
5	0.01131	0.00870	0.01006	0.00978	0.01164	0.00952	0.00743	0.01901	0.36358	0.01841	0.02453	0.12817	0.06667	0.01303	0.00982	0.17802	0.00445	0.09454	0.00495	0.00637
6	0.01445	0.01611	0.02034	0.01660	0.01876	0.19432	0.18561	0.01667	0.01168	0.01486	0.00948	0.01358	0.00836	0.01073	0.08001	0.00272	0.35118	0.00521	0.00275	0.00659
7	0.09038	0.04935	0.01427	0.01224	0.01483	0.45274	0.00928	0.08063	0.01453	0.01603	0.00938	0.01197	0.00801	0.00885	0.00865	0.17756	0.00817	0.00401	0.00312	0.00601
8	0.66355	0.00989	0.00795	0.00725	0.01004	0.01129	0.00562	0.01502	0.00943	0.02258	0.01009	0.01525	0.00928	0.17323	0.00895	0.00257	0.00466	0.00420	0.00352	0.00562
9	0.00832	0.00555	0.00624	0.00624	0.00624	0.00555	0.00347	0.00832	0.00832	0.01109	0.01802	0.03743	0.02080	0.79898	0.02911	0.00555	0.00555	0.00832	0.00347	0.00347

[dist]
# distance from previous block
# <min> <max>
3	10

[block]
# block no. 2 follows, 41 sequences, length 29
# corresponding to MSA columns:
# 327-355
name=unknown_C
#
# <colnr> <probs for GDERKNQSTAVLIFYWHMCP>
#	G	D	E	R	K	N	Q	S	T	A	V	L	I	F	Y	W	H	M	C	P
0	0.00903	0.00700	0.00836	0.00786	0.00960	0.00693	0.00594	0.01400	0.15088	0.02199	0.52055	0.06011	0.13271	0.01147	0.00659	0.00185	0.00307	0.01000	0.00606	0.00598
1	0.00727	0.00589	0.00652	0.00653	0.00819	0.00522	0.00485	0.00930	0.03171	0.01701	0.19345	0.12799	0.50638	0.01487	0.02705	0.00214	0.00327	0.01187	0.00546	0.00504
2	0.01224	0.01085	0.01696	0.51161	0.13116	0.01266	0.01452	0.10267	0.01353	0.01782	0.01283	0.07637	0.01103	0.00697	0.00589	0.00191	0.00696	0.02382	0.00325	0.00697
3	0.01384	0.01157	0.01660	0.53383	0.03183	0.01376	0.01393	0.21748	0.01576	0.02089	0.01156	0.01511	0.00854	0.00608	0.00564	0.00183	0.00702	0.00511	0.04236	0.00724
4	0.09347	0.00790	0.00786	0.00702	0.00918	0.00840	0.00551	0.15136	0.01458	0.02452	0.01669	0.01872	0.01291	0.00657	0.00428	0.00145	0.00352	0.00508	0.59474	0.00624
5	0.00775	0.00531	0.00641	0.00696	0.00710	0.00517	0.00424	0.00817	0.00942	0.01256	0.02367	0.35460	0.02793	0.47208	0.01998	0.00420	0.00461	0.01164	0.00424	0.00396
6	0.01553	0.07258	0.01463	0.09668	0.01649	0.01343	0.00923	0.36570	0.01863	0.02496	0.04037	0.11759	0.01597	0.11079	0.00876	0.00226	0.00570	0.00699	0.03631	0.00740
7	0.01494	0.01266	0.04638	0.07176	0.10192	0.01276	0.10790	0.04164	0.32486	0.11476	0.01912	0.04728	0.01496	0.00740	0.00603	0.00192	0.00591	0.03450	0.00485	0.00846
8	0.06461	0.01269	0.11169	0.09867	0.07757	0.04329	0.01097	0.01942	0.04818	0.24560	0.11454	0.09314	0.01895	0.00806	0.00582	0.00184	0.00556	0.00681	0.00491	0.00771
9	0.29976	0.01310	0.06921	0.05189	0.01750	0.01281	0.13492	0.09260	0.10772	0.02296	0.02915	0.01848	0.09326	0.00685	0.00527	0.00184	0.00578	0.00566	0.00405	0.00719
10	0.01505	0.08001	0.01928	0.06826	0.37699	0.08235	0.01323	0.01917	0.09518	0.07524	0.01330	0.01686	0.01111	0.08076	0.00770	0.00205	0.00659	0.00530	0.00351	0.00806
11	0.01439	0.44982	0.16455	0.01116	0.01626	0.04301	0.01149	0.07241	0.05703	0.01687	0.01449	0.01516	0.07941	0.00625	0.00463	0.00149	0.00631	0.00451	0.00318	0.00757
12	0.07564	0.00990	0.01253	0.09589	0.01629	0.00964	0.00864	0.08878	0.04335	0.32024	0.05912	0.10053	0.01657	0.00786	0.00562	0.00173	0.00490	0.00654	0.00546	0.11077
13	0.01207	0.15911	0.07376	0.00879	0.01178	0.04324	0.00784	0.01470	0.01379	0.07473	0.25470	0.06258	0.05194	0.00873	0.00545	0.00161	0.00444	0.02166	0.13177	0.03730
14	0.02869	0.02126	0.36272	0.01454	0.02029	0.08463	0.07109	0.11113	0.01440	0.10404	0.01199	0.01376	0.00875	0.00740	0.00743	0.09424	0.00759	0.00472	0.00348	0.00783
15	0.01217	0.02085	0.35558	0.04565	0.02238	0.08403	0.16070	0.01688	0.01313	0.01785	0.07552	0.01852	0.06966	0.00651	0.00582	0.00176	0.00768	0.00577	0.00317	0.05638
16	0.01322	0.13979	0.15641	0.01175	0.01555	0.01352	0.01124	0.01976	0.20373	0.07135	0.10072	0.02312	0.03853	0.00830	0.00713	0.00189	0.09250	0.05952	0.00436	0.00760
17	0.00773	0.00553	0.00709	0.00755	0.00856	0.00507	0.00542	0.00946	0.01323	0.03002	0.28716	0.39069	0.14148	0.01503	0.00703	0.00209	0.00315	0.04297	0.00568	0.00504
18	0.01167	0.00654	0.00673	0.00629	0.00785	0.00673	0.00471	0.09411	0.01330	0.02199	0.01805	0.02200	0.01469	0.08166	0.00657	0.00177	0.00334	0.00559	0.66073	0.00564
19	0.01063	0.00888	0.06768	0.04264	0.01236	0.00746	0.00767	0.01477	0.09655	0.09534	0.32714	0.11727	0.13842	0.01116	0.00647	0.00190	0.00390	0.01779	0.00560	0.00636
20	0.02092	0.01471	0.01645	0.01283	0.01687	0.01638	0.01059	0.56440	0.04253	0.11467	0.01446	0.01458	0.01030	0.00721	0.00693	0.00180	0.08004	0.00524	0.01979	0.00931
21	0.00969	0.00667	0.00842	0.00785	0.00945	0.00635	0.00591	0.06767	0.01620	0.05357	0.55090	0.14604	0.06491	0.01208	0.00670	0.00187	0.00316	0.01063	0.00612	0.00579
22	0.00721	0.00536	0.00676	0.00780	0.00846	0.00503	0.00532	0.00884	0.03899	0.01507	0.03487	0.66390	0.13712	0.01706	0.00717	0.00225	0.00331	0.01531	0.00533	0.00484
23	0.01474	0.01397	0.02010	0.24952	0.39545	0.07275	0.01568	0.11363	0.01465	0.01944	0.01083	0.01412	0.00860	0.00557	0.00565	0.00174	0.00724	0.00499	0.00314	0.00817
24	0.00778	0.00579	0.00734	0.00837	0.00903	0.00571	0.00573	0.01046	0.09345	0.01564	0.03061	0.70921	0.03557	0.01679	0.00714	0.00228	0.00345	0.01517	0.00537	0.00514
25	0.01162	0.00565	0.00827	0.00805	0.00866	0.00550	0.00575	0.01014	0.00898	0.09481	0.01327	0.02208	0.01258	0.01806	0.01914	0.66248	0.00498	0.07317	0.00326	0.00355
26	0.01201	0.01458	0.10738	0.19733	0.08525	0.01311	0.32987	0.01618	0.01253	0.01696	0.01521	0.01851	0.07943	0.00631	0.00693	0.00192	0.04992	0.00637	0.00296	0.00724
27	0.01717	0.00931	0.03773	0.03960	0.01376	0.00821	0.00809	0.02106	0.08681	0.37499	0.25113	0.02808	0.06138	0.00881	0.00610	0.00181	0.00431	0.00746	0.00629	0.00792
28	0.00830	0.00592	0.00758	0.00712	0.00858	0.00540	0.00536	0.01088	0.01590	0.03627	0.68179	0.04342	0.11824	0.01186	0.00673	0.00181	0.00276	0.01042	0.00622	0.00543

[dist]
# distance from previous block
# <min> <max>
4	6

[block]
# block no. 3 follows, 41 sequences, length 35
# corresponding to MSA columns:
# 363-397
name=unknown_D
#
# <colnr> <probs for GDERKNQSTAVLIFYWHMCP>
#	G	D	E	R	K	N	Q	S	T	A	V	L	I	F	Y	W	H	M	C	P
0	0.01346	0.09729	0.57767	0.01571	0.02314	0.01390	0.05430	0.01887	0.01296	0.07134	0.03846	0.01451	0.01012	0.00613	0.00569	0.00188	0.00803	0.00479	0.00314	0.00861
1	0.01335	0.02506	0.59141	0.01556	0.02301	0.01236	0.06195	0.01912	0.01291	0.11863	0.04415	0.01458	0.01026	0.00589	0.00561	0.00181	0.00780	0.00484	0.00323	0.00845
2	0.02142	0.02576	0.01634	0.01452	0.01769	0.67450	0.01103	0.11942	0.01764	0.01695	0.00950	0.01077	0.00768	0.00602	0.00523	0.00151	0.00978	0.00388	0.00332	0.00705
3	0.12402	0.01521	0.04919	0.02169	0.02724	0.01422	0.62548	0.01811	0.01296	0.01930	0.01106	0.01452	0.00831	0.00490	0.00629	0.00190	0.00891	0.00620	0.00297	0.00753
4	0.01139	0.01085	0.01863	0.43035	0.16044	0.01233	0.08724	0.01494	0.01241	0.01677	0.11069	0.01860	0.01418	0.00656	0.00667	0.00189	0.05015	0.00595	0.00313	0.00683
5	0.00796	0.00614	0.00853	0.04182	0.01076	0.00615	0.02502	0.01031	0.04633	0.01627	0.14010	0.45093	0.06976	0.01881	0.10999	0.00310	0.00521	0.01261	0.00500	0.00519
6	0.00704	0.00513	0.00650	0.00755	0.00807	0.00473	0.00505	0.00802	0.01104	0.01447	0.03411	0.64266	0.13344	0.07259	0.00877	0.00250	0.00342	0.01514	0.00518	0.00459
7	0.00802	0.00572	0.00761	0.00823	0.00914	0.00546	0.00620	0.00994	0.01311	0.01782	0.27740	0.30094	0.04085	0.07040	0.00880	0.00245	0.00376	0.19367	0.00550	0.00498
8	0.01441	0.01363	0.08199	0.01607	0.15220	0.06547	0.02215	0.04220	0.23578	0.09085	0.02943	0.09427	0.02795	0.00868	0.00608	0.00193	0.00578	0.07840	0.00474	0.00801
9	0.01267	0.02711	0.01335	0.06098	0.01392	0.08944	0.00948	0.02569	0.01084	0.01598	0.01155	0.01607	0.01016	0.03746	0.02624	0.03557	0.34582	0.00507	0.22676	0.00586
10	0.12436	0.01227	0.01260	0.00978	0.01405	0.06442	0.00784	0.08186	0.04762	0.02076	0.01054	0.01206	0.00856	0.00527	0.00535	0.00125	0.05515	0.00378	0.00364	0.49885
11	0.12440	0.27931	0.03630	0.01193	0.01595	0.06841	0.10709	0.11117	0.01430	0.01977	0.07984	0.08063	0.01452	0.00700	0.00506	0.00163	0.00618	0.00568	0.00371	0.00712
12	0.01377	0.00938	0.01183	0.10447	0.01593	0.01003	0.00896	0.07180	0.21010	0.13549	0.11691	0.11828	0.02405	0.01026	0.00664	0.01702	0.00481	0.09749	0.00548	0.00730
13	0.23902	0.03593	0.01357	0.12238	0.01761	0.03513	0.00938	0.17948	0.04876	0.16732	0.06616	0.01600	0.01265	0.00662	0.00514	0.00176	0.00549	0.00502	0.00480	0.00779
14	0.05748	0.01345	0.08964	0.20935	0.07022	0.01211	0.20114	0.03531	0.01344	0.17913	0.01386	0.03909	0.01026	0.00606	0.00587	0.00184	0.00718	0.00578	0.00384	0.02495
15	0.01086	0.00871	0.01219	0.01234	0.06515	0.00903	0.05864	0.13935	0.01395	0.01887	0.02411	0.50163	0.02702	0.01369	0.00756	0.00216	0.05154	0.01218	0.00487	0.00616
16	0.00781	0.00600	0.00740	0.00770	0.00912	0.00526	0.00556	0.00933	0.01203	0.01611	0.09088	0.44154	0.17764	0.01480	0.00678	0.00203	0.00343	0.05567	0.00513	0.11580
17	0.01408	0.02001	0.01133	0.00859	0.01250	0.00766	0.00687	0.03752	0.01434	0.18151	0.19183	0.02254	0.05064	0.00711	0.00529	0.00134	0.00404	0.00594	0.00500	0.39187
18	0.01883	0.05223	0.07129	0.01422	0.01882	0.01560	0.11698	0.40637	0.02898	0.10282	0.01385	0.01512	0.01016	0.03057	0.00702	0.00188	0.04142	0.00539	0.01965	0.00881
19	0.00735	0.00513	0.00669	0.00767	0.00817	0.00481	0.00519	0.00861	0.01159	0.01589	0.12794	0.62761	0.03822	0.04828	0.00796	0.00234	0.00330	0.01464	0.04388	0.00473
20	0.00800	0.00533	0.00715	0.00824	0.00885	0.00498	0.00575	0.00921	0.01148	0.04842	0.04749	0.68798	0.03677	0.01714	0.00727	0.00231	0.00352	0.06977	0.00541	0.00494
21	0.01858	0.14972	0.01573	0.01035	0.01414	0.01292	0.00872	0.17399	0.09531	0.25807	0.01978	0.05335	0.03700	0.00781	0.00547	0.00172	0.00509	0.04125	0.06267	0.00835
22	0.05471	0.01392	0.01488	0.01172	0.01554	0.01529	0.00943	0.55798	0.04592	0.05389	0.01471	0.01726	0.01152	0.11288	0.00873	0.00223	0.00595	0.00555	0.01924	0.00864
23	0.07388	0.05600	0.15309	0.23526	0.10348	0.11564	0.06587	0.05069	0.01312	0.01782	0.01006	0.01291	0.00778	0.00546	0.00531	0.00170	0.00762	0.00452	0.00289	0.05690
24	0.07161	0.00942	0.01074	0.00942	0.01128	0.03694	0.00736	0.11072	0.01543	0.05499	0.35519	0.04352	0.06110	0.05731	0.00931	0.00211	0.11414	0.00799	0.00518	0.00624
25	0.01106	0.04354	0.01192	0.04311	0.01287	0.00930	0.00815	0.01294	0.01189	0.07028	0.10299	0.24291	0.02405	0.01131	0.00865	0.00197	0.15612	0.06578	0.00443	0.14676
26	0.03476	0.01884	0.23536	0.01272	0.01790	0.13049	0.01249	0.07034	0.08096	0.21829	0.04510	0.01587	0.01213	0.00641	0.00546	0.00169	0.00669	0.00498	0.00451	0.06501
27	0.00920	0.00715	0.00794	0.00731	0.00935	0.00673	0.00559	0.10757	0.01582	0.02058	0.27641	0.07418	0.40554	0.01270	0.00664	0.00188	0.00330	0.01075	0.00568	0.00566
28	0.01228	0.01156	0.03372	0.28155	0.02745	0.01204	0.26909	0.01537	0.01193	0.04915	0.04796	0.01692	0.01086	0.00790	0.00914	0.11328	0.05439	0.00592	0.00304	0.00645
29	0.01405	0.01417	0.02609	0.02291	0.18686	0.01357	0.38940	0.06959	0.05840	0.02003	0.01206	0.01491	0.00933	0.00512	0.00605	0.00172	0.00775	0.00581	0.00332	0.11885
30	0.01297	0.01931	0.24130	0.02267	0.08021	0.01407	0.48708	0.01821	0.01306	0.01829	0.01114	0.01439	0.00830	0.00501	0.00630	0.00188	0.00911	0.00592	0.00275	0.00802
31	0.01883	0.01247	0.01364	0.01093	0.01466	0.01340	0.00888	0.40601	0.11070	0.12909	0.01881	0.01849	0.04432	0.00730	0.00549	0.00170	0.00513	0.00572	0.14576	0.00869
