[name]
unknown

[dist]
# distance from previous block
# <min> <max>
4	548

[block]
# block no. 0 follows, 41 sequences, length 17
# corresponding to MSA columns:
# 684-700
name=unknown_A
#
# <colnr> <probs for GDERKNQSTAVLIFYWHMCP>
#	G	D	E	R	K	N	Q	S	T	A	V	L	I	F	Y	W	H	M	C	P
0	0.01307	0.01388	0.08449	0.02965	0.59005	0.01244	0.01638	0.01657	0.01296	0.01832	0.01505	0.02086	0.05112	0.00662	0.00591	0.00181	0.00659	0.07263	0.00316	0.00843
1	0.01267	0.01344	0.08173	0.08272	0.15789	0.07800	0.01124	0.05394	0.02339	0.01809	0.01449	0.15746	0.01392	0.00750	0.00549	0.00158	0.00587	0.00647	0.00360	0.25050
2	0.01057	0.15398	0.01189	0.00805	0.00958	0.01022	0.00583	0.01398	0.14620	0.01422	0.01839	0.10005	0.01929	0.43368	0.01809	0.00378	0.00526	0.00775	0.00388	0.00532
3	0.00724	0.00619	0.00697	0.07543	0.01062	0.00558	0.00547	0.00901	0.01317	0.01604	0.11604	0.05040	0.63103	0.01346	0.00667	0.00192	0.00330	0.01130	0.00515	0.00502
4	0.01483	0.01418	0.01330	0.01308	0.07751	0.18400	0.00907	0.12157	0.14440	0.01957	0.01723	0.15397	0.01637	0.08377	0.00796	0.00208	0.00614	0.00713	0.00434	0.08951
5	0.09664	0.01086	0.01484	0.28276	0.09549	0.01204	0.01161	0.14994	0.01557	0.09184	0.14416	0.01951	0.01680	0.00701	0.00568	0.00181	0.00585	0.00589	0.00434	0.00737
6	0.01166	0.02458	0.56685	0.01888	0.15651	0.01264	0.01908	0.01736	0.01261	0.01865	0.07724	0.01518	0.01174	0.00593	0.00559	0.00179	0.00764	0.00493	0.00284	0.00829
7	0.00748	0.00585	0.00664	0.00663	0.00817	0.00520	0.00497	0.00925	0.01350	0.01728	0.24688	0.05086	0.43685	0.08378	0.00885	0.00228	0.00328	0.07192	0.00542	0.00490
8	0.01464	0.08673	0.01560	0.09039	0.08233	0.01365	0.01050	0.02469	0.41461	0.09043	0.01993	0.02230	0.01574	0.00764	0.00576	0.00189	0.00528	0.06453	0.00498	0.00838
9	0.01526	0.01567	0.01890	0.29920	0.26678	0.18628	0.01488	0.08249	0.01441	0.01770	0.01038	0.01364	0.00822	0.00566	0.00557	0.00172	0.00785	0.00478	0.00301	0.00759
10	0.00840	0.00600	0.00856	0.00856	0.00951	0.00683	0.00651	0.01030	0.00935	0.01376	0.01588	0.02386	0.01498	0.11509	0.63446	0.00814	0.01324	0.00628	0.07532	0.00496
11	0.01255	0.01070	0.01816	0.60903	0.10896	0.01250	0.04768	0.01623	0.01212	0.08085	0.01137	0.01552	0.00838	0.00574	0.00576	0.00187	0.00739	0.00522	0.00298	0.00698
12	0.02200	0.01049	0.04095	0.01035	0.01449	0.00914	0.00871	0.02637	0.11907	0.57055	0.08657	0.02148	0.01784	0.00752	0.00584	0.00180	0.00476	0.00620	0.00666	0.00921
13	0.24440	0.01068	0.01462	0.34993	0.10060	0.01204	0.01198	0.01797	0.01203	0.15660	0.01190	0.01426	0.00858	0.00579	0.00511	0.00182	0.00614	0.00466	0.00368	0.00721
14	0.00943	0.00852	0.01138	0.01074	0.01122	0.01048	0.00838	0.01062	0.01035	0.01438	0.02557	0.30640	0.15724	0.01372	0.01237	0.00233	0.35699	0.01042	0.00405	0.00541
15	0.01594	0.01151	0.01992	0.01492	0.01934	0.01048	0.29035	0.05731	0.01458	0.22705	0.02079	0.08911	0.08447	0.00758	0.00622	0.00180	0.00639	0.00740	0.00470	0.09012
16	0.01511	0.01361	0.02237	0.02625	0.41989	0.01375	0.14846	0.15158	0.01558	0.02207	0.01220	0.01498	0.00964	0.00552	0.00572	0.00171	0.00684	0.00543	0.08072	0.00859

[dist]
# distance from previous block
# <min> <max>
1	4

[block]
# block no. 1 follows, 41 sequences, length 23
# corresponding to MSA columns:
# 705-727
name=unknown_B
#
# <colnr> <probs for GDERKNQSTAVLIFYWHMCP>
#	G	D	E	R	K	N	Q	S	T	A	V	L	I	F	Y	W	H	M	C	P
0	0.20274	0.02085	0.01472	0.01290	0.01603	0.43325	0.01004	0.13537	0.01595	0.02008	0.00933	0.01078	0.00749	0.00620	0.00583	0.00165	0.06242	0.00388	0.00349	0.00700
1	0.00821	0.00556	0.00656	0.00665	0.00678	0.00564	0.00396	0.00848	0.00859	0.01155	0.01869	0.08856	0.02133	0.66887	0.10257	0.00569	0.00637	0.00865	0.00355	0.00371
2	0.01137	0.01091	0.01944	0.49419	0.10715	0.01233	0.13096	0.01516	0.01214	0.01592	0.01291	0.02118	0.01102	0.00674	0.00614	0.00198	0.00758	0.09320	0.00296	0.00671
3	0.00749	0.00582	0.00680	0.00656	0.00817	0.00514	0.00492	0.00962	0.01476	0.01953	0.44099	0.04833	0.37538	0.01296	0.00675	0.00186	0.00279	0.01113	0.00585	0.00514
4	0.00977	0.00707	0.00806	0.00770	0.00865	0.00733	0.00515	0.05996	0.10458	0.01658	0.13757	0.11072	0.02662	0.44407	0.01891	0.00392	0.00479	0.00900	0.00454	0.00501
5	0.00817	0.00613	0.00919	0.00919	0.01021	0.00715	0.00715	0.01021	0.00919	0.01328	0.01532	0.02247	0.01430	0.04290	0.77631	0.00919	0.01532	0.00613	0.00306	0.00511
6	0.01950	0.02372	0.01802	0.02001	0.21084	0.57851	0.01274	0.02147	0.01538	0.01521	0.00934	0.01131	0.00781	0.00569	0.00529	0.00153	0.00940	0.00405	0.00292	0.00726
7	0.01397	0.01340	0.02288	0.07713	0.72275	0.01354	0.01746	0.01739	0.01294	0.01846	0.01073	0.01422	0.00898	0.00513	0.00567	0.00171	0.00684	0.00510	0.00282	0.00891
8	0.01251	0.01251	0.01752	0.01502	0.01502	0.01752	0.01251	0.01377	0.00876	0.01377	0.00751	0.01251	0.00751	0.01001	0.01877	0.00250	0.78851	0.00501	0.00250	0.00626
9	0.01025	0.00787	0.00984	0.01015	0.01195	0.00827	0.00841	0.01630	0.19960	0.01999	0.17407	0.04933	0.03323	0.01296	0.00715	0.00229	0.00457	0.40191	0.00561	0.00624
10	0.00697	0.00498	0.00664	0.00796	0.00830	0.00465	0.00531	0.00796	0.01095	0.01460	0.03153	0.79525	0.03783	0.01792	0.00730	0.00232	0.00332	0.01626	0.00531	0.00465
11	0.07026	0.52608	0.02424	0.01036	0.01486	0.02004	0.00957	0.11053	0.13108	0.01876	0.01111	0.01169	0.00917	0.00562	0.00426	0.00144	0.00578	0.00386	0.00347	0.00784
12	0.00820	0.00586	0.00805	0.00938	0.01025	0.00571	0.00746	0.01010	0.01217	0.01598	0.03084	0.39376	0.03513	0.01676	0.00763	0.00249	0.00439	0.40555	0.00529	0.00499
13	0.01380	0.50032	0.31899	0.01233	0.01862	0.01898	0.01422	0.01751	0.01180	0.01528	0.00886	0.01031	0.00730	0.00510	0.00436	0.00145	0.00703	0.00352	0.00243	0.00778
14	0.01529	0.80242	0.02997	0.00979	0.01468	0.02263	0.00979	0.01713	0.01162	0.01346	0.00795	0.00918	0.00734	0.00489	0.00367	0.00122	0.00612	0.00306	0.00245	0.00734
15	0.00697	0.00498	0.00664	0.00796	0.00830	0.00465	0.00531	0.00796	0.01095	0.01460	0.03153	0.79525	0.03783	0.01792	0.00730	0.00232	0.00332	0.01626	0.00531	0.00465
16	0.12000	0.01024	0.01207	0.01000	0.01350	0.01020	0.00800	0.14455	0.06391	0.35890	0.04688	0.14133	0.01781	0.00876	0.00576	0.00186	0.00471	0.00720	0.00603	0.00830
17	0.01423	0.01229	0.01293	0.01164	0.01487	0.01423	0.00905	0.03039	0.75297	0.02393	0.02328	0.02134	0.01746	0.00776	0.00582	0.00194	0.00453	0.00647	0.00582	0.00905
18	0.00697	0.00498	0.00664	0.00796	0.00830	0.00465	0.00531	0.00796	0.01095	0.01460	0.03153	0.79525	0.03783	0.01792	0.00730	0.00232	0.00332	0.01626	0.00531	0.00465
19	0.01640	0.56681	0.13237	0.01077	0.01610	0.01905	0.01118	0.01897	0.01244	0.13376	0.01060	0.01122	0.00841	0.00532	0.00425	0.00139	0.00625	0.00365	0.00318	0.00788
20	0.46716	0.19380	0.10709	0.08714	0.01640	0.01511	0.00981	0.01682	0.01062	0.02085	0.00846	0.01020	0.00673	0.00527	0.00402	0.00166	0.00562	0.00343	0.00305	0.00675
21	0.01320	0.01654	0.10498	0.02242	0.02789	0.01465	0.59783	0.01784	0.01288	0.01784	0.01103	0.01480	0.00842	0.00540	0.00783	0.00197	0.08767	0.00633	0.00281	0.00764
22	0.02049	0.02580	0.01634	0.01476	0.01742	0.70089	0.01120	0.02194	0.01547	0.01398	0.00871	0.01053	0.00738	0.00630	0.00651	0.00158	0.08739	0.00381	0.00290	0.00659

[dist]
# distance from previous block
# <min> <max>
49	97

[block]
# block no. 2 follows, 41 sequences, length 25
# corresponding to MSA columns:
# 825-849
name=unknown_C
#
# <colnr> <probs for GDERKNQSTAVLIFYWHMCP>
#	G	D	E	R	K	N	Q	S	T	A	V	L	I	F	Y	W	H	M	C	P
0	0.01416	0.01359	0.02322	0.03511	0.76330	0.01359	0.01755	0.01755	0.01302	0.01869	0.01076	0.01416	0.00906	0.00510	0.00566	0.00170	0.00680	0.00510	0.00283	0.00906
1	0.00817	0.00613	0.00919	0.00919	0.01021	0.00715	0.00715	0.01021	0.00919	0.01328	0.01532	0.02247	0.01430	0.04290	0.77631	0.00919	0.01532	0.00613	0.00306	0.00511
2	0.00694	0.00511	0.00650	0.00762	0.00821	0.00467	0.00516	0.00800	0.01128	0.01474	0.03568	0.67892	0.15148	0.01738	0.00722	0.00226	0.00325	0.01560	0.00531	0.00467
3	0.00865	0.00720	0.01202	0.01141	0.01293	0.00683	0.13623	0.01070	0.01192	0.01584	0.02772	0.48715	0.03154	0.01512	0.00734	0.00233	0.00489	0.17998	0.00487	0.00533
4	0.01593	0.01461	0.07390	0.01240	0.01639	0.01505	0.01048	0.21222	0.50839	0.02657	0.01981	0.01866	0.01467	0.00735	0.00576	0.00187	0.00529	0.00595	0.00553	0.00918
5	0.01147	0.02959	0.76934	0.01630	0.02476	0.01328	0.02113	0.01811	0.01208	0.01811	0.01026	0.01208	0.00725	0.00543	0.00543	0.00181	0.00845	0.00423	0.00242	0.00845
6	0.02566	0.00973	0.01327	0.01018	0.01460	0.00841	0.00841	0.02788	0.01637	0.76726	0.02257	0.01947	0.01416	0.00708	0.00575	0.00177	0.00487	0.00575	0.00708	0.00973
7	0.01159	0.01084	0.01821	0.44159	0.29082	0.01219	0.01539	0.01497	0.01195	0.01605	0.01257	0.09495	0.01123	0.00675	0.00586	0.00188	0.00689	0.00624	0.00293	0.00713
8	0.01147	0.02959	0.76934	0.01630	0.02476	0.01328	0.02113	0.01811	0.01208	0.01811	0.01026	0.01208	0.00725	0.00543	0.00543	0.00181	0.00845	0.00423	0.00242	0.00845
9	0.01416	0.01359	0.02322	0.03511	0.76330	0.01359	0.01755	0.01755	0.01302	0.01869	0.01076	0.01416	0.00906	0.00510	0.00566	0.00170	0.00680	0.00510	0.00283	0.00906
10	0.01789	0.08226	0.02093	0.02189	0.26896	0.40489	0.06703	0.02029	0.01458	0.01585	0.00962	0.01189	0.00803	0.00547	0.00533	0.00156	0.00876	0.00434	0.00287	0.00758
11	0.01232	0.01282	0.02469	0.35359	0.09024	0.01384	0.32379	0.01636	0.01226	0.01645	0.01063	0.01506	0.00818	0.00557	0.00701	0.00194	0.05963	0.00579	0.00271	0.00714
12	0.01408	0.01014	0.01206	0.02670	0.01414	0.00886	0.00753	0.01903	0.14422	0.13466	0.07290	0.01719	0.01447	0.00591	0.00498	0.00128	0.00434	0.00488	0.00459	0.47805
13	0.01515	0.04326	0.44059	0.01416	0.02040	0.09079	0.01585	0.07711	0.01422	0.12976	0.01384	0.07505	0.01090	0.00681	0.00558	0.00179	0.00747	0.00539	0.00365	0.00823
14	0.00830	0.00561	0.00654	0.00654	0.00665	0.00571	0.00384	0.00851	0.00841	0.01132	0.01775	0.03590	0.02013	0.72135	0.10583	0.00592	0.00655	0.00809	0.00342	0.00363
15	0.00949	0.01032	0.07258	0.01400	0.01676	0.00858	0.25363	0.01219	0.01189	0.01611	0.02325	0.47544	0.02578	0.01260	0.00698	0.00215	0.00582	0.01218	0.00428	0.00596
16	0.01427	0.07886	0.08690	0.02435	0.21477	0.01504	0.38806	0.07213	0.01412	0.01933	0.01113	0.01422	0.00864	0.00510	0.00605	0.00179	0.00829	0.00572	0.00302	0.00824
17	0.80654	0.04261	0.00927	0.00761	0.01121	0.01322	0.00634	0.01683	0.00981	0.02518	0.00796	0.00929	0.00624	0.00529	0.00354	0.00175	0.00449	0.00310	0.00350	0.00624
18	0.00994	0.00497	0.00745	0.00745	0.00745	0.00497	0.00497	0.00745	0.00745	0.00994	0.00994	0.01739	0.00994	0.01987	0.02235	0.83358	0.00497	0.00497	0.00248	0.00248
19	0.01323	0.01371	0.02593	0.16138	0.14138	0.01398	0.38728	0.01940	0.12713	0.01857	0.01300	0.01611	0.00990	0.00548	0.00625	0.00189	0.00805	0.00615	0.00327	0.00788
20	0.01182	0.00978	0.01092	0.01032	0.01282	0.01078	0.00817	0.02236	0.45027	0.02191	0.14081	0.03497	0.08068	0.01032	0.00641	0.00204	0.00426	0.13810	0.00576	0.00749
21	0.01928	0.00915	0.01177	0.00981	0.01309	0.00858	0.00777	0.07978	0.07047	0.43975	0.10044	0.16264	0.02250	0.00956	0.00614	0.00188	0.00445	0.00815	0.00648	0.00831
22	0.00775	0.00576	0.00677	0.00656	0.00777	0.00526	0.00464	0.00946	0.01343	0.01797	0.38043	0.04514	0.25509	0.19539	0.01195	0.00271	0.00342	0.01038	0.00535	0.00478
23	0.01348	0.07086	0.01295	0.01035	0.01338	0.07286	0.00818	0.07851	0.37685	0.02154	0.08591	0.02738	0.16608	0.00898	0.00586	0.00182	0.00477	0.00731	0.00527	0.00765
24	0.01359	0.01607	0.13752	0.10869	0.55548	0.03345	0.01776	0.01748	0.01280	0.01806	0.01057	0.01385	0.00859	0.00523	0.00562	0.00173	0.00723	0.00492	0.00274	0.00863

[dist]
# distance from previous block
# <min> <max>
4	19

[block]
# block no. 3 follows, 41 sequences, length 10
# corresponding to MSA columns:
# 874-883
name=unknown_D
#
# <colnr> <probs for GDERKNQSTAVLIFYWHMCP>
#	G	D	E	R	K	N	Q	S	T	A	V	L	I	F	Y	W	H	M	C	P
0	0.01719	0.01343	0.02588	0.02194	0.15404	0.01253	0.39946	0.02100	0.01426	0.23865	0.01466	0.01639	0.01036	0.00553	0.00627	0.00184	0.00774	0.00617	0.00411	0.00854
1	0.01755	0.01234	0.01935	0.02563	0.47468	0.01212	0.01409	0.02176	0.08166	0.23933	0.01538	0.01638	0.01133	0.00592	0.00570	0.00174	0.00602	0.00541	0.00435	0.00926
2	0.02108	0.01952	0.01558	0.01344	0.01631	0.41722	0.01053	0.02273	0.01495	0.23550	0.01264	0.01339	0.00939	0.00696	0.00772	0.00174	0.14521	0.00452	0.00408	0.00748
3	0.25653	0.36006	0.08898	0.14573	0.01887	0.01715	0.01084	0.01668	0.01108	0.01768	0.00856	0.01054	0.00704	0.00521	0.00415	0.00156	0.00610	0.00353	0.00278	0.00693
4	0.02278	0.01751	0.01574	0.01275	0.01680	0.24001	0.01020	0.31948	0.02063	0.24456	0.01488	0.01441	0.01033	0.00664	0.00556	0.00166	0.00707	0.00489	0.00530	0.00881
5	0.01832	0.43320	0.02396	0.01137	0.01612	0.02033	0.01030	0.35850	0.01879	0.02406	0.01067	0.01132	0.00846	0.00582	0.00463	0.00145	0.00620	0.00404	0.00398	0.00846
6	0.01221	0.00600	0.00711	0.00696	0.00854	0.00567	0.00516	0.01430	0.01246	0.15018	0.02313	0.24861	0.02139	0.01005	0.00528	0.00170	0.00324	0.00862	0.44350	0.00590
7	0.83938	0.01106	0.00841	0.00752	0.01106	0.01283	0.00619	0.01681	0.00973	0.02566	0.00796	0.00929	0.00619	0.00531	0.00354	0.00177	0.00442	0.00310	0.00354	0.00619
8	0.01159	0.00661	0.00869	0.00819	0.00994	0.00610	0.00612	0.01416	0.04048	0.17335	0.36868	0.25852	0.03977	0.01244	0.00667	0.00195	0.00339	0.01101	0.00615	0.00619
9	0.00905	0.00690	0.00945	0.23535	0.01599	0.00765	0.00712	0.01017	0.00924	0.01213	0.01571	0.03091	0.01692	0.56568	0.02223	0.00448	0.00616	0.00737	0.00319	0.00432

[dist]
# distance from previous block
# <min> <max>
0	4

[block]
# block no. 4 follows, 41 sequences, length 15
# corresponding to MSA columns:
# 888-902
name=unknown_E
#
# <colnr> <probs for GDERKNQSTAVLIFYWHMCP>
#	G	D	E	R	K	N	Q	S	T	A	V	L	I	F	Y	W	H	M	C	P
0	0.00937	0.00789	0.01149	0.01080	0.01154	0.01001	0.00863	0.01119	0.00907	0.01341	0.01317	0.01973	0.01243	0.03383	0.56752	0.00735	0.22843	0.00582	0.00291	0.00542
1	0.01462	0.01234	0.00940	0.00863	0.01070	0.21887	0.00657	0.08219	0.01451	0.02064	0.01551	0.01760	0.01220	0.00647	0.00447	0.00141	0.00510	0.00486	0.52781	0.00609
2	0.01243	0.01183	0.02009	0.42187	0.39006	0.01314	0.01669	0.01604	0.01221	0.01659	0.01045	0.01472	0.00832	0.00542	0.00569	0.00181	0.00722	0.00509	0.00268	0.00766
3	0.01164	0.00807	0.01140	0.08852	0.21836	0.00832	0.00888	0.01462	0.01223	0.01995	0.01567	0.01877	0.01244	0.00614	0.00462	0.00149	0.00428	0.00524	0.52292	0.00646
4	0.00897	0.00699	0.00837	0.00898	0.01011	0.00729	0.00634	0.01415	0.21547	0.01717	0.02925	0.58194	0.03222	0.01512	0.00689	0.00222	0.00365	0.01356	0.00545	0.00586
5	0.02193	0.01138	0.01376	0.01103	0.01514	0.01140	0.00895	0.13555	0.22097	0.45318	0.02144	0.01913	0.01441	0.00724	0.00577	0.00181	0.00499	0.00586	0.00653	0.00955
6	0.00771	0.00548	0.00717	0.00776	0.00848	0.00518	0.00550	0.00931	0.01258	0.01717	0.26946	0.38912	0.04068	0.10680	0.00972	0.00256	0.00356	0.08151	0.00541	0.00481
7	0.01313	0.05013	0.27921	0.01666	0.12992	0.01356	0.01466	0.05133	0.25372	0.02055	0.01651	0.02031	0.01337	0.00716	0.00577	0.00189	0.00644	0.07325	0.00399	0.00845
8	0.01157	0.01338	0.09441	0.10552	0.09397	0.01157	0.31952	0.01574	0.01383	0.01919	0.21757	0.02249	0.02094	0.00690	0.00640	0.00186	0.00712	0.00715	0.00374	0.00712
9	0.23995	0.01041	0.01091	0.00821	0.01287	0.00906	0.00662	0.01507	0.01127	0.02057	0.00956	0.01115	0.00784	0.00453	0.00404	0.00110	0.00429	0.00331	0.00343	0.60580
10	0.00792	0.00538	0.00636	0.00674	0.00684	0.00528	0.00401	0.00821	0.00909	0.01212	0.02198	0.25973	0.02579	0.56986	0.02271	0.00460	0.00489	0.01065	0.00401	0.00381
11	0.01194	0.01195	0.03789	0.01626	0.01936	0.01196	0.30799	0.08293	0.01321	0.01811	0.01772	0.27119	0.01816	0.01009	0.00855	0.00212	0.12057	0.00941	0.00389	0.00670
12	0.00828	0.00571	0.00705	0.00705	0.00733	0.00599	0.00448	0.00884	0.00856	0.01169	0.01728	0.03331	0.01900	0.59059	0.23506	0.00655	0.00824	0.00771	0.00336	0.00392
13	0.02103	0.01567	0.01677	0.01302	0.01747	0.01741	0.01070	0.67669	0.09559	0.03490	0.01464	0.01445	0.01046	0.00695	0.00573	0.00174	0.00613	0.00527	0.00573	0.00966
14	0.01577	0.01559	0.02918	0.02109	0.02654	0.01537	0.54087	0.21840	0.01719	0.02321	0.01217	0.01496	0.00897	0.00539	0.00647	0.00187	0.00872	0.00631	0.00367	0.00827

[dist]
# distance from previous block
# <min> <max>
6	29

# created by:
# /software/SequenceAnalysis/GenePrediction/augustus/3.0.1/scripts/msa2prfl.pl ./fixed/BUSCOvEOG7RR7XX.fas
