[name]
unknown

[dist]
# distance from previous block
# <min> <max>
0	246

[block]
# block no. 0 follows, 38 sequences, length 11
# corresponding to MSA columns:
# 248-258
name=unknown_A
#
# <colnr> <probs for GDERKNQSTAVLIFYWHMCP>
#	G	D	E	R	K	N	Q	S	T	A	V	L	I	F	Y	W	H	M	C	P
0	0.00969	0.00692	0.00969	0.01108	0.01246	0.00692	0.00969	0.01246	0.01385	0.01800	0.03185	0.06786	0.03462	0.01662	0.00831	0.00277	0.00554	0.71057	0.00554	0.00554
1	0.77184	0.01153	0.00922	0.00812	0.01191	0.01315	0.00669	0.01854	0.01075	0.08064	0.00951	0.01056	0.00713	0.00572	0.00389	0.00186	0.00469	0.00346	0.00400	0.00679
2	0.01667	0.01120	0.01332	0.00986	0.01493	0.00938	0.00797	0.07937	0.04477	0.18444	0.01447	0.01482	0.01074	0.00550	0.00501	0.00123	0.00480	0.00440	0.00474	0.54238
3	0.01566	0.71185	0.10816	0.01102	0.01656	0.02277	0.01155	0.01812	0.01227	0.01467	0.00862	0.00997	0.00771	0.00521	0.00406	0.00135	0.00669	0.00335	0.00257	0.00784
4	0.01459	0.01250	0.01333	0.01216	0.01542	0.01440	0.00953	0.03060	0.68941	0.02466	0.02500	0.02562	0.01950	0.00875	0.00627	0.00209	0.00482	0.05600	0.00608	0.00924
5	0.02443	0.01198	0.01475	0.01157	0.01608	0.01173	0.00947	0.17389	0.12227	0.50403	0.02193	0.01952	0.01443	0.00750	0.00605	0.00188	0.00538	0.00603	0.00696	0.01013
6	0.01247	0.01069	0.01247	0.00891	0.01426	0.00802	0.00713	0.01515	0.01247	0.01960	0.01069	0.01247	0.00891	0.00446	0.00446	0.00089	0.00446	0.00356	0.00356	0.82536
7	0.01420	0.01623	0.03550	0.02535	0.03144	0.01521	0.72921	0.01927	0.01420	0.01927	0.01217	0.01623	0.00913	0.00507	0.00710	0.00203	0.01014	0.00710	0.00304	0.00811
8	0.02699	0.01024	0.01396	0.01070	0.01536	0.00884	0.00884	0.02932	0.01722	0.75522	0.02373	0.02048	0.01489	0.00745	0.00605	0.00186	0.00512	0.00605	0.00745	0.01024
9	0.01176	0.01204	0.02390	0.01838	0.02221	0.01143	0.42754	0.01587	0.04780	0.01795	0.01990	0.26835	0.02012	0.04325	0.00825	0.00233	0.00753	0.01042	0.00405	0.00694
10	0.00837	0.00614	0.00784	0.00741	0.00890	0.00561	0.00556	0.01107	0.01668	0.02329	0.67536	0.04630	0.12980	0.01261	0.00710	0.00191	0.00286	0.01107	0.00651	0.00561

[dist]
# distance from previous block
# <min> <max>
0	1

[block]
# block no. 1 follows, 38 sequences, length 34
# corresponding to MSA columns:
# 260-293
name=unknown_B
#
# <colnr> <probs for GDERKNQSTAVLIFYWHMCP>
#	G	D	E	R	K	N	Q	S	T	A	V	L	I	F	Y	W	H	M	C	P
0	0.00867	0.00625	0.00830	0.00829	0.00964	0.00587	0.00644	0.01140	0.01610	0.02245	0.56953	0.09161	0.05154	0.01350	0.00736	0.00209	0.00339	0.14560	0.00635	0.00560
1	0.00859	0.00645	0.00967	0.00967	0.01074	0.00752	0.00752	0.01074	0.00967	0.01396	0.01611	0.02363	0.01504	0.04512	0.76474	0.00967	0.01611	0.00645	0.00322	0.00537
2	0.01276	0.11949	0.61406	0.01790	0.08196	0.01516	0.02052	0.01888	0.01272	0.01852	0.01055	0.01251	0.00778	0.00562	0.00552	0.00182	0.00846	0.00437	0.00258	0.00880
3	0.01622	0.01076	0.01299	0.00948	0.01464	0.00852	0.00766	0.03897	0.01405	0.19472	0.01389	0.01443	0.01037	0.00524	0.00488	0.00115	0.00467	0.00421	0.00456	0.60860
4	0.01535	0.01630	0.15042	0.38454	0.03049	0.07260	0.01553	0.07000	0.05596	0.11125	0.01330	0.01584	0.00954	0.00636	0.00592	0.00192	0.00775	0.00524	0.00372	0.00796
5	0.03210	0.01239	0.02109	0.42867	0.32714	0.01382	0.04531	0.01683	0.01275	0.01753	0.01095	0.01543	0.00864	0.00570	0.00598	0.00191	0.00767	0.00537	0.00284	0.00789
6	0.01577	0.73218	0.08877	0.01083	0.01628	0.02303	0.01123	0.01810	0.01226	0.01454	0.00856	0.00989	0.00771	0.00519	0.00401	0.00134	0.00663	0.00331	0.00257	0.00781
7	0.01213	0.00961	0.01594	0.05693	0.01673	0.00996	0.20868	0.01546	0.01273	0.02019	0.01708	0.02045	0.03348	0.00698	0.00669	0.00175	0.07933	0.00618	0.44327	0.00645
8	0.01045	0.00522	0.00784	0.00784	0.00784	0.00522	0.00522	0.00784	0.00784	0.01045	0.01045	0.01829	0.01045	0.02090	0.02351	0.82497	0.00522	0.00522	0.00261	0.00261
9	0.00953	0.00857	0.01471	0.07289	0.01661	0.00874	0.15906	0.01168	0.01195	0.01611	0.02507	0.50445	0.02844	0.01431	0.00833	0.00234	0.06358	0.01318	0.00460	0.00583
10	0.01872	0.01385	0.01664	0.01257	0.01722	0.01392	0.06054	0.38604	0.02082	0.08130	0.01433	0.01645	0.01106	0.06798	0.00763	0.00190	0.00613	0.00536	0.00508	0.22246
11	0.00806	0.00592	0.00766	0.00886	0.00950	0.00576	0.00618	0.01038	0.06407	0.01626	0.03243	0.67585	0.03786	0.01791	0.00761	0.00244	0.00374	0.06862	0.00562	0.00527
12	0.01307	0.01122	0.01274	0.00970	0.01459	0.00967	0.00770	0.01914	0.18519	0.02092	0.01397	0.01484	0.01115	0.00533	0.00485	0.00116	0.00453	0.00433	0.00417	0.63173
13	0.02287	0.01685	0.01805	0.01384	0.01866	0.01866	0.01143	0.73100	0.02828	0.03791	0.01444	0.01444	0.01023	0.00722	0.00602	0.00181	0.00662	0.00542	0.00602	0.01023
14	0.00969	0.00692	0.00969	0.01108	0.01246	0.00692	0.00969	0.01246	0.01385	0.01800	0.03185	0.06786	0.03462	0.01662	0.00831	0.00277	0.00554	0.71057	0.00554	0.00554
15	0.01247	0.01069	0.01247	0.00891	0.01426	0.00802	0.00713	0.01515	0.01247	0.01960	0.01069	0.01247	0.00891	0.00446	0.00446	0.00089	0.00446	0.00356	0.00356	0.82536
16	0.01496	0.01292	0.01360	0.01224	0.01564	0.01496	0.00952	0.03197	0.74019	0.02516	0.02448	0.02244	0.01836	0.00816	0.00612	0.00204	0.00476	0.00680	0.00612	0.00952
17	0.01247	0.01069	0.01247	0.00891	0.01426	0.00802	0.00713	0.01515	0.01247	0.01960	0.01069	0.01247	0.00891	0.00446	0.00446	0.00089	0.00446	0.00356	0.00356	0.82536
18	0.01120	0.00715	0.00962	0.24282	0.01769	0.00797	0.00814	0.01395	0.01206	0.01931	0.01615	0.02013	0.01274	0.00780	0.00629	0.06654	0.00460	0.00550	0.50466	0.00570
19	0.00859	0.00645	0.00967	0.00967	0.01074	0.00752	0.00752	0.01074	0.00967	0.01396	0.01611	0.02363	0.01504	0.04512	0.76474	0.00967	0.01611	0.00645	0.00322	0.00537
20	0.83108	0.01163	0.00884	0.00791	0.01163	0.01350	0.00651	0.01768	0.01024	0.02699	0.00838	0.00977	0.00651	0.00558	0.00372	0.00186	0.00465	0.00326	0.00372	0.00651
21	0.02699	0.01024	0.01396	0.01070	0.01536	0.00884	0.00884	0.02932	0.01722	0.75522	0.02373	0.02048	0.01489	0.00745	0.00605	0.00186	0.00512	0.00605	0.00745	0.01024
22	0.02064	0.01551	0.01659	0.01314	0.01742	0.01726	0.01064	0.56376	0.15544	0.03412	0.01651	0.01731	0.01236	0.05205	0.00744	0.00208	0.00624	0.00586	0.00590	0.00973
23	0.01585	0.01255	0.01368	0.01162	0.01554	0.01347	0.00915	0.06869	0.51500	0.07880	0.02137	0.02005	0.01594	0.00739	0.00581	0.00181	0.00484	0.00608	0.00575	0.15662
24	0.00875	0.00583	0.00656	0.00656	0.00656	0.00583	0.00365	0.00875	0.00875	0.01166	0.01895	0.03937	0.02187	0.78858	0.03062	0.00583	0.00583	0.00875	0.00365	0.00365
25	0.00769	0.00583	0.00821	0.00887	0.00967	0.00540	0.03627	0.00908	0.01220	0.01625	0.08813	0.64402	0.09072	0.01751	0.00757	0.00235	0.00369	0.01589	0.00555	0.00510
26	0.01274	0.01292	0.01884	0.19527	0.02274	0.04445	0.07382	0.01504	0.01092	0.01523	0.01279	0.01723	0.06127	0.00917	0.01397	0.00235	0.44578	0.00592	0.00291	0.00664
27	0.83108	0.01163	0.00884	0.00791	0.01163	0.01350	0.00651	0.01768	0.01024	0.02699	0.00838	0.00977	0.00651	0.00558	0.00372	0.00186	0.00465	0.00326	0.00372	0.00651
28	0.02194	0.02655	0.01687	0.01512	0.01838	0.64913	0.01145	0.08037	0.07243	0.01734	0.01085	0.01201	0.00874	0.00643	0.00552	0.00161	0.01006	0.00422	0.00356	0.00742
29	0.01449	0.01389	0.02370	0.12011	0.67098	0.01419	0.01826	0.01811	0.01351	0.01917	0.01125	0.01502	0.00936	0.00543	0.00596	0.00181	0.00725	0.00536	0.00294	0.00921
30	0.00711	0.00609	0.00609	0.00609	0.00813	0.00508	0.00457	0.00863	0.01371	0.01625	0.06094	0.05789	0.74862	0.01524	0.00711	0.00203	0.00305	0.01270	0.00559	0.00508
31	0.00861	0.00638	0.00935	0.00935	0.01032	0.00735	0.00712	0.01054	0.00957	0.01373	0.01640	0.02524	0.01574	0.12097	0.68984	0.00928	0.01506	0.00668	0.00327	0.00520
32	0.00847	0.00615	0.00798	0.00752	0.00896	0.00566	0.00564	0.01127	0.01693	0.02388	0.72682	0.04533	0.07797	0.01239	0.00710	0.00190	0.00284	0.01094	0.00659	0.00566
33	0.00777	0.00555	0.00749	0.00888	0.00943	0.00527	0.00636	0.00915	0.01196	0.01585	0.03291	0.64975	0.03882	0.01843	0.00780	0.00250	0.00388	0.14762	0.00558	0.00501

[dist]
# distance from previous block
# <min> <max>
0	77

[block]
# block no. 2 follows, 38 sequences, length 96
# corresponding to MSA columns:
# 371-466
name=unknown_C
#
# <colnr> <probs for GDERKNQSTAVLIFYWHMCP>
#	G	D	E	R	K	N	Q	S	T	A	V	L	I	F	Y	W	H	M	C	P
0	0.79057	0.01190	0.00930	0.00821	0.01199	0.01375	0.00676	0.05343	0.01114	0.02754	0.00868	0.01001	0.00670	0.00567	0.00384	0.00186	0.00475	0.00337	0.00384	0.00670
1	0.01789	0.01275	0.01413	0.01133	0.01500	0.01354	0.00917	0.44228	0.02344	0.06855	0.20473	0.02675	0.09532	0.00931	0.00640	0.00185	0.00524	0.00755	0.00620	0.00857
2	0.01045	0.00522	0.00784	0.00784	0.00784	0.00522	0.00522	0.00784	0.00784	0.01045	0.01045	0.01829	0.01045	0.02090	0.02351	0.82497	0.00522	0.00522	0.00261	0.00261
3	0.01421	0.01209	0.01230	0.01119	0.01413	0.04566	0.00862	0.08575	0.46266	0.02374	0.02697	0.11107	0.08508	0.00979	0.00625	0.00201	0.00479	0.00819	0.04712	0.00835
4	0.01469	0.01409	0.02406	0.07858	0.71096	0.01424	0.01836	0.01829	0.01360	0.01941	0.01128	0.01495	0.00944	0.00540	0.00596	0.00180	0.00720	0.00536	0.00296	0.00937
5	0.01008	0.00715	0.00905	0.00874	0.01081	0.00608	0.00633	0.01171	0.01220	0.06278	0.02612	0.49929	0.02929	0.01397	0.00667	0.00197	0.00392	0.02910	0.00512	0.23963
6	0.05587	0.01295	0.01349	0.01044	0.01519	0.05360	0.00832	0.11543	0.13305	0.02308	0.01325	0.01413	0.01044	0.00559	0.00496	0.00129	0.00517	0.00434	0.00429	0.49510
7	0.01136	0.01069	0.01804	0.77412	0.04143	0.01337	0.01671	0.01537	0.01203	0.01537	0.01069	0.01604	0.00802	0.00601	0.00601	0.00200	0.00802	0.00535	0.00267	0.00668
8	0.08535	0.01582	0.01645	0.01302	0.01750	0.03521	0.01064	0.52017	0.13021	0.07090	0.01578	0.01547	0.01130	0.00722	0.00584	0.00184	0.00622	0.00544	0.00585	0.00976
9	0.01076	0.00732	0.00884	0.00894	0.01044	0.00719	0.00657	0.11194	0.01471	0.05193	0.05295	0.45965	0.10913	0.01528	0.00711	0.00222	0.00400	0.04835	0.05668	0.00600
10	0.01136	0.01069	0.01804	0.77412	0.04143	0.01337	0.01671	0.01537	0.01203	0.01537	0.01069	0.01604	0.00802	0.00601	0.00601	0.00200	0.00802	0.00535	0.00267	0.00668
11	0.00969	0.00692	0.00969	0.01108	0.01246	0.00692	0.00969	0.01246	0.01385	0.01800	0.03185	0.06786	0.03462	0.01662	0.00831	0.00277	0.00554	0.71057	0.00554	0.00554
12	0.01147	0.01081	0.01825	0.75048	0.06419	0.01340	0.01676	0.01547	0.01208	0.01551	0.01071	0.01600	0.00807	0.00599	0.00601	0.00200	0.00799	0.00535	0.00268	0.00677
13	0.01439	0.47224	0.33669	0.01317	0.01989	0.01967	0.01531	0.01845	0.01242	0.01621	0.00939	0.01093	0.00768	0.00539	0.00464	0.00155	0.00747	0.00373	0.00256	0.00821
14	0.01489	0.01429	0.02442	0.03692	0.75106	0.01429	0.01846	0.01846	0.01370	0.01965	0.01132	0.01489	0.00953	0.00536	0.00596	0.00179	0.00715	0.00536	0.00298	0.00953
15	0.01136	0.01069	0.01804	0.77412	0.04143	0.01337	0.01671	0.01537	0.01203	0.01537	0.01069	0.01604	0.00802	0.00601	0.00601	0.00200	0.00802	0.00535	0.00267	0.00668
16	0.02699	0.01024	0.01396	0.01070	0.01536	0.00884	0.00884	0.02932	0.01722	0.75522	0.02373	0.02048	0.01489	0.00745	0.00605	0.00186	0.00512	0.00605	0.00745	0.01024
17	0.01608	0.79220	0.03152	0.01029	0.01544	0.02380	0.01029	0.01801	0.01222	0.01415	0.00836	0.00965	0.00772	0.00515	0.00386	0.00129	0.00643	0.00322	0.00257	0.00772
18	0.00875	0.00583	0.00656	0.00656	0.00656	0.00583	0.00365	0.00875	0.00875	0.01166	0.01895	0.03937	0.02187	0.78858	0.03062	0.00583	0.00583	0.00875	0.00365	0.00365
19	0.00851	0.00615	0.00804	0.00757	0.00899	0.00568	0.00568	0.01135	0.01703	0.02412	0.74788	0.04494	0.05676	0.01230	0.00710	0.00189	0.00284	0.01088	0.00662	0.00568
20	0.01613	0.00850	0.01094	0.00925	0.01209	0.00795	0.00729	0.05490	0.05673	0.28401	0.41537	0.03352	0.03751	0.01010	0.00662	0.00188	0.00394	0.00867	0.00686	0.00773
21	0.83108	0.01163	0.00884	0.00791	0.01163	0.01350	0.00651	0.01768	0.01024	0.02699	0.00838	0.00977	0.00651	0.00558	0.00372	0.00186	0.00465	0.00326	0.00372	0.00651
22	0.01725	0.01225	0.01367	0.01124	0.01436	0.01368	0.00912	0.40174	0.02047	0.02911	0.01564	0.01776	0.01213	0.01296	0.11865	0.00291	0.05062	0.00561	0.21271	0.00813
23	0.00737	0.00525	0.00697	0.00833	0.00867	0.00491	0.00553	0.00839	0.01144	0.01526	0.03277	0.76439	0.03930	0.03978	0.00830	0.00254	0.00355	0.01687	0.00553	0.00485
24	0.78564	0.01155	0.00913	0.00807	0.01184	0.01323	0.00665	0.01834	0.01063	0.06814	0.00924	0.01038	0.00699	0.00569	0.00385	0.00186	0.00468	0.00342	0.00393	0.00673
25	0.73185	0.07003	0.01094	0.00841	0.01225	0.03231	0.00704	0.03508	0.01098	0.02601	0.00854	0.00990	0.00672	0.00561	0.00383	0.00181	0.00498	0.00332	0.00368	0.00670
26	0.01256	0.01242	0.01777	0.32490	0.02611	0.04500	0.01426	0.01503	0.01069	0.01483	0.00951	0.01477	0.00830	0.01027	0.05125	0.00269	0.39507	0.00530	0.00270	0.00658
27	0.00769	0.00607	0.00693	0.00681	0.00851	0.00531	0.00507	0.00972	0.01494	0.01939	0.33784	0.08992	0.43194	0.01423	0.00713	0.00200	0.00299	0.01219	0.00601	0.00531
28	0.00821	0.00616	0.00765	0.00756	0.00907	0.00560	0.00576	0.01063	0.01564	0.02118	0.47721	0.08825	0.22506	0.01375	0.00724	0.00203	0.00316	0.07416	0.00622	0.00548
29	0.02431	0.00966	0.01303	0.01019	0.01442	0.00837	0.00834	0.02665	0.01703	0.65166	0.09234	0.02456	0.05462	0.00827	0.00620	0.00187	0.00481	0.00682	0.00728	0.00956
30	0.01434	0.00761	0.00915	0.00804	0.01094	0.00653	0.00639	0.01627	0.01510	0.27828	0.07609	0.04459	0.42278	0.01242	0.00679	0.00200	0.00390	0.04555	0.00629	0.00695
31	0.83108	0.01163	0.00884	0.00791	0.01163	0.01350	0.00651	0.01768	0.01024	0.02699	0.00838	0.00977	0.00651	0.00558	0.00372	0.00186	0.00465	0.00326	0.00372	0.00651
32	0.83108	0.01163	0.00884	0.00791	0.01163	0.01350	0.00651	0.01768	0.01024	0.02699	0.00838	0.00977	0.00651	0.00558	0.00372	0.00186	0.00465	0.00326	0.00372	0.00651
33	0.00733	0.00524	0.00698	0.00838	0.00873	0.00489	0.00558	0.00838	0.01152	0.01536	0.03316	0.78466	0.03979	0.01885	0.00768	0.00244	0.00349	0.01710	0.00558	0.00489
34	0.83108	0.01163	0.00884	0.00791	0.01163	0.01350	0.00651	0.01768	0.01024	0.02699	0.00838	0.00977	0.00651	0.00558	0.00372	0.00186	0.00465	0.00326	0.00372	0.00651
35	0.02247	0.02867	0.01705	0.01550	0.01860	0.76443	0.01162	0.02402	0.01705	0.01472	0.00930	0.01085	0.00775	0.00620	0.00542	0.00155	0.01085	0.00387	0.00310	0.00697
36	0.01390	0.01833	0.13738	0.02420	0.03068	0.01504	0.62944	0.01924	0.01399	0.01924	0.01198	0.01573	0.00892	0.00516	0.00690	0.00201	0.00997	0.00672	0.00297	0.00822
37	0.01359	0.01135	0.01307	0.00944	0.01473	0.00916	0.00759	0.09179	0.01417	0.02156	0.01109	0.01269	0.00905	0.00475	0.00462	0.00099	0.00469	0.00376	0.00383	0.73809
38	0.01477	0.00918	0.00970	0.00838	0.01084	0.00980	0.00663	0.23954	0.01742	0.02693	0.01784	0.01997	0.01377	0.00875	0.03815	0.00189	0.00459	0.00558	0.52923	0.00705
39	0.01247	0.01069	0.01247	0.00891	0.01426	0.00802	0.00713	0.01515	0.01247	0.01960	0.01069	0.01247	0.00891	0.00446	0.00446	0.00089	0.00446	0.00356	0.00356	0.82536
40	0.00733	0.00524	0.00698	0.00838	0.00873	0.00489	0.00558	0.00838	0.01152	0.01536	0.03316	0.78466	0.03979	0.01885	0.00768	0.00244	0.00349	0.01710	0.00558	0.00489
41	0.58598	0.05085	0.01115	0.00872	0.01257	0.01316	0.00724	0.05478	0.01264	0.13260	0.05270	0.01354	0.01082	0.00629	0.00437	0.00183	0.00481	0.00420	0.00448	0.00726
42	0.02287	0.01685	0.01805	0.01384	0.01866	0.01866	0.01143	0.73100	0.02828	0.03791	0.01444	0.01444	0.01023	0.00722	0.00602	0.00181	0.00662	0.00542	0.00602	0.01023
43	0.00851	0.00615	0.00804	0.00757	0.00899	0.00568	0.00568	0.01135	0.01703	0.02412	0.74788	0.04494	0.05676	0.01230	0.00710	0.00189	0.00284	0.01088	0.00662	0.00568
44	0.01207	0.03112	0.75741	0.01715	0.02604	0.01397	0.02223	0.01905	0.01270	0.01905	0.01080	0.01270	0.00762	0.00572	0.00572	0.00191	0.00889	0.00445	0.00254	0.00889
45	0.45050	0.01338	0.01239	0.01018	0.01421	0.01511	0.00838	0.30821	0.01774	0.03116	0.01155	0.01247	0.00858	0.00634	0.00469	0.00181	0.00534	0.00428	0.05570	0.00797
46	0.00871	0.00599	0.00735	0.00735	0.00762	0.00626	0.00463	0.00925	0.00898	0.01225	0.01823	0.03538	0.02014	0.60003	0.21680	0.00680	0.00844	0.00816	0.00354	0.00408
47	0.02234	0.02023	0.01752	0.01426	0.01848	0.24422	0.01139	0.48114	0.06140	0.03024	0.01340	0.01377	0.00990	0.00696	0.00584	0.00174	0.00780	0.00502	0.00514	0.00921
48	0.00897	0.00720	0.01005	0.00956	0.01144	0.00627	0.05108	0.01065	0.01191	0.01660	0.02657	0.55517	0.03062	0.01460	0.00688	0.00205	0.00413	0.01329	0.00495	0.19800
49	0.06189	0.00989	0.01316	0.01071	0.01442	0.00931	0.03968	0.02425	0.10279	0.42856	0.14551	0.07177	0.02325	0.00886	0.00626	0.00193	0.00479	0.00755	0.00665	0.00876
50	0.01255	0.01205	0.02083	0.51672	0.25203	0.01374	0.05348	0.01649	0.01264	0.01684	0.01095	0.01571	0.00852	0.00577	0.00605	0.00194	0.00787	0.00544	0.00278	0.00760
51	0.01189	0.01123	0.01900	0.66317	0.14823	0.01351	0.01697	0.01584	0.01228	0.01601	0.01079	0.01587	0.00825	0.00592	0.00601	0.00197	0.00789	0.00535	0.00272	0.00711
52	0.01191	0.01125	0.01903	0.66028	0.15102	0.01351	0.01698	0.01585	0.01229	0.01603	0.01079	0.01586	0.00825	0.00591	0.00601	0.00197	0.00788	0.00535	0.00272	0.00712
53	0.01045	0.00522	0.00784	0.00784	0.00784	0.00522	0.00522	0.00784	0.00784	0.01045	0.01045	0.01829	0.01045	0.02090	0.02351	0.82497	0.00522	0.00522	0.00261	0.00261
54	0.01207	0.03112	0.75741	0.01715	0.02604	0.01397	0.02223	0.01905	0.01270	0.01905	0.01080	0.01270	0.00762	0.00572	0.00572	0.00191	0.00889	0.00445	0.00254	0.00889
55	0.01943	0.00921	0.01212	0.00995	0.01357	0.00834	0.00796	0.02244	0.05116	0.42068	0.03640	0.08150	0.01723	0.01343	0.11300	0.00288	0.00630	0.00681	0.04190	0.10569
56	0.00751	0.00537	0.00714	0.00825	0.00877	0.00501	0.00560	0.00883	0.01236	0.01669	0.14194	0.67207	0.04237	0.01785	0.00759	0.00236	0.00339	0.01615	0.00574	0.00501
57	0.01468	0.01062	0.01270	0.00918	0.01442	0.00814	0.00739	0.01730	0.01320	0.13156	0.01268	0.01369	0.00982	0.00491	0.00470	0.00104	0.00456	0.00394	0.00415	0.70130
58	0.02097	0.01193	0.01434	0.01094	0.01573	0.01109	0.00893	0.16892	0.07497	0.33687	0.01809	0.01707	0.01247	0.00659	0.00558	0.00158	0.00520	0.00526	0.00592	0.24754
59	0.00955	0.00682	0.00952	0.01091	0.01223	0.00680	0.00944	0.01221	0.01370	0.01784	0.03193	0.11257	0.03494	0.01676	0.00827	0.00275	0.00541	0.66731	0.00554	0.00550
60	0.01247	0.01069	0.01247	0.00891	0.01426	0.00802	0.00713	0.01515	0.01247	0.01960	0.01069	0.01247	0.00891	0.00446	0.00446	0.00089	0.00446	0.00356	0.00356	0.82536
61	0.01546	0.01317	0.01388	0.01234	0.01583	0.01519	0.00964	0.07557	0.69579	0.02596	0.02386	0.02195	0.01786	0.00810	0.00611	0.00203	0.00488	0.00671	0.00611	0.00957
62	0.17521	0.01055	0.01285	0.00999	0.01455	0.00962	0.00823	0.02564	0.01541	0.54142	0.01949	0.01763	0.01270	0.00678	0.00545	0.00176	0.00496	0.00527	0.00634	0.09616
63	0.01136	0.01069	0.01804	0.77412	0.04143	0.01337	0.01671	0.01537	0.01203	0.01537	0.01069	0.01604	0.00802	0.00601	0.00601	0.00200	0.00802	0.00535	0.00267	0.00668
64	0.01121	0.00561	0.00561	0.00561	0.00701	0.00561	0.00421	0.01402	0.01262	0.02243	0.01962	0.02243	0.01542	0.00701	0.00421	0.00140	0.00280	0.00561	0.82198	0.00561
65	0.02287	0.01685	0.01805	0.01384	0.01866	0.01866	0.01143	0.73100	0.02828	0.03791	0.01444	0.01444	0.01023	0.00722	0.00602	0.00181	0.00662	0.00542	0.00602	0.01023
66	0.01286	0.00719	0.00736	0.00677	0.00865	0.00745	0.00523	0.11520	0.01483	0.02461	0.01889	0.02130	0.01469	0.00704	0.00446	0.00146	0.00334	0.00558	0.70683	0.00626
67	0.02371	0.01550	0.01722	0.01320	0.01798	0.01666	0.01091	0.58821	0.02603	0.18388	0.01633	0.01567	0.01118	0.00727	0.00602	0.00182	0.00631	0.00555	0.00631	0.01023
68	0.02147	0.01581	0.01706	0.01335	0.01776	0.01742	0.01091	0.66609	0.02678	0.03589	0.01612	0.08363	0.01289	0.00827	0.00617	0.00186	0.00634	0.00647	0.00598	0.00975
69	0.00756	0.00539	0.00687	0.00795	0.00859	0.00498	0.00541	0.00884	0.01209	0.01626	0.07209	0.63095	0.11475	0.01753	0.00741	0.00232	0.00337	0.01573	0.04692	0.00498
70	0.01399	0.01679	0.07513	0.02406	0.03027	0.01478	0.65275	0.01905	0.01403	0.01927	0.01202	0.01584	0.00903	0.00508	0.00689	0.00196	0.00978	0.00677	0.00304	0.04948
71	0.02209	0.01122	0.01376	0.01119	0.01530	0.01111	0.00903	0.06444	0.24577	0.45329	0.05891	0.02199	0.01780	0.00790	0.00612	0.00192	0.00497	0.00649	0.00692	0.00979
72	0.47691	0.01260	0.01168	0.00975	0.01368	0.05032	0.02848	0.01863	0.07671	0.02381	0.01047	0.01190	0.00831	0.00580	0.00499	0.00169	0.03901	0.00387	0.00380	0.18761
73	0.01687	0.05615	0.01682	0.01246	0.01705	0.20897	0.04824	0.12003	0.01593	0.02052	0.01076	0.01241	0.00872	0.00552	0.00541	0.00132	0.02530	0.00412	0.00369	0.38971
74	0.01040	0.00929	0.01505	0.40368	0.02773	0.01060	0.05351	0.01361	0.01256	0.01619	0.02206	0.11278	0.08441	0.01047	0.00716	0.00223	0.02527	0.15296	0.00386	0.00619
75	0.00732	0.00526	0.00695	0.00830	0.00871	0.00489	0.00555	0.00838	0.01159	0.01539	0.03405	0.76135	0.06252	0.01873	0.00766	0.00243	0.00348	0.01696	0.00558	0.00489
76	0.00868	0.00580	0.00658	0.00665	0.00667	0.00578	0.00374	0.00873	0.00889	0.01185	0.01968	0.07760	0.02279	0.74910	0.02944	0.00566	0.00571	0.00918	0.00374	0.00371
77	0.01015	0.00647	0.00852	0.00791	0.00956	0.00592	0.00596	0.01283	0.01670	0.09117	0.63636	0.08881	0.05183	0.01226	0.00703	0.00192	0.00309	0.01082	0.00663	0.00605
78	0.00711	0.00609	0.00609	0.00609	0.00813	0.00508	0.00457	0.00863	0.01371	0.01625	0.06094	0.05789	0.74862	0.01524	0.00711	0.00203	0.00305	0.01270	0.00559	0.00508
79	0.83108	0.01163	0.00884	0.00791	0.01163	0.01350	0.00651	0.01768	0.01024	0.02699	0.00838	0.00977	0.00651	0.00558	0.00372	0.00186	0.00465	0.00326	0.00372	0.00651
80	0.83108	0.01163	0.00884	0.00791	0.01163	0.01350	0.00651	0.01768	0.01024	0.02699	0.00838	0.00977	0.00651	0.00558	0.00372	0.00186	0.00465	0.00326	0.00372	0.00651
81	0.00851	0.00615	0.00804	0.00757	0.00899	0.00568	0.00568	0.01135	0.01703	0.02412	0.74788	0.04494	0.05676	0.01230	0.00710	0.00189	0.00284	0.01088	0.00662	0.00568
82	0.02580	0.05080	0.01548	0.01117	0.01587	0.01112	0.00932	0.13761	0.01868	0.60647	0.02151	0.01899	0.01381	0.00729	0.00593	0.00182	0.00542	0.00581	0.00698	0.01011
83	0.01420	0.01623	0.03550	0.02535	0.03144	0.01521	0.72921	0.01927	0.01420	0.01927	0.01217	0.01623	0.00913	0.00507	0.00710	0.00203	0.01014	0.00710	0.00304	0.00811
84	0.83108	0.01163	0.00884	0.00791	0.01163	0.01350	0.00651	0.01768	0.01024	0.02699	0.00838	0.00977	0.00651	0.00558	0.00372	0.00186	0.00465	0.00326	0.00372	0.00651
85	0.01247	0.01069	0.01247	0.00891	0.01426	0.00802	0.00713	0.01515	0.01247	0.01960	0.01069	0.01247	0.00891	0.00446	0.00446	0.00089	0.00446	0.00356	0.00356	0.82536
86	0.02287	0.01685	0.01805	0.01384	0.01866	0.01866	0.01143	0.73100	0.02828	0.03791	0.01444	0.01444	0.01023	0.00722	0.00602	0.00181	0.00662	0.00542	0.00602	0.01023
87	0.10228	0.05806	0.02703	0.01960	0.02467	0.16275	0.39951	0.09586	0.01574	0.02091	0.01126	0.01397	0.00863	0.00558	0.00614	0.00186	0.00914	0.00569	0.00342	0.00793
88	0.02699	0.01024	0.01396	0.01070	0.01536	0.00884	0.00884	0.02932	0.01722	0.75522	0.02373	0.02048	0.01489	0.00745	0.00605	0.00186	0.00512	0.00605	0.00745	0.01024
89	0.00851	0.00615	0.00804	0.00757	0.00899	0.00568	0.00568	0.01135	0.01703	0.02412	0.74788	0.04494	0.05676	0.01230	0.00710	0.00189	0.00284	0.01088	0.00662	0.00568
90	0.01207	0.03112	0.75741	0.01715	0.02604	0.01397	0.02223	0.01905	0.01270	0.01905	0.01080	0.01270	0.00762	0.00572	0.00572	0.00191	0.00889	0.00445	0.00254	0.00889
91	0.02699	0.01024	0.01396	0.01070	0.01536	0.00884	0.00884	0.02932	0.01722	0.75522	0.02373	0.02048	0.01489	0.00745	0.00605	0.00186	0.00512	0.00605	0.00745	0.01024
92	0.00733	0.00524	0.00698	0.00838	0.00873	0.00489	0.00558	0.00838	0.01152	0.01536	0.03316	0.78466	0.03979	0.01885	0.00768	0.00244	0.00349	0.01710	0.00558	0.00489
93	0.01188	0.00638	0.00665	0.02697	0.00860	0.00656	0.00495	0.05457	0.01349	0.02311	0.01909	0.02180	0.01492	0.00699	0.00436	0.00144	0.00316	0.00559	0.75359	0.00590
94	0.00754	0.00545	0.00716	0.00830	0.00890	0.00507	0.00574	0.00887	0.01227	0.01636	0.10185	0.63902	0.08118	0.01792	0.00762	0.00238	0.00350	0.05017	0.00568	0.00500
95	0.01205	0.01165	0.02130	0.45944	0.07943	0.01294	0.18753	0.01607	0.01267	0.01703	0.01279	0.05494	0.01045	0.00645	0.00624	0.00198	0.00791	0.00638	0.05568	0.00705

[dist]
# distance from previous block
# <min> <max>
0	3

# created by:
# /software/SequenceAnalysis/GenePrediction/augustus/3.0.1/scripts/msa2prfl.pl ./fixed/BUSCOvEOG7TB5RP.fas
