[name]
unknown

[dist]
# distance from previous block
# <min> <max>
0	131

[block]
# block no. 0 follows, 40 sequences, length 18
# corresponding to MSA columns:
# 134-151
name=unknown_A
#
# <colnr> <probs for GDERKNQSTAVLIFYWHMCP>
#	G	D	E	R	K	N	Q	S	T	A	V	L	I	F	Y	W	H	M	C	P
0	0.01010	0.00505	0.00758	0.00758	0.00758	0.00505	0.00505	0.00758	0.00758	0.01010	0.01010	0.01768	0.01010	0.02020	0.02273	0.83081	0.00505	0.00505	0.00253	0.00253
1	0.01366	0.00814	0.00843	0.00741	0.00959	0.00858	0.00581	0.19530	0.01598	0.02543	0.01772	0.01975	0.01365	0.00683	0.00450	0.00145	0.00363	0.00537	0.62222	0.00654
2	0.02041	0.02496	0.01588	0.01441	0.01746	0.63501	0.01087	0.02461	0.14915	0.01606	0.01165	0.01252	0.00935	0.00634	0.00537	0.00158	0.00942	0.00426	0.00353	0.00719
3	0.00709	0.00506	0.00675	0.00810	0.00843	0.00472	0.00540	0.00810	0.01113	0.01484	0.03205	0.79184	0.03846	0.01822	0.00742	0.00236	0.00337	0.01653	0.00540	0.00472
4	0.04847	0.00569	0.00556	0.00552	0.00698	0.00577	0.00417	0.01371	0.01209	0.02188	0.01847	0.02112	0.01451	0.00671	0.00404	0.00138	0.00279	0.00532	0.79035	0.00546
5	0.00698	0.00590	0.00604	0.00600	0.00792	0.00495	0.00450	0.00855	0.01350	0.01629	0.11253	0.05500	0.70301	0.01451	0.00687	0.00195	0.00293	0.01214	0.00548	0.00495
6	0.01555	0.79913	0.03047	0.00995	0.01493	0.02301	0.00995	0.01741	0.01182	0.01368	0.00808	0.00933	0.00746	0.00498	0.00373	0.00124	0.00622	0.00311	0.00249	0.00746
7	0.00718	0.00513	0.00686	0.00821	0.00859	0.00481	0.00556	0.00826	0.01123	0.01495	0.03200	0.76149	0.03825	0.01813	0.00745	0.00237	0.00346	0.04593	0.00540	0.00475
8	0.01037	0.06871	0.07390	0.00885	0.01141	0.00848	0.00765	0.01469	0.08690	0.05090	0.53755	0.03522	0.04212	0.01026	0.00638	0.00180	0.00376	0.00887	0.00576	0.00643
9	0.02485	0.01287	0.01545	0.01192	0.01650	0.01272	0.00978	0.32003	0.02130	0.46015	0.01967	0.01805	0.01298	0.00743	0.00605	0.00187	0.00572	0.00575	0.00677	0.01013
10	0.00875	0.00593	0.00680	0.00701	0.00712	0.00580	0.00409	0.00879	0.00926	0.01240	0.02114	0.16873	0.02451	0.65529	0.02579	0.00513	0.00541	0.00998	0.00402	0.00402
11	0.01667	0.01298	0.01393	0.01218	0.01573	0.01456	0.00953	0.09977	0.61159	0.08803	0.02306	0.02141	0.01711	0.00806	0.00611	0.00203	0.00498	0.00653	0.00617	0.00957
12	0.11949	0.01572	0.01607	0.01266	0.01709	0.05907	0.01032	0.50529	0.02330	0.13955	0.01476	0.01476	0.01045	0.00710	0.00574	0.00184	0.00636	0.00515	0.00575	0.00952
13	0.11287	0.04784	0.58920	0.01488	0.02220	0.01336	0.01820	0.01798	0.01260	0.02004	0.06697	0.01491	0.01132	0.00631	0.00556	0.00191	0.00773	0.00476	0.00307	0.00829
14	0.00747	0.00607	0.00650	0.00681	0.00841	0.00518	0.00490	0.00868	0.01303	0.01597	0.05230	0.24043	0.57163	0.01587	0.00722	0.00215	0.00324	0.01344	0.00556	0.00514
15	0.00899	0.00603	0.00673	0.00671	0.00676	0.00595	0.00377	0.00885	0.00880	0.01179	0.01877	0.03855	0.02152	0.78956	0.02962	0.00570	0.00580	0.00859	0.00369	0.00381
16	0.01453	0.01378	0.02322	0.11298	0.67926	0.01397	0.01780	0.01786	0.01338	0.01902	0.01138	0.01519	0.00954	0.00559	0.00598	0.00184	0.00715	0.00534	0.00302	0.00917
17	0.77374	0.01168	0.00924	0.00829	0.01189	0.01340	0.00672	0.01837	0.06126	0.02636	0.00970	0.01102	0.00759	0.00591	0.00399	0.00190	0.00468	0.00356	0.00393	0.00676

[dist]
# distance from previous block
# <min> <max>
0	2

[block]
# block no. 1 follows, 40 sequences, length 26
# corresponding to MSA columns:
# 154-179
name=unknown_B
#
# <colnr> <probs for GDERKNQSTAVLIFYWHMCP>
#	G	D	E	R	K	N	Q	S	T	A	V	L	I	F	Y	W	H	M	C	P
0	0.00846	0.00564	0.00634	0.00634	0.00634	0.00564	0.00352	0.00846	0.00846	0.01128	0.01832	0.03805	0.02114	0.79563	0.02960	0.00564	0.00564	0.00846	0.00352	0.00352
1	0.01298	0.01351	0.02709	0.10560	0.02729	0.01321	0.49682	0.06562	0.01402	0.01886	0.01484	0.13371	0.01329	0.00717	0.00676	0.00200	0.00837	0.00804	0.00347	0.00735
2	0.01996	0.01522	0.01625	0.01295	0.01722	0.01703	0.01053	0.54122	0.22957	0.03320	0.01668	0.01613	0.01209	0.00724	0.00585	0.00181	0.00590	0.00561	0.00585	0.00970
3	0.00709	0.00506	0.00675	0.00810	0.00843	0.00472	0.00540	0.00810	0.01113	0.01484	0.03205	0.79184	0.03846	0.01822	0.00742	0.00236	0.00337	0.01653	0.00540	0.00472
4	0.01555	0.79913	0.03047	0.00995	0.01493	0.02301	0.00995	0.01741	0.01182	0.01368	0.00808	0.00933	0.00746	0.00498	0.00373	0.00124	0.00622	0.00311	0.00249	0.00746
5	0.74596	0.01181	0.00954	0.00829	0.01200	0.01360	0.00683	0.09762	0.01184	0.02727	0.00875	0.00995	0.00670	0.00557	0.00385	0.00179	0.00471	0.00338	0.00385	0.00670
6	0.00687	0.00589	0.00589	0.00589	0.00785	0.00491	0.00442	0.00835	0.01325	0.01571	0.05891	0.05596	0.75700	0.01473	0.00687	0.00196	0.00295	0.01227	0.00540	0.00491
7	0.01104	0.00792	0.00877	0.00803	0.01050	0.00768	0.00619	0.01637	0.18941	0.10228	0.15928	0.04174	0.38459	0.01180	0.00653	0.00193	0.00353	0.00992	0.00589	0.00658
8	0.00783	0.00579	0.00731	0.00723	0.00852	0.00527	0.00531	0.01008	0.01506	0.02071	0.52599	0.17178	0.16081	0.01340	0.00696	0.00194	0.00288	0.01180	0.00608	0.00527
9	0.01855	0.01328	0.01424	0.01130	0.01480	0.01453	0.00900	0.53550	0.02246	0.03070	0.01526	0.01889	0.01235	0.14015	0.00964	0.00236	0.00586	0.00580	0.09701	0.00832
10	0.02609	0.00990	0.01350	0.01035	0.01484	0.00855	0.00855	0.02834	0.01664	0.76338	0.02294	0.01979	0.01439	0.00720	0.00585	0.00180	0.00495	0.00585	0.00720	0.00990
11	0.01995	0.02366	0.01538	0.01391	0.01692	0.58267	0.01052	0.04521	0.14027	0.01698	0.01213	0.01306	0.00967	0.00638	0.00531	0.00158	0.00897	0.00435	0.04589	0.00718
12	0.01084	0.00542	0.00542	0.00542	0.00678	0.00542	0.00407	0.01355	0.01220	0.02168	0.01897	0.02168	0.01491	0.00678	0.00407	0.00136	0.00271	0.00542	0.82791	0.00542
13	0.01439	0.01382	0.02360	0.03569	0.75936	0.01382	0.01785	0.01785	0.01324	0.01900	0.01094	0.01439	0.00921	0.00518	0.00576	0.00173	0.00691	0.00518	0.00288	0.00921
14	0.00734	0.00536	0.00690	0.00766	0.00843	0.00493	0.00531	0.00881	0.01265	0.01697	0.20854	0.53057	0.12244	0.01631	0.00723	0.00219	0.00318	0.01462	0.00564	0.00493
15	0.01098	0.01034	0.01744	0.78165	0.04005	0.01292	0.01615	0.01486	0.01163	0.01486	0.01034	0.01550	0.00775	0.00581	0.00581	0.00194	0.00775	0.00517	0.00258	0.00646
16	0.01326	0.01266	0.02156	0.28305	0.52084	0.01352	0.01728	0.01686	0.01271	0.01763	0.01074	0.01476	0.00873	0.00539	0.00578	0.00180	0.00719	0.00518	0.00278	0.00830
17	0.00687	0.00589	0.00589	0.00589	0.00785	0.00491	0.00442	0.00835	0.01325	0.01571	0.05891	0.05596	0.75700	0.01473	0.00687	0.00196	0.00295	0.01227	0.00540	0.00491
18	0.00845	0.00566	0.00648	0.00648	0.00652	0.00571	0.00369	0.00854	0.00850	0.01137	0.01820	0.03738	0.02085	0.76204	0.06278	0.00580	0.00608	0.00836	0.00351	0.00360
19	0.01446	0.01249	0.01315	0.01183	0.01512	0.01446	0.00920	0.03090	0.74885	0.02433	0.02367	0.02170	0.01775	0.00789	0.00592	0.00197	0.00460	0.00657	0.00592	0.00920
20	0.00789	0.00564	0.00764	0.00881	0.00955	0.00540	0.00661	0.00958	0.01235	0.01647	0.10477	0.49708	0.03861	0.01693	0.00755	0.00240	0.00391	0.22833	0.00549	0.00499
21	0.01405	0.01347	0.02298	0.11099	0.68675	0.01373	0.01768	0.01755	0.01308	0.01858	0.01088	0.01450	0.00906	0.00525	0.00576	0.00175	0.00699	0.00518	0.00285	0.00893
22	0.01665	0.01305	0.01340	0.01137	0.01460	0.05254	0.00897	0.31873	0.22488	0.02717	0.01848	0.07319	0.01506	0.02811	0.03681	0.00219	0.00579	0.00648	0.10423	0.00829
23	0.01366	0.07163	0.21913	0.05569	0.43090	0.03639	0.03685	0.01783	0.01294	0.01811	0.01157	0.01433	0.02433	0.00550	0.00560	0.00174	0.00744	0.00496	0.00279	0.00863
24	0.01369	0.01053	0.01280	0.00948	0.01405	0.00886	0.00766	0.01610	0.01225	0.10138	0.01147	0.01299	0.00916	0.00522	0.00597	0.00114	0.08318	0.00388	0.00377	0.65643
25	0.01542	0.01359	0.02559	0.05329	0.10783	0.01313	0.39740	0.02083	0.09581	0.13242	0.01520	0.03950	0.01153	0.00603	0.00640	0.00190	0.00777	0.00663	0.00398	0.02576

[dist]
# distance from previous block
# <min> <max>
0	640

# created by:
# /software/SequenceAnalysis/GenePrediction/augustus/3.0.1/scripts/msa2prfl.pl ./fixed/BUSCOvEOG7MSFBQ.fas
