[name]
unknown

[dist]
# distance from previous block
# <min> <max>
7	612

[block]
# block no. 0 follows, 41 sequences, length 31
# corresponding to MSA columns:
# 1072-1102
name=unknown_A
#
# <colnr> <probs for GDERKNQSTAVLIFYWHMCP>
#	G	D	E	R	K	N	Q	S	T	A	V	L	I	F	Y	W	H	M	C	P
0	0.01113	0.01021	0.01660	0.46327	0.18632	0.01172	0.01421	0.01512	0.04950	0.01638	0.05215	0.10086	0.01409	0.00732	0.00594	0.00190	0.00657	0.00663	0.00326	0.00683
1	0.01717	0.01885	0.31144	0.01389	0.03940	0.02521	0.01412	0.11126	0.09612	0.23207	0.01653	0.01792	0.01190	0.00682	0.00572	0.00183	0.00658	0.03963	0.00467	0.00887
2	0.01323	0.02768	0.02389	0.05657	0.22945	0.01544	0.21954	0.01620	0.01145	0.01646	0.00968	0.01385	0.00827	0.00690	0.01088	0.00207	0.30276	0.00549	0.00271	0.00747
3	0.01233	0.01226	0.01748	0.09807	0.01765	0.01700	0.01288	0.01386	0.00905	0.01386	0.00780	0.01281	0.00752	0.00955	0.01736	0.00244	0.70431	0.00501	0.00251	0.00627
4	0.00910	0.00617	0.00794	0.04732	0.01011	0.00584	0.00581	0.01171	0.01519	0.05192	0.54349	0.03924	0.11405	0.01092	0.00636	0.00177	0.00306	0.00951	0.09494	0.00556
5	0.01444	0.01298	0.02445	0.17540	0.10712	0.01323	0.34214	0.01883	0.04926	0.10943	0.01289	0.01593	0.00958	0.00599	0.00714	0.01749	0.04653	0.00598	0.00345	0.00773
6	0.17770	0.01093	0.01285	0.01014	0.01436	0.01075	0.00834	0.11911	0.05377	0.49496	0.01871	0.01690	0.01225	0.00675	0.00534	0.00177	0.00495	0.00521	0.00617	0.00903
7	0.01147	0.02959	0.76934	0.01630	0.02476	0.01328	0.02113	0.01811	0.01208	0.01811	0.01026	0.01208	0.00725	0.00543	0.00543	0.00181	0.00845	0.00423	0.00242	0.00845
8	0.12051	0.01497	0.01494	0.01214	0.01607	0.06827	0.01000	0.51188	0.02228	0.03092	0.01457	0.01857	0.01173	0.00757	0.00562	0.00180	0.00616	0.08240	0.02110	0.00851
9	0.01010	0.00636	0.00886	0.00853	0.00965	0.00687	0.00632	0.01162	0.00974	0.09401	0.01681	0.02606	0.01598	0.23655	0.49803	0.00744	0.01164	0.00666	0.00360	0.00518
10	0.09865	0.00639	0.00790	0.00861	0.00979	0.00631	0.00648	0.01127	0.01160	0.06841	0.02736	0.43901	0.03070	0.05578	0.00806	0.00247	0.00414	0.18669	0.00514	0.00526
11	0.00789	0.00584	0.00736	0.00698	0.00842	0.00531	0.00523	0.01039	0.01570	0.02177	0.65076	0.04465	0.16422	0.01213	0.00675	0.00182	0.00273	0.01061	0.00614	0.00531
12	0.00845	0.00600	0.00857	0.00857	0.00956	0.00684	0.00655	0.01042	0.00943	0.01399	0.01587	0.02338	0.01479	0.09142	0.64122	0.00809	0.01328	0.00619	0.09234	0.00502
13	0.06574	0.02194	0.01660	0.01608	0.09761	0.46299	0.01136	0.17205	0.04773	0.02013	0.01060	0.01183	0.00839	0.00605	0.00527	0.00158	0.00854	0.00422	0.00366	0.00761
14	0.00736	0.00582	0.00663	0.00642	0.00809	0.00508	0.00482	0.00937	0.01446	0.01882	0.37383	0.04951	0.44299	0.01323	0.00675	0.00187	0.00281	0.01129	0.00575	0.00508
15	0.00806	0.00576	0.00784	0.00891	0.00979	0.00555	0.00692	0.00997	0.01263	0.01685	0.13781	0.38535	0.03818	0.01614	0.00747	0.00237	0.00403	0.30592	0.00544	0.00501
16	0.01666	0.01223	0.01306	0.03192	0.01452	0.04146	0.00871	0.40479	0.03387	0.03872	0.01675	0.10095	0.01438	0.04865	0.04670	0.00230	0.00597	0.00656	0.13407	0.00773
17	0.04711	0.05644	0.05369	0.03811	0.01780	0.07870	0.04758	0.34781	0.09941	0.07844	0.04461	0.01572	0.01212	0.00672	0.00554	0.00171	0.00634	0.00528	0.02830	0.00857
18	0.77938	0.01100	0.00904	0.06384	0.01311	0.01282	0.00690	0.01665	0.00986	0.02486	0.00812	0.00972	0.00630	0.00534	0.00370	0.00178	0.00466	0.00324	0.00347	0.00621
19	0.01072	0.02428	0.59905	0.01427	0.02113	0.01152	0.01762	0.01648	0.01300	0.01919	0.17794	0.01893	0.01769	0.00683	0.00573	0.00181	0.00717	0.00559	0.00328	0.00777
20	0.00900	0.00703	0.00783	0.00749	0.00946	0.00676	0.00565	0.01341	0.14696	0.04013	0.23214	0.09608	0.37143	0.01258	0.00660	0.00192	0.00322	0.01072	0.00571	0.00586
21	0.01201	0.11153	0.62386	0.01583	0.02337	0.01455	0.04665	0.01780	0.01191	0.01740	0.00993	0.01191	0.00732	0.00558	0.00597	0.00179	0.04773	0.00424	0.00244	0.00819
22	0.01066	0.00533	0.00533	0.00533	0.00666	0.00533	0.00400	0.01333	0.01200	0.02132	0.01866	0.02132	0.01466	0.00666	0.00400	0.00133	0.00267	0.00533	0.83073	0.00533
23	0.04478	0.01588	0.01692	0.01300	0.01755	0.01760	0.01074	0.72373	0.02641	0.03576	0.01357	0.01361	0.00963	0.00682	0.00566	0.00172	0.00624	0.00509	0.00566	0.00963
24	0.02138	0.02685	0.01624	0.01468	0.01768	0.74843	0.01105	0.04909	0.01660	0.01480	0.00902	0.01044	0.00745	0.00593	0.00518	0.00148	0.01017	0.00374	0.00305	0.00674
25	0.01564	0.01299	0.01373	0.01193	0.01541	0.01489	0.00940	0.16490	0.61616	0.02621	0.02148	0.01991	0.01600	0.00759	0.00580	0.00190	0.00486	0.00622	0.00580	0.00918
26	0.00708	0.00506	0.00676	0.00809	0.00847	0.00474	0.00550	0.00815	0.01106	0.01472	0.03147	0.75945	0.03759	0.01782	0.00733	0.00234	0.00341	0.05097	0.00531	0.00468
27	0.01147	0.02959	0.76934	0.01630	0.02476	0.01328	0.02113	0.01811	0.01208	0.01811	0.01026	0.01208	0.00725	0.00543	0.00543	0.00181	0.00845	0.00423	0.00242	0.00845
28	0.01529	0.80242	0.02997	0.00979	0.01468	0.02263	0.00979	0.01713	0.01162	0.01346	0.00795	0.00918	0.00734	0.00489	0.00367	0.00122	0.00612	0.00306	0.00245	0.00734
29	0.01525	0.07825	0.53068	0.01433	0.02154	0.01272	0.01719	0.02047	0.01311	0.20348	0.01315	0.01371	0.00897	0.00580	0.00539	0.00176	0.00740	0.00452	0.00357	0.00869
30	0.00957	0.05189	0.14041	0.01035	0.01255	0.00919	0.00929	0.01261	0.05114	0.01597	0.02175	0.36796	0.02357	0.03506	0.03506	0.00245	0.08958	0.03420	0.06149	0.00590

[dist]
# distance from previous block
# <min> <max>
0	1

[block]
# block no. 1 follows, 41 sequences, length 7
# corresponding to MSA columns:
# 1104-1110
name=unknown_B
#
# <colnr> <probs for GDERKNQSTAVLIFYWHMCP>
#	G	D	E	R	K	N	Q	S	T	A	V	L	I	F	Y	W	H	M	C	P
0	0.01529	0.01453	0.06517	0.01691	0.02183	0.01356	0.31362	0.12523	0.16225	0.07602	0.01564	0.01835	0.01193	0.00634	0.00614	0.00184	0.00716	0.03735	0.00429	0.06655
1	0.01735	0.02136	0.45617	0.01377	0.02055	0.01126	0.01586	0.02216	0.01386	0.32842	0.01536	0.01514	0.01011	0.00612	0.00557	0.00179	0.00697	0.00486	0.00435	0.00898
2	0.00694	0.00511	0.00650	0.00762	0.00820	0.00468	0.00515	0.00800	0.01129	0.01474	0.03578	0.67616	0.15417	0.01737	0.00721	0.00226	0.00325	0.01559	0.00531	0.00468
3	0.01060	0.00879	0.01048	0.00840	0.01223	0.00693	0.00665	0.01294	0.01220	0.01813	0.05911	0.10263	0.05867	0.00777	0.00519	0.00129	0.00408	0.07550	0.00404	0.57436
4	0.20860	0.01290	0.01348	0.01042	0.01488	0.01330	0.00855	0.33454	0.01826	0.08192	0.01211	0.01263	0.00890	0.00584	0.00483	0.00151	0.00522	0.00426	0.00471	0.22314
5	0.01350	0.01543	0.03375	0.02411	0.02989	0.01446	0.74253	0.01832	0.01350	0.01832	0.01157	0.01543	0.00868	0.00482	0.00675	0.00193	0.00964	0.00675	0.00289	0.00771
6	0.02566	0.00973	0.01327	0.01018	0.01460	0.00841	0.00841	0.02788	0.01637	0.76726	0.02257	0.01947	0.01416	0.00708	0.00575	0.00177	0.00487	0.00575	0.00708	0.00973

[dist]
# distance from previous block
# <min> <max>
0	1

[block]
# block no. 2 follows, 41 sequences, length 18
# corresponding to MSA columns:
# 1112-1129
name=unknown_C
#
# <colnr> <probs for GDERKNQSTAVLIFYWHMCP>
#	G	D	E	R	K	N	Q	S	T	A	V	L	I	F	Y	W	H	M	C	P
0	0.00802	0.00585	0.00711	0.00690	0.00842	0.00522	0.00513	0.01015	0.01469	0.03930	0.44759	0.11869	0.27580	0.01306	0.00678	0.00189	0.00288	0.01134	0.00591	0.00526
1	0.00818	0.00610	0.00904	0.00904	0.01000	0.00707	0.00696	0.01011	0.00915	0.01316	0.01546	0.02326	0.01464	0.08285	0.73683	0.00900	0.01480	0.00624	0.00309	0.00502
2	0.01101	0.00997	0.01648	0.53092	0.16126	0.01163	0.01443	0.01441	0.01170	0.01574	0.01285	0.09075	0.01122	0.00685	0.00576	0.00187	0.00676	0.00618	0.05360	0.00660
3	0.01167	0.00995	0.01159	0.00859	0.01329	0.00775	0.00679	0.01476	0.04659	0.01864	0.01209	0.06030	0.01069	0.00524	0.00450	0.00099	0.00419	0.00432	0.00362	0.74442
4	0.01087	0.00633	0.00772	0.00710	0.00901	0.00574	0.00547	0.01323	0.01476	0.12989	0.35986	0.03864	0.18620	0.01081	0.00615	0.00176	0.00311	0.02675	0.15068	0.00590
5	0.01080	0.01017	0.01716	0.78523	0.03940	0.01271	0.01589	0.01461	0.01144	0.01461	0.01017	0.01525	0.00762	0.00572	0.00572	0.00191	0.00762	0.00508	0.00254	0.00635
6	0.01330	0.01680	0.10478	0.02335	0.02940	0.01435	0.67287	0.01830	0.01336	0.01830	0.01145	0.01511	0.00854	0.00488	0.00662	0.00192	0.00953	0.00651	0.00285	0.00779
7	0.01088	0.01028	0.01673	0.63688	0.03441	0.01305	0.01491	0.01419	0.01102	0.01449	0.01074	0.05011	0.00897	0.00690	0.00771	0.00201	0.12222	0.00558	0.00266	0.00626
8	0.00745	0.00577	0.00679	0.00665	0.00818	0.00510	0.00494	0.00950	0.01450	0.01919	0.41184	0.09717	0.35575	0.01330	0.00679	0.00189	0.00282	0.01147	0.00581	0.00510
9	0.00817	0.00613	0.00919	0.00919	0.01021	0.00715	0.00715	0.01021	0.00919	0.01328	0.01532	0.02247	0.01430	0.04290	0.77631	0.00919	0.01532	0.00613	0.00306	0.00511
10	0.24367	0.01287	0.01343	0.01075	0.01469	0.01401	0.00878	0.36792	0.03682	0.14678	0.01354	0.01385	0.00967	0.00735	0.00622	0.05609	0.00543	0.00471	0.00513	0.00828
11	0.00715	0.00530	0.00667	0.00741	0.00824	0.00483	0.00514	0.00856	0.01236	0.01637	0.17709	0.51059	0.17722	0.01607	0.00709	0.00215	0.00312	0.01433	0.00550	0.00483
12	0.00711	0.00511	0.00678	0.00805	0.00851	0.00478	0.00553	0.00823	0.01117	0.01480	0.03240	0.72063	0.06377	0.01766	0.00732	0.00233	0.00343	0.06240	0.00531	0.00469
13	0.00697	0.00498	0.00664	0.00796	0.00830	0.00465	0.00531	0.00796	0.01095	0.01460	0.03153	0.79525	0.03783	0.01792	0.00730	0.00232	0.00332	0.01626	0.00531	0.00465
14	0.37590	0.01456	0.19201	0.02934	0.01515	0.01104	0.01005	0.01584	0.01095	0.03760	0.01224	0.11156	0.01105	0.00685	0.00468	0.00172	0.00531	0.00521	0.00353	0.12541
15	0.08598	0.25212	0.04562	0.01089	0.01481	0.06170	0.00954	0.13702	0.08629	0.11754	0.01471	0.08978	0.01249	0.00732	0.00544	0.00167	0.02945	0.00551	0.00431	0.00781
16	0.41593	0.02641	0.08294	0.02936	0.03505	0.03046	0.00814	0.03014	0.01142	0.06817	0.01162	0.01333	0.00889	0.00619	0.00473	0.02704	0.00486	0.00405	0.17474	0.00652
17	0.06648	0.01469	0.09717	0.16633	0.21645	0.03663	0.13118	0.01662	0.01206	0.01762	0.01011	0.01354	0.00810	0.00564	0.00681	0.00178	0.08365	0.00492	0.00282	0.08739

[dist]
# distance from previous block
# <min> <max>
0	12

[block]
# block no. 3 follows, 41 sequences, length 22
# corresponding to MSA columns:
# 1143-1164
name=unknown_D
#
# <colnr> <probs for GDERKNQSTAVLIFYWHMCP>
#	G	D	E	R	K	N	Q	S	T	A	V	L	I	F	Y	W	H	M	C	P
0	0.00784	0.00584	0.00729	0.00693	0.00839	0.00529	0.00519	0.01030	0.01558	0.02149	0.62475	0.04510	0.19041	0.01223	0.00675	0.00182	0.00274	0.01068	0.00611	0.00529
1	0.01364	0.01316	0.02271	0.14413	0.63133	0.01349	0.04338	0.01715	0.01281	0.01808	0.01070	0.01436	0.00884	0.00518	0.00571	0.00174	0.00702	0.00515	0.00279	0.00862
2	0.01147	0.02959	0.76934	0.01630	0.02476	0.01328	0.02113	0.01811	0.01208	0.01811	0.01026	0.01208	0.00725	0.00543	0.00543	0.00181	0.00845	0.00423	0.00242	0.00845
3	0.00994	0.00497	0.00745	0.00745	0.00745	0.00497	0.00497	0.00745	0.00745	0.00994	0.00994	0.01739	0.00994	0.01987	0.02235	0.83358	0.00497	0.00497	0.00248	0.00248
4	0.00831	0.00559	0.00645	0.00645	0.00652	0.00566	0.00373	0.00845	0.00838	0.01125	0.01783	0.03638	0.02034	0.74564	0.08183	0.00580	0.00624	0.00816	0.00344	0.00358
5	0.00810	0.00585	0.00765	0.00720	0.00855	0.00540	0.00540	0.01079	0.01619	0.02294	0.76028	0.04273	0.05397	0.01169	0.00675	0.00180	0.00270	0.01034	0.00630	0.00540
6	0.00850	0.00646	0.00923	0.00906	0.00982	0.00758	0.00685	0.01011	0.00900	0.01291	0.01527	0.02451	0.01501	0.17847	0.58762	0.00806	0.06708	0.00645	0.00310	0.00489
7	0.05360	0.01073	0.01227	0.00927	0.01365	0.00960	0.00744	0.14829	0.01502	0.13678	0.01343	0.01495	0.01037	0.04276	0.00586	0.00144	0.00469	0.00439	0.04743	0.43803
8	0.78200	0.01100	0.00901	0.06138	0.01302	0.01282	0.00687	0.01666	0.00985	0.02490	0.00812	0.00970	0.00629	0.00534	0.00369	0.00178	0.00465	0.00323	0.00347	0.00621
9	0.02137	0.02726	0.01621	0.01474	0.01768	0.77602	0.01105	0.02284	0.01621	0.01400	0.00884	0.01031	0.00737	0.00589	0.00516	0.00147	0.01031	0.00368	0.00295	0.00663
10	0.01323	0.01070	0.01360	0.06445	0.01643	0.00905	0.04244	0.04179	0.05128	0.06795	0.01185	0.01332	0.00930	0.00483	0.00469	0.00112	0.00486	0.00404	0.00375	0.61130
11	0.00697	0.00498	0.00664	0.00796	0.00830	0.00465	0.00531	0.00796	0.01095	0.01460	0.03153	0.79525	0.03783	0.01792	0.00730	0.00232	0.00332	0.01626	0.00531	0.00465
12	0.01232	0.01262	0.05866	0.29428	0.37041	0.01268	0.03602	0.01636	0.03889	0.01712	0.01246	0.06983	0.01078	0.00633	0.00582	0.00184	0.00692	0.00593	0.00299	0.00773
13	0.01262	0.03824	0.19397	0.01767	0.02133	0.01585	0.21536	0.01610	0.01090	0.01600	0.00927	0.01313	0.00777	0.00740	0.01202	0.00215	0.37518	0.00526	0.00259	0.00719
14	0.01275	0.01014	0.01195	0.00858	0.01362	0.00768	0.00688	0.01527	0.01215	0.06675	0.01096	0.01235	0.00884	0.00442	0.00433	0.00091	0.00428	0.00354	0.00363	0.78098
15	0.01449	0.60760	0.17285	0.01116	0.01665	0.02034	0.01195	0.01807	0.05344	0.01495	0.00926	0.01042	0.00789	0.00516	0.00413	0.00138	0.00648	0.00348	0.00263	0.00765
16	0.00773	0.00590	0.00766	0.05184	0.01057	0.00582	0.00622	0.00998	0.05899	0.01541	0.03254	0.58942	0.11137	0.01612	0.00709	0.00225	0.00368	0.04714	0.00518	0.00507
17	0.00793	0.00584	0.00742	0.00703	0.00845	0.00533	0.00527	0.01048	0.01581	0.02203	0.67511	0.04422	0.13971	0.01203	0.00675	0.00182	0.00272	0.01055	0.00618	0.00533
18	0.01208	0.01209	0.02106	0.35573	0.02961	0.01376	0.20803	0.01633	0.05329	0.01624	0.01082	0.01495	0.00849	0.00624	0.00815	0.00195	0.14211	0.00548	0.00287	0.06072
19	0.01373	0.01011	0.01205	0.00870	0.01370	0.00773	0.00700	0.01623	0.01247	0.12018	0.01185	0.01289	0.00924	0.00462	0.00444	0.00097	0.00432	0.00371	0.00389	0.72215
20	0.00814	0.00756	0.05789	0.01049	0.07277	0.00616	0.00734	0.01015	0.01261	0.01730	0.21188	0.45567	0.07153	0.01431	0.00688	0.00209	0.00377	0.01286	0.00516	0.00546
21	0.01338	0.01336	0.02390	0.01713	0.02255	0.01194	0.40004	0.06400	0.01372	0.01960	0.01115	0.01389	0.00866	0.00472	0.00568	0.00148	0.00726	0.00530	0.00328	0.33898

[dist]
# distance from previous block
# <min> <max>
2	7

[block]
# block no. 4 follows, 41 sequences, length 7
# corresponding to MSA columns:
# 1172-1178
name=unknown_E
#
# <colnr> <probs for GDERKNQSTAVLIFYWHMCP>
#	G	D	E	R	K	N	Q	S	T	A	V	L	I	F	Y	W	H	M	C	P
0	0.46272	0.01437	0.07605	0.01468	0.12554	0.01356	0.01052	0.01837	0.01281	0.02521	0.01369	0.01731	0.01151	0.01089	0.07128	0.00298	0.00707	0.00513	0.07790	0.00841
1	0.61828	0.11954	0.04788	0.00888	0.01253	0.01458	0.00792	0.01666	0.01002	0.02264	0.00803	0.00968	0.00651	0.00566	0.00494	0.00176	0.07147	0.00331	0.00325	0.00646
2	0.01455	0.01351	0.07909	0.01354	0.01799	0.01237	0.13711	0.02407	0.35390	0.09840	0.01837	0.01931	0.01390	0.00672	0.00577	0.00177	0.00576	0.02838	0.00478	0.13072
3	0.01114	0.00940	0.01109	0.00840	0.01278	0.00718	0.00656	0.01345	0.01173	0.01804	0.01333	0.12772	0.01281	0.00626	0.00469	0.00107	0.00410	0.00529	0.00367	0.71130
4	0.05767	0.15307	0.01888	0.01250	0.01690	0.10385	0.01049	0.50416	0.02227	0.02918	0.01192	0.01236	0.00889	0.00634	0.00520	0.00161	0.00663	0.00453	0.00474	0.00881
5	0.00695	0.00506	0.00655	0.00774	0.00824	0.00466	0.00521	0.00799	0.01117	0.01469	0.03426	0.71865	0.11266	0.01756	0.00724	0.00228	0.00327	0.01583	0.00531	0.00466
6	0.01311	0.15180	0.10724	0.28257	0.25706	0.03864	0.03846	0.01673	0.01225	0.01617	0.00998	0.01335	0.00800	0.00533	0.00533	0.00170	0.00735	0.00465	0.00262	0.00765

[dist]
# distance from previous block
# <min> <max>
0	1

[block]
# block no. 5 follows, 41 sequences, length 26
# corresponding to MSA columns:
# 1180-1205
name=unknown_F
#
# <colnr> <probs for GDERKNQSTAVLIFYWHMCP>
#	G	D	E	R	K	N	Q	S	T	A	V	L	I	F	Y	W	H	M	C	P
0	0.00705	0.00504	0.00671	0.00791	0.00832	0.00470	0.00532	0.00818	0.01135	0.01523	0.08655	0.73843	0.03905	0.01745	0.00726	0.00228	0.00327	0.01581	0.00538	0.00470
1	0.00994	0.00497	0.00745	0.00745	0.00745	0.00497	0.00497	0.00745	0.00745	0.00994	0.00994	0.01739	0.00994	0.01987	0.02235	0.83358	0.00497	0.00497	0.00248	0.00248
2	0.00761	0.00532	0.00678	0.00769	0.00802	0.00512	0.00514	0.00847	0.01036	0.01377	0.02723	0.48696	0.03207	0.25886	0.01410	0.00335	0.00420	0.08586	0.00474	0.00434
3	0.10337	0.01673	0.01519	0.01389	0.07230	0.22370	0.01022	0.22672	0.05651	0.15583	0.01427	0.04161	0.01086	0.00679	0.00541	0.00170	0.00680	0.00511	0.00475	0.00825
4	0.01443	0.01682	0.09338	0.09195	0.05304	0.09181	0.32681	0.05973	0.13662	0.01931	0.01297	0.01535	0.00981	0.00580	0.00640	0.00186	0.02675	0.00581	0.00345	0.00789
5	0.22075	0.12774	0.36469	0.01275	0.01890	0.01511	0.01430	0.12761	0.01367	0.02209	0.00990	0.01124	0.00737	0.00555	0.00476	0.00171	0.00680	0.00393	0.00320	0.00793
6	0.01255	0.00979	0.01162	0.00856	0.01328	0.00748	0.00680	0.01497	0.01213	0.07352	0.01251	0.06472	0.01085	0.00536	0.00455	0.00101	0.00422	0.00442	0.00379	0.71786
7	0.25249	0.18313	0.31553	0.01176	0.01763	0.01458	0.01311	0.01857	0.01176	0.09898	0.01043	0.01146	0.00770	0.00546	0.00455	0.00167	0.00642	0.00382	0.00324	0.00771
8	0.00989	0.00650	0.00793	0.00749	0.00935	0.00593	0.00571	0.01260	0.04628	0.10358	0.35431	0.10382	0.25453	0.01247	0.00668	0.00191	0.00322	0.03602	0.00596	0.00581
9	0.01444	0.01600	0.08791	0.04944	0.11055	0.01435	0.43252	0.12392	0.01513	0.02082	0.01157	0.01458	0.00871	0.00520	0.00621	0.00181	0.00839	0.00590	0.00327	0.04927
10	0.04100	0.05136	0.01473	0.01311	0.10305	0.01137	0.00941	0.11669	0.10897	0.32390	0.09470	0.02000	0.01695	0.00720	0.00561	0.00173	0.00498	0.00593	0.04061	0.00872
11	0.01036	0.01183	0.09388	0.26250	0.02506	0.01049	0.17604	0.01381	0.01200	0.01607	0.01890	0.19326	0.07154	0.00882	0.00628	0.00194	0.00666	0.00833	0.00348	0.04874
12	0.01080	0.00996	0.01666	0.75230	0.03801	0.01240	0.01538	0.01456	0.01146	0.01490	0.01053	0.01551	0.00792	0.00576	0.00565	0.00188	0.00742	0.00509	0.03751	0.00631
13	0.00810	0.00593	0.00761	0.00816	0.00884	0.00608	0.00567	0.01036	0.06641	0.01480	0.05645	0.39690	0.02923	0.17444	0.15187	0.00417	0.00606	0.02944	0.00462	0.00488
14	0.01589	0.35193	0.05309	0.01109	0.01500	0.01687	0.01018	0.12561	0.04405	0.09718	0.01290	0.01593	0.01081	0.01038	0.08437	0.00239	0.07070	0.04021	0.00377	0.00765
15	0.01726	0.01111	0.01293	0.01100	0.01432	0.01200	0.00876	0.06237	0.39107	0.24237	0.07833	0.02227	0.03368	0.00807	0.00655	0.00190	0.04468	0.00653	0.00604	0.00878
16	0.00760	0.00531	0.00675	0.00744	0.00771	0.00524	0.00480	0.00833	0.00978	0.01314	0.02477	0.42991	0.02899	0.31601	0.09375	0.00424	0.00538	0.01222	0.00438	0.00425
17	0.00711	0.00504	0.00660	0.00779	0.00809	0.00474	0.00512	0.00800	0.01068	0.01424	0.03015	0.71819	0.03610	0.09734	0.00952	0.00265	0.00354	0.01545	0.00512	0.00453
18	0.09304	0.07070	0.01456	0.01042	0.01471	0.01155	0.00868	0.11342	0.08660	0.48742	0.01921	0.01730	0.01274	0.00680	0.00541	0.00174	0.00506	0.00532	0.00614	0.00918
19	0.00999	0.00577	0.00590	0.00576	0.00731	0.00558	0.00435	0.03302	0.01288	0.02056	0.06735	0.02959	0.17857	0.00864	0.00480	0.00150	0.00282	0.00706	0.58321	0.00535
20	0.00825	0.00552	0.00626	0.00632	0.00634	0.00550	0.00355	0.00830	0.00844	0.01126	0.01867	0.07386	0.02161	0.76143	0.02806	0.00539	0.00544	0.00870	0.00355	0.00352
21	0.07934	0.35109	0.02407	0.01347	0.01751	0.23923	0.11636	0.01872	0.01290	0.01527	0.00871	0.01064	0.00747	0.00554	0.00553	0.00152	0.05897	0.00391	0.00274	0.00703
22	0.00771	0.00516	0.00633	0.00720	0.00793	0.00483	0.00496	0.00915	0.01157	0.01632	0.05947	0.53976	0.10744	0.01513	0.00658	0.00207	0.00312	0.01347	0.16697	0.00483
23	0.01599	0.01608	0.12810	0.01492	0.01984	0.01414	0.16113	0.33942	0.01866	0.02561	0.01360	0.05683	0.01093	0.00936	0.06404	0.00230	0.00766	0.00589	0.00426	0.07124
24	0.01712	0.08331	0.20921	0.01352	0.01848	0.09335	0.01310	0.31089	0.06539	0.02480	0.01236	0.01333	0.00924	0.00646	0.00607	0.00172	0.04949	0.00468	0.03900	0.00848
25	0.01435	0.01019	0.03237	0.00980	0.01219	0.01023	0.00771	0.25858	0.01628	0.08138	0.05037	0.05776	0.01887	0.26261	0.05532	0.00345	0.00609	0.06995	0.01586	0.00661

[dist]
# distance from previous block
# <min> <max>
0	3

[block]
# block no. 6 follows, 41 sequences, length 7
# corresponding to MSA columns:
# 1209-1215
name=unknown_G
#
# <colnr> <probs for GDERKNQSTAVLIFYWHMCP>
#	G	D	E	R	K	N	Q	S	T	A	V	L	I	F	Y	W	H	M	C	P
0	0.01585	0.01219	0.01632	0.24562	0.05534	0.01359	0.04019	0.25529	0.10535	0.08024	0.01594	0.07054	0.01286	0.00750	0.00594	0.00188	0.00629	0.02641	0.00461	0.00805
1	0.01242	0.21117	0.51432	0.01393	0.02119	0.01491	0.01693	0.01749	0.01195	0.01706	0.00971	0.01136	0.00740	0.00518	0.00489	0.00157	0.00746	0.00386	0.00252	0.09467
2	0.01063	0.13905	0.41597	0.01268	0.01802	0.01197	0.01441	0.01475	0.01165	0.01630	0.01664	0.25931	0.01693	0.00930	0.00576	0.00188	0.00648	0.00786	0.00334	0.00708
3	0.00809	0.00639	0.00880	0.00922	0.00967	0.00710	0.00673	0.00939	0.01062	0.01473	0.06619	0.50696	0.03024	0.02034	0.13232	0.00342	0.12766	0.01255	0.00457	0.00501
4	0.27490	0.01315	0.02130	0.06191	0.11013	0.01357	0.30200	0.06681	0.01295	0.02154	0.01122	0.04498	0.00914	0.00573	0.00550	0.00185	0.00705	0.00558	0.00336	0.00733
5	0.01833	0.07269	0.07227	0.01024	0.01414	0.01034	0.00901	0.04034	0.11251	0.36387	0.07893	0.02043	0.01667	0.01001	0.06581	0.00230	0.00573	0.00587	0.06216	0.00834
6	0.00741	0.00559	0.00670	0.00687	0.00804	0.00504	0.00489	0.00907	0.01326	0.01754	0.29651	0.23579	0.27089	0.07573	0.00864	0.00227	0.00314	0.01222	0.00551	0.00488

[dist]
# distance from previous block
# <min> <max>
0	1

[block]
# block no. 7 follows, 41 sequences, length 49
# corresponding to MSA columns:
# 1217-1265
name=unknown_H
#
# <colnr> <probs for GDERKNQSTAVLIFYWHMCP>
#	G	D	E	R	K	N	Q	S	T	A	V	L	I	F	Y	W	H	M	C	P
0	0.09341	0.19250	0.53710	0.01406	0.02127	0.01524	0.01725	0.01778	0.01176	0.01787	0.00956	0.01120	0.00717	0.00531	0.00488	0.00168	0.00756	0.00387	0.00254	0.00800
1	0.07969	0.17731	0.01807	0.03675	0.01656	0.12048	0.00984	0.25585	0.01787	0.14544	0.01256	0.01288	0.00924	0.00605	0.00498	0.00155	0.00636	0.00436	0.00448	0.05966
2	0.01509	0.01089	0.01260	0.02337	0.01434	0.00988	0.00781	0.19051	0.01583	0.09177	0.01416	0.06705	0.01168	0.00625	0.00496	0.00129	0.00469	0.00506	0.05582	0.43696
3	0.00796	0.00586	0.00733	0.04515	0.00949	0.00583	0.00540	0.00964	0.04678	0.01446	0.06186	0.40763	0.08031	0.24965	0.01361	0.00320	0.00420	0.01231	0.00470	0.00464
4	0.01456	0.01093	0.05355	0.09816	0.08624	0.00971	0.15448	0.01747	0.01338	0.21853	0.02213	0.17979	0.07728	0.00907	0.00633	0.00194	0.00598	0.00842	0.00465	0.00741
5	0.10275	0.00987	0.01282	0.00993	0.01427	0.00883	0.00820	0.02683	0.01575	0.69692	0.02119	0.01852	0.01341	0.00692	0.00555	0.00177	0.00483	0.00550	0.00675	0.00940
6	0.01114	0.00638	0.00835	0.00819	0.00964	0.00591	0.00593	0.01323	0.03532	0.16022	0.22976	0.37165	0.03616	0.06056	0.00812	0.00226	0.00361	0.01186	0.00583	0.00589
7	0.00959	0.00530	0.00564	0.00592	0.00709	0.00515	0.00430	0.01181	0.01187	0.01947	0.02451	0.18320	0.08022	0.00962	0.00491	0.00159	0.00282	0.00813	0.59369	0.00515
8	0.01121	0.00586	0.00592	0.00572	0.00721	0.00594	0.00434	0.04900	0.01273	0.02205	0.01843	0.02097	0.01443	0.00668	0.00409	0.00135	0.00285	0.00533	0.79037	0.00555
9	0.00698	0.00498	0.00664	0.00797	0.00830	0.00465	0.00531	0.00797	0.01096	0.01461	0.03153	0.79515	0.03784	0.01792	0.00730	0.00232	0.00332	0.01626	0.00531	0.00465
10	0.00730	0.00523	0.00693	0.00775	0.00837	0.00487	0.00534	0.00878	0.01246	0.01700	0.24072	0.57914	0.04247	0.01614	0.00715	0.00217	0.00314	0.01456	0.00560	0.00487
11	0.01058	0.00861	0.00913	0.00849	0.01096	0.00886	0.00650	0.03903	0.29195	0.03946	0.06434	0.07570	0.38075	0.01161	0.00638	0.00194	0.00368	0.00974	0.00560	0.00671
12	0.00846	0.00654	0.00973	0.00957	0.01053	0.00782	0.00750	0.01045	0.00917	0.01332	0.01483	0.02184	0.01387	0.04079	0.72767	0.00876	0.06487	0.00606	0.00303	0.00519
13	0.00693	0.00518	0.00644	0.00745	0.00817	0.00469	0.00508	0.00803	0.01145	0.01481	0.03781	0.61918	0.20975	0.01711	0.00718	0.00223	0.00322	0.01527	0.00531	0.00469
14	0.01140	0.00701	0.00850	0.00797	0.00935	0.00692	0.00564	0.01436	0.09860	0.12417	0.17353	0.09461	0.02818	0.33316	0.01574	0.00342	0.00456	0.04220	0.00507	0.00560
15	0.04795	0.00583	0.00723	0.00751	0.00866	0.00550	0.00549	0.00990	0.01359	0.01915	0.36516	0.30838	0.11322	0.01404	0.00684	0.00204	0.00314	0.04558	0.00567	0.00511
16	0.01337	0.01640	0.08387	0.02358	0.02955	0.01439	0.69328	0.01831	0.01341	0.01832	0.01149	0.01521	0.00859	0.00487	0.00666	0.00192	0.00956	0.00658	0.00286	0.00777
17	0.00877	0.00656	0.00814	0.00764	0.00920	0.00623	0.00574	0.01240	0.07612	0.02271	0.64967	0.04205	0.09922	0.01171	0.00677	0.00186	0.00295	0.01020	0.00626	0.00579
18	0.03896	0.41036	0.06290	0.07733	0.07040	0.01797	0.12575	0.05087	0.01311	0.01714	0.05628	0.01379	0.01090	0.00569	0.00494	0.00157	0.00678	0.00464	0.00306	0.00757
19	0.01695	0.01380	0.01729	0.01395	0.01799	0.01505	0.11635	0.22218	0.40996	0.06265	0.01915	0.01863	0.01413	0.00721	0.00603	0.00191	0.00585	0.00619	0.00550	0.00919
20	0.00737	0.00525	0.00687	0.00801	0.00841	0.00489	0.00534	0.00835	0.01131	0.01519	0.07632	0.70896	0.03813	0.05553	0.00842	0.00249	0.00348	0.01554	0.00536	0.00477
21	0.03596	0.01151	0.01208	0.00986	0.01304	0.01246	0.00793	0.41412	0.02026	0.02970	0.01593	0.01720	0.01198	0.00691	0.00504	0.00160	0.00479	0.00526	0.35648	0.00789
22	0.00851	0.00786	0.04755	0.01046	0.01194	0.00675	0.08533	0.01086	0.04764	0.01586	0.02811	0.63269	0.03233	0.01552	0.00718	0.00228	0.00440	0.01421	0.00501	0.00551
23	0.01189	0.02869	0.72014	0.01761	0.07078	0.01343	0.02096	0.01824	0.01229	0.01837	0.01054	0.01255	0.00760	0.00558	0.00555	0.00185	0.00842	0.00436	0.00253	0.00861
24	0.01553	0.79945	0.03007	0.00995	0.01485	0.02272	0.00988	0.01729	0.01178	0.01370	0.00821	0.00953	0.00758	0.00506	0.00378	0.00127	0.00620	0.00315	0.00253	0.00747
25	0.00761	0.00546	0.00716	0.00788	0.00858	0.00506	0.00545	0.00910	0.01286	0.01762	0.27481	0.54143	0.04334	0.01596	0.00721	0.00219	0.00320	0.01432	0.00572	0.00503
26	0.01458	0.24365	0.11992	0.01430	0.01752	0.11309	0.05331	0.01686	0.01137	0.01477	0.00865	0.01173	0.00771	0.00729	0.01038	0.00193	0.31884	0.00436	0.00264	0.00711
27	0.02567	0.01021	0.01362	0.01048	0.01492	0.00899	0.00863	0.06193	0.01701	0.72986	0.02235	0.01951	0.01416	0.00723	0.00586	0.00181	0.00502	0.00580	0.00708	0.00985
28	0.00847	0.00592	0.00750	0.00754	0.00795	0.00623	0.00498	0.00917	0.00891	0.01227	0.01787	0.06513	0.01941	0.49368	0.29357	0.00673	0.00900	0.00795	0.00349	0.00424
29	0.00739	0.00574	0.00668	0.00714	0.00843	0.00508	0.00517	0.00883	0.01287	0.01642	0.13695	0.31258	0.38007	0.01552	0.00710	0.00213	0.00323	0.04814	0.00551	0.00499
30	0.02473	0.01171	0.01455	0.01120	0.01567	0.01123	0.00922	0.23362	0.01953	0.55462	0.02023	0.01814	0.01310	0.00718	0.00585	0.00180	0.00536	0.00566	0.00676	0.00985
31	0.01344	0.01509	0.03257	0.02346	0.02900	0.01413	0.70531	0.01799	0.01353	0.01837	0.01275	0.05214	0.01027	0.00560	0.00688	0.00199	0.00941	0.00727	0.00309	0.00769
32	0.02146	0.00936	0.01212	0.00973	0.01355	0.00837	0.00786	0.02464	0.07373	0.56355	0.08290	0.02578	0.10338	0.00849	0.00605	0.00185	0.00453	0.00696	0.00679	0.00890
33	0.00758	0.00543	0.00713	0.00791	0.00857	0.00503	0.00545	0.00902	0.01270	0.01736	0.25233	0.56464	0.04284	0.01615	0.00723	0.00221	0.00322	0.01450	0.00569	0.00501
34	0.01091	0.00552	0.00553	0.00552	0.00687	0.00549	0.00412	0.01350	0.01215	0.02153	0.01888	0.02163	0.01487	0.00683	0.00411	0.00138	0.00276	0.00541	0.82753	0.00546
35	0.00739	0.00535	0.00692	0.00788	0.00849	0.00493	0.00537	0.00859	0.01201	0.01611	0.13954	0.63254	0.08957	0.01690	0.00728	0.00226	0.00329	0.01515	0.00553	0.00490
36	0.01228	0.01350	0.07507	0.29761	0.03007	0.01263	0.30987	0.01643	0.01255	0.01741	0.01157	0.01555	0.00882	0.00543	0.00597	0.00182	0.00794	0.00565	0.05926	0.08055
37	0.58131	0.00999	0.00885	0.00819	0.01079	0.01142	0.00641	0.01506	0.01003	0.03743	0.01264	0.12358	0.01235	0.07224	0.00729	0.00225	0.05470	0.00565	0.00387	0.00596
38	0.01418	0.01353	0.02295	0.08324	0.71411	0.01366	0.01751	0.01752	0.01307	0.01865	0.01097	0.01456	0.00920	0.00530	0.00577	0.00176	0.00693	0.00517	0.00290	0.00900
39	0.02086	0.01554	0.01672	0.01284	0.01744	0.01682	0.01054	0.65764	0.04063	0.03430	0.01383	0.01405	0.01000	0.00680	0.00569	0.00168	0.00614	0.00509	0.00558	0.08781
40	0.01699	0.01069	0.01268	0.01063	0.01386	0.01106	0.00835	0.05785	0.26913	0.24388	0.05603	0.03541	0.01723	0.07230	0.00855	0.00215	0.05498	0.00639	0.00565	0.08617
41	0.10562	0.01154	0.01502	0.07491	0.01755	0.04520	0.09068	0.11851	0.01604	0.25317	0.09697	0.06852	0.01789	0.00809	0.00598	0.00189	0.00579	0.03343	0.00530	0.00789
42	0.01310	0.05573	0.28495	0.02066	0.02717	0.01463	0.44050	0.01823	0.01295	0.01813	0.01110	0.01425	0.00833	0.00534	0.00658	0.00192	0.02986	0.00575	0.00279	0.00804
43	0.00783	0.00577	0.00734	0.00844	0.00903	0.00558	0.00573	0.00999	0.07155	0.01560	0.03102	0.72945	0.03629	0.01721	0.00728	0.00234	0.00351	0.01550	0.00543	0.00514
44	0.01669	0.01132	0.01822	0.05310	0.06518	0.01092	0.18380	0.10370	0.01634	0.22979	0.15122	0.02491	0.03062	0.00793	0.00640	0.00191	0.00612	0.04857	0.00524	0.00805
45	0.06903	0.25705	0.02252	0.01376	0.01759	0.15537	0.14024	0.06376	0.04812	0.01787	0.01074	0.01280	0.00886	0.00611	0.00625	0.00167	0.08019	0.00454	0.05621	0.00733
46	0.00718	0.00541	0.00658	0.00751	0.00833	0.00486	0.00514	0.00823	0.01171	0.01508	0.03934	0.57823	0.24726	0.01704	0.00724	0.00225	0.00329	0.01508	0.00539	0.00483
47	0.01343	0.01623	0.10186	0.08719	0.14582	0.01419	0.49666	0.01803	0.01327	0.01828	0.01145	0.01522	0.00875	0.00517	0.00647	0.00192	0.00898	0.00618	0.00289	0.00801
48	0.07654	0.00707	0.00869	0.05695	0.01174	0.00673	0.00663	0.01053	0.01167	0.01695	0.03771	0.58646	0.03131	0.01521	0.00699	0.00228	0.00411	0.01332	0.00513	0.08398

[dist]
# distance from previous block
# <min> <max>
0	187

# created by:
# /software/SequenceAnalysis/GenePrediction/augustus/3.0.1/scripts/msa2prfl.pl ./fixed/BUSCOvEOG7KPVQ8.fas
