[name]
unknown

[dist]
# distance from previous block
# <min> <max>
0	173

[block]
# block no. 0 follows, 40 sequences, length 19
# corresponding to MSA columns:
# 203-221
name=unknown_A
#
# <colnr> <probs for GDERKNQSTAVLIFYWHMCP>
#	G	D	E	R	K	N	Q	S	T	A	V	L	I	F	Y	W	H	M	C	P
0	0.01439	0.01382	0.02360	0.03569	0.75936	0.01382	0.01785	0.01785	0.01324	0.01900	0.01094	0.01439	0.00921	0.00518	0.00576	0.00173	0.00691	0.00518	0.00288	0.00921
1	0.00687	0.00589	0.00589	0.00589	0.00785	0.00491	0.00442	0.00835	0.01325	0.01571	0.05891	0.05596	0.75700	0.01473	0.00687	0.00196	0.00295	0.01227	0.00540	0.00491
2	0.01124	0.01070	0.01750	0.66622	0.03632	0.01366	0.01563	0.01473	0.01122	0.01473	0.00993	0.01508	0.00773	0.00647	0.00781	0.00203	0.12482	0.00516	0.00258	0.00645
3	0.00709	0.00506	0.00675	0.00810	0.00843	0.00472	0.00540	0.00810	0.01113	0.01484	0.03205	0.79184	0.03846	0.01822	0.00742	0.00236	0.00337	0.01653	0.00540	0.00472
4	0.01331	0.01488	0.03177	0.13855	0.03185	0.01444	0.62948	0.01806	0.01341	0.01806	0.01155	0.01566	0.00866	0.00504	0.00670	0.00196	0.00949	0.00661	0.00289	0.00763
5	0.01013	0.00777	0.01151	0.01447	0.12461	0.00777	0.01065	0.01292	0.01336	0.01764	0.02780	0.05788	0.02981	0.01443	0.00769	0.00253	0.00559	0.61252	0.00498	0.00594
6	0.01373	0.01569	0.03431	0.02451	0.03039	0.01471	0.73824	0.01863	0.01373	0.01863	0.01176	0.01569	0.00882	0.00490	0.00686	0.00196	0.00980	0.00686	0.00294	0.00784
7	0.01570	0.01440	0.01347	0.01220	0.01539	0.12801	0.00950	0.02871	0.57633	0.04788	0.02179	0.02215	0.01688	0.00799	0.00592	0.00193	0.00554	0.04205	0.00549	0.00866
8	0.01351	0.01566	0.05313	0.02289	0.02796	0.01514	0.60808	0.01792	0.01296	0.01792	0.01110	0.01514	0.00860	0.00571	0.00866	0.00205	0.12653	0.00652	0.00287	0.00764
9	0.01253	0.01157	0.06231	0.00962	0.01457	0.00866	0.00829	0.01656	0.07455	0.04482	0.01332	0.01686	0.01122	0.00560	0.00483	0.00118	0.00471	0.05348	0.00385	0.62146
10	0.00825	0.00568	0.00661	0.00663	0.00696	0.00560	0.00404	0.00877	0.00975	0.01305	0.09486	0.07705	0.07418	0.59284	0.05803	0.00502	0.00550	0.00922	0.00401	0.00395
11	0.01120	0.01002	0.01642	0.28539	0.02435	0.01075	0.13637	0.08243	0.01424	0.01891	0.13000	0.14659	0.07017	0.00926	0.00648	0.00198	0.00620	0.00857	0.00417	0.00650
12	0.01417	0.12162	0.30181	0.01318	0.03558	0.01286	0.01352	0.02023	0.13200	0.13002	0.01741	0.13201	0.01484	0.00799	0.00569	0.00185	0.00626	0.00661	0.00419	0.00817
13	0.22351	0.01260	0.08510	0.01071	0.01508	0.01063	0.00939	0.02355	0.04022	0.40491	0.08641	0.02001	0.01641	0.00768	0.00577	0.00199	0.00531	0.00579	0.00601	0.00891
14	0.01949	0.06864	0.13114	0.06757	0.05931	0.43480	0.01368	0.08422	0.03032	0.01820	0.01107	0.01314	0.00894	0.00659	0.00575	0.00179	0.00938	0.00448	0.00349	0.00800
15	0.00979	0.00696	0.00946	0.06096	0.01224	0.00678	0.02064	0.01091	0.01226	0.05486	0.06222	0.58027	0.04833	0.03776	0.00857	0.00253	0.03001	0.01422	0.00546	0.00576
16	0.25870	0.01711	0.01614	0.01428	0.05002	0.18838	0.04592	0.16271	0.01610	0.06485	0.01156	0.01348	0.00912	0.00714	0.00706	0.00199	0.09848	0.00469	0.00424	0.00804
17	0.00964	0.00660	0.00872	0.00987	0.03989	0.00606	0.00653	0.01085	0.01312	0.05626	0.16580	0.57065	0.03955	0.01641	0.00756	0.00238	0.00384	0.01454	0.00588	0.00585
18	0.01625	0.01370	0.02007	0.04202	0.48872	0.06316	0.01484	0.01891	0.01430	0.10854	0.05183	0.04940	0.01437	0.00901	0.04595	0.00233	0.00733	0.00626	0.00403	0.00897

[dist]
# distance from previous block
# <min> <max>
5	21

[block]
# block no. 1 follows, 40 sequences, length 11
# corresponding to MSA columns:
# 254-264
name=unknown_B
#
# <colnr> <probs for GDERKNQSTAVLIFYWHMCP>
#	G	D	E	R	K	N	Q	S	T	A	V	L	I	F	Y	W	H	M	C	P
0	0.01677	0.00832	0.01116	0.01000	0.03575	0.00774	0.00751	0.01878	0.01478	0.36474	0.16987	0.11157	0.09548	0.04783	0.00819	0.00211	0.04720	0.00860	0.00611	0.00749
1	0.00835	0.00620	0.00911	0.00910	0.01005	0.00714	0.00696	0.01024	0.00929	0.01334	0.01584	0.02421	0.01514	0.10920	0.70743	0.00902	0.01471	0.00643	0.00316	0.00506
2	0.01410	0.01425	0.02604	0.23439	0.08849	0.05310	0.37278	0.01812	0.01323	0.05821	0.01163	0.01541	0.00877	0.00560	0.00686	0.00193	0.04046	0.00598	0.00307	0.00758
3	0.83633	0.01127	0.00857	0.00767	0.01127	0.01306	0.00631	0.01711	0.00992	0.02611	0.00813	0.00949	0.00633	0.00542	0.00361	0.00180	0.00451	0.00316	0.00361	0.00631
4	0.01288	0.01083	0.01250	0.00901	0.01414	0.00858	0.00723	0.07189	0.01328	0.02037	0.01065	0.01225	0.00874	0.00454	0.00444	0.00094	0.00448	0.00360	0.00364	0.76600
5	0.01123	0.00666	0.00830	0.00755	0.00964	0.00589	0.00578	0.01342	0.01535	0.16174	0.38428	0.07828	0.24511	0.01212	0.00671	0.00189	0.00326	0.01042	0.00623	0.00614
6	0.01232	0.03846	0.01884	0.01533	0.01619	0.01617	0.09286	0.01398	0.00981	0.01463	0.01091	0.10127	0.01128	0.01034	0.01589	0.00242	0.58344	0.00653	0.00292	0.00639
7	0.01045	0.00540	0.00559	0.00575	0.00699	0.00536	0.00423	0.01295	0.01209	0.02093	0.02048	0.10899	0.01760	0.00809	0.00446	0.00147	0.00280	0.00669	0.73431	0.00536
8	0.00773	0.00608	0.00709	0.00730	0.00885	0.00561	0.00564	0.00944	0.01265	0.01590	0.08902	0.05169	0.43763	0.08302	0.09575	0.00323	0.00503	0.13833	0.00505	0.00496
9	0.04656	0.01076	0.01235	0.03285	0.01427	0.01111	0.00821	0.17066	0.15613	0.23578	0.02477	0.02554	0.11663	0.09758	0.00862	0.00229	0.00506	0.00693	0.00575	0.00814
10	0.08795	0.01293	0.01309	0.01138	0.01485	0.03965	0.00898	0.12868	0.47925	0.06642	0.02016	0.01905	0.01496	0.00738	0.00558	0.00187	0.00497	0.00589	0.04816	0.00881

[dist]
# distance from previous block
# <min> <max>
8	40

[block]
# block no. 2 follows, 40 sequences, length 7
# corresponding to MSA columns:
# 305-311
name=unknown_C
#
# <colnr> <probs for GDERKNQSTAVLIFYWHMCP>
#	G	D	E	R	K	N	Q	S	T	A	V	L	I	F	Y	W	H	M	C	P
0	0.01388	0.01156	0.01375	0.01129	0.06635	0.00988	0.00834	0.13492	0.01467	0.02188	0.01098	0.01254	0.00887	0.00481	0.00466	0.00107	0.00483	0.00386	0.00380	0.63806
1	0.07485	0.21272	0.36428	0.01519	0.08523	0.01563	0.01551	0.05796	0.01290	0.01894	0.00992	0.01161	0.00771	0.00534	0.00489	0.00160	0.00711	0.00399	0.00285	0.07179
2	0.15353	0.09688	0.01542	0.01109	0.01480	0.06670	0.06443	0.06033	0.03591	0.24790	0.01773	0.14118	0.01501	0.00813	0.00550	0.00180	0.00559	0.00670	0.00497	0.02639
3	0.01431	0.01196	0.01303	0.03659	0.07926	0.09145	0.00920	0.10927	0.04348	0.02097	0.01390	0.01641	0.01115	0.00698	0.00725	0.00166	0.13701	0.00503	0.30052	0.07057
4	0.01716	0.01154	0.01370	0.07050	0.01645	0.01243	0.00943	0.21830	0.18040	0.16932	0.14000	0.02337	0.04971	0.00835	0.00648	0.00187	0.02992	0.00678	0.00583	0.00845
5	0.27188	0.03375	0.01469	0.01141	0.01542	0.01366	0.06478	0.23358	0.05786	0.14543	0.01515	0.07182	0.01192	0.00720	0.00529	0.00183	0.00551	0.00567	0.00502	0.00814
6	0.01198	0.01034	0.01247	0.06814	0.01580	0.00815	0.00760	0.01466	0.01203	0.01863	0.01034	0.01232	0.00855	0.00442	0.00442	0.00094	0.00457	0.00358	0.00338	0.76767

[dist]
# distance from previous block
# <min> <max>
9	20

[block]
# block no. 3 follows, 40 sequences, length 7
# corresponding to MSA columns:
# 334-340
name=unknown_D
#
# <colnr> <probs for GDERKNQSTAVLIFYWHMCP>
#	G	D	E	R	K	N	Q	S	T	A	V	L	I	F	Y	W	H	M	C	P
0	0.08578	0.00966	0.01291	0.18427	0.01919	0.00994	0.00964	0.08203	0.01473	0.31372	0.01997	0.17830	0.01684	0.00901	0.00598	0.00194	0.00534	0.00764	0.00536	0.00774
1	0.09811	0.00981	0.01001	0.00924	0.01165	0.01085	0.00690	0.02094	0.39200	0.02033	0.02692	0.02965	0.14302	0.17290	0.01077	0.00272	0.00453	0.00758	0.00509	0.00699
2	0.01206	0.01034	0.01206	0.00861	0.01378	0.00775	0.00689	0.01464	0.01206	0.01895	0.01034	0.01206	0.00861	0.00431	0.00431	0.00086	0.00431	0.00345	0.00345	0.83118
3	0.01135	0.00692	0.00920	0.00915	0.01086	0.00659	0.00727	0.04017	0.01485	0.12394	0.25643	0.20163	0.03766	0.01363	0.00715	0.00219	0.00411	0.22487	0.00597	0.00607
4	0.01414	0.32339	0.02227	0.01174	0.01653	0.01603	0.09724	0.01961	0.16566	0.01795	0.01240	0.01343	0.01009	0.00539	0.00472	0.00138	0.00579	0.00438	0.00352	0.23435
5	0.01329	0.00858	0.01048	0.00895	0.01138	0.00847	0.00702	0.16495	0.01875	0.11581	0.51273	0.03443	0.04059	0.01030	0.00652	0.00181	0.00377	0.00885	0.00638	0.00694
6	0.00992	0.00774	0.00942	0.00906	0.01105	0.00765	0.00701	0.01519	0.16719	0.02070	0.28800	0.16643	0.03613	0.01200	0.00668	0.00198	0.00381	0.12175	0.00566	0.09266

[dist]
# distance from previous block
# <min> <max>
8	71

# created by:
# /software/SequenceAnalysis/GenePrediction/augustus/3.0.1/scripts/msa2prfl.pl ./fixed/BUSCOvEOG71RR8G.fas
