[name]
unknown

[dist]
# distance from previous block
# <min> <max>
0	445

[block]
# block no. 0 follows, 38 sequences, length 16
# corresponding to MSA columns:
# 499-514
name=unknown_A
#
# <colnr> <probs for GDERKNQSTAVLIFYWHMCP>
#	G	D	E	R	K	N	Q	S	T	A	V	L	I	F	Y	W	H	M	C	P
0	0.01426	0.18076	0.53604	0.01528	0.02293	0.04143	0.01856	0.01973	0.01307	0.06909	0.01116	0.01257	0.00815	0.00574	0.00536	0.00177	0.00821	0.00429	0.00291	0.00869
1	0.00926	0.01005	0.11455	0.00980	0.01210	0.00736	0.00853	0.06054	0.01350	0.01787	0.03408	0.41149	0.17348	0.01525	0.00723	0.00227	0.00457	0.07698	0.00518	0.00592
2	0.00902	0.00673	0.00959	0.01173	0.06895	0.00655	0.00836	0.01112	0.01307	0.01743	0.08054	0.36675	0.03637	0.01638	0.00777	0.00249	0.00461	0.31151	0.00543	0.00559
3	0.00850	0.00711	0.01096	0.01026	0.01180	0.00656	0.10828	0.01025	0.01240	0.01621	0.06063	0.42113	0.17526	0.07663	0.00929	0.00256	0.00458	0.03716	0.00511	0.00534
4	0.00970	0.01244	0.15854	0.01318	0.11777	0.00856	0.01047	0.01326	0.03345	0.01892	0.16074	0.03980	0.34478	0.01127	0.00666	0.00196	0.00485	0.02215	0.00480	0.00670
5	0.02072	0.01549	0.01658	0.01308	0.01735	0.01720	0.01060	0.57902	0.12811	0.03419	0.01620	0.01739	0.01223	0.06422	0.00782	0.00213	0.00630	0.00586	0.00586	0.00965
6	0.01280	0.01263	0.01773	0.01531	0.01539	0.01756	0.01272	0.01418	0.00925	0.01444	0.00855	0.01399	0.00846	0.01326	0.07857	0.00319	0.71745	0.00536	0.00268	0.00649
7	0.01396	0.16897	0.03063	0.02076	0.05184	0.01571	0.45812	0.01802	0.01374	0.01809	0.01418	0.02221	0.01249	0.00674	0.00659	0.00198	0.00864	0.10631	0.00330	0.00772
8	0.13208	0.01654	0.01842	0.17240	0.27891	0.19319	0.01416	0.02000	0.06416	0.01905	0.01121	0.01395	0.00899	0.00592	0.00553	0.00180	0.00768	0.00480	0.00327	0.00792
9	0.01804	0.01578	0.12225	0.23944	0.05006	0.03967	0.01407	0.21096	0.01779	0.16905	0.01562	0.01692	0.02971	0.00681	0.00599	0.00189	0.00713	0.00552	0.00460	0.00872
10	0.00853	0.00678	0.00785	0.00827	0.01000	0.00640	0.00649	0.01169	0.07643	0.01762	0.07056	0.16027	0.37861	0.01539	0.00741	0.00227	0.00389	0.19034	0.00566	0.00557
11	0.01122	0.02531	0.57155	0.01594	0.05870	0.01222	0.01853	0.01695	0.01295	0.01853	0.02078	0.02179	0.15490	0.00759	0.00600	0.00192	0.00764	0.00613	0.00317	0.00817
12	0.01536	0.01665	0.08209	0.12896	0.02993	0.01554	0.43385	0.16007	0.01658	0.02240	0.01231	0.01559	0.00908	0.00568	0.00663	0.00197	0.00905	0.00632	0.00354	0.00839
13	0.00780	0.00557	0.00752	0.00891	0.00947	0.00529	0.00640	0.00919	0.01198	0.01588	0.03290	0.64228	0.03876	0.01840	0.00780	0.00251	0.00390	0.15485	0.00558	0.00502
14	0.01368	0.01727	0.13379	0.12000	0.17486	0.01462	0.39850	0.01859	0.01362	0.01883	0.01162	0.01544	0.00885	0.00534	0.00654	0.00196	0.00910	0.00616	0.00291	0.00833
15	0.01199	0.14170	0.49875	0.01462	0.02139	0.01418	0.01749	0.01724	0.01203	0.01730	0.01148	0.01441	0.00911	0.01346	0.15620	0.00335	0.00995	0.00466	0.00268	0.00801

[dist]
# distance from previous block
# <min> <max>
0	1

[block]
# block no. 1 follows, 38 sequences, length 7
# corresponding to MSA columns:
# 516-522
name=unknown_B
#
# <colnr> <probs for GDERKNQSTAVLIFYWHMCP>
#	G	D	E	R	K	N	Q	S	T	A	V	L	I	F	Y	W	H	M	C	P
0	0.00843	0.00646	0.00831	0.00872	0.00908	0.00686	0.00602	0.00935	0.01090	0.01474	0.05343	0.44087	0.07541	0.19918	0.01456	0.00322	0.10168	0.01315	0.00479	0.00485
1	0.01443	0.01286	0.01782	0.54798	0.03453	0.04623	0.01507	0.16895	0.04641	0.02056	0.01201	0.01575	0.00892	0.00637	0.00599	0.00194	0.00770	0.00536	0.00355	0.00757
2	0.01541	0.01606	0.03184	0.02532	0.12059	0.01554	0.54660	0.11130	0.01596	0.02173	0.01236	0.01583	0.00932	0.00539	0.00682	0.00197	0.00931	0.00666	0.00342	0.00857
3	0.01419	0.01684	0.13383	0.15614	0.49211	0.04570	0.01845	0.01827	0.01341	0.01864	0.01105	0.01458	0.00891	0.00556	0.00591	0.00183	0.00771	0.00516	0.00287	0.00885
4	0.00806	0.00600	0.00815	0.05636	0.01144	0.00585	0.00698	0.00972	0.01237	0.01625	0.05884	0.51384	0.09558	0.01709	0.00763	0.00243	0.00411	0.14871	0.00543	0.00517
5	0.01188	0.00788	0.01166	0.04686	0.10800	0.00746	0.03031	0.01375	0.01302	0.13644	0.02957	0.43984	0.09109	0.01394	0.00705	0.00220	0.00459	0.01257	0.00534	0.00655
6	0.02166	0.06577	0.01743	0.01319	0.01733	0.16843	0.01073	0.38936	0.02195	0.12249	0.01437	0.01499	0.01059	0.01021	0.07172	0.00241	0.00810	0.00514	0.00515	0.00899

[dist]
# distance from previous block
# <min> <max>
0	6

[block]
# block no. 2 follows, 38 sequences, length 13
# corresponding to MSA columns:
# 529-541
name=unknown_C
#
# <colnr> <probs for GDERKNQSTAVLIFYWHMCP>
#	G	D	E	R	K	N	Q	S	T	A	V	L	I	F	Y	W	H	M	C	P
0	0.01411	0.01319	0.02222	0.03307	0.64094	0.01319	0.01715	0.01757	0.01372	0.01941	0.01438	0.02279	0.01327	0.00704	0.00631	0.00193	0.00691	0.11050	0.00336	0.00893
1	0.00777	0.00599	0.00718	0.00774	0.00911	0.00540	0.00583	0.00954	0.01355	0.01733	0.13988	0.26360	0.34118	0.01609	0.00746	0.00225	0.00354	0.12567	0.00572	0.00518
2	0.01438	0.02746	0.62271	0.01683	0.04804	0.01322	0.02011	0.02056	0.01341	0.12883	0.01274	0.01393	0.00877	0.00596	0.00577	0.00189	0.00827	0.00471	0.00329	0.00911
3	0.02156	0.00945	0.01195	0.00962	0.01333	0.00866	0.00774	0.05593	0.05023	0.49010	0.02539	0.02430	0.07168	0.04254	0.00694	0.00199	0.00470	0.00662	0.12845	0.00883
4	0.01421	0.08360	0.50307	0.01442	0.02136	0.01301	0.01714	0.01930	0.01288	0.12757	0.01349	0.01674	0.01038	0.09733	0.00853	0.00231	0.00778	0.00509	0.00340	0.00839
5	0.00777	0.00584	0.00808	0.08695	0.01201	0.00579	0.00665	0.00911	0.01156	0.01529	0.03128	0.66493	0.05669	0.03765	0.00809	0.00248	0.00400	0.01555	0.00523	0.00504
6	0.02039	0.01447	0.08455	0.01713	0.12785	0.04512	0.09565	0.05273	0.05927	0.35582	0.02005	0.01955	0.04491	0.00703	0.00615	0.00188	0.00655	0.00614	0.00541	0.00935
7	0.01494	0.01905	0.16637	0.02984	0.46166	0.08152	0.10155	0.01917	0.01386	0.01905	0.01113	0.01426	0.00895	0.00547	0.00600	0.00182	0.00816	0.00525	0.00291	0.00901
8	0.07563	0.06097	0.56588	0.01863	0.10922	0.01443	0.03599	0.01884	0.01264	0.01952	0.01059	0.01268	0.00780	0.00562	0.00554	0.00186	0.00828	0.00447	0.00270	0.00871
9	0.01214	0.01347	0.07840	0.53732	0.08368	0.01380	0.14250	0.01654	0.01257	0.01661	0.01100	0.01574	0.00828	0.00578	0.00618	0.00199	0.00840	0.00559	0.00275	0.00729
10	0.02169	0.01068	0.01254	0.01050	0.01399	0.07556	0.00827	0.02373	0.01609	0.50245	0.06703	0.16905	0.02155	0.00983	0.00637	0.00195	0.00518	0.00828	0.00665	0.00864
11	0.01328	0.01631	0.11368	0.20053	0.09668	0.01474	0.37358	0.01797	0.01318	0.01808	0.01133	0.01547	0.00865	0.00572	0.00733	0.00202	0.05455	0.00611	0.00287	0.00790
12	0.01426	0.01339	0.01957	0.04087	0.01843	0.01694	0.09611	0.12156	0.01277	0.01851	0.01020	0.01474	0.00903	0.01235	0.08249	0.00305	0.47967	0.00561	0.00324	0.00720

[dist]
# distance from previous block
# <min> <max>
0	4

[block]
# block no. 3 follows, 38 sequences, length 7
# corresponding to MSA columns:
# 546-552
name=unknown_D
#
# <colnr> <probs for GDERKNQSTAVLIFYWHMCP>
#	G	D	E	R	K	N	Q	S	T	A	V	L	I	F	Y	W	H	M	C	P
0	0.01360	0.02051	0.27549	0.02514	0.23011	0.01476	0.24000	0.01863	0.01320	0.01896	0.01116	0.01444	0.00864	0.00576	0.00721	0.00196	0.06335	0.00558	0.00283	0.00866
1	0.01288	0.06697	0.54178	0.02017	0.11234	0.01468	0.10990	0.01895	0.01298	0.01889	0.01090	0.01324	0.00804	0.00556	0.00582	0.00187	0.00871	0.00482	0.00266	0.00881
2	0.01437	0.01401	0.06598	0.11614	0.16179	0.01322	0.22165	0.02048	0.13157	0.07921	0.01663	0.08851	0.01379	0.00726	0.00648	0.00200	0.00734	0.00719	0.00405	0.00835
3	0.01490	0.01326	0.17237	0.01088	0.01500	0.00908	0.01038	0.01941	0.08224	0.23279	0.13157	0.11848	0.12359	0.01026	0.00647	0.00198	0.00510	0.00870	0.00566	0.00788
4	0.00952	0.01031	0.09965	0.01143	0.01373	0.00820	0.07414	0.01370	0.10356	0.01769	0.05218	0.50150	0.03106	0.01446	0.00718	0.00227	0.00488	0.01318	0.00509	0.00627
5	0.01133	0.01522	0.19792	0.13490	0.19999	0.01127	0.05527	0.01512	0.01257	0.01753	0.01777	0.24831	0.01800	0.00962	0.00649	0.00206	0.00676	0.00880	0.00362	0.00745
6	0.00795	0.00568	0.00710	0.00767	0.00822	0.00550	0.00509	0.00897	0.01116	0.01490	0.08793	0.36126	0.09934	0.25408	0.08367	0.00405	0.00526	0.01268	0.00486	0.00464

[dist]
# distance from previous block
# <min> <max>
1	2

[block]
# block no. 4 follows, 38 sequences, length 18
# corresponding to MSA columns:
# 555-572
name=unknown_E
#
# <colnr> <probs for GDERKNQSTAVLIFYWHMCP>
#	G	D	E	R	K	N	Q	S	T	A	V	L	I	F	Y	W	H	M	C	P
0	0.01232	0.07903	0.71172	0.01671	0.02537	0.01459	0.02148	0.01899	0.01267	0.01874	0.01064	0.01251	0.00763	0.00568	0.00560	0.00187	0.00874	0.00437	0.00254	0.00882
1	0.02284	0.01000	0.01303	0.01042	0.01447	0.00915	0.00845	0.02705	0.10789	0.56008	0.10938	0.02449	0.03811	0.00829	0.00621	0.00189	0.00476	0.00687	0.00714	0.00949
2	0.01471	0.09181	0.04859	0.12023	0.45093	0.01578	0.01664	0.05454	0.01360	0.01896	0.01073	0.01423	0.00896	0.00607	0.00720	0.00186	0.08836	0.00511	0.00301	0.00871
3	0.00774	0.00564	0.00735	0.00839	0.00916	0.00525	0.00601	0.00925	0.01265	0.01675	0.11478	0.53578	0.11566	0.01746	0.00763	0.00238	0.00363	0.10371	0.00569	0.00508
4	0.01164	0.02421	0.51022	0.01755	0.06751	0.01259	0.09301	0.01725	0.01287	0.01855	0.01671	0.09315	0.06309	0.00760	0.00617	0.00197	0.00797	0.00662	0.00314	0.00818
5	0.00740	0.00529	0.00705	0.00832	0.00874	0.00494	0.00559	0.00857	0.01187	0.01591	0.07861	0.73761	0.04087	0.01843	0.00764	0.00241	0.00345	0.01671	0.00565	0.00494
6	0.01702	0.60269	0.02862	0.01358	0.08898	0.11172	0.01123	0.01907	0.01308	0.03385	0.00917	0.01059	0.00809	0.00535	0.00431	0.00138	0.00700	0.00358	0.00280	0.00787
7	0.00856	0.00736	0.00748	0.00723	0.00951	0.00690	0.00549	0.01294	0.14790	0.01790	0.05421	0.05135	0.61373	0.01393	0.00693	0.00203	0.00336	0.01161	0.00569	0.00590
8	0.01229	0.02955	0.68138	0.01801	0.02661	0.01410	0.09669	0.01907	0.01286	0.01907	0.01094	0.01307	0.00778	0.00565	0.00586	0.00192	0.00902	0.00472	0.00259	0.00881
9	0.01390	0.01329	0.02264	0.24279	0.55289	0.01403	0.01797	0.01760	0.01323	0.01846	0.01114	0.01521	0.00911	0.00554	0.00597	0.00185	0.00739	0.00536	0.00289	0.00873
10	0.01287	0.02551	0.48555	0.02024	0.02807	0.01444	0.28847	0.01913	0.01326	0.01913	0.01131	0.01403	0.00819	0.00547	0.00624	0.00195	0.00936	0.00544	0.00273	0.00860
11	0.01489	0.01429	0.02442	0.03692	0.75106	0.01429	0.01846	0.01846	0.01370	0.01965	0.01132	0.01489	0.00953	0.00536	0.00596	0.00179	0.00715	0.00536	0.00298	0.00953
12	0.01497	0.01514	0.01786	0.01519	0.01668	0.13382	0.05383	0.08696	0.01270	0.01705	0.01025	0.01467	0.00925	0.01438	0.12704	0.00340	0.42139	0.00535	0.00315	0.00691
13	0.01327	0.01658	0.10795	0.02304	0.04932	0.01397	0.55821	0.01808	0.01374	0.01885	0.01421	0.09675	0.01221	0.00660	0.00698	0.00205	0.00922	0.00782	0.00326	0.00790
14	0.01421	0.14197	0.55314	0.01574	0.02356	0.01496	0.04085	0.01992	0.01312	0.09154	0.01176	0.01313	0.00840	0.00578	0.00551	0.00181	0.00819	0.00450	0.00305	0.00883
15	0.00762	0.00584	0.00704	0.00774	0.00895	0.00526	0.00567	0.00921	0.01312	0.01679	0.10756	0.35809	0.31252	0.01662	0.00748	0.00227	0.00350	0.09395	0.00567	0.00511
16	0.00727	0.00592	0.00644	0.00668	0.00832	0.00509	0.00487	0.00881	0.01354	0.01672	0.11203	0.20564	0.54628	0.01573	0.00723	0.00210	0.00312	0.01345	0.00567	0.00509
17	0.01661	0.01606	0.02551	0.04326	0.14278	0.09340	0.32277	0.09137	0.05842	0.06729	0.01417	0.01777	0.01101	0.00624	0.00647	0.00192	0.00841	0.03034	0.01773	0.00848

[dist]
# distance from previous block
# <min> <max>
0	1

[block]
# block no. 5 follows, 38 sequences, length 7
# corresponding to MSA columns:
# 574-580
name=unknown_F
#
# <colnr> <probs for GDERKNQSTAVLIFYWHMCP>
#	G	D	E	R	K	N	Q	S	T	A	V	L	I	F	Y	W	H	M	C	P
0	0.00842	0.00612	0.00869	0.00899	0.00997	0.00673	0.00677	0.01035	0.01042	0.01489	0.02188	0.18907	0.05102	0.03584	0.52271	0.00728	0.01202	0.00895	0.05463	0.00527
1	0.01369	0.01430	0.02813	0.13218	0.26309	0.01416	0.36672	0.01794	0.01361	0.01866	0.01271	0.05302	0.01059	0.00596	0.00661	0.00197	0.00856	0.00678	0.00309	0.00821
2	0.01413	0.01420	0.02118	0.10063	0.42574	0.08754	0.06570	0.01721	0.01342	0.01791	0.01401	0.12146	0.01331	0.00757	0.00679	0.00193	0.03887	0.00696	0.00331	0.00813
3	0.01315	0.12867	0.50387	0.01961	0.12567	0.01542	0.07442	0.01885	0.01289	0.01850	0.01065	0.01287	0.00801	0.00554	0.00561	0.00182	0.00842	0.00461	0.00264	0.00876
4	0.01242	0.01298	0.02500	0.04500	0.10413	0.01296	0.37837	0.01597	0.01312	0.01783	0.01932	0.12653	0.08661	0.00864	0.00839	0.00212	0.09113	0.00860	0.00358	0.00731
5	0.01312	0.02766	0.55971	0.01933	0.05687	0.05479	0.14592	0.01933	0.01324	0.01888	0.01098	0.01331	0.00797	0.00561	0.00595	0.00190	0.00914	0.00492	0.00268	0.00868
6	0.04243	0.08184	0.57558	0.01800	0.05684	0.01478	0.09078	0.01892	0.01277	0.01904	0.01070	0.01282	0.00782	0.00559	0.00566	0.00187	0.00861	0.00462	0.00265	0.00867

[dist]
# distance from previous block
# <min> <max>
8	243

# created by:
# /software/SequenceAnalysis/GenePrediction/augustus/3.0.1/scripts/msa2prfl.pl ./fixed/BUSCOvEOG7TTHXG.fas
