[name]
unknown

[dist]
# distance from previous block
# <min> <max>
0	435

[block]
# block no. 0 follows, 41 sequences, length 10
# corresponding to MSA columns:
# 539-548
name=unknown_A
#
# <colnr> <probs for GDERKNQSTAVLIFYWHMCP>
#	G	D	E	R	K	N	Q	S	T	A	V	L	I	F	Y	W	H	M	C	P
0	0.01056	0.00693	0.00926	0.00984	0.01156	0.00675	0.00839	0.01350	0.03900	0.08552	0.08259	0.05651	0.10457	0.01432	0.00744	0.00240	0.00479	0.51476	0.00553	0.00577
1	0.01372	0.01011	0.01205	0.00870	0.01370	0.00773	0.00700	0.01621	0.01247	0.11934	0.01183	0.01288	0.00924	0.00462	0.00444	0.00097	0.00432	0.00371	0.00389	0.72308
2	0.01389	0.00868	0.01051	0.00943	0.01183	0.00875	0.00723	0.09512	0.15186	0.17012	0.22299	0.21261	0.03075	0.01104	0.00640	0.00194	0.00400	0.00959	0.00606	0.00721
3	0.01270	0.01064	0.01880	0.01424	0.01809	0.00978	0.28636	0.01670	0.04766	0.10287	0.26438	0.02613	0.04826	0.00774	0.00635	0.00176	0.00582	0.00766	0.00475	0.08932
4	0.04702	0.01933	0.30226	0.01659	0.12735	0.02851	0.01478	0.07200	0.19376	0.05711	0.01421	0.01495	0.01053	0.00607	0.00545	0.00176	0.00659	0.00494	0.00387	0.05294
5	0.12381	0.08838	0.12442	0.00965	0.01328	0.01022	0.00895	0.01663	0.06122	0.11540	0.22615	0.09951	0.02495	0.00868	0.00558	0.00176	0.00464	0.00719	0.00481	0.04478
6	0.01397	0.02194	0.40776	0.01748	0.12852	0.08781	0.01673	0.01864	0.01320	0.09305	0.01413	0.02000	0.01167	0.00699	0.00580	0.00187	0.00761	0.10138	0.00338	0.00806
7	0.01334	0.01047	0.01195	0.00904	0.01356	0.00897	0.00723	0.08855	0.07822	0.06407	0.01719	0.01766	0.08544	0.00600	0.00486	0.00119	0.00437	0.00484	0.00424	0.54879
8	0.01226	0.13193	0.59480	0.01732	0.09773	0.01457	0.01925	0.01793	0.01211	0.01755	0.01000	0.01190	0.00744	0.00533	0.00522	0.00172	0.00797	0.00416	0.00246	0.00836
9	0.01039	0.00905	0.01207	0.00955	0.01321	0.00750	0.08107	0.03202	0.01252	0.01771	0.02402	0.15769	0.16941	0.00887	0.00559	0.00146	0.00441	0.00782	0.00413	0.41153

[dist]
# distance from previous block
# <min> <max>
0	1

[block]
# block no. 1 follows, 41 sequences, length 15
# corresponding to MSA columns:
# 550-564
name=unknown_B
#
# <colnr> <probs for GDERKNQSTAVLIFYWHMCP>
#	G	D	E	R	K	N	Q	S	T	A	V	L	I	F	Y	W	H	M	C	P
0	0.01488	0.07939	0.01857	0.02140	0.33257	0.14981	0.01256	0.06127	0.07586	0.01906	0.09191	0.06810	0.01599	0.00709	0.00565	0.00169	0.00649	0.00608	0.00377	0.00785
1	0.00898	0.01232	0.20110	0.00913	0.01267	0.00749	0.00894	0.01176	0.01210	0.01654	0.10045	0.07782	0.25003	0.13156	0.00958	0.00233	0.00489	0.00848	0.00414	0.10968
2	0.01351	0.01089	0.01578	0.01500	0.14324	0.00986	0.06950	0.01611	0.01235	0.09847	0.01334	0.08081	0.01165	0.00639	0.00632	0.00145	0.07014	0.00545	0.00374	0.39602
3	0.01701	0.38852	0.16304	0.01155	0.01689	0.01739	0.01174	0.09825	0.05813	0.14840	0.01246	0.01272	0.00936	0.00576	0.00471	0.00152	0.00626	0.00417	0.00380	0.00832
4	0.00992	0.01243	0.20186	0.01007	0.01336	0.00811	0.00977	0.01441	0.07468	0.04917	0.34643	0.14847	0.05701	0.01064	0.00638	0.00190	0.00450	0.00926	0.00512	0.00651
5	0.01741	0.08121	0.21378	0.01291	0.01839	0.01278	0.05521	0.08271	0.12363	0.24287	0.01601	0.01572	0.01119	0.00622	0.00546	0.00170	0.00621	0.00508	0.00468	0.06685
6	0.06767	0.01111	0.01353	0.01322	0.12885	0.01034	0.00903	0.11858	0.04887	0.02147	0.01634	0.01942	0.07218	0.00650	0.00512	0.00141	0.00490	0.04751	0.00403	0.37991
7	0.00864	0.00894	0.08974	0.00855	0.01089	0.00676	0.00725	0.01210	0.06894	0.01873	0.26181	0.23359	0.16327	0.01234	0.00652	0.00191	0.00375	0.01078	0.00522	0.06029
8	0.01028	0.00815	0.01078	0.01144	0.09184	0.00751	0.00786	0.05500	0.01406	0.01973	0.21366	0.17152	0.04960	0.01096	0.00632	0.00181	0.00419	0.11907	0.00491	0.18130
9	0.01998	0.01704	0.01602	0.01328	0.01658	0.20488	0.01065	0.28111	0.09512	0.12513	0.01374	0.01426	0.01020	0.00723	0.00760	0.00181	0.12730	0.00498	0.00473	0.00835
10	0.01597	0.61724	0.08938	0.01085	0.01599	0.02110	0.01090	0.12911	0.01401	0.01732	0.00903	0.01012	0.00770	0.00524	0.00413	0.00135	0.00634	0.00348	0.00295	0.00780
11	0.01205	0.01223	0.02325	0.01735	0.02151	0.01154	0.42980	0.01650	0.07297	0.01739	0.01503	0.08359	0.01366	0.12831	0.00990	0.00240	0.00750	0.00740	0.00347	0.09416
12	0.01357	0.01326	0.02342	0.14937	0.57293	0.01355	0.09535	0.01718	0.01283	0.01802	0.01076	0.01446	0.00880	0.00516	0.00579	0.00176	0.00723	0.00527	0.00279	0.00850
13	0.01234	0.01130	0.01146	0.00880	0.01287	0.09003	0.00673	0.01437	0.01178	0.01698	0.01123	0.01563	0.01025	0.12673	0.00816	0.00164	0.00509	0.00418	0.00335	0.61707
14	0.02277	0.01307	0.01518	0.01178	0.01618	0.01352	0.00968	0.38385	0.08268	0.34248	0.01824	0.01678	0.01223	0.00703	0.00574	0.00176	0.00555	0.00551	0.00630	0.00967

[dist]
# distance from previous block
# <min> <max>
0	1

[block]
# block no. 2 follows, 41 sequences, length 31
# corresponding to MSA columns:
# 566-596
name=unknown_C
#
# <colnr> <probs for GDERKNQSTAVLIFYWHMCP>
#	G	D	E	R	K	N	Q	S	T	A	V	L	I	F	Y	W	H	M	C	P
0	0.00899	0.00651	0.00826	0.00766	0.00918	0.00622	0.00578	0.06205	0.01665	0.02340	0.66768	0.08228	0.04998	0.01170	0.00671	0.00182	0.00298	0.01031	0.00620	0.00566
1	0.02013	0.01547	0.01775	0.01372	0.01820	0.01703	0.06191	0.59545	0.12552	0.03314	0.01489	0.01489	0.01071	0.00685	0.00581	0.00176	0.00629	0.00544	0.00554	0.00949
2	0.01466	0.01455	0.02273	0.03368	0.71104	0.06703	0.01710	0.01792	0.01325	0.01836	0.01062	0.01389	0.00894	0.00515	0.00563	0.00168	0.00704	0.00500	0.00284	0.00889
3	0.02174	0.01602	0.01717	0.01316	0.01774	0.01774	0.01087	0.74423	0.02689	0.03605	0.01373	0.01373	0.00973	0.00687	0.00572	0.00172	0.00629	0.00515	0.00572	0.00973
4	0.78102	0.01069	0.00822	0.00740	0.01083	0.01227	0.00606	0.01621	0.00997	0.02495	0.01147	0.01250	0.05910	0.00595	0.00377	0.00178	0.00432	0.00373	0.00366	0.00610
5	0.01080	0.01017	0.01716	0.78523	0.03940	0.01271	0.01589	0.01461	0.01144	0.01461	0.01017	0.01525	0.00762	0.00572	0.00572	0.00191	0.00762	0.00508	0.00254	0.00635
6	0.01397	0.01340	0.02288	0.07656	0.72329	0.01354	0.01746	0.01739	0.01294	0.01846	0.01073	0.01422	0.00898	0.00513	0.00567	0.00171	0.00684	0.00510	0.00282	0.00891
7	0.00676	0.00579	0.00579	0.00579	0.00773	0.00483	0.00435	0.00821	0.01304	0.01545	0.05794	0.05505	0.76098	0.01449	0.00676	0.00193	0.00290	0.01207	0.00531	0.00483
8	0.01360	0.01302	0.02220	0.16062	0.64218	0.01344	0.01728	0.01706	0.01276	0.01801	0.01066	0.01434	0.00882	0.00520	0.00567	0.00173	0.00693	0.00509	0.00278	0.00861
9	0.83938	0.01106	0.00841	0.00752	0.01106	0.01283	0.00619	0.01681	0.00973	0.02566	0.00796	0.00929	0.00619	0.00531	0.00354	0.00177	0.00442	0.00310	0.00354	0.00619
10	0.01080	0.01017	0.01716	0.78523	0.03940	0.01271	0.01589	0.01461	0.01144	0.01461	0.01017	0.01525	0.00762	0.00572	0.00572	0.00191	0.00762	0.00508	0.00254	0.00635
11	0.83938	0.01106	0.00841	0.00752	0.01106	0.01283	0.00619	0.01681	0.00973	0.02566	0.00796	0.00929	0.00619	0.00531	0.00354	0.00177	0.00442	0.00310	0.00354	0.00619
12	0.01423	0.01229	0.01293	0.01164	0.01487	0.01423	0.00905	0.03039	0.75297	0.02393	0.02328	0.02134	0.01746	0.00776	0.00582	0.00194	0.00453	0.00647	0.00582	0.00905
13	0.00714	0.00592	0.00632	0.00652	0.00836	0.00510	0.00510	0.00877	0.01306	0.01571	0.05369	0.05650	0.64895	0.01469	0.00694	0.00204	0.00326	0.12174	0.00530	0.00490
14	0.01080	0.01017	0.01716	0.78523	0.03940	0.01271	0.01589	0.01461	0.01144	0.01461	0.01017	0.01525	0.00762	0.00572	0.00572	0.00191	0.00762	0.00508	0.00254	0.00635
15	0.00817	0.00613	0.00919	0.00919	0.01021	0.00715	0.00715	0.01021	0.00919	0.01328	0.01532	0.02247	0.01430	0.04290	0.77631	0.00919	0.01532	0.00613	0.00306	0.00511
16	0.01251	0.01251	0.01752	0.01502	0.01502	0.01752	0.01251	0.01377	0.00876	0.01377	0.00751	0.01251	0.00751	0.01001	0.01877	0.00250	0.78851	0.00501	0.00250	0.00626
17	0.01423	0.01229	0.01293	0.01164	0.01487	0.01423	0.00905	0.03039	0.75297	0.02393	0.02328	0.02134	0.01746	0.00776	0.00582	0.00194	0.00453	0.00647	0.00582	0.00905
18	0.01186	0.01017	0.01186	0.00847	0.01356	0.00762	0.00678	0.01440	0.01186	0.01864	0.01017	0.01186	0.00847	0.00424	0.00424	0.00085	0.00424	0.00339	0.00339	0.83395
19	0.01227	0.01053	0.01205	0.00902	0.01378	0.00876	0.00717	0.01715	0.13908	0.01955	0.01242	0.01349	0.01002	0.00484	0.00451	0.00103	0.00429	0.00392	0.00381	0.69234
20	0.01101	0.01058	0.01846	0.72557	0.03865	0.01285	0.07284	0.01490	0.01160	0.01490	0.01028	0.01526	0.00771	0.00565	0.00580	0.00191	0.00778	0.00521	0.00257	0.00646
21	0.02174	0.01602	0.01717	0.01316	0.01774	0.01774	0.01087	0.74423	0.02689	0.03605	0.01373	0.01373	0.00973	0.00687	0.00572	0.00172	0.00629	0.00515	0.00572	0.00973
22	0.01169	0.01108	0.01877	0.58590	0.23176	0.01294	0.01633	0.01540	0.01186	0.01570	0.01032	0.01496	0.00801	0.00555	0.00570	0.00185	0.00740	0.00509	0.00262	0.00707
23	0.02141	0.01583	0.01699	0.01300	0.01760	0.01740	0.01073	0.71983	0.02639	0.03547	0.01361	0.01367	0.00969	0.00678	0.00567	0.00169	0.00623	0.00509	0.00564	0.03728
24	0.01084	0.00716	0.00939	0.21331	0.01599	0.00821	0.00780	0.01370	0.01160	0.01897	0.01556	0.01905	0.01225	0.00666	0.00557	0.00157	0.06308	0.00524	0.54837	0.00567
25	0.02174	0.01602	0.01717	0.01316	0.01774	0.01774	0.01087	0.74423	0.02689	0.03605	0.01373	0.01373	0.00973	0.00687	0.00572	0.00172	0.00629	0.00515	0.00572	0.00973
26	0.01337	0.02630	0.63954	0.01532	0.02303	0.01272	0.01898	0.01991	0.04753	0.11168	0.01241	0.01343	0.00859	0.00575	0.00549	0.00181	0.00782	0.00452	0.00316	0.00864
27	0.02174	0.01602	0.01717	0.01316	0.01774	0.01774	0.01087	0.74423	0.02689	0.03605	0.01373	0.01373	0.00973	0.00687	0.00572	0.00172	0.00629	0.00515	0.00572	0.00973
28	0.03759	0.49655	0.14651	0.01116	0.03506	0.01779	0.01114	0.01708	0.01247	0.05444	0.09978	0.01435	0.01330	0.00593	0.00448	0.00144	0.00599	0.00432	0.00318	0.00742
29	0.01482	0.52226	0.19549	0.01156	0.01694	0.09161	0.01226	0.01775	0.01218	0.01487	0.00898	0.01041	0.00761	0.00518	0.00422	0.00138	0.00691	0.00347	0.03463	0.00745
30	0.01417	0.57604	0.24655	0.01170	0.01763	0.01989	0.01311	0.01742	0.01176	0.01482	0.00863	0.01003	0.00731	0.00505	0.00419	0.00140	0.00680	0.00340	0.00244	0.00767

[dist]
# distance from previous block
# <min> <max>
0	2

[block]
# block no. 3 follows, 41 sequences, length 10
# corresponding to MSA columns:
# 599-608
name=unknown_D
#
# <colnr> <probs for GDERKNQSTAVLIFYWHMCP>
#	G	D	E	R	K	N	Q	S	T	A	V	L	I	F	Y	W	H	M	C	P
0	0.17803	0.50967	0.12035	0.04566	0.01639	0.01903	0.01082	0.01708	0.01130	0.01653	0.00835	0.00985	0.00711	0.00508	0.00397	0.00144	0.00615	0.00331	0.00266	0.00721
1	0.08199	0.01566	0.01652	0.01275	0.01725	0.01738	0.01053	0.69063	0.02563	0.03528	0.01331	0.01341	0.00947	0.00675	0.00556	0.00172	0.00616	0.00500	0.00556	0.00947
2	0.02174	0.01602	0.01717	0.01316	0.01774	0.01774	0.01087	0.74423	0.02689	0.03605	0.01373	0.01373	0.00973	0.00687	0.00572	0.00172	0.00629	0.00515	0.00572	0.00973
3	0.01147	0.02959	0.76934	0.01630	0.02476	0.01328	0.02113	0.01811	0.01208	0.01811	0.01026	0.01208	0.00725	0.00543	0.00543	0.00181	0.00845	0.00423	0.00242	0.00845
4	0.01423	0.01229	0.01293	0.01164	0.01487	0.01423	0.00905	0.03039	0.75297	0.02393	0.02328	0.02134	0.01746	0.00776	0.00582	0.00194	0.00453	0.00647	0.00582	0.00905
5	0.01186	0.01017	0.01186	0.00847	0.01356	0.00762	0.00678	0.01440	0.01186	0.01864	0.01017	0.01186	0.00847	0.00424	0.00424	0.00085	0.00424	0.00339	0.00339	0.83395
6	0.01186	0.01017	0.01186	0.00847	0.01356	0.00762	0.00678	0.01440	0.01186	0.01864	0.01017	0.01186	0.00847	0.00424	0.00424	0.00085	0.00424	0.00339	0.00339	0.83395
7	0.01251	0.01251	0.01752	0.01502	0.01502	0.01752	0.01251	0.01377	0.00876	0.01377	0.00751	0.01251	0.00751	0.01001	0.01877	0.00250	0.78851	0.00501	0.00250	0.00626
8	0.00994	0.00497	0.00745	0.00745	0.00745	0.00497	0.00497	0.00745	0.00745	0.00994	0.00994	0.01739	0.00994	0.01987	0.02235	0.83358	0.00497	0.00497	0.00248	0.00248
9	0.01416	0.01359	0.02322	0.03511	0.76330	0.01359	0.01755	0.01755	0.01302	0.01869	0.01076	0.01416	0.00906	0.00510	0.00566	0.00170	0.00680	0.00510	0.00283	0.00906

[dist]
# distance from previous block
# <min> <max>
0	1

[block]
# block no. 4 follows, 41 sequences, length 19
# corresponding to MSA columns:
# 610-628
name=unknown_E
#
# <colnr> <probs for GDERKNQSTAVLIFYWHMCP>
#	G	D	E	R	K	N	Q	S	T	A	V	L	I	F	Y	W	H	M	C	P
0	0.01139	0.02521	0.62524	0.01467	0.02188	0.01189	0.01825	0.01727	0.01286	0.04264	0.12893	0.01714	0.01483	0.00647	0.00565	0.00181	0.00743	0.00524	0.00318	0.00801
1	0.01147	0.02959	0.76934	0.01630	0.02476	0.01328	0.02113	0.01811	0.01208	0.01811	0.01026	0.01208	0.00725	0.00543	0.00543	0.00181	0.00845	0.00423	0.00242	0.00845
2	0.01001	0.00748	0.00980	0.01071	0.01233	0.00779	0.00919	0.01478	0.12984	0.01819	0.02918	0.05771	0.03048	0.01453	0.00757	0.00252	0.00515	0.61152	0.00535	0.00586
3	0.01374	0.01477	0.02998	0.02804	0.29216	0.01415	0.48328	0.01805	0.01333	0.01845	0.01128	0.01497	0.00882	0.00492	0.00636	0.00185	0.00862	0.00616	0.00287	0.00820
4	0.01080	0.01017	0.01716	0.78523	0.03940	0.01271	0.01589	0.01461	0.01144	0.01461	0.01017	0.01525	0.00762	0.00572	0.00572	0.00191	0.00762	0.00508	0.00254	0.00635
5	0.01248	0.00791	0.00968	0.00931	0.01117	0.00793	0.00689	0.08975	0.11548	0.13720	0.06397	0.44868	0.02924	0.01337	0.00666	0.00209	0.00400	0.01182	0.00575	0.00661
6	0.01207	0.01172	0.02064	0.48608	0.25187	0.01315	0.09082	0.01586	0.01212	0.01619	0.01049	0.01495	0.00816	0.00544	0.00581	0.00185	0.00759	0.00526	0.00266	0.00729
7	0.01913	0.00845	0.01134	0.00933	0.01262	0.00755	0.00755	0.02189	0.03635	0.48040	0.24762	0.02899	0.02737	0.00897	0.00617	0.00183	0.00422	0.04536	0.00671	0.00816
8	0.00798	0.00595	0.00879	0.00900	0.00991	0.00675	0.00686	0.00986	0.00947	0.01349	0.01788	0.14434	0.01801	0.03896	0.65504	0.00811	0.01343	0.00773	0.00342	0.00503
9	0.01160	0.01121	0.01878	0.46079	0.04951	0.01266	0.11381	0.01508	0.01155	0.01577	0.01010	0.01443	0.00793	0.00579	0.00696	0.00180	0.08735	0.00504	0.00273	0.13711
10	0.01186	0.01017	0.01186	0.00847	0.01356	0.00762	0.00678	0.01440	0.01186	0.01864	0.01017	0.01186	0.00847	0.00424	0.00424	0.00085	0.00424	0.00339	0.00339	0.83395
11	0.01212	0.01100	0.01531	0.01094	0.01613	0.00870	0.12281	0.01502	0.01212	0.01859	0.01039	0.01242	0.00850	0.00433	0.00463	0.00102	0.00509	0.00392	0.00331	0.70365
12	0.02136	0.01583	0.01695	0.01308	0.01759	0.01756	0.01078	0.70817	0.06357	0.03544	0.01422	0.01412	0.01012	0.00691	0.00573	0.00173	0.00620	0.00522	0.00573	0.00969
13	0.51137	0.01006	0.00917	0.00776	0.01139	0.01048	0.00630	0.01649	0.01133	0.09943	0.04455	0.01653	0.08282	0.00647	0.00432	0.00164	0.00422	0.00458	0.00416	0.13693
14	0.01147	0.02959	0.76934	0.01630	0.02476	0.01328	0.02113	0.01811	0.01208	0.01811	0.01026	0.01208	0.00725	0.00543	0.00543	0.00181	0.00845	0.00423	0.00242	0.00845
15	0.01282	0.01223	0.02081	0.33314	0.47569	0.01324	0.01689	0.01639	0.01239	0.01707	0.01052	0.01459	0.00849	0.00534	0.00568	0.00178	0.00712	0.00509	0.00272	0.00799
16	0.00994	0.00497	0.00745	0.00745	0.00745	0.00497	0.00497	0.00745	0.00745	0.00994	0.00994	0.01739	0.00994	0.01987	0.02235	0.83358	0.00497	0.00497	0.00248	0.00248
17	0.02174	0.01602	0.01717	0.01316	0.01774	0.01774	0.01087	0.74423	0.02689	0.03605	0.01373	0.01373	0.00973	0.00687	0.00572	0.00172	0.00629	0.00515	0.00572	0.00973
18	0.01381	0.01324	0.02260	0.11196	0.68914	0.01350	0.01738	0.01725	0.01286	0.01827	0.01070	0.01427	0.00891	0.00516	0.00567	0.00172	0.00688	0.00510	0.00280	0.00878

[dist]
# distance from previous block
# <min> <max>
1	9

[block]
# block no. 5 follows, 41 sequences, length 14
# corresponding to MSA columns:
# 638-651
name=unknown_F
#
# <colnr> <probs for GDERKNQSTAVLIFYWHMCP>
#	G	D	E	R	K	N	Q	S	T	A	V	L	I	F	Y	W	H	M	C	P
0	0.11336	0.01628	0.07642	0.01266	0.01734	0.01657	0.01104	0.55223	0.07545	0.03256	0.01348	0.01364	0.00968	0.00664	0.00546	0.00175	0.00613	0.00494	0.00521	0.00918
1	0.01158	0.01117	0.01955	0.59877	0.15629	0.01300	0.07774	0.01541	0.01187	0.01559	0.01038	0.01509	0.00795	0.00554	0.00580	0.00187	0.00766	0.00523	0.00262	0.00691
2	0.00994	0.00497	0.00745	0.00745	0.00745	0.00497	0.00497	0.00745	0.00745	0.00994	0.00994	0.01739	0.00994	0.01987	0.02235	0.83358	0.00497	0.00497	0.00248	0.00248
3	0.07376	0.70448	0.06823	0.00998	0.01497	0.02143	0.01014	0.01716	0.01151	0.01458	0.00808	0.00934	0.00725	0.00495	0.00376	0.00129	0.00612	0.00312	0.00252	0.00732
4	0.01394	0.23345	0.46299	0.01435	0.02105	0.12816	0.01665	0.01855	0.01257	0.01628	0.00944	0.01105	0.00729	0.00536	0.00493	0.00161	0.00811	0.00384	0.00250	0.00789
5	0.11558	0.01028	0.01605	0.68689	0.03581	0.01272	0.01466	0.01489	0.01122	0.01601	0.00989	0.01450	0.00744	0.00567	0.00544	0.00189	0.00722	0.00483	0.00267	0.00633
6	0.02174	0.01602	0.01717	0.01316	0.01774	0.01774	0.01087	0.74423	0.02689	0.03605	0.01373	0.01373	0.00973	0.00687	0.00572	0.00172	0.00629	0.00515	0.00572	0.00973
7	0.01242	0.21466	0.01571	0.04364	0.08186	0.01107	0.00848	0.01419	0.01203	0.10585	0.02061	0.35954	0.02189	0.01096	0.00582	0.00183	0.00477	0.00952	0.00435	0.04078
8	0.02114	0.01572	0.01683	0.01304	0.01751	0.01746	0.01073	0.68676	0.08535	0.03507	0.01450	0.01435	0.01035	0.00694	0.00573	0.00173	0.00615	0.00526	0.00573	0.00967
9	0.01531	0.01330	0.02568	0.04642	0.02466	0.01213	0.45690	0.01923	0.01366	0.15319	0.01326	0.01553	0.00959	0.00516	0.00610	0.00171	0.00778	0.00593	0.00372	0.15074
10	0.01086	0.00950	0.01654	0.54270	0.03144	0.01115	0.08047	0.01337	0.01074	0.01392	0.01024	0.01574	0.00823	0.00877	0.00950	0.18620	0.00722	0.00521	0.00256	0.00562
11	0.02174	0.01602	0.01717	0.01316	0.01774	0.01774	0.01087	0.74423	0.02689	0.03605	0.01373	0.01373	0.00973	0.00687	0.00572	0.00172	0.00629	0.00515	0.00572	0.00973
12	0.01164	0.01058	0.01734	0.60626	0.03434	0.01272	0.05473	0.07625	0.01265	0.01651	0.01102	0.01580	0.00848	0.00919	0.07683	0.00256	0.00833	0.00528	0.00288	0.00660
13	0.02174	0.01602	0.01717	0.01316	0.01774	0.01774	0.01087	0.74423	0.02689	0.03605	0.01373	0.01373	0.00973	0.00687	0.00572	0.00172	0.00629	0.00515	0.00572	0.00973

[dist]
# distance from previous block
# <min> <max>
13	18

[block]
# block no. 6 follows, 41 sequences, length 7
# corresponding to MSA columns:
# 670-676
name=unknown_G
#
# <colnr> <probs for GDERKNQSTAVLIFYWHMCP>
#	G	D	E	R	K	N	Q	S	T	A	V	L	I	F	Y	W	H	M	C	P
0	0.01210	0.01212	0.01927	0.25532	0.02430	0.01567	0.09728	0.01455	0.01014	0.01455	0.00880	0.01370	0.00768	0.00808	0.01334	0.00225	0.45661	0.00523	0.00256	0.00645
1	0.01202	0.01051	0.01472	0.20799	0.01966	0.01343	0.01140	0.07352	0.01157	0.01685	0.01263	0.09721	0.01182	0.00908	0.01133	0.00212	0.34483	0.00627	0.10674	0.00628
2	0.01258	0.01239	0.02224	0.15275	0.31568	0.01228	0.19650	0.01611	0.01258	0.01756	0.01255	0.08030	0.01109	0.00612	0.00593	0.00175	0.00708	0.00627	0.00307	0.09516
3	0.01586	0.01412	0.02229	0.06745	0.31663	0.05908	0.17373	0.07445	0.01455	0.09861	0.01221	0.01460	0.00933	0.00539	0.00577	0.00168	0.00722	0.00530	0.00355	0.07817
4	0.01241	0.01172	0.01918	0.26078	0.35802	0.01324	0.01550	0.01555	0.01191	0.01655	0.01193	0.01899	0.01063	0.00703	0.00785	0.00197	0.12346	0.07289	0.00292	0.00745
5	0.01283	0.01223	0.02081	0.33260	0.47621	0.01324	0.01689	0.01639	0.01239	0.01707	0.01052	0.01459	0.00849	0.00534	0.00568	0.00178	0.00712	0.00509	0.00272	0.00799
6	0.01448	0.01979	0.33371	0.02413	0.36102	0.01281	0.01790	0.01908	0.01305	0.11215	0.01203	0.01395	0.00894	0.00549	0.00558	0.00175	0.00725	0.00482	0.00319	0.00889

[dist]
# distance from previous block
# <min> <max>
0	1

[block]
# block no. 7 follows, 41 sequences, length 26
# corresponding to MSA columns:
# 678-703
name=unknown_H
#
# <colnr> <probs for GDERKNQSTAVLIFYWHMCP>
#	G	D	E	R	K	N	Q	S	T	A	V	L	I	F	Y	W	H	M	C	P
0	0.01399	0.01342	0.02292	0.07173	0.72796	0.01355	0.01747	0.01741	0.01295	0.01849	0.01073	0.01421	0.00899	0.00513	0.00567	0.00171	0.00684	0.00510	0.00282	0.00893
1	0.01356	0.01287	0.02181	0.07263	0.67241	0.01297	0.01662	0.01693	0.01316	0.01877	0.06316	0.01621	0.01213	0.00559	0.00574	0.00172	0.00655	0.00546	0.00306	0.00866
2	0.07249	0.00852	0.01029	0.00882	0.01145	0.00831	0.00691	0.11623	0.01657	0.21365	0.32461	0.09689	0.04423	0.02692	0.00666	0.00191	0.00399	0.00846	0.00606	0.00704
3	0.01385	0.01328	0.02267	0.10329	0.69750	0.01351	0.01740	0.01729	0.01288	0.01832	0.01071	0.01426	0.00893	0.00515	0.00567	0.00172	0.00687	0.00510	0.00281	0.00881
4	0.01231	0.01242	0.01940	0.16265	0.02145	0.01624	0.10103	0.01448	0.00984	0.01448	0.00850	0.01339	0.00767	0.00857	0.01484	0.00232	0.54619	0.00523	0.00256	0.00645
5	0.01416	0.01359	0.02322	0.03511	0.76330	0.01359	0.01755	0.01755	0.01302	0.01869	0.01076	0.01416	0.00906	0.00510	0.00566	0.00170	0.00680	0.00510	0.00283	0.00906
6	0.01416	0.01359	0.02322	0.03511	0.76330	0.01359	0.01755	0.01755	0.01302	0.01869	0.01076	0.01416	0.00906	0.00510	0.00566	0.00170	0.00680	0.00510	0.00283	0.00906
7	0.01416	0.01359	0.02322	0.03511	0.76330	0.01359	0.01755	0.01755	0.01302	0.01869	0.01076	0.01416	0.00906	0.00510	0.00566	0.00170	0.00680	0.00510	0.00283	0.00906
8	0.12230	0.01214	0.01400	0.01093	0.01526	0.01235	0.00901	0.27169	0.04588	0.40049	0.01780	0.01634	0.01180	0.00682	0.00548	0.00176	0.00529	0.00525	0.00614	0.00928
9	0.01416	0.01359	0.02322	0.03511	0.76330	0.01359	0.01755	0.01755	0.01302	0.01869	0.01076	0.01416	0.00906	0.00510	0.00566	0.00170	0.00680	0.00510	0.00283	0.00906
10	0.01416	0.01359	0.02322	0.03511	0.76330	0.01359	0.01755	0.01755	0.01302	0.01869	0.01076	0.01416	0.00906	0.00510	0.00566	0.00170	0.00680	0.00510	0.00283	0.00906
11	0.01236	0.01334	0.02749	0.24203	0.03143	0.01342	0.49298	0.01669	0.01277	0.01705	0.01227	0.05837	0.00998	0.00580	0.00648	0.00194	0.00871	0.00680	0.00293	0.00715
12	0.01385	0.01328	0.02267	0.10329	0.69750	0.01351	0.01740	0.01729	0.01288	0.01832	0.01071	0.01426	0.00893	0.00515	0.00567	0.00172	0.00687	0.00510	0.00281	0.00881
13	0.01246	0.01244	0.01751	0.03844	0.01576	0.01737	0.01262	0.01379	0.00884	0.01379	0.00759	0.01260	0.00751	0.00988	0.01837	0.00248	0.76477	0.00501	0.00250	0.00626
14	0.11189	0.04926	0.00980	0.00780	0.01039	0.04448	0.00619	0.05640	0.01312	0.12643	0.01646	0.04160	0.01310	0.02458	0.03683	0.00188	0.00460	0.00525	0.36995	0.04999
15	0.01260	0.01200	0.02041	0.38269	0.42787	0.01318	0.01678	0.01619	0.01229	0.01680	0.01048	0.01466	0.00840	0.00538	0.00569	0.00179	0.00718	0.00509	0.00270	0.00781
16	0.01237	0.01176	0.01998	0.43554	0.37687	0.01312	0.01666	0.01598	0.01218	0.01651	0.01044	0.01474	0.00829	0.00543	0.00569	0.00181	0.00724	0.00509	0.00268	0.00762
17	0.01269	0.01256	0.01967	0.14012	0.19699	0.01568	0.05265	0.01504	0.01044	0.01530	0.00891	0.01348	0.00796	0.00790	0.01300	0.00219	0.44068	0.00513	0.00261	0.00701
18	0.01460	0.01308	0.02055	0.05876	0.55705	0.01343	0.01523	0.12282	0.01456	0.02037	0.01183	0.01625	0.01017	0.07754	0.00781	0.00206	0.00664	0.00540	0.00330	0.00854
19	0.01469	0.01418	0.02555	0.01943	0.06109	0.01359	0.42702	0.15246	0.01566	0.02184	0.01209	0.01484	0.00917	0.00523	0.00600	0.00169	0.00775	0.00582	0.04580	0.12612
20	0.01508	0.01305	0.05383	0.01621	0.15442	0.01341	0.01139	0.06408	0.36755	0.08990	0.04100	0.01968	0.01522	0.00741	0.00671	0.00189	0.06007	0.02043	0.00493	0.02375
21	0.01586	0.01463	0.02160	0.04624	0.57086	0.05114	0.01594	0.15495	0.01576	0.02165	0.01122	0.01391	0.00907	0.00548	0.00565	0.00170	0.00689	0.00504	0.00338	0.00901
22	0.01449	0.01430	0.02189	0.07197	0.63532	0.06691	0.01658	0.01842	0.05047	0.01841	0.01123	0.01431	0.00929	0.00532	0.00564	0.00171	0.00697	0.00507	0.00297	0.00875
23	0.01245	0.05490	0.01829	0.41498	0.17103	0.01317	0.01418	0.05045	0.01243	0.01690	0.01021	0.01402	0.00810	0.00560	0.00600	0.00170	0.04339	0.00473	0.00286	0.12461
24	0.01143	0.01269	0.09444	0.43788	0.07662	0.01215	0.08913	0.01574	0.03178	0.01639	0.01211	0.01818	0.00989	0.00619	0.00581	0.00184	0.00731	0.05539	0.00294	0.08210
25	0.02836	0.04920	0.15480	0.06377	0.01510	0.00949	0.00967	0.05457	0.05117	0.07517	0.10131	0.05575	0.28917	0.01003	0.00606	0.00185	0.00488	0.00830	0.00467	0.00667

[dist]
# distance from previous block
# <min> <max>
2	9

[block]
# block no. 8 follows, 41 sequences, length 6
# corresponding to MSA columns:
# 713-718
name=unknown_I
#
# <colnr> <probs for GDERKNQSTAVLIFYWHMCP>
#	G	D	E	R	K	N	Q	S	T	A	V	L	I	F	Y	W	H	M	C	P
0	0.08917	0.39337	0.23943	0.01143	0.01679	0.05038	0.01237	0.01701	0.01223	0.01688	0.08297	0.01339	0.01181	0.00580	0.00454	0.00151	0.00649	0.00415	0.00294	0.00733
1	0.21525	0.01068	0.08514	0.02761	0.01272	0.00939	0.00819	0.08023	0.01385	0.04593	0.14115	0.07807	0.16131	0.01006	0.00582	0.00193	0.00454	0.07707	0.00476	0.00629
2	0.01138	0.08874	0.55808	0.09080	0.02375	0.01320	0.01811	0.01695	0.01239	0.01787	0.08517	0.01522	0.01197	0.00604	0.00545	0.00177	0.00760	0.00483	0.00282	0.00785
3	0.09952	0.01328	0.01595	0.18044	0.07221	0.01470	0.01145	0.38638	0.01948	0.02753	0.04510	0.01482	0.01076	0.00639	0.00545	0.00171	0.00614	0.00505	0.00450	0.05912
4	0.01994	0.01478	0.01600	0.01244	0.01674	0.01604	0.01016	0.63727	0.02463	0.03321	0.01481	0.07197	0.01174	0.00750	0.00573	0.00170	0.00593	0.00585	0.00553	0.06804
5	0.01203	0.01002	0.01594	0.26953	0.21743	0.01107	0.01279	0.01497	0.01273	0.06862	0.13970	0.09106	0.01904	0.00813	0.00710	0.00191	0.07010	0.00704	0.00381	0.00697

[dist]
# distance from previous block
# <min> <max>
21	38

[block]
# block no. 9 follows, 41 sequences, length 8
# corresponding to MSA columns:
# 758-765
name=unknown_J
#
# <colnr> <probs for GDERKNQSTAVLIFYWHMCP>
#	G	D	E	R	K	N	Q	S	T	A	V	L	I	F	Y	W	H	M	C	P
0	0.01259	0.01221	0.02142	0.37168	0.37260	0.01327	0.08101	0.01630	0.01235	0.01682	0.01056	0.01476	0.00838	0.00535	0.00578	0.00181	0.00742	0.00524	0.00271	0.00772
1	0.01107	0.01054	0.01721	0.66279	0.03552	0.01347	0.01535	0.01448	0.01101	0.01448	0.00974	0.01481	0.00761	0.00640	0.00779	0.00200	0.13176	0.00507	0.00254	0.00634
2	0.07765	0.30613	0.02153	0.12826	0.01913	0.01643	0.07747	0.08856	0.01263	0.01728	0.01035	0.01340	0.00877	0.01153	0.12801	0.00281	0.04558	0.00450	0.00302	0.00697
3	0.01308	0.00883	0.01126	0.09213	0.01406	0.00956	0.00795	0.22840	0.01424	0.01898	0.01453	0.13972	0.01406	0.01417	0.01322	0.36430	0.00538	0.00683	0.00391	0.00540
4	0.01984	0.01490	0.01615	0.01226	0.01693	0.01580	0.01009	0.60402	0.02401	0.03270	0.01305	0.01337	0.00949	0.00636	0.00544	0.00155	0.00590	0.00481	0.00527	0.16807
5	0.01350	0.01178	0.01765	0.16227	0.32999	0.01222	0.01337	0.13086	0.01453	0.02012	0.01401	0.12492	0.01293	0.00723	0.00577	0.00174	0.00612	0.00652	0.00365	0.09084
6	0.02174	0.01602	0.01717	0.01316	0.01774	0.01774	0.01087	0.74423	0.02689	0.03605	0.01373	0.01373	0.00973	0.00687	0.00572	0.00172	0.00629	0.00515	0.00572	0.00973
7	0.01541	0.40639	0.05468	0.01041	0.01447	0.01765	0.00952	0.20410	0.01500	0.01918	0.01140	0.01525	0.01026	0.12028	0.05150	0.00244	0.00670	0.00457	0.00347	0.00733

[dist]
# distance from previous block
# <min> <max>
5	13

[block]
# block no. 10 follows, 41 sequences, length 8
# corresponding to MSA columns:
# 779-786
name=unknown_K
#
# <colnr> <probs for GDERKNQSTAVLIFYWHMCP>
#	G	D	E	R	K	N	Q	S	T	A	V	L	I	F	Y	W	H	M	C	P
0	0.01652	0.01286	0.01546	0.12645	0.01913	0.01460	0.01083	0.41577	0.01949	0.02641	0.01389	0.07021	0.01158	0.01100	0.07867	0.00252	0.07846	0.00593	0.00458	0.04565
1	0.08595	0.01321	0.01453	0.07442	0.01760	0.01483	0.01000	0.29737	0.29565	0.09006	0.01729	0.01682	0.01254	0.00700	0.00558	0.00182	0.00547	0.00552	0.00543	0.00891
2	0.01249	0.01174	0.01715	0.28352	0.02425	0.03375	0.07288	0.07342	0.01214	0.01665	0.01111	0.05038	0.00986	0.04086	0.01028	0.00211	0.22109	0.00565	0.00308	0.08757
3	0.02062	0.01520	0.01650	0.01283	0.01711	0.01686	0.01056	0.68327	0.02542	0.03416	0.01386	0.01446	0.01011	0.00986	0.06972	0.00234	0.00704	0.00523	0.00550	0.00934
4	0.01807	0.08800	0.02021	0.14866	0.06386	0.01679	0.07883	0.44354	0.02080	0.02765	0.01221	0.01375	0.00901	0.00620	0.00562	0.00172	0.00684	0.00509	0.00445	0.00870
5	0.20167	0.01123	0.01571	0.46698	0.09701	0.01328	0.01335	0.08328	0.01263	0.01951	0.01005	0.01365	0.00762	0.00568	0.00522	0.00184	0.00669	0.00464	0.00309	0.00688
6	0.23351	0.30626	0.05162	0.15687	0.05867	0.07832	0.01097	0.01710	0.01155	0.01743	0.00869	0.01083	0.00718	0.00527	0.00432	0.00157	0.00643	0.00366	0.00281	0.00693
7	0.02085	0.01477	0.01612	0.01247	0.01677	0.01611	0.01026	0.63712	0.02533	0.08167	0.07673	0.01652	0.01371	0.00728	0.00581	0.00173	0.00590	0.00562	0.00586	0.00937

[dist]
# distance from previous block
# <min> <max>
11	20

[block]
# block no. 11 follows, 41 sequences, length 8
# corresponding to MSA columns:
# 810-817
name=unknown_L
#
# <colnr> <probs for GDERKNQSTAVLIFYWHMCP>
#	G	D	E	R	K	N	Q	S	T	A	V	L	I	F	Y	W	H	M	C	P
0	0.01138	0.01078	0.01799	0.64749	0.06640	0.01297	0.05635	0.01625	0.07315	0.01576	0.01136	0.01572	0.00856	0.00581	0.00578	0.00190	0.00745	0.00529	0.00285	0.00677
1	0.38883	0.01364	0.06937	0.07408	0.01670	0.01376	0.00968	0.22384	0.01563	0.10790	0.01154	0.01236	0.00826	0.00599	0.00472	0.00177	0.00557	0.00422	0.00438	0.00776
2	0.01776	0.01303	0.01429	0.01151	0.01499	0.01417	0.00922	0.53617	0.02288	0.03081	0.10545	0.10777	0.01879	0.04738	0.00717	0.00198	0.00549	0.00720	0.00563	0.00832
3	0.01982	0.01481	0.01594	0.01253	0.01670	0.01639	0.01024	0.60351	0.11311	0.03361	0.07103	0.01683	0.01398	0.00734	0.00581	0.00175	0.00581	0.00570	0.00578	0.00932
4	0.05919	0.01014	0.01590	0.58293	0.03226	0.01269	0.01404	0.01432	0.01141	0.01585	0.07196	0.01685	0.01137	0.00670	0.00724	0.00196	0.10062	0.00539	0.00291	0.00625
5	0.02174	0.01602	0.01717	0.01316	0.01774	0.01774	0.01087	0.74423	0.02689	0.03605	0.01373	0.01373	0.00973	0.00687	0.00572	0.00172	0.00629	0.00515	0.00572	0.00973
6	0.01107	0.01044	0.01764	0.72511	0.09742	0.01278	0.01602	0.01485	0.01156	0.01494	0.01021	0.01516	0.00774	0.00567	0.00571	0.00189	0.00756	0.00508	0.00256	0.00657
7	0.01795	0.01357	0.01461	0.01213	0.01598	0.01520	0.00972	0.30956	0.41818	0.07980	0.01950	0.01823	0.01421	0.00736	0.00578	0.00184	0.00524	0.00590	0.00587	0.00936

[dist]
# distance from previous block
# <min> <max>
33	63

[block]
# block no. 12 follows, 41 sequences, length 9
# corresponding to MSA columns:
# 894-902
name=unknown_M
#
# <colnr> <probs for GDERKNQSTAVLIFYWHMCP>
#	G	D	E	R	K	N	Q	S	T	A	V	L	I	F	Y	W	H	M	C	P
0	0.05585	0.00934	0.01156	0.00996	0.01269	0.00943	0.05308	0.13744	0.08440	0.03898	0.22811	0.06137	0.13749	0.01037	0.00632	0.00188	0.00442	0.07916	0.00540	0.04274
1	0.13317	0.01116	0.05650	0.00959	0.01356	0.00971	0.00817	0.01679	0.04903	0.11924	0.01591	0.06164	0.05378	0.00693	0.00612	0.00151	0.07504	0.00526	0.00411	0.34278
2	0.01351	0.01400	0.02675	0.02591	0.29697	0.01317	0.37108	0.01748	0.01309	0.01850	0.01107	0.01445	0.00879	0.00484	0.00599	0.00169	0.00782	0.00566	0.00294	0.12627
3	0.10671	0.01685	0.01247	0.01140	0.01407	0.32953	0.00865	0.07186	0.11388	0.01919	0.08604	0.10560	0.06354	0.00857	0.00560	0.00174	0.00665	0.00664	0.00432	0.00668
4	0.05170	0.09740	0.46434	0.01555	0.02264	0.01367	0.12722	0.01756	0.01211	0.01813	0.01012	0.01215	0.00756	0.00515	0.00524	0.00166	0.00774	0.00435	0.00266	0.10304
5	0.01589	0.09408	0.19436	0.01996	0.20198	0.22619	0.05365	0.05067	0.03802	0.01754	0.01035	0.01239	0.00825	0.00565	0.00569	0.00166	0.02830	0.00445	0.00295	0.00797
6	0.01237	0.00928	0.01157	0.01128	0.08101	0.00912	0.00790	0.09742	0.11485	0.06567	0.34491	0.02972	0.06813	0.00903	0.00606	0.00169	0.00403	0.00778	0.00551	0.10266
7	0.01142	0.00862	0.01294	0.01645	0.25335	0.00820	0.00950	0.01403	0.01442	0.08708	0.32123	0.10236	0.09711	0.00997	0.00636	0.00182	0.00430	0.00893	0.00507	0.00685
8	0.00900	0.00672	0.00807	0.00746	0.00919	0.00636	0.00566	0.07613	0.01631	0.02225	0.51948	0.06778	0.19983	0.01206	0.00668	0.00184	0.00308	0.01044	0.00600	0.00564

[dist]
# distance from previous block
# <min> <max>
2	10

[block]
# block no. 13 follows, 41 sequences, length 45
# corresponding to MSA columns:
# 914-958
name=unknown_N
#
# <colnr> <probs for GDERKNQSTAVLIFYWHMCP>
#	G	D	E	R	K	N	Q	S	T	A	V	L	I	F	Y	W	H	M	C	P
0	0.01249	0.00797	0.00986	0.00856	0.01082	0.00778	0.00667	0.10893	0.04959	0.12473	0.53243	0.03492	0.04130	0.01028	0.00644	0.00179	0.00354	0.00889	0.00631	0.00670
1	0.02071	0.01107	0.01347	0.01052	0.01487	0.01050	0.00855	0.11872	0.14633	0.40979	0.01936	0.01771	0.01316	0.00667	0.00549	0.00163	0.00488	0.00538	0.00603	0.15516
2	0.01159	0.02887	0.73604	0.01714	0.05772	0.01330	0.02097	0.01809	0.01212	0.01814	0.01029	0.01217	0.00733	0.00542	0.00544	0.00181	0.00838	0.00427	0.00243	0.00848
3	0.02067	0.02163	0.01628	0.01390	0.01739	0.42350	0.01084	0.27849	0.08673	0.02269	0.01186	0.01257	0.00912	0.00649	0.00569	0.00162	0.02392	0.00448	0.00418	0.00794
4	0.00843	0.00601	0.00693	0.00667	0.00847	0.00523	0.00501	0.01030	0.01412	0.06693	0.27623	0.09769	0.44057	0.01334	0.00673	0.00190	0.00299	0.01139	0.00574	0.00532
5	0.01314	0.01092	0.01255	0.00908	0.01410	0.00893	0.00731	0.10892	0.01381	0.02089	0.01063	0.01210	0.00863	0.00458	0.00443	0.00096	0.00450	0.00362	0.00369	0.72720
6	0.01052	0.00738	0.04145	0.00798	0.01003	0.00613	0.00647	0.01332	0.01604	0.11913	0.63217	0.03838	0.04679	0.01082	0.00656	0.00180	0.00323	0.00948	0.00623	0.00609
7	0.00680	0.00566	0.00594	0.00616	0.00782	0.00480	0.00451	0.00817	0.01269	0.01531	0.05352	0.17895	0.63993	0.01506	0.00685	0.00200	0.00297	0.01277	0.00531	0.00480
8	0.01186	0.01017	0.01186	0.00847	0.01356	0.00762	0.00678	0.01440	0.01186	0.01864	0.01017	0.01186	0.00847	0.00424	0.00424	0.00085	0.00424	0.00339	0.00339	0.83395
9	0.00740	0.00533	0.00710	0.00837	0.00896	0.00503	0.00603	0.00873	0.01147	0.01513	0.03243	0.62068	0.06828	0.01736	0.00739	0.00237	0.00368	0.15418	0.00530	0.00477
10	0.02174	0.01602	0.01717	0.01316	0.01774	0.01774	0.01087	0.74423	0.02689	0.03605	0.01373	0.01373	0.00973	0.00687	0.00572	0.00172	0.00629	0.00515	0.00572	0.00973
11	0.01529	0.80242	0.02997	0.00979	0.01468	0.02263	0.00979	0.01713	0.01162	0.01346	0.00795	0.00918	0.00734	0.00489	0.00367	0.00122	0.00612	0.00306	0.00245	0.00734
12	0.02174	0.01602	0.01717	0.01316	0.01774	0.01774	0.01087	0.74423	0.02689	0.03605	0.01373	0.01373	0.00973	0.00687	0.00572	0.00172	0.00629	0.00515	0.00572	0.00973
13	0.01186	0.01017	0.01186	0.00847	0.01356	0.00762	0.00678	0.01440	0.01186	0.01864	0.01017	0.01186	0.00847	0.00424	0.00424	0.00085	0.00424	0.00339	0.00339	0.83395
14	0.01186	0.01017	0.01186	0.00847	0.01356	0.00762	0.00678	0.01440	0.01186	0.01864	0.01017	0.01186	0.00847	0.00424	0.00424	0.00085	0.00424	0.00339	0.00339	0.83395
15	0.01161	0.00991	0.01160	0.00845	0.01329	0.00748	0.00670	0.01408	0.01182	0.01844	0.01124	0.05125	0.00995	0.00492	0.00439	0.00092	0.00419	0.00404	0.00349	0.79225
16	0.02174	0.01602	0.01717	0.01316	0.01774	0.01774	0.01087	0.74423	0.02689	0.03605	0.01373	0.01373	0.00973	0.00687	0.00572	0.00172	0.00629	0.00515	0.00572	0.00973
17	0.01080	0.01017	0.01716	0.78523	0.03940	0.01271	0.01589	0.01461	0.01144	0.01461	0.01017	0.01525	0.00762	0.00572	0.00572	0.00191	0.00762	0.00508	0.00254	0.00635
18	0.00994	0.00497	0.00745	0.00745	0.00745	0.00497	0.00497	0.00745	0.00745	0.00994	0.00994	0.01739	0.00994	0.01987	0.02235	0.83358	0.00497	0.00497	0.00248	0.00248
19	0.01416	0.01359	0.02322	0.03511	0.76330	0.01359	0.01755	0.01755	0.01302	0.01869	0.01076	0.01416	0.00906	0.00510	0.00566	0.00170	0.00680	0.00510	0.00283	0.00906
20	0.01161	0.00991	0.01160	0.00845	0.01329	0.00748	0.00670	0.01408	0.01182	0.01844	0.01124	0.05125	0.00995	0.00492	0.00439	0.00092	0.00419	0.00404	0.00349	0.79225
21	0.75391	0.09314	0.01064	0.00776	0.01144	0.01385	0.00657	0.01685	0.00993	0.02440	0.00796	0.00928	0.00631	0.00527	0.00355	0.00171	0.00460	0.00309	0.00343	0.00631
22	0.01257	0.01381	0.02914	0.02123	0.02628	0.01285	0.61006	0.01678	0.01309	0.01786	0.01409	0.11625	0.01244	0.00649	0.00670	0.00193	0.00855	0.00781	0.00323	0.04886
23	0.01416	0.01359	0.02322	0.03511	0.76330	0.01359	0.01755	0.01755	0.01302	0.01869	0.01076	0.01416	0.00906	0.00510	0.00566	0.00170	0.00680	0.00510	0.00283	0.00906
24	0.01161	0.00991	0.01160	0.00845	0.01329	0.00748	0.00670	0.01408	0.01182	0.01844	0.01124	0.05125	0.00995	0.00492	0.00439	0.00092	0.00419	0.00404	0.00349	0.79225
25	0.00994	0.00497	0.00745	0.00745	0.00745	0.00497	0.00497	0.00745	0.00745	0.00994	0.00994	0.01739	0.00994	0.01987	0.02235	0.83358	0.00497	0.00497	0.00248	0.00248
26	0.01394	0.01337	0.02282	0.08417	0.71596	0.01353	0.01745	0.01736	0.01292	0.01842	0.01072	0.01423	0.00897	0.00514	0.00567	0.00171	0.00685	0.00510	0.00281	0.00888
27	0.01186	0.01017	0.01186	0.00847	0.01356	0.00762	0.00678	0.01440	0.01186	0.01864	0.01017	0.01186	0.00847	0.00424	0.00424	0.00085	0.00424	0.00339	0.00339	0.83395
28	0.02438	0.01791	0.01904	0.01510	0.01976	0.01909	0.01204	0.70969	0.02809	0.03797	0.01671	0.01802	0.01266	0.00890	0.00705	0.00229	0.00730	0.00614	0.00667	0.01119
29	0.01149	0.00852	0.01146	0.01133	0.01262	0.00903	0.00850	0.01259	0.01128	0.01634	0.01822	0.02631	0.01700	0.04312	0.73890	0.00939	0.01587	0.00707	0.00415	0.00680
30	0.01322	0.02222	0.45824	0.01460	0.02046	0.01193	0.01595	0.01708	0.01506	0.02162	0.18505	0.02924	0.12688	0.01020	0.00725	0.00240	0.00730	0.00772	0.00479	0.00879
31	0.01479	0.01358	0.01903	0.59929	0.03575	0.05504	0.01607	0.01708	0.01329	0.01746	0.01288	0.01881	0.01063	0.00843	0.00886	0.00254	0.11884	0.00600	0.00367	0.00798
32	0.01064	0.00863	0.00870	0.00848	0.01072	0.00744	0.00615	0.01213	0.06333	0.01896	0.05643	0.05505	0.67751	0.01570	0.00797	0.00250	0.00418	0.01235	0.00632	0.00681
33	0.01634	0.01667	0.03195	0.02347	0.02919	0.01509	0.61162	0.01978	0.01516	0.02117	0.01448	0.01917	0.01163	0.00688	0.00770	0.00236	0.00978	0.00723	0.00405	0.11628
34	0.01512	0.13089	0.63764	0.01724	0.02512	0.01607	0.02031	0.01996	0.01396	0.02033	0.01312	0.01607	0.01031	0.00747	0.00655	0.00231	0.00904	0.00512	0.00354	0.00983
35	0.01250	0.00949	0.01109	0.01152	0.01350	0.00903	0.00919	0.01560	0.11084	0.02044	0.03866	0.05821	0.22052	0.01601	0.00856	0.00289	0.00561	0.41269	0.00632	0.00733
36	0.01732	0.11777	0.02566	0.03266	0.63088	0.01632	0.01738	0.01950	0.01474	0.02080	0.01352	0.01777	0.01180	0.00720	0.00674	0.00222	0.00768	0.00583	0.00388	0.01033
37	0.02583	0.01144	0.01461	0.01188	0.01600	0.00983	0.00931	0.02715	0.01808	0.63602	0.12064	0.02648	0.02202	0.00970	0.00721	0.00235	0.00566	0.00731	0.00786	0.01063
38	0.01772	0.01629	0.02396	0.06157	0.63391	0.05528	0.01773	0.04725	0.01556	0.02174	0.01388	0.01824	0.01191	0.00735	0.00697	0.00227	0.00797	0.00602	0.00403	0.01035
39	0.01869	0.01375	0.01499	0.01298	0.01655	0.01420	0.00993	0.15221	0.37578	0.10144	0.12730	0.02625	0.02301	0.00990	0.00717	0.00237	0.00569	0.00748	0.00681	0.05350
40	0.06367	0.01382	0.01509	0.01319	0.01691	0.01434	0.01018	0.09260	0.41531	0.19998	0.02424	0.02516	0.01855	0.00969	0.00708	0.00247	0.00588	0.03446	0.00691	0.01047
41	0.05243	0.06062	0.01831	0.01487	0.01667	0.01619	0.03919	0.05411	0.01282	0.01927	0.01471	0.11800	0.01467	0.01144	0.01375	0.00268	0.41581	0.00717	0.00430	0.09301
42	0.01580	0.01064	0.01269	0.01250	0.04630	0.01004	0.00872	0.11886	0.05522	0.11928	0.05581	0.39595	0.04453	0.01443	0.00781	0.00257	0.00531	0.01188	0.00644	0.04521
43	0.01437	0.01111	0.01242	0.01250	0.04230	0.03858	0.00871	0.15537	0.01656	0.02226	0.02845	0.44848	0.06060	0.01536	0.00794	0.00261	0.00555	0.03962	0.00608	0.05114
44	0.01582	0.01417	0.01410	0.01133	0.01587	0.10876	0.00855	0.01714	0.01438	0.02053	0.01589	0.05262	0.04072	0.00761	0.00599	0.00166	0.00604	0.00541	0.00456	0.61885

[dist]
# distance from previous block
# <min> <max>
3	23

[block]
# block no. 14 follows, 41 sequences, length 11
# corresponding to MSA columns:
# 982-992
name=unknown_O
#
# <colnr> <probs for GDERKNQSTAVLIFYWHMCP>
#	G	D	E	R	K	N	Q	S	T	A	V	L	I	F	Y	W	H	M	C	P
0	0.04066	0.01867	0.28670	0.01348	0.01969	0.01222	0.07830	0.14501	0.01467	0.02173	0.01088	0.01250	0.00820	0.00522	0.00513	0.00147	0.00660	0.00429	0.00341	0.29116
1	0.04735	0.01349	0.02119	0.06633	0.57463	0.01385	0.01582	0.11113	0.01473	0.04996	0.01146	0.01417	0.00916	0.00544	0.00559	0.00172	0.00660	0.00505	0.00338	0.00893
2	0.01789	0.01525	0.01487	0.06455	0.03020	0.14585	0.01011	0.36237	0.01984	0.04194	0.01735	0.01811	0.08699	0.00745	0.00616	0.00170	0.04163	0.00559	0.06607	0.02608
3	0.01657	0.01258	0.01367	0.01113	0.01477	0.01340	0.00890	0.43213	0.09691	0.02827	0.02147	0.12289	0.09375	0.00901	0.00593	0.00177	0.00518	0.00735	0.00543	0.07889
4	0.05281	0.12387	0.22860	0.06563	0.02012	0.11091	0.08807	0.01674	0.01239	0.01681	0.01203	0.09483	0.01080	0.00653	0.00526	0.00163	0.00715	0.00543	0.00304	0.11736
5	0.26970	0.01514	0.09369	0.01140	0.01605	0.01458	0.01022	0.35417	0.01876	0.12492	0.01275	0.01294	0.00896	0.00627	0.00503	0.00175	0.00577	0.00451	0.00488	0.00852
