[name]
unknown

[dist]
# distance from previous block
# <min> <max>
0	37

[block]
# block no. 0 follows, 38 sequences, length 24
# corresponding to MSA columns:
# 45-68
name=unknown_A
#
# <colnr> <probs for GDERKNQSTAVLIFYWHMCP>
#	G	D	E	R	K	N	Q	S	T	A	V	L	I	F	Y	W	H	M	C	P
0	0.01269	0.01117	0.01818	0.02598	0.43829	0.01117	0.01475	0.01592	0.01376	0.01895	0.02001	0.03732	0.02015	0.01013	0.00695	0.00220	0.00647	0.30399	0.00406	0.00784
1	0.00969	0.00658	0.00765	0.00745	0.00800	0.00653	0.00464	0.05348	0.01042	0.01402	0.01973	0.13915	0.02234	0.54816	0.02438	0.06298	0.00546	0.00926	0.00399	0.03611
2	0.83108	0.01163	0.00884	0.00791	0.01163	0.01350	0.00651	0.01768	0.01024	0.02699	0.00838	0.00977	0.00651	0.00558	0.00372	0.00186	0.00465	0.00326	0.00372	0.00651
3	0.01361	0.00823	0.01032	0.00902	0.01146	0.00796	0.00701	0.05012	0.09991	0.17156	0.48679	0.03608	0.04187	0.01062	0.00673	0.00190	0.00369	0.00920	0.00670	0.00724
4	0.00851	0.00615	0.00804	0.00757	0.00899	0.00568	0.00568	0.01135	0.01703	0.02412	0.74788	0.04494	0.05676	0.01230	0.00710	0.00189	0.00284	0.01088	0.00662	0.00568
5	0.00851	0.00615	0.00804	0.00757	0.00899	0.00568	0.00568	0.01135	0.01703	0.02412	0.74788	0.04494	0.05676	0.01230	0.00710	0.00189	0.00284	0.01088	0.00662	0.00568
6	0.00843	0.00615	0.00792	0.00748	0.00893	0.00564	0.00561	0.01118	0.01682	0.02364	0.70547	0.04574	0.09948	0.01248	0.00710	0.00190	0.00285	0.01099	0.00656	0.00564
7	0.83108	0.01163	0.00884	0.00791	0.01163	0.01350	0.00651	0.01768	0.01024	0.02699	0.00838	0.00977	0.00651	0.00558	0.00372	0.00186	0.00465	0.00326	0.00372	0.00651
8	0.00874	0.00626	0.00777	0.00733	0.00898	0.00563	0.00552	0.01126	0.01628	0.04374	0.57105	0.04716	0.21229	0.01282	0.00707	0.00192	0.00295	0.01115	0.00641	0.00567
9	0.83108	0.01163	0.00884	0.00791	0.01163	0.01350	0.00651	0.01768	0.01024	0.02699	0.00838	0.00977	0.00651	0.00558	0.00372	0.00186	0.00465	0.00326	0.00372	0.00651
10	0.01122	0.01026	0.01515	0.47882	0.04970	0.01203	0.01320	0.01687	0.13228	0.01727	0.02280	0.02524	0.15452	0.00815	0.00624	0.00201	0.00649	0.00702	0.00382	0.00691
11	0.02699	0.01024	0.01396	0.01070	0.01536	0.00884	0.00884	0.02932	0.01722	0.75522	0.02373	0.02048	0.01489	0.00745	0.00605	0.00186	0.00512	0.00605	0.00745	0.01024
12	0.83108	0.01163	0.00884	0.00791	0.01163	0.01350	0.00651	0.01768	0.01024	0.02699	0.00838	0.00977	0.00651	0.00558	0.00372	0.00186	0.00465	0.00326	0.00372	0.00651
13	0.02082	0.01458	0.01598	0.01260	0.01667	0.01591	0.01023	0.57560	0.02471	0.06766	0.01581	0.05550	0.01225	0.00880	0.00726	0.06016	0.00611	0.00605	0.04410	0.00920
14	0.00942	0.00631	0.00832	0.00793	0.00942	0.00582	0.00598	0.01208	0.01646	0.06125	0.62397	0.10701	0.05235	0.01275	0.00713	0.00197	0.00311	0.03635	0.00654	0.00584
15	0.01136	0.01069	0.01804	0.77412	0.04143	0.01337	0.01671	0.01537	0.01203	0.01537	0.01069	0.01604	0.00802	0.00601	0.00601	0.00200	0.00802	0.00535	0.00267	0.00668
16	0.00803	0.00635	0.00740	0.00795	0.00968	0.00572	0.00642	0.00998	0.01367	0.01684	0.04955	0.09014	0.46792	0.01587	0.00756	0.00231	0.00395	0.25986	0.00557	0.00523
17	0.01161	0.01095	0.01850	0.72188	0.09173	0.01343	0.01683	0.01559	0.01215	0.01567	0.01074	0.01596	0.00813	0.00597	0.00601	0.00199	0.00796	0.00535	0.00269	0.00688
18	0.01636	0.75926	0.03090	0.01052	0.01558	0.05576	0.01035	0.01827	0.01243	0.01418	0.00840	0.00970	0.00772	0.00519	0.00393	0.00130	0.00662	0.00325	0.00260	0.00769
19	0.00772	0.00551	0.00743	0.00882	0.00934	0.00522	0.00626	0.00905	0.01190	0.01579	0.03294	0.66665	0.03894	0.01848	0.00778	0.00250	0.00383	0.13127	0.00558	0.00499
20	0.01076	0.00990	0.01719	0.34784	0.07122	0.01083	0.11458	0.01399	0.01248	0.01644	0.01890	0.22273	0.01920	0.01024	0.00683	0.00218	0.00684	0.07758	0.00379	0.00647
21	0.01971	0.12024	0.01751	0.01333	0.01671	0.43949	0.01046	0.07332	0.06882	0.05194	0.09829	0.01624	0.01478	0.00705	0.00554	0.00162	0.00834	0.00503	0.00407	0.00748
22	0.01358	0.01106	0.01287	0.00927	0.01457	0.00871	0.00745	0.06024	0.01361	0.04381	0.01134	0.01285	0.00918	0.00472	0.00460	0.00098	0.00461	0.00376	0.00384	0.74895
23	0.01150	0.04423	0.01577	0.04322	0.01527	0.01346	0.03843	0.01320	0.01072	0.01546	0.01624	0.21752	0.01773	0.01196	0.01319	0.00236	0.38653	0.04497	0.00364	0.06459

[dist]
# distance from previous block
# <min> <max>
1	4

[block]
# block no. 1 follows, 38 sequences, length 11
# corresponding to MSA columns:
# 73-83
name=unknown_B
#
# <colnr> <probs for GDERKNQSTAVLIFYWHMCP>
#	G	D	E	R	K	N	Q	S	T	A	V	L	I	F	Y	W	H	M	C	P
0	0.02375	0.01359	0.01585	0.01223	0.01679	0.01398	0.01007	0.40798	0.02320	0.32721	0.05824	0.01855	0.01466	0.00759	0.00609	0.00183	0.00581	0.00597	0.00663	0.00998
1	0.02046	0.06398	0.30860	0.01322	0.01958	0.01174	0.01421	0.02461	0.01514	0.42137	0.01773	0.01678	0.01160	0.00663	0.00579	0.00185	0.00668	0.00525	0.00522	0.00956
2	0.01232	0.01125	0.01550	0.01528	0.11578	0.06154	0.09737	0.03403	0.01166	0.01587	0.01438	0.02429	0.01429	0.29259	0.08891	0.00404	0.08886	0.00669	0.02161	0.05374
3	0.00730	0.00534	0.00687	0.00810	0.00865	0.00491	0.00546	0.00841	0.01179	0.01547	0.03658	0.69518	0.12705	0.01840	0.00761	0.00239	0.00344	0.01656	0.00558	0.00491
4	0.02006	0.02054	0.01735	0.01817	0.15760	0.37333	0.01207	0.11024	0.06996	0.06871	0.01307	0.01433	0.01016	0.00644	0.00561	0.00167	0.00825	0.00482	0.05944	0.00817
5	0.00763	0.00559	0.00718	0.00802	0.00884	0.00514	0.00562	0.00916	0.01301	0.01737	0.18402	0.51768	0.13038	0.01697	0.00751	0.00229	0.00337	0.03933	0.00580	0.00510
6	0.00935	0.00844	0.01244	0.10665	0.11360	0.00814	0.06083	0.01175	0.01340	0.01700	0.05885	0.12041	0.38296	0.01240	0.00693	0.00206	0.00486	0.03909	0.00472	0.00611
7	0.83108	0.01163	0.00884	0.00791	0.01163	0.01350	0.00651	0.01768	0.01024	0.02699	0.00838	0.00977	0.00651	0.00558	0.00372	0.00186	0.00465	0.00326	0.00372	0.00651
8	0.00874	0.00587	0.00674	0.00674	0.00680	0.00593	0.00387	0.00886	0.00880	0.01180	0.01879	0.03847	0.02148	0.74630	0.07237	0.00605	0.00642	0.00862	0.00362	0.00374
9	0.00822	0.00614	0.00764	0.00726	0.00881	0.00555	0.00545	0.01079	0.01634	0.02250	0.60613	0.04761	0.19953	0.01290	0.00710	0.00192	0.00288	0.01125	0.00641	0.00555
10	0.02287	0.01685	0.01805	0.01384	0.01866	0.01866	0.01143	0.73100	0.02828	0.03791	0.01444	0.01444	0.01023	0.00722	0.00602	0.00181	0.00662	0.00542	0.00602	0.01023

[dist]
# distance from previous block
# <min> <max>
0	2

[block]
# block no. 2 follows, 38 sequences, length 14
# corresponding to MSA columns:
# 86-99
name=unknown_C
#
# <colnr> <probs for GDERKNQSTAVLIFYWHMCP>
#	G	D	E	R	K	N	Q	S	T	A	V	L	I	F	Y	W	H	M	C	P
0	0.01136	0.01069	0.01804	0.77412	0.04143	0.01337	0.01671	0.01537	0.01203	0.01537	0.01069	0.01604	0.00802	0.00601	0.00601	0.00200	0.00802	0.00535	0.00267	0.00668
1	0.01136	0.01069	0.01804	0.77412	0.04143	0.01337	0.01671	0.01537	0.01203	0.01537	0.01069	0.01604	0.00802	0.00601	0.00601	0.00200	0.00802	0.00535	0.00267	0.00668
2	0.01482	0.04965	0.47861	0.01905	0.12690	0.01529	0.01910	0.16551	0.01604	0.02287	0.01154	0.01327	0.00843	0.00596	0.00575	0.00185	0.00810	0.00474	0.00332	0.00922
3	0.00743	0.00528	0.00695	0.00825	0.00857	0.00495	0.00545	0.00840	0.01132	0.01510	0.03215	0.73185	0.03852	0.07338	0.00930	0.00268	0.00366	0.01651	0.00545	0.00480
4	0.55569	0.12466	0.09681	0.01140	0.05618	0.01510	0.02962	0.01797	0.01110	0.02366	0.00892	0.01055	0.00705	0.00551	0.00418	0.00179	0.00567	0.00361	0.00337	0.00716
5	0.02013	0.04652	0.01847	0.01415	0.01848	0.18136	0.07441	0.32378	0.05225	0.06505	0.01372	0.01464	0.01028	0.00764	0.02721	0.00191	0.00770	0.00513	0.02789	0.06928
6	0.00886	0.00775	0.01003	0.00907	0.01092	0.00765	0.05934	0.01137	0.05210	0.01682	0.08934	0.11336	0.41269	0.08259	0.01033	0.00245	0.07346	0.01123	0.00506	0.00557
7	0.01689	0.46563	0.06279	0.01430	0.01944	0.14193	0.14601	0.01959	0.01354	0.03586	0.00977	0.01152	0.00818	0.00539	0.00487	0.00151	0.00793	0.00419	0.00288	0.00780
8	0.35966	0.09590	0.28458	0.01239	0.01806	0.10259	0.01320	0.01896	0.01212	0.02143	0.00936	0.01095	0.00718	0.00566	0.00466	0.00179	0.00709	0.00376	0.00311	0.00755
9	0.01190	0.00691	0.00907	0.00810	0.01014	0.00624	0.00622	0.01459	0.01694	0.15982	0.58782	0.04087	0.07453	0.01150	0.00690	0.00189	0.00327	0.01005	0.00674	0.00650
10	0.01449	0.01585	0.07879	0.07492	0.21479	0.01423	0.31529	0.07102	0.01467	0.02051	0.01176	0.01507	0.00911	0.00535	0.00626	0.00181	0.00825	0.00583	0.00324	0.09875
11	0.01420	0.01623	0.03550	0.02535	0.03144	0.01521	0.72921	0.01927	0.01420	0.01927	0.01217	0.01623	0.00913	0.00507	0.00710	0.00203	0.01014	0.00710	0.00304	0.00811
12	0.00711	0.00609	0.00609	0.00609	0.00813	0.00508	0.00457	0.00863	0.01371	0.01625	0.06094	0.05789	0.74862	0.01524	0.00711	0.00203	0.00305	0.01270	0.00559	0.00508
13	0.02221	0.01764	0.08350	0.01391	0.01907	0.01752	0.01220	0.61644	0.02609	0.08862	0.01480	0.01473	0.01034	0.00710	0.00599	0.00182	0.00671	0.00538	0.00581	0.01011

[dist]
# distance from previous block
# <min> <max>
0	1

[block]
# block no. 3 follows, 38 sequences, length 59
# corresponding to MSA columns:
# 101-159
name=unknown_D
#
# <colnr> <probs for GDERKNQSTAVLIFYWHMCP>
#	G	D	E	R	K	N	Q	S	T	A	V	L	I	F	Y	W	H	M	C	P
0	0.00969	0.00659	0.00840	0.00934	0.01021	0.00623	0.00649	0.01161	0.05531	0.05567	0.03256	0.66180	0.03733	0.01786	0.00781	0.00253	0.00400	0.04477	0.00593	0.00586
1	0.01347	0.07266	0.57179	0.01852	0.05033	0.01509	0.09911	0.01998	0.04349	0.01971	0.01212	0.01439	0.00901	0.00619	0.00609	0.00202	0.00886	0.00503	0.00302	0.00913
2	0.01563	0.49337	0.27969	0.01332	0.01969	0.04951	0.01471	0.01906	0.01302	0.01655	0.00998	0.01178	0.00839	0.00587	0.00489	0.00165	0.00768	0.00392	0.00284	0.00845
3	0.02754	0.01074	0.01443	0.01118	0.01585	0.00926	0.00914	0.02964	0.01761	0.74730	0.02431	0.02139	0.01551	0.00791	0.00635	0.00199	0.00536	0.00627	0.00765	0.01057
4	0.00824	0.00590	0.00765	0.00879	0.00933	0.00544	0.00593	0.00928	0.01259	0.01702	0.11336	0.69415	0.04201	0.01845	0.00790	0.00251	0.00368	0.01650	0.00592	0.00537
5	0.02165	0.01791	0.04363	0.07959	0.06385	0.06993	0.01292	0.54867	0.02503	0.03314	0.01415	0.01528	0.01042	0.00736	0.00627	0.00194	0.00737	0.00549	0.00546	0.00995
6	0.02097	0.04213	0.01893	0.16384	0.02349	0.01809	0.01270	0.55830	0.02481	0.03310	0.01418	0.01558	0.01038	0.00738	0.00625	0.00196	0.00712	0.00556	0.00546	0.00978
7	0.01530	0.08530	0.14382	0.02227	0.12267	0.06754	0.32486	0.02003	0.04398	0.01944	0.01243	0.01552	0.00978	0.00587	0.00641	0.00193	0.00886	0.00585	0.00333	0.06483
8	0.01422	0.22466	0.53158	0.01581	0.02356	0.01673	0.03322	0.01949	0.01316	0.03628	0.01124	0.01319	0.00855	0.00608	0.00559	0.00188	0.00840	0.00446	0.00293	0.00896
9	0.00889	0.00669	0.00805	0.00768	0.00932	0.00597	0.00570	0.01114	0.01651	0.02255	0.55192	0.04911	0.24635	0.01351	0.00739	0.00206	0.00317	0.01154	0.00655	0.00590
10	0.01465	0.19238	0.36386	0.01562	0.02115	0.06968	0.01687	0.01853	0.01251	0.01724	0.01020	0.01302	0.00842	0.00726	0.00894	0.00205	0.19189	0.00457	0.00287	0.00830
11	0.01249	0.00741	0.00961	0.00863	0.01066	0.00668	0.00656	0.01501	0.01745	0.15174	0.61421	0.04131	0.04962	0.01186	0.00721	0.00202	0.00351	0.01020	0.00697	0.00685
12	0.02754	0.01074	0.01443	0.01118	0.01585	0.00926	0.00914	0.02964	0.01761	0.74730	0.02431	0.02139	0.01551	0.00791	0.00635	0.00199	0.00536	0.00627	0.00765	0.01057
13	0.00932	0.00671	0.00860	0.00856	0.00930	0.00705	0.00595	0.01028	0.01003	0.01383	0.02112	0.03370	0.06959	0.36460	0.38607	0.00752	0.01088	0.00809	0.00382	0.00499
14	0.00801	0.00665	0.00682	0.00675	0.00878	0.00559	0.00501	0.00944	0.01443	0.01761	0.12045	0.05725	0.68090	0.01536	0.00740	0.00215	0.00330	0.01268	0.00590	0.00552
15	0.01324	0.00741	0.00756	0.00706	0.00889	0.00751	0.00535	0.09407	0.01480	0.02475	0.01967	0.02243	0.01546	0.00750	0.00473	0.00158	0.00350	0.00581	0.72217	0.00651
16	0.02039	0.01624	0.01671	0.01373	0.01794	0.04808	0.01096	0.42357	0.30370	0.03245	0.01880	0.01838	0.01395	0.00801	0.00634	0.00202	0.00630	0.00612	0.00615	0.01015
17	0.01330	0.12852	0.65658	0.01667	0.02506	0.01558	0.02084	0.01936	0.01308	0.01907	0.01121	0.01331	0.00834	0.00613	0.00579	0.00196	0.00878	0.00453	0.00280	0.00909
18	0.02327	0.02322	0.01797	0.01511	0.01908	0.39410	0.01179	0.36753	0.02289	0.02667	0.01254	0.01362	0.00965	0.00717	0.00602	0.00181	0.00898	0.00487	0.00477	0.00892
19	0.01894	0.05537	0.01921	0.04588	0.01970	0.01565	0.10239	0.33939	0.09555	0.08157	0.06195	0.02264	0.04577	0.00841	0.00657	0.00203	0.00663	0.03745	0.00565	0.00926
20	0.02250	0.01810	0.01770	0.01417	0.01852	0.11333	0.01138	0.59034	0.02612	0.03405	0.01557	0.06036	0.01233	0.00824	0.00634	0.00194	0.00720	0.00614	0.00584	0.00983
21	0.01387	0.01363	0.01884	0.01621	0.01628	0.01873	0.01340	0.01498	0.00970	0.01517	0.00865	0.01416	0.00860	0.01096	0.01989	0.00276	0.76883	0.00549	0.00289	0.00696
22	0.01395	0.02981	0.67737	0.01714	0.02560	0.01451	0.02125	0.06926	0.01435	0.04129	0.01213	0.01404	0.00870	0.00635	0.00605	0.00203	0.00883	0.00480	0.00317	0.00937
23	0.10900	0.47714	0.23618	0.01246	0.01852	0.02006	0.01354	0.01873	0.01258	0.01772	0.00981	0.01157	0.00825	0.00585	0.00470	0.00167	0.00716	0.00382	0.00295	0.00828
24	0.01404	0.01269	0.01281	0.01183	0.01382	0.14450	0.00909	0.10645	0.04405	0.01821	0.01563	0.02156	0.01405	0.07006	0.43425	0.00656	0.03351	0.00618	0.00393	0.00678
25	0.00831	0.00666	0.00724	0.00707	0.00897	0.00572	0.00525	0.01002	0.01514	0.01930	0.26808	0.05447	0.53222	0.01472	0.00740	0.00212	0.00325	0.01229	0.00612	0.00565
26	0.01209	0.01119	0.01847	0.76572	0.04163	0.01373	0.01691	0.01586	0.01248	0.01605	0.01142	0.01700	0.00872	0.00650	0.00632	0.00214	0.00823	0.00557	0.00293	0.00706
27	0.01326	0.01389	0.02764	0.02130	0.04010	0.01365	0.48168	0.01831	0.05661	0.01908	0.01671	0.02710	0.01490	0.00797	0.00800	0.00221	0.05343	0.15284	0.00372	0.00760
28	0.00875	0.00583	0.00656	0.00656	0.00656	0.00583	0.00365	0.00875	0.00875	0.01166	0.01895	0.03937	0.02187	0.78858	0.03062	0.00583	0.00583	0.00875	0.00365	0.00365
29	0.00733	0.00524	0.00698	0.00838	0.00873	0.00489	0.00558	0.00838	0.01152	0.01536	0.03316	0.78466	0.03979	0.01885	0.00768	0.00244	0.00349	0.01710	0.00558	0.00489
30	0.01743	0.05514	0.20224	0.04919	0.03954	0.35758	0.15644	0.02116	0.01496	0.01679	0.01030	0.01262	0.00804	0.00579	0.00580	0.00174	0.00987	0.00472	0.00291	0.00774
31	0.02592	0.01000	0.01362	0.01052	0.01499	0.00866	0.00866	0.02827	0.01721	0.71272	0.06583	0.02190	0.01733	0.00773	0.00611	0.00186	0.00499	0.00633	0.00740	0.00997
32	0.79528	0.01184	0.01001	0.00868	0.01250	0.01357	0.03819	0.01775	0.01041	0.02665	0.00854	0.01006	0.00663	0.00556	0.00387	0.00187	0.00489	0.00343	0.00369	0.00659
33	0.01489	0.01429	0.02442	0.03692	0.75106	0.01429	0.01846	0.01846	0.01370	0.01965	0.01132	0.01489	0.00953	0.00536	0.00596	0.00179	0.00715	0.00536	0.00298	0.00953
34	0.01316	0.01316	0.01843	0.01579	0.01579	0.01843	0.01316	0.01448	0.00921	0.01448	0.00790	0.01316	0.00790	0.01053	0.01974	0.00263	0.77757	0.00526	0.00263	0.00658
35	0.00851	0.00615	0.00804	0.00757	0.00899	0.00568	0.00568	0.01135	0.01703	0.02412	0.74788	0.04494	0.05676	0.01230	0.00710	0.00189	0.00284	0.01088	0.00662	0.00568
36	0.00809	0.00531	0.00671	0.00783	0.00839	0.00503	0.00531	0.00949	0.01173	0.01675	0.03049	0.63459	0.03499	0.01652	0.00699	0.00224	0.00335	0.01484	0.16631	0.00503
37	0.00851	0.00615	0.00804	0.00757	0.00899	0.00568	0.00568	0.01135	0.01703	0.02412	0.74788	0.04494	0.05676	0.01230	0.00710	0.00189	0.00284	0.01088	0.00662	0.00568
38	0.01207	0.03112	0.75741	0.01715	0.02604	0.01397	0.02223	0.01905	0.01270	0.01905	0.01080	0.01270	0.00762	0.00572	0.00572	0.00191	0.00889	0.00445	0.00254	0.00889
39	0.00859	0.00645	0.00967	0.00967	0.01074	0.00752	0.00752	0.01074	0.00967	0.01396	0.01611	0.02363	0.01504	0.04512	0.76474	0.00967	0.01611	0.00645	0.00322	0.00537
40	0.01247	0.01069	0.01247	0.00891	0.01426	0.00802	0.00713	0.01515	0.01247	0.01960	0.01069	0.01247	0.00891	0.00446	0.00446	0.00089	0.00446	0.00356	0.00356	0.82536
41	0.00969	0.00692	0.00969	0.01108	0.01246	0.00692	0.00969	0.01246	0.01385	0.01800	0.03185	0.06786	0.03462	0.01662	0.00831	0.00277	0.00554	0.71057	0.00554	0.00554
42	0.01879	0.01246	0.01401	0.01193	0.01577	0.01355	0.00947	0.07983	0.49391	0.22478	0.02358	0.02135	0.01685	0.00790	0.00609	0.00198	0.00499	0.00650	0.00647	0.00977
43	0.00757	0.00541	0.00726	0.00865	0.00911	0.00510	0.00601	0.00880	0.01176	0.01563	0.03302	0.71100	0.03926	0.01862	0.00774	0.00248	0.00370	0.08836	0.00558	0.00495
44	0.02287	0.01685	0.01805	0.01384	0.01866	0.01866	0.01143	0.73100	0.02828	0.03791	0.01444	0.01444	0.01023	0.00722	0.00602	0.00181	0.00662	0.00542	0.00602	0.01023
45	0.01270	0.00763	0.01085	0.07985	0.01362	0.00816	0.00799	0.02814	0.01151	0.13944	0.01915	0.19865	0.01883	0.05202	0.13009	0.17800	0.06481	0.00849	0.00434	0.00573
46	0.01883	0.01408	0.12572	0.01671	0.14378	0.01103	0.05007	0.02352	0.07813	0.33245	0.10420	0.02119	0.01781	0.00734	0.00617	0.00188	0.00599	0.00638	0.00551	0.00921
47	0.02540	0.01154	0.03476	0.01125	0.01594	0.01022	0.00947	0.08707	0.06825	0.62506	0.02266	0.01990	0.01455	0.00743	0.00604	0.00187	0.00532	0.00601	0.00710	0.01015
48	0.02699	0.01024	0.01396	0.01070	0.01536	0.00884	0.00884	0.02932	0.01722	0.75522	0.02373	0.02048	0.01489	0.00745	0.00605	0.00186	0.00512	0.00605	0.00745	0.01024
49	0.01260	0.01295	0.02502	0.04837	0.09152	0.01309	0.37304	0.01647	0.01381	0.01928	0.15663	0.02184	0.01871	0.00949	0.05240	0.00249	0.09384	0.00738	0.00369	0.00738
50	0.03619	0.25347	0.46957	0.01517	0.02258	0.01681	0.05521	0.01893	0.01267	0.03321	0.01036	0.01207	0.00785	0.00555	0.00519	0.00173	0.00804	0.00422	0.00271	0.00847
51	0.00733	0.00524	0.00698	0.00838	0.00873	0.00489	0.00558	0.00838	0.01152	0.01536	0.03316	0.78466	0.03979	0.01885	0.00768	0.00244	0.00349	0.01710	0.00558	0.00489
52	0.01045	0.00522	0.00784	0.00784	0.00784	0.00522	0.00522	0.00784	0.00784	0.01045	0.01045	0.01829	0.01045	0.02090	0.02351	0.82497	0.00522	0.00522	0.00261	0.00261
53	0.07150	0.15596	0.31651	0.06162	0.12972	0.04660	0.01640	0.01957	0.03298	0.06332	0.01132	0.01316	0.00862	0.00586	0.00562	0.00178	0.02339	0.00449	0.00312	0.00846
54	0.00764	0.00559	0.00722	0.00844	0.00899	0.00531	0.00571	0.00936	0.04181	0.01580	0.03394	0.72329	0.06794	0.01826	0.00759	0.00241	0.00352	0.01649	0.00561	0.00509
55	0.02699	0.01024	0.01396	0.01070	0.01536	0.00884	0.00884	0.02932	0.01722	0.75522	0.02373	0.02048	0.01489	0.00745	0.00605	0.00186	0.00512	0.00605	0.00745	0.01024
56	0.01341	0.02707	0.58022	0.01853	0.04565	0.01385	0.12948	0.01972	0.01324	0.06568	0.01184	0.01379	0.00836	0.00572	0.00595	0.00192	0.00880	0.00498	0.00294	0.00887
57	0.01400	0.01795	0.12835	0.02558	0.11102	0.01495	0.55777	0.01915	0.01395	0.01928	0.01190	0.01562	0.00898	0.00519	0.00679	0.00199	0.00964	0.00656	0.00297	0.00837
58	0.01489	0.01429	0.02442	0.03692	0.75106	0.01429	0.01846	0.01846	0.01370	0.01965	0.01132	0.01489	0.00953	0.00536	0.00596	0.00179	0.00715	0.00536	0.00298	0.00953

[dist]
# distance from previous block
# <min> <max>
0	2

[block]
# block no. 4 follows, 38 sequences, length 14
# corresponding to MSA columns:
# 162-175
name=unknown_E
#
# <colnr> <probs for GDERKNQSTAVLIFYWHMCP>
#	G	D	E	R	K	N	Q	S	T	A	V	L	I	F	Y	W	H	M	C	P
0	0.67946	0.01524	0.14742	0.00962	0.01430	0.01358	0.00942	0.01794	0.01069	0.02552	0.00882	0.01031	0.00672	0.00561	0.00409	0.00187	0.00544	0.00348	0.00350	0.00695
1	0.01488	0.14682	0.02062	0.18778	0.23228	0.15885	0.01371	0.01770	0.01388	0.01698	0.07072	0.05367	0.01384	0.00685	0.00569	0.00175	0.00740	0.00573	0.00329	0.00756
2	0.00837	0.00608	0.00751	0.00719	0.00842	0.00563	0.00515	0.01051	0.01506	0.02078	0.52232	0.04561	0.14158	0.15639	0.01145	0.00264	0.00342	0.01072	0.00593	0.00522
3	0.01094	0.00769	0.00871	0.00854	0.01023	0.00769	0.00629	0.14839	0.01534	0.02106	0.03241	0.37294	0.16119	0.01394	0.00667	0.00207	0.00389	0.01209	0.14384	0.00607
4	0.01393	0.01249	0.01668	0.01428	0.01531	0.01637	0.01178	0.13503	0.01253	0.01835	0.01059	0.01539	0.00967	0.01662	0.16074	0.00385	0.50061	0.00552	0.00332	0.00697
5	0.01370	0.02014	0.31746	0.01601	0.02197	0.01326	0.15261	0.14920	0.01682	0.02370	0.17325	0.02077	0.01916	0.00731	0.00634	0.00191	0.00738	0.00655	0.00418	0.00828
6	0.01379	0.02409	0.49368	0.01496	0.02159	0.01336	0.01735	0.14895	0.01476	0.02109	0.01141	0.01397	0.00858	0.00856	0.00878	0.14119	0.00785	0.00476	0.00320	0.00808
7	0.01429	0.01233	0.01519	0.01303	0.01447	0.01540	0.01036	0.13788	0.14767	0.01988	0.01420	0.02014	0.01292	0.15921	0.01699	0.00300	0.35557	0.00624	0.00405	0.00718
8	0.00883	0.00694	0.00812	0.00832	0.00981	0.00681	0.00603	0.01308	0.13656	0.01914	0.19437	0.32341	0.20628	0.01476	0.00715	0.00216	0.00346	0.01296	0.00590	0.00589
9	0.01282	0.15600	0.49125	0.01440	0.02198	0.01449	0.01730	0.01812	0.01258	0.01833	0.01036	0.01214	0.00789	0.00538	0.00516	0.00161	0.00762	0.00407	0.00274	0.16576
10	0.00919	0.00721	0.00897	0.00857	0.01073	0.00602	0.00614	0.01082	0.01186	0.01689	0.02503	0.50542	0.02862	0.01364	0.00651	0.00188	0.00384	0.01221	0.00485	0.30159
11	0.16632	0.00686	0.00776	0.04401	0.01032	0.00716	0.00583	0.01058	0.01065	0.01673	0.02400	0.42477	0.02769	0.19595	0.01221	0.00310	0.00448	0.01193	0.00463	0.00499
12	0.00999	0.00738	0.00904	0.00954	0.01072	0.00761	0.00713	0.04680	0.10884	0.01773	0.02804	0.30786	0.03070	0.16435	0.01198	0.00310	0.00482	0.20340	0.00529	0.00569
13	0.01157	0.02238	0.44286	0.01657	0.02313	0.01216	0.14916	0.01685	0.01274	0.01841	0.01535	0.16185	0.01415	0.00806	0.00629	0.00198	0.00787	0.00733	0.00327	0.04803

[dist]
# distance from previous block
# <min> <max>
16	172

# created by:
# /software/SequenceAnalysis/GenePrediction/augustus/3.0.1/scripts/msa2prfl.pl ./fixed/BUSCOvEOG7KM0HF.fas
