[name]
unknown

[dist]
# distance from previous block
# <min> <max>
0	253

[block]
# block no. 0 follows, 39 sequences, length 25
# corresponding to MSA columns:
# 257-281
name=unknown_A
#
# <colnr> <probs for GDERKNQSTAVLIFYWHMCP>
#	G	D	E	R	K	N	Q	S	T	A	V	L	I	F	Y	W	H	M	C	P
0	0.01180	0.01209	0.18004	0.01091	0.01309	0.00800	0.00967	0.01147	0.01027	0.01432	0.01458	0.11251	0.01454	0.01755	0.01746	0.52005	0.00626	0.00686	0.00344	0.00511
1	0.01316	0.01094	0.01677	0.47543	0.13896	0.01230	0.01431	0.01627	0.01314	0.01873	0.01410	0.01903	0.01120	0.00704	0.00613	0.00208	0.00703	0.00579	0.19010	0.00752
2	0.01952	0.01603	0.02169	0.05012	0.38064	0.01671	0.01534	0.34508	0.02083	0.02866	0.01399	0.01650	0.01104	0.00713	0.00652	0.00205	0.00728	0.00577	0.00480	0.01030
3	0.01141	0.00871	0.01160	0.01448	0.17817	0.00843	0.00788	0.01203	0.01128	0.01558	0.02112	0.11789	0.04501	0.46457	0.02073	0.00441	0.00610	0.00919	0.02544	0.00597
4	0.01735	0.00906	0.01100	0.00988	0.01242	0.00848	0.00747	0.08105	0.01593	0.26065	0.05583	0.22408	0.02379	0.01258	0.03292	0.00241	0.00501	0.00931	0.19278	0.00799
5	0.01347	0.01235	0.02004	0.59193	0.20354	0.01410	0.01724	0.01682	0.01313	0.01749	0.01215	0.01751	0.00967	0.00676	0.00653	0.00219	0.00813	0.00573	0.00323	0.00798
6	0.02773	0.00878	0.01188	0.01503	0.17942	0.00818	0.00886	0.01231	0.01395	0.01907	0.13051	0.31415	0.19681	0.01427	0.00747	0.00234	0.00464	0.01230	0.00547	0.00684
7	0.02067	0.01259	0.01563	0.01305	0.01604	0.01345	0.01040	0.18392	0.03219	0.28850	0.02025	0.12873	0.01688	0.01054	0.00986	0.00235	0.18207	0.00765	0.00605	0.00917
8	0.01413	0.00694	0.00853	0.00772	0.00972	0.00699	0.00606	0.01661	0.01278	0.18781	0.01920	0.02154	0.01473	0.01408	0.14757	0.00303	0.03067	0.00575	0.45960	0.00653
9	0.01735	0.01956	0.01365	0.01251	0.01493	0.42380	0.00917	0.02198	0.18031	0.01612	0.01469	0.01963	0.01314	0.18518	0.01112	0.00259	0.00818	0.00555	0.00384	0.00668
10	0.00862	0.00601	0.00709	0.00740	0.00796	0.00589	0.00505	0.00942	0.01033	0.01343	0.02654	0.04728	0.11343	0.52118	0.02230	0.00459	0.00533	0.16972	0.00424	0.00418
11	0.01123	0.00878	0.01173	0.18406	0.01813	0.00959	0.00939	0.01737	0.18061	0.04976	0.30396	0.05310	0.03227	0.01014	0.00660	0.00201	0.00473	0.07432	0.00542	0.00681
12	0.01162	0.00850	0.00982	0.00857	0.01093	0.00841	0.00668	0.17553	0.01852	0.03966	0.41264	0.03978	0.20301	0.01152	0.00672	0.00187	0.00373	0.00979	0.00616	0.00655
13	0.00779	0.00608	0.00715	0.00785	0.00898	0.00573	0.00551	0.01034	0.07615	0.01622	0.04054	0.48843	0.26451	0.01648	0.00724	0.00224	0.00340	0.01455	0.00554	0.00526
14	0.01236	0.00658	0.00820	0.00778	0.00890	0.00619	0.00518	0.01311	0.01111	0.18226	0.02287	0.20484	0.02394	0.43798	0.01949	0.00409	0.00505	0.00986	0.00487	0.00533
15	0.00878	0.00763	0.01028	0.01339	0.17795	0.00701	0.00782	0.01063	0.01299	0.01654	0.04261	0.21352	0.42169	0.01358	0.00686	0.00203	0.00401	0.01183	0.00491	0.00594
16	0.01111	0.00929	0.01104	0.00864	0.01278	0.00718	0.00666	0.01338	0.01205	0.01832	0.01553	0.18863	0.01566	0.00759	0.00510	0.00122	0.00416	0.00653	0.00396	0.64116
17	0.01115	0.18494	0.01271	0.00797	0.00912	0.00942	0.00592	0.01018	0.00889	0.01137	0.01171	0.02076	0.01221	0.19239	0.02031	0.45321	0.00554	0.00547	0.00279	0.00394
18	0.01389	0.02126	0.40290	0.01360	0.01934	0.01284	0.01497	0.17958	0.01519	0.03911	0.01356	0.01902	0.01143	0.18475	0.01126	0.00273	0.00746	0.00559	0.00364	0.00790
19	0.01280	0.00719	0.00993	0.02835	0.01244	0.00682	0.00823	0.01508	0.01408	0.18614	0.09407	0.21686	0.03211	0.01415	0.00736	0.00235	0.00471	0.31502	0.00591	0.00639
20	0.01631	0.01326	0.01774	0.43054	0.03055	0.01550	0.01407	0.34257	0.01909	0.02518	0.01219	0.01505	0.00887	0.00645	0.00591	0.00188	0.00726	0.00529	0.00412	0.00815
21	0.00882	0.00577	0.00577	0.00577	0.00749	0.00523	0.00433	0.01089	0.01299	0.01874	0.04145	0.04107	0.41756	0.01130	0.00569	0.00172	0.00289	0.00931	0.37798	0.00523
22	0.01158	0.01014	0.01612	0.02314	0.41540	0.01006	0.01196	0.01373	0.01187	0.01658	0.01771	0.19593	0.01888	0.18712	0.01175	0.00281	0.00591	0.00865	0.00366	0.00702
23	0.01627	0.01505	0.02506	0.02856	0.42318	0.01523	0.17922	0.18137	0.01684	0.02331	0.01201	0.01484	0.00943	0.00562	0.00612	0.00181	0.00758	0.00567	0.00362	0.00921
24	0.00762	0.00598	0.00699	0.00761	0.00909	0.00536	0.00586	0.00929	0.01302	0.01617	0.04720	0.22536	0.42730	0.01609	0.00738	0.00225	0.00365	0.17323	0.00548	0.00505

[dist]
# distance from previous block
# <min> <max>
7	14

[block]
# block no. 1 follows, 39 sequences, length 51
# corresponding to MSA columns:
# 298-348
name=unknown_B
#
# <colnr> <probs for GDERKNQSTAVLIFYWHMCP>
#	G	D	E	R	K	N	Q	S	T	A	V	L	I	F	Y	W	H	M	C	P
0	0.02539	0.01472	0.01450	0.01173	0.01592	0.20398	0.00939	0.02748	0.01688	0.56790	0.01968	0.01770	0.01283	0.00700	0.00579	0.00175	0.00648	0.00540	0.00622	0.00924
1	0.02248	0.01656	0.01775	0.01361	0.01834	0.01834	0.01124	0.73556	0.02780	0.03727	0.01420	0.01420	0.01006	0.00710	0.00592	0.00177	0.00651	0.00532	0.00592	0.01006
2	0.01034	0.20925	0.01503	0.00966	0.01175	0.01151	0.00809	0.01240	0.01015	0.01378	0.01388	0.01970	0.01293	0.03425	0.57211	0.00739	0.01339	0.00552	0.00300	0.00587
3	0.00954	0.00696	0.00794	0.00704	0.00839	0.00629	0.00446	0.01022	0.00954	0.01347	0.01655	0.03190	0.01823	0.58967	0.02349	0.00448	0.00539	0.00729	0.00356	0.21558
4	0.00699	0.00599	0.00599	0.00599	0.00799	0.00499	0.00449	0.00849	0.01348	0.01598	0.05991	0.05691	0.75288	0.01498	0.00699	0.00200	0.00300	0.01248	0.00549	0.00499
5	0.00819	0.00580	0.00633	0.00633	0.00685	0.00554	0.00382	0.00857	0.00985	0.01263	0.02924	0.04338	0.20950	0.59239	0.02416	0.00477	0.00503	0.00960	0.00407	0.00395
6	0.00715	0.00536	0.00664	0.00766	0.00843	0.00485	0.00523	0.00830	0.01188	0.01532	0.03962	0.60030	0.22259	0.01761	0.00740	0.00230	0.00332	0.01570	0.00549	0.00485
7	0.01015	0.00913	0.01494	0.58010	0.03247	0.01100	0.01361	0.01334	0.01170	0.01511	0.01619	0.21435	0.01591	0.00916	0.00633	0.00208	0.00674	0.00823	0.00336	0.00612
8	0.00943	0.00536	0.00726	0.00726	0.00778	0.00510	0.00497	0.00791	0.00919	0.01174	0.02303	0.02799	0.20116	0.01911	0.01897	0.61563	0.00459	0.00702	0.00332	0.00319
9	0.00756	0.00530	0.00676	0.00778	0.00803	0.00504	0.00500	0.00833	0.01062	0.01416	0.02901	0.59562	0.03459	0.21739	0.01335	0.00326	0.00402	0.01470	0.00500	0.00449
10	0.00860	0.00573	0.00645	0.00645	0.00645	0.00573	0.00358	0.00860	0.00860	0.01147	0.01863	0.03870	0.02150	0.79217	0.03010	0.00573	0.00573	0.00860	0.00358	0.00358
11	0.62526	0.01574	0.01077	0.00969	0.01320	0.20738	0.00770	0.01899	0.01179	0.02343	0.00847	0.00988	0.00672	0.00564	0.00409	0.00175	0.00614	0.00336	0.00350	0.00652
12	0.00736	0.00601	0.00651	0.00638	0.00822	0.00515	0.00479	0.00921	0.01436	0.01807	0.24686	0.05347	0.56462	0.01420	0.00699	0.00196	0.00294	0.01200	0.00577	0.00515
13	0.02209	0.02819	0.01676	0.01524	0.01828	0.76843	0.01143	0.02361	0.01676	0.01447	0.00914	0.01066	0.00762	0.00609	0.00533	0.00152	0.01066	0.00381	0.00305	0.00686
14	0.00734	0.00600	0.00648	0.00636	0.00821	0.00514	0.00477	0.00917	0.01432	0.01796	0.23785	0.05364	0.57369	0.01424	0.00699	0.00196	0.00294	0.01202	0.00575	0.00514
15	0.00811	0.00584	0.00770	0.00777	0.00889	0.00542	0.00570	0.01045	0.01524	0.02128	0.54136	0.23626	0.05073	0.01390	0.00717	0.00203	0.00305	0.03752	0.00621	0.00538
16	0.00780	0.00557	0.00755	0.00892	0.00952	0.00532	0.00653	0.00927	0.01191	0.01577	0.03226	0.60282	0.03781	0.01796	0.00771	0.00248	0.00395	0.19640	0.00548	0.00497
17	0.01310	0.01107	0.01238	0.01138	0.01414	0.01283	0.00885	0.02606	0.55564	0.02191	0.02195	0.02236	0.01721	0.01736	0.20207	0.00393	0.00755	0.00660	0.00529	0.00831
18	0.00731	0.00583	0.00659	0.00698	0.00846	0.00510	0.00514	0.00887	0.01321	0.01650	0.10940	0.24443	0.46823	0.01573	0.00720	0.00213	0.00324	0.05507	0.00557	0.00502
19	0.02615	0.01885	0.02106	0.02137	0.02401	0.01651	0.01583	0.02385	0.02316	0.03222	0.04203	0.07499	0.04276	0.02431	0.01433	0.00542	0.01079	0.53797	0.01038	0.01401
20	0.01459	0.01257	0.01454	0.01286	0.01535	0.01524	0.01026	0.02659	0.51708	0.04825	0.01997	0.02040	0.01556	0.00874	0.00949	0.00216	0.20435	0.01826	0.00517	0.00858
21	0.57595	0.01019	0.00842	0.00758	0.01087	0.01123	0.00613	0.04106	0.01172	0.03904	0.02204	0.02214	0.19858	0.00802	0.00464	0.00187	0.00425	0.00572	0.00429	0.00625
22	0.02236	0.01540	0.20593	0.01216	0.01775	0.01013	0.01207	0.04056	0.01601	0.54104	0.03274	0.01847	0.01343	0.00696	0.00588	0.00184	0.00598	0.00561	0.00604	0.00964
23	0.00824	0.00558	0.00656	0.00691	0.00700	0.00549	0.00407	0.00851	0.00930	0.01240	0.02222	0.23139	0.02603	0.59330	0.02430	0.00488	0.00514	0.01071	0.00407	0.00390
24	0.00723	0.00578	0.00648	0.00677	0.00826	0.00502	0.00490	0.00879	0.01337	0.01681	0.14749	0.24318	0.47414	0.01550	0.00713	0.00208	0.00308	0.01335	0.00563	0.00502
25	0.00843	0.00596	0.00753	0.00719	0.00822	0.00562	0.00507	0.01050	0.01465	0.02057	0.56361	0.04277	0.04698	0.21261	0.01292	0.00286	0.00355	0.01016	0.00576	0.00507
26	0.00713	0.00560	0.00645	0.00707	0.00828	0.00492	0.00498	0.00845	0.01258	0.01580	0.06753	0.39355	0.40365	0.01653	0.00725	0.00218	0.00319	0.01442	0.00552	0.00492
27	0.01226	0.01051	0.01226	0.00876	0.01401	0.00788	0.00701	0.01489	0.01226	0.01927	0.01051	0.01226	0.00876	0.00438	0.00438	0.00088	0.00438	0.00350	0.00350	0.82832
28	0.01449	0.02997	0.57008	0.01644	0.02372	0.20773	0.01917	0.01998	0.01358	0.01763	0.01023	0.01202	0.00752	0.00574	0.00554	0.00178	0.00923	0.00423	0.00264	0.00826
29	0.00897	0.00646	0.00811	0.00912	0.00979	0.00587	0.00616	0.00978	0.01298	0.01756	0.11719	0.66043	0.06670	0.01837	0.00806	0.00259	0.00390	0.01616	0.00607	0.00573
30	0.00920	0.00732	0.00889	0.09672	0.01322	0.00681	0.00700	0.01033	0.01329	0.01693	0.04305	0.36126	0.34997	0.01622	0.00771	0.00244	0.00431	0.01378	0.00563	0.00592
31	0.02487	0.01228	0.01481	0.01174	0.01603	0.01168	0.00944	0.20946	0.02003	0.47235	0.02173	0.02075	0.01482	0.00819	0.00637	0.00204	0.00567	0.00620	0.10130	0.01024
32	0.51192	0.01612	0.01162	0.01061	0.01376	0.20728	0.00805	0.01895	0.01261	0.02287	0.01124	0.01540	0.00995	0.09703	0.00782	0.00248	0.00680	0.00451	0.00401	0.00699
33	0.01668	0.01342	0.02250	0.01705	0.02164	0.01248	0.32725	0.10113	0.01681	0.14316	0.02790	0.02899	0.20269	0.00921	0.00730	0.00222	0.00737	0.00847	0.00521	0.00854
34	0.01334	0.01102	0.01394	0.01352	0.09978	0.00921	0.00960	0.01562	0.01369	0.02021	0.01745	0.02865	0.01677	0.00860	0.00620	0.00175	0.00549	0.18724	0.00445	0.50347
35	0.01002	0.00693	0.00757	0.00750	0.00788	0.00660	0.00443	0.00978	0.01019	0.01352	0.02470	0.04226	0.10664	0.68472	0.02750	0.00549	0.00592	0.00944	0.00432	0.00460
36	0.50957	0.01112	0.01007	0.00916	0.01187	0.01259	0.00725	0.01707	0.01154	0.02513	0.01260	0.01537	0.01031	0.00743	0.00629	0.00208	0.09386	0.00455	0.21517	0.00697
37	0.01951	0.01491	0.01586	0.01318	0.01693	0.01630	0.01028	0.39625	0.26971	0.03095	0.01950	0.02175	0.01550	0.09857	0.00937	0.00259	0.00628	0.00664	0.00614	0.00978
38	0.01592	0.01430	0.01945	0.02061	0.20826	0.01513	0.09535	0.02681	0.44290	0.02373	0.02118	0.02194	0.02897	0.00805	0.00674	0.00221	0.00639	0.00690	0.00532	0.00984
39	0.01717	0.02422	0.01200	0.07326	0.01506	0.00850	0.00821	0.01880	0.01563	0.31775	0.09360	0.12176	0.22366	0.01191	0.00710	0.00222	0.00489	0.00972	0.00649	0.00807
40	0.02220	0.01842	0.01849	0.11483	0.02223	0.13069	0.01250	0.51803	0.02462	0.03185	0.01439	0.01594	0.01082	0.00778	0.00647	0.00204	0.00779	0.00557	0.00551	0.00982
41	0.01520	0.01459	0.02570	0.03044	0.46633	0.01405	0.20105	0.01851	0.01488	0.02107	0.09797	0.02042	0.01603	0.00701	0.00691	0.00211	0.00776	0.00681	0.00388	0.00929
42	0.01481	0.01124	0.01205	0.01152	0.03937	0.01199	0.00843	0.05209	0.39056	0.03580	0.02730	0.02734	0.10226	0.00935	0.00627	0.00210	0.00468	0.00738	0.21684	0.00863
43	0.00870	0.00706	0.00734	0.00742	0.00931	0.00596	0.00537	0.00975	0.01426	0.01757	0.08190	0.14149	0.62920	0.01607	0.00767	0.00231	0.00361	0.01322	0.00599	0.00582
44	0.01391	0.01713	0.20739	0.03695	0.10397	0.01114	0.01303	0.01729	0.01339	0.02036	0.01213	0.01481	0.00992	0.00589	0.00559	0.00157	0.00644	0.00450	0.00367	0.48092
45	0.01884	0.04755	0.02214	0.05286	0.32849	0.29569	0.05618	0.03435	0.03151	0.01894	0.01214	0.01526	0.01020	0.00668	0.00628	0.00194	0.00892	0.00523	0.00361	0.02319
46	0.01379	0.03648	0.41025	0.01516	0.04614	0.09899	0.01588	0.01778	0.01429	0.03478	0.02489	0.02599	0.20080	0.00911	0.00657	0.00213	0.00773	0.00694	0.00399	0.00832
47	0.01536	0.24056	0.13694	0.01662	0.02073	0.01879	0.14646	0.03154	0.01274	0.01760	0.01126	0.02868	0.00998	0.00813	0.01043	0.00223	0.25490	0.00551	0.00329	0.00823
48	0.01230	0.01015	0.01089	0.01036	0.01205	0.09495	0.01945	0.01402	0.02458	0.04745	0.21955	0.09695	0.08817	0.08605	0.20515	0.00446	0.00822	0.02357	0.00523	0.00645
49	0.02097	0.01386	0.02056	0.02114	0.22966	0.01346	0.09581	0.13040	0.03129	0.27523	0.01850	0.02126	0.01397	0.00791	0.00702	0.00216	0.02085	0.04034	0.00558	0.01002
50	0.02395	0.01951	0.01774	0.01451	0.01879	0.21044	0.01146	0.42457	0.04453	0.12533	0.01580	0.01635	0.01166	0.00788	0.00641	0.00200	0.00781	0.00553	0.00582	0.00992

[dist]
# distance from previous block
# <min> <max>
0	3

[block]
# block no. 2 follows, 39 sequences, length 8
# corresponding to MSA columns:
# 352-359
name=unknown_C
#
# <colnr> <probs for GDERKNQSTAVLIFYWHMCP>
#	G	D	E	R	K	N	Q	S	T	A	V	L	I	F	Y	W	H	M	C	P
0	0.01895	0.00923	0.01202	0.00939	0.01338	0.00778	0.00757	0.02143	0.01579	0.41417	0.19068	0.02391	0.02288	0.00775	0.00582	0.00161	0.00436	0.00648	0.00624	0.20056
1	0.01080	0.01090	0.02178	0.01712	0.02046	0.01021	0.39308	0.01393	0.01273	0.01714	0.02162	0.37728	0.02307	0.01132	0.00725	0.00218	0.00691	0.01158	0.00416	0.00649
2	0.01545	0.57508	0.20109	0.01172	0.01761	0.02036	0.01279	0.01853	0.01239	0.05445	0.00958	0.01075	0.00794	0.00531	0.00434	0.00144	0.00682	0.00359	0.00278	0.00799
3	0.01063	0.01073	0.00897	0.00935	0.01071	0.18333	0.00664	0.01189	0.01310	0.01516	0.03351	0.43533	0.19884	0.01479	0.00690	0.00210	0.00502	0.01276	0.00492	0.00533
4	0.01683	0.39464	0.02286	0.01085	0.01579	0.05271	0.00971	0.18536	0.01599	0.02066	0.01020	0.01129	0.00844	0.00543	0.00450	0.00131	0.00611	0.00378	0.00357	0.19997
5	0.01258	0.01539	0.18734	0.01257	0.01664	0.01277	0.01182	0.02357	0.40140	0.02076	0.01900	0.02010	0.01482	0.01597	0.18447	0.00373	0.00824	0.00606	0.00453	0.00826
6	0.00879	0.00708	0.00988	0.18729	0.01615	0.00725	0.00793	0.01163	0.01504	0.02039	0.46140	0.03970	0.16283	0.01114	0.00673	0.00191	0.00402	0.00973	0.00543	0.00571
7	0.01027	0.00514	0.00770	0.00770	0.00770	0.00514	0.00514	0.00770	0.00770	0.01027	0.01027	0.01798	0.01027	0.02054	0.02311	0.82794	0.00514	0.00514	0.00257	0.00257

[dist]
# distance from previous block
# <min> <max>
0	10

[block]
# block no. 3 follows, 39 sequences, length 58
# corresponding to MSA columns:
# 370-427
name=unknown_D
#
# <colnr> <probs for GDERKNQSTAVLIFYWHMCP>
#	G	D	E	R	K	N	Q	S	T	A	V	L	I	F	Y	W	H	M	C	P
0	0.01891	0.01386	0.01520	0.01281	0.01621	0.01472	0.00997	0.49245	0.02319	0.03120	0.02132	0.25812	0.02049	0.01161	0.00704	0.00224	0.00601	0.00937	0.00622	0.00908
1	0.00881	0.00629	0.00796	0.00919	0.00966	0.00576	0.00610	0.00939	0.01216	0.01636	0.03312	0.75006	0.03926	0.04212	0.00879	0.00275	0.00403	0.01676	0.00588	0.00556
2	0.53561	0.01304	0.01297	0.01139	0.01400	0.01566	0.00923	0.03861	0.01122	0.02412	0.00977	0.01286	0.00837	0.00803	0.00931	0.00233	0.24792	0.00439	0.00388	0.00729
3	0.55830	0.01064	0.00905	0.00838	0.01096	0.01164	0.00617	0.01557	0.01055	0.02293	0.01299	0.02078	0.01256	0.25234	0.01259	0.00331	0.00544	0.00540	0.00412	0.00628
4	0.00959	0.00707	0.00972	0.01009	0.01104	0.00745	0.00742	0.01092	0.01103	0.01556	0.02241	0.26412	0.02363	0.03635	0.51368	0.00737	0.01220	0.01004	0.00439	0.00591
5	0.01035	0.00795	0.00966	0.00941	0.01143	0.00669	0.00663	0.01146	0.01253	0.01778	0.02663	0.52971	0.03030	0.01478	0.00713	0.00218	0.00426	0.01284	0.00531	0.26298
6	0.01802	0.01702	0.02999	0.02201	0.02761	0.01670	0.49168	0.24382	0.01914	0.02596	0.01408	0.01734	0.01069	0.00663	0.00723	0.00219	0.00927	0.00688	0.00441	0.00934
7	0.01003	0.00725	0.00959	0.00953	0.01038	0.00774	0.00682	0.01104	0.01018	0.01443	0.01804	0.02983	0.01812	0.27815	0.52073	0.00841	0.01292	0.00748	0.00380	0.00553
8	0.01891	0.01386	0.01520	0.01281	0.01621	0.01472	0.00997	0.49245	0.02319	0.03120	0.02132	0.25812	0.02049	0.01161	0.00704	0.00224	0.00601	0.00937	0.00622	0.00908
9	0.00954	0.00687	0.00866	0.00872	0.00990	0.00624	0.00621	0.01132	0.01584	0.02220	0.51145	0.27803	0.05087	0.01492	0.00774	0.00229	0.00354	0.01294	0.00661	0.00611
10	0.01056	0.00871	0.01148	0.01152	0.01190	0.00989	0.00848	0.01125	0.01153	0.01620	0.02577	0.52992	0.02999	0.01664	0.01183	0.00271	0.24710	0.01336	0.00503	0.00611
11	0.01013	0.00685	0.00757	0.00750	0.00765	0.00664	0.00429	0.00974	0.00958	0.01293	0.01990	0.04010	0.02258	0.77483	0.03015	0.00591	0.00621	0.00898	0.00407	0.00440
12	0.00959	0.00707	0.00972	0.01009	0.01104	0.00745	0.00742	0.01092	0.01103	0.01556	0.02241	0.26412	0.02363	0.03635	0.51368	0.00737	0.01220	0.01004	0.00439	0.00591
13	0.56021	0.01282	0.01122	0.01013	0.01375	0.01445	0.00797	0.02270	0.24059	0.02708	0.01469	0.01558	0.01148	0.00726	0.00506	0.00215	0.00511	0.00480	0.00488	0.00808
14	0.00959	0.00707	0.00972	0.01009	0.01104	0.00745	0.00742	0.01092	0.01103	0.01556	0.02241	0.26412	0.02363	0.03635	0.51368	0.00737	0.01220	0.01004	0.00439	0.00591
15	0.00998	0.00744	0.01055	0.01049	0.01166	0.00826	0.00801	0.01165	0.01046	0.01514	0.01717	0.02499	0.01602	0.04442	0.75159	0.00959	0.01608	0.00677	0.00367	0.00606
16	0.79699	0.01254	0.00997	0.00894	0.01268	0.01412	0.00716	0.03537	0.01143	0.02790	0.00988	0.01179	0.00792	0.00650	0.00438	0.00209	0.00512	0.00376	0.00420	0.00724
17	0.01488	0.01357	0.02068	0.43740	0.28037	0.03283	0.01693	0.06884	0.01455	0.01948	0.01240	0.01708	0.00993	0.00675	0.00649	0.00214	0.00799	0.00569	0.00349	0.00852
18	0.01162	0.05959	0.39852	0.01303	0.01868	0.01140	0.01453	0.01558	0.01397	0.01923	0.08530	0.04625	0.24626	0.01025	0.00672	0.00215	0.00666	0.00806	0.00432	0.00789
19	0.01264	0.01152	0.01859	0.76105	0.04113	0.01387	0.01683	0.01609	0.01273	0.01648	0.01197	0.01770	0.00928	0.00688	0.00652	0.00223	0.00831	0.00571	0.00314	0.00732
20	0.01278	0.01054	0.01659	0.27159	0.26617	0.01132	0.02723	0.01608	0.01287	0.01917	0.01394	0.01796	0.01110	0.00629	0.00555	0.00180	0.00617	0.00552	0.25993	0.00742
21	0.00754	0.00607	0.00661	0.00702	0.00853	0.00522	0.00502	0.00876	0.01307	0.01612	0.05147	0.28582	0.52484	0.01632	0.00735	0.00220	0.00330	0.01392	0.00563	0.00518
22	0.82845	0.01174	0.00902	0.00809	0.01177	0.01349	0.00660	0.01767	0.01036	0.02688	0.00870	0.01025	0.00685	0.00579	0.00387	0.00191	0.00473	0.00336	0.00381	0.00664
23	0.01193	0.01005	0.01489	0.40438	0.06054	0.01144	0.01257	0.10202	0.01399	0.01845	0.01835	0.25758	0.01841	0.01027	0.00661	0.00215	0.00642	0.00902	0.00410	0.00681
24	0.02123	0.00921	0.01270	0.01050	0.01399	0.00854	0.00847	0.02332	0.01485	0.52137	0.02135	0.02167	0.01507	0.01918	0.24455	0.00431	0.00856	0.00621	0.00615	0.00878
25	0.57482	0.01334	0.01185	0.00992	0.01393	0.01508	0.00812	0.24214	0.01590	0.03023	0.01057	0.01169	0.00799	0.00630	0.00457	0.00189	0.00534	0.00402	0.00452	0.00778
26	0.26693	0.00827	0.00957	0.00927	0.01118	0.00950	0.00728	0.01303	0.00998	0.01817	0.01388	0.01952	0.01255	0.03223	0.52428	0.00713	0.01239	0.00549	0.00348	0.00587
27	0.01162	0.01082	0.01800	0.77270	0.04086	0.01337	0.01655	0.01542	0.01211	0.01554	0.01096	0.01637	0.00832	0.00621	0.00610	0.00205	0.00802	0.00540	0.00279	0.00680
28	0.00769	0.00550	0.00721	0.00855	0.00893	0.00509	0.00570	0.00859	0.01161	0.01552	0.03289	0.78332	0.03932	0.01874	0.00773	0.00248	0.00360	0.01687	0.00563	0.00505
29	0.01106	0.00941	0.01061	0.00820	0.01245	0.00724	0.00642	0.01320	0.01292	0.01864	0.02640	0.02685	0.24176	0.00800	0.00540	0.00132	0.00411	0.00646	0.00428	0.56528
30	0.00769	0.00550	0.00721	0.00855	0.00893	0.00509	0.00570	0.00859	0.01161	0.01552	0.03289	0.78332	0.03932	0.01874	0.00773	0.00248	0.00360	0.01687	0.00563	0.00505
31	0.02229	0.01679	0.24774	0.01280	0.01869	0.01053	0.01299	0.02587	0.01578	0.52293	0.01971	0.01831	0.01279	0.00708	0.00603	0.00193	0.00634	0.00559	0.00594	0.00986
32	0.00892	0.00668	0.00983	0.00981	0.01090	0.00766	0.00758	0.01090	0.00980	0.01417	0.01625	0.02378	0.01517	0.04437	0.76341	0.00953	0.01592	0.00647	0.00332	0.00552
33	0.00857	0.00616	0.00665	0.00663	0.00730	0.00578	0.00409	0.00892	0.01043	0.01333	0.03193	0.04483	0.25043	0.54387	0.02289	0.00462	0.00503	0.00993	0.00433	0.00428
34	0.00895	0.00719	0.01062	0.24911	0.01899	0.00771	0.00911	0.01079	0.01185	0.01567	0.03753	0.52993	0.02983	0.01469	0.00721	0.00234	0.00498	0.01316	0.00475	0.00561
35	0.00928	0.00649	0.00838	0.00783	0.00934	0.00594	0.00586	0.01192	0.01699	0.04185	0.72964	0.04399	0.05489	0.01223	0.00713	0.00194	0.00301	0.01068	0.00666	0.00593
36	0.82845	0.01174	0.00902	0.00809	0.01177	0.01349	0.00660	0.01767	0.01036	0.02688	0.00870	0.01025	0.00685	0.00579	0.00387	0.00191	0.00473	0.00336	0.00381	0.00664
37	0.01138	0.01000	0.01778	0.01557	0.01841	0.00963	0.23608	0.01467	0.01399	0.01850	0.02557	0.05108	0.02645	0.01301	0.00797	0.00257	0.00701	0.48904	0.00482	0.00648
38	0.02120	0.00912	0.01220	0.00986	0.01345	0.00798	0.00790	0.02351	0.01711	0.52449	0.25149	0.02821	0.02789	0.00910	0.00646	0.00192	0.00448	0.00757	0.00719	0.00887
39	0.03341	0.00627	0.00794	0.00802	0.00919	0.00585	0.00578	0.01077	0.01509	0.02147	0.49988	0.27611	0.04918	0.01416	0.00724	0.00211	0.00321	0.01248	0.00624	0.00560
40	0.01022	0.00757	0.00861	0.00750	0.00919	0.00669	0.00487	0.01092	0.01005	0.01436	0.01649	0.03087	0.01785	0.54056	0.02208	0.00427	0.00546	0.00713	0.00371	0.26161
41	0.02515	0.01231	0.01513	0.01171	0.01626	0.01189	0.00959	0.24947	0.02057	0.51014	0.03925	0.01945	0.01463	0.00766	0.00615	0.00190	0.00559	0.00601	0.00699	0.01016
42	0.00949	0.00630	0.00927	0.00925	0.01001	0.00696	0.00688	0.01001	0.00924	0.01309	0.01451	0.02214	0.01376	0.03693	0.53036	0.26533	0.01257	0.00610	0.00314	0.00467
43	0.02285	0.01683	0.01801	0.01388	0.01863	0.01853	0.01141	0.73065	0.02797	0.03754	0.01462	0.01481	0.01048	0.00739	0.00611	0.00186	0.00665	0.00547	0.00605	0.01026
44	0.01098	0.00826	0.00896	0.00852	0.00961	0.00882	0.00561	0.01609	0.23894	0.01607	0.02073	0.03394	0.02076	0.54170	0.02259	0.00462	0.00555	0.00812	0.00450	0.00564
45	0.00797	0.00635	0.00702	0.00684	0.00865	0.00549	0.00509	0.00979	0.01491	0.01915	0.30640	0.05268	0.49981	0.01418	0.00717	0.00203	0.00309	0.01194	0.00599	0.00545
46	0.00834	0.00665	0.00739	0.00714	0.00899	0.00592	0.00533	0.01086	0.04648	0.01975	0.32482	0.05082	0.44808	0.01380	0.00712	0.00203	0.00316	0.01163	0.00604	0.00565
47	0.01246	0.00907	0.01061	0.01023	0.01199	0.00932	0.00749	0.23592	0.01676	0.02245	0.02714	0.54137	0.03024	0.01516	0.00722	0.00228	0.00456	0.01328	0.00576	0.00669
48	0.00769	0.00550	0.00721	0.00855	0.00893	0.00509	0.00570	0.00859	0.01161	0.01552	0.03289	0.78332	0.03932	0.01874	0.00773	0.00248	0.00360	0.01687	0.00563	0.00505
49	0.01200	0.01113	0.01738	0.17069	0.37817	0.01126	0.01366	0.01482	0.01342	0.01786	0.02670	0.02868	0.24189	0.00873	0.00641	0.00196	0.00607	0.00766	0.00383	0.00767
50	0.01477	0.01484	0.02747	0.05169	0.50568	0.01453	0.24190	0.01860	0.01385	0.01949	0.01182	0.01569	0.00963	0.00550	0.00640	0.00192	0.00811	0.00595	0.00310	0.00907
51	0.01060	0.00872	0.01221	0.01234	0.01328	0.01034	0.01060	0.01287	0.01219	0.01661	0.02395	0.04990	0.02582	0.01447	0.01168	0.00268	0.24795	0.49347	0.00455	0.00577
52	0.02271	0.01146	0.02234	0.01862	0.24652	0.01040	0.01174	0.02541	0.01581	0.52271	0.01942	0.01836	0.01294	0.00667	0.00592	0.00181	0.00568	0.00572	0.00591	0.00984
53	0.01432	0.01454	0.02722	0.05514	0.50729	0.01431	0.24177	0.01831	0.01357	0.01908	0.01137	0.01508	0.00920	0.00520	0.00621	0.00184	0.00797	0.00580	0.00294	0.00885
54	0.02348	0.02252	0.01581	0.01376	0.01729	0.53097	0.01057	0.02524	0.01681	0.24729	0.01358	0.01362	0.00981	0.00648	0.00552	0.00162	0.00890	0.00448	0.00438	0.00786
55	0.27610	0.01496	0.01492	0.01178	0.01618	0.01675	0.00973	0.51109	0.02226	0.03391	0.01233	0.01276	0.00892	0.00660	0.00521	0.00179	0.00590	0.00466	0.00521	0.00892
56	0.01117	0.01051	0.01774	0.77795	0.04073	0.01314	0.01642	0.01511	0.01182	0.01511	0.01051	0.01577	0.00788	0.00591	0.00591	0.00197	0.00788	0.00526	0.00263	0.00657
57	0.01140	0.00933	0.01071	0.01104	0.01299	0.03559	0.00894	0.01863	0.26414	0.01962	0.02825	0.15526	0.02838	0.01345	0.00724	0.00239	0.00507	0.34526	0.00557	0.00674

[dist]
# distance from previous block
# <min> <max>
0	7

[block]
# block no. 4 follows, 39 sequences, length 9
# corresponding to MSA columns:
# 435-443
name=unknown_E
#
# <colnr> <probs for GDERKNQSTAVLIFYWHMCP>
#	G	D	E	R	K	N	Q	S	T	A	V	L	I	F	Y	W	H	M	C	P
0	0.01120	0.11241	0.49613	0.01401	0.02031	0.01270	0.01657	0.01609	0.01215	0.01730	0.01562	0.19866	0.01511	0.00866	0.00587	0.00193	0.00719	0.00722	0.00322	0.00766
1	0.02043	0.23537	0.02074	0.01366	0.01745	0.47980	0.01105	0.10385	0.01674	0.01694	0.00947	0.01075	0.00789	0.00593	0.00498	0.00148	0.00901	0.00381	0.00324	0.00742
2	0.00996	0.00811	0.01260	0.01555	0.18907	0.00878	0.00949	0.01213	0.01034	0.01478	0.01507	0.02316	0.01435	0.13149	0.48997	0.00715	0.01242	0.00637	0.00316	0.00604
3	0.01522	0.01187	0.01446	0.19600	0.02144	0.01364	0.01098	0.02720	0.48479	0.10686	0.02073	0.02033	0.01522	0.00743	0.00598	0.00198	0.00549	0.00626	0.00535	0.00877
4	0.00821	0.00580	0.00634	0.00634	0.00682	0.00556	0.00380	0.00857	0.00977	0.01255	0.02856	0.04308	0.19733	0.60532	0.02454	0.00484	0.00508	0.00953	0.00404	0.00392
5	0.01102	0.00551	0.00551	0.00551	0.00689	0.00551	0.00413	0.01378	0.01240	0.02205	0.01929	0.02205	0.01516	0.00689	0.00413	0.00138	0.00276	0.00551	0.82500	0.00551
6	0.01027	0.00514	0.00770	0.00770	0.00770	0.00514	0.00514	0.00770	0.00770	0.01027	0.01027	0.01798	0.01027	0.02054	0.02311	0.82794	0.00514	0.00514	0.00257	0.00257
7	0.01038	0.00964	0.01530	0.54705	0.07651	0.01124	0.01366	0.01370	0.01232	0.01558	0.02242	0.02559	0.18708	0.00805	0.00617	0.00196	0.00666	0.00699	0.00333	0.00636
8	0.00783	0.00598	0.00718	0.00697	0.00853	0.00534	0.00519	0.01008	0.01533	0.02057	0.47386	0.08568	0.29914	0.01342	0.00701	0.00193	0.00289	0.01163	0.00610	0.00534

[dist]
# distance from previous block
# <min> <max>
0	2

[block]
# block no. 5 follows, 39 sequences, length 26
# corresponding to MSA columns:
# 446-471
name=unknown_F
#
# <colnr> <probs for GDERKNQSTAVLIFYWHMCP>
#	G	D	E	R	K	N	Q	S	T	A	V	L	I	F	Y	W	H	M	C	P
0	0.01364	0.01411	0.01030	0.00973	0.01087	0.29044	0.00651	0.01420	0.01165	0.01259	0.01509	0.02823	0.01632	0.49873	0.02085	0.00416	0.00757	0.00681	0.00338	0.00480
1	0.01102	0.00551	0.00551	0.00551	0.00689	0.00551	0.00413	0.01378	0.01240	0.02205	0.01929	0.02205	0.01516	0.00689	0.00413	0.00138	0.00276	0.00551	0.82500	0.00551
2	0.02502	0.01249	0.01523	0.01167	0.01631	0.01229	0.00964	0.29264	0.02099	0.48981	0.01992	0.01791	0.01293	0.00724	0.00594	0.00181	0.00558	0.00571	0.00680	0.01006
3	0.01190	0.00846	0.01379	0.01838	0.28677	0.00846	0.00999	0.01160	0.00985	0.01365	0.01059	0.01673	0.00993	0.01484	0.01667	0.51953	0.00584	0.00519	0.00270	0.00511
4	0.01449	0.50261	0.02400	0.00961	0.01474	0.01761	0.00896	0.01666	0.01211	0.01591	0.00908	0.01052	0.00803	0.00481	0.00401	0.00112	0.00560	0.00329	0.00289	0.31397
5	0.00846	0.00630	0.00932	0.00932	0.01031	0.00729	0.00716	0.01044	0.00945	0.01359	0.01601	0.02416	0.01519	0.08912	0.72451	0.00928	0.01524	0.00647	0.00319	0.00518
6	0.01291	0.00941	0.01093	0.01024	0.01222	0.00986	0.00764	0.27974	0.01748	0.02337	0.02573	0.49933	0.02827	0.01426	0.00694	0.00217	0.00458	0.01252	0.00565	0.00676
7	0.00759	0.00589	0.00616	0.00616	0.00741	0.00527	0.00415	0.00853	0.01166	0.01429	0.04450	0.05011	0.47986	0.30510	0.01562	0.00339	0.00402	0.01103	0.00478	0.00447
8	0.52721	0.01109	0.01002	0.00814	0.01240	0.01126	0.00663	0.01645	0.01089	0.02382	0.00908	0.01060	0.00728	0.00508	0.00393	0.00147	0.00450	0.00331	0.00360	0.31322
9	0.02211	0.02749	0.01682	0.01514	0.01829	0.72352	0.01142	0.06624	0.01742	0.01584	0.00944	0.01088	0.00776	0.00615	0.00537	0.00154	0.01042	0.00390	0.00322	0.00705
10	0.01808	0.01058	0.01301	0.00969	0.01455	0.00874	0.00785	0.06307	0.01491	0.29653	0.01605	0.03405	0.01176	0.00598	0.00513	0.00132	0.00473	0.00485	0.00512	0.45400
11	0.01734	0.02293	0.48237	0.01449	0.02168	0.01185	0.01694	0.02250	0.01414	0.29521	0.01536	0.01534	0.01016	0.00625	0.00574	0.00186	0.00736	0.00496	0.00430	0.00923
12	0.01978	0.00867	0.01215	0.01014	0.01340	0.00821	0.00821	0.02200	0.01416	0.48102	0.02053	0.02129	0.01469	0.02114	0.29069	0.00469	0.00907	0.00609	0.00577	0.00828
13	0.02202	0.01122	0.01370	0.01117	0.01528	0.01118	0.00901	0.04786	0.28884	0.46667	0.02337	0.02070	0.01580	0.00758	0.00597	0.00189	0.00494	0.00621	0.00680	0.00980
14	0.01059	0.02154	0.48080	0.01411	0.01998	0.01137	0.01645	0.01568	0.01137	0.01686	0.01256	0.01650	0.01021	0.02008	0.29049	0.00472	0.01139	0.00510	0.00275	0.00745
15	0.02207	0.01617	0.01731	0.01332	0.01793	0.01788	0.01099	0.70981	0.02726	0.03673	0.01438	0.01448	0.01024	0.00709	0.00585	0.00176	0.00637	0.00533	0.03514	0.00989
16	0.01186	0.01073	0.01760	0.02582	0.47654	0.01060	0.01342	0.01445	0.01267	0.01774	0.01914	0.30345	0.02047	0.01022	0.00649	0.00200	0.00568	0.00958	0.00388	0.00766
17	0.41184	0.01195	0.01113	0.00989	0.01346	0.01369	0.00789	0.02449	0.35054	0.06452	0.01637	0.01593	0.01223	0.00676	0.00487	0.00191	0.00465	0.00496	0.00495	0.00797
18	0.02502	0.01249	0.01523	0.01167	0.01631	0.01229	0.00964	0.29264	0.02099	0.48981	0.01992	0.01791	0.01293	0.00724	0.00594	0.00181	0.00558	0.00571	0.00680	0.01006
19	0.02502	0.01249	0.01523	0.01167	0.01631	0.01229	0.00964	0.29264	0.02099	0.48981	0.01992	0.01791	0.01293	0.00724	0.00594	0.00181	0.00558	0.00571	0.00680	0.01006
20	0.01284	0.00994	0.01048	0.00891	0.01190	0.01000	0.00707	0.28004	0.01899	0.02432	0.07815	0.04032	0.44003	0.01189	0.00659	0.00191	0.00430	0.00972	0.00570	0.00691
21	0.01359	0.00994	0.01154	0.00977	0.01237	0.01031	0.00769	0.28146	0.02066	0.02845	0.44912	0.06148	0.03809	0.01047	0.00660	0.00185	0.00420	0.00892	0.00625	0.00722
22	0.01796	0.01972	0.01256	0.01161	0.01403	0.48363	0.00870	0.01994	0.01513	0.01730	0.01293	0.01491	0.01043	0.00639	0.00488	0.00147	0.00771	0.00444	0.30988	0.00635
23	0.32536	0.01588	0.01426	0.01160	0.01576	0.09570	0.00945	0.39224	0.02002	0.03085	0.01144	0.01211	0.00844	0.00639	0.00501	0.00177	0.00623	0.00437	0.00477	0.00836
24	0.00855	0.00768	0.01038	0.29416	0.02021	0.00803	0.00895	0.01096	0.01286	0.01565	0.04147	0.04155	0.47477	0.01159	0.00659	0.00199	0.00482	0.00978	0.00442	0.00558
25	0.01525	0.01711	0.01737	0.49323	0.03235	0.29509	0.01456	0.01828	0.01367	0.01487	0.01000	0.01386	0.00778	0.00598	0.00570	0.00180	0.00892	0.00472	0.00278	0.00668

[dist]
# distance from previous block
# <min> <max>
3	5

[block]
# block no. 6 follows, 39 sequences, length 12
# corresponding to MSA columns:
# 477-488
name=unknown_G
#
# <colnr> <probs for GDERKNQSTAVLIFYWHMCP>
#	G	D	E	R	K	N	Q	S	T	A	V	L	I	F	Y	W	H	M	C	P
0	0.00823	0.00634	0.00778	0.00768	0.00934	0.00550	0.00556	0.01006	0.01334	0.01823	0.23114	0.33677	0.16981	0.01404	0.00682	0.00195	0.00332	0.01239	0.00548	0.12622
1	0.01317	0.02108	0.38705	0.01459	0.01988	0.01369	0.01580	0.14744	0.01459	0.02084	0.01461	0.14548	0.01341	0.00879	0.00803	0.00205	0.12111	0.00679	0.00365	0.00797
2	0.01263	0.02565	0.52880	0.02110	0.13387	0.01399	0.14300	0.01868	0.01288	0.01885	0.01092	0.01339	0.00802	0.00546	0.00589	0.00188	0.00870	0.00495	0.00264	0.00870
3	0.01569	0.01428	0.02424	0.01794	0.02243	0.01434	0.37036	0.24499	0.01738	0.02340	0.01390	0.01956	0.01161	0.14969	0.01087	0.00261	0.00809	0.00675	0.00403	0.00783
4	0.01643	0.02547	0.44990	0.01595	0.02277	0.14189	0.06419	0.02142	0.01412	0.15354	0.01278	0.01380	0.00892	0.00597	0.00572	0.00181	0.00847	0.00473	0.00351	0.00861
5	0.01507	0.01115	0.01731	0.05230	0.35432	0.01057	0.01243	0.01722	0.01270	0.12649	0.01264	0.01563	0.01013	0.00804	0.00855	0.14284	0.00596	0.00502	0.00361	0.15804
6	0.13345	0.01521	0.14526	0.21982	0.27993	0.01342	0.01588	0.01682	0.01222	0.01888	0.01229	0.01546	0.03796	0.00609	0.00602	0.00188	0.03351	0.00509	0.00297	0.00782
7	0.01314	0.01223	0.02043	0.10486	0.54755	0.01241	0.01568	0.01657	0.01390	0.01971	0.14665	0.02015	0.01772	0.00658	0.00607	0.00180	0.00634	0.00626	0.00355	0.00840
8	0.01665	0.07470	0.01517	0.02776	0.01538	0.05548	0.00940	0.37661	0.03745	0.02636	0.01946	0.26008	0.01912	0.01052	0.00624	0.00193	0.00573	0.00876	0.00529	0.00793
9	0.01552	0.01556	0.01987	0.07561	0.41541	0.12515	0.01485	0.02207	0.19638	0.01968	0.01402	0.01598	0.01118	0.00612	0.00582	0.00180	0.00703	0.00541	0.00370	0.00881
10	0.01892	0.01944	0.01844	0.15796	0.14838	0.30180	0.01344	0.21046	0.01823	0.02148	0.01108	0.01322	0.00861	0.00619	0.00568	0.00171	0.00843	0.00473	0.00371	0.00808
11	0.00817	0.00545	0.00694	0.00774	0.00849	0.00515	0.00545	0.00989	0.01260	0.01797	0.16193	0.49000	0.03785	0.01527	0.00689	0.00214	0.00329	0.04394	0.14575	0.00509

[dist]
# distance from previous block
# <min> <max>
0	6

[block]
# block no. 7 follows, 39 sequences, length 43
# corresponding to MSA columns:
# 495-537
name=unknown_H
#
# <colnr> <probs for GDERKNQSTAVLIFYWHMCP>
#	G	D	E	R	K	N	Q	S	T	A	V	L	I	F	Y	W	H	M	C	P
0	0.02073	0.01308	0.01240	0.01046	0.01366	0.18198	0.00826	0.02294	0.01555	0.36275	0.04514	0.01906	0.01443	0.00721	0.00585	0.00168	0.03078	0.00550	0.20058	0.00797
1	0.00937	0.01188	0.18054	0.00974	0.01288	0.00774	0.00943	0.01355	0.03928	0.02261	0.55894	0.03621	0.04353	0.01048	0.00663	0.00187	0.00421	0.00912	0.00558	0.00643
2	0.01248	0.00889	0.00988	0.00913	0.01144	0.00955	0.00699	0.02107	0.32573	0.05759	0.19003	0.07324	0.02711	0.00928	0.00588	0.00184	0.00373	0.00790	0.20089	0.00734
3	0.00763	0.00602	0.00755	0.03240	0.00985	0.00581	0.00588	0.00935	0.01230	0.01592	0.10370	0.22065	0.32779	0.02199	0.18140	0.00380	0.00618	0.01171	0.00496	0.00512
4	0.04244	0.01210	0.01678	0.01296	0.01669	0.01258	0.17376	0.27696	0.01827	0.02701	0.01541	0.01740	0.01161	0.00648	0.00542	0.00168	0.00583	0.00570	0.31317	0.00775
5	0.00775	0.00557	0.00735	0.00786	0.00870	0.00517	0.00553	0.00960	0.01385	0.01912	0.36836	0.44108	0.04690	0.01552	0.00728	0.00215	0.00313	0.01396	0.00597	0.00517
6	0.00993	0.00843	0.01320	0.41868	0.02571	0.01008	0.01134	0.01254	0.01054	0.01395	0.01364	0.02279	0.01264	0.19498	0.19283	0.00462	0.00928	0.00628	0.00297	0.00558
7	0.00855	0.00590	0.00672	0.00651	0.00810	0.00537	0.00488	0.01092	0.01465	0.02081	0.35377	0.04304	0.27183	0.01179	0.00630	0.00179	0.00285	0.01004	0.20080	0.00537
8	0.00728	0.00553	0.00671	0.00741	0.00842	0.00496	0.00518	0.00868	0.01269	0.01644	0.13012	0.45916	0.27291	0.01658	0.00730	0.00220	0.00321	0.01465	0.00562	0.00496
9	0.02464	0.01310	0.01560	0.01196	0.01661	0.01319	0.00988	0.35860	0.02200	0.42243	0.01907	0.01736	0.01250	0.00722	0.00593	0.00180	0.00572	0.00566	0.00666	0.01006
10	0.02218	0.02553	0.01699	0.01486	0.01830	0.59677	0.01138	0.18654	0.01929	0.01969	0.01030	0.01147	0.00818	0.00632	0.00547	0.00158	0.00971	0.00416	0.00370	0.00759
11	0.20575	0.00944	0.01113	0.01366	0.18018	0.00950	0.00832	0.01392	0.04686	0.01978	0.04509	0.03417	0.36054	0.01013	0.00589	0.00190	0.00437	0.00833	0.00451	0.00654
12	0.01065	0.00796	0.00915	0.00893	0.01067	0.00795	0.00657	0.17474	0.01561	0.02038	0.03488	0.43725	0.20218	0.01507	0.00704	0.00216	0.00403	0.01315	0.00559	0.00605
13	0.01243	0.01429	0.18935	0.01109	0.01500	0.01044	0.01074	0.17873	0.01826	0.02563	0.40696	0.02978	0.03385	0.00941	0.00641	0.00184	0.00506	0.00796	0.00542	0.00736
14	0.00806	0.00543	0.00634	0.00707	0.00804	0.00502	0.00494	0.00961	0.01207	0.01695	0.03568	0.43874	0.19676	0.01495	0.00661	0.00207	0.00317	0.01313	0.20035	0.00502
15	0.00756	0.00542	0.00718	0.00799	0.00866	0.00504	0.00552	0.00913	0.01297	0.01772	0.25174	0.56167	0.04420	0.01657	0.00737	0.00224	0.00324	0.01495	0.00580	0.00504
16	0.01743	0.01260	0.01364	0.01060	0.01469	0.01292	0.00861	0.39903	0.02058	0.02951	0.01449	0.01553	0.01092	0.00640	0.00514	0.00147	0.00514	0.00493	0.19278	0.20358
17	0.00745	0.00562	0.00729	0.00802	0.00891	0.00546	0.00571	0.00885	0.01138	0.01497	0.03486	0.43902	0.19667	0.02386	0.18841	0.00400	0.00628	0.01333	0.00494	0.00496
18	0.01711	0.00823	0.01011	0.00845	0.01179	0.00712	0.00675	0.01940	0.03401	0.39361	0.04042	0.03734	0.35920	0.01091	0.00644	0.00191	0.00407	0.00901	0.00643	0.00768
19	0.45196	0.01140	0.01096	0.00952	0.01281	0.01303	0.00775	0.18011	0.01399	0.02595	0.01141	0.01390	0.00923	0.01510	0.18609	0.00364	0.00770	0.00443	0.00406	0.00697
20	0.01914	0.01413	0.01579	0.01263	0.01649	0.01574	0.01033	0.56317	0.02345	0.03167	0.01459	0.01635	0.01118	0.01596	0.18730	0.00361	0.00873	0.00556	0.00526	0.00892
21	0.00858	0.00827	0.01261	0.01032	0.01323	0.00727	0.17139	0.01088	0.01359	0.01665	0.04894	0.04754	0.58264	0.01269	0.00699	0.00200	0.00459	0.01122	0.00492	0.00568
22	0.00849	0.00625	0.00904	0.00893	0.01007	0.00692	0.00689	0.01077	0.01129	0.01629	0.19100	0.02819	0.02455	0.03586	0.57081	0.00751	0.01245	0.00735	0.02201	0.00536
23	0.00713	0.00545	0.00655	0.00744	0.00837	0.00487	0.00514	0.00832	0.01209	0.01541	0.04226	0.52947	0.29171	0.01727	0.00735	0.00226	0.00328	0.01528	0.00549	0.00487
24	0.00826	0.00596	0.00672	0.00672	0.00835	0.00568	0.00510	0.01019	0.01229	0.01683	0.04014	0.04093	0.40855	0.02011	0.18746	0.00364	0.00599	0.00943	0.19248	0.00518
25	0.00857	0.00630	0.00932	0.00932	0.01039	0.00730	0.00724	0.01071	0.00964	0.01412	0.01600	0.02318	0.01480	0.04260	0.73302	0.00912	0.01523	0.00630	0.04155	0.00529
26	0.00853	0.00601	0.00788	0.00788	0.00837	0.00651	0.00536	0.00951	0.00902	0.01252	0.01733	0.03148	0.01837	0.44322	0.37476	0.00749	0.01045	0.00754	0.00339	0.00438
27	0.00865	0.00591	0.00690	0.00665	0.00819	0.00542	0.00499	0.01112	0.01497	0.02149	0.41985	0.04214	0.21225	0.01159	0.00633	0.00178	0.00283	0.00993	0.19357	0.00542
28	0.00956	0.00762	0.00877	0.00820	0.01020	0.00762	0.00623	0.01537	0.18906	0.02219	0.42062	0.04183	0.20634	0.01178	0.00675	0.00193	0.00329	0.01015	0.00616	0.00634
29	0.01207	0.42704	0.01998	0.00905	0.01216	0.01491	0.00798	0.01398	0.01298	0.01651	0.19069	0.19596	0.02627	0.00981	0.00541	0.00167	0.00482	0.00808	0.00415	0.00647
30	0.00927	0.00821	0.01246	0.41825	0.02559	0.00929	0.01108	0.01196	0.01210	0.01531	0.02731	0.20234	0.19217	0.01095	0.00654	0.00208	0.00570	0.00962	0.00396	0.00579
31	0.01656	0.01696	0.18497	0.01240	0.01739	0.01366	0.01194	0.36563	0.02038	0.06169	0.02467	0.02424	0.18631	0.00864	0.00610	0.00185	0.00611	0.00684	0.00510	0.00855
32	0.01366	0.01853	0.19606	0.02001	0.02600	0.01462	0.39862	0.02186	0.18735	0.02027	0.01453	0.01661	0.01079	0.00585	0.00644	0.00197	0.00843	0.00631	0.00360	0.00848
33	0.01487	0.01545	0.01890	0.02511	0.40955	0.18510	0.01405	0.01760	0.01328	0.01688	0.01179	0.01577	0.01025	0.01475	0.18713	0.00355	0.00995	0.00519	0.00301	0.00782
34	0.01091	0.01070	0.00976	0.01014	0.01127	0.18017	0.00730	0.01231	0.01213	0.01463	0.02324	0.42843	0.02612	0.02182	0.18803	0.00389	0.00804	0.01135	0.00438	0.00539
35	0.01204	0.01964	0.34289	0.01617	0.02233	0.01173	0.21321	0.01688	0.01336	0.05653	0.02337	0.02440	0.18551	0.00776	0.00634	0.00193	0.00752	0.00710	0.00360	0.00771
36	0.01460	0.01655	0.02351	0.05081	0.02327	0.20486	0.34670	0.01798	0.01352	0.01640	0.01211	0.01633	0.00996	0.01467	0.18764	0.00366	0.01145	0.00595	0.00303	0.00699
37	0.01971	0.01907	0.06091	0.01364	0.01777	0.21420	0.01127	0.27091	0.22791	0.06030	0.01589	0.01568	0.01175	0.00702	0.00577	0.00178	0.00715	0.00528	0.00505	0.00894
38	0.01150	0.01075	0.03218	0.03279	0.36299	0.02790	0.01216	0.01429	0.01374	0.01913	0.18574	0.20523	0.02696	0.01002	0.00650	0.00193	0.00534	0.00920	0.00435	0.00730
39	0.01569	0.01394	0.03282	0.22389	0.31565	0.01447	0.01531	0.18146	0.01658	0.02274	0.01343	0.01651	0.02835	0.00645	0.00607	0.00188	0.00708	0.00552	0.00383	0.05833
40	0.01312	0.02655	0.57699	0.01604	0.02347	0.01426	0.01899	0.02211	0.18692	0.02068	0.01440	0.01557	0.01057	0.00658	0.00596	0.00201	0.00794	0.00511	0.00354	0.00917
41	0.01235	0.01692	0.18901	0.01229	0.01531	0.18205	0.01101	0.01471	0.01321	0.01637	0.02238	0.41940	0.02466	0.01288	0.00681	0.00218	0.00656	0.01095	0.00440	0.00653
42	0.01731	0.01410	0.01491	0.01282	0.01656	0.01594	0.01009	0.21683	0.54958	0.02850	0.02193	0.02072	0.01642	0.00815	0.00624	0.00205	0.00536	0.00650	0.00617	0.00982

[dist]
# distance from previous block
# <min> <max>
8	17

[block]
# block no. 8 follows, 39 sequences, length 9
# corresponding to MSA columns:
# 561-569
name=unknown_I
#
