[name]
unknown

[dist]
# distance from previous block
# <min> <max>
8	42

[block]
# block no. 0 follows, 40 sequences, length 24
# corresponding to MSA columns:
# 52-75
name=unknown_A
#
# <colnr> <probs for GDERKNQSTAVLIFYWHMCP>
#	G	D	E	R	K	N	Q	S	T	A	V	L	I	F	Y	W	H	M	C	P
0	0.01375	0.01557	0.03354	0.02405	0.02984	0.01470	0.71169	0.01907	0.04050	0.01883	0.01220	0.01591	0.00915	0.00501	0.00683	0.00196	0.00961	0.00685	0.00305	0.00789
1	0.33685	0.01060	0.01226	0.00976	0.01396	0.01047	0.03089	0.02371	0.01396	0.45670	0.01689	0.01569	0.01111	0.00643	0.00502	0.00180	0.00493	0.00484	0.00568	0.00845
2	0.02433	0.01229	0.01493	0.01149	0.01601	0.01216	0.00948	0.28757	0.04003	0.47905	0.01969	0.01772	0.01284	0.00714	0.00584	0.00178	0.00547	0.00564	0.00666	0.00988
3	0.01162	0.01121	0.01758	0.50255	0.03103	0.01470	0.01490	0.01454	0.01064	0.01454	0.00935	0.01449	0.00771	0.00740	0.01065	0.00216	0.29080	0.00514	0.00257	0.00642
4	0.01358	0.40903	0.40331	0.01331	0.02012	0.01819	0.01580	0.01792	0.01205	0.01608	0.00928	0.01082	0.00741	0.00525	0.00464	0.00155	0.00742	0.00371	0.00247	0.00804
5	0.01090	0.29480	0.01604	0.00828	0.01096	0.01187	0.00711	0.01332	0.01477	0.01981	0.48381	0.03102	0.03761	0.00937	0.00572	0.00162	0.00401	0.00782	0.00498	0.00621
6	0.01905	0.02265	0.01907	0.02252	0.28797	0.49607	0.01364	0.02126	0.01530	0.01597	0.00970	0.01191	0.00812	0.00570	0.00543	0.00158	0.00918	0.00427	0.00295	0.00764
7	0.01178	0.00979	0.01082	0.01047	0.01269	0.01092	0.00782	0.02260	0.48019	0.02087	0.02672	0.30216	0.02529	0.01165	0.00647	0.00211	0.00415	0.01020	0.00573	0.00757
8	0.02208	0.29758	0.01984	0.01033	0.01501	0.01421	0.00916	0.05420	0.01533	0.45989	0.01715	0.01574	0.01168	0.00638	0.00508	0.00159	0.00547	0.00482	0.00542	0.00901
9	0.02253	0.01329	0.01534	0.01197	0.01632	0.01384	0.00981	0.41337	0.06016	0.29976	0.01849	0.04910	0.01314	0.00758	0.00590	0.00180	0.00565	0.00600	0.00631	0.00964
10	0.30921	0.00731	0.00740	0.00793	0.00946	0.00775	0.00573	0.01137	0.01068	0.01894	0.02333	0.50691	0.02675	0.01355	0.00603	0.00216	0.00378	0.01166	0.00474	0.00530
11	0.01494	0.00938	0.00980	0.00832	0.01088	0.01001	0.00661	0.27809	0.01771	0.02713	0.01715	0.01887	0.01308	0.00685	0.00470	0.00150	0.00405	0.00535	0.52853	0.00705
12	0.01098	0.01034	0.01744	0.78165	0.04005	0.01292	0.01615	0.01486	0.01163	0.01486	0.01034	0.01550	0.00775	0.00581	0.00581	0.00194	0.00775	0.00517	0.00258	0.00646
13	0.01387	0.00735	0.00866	0.00751	0.01040	0.00623	0.00592	0.01563	0.01449	0.28799	0.04581	0.04279	0.48656	0.01199	0.00650	0.00190	0.00367	0.00993	0.00605	0.00673
14	0.54005	0.01308	0.01179	0.00973	0.01372	0.01486	0.00803	0.28035	0.01625	0.02994	0.01023	0.01109	0.00761	0.00597	0.00441	0.00178	0.00519	0.00391	0.00441	0.00761
15	0.01297	0.02093	0.30059	0.02162	0.02849	0.01427	0.47721	0.01855	0.01320	0.01855	0.01128	0.01444	0.00829	0.00513	0.00638	0.00192	0.00936	0.00593	0.00276	0.00812
16	0.01241	0.02484	0.49922	0.01946	0.02707	0.01394	0.28251	0.01849	0.01280	0.01849	0.01092	0.01352	0.00790	0.00530	0.00601	0.00189	0.00903	0.00523	0.00263	0.00832
17	0.01870	0.01155	0.01328	0.01129	0.01502	0.01231	0.00897	0.02997	0.48220	0.29347	0.02340	0.02100	0.01653	0.00764	0.00589	0.00191	0.00473	0.00631	0.00638	0.00946
18	0.00781	0.00562	0.00740	0.00760	0.00860	0.00521	0.00545	0.00993	0.01452	0.02023	0.49254	0.31599	0.04889	0.01419	0.00706	0.00202	0.00297	0.01271	0.00604	0.00521
19	0.01131	0.01182	0.02427	0.01853	0.02240	0.01107	0.47135	0.01479	0.01278	0.01725	0.01915	0.29834	0.01962	0.00975	0.00707	0.00211	0.00746	0.01038	0.00384	0.00671
20	0.01555	0.79913	0.03047	0.00995	0.01493	0.02301	0.00995	0.01741	0.01182	0.01368	0.00808	0.00933	0.00746	0.00498	0.00373	0.00124	0.00622	0.00311	0.00249	0.00746
21	0.00832	0.00572	0.00572	0.00572	0.00746	0.00510	0.00429	0.01024	0.01287	0.01788	0.04436	0.04348	0.48674	0.01183	0.00585	0.00174	0.00286	0.00978	0.30494	0.00510
22	0.00962	0.00754	0.00933	0.00779	0.01054	0.00631	0.00600	0.01231	0.01486	0.02173	0.48463	0.03201	0.03802	0.00913	0.00593	0.00148	0.00331	0.00794	0.00532	0.30619
23	0.00816	0.00603	0.00875	0.00892	0.00978	0.00680	0.00670	0.00992	0.00950	0.01348	0.01794	0.12306	0.01819	0.10649	0.60886	0.00812	0.01313	0.00775	0.00344	0.00499

[dist]
# distance from previous block
# <min> <max>
0	13

[block]
# block no. 1 follows, 40 sequences, length 13
# corresponding to MSA columns:
# 89-101
name=unknown_B
#
# <colnr> <probs for GDERKNQSTAVLIFYWHMCP>
#	G	D	E	R	K	N	Q	S	T	A	V	L	I	F	Y	W	H	M	C	P
0	0.01247	0.01126	0.01561	0.45300	0.02941	0.01358	0.01318	0.02171	0.32636	0.01890	0.01603	0.01815	0.01202	0.00670	0.00586	0.00195	0.00641	0.00577	0.00401	0.00763
1	0.01446	0.01249	0.01315	0.01183	0.01512	0.01446	0.00920	0.03090	0.74885	0.02433	0.02367	0.02170	0.01775	0.00789	0.00592	0.00197	0.00460	0.00657	0.00592	0.00920
2	0.36258	0.00864	0.00902	0.00940	0.01171	0.00941	0.00806	0.01420	0.01190	0.02111	0.02110	0.04162	0.02187	0.01151	0.00614	0.00230	0.00499	0.41408	0.00461	0.00576
3	0.01100	0.01939	0.44192	0.01273	0.01766	0.00990	0.01447	0.01379	0.01027	0.01487	0.01029	0.01458	0.00853	0.01179	0.01287	0.35575	0.00708	0.00462	0.00249	0.00600
4	0.00696	0.00554	0.00626	0.00683	0.00810	0.00483	0.00484	0.00824	0.01235	0.01534	0.04744	0.37012	0.45024	0.01622	0.00711	0.00213	0.00313	0.01409	0.00540	0.00483
5	0.00836	0.00577	0.00695	0.00676	0.00734	0.00557	0.00436	0.00953	0.01187	0.01642	0.33338	0.04035	0.03554	0.46103	0.01989	0.00401	0.00440	0.00934	0.00475	0.00436
6	0.01404	0.01432	0.02528	0.01910	0.02387	0.01460	0.42700	0.02387	0.32757	0.02106	0.01685	0.01825	0.01264	0.00618	0.00646	0.00197	0.00758	0.00674	0.00421	0.00842
7	0.01350	0.00985	0.01132	0.01035	0.01253	0.01041	0.00781	0.32055	0.01805	0.02415	0.02433	0.45974	0.02626	0.01342	0.00674	0.00210	0.00467	0.01171	0.00558	0.00693
8	0.01070	0.34407	0.01688	0.00889	0.01121	0.01253	0.00734	0.01207	0.01142	0.01435	0.02182	0.45777	0.02523	0.01256	0.00585	0.00188	0.00459	0.01080	0.00416	0.00589
9	0.01173	0.01135	0.01760	0.45447	0.02947	0.01501	0.01469	0.01449	0.01047	0.01449	0.00918	0.01432	0.00770	0.00768	0.01148	0.00220	0.33957	0.00513	0.00257	0.00642
10	0.01538	0.01840	0.01196	0.01110	0.01366	0.44467	0.00833	0.01687	0.01510	0.01486	0.03030	0.02990	0.32747	0.00972	0.00594	0.00170	0.00727	0.00739	0.00402	0.00596
11	0.00937	0.00669	0.00937	0.01071	0.01205	0.00669	0.00937	0.01205	0.01339	0.01740	0.03079	0.06560	0.03347	0.01606	0.00803	0.00268	0.00535	0.72021	0.00535	0.00535
12	0.01285	0.02183	0.34647	0.02112	0.02816	0.01419	0.43224	0.01854	0.01311	0.01854	0.01120	0.01423	0.00820	0.00517	0.00629	0.00191	0.00929	0.00577	0.00273	0.00816

[dist]
# distance from previous block
# <min> <max>
0	3

[block]
# block no. 2 follows, 40 sequences, length 53
# corresponding to MSA columns:
# 105-157
name=unknown_C
#
# <colnr> <probs for GDERKNQSTAVLIFYWHMCP>
#	G	D	E	R	K	N	Q	S	T	A	V	L	I	F	Y	W	H	M	C	P
0	0.00702	0.00530	0.00650	0.00745	0.00826	0.00478	0.00511	0.00817	0.01176	0.01510	0.03992	0.57619	0.24903	0.01720	0.00726	0.00225	0.00325	0.01528	0.00540	0.00478
1	0.01174	0.01034	0.01364	0.23515	0.02148	0.00927	0.00960	0.01471	0.01193	0.01775	0.01034	0.01307	0.00836	0.00475	0.00475	0.00118	0.00532	0.00395	0.00319	0.58950
2	0.01743	0.02108	0.01363	0.01296	0.01518	0.54735	0.00953	0.01879	0.01491	0.01441	0.01575	0.23946	0.01657	0.00958	0.00588	0.00175	0.00840	0.00749	0.00370	0.00615
3	0.83671	0.01125	0.00855	0.00765	0.01125	0.01305	0.00630	0.01709	0.00990	0.02609	0.00810	0.00945	0.00630	0.00540	0.00360	0.00180	0.00450	0.00315	0.00360	0.00630
4	0.01230	0.00898	0.01061	0.00909	0.01143	0.00916	0.00712	0.22460	0.01965	0.02723	0.53875	0.03480	0.04169	0.01045	0.00655	0.00180	0.00381	0.00897	0.00623	0.00678
5	0.01230	0.01031	0.01127	0.01074	0.01316	0.01161	0.00809	0.02422	0.53266	0.02155	0.02613	0.24738	0.02382	0.01092	0.00636	0.00209	0.00424	0.00949	0.00577	0.00789
6	0.00905	0.00599	0.00820	0.00820	0.00933	0.00673	0.00633	0.01131	0.01018	0.01590	0.01657	0.02250	0.01465	0.03282	0.54737	0.00700	0.01181	0.00599	0.24482	0.00526
7	0.01359	0.01367	0.01945	0.02124	0.23343	0.04819	0.01416	0.01551	0.01049	0.01547	0.00866	0.01312	0.00809	0.00854	0.01460	0.00226	0.52458	0.00506	0.00266	0.00721
8	0.01652	0.01337	0.01435	0.01184	0.01584	0.01459	0.00944	0.25249	0.41064	0.02741	0.01861	0.01781	0.01390	0.00707	0.00564	0.00173	0.00513	0.00568	0.00552	0.13242
9	0.45324	0.01401	0.01243	0.01097	0.01337	0.12787	0.00890	0.01695	0.01075	0.02070	0.02620	0.01138	0.00804	0.00704	0.00846	0.00197	0.23407	0.00398	0.00327	0.00636
10	0.01446	0.01249	0.01315	0.01183	0.01512	0.01446	0.00920	0.03090	0.74885	0.02433	0.02367	0.02170	0.01775	0.00789	0.00592	0.00197	0.00460	0.00657	0.00592	0.00920
11	0.00910	0.00716	0.00990	0.00947	0.01003	0.00858	0.00710	0.01043	0.00901	0.01293	0.01504	0.02559	0.01530	0.25833	0.42718	0.00711	0.14304	0.00669	0.00314	0.00490
12	0.04814	0.01550	0.03324	0.02380	0.02959	0.01464	0.70762	0.01856	0.01357	0.01894	0.01161	0.01543	0.00872	0.00492	0.00673	0.00195	0.00958	0.00671	0.00297	0.00778
13	0.01555	0.79913	0.03047	0.00995	0.01493	0.02301	0.00995	0.01741	0.01182	0.01368	0.00808	0.00933	0.00746	0.00498	0.00373	0.00124	0.00622	0.00311	0.00249	0.00746
14	0.01200	0.01097	0.01618	0.55606	0.03275	0.01337	0.01411	0.01956	0.22767	0.01763	0.01424	0.01732	0.01068	0.00642	0.00584	0.00195	0.00683	0.00558	0.00356	0.00726
15	0.00709	0.00506	0.00675	0.00810	0.00843	0.00472	0.00540	0.00810	0.01113	0.01484	0.03205	0.79184	0.03846	0.01822	0.00742	0.00236	0.00337	0.01653	0.00540	0.00472
16	0.22079	0.01277	0.01335	0.01096	0.01497	0.01396	0.00890	0.23478	0.20754	0.17835	0.01686	0.01604	0.01196	0.00687	0.00531	0.00183	0.00517	0.00519	0.00558	0.00883
17	0.01292	0.01173	0.01943	0.02837	0.54036	0.01173	0.01536	0.01615	0.01328	0.01853	0.01676	0.02940	0.01632	0.00837	0.00642	0.00201	0.00645	0.21472	0.00360	0.00808
18	0.00742	0.00532	0.00705	0.00787	0.00851	0.00495	0.00542	0.00894	0.01269	0.01733	0.24429	0.57252	0.04327	0.01636	0.00726	0.00221	0.00319	0.01477	0.00569	0.00495
19	0.01607	0.01921	0.02909	0.02172	0.02675	0.23671	0.52519	0.01997	0.01453	0.01734	0.01095	0.01416	0.00843	0.00522	0.00639	0.00183	0.01000	0.00595	0.00296	0.00752
20	0.01383	0.39300	0.19466	0.01302	0.01737	0.01932	0.01340	0.01664	0.01107	0.01485	0.00849	0.01100	0.00749	0.00663	0.00864	0.00176	0.23498	0.00396	0.00250	0.00740
21	0.01388	0.01464	0.01764	0.01523	0.01561	0.11452	0.01253	0.01518	0.00988	0.01403	0.00781	0.01244	0.00762	0.00964	0.01731	0.00241	0.68571	0.00492	0.00260	0.00641
22	0.00854	0.00661	0.00830	0.00825	0.01000	0.00561	0.00584	0.01002	0.01140	0.01605	0.02569	0.56332	0.02971	0.01414	0.00651	0.00192	0.00365	0.01270	0.00483	0.24692
23	0.01198	0.01136	0.01925	0.56305	0.25084	0.01318	0.01665	0.01573	0.01210	0.01607	0.01051	0.01518	0.00818	0.00563	0.00580	0.00188	0.00750	0.00517	0.00267	0.00727
24	0.01206	0.01201	0.02347	0.01846	0.02243	0.01157	0.41557	0.01670	0.05209	0.01845	0.01981	0.03548	0.01891	0.00942	0.00727	0.00224	0.00779	0.28529	0.00404	0.00694
25	0.00709	0.00506	0.00675	0.00810	0.00843	0.00472	0.00540	0.00810	0.01113	0.01484	0.03205	0.79184	0.03846	0.01822	0.00742	0.00236	0.00337	0.01653	0.00540	0.00472
26	0.01987	0.01518	0.01619	0.01293	0.01718	0.01699	0.01051	0.53217	0.23878	0.03304	0.01681	0.01623	0.01219	0.00725	0.00585	0.00181	0.00587	0.00563	0.00585	0.00969
27	0.00848	0.00721	0.00984	0.23365	0.01754	0.00743	0.00817	0.01104	0.01373	0.01772	0.25223	0.04038	0.32847	0.01127	0.00656	0.00192	0.00429	0.00967	0.00487	0.00554
28	0.00854	0.00661	0.00830	0.00825	0.01000	0.00561	0.00584	0.01002	0.01140	0.01605	0.02569	0.56332	0.02971	0.01414	0.00651	0.00192	0.00365	0.01270	0.00483	0.24692
29	0.00846	0.00564	0.00634	0.00634	0.00634	0.00564	0.00352	0.00846	0.00846	0.01128	0.01832	0.03805	0.02114	0.79563	0.02960	0.00564	0.00564	0.00846	0.00352	0.00352
30	0.01118	0.01612	0.23666	0.55745	0.03569	0.01309	0.01771	0.01590	0.01182	0.01590	0.01037	0.01456	0.00764	0.00573	0.00573	0.00191	0.00800	0.00491	0.00255	0.00709
31	0.01439	0.01382	0.02360	0.03569	0.75936	0.01382	0.01785	0.01785	0.01324	0.01900	0.01094	0.01439	0.00921	0.00518	0.00576	0.00173	0.00691	0.00518	0.00288	0.00921
32	0.00843	0.01239	0.22910	0.01058	0.01334	0.00730	0.01011	0.01112	0.01147	0.01589	0.02572	0.56339	0.02935	0.01450	0.00687	0.00221	0.00490	0.01295	0.00454	0.00586
33	0.01098	0.01034	0.01744	0.78165	0.04005	0.01292	0.01615	0.01486	0.01163	0.01486	0.01034	0.01550	0.00775	0.00581	0.00581	0.00194	0.00775	0.00517	0.00258	0.00646
34	0.00843	0.01239	0.22910	0.01058	0.01334	0.00730	0.01011	0.01112	0.01147	0.01589	0.02572	0.56339	0.02935	0.01450	0.00687	0.00221	0.00490	0.01295	0.00454	0.00586
35	0.00823	0.00594	0.00777	0.00732	0.00869	0.00549	0.00549	0.01097	0.01646	0.02332	0.75629	0.04344	0.05487	0.01189	0.00686	0.00183	0.00274	0.01052	0.00640	0.00549
36	0.00831	0.00623	0.00935	0.00935	0.01038	0.00727	0.00727	0.01038	0.00935	0.01350	0.01558	0.02285	0.01454	0.04361	0.77259	0.00935	0.01558	0.00623	0.00312	0.00519
37	0.01864	0.56785	0.02550	0.01007	0.01490	0.01877	0.00954	0.02062	0.01323	0.23338	0.01244	0.01240	0.00949	0.00563	0.00435	0.00141	0.00585	0.00391	0.00387	0.00818
38	0.01439	0.01382	0.02360	0.03569	0.75936	0.01382	0.01785	0.01785	0.01324	0.01900	0.01094	0.01439	0.00921	0.00518	0.00576	0.00173	0.00691	0.00518	0.00288	0.00921
39	0.01084	0.00542	0.00542	0.00542	0.00678	0.00542	0.00407	0.01355	0.01220	0.02168	0.01897	0.02168	0.01491	0.00678	0.00407	0.00136	0.00271	0.00542	0.82791	0.00542
40	0.01710	0.02035	0.01340	0.01272	0.01495	0.51485	0.00937	0.03264	0.01505	0.01489	0.01699	0.24057	0.03377	0.00979	0.00593	0.00177	0.00815	0.00772	0.00381	0.00617
41	0.01472	0.02604	0.54629	0.01564	0.02308	0.01483	0.01843	0.22987	0.01669	0.02376	0.01147	0.01277	0.00811	0.00595	0.00561	0.00181	0.00795	0.00457	0.00344	0.00897
42	0.01784	0.02125	0.01351	0.01245	0.01457	0.54762	0.00898	0.01889	0.01413	0.01337	0.01172	0.01857	0.01149	0.23740	0.01238	0.00271	0.00907	0.00513	0.00315	0.00580
43	0.01084	0.00542	0.00542	0.00542	0.00678	0.00542	0.00407	0.01355	0.01220	0.02168	0.01897	0.02168	0.01491	0.00678	0.00407	0.00136	0.00271	0.00542	0.82791	0.00542
44	0.61911	0.01115	0.01004	0.00850	0.01234	0.01224	0.00701	0.04987	0.01215	0.19346	0.01170	0.01198	0.00828	0.00587	0.00420	0.00180	0.00468	0.00385	0.00451	0.00726
45	0.59575	0.01161	0.00990	0.00887	0.01238	0.01346	0.00715	0.02114	0.22645	0.02557	0.01266	0.01304	0.00965	0.00613	0.00428	0.00185	0.00453	0.00415	0.00428	0.00715
46	0.01276	0.00926	0.01135	0.01111	0.01327	0.00973	0.00928	0.22478	0.01714	0.02266	0.02605	0.15799	0.02730	0.01372	0.00729	0.00236	0.00537	0.40650	0.00550	0.00659
47	0.01336	0.54411	0.04490	0.00909	0.01271	0.01764	0.00840	0.01482	0.01084	0.01311	0.01115	0.01783	0.01147	0.23669	0.01136	0.00255	0.00612	0.00471	0.00279	0.00634
48	0.01128	0.00893	0.01068	0.00864	0.01235	0.00715	0.00661	0.03158	0.01231	0.04055	0.01717	0.24085	0.01757	0.00854	0.00530	0.00135	0.00411	0.00740	0.00419	0.54344
49	0.00868	0.00739	0.00800	0.00693	0.00985	0.00605	0.00533	0.01098	0.03513	0.01725	0.07430	0.04152	0.48460	0.01134	0.00609	0.00163	0.00339	0.00944	0.00489	0.24720
50	0.01170	0.00890	0.01011	0.00768	0.01173	0.00707	0.00606	0.01432	0.01210	0.01975	0.01287	0.01488	0.01046	0.00503	0.00424	0.00101	0.00384	0.00402	0.24505	0.58919
51	0.02803	0.00980	0.01122	0.00924	0.01228	0.00965	0.00732	0.22538	0.01863	0.03935	0.34752	0.03002	0.08645	0.00933	0.00610	0.00167	0.00414	0.00783	0.00568	0.13038
52	0.01227	0.02586	0.55123	0.01890	0.02670	0.01386	0.23153	0.01848	0.01270	0.01848	0.01083	0.01328	0.00779	0.00534	0.00592	0.00188	0.00895	0.00505	0.00260	0.00837

[dist]
# distance from previous block
# <min> <max>
31	81

# created by:
# /software/SequenceAnalysis/GenePrediction/augustus/3.0.1/scripts/msa2prfl.pl ./fixed/BUSCOvEOG7CC5GJ.fas
