[name]
unknown

[dist]
# distance from previous block
# <min> <max>
0	0

[block]
# block no. 0 follows, 40 sequences, length 8
# corresponding to MSA columns:
# 0-7
name=unknown_A
#
# <colnr> <probs for GDERKNQSTAVLIFYWHMCP>
#	G	D	E	R	K	N	Q	S	T	A	V	L	I	F	Y	W	H	M	C	P
0	0.00937	0.00669	0.00937	0.01071	0.01205	0.00669	0.00937	0.01205	0.01339	0.01740	0.03079	0.06560	0.03347	0.01606	0.00803	0.00268	0.00535	0.72021	0.00535	0.00535
1	0.02535	0.01108	0.01423	0.01091	0.01544	0.01030	0.00901	0.16015	0.01863	0.62877	0.02128	0.01871	0.01356	0.00716	0.00584	0.00179	0.00522	0.00573	0.00694	0.00990
2	0.00846	0.00564	0.00634	0.00634	0.00634	0.00564	0.00352	0.00846	0.00846	0.01128	0.01832	0.03805	0.02114	0.79563	0.02960	0.00564	0.00564	0.00846	0.00352	0.00352
3	0.01206	0.01034	0.01206	0.00861	0.01378	0.00775	0.00689	0.01464	0.01206	0.01895	0.01034	0.01206	0.00861	0.00431	0.00431	0.00086	0.00431	0.00345	0.00345	0.83118
4	0.01271	0.02510	0.55586	0.01708	0.02454	0.01295	0.14055	0.01857	0.01274	0.06613	0.01255	0.05258	0.00963	0.00617	0.00587	0.00189	0.00830	0.00544	0.00299	0.00836
5	0.01206	0.01034	0.01206	0.00861	0.01378	0.00775	0.00689	0.01464	0.01206	0.01895	0.01034	0.01206	0.00861	0.00431	0.00431	0.00086	0.00431	0.00345	0.00345	0.83118
6	0.01385	0.01326	0.02262	0.15522	0.64410	0.01367	0.01757	0.01737	0.01298	0.01833	0.01084	0.01457	0.00898	0.00528	0.00577	0.00176	0.00704	0.00518	0.00283	0.00877
7	0.01206	0.01034	0.01206	0.00861	0.01378	0.00775	0.00689	0.01464	0.01206	0.01895	0.01034	0.01206	0.00861	0.00431	0.00431	0.00086	0.00431	0.00345	0.00345	0.83118

[dist]
# distance from previous block
# <min> <max>
0	2

[block]
# block no. 1 follows, 40 sequences, length 14
# corresponding to MSA columns:
# 10-23
name=unknown_B
#
# <colnr> <probs for GDERKNQSTAVLIFYWHMCP>
#	G	D	E	R	K	N	Q	S	T	A	V	L	I	F	Y	W	H	M	C	P
0	0.01276	0.01082	0.01254	0.00910	0.01428	0.00817	0.00720	0.01512	0.01250	0.01957	0.01104	0.01304	0.00928	0.00479	0.00462	0.00100	0.00455	0.00369	0.00368	0.82224
1	0.01196	0.02626	0.58858	0.01786	0.02564	0.01346	0.16743	0.01819	0.01273	0.01864	0.03772	0.01410	0.00938	0.00563	0.00585	0.00187	0.00863	0.00505	0.00270	0.00833
2	0.00709	0.00506	0.00675	0.00810	0.00843	0.00472	0.00540	0.00810	0.01113	0.01484	0.03205	0.79184	0.03846	0.01822	0.00742	0.00236	0.00337	0.01653	0.00540	0.00472
3	0.01206	0.01034	0.01206	0.00861	0.01378	0.00775	0.00689	0.01464	0.01206	0.01895	0.01034	0.01206	0.00861	0.00431	0.00431	0.00086	0.00431	0.00345	0.00345	0.83118
4	0.01376	0.01432	0.02824	0.20713	0.07829	0.01448	0.46097	0.07417	0.01425	0.01915	0.01154	0.01542	0.00867	0.00530	0.00646	0.00192	0.00886	0.00622	0.00308	0.00776
5	0.01405	0.01359	0.02242	0.03152	0.60724	0.01463	0.01680	0.01706	0.01235	0.01798	0.01026	0.01405	0.00889	0.00620	0.00848	0.00189	0.16597	0.00516	0.00281	0.00863
6	0.01009	0.00845	0.01283	0.32913	0.02288	0.00945	0.03115	0.06559	0.01303	0.01724	0.07787	0.33215	0.02407	0.01138	0.00658	0.00209	0.00554	0.01024	0.00427	0.00597
7	0.00803	0.00605	0.00876	0.00879	0.00978	0.00565	0.05326	0.00940	0.01206	0.01617	0.15522	0.44021	0.09268	0.06567	0.00960	0.05235	0.00395	0.03236	0.00512	0.00488
8	0.01368	0.01211	0.02013	0.32872	0.37774	0.01339	0.01624	0.01708	0.01253	0.06455	0.01125	0.01507	0.00886	0.00589	0.00666	0.00187	0.05803	0.00521	0.00302	0.00798
9	0.01443	0.01234	0.01358	0.01304	0.06347	0.01394	0.00953	0.08076	0.58970	0.02421	0.02488	0.02333	0.07451	0.00818	0.00597	0.00194	0.00476	0.00683	0.00567	0.00892
10	0.00712	0.00523	0.00669	0.00773	0.00837	0.00480	0.00526	0.00831	0.01176	0.01548	0.07956	0.64064	0.14304	0.01733	0.00731	0.00227	0.00327	0.01556	0.00546	0.00480
11	0.01471	0.50217	0.21023	0.01181	0.01757	0.06630	0.01266	0.01782	0.01224	0.01528	0.00889	0.01033	0.00753	0.00513	0.00431	0.00138	0.00693	0.00347	0.00258	0.06866
12	0.01084	0.00542	0.00542	0.00542	0.00678	0.00542	0.00407	0.01355	0.01220	0.02168	0.01897	0.02168	0.01491	0.00678	0.00407	0.00136	0.00271	0.00542	0.82791	0.00542
13	0.34672	0.01463	0.03375	0.07364	0.14116	0.09093	0.13298	0.05077	0.01287	0.03794	0.01007	0.01235	0.00779	0.00548	0.00502	0.00179	0.00682	0.00450	0.00339	0.00738

[dist]
# distance from previous block
# <min> <max>
0	1

[block]
# block no. 2 follows, 40 sequences, length 91
# corresponding to MSA columns:
# 25-115
name=unknown_C
#
# <colnr> <probs for GDERKNQSTAVLIFYWHMCP>
#	G	D	E	R	K	N	Q	S	T	A	V	L	I	F	Y	W	H	M	C	P
0	0.01373	0.01569	0.03431	0.02451	0.03039	0.01471	0.73824	0.01863	0.01373	0.01863	0.01176	0.01569	0.00882	0.00490	0.00686	0.00196	0.00980	0.00686	0.00294	0.00784
1	0.80520	0.01121	0.00889	0.03718	0.01235	0.01304	0.00667	0.01701	0.00996	0.02566	0.00818	0.00968	0.00635	0.00541	0.00368	0.00180	0.00462	0.00323	0.00356	0.00630
2	0.02609	0.00990	0.01350	0.01035	0.01484	0.00855	0.00855	0.02834	0.01664	0.76338	0.02294	0.01979	0.01439	0.00720	0.00585	0.00180	0.00495	0.00585	0.00720	0.00990
3	0.00823	0.00594	0.00777	0.00732	0.00869	0.00549	0.00549	0.01097	0.01646	0.02332	0.75629	0.04344	0.05487	0.01189	0.00686	0.00183	0.00274	0.01052	0.00640	0.00549
4	0.01098	0.01034	0.01744	0.78165	0.04005	0.01292	0.01615	0.01486	0.01163	0.01486	0.01034	0.01550	0.00775	0.00581	0.00581	0.00194	0.00775	0.00517	0.00258	0.00646
5	0.02609	0.00990	0.01350	0.01035	0.01484	0.00855	0.00855	0.02834	0.01664	0.76338	0.02294	0.01979	0.01439	0.00720	0.00585	0.00180	0.00495	0.00585	0.00720	0.00990
6	0.00823	0.00594	0.00777	0.00732	0.00869	0.00549	0.00549	0.01097	0.01646	0.02332	0.75629	0.04344	0.05487	0.01189	0.00686	0.00183	0.00274	0.01052	0.00640	0.00549
7	0.01098	0.01034	0.01744	0.78165	0.04005	0.01292	0.01615	0.01486	0.01163	0.01486	0.01034	0.01550	0.00775	0.00581	0.00581	0.00194	0.00775	0.00517	0.00258	0.00646
8	0.00846	0.00564	0.00634	0.00634	0.00634	0.00564	0.00352	0.00846	0.00846	0.01128	0.01832	0.03805	0.02114	0.79563	0.02960	0.00564	0.00564	0.00846	0.00352	0.00352
9	0.02172	0.02772	0.01648	0.01498	0.01798	0.77228	0.01124	0.02322	0.01648	0.01423	0.00899	0.01049	0.00749	0.00599	0.00524	0.00150	0.01049	0.00375	0.00300	0.00674
10	0.01141	0.00666	0.00874	0.00781	0.00977	0.00602	0.00600	0.01402	0.01638	0.15681	0.59973	0.03960	0.07173	0.01114	0.00668	0.00183	0.00315	0.00973	0.00651	0.00626
11	0.01555	0.79913	0.03047	0.00995	0.01493	0.02301	0.00995	0.01741	0.01182	0.01368	0.00808	0.00933	0.00746	0.00498	0.00373	0.00124	0.00622	0.00311	0.00249	0.00746
12	0.83671	0.01125	0.00855	0.00765	0.01125	0.01305	0.00630	0.01709	0.00990	0.02609	0.00810	0.00945	0.00630	0.00540	0.00360	0.00180	0.00450	0.00315	0.00360	0.00630
13	0.02116	0.02680	0.01653	0.05515	0.01913	0.73250	0.01149	0.02278	0.01623	0.01426	0.00906	0.01075	0.00750	0.00598	0.00527	0.00152	0.01034	0.00382	0.00297	0.00673
14	0.00831	0.00623	0.00935	0.00935	0.01038	0.00727	0.00727	0.01038	0.00935	0.01350	0.01558	0.02285	0.01454	0.04361	0.77259	0.00935	0.01558	0.00623	0.00312	0.00519
15	0.01025	0.00536	0.00563	0.00584	0.00704	0.00531	0.00428	0.01269	0.01203	0.02060	0.02103	0.14312	0.01862	0.00858	0.00459	0.00151	0.00281	0.00717	0.69822	0.00531
16	0.00717	0.00512	0.00684	0.00819	0.00857	0.00479	0.00554	0.00824	0.01122	0.01494	0.03201	0.76551	0.03828	0.01814	0.00744	0.00237	0.00345	0.04204	0.00540	0.00475
17	0.01545	0.01298	0.01371	0.01203	0.01550	0.01493	0.00944	0.12279	0.65535	0.02592	0.02241	0.02069	0.01673	0.00777	0.00590	0.00194	0.00484	0.00640	0.00590	0.00929
18	0.04997	0.00570	0.00557	0.00553	0.00699	0.00578	0.00417	0.01372	0.01209	0.02189	0.01845	0.02110	0.01450	0.00671	0.00404	0.00138	0.00279	0.00531	0.78885	0.00546
19	0.83671	0.01125	0.00855	0.00765	0.01125	0.01305	0.00630	0.01709	0.00990	0.02609	0.00810	0.00945	0.00630	0.00540	0.00360	0.00180	0.00450	0.00315	0.00360	0.00630
20	0.02151	0.01598	0.01729	0.03540	0.01856	0.01776	0.01113	0.69317	0.05330	0.03557	0.01421	0.01429	0.01012	0.00698	0.00582	0.00176	0.00637	0.00528	0.00573	0.00977
21	0.01555	0.79913	0.03047	0.00995	0.01493	0.02301	0.00995	0.01741	0.01182	0.01368	0.00808	0.00933	0.00746	0.00498	0.00373	0.00124	0.00622	0.00311	0.00249	0.00746
22	0.01439	0.01382	0.02360	0.03569	0.75936	0.01382	0.01785	0.01785	0.01324	0.01900	0.01094	0.01439	0.00921	0.00518	0.00576	0.00173	0.00691	0.00518	0.00288	0.00921
23	0.01690	0.01370	0.01452	0.01233	0.01605	0.01560	0.00979	0.25661	0.51917	0.02825	0.02058	0.01923	0.01525	0.00760	0.00589	0.00190	0.00517	0.00615	0.00589	0.00942
24	0.00714	0.00510	0.00680	0.00806	0.00845	0.00476	0.00540	0.00823	0.01139	0.01525	0.06637	0.75637	0.03924	0.01792	0.00740	0.00234	0.00334	0.01625	0.00545	0.00476
25	0.01480	0.01395	0.02328	0.03452	0.72051	0.01404	0.01749	0.05568	0.01398	0.01992	0.01110	0.01437	0.00925	0.00528	0.00576	0.00173	0.00688	0.00518	0.00303	0.00925
26	0.00709	0.00506	0.00675	0.00810	0.00843	0.00472	0.00540	0.00810	0.01113	0.01484	0.03205	0.79184	0.03846	0.01822	0.00742	0.00236	0.00337	0.01653	0.00540	0.00472
27	0.01010	0.00505	0.00758	0.00758	0.00758	0.00505	0.00505	0.00758	0.00758	0.01010	0.01010	0.01768	0.01010	0.02020	0.02273	0.83081	0.00505	0.00505	0.00253	0.00253
28	0.02182	0.02488	0.01672	0.01458	0.01799	0.58505	0.01119	0.20114	0.01918	0.01980	0.01022	0.01135	0.00809	0.00624	0.00539	0.00156	0.00947	0.00412	0.00370	0.00752
29	0.01207	0.00978	0.01158	0.00851	0.01319	0.00750	0.00677	0.01466	0.01276	0.04512	0.10271	0.01619	0.01451	0.00534	0.00467	0.00101	0.00414	0.00440	0.00394	0.70113
30	0.03141	0.00747	0.00985	0.00982	0.01097	0.00784	0.03346	0.07957	0.03917	0.01758	0.02639	0.55735	0.03006	0.01667	0.04406	0.00260	0.05184	0.01321	0.00504	0.00565
31	0.01147	0.01084	0.01833	0.67387	0.14399	0.01305	0.01640	0.01529	0.01186	0.01546	0.01042	0.01534	0.00796	0.00572	0.00581	0.00191	0.00763	0.00517	0.00263	0.00686
32	0.83671	0.01125	0.00855	0.00765	0.01125	0.01305	0.00630	0.01709	0.00990	0.02609	0.00810	0.00945	0.00630	0.00540	0.00360	0.00180	0.00450	0.00315	0.00360	0.00630
33	0.01436	0.01237	0.01307	0.01181	0.01506	0.01430	0.00921	0.03050	0.73317	0.02418	0.02382	0.02263	0.01809	0.00806	0.00596	0.00199	0.00462	0.02179	0.00591	0.00912
34	0.00733	0.00528	0.00692	0.00803	0.00853	0.00488	0.00536	0.00835	0.01104	0.01482	0.03062	0.72795	0.03656	0.05455	0.00836	0.00246	0.00351	0.01568	0.00524	0.03452
35	0.00709	0.00506	0.00675	0.00810	0.00843	0.00472	0.00540	0.00810	0.01113	0.01484	0.03205	0.79184	0.03846	0.01822	0.00742	0.00236	0.00337	0.01653	0.00540	0.00472
36	0.01201	0.01139	0.01930	0.55624	0.25741	0.01319	0.01666	0.01576	0.01212	0.01611	0.01052	0.01517	0.00819	0.00562	0.00580	0.00187	0.00750	0.00517	0.00267	0.00729
37	0.01446	0.01249	0.01315	0.01183	0.01512	0.01446	0.00920	0.03090	0.74885	0.02433	0.02367	0.02170	0.01775	0.00789	0.00592	0.00197	0.00460	0.00657	0.00592	0.00920
38	0.00831	0.00623	0.00935	0.00935	0.01038	0.00727	0.00727	0.01038	0.00935	0.01350	0.01558	0.02285	0.01454	0.04361	0.77259	0.00935	0.01558	0.00623	0.00312	0.00519
39	0.02188	0.01660	0.01730	0.01340	0.01795	0.04555	0.01101	0.69381	0.04721	0.03548	0.01405	0.01405	0.01002	0.00697	0.00580	0.00174	0.00650	0.00522	0.00572	0.00975
40	0.83671	0.01125	0.00855	0.00765	0.01125	0.01305	0.00630	0.01709	0.00990	0.02609	0.00810	0.00945	0.00630	0.00540	0.00360	0.00180	0.00450	0.00315	0.00360	0.00630
41	0.01272	0.01272	0.01781	0.01527	0.01527	0.01781	0.01272	0.01399	0.00891	0.01399	0.00763	0.01272	0.00763	0.01018	0.01908	0.00254	0.78499	0.00509	0.00254	0.00636
42	0.83671	0.01125	0.00855	0.00765	0.01125	0.01305	0.00630	0.01709	0.00990	0.02609	0.00810	0.00945	0.00630	0.00540	0.00360	0.00180	0.00450	0.00315	0.00360	0.00630
43	0.00924	0.00642	0.00956	0.00940	0.01062	0.00734	0.00734	0.01133	0.00973	0.05279	0.01596	0.02269	0.01453	0.04171	0.73241	0.00895	0.01502	0.00621	0.00333	0.00544
44	0.01166	0.03008	0.76550	0.01657	0.02517	0.01351	0.02149	0.01842	0.01228	0.01842	0.01044	0.01228	0.00737	0.00552	0.00552	0.00184	0.00859	0.00430	0.00246	0.00859
45	0.00823	0.00594	0.00777	0.00732	0.00869	0.00549	0.00549	0.01097	0.01646	0.02332	0.75629	0.04344	0.05487	0.01189	0.00686	0.00183	0.00274	0.01052	0.00640	0.00549
46	0.00709	0.00506	0.00675	0.00810	0.00843	0.00472	0.00540	0.00810	0.01113	0.01484	0.03205	0.79184	0.03846	0.01822	0.00742	0.00236	0.00337	0.01653	0.00540	0.00472
47	0.01555	0.79913	0.03047	0.00995	0.01493	0.02301	0.00995	0.01741	0.01182	0.01368	0.00808	0.00933	0.00746	0.00498	0.00373	0.00124	0.00622	0.00311	0.00249	0.00746
48	0.02418	0.00966	0.01300	0.01015	0.01434	0.00851	0.00832	0.02698	0.04317	0.67479	0.08421	0.02184	0.01790	0.00761	0.00593	0.00181	0.00475	0.00626	0.00708	0.00950
49	0.02339	0.13457	0.01631	0.01053	0.01489	0.01145	0.00895	0.02621	0.05029	0.58271	0.02007	0.01797	0.01321	0.00699	0.00600	0.00175	0.03369	0.00542	0.00622	0.00935
50	0.70384	0.01122	0.00998	0.11739	0.01546	0.01313	0.00779	0.03089	0.01048	0.02471	0.00853	0.01039	0.00657	0.00549	0.00396	0.00182	0.00500	0.00348	0.00350	0.00639
51	0.02014	0.01482	0.01608	0.01252	0.01671	0.01626	0.01026	0.63671	0.02580	0.03476	0.11911	0.01814	0.01626	0.00768	0.00596	0.00176	0.00588	0.00598	0.00590	0.00927
52	0.01037	0.00724	0.00839	0.00781	0.00864	0.00765	0.00518	0.11238	0.01127	0.01522	0.01727	0.03224	0.01851	0.56525	0.14348	0.00567	0.00731	0.00765	0.00378	0.00469
53	0.13186	0.68753	0.02737	0.00962	0.01440	0.02160	0.00943	0.01737	0.01154	0.01544	0.00809	0.00935	0.00730	0.00504	0.00371	0.00132	0.00598	0.00312	0.00264	0.00730
54	0.13716	0.02538	0.01536	0.01394	0.01702	0.66474	0.01054	0.02235	0.01555	0.01591	0.00886	0.01034	0.00732	0.00591	0.00501	0.00154	0.00964	0.00366	0.00308	0.00668
55	0.02053	0.01545	0.01745	0.12220	0.02115	0.01731	0.01177	0.63726	0.02512	0.03356	0.01345	0.01418	0.00959	0.00682	0.00582	0.00177	0.00659	0.00523	0.00536	0.00940
56	0.01913	0.01566	0.02076	0.05615	0.02133	0.08827	0.18062	0.28919	0.01888	0.12975	0.01340	0.01481	0.00970	0.00670	0.00738	0.00187	0.08773	0.00554	0.00456	0.00857
57	0.12467	0.00602	0.00707	0.00805	0.00894	0.00598	0.00564	0.00952	0.01111	0.01656	0.02954	0.62935	0.05847	0.01620	0.00688	0.00228	0.00359	0.04000	0.00514	0.00498
58	0.01086	0.00612	0.00712	0.11537	0.01149	0.00648	0.00578	0.01374	0.01211	0.02071	0.01775	0.02081	0.01389	0.00664	0.00431	0.00144	0.00342	0.00538	0.71101	0.00557
59	0.02211	0.01629	0.01745	0.01338	0.01803	0.01803	0.01105	0.73997	0.02734	0.03665	0.01396	0.01396	0.00989	0.00698	0.00582	0.00175	0.00640	0.00524	0.00582	0.00989
60	0.47233	0.00929	0.00830	0.00736	0.01040	0.01010	0.00594	0.01762	0.01155	0.12919	0.01349	0.01461	0.01005	0.00607	0.00406	0.00167	0.00402	0.00422	0.25320	0.00654
61	0.49335	0.01252	0.01228	0.11888	0.01721	0.01441	0.00901	0.21768	0.01499	0.02743	0.01004	0.01156	0.00750	0.00590	0.00453	0.00180	0.00549	0.00401	0.00407	0.00732
62	0.43184	0.12418	0.01453	0.00979	0.01395	0.01555	0.00832	0.22247	0.01559	0.08014	0.01082	0.01145	0.00806	0.00591	0.00441	0.00171	0.00531	0.00393	0.00433	0.00774
63	0.13186	0.68753	0.02737	0.00962	0.01440	0.02160	0.00943	0.01737	0.01154	0.01544	0.00809	0.00935	0.00730	0.00504	0.00371	0.00132	0.00598	0.00312	0.00264	0.00730
64	0.01421	0.01363	0.02328	0.07478	0.72167	0.01377	0.01776	0.01769	0.01316	0.01878	0.01091	0.01445	0.00913	0.00521	0.00576	0.00174	0.00695	0.00518	0.00286	0.00907
65	0.02218	0.01077	0.01338	0.01085	0.01494	0.01054	0.00877	0.02920	0.26277	0.51495	0.02319	0.02043	0.01552	0.00743	0.00587	0.00186	0.00483	0.00609	0.00677	0.00966
66	0.00874	0.00654	0.00835	0.00753	0.00940	0.00578	0.00568	0.01140	0.01566	0.02242	0.62707	0.06333	0.04778	0.01102	0.00652	0.00171	0.00299	0.00971	0.00595	0.12242
67	0.00784	0.00589	0.00727	0.00701	0.00847	0.00531	0.00522	0.01019	0.01541	0.02104	0.55005	0.08567	0.22344	0.01291	0.00689	0.00189	0.00283	0.01126	0.00611	0.00531
68	0.00771	0.00584	0.00824	0.11758	0.01280	0.00593	0.00682	0.00907	0.01106	0.01466	0.02826	0.64238	0.03320	0.05720	0.00836	0.00247	0.00411	0.01450	0.00490	0.00491
69	0.01237	0.00574	0.00841	0.00797	0.00861	0.00555	0.00555	0.01052	0.00886	0.11680	0.01192	0.01798	0.01071	0.01836	0.02034	0.71338	0.00504	0.00516	0.00319	0.00357
70	0.01490	0.68740	0.02863	0.11926	0.01848	0.02158	0.01083	0.01705	0.01179	0.01385	0.00840	0.01020	0.00750	0.00509	0.00403	0.00134	0.00644	0.00340	0.00250	0.00732
71	0.00807	0.00582	0.00763	0.00743	0.00865	0.00538	0.00547	0.01057	0.01571	0.02212	0.65370	0.14945	0.05255	0.01279	0.00694	0.00190	0.00283	0.01137	0.00626	0.00538
72	0.02528	0.01119	0.01430	0.01096	0.01549	0.01047	0.00905	0.17245	0.01881	0.61621	0.02112	0.01861	0.01348	0.00715	0.00584	0.00179	0.00524	0.00572	0.00692	0.00990
73	0.02009	0.01541	0.01710	0.01344	0.01783	0.01711	0.03700	0.55469	0.18877	0.03323	0.01606	0.01576	0.01162	0.00711	0.00588	0.00180	0.00612	0.00560	0.00574	0.00966
74	0.72189	0.01105	0.00925	0.00803	0.01176	0.01241	0.00662	0.01869	0.01085	0.13053	0.01020	0.01091	0.00744	0.00565	0.00392	0.00180	0.00456	0.00353	0.00411	0.00681
75	0.01278	0.01418	0.03041	0.02219	0.02728	0.01329	0.63443	0.01714	0.01336	0.01809	0.01464	0.12562	0.01302	0.00679	0.00694	0.00202	0.00889	0.00823	0.00329	0.00740
76	0.01069	0.00650	0.00849	0.00767	0.00952	0.00589	0.00586	0.01330	0.01632	0.12775	0.61587	0.04075	0.08593	0.01137	0.00672	0.00183	0.00307	0.00995	0.00646	0.00608
77	0.00935	0.00671	0.00835	0.00806	0.00960	0.00651	0.00598	0.01334	0.10431	0.04817	0.46714	0.18576	0.07900	0.01260	0.00682	0.00196	0.00318	0.01112	0.00613	0.00592
78	0.01147	0.01053	0.01656	0.65464	0.03575	0.01296	0.01489	0.01710	0.11607	0.01636	0.01242	0.01652	0.00933	0.00613	0.00579	0.00193	0.00719	0.00537	0.02217	0.00682
79	0.13087	0.01345	0.02147	0.03172	0.65339	0.01371	0.01621	0.01774	0.01277	0.02000	0.01054	0.01369	0.00880	0.00521	0.00545	0.00174	0.00657	0.00489	0.00298	0.00880
80	0.00909	0.00652	0.00737	0.00740	0.00792	0.00674	0.00462	0.01158	0.11375	0.01369	0.02124	0.15460	0.02339	0.56147	0.02275	0.00460	0.00513	0.00946	0.00416	0.00452
81	0.12794	0.01046	0.01618	0.67202	0.03597	0.01294	0.01475	0.01517	0.01138	0.01645	0.01002	0.01465	0.00755	0.00576	0.00550	0.00192	0.00729	0.00488	0.00273	0.00644
82	0.72024	0.01142	0.00920	0.00824	0.01180	0.01325	0.00671	0.01905	0.11457	0.02584	0.01030	0.01118	0.00792	0.00575	0.00393	0.00182	0.00451	0.00363	0.00393	0.00671
83	0.01266	0.01247	0.01747	0.01459	0.01549	0.01630	0.03274	0.01422	0.00949	0.01483	0.00814	0.01271	0.00781	0.00919	0.01664	0.00229	0.65213	0.00491	0.00268	0.12324
84	0.02609	0.00990	0.01350	0.01035	0.01484	0.00855	0.00855	0.02834	0.01664	0.76338	0.02294	0.01979	0.01439	0.00720	0.00585	0.00180	0.00495	0.00585	0.00720	0.00990
85	0.71919	0.01037	0.00829	0.00771	0.01085	0.01187	0.00617	0.01582	0.01007	0.02450	0.01149	0.12027	0.01085	0.00721	0.00414	0.00188	0.00434	0.00504	0.00385	0.00607
86	0.01378	0.01313	0.02218	0.05784	0.68133	0.01316	0.01685	0.01715	0.01331	0.01890	0.03994	0.01699	0.03785	0.00579	0.00584	0.00175	0.00664	0.00563	0.00309	0.00883
87	0.00874	0.00606	0.00794	0.00740	0.00886	0.00557	0.00557	0.01147	0.01647	0.04458	0.73522	0.04276	0.05371	0.01175	0.00683	0.00183	0.00281	0.01038	0.00642	0.00561
88	0.02174	0.02724	0.01652	0.01491	0.01798	0.74060	0.01123	0.05333	0.01694	0.01517	0.00920	0.01063	0.00759	0.00603	0.00527	0.00151	0.01032	0.00381	0.00311	0.00687
89	0.01318	0.00998	0.01041	0.00956	0.01216	0.01126	0.00738	0.02475	0.48765	0.02339	0.02200	0.02169	0.01674	0.00749	0.00526	0.00175	0.00393	0.00617	0.29737	0.00786
90	0.00817	0.00594	0.00768	0.00725	0.00865	0.00546	0.00544	0.01085	0.01631	0.02296	0.72324	0.04403	0.08814	0.01202	0.00686	0.00184	0.00275	0.01060	0.00635	0.00546

[dist]
# distance from previous block
# <min> <max>
0	21

[block]
# block no. 3 follows, 40 sequences, length 108
# corresponding to MSA columns:
# 137-244
name=unknown_D
#
# <colnr> <probs for GDERKNQSTAVLIFYWHMCP>
#	G	D	E	R	K	N	Q	S	T	A	V	L	I	F	Y	W	H	M	C	P
0	0.01555	0.79913	0.03047	0.00995	0.01493	0.02301	0.00995	0.01741	0.01182	0.01368	0.00808	0.00933	0.00746	0.00498	0.00373	0.00124	0.00622	0.00311	0.00249	0.00746
1	0.01153	0.00676	0.00689	0.00664	0.00836	0.00714	0.00504	0.01684	0.15199	0.02218	0.01986	0.02168	0.01545	0.00699	0.00442	0.00147	0.00307	0.00564	0.67193	0.00614
2	0.01113	0.01032	0.01729	0.72002	0.07160	0.01269	0.01580	0.01495	0.01172	0.01529	0.01067	0.01567	0.00807	0.00582	0.00575	0.00191	0.00753	0.00518	0.03203	0.00655
3	0.02211	0.01629	0.01745	0.01338	0.01803	0.01803	0.01105	0.73997	0.02734	0.03665	0.01396	0.01396	0.00989	0.00698	0.00582	0.00175	0.00640	0.00524	0.00582	0.00989
4	0.01095	0.01015	0.01709	0.75405	0.03889	0.01264	0.01575	0.01460	0.01148	0.01469	0.01033	0.01558	0.00784	0.00633	0.00642	0.03150	0.00766	0.00516	0.00258	0.00632
5	0.01163	0.01100	0.01861	0.64028	0.17638	0.01309	0.01647	0.01542	0.01193	0.01564	0.01045	0.01529	0.00803	0.00569	0.00580	0.00190	0.00759	0.00517	0.00264	0.00698
6	0.01230	0.01065	0.01189	0.00929	0.01328	0.04305	0.00730	0.04814	0.01254	0.01843	0.01285	0.04972	0.01197	0.06409	0.03097	0.00174	0.03298	0.03400	0.00366	0.57117
7	0.01232	0.16079	0.64057	0.01545	0.02343	0.01512	0.01953	0.01825	0.01220	0.01761	0.01004	0.01178	0.00738	0.00543	0.00522	0.00174	0.00819	0.00410	0.00246	0.00840
8	0.01375	0.01009	0.01206	0.00883	0.01373	0.00775	0.00706	0.01623	0.01264	0.11787	0.01279	0.04090	0.01045	0.00519	0.00462	0.00104	0.00436	0.00423	0.00401	0.69241
9	0.00771	0.00592	0.00705	0.00677	0.00837	0.00527	0.00508	0.00997	0.01524	0.02041	0.48981	0.04822	0.32316	0.01297	0.00686	0.00188	0.00282	0.01119	0.00602	0.00527
10	0.01373	0.01569	0.03431	0.02451	0.03039	0.01471	0.73824	0.01863	0.01373	0.01863	0.01176	0.01569	0.00882	0.00490	0.00686	0.00196	0.00980	0.00686	0.00294	0.00784
11	0.01150	0.00982	0.01122	0.01139	0.06834	0.01049	0.00803	0.02088	0.38358	0.02167	0.16462	0.03332	0.20111	0.01005	0.00631	0.00193	0.00404	0.00855	0.00565	0.00750
12	0.00718	0.00513	0.00686	0.00821	0.00859	0.00481	0.00556	0.00826	0.01123	0.01495	0.03200	0.76146	0.03825	0.01813	0.00745	0.00237	0.00346	0.04596	0.00540	0.00475
13	0.01602	0.74050	0.02941	0.01033	0.01516	0.07996	0.01005	0.01785	0.01217	0.01372	0.00815	0.00942	0.00746	0.00505	0.00385	0.00126	0.00654	0.00316	0.00253	0.00741
14	0.01166	0.03008	0.76550	0.01657	0.02517	0.01351	0.02149	0.01842	0.01228	0.01842	0.01044	0.01228	0.00737	0.00552	0.00552	0.00184	0.00859	0.00430	0.00246	0.00859
15	0.02593	0.01016	0.01366	0.01047	0.01498	0.00894	0.00865	0.05752	0.01708	0.73359	0.02257	0.01955	0.01421	0.00719	0.00585	0.00180	0.00501	0.00582	0.00714	0.00990
16	0.01228	0.01171	0.01983	0.49138	0.25776	0.01333	0.04598	0.01659	0.04283	0.01667	0.01113	0.01543	0.00866	0.00567	0.00584	0.00188	0.00745	0.00530	0.00283	0.00747
17	0.01555	0.79913	0.03047	0.00995	0.01493	0.02301	0.00995	0.01741	0.01182	0.01368	0.00808	0.00933	0.00746	0.00498	0.00373	0.00124	0.00622	0.00311	0.00249	0.00746
18	0.75534	0.01175	0.00944	0.00822	0.01192	0.01354	0.00677	0.08930	0.01164	0.02715	0.00868	0.00990	0.00666	0.00556	0.00382	0.00179	0.00469	0.00336	0.00382	0.00666
19	0.00744	0.00591	0.00668	0.00649	0.00820	0.00515	0.00487	0.00945	0.01460	0.01890	0.35116	0.05072	0.46276	0.01354	0.00687	0.00191	0.00286	0.01154	0.00582	0.00515
20	0.02211	0.01629	0.01745	0.01338	0.01803	0.01803	0.01105	0.73997	0.02734	0.03665	0.01396	0.01396	0.00989	0.00698	0.00582	0.00175	0.00640	0.00524	0.00582	0.00989
21	0.02185	0.01604	0.01718	0.01320	0.01778	0.01775	0.01090	0.72365	0.02700	0.03631	0.01407	0.01414	0.01000	0.00698	0.00578	0.00174	0.00632	0.00524	0.02429	0.00979
22	0.00786	0.00572	0.00741	0.00743	0.00858	0.00526	0.00540	0.01010	0.01493	0.02074	0.53305	0.23296	0.09155	0.01365	0.00700	0.00197	0.00291	0.01214	0.00609	0.00526
23	0.01439	0.01382	0.02360	0.03569	0.75936	0.01382	0.01785	0.01785	0.01324	0.01900	0.01094	0.01439	0.00921	0.00518	0.00576	0.00173	0.00691	0.00518	0.00288	0.00921
24	0.00812	0.00592	0.00763	0.00726	0.00863	0.00543	0.00542	0.01074	0.01612	0.02263	0.69476	0.06585	0.09521	0.01224	0.00688	0.00185	0.00277	0.01079	0.00631	0.00543
25	0.02201	0.01564	0.01696	0.01307	0.01762	0.01714	0.01077	0.67935	0.02631	0.08100	0.01493	0.03207	0.01082	0.00725	0.00586	0.00176	0.00624	0.00553	0.00589	0.00977
26	0.01512	0.65105	0.06118	0.01239	0.01765	0.02138	0.11877	0.01763	0.01212	0.01461	0.00873	0.01040	0.00766	0.00499	0.00427	0.00137	0.00685	0.00372	0.00255	0.00757
27	0.01272	0.01272	0.01781	0.01527	0.01527	0.01781	0.01272	0.01399	0.00891	0.01399	0.00763	0.01272	0.00763	0.01018	0.01908	0.00254	0.78499	0.00509	0.00254	0.00636
28	0.01166	0.03008	0.76550	0.01657	0.02517	0.01351	0.02149	0.01842	0.01228	0.01842	0.01044	0.01228	0.00737	0.00552	0.00552	0.00184	0.00859	0.00430	0.00246	0.00859
29	0.01063	0.00797	0.00914	0.00899	0.01063	0.00697	0.00643	0.01182	0.01622	0.02195	0.39525	0.15797	0.28010	0.01533	0.00810	0.00247	0.00397	0.01261	0.00676	0.00670
30	0.00709	0.00506	0.00675	0.00810	0.00843	0.00472	0.00540	0.00810	0.01113	0.01484	0.03205	0.79184	0.03846	0.01822	0.00742	0.00236	0.00337	0.01653	0.00540	0.00472
31	0.02211	0.01083	0.01344	0.01080	0.01487	0.01058	0.00876	0.08132	0.19820	0.49298	0.05583	0.02090	0.01673	0.00757	0.00591	0.00184	0.00487	0.00619	0.00674	0.00952
32	0.79913	0.01120	0.00895	0.04287	0.01256	0.01304	0.00675	0.01699	0.00998	0.02558	0.00820	0.00972	0.00636	0.00542	0.00370	0.00181	0.00465	0.00324	0.00355	0.00631
33	0.02291	0.01687	0.01802	0.01397	0.01865	0.01844	0.01141	0.72940	0.02770	0.03723	0.01488	0.01528	0.01079	0.00761	0.00622	0.00192	0.00671	0.00554	0.00611	0.01034
34	0.00925	0.00668	0.00849	0.00800	0.00945	0.00609	0.00593	0.01169	0.01699	0.02411	0.74571	0.04430	0.05507	0.01244	0.00725	0.00201	0.00311	0.01074	0.00668	0.00600
35	0.01646	0.78759	0.03084	0.01060	0.01559	0.02334	0.01032	0.01803	0.01242	0.01462	0.00909	0.01072	0.00840	0.00563	0.00417	0.00143	0.00653	0.00345	0.00283	0.00795
36	0.82490	0.01190	0.00926	0.00833	0.01197	0.01353	0.00673	0.01772	0.01053	0.02684	0.00910	0.01083	0.00725	0.00605	0.00404	0.00198	0.00483	0.00349	0.00392	0.00680
37	0.01275	0.01230	0.01854	0.66843	0.03769	0.05782	0.04012	0.01609	0.01247	0.01583	0.01116	0.01639	0.00870	0.00662	0.00678	0.00211	0.04077	0.00544	0.00296	0.00702
38	0.00961	0.00695	0.00875	0.00829	0.00977	0.00644	0.00616	0.03267	0.01694	0.02388	0.66762	0.08740	0.05239	0.01275	0.00728	0.00205	0.00330	0.02509	0.00659	0.00608
39	0.01196	0.01101	0.01801	0.77035	0.04033	0.01341	0.01643	0.01552	0.01223	0.01578	0.01131	0.01680	0.00868	0.00646	0.00622	0.00211	0.00804	0.00547	0.00293	0.00696
40	0.01195	0.01080	0.01751	0.73811	0.03895	0.01310	0.01593	0.01546	0.01226	0.01606	0.01166	0.01705	0.00898	0.00650	0.00615	0.00209	0.00783	0.00548	0.03720	0.00692
41	0.00933	0.00697	0.01004	0.01000	0.01112	0.00785	0.00768	0.01111	0.00999	0.01444	0.01647	0.02402	0.01537	0.04367	0.76112	0.00941	0.01574	0.00652	0.00345	0.00571
42	0.01646	0.78759	0.03084	0.01060	0.01559	0.02334	0.01032	0.01803	0.01242	0.01462	0.00909	0.01072	0.00840	0.00563	0.00417	0.00143	0.00653	0.00345	0.00283	0.00795
43	0.00812	0.00581	0.00749	0.00877	0.00920	0.00534	0.00584	0.00886	0.01175	0.01576	0.03269	0.78111	0.03892	0.01867	0.00781	0.00253	0.00373	0.01666	0.00570	0.00525
44	0.01196	0.01101	0.01801	0.77035	0.04033	0.01341	0.01643	0.01552	0.01223	0.01578	0.01131	0.01680	0.00868	0.00646	0.00622	0.00211	0.00804	0.00547	0.00293	0.00696
45	0.01081	0.00819	0.01154	0.01402	0.10091	0.00800	0.01045	0.01318	0.01390	0.01834	0.03044	0.07377	0.06524	0.01524	0.00807	0.00269	0.00571	0.57784	0.00536	0.00629
46	0.82490	0.01190	0.00926	0.00833	0.01197	0.01353	0.00673	0.01772	0.01053	0.02684	0.00910	0.01083	0.00725	0.00605	0.00404	0.00198	0.00483	0.00349	0.00392	0.00680
47	0.01421	0.01922	0.18732	0.02306	0.02938	0.01499	0.56058	0.01908	0.01388	0.01934	0.01234	0.01619	0.00941	0.00581	0.00726	0.00212	0.02764	0.00656	0.00317	0.00844
48	0.00831	0.00595	0.00768	0.00889	0.00942	0.00549	0.00608	0.00922	0.01212	0.01630	0.06545	0.70495	0.03937	0.01826	0.00782	0.00252	0.00381	0.05730	0.00574	0.00532
49	0.01107	0.00857	0.01100	0.00995	0.01062	0.00952	0.03649	0.02791	0.02723	0.01471	0.01672	0.03023	0.01759	0.46319	0.08059	0.00488	0.15524	0.00754	0.05164	0.00530
50	0.02087	0.01386	0.01547	0.01227	0.01633	0.01450	0.00990	0.47542	0.02377	0.15237	0.12824	0.02234	0.04922	0.00869	0.00643	0.00195	0.00579	0.00672	0.00640	0.00948
51	0.01646	0.78759	0.03084	0.01060	0.01559	0.02334	0.01032	0.01803	0.01242	0.01462	0.00909	0.01072	0.00840	0.00563	0.00417	0.00143	0.00653	0.00345	0.00283	0.00795
52	0.00929	0.00685	0.00961	0.00963	0.01062	0.00756	0.00721	0.01081	0.00998	0.01427	0.01750	0.06059	0.01714	0.12016	0.64958	0.00871	0.01416	0.00722	0.00359	0.00552
53	0.00928	0.00693	0.00841	0.00805	0.00962	0.00638	0.00594	0.01207	0.05064	0.02253	0.56579	0.08864	0.15645	0.01304	0.00724	0.00206	0.00326	0.01116	0.00645	0.00605
54	0.70370	0.01313	0.01054	0.00925	0.01298	0.04560	0.00744	0.09549	0.01267	0.02748	0.00977	0.01136	0.00769	0.00624	0.00435	0.00196	0.00529	0.00373	0.00414	0.00720
55	0.02290	0.01713	0.01800	0.01401	0.01865	0.03559	0.01141	0.71310	0.02746	0.03672	0.01476	0.01520	0.01073	0.00758	0.00621	0.00192	0.00680	0.00551	0.00604	0.01026
56	0.01256	0.01032	0.01211	0.00868	0.01382	0.00778	0.00695	0.01513	0.01222	0.04550	0.01079	0.01233	0.00882	0.00441	0.00436	0.00089	0.00433	0.00353	0.00358	0.80189
57	0.00696	0.00589	0.00601	0.00598	0.00791	0.00495	0.00449	0.00852	0.01346	0.01620	0.10429	0.05515	0.71130	0.01454	0.00687	0.00195	0.00293	0.01216	0.00547	0.00495
58	0.01446	0.01249	0.01315	0.01183	0.01512	0.01446	0.00920	0.03090	0.74885	0.02433	0.02367	0.02170	0.01775	0.00789	0.00592	0.00197	0.00460	0.00657	0.00592	0.00920
59	0.01169	0.00624	0.00633	0.00602	0.00762	0.00637	0.00459	0.06820	0.01333	0.02281	0.01859	0.02110	0.01453	0.00679	0.00420	0.00138	0.00299	0.00541	0.76606	0.00576
60	0.01155	0.00890	0.01014	0.00924	0.01162	0.00939	0.00711	0.01999	0.32808	0.05606	0.34551	0.03431	0.10374	0.01024	0.00641	0.00190	0.00365	0.00880	0.00614	0.00721
61	0.01150	0.00605	0.00612	0.00588	0.00743	0.00615	0.00447	0.05578	0.01308	0.02255	0.01868	0.02123	0.01461	0.00679	0.00417	0.00138	0.00292	0.00541	0.78012	0.00568
62	0.00846	0.00564	0.00634	0.00634	0.00634	0.00564	0.00352	0.00846	0.00846	0.01128	0.01832	0.03805	0.02114	0.79563	0.02960	0.00564	0.00564	0.00846	0.00352	0.00352
63	0.02211	0.01629	0.01745	0.01338	0.01803	0.01803	0.01105	0.73997	0.02734	0.03665	0.01396	0.01396	0.00989	0.00698	0.00582	0.00175	0.00640	0.00524	0.00582	0.00989
64	0.01213	0.01209	0.02225	0.49499	0.14661	0.01347	0.18222	0.01618	0.01235	0.01635	0.01076	0.01538	0.00822	0.00551	0.00605	0.00191	0.00810	0.00556	0.00271	0.00719
65	0.01555	0.79913	0.03047	0.00995	0.01493	0.02301	0.00995	0.01741	0.01182	0.01368	0.00808	0.00933	0.00746	0.00498	0.00373	0.00124	0.00622	0.00311	0.00249	0.00746
66	0.78935	0.01154	0.00906	0.00798	0.01164	0.01334	0.00657	0.05912	0.01091	0.02670	0.00844	0.00971	0.00651	0.00549	0.00373	0.00180	0.00461	0.00327	0.00373	0.00651
67	0.01373	0.01569	0.03431	0.02451	0.03039	0.01471	0.73824	0.01863	0.01373	0.01863	0.01176	0.01569	0.00882	0.00490	0.00686	0.00196	0.00980	0.00686	0.00294	0.00784
68	0.01084	0.00542	0.00542	0.00542	0.00678	0.00542	0.00407	0.01355	0.01220	0.02168	0.01897	0.02168	0.01491	0.00678	0.00407	0.00136	0.00271	0.00542	0.82791	0.00542
69	0.01332	0.01135	0.01216	0.01124	0.01414	0.01292	0.00871	0.02726	0.62485	0.02289	0.02614	0.08643	0.05106	0.00938	0.00618	0.00204	0.00447	0.04115	0.00583	0.00849
70	0.00709	0.00506	0.00675	0.00810	0.00843	0.00472	0.00540	0.00810	0.01113	0.01484	0.03205	0.79184	0.03846	0.01822	0.00742	0.00236	0.00337	0.01653	0.00540	0.00472
71	0.01266	0.00849	0.01014	0.00877	0.01119	0.00839	0.00685	0.14570	0.04856	0.09902	0.44964	0.03604	0.10965	0.01064	0.00653	0.00183	0.00372	0.00910	0.00626	0.00683
72	0.02229	0.01599	0.01727	0.01324	0.01788	0.01759	0.01094	0.70651	0.02684	0.07081	0.01438	0.01424	0.01010	0.00699	0.00582	0.00175	0.00633	0.00526	0.00588	0.00989
73	0.02211	0.01629	0.01745	0.01338	0.01803	0.01803	0.01105	0.73997	0.02734	0.03665	0.01396	0.01396	0.00989	0.00698	0.00582	0.00175	0.00640	0.00524	0.00582	0.00989
74	0.00709	0.00506	0.00675	0.00810	0.00843	0.00472	0.00540	0.00810	0.01113	0.01484	0.03205	0.79184	0.03846	0.01822	0.00742	0.00236	0.00337	0.01653	0.00540	0.00472
75	0.01555	0.79913	0.03047	0.00995	0.01493	0.02301	0.00995	0.01741	0.01182	0.01368	0.00808	0.00933	0.00746	0.00498	0.00373	0.00124	0.00622	0.00311	0.00249	0.00746
76	0.02211	0.01629	0.01745	0.01338	0.01803	0.01803	0.01105	0.73997	0.02734	0.03665	0.01396	0.01396	0.00989	0.00698	0.00582	0.00175	0.00640	0.00524	0.00582	0.00989
77	0.01451	0.01251	0.01358	0.01283	0.04891	0.01432	0.00954	0.05034	0.67768	0.02424	0.02361	0.02192	0.03400	0.00790	0.00593	0.00195	0.00472	0.00660	0.00576	0.00913
78	0.00727	0.00520	0.00691	0.00797	0.00847	0.00484	0.00541	0.00855	0.01198	0.01619	0.14694	0.67311	0.04106	0.01721	0.00733	0.00228	0.00327	0.01558	0.00556	0.00484
79	0.01098	0.01034	0.01744	0.78165	0.04005	0.01292	0.01615	0.01486	0.01163	0.01486	0.01034	0.01550	0.00775	0.00581	0.00581	0.00194	0.00775	0.00517	0.00258	0.00646
80	0.00709	0.00506	0.00675	0.00810	0.00843	0.00472	0.00540	0.00810	0.01113	0.01484	0.03205	0.79184	0.03846	0.01822	0.00742	0.00236	0.00337	0.01653	0.00540	0.00472
81	0.00709	0.00506	0.00675	0.00810	0.00843	0.00472	0.00540	0.00810	0.01113	0.01484	0.03205	0.79184	0.03846	0.01822	0.00742	0.00236	0.00337	0.01653	0.00540	0.00472
82	0.01555	0.79913	0.03047	0.00995	0.01493	0.02301	0.00995	0.01741	0.01182	0.01368	0.00808	0.00933	0.00746	0.00498	0.00373	0.00124	0.00622	0.00311	0.00249	0.00746
83	0.01439	0.01382	0.02360	0.03569	0.75936	0.01382	0.01785	0.01785	0.01324	0.01900	0.01094	0.01439	0.00921	0.00518	0.00576	0.00173	0.00691	0.00518	0.00288	0.00921
84	0.01593	0.58845	0.08680	0.01102	0.01613	0.02104	0.01095	0.10347	0.06684	0.01753	0.01009	0.01100	0.00848	0.00547	0.00428	0.00140	0.00631	0.00371	0.00312	0.00796
85	0.01446	0.01249	0.01315	0.01183	0.01512	0.01446	0.00920	0.03090	0.74885	0.02433	0.02367	0.02170	0.01775	0.00789	0.00592	0.00197	0.00460	0.00657	0.00592	0.00920
86	0.83671	0.01125	0.00855	0.00765	0.01125	0.01305	0.00630	0.01709	0.00990	0.02609	0.00810	0.00945	0.00630	0.00540	0.00360	0.00180	0.00450	0.00315	0.00360	0.00630
87	0.01166	0.03008	0.76550	0.01657	0.02517	0.01351	0.02149	0.01842	0.01228	0.01842	0.01044	0.01228	0.00737	0.00552	0.00552	0.00184	0.00859	0.00430	0.00246	0.00859
88	0.00767	0.00548	0.00742	0.00876	0.00936	0.00523	0.00641	0.00910	0.01171	0.01550	0.03173	0.60676	0.03719	0.01767	0.00758	0.00244	0.00388	0.19586	0.00539	0.00488
89	0.00709	0.00506	0.00675	0.00810	0.00843	0.00472	0.00540	0.00810	0.01113	0.01484	0.03205	0.79184	0.03846	0.01822	0.00742	0.00236	0.00337	0.01653	0.00540	0.00472
90	0.83671	0.01125	0.00855	0.00765	0.01125	0.01305	0.00630	0.01709	0.00990	0.02609	0.00810	0.00945	0.00630	0.00540	0.00360	0.00180	0.00450	0.00315	0.00360	0.00630
91	0.01166	0.03008	0.76550	0.01657	0.02517	0.01351	0.02149	0.01842	0.01228	0.01842	0.01044	0.01228	0.00737	0.00552	0.00552	0.00184	0.00859	0.00430	0.00246	0.00859
92	0.00831	0.00623	0.00935	0.00935	0.01038	0.00727	0.00727	0.01038	0.00935	0.01350	0.01558	0.02285	0.01454	0.04361	0.77259	0.00935	0.01558	0.00623	0.00312	0.00519
93	0.01550	0.01272	0.01527	0.01605	0.15006	0.01405	0.01077	0.10236	0.47279	0.05825	0.05352	0.02045	0.01690	0.00745	0.00592	0.00189	0.00514	0.00633	0.00544	0.00914
94	0.83671	0.01125	0.00855	0.00765	0.01125	0.01305	0.00630	0.01709	0.00990	0.02609	0.00810	0.00945	0.00630	0.00540	0.00360	0.00180	0.00450	0.00315	0.00360	0.00630
95	0.01272	0.01272	0.01781	0.01527	0.01527	0.01781	0.01272	0.01399	0.00891	0.01399	0.00763	0.01272	0.00763	0.01018	0.01908	0.00254	0.78499	0.00509	0.00254	0.00636
96	0.01409	0.01364	0.02381	0.03364	0.67061	0.01355	0.07462	0.01763	0.01341	0.01915	0.04156	0.01569	0.01105	0.00543	0.00589	0.00175	0.00697	0.00553	0.00303	0.00895
97	0.01989	0.02459	0.01542	0.01435	0.01710	0.65839	0.01096	0.02156	0.01602	0.01470	0.01223	0.01869	0.01136	0.00749	0.00566	0.00167	0.00972	0.11033	0.00335	0.00654
98	0.01356	0.01438	0.02852	0.04141	0.25059	0.01415	0.42815	0.01769	0.01339	0.01862	0.04624	0.01642	0.01102	0.00564	0.00722	0.00192	0.05362	0.00639	0.00305	0.00804
99	0.16977	0.02269	0.44547	0.01518	0.03852	0.01361	0.06476	0.06112	0.04763	0.05240	0.01144	0.01287	0.00823	0.00572	0.00530	0.00184	0.00739	0.00450	0.00327	0.00828
100	0.00841	0.00620	0.00918	0.00918	0.01023	0.00719	0.00713	0.01052	0.00946	0.01384	0.01572	0.02280	0.01455	0.04207	0.74044	0.00901	0.01504	0.00620	0.03761	0.00520
101	0.01439	0.01382	0.02360	0.03569	0.75936	0.01382	0.01785	0.01785	0.01324	0.01900	0.01094	0.01439	0.00921	0.00518	0.00576	0.00173	0.00691	0.00518	0.00288	0.00921
102	0.00719	0.00514	0.00687	0.00822	0.00860	0.00482	0.00558	0.00828	0.01124	0.01497	0.03199	0.75770	0.03823	0.01812	0.00745	0.00238	0.00347	0.04961	0.00540	0.00475
103	0.01555	0.79913	0.03047	0.00995	0.01493	0.02301	0.00995	0.01741	0.01182	0.01368	0.00808	0.00933	0.00746	0.00498	0.00373	0.00124	0.00622	0.00311	0.00249	0.00746
104	0.01150	0.00605	0.00612	0.00588	0.00743	0.00615	0.00447	0.05578	0.01308	0.02255	0.01868	0.02123	0.01461	0.00679	0.00417	0.00138	0.00292	0.00541	0.78012	0.00568
105	0.01110	0.00567	0.00570	0.00561	0.00704	0.00571	0.00423	0.03048	0.01255	0.02203	0.01885	0.02150	0.01479	0.00678	0.00411	0.00136	0.00280	0.00542	0.80875	0.00552
106	0.00719	0.00514	0.00687	0.00822	0.00860	0.00482	0.00558	0.00828	0.01124	0.01497	0.03199	0.75770	0.03823	0.01812	0.00745	0.00238	0.00347	0.04961	0.00540	0.00475
107	0.02151	0.01638	0.01709	0.01331	0.01781	0.04296	0.01092	0.66166	0.08229	0.03496	0.01454	0.01444	0.01041	0.00702	0.00581	0.00175	0.00640	0.00529	0.00573	0.00973

[dist]
# distance from previous block
# <min> <max>
1	3

[block]
# block no. 4 follows, 40 sequences, length 14
# corresponding to MSA columns:
# 248-261
name=unknown_E
#
# <colnr> <probs for GDERKNQSTAVLIFYWHMCP>
#	G	D	E	R	K	N	Q	S	T	A	V	L	I	F	Y	W	H	M	C	P
0	0.01446	0.01249	0.01315	0.01183	0.01512	0.01446	0.00920	0.03090	0.74885	0.02433	0.02367	0.02170	0.01775	0.00789	0.00592	0.00197	0.00460	0.00657	0.00592	0.00920
1	0.01272	0.01272	0.01781	0.01527	0.01527	0.01781	0.01272	0.01399	0.00891	0.01399	0.00763	0.01272	0.00763	0.01018	0.01908	0.00254	0.78499	0.00509	0.00254	0.00636
2	0.00823	0.00594	0.00777	0.00732	0.00869	0.00549	0.00549	0.01097	0.01646	0.02332	0.75629	0.04344	0.05487	0.01189	0.00686	0.00183	0.00274	0.01052	0.00640	0.00549
3	0.09747	0.00636	0.00757	0.00755	0.00899	0.00615	0.00564	0.01088	0.01427	0.02103	0.44228	0.19978	0.09632	0.01290	0.00667	0.00198	0.00319	0.03984	0.00577	0.00537
4	0.02211	0.01629	0.01745	0.01338	0.01803	0.01803	0.01105	0.73997	0.02734	0.03665	0.01396	0.01396	0.00989	0.00698	0.00582	0.00175	0.00640	0.00524	0.00582	0.00989
5	0.08052	0.00623	0.00627	0.00596	0.00773	0.00628	0.00458	0.01492	0.01233	0.07596	0.01836	0.02053	0.01415	0.00669	0.00416	0.00142	0.00302	0.00526	0.69982	0.00582
6	0.02211	0.01629	0.01745	0.01338	0.01803	0.01803	0.01105	0.73997	0.02734	0.03665	0.01396	0.01396	0.00989	0.00698	0.00582	0.00175	0.00640	0.00524	0.00582	0.00989
7	0.01166	0.03008	0.76550	0.01657	0.02517	0.01351	0.02149	0.01842	0.01228	0.01842	0.01044	0.01228	0.00737	0.00552	0.00552	0.00184	0.00859	0.00430	0.00246	0.00859
8	0.01606	0.73508	0.02931	0.01037	0.01518	0.08522	0.01006	0.01790	0.01220	0.01373	0.00816	0.00942	0.00747	0.00506	0.00386	0.00126	0.00657	0.00316	0.00253	0.00740
9	0.79345	0.01223	0.04823	0.00812	0.01198	0.01307	0.00709	0.01716	0.01002	0.02569	0.00822	0.00960	0.00635	0.00540	0.00370	0.00180	0.00471	0.00321	0.00354	0.00642
10	0.01466	0.01457	0.02153	0.02948	0.54148	0.06963	0.01603	0.01840	0.05670	0.01817	0.01103	0.01428	0.00934	0.00620	0.00787	0.00186	0.13205	0.00515	0.00301	0.00857
11	0.00823	0.00594	0.00777	0.00732	0.00869	0.00549	0.00549	0.01097	0.01646	0.02332	0.75629	0.04344	0.05487	0.01189	0.00686	0.00183	0.00274	0.01052	0.00640	0.00549
12	0.00853	0.00590	0.00768	0.00768	0.00825	0.00638	0.00530	0.00966	0.00909	0.01293	0.01708	0.03001	0.01770	0.39900	0.37341	0.00711	0.01008	0.00724	0.05255	0.00441
13	0.00875	0.00565	0.00642	0.00642	0.00666	0.00572	0.00384	0.00923	0.00899	0.01273	0.01822	0.03499	0.01992	0.64648	0.07542	0.00534	0.00592	0.00793	0.10750	0.00387

[dist]
# distance from previous block
# <min> <max>
5	7

[block]
# block no. 5 follows, 40 sequences, length 12
# corresponding to MSA columns:
# 269-280
name=unknown_F
#
# <colnr> <probs for GDERKNQSTAVLIFYWHMCP>
#	G	D	E	R	K	N	Q	S	T	A	V	L	I	F	Y	W	H	M	C	P
0	0.02144	0.01352	0.01533	0.01199	0.01624	0.01430	0.00982	0.44290	0.07948	0.22284	0.07606	0.01841	0.01524	0.00750	0.00592	0.00178	0.00559	0.00592	0.00623	0.00949
