[name]
unknown

[dist]
# distance from previous block
# <min> <max>
0	623

[block]
# block no. 0 follows, 41 sequences, length 13
# corresponding to MSA columns:
# 653-665
name=unknown_A
#
# <colnr> <probs for GDERKNQSTAVLIFYWHMCP>
#	G	D	E	R	K	N	Q	S	T	A	V	L	I	F	Y	W	H	M	C	P
0	0.00740	0.00563	0.00581	0.00595	0.00762	0.00489	0.00439	0.00899	0.01265	0.01629	0.04895	0.12833	0.56662	0.01362	0.00638	0.00188	0.00291	0.01145	0.13535	0.00489
1	0.01412	0.02738	0.50726	0.01621	0.02293	0.19880	0.06320	0.01981	0.04557	0.01738	0.01057	0.01226	0.00781	0.00561	0.00547	0.00174	0.00881	0.00435	0.00272	0.00799
2	0.01175	0.01197	0.02257	0.50613	0.03530	0.01348	0.25196	0.01578	0.01200	0.01578	0.01051	0.01520	0.00796	0.00560	0.00659	0.00194	0.04040	0.00562	0.00265	0.00679
3	0.02137	0.02726	0.01621	0.01474	0.01768	0.77602	0.01105	0.02284	0.01621	0.01400	0.00884	0.01031	0.00737	0.00589	0.00516	0.00147	0.01031	0.00368	0.00295	0.00663
4	0.01360	0.01514	0.03209	0.02584	0.14544	0.01433	0.62831	0.01820	0.01343	0.01838	0.01144	0.01523	0.00874	0.00486	0.00658	0.00189	0.00919	0.00649	0.00288	0.00793
5	0.01149	0.01076	0.01802	0.69679	0.12144	0.01296	0.01616	0.01515	0.01181	0.01536	0.01053	0.01553	0.00808	0.00585	0.00584	0.00194	0.00762	0.00518	0.00268	0.00682
6	0.00921	0.00703	0.01010	0.00982	0.01095	0.00822	0.00767	0.03842	0.01004	0.01446	0.01517	0.02204	0.01407	0.04001	0.70805	0.00862	0.05127	0.00613	0.00324	0.00550
7	0.00867	0.00628	0.00824	0.00828	0.00967	0.00589	0.00656	0.01121	0.01540	0.02128	0.52732	0.04953	0.07494	0.01311	0.00719	0.00209	0.00353	0.20925	0.00606	0.00550
8	0.01177	0.02970	0.76592	0.01647	0.02492	0.01343	0.02120	0.01830	0.01226	0.01838	0.01057	0.01249	0.00754	0.00564	0.00556	0.00187	0.00854	0.00433	0.00252	0.00860
9	0.01379	0.01561	0.03385	0.02424	0.03003	0.01461	0.73913	0.01851	0.01368	0.01859	0.01187	0.01583	0.00896	0.00503	0.00687	0.00198	0.00972	0.00684	0.00300	0.00786
10	0.01965	0.01489	0.01565	0.01259	0.01644	0.04453	0.01011	0.59761	0.02409	0.03202	0.01663	0.13714	0.01434	0.00876	0.00608	0.00186	0.00607	0.00694	0.00564	0.00895
11	0.01905	0.02291	0.01587	0.01396	0.01690	0.55994	0.01066	0.02058	0.01479	0.01499	0.00920	0.01125	0.00785	0.00633	0.00678	0.00156	0.10333	0.00390	0.00307	0.13708
12	0.00823	0.00662	0.00926	0.00933	0.01056	0.00624	0.06362	0.01046	0.05801	0.01590	0.03380	0.56552	0.14834	0.01585	0.00720	0.00226	0.00394	0.01428	0.00524	0.00536

[dist]
# distance from previous block
# <min> <max>
41	740

# created by:
# /software/SequenceAnalysis/GenePrediction/augustus/3.0.1/scripts/msa2prfl.pl ./fixed/BUSCOvEOG7CNS4F.fas
