[name]
unknown

[dist]
# distance from previous block
# <min> <max>
5	114

[block]
# block no. 0 follows, 41 sequences, length 88
# corresponding to MSA columns:
# 117-204
name=unknown_A
#
# <colnr> <probs for GDERKNQSTAVLIFYWHMCP>
#	G	D	E	R	K	N	Q	S	T	A	V	L	I	F	Y	W	H	M	C	P
0	0.00818	0.00654	0.00668	0.00665	0.00855	0.00554	0.00489	0.00945	0.01369	0.01711	0.08811	0.07210	0.65211	0.01451	0.00703	0.00209	0.00327	0.01190	0.05615	0.00544
1	0.00915	0.00666	0.00821	0.00790	0.00941	0.00604	0.00593	0.01135	0.01605	0.02238	0.59038	0.04611	0.14742	0.01278	0.00717	0.00205	0.00327	0.05437	0.02753	0.00586
2	0.00916	0.00662	0.00839	0.00795	0.00936	0.00603	0.00587	0.01149	0.01663	0.02357	0.73022	0.06294	0.05379	0.01244	0.00718	0.00200	0.00310	0.01074	0.00658	0.00593
3	0.82670	0.01177	0.00917	0.00825	0.01184	0.01336	0.00666	0.01749	0.01041	0.02647	0.00904	0.01078	0.00722	0.00601	0.00401	0.00196	0.00479	0.00346	0.00389	0.00673
4	0.00715	0.00508	0.00673	0.00797	0.00833	0.00479	0.00537	0.00816	0.01089	0.01450	0.03065	0.71695	0.03657	0.06558	0.00866	0.00253	0.00354	0.04677	0.00520	0.00460
5	0.83938	0.01106	0.00841	0.00752	0.01106	0.01283	0.00619	0.01681	0.00973	0.02566	0.00796	0.00929	0.00619	0.00531	0.00354	0.00177	0.00442	0.00310	0.00354	0.00619
6	0.01066	0.00533	0.00533	0.00533	0.00666	0.00533	0.00400	0.01333	0.01200	0.02132	0.01866	0.02132	0.01466	0.00666	0.00400	0.00133	0.00267	0.00533	0.83073	0.00533
7	0.73974	0.01090	0.00900	0.00785	0.01150	0.01229	0.00647	0.01817	0.01055	0.11647	0.00975	0.01054	0.00717	0.00553	0.00381	0.00177	0.00448	0.00342	0.00397	0.00663
8	0.00926	0.00556	0.00745	0.00824	0.00907	0.00511	0.00569	0.01040	0.01161	0.10676	0.03043	0.70025	0.03493	0.01659	0.00711	0.00226	0.00351	0.01497	0.00553	0.00527
9	0.00992	0.00719	0.00878	0.00876	0.01008	0.00721	0.00635	0.14373	0.01498	0.02030	0.18215	0.49286	0.03608	0.01458	0.00689	0.00210	0.00373	0.01297	0.00559	0.00574
10	0.00816	0.00609	0.00900	0.00895	0.01001	0.00694	0.00694	0.01029	0.01005	0.01446	0.10654	0.02495	0.01916	0.03908	0.68208	0.00829	0.01378	0.00664	0.00346	0.00514
11	0.01525	0.01128	0.01232	0.01062	0.01400	0.03229	0.00832	0.02573	0.44831	0.14164	0.11166	0.02238	0.02020	0.00772	0.00574	0.00177	0.00448	0.00643	0.00575	0.09412
12	0.02337	0.00915	0.01246	0.00991	0.01383	0.00795	0.00803	0.02544	0.01571	0.67510	0.02366	0.11446	0.01706	0.00841	0.00594	0.00184	0.00468	0.00704	0.00686	0.00911
13	0.01458	0.01246	0.01313	0.01171	0.01501	0.01439	0.00914	0.06393	0.71885	0.02450	0.02283	0.02098	0.01710	0.00772	0.00582	0.00193	0.00461	0.00640	0.00582	0.00909
14	0.01000	0.00617	0.00809	0.00763	0.00921	0.00561	0.00571	0.01230	0.01520	0.11236	0.51718	0.16736	0.07640	0.01230	0.00672	0.00189	0.00308	0.01085	0.00618	0.00578
15	0.01389	0.01441	0.10556	0.01221	0.01608	0.01411	0.01053	0.02889	0.66224	0.02322	0.02169	0.02021	0.01621	0.00748	0.00577	0.00192	0.00501	0.00619	0.00540	0.00898
16	0.00830	0.00696	0.00723	0.00657	0.00905	0.00596	0.00504	0.05397	0.01374	0.01710	0.04939	0.04723	0.62290	0.01277	0.00639	0.00179	0.00327	0.01059	0.00510	0.10665
17	0.01480	0.01244	0.01312	0.01155	0.01489	0.01422	0.00906	0.11676	0.62929	0.02501	0.02374	0.02199	0.05145	0.00797	0.00585	0.00191	0.00467	0.00657	0.00578	0.00894
18	0.01038	0.00536	0.00544	0.00544	0.00661	0.00536	0.00393	0.01271	0.01154	0.02007	0.01858	0.02330	0.01541	0.10368	0.00707	0.00185	0.00302	0.00570	0.72944	0.00510
19	0.01345	0.01577	0.05151	0.02392	0.02977	0.01444	0.72511	0.01832	0.01347	0.01832	0.01154	0.01535	0.00864	0.00484	0.00672	0.00193	0.00961	0.00669	0.00288	0.00773
20	0.00862	0.00662	0.00952	0.00910	0.01062	0.00721	0.00710	0.01073	0.00952	0.01393	0.01469	0.02117	0.01359	0.03816	0.68177	0.00817	0.01396	0.00579	0.00310	0.10660
21	0.00883	0.00640	0.00762	0.00731	0.00731	0.00701	0.00457	0.00899	0.00837	0.01142	0.01673	0.03438	0.01917	0.70237	0.02785	0.00517	0.10142	0.00791	0.00335	0.00381
22	0.01466	0.67497	0.15191	0.01086	0.01634	0.02109	0.01166	0.01729	0.01170	0.01423	0.00833	0.00965	0.00732	0.00498	0.00396	0.00132	0.00650	0.00325	0.00244	0.00752
23	0.01807	0.10852	0.02077	0.02073	0.28800	0.03365	0.01314	0.36383	0.03436	0.02633	0.01205	0.01342	0.00930	0.00599	0.00545	0.00165	0.00651	0.00488	0.00422	0.00912
24	0.01121	0.01056	0.01758	0.61301	0.12530	0.01288	0.01551	0.01474	0.01137	0.01500	0.01029	0.01525	0.00808	0.00749	0.03924	0.00223	0.05592	0.00512	0.00260	0.00663
25	0.01080	0.01017	0.01716	0.78523	0.03940	0.01271	0.01589	0.01461	0.01144	0.01461	0.01017	0.01525	0.00762	0.00572	0.00572	0.00191	0.00762	0.00508	0.00254	0.00635
26	0.73805	0.01095	0.00883	0.00764	0.01137	0.01219	0.00627	0.01652	0.00999	0.02480	0.00823	0.00961	0.00647	0.00518	0.00363	0.00166	0.00440	0.00313	0.00352	0.10755
27	0.00785	0.00603	0.00867	0.01129	0.10075	0.00574	0.00681	0.00914	0.01120	0.01510	0.02898	0.69960	0.03431	0.01635	0.00710	0.00225	0.00374	0.01489	0.00501	0.00519
28	0.02518	0.01050	0.01375	0.01054	0.01499	0.00955	0.00871	0.11559	0.01766	0.67772	0.02148	0.01877	0.01362	0.00705	0.00575	0.00176	0.00504	0.00568	0.00691	0.00973
29	0.00713	0.00505	0.00659	0.00775	0.00804	0.00476	0.00508	0.00801	0.01063	0.01417	0.02987	0.70245	0.03574	0.11356	0.00997	0.00272	0.00359	0.01529	0.00508	0.00450
30	0.73745	0.01032	0.00819	0.00758	0.01072	0.01183	0.00609	0.01573	0.00988	0.02431	0.01085	0.10553	0.01007	0.00685	0.00400	0.00184	0.00429	0.00471	0.00376	0.00600
31	0.00694	0.00518	0.00646	0.00745	0.00817	0.00470	0.00509	0.00808	0.01153	0.01496	0.05161	0.61064	0.20435	0.01701	0.00717	0.00222	0.00321	0.01518	0.00533	0.00470
32	0.00716	0.00571	0.00641	0.00645	0.00802	0.00496	0.00475	0.00889	0.01366	0.01742	0.24914	0.14227	0.47671	0.01413	0.00682	0.00194	0.00289	0.01211	0.00558	0.00496
33	0.02048	0.01539	0.01645	0.01290	0.01725	0.01715	0.01057	0.62380	0.14938	0.03400	0.01534	0.01502	0.01103	0.00702	0.00574	0.00175	0.00600	0.00537	0.00574	0.00961
34	0.01394	0.01203	0.01280	0.01125	0.01471	0.01342	0.00877	0.02844	0.66222	0.02328	0.02167	0.02018	0.01636	0.00733	0.00563	0.00181	0.00449	0.00609	0.00552	0.11006
35	0.73231	0.01206	0.00990	0.00861	0.01231	0.01372	0.00702	0.10625	0.01221	0.02738	0.00926	0.01065	0.00719	0.00588	0.00407	0.00187	0.00485	0.00355	0.00400	0.00692
36	0.02126	0.01538	0.01659	0.01309	0.01745	0.01685	0.01064	0.58025	0.14236	0.07917	0.01634	0.01607	0.01176	0.00739	0.00598	0.00186	0.00611	0.00558	0.00599	0.00988
37	0.02222	0.01636	0.01750	0.01351	0.01810	0.01798	0.01108	0.73799	0.02711	0.03639	0.01427	0.01451	0.01026	0.00723	0.00596	0.00182	0.00648	0.00533	0.00589	0.00999
38	0.00848	0.00625	0.00778	0.00742	0.00887	0.00565	0.00551	0.01078	0.01593	0.02214	0.63672	0.06423	0.15301	0.01257	0.00699	0.00193	0.00296	0.01087	0.00630	0.00560
39	0.83243	0.01145	0.00882	0.00792	0.01149	0.01312	0.00645	0.01718	0.01011	0.02610	0.00856	0.01011	0.00676	0.00569	0.00380	0.00187	0.00462	0.00330	0.00373	0.00649
40	0.04662	0.00674	0.00829	0.00870	0.00998	0.00641	0.00615	0.01256	0.05748	0.10366	0.04817	0.56438	0.06710	0.01545	0.00705	0.00228	0.00379	0.01361	0.00567	0.00591
41	0.00892	0.00598	0.00668	0.00665	0.00671	0.00590	0.00374	0.00876	0.00870	0.01166	0.01852	0.03799	0.02122	0.79215	0.02914	0.00562	0.00573	0.00847	0.00366	0.00379
42	0.00745	0.00623	0.00635	0.00630	0.00823	0.00522	0.00468	0.00881	0.01357	0.01644	0.10102	0.05469	0.71146	0.01461	0.00699	0.00203	0.00310	0.01208	0.00555	0.00517
43	0.00877	0.00656	0.00960	0.00958	0.01065	0.00749	0.00739	0.01064	0.00957	0.01383	0.01584	0.02317	0.01479	0.04294	0.76955	0.00923	0.01542	0.00630	0.00326	0.00541
44	0.02550	0.01000	0.01345	0.01045	0.01479	0.00863	0.00854	0.02756	0.01668	0.73545	0.04831	0.02099	0.01601	0.00760	0.00603	0.00187	0.00499	0.00608	0.00721	0.00985
45	0.02435	0.01108	0.01400	0.01103	0.01535	0.01038	0.00897	0.10144	0.10530	0.59810	0.02221	0.01983	0.01459	0.00750	0.00600	0.00189	0.00517	0.00595	0.00695	0.00992
46	0.00975	0.00597	0.00784	0.00862	0.00948	0.00544	0.00593	0.01072	0.01194	0.10236	0.03086	0.69903	0.03536	0.01693	0.00735	0.00236	0.00371	0.01512	0.00569	0.00555
47	0.01396	0.01560	0.03337	0.05045	0.03047	0.01468	0.71118	0.01855	0.01377	0.01870	0.01208	0.01618	0.00918	0.00524	0.00695	0.00203	0.00972	0.00686	0.00308	0.00795
48	0.01360	0.01378	0.01815	0.45802	0.19005	0.13465	0.01514	0.01663	0.01287	0.01593	0.01166	0.05164	0.00986	0.00656	0.00593	0.00191	0.00784	0.00557	0.00300	0.00719
49	0.00975	0.01281	0.21609	0.01150	0.01457	0.00815	0.01133	0.01290	0.01298	0.01789	0.10116	0.22855	0.02963	0.01336	0.00718	0.00234	0.00558	0.27314	0.00478	0.00630
50	0.00766	0.00548	0.00716	0.00845	0.00887	0.00507	0.00570	0.00855	0.01139	0.01523	0.03186	0.76388	0.03794	0.01811	0.00755	0.00243	0.00359	0.04062	0.00548	0.00498
51	0.00759	0.00624	0.00654	0.00644	0.00832	0.00528	0.00479	0.00908	0.01390	0.01722	0.17432	0.05341	0.63767	0.01432	0.00699	0.00201	0.00308	0.01190	0.00565	0.00523
52	0.01273	0.04068	0.57904	0.01555	0.02272	0.01264	0.05246	0.01825	0.01312	0.06469	0.07201	0.01776	0.01294	0.00675	0.00592	0.00194	0.00783	0.03125	0.00334	0.00839
53	0.00868	0.00620	0.00720	0.00744	0.00791	0.00604	0.00474	0.02269	0.01041	0.01376	0.02697	0.26566	0.11350	0.43309	0.01930	0.00408	0.02223	0.01115	0.00445	0.00448
54	0.00878	0.00651	0.00935	0.00933	0.01031	0.00735	0.00708	0.01048	0.00950	0.01365	0.01607	0.02443	0.01534	0.10683	0.70641	0.00892	0.01459	0.00648	0.00329	0.00527
55	0.83243	0.01145	0.00882	0.00792	0.01149	0.01312	0.00645	0.01718	0.01011	0.02610	0.00856	0.01011	0.00676	0.00569	0.00380	0.00187	0.00462	0.00330	0.00373	0.00649
56	0.00758	0.00542	0.00707	0.00836	0.00875	0.00501	0.00557	0.00841	0.01131	0.01514	0.03190	0.78892	0.03810	0.01819	0.00753	0.00242	0.00353	0.01634	0.00549	0.00496
57	0.01582	0.70022	0.06150	0.01085	0.01565	0.05423	0.01066	0.01766	0.01209	0.01425	0.00867	0.01029	0.00789	0.00553	0.00462	0.00142	0.03499	0.00341	0.00267	0.00760
58	0.83243	0.01145	0.00882	0.00792	0.01149	0.01312	0.00645	0.01718	0.01011	0.02610	0.00856	0.01011	0.00676	0.00569	0.00380	0.00187	0.00462	0.00330	0.00373	0.00649
59	0.01124	0.00577	0.00578	0.00575	0.00713	0.00569	0.00427	0.01373	0.01235	0.02181	0.01915	0.02203	0.01515	0.00703	0.00425	0.00144	0.00288	0.00551	0.82341	0.00563
60	0.00758	0.00542	0.00707	0.00836	0.00875	0.00501	0.00557	0.00841	0.01131	0.01514	0.03190	0.78892	0.03810	0.01819	0.00753	0.00242	0.00353	0.01634	0.00549	0.00496
61	0.00758	0.00542	0.00707	0.00836	0.00875	0.00501	0.00557	0.00841	0.01131	0.01514	0.03190	0.78892	0.03810	0.01819	0.00753	0.00242	0.00353	0.01634	0.00549	0.00496
62	0.00748	0.00624	0.00640	0.00646	0.00837	0.00526	0.00484	0.00880	0.01333	0.01603	0.05628	0.07478	0.70649	0.01493	0.00705	0.00207	0.00322	0.04135	0.00549	0.00515
63	0.00840	0.00627	0.00766	0.00729	0.00881	0.00563	0.00543	0.01065	0.01581	0.02175	0.59899	0.04596	0.21018	0.01263	0.00698	0.00193	0.00296	0.01086	0.00625	0.00557
64	0.83243	0.01145	0.00882	0.00792	0.01149	0.01312	0.00645	0.01718	0.01011	0.02610	0.00856	0.01011	0.00676	0.00569	0.00380	0.00187	0.00462	0.00330	0.00373	0.00649
65	0.02610	0.01013	0.01365	0.01055	0.01500	0.00874	0.00864	0.02814	0.01668	0.76097	0.02302	0.02019	0.01465	0.00745	0.00599	0.00187	0.00506	0.00593	0.00724	0.01000
66	0.00768	0.00554	0.00714	0.00820	0.00875	0.00509	0.00554	0.00871	0.01192	0.01601	0.10567	0.68509	0.06778	0.01743	0.00745	0.00235	0.00345	0.01559	0.00558	0.00504
67	0.06376	0.01112	0.01399	0.01087	0.01529	0.01032	0.00890	0.13320	0.01792	0.61836	0.02104	0.01887	0.01362	0.00733	0.00588	0.00187	0.00525	0.00571	0.00687	0.00983
68	0.00758	0.00542	0.00707	0.00836	0.00875	0.00501	0.00557	0.00841	0.01131	0.01514	0.03190	0.78892	0.03810	0.01819	0.00753	0.00242	0.00353	0.01634	0.00549	0.00496
69	0.02185	0.02750	0.01656	0.01507	0.01805	0.76937	0.01126	0.02315	0.01652	0.01455	0.00942	0.01112	0.00792	0.00627	0.00540	0.00158	0.01046	0.00388	0.00314	0.00692
70	0.00741	0.00606	0.00641	0.00665	0.00830	0.00515	0.00481	0.00861	0.01296	0.01581	0.05274	0.20503	0.60854	0.01548	0.00710	0.00211	0.00319	0.01304	0.00549	0.00510
71	0.00793	0.00571	0.00745	0.00868	0.00929	0.00533	0.00615	0.00904	0.01176	0.01558	0.03283	0.64085	0.06803	0.01770	0.00760	0.00245	0.00382	0.12926	0.00548	0.00506
72	0.02424	0.01000	0.01329	0.01029	0.01465	0.00854	0.00838	0.02632	0.01631	0.66852	0.05335	0.02056	0.01588	0.00741	0.00591	0.00180	0.00492	0.00593	0.00691	0.07679
73	0.01124	0.00577	0.00578	0.00575	0.00713	0.00569	0.00427	0.01373	0.01235	0.02181	0.01915	0.02203	0.01515	0.00703	0.00425	0.00144	0.00288	0.00551	0.82341	0.00563
74	0.70240	0.01148	0.00975	0.00846	0.01217	0.01278	0.00690	0.04675	0.01157	0.11610	0.01054	0.01151	0.00786	0.00597	0.00415	0.00187	0.00475	0.00370	0.00424	0.00706
75	0.15111	0.01447	0.01488	0.01181	0.01596	0.01580	0.00963	0.54229	0.02287	0.03251	0.01813	0.01827	0.09092	0.00781	0.00573	0.00185	0.00581	0.00575	0.00550	0.00890
76	0.00795	0.00571	0.00725	0.00818	0.00874	0.00524	0.00542	0.00874	0.01105	0.01491	0.02940	0.66684	0.03485	0.10810	0.00992	0.00273	0.00382	0.01486	0.00519	0.04109
77	0.00981	0.00701	0.00963	0.01091	0.01227	0.00693	0.00944	0.01226	0.01351	0.01764	0.03067	0.06483	0.03324	0.01609	0.00812	0.00273	0.00546	0.71844	0.00544	0.00557
78	0.01138	0.01056	0.01749	0.77857	0.03956	0.01300	0.01605	0.01500	0.01179	0.01516	0.01074	0.01601	0.00817	0.00610	0.00596	0.00201	0.00779	0.00526	0.00274	0.00665
79	0.01243	0.01056	0.01225	0.00886	0.01396	0.00796	0.00703	0.01479	0.01221	0.01914	0.01074	0.01265	0.00901	0.00463	0.00449	0.00096	0.00444	0.00358	0.00358	0.82672
80	0.00758	0.00542	0.00707	0.00836	0.00875	0.00501	0.00557	0.00841	0.01131	0.01514	0.03190	0.78892	0.03810	0.01819	0.00753	0.00242	0.00353	0.01634	0.00549	0.00496
81	0.05400	0.01804	0.09483	0.04628	0.04326	0.13553	0.40066	0.01905	0.01375	0.03498	0.01142	0.01455	0.00882	0.00561	0.00644	0.00188	0.02371	0.00566	0.00319	0.05834
82	0.01754	0.01303	0.01550	0.01264	0.01646	0.01363	0.05442	0.35105	0.12223	0.07304	0.01938	0.05714	0.03058	0.02116	0.00664	0.00200	0.00586	0.08958	0.00552	0.07263
83	0.02046	0.01480	0.01619	0.01238	0.01707	0.01537	0.01010	0.54670	0.02343	0.07758	0.01409	0.01448	0.01027	0.00672	0.00566	0.00165	0.00597	0.00501	0.00551	0.17656
84	0.18712	0.46261	0.04044	0.01010	0.01444	0.03107	0.00937	0.06193	0.01298	0.04434	0.05388	0.01278	0.01079	0.00609	0.00464	0.00157	0.02089	0.00399	0.00347	0.00750
85	0.03060	0.00733	0.00793	0.00740	0.00913	0.00766	0.00564	0.10195	0.01355	0.02209	0.01776	0.02151	0.01449	0.03698	0.12850	0.00288	0.00547	0.00566	0.54740	0.00610
86	0.01198	0.01004	0.01188	0.00916	0.01350	0.00827	0.00722	0.01505	0.05474	0.01859	0.01232	0.01489	0.01046	0.01100	0.12782	0.00236	0.00622	0.00420	0.00367	0.64662
87	0.00987	0.00733	0.00957	0.00951	0.01063	0.00719	0.04063	0.09861	0.01301	0.01744	0.02693	0.55211	0.03095	0.12445	0.01033	0.00278	0.00449	0.01344	0.00517	0.00556

[dist]
# distance from previous block
# <min> <max>
0	1

[block]
# block no. 1 follows, 41 sequences, length 14
# corresponding to MSA columns:
# 206-219
name=unknown_B
#
# <colnr> <probs for GDERKNQSTAVLIFYWHMCP>
#	G	D	E	R	K	N	Q	S	T	A	V	L	I	F	Y	W	H	M	C	P
0	0.05842	0.04719	0.42049	0.02190	0.12612	0.01571	0.16246	0.02039	0.01472	0.02192	0.01424	0.01811	0.01144	0.00781	0.00721	0.00250	0.00928	0.00602	0.00398	0.01010
1	0.01345	0.01313	0.02316	0.17673	0.54908	0.01351	0.09280	0.01707	0.01277	0.01787	0.01073	0.01450	0.00875	0.00519	0.00579	0.00176	0.00725	0.00527	0.00278	0.00840
2	0.01597	0.05855	0.01273	0.00983	0.01338	0.01087	0.00790	0.02359	0.30570	0.22974	0.05212	0.02516	0.12866	0.00827	0.00572	0.00176	0.00439	0.00680	0.00572	0.07317
3	0.02155	0.01137	0.01290	0.01025	0.01417	0.07152	0.00829	0.11458	0.01711	0.46550	0.06419	0.02094	0.05484	0.00746	0.00567	0.00169	0.00514	0.00598	0.03814	0.04870
4	0.01033	0.00774	0.00927	0.00862	0.01055	0.00732	0.00628	0.12060	0.01387	0.01918	0.10085	0.39139	0.02849	0.07662	0.00821	0.00217	0.00405	0.01093	0.00497	0.15855
5	0.07932	0.09672	0.53016	0.06271	0.02405	0.01417	0.08061	0.01772	0.01193	0.01810	0.00997	0.01207	0.00732	0.00534	0.00525	0.00177	0.00796	0.00430	0.00256	0.00798
6	0.06655	0.12212	0.01910	0.23118	0.14327	0.19727	0.01296	0.10916	0.01470	0.01834	0.00996	0.01252	0.00793	0.00567	0.00517	0.00165	0.00757	0.00437	0.00313	0.00740
7	0.03265	0.01123	0.03336	0.00932	0.01149	0.13957	0.00724	0.01538	0.11713	0.03154	0.23628	0.14767	0.16254	0.01115	0.00629	0.00186	0.00466	0.00940	0.00515	0.00609
8	0.01421	0.01270	0.07784	0.01015	0.01522	0.01005	0.00885	0.10024	0.09614	0.07543	0.01293	0.01370	0.00992	0.00523	0.00479	0.00122	0.00491	0.00417	0.00411	0.51818
9	0.05033	0.51764	0.22412	0.01144	0.01719	0.01891	0.01256	0.01800	0.01194	0.05879	0.00941	0.01054	0.00766	0.00518	0.00425	0.00143	0.00659	0.00353	0.00275	0.00772
10	0.04387	0.01404	0.07722	0.20943	0.15042	0.01321	0.22810	0.03557	0.06647	0.01860	0.01164	0.01478	0.00893	0.00536	0.00579	0.00177	0.00747	0.00539	0.00311	0.07882
11	0.01009	0.07474	0.08076	0.01260	0.01537	0.01052	0.13533	0.01296	0.01037	0.01459	0.01340	0.01897	0.01195	0.02900	0.49091	0.00645	0.03724	0.00579	0.00291	0.00606
12	0.01429	0.01025	0.01157	0.00996	0.01266	0.01057	0.00763	0.30522	0.03192	0.04994	0.02180	0.26562	0.05023	0.07438	0.00799	0.00215	0.00482	0.00911	0.02168	0.07821
13	0.00721	0.00562	0.00634	0.00659	0.00788	0.00498	0.00470	0.00859	0.01249	0.01581	0.13980	0.20872	0.41657	0.10192	0.00938	0.00241	0.00331	0.02772	0.00524	0.00472

[dist]
# distance from previous block
# <min> <max>
38	52

[block]
# block no. 2 follows, 41 sequences, length 6
# corresponding to MSA columns:
# 276-281
name=unknown_C
#
# <colnr> <probs for GDERKNQSTAVLIFYWHMCP>
#	G	D	E	R	K	N	Q	S	T	A	V	L	I	F	Y	W	H	M	C	P
0	0.01537	0.01241	0.01712	0.01421	0.06247	0.01215	0.12863	0.09598	0.23187	0.09759	0.01590	0.01633	0.01188	0.00598	0.00550	0.00158	0.00563	0.00536	0.00460	0.23944
1	0.04108	0.06897	0.40446	0.09063	0.02352	0.01407	0.08015	0.02021	0.16451	0.01897	0.01283	0.01432	0.00948	0.00585	0.00548	0.00182	0.00739	0.00488	0.00321	0.00816
2	0.09770	0.01582	0.18725	0.01199	0.01646	0.01325	0.01132	0.02474	0.44628	0.02251	0.04774	0.01844	0.01505	0.00699	0.00547	0.00184	0.00534	0.00564	0.00472	0.04145
3	0.01022	0.01033	0.08988	0.08991	0.13722	0.00952	0.01094	0.01379	0.04240	0.01595	0.01419	0.01920	0.01224	0.02458	0.39567	0.00550	0.01090	0.00561	0.07556	0.00640
4	0.01297	0.01586	0.16043	0.18535	0.47789	0.01335	0.01788	0.01706	0.01252	0.01775	0.01055	0.01399	0.00843	0.00529	0.00563	0.00176	0.00727	0.00493	0.00269	0.00839
5	0.01384	0.01526	0.09416	0.03232	0.62589	0.01364	0.08526	0.01768	0.01298	0.01860	0.01079	0.01408	0.00885	0.00510	0.00574	0.00173	0.00722	0.00517	0.00280	0.00888

[dist]
# distance from previous block
# <min> <max>
0	6

[block]
# block no. 3 follows, 41 sequences, length 173
# corresponding to MSA columns:
# 288-460
name=unknown_D
#
# <colnr> <probs for GDERKNQSTAVLIFYWHMCP>
#	G	D	E	R	K	N	Q	S	T	A	V	L	I	F	Y	W	H	M	C	P
0	0.01098	0.00994	0.01020	0.00993	0.01131	0.13119	0.00745	0.05946	0.01172	0.01496	0.01719	0.15605	0.01743	0.08085	0.41747	0.00602	0.01117	0.00759	0.00364	0.00546
1	0.01103	0.05974	0.00904	0.00733	0.00851	0.00739	0.00497	0.01243	0.04904	0.10500	0.02167	0.08361	0.06817	0.50488	0.02044	0.00416	0.00513	0.00832	0.00420	0.00495
2	0.00924	0.00553	0.00576	0.00572	0.00723	0.00525	0.00430	0.01153	0.01250	0.01943	0.08157	0.03286	0.23899	0.01052	0.03033	0.00180	0.00315	0.00771	0.50141	0.00518
3	0.01312	0.01106	0.01775	0.02493	0.47402	0.01089	0.01350	0.01637	0.02710	0.06759	0.10884	0.02650	0.06805	0.00791	0.00613	0.00184	0.00570	0.08674	0.00402	0.00795
4	0.01325	0.01429	0.02884	0.11505	0.16900	0.01427	0.47656	0.01747	0.01289	0.01769	0.01101	0.01499	0.00856	0.00529	0.00714	0.00192	0.05511	0.00614	0.00282	0.00772
5	0.00950	0.00580	0.00753	0.00779	0.00886	0.00533	0.00547	0.01090	0.01246	0.10486	0.16825	0.44785	0.07942	0.08724	0.00899	0.00243	0.00356	0.01292	0.00554	0.00529
6	0.01890	0.00828	0.01080	0.00900	0.01237	0.00719	0.00728	0.02087	0.01501	0.49202	0.03205	0.08431	0.19434	0.01011	0.00623	0.00190	0.00432	0.05065	0.00643	0.00795
7	0.01416	0.01359	0.02322	0.03511	0.76330	0.01359	0.01755	0.01755	0.01302	0.01869	0.01076	0.01416	0.00906	0.00510	0.00566	0.00170	0.00680	0.00510	0.00283	0.00906
8	0.01245	0.06562	0.06442	0.39410	0.27441	0.01379	0.01593	0.01690	0.05602	0.01664	0.01100	0.01466	0.00864	0.00556	0.00555	0.00179	0.00712	0.00498	0.00282	0.00760
9	0.01473	0.01455	0.02076	0.02954	0.58259	0.10216	0.01547	0.01828	0.05697	0.01788	0.01122	0.01434	0.00942	0.00631	0.00670	0.05579	0.00695	0.00500	0.00300	0.00835
10	0.01041	0.00697	0.01227	0.01067	0.01183	0.00686	0.13432	0.00980	0.00898	0.01207	0.01186	0.02041	0.01147	0.01834	0.06343	0.58522	0.00642	0.05216	0.00277	0.00374
11	0.01330	0.01481	0.03124	0.07365	0.06876	0.01430	0.62137	0.01783	0.01316	0.01796	0.01128	0.01520	0.00859	0.00506	0.00698	0.00192	0.03481	0.00644	0.00286	0.02048
12	0.01333	0.00729	0.01006	0.08705	0.01368	0.00680	0.00741	0.01510	0.01279	0.24169	0.03931	0.41751	0.02606	0.01241	0.00646	0.00201	0.00427	0.01102	0.00546	0.06030
13	0.00827	0.00610	0.00903	0.00903	0.01007	0.00707	0.00702	0.01034	0.00931	0.01361	0.01546	0.02242	0.01431	0.04139	0.74425	0.00887	0.01480	0.00610	0.03743	0.00512
14	0.06642	0.01082	0.01607	0.08687	0.29100	0.01125	0.04188	0.10182	0.01357	0.01967	0.01591	0.16909	0.01556	0.06293	0.00744	0.00210	0.00579	0.00746	0.04714	0.00721
15	0.01831	0.05891	0.02002	0.01892	0.14749	0.44277	0.10296	0.03321	0.07239	0.01644	0.01067	0.01247	0.00864	0.00574	0.00543	0.00160	0.00891	0.00452	0.00316	0.00746
16	0.00817	0.00613	0.00919	0.00919	0.01021	0.00715	0.00715	0.01021	0.00919	0.01328	0.01532	0.02247	0.01430	0.04290	0.77631	0.00919	0.01532	0.00613	0.00306	0.00511
17	0.00999	0.00590	0.00681	0.00694	0.00806	0.00595	0.00514	0.01232	0.06238	0.01757	0.02200	0.07444	0.06768	0.06278	0.00982	0.15022	0.00372	0.08261	0.38076	0.00488
18	0.34775	0.01398	0.13940	0.02549	0.01533	0.01296	0.04914	0.01631	0.04125	0.02055	0.01123	0.05873	0.00967	0.00714	0.00729	0.00194	0.15316	0.00494	0.05710	0.00664
19	0.01317	0.02434	0.54164	0.01459	0.02152	0.01324	0.01736	0.15492	0.01512	0.02196	0.05589	0.01469	0.01088	0.00614	0.00549	0.00177	0.00740	0.00482	0.04670	0.00835
20	0.01319	0.01093	0.01197	0.01115	0.01388	0.01235	0.00872	0.06782	0.53072	0.02269	0.02456	0.12077	0.02134	0.00991	0.00624	0.00206	0.00457	0.09334	0.00569	0.00810
21	0.01102	0.00690	0.00902	0.00848	0.01019	0.00669	0.00648	0.06143	0.01501	0.11276	0.36184	0.18585	0.03772	0.01552	0.08798	0.00271	0.00478	0.04382	0.00577	0.00604
22	0.01815	0.01916	0.30771	0.01307	0.01875	0.06439	0.01364	0.10137	0.02886	0.28582	0.04474	0.03205	0.01260	0.00675	0.00566	0.00178	0.00667	0.00535	0.00474	0.00874
23	0.00692	0.00518	0.00643	0.00744	0.00816	0.00469	0.00508	0.00802	0.01146	0.01481	0.03791	0.61628	0.21267	0.01709	0.00717	0.00223	0.00322	0.01525	0.00531	0.00469
24	0.00790	0.00537	0.00636	0.00677	0.00687	0.00527	0.00403	0.00821	0.00913	0.01217	0.02217	0.26994	0.02602	0.55934	0.02242	0.00456	0.00486	0.01075	0.00403	0.00383
25	0.01376	0.01395	0.02609	0.07625	0.49532	0.01381	0.23989	0.01762	0.01308	0.01833	0.01097	0.01461	0.00886	0.00505	0.00600	0.00178	0.00772	0.00560	0.00283	0.00849
26	0.01950	0.26509	0.02043	0.01322	0.01676	0.54487	0.01066	0.02109	0.01480	0.01383	0.00857	0.00997	0.00736	0.00559	0.00470	0.00140	0.00903	0.00349	0.00279	0.00685
27	0.01312	0.01297	0.02337	0.23957	0.43761	0.01350	0.14218	0.01688	0.01267	0.01750	0.01074	0.01468	0.00860	0.00522	0.00587	0.00180	0.00751	0.00538	0.00276	0.00808
28	0.01008	0.00790	0.04890	0.00810	0.01024	0.00663	0.00665	0.05061	0.01634	0.07271	0.58620	0.03882	0.09248	0.01098	0.00656	0.00180	0.00335	0.00955	0.00605	0.00604
29	0.00854	0.00580	0.00696	0.00728	0.00760	0.00580	0.00486	0.00917	0.00949	0.01255	0.02099	0.04398	0.02373	0.60962	0.02398	0.00484	0.00548	0.18155	0.00390	0.00390
30	0.01606	0.01203	0.01337	0.01123	0.01443	0.01308	0.00901	0.39869	0.12121	0.02874	0.14671	0.10200	0.02276	0.00952	0.00621	0.00188	0.00507	0.05415	0.00576	0.00809
31	0.02546	0.01005	0.01347	0.01033	0.01476	0.00888	0.00853	0.06438	0.01691	0.73000	0.02212	0.01918	0.01393	0.00707	0.00575	0.00177	0.00494	0.00572	0.00701	0.00973
32	0.00738	0.00515	0.00651	0.00743	0.00766	0.00492	0.00474	0.00807	0.01014	0.01352	0.02738	0.56274	0.03260	0.25756	0.01399	0.00331	0.00400	0.01382	0.00474	0.00428
33	0.00904	0.00548	0.00596	0.00596	0.00637	0.00548	0.00363	0.00986	0.00945	0.01423	0.01822	0.03249	0.01891	0.55589	0.02141	0.00425	0.00466	0.00740	0.25728	0.00404
34	0.00709	0.00578	0.00611	0.00604	0.00772	0.00497	0.00443	0.00860	0.01311	0.01619	0.15846	0.05175	0.59457	0.07965	0.00863	0.00221	0.00309	0.01150	0.00530	0.00480
35	0.08014	0.00982	0.01295	0.01000	0.01436	0.00870	0.00826	0.02713	0.01593	0.71761	0.02159	0.01879	0.01363	0.00696	0.00560	0.00177	0.00484	0.00557	0.00684	0.00950
36	0.00718	0.00586	0.00638	0.00638	0.00815	0.00505	0.00487	0.00895	0.01366	0.01702	0.19350	0.05325	0.57537	0.01403	0.00683	0.00195	0.00301	0.05808	0.00550	0.00497
37	0.00769	0.00528	0.00642	0.00704	0.00720	0.00513	0.00432	0.00815	0.00954	0.01273	0.02431	0.39053	0.02873	0.43505	0.01895	0.00404	0.00451	0.01202	0.00432	0.00402
38	0.00716	0.00510	0.00680	0.00808	0.00847	0.00481	0.00551	0.00824	0.01101	0.01465	0.03100	0.72148	0.03694	0.04339	0.00806	0.00245	0.00352	0.06344	0.00525	0.00465
39	0.00826	0.00552	0.00626	0.00631	0.00632	0.00551	0.00354	0.00830	0.00843	0.01124	0.01858	0.06889	0.02150	0.76655	0.02821	0.00541	0.00545	0.00865	0.00354	0.00351
40	0.01727	0.56114	0.02604	0.01082	0.01562	0.02113	0.01012	0.24021	0.01631	0.02039	0.00973	0.01057	0.00807	0.00550	0.00430	0.00137	0.00617	0.00370	0.00345	0.00807
41	0.00701	0.00559	0.00631	0.00678	0.00817	0.00489	0.00496	0.00843	0.01250	0.01552	0.06953	0.28234	0.47440	0.01553	0.00699	0.00209	0.00316	0.05562	0.00534	0.00482
42	0.83938	0.01106	0.00841	0.00752	0.01106	0.01283	0.00619	0.01681	0.00973	0.02566	0.00796	0.00929	0.00619	0.00531	0.00354	0.00177	0.00442	0.00310	0.00354	0.00619
43	0.50763	0.01052	0.01039	0.00860	0.01250	0.01103	0.00710	0.02132	0.01244	0.32802	0.01392	0.01344	0.00944	0.00603	0.00444	0.00177	0.00461	0.00418	0.00498	0.00764
44	0.00832	0.00555	0.00624	0.00624	0.00624	0.00555	0.00347	0.00832	0.00832	0.01109	0.01802	0.03743	0.02080	0.79898	0.02911	0.00555	0.00555	0.00832	0.00347	0.00347
45	0.01186	0.01017	0.01186	0.00847	0.01356	0.00762	0.00678	0.01440	0.01186	0.01864	0.01017	0.01186	0.00847	0.00424	0.00424	0.00085	0.00424	0.00339	0.00339	0.83395
46	0.01268	0.01014	0.01194	0.00857	0.01362	0.00767	0.00687	0.01520	0.01213	0.06307	0.01090	0.01231	0.00881	0.00440	0.00433	0.00090	0.00427	0.00353	0.00361	0.78503
47	0.07283	0.01187	0.01323	0.01070	0.01418	0.01260	0.00864	0.39257	0.02102	0.11779	0.19448	0.06564	0.02223	0.00858	0.00592	0.00178	0.00497	0.00696	0.00585	0.00816
48	0.00697	0.00498	0.00664	0.00796	0.00830	0.00465	0.00531	0.00796	0.01095	0.01460	0.03153	0.79525	0.03783	0.01792	0.00730	0.00232	0.00332	0.01626	0.00531	0.00465
49	0.00738	0.00515	0.00651	0.00743	0.00766	0.00492	0.00474	0.00807	0.01014	0.01352	0.02738	0.56274	0.03260	0.25756	0.01399	0.00331	0.00400	0.01382	0.00474	0.00428
50	0.00873	0.00636	0.00857	0.00964	0.01097	0.00620	0.00820	0.01113	0.01318	0.01708	0.07247	0.10560	0.12124	0.01555	0.00767	0.00249	0.00473	0.55969	0.00533	0.00518
51	0.01147	0.02959	0.76934	0.01630	0.02476	0.01328	0.02113	0.01811	0.01208	0.01811	0.01026	0.01208	0.00725	0.00543	0.00543	0.00181	0.00845	0.00423	0.00242	0.00845
52	0.01529	0.80242	0.02997	0.00979	0.01468	0.02263	0.00979	0.01713	0.01162	0.01346	0.00795	0.00918	0.00734	0.00489	0.00367	0.00122	0.00612	0.00306	0.00245	0.00734
53	0.00809	0.00589	0.00763	0.00731	0.00869	0.00544	0.00556	0.01071	0.01583	0.02216	0.67689	0.04472	0.09304	0.01210	0.00682	0.00186	0.00286	0.05286	0.00618	0.00536
54	0.02566	0.00973	0.01327	0.01018	0.01460	0.00841	0.00841	0.02788	0.01637	0.76726	0.02257	0.01947	0.01416	0.00708	0.00575	0.00177	0.00487	0.00575	0.00708	0.00973
55	0.01183	0.01198	0.02261	0.50719	0.07944	0.01330	0.23893	0.01593	0.01216	0.01599	0.01063	0.01524	0.00803	0.00541	0.00603	0.00190	0.00819	0.00560	0.00267	0.00693
56	0.02174	0.01602	0.01717	0.01316	0.01774	0.01774	0.01087	0.74423	0.02689	0.03605	0.01373	0.01373	0.00973	0.00687	0.00572	0.00172	0.00629	0.00515	0.00572	0.00973
57	0.01785	0.01744	0.19730	0.01382	0.01901	0.01412	0.06155	0.36168	0.01954	0.11995	0.01497	0.06088	0.01145	0.00837	0.03358	0.00207	0.00701	0.00581	0.00479	0.00882
58	0.27192	0.02088	0.01394	0.01244	0.01552	0.45870	0.00962	0.06337	0.01448	0.01888	0.00880	0.01031	0.00716	0.00598	0.00538	0.00163	0.04740	0.00366	0.00327	0.00666
59	0.00752	0.00557	0.00701	0.00719	0.00832	0.00507	0.00519	0.00947	0.01403	0.01906	0.41326	0.27578	0.17327	0.01409	0.00692	0.00198	0.00292	0.01246	0.00582	0.00507
60	0.01340	0.05825	0.01716	0.04811	0.34333	0.02970	0.01185	0.03969	0.01370	0.07014	0.05941	0.02300	0.15075	0.00732	0.00566	0.00164	0.00553	0.00638	0.00389	0.09110
61	0.01225	0.15682	0.59575	0.01576	0.02344	0.01492	0.06920	0.01796	0.01210	0.01736	0.00997	0.01183	0.00736	0.00530	0.00523	0.00172	0.00815	0.00421	0.00245	0.00822
62	0.12280	0.02607	0.62228	0.01485	0.02233	0.01328	0.01841	0.01867	0.05573	0.01947	0.01073	0.01225	0.00771	0.00556	0.00520	0.00181	0.00768	0.00421	0.00277	0.00819
63	0.01180	0.16581	0.30696	0.01175	0.01700	0.01261	0.01288	0.05849	0.01369	0.01894	0.14373	0.02281	0.06610	0.00762	0.00550	0.00168	0.00605	0.04835	0.00371	0.06453
64	0.01338	0.00913	0.01066	0.00944	0.01118	0.00980	0.00705	0.21413	0.01476	0.06851	0.01883	0.12086	0.01894	0.29571	0.03389	0.00345	0.05205	0.05041	0.03171	0.00612
65	0.00781	0.00616	0.00725	0.00720	0.00865	0.00571	0.00527	0.01003	0.03986	0.01764	0.24799	0.20731	0.31027	0.03866	0.00776	0.00207	0.02216	0.01172	0.00542	0.03107
66	0.00807	0.00615	0.00762	0.00813	0.00969	0.00570	0.00668	0.01025	0.01362	0.01743	0.16160	0.05722	0.32070	0.01461	0.00726	0.00222	0.00392	0.32853	0.00545	0.00512
67	0.01186	0.01017	0.01186	0.00847	0.01356	0.00762	0.00678	0.01440	0.01186	0.01864	0.01017	0.01186	0.00847	0.00424	0.00424	0.00085	0.00424	0.00339	0.00339	0.83395
68	0.00697	0.00498	0.00664	0.00796	0.00830	0.00465	0.00531	0.00796	0.01095	0.01460	0.03153	0.79525	0.03783	0.01792	0.00730	0.00232	0.00332	0.01626	0.00531	0.00465
69	0.00744	0.00582	0.00673	0.00651	0.00814	0.00512	0.00488	0.00952	0.01464	0.01925	0.41422	0.04880	0.40233	0.01307	0.00675	0.00186	0.00280	0.01120	0.00581	0.00512
70	0.02191	0.01576	0.01700	0.01304	0.01761	0.01735	0.01077	0.71449	0.02646	0.06641	0.01410	0.01397	0.00991	0.00688	0.00572	0.00172	0.00623	0.00517	0.00578	0.00973
71	0.00682	0.00580	0.00587	0.00585	0.00776	0.00485	0.00439	0.00832	0.01317	0.01576	0.08710	0.05454	0.73163	0.01437	0.00676	0.00193	0.00289	0.01200	0.00535	0.00485
72	0.15082	0.00667	0.00680	0.00680	0.00866	0.00640	0.00516	0.01024	0.01252	0.01807	0.13788	0.12009	0.39298	0.04122	0.00713	0.00210	0.00341	0.05290	0.00507	0.00510
73	0.58972	0.01065	0.00990	0.00834	0.01215	0.01147	0.00687	0.02021	0.01177	0.25320	0.01244	0.01241	0.00864	0.00585	0.00422	0.00177	0.00456	0.00391	0.00463	0.00728
74	0.00704	0.00583	0.00608	0.00616	0.00792	0.00500	0.00463	0.00850	0.01283	0.01545	0.06806	0.05437	0.65532	0.06107	0.00816	0.00219	0.00320	0.05816	0.00522	0.00479
75	0.01377	0.00879	0.01111	0.01084	0.01326	0.00904	0.00914	0.06167	0.15779	0.14899	0.02661	0.04537	0.02531	0.01221	0.00700	0.00230	0.00512	0.41892	0.00571	0.00704
76	0.01499	0.01212	0.01296	0.01154	0.01486	0.01384	0.00901	0.03023	0.70365	0.07369	0.02323	0.02122	0.01724	0.00771	0.00582	0.00193	0.00455	0.00642	0.00590	0.00910
77	0.13172	0.00929	0.01123	0.00906	0.01277	0.00878	0.00738	0.02402	0.05442	0.49893	0.01997	0.01852	0.01335	0.00681	0.00516	0.00170	0.00441	0.00536	0.14865	0.00846
78	0.00787	0.00582	0.00737	0.00722	0.00859	0.00532	0.00545	0.01024	0.01513	0.02079	0.55161	0.09814	0.16725	0.01283	0.00686	0.00191	0.00293	0.05344	0.00601	0.00524
79	0.83938	0.01106	0.00841	0.00752	0.01106	0.01283	0.00619	0.01681	0.00973	0.02566	0.00796	0.00929	0.00619	0.00531	0.00354	0.00177	0.00442	0.00310	0.00354	0.00619
80	0.01416	0.01359	0.02322	0.03511	0.76330	0.01359	0.01755	0.01755	0.01302	0.01869	0.01076	0.01416	0.00906	0.00510	0.00566	0.00170	0.00680	0.00510	0.00283	0.00906
81	0.00710	0.00504	0.00660	0.00779	0.00809	0.00474	0.00512	0.00800	0.01069	0.01425	0.03016	0.71879	0.03611	0.09672	0.00950	0.00265	0.00354	0.01546	0.00512	0.00453
82	0.06617	0.00653	0.00802	0.00805	0.00972	0.00607	0.00599	0.01257	0.01277	0.14799	0.09978	0.37355	0.15072	0.01392	0.00667	0.00210	0.00365	0.05436	0.00559	0.00578
83	0.00697	0.00498	0.00664	0.00796	0.00830	0.00465	0.00531	0.00796	0.01095	0.01460	0.03153	0.79525	0.03783	0.01792	0.00730	0.00232	0.00332	0.01626	0.00531	0.00465
84	0.83938	0.01106	0.00841	0.00752	0.01106	0.01283	0.00619	0.01681	0.00973	0.02566	0.00796	0.00929	0.00619	0.00531	0.00354	0.00177	0.00442	0.00310	0.00354	0.00619
85	0.00727	0.00586	0.00651	0.00648	0.00822	0.00510	0.00495	0.00912	0.01385	0.01748	0.23573	0.05255	0.52967	0.01386	0.00684	0.00195	0.00301	0.06098	0.00556	0.00500
86	0.00697	0.00498	0.00664	0.00796	0.00830	0.00465	0.00531	0.00796	0.01095	0.01460	0.03153	0.79525	0.03783	0.01792	0.00730	0.00232	0.00332	0.01626	0.00531	0.00465
87	0.02263	0.00906	0.01230	0.00966	0.01356	0.00789	0.00789	0.02493	0.01634	0.63884	0.14985	0.02348	0.02103	0.00788	0.00592	0.00177	0.00449	0.00654	0.00694	0.00899
88	0.01529	0.80242	0.02997	0.00979	0.01468	0.02263	0.00979	0.01713	0.01162	0.01346	0.00795	0.00918	0.00734	0.00489	0.00367	0.00122	0.00612	0.00306	0.00245	0.00734
89	0.00796	0.00559	0.00640	0.00663	0.00709	0.00539	0.00420	0.00849	0.00974	0.01262	0.02720	0.12617	0.15118	0.52618	0.02146	0.00438	0.00482	0.05644	0.00411	0.00395
90	0.01382	0.01288	0.02229	0.18534	0.54881	0.01329	0.05996	0.01734	0.01284	0.04238	0.01107	0.01463	0.00891	0.00527	0.00574	0.00176	0.00707	0.00521	0.00292	0.00846
91	0.00976	0.00503	0.00732	0.00732	0.00732	0.00503	0.00480	0.00755	0.00755	0.01006	0.01083	0.01961	0.01114	0.10617	0.02310	0.74187	0.00503	0.00534	0.00259	0.00259
92	0.00713	0.00585	0.00631	0.00631	0.00811	0.00503	0.00481	0.00886	0.01357	0.01681	0.17422	0.05354	0.59907	0.01410	0.00683	0.00195	0.00300	0.05408	0.00547	0.00495
93	0.02137	0.02726	0.01621	0.01474	0.01768	0.77602	0.01105	0.02284	0.01621	0.01400	0.00884	0.01031	0.00737	0.00589	0.00516	0.00147	0.01031	0.00368	0.00295	0.00663
94	0.10331	0.01313	0.01356	0.01160	0.01522	0.01499	0.00923	0.21498	0.48528	0.02727	0.01918	0.01809	0.01426	0.00727	0.00555	0.00186	0.00498	0.00577	0.00555	0.00893
95	0.00692	0.00518	0.00643	0.00744	0.00816	0.00469	0.00508	0.00802	0.01146	0.01481	0.03791	0.61628	0.21267	0.01709	0.00717	0.00223	0.00322	0.01525	0.00531	0.00469
96	0.00817	0.00613	0.00919	0.00919	0.01021	0.00715	0.00715	0.01021	0.00919	0.01328	0.01532	0.02247	0.01430	0.04290	0.77631	0.00919	0.01532	0.00613	0.00306	0.00511
97	0.00697	0.00498	0.00664	0.00796	0.00830	0.00465	0.00531	0.00796	0.01095	0.01460	0.03153	0.79525	0.03783	0.01792	0.00730	0.00232	0.00332	0.01626	0.00531	0.00465
98	0.00817	0.00613	0.00919	0.00919	0.01021	0.00715	0.00715	0.01021	0.00919	0.01328	0.01532	0.02247	0.01430	0.04290	0.77631	0.00919	0.01532	0.00613	0.00306	0.00511
99	0.01270	0.00718	0.00902	0.00795	0.01022	0.00666	0.00617	0.01609	0.06667	0.19895	0.41575	0.03575	0.11437	0.01032	0.00628	0.00179	0.00336	0.00887	0.05527	0.00662
100	0.04995	0.00752	0.00942	0.00820	0.01046	0.00691	0.00606	0.01708	0.01280	0.33549	0.06023	0.12241	0.06502	0.24746	0.01299	0.00299	0.00464	0.00830	0.00548	0.00657
101	0.01475	0.01255	0.01323	0.01175	0.01507	0.01447	0.00918	0.07982	0.70269	0.02477	0.02262	0.02081	0.01693	0.00770	0.00581	0.00192	0.00465	0.00638	0.00581	0.00910
102	0.00734	0.00530	0.00703	0.00828	0.00888	0.00499	0.00593	0.00865	0.01146	0.01509	0.03288	0.62522	0.07992	0.01735	0.00737	0.00235	0.00363	0.13826	0.00530	0.00476
103	0.00717	0.00568	0.00609	0.00618	0.00756	0.00499	0.00435	0.00840	0.01219	0.01510	0.09997	0.11974	0.50167	0.16257	0.01103	0.00264	0.00342	0.01163	0.00504	0.00460
104	0.06814	0.00842	0.00971	0.00862	0.01146	0.00808	0.00679	0.03991	0.10976	0.24420	0.03434	0.11456	0.26301	0.01097	0.00620	0.00194	0.00404	0.03696	0.00580	0.00709
105	0.11161	0.00972	0.01104	0.01068	0.01325	0.01059	0.00887	0.06683	0.24955	0.06142	0.02390	0.03847	0.02230	0.01094	0.00646	0.00220	0.00498	0.32473	0.00536	0.00711
106	0.67375	0.01186	0.01006	0.00857	0.01231	0.01352	0.00706	0.14080	0.01287	0.05174	0.00942	0.01038	0.00706	0.00563	0.00398	0.00176	0.00476	0.00353	0.00403	0.00691
107	0.00927	0.00605	0.00786	0.00838	0.00944	0.00578	0.00599	0.01168	0.06055	0.07951	0.14108	0.53521	0.03678	0.01532	0.00702	0.00218	0.00351	0.04326	0.00564	0.00550
108	0.02358	0.00979	0.01294	0.01017	0.01431	0.00883	0.00831	0.02722	0.09066	0.65271	0.06186	0.02089	0.01661	0.00739	0.00581	0.00179	0.00472	0.00607	0.00691	0.00944
109	0.00697	0.00498	0.00664	0.00796	0.00830	0.00465	0.00531	0.00796	0.01095	0.01460	0.03153	0.79525	0.03783	0.01792	0.00730	0.00232	0.00332	0.01626	0.00531	0.00465
110	0.00900	0.00522	0.00597	0.00647	0.00734	0.00508	0.00452	0.01085	0.01151	0.01815	0.04796	0.32514	0.02536	0.05825	0.00687	0.00198	0.00309	0.00994	0.43234	0.00496
111	0.01826	0.00794	0.01063	0.00910	0.01206	0.00696	0.00711	0.02012	0.01466	0.46752	0.07118	0.23475	0.07298	0.01080	0.00630	0.00193	0.00418	0.00931	0.00643	0.00776
112	0.00676	0.00579	0.00579	0.00579	0.00773	0.00483	0.00435	0.00821	0.01304	0.01545	0.05794	0.05505	0.76098	0.01449	0.00676	0.00193	0.00290	0.01207	0.00531	0.00483
113	0.01186	0.01017	0.01186	0.00847	0.01356	0.00762	0.00678	0.01440	0.01186	0.01864	0.01017	0.01186	0.00847	0.00424	0.00424	0.00085	0.00424	0.00339	0.00339	0.83395
114	0.00862	0.00610	0.00708	0.00703	0.00770	0.00606	0.00456	0.04711	0.01080	0.01432	0.07268	0.14342	0.11496	0.45650	0.06500	0.00443	0.00535	0.00972	0.00423	0.00435
115	0.02160	0.01053	0.01311	0.01055	0.01451	0.01024	0.00854	0.07406	0.19514	0.49579	0.06596	0.02093	0.01703	0.00750	0.00583	0.00181	0.00475	0.00616	0.00664	0.00931
116	0.01470	0.01502	0.02205	0.11015	0.56983	0.10982	0.04033	0.01794	0.01328	0.01766	0.01048	0.01383	0.00868	0.00525	0.00564	0.00170	0.00742	0.00497	0.00282	0.00843
117	0.02038	0.01557	0.01638	0.01292	0.01722	0.03253	0.01055	0.60034	0.15811	0.03341	0.01536	0.01504	0.01108	0.00701	0.00573	0.00175	0.00606	0.00536	0.00568	0.00954
118	0.00817	0.00613	0.00919	0.00919	0.01021	0.00715	0.00715	0.01021	0.00919	0.01328	0.01532	0.02247	0.01430	0.04290	0.77631	0.00919	0.01532	0.00613	0.00306	0.00511
119	0.01073	0.00635	0.00821	0.00765	0.00938	0.00573	0.00574	0.01289	0.01488	0.14527	0.43280	0.15957	0.11444	0.03127	0.00721	0.00198	0.00325	0.01064	0.00610	0.00590
120	0.30189	0.01123	0.01100	0.00984	0.01311	0.01275	0.00780	0.02405	0.39466	0.06850	0.06176	0.01900	0.01576	0.00723	0.00511	0.00187	0.00441	0.01709	0.00512	0.00782
121	0.00697	0.00498	0.00664	0.00796	0.00830	0.00465	0.00531	0.00796	0.01095	0.01460	0.03153	0.79525	0.03783	0.01792	0.00730	0.00232	0.00332	0.01626	0.00531	0.00465
122	0.02193	0.01148	0.01956	0.01445	0.01929	0.01027	0.23365	0.02494	0.01549	0.53748	0.01919	0.01823	0.01248	0.00639	0.00606	0.00182	0.00633	0.00606	0.00580	0.00911
123	0.00711	0.00562	0.00642	0.00668	0.00809	0.00492	0.00487	0.00871	0.01314	0.01672	0.18749	0.23552	0.43323	0.01481	0.00691	0.00201	0.00300	0.02435	0.00550	0.00490
124	0.00697	0.00498	0.00664	0.00796	0.00830	0.00465	0.00531	0.00796	0.01095	0.01460	0.03153	0.79525	0.03783	0.01792	0.00730	0.00232	0.00332	0.01626	0.00531	0.00465
125	0.02158	0.01545	0.01671	0.01290	0.01740	0.01700	0.01063	0.66377	0.06487	0.07880	0.01476	0.01448	0.01040	0.00693	0.00573	0.00173	0.00612	0.00526	0.00581	0.00969
126	0.43690	0.01050	0.01087	0.00888	0.01286	0.01079	0.00733	0.03352	0.01318	0.38096	0.01505	0.01423	0.01006	0.00618	0.00463	0.00177	0.00467	0.00440	0.00527	0.00795
127	0.00810	0.00644	0.00706	0.00674	0.00862	0.00581	0.00509	0.05675	0.01469	0.01874	0.24031	0.07982	0.49452	0.01339	0.00671	0.00190	0.00308	0.01134	0.00560	0.00529
128	0.00721	0.00528	0.00677	0.00753	0.00829	0.00484	0.00522	0.00865	0.01242	0.01665	0.20508	0.53254	0.12630	0.01606	0.00711	0.00215	0.00312	0.01439	0.00554	0.00484
129	0.83938	0.01106	0.00841	0.00752	0.01106	0.01283	0.00619	0.01681	0.00973	0.02566	0.00796	0.00929	0.00619	0.00531	0.00354	0.00177	0.00442	0.00310	0.00354	0.00619
130	0.00832	0.00555	0.00624	0.00624	0.00624	0.00555	0.00347	0.00832	0.00832	0.01109	0.01802	0.03743	0.02080	0.79898	0.02911	0.00555	0.00555	0.00832	0.00347	0.00347
