[name]
unknown

[dist]
# distance from previous block
# <min> <max>
0	191

[block]
# block no. 0 follows, 41 sequences, length 23
# corresponding to MSA columns:
# 202-224
name=unknown_A
#
# <colnr> <probs for GDERKNQSTAVLIFYWHMCP>
#	G	D	E	R	K	N	Q	S	T	A	V	L	I	F	Y	W	H	M	C	P
0	0.00938	0.00670	0.00933	0.01063	0.01196	0.00668	0.00928	0.01196	0.01326	0.01726	0.03039	0.06460	0.03300	0.01588	0.00796	0.00266	0.00532	0.72310	0.00531	0.00535
1	0.00959	0.00626	0.00819	0.00753	0.00912	0.00572	0.00569	0.01220	0.01629	0.07944	0.70273	0.04110	0.05099	0.01143	0.00673	0.00182	0.00292	0.01003	0.00640	0.00581
2	0.01488	0.01224	0.01568	0.09922	0.17501	0.01355	0.01158	0.02588	0.45930	0.07955	0.01931	0.01922	0.01451	0.00703	0.00583	0.00190	0.00541	0.00602	0.00498	0.00889
3	0.01363	0.01347	0.02346	0.10447	0.46594	0.01430	0.12798	0.01691	0.01240	0.01763	0.01049	0.01442	0.00877	0.00595	0.00786	0.00190	0.12398	0.00538	0.00282	0.00824
4	0.01544	0.80060	0.03003	0.00989	0.01479	0.02269	0.00985	0.01723	0.01172	0.01361	0.00811	0.00939	0.00749	0.00500	0.00374	0.00125	0.00617	0.00311	0.00250	0.00742
5	0.00727	0.00592	0.00639	0.00627	0.00806	0.00507	0.00469	0.00900	0.01394	0.01753	0.23937	0.05197	0.57669	0.01384	0.00682	0.00192	0.00290	0.01166	0.00561	0.00506
6	0.00910	0.00650	0.00901	0.01031	0.01152	0.00644	0.00879	0.01148	0.01298	0.01694	0.03054	0.15536	0.03361	0.01614	0.00788	0.00262	0.00508	0.63510	0.00532	0.00527
7	0.01437	0.01239	0.01303	0.01174	0.01498	0.01430	0.00911	0.03046	0.75126	0.02405	0.02340	0.02153	0.01758	0.00786	0.00588	0.00197	0.00458	0.00651	0.00587	0.00913
8	0.01201	0.01027	0.01196	0.00858	0.01366	0.00771	0.00684	0.01451	0.01196	0.01877	0.01032	0.01207	0.00862	0.00434	0.00430	0.00088	0.00429	0.00344	0.00344	0.83201
9	0.00713	0.00510	0.00675	0.00807	0.00842	0.00474	0.00538	0.00808	0.01105	0.01475	0.03163	0.79355	0.03790	0.01799	0.00736	0.00235	0.00337	0.01628	0.00536	0.00473
10	0.01037	0.00797	0.00940	0.00855	0.01055	0.00811	0.00654	0.06381	0.16906	0.02378	0.52276	0.03710	0.07745	0.01078	0.00655	0.00186	0.00338	0.00931	0.00616	0.00650
11	0.02421	0.00990	0.01317	0.01022	0.01442	0.00880	0.00838	0.06777	0.01705	0.66650	0.07876	0.02112	0.01709	0.00752	0.00589	0.00180	0.00483	0.00612	0.00698	0.00947
12	0.00713	0.00510	0.00675	0.00807	0.00842	0.00474	0.00538	0.00808	0.01105	0.01475	0.03163	0.79355	0.03790	0.01799	0.00736	0.00235	0.00337	0.01628	0.00536	0.00473
13	0.00713	0.00510	0.00675	0.00807	0.00842	0.00474	0.00538	0.00808	0.01105	0.01475	0.03163	0.79355	0.03790	0.01799	0.00736	0.00235	0.00337	0.01628	0.00536	0.00473
14	0.01297	0.01232	0.02088	0.33376	0.47341	0.01331	0.01693	0.01648	0.01248	0.01720	0.01067	0.01480	0.00863	0.00545	0.00575	0.00181	0.00717	0.00514	0.00277	0.00806
15	0.01163	0.02965	0.76760	0.01639	0.02484	0.01336	0.02116	0.01821	0.01217	0.01825	0.01042	0.01229	0.00739	0.00554	0.00550	0.00184	0.00850	0.00428	0.00247	0.00853
16	0.01150	0.00614	0.00623	0.00592	0.00750	0.00627	0.00452	0.06869	0.01312	0.02244	0.01829	0.02075	0.01429	0.00668	0.00413	0.00136	0.00294	0.00532	0.76824	0.00566
17	0.03878	0.01209	0.01318	0.03824	0.01487	0.01314	0.00875	0.43877	0.02078	0.07046	0.01582	0.03920	0.01199	0.00707	0.00524	0.00164	0.00514	0.00551	0.23116	0.00817
18	0.02230	0.01112	0.01340	0.01071	0.01475	0.03269	0.00869	0.09613	0.14727	0.50815	0.05686	0.02010	0.01603	0.00737	0.00579	0.00179	0.00500	0.00598	0.00657	0.00931
19	0.75889	0.01128	0.00910	0.00795	0.01158	0.01291	0.00655	0.05719	0.01097	0.05873	0.00892	0.00998	0.00674	0.00547	0.00376	0.00177	0.00455	0.00333	0.00381	0.00654
20	0.00750	0.00523	0.00663	0.00754	0.00781	0.00502	0.00491	0.00826	0.01022	0.01361	0.02718	0.51978	0.03219	0.26557	0.01425	0.00336	0.00412	0.04776	0.00472	0.00430
21	0.06972	0.57104	0.17778	0.01110	0.01656	0.04159	0.01188	0.01747	0.01172	0.01523	0.00845	0.00980	0.00725	0.00506	0.00406	0.00139	0.00660	0.00332	0.00253	0.00747
22	0.01993	0.01430	0.04230	0.01210	0.01635	0.01472	0.01018	0.50686	0.05278	0.12879	0.10594	0.01825	0.01591	0.00747	0.00584	0.00175	0.00568	0.00588	0.00585	0.00913

[dist]
# distance from previous block
# <min> <max>
5	11

[block]
# block no. 1 follows, 41 sequences, length 93
# corresponding to MSA columns:
# 236-328
name=unknown_B
#
# <colnr> <probs for GDERKNQSTAVLIFYWHMCP>
#	G	D	E	R	K	N	Q	S	T	A	V	L	I	F	Y	W	H	M	C	P
0	0.01755	0.01997	0.02113	0.02092	0.18858	0.34895	0.15672	0.05781	0.06197	0.01766	0.01095	0.01312	0.00877	0.00576	0.00597	0.00168	0.02667	0.00489	0.00322	0.00770
1	0.01303	0.01196	0.01940	0.43796	0.30505	0.01349	0.01605	0.08182	0.01342	0.01806	0.01071	0.01471	0.00835	0.00559	0.00570	0.00181	0.00720	0.00509	0.00294	0.00766
2	0.02004	0.02373	0.01578	0.01414	0.01717	0.58343	0.01075	0.07402	0.13520	0.01712	0.01147	0.01238	0.00916	0.00636	0.00562	0.00159	0.02696	0.00426	0.00359	0.00723
3	0.05413	0.01277	0.01421	0.01144	0.01518	0.01389	0.00931	0.42589	0.06985	0.06536	0.01470	0.01598	0.01117	0.01345	0.15032	0.00307	0.00751	0.00524	0.02022	0.06628
4	0.00758	0.00582	0.00687	0.00661	0.00815	0.00518	0.00492	0.00970	0.01471	0.01962	0.46050	0.04742	0.33175	0.03701	0.00744	0.00197	0.00286	0.01096	0.00582	0.00511
5	0.01171	0.02796	0.68484	0.01720	0.02535	0.01342	0.10401	0.01814	0.01224	0.01814	0.01041	0.01246	0.00741	0.00536	0.00559	0.00182	0.00859	0.00452	0.00247	0.00837
6	0.05559	0.32493	0.02033	0.01161	0.01525	0.33407	0.00973	0.04990	0.01458	0.01622	0.08805	0.01339	0.01233	0.00613	0.00470	0.00143	0.00743	0.00418	0.00325	0.00689
7	0.00789	0.00647	0.00703	0.00682	0.00870	0.00596	0.00513	0.01118	0.09192	0.01817	0.22695	0.07121	0.48556	0.01319	0.00667	0.00191	0.00303	0.01118	0.00561	0.00541
8	0.02566	0.00973	0.01327	0.01018	0.01460	0.00841	0.00841	0.02788	0.01637	0.76726	0.02257	0.01947	0.01416	0.00708	0.00575	0.00177	0.00487	0.00575	0.00708	0.00973
9	0.01896	0.02346	0.01510	0.01379	0.01636	0.62720	0.01043	0.02047	0.01500	0.01398	0.01169	0.01369	0.04303	0.01012	0.08144	0.00230	0.04916	0.00438	0.00305	0.00638
10	0.01160	0.02869	0.72277	0.01680	0.02508	0.01336	0.06681	0.01813	0.01217	0.01813	0.01035	0.01229	0.00734	0.00540	0.00552	0.00182	0.00853	0.00439	0.00245	0.00841
11	0.02501	0.01016	0.01346	0.01039	0.01477	0.00912	0.00856	0.06492	0.04587	0.70033	0.02214	0.01925	0.01406	0.00710	0.00575	0.00177	0.00493	0.00575	0.00696	0.00971
12	0.00789	0.00583	0.00740	0.00726	0.00863	0.00534	0.00549	0.01028	0.01516	0.02084	0.55407	0.09380	0.16194	0.01281	0.00686	0.00191	0.00295	0.06028	0.00601	0.00525
13	0.02098	0.02661	0.01627	0.01475	0.01756	0.74249	0.01112	0.02244	0.01588	0.01399	0.00878	0.01041	0.00737	0.00608	0.00576	0.00152	0.04471	0.00374	0.00293	0.00661
14	0.00760	0.00547	0.00720	0.00753	0.00844	0.00507	0.00536	0.00956	0.01390	0.01929	0.44178	0.37162	0.04692	0.01441	0.00699	0.00203	0.00297	0.01293	0.00587	0.00507
15	0.00697	0.00498	0.00664	0.00796	0.00830	0.00465	0.00531	0.00796	0.01095	0.01460	0.03153	0.79525	0.03783	0.01792	0.00730	0.00232	0.00332	0.01626	0.00531	0.00465
16	0.00994	0.00497	0.00745	0.00745	0.00745	0.00497	0.00497	0.00745	0.00745	0.00994	0.00994	0.01739	0.00994	0.01987	0.02235	0.83358	0.00497	0.00497	0.00248	0.00248
17	0.02137	0.02726	0.01621	0.01474	0.01768	0.77602	0.01105	0.02284	0.01621	0.01400	0.00884	0.01031	0.00737	0.00589	0.00516	0.00147	0.01031	0.00368	0.00295	0.00663
18	0.00717	0.00552	0.00656	0.00691	0.00813	0.00491	0.00495	0.00877	0.01309	0.01703	0.22465	0.31299	0.32877	0.01500	0.00695	0.00204	0.00300	0.01312	0.00556	0.00491
19	0.01066	0.00533	0.00533	0.00533	0.00666	0.00533	0.00400	0.01333	0.01200	0.02132	0.01866	0.02132	0.01466	0.00666	0.00400	0.00133	0.00267	0.00533	0.83073	0.00533
20	0.01147	0.02959	0.76934	0.01630	0.02476	0.01328	0.02113	0.01811	0.01208	0.01811	0.01026	0.01208	0.00725	0.00543	0.00543	0.00181	0.00845	0.00423	0.00242	0.00845
21	0.01527	0.00978	0.01025	0.00859	0.01127	0.01049	0.00686	0.31735	0.01819	0.02745	0.01661	0.01817	0.01261	0.00675	0.00472	0.00149	0.00417	0.00526	0.48757	0.00716
22	0.02160	0.02979	0.01728	0.01326	0.01768	0.09388	0.01087	0.66017	0.02558	0.03347	0.01315	0.01332	0.00945	0.00674	0.00563	0.00168	0.00669	0.00497	0.00539	0.00938
23	0.04064	0.01634	0.01670	0.01304	0.01744	0.05911	0.01068	0.65193	0.06201	0.03399	0.01380	0.01382	0.00990	0.00682	0.00564	0.00172	0.00638	0.00509	0.00552	0.00944
24	0.01218	0.01192	0.02072	0.44241	0.10202	0.01338	0.17199	0.01789	0.11547	0.01710	0.01235	0.01604	0.00936	0.00575	0.00595	0.00190	0.00755	0.00564	0.00310	0.00728
25	0.02547	0.01005	0.01347	0.01033	0.01476	0.00887	0.00853	0.06350	0.01689	0.73090	0.02213	0.01918	0.01394	0.00707	0.00575	0.00177	0.00494	0.00572	0.00701	0.00973
26	0.00784	0.00565	0.00741	0.00737	0.00849	0.00522	0.00538	0.01015	0.01499	0.02103	0.59325	0.21521	0.05027	0.01312	0.00687	0.00192	0.00284	0.01170	0.00607	0.00522
27	0.02092	0.01528	0.01635	0.01264	0.01699	0.01690	0.01041	0.68647	0.03764	0.03492	0.01420	0.01434	0.01016	0.00687	0.00561	0.00170	0.00604	0.00518	0.05796	0.00944
28	0.00870	0.00685	0.00752	0.00704	0.00903	0.00633	0.00536	0.08664	0.01523	0.01956	0.23678	0.08180	0.46208	0.01311	0.00667	0.00189	0.00322	0.01108	0.00561	0.00549
29	0.00832	0.00555	0.00624	0.00624	0.00624	0.00555	0.00347	0.00832	0.00832	0.01109	0.01802	0.03743	0.02080	0.79898	0.02911	0.00555	0.00555	0.00832	0.00347	0.00347
30	0.02124	0.02699	0.01615	0.01468	0.01763	0.76248	0.01102	0.02297	0.02930	0.01418	0.00910	0.01051	0.00755	0.00593	0.00517	0.00148	0.01021	0.00373	0.00300	0.00667
31	0.01416	0.01359	0.02322	0.03511	0.76330	0.01359	0.01755	0.01755	0.01302	0.01869	0.01076	0.01416	0.00906	0.00510	0.00566	0.00170	0.00680	0.00510	0.00283	0.00906
32	0.01462	0.02525	0.58295	0.01506	0.02253	0.01292	0.01821	0.08544	0.01409	0.13689	0.01250	0.01338	0.00855	0.00582	0.00551	0.00180	0.00770	0.00455	0.00344	0.00877
33	0.78693	0.01101	0.00896	0.05676	0.01286	0.01282	0.00681	0.01667	0.00984	0.02496	0.00810	0.00967	0.00629	0.00534	0.00368	0.00178	0.00463	0.00322	0.00348	0.00620
34	0.00936	0.00521	0.00579	0.00626	0.00724	0.00509	0.00446	0.01144	0.01163	0.01895	0.02320	0.29424	0.02283	0.01063	0.00516	0.00168	0.00290	0.00919	0.53965	0.00509
35	0.00710	0.00508	0.00676	0.00787	0.00833	0.00473	0.00532	0.00830	0.01157	0.01559	0.11780	0.70616	0.03974	0.01718	0.00724	0.00226	0.00325	0.01556	0.00543	0.00473
36	0.01313	0.26878	0.50503	0.01414	0.02130	0.01639	0.01714	0.05148	0.01262	0.01750	0.00971	0.01125	0.00739	0.00533	0.00490	0.00162	0.00763	0.00391	0.00258	0.00817
37	0.00885	0.00672	0.00763	0.00715	0.00934	0.00584	0.00550	0.03286	0.01380	0.04619	0.15240	0.10120	0.42280	0.01280	0.00653	0.00186	0.00337	0.05694	0.00533	0.09286
38	0.00775	0.00566	0.00728	0.00724	0.00843	0.00519	0.00529	0.01000	0.01485	0.02059	0.55153	0.19959	0.10883	0.01321	0.00686	0.00192	0.00284	0.01171	0.00601	0.00519
39	0.00717	0.00518	0.00680	0.00781	0.00839	0.00481	0.00537	0.00847	0.01185	0.01588	0.13514	0.63392	0.07727	0.01682	0.00721	0.00224	0.00326	0.03223	0.00545	0.00478
40	0.01372	0.01434	0.02757	0.02837	0.36373	0.01432	0.34963	0.01759	0.01288	0.01810	0.01086	0.01460	0.00875	0.00539	0.00727	0.00187	0.07412	0.00585	0.00283	0.00821
41	0.00926	0.00576	0.00738	0.00738	0.00849	0.00629	0.00562	0.01148	0.01037	0.01667	0.01689	0.02265	0.01475	0.06136	0.40757	0.00562	0.00939	0.00588	0.36206	0.00513
42	0.00696	0.00501	0.00660	0.00788	0.00827	0.00465	0.00527	0.00797	0.01103	0.01463	0.03253	0.76709	0.06534	0.01779	0.00728	0.00231	0.00330	0.01610	0.00531	0.00465
43	0.01741	0.01788	0.16358	0.05153	0.16238	0.01570	0.05463	0.39560	0.02002	0.02741	0.01223	0.01365	0.00898	0.00609	0.00571	0.00175	0.00705	0.00505	0.00425	0.00910
44	0.01205	0.01137	0.01887	0.50662	0.26850	0.01307	0.01606	0.01636	0.05018	0.01639	0.01103	0.01522	0.00859	0.00563	0.00571	0.00184	0.00720	0.00516	0.00280	0.00735
45	0.00935	0.00727	0.00902	0.00841	0.00841	0.00850	0.00570	0.00966	0.00843	0.01175	0.01543	0.03128	0.01751	0.60411	0.02656	0.00479	0.19894	0.00750	0.00323	0.00416
46	0.01516	0.01260	0.01518	0.01159	0.01605	0.01242	0.05514	0.22369	0.13259	0.02415	0.01320	0.01414	0.01021	0.00584	0.00574	0.00141	0.04158	0.00466	0.00436	0.38030
47	0.01472	0.01244	0.01508	0.01292	0.01578	0.01460	0.05012	0.04277	0.50844	0.06666	0.01935	0.01903	0.01469	0.00797	0.00835	0.00203	0.15533	0.00613	0.00510	0.00850
48	0.02139	0.02663	0.01626	0.01465	0.01769	0.73349	0.01104	0.06330	0.01681	0.01524	0.00912	0.01051	0.00750	0.00595	0.00519	0.00149	0.01009	0.00377	0.00310	0.00680
49	0.00849	0.00633	0.00802	0.00792	0.00939	0.00606	0.00614	0.01184	0.06183	0.02100	0.49914	0.07928	0.11293	0.01264	0.00690	0.00198	0.00327	0.12535	0.00597	0.00552
50	0.05183	0.42570	0.35427	0.01255	0.01895	0.01807	0.01461	0.01755	0.01173	0.01607	0.00897	0.01046	0.00725	0.00515	0.00444	0.00151	0.00707	0.00357	0.00248	0.00778
51	0.00711	0.00508	0.00680	0.00813	0.00852	0.00477	0.00556	0.00821	0.01109	0.01476	0.03145	0.74899	0.03752	0.01779	0.00734	0.00234	0.00344	0.06112	0.00531	0.00469
52	0.02548	0.01003	0.01345	0.01032	0.01475	0.00884	0.00852	0.06113	0.01686	0.73332	0.02216	0.01920	0.01395	0.00707	0.00575	0.00177	0.00493	0.00572	0.00702	0.00973
53	0.00803	0.00681	0.00705	0.00681	0.00890	0.00633	0.00516	0.01186	0.12825	0.01736	0.10797	0.04884	0.58968	0.01322	0.00661	0.00192	0.00313	0.01106	0.00547	0.00553
54	0.02193	0.01573	0.01699	0.01302	0.01759	0.01731	0.01076	0.71101	0.02641	0.06996	0.01414	0.01400	0.00993	0.00688	0.00572	0.00172	0.00623	0.00518	0.00578	0.00973
55	0.01662	0.00773	0.01038	0.00864	0.01148	0.00686	0.00686	0.01908	0.01628	0.38414	0.40228	0.03144	0.03465	0.00945	0.00626	0.00178	0.00375	0.00812	0.00668	0.00750
56	0.11163	0.00987	0.01276	0.00990	0.01423	0.00887	0.00817	0.02671	0.01567	0.68891	0.02102	0.01839	0.01332	0.00689	0.00552	0.00177	0.00482	0.00547	0.00671	0.00936
57	0.01137	0.01034	0.01399	0.01415	0.09207	0.05260	0.02350	0.04675	0.01075	0.01513	0.01236	0.01806	0.01140	0.03825	0.39446	0.00571	0.21437	0.00560	0.00301	0.00614
58	0.01066	0.00533	0.00533	0.00533	0.00666	0.00533	0.00400	0.01333	0.01200	0.02132	0.01866	0.02132	0.01466	0.00666	0.00400	0.00133	0.00267	0.00533	0.83073	0.00533
59	0.00697	0.00498	0.00664	0.00796	0.00830	0.00465	0.00531	0.00796	0.01095	0.01460	0.03153	0.79525	0.03783	0.01792	0.00730	0.00232	0.00332	0.01626	0.00531	0.00465
60	0.01309	0.01635	0.10826	0.02149	0.02642	0.01494	0.52230	0.01740	0.01241	0.01740	0.01063	0.01450	0.00830	0.00591	0.00898	0.00203	0.16317	0.00614	0.00277	0.00751
61	0.01542	0.01177	0.01276	0.01128	0.01462	0.01321	0.00883	0.02940	0.63841	0.11631	0.02426	0.02214	0.03992	0.00788	0.00584	0.00192	0.00452	0.00655	0.00596	0.00901
62	0.00874	0.00666	0.00929	0.01014	0.08828	0.00626	0.00668	0.01151	0.01586	0.02249	0.68110	0.03971	0.04923	0.01100	0.00663	0.00179	0.00313	0.00979	0.00593	0.00578
63	0.01346	0.01151	0.01227	0.01125	0.01418	0.01321	0.00866	0.02802	0.67458	0.02294	0.02415	0.10310	0.01961	0.00883	0.00598	0.00198	0.00440	0.00750	0.00577	0.00859
64	0.01158	0.02778	0.68992	0.01617	0.02373	0.01373	0.02022	0.01765	0.01173	0.01765	0.00997	0.01212	0.00727	0.00592	0.00684	0.00188	0.09086	0.00431	0.00242	0.00822
65	0.01561	0.64482	0.09992	0.01077	0.01598	0.02121	0.01100	0.09404	0.01328	0.01629	0.00879	0.00994	0.00758	0.00515	0.00406	0.00133	0.00636	0.00339	0.00279	0.00770
66	0.02061	0.02568	0.01586	0.01441	0.01739	0.69554	0.01084	0.02364	0.09405	0.01505	0.01037	0.01148	0.00843	0.00609	0.00523	0.00152	0.00970	0.00398	0.00325	0.00689
67	0.01243	0.01073	0.01345	0.00969	0.01472	0.00857	0.05356	0.05478	0.01288	0.01967	0.02575	0.01282	0.00948	0.00457	0.00453	0.00098	0.00466	0.00384	0.00355	0.71934
68	0.01223	0.17244	0.55069	0.01425	0.02168	0.01444	0.01749	0.01754	0.01197	0.01730	0.00982	0.01151	0.00739	0.00521	0.00498	0.00160	0.00757	0.00392	0.00252	0.09546
69	0.00697	0.00498	0.00664	0.00796	0.00830	0.00465	0.00531	0.00796	0.01095	0.01460	0.03153	0.79525	0.03783	0.01792	0.00730	0.00232	0.00332	0.01626	0.00531	0.00465
70	0.00784	0.08927	0.00906	0.00804	0.00894	0.00656	0.00573	0.00895	0.01114	0.01453	0.03049	0.67143	0.07444	0.01635	0.00689	0.00219	0.00359	0.01464	0.00501	0.00494
71	0.01419	0.01211	0.01715	0.11333	0.34247	0.06988	0.02365	0.04454	0.01328	0.06680	0.01306	0.01626	0.01048	0.00965	0.08683	0.00245	0.00736	0.00520	0.12368	0.00764
72	0.10812	0.01550	0.01624	0.01256	0.01703	0.01722	0.01038	0.66738	0.02508	0.03495	0.01312	0.01326	0.00935	0.00670	0.00549	0.00172	0.00610	0.00493	0.00549	0.00935
73	0.05485	0.09016	0.00941	0.00748	0.00849	0.00782	0.00536	0.01035	0.01012	0.01401	0.06612	0.09216	0.02363	0.45340	0.01900	0.00400	0.00516	0.11006	0.00393	0.00449
74	0.01950	0.13897	0.02043	0.01421	0.01843	0.23983	0.08799	0.31903	0.04714	0.02383	0.01155	0.01250	0.00885	0.00610	0.00536	0.00160	0.00773	0.00462	0.00412	0.00822
75	0.07091	0.04538	0.01240	0.00952	0.01304	0.00980	0.00762	0.02331	0.14584	0.39470	0.05915	0.02241	0.03445	0.09098	0.00803	0.00215	0.00473	0.00618	0.00584	0.03357
76	0.03248	0.01153	0.01366	0.01070	0.01503	0.01124	0.00870	0.16534	0.15473	0.34785	0.01865	0.01725	0.01282	0.00665	0.00547	0.00163	0.00497	0.00533	0.00590	0.15007
77	0.08322	0.00932	0.01167	0.00944	0.01296	0.00878	0.00763	0.06803	0.04449	0.44205	0.21259	0.02443	0.02373	0.00815	0.00584	0.00178	0.00435	0.00673	0.00647	0.00831
78	0.00837	0.00673	0.01010	0.01182	0.08929	0.00663	0.04106	0.00979	0.01111	0.01504	0.02672	0.58751	0.03123	0.05863	0.00875	0.00243	0.03401	0.03079	0.00473	0.00527
79	0.15207	0.01473	0.05389	0.06070	0.01998	0.07175	0.18445	0.02836	0.12815	0.01899	0.01149	0.01405	0.00914	0.00683	0.00876	0.00200	0.19887	0.00520	0.00336	0.00721
80	0.01074	0.00727	0.00974	0.09031	0.01319	0.00719	0.00748	0.05054	0.01568	0.08898	0.43954	0.03975	0.08455	0.01109	0.00664	0.00192	0.00394	0.09965	0.00575	0.00606
81	0.00702	0.00502	0.00669	0.00793	0.00831	0.00468	0.00531	0.00811	0.01121	0.01502	0.06776	0.75783	0.03863	0.01761	0.00727	0.00230	0.00329	0.01597	0.00536	0.00468
82	0.01277	0.07072	0.64915	0.01561	0.02346	0.01427	0.01942	0.09477	0.01362	0.01975	0.01050	0.01209	0.00751	0.00556	0.00537	0.00177	0.00810	0.00426	0.00277	0.00853
83	0.06126	0.01586	0.01616	0.01372	0.05145	0.09144	0.01070	0.50456	0.05076	0.06501	0.01445	0.01637	0.01098	0.00711	0.00567	0.00175	0.00644	0.04209	0.00525	0.00896
84	0.01750	0.00989	0.01103	0.00929	0.01225	0.08816	0.00732	0.01977	0.01610	0.36364	0.30319	0.02929	0.06969	0.00911	0.00612	0.00176	0.00451	0.00763	0.00625	0.00749
85	0.00857	0.00630	0.00844	0.00926	0.01057	0.00590	0.00736	0.01053	0.01212	0.01625	0.02867	0.35873	0.03235	0.01545	0.00727	0.00232	0.00436	0.35792	0.00509	0.09256
86	0.05112	0.00622	0.00765	0.02587	0.00956	0.00621	0.00582	0.04950	0.01190	0.01655	0.07283	0.51593	0.04338	0.11104	0.00962	0.00262	0.00394	0.04027	0.00501	0.00497
87	0.01873	0.03146	0.01406	0.01092	0.01459	0.01370	0.00891	0.43904	0.05783	0.10483	0.01652	0.04027	0.01242	0.00775	0.01754	0.00178	0.00539	0.00562	0.17012	0.00853
88	0.01435	0.01157	0.01282	0.00984	0.01425	0.01087	0.00791	0.22036	0.09525	0.02375	0.01761	0.01796	0.08928	0.00643	0.00509	0.00132	0.00470	0.00513	0.00451	0.42697
89	0.01229	0.14946	0.04557	0.01128	0.01444	0.01149	0.11107	0.05227	0.01496	0.06761	0.35619	0.02739	0.04173	0.00871	0.00670	0.00175	0.04810	0.00750	0.00479	0.00672
90	0.03556	0.01584	0.01565	0.01319	0.05104	0.12460	0.01011	0.37278	0.08395	0.04471	0.01312	0.01360	0.00981	0.00619	0.00532	0.00154	0.00628	0.00468	0.00474	0.16730
91	0.09294	0.09455	0.01605	0.01150	0.01552	0.06414	0.00951	0.42097	0.08294	0.02822	0.01779	0.01766	0.08904	0.00734	0.00540	0.00170	0.00585	0.00550	0.00498	0.00839
92	0.00885	0.00632	0.00878	0.01002	0.01120	0.00626	0.00850	0.01126	0.01299	0.01702	0.06273	0.16649	0.03454	0.01592	0.00776	0.00255	0.00488	0.59341	0.00532	0.00519

[dist]
# distance from previous block
# <min> <max>
0	2

[block]
# block no. 2 follows, 41 sequences, length 8
# corresponding to MSA columns:
# 331-338
name=unknown_C
#
# <colnr> <probs for GDERKNQSTAVLIFYWHMCP>
#	G	D	E	R	K	N	Q	S	T	A	V	L	I	F	Y	W	H	M	C	P
0	0.00897	0.00824	0.00818	0.04948	0.01109	0.07075	0.00623	0.01184	0.08348	0.01588	0.04113	0.23693	0.39965	0.01354	0.00662	0.00199	0.00404	0.01154	0.00501	0.00542
1	0.00817	0.00568	0.00729	0.00803	0.00854	0.00586	0.00565	0.00951	0.01097	0.01586	0.02696	0.57638	0.03070	0.01503	0.00761	0.00214	0.06901	0.01315	0.16852	0.00492
2	0.00741	0.00530	0.00715	0.00847	0.00900	0.00503	0.00608	0.00873	0.01139	0.01510	0.03128	0.65055	0.03686	0.01750	0.00742	0.00238	0.00370	0.15656	0.00530	0.00477
3	0.01571	0.01228	0.02086	0.18044	0.41104	0.01246	0.07289	0.01907	0.01340	0.16607	0.01304	0.01553	0.00975	0.00559	0.00578	0.00177	0.00681	0.00535	0.00362	0.00854
4	0.01344	0.01114	0.01183	0.01065	0.01331	0.01269	0.00804	0.06285	0.56806	0.02201	0.02175	0.02413	0.01772	0.16439	0.01043	0.00264	0.00482	0.00677	0.00535	0.00798
5	0.00697	0.00498	0.00664	0.00796	0.00830	0.00465	0.00531	0.00796	0.01095	0.01460	0.03153	0.79525	0.03783	0.01792	0.00730	0.00232	0.00332	0.01626	0.00531	0.00465
6	0.01164	0.00663	0.00839	0.00762	0.00970	0.00587	0.00583	0.01378	0.01500	0.18811	0.36302	0.11364	0.20452	0.01190	0.00658	0.00187	0.00329	0.01028	0.00615	0.00617
7	0.02480	0.01029	0.01352	0.01045	0.01483	0.00933	0.00861	0.07586	0.05551	0.67962	0.02201	0.01918	0.01404	0.00710	0.00575	0.00178	0.00494	0.00575	0.00692	0.00970

[dist]
# distance from previous block
# <min> <max>
0	104

[block]
# block no. 3 follows, 41 sequences, length 30
# corresponding to MSA columns:
# 447-476
name=unknown_D
#
# <colnr> <probs for GDERKNQSTAVLIFYWHMCP>
#	G	D	E	R	K	N	Q	S	T	A	V	L	I	F	Y	W	H	M	C	P
0	0.01342	0.01002	0.01273	0.10346	0.04747	0.00895	0.00852	0.07040	0.01335	0.09062	0.01388	0.07959	0.01182	0.00620	0.00498	0.00131	0.00481	0.00521	0.04677	0.44650
1	0.05562	0.12939	0.01608	0.01264	0.05648	0.07854	0.00962	0.02629	0.45976	0.06758	0.01834	0.01754	0.01392	0.00687	0.00533	0.00176	0.00539	0.00545	0.00489	0.00850
2	0.01578	0.45385	0.04867	0.04297	0.13548	0.14557	0.01177	0.01877	0.05098	0.01511	0.00949	0.01110	0.00815	0.00529	0.00448	0.00142	0.00697	0.00377	0.00277	0.00758
3	0.04758	0.06462	0.14696	0.04301	0.41271	0.01353	0.06567	0.01740	0.04178	0.01821	0.01165	0.04203	0.00987	0.00620	0.00611	0.02933	0.00687	0.00531	0.00296	0.00820
4	0.01147	0.02959	0.76934	0.01630	0.02476	0.01328	0.02113	0.01811	0.01208	0.01811	0.01026	0.01208	0.00725	0.00543	0.00543	0.00181	0.00845	0.00423	0.00242	0.00845
5	0.00706	0.00511	0.00668	0.00776	0.00828	0.00473	0.00526	0.00824	0.01156	0.01542	0.09984	0.68037	0.08428	0.01714	0.00722	0.00225	0.00324	0.01546	0.00540	0.00473
6	0.01163	0.01102	0.01866	0.59933	0.21880	0.01293	0.01630	0.01534	0.01183	0.01562	0.01031	0.01498	0.00798	0.00556	0.00570	0.00185	0.00742	0.00509	0.00261	0.00702
7	0.01222	0.05763	0.52580	0.01829	0.02582	0.01401	0.22935	0.01813	0.01247	0.01798	0.01055	0.01293	0.00766	0.00523	0.00574	0.00182	0.00870	0.00491	0.00255	0.00819
8	0.01839	0.01082	0.01271	0.01072	0.01429	0.01126	0.00853	0.04365	0.38331	0.31768	0.08536	0.02225	0.01908	0.00781	0.00587	0.00186	0.00455	0.00648	0.00636	0.00903
9	0.01166	0.00847	0.00991	0.00969	0.03837	0.00851	0.00726	0.01783	0.22842	0.10000	0.14434	0.03907	0.26110	0.01111	0.00645	0.00196	0.00393	0.07935	0.00570	0.00686
10	0.02566	0.00973	0.01327	0.01018	0.01460	0.00841	0.00841	0.02788	0.01637	0.76726	0.02257	0.01947	0.01416	0.00708	0.00575	0.00177	0.00487	0.00575	0.00708	0.00973
11	0.00702	0.00502	0.00669	0.00793	0.00831	0.00468	0.00531	0.00810	0.01121	0.01501	0.06744	0.75817	0.03863	0.01761	0.00727	0.00230	0.00329	0.01597	0.00536	0.00468
12	0.00697	0.00498	0.00664	0.00796	0.00830	0.00465	0.00531	0.00796	0.01095	0.01460	0.03153	0.79525	0.03783	0.01792	0.00730	0.00232	0.00332	0.01626	0.00531	0.00465
13	0.01566	0.01155	0.01278	0.01118	0.01441	0.01275	0.00882	0.12651	0.45874	0.10999	0.06836	0.06288	0.01984	0.00859	0.00600	0.00192	0.00466	0.03077	0.00594	0.00864
14	0.02566	0.00973	0.01327	0.01018	0.01460	0.00841	0.00841	0.02788	0.01637	0.76726	0.02257	0.01947	0.01416	0.00708	0.00575	0.00177	0.00487	0.00575	0.00708	0.00973
15	0.01350	0.01543	0.03375	0.02411	0.02989	0.01446	0.74253	0.01832	0.01350	0.01832	0.01157	0.01543	0.00868	0.00482	0.00675	0.00193	0.00964	0.00675	0.00289	0.00771
16	0.01354	0.01531	0.03310	0.02479	0.07550	0.01441	0.69744	0.01827	0.01347	0.01834	0.01152	0.01535	0.00870	0.00484	0.00668	0.00191	0.00947	0.00665	0.00289	0.00780
17	0.01340	0.01152	0.01218	0.01109	0.01414	0.01313	0.00865	0.02779	0.66183	0.02294	0.02656	0.02583	0.08289	0.00864	0.00598	0.00196	0.00441	0.03276	0.00576	0.00855
18	0.02457	0.01085	0.01389	0.01072	0.01512	0.01015	0.00883	0.14406	0.04735	0.61923	0.02116	0.01861	0.01357	0.00707	0.00575	0.00177	0.00508	0.00568	0.00681	0.00971
19	0.00697	0.00498	0.00664	0.00796	0.00830	0.00465	0.00531	0.00796	0.01095	0.01460	0.03153	0.79525	0.03783	0.01792	0.00730	0.00232	0.00332	0.01626	0.00531	0.00465
20	0.01147	0.02959	0.76934	0.01630	0.02476	0.01328	0.02113	0.01811	0.01208	0.01811	0.01026	0.01208	0.00725	0.00543	0.00543	0.00181	0.00845	0.00423	0.00242	0.00845
21	0.00691	0.00577	0.00603	0.00604	0.00784	0.00488	0.00450	0.00848	0.01329	0.01623	0.13277	0.08486	0.65412	0.01433	0.00678	0.00193	0.00289	0.01206	0.00542	0.00488
22	0.00686	0.00580	0.00593	0.00590	0.00779	0.00487	0.00442	0.00840	0.01327	0.01600	0.10903	0.05415	0.70956	0.01428	0.00676	0.00192	0.00288	0.01195	0.00538	0.00487
23	0.00810	0.00585	0.00765	0.00720	0.00855	0.00540	0.00540	0.01079	0.01619	0.02294	0.76028	0.04273	0.05397	0.01169	0.00675	0.00180	0.00270	0.01034	0.00630	0.00540
24	0.02137	0.02726	0.01621	0.01474	0.01768	0.77602	0.01105	0.02284	0.01621	0.01400	0.00884	0.01031	0.00737	0.00589	0.00516	0.00147	0.01031	0.00368	0.00295	0.00663
25	0.00905	0.00652	0.00898	0.01018	0.01153	0.00645	0.00884	0.01162	0.01324	0.01718	0.05188	0.06339	0.07396	0.01561	0.00781	0.00257	0.00506	0.66555	0.00530	0.00525
26	0.01066	0.00533	0.00533	0.00533	0.00666	0.00533	0.00400	0.01333	0.01200	0.02132	0.01866	0.02132	0.01466	0.00666	0.00400	0.00133	0.00267	0.00533	0.83073	0.00533
27	0.01048	0.00536	0.00549	0.00549	0.00674	0.00539	0.00406	0.01299	0.01173	0.02059	0.01853	0.02215	0.01495	0.04674	0.02725	0.00176	0.00317	0.00550	0.76638	0.00523
28	0.02074	0.01772	0.01613	0.01301	0.01699	0.18188	0.01045	0.51718	0.05372	0.02993	0.01334	0.01373	0.00981	0.00668	0.00551	0.00165	0.00689	0.00490	0.05098	0.00878
29	0.01233	0.20289	0.60355	0.01484	0.02250	0.01538	0.01859	0.01789	0.01197	0.01707	0.00975	0.01143	0.00727	0.00531	0.00504	0.00168	0.00793	0.00396	0.00242	0.00820

[dist]
# distance from previous block
# <min> <max>
0	1

[block]
# block no. 4 follows, 41 sequences, length 7
# corresponding to MSA columns:
# 478-484
name=unknown_E
#
# <colnr> <probs for GDERKNQSTAVLIFYWHMCP>
#	G	D	E	R	K	N	Q	S	T	A	V	L	I	F	Y	W	H	M	C	P
0	0.01495	0.73401	0.09542	0.01036	0.01557	0.02181	0.01079	0.01721	0.01166	0.01387	0.00816	0.00943	0.00733	0.00494	0.00383	0.00128	0.00632	0.00316	0.00244	0.00744
1	0.01341	0.01052	0.01230	0.00889	0.01390	0.00834	0.00715	0.06292	0.01314	0.06864	0.01121	0.01248	0.00893	0.00459	0.00443	0.00096	0.00441	0.00366	0.00378	0.72635
2	0.02070	0.01550	0.01658	0.01295	0.01734	0.01725	0.01062	0.64486	0.12797	0.03436	0.01506	0.01479	0.01080	0.00699	0.00574	0.00175	0.00605	0.00533	0.00574	0.00963
3	0.01529	0.80242	0.02997	0.00979	0.01468	0.02263	0.00979	0.01713	0.01162	0.01346	0.00795	0.00918	0.00734	0.00489	0.00367	0.00122	0.00612	0.00306	0.00245	0.00734
4	0.01529	0.80242	0.02997	0.00979	0.01468	0.02263	0.00979	0.01713	0.01162	0.01346	0.00795	0.00918	0.00734	0.00489	0.00367	0.00122	0.00612	0.00306	0.00245	0.00734
5	0.01147	0.02959	0.76934	0.01630	0.02476	0.01328	0.02113	0.01811	0.01208	0.01811	0.01026	0.01208	0.00725	0.00543	0.00543	0.00181	0.00845	0.00423	0.00242	0.00845
6	0.00994	0.00497	0.00745	0.00745	0.00745	0.00497	0.00497	0.00745	0.00745	0.00994	0.00994	0.01739	0.00994	0.01987	0.02235	0.83358	0.00497	0.00497	0.00248	0.00248

[dist]
# distance from previous block
# <min> <max>
0	1

[block]
# block no. 5 follows, 41 sequences, length 12
# corresponding to MSA columns:
# 486-497
name=unknown_F
#
# <colnr> <probs for GDERKNQSTAVLIFYWHMCP>
#	G	D	E	R	K	N	Q	S	T	A	V	L	I	F	Y	W	H	M	C	P
0	0.01172	0.07907	0.72200	0.01589	0.02411	0.01388	0.02041	0.01805	0.01205	0.01782	0.01012	0.01189	0.00725	0.00540	0.00532	0.00177	0.00830	0.00415	0.00242	0.00838
1	0.01133	0.02815	0.72179	0.01594	0.02395	0.01286	0.02039	0.01772	0.01214	0.01805	0.01152	0.01536	0.00885	0.00608	0.00559	0.00186	0.00825	0.04931	0.00259	0.00825
2	0.00843	0.00792	0.08821	0.00891	0.01029	0.00589	0.00715	0.01007	0.01117	0.04511	0.02766	0.57921	0.03189	0.08434	0.00898	0.00254	0.00422	0.04793	0.00491	0.00518
3	0.02174	0.01602	0.01717	0.01316	0.01774	0.01774	0.01087	0.74423	0.02689	0.03605	0.01373	0.01373	0.00973	0.00687	0.00572	0.00172	0.00629	0.00515	0.00572	0.00973
4	0.02174	0.01602	0.01717	0.01316	0.01774	0.01774	0.01087	0.74423	0.02689	0.03605	0.01373	0.01373	0.00973	0.00687	0.00572	0.00172	0.00629	0.00515	0.00572	0.00973
5	0.02174	0.01602	0.01717	0.01316	0.01774	0.01774	0.01087	0.74423	0.02689	0.03605	0.01373	0.01373	0.00973	0.00687	0.00572	0.00172	0.00629	0.00515	0.00572	0.00973
6	0.01529	0.80242	0.02997	0.00979	0.01468	0.02263	0.00979	0.01713	0.01162	0.01346	0.00795	0.00918	0.00734	0.00489	0.00367	0.00122	0.00612	0.00306	0.00245	0.00734
7	0.01147	0.02959	0.76934	0.01630	0.02476	0.01328	0.02113	0.01811	0.01208	0.01811	0.01026	0.01208	0.00725	0.00543	0.00543	0.00181	0.00845	0.00423	0.00242	0.00845
8	0.05604	0.01527	0.01620	0.01252	0.01689	0.01690	0.01033	0.67632	0.02541	0.03486	0.01374	0.01393	0.00983	0.00679	0.00554	0.00170	0.00603	0.00507	0.04728	0.00935
9	0.01463	0.66824	0.15834	0.01092	0.01643	0.02101	0.01176	0.01730	0.01170	0.01427	0.00835	0.00968	0.00732	0.00499	0.00398	0.00133	0.00652	0.00326	0.00244	0.00753
10	0.02129	0.00964	0.01222	0.01010	0.01367	0.02910	0.00818	0.05421	0.03578	0.53225	0.02328	0.10690	0.01791	0.00889	0.00601	0.00188	0.00486	0.06223	0.03298	0.00859
11	0.18265	0.00691	0.00700	0.00672	0.00764	0.00742	0.00444	0.01085	0.00925	0.01563	0.03917	0.02930	0.01775	0.50306	0.02019	0.00412	0.02974	0.00688	0.08689	0.00437

[dist]
# distance from previous block
# <min> <max>
0	16

[block]
# block no. 6 follows, 41 sequences, length 17
# corresponding to MSA columns:
# 514-530
name=unknown_G
#
# <colnr> <probs for GDERKNQSTAVLIFYWHMCP>
#	G	D	E	R	K	N	Q	S	T	A	V	L	I	F	Y	W	H	M	C	P
0	0.01066	0.00533	0.00533	0.00533	0.00666	0.00533	0.00400	0.01333	0.01200	0.02132	0.01866	0.02132	0.01466	0.00666	0.00400	0.00133	0.00267	0.00533	0.83073	0.00533
1	0.00697	0.00498	0.00664	0.00796	0.00830	0.00465	0.00531	0.00796	0.01095	0.01460	0.03153	0.79525	0.03783	0.01792	0.00730	0.00232	0.00332	0.01626	0.00531	0.00465
2	0.02123	0.01553	0.01662	0.01280	0.01723	0.01717	0.01056	0.71066	0.02621	0.03537	0.01396	0.01408	0.00995	0.00686	0.00564	0.00170	0.00613	0.00516	0.04361	0.00953
3	0.01795	0.03949	0.01624	0.01287	0.01484	0.01400	0.01075	0.01961	0.01195	0.31970	0.01364	0.01522	0.01020	0.00864	0.01295	0.00216	0.44249	0.00524	0.00436	0.00771
4	0.01147	0.02959	0.76934	0.01630	0.02476	0.01328	0.02113	0.01811	0.01208	0.01811	0.01026	0.01208	0.00725	0.00543	0.00543	0.00181	0.00845	0.00423	0.00242	0.00845
5	0.00820	0.00616	0.00764	0.00733	0.00880	0.00580	0.00547	0.01142	0.05977	0.02137	0.56733	0.09746	0.14717	0.01229	0.00673	0.00186	0.00288	0.01077	0.00606	0.00549
6	0.01236	0.01243	0.01840	0.01547	0.01597	0.01671	0.07301	0.01389	0.00925	0.01418	0.00889	0.04663	0.00892	0.00992	0.01727	0.00245	0.68966	0.00564	0.00266	0.00631
7	0.08567	0.01374	0.05707	0.01175	0.01573	0.01422	0.00985	0.18632	0.40996	0.10484	0.01907	0.01792	0.01387	0.00715	0.00558	0.00185	0.00517	0.00569	0.00555	0.00900
8	0.02401	0.00954	0.01286	0.01001	0.01417	0.00838	0.00821	0.02673	0.04082	0.68883	0.07586	0.02121	0.01714	0.00744	0.00583	0.00178	0.00470	0.00611	0.00698	0.00940
9	0.00712	0.00504	0.00659	0.00777	0.00806	0.00475	0.00510	0.00800	0.01065	0.01420	0.02999	0.70927	0.03590	0.10653	0.00978	0.00269	0.00357	0.01536	0.00510	0.00451
10	0.01160	0.00968	0.01062	0.01004	0.01243	0.01069	0.00766	0.02220	0.46839	0.02134	0.10354	0.15788	0.08704	0.01068	0.00631	0.00201	0.00402	0.03066	0.00572	0.00747
11	0.01983	0.02345	0.01749	0.01514	0.01805	0.55092	0.05333	0.10179	0.01629	0.01667	0.00937	0.01127	0.00772	0.00647	0.00705	0.00166	0.10912	0.00419	0.00320	0.00699
12	0.01126	0.00973	0.01258	0.01133	0.01211	0.03530	0.00907	0.04409	0.01027	0.01529	0.01236	0.01836	0.01150	0.06792	0.27057	0.00473	0.33344	0.00558	0.09876	0.00576
13	0.01090	0.00839	0.01055	0.04501	0.01245	0.00921	0.00776	0.16577	0.01413	0.01908	0.02414	0.50788	0.02716	0.01415	0.00815	0.00219	0.08998	0.01216	0.00497	0.00598
14	0.00710	0.00582	0.00630	0.00640	0.00815	0.00501	0.00486	0.00876	0.01332	0.01641	0.13724	0.08745	0.59299	0.01441	0.00687	0.00198	0.00306	0.06352	0.00542	0.00492
15	0.01186	0.01017	0.01186	0.00847	0.01356	0.00762	0.00678	0.01440	0.01186	0.01864	0.01017	0.01186	0.00847	0.00424	0.00424	0.00085	0.00424	0.00339	0.00339	0.83395
16	0.01351	0.01568	0.11720	0.07608	0.50192	0.01365	0.14262	0.01758	0.01289	0.01831	0.01080	0.01418	0.00868	0.00513	0.00582	0.00176	0.00754	0.00527	0.00277	0.00859

[dist]
# distance from previous block
# <min> <max>
0	35

[block]
# block no. 7 follows, 41 sequences, length 75
# corresponding to MSA columns:
# 566-640
name=unknown_H
#
# <colnr> <probs for GDERKNQSTAVLIFYWHMCP>
#	G	D	E	R	K	N	Q	S	T	A	V	L	I	F	Y	W	H	M	C	P
0	0.01531	0.01536	0.02167	0.10650	0.56696	0.11674	0.01643	0.01826	0.01377	0.01833	0.02702	0.01526	0.01027	0.00586	0.00591	0.00181	0.00747	0.00523	0.00312	0.00870
1	0.00981	0.00991	0.11200	0.01122	0.01340	0.00754	0.01033	0.01252	0.01317	0.01766	0.05368	0.17506	0.03135	0.01494	0.00769	0.00256	0.00552	0.48055	0.00513	0.00596
2	0.01898	0.02139	0.04366	0.04325	0.02059	0.39051	0.13208	0.14961	0.01713	0.01939	0.01133	0.01377	0.00911	0.00878	0.05561	0.00226	0.02634	0.00493	0.00363	0.00765
3	0.01386	0.01199	0.01420	0.19180	0.02091	0.01387	0.01092	0.02623	0.54175	0.02201	0.02106	0.02259	0.01637	0.00805	0.00617	0.00208	0.00551	0.03681	0.00524	0.00858
4	0.00896	0.00765	0.01088	0.00941	0.01168	0.00682	0.10499	0.01117	0.01469	0.01931	0.31354	0.04581	0.36827	0.01252	0.00706	0.00202	0.00405	0.02983	0.00556	0.00581
5	0.01342	0.01454	0.03044	0.02212	0.02731	0.01356	0.63529	0.01772	0.01426	0.01954	0.11346	0.02001	0.01544	0.00621	0.00702	0.00203	0.00888	0.00743	0.00359	0.00773
6	0.01209	0.00704	0.00771	0.00727	0.00888	0.00726	0.00551	0.08799	0.01334	0.02176	0.01788	0.02136	0.01446	0.01281	0.11401	0.03964	0.00517	0.00562	0.58421	0.00598
7	0.01114	0.01001	0.01608	0.67206	0.03511	0.01208	0.01440	0.01422	0.01144	0.01478	0.01190	0.01914	0.01005	0.11341	0.00916	0.00252	0.00754	0.00573	0.00290	0.00631
8	0.07035	0.01113	0.01397	0.01088	0.01530	0.01030	0.00889	0.12444	0.01780	0.62025	0.02111	0.01898	0.01370	0.00738	0.00591	0.00189	0.00526	0.00573	0.00689	0.00985
9	0.00809	0.00550	0.00726	0.00836	0.00871	0.00512	0.00557	0.00842	0.01090	0.01461	0.02905	0.68263	0.03438	0.01850	0.00960	0.11483	0.00379	0.01483	0.00513	0.00472
10	0.01119	0.00878	0.00989	0.00930	0.01115	0.00926	0.00683	0.01827	0.29957	0.02095	0.26205	0.05956	0.04683	0.16490	0.01109	0.00275	0.00432	0.03088	0.00567	0.00675
11	0.02913	0.00592	0.00621	0.00616	0.00741	0.00586	0.00450	0.01308	0.01175	0.02044	0.01783	0.02136	0.01441	0.00886	0.00677	0.11399	0.00327	0.00544	0.69227	0.00532
12	0.00769	0.00550	0.00715	0.00843	0.00883	0.00507	0.00562	0.00849	0.01138	0.01524	0.03197	0.78780	0.03815	0.01823	0.00757	0.00244	0.00356	0.01635	0.00552	0.00501
13	0.01397	0.01493	0.02531	0.12374	0.02584	0.06441	0.35158	0.01704	0.01225	0.01665	0.01054	0.01502	0.00870	0.00716	0.01070	0.00220	0.26372	0.00595	0.00295	0.00732
14	0.02022	0.01717	0.01613	0.01346	0.01724	0.16355	0.01086	0.46806	0.05352	0.02911	0.01605	0.02116	0.01335	0.00836	0.00619	0.00193	0.00708	0.10243	0.00533	0.00881
15	0.00778	0.00588	0.00705	0.00785	0.00885	0.00526	0.00553	0.00888	0.01235	0.01593	0.06528	0.48476	0.27015	0.01681	0.00741	0.00231	0.00351	0.05373	0.00555	0.00513
16	0.00823	0.00591	0.00765	0.00820	0.00904	0.00545	0.00578	0.00979	0.01362	0.01877	0.33349	0.45302	0.04467	0.01559	0.00736	0.00223	0.00337	0.03657	0.00592	0.00534
17	0.01982	0.01409	0.01515	0.01209	0.01595	0.01526	0.00975	0.57344	0.02382	0.04554	0.01645	0.07126	0.01309	0.00806	0.00588	0.00183	0.00578	0.00619	0.11746	0.00908
18	0.00996	0.00719	0.00856	0.00857	0.01002	0.00694	0.00616	0.04222	0.08916	0.04524	0.20235	0.35112	0.13508	0.03945	0.00779	0.00229	0.00373	0.01234	0.00582	0.00601
19	0.00922	0.00660	0.00833	0.00915	0.01000	0.00640	0.00659	0.06149	0.01273	0.01698	0.02962	0.55400	0.03419	0.06719	0.00896	0.00266	0.00426	0.14080	0.00542	0.00541
20	0.01521	0.66671	0.04820	0.11525	0.01875	0.02128	0.01117	0.01724	0.01203	0.01439	0.00901	0.01103	0.00803	0.00547	0.00430	0.00146	0.00660	0.00360	0.00270	0.00757
21	0.01114	0.00711	0.00898	0.00821	0.01009	0.00654	0.00624	0.01405	0.04642	0.11348	0.57994	0.04075	0.08534	0.01159	0.00688	0.00195	0.00335	0.02504	0.00649	0.00640
22	0.01336	0.39644	0.30467	0.01243	0.01806	0.01693	0.01370	0.01669	0.01212	0.01601	0.01270	0.11750	0.01208	0.00731	0.00513	0.00172	0.00683	0.00552	0.00306	0.00773
23	0.01515	0.01298	0.01509	0.01315	0.01482	0.06348	0.01076	0.18419	0.01487	0.02090	0.01423	0.02179	0.01303	0.01044	0.02605	0.00238	0.33949	0.10254	0.09747	0.00718
24	0.00769	0.00550	0.00715	0.00843	0.00883	0.00507	0.00562	0.00849	0.01138	0.01524	0.03197	0.78780	0.03815	0.01823	0.00757	0.00244	0.00356	0.01635	0.00552	0.00501
25	0.71884	0.01077	0.00861	0.00782	0.01091	0.01219	0.00612	0.01610	0.00998	0.02421	0.01002	0.01406	0.00883	0.11307	0.00730	0.00240	0.00481	0.00404	0.00376	0.00617
26	0.71881	0.01081	0.00880	0.00795	0.01122	0.01217	0.00638	0.01643	0.01105	0.02581	0.11038	0.01477	0.01331	0.00662	0.00428	0.00190	0.00442	0.00431	0.00414	0.00643
27	0.02197	0.01356	0.14232	0.01143	0.01657	0.00948	0.01062	0.02477	0.01553	0.53867	0.03371	0.01869	0.01371	0.00702	0.00584	0.00180	0.00560	0.00553	0.00607	0.09711
28	0.01725	0.01140	0.03847	0.01022	0.01441	0.00988	0.00840	0.14654	0.04029	0.23201	0.02301	0.06444	0.11453	0.00825	0.00582	0.00169	0.00493	0.00660	0.00547	0.23638
29	0.02506	0.01034	0.01363	0.01064	0.01494	0.00916	0.00867	0.05675	0.03095	0.68451	0.05405	0.02111	0.01630	0.00771	0.00608	0.00189	0.00506	0.00614	0.00716	0.00985
30	0.00785	0.00565	0.00749	0.00860	0.00909	0.00541	0.00587	0.00880	0.01114	0.01506	0.02978	0.68332	0.03497	0.02161	0.11154	0.00337	0.00519	0.01498	0.00521	0.00507
31	0.01402	0.01544	0.03178	0.02317	0.02818	0.01520	0.63625	0.01812	0.01326	0.01830	0.01168	0.01593	0.00916	0.00598	0.00865	0.00213	0.11513	0.00671	0.00307	0.00785
32	0.07411	0.01483	0.11313	0.01303	0.04047	0.01365	0.01101	0.07801	0.40637	0.14047	0.01985	0.01905	0.01454	0.00745	0.00587	0.00198	0.00552	0.00589	0.00551	0.00925
33	0.00969	0.00605	0.00790	0.00860	0.00949	0.00551	0.00594	0.01075	0.01233	0.09298	0.08571	0.65187	0.03694	0.01666	0.00737	0.00234	0.00368	0.01483	0.00577	0.00559
34	0.02341	0.00995	0.01306	0.01050	0.01441	0.00886	0.00841	0.06949	0.01665	0.61318	0.02377	0.12485	0.01766	0.00896	0.00624	0.00196	0.00497	0.00734	0.00694	0.00936
35	0.01501	0.01647	0.07155	0.02215	0.02780	0.01495	0.58049	0.11665	0.01558	0.02122	0.01288	0.03274	0.01001	0.00587	0.00682	0.00202	0.00917	0.00680	0.00353	0.00829
36	0.01331	0.01335	0.02011	0.01664	0.01749	0.01740	0.11144	0.01485	0.00985	0.01503	0.00876	0.01383	0.00831	0.00971	0.01729	0.00254	0.67505	0.00545	0.00279	0.00680
37	0.00861	0.00693	0.01080	0.01056	0.01168	0.00643	0.10523	0.00990	0.01164	0.01563	0.02884	0.65812	0.03367	0.04145	0.00819	0.00249	0.00449	0.01481	0.00513	0.00539
38	0.02048	0.12204	0.01862	0.01278	0.01715	0.01785	0.01062	0.59133	0.02406	0.03203	0.01473	0.06417	0.01183	0.00774	0.00583	0.00181	0.00629	0.00579	0.00545	0.00939
39	0.01545	0.12295	0.07650	0.01935	0.02467	0.01637	0.41679	0.12268	0.06079	0.02098	0.01255	0.01529	0.00969	0.00596	0.00670	0.00194	0.03339	0.00598	0.00361	0.00837
40	0.00692	0.00515	0.00646	0.00750	0.00817	0.00469	0.00510	0.00802	0.01140	0.01478	0.03723	0.63553	0.19387	0.01718	0.00718	0.00224	0.00323	0.01536	0.00531	0.00469
41	0.00771	0.00542	0.00701	0.00759	0.00846	0.00497	0.00532	0.00928	0.01281	0.03437	0.24979	0.48855	0.10634	0.01552	0.00705	0.00212	0.00313	0.01389	0.00564	0.00500
42	0.00832	0.00555	0.00624	0.00624	0.00624	0.00555	0.00347	0.00832	0.00832	0.01109	0.01802	0.03743	0.02080	0.79898	0.02911	0.00555	0.00555	0.00832	0.00347	0.00347
