[name]
unknown

[dist]
# distance from previous block
# <min> <max>
0	453

[block]
# block no. 0 follows, 39 sequences, length 12
# corresponding to MSA columns:
# 509-520
name=unknown_A
#
# <colnr> <probs for GDERKNQSTAVLIFYWHMCP>
#	G	D	E	R	K	N	Q	S	T	A	V	L	I	F	Y	W	H	M	C	P
0	0.00942	0.00733	0.01090	0.19239	0.01818	0.00788	0.01024	0.01211	0.01285	0.01678	0.05170	0.19511	0.02958	0.01414	0.00747	0.00245	0.00554	0.38552	0.00482	0.00559
1	0.01095	0.01452	0.18923	0.01157	0.01506	0.01149	0.01120	0.04062	0.11729	0.01828	0.03128	0.03129	0.29920	0.01058	0.00892	0.00208	0.15711	0.00805	0.00430	0.00697
2	0.00969	0.00742	0.00802	0.00775	0.00895	0.00769	0.00520	0.01398	0.18442	0.01563	0.02849	0.06439	0.16449	0.42689	0.01907	0.00400	0.00487	0.00919	0.00460	0.00527
3	0.01122	0.00851	0.01012	0.00813	0.01165	0.00722	0.00640	0.01378	0.01176	0.01884	0.01364	0.01673	0.01146	0.01280	0.15397	0.00268	0.00624	0.00454	0.19851	0.47180
4	0.00766	0.00547	0.00738	0.00875	0.00930	0.00520	0.00628	0.00902	0.01177	0.01561	0.03234	0.64703	0.03812	0.01810	0.00767	0.00246	0.00383	0.15360	0.00548	0.00493
5	0.20732	0.01554	0.16135	0.17021	0.02169	0.01509	0.01385	0.01604	0.01053	0.01821	0.00900	0.01264	0.00741	0.00736	0.01020	0.00214	0.28710	0.00457	0.00283	0.00692
6	0.00920	0.00559	0.00780	0.00780	0.00844	0.00564	0.00555	0.00854	0.00926	0.01221	0.02131	0.02685	0.15674	0.02511	0.19701	0.47189	0.00726	0.00686	0.00328	0.00369
7	0.01144	0.01031	0.01957	0.01519	0.01795	0.00993	0.31947	0.01318	0.01103	0.01500	0.01426	0.07926	0.01398	0.16397	0.01567	0.19887	0.03030	0.00745	0.00320	0.02997
8	0.01102	0.00551	0.00551	0.00551	0.00689	0.00551	0.00413	0.01378	0.01240	0.02205	0.01929	0.02205	0.01516	0.00689	0.00413	0.00138	0.00276	0.00551	0.82500	0.00551
9	0.02495	0.01980	0.02330	0.02370	0.19864	0.01653	0.01495	0.02398	0.02009	0.03004	0.02289	0.02979	0.02050	0.01301	0.01017	0.00350	0.00929	0.00812	0.00750	0.47926
10	0.00843	0.00627	0.00912	0.00901	0.01015	0.00696	0.00696	0.01070	0.01122	0.01610	0.19068	0.02821	0.02452	0.03669	0.58785	0.00769	0.01274	0.00737	0.00396	0.00535
11	0.00699	0.00599	0.00599	0.00599	0.00799	0.00499	0.00449	0.00849	0.01348	0.01598	0.05991	0.05691	0.75288	0.01498	0.00699	0.00200	0.00300	0.01248	0.00549	0.00499

[dist]
# distance from previous block
# <min> <max>
0	48

[block]
# block no. 1 follows, 39 sequences, length 12
# corresponding to MSA columns:
# 569-580
name=unknown_B
#
# <colnr> <probs for GDERKNQSTAVLIFYWHMCP>
#	G	D	E	R	K	N	Q	S	T	A	V	L	I	F	Y	W	H	M	C	P
0	0.01113	0.05910	0.52742	0.01459	0.02111	0.01248	0.01745	0.01650	0.01167	0.01717	0.01190	0.01522	0.00944	0.01593	0.20920	0.00388	0.01052	0.00484	0.00268	0.00776
1	0.01275	0.12486	0.53381	0.01750	0.02526	0.01519	0.15274	0.01864	0.01270	0.01816	0.01056	0.01275	0.00778	0.00543	0.00564	0.00182	0.00866	0.00470	0.00259	0.00845
2	0.01316	0.01192	0.01778	0.04817	0.39627	0.01248	0.01339	0.01975	0.20814	0.01985	0.01855	0.16051	0.01717	0.00849	0.00621	0.00195	0.00576	0.00779	0.00422	0.00843
3	0.01524	0.01109	0.01741	0.02354	0.41780	0.01083	0.01250	0.01758	0.01281	0.15483	0.01540	0.02208	0.01359	0.21566	0.01234	0.00283	0.00631	0.00628	0.00392	0.00795
4	0.01135	0.00870	0.01053	0.00857	0.01204	0.00716	0.00660	0.03484	0.01380	0.04933	0.18856	0.15360	0.02526	0.00882	0.00564	0.00143	0.00393	0.00763	0.00477	0.43743
5	0.01193	0.00743	0.00997	0.00950	0.01097	0.00747	0.00712	0.01355	0.01288	0.15478	0.12739	0.40552	0.03146	0.01382	0.00852	0.00217	0.10240	0.01182	0.00551	0.04578
6	0.01789	0.01358	0.01597	0.15485	0.02091	0.01517	0.01127	0.48324	0.02215	0.02954	0.01651	0.14046	0.01438	0.00874	0.00618	0.00191	0.00626	0.00718	0.00524	0.00855
7	0.01242	0.01007	0.01380	0.11980	0.11083	0.00898	0.00949	0.01471	0.01216	0.04093	0.04670	0.01554	0.01135	0.00715	0.00725	0.10267	0.00524	0.00460	0.00346	0.44287
8	0.01180	0.01082	0.01643	0.57313	0.03379	0.01269	0.01424	0.01737	0.11446	0.01699	0.01241	0.01620	0.00942	0.00601	0.00573	0.00184	0.00699	0.00523	0.00321	0.11124
9	0.01472	0.01667	0.21251	0.01255	0.01693	0.02854	0.01205	0.13738	0.22345	0.05092	0.01732	0.01847	0.04001	0.00975	0.00909	0.15549	0.00622	0.00569	0.00439	0.00785
10	0.00794	0.00614	0.00888	0.15136	0.01456	0.00635	0.00752	0.00951	0.01142	0.01510	0.02849	0.64466	0.03331	0.01618	0.00724	0.00232	0.00426	0.01466	0.00496	0.00513
11	0.01129	0.00924	0.01071	0.00814	0.01200	0.00731	0.00609	0.01321	0.01129	0.01719	0.01268	0.01932	0.01216	0.21463	0.01124	0.00217	0.00474	0.00486	0.00352	0.60821

[dist]
# distance from previous block
# <min> <max>
0	2

[block]
# block no. 2 follows, 39 sequences, length 12
# corresponding to MSA columns:
# 583-594
name=unknown_C
#
# <colnr> <probs for GDERKNQSTAVLIFYWHMCP>
#	G	D	E	R	K	N	Q	S	T	A	V	L	I	F	Y	W	H	M	C	P
0	0.01199	0.13712	0.11715	0.55713	0.03472	0.01484	0.01614	0.01599	0.01194	0.01539	0.01016	0.01435	0.00779	0.00574	0.00554	0.00185	0.00775	0.00481	0.00260	0.00701
1	0.01492	0.01155	0.01902	0.41111	0.26199	0.01266	0.01563	0.01844	0.01322	0.14504	0.01292	0.01616	0.00952	0.00595	0.00590	0.00188	0.00712	0.00538	0.00353	0.00806
2	0.15434	0.01106	0.01259	0.00968	0.01381	0.01046	0.00786	0.01522	0.01137	0.01971	0.00967	0.01191	0.00819	0.00553	0.00668	0.00132	0.12960	0.00372	0.00338	0.55389
3	0.14313	0.00963	0.01579	0.01300	0.01581	0.00986	0.21627	0.01405	0.01153	0.01849	0.01679	0.15099	0.01600	0.01794	0.20575	0.00393	0.00868	0.00773	0.09845	0.00618
4	0.15654	0.23930	0.02338	0.02381	0.41306	0.01661	0.01380	0.01789	0.01246	0.01901	0.00979	0.01228	0.00834	0.00525	0.00488	0.00163	0.00640	0.00430	0.00294	0.00834
5	0.01089	0.00971	0.01635	0.01339	0.01622	0.00938	0.21655	0.05342	0.05447	0.02073	0.24175	0.18109	0.06220	0.01121	0.00706	0.00207	0.00548	0.05639	0.00512	0.00653
6	0.01134	0.00684	0.00890	0.00871	0.01056	0.00596	0.00628	0.01284	0.01244	0.14435	0.02751	0.53304	0.03009	0.01436	0.00677	0.00206	0.00386	0.01283	0.00549	0.13574
7	0.00900	0.00720	0.00935	0.00920	0.01015	0.00746	0.00664	0.01026	0.01106	0.01554	0.06339	0.43430	0.02900	0.10733	0.01167	0.00260	0.12663	0.01192	0.00460	0.11271
8	0.14615	0.01434	0.01656	0.01299	0.01730	0.14124	0.13368	0.02135	0.03434	0.21207	0.05394	0.01624	0.01255	0.00623	0.00547	0.00166	0.00655	0.00522	0.00458	0.13752
9	0.28724	0.01286	0.01262	0.01074	0.01443	0.01459	0.00863	0.21045	0.26588	0.02856	0.06376	0.01732	0.01456	0.00721	0.00527	0.00188	0.00500	0.00544	0.00524	0.00832
10	0.01022	0.00987	0.01258	0.01179	0.01337	0.10632	0.12126	0.01194	0.01245	0.01562	0.02627	0.56461	0.03023	0.01476	0.00717	0.00222	0.00541	0.01356	0.00478	0.00557
11	0.01849	0.01606	0.11248	0.01289	0.01747	0.04115	0.01140	0.19649	0.32678	0.15350	0.01930	0.01820	0.01381	0.00730	0.00590	0.00189	0.00592	0.00583	0.00565	0.00948

[dist]
# distance from previous block
# <min> <max>
0	3

[block]
# block no. 3 follows, 39 sequences, length 34
# corresponding to MSA columns:
# 598-631
name=unknown_D
#
# <colnr> <probs for GDERKNQSTAVLIFYWHMCP>
#	G	D	E	R	K	N	Q	S	T	A	V	L	I	F	Y	W	H	M	C	P
0	0.01468	0.01019	0.01451	0.04871	0.01514	0.01249	0.01046	0.01658	0.01115	0.18766	0.01392	0.01781	0.01146	0.01956	0.23867	0.00444	0.33602	0.00570	0.00386	0.00696
1	0.01348	0.01358	0.02471	0.09511	0.23256	0.01281	0.28760	0.01737	0.01321	0.01877	0.01124	0.01467	0.00893	0.00501	0.00593	0.00165	0.00758	0.00549	0.00306	0.20724
2	0.01260	0.01292	0.02442	0.01845	0.02289	0.01234	0.42632	0.01829	0.11765	0.01905	0.01760	0.16725	0.01613	0.00801	0.00673	0.00198	0.00746	0.00856	0.00395	0.07739
3	0.00735	0.00534	0.00677	0.00774	0.00843	0.00489	0.00528	0.00837	0.01178	0.01536	0.06401	0.58097	0.17768	0.01769	0.00816	0.04144	0.00340	0.01518	0.00539	0.00476
4	0.03004	0.45504	0.13035	0.01131	0.01674	0.01821	0.01146	0.05447	0.01395	0.18950	0.01237	0.01262	0.00932	0.00577	0.00465	0.00152	0.00635	0.00409	0.00382	0.00843
5	0.01297	0.01839	0.23723	0.01968	0.12809	0.01249	0.22188	0.01763	0.01299	0.01903	0.01105	0.01373	0.00854	0.00504	0.00570	0.00161	0.00763	0.00501	0.00298	0.23834
6	0.01464	0.01132	0.01258	0.01054	0.01428	0.01142	0.00847	0.16066	0.22641	0.05885	0.02473	0.02727	0.12059	0.00873	0.00595	0.00175	0.00482	0.07236	0.00535	0.19927
7	0.01036	0.00804	0.01026	0.00876	0.01165	0.00740	0.00688	0.01276	0.01100	0.01700	0.01392	0.01840	0.01224	0.02319	0.35892	0.00493	0.00952	0.00503	0.09113	0.35860
8	0.01773	0.04252	0.01511	0.01334	0.06077	0.03806	0.00997	0.06907	0.46663	0.16776	0.02150	0.01995	0.01568	0.00749	0.00588	0.00190	0.00525	0.00615	0.00585	0.00939
9	0.31074	0.01002	0.01072	0.04247	0.01354	0.01018	0.00740	0.01882	0.05797	0.16824	0.15778	0.01983	0.01877	0.00715	0.00510	0.00172	0.00444	0.00555	0.00501	0.12454
10	0.12902	0.00996	0.01128	0.00897	0.01305	0.00897	0.00714	0.01541	0.05614	0.01955	0.01206	0.01464	0.01017	0.01261	0.15447	0.00278	0.00668	0.00421	0.00361	0.49929
11	0.01405	0.02073	0.26578	0.01453	0.01942	0.18730	0.11611	0.01822	0.01407	0.01888	0.08111	0.01738	0.01373	0.00649	0.00558	0.00171	0.00764	0.00542	0.16458	0.00726
12	0.01620	0.02455	0.43194	0.16620	0.02843	0.01570	0.03062	0.16024	0.01683	0.02376	0.01367	0.01678	0.01038	0.00753	0.00676	0.00230	0.00881	0.00555	0.00404	0.00969
13	0.01446	0.02297	0.44081	0.01543	0.02131	0.01340	0.01659	0.02050	0.15588	0.02033	0.01553	0.01869	0.01238	0.01059	0.01013	0.16454	0.00790	0.00575	0.00403	0.00878
14	0.07765	0.01179	0.01495	0.01191	0.01649	0.01032	0.00951	0.02920	0.01778	0.68876	0.02428	0.02246	0.01615	0.00872	0.00680	0.00226	0.00580	0.00650	0.00775	0.01092
15	0.01854	0.01456	0.01745	0.01814	0.16123	0.01520	0.01199	0.30412	0.14786	0.02862	0.02115	0.17086	0.01921	0.01067	0.00723	0.00237	0.00643	0.00855	0.00597	0.00985
16	0.01346	0.00928	0.01051	0.01039	0.01201	0.00908	0.00742	0.15313	0.01624	0.02302	0.02792	0.46075	0.02983	0.01510	0.00749	0.00249	0.00476	0.01266	0.16722	0.00725
17	0.01416	0.02360	0.44256	0.16512	0.02750	0.01363	0.01834	0.01873	0.01376	0.02022	0.01293	0.01634	0.01010	0.00701	0.00643	0.00212	0.00838	0.00515	0.00356	0.17039
18	0.01320	0.16266	0.01419	0.00933	0.01158	0.01107	0.00668	0.01345	0.01158	0.01584	0.01706	0.03008	0.01804	0.45576	0.01999	0.00419	0.00636	0.00715	0.00416	0.16764
19	0.01073	0.00803	0.00971	0.00998	0.01151	0.00691	0.00686	0.01140	0.01299	0.01815	0.02978	0.60991	0.03424	0.01684	0.00785	0.00251	0.00448	0.01450	0.00582	0.16779
20	0.01019	0.00733	0.00906	0.00956	0.01054	0.00661	0.00660	0.01123	0.01493	0.02070	0.31585	0.47095	0.04674	0.01709	0.00825	0.00260	0.00404	0.01472	0.00661	0.00639
21	0.01592	0.01731	0.16072	0.01383	0.01871	0.01430	0.01227	0.02668	0.43173	0.02436	0.02063	0.02117	0.01605	0.00832	0.00660	0.00218	0.00623	0.00630	0.00554	0.17116
22	0.01651	0.45979	0.02437	0.01185	0.01524	0.01967	0.01041	0.01776	0.01297	0.01784	0.01274	0.01599	0.01138	0.00805	0.00800	0.00200	0.15857	0.00484	0.16389	0.00814
23	0.01146	0.00784	0.00982	0.00971	0.01083	0.00810	0.00701	0.01258	0.01145	0.01720	0.01922	0.02887	0.01818	0.18306	0.44665	0.00731	0.01169	0.00732	0.16544	0.00626
24	0.01784	0.20294	0.26819	0.01312	0.01864	0.01458	0.01350	0.02094	0.01467	0.16489	0.01659	0.01841	0.01270	0.00764	0.00596	0.00205	0.00693	0.00539	0.16579	0.00923
25	0.01693	0.00978	0.01395	0.01242	0.01501	0.00869	0.08547	0.01813	0.01497	0.26704	0.02881	0.42246	0.02878	0.01441	0.00788	0.00257	0.00553	0.01243	0.00656	0.00819
26	0.01305	0.00971	0.01092	0.01013	0.01229	0.00925	0.00748	0.15308	0.01835	0.02475	0.27799	0.18952	0.20842	0.01439	0.00783	0.00241	0.00457	0.01181	0.00664	0.00741
27	0.01221	0.01235	0.15611	0.01094	0.01366	0.00889	0.00975	0.01454	0.01297	0.02004	0.02142	0.17383	0.02027	0.01929	0.18643	0.00404	0.00803	0.00843	0.27958	0.00720
28	0.71736	0.01293	0.01138	0.09173	0.01632	0.01443	0.00852	0.01865	0.01179	0.02711	0.01092	0.01363	0.00889	0.00711	0.00497	0.00227	0.00575	0.00424	0.00434	0.00764
29	0.17434	0.01232	0.01628	0.44920	0.03042	0.01332	0.01328	0.01710	0.01304	0.02039	0.01242	0.01701	0.01003	0.00709	0.00616	0.00215	0.00724	0.00525	0.00383	0.16912
30	0.01431	0.01262	0.01911	0.34290	0.02944	0.01365	0.11681	0.01987	0.15696	0.02027	0.01981	0.03016	0.01743	0.00980	0.00752	0.00255	0.00777	0.14599	0.00472	0.00831
31	0.02292	0.05245	0.01999	0.01933	0.19243	0.01588	0.01292	0.30338	0.03774	0.21442	0.02801	0.01935	0.01392	0.00823	0.00681	0.00220	0.00690	0.00621	0.00612	0.01078
32	0.01863	0.01572	0.02248	0.25822	0.02916	0.01702	0.15441	0.29948	0.01980	0.02671	0.01443	0.01815	0.01121	0.00803	0.00794	0.00236	0.05569	0.00636	0.00481	0.00942
33	0.01300	0.00933	0.01071	0.01058	0.01194	0.00914	0.00732	0.15298	0.01552	0.02097	0.02778	0.46399	0.03106	0.16836	0.01256	0.00334	0.00534	0.01326	0.00592	0.00688

[dist]
# distance from previous block
# <min> <max>
0	6

[block]
# block no. 4 follows, 39 sequences, length 21
# corresponding to MSA columns:
# 638-658
name=unknown_E
#
# <colnr> <probs for GDERKNQSTAVLIFYWHMCP>
#	G	D	E	R	K	N	Q	S	T	A	V	L	I	F	Y	W	H	M	C	P
0	0.00879	0.00590	0.00699	0.00672	0.00821	0.00546	0.00504	0.01135	0.01511	0.02199	0.45319	0.04087	0.16428	0.01129	0.00627	0.00176	0.00282	0.00972	0.20877	0.00546
1	0.01378	0.20756	0.02999	0.19420	0.02927	0.01663	0.39007	0.01776	0.01299	0.01682	0.01070	0.01431	0.00838	0.00522	0.00595	0.00181	0.00859	0.00564	0.00279	0.00756
2	0.31991	0.01845	0.29420	0.01145	0.01743	0.01211	0.01239	0.01728	0.01152	0.02179	0.00970	0.01135	0.00740	0.00526	0.00458	0.00161	0.00610	0.00372	0.00318	0.21057
3	0.01797	0.00936	0.01320	0.18639	0.01957	0.00935	0.00983	0.06474	0.01505	0.35925	0.02211	0.20875	0.01885	0.00975	0.00633	0.00200	0.00538	0.00844	0.00570	0.00796
4	0.00919	0.00678	0.00798	0.00743	0.00881	0.00605	0.00487	0.01007	0.01013	0.01423	0.01983	0.20431	0.02239	0.41966	0.01856	0.00377	0.00487	0.00923	0.00400	0.20784
5	0.00846	0.00647	0.00820	0.00836	0.00992	0.00557	0.00586	0.00988	0.01155	0.01613	0.02713	0.59637	0.03161	0.01503	0.00676	0.00202	0.00367	0.01352	0.00500	0.20848
6	0.01080	0.00949	0.01413	0.41076	0.02680	0.01010	0.01160	0.01415	0.01306	0.01811	0.18083	0.02142	0.01910	0.00695	0.00578	0.00167	0.00585	0.00607	0.00374	0.20958
7	0.00854	0.00581	0.00681	0.00669	0.00704	0.00570	0.00408	0.00923	0.01061	0.01450	0.20005	0.04005	0.02998	0.59923	0.02438	0.00478	0.00501	0.00912	0.00431	0.00408
8	0.00994	0.00755	0.00983	0.00957	0.01190	0.00679	0.00800	0.01265	0.01400	0.01947	0.19171	0.04807	0.03278	0.01240	0.00696	0.00207	0.00457	0.37753	0.00521	0.20900
9	0.01795	0.00960	0.01349	0.20007	0.02022	0.00973	0.01009	0.08144	0.01531	0.34232	0.02150	0.19495	0.01819	0.00953	0.00630	0.00199	0.00550	0.00822	0.00562	0.00799
10	0.00998	0.00546	0.00597	0.00626	0.00740	0.00535	0.00454	0.01234	0.01242	0.02056	0.06814	0.19940	0.02320	0.00989	0.00510	0.00164	0.00291	0.00843	0.58566	0.00535
11	0.00755	0.00541	0.00717	0.00800	0.00865	0.00503	0.00552	0.00909	0.01290	0.01761	0.24280	0.57092	0.04399	0.01665	0.00738	0.00224	0.00324	0.01502	0.00579	0.00503
12	0.00721	0.00515	0.00686	0.00823	0.00858	0.00480	0.00549	0.00823	0.01132	0.01510	0.03259	0.78831	0.03911	0.01853	0.00755	0.00240	0.00343	0.01681	0.00549	0.00480
13	0.01252	0.01124	0.01678	0.08752	0.33927	0.01184	0.01285	0.01848	0.18070	0.01916	0.01935	0.20779	0.01859	0.00924	0.00632	0.00199	0.00567	0.00845	0.00424	0.00800
14	0.64524	0.01122	0.00951	0.00800	0.01203	0.01203	0.00654	0.01681	0.01057	0.02487	0.00876	0.01022	0.00695	0.00523	0.00383	0.00161	0.00453	0.00327	0.00362	0.19516
15	0.01002	0.00833	0.01208	0.18580	0.01834	0.00883	0.00937	0.01268	0.01072	0.01542	0.01330	0.01880	0.01171	0.02564	0.40450	0.00564	0.01118	0.00539	0.00313	0.20914
16	0.01156	0.01041	0.01715	0.41791	0.19778	0.01178	0.01511	0.01510	0.01264	0.01672	0.01580	0.02811	0.01469	0.00834	0.00646	0.00211	0.00708	0.18091	0.00339	0.00693
17	0.01804	0.16344	0.03099	0.01184	0.01598	0.03762	0.01003	0.28163	0.18695	0.07628	0.09199	0.01847	0.01634	0.00740	0.00562	0.00174	0.00573	0.00576	0.00531	0.00885
18	0.00942	0.00690	0.00814	0.00733	0.00866	0.00642	0.00481	0.01027	0.00955	0.01352	0.01645	0.03084	0.01780	0.52482	0.10956	0.00505	0.00659	0.00717	0.00352	0.19318
19	0.01186	0.00805	0.00924	0.00894	0.01060	0.00831	0.00660	0.18939	0.01565	0.02218	0.02499	0.42088	0.02643	0.01303	0.00636	0.00201	0.00404	0.01138	0.19380	0.00627
20	0.00931	0.00697	0.01077	0.26991	0.01930	0.00772	0.00912	0.01044	0.01060	0.01391	0.01956	0.33501	0.02136	0.01474	0.01084	0.20643	0.00537	0.00999	0.00379	0.00485

[dist]
# distance from previous block
# <min> <max>
0	2

[block]
# block no. 5 follows, 39 sequences, length 7
# corresponding to MSA columns:
# 661-667
name=unknown_F
#
# <colnr> <probs for GDERKNQSTAVLIFYWHMCP>
#	G	D	E	R	K	N	Q	S	T	A	V	L	I	F	Y	W	H	M	C	P
0	0.01299	0.00935	0.00971	0.00900	0.01142	0.01042	0.00693	0.02320	0.40348	0.02348	0.02184	0.02206	0.01670	0.00750	0.00514	0.00171	0.00378	0.00614	0.38756	0.00757
1	0.01526	0.01515	0.05277	0.01864	0.05846	0.01376	0.33456	0.16772	0.01634	0.02287	0.01197	0.01444	0.00911	0.00531	0.00598	0.00165	0.00762	0.00556	0.00371	0.21913
2	0.02287	0.01018	0.01335	0.01007	0.01482	0.00848	0.00826	0.02524	0.01573	0.56935	0.02004	0.01811	0.01313	0.00656	0.00554	0.00158	0.00486	0.00532	0.00634	0.22015
3	0.01203	0.01051	0.01341	0.16962	0.01960	0.00898	0.00898	0.01494	0.01217	0.01840	0.01051	0.01300	0.00858	0.00470	0.00470	0.00110	0.00511	0.00387	0.00332	0.65647
4	0.22762	0.01286	0.01315	0.01099	0.01453	0.01421	0.00880	0.39907	0.01980	0.02988	0.01651	0.17491	0.01520	0.00908	0.00568	0.00192	0.00537	0.00718	0.00525	0.00802
5	0.01322	0.26817	0.33739	0.01264	0.01932	0.01530	0.01432	0.01742	0.01228	0.01734	0.00983	0.01148	0.00785	0.00512	0.00472	0.00142	0.00685	0.00376	0.00277	0.21880
6	0.31166	0.01316	0.01456	0.04649	0.04784	0.01580	0.01034	0.18315	0.06124	0.02492	0.01073	0.01281	0.00854	0.00728	0.00857	0.00203	0.20471	0.00460	0.00398	0.00759

[dist]
# distance from previous block
# <min> <max>
0	6

[block]
# block no. 6 follows, 39 sequences, length 8
# corresponding to MSA columns:
# 674-681
name=unknown_G
#
# <colnr> <probs for GDERKNQSTAVLIFYWHMCP>
#	G	D	E	R	K	N	Q	S	T	A	V	L	I	F	Y	W	H	M	C	P
0	0.02169	0.01149	0.01387	0.01123	0.01531	0.01156	0.00907	0.11596	0.23786	0.41723	0.05357	0.02101	0.01686	0.00771	0.00601	0.00188	0.00501	0.00630	0.00672	0.00966
1	0.01575	0.01110	0.01660	0.39716	0.09498	0.01243	0.01353	0.02144	0.13847	0.19432	0.01594	0.01778	0.01136	0.00655	0.00593	0.00192	0.00658	0.00567	0.00435	0.00813
2	0.01740	0.61023	0.02784	0.01095	0.01593	0.02220	0.01039	0.18861	0.01578	0.01947	0.00964	0.01061	0.00818	0.00555	0.00430	0.00139	0.00637	0.00368	0.00334	0.00818
3	0.01176	0.00765	0.00870	0.00778	0.00974	0.00774	0.00601	0.13594	0.01703	0.02542	0.35564	0.03089	0.03299	0.00932	0.00575	0.00167	0.00341	0.00786	0.30838	0.00632
4	0.01879	0.33271	0.05989	0.01113	0.01577	0.01664	0.01021	0.17120	0.01648	0.19668	0.01541	0.08368	0.01264	0.00728	0.00519	0.00164	0.00592	0.00558	0.00465	0.00851
5	0.01985	0.02094	0.01595	0.01327	0.01728	0.39108	0.01033	0.20784	0.01858	0.02158	0.01079	0.01197	0.00853	0.00595	0.00526	0.00144	0.00808	0.00413	0.00391	0.20326
6	0.00721	0.00515	0.00686	0.00823	0.00858	0.00480	0.00549	0.00823	0.01132	0.01510	0.03259	0.78831	0.03911	0.01853	0.00755	0.00240	0.00343	0.01681	0.00549	0.00480
7	0.00947	0.00687	0.00783	0.00700	0.00825	0.00625	0.00440	0.01010	0.00947	0.01332	0.01670	0.03241	0.01847	0.60462	0.02398	0.00458	0.00541	0.00739	0.00356	0.19993

[dist]
# distance from previous block
# <min> <max>
0	8

[block]
# block no. 7 follows, 39 sequences, length 10
# corresponding to MSA columns:
# 690-699
name=unknown_H
#
# <colnr> <probs for GDERKNQSTAVLIFYWHMCP>
#	G	D	E	R	K	N	Q	S	T	A	V	L	I	F	Y	W	H	M	C	P
0	0.01685	0.01218	0.01477	0.01549	0.16722	0.01297	0.01019	0.33459	0.01945	0.02823	0.01534	0.01703	0.01170	0.00665	0.00528	0.00163	0.00530	0.00538	0.29143	0.00833
1	0.01512	0.01263	0.01774	0.51094	0.03291	0.01496	0.01461	0.26679	0.01741	0.02285	0.01180	0.01522	0.00864	0.00633	0.00591	0.00190	0.00740	0.00528	0.00378	0.00779
2	0.01594	0.15191	0.21794	0.01227	0.01720	0.01361	0.01231	0.15283	0.01576	0.14005	0.01748	0.17447	0.01570	0.00875	0.00581	0.00185	0.00620	0.00718	0.00454	0.00819
3	0.01577	0.01158	0.01709	0.51044	0.03239	0.01340	0.01420	0.15283	0.01565	0.13928	0.01327	0.01617	0.00938	0.00636	0.00592	0.00191	0.00716	0.00538	0.00400	0.00779
4	0.01677	0.01144	0.01261	0.01067	0.01374	0.01228	0.00842	0.35315	0.07747	0.06984	0.02027	0.17722	0.01794	0.00952	0.00593	0.00185	0.00494	0.00789	0.15998	0.00806
5	0.01764	0.01071	0.01395	0.01108	0.01453	0.01088	0.08292	0.22131	0.01769	0.17852	0.01773	0.01887	0.01295	0.00897	0.04875	0.00211	0.00578	0.00575	0.29188	0.00798
6	0.01693	0.01927	0.15870	0.01588	0.01952	0.17110	0.08835	0.01986	0.01308	0.13576	0.01153	0.01385	0.00892	0.00753	0.01044	0.00205	0.27100	0.00505	0.00347	0.00771
7	0.01178	0.01031	0.01574	0.02044	0.34050	0.00971	0.01138	0.01486	0.01457	0.02105	0.30414	0.02594	0.02764	0.00782	0.00606	0.00166	0.00492	0.00713	0.00444	0.13992
8	0.00930	0.00725	0.01058	0.01380	0.14947	0.00710	0.00842	0.01099	0.01179	0.01588	0.02619	0.38016	0.02981	0.13213	0.01076	0.00285	0.00487	0.15834	0.00471	0.00561
9	0.00848	0.00621	0.00887	0.00887	0.00971	0.00705	0.00660	0.01015	0.00932	0.01326	0.01642	0.02644	0.01618	0.19949	0.61550	0.00872	0.01374	0.00681	0.00325	0.00493

[dist]
# distance from previous block
# <min> <max>
5	6

[block]
# block no. 8 follows, 39 sequences, length 7
# corresponding to MSA columns:
# 706-712
name=unknown_I
#
# <colnr> <probs for GDERKNQSTAVLIFYWHMCP>
#	G	D	E	R	K	N	Q	S	T	A	V	L	I	F	Y	W	H	M	C	P
0	0.01265	0.01701	0.17602	0.19442	0.02854	0.01501	0.25685	0.01693	0.01204	0.01693	0.01039	0.01451	0.00814	0.00656	0.00932	0.00210	0.18678	0.00563	0.00271	0.00746
1	0.00787	0.00582	0.00749	0.00858	0.00957	0.00545	0.00651	0.00951	0.01246	0.01607	0.03780	0.41916	0.18387	0.01713	0.00762	0.00242	0.00395	0.22819	0.00548	0.00504
2	0.00883	0.00702	0.00966	0.18463	0.01560	0.00767	0.00760	0.01053	0.01055	0.01375	0.02458	0.03359	0.16673	0.27979	0.18980	0.00497	0.00799	0.00810	0.00366	0.00495
3	0.01509	0.01120	0.01263	0.01082	0.01367	0.01200	0.00846	0.34481	0.07910	0.02804	0.18907	0.19990	0.02792	0.01095	0.00654	0.00196	0.00480	0.00931	0.00596	0.00776
4	0.01066	0.01012	0.01866	0.19061	0.02302	0.01031	0.25139	0.01348	0.01176	0.01564	0.01774	0.19834	0.01823	0.16967	0.01160	0.00285	0.00712	0.00918	0.00360	0.00602
5	0.19894	0.00691	0.00725	0.00704	0.00789	0.00733	0.00459	0.01042	0.00873	0.01466	0.01432	0.02723	0.01544	0.43351	0.02241	0.19407	0.00533	0.00656	0.00337	0.00400
6	0.00946	0.00790	0.00906	0.00773	0.01088	0.00628	0.00585	0.01138	0.01248	0.01731	0.03157	0.18628	0.26405	0.01083	0.00590	0.00156	0.00372	0.00924	0.00458	0.38395

[dist]
# distance from previous block
# <min> <max>
2	7

[block]
# block no. 9 follows, 39 sequences, length 18
# corresponding to MSA columns:
# 720-737
name=unknown_J
#
# <colnr> <probs for GDERKNQSTAVLIFYWHMCP>
#	G	D	E	R	K	N	Q	S	T	A	V	L	I	F	Y	W	H	M	C	P
0	0.57966	0.00975	0.00821	0.00752	0.01022	0.01096	0.00580	0.01502	0.01061	0.02340	0.09861	0.01927	0.01517	0.15464	0.00906	0.00258	0.00460	0.00513	0.00400	0.00580
1	0.01669	0.16381	0.01717	0.01070	0.01470	0.01499	0.00880	0.32341	0.01822	0.02453	0.01323	0.01761	0.01154	0.15425	0.00980	0.00226	0.00594	0.00520	0.00438	0.16278
2	0.17213	0.10379	0.01539	0.01412	0.15586	0.01210	0.00949	0.03782	0.02562	0.22054	0.01540	0.01613	0.01131	0.00627	0.00492	0.00167	0.00510	0.00490	0.15935	0.00810
3	0.16636	0.01072	0.01606	0.63216	0.03522	0.01319	0.01455	0.01557	0.01152	0.01731	0.01013	0.01467	0.00765	0.00587	0.00551	0.00195	0.00727	0.00488	0.00284	0.00656
4	0.16968	0.01354	0.01712	0.01418	0.01609	0.01711	0.04671	0.15432	0.01314	0.02128	0.00935	0.01277	0.00806	0.00857	0.01324	0.00227	0.44693	0.00494	0.00347	0.00725
5	0.01603	0.01233	0.15196	0.01049	0.01452	0.00840	0.00980	0.01921	0.03624	0.31319	0.02980	0.17085	0.16055	0.01064	0.00641	0.00199	0.00504	0.00900	0.00569	0.00784
6	0.17807	0.00937	0.01071	0.00878	0.01232	0.00909	0.00713	0.04838	0.01480	0.39123	0.01903	0.01846	0.01307	0.00687	0.00503	0.00171	0.00440	0.00529	0.22811	0.00815
7	0.00751	0.00554	0.00691	0.00761	0.00845	0.00506	0.00525	0.00889	0.01265	0.01676	0.17286	0.47272	0.17601	0.05457	0.00846	0.00239	0.00336	0.01445	0.00560	0.00495
8	0.01118	0.16881	0.33519	0.01199	0.01679	0.01243	0.01306	0.01467	0.01147	0.01579	0.01586	0.16330	0.01617	0.15629	0.01027	0.00259	0.00672	0.00730	0.00329	0.00683
9	0.16488	0.00777	0.00909	0.15565	0.01405	0.00861	0.00662	0.01155	0.00953	0.01506	0.01515	0.02883	0.01606	0.49138	0.02044	0.00428	0.00595	0.00695	0.00343	0.00472
10	0.01195	0.01101	0.00957	0.00862	0.01020	0.15339	0.00577	0.01272	0.01090	0.01357	0.01531	0.02835	0.01645	0.49120	0.02047	0.00401	0.00645	0.00673	0.00348	0.15986
11	0.01440	0.34684	0.01977	0.01002	0.01331	0.01609	0.00861	0.15324	0.01398	0.01797	0.01283	0.01857	0.01209	0.16131	0.15352	0.00377	0.00806	0.00522	0.00352	0.00690
12	0.01958	0.02049	0.22413	0.01454	0.02038	0.01708	0.01420	0.53615	0.02357	0.03216	0.01325	0.01379	0.00939	0.00672	0.00585	0.00181	0.00714	0.00508	0.00498	0.00971
13	0.01255	0.15634	0.01412	0.01256	0.15313	0.01066	0.00815	0.01524	0.01242	0.01962	0.01550	0.01837	0.01264	0.00810	0.04188	0.00184	0.00491	0.00508	0.47024	0.00666
14	0.00856	0.00584	0.00726	0.00706	0.00804	0.00545	0.00493	0.00955	0.01288	0.01740	0.33953	0.04063	0.17213	0.16483	0.01450	0.15840	0.00386	0.00959	0.00502	0.00454
15	0.01508	0.23416	0.06770	0.01711	0.15575	0.16078	0.07562	0.01742	0.01279	0.01537	0.01144	0.01703	0.01072	0.15387	0.00986	0.00236	0.00767	0.00514	0.00296	0.00716
16	0.01779	0.01315	0.01970	0.16691	0.33809	0.01372	0.01472	0.15810	0.01661	0.16167	0.01395	0.01587	0.01026	0.00616	0.00592	0.00182	0.00673	0.00542	0.00429	0.00913
17	0.16366	0.00688	0.00749	0.00737	0.00911	0.00677	0.00551	0.01127	0.01383	0.02113	0.34249	0.18042	0.17789	0.01262	0.00646	0.00198	0.00329	0.01078	0.00558	0.00548

[dist]
# distance from previous block
# <min> <max>
0	2

[block]
# block no. 10 follows, 39 sequences, length 9
# corresponding to MSA columns:
# 740-748
name=unknown_K
#
# <colnr> <probs for GDERKNQSTAVLIFYWHMCP>
#	G	D	E	R	K	N	Q	S	T	A	V	L	I	F	Y	W	H	M	C	P
0	0.01579	0.25838	0.34913	0.01398	0.02058	0.01784	0.01557	0.20294	0.01629	0.02205	0.01081	0.01202	0.00818	0.00583	0.00514	0.00166	0.00743	0.00425	0.00339	0.00873
1	0.08614	0.01213	0.02268	0.21376	0.02727	0.01243	0.33827	0.01613	0.01336	0.01919	0.12513	0.05578	0.01701	0.00699	0.00643	0.00197	0.00754	0.00722	0.00361	0.00696
2	0.01277	0.06020	0.53627	0.01531	0.02250	0.01442	0.01811	0.02195	0.20091	0.02006	0.01397	0.01482	0.01021	0.00621	0.00564	0.00188	0.00759	0.00491	0.00340	0.00885
3	0.01431	0.01438	0.02653	0.06654	0.53686	0.01424	0.20229	0.01822	0.01352	0.01903	0.01131	0.01503	0.00920	0.00522	0.00615	0.00183	0.00782	0.00571	0.00293	0.00888
4	0.01286	0.01021	0.01186	0.00983	0.01375	0.00929	0.00778	0.01895	0.20103	0.05574	0.01858	0.09320	0.01658	0.00787	0.00552	0.00152	0.00450	0.07001	0.00470	0.42623
5	0.22347	0.02566	0.56774	0.01452	0.02195	0.01361	0.01787	0.01838	0.01186	0.02074	0.01000	0.01174	0.00721	0.00559	0.00511	0.00186	0.00767	0.00407	0.00280	0.00814
6	0.01330	0.11368	0.13645	0.01110	0.01604	0.01237	0.01036	0.02003	0.20083	0.03926	0.01563	0.06968	0.01310	0.00669	0.00519	0.00151	0.00536	0.00543	0.00411	0.29988
7	0.01344	0.01138	0.01442	0.01702	0.20387	0.04331	0.01049	0.02083	0.26273	0.05674	0.14849	0.12851	0.02469	0.00935	0.00632	0.00194	0.00505	0.00825	0.00517	0.00800
8	0.01197	0.01086	0.01506	0.28525	0.02380	0.01122	0.01122	0.01488	0.01165	0.01706	0.01012	0.01361	0.00830	0.00578	0.00706	0.00151	0.11603	0.00437	0.00306	0.41720

[dist]
# distance from previous block
# <min> <max>
0	1

[block]
# block no. 11 follows, 39 sequences, length 9
# corresponding to MSA columns:
# 750-758
name=unknown_L
#
# <colnr> <probs for GDERKNQSTAVLIFYWHMCP>
#	G	D	E	R	K	N	Q	S	T	A	V	L	I	F	Y	W	H	M	C	P
0	0.00865	0.00715	0.00934	0.01088	0.11405	0.00652	0.00688	0.01097	0.01484	0.01968	0.34214	0.04561	0.35656	0.01240	0.00682	0.00191	0.00348	0.01071	0.00555	0.00586
1	0.01260	0.17347	0.62511	0.01560	0.02365	0.01554	0.01966	0.01854	0.01240	0.01783	0.01017	0.01193	0.00751	0.00551	0.00528	0.00176	0.00829	0.00414	0.00250	0.00853
2	0.00803	0.00627	0.00849	0.00929	0.00958	0.00672	0.00656	0.00910	0.01100	0.01497	0.02901	0.67642	0.03459	0.01735	0.00926	0.00243	0.11568	0.01513	0.00507	0.00504
3	0.01378	0.40273	0.40622	0.01358	0.02053	0.01844	0.01614	0.01823	0.01226	0.01639	0.00945	0.01103	0.00754	0.00535	0.00473	0.00158	0.00757	0.00378	0.00251	0.00818
4	0.01268	0.12898	0.56282	0.01711	0.02498	0.01518	0.12102	0.01862	0.01263	0.01813	0.01049	0.01258	0.00771	0.00546	0.00557	0.00181	0.00860	0.00458	0.00257	0.00848
5	0.01313	0.01102	0.01079	0.01020	0.01240	0.08813	0.00763	0.09601	0.21302	0.02118	0.02332	0.28341	0.02267	0.01107	0.00614	0.00194	0.00478	0.00947	0.12362	0.03006
6	0.10210	0.01365	0.01548	0.01257	0.01558	0.01592	0.01033	0.38461	0.01990	0.02871	0.11853	0.01775	0.01573	0.00843	0.00905	0.00199	0.19067	0.00584	0.00497	0.00818
7	0.44516	0.01487	0.01288	0.09370	0.01715	0.12123	0.00930	0.18147	0.01524	0.02603	0.00997	0.01147	0.00757	0.00599	0.00465	0.00179	0.00623	0.00399	0.00397	0.00732
8	0.28988	0.01521	0.01714	0.01334	0.01783	0.04403	0.11185	0.37002	0.01956	0.03028	0.01172	0.01280	0.00860	0.00623	0.00530	0.00181	0.00651	0.00480	0.00465	0.00843

[dist]
# distance from previous block
# <min> <max>
9	10

[block]
# block no. 12 follows, 39 sequences, length 35
# corresponding to MSA columns:
# 774-808
name=unknown_M
#
# <colnr> <probs for GDERKNQSTAVLIFYWHMCP>
#	G	D	E	R	K	N	Q	S	T	A	V	L	I	F	Y	W	H	M	C	P
0	0.01168	0.02527	0.56445	0.21851	0.02961	0.01358	0.02041	0.01777	0.01231	0.01777	0.01059	0.01335	0.00760	0.00570	0.00570	0.00190	0.00851	0.00460	0.00253	0.00816
1	0.01203	0.02546	0.56445	0.19497	0.02892	0.01374	0.02025	0.03996	0.01280	0.01845	0.01070	0.01331	0.00766	0.00573	0.00570	0.00189	0.00847	0.00461	0.00263	0.00827
2	0.01266	0.01179	0.01756	0.01254	0.01797	0.00954	0.17719	0.01584	0.01266	0.01919	0.01085	0.01313	0.00881	0.00452	0.00499	0.00114	0.00569	0.00432	0.00338	0.63623
3	0.01409	0.01269	0.01992	0.01912	0.19104	0.01198	0.15191	0.03987	0.05062	0.05105	0.02509	0.01571	0.02226	0.00578	0.00648	0.00157	0.05629	0.00528	0.00365	0.29560
4	0.05437	0.01181	0.13860	0.01067	0.01401	0.00865	0.03463	0.05397	0.01467	0.13781	0.19659	0.23079	0.04676	0.01118	0.00651	0.00200	0.00488	0.00975	0.00536	0.00697
5	0.01560	0.01285	0.01748	0.01761	0.18979	0.01104	0.04970	0.01841	0.04120	0.06528	0.01463	0.04120	0.01240	0.00671	0.00598	0.00167	0.00599	0.00545	0.00438	0.46264
6	0.06680	0.19525	0.34320	0.01659	0.02325	0.05445	0.18443	0.01871	0.01279	0.01800	0.01017	0.01235	0.00780	0.00536	0.00539	0.00175	0.00832	0.00461	0.00272	0.00806
7	0.55305	0.01071	0.00903	0.00799	0.01137	0.01187	0.00648	0.09253	0.01277	0.02522	0.02098	0.02118	0.18159	0.00788	0.00468	0.00186	0.00441	0.00560	0.00433	0.00647
8	0.08763	0.01546	0.01621	0.01278	0.01721	0.02857	0.01046	0.53539	0.11564	0.07764	0.01542	0.01511	0.01100	0.00708	0.00574	0.00181	0.00610	0.00534	0.00578	0.00962
9	0.01459	0.09400	0.52606	0.01591	0.02301	0.19126	0.01843	0.01979	0.01345	0.01733	0.01007	0.01181	0.00753	0.00568	0.00540	0.00174	0.00899	0.00414	0.00263	0.00820
10	0.01533	0.01236	0.01768	0.01375	0.01761	0.01247	0.17806	0.27548	0.01815	0.02540	0.01716	0.14645	0.01532	0.00825	0.00605	0.00179	0.00607	0.00751	0.12050	0.08462
11	0.01247	0.01028	0.01124	0.00936	0.01309	0.00983	0.00734	0.04612	0.25866	0.04075	0.02841	0.02747	0.20608	0.00854	0.00571	0.00161	0.00422	0.00704	0.00506	0.28671
12	0.01818	0.01444	0.01360	0.01072	0.01520	0.18612	0.00845	0.02043	0.01451	0.21008	0.01390	0.02756	0.01055	0.00579	0.00507	0.00130	0.00600	0.00444	0.00442	0.40922
13	0.01288	0.01438	0.06615	0.10839	0.19862	0.01325	0.36035	0.01702	0.01321	0.01813	0.01403	0.10902	0.01252	0.00683	0.00659	0.00198	0.00819	0.00744	0.00321	0.00780
14	0.00909	0.00730	0.01135	0.18936	0.01752	0.00869	0.00941	0.01157	0.01002	0.01399	0.01467	0.02190	0.01335	0.05521	0.57050	0.00764	0.01371	0.00614	0.00305	0.00554
15	0.01331	0.00828	0.00965	0.00842	0.01069	0.00858	0.04292	0.15462	0.01556	0.02458	0.01870	0.02309	0.01507	0.00744	0.00489	0.00157	0.00403	0.05136	0.57073	0.00652
16	0.00991	0.00783	0.01041	0.01010	0.01169	0.00911	0.00785	0.01545	0.18163	0.01631	0.01777	0.02296	0.01555	0.03585	0.59014	0.00775	0.01323	0.00642	0.00384	0.00624
17	0.01514	0.66518	0.15563	0.01127	0.01696	0.02175	0.01212	0.01788	0.01210	0.01473	0.00863	0.01000	0.00757	0.00515	0.00411	0.00137	0.00674	0.00337	0.00252	0.00779
18	0.47598	0.01315	0.01206	0.01012	0.01405	0.01499	0.00827	0.23387	0.11900	0.02949	0.01225	0.01274	0.00914	0.00633	0.00467	0.00184	0.00517	0.00433	0.00467	0.00791
19	0.01003	0.00737	0.00807	0.00776	0.00854	0.00784	0.00494	0.01394	0.18094	0.01457	0.01991	0.03480	0.02069	0.60856	0.02446	0.00486	0.00549	0.00815	0.00415	0.00494
20	0.01309	0.19437	0.01665	0.00908	0.01429	0.01152	0.00774	0.01555	0.01221	0.01802	0.00998	0.01161	0.00849	0.00454	0.00424	0.00097	0.00483	0.00342	0.00328	0.63614
21	0.01068	0.01816	0.35289	0.05952	0.05657	0.01056	0.01445	0.01598	0.04775	0.02029	0.25988	0.06556	0.02592	0.00858	0.00622	0.00190	0.00614	0.00736	0.00419	0.00740
22	0.00775	0.00554	0.00749	0.00886	0.00944	0.00527	0.00644	0.00918	0.01186	0.01571	0.03229	0.61934	0.03792	0.01801	0.00769	0.00248	0.00390	0.18041	0.00548	0.00495
23	0.01247	0.01213	0.02119	0.47735	0.17816	0.01368	0.12029	0.01724	0.05627	0.01707	0.01165	0.01595	0.00894	0.00578	0.00606	0.00193	0.00783	0.00559	0.00294	0.00749
24	0.01807	0.00863	0.01101	0.00893	0.01251	0.00731	0.00710	0.01985	0.01463	0.40183	0.02974	0.06310	0.18755	0.01009	0.00716	0.05508	0.00440	0.00760	0.00598	0.11945
25	0.01111	0.04998	0.48250	0.01550	0.05844	0.01211	0.05550	0.01628	0.01283	0.01796	0.02217	0.02308	0.18220	0.00774	0.00596	0.00188	0.00729	0.00641	0.00325	0.00781
26	0.00721	0.00515	0.00686	0.00823	0.00858	0.00480	0.00549	0.00823	0.01132	0.01510	0.03259	0.78831	0.03911	0.01853	0.00755	0.00240	0.00343	0.01681	0.00549	0.00480
27	0.00822	0.00579	0.00634	0.00634	0.00681	0.00556	0.00380	0.00857	0.00974	0.01252	0.02830	0.04296	0.19275	0.61019	0.02469	0.00486	0.00509	0.00951	0.00403	0.00391
28	0.01161	0.19655	0.42066	0.01280	0.01913	0.01386	0.01515	0.01610	0.01261	0.01700	0.02162	0.02222	0.18205	0.00768	0.00553	0.00177	0.00685	0.00600	0.00321	0.00760
29	0.01533	0.01181	0.01522	0.16487	0.02042	0.01295	0.04397	0.33000	0.01888	0.03713	0.01900	0.24590	0.01833	0.01018	0.00645	0.00201	0.00600	0.00883	0.00502	0.00770
30	0.01396	0.01400	0.01267	0.01021	0.01436	0.18560	0.00786	0.01613	0.01320	0.01764	0.01285	0.10528	0.01214	0.00648	0.00498	0.00121	0.00574	0.00518	0.00364	0.53686
31	0.01243	0.01321	0.02725	0.07914	0.02650	0.01262	0.50773	0.01682	0.01444	0.01976	0.18517	0.02255	0.01985	0.00672	0.00690	0.00196	0.00813	0.00772	0.00379	0.00731
32	0.01557	0.26465	0.36075	0.01401	0.02066	0.01781	0.01573	0.18626	0.01593	0.02158	0.01071	0.01196	0.00812	0.00579	0.00512	0.00166	0.00747	0.00422	0.00331	0.00869
33	0.20537	0.01371	0.02469	0.01836	0.02307	0.01365	0.43424	0.01739	0.01251	0.02024	0.01211	0.06392	0.01024	0.00623	0.00675	0.00195	0.04946	0.00642	0.00332	0.05637
34	0.01545	0.00891	0.01180	0.00974	0.01324	0.00753	0.03024	0.01779	0.02618	0.25983	0.02183	0.25585	0.02026	0.00981	0.00599	0.00172	0.00448	0.00860	0.00539	0.26534

[dist]
# distance from previous block
# <min> <max>
6	13

[block]
# block no. 13 follows, 39 sequences, length 8
# corresponding to MSA columns:
# 823-830
name=unknown_N
#
# <colnr> <probs for GDERKNQSTAVLIFYWHMCP>
#	G	D	E	R	K	N	Q	S	T	A	V	L	I	F	Y	W	H	M	C	P
0	0.02107	0.01531	0.01634	0.01343	0.01691	0.01606	0.01019	0.49902	0.02352	0.03181	0.01827	0.02515	0.01605	0.22927	0.01396	0.00344	0.00724	0.00719	0.00616	0.00962
1	0.02769	0.01398	0.01681	0.01337	0.01807	0.01312	0.01063	0.22846	0.02160	0.52386	0.02316	0.02225	0.01592	0.00918	0.00720	0.00236	0.00647	0.00669	0.00776	0.01144
2	0.01524	0.01259	0.01429	0.01082	0.01613	0.00965	0.00831	0.01693	0.01411	0.02191	0.01352	0.01643	0.01161	0.00645	0.00571	0.00147	0.00543	0.00453	0.00452	0.79036
3	0.02307	0.23778	0.02315	0.01458	0.01935	0.07612	0.01204	0.44928	0.02367	0.03082	0.01498	0.01669	0.01197	0.00839	0.00654	0.00216	0.00771	0.00555	0.00566	0.01051
4	0.02175	0.01525	0.01608	0.01317	0.01703	0.01600	0.01034	0.50047	0.02459	0.03478	0.01845	0.02047	0.01427	0.00898	0.00668	0.00221	0.00640	0.00632	0.23659	0.01016
5	0.01226	0.01051	0.01226	0.00876	0.01401	0.00788	0.00701	0.01489	0.01226	0.01927	0.01051	0.01226	0.00876	0.00438	0.00438	0.00088	0.00438	0.00350	0.00350	0.82832
6	0.02042	0.00871	0.01173	0.00980	0.01322	0.00756	0.00771	0.02238	0.01513	0.51500	0.02531	0.23525	0.02122	0.01032	0.00632	0.00194	0.00455	0.00888	0.00662	0.04793
7	0.01226	0.01051	0.01226	0.00876	0.01401	0.00788	0.00701	0.01489	0.01226	0.01927	0.01051	0.01226	0.00876	0.00438	0.00438	0.00088	0.00438	0.00350	0.00350	0.82832

[dist]
# distance from previous block
# <min> <max>
0	3

[block]
# block no. 14 follows, 39 sequences, length 20
# corresponding to MSA columns:
# 834-853
name=unknown_O
#
# <colnr> <probs for GDERKNQSTAVLIFYWHMCP>
#	G	D	E	R	K	N	Q	S	T	A	V	L	I	F	Y	W	H	M	C	P
0	0.01448	0.01376	0.02280	0.03349	0.67620	0.01368	0.01706	0.01849	0.04371	0.01954	0.01162	0.01479	0.00969	0.00533	0.00577	0.00171	0.00676	0.00521	0.00309	0.06283
1	0.01385	0.01560	0.03342	0.02387	0.02980	0.01449	0.68635	0.01868	0.01385	0.01896	0.01187	0.01571	0.00896	0.00495	0.00681	0.00192	0.00961	0.00675	0.00302	0.06153
2	0.01295	0.02503	0.50365	0.01725	0.02330	0.01539	0.05437	0.01786	0.01198	0.01804	0.01053	0.01372	0.00830	0.00741	0.00995	0.00221	0.23193	0.00495	0.00279	0.00837
3	0.00897	0.00672	0.00835	0.00926	0.01057	0.00630	0.00723	0.01095	0.02998	0.01721	0.03938	0.28982	0.22110	0.01682	0.00788	0.00253	0.00439	0.29127	0.00569	0.00558
4	0.01428	0.01346	0.02253	0.25048	0.54152	0.01412	0.01782	0.01770	0.01340	0.01870	0.01162	0.01588	0.00958	0.00591	0.00616	0.00194	0.00748	0.00548	0.00308	0.00888
5	0.00886	0.00650	0.00819	0.00846	0.00960	0.00607	0.00608	0.01124	0.04319	0.02045	0.38604	0.33319	0.07618	0.01506	0.00747	0.00223	0.00346	0.03574	0.00622	0.00576
6	0.02147	0.00912	0.01219	0.01031	0.01368	0.00796	0.00804	0.02319	0.01568	0.53717	0.02654	0.24265	0.02228	0.01099	0.00669	0.00212	0.00480	0.00929	0.00698	0.00886
7	0.01707	0.01654	0.03016	0.02195	0.02757	0.01625	0.51770	0.22615	0.01835	0.02483	0.01327	0.01635	0.00993	0.00605	0.00695	0.00205	0.00915	0.00670	0.00407	0.00891
8	0.01352	0.01227	0.01805	0.41044	0.16715	0.01410	0.01490	0.02084	0.22400	0.01932	0.01522	0.01828	0.01175	0.00685	0.00622	0.00206	0.00700	0.00588	0.00390	0.00825
9	0.01002	0.00777	0.01090	0.12991	0.03937	0.00799	0.00941	0.01282	0.04252	0.01834	0.13008	0.26076	0.03348	0.01441	0.00757	0.00245	0.00511	0.24568	0.00532	0.00610
10	0.26004	0.01093	0.01271	0.01018	0.01451	0.01040	0.00831	0.02583	0.01531	0.54047	0.01951	0.01795	0.01284	0.00723	0.00557	0.00195	0.00513	0.00536	0.00645	0.00932
11	0.01195	0.01308	0.02655	0.01946	0.02429	0.01208	0.52335	0.01593	0.01382	0.01809	0.02580	0.02777	0.22364	0.00787	0.00698	0.00199	0.00796	0.00857	0.00371	0.00712
12	0.01415	0.01373	0.02230	0.03030	0.54181	0.01522	0.01665	0.01702	0.01219	0.01785	0.01015	0.01415	0.00890	0.00674	0.00977	0.00200	0.23046	0.00524	0.00283	0.00853
13	0.25273	0.01224	0.01284	0.01078	0.01418	0.01383	0.00877	0.32663	0.01759	0.02762	0.01293	0.01539	0.01032	0.01700	0.21748	0.00394	0.00855	0.00499	0.00450	0.00767
14	0.01983	0.01045	0.01286	0.01072	0.01412	0.01025	0.00848	0.21949	0.01834	0.34372	0.02346	0.24015	0.02043	0.01049	0.00640	0.00198	0.00498	0.00891	0.00640	0.00854
15	0.08411	0.01105	0.01361	0.01083	0.01511	0.01068	0.00889	0.10183	0.10180	0.52185	0.02158	0.02036	0.01453	0.00751	0.00585	0.00187	0.00512	0.02715	0.00669	0.00957
16	0.00956	0.00674	0.00881	0.00885	0.01044	0.00651	0.00713	0.01295	0.05133	0.04365	0.42846	0.05033	0.07270	0.01327	0.00729	0.00216	0.00384	0.24405	0.00612	0.00583
17	0.01521	0.01226	0.01385	0.01016	0.01526	0.01090	0.00823	0.22285	0.01675	0.02446	0.01158	0.01282	0.00913	0.00516	0.00482	0.00114	0.00499	0.00403	0.00420	0.59220
18	0.01579	0.19352	0.38748	0.01445	0.02123	0.01717	0.01623	0.22536	0.01680	0.02303	0.01113	0.01233	0.00825	0.00592	0.00531	0.00171	0.00757	0.00438	0.00349	0.00887
19	0.00919	0.00742	0.01128	0.26888	0.02046	0.00818	0.01031	0.01167	0.01213	0.01582	0.02478	0.32670	0.02715	0.01366	0.00717	0.00235	0.00549	0.20728	0.00451	0.00558

[dist]
# distance from previous block
# <min> <max>
7	17

[block]
