[name]
unknown

[dist]
# distance from previous block
# <min> <max>
0	338

[block]
# block no. 0 follows, 38 sequences, length 10
# corresponding to MSA columns:
# 366-375
name=unknown_A
#
# <colnr> <probs for GDERKNQSTAVLIFYWHMCP>
#	G	D	E	R	K	N	Q	S	T	A	V	L	I	F	Y	W	H	M	C	P
0	0.01070	0.00882	0.01290	0.28452	0.02284	0.00996	0.01178	0.01541	0.09363	0.01804	0.06119	0.07814	0.02470	0.01176	0.00715	0.00235	0.00610	0.30902	0.00464	0.00637
1	0.02551	0.01261	0.01543	0.01183	0.01654	0.01236	0.00977	0.28094	0.02119	0.49800	0.02040	0.01831	0.01322	0.00737	0.00604	0.00184	0.00566	0.00582	0.00693	0.01024
2	0.01822	0.01840	0.01390	0.01249	0.01475	0.37461	0.00930	0.12967	0.01552	0.01685	0.01052	0.01408	0.00911	0.01163	0.01200	0.29687	0.00817	0.00460	0.00338	0.00592
3	0.01976	0.01663	0.02431	0.01797	0.02324	0.01742	0.26883	0.47577	0.02323	0.03123	0.01363	0.01508	0.00984	0.00645	0.00641	0.00189	0.00788	0.00602	0.00495	0.00947
4	0.00851	0.00615	0.00804	0.00757	0.00899	0.00568	0.00568	0.01135	0.01703	0.02412	0.74788	0.04494	0.05676	0.01230	0.00710	0.00189	0.00284	0.01088	0.00662	0.00568
5	0.00865	0.00623	0.00855	0.00855	0.00924	0.00691	0.00613	0.01003	0.00934	0.01314	0.01713	0.02928	0.01749	0.31172	0.50149	0.00829	0.01243	0.00727	0.00337	0.00475
6	0.00733	0.00524	0.00698	0.00838	0.00873	0.00489	0.00558	0.00838	0.01152	0.01536	0.03316	0.78466	0.03979	0.01885	0.00768	0.00244	0.00349	0.01710	0.00558	0.00489
7	0.00860	0.00604	0.00751	0.00721	0.00812	0.00573	0.00495	0.01042	0.01406	0.01966	0.48649	0.04294	0.04425	0.29067	0.01553	0.00330	0.00391	0.01012	0.00555	0.00495
8	0.01069	0.00828	0.01069	0.01030	0.01311	0.00732	0.00877	0.01343	0.01336	0.01858	0.02426	0.04800	0.02540	0.01226	0.00693	0.00210	0.00515	0.45704	0.00483	0.29952
9	0.01079	0.02216	0.48869	0.01371	0.01992	0.01100	0.01629	0.01629	0.01425	0.02087	0.27511	0.02426	0.02524	0.00808	0.00621	0.00190	0.00672	0.00675	0.00400	0.00774

[dist]
# distance from previous block
# <min> <max>
0	2

[block]
# block no. 1 follows, 38 sequences, length 42
# corresponding to MSA columns:
# 378-419
name=unknown_B
#
# <colnr> <probs for GDERKNQSTAVLIFYWHMCP>
#	G	D	E	R	K	N	Q	S	T	A	V	L	I	F	Y	W	H	M	C	P
0	0.00859	0.00645	0.00967	0.00967	0.01074	0.00752	0.00752	0.01074	0.00967	0.01396	0.01611	0.02363	0.01504	0.04512	0.76474	0.00967	0.01611	0.00645	0.00322	0.00537
1	0.01104	0.00566	0.00587	0.00587	0.00725	0.00573	0.00442	0.01381	0.01242	0.02188	0.01940	0.02251	0.01539	0.00948	0.05346	0.00194	0.00367	0.00566	0.76896	0.00559
2	0.02247	0.02867	0.01705	0.01550	0.01860	0.76443	0.01162	0.02402	0.01705	0.01472	0.00930	0.01085	0.00775	0.00620	0.00542	0.00155	0.01085	0.00387	0.00310	0.00697
3	0.83108	0.01163	0.00884	0.00791	0.01163	0.01350	0.00651	0.01768	0.01024	0.02699	0.00838	0.00977	0.00651	0.00558	0.00372	0.00186	0.00465	0.00326	0.00372	0.00651
4	0.83108	0.01163	0.00884	0.00791	0.01163	0.01350	0.00651	0.01768	0.01024	0.02699	0.00838	0.00977	0.00651	0.00558	0.00372	0.00186	0.00465	0.00326	0.00372	0.00651
5	0.01608	0.79220	0.03152	0.01029	0.01544	0.02380	0.01029	0.01801	0.01222	0.01415	0.00836	0.00965	0.00772	0.00515	0.00386	0.00129	0.00643	0.00322	0.00257	0.00772
6	0.00733	0.00524	0.00698	0.00838	0.00873	0.00489	0.00558	0.00838	0.01152	0.01536	0.03316	0.78466	0.03979	0.01885	0.00768	0.00244	0.00349	0.01710	0.00558	0.00489
7	0.02699	0.01024	0.01396	0.01070	0.01536	0.00884	0.00884	0.02932	0.01722	0.75522	0.02373	0.02048	0.01489	0.00745	0.00605	0.00186	0.00512	0.00605	0.00745	0.01024
8	0.01608	0.79220	0.03152	0.01029	0.01544	0.02380	0.01029	0.01801	0.01222	0.01415	0.00836	0.00965	0.00772	0.00515	0.00386	0.00129	0.00643	0.00322	0.00257	0.00772
9	0.00859	0.00645	0.00967	0.00967	0.01074	0.00752	0.00752	0.01074	0.00967	0.01396	0.01611	0.02363	0.01504	0.04512	0.76474	0.00967	0.01611	0.00645	0.00322	0.00537
10	0.00733	0.00524	0.00698	0.00838	0.00873	0.00489	0.00558	0.00838	0.01152	0.01536	0.03316	0.78466	0.03979	0.01885	0.00768	0.00244	0.00349	0.01710	0.00558	0.00489
11	0.01316	0.01316	0.01843	0.01579	0.01579	0.01843	0.01316	0.01448	0.00921	0.01448	0.00790	0.01316	0.00790	0.01053	0.01974	0.00263	0.77757	0.00526	0.00263	0.00658
12	0.01790	0.01377	0.01481	0.01256	0.01642	0.01551	0.00998	0.21699	0.50083	0.07977	0.02177	0.02019	0.01597	0.00786	0.00609	0.00197	0.00528	0.00638	0.00619	0.00976
13	0.01077	0.00845	0.01274	0.01643	0.16543	0.00845	0.01151	0.01371	0.01382	0.01834	0.02760	0.05689	0.02942	0.01429	0.00782	0.00257	0.00587	0.56452	0.00501	0.00637
14	0.18113	0.01089	0.01614	0.61544	0.03526	0.01339	0.01460	0.01585	0.01166	0.01778	0.01021	0.01474	0.00771	0.00593	0.00554	0.00198	0.00732	0.00491	0.00289	0.00665
15	0.01538	0.01283	0.01362	0.01219	0.01563	0.01475	0.00950	0.03187	0.71509	0.05051	0.02446	0.02238	0.01824	0.00814	0.00612	0.00203	0.00477	0.00678	0.00617	0.00955
16	0.00733	0.00524	0.00698	0.00838	0.00873	0.00489	0.00558	0.00838	0.01152	0.01536	0.03316	0.78466	0.03979	0.01885	0.00768	0.00244	0.00349	0.01710	0.00558	0.00489
17	0.02287	0.01685	0.01805	0.01384	0.01866	0.01866	0.01143	0.73100	0.02828	0.03791	0.01444	0.01444	0.01023	0.00722	0.00602	0.00181	0.00662	0.00542	0.00602	0.01023
18	0.01207	0.03112	0.75741	0.01715	0.02604	0.01397	0.02223	0.01905	0.01270	0.01905	0.01080	0.01270	0.00762	0.00572	0.00572	0.00191	0.00889	0.00445	0.00254	0.00889
19	0.01608	0.79220	0.03152	0.01029	0.01544	0.02380	0.01029	0.01801	0.01222	0.01415	0.00836	0.00965	0.00772	0.00515	0.00386	0.00129	0.00643	0.00322	0.00257	0.00772
20	0.01496	0.01292	0.01360	0.01224	0.01564	0.01496	0.00952	0.03197	0.74019	0.02516	0.02448	0.02244	0.01836	0.00816	0.00612	0.00204	0.00476	0.00680	0.00612	0.00952
21	0.00719	0.00610	0.00620	0.00617	0.00817	0.00511	0.00463	0.00878	0.01389	0.01668	0.09844	0.05719	0.71085	0.01508	0.00711	0.00202	0.00304	0.01260	0.00564	0.00511
22	0.01136	0.01069	0.01804	0.77412	0.04143	0.01337	0.01671	0.01537	0.01203	0.01537	0.01069	0.01604	0.00802	0.00601	0.00601	0.00200	0.00802	0.00535	0.00267	0.00668
23	0.00753	0.00542	0.00714	0.00816	0.00875	0.00503	0.00557	0.00891	0.01256	0.01693	0.15967	0.63186	0.06497	0.01758	0.00756	0.00233	0.00336	0.01587	0.00577	0.00503
24	0.00875	0.00583	0.00656	0.00656	0.00656	0.00583	0.00365	0.00875	0.00875	0.01166	0.01895	0.03937	0.02187	0.78858	0.03062	0.00583	0.00583	0.00875	0.00365	0.00365
25	0.00733	0.00524	0.00698	0.00838	0.00873	0.00489	0.00558	0.00838	0.01152	0.01536	0.03316	0.78466	0.03979	0.01885	0.00768	0.00244	0.00349	0.01710	0.00558	0.00489
26	0.01401	0.01587	0.03437	0.07384	0.03209	0.01509	0.68307	0.01902	0.01406	0.01902	0.01207	0.01621	0.00906	0.00513	0.00703	0.00203	0.01000	0.00699	0.00302	0.00802
27	0.01420	0.01623	0.03550	0.02535	0.03144	0.01521	0.72921	0.01927	0.01420	0.01927	0.01217	0.01623	0.00913	0.00507	0.00710	0.00203	0.01014	0.00710	0.00304	0.00811
28	0.00711	0.00609	0.00609	0.00609	0.00813	0.00508	0.00457	0.00863	0.01371	0.01625	0.06094	0.05789	0.74862	0.01524	0.00711	0.00203	0.00305	0.01270	0.00559	0.00508
29	0.02642	0.01036	0.01394	0.01078	0.01537	0.00913	0.00887	0.02944	0.05124	0.72087	0.02377	0.02057	0.01505	0.00748	0.00605	0.00187	0.00510	0.00608	0.00738	0.01020
30	0.83108	0.01163	0.00884	0.00791	0.01163	0.01350	0.00651	0.01768	0.01024	0.02699	0.00838	0.00977	0.00651	0.00558	0.00372	0.00186	0.00465	0.00326	0.00372	0.00651
31	0.02699	0.01024	0.01396	0.01070	0.01536	0.00884	0.00884	0.02932	0.01722	0.75522	0.02373	0.02048	0.01489	0.00745	0.00605	0.00186	0.00512	0.00605	0.00745	0.01024
32	0.00948	0.00678	0.00944	0.01073	0.01205	0.00673	0.00923	0.01214	0.01386	0.01814	0.06742	0.11314	0.03605	0.01655	0.00821	0.00271	0.00527	0.63098	0.00560	0.00550
33	0.01254	0.01230	0.02190	0.49483	0.18329	0.01396	0.12107	0.01654	0.01261	0.01679	0.01096	0.01576	0.00848	0.00586	0.00653	0.00198	0.02875	0.00560	0.00279	0.00747
34	0.00806	0.00584	0.00768	0.00860	0.00937	0.00557	0.00614	0.01015	0.03573	0.01778	0.18321	0.53282	0.04217	0.01691	0.00757	0.00235	0.00360	0.08537	0.00582	0.00526
35	0.00733	0.00524	0.00698	0.00838	0.00873	0.00489	0.00558	0.00838	0.01152	0.01536	0.03316	0.78466	0.03979	0.01885	0.00768	0.00244	0.00349	0.01710	0.00558	0.00489
36	0.01331	0.01360	0.02090	0.01718	0.01806	0.01796	0.11674	0.01517	0.00993	0.01517	0.00852	0.01360	0.00807	0.00974	0.01791	0.00254	0.66656	0.00553	0.00269	0.00680
37	0.07364	0.01607	0.01712	0.01326	0.01795	0.01774	0.01093	0.62785	0.05233	0.07052	0.01486	0.01472	0.01051	0.00716	0.00588	0.00182	0.00636	0.00536	0.00594	0.00997
38	0.01489	0.01429	0.02442	0.03692	0.75106	0.01429	0.01846	0.01846	0.01370	0.01965	0.01132	0.01489	0.00953	0.00536	0.00596	0.00179	0.00715	0.00536	0.00298	0.00953
39	0.80449	0.03710	0.00958	0.00799	0.01176	0.01383	0.00664	0.01769	0.01030	0.02657	0.00838	0.00977	0.00655	0.00557	0.00373	0.00184	0.00471	0.00326	0.00369	0.00655
40	0.00720	0.00610	0.00622	0.00619	0.00818	0.00512	0.00464	0.00881	0.01393	0.01676	0.10543	0.05706	0.70381	0.01505	0.00711	0.00202	0.00303	0.01258	0.00565	0.00512
41	0.00711	0.00609	0.00609	0.00609	0.00813	0.00508	0.00457	0.00863	0.01371	0.01625	0.06094	0.05789	0.74862	0.01524	0.00711	0.00203	0.00305	0.01270	0.00559	0.00508

[dist]
# distance from previous block
# <min> <max>
0	1

[block]
# block no. 2 follows, 38 sequences, length 13
# corresponding to MSA columns:
# 421-433
name=unknown_C
#
# <colnr> <probs for GDERKNQSTAVLIFYWHMCP>
#	G	D	E	R	K	N	Q	S	T	A	V	L	I	F	Y	W	H	M	C	P
0	0.01136	0.01069	0.01804	0.77412	0.04143	0.01337	0.01671	0.01537	0.01203	0.01537	0.01069	0.01604	0.00802	0.00601	0.00601	0.00200	0.00802	0.00535	0.00267	0.00668
1	0.01608	0.79220	0.03152	0.01029	0.01544	0.02380	0.01029	0.01801	0.01222	0.01415	0.00836	0.00965	0.00772	0.00515	0.00386	0.00129	0.00643	0.00322	0.00257	0.00772
2	0.00733	0.00524	0.00698	0.00838	0.00873	0.00489	0.00558	0.00838	0.01152	0.01536	0.03316	0.78466	0.03979	0.01885	0.00768	0.00244	0.00349	0.01710	0.00558	0.00489
3	0.01489	0.01429	0.02442	0.03692	0.75106	0.01429	0.01846	0.01846	0.01370	0.01965	0.01132	0.01489	0.00953	0.00536	0.00596	0.00179	0.00715	0.00536	0.00298	0.00953
4	0.01247	0.01069	0.01247	0.00891	0.01426	0.00802	0.00713	0.01515	0.01247	0.01960	0.01069	0.01247	0.00891	0.00446	0.00446	0.00089	0.00446	0.00356	0.00356	0.82536
5	0.01420	0.01623	0.03550	0.02535	0.03144	0.01521	0.72921	0.01927	0.01420	0.01927	0.01217	0.01623	0.00913	0.00507	0.00710	0.00203	0.01014	0.00710	0.00304	0.00811
6	0.02247	0.02867	0.01705	0.01550	0.01860	0.76443	0.01162	0.02402	0.01705	0.01472	0.00930	0.01085	0.00775	0.00620	0.00542	0.00155	0.01085	0.00387	0.00310	0.00697
7	0.00720	0.00604	0.00616	0.00622	0.00808	0.00510	0.00457	0.00863	0.01338	0.01600	0.05771	0.09067	0.68219	0.05119	0.00822	0.00223	0.00320	0.01272	0.00550	0.00500
8	0.00733	0.00524	0.00698	0.00838	0.00873	0.00489	0.00558	0.00838	0.01152	0.01536	0.03316	0.78466	0.03979	0.01885	0.00768	0.00244	0.00349	0.01710	0.00558	0.00489
9	0.00733	0.00524	0.00698	0.00838	0.00873	0.00489	0.00558	0.00838	0.01152	0.01536	0.03316	0.78466	0.03979	0.01885	0.00768	0.00244	0.00349	0.01710	0.00558	0.00489
10	0.02325	0.01624	0.01768	0.01355	0.01835	0.01775	0.01119	0.66615	0.02726	0.10420	0.01530	0.01500	0.01066	0.00724	0.00602	0.00181	0.00648	0.00547	0.00615	0.01023
11	0.01782	0.02094	0.01441	0.01332	0.01562	0.49548	0.01004	0.01948	0.01449	0.01473	0.01172	0.01572	0.01043	0.05295	0.17973	0.00363	0.03918	0.00482	0.03911	0.00637
12	0.01316	0.01088	0.01261	0.00929	0.01419	0.00890	0.00743	0.08983	0.01459	0.02198	0.08562	0.01596	0.01389	0.00554	0.00489	0.00109	0.00452	0.00450	0.00413	0.65700

[dist]
# distance from previous block
# <min> <max>
0	1

[block]
# block no. 3 follows, 38 sequences, length 13
# corresponding to MSA columns:
# 435-447
name=unknown_D
#
# <colnr> <probs for GDERKNQSTAVLIFYWHMCP>
#	G	D	E	R	K	N	Q	S	T	A	V	L	I	F	Y	W	H	M	C	P
0	0.74848	0.01188	0.00961	0.00838	0.01221	0.01359	0.00690	0.05992	0.01160	0.05962	0.00941	0.01052	0.00710	0.00576	0.00396	0.00186	0.00479	0.00351	0.00402	0.00690
1	0.01168	0.01067	0.01777	0.65296	0.10436	0.01291	0.01600	0.01556	0.01222	0.01625	0.01137	0.01638	0.00867	0.00602	0.00588	0.00194	0.00758	0.00537	0.05954	0.00687
2	0.01284	0.01220	0.02072	0.46457	0.33940	0.01376	0.01744	0.01667	0.01273	0.01717	0.01095	0.01556	0.00865	0.00574	0.00599	0.00191	0.00765	0.00535	0.00280	0.00788
3	0.02461	0.01340	0.01584	0.01221	0.01689	0.01362	0.01007	0.35352	0.05113	0.39482	0.01947	0.01777	0.01288	0.00737	0.00604	0.00184	0.00580	0.00579	0.00673	0.01021
4	0.01951	0.02352	0.01718	0.01536	0.01766	0.51699	0.01189	0.02204	0.06372	0.01536	0.00995	0.01224	0.00850	0.00747	0.00925	0.00187	0.21283	0.00444	0.00318	0.00704
5	0.01432	0.01162	0.01322	0.00975	0.01465	0.01001	0.00777	0.15811	0.01540	0.02276	0.01197	0.01458	0.01000	0.05495	0.00643	0.00139	0.00498	0.00427	0.00406	0.60977
6	0.02252	0.02710	0.01718	0.01528	0.01861	0.66559	0.01160	0.11772	0.01854	0.01780	0.00998	0.01132	0.00808	0.00633	0.00550	0.00158	0.01029	0.00408	0.00349	0.00741
7	0.02215	0.02656	0.01723	0.01530	0.01849	0.64070	0.01166	0.11267	0.01815	0.01763	0.00989	0.01139	0.00807	0.00650	0.00607	0.00163	0.04096	0.00412	0.00345	0.00737
8	0.00918	0.00790	0.00808	0.00772	0.01011	0.00769	0.00588	0.01479	0.20548	0.01860	0.05132	0.04854	0.55585	0.01337	0.00685	0.00203	0.00350	0.01114	0.00573	0.00625
9	0.01132	0.00935	0.01476	0.57126	0.03235	0.01132	0.01341	0.01501	0.01218	0.01723	0.01305	0.01773	0.00997	0.00628	0.00554	0.00185	0.00664	0.00542	0.21894	0.00640
10	0.00793	0.00613	0.00723	0.00695	0.00863	0.00543	0.00522	0.01022	0.01565	0.02084	0.46169	0.05033	0.34500	0.01352	0.00710	0.00195	0.00293	0.01164	0.00619	0.00543
11	0.01489	0.01429	0.02442	0.03692	0.75106	0.01429	0.01846	0.01846	0.01370	0.01965	0.01132	0.01489	0.00953	0.00536	0.00596	0.00179	0.00715	0.00536	0.00298	0.00953
12	0.00711	0.00609	0.00609	0.00609	0.00813	0.00508	0.00457	0.00863	0.01371	0.01625	0.06094	0.05789	0.74862	0.01524	0.00711	0.00203	0.00305	0.01270	0.00559	0.00508

[dist]
# distance from previous block
# <min> <max>
0	5

[block]
# block no. 4 follows, 38 sequences, length 21
# corresponding to MSA columns:
# 453-473
name=unknown_E
#
# <colnr> <probs for GDERKNQSTAVLIFYWHMCP>
#	G	D	E	R	K	N	Q	S	T	A	V	L	I	F	Y	W	H	M	C	P
0	0.34372	0.01079	0.01194	0.00960	0.01389	0.01067	0.00793	0.02473	0.01447	0.46837	0.01768	0.01626	0.01159	0.00671	0.00513	0.00186	0.00494	0.00495	0.00598	0.00877
1	0.01450	0.49241	0.31745	0.01299	0.01961	0.01993	0.01499	0.01842	0.01241	0.01608	0.00932	0.01085	0.00768	0.00537	0.00459	0.00153	0.00740	0.00370	0.00256	0.00818
2	0.01006	0.01579	0.30232	0.01073	0.01423	0.00904	0.01096	0.01281	0.01031	0.01457	0.01574	0.02886	0.01626	0.48021	0.02081	0.00429	0.00704	0.00705	0.00321	0.00571
3	0.50863	0.01126	0.01027	0.00830	0.01267	0.01134	0.00676	0.01668	0.01112	0.02408	0.00929	0.01084	0.00746	0.00514	0.00401	0.00148	0.00458	0.00338	0.00366	0.32906
4	0.01431	0.01017	0.01109	0.00943	0.01133	0.01088	0.00671	0.29324	0.01644	0.02200	0.01718	0.02955	0.01729	0.48080	0.02093	0.00425	0.00614	0.00744	0.00458	0.00624
5	0.01925	0.00827	0.01121	0.00979	0.01274	0.00728	0.00756	0.02107	0.01497	0.46379	0.02744	0.32149	0.02470	0.01194	0.00669	0.00209	0.00448	0.01040	0.00671	0.00813
6	0.00977	0.00854	0.01369	0.47250	0.02855	0.01003	0.01233	0.01262	0.01183	0.01536	0.01954	0.31880	0.02053	0.01107	0.00667	0.00218	0.00624	0.00998	0.00382	0.00598
7	0.01107	0.00954	0.01548	0.02040	0.30235	0.01019	0.01183	0.01378	0.01126	0.01621	0.01422	0.02019	0.01287	0.02946	0.46586	0.00656	0.01258	0.00602	0.00313	0.00701
8	0.00724	0.00557	0.00663	0.00748	0.00849	0.00496	0.00518	0.00848	0.01238	0.01571	0.04410	0.49838	0.31900	0.01742	0.00745	0.00228	0.00332	0.01537	0.00559	0.00496
9	0.01447	0.01547	0.03113	0.02991	0.31490	0.01485	0.44924	0.01895	0.01400	0.01942	0.01183	0.01570	0.00929	0.00518	0.00665	0.00193	0.00896	0.00641	0.00302	0.00867
10	0.01952	0.01685	0.01606	0.01340	0.01739	0.12029	0.01066	0.34160	0.32370	0.02939	0.01792	0.01728	0.01328	0.00747	0.00598	0.00187	0.00643	0.00578	0.00566	0.00948
11	0.02247	0.02867	0.01705	0.01550	0.01860	0.76443	0.01162	0.02402	0.01705	0.01472	0.00930	0.01085	0.00775	0.00620	0.00542	0.00155	0.01085	0.00387	0.00310	0.00697
12	0.00969	0.00692	0.00969	0.01108	0.01246	0.00692	0.00969	0.01246	0.01385	0.01800	0.03185	0.06786	0.03462	0.01662	0.00831	0.00277	0.00554	0.71057	0.00554	0.00554
13	0.01029	0.00641	0.00808	0.00892	0.01031	0.00641	0.00753	0.01308	0.01336	0.01975	0.02704	0.04996	0.02706	0.01283	0.00669	0.00223	0.00446	0.43288	0.32714	0.00557
14	0.34372	0.01079	0.01194	0.00960	0.01389	0.01067	0.00793	0.02473	0.01447	0.46837	0.01768	0.01626	0.01159	0.00671	0.00513	0.00186	0.00494	0.00495	0.00598	0.00877
15	0.02537	0.01284	0.01557	0.01194	0.01666	0.01271	0.00986	0.30571	0.02158	0.47267	0.02007	0.01810	0.01306	0.00736	0.00604	0.00184	0.00571	0.00580	0.00688	0.01023
16	0.01808	0.01447	0.01536	0.01287	0.01683	0.01642	0.01028	0.30732	0.45977	0.03019	0.02053	0.01929	0.01516	0.00779	0.00608	0.00195	0.00549	0.00626	0.00608	0.00980
17	0.00780	0.00560	0.00740	0.00806	0.00883	0.00520	0.00562	0.00955	0.01369	0.01881	0.31469	0.49328	0.04647	0.01627	0.00745	0.00223	0.00323	0.01465	0.00599	0.00520
18	0.01121	0.00561	0.00561	0.00561	0.00701	0.00561	0.00421	0.01402	0.01262	0.02243	0.01962	0.02243	0.01542	0.00701	0.00421	0.00140	0.00280	0.00561	0.82198	0.00561
19	0.83108	0.01163	0.00884	0.00791	0.01163	0.01350	0.00651	0.01768	0.01024	0.02699	0.00838	0.00977	0.00651	0.00558	0.00372	0.00186	0.00465	0.00326	0.00372	0.00651
20	0.02271	0.02151	0.01766	0.01449	0.01863	0.31242	0.01151	0.45252	0.02386	0.02878	0.01242	0.01303	0.00925	0.00682	0.00578	0.00170	0.00829	0.00481	0.00487	0.00895

[dist]
# distance from previous block
# <min> <max>
0	1

[block]
# block no. 5 follows, 38 sequences, length 20
# corresponding to MSA columns:
# 475-494
name=unknown_F
#
# <colnr> <probs for GDERKNQSTAVLIFYWHMCP>
#	G	D	E	R	K	N	Q	S	T	A	V	L	I	F	Y	W	H	M	C	P
0	0.01333	0.01146	0.01286	0.01006	0.01473	0.01041	0.00795	0.02095	0.26352	0.02152	0.01545	0.01591	0.01217	0.00573	0.00503	0.00129	0.00456	0.00468	0.00445	0.54392
1	0.00888	0.00634	0.00876	0.01015	0.01117	0.00622	0.00828	0.01105	0.01304	0.01709	0.03230	0.31513	0.03640	0.01739	0.00809	0.00266	0.00483	0.47134	0.00555	0.00531
2	0.00857	0.00634	0.00911	0.00894	0.01014	0.00688	0.00688	0.01095	0.01221	0.01747	0.26855	0.03098	0.02943	0.03380	0.50338	0.00699	0.01153	0.00797	0.00440	0.00548
3	0.00969	0.00692	0.00969	0.01108	0.01246	0.00692	0.00969	0.01246	0.01385	0.01800	0.03185	0.06786	0.03462	0.01662	0.00831	0.00277	0.00554	0.71057	0.00554	0.00554
4	0.02284	0.01116	0.01384	0.01123	0.01546	0.01095	0.00908	0.03023	0.26662	0.50337	0.02399	0.02115	0.01609	0.00769	0.00607	0.00192	0.00500	0.00631	0.00699	0.00999
5	0.01247	0.01069	0.01247	0.00891	0.01426	0.00802	0.00713	0.01515	0.01247	0.01960	0.01069	0.01247	0.00891	0.00446	0.00446	0.00089	0.00446	0.00356	0.00356	0.82536
6	0.01304	0.02531	0.50455	0.02397	0.27615	0.01408	0.02093	0.01885	0.01304	0.01926	0.01098	0.01346	0.00828	0.00559	0.00580	0.00186	0.00829	0.00476	0.00269	0.00911
7	0.01048	0.00963	0.01751	0.01370	0.01673	0.00897	0.25527	0.01408	0.01605	0.02245	0.49408	0.03503	0.04033	0.00981	0.00710	0.00194	0.00536	0.00958	0.00539	0.00652
8	0.00982	0.00845	0.00868	0.00822	0.01072	0.00849	0.00628	0.01668	0.26433	0.01933	0.04836	0.04567	0.49670	0.01280	0.00677	0.00203	0.00364	0.01066	0.00577	0.00661
9	0.00969	0.00692	0.00969	0.01108	0.01246	0.00692	0.00969	0.01246	0.01385	0.01800	0.03185	0.06786	0.03462	0.01662	0.00831	0.00277	0.00554	0.71057	0.00554	0.00554
10	0.01988	0.01664	0.02407	0.01781	0.02307	0.01747	0.25905	0.48547	0.02343	0.03148	0.01366	0.01506	0.00985	0.00648	0.00639	0.00188	0.00783	0.00600	0.00499	0.00950
11	0.01719	0.01644	0.02948	0.02138	0.02703	0.01640	0.48160	0.26480	0.01906	0.02570	0.01295	0.01561	0.00951	0.00581	0.00673	0.00195	0.00893	0.00652	0.00407	0.00884
12	0.01340	0.01169	0.01390	0.01220	0.01304	0.06331	0.00992	0.03671	0.01148	0.01795	0.01223	0.01624	0.01055	0.00893	0.01302	0.00211	0.43622	0.00530	0.28542	0.00638
13	0.00955	0.00791	0.01256	0.27338	0.02133	0.00954	0.01069	0.01234	0.01048	0.01445	0.01424	0.02101	0.01262	0.03163	0.50300	0.00702	0.01332	0.00607	0.00303	0.00582
14	0.01470	0.52965	0.28194	0.01266	0.01910	0.02041	0.01441	0.01837	0.01239	0.01584	0.00920	0.01070	0.00769	0.00534	0.00450	0.00150	0.00728	0.00364	0.00256	0.00812
15	0.66552	0.01135	0.00990	0.00849	0.01240	0.01254	0.00699	0.02008	0.01168	0.17693	0.01154	0.01198	0.00824	0.00597	0.00420	0.00186	0.00475	0.00383	0.00449	0.00728
16	0.01489	0.01429	0.02442	0.03692	0.75106	0.01429	0.01846	0.01846	0.01370	0.01965	0.01132	0.01489	0.00953	0.00536	0.00596	0.00179	0.00715	0.00536	0.00298	0.00953
17	0.02699	0.01024	0.01396	0.01070	0.01536	0.00884	0.00884	0.02932	0.01722	0.75522	0.02373	0.02048	0.01489	0.00745	0.00605	0.00186	0.00512	0.00605	0.00745	0.01024
18	0.01842	0.52473	0.02688	0.01152	0.01655	0.02203	0.01069	0.26397	0.01776	0.02235	0.01046	0.01130	0.00859	0.00586	0.00460	0.00147	0.00650	0.00398	0.00376	0.00859
19	0.00782	0.00544	0.00684	0.00775	0.00798	0.00521	0.00492	0.00850	0.01056	0.01408	0.02826	0.52755	0.03361	0.28438	0.01559	0.00361	0.00430	0.01422	0.00492	0.00446

[dist]
# distance from previous block
# <min> <max>
0	1

[block]
# block no. 6 follows, 38 sequences, length 27
# corresponding to MSA columns:
# 496-522
name=unknown_G
#
# <colnr> <probs for GDERKNQSTAVLIFYWHMCP>
#	G	D	E	R	K	N	Q	S	T	A	V	L	I	F	Y	W	H	M	C	P
0	0.01045	0.00522	0.00784	0.00784	0.00784	0.00522	0.00522	0.00784	0.00784	0.01045	0.01045	0.01829	0.01045	0.02090	0.02351	0.82497	0.00522	0.00522	0.00261	0.00261
1	0.02112	0.01598	0.01707	0.01349	0.01799	0.01784	0.01101	0.57601	0.18612	0.03509	0.01667	0.01622	0.01203	0.00743	0.00604	0.00186	0.00621	0.00572	0.00604	0.01007
2	0.00742	0.00611	0.00653	0.00642	0.00832	0.00521	0.00482	0.00924	0.01445	0.01800	0.21324	0.05502	0.59522	0.01458	0.00711	0.00200	0.00300	0.01229	0.00582	0.00521
3	0.64870	0.01042	0.00866	0.00784	0.01105	0.01176	0.00633	0.01628	0.01174	0.02635	0.17233	0.01757	0.01766	0.00707	0.00447	0.00187	0.00425	0.00495	0.00437	0.00633
4	0.01672	0.01379	0.01459	0.01260	0.01631	0.01578	0.00995	0.18695	0.58235	0.02799	0.02226	0.02067	0.01656	0.00795	0.00610	0.00199	0.00517	0.00649	0.00610	0.00968
5	0.00868	0.00834	0.01261	0.01036	0.01329	0.00733	0.16523	0.01099	0.01382	0.01692	0.05013	0.04866	0.58466	0.01298	0.00711	0.00203	0.00462	0.01146	0.00502	0.00575
6	0.00837	0.00614	0.00784	0.00742	0.00890	0.00561	0.00556	0.01107	0.01669	0.02331	0.67674	0.04628	0.12841	0.01260	0.00710	0.00191	0.00286	0.01107	0.00651	0.00561
7	0.01178	0.00868	0.01118	0.01025	0.01204	0.00980	0.00796	0.17021	0.01369	0.01902	0.01606	0.02333	0.01473	0.11869	0.51558	0.00750	0.01287	0.00647	0.00389	0.00626
8	0.01603	0.01899	0.03141	0.02317	0.02859	0.18132	0.57011	0.02032	0.01483	0.01826	0.01153	0.01503	0.00882	0.00532	0.00673	0.00192	0.01030	0.00638	0.00306	0.00786
9	0.01205	0.00723	0.00738	0.00708	0.00892	0.00768	0.00538	0.01800	0.17393	0.02303	0.02070	0.02243	0.01607	0.00726	0.00463	0.00154	0.00324	0.00587	0.64109	0.00647
10	0.00759	0.00544	0.00722	0.00820	0.00878	0.00506	0.00560	0.00904	0.01274	0.01730	0.19162	0.62065	0.04355	0.01739	0.00755	0.00232	0.00335	0.01572	0.00581	0.00506
11	0.01330	0.01127	0.01249	0.01148	0.01432	0.01300	0.00892	0.02652	0.55523	0.02240	0.02378	0.02383	0.04074	0.01658	0.17435	0.00373	0.00722	0.00691	0.00546	0.00846
12	0.83108	0.01163	0.00884	0.00791	0.01163	0.01350	0.00651	0.01768	0.01024	0.02699	0.00838	0.00977	0.00651	0.00558	0.00372	0.00186	0.00465	0.00326	0.00372	0.00651
13	0.01491	0.01399	0.02202	0.03145	0.58801	0.01444	0.01648	0.02146	0.17477	0.02088	0.01424	0.01656	0.01149	0.00598	0.00599	0.00184	0.00662	0.00568	0.00367	0.00953
14	0.02699	0.01024	0.01396	0.01070	0.01536	0.00884	0.00884	0.02932	0.01722	0.75522	0.02373	0.02048	0.01489	0.00745	0.00605	0.00186	0.00512	0.00605	0.00745	0.01024
15	0.01247	0.01069	0.01247	0.00891	0.01426	0.00802	0.00713	0.01515	0.01247	0.01960	0.01069	0.01247	0.00891	0.00446	0.00446	0.00089	0.00446	0.00356	0.00356	0.82536
16	0.19107	0.00712	0.00707	0.00686	0.00769	0.00753	0.00428	0.01073	0.00908	0.01506	0.01661	0.03281	0.01847	0.61498	0.02466	0.00495	0.00557	0.00753	0.00366	0.00428
17	0.01420	0.01623	0.03550	0.02535	0.03144	0.01521	0.72921	0.01927	0.01420	0.01927	0.01217	0.01623	0.00913	0.00507	0.00710	0.00203	0.01014	0.00710	0.00304	0.00811
18	0.02699	0.01024	0.01396	0.01070	0.01536	0.00884	0.00884	0.02932	0.01722	0.75522	0.02373	0.02048	0.01489	0.00745	0.00605	0.00186	0.00512	0.00605	0.00745	0.01024
19	0.02135	0.01566	0.01682	0.01306	0.01735	0.01728	0.01060	0.65324	0.02618	0.03509	0.01493	0.01713	0.01148	0.09134	0.00867	0.00224	0.00653	0.00577	0.00576	0.00952
20	0.02287	0.01685	0.01805	0.01384	0.01866	0.01866	0.01143	0.73100	0.02828	0.03791	0.01444	0.01444	0.01023	0.00722	0.00602	0.00181	0.00662	0.00542	0.00602	0.01023
21	0.01235	0.01069	0.01307	0.09129	0.01718	0.00859	0.00816	0.01517	0.01243	0.01915	0.01069	0.01286	0.00881	0.00462	0.00462	0.00101	0.00484	0.00376	0.00347	0.73722
22	0.01558	0.01558	0.03318	0.02378	0.02971	0.01453	0.65165	0.02035	0.01452	0.09850	0.01342	0.01668	0.00975	0.00533	0.00699	0.00201	0.00960	0.00699	0.00352	0.00834
23	0.01681	0.70873	0.03007	0.01068	0.01579	0.02325	0.01042	0.09477	0.01395	0.01671	0.00902	0.01017	0.00799	0.00537	0.00409	0.00134	0.00645	0.00345	0.00294	0.00799
24	0.00746	0.00533	0.00709	0.00829	0.00875	0.00497	0.00559	0.00870	0.01211	0.01630	0.11010	0.70502	0.04162	0.01814	0.00762	0.00238	0.00342	0.01643	0.00570	0.00497
25	0.01136	0.01069	0.01804	0.77412	0.04143	0.01337	0.01671	0.01537	0.01203	0.01537	0.01069	0.01604	0.00802	0.00601	0.00601	0.00200	0.00802	0.00535	0.00267	0.00668
26	0.00733	0.00524	0.00698	0.00838	0.00873	0.00489	0.00558	0.00838	0.01152	0.01536	0.03316	0.78466	0.03979	0.01885	0.00768	0.00244	0.00349	0.01710	0.00558	0.00489

[dist]
# distance from previous block
# <min> <max>
0	4

[block]
# block no. 7 follows, 38 sequences, length 9
# corresponding to MSA columns:
# 527-535
name=unknown_H
#
# <colnr> <probs for GDERKNQSTAVLIFYWHMCP>
#	G	D	E	R	K	N	Q	S	T	A	V	L	I	F	Y	W	H	M	C	P
0	0.00939	0.00713	0.00972	0.21615	0.01618	0.00784	0.00730	0.01054	0.00978	0.01286	0.01739	0.06918	0.01896	0.53762	0.02279	0.00462	0.00632	0.00823	0.00347	0.00453
1	0.00825	0.00612	0.00893	0.00932	0.01019	0.00680	0.00699	0.01010	0.01017	0.01434	0.02077	0.23135	0.02179	0.03795	0.55811	0.00770	0.01267	0.00935	0.00387	0.00524
2	0.01218	0.02554	0.55409	0.01490	0.02282	0.01235	0.01811	0.01799	0.01264	0.01920	0.01077	0.01264	0.00797	0.00537	0.00537	0.00163	0.00768	0.00420	0.00282	0.23174
3	0.01767	0.01265	0.02062	0.13887	0.44523	0.01267	0.01558	0.02097	0.01441	0.21979	0.01461	0.01658	0.01077	0.00603	0.00599	0.00184	0.00672	0.00555	0.00415	0.00930
4	0.02250	0.02781	0.01712	0.01538	0.01860	0.71011	0.01161	0.07552	0.01787	0.01641	0.00967	0.01111	0.00793	0.00627	0.00547	0.00157	0.01054	0.00399	0.00331	0.00721
5	0.01423	0.01331	0.02116	0.02928	0.54995	0.01258	0.01537	0.01756	0.01336	0.01964	0.01115	0.01423	0.00936	0.00511	0.00555	0.00154	0.00641	0.00487	0.00314	0.23220
6	0.01859	0.01311	0.01363	0.01173	0.01536	0.07514	0.00923	0.05282	0.40181	0.22361	0.05222	0.02292	0.04615	0.00821	0.00612	0.00194	0.00529	0.00669	0.00623	0.00921
7	0.00733	0.00524	0.00698	0.00838	0.00873	0.00489	0.00558	0.00838	0.01152	0.01536	0.03316	0.78466	0.03979	0.01885	0.00768	0.00244	0.00349	0.01710	0.00558	0.00489
8	0.00981	0.00731	0.00891	0.00875	0.01033	0.00722	0.00656	0.07584	0.06216	0.02182	0.32599	0.26066	0.10151	0.01401	0.00718	0.00212	0.00367	0.05401	0.00608	0.00604

[dist]
# distance from previous block
# <min> <max>
0	3

[block]
# block no. 8 follows, 38 sequences, length 7
# corresponding to MSA columns:
# 539-545
name=unknown_I
#
# <colnr> <probs for GDERKNQSTAVLIFYWHMCP>
#	G	D	E	R	K	N	Q	S	T	A	V	L	I	F	Y	W	H	M	C	P
0	0.01247	0.01069	0.01247	0.00891	0.01426	0.00802	0.00713	0.01515	0.01247	0.01960	0.01069	0.01247	0.00891	0.00446	0.00446	0.00089	0.00446	0.00356	0.00356	0.82536
1	0.01819	0.01604	0.01434	0.01234	0.01601	0.18422	0.00964	0.10709	0.31357	0.10398	0.02136	0.02043	0.06446	0.00776	0.00590	0.00180	0.00626	0.00608	0.00535	0.06519
2	0.00711	0.00609	0.00609	0.00609	0.00813	0.00508	0.00457	0.00863	0.01371	0.01625	0.06094	0.05789	0.74862	0.01524	0.00711	0.00203	0.00305	0.01270	0.00559	0.00508
3	0.01247	0.01069	0.01247	0.00891	0.01426	0.00802	0.00713	0.01515	0.01247	0.01960	0.01069	0.01247	0.00891	0.00446	0.00446	0.00089	0.00446	0.00356	0.00356	0.82536
4	0.01136	0.01069	0.01804	0.77412	0.04143	0.01337	0.01671	0.01537	0.01203	0.01537	0.01069	0.01604	0.00802	0.00601	0.00601	0.00200	0.00802	0.00535	0.00267	0.00668
5	0.01207	0.03112	0.75741	0.01715	0.02604	0.01397	0.02223	0.01905	0.01270	0.01905	0.01080	0.01270	0.00762	0.00572	0.00572	0.00191	0.00889	0.00445	0.00254	0.00889
6	0.01643	0.01393	0.01461	0.01322	0.01669	0.01570	0.01013	0.03260	0.72313	0.02638	0.02569	0.02434	0.01959	0.00913	0.00677	0.00232	0.00529	0.00725	0.00658	0.01025

[dist]
# distance from previous block
# <min> <max>
0	1

[block]
# block no. 9 follows, 38 sequences, length 41
# corresponding to MSA columns:
# 547-587
name=unknown_J
#
# <colnr> <probs for GDERKNQSTAVLIFYWHMCP>
#	G	D	E	R	K	N	Q	S	T	A	V	L	I	F	Y	W	H	M	C	P
0	0.04177	0.01115	0.01353	0.01071	0.01486	0.01089	0.00875	0.15835	0.07895	0.45161	0.02119	0.01951	0.01418	0.00737	0.00576	0.00181	0.00507	0.00587	0.10915	0.00951
1	0.01311	0.01167	0.01489	0.01171	0.01490	0.01221	0.00959	0.01524	0.01129	0.03607	0.00990	0.01295	0.00866	0.00696	0.01061	0.00161	0.31390	0.00431	0.00329	0.47713
2	0.00733	0.00524	0.00698	0.00838	0.00873	0.00489	0.00558	0.00838	0.01152	0.01536	0.03316	0.78466	0.03979	0.01885	0.00768	0.00244	0.00349	0.01710	0.00558	0.00489
3	0.01158	0.01092	0.01844	0.72836	0.08548	0.01342	0.01682	0.01556	0.01213	0.01564	0.01073	0.01597	0.00811	0.00597	0.00601	0.00199	0.00797	0.00535	0.00269	0.00686
4	0.01453	0.01648	0.03042	0.02243	0.02730	0.08353	0.54416	0.01874	0.01405	0.01857	0.05056	0.01692	0.01140	0.00618	0.00838	0.00205	0.09663	0.00680	0.00319	0.00771
5	0.00733	0.00524	0.00698	0.00838	0.00873	0.00489	0.00558	0.00838	0.01152	0.01536	0.03316	0.78466	0.03979	0.01885	0.00768	0.00244	0.00349	0.01710	0.00558	0.00489
6	0.00733	0.00524	0.00698	0.00838	0.00873	0.00489	0.00558	0.00838	0.01152	0.01536	0.03316	0.78466	0.03979	0.01885	0.00768	0.00244	0.00349	0.01710	0.00558	0.00489
7	0.00733	0.00524	0.00698	0.00838	0.00873	0.00489	0.00558	0.00838	0.01152	0.01536	0.03316	0.78466	0.03979	0.01885	0.00768	0.00244	0.00349	0.01710	0.00558	0.00489
8	0.32050	0.01139	0.01249	0.00999	0.01432	0.01149	0.00824	0.09294	0.01574	0.41965	0.01722	0.01598	0.01138	0.00674	0.00520	0.00186	0.00509	0.00497	0.00595	0.00888
9	0.00733	0.00524	0.00698	0.00838	0.00873	0.00489	0.00558	0.00838	0.01152	0.01536	0.03316	0.78466	0.03979	0.01885	0.00768	0.00244	0.00349	0.01710	0.00558	0.00489
10	0.00733	0.00524	0.00698	0.00838	0.00873	0.00489	0.00558	0.00838	0.01152	0.01536	0.03316	0.78466	0.03979	0.01885	0.00768	0.00244	0.00349	0.01710	0.00558	0.00489
11	0.01404	0.01591	0.03450	0.06821	0.03201	0.01511	0.68843	0.01905	0.01407	0.01905	0.01209	0.01622	0.00906	0.00512	0.00704	0.00203	0.01002	0.00700	0.00302	0.00803
12	0.01136	0.01054	0.01767	0.75101	0.04040	0.01313	0.01633	0.01533	0.01205	0.01558	0.01096	0.01623	0.00824	0.00604	0.00596	0.00199	0.00786	0.00535	0.02731	0.00665
13	0.02247	0.02867	0.01705	0.01550	0.01860	0.76443	0.01162	0.02402	0.01705	0.01472	0.00930	0.01085	0.00775	0.00620	0.00542	0.00155	0.01085	0.00387	0.00310	0.00697
14	0.01378	0.01356	0.01946	0.01628	0.01693	0.01824	0.05751	0.05578	0.01061	0.01612	0.00854	0.01343	0.00811	0.01000	0.01817	0.00255	0.68582	0.00539	0.00285	0.00688
15	0.01475	0.01401	0.02364	0.10766	0.66397	0.01431	0.01812	0.03610	0.01390	0.01970	0.01133	0.01499	0.00940	0.00547	0.00596	0.00181	0.00722	0.00536	0.00302	0.00927
16	0.01597	0.77036	0.05236	0.01049	0.01574	0.02352	0.01064	0.01804	0.01224	0.01429	0.00843	0.00974	0.00772	0.00516	0.00391	0.00130	0.00650	0.00325	0.00257	0.00775
17	0.01136	0.01069	0.01804	0.77412	0.04143	0.01337	0.01671	0.01537	0.01203	0.01537	0.01069	0.01604	0.00802	0.00601	0.00601	0.00200	0.00802	0.00535	0.00267	0.00668
18	0.00957	0.00683	0.00955	0.01094	0.01226	0.00682	0.00948	0.01225	0.01372	0.01786	0.03192	0.10599	0.03490	0.01674	0.00828	0.00275	0.00543	0.67368	0.00554	0.00550
19	0.01558	0.69674	0.12258	0.01115	0.01677	0.02257	0.01179	0.01814	0.01228	0.01477	0.00867	0.01003	0.00771	0.00522	0.00409	0.00136	0.00674	0.00337	0.00257	0.00787
20	0.00875	0.00583	0.00656	0.00656	0.00656	0.00583	0.00365	0.00875	0.00875	0.01166	0.01895	0.03937	0.02187	0.78858	0.03062	0.00583	0.00583	0.00875	0.00365	0.00365
21	0.01717	0.70283	0.09961	0.01197	0.01750	0.02341	0.01200	0.01910	0.01324	0.01612	0.01022	0.01218	0.00923	0.00626	0.00474	0.00164	0.00716	0.00388	0.00313	0.00861
22	0.01495	0.11780	0.61390	0.01686	0.02501	0.01558	0.02039	0.02048	0.01386	0.06201	0.01282	0.01497	0.00957	0.00680	0.00619	0.00212	0.00883	0.00491	0.00338	0.00959
23	0.01039	0.00708	0.00798	0.00791	0.00814	0.00692	0.00468	0.01011	0.00987	0.01340	0.02012	0.03979	0.02256	0.71892	0.08102	0.00628	0.00705	0.00900	0.00414	0.00465
24	0.01040	0.00704	0.00776	0.00770	0.00786	0.00681	0.00441	0.00997	0.00981	0.01324	0.02032	0.04087	0.02303	0.76992	0.03066	0.00602	0.00635	0.00916	0.00417	0.00453
25	0.01462	0.01360	0.01852	0.06892	0.01846	0.01760	0.02951	0.01712	0.07014	0.01750	0.01189	0.01691	0.01075	0.01061	0.01675	0.00272	0.57746	0.00595	0.05335	0.00761
26	0.01470	0.01418	0.01933	0.01670	0.01686	0.01908	0.01369	0.01556	0.01026	0.01598	0.00954	0.01532	0.00941	0.01146	0.02005	0.00290	0.75866	0.00576	0.00319	0.00739
27	0.01469	0.01216	0.01388	0.01030	0.01564	0.00961	0.00808	0.06157	0.01444	0.02214	0.01250	0.01478	0.01048	0.00571	0.00525	0.00126	0.00514	0.00422	0.00425	0.75391
28	0.01039	0.00708	0.00798	0.00791	0.00814	0.00692	0.00468	0.01011	0.00987	0.01340	0.02012	0.03979	0.02256	0.71892	0.08102	0.00628	0.00705	0.00900	0.00414	0.00465
29	0.00901	0.00645	0.00817	0.00947	0.00997	0.00589	0.00630	0.00961	0.01251	0.01684	0.03416	0.76739	0.04050	0.01956	0.00829	0.00271	0.00406	0.01730	0.00606	0.00574
30	0.01679	0.60354	0.14766	0.01338	0.01921	0.02222	0.05834	0.01925	0.01339	0.01677	0.01062	0.01280	0.00931	0.00630	0.00507	0.00173	0.00756	0.00420	0.00315	0.00871
31	0.02639	0.01206	0.01522	0.01201	0.01652	0.01101	0.00966	0.13409	0.01971	0.58420	0.06946	0.02310	0.01818	0.00872	0.00677	0.00214	0.00573	0.00674	0.00761	0.01067
32	0.07433	0.01745	0.01840	0.01443	0.01921	0.01899	0.01170	0.66976	0.02773	0.03815	0.01554	0.01628	0.01145	0.00813	0.00653	0.00210	0.00699	0.00577	0.00634	0.01072
33	0.02308	0.06751	0.01737	0.01259	0.01744	0.01438	0.01024	0.27540	0.05285	0.28149	0.01854	0.01836	0.01327	0.00776	0.00629	0.00194	0.00615	0.00574	0.00635	0.14325
34	0.02338	0.01620	0.01769	0.01398	0.01868	0.01713	0.01126	0.51250	0.10466	0.13200	0.01809	0.01816	0.01314	0.00824	0.00662	0.00209	0.00661	0.00606	0.00658	0.04693
35	0.01059	0.00790	0.00964	0.00976	0.01147	0.00740	0.00762	0.01338	0.05464	0.02195	0.33430	0.07619	0.16813	0.01498	0.00806	0.00249	0.00441	0.22402	0.00651	0.00654
36	0.01581	0.01470	0.02414	0.15673	0.61864	0.01491	0.01857	0.01894	0.01436	0.02033	0.01277	0.01719	0.01076	0.00652	0.00662	0.00211	0.00777	0.00585	0.00347	0.00980
37	0.01638	0.01528	0.02517	0.03730	0.73361	0.01506	0.01885	0.01944	0.01463	0.02103	0.01287	0.01700	0.01100	0.00642	0.00661	0.00207	0.00763	0.00585	0.00352	0.01026
38	0.02349	0.01745	0.01859	0.01466	0.01939	0.01900	0.01184	0.65498	0.08900	0.03775	0.01677	0.01725	0.01237	0.00831	0.00668	0.00211	0.00696	0.00602	0.00650	0.01089
39	0.06733	0.01169	0.01316	0.01041	0.01500	0.01012	0.00812	0.01976	0.11625	0.09740	0.06255	0.01998	0.03587	0.00722	0.00574	0.00162	0.00499	0.00550	0.00511	0.48220
40	0.01426	0.01181	0.01341	0.01021	0.01513	0.00957	0.00788	0.03571	0.06356	0.02138	0.01378	0.01693	0.01182	0.05074	0.00680	0.00159	0.00516	0.00467	0.00434	0.68126

[dist]
# distance from previous block
# <min> <max>
0	1

[block]
# block no. 10 follows, 38 sequences, length 8
# corresponding to MSA columns:
# 589-596
name=unknown_K
#
# <colnr> <probs for GDERKNQSTAVLIFYWHMCP>
#	G	D	E	R	K	N	Q	S	T	A	V	L	I	F	Y	W	H	M	C	P
0	0.01231	0.01012	0.04889	0.00964	0.01229	0.00937	0.00797	0.19294	0.01964	0.02734	0.52552	0.03561	0.04253	0.01068	0.00675	0.00187	0.00410	0.00917	0.00626	0.00699
1	0.01359	0.01049	0.01212	0.01002	0.01342	0.01022	0.00771	0.08109	0.21907	0.02049	0.01487	0.01694	0.01209	0.00989	0.00986	0.20879	0.00493	0.00506	0.00427	0.31508
2	0.00862	0.00618	0.00833	0.00896	0.01010	0.00590	0.00701	0.01098	0.01456	0.01984	0.32532	0.23895	0.04499	0.01541	0.00765	0.00233	0.00392	0.24951	0.00599	0.00543
3	0.01383	0.01291	0.01869	0.01429	0.01910	0.01241	0.18983	0.02244	0.28335	0.02159	0.01619	0.01712	0.01248	0.00599	0.00574	0.00160	0.00600	0.00566	0.00438	0.31640
4	0.01655	0.01168	0.01231	0.01038	0.01357	0.01288	0.00827	0.28854	0.20171	0.02895	0.01890	0.01943	0.01421	0.00738	0.00537	0.00171	0.00473	0.00584	0.30928	0.00833
5	0.00841	0.00603	0.00773	0.00787	0.00849	0.00631	0.00538	0.00945	0.00980	0.01330	0.02297	0.10807	0.08503	0.36513	0.30276	0.00661	0.00923	0.00905	0.00385	0.00454
6	0.01241	0.00999	0.01146	0.00873	0.01269	0.00836	0.00661	0.07381	0.01287	0.01915	0.01309	0.01941	0.01228	0.20212	0.01117	0.00221	0.00498	0.00503	0.00379	0.54983
7	0.02283	0.01805	0.01795	0.01401	0.01865	0.09431	0.01145	0.65928	0.02714	0.03556	0.01392	0.01408	0.00998	0.00712	0.00596	0.00178	0.00705	0.00526	0.00572	0.00990

[dist]
# distance from previous block
# <min> <max>
0	2

[block]
# block no. 11 follows, 38 sequences, length 17
# corresponding to MSA columns:
# 599-615
name=unknown_L
#
# <colnr> <probs for GDERKNQSTAVLIFYWHMCP>
#	G	D	E	R	K	N	Q	S	T	A	V	L	I	F	Y	W	H	M	C	P
0	0.01978	0.01532	0.01632	0.01322	0.01748	0.01721	0.01069	0.45801	0.30630	0.03293	0.01836	0.01757	0.01341	0.00759	0.00606	0.00190	0.00589	0.00596	0.00606	0.00995
1	0.41292	0.01830	0.01282	0.01132	0.01492	0.30644	0.00888	0.04187	0.01410	0.09412	0.01042	0.01138	0.00793	0.00605	0.00468	0.00174	0.00718	0.00384	0.00391	0.00717
2	0.01978	0.01532	0.01632	0.01322	0.01748	0.01721	0.01069	0.45801	0.30630	0.03293	0.01836	0.01757	0.01341	0.00759	0.00606	0.00190	0.00589	0.00596	0.00606	0.00995
3	0.02448	0.01427	0.01646	0.01262	0.01737	0.01482	0.01042	0.45698	0.02396	0.31804	0.01807	0.01680	0.01205	0.00731	0.00603	0.00183	0.00603	0.00566	0.00658	0.01023
4	0.02313	0.01297	0.01502	0.01166	0.01602	0.01332	0.00959	0.37412	0.02215	0.31625	0.01867	0.01772	0.01265	0.00728	0.00582	0.00178	0.00559	0.00569	0.10087	0.00970
5	0.01865	0.02242	0.30679	0.01513	0.02154	0.01683	0.01565	0.45297	0.02220	0.03055	0.01302	0.01376	0.00921	0.00663	0.00590	0.00184	0.00751	0.00504	0.00466	0.00971
6	0.04602	0.01427	0.01556	0.01172	0.01670	0.01433	0.00959	0.42742	0.02150	0.03039	0.01277	0.01352	0.00959	0.00609	0.00533	0.00145	0.00571	0.00462	0.00498	0.32843
7	0.01837	0.01445	0.01805	0.31075	0.02755	0.01659	0.01349	0.45153	0.02194	0.02911	0.01298	0.01507	0.00937	0.00675	0.00602	0.00188	0.00717	0.00539	0.00471	0.00884
8	0.01641	0.01194	0.01331	0.01143	0.01439	0.01284	0.00891	0.42466	0.02121	0.02858	0.02193	0.31550	0.02195	0.01175	0.00661	0.00204	0.00527	0.00999	0.03332	0.00799
9	0.01335	0.01007	0.01146	0.01030	0.01302	0.01087	0.00797	0.02372	0.40309	0.07998	0.30693	0.03108	0.03310	0.00972	0.00650	0.00197	0.00404	0.00834	0.00642	0.00807
10	0.01837	0.01445	0.01805	0.31075	0.02755	0.01659	0.01349	0.45153	0.02194	0.02911	0.01298	0.01507	0.00937	0.00675	0.00602	0.00188	0.00717	0.00539	0.00471	0.00884
11	0.01856	0.01202	0.01668	0.01381	0.01562	0.01468	0.01147	0.02027	0.01234	0.30376	0.01408	0.01602	0.01063	0.00932	0.01439	0.00233	0.47591	0.00557	0.00451	0.00801
12	0.00724	0.00557	0.00663	0.00749	0.00849	0.00496	0.00519	0.00848	0.01237	0.01571	0.04401	0.50084	0.31660	0.01744	0.00746	0.00228	0.00332	0.01538	0.00559	0.00496
13	0.02229	0.01129	0.01382	0.01130	0.01547	0.01123	0.00911	0.03035	0.29955	0.47012	0.02403	0.02124	0.01625	0.00773	0.00608	0.00193	0.00498	0.00634	0.00693	0.00996
14	0.02287	0.01685	0.01805	0.01384	0.01866	0.01866	0.01143	0.73100	0.02828	0.03791	0.01444	0.01444	0.01023	0.00722	0.00602	0.00181	0.00662	0.00542	0.00602	0.01023
15	0.01247	0.01069	0.01247	0.00891	0.01426	0.00802	0.00713	0.01515	0.01247	0.01960	0.01069	0.01247	0.00891	0.00446	0.00446	0.00089	0.00446	0.00356	0.00356	0.82536
