[name]
unknown

[dist]
# distance from previous block
# <min> <max>
58	682

[block]
# block no. 0 follows, 40 sequences, length 15
# corresponding to MSA columns:
# 860-874
name=unknown_A
#
# <colnr> <probs for GDERKNQSTAVLIFYWHMCP>
#	G	D	E	R	K	N	Q	S	T	A	V	L	I	F	Y	W	H	M	C	P
0	0.01461	0.01972	0.20121	0.01274	0.02924	0.25545	0.01171	0.01935	0.08867	0.01891	0.11695	0.01863	0.01640	0.00701	0.00542	0.00166	0.00696	0.00542	0.14284	0.00710
1	0.01273	0.01969	0.35179	0.01490	0.02040	0.01239	0.11573	0.13773	0.01447	0.02029	0.01511	0.12721	0.01384	0.08736	0.00847	0.00230	0.00735	0.00699	0.00362	0.00764
2	0.01440	0.22856	0.30523	0.01311	0.01883	0.01609	0.01420	0.16779	0.01488	0.02026	0.01128	0.01336	0.00895	0.01113	0.11489	0.00274	0.00850	0.00445	0.00326	0.00808
3	0.17766	0.01698	0.01586	0.14311	0.12596	0.27060	0.01182	0.01997	0.01358	0.09815	0.01076	0.01279	0.00830	0.00607	0.00583	0.00175	0.04571	0.00436	0.00346	0.00728
4	0.01136	0.01127	0.11734	0.00971	0.01208	0.00935	0.00831	0.08762	0.11508	0.01792	0.01888	0.03172	0.01855	0.36523	0.01671	0.00363	0.00580	0.08391	0.04953	0.00599
5	0.01299	0.01683	0.13371	0.14679	0.03124	0.01425	0.52043	0.01798	0.01318	0.01798	0.01135	0.01518	0.00845	0.00514	0.00650	0.00194	0.00930	0.00623	0.00282	0.00772
6	0.00820	0.00621	0.00888	0.11664	0.01363	0.00634	0.00774	0.01011	0.01212	0.01610	0.08984	0.46849	0.03451	0.01550	0.00728	0.00232	0.00435	0.16149	0.00508	0.00516
7	0.01167	0.00760	0.00929	0.00924	0.01092	0.00767	0.00672	0.01662	0.18972	0.12455	0.06078	0.44440	0.03035	0.03249	0.00734	0.00224	0.00392	0.01214	0.00578	0.00655
8	0.01524	0.52598	0.13227	0.01126	0.01658	0.09574	0.01140	0.01784	0.01238	0.01498	0.00876	0.01016	0.00758	0.00508	0.00420	0.00131	0.00678	0.00338	0.00264	0.09643
9	0.00952	0.00788	0.01024	0.01217	0.11703	0.00782	0.00774	0.01378	0.13333	0.01833	0.12369	0.27465	0.18983	0.01303	0.00677	0.00207	0.00398	0.03663	0.00525	0.00626
10	0.01594	0.01716	0.12989	0.03539	0.20560	0.01548	0.17956	0.22989	0.01702	0.02359	0.01170	0.01416	0.00892	0.00606	0.00694	0.00186	0.06298	0.00545	0.00367	0.00876
11	0.01661	0.01531	0.12504	0.01633	0.09870	0.01333	0.11350	0.16583	0.14830	0.11939	0.01623	0.01693	0.01180	0.00646	0.00576	0.00180	0.00636	0.00566	0.08790	0.00877
12	0.01241	0.01203	0.09327	0.01032	0.01444	0.00976	0.04119	0.04771	0.11555	0.02059	0.01453	0.01634	0.01148	0.00769	0.04279	0.00177	0.02400	0.00481	0.18579	0.31351
13	0.13190	0.08379	0.16181	0.01603	0.12416	0.01612	0.01319	0.30422	0.05094	0.02665	0.01197	0.01302	0.00895	0.00609	0.00527	0.00174	0.00653	0.00464	0.00416	0.00881
14	0.00916	0.09971	0.12789	0.00870	0.01141	0.00851	0.00795	0.01150	0.01265	0.01680	0.18741	0.14136	0.19660	0.12382	0.00963	0.00241	0.00460	0.00965	0.00456	0.00568

[dist]
# distance from previous block
# <min> <max>
2	38

[block]
# block no. 1 follows, 40 sequences, length 6
# corresponding to MSA columns:
# 915-920
name=unknown_B
#
# <colnr> <probs for GDERKNQSTAVLIFYWHMCP>
#	G	D	E	R	K	N	Q	S	T	A	V	L	I	F	Y	W	H	M	C	P
0	0.12417	0.28367	0.17017	0.01266	0.01752	0.27079	0.01221	0.01952	0.01322	0.01644	0.00886	0.01032	0.00730	0.00548	0.00458	0.00152	0.00790	0.00357	0.00280	0.00730
1	0.07817	0.07854	0.16023	0.11190	0.02350	0.10729	0.15350	0.11482	0.07961	0.02065	0.01178	0.01373	0.00888	0.00585	0.00557	0.00178	0.00782	0.00498	0.00347	0.00792
2	0.07669	0.11447	0.41121	0.10483	0.10565	0.01463	0.05891	0.01774	0.01215	0.01813	0.01010	0.01250	0.00762	0.00541	0.00530	0.00177	0.00778	0.00441	0.00264	0.00806
3	0.01220	0.00726	0.00905	0.00831	0.01054	0.00682	0.00643	0.01534	0.07049	0.18158	0.21020	0.10778	0.21536	0.01477	0.07408	0.00260	0.00468	0.03014	0.00587	0.00649
4	0.07321	0.00737	0.01086	0.01004	0.01146	0.00742	0.08651	0.01099	0.01233	0.01795	0.21087	0.35922	0.03332	0.01381	0.00857	0.05631	0.04805	0.01149	0.00490	0.00533
5	0.10731	0.16433	0.37129	0.04532	0.08748	0.01532	0.09598	0.01792	0.01214	0.01837	0.00993	0.01210	0.00760	0.00532	0.00516	0.00173	0.00765	0.00434	0.00269	0.00802

[dist]
# distance from previous block
# <min> <max>
0	8

[block]
# block no. 2 follows, 40 sequences, length 36
# corresponding to MSA columns:
# 929-964
name=unknown_C
#
# <colnr> <probs for GDERKNQSTAVLIFYWHMCP>
#	G	D	E	R	K	N	Q	S	T	A	V	L	I	F	Y	W	H	M	C	P
0	0.01166	0.03008	0.76550	0.01657	0.02517	0.01351	0.02149	0.01842	0.01228	0.01842	0.01044	0.01228	0.00737	0.00552	0.00552	0.00184	0.00859	0.00430	0.00246	0.00859
1	0.00867	0.00633	0.00849	0.00965	0.01091	0.00614	0.00808	0.01093	0.01301	0.01677	0.03478	0.17882	0.13187	0.01622	0.00778	0.00253	0.00472	0.51373	0.00537	0.00520
2	0.10338	0.01326	0.11455	0.01110	0.01589	0.01061	0.01018	0.09463	0.03828	0.45854	0.05624	0.01844	0.01436	0.00703	0.00563	0.00181	0.00541	0.00557	0.00598	0.00912
3	0.01139	0.01113	0.01994	0.66943	0.03862	0.01318	0.12318	0.01542	0.01194	0.01542	0.01055	0.01553	0.00791	0.00568	0.00597	0.00194	0.00806	0.00542	0.00264	0.00666
4	0.00768	0.00549	0.00743	0.00878	0.00938	0.00524	0.00643	0.00913	0.01172	0.01551	0.03172	0.60243	0.03716	0.01766	0.00758	0.00244	0.00389	0.20006	0.00539	0.00489
5	0.01327	0.01579	0.08151	0.12711	0.09602	0.01430	0.52746	0.01804	0.01330	0.01814	0.01141	0.01531	0.00861	0.00509	0.00653	0.00193	0.00919	0.00631	0.00285	0.00783
6	0.01079	0.00769	0.00934	0.00932	0.01062	0.00811	0.00679	0.07783	0.16223	0.01769	0.02326	0.32230	0.02443	0.03781	0.01114	0.19118	0.00446	0.05457	0.00483	0.00560
7	0.09518	0.01018	0.01272	0.01003	0.01404	0.00957	0.00821	0.10285	0.01719	0.51861	0.11959	0.02143	0.01864	0.00765	0.00578	0.00180	0.00477	0.00617	0.00662	0.00898
8	0.00921	0.00666	0.00943	0.00915	0.00984	0.00781	0.00692	0.01037	0.00913	0.01334	0.01451	0.02277	0.01399	0.12365	0.45293	0.11850	0.09634	0.00616	0.05450	0.00478
9	0.01038	0.00664	0.00762	0.00721	0.00949	0.00573	0.00568	0.01219	0.01402	0.13955	0.09307	0.05023	0.51651	0.01345	0.00682	0.00200	0.00351	0.08434	0.00575	0.00581
10	0.01170	0.00697	0.00777	0.00712	0.00880	0.00710	0.00542	0.11044	0.01480	0.02305	0.18558	0.02524	0.02291	0.00916	0.00659	0.07512	0.00342	0.00652	0.45649	0.00578
11	0.08513	0.01115	0.01599	0.01217	0.01664	0.01041	0.10689	0.08844	0.01667	0.50465	0.05657	0.01913	0.01467	0.00697	0.00586	0.00182	0.00559	0.00596	0.00619	0.00912
12	0.01333	0.01539	0.06089	0.12733	0.09617	0.01434	0.54767	0.01804	0.01334	0.01814	0.01144	0.01541	0.00865	0.00508	0.00657	0.00193	0.00922	0.00638	0.00287	0.00781
13	0.01148	0.01055	0.01527	0.01449	0.04397	0.01349	0.02785	0.01340	0.01053	0.01526	0.01526	0.02913	0.01583	0.01423	0.07477	0.00308	0.44737	0.21448	0.00343	0.00612
14	0.01317	0.01937	0.22354	0.02229	0.02877	0.01445	0.53981	0.01849	0.01327	0.01849	0.01135	0.01475	0.00843	0.00516	0.00673	0.00194	0.02300	0.00617	0.00281	0.00801
15	0.00738	0.00533	0.00699	0.00780	0.00848	0.00493	0.00538	0.00887	0.01264	0.01714	0.22636	0.56279	0.07151	0.01639	0.00725	0.00220	0.00319	0.01476	0.00567	0.00493
16	0.00948	0.00736	0.00824	0.00780	0.00987	0.00698	0.00611	0.10797	0.01572	0.02019	0.18669	0.07779	0.40990	0.01340	0.00688	0.00200	0.00365	0.08859	0.00565	0.00574
17	0.01274	0.01133	0.01859	0.01665	0.07593	0.02518	0.17439	0.01510	0.01168	0.06739	0.01582	0.12456	0.01545	0.01231	0.05871	0.02742	0.23581	0.07060	0.00366	0.00667
18	0.01240	0.00840	0.06879	0.00949	0.01162	0.00654	0.00774	0.01434	0.01294	0.20272	0.05231	0.46180	0.03019	0.01410	0.00690	0.00218	0.00430	0.06122	0.00565	0.00639
19	0.01381	0.01268	0.04576	0.02388	0.40260	0.01234	0.01367	0.13001	0.04390	0.02104	0.01701	0.17904	0.01656	0.00869	0.00619	0.00191	0.00601	0.03263	0.00406	0.00822
20	0.13500	0.01018	0.01281	0.01004	0.01437	0.00939	0.00827	0.02692	0.04495	0.63442	0.02097	0.01847	0.01344	0.00698	0.00555	0.00181	0.00487	0.00551	0.00666	0.00938
21	0.02882	0.01932	0.20968	0.06540	0.13764	0.07105	0.01481	0.23608	0.11655	0.02435	0.01321	0.01441	0.00983	0.00628	0.00567	0.00179	0.00716	0.00502	0.00406	0.00886
22	0.01456	0.02054	0.18445	0.01383	0.04412	0.32452	0.01195	0.01735	0.01420	0.01639	0.08759	0.18902	0.01908	0.00917	0.00597	0.00181	0.00757	0.00745	0.00374	0.00668
23	0.01442	0.01382	0.06712	0.01673	0.16246	0.07221	0.03227	0.19894	0.01624	0.02178	0.01790	0.23196	0.01778	0.00978	0.00671	0.00194	0.03667	0.01876	0.03499	0.00754
24	0.32505	0.01446	0.01395	0.02123	0.01567	0.04095	0.00926	0.40867	0.01985	0.06131	0.01193	0.01242	0.00863	0.00635	0.00497	0.00176	0.00579	0.00443	0.00491	0.00840
25	0.01074	0.07164	0.01254	0.01297	0.11214	0.06130	0.00902	0.01336	0.03457	0.01733	0.10751	0.16530	0.11486	0.01253	0.00676	0.00210	0.00507	0.21938	0.00477	0.00611
26	0.01398	0.01513	0.12080	0.07488	0.40576	0.01327	0.04258	0.08188	0.05157	0.02052	0.01304	0.04119	0.01072	0.00610	0.00572	0.00177	0.00673	0.00560	0.06020	0.00855
27	0.02114	0.01617	0.11700	0.01289	0.01793	0.01464	0.01165	0.39917	0.07968	0.22443	0.01662	0.01588	0.01136	0.00691	0.00579	0.00179	0.00617	0.00538	0.00573	0.00966
28	0.15574	0.01280	0.01460	0.05274	0.05430	0.01357	0.00988	0.31417	0.01973	0.16080	0.11491	0.01907	0.01652	0.00762	0.00582	0.00188	0.00560	0.00588	0.00562	0.00874
29	0.00767	0.00613	0.00784	0.00939	0.06775	0.00557	0.00602	0.00917	0.01249	0.01612	0.09367	0.39768	0.30841	0.01540	0.00704	0.00212	0.00345	0.01358	0.00527	0.00521
30	0.01657	0.10317	0.08289	0.02298	0.27826	0.10621	0.13708	0.11646	0.01552	0.04937	0.01137	0.01358	0.00890	0.00556	0.00565	0.00170	0.00774	0.00503	0.00339	0.00856
31	0.00994	0.00509	0.00749	0.00749	0.00759	0.00504	0.00502	0.00761	0.00786	0.01039	0.01258	0.01963	0.04811	0.01992	0.02192	0.78863	0.00494	0.00542	0.00267	0.00265
32	0.01807	0.00808	0.01056	0.00905	0.01201	0.00714	0.00703	0.02006	0.02695	0.44105	0.02965	0.20162	0.12047	0.05086	0.00755	0.00215	0.00435	0.00930	0.00634	0.00771
33	0.01423	0.02142	0.31654	0.01596	0.05818	0.11529	0.08565	0.12488	0.01572	0.02083	0.08095	0.01895	0.07163	0.00702	0.00590	0.00180	0.00759	0.00584	0.00368	0.00793
34	0.12460	0.09523	0.37589	0.01966	0.17616	0.01475	0.07451	0.01837	0.01255	0.01961	0.01063	0.01305	0.00824	0.00568	0.00547	0.00186	0.00771	0.00459	0.00292	0.00850
35	0.01851	0.02088	0.01631	0.07645	0.07520	0.42588	0.01161	0.06063	0.20029	0.01832	0.01318	0.01417	0.01034	0.00644	0.00553	0.00168	0.00831	0.00475	0.00383	0.00769

[dist]
# distance from previous block
# <min> <max>
5	17

[block]
# block no. 3 follows, 40 sequences, length 8
# corresponding to MSA columns:
# 984-991
name=unknown_D
#
# <colnr> <probs for GDERKNQSTAVLIFYWHMCP>
#	G	D	E	R	K	N	Q	S	T	A	V	L	I	F	Y	W	H	M	C	P
0	0.01723	0.05655	0.07491	0.01504	0.08555	0.22641	0.01162	0.15931	0.10313	0.02113	0.01326	0.01431	0.02755	0.00638	0.00584	0.00160	0.03477	0.00472	0.00391	0.11677
1	0.00783	0.00532	0.00694	0.00813	0.00872	0.00507	0.00577	0.00926	0.01156	0.01599	0.03034	0.60522	0.03503	0.01659	0.00711	0.00228	0.00356	0.10807	0.10236	0.00489
2	0.04549	0.19766	0.07070	0.01293	0.01674	0.01528	0.11246	0.11197	0.01449	0.05693	0.09925	0.01702	0.01446	0.00709	0.00726	0.00176	0.11784	0.00547	0.06776	0.00744
3	0.01595	0.00902	0.01187	0.11138	0.01612	0.00894	0.00872	0.08484	0.04320	0.27100	0.11583	0.09900	0.10925	0.01010	0.00638	0.00195	0.00482	0.05831	0.00581	0.00750
4	0.01149	0.01154	0.06840	0.26323	0.22293	0.01164	0.01393	0.01408	0.01131	0.01558	0.01309	0.11741	0.01244	0.00936	0.00921	0.09970	0.07838	0.00659	0.00302	0.00665
5	0.00886	0.06789	0.20102	0.00906	0.01285	0.00844	0.00927	0.01186	0.01329	0.01716	0.12582	0.04008	0.43022	0.01136	0.00631	0.00187	0.00459	0.00939	0.00457	0.00609
6	0.01729	0.07295	0.01496	0.01055	0.01480	0.01254	0.00868	0.26314	0.05411	0.13078	0.12085	0.01856	0.01685	0.00694	0.00544	0.00152	0.00505	0.00553	0.00525	0.21423
7	0.03365	0.13550	0.01678	0.07100	0.01691	0.06670	0.00985	0.27063	0.09599	0.04827	0.15669	0.01971	0.01874	0.00753	0.00562	0.00171	0.00578	0.00593	0.00498	0.00804

[dist]
# distance from previous block
# <min> <max>
0	1

[block]
# block no. 4 follows, 40 sequences, length 30
# corresponding to MSA columns:
# 993-1022
name=unknown_E
#
# <colnr> <probs for GDERKNQSTAVLIFYWHMCP>
#	G	D	E	R	K	N	Q	S	T	A	V	L	I	F	Y	W	H	M	C	P
0	0.01610	0.03589	0.08470	0.16781	0.13641	0.24982	0.07614	0.05341	0.08973	0.01787	0.01162	0.01394	0.00906	0.00592	0.00566	0.00174	0.00831	0.00490	0.00326	0.00773
1	0.01693	0.06436	0.08378	0.13945	0.20941	0.03640	0.01436	0.30190	0.03509	0.02491	0.01205	0.01396	0.00913	0.00609	0.00563	0.00175	0.00699	0.00499	0.00400	0.00882
2	0.01218	0.02646	0.58151	0.01857	0.02648	0.01381	0.20185	0.01847	0.01264	0.01847	0.01077	0.01314	0.00773	0.00537	0.00586	0.00187	0.00890	0.00494	0.00258	0.00841
3	0.00895	0.00619	0.00709	0.00718	0.00888	0.00545	0.00525	0.02573	0.01315	0.08117	0.04586	0.29705	0.43672	0.01507	0.00694	0.00208	0.00334	0.01298	0.00557	0.00539
4	0.01164	0.01014	0.01635	0.01423	0.03964	0.01033	0.18487	0.09967	0.06870	0.01914	0.02110	0.22504	0.03203	0.01679	0.14338	0.00341	0.00781	0.06463	0.00440	0.00670
5	0.01706	0.01288	0.01823	0.02235	0.34902	0.01329	0.01306	0.13822	0.14707	0.13786	0.01675	0.06023	0.01329	0.00700	0.00590	0.00182	0.00591	0.00618	0.00471	0.00917
6	0.00736	0.00532	0.00693	0.00776	0.00842	0.00493	0.00533	0.00878	0.01243	0.01677	0.19954	0.56487	0.08237	0.03076	0.00767	0.00228	0.00325	0.01476	0.00559	0.00489
7	0.01215	0.06924	0.53763	0.08831	0.02681	0.01418	0.13525	0.01806	0.01242	0.01785	0.01051	0.01296	0.00764	0.00542	0.00567	0.00184	0.00858	0.00472	0.00255	0.00821
8	0.06583	0.01723	0.26175	0.01412	0.06062	0.01194	0.05378	0.08274	0.07707	0.13618	0.01515	0.01733	0.01141	0.06515	0.00727	0.00207	0.00645	0.00535	0.08041	0.00814
9	0.01299	0.09453	0.35431	0.01969	0.02667	0.01495	0.35678	0.01842	0.01291	0.01808	0.01084	0.01360	0.00806	0.00518	0.00599	0.00184	0.00894	0.00539	0.00269	0.00814
10	0.00727	0.00578	0.00652	0.00661	0.00817	0.00503	0.00485	0.00900	0.01378	0.01759	0.23949	0.16662	0.45972	0.01452	0.00695	0.00199	0.00296	0.01247	0.00567	0.00503
11	0.01570	0.08535	0.24115	0.01393	0.01938	0.01446	0.06739	0.09195	0.24781	0.10860	0.01643	0.01642	0.01193	0.00653	0.00564	0.00182	0.00651	0.00539	0.01472	0.00887
12	0.01594	0.01349	0.02309	0.02829	0.02168	0.01441	0.30672	0.07373	0.07817	0.13468	0.01390	0.01622	0.01044	0.00740	0.01835	0.00213	0.18797	0.00609	0.01930	0.00799
13	0.00881	0.00602	0.00713	0.00738	0.00896	0.00530	0.00548	0.01032	0.01295	0.07983	0.06625	0.29571	0.38439	0.01524	0.00705	0.00213	0.00342	0.06275	0.00558	0.00532
14	0.01355	0.01394	0.02067	0.03846	0.34563	0.11101	0.14371	0.01654	0.01351	0.01771	0.05242	0.15460	0.01644	0.00792	0.00624	0.00186	0.00707	0.00760	0.00353	0.00760
15	0.03645	0.24848	0.01823	0.05006	0.01555	0.08827	0.00955	0.06378	0.18592	0.01832	0.01850	0.07566	0.07780	0.00813	0.00623	0.00176	0.05972	0.00616	0.00406	0.00737
16	0.14133	0.07300	0.06440	0.09766	0.27815	0.01493	0.13973	0.01738	0.01225	0.01897	0.01030	0.01366	0.00842	0.00587	0.00680	0.00189	0.07929	0.00503	0.00298	0.00795
17	0.01633	0.01445	0.01853	0.12038	0.02184	0.08064	0.14026	0.20211	0.08966	0.04979	0.02800	0.01754	0.04317	0.00666	0.00592	0.00175	0.00690	0.00576	0.00440	0.12591
18	0.00757	0.00542	0.00713	0.00814	0.00869	0.00503	0.00554	0.00882	0.01225	0.01661	0.16170	0.65511	0.04152	0.01721	0.00743	0.00231	0.00336	0.01549	0.00566	0.00500
19	0.01145	0.00965	0.01178	0.06634	0.01500	0.00782	0.00744	0.01392	0.01248	0.01887	0.07652	0.08757	0.01553	0.00654	0.00504	0.00122	0.00444	0.00548	0.00390	0.61900
20	0.06305	0.05973	0.01462	0.01048	0.01503	0.01112	0.00865	0.10289	0.06670	0.41390	0.01830	0.01707	0.01249	0.00665	0.00544	0.00165	0.00511	0.00518	0.00589	0.15605
21	0.01316	0.00847	0.01206	0.01036	0.01280	0.00799	0.07450	0.07799	0.01607	0.15450	0.30818	0.19888	0.04772	0.01162	0.00683	0.00201	0.00439	0.01965	0.00600	0.00684
22	0.00803	0.00586	0.00748	0.00762	0.00874	0.00536	0.00548	0.01003	0.01464	0.02018	0.46209	0.28070	0.11321	0.01429	0.00714	0.00206	0.00306	0.01263	0.00607	0.00533
23	0.01267	0.01155	0.01914	0.39741	0.33939	0.01278	0.01588	0.01618	0.01252	0.01744	0.01161	0.01593	0.00924	0.00581	0.00575	0.00185	0.00704	0.00528	0.07488	0.00766
24	0.15635	0.08209	0.49026	0.01454	0.03779	0.01381	0.01677	0.01918	0.01242	0.08862	0.01129	0.01268	0.00814	0.00579	0.00521	0.00183	0.00741	0.00426	0.00320	0.00837
25	0.02161	0.06704	0.01605	0.01265	0.01628	0.33367	0.01000	0.15929	0.01800	0.19206	0.01422	0.01464	0.01046	0.00726	0.01827	0.00177	0.00774	0.00473	0.06614	0.00812
26	0.02503	0.01112	0.01419	0.01103	0.01548	0.01037	0.00904	0.12688	0.06337	0.61460	0.02196	0.01944	0.01421	0.00738	0.00596	0.00185	0.00522	0.00589	0.00700	0.00997
27	0.01315	0.01294	0.02365	0.19418	0.02715	0.01361	0.33478	0.08297	0.01418	0.01920	0.05524	0.08493	0.01401	0.00749	0.00773	0.00206	0.07454	0.00730	0.00359	0.00731
28	0.07991	0.00584	0.00708	0.00813	0.00876	0.00567	0.00548	0.00911	0.01103	0.01586	0.02929	0.67414	0.03471	0.06511	0.00856	0.00256	0.00371	0.01490	0.00521	0.00493
29	0.00782	0.00535	0.00680	0.00789	0.00831	0.00504	0.00523	0.00881	0.01114	0.01535	0.02983	0.65313	0.03496	0.08934	0.00929	0.00262	0.00362	0.01487	0.07578	0.00482

[dist]
# distance from previous block
# <min> <max>
0	1

[block]
# block no. 5 follows, 40 sequences, length 23
# corresponding to MSA columns:
# 1024-1046
name=unknown_F
#
# <colnr> <probs for GDERKNQSTAVLIFYWHMCP>
#	G	D	E	R	K	N	Q	S	T	A	V	L	I	F	Y	W	H	M	C	P
0	0.00808	0.00599	0.00773	0.00861	0.00981	0.00564	0.00681	0.01004	0.01303	0.01690	0.10768	0.26444	0.19306	0.01597	0.00750	0.00235	0.00403	0.30175	0.00548	0.00509
1	0.01206	0.01034	0.01206	0.00861	0.01378	0.00775	0.00689	0.01464	0.01206	0.01895	0.01034	0.01206	0.00861	0.00431	0.00431	0.00086	0.00431	0.00345	0.00345	0.83118
2	0.01085	0.00661	0.00820	0.00746	0.00954	0.00585	0.00576	0.01313	0.01546	0.14568	0.40685	0.04369	0.26022	0.01204	0.00672	0.00188	0.00323	0.02456	0.00621	0.00605
3	0.00870	0.00686	0.00921	0.00885	0.00973	0.00737	0.00668	0.01076	0.01384	0.01961	0.44760	0.22680	0.04277	0.01319	0.00906	0.00208	0.13480	0.01112	0.00550	0.00544
4	0.01447	0.01407	0.02514	0.15804	0.32769	0.01441	0.23843	0.09907	0.01470	0.02016	0.01143	0.01493	0.00892	0.00541	0.00611	0.00184	0.00789	0.00570	0.00318	0.00839
5	0.72198	0.01387	0.11381	0.00889	0.01318	0.01311	0.00841	0.01728	0.01023	0.02502	0.00842	0.00984	0.00645	0.00542	0.00387	0.00181	0.00507	0.00331	0.00344	0.00662
6	0.01403	0.46923	0.10861	0.01388	0.11836	0.01763	0.01152	0.01593	0.01135	0.01435	0.00909	0.01177	0.00814	0.00763	0.00742	0.14125	0.00639	0.00386	0.00254	0.00700
7	0.00764	0.00530	0.00658	0.00738	0.00758	0.00510	0.00463	0.00824	0.01004	0.01339	0.02646	0.48470	0.03140	0.33499	0.01646	0.00370	0.00430	0.01324	0.00463	0.00423
8	0.01537	0.43366	0.03636	0.11839	0.01865	0.01879	0.01130	0.01813	0.04218	0.08846	0.01047	0.01235	0.00864	0.00632	0.00694	0.00165	0.13759	0.00416	0.00312	0.00747
9	0.00771	0.00566	0.00784	0.05591	0.01098	0.00556	0.00673	0.00918	0.01154	0.01528	0.03051	0.62184	0.03574	0.01710	0.00743	0.00239	0.00398	0.13449	0.00522	0.00494
10	0.01386	0.12594	0.11450	0.02348	0.15057	0.01558	0.43460	0.01830	0.01321	0.01798	0.01096	0.01420	0.00854	0.00503	0.00609	0.00181	0.00868	0.00577	0.00281	0.00811
11	0.01260	0.01128	0.01413	0.01167	0.01468	0.11402	0.15320	0.01491	0.01425	0.10098	0.08856	0.09414	0.31006	0.01075	0.00657	0.00190	0.00561	0.00948	0.00485	0.00634
12	0.02242	0.01566	0.14074	0.01210	0.01706	0.09620	0.01115	0.04941	0.05474	0.49068	0.01900	0.01739	0.01246	0.00681	0.00573	0.00178	0.00622	0.00537	0.00581	0.00928
13	0.01290	0.01281	0.02252	0.28271	0.29022	0.01422	0.13803	0.01643	0.01218	0.01684	0.01041	0.01475	0.00843	0.00604	0.00782	0.00195	0.11588	0.00545	0.00274	0.00766
14	0.01093	0.01122	0.02272	0.01761	0.02116	0.01051	0.43005	0.01420	0.01264	0.01704	0.02030	0.34209	0.02129	0.01050	0.00710	0.00213	0.00710	0.01093	0.00397	0.00653
15	0.10834	0.40043	0.02437	0.01248	0.01696	0.08553	0.11080	0.02033	0.13655	0.01761	0.01131	0.01241	0.00926	0.00559	0.00465	0.00155	0.00663	0.00428	0.00330	0.00761
16	0.00975	0.11624	0.01173	0.00887	0.01028	0.00896	0.00703	0.01102	0.00952	0.01333	0.01384	0.02031	0.01294	0.04596	0.48609	0.14625	0.01166	0.00560	0.04558	0.00504
17	0.00821	0.00613	0.00868	0.00868	0.00968	0.00660	0.00657	0.01030	0.01181	0.01675	0.24589	0.15196	0.03059	0.02888	0.39404	0.00573	0.03061	0.00917	0.00448	0.00524
18	0.12849	0.01682	0.22400	0.01224	0.01709	0.01320	0.01202	0.02436	0.35882	0.07262	0.01918	0.01863	0.04350	0.00711	0.00552	0.00190	0.00567	0.00564	0.00469	0.00850
19	0.01839	0.01227	0.03272	0.12057	0.02118	0.01208	0.13312	0.18223	0.02856	0.25958	0.01808	0.10421	0.01415	0.00779	0.00618	0.00190	0.00637	0.00697	0.00521	0.00845
20	0.02700	0.00920	0.01472	0.54846	0.03102	0.01097	0.01339	0.01393	0.01261	0.01680	0.13838	0.02575	0.01857	0.00799	0.00620	0.00200	0.00657	0.08673	0.00356	0.00617
21	0.01373	0.01569	0.03431	0.02451	0.03039	0.01471	0.73824	0.01863	0.01373	0.01863	0.01176	0.01569	0.00882	0.00490	0.00686	0.00196	0.00980	0.00686	0.00294	0.00784
22	0.01528	0.11467	0.47348	0.01444	0.02134	0.05911	0.01678	0.02085	0.04795	0.14351	0.01281	0.01354	0.00906	0.00588	0.00537	0.00175	0.00763	0.00450	0.00345	0.00860

[dist]
# distance from previous block
# <min> <max>
5	92

[block]
# block no. 6 follows, 40 sequences, length 40
# corresponding to MSA columns:
# 1139-1178
name=unknown_G
#
# <colnr> <probs for GDERKNQSTAVLIFYWHMCP>
#	G	D	E	R	K	N	Q	S	T	A	V	L	I	F	Y	W	H	M	C	P
0	0.06033	0.23551	0.37749	0.01462	0.06379	0.01521	0.01565	0.01720	0.01222	0.01747	0.01234	0.01838	0.01084	0.00672	0.00526	0.00178	0.00718	0.09730	0.00293	0.00777
1	0.45210	0.08395	0.01393	0.03386	0.07068	0.01426	0.00881	0.13174	0.01390	0.11253	0.01104	0.01191	0.00818	0.00582	0.00445	0.00174	0.00528	0.00400	0.00418	0.00762
2	0.06194	0.12002	0.29227	0.01443	0.02064	0.05975	0.10848	0.06141	0.01353	0.04369	0.01069	0.01239	0.00810	0.00533	0.00517	0.00159	0.00736	0.00435	0.00314	0.14571
3	0.01856	0.12297	0.01943	0.05296	0.01895	0.38488	0.05340	0.09920	0.05967	0.01746	0.01037	0.01218	0.00847	0.00646	0.00675	0.00168	0.09154	0.00439	0.00334	0.00733
4	0.13210	0.01568	0.02148	0.05283	0.28433	0.12834	0.16287	0.05268	0.01415	0.06475	0.01125	0.01372	0.00875	0.00551	0.00561	0.00176	0.00760	0.00507	0.00340	0.00811
5	0.01351	0.11532	0.02329	0.21316	0.37578	0.01453	0.08151	0.01694	0.01263	0.01725	0.01046	0.01399	0.00855	0.00523	0.00552	0.00169	0.00714	0.00496	0.00279	0.05574
6	0.01517	0.01660	0.16296	0.03911	0.32237	0.01368	0.08202	0.13119	0.01518	0.06419	0.01243	0.01502	0.00961	0.00855	0.06402	0.00236	0.00798	0.00529	0.00353	0.00875
7	0.01234	0.08234	0.57102	0.01764	0.02545	0.01442	0.15972	0.01839	0.01253	0.01812	0.01053	0.01273	0.00766	0.00536	0.00566	0.00182	0.00866	0.00471	0.00255	0.00837
8	0.00932	0.00789	0.01180	0.01038	0.01276	0.00686	0.10136	0.01127	0.01173	0.01646	0.02345	0.47663	0.02641	0.01266	0.00649	0.00190	0.00447	0.01168	0.00454	0.23195
9	0.01024	0.00703	0.00779	0.00726	0.00787	0.00725	0.00451	0.10383	0.01092	0.01458	0.01775	0.03491	0.01967	0.69281	0.02650	0.00513	0.00574	0.00804	0.00382	0.00435
10	0.01022	0.00893	0.01401	0.30269	0.02301	0.00935	0.08984	0.01323	0.01233	0.01686	0.03753	0.08739	0.15270	0.00850	0.00591	0.00180	0.00565	0.00759	0.11114	0.08129
11	0.01634	0.01291	0.01469	0.01410	0.08340	0.01442	0.01018	0.12196	0.53209	0.08153	0.02119	0.01988	0.01569	0.00747	0.00588	0.00191	0.00507	0.00622	0.00572	0.00935
12	0.01001	0.00863	0.01260	0.01155	0.01232	0.01101	0.02162	0.01187	0.00935	0.01400	0.01285	0.01917	0.01205	0.03024	0.47477	0.00662	0.28281	0.00582	0.02706	0.00565
13	0.21133	0.04707	0.38324	0.03886	0.11710	0.01408	0.01602	0.07330	0.01295	0.02148	0.01013	0.01200	0.00756	0.00555	0.00506	0.00179	0.00712	0.00419	0.00305	0.00812
14	0.13758	0.01595	0.01470	0.01329	0.06013	0.23349	0.02154	0.03406	0.07098	0.30660	0.01557	0.01518	0.01093	0.00653	0.00556	0.00173	0.01807	0.00486	0.00495	0.00829
15	0.00706	0.00517	0.00664	0.00781	0.00836	0.00475	0.00527	0.00813	0.01141	0.01496	0.03555	0.69589	0.13215	0.01776	0.00735	0.00231	0.00332	0.01598	0.00540	0.00475
16	0.01566	0.18964	0.38592	0.01459	0.02132	0.01463	0.08175	0.02027	0.01321	0.17108	0.01263	0.01351	0.00897	0.00570	0.00533	0.00172	0.00744	0.00460	0.00348	0.00855
17	0.01510	0.02021	0.31861	0.08616	0.02405	0.03480	0.12756	0.07478	0.05815	0.11661	0.01311	0.01475	0.00938	0.00622	0.00666	0.00190	0.05470	0.00521	0.00364	0.00840
18	0.01563	0.00843	0.01241	0.08012	0.01515	0.00795	0.06297	0.01846	0.01532	0.28698	0.27299	0.02748	0.02737	0.00846	0.00604	0.00178	0.00452	0.00742	0.11319	0.00732
19	0.16045	0.01082	0.01299	0.01019	0.01445	0.01043	0.00839	0.11865	0.01690	0.52020	0.04426	0.01811	0.01383	0.00703	0.00550	0.00179	0.00499	0.00548	0.00639	0.00914
20	0.01618	0.01886	0.25988	0.08535	0.03305	0.01404	0.09502	0.24385	0.01743	0.09160	0.01407	0.05930	0.01082	0.00682	0.00593	0.00186	0.00731	0.00582	0.00418	0.00862
21	0.01607	0.10789	0.02484	0.04682	0.36155	0.08772	0.16397	0.01935	0.01375	0.08565	0.01166	0.01421	0.00919	0.00538	0.00571	0.00171	0.00761	0.00521	0.00324	0.00847
22	0.00709	0.00506	0.00675	0.00810	0.00843	0.00472	0.00540	0.00810	0.01113	0.01484	0.03205	0.79184	0.03846	0.01822	0.00742	0.00236	0.00337	0.01653	0.00540	0.00472
23	0.01385	0.01168	0.01790	0.05906	0.28735	0.03451	0.07928	0.05865	0.04869	0.06505	0.17755	0.02177	0.01998	0.00819	0.00739	0.06470	0.00601	0.00657	0.00420	0.00762
24	0.06394	0.01635	0.09307	0.02100	0.05184	0.04872	0.49319	0.01875	0.01362	0.06181	0.01428	0.01698	0.04631	0.00567	0.00638	0.00190	0.00868	0.00642	0.00331	0.00778
25	0.01585	0.37855	0.25290	0.01309	0.01880	0.15307	0.01379	0.06233	0.01372	0.01662	0.00932	0.01072	0.00758	0.00545	0.00468	0.00150	0.00772	0.00372	0.00277	0.00783
26	0.00833	0.00686	0.01060	0.00969	0.01132	0.00632	0.10086	0.01052	0.01362	0.01845	0.28937	0.33435	0.12935	0.01381	0.00708	0.00207	0.00394	0.01261	0.00543	0.00542
27	0.01602	0.01309	0.01874	0.17302	0.02327	0.01428	0.13392	0.30179	0.01849	0.04894	0.01707	0.02193	0.05618	0.00784	0.00687	0.00196	0.04297	0.07118	0.00449	0.00796
28	0.01237	0.01054	0.10817	0.01029	0.01300	0.00825	0.00893	0.06972	0.05814	0.13011	0.09189	0.34689	0.02853	0.01271	0.00672	0.00212	0.00468	0.06474	0.00543	0.00678
29	0.01066	0.00702	0.00873	0.00848	0.01011	0.00678	0.00626	0.04950	0.07084	0.09400	0.27266	0.32284	0.08229	0.01345	0.00685	0.00204	0.00354	0.01188	0.00597	0.00611
30	0.01351	0.01717	0.12298	0.21432	0.06453	0.08324	0.35018	0.01795	0.01315	0.01718	0.01087	0.01461	0.00824	0.00542	0.00643	0.00190	0.02231	0.00571	0.00278	0.00753
31	0.01620	0.42122	0.16329	0.01151	0.01664	0.08639	0.01171	0.01907	0.01331	0.11310	0.06732	0.01394	0.01195	0.00599	0.00472	0.00150	0.00663	0.00431	0.00344	0.00778
32	0.01692	0.01469	0.05033	0.02155	0.09265	0.01337	0.45029	0.05688	0.01497	0.18664	0.01427	0.01630	0.01012	0.00557	0.00644	0.00189	0.00824	0.00632	0.00402	0.00855
33	0.00725	0.00518	0.00685	0.00796	0.00840	0.00484	0.00535	0.00843	0.01164	0.01567	0.11160	0.68600	0.03974	0.04145	0.00804	0.00240	0.00337	0.01562	0.00545	0.00477
34	0.02316	0.05774	0.02378	0.01090	0.01496	0.01064	0.00917	0.02621	0.05957	0.58832	0.02901	0.01882	0.01395	0.00741	0.00694	0.00185	0.07620	0.00569	0.00635	0.00932
35	0.32209	0.00977	0.03143	0.00852	0.01155	0.00978	0.00702	0.01749	0.08168	0.12033	0.24411	0.02565	0.05989	0.00849	0.00540	0.00185	0.00409	0.01886	0.00523	0.00677
36	0.01901	0.01142	0.01321	0.01025	0.01438	0.01112	0.00833	0.25850	0.03338	0.22973	0.03726	0.01723	0.01298	0.00661	0.00530	0.00153	0.00491	0.00523	0.12108	0.17853
37	0.10407	0.00992	0.01195	0.09456	0.01563	0.03470	0.00863	0.01937	0.05588	0.28298	0.04676	0.09372	0.11948	0.00928	0.00691	0.00195	0.06407	0.00742	0.00530	0.00742
38	0.01271	0.01260	0.02276	0.16578	0.02600	0.01224	0.33644	0.01764	0.06864	0.01858	0.01251	0.01566	0.00961	0.00529	0.00585	0.00168	0.00736	0.00567	0.05296	0.19001
39	0.01240	0.02496	0.50565	0.01939	0.02703	0.01393	0.27620	0.01849	0.01279	0.01849	0.01091	0.01349	0.00788	0.00530	0.00600	0.00188	0.00902	0.00521	0.00263	0.00833

[dist]
# distance from previous block
# <min> <max>
1	5

[block]
# block no. 7 follows, 40 sequences, length 25
# corresponding to MSA columns:
# 1184-1208
name=unknown_H
#
# <colnr> <probs for GDERKNQSTAVLIFYWHMCP>
#	G	D	E	R	K	N	Q	S	T	A	V	L	I	F	Y	W	H	M	C	P
0	0.02160	0.01319	0.01514	0.01177	0.01625	0.01356	0.00963	0.35452	0.11027	0.27351	0.01779	0.01666	0.01222	0.00693	0.00571	0.00171	0.00552	0.00544	0.00608	0.08251
1	0.10389	0.07125	0.02071	0.21988	0.42568	0.01420	0.01541	0.01720	0.02535	0.01842	0.01049	0.01388	0.00854	0.00540	0.00539	0.00176	0.00677	0.00482	0.00291	0.00806
2	0.00739	0.00547	0.00758	0.06836	0.01090	0.00536	0.00624	0.00862	0.01117	0.01485	0.03036	0.73136	0.03607	0.01725	0.00730	0.00233	0.00371	0.01565	0.00518	0.00486
3	0.01580	0.02581	0.32405	0.01568	0.02082	0.33272	0.04962	0.01964	0.01374	0.01609	0.01014	0.01249	0.00803	0.00875	0.06327	0.00229	0.04650	0.00437	0.00276	0.00742
4	0.12862	0.01736	0.01826	0.07334	0.09329	0.19796	0.09121	0.24235	0.01793	0.03812	0.01192	0.01352	0.01824	0.00614	0.00550	0.00173	0.00758	0.00487	0.00401	0.00804
5	0.06819	0.50790	0.17301	0.01141	0.01685	0.03325	0.01199	0.03254	0.06719	0.01667	0.00984	0.01095	0.00818	0.00539	0.00431	0.00147	0.00654	0.00366	0.00288	0.00778
6	0.01113	0.00870	0.00907	0.06526	0.01183	0.07465	0.00666	0.05872	0.01536	0.02170	0.33050	0.03146	0.08563	0.00939	0.00580	0.00168	0.00404	0.00790	0.23464	0.00589
7	0.03047	0.43881	0.27212	0.01451	0.08422	0.03925	0.01443	0.01793	0.01218	0.01598	0.00914	0.01079	0.00756	0.00521	0.00454	0.00150	0.00715	0.00370	0.00255	0.00795
8	0.01393	0.01228	0.15739	0.01125	0.01495	0.00875	0.01090	0.01806	0.06035	0.19956	0.06038	0.03945	0.08780	0.01103	0.00672	0.00215	0.00551	0.26692	0.00533	0.00730
9	0.00717	0.00510	0.00672	0.00799	0.00830	0.00478	0.00528	0.00812	0.01097	0.01462	0.03119	0.74442	0.03737	0.06712	0.00882	0.00257	0.00352	0.01602	0.00528	0.00465
10	0.01164	0.06734	0.01337	0.01046	0.01198	0.01125	0.05372	0.02422	0.01110	0.01763	0.01392	0.01797	0.01181	0.01349	0.13383	0.00303	0.22357	0.00538	0.33828	0.00601
11	0.01331	0.35227	0.06106	0.14172	0.01961	0.01673	0.06510	0.01567	0.01135	0.01497	0.00992	0.01308	0.00848	0.00701	0.00754	0.06353	0.09196	0.00436	0.07561	0.00671
12	0.01785	0.00937	0.01286	0.01051	0.01390	0.00883	0.06198	0.02236	0.12163	0.35466	0.10163	0.09068	0.02089	0.00849	0.00595	0.00182	0.00462	0.00737	0.09646	0.02812
13	0.00965	0.00642	0.00840	0.00919	0.01032	0.00628	0.00689	0.01241	0.07267	0.07183	0.03039	0.49826	0.03378	0.01604	0.00733	0.00236	0.00406	0.18253	0.00556	0.00563
14	0.00859	0.00614	0.00891	0.00891	0.00999	0.00707	0.00692	0.01073	0.00966	0.01440	0.01595	0.02272	0.01458	0.03957	0.68822	0.00847	0.01416	0.00614	0.09366	0.00522
15	0.10753	0.07227	0.02209	0.10958	0.03208	0.01520	0.25103	0.11872	0.13878	0.02205	0.01327	0.01531	0.01007	0.00602	0.00602	0.00186	0.02351	0.00560	0.02112	0.00792
16	0.50237	0.20152	0.14160	0.00970	0.01447	0.01549	0.00973	0.01739	0.01075	0.02185	0.00849	0.00990	0.00675	0.00532	0.00396	0.00167	0.00560	0.00333	0.00314	0.00696
17	0.36034	0.01031	0.01022	0.00913	0.01194	0.01150	0.00721	0.07122	0.09321	0.08838	0.01880	0.11791	0.06913	0.03998	0.00696	0.00210	0.05357	0.00666	0.00463	0.00679
18	0.01666	0.01878	0.01999	0.01997	0.18653	0.31606	0.13461	0.03450	0.01502	0.01772	0.06566	0.01494	0.01180	0.00590	0.00566	0.00159	0.00822	0.00510	0.00332	0.09797
19	0.01460	0.01691	0.03183	0.02353	0.04416	0.09791	0.63019	0.01903	0.01393	0.01807	0.01137	0.01503	0.00866	0.00512	0.00688	0.00192	0.02372	0.00645	0.00294	0.00772
20	0.00766	0.00563	0.00734	0.00806	0.00894	0.00508	0.00554	0.00900	0.01180	0.01615	0.10960	0.63936	0.03757	0.01627	0.00708	0.00217	0.00339	0.01469	0.00533	0.07934
21	0.00863	0.00731	0.01217	0.01121	0.01284	0.00687	0.14091	0.01070	0.01234	0.01652	0.09216	0.46851	0.06729	0.01539	0.02334	0.00240	0.00492	0.07610	0.00498	0.00544
22	0.00709	0.00506	0.00675	0.00810	0.00843	0.00472	0.00540	0.00810	0.01113	0.01484	0.03205	0.79184	0.03846	0.01822	0.00742	0.00236	0.00337	0.01653	0.00540	0.00472
23	0.11609	0.01338	0.05030	0.22133	0.02222	0.01432	0.01153	0.31326	0.04788	0.02645	0.01303	0.01490	0.00961	0.00642	0.00535	0.00178	0.00617	0.00499	0.09307	0.00795
24	0.01627	0.32637	0.10308	0.01094	0.01627	0.01617	0.01053	0.13472	0.01486	0.08556	0.01116	0.01199	0.00874	0.00539	0.00459	0.00135	0.00593	0.00391	0.00367	0.20850

[dist]
# distance from previous block
# <min> <max>
8	92

# created by:
# /software/SequenceAnalysis/GenePrediction/augustus/3.0.1/scripts/msa2prfl.pl ./fixed/BUSCOvEOG7N8SJD.fas
