[name]
unknown

[dist]
# distance from previous block
# <min> <max>
0	159

[block]
# block no. 0 follows, 40 sequences, length 18
# corresponding to MSA columns:
# 160-177
name=unknown_A
#
# <colnr> <probs for GDERKNQSTAVLIFYWHMCP>
#	G	D	E	R	K	N	Q	S	T	A	V	L	I	F	Y	W	H	M	C	P
0	0.01087	0.00911	0.01267	0.03226	0.03884	0.03460	0.06968	0.01527	0.09683	0.01813	0.02722	0.05148	0.04545	0.01323	0.00744	0.00243	0.00586	0.49745	0.00499	0.00618
1	0.00846	0.00564	0.00634	0.00634	0.00634	0.00564	0.00352	0.00846	0.00846	0.01128	0.01832	0.03805	0.02114	0.79563	0.02960	0.00564	0.00564	0.00846	0.00352	0.00352
2	0.02172	0.02772	0.01648	0.01498	0.01798	0.77228	0.01124	0.02322	0.01648	0.01423	0.00899	0.01049	0.00749	0.00599	0.00524	0.00150	0.01049	0.00375	0.00300	0.00674
3	0.00980	0.00528	0.00781	0.00781	0.00806	0.00547	0.00542	0.00834	0.00809	0.01121	0.01148	0.01879	0.01112	0.02394	0.15971	0.64516	0.00689	0.00528	0.03720	0.00314
4	0.01272	0.01272	0.01781	0.01527	0.01527	0.01781	0.01272	0.01399	0.00891	0.01399	0.00763	0.01272	0.00763	0.01018	0.01908	0.00254	0.78499	0.00509	0.00254	0.00636
5	0.01206	0.01034	0.01206	0.00861	0.01378	0.00775	0.00689	0.01464	0.01206	0.01895	0.01034	0.01206	0.00861	0.00431	0.00431	0.00086	0.00431	0.00345	0.00345	0.83118
6	0.00823	0.00594	0.00777	0.00732	0.00869	0.00549	0.00549	0.01097	0.01646	0.02332	0.75629	0.04344	0.05487	0.01189	0.00686	0.00183	0.00274	0.01052	0.00640	0.00549
7	0.00741	0.00513	0.00664	0.00780	0.00817	0.00484	0.00517	0.00843	0.01097	0.01493	0.03019	0.68684	0.03572	0.08194	0.00907	0.00258	0.00352	0.01525	0.05074	0.00466
8	0.00961	0.00697	0.00955	0.01076	0.01219	0.00706	0.00936	0.01294	0.04821	0.01773	0.03045	0.06352	0.03272	0.01568	0.00793	0.00264	0.00532	0.68643	0.00538	0.00554
9	0.00823	0.00594	0.00777	0.00732	0.00869	0.00549	0.00549	0.01097	0.01646	0.02332	0.75629	0.04344	0.05487	0.01189	0.00686	0.00183	0.00274	0.01052	0.00640	0.00549
10	0.01940	0.01096	0.01306	0.01081	0.01451	0.01120	0.00866	0.09301	0.28271	0.34121	0.10899	0.02274	0.01997	0.00798	0.00599	0.00186	0.00470	0.00661	0.00651	0.00912
11	0.79926	0.01148	0.00896	0.00791	0.01156	0.01327	0.00652	0.05032	0.01070	0.02658	0.00837	0.00965	0.00646	0.00547	0.00370	0.00180	0.00459	0.00324	0.00370	0.00646
12	0.00991	0.00712	0.00944	0.01034	0.01172	0.00718	0.00861	0.07141	0.01403	0.01841	0.02968	0.22644	0.03265	0.01580	0.00771	0.00253	0.00499	0.50104	0.00540	0.00559
13	0.00809	0.00589	0.00761	0.00728	0.00863	0.00541	0.00542	0.01065	0.01596	0.02239	0.67402	0.08928	0.09271	0.01243	0.00689	0.00187	0.00279	0.01098	0.00629	0.00541
14	0.00823	0.00594	0.00777	0.00732	0.00869	0.00549	0.00549	0.01097	0.01646	0.02332	0.75629	0.04344	0.05487	0.01189	0.00686	0.00183	0.00274	0.01052	0.00640	0.00549
15	0.00758	0.00535	0.00676	0.00748	0.00792	0.00506	0.00490	0.00859	0.01125	0.01512	0.12782	0.47543	0.05926	0.21445	0.01295	0.00311	0.00385	0.01353	0.00506	0.00453
16	0.00831	0.00623	0.00935	0.00935	0.01038	0.00727	0.00727	0.01038	0.00935	0.01350	0.01558	0.02285	0.01454	0.04361	0.77259	0.00935	0.01558	0.00623	0.00312	0.00519
17	0.54237	0.01307	0.01176	0.00972	0.01370	0.01485	0.00802	0.27829	0.01620	0.02991	0.01022	0.01108	0.00760	0.00597	0.00440	0.00178	0.00519	0.00390	0.00440	0.00760

[dist]
# distance from previous block
# <min> <max>
0	2

[block]
# block no. 1 follows, 40 sequences, length 32
# corresponding to MSA columns:
# 180-211
name=unknown_B
#
# <colnr> <probs for GDERKNQSTAVLIFYWHMCP>
#	G	D	E	R	K	N	Q	S	T	A	V	L	I	F	Y	W	H	M	C	P
0	0.11715	0.01328	0.01277	0.01065	0.01421	0.17030	0.00842	0.02342	0.01500	0.41717	0.04019	0.01850	0.01361	0.05190	0.04559	0.00233	0.00658	0.00539	0.00546	0.00809
1	0.19335	0.01017	0.01247	0.00979	0.01410	0.00948	0.00808	0.02602	0.01525	0.61125	0.01988	0.01766	0.01272	0.00683	0.00538	0.00180	0.00486	0.00529	0.00645	0.00915
2	0.02230	0.01334	0.01524	0.01179	0.01619	0.01384	0.00970	0.44412	0.02266	0.28082	0.02039	0.01910	0.06778	0.00764	0.00591	0.00178	0.00565	0.00597	0.00625	0.00952
3	0.00736	0.00527	0.00700	0.00791	0.00850	0.00491	0.00542	0.00879	0.01242	0.01689	0.20691	0.61115	0.04242	0.01669	0.00729	0.00223	0.00322	0.01508	0.00564	0.00491
4	0.00802	0.00578	0.00759	0.00746	0.00864	0.00535	0.00547	0.01045	0.01549	0.02177	0.62387	0.18027	0.05187	0.01305	0.00696	0.00193	0.00286	0.01162	0.00622	0.00535
5	0.00831	0.00623	0.00935	0.00935	0.01038	0.00727	0.00727	0.01038	0.00935	0.01350	0.01558	0.02285	0.01454	0.04361	0.77259	0.00935	0.01558	0.00623	0.00312	0.00519
6	0.01098	0.01034	0.01744	0.78165	0.04005	0.01292	0.01615	0.01486	0.01163	0.01486	0.01034	0.01550	0.00775	0.00581	0.00581	0.00194	0.00775	0.00517	0.00258	0.00646
7	0.00741	0.00537	0.00685	0.00760	0.00828	0.00497	0.00519	0.00875	0.01224	0.01643	0.18553	0.51055	0.10629	0.07523	0.00893	0.00246	0.00337	0.01427	0.00547	0.00481
8	0.01206	0.01034	0.01206	0.00861	0.01378	0.00775	0.00689	0.01464	0.01206	0.01895	0.01034	0.01206	0.00861	0.00431	0.00431	0.00086	0.00431	0.00345	0.00345	0.83118
9	0.01179	0.01141	0.02197	0.03091	0.02096	0.01073	0.38722	0.03318	0.01287	0.03380	0.01822	0.23770	0.01829	0.06843	0.00853	0.00228	0.00713	0.00945	0.00387	0.05124
10	0.02075	0.01459	0.01593	0.01263	0.01694	0.01601	0.01030	0.48139	0.20023	0.12291	0.01741	0.01655	0.01234	0.00723	0.00585	0.00181	0.00579	0.00563	0.00601	0.00972
11	0.01010	0.00505	0.00758	0.00758	0.00758	0.00505	0.00505	0.00758	0.00758	0.01010	0.01010	0.01768	0.01010	0.02020	0.02273	0.83081	0.00505	0.00505	0.00253	0.00253
12	0.20937	0.00840	0.01015	0.05039	0.01263	0.00852	0.03783	0.01390	0.02928	0.03663	0.36327	0.06798	0.03223	0.00937	0.00584	0.00181	0.00403	0.02504	0.00508	0.06826
13	0.68303	0.01192	0.01250	0.01032	0.01403	0.01352	0.10526	0.01714	0.01036	0.02446	0.00857	0.01046	0.00671	0.00558	0.00484	0.00186	0.04573	0.00375	0.00346	0.00651
14	0.01566	0.05773	0.01475	0.01064	0.01531	0.15294	0.00853	0.13207	0.01531	0.02060	0.01054	0.01192	0.00854	0.00508	0.00469	0.00114	0.00590	0.00377	0.00369	0.50120
15	0.01404	0.01345	0.02296	0.11372	0.68411	0.01372	0.01767	0.01753	0.01307	0.01857	0.01088	0.01451	0.00906	0.00525	0.00576	0.00175	0.00700	0.00518	0.00285	0.00892
16	0.00709	0.00506	0.00675	0.00810	0.00843	0.00472	0.00540	0.00810	0.01113	0.01484	0.03205	0.79184	0.03846	0.01822	0.00742	0.00236	0.00337	0.01653	0.00540	0.00472
17	0.01168	0.00994	0.01166	0.00857	0.01338	0.00752	0.00678	0.01415	0.01199	0.01864	0.01197	0.07089	0.01087	0.00536	0.00454	0.00097	0.00424	0.00443	0.00359	0.76882
18	0.01010	0.00505	0.00758	0.00758	0.00758	0.00505	0.00505	0.00758	0.00758	0.01010	0.01010	0.01768	0.01010	0.02020	0.02273	0.83081	0.00505	0.00505	0.00253	0.00253
19	0.01439	0.01382	0.02360	0.03569	0.75936	0.01382	0.01785	0.01785	0.01324	0.01900	0.01094	0.01439	0.00921	0.00518	0.00576	0.00173	0.00691	0.00518	0.00288	0.00921
20	0.00913	0.00624	0.00784	0.00823	0.00939	0.00590	0.00598	0.04527	0.01325	0.05321	0.13315	0.41930	0.12497	0.05510	0.00830	0.00238	0.00375	0.07770	0.00554	0.00535
21	0.15930	0.00676	0.00786	0.00814	0.00960	0.00670	0.00588	0.01205	0.01208	0.09138	0.11234	0.48600	0.03221	0.01407	0.00651	0.00214	0.00366	0.01235	0.00537	0.00561
22	0.01272	0.01272	0.01781	0.01527	0.01527	0.01781	0.01272	0.01399	0.00891	0.01399	0.00763	0.01272	0.00763	0.01018	0.01908	0.00254	0.78499	0.00509	0.00254	0.00636
23	0.02588	0.01024	0.01371	0.01051	0.01502	0.00906	0.00868	0.06683	0.01722	0.72407	0.02246	0.01948	0.01415	0.00719	0.00585	0.00180	0.00503	0.00581	0.00712	0.00990
24	0.18543	0.01055	0.01253	0.01003	0.01415	0.01024	0.00825	0.06956	0.05550	0.50005	0.03449	0.01900	0.01394	0.00716	0.00547	0.00183	0.00489	0.02170	0.00627	0.00895
25	0.00854	0.00562	0.00758	0.00860	0.00937	0.00528	0.00620	0.00996	0.01203	0.05662	0.06368	0.60131	0.03709	0.01699	0.00741	0.00236	0.00375	0.12695	0.00553	0.00514
26	0.01272	0.01100	0.01485	0.01336	0.01426	0.01413	0.01107	0.01609	0.09766	0.05644	0.01601	0.06463	0.01569	0.01128	0.01411	0.00245	0.46231	0.14143	0.00388	0.00661
27	0.00709	0.00506	0.00675	0.00810	0.00843	0.00472	0.00540	0.00810	0.01113	0.01484	0.03205	0.79184	0.03846	0.01822	0.00742	0.00236	0.00337	0.01653	0.00540	0.00472
28	0.05231	0.00711	0.00887	0.00927	0.01079	0.00711	0.00709	0.01415	0.09647	0.08920	0.06850	0.38330	0.03193	0.01450	0.00702	0.00228	0.00414	0.17439	0.00558	0.00600
29	0.02568	0.01055	0.01390	0.01066	0.01517	0.00952	0.00880	0.10129	0.01774	0.68888	0.02202	0.01920	0.01393	0.00718	0.00584	0.00179	0.00510	0.00579	0.00706	0.00990
30	0.00878	0.00598	0.00689	0.00698	0.00724	0.00599	0.00420	0.03957	0.00977	0.01303	0.02074	0.17989	0.02394	0.61467	0.02438	0.00485	0.00524	0.00985	0.00398	0.00402
31	0.00883	0.00697	0.00775	0.00730	0.00926	0.00653	0.00554	0.06545	0.05018	0.02009	0.27556	0.08275	0.40623	0.01308	0.00677	0.00192	0.00324	0.01112	0.00578	0.00566

[dist]
# distance from previous block
# <min> <max>
0	19

[block]
# block no. 2 follows, 40 sequences, length 13
# corresponding to MSA columns:
# 231-243
name=unknown_C
#
# <colnr> <probs for GDERKNQSTAVLIFYWHMCP>
#	G	D	E	R	K	N	Q	S	T	A	V	L	I	F	Y	W	H	M	C	P
0	0.01992	0.02420	0.01653	0.01469	0.01737	0.59380	0.01127	0.04796	0.01551	0.01523	0.00902	0.01103	0.00765	0.00660	0.00737	0.00164	0.12999	0.00400	0.00305	0.04317
1	0.00733	0.00524	0.00703	0.00838	0.00883	0.00494	0.00583	0.00852	0.01138	0.01512	0.03191	0.71325	0.03792	0.01799	0.00749	0.00240	0.00359	0.09267	0.00539	0.00479
2	0.00831	0.00623	0.00935	0.00935	0.01038	0.00727	0.00727	0.01038	0.00935	0.01350	0.01558	0.02285	0.01454	0.04361	0.77259	0.00935	0.01558	0.00623	0.00312	0.00519
3	0.02169	0.01608	0.01722	0.01330	0.01788	0.01784	0.01095	0.70146	0.06652	0.03598	0.01449	0.01438	0.01032	0.00703	0.00582	0.00176	0.00630	0.00531	0.00582	0.00985
4	0.00719	0.00515	0.00685	0.00802	0.00846	0.00480	0.00541	0.00837	0.01164	0.01566	0.10157	0.72000	0.04004	0.01761	0.00737	0.00231	0.00331	0.01595	0.00549	0.00480
5	0.01272	0.01272	0.01781	0.01527	0.01527	0.01781	0.01272	0.01399	0.00891	0.01399	0.00763	0.01272	0.00763	0.01018	0.01908	0.00254	0.78499	0.00509	0.00254	0.00636
6	0.02211	0.01629	0.01745	0.01338	0.01803	0.01803	0.01105	0.73997	0.02734	0.03665	0.01396	0.01396	0.00989	0.00698	0.00582	0.00175	0.00640	0.00524	0.00582	0.00989
7	0.01010	0.00505	0.00758	0.00758	0.00758	0.00505	0.00505	0.00758	0.00758	0.01010	0.01010	0.01768	0.01010	0.02020	0.02273	0.83081	0.00505	0.00505	0.00253	0.00253
8	0.00733	0.00534	0.00691	0.00773	0.00844	0.00492	0.00534	0.00879	0.01255	0.01689	0.20313	0.55506	0.10316	0.01645	0.00724	0.00220	0.00319	0.01477	0.00563	0.00492
9	0.83671	0.01125	0.00855	0.00765	0.01125	0.01305	0.00630	0.01709	0.00990	0.02609	0.00810	0.00945	0.00630	0.00540	0.00360	0.00180	0.00450	0.00315	0.00360	0.00630
10	0.00690	0.00577	0.00601	0.00621	0.00794	0.00488	0.00456	0.00831	0.01295	0.01558	0.05504	0.16203	0.65343	0.01523	0.00695	0.00202	0.00301	0.01289	0.00540	0.00488
11	0.01562	0.01018	0.01176	0.01034	0.01334	0.01077	0.00806	0.04791	0.36385	0.18876	0.13689	0.08789	0.02409	0.00914	0.00611	0.00192	0.00429	0.00776	0.03301	0.00831
12	0.01810	0.01168	0.01326	0.01137	0.01504	0.01261	0.00900	0.03010	0.51977	0.25555	0.02344	0.02110	0.01670	0.00767	0.00590	0.00192	0.00471	0.00635	0.00632	0.00942

[dist]
# distance from previous block
# <min> <max>
5	8

[block]
# block no. 3 follows, 40 sequences, length 53
# corresponding to MSA columns:
# 252-304
name=unknown_D
#
# <colnr> <probs for GDERKNQSTAVLIFYWHMCP>
#	G	D	E	R	K	N	Q	S	T	A	V	L	I	F	Y	W	H	M	C	P
0	0.01373	0.01569	0.03431	0.02451	0.03039	0.01471	0.73824	0.01863	0.01373	0.01863	0.01176	0.01569	0.00882	0.00490	0.00686	0.00196	0.00980	0.00686	0.00294	0.00784
1	0.01205	0.00653	0.00900	0.00892	0.00911	0.00625	0.00593	0.00909	0.00889	0.01205	0.01202	0.02015	0.01186	0.02103	0.02301	0.80592	0.00570	0.00566	0.00320	0.00363
2	0.04725	0.00821	0.00935	0.00893	0.01018	0.00788	0.00603	0.05492	0.01330	0.07350	0.13746	0.17087	0.02904	0.36100	0.01750	0.00395	0.00531	0.01006	0.01914	0.00611
3	0.01200	0.00749	0.00954	0.01009	0.01134	0.00683	0.00733	0.01297	0.01358	0.11082	0.06206	0.48888	0.03562	0.04085	0.00874	0.00276	0.00467	0.14174	0.00619	0.00651
4	0.81349	0.01254	0.00994	0.00899	0.01267	0.01400	0.00714	0.01832	0.01114	0.02756	0.01007	0.01217	0.00818	0.00668	0.00447	0.00215	0.00516	0.00381	0.00424	0.00729
5	0.01127	0.00731	0.00818	0.00803	0.00851	0.00697	0.00492	0.01106	0.01041	0.04345	0.02072	0.03980	0.02261	0.68140	0.02694	0.00544	0.00612	0.03910	0.03275	0.00499
6	0.02297	0.01149	0.01414	0.01166	0.01552	0.01074	0.00917	0.11100	0.08477	0.46538	0.08428	0.08863	0.02114	0.00977	0.00687	0.00221	0.00542	0.00770	0.00723	0.00991
7	0.11627	0.01023	0.01101	0.00974	0.01243	0.01010	0.00746	0.14516	0.03505	0.05774	0.31574	0.03667	0.18411	0.01157	0.00697	0.00219	0.00451	0.00916	0.00632	0.00755
8	0.00846	0.00564	0.00634	0.00634	0.00634	0.00564	0.00352	0.00846	0.00846	0.01128	0.01832	0.03805	0.02114	0.79563	0.02960	0.00564	0.00564	0.00846	0.00352	0.00352
9	0.00709	0.00506	0.00675	0.00810	0.00843	0.00472	0.00540	0.00810	0.01113	0.01484	0.03205	0.79184	0.03846	0.01822	0.00742	0.00236	0.00337	0.01653	0.00540	0.00472
10	0.00709	0.00506	0.00675	0.00810	0.00843	0.00472	0.00540	0.00810	0.01113	0.01484	0.03205	0.79184	0.03846	0.01822	0.00742	0.00236	0.00337	0.01653	0.00540	0.00472
11	0.01206	0.01034	0.01206	0.00861	0.01378	0.00775	0.00689	0.01464	0.01206	0.01895	0.01034	0.01206	0.00861	0.00431	0.00431	0.00086	0.00431	0.00345	0.00345	0.83118
12	0.01024	0.00521	0.00703	0.00703	0.00746	0.00525	0.00486	0.00943	0.00899	0.01361	0.01291	0.01906	0.01169	0.01731	0.04941	0.55485	0.00482	0.00521	0.24216	0.00348
13	0.02316	0.01108	0.01385	0.01096	0.01518	0.01071	0.00897	0.13803	0.11755	0.51913	0.03774	0.02062	0.01543	0.00754	0.00592	0.00183	0.00509	0.02083	0.00675	0.00961
14	0.01793	0.01358	0.01505	0.01127	0.01614	0.01340	0.00921	0.41160	0.02054	0.04881	0.01266	0.01331	0.00947	0.00585	0.00517	0.00137	0.00547	0.00449	0.00484	0.35984
15	0.01054	0.00772	0.02436	0.00964	0.01177	0.00694	0.03433	0.01357	0.04537	0.08143	0.19004	0.16260	0.09681	0.01293	0.00698	0.00212	0.00435	0.21565	0.00551	0.05734
16	0.01209	0.00668	0.00969	0.03979	0.01079	0.00679	0.02329	0.04200	0.03883	0.07406	0.01283	0.05036	0.01182	0.01707	0.01827	0.60731	0.00523	0.00571	0.00332	0.00408
17	0.00751	0.00545	0.00741	0.00818	0.00869	0.00513	0.02189	0.00862	0.01129	0.01517	0.08922	0.61569	0.03690	0.11749	0.01022	0.00273	0.00376	0.01478	0.00518	0.00470
18	0.01098	0.01034	0.01744	0.78165	0.04005	0.01292	0.01615	0.01486	0.01163	0.01486	0.01034	0.01550	0.00775	0.00581	0.00581	0.00194	0.00775	0.00517	0.00258	0.00646
19	0.02083	0.01470	0.01816	0.01539	0.08090	0.03556	0.07214	0.43702	0.02221	0.16186	0.03767	0.01612	0.01194	0.00681	0.00589	0.00176	0.00641	0.00560	0.01968	0.00936
20	0.00735	0.00534	0.00721	0.04097	0.00968	0.00514	0.00576	0.00847	0.01114	0.01486	0.04764	0.70217	0.03665	0.05753	0.00848	0.00250	0.00366	0.01549	0.00521	0.00475
21	0.00735	0.00531	0.00725	0.00827	0.00878	0.00520	0.00572	0.00864	0.01110	0.01505	0.06648	0.62141	0.03520	0.02225	0.13867	0.00353	0.00543	0.01446	0.00506	0.00484
22	0.01439	0.01382	0.02360	0.03569	0.75936	0.01382	0.01785	0.01785	0.01324	0.01900	0.01094	0.01439	0.00921	0.00518	0.00576	0.00173	0.00691	0.00518	0.00288	0.00921
23	0.01211	0.01054	0.01254	0.00917	0.01391	0.00860	0.00738	0.01459	0.01179	0.01853	0.01011	0.01211	0.00853	0.00480	0.00555	0.00100	0.07005	0.00358	0.00337	0.76172
24	0.00763	0.00610	0.00689	0.00709	0.00866	0.00553	0.00525	0.01003	0.05116	0.01726	0.16172	0.20760	0.42454	0.01471	0.00699	0.00206	0.00319	0.04278	0.00558	0.00520
25	0.01272	0.01272	0.01781	0.01527	0.01527	0.01781	0.01272	0.01399	0.00891	0.01399	0.00763	0.01272	0.00763	0.01018	0.01908	0.00254	0.78499	0.00509	0.00254	0.00636
26	0.00815	0.00592	0.00764	0.00725	0.00860	0.00545	0.00540	0.01075	0.01605	0.02258	0.69667	0.05901	0.08391	0.02819	0.00734	0.00192	0.00282	0.01067	0.00628	0.00541
27	0.00880	0.00552	0.00660	0.00660	0.00660	0.00552	0.00384	0.00828	0.00828	0.01103	0.01663	0.03386	0.01887	0.63582	0.02818	0.17570	0.00552	0.00775	0.00332	0.00332
28	0.00997	0.00692	0.00799	0.00782	0.00854	0.00708	0.00521	0.09550	0.01152	0.01534	0.02085	0.14250	0.02333	0.52318	0.02174	0.00445	0.00539	0.07385	0.00422	0.00461
29	0.83671	0.01125	0.00855	0.00765	0.01125	0.01305	0.00630	0.01709	0.00990	0.02609	0.00810	0.00945	0.00630	0.00540	0.00360	0.00180	0.00450	0.00315	0.00360	0.00630
30	0.12397	0.01069	0.01284	0.01027	0.01434	0.01045	0.00838	0.08836	0.10358	0.47594	0.06471	0.01965	0.01584	0.00732	0.00564	0.00182	0.00484	0.00583	0.00643	0.00910
31	0.01967	0.01142	0.01333	0.01078	0.01446	0.01165	0.00874	0.28003	0.06830	0.27340	0.05314	0.02433	0.06049	0.04764	0.00718	0.00202	0.00521	0.04312	0.03646	0.00864
32	0.00687	0.00589	0.00589	0.00589	0.00785	0.00491	0.00442	0.00835	0.01325	0.01571	0.05891	0.05596	0.75700	0.01473	0.00687	0.00196	0.00295	0.01227	0.00540	0.00491
33	0.00732	0.00516	0.00668	0.00780	0.00808	0.00488	0.00508	0.00816	0.01068	0.01424	0.02973	0.66443	0.03553	0.14962	0.01117	0.00292	0.00376	0.01517	0.00508	0.00452
34	0.01736	0.01268	0.01379	0.01130	0.01481	0.01374	0.00912	0.44273	0.08960	0.04366	0.05886	0.05582	0.07867	0.02595	0.00655	0.00192	0.00533	0.03740	0.05233	0.00838
35	0.00728	0.00520	0.00697	0.00832	0.00874	0.00489	0.00573	0.00843	0.01132	0.01506	0.03195	0.73068	0.03804	0.01804	0.00747	0.00239	0.00354	0.07579	0.00539	0.00478
36	0.02258	0.01341	0.01544	0.01197	0.01637	0.01397	0.00984	0.42569	0.05350	0.29279	0.05061	0.01766	0.01382	0.00731	0.00588	0.00178	0.00565	0.00574	0.00634	0.00967
37	0.00775	0.00641	0.00689	0.00689	0.00882	0.00577	0.00532	0.01045	0.06210	0.01719	0.12298	0.05339	0.56912	0.01412	0.00692	0.00202	0.00327	0.07978	0.00553	0.00529
38	0.02324	0.00946	0.01271	0.00999	0.01402	0.00835	0.00816	0.02608	0.04373	0.63563	0.12244	0.02307	0.02001	0.00786	0.00599	0.00181	0.00464	0.00651	0.00704	0.00927
39	0.02265	0.01442	0.01611	0.01240	0.01690	0.01539	0.01023	0.54892	0.02432	0.20571	0.01623	0.01559	0.01111	0.00702	0.00576	0.00174	0.00593	0.00538	0.03442	0.00974
40	0.01050	0.00612	0.00756	0.00701	0.00864	0.00573	0.00533	0.01319	0.01522	0.08516	0.47817	0.03506	0.03973	0.00999	0.00595	0.00169	0.00292	0.00863	0.24753	0.00584
41	0.00720	0.00588	0.00637	0.00630	0.00807	0.00504	0.00470	0.00897	0.01396	0.01750	0.22480	0.07548	0.56718	0.01416	0.00689	0.00194	0.00291	0.01198	0.00564	0.00504
42	0.02244	0.01575	0.01712	0.01312	0.01777	0.01723	0.01084	0.68004	0.02644	0.09785	0.01472	0.01445	0.01027	0.00700	0.00582	0.00175	0.00628	0.00529	0.00593	0.00989
43	0.83671	0.01125	0.00855	0.00765	0.01125	0.01305	0.00630	0.01709	0.00990	0.02609	0.00810	0.00945	0.00630	0.00540	0.00360	0.00180	0.00450	0.00315	0.00360	0.00630
44	0.00688	0.00587	0.00591	0.00594	0.00787	0.00490	0.00444	0.00834	0.01320	0.01569	0.05828	0.07326	0.74011	0.01481	0.00689	0.00197	0.00296	0.01237	0.00540	0.00490
45	0.02106	0.02674	0.01601	0.01458	0.01753	0.73811	0.01093	0.02256	0.01634	0.01430	0.01121	0.01251	0.04087	0.00638	0.00532	0.00152	0.01015	0.00413	0.00310	0.00666
46	0.01166	0.03008	0.76550	0.01657	0.02517	0.01351	0.02149	0.01842	0.01228	0.01842	0.01044	0.01228	0.00737	0.00552	0.00552	0.00184	0.00859	0.00430	0.00246	0.00859
47	0.01439	0.01382	0.02360	0.03569	0.75936	0.01382	0.01785	0.01785	0.01324	0.01900	0.01094	0.01439	0.00921	0.00518	0.00576	0.00173	0.00691	0.00518	0.00288	0.00921
48	0.00709	0.00506	0.00675	0.00810	0.00843	0.00472	0.00540	0.00810	0.01113	0.01484	0.03205	0.79184	0.03846	0.01822	0.00742	0.00236	0.00337	0.01653	0.00540	0.00472
49	0.00821	0.00558	0.00637	0.00654	0.00668	0.00549	0.00380	0.00841	0.00903	0.01194	0.02204	0.13213	0.05999	0.66058	0.02572	0.00505	0.00522	0.00965	0.00385	0.00374
50	0.00901	0.00607	0.00679	0.00663	0.00681	0.00614	0.00383	0.03790	0.00922	0.01230	0.01815	0.03709	0.02069	0.76388	0.02864	0.00548	0.00567	0.00833	0.00362	0.00378
51	0.01841	0.01426	0.01482	0.04611	0.01658	0.07798	0.00982	0.44851	0.02263	0.05263	0.17156	0.02042	0.01944	0.00789	0.00594	0.00174	0.00587	0.00625	0.03074	0.00840
52	0.00709	0.00506	0.00675	0.00810	0.00843	0.00472	0.00540	0.00810	0.01113	0.01484	0.03205	0.79184	0.03846	0.01822	0.00742	0.00236	0.00337	0.01653	0.00540	0.00472

[dist]
# distance from previous block
# <min> <max>
0	82

# created by:
# /software/SequenceAnalysis/GenePrediction/augustus/3.0.1/scripts/msa2prfl.pl ./fixed/BUSCOvEOG7RBS0M.fas
