[name]
unknown

[dist]
# distance from previous block
# <min> <max>
0	231

[block]
# block no. 0 follows, 41 sequences, length 51
# corresponding to MSA columns:
# 251-301
name=unknown_A
#
# <colnr> <probs for GDERKNQSTAVLIFYWHMCP>
#	G	D	E	R	K	N	Q	S	T	A	V	L	I	F	Y	W	H	M	C	P
0	0.03571	0.08089	0.37132	0.01621	0.09461	0.01382	0.04762	0.11493	0.01417	0.03467	0.01082	0.01247	0.00809	0.00539	0.00522	0.00162	0.00714	0.00435	0.00317	0.11777
1	0.01202	0.02020	0.40006	0.07298	0.04660	0.01214	0.01551	0.07006	0.08695	0.01991	0.06883	0.06567	0.01403	0.00696	0.00566	0.00179	0.00674	0.00578	0.00356	0.06455
2	0.12551	0.07175	0.06971	0.01272	0.01624	0.43538	0.01049	0.07866	0.01564	0.01846	0.08382	0.01373	0.01203	0.00638	0.00508	0.00157	0.00806	0.00439	0.00351	0.00688
3	0.20090	0.04349	0.27322	0.01341	0.06008	0.10257	0.01294	0.01870	0.02343	0.07351	0.01060	0.01191	0.00795	0.00541	0.00480	0.00160	0.00670	0.00395	0.00328	0.12155
4	0.01251	0.01164	0.02024	0.05844	0.02796	0.01200	0.28896	0.11109	0.01433	0.01960	0.11305	0.10328	0.01866	0.06558	0.00959	0.01796	0.07656	0.00784	0.00396	0.00675
5	0.06571	0.00896	0.05689	0.06415	0.01260	0.00802	0.00731	0.01363	0.13184	0.01809	0.09102	0.11113	0.36599	0.01169	0.00628	0.00194	0.00399	0.00983	0.00496	0.00597
6	0.09698	0.01136	0.01212	0.00979	0.01325	0.01175	0.00771	0.28203	0.07343	0.03475	0.06306	0.02145	0.06550	0.11492	0.00856	0.00212	0.00503	0.00596	0.00481	0.15540
7	0.23815	0.01407	0.01411	0.01169	0.01479	0.13465	0.08101	0.15169	0.01465	0.02300	0.01149	0.01346	0.00900	0.00636	0.00612	0.00172	0.08379	0.00454	0.15879	0.00691
8	0.01807	0.00816	0.01047	0.00874	0.01199	0.00713	0.00695	0.02027	0.03061	0.45692	0.05226	0.10666	0.21651	0.01026	0.00620	0.00187	0.00412	0.00861	0.00639	0.00779
9	0.01945	0.01416	0.01552	0.06137	0.01759	0.01570	0.01024	0.58884	0.03499	0.03252	0.01431	0.01496	0.01037	0.00678	0.00549	0.00168	0.00587	0.00519	0.11605	0.00891
10	0.01695	0.09080	0.01533	0.01041	0.01482	0.01314	0.00864	0.32063	0.01838	0.07036	0.01337	0.03357	0.01045	0.00611	0.00495	0.00138	0.00518	0.00471	0.06745	0.27337
11	0.10037	0.01354	0.01705	0.06234	0.01875	0.01455	0.10788	0.40125	0.02013	0.08541	0.01380	0.01480	0.00993	0.00636	0.00547	0.00173	0.00617	0.00522	0.08678	0.00846
12	0.00902	0.00603	0.00780	0.00749	0.00898	0.00551	0.00566	0.01139	0.01521	0.06860	0.53785	0.12573	0.11193	0.01251	0.00680	0.00190	0.00304	0.04290	0.00610	0.00553
13	0.09474	0.01384	0.01491	0.05684	0.01693	0.04823	0.01008	0.38788	0.06735	0.07561	0.06011	0.03971	0.01338	0.00756	0.00661	0.00182	0.06533	0.00566	0.00508	0.00834
14	0.00748	0.00537	0.00712	0.00780	0.00854	0.00501	0.00551	0.00917	0.01296	0.01776	0.29794	0.48806	0.04352	0.01555	0.00712	0.00214	0.00318	0.04515	0.00567	0.00495
15	0.13684	0.05902	0.01174	0.05448	0.01311	0.09349	0.03945	0.01556	0.01178	0.05210	0.01386	0.01685	0.01121	0.01231	0.13432	0.00283	0.02550	0.00487	0.28460	0.00607
16	0.01151	0.00787	0.00884	0.00818	0.00974	0.00818	0.00587	0.07330	0.14005	0.06039	0.06572	0.03373	0.07163	0.34888	0.01594	0.00345	0.00482	0.05171	0.06443	0.00574
17	0.01654	0.44076	0.02359	0.01130	0.01550	0.01993	0.01019	0.20023	0.10828	0.02044	0.01128	0.01212	0.00922	0.00617	0.00571	0.00154	0.07126	0.00417	0.00369	0.00806
18	0.01340	0.01113	0.01350	0.01252	0.10147	0.01034	0.00873	0.13491	0.09587	0.02206	0.06095	0.05104	0.03684	0.00653	0.00519	0.00137	0.00473	0.00547	0.00429	0.39968
19	0.01113	0.12877	0.24043	0.07020	0.01737	0.01156	0.01195	0.06952	0.01271	0.01734	0.02969	0.27959	0.01890	0.02256	0.00622	0.00193	0.00587	0.00843	0.00378	0.03205
20	0.01367	0.01312	0.02222	0.12674	0.64122	0.01365	0.01713	0.01703	0.01264	0.01797	0.01054	0.01422	0.00882	0.00539	0.00624	0.00176	0.04116	0.00509	0.00278	0.00860
21	0.83938	0.01106	0.00841	0.00752	0.01106	0.01283	0.00619	0.01681	0.00973	0.02566	0.00796	0.00929	0.00619	0.00531	0.00354	0.00177	0.00442	0.00310	0.00354	0.00619
22	0.01079	0.00982	0.01630	0.72889	0.03703	0.01218	0.01503	0.01452	0.01148	0.01510	0.01078	0.01569	0.00813	0.00579	0.00559	0.00186	0.00727	0.00510	0.06238	0.00628
23	0.01128	0.01024	0.01427	0.01263	0.01306	0.01371	0.01033	0.02298	0.00935	0.01442	0.01062	0.01618	0.01005	0.02971	0.22358	0.00427	0.50327	0.00538	0.05875	0.00589
24	0.00736	0.00515	0.00683	0.00810	0.00858	0.00487	0.00564	0.00859	0.01122	0.01515	0.03083	0.68794	0.03630	0.01720	0.00721	0.00231	0.00348	0.08616	0.04233	0.00474
25	0.00754	0.00568	0.00698	0.00696	0.00828	0.00511	0.00510	0.00961	0.01443	0.01948	0.44539	0.17798	0.23947	0.01353	0.00685	0.00193	0.00286	0.01184	0.00586	0.00511
26	0.02392	0.00935	0.01271	0.00988	0.01400	0.00811	0.00811	0.02618	0.01635	0.69332	0.09585	0.02178	0.01811	0.00754	0.00585	0.00177	0.00465	0.00621	0.00700	0.00930
27	0.01511	0.01114	0.01359	0.01236	0.03765	0.01200	0.04192	0.10287	0.36555	0.11641	0.02289	0.11391	0.01945	0.00934	0.00622	0.00200	0.00500	0.07870	0.00563	0.00827
28	0.01356	0.01927	0.24310	0.05532	0.30453	0.06071	0.14953	0.01864	0.04616	0.01824	0.01118	0.01391	0.00867	0.00534	0.00577	0.00178	0.00795	0.00512	0.00285	0.00838
29	0.12549	0.43272	0.04530	0.05866	0.01678	0.15221	0.01033	0.07049	0.01328	0.01701	0.00873	0.01018	0.00738	0.00533	0.00424	0.00144	0.00681	0.00348	0.00292	0.00721
30	0.00769	0.00658	0.00780	0.00891	0.08291	0.00578	0.00581	0.00952	0.01350	0.01687	0.15597	0.04918	0.58289	0.01314	0.00665	0.00189	0.00326	0.01113	0.00521	0.00533
31	0.01219	0.00994	0.10036	0.00965	0.01249	0.00744	0.00821	0.01544	0.06610	0.16254	0.05756	0.37357	0.03544	0.01190	0.00633	0.00195	0.00438	0.01047	0.00520	0.08883
32	0.01703	0.01041	0.01404	0.01028	0.01518	0.00843	0.06332	0.01963	0.01363	0.29235	0.01481	0.01491	0.01057	0.00532	0.00498	0.00127	0.00488	0.00451	0.00470	0.46975
33	0.83938	0.01106	0.00841	0.00752	0.01106	0.01283	0.00619	0.01681	0.00973	0.02566	0.00796	0.00929	0.00619	0.00531	0.00354	0.00177	0.00442	0.00310	0.00354	0.00619
34	0.06826	0.02784	0.69259	0.01596	0.02399	0.01329	0.04426	0.01803	0.01196	0.01864	0.01015	0.01200	0.00722	0.00541	0.00535	0.00181	0.00822	0.00423	0.00251	0.00827
35	0.00833	0.00657	0.00772	0.00796	0.00912	0.03127	0.00569	0.01071	0.04575	0.01827	0.30319	0.38938	0.08132	0.01414	0.00683	0.00202	0.00338	0.01258	0.00556	0.03022
36	0.00704	0.00523	0.00657	0.00745	0.00821	0.00476	0.00512	0.00830	0.01189	0.01560	0.10927	0.57061	0.18586	0.01661	0.00714	0.00219	0.00317	0.01482	0.00541	0.00476
37	0.00763	0.00556	0.00722	0.00762	0.00861	0.00514	0.00554	0.00957	0.01371	0.01874	0.37414	0.33710	0.10002	0.01460	0.00704	0.00207	0.00313	0.06172	0.00577	0.00505
38	0.01327	0.01456	0.12622	0.06879	0.34037	0.01289	0.03147	0.06930	0.05900	0.01924	0.06274	0.01646	0.01232	0.00736	0.00785	0.06506	0.05644	0.00544	0.00334	0.00790
39	0.01259	0.25634	0.55241	0.01439	0.02180	0.01603	0.01780	0.01782	0.01194	0.01675	0.00959	0.01123	0.00727	0.00528	0.00492	0.00164	0.00777	0.00388	0.00242	0.00813
40	0.01312	0.30223	0.26951	0.16714	0.04897	0.01657	0.06515	0.01718	0.01197	0.02518	0.00967	0.01205	0.00760	0.00526	0.00496	0.00162	0.00743	0.00420	0.00256	0.00762
41	0.02199	0.00985	0.01290	0.00972	0.01432	0.00820	0.00797	0.02429	0.01517	0.56790	0.01926	0.01744	0.01264	0.00632	0.00535	0.00152	0.00470	0.00512	0.00610	0.22923
42	0.00827	0.00572	0.00711	0.00711	0.00740	0.00602	0.00455	0.00887	0.00857	0.01173	0.01723	0.03304	0.01889	0.57714	0.24834	0.00662	0.00841	0.00768	0.00335	0.00395
43	0.01332	0.00880	0.01038	0.00883	0.01127	0.00891	0.00694	0.20766	0.01864	0.08286	0.43170	0.03111	0.03526	0.00956	0.00612	0.00173	0.00382	0.00811	0.08810	0.00687
44	0.01892	0.01287	0.01399	0.01109	0.01471	0.01399	0.00900	0.51702	0.02213	0.06411	0.01481	0.01573	0.01090	0.00778	0.00659	0.06175	0.00543	0.00520	0.16565	0.00835
45	0.00856	0.00595	0.00779	0.00727	0.00870	0.00548	0.00548	0.01124	0.01620	0.04248	0.74092	0.04212	0.05293	0.01157	0.00672	0.00180	0.00276	0.01022	0.00632	0.00551
46	0.00695	0.00504	0.00657	0.00780	0.00825	0.00466	0.00524	0.00798	0.01111	0.01467	0.03353	0.73897	0.09282	0.01766	0.00726	0.00229	0.00329	0.01594	0.00531	0.00466
47	0.01263	0.01332	0.00997	0.00928	0.01153	0.25702	0.00701	0.03364	0.03713	0.01673	0.08400	0.03423	0.35471	0.01041	0.00615	0.00173	0.01724	0.00823	0.06925	0.00577
48	0.01177	0.01007	0.01176	0.00846	0.01346	0.00757	0.00675	0.01428	0.01184	0.01856	0.01057	0.02651	0.00902	0.00449	0.00429	0.00087	0.00422	0.00363	0.00342	0.81844
49	0.67191	0.01255	0.07658	0.00861	0.01269	0.01236	0.00778	0.01821	0.01071	0.11058	0.00985	0.01071	0.00721	0.00552	0.00396	0.00177	0.00483	0.00350	0.00385	0.00680
50	0.01207	0.02209	0.43505	0.07291	0.02170	0.08767	0.01627	0.01784	0.06363	0.01806	0.06771	0.02158	0.01459	0.00741	0.00586	0.00190	0.00749	0.09530	0.00335	0.00753

[dist]
# distance from previous block
# <min> <max>
0	21

[block]
# block no. 1 follows, 41 sequences, length 74
# corresponding to MSA columns:
# 324-397
name=unknown_B
#
# <colnr> <probs for GDERKNQSTAVLIFYWHMCP>
#	G	D	E	R	K	N	Q	S	T	A	V	L	I	F	Y	W	H	M	C	P
0	0.40653	0.01662	0.24576	0.03145	0.01720	0.01234	0.05890	0.01773	0.01130	0.06834	0.01053	0.01208	0.00774	0.00552	0.00456	0.00177	0.00601	0.00404	0.05442	0.00716
1	0.01500	0.71847	0.02865	0.01034	0.01472	0.02209	0.01008	0.01677	0.01132	0.01349	0.00790	0.00953	0.00736	0.00544	0.00528	0.00136	0.08927	0.00327	0.00245	0.00723
2	0.00850	0.00702	0.01031	0.16855	0.05603	0.00760	0.00850	0.01022	0.01109	0.01476	0.02565	0.49433	0.06456	0.02775	0.00795	0.00225	0.05289	0.01232	0.00440	0.00532
3	0.01016	0.00909	0.01360	0.16782	0.01772	0.01176	0.01072	0.01230	0.00950	0.01371	0.01165	0.01767	0.01067	0.02434	0.36608	0.00547	0.27369	0.00554	0.00277	0.00575
4	0.01066	0.00533	0.00533	0.00533	0.00666	0.00533	0.00400	0.01333	0.01200	0.02132	0.01866	0.02132	0.01466	0.00666	0.00400	0.00133	0.00267	0.00533	0.83073	0.00533
5	0.01251	0.01251	0.01752	0.01502	0.01502	0.01752	0.01251	0.01377	0.00876	0.01377	0.00751	0.01251	0.00751	0.01001	0.01877	0.00250	0.78851	0.00501	0.00250	0.00626
6	0.01098	0.01008	0.01599	0.50431	0.02967	0.01290	0.01375	0.01373	0.01048	0.01421	0.01003	0.01530	0.00827	0.00978	0.05715	0.04767	0.18604	0.00513	0.01848	0.00602
7	0.01066	0.00533	0.00533	0.00533	0.00666	0.00533	0.00400	0.01333	0.01200	0.02132	0.01866	0.02132	0.01466	0.00666	0.00400	0.00133	0.00267	0.00533	0.83073	0.00533
8	0.00697	0.00498	0.00664	0.00796	0.00830	0.00465	0.00531	0.00796	0.01095	0.01460	0.03153	0.79525	0.03783	0.01792	0.00730	0.00232	0.00332	0.01626	0.00531	0.00465
9	0.01558	0.02759	0.01968	0.13731	0.39408	0.06093	0.01461	0.09750	0.09668	0.06083	0.01285	0.01503	0.01000	0.00583	0.00563	0.00174	0.00671	0.00517	0.00366	0.00859
10	0.01314	0.01486	0.13157	0.07556	0.02024	0.01444	0.11357	0.01609	0.01094	0.06458	0.00995	0.01344	0.00817	0.00747	0.01171	0.00205	0.36907	0.00501	0.00294	0.09517
11	0.01397	0.01146	0.01240	0.01104	0.01400	0.01291	0.00858	0.12485	0.50715	0.02474	0.10929	0.08428	0.02230	0.00891	0.00603	0.00192	0.00446	0.00752	0.00582	0.00837
12	0.00752	0.00539	0.00696	0.00790	0.00851	0.00507	0.00540	0.02804	0.01177	0.01567	0.08173	0.65470	0.08202	0.01704	0.00762	0.02622	0.00338	0.01497	0.00531	0.00478
13	0.02311	0.01080	0.01338	0.01039	0.01452	0.01036	0.00854	0.20137	0.01848	0.50932	0.01999	0.01826	0.01313	0.00698	0.00556	0.00171	0.00498	0.00556	0.09428	0.00926
14	0.06904	0.01118	0.01234	0.01054	0.01393	0.01182	0.00837	0.14376	0.28237	0.10507	0.01956	0.05353	0.01615	0.05289	0.00699	0.00201	0.00488	0.06064	0.00530	0.10961
15	0.00778	0.00568	0.00731	0.00722	0.00843	0.00521	0.00529	0.01006	0.01497	0.02079	0.56843	0.18050	0.11087	0.01306	0.00685	0.00191	0.00283	0.01157	0.00603	0.00521
16	0.01201	0.01030	0.01193	0.00868	0.01364	0.00805	0.00693	0.01544	0.06000	0.01898	0.01102	0.01248	0.00906	0.00446	0.00434	0.00092	0.00425	0.00359	0.00355	0.78036
17	0.01066	0.00533	0.00533	0.00533	0.00666	0.00533	0.00400	0.01333	0.01200	0.02132	0.01866	0.02132	0.01466	0.00666	0.00400	0.00133	0.00267	0.00533	0.83073	0.00533
18	0.05539	0.36029	0.11430	0.05235	0.05875	0.03720	0.07764	0.01689	0.01193	0.01630	0.00942	0.01144	0.00785	0.00512	0.00476	0.00143	0.02047	0.00391	0.02653	0.10803
19	0.61140	0.01192	0.03073	0.02237	0.05573	0.01299	0.03465	0.07487	0.01149	0.02470	0.00926	0.01113	0.00728	0.00774	0.05175	0.00223	0.00573	0.00376	0.00358	0.00669
20	0.01066	0.00533	0.00533	0.00533	0.00666	0.00533	0.00400	0.01333	0.01200	0.02132	0.01866	0.02132	0.01466	0.00666	0.00400	0.00133	0.00267	0.00533	0.83073	0.00533
21	0.02041	0.01474	0.01575	0.01222	0.01641	0.01625	0.01005	0.65656	0.02511	0.03428	0.01432	0.01464	0.01032	0.00684	0.00552	0.00167	0.00586	0.00517	0.10468	0.00920
22	0.00820	0.00602	0.00866	0.00866	0.00949	0.00686	0.00648	0.00987	0.00903	0.01288	0.01581	0.02518	0.01548	0.17979	0.64103	0.00853	0.01355	0.00652	0.00314	0.00481
23	0.02385	0.01111	0.01395	0.01083	0.01516	0.01062	0.00890	0.17238	0.06634	0.55946	0.03262	0.01880	0.01412	0.00715	0.00577	0.00177	0.00510	0.00575	0.00671	0.00962
24	0.01277	0.01217	0.02071	0.34582	0.46345	0.01322	0.01686	0.01634	0.01237	0.01700	0.01051	0.01461	0.00847	0.00535	0.00569	0.00178	0.00714	0.00509	0.00271	0.00794
25	0.00817	0.00613	0.00919	0.00919	0.01021	0.00715	0.00715	0.01021	0.00919	0.01328	0.01532	0.02247	0.01430	0.04290	0.77631	0.00919	0.01532	0.00613	0.00306	0.00511
26	0.01066	0.00533	0.00533	0.00533	0.00666	0.00533	0.00400	0.01333	0.01200	0.02132	0.01866	0.02132	0.01466	0.00666	0.00400	0.00133	0.00267	0.00533	0.83073	0.00533
27	0.10959	0.01549	0.01622	0.01255	0.01702	0.01721	0.01037	0.66608	0.02505	0.03493	0.01311	0.01326	0.00935	0.00670	0.00549	0.00172	0.00609	0.00493	0.00549	0.00935
28	0.01382	0.01680	0.15764	0.01890	0.02419	0.02514	0.39683	0.05510	0.04378	0.05952	0.01504	0.03298	0.04871	0.00640	0.00713	0.00193	0.05838	0.00647	0.00345	0.00779
29	0.01579	0.03628	0.43120	0.01451	0.02122	0.03521	0.03704	0.14733	0.01545	0.13067	0.01263	0.01343	0.00880	0.00585	0.00547	0.00172	0.00738	0.00461	0.00376	0.05165
30	0.01066	0.00533	0.00533	0.00533	0.00666	0.00533	0.00400	0.01333	0.01200	0.02132	0.01866	0.02132	0.01466	0.00666	0.00400	0.00133	0.00267	0.00533	0.83073	0.00533
31	0.01137	0.00904	0.01553	0.07691	0.06600	0.00887	0.15872	0.01422	0.01295	0.07645	0.03674	0.19210	0.02429	0.01172	0.00703	0.00222	0.00597	0.25898	0.00458	0.00633
32	0.01324	0.08685	0.07855	0.11660	0.07100	0.01486	0.49873	0.01770	0.01296	0.01743	0.01094	0.01455	0.00836	0.00499	0.00620	0.00184	0.00884	0.00595	0.00277	0.00764
33	0.05919	0.10097	0.09793	0.08542	0.07143	0.01438	0.38862	0.01799	0.01297	0.05595	0.03279	0.01499	0.00978	0.00532	0.00591	0.00180	0.00807	0.00572	0.00311	0.00766
34	0.02566	0.00973	0.01327	0.01018	0.01460	0.00841	0.00841	0.02788	0.01637	0.76726	0.02257	0.01947	0.01416	0.00708	0.00575	0.00177	0.00487	0.00575	0.00708	0.00973
35	0.01021	0.00593	0.00969	0.05130	0.01067	0.00601	0.05348	0.00855	0.00806	0.01074	0.01005	0.01714	0.00973	0.01812	0.02043	0.73382	0.00542	0.00509	0.00251	0.00304
36	0.04021	0.27147	0.41432	0.06213	0.03418	0.01626	0.05321	0.01754	0.01190	0.01669	0.00952	0.01146	0.00737	0.00524	0.00490	0.00163	0.00756	0.00401	0.00250	0.00787
37	0.01176	0.01284	0.16528	0.05461	0.01669	0.00966	0.07305	0.09559	0.01351	0.06705	0.02070	0.33845	0.02126	0.02555	0.00703	0.00209	0.02013	0.00980	0.02825	0.00670
38	0.00915	0.00735	0.01077	0.01027	0.01103	0.00912	0.00811	0.01077	0.00901	0.01319	0.01344	0.02017	0.01268	0.03495	0.58057	0.05465	0.17082	0.00584	0.00292	0.00519
39	0.01251	0.01251	0.01752	0.01502	0.01502	0.01752	0.01251	0.01377	0.00876	0.01377	0.00751	0.01251	0.00751	0.01001	0.01877	0.00250	0.78851	0.00501	0.00250	0.00626
40	0.01482	0.01347	0.01874	0.31134	0.04700	0.06244	0.10253	0.21128	0.03015	0.02094	0.01165	0.01494	0.00894	0.00848	0.05411	0.00231	0.05051	0.00530	0.00356	0.00749
41	0.01035	0.00744	0.00919	0.07289	0.01215	0.00768	0.00674	0.01423	0.16483	0.04458	0.13423	0.03193	0.22082	0.01308	0.01047	0.21702	0.00421	0.00801	0.00466	0.00549
42	0.01147	0.02959	0.76934	0.01630	0.02476	0.01328	0.02113	0.01811	0.01208	0.01811	0.01026	0.01208	0.00725	0.00543	0.00543	0.00181	0.00845	0.00423	0.00242	0.00845
43	0.01066	0.00533	0.00533	0.00533	0.00666	0.00533	0.00400	0.01333	0.01200	0.02132	0.01866	0.02132	0.01466	0.00666	0.00400	0.00133	0.00267	0.00533	0.83073	0.00533
44	0.01566	0.01174	0.01343	0.00989	0.01478	0.01046	0.00803	0.21561	0.01634	0.08226	0.01212	0.01297	0.00926	0.00518	0.00476	0.00116	0.00485	0.00406	0.00432	0.54312
45	0.00771	0.00585	0.00858	0.00896	0.00979	0.00551	0.05140	0.00918	0.01170	0.01574	0.11098	0.57904	0.03665	0.05584	0.00835	0.00242	0.00388	0.05836	0.00517	0.00490
46	0.79712	0.01099	0.00866	0.00766	0.01125	0.01260	0.00631	0.01739	0.01008	0.06418	0.00872	0.00982	0.00661	0.00540	0.00365	0.00177	0.00445	0.00324	0.00372	0.00638
47	0.41487	0.05967	0.02544	0.00899	0.01309	0.01149	0.00766	0.02173	0.01282	0.35185	0.01444	0.01382	0.00980	0.00607	0.00456	0.00174	0.00480	0.00429	0.00501	0.00787
48	0.00880	0.09490	0.09316	0.00941	0.01124	0.00835	0.00790	0.01096	0.03252	0.01512	0.02614	0.55007	0.04888	0.01443	0.00711	0.00213	0.03610	0.01266	0.00458	0.00555
49	0.00697	0.00498	0.00664	0.00796	0.00830	0.00465	0.00531	0.00796	0.01095	0.01460	0.03153	0.79525	0.03783	0.01792	0.00730	0.00232	0.00332	0.01626	0.00531	0.00465
50	0.00951	0.00602	0.00832	0.00968	0.04829	0.00562	0.00640	0.01081	0.01167	0.09711	0.02907	0.62060	0.03311	0.03617	0.00763	0.00233	0.00381	0.04310	0.00533	0.00543
51	0.01874	0.01085	0.01279	0.01078	0.01441	0.01127	0.00858	0.02825	0.40024	0.33894	0.06350	0.02172	0.01807	0.00769	0.00584	0.00186	0.00457	0.00638	0.00638	0.00914
52	0.00780	0.00574	0.00745	0.00855	0.00933	0.00557	0.00623	0.00998	0.05231	0.01566	0.03233	0.56631	0.07680	0.01675	0.00731	0.00234	0.00375	0.15545	0.00533	0.00502
53	0.83938	0.01106	0.00841	0.00752	0.01106	0.01283	0.00619	0.01681	0.00973	0.02566	0.00796	0.00929	0.00619	0.00531	0.00354	0.00177	0.00442	0.00310	0.00354	0.00619
54	0.00795	0.00584	0.00748	0.00729	0.00864	0.00536	0.00551	0.01041	0.01536	0.02127	0.59534	0.08685	0.13210	0.01261	0.00685	0.00189	0.00291	0.05498	0.00607	0.00528
55	0.00841	0.00576	0.00705	0.00740	0.00775	0.00581	0.00497	0.00913	0.00950	0.01265	0.02109	0.08496	0.02379	0.54741	0.07213	0.00501	0.00600	0.15327	0.00391	0.00400
56	0.05921	0.00726	0.00738	0.00671	0.00865	0.00759	0.00521	0.12122	0.01429	0.02383	0.05762	0.02068	0.01559	0.00689	0.00438	0.00144	0.00330	0.00545	0.61725	0.00603
57	0.01274	0.01318	0.02122	0.01709	0.01840	0.01682	0.17876	0.01480	0.00984	0.01480	0.00843	0.01318	0.00777	0.00883	0.01603	0.00237	0.61114	0.00540	0.00259	0.00659
58	0.00782	0.00601	0.00721	0.00729	0.00865	0.00559	0.00532	0.01057	0.05948	0.01882	0.33677	0.23938	0.23830	0.01381	0.00684	0.00198	0.00303	0.01210	0.00575	0.00528
59	0.02566	0.00973	0.01327	0.01018	0.01460	0.00841	0.00841	0.02788	0.01637	0.76726	0.02257	0.01947	0.01416	0.00708	0.00575	0.00177	0.00487	0.00575	0.00708	0.00973
60	0.00706	0.00501	0.00661	0.00785	0.00816	0.00470	0.00519	0.00799	0.01078	0.01437	0.03065	0.74602	0.03672	0.06866	0.00872	0.00253	0.00346	0.01574	0.00519	0.00457
61	0.01080	0.01017	0.01716	0.78523	0.03940	0.01271	0.01589	0.01461	0.01144	0.01461	0.01017	0.01525	0.00762	0.00572	0.00572	0.00191	0.00762	0.00508	0.00254	0.00635
62	0.01382	0.00919	0.01090	0.00972	0.01221	0.00949	0.00755	0.13548	0.16441	0.12747	0.22821	0.17146	0.03021	0.01078	0.00640	0.00194	0.00415	0.03333	0.00600	0.00729
63	0.01503	0.01011	0.01157	0.01013	0.01317	0.01072	0.00793	0.02475	0.40927	0.18126	0.17461	0.02699	0.06184	0.00876	0.00604	0.00187	0.00415	0.00739	0.00616	0.00824
64	0.00704	0.00501	0.00662	0.00788	0.00819	0.00469	0.00522	0.00798	0.01082	0.01442	0.03084	0.75686	0.03697	0.05748	0.00841	0.00249	0.00343	0.01586	0.00522	0.00459
65	0.00912	0.00743	0.01119	0.01479	0.20365	0.00715	0.00850	0.01117	0.01284	0.01781	0.21393	0.39932	0.03455	0.01300	0.00673	0.00203	0.00406	0.01185	0.00492	0.00598
66	0.02346	0.00934	0.01263	0.00986	0.01392	0.00817	0.00808	0.02598	0.02989	0.66899	0.10644	0.02215	0.01875	0.00762	0.00587	0.00178	0.00461	0.00629	0.00697	0.00923
67	0.53639	0.01073	0.01161	0.29191	0.02142	0.01279	0.00974	0.01601	0.01036	0.02162	0.00877	0.01147	0.00672	0.00546	0.00434	0.00182	0.00559	0.00382	0.00317	0.00625
68	0.00863	0.00601	0.00784	0.00745	0.00805	0.00585	0.04586	0.00922	0.00955	0.01308	0.03248	0.12685	0.06183	0.49950	0.02130	0.04990	0.00506	0.00901	0.06848	0.00405
69	0.01221	0.02502	0.56232	0.06546	0.09344	0.01350	0.04590	0.03945	0.05467	0.01881	0.01119	0.01316	0.00814	0.00557	0.00555	0.00182	0.00801	0.00461	0.00277	0.00842
70	0.02940	0.36204	0.19214	0.01168	0.01648	0.14838	0.01183	0.01710	0.01265	0.01529	0.03451	0.06204	0.05148	0.00672	0.00481	0.00153	0.00690	0.00495	0.00299	0.00709
71	0.01028	0.00645	0.00801	0.00731	0.00902	0.00590	0.00544	0.02477	0.01489	0.11143	0.44577	0.04084	0.16533	0.10824	0.00936	0.00228	0.00341	0.00974	0.00587	0.00567
72	0.22255	0.05409	0.03753	0.06654	0.05759	0.01459	0.13958	0.17266	0.05218	0.02330	0.01226	0.05678	0.01013	0.00664	0.00604	0.00184	0.04883	0.00546	0.00386	0.00756
73	0.01208	0.01227	0.05067	0.19025	0.36709	0.02435	0.05973	0.01539	0.01254	0.01705	0.01608	0.09059	0.05165	0.00751	0.00606	0.00188	0.00667	0.04738	0.00325	0.00749

[dist]
# distance from previous block
# <min> <max>
11	56

[block]
# block no. 2 follows, 41 sequences, length 40
# corresponding to MSA columns:
# 454-493
name=unknown_C
#
# <colnr> <probs for GDERKNQSTAVLIFYWHMCP>
#	G	D	E	R	K	N	Q	S	T	A	V	L	I	F	Y	W	H	M	C	P
0	0.56607	0.01252	0.04833	0.00891	0.01273	0.01322	0.00770	0.16197	0.01347	0.02700	0.01011	0.01131	0.00765	0.00574	0.00411	0.00173	0.00486	0.00375	0.07189	0.00694
1	0.01340	0.07512	0.02026	0.06962	0.40374	0.01367	0.03762	0.05260	0.04197	0.01775	0.01187	0.01652	0.01042	0.07353	0.06253	0.00259	0.06051	0.00538	0.00309	0.00782
2	0.00951	0.00812	0.01260	0.01122	0.01274	0.00935	0.06655	0.01169	0.00965	0.01412	0.01348	0.01967	0.01242	0.03222	0.54691	0.00703	0.13198	0.00582	0.00299	0.06194
3	0.19638	0.03022	0.28802	0.04692	0.02045	0.01291	0.13073	0.06628	0.01253	0.02060	0.01099	0.01349	0.00837	0.00846	0.06659	0.00237	0.00779	0.00467	0.04485	0.00739
4	0.06106	0.12810	0.01832	0.03373	0.03361	0.26763	0.01082	0.33491	0.01970	0.02421	0.01088	0.01180	0.00837	0.00613	0.00514	0.00158	0.00755	0.00427	0.00410	0.00810
5	0.01977	0.01893	0.01541	0.01283	0.01653	0.31587	0.01008	0.29694	0.04581	0.05365	0.06304	0.01470	0.01215	0.00664	0.00545	0.00157	0.00736	0.00485	0.00453	0.07387
6	0.00817	0.00613	0.00919	0.00919	0.01021	0.00715	0.00715	0.01021	0.00919	0.01328	0.01532	0.02247	0.01430	0.04290	0.77631	0.00919	0.01532	0.00613	0.00306	0.00511
7	0.01401	0.06851	0.01631	0.01308	0.01600	0.24088	0.11618	0.03187	0.01397	0.01653	0.06675	0.10385	0.01855	0.01100	0.05159	0.00224	0.00766	0.12272	0.00385	0.06445
8	0.09020	0.01250	0.01393	0.01106	0.01525	0.04991	0.00902	0.20045	0.09295	0.41640	0.01861	0.01698	0.01243	0.00689	0.00554	0.00176	0.00541	0.00536	0.00613	0.00922
9	0.00786	0.00580	0.00734	0.00702	0.00842	0.00528	0.00524	0.01030	0.01552	0.02151	0.62895	0.07441	0.15640	0.01235	0.00677	0.00184	0.00275	0.01083	0.00611	0.00528
10	0.00920	0.00588	0.00730	0.00716	0.00772	0.00599	0.00468	0.00997	0.00949	0.05277	0.05565	0.05929	0.02121	0.51560	0.18287	0.00573	0.00729	0.00804	0.01983	0.00432
11	0.05310	0.01869	0.01653	0.06662	0.01815	0.30478	0.01154	0.18561	0.01599	0.01955	0.00965	0.01201	0.00792	0.00723	0.00906	0.00186	0.22660	0.00446	0.00346	0.00720
12	0.00697	0.00498	0.00664	0.00796	0.00830	0.00465	0.00531	0.00796	0.01095	0.01460	0.03153	0.79525	0.03783	0.01792	0.00730	0.00232	0.00332	0.01626	0.00531	0.00465
13	0.00764	0.00586	0.00878	0.00934	0.01015	0.00552	0.05749	0.00905	0.01134	0.01510	0.03001	0.67234	0.03532	0.01680	0.00732	0.00232	0.00394	0.08163	0.00514	0.00492
14	0.01302	0.01100	0.01476	0.01106	0.01520	0.01008	0.06660	0.01548	0.01170	0.06676	0.01059	0.01277	0.00868	0.00556	0.00727	0.00131	0.15236	0.00412	0.00342	0.55826
15	0.01254	0.01258	0.01788	0.01522	0.01534	0.01745	0.02854	0.01387	0.00886	0.01387	0.00760	0.01258	0.00753	0.00990	0.01851	0.00249	0.77142	0.00504	0.00251	0.00629
16	0.01216	0.01003	0.01106	0.01030	0.01274	0.01116	0.00784	0.04815	0.47178	0.02244	0.14053	0.17014	0.02677	0.01026	0.00624	0.00198	0.00407	0.00887	0.00580	0.00767
17	0.10199	0.02475	0.49357	0.02827	0.05119	0.10449	0.01706	0.01927	0.01270	0.07994	0.01088	0.01231	0.00780	0.00560	0.00524	0.00176	0.00787	0.00422	0.00300	0.00809
18	0.01619	0.01823	0.01840	0.07062	0.13285	0.31766	0.07235	0.04363	0.01374	0.01588	0.01096	0.06737	0.01000	0.00735	0.00820	0.00184	0.15925	0.00544	0.00307	0.00697
19	0.01266	0.01294	0.01992	0.01636	0.01722	0.01707	0.12041	0.01444	0.00946	0.01444	0.00811	0.01294	0.00768	0.00924	0.01699	0.00242	0.67339	0.00526	0.00256	0.00647
20	0.07871	0.01538	0.01628	0.01253	0.01706	0.01688	0.01034	0.65625	0.02493	0.03444	0.01315	0.01333	0.00942	0.00662	0.00549	0.00168	0.00606	0.00492	0.00545	0.05110
21	0.01242	0.00979	0.01148	0.00838	0.01316	0.00746	0.00670	0.01485	0.01227	0.07071	0.01484	0.01583	0.06884	0.00525	0.00454	0.00100	0.00417	0.00425	0.00380	0.71027
22	0.04315	0.02464	0.56376	0.01471	0.02197	0.01278	0.01772	0.07704	0.01385	0.11885	0.03088	0.01385	0.00949	0.00592	0.00547	0.00180	0.00752	0.00462	0.00343	0.00857
23	0.01126	0.00992	0.01349	0.05098	0.01393	0.01257	0.00981	0.07196	0.01136	0.01630	0.06687	0.17146	0.01806	0.04743	0.07444	0.00298	0.37970	0.00785	0.00368	0.00596
24	0.01269	0.01210	0.02057	0.36272	0.44714	0.01321	0.01683	0.01627	0.01233	0.01691	0.01050	0.01463	0.00843	0.00537	0.00569	0.00179	0.00716	0.00509	0.00270	0.00788
25	0.00831	0.00558	0.00640	0.00640	0.00645	0.00563	0.00366	0.00842	0.00836	0.01121	0.01788	0.03663	0.02045	0.75869	0.06893	0.00574	0.00607	0.00820	0.00344	0.00355
26	0.00727	0.00523	0.00696	0.00820	0.00874	0.00492	0.00578	0.00852	0.01140	0.01509	0.04416	0.66045	0.06474	0.01742	0.00735	0.00234	0.00355	0.10782	0.00532	0.00475
27	0.01054	0.00543	0.00565	0.00576	0.00709	0.00543	0.00443	0.01321	0.01209	0.02098	0.01961	0.02487	0.01616	0.00741	0.00432	0.00144	0.00288	0.06445	0.76291	0.00533
28	0.20512	0.00992	0.01206	0.00960	0.01373	0.00933	0.00794	0.02491	0.01480	0.57871	0.01959	0.01869	0.01301	0.00697	0.00533	0.00180	0.00478	0.02866	0.00624	0.00881
29	0.00730	0.00530	0.00674	0.00744	0.00813	0.00490	0.00509	0.00864	0.01211	0.01625	0.19337	0.49525	0.11402	0.07689	0.00882	0.00242	0.00331	0.01391	0.00538	0.00474
30	0.01732	0.01335	0.01417	0.01176	0.01543	0.01501	0.00942	0.35354	0.35511	0.02920	0.01852	0.01788	0.01369	0.00725	0.00561	0.00178	0.00516	0.00576	0.08102	0.00902
31	0.00966	0.00629	0.00793	0.00746	0.00924	0.00567	0.00578	0.01202	0.01526	0.09551	0.47055	0.04491	0.20498	0.01219	0.00674	0.00189	0.00317	0.06897	0.00607	0.00570
32	0.02215	0.01124	0.01378	0.01079	0.01484	0.01101	0.00882	0.25659	0.01953	0.43762	0.08349	0.05043	0.01709	0.00784	0.00589	0.00178	0.00508	0.00637	0.00650	0.00916
33	0.02037	0.01031	0.01274	0.01039	0.01415	0.01012	0.00837	0.06477	0.21429	0.44372	0.10691	0.02233	0.01937	0.00778	0.00588	0.00182	0.00460	0.00644	0.00658	0.00905
34	0.00703	0.00514	0.00662	0.00765	0.00825	0.00473	0.00521	0.00822	0.01161	0.01536	0.09264	0.65027	0.12217	0.01703	0.00719	0.00224	0.00322	0.01531	0.00539	0.00473
35	0.00946	0.00554	0.00655	0.00664	0.00766	0.00579	0.00485	0.01153	0.01074	0.01750	0.01861	0.07797	0.01694	0.11315	0.20981	0.00397	0.00638	0.00667	0.45524	0.00500
36	0.07898	0.00991	0.01531	0.29053	0.23030	0.01089	0.01263	0.02637	0.01188	0.01702	0.01594	0.22344	0.01604	0.00880	0.00595	0.00195	0.00595	0.00792	0.00350	0.00670
37	0.01318	0.01353	0.03568	0.05424	0.38981	0.01303	0.26801	0.01705	0.01327	0.01848	0.04427	0.01925	0.01239	0.00604	0.00624	0.00186	0.00756	0.05490	0.00315	0.00808
38	0.00704	0.00515	0.00664	0.00781	0.00838	0.00475	0.00536	0.00816	0.01130	0.01481	0.03474	0.67266	0.12698	0.01741	0.00726	0.00229	0.00335	0.04592	0.00531	0.00469
39	0.11120	0.01840	0.24935	0.06905	0.06127	0.01394	0.16473	0.16261	0.01506	0.02258	0.01140	0.01356	0.00841	0.00564	0.00550	0.00179	0.00736	0.00496	0.04516	0.00802

[dist]
# distance from previous block
# <min> <max>
11	35

[block]
# block no. 3 follows, 41 sequences, length 30
# corresponding to MSA columns:
# 539-568
name=unknown_D
#
# <colnr> <probs for GDERKNQSTAVLIFYWHMCP>
#	G	D	E	R	K	N	Q	S	T	A	V	L	I	F	Y	W	H	M	C	P
0	0.01677	0.01158	0.01413	0.01060	0.01524	0.01060	0.03789	0.19053	0.04426	0.16249	0.04613	0.01555	0.01213	0.00587	0.00514	0.00135	0.00501	0.00480	0.00482	0.38513
1	0.05703	0.22910	0.43480	0.01334	0.01985	0.04385	0.01562	0.01801	0.01239	0.04961	0.04893	0.01301	0.00994	0.00570	0.00494	0.00164	0.00725	0.00422	0.00291	0.00787
2	0.00898	0.00700	0.00990	0.04959	0.01208	0.00699	0.03850	0.03936	0.01260	0.01721	0.14378	0.40983	0.03244	0.01411	0.00786	0.02712	0.03665	0.07199	0.00493	0.04906
3	0.01585	0.07279	0.01642	0.04871	0.03618	0.15750	0.04802	0.14835	0.15125	0.01961	0.01353	0.01689	0.01122	0.00899	0.00889	0.12505	0.05503	0.03473	0.00391	0.00709
4	0.00884	0.00627	0.00753	0.00742	0.00905	0.00577	0.00565	0.01131	0.04151	0.05783	0.27747	0.10661	0.28616	0.05405	0.00800	0.00218	0.00343	0.08987	0.00565	0.00540
5	0.00901	0.00514	0.00739	0.00785	0.00810	0.00504	0.00545	0.00808	0.00918	0.01225	0.04190	0.23323	0.02093	0.01872	0.01651	0.50872	0.00447	0.07101	0.00362	0.00341
6	0.73832	0.01090	0.00901	0.00785	0.01150	0.01228	0.00647	0.01819	0.01056	0.11777	0.00978	0.01056	0.00718	0.00553	0.00381	0.00177	0.00448	0.00343	0.00398	0.00663
7	0.01287	0.01040	0.07445	0.00947	0.01260	0.00879	0.00813	0.12311	0.05097	0.10435	0.41538	0.02998	0.03401	0.00920	0.00614	0.00172	0.00415	0.00785	0.00572	0.07070
8	0.02153	0.00938	0.01231	0.00988	0.01365	0.00856	0.00799	0.02535	0.09900	0.56396	0.12534	0.03977	0.02058	0.00803	0.00593	0.00181	0.00449	0.00670	0.00679	0.00894
9	0.00984	0.00653	0.00895	0.00949	0.01099	0.00631	0.00798	0.01243	0.01419	0.06412	0.24084	0.07102	0.03797	0.01413	0.00742	0.00233	0.00446	0.45976	0.00568	0.00556
10	0.00697	0.00498	0.00664	0.00796	0.00830	0.00465	0.00531	0.00796	0.01095	0.01460	0.03153	0.79525	0.03783	0.01792	0.00730	0.00232	0.00332	0.01626	0.00531	0.00465
11	0.01149	0.01106	0.01927	0.61949	0.14427	0.01297	0.06991	0.01532	0.01182	0.01548	0.01036	0.01510	0.00791	0.00556	0.00579	0.00188	0.00765	0.00521	0.00261	0.00685
12	0.01254	0.01260	0.01801	0.01529	0.01547	0.01743	0.03470	0.01390	0.00890	0.01390	0.00763	0.01260	0.00754	0.00985	0.01841	0.00249	0.76484	0.00506	0.00251	0.00630
13	0.00866	0.00628	0.00846	0.00922	0.01056	0.00608	0.00772	0.01116	0.01386	0.01839	0.21850	0.08016	0.09852	0.01471	0.00749	0.00235	0.00436	0.46274	0.00553	0.00525
14	0.00710	0.00507	0.00679	0.00812	0.00851	0.00476	0.00555	0.00820	0.01109	0.01475	0.03145	0.75105	0.03753	0.01779	0.00734	0.00234	0.00344	0.05912	0.00531	0.00468
15	0.01350	0.01543	0.03375	0.02411	0.02989	0.01446	0.74253	0.01832	0.01350	0.01832	0.01157	0.01543	0.00868	0.00482	0.00675	0.00193	0.00964	0.00675	0.00289	0.00771
16	0.00697	0.00498	0.00664	0.00796	0.00830	0.00465	0.00531	0.00796	0.01095	0.01460	0.03153	0.79525	0.03783	0.01792	0.00730	0.00232	0.00332	0.01626	0.00531	0.00465
17	0.01253	0.01346	0.02686	0.18096	0.02888	0.01412	0.45595	0.01652	0.01222	0.01668	0.01093	0.01537	0.00860	0.00767	0.04806	0.00238	0.11279	0.00614	0.00278	0.00710
18	0.01066	0.00533	0.00533	0.00533	0.00666	0.00533	0.00400	0.01333	0.01200	0.02132	0.01866	0.02132	0.01466	0.00666	0.00400	0.00133	0.00267	0.00533	0.83073	0.00533
19	0.02137	0.02726	0.01621	0.01474	0.01768	0.77602	0.01105	0.02284	0.01621	0.01400	0.00884	0.01031	0.00737	0.00589	0.00516	0.00147	0.01031	0.00368	0.00295	0.00663
20	0.02566	0.00973	0.01327	0.01018	0.01460	0.00841	0.00841	0.02788	0.01637	0.76726	0.02257	0.01947	0.01416	0.00708	0.00575	0.00177	0.00487	0.00575	0.00708	0.00973
21	0.01350	0.01543	0.03375	0.02411	0.02989	0.01446	0.74253	0.01832	0.01350	0.01832	0.01157	0.01543	0.00868	0.00482	0.00675	0.00193	0.00964	0.00675	0.00289	0.00771
22	0.06866	0.00980	0.01302	0.01004	0.01441	0.00864	0.00829	0.02729	0.01602	0.72808	0.02179	0.01893	0.01374	0.00699	0.00564	0.00177	0.00484	0.00561	0.00689	0.00955
23	0.00725	0.00583	0.00649	0.00649	0.00820	0.00507	0.00493	0.00908	0.01380	0.01745	0.23546	0.07183	0.51766	0.01394	0.00684	0.00195	0.00300	0.05416	0.00556	0.00500
24	0.01384	0.01172	0.01251	0.01126	0.01431	0.01340	0.00874	0.05779	0.64403	0.02401	0.07406	0.05168	0.02043	0.00838	0.00594	0.00194	0.00443	0.00705	0.00583	0.00866
25	0.05498	0.01078	0.01226	0.01044	0.01385	0.01139	0.00829	0.06787	0.35579	0.24044	0.11064	0.02320	0.03853	0.00804	0.00582	0.00185	0.00447	0.00663	0.00612	0.00862
26	0.00703	0.00558	0.00634	0.00677	0.00814	0.00489	0.00493	0.00848	0.01264	0.01583	0.10270	0.28355	0.45270	0.01539	0.00697	0.00207	0.00311	0.04267	0.00538	0.00483
27	0.01278	0.01381	0.02897	0.13638	0.02945	0.01344	0.57333	0.01723	0.01304	0.01786	0.01225	0.03418	0.00956	0.00537	0.00645	0.00190	0.00878	0.00664	0.05129	0.00730
28	0.01308	0.07479	0.19591	0.01587	0.02019	0.01381	0.20035	0.01680	0.01231	0.07253	0.08855	0.01693	0.01329	0.00842	0.03761	0.00222	0.18088	0.00578	0.00333	0.00735
29	0.01472	0.01348	0.04519	0.04875	0.06164	0.05301	0.01034	0.05734	0.50023	0.05028	0.02026	0.05104	0.01575	0.00759	0.00578	0.00187	0.00530	0.00634	0.00517	0.02592

[dist]
# distance from previous block
# <min> <max>
7	323

# created by:
# /software/SequenceAnalysis/GenePrediction/augustus/3.0.1/scripts/msa2prfl.pl ./fixed/BUSCOvEOG7SQZ9D.fas
