[name]
unknown

[dist]
# distance from previous block
# <min> <max>
4	92

[block]
# block no. 0 follows, 41 sequences, length 45
# corresponding to MSA columns:
# 92-136
name=unknown_A
#
# <colnr> <probs for GDERKNQSTAVLIFYWHMCP>
#	G	D	E	R	K	N	Q	S	T	A	V	L	I	F	Y	W	H	M	C	P
0	0.09452	0.02025	0.01586	0.01328	0.01704	0.33946	0.01048	0.35245	0.04128	0.02541	0.01141	0.01210	0.00863	0.00634	0.00529	0.00162	0.00779	0.00438	0.00435	0.00808
1	0.01255	0.00859	0.01059	0.00862	0.01217	0.00700	0.00678	0.01477	0.01275	0.12615	0.08369	0.11680	0.01951	0.04129	0.00640	0.00159	0.00422	0.06665	0.00458	0.43531
2	0.01386	0.01484	0.06645	0.16887	0.43166	0.07242	0.01604	0.01837	0.07481	0.01777	0.01138	0.01447	0.00919	0.00572	0.00618	0.00178	0.03992	0.00504	0.00300	0.00821
3	0.01381	0.01830	0.19805	0.03615	0.13470	0.01438	0.38141	0.08296	0.01419	0.01977	0.01125	0.01427	0.00846	0.00529	0.00638	0.00186	0.02180	0.00573	0.00302	0.00821
4	0.01212	0.12879	0.62297	0.01628	0.04275	0.01455	0.05018	0.01798	0.01210	0.01753	0.01003	0.01190	0.00737	0.00533	0.00527	0.00174	0.00816	0.00420	0.00245	0.00829
5	0.00896	0.00622	0.00779	0.00834	0.00990	0.00573	0.00672	0.01087	0.01300	0.06245	0.05194	0.18007	0.29231	0.01508	0.00724	0.00226	0.00403	0.29639	0.00542	0.00528
6	0.00759	0.00590	0.00693	0.00687	0.00837	0.00533	0.00507	0.00996	0.03593	0.01887	0.36161	0.14632	0.33345	0.01352	0.00680	0.00193	0.00291	0.01170	0.00576	0.00518
7	0.01764	0.01789	0.18923	0.01424	0.01948	0.01501	0.07803	0.37203	0.08786	0.07356	0.01436	0.01557	0.01053	0.04007	0.00675	0.00194	0.00680	0.00538	0.00471	0.00893
8	0.01258	0.01551	0.11658	0.15519	0.09046	0.01346	0.42501	0.01719	0.01291	0.01761	0.01226	0.01792	0.00985	0.00575	0.00639	0.00194	0.00865	0.05029	0.00292	0.00753
9	0.00799	0.00541	0.00633	0.00666	0.00674	0.00533	0.00391	0.00823	0.00895	0.01194	0.02129	0.22060	0.02491	0.61019	0.02384	0.00477	0.00501	0.01024	0.00391	0.00375
10	0.01078	0.01010	0.01401	0.01262	0.01282	0.01333	0.01014	0.01209	0.00992	0.01474	0.07657	0.20781	0.01887	0.01210	0.01494	0.00240	0.52923	0.00823	0.00351	0.00579
11	0.01566	0.26359	0.01733	0.02038	0.01354	0.12511	0.00852	0.11737	0.01445	0.05385	0.01286	0.01477	0.01043	0.00993	0.08759	0.00225	0.00691	0.00445	0.19406	0.00696
12	0.01973	0.01125	0.01328	0.01072	0.01419	0.01146	0.00851	0.32019	0.01912	0.28277	0.01938	0.11901	0.01588	0.07906	0.00838	0.02045	0.00532	0.00707	0.00587	0.00836
13	0.02475	0.00947	0.01279	0.00988	0.01412	0.00822	0.00814	0.02699	0.01610	0.72168	0.02233	0.01958	0.01419	0.00705	0.00564	0.00174	0.00473	0.00573	0.05741	0.00947
14	0.02498	0.01082	0.01395	0.01069	0.01515	0.01002	0.00883	0.15206	0.01820	0.64051	0.02103	0.01847	0.01339	0.00704	0.00575	0.00176	0.00511	0.00565	0.00684	0.00973
15	0.01092	0.01919	0.38374	0.22614	0.02549	0.01199	0.01627	0.01690	0.07833	0.01755	0.04618	0.06474	0.04408	0.00713	0.00577	0.00188	0.00708	0.00599	0.00322	0.00741
16	0.83938	0.01106	0.00841	0.00752	0.01106	0.01283	0.00619	0.01681	0.00973	0.02566	0.00796	0.00929	0.00619	0.00531	0.00354	0.00177	0.00442	0.00310	0.00354	0.00619
17	0.01563	0.75968	0.02921	0.01006	0.01485	0.06417	0.00986	0.01744	0.01188	0.01349	0.00800	0.00924	0.00734	0.00495	0.00375	0.00124	0.00635	0.00309	0.00247	0.00730
18	0.00982	0.00695	0.00850	0.00878	0.04157	0.00643	0.00645	0.01271	0.05913	0.08467	0.19270	0.07819	0.34442	0.01275	0.00673	0.00199	0.00362	0.10311	0.00559	0.00587
19	0.03514	0.01161	0.01550	0.05962	0.01762	0.03759	0.07477	0.10298	0.07401	0.44283	0.05381	0.01897	0.01454	0.00697	0.00583	0.00179	0.00568	0.00589	0.00594	0.00892
20	0.01440	0.01295	0.02096	0.22962	0.31844	0.03988	0.10933	0.01907	0.07925	0.08065	0.01275	0.01557	0.00975	0.00566	0.00582	0.00180	0.00715	0.00544	0.00339	0.00813
21	0.00722	0.00520	0.00684	0.00773	0.00834	0.00482	0.00530	0.00862	0.01220	0.01653	0.19858	0.60327	0.06128	0.01641	0.00716	0.00219	0.00317	0.01480	0.00553	0.00482
22	0.01589	0.01203	0.01389	0.01261	0.04617	0.01340	0.00971	0.18845	0.33085	0.08776	0.05240	0.02430	0.03771	0.00859	0.00683	0.00195	0.05290	0.07054	0.00553	0.00848
23	0.19231	0.01085	0.05712	0.00948	0.01278	0.01026	0.00799	0.07955	0.12568	0.15289	0.13172	0.09218	0.07648	0.00890	0.00563	0.00186	0.00445	0.00725	0.00532	0.00732
24	0.00725	0.00560	0.00668	0.00732	0.00853	0.00503	0.00541	0.00877	0.01249	0.01587	0.09288	0.33206	0.34706	0.01575	0.00711	0.00216	0.00335	0.10644	0.00537	0.00486
25	0.00696	0.00513	0.00648	0.00755	0.00816	0.00470	0.00511	0.00801	0.01126	0.01468	0.03584	0.65215	0.16286	0.03256	0.00763	0.00232	0.00329	0.01538	0.00527	0.00465
26	0.02047	0.08654	0.01827	0.06053	0.01880	0.05346	0.01109	0.60034	0.02407	0.03167	0.01277	0.01326	0.00927	0.00657	0.00551	0.00167	0.00655	0.00489	0.00510	0.00916
27	0.06370	0.01301	0.01873	0.11250	0.01971	0.04829	0.10335	0.01493	0.01009	0.01520	0.00877	0.02374	0.00800	0.00847	0.01396	0.00226	0.50096	0.00521	0.00268	0.00644
28	0.02020	0.01371	0.01510	0.01181	0.01585	0.01486	0.00969	0.55303	0.02350	0.10963	0.04514	0.01644	0.01254	0.00833	0.03270	0.00196	0.00601	0.00547	0.07500	0.00902
29	0.01400	0.01103	0.01273	0.00926	0.01423	0.00918	0.00747	0.12492	0.01434	0.05640	0.01129	0.01250	0.00893	0.00477	0.00453	0.00102	0.00458	0.00376	0.00391	0.67116
30	0.02021	0.10582	0.01781	0.01223	0.01653	0.01723	0.01018	0.59163	0.02360	0.05176	0.01359	0.01495	0.01031	0.05959	0.00705	0.00192	0.00618	0.00514	0.00523	0.00903
31	0.00696	0.00503	0.00659	0.00783	0.00826	0.00466	0.00525	0.00798	0.01108	0.01465	0.03314	0.75002	0.08202	0.01771	0.00727	0.00230	0.00329	0.01600	0.00531	0.00466
32	0.00690	0.00524	0.00636	0.00726	0.00811	0.00471	0.00500	0.00804	0.01163	0.01488	0.04011	0.55470	0.27283	0.01680	0.00713	0.00220	0.00318	0.01490	0.00531	0.00471
33	0.02086	0.09229	0.01736	0.01432	0.01743	0.71282	0.01095	0.02236	0.01582	0.01395	0.00877	0.01022	0.00737	0.00581	0.00503	0.00145	0.00996	0.00363	0.00291	0.00669
34	0.01257	0.02283	0.47270	0.12971	0.04630	0.01315	0.14378	0.01816	0.01249	0.05853	0.01116	0.01357	0.00797	0.00545	0.00573	0.00184	0.00830	0.00489	0.00278	0.00811
35	0.01398	0.01202	0.01374	0.12795	0.01863	0.01366	0.01000	0.07069	0.53438	0.02283	0.01962	0.01916	0.01475	0.00710	0.00567	0.00183	0.00508	0.00592	0.00512	0.07789
36	0.32021	0.01368	0.01364	0.01085	0.01504	0.01516	0.00896	0.41854	0.01975	0.09396	0.01237	0.01260	0.00881	0.00632	0.00493	0.00174	0.00549	0.00445	0.00504	0.00844
37	0.04750	0.02279	0.49795	0.06306	0.05411	0.01281	0.01747	0.01871	0.04686	0.08098	0.01191	0.01373	0.00866	0.00738	0.03699	0.00214	0.04110	0.00461	0.00307	0.00816
38	0.01966	0.02249	0.01704	0.01629	0.08404	0.49965	0.01172	0.12568	0.03287	0.01779	0.00989	0.01163	0.00810	0.00645	0.00677	0.00165	0.09337	0.00423	0.00335	0.00731
39	0.83938	0.01106	0.00841	0.00752	0.01106	0.01283	0.00619	0.01681	0.00973	0.02566	0.00796	0.00929	0.00619	0.00531	0.00354	0.00177	0.00442	0.00310	0.00354	0.00619
40	0.00994	0.00497	0.00745	0.00745	0.00745	0.00497	0.00497	0.00745	0.00745	0.00994	0.00994	0.01739	0.00994	0.01987	0.02235	0.83358	0.00497	0.00497	0.00248	0.00248
41	0.01614	0.01420	0.01395	0.01217	0.01561	0.07875	0.00954	0.15483	0.56395	0.02522	0.02040	0.01908	0.01526	0.00745	0.00575	0.00186	0.00532	0.00600	0.00556	0.00897
42	0.02566	0.00973	0.01327	0.01018	0.01460	0.00841	0.00841	0.02788	0.01637	0.76726	0.02257	0.01947	0.01416	0.00708	0.00575	0.00177	0.00487	0.00575	0.00708	0.00973
43	0.00697	0.00498	0.00664	0.00796	0.00830	0.00465	0.00531	0.00796	0.01095	0.01460	0.03153	0.79525	0.03783	0.01792	0.00730	0.00232	0.00332	0.01626	0.00531	0.00465
44	0.00916	0.00656	0.00913	0.01042	0.01175	0.00654	0.00910	0.01176	0.01316	0.01708	0.03097	0.06429	0.05086	0.01577	0.00787	0.00262	0.00521	0.70724	0.00527	0.00526

[dist]
# distance from previous block
# <min> <max>
0	20

[block]
# block no. 1 follows, 41 sequences, length 14
# corresponding to MSA columns:
# 157-170
name=unknown_B
#
# <colnr> <probs for GDERKNQSTAVLIFYWHMCP>
#	G	D	E	R	K	N	Q	S	T	A	V	L	I	F	Y	W	H	M	C	P
0	0.01054	0.00548	0.00609	0.00626	0.00750	0.00532	0.00457	0.01276	0.01197	0.05975	0.02212	0.21661	0.02048	0.00953	0.00493	0.00161	0.00295	0.00811	0.57805	0.00540
1	0.01677	0.48875	0.02426	0.01091	0.01548	0.02017	0.00995	0.20263	0.12351	0.02069	0.01165	0.01210	0.00942	0.00581	0.00450	0.00145	0.00593	0.00408	0.00377	0.00819
2	0.01362	0.01157	0.01595	0.33293	0.11546	0.01304	0.01267	0.19931	0.06638	0.02128	0.01900	0.02095	0.11878	0.00735	0.00587	0.00184	0.00629	0.00621	0.00401	0.00750
3	0.13832	0.01342	0.01402	0.01135	0.01502	0.01483	0.00912	0.49548	0.04512	0.03045	0.01532	0.09676	0.01305	0.05343	0.00692	0.00202	0.00561	0.00624	0.00523	0.00830
4	0.01129	0.00870	0.01200	0.01475	0.20000	0.00839	0.00882	0.06618	0.02671	0.06961	0.08739	0.21230	0.22786	0.01153	0.00645	0.00193	0.00438	0.01013	0.00492	0.00666
5	0.00892	0.00693	0.01009	0.00902	0.01072	0.00687	0.05631	0.03687	0.01451	0.02038	0.47022	0.03516	0.06409	0.01903	0.20100	0.00368	0.00649	0.00891	0.00519	0.00561
6	0.01768	0.02184	0.01358	0.01248	0.01517	0.58132	0.00936	0.01915	0.01541	0.01437	0.02124	0.02161	0.19763	0.00806	0.00556	0.00159	0.00844	0.00580	0.00354	0.00618
7	0.09846	0.01448	0.01671	0.06055	0.27080	0.13401	0.01185	0.05956	0.01374	0.04574	0.01058	0.01269	0.00849	0.00523	0.00502	0.00147	0.00642	0.00426	0.00336	0.21655
8	0.01814	0.01303	0.01438	0.01175	0.01525	0.01414	0.00939	0.53554	0.02253	0.05391	0.01851	0.21122	0.01696	0.00966	0.00612	0.00187	0.00550	0.00797	0.00566	0.00844
9	0.08383	0.01014	0.01224	0.21005	0.05298	0.03517	0.00961	0.14317	0.01461	0.01979	0.02577	0.13796	0.20253	0.00986	0.00600	0.00190	0.00534	0.00827	0.00433	0.00644
10	0.01362	0.01196	0.02392	0.01800	0.02221	0.01110	0.44943	0.01710	0.01328	0.12652	0.01821	0.21289	0.01684	0.00846	0.00674	0.00201	0.00735	0.00901	0.00411	0.00723
11	0.01497	0.01242	0.01342	0.01111	0.01505	0.01319	0.00880	0.15351	0.43653	0.02475	0.01827	0.01759	0.01381	0.00671	0.00540	0.00162	0.00477	0.00546	0.00519	0.21743
12	0.01870	0.00814	0.01083	0.00885	0.01185	0.00723	0.00693	0.02071	0.01515	0.46916	0.20815	0.02796	0.02518	0.12364	0.00941	0.00233	0.00442	0.00729	0.00636	0.00773
13	0.00762	0.00580	0.00777	0.06065	0.01061	0.00569	0.00612	0.00942	0.01242	0.01668	0.21610	0.35812	0.14260	0.01780	0.09260	0.00287	0.00473	0.01227	0.00512	0.00503

[dist]
# distance from previous block
# <min> <max>
0	2

[block]
# block no. 2 follows, 41 sequences, length 20
# corresponding to MSA columns:
# 173-192
name=unknown_C
#
# <colnr> <probs for GDERKNQSTAVLIFYWHMCP>
#	G	D	E	R	K	N	Q	S	T	A	V	L	I	F	Y	W	H	M	C	P
0	0.01766	0.56672	0.02571	0.01046	0.01524	0.02011	0.00983	0.15320	0.01499	0.10308	0.01068	0.01119	0.00856	0.00551	0.00429	0.00138	0.00601	0.00375	0.00358	0.00805
1	0.00693	0.00580	0.00603	0.00598	0.00783	0.00490	0.00448	0.00854	0.01345	0.01642	0.14897	0.05345	0.66934	0.01412	0.00676	0.00191	0.00287	0.01185	0.00544	0.00490
2	0.02124	0.00946	0.01255	0.00990	0.01410	0.00806	0.00820	0.02356	0.01517	0.54339	0.02114	0.02316	0.01523	0.00754	0.00571	0.00170	0.00480	0.08681	0.00619	0.16210
3	0.01156	0.00911	0.01306	0.07366	0.23185	0.00935	0.00966	0.01537	0.08832	0.04294	0.14087	0.02635	0.04452	0.15430	0.01006	0.00244	0.00505	0.00698	0.09786	0.00667
4	0.00814	0.00557	0.00619	0.00619	0.00641	0.00546	0.00357	0.00831	0.00885	0.01158	0.02255	0.03943	0.10469	0.71007	0.02658	0.00514	0.00525	0.00874	0.00368	0.00362
5	0.01029	0.00593	0.00827	0.00764	0.00858	0.00546	0.00530	0.00874	0.00827	0.01155	0.00998	0.01636	0.00966	0.01697	0.01899	0.67913	0.00483	0.00467	0.00265	0.15670
6	0.59249	0.01162	0.01178	0.01204	0.09705	0.01379	0.00865	0.01633	0.00993	0.02267	0.00820	0.01044	0.00676	0.00616	0.00661	0.00190	0.15012	0.00368	0.00327	0.00653
7	0.00909	0.00781	0.01083	0.01015	0.01106	0.00955	0.00809	0.01081	0.00979	0.01381	0.02110	0.02580	0.15094	0.02867	0.42712	0.00602	0.22374	0.00692	0.00333	0.00537
8	0.01190	0.01073	0.01725	0.13407	0.39181	0.01139	0.01332	0.01543	0.05253	0.01652	0.01304	0.01889	0.01162	0.10232	0.15127	0.00357	0.00823	0.00573	0.00307	0.00730
9	0.01134	0.01120	0.01410	0.01265	0.01310	0.05737	0.01017	0.01258	0.01008	0.01413	0.01776	0.16238	0.09852	0.01175	0.01450	0.00235	0.50903	0.00782	0.00337	0.00582
10	0.00711	0.00566	0.00638	0.00652	0.00802	0.00493	0.00477	0.00876	0.01338	0.01703	0.21570	0.18948	0.46311	0.01448	0.00686	0.00197	0.00293	0.01245	0.00554	0.00493
11	0.06702	0.00892	0.01154	0.00922	0.01268	0.00804	0.00728	0.02316	0.01451	0.56504	0.04163	0.02289	0.01607	0.15399	0.00999	0.00247	0.00491	0.00621	0.00619	0.00825
12	0.07372	0.04772	0.01422	0.01245	0.01517	0.45701	0.00943	0.05911	0.04165	0.04500	0.01426	0.15672	0.01369	0.00821	0.00547	0.00168	0.00784	0.00621	0.00382	0.00663
13	0.00693	0.00513	0.00648	0.00756	0.00819	0.00468	0.00513	0.00801	0.01134	0.01476	0.03643	0.65796	0.17196	0.01728	0.00720	0.00225	0.00324	0.01548	0.00531	0.00468
14	0.00697	0.00498	0.00664	0.00796	0.00830	0.00465	0.00531	0.00796	0.01095	0.01460	0.03153	0.79525	0.03783	0.01792	0.00730	0.00232	0.00332	0.01626	0.00531	0.00465
15	0.05384	0.01033	0.01340	0.01052	0.01458	0.00976	0.02967	0.09047	0.07288	0.52527	0.06165	0.01994	0.01577	0.00722	0.00569	0.00177	0.00489	0.00592	0.03735	0.00908
16	0.14019	0.02113	0.01553	0.04380	0.04428	0.47178	0.03773	0.04226	0.05946	0.01750	0.01070	0.01214	0.01883	0.00594	0.00506	0.00158	0.00840	0.00414	0.00332	0.03624
17	0.02292	0.01070	0.01334	0.01067	0.01477	0.02395	0.00872	0.06650	0.13578	0.56595	0.02223	0.02095	0.01502	0.00748	0.00583	0.00182	0.00500	0.03230	0.00666	0.00940
18	0.01421	0.08679	0.05095	0.04326	0.52483	0.01366	0.04548	0.01753	0.01292	0.04681	0.01162	0.01558	0.00981	0.00550	0.00552	0.00166	0.00666	0.03069	0.00306	0.05346
19	0.63193	0.12441	0.01224	0.00845	0.01220	0.05642	0.00714	0.03103	0.01092	0.05081	0.00866	0.00979	0.00678	0.00538	0.00377	0.00167	0.00504	0.00326	0.00352	0.00658

[dist]
# distance from previous block
# <min> <max>
0	4

[block]
# block no. 3 follows, 41 sequences, length 6
# corresponding to MSA columns:
# 197-202
name=unknown_D
#
# <colnr> <probs for GDERKNQSTAVLIFYWHMCP>
#	G	D	E	R	K	N	Q	S	T	A	V	L	I	F	Y	W	H	M	C	P
0	0.04608	0.00623	0.00810	0.05271	0.01013	0.00644	0.00597	0.00939	0.01073	0.01487	0.13140	0.18837	0.13118	0.07901	0.01326	0.22363	0.04466	0.00931	0.00417	0.00436
1	0.00797	0.00572	0.00671	0.00689	0.00757	0.00533	0.00438	0.00863	0.00993	0.01322	0.02624	0.27434	0.10970	0.40901	0.01798	0.00379	0.00445	0.01088	0.00425	0.06301
2	0.01008	0.00743	0.01050	0.00937	0.01164	0.00644	0.06118	0.01201	0.01234	0.07020	0.10748	0.40981	0.02883	0.01221	0.00636	0.00184	0.00405	0.01107	0.00491	0.20225
3	0.13679	0.01225	0.01184	0.01037	0.01360	0.07394	0.00805	0.10927	0.25694	0.02251	0.01802	0.14457	0.01602	0.00828	0.00542	0.00175	0.00496	0.00673	0.00478	0.13394
4	0.09602	0.05714	0.01637	0.01420	0.07205	0.25320	0.01055	0.22513	0.10369	0.07819	0.01292	0.01336	0.00972	0.00631	0.00525	0.00165	0.00710	0.00459	0.00438	0.00819
5	0.09159	0.26975	0.19657	0.01665	0.14678	0.01589	0.07300	0.01859	0.01243	0.09343	0.01075	0.01227	0.00831	0.00531	0.00487	0.00160	0.00678	0.00426	0.00311	0.00806

[dist]
# distance from previous block
# <min> <max>
0	1

[block]
# block no. 4 follows, 41 sequences, length 48
# corresponding to MSA columns:
# 204-251
name=unknown_E
#
# <colnr> <probs for GDERKNQSTAVLIFYWHMCP>
#	G	D	E	R	K	N	Q	S	T	A	V	L	I	F	Y	W	H	M	C	P
0	0.01256	0.05287	0.42283	0.05437	0.05336	0.01402	0.07832	0.05488	0.01255	0.01826	0.01015	0.01261	0.00772	0.00588	0.00700	0.00180	0.10038	0.00455	0.00274	0.07316
1	0.02999	0.03723	0.55279	0.01443	0.02184	0.01281	0.01738	0.07469	0.01315	0.01970	0.01044	0.01206	0.00763	0.00533	0.00518	0.00163	0.00744	0.00411	0.00287	0.14931
2	0.01109	0.00868	0.01302	0.06061	0.01418	0.00981	0.10369	0.02904	0.01140	0.01772	0.01572	0.10172	0.01419	0.01087	0.05584	0.02564	0.16685	0.00665	0.31745	0.00583
3	0.01228	0.10720	0.66375	0.01552	0.02345	0.01441	0.01957	0.04775	0.01264	0.01838	0.01017	0.01185	0.00736	0.00544	0.00527	0.00175	0.00813	0.00415	0.00255	0.00839
4	0.01899	0.02376	0.01451	0.01328	0.01606	0.65030	0.00996	0.02046	0.01569	0.01424	0.01685	0.01761	0.13022	0.00729	0.00542	0.00155	0.00911	0.00505	0.00333	0.00634
5	0.00817	0.00613	0.00919	0.00919	0.01021	0.00715	0.00715	0.01021	0.00919	0.01328	0.01532	0.02247	0.01430	0.04290	0.77631	0.00919	0.01532	0.00613	0.00306	0.00511
6	0.00832	0.00555	0.00624	0.00624	0.00624	0.00555	0.00347	0.00832	0.00832	0.01109	0.01802	0.03743	0.02080	0.79898	0.02911	0.00555	0.00555	0.00832	0.00347	0.00347
7	0.06652	0.01670	0.01597	0.01267	0.01682	0.11644	0.01030	0.57317	0.02381	0.03185	0.01301	0.01341	0.00946	0.00664	0.00544	0.00167	0.00654	0.00485	0.04583	0.00891
8	0.01286	0.01088	0.01746	0.46098	0.20287	0.01229	0.01468	0.02948	0.04293	0.07571	0.01453	0.01776	0.05066	0.00627	0.00577	0.00185	0.00680	0.00558	0.00331	0.00734
9	0.01348	0.01687	0.20336	0.01385	0.01860	0.01401	0.07381	0.02631	0.50592	0.02201	0.01905	0.01853	0.01417	0.00693	0.00580	0.00191	0.00594	0.00593	0.00472	0.00879
10	0.00884	0.00684	0.00827	0.00864	0.01000	0.00673	0.00625	0.01266	0.13777	0.01660	0.02913	0.46165	0.07086	0.05317	0.00790	0.00230	0.00385	0.07260	0.00515	0.07079
11	0.00697	0.00498	0.00664	0.00796	0.00830	0.00465	0.00531	0.00796	0.01095	0.01460	0.03153	0.79525	0.03783	0.01792	0.00730	0.00232	0.00332	0.01626	0.00531	0.00465
12	0.01529	0.80242	0.02997	0.00979	0.01468	0.02263	0.00979	0.01713	0.01162	0.01346	0.00795	0.00918	0.00734	0.00489	0.00367	0.00122	0.00612	0.00306	0.00245	0.00734
13	0.01099	0.01036	0.01749	0.74366	0.07951	0.01276	0.01598	0.01478	0.01153	0.01484	0.01020	0.01519	0.00770	0.00568	0.00572	0.00189	0.00758	0.00508	0.00256	0.00650
14	0.01262	0.01166	0.01945	0.12993	0.44281	0.01197	0.05402	0.04959	0.01308	0.01814	0.01491	0.16674	0.01449	0.00775	0.00605	0.00186	0.00636	0.00737	0.00342	0.00779
15	0.02174	0.01602	0.01717	0.01316	0.01774	0.01774	0.01087	0.74423	0.02689	0.03605	0.01373	0.01373	0.00973	0.00687	0.00572	0.00172	0.00629	0.00515	0.00572	0.00973
16	0.10107	0.13050	0.50488	0.01446	0.02152	0.01425	0.05120	0.01848	0.01211	0.06640	0.01056	0.01202	0.00766	0.00542	0.00508	0.00173	0.00753	0.00416	0.00286	0.00811
17	0.01371	0.01313	0.02241	0.13501	0.66689	0.01347	0.01733	0.01716	0.01281	0.01814	0.01068	0.01430	0.00887	0.00518	0.00567	0.00173	0.00691	0.00509	0.00279	0.00870
18	0.01080	0.01017	0.01716	0.78523	0.03940	0.01271	0.01589	0.01461	0.01144	0.01461	0.01017	0.01525	0.00762	0.00572	0.00572	0.00191	0.00762	0.00508	0.00254	0.00635
19	0.01737	0.01831	0.01429	0.01276	0.01593	0.31927	0.00980	0.08274	0.37029	0.02056	0.01816	0.01770	0.04326	0.00722	0.00559	0.00174	0.00692	0.00548	0.00464	0.00796
20	0.01788	0.44859	0.02372	0.01205	0.01600	0.35072	0.01039	0.01955	0.01356	0.01370	0.00833	0.00974	0.00736	0.00543	0.00463	0.00136	0.02394	0.00337	0.00267	0.00701
21	0.01821	0.01299	0.01538	0.01424	0.09500	0.01388	0.01041	0.41581	0.06843	0.09794	0.05400	0.08483	0.01639	0.00842	0.00603	0.00184	0.00562	0.04636	0.00552	0.00873
22	0.01577	0.31551	0.06921	0.01332	0.09849	0.05760	0.01071	0.03959	0.07217	0.11973	0.10155	0.01777	0.01546	0.00665	0.00507	0.00158	0.00586	0.02214	0.00403	0.00781
23	0.00994	0.00497	0.00745	0.00745	0.00745	0.00497	0.00497	0.00745	0.00745	0.00994	0.00994	0.01739	0.00994	0.01987	0.02235	0.83358	0.00497	0.00497	0.00248	0.00248
24	0.00747	0.00587	0.00870	0.00905	0.00995	0.00544	0.06335	0.00880	0.01133	0.01497	0.03218	0.67146	0.09641	0.01660	0.00721	0.00226	0.00378	0.01516	0.00512	0.00490
25	0.01215	0.01403	0.14369	0.01518	0.09296	0.04810	0.09745	0.12230	0.01429	0.01922	0.01965	0.33441	0.02053	0.01069	0.00641	0.00199	0.00609	0.00967	0.00422	0.00697
26	0.02125	0.07570	0.12730	0.01230	0.04690	0.01114	0.01096	0.06456	0.04186	0.48126	0.01882	0.01816	0.01270	0.00680	0.00559	0.00175	0.00565	0.02240	0.00569	0.00920
27	0.01394	0.01337	0.02283	0.08327	0.71682	0.01353	0.01745	0.01737	0.01292	0.01843	0.01072	0.01423	0.00897	0.00514	0.00567	0.00171	0.00685	0.00510	0.00281	0.00889
28	0.01253	0.02072	0.32681	0.07009	0.04432	0.01386	0.39150	0.01798	0.01279	0.01801	0.01094	0.01405	0.00805	0.00513	0.00613	0.00188	0.00898	0.00560	0.00268	0.00795
29	0.01997	0.01533	0.01636	0.05396	0.05475	0.07560	0.01093	0.46259	0.09782	0.09216	0.01579	0.01581	0.02845	0.00693	0.00571	0.00174	0.00632	0.00538	0.00531	0.00909
30	0.01268	0.12269	0.06048	0.01536	0.01771	0.01619	0.15671	0.01506	0.01053	0.01525	0.01023	0.05153	0.00953	0.00827	0.01234	0.00211	0.40928	0.00561	0.04175	0.00669
31	0.01316	0.01046	0.01223	0.00882	0.01384	0.00822	0.00709	0.05481	0.01293	0.06107	0.01105	0.01238	0.00886	0.00454	0.00440	0.00095	0.00438	0.00362	0.00372	0.74349
32	0.01915	0.26781	0.05965	0.01055	0.01511	0.01440	0.00960	0.07506	0.09334	0.31546	0.01827	0.01720	0.04682	0.00669	0.00511	0.00162	0.00544	0.00513	0.00501	0.00859
33	0.01566	0.01300	0.01374	0.01193	0.01542	0.01489	0.00940	0.16616	0.61487	0.02623	0.02146	0.01989	0.01599	0.00759	0.00580	0.00190	0.00486	0.00622	0.00580	0.00918
34	0.00806	0.00585	0.00759	0.00716	0.00852	0.00538	0.00537	0.01072	0.01610	0.02273	0.74058	0.04307	0.07381	0.01177	0.00675	0.00180	0.00270	0.01039	0.00627	0.00538
35	0.00821	0.00597	0.00840	0.00840	0.00915	0.00672	0.00616	0.00971	0.00896	0.01269	0.01604	0.02647	0.01604	0.24522	0.57637	0.00822	0.01271	0.00671	0.00317	0.00467
36	0.00688	0.00558	0.00611	0.00644	0.00792	0.00481	0.00466	0.00827	0.01263	0.01559	0.08543	0.25242	0.53278	0.01527	0.00690	0.00203	0.00300	0.01311	0.00536	0.00481
37	0.00705	0.00509	0.00668	0.00779	0.00829	0.00472	0.00527	0.00822	0.01150	0.01535	0.09425	0.69338	0.07682	0.01722	0.00723	0.00226	0.00324	0.01554	0.00539	0.00472
38	0.00832	0.00555	0.00624	0.00624	0.00624	0.00555	0.00347	0.00832	0.00832	0.01109	0.01802	0.03743	0.02080	0.79898	0.02911	0.00555	0.00555	0.00832	0.00347	0.00347
39	0.02097	0.01573	0.01720	0.01332	0.01751	0.01772	0.01101	0.68274	0.02537	0.03417	0.01321	0.01363	0.00954	0.00713	0.00682	0.00178	0.07214	0.00514	0.00545	0.00944
40	0.01664	0.53075	0.08452	0.01165	0.01629	0.22672	0.01103	0.01876	0.01291	0.01397	0.00838	0.00971	0.00734	0.00521	0.00421	0.00134	0.00744	0.00332	0.00258	0.00724
41	0.00697	0.00498	0.00664	0.00796	0.00830	0.00465	0.00531	0.00796	0.01095	0.01460	0.03153	0.79525	0.03783	0.01792	0.00730	0.00232	0.00332	0.01626	0.00531	0.00465
42	0.02081	0.02045	0.01551	0.01315	0.01663	0.39552	0.01027	0.28811	0.01980	0.05825	0.01212	0.01293	0.00917	0.00637	0.00530	0.00157	0.00793	0.00446	0.07385	0.00781
43	0.01186	0.01017	0.01186	0.00847	0.01356	0.00762	0.00678	0.01440	0.01186	0.01864	0.01017	0.01186	0.00847	0.00424	0.00424	0.00085	0.00424	0.00339	0.00339	0.83395
44	0.00735	0.00525	0.00708	0.00840	0.00890	0.00498	0.00598	0.00863	0.01133	0.01503	0.03131	0.67060	0.03699	0.01756	0.00740	0.00238	0.00365	0.13713	0.00530	0.00475
45	0.00810	0.00585	0.00765	0.00720	0.00855	0.00540	0.00540	0.01079	0.01619	0.02294	0.76028	0.04273	0.05397	0.01169	0.00675	0.00180	0.00270	0.01034	0.00630	0.00540
46	0.06631	0.01152	0.01355	0.11864	0.01758	0.01370	0.01002	0.06036	0.39385	0.02192	0.08887	0.02020	0.01715	0.00795	0.00748	0.00197	0.11012	0.00617	0.00482	0.00780
47	0.01097	0.00846	0.01037	0.07473	0.01361	0.00883	0.00767	0.14031	0.09278	0.01961	0.02436	0.46005	0.02631	0.01300	0.00654	0.00205	0.00439	0.01150	0.00508	0.05940

[dist]
# distance from previous block
# <min> <max>
4	14

[block]
# block no. 5 follows, 41 sequences, length 23
# corresponding to MSA columns:
# 268-290
name=unknown_F
#
# <colnr> <probs for GDERKNQSTAVLIFYWHMCP>
#	G	D	E	R	K	N	Q	S	T	A	V	L	I	F	Y	W	H	M	C	P
0	0.08017	0.01006	0.01147	0.00878	0.01317	0.00863	0.00701	0.01725	0.09038	0.09090	0.07556	0.01596	0.01359	0.00559	0.00470	0.00120	0.00421	0.00450	0.00425	0.53263
1	0.01244	0.08810	0.50993	0.01979	0.15305	0.01421	0.08779	0.01796	0.01234	0.01786	0.01029	0.01252	0.00770	0.00527	0.00546	0.00176	0.00809	0.00452	0.00254	0.00840
2	0.01142	0.00818	0.00976	0.00893	0.01112	0.00834	0.00698	0.05120	0.19049	0.07432	0.40330	0.03712	0.07641	0.01070	0.00650	0.00190	0.00367	0.06686	0.00607	0.00672
3	0.01401	0.01238	0.01901	0.40142	0.25671	0.01398	0.01540	0.16118	0.01501	0.02014	0.01106	0.01461	0.00848	0.00576	0.00570	0.00180	0.00711	0.00510	0.00327	0.00786
4	0.00709	0.00507	0.00674	0.00788	0.00832	0.00472	0.00532	0.00826	0.01150	0.01548	0.10812	0.71615	0.03953	0.01727	0.00724	0.00227	0.00325	0.01564	0.00541	0.00472
5	0.01155	0.00636	0.00651	0.00613	0.00768	0.00652	0.00461	0.08208	0.01315	0.02201	0.01815	0.02172	0.01462	0.06140	0.00590	0.00166	0.00321	0.00552	0.69561	0.00562
6	0.01126	0.01127	0.02121	0.47730	0.03348	0.01247	0.23710	0.01511	0.01202	0.01575	0.01266	0.09071	0.01087	0.00662	0.00619	0.00195	0.00783	0.00667	0.00292	0.00661
7	0.00727	0.00510	0.00655	0.00758	0.00784	0.00485	0.00490	0.00804	0.01036	0.01382	0.02852	0.62638	0.03403	0.19196	0.01216	0.00304	0.00381	0.01449	0.00490	0.00438
8	0.09387	0.01671	0.01730	0.19520	0.05904	0.22938	0.05114	0.12426	0.01469	0.01890	0.00984	0.01264	0.00784	0.00643	0.00726	0.00182	0.11876	0.00459	0.00324	0.00710
9	0.01277	0.00992	0.04901	0.01077	0.01282	0.01040	0.00893	0.12122	0.01258	0.09602	0.01478	0.02024	0.01289	0.08887	0.38220	0.00576	0.11468	0.00588	0.00380	0.00646
10	0.01422	0.05785	0.17739	0.01555	0.13010	0.01318	0.01263	0.08946	0.21340	0.05171	0.05750	0.01691	0.01361	0.00640	0.00545	0.00167	0.00584	0.00530	0.00424	0.10760
11	0.01579	0.42812	0.12315	0.01086	0.01543	0.01669	0.01078	0.01823	0.01235	0.15677	0.01323	0.08602	0.01151	0.00690	0.00551	0.00158	0.05075	0.00508	0.00359	0.00763
12	0.00760	0.00583	0.00697	0.00668	0.00824	0.00519	0.00501	0.00984	0.01503	0.02019	0.50212	0.04726	0.31385	0.01272	0.00675	0.00185	0.00277	0.01098	0.00593	0.00519
13	0.01385	0.01505	0.07928	0.03195	0.59040	0.01371	0.13555	0.01772	0.01303	0.01859	0.01086	0.01421	0.00887	0.00508	0.00582	0.00174	0.00738	0.00530	0.00281	0.00880
14	0.03651	0.39283	0.23371	0.01545	0.09731	0.05062	0.06709	0.01777	0.01218	0.01601	0.00919	0.01101	0.00756	0.00511	0.00465	0.00151	0.00723	0.00389	0.00256	0.00780
15	0.00768	0.00561	0.00793	0.00848	0.00915	0.00600	0.00613	0.00915	0.00986	0.01367	0.02221	0.34331	0.02449	0.08477	0.40647	0.00610	0.00968	0.01047	0.00402	0.00480
16	0.00713	0.00509	0.00682	0.00815	0.00856	0.00479	0.00559	0.00825	0.01111	0.01478	0.03144	0.74202	0.03747	0.01777	0.00734	0.00235	0.00346	0.06787	0.00531	0.00469
17	0.02927	0.01099	0.06505	0.01126	0.01465	0.00979	0.07009	0.06335	0.15568	0.20624	0.03528	0.19933	0.08391	0.01005	0.00624	0.00196	0.00498	0.00880	0.00545	0.00764
18	0.01437	0.01559	0.02531	0.02465	0.25199	0.09895	0.29189	0.01767	0.01270	0.01705	0.01021	0.01389	0.00842	0.00606	0.00864	0.00192	0.16461	0.00555	0.00280	0.00772
19	0.01343	0.01196	0.01286	0.04325	0.01543	0.05399	0.00818	0.05470	0.19589	0.02036	0.01351	0.01435	0.01065	0.00539	0.00482	0.00124	0.00490	0.00433	0.00404	0.50672
20	0.09217	0.08213	0.43760	0.01407	0.02025	0.01435	0.01605	0.07713	0.01303	0.08241	0.01090	0.01239	0.00796	0.00612	0.00657	0.00182	0.08941	0.00432	0.00319	0.00814
21	0.01535	0.05780	0.11076	0.02125	0.29807	0.02636	0.01411	0.14859	0.20635	0.02267	0.01428	0.01536	0.01101	0.00614	0.00557	0.00175	0.00634	0.00522	0.00404	0.00897
22	0.00883	0.04507	0.00814	0.00696	0.00868	0.00613	0.00523	0.01060	0.01363	0.06046	0.27702	0.12325	0.32048	0.07018	0.00823	0.00215	0.00334	0.01087	0.00546	0.00530

[dist]
# distance from previous block
# <min> <max>
0	1

[block]
# block no. 6 follows, 41 sequences, length 9
# corresponding to MSA columns:
# 292-300
name=unknown_G
#
# <colnr> <probs for GDERKNQSTAVLIFYWHMCP>
#	G	D	E	R	K	N	Q	S	T	A	V	L	I	F	Y	W	H	M	C	P
0	0.00802	0.00604	0.00755	0.00850	0.00925	0.00604	0.00585	0.01122	0.11861	0.01595	0.03033	0.68297	0.03488	0.01645	0.00709	0.00227	0.00349	0.01484	0.00538	0.00529
1	0.00705	0.00581	0.00619	0.00610	0.00790	0.00495	0.00457	0.00877	0.01372	0.01707	0.20989	0.05238	0.60802	0.01388	0.00676	0.00190	0.00285	0.01170	0.00552	0.00495
2	0.00832	0.00555	0.00624	0.00624	0.00624	0.00555	0.00347	0.00832	0.00832	0.01109	0.01802	0.03743	0.02080	0.79898	0.02911	0.00555	0.00555	0.00832	0.00347	0.00347
3	0.00697	0.00498	0.00664	0.00796	0.00830	0.00465	0.00531	0.00796	0.01095	0.01460	0.03153	0.79525	0.03783	0.01792	0.00730	0.00232	0.00332	0.01626	0.00531	0.00465
4	0.83938	0.01106	0.00841	0.00752	0.01106	0.01283	0.00619	0.01681	0.00973	0.02566	0.00796	0.00929	0.00619	0.00531	0.00354	0.00177	0.00442	0.00310	0.00354	0.00619
5	0.00790	0.00584	0.00738	0.00699	0.00843	0.00531	0.00524	0.01042	0.01573	0.02185	0.65838	0.04451	0.15655	0.01210	0.00675	0.00182	0.00273	0.01059	0.00615	0.00531
6	0.01197	0.09647	0.64506	0.01636	0.02428	0.01420	0.07820	0.01804	0.01215	0.01772	0.01017	0.01209	0.00737	0.00534	0.00538	0.00177	0.00834	0.00433	0.00246	0.00830
7	0.00956	0.00814	0.01276	0.08049	0.25042	0.00815	0.01006	0.01155	0.01165	0.01590	0.02318	0.48327	0.02622	0.01285	0.00665	0.00209	0.00478	0.01180	0.00430	0.00619
8	0.05189	0.02111	0.40302	0.10032	0.08364	0.01323	0.06695	0.01929	0.11955	0.01902	0.01216	0.01402	0.00901	0.00568	0.00550	0.00180	0.00739	0.00480	0.00308	0.03854

[dist]
# distance from previous block
# <min> <max>
0	23

[block]
# block no. 7 follows, 41 sequences, length 18
# corresponding to MSA columns:
# 327-344
name=unknown_H
#
# <colnr> <probs for GDERKNQSTAVLIFYWHMCP>
#	G	D	E	R	K	N	Q	S	T	A	V	L	I	F	Y	W	H	M	C	P
0	0.00891	0.00697	0.00853	0.00742	0.00980	0.00590	0.00565	0.01134	0.01441	0.02052	0.44272	0.07372	0.11931	0.01030	0.00610	0.00158	0.00317	0.00895	0.00535	0.22936
1	0.02429	0.00943	0.01283	0.00994	0.01413	0.00817	0.00817	0.02654	0.01636	0.70903	0.08028	0.02129	0.01727	0.00744	0.00583	0.00177	0.00470	0.00611	0.00702	0.00939
2	0.00994	0.00497	0.00745	0.00745	0.00745	0.00497	0.00497	0.00745	0.00745	0.00994	0.00994	0.01739	0.00994	0.01987	0.02235	0.83358	0.00497	0.00497	0.00248	0.00248
3	0.00832	0.00555	0.00624	0.00624	0.00624	0.00555	0.00347	0.00832	0.00832	0.01109	0.01802	0.03743	0.02080	0.79898	0.02911	0.00555	0.00555	0.00832	0.00347	0.00347
4	0.07794	0.01015	0.01307	0.01013	0.01442	0.00926	0.00835	0.07666	0.01667	0.64689	0.04181	0.01906	0.01445	0.00708	0.00563	0.00177	0.00488	0.00567	0.00673	0.00938
5	0.00710	0.00525	0.00652	0.00734	0.00807	0.00480	0.00500	0.00826	0.01165	0.01523	0.09427	0.53414	0.19032	0.06351	0.00845	0.00239	0.00331	0.01443	0.00528	0.00467
6	0.33802	0.03335	0.01364	0.01137	0.01501	0.26306	0.00905	0.19859	0.01625	0.03899	0.00997	0.01092	0.00763	0.00591	0.00465	0.00165	0.00685	0.00385	0.00393	0.00730
7	0.01131	0.00855	0.00929	0.00855	0.01101	0.00865	0.00655	0.07941	0.20885	0.06853	0.05356	0.12902	0.35028	0.01193	0.00642	0.00195	0.00380	0.01005	0.00562	0.00668
8	0.03627	0.55427	0.15141	0.01117	0.01641	0.04840	0.01158	0.01865	0.07634	0.01549	0.00971	0.01077	0.00818	0.00528	0.00421	0.00141	0.00648	0.00358	0.00278	0.00762
9	0.01436	0.07940	0.22022	0.01364	0.06649	0.01228	0.03148	0.07989	0.03153	0.08556	0.01174	0.01303	0.00889	0.00540	0.00536	0.00145	0.02716	0.00426	0.00356	0.28431
10	0.04698	0.23623	0.07519	0.00915	0.01254	0.01238	0.00837	0.01588	0.10839	0.03064	0.23688	0.02824	0.12891	0.00886	0.00551	0.00168	0.00454	0.01837	0.00457	0.00668
11	0.02181	0.01120	0.01382	0.01046	0.01506	0.01027	0.00859	0.18099	0.01768	0.44548	0.01795	0.01657	0.01196	0.00642	0.00542	0.00156	0.00504	0.00511	0.00598	0.18864
12	0.05869	0.01170	0.07852	0.01065	0.01506	0.00972	0.00936	0.02603	0.12232	0.52335	0.05816	0.01981	0.01568	0.00719	0.00568	0.00180	0.00500	0.00583	0.00629	0.00915
13	0.01309	0.18771	0.48916	0.01367	0.02044	0.01417	0.01639	0.01803	0.01268	0.07617	0.07602	0.01472	0.01187	0.00599	0.00520	0.00168	0.00718	0.00463	0.00312	0.00805
14	0.01035	0.01711	0.31720	0.04472	0.07182	0.01043	0.11797	0.01442	0.01193	0.01682	0.01792	0.28693	0.01830	0.00970	0.00630	0.00200	0.00668	0.00889	0.00353	0.00698
15	0.00791	0.00540	0.00644	0.00680	0.00697	0.00528	0.00412	0.00836	0.00955	0.01282	0.06642	0.25757	0.02772	0.52523	0.02145	0.00439	0.00473	0.01074	0.00417	0.00392
16	0.01314	0.01662	0.18852	0.02897	0.54594	0.01295	0.01750	0.01721	0.01303	0.01886	0.06295	0.01569	0.01179	0.00563	0.00569	0.00173	0.00688	0.00527	0.00298	0.00867
17	0.01256	0.01314	0.02572	0.16231	0.09609	0.01319	0.41998	0.01763	0.07170	0.01780	0.01391	0.08362	0.01176	0.00639	0.00643	0.00194	0.00805	0.00710	0.00327	0.00743

[dist]
# distance from previous block
# <min> <max>
0	1

[block]
# block no. 8 follows, 41 sequences, length 9
# corresponding to MSA columns:
# 346-354
name=unknown_I
#
# <colnr> <probs for GDERKNQSTAVLIFYWHMCP>
#	G	D	E	R	K	N	Q	S	T	A	V	L	I	F	Y	W	H	M	C	P
0	0.26031	0.01047	0.01445	0.34338	0.14999	0.01205	0.01215	0.01508	0.01114	0.01863	0.01183	0.09458	0.01059	0.00676	0.00522	0.00187	0.00607	0.00565	0.00318	0.00659
1	0.01226	0.02015	0.33406	0.01635	0.02072	0.03751	0.10235	0.01623	0.01095	0.01611	0.00955	0.01308	0.00785	0.00889	0.04679	0.00243	0.30996	0.00490	0.00255	0.00731
2	0.09920	0.01905	0.28371	0.02493	0.37823	0.01346	0.06503	0.01772	0.01238	0.01919	0.01035	0.01300	0.00810	0.00522	0.00543	0.00176	0.00732	0.00469	0.00276	0.00846
3	0.04957	0.19930	0.09841	0.01582	0.10586	0.35738	0.01239	0.06737	0.01482	0.01675	0.00930	0.01088	0.00766	0.00557	0.00489	0.00151	0.00827	0.00384	0.00297	0.00745
4	0.00999	0.00527	0.00557	0.00581	0.00696	0.00521	0.00424	0.01235	0.01180	0.02010	0.02101	0.16249	0.01889	0.00872	0.00460	0.00151	0.00278	0.00732	0.68017	0.00521
5	0.01031	0.00718	0.00894	0.00841	0.00965	0.00788	0.00621	0.10721	0.01162	0.01662	0.01628	0.02547	0.01560	0.25056	0.36858	0.00623	0.00982	0.00653	0.10163	0.00527
6	0.00875	0.00551	0.00607	0.00607	0.00632	0.00551	0.00356	0.00923	0.00899	0.01296	0.01814	0.03449	0.01968	0.65446	0.02453	0.00478	0.00502	0.00777	0.15437	0.00381
7	0.00980	0.00786	0.00922	0.00914	0.01097	0.00792	0.00663	0.01557	0.23436	0.01794	0.02622	0.45865	0.02781	0.01305	0.00645	0.00201	0.00380	0.01161	0.00521	0.11576
8	0.01322	0.01346	0.02367	0.08264	0.28843	0.01497	0.20061	0.01635	0.01170	0.01675	0.00991	0.01405	0.00837	0.00661	0.01003	0.00202	0.25136	0.00549	0.00272	0.00764

[dist]
# distance from previous block
# <min> <max>
0	2

[block]
# block no. 9 follows, 41 sequences, length 12
# corresponding to MSA columns:
# 357-368
name=unknown_J
#
# <colnr> <probs for GDERKNQSTAVLIFYWHMCP>
#	G	D	E	R	K	N	Q	S	T	A	V	L	I	F	Y	W	H	M	C	P
0	0.01227	0.01191	0.01090	0.01144	0.01320	0.20596	0.00950	0.01456	0.01395	0.01624	0.02580	0.05010	0.05450	0.01318	0.00715	0.00231	0.00648	0.51027	0.00467	0.00560
1	0.01159	0.01017	0.01323	0.20982	0.02025	0.00894	0.00914	0.01446	0.01175	0.01760	0.01017	0.01274	0.00825	0.00462	0.00462	0.00112	0.00511	0.00383	0.00317	0.61943
2	0.17279	0.21545	0.01671	0.00959	0.01397	0.01291	0.00836	0.02305	0.01392	0.43533	0.01609	0.01493	0.01093	0.00619	0.00481	0.00163	0.00511	0.00457	0.00523	0.00846
3	0.00708	0.00502	0.00660	0.00783	0.00813	0.00472	0.00516	0.00799	0.01074	0.01432	0.03044	0.73427	0.03646	0.08076	0.00906	0.00258	0.00350	0.01562	0.00516	0.00455
4	0.00697	0.00498	0.00664	0.00796	0.00830	0.00465	0.00531	0.00796	0.01095	0.01460	0.03153	0.79525	0.03783	0.01792	0.00730	0.00232	0.00332	0.01626	0.00531	0.00465
5	0.01458	0.01604	0.02733	0.02295	0.13472	0.09927	0.45156	0.02040	0.11689	0.01868	0.01278	0.01550	0.00981	0.00539	0.00628	0.00185	0.00858	0.00612	0.00330	0.00798
6	0.00743	0.00527	0.00695	0.00813	0.00856	0.00502	0.00565	0.00855	0.01097	0.01456	0.02985	0.60876	0.03525	0.10476	0.00982	0.00273	0.00384	0.11422	0.00510	0.00460
7	0.01782	0.01611	0.01924	0.02245	0.33340	0.11530	0.01351	0.28550	0.05150	0.02468	0.01214	0.01374	0.00944	0.00594	0.00558	0.00166	0.00689	0.00494	0.00406	0.03612
8	0.01226	0.13426	0.52319	0.01563	0.02302	0.01426	0.09888	0.01770	0.01215	0.01753	0.01008	0.01203	0.00752	0.00519	0.00524	0.00166	0.00792	0.00428	0.00255	0.07463
9	0.01399	0.14665	0.23364	0.04521	0.36247	0.06772	0.01681	0.01793	0.01271	0.01724	0.01002	0.01253	0.00811	0.00523	0.00524	0.00164	0.00742	0.00442	0.00265	0.00837
10	0.01201	0.13740	0.66620	0.01539	0.02335	0.01459	0.01955	0.01798	0.01201	0.01746	0.00994	0.01167	0.00726	0.00536	0.00519	0.00173	0.00813	0.00406	0.00242	0.00830
11	0.02566	0.00973	0.01327	0.01018	0.01460	0.00841	0.00841	0.02788	0.01637	0.76726	0.02257	0.01947	0.01416	0.00708	0.00575	0.00177	0.00487	0.00575	0.00708	0.00973

[dist]
# distance from previous block
# <min> <max>
0	2

[block]
# block no. 10 follows, 41 sequences, length 45
# corresponding to MSA columns:
# 371-415
name=unknown_K
#
# <colnr> <probs for GDERKNQSTAVLIFYWHMCP>
#	G	D	E	R	K	N	Q	S	T	A	V	L	I	F	Y	W	H	M	C	P
0	0.83938	0.01106	0.00841	0.00752	0.01106	0.01283	0.00619	0.01681	0.00973	0.02566	0.00796	0.00929	0.00619	0.00531	0.00354	0.00177	0.00442	0.00310	0.00354	0.00619
1	0.00787	0.00584	0.00733	0.00695	0.00840	0.00530	0.00522	0.01035	0.01565	0.02165	0.63934	0.04485	0.17571	0.01217	0.00675	0.00182	0.00273	0.01064	0.00613	0.00530
2	0.00796	0.00574	0.00752	0.00729	0.00851	0.00530	0.00539	0.01045	0.01555	0.02191	0.67076	0.13517	0.05199	0.01246	0.00681	0.00186	0.00277	0.01107	0.00618	0.00530
3	0.02566	0.00973	0.01327	0.01018	0.01460	0.00841	0.00841	0.02788	0.01637	0.76726	0.02257	0.01947	0.01416	0.00708	0.00575	0.00177	0.00487	0.00575	0.00708	0.00973
4	0.01350	0.01543	0.03375	0.02411	0.02989	0.01446	0.74253	0.01832	0.01350	0.01832	0.01157	0.01543	0.00868	0.00482	0.00675	0.00193	0.00964	0.00675	0.00289	0.00771
5	0.02566	0.00973	0.01327	0.01018	0.01460	0.00841	0.00841	0.02788	0.01637	0.76726	0.02257	0.01947	0.01416	0.00708	0.00575	0.00177	0.00487	0.00575	0.00708	0.00973
6	0.01080	0.01017	0.01716	0.78523	0.03940	0.01271	0.01589	0.01461	0.01144	0.01461	0.01017	0.01525	0.00762	0.00572	0.00572	0.00191	0.00762	0.00508	0.00254	0.00635
7	0.02222	0.01526	0.01669	0.01280	0.01736	0.01661	0.01057	0.65729	0.02562	0.12479	0.01480	0.01443	0.01027	0.00689	0.00573	0.00172	0.00612	0.00522	0.00589	0.00973
8	0.00805	0.00584	0.00758	0.00715	0.00852	0.00538	0.00536	0.01070	0.01608	0.02267	0.73493	0.04317	0.07950	0.01179	0.00675	0.00180	0.00271	0.01041	0.00626	0.00538
9	0.00707	0.00505	0.00675	0.00807	0.00845	0.00473	0.00548	0.00813	0.01105	0.01471	0.03147	0.76399	0.03762	0.01783	0.00733	0.00234	0.00340	0.04657	0.00531	0.00467
10	0.02566	0.00973	0.01327	0.01018	0.01460	0.00841	0.00841	0.02788	0.01637	0.76726	0.02257	0.01947	0.01416	0.00708	0.00575	0.00177	0.00487	0.00575	0.00708	0.00973
11	0.00994	0.00497	0.00745	0.00745	0.00745	0.00497	0.00497	0.00745	0.00745	0.00994	0.00994	0.01739	0.00994	0.01987	0.02235	0.83358	0.00497	0.00497	0.00248	0.00248
12	0.01269	0.06204	0.01830	0.01469	0.01500	0.01784	0.01234	0.01398	0.00894	0.01375	0.00754	0.01230	0.00750	0.00969	0.01782	0.00242	0.73945	0.00488	0.00250	0.00632
13	0.06186	0.01570	0.01692	0.01354	0.03990	0.01737	0.01084	0.68641	0.02563	0.03501	0.01336	0.01353	0.00953	0.00674	0.00561	0.00172	0.00622	0.00505	0.00553	0.00953
14	0.01080	0.01017	0.01716	0.78523	0.03940	0.01271	0.01589	0.01461	0.01144	0.01461	0.01017	0.01525	0.00762	0.00572	0.00572	0.00191	0.00762	0.00508	0.00254	0.00635
15	0.00829	0.00631	0.00943	0.00936	0.01035	0.00744	0.00730	0.01031	0.00918	0.01329	0.01510	0.02219	0.01411	0.04197	0.75502	0.00900	0.03705	0.00610	0.00305	0.00514
16	0.01577	0.01340	0.02162	0.10426	0.48011	0.01373	0.06117	0.12042	0.01512	0.08064	0.01211	0.01471	0.00940	0.00555	0.00575	0.00174	0.00683	0.00526	0.00355	0.00885
17	0.00832	0.00555	0.00624	0.00624	0.00624	0.00555	0.00347	0.00832	0.00832	0.01109	0.01802	0.03743	0.02080	0.79898	0.02911	0.00555	0.00555	0.00832	0.00347	0.00347
18	0.01066	0.00533	0.00533	0.00533	0.00666	0.00533	0.00400	0.01333	0.01200	0.02132	0.01866	0.02132	0.01466	0.00666	0.00400	0.00133	0.00267	0.00533	0.83073	0.00533
19	0.01186	0.01017	0.01186	0.00847	0.01356	0.00762	0.00678	0.01440	0.01186	0.01864	0.01017	0.01186	0.00847	0.00424	0.00424	0.00085	0.00424	0.00339	0.00339	0.83395
20	0.01423	0.01229	0.01293	0.01164	0.01487	0.01423	0.00905	0.03039	0.75297	0.02393	0.02328	0.02134	0.01746	0.00776	0.00582	0.00194	0.00453	0.00647	0.00582	0.00905
21	0.01066	0.00533	0.00533	0.00533	0.00666	0.00533	0.00400	0.01333	0.01200	0.02132	0.01866	0.02132	0.01466	0.00666	0.00400	0.00133	0.00267	0.00533	0.83073	0.00533
22	0.83938	0.01106	0.00841	0.00752	0.01106	0.01283	0.00619	0.01681	0.00973	0.02566	0.00796	0.00929	0.00619	0.00531	0.00354	0.00177	0.00442	0.00310	0.00354	0.00619
23	0.07071	0.01739	0.01650	0.01306	0.01733	0.12982	0.01062	0.59371	0.02428	0.03216	0.01266	0.01296	0.00917	0.00663	0.00551	0.00168	0.00678	0.00481	0.00518	0.00906
