[name]
unknown

[dist]
# distance from previous block
# <min> <max>
40	522

[block]
# block no. 0 follows, 40 sequences, length 6
# corresponding to MSA columns:
# 550-555
name=unknown_A
#
# <colnr> <probs for GDERKNQSTAVLIFYWHMCP>
#	G	D	E	R	K	N	Q	S	T	A	V	L	I	F	Y	W	H	M	C	P
0	0.01603	0.01186	0.01356	0.05518	0.01540	0.01297	0.00907	0.33039	0.01827	0.02628	0.01394	0.01633	0.01094	0.03474	0.00744	0.00177	0.08695	0.00514	0.19786	0.11586
1	0.01189	0.01234	0.06563	0.52039	0.09573	0.01353	0.01551	0.01745	0.11075	0.01666	0.01203	0.01587	0.00919	0.00628	0.00658	0.00195	0.05270	0.00530	0.00305	0.00720
2	0.01605	0.01293	0.01602	0.01254	0.01618	0.01377	0.05830	0.33410	0.01889	0.02631	0.09094	0.05454	0.01536	0.00782	0.00762	0.00173	0.11393	0.00607	0.00474	0.17216
3	0.01608	0.01234	0.01392	0.01039	0.01527	0.01143	0.00842	0.25039	0.05176	0.05983	0.01272	0.01349	0.00973	0.00547	0.00494	0.00124	0.00503	0.00428	0.00450	0.48876
4	0.01224	0.00966	0.01022	0.00993	0.01189	0.08765	0.00784	0.07603	0.04196	0.06784	0.18855	0.15810	0.08090	0.01269	0.00690	0.00211	0.00488	0.19887	0.00553	0.00622
5	0.08510	0.26232	0.40324	0.01466	0.05988	0.01658	0.01600	0.04865	0.01262	0.01844	0.00969	0.01131	0.00751	0.00539	0.00483	0.00164	0.00733	0.00392	0.00273	0.00814

[dist]
# distance from previous block
# <min> <max>
3	5

[block]
# block no. 1 follows, 40 sequences, length 31
# corresponding to MSA columns:
# 561-591
name=unknown_B
#
# <colnr> <probs for GDERKNQSTAVLIFYWHMCP>
#	G	D	E	R	K	N	Q	S	T	A	V	L	I	F	Y	W	H	M	C	P
0	0.01358	0.09636	0.02259	0.03024	0.01931	0.01637	0.20307	0.05048	0.01173	0.01691	0.00982	0.01367	0.00845	0.00755	0.01190	0.00206	0.37030	0.00529	0.04434	0.04596
1	0.01206	0.01034	0.01206	0.00861	0.01378	0.00775	0.00689	0.01464	0.01206	0.01895	0.01034	0.01206	0.00861	0.00431	0.00431	0.00086	0.00431	0.00345	0.00345	0.83118
2	0.02486	0.01017	0.01346	0.01050	0.01487	0.00917	0.00862	0.02861	0.09411	0.68519	0.02302	0.01999	0.01475	0.00727	0.00586	0.00182	0.00491	0.00592	0.00706	0.00982
3	0.01213	0.01059	0.01267	0.00932	0.01394	0.00882	0.00751	0.01457	0.01173	0.01843	0.01005	0.01213	0.00851	0.00493	0.00587	0.00104	0.08690	0.00362	0.00335	0.74391
4	0.09892	0.01122	0.01662	0.44770	0.02885	0.01454	0.01398	0.01481	0.01055	0.01576	0.00921	0.01395	0.00756	0.00721	0.00994	0.00212	0.26303	0.00493	0.00268	0.00641
5	0.05570	0.06344	0.01478	0.01181	0.02817	0.01488	0.00927	0.21973	0.36756	0.03966	0.05559	0.01999	0.01623	0.04884	0.00692	0.00203	0.00520	0.00608	0.00543	0.00867
6	0.00965	0.09005	0.01016	0.00752	0.00952	0.00740	0.00594	0.01209	0.01549	0.05659	0.53561	0.04061	0.15503	0.01137	0.00648	0.00179	0.00325	0.00978	0.00587	0.00582
7	0.01579	0.01315	0.01390	0.01210	0.01563	0.01509	0.00953	0.15436	0.62322	0.02647	0.02198	0.02035	0.01638	0.00773	0.00590	0.00193	0.00492	0.00634	0.00590	0.00932
8	0.01273	0.33206	0.36688	0.01277	0.01893	0.01615	0.01469	0.01679	0.01197	0.01618	0.01179	0.09358	0.01074	0.00661	0.00497	0.00162	0.00695	0.00509	0.00281	0.03669
9	0.01178	0.05313	0.74347	0.01638	0.02486	0.01379	0.02114	0.01839	0.01226	0.01827	0.01037	0.01219	0.00737	0.00551	0.00547	0.00182	0.00852	0.00426	0.00246	0.00856
10	0.01166	0.03008	0.76550	0.01657	0.02517	0.01351	0.02149	0.01842	0.01228	0.01842	0.01044	0.01228	0.00737	0.00552	0.00552	0.00184	0.00859	0.00430	0.00246	0.00859
11	0.00766	0.00599	0.00718	0.00794	0.02368	0.00543	0.00580	0.00927	0.01269	0.01601	0.07813	0.22498	0.37527	0.05645	0.00838	0.00236	0.00368	0.13882	0.00529	0.00499
12	0.01737	0.01954	0.01676	0.13614	0.02049	0.38391	0.01225	0.01982	0.04363	0.04105	0.00992	0.01269	0.00824	0.00725	0.00924	0.00189	0.22541	0.00453	0.00307	0.00680
13	0.01004	0.00716	0.00830	0.00783	0.00836	0.00764	0.00510	0.08617	0.01075	0.01449	0.01852	0.10798	0.02078	0.58514	0.02422	0.00470	0.05572	0.00869	0.00389	0.00450
14	0.00871	0.00608	0.00777	0.00726	0.00881	0.00553	0.00548	0.01130	0.01611	0.04876	0.65218	0.04400	0.13201	0.01204	0.00682	0.00184	0.00284	0.01055	0.00632	0.00558
15	0.01471	0.01329	0.05930	0.14825	0.45431	0.01279	0.01594	0.01889	0.05028	0.09726	0.01368	0.01786	0.01103	0.00617	0.00588	0.00183	0.00673	0.03963	0.00354	0.00863
16	0.01730	0.01247	0.01369	0.01175	0.01540	0.01386	0.00930	0.10982	0.54345	0.15152	0.02246	0.02051	0.01630	0.00767	0.00589	0.00192	0.00486	0.00630	0.00612	0.00940
17	0.01084	0.00542	0.00542	0.00542	0.00678	0.00542	0.00407	0.01355	0.01220	0.02168	0.01897	0.02168	0.01491	0.00678	0.00407	0.00136	0.00271	0.00542	0.82791	0.00542
18	0.00709	0.00506	0.00675	0.00810	0.00843	0.00472	0.00540	0.00810	0.01113	0.01484	0.03205	0.79184	0.03846	0.01822	0.00742	0.00236	0.00337	0.01653	0.00540	0.00472
19	0.01359	0.01543	0.03351	0.06078	0.03085	0.01462	0.70365	0.01845	0.01363	0.01845	0.01170	0.01568	0.00877	0.00495	0.00681	0.00196	0.00971	0.00678	0.00292	0.00778
20	0.01098	0.01034	0.01744	0.78165	0.04005	0.01292	0.01615	0.01486	0.01163	0.01486	0.01034	0.01550	0.00775	0.00581	0.00581	0.00194	0.00775	0.00517	0.00258	0.00646
21	0.01010	0.00505	0.00758	0.00758	0.00758	0.00505	0.00505	0.00758	0.00758	0.01010	0.01010	0.01768	0.01010	0.02020	0.02273	0.83081	0.00505	0.00505	0.00253	0.00253
22	0.01098	0.01034	0.01744	0.78165	0.04005	0.01292	0.01615	0.01486	0.01163	0.01486	0.01034	0.01550	0.00775	0.00581	0.00581	0.00194	0.00775	0.00517	0.00258	0.00646
23	0.04881	0.01595	0.01588	0.04976	0.01804	0.10277	0.01061	0.40453	0.17743	0.07321	0.01561	0.01547	0.01132	0.00696	0.00570	0.00178	0.00640	0.00531	0.00536	0.00909
24	0.01166	0.03008	0.76550	0.01657	0.02517	0.01351	0.02149	0.01842	0.01228	0.01842	0.01044	0.01228	0.00737	0.00552	0.00552	0.00184	0.00859	0.00430	0.00246	0.00859
25	0.00778	0.00618	0.00701	0.00676	0.00852	0.00555	0.00508	0.01042	0.04481	0.01939	0.36217	0.04909	0.41991	0.01321	0.00683	0.00191	0.00293	0.01127	0.00586	0.00534
26	0.01166	0.03008	0.76550	0.01657	0.02517	0.01351	0.02149	0.01842	0.01228	0.01842	0.01044	0.01228	0.00737	0.00552	0.00552	0.00184	0.00859	0.00430	0.00246	0.00859
27	0.01518	0.01665	0.02833	0.02292	0.10373	0.10471	0.45635	0.06511	0.01439	0.01884	0.01108	0.01453	0.00866	0.00572	0.00771	0.00193	0.08720	0.00603	0.00309	0.00784
28	0.01591	0.70195	0.02860	0.01028	0.01514	0.02218	0.00998	0.06477	0.05660	0.01579	0.00939	0.01036	0.00823	0.00528	0.00400	0.00132	0.00613	0.00345	0.00291	0.00772
29	0.00711	0.00593	0.00623	0.00624	0.00811	0.00504	0.00473	0.00877	0.01359	0.01656	0.12944	0.05507	0.65517	0.01449	0.00692	0.00198	0.00302	0.04111	0.00550	0.00499
30	0.01537	0.01711	0.02834	0.05962	0.02724	0.13205	0.49924	0.06279	0.06223	0.01920	0.01216	0.01516	0.00920	0.00543	0.00644	0.00188	0.00927	0.00618	0.00329	0.00781

[dist]
# distance from previous block
# <min> <max>
0	1

[block]
# block no. 2 follows, 40 sequences, length 74
# corresponding to MSA columns:
# 593-666
name=unknown_C
#
# <colnr> <probs for GDERKNQSTAVLIFYWHMCP>
#	G	D	E	R	K	N	Q	S	T	A	V	L	I	F	Y	W	H	M	C	P
0	0.01552	0.55070	0.25440	0.01278	0.01888	0.02054	0.01393	0.01850	0.01272	0.01631	0.01007	0.01198	0.00862	0.00597	0.00483	0.00166	0.00733	0.00390	0.00291	0.00842
1	0.00880	0.00655	0.00876	0.08708	0.01260	0.00633	0.00705	0.00975	0.01196	0.01601	0.03066	0.69983	0.03594	0.01754	0.00774	0.00253	0.00426	0.01555	0.00549	0.00557
2	0.01631	0.01600	0.02349	0.03392	0.67072	0.09103	0.01750	0.01917	0.01430	0.01960	0.01196	0.01566	0.01019	0.00609	0.00622	0.00193	0.00765	0.00542	0.00332	0.00954
3	0.02177	0.10093	0.04786	0.01361	0.01748	0.36333	0.01099	0.06383	0.05414	0.18809	0.04690	0.01648	0.01295	0.00736	0.00590	0.00184	0.00816	0.00512	0.00475	0.00848
4	0.03328	0.01144	0.01145	0.00966	0.01268	0.04398	0.00754	0.24798	0.01793	0.02700	0.01689	0.01901	0.01320	0.00733	0.00524	0.00168	0.00489	0.00542	0.41240	0.09099
5	0.00821	0.00674	0.00693	0.00701	0.00890	0.00567	0.00510	0.00928	0.01378	0.01677	0.05647	0.13113	0.67091	0.01572	0.00742	0.00222	0.00345	0.01295	0.00578	0.00555
6	0.02287	0.13823	0.06471	0.01143	0.01637	0.01216	0.01002	0.05261	0.01622	0.47980	0.01914	0.01819	0.01314	0.00722	0.00585	0.00184	0.00579	0.00542	0.00606	0.09294
7	0.01911	0.01516	0.01772	0.13741	0.08433	0.03707	0.01226	0.42897	0.02165	0.02918	0.01447	0.04518	0.01152	0.00756	0.00622	0.00193	0.00683	0.00581	0.00509	0.09252
8	0.01366	0.01034	0.01158	0.01076	0.01321	0.01105	0.00814	0.05999	0.33932	0.05103	0.09535	0.13861	0.05421	0.01429	0.08409	0.00292	0.00570	0.00878	0.05895	0.00802
9	0.01696	0.01396	0.01471	0.01288	0.01647	0.01567	0.01001	0.15461	0.60980	0.02745	0.02295	0.02187	0.01737	0.00851	0.00641	0.00215	0.00534	0.00670	0.00627	0.00990
10	0.09819	0.01537	0.04414	0.03801	0.08927	0.01435	0.50283	0.01903	0.01396	0.04858	0.01372	0.04813	0.01112	0.00647	0.00687	0.00215	0.00883	0.00697	0.00367	0.00835
11	0.01911	0.01266	0.01422	0.01209	0.01578	0.01335	0.00949	0.13052	0.38951	0.21080	0.08347	0.02342	0.01984	0.00869	0.00648	0.00211	0.00522	0.00689	0.00663	0.00975
12	0.00887	0.00912	0.08394	0.00851	0.01084	0.00659	0.00709	0.01053	0.01370	0.01754	0.09910	0.20105	0.45738	0.01496	0.00736	0.00226	0.00409	0.02555	0.00555	0.00596
13	0.01313	0.08896	0.61825	0.09402	0.02651	0.01480	0.02029	0.01874	0.01293	0.01878	0.01147	0.01407	0.00860	0.00633	0.00594	0.00203	0.00867	0.00470	0.00291	0.00888
14	0.18120	0.01628	0.11628	0.01881	0.02398	0.01389	0.41376	0.01802	0.01297	0.02046	0.01272	0.01789	0.01054	0.08578	0.00883	0.00251	0.00848	0.00631	0.00350	0.00779
15	0.01034	0.00740	0.00989	0.01103	0.01237	0.00716	0.00920	0.01247	0.01409	0.01864	0.07848	0.13817	0.03603	0.01663	0.00837	0.00280	0.00540	0.58978	0.00580	0.00595
16	0.00988	0.00754	0.01085	0.08799	0.01405	0.00847	0.00845	0.01163	0.01033	0.01468	0.01635	0.02458	0.01533	0.08832	0.63275	0.00843	0.01435	0.00663	0.00351	0.00587
17	0.01475	0.00911	0.00996	0.05715	0.01258	0.00934	0.00705	0.16402	0.01627	0.05386	0.02118	0.02335	0.06225	0.00808	0.00534	0.00176	0.00435	0.00621	0.50619	0.00720
18	0.01624	0.70484	0.02963	0.08871	0.01831	0.02241	0.01105	0.01794	0.01256	0.01499	0.00959	0.01171	0.00868	0.00589	0.00450	0.00155	0.00677	0.00375	0.00293	0.00798
19	0.01558	0.01541	0.01639	0.01451	0.09187	0.16474	0.05653	0.01780	0.01394	0.01906	0.01144	0.01391	0.00962	0.00562	0.00535	0.00139	0.00661	0.00432	0.00368	0.51220
20	0.01240	0.06206	0.08840	0.04038	0.01450	0.01062	0.00946	0.13148	0.01470	0.02010	0.02383	0.43038	0.02588	0.01357	0.00750	0.00230	0.03686	0.01141	0.03718	0.00697
21	0.00838	0.00610	0.00760	0.00873	0.00935	0.00552	0.00586	0.00909	0.01213	0.01610	0.03557	0.70392	0.11161	0.01844	0.00785	0.00253	0.00378	0.01627	0.00578	0.00541
22	0.01435	0.01167	0.01716	0.37458	0.02780	0.01305	0.08275	0.13569	0.01525	0.02147	0.01413	0.01818	0.01096	0.00707	0.00642	0.00202	0.02886	0.00578	0.18525	0.00756
23	0.01498	0.01624	0.03363	0.02617	0.10456	0.01520	0.65166	0.01931	0.01440	0.01975	0.01288	0.01719	0.01002	0.00576	0.00725	0.00216	0.00983	0.00705	0.00336	0.00859
24	0.00957	0.00624	0.00820	0.00754	0.00915	0.00572	0.00572	0.01227	0.01647	0.07867	0.70143	0.04167	0.05184	0.01154	0.00678	0.00183	0.00291	0.01017	0.00646	0.00582
25	0.01206	0.01034	0.01206	0.00861	0.01378	0.00775	0.00689	0.01464	0.01206	0.01895	0.01034	0.01206	0.00861	0.00431	0.00431	0.00086	0.00431	0.00345	0.00345	0.83118
26	0.00831	0.00623	0.00935	0.00935	0.01038	0.00727	0.00727	0.01038	0.00935	0.01350	0.01558	0.02285	0.01454	0.04361	0.77259	0.00935	0.01558	0.00623	0.00312	0.00519
27	0.01115	0.01057	0.01748	0.70554	0.03759	0.01341	0.01581	0.01477	0.01136	0.01477	0.01007	0.01523	0.00774	0.00625	0.00713	0.00200	0.08495	0.00516	0.00258	0.00645
28	0.00709	0.00506	0.00675	0.00810	0.00843	0.00472	0.00540	0.00810	0.01113	0.01484	0.03205	0.79184	0.03846	0.01822	0.00742	0.00236	0.00337	0.01653	0.00540	0.00472
29	0.01272	0.01272	0.01781	0.01527	0.01527	0.01781	0.01272	0.01399	0.00891	0.01399	0.00763	0.01272	0.00763	0.01018	0.01908	0.00254	0.78499	0.00509	0.00254	0.00636
30	0.02609	0.00990	0.01350	0.01035	0.01484	0.00855	0.00855	0.02834	0.01664	0.76338	0.02294	0.01979	0.01439	0.00720	0.00585	0.00180	0.00495	0.00585	0.00720	0.00990
31	0.00823	0.00594	0.00777	0.00732	0.00869	0.00549	0.00549	0.01097	0.01646	0.02332	0.75629	0.04344	0.05487	0.01189	0.00686	0.00183	0.00274	0.01052	0.00640	0.00549
32	0.00709	0.00506	0.00675	0.00810	0.00843	0.00472	0.00540	0.00810	0.01113	0.01484	0.03205	0.79184	0.03846	0.01822	0.00742	0.00236	0.00337	0.01653	0.00540	0.00472
33	0.00823	0.00594	0.00777	0.00732	0.00869	0.00549	0.00549	0.01097	0.01646	0.02332	0.75629	0.04344	0.05487	0.01189	0.00686	0.00183	0.00274	0.01052	0.00640	0.00549
34	0.01272	0.01272	0.01781	0.01527	0.01527	0.01781	0.01272	0.01399	0.00891	0.01399	0.00763	0.01272	0.00763	0.01018	0.01908	0.00254	0.78499	0.00509	0.00254	0.00636
35	0.01166	0.03008	0.76550	0.01657	0.02517	0.01351	0.02149	0.01842	0.01228	0.01842	0.01044	0.01228	0.00737	0.00552	0.00552	0.00184	0.00859	0.00430	0.00246	0.00859
36	0.83671	0.01125	0.00855	0.00765	0.01125	0.01305	0.00630	0.01709	0.00990	0.02609	0.00810	0.00945	0.00630	0.00540	0.00360	0.00180	0.00450	0.00315	0.00360	0.00630
37	0.01373	0.01569	0.03431	0.02451	0.03039	0.01471	0.73824	0.01863	0.01373	0.01863	0.01176	0.01569	0.00882	0.00490	0.00686	0.00196	0.00980	0.00686	0.00294	0.00784
38	0.02609	0.00990	0.01350	0.01035	0.01484	0.00855	0.00855	0.02834	0.01664	0.76338	0.02294	0.01979	0.01439	0.00720	0.00585	0.00180	0.00495	0.00585	0.00720	0.00990
39	0.02182	0.02495	0.01671	0.01459	0.01799	0.59007	0.01119	0.19638	0.01910	0.01965	0.01019	0.01133	0.00807	0.00623	0.00538	0.00156	0.00950	0.00411	0.00368	0.00750
40	0.02609	0.00990	0.01350	0.01035	0.01484	0.00855	0.00855	0.02834	0.01664	0.76338	0.02294	0.01979	0.01439	0.00720	0.00585	0.00180	0.00495	0.00585	0.00720	0.00990
41	0.83671	0.01125	0.00855	0.00765	0.01125	0.01305	0.00630	0.01709	0.00990	0.02609	0.00810	0.00945	0.00630	0.00540	0.00360	0.00180	0.00450	0.00315	0.00360	0.00630
42	0.01272	0.01272	0.01781	0.01527	0.01527	0.01781	0.01272	0.01399	0.00891	0.01399	0.00763	0.01272	0.00763	0.01018	0.01908	0.00254	0.78499	0.00509	0.00254	0.00636
43	0.00831	0.00623	0.00935	0.00935	0.01038	0.00727	0.00727	0.01038	0.00935	0.01350	0.01558	0.02285	0.01454	0.04361	0.77259	0.00935	0.01558	0.00623	0.00312	0.00519
44	0.01010	0.00505	0.00758	0.00758	0.00758	0.00505	0.00505	0.00758	0.00758	0.01010	0.01010	0.01768	0.01010	0.02020	0.02273	0.83081	0.00505	0.00505	0.00253	0.00253
45	0.02609	0.00990	0.01350	0.01035	0.01484	0.00855	0.00855	0.02834	0.01664	0.76338	0.02294	0.01979	0.01439	0.00720	0.00585	0.00180	0.00495	0.00585	0.00720	0.00990
46	0.00831	0.00621	0.00922	0.00922	0.01022	0.00720	0.00712	0.01031	0.00931	0.01341	0.01569	0.02346	0.01481	0.07411	0.74246	0.00920	0.01517	0.00632	0.00313	0.00512
47	0.00695	0.00589	0.00600	0.00597	0.00790	0.00494	0.00448	0.00850	0.01344	0.01615	0.09961	0.05523	0.71602	0.01456	0.00687	0.00196	0.00293	0.01217	0.00546	0.00494
48	0.00831	0.00622	0.00929	0.00929	0.01030	0.00724	0.00720	0.01035	0.00933	0.01346	0.01563	0.02314	0.01467	0.05837	0.75801	0.00927	0.01538	0.00627	0.00312	0.00516
49	0.01928	0.29221	0.02141	0.01316	0.01683	0.43685	0.01084	0.06704	0.01528	0.01548	0.00895	0.01040	0.00764	0.00586	0.00529	0.00147	0.03819	0.00367	0.00299	0.00718
50	0.01328	0.01444	0.02776	0.04242	0.02509	0.01580	0.45061	0.01681	0.01189	0.01681	0.01020	0.01459	0.00835	0.00687	0.01134	0.00218	0.29535	0.00616	0.00278	0.00726
51	0.01538	0.01094	0.01280	0.00965	0.01442	0.00947	0.00775	0.06588	0.11464	0.14527	0.01450	0.01479	0.01091	0.00545	0.00488	0.00123	0.00459	0.00439	0.00456	0.52849
52	0.01275	0.01324	0.01817	0.62650	0.03621	0.12792	0.05273	0.01632	0.01247	0.01496	0.01021	0.01475	0.00777	0.00579	0.00578	0.00187	0.00827	0.00504	0.00266	0.00657
53	0.01343	0.01432	0.02807	0.13998	0.11896	0.03505	0.47230	0.01776	0.01333	0.01817	0.01183	0.01574	0.00906	0.00523	0.00634	0.00188	0.00870	0.00622	0.05603	0.00761
54	0.01178	0.00903	0.01140	0.16579	0.01709	0.00974	0.00894	0.14177	0.05588	0.02221	0.18969	0.03310	0.12515	0.00986	0.00625	0.00190	0.00480	0.07968	0.08940	0.00657
55	0.01010	0.00505	0.00758	0.00758	0.00758	0.00505	0.00505	0.00758	0.00758	0.01010	0.01010	0.01768	0.01010	0.02020	0.02273	0.83081	0.00505	0.00505	0.00253	0.00253
56	0.00735	0.00525	0.00705	0.00840	0.00885	0.00495	0.00586	0.00855	0.01139	0.01514	0.03191	0.70797	0.03788	0.01797	0.00749	0.00240	0.00360	0.09779	0.00539	0.00480
57	0.01439	0.01382	0.02360	0.03569	0.75936	0.01382	0.01785	0.01785	0.01324	0.01900	0.01094	0.01439	0.00921	0.00518	0.00576	0.00173	0.00691	0.00518	0.00288	0.00921
58	0.00831	0.00623	0.00935	0.00935	0.01038	0.00727	0.00727	0.01038	0.00935	0.01350	0.01558	0.02285	0.01454	0.04361	0.77259	0.00935	0.01558	0.00623	0.00312	0.00519
59	0.02172	0.02772	0.01648	0.01498	0.01798	0.77228	0.01124	0.02322	0.01648	0.01423	0.00899	0.01049	0.00749	0.00599	0.00524	0.00150	0.01049	0.00375	0.00300	0.00674
60	0.01555	0.79913	0.03047	0.00995	0.01493	0.02301	0.00995	0.01741	0.01182	0.01368	0.00808	0.00933	0.00746	0.00498	0.00373	0.00124	0.00622	0.00311	0.00249	0.00746
61	0.00713	0.00590	0.00624	0.00616	0.00801	0.00502	0.00462	0.00884	0.01385	0.01713	0.18943	0.05362	0.62559	0.01420	0.00687	0.00194	0.00291	0.01194	0.00559	0.00502
62	0.02191	0.01478	0.01633	0.01267	0.01708	0.01597	0.01040	0.59931	0.02496	0.14053	0.01619	0.05501	0.01202	0.00759	0.00590	0.00178	0.00603	0.00591	0.00600	0.00962
63	0.00813	0.00594	0.00764	0.00721	0.00863	0.00545	0.00541	0.01078	0.01623	0.02277	0.70609	0.04434	0.10541	0.01209	0.00686	0.00184	0.00276	0.01064	0.00633	0.00545
64	0.01507	0.01236	0.01317	0.01176	0.01511	0.01416	0.00917	0.03077	0.71100	0.06253	0.02363	0.02160	0.01758	0.00785	0.00591	0.00196	0.00462	0.00654	0.00598	0.00924
65	0.01166	0.03008	0.76550	0.01657	0.02517	0.01351	0.02149	0.01842	0.01228	0.01842	0.01044	0.01228	0.00737	0.00552	0.00552	0.00184	0.00859	0.00430	0.00246	0.00859
66	0.02236	0.01588	0.01720	0.01318	0.01783	0.01742	0.01089	0.69412	0.02665	0.08347	0.01454	0.01434	0.01018	0.00699	0.00582	0.00175	0.00631	0.00528	0.00591	0.00989
67	0.02169	0.01683	0.01717	0.01340	0.01788	0.06644	0.01097	0.65714	0.06394	0.03457	0.01414	0.01414	0.01014	0.00696	0.00579	0.00174	0.00657	0.00521	0.00564	0.00965
68	0.01010	0.00505	0.00758	0.00758	0.00758	0.00505	0.00505	0.00758	0.00758	0.01010	0.01010	0.01768	0.01010	0.02020	0.02273	0.83081	0.00505	0.00505	0.00253	0.00253
69	0.01180	0.05765	0.73915	0.01634	0.02480	0.01385	0.02107	0.01838	0.01226	0.01825	0.01035	0.01217	0.00737	0.00551	0.00546	0.00182	0.00851	0.00425	0.00246	0.00855
70	0.01166	0.03008	0.76550	0.01657	0.02517	0.01351	0.02149	0.01842	0.01228	0.01842	0.01044	0.01228	0.00737	0.00552	0.00552	0.00184	0.00859	0.00430	0.00246	0.00859
71	0.00724	0.00518	0.00689	0.00799	0.00847	0.00483	0.00541	0.00849	0.01186	0.01600	0.13076	0.68983	0.04070	0.01736	0.00735	0.00229	0.00329	0.01571	0.00553	0.00483
72	0.01117	0.02626	0.64463	0.01524	0.02268	0.01228	0.01910	0.01728	0.01281	0.01894	0.09792	0.01821	0.01402	0.00672	0.00579	0.00188	0.00777	0.03616	0.00304	0.00809
73	0.01098	0.01034	0.01744	0.78165	0.04005	0.01292	0.01615	0.01486	0.01163	0.01486	0.01034	0.01550	0.00775	0.00581	0.00581	0.00194	0.00775	0.00517	0.00258	0.00646

[dist]
# distance from previous block
# <min> <max>
0	1

[block]
# block no. 3 follows, 40 sequences, length 26
# corresponding to MSA columns:
# 668-693
name=unknown_D
#
# <colnr> <probs for GDERKNQSTAVLIFYWHMCP>
#	G	D	E	R	K	N	Q	S	T	A	V	L	I	F	Y	W	H	M	C	P
0	0.02211	0.01629	0.01745	0.01338	0.01803	0.01803	0.01105	0.73997	0.02734	0.03665	0.01396	0.01396	0.00989	0.00698	0.00582	0.00175	0.00640	0.00524	0.00582	0.00989
1	0.00834	0.00609	0.00862	0.00862	0.00940	0.00687	0.00636	0.00992	0.00913	0.01296	0.01624	0.02653	0.01614	0.22604	0.59235	0.00845	0.01317	0.00677	0.00321	0.00479
2	0.83671	0.01125	0.00855	0.00765	0.01125	0.01305	0.00630	0.01709	0.00990	0.02609	0.00810	0.00945	0.00630	0.00540	0.00360	0.00180	0.00450	0.00315	0.00360	0.00630
3	0.83671	0.01125	0.00855	0.00765	0.01125	0.01305	0.00630	0.01709	0.00990	0.02609	0.00810	0.00945	0.00630	0.00540	0.00360	0.00180	0.00450	0.00315	0.00360	0.00630
4	0.00798	0.00596	0.00866	0.00951	0.01036	0.00568	0.03916	0.00960	0.01184	0.01568	0.03082	0.56787	0.03584	0.01706	0.00756	0.00243	0.00418	0.19953	0.00528	0.00503
5	0.01190	0.01095	0.01668	0.57882	0.06037	0.01331	0.01462	0.01863	0.18009	0.01717	0.01340	0.01688	0.01009	0.00627	0.00584	0.00194	0.00700	0.00549	0.00336	0.00719
6	0.02172	0.02772	0.01648	0.01498	0.01798	0.77228	0.01124	0.02322	0.01648	0.01423	0.00899	0.01049	0.00749	0.00599	0.00524	0.00150	0.01049	0.00375	0.00300	0.00674
7	0.01576	0.00761	0.01019	0.00859	0.01128	0.00678	0.00678	0.01830	0.01654	0.33539	0.44705	0.03347	0.03780	0.00991	0.00643	0.00182	0.00367	0.00855	0.00674	0.00735
8	0.02211	0.01629	0.01745	0.01338	0.01803	0.01803	0.01105	0.73997	0.02734	0.03665	0.01396	0.01396	0.00989	0.00698	0.00582	0.00175	0.00640	0.00524	0.00582	0.00989
9	0.02609	0.00990	0.01350	0.01035	0.01484	0.00855	0.00855	0.02834	0.01664	0.76338	0.02294	0.01979	0.01439	0.00720	0.00585	0.00180	0.00495	0.00585	0.00720	0.00990
10	0.00831	0.00623	0.00935	0.00935	0.01038	0.00727	0.00727	0.01038	0.00935	0.01350	0.01558	0.02285	0.01454	0.04361	0.77259	0.00935	0.01558	0.00623	0.00312	0.00519
11	0.01084	0.00542	0.00542	0.00542	0.00678	0.00542	0.00407	0.01355	0.01220	0.02168	0.01897	0.02168	0.01491	0.00678	0.00407	0.00136	0.00271	0.00542	0.82791	0.00542
12	0.00709	0.00506	0.00675	0.00810	0.00843	0.00472	0.00540	0.00810	0.01113	0.01484	0.03205	0.79184	0.03846	0.01822	0.00742	0.00236	0.00337	0.01653	0.00540	0.00472
13	0.00937	0.00669	0.00937	0.01071	0.01205	0.00669	0.00937	0.01205	0.01339	0.01740	0.03079	0.06560	0.03347	0.01606	0.00803	0.00268	0.00535	0.72021	0.00535	0.00535
14	0.00831	0.00623	0.00935	0.00935	0.01038	0.00727	0.00727	0.01038	0.00935	0.01350	0.01558	0.02285	0.01454	0.04361	0.77259	0.00935	0.01558	0.00623	0.00312	0.00519
15	0.00698	0.00590	0.00605	0.00601	0.00792	0.00496	0.00451	0.00856	0.01352	0.01634	0.11637	0.05493	0.69915	0.01449	0.00687	0.00195	0.00293	0.01213	0.00548	0.00496
16	0.02052	0.18125	0.01935	0.01386	0.01737	0.56674	0.01097	0.07490	0.01635	0.01577	0.00917	0.01051	0.00766	0.00586	0.00498	0.00147	0.00933	0.00373	0.00310	0.00712
17	0.01559	0.64284	0.08972	0.01216	0.05404	0.07301	0.01139	0.01792	0.01225	0.01438	0.00849	0.00991	0.00755	0.00510	0.00409	0.00134	0.00674	0.00336	0.00254	0.00760
18	0.01402	0.01397	0.02295	0.18298	0.51533	0.05137	0.07971	0.01758	0.01312	0.01790	0.01079	0.01453	0.00880	0.00532	0.00584	0.00178	0.00751	0.00525	0.00283	0.00842
19	0.00715	0.00519	0.00675	0.00786	0.00841	0.00479	0.00532	0.00833	0.01170	0.01554	0.08765	0.67604	0.09887	0.01746	0.00734	0.00229	0.00329	0.01574	0.00547	0.00479
20	0.01363	0.01127	0.01290	0.00936	0.01445	0.00936	0.00754	0.12787	0.01444	0.02171	0.01090	0.01236	0.00881	0.00472	0.00454	0.00100	0.00463	0.00372	0.00382	0.70297
21	0.01248	0.01267	0.01882	0.01564	0.01688	0.04826	0.12530	0.01447	0.01007	0.01464	0.00977	0.01491	0.00905	0.01518	0.15201	0.00363	0.49158	0.00551	0.00273	0.00640
22	0.00820	0.00570	0.00694	0.00724	0.00751	0.00571	0.00459	0.00888	0.01015	0.01386	0.09139	0.27394	0.02916	0.43474	0.01956	0.00405	0.02879	0.01101	0.02436	0.00422
23	0.01620	0.01628	0.01276	0.01130	0.01403	0.30259	0.00870	0.11291	0.03962	0.05753	0.13814	0.02673	0.17661	0.00917	0.00640	0.00174	0.03071	0.00706	0.00471	0.00679
24	0.02369	0.01020	0.01328	0.01046	0.01466	0.00938	0.00855	0.04974	0.10317	0.61608	0.06024	0.02105	0.01672	0.00751	0.00591	0.00182	0.00484	0.00615	0.00696	0.00959
25	0.07281	0.09280	0.64842	0.01536	0.02329	0.01426	0.01940	0.01824	0.01206	0.01859	0.01007	0.01182	0.00730	0.00547	0.00523	0.00179	0.00809	0.00411	0.00254	0.00833

[dist]
# distance from previous block
# <min> <max>
7	11

[block]
# block no. 4 follows, 40 sequences, length 29
# corresponding to MSA columns:
# 705-733
name=unknown_E
#
# <colnr> <probs for GDERKNQSTAVLIFYWHMCP>
#	G	D	E	R	K	N	Q	S	T	A	V	L	I	F	Y	W	H	M	C	P
0	0.19378	0.10161	0.07014	0.05426	0.08727	0.01438	0.01090	0.11810	0.01391	0.09958	0.01192	0.01361	0.00912	0.00646	0.00650	0.00178	0.09814	0.00453	0.07631	0.00769
1	0.19543	0.02193	0.44686	0.01592	0.10316	0.01273	0.01629	0.01740	0.01222	0.02062	0.07556	0.01462	0.01151	0.00602	0.00524	0.00182	0.00698	0.00469	0.00310	0.00788
2	0.00828	0.00605	0.00792	0.00832	0.00960	0.00569	0.00656	0.01062	0.01442	0.01948	0.35426	0.15324	0.12494	0.01436	0.00730	0.00218	0.00366	0.23200	0.00583	0.00528
3	0.01441	0.34899	0.37623	0.01365	0.02011	0.10276	0.01555	0.01854	0.01256	0.01598	0.00930	0.01085	0.00742	0.00535	0.00475	0.00155	0.00782	0.00374	0.00253	0.00792
4	0.02513	0.01143	0.01444	0.01107	0.01561	0.01082	0.00915	0.19911	0.01921	0.58898	0.02079	0.01839	0.01331	0.00715	0.00584	0.00179	0.00530	0.00570	0.00687	0.00989
5	0.00709	0.00506	0.00675	0.00810	0.00843	0.00472	0.00540	0.00810	0.01113	0.01484	0.03205	0.79184	0.03846	0.01822	0.00742	0.00236	0.00337	0.01653	0.00540	0.00472
6	0.01691	0.01343	0.01527	0.01163	0.01597	0.01377	0.00952	0.35922	0.01897	0.02680	0.01175	0.01304	0.00911	0.00624	0.00669	0.00147	0.09307	0.00448	0.00447	0.34819
7	0.01254	0.00884	0.01068	0.00881	0.01186	0.00804	0.00688	0.11429	0.01639	0.08184	0.33754	0.08206	0.03147	0.00919	0.00597	0.00159	0.00390	0.00789	0.00549	0.23471
8	0.07186	0.02124	0.45846	0.01323	0.01955	0.01122	0.01546	0.01834	0.01340	0.13191	0.12005	0.01948	0.04689	0.00706	0.00568	0.00184	0.00668	0.00567	0.00394	0.00803
9	0.00709	0.00506	0.00675	0.00810	0.00843	0.00472	0.00540	0.00810	0.01113	0.01484	0.03205	0.79184	0.03846	0.01822	0.00742	0.00236	0.00337	0.01653	0.00540	0.00472
10	0.01333	0.01302	0.02302	0.25074	0.46882	0.01366	0.09835	0.01707	0.01283	0.01776	0.01086	0.01486	0.00874	0.00533	0.00590	0.00181	0.00748	0.00537	0.00280	0.00826
11	0.01215	0.01158	0.01810	0.22174	0.02262	0.01477	0.09090	0.01468	0.01053	0.01559	0.01008	0.01480	0.00861	0.00805	0.01250	0.00218	0.40395	0.00534	0.09540	0.00644
12	0.00878	0.00659	0.00979	0.00961	0.01048	0.00782	0.00746	0.01039	0.00916	0.01324	0.01453	0.02167	0.01366	0.03918	0.65303	0.08109	0.06940	0.00605	0.00302	0.00504
13	0.00747	0.00591	0.00672	0.00652	0.00822	0.00516	0.00489	0.00950	0.01466	0.01905	0.36506	0.05047	0.44876	0.01348	0.00687	0.00190	0.00286	0.01150	0.00584	0.00516
14	0.01313	0.01408	0.02890	0.06025	0.02686	0.01418	0.54021	0.01685	0.01243	0.01707	0.01099	0.01546	0.00872	0.00700	0.00984	0.07492	0.11278	0.00638	0.00283	0.00711
15	0.01380	0.09519	0.60729	0.01522	0.02298	0.01372	0.01886	0.01956	0.01278	0.11071	0.01179	0.01295	0.00825	0.00568	0.00541	0.00178	0.00793	0.00439	0.00305	0.00866
16	0.01555	0.79913	0.03047	0.00995	0.01493	0.02301	0.00995	0.01741	0.01182	0.01368	0.00808	0.00933	0.00746	0.00498	0.00373	0.00124	0.00622	0.00311	0.00249	0.00746
17	0.02174	0.02725	0.01652	0.01492	0.01798	0.74165	0.01123	0.05233	0.01692	0.01514	0.00919	0.01063	0.00759	0.00603	0.00527	0.00151	0.01032	0.00381	0.00311	0.00687
18	0.01043	0.00716	0.01207	0.14058	0.01568	0.00746	0.08934	0.01042	0.00951	0.01290	0.01273	0.08537	0.01231	0.01515	0.01574	0.48013	0.00577	0.00630	0.04681	0.00414
19	0.01098	0.00954	0.01645	0.55536	0.03213	0.01129	0.06506	0.01350	0.01087	0.01407	0.01039	0.01600	0.00835	0.00895	0.00966	0.18655	0.00730	0.00526	0.00260	0.00568
20	0.00826	0.00556	0.00640	0.00659	0.00664	0.00551	0.00379	0.00841	0.00884	0.01178	0.02028	0.14536	0.02361	0.68496	0.02644	0.00517	0.00532	0.00961	0.00379	0.00369
21	0.01260	0.11307	0.50640	0.01774	0.02528	0.01486	0.19316	0.01835	0.01258	0.01793	0.01049	0.01277	0.00773	0.00531	0.00565	0.00180	0.00862	0.00478	0.00258	0.00829
22	0.01364	0.01543	0.03286	0.02370	0.02906	0.01498	0.67444	0.01822	0.01330	0.01822	0.01140	0.01543	0.00872	0.00537	0.00794	0.00201	0.07797	0.00671	0.00291	0.00771
23	0.01166	0.03008	0.76550	0.01657	0.02517	0.01351	0.02149	0.01842	0.01228	0.01842	0.01044	0.01228	0.00737	0.00552	0.00552	0.00184	0.00859	0.00430	0.00246	0.00859
24	0.00849	0.00590	0.00771	0.00790	0.00912	0.00547	0.00592	0.01065	0.01443	0.04241	0.40372	0.25163	0.09673	0.01416	0.00712	0.00208	0.00329	0.09194	0.00596	0.00536
25	0.01477	0.02329	0.46078	0.05392	0.02283	0.01401	0.01712	0.14440	0.09796	0.07505	0.01341	0.01432	0.00949	0.00617	0.00566	0.00184	0.00747	0.00487	0.00377	0.00887
26	0.01166	0.03008	0.76550	0.01657	0.02517	0.01351	0.02149	0.01842	0.01228	0.01842	0.01044	0.01228	0.00737	0.00552	0.00552	0.00184	0.00859	0.00430	0.00246	0.00859
27	0.01010	0.00505	0.00758	0.00758	0.00758	0.00505	0.00505	0.00758	0.00758	0.01010	0.01010	0.01768	0.01010	0.02020	0.02273	0.83081	0.00505	0.00505	0.00253	0.00253
28	0.01166	0.03008	0.76550	0.01657	0.02517	0.01351	0.02149	0.01842	0.01228	0.01842	0.01044	0.01228	0.00737	0.00552	0.00552	0.00184	0.00859	0.00430	0.00246	0.00859

[dist]
# distance from previous block
# <min> <max>
70	243

[block]
# block no. 5 follows, 40 sequences, length 29
# corresponding to MSA columns:
# 986-1014
name=unknown_F
#
# <colnr> <probs for GDERKNQSTAVLIFYWHMCP>
#	G	D	E	R	K	N	Q	S	T	A	V	L	I	F	Y	W	H	M	C	P
0	0.02609	0.00990	0.01350	0.01035	0.01484	0.00855	0.00855	0.02834	0.01664	0.76338	0.02294	0.01979	0.01439	0.00720	0.00585	0.00180	0.00495	0.00585	0.00720	0.00990
1	0.00846	0.00564	0.00634	0.00634	0.00634	0.00564	0.00352	0.00846	0.00846	0.01128	0.01832	0.03805	0.02114	0.79563	0.02960	0.00564	0.00564	0.00846	0.00352	0.00352
2	0.01261	0.01257	0.01779	0.06293	0.01681	0.01751	0.01294	0.01405	0.00908	0.01405	0.00780	0.01290	0.00764	0.00991	0.01826	0.00251	0.73665	0.00509	0.00255	0.00637
3	0.01166	0.03008	0.76550	0.01657	0.02517	0.01351	0.02149	0.01842	0.01228	0.01842	0.01044	0.01228	0.00737	0.00552	0.00552	0.00184	0.00859	0.00430	0.00246	0.00859
4	0.01166	0.03008	0.76550	0.01657	0.02517	0.01351	0.02149	0.01842	0.01228	0.01842	0.01044	0.01228	0.00737	0.00552	0.00552	0.00184	0.00859	0.00430	0.00246	0.00859
5	0.00831	0.00620	0.00921	0.00921	0.01020	0.00719	0.00710	0.01029	0.00930	0.01340	0.01570	0.02355	0.01484	0.07853	0.73809	0.00917	0.01511	0.00633	0.00313	0.00511
6	0.02212	0.01466	0.01627	0.01261	0.01704	0.01577	0.01036	0.58233	0.02473	0.16261	0.01635	0.05039	0.01198	0.00753	0.00590	0.00178	0.00601	0.00586	0.00604	0.00966
7	0.01098	0.01034	0.01744	0.78165	0.04005	0.01292	0.01615	0.01486	0.01163	0.01486	0.01034	0.01550	0.00775	0.00581	0.00581	0.00194	0.00775	0.00517	0.00258	0.00646
8	0.00709	0.00506	0.00675	0.00810	0.00843	0.00472	0.00540	0.00810	0.01113	0.01484	0.03205	0.79184	0.03846	0.01822	0.00742	0.00236	0.00337	0.01653	0.00540	0.00472
9	0.00833	0.00615	0.00894	0.00894	0.00984	0.00705	0.00676	0.01012	0.00923	0.01320	0.01595	0.02490	0.01543	0.14531	0.67212	0.00884	0.01423	0.00653	0.00317	0.00497
10	0.01347	0.01825	0.21953	0.02036	0.02644	0.01327	0.45344	0.01839	0.01334	0.06461	0.01363	0.07286	0.01100	0.00620	0.00650	0.00195	0.00871	0.00686	0.00326	0.00793
11	0.00709	0.00506	0.00675	0.00810	0.00843	0.00472	0.00540	0.00810	0.01113	0.01484	0.03205	0.79184	0.03846	0.01822	0.00742	0.00236	0.00337	0.01653	0.00540	0.00472
12	0.02452	0.01242	0.01506	0.01155	0.01611	0.01230	0.00954	0.30975	0.02087	0.47600	0.01939	0.01749	0.01261	0.00711	0.00584	0.00178	0.00552	0.00561	0.00665	0.00989
13	0.01423	0.01422	0.02572	0.03133	0.52508	0.01409	0.20309	0.01886	0.05911	0.01923	0.01194	0.01518	0.00964	0.00528	0.00605	0.00180	0.00751	0.00570	0.00308	0.00886
14	0.01166	0.03008	0.76550	0.01657	0.02517	0.01351	0.02149	0.01842	0.01228	0.01842	0.01044	0.01228	0.00737	0.00552	0.00552	0.00184	0.00859	0.00430	0.00246	0.00859
15	0.01408	0.08549	0.21168	0.01263	0.01743	0.01427	0.01229	0.02540	0.42319	0.05619	0.05282	0.01907	0.01570	0.00717	0.00566	0.00186	0.00572	0.00582	0.00479	0.00875
16	0.01275	0.01065	0.01211	0.00927	0.01378	0.00919	0.00735	0.07947	0.10379	0.02080	0.01566	0.05313	0.04702	0.00615	0.00491	0.00120	0.00442	0.00504	0.00414	0.57918
17	0.01536	0.01268	0.01351	0.01179	0.01532	0.01433	0.00925	0.09699	0.62706	0.04353	0.02209	0.02045	0.01649	0.00761	0.00583	0.00189	0.00477	0.00628	0.00582	0.04895
18	0.01738	0.01293	0.01444	0.01110	0.01555	0.01283	0.00898	0.38901	0.02005	0.05809	0.01462	0.08157	0.01212	0.00702	0.00542	0.00149	0.00533	0.00561	0.00499	0.30146
19	0.01328	0.01363	0.02261	0.01776	0.01991	0.01644	0.23440	0.03691	0.01106	0.01629	0.00920	0.01364	0.00811	0.00822	0.01433	0.00227	0.49187	0.00557	0.00280	0.04170
20	0.02036	0.01976	0.11149	0.01453	0.01948	0.13467	0.04549	0.50550	0.02315	0.03006	0.01265	0.01329	0.00915	0.00655	0.00574	0.00173	0.00746	0.00496	0.00483	0.00914
21	0.01555	0.79913	0.03047	0.00995	0.01493	0.02301	0.00995	0.01741	0.01182	0.01368	0.00808	0.00933	0.00746	0.00498	0.00373	0.00124	0.00622	0.00311	0.00249	0.00746
22	0.01387	0.00988	0.01190	0.00876	0.01350	0.00768	0.00702	0.01642	0.01314	0.13317	0.07752	0.01599	0.01354	0.00541	0.00477	0.00109	0.00427	0.00443	0.00428	0.63335
23	0.01098	0.01034	0.01744	0.78165	0.04005	0.01292	0.01615	0.01486	0.01163	0.01486	0.01034	0.01550	0.00775	0.00581	0.00581	0.00194	0.00775	0.00517	0.00258	0.00646
24	0.00709	0.00506	0.00675	0.00810	0.00843	0.00472	0.00540	0.00810	0.01113	0.01484	0.03205	0.79184	0.03846	0.01822	0.00742	0.00236	0.00337	0.01653	0.00540	0.00472
25	0.01364	0.01543	0.03287	0.02370	0.02907	0.01498	0.67477	0.01822	0.01330	0.01822	0.01140	0.01543	0.00872	0.00536	0.00793	0.00201	0.07762	0.00671	0.00291	0.00771
26	0.01272	0.01272	0.01781	0.01527	0.01527	0.01781	0.01272	0.01399	0.00891	0.01399	0.00763	0.01272	0.00763	0.01018	0.01908	0.00254	0.78499	0.00509	0.00254	0.00636
27	0.01202	0.00678	0.00899	0.00796	0.01000	0.00614	0.00614	0.01466	0.01650	0.18048	0.60055	0.03842	0.04627	0.01089	0.00664	0.00182	0.00321	0.00953	0.00657	0.00642
28	0.00714	0.00510	0.00680	0.00806	0.00845	0.00476	0.00540	0.00824	0.01139	0.01525	0.06700	0.75573	0.03925	0.01791	0.00740	0.00234	0.00334	0.01624	0.00545	0.00476

[dist]
# distance from previous block
# <min> <max>
0	2

[block]
# block no. 6 follows, 40 sequences, length 28
# corresponding to MSA columns:
# 1017-1044
name=unknown_G
#
# <colnr> <probs for GDERKNQSTAVLIFYWHMCP>
#	G	D	E	R	K	N	Q	S	T	A	V	L	I	F	Y	W	H	M	C	P
0	0.00829	0.00568	0.00691	0.00704	0.00725	0.00583	0.00436	0.00876	0.00888	0.01202	0.01920	0.11006	0.02171	0.58745	0.15701	0.00596	0.00715	0.00887	0.00364	0.00393
1	0.00833	0.00558	0.00638	0.00651	0.00654	0.00555	0.00370	0.00842	0.00871	0.01161	0.01961	0.10886	0.02277	0.72261	0.02752	0.00533	0.00543	0.00922	0.00370	0.00364
2	0.01440	0.01573	0.03297	0.02362	0.02940	0.01497	0.68010	0.07629	0.01481	0.02007	0.01194	0.01555	0.00891	0.00507	0.00678	0.00194	0.00953	0.00673	0.00317	0.00801
3	0.02108	0.02675	0.01791	0.01574	0.01897	0.71172	0.06935	0.02285	0.01626	0.01458	0.00921	0.01090	0.00760	0.00591	0.00537	0.00154	0.01043	0.00399	0.00299	0.00683
4	0.01270	0.06381	0.48449	0.02149	0.19804	0.01417	0.08778	0.01825	0.01262	0.01833	0.01056	0.01295	0.00794	0.00536	0.00562	0.00180	0.00819	0.00469	0.00260	0.00861
5	0.02609	0.00990	0.01350	0.01035	0.01484	0.00855	0.00855	0.02834	0.01664	0.76338	0.02294	0.01979	0.01439	0.00720	0.00585	0.00180	0.00495	0.00585	0.00720	0.00990
6	0.01318	0.01030	0.01217	0.00875	0.01387	0.00782	0.00702	0.01574	0.01243	0.07846	0.01134	0.01268	0.00908	0.00454	0.00443	0.00094	0.00436	0.00364	0.00375	0.76553
7	0.09222	0.04865	0.06371	0.02713	0.45966	0.04321	0.08334	0.01911	0.07179	0.01962	0.01154	0.01415	0.00934	0.00543	0.00555	0.00175	0.00697	0.00507	0.00316	0.00860
8	0.01124	0.01084	0.01903	0.71054	0.03914	0.01309	0.08397	0.01521	0.01182	0.01521	0.01047	0.01552	0.00785	0.00573	0.00591	0.00194	0.00794	0.00533	0.00262	0.00659
9	0.00798	0.00593	0.00743	0.00705	0.00854	0.00538	0.00529	0.01049	0.01587	0.02192	0.62846	0.04573	0.18356	0.01241	0.00686	0.00185	0.00278	0.01084	0.00622	0.00538
10	0.00781	0.00593	0.00719	0.00688	0.00843	0.00531	0.00516	0.01017	0.01547	0.02098	0.54182	0.04729	0.27080	0.01276	0.00686	0.00187	0.00281	0.01106	0.00609	0.00531
11	0.01166	0.03008	0.76550	0.01657	0.02517	0.01351	0.02149	0.01842	0.01228	0.01842	0.01044	0.01228	0.00737	0.00552	0.00552	0.00184	0.00859	0.00430	0.00246	0.00859
12	0.01098	0.01034	0.01744	0.78165	0.04005	0.01292	0.01615	0.01486	0.01163	0.01486	0.01034	0.01550	0.00775	0.00581	0.00581	0.00194	0.00775	0.00517	0.00258	0.00646
13	0.01556	0.01225	0.01318	0.01169	0.01510	0.01390	0.00914	0.03066	0.67965	0.09417	0.02360	0.02152	0.01743	0.00782	0.00591	0.00196	0.00463	0.00651	0.00604	0.00927
14	0.00709	0.00506	0.00675	0.00810	0.00843	0.00472	0.00540	0.00810	0.01113	0.01484	0.03205	0.79184	0.03846	0.01822	0.00742	0.00236	0.00337	0.01653	0.00540	0.00472
15	0.00709	0.00506	0.00675	0.00810	0.00843	0.00472	0.00540	0.00810	0.01113	0.01484	0.03205	0.79184	0.03846	0.01822	0.00742	0.00236	0.00337	0.01653	0.00540	0.00472
16	0.01166	0.03008	0.76550	0.01657	0.02517	0.01351	0.02149	0.01842	0.01228	0.01842	0.01044	0.01228	0.00737	0.00552	0.00552	0.00184	0.00859	0.00430	0.00246	0.00859
17	0.01380	0.01538	0.03231	0.02331	0.02895	0.01468	0.66934	0.01979	0.08320	0.01917	0.01289	0.01625	0.00967	0.00518	0.00677	0.00196	0.00931	0.00684	0.00322	0.00797
18	0.00846	0.00564	0.00634	0.00634	0.00634	0.00564	0.00352	0.00846	0.00846	0.01128	0.01832	0.03805	0.02114	0.79563	0.02960	0.00564	0.00564	0.00846	0.00352	0.00352
19	0.06907	0.01046	0.01315	0.01048	0.01470	0.00991	0.00855	0.02820	0.15408	0.58320	0.02225	0.01957	0.01458	0.00723	0.00574	0.00183	0.00486	0.00583	0.00676	0.00957
20	0.01555	0.79913	0.03047	0.00995	0.01493	0.02301	0.00995	0.01741	0.01182	0.01368	0.00808	0.00933	0.00746	0.00498	0.00373	0.00124	0.00622	0.00311	0.00249	0.00746
21	0.01336	0.01276	0.02174	0.26134	0.54177	0.01355	0.01733	0.01694	0.01275	0.01775	0.01076	0.01473	0.00877	0.00537	0.00577	0.00179	0.00716	0.00518	0.00279	0.00838
22	0.02172	0.02772	0.01648	0.01498	0.01798	0.77228	0.01124	0.02322	0.01648	0.01423	0.00899	0.01049	0.00749	0.00599	0.00524	0.00150	0.01049	0.00375	0.00300	0.00674
23	0.00709	0.00506	0.00675	0.00810	0.00843	0.00472	0.00540	0.00810	0.01113	0.01484	0.03205	0.79184	0.03846	0.01822	0.00742	0.00236	0.00337	0.01653	0.00540	0.00472
24	0.02211	0.01629	0.01745	0.01338	0.01803	0.01803	0.01105	0.73997	0.02734	0.03665	0.01396	0.01396	0.00989	0.00698	0.00582	0.00175	0.00640	0.00524	0.00582	0.00989
25	0.00834	0.00609	0.00861	0.00861	0.00940	0.00687	0.00636	0.00991	0.00913	0.01296	0.01625	0.02656	0.01615	0.22706	0.59134	0.00844	0.01315	0.00677	0.00321	0.00479
26	0.01581	0.76616	0.02987	0.01017	0.01506	0.05503	0.01001	0.01766	0.01202	0.01371	0.00812	0.00938	0.00746	0.00502	0.00380	0.00125	0.00640	0.00314	0.00251	0.00743
27	0.01225	0.14561	0.65508	0.01558	0.02363	0.01493	0.01975	0.01827	0.01221	0.01770	0.01008	0.01183	0.00738	0.00544	0.00526	0.00175	0.00824	0.00412	0.00246	0.00842

[dist]
# distance from previous block
# <min> <max>
0	2

[block]
# block no. 7 follows, 40 sequences, length 135
# corresponding to MSA columns:
# 1047-1181
name=unknown_H
#
# <colnr> <probs for GDERKNQSTAVLIFYWHMCP>
#	G	D	E	R	K	N	Q	S	T	A	V	L	I	F	Y	W	H	M	C	P
0	0.01098	0.01034	0.01744	0.78165	0.04005	0.01292	0.01615	0.01486	0.01163	0.01486	0.01034	0.01550	0.00775	0.00581	0.00581	0.00194	0.00775	0.00517	0.00258	0.00646
1	0.02316	0.01459	0.01640	0.01258	0.01719	0.01552	0.01039	0.55139	0.02451	0.22922	0.01634	0.01551	0.01108	0.00704	0.00583	0.00176	0.00601	0.00540	0.00618	0.00989
2	0.00703	0.00590	0.00610	0.00605	0.00795	0.00497	0.00454	0.00864	0.01361	0.01656	0.13722	0.05456	0.67815	0.01441	0.00687	0.00195	0.00292	0.01208	0.00551	0.00497
3	0.02191	0.01619	0.01745	0.02673	0.01842	0.01794	0.01114	0.72736	0.02707	0.03627	0.01390	0.01399	0.00985	0.00696	0.00582	0.00175	0.00642	0.00523	0.00576	0.00983
4	0.00687	0.00589	0.00589	0.00589	0.00785	0.00491	0.00442	0.00835	0.01325	0.01571	0.05891	0.05596	0.75700	0.01473	0.00687	0.00196	0.00295	0.01227	0.00540	0.00491
5	0.00937	0.00669	0.00937	0.01071	0.01205	0.00669	0.00937	0.01205	0.01339	0.01740	0.03079	0.06560	0.03347	0.01606	0.00803	0.00268	0.00535	0.72021	0.00535	0.00535
6	0.01344	0.01304	0.02283	0.23247	0.51026	0.01365	0.07520	0.01712	0.01285	0.01787	0.01085	0.01479	0.00879	0.00533	0.00586	0.00180	0.00736	0.00531	0.00281	0.00837
7	0.00914	0.01234	0.20856	0.00977	0.01305	0.00761	0.00973	0.01295	0.01535	0.02202	0.55865	0.03518	0.04228	0.01020	0.00651	0.00183	0.00429	0.00887	0.00536	0.00631
8	0.02609	0.00990	0.01350	0.01035	0.01484	0.00855	0.00855	0.02834	0.01664	0.76338	0.02294	0.01979	0.01439	0.00720	0.00585	0.00180	0.00495	0.00585	0.00720	0.00990
9	0.01249	0.01327	0.02669	0.36675	0.03476	0.01390	0.41184	0.01692	0.01278	0.01692	0.01112	0.01560	0.00834	0.00531	0.00639	0.00195	0.00888	0.00610	0.00278	0.00722
