[name]
unknown

[dist]
# distance from previous block
# <min> <max>
2	176

[block]
# block no. 0 follows, 41 sequences, length 13
# corresponding to MSA columns:
# 181-193
name=unknown_A
#
# <colnr> <probs for GDERKNQSTAVLIFYWHMCP>
#	G	D	E	R	K	N	Q	S	T	A	V	L	I	F	Y	W	H	M	C	P
0	0.01122	0.01059	0.01791	0.69174	0.12962	0.01282	0.01609	0.01498	0.01164	0.01512	0.01024	0.01511	0.00780	0.00564	0.00571	0.00188	0.00752	0.00508	0.00258	0.00669
1	0.00752	0.00539	0.00718	0.00796	0.00870	0.00505	0.00569	0.00920	0.01278	0.01742	0.25785	0.49527	0.04240	0.01579	0.00718	0.00219	0.00330	0.07857	0.00561	0.00494
2	0.01218	0.00993	0.01401	0.01230	0.01318	0.01231	0.03035	0.01372	0.01096	0.09362	0.08403	0.17697	0.04532	0.01148	0.01322	0.00229	0.42576	0.00816	0.00401	0.00620
3	0.01350	0.01543	0.03375	0.02411	0.02989	0.01446	0.74253	0.01832	0.01350	0.01832	0.01157	0.01543	0.00868	0.00482	0.00675	0.00193	0.00964	0.00675	0.00289	0.00771
4	0.00712	0.00509	0.00681	0.00814	0.00854	0.00478	0.00558	0.00823	0.01110	0.01477	0.03144	0.74540	0.03750	0.01778	0.00734	0.00234	0.00345	0.06459	0.00531	0.00469
5	0.01410	0.01374	0.02405	0.03424	0.70516	0.01366	0.07502	0.01762	0.01306	0.01866	0.01082	0.01426	0.00903	0.00507	0.00575	0.00172	0.00702	0.00523	0.00284	0.00895
6	0.01627	0.01374	0.01393	0.01282	0.04447	0.08294	0.00963	0.07571	0.55153	0.08254	0.02080	0.01942	0.01545	0.00737	0.00574	0.00186	0.00528	0.00602	0.00554	0.00893
7	0.01357	0.01524	0.03268	0.02523	0.10455	0.01438	0.66873	0.01824	0.01345	0.01836	0.01149	0.01530	0.00872	0.00485	0.00664	0.00191	0.00935	0.00658	0.00289	0.00785
8	0.00708	0.00507	0.00674	0.00789	0.00832	0.00472	0.00532	0.00825	0.01148	0.01545	0.10570	0.71865	0.03947	0.01729	0.00724	0.00227	0.00326	0.01566	0.00541	0.00472
9	0.02405	0.01232	0.01488	0.01140	0.01589	0.01225	0.00942	0.32261	0.02070	0.46641	0.01893	0.01711	0.01234	0.00699	0.00574	0.00175	0.00545	0.00550	0.00652	0.00973
10	0.01423	0.01229	0.01293	0.01164	0.01487	0.01423	0.00905	0.03039	0.75297	0.02393	0.02328	0.02134	0.01746	0.00776	0.00582	0.00194	0.00453	0.00647	0.00582	0.00905
11	0.00697	0.00498	0.00664	0.00796	0.00830	0.00465	0.00531	0.00796	0.01095	0.01460	0.03153	0.79525	0.03783	0.01792	0.00730	0.00232	0.00332	0.01626	0.00531	0.00465
12	0.01423	0.01229	0.01293	0.01164	0.01487	0.01423	0.00905	0.03039	0.75297	0.02393	0.02328	0.02134	0.01746	0.00776	0.00582	0.00194	0.00453	0.00647	0.00582	0.00905

[dist]
# distance from previous block
# <min> <max>
0	2

[block]
# block no. 1 follows, 41 sequences, length 45
# corresponding to MSA columns:
# 196-240
name=unknown_B
#
# <colnr> <probs for GDERKNQSTAVLIFYWHMCP>
#	G	D	E	R	K	N	Q	S	T	A	V	L	I	F	Y	W	H	M	C	P
0	0.02234	0.01579	0.01671	0.01293	0.01742	0.04965	0.01061	0.62021	0.02514	0.12819	0.01477	0.01449	0.01031	0.00694	0.00576	0.00174	0.00633	0.00520	0.00581	0.00965
1	0.02267	0.01479	0.01644	0.01262	0.01717	0.01586	0.01041	0.59397	0.02476	0.18803	0.01569	0.01510	0.01077	0.00700	0.00578	0.00175	0.00604	0.00532	0.00604	0.00979
2	0.00711	0.00508	0.00674	0.00806	0.00840	0.00473	0.00537	0.00807	0.01104	0.01473	0.03161	0.79378	0.03789	0.01798	0.00735	0.00235	0.00337	0.01628	0.00535	0.00472
3	0.02521	0.01072	0.01391	0.01069	0.01514	0.00981	0.00881	0.12981	0.01794	0.66182	0.02142	0.01882	0.01364	0.00713	0.00580	0.00179	0.00512	0.00571	0.00692	0.00979
4	0.01435	0.01237	0.01302	0.01172	0.01496	0.01429	0.00911	0.03045	0.75148	0.02403	0.02339	0.02150	0.01757	0.00784	0.00588	0.00196	0.00457	0.00651	0.00586	0.00912
5	0.00824	0.00595	0.00774	0.00729	0.00865	0.00548	0.00546	0.01089	0.01626	0.02305	0.75883	0.04285	0.05400	0.01177	0.00680	0.00182	0.00275	0.01038	0.00634	0.00547
6	0.01531	0.01285	0.01356	0.01192	0.01533	0.01474	0.00934	0.12126	0.65911	0.02558	0.02217	0.02054	0.01658	0.00773	0.00586	0.00194	0.00480	0.00634	0.00585	0.00920
7	0.01357	0.01534	0.03288	0.02365	0.02911	0.01470	0.69968	0.01815	0.01331	0.01818	0.01147	0.01544	0.00874	0.00521	0.00748	0.00199	0.05380	0.00669	0.00292	0.00770
8	0.01160	0.02964	0.76783	0.01638	0.02483	0.01335	0.02116	0.01820	0.01216	0.01823	0.01040	0.01226	0.00737	0.00552	0.00549	0.00184	0.00849	0.00427	0.00246	0.00852
9	0.01428	0.01368	0.02328	0.03514	0.76181	0.01366	0.01759	0.01764	0.01310	0.01880	0.01089	0.01434	0.00918	0.00519	0.00572	0.00172	0.00684	0.00514	0.00288	0.00912
10	0.02185	0.01610	0.01724	0.01324	0.01782	0.01779	0.01092	0.74278	0.02694	0.03613	0.01386	0.01391	0.00985	0.00695	0.00578	0.00174	0.00634	0.00519	0.00576	0.00979
11	0.01094	0.01026	0.01723	0.78368	0.03943	0.01278	0.01592	0.01470	0.01152	0.01474	0.01030	0.01543	0.00775	0.00581	0.00577	0.00193	0.00766	0.00513	0.00259	0.00642
12	0.01036	0.00688	0.00956	0.01060	0.01212	0.00678	0.00922	0.01293	0.01344	0.06329	0.02990	0.06183	0.03184	0.01533	0.00782	0.00260	0.00529	0.67918	0.00542	0.00561
13	0.01160	0.02964	0.76783	0.01638	0.02483	0.01335	0.02116	0.01820	0.01216	0.01823	0.01040	0.01226	0.00737	0.00552	0.00549	0.00184	0.00849	0.00427	0.00246	0.00852
14	0.02577	0.00983	0.01336	0.01026	0.01469	0.00848	0.00846	0.02794	0.01644	0.76580	0.02267	0.01964	0.01427	0.00716	0.00581	0.00179	0.00491	0.00579	0.00712	0.00980
15	0.02185	0.01610	0.01724	0.01324	0.01782	0.01779	0.01092	0.74278	0.02694	0.03613	0.01386	0.01391	0.00985	0.00695	0.00578	0.00174	0.00634	0.00519	0.00576	0.00979
16	0.00835	0.00607	0.00849	0.00849	0.00925	0.00680	0.00622	0.00980	0.00905	0.01282	0.01617	0.02666	0.01616	0.24630	0.57374	0.00822	0.01271	0.00676	0.00322	0.00474
17	0.01071	0.01062	0.01982	0.01589	0.01853	0.01077	0.31859	0.01338	0.01197	0.01645	0.04328	0.32609	0.02169	0.01109	0.00876	0.00219	0.11949	0.01043	0.00395	0.00627
18	0.14336	0.01002	0.01266	0.00988	0.01418	0.00912	0.00814	0.02634	0.01548	0.65863	0.02056	0.01817	0.01312	0.00691	0.00549	0.00179	0.00485	0.00541	0.00661	0.00928
19	0.01477	0.68635	0.02817	0.12194	0.01834	0.02124	0.01072	0.01685	0.01168	0.01375	0.00841	0.01024	0.00751	0.00510	0.00403	0.00135	0.00638	0.00340	0.00251	0.00726
20	0.01419	0.01394	0.02481	0.03355	0.65583	0.01378	0.12236	0.01775	0.01317	0.01875	0.01101	0.01452	0.00913	0.00515	0.00588	0.00176	0.00725	0.00538	0.00289	0.00893
21	0.01318	0.01255	0.02129	0.28158	0.52399	0.01337	0.01704	0.01667	0.01258	0.01747	0.01070	0.01469	0.00871	0.00539	0.00574	0.00179	0.00711	0.00513	0.00278	0.00823
22	0.01401	0.01690	0.13208	0.07543	0.44367	0.05908	0.13880	0.01798	0.01314	0.01813	0.01080	0.01409	0.00867	0.00527	0.00584	0.00178	0.00781	0.00520	0.00282	0.00850
23	0.01110	0.12215	0.01363	0.01090	0.01303	0.00925	0.05367	0.01341	0.01286	0.06101	0.02575	0.17304	0.02751	0.01345	0.00704	0.00231	0.00535	0.41371	0.00487	0.00595
24	0.01390	0.01599	0.13111	0.03243	0.65508	0.01361	0.01811	0.01772	0.01297	0.01872	0.01082	0.01404	0.00892	0.00523	0.00569	0.00174	0.00708	0.00501	0.00282	0.00904
25	0.01373	0.01506	0.03079	0.02236	0.02778	0.01449	0.63504	0.02015	0.12044	0.01925	0.01339	0.01646	0.01007	0.00534	0.00667	0.00195	0.00894	0.00675	0.00336	0.00797
26	0.13309	0.39891	0.30203	0.01197	0.01800	0.01778	0.01354	0.01753	0.01160	0.01708	0.00895	0.01046	0.00727	0.00524	0.00437	0.00155	0.00678	0.00354	0.00264	0.00766
27	0.00806	0.00591	0.00817	0.05636	0.01126	0.00581	0.00705	0.00980	0.01222	0.01631	0.11051	0.47225	0.03654	0.01599	0.00735	0.00234	0.00407	0.19964	0.00528	0.00507
28	0.01172	0.10122	0.53576	0.01482	0.02133	0.01358	0.01775	0.01691	0.01205	0.01734	0.01288	0.01958	0.01111	0.00727	0.00655	0.00194	0.05915	0.10834	0.00288	0.00780
29	0.01424	0.51837	0.28365	0.01222	0.01830	0.03604	0.01376	0.01768	0.01196	0.01520	0.00890	0.01039	0.00744	0.00519	0.00437	0.00146	0.00705	0.00352	0.00249	0.00777
30	0.01873	0.00940	0.01184	0.01009	0.01320	0.00900	0.00789	0.12542	0.05852	0.38365	0.02422	0.25996	0.02118	0.01054	0.00629	0.00197	0.00462	0.00901	0.00630	0.00817
31	0.01646	0.01428	0.01742	0.01382	0.01732	0.11675	0.16104	0.25704	0.01769	0.05531	0.03992	0.02213	0.02559	0.12159	0.00937	0.00233	0.00703	0.04888	0.02865	0.00737
32	0.01379	0.05966	0.10059	0.08139	0.27852	0.10009	0.01333	0.04813	0.01370	0.04780	0.01894	0.06588	0.11906	0.00754	0.00573	0.00175	0.00654	0.00642	0.00356	0.00758
33	0.01283	0.01170	0.01898	0.23156	0.41512	0.01242	0.01495	0.05904	0.01388	0.01924	0.11909	0.01855	0.01520	0.00632	0.00584	0.00177	0.00640	0.00585	0.00343	0.00784
34	0.01843	0.12288	0.01356	0.00924	0.01251	0.00936	0.00749	0.02017	0.01394	0.42430	0.02359	0.18166	0.05103	0.05647	0.00721	0.00204	0.00468	0.00797	0.00575	0.00775
35	0.01335	0.02250	0.48836	0.01398	0.02047	0.01234	0.01628	0.12251	0.01516	0.07080	0.13221	0.01773	0.01557	0.00676	0.00571	0.00179	0.00698	0.00544	0.00382	0.00823
36	0.01392	0.05106	0.57511	0.01566	0.02317	0.01326	0.06168	0.05173	0.01333	0.11053	0.01193	0.01316	0.00829	0.00565	0.00551	0.00179	0.00791	0.00457	0.00316	0.00859
37	0.13076	0.05424	0.50221	0.01340	0.01981	0.01233	0.01606	0.01671	0.01227	0.01956	0.10259	0.01765	0.01397	0.00662	0.00536	0.00182	0.00693	0.03696	0.00318	0.00757
38	0.01146	0.01027	0.01552	0.47433	0.07323	0.01218	0.01365	0.01754	0.16005	0.01708	0.01573	0.02352	0.01333	0.00755	0.00605	0.00201	0.00662	0.10937	0.00361	0.00690
39	0.43260	0.06093	0.02382	0.01001	0.04293	0.01283	0.00789	0.04378	0.13132	0.09903	0.07275	0.01532	0.01297	0.00641	0.00458	0.00176	0.00467	0.00465	0.00444	0.00729
40	0.01229	0.01100	0.01943	0.56796	0.07895	0.01258	0.11833	0.01607	0.01214	0.06493	0.01159	0.02922	0.00882	0.00586	0.00589	0.00190	0.00760	0.00556	0.00296	0.00690
41	0.00845	0.00735	0.01124	0.01054	0.01172	0.00753	0.09639	0.01002	0.01128	0.01507	0.02981	0.49202	0.13486	0.01480	0.00863	0.00224	0.10510	0.01304	0.00465	0.00526
42	0.01206	0.02352	0.53931	0.01539	0.02230	0.01196	0.09020	0.01768	0.01308	0.06482	0.11954	0.01729	0.01457	0.00638	0.00577	0.00182	0.00752	0.00546	0.00331	0.00802
43	0.50610	0.01265	0.10129	0.00923	0.01327	0.01157	0.00852	0.01853	0.03591	0.13612	0.05454	0.01586	0.01176	0.00649	0.00455	0.00182	0.00492	0.03561	0.00424	0.00701
44	0.01215	0.16708	0.63780	0.01514	0.02296	0.01495	0.01911	0.01794	0.01200	0.01729	0.00985	0.01156	0.00726	0.00534	0.00512	0.00171	0.00804	0.00402	0.00242	0.00826

[dist]
# distance from previous block
# <min> <max>
0	1

[block]
# block no. 2 follows, 41 sequences, length 26
# corresponding to MSA columns:
# 242-267
name=unknown_C
#
# <colnr> <probs for GDERKNQSTAVLIFYWHMCP>
#	G	D	E	R	K	N	Q	S	T	A	V	L	I	F	Y	W	H	M	C	P
0	0.01268	0.01213	0.02077	0.28239	0.36032	0.01332	0.07727	0.01612	0.01212	0.01699	0.01072	0.01482	0.00867	0.00577	0.00681	0.00184	0.07365	0.00523	0.04074	0.00763
1	0.35529	0.01155	0.02490	0.00864	0.01198	0.07781	0.00706	0.05973	0.01332	0.13595	0.03597	0.02327	0.19740	0.00813	0.00505	0.00178	0.00479	0.00607	0.00463	0.00667
2	0.00844	0.00554	0.00730	0.00781	0.00874	0.00509	0.00549	0.00999	0.01280	0.06419	0.23028	0.51429	0.06752	0.01542	0.00703	0.00213	0.00323	0.01384	0.00569	0.00518
3	0.01346	0.01420	0.02716	0.08454	0.02693	0.01426	0.49834	0.02103	0.19834	0.01941	0.01438	0.01689	0.01079	0.00563	0.00643	0.00193	0.00819	0.00654	0.00360	0.00794
4	0.01165	0.03914	0.46920	0.20957	0.02888	0.01349	0.11411	0.01725	0.01209	0.01717	0.01036	0.01325	0.00753	0.00541	0.00564	0.00184	0.00835	0.00475	0.00251	0.00781
5	0.01295	0.01886	0.21715	0.02179	0.02802	0.01429	0.53310	0.01809	0.01296	0.01809	0.01108	0.01447	0.00827	0.00518	0.00690	0.00192	0.04023	0.00605	0.00276	0.00784
6	0.00805	0.00552	0.00616	0.00647	0.00773	0.00506	0.00469	0.00978	0.01236	0.01721	0.09827	0.21041	0.29298	0.05042	0.00729	0.00205	0.00312	0.03571	0.21182	0.00491
7	0.02142	0.01455	0.20222	0.01159	0.01690	0.00951	0.01147	0.02476	0.01529	0.55032	0.04874	0.01854	0.01401	0.00685	0.00571	0.00178	0.00568	0.00555	0.00588	0.00924
8	0.01147	0.02959	0.76934	0.01630	0.02476	0.01328	0.02113	0.01811	0.01208	0.01811	0.01026	0.01208	0.00725	0.00543	0.00543	0.00181	0.00845	0.00423	0.00242	0.00845
9	0.09118	0.01344	0.01396	0.01178	0.01550	0.01529	0.00941	0.27089	0.44009	0.02819	0.01867	0.01768	0.01383	0.00724	0.00558	0.00185	0.00512	0.00572	0.00558	0.00902
10	0.01288	0.01229	0.02091	0.32108	0.48732	0.01325	0.01692	0.01643	0.01242	0.01713	0.01053	0.01457	0.00851	0.00533	0.00568	0.00178	0.00711	0.00509	0.00272	0.00803
11	0.02132	0.00869	0.01151	0.00919	0.01251	0.00769	0.00717	0.02298	0.01436	0.57807	0.02143	0.02396	0.01582	0.20521	0.01160	0.00271	0.00504	0.00639	0.00618	0.00817
12	0.01354	0.01163	0.01716	0.59207	0.03398	0.01397	0.01463	0.19716	0.01530	0.01998	0.01106	0.01487	0.00815	0.00601	0.00572	0.00186	0.00729	0.00510	0.00334	0.00720
13	0.00700	0.00513	0.00657	0.00764	0.00823	0.00471	0.00519	0.00813	0.01147	0.01511	0.06965	0.66246	0.13336	0.01717	0.00720	0.00225	0.00323	0.01543	0.00536	0.00471
14	0.00683	0.00554	0.00606	0.00647	0.00790	0.00477	0.00465	0.00813	0.01238	0.01519	0.04967	0.28675	0.53462	0.01556	0.00693	0.00205	0.00303	0.01338	0.00531	0.00477
15	0.01536	0.01233	0.01319	0.01163	0.01501	0.01405	0.00911	0.06935	0.66690	0.07129	0.02271	0.02081	0.01683	0.00767	0.00581	0.00192	0.00465	0.00635	0.00589	0.00913
16	0.01220	0.01296	0.02687	0.01964	0.02398	0.01223	0.55762	0.01582	0.01220	0.01651	0.01319	0.02093	0.01171	0.20352	0.01235	0.00283	0.00862	0.00714	0.00304	0.00665
17	0.01217	0.01310	0.02761	0.02038	0.02497	0.01263	0.55854	0.01629	0.01242	0.01706	0.01251	0.01719	0.01009	0.01435	0.19929	0.00375	0.01106	0.00659	0.00294	0.00706
18	0.01251	0.01251	0.01752	0.01502	0.01502	0.01752	0.01251	0.01377	0.00876	0.01377	0.00751	0.01251	0.00751	0.01001	0.01877	0.00250	0.78851	0.00501	0.00250	0.00626
19	0.01247	0.45349	0.16708	0.01059	0.01503	0.01633	0.01086	0.01503	0.01154	0.01464	0.01430	0.20641	0.01495	0.00826	0.00492	0.00161	0.00587	0.00659	0.00316	0.00688
20	0.01012	0.00909	0.01478	0.59057	0.03168	0.01088	0.01326	0.01366	0.01263	0.01670	0.19784	0.02212	0.01922	0.00721	0.00598	0.00188	0.00639	0.00640	0.00348	0.00611
21	0.02215	0.01485	0.14928	0.01202	0.01720	0.01161	0.01130	0.20536	0.01824	0.45052	0.01816	0.01671	0.01182	0.00673	0.00569	0.00176	0.00586	0.00533	0.00591	0.00950
22	0.01556	0.01558	0.02960	0.02137	0.02685	0.01528	0.55947	0.19994	0.01685	0.02276	0.01211	0.01500	0.00894	0.00533	0.00649	0.00188	0.00881	0.00635	0.00360	0.00822
23	0.01147	0.02959	0.76934	0.01630	0.02476	0.01328	0.02113	0.01811	0.01208	0.01811	0.01026	0.01208	0.00725	0.00543	0.00543	0.00181	0.00845	0.00423	0.00242	0.00845
24	0.01556	0.01558	0.02960	0.02137	0.02685	0.01528	0.55947	0.19994	0.01685	0.02276	0.01211	0.01500	0.00894	0.00533	0.00649	0.00188	0.00881	0.00635	0.00360	0.00822
25	0.16747	0.01447	0.01505	0.01186	0.01614	0.01602	0.00975	0.51769	0.07567	0.07926	0.01395	0.01385	0.00993	0.00667	0.00534	0.00175	0.00574	0.00492	0.00542	0.00905

[dist]
# distance from previous block
# <min> <max>
0	2

[block]
# block no. 3 follows, 41 sequences, length 40
# corresponding to MSA columns:
# 270-309
name=unknown_D
#
# <colnr> <probs for GDERKNQSTAVLIFYWHMCP>
#	G	D	E	R	K	N	Q	S	T	A	V	L	I	F	Y	W	H	M	C	P
0	0.02007	0.00894	0.01252	0.10249	0.01626	0.00827	0.00865	0.02258	0.01574	0.51563	0.18101	0.02400	0.02201	0.00792	0.00596	0.00179	0.00473	0.00667	0.00637	0.00839
1	0.00934	0.00740	0.01225	0.01095	0.01278	0.00683	0.14757	0.01132	0.01237	0.05748	0.09331	0.47554	0.09158	0.01397	0.00702	0.00214	0.00453	0.01299	0.00503	0.00560
2	0.01036	0.00872	0.01427	0.01290	0.01553	0.00823	0.15033	0.01340	0.01307	0.01753	0.02426	0.04874	0.02531	0.01230	0.00724	0.00228	0.00599	0.49982	0.00458	0.10513
3	0.00874	0.00630	0.00790	0.00859	0.00943	0.00622	0.00598	0.09627	0.01286	0.01717	0.02939	0.70152	0.03446	0.01659	0.00711	0.00225	0.00368	0.01493	0.00536	0.00526
4	0.01108	0.01045	0.01765	0.72377	0.09871	0.01278	0.01602	0.01486	0.01157	0.01495	0.01022	0.01516	0.00774	0.00567	0.00571	0.00189	0.00756	0.00508	0.00257	0.00658
5	0.01147	0.02959	0.76934	0.01630	0.02476	0.01328	0.02113	0.01811	0.01208	0.01811	0.01026	0.01208	0.00725	0.00543	0.00543	0.00181	0.00845	0.00423	0.00242	0.00845
6	0.00697	0.00498	0.00664	0.00796	0.00830	0.00465	0.00531	0.00796	0.01095	0.01460	0.03153	0.79525	0.03783	0.01792	0.00730	0.00232	0.00332	0.01626	0.00531	0.00465
7	0.01350	0.01543	0.03375	0.02411	0.02989	0.01446	0.74253	0.01832	0.01350	0.01832	0.01157	0.01543	0.00868	0.00482	0.00675	0.00193	0.00964	0.00675	0.00289	0.00771
8	0.01305	0.01246	0.02122	0.28244	0.52461	0.01330	0.01700	0.01658	0.01250	0.01734	0.01056	0.01452	0.00859	0.00530	0.00568	0.00177	0.00707	0.00509	0.00274	0.00817
9	0.00695	0.00504	0.00657	0.00780	0.00825	0.00466	0.00523	0.00798	0.01111	0.01467	0.03358	0.73774	0.09402	0.01765	0.00726	0.00229	0.00329	0.01594	0.00531	0.00466
10	0.00697	0.00498	0.00664	0.00796	0.00830	0.00465	0.00531	0.00796	0.01095	0.01460	0.03153	0.79525	0.03783	0.01792	0.00730	0.00232	0.00332	0.01626	0.00531	0.00465
11	0.01350	0.01543	0.03375	0.02411	0.02989	0.01446	0.74253	0.01832	0.01350	0.01832	0.01157	0.01543	0.00868	0.00482	0.00675	0.00193	0.00964	0.00675	0.00289	0.00771
12	0.21128	0.04735	0.35041	0.01423	0.02043	0.01327	0.11265	0.04519	0.01272	0.10503	0.01133	0.01266	0.00806	0.00554	0.00515	0.00179	0.00709	0.00446	0.00340	0.00797
13	0.01147	0.02959	0.76934	0.01630	0.02476	0.01328	0.02113	0.01811	0.01208	0.01811	0.01026	0.01208	0.00725	0.00543	0.00543	0.00181	0.00845	0.00423	0.00242	0.00845
14	0.01120	0.01058	0.01788	0.69527	0.12622	0.01281	0.01609	0.01497	0.01163	0.01510	0.01024	0.01512	0.00780	0.00564	0.00571	0.00188	0.00753	0.00508	0.00258	0.00668
15	0.14603	0.22881	0.01696	0.01026	0.01418	0.01543	0.00871	0.02423	0.31989	0.13485	0.01655	0.01582	0.01240	0.00648	0.00486	0.00169	0.00500	0.00489	0.00473	0.00824
16	0.01283	0.01079	0.01969	0.01553	0.01869	0.01059	0.30542	0.04058	0.01301	0.10706	0.01977	0.29471	0.01971	0.01028	0.00778	0.00209	0.07051	0.00984	0.00433	0.00681
17	0.01093	0.01017	0.01652	0.69207	0.03630	0.01210	0.01479	0.01459	0.01149	0.01510	0.01017	0.01484	0.00773	0.00554	0.00554	0.00178	0.00722	0.00488	0.00264	0.10561
18	0.01496	0.01475	0.03130	0.02244	0.02806	0.01374	0.65448	0.01947	0.01384	0.10815	0.01289	0.01591	0.00934	0.00509	0.00663	0.00191	0.00907	0.00663	0.00340	0.00796
19	0.11399	0.52347	0.14477	0.01094	0.01609	0.07849	0.01127	0.01769	0.01182	0.01571	0.00839	0.00974	0.00719	0.00511	0.00405	0.00140	0.00661	0.00330	0.00261	0.00733
20	0.01520	0.00786	0.01062	0.00960	0.01163	0.00774	0.00739	0.01680	0.01313	0.31833	0.05129	0.33534	0.05167	0.01226	0.00801	0.00209	0.09808	0.01031	0.00572	0.00692
21	0.11077	0.02736	0.67808	0.01525	0.02311	0.01323	0.01934	0.01796	0.01180	0.01902	0.00999	0.01174	0.00712	0.00542	0.00521	0.00181	0.00797	0.00409	0.00255	0.00818
22	0.00942	0.00583	0.00801	0.05094	0.01076	0.00554	0.00626	0.01072	0.01163	0.10487	0.02928	0.65934	0.03333	0.01595	0.00703	0.00223	0.00374	0.01439	0.00537	0.00535
23	0.01185	0.01107	0.01823	0.61515	0.08967	0.01339	0.04212	0.05501	0.01232	0.01618	0.01030	0.01493	0.00788	0.00595	0.00651	0.00192	0.05284	0.00514	0.00275	0.00678
24	0.00697	0.00498	0.00664	0.00796	0.00830	0.00465	0.00531	0.00796	0.01095	0.01460	0.03153	0.79525	0.03783	0.01792	0.00730	0.00232	0.00332	0.01626	0.00531	0.00465
25	0.01181	0.02669	0.62657	0.01729	0.02490	0.01369	0.11851	0.01789	0.01208	0.01789	0.01028	0.01256	0.00746	0.00561	0.00638	0.00187	0.05320	0.00461	0.00249	0.00823
26	0.01235	0.20745	0.59918	0.01480	0.02244	0.01544	0.01852	0.01789	0.01197	0.01704	0.00973	0.01141	0.00727	0.00531	0.00503	0.00168	0.00792	0.00396	0.00242	0.00820
27	0.01771	0.01181	0.01326	0.01133	0.01496	0.01286	0.00898	0.06895	0.51511	0.22436	0.02256	0.02042	0.01615	0.00753	0.00580	0.00188	0.00472	0.00620	0.00615	0.00927
28	0.01288	0.01217	0.01708	0.63648	0.03521	0.07259	0.01493	0.09926	0.01359	0.01703	0.01047	0.01469	0.00785	0.00586	0.00568	0.00185	0.00768	0.00498	0.00294	0.00676
29	0.05974	0.02299	0.49323	0.01513	0.02210	0.01257	0.07653	0.02045	0.05576	0.14787	0.01312	0.01401	0.00909	0.00580	0.00552	0.00182	0.00748	0.00476	0.00352	0.00852
30	0.02225	0.01145	0.07489	0.01069	0.01514	0.00932	0.00936	0.02646	0.10073	0.58089	0.06078	0.02031	0.01608	0.00727	0.00579	0.00179	0.00501	0.00595	0.00651	0.00932
31	0.00697	0.00498	0.00664	0.00796	0.00830	0.00465	0.00531	0.00796	0.01095	0.01460	0.03153	0.79525	0.03783	0.01792	0.00730	0.00232	0.00332	0.01626	0.00531	0.00465
32	0.02165	0.00873	0.01186	0.00968	0.01324	0.00761	0.00774	0.02364	0.01532	0.60477	0.04150	0.16960	0.01965	0.00928	0.00607	0.00188	0.00452	0.00789	0.00672	0.00865
33	0.62055	0.01167	0.06351	0.00852	0.01217	0.01169	0.00759	0.01681	0.01092	0.06669	0.05431	0.01630	0.01157	0.00660	0.00433	0.00184	0.00471	0.05982	0.00396	0.00644
34	0.01316	0.01163	0.01832	0.43974	0.15764	0.01328	0.05169	0.05965	0.11349	0.04608	0.01279	0.01597	0.00962	0.00596	0.00578	0.00186	0.00699	0.00539	0.00341	0.00757
35	0.02115	0.01036	0.01304	0.01055	0.01430	0.00996	0.00862	0.18862	0.01810	0.44583	0.05941	0.08615	0.01846	0.00878	0.00608	0.00187	0.00499	0.05850	0.00645	0.00877
36	0.01108	0.00841	0.01443	0.01196	0.01424	0.00855	0.17572	0.01356	0.01091	0.07666	0.01572	0.02251	0.01390	0.12972	0.36503	0.00570	0.01069	0.00646	0.07886	0.00589
37	0.09160	0.00996	0.01287	0.01008	0.01433	0.00904	0.00835	0.05260	0.01610	0.65258	0.02133	0.02006	0.01402	0.00724	0.00565	0.00180	0.00490	0.03155	0.00667	0.00928
38	0.02017	0.00854	0.01137	0.00913	0.01267	0.00743	0.00738	0.02241	0.01601	0.53927	0.17880	0.02778	0.09578	0.00876	0.00606	0.00179	0.00422	0.00732	0.00674	0.00835
39	0.18542	0.42218	0.14280	0.01082	0.01591	0.04627	0.01100	0.07701	0.01272	0.01859	0.00883	0.01008	0.00729	0.00526	0.00415	0.00148	0.00631	0.00345	0.00295	0.00745

[dist]
# distance from previous block
# <min> <max>
0	4

[block]
# block no. 4 follows, 41 sequences, length 61
# corresponding to MSA columns:
# 314-374
name=unknown_E
#
# <colnr> <probs for GDERKNQSTAVLIFYWHMCP>
#	G	D	E	R	K	N	Q	S	T	A	V	L	I	F	Y	W	H	M	C	P
0	0.01559	0.01487	0.02622	0.42587	0.03651	0.01528	0.31952	0.01863	0.01457	0.01960	0.01438	0.02016	0.01155	0.00775	0.00768	0.00257	0.00954	0.00693	0.00397	0.00879
1	0.22743	0.01192	0.01292	0.01196	0.01500	0.01177	0.00946	0.10225	0.01675	0.14292	0.07996	0.04700	0.04662	0.01224	0.00748	0.00270	0.00603	0.22059	0.00637	0.00864
2	0.06382	0.02461	0.49321	0.01616	0.02294	0.01359	0.01762	0.02153	0.01493	0.16437	0.01745	0.06775	0.01395	0.00895	0.00705	0.00249	0.00825	0.00641	0.00483	0.01008
3	0.37111	0.11192	0.21281	0.01265	0.01756	0.01502	0.01209	0.01903	0.01380	0.03716	0.09910	0.01921	0.01581	0.00849	0.00611	0.00238	0.00675	0.00553	0.00471	0.00877
4	0.01803	0.01115	0.01264	0.01114	0.01337	0.01080	0.00794	0.15554	0.01610	0.16103	0.02101	0.03083	0.01923	0.34244	0.08861	0.00466	0.00751	0.00783	0.05201	0.00812
5	0.01510	0.03098	0.72800	0.01835	0.02668	0.01509	0.02188	0.02038	0.01431	0.02136	0.01389	0.01710	0.01076	0.00786	0.00698	0.00247	0.00948	0.00542	0.00370	0.01021
6	0.01635	0.01290	0.10017	0.01291	0.01562	0.01053	0.01975	0.06277	0.01530	0.16327	0.02668	0.40200	0.02724	0.01469	0.00894	0.00276	0.06165	0.01175	0.00623	0.00850
7	0.01634	0.01641	0.03101	0.07824	0.02988	0.01564	0.55691	0.01937	0.01505	0.02077	0.01605	0.07003	0.01383	0.00851	0.00893	0.00264	0.05884	0.00818	0.00426	0.00912
8	0.01798	0.01380	0.01376	0.01283	0.01558	0.09977	0.00942	0.02379	0.28749	0.13477	0.02840	0.22249	0.06507	0.01268	0.00768	0.00261	0.00610	0.00990	0.00661	0.00924
9	0.01471	0.01536	0.02040	0.21423	0.44455	0.15872	0.01591	0.01784	0.01324	0.01680	0.01025	0.01369	0.00839	0.00540	0.00558	0.00171	0.00767	0.00482	0.00278	0.00794
10	0.01268	0.01581	0.11831	0.08872	0.11306	0.01344	0.46244	0.01723	0.01293	0.01778	0.01248	0.06471	0.01032	0.00584	0.00641	0.00191	0.00859	0.00672	0.00295	0.00765
11	0.00915	0.00608	0.00774	0.00817	0.00924	0.00575	0.00578	0.05219	0.01301	0.06506	0.12393	0.55843	0.08235	0.01558	0.00701	0.00216	0.00348	0.01393	0.00557	0.00537
12	0.06125	0.01184	0.01570	0.20038	0.06931	0.01333	0.06308	0.10126	0.28642	0.02163	0.01891	0.03765	0.05979	0.00731	0.00580	0.00189	0.00584	0.00631	0.00444	0.00785
13	0.04894	0.01608	0.20598	0.33083	0.15625	0.01308	0.08430	0.02700	0.01214	0.01725	0.01056	0.01452	0.00815	0.02398	0.00618	0.00193	0.00767	0.00502	0.00271	0.00744
14	0.01229	0.16588	0.58580	0.01570	0.02333	0.01503	0.07031	0.01795	0.01210	0.01730	0.00995	0.01180	0.00736	0.00529	0.00521	0.00172	0.00812	0.00420	0.00245	0.00820
15	0.00987	0.00736	0.01092	0.25007	0.01870	0.00784	0.00909	0.01269	0.01390	0.06059	0.34960	0.12096	0.03395	0.01058	0.00652	0.00195	0.00461	0.05995	0.00498	0.00584
16	0.01244	0.22566	0.58176	0.01465	0.02220	0.01566	0.01825	0.01786	0.01196	0.01693	0.00968	0.01134	0.00727	0.00530	0.00499	0.00166	0.00786	0.00393	0.00242	0.00817
17	0.07065	0.09463	0.63663	0.01500	0.02266	0.01393	0.01886	0.01782	0.01189	0.01823	0.01029	0.01264	0.00767	0.00558	0.00519	0.00177	0.00790	0.01796	0.00255	0.00813
18	0.00710	0.00507	0.00679	0.00811	0.00850	0.00476	0.00554	0.00819	0.01108	0.01475	0.03145	0.75299	0.03755	0.01780	0.00734	0.00234	0.00343	0.05723	0.00531	0.00468
19	0.01256	0.01329	0.07375	0.34836	0.40717	0.01320	0.01711	0.01636	0.01229	0.01694	0.01048	0.01447	0.00833	0.00538	0.00567	0.00179	0.00726	0.00503	0.00268	0.00788
20	0.24075	0.01237	0.01694	0.18633	0.29467	0.01373	0.01315	0.09223	0.02246	0.02147	0.01025	0.01306	0.00810	0.00563	0.00543	0.00179	0.02610	0.00457	0.00329	0.00769
21	0.05988	0.02254	0.47527	0.20536	0.02725	0.01342	0.03518	0.06298	0.01275	0.01882	0.01036	0.01288	0.00747	0.00557	0.00544	0.00183	0.00791	0.00449	0.00273	0.00787
22	0.00694	0.00507	0.00654	0.00771	0.00823	0.00467	0.00520	0.00799	0.01119	0.01470	0.03456	0.71012	0.12100	0.01753	0.00724	0.00228	0.00327	0.01578	0.00531	0.00467
23	0.01335	0.01293	0.02615	0.06525	0.07219	0.01236	0.47204	0.01735	0.01336	0.07104	0.01562	0.07012	0.01365	0.00713	0.00672	0.00201	0.00811	0.08966	0.00359	0.00739
24	0.02341	0.01235	0.10037	0.01103	0.01587	0.00953	0.00998	0.06662	0.02687	0.61972	0.03057	0.01864	0.01370	0.00695	0.00573	0.00177	0.00533	0.00561	0.00644	0.00952
25	0.01491	0.00720	0.00940	0.00847	0.01088	0.00634	0.00647	0.01667	0.01413	0.33163	0.11161	0.27158	0.14266	0.01215	0.00651	0.00197	0.00384	0.01055	0.00616	0.00689
26	0.01207	0.01630	0.24663	0.46672	0.03293	0.01269	0.05098	0.01669	0.01204	0.06332	0.01104	0.01456	0.00797	0.00568	0.00568	0.00187	0.00780	0.00494	0.00281	0.00727
27	0.01263	0.24308	0.39811	0.10227	0.02231	0.04449	0.01596	0.01715	0.01229	0.01655	0.05685	0.01349	0.01027	0.00573	0.00504	0.00164	0.00741	0.00436	0.00270	0.00764
28	0.01216	0.11958	0.59709	0.01643	0.02415	0.01453	0.10276	0.01802	0.01219	0.01759	0.01014	0.01212	0.00742	0.00530	0.00538	0.00176	0.00831	0.00438	0.00247	0.00824
29	0.10942	0.01415	0.02171	0.14352	0.32446	0.06192	0.15331	0.06918	0.01368	0.01973	0.01059	0.01374	0.00838	0.00534	0.00561	0.00177	0.00738	0.00509	0.00309	0.00795
30	0.01923	0.06193	0.01734	0.15853	0.09004	0.31301	0.01197	0.08379	0.01572	0.15664	0.01219	0.01352	0.00904	0.00604	0.00538	0.00164	0.00789	0.00455	0.00384	0.00769
31	0.01213	0.01420	0.10819	0.27522	0.23448	0.01289	0.17233	0.01622	0.01250	0.01700	0.01371	0.01717	0.05648	0.00588	0.00596	0.00184	0.00762	0.00579	0.00286	0.00754
32	0.01186	0.01017	0.01186	0.00847	0.01356	0.00762	0.00678	0.01440	0.01186	0.01864	0.01017	0.01186	0.00847	0.00424	0.00424	0.00085	0.00424	0.00339	0.00339	0.83395
33	0.01529	0.80242	0.02997	0.00979	0.01468	0.02263	0.00979	0.01713	0.01162	0.01346	0.00795	0.00918	0.00734	0.00489	0.00367	0.00122	0.00612	0.00306	0.00245	0.00734
34	0.01186	0.01017	0.01186	0.00847	0.01356	0.00762	0.00678	0.01440	0.01186	0.01864	0.01017	0.01186	0.00847	0.00424	0.00424	0.00085	0.00424	0.00339	0.00339	0.83395
35	0.01270	0.01049	0.01789	0.64195	0.03587	0.01234	0.06671	0.01640	0.01215	0.10144	0.01169	0.01575	0.00845	0.00581	0.00580	0.00189	0.00745	0.00528	0.00309	0.00684
36	0.00748	0.00537	0.00710	0.00761	0.00841	0.00499	0.00535	0.00926	0.01334	0.01841	0.36422	0.45170	0.04520	0.01508	0.00705	0.00208	0.00304	0.01356	0.00576	0.00499
37	0.01374	0.06923	0.18527	0.03258	0.13554	0.06229	0.38147	0.01832	0.01315	0.01770	0.01076	0.01381	0.00825	0.00507	0.00600	0.00180	0.00876	0.00552	0.00275	0.00796
38	0.01305	0.07903	0.57933	0.01759	0.10829	0.01361	0.01904	0.01868	0.01246	0.07115	0.01104	0.01264	0.00795	0.00548	0.00536	0.00176	0.00785	0.00436	0.00280	0.00854
39	0.00709	0.00507	0.00678	0.00811	0.00850	0.00475	0.00553	0.00818	0.01108	0.01474	0.03146	0.75439	0.03756	0.01780	0.00733	0.00234	0.00343	0.05588	0.00531	0.00468
40	0.01350	0.01543	0.03375	0.02411	0.02989	0.01446	0.74253	0.01832	0.01350	0.01832	0.01157	0.01543	0.00868	0.00482	0.00675	0.00193	0.00964	0.00675	0.00289	0.00771
41	0.01437	0.02124	0.37895	0.06203	0.02538	0.01334	0.22108	0.07075	0.01399	0.10541	0.01229	0.01417	0.00864	0.00557	0.00588	0.00184	0.00817	0.00523	0.00333	0.00836
42	0.06439	0.02840	0.72071	0.01574	0.02388	0.01325	0.02018	0.01803	0.01193	0.01860	0.01012	0.01190	0.00718	0.00543	0.00531	0.00181	0.00820	0.00415	0.00249	0.00831
43	0.01568	0.00869	0.01027	0.00944	0.01186	0.05525	0.00732	0.01784	0.03142	0.31146	0.07431	0.25935	0.06710	0.01186	0.00652	0.00202	0.00453	0.08214	0.00593	0.00700
44	0.02206	0.10269	0.01665	0.01149	0.01582	0.06030	0.05574	0.02600	0.10296	0.49630	0.01939	0.01766	0.01298	0.00669	0.00555	0.00172	0.00562	0.00546	0.00586	0.00905
45	0.06974	0.06387	0.15431	0.24260	0.07050	0.03517	0.01314	0.02509	0.01207	0.07068	0.01201	0.01507	0.00925	0.01653	0.03218	0.00204	0.03984	0.00477	0.10409	0.00705
46	0.00758	0.00557	0.00715	0.00799	0.00870	0.00533	0.00552	0.00975	0.05481	0.01659	0.15629	0.60306	0.05778	0.01618	0.00711	0.00220	0.00327	0.01458	0.00551	0.00503
47	0.01392	0.01335	0.02279	0.08847	0.71181	0.01353	0.01744	0.01735	0.01291	0.01840	0.01072	0.01423	0.00896	0.00514	0.00567	0.00171	0.00685	0.00510	0.00281	0.00887
48	0.07855	0.01839	0.10279	0.01443	0.06439	0.15456	0.01188	0.34601	0.01989	0.11512	0.01289	0.01331	0.00924	0.00633	0.00543	0.00169	0.00701	0.00470	0.00466	0.00872
49	0.01257	0.01465	0.10473	0.01553	0.01708	0.01663	0.06006	0.01562	0.05702	0.01521	0.00909	0.01321	0.00819	0.00901	0.01564	0.00235	0.59878	0.00512	0.00273	0.00678
50	0.00865	0.00609	0.00732	0.00730	0.00754	0.00635	0.00477	0.00920	0.00941	0.01270	0.06638	0.03945	0.02355	0.61284	0.02464	0.00479	0.05061	0.09066	0.00380	0.00396
51	0.01388	0.01584	0.03078	0.02247	0.02741	0.06285	0.61243	0.01808	0.01313	0.01753	0.01093	0.01477	0.00846	0.00549	0.00803	0.00197	0.09926	0.00636	0.00285	0.00748
52	0.02104	0.01272	0.06689	0.01414	0.01910	0.01076	0.19097	0.06464	0.02524	0.46932	0.03281	0.01815	0.01292	0.00650	0.00600	0.00181	0.00631	0.00597	0.00564	0.00906
53	0.01258	0.01396	0.02994	0.02184	0.02686	0.01309	0.63901	0.01687	0.01314	0.01780	0.01437	0.12493	0.01277	0.00666	0.00683	0.00198	0.00876	0.00809	0.00323	0.00728
54	0.00701	0.00514	0.00660	0.00764	0.00824	0.00472	0.00519	0.00818	0.01155	0.01524	0.08156	0.65335	0.13039	0.01709	0.00720	0.00224	0.00323	0.01535	0.00537	0.00472
55	0.01269	0.01394	0.02858	0.02111	0.02548	0.01393	0.55854	0.01659	0.01253	0.01726	0.01298	0.09385	0.01145	0.00692	0.00861	0.00205	0.12577	0.00745	0.00308	0.00719
56	0.01289	0.01632	0.11286	0.02004	0.02493	0.06194	0.47717	0.01701	0.01291	0.01729	0.01354	0.11336	0.01206	0.00692	0.00726	0.00197	0.05379	0.00737	0.00313	0.00726
57	0.01147	0.02959	0.76934	0.01630	0.02476	0.01328	0.02113	0.01811	0.01208	0.01811	0.01026	0.01208	0.00725	0.00543	0.00543	0.00181	0.00845	0.00423	0.00242	0.00845
58	0.00987	0.00793	0.01016	0.09891	0.01478	0.00840	0.00899	0.01499	0.15397	0.01780	0.03208	0.04876	0.17041	0.01285	0.00703	0.00228	0.00493	0.36476	0.00507	0.00603
59	0.01166	0.01096	0.01806	0.59266	0.17694	0.01297	0.01578	0.01617	0.05819	0.01598	0.01110	0.01542	0.00852	0.00573	0.00571	0.00187	0.00727	0.00517	0.00280	0.00704
60	0.01416	0.01359	0.02322	0.03511	0.76330	0.01359	0.01755	0.01755	0.01302	0.01869	0.01076	0.01416	0.00906	0.00510	0.00566	0.00170	0.00680	0.00510	0.00283	0.00906

[dist]
# distance from previous block
# <min> <max>
54	139

[block]
# block no. 5 follows, 41 sequences, length 24
# corresponding to MSA columns:
# 521-544
name=unknown_F
#
# <colnr> <probs for GDERKNQSTAVLIFYWHMCP>
#	G	D	E	R	K	N	Q	S	T	A	V	L	I	F	Y	W	H	M	C	P
0	0.01350	0.01543	0.03375	0.02411	0.02989	0.01446	0.74253	0.01832	0.01350	0.01832	0.01157	0.01543	0.00868	0.00482	0.00675	0.00193	0.00964	0.00675	0.00289	0.00771
1	0.01301	0.01447	0.03073	0.16250	0.03162	0.01415	0.61041	0.01765	0.01313	0.01765	0.01132	0.01540	0.00849	0.00498	0.00656	0.00192	0.00928	0.00645	0.00283	0.00747
2	0.01147	0.02959	0.76934	0.01630	0.02476	0.01328	0.02113	0.01811	0.01208	0.01811	0.01026	0.01208	0.00725	0.00543	0.00543	0.00181	0.00845	0.00423	0.00242	0.00845
3	0.00697	0.00498	0.00664	0.00796	0.00830	0.00465	0.00531	0.00796	0.01095	0.01460	0.03153	0.79525	0.03783	0.01792	0.00730	0.00232	0.00332	0.01626	0.00531	0.00465
4	0.01369	0.01344	0.02389	0.11984	0.58503	0.01360	0.11139	0.01732	0.01290	0.01817	0.01080	0.01445	0.00885	0.00513	0.00581	0.00175	0.00726	0.00531	0.00281	0.00857
5	0.01350	0.01543	0.03375	0.02411	0.02989	0.01446	0.74253	0.01832	0.01350	0.01832	0.01157	0.01543	0.00868	0.00482	0.00675	0.00193	0.00964	0.00675	0.00289	0.00771
6	0.00696	0.00502	0.00660	0.00786	0.00827	0.00465	0.00526	0.00798	0.01105	0.01464	0.03279	0.75970	0.07256	0.01776	0.00727	0.00230	0.00330	0.01606	0.00531	0.00465
7	0.01381	0.01324	0.02259	0.11227	0.68884	0.01350	0.01738	0.01725	0.01286	0.01827	0.01070	0.01427	0.00891	0.00516	0.00567	0.00172	0.00688	0.00510	0.00280	0.00878
8	0.01187	0.10908	0.69329	0.01563	0.02372	0.01425	0.01997	0.01801	0.01203	0.01764	0.01003	0.01178	0.00726	0.00538	0.00525	0.00175	0.00821	0.00411	0.00242	0.00834
9	0.01147	0.02959	0.76934	0.01630	0.02476	0.01328	0.02113	0.01811	0.01208	0.01811	0.01026	0.01208	0.00725	0.00543	0.00543	0.00181	0.00845	0.00423	0.00242	0.00845
10	0.00832	0.00555	0.00624	0.00624	0.00624	0.00555	0.00347	0.00832	0.00832	0.01109	0.01802	0.03743	0.02080	0.79898	0.02911	0.00555	0.00555	0.00832	0.00347	0.00347
11	0.01147	0.02959	0.76934	0.01630	0.02476	0.01328	0.02113	0.01811	0.01208	0.01811	0.01026	0.01208	0.00725	0.00543	0.00543	0.00181	0.00845	0.00423	0.00242	0.00845
12	0.01111	0.01059	0.01722	0.64519	0.03496	0.01358	0.01527	0.01446	0.01095	0.01446	0.00968	0.01475	0.00760	0.00650	0.00809	0.00201	0.14961	0.00507	0.00253	0.00634
13	0.00817	0.00613	0.00919	0.00919	0.01021	0.00715	0.00715	0.01021	0.00919	0.01328	0.01532	0.02247	0.01430	0.04290	0.77631	0.00919	0.01532	0.00613	0.00306	0.00511
14	0.01416	0.01359	0.02322	0.03511	0.76330	0.01359	0.01755	0.01755	0.01302	0.01869	0.01076	0.01416	0.00906	0.00510	0.00566	0.00170	0.00680	0.00510	0.00283	0.00906
15	0.01063	0.00873	0.01394	0.01276	0.01505	0.00865	0.14206	0.05991	0.03096	0.01880	0.06765	0.11975	0.02835	0.01302	0.00738	0.00235	0.00578	0.42326	0.00494	0.00603
16	0.01129	0.01112	0.02017	0.64685	0.03767	0.01303	0.14800	0.01529	0.01181	0.01529	0.01042	0.01528	0.00782	0.00556	0.00591	0.00191	0.00799	0.00539	0.00261	0.00660
17	0.02345	0.01077	0.01700	0.01271	0.01738	0.00951	0.14188	0.02614	0.01585	0.63109	0.02057	0.01873	0.01316	0.00667	0.00593	0.00180	0.00574	0.00593	0.00632	0.00937
18	0.01332	0.01490	0.03080	0.02246	0.02719	0.01502	0.60980	0.01749	0.01264	0.01749	0.01083	0.01490	0.00847	0.00577	0.00894	0.00203	0.15126	0.00643	0.00282	0.00745
19	0.10158	0.00627	0.00770	0.00728	0.00863	0.00615	0.00541	0.01086	0.01388	0.02088	0.53956	0.03437	0.04061	0.01247	0.00922	0.15303	0.00330	0.00855	0.00529	0.00496
20	0.01123	0.00655	0.00858	0.00767	0.00961	0.00592	0.00590	0.01378	0.01608	0.15793	0.59373	0.03907	0.07937	0.01098	0.00657	0.00180	0.00310	0.00959	0.00639	0.00616
21	0.00816	0.00688	0.01157	0.01090	0.01222	0.00643	0.13935	0.00985	0.01141	0.01528	0.02790	0.65346	0.03253	0.01554	0.00720	0.00225	0.00447	0.01453	0.00487	0.00520
22	0.01394	0.01337	0.02283	0.08313	0.71695	0.01353	0.01745	0.01737	0.01292	0.01843	0.01072	0.01423	0.00897	0.00514	0.00567	0.00171	0.00685	0.00510	0.00281	0.00889
23	0.16983	0.01778	0.01506	0.01244	0.01633	0.21225	0.00995	0.38015	0.06750	0.02770	0.01203	0.01253	0.00897	0.00639	0.00519	0.00168	0.00688	0.00448	0.00462	0.00824

[dist]
# distance from previous block
# <min> <max>
0	5

[block]
# block no. 6 follows, 41 sequences, length 6
# corresponding to MSA columns:
# 550-555
name=unknown_G
#
# <colnr> <probs for GDERKNQSTAVLIFYWHMCP>
#	G	D	E	R	K	N	Q	S	T	A	V	L	I	F	Y	W	H	M	C	P
0	0.01400	0.01403	0.02572	0.03250	0.58906	0.01380	0.18979	0.01774	0.01314	0.01860	0.01095	0.01446	0.00897	0.00503	0.00592	0.00175	0.00747	0.00549	0.00285	0.00874
1	0.29145	0.01717	0.01344	0.01166	0.01495	0.25768	0.00922	0.13400	0.08437	0.04958	0.01108	0.01201	0.00855	0.00633	0.00565	0.00173	0.05573	0.00414	0.00397	0.00729
2	0.21186	0.01106	0.01153	0.01007	0.01345	0.01219	0.00799	0.02526	0.38932	0.15787	0.07421	0.01973	0.01690	0.00735	0.00533	0.00186	0.00443	0.00583	0.00554	0.00823
3	0.01365	0.01275	0.01983	0.14689	0.47224	0.01360	0.01527	0.02014	0.18857	0.01929	0.01364	0.01603	0.01083	0.00583	0.00571	0.00179	0.00639	0.00542	0.00350	0.00864
4	0.01403	0.54631	0.27500	0.01195	0.01802	0.01953	0.01355	0.01745	0.01177	0.01500	0.00872	0.01014	0.00731	0.00507	0.00425	0.00142	0.00689	0.00345	0.00244	0.00771
5	0.71567	0.01108	0.00892	0.00784	0.01131	0.01272	0.00643	0.07637	0.01130	0.02622	0.00917	0.01048	0.00706	0.00553	0.00375	0.00174	0.00446	0.00342	0.06012	0.00643

[dist]
# distance from previous block
# <min> <max>
0	4

[block]
# block no. 7 follows, 41 sequences, length 21
# corresponding to MSA columns:
# 560-580
name=unknown_H
#
# <colnr> <probs for GDERKNQSTAVLIFYWHMCP>
#	G	D	E	R	K	N	Q	S	T	A	V	L	I	F	Y	W	H	M	C	P
0	0.01147	0.02959	0.76934	0.01630	0.02476	0.01328	0.02113	0.01811	0.01208	0.01811	0.01026	0.01208	0.00725	0.00543	0.00543	0.00181	0.00845	0.00423	0.00242	0.00845
1	0.00697	0.00498	0.00664	0.00796	0.00830	0.00465	0.00531	0.00796	0.01095	0.01460	0.03153	0.79525	0.03783	0.01792	0.00730	0.00232	0.00332	0.01626	0.00531	0.00465
2	0.01266	0.02792	0.70604	0.01579	0.02391	0.01288	0.02007	0.01893	0.01244	0.08084	0.01129	0.01270	0.00782	0.00557	0.00546	0.00181	0.00815	0.00435	0.00281	0.00856
3	0.01655	0.04814	0.48137	0.01395	0.02088	0.01189	0.01632	0.02149	0.01356	0.27915	0.01448	0.01456	0.00966	0.00599	0.00549	0.00178	0.00713	0.00472	0.00404	0.00886
4	0.10612	0.00896	0.01120	0.00923	0.01257	0.00839	0.00740	0.05771	0.01568	0.43027	0.17374	0.09284	0.02345	0.00881	0.00586	0.00182	0.00431	0.00734	0.00632	0.00801
5	0.01250	0.01315	0.02606	0.32706	0.11114	0.01368	0.37782	0.01677	0.01263	0.01689	0.01093	0.01522	0.00830	0.00521	0.00623	0.00190	0.00854	0.00591	0.00275	0.00732
6	0.01380	0.15443	0.48756	0.01666	0.10010	0.03163	0.01758	0.01882	0.01255	0.08004	0.01093	0.01239	0.00803	0.00546	0.00519	0.00169	0.00763	0.00424	0.00287	0.00840
7	0.01291	0.01449	0.03131	0.02265	0.02795	0.01358	0.67607	0.01739	0.01327	0.01799	0.01337	0.08572	0.01131	0.00600	0.00680	0.00196	0.00907	0.00761	0.00311	0.00744
8	0.00771	0.00583	0.00789	0.00887	0.00928	0.00601	0.00637	0.00890	0.01099	0.01479	0.02923	0.64749	0.03458	0.01698	0.00840	0.00237	0.07430	0.09010	0.00505	0.00486
9	0.02514	0.01057	0.01379	0.01057	0.01502	0.00964	0.00873	0.12262	0.01776	0.67056	0.02140	0.01871	0.01357	0.00705	0.00575	0.00176	0.00506	0.00567	0.00690	0.00973
10	0.01322	0.14191	0.59698	0.01483	0.02242	0.01425	0.01839	0.01879	0.01237	0.08016	0.01095	0.01227	0.00784	0.00549	0.00520	0.00172	0.00781	0.00418	0.00281	0.00840
11	0.00697	0.00498	0.00664	0.00796	0.00830	0.00465	0.00531	0.00796	0.01095	0.01460	0.03153	0.79525	0.03783	0.01792	0.00730	0.00232	0.00332	0.01626	0.00531	0.00465
12	0.01374	0.01317	0.02247	0.12722	0.67441	0.01348	0.01735	0.01719	0.01283	0.01819	0.01069	0.01429	0.00888	0.00517	0.00567	0.00172	0.00690	0.00509	0.00280	0.00873
13	0.01166	0.06807	0.73252	0.01598	0.02425	0.01375	0.02057	0.01807	0.01205	0.01788	0.01015	0.01193	0.00725	0.00541	0.00535	0.00178	0.00834	0.00417	0.00242	0.00840
14	0.01381	0.01312	0.02172	0.11239	0.62415	0.01355	0.01667	0.01832	0.07481	0.01870	0.01174	0.01487	0.00961	0.00539	0.00568	0.00174	0.00669	0.00521	0.00305	0.00877
15	0.00843	0.00604	0.00878	0.00878	0.00984	0.00696	0.00682	0.01054	0.00949	0.01413	0.01567	0.02235	0.01434	0.03907	0.69472	0.00836	0.01398	0.00604	0.09051	0.00513
16	0.00714	0.00581	0.00632	0.00619	0.00796	0.00499	0.00464	0.00894	0.01393	0.01756	0.25611	0.05157	0.56150	0.01370	0.00676	0.00189	0.00284	0.01158	0.00559	0.00499
17	0.02098	0.01617	0.01599	0.01269	0.01681	0.11311	0.01029	0.51816	0.05152	0.09793	0.05708	0.01576	0.01266	0.00707	0.00571	0.00170	0.00641	0.00536	0.00553	0.00906
