[name]
unknown

[dist]
# distance from previous block
# <min> <max>
0	331

[block]
# block no. 0 follows, 39 sequences, length 30
# corresponding to MSA columns:
# 344-373
name=unknown_A
#
# <colnr> <probs for GDERKNQSTAVLIFYWHMCP>
#	G	D	E	R	K	N	Q	S	T	A	V	L	I	F	Y	W	H	M	C	P
0	0.02011	0.01516	0.01648	0.01248	0.01734	0.01592	0.01026	0.56858	0.02420	0.03310	0.01334	0.01375	0.00976	0.00647	0.00556	0.00157	0.00601	0.00490	0.00536	0.19965
1	0.00934	0.00658	0.00914	0.00897	0.01003	0.00766	0.00700	0.01155	0.01015	0.01569	0.01611	0.02229	0.01441	0.03345	0.54269	0.00717	0.06274	0.00607	0.19355	0.00541
2	0.01193	0.01098	0.01825	0.24042	0.37934	0.01165	0.01473	0.01499	0.01250	0.01715	0.01592	0.19422	0.01584	0.00852	0.00626	0.00197	0.00644	0.00794	0.00344	0.00752
3	0.01645	0.01463	0.02255	0.03104	0.58453	0.01504	0.01655	0.18437	0.01679	0.02348	0.01184	0.01454	0.00953	0.00569	0.00587	0.00176	0.00691	0.00528	0.00362	0.00953
4	0.01226	0.01051	0.01226	0.00876	0.01401	0.00788	0.00701	0.01489	0.01226	0.01927	0.01051	0.01226	0.00876	0.00438	0.00438	0.00088	0.00438	0.00350	0.00350	0.82832
5	0.00849	0.00651	0.00823	0.00837	0.00996	0.00558	0.00587	0.00992	0.01156	0.01615	0.02700	0.59160	0.03142	0.01494	0.00675	0.00201	0.00367	0.01344	0.00499	0.21355
6	0.01266	0.00710	0.00998	0.00923	0.01093	0.00742	0.00706	0.01447	0.01107	0.18612	0.01804	0.02508	0.01586	0.15969	0.46960	0.00710	0.01166	0.00662	0.00420	0.00611
7	0.62895	0.01273	0.01098	0.00925	0.01318	0.01455	0.00763	0.19881	0.01455	0.02925	0.00974	0.01077	0.00733	0.00590	0.00423	0.00182	0.00506	0.00374	0.00423	0.00733
8	0.00837	0.00760	0.00880	0.00820	0.00973	0.00803	0.00645	0.00982	0.01245	0.01557	0.04783	0.04672	0.58023	0.01391	0.00987	0.00213	0.18334	0.01079	0.00482	0.00533
9	0.01822	0.01378	0.01464	0.01171	0.01568	0.01493	0.00951	0.50589	0.08679	0.03125	0.02565	0.02478	0.18287	0.00900	0.00617	0.00185	0.00553	0.00710	0.00583	0.00882
10	0.01294	0.01294	0.01811	0.01553	0.01553	0.01811	0.01294	0.01423	0.00906	0.01423	0.00776	0.01294	0.00776	0.01035	0.01941	0.00259	0.78134	0.00518	0.00259	0.00647
11	0.01558	0.01374	0.02097	0.21840	0.40401	0.01481	0.01611	0.18361	0.01637	0.02242	0.01168	0.01482	0.00915	0.00586	0.00588	0.00181	0.00712	0.00528	0.00354	0.00882
12	0.00704	0.00580	0.00619	0.00651	0.00812	0.00495	0.00472	0.00843	0.01298	0.01577	0.05358	0.22638	0.58750	0.01580	0.00712	0.00209	0.00310	0.01348	0.00549	0.00495
13	0.20455	0.01118	0.01196	0.01102	0.01404	0.01234	0.00921	0.19888	0.12003	0.02569	0.02061	0.03388	0.01931	0.01031	0.00625	0.00217	0.00540	0.27053	0.00523	0.00739
14	0.01297	0.24585	0.55600	0.01496	0.02266	0.01645	0.01855	0.01844	0.01235	0.01737	0.00994	0.01164	0.00752	0.00546	0.00511	0.00170	0.00806	0.00403	0.00251	0.00842
15	0.01379	0.01292	0.02074	0.09438	0.52141	0.01254	0.01542	0.01713	0.01304	0.01894	0.01093	0.01418	0.00910	0.00512	0.00552	0.00157	0.00649	0.00486	0.00303	0.19888
16	0.01406	0.01346	0.02297	0.15919	0.63687	0.01390	0.01786	0.01765	0.01319	0.01862	0.01102	0.01482	0.00912	0.00538	0.00586	0.00179	0.00717	0.00527	0.00288	0.00890
17	0.02047	0.02275	0.01804	0.01958	0.18866	0.49893	0.01267	0.02310	0.04370	0.08073	0.01140	0.01284	0.00903	0.00608	0.00553	0.00162	0.00910	0.00444	0.00350	0.00781
18	0.01415	0.01107	0.01371	0.01089	0.01444	0.01102	0.00879	0.01800	0.09702	0.10336	0.01376	0.04398	0.01144	0.00706	0.00835	0.00157	0.18448	0.00505	0.00410	0.41778
19	0.01182	0.00987	0.01117	0.00850	0.01285	0.00806	0.00675	0.07595	0.01402	0.02019	0.04229	0.02364	0.18256	0.00728	0.00519	0.00124	0.00420	0.00594	0.00426	0.54423
20	0.11500	0.01696	0.01516	0.01249	0.01647	0.18924	0.01000	0.30054	0.06344	0.13685	0.03358	0.01576	0.01177	0.00700	0.00557	0.00175	0.00678	0.01600	0.00518	0.02046
21	0.33263	0.00854	0.00828	0.00794	0.00992	0.00923	0.00580	0.03317	0.03905	0.04082	0.06568	0.18984	0.02105	0.19124	0.01107	0.00287	0.00455	0.00818	0.00448	0.00566
22	0.01401	0.47868	0.15298	0.01023	0.01508	0.01756	0.01079	0.01698	0.01219	0.01664	0.01121	0.01292	0.00933	0.00558	0.00419	0.00140	0.00592	0.00392	0.19309	0.00731
23	0.02281	0.00984	0.01754	0.01407	0.01724	0.00913	0.27324	0.01393	0.02389	0.05306	0.05577	0.22433	0.19188	0.01155	0.00706	0.00211	0.00589	0.03560	0.00468	0.00640
24	0.01085	0.00832	0.01245	0.01089	0.01275	0.00833	0.12641	0.07474	0.01311	0.01889	0.02236	0.31848	0.02335	0.08736	0.00908	0.00237	0.02925	0.01040	0.19472	0.00588
25	0.03350	0.02084	0.08035	0.01359	0.01766	0.34651	0.01133	0.13014	0.05843	0.18312	0.01470	0.03845	0.01107	0.00696	0.00566	0.00172	0.00799	0.00511	0.00462	0.00827
26	0.06862	0.01173	0.01243	0.01113	0.02984	0.06204	0.00861	0.12282	0.17732	0.08855	0.20527	0.02739	0.02517	0.00890	0.00609	0.00185	0.00498	0.06040	0.00561	0.06124
27	0.01075	0.00906	0.01190	0.01114	0.01244	0.01107	0.00875	0.01595	0.17980	0.01638	0.01706	0.06029	0.01558	0.05201	0.37816	0.00589	0.16676	0.00679	0.00384	0.00639
28	0.09833	0.12536	0.35319	0.01417	0.02049	0.08162	0.01540	0.18498	0.01610	0.02281	0.01076	0.01204	0.00800	0.00592	0.00523	0.00174	0.00766	0.00427	0.00346	0.00850
29	0.12289	0.00750	0.00870	0.00853	0.01025	0.00752	0.00630	0.07135	0.01423	0.06915	0.20380	0.37445	0.04601	0.01344	0.00663	0.00210	0.00378	0.01173	0.00564	0.00599

[dist]
# distance from previous block
# <min> <max>
5	9

[block]
# block no. 1 follows, 39 sequences, length 12
# corresponding to MSA columns:
# 383-394
name=unknown_B
#
# <colnr> <probs for GDERKNQSTAVLIFYWHMCP>
#	G	D	E	R	K	N	Q	S	T	A	V	L	I	F	Y	W	H	M	C	P
0	0.25774	0.01350	0.01249	0.00989	0.01440	0.08969	0.00789	0.09453	0.01396	0.02316	0.01043	0.01199	0.00840	0.00541	0.00458	0.00139	0.00544	0.00376	0.00388	0.40749
1	0.01674	0.01145	0.01293	0.01090	0.01419	0.01181	0.00880	0.33759	0.02067	0.10389	0.09847	0.07464	0.15738	0.01088	0.00669	0.00202	0.00517	0.08165	0.00607	0.00807
2	0.01403	0.01217	0.01345	0.01155	0.01414	0.06816	0.00900	0.15733	0.01503	0.02064	0.01736	0.23778	0.01785	0.01049	0.00863	0.00193	0.15047	0.00817	0.00447	0.20734
3	0.09791	0.00960	0.01079	0.00997	0.01188	0.01043	0.00748	0.22011	0.01557	0.02230	0.02200	0.36737	0.02385	0.08860	0.00952	0.00249	0.04795	0.01063	0.00508	0.00646
4	0.01511	0.01337	0.02097	0.40518	0.03211	0.01505	0.14986	0.23362	0.01706	0.02253	0.01190	0.01533	0.00875	0.00610	0.00611	0.00192	0.00786	0.00560	0.00369	0.00789
5	0.01092	0.00978	0.01401	0.01902	0.29774	0.03257	0.01053	0.01369	0.03821	0.01796	0.10120	0.24774	0.12040	0.03037	0.00719	0.00208	0.00502	0.01020	0.00450	0.00686
6	0.00812	0.00600	0.00754	0.00847	0.00913	0.00592	0.00575	0.01075	0.08740	0.01608	0.05159	0.63097	0.03609	0.07520	0.00906	0.00259	0.00371	0.01497	0.00543	0.00521
7	0.09875	0.01987	0.02149	0.01687	0.02129	0.27356	0.22001	0.21467	0.01829	0.02312	0.01124	0.01305	0.00855	0.00599	0.00580	0.00176	0.00874	0.00508	0.00387	0.00800
8	0.10178	0.13280	0.29313	0.01404	0.01985	0.16753	0.01454	0.15259	0.01587	0.02145	0.01040	0.01172	0.00789	0.00590	0.00516	0.00169	0.00794	0.00414	0.00337	0.00820
9	0.01445	0.01231	0.01638	0.01227	0.01706	0.01125	0.11353	0.17142	0.04906	0.02305	0.01379	0.07180	0.01177	0.00628	0.00540	0.00140	0.00559	0.00554	0.00421	0.43345
10	0.01251	0.01606	0.16797	0.26048	0.03050	0.01329	0.28161	0.03327	0.01272	0.01729	0.01113	0.01537	0.00849	0.00693	0.00788	0.08022	0.00853	0.00571	0.00281	0.00721
11	0.09151	0.01327	0.02204	0.02966	0.54165	0.01325	0.09003	0.01728	0.01320	0.01966	0.01538	0.01814	0.07671	0.00614	0.00587	0.00181	0.00673	0.00591	0.00324	0.00854

[dist]
# distance from previous block
# <min> <max>
8	16

[block]
# block no. 2 follows, 39 sequences, length 11
# corresponding to MSA columns:
# 416-426
name=unknown_C
#
# <colnr> <probs for GDERKNQSTAVLIFYWHMCP>
#	G	D	E	R	K	N	Q	S	T	A	V	L	I	F	Y	W	H	M	C	P
0	0.01990	0.01237	0.01424	0.01151	0.01565	0.01281	0.00928	0.19591	0.26112	0.26079	0.04694	0.01964	0.01574	0.00745	0.00588	0.00180	0.00513	0.00603	0.00624	0.07155
1	0.01615	0.35810	0.22180	0.01259	0.01838	0.01829	0.01322	0.10959	0.09423	0.06725	0.01230	0.01293	0.00946	0.00593	0.00493	0.00161	0.00673	0.00432	0.00363	0.00856
2	0.25221	0.01301	0.05117	0.01034	0.01383	0.05413	0.00865	0.17205	0.06342	0.07186	0.15433	0.07467	0.02028	0.00834	0.00554	0.00186	0.00516	0.00654	0.00510	0.00749
3	0.01678	0.51752	0.12550	0.01187	0.01728	0.04875	0.01195	0.15406	0.01525	0.01900	0.00971	0.01082	0.00804	0.00556	0.00450	0.00145	0.00684	0.00376	0.00319	0.00818
4	0.01486	0.01202	0.01356	0.01018	0.01503	0.01087	0.00818	0.19934	0.06108	0.02406	0.01298	0.03780	0.01062	0.00574	0.00497	0.00122	0.00491	0.00458	0.00434	0.54367
5	0.01890	0.02099	0.01534	0.01351	0.01630	0.44685	0.01040	0.13755	0.01802	0.01995	0.15064	0.01776	0.01716	0.00770	0.00675	0.00170	0.06378	0.00546	0.00414	0.00711
6	0.00708	0.00562	0.00637	0.00697	0.00824	0.00491	0.00493	0.00838	0.01254	0.01559	0.04804	0.37467	0.44278	0.01652	0.00723	0.00217	0.00318	0.01436	0.00549	0.00491
7	0.00894	0.00618	0.00875	0.00875	0.00986	0.00704	0.00677	0.01117	0.01005	0.01530	0.01649	0.02301	0.01486	0.03726	0.62388	0.00796	0.01336	0.00618	0.15886	0.00532
8	0.01163	0.00857	0.00961	0.00812	0.01013	0.00820	0.00560	0.12193	0.01245	0.01735	0.01596	0.02845	0.01662	0.47842	0.02008	0.00393	0.00552	0.00685	0.00392	0.20665
9	0.00747	0.00526	0.00678	0.00790	0.00817	0.00498	0.00513	0.00830	0.01081	0.01441	0.02995	0.64630	0.03578	0.16509	0.01182	0.00303	0.00387	0.01526	0.00513	0.00457
10	0.00734	0.00599	0.00650	0.00652	0.00831	0.00515	0.00490	0.00910	0.01401	0.01746	0.18897	0.08644	0.56726	0.01463	0.00705	0.00201	0.00305	0.03452	0.00568	0.00511

[dist]
# distance from previous block
# <min> <max>
0	3

[block]
# block no. 3 follows, 39 sequences, length 38
# corresponding to MSA columns:
# 430-467
name=unknown_D
#
# <colnr> <probs for GDERKNQSTAVLIFYWHMCP>
#	G	D	E	R	K	N	Q	S	T	A	V	L	I	F	Y	W	H	M	C	P
0	0.00927	0.00567	0.00619	0.00619	0.00657	0.00567	0.00374	0.01003	0.00965	0.01439	0.01882	0.03409	0.01975	0.57487	0.02291	0.00453	0.00491	0.00775	0.23088	0.00412
1	0.00894	0.00586	0.00841	0.00846	0.00902	0.00640	0.00607	0.00937	0.00892	0.01244	0.01533	0.05013	0.01547	0.16125	0.41393	0.23511	0.01078	0.00673	0.00315	0.00423
2	0.00944	0.00724	0.00900	0.00974	0.01120	0.00737	0.00771	0.01396	0.14092	0.01794	0.03349	0.28249	0.10941	0.01542	0.00747	0.00242	0.00442	0.29891	0.00556	0.00588
3	0.00721	0.00515	0.00686	0.00823	0.00858	0.00480	0.00549	0.00823	0.01132	0.01510	0.03259	0.78831	0.03911	0.01853	0.00755	0.00240	0.00343	0.01681	0.00549	0.00480
4	0.02220	0.02497	0.01703	0.01478	0.01830	0.56087	0.01137	0.22062	0.01982	0.02078	0.01054	0.01164	0.00829	0.00637	0.00549	0.00159	0.00951	0.00423	0.00384	0.00774
5	0.04522	0.01073	0.01127	0.01032	0.01275	0.01217	0.00765	0.02456	0.51207	0.02114	0.02194	0.02618	0.01855	0.22490	0.01259	0.00303	0.00497	0.00708	0.00525	0.00765
6	0.23597	0.00689	0.00737	0.00811	0.00937	0.00715	0.00574	0.01077	0.01097	0.01826	0.02585	0.57283	0.03006	0.01492	0.00647	0.00224	0.00375	0.01305	0.00498	0.00525
7	0.01806	0.01731	0.01507	0.01314	0.01668	0.20339	0.01024	0.16632	0.42378	0.02461	0.01843	0.01769	0.01390	0.00736	0.00583	0.00184	0.00653	0.00570	0.00526	0.00887
8	0.02002	0.01534	0.01637	0.01311	0.01740	0.01719	0.01065	0.51304	0.25432	0.03331	0.01732	0.01668	0.01258	0.00739	0.00595	0.00185	0.00593	0.00575	0.00595	0.00984
9	0.02216	0.02606	0.01694	0.01494	0.01829	0.63115	0.01139	0.15391	0.01878	0.01865	0.01007	0.01131	0.00806	0.00628	0.00544	0.00157	0.00990	0.00409	0.00357	0.00744
10	0.01029	0.00783	0.01029	0.01030	0.01274	0.00710	0.00883	0.01298	0.01324	0.01813	0.02556	0.05164	0.02704	0.01303	0.00712	0.00221	0.00515	0.51846	0.00491	0.23314
11	0.02175	0.01384	0.01559	0.01238	0.01674	0.01480	0.01009	0.37189	0.19592	0.23409	0.01908	0.01772	0.01323	0.00738	0.00595	0.00185	0.00566	0.00582	0.00633	0.00989
12	0.01744	0.01432	0.02904	0.02094	0.02653	0.01322	0.53315	0.02168	0.01478	0.22383	0.01511	0.01711	0.01054	0.00563	0.00669	0.00195	0.00860	0.00669	0.00419	0.00855
13	0.00759	0.00531	0.00675	0.00774	0.00799	0.00506	0.00496	0.00834	0.01057	0.01409	0.02873	0.58088	0.03424	0.23260	0.01379	0.00332	0.00407	0.01454	0.00496	0.00447
14	0.01294	0.01294	0.01811	0.01553	0.01553	0.01811	0.01294	0.01423	0.00906	0.01423	0.00776	0.01294	0.00776	0.01035	0.01941	0.00259	0.78134	0.00518	0.00259	0.00647
15	0.02359	0.01514	0.01660	0.01281	0.01744	0.03977	0.01054	0.51712	0.02444	0.23635	0.01656	0.01573	0.01125	0.00713	0.00591	0.00178	0.00623	0.00545	0.00621	0.00996
16	0.01290	0.01184	0.01955	0.02831	0.54873	0.01171	0.01467	0.01622	0.01437	0.02054	0.21617	0.02281	0.02222	0.00716	0.00616	0.00179	0.00585	0.00677	0.00392	0.00832
17	0.00975	0.00803	0.01090	0.01004	0.01104	0.00918	0.00803	0.01212	0.01429	0.02046	0.47109	0.03788	0.04024	0.01205	0.01054	0.00215	0.21850	0.08258	0.00531	0.00581
18	0.01337	0.57720	0.02407	0.00898	0.01319	0.01831	0.00856	0.01516	0.01242	0.01448	0.02252	0.02261	0.21382	0.00780	0.00468	0.00147	0.00540	0.00574	0.00335	0.00687
19	0.01255	0.00651	0.00876	0.00887	0.01038	0.00588	0.00638	0.01393	0.01287	0.22104	0.03003	0.57574	0.03234	0.01543	0.00711	0.00224	0.00387	0.01381	0.00600	0.00626
20	0.00721	0.00515	0.00686	0.00823	0.00858	0.00480	0.00549	0.00823	0.01132	0.01510	0.03259	0.78831	0.03911	0.01853	0.00755	0.00240	0.00343	0.01681	0.00549	0.00480
21	0.01852	0.01448	0.01728	0.22494	0.02422	0.01651	0.01247	0.46118	0.09976	0.02980	0.01423	0.01547	0.01031	0.00687	0.00593	0.00185	0.00669	0.00545	0.00502	0.00902
22	0.00860	0.00663	0.00836	0.00838	0.01008	0.00566	0.00591	0.01008	0.01158	0.01625	0.02648	0.57357	0.03071	0.01461	0.00667	0.00198	0.00369	0.01313	0.00494	0.23268
23	0.01186	0.03059	0.76153	0.01686	0.02560	0.01373	0.02185	0.01873	0.01249	0.01873	0.01061	0.01249	0.00749	0.00562	0.00562	0.00187	0.00874	0.00437	0.00250	0.00874
24	0.00934	0.01284	0.21644	0.01005	0.01347	0.00784	0.01008	0.01325	0.01556	0.02234	0.54696	0.03541	0.04243	0.01030	0.00660	0.00186	0.00444	0.00894	0.00540	0.00645
25	0.04670	0.01504	0.02115	0.01619	0.02083	0.01587	0.21076	0.41084	0.04665	0.02931	0.01554	0.02039	0.01246	0.00747	0.00638	0.00195	0.00722	0.08142	0.00498	0.00884
26	0.01117	0.01051	0.01774	0.77795	0.04073	0.01314	0.01642	0.01511	0.01182	0.01511	0.01051	0.01577	0.00788	0.00591	0.00591	0.00197	0.00788	0.00526	0.00263	0.00657
27	0.23587	0.00750	0.00681	0.00654	0.00898	0.00731	0.00506	0.01105	0.01266	0.01920	0.07282	0.04332	0.51892	0.01224	0.00607	0.00195	0.00342	0.00984	0.00502	0.00541
28	0.01793	0.01295	0.02116	0.02917	0.55046	0.01257	0.01553	0.02110	0.01442	0.22410	0.01450	0.01616	0.01083	0.00584	0.00588	0.00178	0.00647	0.00546	0.00414	0.00956
29	0.24135	0.01333	0.01977	0.02841	0.54945	0.01383	0.01490	0.01794	0.01252	0.02132	0.01032	0.01324	0.00855	0.00533	0.00525	0.00178	0.00635	0.00470	0.00313	0.00855
30	0.24081	0.01445	0.02626	0.01987	0.04386	0.01467	0.46624	0.01818	0.01255	0.02075	0.01063	0.01396	0.00819	0.00548	0.00684	0.00198	0.05888	0.00577	0.00315	0.00748
31	0.00900	0.00592	0.00710	0.00687	0.00832	0.00554	0.00520	0.01164	0.01508	0.02222	0.45066	0.04019	0.11807	0.01111	0.00623	0.00177	0.00289	0.03384	0.23285	0.00549
32	0.02135	0.01697	0.01857	0.01692	0.12236	0.06682	0.01223	0.58770	0.02506	0.03324	0.01343	0.01403	0.00980	0.00678	0.00587	0.00176	0.00685	0.00522	0.00531	0.00975
33	0.01262	0.01072	0.01245	0.00893	0.01417	0.00825	0.00715	0.03996	0.01280	0.01990	0.01064	0.01233	0.00880	0.00447	0.00443	0.00091	0.00445	0.00357	0.00359	0.79985
34	0.02020	0.01181	0.01429	0.01161	0.01563	0.01212	0.02840	0.13430	0.26734	0.32732	0.04674	0.02198	0.04484	0.00791	0.00607	0.00189	0.00511	0.00654	0.00645	0.00943
35	0.01213	0.05462	0.52595	0.01435	0.02199	0.01249	0.01729	0.01763	0.01241	0.01869	0.01049	0.01231	0.00785	0.00525	0.00521	0.00157	0.00744	0.00408	0.00278	0.23548
36	0.00954	0.00697	0.00921	0.04340	0.01202	0.00697	0.00787	0.04272	0.02652	0.01990	0.22990	0.15596	0.06552	0.01412	0.00734	0.00228	0.00438	0.29767	0.03199	0.00569
37	0.00842	0.00608	0.00798	0.00759	0.00899	0.00563	0.00576	0.01121	0.01660	0.02345	0.72014	0.04518	0.05483	0.01228	0.00703	0.00190	0.00291	0.04200	0.00646	0.00557

[dist]
# distance from previous block
# <min> <max>
0	3

[block]
# block no. 4 follows, 39 sequences, length 11
# corresponding to MSA columns:
# 471-481
name=unknown_E
#
# <colnr> <probs for GDERKNQSTAVLIFYWHMCP>
#	G	D	E	R	K	N	Q	S	T	A	V	L	I	F	Y	W	H	M	C	P
0	0.01353	0.01486	0.03107	0.15560	0.09059	0.01457	0.55288	0.01822	0.01355	0.01831	0.01165	0.01581	0.00882	0.00517	0.00671	0.00197	0.00937	0.00655	0.00292	0.00785
1	0.01226	0.01051	0.01226	0.00876	0.01401	0.00788	0.00701	0.01489	0.01226	0.01927	0.01051	0.01226	0.00876	0.00438	0.00438	0.00088	0.00438	0.00350	0.00350	0.82832
2	0.01226	0.01051	0.01226	0.00876	0.01401	0.00788	0.00701	0.01489	0.01226	0.01927	0.01051	0.01226	0.00876	0.00438	0.00438	0.00088	0.00438	0.00350	0.00350	0.82832
3	0.01226	0.01051	0.01226	0.00876	0.01401	0.00788	0.00701	0.01489	0.01226	0.01927	0.01051	0.01226	0.00876	0.00438	0.00438	0.00088	0.00438	0.00350	0.00350	0.82832
4	0.01376	0.02793	0.66474	0.01604	0.02424	0.01308	0.02015	0.02003	0.01306	0.11459	0.01226	0.01347	0.00842	0.00584	0.00566	0.00187	0.00826	0.00457	0.00312	0.00891
5	0.00829	0.00618	0.00916	0.00934	0.01030	0.00706	0.00715	0.01026	0.00974	0.01391	0.01801	0.12226	0.01793	0.04101	0.67021	0.00858	0.01423	0.00769	0.00347	0.00522
6	0.01214	0.01269	0.02538	0.01925	0.02346	0.01211	0.47337	0.01697	0.07172	0.01834	0.01867	0.23111	0.01808	0.00899	0.00706	0.00211	0.00773	0.00969	0.00393	0.00721
7	0.00721	0.00515	0.00686	0.00823	0.00858	0.00480	0.00549	0.00823	0.01132	0.01510	0.03259	0.78831	0.03911	0.01853	0.00755	0.00240	0.00343	0.01681	0.00549	0.00480
8	0.01561	0.01250	0.01340	0.01192	0.01536	0.01425	0.00931	0.03123	0.68931	0.08055	0.02401	0.02192	0.01779	0.00797	0.00601	0.00199	0.00471	0.00663	0.00612	0.00941
9	0.02520	0.01302	0.01494	0.01164	0.01613	0.06800	0.00952	0.20263	0.01960	0.52556	0.02002	0.01796	0.01298	0.00717	0.00589	0.00179	0.00582	0.00563	0.00665	0.00982
10	0.02170	0.12860	0.04186	0.01119	0.01577	0.01302	0.00967	0.15539	0.06488	0.39048	0.01906	0.05005	0.01361	0.00733	0.00564	0.00175	0.00551	0.00581	0.00592	0.03276

[dist]
# distance from previous block
# <min> <max>
0	2

[block]
# block no. 5 follows, 39 sequences, length 16
# corresponding to MSA columns:
# 484-499
name=unknown_F
#
# <colnr> <probs for GDERKNQSTAVLIFYWHMCP>
#	G	D	E	R	K	N	Q	S	T	A	V	L	I	F	Y	W	H	M	C	P
0	0.01186	0.03059	0.76153	0.01686	0.02560	0.01373	0.02185	0.01873	0.01249	0.01873	0.01061	0.01249	0.00749	0.00562	0.00562	0.00187	0.00874	0.00437	0.00250	0.00874
1	0.00805	0.00629	0.00918	0.17251	0.01544	0.00658	0.00782	0.00970	0.01143	0.01510	0.02788	0.62343	0.03245	0.01584	0.00720	0.00231	0.00438	0.01435	0.00488	0.00518
2	0.01559	0.01465	0.02111	0.19034	0.46557	0.10054	0.01634	0.01888	0.01374	0.07000	0.01162	0.01481	0.00922	0.00565	0.00581	0.00178	0.00749	0.00515	0.00319	0.00853
3	0.01327	0.01451	0.02965	0.18475	0.03155	0.01487	0.51254	0.01768	0.01304	0.01768	0.01126	0.01563	0.00863	0.00569	0.00793	0.00205	0.08245	0.00644	0.00288	0.00753
4	0.00719	0.00576	0.00644	0.00687	0.00832	0.00501	0.00498	0.00865	0.01300	0.01616	0.08662	0.27620	0.48358	0.01593	0.00719	0.00213	0.00318	0.03226	0.00554	0.00498
5	0.00961	0.00638	0.00864	0.00912	0.01046	0.00607	0.00727	0.01197	0.01439	0.06172	0.27817	0.21032	0.04147	0.01483	0.00750	0.00231	0.00408	0.28416	0.00593	0.00562
6	0.01288	0.41416	0.22905	0.01159	0.01667	0.01674	0.01239	0.01597	0.01200	0.01551	0.01409	0.17654	0.01429	0.00809	0.00510	0.00168	0.00638	0.00641	0.00315	0.00731
7	0.01329	0.01457	0.03001	0.18496	0.03188	0.01480	0.52803	0.01778	0.01314	0.01778	0.01135	0.01569	0.00865	0.00557	0.00766	0.00203	0.06587	0.00648	0.00288	0.00757
8	0.01858	0.01442	0.01561	0.01222	0.01676	0.01531	0.00992	0.42624	0.18279	0.03066	0.01559	0.01552	0.01155	0.00672	0.00561	0.00163	0.00565	0.00524	0.00542	0.18454
9	0.01632	0.01012	0.01197	0.01053	0.01335	0.01033	0.00817	0.22188	0.07564	0.18112	0.02562	0.30204	0.04856	0.01187	0.00661	0.00206	0.00478	0.02517	0.00604	0.00781
10	0.02134	0.01572	0.01681	0.01308	0.01754	0.01742	0.01074	0.64876	0.07751	0.03560	0.01516	0.01516	0.01088	0.00715	0.00583	0.00177	0.00619	0.00543	0.04813	0.00977
11	0.36387	0.01164	0.01565	0.01215	0.01646	0.01178	0.16222	0.02102	0.01314	0.24966	0.01430	0.01490	0.00998	0.00602	0.00510	0.00184	0.00576	0.00498	0.05172	0.00781
12	0.78558	0.01135	0.00899	0.00794	0.01166	0.01299	0.00654	0.01807	0.01048	0.07042	0.00914	0.01024	0.00690	0.00560	0.00380	0.00183	0.00460	0.00337	0.00388	0.00662
13	0.01360	0.45837	0.18775	0.01177	0.01685	0.01772	0.01258	0.01677	0.01246	0.01578	0.01368	0.02236	0.01321	0.00759	0.00513	0.00171	0.00667	0.15546	0.00314	0.00739
14	0.00721	0.00515	0.00686	0.00823	0.00858	0.00480	0.00549	0.00823	0.01132	0.01510	0.03259	0.78831	0.03911	0.01853	0.00755	0.00240	0.00343	0.01681	0.00549	0.00480
15	0.14145	0.00969	0.01181	0.00985	0.01340	0.00924	0.00786	0.07436	0.01551	0.43946	0.02241	0.18209	0.01831	0.00943	0.00595	0.00195	0.00473	0.00781	0.00629	0.00840

[dist]
# distance from previous block
# <min> <max>
0	2

[block]
# block no. 6 follows, 39 sequences, length 15
# corresponding to MSA columns:
# 502-516
name=unknown_G
#
# <colnr> <probs for GDERKNQSTAVLIFYWHMCP>
#	G	D	E	R	K	N	Q	S	T	A	V	L	I	F	Y	W	H	M	C	P
0	0.01102	0.00551	0.00551	0.00551	0.00689	0.00551	0.00413	0.01378	0.01240	0.02205	0.01929	0.02205	0.01516	0.00689	0.00413	0.00138	0.00276	0.00551	0.82500	0.00551
1	0.01452	0.01252	0.01868	0.52067	0.03386	0.01471	0.05411	0.21910	0.01646	0.02159	0.01163	0.01533	0.00856	0.00620	0.00597	0.00192	0.00761	0.00537	0.00358	0.00763
2	0.00933	0.00728	0.00870	0.00931	0.01050	0.00761	0.00658	0.01479	0.21873	0.01782	0.03018	0.57158	0.03316	0.01556	0.00712	0.00229	0.00378	0.01395	0.00564	0.00609
3	0.00721	0.00515	0.00686	0.00823	0.00858	0.00480	0.00549	0.00823	0.01132	0.01510	0.03259	0.78831	0.03911	0.01853	0.00755	0.00240	0.00343	0.01681	0.00549	0.00480
4	0.00801	0.00576	0.00758	0.00769	0.00875	0.00534	0.00555	0.01025	0.01505	0.02102	0.52741	0.27660	0.05059	0.01410	0.00715	0.00203	0.00299	0.01261	0.00619	0.00534
5	0.01336	0.01405	0.02647	0.01922	0.02428	0.01334	0.44138	0.01723	0.01289	0.01847	0.01105	0.01455	0.00877	0.00546	0.00774	0.00175	0.10132	0.00578	0.00309	0.23983
6	0.00721	0.00515	0.00686	0.00823	0.00858	0.00480	0.00549	0.00823	0.01132	0.01510	0.03259	0.78831	0.03911	0.01853	0.00755	0.00240	0.00343	0.01681	0.00549	0.00480
7	0.00907	0.00556	0.00680	0.00680	0.00680	0.00556	0.00402	0.00835	0.00835	0.01113	0.01627	0.03284	0.01832	0.57392	0.02812	0.23829	0.00556	0.00762	0.00330	0.00330
8	0.01630	0.01038	0.01268	0.00926	0.01432	0.00811	0.00748	0.01883	0.01358	0.22861	0.01414	0.01449	0.01042	0.00521	0.00482	0.00115	0.00456	0.00419	0.00458	0.59688
9	0.01197	0.02491	0.54960	0.01457	0.02232	0.01208	0.01765	0.01764	0.01242	0.01888	0.01058	0.01242	0.00785	0.00527	0.00527	0.00159	0.00751	0.00412	0.00278	0.24055
10	0.00760	0.00531	0.00675	0.00773	0.00798	0.00507	0.00495	0.00834	0.01055	0.01407	0.02865	0.57628	0.03413	0.23735	0.01393	0.00334	0.00408	0.01449	0.00495	0.00446
11	0.01253	0.00880	0.00965	0.00847	0.00981	0.00930	0.00575	0.21422	0.01403	0.01877	0.01738	0.03177	0.01826	0.57011	0.02326	0.00461	0.00595	0.00767	0.00424	0.00541
12	0.04950	0.01640	0.01795	0.01614	0.10675	0.04898	0.01183	0.56322	0.05650	0.03323	0.01384	0.01429	0.01010	0.00682	0.00581	0.00177	0.00660	0.00524	0.00536	0.00968
13	0.01899	0.38360	0.05780	0.01167	0.01666	0.01919	0.01081	0.24780	0.04985	0.11184	0.01275	0.01296	0.00968	0.00614	0.00491	0.00156	0.00627	0.00440	0.00433	0.00880
14	0.04894	0.08506	0.01512	0.06309	0.08788	0.01252	0.00960	0.21782	0.01837	0.02554	0.30302	0.04320	0.02808	0.00880	0.00607	0.00179	0.00502	0.00739	0.00521	0.00749

[dist]
# distance from previous block
# <min> <max>
0	2

[block]
# block no. 7 follows, 39 sequences, length 6
# corresponding to MSA columns:
# 519-524
name=unknown_H
#
# <colnr> <probs for GDERKNQSTAVLIFYWHMCP>
#	G	D	E	R	K	N	Q	S	T	A	V	L	I	F	Y	W	H	M	C	P
0	0.10187	0.32393	0.39845	0.01328	0.02005	0.01742	0.01566	0.01819	0.01204	0.01771	0.00943	0.01102	0.00741	0.00539	0.00470	0.00163	0.00736	0.00378	0.00263	0.00804
1	0.00964	0.00647	0.00752	0.00706	0.00837	0.00614	0.00481	0.01102	0.01039	0.01574	0.01822	0.08424	0.01853	0.34176	0.09765	0.00408	0.00573	0.00741	0.19853	0.13670
2	0.01969	0.01496	0.01517	0.01203	0.01589	0.08002	0.00954	0.45662	0.02188	0.07584	0.01477	0.01805	0.01187	0.13283	0.00963	0.00232	0.00649	0.00562	0.00520	0.07158
3	0.07370	0.01120	0.01715	0.52524	0.03209	0.01442	0.01478	0.01506	0.01099	0.01575	0.00964	0.01458	0.00774	0.00701	0.00919	0.00212	0.20506	0.00508	0.00270	0.00653
4	0.41223	0.11076	0.05332	0.01067	0.01477	0.12929	0.00921	0.10484	0.06783	0.02392	0.01037	0.01137	0.00808	0.00591	0.00447	0.00172	0.00616	0.00386	0.00381	0.00739
5	0.01179	0.13235	0.00960	0.00625	0.00822	0.00838	0.00509	0.01441	0.01234	0.02074	0.01751	0.02003	0.01394	0.00660	0.00408	0.00136	0.00333	0.00513	0.69298	0.00585

[dist]
# distance from previous block
# <min> <max>
0	4

[block]
# block no. 8 follows, 39 sequences, length 44
# corresponding to MSA columns:
# 529-572
name=unknown_I
#
# <colnr> <probs for GDERKNQSTAVLIFYWHMCP>
#	G	D	E	R	K	N	Q	S	T	A	V	L	I	F	Y	W	H	M	C	P
0	0.00886	0.00615	0.00785	0.00847	0.00909	0.00619	0.00624	0.01011	0.01078	0.01426	0.02431	0.09764	0.02713	0.39623	0.06342	0.00457	0.00606	0.28376	0.00441	0.00449
1	0.02176	0.01164	0.01401	0.01111	0.01523	0.01149	0.00902	0.23766	0.06708	0.38182	0.03891	0.07100	0.04132	0.00833	0.00606	0.00184	0.00520	0.00679	0.00650	0.03321
2	0.01944	0.01237	0.01276	0.01103	0.01413	0.12516	0.00855	0.13118	0.01691	0.31102	0.02252	0.24770	0.02018	0.01045	0.00633	0.00195	0.00564	0.00878	0.00590	0.00800
3	0.25988	0.01327	0.01942	0.02776	0.53262	0.01382	0.01463	0.01792	0.01245	0.02148	0.01026	0.01313	0.00848	0.00534	0.00520	0.00178	0.00629	0.00465	0.00315	0.00848
4	0.01096	0.00964	0.01543	0.48696	0.06506	0.01134	0.01420	0.01496	0.03768	0.01641	0.01723	0.03118	0.01613	0.00908	0.00659	0.00219	0.00700	0.21789	0.00360	0.00646
5	0.01688	0.01807	0.02019	0.02624	0.42023	0.23996	0.01478	0.02184	0.12754	0.01871	0.01253	0.01460	0.01019	0.00594	0.00572	0.00173	0.00775	0.00505	0.00344	0.00861
6	0.00950	0.00745	0.00885	0.00934	0.01062	0.00780	0.00665	0.01530	0.23104	0.01835	0.06034	0.52761	0.03351	0.01511	0.00707	0.00226	0.00378	0.01352	0.00569	0.00620
7	0.01164	0.07294	0.48817	0.01368	0.01956	0.01179	0.01608	0.01536	0.01102	0.01588	0.01035	0.01393	0.00833	0.01005	0.01074	0.24910	0.00750	0.00452	0.00252	0.00682
8	0.02236	0.02004	0.01745	0.01409	0.01832	0.24286	0.01130	0.52245	0.02450	0.03045	0.01268	0.01314	0.00933	0.00680	0.00574	0.00170	0.00775	0.00487	0.00506	0.00910
9	0.00721	0.00515	0.00686	0.00823	0.00858	0.00480	0.00549	0.00823	0.01132	0.01510	0.03259	0.78831	0.03911	0.01853	0.00755	0.00240	0.00343	0.01681	0.00549	0.00480
10	0.01262	0.01203	0.01613	0.01334	0.01494	0.01476	0.01101	0.01433	0.01003	0.01573	0.00880	0.01301	0.00825	0.00947	0.03500	0.00226	0.52825	0.00471	0.00288	0.25244
11	0.00721	0.00515	0.00686	0.00823	0.00858	0.00480	0.00549	0.00823	0.01132	0.01510	0.03259	0.78831	0.03911	0.01853	0.00755	0.00240	0.00343	0.01681	0.00549	0.00480
12	0.01418	0.01498	0.02845	0.02107	0.02626	0.01488	0.51695	0.02268	0.23266	0.02068	0.01559	0.01778	0.01169	0.00589	0.00669	0.00200	0.00839	0.00689	0.00390	0.00839
13	0.00762	0.00532	0.00674	0.00770	0.00794	0.00508	0.00492	0.00834	0.01051	0.01401	0.02842	0.56393	0.03384	0.25010	0.01430	0.00340	0.00412	0.01435	0.00492	0.00444
14	0.00743	0.00609	0.00704	0.00704	0.00876	0.00571	0.00536	0.00911	0.01229	0.01530	0.04672	0.04683	0.53194	0.02377	0.23500	0.00424	0.00684	0.01064	0.00480	0.00508
15	0.00998	0.00877	0.01415	0.52684	0.03020	0.01044	0.01282	0.01302	0.01169	0.01529	0.01736	0.24718	0.01743	0.00971	0.00635	0.00208	0.00641	0.00872	0.02553	0.00601
16	0.01975	0.04096	0.01610	0.01411	0.01734	0.50376	0.01077	0.04654	0.23483	0.01820	0.01374	0.01415	0.01081	0.00668	0.00552	0.00167	0.00865	0.00470	0.00401	0.00772
17	0.01032	0.00824	0.01066	0.01026	0.01200	0.00958	0.00798	0.01681	0.22954	0.01702	0.01830	0.02288	0.01576	0.03348	0.54043	0.00726	0.01250	0.00644	0.00402	0.00650
18	0.00916	0.00589	0.00719	0.00686	0.00825	0.00556	0.00515	0.01194	0.01544	0.02322	0.53279	0.03755	0.04363	0.01053	0.00612	0.00172	0.00278	0.00914	0.25151	0.00556
19	0.01082	0.02324	0.53594	0.01404	0.02058	0.01129	0.01698	0.01646	0.01376	0.02022	0.23258	0.02197	0.02195	0.00756	0.00602	0.00187	0.00696	0.00626	0.00370	0.00779
20	0.00956	0.00631	0.00829	0.00764	0.00924	0.00578	0.00578	0.01231	0.01675	0.07176	0.70455	0.04260	0.05311	0.01178	0.00691	0.00186	0.00294	0.01038	0.00656	0.00587
21	0.00929	0.00590	0.00736	0.00736	0.00820	0.00632	0.00525	0.01096	0.01012	0.01561	0.01774	0.02750	0.01691	0.25667	0.31249	0.00588	0.00879	0.00676	0.25604	0.00484
22	0.00845	0.00634	0.00950	0.00950	0.01056	0.00739	0.00739	0.01056	0.00950	0.01373	0.01584	0.02323	0.01478	0.04435	0.76873	0.00950	0.01584	0.00634	0.00317	0.00528
23	0.01110	0.00917	0.01096	0.00836	0.01246	0.00719	0.00658	0.01377	0.01360	0.02060	0.23251	0.02182	0.02284	0.00669	0.00516	0.00117	0.00390	0.00566	0.00440	0.58205
24	0.01755	0.01971	0.23916	0.01403	0.01946	0.02788	0.01379	0.41640	0.04271	0.02878	0.01515	0.09041	0.01236	0.00780	0.00598	0.00187	0.00689	0.00619	0.00481	0.00907
25	0.00796	0.00577	0.00751	0.00762	0.00872	0.00532	0.00551	0.01017	0.01498	0.02081	0.50762	0.26745	0.08016	0.01414	0.00715	0.00203	0.00299	0.01260	0.00616	0.00532
26	0.01361	0.01166	0.01820	0.04386	0.50178	0.02474	0.01380	0.01687	0.01317	0.01995	0.01352	0.01681	0.01104	0.00578	0.00533	0.00164	0.00583	0.00532	0.24899	0.00810
27	0.01553	0.32296	0.01973	0.01084	0.01424	0.22536	0.00916	0.03829	0.01521	0.01768	0.23133	0.02033	0.02210	0.00751	0.00524	0.00153	0.00648	0.00566	0.00396	0.00686
28	0.04948	0.01575	0.06884	0.01616	0.02078	0.05662	0.22701	0.05842	0.34508	0.02250	0.01709	0.01771	0.01284	0.00656	0.00608	0.00191	0.00693	0.00613	0.00452	0.03961
29	0.29498	0.01344	0.01269	0.01046	0.01451	0.11508	0.00847	0.06648	0.02724	0.35744	0.01581	0.01500	0.01071	0.00654	0.00510	0.00179	0.00573	0.00471	0.00541	0.00839
30	0.00866	0.00623	0.00763	0.00729	0.00837	0.00599	0.00510	0.01115	0.04484	0.01983	0.47808	0.04204	0.06796	0.24552	0.01386	0.00303	0.00376	0.00996	0.00558	0.00512
31	0.01027	0.00514	0.00770	0.00770	0.00770	0.00514	0.00514	0.00770	0.00770	0.01027	0.01027	0.01798	0.01027	0.02054	0.02311	0.82794	0.00514	0.00514	0.00257	0.00257
32	0.01416	0.01538	0.03164	0.02833	0.24773	0.01468	0.51958	0.01871	0.01381	0.01906	0.01171	0.01556	0.00909	0.00507	0.00664	0.00192	0.00909	0.00647	0.00297	0.00839
33	0.01824	0.01036	0.07756	0.00942	0.01305	0.00831	0.00828	0.02206	0.06269	0.36082	0.08413	0.02223	0.01794	0.00750	0.00547	0.00171	0.00447	0.00614	0.25149	0.00815
34	0.01165	0.02458	0.53889	0.24467	0.03013	0.01356	0.02023	0.01765	0.01229	0.01765	0.01058	0.01347	0.00761	0.00571	0.00571	0.00190	0.00848	0.00464	0.00254	0.00809
35	0.01213	0.00766	0.00786	0.00746	0.00943	0.00826	0.00570	0.01906	0.23157	0.02285	0.02072	0.02205	0.01602	0.00723	0.00470	0.00157	0.00333	0.00586	0.57985	0.00666
36	0.00721	0.00515	0.00686	0.00823	0.00858	0.00480	0.00549	0.00823	0.01132	0.01510	0.03259	0.78831	0.03911	0.01853	0.00755	0.00240	0.00343	0.01681	0.00549	0.00480
37	0.01148	0.00968	0.01143	0.00868	0.01317	0.00741	0.00677	0.01386	0.01212	0.01862	0.01393	0.13230	0.01345	0.00657	0.00487	0.00111	0.00423	0.00556	0.00381	0.70094
38	0.01651	0.01614	0.02976	0.02154	0.02715	0.01597	0.51752	0.23345	0.01810	0.02443	0.01263	0.01543	0.00930	0.00562	0.00666	0.00193	0.00893	0.00648	0.00387	0.00860
39	0.00952	0.00762	0.00877	0.00895	0.01054	0.00787	0.00650	0.01548	0.23163	0.01889	0.09853	0.37936	0.14470	0.01426	0.00695	0.00217	0.00368	0.01256	0.00574	0.00627
40	0.26510	0.02317	0.01434	0.01300	0.01623	0.54238	0.00992	0.02175	0.01475	0.01808	0.00887	0.01035	0.00725	0.00591	0.00483	0.00162	0.00884	0.00363	0.00323	0.00672
41	0.01548	0.56134	0.02572	0.01069	0.01524	0.02080	0.00989	0.02181	0.23130	0.01715	0.01297	0.01325	0.01072	0.00595	0.00446	0.00149	0.00583	0.00422	0.00357	0.00812
42	0.00814	0.00554	0.00659	0.00704	0.00716	0.00542	0.00422	0.00848	0.00951	0.01268	0.02328	0.28825	0.02736	0.53462	0.02259	0.00462	0.00497	0.01133	0.00422	0.00399
43	0.00803	0.00577	0.00634	0.00643	0.00705	0.00545	0.00398	0.00854	0.01024	0.01305	0.03190	0.09311	0.24157	0.50900	0.02171	0.00440	0.00476	0.01030	0.00428	0.00408

[dist]
# distance from previous block
# <min> <max>
0	2

[block]
# block no. 9 follows, 39 sequences, length 19
# corresponding to MSA columns:
# 575-593
name=unknown_J
#
# <colnr> <probs for GDERKNQSTAVLIFYWHMCP>
#	G	D	E	R	K	N	Q	S	T	A	V	L	I	F	Y	W	H	M	C	P
0	0.00858	0.00580	0.00679	0.00679	0.00690	0.00592	0.00400	0.00882	0.00870	0.01172	0.01833	0.03700	0.02076	0.70997	0.11129	0.00615	0.00684	0.00835	0.00354	0.00377
1	0.00987	0.00528	0.00740	0.00740	0.00740	0.00528	0.00477	0.00792	0.00792	0.01056	0.01227	0.02292	0.01295	0.20478	0.02478	0.63163	0.00528	0.00596	0.00281	0.00281
2	0.02187	0.00909	0.01188	0.00944	0.01340	0.00781	0.00769	0.02397	0.01610	0.58188	0.03206	0.02891	0.19090	0.00915	0.00620	0.00187	0.00455	0.00751	0.00688	0.00885
3	0.01412	0.01550	0.03229	0.02764	0.20386	0.01474	0.56293	0.01875	0.01384	0.01903	0.01176	0.01564	0.00907	0.00505	0.00671	0.00194	0.00927	0.00657	0.00298	0.00831
4	0.01239	0.01142	0.01738	0.51356	0.11322	0.01361	0.01493	0.01934	0.18696	0.01787	0.01382	0.01715	0.01047	0.00635	0.00593	0.00196	0.00702	0.00560	0.00347	0.00754
5	0.20920	0.23064	0.38640	0.01289	0.01943	0.01621	0.01502	0.01813	0.01178	0.01930	0.00941	0.01100	0.00726	0.00544	0.00466	0.00170	0.00710	0.00377	0.00278	0.00787
6	0.00909	0.00651	0.00895	0.00988	0.01118	0.00637	0.00830	0.01171	0.01420	0.01895	0.20351	0.11227	0.03959	0.01548	0.00784	0.00249	0.00467	0.49788	0.00570	0.00543
7	0.01236	0.02709	0.58804	0.01878	0.02686	0.01403	0.19183	0.01878	0.01284	0.01878	0.01094	0.01331	0.00785	0.00547	0.00594	0.00190	0.00903	0.00499	0.00262	0.00856
8	0.01725	0.25487	0.01994	0.01118	0.01585	0.06971	0.00961	0.25608	0.01790	0.02350	0.04833	0.01355	0.01112	0.00600	0.00491	0.00139	0.00605	0.00439	0.00413	0.20422
9	0.10842	0.01326	0.01358	0.01112	0.01473	0.06624	0.00894	0.30502	0.05714	0.12550	0.19108	0.02178	0.02141	0.00812	0.00589	0.00180	0.00541	0.00642	0.00580	0.00833
10	0.01293	0.01328	0.02477	0.15685	0.02747	0.01244	0.37852	0.01699	0.01305	0.01835	0.01125	0.01478	0.00871	0.00497	0.00598	0.00164	0.00786	0.00559	0.00308	0.26150
11	0.01144	0.01019	0.01473	0.01115	0.01546	0.00837	0.12389	0.01426	0.01290	0.01916	0.09517	0.11835	0.01795	0.00718	0.00550	0.00136	0.00498	0.00660	0.00401	0.49734
12	0.33796	0.03308	0.01115	0.00944	0.01263	0.10333	0.00749	0.10193	0.04347	0.05726	0.01608	0.08123	0.04609	0.00761	0.00488	0.00177	0.00524	0.00564	0.09460	0.01910
13	0.28569	0.09701	0.01355	0.07604	0.04925	0.01333	0.00889	0.01932	0.18684	0.02207	0.06945	0.02179	0.06403	0.00772	0.00521	0.00188	0.00500	0.04136	0.00439	0.00719
14	0.01287	0.01298	0.02504	0.02372	0.22907	0.01250	0.35791	0.01625	0.01254	0.01726	0.01332	0.02101	0.01208	0.19301	0.01218	0.00282	0.00813	0.00688	0.00311	0.00732
15	0.01424	0.01168	0.01741	0.01374	0.01742	0.01183	0.18315	0.10681	0.19109	0.07319	0.24333	0.02606	0.02603	0.00829	0.00649	0.00189	0.00561	0.00769	0.00545	0.02859
16	0.02266	0.01351	0.01557	0.01209	0.01664	0.01395	0.00991	0.37088	0.09694	0.29795	0.01836	0.01707	0.01249	0.00714	0.00586	0.00178	0.00568	0.00560	0.00632	0.04959
17	0.11318	0.01383	0.01347	0.01120	0.01497	0.07889	0.00892	0.22879	0.19232	0.04509	0.08105	0.01968	0.04869	0.00754	0.00560	0.00173	0.00545	0.00587	0.00523	0.09851
18	0.00940	0.00692	0.00841	0.00838	0.00930	0.00740	0.00594	0.01246	0.10628	0.01462	0.02174	0.03663	0.05029	0.39398	0.19995	0.00566	0.00787	0.08566	0.00409	0.00501

[dist]
# distance from previous block
# <min> <max>
6	14

[block]
# block no. 10 follows, 39 sequences, length 6
# corresponding to MSA columns:
# 609-614
name=unknown_K
#
# <colnr> <probs for GDERKNQSTAVLIFYWHMCP>
#	G	D	E	R	K	N	Q	S	T	A	V	L	I	F	Y	W	H	M	C	P
0	0.00950	0.00724	0.00822	0.00822	0.00987	0.00698	0.00601	0.12140	0.01470	0.01888	0.04008	0.39103	0.30486	0.01541	0.00708	0.00215	0.00374	0.01339	0.00556	0.00569
1	0.07779	0.27508	0.11342	0.13158	0.02115	0.16872	0.01267	0.10255	0.01470	0.01848	0.00976	0.01163	0.00783	0.00574	0.00490	0.00160	0.00763	0.00402	0.00313	0.00763
2	0.01530	0.07561	0.45007	0.01629	0.04722	0.15257	0.01753	0.09636	0.03971	0.01985	0.01105	0.01254	0.00822	0.00590	0.00550	0.00176	0.00851	0.00440	0.00310	0.00851
3	0.01444	0.10710	0.09770	0.02638	0.40785	0.01531	0.08853	0.02030	0.12691	0.01943	0.01283	0.01511	0.01028	0.00568	0.00573	0.00177	0.00705	0.00533	0.00332	0.00896
4	0.20703	0.37081	0.16716	0.01094	0.01634	0.01742	0.01139	0.01913	0.01223	0.10499	0.01046	0.01135	0.00812	0.00553	0.00437	0.00158	0.00624	0.00373	0.00335	0.00783
5	0.01327	0.07178	0.02769	0.09563	0.02661	0.01358	0.46614	0.01720	0.01331	0.04712	0.01520	0.13568	0.01367	0.00728	0.00668	0.00199	0.00828	0.00801	0.00348	0.00740

[dist]
# distance from previous block
# <min> <max>
0	2

[block]
# block no. 11 follows, 39 sequences, length 8
# corresponding to MSA columns:
# 617-624
name=unknown_L
#
# <colnr> <probs for GDERKNQSTAVLIFYWHMCP>
#	G	D	E	R	K	N	Q	S	T	A	V	L	I	F	Y	W	H	M	C	P
0	0.01248	0.17195	0.48576	0.15603	0.02641	0.01546	0.01862	0.01787	0.01227	0.01715	0.01014	0.01252	0.00758	0.00557	0.00533	0.00178	0.00812	0.00430	0.00253	0.00812
1	0.01215	0.10821	0.54662	0.15659	0.02728	0.01465	0.01960	0.01795	0.01231	0.01755	0.01034	0.01277	0.00757	0.00561	0.00548	0.00183	0.00833	0.00440	0.00252	0.00822
2	0.02068	0.12447	0.01781	0.01228	0.01597	0.05493	0.01030	0.15507	0.07747	0.29003	0.01610	0.01593	0.01151	0.00748	0.00795	0.00187	0.14081	0.00525	0.00522	0.00886
3	0.00967	0.00767	0.01081	0.01336	0.14692	0.00744	0.00809	0.04934	0.01410	0.01929	0.21154	0.37026	0.08109	0.01362	0.00697	0.00209	0.00407	0.01225	0.00530	0.00613
4	0.02134	0.01589	0.01714	0.01307	0.01786	0.01718	0.01077	0.65541	0.02608	0.03527	0.01379	0.01398	0.00991	0.00680	0.00575	0.00167	0.00627	0.00512	0.00565	0.10106
5	0.00740	0.00529	0.00709	0.00846	0.00889	0.00497	0.00583	0.00857	0.01152	0.01532	0.03249	0.72763	0.03869	0.01834	0.00760	0.00243	0.00360	0.07556	0.00549	0.00486
6	0.01641	0.41980	0.10338	0.01219	0.01694	0.16568	0.01149	0.02150	0.14818	0.01654	0.01158	0.01236	0.00952	0.00587	0.00470	0.00152	0.00712	0.00407	0.00327	0.00790
7	0.01292	0.01238	0.01474	0.33085	0.02503	0.12261	0.01229	0.07474	0.01380	0.01708	0.01673	0.16269	0.01656	0.00975	0.00722	0.00209	0.05562	0.08267	0.00379	0.00645

[dist]
# distance from previous block
# <min> <max>
0	7

[block]
# block no. 12 follows, 39 sequences, length 12
# corresponding to MSA columns:
# 632-643
name=unknown_M
#
# <colnr> <probs for GDERKNQSTAVLIFYWHMCP>
#	G	D	E	R	K	N	Q	S	T	A	V	L	I	F	Y	W	H	M	C	P
0	0.14567	0.01610	0.01576	0.01263	0.01691	0.06862	0.01028	0.49007	0.11259	0.03252	0.01415	0.01422	0.01032	0.00690	0.00554	0.00179	0.00627	0.00506	0.00539	0.00919
1	0.09512	0.11389	0.01779	0.01262	0.01688	0.19245	0.01037	0.32150	0.02023	0.12489	0.01297	0.01317	0.00947	0.00650	0.00532	0.00167	0.00708	0.00460	0.00481	0.00868
2	0.01652	0.01230	0.01287	0.01137	0.01433	0.06838	0.00878	0.19545	0.21167	0.11843	0.02290	0.23901	0.02093	0.01058	0.00637	0.00200	0.00526	0.00895	0.00579	0.00812
3	0.12176	0.00776	0.00850	0.00748	0.01026	0.00705	0.00586	0.01408	0.01415	0.14258	0.18015	0.03851	0.33498	0.01105	0.00617	0.00183	0.00361	0.00911	0.00560	0.06954
4	0.07918	0.01039	0.01316	0.01299	0.11251	0.00996	0.00895	0.07355	0.06585	0.24703	0.11722	0.02520	0.10888	0.00823	0.00588	0.00177	0.00475	0.00685	0.00559	0.08206
5	0.02248	0.01656	0.01775	0.01361	0.01834	0.01834	0.01124	0.73556	0.02780	0.03727	0.01420	0.01420	0.01006	0.00710	0.00592	0.00177	0.00651	0.00532	0.00592	0.01006
6	0.01574	0.50482	0.20725	0.01223	0.01814	0.02037	0.01313	0.11418	0.01425	0.01822	0.00961	0.01085	0.00790	0.00547	0.00452	0.00148	0.00694	0.00375	0.00298	0.00820
7	0.01095	0.07237	0.11427	0.01203	0.01401	0.01244	0.01084	0.01317	0.01111	0.01603	0.12415	0.08900	0.01904	0.01632	0.13451	0.04622	0.26685	0.00698	0.00352	0.00618
8	0.13824	0.00771	0.00880	0.00780	0.01036	0.00728	0.00611	0.01523	0.01497	0.17905	0.31623	0.03683	0.20741	0.01076	0.00625	0.00188	0.00359	0.00897	0.00600	0.00652
