[name]
unknown

[dist]
# distance from previous block
# <min> <max>
0	175

[block]
# block no. 0 follows, 38 sequences, length 8
# corresponding to MSA columns:
# 195-202
name=unknown_A
#
# <colnr> <probs for GDERKNQSTAVLIFYWHMCP>
#	G	D	E	R	K	N	Q	S	T	A	V	L	I	F	Y	W	H	M	C	P
0	0.00969	0.00692	0.00969	0.01108	0.01246	0.00692	0.00969	0.01246	0.01385	0.01800	0.03185	0.06786	0.03462	0.01662	0.00831	0.00277	0.00554	0.71057	0.00554	0.00554
1	0.01496	0.01292	0.01360	0.01224	0.01564	0.01496	0.00952	0.03197	0.74019	0.02516	0.02448	0.02244	0.01836	0.00816	0.00612	0.00204	0.00476	0.00680	0.00612	0.00952
2	0.08621	0.01102	0.01763	0.65485	0.08640	0.01344	0.01590	0.01579	0.01198	0.01672	0.01052	0.01539	0.00798	0.00593	0.00580	0.00198	0.00765	0.00516	0.00279	0.00686
3	0.02132	0.01717	0.01711	0.01369	0.01807	0.08556	0.01109	0.53317	0.16347	0.03337	0.01590	0.01565	0.01156	0.00731	0.00598	0.00183	0.00665	0.00554	0.00577	0.00980
4	0.00859	0.00645	0.00967	0.00967	0.01074	0.00752	0.00752	0.01074	0.00967	0.01396	0.01611	0.02363	0.01504	0.04512	0.76474	0.00967	0.01611	0.00645	0.00322	0.00537
5	0.83108	0.01163	0.00884	0.00791	0.01163	0.01350	0.00651	0.01768	0.01024	0.02699	0.00838	0.00977	0.00651	0.00558	0.00372	0.00186	0.00465	0.00326	0.00372	0.00651
6	0.02540	0.01257	0.06646	0.01157	0.01654	0.01050	0.01012	0.12136	0.01837	0.60895	0.02160	0.01913	0.01377	0.00730	0.00602	0.00186	0.00558	0.00585	0.00691	0.01014
7	0.01617	0.01390	0.06622	0.01234	0.01626	0.01412	0.01031	0.07296	0.54287	0.09798	0.05315	0.02201	0.01837	0.00803	0.00612	0.00199	0.00512	0.00665	0.00601	0.00943

[dist]
# distance from previous block
# <min> <max>
0	8

[block]
# block no. 1 follows, 38 sequences, length 10
# corresponding to MSA columns:
# 211-220
name=unknown_B
#
# <colnr> <probs for GDERKNQSTAVLIFYWHMCP>
#	G	D	E	R	K	N	Q	S	T	A	V	L	I	F	Y	W	H	M	C	P
0	0.02102	0.05875	0.13372	0.01154	0.01692	0.01079	0.01085	0.02506	0.06189	0.43714	0.01886	0.01753	0.01264	0.00663	0.00563	0.00170	0.00568	0.00530	0.00571	0.13262
1	0.04774	0.14635	0.09150	0.01354	0.05855	0.01595	0.01122	0.05620	0.40806	0.02254	0.01895	0.05364	0.01515	0.00760	0.00566	0.00189	0.00561	0.00615	0.00486	0.00885
2	0.06232	0.14220	0.01884	0.01274	0.01658	0.01607	0.05615	0.28710	0.05691	0.07307	0.01542	0.05549	0.01301	0.00877	0.00759	0.04659	0.05184	0.04623	0.00480	0.00828
3	0.05143	0.05954	0.09569	0.01022	0.01580	0.01048	0.00927	0.05565	0.01350	0.06050	0.01137	0.01275	0.00899	0.00500	0.00470	0.00117	0.00522	0.00386	0.00374	0.56110
4	0.83108	0.01163	0.00884	0.00791	0.01163	0.01350	0.00651	0.01768	0.01024	0.02699	0.00838	0.00977	0.00651	0.00558	0.00372	0.00186	0.00465	0.00326	0.00372	0.00651
5	0.01207	0.03112	0.75741	0.01715	0.02604	0.01397	0.02223	0.01905	0.01270	0.01905	0.01080	0.01270	0.00762	0.00572	0.00572	0.00191	0.00889	0.00445	0.00254	0.00889
6	0.01251	0.01192	0.01991	0.50479	0.24449	0.01401	0.01695	0.01620	0.01230	0.01654	0.01066	0.01549	0.00845	0.00616	0.00702	0.00199	0.06501	0.00534	0.00276	0.00750
7	0.00875	0.00583	0.00656	0.00656	0.00656	0.00583	0.00365	0.00875	0.00875	0.01166	0.01895	0.03937	0.02187	0.78858	0.03062	0.00583	0.00583	0.00875	0.00365	0.00365
8	0.01514	0.01329	0.01725	0.12621	0.19760	0.01491	0.01287	0.08894	0.39749	0.02359	0.01845	0.01899	0.01403	0.00710	0.00606	0.00195	0.00597	0.00612	0.00486	0.00919
9	0.01608	0.79220	0.03152	0.01029	0.01544	0.02380	0.01029	0.01801	0.01222	0.01415	0.00836	0.00965	0.00772	0.00515	0.00386	0.00129	0.00643	0.00322	0.00257	0.00772

[dist]
# distance from previous block
# <min> <max>
0	284

# created by:
# /software/SequenceAnalysis/GenePrediction/augustus/3.0.1/scripts/msa2prfl.pl ./fixed/BUSCOvEOG7SBGBX.fas
