[name]
unknown

[dist]
# distance from previous block
# <min> <max>
0	80

[block]
# block no. 0 follows, 40 sequences, length 6
# corresponding to MSA columns:
# 90-95
name=unknown_A
#
# <colnr> <probs for GDERKNQSTAVLIFYWHMCP>
#	G	D	E	R	K	N	Q	S	T	A	V	L	I	F	Y	W	H	M	C	P
0	0.02011	0.08504	0.01814	0.01399	0.01761	0.38389	0.04974	0.11212	0.04778	0.10163	0.01184	0.01281	0.00912	0.00637	0.00614	0.00162	0.05363	0.00447	0.00389	0.04005
1	0.01072	0.00763	0.00846	0.00778	0.01018	0.00726	0.00599	0.01539	0.15670	0.10229	0.16420	0.04319	0.41374	0.01209	0.00657	0.00192	0.00346	0.01016	0.00587	0.00640
2	0.00747	0.00532	0.00696	0.00777	0.00832	0.00498	0.00526	0.00881	0.01217	0.01656	0.20248	0.55241	0.04092	0.08081	0.00912	0.00251	0.00341	0.01444	0.00548	0.00481
3	0.01314	0.25586	0.37910	0.06019	0.04564	0.01657	0.06933	0.01816	0.03511	0.01688	0.01017	0.01221	0.00791	0.00554	0.00555	0.00170	0.03197	0.00430	0.00263	0.00805
4	0.00904	0.00721	0.01034	0.00993	0.01067	0.00878	0.00769	0.01073	0.00916	0.01330	0.01463	0.02310	0.01424	0.13220	0.55744	0.00778	0.13918	0.00632	0.00307	0.00517
5	0.00833	0.00558	0.00638	0.00651	0.00654	0.00555	0.00370	0.00842	0.00871	0.01161	0.01960	0.10837	0.02276	0.72311	0.02753	0.00533	0.00543	0.00921	0.00370	0.00364

[dist]
# distance from previous block
# <min> <max>
0	1

[block]
# block no. 1 follows, 40 sequences, length 33
# corresponding to MSA columns:
# 97-129
name=unknown_B
#
# <colnr> <probs for GDERKNQSTAVLIFYWHMCP>
#	G	D	E	R	K	N	Q	S	T	A	V	L	I	F	Y	W	H	M	C	P
0	0.01564	0.01524	0.01813	0.38617	0.13115	0.15621	0.01449	0.15702	0.01581	0.01955	0.01089	0.01414	0.00834	0.00600	0.00571	0.00179	0.00789	0.00492	0.00333	0.00757
1	0.01656	0.01755	0.01518	0.13321	0.09111	0.35086	0.01127	0.02999	0.01451	0.06507	0.01633	0.13341	0.04952	0.00836	0.00610	0.00179	0.02198	0.00666	0.00373	0.00681
2	0.20923	0.05817	0.01607	0.11979	0.05553	0.24683	0.01099	0.17946	0.01631	0.02229	0.01015	0.01187	0.00789	0.00597	0.00502	0.00169	0.00742	0.00418	0.00368	0.00747
3	0.01185	0.01222	0.02378	0.06915	0.02338	0.01224	0.41150	0.01586	0.04573	0.01715	0.01659	0.18277	0.01603	0.04688	0.00888	0.00227	0.06454	0.00876	0.00358	0.00684
4	0.05602	0.00626	0.00637	0.00649	0.00833	0.00560	0.00480	0.00938	0.03030	0.01642	0.05100	0.16430	0.58562	0.01456	0.00675	0.00202	0.00315	0.01225	0.00531	0.00508
5	0.01570	0.01255	0.01720	0.09644	0.12264	0.01361	0.07899	0.04568	0.39024	0.11405	0.01906	0.01905	0.01407	0.00692	0.00597	0.00191	0.00584	0.00614	0.00503	0.00891
6	0.08737	0.01374	0.08367	0.12938	0.01951	0.05157	0.01104	0.03883	0.24770	0.20737	0.03831	0.01824	0.01379	0.00697	0.00565	0.00187	0.00583	0.00561	0.00507	0.00845
7	0.01288	0.09260	0.32816	0.22463	0.09115	0.01433	0.01717	0.07880	0.01350	0.01859	0.01155	0.01584	0.00915	0.00618	0.00561	0.00184	0.00766	0.03948	0.00297	0.00793
8	0.01557	0.79886	0.03048	0.00997	0.01494	0.02302	0.00996	0.01743	0.01183	0.01370	0.00811	0.00936	0.00748	0.00499	0.00374	0.00125	0.00623	0.00312	0.00250	0.00747
9	0.56754	0.01081	0.01021	0.00856	0.01246	0.01156	0.00705	0.02084	0.01215	0.27067	0.01304	0.01291	0.00901	0.00601	0.00436	0.00180	0.00466	0.00405	0.00480	0.00750
10	0.02421	0.01017	0.01339	0.01038	0.01463	0.00918	0.00853	0.09312	0.01764	0.63209	0.08492	0.02130	0.01746	0.00759	0.00594	0.00180	0.00490	0.00620	0.00701	0.00953
11	0.01254	0.10616	0.49340	0.01714	0.02409	0.01511	0.14261	0.01795	0.01218	0.01757	0.01018	0.01263	0.00767	0.00581	0.00684	0.00187	0.08085	0.00470	0.00256	0.00815
12	0.00716	0.00585	0.00632	0.00635	0.00807	0.00501	0.00470	0.00881	0.01366	0.01702	0.18144	0.11675	0.56954	0.01453	0.00693	0.00198	0.00295	0.01233	0.00559	0.00501
13	0.01156	0.01115	0.04792	0.06434	0.07978	0.01077	0.07718	0.05293	0.21279	0.02015	0.07647	0.06357	0.22755	0.00974	0.00637	0.00194	0.00513	0.00852	0.00487	0.00727
14	0.01012	0.00507	0.00759	0.00759	0.00759	0.00506	0.00506	0.00759	0.00759	0.01012	0.01012	0.01771	0.01012	0.02021	0.02273	0.83051	0.00506	0.00506	0.00253	0.00254
15	0.01274	0.00916	0.01148	0.01026	0.01233	0.01028	0.00811	0.23007	0.01481	0.02069	0.01492	0.01979	0.01288	0.02912	0.45188	0.06119	0.01145	0.00582	0.04656	0.00645
16	0.01275	0.01274	0.01783	0.01528	0.01528	0.01782	0.01273	0.01401	0.00892	0.01402	0.00766	0.01275	0.00766	0.01019	0.01909	0.00255	0.78471	0.00510	0.00255	0.00637
17	0.05617	0.00999	0.01351	0.04791	0.01595	0.00894	0.00884	0.02727	0.01616	0.69858	0.02178	0.01922	0.01378	0.00708	0.00577	0.00181	0.00508	0.00572	0.00684	0.00960
18	0.02152	0.00938	0.01235	0.00991	0.01368	0.00851	0.00802	0.02518	0.08480	0.54904	0.16698	0.02464	0.02267	0.00820	0.00606	0.00183	0.00449	0.00684	0.00693	0.00898
19	0.02174	0.02772	0.01649	0.01499	0.01799	0.77202	0.01124	0.02323	0.01649	0.01425	0.00901	0.01052	0.00751	0.00601	0.00525	0.00150	0.01049	0.00375	0.00300	0.00675
20	0.01768	0.01461	0.01764	0.01429	0.01674	0.01794	0.01185	0.39620	0.01863	0.02594	0.01099	0.01341	0.00884	0.00851	0.01210	0.00213	0.37482	0.00517	0.00428	0.00823
21	0.01350	0.01300	0.02242	0.22901	0.54460	0.01363	0.04478	0.01711	0.01285	0.01793	0.01084	0.01476	0.00884	0.00535	0.00582	0.00179	0.00724	0.00525	0.00281	0.00846
22	0.02031	0.01285	0.01466	0.06288	0.01690	0.07716	0.00997	0.20698	0.01789	0.30082	0.03919	0.05575	0.01428	0.00805	0.00712	0.00187	0.07842	0.01754	0.02886	0.00850
23	0.01443	0.01377	0.02697	0.17086	0.18978	0.01365	0.38010	0.01858	0.01348	0.08178	0.01229	0.01575	0.00920	0.00535	0.00634	0.00190	0.00837	0.00609	0.00323	0.00806
24	0.00975	0.00654	0.00861	0.00915	0.01045	0.00636	0.00708	0.01266	0.06135	0.06749	0.16097	0.33627	0.03697	0.01503	0.00731	0.00230	0.00405	0.22623	0.00573	0.00570
25	0.01816	0.01746	0.04372	0.13169	0.06833	0.30208	0.01145	0.04090	0.01557	0.16119	0.08408	0.01864	0.04742	0.00711	0.00574	0.00171	0.00752	0.00555	0.00423	0.00744
26	0.01332	0.04877	0.61178	0.01650	0.02438	0.01343	0.08134	0.01934	0.01281	0.08768	0.01167	0.01322	0.00817	0.00563	0.00563	0.00184	0.00830	0.00464	0.00295	0.00863
27	0.02611	0.00991	0.01351	0.01036	0.01486	0.00856	0.00856	0.02835	0.01666	0.76313	0.02296	0.01982	0.01441	0.00721	0.00586	0.00180	0.00496	0.00585	0.00720	0.00991
28	0.00835	0.00548	0.00713	0.00804	0.00882	0.00501	0.00552	0.00948	0.01173	0.06465	0.03416	0.66633	0.10912	0.01715	0.00727	0.00229	0.00344	0.01540	0.00552	0.00510
29	0.01518	0.01477	0.02116	0.17320	0.31122	0.08488	0.09466	0.09525	0.09399	0.02016	0.01244	0.01516	0.00974	0.00585	0.00588	0.00181	0.00743	0.00539	0.00348	0.00837
30	0.22237	0.01499	0.01544	0.01259	0.03654	0.01670	0.01008	0.54220	0.02267	0.03358	0.01246	0.01289	0.00901	0.00656	0.00528	0.00176	0.00595	0.00473	0.00520	0.00900
31	0.01678	0.05320	0.01460	0.01129	0.03281	0.04901	0.00885	0.09808	0.21145	0.14459	0.01619	0.01595	0.01204	0.00616	0.00520	0.00148	0.00517	0.00490	0.00489	0.28736
32	0.02067	0.00998	0.01260	0.03096	0.01441	0.00959	0.00831	0.12006	0.06066	0.43447	0.11846	0.02232	0.01923	0.00776	0.00582	0.00177	0.00470	0.00637	0.08312	0.00876

[dist]
# distance from previous block
# <min> <max>
4	42

[block]
# block no. 2 follows, 40 sequences, length 7
# corresponding to MSA columns:
# 174-180
name=unknown_C
#
# <colnr> <probs for GDERKNQSTAVLIFYWHMCP>
#	G	D	E	R	K	N	Q	S	T	A	V	L	I	F	Y	W	H	M	C	P
0	0.20395	0.01422	0.01403	0.01159	0.01543	0.04644	0.00938	0.36043	0.16428	0.02943	0.01445	0.01489	0.01083	0.00910	0.05430	0.00228	0.00637	0.00503	0.00505	0.00851
1	0.07056	0.15946	0.04974	0.01569	0.02008	0.32502	0.17549	0.08457	0.01543	0.01804	0.00990	0.01177	0.00792	0.00560	0.00530	0.00161	0.00876	0.00445	0.00316	0.00744
2	0.01408	0.01305	0.02030	0.02865	0.54175	0.01349	0.01533	0.02042	0.17964	0.02010	0.01513	0.01942	0.01274	0.00651	0.00594	0.00185	0.00628	0.05264	0.00373	0.00896
3	0.83671	0.01125	0.00855	0.00765	0.01125	0.01305	0.00630	0.01709	0.00990	0.02609	0.00810	0.00945	0.00630	0.00540	0.00360	0.00180	0.00450	0.00315	0.00360	0.00630
4	0.00703	0.00571	0.00623	0.00650	0.00805	0.00491	0.00472	0.00849	0.01303	0.01611	0.10722	0.22143	0.53971	0.01530	0.00700	0.00204	0.00303	0.01310	0.00548	0.00491
5	0.01378	0.01750	0.19141	0.03137	0.59329	0.01375	0.01867	0.01798	0.01302	0.01887	0.01082	0.01391	0.00879	0.00526	0.00570	0.00175	0.00729	0.00498	0.00278	0.00907
6	0.00709	0.00506	0.00675	0.00810	0.00843	0.00472	0.00540	0.00810	0.01113	0.01484	0.03205	0.79184	0.03846	0.01822	0.00742	0.00236	0.00337	0.01653	0.00540	0.00472

[dist]
# distance from previous block
# <min> <max>
3	213

# created by:
# /software/SequenceAnalysis/GenePrediction/augustus/3.0.1/scripts/msa2prfl.pl ./fixed/BUSCOvEOG7VT7C4.fas
