[name]
unknown

[dist]
# distance from previous block
# <min> <max>
8	339

[block]
# block no. 0 follows, 41 sequences, length 25
# corresponding to MSA columns:
# 367-391
name=unknown_A
#
# <colnr> <probs for GDERKNQSTAVLIFYWHMCP>
#	G	D	E	R	K	N	Q	S	T	A	V	L	I	F	Y	W	H	M	C	P
0	0.01077	0.01007	0.01682	0.74598	0.03801	0.01244	0.01543	0.01450	0.01140	0.01469	0.01029	0.01533	0.00781	0.00656	0.02397	0.00205	0.00772	0.00506	0.00258	0.02852
1	0.01812	0.01408	0.01716	0.26869	0.02491	0.01607	0.01253	0.50275	0.02178	0.02895	0.01255	0.01423	0.00903	0.00649	0.00572	0.00178	0.00673	0.00513	0.00467	0.00861
2	0.00728	0.00591	0.00699	0.00697	0.00858	0.00562	0.00531	0.00897	0.01189	0.01502	0.07090	0.04379	0.48661	0.02378	0.26145	0.00433	0.00700	0.01004	0.00461	0.00494
3	0.01397	0.00729	0.01040	0.00937	0.01147	0.00749	0.00738	0.01597	0.01153	0.26271	0.01785	0.02222	0.01457	0.06845	0.48432	0.00656	0.01138	0.00611	0.00441	0.00656
4	0.01276	0.00901	0.00986	0.00853	0.01004	0.00958	0.00592	0.25188	0.01447	0.01935	0.01660	0.02959	0.01713	0.53682	0.02137	0.00428	0.00579	0.00727	0.00421	0.00554
5	0.01261	0.01369	0.02826	0.27601	0.03304	0.01388	0.50204	0.01709	0.01282	0.01709	0.01111	0.01537	0.00833	0.00512	0.00641	0.00192	0.00898	0.00620	0.00278	0.00726
6	0.01513	0.01210	0.01362	0.01002	0.01494	0.01097	0.00813	0.25595	0.01684	0.02440	0.01135	0.01248	0.00889	0.00511	0.00473	0.00113	0.00492	0.00397	0.00416	0.56116
7	0.01264	0.01087	0.01222	0.00952	0.01399	0.00981	0.00753	0.01970	0.25714	0.02039	0.01451	0.01500	0.01145	0.00540	0.00476	0.00121	0.00433	0.00441	0.00419	0.56094
8	0.01812	0.01408	0.01716	0.26869	0.02491	0.01607	0.01253	0.50275	0.02178	0.02895	0.01255	0.01423	0.00903	0.00649	0.00572	0.00178	0.00673	0.00513	0.00467	0.00861
9	0.00885	0.00535	0.00664	0.00664	0.00664	0.00535	0.00396	0.00803	0.00803	0.01071	0.01535	0.03080	0.01720	0.54113	0.02688	0.27959	0.00535	0.00721	0.00314	0.00314
10	0.00876	0.00574	0.00862	0.00862	0.00930	0.00643	0.00643	0.00930	0.00862	0.01217	0.01354	0.02079	0.01286	0.03528	0.52678	0.28203	0.01189	0.00574	0.00287	0.00424
11	0.00989	0.00797	0.00907	0.00842	0.01050	0.00822	0.00642	0.01683	0.25948	0.02195	0.39340	0.03781	0.16567	0.01088	0.00644	0.00187	0.00334	0.00936	0.00597	0.00651
12	0.01718	0.04776	0.01734	0.26839	0.02445	0.05690	0.01229	0.36684	0.01919	0.03730	0.01185	0.01383	0.00876	0.00630	0.00585	0.00172	0.02594	0.00488	0.00421	0.04903
13	0.02241	0.00993	0.01298	0.00990	0.01440	0.00850	0.00811	0.02528	0.04688	0.58533	0.02011	0.01802	0.01316	0.00654	0.00545	0.00159	0.00473	0.00531	0.00629	0.17510
14	0.01246	0.01611	0.17271	0.30450	0.03194	0.01340	0.30797	0.01719	0.01254	0.03943	0.01112	0.01482	0.00817	0.00534	0.00608	0.00189	0.00852	0.00560	0.00279	0.00742
15	0.01672	0.37898	0.14478	0.01266	0.01806	0.01911	0.04822	0.25799	0.01684	0.02192	0.01042	0.01146	0.00818	0.00563	0.00479	0.00152	0.00673	0.00412	0.00355	0.00833
16	0.00795	0.00497	0.00691	0.00779	0.00802	0.00475	0.00520	0.00779	0.00979	0.01306	0.02438	0.53781	0.02860	0.01857	0.01228	0.27744	0.00386	0.01252	0.00437	0.00393
17	0.03373	0.03040	0.01107	0.04141	0.01295	0.00766	0.00701	0.01417	0.01359	0.07191	0.26016	0.02521	0.02501	0.00758	0.00538	0.00140	0.00402	0.04160	0.00464	0.38110
18	0.01346	0.01194	0.01474	0.02468	0.03723	0.03235	0.00983	0.12101	0.01310	0.01909	0.03974	0.01470	0.01062	0.02794	0.04007	0.00208	0.27850	0.00480	0.00348	0.28065
19	0.01033	0.00767	0.03775	0.00871	0.01092	0.00660	0.00741	0.01325	0.04399	0.09957	0.15341	0.04932	0.26689	0.01305	0.00694	0.00212	0.00414	0.24646	0.00556	0.00591
20	0.00993	0.02095	0.48675	0.01252	0.01868	0.01026	0.01501	0.01469	0.01239	0.01725	0.02604	0.02629	0.25675	0.00838	0.00583	0.00181	0.00645	0.00679	0.00341	0.03983
21	0.02149	0.02354	0.01653	0.01421	0.01770	0.52506	0.01099	0.26159	0.01975	0.02130	0.01046	0.01145	0.00815	0.00622	0.00534	0.00155	0.00898	0.00417	0.00387	0.00766
22	0.56487	0.00904	0.00809	0.00750	0.00987	0.01023	0.00579	0.01372	0.00898	0.02046	0.00862	0.01197	0.00743	0.01013	0.00977	0.27707	0.00460	0.00372	0.00319	0.00497
23	0.56538	0.01719	0.26025	0.01043	0.01559	0.01298	0.01114	0.01724	0.01051	0.02316	0.00873	0.01021	0.00654	0.00535	0.00417	0.00178	0.00576	0.00347	0.00317	0.00694
24	0.00810	0.00585	0.00765	0.00720	0.00855	0.00540	0.00540	0.01079	0.01619	0.02294	0.76028	0.04273	0.05397	0.01169	0.00675	0.00180	0.00270	0.01034	0.00630	0.00540

[dist]
# distance from previous block
# <min> <max>
0	1

[block]
# block no. 1 follows, 41 sequences, length 33
# corresponding to MSA columns:
# 393-425
name=unknown_B
#
# <colnr> <probs for GDERKNQSTAVLIFYWHMCP>
#	G	D	E	R	K	N	Q	S	T	A	V	L	I	F	Y	W	H	M	C	P
0	0.00889	0.00642	0.00819	0.00786	0.00919	0.00586	0.00578	0.01119	0.01622	0.02294	0.69069	0.10579	0.05282	0.01269	0.00713	0.00200	0.00307	0.01103	0.00646	0.00578
1	0.00786	0.00570	0.00721	0.00837	0.00892	0.00520	0.00562	0.00865	0.01166	0.01547	0.03427	0.72459	0.09811	0.01803	0.00759	0.00244	0.00359	0.01603	0.00557	0.00512
2	0.01661	0.01363	0.01438	0.01250	0.01606	0.01537	0.00977	0.18066	0.59103	0.02715	0.02195	0.02079	0.01652	0.00811	0.00615	0.00205	0.00519	0.00644	0.00605	0.00960
3	0.68394	0.04416	0.07334	0.00924	0.01333	0.01394	0.00820	0.05716	0.01149	0.02578	0.00934	0.01097	0.00735	0.00596	0.00421	0.00190	0.00522	0.00360	0.00381	0.00706
4	0.01429	0.01478	0.08382	0.20048	0.50201	0.01395	0.01744	0.04569	0.01364	0.01915	0.01154	0.01535	0.00941	0.00590	0.00602	0.00191	0.00736	0.00529	0.00314	0.00883
5	0.01448	0.01346	0.02223	0.03294	0.69112	0.01334	0.01661	0.01733	0.01314	0.01881	0.01220	0.01723	0.01083	0.07139	0.00796	0.00217	0.00695	0.00563	0.00318	0.00900
6	0.00823	0.00594	0.00774	0.00729	0.00865	0.00548	0.00545	0.01089	0.01626	0.02304	0.75889	0.04284	0.05400	0.01177	0.00680	0.00182	0.00275	0.01037	0.00633	0.00546
7	0.00817	0.00594	0.00766	0.00722	0.00861	0.00545	0.00541	0.01077	0.01612	0.02271	0.72762	0.04339	0.08548	0.01189	0.00680	0.00183	0.00275	0.01045	0.00629	0.00544
8	0.01319	0.01422	0.02662	0.02015	0.02338	0.01587	0.41865	0.01639	0.01148	0.01642	0.00990	0.01431	0.00828	0.00720	0.01211	0.00221	0.35370	0.00602	0.00276	0.00713
9	0.00787	0.00562	0.00761	0.00893	0.00961	0.00539	0.00670	0.00939	0.01179	0.01558	0.03119	0.54430	0.03621	0.01726	0.00756	0.00245	0.00403	0.25824	0.00533	0.00493
10	0.01541	0.80091	0.03002	0.00987	0.01477	0.02268	0.00984	0.01721	0.01170	0.01358	0.00808	0.00936	0.00746	0.00498	0.00373	0.00125	0.00616	0.00310	0.00249	0.00740
11	0.00823	0.00594	0.00774	0.00729	0.00865	0.00548	0.00545	0.01089	0.01626	0.02304	0.75889	0.04284	0.05400	0.01177	0.00680	0.00182	0.00275	0.01037	0.00633	0.00546
12	0.01093	0.01025	0.01723	0.78375	0.03943	0.01277	0.01592	0.01470	0.01152	0.01473	0.01029	0.01542	0.00775	0.00580	0.00577	0.00193	0.00766	0.00512	0.00259	0.00642
13	0.60468	0.18201	0.03412	0.00845	0.01245	0.01484	0.00752	0.01745	0.01056	0.05309	0.00875	0.00994	0.00692	0.00538	0.00377	0.00168	0.00496	0.00327	0.00346	0.00671
14	0.02148	0.02697	0.01632	0.01476	0.01777	0.75138	0.01109	0.04494	0.01661	0.01479	0.00912	0.01060	0.00756	0.00601	0.00523	0.00150	0.01022	0.00377	0.00308	0.00679
15	0.01057	0.00852	0.01273	0.01636	0.20307	0.00848	0.01075	0.01379	0.03644	0.01882	0.14740	0.04677	0.02996	0.01220	0.00712	0.00226	0.00525	0.39821	0.00487	0.00644
16	0.00986	0.00631	0.00821	0.00752	0.00919	0.00574	0.00570	0.01243	0.01616	0.09389	0.66320	0.04106	0.07557	0.01142	0.00670	0.00182	0.00296	0.01000	0.00637	0.00586
17	0.01407	0.01349	0.02279	0.07432	0.65143	0.01368	0.04586	0.01822	0.05433	0.01885	0.01158	0.01484	0.00955	0.00535	0.00577	0.00176	0.00687	0.00528	0.00303	0.00892
18	0.00710	0.00508	0.00673	0.00805	0.00840	0.00473	0.00537	0.00806	0.01103	0.01472	0.03161	0.79384	0.03789	0.01798	0.00735	0.00234	0.00336	0.01628	0.00535	0.00471
19	0.01965	0.23690	0.02014	0.01335	0.01689	0.49185	0.01077	0.07849	0.01571	0.01572	0.00909	0.01051	0.00767	0.00588	0.00517	0.00147	0.02686	0.00370	0.00307	0.00713
20	0.01575	0.75764	0.02925	0.01015	0.01494	0.06473	0.00991	0.01753	0.01196	0.01361	0.00813	0.00942	0.00746	0.00504	0.00381	0.00126	0.00639	0.00314	0.00252	0.00736
21	0.69260	0.08637	0.01082	0.00810	0.01166	0.04387	0.00675	0.01691	0.01052	0.02403	0.03964	0.01090	0.00848	0.00565	0.00381	0.00173	0.00479	0.00346	0.00357	0.00635
22	0.01900	0.01411	0.01535	0.01245	0.01641	0.01566	0.01012	0.46630	0.22146	0.06102	0.01740	0.01821	0.01306	0.00900	0.03815	0.00215	0.00614	0.02904	0.00572	0.00927
23	0.01316	0.01873	0.20126	0.02239	0.02878	0.01426	0.57686	0.01835	0.01325	0.01839	0.01140	0.01483	0.00847	0.00505	0.00650	0.00192	0.00941	0.00621	0.00283	0.00795
24	0.00697	0.00589	0.00599	0.00596	0.00787	0.00494	0.00446	0.00845	0.01329	0.01598	0.09629	0.05446	0.72101	0.01440	0.00681	0.00195	0.00293	0.01200	0.00540	0.00493
25	0.01722	0.01380	0.01463	0.01230	0.01606	0.01563	0.00980	0.30325	0.47407	0.02866	0.01973	0.01859	0.01461	0.00750	0.00584	0.00188	0.00525	0.00600	0.00582	0.00937
26	0.00832	0.00615	0.00892	0.00891	0.00982	0.00703	0.00675	0.01008	0.00917	0.01313	0.01577	0.02447	0.01521	0.13595	0.68286	0.00875	0.01414	0.00644	0.00316	0.00497
27	0.01265	0.24246	0.56429	0.01458	0.02205	0.01592	0.01803	0.01792	0.01203	0.01695	0.00975	0.01145	0.00739	0.00537	0.00500	0.00167	0.00785	0.00395	0.00247	0.00821
28	0.01428	0.01367	0.02328	0.03514	0.76187	0.01365	0.01759	0.01763	0.01310	0.01880	0.01088	0.01433	0.00918	0.00518	0.00572	0.00172	0.00683	0.00514	0.00288	0.00912
29	0.01079	0.00543	0.00543	0.00542	0.00677	0.00541	0.00406	0.01342	0.01207	0.02143	0.01877	0.02148	0.01477	0.00675	0.00406	0.00136	0.00271	0.00537	0.82911	0.00540
30	0.00992	0.00712	0.00873	0.00988	0.01048	0.00640	0.00657	0.01013	0.01270	0.01722	0.03335	0.76468	0.03915	0.01921	0.00839	0.00280	0.00432	0.01664	0.00616	0.00614
31	0.00974	0.00783	0.00799	0.00798	0.00998	0.00656	0.00572	0.01035	0.01453	0.01796	0.05654	0.11476	0.67410	0.01620	0.00792	0.00246	0.00395	0.01296	0.00616	0.00630
32	0.02518	0.00984	0.01330	0.01019	0.01465	0.00845	0.00839	0.02737	0.01625	0.73451	0.02215	0.01931	0.01403	0.00704	0.00574	0.00175	0.00488	0.00569	0.00696	0.04431

[dist]
# distance from previous block
# <min> <max>
2	375

# created by:
# /software/SequenceAnalysis/GenePrediction/augustus/3.0.1/scripts/msa2prfl.pl ./fixed/BUSCOvEOG7BP2RK.fas
