[name]
unknown

[dist]
# distance from previous block
# <min> <max>
0	493

[block]
# block no. 0 follows, 41 sequences, length 50
# corresponding to MSA columns:
# 504-553
name=unknown_A
#
# <colnr> <probs for GDERKNQSTAVLIFYWHMCP>
#	G	D	E	R	K	N	Q	S	T	A	V	L	I	F	Y	W	H	M	C	P
0	0.00685	0.00579	0.00586	0.00585	0.00770	0.00487	0.00434	0.00828	0.01295	0.01549	0.07484	0.05411	0.71673	0.04180	0.00754	0.00205	0.00298	0.01190	0.00527	0.00480
1	0.00818	0.00611	0.00909	0.00909	0.01008	0.00709	0.00702	0.01015	0.00916	0.01320	0.01542	0.02299	0.01453	0.06930	0.75022	0.00907	0.01498	0.00620	0.00308	0.00505
2	0.01350	0.01543	0.03375	0.02411	0.02989	0.01446	0.74253	0.01832	0.01350	0.01832	0.01157	0.01543	0.00868	0.00482	0.00675	0.00193	0.00964	0.00675	0.00289	0.00771
3	0.00810	0.00585	0.00765	0.00720	0.00855	0.00540	0.00540	0.01079	0.01619	0.02294	0.76028	0.04273	0.05397	0.01169	0.00675	0.00180	0.00270	0.01034	0.00630	0.00540
4	0.02174	0.01602	0.01717	0.01316	0.01774	0.01774	0.01087	0.74423	0.02689	0.03605	0.01373	0.01373	0.00973	0.00687	0.00572	0.00172	0.00629	0.00515	0.00572	0.00973
5	0.01442	0.01227	0.01301	0.01168	0.01491	0.01413	0.00915	0.06580	0.68926	0.02429	0.02305	0.02253	0.01763	0.00801	0.00589	0.00195	0.00464	0.03263	0.00579	0.00895
6	0.02566	0.00973	0.01327	0.01018	0.01460	0.00841	0.00841	0.02788	0.01637	0.76726	0.02257	0.01947	0.01416	0.00708	0.00575	0.00177	0.00487	0.00575	0.00708	0.00973
7	0.01296	0.33136	0.48064	0.01376	0.02082	0.01693	0.01670	0.01773	0.01190	0.01630	0.00936	0.01094	0.00728	0.00522	0.00475	0.00158	0.00754	0.00377	0.00243	0.00802
8	0.01350	0.01543	0.03375	0.02411	0.02989	0.01446	0.74253	0.01832	0.01350	0.01832	0.01157	0.01543	0.00868	0.00482	0.00675	0.00193	0.00964	0.00675	0.00289	0.00771
9	0.01052	0.00649	0.00807	0.14167	0.01303	0.00690	0.00649	0.01332	0.01164	0.01929	0.01645	0.01989	0.01309	0.00966	0.07431	0.00212	0.00476	0.00526	0.56965	0.04737
10	0.01085	0.01023	0.01717	0.76334	0.03870	0.01284	0.01579	0.01459	0.01136	0.01459	0.01009	0.01517	0.00762	0.00584	0.00609	0.00192	0.02982	0.00508	0.00254	0.00635
11	0.02121	0.01574	0.01717	0.05052	0.01879	0.01749	0.01111	0.70893	0.02615	0.03501	0.01356	0.01381	0.00963	0.00681	0.00572	0.00173	0.00636	0.00515	0.00557	0.00956
12	0.02174	0.01602	0.01717	0.01316	0.01774	0.01774	0.01087	0.74423	0.02689	0.03605	0.01373	0.01373	0.00973	0.00687	0.00572	0.00172	0.00629	0.00515	0.00572	0.00973
13	0.01186	0.01017	0.01186	0.00847	0.01356	0.00762	0.00678	0.01440	0.01186	0.01864	0.01017	0.01186	0.00847	0.00424	0.00424	0.00085	0.00424	0.00339	0.00339	0.83395
14	0.01412	0.01368	0.02375	0.03455	0.72623	0.01363	0.05420	0.01759	0.01305	0.01867	0.01080	0.01422	0.00904	0.00508	0.00572	0.00171	0.00694	0.00518	0.00283	0.00899
15	0.01955	0.01461	0.01569	0.01257	0.01672	0.01627	0.01021	0.49281	0.25337	0.06119	0.01707	0.01634	0.01232	0.00715	0.00575	0.00179	0.00569	0.00559	0.00581	0.00952
16	0.00903	0.00645	0.00900	0.01032	0.01156	0.00642	0.00889	0.01153	0.01298	0.01691	0.03039	0.12492	0.03332	0.01598	0.00785	0.00261	0.00511	0.66623	0.00527	0.00522
17	0.00692	0.00580	0.00601	0.00596	0.00782	0.00490	0.00447	0.00851	0.01341	0.01633	0.13989	0.05361	0.67849	0.01416	0.00676	0.00192	0.00287	0.01187	0.00543	0.00490
18	0.02000	0.01434	0.01531	0.01193	0.01600	0.01579	0.00979	0.62952	0.02456	0.03374	0.01451	0.01492	0.01050	0.00683	0.00545	0.00166	0.00572	0.00518	0.13520	0.00904
19	0.01066	0.00533	0.00533	0.00533	0.00666	0.00533	0.00400	0.01333	0.01200	0.02132	0.01866	0.02132	0.01466	0.00666	0.00400	0.00133	0.00267	0.00533	0.83073	0.00533
20	0.02137	0.02726	0.01621	0.01474	0.01768	0.77602	0.01105	0.02284	0.01621	0.01400	0.00884	0.01031	0.00737	0.00589	0.00516	0.00147	0.01031	0.00368	0.00295	0.00663
21	0.01416	0.01359	0.02322	0.03511	0.76330	0.01359	0.01755	0.01755	0.01302	0.01869	0.01076	0.01416	0.00906	0.00510	0.00566	0.00170	0.00680	0.00510	0.00283	0.00906
22	0.01402	0.01345	0.02296	0.06666	0.73285	0.01355	0.01748	0.01743	0.01296	0.01852	0.01073	0.01420	0.00900	0.00512	0.00567	0.00171	0.00683	0.00510	0.00282	0.00895
23	0.02120	0.01575	0.01686	0.01305	0.01753	0.01748	0.01074	0.69231	0.07970	0.03517	0.01443	0.01429	0.01029	0.00693	0.00573	0.00173	0.00617	0.00525	0.00573	0.00968
24	0.00697	0.00498	0.00664	0.00796	0.00830	0.00465	0.00531	0.00796	0.01095	0.01460	0.03153	0.79525	0.03783	0.01792	0.00730	0.00232	0.00332	0.01626	0.00531	0.00465
25	0.00818	0.00611	0.00909	0.00909	0.01008	0.00710	0.00703	0.01015	0.00916	0.01321	0.01541	0.02297	0.01451	0.06797	0.75153	0.00907	0.01500	0.00620	0.00308	0.00505
26	0.00697	0.00498	0.00664	0.00796	0.00830	0.00465	0.00531	0.00796	0.01095	0.01460	0.03153	0.79525	0.03783	0.01792	0.00730	0.00232	0.00332	0.01626	0.00531	0.00465
27	0.01186	0.01017	0.01186	0.00847	0.01356	0.00762	0.00678	0.01440	0.01186	0.01864	0.01017	0.01186	0.00847	0.00424	0.00424	0.00085	0.00424	0.00339	0.00339	0.83395
28	0.01423	0.01453	0.02896	0.02154	0.05751	0.01355	0.55431	0.05883	0.01414	0.04671	0.01189	0.01499	0.00893	0.00496	0.00630	0.00177	0.00850	0.00614	0.00326	0.10895
29	0.01147	0.02959	0.76934	0.01630	0.02476	0.01328	0.02113	0.01811	0.01208	0.01811	0.01026	0.01208	0.00725	0.00543	0.00543	0.00181	0.00845	0.00423	0.00242	0.00845
30	0.00922	0.00658	0.00922	0.01053	0.01185	0.00658	0.00922	0.01185	0.01317	0.01712	0.03029	0.06452	0.03292	0.01580	0.00790	0.00263	0.00527	0.72480	0.00527	0.00527
31	0.01877	0.01444	0.01646	0.01238	0.01714	0.01492	0.04056	0.52006	0.02234	0.03068	0.01270	0.01331	0.00935	0.00608	0.00537	0.00149	0.00589	0.00475	0.00498	0.22832
32	0.02566	0.00973	0.01327	0.01018	0.01460	0.00841	0.00841	0.02788	0.01637	0.76726	0.02257	0.01947	0.01416	0.00708	0.00575	0.00177	0.00487	0.00575	0.00708	0.00973
33	0.00767	0.00583	0.00706	0.00675	0.00829	0.00522	0.00507	0.00998	0.01520	0.02057	0.53857	0.04662	0.27715	0.01258	0.00675	0.00184	0.00276	0.01089	0.00599	0.00522
34	0.00964	0.00829	0.01202	0.01117	0.01184	0.01067	0.00897	0.01142	0.00905	0.01344	0.01267	0.01909	0.01200	0.03174	0.51931	0.00692	0.27763	0.00575	0.00287	0.00550
35	0.00800	0.00599	0.00651	0.00628	0.00817	0.00513	0.00471	0.00966	0.01360	0.05461	0.17786	0.05049	0.57396	0.04051	0.00747	0.00202	0.00305	0.01132	0.00551	0.00513
36	0.01147	0.02959	0.76934	0.01630	0.02476	0.01328	0.02113	0.01811	0.01208	0.01811	0.01026	0.01208	0.00725	0.00543	0.00543	0.00181	0.00845	0.00423	0.00242	0.00845
37	0.00920	0.00619	0.00688	0.00685	0.00693	0.00607	0.00388	0.00898	0.00889	0.01194	0.01876	0.03826	0.02143	0.78890	0.02915	0.00565	0.00582	0.00854	0.00375	0.00394
38	0.01503	0.01284	0.01349	0.01218	0.01545	0.01463	0.00939	0.03076	0.74355	0.02460	0.02395	0.02238	0.01814	0.00829	0.00617	0.00209	0.00482	0.00671	0.00607	0.00945
39	0.01231	0.02991	0.75975	0.01678	0.02520	0.01370	0.02131	0.01864	0.01260	0.01887	0.01111	0.01324	0.00806	0.00600	0.00579	0.00196	0.00869	0.00450	0.00271	0.00886
40	0.00906	0.00677	0.00980	0.00976	0.01085	0.00765	0.00751	0.01085	0.00975	0.01410	0.01609	0.02350	0.01502	0.04296	0.76633	0.00925	0.01547	0.00638	0.00335	0.00556
41	0.00906	0.00677	0.00980	0.00976	0.01085	0.00765	0.00751	0.01085	0.00975	0.01410	0.01609	0.02350	0.01502	0.04296	0.76633	0.00925	0.01547	0.00638	0.00335	0.00556
42	0.00909	0.00662	0.00904	0.00900	0.00983	0.00724	0.00657	0.01036	0.00953	0.01353	0.01679	0.02734	0.01669	0.23697	0.57460	0.00831	0.01296	0.00694	0.00346	0.00514
43	0.01270	0.01075	0.01243	0.00905	0.01415	0.00812	0.00714	0.01498	0.01238	0.01938	0.01101	0.01303	0.00927	0.00481	0.00461	0.00101	0.00453	0.00368	0.00367	0.82328
44	0.01608	0.79238	0.03030	0.01035	0.01526	0.02293	0.01011	0.01767	0.01215	0.01427	0.00882	0.01038	0.00815	0.00546	0.00405	0.00138	0.00639	0.00335	0.00274	0.00776
45	0.78890	0.01138	0.00899	0.00810	0.01157	0.01290	0.00653	0.01707	0.01060	0.02618	0.04524	0.01211	0.00934	0.00618	0.00408	0.00192	0.00463	0.00374	0.00396	0.00659
46	0.01496	0.01413	0.02363	0.03533	0.75384	0.01401	0.01778	0.01809	0.01353	0.01943	0.01159	0.01529	0.00985	0.00566	0.00602	0.00185	0.00706	0.00536	0.00312	0.00946
47	0.01628	0.76766	0.02986	0.01051	0.01536	0.04695	0.01015	0.01785	0.01229	0.01429	0.00885	0.01042	0.00815	0.00550	0.00410	0.00139	0.00652	0.00337	0.00276	0.00774
48	0.00917	0.00630	0.00742	0.00739	0.00766	0.00636	0.00455	0.00932	0.00905	0.01234	0.01827	0.03552	0.02024	0.65080	0.16563	0.00631	0.00761	0.00814	0.00368	0.00424
49	0.01270	0.01075	0.01243	0.00905	0.01415	0.00812	0.00714	0.01498	0.01238	0.01938	0.01101	0.01303	0.00927	0.00481	0.00461	0.00101	0.00453	0.00368	0.00367	0.82328

[dist]
# distance from previous block
# <min> <max>
0	25

[block]
# block no. 1 follows, 41 sequences, length 48
# corresponding to MSA columns:
# 579-626
name=unknown_B
#
# <colnr> <probs for GDERKNQSTAVLIFYWHMCP>
#	G	D	E	R	K	N	Q	S	T	A	V	L	I	F	Y	W	H	M	C	P
0	0.00701	0.00580	0.00614	0.00606	0.00788	0.00494	0.00454	0.00870	0.01363	0.01687	0.19080	0.05272	0.62724	0.01396	0.00676	0.00191	0.00286	0.01174	0.00550	0.00494
1	0.01186	0.01017	0.01186	0.00847	0.01356	0.00762	0.00678	0.01440	0.01186	0.01864	0.01017	0.01186	0.00847	0.00424	0.00424	0.00085	0.00424	0.00339	0.00339	0.83395
2	0.01796	0.01320	0.01309	0.01062	0.01398	0.06744	0.00856	0.44541	0.02109	0.02949	0.01505	0.01606	0.01123	0.00673	0.00510	0.00157	0.00535	0.00511	0.28494	0.00802
3	0.01344	0.01047	0.01227	0.00886	0.01387	0.00826	0.00713	0.05670	0.01305	0.07515	0.01129	0.01253	0.00896	0.00460	0.00443	0.00096	0.00440	0.00366	0.00379	0.72617
4	0.02137	0.02726	0.01621	0.01474	0.01768	0.77602	0.01105	0.02284	0.01621	0.01400	0.00884	0.01031	0.00737	0.00589	0.00516	0.00147	0.01031	0.00368	0.00295	0.00663
5	0.00697	0.00498	0.00664	0.00796	0.00830	0.00465	0.00531	0.00796	0.01095	0.01460	0.03153	0.79525	0.03783	0.01792	0.00730	0.00232	0.00332	0.01626	0.00531	0.00465
6	0.00817	0.00613	0.00919	0.00919	0.01021	0.00715	0.00715	0.01021	0.00919	0.01328	0.01532	0.02247	0.01430	0.04290	0.77631	0.00919	0.01532	0.00613	0.00306	0.00511
7	0.05410	0.01212	0.01339	0.01075	0.01430	0.01291	0.00871	0.41613	0.03650	0.09096	0.20474	0.02359	0.05982	0.00844	0.00594	0.00176	0.00498	0.00680	0.00586	0.00821
8	0.01350	0.01543	0.03375	0.02411	0.02989	0.01446	0.74253	0.01832	0.01350	0.01832	0.01157	0.01543	0.00868	0.00482	0.00675	0.00193	0.00964	0.00675	0.00289	0.00771
9	0.00697	0.00498	0.00664	0.00796	0.00830	0.00465	0.00531	0.00796	0.01095	0.01460	0.03153	0.79525	0.03783	0.01792	0.00730	0.00232	0.00332	0.01626	0.00531	0.00465
10	0.02137	0.02726	0.01621	0.01474	0.01768	0.77602	0.01105	0.02284	0.01621	0.01400	0.00884	0.01031	0.00737	0.00589	0.00516	0.00147	0.01031	0.00368	0.00295	0.00663
11	0.02566	0.00973	0.01327	0.01018	0.01460	0.00841	0.00841	0.02788	0.01637	0.76726	0.02257	0.01947	0.01416	0.00708	0.00575	0.00177	0.00487	0.00575	0.00708	0.00973
12	0.00697	0.00498	0.00664	0.00796	0.00830	0.00465	0.00531	0.00796	0.01095	0.01460	0.03153	0.79525	0.03783	0.01792	0.00730	0.00232	0.00332	0.01626	0.00531	0.00465
13	0.01350	0.01543	0.03375	0.02411	0.02989	0.01446	0.74253	0.01832	0.01350	0.01832	0.01157	0.01543	0.00868	0.00482	0.00675	0.00193	0.00964	0.00675	0.00289	0.00771
14	0.00800	0.00541	0.00633	0.00665	0.00673	0.00533	0.00390	0.00823	0.00894	0.01193	0.02124	0.21785	0.02485	0.61303	0.02392	0.00478	0.00502	0.01021	0.00390	0.00375
15	0.01288	0.01087	0.01177	0.01066	0.01348	0.01229	0.00825	0.02609	0.59101	0.02371	0.18529	0.02604	0.02549	0.00862	0.00602	0.00191	0.00412	0.00732	0.00592	0.00825
16	0.00763	0.00549	0.00723	0.00751	0.00844	0.00509	0.00536	0.00963	0.01404	0.01952	0.46167	0.35108	0.04736	0.01424	0.00697	0.00201	0.00295	0.01277	0.00589	0.00509
17	0.01529	0.80242	0.02997	0.00979	0.01468	0.02263	0.00979	0.01713	0.01162	0.01346	0.00795	0.00918	0.00734	0.00489	0.00367	0.00122	0.00612	0.00306	0.00245	0.00734
18	0.01268	0.02453	0.56421	0.01445	0.02194	0.01219	0.01749	0.04650	0.01284	0.05739	0.01102	0.01248	0.00792	0.00536	0.00525	0.00163	0.00742	0.00419	0.00296	0.15756
19	0.05548	0.01021	0.01668	0.74330	0.03787	0.01271	0.01536	0.01473	0.01135	0.01521	0.01005	0.01493	0.00755	0.00570	0.00560	0.00190	0.00745	0.00498	0.00260	0.00635
20	0.02174	0.01602	0.01717	0.01316	0.01774	0.01774	0.01087	0.74423	0.02689	0.03605	0.01373	0.01373	0.00973	0.00687	0.00572	0.00172	0.00629	0.00515	0.00572	0.00973
21	0.00688	0.00560	0.00609	0.00639	0.00790	0.00481	0.00463	0.00828	0.01270	0.01563	0.08768	0.23202	0.55115	0.01517	0.00689	0.00202	0.00299	0.01299	0.00536	0.00481
22	0.00722	0.00517	0.00686	0.00780	0.00835	0.00481	0.00533	0.00859	0.01210	0.01643	0.19172	0.62983	0.04138	0.01655	0.00718	0.00221	0.00318	0.01496	0.00553	0.00481
23	0.00994	0.00497	0.00745	0.00745	0.00745	0.00497	0.00497	0.00745	0.00745	0.00994	0.00994	0.01739	0.00994	0.01987	0.02235	0.83358	0.00497	0.00497	0.00248	0.00248
24	0.00695	0.00505	0.00657	0.00778	0.00825	0.00466	0.00523	0.00799	0.01113	0.01467	0.03376	0.73255	0.09908	0.01763	0.00725	0.00229	0.00328	0.01591	0.00531	0.00466
25	0.02138	0.02682	0.01625	0.01467	0.01768	0.74607	0.01104	0.05133	0.01663	0.01487	0.00903	0.01045	0.00746	0.00593	0.00518	0.00148	0.01016	0.00374	0.00306	0.00675
26	0.01206	0.01313	0.02779	0.02056	0.02515	0.01231	0.58047	0.01605	0.01294	0.01750	0.01596	0.18685	0.01509	0.00770	0.00687	0.00202	0.00825	0.00884	0.00342	0.00704
27	0.00832	0.00555	0.00624	0.00624	0.00624	0.00555	0.00347	0.00832	0.00832	0.01109	0.01802	0.03743	0.02080	0.79898	0.02911	0.00555	0.00555	0.00832	0.00347	0.00347
28	0.01137	0.00627	0.00834	0.00820	0.00973	0.00567	0.00599	0.01308	0.01355	0.18224	0.21960	0.41260	0.05293	0.01384	0.00680	0.00206	0.00349	0.01232	0.00596	0.00596
29	0.00697	0.00498	0.00664	0.00796	0.00830	0.00465	0.00531	0.00796	0.01095	0.01460	0.03153	0.79525	0.03783	0.01792	0.00730	0.00232	0.00332	0.01626	0.00531	0.00465
30	0.01529	0.80242	0.02997	0.00979	0.01468	0.02263	0.00979	0.01713	0.01162	0.01346	0.00795	0.00918	0.00734	0.00489	0.00367	0.00122	0.00612	0.00306	0.00245	0.00734
31	0.00697	0.00498	0.00664	0.00796	0.00830	0.00465	0.00531	0.00796	0.01095	0.01460	0.03153	0.79525	0.03783	0.01792	0.00730	0.00232	0.00332	0.01626	0.00531	0.00465
32	0.01320	0.01254	0.02112	0.19563	0.51282	0.01317	0.03931	0.01736	0.05071	0.01799	0.01212	0.01691	0.01017	0.00581	0.00581	0.00180	0.00689	0.03535	0.00303	0.00827
33	0.01350	0.01543	0.03375	0.02411	0.02989	0.01446	0.74253	0.01832	0.01350	0.01832	0.01157	0.01543	0.00868	0.00482	0.00675	0.00193	0.00964	0.00675	0.00289	0.00771
34	0.02174	0.01602	0.01717	0.01316	0.01774	0.01774	0.01087	0.74423	0.02689	0.03605	0.01373	0.01373	0.00973	0.00687	0.00572	0.00172	0.00629	0.00515	0.00572	0.00973
35	0.00697	0.00498	0.00664	0.00796	0.00830	0.00465	0.00531	0.00796	0.01095	0.01460	0.03153	0.79525	0.03783	0.01792	0.00730	0.00232	0.00332	0.01626	0.00531	0.00465
36	0.01818	0.02567	0.18305	0.01558	0.02004	0.48597	0.07532	0.05792	0.01554	0.01643	0.01084	0.01241	0.02600	0.00596	0.00542	0.00161	0.00946	0.00434	0.00303	0.00724
37	0.01420	0.01548	0.03234	0.02318	0.02886	0.01474	0.68028	0.08008	0.01464	0.01983	0.01176	0.01528	0.00877	0.00500	0.00666	0.00191	0.00936	0.00661	0.00313	0.00789
38	0.00839	0.00563	0.00649	0.00660	0.00672	0.00563	0.00396	0.00862	0.00873	0.01160	0.01907	0.03974	0.02183	0.73236	0.02731	0.00530	0.00552	0.06927	0.00362	0.00362
39	0.00913	0.00654	0.00922	0.01042	0.01171	0.00663	0.00904	0.01171	0.01283	0.01679	0.02901	0.06094	0.03133	0.01811	0.07327	0.00319	0.00612	0.66366	0.00508	0.00525
40	0.09169	0.08582	0.08057	0.01107	0.01581	0.01104	0.03895	0.02482	0.04807	0.50558	0.01849	0.01693	0.01218	0.00652	0.00539	0.00174	0.00543	0.00522	0.00572	0.00899
41	0.00848	0.00621	0.00810	0.00880	0.04747	0.00582	0.00627	0.01086	0.01430	0.01990	0.38698	0.11443	0.14718	0.01248	0.00667	0.00194	0.00335	0.10946	0.07588	0.00541
42	0.00816	0.00610	0.00906	0.00902	0.01007	0.00700	0.00700	0.01026	0.00979	0.01410	0.07870	0.02419	0.01767	0.04024	0.71085	0.00856	0.01425	0.00649	0.00334	0.00513
43	0.01391	0.01347	0.02356	0.03320	0.67123	0.01339	0.07890	0.01739	0.01307	0.01859	0.01160	0.01625	0.00997	0.00550	0.00584	0.00176	0.00698	0.03366	0.00293	0.00880
44	0.00716	0.00511	0.00686	0.00818	0.00860	0.00481	0.00564	0.00830	0.01114	0.01482	0.03142	0.73308	0.03741	0.01774	0.00735	0.00235	0.00348	0.07654	0.00531	0.00470
45	0.02033	0.12201	0.01782	0.01392	0.01720	0.61715	0.01080	0.05459	0.04697	0.01533	0.00955	0.01079	0.00789	0.00589	0.00503	0.00147	0.00937	0.00379	0.00313	0.00696
46	0.01567	0.72265	0.06450	0.01012	0.01516	0.02142	0.01026	0.01775	0.01190	0.05432	0.00885	0.00987	0.00770	0.00504	0.00387	0.00128	0.00616	0.00326	0.00270	0.00752
47	0.02095	0.02264	0.01658	0.05379	0.01882	0.48455	0.01124	0.26241	0.01952	0.02137	0.01054	0.01171	0.00817	0.00621	0.00537	0.00158	0.00884	0.00424	0.00385	0.00765

[dist]
# distance from previous block
# <min> <max>
0	1

[block]
# block no. 2 follows, 41 sequences, length 26
# corresponding to MSA columns:
# 628-653
name=unknown_C
#
# <colnr> <probs for GDERKNQSTAVLIFYWHMCP>
#	G	D	E	R	K	N	Q	S	T	A	V	L	I	F	Y	W	H	M	C	P
0	0.01444	0.01464	0.05972	0.03431	0.72252	0.01379	0.01784	0.01786	0.01324	0.01904	0.01116	0.01464	0.00938	0.00540	0.00583	0.00178	0.00701	0.00519	0.00296	0.00924
1	0.01923	0.01458	0.01588	0.01206	0.01680	0.01498	0.00984	0.52693	0.02268	0.03124	0.01310	0.01378	0.00976	0.00638	0.00547	0.00154	0.00583	0.00477	0.00517	0.24998
2	0.01509	0.67512	0.14699	0.01111	0.01657	0.02131	0.01175	0.01756	0.01196	0.01461	0.00877	0.01025	0.00774	0.00527	0.00415	0.00140	0.00662	0.00339	0.00259	0.00773
3	0.01190	0.02975	0.76441	0.01655	0.02499	0.01350	0.02122	0.01839	0.01234	0.01850	0.01070	0.01268	0.00766	0.00572	0.00562	0.00189	0.00858	0.00437	0.00257	0.00866
4	0.01294	0.01280	0.01777	0.01527	0.01531	0.01771	0.01266	0.01407	0.00905	0.01418	0.00796	0.01311	0.00793	0.01027	0.01886	0.00258	0.78326	0.00514	0.00266	0.00648
5	0.00855	0.00618	0.00797	0.00750	0.00889	0.00567	0.00559	0.01112	0.01643	0.02329	0.75554	0.04311	0.05407	0.01194	0.00692	0.00188	0.00286	0.01044	0.00642	0.00563
6	0.01570	0.79726	0.03014	0.01008	0.01498	0.02278	0.00995	0.01741	0.01189	0.01388	0.00840	0.00979	0.00776	0.00519	0.00387	0.00131	0.00626	0.00321	0.00260	0.00756
7	0.00764	0.00614	0.00670	0.00654	0.00832	0.00528	0.00487	0.00934	0.01427	0.01816	0.27370	0.05157	0.53911	0.01386	0.00693	0.00197	0.00300	0.01163	0.00575	0.00524
8	0.01206	0.01149	0.01978	0.58487	0.17163	0.01322	0.07137	0.01573	0.01216	0.01605	0.01081	0.01564	0.00838	0.00582	0.00597	0.00195	0.00775	0.00535	0.00277	0.00718
9	0.00841	0.00617	0.00777	0.00735	0.00880	0.00561	0.00548	0.01084	0.01609	0.02248	0.67959	0.04445	0.13052	0.01224	0.00692	0.00189	0.00288	0.01063	0.00632	0.00557
10	0.01616	0.73853	0.02910	0.01045	0.01521	0.07987	0.01005	0.01784	0.01224	0.01392	0.00847	0.00988	0.00776	0.00526	0.00398	0.00133	0.00657	0.00326	0.00264	0.00750
11	0.83411	0.01136	0.00872	0.00783	0.01139	0.01305	0.00639	0.01709	0.01002	0.02600	0.00841	0.00991	0.00662	0.00560	0.00374	0.00185	0.00458	0.00325	0.00369	0.00642
12	0.00743	0.00531	0.00697	0.00827	0.00864	0.00492	0.00551	0.00831	0.01123	0.01501	0.03181	0.79045	0.03804	0.01812	0.00747	0.00240	0.00348	0.01632	0.00544	0.00488
13	0.00967	0.00691	0.00953	0.01082	0.01217	0.00685	0.00939	0.01216	0.01343	0.01751	0.03058	0.06476	0.03316	0.01602	0.00807	0.00271	0.00541	0.71997	0.00540	0.00550
14	0.00742	0.00536	0.00692	0.00815	0.00861	0.00493	0.00546	0.00832	0.01133	0.01506	0.03320	0.75165	0.07594	0.01794	0.00744	0.00238	0.00345	0.01610	0.00544	0.00489
15	0.01457	0.01387	0.02343	0.03522	0.75844	0.01380	0.01767	0.01783	0.01328	0.01907	0.01119	0.01474	0.00947	0.00539	0.00585	0.00178	0.00693	0.00523	0.00298	0.00927
16	0.00864	0.00595	0.00704	0.00741	0.00769	0.00570	0.00457	0.00896	0.01025	0.01384	0.07647	0.28580	0.02930	0.47859	0.02042	0.00432	0.00486	0.01125	0.00452	0.00441
17	0.00855	0.00640	0.00774	0.00737	0.00893	0.00572	0.00547	0.01070	0.01581	0.02167	0.57617	0.04648	0.23126	0.01282	0.00705	0.00197	0.00303	0.01095	0.00627	0.00565
18	0.00770	0.00637	0.00657	0.00649	0.00841	0.00536	0.00481	0.00906	0.01382	0.01693	0.13181	0.05428	0.67858	0.01458	0.00706	0.00205	0.00315	0.01204	0.00564	0.00529
19	0.01260	0.01068	0.01237	0.00898	0.01408	0.00806	0.00710	0.01491	0.01232	0.01930	0.01091	0.01289	0.00918	0.00475	0.00457	0.00099	0.00450	0.00364	0.00364	0.82451
20	0.02001	0.01417	0.01544	0.01243	0.01641	0.01523	0.00999	0.50331	0.10413	0.09548	0.01981	0.07736	0.05141	0.00868	0.00622	0.00194	0.00582	0.00677	0.00602	0.00937
21	0.05338	0.19328	0.53434	0.01524	0.02256	0.01568	0.04925	0.01832	0.01239	0.01816	0.01046	0.01250	0.00800	0.00578	0.00534	0.00182	0.00802	0.00428	0.00276	0.00843
22	0.01210	0.01058	0.01525	0.08533	0.19391	0.03374	0.03520	0.01514	0.03503	0.01870	0.11287	0.03642	0.02371	0.01056	0.00760	0.00221	0.04949	0.25760	0.00445	0.04011
23	0.01470	0.14234	0.12263	0.02879	0.53821	0.01536	0.01698	0.01803	0.01312	0.01843	0.01098	0.01409	0.00925	0.00561	0.00563	0.00177	0.00714	0.00489	0.00297	0.00906
24	0.01965	0.01364	0.01645	0.01386	0.05827	0.01394	0.04173	0.40995	0.02113	0.13915	0.01704	0.09862	0.01386	0.00812	0.00611	0.00185	0.00598	0.00655	0.00560	0.08850
25	0.04892	0.11737	0.42011	0.01496	0.02149	0.05552	0.03600	0.13549	0.05615	0.02152	0.01188	0.01343	0.00894	0.00623	0.00555	0.00185	0.00779	0.00460	0.00349	0.00871

[dist]
# distance from previous block
# <min> <max>
0	1

[block]
# block no. 3 follows, 41 sequences, length 44
# corresponding to MSA columns:
# 655-698
name=unknown_D
#
# <colnr> <probs for GDERKNQSTAVLIFYWHMCP>
#	G	D	E	R	K	N	Q	S	T	A	V	L	I	F	Y	W	H	M	C	P
0	0.01306	0.01217	0.01731	0.01423	0.01560	0.01530	0.05266	0.01477	0.00988	0.04883	0.00886	0.01288	0.00803	0.00863	0.01510	0.00216	0.57957	0.00487	0.00288	0.14320
1	0.02963	0.01314	0.02481	0.07259	0.04457	0.01213	0.41667	0.01842	0.01330	0.11240	0.01248	0.01505	0.00922	0.00507	0.00595	0.00168	0.00763	0.00571	0.00351	0.17604
2	0.01529	0.80242	0.02997	0.00979	0.01468	0.02263	0.00979	0.01713	0.01162	0.01346	0.00795	0.00918	0.00734	0.00489	0.00367	0.00122	0.00612	0.00306	0.00245	0.00734
3	0.05142	0.01243	0.02530	0.01900	0.02322	0.01177	0.51036	0.01548	0.01264	0.01768	0.01673	0.22331	0.01634	0.00834	0.00674	0.00203	0.00770	0.00911	0.00357	0.00682
4	0.01186	0.01017	0.01186	0.00847	0.01356	0.00762	0.00678	0.01440	0.01186	0.01864	0.01017	0.01186	0.00847	0.00424	0.00424	0.00085	0.00424	0.00339	0.00339	0.83395
5	0.01109	0.01021	0.01587	0.47371	0.02861	0.01307	0.01351	0.01406	0.01104	0.01535	0.05679	0.01662	0.01096	0.00733	0.00924	0.00202	0.22049	0.00541	0.05842	0.00620
6	0.02343	0.01168	0.01428	0.01113	0.01547	0.01150	0.00913	0.21929	0.09582	0.49480	0.02028	0.01813	0.01332	0.00709	0.00575	0.00177	0.00521	0.00567	0.00659	0.00966
7	0.00727	0.00577	0.00653	0.00643	0.00806	0.00503	0.00479	0.00916	0.01411	0.01820	0.31818	0.08821	0.46077	0.01362	0.00678	0.00190	0.00284	0.01164	0.00568	0.00503
8	0.02174	0.01602	0.01717	0.01316	0.01774	0.01774	0.01087	0.74423	0.02689	0.03605	0.01373	0.01373	0.00973	0.00687	0.00572	0.00172	0.00629	0.00515	0.00572	0.00973
9	0.00714	0.00581	0.00632	0.00619	0.00796	0.00499	0.00465	0.00895	0.01394	0.01759	0.25819	0.05153	0.55940	0.01369	0.00676	0.00189	0.00284	0.01158	0.00559	0.00499
10	0.01350	0.01543	0.03375	0.02411	0.02989	0.01446	0.74253	0.01832	0.01350	0.01832	0.01157	0.01543	0.00868	0.00482	0.00675	0.00193	0.00964	0.00675	0.00289	0.00771
11	0.01884	0.01458	0.01553	0.01257	0.01663	0.01638	0.01017	0.46877	0.30707	0.03137	0.01742	0.01667	0.01271	0.00721	0.00576	0.00180	0.00561	0.00566	0.00576	0.00947
12	0.02174	0.01602	0.01717	0.01316	0.01774	0.01774	0.01087	0.74423	0.02689	0.03605	0.01373	0.01373	0.00973	0.00687	0.00572	0.00172	0.00629	0.00515	0.00572	0.00973
13	0.01147	0.02959	0.76934	0.01630	0.02476	0.01328	0.02113	0.01811	0.01208	0.01811	0.01026	0.01208	0.00725	0.00543	0.00543	0.00181	0.00845	0.00423	0.00242	0.00845
14	0.00922	0.00658	0.00922	0.01053	0.01185	0.00658	0.00922	0.01185	0.01317	0.01712	0.03029	0.06452	0.03292	0.01580	0.00790	0.00263	0.00527	0.72480	0.00527	0.00527
15	0.00786	0.00597	0.00653	0.00629	0.00820	0.00511	0.00475	0.00962	0.01389	0.04896	0.21412	0.05077	0.57063	0.01355	0.00671	0.00189	0.00294	0.01142	0.00561	0.00516
16	0.02529	0.00982	0.01326	0.01022	0.01461	0.00860	0.00843	0.02796	0.04035	0.74306	0.02259	0.01953	0.01427	0.00710	0.00575	0.00178	0.00486	0.00578	0.00704	0.00971
17	0.01470	0.01252	0.01320	0.01174	0.01505	0.01445	0.00917	0.07492	0.70768	0.02468	0.02269	0.02087	0.01698	0.00770	0.00581	0.00193	0.00464	0.00638	0.00581	0.00910
18	0.02137	0.02726	0.01621	0.01474	0.01768	0.77602	0.01105	0.02284	0.01621	0.01400	0.00884	0.01031	0.00737	0.00589	0.00516	0.00147	0.01031	0.00368	0.00295	0.00663
19	0.01423	0.01229	0.01293	0.01164	0.01487	0.01423	0.00905	0.03039	0.75297	0.02393	0.02328	0.02134	0.01746	0.00776	0.00582	0.00194	0.00453	0.00647	0.00582	0.00905
20	0.01080	0.01017	0.01716	0.78523	0.03940	0.01271	0.01589	0.01461	0.01144	0.01461	0.01017	0.01525	0.00762	0.00572	0.00572	0.00191	0.00762	0.00508	0.00254	0.00635
21	0.01261	0.01285	0.01757	0.01494	0.01558	0.05920	0.05739	0.01418	0.00952	0.01401	0.00867	0.01364	0.00830	0.01298	0.09843	0.00313	0.61298	0.00516	0.00261	0.00625
22	0.01437	0.00983	0.01082	0.00895	0.01164	0.01046	0.00718	0.23801	0.01628	0.02487	0.01514	0.01706	0.01176	0.00670	0.00581	0.00149	0.07047	0.00500	0.40326	0.11091
23	0.01483	0.01094	0.01379	0.01003	0.01501	0.00905	0.04908	0.08360	0.01398	0.12722	0.01235	0.01332	0.00941	0.00492	0.00473	0.00112	0.00482	0.00408	0.00410	0.59361
24	0.02106	0.02426	0.01655	0.01550	0.05971	0.61081	0.01128	0.08369	0.01680	0.05872	0.01011	0.01138	0.00805	0.00608	0.00553	0.00154	0.02429	0.00403	0.00340	0.00720
25	0.01066	0.00533	0.00533	0.00533	0.00666	0.00533	0.00400	0.01333	0.01200	0.02132	0.01866	0.02132	0.01466	0.00666	0.00400	0.00133	0.00267	0.00533	0.83073	0.00533
26	0.08215	0.01096	0.01565	0.53471	0.03130	0.01328	0.01354	0.05894	0.14739	0.01846	0.01257	0.01577	0.00942	0.00612	0.00555	0.00189	0.00671	0.00517	0.00340	0.00702
27	0.01185	0.01161	0.01738	0.31223	0.02442	0.01566	0.01381	0.01409	0.00979	0.01409	0.00853	0.01357	0.00755	0.00835	0.01373	0.00227	0.48718	0.00504	0.00252	0.00629
28	0.02119	0.01557	0.01672	0.01297	0.01743	0.01724	0.01066	0.66807	0.08809	0.05111	0.01473	0.01450	0.01048	0.00695	0.00573	0.00174	0.00611	0.00527	0.00576	0.00967
29	0.01542	0.54791	0.02585	0.01136	0.01509	0.06397	0.01049	0.05786	0.01214	0.01483	0.00824	0.01020	0.00751	0.00614	0.00705	0.00153	0.17090	0.00362	0.00267	0.00721
30	0.00697	0.00498	0.00664	0.00796	0.00830	0.00465	0.00531	0.00796	0.01095	0.01460	0.03153	0.79525	0.03783	0.01792	0.00730	0.00232	0.00332	0.01626	0.00531	0.00465
31	0.01164	0.02839	0.70711	0.01696	0.02519	0.01338	0.08217	0.01813	0.01220	0.01813	0.01038	0.01236	0.00737	0.00538	0.00555	0.00182	0.00855	0.00444	0.00246	0.00839
32	0.02511	0.00986	0.01326	0.01025	0.01461	0.00869	0.00844	0.02800	0.05175	0.73156	0.02260	0.01956	0.01432	0.00711	0.00576	0.00178	0.00485	0.00579	0.00702	0.00970
33	0.00714	0.00516	0.00678	0.00794	0.00847	0.00480	0.00548	0.00834	0.01146	0.01520	0.06810	0.67153	0.08343	0.01729	0.00727	0.00229	0.00337	0.05586	0.00535	0.00473
34	0.00788	0.00533	0.00636	0.00686	0.00701	0.00521	0.00416	0.00831	0.00939	0.01265	0.02306	0.31858	0.02697	0.48881	0.02038	0.00424	0.00465	0.01119	0.02501	0.00395
35	0.01348	0.01571	0.06053	0.02275	0.02842	0.01440	0.65248	0.01934	0.07601	0.01879	0.01251	0.01580	0.00937	0.00509	0.00662	0.00193	0.00916	0.00663	0.00312	0.00786
36	0.01852	0.50148	0.04222	0.01050	0.01518	0.08727	0.00981	0.02054	0.01332	0.21477	0.01199	0.01210	0.00916	0.00558	0.00440	0.00141	0.00622	0.00386	0.00373	0.00794
37	0.00832	0.00555	0.00624	0.00624	0.00624	0.00555	0.00347	0.00832	0.00832	0.01109	0.01802	0.03743	0.02080	0.79898	0.02911	0.00555	0.00555	0.00832	0.00347	0.00347
38	0.01373	0.01586	0.11848	0.03119	0.56695	0.01368	0.12034	0.01773	0.01297	0.01856	0.01081	0.01407	0.00878	0.00510	0.00579	0.00175	0.00741	0.00522	0.00279	0.00879
39	0.05135	0.50090	0.21992	0.01258	0.01840	0.01909	0.07454	0.01747	0.01181	0.01562	0.00886	0.01046	0.00738	0.00505	0.00438	0.00146	0.00694	0.00367	0.00253	0.00761
40	0.01189	0.01282	0.16904	0.00986	0.01318	0.05189	0.05030	0.04995	0.01290	0.02014	0.01636	0.01888	0.02863	0.00870	0.05283	0.00200	0.00568	0.00528	0.45329	0.00638
41	0.01524	0.46418	0.12197	0.01060	0.01589	0.04199	0.01065	0.01786	0.01228	0.07881	0.00992	0.01095	0.00811	0.00506	0.00423	0.00129	0.00611	0.00352	0.00302	0.15831
42	0.00832	0.00555	0.00624	0.00624	0.00624	0.00555	0.00347	0.00832	0.00832	0.01109	0.01802	0.03743	0.02080	0.79898	0.02911	0.00555	0.00555	0.00832	0.00347	0.00347
43	0.00831	0.00558	0.00642	0.00642	0.00649	0.00565	0.00370	0.00844	0.00837	0.01123	0.01785	0.03650	0.02039	0.75182	0.07572	0.00577	0.00616	0.00818	0.00344	0.00357

[dist]
# distance from previous block
# <min> <max>
0	1

[block]
# block no. 4 follows, 41 sequences, length 9
# corresponding to MSA columns:
# 700-708
name=unknown_E
#
# <colnr> <probs for GDERKNQSTAVLIFYWHMCP>
#	G	D	E	R	K	N	Q	S	T	A	V	L	I	F	Y	W	H	M	C	P
0	0.02075	0.01553	0.01661	0.01296	0.01736	0.01728	0.01063	0.65018	0.12255	0.03445	0.01499	0.01474	0.01075	0.00698	0.00573	0.00175	0.00606	0.00532	0.00573	0.00964
1	0.01551	0.01430	0.05167	0.07855	0.41487	0.01396	0.01479	0.20224	0.01629	0.02280	0.01139	0.01380	0.00899	0.00552	0.00553	0.00164	0.00653	0.00490	0.00359	0.09314
2	0.06375	0.01190	0.01292	0.01114	0.01446	0.01313	0.00877	0.20103	0.35729	0.10403	0.02108	0.12055	0.01726	0.00867	0.00585	0.00191	0.00483	0.00717	0.00573	0.00855
3	0.08283	0.00840	0.00955	0.00890	0.01038	0.03440	0.00662	0.10737	0.01155	0.01675	0.01504	0.02410	0.01464	0.25301	0.36479	0.00624	0.01018	0.00629	0.00357	0.00539
4	0.01628	0.01300	0.01425	0.01209	0.01541	0.01493	0.00966	0.22066	0.43994	0.05374	0.02047	0.01958	0.03941	0.00792	0.00695	0.00192	0.07324	0.00615	0.00553	0.00887
5	0.04430	0.04589	0.01622	0.04251	0.01729	0.01605	0.01036	0.42586	0.17307	0.09428	0.01567	0.01549	0.01133	0.00702	0.00611	0.00179	0.03691	0.00532	0.00541	0.00912
6	0.00832	0.00555	0.00624	0.00624	0.00624	0.00555	0.00347	0.00832	0.00832	0.01109	0.01802	0.03743	0.02080	0.79898	0.02911	0.00555	0.00555	0.00832	0.00347	0.00347
7	0.01186	0.01017	0.01186	0.00847	0.01356	0.00762	0.00678	0.01440	0.01186	0.01864	0.01017	0.01186	0.00847	0.00424	0.00424	0.00085	0.00424	0.00339	0.00339	0.83395
8	0.01268	0.01209	0.02056	0.36436	0.44556	0.01320	0.01682	0.01626	0.01233	0.01690	0.01050	0.01464	0.00843	0.00537	0.00569	0.00179	0.00716	0.00509	0.00270	0.00787

[dist]
# distance from previous block
# <min> <max>
0	7

[block]
# block no. 5 follows, 41 sequences, length 102
# corresponding to MSA columns:
# 716-817
name=unknown_F
#
# <colnr> <probs for GDERKNQSTAVLIFYWHMCP>
#	G	D	E	R	K	N	Q	S	T	A	V	L	I	F	Y	W	H	M	C	P
0	0.02174	0.01553	0.01722	0.01327	0.01781	0.01693	0.02736	0.64370	0.05473	0.08960	0.01493	0.01480	0.01055	0.00702	0.00585	0.00178	0.00627	0.00535	0.00583	0.00976
1	0.18714	0.02272	0.01144	0.02560	0.01283	0.01093	0.02589	0.10628	0.04594	0.02285	0.01327	0.01534	0.01053	0.00705	0.02188	0.00172	0.05785	0.00459	0.23689	0.15924
2	0.05337	0.44742	0.07493	0.01194	0.03522	0.05420	0.01094	0.19468	0.01568	0.02031	0.00991	0.01105	0.00815	0.00562	0.00452	0.00147	0.00648	0.00381	0.00342	0.02690
3	0.02135	0.01972	0.01648	0.01354	0.01741	0.28716	0.01074	0.45530	0.02257	0.02774	0.01240	0.01313	0.00930	0.00666	0.00555	0.00166	0.00765	0.00471	0.03841	0.00855
4	0.00846	0.00575	0.00672	0.00672	0.00696	0.00569	0.00405	0.00886	0.00960	0.01303	0.11074	0.07210	0.02559	0.63244	0.05580	0.00511	0.00556	0.00890	0.00396	0.00395
5	0.01902	0.04014	0.03315	0.01360	0.01704	0.48820	0.01069	0.08651	0.01587	0.01708	0.00966	0.01137	0.00799	0.00610	0.00604	0.00150	0.06162	0.00393	0.00330	0.14719
6	0.00735	0.00537	0.00686	0.00776	0.00844	0.00492	0.00532	0.00857	0.01208	0.01611	0.13930	0.60091	0.12214	0.01674	0.00725	0.00224	0.00326	0.01497	0.00552	0.00490
7	0.00721	0.00515	0.00681	0.00812	0.00847	0.00479	0.00541	0.00814	0.01109	0.01481	0.03167	0.79276	0.03794	0.01802	0.00739	0.00236	0.00340	0.01629	0.00538	0.00477
8	0.01273	0.01266	0.01765	0.01515	0.01517	0.01762	0.01259	0.01392	0.00891	0.01398	0.00774	0.01282	0.00772	0.01014	0.01882	0.00254	0.78579	0.00508	0.00258	0.00637
9	0.01289	0.01099	0.01337	0.00966	0.01475	0.00881	0.03966	0.06892	0.01319	0.02012	0.01072	0.01247	0.00879	0.00461	0.00456	0.00100	0.00471	0.00374	0.00362	0.73343
10	0.00784	0.00607	0.00670	0.00648	0.00831	0.00522	0.00486	0.00962	0.01421	0.03506	0.27058	0.05065	0.52669	0.01359	0.00682	0.00193	0.00296	0.01145	0.00572	0.00523
11	0.00855	0.00572	0.00641	0.00640	0.00642	0.00568	0.00357	0.00849	0.00847	0.01132	0.01822	0.03765	0.02096	0.79630	0.02912	0.00557	0.00562	0.00838	0.00354	0.00359
12	0.01349	0.01504	0.03232	0.06542	0.03000	0.01426	0.68349	0.01801	0.01338	0.01813	0.01168	0.01576	0.00886	0.00537	0.00714	0.02091	0.00949	0.00668	0.00294	0.00763
13	0.01122	0.01069	0.01844	0.72985	0.03880	0.01294	0.06632	0.01502	0.01172	0.01508	0.01049	0.01556	0.00791	0.00580	0.00588	0.00195	0.00783	0.00527	0.00264	0.00656
14	0.01273	0.01266	0.01765	0.01515	0.01517	0.01762	0.01259	0.01392	0.00891	0.01398	0.00774	0.01282	0.00772	0.01014	0.01882	0.00254	0.78579	0.00508	0.00258	0.00637
15	0.02584	0.00989	0.01342	0.01032	0.01476	0.00854	0.00850	0.02798	0.01649	0.76479	0.02275	0.01975	0.01435	0.00722	0.00585	0.00181	0.00494	0.00582	0.00714	0.00984
16	0.01247	0.01225	0.01726	0.01476	0.01491	0.01673	0.02860	0.01366	0.00899	0.01390	0.00855	0.01458	0.00865	0.06354	0.01925	0.00273	0.71495	0.00534	0.00266	0.00622
17	0.01170	0.02967	0.76680	0.01643	0.02487	0.01340	0.02118	0.01825	0.01221	0.01831	0.01049	0.01239	0.00746	0.00558	0.00553	0.00185	0.00852	0.00430	0.00249	0.00856
18	0.01366	0.01545	0.03345	0.04154	0.03021	0.01453	0.72345	0.01838	0.01359	0.01844	0.01176	0.01572	0.00887	0.00499	0.00682	0.00197	0.00966	0.00678	0.00296	0.00779
19	0.01550	0.79975	0.03006	0.00994	0.01484	0.02271	0.00987	0.01727	0.01176	0.01367	0.00818	0.00950	0.00756	0.00505	0.00377	0.00127	0.00619	0.00314	0.00253	0.00745
20	0.01444	0.01243	0.01308	0.01178	0.01503	0.01434	0.00914	0.03049	0.75046	0.02411	0.02346	0.02162	0.01764	0.00790	0.00591	0.00198	0.00460	0.00653	0.00589	0.00916
21	0.01549	0.01439	0.02359	0.09125	0.69097	0.01434	0.01786	0.01838	0.01390	0.01985	0.01235	0.01647	0.01051	0.00626	0.00636	0.00202	0.00737	0.00562	0.00338	0.00964
22	0.01021	0.00736	0.00953	0.01055	0.01180	0.00696	0.00845	0.01189	0.01385	0.01839	0.08713	0.23575	0.06871	0.01677	0.00826	0.00275	0.00506	0.45472	0.00587	0.00599
23	0.01421	0.01380	0.01962	0.01661	0.01718	0.01802	0.06369	0.01523	0.01020	0.01567	0.00952	0.01499	0.00918	0.01064	0.01829	0.00275	0.71444	0.00565	0.00311	0.00721
24	0.01487	0.36818	0.37394	0.01429	0.02053	0.01850	0.01590	0.01841	0.01267	0.01725	0.01071	0.01312	0.00891	0.00662	0.00629	0.00190	0.06197	0.00431	0.00302	0.00861
25	0.00928	0.00708	0.00811	0.00779	0.00951	0.00619	0.00572	0.01095	0.01579	0.02118	0.45094	0.04932	0.34752	0.01379	0.00742	0.00215	0.00340	0.01144	0.00637	0.00604
26	0.01021	0.00782	0.01096	0.01072	0.01181	0.00885	0.00823	0.01170	0.01026	0.01492	0.01630	0.02379	0.01524	0.04074	0.70420	0.00883	0.06921	0.00655	0.00359	0.00607
27	0.01492	0.01381	0.02256	0.21830	0.56836	0.01419	0.01758	0.01789	0.01363	0.01916	0.01225	0.01666	0.01026	0.00636	0.00637	0.00205	0.00751	0.00562	0.00334	0.00918
28	0.81923	0.01218	0.00962	0.00868	0.01230	0.01367	0.00693	0.01788	0.01082	0.02694	0.00968	0.01165	0.00782	0.00642	0.00429	0.00207	0.00500	0.00367	0.00410	0.00705
29	0.01636	0.01778	0.01319	0.01278	0.01473	0.39588	0.00937	0.01732	0.01450	0.01574	0.01864	0.21008	0.01947	0.04719	0.09719	0.00313	0.00907	0.05669	0.00429	0.00659
30	0.01052	0.00737	0.00844	0.00794	0.00992	0.00639	0.00589	0.01209	0.01565	0.07608	0.36143	0.04820	0.37952	0.01359	0.00735	0.00216	0.00357	0.01119	0.00638	0.00633
31	0.01439	0.01255	0.06472	0.01129	0.01479	0.01167	0.00921	0.02334	0.38461	0.07340	0.10202	0.02951	0.14122	0.00982	0.00661	0.00212	0.00493	0.00782	0.00595	0.07004
32	0.01350	0.01131	0.01298	0.00961	0.01473	0.00860	0.00750	0.01553	0.01289	0.02010	0.01182	0.01415	0.01004	0.00537	0.00497	0.00117	0.00482	0.00396	0.00395	0.81300
33	0.01593	0.01460	0.02309	0.02669	0.39505	0.01462	0.14820	0.07458	0.14060	0.02245	0.04798	0.01907	0.01400	0.00703	0.00664	0.00209	0.00723	0.00639	0.00429	0.00948
34	0.00900	0.00644	0.00819	0.00941	0.01001	0.00592	0.00651	0.00971	0.01225	0.01646	0.03248	0.69307	0.03806	0.01845	0.00802	0.00265	0.00415	0.09777	0.00581	0.00562
35	0.10421	0.07601	0.01711	0.01405	0.01755	0.47306	0.01080	0.08945	0.04968	0.07139	0.01242	0.01390	0.00998	0.00711	0.00573	0.00186	0.00886	0.00454	0.00421	0.00809
36	0.01707	0.01426	0.02069	0.02720	0.47875	0.01447	0.01504	0.07141	0.17684	0.07437	0.01615	0.01830	0.01285	0.00705	0.00640	0.00206	0.00664	0.00597	0.00455	0.00993
37	0.01627	0.14981	0.01846	0.01476	0.06617	0.21406	0.01111	0.01758	0.01292	0.01627	0.01191	0.01589	0.01069	0.01299	0.11579	0.00307	0.20627	0.00505	0.07360	0.00735
38	0.02084	0.01225	0.01418	0.01205	0.01589	0.01246	0.00943	0.03000	0.41025	0.35244	0.02428	0.02256	0.01734	0.00850	0.00648	0.00216	0.00525	0.00664	0.00687	0.01014
39	0.00874	0.00626	0.00789	0.00912	0.00960	0.00570	0.00607	0.00927	0.01200	0.01617	0.03262	0.77691	0.03863	0.01870	0.00796	0.00261	0.00392	0.01649	0.00582	0.00554
40	0.01625	0.01481	0.02363	0.03406	0.69415	0.01469	0.01754	0.06789	0.01496	0.02133	0.01260	0.01636	0.01066	0.00633	0.00636	0.00200	0.00727	0.00562	0.00360	0.00989
41	0.01490	0.01236	0.01337	0.01244	0.01547	0.01358	0.00969	0.02760	0.59243	0.02398	0.02548	0.03048	0.02121	0.01009	0.00683	0.00233	0.00522	0.12855	0.00617	0.02783
42	0.02072	0.01559	0.01685	0.01303	0.01778	0.01598	0.01048	0.54833	0.02386	0.03281	0.01442	0.01552	0.01096	0.00729	0.00606	0.00181	0.00632	0.00524	0.00565	0.21130
43	0.02686	0.01102	0.01444	0.01133	0.01581	0.00956	0.00913	0.04384	0.01750	0.73350	0.02371	0.02144	0.01548	0.00814	0.00645	0.00207	0.00546	0.00624	0.00751	0.01050
44	0.02694	0.01089	0.01436	0.01127	0.01574	0.00936	0.00908	0.02865	0.01728	0.74900	0.02389	0.02156	0.01558	0.00814	0.00645	0.00207	0.00543	0.00626	0.00754	0.01050
45	0.01592	0.01226	0.01367	0.01283	0.02810	0.01326	0.00992	0.05616	0.49657	0.07585	0.02531	0.03128	0.02113	0.01025	0.00691	0.00235	0.00538	0.14744	0.00624	0.00917
46	0.01684	0.78270	0.03062	0.01089	0.01582	0.02321	0.01043	0.01819	0.01265	0.01506	0.00967	0.01154	0.00894	0.00601	0.00442	0.00154	0.00665	0.00363	0.00303	0.00817
47	0.00970	0.00699	0.00844	0.00817	0.00938	0.00636	0.00575	0.01122	0.01517	0.02115	0.51471	0.10002	0.09548	0.14663	0.01125	0.00278	0.00386	0.01094	0.00616	0.00585
48	0.01163	0.00625	0.00869	0.00862	0.00878	0.00601	0.00573	0.00877	0.00859	0.01163	0.01160	0.01953	0.01146	0.02060	0.02261	0.81197	0.00553	0.00549	0.00307	0.00344
49	0.06287	0.01095	0.01414	0.01115	0.01559	0.00955	0.00898	0.02816	0.01698	0.71626	0.02325	0.02111	0.01523	0.00806	0.00635	0.00207	0.00541	0.00614	0.00739	0.01034
50	0.00957	0.00697	0.00862	0.00866	0.00997	0.00631	0.00633	0.01129	0.01551	0.02147	0.47546	0.20497	0.10918	0.01448	0.00762	0.00228	0.00366	0.06517	0.00641	0.00606
51	0.01185	0.01023	0.01410	0.01291	0.01362	0.01277	0.01026	0.01304	0.01009	0.01510	0.01335	0.02004	0.01268	0.02832	0.41819	0.00631	0.36112	0.00612	0.00338	0.00651
52	0.01005	0.00681	0.00751	0.00744	0.00760	0.00657	0.00427	0.00961	0.00944	0.01275	0.01947	0.03905	0.02204	0.77918	0.02919	0.00575	0.00609	0.00876	0.00402	0.00440
53	0.02305	0.01518	0.01681	0.01324	0.01776	0.01580	0.01067	0.49503	0.07391	0.19165	0.01768	0.01764	0.01268	0.00793	0.00637	0.00201	0.00631	0.00582	0.00642	0.04402
54	0.01510	0.01644	0.03429	0.02483	0.03063	0.01526	0.72386	0.01935	0.01448	0.01979	0.01319	0.01763	0.01024	0.00594	0.00742	0.00223	0.01008	0.00723	0.00347	0.00853
55	0.01005	0.00681	0.00751	0.00744	0.00760	0.00657	0.00427	0.00961	0.00944	0.01275	0.01947	0.03905	0.02204	0.77918	0.02919	0.00575	0.00609	0.00876	0.00402	0.00440
56	0.01163	0.00625	0.00869	0.00862	0.00878	0.00601	0.00573	0.00877	0.00859	0.01163	0.01160	0.01953	0.01146	0.02060	0.02261	0.81197	0.00553	0.00549	0.00307	0.00344
57	0.00908	0.00708	0.00783	0.00757	0.00938	0.00611	0.00556	0.01056	0.01532	0.02005	0.34426	0.05119	0.45491	0.01422	0.00742	0.00217	0.00343	0.01171	0.00622	0.00595
58	0.01684	0.78270	0.03062	0.01089	0.01582	0.02321	0.01043	0.01819	0.01265	0.01506	0.00967	0.01154	0.00894	0.00601	0.00442	0.00154	0.00665	0.00363	0.00303	0.00817
