[name]
unknown

[dist]
# distance from previous block
# <min> <max>
0	97

[block]
# block no. 0 follows, 40 sequences, length 24
# corresponding to MSA columns:
# 97-120
name=unknown_A
#
# <colnr> <probs for GDERKNQSTAVLIFYWHMCP>
#	G	D	E	R	K	N	Q	S	T	A	V	L	I	F	Y	W	H	M	C	P
0	0.00704	0.00522	0.00658	0.00768	0.00832	0.00476	0.00521	0.00814	0.01154	0.01501	0.03717	0.65153	0.17547	0.01755	0.00732	0.00229	0.00329	0.01572	0.00540	0.00476
1	0.01378	0.01306	0.02216	0.09237	0.65235	0.01326	0.01714	0.01722	0.01312	0.01857	0.01224	0.01795	0.01074	0.00597	0.00592	0.00181	0.00687	0.05371	0.00302	0.00873
2	0.02984	0.06659	0.09521	0.32140	0.02822	0.01320	0.13549	0.01769	0.01260	0.12591	0.01310	0.05079	0.01022	0.00657	0.00655	0.00191	0.04806	0.00580	0.00345	0.00739
3	0.02258	0.01553	0.01698	0.01302	0.01765	0.01690	0.01075	0.65523	0.02607	0.12319	0.01503	0.01466	0.01043	0.00701	0.00582	0.00175	0.00623	0.00531	0.00598	0.00989
4	0.27319	0.10753	0.01820	0.25191	0.05753	0.01422	0.09875	0.01644	0.01140	0.01915	0.00950	0.01253	0.00751	0.00544	0.00517	0.00175	0.02289	0.00437	0.00300	0.05953
5	0.00709	0.00506	0.00675	0.00810	0.00843	0.00472	0.00540	0.00810	0.01113	0.01484	0.03205	0.79184	0.03846	0.01822	0.00742	0.00236	0.00337	0.01653	0.00540	0.00472
6	0.01399	0.01352	0.02370	0.03289	0.63638	0.01342	0.08868	0.01753	0.01330	0.01885	0.01237	0.01800	0.01082	0.00589	0.00602	0.00181	0.00709	0.05388	0.00305	0.00881
7	0.00781	0.00561	0.00742	0.00782	0.00876	0.00523	0.00565	0.00982	0.01406	0.01944	0.41333	0.35977	0.04684	0.01477	0.00716	0.00210	0.00315	0.05018	0.00592	0.00516
8	0.01113	0.01063	0.01836	0.74050	0.03953	0.01302	0.05540	0.01506	0.01174	0.01506	0.01041	0.01551	0.00781	0.00576	0.00587	0.00194	0.00786	0.00526	0.00260	0.00654
9	0.00835	0.00559	0.00637	0.00648	0.00651	0.00557	0.00367	0.00843	0.00867	0.01156	0.01940	0.09723	0.02250	0.73460	0.02786	0.00538	0.00546	0.00909	0.00367	0.00362
10	0.01084	0.00542	0.00542	0.00542	0.00678	0.00542	0.00407	0.01355	0.01220	0.02168	0.01897	0.02168	0.01491	0.00678	0.00407	0.00136	0.00271	0.00542	0.82791	0.00542
11	0.01446	0.01249	0.01315	0.01183	0.01512	0.01446	0.00920	0.03090	0.74885	0.02433	0.02367	0.02170	0.01775	0.00789	0.00592	0.00197	0.00460	0.00657	0.00592	0.00920
12	0.02172	0.02772	0.01648	0.01498	0.01798	0.77228	0.01124	0.02322	0.01648	0.01423	0.00899	0.01049	0.00749	0.00599	0.00524	0.00150	0.01049	0.00375	0.00300	0.00674
13	0.01184	0.06538	0.73176	0.01627	0.02470	0.01394	0.02096	0.01837	0.01226	0.01820	0.01033	0.01214	0.00737	0.00550	0.00544	0.00181	0.00849	0.00424	0.00246	0.00854
14	0.01984	0.01516	0.01618	0.01292	0.01717	0.01698	0.01050	0.52974	0.24126	0.03300	0.01684	0.01625	0.01222	0.00725	0.00585	0.00181	0.00587	0.00563	0.00585	0.00969
15	0.01373	0.01569	0.03431	0.02451	0.03039	0.01471	0.73824	0.01863	0.01373	0.01863	0.01176	0.01569	0.00882	0.00490	0.00686	0.00196	0.00980	0.00686	0.00294	0.00784
16	0.01852	0.01330	0.01950	0.06506	0.42886	0.06353	0.01428	0.02147	0.01449	0.26097	0.01469	0.01595	0.01071	0.00593	0.00575	0.00175	0.00656	0.00530	0.00428	0.00912
17	0.01947	0.01462	0.01573	0.01262	0.01683	0.01621	0.01023	0.45796	0.26584	0.06068	0.01744	0.01671	0.01264	0.00722	0.00581	0.00180	0.00569	0.00566	0.00584	0.03099
18	0.01081	0.01015	0.01723	0.71165	0.03778	0.01245	0.03551	0.01453	0.01165	0.01496	0.01175	0.06467	0.00973	0.00657	0.00594	0.00197	0.00753	0.00593	0.00277	0.00639
19	0.27054	0.03767	0.20256	0.10736	0.01961	0.01306	0.01226	0.07583	0.04342	0.13186	0.02674	0.01395	0.00966	0.00609	0.00503	0.00182	0.00617	0.00453	0.00401	0.00784
20	0.01337	0.14331	0.26100	0.08418	0.17882	0.02990	0.04581	0.01839	0.06385	0.01741	0.01085	0.01334	0.00862	0.00598	0.00667	0.00180	0.08101	0.00470	0.00284	0.00813
21	0.00766	0.00530	0.00658	0.00736	0.00755	0.00511	0.00461	0.00825	0.01001	0.01334	0.02627	0.47439	0.03117	0.34561	0.01676	0.00374	0.00433	0.01313	0.00461	0.00422
22	0.00963	0.00625	0.00822	0.00755	0.00917	0.00573	0.00573	0.01233	0.01648	0.08123	0.69890	0.04159	0.05170	0.01152	0.00678	0.00183	0.00292	0.01015	0.00646	0.00583
23	0.41856	0.01265	0.05216	0.07681	0.05842	0.01254	0.11584	0.01923	0.01210	0.15417	0.01172	0.01311	0.00844	0.00567	0.00487	0.00183	0.00596	0.00451	0.00396	0.00745

[dist]
# distance from previous block
# <min> <max>
0	1

[block]
# block no. 1 follows, 40 sequences, length 7
# corresponding to MSA columns:
# 122-128
name=unknown_B
#
# <colnr> <probs for GDERKNQSTAVLIFYWHMCP>
#	G	D	E	R	K	N	Q	S	T	A	V	L	I	F	Y	W	H	M	C	P
0	0.00709	0.00506	0.00675	0.00810	0.00843	0.00472	0.00540	0.00810	0.01113	0.01484	0.03205	0.79184	0.03846	0.01822	0.00742	0.00236	0.00337	0.01653	0.00540	0.00472
1	0.01224	0.01258	0.02418	0.44740	0.08495	0.01365	0.28705	0.01647	0.01252	0.01655	0.01091	0.01550	0.00825	0.00543	0.00620	0.00193	0.00846	0.00580	0.00274	0.00716
2	0.04374	0.01135	0.01880	0.45800	0.06497	0.01374	0.09131	0.01515	0.01156	0.01610	0.04345	0.01597	0.00997	0.00677	0.00838	0.00203	0.15370	0.00550	0.00284	0.00666
3	0.00884	0.00636	0.00920	0.00952	0.01041	0.00621	0.04497	0.01025	0.01150	0.04722	0.02851	0.54604	0.03283	0.07301	0.00945	0.00260	0.03376	0.09904	0.00510	0.00516
4	0.83671	0.01125	0.00855	0.00765	0.01125	0.01305	0.00630	0.01709	0.00990	0.02609	0.00810	0.00945	0.00630	0.00540	0.00360	0.00180	0.00450	0.00315	0.00360	0.00630
5	0.00844	0.00569	0.00662	0.00662	0.00671	0.00579	0.00387	0.00863	0.00854	0.01148	0.01807	0.03666	0.02054	0.72685	0.09755	0.00598	0.00655	0.00825	0.00349	0.00368
6	0.01634	0.70417	0.02889	0.01037	0.01530	0.02241	0.01008	0.10506	0.01370	0.01647	0.00880	0.00989	0.00776	0.00522	0.00398	0.00130	0.00624	0.00337	0.00289	0.00776

[dist]
# distance from previous block
# <min> <max>
0	18

[block]
# block no. 2 follows, 40 sequences, length 12
# corresponding to MSA columns:
# 147-158
name=unknown_C
#
# <colnr> <probs for GDERKNQSTAVLIFYWHMCP>
#	G	D	E	R	K	N	Q	S	T	A	V	L	I	F	Y	W	H	M	C	P
0	0.01315	0.09173	0.58241	0.01697	0.06034	0.01406	0.05550	0.01895	0.01264	0.06556	0.01113	0.01279	0.00799	0.00554	0.00547	0.00179	0.00814	0.00447	0.00281	0.00858
1	0.01125	0.01086	0.01909	0.70789	0.03911	0.01309	0.08650	0.01523	0.01183	0.01523	0.01048	0.01552	0.00786	0.00573	0.00592	0.00194	0.00795	0.00533	0.00262	0.00659
2	0.68437	0.01167	0.01059	0.00903	0.01263	0.01338	0.03147	0.05636	0.01125	0.06236	0.00925	0.01057	0.00704	0.00579	0.00471	0.00184	0.04352	0.00362	0.00382	0.00672
3	0.00728	0.00520	0.00697	0.00832	0.00874	0.00489	0.00573	0.00843	0.01132	0.01506	0.03195	0.73096	0.03804	0.01804	0.00747	0.00239	0.00354	0.07552	0.00539	0.00478
4	0.01098	0.01034	0.01744	0.78165	0.04005	0.01292	0.01615	0.01486	0.01163	0.01486	0.01034	0.01550	0.00775	0.00581	0.00581	0.00194	0.00775	0.00517	0.00258	0.00646
5	0.01206	0.01034	0.01206	0.00861	0.01378	0.00775	0.00689	0.01464	0.01206	0.01895	0.01034	0.01206	0.00861	0.00431	0.00431	0.00086	0.00431	0.00345	0.00345	0.83118
6	0.01187	0.01147	0.01618	0.01413	0.01433	0.01578	0.01167	0.01330	0.00899	0.01390	0.00916	0.01467	0.00896	0.01661	0.16396	0.00385	0.63705	0.00531	0.00265	0.00614
7	0.00709	0.00506	0.00675	0.00810	0.00843	0.00472	0.00540	0.00810	0.01113	0.01484	0.03205	0.79184	0.03846	0.01822	0.00742	0.00236	0.00337	0.01653	0.00540	0.00472
8	0.00709	0.00506	0.00675	0.00810	0.00843	0.00472	0.00540	0.00810	0.01113	0.01484	0.03205	0.79184	0.03846	0.01822	0.00742	0.00236	0.00337	0.01653	0.00540	0.00472
9	0.00760	0.00592	0.00690	0.00666	0.00830	0.00522	0.00499	0.00976	0.01498	0.01980	0.43374	0.04923	0.37961	0.01320	0.00687	0.00189	0.00284	0.01133	0.00594	0.00522
10	0.01217	0.01172	0.01683	0.01443	0.01484	0.01586	0.03887	0.01374	0.00931	0.01453	0.00928	0.01444	0.00883	0.01351	0.10140	0.00321	0.62856	0.00530	0.04694	0.00624
11	0.01502	0.69460	0.13038	0.01085	0.01632	0.02172	0.01152	0.01755	0.01188	0.01433	0.00840	0.00973	0.00745	0.00505	0.00398	0.00133	0.00654	0.00327	0.00248	0.00762

[dist]
# distance from previous block
# <min> <max>
0	23

[block]
# block no. 3 follows, 40 sequences, length 27
# corresponding to MSA columns:
# 182-208
name=unknown_D
#
# <colnr> <probs for GDERKNQSTAVLIFYWHMCP>
#	G	D	E	R	K	N	Q	S	T	A	V	L	I	F	Y	W	H	M	C	P
0	0.06730	0.16845	0.57238	0.01531	0.02289	0.01565	0.01859	0.01872	0.01260	0.01888	0.01078	0.01283	0.00821	0.00603	0.00547	0.00190	0.00816	0.00431	0.00286	0.00868
1	0.18429	0.07696	0.03161	0.01552	0.10660	0.18674	0.01129	0.19880	0.01710	0.04981	0.01178	0.01357	0.00936	0.00766	0.02477	0.00205	0.03490	0.00463	0.00421	0.00835
2	0.00846	0.00564	0.00634	0.00634	0.00634	0.00564	0.00352	0.00846	0.00846	0.01128	0.01832	0.03805	0.02114	0.79563	0.02960	0.00564	0.00564	0.00846	0.00352	0.00352
3	0.02072	0.01548	0.01660	0.01303	0.01738	0.01718	0.01065	0.63289	0.11153	0.03449	0.01569	0.04019	0.01174	0.00745	0.00588	0.00179	0.00609	0.00576	0.00582	0.00964
4	0.00832	0.00619	0.00913	0.00913	0.01010	0.00715	0.00700	0.01025	0.00928	0.01334	0.01577	0.02393	0.01501	0.09718	0.71966	0.00908	0.01487	0.00639	0.00314	0.00507
5	0.01376	0.01582	0.07926	0.09567	0.07665	0.01421	0.55465	0.01851	0.01349	0.04166	0.01184	0.01549	0.00883	0.00512	0.00657	0.00193	0.00920	0.00640	0.00301	0.00791
6	0.02172	0.02772	0.01648	0.01498	0.01798	0.77228	0.01124	0.02322	0.01648	0.01423	0.00899	0.01049	0.00749	0.00599	0.00524	0.00150	0.01049	0.00375	0.00300	0.00674
7	0.00853	0.00609	0.00839	0.00962	0.01062	0.00595	0.00779	0.01064	0.01280	0.01688	0.07357	0.31119	0.03641	0.01655	0.00776	0.00252	0.00453	0.43956	0.00543	0.00515
8	0.02172	0.02772	0.01648	0.01498	0.01798	0.77228	0.01124	0.02322	0.01648	0.01423	0.00899	0.01049	0.00749	0.00599	0.00524	0.00150	0.01049	0.00375	0.00300	0.00674
9	0.01449	0.10070	0.19803	0.10455	0.30240	0.09134	0.04537	0.04355	0.01354	0.01799	0.01040	0.01313	0.00827	0.00544	0.00549	0.00171	0.00778	0.00468	0.00282	0.00831
10	0.02609	0.00990	0.01350	0.01035	0.01484	0.00855	0.00855	0.02834	0.01664	0.76338	0.02294	0.01979	0.01439	0.00720	0.00585	0.00180	0.00495	0.00585	0.00720	0.00990
11	0.00846	0.00564	0.00634	0.00634	0.00634	0.00564	0.00352	0.00846	0.00846	0.01128	0.01832	0.03805	0.02114	0.79563	0.02960	0.00564	0.00564	0.00846	0.00352	0.00352
12	0.01256	0.01334	0.02674	0.27464	0.03200	0.01387	0.42945	0.01684	0.01279	0.01710	0.01201	0.01788	0.00960	0.00599	0.00715	0.00202	0.04543	0.04048	0.00292	0.00719
13	0.00918	0.00625	0.00813	0.00760	0.00912	0.00582	0.00572	0.01216	0.03399	0.05788	0.67527	0.07149	0.05141	0.01182	0.00681	0.00185	0.00292	0.01044	0.00639	0.00575
14	0.00709	0.00506	0.00675	0.00810	0.00843	0.00472	0.00540	0.00810	0.01113	0.01484	0.03205	0.79184	0.03846	0.01822	0.00742	0.00236	0.00337	0.01653	0.00540	0.00472
15	0.00906	0.00694	0.00866	0.00939	0.01107	0.00682	0.00790	0.01253	0.07464	0.01748	0.03845	0.05911	0.24448	0.01499	0.00752	0.00241	0.00459	0.45299	0.00541	0.00554
16	0.21558	0.07857	0.44160	0.01346	0.02005	0.04192	0.01563	0.04034	0.01248	0.05614	0.01035	0.01172	0.00753	0.00560	0.00494	0.00177	0.00725	0.00401	0.00309	0.00798
17	0.00709	0.00506	0.00675	0.00810	0.00843	0.00472	0.00540	0.00810	0.01113	0.01484	0.03205	0.79184	0.03846	0.01822	0.00742	0.00236	0.00337	0.01653	0.00540	0.00472
18	0.01257	0.06552	0.64065	0.01724	0.05976	0.01385	0.04670	0.01870	0.01251	0.04444	0.01083	0.01263	0.00776	0.00552	0.00551	0.00181	0.00831	0.00443	0.00266	0.00859
19	0.01775	0.04858	0.05529	0.05220	0.27266	0.36836	0.01404	0.03593	0.04955	0.01701	0.01054	0.01267	0.00862	0.00576	0.00545	0.00163	0.00855	0.00446	0.00309	0.00787
20	0.01206	0.01034	0.01206	0.00861	0.01378	0.00775	0.00689	0.01464	0.01206	0.01895	0.01034	0.01206	0.00861	0.00431	0.00431	0.00086	0.00431	0.00345	0.00345	0.83118
21	0.00817	0.00590	0.00772	0.00736	0.00867	0.00545	0.00548	0.01082	0.01618	0.02288	0.71867	0.08231	0.05402	0.01222	0.00689	0.00186	0.00278	0.01083	0.00635	0.00545
22	0.00709	0.00506	0.00675	0.00810	0.00843	0.00472	0.00540	0.00810	0.01113	0.01484	0.03205	0.79184	0.03846	0.01822	0.00742	0.00236	0.00337	0.01653	0.00540	0.00472
23	0.00729	0.00579	0.00604	0.00609	0.00748	0.00509	0.00422	0.00836	0.01192	0.01452	0.04731	0.07984	0.53772	0.21800	0.01281	0.00293	0.00366	0.01145	0.00491	0.00454
24	0.02237	0.01587	0.01719	0.01318	0.01782	0.01741	0.01089	0.69338	0.02664	0.08423	0.01455	0.01434	0.01018	0.00699	0.00582	0.00175	0.00630	0.00528	0.00591	0.00989
25	0.00709	0.00506	0.00675	0.00810	0.00843	0.00472	0.00540	0.00810	0.01113	0.01484	0.03205	0.79184	0.03846	0.01822	0.00742	0.00236	0.00337	0.01653	0.00540	0.00472
26	0.80925	0.01122	0.00884	0.03338	0.01220	0.01304	0.00663	0.01702	0.00995	0.02572	0.00817	0.00965	0.00635	0.00541	0.00367	0.00180	0.00461	0.00322	0.00357	0.00630

[dist]
# distance from previous block
# <min> <max>
0	1

[block]
# block no. 4 follows, 40 sequences, length 18
# corresponding to MSA columns:
# 210-227
name=unknown_E
#
# <colnr> <probs for GDERKNQSTAVLIFYWHMCP>
#	G	D	E	R	K	N	Q	S	T	A	V	L	I	F	Y	W	H	M	C	P
0	0.83671	0.01125	0.00855	0.00765	0.01125	0.01305	0.00630	0.01709	0.00990	0.02609	0.00810	0.00945	0.00630	0.00540	0.00360	0.00180	0.00450	0.00315	0.00360	0.00630
1	0.01127	0.01634	0.24268	0.55033	0.03560	0.01314	0.01778	0.01599	0.01188	0.01601	0.01045	0.01465	0.00772	0.00578	0.00576	0.00192	0.00803	0.00493	0.00258	0.00715
2	0.00803	0.00594	0.00863	0.00903	0.00986	0.00655	0.00674	0.00976	0.00994	0.01399	0.02062	0.25444	0.02181	0.03597	0.54122	0.00725	0.01192	0.00936	0.00383	0.00510
3	0.00838	0.00621	0.00893	0.00879	0.00994	0.00678	0.00677	0.01063	0.01155	0.01654	0.23863	0.02915	0.02675	0.03407	0.54105	0.00709	0.01173	0.00755	0.00413	0.00533
4	0.01427	0.01444	0.02687	0.03235	0.53894	0.01413	0.23473	0.01814	0.01344	0.01896	0.01127	0.01490	0.00918	0.00516	0.00613	0.00181	0.00781	0.00571	0.00293	0.00884
5	0.01216	0.05385	0.47936	0.01278	0.01890	0.01134	0.01534	0.01731	0.01244	0.04494	0.01343	0.01537	0.00997	0.00599	0.00506	0.00168	0.00662	0.00467	0.25114	0.00768
6	0.01799	0.01413	0.01466	0.01238	0.01616	0.04654	0.00983	0.24388	0.44707	0.08146	0.02015	0.01887	0.01479	0.00754	0.00589	0.00189	0.00544	0.00603	0.00589	0.00940
7	0.01797	0.14629	0.24474	0.01390	0.01974	0.04550	0.01406	0.37949	0.01995	0.02670	0.01186	0.01270	0.00873	0.00624	0.00541	0.00170	0.00721	0.00458	0.00419	0.00903
8	0.83565	0.01130	0.00861	0.00771	0.01131	0.01309	0.00634	0.01715	0.00995	0.02616	0.00819	0.00957	0.00638	0.00546	0.00364	0.00182	0.00453	0.00318	0.00363	0.00634
9	0.00718	0.00513	0.00681	0.00816	0.00850	0.00478	0.00544	0.00817	0.01119	0.01493	0.03211	0.79087	0.03850	0.01826	0.00746	0.00238	0.00341	0.01654	0.00542	0.00477
10	0.01004	0.00776	0.01123	0.01411	0.13202	0.00771	0.00964	0.03780	0.01323	0.01766	0.02742	0.27415	0.03026	0.01467	0.00744	0.00241	0.00508	0.36637	0.00501	0.00600
11	0.00787	0.00562	0.00760	0.00894	0.00959	0.00537	0.00663	0.00935	0.01187	0.01570	0.03173	0.57225	0.03700	0.01761	0.00764	0.00247	0.00400	0.22837	0.00541	0.00496
12	0.01425	0.56064	0.02658	0.24232	0.02255	0.02000	0.01185	0.01670	0.01181	0.01412	0.00885	0.01131	0.00763	0.00529	0.00440	0.00147	0.00671	0.00376	0.00255	0.00720
13	0.25772	0.00761	0.00807	0.00748	0.00953	0.00782	0.00577	0.01288	0.01453	0.02422	0.53011	0.03328	0.04027	0.00998	0.00591	0.00184	0.00330	0.00832	0.00558	0.00578
14	0.83565	0.01130	0.00861	0.00771	0.01131	0.01309	0.00634	0.01715	0.00995	0.02616	0.00819	0.00957	0.00638	0.00546	0.00364	0.00182	0.00453	0.00318	0.00363	0.00634
15	0.29292	0.01024	0.01101	0.00882	0.01284	0.00981	0.00715	0.03703	0.01357	0.23567	0.09603	0.01704	0.01473	0.00647	0.00487	0.00159	0.00446	0.00489	0.00499	0.20587
16	0.01003	0.00914	0.01692	0.01397	0.01647	0.00956	0.22735	0.01293	0.01072	0.01513	0.01451	0.02080	0.01289	0.03197	0.54105	0.00713	0.01385	0.00645	0.00309	0.00604
17	0.01479	0.00809	0.01085	0.01055	0.01298	0.00778	0.00893	0.01827	0.06597	0.24286	0.06816	0.04756	0.02786	0.01264	0.00720	0.00233	0.00506	0.41505	0.00603	0.00704

[dist]
# distance from previous block
# <min> <max>
2	5

[block]
# block no. 5 follows, 40 sequences, length 25
# corresponding to MSA columns:
# 233-257
name=unknown_F
#
# <colnr> <probs for GDERKNQSTAVLIFYWHMCP>
#	G	D	E	R	K	N	Q	S	T	A	V	L	I	F	Y	W	H	M	C	P
0	0.01342	0.23726	0.55963	0.01519	0.02279	0.01642	0.01853	0.01859	0.01259	0.01778	0.01052	0.01247	0.00808	0.00585	0.00535	0.00181	0.00816	0.00421	0.00272	0.00863
1	0.00835	0.00607	0.00854	0.00854	0.00930	0.00683	0.00626	0.00987	0.00911	0.01290	0.01632	0.02694	0.01631	0.24594	0.57269	0.00835	0.01290	0.00683	0.00323	0.00474
2	0.02203	0.01001	0.01456	0.21786	0.02163	0.00972	0.01059	0.02471	0.01529	0.56199	0.01955	0.01864	0.01261	0.00683	0.00584	0.00184	0.00570	0.00567	0.00596	0.00897
3	0.23304	0.00699	0.00626	0.00602	0.00798	0.00747	0.00467	0.01450	0.01158	0.02287	0.01604	0.01839	0.01259	0.00640	0.00394	0.00147	0.00319	0.00481	0.60613	0.00566
4	0.60951	0.22924	0.01461	0.00828	0.01226	0.01580	0.00731	0.01718	0.01043	0.02266	0.00809	0.00941	0.00662	0.00528	0.00364	0.00165	0.00497	0.00314	0.00329	0.00662
5	0.00916	0.00761	0.00822	0.00790	0.00999	0.00756	0.00596	0.01483	0.21153	0.01923	0.16332	0.10222	0.38511	0.01269	0.00666	0.00197	0.00339	0.01078	0.00571	0.00615
6	0.01266	0.04090	0.48143	0.02204	0.20421	0.01393	0.10641	0.01828	0.01268	0.01848	0.01067	0.01314	0.00799	0.00535	0.00570	0.00182	0.00828	0.00479	0.00262	0.00863
7	0.02609	0.00990	0.01350	0.01035	0.01484	0.00855	0.00855	0.02834	0.01664	0.76338	0.02294	0.01979	0.01439	0.00720	0.00585	0.00180	0.00495	0.00585	0.00720	0.00990
8	0.23378	0.02405	0.51303	0.01470	0.02177	0.01346	0.06525	0.01807	0.01173	0.02050	0.00990	0.01174	0.00718	0.00545	0.00510	0.00184	0.00757	0.00416	0.00280	0.00793
9	0.23113	0.00737	0.00798	0.00741	0.00938	0.00752	0.00571	0.01262	0.01469	0.02407	0.55499	0.03429	0.04180	0.01014	0.00598	0.00182	0.00322	0.00853	0.00565	0.00571
10	0.00978	0.00770	0.00905	0.00840	0.01034	0.00785	0.00639	0.01610	0.21322	0.02290	0.49579	0.03873	0.10871	0.01107	0.00661	0.00188	0.00326	0.00962	0.00618	0.00643
11	0.83671	0.01125	0.00855	0.00765	0.01125	0.01305	0.00630	0.01709	0.00990	0.02609	0.00810	0.00945	0.00630	0.00540	0.00360	0.00180	0.00450	0.00315	0.00360	0.00630
12	0.01647	0.01448	0.02195	0.02969	0.55990	0.01495	0.01602	0.21213	0.01703	0.02375	0.01175	0.01428	0.00939	0.00567	0.00577	0.00173	0.00677	0.00520	0.00367	0.00939
13	0.01206	0.01034	0.01206	0.00861	0.01378	0.00775	0.00689	0.01464	0.01206	0.01895	0.01034	0.01206	0.00861	0.00431	0.00431	0.00086	0.00431	0.00345	0.00345	0.83118
14	0.01857	0.01245	0.01407	0.01157	0.01505	0.01324	0.00921	0.45244	0.02162	0.12333	0.01997	0.22399	0.01815	0.01003	0.00625	0.00192	0.00540	0.00835	0.00588	0.00850
15	0.01258	0.01179	0.04637	0.21896	0.06860	0.01046	0.01097	0.06389	0.01306	0.01902	0.01062	0.01327	0.00845	0.00500	0.00496	0.00131	0.00572	0.00417	0.00330	0.46751
16	0.03005	0.01856	0.36034	0.04534	0.01890	0.03033	0.01412	0.01702	0.06994	0.06737	0.01868	0.22500	0.01785	0.00960	0.00613	0.00201	0.00645	0.03094	0.00397	0.00739
17	0.00888	0.00554	0.00700	0.00700	0.00712	0.00566	0.00435	0.00843	0.00832	0.01120	0.01581	0.03090	0.01745	0.50437	0.10939	0.22806	0.00657	0.00730	0.00321	0.00344
18	0.01320	0.00678	0.00827	0.00742	0.00863	0.00642	0.00488	0.01381	0.01066	0.21363	0.01957	0.03314	0.01933	0.58350	0.02321	0.00461	0.00545	0.00775	0.00451	0.00524
19	0.01361	0.01395	0.04690	0.07267	0.43959	0.01358	0.17301	0.03609	0.01330	0.01866	0.01247	0.06756	0.01094	0.00628	0.00658	0.00187	0.03521	0.00629	0.00310	0.00835
20	0.01832	0.01422	0.01672	0.21977	0.02337	0.03564	0.01206	0.45343	0.04462	0.04803	0.01417	0.04804	0.01084	0.00716	0.00587	0.00183	0.00665	0.00572	0.00489	0.00864
21	0.01961	0.01475	0.21499	0.01158	0.01673	0.00944	0.01158	0.02314	0.01544	0.45525	0.12631	0.02121	0.01839	0.00743	0.00591	0.00182	0.00561	0.00611	0.00581	0.00890
22	0.00842	0.00648	0.00818	0.00824	0.00987	0.00554	0.00580	0.00986	0.01138	0.01595	0.02621	0.58204	0.03043	0.01448	0.00658	0.00196	0.00362	0.01301	0.00487	0.22708
23	0.01898	0.01450	0.04102	0.06967	0.07722	0.07455	0.23856	0.06838	0.03930	0.27408	0.01569	0.01655	0.01089	0.00610	0.00610	0.00183	0.00743	0.00584	0.00464	0.00866
24	0.01472	0.16464	0.25924	0.21997	0.02508	0.01406	0.02840	0.01884	0.01293	0.14897	0.03191	0.01481	0.01002	0.00595	0.00538	0.00175	0.00714	0.00480	0.00345	0.00794

[dist]
# distance from previous block
# <min> <max>
0	3

[block]
# block no. 6 follows, 40 sequences, length 7
# corresponding to MSA columns:
# 261-267
name=unknown_G
#
# <colnr> <probs for GDERKNQSTAVLIFYWHMCP>
#	G	D	E	R	K	N	Q	S	T	A	V	L	I	F	Y	W	H	M	C	P
0	0.01113	0.00815	0.01017	0.01039	0.01232	0.00832	0.00877	0.13881	0.01565	0.02038	0.03137	0.10944	0.11798	0.01447	0.00746	0.00240	0.00510	0.45622	0.00544	0.00605
1	0.57930	0.01099	0.00902	0.04287	0.01227	0.05116	0.00670	0.01715	0.01099	0.05396	0.01075	0.01234	0.00826	0.00576	0.00396	0.00171	0.00466	0.00378	0.14806	0.00632
2	0.00944	0.00611	0.00796	0.00763	0.00911	0.00557	0.00567	0.01176	0.01534	0.08319	0.52559	0.17601	0.08875	0.01279	0.00688	0.00193	0.00305	0.01130	0.00623	0.00569
3	0.01427	0.06040	0.38144	0.01838	0.10706	0.01461	0.10540	0.14450	0.01517	0.02150	0.01115	0.01307	0.00827	0.00557	0.00561	0.00174	0.00780	0.00477	0.00321	0.05606
4	0.01765	0.00950	0.01200	0.00949	0.01350	0.00805	0.00753	0.05351	0.01457	0.33683	0.01969	0.15204	0.01637	0.00810	0.00558	0.00157	0.00452	0.00685	0.00550	0.29715
5	0.01246	0.01475	0.12227	0.01429	0.01640	0.01544	0.01294	0.01473	0.00993	0.01549	0.00850	0.01254	0.00777	0.00849	0.01458	0.00215	0.53872	0.00469	0.00269	0.15116
6	0.01297	0.02095	0.30166	0.02161	0.02848	0.01427	0.47617	0.01855	0.01320	0.01855	0.01128	0.01444	0.00829	0.00513	0.00637	0.00192	0.00936	0.00592	0.00276	0.00812

[dist]
# distance from previous block
# <min> <max>
0	80

# created by:
# /software/SequenceAnalysis/GenePrediction/augustus/3.0.1/scripts/msa2prfl.pl ./fixed/BUSCOvEOG7THX7X.fas
