[name]
unknown

[dist]
# distance from previous block
# <min> <max>
0	141

[block]
# block no. 0 follows, 40 sequences, length 12
# corresponding to MSA columns:
# 141-152
name=unknown_A
#
# <colnr> <probs for GDERKNQSTAVLIFYWHMCP>
#	G	D	E	R	K	N	Q	S	T	A	V	L	I	F	Y	W	H	M	C	P
0	0.00854	0.00658	0.00909	0.10461	0.01385	0.00664	0.00832	0.01073	0.01255	0.01613	0.03337	0.24897	0.15449	0.01514	0.00740	0.00238	0.00472	0.32621	0.00503	0.00525
1	0.00901	0.00695	0.00836	0.00807	0.00968	0.00688	0.00601	0.01375	0.14303	0.02146	0.44987	0.14985	0.11983	0.01241	0.00678	0.00195	0.00318	0.01089	0.00607	0.00596
2	0.00807	0.00607	0.00751	0.00741	0.00878	0.00565	0.00545	0.01090	0.04703	0.02059	0.47954	0.17508	0.16964	0.01330	0.00692	0.00195	0.00297	0.01169	0.00604	0.00542
3	0.01408	0.01387	0.02613	0.05064	0.02491	0.01359	0.45741	0.13965	0.01643	0.02235	0.14187	0.02022	0.01699	0.00651	0.00664	0.00190	0.00791	0.00715	0.00402	0.00772
4	0.01519	0.52774	0.02413	0.01021	0.01432	0.01898	0.00934	0.13851	0.01433	0.01779	0.01326	0.14653	0.01328	0.00762	0.00473	0.00152	0.00575	0.00581	0.00356	0.00740
5	0.01206	0.01034	0.01206	0.00861	0.01378	0.00775	0.00689	0.01464	0.01206	0.01895	0.01034	0.01206	0.00861	0.00431	0.00431	0.00086	0.00431	0.00345	0.00345	0.83118
6	0.01106	0.00680	0.00974	0.13987	0.01492	0.00678	0.00777	0.01277	0.01218	0.14534	0.02678	0.52539	0.02905	0.01419	0.00687	0.00219	0.00439	0.01274	0.00523	0.00592
7	0.00709	0.00506	0.00675	0.00810	0.00843	0.00472	0.00540	0.00810	0.01113	0.01484	0.03205	0.79184	0.03846	0.01822	0.00742	0.00236	0.00337	0.01653	0.00540	0.00472
8	0.01146	0.00662	0.00673	0.00651	0.00819	0.00696	0.00494	0.01650	0.13731	0.02213	0.01977	0.02168	0.01539	0.00696	0.00438	0.00146	0.00303	0.00562	0.68830	0.00606
9	0.01536	0.66199	0.02745	0.01028	0.01496	0.02152	0.00982	0.01976	0.14030	0.01554	0.01080	0.01148	0.00926	0.00548	0.00411	0.00137	0.00594	0.00371	0.00309	0.00777
10	0.00709	0.00506	0.00675	0.00810	0.00843	0.00472	0.00540	0.00810	0.01113	0.01484	0.03205	0.79184	0.03846	0.01822	0.00742	0.00236	0.00337	0.01653	0.00540	0.00472
11	0.01206	0.01034	0.01206	0.00861	0.01378	0.00775	0.00689	0.01464	0.01206	0.01895	0.01034	0.01206	0.00861	0.00431	0.00431	0.00086	0.00431	0.00345	0.00345	0.83118

[dist]
# distance from previous block
# <min> <max>
0	2

[block]
# block no. 1 follows, 40 sequences, length 29
# corresponding to MSA columns:
# 155-183
name=unknown_B
#
# <colnr> <probs for GDERKNQSTAVLIFYWHMCP>
#	G	D	E	R	K	N	Q	S	T	A	V	L	I	F	Y	W	H	M	C	P
0	0.00887	0.00745	0.03957	0.00694	0.00949	0.00571	0.00565	0.01067	0.01333	0.07453	0.05029	0.07954	0.59666	0.01333	0.00662	0.00190	0.00344	0.01113	0.00531	0.04958
1	0.01344	0.01523	0.03313	0.02380	0.02945	0.01428	0.70667	0.01817	0.01361	0.01846	0.01264	0.04912	0.01010	0.00548	0.00689	0.00198	0.00953	0.00728	0.00305	0.00771
2	0.00823	0.00594	0.00777	0.00732	0.00869	0.00549	0.00549	0.01097	0.01646	0.02332	0.75629	0.04344	0.05487	0.01189	0.00686	0.00183	0.00274	0.01052	0.00640	0.00549
3	0.01446	0.01249	0.01315	0.01183	0.01512	0.01446	0.00920	0.03090	0.74885	0.02433	0.02367	0.02170	0.01775	0.00789	0.00592	0.00197	0.00460	0.00657	0.00592	0.00920
4	0.00774	0.00576	0.00745	0.00817	0.00914	0.00512	0.00559	0.00896	0.01126	0.01539	0.02919	0.68911	0.03453	0.01639	0.00701	0.00216	0.00350	0.01481	0.00514	0.11360
5	0.01166	0.03008	0.76550	0.01657	0.02517	0.01351	0.02149	0.01842	0.01228	0.01842	0.01044	0.01228	0.00737	0.00552	0.00552	0.00184	0.00859	0.00430	0.00246	0.00859
6	0.01166	0.03008	0.76550	0.01657	0.02517	0.01351	0.02149	0.01842	0.01228	0.01842	0.01044	0.01228	0.00737	0.00552	0.00552	0.00184	0.00859	0.00430	0.00246	0.00859
7	0.00781	0.00593	0.00718	0.00687	0.00843	0.00531	0.00515	0.01015	0.01546	0.02094	0.53819	0.04736	0.27445	0.01278	0.00686	0.00187	0.00281	0.01107	0.00609	0.00531
8	0.06528	0.02594	0.01613	0.01446	0.01762	0.67265	0.01096	0.07904	0.01698	0.01662	0.00933	0.01070	0.00761	0.00604	0.00520	0.00153	0.00985	0.00383	0.00325	0.00696
9	0.02211	0.01629	0.01745	0.01338	0.01803	0.01803	0.01105	0.73997	0.02734	0.03665	0.01396	0.01396	0.00989	0.00698	0.00582	0.00175	0.00640	0.00524	0.00582	0.00989
10	0.01373	0.01569	0.03431	0.02451	0.03039	0.01471	0.73824	0.01863	0.01373	0.01863	0.01176	0.01569	0.00882	0.00490	0.00686	0.00196	0.00980	0.00686	0.00294	0.00784
11	0.00709	0.00590	0.00619	0.00612	0.00799	0.00500	0.00459	0.00876	0.01376	0.01691	0.16873	0.05399	0.64643	0.01428	0.00687	0.00194	0.00291	0.01200	0.00556	0.00500
12	0.02609	0.00990	0.01350	0.01035	0.01484	0.00855	0.00855	0.02834	0.01664	0.76338	0.02294	0.01979	0.01439	0.00720	0.00585	0.00180	0.00495	0.00585	0.00720	0.00990
13	0.00709	0.00506	0.00675	0.00810	0.00843	0.00472	0.00540	0.00810	0.01113	0.01484	0.03205	0.79184	0.03846	0.01822	0.00742	0.00236	0.00337	0.01653	0.00540	0.00472
14	0.01166	0.03008	0.76550	0.01657	0.02517	0.01351	0.02149	0.01842	0.01228	0.01842	0.01044	0.01228	0.00737	0.00552	0.00552	0.00184	0.00859	0.00430	0.00246	0.00859
15	0.00831	0.00623	0.00935	0.00935	0.01038	0.00727	0.00727	0.01038	0.00935	0.01350	0.01558	0.02285	0.01454	0.04361	0.77259	0.00935	0.01558	0.00623	0.00312	0.00519
16	0.83671	0.01125	0.00855	0.00765	0.01125	0.01305	0.00630	0.01709	0.00990	0.02609	0.00810	0.00945	0.00630	0.00540	0.00360	0.00180	0.00450	0.00315	0.00360	0.00630
17	0.01373	0.01569	0.03431	0.02451	0.03039	0.01471	0.73824	0.01863	0.01373	0.01863	0.01176	0.01569	0.00882	0.00490	0.00686	0.00196	0.00980	0.00686	0.00294	0.00784
18	0.02609	0.00990	0.01350	0.01035	0.01484	0.00855	0.00855	0.02834	0.01664	0.76338	0.02294	0.01979	0.01439	0.00720	0.00585	0.00180	0.00495	0.00585	0.00720	0.00990
19	0.00937	0.00669	0.00937	0.01071	0.01205	0.00669	0.00937	0.01205	0.01339	0.01740	0.03079	0.06560	0.03347	0.01606	0.00803	0.00268	0.00535	0.72021	0.00535	0.00535
20	0.01446	0.01249	0.01315	0.01183	0.01512	0.01446	0.00920	0.03090	0.74885	0.02433	0.02367	0.02170	0.01775	0.00789	0.00592	0.00197	0.00460	0.00657	0.00592	0.00920
21	0.00823	0.00594	0.00777	0.00732	0.00869	0.00549	0.00549	0.01097	0.01646	0.02332	0.75629	0.04344	0.05487	0.01189	0.00686	0.00183	0.00274	0.01052	0.00640	0.00549
22	0.01127	0.01049	0.01761	0.69283	0.10167	0.01277	0.01593	0.01508	0.01179	0.01543	0.01065	0.01560	0.00810	0.00579	0.00576	0.00190	0.00752	0.00518	0.02798	0.00667
23	0.00823	0.00594	0.00777	0.00732	0.00869	0.00549	0.00549	0.01097	0.01646	0.02332	0.75629	0.04344	0.05487	0.01189	0.00686	0.00183	0.00274	0.01052	0.00640	0.00549
24	0.01078	0.00609	0.00686	0.06674	0.00989	0.00631	0.00536	0.03454	0.01249	0.02086	0.01954	0.10294	0.01670	0.00792	0.00461	0.00152	0.00328	0.00658	0.65143	0.00556
25	0.01401	0.01343	0.02291	0.11930	0.67874	0.01372	0.01766	0.01751	0.01306	0.01853	0.01087	0.01452	0.00905	0.00525	0.00576	0.00175	0.00700	0.00518	0.00285	0.00890
26	0.01464	0.00767	0.01058	0.01036	0.01271	0.00720	0.00884	0.01718	0.01464	0.25630	0.07773	0.04944	0.02883	0.01294	0.00725	0.00234	0.00505	0.44345	0.00602	0.00682
27	0.01555	0.79913	0.03047	0.00995	0.01493	0.02301	0.00995	0.01741	0.01182	0.01368	0.00808	0.00933	0.00746	0.00498	0.00373	0.00124	0.00622	0.00311	0.00249	0.00746
28	0.71383	0.01208	0.04072	0.00841	0.01232	0.01287	0.00725	0.04025	0.01106	0.08385	0.00954	0.01051	0.00709	0.00559	0.00392	0.00180	0.00476	0.00347	0.00390	0.00679

[dist]
# distance from previous block
# <min> <max>
0	2

[block]
# block no. 2 follows, 40 sequences, length 39
# corresponding to MSA columns:
# 186-224
name=unknown_C
#
# <colnr> <probs for GDERKNQSTAVLIFYWHMCP>
#	G	D	E	R	K	N	Q	S	T	A	V	L	I	F	Y	W	H	M	C	P
0	0.01248	0.02894	0.72320	0.01622	0.02459	0.01323	0.02076	0.01897	0.01252	0.06032	0.01114	0.01270	0.00776	0.00562	0.00554	0.00184	0.00839	0.00438	0.00272	0.00867
1	0.00936	0.00717	0.00851	0.00770	0.00972	0.00674	0.00588	0.05913	0.05119	0.02240	0.48543	0.04133	0.19409	0.01154	0.00661	0.00180	0.00320	0.00995	0.00596	0.05228
2	0.00906	0.00651	0.00899	0.01027	0.01154	0.00644	0.00880	0.01153	0.01317	0.01710	0.03205	0.13235	0.06326	0.01621	0.00793	0.00262	0.00507	0.62646	0.00536	0.00528
3	0.01206	0.01034	0.01206	0.00861	0.01378	0.00775	0.00689	0.01464	0.01206	0.01895	0.01034	0.01206	0.00861	0.00431	0.00431	0.00086	0.00431	0.00345	0.00345	0.83118
4	0.00798	0.00593	0.00742	0.00705	0.00853	0.00538	0.00529	0.01049	0.01587	0.02191	0.62692	0.04576	0.18512	0.01242	0.00686	0.00185	0.00278	0.01084	0.00622	0.00538
5	0.00823	0.00594	0.00777	0.00732	0.00869	0.00549	0.00549	0.01097	0.01646	0.02332	0.75629	0.04344	0.05487	0.01189	0.00686	0.00183	0.00274	0.01052	0.00640	0.00549
6	0.00823	0.00594	0.00777	0.00732	0.00869	0.00549	0.00549	0.01097	0.01646	0.02332	0.75629	0.04344	0.05487	0.01189	0.00686	0.00183	0.00274	0.01052	0.00640	0.00549
7	0.00823	0.00594	0.00777	0.00732	0.00869	0.00549	0.00549	0.01097	0.01646	0.02332	0.75629	0.04344	0.05487	0.01189	0.00686	0.00183	0.00274	0.01052	0.00640	0.00549
8	0.01373	0.01569	0.03431	0.02451	0.03039	0.01471	0.73824	0.01863	0.01373	0.01863	0.01176	0.01569	0.00882	0.00490	0.00686	0.00196	0.00980	0.00686	0.00294	0.00784
9	0.02179	0.02563	0.01666	0.01469	0.01799	0.63479	0.01120	0.15388	0.01846	0.01832	0.00990	0.01112	0.00793	0.00617	0.00535	0.00154	0.00974	0.00402	0.00351	0.00732
10	0.02609	0.00990	0.01350	0.01035	0.01484	0.00855	0.00855	0.02834	0.01664	0.76338	0.02294	0.01979	0.01439	0.00720	0.00585	0.00180	0.00495	0.00585	0.00720	0.00990
11	0.01576	0.01313	0.01388	0.01210	0.01561	0.01507	0.00952	0.15086	0.62679	0.02641	0.02203	0.02039	0.01642	0.00774	0.00590	0.00193	0.00491	0.00635	0.00590	0.00932
12	0.00842	0.00614	0.00794	0.00745	0.00888	0.00576	0.00560	0.01157	0.03852	0.02335	0.73422	0.04278	0.05375	0.01177	0.00683	0.00183	0.00280	0.01040	0.00639	0.00560
13	0.00709	0.00506	0.00675	0.00810	0.00843	0.00472	0.00540	0.00810	0.01113	0.01484	0.03205	0.79184	0.03846	0.01822	0.00742	0.00236	0.00337	0.01653	0.00540	0.00472
14	0.01543	0.77587	0.05271	0.01015	0.01524	0.02272	0.01030	0.01744	0.01183	0.01382	0.00816	0.00942	0.00746	0.00499	0.00379	0.00126	0.00629	0.00315	0.00249	0.00750
15	0.00709	0.00506	0.00675	0.00810	0.00843	0.00472	0.00540	0.00810	0.01113	0.01484	0.03205	0.79184	0.03846	0.01822	0.00742	0.00236	0.00337	0.01653	0.00540	0.00472
16	0.01439	0.01382	0.02360	0.03569	0.75936	0.01382	0.01785	0.01785	0.01324	0.01900	0.01094	0.01439	0.00921	0.00518	0.00576	0.00173	0.00691	0.00518	0.00288	0.00921
17	0.01405	0.01347	0.02299	0.11050	0.68722	0.01373	0.01768	0.01755	0.01308	0.01858	0.01088	0.01450	0.00906	0.00524	0.00576	0.00175	0.00699	0.00518	0.00285	0.00894
18	0.02609	0.00990	0.01350	0.01035	0.01484	0.00855	0.00855	0.02834	0.01664	0.76338	0.02294	0.01979	0.01439	0.00720	0.00585	0.00180	0.00495	0.00585	0.00720	0.00990
19	0.00695	0.00579	0.00607	0.00621	0.00796	0.00491	0.00458	0.00842	0.01312	0.01590	0.08254	0.14487	0.64264	0.01504	0.00694	0.00201	0.00299	0.01272	0.00544	0.00491
20	0.01300	0.01397	0.02914	0.16887	0.03067	0.01374	0.55022	0.01756	0.01322	0.01811	0.01197	0.01605	0.00902	0.00520	0.00647	0.00192	0.00893	0.00644	0.05807	0.00741
21	0.01098	0.01034	0.01744	0.78165	0.04005	0.01292	0.01615	0.01486	0.01163	0.01486	0.01034	0.01550	0.00775	0.00581	0.00581	0.00194	0.00775	0.00517	0.00258	0.00646
22	0.00928	0.00707	0.00977	0.00939	0.01027	0.00827	0.00711	0.03986	0.00985	0.01401	0.01540	0.02480	0.01514	0.19675	0.52111	0.00768	0.07928	0.00656	0.00326	0.00513
23	0.00841	0.00608	0.00797	0.00791	0.00926	0.00571	0.00617	0.01099	0.01540	0.02134	0.55013	0.04834	0.08018	0.04124	0.00792	0.00215	0.00339	0.15601	0.00604	0.00536
24	0.01334	0.01836	0.16995	0.02304	0.02942	0.01448	0.60528	0.01859	0.01346	0.01859	0.01152	0.01505	0.00855	0.00502	0.00661	0.00194	0.00958	0.00639	0.00285	0.00798
25	0.00709	0.00506	0.00675	0.00810	0.00843	0.00472	0.00540	0.00810	0.01113	0.01484	0.03205	0.79184	0.03846	0.01822	0.00742	0.00236	0.00337	0.01653	0.00540	0.00472
26	0.01287	0.01226	0.02085	0.36852	0.43842	0.01342	0.01709	0.01651	0.01252	0.01715	0.01067	0.01489	0.00856	0.00546	0.00578	0.00182	0.00728	0.00518	0.00275	0.00798
27	0.01368	0.01556	0.03359	0.02410	0.02973	0.01484	0.70629	0.01842	0.01351	0.01842	0.01158	0.01556	0.00877	0.00513	0.00740	0.00199	0.04394	0.00678	0.00292	0.00778
28	0.01308	0.02546	0.54862	0.01799	0.02569	0.01346	0.18516	0.01911	0.01289	0.06705	0.01156	0.01355	0.00816	0.00549	0.00585	0.00187	0.00863	0.00499	0.00288	0.00851
29	0.01098	0.01034	0.01744	0.78165	0.04005	0.01292	0.01615	0.01486	0.01163	0.01486	0.01034	0.01550	0.00775	0.00581	0.00581	0.00194	0.00775	0.00517	0.00258	0.00646
30	0.01162	0.02879	0.71671	0.06647	0.02614	0.01347	0.02114	0.01818	0.01224	0.01818	0.01043	0.01249	0.00739	0.00554	0.00554	0.00185	0.00854	0.00435	0.00246	0.00846
31	0.83671	0.01125	0.00855	0.00765	0.01125	0.01305	0.00630	0.01709	0.00990	0.02609	0.00810	0.00945	0.00630	0.00540	0.00360	0.00180	0.00450	0.00315	0.00360	0.00630
32	0.83671	0.01125	0.00855	0.00765	0.01125	0.01305	0.00630	0.01709	0.00990	0.02609	0.00810	0.00945	0.00630	0.00540	0.00360	0.00180	0.00450	0.00315	0.00360	0.00630
33	0.00762	0.00618	0.00679	0.00659	0.00842	0.00548	0.00496	0.01011	0.04411	0.01852	0.28306	0.05052	0.49992	0.01353	0.00683	0.00192	0.00295	0.01147	0.00574	0.00527
34	0.01385	0.01534	0.03233	0.02658	0.16562	0.01454	0.60460	0.01848	0.01364	0.01870	0.01161	0.01545	0.00890	0.00495	0.00666	0.00192	0.00927	0.00655	0.00293	0.00810
35	0.01244	0.01215	0.01696	0.01463	0.01473	0.01686	0.01215	0.01381	0.00905	0.01425	0.00842	0.01353	0.00823	0.01165	0.05449	0.00283	0.71996	0.00516	0.03245	0.00627
36	0.00704	0.00584	0.00616	0.00620	0.00799	0.00496	0.00461	0.00863	0.01349	0.01653	0.13737	0.10252	0.62937	0.01463	0.00691	0.00197	0.00295	0.01235	0.00552	0.00496
37	0.02211	0.01629	0.01745	0.01338	0.01803	0.01803	0.01105	0.73997	0.02734	0.03665	0.01396	0.01396	0.00989	0.00698	0.00582	0.00175	0.00640	0.00524	0.00582	0.00989
38	0.01010	0.00505	0.00758	0.00758	0.00758	0.00505	0.00505	0.00758	0.00758	0.01010	0.01010	0.01768	0.01010	0.02020	0.02273	0.83081	0.00505	0.00505	0.00253	0.00253

[dist]
# distance from previous block
# <min> <max>
0	2

[block]
# block no. 3 follows, 40 sequences, length 15
# corresponding to MSA columns:
# 227-241
name=unknown_D
#
# <colnr> <probs for GDERKNQSTAVLIFYWHMCP>
#	G	D	E	R	K	N	Q	S	T	A	V	L	I	F	Y	W	H	M	C	P
0	0.00809	0.00589	0.00760	0.00727	0.00862	0.00541	0.00542	0.01066	0.01598	0.02240	0.67486	0.08328	0.09794	0.01240	0.00689	0.00187	0.00279	0.01094	0.00629	0.00541
1	0.01054	0.01210	0.22101	0.01011	0.01253	0.00743	0.00968	0.01063	0.00890	0.01244	0.01020	0.01616	0.00933	0.01607	0.01788	0.59737	0.00605	0.00484	0.00251	0.00423
2	0.01175	0.01184	0.02219	0.56844	0.03733	0.01342	0.21949	0.01592	0.01222	0.01592	0.01074	0.01556	0.00805	0.00556	0.00611	0.00194	0.00833	0.00565	0.00268	0.00685
3	0.01624	0.01313	0.01408	0.01219	0.01571	0.01490	0.00974	0.22918	0.49136	0.02729	0.02146	0.02276	0.01670	0.00824	0.00605	0.00196	0.00516	0.05889	0.00585	0.00911
4	0.00797	0.00587	0.00847	0.00885	0.00964	0.00647	0.00656	0.00965	0.00981	0.01377	0.02035	0.24011	0.02159	0.07208	0.52193	0.00720	0.01167	0.00924	0.00378	0.00498
5	0.01377	0.01282	0.01674	0.01429	0.01520	0.07124	0.04175	0.01541	0.01036	0.06087	0.01015	0.01448	0.00908	0.01224	0.08251	0.00294	0.53840	0.00523	0.04601	0.00652
6	0.00743	0.00539	0.00748	0.00845	0.00898	0.00544	0.00592	0.00874	0.01063	0.01447	0.02741	0.57529	0.03172	0.02537	0.22289	0.00433	0.00681	0.01363	0.00476	0.00486
7	0.01558	0.01242	0.01338	0.01140	0.01477	0.01385	0.00903	0.24453	0.38963	0.02760	0.12935	0.02394	0.05168	0.00848	0.00606	0.00188	0.00481	0.00698	0.00594	0.00869
8	0.01319	0.00989	0.01111	0.00903	0.01180	0.00969	0.00668	0.21001	0.01466	0.02046	0.01477	0.02353	0.01427	0.32631	0.04676	0.00338	0.00588	0.00607	0.00411	0.23840
9	0.06407	0.07178	0.01866	0.01326	0.01785	0.04973	0.11207	0.24325	0.01879	0.29075	0.03151	0.01617	0.01182	0.00659	0.00570	0.00175	0.00636	0.00546	0.00542	0.00900
10	0.60732	0.01267	0.01105	0.00926	0.01316	0.01445	0.00764	0.22065	0.01481	0.02906	0.00975	0.01072	0.00731	0.00584	0.00422	0.00178	0.00503	0.00374	0.00422	0.00731
11	0.24415	0.02371	0.49835	0.01465	0.02163	0.01346	0.07014	0.01806	0.01171	0.02059	0.00988	0.01173	0.00717	0.00544	0.00508	0.00184	0.00753	0.00416	0.00281	0.00789
12	0.01769	0.01271	0.02076	0.02856	0.54970	0.01233	0.01523	0.02080	0.01420	0.22862	0.01432	0.01591	0.01067	0.00575	0.00578	0.00175	0.00636	0.00537	0.00409	0.00940
13	0.00723	0.00516	0.00691	0.00826	0.00866	0.00485	0.00564	0.00834	0.01127	0.01500	0.03197	0.74696	0.03815	0.01809	0.00746	0.00238	0.00350	0.06001	0.00540	0.00476
14	0.01367	0.01407	0.17143	0.01093	0.01489	0.01129	0.01033	0.02317	0.33221	0.07494	0.01947	0.01955	0.01450	0.00702	0.00531	0.00176	0.00495	0.00571	0.23674	0.00806

[dist]
# distance from previous block
# <min> <max>
7	26

# created by:
# /software/SequenceAnalysis/GenePrediction/augustus/3.0.1/scripts/msa2prfl.pl ./fixed/BUSCOvEOG7CRNF6.fas
