[name]
unknown

[dist]
# distance from previous block
# <min> <max>
0	194

[block]
# block no. 0 follows, 40 sequences, length 20
# corresponding to MSA columns:
# 253-272
name=unknown_A
#
# <colnr> <probs for GDERKNQSTAVLIFYWHMCP>
#	G	D	E	R	K	N	Q	S	T	A	V	L	I	F	Y	W	H	M	C	P
0	0.00937	0.00669	0.00937	0.01071	0.01205	0.00669	0.00937	0.01205	0.01339	0.01740	0.03079	0.06560	0.03347	0.01606	0.00803	0.00268	0.00535	0.72021	0.00535	0.00535
1	0.00709	0.00506	0.00675	0.00810	0.00843	0.00472	0.00540	0.00810	0.01113	0.01484	0.03205	0.79184	0.03846	0.01822	0.00742	0.00236	0.00337	0.01653	0.00540	0.00472
2	0.00709	0.00506	0.00675	0.00810	0.00843	0.00472	0.00540	0.00810	0.01113	0.01484	0.03205	0.79184	0.03846	0.01822	0.00742	0.00236	0.00337	0.01653	0.00540	0.00472
3	0.02170	0.00892	0.01209	0.00960	0.01333	0.00779	0.00779	0.02407	0.01660	0.58143	0.20324	0.02561	0.02435	0.00835	0.00610	0.00181	0.00441	0.00700	0.00700	0.00881
4	0.02609	0.00990	0.01350	0.01035	0.01484	0.00855	0.00855	0.02834	0.01664	0.76338	0.02294	0.01979	0.01439	0.00720	0.00585	0.00180	0.00495	0.00585	0.00720	0.00990
5	0.02211	0.01629	0.01745	0.01338	0.01803	0.01803	0.01105	0.73997	0.02734	0.03665	0.01396	0.01396	0.00989	0.00698	0.00582	0.00175	0.00640	0.00524	0.00582	0.00989
6	0.01439	0.01382	0.02360	0.03569	0.75936	0.01382	0.01785	0.01785	0.01324	0.01900	0.01094	0.01439	0.00921	0.00518	0.00576	0.00173	0.00691	0.00518	0.00288	0.00921
7	0.00823	0.00594	0.00777	0.00732	0.00869	0.00549	0.00549	0.01097	0.01646	0.02332	0.75629	0.04344	0.05487	0.01189	0.00686	0.00183	0.00274	0.01052	0.00640	0.00549
8	0.00767	0.00563	0.00783	0.00842	0.00893	0.00541	0.03238	0.00868	0.01060	0.01420	0.02768	0.57163	0.03264	0.17544	0.05135	0.00337	0.00470	0.01402	0.00481	0.00462
9	0.01680	0.64762	0.02790	0.01069	0.01553	0.05854	0.01017	0.12309	0.01431	0.01706	0.00899	0.01006	0.00782	0.00532	0.00411	0.00133	0.00645	0.00345	0.00300	0.00778
10	0.01209	0.01163	0.02020	0.52849	0.23795	0.01328	0.06174	0.01592	0.01220	0.01624	0.01059	0.01521	0.00822	0.00558	0.00586	0.00188	0.00765	0.00528	0.00269	0.00731
11	0.01003	0.16025	0.01219	0.00876	0.01033	0.00941	0.00661	0.06874	0.01239	0.01613	0.02502	0.52659	0.02898	0.06707	0.00807	0.00232	0.00432	0.01247	0.00474	0.00559
12	0.01439	0.01382	0.02360	0.03569	0.75936	0.01382	0.01785	0.01785	0.01324	0.01900	0.01094	0.01439	0.00921	0.00518	0.00576	0.00173	0.00691	0.00518	0.00288	0.00921
13	0.01206	0.01034	0.01206	0.00861	0.01378	0.00775	0.00689	0.01464	0.01206	0.01895	0.01034	0.01206	0.00861	0.00431	0.00431	0.00086	0.00431	0.00345	0.00345	0.83118
14	0.00814	0.00594	0.00764	0.00722	0.00863	0.00545	0.00541	0.01079	0.01624	0.02280	0.70848	0.04430	0.10301	0.01208	0.00686	0.00184	0.00276	0.01064	0.00633	0.00545
15	0.00711	0.00580	0.00628	0.00638	0.00805	0.00498	0.00470	0.00872	0.01350	0.01678	0.16339	0.14246	0.56222	0.01471	0.00694	0.00199	0.00297	0.01251	0.00555	0.00498
16	0.83671	0.01125	0.00855	0.00765	0.01125	0.01305	0.00630	0.01709	0.00990	0.02609	0.00810	0.00945	0.00630	0.00540	0.00360	0.00180	0.00450	0.00315	0.00360	0.00630
17	0.00815	0.00594	0.00766	0.00723	0.00864	0.00545	0.00542	0.01081	0.01626	0.02284	0.71271	0.04422	0.09875	0.01207	0.00686	0.00184	0.00276	0.01063	0.00634	0.00545
18	0.02172	0.02772	0.01648	0.01498	0.01798	0.77228	0.01124	0.02322	0.01648	0.01423	0.00899	0.01049	0.00749	0.00599	0.00524	0.00150	0.01049	0.00375	0.00300	0.00674
19	0.01446	0.01249	0.01315	0.01183	0.01512	0.01446	0.00920	0.03090	0.74885	0.02433	0.02367	0.02170	0.01775	0.00789	0.00592	0.00197	0.00460	0.00657	0.00592	0.00920

[dist]
# distance from previous block
# <min> <max>
0	286

# created by:
# /software/SequenceAnalysis/GenePrediction/augustus/3.0.1/scripts/msa2prfl.pl ./fixed/BUSCOvEOG7JWWTG.fas
