[name]
unknown

[dist]
# distance from previous block
# <min> <max>
8	39

[block]
# block no. 0 follows, 41 sequences, length 20
# corresponding to MSA columns:
# 50-69
name=unknown_A
#
# <colnr> <probs for GDERKNQSTAVLIFYWHMCP>
#	G	D	E	R	K	N	Q	S	T	A	V	L	I	F	Y	W	H	M	C	P
0	0.04797	0.02800	0.69579	0.01634	0.02443	0.01333	0.05982	0.01807	0.01205	0.01846	0.01023	0.01214	0.00728	0.00540	0.00542	0.00182	0.00834	0.00431	0.00249	0.00831
1	0.01138	0.04892	0.01778	0.01397	0.01544	0.01345	0.14227	0.01325	0.00976	0.01406	0.01134	0.01863	0.01104	0.14027	0.15297	0.00402	0.34674	0.00596	0.00282	0.00592
2	0.02174	0.01602	0.01717	0.01316	0.01774	0.01774	0.01087	0.74423	0.02689	0.03605	0.01373	0.01373	0.00973	0.00687	0.00572	0.00172	0.00629	0.00515	0.00572	0.00973
3	0.01651	0.70901	0.02801	0.00983	0.01467	0.02096	0.00962	0.01839	0.01218	0.10229	0.00967	0.01039	0.00814	0.00515	0.00392	0.00129	0.00597	0.00338	0.00299	0.00762
4	0.01269	0.01032	0.01202	0.00882	0.01371	0.00822	0.00704	0.01636	0.07433	0.05317	0.01183	0.01300	0.00949	0.00466	0.00444	0.00098	0.00429	0.00376	0.00376	0.72711
5	0.01457	0.02368	0.46655	0.01578	0.02257	0.05452	0.09454	0.09960	0.01466	0.09036	0.04056	0.01439	0.01012	0.00595	0.00567	0.00179	0.00788	0.00495	0.00345	0.00842
6	0.00705	0.00511	0.00666	0.00774	0.00828	0.00472	0.00525	0.00823	0.01156	0.01539	0.09655	0.67514	0.09296	0.01713	0.00721	0.00225	0.00323	0.01544	0.00540	0.00472
7	0.00904	0.00653	0.00896	0.01018	0.01155	0.00645	0.00886	0.01158	0.01316	0.01699	0.03233	0.06382	0.08672	0.01570	0.00782	0.00258	0.00509	0.67214	0.00527	0.00523
8	0.01438	0.01543	0.06811	0.06205	0.02272	0.12418	0.33704	0.04401	0.01360	0.05902	0.01466	0.05596	0.04454	0.00785	0.00785	0.08376	0.00807	0.00648	0.00338	0.00691
9	0.01038	0.00923	0.01396	0.01227	0.01324	0.01156	0.06410	0.01229	0.00946	0.01418	0.01227	0.01850	0.01148	0.04907	0.36372	0.00555	0.31263	0.00577	0.04460	0.00571
10	0.00697	0.00498	0.00664	0.00796	0.00830	0.00465	0.00531	0.00796	0.01095	0.01460	0.03153	0.79525	0.03783	0.01792	0.00730	0.00232	0.00332	0.01626	0.00531	0.00465
11	0.74775	0.01311	0.09262	0.00849	0.01258	0.01288	0.00785	0.01696	0.00999	0.02483	0.00822	0.00960	0.00631	0.00532	0.00375	0.00177	0.00487	0.00322	0.00342	0.00644
12	0.02566	0.00973	0.01327	0.01018	0.01460	0.00841	0.00841	0.02788	0.01637	0.76726	0.02257	0.01947	0.01416	0.00708	0.00575	0.00177	0.00487	0.00575	0.00708	0.00973
13	0.01749	0.05846	0.04443	0.17183	0.02146	0.01560	0.01167	0.40990	0.08093	0.04866	0.01581	0.01660	0.04773	0.00693	0.00566	0.00176	0.00628	0.00546	0.00479	0.00855
14	0.01416	0.01359	0.02322	0.03511	0.76330	0.01359	0.01755	0.01755	0.01302	0.01869	0.01076	0.01416	0.00906	0.00510	0.00566	0.00170	0.00680	0.00510	0.00283	0.00906
15	0.01139	0.01030	0.01584	0.59701	0.03313	0.01249	0.01412	0.04290	0.10163	0.01668	0.01464	0.01980	0.03830	0.00682	0.00588	0.00194	0.00691	0.04025	0.00329	0.00669
16	0.03759	0.01526	0.01523	0.10792	0.01910	0.11610	0.01067	0.30607	0.23997	0.02601	0.01663	0.01682	0.03295	0.00704	0.00565	0.00178	0.00632	0.00549	0.00493	0.00847
17	0.00956	0.00658	0.00855	0.00846	0.01008	0.00631	0.00678	0.01283	0.05232	0.05937	0.43664	0.04739	0.08257	0.01259	0.00698	0.00205	0.00365	0.21557	0.00596	0.00574
18	0.00707	0.00502	0.00661	0.00784	0.00814	0.00471	0.00517	0.00799	0.01076	0.01434	0.03053	0.73925	0.03657	0.07563	0.00891	0.00256	0.00348	0.01567	0.00517	0.00456
19	0.83938	0.01106	0.00841	0.00752	0.01106	0.01283	0.00619	0.01681	0.00973	0.02566	0.00796	0.00929	0.00619	0.00531	0.00354	0.00177	0.00442	0.00310	0.00354	0.00619

[dist]
# distance from previous block
# <min> <max>
0	4

[block]
# block no. 1 follows, 41 sequences, length 8
# corresponding to MSA columns:
# 74-81
name=unknown_B
#
# <colnr> <probs for GDERKNQSTAVLIFYWHMCP>
#	G	D	E	R	K	N	Q	S	T	A	V	L	I	F	Y	W	H	M	C	P
0	0.02127	0.02622	0.01733	0.01716	0.09126	0.69287	0.01195	0.02272	0.01629	0.01515	0.00976	0.01171	0.00823	0.00629	0.00552	0.00163	0.01015	0.00407	0.00318	0.00724
1	0.02023	0.02466	0.01690	0.01521	0.01762	0.61831	0.01160	0.02145	0.01514	0.01464	0.00931	0.01176	0.00809	0.00718	0.00815	0.00181	0.16370	0.00419	0.00311	0.00693
2	0.00907	0.00610	0.00679	0.00676	0.00683	0.00599	0.00382	0.00888	0.00880	0.01181	0.01865	0.03814	0.02134	0.79037	0.02915	0.00563	0.00578	0.00851	0.00371	0.00387
3	0.01239	0.00787	0.00932	0.00843	0.01019	0.00852	0.00651	0.17530	0.01386	0.02067	0.01525	0.01927	0.01268	0.01820	0.20569	0.14115	0.00711	0.00544	0.29637	0.00579
4	0.01147	0.02959	0.76934	0.01630	0.02476	0.01328	0.02113	0.01811	0.01208	0.01811	0.01026	0.01208	0.00725	0.00543	0.00543	0.00181	0.00845	0.00423	0.00242	0.00845
5	0.00817	0.00613	0.00919	0.00919	0.01021	0.00715	0.00715	0.01021	0.00919	0.01328	0.01532	0.02247	0.01430	0.04290	0.77631	0.00919	0.01532	0.00613	0.00306	0.00511
6	0.00898	0.00683	0.00953	0.00919	0.00993	0.00815	0.00702	0.01063	0.00921	0.01363	0.01497	0.02348	0.01447	0.15947	0.48951	0.00706	0.11750	0.00627	0.06914	0.00501
7	0.00784	0.00584	0.00729	0.00692	0.00839	0.00529	0.00519	0.01029	0.01558	0.02149	0.62447	0.04511	0.19069	0.01223	0.00675	0.00182	0.00274	0.01068	0.00611	0.00529

[dist]
# distance from previous block
# <min> <max>
0	1

[block]
# block no. 2 follows, 41 sequences, length 34
# corresponding to MSA columns:
# 83-116
name=unknown_C
#
# <colnr> <probs for GDERKNQSTAVLIFYWHMCP>
#	G	D	E	R	K	N	Q	S	T	A	V	L	I	F	Y	W	H	M	C	P
0	0.06584	0.68880	0.09062	0.01019	0.01530	0.02124	0.01052	0.01719	0.01154	0.01460	0.00815	0.00943	0.00726	0.00496	0.00381	0.00131	0.00621	0.00316	0.00251	0.00736
1	0.01275	0.01127	0.05605	0.00904	0.01428	0.00801	0.00772	0.01551	0.01217	0.06832	0.01100	0.01238	0.00878	0.00449	0.00441	0.00096	0.00452	0.00359	0.00358	0.73116
2	0.01186	0.01017	0.01186	0.00847	0.01356	0.00762	0.00678	0.01440	0.01186	0.01864	0.01017	0.01186	0.00847	0.00424	0.00424	0.00085	0.00424	0.00339	0.00339	0.83395
3	0.01079	0.00973	0.01609	0.71471	0.03644	0.01204	0.01481	0.01450	0.01149	0.01522	0.01093	0.01580	0.00826	0.00580	0.00556	0.00185	0.00718	0.00511	0.07743	0.00626
4	0.00744	0.00588	0.00680	0.00718	0.00874	0.00524	0.00559	0.00922	0.01317	0.01651	0.12418	0.13647	0.45350	0.01484	0.00706	0.00211	0.00342	0.16228	0.00541	0.00496
5	0.00828	0.00612	0.00776	0.00730	0.00877	0.00574	0.00549	0.01148	0.04778	0.02252	0.68514	0.04256	0.09603	0.01170	0.00671	0.00181	0.00279	0.01028	0.00622	0.00552
6	0.00697	0.00498	0.00664	0.00796	0.00830	0.00465	0.00531	0.00796	0.01095	0.01460	0.03153	0.79525	0.03783	0.01792	0.00730	0.00232	0.00332	0.01626	0.00531	0.00465
7	0.01627	0.67761	0.02776	0.01058	0.01516	0.14394	0.00999	0.01805	0.01236	0.01354	0.00810	0.00936	0.00734	0.00505	0.00391	0.00126	0.00679	0.00316	0.00253	0.00723
8	0.01416	0.01359	0.02322	0.03511	0.76330	0.01359	0.01755	0.01755	0.01302	0.01869	0.01076	0.01416	0.00906	0.00510	0.00566	0.00170	0.00680	0.00510	0.00283	0.00906
9	0.00697	0.00498	0.00664	0.00796	0.00830	0.00465	0.00531	0.00796	0.01095	0.01460	0.03153	0.79525	0.03783	0.01792	0.00730	0.00232	0.00332	0.01626	0.00531	0.00465
10	0.01163	0.06102	0.73927	0.01604	0.02435	0.01366	0.02067	0.01807	0.01206	0.01792	0.01017	0.01196	0.00725	0.00541	0.00536	0.00179	0.00836	0.00418	0.00242	0.00841
11	0.04220	0.01082	0.01706	0.31421	0.16368	0.01236	0.05566	0.03880	0.01228	0.03834	0.01237	0.01748	0.01009	0.00662	0.00697	0.00188	0.09030	0.03588	0.10607	0.00695
12	0.01152	0.00992	0.01596	0.32119	0.21053	0.01065	0.03890	0.01461	0.01240	0.04848	0.02037	0.05588	0.13611	0.00764	0.00587	0.00183	0.00607	0.00684	0.05840	0.00683
13	0.83938	0.01106	0.00841	0.00752	0.01106	0.01283	0.00619	0.01681	0.00973	0.02566	0.00796	0.00929	0.00619	0.00531	0.00354	0.00177	0.00442	0.00310	0.00354	0.00619
14	0.00829	0.00567	0.00689	0.00689	0.00712	0.00590	0.00428	0.00874	0.00851	0.01157	0.01743	0.03413	0.01936	0.63222	0.19391	0.00635	0.00770	0.00784	0.00338	0.00383
15	0.01126	0.01086	0.01794	0.59963	0.03414	0.01374	0.04623	0.01460	0.01099	0.01460	0.00970	0.01471	0.00765	0.00653	0.00836	0.00203	0.16295	0.00514	0.00255	0.00639
16	0.00802	0.00579	0.00758	0.00725	0.00853	0.00535	0.00539	0.01060	0.01583	0.02237	0.71057	0.09406	0.05287	0.01212	0.00678	0.00183	0.00274	0.01075	0.00623	0.00535
17	0.00723	0.00522	0.00685	0.00770	0.00834	0.00483	0.00530	0.00866	0.01229	0.01665	0.20859	0.58788	0.06661	0.01630	0.00715	0.00218	0.00315	0.01469	0.00555	0.00483
18	0.05049	0.01554	0.01651	0.01283	0.01727	0.01728	0.01056	0.65999	0.08540	0.03469	0.01430	0.01419	0.01023	0.00688	0.00565	0.00174	0.00608	0.00518	0.00565	0.00955
19	0.00966	0.00722	0.01048	0.01276	0.07980	0.00722	0.00997	0.01237	0.01315	0.01726	0.02852	0.05997	0.03076	0.01483	0.00770	0.00255	0.00541	0.65972	0.00505	0.00561
20	0.01392	0.01210	0.01332	0.08159	0.01709	0.01409	0.00967	0.02897	0.68591	0.02309	0.02209	0.02079	0.01657	0.00758	0.00581	0.00194	0.00481	0.00634	0.00552	0.00881
21	0.71342	0.01388	0.12418	0.00886	0.01315	0.01290	0.00847	0.01701	0.01009	0.02451	0.00831	0.00972	0.00635	0.00533	0.00383	0.00178	0.00504	0.00327	0.00337	0.00654
22	0.00810	0.00585	0.00765	0.00720	0.00855	0.00540	0.00540	0.01079	0.01619	0.02294	0.76028	0.04273	0.05397	0.01169	0.00675	0.00180	0.00270	0.01034	0.00630	0.00540
23	0.83938	0.01106	0.00841	0.00752	0.01106	0.01283	0.00619	0.01681	0.00973	0.02566	0.00796	0.00929	0.00619	0.00531	0.00354	0.00177	0.00442	0.00310	0.00354	0.00619
24	0.01318	0.01448	0.03137	0.02260	0.02786	0.01361	0.67583	0.01734	0.01295	0.01756	0.01142	0.01561	0.00879	0.00618	0.00816	0.07713	0.00922	0.00659	0.00286	0.00724
25	0.01424	0.01186	0.01271	0.01153	0.01468	0.01359	0.00905	0.02918	0.68625	0.04475	0.02369	0.02395	0.01832	0.00824	0.00595	0.00198	0.00458	0.05078	0.00582	0.00884
26	0.00697	0.00498	0.00664	0.00796	0.00830	0.00465	0.00531	0.00796	0.01095	0.01460	0.03153	0.79525	0.03783	0.01792	0.00730	0.00232	0.00332	0.01626	0.00531	0.00465
27	0.00810	0.00585	0.00765	0.00720	0.00855	0.00540	0.00540	0.01079	0.01619	0.02294	0.76028	0.04273	0.05397	0.01169	0.00675	0.00180	0.00270	0.01034	0.00630	0.00540
28	0.00994	0.00497	0.00745	0.00745	0.00745	0.00497	0.00497	0.00745	0.00745	0.00994	0.00994	0.01739	0.00994	0.01987	0.02235	0.83358	0.00497	0.00497	0.00248	0.00248
29	0.01066	0.00533	0.00533	0.00533	0.00666	0.00533	0.00400	0.01333	0.01200	0.02132	0.01866	0.02132	0.01466	0.00666	0.00400	0.00133	0.00267	0.00533	0.83073	0.00533
30	0.00697	0.00498	0.00664	0.00796	0.00830	0.00465	0.00531	0.00796	0.01095	0.01460	0.03153	0.79525	0.03783	0.01792	0.00730	0.00232	0.00332	0.01626	0.00531	0.00465
31	0.01251	0.01251	0.01752	0.01502	0.01502	0.01752	0.01251	0.01377	0.00876	0.01377	0.00751	0.01251	0.00751	0.01001	0.01877	0.00250	0.78851	0.00501	0.00250	0.00626
32	0.01396	0.01339	0.02286	0.07878	0.72116	0.01354	0.01746	0.01738	0.01293	0.01845	0.01072	0.01422	0.00898	0.00513	0.00567	0.00171	0.00684	0.00510	0.00281	0.00890
33	0.01228	0.19216	0.61381	0.01493	0.02264	0.01525	0.01875	0.01791	0.01198	0.01713	0.00978	0.01147	0.00727	0.00532	0.00506	0.00169	0.00796	0.00398	0.00242	0.00822

[dist]
# distance from previous block
# <min> <max>
0	20

# created by:
# /software/SequenceAnalysis/GenePrediction/augustus/3.0.1/scripts/msa2prfl.pl ./fixed/BUSCOvEOG7FXSQ3.fas
