[name]
unknown

[dist]
# distance from previous block
# <min> <max>
0	382

[block]
# block no. 0 follows, 40 sequences, length 7
# corresponding to MSA columns:
# 414-420
name=unknown_A
#
# <colnr> <probs for GDERKNQSTAVLIFYWHMCP>
#	G	D	E	R	K	N	Q	S	T	A	V	L	I	F	Y	W	H	M	C	P
0	0.01290	0.01074	0.01218	0.00917	0.01388	0.00857	0.00722	0.06265	0.01379	0.02047	0.01808	0.01939	0.11142	0.00651	0.00515	0.00125	0.00457	0.00507	0.00417	0.65284
1	0.00805	0.00594	0.00752	0.00712	0.00857	0.00541	0.00534	0.01062	0.01602	0.02228	0.66135	0.04514	0.15045	0.01227	0.00686	0.00185	0.00277	0.01076	0.00627	0.00541
2	0.01439	0.01382	0.02360	0.03569	0.75936	0.01382	0.01785	0.01785	0.01324	0.01900	0.01094	0.01439	0.00921	0.00518	0.00576	0.00173	0.00691	0.00518	0.00288	0.00921
3	0.01166	0.03008	0.76550	0.01657	0.02517	0.01351	0.02149	0.01842	0.01228	0.01842	0.01044	0.01228	0.00737	0.00552	0.00552	0.00184	0.00859	0.00430	0.00246	0.00859
4	0.02082	0.02582	0.01606	0.01459	0.01762	0.67790	0.01098	0.02418	0.10769	0.01549	0.01082	0.01188	0.00877	0.00623	0.00533	0.00156	0.00975	0.00410	0.00336	0.00705
5	0.00814	0.00581	0.00796	0.00930	0.01010	0.00563	0.00723	0.00992	0.01217	0.01603	0.03147	0.45640	0.03615	0.01722	0.00770	0.00251	0.00429	0.34155	0.00538	0.00501
6	0.01352	0.01305	0.02245	0.12635	0.58842	0.01326	0.05648	0.01700	0.01307	0.01828	0.01354	0.01689	0.05010	0.00577	0.00589	0.00178	0.00695	0.00566	0.00298	0.00856

[dist]
# distance from previous block
# <min> <max>
0	55

[block]
# block no. 1 follows, 40 sequences, length 6
# corresponding to MSA columns:
# 476-481
name=unknown_B
#
# <colnr> <probs for GDERKNQSTAVLIFYWHMCP>
#	G	D	E	R	K	N	Q	S	T	A	V	L	I	F	Y	W	H	M	C	P
0	0.00953	0.00730	0.00861	0.00806	0.00967	0.00741	0.00593	0.01473	0.17247	0.02130	0.44861	0.03867	0.08149	0.12891	0.01007	0.00244	0.00359	0.00946	0.00581	0.00596
1	0.01099	0.00776	0.00885	0.00836	0.00946	0.00804	0.00569	0.16555	0.01329	0.01776	0.02137	0.25151	0.02375	0.40066	0.01806	0.00385	0.00514	0.01011	0.00456	0.00524
2	0.01723	0.01925	0.01447	0.01315	0.01508	0.42708	0.00995	0.01915	0.07819	0.01420	0.01032	0.01336	0.00898	0.00984	0.01114	0.17992	0.12513	0.00448	0.00309	0.00600
3	0.01549	0.01105	0.01344	0.12670	0.01777	0.01235	0.00964	0.15695	0.27669	0.08886	0.01685	0.01827	0.01282	0.00999	0.00949	0.18002	0.00554	0.00572	0.00478	0.00755
4	0.01368	0.01237	0.01896	0.22402	0.34447	0.01265	0.01445	0.08022	0.01381	0.01946	0.01092	0.01415	0.00876	0.00532	0.00547	0.00160	0.00653	0.00481	0.00318	0.18519
5	0.00779	0.00579	0.00784	0.00854	0.00900	0.00602	0.00599	0.00900	0.01072	0.01466	0.06080	0.51323	0.03181	0.08702	0.14566	0.00386	0.04961	0.01310	0.00472	0.00483

[dist]
# distance from previous block
# <min> <max>
2	58

# created by:
# /software/SequenceAnalysis/GenePrediction/augustus/3.0.1/scripts/msa2prfl.pl ./fixed/BUSCOvEOG78PP0G.fas
