[name]
unknown

[dist]
# distance from previous block
# <min> <max>
0	238

[block]
# block no. 0 follows, 40 sequences, length 68
# corresponding to MSA columns:
# 322-389
name=unknown_A
#
# <colnr> <probs for GDERKNQSTAVLIFYWHMCP>
#	G	D	E	R	K	N	Q	S	T	A	V	L	I	F	Y	W	H	M	C	P
0	0.00987	0.00706	0.00972	0.01103	0.01240	0.00699	0.00956	0.01240	0.01368	0.01784	0.03112	0.06585	0.03373	0.01631	0.00822	0.00276	0.00552	0.71485	0.00550	0.00561
1	0.00739	0.00626	0.00627	0.00624	0.00824	0.00522	0.00465	0.00872	0.01354	0.01616	0.05902	0.05630	0.75168	0.01498	0.00707	0.00205	0.00313	0.01237	0.00555	0.00517
2	0.00751	0.00630	0.00643	0.00648	0.00844	0.00530	0.00489	0.00890	0.01355	0.01624	0.05766	0.05676	0.71661	0.01504	0.00712	0.00209	0.00324	0.04669	0.00555	0.00519
3	0.01215	0.03026	0.76001	0.01685	0.02542	0.01374	0.02158	0.01872	0.01257	0.01885	0.01092	0.01295	0.00783	0.00585	0.00573	0.00193	0.00873	0.00446	0.00263	0.00883
4	0.01254	0.01067	0.01238	0.00895	0.01412	0.00804	0.00710	0.01497	0.01236	0.01938	0.01082	0.01273	0.00907	0.00464	0.00452	0.00096	0.00448	0.00361	0.00361	0.82507
5	0.01550	0.01268	0.01348	0.01207	0.01544	0.01440	0.00936	0.03098	0.70739	0.06112	0.02401	0.02220	0.01797	0.00816	0.00612	0.00205	0.00479	0.00668	0.00612	0.00947
6	0.02251	0.01658	0.01774	0.01368	0.01834	0.01824	0.01123	0.73470	0.02752	0.03694	0.01442	0.01462	0.01034	0.00729	0.00602	0.00183	0.00655	0.00539	0.00596	0.01011
7	0.01317	0.01065	0.01245	0.00902	0.01417	0.00807	0.00717	0.01559	0.01256	0.05303	0.01139	0.01308	0.00933	0.00477	0.00459	0.00100	0.00450	0.00372	0.00378	0.78794
8	0.01264	0.00834	0.01082	0.05019	0.16834	0.00848	0.00814	0.05065	0.01343	0.02193	0.01702	0.02006	0.01352	0.00672	0.00481	0.00157	0.00420	0.00550	0.56689	0.00675
9	0.00760	0.00544	0.00712	0.00843	0.00882	0.00503	0.00562	0.00848	0.01144	0.01530	0.03237	0.78649	0.03869	0.01844	0.00761	0.00245	0.00355	0.01660	0.00555	0.00499
10	0.00760	0.00544	0.00712	0.00843	0.00882	0.00503	0.00562	0.00848	0.01144	0.01530	0.03237	0.78649	0.03869	0.01844	0.00761	0.00245	0.00355	0.01660	0.00555	0.00499
11	0.01254	0.01067	0.01238	0.00895	0.01412	0.00804	0.00710	0.01497	0.01236	0.01938	0.01082	0.01273	0.00907	0.00464	0.00452	0.00096	0.00448	0.00361	0.00361	0.82507
12	0.01581	0.75610	0.06629	0.01059	0.01575	0.02272	0.01070	0.01777	0.01214	0.01438	0.00870	0.01016	0.00792	0.00533	0.00404	0.00137	0.00649	0.00334	0.00266	0.00776
13	0.01254	0.01067	0.01238	0.00895	0.01412	0.00804	0.00710	0.01497	0.01236	0.01938	0.01082	0.01273	0.00907	0.00464	0.00452	0.00096	0.00448	0.00361	0.00361	0.82507
14	0.00760	0.00544	0.00712	0.00843	0.00882	0.00503	0.00562	0.00848	0.01144	0.01530	0.03237	0.78649	0.03869	0.01844	0.00761	0.00245	0.00355	0.01660	0.00555	0.00499
15	0.01320	0.01314	0.02415	0.35461	0.24132	0.01391	0.21709	0.01708	0.01297	0.01753	0.01139	0.01588	0.00893	0.00570	0.00629	0.00197	0.00822	0.00579	0.00294	0.00787
16	0.01215	0.03026	0.76001	0.01685	0.02542	0.01374	0.02158	0.01872	0.01257	0.01885	0.01092	0.01295	0.00783	0.00585	0.00573	0.00193	0.00873	0.00446	0.00263	0.00883
17	0.01316	0.01104	0.01272	0.00924	0.01438	0.00867	0.00736	0.05961	0.01330	0.02046	0.01104	0.01285	0.00915	0.00480	0.00461	0.00101	0.00460	0.00372	0.00375	0.77452
18	0.00882	0.00660	0.00969	0.00967	0.01075	0.00756	0.00748	0.01075	0.00967	0.01397	0.01602	0.02343	0.01495	0.04364	0.76687	0.00938	0.01566	0.00637	0.00328	0.00545
19	0.00882	0.00660	0.00969	0.00967	0.01075	0.00756	0.00748	0.01075	0.00967	0.01397	0.01602	0.02343	0.01495	0.04364	0.76687	0.00938	0.01566	0.00637	0.00328	0.00545
20	0.01419	0.01598	0.03447	0.02472	0.03060	0.01494	0.73280	0.01893	0.01401	0.01906	0.01224	0.01633	0.00928	0.00523	0.00706	0.00205	0.00993	0.00700	0.00311	0.00808
21	0.01254	0.01067	0.01238	0.00895	0.01412	0.00804	0.00710	0.01497	0.01236	0.01938	0.01082	0.01273	0.00907	0.00464	0.00452	0.00096	0.00448	0.00361	0.00361	0.82507
22	0.01254	0.01067	0.01238	0.00895	0.01412	0.00804	0.00710	0.01497	0.01236	0.01938	0.01082	0.01273	0.00907	0.00464	0.00452	0.00096	0.00448	0.00361	0.00361	0.82507
23	0.00882	0.00660	0.00969	0.00967	0.01075	0.00756	0.00748	0.01075	0.00967	0.01397	0.01602	0.02343	0.01495	0.04364	0.76687	0.00938	0.01566	0.00637	0.00328	0.00545
24	0.01492	0.01281	0.01347	0.01214	0.01545	0.01470	0.00940	0.03110	0.74346	0.02471	0.02405	0.02229	0.01814	0.00819	0.00612	0.00206	0.00477	0.00672	0.00606	0.00943
25	0.00760	0.00544	0.00712	0.00843	0.00882	0.00503	0.00562	0.00848	0.01144	0.01530	0.03237	0.78649	0.03869	0.01844	0.00761	0.00245	0.00355	0.01660	0.00555	0.00499
26	0.00874	0.00631	0.00813	0.00766	0.00907	0.00579	0.00571	0.01133	0.01673	0.02371	0.75102	0.04387	0.05497	0.01216	0.00705	0.00192	0.00292	0.01063	0.00654	0.00574
27	0.00758	0.00554	0.00701	0.00816	0.00875	0.00505	0.00550	0.00851	0.01170	0.01541	0.03565	0.69657	0.12649	0.01802	0.00755	0.00240	0.00350	0.01608	0.00555	0.00501
28	0.01215	0.03026	0.76001	0.01685	0.02542	0.01374	0.02158	0.01872	0.01257	0.01885	0.01092	0.01295	0.00783	0.00585	0.00573	0.00193	0.00873	0.00446	0.00263	0.00883
29	0.00760	0.00544	0.00712	0.00843	0.00882	0.00503	0.00562	0.00848	0.01144	0.01530	0.03237	0.78649	0.03869	0.01844	0.00761	0.00245	0.00355	0.01660	0.00555	0.00499
30	0.01492	0.01281	0.01347	0.01214	0.01545	0.01470	0.00940	0.03110	0.74346	0.02471	0.02405	0.02229	0.01814	0.00819	0.00612	0.00206	0.00477	0.00672	0.00606	0.00943
31	0.57707	0.25505	0.01568	0.00870	0.01274	0.01637	0.00764	0.01750	0.01080	0.02263	0.00859	0.01010	0.00713	0.00559	0.00386	0.00172	0.00520	0.00330	0.00342	0.00691
32	0.00874	0.00631	0.00813	0.00766	0.00907	0.00579	0.00571	0.01133	0.01673	0.02371	0.75102	0.04387	0.05497	0.01216	0.00705	0.00192	0.00292	0.01063	0.00654	0.00574
33	0.00760	0.00544	0.00712	0.00843	0.00882	0.00503	0.00562	0.00848	0.01144	0.01530	0.03237	0.78649	0.03869	0.01844	0.00761	0.00245	0.00355	0.01660	0.00555	0.00499
34	0.00760	0.00544	0.00712	0.00843	0.00882	0.00503	0.00562	0.00848	0.01144	0.01530	0.03237	0.78649	0.03869	0.01844	0.00761	0.00245	0.00355	0.01660	0.00555	0.00499
35	0.01698	0.01556	0.02034	0.01779	0.01823	0.01966	0.01420	0.01700	0.01180	0.01816	0.01216	0.01869	0.01181	0.01275	0.01999	0.00328	0.73244	0.00646	0.00407	0.00860
36	0.01636	0.01334	0.01499	0.01160	0.01684	0.01030	0.00877	0.01760	0.01474	0.02278	0.01468	0.01807	0.01273	0.00729	0.00623	0.00172	0.00583	0.00493	0.00491	0.77630
37	0.01599	0.03171	0.71625	0.01900	0.02744	0.01566	0.02236	0.02111	0.01494	0.02228	0.01477	0.01828	0.01156	0.00842	0.00737	0.00263	0.00982	0.00573	0.00399	0.01068
38	0.01454	0.00842	0.01082	0.01063	0.01107	0.00779	0.00706	0.01102	0.01057	0.01454	0.01446	0.02330	0.01411	0.02208	0.02338	0.77418	0.00652	0.00643	0.00406	0.00503
39	0.02571	0.01888	0.02001	0.01603	0.02080	0.01987	0.01265	0.69269	0.02896	0.03925	0.01805	0.01985	0.01391	0.00978	0.00764	0.00254	0.00777	0.00660	0.00712	0.01189
40	0.01122	0.00805	0.00968	0.01078	0.01148	0.00717	0.00716	0.01113	0.01357	0.01850	0.03457	0.74919	0.04028	0.02001	0.00894	0.00303	0.00478	0.01705	0.00658	0.00682
41	0.07340	0.01003	0.01274	0.01000	0.01410	0.00922	0.00820	0.08504	0.01696	0.56633	0.07936	0.02212	0.05021	0.00777	0.00583	0.00180	0.00478	0.00628	0.00672	0.00911
42	0.01432	0.01236	0.01308	0.01164	0.01504	0.01405	0.00906	0.02990	0.70351	0.02400	0.02285	0.02110	0.01719	0.00767	0.00582	0.00190	0.00458	0.00638	0.00577	0.05979
43	0.83671	0.01125	0.00855	0.00765	0.01125	0.01305	0.00630	0.01709	0.00990	0.02609	0.00810	0.00945	0.00630	0.00540	0.00360	0.00180	0.00450	0.00315	0.00360	0.00630
44	0.01010	0.00505	0.00758	0.00758	0.00758	0.00505	0.00505	0.00758	0.00758	0.01010	0.01010	0.01768	0.01010	0.02020	0.02273	0.83081	0.00505	0.00505	0.00253	0.00253
45	0.01098	0.01034	0.01744	0.78165	0.04005	0.01292	0.01615	0.01486	0.01163	0.01486	0.01034	0.01550	0.00775	0.00581	0.00581	0.00194	0.00775	0.00517	0.00258	0.00646
46	0.00846	0.00564	0.00634	0.00634	0.00634	0.00564	0.00352	0.00846	0.00846	0.01128	0.01832	0.03805	0.02114	0.79563	0.02960	0.00564	0.00564	0.00846	0.00352	0.00352
47	0.01439	0.01382	0.02360	0.03569	0.75936	0.01382	0.01785	0.01785	0.01324	0.01900	0.01094	0.01439	0.00921	0.00518	0.00576	0.00173	0.00691	0.00518	0.00288	0.00921
48	0.01439	0.01382	0.02360	0.03569	0.75936	0.01382	0.01785	0.01785	0.01324	0.01900	0.01094	0.01439	0.00921	0.00518	0.00576	0.00173	0.00691	0.00518	0.00288	0.00921
49	0.01098	0.01034	0.01744	0.78165	0.04005	0.01292	0.01615	0.01486	0.01163	0.01486	0.01034	0.01550	0.00775	0.00581	0.00581	0.00194	0.00775	0.00517	0.00258	0.00646
50	0.01251	0.01032	0.01210	0.00867	0.01382	0.00778	0.00694	0.01508	0.01221	0.04287	0.01074	0.01231	0.00880	0.00440	0.00436	0.00089	0.00433	0.00352	0.00357	0.80478
51	0.83671	0.01125	0.00855	0.00765	0.01125	0.01305	0.00630	0.01709	0.00990	0.02609	0.00810	0.00945	0.00630	0.00540	0.00360	0.00180	0.00450	0.00315	0.00360	0.00630
52	0.00687	0.00589	0.00589	0.00589	0.00785	0.00491	0.00442	0.00835	0.01325	0.01571	0.05891	0.05596	0.75700	0.01473	0.00687	0.00196	0.00295	0.01227	0.00540	0.00491
53	0.01267	0.22984	0.57457	0.01485	0.02251	0.01597	0.01849	0.01816	0.01216	0.01719	0.00983	0.01151	0.00739	0.00538	0.00506	0.00169	0.00798	0.00399	0.00246	0.00830
54	0.01512	0.01357	0.01330	0.01188	0.01490	0.09638	0.00922	0.10253	0.47749	0.02281	0.01985	0.02023	0.01547	0.03337	0.10442	0.00294	0.00687	0.00613	0.00517	0.00834
55	0.00716	0.00512	0.00681	0.00805	0.00845	0.00477	0.00540	0.00827	0.01146	0.01537	0.07662	0.74578	0.03947	0.01783	0.00739	0.00233	0.00334	0.01616	0.00546	0.00477
56	0.00839	0.00561	0.00636	0.00642	0.00644	0.00560	0.00361	0.00844	0.00858	0.01144	0.01894	0.07213	0.02192	0.76049	0.02860	0.00549	0.00554	0.00882	0.00361	0.00358
57	0.01373	0.01569	0.03431	0.02451	0.03039	0.01471	0.73824	0.01863	0.01373	0.01863	0.01176	0.01569	0.00882	0.00490	0.00686	0.00196	0.00980	0.00686	0.00294	0.00784
58	0.01373	0.01569	0.03431	0.02451	0.03039	0.01471	0.73824	0.01863	0.01373	0.01863	0.01176	0.01569	0.00882	0.00490	0.00686	0.00196	0.00980	0.00686	0.00294	0.00784
59	0.00712	0.00509	0.00678	0.00807	0.00844	0.00475	0.00540	0.00819	0.01130	0.01511	0.05450	0.76863	0.03897	0.01802	0.00740	0.00235	0.00335	0.01635	0.00543	0.00475
60	0.02553	0.01002	0.01348	0.01042	0.01486	0.00883	0.00858	0.02846	0.05214	0.72756	0.02298	0.01989	0.01456	0.00723	0.00585	0.00181	0.00493	0.00588	0.00714	0.00986
61	0.01206	0.01034	0.01206	0.00861	0.01378	0.00775	0.00689	0.01464	0.01206	0.01895	0.01034	0.01206	0.00861	0.00431	0.00431	0.00086	0.00431	0.00345	0.00345	0.83118
62	0.00715	0.00509	0.00673	0.00801	0.00833	0.00477	0.00531	0.00811	0.01100	0.01467	0.03137	0.75470	0.03761	0.05652	0.00852	0.00252	0.00349	0.01613	0.00531	0.00466
63	0.00831	0.00623	0.00935	0.00935	0.01038	0.00727	0.00727	0.01038	0.00935	0.01350	0.01558	0.02285	0.01454	0.04361	0.77259	0.00935	0.01558	0.00623	0.00312	0.00519
64	0.01166	0.03008	0.76550	0.01657	0.02517	0.01351	0.02149	0.01842	0.01228	0.01842	0.01044	0.01228	0.00737	0.00552	0.00552	0.00184	0.00859	0.00430	0.00246	0.00859
65	0.00709	0.00594	0.00620	0.00626	0.00815	0.00505	0.00478	0.00870	0.01342	0.01619	0.09154	0.05594	0.67787	0.01467	0.00694	0.00200	0.00308	0.05575	0.00545	0.00497
66	0.00908	0.00658	0.00837	0.00769	0.00926	0.00626	0.00583	0.05584	0.01713	0.02414	0.71060	0.04162	0.05210	0.01159	0.00679	0.00182	0.00297	0.01019	0.00637	0.00576
67	0.00701	0.00584	0.00611	0.00616	0.00797	0.00495	0.00458	0.00857	0.01342	0.01635	0.12064	0.10011	0.64896	0.01468	0.00691	0.00198	0.00295	0.01238	0.00549	0.00495

[dist]
# distance from previous block
# <min> <max>
0	1

[block]
# block no. 1 follows, 40 sequences, length 32
# corresponding to MSA columns:
# 391-422
name=unknown_B
#
# <colnr> <probs for GDERKNQSTAVLIFYWHMCP>
#	G	D	E	R	K	N	Q	S	T	A	V	L	I	F	Y	W	H	M	C	P
0	0.01446	0.01249	0.01315	0.01183	0.01512	0.01446	0.00920	0.03090	0.74885	0.02433	0.02367	0.02170	0.01775	0.00789	0.00592	0.00197	0.00460	0.00657	0.00592	0.00920
1	0.02275	0.01525	0.01681	0.01289	0.01751	0.01649	0.01064	0.62405	0.02560	0.15503	0.01542	0.01491	0.01062	0.00702	0.00582	0.00175	0.00616	0.00534	0.00604	0.00989
2	0.01166	0.03008	0.76550	0.01657	0.02517	0.01351	0.02149	0.01842	0.01228	0.01842	0.01044	0.01228	0.00737	0.00552	0.00552	0.00184	0.00859	0.00430	0.00246	0.00859
3	0.01446	0.01249	0.01315	0.01183	0.01512	0.01446	0.00920	0.03090	0.74885	0.02433	0.02367	0.02170	0.01775	0.00789	0.00592	0.00197	0.00460	0.00657	0.00592	0.00920
4	0.83671	0.01125	0.00855	0.00765	0.01125	0.01305	0.00630	0.01709	0.00990	0.02609	0.00810	0.00945	0.00630	0.00540	0.00360	0.00180	0.00450	0.00315	0.00360	0.00630
5	0.00925	0.00661	0.00923	0.01057	0.01185	0.00659	0.00916	0.01183	0.01326	0.01726	0.03086	0.10488	0.03374	0.01618	0.00800	0.00266	0.00525	0.68215	0.00536	0.00532
6	0.01446	0.01249	0.01315	0.01183	0.01512	0.01446	0.00920	0.03090	0.74885	0.02433	0.02367	0.02170	0.01775	0.00789	0.00592	0.00197	0.00460	0.00657	0.00592	0.00920
7	0.02609	0.00990	0.01350	0.01035	0.01484	0.00855	0.00855	0.02834	0.01664	0.76338	0.02294	0.01979	0.01439	0.00720	0.00585	0.00180	0.00495	0.00585	0.00720	0.00990
8	0.00843	0.00575	0.00693	0.00693	0.00714	0.00596	0.00426	0.00884	0.00863	0.01171	0.01778	0.03507	0.01985	0.64798	0.17547	0.00637	0.00759	0.00802	0.00344	0.00385
9	0.01206	0.01034	0.01206	0.00861	0.01378	0.00775	0.00689	0.01464	0.01206	0.01895	0.01034	0.01206	0.00861	0.00431	0.00431	0.00086	0.00431	0.00345	0.00345	0.83118
10	0.00709	0.00506	0.00675	0.00810	0.00843	0.00472	0.00540	0.00810	0.01113	0.01484	0.03205	0.79184	0.03846	0.01822	0.00742	0.00236	0.00337	0.01653	0.00540	0.00472
11	0.00687	0.00589	0.00589	0.00589	0.00785	0.00491	0.00442	0.00835	0.01325	0.01571	0.05891	0.05596	0.75700	0.01473	0.00687	0.00196	0.00295	0.01227	0.00540	0.00491
12	0.01555	0.79913	0.03047	0.00995	0.01493	0.02301	0.00995	0.01741	0.01182	0.01368	0.00808	0.00933	0.00746	0.00498	0.00373	0.00124	0.00622	0.00311	0.00249	0.00746
13	0.02209	0.01691	0.01740	0.01347	0.01803	0.05884	0.01106	0.70119	0.02675	0.03544	0.01369	0.01377	0.00976	0.00693	0.00579	0.00173	0.00662	0.00515	0.00566	0.00972
14	0.00790	0.00593	0.00731	0.00697	0.00848	0.00535	0.00522	0.01033	0.01567	0.02145	0.58516	0.04651	0.22717	0.01259	0.00686	0.00186	0.00279	0.01095	0.00616	0.00535
15	0.01555	0.79913	0.03047	0.00995	0.01493	0.02301	0.00995	0.01741	0.01182	0.01368	0.00808	0.00933	0.00746	0.00498	0.00373	0.00124	0.00622	0.00311	0.00249	0.00746
16	0.01206	0.01034	0.01206	0.00861	0.01378	0.00775	0.00689	0.01464	0.01206	0.01895	0.01034	0.01206	0.00861	0.00431	0.00431	0.00086	0.00431	0.00345	0.00345	0.83118
17	0.01292	0.01330	0.02105	0.01708	0.01824	0.01720	0.15516	0.01490	0.00985	0.01490	0.00844	0.01330	0.00787	0.00914	0.01668	0.00243	0.63279	0.00544	0.00262	0.00665
18	0.83671	0.01125	0.00855	0.00765	0.01125	0.01305	0.00630	0.01709	0.00990	0.02609	0.00810	0.00945	0.00630	0.00540	0.00360	0.00180	0.00450	0.00315	0.00360	0.00630
19	0.00846	0.00564	0.00634	0.00634	0.00634	0.00564	0.00352	0.00846	0.00846	0.01128	0.01832	0.03805	0.02114	0.79563	0.02960	0.00564	0.00564	0.00846	0.00352	0.00352
20	0.00725	0.00591	0.00641	0.00628	0.00808	0.00507	0.00471	0.00907	0.01414	0.01781	0.25127	0.05251	0.56332	0.01394	0.00687	0.00193	0.00289	0.01179	0.00568	0.00507
21	0.01961	0.01440	0.01587	0.01286	0.01686	0.01581	0.01072	0.59705	0.02460	0.03287	0.01727	0.02410	0.01452	0.00876	0.00625	0.00193	0.00619	0.14561	0.00573	0.00900
22	0.00831	0.00623	0.00935	0.00935	0.01038	0.00727	0.00727	0.01038	0.00935	0.01350	0.01558	0.02285	0.01454	0.04361	0.77259	0.00935	0.01558	0.00623	0.00312	0.00519
23	0.01098	0.01034	0.01744	0.78165	0.04005	0.01292	0.01615	0.01486	0.01163	0.01486	0.01034	0.01550	0.00775	0.00581	0.00581	0.00194	0.00775	0.00517	0.00258	0.00646
24	0.00709	0.00506	0.00675	0.00810	0.00843	0.00472	0.00540	0.00810	0.01113	0.01484	0.03205	0.79184	0.03846	0.01822	0.00742	0.00236	0.00337	0.01653	0.00540	0.00472
25	0.00846	0.00564	0.00634	0.00634	0.00634	0.00564	0.00352	0.00846	0.00846	0.01128	0.01832	0.03805	0.02114	0.79563	0.02960	0.00564	0.00564	0.00846	0.00352	0.00352
26	0.01098	0.01034	0.01744	0.78165	0.04005	0.01292	0.01615	0.01486	0.01163	0.01486	0.01034	0.01550	0.00775	0.00581	0.00581	0.00194	0.00775	0.00517	0.00258	0.00646
27	0.01555	0.79913	0.03047	0.00995	0.01493	0.02301	0.00995	0.01741	0.01182	0.01368	0.00808	0.00933	0.00746	0.00498	0.00373	0.00124	0.00622	0.00311	0.00249	0.00746
28	0.02609	0.00990	0.01350	0.01035	0.01484	0.00855	0.00855	0.02834	0.01664	0.76338	0.02294	0.01979	0.01439	0.00720	0.00585	0.00180	0.00495	0.00585	0.00720	0.00990
29	0.01446	0.01249	0.01315	0.01183	0.01512	0.01446	0.00920	0.03090	0.74885	0.02433	0.02367	0.02170	0.01775	0.00789	0.00592	0.00197	0.00460	0.00657	0.00592	0.00920
30	0.01107	0.01046	0.01746	0.74169	0.03876	0.01317	0.01597	0.01481	0.01149	0.01481	0.01020	0.01536	0.00775	0.00604	0.00651	0.00197	0.04828	0.00516	0.00258	0.00645
31	0.00831	0.00623	0.00935	0.00935	0.01038	0.00727	0.00727	0.01038	0.00935	0.01350	0.01558	0.02285	0.01454	0.04361	0.77259	0.00935	0.01558	0.00623	0.00312	0.00519

[dist]
# distance from previous block
# <min> <max>
7	11

[block]
# block no. 2 follows, 40 sequences, length 77
# corresponding to MSA columns:
# 436-512
name=unknown_C
#
# <colnr> <probs for GDERKNQSTAVLIFYWHMCP>
#	G	D	E	R	K	N	Q	S	T	A	V	L	I	F	Y	W	H	M	C	P
0	0.04177	0.77397	0.02977	0.00988	0.01481	0.02269	0.00983	0.01740	0.01175	0.01408	0.00808	0.00933	0.00743	0.00499	0.00373	0.00126	0.00616	0.00311	0.00252	0.00743
1	0.00742	0.00612	0.00677	0.00657	0.00831	0.00547	0.00497	0.00922	0.01397	0.01768	0.24249	0.05126	0.54658	0.01383	0.00726	0.00195	0.02787	0.01158	0.00557	0.00511
2	0.02211	0.01629	0.01745	0.01338	0.01803	0.01803	0.01105	0.73997	0.02734	0.03665	0.01396	0.01396	0.00989	0.00698	0.00582	0.00175	0.00640	0.00524	0.00582	0.00989
3	0.01084	0.00542	0.00542	0.00542	0.00678	0.00542	0.00407	0.01355	0.01220	0.02168	0.01897	0.02168	0.01491	0.00678	0.00407	0.00136	0.00271	0.00542	0.82791	0.00542
4	0.00709	0.00506	0.00675	0.00810	0.00843	0.00472	0.00540	0.00810	0.01113	0.01484	0.03205	0.79184	0.03846	0.01822	0.00742	0.00236	0.00337	0.01653	0.00540	0.00472
5	0.02172	0.02772	0.01648	0.01498	0.01798	0.77228	0.01124	0.02322	0.01648	0.01423	0.00899	0.01049	0.00749	0.00599	0.00524	0.00150	0.01049	0.00375	0.00300	0.00674
6	0.01098	0.01034	0.01744	0.78165	0.04005	0.01292	0.01615	0.01486	0.01163	0.01486	0.01034	0.01550	0.00775	0.00581	0.00581	0.00194	0.00775	0.00517	0.00258	0.00646
7	0.01608	0.75911	0.02961	0.00997	0.01492	0.02228	0.00988	0.01797	0.01206	0.05170	0.00884	0.00986	0.00781	0.00509	0.00384	0.00127	0.00615	0.00325	0.00273	0.00759
8	0.01327	0.01115	0.01268	0.00946	0.01434	0.00955	0.00757	0.08106	0.11079	0.02123	0.01242	0.01350	0.00993	0.00502	0.00465	0.00109	0.00453	0.00402	0.00398	0.64977
9	0.02484	0.01191	0.01474	0.01130	0.01585	0.01153	0.00934	0.25215	0.02001	0.53482	0.02012	0.01796	0.01298	0.00713	0.00584	0.00178	0.00540	0.00566	0.00676	0.00989
10	0.01222	0.01163	0.01955	0.49145	0.28252	0.01346	0.01656	0.01583	0.01204	0.01622	0.01041	0.01499	0.00824	0.00581	0.00644	0.00190	0.04549	0.00517	0.00268	0.00739
11	0.00823	0.00594	0.00777	0.00732	0.00869	0.00549	0.00549	0.01097	0.01646	0.02332	0.75629	0.04344	0.05487	0.01189	0.00686	0.00183	0.00274	0.01052	0.00640	0.00549
12	0.00787	0.00593	0.00727	0.00694	0.00847	0.00533	0.00520	0.01028	0.01561	0.02130	0.57107	0.04677	0.24135	0.01264	0.00686	0.00186	0.00280	0.01098	0.00614	0.00533
13	0.00800	0.00589	0.00748	0.00718	0.00857	0.00537	0.00535	0.01049	0.01578	0.02191	0.63012	0.08401	0.14306	0.01258	0.00689	0.00187	0.00280	0.01105	0.00622	0.00537
14	0.00823	0.00594	0.00777	0.00732	0.00869	0.00549	0.00549	0.01097	0.01646	0.02332	0.75629	0.04344	0.05487	0.01189	0.00686	0.00183	0.00274	0.01052	0.00640	0.00549
15	0.01555	0.79913	0.03047	0.00995	0.01493	0.02301	0.00995	0.01741	0.01182	0.01368	0.00808	0.00933	0.00746	0.00498	0.00373	0.00124	0.00622	0.00311	0.00249	0.00746
16	0.01084	0.00542	0.00542	0.00542	0.00678	0.00542	0.00407	0.01355	0.01220	0.02168	0.01897	0.02168	0.01491	0.00678	0.00407	0.00136	0.00271	0.00542	0.82791	0.00542
17	0.01426	0.01368	0.02337	0.06443	0.73165	0.01378	0.01778	0.01773	0.01318	0.01884	0.01092	0.01444	0.00916	0.00521	0.00576	0.00174	0.00694	0.00518	0.00287	0.00911
18	0.01339	0.01279	0.02179	0.25518	0.54771	0.01355	0.01735	0.01697	0.01277	0.01778	0.01076	0.01472	0.00878	0.00537	0.00577	0.00179	0.00716	0.00518	0.00279	0.00840
19	0.01166	0.03008	0.76550	0.01657	0.02517	0.01351	0.02149	0.01842	0.01228	0.01842	0.01044	0.01228	0.00737	0.00552	0.00552	0.00184	0.00859	0.00430	0.00246	0.00859
20	0.02588	0.01023	0.01370	0.01050	0.01501	0.00904	0.00868	0.06541	0.01720	0.72553	0.02247	0.01949	0.01416	0.00719	0.00585	0.00180	0.00502	0.00582	0.00713	0.00990
21	0.00846	0.00564	0.00634	0.00634	0.00634	0.00564	0.00352	0.00846	0.00846	0.01128	0.01832	0.03805	0.02114	0.79563	0.02960	0.00564	0.00564	0.00846	0.00352	0.00352
22	0.04708	0.01167	0.01805	0.49742	0.10125	0.01357	0.05130	0.12311	0.01417	0.01940	0.01124	0.01517	0.00848	0.00590	0.00570	0.00186	0.00725	0.00519	0.03495	0.00725
23	0.00709	0.00506	0.00675	0.00810	0.00843	0.00472	0.00540	0.00810	0.01113	0.01484	0.03205	0.79184	0.03846	0.01822	0.00742	0.00236	0.00337	0.01653	0.00540	0.00472
24	0.01373	0.01569	0.03431	0.02451	0.03039	0.01471	0.73824	0.01863	0.01373	0.01863	0.01176	0.01569	0.00882	0.00490	0.00686	0.00196	0.00980	0.00686	0.00294	0.00784
25	0.01206	0.01034	0.01206	0.00861	0.01378	0.00775	0.00689	0.01464	0.01206	0.01895	0.01034	0.01206	0.00861	0.00431	0.00431	0.00086	0.00431	0.00345	0.00345	0.83118
26	0.00868	0.00661	0.00874	0.00870	0.00952	0.02573	0.00639	0.01020	0.00929	0.01294	0.01613	0.02650	0.01609	0.23869	0.55999	0.00819	0.01286	0.00675	0.00322	0.00480
27	0.02172	0.02772	0.01648	0.01498	0.01798	0.77228	0.01124	0.02322	0.01648	0.01423	0.00899	0.01049	0.00749	0.00599	0.00524	0.00150	0.01049	0.00375	0.00300	0.00674
28	0.83671	0.01125	0.00855	0.00765	0.01125	0.01305	0.00630	0.01709	0.00990	0.02609	0.00810	0.00945	0.00630	0.00540	0.00360	0.00180	0.00450	0.00315	0.00360	0.00630
29	0.00795	0.00572	0.00757	0.00781	0.00886	0.00534	0.00574	0.01015	0.01456	0.02022	0.47542	0.28015	0.04814	0.01418	0.00712	0.00206	0.00313	0.06462	0.00601	0.00524
30	0.02609	0.00990	0.01350	0.01035	0.01484	0.00855	0.00855	0.02834	0.01664	0.76338	0.02294	0.01979	0.01439	0.00720	0.00585	0.00180	0.00495	0.00585	0.00720	0.00990
31	0.00707	0.00510	0.00671	0.00799	0.00841	0.00473	0.00535	0.00811	0.01124	0.01489	0.03337	0.75584	0.07361	0.01805	0.00740	0.00234	0.00335	0.01632	0.00540	0.00473
32	0.01182	0.01113	0.01909	0.55718	0.18579	0.01289	0.05361	0.01561	0.01209	0.01618	0.01089	0.01554	0.00840	0.00568	0.00578	0.00187	0.00748	0.00527	0.03664	0.00705
33	0.01283	0.01155	0.01630	0.04785	0.27512	0.01007	0.01107	0.01577	0.01245	0.01881	0.01055	0.01301	0.00879	0.00467	0.00487	0.00121	0.00535	0.00412	0.00321	0.51240
34	0.01010	0.00505	0.00758	0.00758	0.00758	0.00505	0.00505	0.00758	0.00758	0.01010	0.01010	0.01768	0.01010	0.02020	0.02273	0.83081	0.00505	0.00505	0.00253	0.00253
35	0.01582	0.76466	0.02985	0.01018	0.01506	0.05649	0.01001	0.01767	0.01202	0.01371	0.00812	0.00938	0.00746	0.00502	0.00380	0.00126	0.00641	0.00314	0.00251	0.00743
36	0.83671	0.01125	0.00855	0.00765	0.01125	0.01305	0.00630	0.01709	0.00990	0.02609	0.00810	0.00945	0.00630	0.00540	0.00360	0.00180	0.00450	0.00315	0.00360	0.00630
37	0.02178	0.02592	0.01663	0.01473	0.01799	0.65401	0.01121	0.13562	0.01818	0.01775	0.00977	0.01103	0.00787	0.00615	0.00533	0.00154	0.00985	0.00398	0.00344	0.00724
38	0.02211	0.01629	0.01745	0.01338	0.01803	0.01803	0.01105	0.73997	0.02734	0.03665	0.01396	0.01396	0.00989	0.00698	0.00582	0.00175	0.00640	0.00524	0.00582	0.00989
39	0.01470	0.63072	0.19143	0.01140	0.01717	0.02093	0.01248	0.01763	0.01192	0.01472	0.00860	0.00997	0.00744	0.00510	0.00412	0.00137	0.00674	0.00337	0.00248	0.00771
40	0.01555	0.79913	0.03047	0.00995	0.01493	0.02301	0.00995	0.01741	0.01182	0.01368	0.00808	0.00933	0.00746	0.00498	0.00373	0.00124	0.00622	0.00311	0.00249	0.00746
41	0.01098	0.01034	0.01744	0.78165	0.04005	0.01292	0.01615	0.01486	0.01163	0.01486	0.01034	0.01550	0.00775	0.00581	0.00581	0.00194	0.00775	0.00517	0.00258	0.00646
42	0.01227	0.00832	0.01003	0.00899	0.01131	0.00844	0.00694	0.01887	0.22596	0.11712	0.45408	0.03423	0.03914	0.01015	0.00646	0.00187	0.00355	0.00880	0.00636	0.00711
43	0.00709	0.00506	0.00675	0.00810	0.00843	0.00472	0.00540	0.00810	0.01113	0.01484	0.03205	0.79184	0.03846	0.01822	0.00742	0.00236	0.00337	0.01653	0.00540	0.00472
44	0.00756	0.00549	0.00765	0.00848	0.00905	0.00565	0.00599	0.00892	0.01041	0.01425	0.02576	0.49423	0.02942	0.05413	0.27832	0.00494	0.00776	0.01262	0.00453	0.00485
45	0.01537	0.76466	0.06342	0.01025	0.01538	0.02258	0.01047	0.01746	0.01184	0.01389	0.00819	0.00946	0.00746	0.00500	0.00381	0.00127	0.00633	0.00316	0.00249	0.00751
46	0.00709	0.00506	0.00675	0.00810	0.00843	0.00472	0.00540	0.00810	0.01113	0.01484	0.03205	0.79184	0.03846	0.01822	0.00742	0.00236	0.00337	0.01653	0.00540	0.00472
47	0.02197	0.01438	0.01601	0.01251	0.01694	0.01547	0.01026	0.48908	0.12041	0.19546	0.01723	0.01627	0.01192	0.00715	0.00584	0.00179	0.00584	0.00555	0.00614	0.00980
48	0.02531	0.01310	0.01403	0.01118	0.01541	0.14572	0.00903	0.02742	0.01661	0.62883	0.02044	0.01812	0.01315	0.00698	0.00574	0.00175	0.00594	0.00547	0.00644	0.00933
49	0.00846	0.00564	0.00634	0.00634	0.00634	0.00564	0.00352	0.00846	0.00846	0.01128	0.01832	0.03805	0.02114	0.79563	0.02960	0.00564	0.00564	0.00846	0.00352	0.00352
50	0.00709	0.00506	0.00675	0.00810	0.00843	0.00472	0.00540	0.00810	0.01113	0.01484	0.03205	0.79184	0.03846	0.01822	0.00742	0.00236	0.00337	0.01653	0.00540	0.00472
51	0.01439	0.01382	0.02360	0.03569	0.75936	0.01382	0.01785	0.01785	0.01324	0.01900	0.01094	0.01439	0.00921	0.00518	0.00576	0.00173	0.00691	0.00518	0.00288	0.00921
52	0.01505	0.01236	0.01317	0.01176	0.01511	0.01416	0.00917	0.03077	0.71172	0.06180	0.02363	0.02160	0.01758	0.00785	0.00591	0.00196	0.00462	0.00654	0.00598	0.00924
53	0.00694	0.00589	0.00599	0.00597	0.00790	0.00494	0.00447	0.00848	0.01342	0.01611	0.09523	0.05531	0.72042	0.01458	0.00687	0.00196	0.00293	0.01218	0.00545	0.00494
54	0.02609	0.00990	0.01350	0.01035	0.01484	0.00855	0.00855	0.02834	0.01664	0.76338	0.02294	0.01979	0.01439	0.00720	0.00585	0.00180	0.00495	0.00585	0.00720	0.00990
55	0.00722	0.00520	0.00686	0.00807	0.00856	0.00484	0.00551	0.00840	0.01157	0.01539	0.06854	0.69741	0.06865	0.01768	0.00740	0.00233	0.00340	0.04273	0.00545	0.00479
56	0.02187	0.02329	0.01686	0.01436	0.01800	0.47987	0.01117	0.30110	0.02069	0.02292	0.01092	0.01183	0.00842	0.00638	0.00547	0.00159	0.00890	0.00432	0.00409	0.00796
57	0.61111	0.01247	0.01227	0.10307	0.01674	0.05378	0.06553	0.03275	0.01113	0.02374	0.00883	0.01082	0.00681	0.00547	0.00426	0.00181	0.00567	0.00376	0.00344	0.00654
58	0.00823	0.00594	0.00777	0.00732	0.00869	0.00549	0.00549	0.01097	0.01646	0.02332	0.75629	0.04344	0.05487	0.01189	0.00686	0.00183	0.00274	0.01052	0.00640	0.00549
59	0.01267	0.12747	0.63518	0.01557	0.02351	0.01494	0.01950	0.05359	0.01296	0.01870	0.01031	0.01198	0.00750	0.00553	0.00531	0.00176	0.00818	0.00419	0.00262	0.00851
60	0.01555	0.79913	0.03047	0.00995	0.01493	0.02301	0.00995	0.01741	0.01182	0.01368	0.00808	0.00933	0.00746	0.00498	0.00373	0.00124	0.00622	0.00311	0.00249	0.00746
61	0.00823	0.00594	0.00777	0.00732	0.00869	0.00549	0.00549	0.01097	0.01646	0.02332	0.75629	0.04344	0.05487	0.01189	0.00686	0.00183	0.00274	0.01052	0.00640	0.00549
62	0.01098	0.01034	0.01744	0.78165	0.04005	0.01292	0.01615	0.01486	0.01163	0.01486	0.01034	0.01550	0.00775	0.00581	0.00581	0.00194	0.00775	0.00517	0.00258	0.00646
63	0.05839	0.01354	0.01417	0.01207	0.01578	0.01544	0.00960	0.23736	0.50058	0.02802	0.02004	0.01882	0.01487	0.00750	0.00577	0.00190	0.00512	0.00601	0.00577	0.00926
64	0.00823	0.00594	0.00777	0.00732	0.00869	0.00549	0.00549	0.01097	0.01646	0.02332	0.75629	0.04344	0.05487	0.01189	0.00686	0.00183	0.00274	0.01052	0.00640	0.00549
65	0.00709	0.00506	0.00675	0.00810	0.00843	0.00472	0.00540	0.00810	0.01113	0.01484	0.03205	0.79184	0.03846	0.01822	0.00742	0.00236	0.00337	0.01653	0.00540	0.00472
66	0.01166	0.03008	0.76550	0.01657	0.02517	0.01351	0.02149	0.01842	0.01228	0.01842	0.01044	0.01228	0.00737	0.00552	0.00552	0.00184	0.00859	0.00430	0.00246	0.00859
67	0.01643	0.01891	0.01726	0.01515	0.01638	0.32894	0.01211	0.01780	0.01203	0.01409	0.00819	0.01180	0.00757	0.00845	0.01338	0.00211	0.46560	0.00453	0.00273	0.00652
68	0.00831	0.00620	0.00921	0.00921	0.01020	0.00720	0.00710	0.01030	0.00931	0.01340	0.01570	0.02353	0.01483	0.07732	0.73928	0.00918	0.01513	0.00633	0.00313	0.00512
69	0.02595	0.01012	0.01363	0.01045	0.01496	0.00888	0.00863	0.05300	0.01701	0.73820	0.02263	0.01959	0.01424	0.00719	0.00585	0.00180	0.00500	0.00583	0.00715	0.00990
70	0.00787	0.00605	0.00865	0.00999	0.03864	0.00595	0.02435	0.00915	0.01129	0.01518	0.02967	0.67790	0.03510	0.01696	0.00785	0.00235	0.03593	0.04692	0.00512	0.00507
71	0.01166	0.03008	0.76550	0.01657	0.02517	0.01351	0.02149	0.01842	0.01228	0.01842	0.01044	0.01228	0.00737	0.00552	0.00552	0.00184	0.00859	0.00430	0.00246	0.00859
72	0.01427	0.54676	0.27167	0.01212	0.01829	0.01989	0.01374	0.01774	0.01197	0.01524	0.00886	0.01030	0.00743	0.00516	0.00432	0.00144	0.00700	0.00350	0.00248	0.00783
73	0.01555	0.79913	0.03047	0.00995	0.01493	0.02301	0.00995	0.01741	0.01182	0.01368	0.00808	0.00933	0.00746	0.00498	0.00373	0.00124	0.00622	0.00311	0.00249	0.00746
74	0.01206	0.01034	0.01206	0.00861	0.01378	0.00775	0.00689	0.01464	0.01206	0.01895	0.01034	0.01206	0.00861	0.00431	0.00431	0.00086	0.00431	0.00345	0.00345	0.83118
75	0.00703	0.00528	0.00652	0.00751	0.00828	0.00477	0.00514	0.00816	0.01170	0.01507	0.03918	0.59639	0.22930	0.01729	0.00728	0.00226	0.00326	0.01540	0.00540	0.00477
76	0.01612	0.02385	0.53329	0.01465	0.02198	0.01197	0.01749	0.02148	0.01363	0.24846	0.01430	0.01460	0.00954	0.00604	0.00562	0.00183	0.00747	0.00478	0.00392	0.00900

[dist]
# distance from previous block
# <min> <max>
0	1

[block]
# block no. 3 follows, 40 sequences, length 10
# corresponding to MSA columns:
# 514-523
name=unknown_D
#
# <colnr> <probs for GDERKNQSTAVLIFYWHMCP>
#	G	D	E	R	K	N	Q	S	T	A	V	L	I	F	Y	W	H	M	C	P
0	0.00846	0.00564	0.00634	0.00634	0.00634	0.00564	0.00352	0.00846	0.00846	0.01128	0.01832	0.03805	0.02114	0.79563	0.02960	0.00564	0.00564	0.00846	0.00352	0.00352
1	0.01411	0.01378	0.02426	0.08244	0.64168	0.01385	0.08844	0.01773	0.01319	0.01870	0.01098	0.01459	0.00908	0.00519	0.00587	0.00176	0.00725	0.00535	0.00287	0.00890
2	0.01251	0.01332	0.02684	0.35995	0.03467	0.01391	0.41833	0.01696	0.01280	0.01696	0.01113	0.01561	0.00835	0.00531	0.00640	0.00195	0.00889	0.00611	0.00278	0.00723
3	0.01098	0.01034	0.01744	0.78165	0.04005	0.01292	0.01615	0.01486	0.01163	0.01486	0.01034	0.01550	0.00775	0.00581	0.00581	0.00194	0.00775	0.00517	0.00258	0.00646
4	0.01334	0.01484	0.03095	0.10169	0.02990	0.01483	0.59256	0.01778	0.01304	0.01778	0.01121	0.01538	0.00860	0.00551	0.00795	0.00202	0.08568	0.00651	0.00287	0.00756
5	0.02259	0.01431	0.01608	0.01246	0.01697	0.01525	0.01025	0.49827	0.07877	0.22809	0.01707	0.01609	0.01167	0.00711	0.00583	0.00178	0.00588	0.00550	0.00619	0.00984
6	0.01211	0.01264	0.02501	0.38131	0.03389	0.01338	0.36171	0.01634	0.01261	0.01666	0.01207	0.05319	0.00975	0.00598	0.00639	0.00197	0.00852	0.00653	0.00289	0.00704
7	0.00709	0.00506	0.00675	0.00810	0.00843	0.00472	0.00540	0.00810	0.01113	0.01484	0.03205	0.79184	0.03846	0.01822	0.00742	0.00236	0.00337	0.01653	0.00540	0.00472
8	0.01548	0.02474	0.56645	0.01493	0.02244	0.01219	0.01806	0.02104	0.01343	0.21561	0.01375	0.01427	0.00923	0.00597	0.00561	0.00183	0.00763	0.00471	0.00371	0.00894
9	0.01351	0.01717	0.10972	0.02369	0.02985	0.01458	0.66432	0.01861	0.01358	0.01861	0.01163	0.01533	0.00867	0.00497	0.00672	0.00195	0.00968	0.00660	0.00289	0.00792

[dist]
# distance from previous block
# <min> <max>
0	34

# created by:
# /software/SequenceAnalysis/GenePrediction/augustus/3.0.1/scripts/msa2prfl.pl ./fixed/BUSCOvEOG75TF2P.fas
