[name]
unknown

[dist]
# distance from previous block
# <min> <max>
13	210

[block]
# block no. 0 follows, 38 sequences, length 13
# corresponding to MSA columns:
# 223-235
name=unknown_A
#
# <colnr> <probs for GDERKNQSTAVLIFYWHMCP>
#	G	D	E	R	K	N	Q	S	T	A	V	L	I	F	Y	W	H	M	C	P
0	0.08360	0.08939	0.01664	0.06588	0.01767	0.02823	0.00999	0.34637	0.02009	0.02821	0.08712	0.01643	0.01400	0.00683	0.00546	0.00162	0.00587	0.00524	0.00486	0.14650
1	0.00764	0.00546	0.00734	0.00873	0.00922	0.00515	0.00612	0.00891	0.01182	0.01570	0.03298	0.69036	0.03911	0.01855	0.00776	0.00249	0.00376	0.10833	0.00558	0.00497
2	0.00885	0.00680	0.00892	0.01058	0.07839	0.00668	0.00646	0.02336	0.01152	0.01528	0.02987	0.37914	0.12391	0.22496	0.01395	0.00324	0.02559	0.01261	0.00474	0.00516
3	0.01669	0.14718	0.04321	0.06009	0.08698	0.19815	0.01159	0.11264	0.11797	0.01984	0.01541	0.11530	0.01395	0.00799	0.00573	0.00179	0.00715	0.00636	0.00409	0.00789
4	0.09219	0.00678	0.00775	0.00824	0.00941	0.00683	0.00578	0.01175	0.07637	0.01797	0.09813	0.44153	0.09131	0.08653	0.00915	0.00258	0.00384	0.01307	0.00536	0.00544
5	0.01274	0.01243	0.02199	0.01671	0.02079	0.01206	0.34657	0.10884	0.01550	0.02038	0.02751	0.09958	0.21231	0.00959	0.00744	0.00206	0.03270	0.00927	0.00435	0.00722
6	0.23913	0.12200	0.01628	0.01297	0.04447	0.36212	0.00986	0.03620	0.01437	0.01877	0.01182	0.04154	0.03445	0.00668	0.00494	0.00167	0.00780	0.00452	0.00344	0.00698
7	0.01158	0.01042	0.08954	0.08189	0.11234	0.00883	0.06779	0.01196	0.00999	0.01368	0.01076	0.01691	0.00972	0.01472	0.01652	0.49388	0.00649	0.00532	0.00269	0.00496
8	0.00810	0.00617	0.00766	0.00810	0.00948	0.00548	0.00589	0.00973	0.01284	0.01707	0.10965	0.41910	0.18826	0.01586	0.00725	0.00218	0.00360	0.07568	0.00550	0.08238
9	0.01720	0.08391	0.09285	0.02017	0.12604	0.30154	0.18073	0.02094	0.04008	0.01726	0.01254	0.01470	0.03296	0.00605	0.00587	0.00174	0.00915	0.00523	0.00316	0.00787
10	0.01977	0.01702	0.08082	0.01311	0.01745	0.12924	0.01114	0.14390	0.29097	0.18341	0.01913	0.01806	0.01369	0.00733	0.00595	0.00188	0.00644	0.00575	0.00561	0.00935
11	0.02352	0.01483	0.01668	0.01290	0.01758	0.01578	0.01062	0.49958	0.06752	0.23134	0.01755	0.01655	0.01197	0.00734	0.00603	0.00183	0.00610	0.00567	0.00641	0.01019
12	0.10230	0.02206	0.01775	0.01816	0.13432	0.43932	0.03915	0.02290	0.09295	0.01804	0.01122	0.01289	0.00910	0.00629	0.00587	0.00172	0.03033	0.00452	0.00345	0.00764

[dist]
# distance from previous block
# <min> <max>
0	3

[block]
# block no. 1 follows, 38 sequences, length 6
# corresponding to MSA columns:
# 239-244
name=unknown_B
#
# <colnr> <probs for GDERKNQSTAVLIFYWHMCP>
#	G	D	E	R	K	N	Q	S	T	A	V	L	I	F	Y	W	H	M	C	P
0	0.22414	0.04483	0.27823	0.03949	0.02091	0.01323	0.09655	0.02073	0.01316	0.17535	0.01297	0.01400	0.00906	0.00596	0.00539	0.00188	0.00705	0.00478	0.00393	0.00837
1	0.22560	0.01876	0.01262	0.01150	0.01426	0.37885	0.00884	0.01986	0.01401	0.01945	0.01117	0.01311	0.00905	0.00642	0.00541	0.00165	0.04360	0.00415	0.17514	0.00655
2	0.03925	0.10819	0.30111	0.01194	0.01770	0.01235	0.01299	0.01727	0.08039	0.01882	0.02222	0.02261	0.16435	0.00767	0.00556	0.00171	0.00614	0.00607	0.00372	0.13994
3	0.01802	0.11048	0.02301	0.01700	0.02040	0.32866	0.16546	0.05169	0.01473	0.01661	0.00974	0.01251	0.00818	0.00679	0.00863	0.00186	0.17095	0.00485	0.00306	0.00737
4	0.18252	0.00967	0.01025	0.01130	0.09605	0.03584	0.00760	0.01487	0.08112	0.02082	0.13348	0.03636	0.29609	0.01072	0.00615	0.00195	0.00434	0.02941	0.00500	0.00647
5	0.01271	0.01061	0.01121	0.01030	0.01283	0.01185	0.00769	0.02427	0.49862	0.02125	0.02774	0.03029	0.10758	0.17285	0.01138	0.00284	0.00478	0.00792	0.00554	0.00775

[dist]
# distance from previous block
# <min> <max>
5	7

[block]
# block no. 2 follows, 38 sequences, length 9
# corresponding to MSA columns:
# 252-260
name=unknown_C
#
# <colnr> <probs for GDERKNQSTAVLIFYWHMCP>
#	G	D	E	R	K	N	Q	S	T	A	V	L	I	F	Y	W	H	M	C	P
0	0.01045	0.01108	0.08552	0.01439	0.05393	0.00914	0.16602	0.04061	0.01265	0.01723	0.02289	0.38449	0.02517	0.10544	0.00995	0.00265	0.00605	0.01165	0.00439	0.00627
1	0.01745	0.01431	0.02198	0.05666	0.42183	0.03846	0.06974	0.10541	0.03218	0.12314	0.01415	0.01702	0.01099	0.00623	0.00611	0.00185	0.00710	0.02200	0.00408	0.00931
2	0.28960	0.01404	0.01362	0.04741	0.05358	0.09179	0.00963	0.19370	0.01571	0.02530	0.01166	0.01409	0.00931	0.02371	0.04827	0.00234	0.05952	0.00465	0.06458	0.00746
3	0.01145	0.03762	0.01437	0.11691	0.01732	0.09991	0.07701	0.01369	0.01124	0.01436	0.01440	0.02257	0.01356	0.15729	0.34535	0.00597	0.01170	0.00633	0.00316	0.00579
4	0.03837	0.12355	0.01722	0.01232	0.01597	0.16371	0.01000	0.29245	0.01896	0.02406	0.01426	0.08686	0.01262	0.01221	0.09633	0.00265	0.00814	0.00591	0.00444	0.03997
5	0.00718	0.00580	0.00639	0.00687	0.00833	0.00501	0.00491	0.00855	0.01297	0.01595	0.05155	0.30365	0.50893	0.01646	0.00730	0.00217	0.00320	0.01419	0.00559	0.00501
6	0.01217	0.01106	0.01746	0.02413	0.39658	0.01153	0.01319	0.01530	0.04601	0.01796	0.01898	0.27537	0.02001	0.01054	0.00785	0.00210	0.07871	0.00939	0.00397	0.00768
7	0.01524	0.01419	0.01757	0.10735	0.10108	0.06665	0.06147	0.08778	0.31724	0.02233	0.03525	0.01943	0.02959	0.00760	0.00724	0.00200	0.06852	0.00626	0.00465	0.00855
8	0.01758	0.00862	0.01099	0.00913	0.01214	0.00801	0.00726	0.07700	0.01749	0.32522	0.30444	0.02975	0.03088	0.00926	0.00623	0.00181	0.00407	0.00783	0.10437	0.00791

[dist]
# distance from previous block
# <min> <max>
0	4

[block]
# block no. 3 follows, 38 sequences, length 6
# corresponding to MSA columns:
# 265-270
name=unknown_D
#
# <colnr> <probs for GDERKNQSTAVLIFYWHMCP>
#	G	D	E	R	K	N	Q	S	T	A	V	L	I	F	Y	W	H	M	C	P
0	0.05116	0.01199	0.01321	0.01077	0.01473	0.08066	0.00859	0.05528	0.07478	0.39543	0.06505	0.07258	0.01764	0.00808	0.00592	0.00178	0.00536	0.00657	0.00614	0.09426
1	0.04749	0.21217	0.29259	0.01407	0.04093	0.11908	0.01436	0.01892	0.01329	0.06627	0.01324	0.09726	0.01171	0.00719	0.00539	0.00176	0.00749	0.00555	0.00335	0.00791
2	0.01174	0.00664	0.00673	0.00654	0.00822	0.00692	0.00495	0.01654	0.11495	0.02281	0.02031	0.02243	0.01583	0.00717	0.00447	0.00149	0.00308	0.00577	0.70723	0.00616
3	0.01292	0.01563	0.16673	0.04478	0.01941	0.01366	0.08790	0.09402	0.01296	0.01869	0.01198	0.01650	0.01018	0.03599	0.17007	0.00376	0.19211	0.00554	0.00325	0.06391
4	0.01639	0.01310	0.01651	0.01527	0.09309	0.01402	0.05827	0.30951	0.14444	0.02819	0.12088	0.10396	0.02123	0.00902	0.00643	0.00194	0.00572	0.00780	0.00556	0.00867
5	0.09877	0.01696	0.16888	0.10083	0.24149	0.01415	0.07334	0.10465	0.03880	0.02197	0.01294	0.05707	0.01070	0.00657	0.00588	0.00191	0.00723	0.00580	0.00356	0.00850

[dist]
# distance from previous block
# <min> <max>
31	145

# created by:
# /software/SequenceAnalysis/GenePrediction/augustus/3.0.1/scripts/msa2prfl.pl ./fixed/BUSCOvEOG73XWHQ.fas
