[name]
unknown

[dist]
# distance from previous block
# <min> <max>
93	407

[block]
# block no. 0 follows, 38 sequences, length 14
# corresponding to MSA columns:
# 505-518
name=unknown_A
#
# <colnr> <probs for GDERKNQSTAVLIFYWHMCP>
#	G	D	E	R	K	N	Q	S	T	A	V	L	I	F	Y	W	H	M	C	P
0	0.01535	0.01153	0.01256	0.01075	0.01406	0.01237	0.00850	0.19672	0.28449	0.07423	0.12171	0.03008	0.16225	0.00978	0.00641	0.00195	0.00466	0.00807	0.00614	0.00839
1	0.00733	0.00524	0.00698	0.00838	0.00873	0.00489	0.00558	0.00838	0.01152	0.01536	0.03316	0.78466	0.03979	0.01885	0.00768	0.00244	0.00349	0.01710	0.00558	0.00489
2	0.00840	0.00569	0.00666	0.00701	0.00709	0.00560	0.00412	0.00866	0.00943	0.01257	0.02245	0.22283	0.02628	0.59910	0.02497	0.00500	0.00526	0.01080	0.00412	0.00395
3	0.01562	0.01161	0.01230	0.01079	0.01395	0.01299	0.00847	0.13038	0.43110	0.05178	0.02178	0.02119	0.01632	0.00771	0.00563	0.00184	0.00457	0.00628	0.20699	0.00869
4	0.02326	0.01623	0.01767	0.01354	0.01834	0.01773	0.01119	0.66468	0.02724	0.10571	0.01532	0.01501	0.01067	0.00724	0.00602	0.00181	0.00648	0.00548	0.00615	0.01023
5	0.02062	0.02479	0.01620	0.01470	0.01787	0.57994	0.01111	0.02598	0.19506	0.01729	0.01304	0.01370	0.01036	0.00668	0.00560	0.00167	0.00935	0.00459	0.00384	0.00760
6	0.01050	0.00672	0.00796	0.00756	0.00802	0.00689	0.00477	0.07679	0.01037	0.01385	0.01643	0.03182	0.01796	0.52575	0.02654	0.20710	0.00576	0.00757	0.00362	0.00401
7	0.00719	0.00578	0.00642	0.00694	0.00835	0.00501	0.00495	0.00854	0.01290	0.01592	0.05065	0.32717	0.48599	0.01657	0.00732	0.00218	0.00321	0.01433	0.00559	0.00501
8	0.62956	0.01140	0.00974	0.00816	0.01228	0.01215	0.00667	0.01706	0.01079	0.02517	0.00895	0.01044	0.00710	0.00531	0.00390	0.00162	0.00460	0.00333	0.00368	0.20809
9	0.00861	0.00607	0.00665	0.00674	0.00845	0.00550	0.00520	0.01077	0.01394	0.01910	0.14685	0.04839	0.38948	0.01294	0.00652	0.00194	0.00323	0.08757	0.20670	0.00535
10	0.01111	0.00570	0.00589	0.00599	0.00739	0.00570	0.00459	0.01391	0.01270	0.02212	0.02048	0.02562	0.01677	0.00768	0.00449	0.00150	0.00300	0.05518	0.76457	0.00560
11	0.00853	0.00567	0.00661	0.00696	0.00712	0.00559	0.00415	0.00894	0.00964	0.01315	0.02249	0.22192	0.02593	0.55688	0.02354	0.00476	0.00509	0.01063	0.04833	0.00406
12	0.02287	0.01685	0.01805	0.01384	0.01866	0.01866	0.01143	0.73100	0.02828	0.03791	0.01444	0.01444	0.01023	0.00722	0.00602	0.00181	0.00662	0.00542	0.00602	0.01023
13	0.01436	0.01244	0.01808	0.51529	0.03340	0.01515	0.01507	0.19145	0.01576	0.02084	0.01135	0.01537	0.00855	0.00674	0.00731	0.00202	0.08041	0.00536	0.00349	0.00755

[dist]
# distance from previous block
# <min> <max>
0	93

# created by:
# /software/SequenceAnalysis/GenePrediction/augustus/3.0.1/scripts/msa2prfl.pl ./fixed/BUSCOvEOG7JHDVW.fas
