[name]
unknown

[dist]
# distance from previous block
# <min> <max>
3	227

[block]
# block no. 0 follows, 39 sequences, length 22
# corresponding to MSA columns:
# 263-284
name=unknown_A
#
# <colnr> <probs for GDERKNQSTAVLIFYWHMCP>
#	G	D	E	R	K	N	Q	S	T	A	V	L	I	F	Y	W	H	M	C	P
0	0.01566	0.01096	0.01294	0.01080	0.01388	0.01163	0.00860	0.28918	0.04392	0.08236	0.09665	0.03673	0.01792	0.05230	0.20674	0.00394	0.00812	0.00651	0.00509	0.06604
1	0.01598	0.45950	0.21414	0.01269	0.01840	0.11995	0.01333	0.05510	0.01357	0.01639	0.00925	0.01064	0.00769	0.00544	0.00457	0.00148	0.00753	0.00366	0.00276	0.00791
2	0.16362	0.01341	0.01546	0.12698	0.04923	0.01479	0.01087	0.35829	0.01996	0.10959	0.05083	0.01580	0.01188	0.00684	0.00557	0.00182	0.00604	0.00528	0.00509	0.00864
3	0.01845	0.01286	0.01442	0.01154	0.01582	0.01332	0.00929	0.23912	0.25479	0.15146	0.03505	0.01807	0.01422	0.00705	0.00569	0.00170	0.00519	0.00566	0.00575	0.16056
4	0.01751	0.01740	0.01433	0.01274	0.01562	0.28781	0.00998	0.19690	0.07227	0.02254	0.11784	0.05771	0.01996	0.00908	0.00647	0.00186	0.02373	0.08402	0.00482	0.00740
5	0.00873	0.00656	0.00740	0.00720	0.00906	0.00589	0.00535	0.01121	0.05186	0.04695	0.17039	0.12929	0.41046	0.05325	0.00807	0.00218	0.00341	0.02654	0.00561	0.03058
6	0.03271	0.00556	0.00706	0.00791	0.00859	0.00525	0.00541	0.00908	0.01225	0.01690	0.16455	0.56525	0.06899	0.05112	0.00830	0.00242	0.00343	0.01473	0.00554	0.00495
7	0.02952	0.13699	0.09619	0.09763	0.07402	0.09585	0.01213	0.07351	0.12651	0.04823	0.01382	0.01591	0.01097	0.01165	0.11358	0.00283	0.00823	0.00506	0.01957	0.00782
8	0.01338	0.02276	0.37341	0.01688	0.02364	0.07148	0.17374	0.01944	0.06464	0.01896	0.01173	0.01374	0.00877	0.00549	0.00573	0.00172	0.00818	0.00492	0.00306	0.13835
9	0.01217	0.00750	0.00929	0.00830	0.01057	0.00706	0.00641	0.01621	0.09616	0.15618	0.44310	0.03917	0.14186	0.01118	0.00669	0.00189	0.00343	0.00964	0.00646	0.00673
10	0.01645	0.01190	0.01442	0.03176	0.09609	0.02822	0.00971	0.13883	0.14820	0.13954	0.13313	0.02094	0.01904	0.00734	0.00580	0.00167	0.00515	0.00614	0.00533	0.16035
11	0.00860	0.00573	0.00645	0.00645	0.00645	0.00573	0.00358	0.00860	0.00860	0.01147	0.01863	0.03870	0.02150	0.79217	0.03010	0.00573	0.00573	0.00860	0.00358	0.00358
12	0.01226	0.01051	0.01226	0.00876	0.01401	0.00788	0.00701	0.01489	0.01226	0.01927	0.01051	0.01226	0.00876	0.00438	0.00438	0.00088	0.00438	0.00350	0.00350	0.82832
13	0.02172	0.01175	0.01403	0.01142	0.01555	0.01197	0.00922	0.10704	0.28689	0.40909	0.02261	0.02020	0.01540	0.00756	0.00597	0.00189	0.00506	0.00615	0.00669	0.00980
14	0.01117	0.01051	0.01774	0.77795	0.04073	0.01314	0.01642	0.01511	0.01182	0.01511	0.01051	0.01577	0.00788	0.00591	0.00591	0.00197	0.00788	0.00526	0.00263	0.00657
15	0.00781	0.00574	0.00732	0.00753	0.00865	0.00525	0.00542	0.00986	0.01454	0.01990	0.42795	0.29362	0.13533	0.01459	0.00717	0.00206	0.00303	0.01295	0.00605	0.00525
16	0.00761	0.00539	0.00711	0.00833	0.00875	0.00512	0.00572	0.00871	0.01127	0.01498	0.03092	0.62720	0.03663	0.10315	0.01009	0.00280	0.00390	0.09229	0.00528	0.00474
17	0.01464	0.01405	0.02400	0.03630	0.75528	0.01405	0.01815	0.01815	0.01347	0.01932	0.01112	0.01464	0.00937	0.00527	0.00585	0.00176	0.00703	0.00527	0.00293	0.00937
18	0.02308	0.01444	0.01627	0.01253	0.01705	0.01531	0.01029	0.52043	0.02421	0.23001	0.01680	0.01665	0.01169	0.03481	0.00678	0.00193	0.00608	0.00561	0.00621	0.00983
19	0.00846	0.00627	0.00917	0.00917	0.01011	0.00721	0.00697	0.01035	0.00941	0.01348	0.01615	0.02493	0.01552	0.12639	0.68771	0.00909	0.01473	0.00658	0.00321	0.00509
20	0.02293	0.01585	0.01731	0.01327	0.01798	0.01728	0.01096	0.65803	0.02661	0.11648	0.01520	0.01485	0.01056	0.00712	0.00592	0.00178	0.00635	0.00539	0.00607	0.01006
21	0.00822	0.00604	0.00770	0.00728	0.00874	0.00552	0.00546	0.01087	0.01638	0.02287	0.67648	0.04557	0.13200	0.01241	0.00698	0.00187	0.00281	0.01089	0.00640	0.00552

[dist]
# distance from previous block
# <min> <max>
0	1

[block]
# block no. 1 follows, 39 sequences, length 44
# corresponding to MSA columns:
# 286-329
name=unknown_B
#
# <colnr> <probs for GDERKNQSTAVLIFYWHMCP>
#	G	D	E	R	K	N	Q	S	T	A	V	L	I	F	Y	W	H	M	C	P
0	0.01206	0.03066	0.75930	0.01697	0.02570	0.01383	0.02189	0.01885	0.01261	0.01890	0.01081	0.01276	0.00768	0.00575	0.00570	0.00191	0.00879	0.00443	0.00257	0.00883
1	0.00842	0.00614	0.00786	0.00753	0.00892	0.00562	0.00559	0.01096	0.01631	0.02285	0.66160	0.08817	0.10207	0.01277	0.00709	0.00194	0.00291	0.01121	0.00644	0.00560
2	0.00791	0.00629	0.00667	0.00663	0.00862	0.00535	0.00505	0.00954	0.01394	0.03410	0.11203	0.05574	0.63811	0.01475	0.00711	0.00206	0.00324	0.05191	0.00567	0.00529
3	0.01906	0.00911	0.01171	0.00956	0.01294	0.00828	0.00765	0.07713	0.01756	0.40833	0.25887	0.03042	0.08400	0.00954	0.00644	0.00188	0.00434	0.00798	0.00687	0.00833
4	0.83155	0.01157	0.00884	0.00791	0.01158	0.01336	0.00649	0.01751	0.01019	0.02668	0.00844	0.00989	0.00660	0.00562	0.00375	0.00187	0.00464	0.00327	0.00373	0.00651
5	0.00785	0.00617	0.00704	0.00682	0.00854	0.00539	0.00510	0.00990	0.01513	0.01980	0.38573	0.05105	0.42267	0.01372	0.00706	0.00197	0.00297	0.01168	0.00603	0.00538
6	0.02143	0.01491	0.01608	0.01253	0.01683	0.01624	0.01027	0.60142	0.02530	0.07716	0.01555	0.01580	0.01115	0.00721	0.00578	0.00176	0.00601	0.00545	0.10955	0.00957
7	0.02647	0.01054	0.01406	0.01081	0.01540	0.00931	0.00890	0.06570	0.01760	0.71963	0.02301	0.02007	0.01457	0.00743	0.00603	0.00186	0.00518	0.00597	0.00730	0.01015
8	0.00839	0.00617	0.00770	0.00732	0.00873	0.00563	0.00540	0.01078	0.01592	0.02208	0.61016	0.04585	0.15304	0.05665	0.00836	0.00213	0.00306	0.01088	0.00626	0.00549
9	0.00797	0.00553	0.00685	0.00766	0.00789	0.00530	0.00482	0.00853	0.01037	0.01384	0.02719	0.48894	0.03222	0.32535	0.01657	0.00376	0.00442	0.01358	0.00479	0.00443
10	0.78536	0.05585	0.01009	0.00805	0.01179	0.01394	0.00670	0.01753	0.01030	0.02597	0.00844	0.00988	0.00667	0.00560	0.00376	0.00183	0.00474	0.00327	0.00366	0.00657
11	0.83155	0.01157	0.00884	0.00791	0.01158	0.01336	0.00649	0.01751	0.01019	0.02668	0.00844	0.00989	0.00660	0.00562	0.00375	0.00187	0.00464	0.00327	0.00373	0.00651
12	0.00787	0.00617	0.00708	0.00684	0.00856	0.00540	0.00512	0.00994	0.01519	0.01993	0.39762	0.05083	0.41069	0.01367	0.00706	0.00197	0.00297	0.01165	0.00605	0.00539
13	0.00720	0.00614	0.00614	0.00613	0.00815	0.00512	0.00459	0.00864	0.01360	0.01616	0.05995	0.05705	0.75072	0.01508	0.00707	0.00203	0.00307	0.01252	0.00555	0.00510
14	0.02668	0.01020	0.01385	0.01065	0.01523	0.00880	0.00877	0.02891	0.01703	0.75722	0.02349	0.02038	0.01481	0.00745	0.00603	0.00187	0.00510	0.00601	0.00737	0.01015
15	0.00748	0.00535	0.00709	0.00845	0.00884	0.00499	0.00570	0.00850	0.01151	0.01536	0.03268	0.76530	0.03906	0.01855	0.00764	0.00244	0.00356	0.03701	0.00555	0.00493
16	0.02225	0.02827	0.01688	0.01535	0.01841	0.76615	0.01150	0.02372	0.01687	0.01466	0.00934	0.01094	0.00781	0.00622	0.00542	0.00156	0.01071	0.00388	0.00311	0.00696
17	0.00876	0.00625	0.00813	0.00825	0.00939	0.00592	0.00625	0.01098	0.01473	0.02037	0.44724	0.10739	0.04556	0.11218	0.01027	0.00261	0.00385	0.16065	0.00589	0.00534
18	0.06306	0.71538	0.06103	0.01040	0.01554	0.02247	0.01048	0.01786	0.01205	0.01504	0.00853	0.00990	0.00771	0.00524	0.00395	0.00136	0.00639	0.00328	0.00266	0.00767
19	0.01777	0.33182	0.11608	0.01118	0.01601	0.05044	0.01080	0.02080	0.03213	0.21874	0.10317	0.01760	0.01576	0.00685	0.00521	0.00164	0.00608	0.00517	0.00449	0.00827
20	0.01620	0.00950	0.01213	0.05429	0.03359	0.00951	0.00859	0.11556	0.08323	0.23542	0.02496	0.32393	0.02369	0.01179	0.00666	0.00211	0.00484	0.01024	0.00596	0.00779
21	0.00835	0.00621	0.00838	0.00817	0.00945	0.00571	0.02414	0.01062	0.01521	0.02115	0.51181	0.24100	0.07947	0.01384	0.00721	0.00205	0.00322	0.01234	0.00616	0.00552
22	0.01907	0.01476	0.01657	0.01290	0.01702	0.01603	0.01056	0.48461	0.02209	0.03043	0.01333	0.03384	0.01045	0.00741	0.00745	0.00176	0.10398	0.00531	0.00508	0.16736
23	0.68155	0.01332	0.05345	0.00918	0.01327	0.01403	0.00799	0.10833	0.01257	0.02759	0.00933	0.01063	0.00712	0.00583	0.00415	0.00186	0.00513	0.00361	0.00394	0.00710
24	0.01182	0.00997	0.01171	0.00883	0.01347	0.00761	0.00690	0.01418	0.01227	0.01892	0.01350	0.11059	0.01278	0.00630	0.00487	0.00111	0.00433	0.00525	0.00382	0.72178
25	0.01135	0.01045	0.01481	0.01325	0.01369	0.01395	0.01081	0.01291	0.00937	0.01422	0.01117	0.01729	0.01074	0.02395	0.31654	0.00536	0.47546	0.00570	0.00289	0.00610
26	0.00753	0.00535	0.00698	0.00823	0.00857	0.00500	0.00543	0.00842	0.01123	0.01500	0.03162	0.72708	0.03782	0.07957	0.00940	0.00270	0.00368	0.01619	0.00540	0.00481
27	0.02087	0.01539	0.01682	0.01321	0.01748	0.01704	0.01083	0.64182	0.02556	0.03441	0.01459	0.01561	0.01084	0.01193	0.10238	0.00279	0.00775	0.00551	0.00563	0.00954
28	0.01045	0.00661	0.00865	0.00790	0.00963	0.00602	0.00599	0.01312	0.01687	0.09954	0.67506	0.04187	0.05160	0.01171	0.00695	0.00189	0.00309	0.01025	0.00665	0.00615
29	0.01588	0.01332	0.01405	0.01236	0.01589	0.01526	0.00968	0.12047	0.65184	0.02648	0.02298	0.02131	0.01720	0.00803	0.00609	0.00201	0.00498	0.00657	0.00606	0.00954
30	0.00860	0.00592	0.00654	0.00653	0.00681	0.00576	0.00379	0.00874	0.00935	0.01223	0.02402	0.04119	0.11406	0.69163	0.02719	0.00528	0.00545	0.00914	0.00389	0.00387
31	0.00945	0.00639	0.00712	0.00692	0.00716	0.00644	0.00403	0.04248	0.00962	0.01286	0.01860	0.03775	0.02112	0.75340	0.02898	0.00557	0.00583	0.00850	0.00376	0.00399
32	0.01047	0.00529	0.00785	0.00784	0.00786	0.00526	0.00523	0.00786	0.00784	0.01047	0.01047	0.01823	0.01045	0.02063	0.02314	0.82538	0.00520	0.00520	0.00264	0.00268
33	0.00742	0.00615	0.00645	0.00636	0.00828	0.00521	0.00476	0.00907	0.01411	0.01739	0.16984	0.05502	0.64007	0.01462	0.00707	0.00201	0.00304	0.01224	0.00571	0.00519
34	0.00742	0.00530	0.00701	0.00837	0.00873	0.00493	0.00558	0.00839	0.01145	0.01528	0.03272	0.78614	0.03920	0.01862	0.00763	0.00244	0.00350	0.01684	0.00555	0.00491
35	0.01192	0.00693	0.00912	0.00815	0.01014	0.00628	0.00624	0.01456	0.01688	0.15930	0.61585	0.03992	0.04826	0.01132	0.00686	0.00189	0.00328	0.00987	0.00672	0.00651
36	0.02668	0.01020	0.01385	0.01065	0.01523	0.00880	0.00877	0.02891	0.01703	0.75722	0.02349	0.02038	0.01481	0.00745	0.00603	0.00187	0.00510	0.00601	0.00737	0.01015
37	0.01102	0.00551	0.00551	0.00551	0.00689	0.00551	0.00413	0.01378	0.01240	0.02205	0.01929	0.02205	0.01516	0.00689	0.00413	0.00138	0.00276	0.00551	0.82500	0.00551
38	0.00860	0.00573	0.00645	0.00645	0.00645	0.00573	0.00358	0.00860	0.00860	0.01147	0.01863	0.03870	0.02150	0.79217	0.03010	0.00573	0.00573	0.00860	0.00358	0.00358
39	0.01226	0.01051	0.01226	0.00876	0.01401	0.00788	0.00701	0.01489	0.01226	0.01927	0.01051	0.01226	0.00876	0.00438	0.00438	0.00088	0.00438	0.00350	0.00350	0.82832
40	0.02243	0.01803	0.01762	0.01381	0.01833	0.11311	0.01126	0.64560	0.02641	0.03439	0.01356	0.01375	0.00975	0.00697	0.00584	0.00174	0.00703	0.00513	0.00555	0.00965
41	0.02653	0.01006	0.01372	0.01052	0.01510	0.00869	0.00869	0.02882	0.01693	0.75937	0.02333	0.02013	0.01464	0.00732	0.00595	0.00183	0.00503	0.00595	0.00732	0.01006
42	0.00716	0.00600	0.00623	0.00617	0.00809	0.00507	0.00463	0.00882	0.01389	0.01695	0.14738	0.05530	0.66480	0.01461	0.00699	0.00198	0.00297	0.01226	0.00562	0.00507
43	0.02264	0.00946	0.01264	0.01003	0.01397	0.00841	0.00816	0.02572	0.05211	0.58933	0.15660	0.02462	0.02233	0.00823	0.00614	0.00184	0.00461	0.00685	0.00711	0.00921

[dist]
# distance from previous block
# <min> <max>
0	1

[block]
# block no. 2 follows, 39 sequences, length 53
# corresponding to MSA columns:
# 331-383
name=unknown_C
#
# <colnr> <probs for GDERKNQSTAVLIFYWHMCP>
#	G	D	E	R	K	N	Q	S	T	A	V	L	I	F	Y	W	H	M	C	P
0	0.02248	0.01656	0.01775	0.01361	0.01834	0.01834	0.01124	0.73556	0.02780	0.03727	0.01420	0.01420	0.01006	0.00710	0.00592	0.00177	0.00651	0.00532	0.00592	0.01006
1	0.01294	0.01294	0.01811	0.01553	0.01553	0.01811	0.01294	0.01423	0.00906	0.01423	0.00776	0.01294	0.00776	0.01035	0.01941	0.00259	0.78134	0.00518	0.00259	0.00647
2	0.00825	0.00604	0.00774	0.00731	0.00876	0.00553	0.00548	0.01093	0.01645	0.02304	0.69161	0.04529	0.11677	0.01234	0.00698	0.00187	0.00281	0.01085	0.00642	0.00553
3	0.01654	0.01068	0.01237	0.01072	0.01400	0.01131	0.00843	0.02669	0.40850	0.21687	0.16951	0.02598	0.02471	0.00865	0.00619	0.00193	0.00439	0.00729	0.00646	0.00879
4	0.02594	0.01102	0.01432	0.01098	0.01557	0.01011	0.00907	0.13307	0.01853	0.65286	0.02198	0.01925	0.01396	0.00729	0.00594	0.00182	0.00525	0.00586	0.00711	0.01006
5	0.01186	0.03059	0.76153	0.01686	0.02560	0.01373	0.02185	0.01873	0.01249	0.01873	0.01061	0.01249	0.00749	0.00562	0.00562	0.00187	0.00874	0.00437	0.00250	0.00874
6	0.01047	0.00705	0.00789	0.00781	0.00910	0.04639	0.00596	0.01277	0.01128	0.01779	0.01708	0.02189	0.01450	0.02345	0.33789	0.02106	0.00892	0.00577	0.40750	0.00542
7	0.01226	0.01051	0.01226	0.00876	0.01401	0.00788	0.00701	0.01489	0.01226	0.01927	0.01051	0.01226	0.00876	0.00438	0.00438	0.00088	0.00438	0.00350	0.00350	0.82832
8	0.02173	0.01832	0.01719	0.01376	0.01807	0.15285	0.01111	0.54601	0.08851	0.03208	0.01415	0.01425	0.01032	0.00700	0.00582	0.00175	0.00709	0.00517	0.00541	0.00942
9	0.01398	0.01346	0.02320	0.17223	0.60061	0.01391	0.04091	0.01762	0.01318	0.01853	0.01104	0.01489	0.00908	0.00538	0.00590	0.00180	0.00728	0.00532	0.00287	0.00881
10	0.01280	0.00711	0.00758	0.03194	0.00958	0.00737	0.00550	0.09982	0.01433	0.04338	0.01851	0.02086	0.01430	0.00689	0.00445	0.00146	0.00343	0.00549	0.67899	0.00621
11	0.00721	0.00515	0.00686	0.00823	0.00858	0.00480	0.00549	0.00823	0.01132	0.01510	0.03259	0.78831	0.03911	0.01853	0.00755	0.00240	0.00343	0.01681	0.00549	0.00480
12	0.00833	0.00604	0.00786	0.00740	0.00881	0.00556	0.00555	0.01109	0.01666	0.02352	0.73448	0.04450	0.07360	0.01216	0.00698	0.00186	0.00280	0.01074	0.00648	0.00556
13	0.01186	0.03059	0.76153	0.01686	0.02560	0.01373	0.02185	0.01873	0.01249	0.01873	0.01061	0.01249	0.00749	0.00562	0.00562	0.00187	0.00874	0.00437	0.00250	0.00874
14	0.08154	0.00677	0.00837	0.00787	0.00962	0.00649	0.00609	0.01264	0.01594	0.05921	0.59903	0.04163	0.04789	0.01159	0.00672	0.00192	0.00325	0.06134	0.00622	0.00586
15	0.00721	0.00515	0.00686	0.00823	0.00858	0.00480	0.00549	0.00823	0.01132	0.01510	0.03259	0.78831	0.03911	0.01853	0.00755	0.00240	0.00343	0.01681	0.00549	0.00480
16	0.00701	0.00591	0.00608	0.00621	0.00805	0.00497	0.00459	0.00846	0.01327	0.01589	0.05724	0.12833	0.68318	0.01532	0.00704	0.00204	0.00304	0.01290	0.00549	0.00497
17	0.02467	0.00977	0.01321	0.01029	0.01456	0.00856	0.00844	0.02734	0.03402	0.67776	0.08709	0.02228	0.01832	0.00775	0.00604	0.00184	0.00483	0.00638	0.00722	0.00966
18	0.00778	0.00658	0.00680	0.00664	0.00871	0.00589	0.00501	0.01072	0.07770	0.01740	0.11591	0.05278	0.62906	0.01412	0.00690	0.00199	0.00313	0.01182	0.00562	0.00542
19	0.01841	0.01376	0.01391	0.01137	0.01495	0.05389	0.00914	0.41346	0.12145	0.03039	0.01661	0.01714	0.01235	0.00712	0.00543	0.00169	0.00550	0.00548	0.21935	0.00861
20	0.02248	0.01656	0.01775	0.01361	0.01834	0.01834	0.01124	0.73556	0.02780	0.03727	0.01420	0.01420	0.01006	0.00710	0.00592	0.00177	0.00651	0.00532	0.00592	0.01006
21	0.00755	0.00558	0.00706	0.00761	0.00856	0.00509	0.00536	0.00923	0.01344	0.01804	0.27083	0.42691	0.16131	0.01586	0.00727	0.00216	0.00315	0.01412	0.00582	0.00509
22	0.01602	0.01241	0.01341	0.01187	0.01535	0.01404	0.00929	0.03114	0.66417	0.10593	0.02399	0.02185	0.01768	0.00795	0.00601	0.00199	0.00472	0.00660	0.00616	0.00944
23	0.02308	0.01561	0.01716	0.01315	0.01786	0.01692	0.01087	0.63187	0.02621	0.14321	0.01554	0.01507	0.01073	0.00713	0.00592	0.00178	0.00629	0.00542	0.00612	0.01006
24	0.01226	0.01051	0.01226	0.00876	0.01401	0.00788	0.00701	0.01489	0.01226	0.01927	0.01051	0.01226	0.00876	0.00438	0.00438	0.00088	0.00438	0.00350	0.00350	0.82832
25	0.00721	0.00515	0.00686	0.00823	0.00858	0.00480	0.00549	0.00823	0.01132	0.01510	0.03259	0.78831	0.03911	0.01853	0.00755	0.00240	0.00343	0.01681	0.00549	0.00480
26	0.00721	0.00515	0.00686	0.00823	0.00858	0.00480	0.00549	0.00823	0.01132	0.01510	0.03259	0.78831	0.03911	0.01853	0.00755	0.00240	0.00343	0.01681	0.00549	0.00480
27	0.00909	0.00612	0.00685	0.00670	0.00687	0.00618	0.00385	0.03433	0.00928	0.01238	0.01848	0.03783	0.02110	0.76439	0.02924	0.00559	0.00576	0.00848	0.00367	0.00381
28	0.01730	0.01324	0.01428	0.01222	0.01595	0.01491	0.00968	0.17204	0.53758	0.09150	0.02203	0.02032	0.01615	0.00778	0.00599	0.00194	0.00508	0.00635	0.00611	0.00956
29	0.02550	0.01030	0.01369	0.01065	0.01512	0.00922	0.00875	0.02905	0.08057	0.69512	0.02340	0.02030	0.01494	0.00738	0.00595	0.00185	0.00500	0.00601	0.00721	0.01000
30	0.02136	0.01579	0.01700	0.01318	0.01766	0.01744	0.01083	0.66828	0.05023	0.03603	0.05992	0.01630	0.01313	0.00744	0.00598	0.00179	0.00622	0.00570	0.00596	0.00976
31	0.72092	0.01124	0.00940	0.00816	0.01195	0.01263	0.00672	0.01898	0.01102	0.12912	0.01035	0.01108	0.00756	0.00575	0.00398	0.00183	0.00464	0.00359	0.00417	0.00692
32	0.00849	0.00616	0.00863	0.00863	0.00938	0.00692	0.00630	0.01000	0.00924	0.01308	0.01664	0.02768	0.01671	0.25934	0.55639	0.00842	0.01293	0.00699	0.00329	0.00479
33	0.00721	0.00515	0.00686	0.00823	0.00858	0.00480	0.00549	0.00823	0.01132	0.01510	0.03259	0.78831	0.03911	0.01853	0.00755	0.00240	0.00343	0.01681	0.00549	0.00480
34	0.02200	0.01633	0.01748	0.01351	0.01816	0.01812	0.01112	0.69223	0.07191	0.03650	0.01481	0.01468	0.01055	0.00716	0.00592	0.00179	0.00640	0.00541	0.00592	0.01001
35	0.01070	0.00720	0.00793	0.00736	0.00812	0.00745	0.00468	0.10886	0.01155	0.01587	0.01808	0.03398	0.01941	0.62062	0.02467	0.00484	0.00560	0.00790	0.07056	0.00463
36	0.04909	0.01640	0.01745	0.01342	0.01811	0.01817	0.01108	0.71201	0.02722	0.03692	0.01400	0.01405	0.00994	0.00705	0.00584	0.00178	0.00644	0.00525	0.00584	0.00994
37	0.00857	0.00621	0.00724	0.00687	0.00872	0.00544	0.00519	0.01070	0.01514	0.05558	0.37527	0.04929	0.39772	0.01328	0.00693	0.00193	0.00300	0.01135	0.00605	0.00551
38	0.00900	0.00680	0.00863	0.00946	0.01100	0.00664	0.00785	0.01213	0.05841	0.01760	0.05333	0.12937	0.20579	0.01562	0.00767	0.00246	0.00457	0.42264	0.00552	0.00552
39	0.01357	0.01235	0.01827	0.58862	0.05387	0.04045	0.03256	0.13451	0.01473	0.01894	0.01112	0.01531	0.00830	0.00608	0.00592	0.00192	0.00778	0.00526	0.00320	0.00726
40	0.00857	0.00672	0.00741	0.00733	0.00880	0.00647	0.00522	0.01176	0.10334	0.01694	0.12816	0.10776	0.32942	0.19460	0.01231	0.00290	0.00391	0.02787	0.00524	0.00527
41	0.00794	0.00598	0.00740	0.00754	0.00893	0.00543	0.00569	0.01010	0.01468	0.01963	0.37446	0.16371	0.24215	0.01432	0.00720	0.00207	0.00323	0.08829	0.00596	0.00529
42	0.01360	0.29521	0.48969	0.01436	0.02172	0.01696	0.01746	0.01863	0.01243	0.03557	0.01010	0.01164	0.00770	0.00547	0.00499	0.00166	0.00781	0.00399	0.00263	0.00837
43	0.00891	0.00657	0.00736	0.00727	0.00930	0.00584	0.00566	0.01125	0.03984	0.06294	0.11656	0.06956	0.51297	0.01424	0.00705	0.00207	0.00347	0.09788	0.00571	0.00556
44	0.00851	0.00570	0.00648	0.00656	0.00658	0.00568	0.00370	0.00858	0.00877	0.01169	0.01949	0.08482	0.02258	0.74457	0.02871	0.00553	0.00559	0.00911	0.00370	0.00366
45	0.01242	0.01267	0.06457	0.14833	0.41951	0.01206	0.01526	0.01618	0.03858	0.01795	0.01575	0.16970	0.01527	0.00814	0.00619	0.00194	0.00647	0.00757	0.00347	0.00796
46	0.01555	0.44596	0.02481	0.01250	0.03943	0.06861	0.04542	0.01752	0.01245	0.06046	0.01394	0.01537	0.07336	0.00694	0.00689	0.00163	0.12387	0.00475	0.00316	0.00737
47	0.00952	0.08693	0.08761	0.01031	0.01254	0.00962	0.00912	0.01209	0.01005	0.01425	0.01456	0.02079	0.01334	0.03655	0.61591	0.00792	0.01418	0.00582	0.00304	0.00586
48	0.01148	0.00962	0.01139	0.00850	0.01298	0.00742	0.00672	0.01414	0.01316	0.02016	0.15886	0.01865	0.01817	0.00592	0.00490	0.00107	0.00406	0.00494	0.00411	0.66375
49	0.01426	0.01045	0.01247	0.00901	0.01417	0.00800	0.00724	0.01684	0.01292	0.12287	0.01231	0.01336	0.00958	0.00479	0.00460	0.00101	0.00447	0.00385	0.00404	0.71378
50	0.02126	0.02837	0.01300	0.01020	0.01416	0.00949	0.00826	0.02580	0.13669	0.49833	0.02648	0.06357	0.08075	0.00857	0.00605	0.00187	0.00473	0.00709	0.00664	0.02870
51	0.01118	0.00705	0.00823	0.00753	0.00959	0.00639	0.00563	0.04737	0.01465	0.13063	0.18529	0.08957	0.33499	0.10389	0.00951	0.00239	0.00378	0.01060	0.00577	0.00595
52	0.01448	0.01476	0.05520	0.03265	0.61488	0.01415	0.06157	0.01938	0.07740	0.01975	0.01229	0.01528	0.01002	0.00551	0.00593	0.00180	0.00707	0.00546	0.00318	0.00925

[dist]
# distance from previous block
# <min> <max>
0	82

# created by:
# /software/SequenceAnalysis/GenePrediction/augustus/3.0.1/scripts/msa2prfl.pl ./fixed/BUSCOvEOG7D80KZ.fas
