[name]
unknown

[dist]
# distance from previous block
# <min> <max>
6	102

[block]
# block no. 0 follows, 41 sequences, length 17
# corresponding to MSA columns:
# 110-126
name=unknown_A
#
# <colnr> <probs for GDERKNQSTAVLIFYWHMCP>
#	G	D	E	R	K	N	Q	S	T	A	V	L	I	F	Y	W	H	M	C	P
0	0.01248	0.23381	0.57396	0.01458	0.02209	0.01575	0.01814	0.01785	0.01196	0.01688	0.00965	0.01131	0.00727	0.00529	0.00497	0.00166	0.00784	0.00392	0.00242	0.00816
1	0.00732	0.00545	0.00760	0.07890	0.01113	0.00538	0.00627	0.00857	0.01100	0.01460	0.02958	0.72407	0.03507	0.01681	0.00716	0.00228	0.00371	0.01524	0.00506	0.00480
2	0.01110	0.00904	0.01283	0.01617	0.21979	0.00911	0.00952	0.09825	0.04076	0.01957	0.10859	0.37018	0.02768	0.01196	0.00654	0.00200	0.00461	0.01080	0.00480	0.00672
3	0.01211	0.01579	0.19308	0.01356	0.01958	0.01037	0.16368	0.01609	0.01225	0.01845	0.01048	0.01266	0.00823	0.00464	0.00504	0.00130	0.00635	0.00429	0.00306	0.46900
4	0.01325	0.00782	0.00809	0.00716	0.00925	0.00822	0.00560	0.18378	0.01547	0.02476	0.01751	0.01955	0.01351	0.00671	0.00440	0.00142	0.00351	0.00529	0.63834	0.00636
5	0.01519	0.01643	0.02401	0.06976	0.41104	0.15852	0.18529	0.01858	0.01365	0.01749	0.01055	0.01378	0.00857	0.00522	0.00582	0.00172	0.00817	0.00521	0.00285	0.00814
6	0.00837	0.00696	0.00748	0.00752	0.00935	0.00675	0.00555	0.01278	0.16698	0.01702	0.04455	0.22063	0.43716	0.01388	0.00669	0.00202	0.00334	0.01188	0.00542	0.00567
7	0.01416	0.00636	0.00718	0.00646	0.00852	0.00605	0.00503	0.01672	0.01302	0.19528	0.01957	0.02089	0.01454	0.00676	0.00441	0.00143	0.00318	0.00543	0.63866	0.00636
8	0.47445	0.01024	0.01007	0.01024	0.07920	0.01127	0.00701	0.06103	0.01114	0.06297	0.01173	0.01713	0.01052	0.19057	0.00996	0.00264	0.00504	0.00477	0.00379	0.00624
9	0.01022	0.00909	0.01461	0.60357	0.03166	0.01104	0.01299	0.01315	0.01071	0.01379	0.01200	0.02042	0.01070	0.19071	0.01117	0.00275	0.00714	0.00584	0.00276	0.00568
10	0.01208	0.00935	0.01032	0.00974	0.01183	0.01034	0.00727	0.06503	0.37997	0.02068	0.02307	0.20198	0.02119	0.05415	0.00831	0.05420	0.00427	0.00857	0.08064	0.00701
11	0.00832	0.00555	0.00624	0.00624	0.00624	0.00555	0.00347	0.00832	0.00832	0.01109	0.01802	0.03743	0.02080	0.79898	0.02911	0.00555	0.00555	0.00832	0.00347	0.00347
12	0.00870	0.00541	0.00652	0.00652	0.00652	0.00541	0.00382	0.00812	0.00812	0.01082	0.01614	0.03276	0.01826	0.61729	0.02754	0.19865	0.00541	0.00754	0.00324	0.00324
13	0.01539	0.01021	0.01227	0.00917	0.01385	0.00838	0.00736	0.04426	0.04685	0.19396	0.01444	0.03840	0.01116	0.00558	0.00481	0.00119	0.00444	0.00454	0.00450	0.54927
14	0.01535	0.01186	0.01476	0.01566	0.17497	0.03907	0.01021	0.25788	0.01890	0.06671	0.25693	0.05081	0.02512	0.00842	0.00608	0.00176	0.00519	0.00720	0.00525	0.00789
15	0.21016	0.00911	0.01060	0.00882	0.01215	0.00889	0.00711	0.02079	0.04799	0.35950	0.21870	0.02347	0.02322	0.00795	0.00551	0.00179	0.00416	0.00641	0.00599	0.00771
16	0.00697	0.00498	0.00664	0.00796	0.00830	0.00465	0.00531	0.00796	0.01095	0.01460	0.03153	0.79525	0.03783	0.01792	0.00730	0.00232	0.00332	0.01626	0.00531	0.00465

[dist]
# distance from previous block
# <min> <max>
0	11

[block]
# block no. 1 follows, 41 sequences, length 17
# corresponding to MSA columns:
# 138-154
name=unknown_B
#
# <colnr> <probs for GDERKNQSTAVLIFYWHMCP>
#	G	D	E	R	K	N	Q	S	T	A	V	L	I	F	Y	W	H	M	C	P
0	0.01330	0.01664	0.14977	0.07220	0.35973	0.01377	0.25439	0.01773	0.01293	0.01824	0.01091	0.01429	0.00855	0.00510	0.00598	0.00180	0.00805	0.00549	0.00277	0.00836
1	0.01306	0.01247	0.02124	0.27965	0.52730	0.01330	0.01701	0.01660	0.01251	0.01736	0.01057	0.01451	0.00859	0.00530	0.00568	0.00177	0.00707	0.00509	0.00274	0.00818
2	0.01540	0.01732	0.01709	0.01493	0.01589	0.26479	0.01204	0.01672	0.01119	0.01384	0.00794	0.01180	0.00746	0.00867	0.01433	0.00217	0.53482	0.00457	0.00265	0.00638
3	0.31951	0.00837	0.00871	0.00779	0.01043	0.00858	0.00614	0.01557	0.01337	0.14628	0.28320	0.07097	0.06207	0.00906	0.00542	0.00182	0.00374	0.00732	0.00530	0.00634
4	0.01200	0.01049	0.01330	0.06715	0.08526	0.00855	0.00844	0.01471	0.01194	0.01835	0.01022	0.01232	0.00847	0.00442	0.00448	0.00100	0.00472	0.00367	0.00328	0.69725
5	0.00954	0.26550	0.01368	0.00710	0.00999	0.01063	0.00612	0.01112	0.01258	0.01480	0.04165	0.04009	0.51529	0.01136	0.00575	0.00170	0.00395	0.00913	0.00438	0.00565
6	0.00946	0.00522	0.00576	0.00619	0.00720	0.00511	0.00443	0.01158	0.01165	0.01913	0.02285	0.27363	0.02221	0.01033	0.00507	0.00166	0.00288	0.00889	0.56164	0.00511
7	0.01284	0.02004	0.27356	0.02156	0.02822	0.01408	0.50735	0.01825	0.01304	0.01825	0.01115	0.01434	0.00821	0.00502	0.00632	0.00189	0.00926	0.00593	0.00274	0.00796
8	0.01651	0.01805	0.02093	0.02847	0.52022	0.26215	0.01543	0.01928	0.01406	0.01716	0.01013	0.01290	0.00851	0.00536	0.00550	0.00163	0.00794	0.00464	0.00287	0.00827
9	0.01856	0.01384	0.01493	0.01224	0.01619	0.01544	0.00985	0.36310	0.36108	0.08335	0.01878	0.01766	0.01362	0.00729	0.00577	0.00182	0.00538	0.00580	0.00587	0.00942
10	0.02362	0.01208	0.01461	0.01130	0.01571	0.01201	0.00931	0.27817	0.06341	0.46816	0.01952	0.01758	0.01281	0.00705	0.00575	0.00176	0.00535	0.00558	0.00653	0.00969
11	0.01303	0.00944	0.01037	0.00923	0.01208	0.00980	0.00719	0.05090	0.32380	0.11613	0.09809	0.03363	0.26228	0.01017	0.00619	0.00189	0.00395	0.00848	0.00585	0.00747
12	0.28299	0.01257	0.01804	0.06990	0.47581	0.01329	0.01375	0.01714	0.01186	0.02072	0.00981	0.01263	0.00804	0.00520	0.00497	0.00173	0.00607	0.00444	0.00305	0.00797
13	0.01271	0.01212	0.02061	0.35768	0.45201	0.01321	0.01684	0.01629	0.01234	0.01694	0.01050	0.01463	0.00844	0.00536	0.00569	0.00179	0.00715	0.00509	0.00271	0.00790
14	0.01052	0.00847	0.01399	0.53167	0.02898	0.01018	0.01233	0.01228	0.01014	0.01309	0.01009	0.01595	0.00838	0.01033	0.01114	0.27304	0.00676	0.00505	0.00252	0.00509
15	0.28319	0.01277	0.01839	0.02612	0.51807	0.01334	0.01385	0.01731	0.01195	0.02096	0.00985	0.01257	0.00813	0.00517	0.00497	0.00172	0.00602	0.00444	0.00306	0.00813
16	0.01195	0.00834	0.00988	0.00940	0.01145	0.00870	0.00704	0.01893	0.28224	0.10503	0.17119	0.27764	0.03092	0.01177	0.00648	0.00202	0.00381	0.01034	0.00589	0.00697

[dist]
# distance from previous block
# <min> <max>
0	3

[block]
# block no. 2 follows, 41 sequences, length 6
# corresponding to MSA columns:
# 158-163
name=unknown_C
#
# <colnr> <probs for GDERKNQSTAVLIFYWHMCP>
#	G	D	E	R	K	N	Q	S	T	A	V	L	I	F	Y	W	H	M	C	P
0	0.00832	0.00555	0.00624	0.00624	0.00624	0.00555	0.00347	0.00832	0.00832	0.01109	0.01802	0.03743	0.02080	0.79898	0.02911	0.00555	0.00555	0.00832	0.00347	0.00347
1	0.01422	0.55390	0.02429	0.00937	0.01433	0.01792	0.00884	0.01627	0.01170	0.01508	0.00865	0.01002	0.00770	0.00469	0.00385	0.00111	0.00553	0.00316	0.00274	0.26664
2	0.01939	0.01485	0.01584	0.01268	0.01684	0.01664	0.01030	0.52031	0.25465	0.03225	0.01673	0.01612	0.01215	0.00715	0.00575	0.00179	0.00574	0.00556	0.00575	0.00952
3	0.08598	0.01240	0.01286	0.01037	0.01403	0.01327	0.00843	0.45202	0.02110	0.02871	0.02711	0.02632	0.24509	0.00913	0.00586	0.00179	0.00507	0.00715	0.00541	0.00789
4	0.01080	0.01017	0.01716	0.78523	0.03940	0.01271	0.01589	0.01461	0.01144	0.01461	0.01017	0.01525	0.00762	0.00572	0.00572	0.00191	0.00762	0.00508	0.00254	0.00635
5	0.01286	0.01987	0.26450	0.02166	0.02828	0.01409	0.51624	0.01826	0.01305	0.01826	0.01116	0.01438	0.00823	0.00501	0.00634	0.00189	0.00927	0.00596	0.00274	0.00795

[dist]
# distance from previous block
# <min> <max>
0	21

[block]
# block no. 3 follows, 41 sequences, length 9
# corresponding to MSA columns:
# 185-193
name=unknown_D
#
# <colnr> <probs for GDERKNQSTAVLIFYWHMCP>
#	G	D	E	R	K	N	Q	S	T	A	V	L	I	F	Y	W	H	M	C	P
0	0.01080	0.01017	0.01716	0.78523	0.03940	0.01271	0.01589	0.01461	0.01144	0.01461	0.01017	0.01525	0.00762	0.00572	0.00572	0.00191	0.00762	0.00508	0.00254	0.00635
1	0.01979	0.00832	0.01089	0.00884	0.01177	0.00744	0.00673	0.02125	0.01364	0.51111	0.02103	0.02555	0.01641	0.27534	0.01367	0.00305	0.00510	0.00662	0.00586	0.00761
2	0.00995	0.02125	0.51097	0.01348	0.01918	0.01036	0.01577	0.01468	0.01170	0.01692	0.01747	0.27738	0.01761	0.00966	0.00607	0.00198	0.00671	0.00830	0.00340	0.00716
3	0.83938	0.01106	0.00841	0.00752	0.01106	0.01283	0.00619	0.01681	0.00973	0.02566	0.00796	0.00929	0.00619	0.00531	0.00354	0.00177	0.00442	0.00310	0.00354	0.00619
4	0.29375	0.01187	0.01140	0.01025	0.01358	0.01375	0.00809	0.02579	0.50119	0.02452	0.01809	0.01726	0.01364	0.00693	0.00505	0.00188	0.00449	0.00533	0.00505	0.00809
5	0.01263	0.48754	0.06549	0.00929	0.01319	0.01625	0.00896	0.01504	0.01320	0.01694	0.26294	0.02071	0.02313	0.00723	0.00482	0.00145	0.00510	0.00559	0.00375	0.00675
6	0.00721	0.00581	0.00642	0.00627	0.00800	0.00502	0.00470	0.00908	0.01411	0.01799	0.29586	0.05087	0.52148	0.01354	0.00676	0.00189	0.00283	0.01149	0.00565	0.00502
7	0.01643	0.01675	0.01406	0.01123	0.01552	0.26930	0.00878	0.11664	0.01538	0.01944	0.01020	0.01159	0.00827	0.00516	0.00475	0.00118	0.00658	0.00373	0.00356	0.44145
8	0.01118	0.00955	0.01007	0.00929	0.01192	0.01030	0.00715	0.02123	0.44033	0.02097	0.09703	0.03456	0.27240	0.01037	0.00622	0.00193	0.00382	0.00869	0.00569	0.00731

[dist]
# distance from previous block
# <min> <max>
0	27

[block]
# block no. 4 follows, 41 sequences, length 9
# corresponding to MSA columns:
# 221-229
name=unknown_E
#
# <colnr> <probs for GDERKNQSTAVLIFYWHMCP>
#	G	D	E	R	K	N	Q	S	T	A	V	L	I	F	Y	W	H	M	C	P
0	0.02087	0.02622	0.01598	0.01452	0.01749	0.72296	0.01091	0.02337	0.06753	0.01469	0.00985	0.01108	0.00807	0.00602	0.00520	0.00151	0.00991	0.00388	0.00315	0.00680
1	0.00994	0.00497	0.00745	0.00745	0.00745	0.00497	0.00497	0.00745	0.00745	0.00994	0.00994	0.01739	0.00994	0.01987	0.02235	0.83358	0.00497	0.00497	0.00248	0.00248
2	0.01080	0.01017	0.01716	0.78523	0.03940	0.01271	0.01589	0.01461	0.01144	0.01461	0.01017	0.01525	0.00762	0.00572	0.00572	0.00191	0.00762	0.00508	0.00254	0.00635
3	0.01076	0.00996	0.01681	0.52879	0.10309	0.01152	0.05094	0.01437	0.01258	0.01675	0.15044	0.02029	0.01648	0.00673	0.00596	0.00187	0.00673	0.00615	0.00329	0.00651
4	0.01281	0.01198	0.02012	0.03004	0.62224	0.01192	0.01527	0.01576	0.01264	0.01792	0.01464	0.16009	0.01444	0.00749	0.00597	0.00182	0.00615	0.00718	0.00329	0.00824
5	0.01251	0.01251	0.01752	0.01502	0.01502	0.01752	0.01251	0.01377	0.00876	0.01377	0.00751	0.01251	0.00751	0.01001	0.01877	0.00250	0.78851	0.00501	0.00250	0.00626
6	0.01063	0.02499	0.62685	0.01474	0.02168	0.01167	0.01818	0.01622	0.01187	0.01746	0.01424	0.15840	0.01296	0.00777	0.00578	0.00191	0.00749	0.00648	0.00296	0.00774
7	0.01119	0.13885	0.51791	0.01378	0.02020	0.01305	0.01651	0.01607	0.01180	0.01677	0.01390	0.15797	0.01297	0.00769	0.00552	0.00182	0.00715	0.00630	0.00296	0.00758
8	0.00822	0.00551	0.00627	0.00636	0.00638	0.00548	0.00359	0.00829	0.00850	0.01134	0.01896	0.09022	0.02198	0.74458	0.02759	0.00532	0.00539	0.00887	0.00359	0.00355

[dist]
# distance from previous block
# <min> <max>
6	32

[block]
# block no. 5 follows, 41 sequences, length 13
# corresponding to MSA columns:
# 262-274
name=unknown_F
#
# <colnr> <probs for GDERKNQSTAVLIFYWHMCP>
#	G	D	E	R	K	N	Q	S	T	A	V	L	I	F	Y	W	H	M	C	P
0	0.01246	0.48860	0.02118	0.00877	0.01226	0.01584	0.00806	0.01463	0.01342	0.01719	0.30434	0.02239	0.02571	0.00757	0.00488	0.00145	0.00477	0.00593	0.00396	0.00657
1	0.00988	0.00864	0.01247	0.01149	0.01211	0.01124	0.00926	0.01161	0.00902	0.01347	0.01224	0.01855	0.01162	0.02994	0.47787	0.00656	0.31993	0.00569	0.00284	0.00556
2	0.00684	0.00580	0.00591	0.00588	0.00778	0.00486	0.00441	0.00837	0.01323	0.01592	0.10182	0.05428	0.71681	0.01431	0.00676	0.00192	0.00288	0.01196	0.00537	0.00486
3	0.01137	0.01165	0.02347	0.01745	0.02148	0.01089	0.45213	0.01536	0.01456	0.02014	0.30653	0.02618	0.02652	0.00753	0.00675	0.00188	0.00691	0.00817	0.00423	0.00680
4	0.00921	0.00519	0.00585	0.00637	0.00731	0.00506	0.00451	0.01121	0.01158	0.01868	0.02373	0.32622	0.02379	0.01110	0.00530	0.00172	0.00292	0.00964	0.50555	0.00506
5	0.01730	0.01000	0.01242	0.00914	0.01397	0.00793	0.00742	0.01971	0.01364	0.31357	0.01505	0.01486	0.01071	0.00536	0.00483	0.00121	0.00448	0.00432	0.00484	0.50924
6	0.00843	0.00620	0.00842	0.00830	0.00887	0.00701	0.00595	0.00963	0.00883	0.01244	0.01602	0.02790	0.01654	0.33922	0.44629	0.00744	0.04786	0.00694	0.00320	0.00451
7	0.00921	0.00519	0.00585	0.00637	0.00731	0.00506	0.00451	0.01121	0.01158	0.01868	0.02373	0.32622	0.02379	0.01110	0.00530	0.00172	0.00292	0.00964	0.50555	0.00506
8	0.01146	0.01154	0.02291	0.01707	0.02057	0.01095	0.45137	0.01438	0.01146	0.01547	0.01411	0.02410	0.01345	0.31769	0.01556	0.00335	0.00803	0.00737	0.00312	0.00604
9	0.01215	0.01100	0.01549	0.48047	0.02973	0.01331	0.01319	0.02083	0.30357	0.01828	0.01533	0.01765	0.01150	0.00652	0.00576	0.00192	0.00640	0.00563	0.00383	0.00742
10	0.01080	0.01017	0.01716	0.78523	0.03940	0.01271	0.01589	0.01461	0.01144	0.01461	0.01017	0.01525	0.00762	0.00572	0.00572	0.00191	0.00762	0.00508	0.00254	0.00635
11	0.00779	0.00532	0.00640	0.00692	0.00705	0.00519	0.00419	0.00818	0.00936	0.01247	0.02334	0.33598	0.02751	0.49127	0.02052	0.00428	0.00467	0.01145	0.00419	0.00393
12	0.07512	0.02040	0.01846	0.02221	0.31097	0.39881	0.01327	0.04322	0.01485	0.01735	0.00969	0.01187	0.00803	0.00557	0.00526	0.00159	0.00839	0.00425	0.00303	0.00766

[dist]
# distance from previous block
# <min> <max>
0	11

[block]
# block no. 6 follows, 41 sequences, length 13
# corresponding to MSA columns:
# 286-298
name=unknown_G
#
# <colnr> <probs for GDERKNQSTAVLIFYWHMCP>
#	G	D	E	R	K	N	Q	S	T	A	V	L	I	F	Y	W	H	M	C	P
0	0.01351	0.01325	0.02352	0.16004	0.54889	0.01355	0.10871	0.01716	0.01282	0.01796	0.01076	0.01450	0.00877	0.00517	0.00581	0.00176	0.00729	0.00530	0.00279	0.00843
1	0.01206	0.02609	0.60629	0.02041	0.18615	0.01335	0.02035	0.01799	0.01228	0.01824	0.01037	0.01253	0.00764	0.00536	0.00548	0.00179	0.00809	0.00442	0.00251	0.00859
2	0.01364	0.01505	0.03155	0.02640	0.18302	0.01428	0.59116	0.01816	0.01340	0.01840	0.01140	0.01516	0.00876	0.00488	0.00652	0.00188	0.00905	0.00640	0.00288	0.00800
3	0.02188	0.00924	0.01234	0.00984	0.01331	0.00847	0.00787	0.08621	0.01534	0.53767	0.01903	0.01851	0.01285	0.00986	0.00938	0.18354	0.00501	0.00553	0.00596	0.00815
4	0.02545	0.01007	0.01348	0.01034	0.01477	0.00890	0.00854	0.06609	0.01693	0.72825	0.02209	0.01916	0.01392	0.00707	0.00575	0.00177	0.00494	0.00572	0.00701	0.00973
5	0.01139	0.01132	0.02078	0.61890	0.03732	0.01309	0.17468	0.01542	0.01189	0.01542	0.01047	0.01529	0.00786	0.00552	0.00594	0.00191	0.00807	0.00545	0.00262	0.00665
6	0.00909	0.00818	0.01310	0.01145	0.01401	0.00755	0.16736	0.01169	0.01318	0.01666	0.03814	0.04970	0.34215	0.01283	0.00716	0.00218	0.00520	0.25998	0.00477	0.00561
7	0.06097	0.01151	0.01233	0.00969	0.01358	0.01161	0.00782	0.29557	0.05287	0.02655	0.01390	0.01496	0.01061	0.00600	0.00479	0.00139	0.00471	0.00462	0.18521	0.25129
8	0.19083	0.19328	0.01759	0.01215	0.01564	0.45203	0.00976	0.02033	0.01385	0.01632	0.00846	0.00985	0.00712	0.00555	0.00449	0.00148	0.00817	0.00342	0.00296	0.00669
9	0.29446	0.01273	0.01819	0.02574	0.50779	0.01333	0.01370	0.01730	0.01191	0.02106	0.00981	0.01250	0.00809	0.00517	0.00494	0.00172	0.00599	0.00442	0.00307	0.00809
10	0.47592	0.01102	0.00929	0.00832	0.01148	0.04739	0.00674	0.10146	0.01299	0.02365	0.02084	0.02290	0.17308	0.00810	0.00482	0.00183	0.00464	0.04498	0.00425	0.00629
11	0.11412	0.01328	0.02142	0.03177	0.67218	0.01350	0.01618	0.01746	0.01263	0.01953	0.01042	0.01357	0.00871	0.00512	0.00541	0.00171	0.00651	0.00485	0.00292	0.00871
12	0.05972	0.00848	0.01006	0.00887	0.01104	0.00848	0.00657	0.13072	0.01382	0.18219	0.02021	0.18418	0.01959	0.22607	0.05828	0.00332	0.00554	0.00835	0.00498	0.02954

[dist]
# distance from previous block
# <min> <max>
3	14

[block]
# block no. 7 follows, 41 sequences, length 7
# corresponding to MSA columns:
# 314-320
name=unknown_H
#
# <colnr> <probs for GDERKNQSTAVLIFYWHMCP>
#	G	D	E	R	K	N	Q	S	T	A	V	L	I	F	Y	W	H	M	C	P
0	0.41373	0.01461	0.12392	0.01743	0.24115	0.01322	0.01200	0.01814	0.06082	0.02234	0.01017	0.01198	0.00797	0.00543	0.00461	0.00177	0.00574	0.00409	0.00331	0.00758
1	0.01387	0.01398	0.01912	0.02711	0.51478	0.12287	0.01434	0.01654	0.01310	0.01725	0.01433	0.15846	0.01415	0.00759	0.00589	0.00178	0.00666	0.00696	0.00331	0.00789
2	0.01296	0.00956	0.01103	0.00864	0.01260	0.00820	0.00685	0.07992	0.04941	0.09564	0.05676	0.04924	0.15225	0.00764	0.00529	0.00137	0.00415	0.00630	0.00464	0.41755
3	0.01325	0.00970	0.01110	0.00906	0.01248	0.00904	0.00696	0.05211	0.16850	0.09334	0.01839	0.02272	0.04642	0.15353	0.00961	0.00218	0.00467	0.02498	0.00453	0.32744
4	0.07323	0.01146	0.01255	0.01070	0.01395	0.01225	0.00840	0.26781	0.17815	0.07542	0.01990	0.19757	0.01793	0.00936	0.00586	0.00185	0.00485	0.00780	0.00542	0.06555
5	0.01308	0.01159	0.01721	0.52997	0.03183	0.01434	0.01446	0.14980	0.01391	0.01847	0.01044	0.01457	0.00800	0.00656	0.00762	0.00196	0.12100	0.00508	0.00313	0.00697
6	0.01640	0.01079	0.01260	0.01099	0.01439	0.01126	0.00892	0.08558	0.32785	0.19498	0.02261	0.02755	0.01823	0.00875	0.00606	0.00193	0.00487	0.13918	0.00582	0.07125

[dist]
# distance from previous block
# <min> <max>
6	10

[block]
# block no. 8 follows, 41 sequences, length 8
# corresponding to MSA columns:
# 333-340
name=unknown_I
#
# <colnr> <probs for GDERKNQSTAVLIFYWHMCP>
#	G	D	E	R	K	N	Q	S	T	A	V	L	I	F	Y	W	H	M	C	P
0	0.01391	0.01188	0.01969	0.10693	0.52626	0.01197	0.01500	0.01716	0.01356	0.07878	0.11314	0.01856	0.01540	0.00621	0.00582	0.00174	0.00617	0.00586	0.00361	0.00834
1	0.01416	0.01359	0.02322	0.03511	0.76330	0.01359	0.01755	0.01755	0.01302	0.01869	0.01076	0.01416	0.00906	0.00510	0.00566	0.00170	0.00680	0.00510	0.00283	0.00906
2	0.12941	0.01175	0.01298	0.01067	0.01445	0.01225	0.00873	0.25582	0.09425	0.15905	0.01726	0.02160	0.01385	0.03496	0.00636	0.00191	0.00524	0.09046	0.00531	0.09370
3	0.01776	0.01866	0.01469	0.01217	0.01612	0.34137	0.00946	0.14001	0.06710	0.01988	0.01109	0.01215	0.00882	0.00563	0.00499	0.00134	0.00722	0.00402	0.00375	0.28378
4	0.01866	0.12036	0.01708	0.01130	0.01592	0.01505	0.00948	0.36766	0.07104	0.10411	0.01377	0.01384	0.01013	0.00613	0.00514	0.00149	0.00556	0.00465	0.00493	0.18370
5	0.12598	0.01035	0.01165	0.00877	0.01344	0.00883	0.00706	0.01756	0.05653	0.12392	0.01238	0.01314	0.00949	0.00499	0.00445	0.00117	0.00437	0.00386	0.00407	0.55800
6	0.40796	0.00995	0.00982	0.00853	0.01178	0.01070	0.00685	0.01963	0.11073	0.17131	0.15904	0.01939	0.01854	0.00722	0.00490	0.00180	0.00419	0.00548	0.00508	0.00712
7	0.01931	0.01129	0.01320	0.01082	0.01458	0.01165	0.00870	0.15654	0.25773	0.31321	0.07381	0.02198	0.04509	0.00786	0.00588	0.00182	0.00479	0.00643	0.00630	0.00903

[dist]
# distance from previous block
# <min> <max>
0	3

[block]
# block no. 9 follows, 41 sequences, length 11
# corresponding to MSA columns:
# 344-354
name=unknown_J
#
# <colnr> <probs for GDERKNQSTAVLIFYWHMCP>
#	G	D	E	R	K	N	Q	S	T	A	V	L	I	F	Y	W	H	M	C	P
0	0.05330	0.01239	0.01370	0.01056	0.01482	0.01236	0.00856	0.35929	0.01939	0.04966	0.08459	0.03904	0.01436	0.00673	0.00528	0.00146	0.00506	0.00533	0.00494	0.27919
1	0.02165	0.01514	0.01654	0.01265	0.01724	0.01636	0.01044	0.64065	0.02517	0.10524	0.01441	0.01419	0.01009	0.00676	0.00565	0.00168	0.00606	0.00512	0.00574	0.04923
2	0.41492	0.01048	0.01016	0.00868	0.01217	0.01122	0.00699	0.04149	0.11709	0.12654	0.10708	0.01694	0.01518	0.00666	0.00469	0.00172	0.00432	0.00493	0.00475	0.07398
3	0.02134	0.01516	0.01645	0.01277	0.01721	0.01665	0.01050	0.61798	0.09558	0.09398	0.01536	0.01492	0.01083	0.00697	0.00573	0.00174	0.00601	0.00532	0.00584	0.00966
4	0.02174	0.01602	0.01717	0.01316	0.01774	0.01774	0.01087	0.74423	0.02689	0.03605	0.01373	0.01373	0.00973	0.00687	0.00572	0.00172	0.00629	0.00515	0.00572	0.00973
5	0.01080	0.01017	0.01716	0.78523	0.03940	0.01271	0.01589	0.01461	0.01144	0.01461	0.01017	0.01525	0.00762	0.00572	0.00572	0.00191	0.00762	0.00508	0.00254	0.00635
6	0.00708	0.00506	0.00673	0.00789	0.00832	0.00472	0.00532	0.00824	0.01146	0.01541	0.10196	0.72252	0.03939	0.01732	0.00725	0.00227	0.00326	0.01569	0.00541	0.00472
7	0.01186	0.01017	0.01186	0.00847	0.01356	0.00762	0.00678	0.01440	0.01186	0.01864	0.01017	0.01186	0.00847	0.00424	0.00424	0.00085	0.00424	0.00339	0.00339	0.83395
8	0.01350	0.01543	0.03375	0.02411	0.02989	0.01446	0.74253	0.01832	0.01350	0.01832	0.01157	0.01543	0.00868	0.00482	0.00675	0.00193	0.00964	0.00675	0.00289	0.00771
9	0.01162	0.01017	0.01304	0.18217	0.01933	0.00876	0.00881	0.01445	0.01177	0.01774	0.01017	0.01262	0.00828	0.00457	0.00457	0.00108	0.00499	0.00377	0.00320	0.64889
10	0.01999	0.01498	0.01622	0.01233	0.01700	0.01594	0.01015	0.61471	0.02423	0.03296	0.01310	0.01340	0.00950	0.00640	0.00546	0.00156	0.00593	0.00484	0.00531	0.15599

[dist]
# distance from previous block
# <min> <max>
23	36

[block]
# block no. 10 follows, 41 sequences, length 8
# corresponding to MSA columns:
# 393-400
name=unknown_K
#
# <colnr> <probs for GDERKNQSTAVLIFYWHMCP>
#	G	D	E	R	K	N	Q	S	T	A	V	L	I	F	Y	W	H	M	C	P
0	0.58429	0.01162	0.01005	0.00865	0.01233	0.04857	0.00705	0.02016	0.05044	0.18229	0.01191	0.01213	0.00853	0.00584	0.00421	0.00176	0.00481	0.00387	0.00438	0.00712
1	0.00806	0.00615	0.00750	0.06218	0.01075	0.00568	0.00602	0.00985	0.01298	0.04061	0.12135	0.19311	0.40489	0.01410	0.00686	0.00205	0.00356	0.07387	0.00527	0.00516
2	0.01911	0.01031	0.01256	0.01029	0.01409	0.01009	0.00824	0.02620	0.26981	0.38769	0.08588	0.02153	0.01831	0.00749	0.00574	0.00176	0.00451	0.00621	0.00629	0.07389
3	0.02247	0.01366	0.01479	0.01167	0.01584	0.07883	0.00950	0.30958	0.04995	0.34911	0.05195	0.01756	0.01379	0.00713	0.00574	0.00173	0.00579	0.00558	0.00610	0.00923
4	0.01186	0.01017	0.01186	0.00847	0.01356	0.00762	0.00678	0.01440	0.01186	0.01864	0.01017	0.01186	0.00847	0.00424	0.00424	0.00085	0.00424	0.00339	0.00339	0.83395
5	0.01322	0.01397	0.02247	0.01709	0.02067	0.06492	0.30234	0.01620	0.01180	0.01657	0.01003	0.01375	0.00840	0.00765	0.03687	0.00210	0.23894	0.00532	0.00289	0.17481
6	0.01931	0.01028	0.01262	0.01015	0.01371	0.01009	0.00820	0.18256	0.07088	0.35417	0.21693	0.02452	0.02400	0.00831	0.00601	0.00178	0.00458	0.00689	0.00648	0.00853
7	0.76641	0.01269	0.07548	0.00830	0.01227	0.01287	0.00751	0.01693	0.00994	0.02500	0.00817	0.00954	0.00629	0.00532	0.00371	0.00177	0.00478	0.00320	0.00344	0.00639

[dist]
# distance from previous block
# <min> <max>
0	40

[block]
# block no. 11 follows, 41 sequences, length 6
# corresponding to MSA columns:
# 441-446
name=unknown_L
#
# <colnr> <probs for GDERKNQSTAVLIFYWHMCP>
#	G	D	E	R	K	N	Q	S	T	A	V	L	I	F	Y	W	H	M	C	P
0	0.35234	0.01026	0.01058	0.00889	0.01244	0.01072	0.00719	0.04833	0.08926	0.22998	0.11761	0.01821	0.01636	0.00695	0.00494	0.00175	0.00438	0.00526	0.00521	0.03935
1	0.18325	0.01938	0.01412	0.01214	0.01572	0.38883	0.00946	0.10420	0.01591	0.12040	0.01115	0.01183	0.00839	0.00595	0.00493	0.00156	0.00759	0.00400	0.00396	0.05724
2	0.01116	0.00983	0.00973	0.00893	0.01139	0.07467	0.00687	0.08076	0.11160	0.01924	0.09324	0.12815	0.26728	0.01141	0.00628	0.00184	0.00437	0.05020	0.00510	0.08794
3	0.01366	0.01308	0.02232	0.14613	0.65616	0.01346	0.01731	0.01712	0.01279	0.01808	0.01067	0.01432	0.00885	0.00519	0.00567	0.00173	0.00692	0.00509	0.00279	0.00866
4	0.01798	0.01208	0.01385	0.01066	0.01518	0.01170	0.00864	0.22917	0.12969	0.18301	0.01581	0.01545	0.01140	0.00613	0.00522	0.00146	0.00500	0.00486	0.00521	0.29751
5	0.01147	0.01085	0.01837	0.63543	0.18396	0.01288	0.01622	0.01520	0.01175	0.01543	0.01028	0.01503	0.00791	0.00559	0.00571	0.00186	0.00746	0.00509	0.00260	0.00689

[dist]
# distance from previous block
# <min> <max>
3	10

[block]
# block no. 12 follows, 41 sequences, length 10
# corresponding to MSA columns:
# 457-466
name=unknown_M
#
# <colnr> <probs for GDERKNQSTAVLIFYWHMCP>
#	G	D	E	R	K	N	Q	S	T	A	V	L	I	F	Y	W	H	M	C	P
0	0.28556	0.01577	0.01422	0.01153	0.01558	0.10734	0.00938	0.42273	0.02007	0.03005	0.01128	0.01189	0.00830	0.00625	0.00495	0.00170	0.00617	0.00431	0.00468	0.00821
1	0.06109	0.00778	0.00910	0.00924	0.01081	0.00814	0.00694	0.08663	0.12014	0.01970	0.07996	0.41387	0.03070	0.01386	0.00673	0.00217	0.00405	0.09769	0.00538	0.00602
2	0.01744	0.00845	0.01096	0.00931	0.01229	0.00786	0.00732	0.02131	0.10424	0.39254	0.21507	0.12086	0.02778	0.00969	0.00621	0.00187	0.00407	0.00832	0.00651	0.00790
3	0.01124	0.01062	0.01796	0.68633	0.13484	0.01282	0.01611	0.01500	0.01165	0.01515	0.01024	0.01511	0.00781	0.00564	0.00571	0.00188	0.00752	0.00508	0.00258	0.00671
4	0.02045	0.02368	0.01590	0.01410	0.01731	0.56776	0.01076	0.12398	0.11733	0.01840	0.01147	0.01228	0.00906	0.00628	0.00533	0.00157	0.00897	0.00426	0.00372	0.00739
5	0.01626	0.01118	0.01302	0.01023	0.01456	0.01046	0.00831	0.14863	0.12425	0.15725	0.01642	0.01879	0.01282	0.00657	0.00527	0.00146	0.00483	0.05706	0.00496	0.35767
6	0.18637	0.01180	0.01596	0.01236	0.01644	0.01196	0.14303	0.16298	0.03228	0.21254	0.09880	0.01918	0.03711	0.00700	0.00562	0.00180	0.00563	0.00598	0.00515	0.00800
7	0.01687	0.01225	0.01371	0.01122	0.01496	0.01281	0.00909	0.32446	0.14513	0.07949	0.01769	0.02272	0.01464	0.05646	0.00721	0.00197	0.00540	0.09188	0.00528	0.13676
8	0.52238	0.01259	0.01118	0.00936	0.01313	0.03997	0.00766	0.19761	0.01490	0.08307	0.03371	0.01222	0.00918	0.00604	0.00440	0.00175	0.00507	0.00405	0.00441	0.00732
9	0.01082	0.00695	0.00880	0.00841	0.01031	0.00661	0.00662	0.01432	0.07649	0.11532	0.35325	0.08826	0.12278	0.01219	0.00678	0.00200	0.00363	0.13432	0.00600	0.00612

[dist]
# distance from previous block
# <min> <max>
14	77

# created by:
# /software/SequenceAnalysis/GenePrediction/augustus/3.0.1/scripts/msa2prfl.pl ./fixed/BUSCOvEOG7PCC6G.fas
