[name]
unknown

[dist]
# distance from previous block
# <min> <max>
22	161

[block]
# block no. 0 follows, 41 sequences, length 9
# corresponding to MSA columns:
# 180-188
name=unknown_A
#
# <colnr> <probs for GDERKNQSTAVLIFYWHMCP>
#	G	D	E	R	K	N	Q	S	T	A	V	L	I	F	Y	W	H	M	C	P
0	0.00773	0.00583	0.00714	0.00681	0.00832	0.00524	0.00511	0.01009	0.01533	0.02090	0.56879	0.04609	0.24674	0.01245	0.00675	0.00184	0.00275	0.01082	0.00603	0.00524
1	0.01286	0.01355	0.02327	0.01823	0.02028	0.01644	0.27091	0.01538	0.01044	0.01538	0.00895	0.01355	0.00792	0.00817	0.01452	0.00230	0.51282	0.00562	0.00264	0.00677
2	0.01158	0.01214	0.02452	0.01839	0.02263	0.01121	0.47977	0.01517	0.01267	0.01733	0.01689	0.22775	0.01661	0.00834	0.00669	0.00195	0.00746	0.00906	0.00359	0.07623
3	0.01560	0.01271	0.01585	0.01175	0.01662	0.07199	0.10824	0.07875	0.01433	0.12338	0.01227	0.01343	0.00930	0.00507	0.00499	0.00125	0.00573	0.00435	0.00399	0.47041
4	0.13179	0.12006	0.01523	0.01040	0.01456	0.07682	0.00862	0.07785	0.11772	0.26407	0.01558	0.01495	0.01111	0.00623	0.00497	0.00160	0.00543	0.00466	0.00496	0.09340
5	0.23720	0.02454	0.56187	0.01391	0.02102	0.01316	0.01706	0.01776	0.01144	0.02017	0.00964	0.01132	0.00696	0.00540	0.00492	0.00180	0.00735	0.00392	0.00272	0.00784
6	0.01350	0.01543	0.03375	0.02411	0.02989	0.01446	0.74253	0.01832	0.01350	0.01832	0.01157	0.01543	0.00868	0.00482	0.00675	0.00193	0.00964	0.00675	0.00289	0.00771
7	0.01301	0.01174	0.01799	0.01322	0.01775	0.01066	0.18537	0.01591	0.01205	0.05413	0.01074	0.01318	0.00867	0.00530	0.00689	0.00138	0.11223	0.00454	0.00333	0.48190
8	0.00691	0.00578	0.00591	0.00588	0.00768	0.00489	0.00435	0.00834	0.01293	0.01557	0.08897	0.05350	0.68720	0.05712	0.00798	0.00212	0.00303	0.01179	0.00526	0.00478

[dist]
# distance from previous block
# <min> <max>
16	32

[block]
# block no. 1 follows, 41 sequences, length 10
# corresponding to MSA columns:
# 221-230
name=unknown_B
#
# <colnr> <probs for GDERKNQSTAVLIFYWHMCP>
#	G	D	E	R	K	N	Q	S	T	A	V	L	I	F	Y	W	H	M	C	P
0	0.01606	0.01274	0.01832	0.01402	0.01798	0.01310	0.18882	0.31362	0.04570	0.06032	0.19366	0.02184	0.02071	0.00756	0.00618	0.00179	0.00603	0.00687	0.02661	0.00805
1	0.00697	0.00498	0.00664	0.00796	0.00830	0.00465	0.00531	0.00796	0.01095	0.01460	0.03153	0.79525	0.03783	0.01792	0.00730	0.00232	0.00332	0.01626	0.00531	0.00465
2	0.01336	0.01500	0.03136	0.02277	0.02771	0.01491	0.63513	0.01765	0.01280	0.01765	0.01097	0.01500	0.00851	0.00559	0.00852	0.00201	0.12423	0.00649	0.00284	0.00750
3	0.09793	0.12930	0.01585	0.01075	0.01442	0.05003	0.00894	0.35594	0.01989	0.02753	0.19169	0.01944	0.01956	0.00754	0.00543	0.00166	0.00540	0.00582	0.00504	0.00784
4	0.21637	0.01080	0.01302	0.00973	0.01444	0.00956	0.07004	0.01652	0.01188	0.08612	0.01084	0.01221	0.00843	0.00480	0.00441	0.00125	0.00480	0.00381	0.00371	0.48727
5	0.01940	0.01534	0.02051	0.01551	0.02020	0.03799	0.19013	0.42190	0.08482	0.09295	0.01464	0.01520	0.01045	0.00643	0.00597	0.00179	0.00696	0.00566	0.00507	0.00909
6	0.13849	0.01117	0.01432	0.01083	0.01500	0.01055	0.07991	0.01506	0.01124	0.01896	0.00958	0.01192	0.00800	0.00531	0.00652	0.00134	0.12018	0.00391	0.00323	0.50450
7	0.01740	0.01318	0.01400	0.01122	0.01503	0.01426	0.00911	0.50082	0.08729	0.02993	0.02543	0.02454	0.19483	0.00882	0.00599	0.00179	0.00530	0.00696	0.00563	0.00847
8	0.01335	0.01498	0.03127	0.02272	0.02762	0.01493	0.63105	0.01763	0.01278	0.01763	0.01095	0.01498	0.00850	0.00561	0.00859	0.00202	0.12858	0.00648	0.00283	0.00749
9	0.00873	0.00763	0.01338	0.01207	0.01380	0.00717	0.18300	0.01079	0.01175	0.01571	0.02662	0.54481	0.03040	0.01459	0.00722	0.00225	0.00501	0.07490	0.00472	0.00544

[dist]
# distance from previous block
# <min> <max>
0	6

[block]
# block no. 2 follows, 41 sequences, length 19
# corresponding to MSA columns:
# 237-255
name=unknown_C
#
# <colnr> <probs for GDERKNQSTAVLIFYWHMCP>
#	G	D	E	R	K	N	Q	S	T	A	V	L	I	F	Y	W	H	M	C	P
0	0.01350	0.01543	0.03375	0.02411	0.02989	0.01446	0.74253	0.01832	0.01350	0.01832	0.01157	0.01543	0.00868	0.00482	0.00675	0.00193	0.00964	0.00675	0.00289	0.00771
1	0.00765	0.00550	0.00726	0.00762	0.00853	0.00511	0.00547	0.00962	0.01387	0.01922	0.42883	0.36448	0.04649	0.01447	0.00702	0.00205	0.00304	0.03289	0.00585	0.00507
2	0.01350	0.01543	0.03375	0.02411	0.02989	0.01446	0.74253	0.01832	0.01350	0.01832	0.01157	0.01543	0.00868	0.00482	0.00675	0.00193	0.00964	0.00675	0.00289	0.00771
3	0.25718	0.11580	0.01646	0.01212	0.01380	0.01681	0.01029	0.01511	0.00942	0.01724	0.00770	0.01112	0.00710	0.00795	0.01229	0.00212	0.45412	0.00419	0.00280	0.00638
4	0.20480	0.00712	0.00781	0.00739	0.00929	0.00719	0.00575	0.01213	0.01429	0.02278	0.49547	0.03688	0.08411	0.01060	0.00606	0.00185	0.00328	0.05213	0.00552	0.00554
5	0.01364	0.01483	0.02979	0.02174	0.02704	0.01442	0.60309	0.02062	0.15408	0.01939	0.01380	0.01655	0.01035	0.00538	0.00657	0.00193	0.00867	0.00670	0.00345	0.00797
6	0.01961	0.01162	0.01607	0.01278	0.01647	0.01211	0.08655	0.05695	0.20079	0.37053	0.01922	0.01835	0.01335	0.00739	0.00758	0.00192	0.10824	0.00591	0.00566	0.00889
7	0.13001	0.00918	0.01082	0.00890	0.01252	0.00861	0.00720	0.02193	0.07187	0.43165	0.02902	0.02666	0.19007	0.00865	0.00570	0.00182	0.00431	0.00695	0.00609	0.00804
8	0.01350	0.01543	0.03375	0.02411	0.02989	0.01446	0.74253	0.01832	0.01350	0.01832	0.01157	0.01543	0.00868	0.00482	0.00675	0.00193	0.00964	0.00675	0.00289	0.00771
9	0.01071	0.01097	0.02218	0.01722	0.02068	0.01027	0.42792	0.01390	0.01241	0.01673	0.02009	0.34822	0.02112	0.01041	0.00699	0.00210	0.00694	0.01081	0.00392	0.00641
10	0.00857	0.00811	0.01270	0.01044	0.01322	0.00723	0.17933	0.01096	0.01340	0.01679	0.10029	0.04513	0.49625	0.01204	0.00681	0.00195	0.00458	0.04182	0.00481	0.00557
11	0.10074	0.11830	0.03059	0.02048	0.02591	0.01537	0.56875	0.01801	0.01286	0.01846	0.01072	0.01396	0.00824	0.00488	0.00601	0.00182	0.00863	0.00588	0.00290	0.00751
12	0.26292	0.01104	0.01340	0.01042	0.01475	0.01074	0.06465	0.05918	0.03765	0.31427	0.01507	0.01475	0.01039	0.00596	0.00495	0.00165	0.00507	0.00468	0.00504	0.13342
13	0.17577	0.01208	0.01746	0.01324	0.01780	0.01183	0.18189	0.08827	0.05811	0.30214	0.01581	0.01579	0.01086	0.00609	0.00549	0.00177	0.00599	0.00535	0.00504	0.04921
14	0.01217	0.09628	0.52576	0.01636	0.02310	0.01482	0.09496	0.01748	0.01175	0.01714	0.00983	0.01222	0.00744	0.00592	0.00716	0.00186	0.11079	0.00449	0.00248	0.00799
15	0.00723	0.00568	0.00632	0.00670	0.00801	0.00505	0.00486	0.00851	0.01203	0.01487	0.04516	0.19431	0.45997	0.11826	0.00990	0.00254	0.00354	0.07733	0.00506	0.00465
16	0.01302	0.01285	0.02154	0.01584	0.02088	0.01184	0.32569	0.01914	0.15346	0.01951	0.01327	0.01521	0.01027	0.00516	0.00563	0.00152	0.00663	0.00543	0.00364	0.31948
17	0.01075	0.09419	0.52148	0.01374	0.01994	0.01209	0.01635	0.01562	0.01177	0.01686	0.01509	0.19715	0.01449	0.00834	0.00572	0.00188	0.00703	0.00697	0.00310	0.00745
18	0.01230	0.09666	0.52789	0.01756	0.02505	0.01442	0.19081	0.01807	0.01237	0.01774	0.01036	0.01261	0.00759	0.00524	0.00558	0.00179	0.00852	0.00472	0.00253	0.00818

[dist]
# distance from previous block
# <min> <max>
14	24

[block]
# block no. 3 follows, 41 sequences, length 6
# corresponding to MSA columns:
# 280-285
name=unknown_D
#
# <colnr> <probs for GDERKNQSTAVLIFYWHMCP>
#	G	D	E	R	K	N	Q	S	T	A	V	L	I	F	Y	W	H	M	C	P
0	0.54377	0.05108	0.01252	0.00954	0.01352	0.01346	0.04387	0.11360	0.01313	0.12316	0.01081	0.01151	0.00788	0.00570	0.00428	0.00174	0.00507	0.00389	0.00420	0.00725
1	0.73283	0.01089	0.00904	0.00787	0.01153	0.01225	0.00648	0.01826	0.01060	0.12277	0.00988	0.01062	0.00724	0.00554	0.00383	0.00177	0.00448	0.00344	0.00400	0.00666
2	0.01262	0.01417	0.03009	0.02171	0.02699	0.01320	0.64587	0.01700	0.01344	0.01795	0.01764	0.02062	0.10719	0.00609	0.00675	0.00193	0.00876	0.00745	0.00321	0.00734
3	0.01350	0.01543	0.03375	0.02411	0.02989	0.01446	0.74253	0.01832	0.01350	0.01832	0.01157	0.01543	0.00868	0.00482	0.00675	0.00193	0.00964	0.00675	0.00289	0.00771
4	0.00676	0.00579	0.00579	0.00579	0.00773	0.00483	0.00435	0.00821	0.01304	0.01545	0.05794	0.05505	0.76098	0.01449	0.00676	0.00193	0.00290	0.01207	0.00531	0.00483
5	0.01350	0.01543	0.03375	0.02411	0.02989	0.01446	0.74253	0.01832	0.01350	0.01832	0.01157	0.01543	0.00868	0.00482	0.00675	0.00193	0.00964	0.00675	0.00289	0.00771

[dist]
# distance from previous block
# <min> <max>
0	1

[block]
# block no. 4 follows, 41 sequences, length 7
# corresponding to MSA columns:
# 287-293
name=unknown_E
#
# <colnr> <probs for GDERKNQSTAVLIFYWHMCP>
#	G	D	E	R	K	N	Q	S	T	A	V	L	I	F	Y	W	H	M	C	P
0	0.01350	0.01543	0.03375	0.02411	0.02989	0.01446	0.74253	0.01832	0.01350	0.01832	0.01157	0.01543	0.00868	0.00482	0.00675	0.00193	0.00964	0.00675	0.00289	0.00771
1	0.01750	0.01156	0.01303	0.01122	0.01480	0.01256	0.00887	0.02967	0.54226	0.23656	0.02308	0.02081	0.01652	0.00757	0.00580	0.00189	0.00462	0.00626	0.00618	0.00925
2	0.00902	0.00613	0.00749	0.00698	0.00875	0.00545	0.00529	0.01128	0.01519	0.07806	0.47773	0.04489	0.27793	0.01223	0.00667	0.00184	0.00293	0.01054	0.00604	0.00555
3	0.43260	0.18928	0.11395	0.00997	0.01460	0.01576	0.00961	0.12041	0.01290	0.02345	0.00908	0.01026	0.00709	0.00546	0.00413	0.00165	0.00559	0.00353	0.00346	0.00725
4	0.02261	0.00983	0.01296	0.00980	0.01437	0.00823	0.00805	0.02489	0.01537	0.60163	0.01982	0.01779	0.01290	0.00645	0.00542	0.00157	0.00473	0.00523	0.00626	0.19210
5	0.00842	0.00681	0.00930	0.00978	0.01014	0.00769	0.00729	0.00964	0.01069	0.01467	0.02609	0.54909	0.03063	0.01596	0.00990	0.00239	0.17724	0.08453	0.00468	0.00506
6	0.02174	0.01602	0.01717	0.01316	0.01774	0.01774	0.01087	0.74423	0.02689	0.03605	0.01373	0.01373	0.00973	0.00687	0.00572	0.00172	0.00629	0.00515	0.00572	0.00973

[dist]
# distance from previous block
# <min> <max>
0	3

[block]
# block no. 5 follows, 41 sequences, length 9
# corresponding to MSA columns:
# 297-305
name=unknown_F
#
# <colnr> <probs for GDERKNQSTAVLIFYWHMCP>
#	G	D	E	R	K	N	Q	S	T	A	V	L	I	F	Y	W	H	M	C	P
0	0.01361	0.01265	0.01988	0.01431	0.01957	0.01115	0.25536	0.10384	0.01423	0.02063	0.01107	0.01329	0.00869	0.00475	0.00526	0.00132	0.00631	0.00473	0.00350	0.45583
1	0.01737	0.01537	0.02416	0.01778	0.02286	0.01573	0.33635	0.36276	0.04965	0.02696	0.01301	0.01472	0.00952	0.00589	0.00612	0.00178	0.00763	0.00584	0.00437	0.04209
2	0.01350	0.01543	0.03375	0.02411	0.02989	0.01446	0.74253	0.01832	0.01350	0.01832	0.01157	0.01543	0.00868	0.00482	0.00675	0.00193	0.00964	0.00675	0.00289	0.00771
3	0.01399	0.22921	0.03272	0.02022	0.02576	0.01668	0.54348	0.01800	0.01299	0.01700	0.01059	0.01373	0.00832	0.00484	0.00591	0.00174	0.00869	0.00575	0.00277	0.00761
4	0.76536	0.08214	0.01034	0.00773	0.01139	0.01371	0.00652	0.01684	0.00990	0.02457	0.00796	0.00928	0.00630	0.00527	0.00355	0.00172	0.00458	0.00309	0.00344	0.00630
5	0.02042	0.01379	0.01534	0.01195	0.01606	0.01479	0.00979	0.54732	0.02401	0.13358	0.11633	0.01845	0.01634	0.00755	0.00587	0.00174	0.00561	0.00594	0.00598	0.00914
6	0.01240	0.01583	0.21797	0.01091	0.01687	0.00982	0.01095	0.06325	0.01290	0.01964	0.01043	0.01204	0.00822	0.00473	0.00466	0.00117	0.00552	0.00373	0.00328	0.55568
7	0.01080	0.01017	0.01716	0.78523	0.03940	0.01271	0.01589	0.01461	0.01144	0.01461	0.01017	0.01525	0.00762	0.00572	0.00572	0.00191	0.00762	0.00508	0.00254	0.00635
8	0.01129	0.02431	0.56502	0.22518	0.02873	0.01313	0.01971	0.01716	0.01190	0.01716	0.01024	0.01294	0.00735	0.00551	0.00551	0.00184	0.00823	0.00446	0.00245	0.00788

[dist]
# distance from previous block
# <min> <max>
0	1

[block]
# block no. 6 follows, 41 sequences, length 6
# corresponding to MSA columns:
# 307-312
name=unknown_G
#
# <colnr> <probs for GDERKNQSTAVLIFYWHMCP>
#	G	D	E	R	K	N	Q	S	T	A	V	L	I	F	Y	W	H	M	C	P
0	0.35860	0.00854	0.00885	0.04581	0.01157	0.00910	0.00647	0.01479	0.01326	0.07946	0.35221	0.02559	0.02865	0.00837	0.00527	0.00179	0.00383	0.00670	0.00501	0.00610
1	0.01133	0.07540	0.44977	0.01390	0.01973	0.01216	0.01612	0.01727	0.06979	0.01797	0.01664	0.02706	0.01513	0.00844	0.00602	0.00201	0.00711	0.20314	0.00347	0.00754
2	0.23958	0.01052	0.01483	0.56892	0.03162	0.01282	0.01325	0.01532	0.01106	0.01780	0.00971	0.01380	0.00737	0.00570	0.00518	0.00190	0.00679	0.00458	0.00287	0.00639
3	0.01190	0.01085	0.01608	0.57005	0.03267	0.01320	0.01404	0.01907	0.21614	0.01732	0.01393	0.01713	0.01048	0.00638	0.00581	0.00194	0.00681	0.00551	0.00350	0.00718
4	0.07360	0.00977	0.01125	0.00956	0.01265	0.00992	0.00757	0.09901	0.17114	0.21556	0.22719	0.02787	0.08240	0.00901	0.00602	0.00185	0.00422	0.00745	0.00611	0.00784
5	0.31811	0.01167	0.04719	0.00930	0.01271	0.04415	0.00783	0.09745	0.01491	0.13838	0.21871	0.02095	0.02123	0.00764	0.00523	0.00179	0.00473	0.00586	0.00505	0.00711

[dist]
# distance from previous block
# <min> <max>
0	8

[block]
# block no. 7 follows, 41 sequences, length 9
# corresponding to MSA columns:
# 321-329
name=unknown_H
#
# <colnr> <probs for GDERKNQSTAVLIFYWHMCP>
#	G	D	E	R	K	N	Q	S	T	A	V	L	I	F	Y	W	H	M	C	P
0	0.01190	0.00855	0.01014	0.01117	0.01194	0.00757	0.00742	0.01159	0.01387	0.01897	0.03457	0.74417	0.04004	0.02008	0.00912	0.00312	0.00500	0.01690	0.00673	0.00715
1	0.01330	0.01504	0.03253	0.07994	0.03059	0.01434	0.68922	0.01805	0.01335	0.01805	0.01147	0.01542	0.00860	0.00489	0.00667	0.00193	0.00950	0.00663	0.00287	0.00761
2	0.01186	0.01017	0.01186	0.00847	0.01356	0.00762	0.00678	0.01440	0.01186	0.01864	0.01017	0.01186	0.00847	0.00424	0.00424	0.00085	0.00424	0.00339	0.00339	0.83395
3	0.01087	0.00646	0.00853	0.00767	0.00950	0.00587	0.00587	0.01349	0.01622	0.14031	0.64395	0.03906	0.04769	0.01097	0.00659	0.00179	0.00304	0.00962	0.00642	0.00608
4	0.01416	0.01359	0.02322	0.03511	0.76330	0.01359	0.01755	0.01755	0.01302	0.01869	0.01076	0.01416	0.00906	0.00510	0.00566	0.00170	0.00680	0.00510	0.00283	0.00906
5	0.01416	0.01359	0.02322	0.03511	0.76330	0.01359	0.01755	0.01755	0.01302	0.01869	0.01076	0.01416	0.00906	0.00510	0.00566	0.00170	0.00680	0.00510	0.00283	0.00906
6	0.01080	0.01017	0.01716	0.78523	0.03940	0.01271	0.01589	0.01461	0.01144	0.01461	0.01017	0.01525	0.00762	0.00572	0.00572	0.00191	0.00762	0.00508	0.00254	0.00635
7	0.01416	0.01359	0.02322	0.03511	0.76330	0.01359	0.01755	0.01755	0.01302	0.01869	0.01076	0.01416	0.00906	0.00510	0.00566	0.00170	0.00680	0.00510	0.00283	0.00906
8	0.00810	0.00585	0.00765	0.00720	0.00855	0.00540	0.00540	0.01079	0.01619	0.02294	0.76028	0.04273	0.05397	0.01169	0.00675	0.00180	0.00270	0.01034	0.00630	0.00540

[dist]
# distance from previous block
# <min> <max>
0	1

[block]
# block no. 8 follows, 41 sequences, length 8
# corresponding to MSA columns:
# 331-338
name=unknown_I
#
# <colnr> <probs for GDERKNQSTAVLIFYWHMCP>
#	G	D	E	R	K	N	Q	S	T	A	V	L	I	F	Y	W	H	M	C	P
0	0.00885	0.00634	0.00870	0.00944	0.01077	0.00620	0.00797	0.01151	0.01416	0.01902	0.26893	0.05740	0.03980	0.01446	0.00752	0.00236	0.00443	0.49123	0.00560	0.00531
1	0.01186	0.01017	0.01186	0.00847	0.01356	0.00762	0.00678	0.01440	0.01186	0.01864	0.01017	0.01186	0.00847	0.00424	0.00424	0.00085	0.00424	0.00339	0.00339	0.83395
2	0.00812	0.00682	0.00719	0.00716	0.00908	0.00647	0.00532	0.01211	0.14397	0.01683	0.04785	0.15976	0.52096	0.01381	0.00667	0.00199	0.00325	0.01170	0.00540	0.00555
3	0.01485	0.01076	0.01205	0.01063	0.01371	0.01179	0.00831	0.02654	0.51213	0.13491	0.15390	0.02485	0.02344	0.00836	0.00597	0.00189	0.00425	0.00705	0.00609	0.00851
4	0.00801	0.00578	0.00757	0.00726	0.00853	0.00534	0.00539	0.01058	0.01579	0.02230	0.70413	0.10071	0.05273	0.01217	0.00679	0.00184	0.00275	0.01080	0.00622	0.00534
5	0.02174	0.01602	0.01717	0.01316	0.01774	0.01774	0.01087	0.74423	0.02689	0.03605	0.01373	0.01373	0.00973	0.00687	0.00572	0.00172	0.00629	0.00515	0.00572	0.00973
6	0.00817	0.00613	0.00919	0.00919	0.01021	0.00715	0.00715	0.01021	0.00919	0.01328	0.01532	0.02247	0.01430	0.04290	0.77631	0.00919	0.01532	0.00613	0.00306	0.00511
7	0.02497	0.01085	0.01396	0.01071	0.01516	0.01006	0.00884	0.15494	0.01824	0.63756	0.02100	0.01845	0.01337	0.00704	0.00575	0.00176	0.00512	0.00565	0.00684	0.00973

[dist]
# distance from previous block
# <min> <max>
1	4

[block]
# block no. 9 follows, 41 sequences, length 8
# corresponding to MSA columns:
# 343-350
name=unknown_J
#
# <colnr> <probs for GDERKNQSTAVLIFYWHMCP>
#	G	D	E	R	K	N	Q	S	T	A	V	L	I	F	Y	W	H	M	C	P
0	0.01350	0.01543	0.03375	0.02411	0.02989	0.01446	0.74253	0.01832	0.01350	0.01832	0.01157	0.01543	0.00868	0.00482	0.00675	0.00193	0.00964	0.00675	0.00289	0.00771
1	0.01235	0.01174	0.01840	0.01314	0.01843	0.00967	0.22640	0.01557	0.01235	0.01854	0.01059	0.01293	0.00853	0.00441	0.00499	0.00117	0.00585	0.00439	0.00324	0.58732
2	0.00800	0.00577	0.00756	0.00726	0.00852	0.00533	0.00539	0.01054	0.01573	0.02220	0.69588	0.10923	0.05254	0.01224	0.00680	0.00185	0.00275	0.01087	0.00621	0.00533
3	0.02566	0.00973	0.01327	0.01018	0.01460	0.00841	0.00841	0.02788	0.01637	0.76726	0.02257	0.01947	0.01416	0.00708	0.00575	0.00177	0.00487	0.00575	0.00708	0.00973
4	0.01511	0.01209	0.01296	0.01153	0.01485	0.01378	0.00900	0.03020	0.69580	0.08161	0.02323	0.02120	0.01720	0.00771	0.00581	0.00193	0.00455	0.00641	0.00592	0.00911
5	0.00797	0.00575	0.00754	0.00728	0.00852	0.00532	0.00539	0.01049	0.01562	0.02204	0.68150	0.12408	0.05223	0.01237	0.00681	0.00186	0.00277	0.01098	0.00619	0.00532
6	0.00697	0.00498	0.00664	0.00796	0.00830	0.00465	0.00531	0.00796	0.01095	0.01460	0.03153	0.79525	0.03783	0.01792	0.00730	0.00232	0.00332	0.01626	0.00531	0.00465
7	0.02281	0.00991	0.01279	0.01015	0.01425	0.00911	0.00827	0.02714	0.13055	0.60881	0.02470	0.02180	0.05742	0.00761	0.00582	0.00181	0.00470	0.00622	0.00678	0.00935

[dist]
# distance from previous block
# <min> <max>
0	4

[block]
# block no. 10 follows, 41 sequences, length 20
# corresponding to MSA columns:
# 355-374
name=unknown_K
#
# <colnr> <probs for GDERKNQSTAVLIFYWHMCP>
#	G	D	E	R	K	N	Q	S	T	A	V	L	I	F	Y	W	H	M	C	P
0	0.01427	0.01548	0.03221	0.02309	0.02876	0.01477	0.67442	0.08589	0.01475	0.01997	0.01177	0.01527	0.00878	0.00501	0.00665	0.00191	0.00933	0.00660	0.00316	0.00790
1	0.76251	0.01147	0.01077	0.00907	0.01281	0.01298	0.07473	0.01695	0.01008	0.02498	0.00830	0.00986	0.00643	0.00526	0.00384	0.00178	0.00491	0.00344	0.00348	0.00634
2	0.01350	0.01543	0.03375	0.02411	0.02989	0.01446	0.74253	0.01832	0.01350	0.01832	0.01157	0.01543	0.00868	0.00482	0.00675	0.00193	0.00964	0.00675	0.00289	0.00771
3	0.01350	0.01543	0.03375	0.02411	0.02989	0.01446	0.74253	0.01832	0.01350	0.01832	0.01157	0.01543	0.00868	0.00482	0.00675	0.00193	0.00964	0.00675	0.00289	0.00771
4	0.01350	0.01543	0.03375	0.02411	0.02989	0.01446	0.74253	0.01832	0.01350	0.01832	0.01157	0.01543	0.00868	0.00482	0.00675	0.00193	0.00964	0.00675	0.00289	0.00771
5	0.10365	0.01552	0.01629	0.01260	0.01707	0.01725	0.01040	0.67136	0.02517	0.03501	0.01315	0.01329	0.00937	0.00671	0.00550	0.00172	0.00611	0.00494	0.00550	0.00937
6	0.00817	0.00613	0.00919	0.00919	0.01021	0.00715	0.00715	0.01021	0.00919	0.01328	0.01532	0.02247	0.01430	0.04290	0.77631	0.00919	0.01532	0.00613	0.00306	0.00511
7	0.00802	0.00579	0.00758	0.00725	0.00853	0.00535	0.00539	0.01060	0.01583	0.02237	0.71047	0.09416	0.05287	0.01212	0.00678	0.00183	0.00274	0.01075	0.00623	0.00535
8	0.02174	0.01602	0.01717	0.01316	0.01774	0.01774	0.01087	0.74423	0.02689	0.03605	0.01373	0.01373	0.00973	0.00687	0.00572	0.00172	0.00629	0.00515	0.00572	0.00973
9	0.00696	0.00502	0.00659	0.00784	0.00826	0.00466	0.00526	0.00798	0.01107	0.01465	0.03302	0.75343	0.07869	0.01773	0.00727	0.00230	0.00329	0.01602	0.00531	0.00466
10	0.01111	0.01049	0.01772	0.71541	0.10678	0.01279	0.01604	0.01489	0.01158	0.01499	0.01022	0.01515	0.00776	0.00566	0.00571	0.00189	0.00755	0.00508	0.00257	0.00661
11	0.01186	0.01017	0.01186	0.00847	0.01356	0.00762	0.00678	0.01440	0.01186	0.01864	0.01017	0.01186	0.00847	0.00424	0.00424	0.00085	0.00424	0.00339	0.00339	0.83395
12	0.01529	0.80242	0.02997	0.00979	0.01468	0.02263	0.00979	0.01713	0.01162	0.01346	0.00795	0.00918	0.00734	0.00489	0.00367	0.00122	0.00612	0.00306	0.00245	0.00734
13	0.00697	0.00498	0.00664	0.00796	0.00830	0.00465	0.00531	0.00796	0.01095	0.01460	0.03153	0.79525	0.03783	0.01792	0.00730	0.00232	0.00332	0.01626	0.00531	0.00465
14	0.00697	0.00498	0.00664	0.00796	0.00830	0.00465	0.00531	0.00796	0.01095	0.01460	0.03153	0.79525	0.03783	0.01792	0.00730	0.00232	0.00332	0.01626	0.00531	0.00465
15	0.01423	0.01229	0.01293	0.01164	0.01487	0.01423	0.00905	0.03039	0.75297	0.02393	0.02328	0.02134	0.01746	0.00776	0.00582	0.00194	0.00453	0.00647	0.00582	0.00905
16	0.00810	0.00585	0.00765	0.00720	0.00855	0.00540	0.00540	0.01079	0.01619	0.02294	0.76028	0.04273	0.05397	0.01169	0.00675	0.00180	0.00270	0.01034	0.00630	0.00540
17	0.01529	0.80242	0.02997	0.00979	0.01468	0.02263	0.00979	0.01713	0.01162	0.01346	0.00795	0.00918	0.00734	0.00489	0.00367	0.00122	0.00612	0.00306	0.00245	0.00734
18	0.02174	0.01602	0.01717	0.01316	0.01774	0.01774	0.01087	0.74423	0.02689	0.03605	0.01373	0.01373	0.00973	0.00687	0.00572	0.00172	0.00629	0.00515	0.00572	0.00973
19	0.07065	0.01031	0.01318	0.01028	0.01458	0.00954	0.00845	0.06449	0.06689	0.63672	0.02133	0.01872	0.01371	0.00702	0.00563	0.00178	0.00489	0.00562	0.00672	0.00949

[dist]
# distance from previous block
# <min> <max>
0	1

[block]
# block no. 11 follows, 41 sequences, length 23
# corresponding to MSA columns:
# 376-398
name=unknown_L
#
# <colnr> <probs for GDERKNQSTAVLIFYWHMCP>
#	G	D	E	R	K	N	Q	S	T	A	V	L	I	F	Y	W	H	M	C	P
0	0.00697	0.00498	0.00664	0.00796	0.00830	0.00465	0.00531	0.00796	0.01095	0.01460	0.03153	0.79525	0.03783	0.01792	0.00730	0.00232	0.00332	0.01626	0.00531	0.00465
1	0.00817	0.00613	0.00919	0.00919	0.01021	0.00715	0.00715	0.01021	0.00919	0.01328	0.01532	0.02247	0.01430	0.04290	0.77631	0.00919	0.01532	0.00613	0.00306	0.00511
2	0.05653	0.01581	0.01679	0.01292	0.01745	0.01753	0.01067	0.71328	0.02616	0.03561	0.01349	0.01354	0.00958	0.00680	0.00563	0.00172	0.00621	0.00506	0.00563	0.00958
3	0.02422	0.01006	0.01323	0.01036	0.01464	0.00914	0.00849	0.02819	0.10900	0.67378	0.02266	0.01970	0.01457	0.00717	0.00576	0.00179	0.00482	0.00584	0.00692	0.00965
4	0.01519	0.01207	0.01296	0.01152	0.01485	0.01374	0.00900	0.03018	0.69125	0.08621	0.02322	0.02118	0.01718	0.00770	0.00581	0.00193	0.00456	0.00641	0.00593	0.00911
5	0.83938	0.01106	0.00841	0.00752	0.01106	0.01283	0.00619	0.01681	0.00973	0.02566	0.00796	0.00929	0.00619	0.00531	0.00354	0.00177	0.00442	0.00310	0.00354	0.00619
6	0.01423	0.01229	0.01293	0.01164	0.01487	0.01423	0.00905	0.03039	0.75297	0.02393	0.02328	0.02134	0.01746	0.00776	0.00582	0.00194	0.00453	0.00647	0.00582	0.00905
7	0.00676	0.00579	0.00579	0.00579	0.00773	0.00483	0.00435	0.00821	0.01304	0.01545	0.05794	0.05505	0.76098	0.01449	0.00676	0.00193	0.00290	0.01207	0.00531	0.00483
8	0.01423	0.01229	0.01293	0.01164	0.01487	0.01423	0.00905	0.03039	0.75297	0.02393	0.02328	0.02134	0.01746	0.00776	0.00582	0.00194	0.00453	0.00647	0.00582	0.00905
9	0.12457	0.01540	0.01606	0.01245	0.01690	0.01712	0.01028	0.65275	0.02474	0.03474	0.01301	0.01317	0.00928	0.00667	0.00545	0.00172	0.00606	0.00489	0.00545	0.00928
10	0.01186	0.01017	0.01186	0.00847	0.01356	0.00762	0.00678	0.01440	0.01186	0.01864	0.01017	0.01186	0.00847	0.00424	0.00424	0.00085	0.00424	0.00339	0.00339	0.83395
11	0.01567	0.01197	0.01298	0.01146	0.01484	0.01350	0.00897	0.03008	0.66033	0.11741	0.02319	0.02111	0.01705	0.00767	0.00581	0.00192	0.00457	0.00638	0.00598	0.00914
12	0.83938	0.01106	0.00841	0.00752	0.01106	0.01283	0.00619	0.01681	0.00973	0.02566	0.00796	0.00929	0.00619	0.00531	0.00354	0.00177	0.00442	0.00310	0.00354	0.00619
13	0.01147	0.02959	0.76934	0.01630	0.02476	0.01328	0.02113	0.01811	0.01208	0.01811	0.01026	0.01208	0.00725	0.00543	0.00543	0.00181	0.00845	0.00423	0.00242	0.00845
14	0.01423	0.01229	0.01293	0.01164	0.01487	0.01423	0.00905	0.03039	0.75297	0.02393	0.02328	0.02134	0.01746	0.00776	0.00582	0.00194	0.00453	0.00647	0.00582	0.00905
15	0.00994	0.00497	0.00745	0.00745	0.00745	0.00497	0.00497	0.00745	0.00745	0.00994	0.00994	0.01739	0.00994	0.01987	0.02235	0.83358	0.00497	0.00497	0.00248	0.00248
16	0.01423	0.01229	0.01293	0.01164	0.01487	0.01423	0.00905	0.03039	0.75297	0.02393	0.02328	0.02134	0.01746	0.00776	0.00582	0.00194	0.00453	0.00647	0.00582	0.00905
17	0.00676	0.00579	0.00579	0.00579	0.00773	0.00483	0.00435	0.00821	0.01304	0.01545	0.05794	0.05505	0.76098	0.01449	0.00676	0.00193	0.00290	0.01207	0.00531	0.00483
18	0.01186	0.01017	0.01186	0.00847	0.01356	0.00762	0.00678	0.01440	0.01186	0.01864	0.01017	0.01186	0.00847	0.00424	0.00424	0.00085	0.00424	0.00339	0.00339	0.83395
19	0.00810	0.00585	0.00765	0.00720	0.00855	0.00540	0.00540	0.01079	0.01619	0.02294	0.76028	0.04273	0.05397	0.01169	0.00675	0.00180	0.00270	0.01034	0.00630	0.00540
20	0.00817	0.00613	0.00919	0.00919	0.01021	0.00715	0.00715	0.01021	0.00919	0.01328	0.01532	0.02247	0.01430	0.04290	0.77631	0.00919	0.01532	0.00613	0.00306	0.00511
21	0.02174	0.01602	0.01717	0.01316	0.01774	0.01774	0.01087	0.74423	0.02689	0.03605	0.01373	0.01373	0.00973	0.00687	0.00572	0.00172	0.00629	0.00515	0.00572	0.00973
22	0.02422	0.01006	0.01323	0.01036	0.01464	0.00914	0.00849	0.02819	0.10900	0.67378	0.02266	0.01970	0.01457	0.00717	0.00576	0.00179	0.00482	0.00584	0.00692	0.00965

[dist]
# distance from previous block
# <min> <max>
0	5

[block]
# block no. 12 follows, 41 sequences, length 17
# corresponding to MSA columns:
# 404-420
name=unknown_M
#
# <colnr> <probs for GDERKNQSTAVLIFYWHMCP>
#	G	D	E	R	K	N	Q	S	T	A	V	L	I	F	Y	W	H	M	C	P
0	0.14709	0.00944	0.01041	0.00823	0.01225	0.00798	0.00643	0.01371	0.01136	0.01911	0.01342	0.14406	0.01307	0.00673	0.00464	0.00125	0.00411	0.00552	0.00374	0.55745
1	0.14918	0.01436	0.02812	0.02033	0.02570	0.01374	0.57215	0.01781	0.01277	0.01955	0.01088	0.01418	0.00826	0.00486	0.00605	0.00183	0.00842	0.00592	0.00303	0.06284
2	0.01306	0.01456	0.03102	0.14925	0.03146	0.01418	0.62305	0.01771	0.01316	0.01771	0.01134	0.01540	0.00851	0.00497	0.00658	0.00192	0.00931	0.00648	0.00284	0.00749
3	0.01317	0.01776	0.15470	0.02282	0.02905	0.01427	0.62392	0.01829	0.01327	0.01829	0.01136	0.01488	0.00844	0.00492	0.00653	0.00191	0.00945	0.00634	0.00281	0.00784
4	0.20647	0.01670	0.01774	0.01394	0.01821	0.14445	0.13014	0.33715	0.01898	0.02704	0.01124	0.01242	0.00835	0.00601	0.00530	0.00172	0.00710	0.00470	0.00429	0.00807
5	0.00728	0.00581	0.00652	0.00634	0.00805	0.00505	0.00476	0.00922	0.01427	0.01839	0.33332	0.05022	0.48378	0.01339	0.00675	0.00188	0.00282	0.01139	0.00570	0.00505
6	0.01490	0.01214	0.01295	0.01155	0.01486	0.01389	0.00902	0.03025	0.70968	0.06761	0.02324	0.02123	0.01727	0.00772	0.00582	0.00193	0.00455	0.00642	0.00589	0.00909
7	0.01251	0.01251	0.01752	0.01502	0.01502	0.01752	0.01251	0.01377	0.00876	0.01377	0.00751	0.01251	0.00751	0.01001	0.01877	0.00250	0.78851	0.00501	0.00250	0.00626
8	0.00676	0.00579	0.00579	0.00579	0.00773	0.00483	0.00435	0.00821	0.01304	0.01545	0.05794	0.05505	0.76098	0.01449	0.00676	0.00193	0.00290	0.01207	0.00531	0.00483
9	0.02566	0.00973	0.01327	0.01018	0.01460	0.00841	0.00841	0.02788	0.01637	0.76726	0.02257	0.01947	0.01416	0.00708	0.00575	0.00177	0.00487	0.00575	0.00708	0.00973
10	0.00676	0.00579	0.00579	0.00579	0.00773	0.00483	0.00435	0.00821	0.01304	0.01545	0.05794	0.05505	0.76098	0.01449	0.00676	0.00193	0.00290	0.01207	0.00531	0.00483
11	0.01307	0.01013	0.01198	0.00862	0.01365	0.00769	0.00692	0.01558	0.01226	0.08410	0.01125	0.01253	0.00897	0.00448	0.00437	0.00093	0.00429	0.00360	0.00371	0.76188
12	0.01339	0.01508	0.03228	0.02306	0.02880	0.01401	0.69321	0.01806	0.01339	0.01834	0.01148	0.01519	0.00867	0.00478	0.00658	0.00186	0.00928	0.00652	0.00293	0.06309
13	0.01178	0.09253	0.70912	0.01577	0.02394	0.01405	0.02021	0.01803	0.01204	0.01773	0.01008	0.01184	0.00725	0.00539	0.00529	0.00176	0.00826	0.00413	0.00242	0.00836
14	0.02473	0.00994	0.01325	0.01030	0.01462	0.00888	0.00846	0.02808	0.07637	0.70672	0.02262	0.01962	0.01443	0.00713	0.00576	0.00178	0.00484	0.00581	0.00698	0.00968
15	0.00818	0.00608	0.00893	0.00893	0.00987	0.00701	0.00683	0.01005	0.00912	0.01309	0.01556	0.02378	0.01487	0.10901	0.71098	0.00887	0.01447	0.00632	0.00310	0.00496
16	0.15593	0.02267	0.01509	0.01328	0.01660	0.52052	0.01022	0.14553	0.01698	0.01970	0.00954	0.01073	0.00758	0.00596	0.00499	0.00156	0.00866	0.00384	0.00352	0.00709

[dist]
# distance from previous block
# <min> <max>
0	1

[block]
# block no. 13 follows, 41 sequences, length 7
# corresponding to MSA columns:
# 422-428
name=unknown_N
#
# <colnr> <probs for GDERKNQSTAVLIFYWHMCP>
#	G	D	E	R	K	N	Q	S	T	A	V	L	I	F	Y	W	H	M	C	P
0	0.02042	0.01090	0.01312	0.01085	0.01473	0.01108	0.00870	0.02903	0.35412	0.42642	0.02289	0.02033	0.01567	0.00739	0.00578	0.00185	0.00471	0.00608	0.00650	0.00942
1	0.00812	0.00585	0.00778	0.00794	0.00912	0.00550	0.00610	0.01054	0.01478	0.02051	0.50670	0.16747	0.04744	0.01346	0.00705	0.00204	0.00328	0.14511	0.00595	0.00525
2	0.01309	0.01422	0.02702	0.02034	0.02372	0.01573	0.43967	0.01643	0.01153	0.01643	0.00989	0.01422	0.00819	0.00697	0.01174	0.00217	0.33277	0.00603	0.00273	0.00711
3	0.01420	0.00720	0.00960	0.00823	0.01065	0.00644	0.00644	0.01673	0.01625	0.28170	0.50382	0.03464	0.04013	0.01009	0.00640	0.00179	0.00345	0.00875	0.00657	0.00690
4	0.02007	0.01328	0.01697	0.01322	0.01757	0.01388	0.09479	0.28504	0.19842	0.23695	0.01828	0.01739	0.01273	0.00691	0.00587	0.00181	0.00585	0.00582	0.00580	0.00933
5	0.59024	0.01114	0.00982	0.00860	0.01219	0.01258	0.00699	0.02064	0.14971	0.11154	0.01253	0.01273	0.00923	0.00597	0.00422	0.00180	0.00450	0.00404	0.00438	0.00714
6	0.02005	0.01386	0.01524	0.01221	0.01635	0.01516	0.00992	0.40911	0.24923	0.14956	0.01810	0.01700	0.01282	0.00718	0.00576	0.00179	0.00552	0.00565	0.00597	0.00952

[dist]
# distance from previous block
# <min> <max>
0	15

[block]
# block no. 14 follows, 41 sequences, length 6
# corresponding to MSA columns:
# 444-449
name=unknown_O
#
# <colnr> <probs for GDERKNQSTAVLIFYWHMCP>
#	G	D	E	R	K	N	Q	S	T	A	V	L	I	F	Y	W	H	M	C	P
0	0.01985	0.28283	0.06480	0.01235	0.04546	0.12799	0.01061	0.09097	0.01536	0.25698	0.01355	0.01343	0.00981	0.00597	0.00493	0.00154	0.00652	0.00436	0.00433	0.00836
1	0.07142	0.42849	0.09187	0.01131	0.01634	0.01957	0.01093	0.24946	0.01642	0.02190	0.01001	0.01090	0.00802	0.00560	0.00448	0.00147	0.00627	0.00384	0.00356	0.00813
2	0.01258	0.01135	0.01874	0.02726	0.52325	0.01135	0.01489	0.01573	0.01307	0.01819	0.01700	0.03025	0.01668	0.00852	0.00638	0.00200	0.00631	0.23500	0.00361	0.00785
3	0.01226	0.21093	0.21718	0.01571	0.02100	0.01443	0.24598	0.01614	0.01222	0.01641	0.01388	0.15125	0.01315	0.00732	0.00575	0.00179	0.00735	0.00688	0.00309	0.00727
4	0.01395	0.01418	0.02658	0.03159	0.52902	0.01387	0.24914	0.01780	0.01318	0.01857	0.01102	0.01456	0.00894	0.00501	0.00601	0.00177	0.00770	0.00562	0.00285	0.00863
5	0.00950	0.00691	0.00887	0.00958	0.01094	0.00689	0.00773	0.08031	0.01376	0.01799	0.03136	0.29232	0.09174	0.01552	0.00741	0.00239	0.00455	0.37147	0.00533	0.00546

[dist]
# distance from previous block
# <min> <max>
0	39

[block]
# block no. 15 follows, 41 sequences, length 13
# corresponding to MSA columns:
# 489-501
name=unknown_P
#
# <colnr> <probs for GDERKNQSTAVLIFYWHMCP>
#	G	D	E	R	K	N	Q	S	T	A	V	L	I	F	Y	W	H	M	C	P
0	0.00821	0.00550	0.00627	0.00638	0.00641	0.00547	0.00362	0.00829	0.00854	0.01138	0.01915	0.10070	0.02222	0.73377	0.02729	0.00528	0.00536	0.00898	0.00362	0.00356
1	0.00922	0.00658	0.00922	0.01053	0.01185	0.00658	0.00922	0.01185	0.01317	0.01712	0.03029	0.06452	0.03292	0.01580	0.00790	0.00263	0.00527	0.72480	0.00527	0.00527
2	0.02137	0.02726	0.01621	0.01474	0.01768	0.77602	0.01105	0.02284	0.01621	0.01400	0.00884	0.01031	0.00737	0.00589	0.00516	0.00147	0.01031	0.00368	0.00295	0.00663
3	0.83938	0.01106	0.00841	0.00752	0.01106	0.01283	0.00619	0.01681	0.00973	0.02566	0.00796	0.00929	0.00619	0.00531	0.00354	0.00177	0.00442	0.00310	0.00354	0.00619
4	0.02137	0.02726	0.01621	0.01474	0.01768	0.77602	0.01105	0.02284	0.01621	0.01400	0.00884	0.01031	0.00737	0.00589	0.00516	0.00147	0.01031	0.00368	0.00295	0.00663
5	0.00676	0.00579	0.00579	0.00579	0.00773	0.00483	0.00435	0.00821	0.01304	0.01545	0.05794	0.05505	0.76098	0.01449	0.00676	0.00193	0.00290	0.01207	0.00531	0.00483
6	0.01251	0.01251	0.01752	0.01502	0.01502	0.01752	0.01251	0.01377	0.00876	0.01377	0.00751	0.01251	0.00751	0.01001	0.01877	0.00250	0.78851	0.00501	0.00250	0.00626
7	0.00676	0.00579	0.00579	0.00579	0.00773	0.00483	0.00435	0.00821	0.01304	0.01545	0.05794	0.05505	0.76098	0.01449	0.00676	0.00193	0.00290	0.01207	0.00531	0.00483
8	0.01186	0.01017	0.01186	0.00847	0.01356	0.00762	0.00678	0.01440	0.01186	0.01864	0.01017	0.01186	0.00847	0.00424	0.00424	0.00085	0.00424	0.00339	0.00339	0.83395
9	0.00810	0.00585	0.00765	0.00720	0.00855	0.00540	0.00540	0.01079	0.01619	0.02294	0.76028	0.04273	0.05397	0.01169	0.00675	0.00180	0.00270	0.01034	0.00630	0.00540
10	0.02566	0.00973	0.01327	0.01018	0.01460	0.00841	0.00841	0.02788	0.01637	0.76726	0.02257	0.01947	0.01416	0.00708	0.00575	0.00177	0.00487	0.00575	0.00708	0.00973
11	0.00810	0.00585	0.00765	0.00720	0.00855	0.00540	0.00540	0.01079	0.01619	0.02294	0.76028	0.04273	0.05397	0.01169	0.00675	0.00180	0.00270	0.01034	0.00630	0.00540
12	0.01350	0.01543	0.03375	0.02411	0.02989	0.01446	0.74253	0.01832	0.01350	0.01832	0.01157	0.01543	0.00868	0.00482	0.00675	0.00193	0.00964	0.00675	0.00289	0.00771

[dist]
# distance from previous block
# <min> <max>
3	7

[block]
# block no. 16 follows, 41 sequences, length 6
# corresponding to MSA columns:
# 509-514
name=unknown_Q
#
# <colnr> <probs for GDERKNQSTAVLIFYWHMCP>
#	G	D	E	R	K	N	Q	S	T	A	V	L	I	F	Y	W	H	M	C	P
0	0.13948	0.02340	0.01475	0.01338	0.01644	0.58834	0.01014	0.02273	0.08955	0.01669	0.01017	0.01128	0.00821	0.00600	0.00499	0.00156	0.00888	0.00388	0.00332	0.00681
1	0.01758	0.01154	0.01303	0.01121	0.01479	0.01252	0.00886	0.02966	0.53696	0.24191	0.02307	0.02079	0.01649	0.00756	0.00580	0.00189	0.00463	0.00626	0.00619	0.00925
2	0.02019	0.01096	0.01311	0.01088	0.01473	0.01119	0.00872	0.02908	0.36864	0.41177	0.02291	0.02036	0.01574	0.00741	0.00578	0.00185	0.00470	0.00609	0.00648	0.00941
3	0.01350	0.01543	0.03375	0.02411	0.02989	0.01446	0.74253	0.01832	0.01350	0.01832	0.01157	0.01543	0.00868	0.00482	0.00675	0.00193	0.00964	0.00675	0.00289	0.00771
4	0.01839	0.01316	0.01439	0.01193	0.01579	0.01455	0.00957	0.26771	0.40420	0.13595	0.02000	0.01854	0.01441	0.00736	0.00578	0.00184	0.00516	0.00592	0.00597	0.00938
5	0.00856	0.00626	0.00782	0.00771	0.00902	0.00595	0.00565	0.05942	0.01503	0.02060	0.42346	0.27298	0.10881	0.01353	0.00685	0.00197	0.00315	0.01196	0.00587	0.00541

[dist]
# distance from previous block
# <min> <max>
0	1

[block]
# block no. 17 follows, 41 sequences, length 6
# corresponding to MSA columns:
# 516-521
name=unknown_R
#
# <colnr> <probs for GDERKNQSTAVLIFYWHMCP>
#	G	D	E	R	K	N	Q	S	T	A	V	L	I	F	Y	W	H	M	C	P
0	0.00720	0.00576	0.00644	0.00638	0.00803	0.00500	0.00475	0.00902	0.01392	0.01780	0.28207	0.09870	0.48714	0.01381	0.00679	0.00191	0.00286	0.01179	0.00563	0.00500
1	0.01076	0.00739	0.01069	0.00988	0.00988	0.00900	0.00739	0.00948	0.00787	0.01117	0.00916	0.01582	0.00916	0.01670	0.02120	0.56637	0.25690	0.00498	0.00249	0.00370
2	0.01495	0.54837	0.02449	0.01038	0.01474	0.01993	0.00955	0.02139	0.24999	0.01682	0.01288	0.01309	0.01059	0.00582	0.00436	0.00145	0.00561	0.00415	0.00353	0.00789
3	0.01172	0.01017	0.01256	0.11102	0.01697	0.00830	0.00798	0.01443	0.01180	0.01811	0.01017	0.01231	0.00836	0.00443	0.00443	0.00099	0.00468	0.00361	0.00328	0.72469
4	0.01369	0.01525	0.02740	0.02058	0.02433	0.06444	0.46075	0.01715	0.01215	0.01658	0.01009	0.01416	0.00822	0.00656	0.01051	0.00208	0.26011	0.00599	0.00277	0.00718
5	0.01410	0.05525	0.02421	0.01712	0.02226	0.11322	0.37220	0.01760	0.01324	0.01761	0.01058	0.01329	0.00837	0.00478	0.00558	0.00149	0.00781	0.00508	0.00304	0.27321

[dist]
# distance from previous block
# <min> <max>
28	50

[block]
# block no. 18 follows, 41 sequences, length 117
# corresponding to MSA columns:
# 584-700
name=unknown_S
#
# <colnr> <probs for GDERKNQSTAVLIFYWHMCP>
#	G	D	E	R	K	N	Q	S	T	A	V	L	I	F	Y	W	H	M	C	P
0	0.01278	0.01113	0.01435	0.01036	0.01544	0.00915	0.07702	0.06763	0.02919	0.01998	0.01084	0.01254	0.00878	0.00456	0.00462	0.00104	0.00490	0.00390	0.00356	0.67824
1	0.01846	0.01402	0.01557	0.01210	0.01611	0.01519	0.00992	0.52405	0.02255	0.03086	0.08373	0.01615	0.01360	0.00720	0.00656	0.00166	0.06195	0.00540	0.00523	0.11968
2	0.01181	0.01050	0.01358	0.00998	0.01478	0.00853	0.07666	0.01543	0.06309	0.01874	0.01464	0.01596	0.06325	0.00527	0.00477	0.00110	0.00467	0.00454	0.00365	0.63905
3	0.01168	0.07215	0.72862	0.01594	0.02420	0.01380	0.02051	0.01806	0.01205	0.01786	0.01014	0.01192	0.00725	0.00540	0.00534	0.00178	0.00832	0.00416	0.00242	0.00839
4	0.00695	0.00503	0.00658	0.00782	0.00826	0.00466	0.00524	0.00798	0.01109	0.01466	0.03334	0.74432	0.08758	0.01768	0.00726	0.00230	0.00329	0.01597	0.00531	0.00466
5	0.00732	0.00523	0.00702	0.00823	0.00875	0.00494	0.00580	0.00863	0.01157	0.01546	0.07904	0.65551	0.03828	0.01725	0.00734	0.00233	0.00352	0.10364	0.00537	0.00477
6	0.00713	0.00510	0.00678	0.00786	0.00833	0.00475	0.00532	0.00836	0.01169	0.01577	0.13409	0.68934	0.04010	0.01704	0.00722	0.00225	0.00323	0.01543	0.00545	0.00475
7	0.01186	0.01017	0.01186	0.00847	0.01356	0.00762	0.00678	0.01440	0.01186	0.01864	0.01017	0.01186	0.00847	0.00424	0.00424	0.00085	0.00424	0.00339	0.00339	0.83395
8	0.01963	0.02189	0.01508	0.01333	0.01636	0.54937	0.02862	0.04584	0.01630	0.08717	0.06782	0.01684	0.06333	0.00702	0.00550	0.00158	0.00859	0.00506	0.00384	0.00685
9	0.01872	0.01379	0.01468	0.01176	0.01562	0.01531	0.00955	0.50260	0.16594	0.03162	0.01628	0.01628	0.01192	0.00701	0.00550	0.00171	0.00544	0.00543	0.12185	0.00898
10	0.00697	0.00498	0.00664	0.00796	0.00830	0.00465	0.00531	0.00796	0.01095	0.01460	0.03153	0.79525	0.03783	0.01792	0.00730	0.00232	0.00332	0.01626	0.00531	0.00465
11	0.01416	0.01359	0.02322	0.03511	0.76330	0.01359	0.01755	0.01755	0.01302	0.01869	0.01076	0.01416	0.00906	0.00510	0.00566	0.00170	0.00680	0.00510	0.00283	0.00906
12	0.01186	0.01017	0.01186	0.00847	0.01356	0.00762	0.00678	0.01440	0.01186	0.01864	0.01017	0.01186	0.00847	0.00424	0.00424	0.00085	0.00424	0.00339	0.00339	0.83395
13	0.01147	0.02959	0.76934	0.01630	0.02476	0.01328	0.02113	0.01811	0.01208	0.01811	0.01026	0.01208	0.00725	0.00543	0.00543	0.00181	0.00845	0.00423	0.00242	0.00845
14	0.01172	0.08014	0.72098	0.01588	0.02410	0.01390	0.02039	0.01805	0.01205	0.01781	0.01011	0.01189	0.00725	0.00540	0.00532	0.00177	0.00830	0.00415	0.00242	0.00838
15	0.83938	0.01106	0.00841	0.00752	0.01106	0.01283	0.00619	0.01681	0.00973	0.02566	0.00796	0.00929	0.00619	0.00531	0.00354	0.00177	0.00442	0.00310	0.00354	0.00619
16	0.00697	0.00498	0.00664	0.00796	0.00830	0.00465	0.00531	0.00796	0.01095	0.01460	0.03153	0.79525	0.03783	0.01792	0.00730	0.00232	0.00332	0.01626	0.00531	0.00465
17	0.01221	0.16356	0.61571	0.01543	0.02318	0.01495	0.04367	0.01795	0.01205	0.01731	0.00991	0.01169	0.00731	0.00532	0.00517	0.00171	0.00809	0.00411	0.00244	0.00823
18	0.00810	0.00585	0.00765	0.00720	0.00855	0.00540	0.00540	0.01079	0.01619	0.02294	0.76028	0.04273	0.05397	0.01169	0.00675	0.00180	0.00270	0.01034	0.00630	0.00540
19	0.00994	0.00497	0.00745	0.00745	0.00745	0.00497	0.00497	0.00745	0.00745	0.00994	0.00994	0.01739	0.00994	0.01987	0.02235	0.83358	0.00497	0.00497	0.00248	0.00248
20	0.01315	0.01256	0.02139	0.26101	0.54529	0.01332	0.01705	0.01667	0.01255	0.01746	0.01058	0.01449	0.00863	0.00528	0.00568	0.00176	0.00705	0.00509	0.00274	0.00825
21	0.01717	0.01943	0.01340	0.01241	0.01471	0.46578	0.00917	0.09259	0.01554	0.01620	0.01520	0.19253	0.01556	0.06581	0.00743	0.00199	0.00795	0.00705	0.00381	0.00627
22	0.00994	0.00497	0.00745	0.00745	0.00745	0.00497	0.00497	0.00745	0.00745	0.00994	0.00994	0.01739	0.00994	0.01987	0.02235	0.83358	0.00497	0.00497	0.00248	0.00248
23	0.02331	0.00921	0.01252	0.00978	0.01379	0.00800	0.00800	0.02558	0.01635	0.66737	0.12157	0.02259	0.01950	0.00770	0.00589	0.00177	0.00458	0.00637	0.00697	0.00915
24	0.01355	0.01530	0.03303	0.02486	0.08035	0.01440	0.69265	0.01827	0.01347	0.01835	0.01152	0.01534	0.00871	0.00484	0.00668	0.00191	0.00945	0.00664	0.00289	0.00781
25	0.01301	0.01153	0.01444	0.28722	0.02361	0.01369	0.01149	0.02477	0.48881	0.02061	0.01861	0.01917	0.01396	0.00703	0.00578	0.00193	0.00563	0.00597	0.00465	0.00809
26	0.01416	0.01359	0.02322	0.03511	0.76330	0.01359	0.01755	0.01755	0.01302	0.01869	0.01076	0.01416	0.00906	0.00510	0.00566	0.00170	0.00680	0.00510	0.00283	0.00906
