[name]
unknown

[dist]
# distance from previous block
# <min> <max>
40	1361

[block]
# block no. 0 follows, 41 sequences, length 23
# corresponding to MSA columns:
# 1620-1642
name=unknown_A
#
# <colnr> <probs for GDERKNQSTAVLIFYWHMCP>
#	G	D	E	R	K	N	Q	S	T	A	V	L	I	F	Y	W	H	M	C	P
0	0.00994	0.00497	0.00745	0.00745	0.00745	0.00497	0.00497	0.00745	0.00745	0.00994	0.00994	0.01739	0.00994	0.01987	0.02235	0.83358	0.00497	0.00497	0.00248	0.00248
1	0.01145	0.01056	0.01735	0.72323	0.06167	0.01298	0.01569	0.05046	0.01225	0.01580	0.01036	0.01514	0.00777	0.00575	0.00572	0.00189	0.00753	0.00509	0.00271	0.00661
2	0.03443	0.25015	0.43745	0.01401	0.02058	0.11852	0.01616	0.01843	0.01244	0.01641	0.00935	0.01094	0.00726	0.00534	0.00484	0.00160	0.00793	0.00379	0.00252	0.00783
3	0.07309	0.00840	0.01072	0.00889	0.01200	0.00776	0.00710	0.02053	0.04611	0.39486	0.31095	0.02798	0.02937	0.00880	0.00600	0.00179	0.00397	0.00740	0.00648	0.00777
4	0.00804	0.00581	0.00760	0.00723	0.00853	0.00536	0.00539	0.01066	0.01594	0.02254	0.72593	0.07820	0.05321	0.01199	0.00677	0.00182	0.00273	0.01062	0.00625	0.00536
5	0.01989	0.00944	0.01185	0.00967	0.01335	0.00882	0.00779	0.02463	0.15308	0.48117	0.07361	0.02606	0.11769	0.00849	0.00596	0.00183	0.00440	0.00702	0.00656	0.00868
6	0.02123	0.01124	0.01243	0.01014	0.01369	0.11097	0.00810	0.02345	0.01631	0.50271	0.18253	0.02334	0.02198	0.00793	0.00589	0.00174	0.00512	0.00648	0.00635	0.00837
7	0.01116	0.01087	0.01939	0.68288	0.03812	0.01294	0.11360	0.01511	0.01171	0.01511	0.01036	0.01527	0.00777	0.00560	0.00586	0.00191	0.00790	0.00531	0.00259	0.00654
8	0.01358	0.01292	0.02154	0.16284	0.59255	0.01348	0.01674	0.01784	0.05832	0.01831	0.01143	0.01479	0.00933	0.00537	0.00568	0.00175	0.00680	0.00518	0.00297	0.00859
9	0.01392	0.01378	0.02481	0.06155	0.60920	0.01371	0.14278	0.01758	0.01305	0.01847	0.01088	0.01442	0.00894	0.00507	0.00585	0.00175	0.00732	0.00538	0.00283	0.00873
10	0.00731	0.00521	0.00697	0.00826	0.00872	0.00493	0.00578	0.00850	0.01117	0.01484	0.03098	0.67544	0.03669	0.03984	0.00800	0.00246	0.00364	0.11131	0.00525	0.00470
11	0.01229	0.01169	0.01985	0.45172	0.36125	0.01310	0.01663	0.01592	0.01214	0.01642	0.01043	0.01476	0.00826	0.00544	0.00569	0.00181	0.00726	0.00509	0.00267	0.00756
12	0.01091	0.01031	0.01718	0.73780	0.03789	0.01300	0.01568	0.01456	0.01127	0.01456	0.01000	0.01508	0.00762	0.00598	0.00652	0.00194	0.05571	0.00508	0.00254	0.00635
13	0.01359	0.01518	0.03233	0.02559	0.12852	0.01435	0.64504	0.01822	0.01344	0.01837	0.01146	0.01526	0.00873	0.00486	0.00660	0.00190	0.00926	0.00653	0.00288	0.00790
14	0.00891	0.00637	0.00887	0.01019	0.01137	0.00632	0.00869	0.01133	0.01287	0.01678	0.03045	0.16278	0.03358	0.01609	0.00782	0.00259	0.00500	0.62952	0.00527	0.00518
15	0.01096	0.01038	0.01776	0.67654	0.08231	0.01250	0.04474	0.01467	0.01160	0.01501	0.01114	0.04723	0.00900	0.00615	0.00582	0.00191	0.00748	0.00561	0.00269	0.00651
16	0.16104	0.00960	0.01166	0.00936	0.01311	0.00910	0.00763	0.05814	0.01573	0.47643	0.14718	0.02147	0.01947	0.00757	0.00555	0.00177	0.00449	0.00606	0.00627	0.00838
17	0.00832	0.00555	0.00624	0.00624	0.00624	0.00555	0.00347	0.00832	0.00832	0.01109	0.01802	0.03743	0.02080	0.79898	0.02911	0.00555	0.00555	0.00832	0.00347	0.00347
18	0.01186	0.01017	0.01186	0.00847	0.01356	0.00762	0.00678	0.01440	0.01186	0.01864	0.01017	0.01186	0.00847	0.00424	0.00424	0.00085	0.00424	0.00339	0.00339	0.83395
19	0.02566	0.00973	0.01327	0.01018	0.01460	0.00841	0.00841	0.02788	0.01637	0.76726	0.02257	0.01947	0.01416	0.00708	0.00575	0.00177	0.00487	0.00575	0.00708	0.00973
20	0.02566	0.00973	0.01327	0.01018	0.01460	0.00841	0.00841	0.02788	0.01637	0.76726	0.02257	0.01947	0.01416	0.00708	0.00575	0.00177	0.00487	0.00575	0.00708	0.00973
21	0.01186	0.01017	0.01186	0.00847	0.01356	0.00762	0.00678	0.01440	0.01186	0.01864	0.01017	0.01186	0.00847	0.00424	0.00424	0.00085	0.00424	0.00339	0.00339	0.83395
22	0.07768	0.00596	0.00588	0.00569	0.00732	0.00605	0.00434	0.01417	0.01198	0.05032	0.01795	0.02029	0.01396	0.00657	0.00403	0.00138	0.00289	0.00517	0.73278	0.00557

[dist]
# distance from previous block
# <min> <max>
0	1

[block]
# block no. 1 follows, 41 sequences, length 15
# corresponding to MSA columns:
# 1644-1658
name=unknown_B
#
# <colnr> <probs for GDERKNQSTAVLIFYWHMCP>
#	G	D	E	R	K	N	Q	S	T	A	V	L	I	F	Y	W	H	M	C	P
0	0.00856	0.00645	0.00859	0.00816	0.00940	0.00648	0.00635	0.01114	0.01529	0.02161	0.62539	0.04257	0.04812	0.01198	0.00782	0.00194	0.06529	0.08351	0.00589	0.00545
1	0.01547	0.69294	0.08127	0.01048	0.01561	0.02163	0.01066	0.06799	0.01272	0.01536	0.00852	0.00970	0.00750	0.00507	0.00394	0.00130	0.00629	0.00329	0.00267	0.00759
2	0.01084	0.00874	0.01003	0.06291	0.01303	0.06095	0.00739	0.01319	0.01380	0.05759	0.23797	0.11417	0.08366	0.01052	0.00621	0.00177	0.00443	0.10415	0.00493	0.17370
3	0.01814	0.01884	0.01708	0.15812	0.06910	0.33552	0.03656	0.12710	0.09728	0.04948	0.01215	0.01372	0.00929	0.00617	0.00553	0.00168	0.00813	0.00474	0.00375	0.00761
4	0.01582	0.39967	0.02063	0.01037	0.01377	0.24102	0.00884	0.01745	0.01267	0.01425	0.01049	0.01388	0.00960	0.08968	0.00685	0.00177	0.00691	0.00406	0.09580	0.00649
5	0.01274	0.01410	0.07268	0.42607	0.23355	0.07362	0.05378	0.01651	0.01240	0.01611	0.01030	0.01435	0.00802	0.00550	0.00569	0.00181	0.00777	0.00500	0.00266	0.00733
6	0.00697	0.00498	0.00664	0.00796	0.00830	0.00465	0.00531	0.00796	0.01095	0.01460	0.03153	0.79525	0.03783	0.01792	0.00730	0.00232	0.00332	0.01626	0.00531	0.00465
7	0.03348	0.01155	0.02040	0.36732	0.23672	0.01258	0.12883	0.01555	0.01195	0.01639	0.01100	0.01623	0.00895	0.00655	0.00692	0.05446	0.00740	0.02391	0.00277	0.00705
8	0.02482	0.00992	0.01325	0.01028	0.01462	0.00884	0.00845	0.02806	0.07060	0.71254	0.02262	0.01961	0.01440	0.00713	0.00576	0.00178	0.00484	0.00580	0.00699	0.00968
9	0.00697	0.00498	0.00664	0.00796	0.00830	0.00465	0.00531	0.00796	0.01095	0.01460	0.03153	0.79525	0.03783	0.01792	0.00730	0.00232	0.00332	0.01626	0.00531	0.00465
10	0.01907	0.00883	0.01153	0.00952	0.01275	0.00810	0.00757	0.08580	0.01652	0.44273	0.17492	0.13269	0.02528	0.00953	0.00617	0.00185	0.00433	0.00812	0.00655	0.00813
11	0.01186	0.01017	0.01186	0.00847	0.01356	0.00762	0.00678	0.01440	0.01186	0.01864	0.01017	0.01186	0.00847	0.00424	0.00424	0.00085	0.00424	0.00339	0.00339	0.83395
12	0.02174	0.01602	0.01717	0.01316	0.01774	0.01774	0.01087	0.74423	0.02689	0.03605	0.01373	0.01373	0.00973	0.00687	0.00572	0.00172	0.00629	0.00515	0.00572	0.00973
13	0.02566	0.00973	0.01327	0.01018	0.01460	0.00841	0.00841	0.02788	0.01637	0.76726	0.02257	0.01947	0.01416	0.00708	0.00575	0.00177	0.00487	0.00575	0.00708	0.00973
14	0.01333	0.02442	0.55141	0.01454	0.02193	0.01251	0.01743	0.07587	0.01352	0.07194	0.01139	0.01269	0.00810	0.00550	0.00531	0.00167	0.00744	0.00429	0.00314	0.12358

[dist]
# distance from previous block
# <min> <max>
0	2

[block]
# block no. 2 follows, 41 sequences, length 32
# corresponding to MSA columns:
# 1661-1692
name=unknown_C
#
# <colnr> <probs for GDERKNQSTAVLIFYWHMCP>
#	G	D	E	R	K	N	Q	S	T	A	V	L	I	F	Y	W	H	M	C	P
0	0.08561	0.00813	0.00856	0.00770	0.01019	0.00773	0.00596	0.01185	0.05077	0.01760	0.04068	0.03972	0.47824	0.01166	0.00714	0.00188	0.06372	0.00922	0.00481	0.12880
1	0.02126	0.01148	0.01361	0.01090	0.01494	0.01136	0.00879	0.17034	0.15650	0.38223	0.02039	0.01902	0.01404	0.00729	0.00574	0.00180	0.00504	0.00576	0.06967	0.04986
2	0.01195	0.01564	0.24167	0.06555	0.09655	0.01108	0.04385	0.01546	0.01248	0.05911	0.01973	0.12600	0.06040	0.00987	0.00765	0.00215	0.07868	0.11106	0.00388	0.00727
3	0.01452	0.08264	0.46416	0.01477	0.04228	0.01297	0.01638	0.05786	0.01367	0.12865	0.01451	0.08594	0.01172	0.00716	0.00573	0.00188	0.00724	0.00570	0.00372	0.00851
4	0.09367	0.13499	0.01776	0.01328	0.01636	0.38123	0.04936	0.04883	0.01435	0.01657	0.01143	0.07201	0.01055	0.00893	0.04376	0.00208	0.04956	0.00507	0.00336	0.00687
5	0.00765	0.00541	0.00693	0.00804	0.00837	0.00506	0.00526	0.00837	0.01087	0.01454	0.02992	0.68317	0.03564	0.12842	0.01056	0.00286	0.00380	0.01520	0.00519	0.00473
6	0.02449	0.03162	0.01376	0.01037	0.01463	0.00944	0.00851	0.06211	0.03000	0.65021	0.02190	0.01963	0.01424	0.00729	0.00579	0.00181	0.00500	0.00578	0.05383	0.00962
7	0.01319	0.01264	0.02180	0.33761	0.40931	0.01353	0.07258	0.01671	0.01269	0.01742	0.01103	0.01531	0.00888	0.00563	0.00596	0.00188	0.00749	0.00536	0.00288	0.00808
8	0.72114	0.01141	0.00993	0.09297	0.01468	0.01318	0.00758	0.03656	0.01068	0.02509	0.00883	0.01072	0.00690	0.00570	0.00405	0.00187	0.00498	0.00353	0.00364	0.00654
9	0.00785	0.00574	0.00713	0.00789	0.00868	0.00528	0.00551	0.00902	0.01210	0.01599	0.11814	0.46094	0.15240	0.08874	0.00939	0.00260	0.00370	0.06858	0.00539	0.00495
10	0.00794	0.00570	0.00742	0.00795	0.00876	0.00526	0.00556	0.00953	0.01348	0.01860	0.34328	0.46857	0.04495	0.01547	0.00724	0.00218	0.00322	0.01380	0.00587	0.00522
11	0.01913	0.36194	0.02243	0.01287	0.01668	0.44560	0.01067	0.02063	0.01448	0.01420	0.00892	0.01047	0.00780	0.00576	0.00471	0.00145	0.00862	0.00357	0.00289	0.00717
12	0.00759	0.00542	0.00713	0.00843	0.00886	0.00505	0.00574	0.00855	0.01137	0.01518	0.03176	0.74863	0.03777	0.01801	0.00752	0.00242	0.00360	0.05662	0.00545	0.00493
13	0.83381	0.01137	0.00874	0.00784	0.01140	0.01306	0.00640	0.01711	0.01003	0.02602	0.00844	0.00994	0.00664	0.00562	0.00375	0.00185	0.00458	0.00326	0.00369	0.00643
14	0.01592	0.01774	0.01735	0.01519	0.01622	0.27100	0.01218	0.01711	0.01155	0.01428	0.00843	0.01241	0.00790	0.00891	0.01432	0.00224	0.52310	0.00471	0.00281	0.00662
15	0.07179	0.01094	0.01380	0.01071	0.01512	0.01012	0.00878	0.11943	0.01760	0.62617	0.02097	0.01873	0.01353	0.00724	0.00581	0.00185	0.00518	0.00566	0.00683	0.00974
16	0.83381	0.01137	0.00874	0.00784	0.01140	0.01306	0.00640	0.01711	0.01003	0.02602	0.00844	0.00994	0.00664	0.00562	0.00375	0.00185	0.00458	0.00326	0.00369	0.00643
17	0.01485	0.05686	0.01977	0.14681	0.36499	0.11206	0.01451	0.04795	0.05234	0.01860	0.03968	0.01853	0.01243	0.00667	0.00587	0.00183	0.00711	0.04754	0.00348	0.00811
18	0.00806	0.00587	0.00755	0.00829	0.00921	0.00544	0.00605	0.00965	0.01307	0.01757	0.21502	0.42284	0.10799	0.01595	0.00739	0.00228	0.00359	0.12329	0.00569	0.00519
19	0.57315	0.01232	0.04150	0.00923	0.01313	0.01286	0.00781	0.05750	0.07871	0.12656	0.01219	0.01275	0.00896	0.00616	0.00444	0.00187	0.00491	0.00407	0.00444	0.00744
20	0.00821	0.00637	0.00741	0.00736	0.00889	0.00581	0.00539	0.01073	0.05301	0.01920	0.33450	0.17026	0.31367	0.01381	0.00698	0.00203	0.00314	0.01186	0.00587	0.00550
21	0.02213	0.01630	0.01744	0.01344	0.01803	0.01793	0.01104	0.73923	0.02707	0.03633	0.01416	0.01435	0.01015	0.00716	0.00591	0.00180	0.00644	0.00529	0.00586	0.00994
22	0.01313	0.00785	0.00814	0.00732	0.00922	0.00812	0.00555	0.15965	0.01492	0.02372	0.01801	0.02185	0.01463	0.08006	0.00686	0.00188	0.00383	0.00571	0.58326	0.00628
23	0.01392	0.01189	0.01256	0.01145	0.01449	0.01349	0.00881	0.02833	0.67272	0.02339	0.02577	0.06411	0.05532	0.00891	0.00614	0.00204	0.00454	0.00739	0.00591	0.00883
24	0.01311	0.01147	0.01743	0.64951	0.03587	0.01379	0.01517	0.13814	0.01433	0.01867	0.01123	0.01560	0.00842	0.00622	0.00591	0.00196	0.00754	0.00524	0.00324	0.00716
25	0.03518	0.00579	0.00812	0.00866	0.00936	0.00553	0.04482	0.00885	0.01080	0.01485	0.02842	0.65724	0.03364	0.08882	0.00916	0.00258	0.00390	0.01458	0.00495	0.00475
26	0.05500	0.01076	0.01345	0.29591	0.03935	0.09146	0.01105	0.01936	0.01166	0.04030	0.01596	0.21694	0.01600	0.01150	0.05248	0.00243	0.07896	0.00781	0.00356	0.00605
27	0.01170	0.01064	0.01695	0.36475	0.02648	0.05588	0.12875	0.01377	0.01092	0.01410	0.01037	0.01559	0.00856	0.00945	0.01065	0.21711	0.03934	0.00524	0.02420	0.00556
28	0.00910	0.00654	0.00848	0.00932	0.01037	0.00651	0.00715	0.07718	0.01317	0.01743	0.02946	0.47482	0.03357	0.01618	0.00736	0.00237	0.00426	0.25606	0.00533	0.00533
29	0.01103	0.01037	0.01734	0.71524	0.08111	0.01259	0.01568	0.01478	0.01154	0.01499	0.01020	0.01507	0.00774	0.00563	0.00567	0.00186	0.00746	0.00503	0.00259	0.03409
30	0.01680	0.10260	0.12922	0.08907	0.02249	0.31395	0.13830	0.07232	0.01484	0.01694	0.00988	0.01209	0.00777	0.00568	0.00571	0.00166	0.02589	0.00449	0.00296	0.00734
31	0.09199	0.01727	0.19217	0.04946	0.33202	0.05297	0.06985	0.01800	0.02983	0.03181	0.01190	0.01622	0.00982	0.00593	0.00559	0.00180	0.00720	0.04495	0.00308	0.00813

[dist]
# distance from previous block
# <min> <max>
0	1

[block]
# block no. 3 follows, 41 sequences, length 27
# corresponding to MSA columns:
# 1694-1720
name=unknown_D
#
# <colnr> <probs for GDERKNQSTAVLIFYWHMCP>
#	G	D	E	R	K	N	Q	S	T	A	V	L	I	F	Y	W	H	M	C	P
0	0.01602	0.01070	0.01216	0.01063	0.01388	0.01147	0.00839	0.02668	0.46145	0.20317	0.08461	0.02531	0.05459	0.00844	0.00598	0.00190	0.00440	0.02547	0.00613	0.00863
1	0.01824	0.00818	0.01065	0.00880	0.01196	0.00721	0.00697	0.02053	0.02930	0.45606	0.14301	0.06199	0.13524	0.04622	0.00721	0.00200	0.00419	0.00800	0.00642	0.00779
2	0.01441	0.01324	0.01745	0.01464	0.01558	0.01756	0.01218	0.16392	0.01249	0.01835	0.00879	0.01276	0.00796	0.00936	0.01609	0.00234	0.62772	0.00504	0.00316	0.00697
3	0.01233	0.01367	0.05599	0.08608	0.04771	0.01262	0.48085	0.01665	0.01319	0.01776	0.01522	0.02534	0.01353	0.00719	0.00682	0.00206	0.00844	0.15406	0.00333	0.00716
4	0.01231	0.00708	0.00969	0.01003	0.01195	0.00673	0.00852	0.01469	0.01368	0.17106	0.03036	0.10125	0.07093	0.01407	0.00736	0.00240	0.00493	0.49120	0.00564	0.00612
5	0.01260	0.01160	0.01937	0.15018	0.49291	0.01201	0.01557	0.01591	0.01280	0.01771	0.01468	0.02468	0.01373	0.00740	0.00613	0.00192	0.00661	0.15304	0.00329	0.00785
6	0.00786	0.00567	0.00744	0.00735	0.00849	0.00524	0.00538	0.01021	0.01511	0.02122	0.61048	0.19741	0.05065	0.01297	0.00686	0.00191	0.00283	0.01156	0.00609	0.00524
7	0.01350	0.01805	0.18211	0.02080	0.02642	0.01477	0.46695	0.06393	0.01353	0.01890	0.01099	0.01431	0.00832	0.00565	0.00774	0.00195	0.09536	0.00594	0.00293	0.00783
8	0.01100	0.00976	0.01344	0.01189	0.01265	0.01250	0.00966	0.04844	0.01129	0.01663	0.16447	0.02122	0.01883	0.01824	0.20078	0.00395	0.39931	0.00638	0.00358	0.00597
9	0.00829	0.00565	0.00675	0.00675	0.00693	0.00582	0.00411	0.00865	0.00847	0.01147	0.01755	0.03482	0.01966	0.66726	0.15929	0.00618	0.00725	0.00794	0.00340	0.00375
10	0.00887	0.00710	0.01019	0.00986	0.01057	0.00840	0.01982	0.01046	0.00957	0.01380	0.01753	0.18060	0.01837	0.09021	0.38823	0.00594	0.14768	0.00817	0.02947	0.00514
11	0.01256	0.01416	0.04686	0.04458	0.07058	0.06072	0.45583	0.01631	0.01301	0.01718	0.01537	0.17522	0.01454	0.00765	0.00662	0.00196	0.00811	0.00828	0.00336	0.00708
12	0.01293	0.01424	0.03005	0.07981	0.08231	0.01365	0.58978	0.01734	0.01315	0.01784	0.01268	0.06490	0.01048	0.00574	0.00663	0.00194	0.00889	0.00711	0.00302	0.00752
13	0.00743	0.00531	0.00717	0.00849	0.00903	0.00504	0.00611	0.00876	0.01141	0.01512	0.03127	0.64504	0.03682	0.01748	0.00742	0.00239	0.00372	0.16191	0.00530	0.00477
14	0.01015	0.00735	0.00897	0.00920	0.01046	0.00746	0.00670	0.15956	0.01437	0.01917	0.02779	0.58814	0.03174	0.01551	0.00701	0.00222	0.00405	0.05903	0.00539	0.00573
15	0.01848	0.10225	0.05493	0.09763	0.01931	0.01657	0.01130	0.49243	0.02165	0.02919	0.01290	0.01388	0.00948	0.00644	0.00535	0.00166	0.00626	0.00488	0.06674	0.00870
16	0.01282	0.37425	0.23675	0.01155	0.01643	0.05737	0.01219	0.01584	0.01187	0.01506	0.01351	0.17166	0.01358	0.00778	0.00500	0.00163	0.00644	0.00614	0.00305	0.00707
17	0.01682	0.00861	0.01154	0.08658	0.03081	0.00837	0.00794	0.01992	0.07460	0.35063	0.09908	0.05584	0.02021	0.17066	0.01072	0.00260	0.00500	0.00716	0.00554	0.00738
18	0.01960	0.00981	0.01224	0.00978	0.01330	0.00940	0.00792	0.17002	0.01827	0.38884	0.21005	0.02436	0.02350	0.00820	0.00591	0.00174	0.00449	0.00679	0.04737	0.00840
19	0.00994	0.00497	0.00745	0.00745	0.00745	0.00497	0.00497	0.00745	0.00745	0.00994	0.00994	0.01739	0.00994	0.01987	0.02235	0.83358	0.00497	0.00497	0.00248	0.00248
20	0.01808	0.01072	0.03988	0.01138	0.05138	0.00931	0.00898	0.02277	0.12825	0.35079	0.05598	0.02168	0.01616	0.00722	0.00562	0.00166	0.00483	0.05123	0.00560	0.17848
21	0.01257	0.01072	0.01345	0.16858	0.01926	0.00962	0.00903	0.08292	0.01318	0.01944	0.01050	0.01273	0.00842	0.00479	0.00468	0.00115	0.00513	0.00390	0.00343	0.58649
22	0.00697	0.00498	0.00664	0.00796	0.00830	0.00465	0.00531	0.00796	0.01095	0.01460	0.03153	0.79525	0.03783	0.01792	0.00730	0.00232	0.00332	0.01626	0.00531	0.00465
23	0.01654	0.60417	0.02752	0.01115	0.01602	0.02125	0.04408	0.16665	0.01485	0.01833	0.00931	0.01040	0.00789	0.00530	0.00424	0.00136	0.00632	0.00366	0.00314	0.00785
24	0.00697	0.00498	0.00664	0.00796	0.00830	0.00465	0.00531	0.00796	0.01095	0.01460	0.03153	0.79525	0.03783	0.01792	0.00730	0.00232	0.00332	0.01626	0.00531	0.00465
25	0.01436	0.01366	0.01281	0.00983	0.01444	0.16561	0.00772	0.01667	0.01293	0.04719	0.01038	0.01184	0.00847	0.00469	0.00449	0.00101	0.00551	0.00354	0.00344	0.63140
26	0.05374	0.01333	0.01469	0.01138	0.01584	0.01379	0.00929	0.38407	0.10679	0.12847	0.01506	0.01482	0.01082	0.00639	0.00534	0.00157	0.00539	0.00494	0.00534	0.17893

[dist]
# distance from previous block
# <min> <max>
4	8

[block]
# block no. 4 follows, 41 sequences, length 18
# corresponding to MSA columns:
# 1729-1746
name=unknown_E
#
# <colnr> <probs for GDERKNQSTAVLIFYWHMCP>
#	G	D	E	R	K	N	Q	S	T	A	V	L	I	F	Y	W	H	M	C	P
0	0.01033	0.00631	0.00797	0.00808	0.00944	0.00594	0.00578	0.01237	0.04978	0.12820	0.05862	0.41483	0.12836	0.07906	0.04465	0.00273	0.00427	0.01229	0.00539	0.00561
1	0.01236	0.01119	0.05244	0.00895	0.01419	0.00796	0.00761	0.01510	0.01204	0.04660	0.01064	0.01216	0.00862	0.00441	0.00436	0.00093	0.00449	0.00352	0.00347	0.75896
2	0.25585	0.01391	0.03907	0.02968	0.01428	0.14397	0.02482	0.13472	0.01544	0.02334	0.17577	0.04904	0.01961	0.00787	0.00535	0.00177	0.00570	0.02867	0.00444	0.00670
3	0.03403	0.01063	0.01678	0.16796	0.05959	0.01064	0.11581	0.03692	0.01297	0.20890	0.01402	0.03569	0.01065	0.00764	0.00792	0.08370	0.04280	0.00551	0.00405	0.11378
4	0.01320	0.01317	0.02418	0.19257	0.06733	0.01313	0.35298	0.06396	0.04111	0.01876	0.01157	0.01498	0.00885	0.00545	0.00628	0.01566	0.00781	0.00568	0.00316	0.12014
5	0.01308	0.19597	0.52201	0.01577	0.06040	0.06448	0.01784	0.01818	0.01229	0.01687	0.00970	0.01144	0.00737	0.00533	0.00505	0.00166	0.00798	0.00398	0.00248	0.00813
6	0.01101	0.01007	0.01599	0.34932	0.04510	0.01256	0.04676	0.01384	0.01058	0.01497	0.01107	0.01618	0.00931	0.01290	0.13516	0.00320	0.20513	0.00533	0.06535	0.00618
7	0.00845	0.00712	0.04174	0.03189	0.00993	0.00595	0.00603	0.01055	0.01359	0.03765	0.32794	0.04365	0.26394	0.13036	0.01003	0.00243	0.00375	0.03453	0.00526	0.00521
8	0.00832	0.00555	0.00624	0.00624	0.00624	0.00555	0.00347	0.00832	0.00832	0.01109	0.01802	0.03743	0.02080	0.79898	0.02911	0.00555	0.00555	0.00832	0.00347	0.00347
9	0.00949	0.00497	0.00733	0.00753	0.00758	0.00492	0.00502	0.00753	0.00798	0.01064	0.01318	0.13422	0.01413	0.01958	0.02009	0.70873	0.00472	0.00666	0.00291	0.00281
10	0.01406	0.01387	0.02480	0.03346	0.65315	0.01372	0.12644	0.01767	0.01310	0.01863	0.01088	0.01435	0.00900	0.00506	0.00583	0.00173	0.00722	0.00534	0.00284	0.00886
11	0.01030	0.00596	0.00800	0.00840	0.00958	0.00547	0.00608	0.01179	0.01259	0.13859	0.11486	0.53388	0.03553	0.01529	0.00702	0.00219	0.00362	0.05952	0.00571	0.00560
12	0.01039	0.00776	0.00923	0.00845	0.01033	0.00780	0.00643	0.12194	0.07439	0.02339	0.44849	0.13754	0.08790	0.01167	0.00659	0.00188	0.00348	0.01016	0.00598	0.00620
13	0.00706	0.00505	0.00672	0.00790	0.00832	0.00471	0.00532	0.00819	0.01137	0.01526	0.08944	0.73544	0.03911	0.01743	0.00726	0.00228	0.00327	0.01579	0.00539	0.00471
14	0.00764	0.00549	0.00726	0.00769	0.00858	0.00511	0.00553	0.00956	0.01368	0.01890	0.39761	0.38419	0.04572	0.01470	0.00705	0.00207	0.00309	0.04527	0.00580	0.00505
15	0.00729	0.00514	0.00671	0.00784	0.00817	0.00488	0.00523	0.00822	0.01067	0.01420	0.02943	0.64417	0.03502	0.13512	0.01061	0.00282	0.00375	0.05119	0.00503	0.00450
16	0.01335	0.01105	0.01266	0.00918	0.01418	0.00914	0.00739	0.12402	0.01412	0.02125	0.01070	0.01214	0.00866	0.00463	0.00446	0.00098	0.00455	0.00365	0.00374	0.71015
17	0.05372	0.34221	0.06075	0.01082	0.01492	0.05365	0.00983	0.20888	0.01531	0.03660	0.01028	0.01206	0.00846	0.00781	0.00723	0.12645	0.00621	0.00405	0.00350	0.00727

[dist]
# distance from previous block
# <min> <max>
10	688

# created by:
# /software/SequenceAnalysis/GenePrediction/augustus/3.0.1/scripts/msa2prfl.pl ./fixed/BUSCOvEOG77M3B7.fas
