[name]
unknown

[dist]
# distance from previous block
# <min> <max>
10	377

[block]
# block no. 0 follows, 40 sequences, length 17
# corresponding to MSA columns:
# 406-422
name=unknown_A
#
# <colnr> <probs for GDERKNQSTAVLIFYWHMCP>
#	G	D	E	R	K	N	Q	S	T	A	V	L	I	F	Y	W	H	M	C	P
0	0.01439	0.01382	0.02360	0.03569	0.75936	0.01382	0.01785	0.01785	0.01324	0.01900	0.01094	0.01439	0.00921	0.00518	0.00576	0.00173	0.00691	0.00518	0.00288	0.00921
1	0.01462	0.61593	0.20557	0.01153	0.01737	0.02075	0.01270	0.01765	0.01193	0.01481	0.00864	0.01003	0.00744	0.00511	0.00416	0.00139	0.00678	0.00339	0.00248	0.00773
2	0.01045	0.00614	0.00723	0.00684	0.00742	0.00596	0.00419	0.01084	0.00977	0.09748	0.05400	0.03623	0.02198	0.66853	0.02581	0.00502	0.00542	0.00826	0.00408	0.00434
3	0.01098	0.01034	0.01744	0.78165	0.04005	0.01292	0.01615	0.01486	0.01163	0.01486	0.01034	0.01550	0.00775	0.00581	0.00581	0.00194	0.00775	0.00517	0.00258	0.00646
4	0.10938	0.64911	0.02700	0.01009	0.01453	0.02147	0.00974	0.01712	0.01137	0.01513	0.00805	0.00960	0.00734	0.00542	0.00488	0.00141	0.06522	0.00326	0.00262	0.00725
5	0.01462	0.01399	0.01834	0.01531	0.01640	0.04667	0.04023	0.13176	0.01236	0.01784	0.00887	0.01295	0.00804	0.00930	0.01594	0.00235	0.59980	0.00513	0.00311	0.00700
6	0.02476	0.01019	0.01346	0.01052	0.01488	0.00922	0.00862	0.02863	0.10051	0.67873	0.02303	0.02001	0.01478	0.00728	0.00586	0.00182	0.00491	0.00593	0.00705	0.00982
7	0.01166	0.03008	0.76550	0.01657	0.02517	0.01351	0.02149	0.01842	0.01228	0.01842	0.01044	0.01228	0.00737	0.00552	0.00552	0.00184	0.00859	0.00430	0.00246	0.00859
8	0.01373	0.01569	0.03431	0.02451	0.03039	0.01471	0.73824	0.01863	0.01373	0.01863	0.01176	0.01569	0.00882	0.00490	0.00686	0.00196	0.00980	0.00686	0.00294	0.00784
9	0.01373	0.01569	0.03431	0.02451	0.03039	0.01471	0.73824	0.01863	0.01373	0.01863	0.01176	0.01569	0.00882	0.00490	0.00686	0.00196	0.00980	0.00686	0.00294	0.00784
10	0.01272	0.01272	0.01781	0.01527	0.01527	0.01781	0.01272	0.01399	0.00891	0.01399	0.00763	0.01272	0.00763	0.01018	0.01908	0.00254	0.78499	0.00509	0.00254	0.00636
11	0.00700	0.00580	0.00613	0.00625	0.00798	0.00493	0.00461	0.00852	0.01326	0.01619	0.10885	0.13930	0.62132	0.01491	0.00693	0.00200	0.00298	0.01263	0.00548	0.00493
12	0.02609	0.00990	0.01350	0.01035	0.01484	0.00855	0.00855	0.02834	0.01664	0.76338	0.02294	0.01979	0.01439	0.00720	0.00585	0.00180	0.00495	0.00585	0.00720	0.00990
13	0.02609	0.00990	0.01350	0.01035	0.01484	0.00855	0.00855	0.02834	0.01664	0.76338	0.02294	0.01979	0.01439	0.00720	0.00585	0.00180	0.00495	0.00585	0.00720	0.00990
14	0.01373	0.01569	0.03431	0.02451	0.03039	0.01471	0.73824	0.01863	0.01373	0.01863	0.01176	0.01569	0.00882	0.00490	0.00686	0.00196	0.00980	0.00686	0.00294	0.00784
15	0.01373	0.01569	0.03431	0.02451	0.03039	0.01471	0.73824	0.01863	0.01373	0.01863	0.01176	0.01569	0.00882	0.00490	0.00686	0.00196	0.00980	0.00686	0.00294	0.00784
16	0.01408	0.01568	0.10858	0.03350	0.67526	0.01378	0.01826	0.01791	0.01313	0.01893	0.01088	0.01415	0.00900	0.00522	0.00573	0.00174	0.00710	0.00508	0.00283	0.00914

[dist]
# distance from previous block
# <min> <max>
4	36

# created by:
# /software/SequenceAnalysis/GenePrediction/augustus/3.0.1/scripts/msa2prfl.pl ./fixed/BUSCOvEOG71K0TV.fas
