[name]
unknown

[dist]
# distance from previous block
# <min> <max>
5	80

[block]
# block no. 0 follows, 41 sequences, length 10
# corresponding to MSA columns:
# 94-103
name=unknown_A
#
# <colnr> <probs for GDERKNQSTAVLIFYWHMCP>
#	G	D	E	R	K	N	Q	S	T	A	V	L	I	F	Y	W	H	M	C	P
0	0.00697	0.00498	0.00664	0.00796	0.00830	0.00465	0.00531	0.00796	0.01095	0.01460	0.03153	0.79525	0.03783	0.01792	0.00730	0.00232	0.00332	0.01626	0.00531	0.00465
1	0.00768	0.00597	0.00710	0.00738	0.00896	0.00539	0.00584	0.00969	0.01369	0.01752	0.20789	0.08542	0.39009	0.01433	0.00706	0.00209	0.00346	0.18984	0.00552	0.00506
2	0.01186	0.01017	0.01186	0.00847	0.01356	0.00762	0.00678	0.01440	0.01186	0.01864	0.01017	0.01186	0.00847	0.00424	0.00424	0.00085	0.00424	0.00339	0.00339	0.83395
3	0.02244	0.02288	0.01548	0.01360	0.01691	0.58433	0.01039	0.02410	0.01625	0.20211	0.01227	0.01260	0.00906	0.00619	0.00531	0.00155	0.00895	0.00420	0.00398	0.00741
4	0.01248	0.00682	0.00905	0.00794	0.01006	0.00615	0.00615	0.01506	0.01624	0.20881	0.57606	0.03692	0.04403	0.01054	0.00650	0.00179	0.00324	0.00920	0.00649	0.00648
5	0.00952	0.00584	0.00807	0.00854	0.00953	0.00572	0.00614	0.01092	0.01116	0.10475	0.02640	0.50901	0.02911	0.02285	0.19915	0.00397	0.00650	0.01247	0.00496	0.00537
6	0.00890	0.00549	0.00601	0.00601	0.00634	0.00549	0.00360	0.00957	0.00924	0.01365	0.01818	0.03341	0.01926	0.60112	0.02284	0.00449	0.00483	0.00757	0.21005	0.00393
7	0.00868	0.00659	0.00904	0.20110	0.01491	0.00716	0.00692	0.00982	0.00960	0.01264	0.01862	0.17579	0.02074	0.45258	0.01913	0.00402	0.00564	0.00902	0.00359	0.00441
8	0.03499	0.00633	0.00670	0.00655	0.00856	0.00564	0.00503	0.01025	0.03633	0.04026	0.13089	0.05050	0.57622	0.01350	0.00665	0.00194	0.00315	0.04581	0.00543	0.00524
9	0.00832	0.00555	0.00624	0.00624	0.00624	0.00555	0.00347	0.00832	0.00832	0.01109	0.01802	0.03743	0.02080	0.79898	0.02911	0.00555	0.00555	0.00832	0.00347	0.00347

[dist]
# distance from previous block
# <min> <max>
0	2

[block]
# block no. 1 follows, 41 sequences, length 15
# corresponding to MSA columns:
# 106-120
name=unknown_B
#
# <colnr> <probs for GDERKNQSTAVLIFYWHMCP>
#	G	D	E	R	K	N	Q	S	T	A	V	L	I	F	Y	W	H	M	C	P
0	0.01135	0.00825	0.00976	0.00951	0.01110	0.00853	0.00696	0.22641	0.01568	0.02096	0.02625	0.56338	0.02949	0.01464	0.00683	0.00214	0.00420	0.01296	0.00543	0.00615
1	0.00760	0.00531	0.00678	0.00772	0.00805	0.00511	0.00516	0.00847	0.01040	0.01382	0.02739	0.49571	0.03227	0.24943	0.01383	0.00331	0.00418	0.08634	0.00476	0.00436
2	0.01099	0.00807	0.01525	0.01239	0.01411	0.00779	0.22379	0.01068	0.00925	0.01242	0.01042	0.01681	0.00956	0.01541	0.01773	0.58684	0.00635	0.00550	0.00261	0.00404
3	0.01238	0.01138	0.01906	0.02742	0.53987	0.01168	0.01447	0.01538	0.01189	0.01708	0.01211	0.01662	0.01061	0.01631	0.23431	0.00392	0.00932	0.00540	0.00290	0.00789
4	0.00697	0.00498	0.00664	0.00796	0.00830	0.00465	0.00531	0.00796	0.01095	0.01460	0.03153	0.79525	0.03783	0.01792	0.00730	0.00232	0.00332	0.01626	0.00531	0.00465
5	0.01186	0.01017	0.01186	0.00847	0.01356	0.00762	0.00678	0.01440	0.01186	0.01864	0.01017	0.01186	0.00847	0.00424	0.00424	0.00085	0.00424	0.00339	0.00339	0.83395
6	0.01305	0.00927	0.01020	0.00885	0.01052	0.00987	0.00626	0.27299	0.01519	0.02032	0.01744	0.08291	0.01803	0.45840	0.01914	0.00394	0.00566	0.00774	0.00441	0.00580
7	0.02157	0.00986	0.01285	0.00967	0.01429	0.00817	0.00792	0.02388	0.01503	0.54515	0.01889	0.01721	0.01247	0.00624	0.00530	0.00150	0.00468	0.00505	0.00598	0.25427
8	0.01100	0.01593	0.24032	0.55710	0.03505	0.01288	0.01744	0.01565	0.01163	0.01565	0.01020	0.01431	0.00751	0.00563	0.00563	0.00188	0.00787	0.00483	0.00250	0.00698
9	0.02096	0.01000	0.01284	0.00975	0.01431	0.00848	0.00796	0.02401	0.05391	0.50592	0.01892	0.01731	0.01265	0.00627	0.00531	0.00151	0.00466	0.00509	0.00592	0.25423
10	0.01354	0.01314	0.02129	0.05863	0.51284	0.01472	0.01599	0.01631	0.01170	0.01707	0.00977	0.01371	0.00854	0.00658	0.00955	0.00195	0.23875	0.00507	0.00272	0.00812
11	0.00716	0.00581	0.00634	0.00621	0.00797	0.00500	0.00466	0.00898	0.01397	0.01767	0.26632	0.05139	0.55122	0.01366	0.00676	0.00189	0.00284	0.01156	0.00560	0.00500
12	0.01397	0.01143	0.01587	0.42297	0.02791	0.01357	0.01290	0.23072	0.01583	0.02137	0.01201	0.01551	0.00912	0.00828	0.04684	0.00222	0.04169	0.00517	0.06540	0.00721
13	0.01001	0.00760	0.01113	0.23849	0.01855	0.00786	0.02882	0.01263	0.01356	0.07545	0.24083	0.10232	0.18929	0.01055	0.00642	0.00191	0.00462	0.00924	0.00484	0.00589
14	0.01457	0.01246	0.01313	0.01171	0.01501	0.01439	0.00914	0.06331	0.71949	0.02449	0.02284	0.02099	0.01710	0.00772	0.00582	0.00193	0.00461	0.00641	0.00582	0.00908

[dist]
# distance from previous block
# <min> <max>
0	7

[block]
# block no. 2 follows, 41 sequences, length 18
# corresponding to MSA columns:
# 128-145
name=unknown_C
#
# <colnr> <probs for GDERKNQSTAVLIFYWHMCP>
#	G	D	E	R	K	N	Q	S	T	A	V	L	I	F	Y	W	H	M	C	P
0	0.02165	0.01600	0.01717	0.01319	0.01780	0.01748	0.01084	0.71046	0.02642	0.03556	0.01393	0.01415	0.01002	0.00700	0.00582	0.00175	0.00633	0.00519	0.00574	0.04350
1	0.02293	0.01482	0.01651	0.01271	0.01727	0.01579	0.01045	0.57866	0.02466	0.20118	0.01607	0.01552	0.01107	0.00715	0.00588	0.00180	0.00609	0.00540	0.00614	0.00990
2	0.01222	0.01042	0.01211	0.00872	0.01381	0.00784	0.00694	0.01465	0.01209	0.01896	0.01053	0.01237	0.00882	0.00449	0.00440	0.00092	0.00436	0.00351	0.00351	0.82931
3	0.00830	0.00706	0.00745	0.00667	0.00933	0.00569	0.00507	0.00989	0.01299	0.01651	0.04726	0.04556	0.58722	0.01237	0.00634	0.00175	0.00334	0.01019	0.00499	0.19202
4	0.00840	0.00570	0.00661	0.00689	0.00700	0.00557	0.00406	0.00852	0.00916	0.01225	0.02139	0.20870	0.02491	0.61844	0.02421	0.00486	0.00516	0.01021	0.00401	0.00394
5	0.00947	0.00796	0.00863	0.00762	0.01041	0.00705	0.00583	0.01322	0.11526	0.01848	0.11728	0.03961	0.40950	0.01114	0.00621	0.00174	0.00354	0.00923	0.00517	0.19266
6	0.01447	0.01196	0.01295	0.01111	0.01482	0.01270	0.00866	0.02685	0.55442	0.05059	0.02059	0.01959	0.01561	0.00717	0.00561	0.00175	0.00460	0.00585	0.00543	0.19529
7	0.00840	0.00570	0.00661	0.00689	0.00700	0.00557	0.00406	0.00852	0.00916	0.01225	0.02139	0.20870	0.02491	0.61844	0.02421	0.00486	0.00516	0.01021	0.00401	0.00394
8	0.00829	0.00615	0.00888	0.00916	0.01006	0.00680	0.00689	0.00998	0.00983	0.01393	0.01931	0.19720	0.01992	0.03729	0.59854	0.00767	0.01268	0.00852	0.00370	0.00520
9	0.00749	0.00608	0.00692	0.00702	0.00863	0.00557	0.00524	0.00893	0.01220	0.01523	0.04605	0.11426	0.52376	0.02139	0.18051	0.00367	0.00587	0.01118	0.00492	0.00507
10	0.00883	0.00762	0.01303	0.01186	0.01346	0.00709	0.17174	0.01059	0.01176	0.01579	0.02727	0.61531	0.03143	0.01514	0.00732	0.00230	0.00488	0.01417	0.00488	0.00554
11	0.00862	0.00622	0.00801	0.00755	0.00893	0.00571	0.00562	0.01116	0.01646	0.02334	0.75487	0.04317	0.05408	0.01197	0.00695	0.00189	0.00288	0.01046	0.00644	0.00566
12	0.01035	0.00711	0.00785	0.00738	0.00794	0.00723	0.00454	0.09181	0.01075	0.01441	0.01797	0.03524	0.01992	0.70361	0.02650	0.00517	0.00579	0.00809	0.00389	0.00445
13	0.01016	0.00737	0.00909	0.00822	0.00997	0.00710	0.00624	0.09399	0.01767	0.02482	0.67056	0.03989	0.04908	0.01143	0.00683	0.00188	0.00329	0.00987	0.00638	0.00615
14	0.00864	0.00619	0.00785	0.00744	0.00867	0.00572	0.00540	0.01088	0.01557	0.02200	0.67105	0.04257	0.05033	0.10089	0.00947	0.00231	0.00321	0.01023	0.00612	0.00544
15	0.02430	0.01042	0.01362	0.01045	0.01497	0.00904	0.00854	0.06027	0.01663	0.64288	0.02115	0.01897	0.01373	0.00707	0.00579	0.00175	0.00503	0.00561	0.00674	0.10304
16	0.01002	0.00608	0.00802	0.00868	0.00966	0.00556	0.00612	0.01118	0.01229	0.11088	0.06280	0.62396	0.03555	0.01640	0.00730	0.00233	0.00376	0.04806	0.00573	0.00562
17	0.00862	0.00622	0.00801	0.00755	0.00893	0.00571	0.00562	0.01116	0.01646	0.02334	0.75487	0.04317	0.05408	0.01197	0.00695	0.00189	0.00288	0.01046	0.00644	0.00566

[dist]
# distance from previous block
# <min> <max>
6	48

[block]
# block no. 3 follows, 41 sequences, length 25
# corresponding to MSA columns:
# 194-218
name=unknown_D
#
# <colnr> <probs for GDERKNQSTAVLIFYWHMCP>
#	G	D	E	R	K	N	Q	S	T	A	V	L	I	F	Y	W	H	M	C	P
0	0.66242	0.01137	0.01036	0.00913	0.01191	0.01383	0.00755	0.01616	0.00953	0.02312	0.00787	0.00998	0.00648	0.00632	0.00680	0.00193	0.17224	0.00351	0.00332	0.00621
1	0.01095	0.01020	0.01476	0.17774	0.01848	0.01320	0.01130	0.01314	0.01135	0.01644	0.21245	0.02130	0.02015	0.00955	0.01271	0.00218	0.40804	0.00647	0.00354	0.00604
2	0.00797	0.00507	0.00628	0.00725	0.00785	0.00483	0.00495	0.00942	0.01123	0.01643	0.02803	0.58513	0.03154	0.01486	0.00640	0.00205	0.00314	0.01329	0.22941	0.00483
3	0.01533	0.02420	0.56408	0.01464	0.02200	0.01196	0.01768	0.02076	0.01324	0.22150	0.01360	0.01408	0.00912	0.00588	0.00552	0.00180	0.00748	0.00464	0.00368	0.00880
4	0.01695	0.01318	0.01459	0.01088	0.01571	0.01283	0.00888	0.38989	0.01959	0.02760	0.01200	0.01282	0.00912	0.00559	0.00500	0.00129	0.00529	0.00429	0.00459	0.40990
5	0.01748	0.01292	0.02033	0.02778	0.53957	0.03311	0.01489	0.02050	0.01402	0.22179	0.01391	0.01549	0.01040	0.00566	0.00567	0.00171	0.00637	0.00524	0.00399	0.00918
6	0.02118	0.01379	0.01740	0.01705	0.17645	0.01432	0.01163	0.39422	0.02107	0.23085	0.01549	0.01538	0.01079	0.00655	0.00572	0.00173	0.00601	0.00530	0.00547	0.00959
7	0.01711	0.01260	0.01525	0.01573	0.17430	0.01348	0.01044	0.39027	0.01988	0.02834	0.01443	0.01588	0.01092	0.00643	0.00524	0.00161	0.00542	0.00519	0.22909	0.00839
8	0.01361	0.00854	0.01174	0.01340	0.17138	0.00773	0.00838	0.01581	0.01426	0.22100	0.10855	0.03540	0.32652	0.01019	0.00625	0.00182	0.00425	0.00869	0.00536	0.00712
9	0.01363	0.01322	0.02153	0.04703	0.54338	0.01464	0.01615	0.01646	0.01183	0.01726	0.00986	0.01374	0.00861	0.00645	0.00922	0.00192	0.21904	0.00507	0.00274	0.00824
10	0.01179	0.01080	0.01682	0.39832	0.18668	0.01136	0.01355	0.01504	0.01181	0.01649	0.01029	0.01414	0.00821	0.00546	0.00564	0.01813	0.00647	0.00462	0.00283	0.23154
11	0.18969	0.00971	0.01037	0.00890	0.01157	0.01032	0.00705	0.21115	0.01761	0.02691	0.38208	0.04268	0.03141	0.00914	0.00579	0.00178	0.00406	0.00750	0.00553	0.00673
12	0.18645	0.00769	0.00843	0.00801	0.01032	0.00721	0.00590	0.01161	0.01094	0.01806	0.02068	0.41435	0.02309	0.01151	0.00566	0.00180	0.00380	0.00995	0.00441	0.23013
13	0.19982	0.01002	0.01223	0.00961	0.01384	0.00935	0.00793	0.02551	0.01495	0.60854	0.01944	0.01729	0.01245	0.00670	0.00528	0.00177	0.00477	0.00518	0.00632	0.00898
14	0.00901	0.00792	0.00987	0.17334	0.01609	0.00727	0.00748	0.01126	0.01238	0.01614	0.03475	0.03480	0.39544	0.00983	0.00585	0.00163	0.00427	0.00822	0.00420	0.23025
15	0.41485	0.01169	0.01074	0.00964	0.01302	0.01355	0.00767	0.02380	0.39212	0.02477	0.01584	0.01549	0.01199	0.00657	0.00471	0.00186	0.00448	0.00483	0.00471	0.00767
16	0.01757	0.01509	0.01369	0.01207	0.01543	0.17634	0.00938	0.02838	0.47815	0.14000	0.02008	0.01868	0.01478	0.00725	0.00567	0.00181	0.00582	0.00576	0.00541	0.00864
17	0.23671	0.00944	0.00989	0.00856	0.01120	0.01006	0.00679	0.16940	0.01673	0.02648	0.39626	0.02744	0.03153	0.00893	0.00566	0.00177	0.00394	0.00727	0.00543	0.00654
18	0.00868	0.00667	0.00833	0.00824	0.00997	0.00580	0.00585	0.02893	0.01161	0.01626	0.02526	0.56217	0.02913	0.01392	0.00643	0.00191	0.00365	0.01248	0.00480	0.22993
19	0.02322	0.01366	0.01570	0.01204	0.01656	0.01423	0.00995	0.47492	0.02294	0.31094	0.01705	0.01589	0.01139	0.00695	0.00573	0.00174	0.00576	0.00538	0.00623	0.00973
20	0.00830	0.00639	0.00806	0.00810	0.00972	0.00545	0.00571	0.00971	0.01120	0.01570	0.02573	0.58256	0.02986	0.01420	0.00647	0.00192	0.00357	0.01277	0.00479	0.22979
21	0.05375	0.00978	0.01311	0.01009	0.01448	0.00856	0.00833	0.02749	0.01614	0.74167	0.02206	0.01912	0.01388	0.00702	0.00568	0.00177	0.00485	0.00566	0.00696	0.00961
22	0.01292	0.00800	0.01079	0.00921	0.01206	0.00755	0.00732	0.01513	0.01145	0.17610	0.01547	0.01895	0.01269	0.02474	0.40178	0.00534	0.01007	0.00530	0.00401	0.23112
23	0.02273	0.01672	0.01590	0.01269	0.01687	0.17749	0.01024	0.39535	0.02175	0.22985	0.01508	0.01456	0.01043	0.00672	0.00561	0.00168	0.00677	0.00500	0.00550	0.00907
24	0.00801	0.00569	0.00727	0.00730	0.00851	0.00519	0.00531	0.01008	0.01439	0.03583	0.46238	0.24800	0.13343	0.01362	0.00688	0.00196	0.00294	0.01206	0.00593	0.00522

[dist]
# distance from previous block
# <min> <max>
86	230

# created by:
# /software/SequenceAnalysis/GenePrediction/augustus/3.0.1/scripts/msa2prfl.pl ./fixed/BUSCOvEOG7STTJS.fas
