[name]
unknown

[dist]
# distance from previous block
# <min> <max>
12	84

[block]
# block no. 0 follows, 40 sequences, length 24
# corresponding to MSA columns:
# 97-120
name=unknown_A
#
# <colnr> <probs for GDERKNQSTAVLIFYWHMCP>
#	G	D	E	R	K	N	Q	S	T	A	V	L	I	F	Y	W	H	M	C	P
0	0.06340	0.04835	0.01451	0.01385	0.11838	0.01162	0.00971	0.02236	0.23673	0.15418	0.04747	0.02270	0.01647	0.00754	0.00566	0.00177	0.00502	0.07308	0.00505	0.12215
1	0.01998	0.02474	0.01380	0.01102	0.01490	0.01197	0.00890	0.16168	0.23098	0.32631	0.05802	0.03611	0.03880	0.00798	0.00594	0.00185	0.00495	0.00652	0.00636	0.00919
2	0.00787	0.00570	0.00637	0.00643	0.00716	0.00534	0.00411	0.00864	0.01083	0.01398	0.10111	0.09785	0.24366	0.43442	0.01913	0.00395	0.00440	0.01036	0.00449	0.00421
3	0.20094	0.01570	0.04531	0.03514	0.01692	0.06626	0.01023	0.41202	0.06143	0.02990	0.01438	0.01479	0.03856	0.00682	0.00532	0.00177	0.00615	0.00498	0.00489	0.00849
4	0.02214	0.02191	0.01671	0.01404	0.01782	0.41343	0.01100	0.32227	0.02102	0.06719	0.01187	0.01248	0.00889	0.00647	0.00552	0.00162	0.00846	0.00449	0.00442	0.00824
5	0.00867	0.00678	0.00796	0.00752	0.00930	0.00649	0.00568	0.01285	0.11038	0.02141	0.47454	0.04398	0.23828	0.01213	0.00674	0.00188	0.00304	0.01048	0.00607	0.00581
6	0.83671	0.01125	0.00855	0.00765	0.01125	0.01305	0.00630	0.01709	0.00990	0.02609	0.00810	0.00945	0.00630	0.00540	0.00360	0.00180	0.00450	0.00315	0.00360	0.00630
7	0.01144	0.01081	0.01828	0.68062	0.13748	0.01304	0.01638	0.01526	0.01185	0.01542	0.01042	0.01535	0.00795	0.00573	0.00581	0.00191	0.00764	0.00517	0.00262	0.00683
8	0.01404	0.01346	0.02298	0.11178	0.68599	0.01373	0.01767	0.01754	0.01308	0.01858	0.01088	0.01451	0.00906	0.00525	0.00576	0.00175	0.00699	0.00518	0.00285	0.00893
9	0.01324	0.01041	0.01047	0.01022	0.01259	0.00866	0.00722	0.01298	0.01680	0.02124	0.06024	0.06003	0.69185	0.01781	0.00926	0.00303	0.00515	0.01347	0.00722	0.00811
10	0.06138	0.01401	0.01592	0.04296	0.02953	0.05635	0.02617	0.26444	0.01689	0.02408	0.01093	0.01286	0.00866	0.00655	0.00771	0.00164	0.14977	0.00454	0.00402	0.24160
11	0.01406	0.06391	0.24157	0.01627	0.02103	0.01492	0.15835	0.08557	0.01323	0.05990	0.01137	0.01427	0.00890	0.00956	0.06787	0.00255	0.18039	0.00524	0.00321	0.00782
12	0.04331	0.01011	0.01644	0.64592	0.06692	0.01226	0.01483	0.01471	0.01209	0.01628	0.08080	0.01786	0.01221	0.00634	0.00582	0.00191	0.00711	0.00559	0.00300	0.00648
13	0.00804	0.00889	0.08462	0.00838	0.01085	0.00669	0.03222	0.01031	0.01330	0.01708	0.15236	0.10858	0.46039	0.01315	0.00726	0.00199	0.03421	0.01109	0.00505	0.00551
14	0.00712	0.00576	0.00632	0.00647	0.00808	0.00497	0.00474	0.00871	0.01341	0.01675	0.16243	0.17388	0.53134	0.01486	0.00696	0.00201	0.00298	0.01269	0.00555	0.00497
15	0.01288	0.01352	0.02381	0.10949	0.02374	0.01609	0.27877	0.01579	0.01099	0.01579	0.00947	0.01414	0.00808	0.00773	0.01304	0.00226	0.40904	0.00575	0.00269	0.00692
16	0.00815	0.00587	0.00776	0.00776	0.00896	0.00548	0.00584	0.01061	0.01531	0.02138	0.57008	0.16707	0.05018	0.01331	0.00706	0.00200	0.00309	0.07859	0.00614	0.00535
17	0.00749	0.00553	0.00653	0.00715	0.00792	0.00511	0.00484	0.00846	0.01118	0.01432	0.03627	0.35058	0.24162	0.21455	0.01293	0.00309	0.00393	0.04909	0.00492	0.00450
18	0.09048	0.47211	0.09482	0.01135	0.01629	0.10051	0.01099	0.11152	0.01419	0.01827	0.00916	0.01034	0.00767	0.00543	0.00432	0.00144	0.00677	0.00357	0.00307	0.00770
19	0.01306	0.05199	0.59454	0.01568	0.02326	0.01322	0.05042	0.03847	0.01327	0.07392	0.04942	0.01452	0.01044	0.00597	0.00562	0.00182	0.00794	0.00483	0.00312	0.00850
20	0.05775	0.08101	0.08089	0.04466	0.27470	0.09122	0.10816	0.02052	0.08193	0.08493	0.01266	0.01452	0.00976	0.00570	0.00558	0.00174	0.00724	0.00510	0.00353	0.00842
21	0.76007	0.01112	0.00901	0.00790	0.01159	0.01262	0.00651	0.01816	0.01053	0.09580	0.00950	0.01042	0.00706	0.00557	0.00381	0.00180	0.00454	0.00340	0.00394	0.00664
22	0.01729	0.02678	0.28151	0.01512	0.02006	0.42564	0.01461	0.03437	0.04170	0.01678	0.02855	0.01368	0.00961	0.00629	0.00548	0.00168	0.00922	0.02105	0.00310	0.00748
23	0.01712	0.56651	0.02671	0.01215	0.04776	0.12232	0.01060	0.10639	0.01440	0.01679	0.00905	0.01027	0.00784	0.00536	0.00428	0.00136	0.00684	0.00354	0.00298	0.00774

[dist]
# distance from previous block
# <min> <max>
0	2

[block]
# block no. 1 follows, 40 sequences, length 10
# corresponding to MSA columns:
# 123-132
name=unknown_B
#
# <colnr> <probs for GDERKNQSTAVLIFYWHMCP>
#	G	D	E	R	K	N	Q	S	T	A	V	L	I	F	Y	W	H	M	C	P
0	0.01653	0.08705	0.01627	0.01286	0.01544	0.29872	0.01024	0.05496	0.06640	0.03202	0.07610	0.04076	0.01416	0.00794	0.00816	0.00178	0.16188	0.01950	0.00374	0.05549
1	0.00955	0.00699	0.00996	0.01172	0.04727	0.00697	0.00958	0.01227	0.01354	0.01778	0.06644	0.06205	0.03340	0.01534	0.00787	0.00259	0.00530	0.65056	0.00529	0.00554
2	0.01287	0.01314	0.02016	0.01658	0.01742	0.01737	0.11592	0.01465	0.00959	0.01465	0.00822	0.01314	0.00780	0.00943	0.01735	0.00246	0.67472	0.00534	0.00260	0.00657
3	0.01137	0.01110	0.01984	0.67395	0.03868	0.01317	0.11886	0.01539	0.01193	0.01539	0.01054	0.01553	0.00790	0.00568	0.00596	0.00194	0.00804	0.00541	0.00263	0.00666
4	0.02581	0.01034	0.01377	0.01056	0.01507	0.00920	0.00872	0.07762	0.01739	0.71305	0.02232	0.01939	0.01408	0.00718	0.00585	0.00180	0.00505	0.00581	0.00710	0.00990
5	0.01602	0.57232	0.12638	0.01164	0.01678	0.14228	0.01170	0.01848	0.01263	0.01440	0.00854	0.00991	0.00745	0.00521	0.00421	0.00136	0.00722	0.00337	0.00257	0.00750
6	0.01178	0.00703	0.00911	0.00812	0.01016	0.00656	0.00625	0.01524	0.05957	0.15540	0.58237	0.03794	0.04547	0.01082	0.00662	0.00183	0.00325	0.00945	0.00651	0.00649
7	0.00689	0.00582	0.00597	0.00609	0.00791	0.00489	0.00451	0.00832	0.01307	0.01563	0.05653	0.12117	0.69333	0.01504	0.00692	0.00200	0.00298	0.01265	0.00540	0.00489
8	0.01130	0.01337	0.12426	0.62343	0.08556	0.01306	0.01702	0.01556	0.01183	0.01564	0.01039	0.01497	0.00779	0.00573	0.00577	0.00191	0.00782	0.00504	0.00259	0.00695
9	0.00722	0.00525	0.00683	0.00796	0.00854	0.00486	0.00547	0.00843	0.01171	0.01549	0.07481	0.65655	0.10270	0.01747	0.00737	0.00231	0.00338	0.04338	0.00545	0.00481

[dist]
# distance from previous block
# <min> <max>
0	1

[block]
# block no. 2 follows, 40 sequences, length 43
# corresponding to MSA columns:
# 134-176
name=unknown_C
#
# <colnr> <probs for GDERKNQSTAVLIFYWHMCP>
#	G	D	E	R	K	N	Q	S	T	A	V	L	I	F	Y	W	H	M	C	P
0	0.01015	0.00670	0.00931	0.01032	0.01175	0.00657	0.00880	0.01263	0.01343	0.06438	0.04915	0.13956	0.03335	0.01563	0.00780	0.00257	0.00505	0.58177	0.00550	0.00558
1	0.01764	0.45789	0.12102	0.01164	0.01671	0.13420	0.01142	0.02014	0.01334	0.13160	0.01085	0.01152	0.00854	0.00555	0.00453	0.00145	0.00698	0.00379	0.00330	0.00788
2	0.01256	0.02618	0.58674	0.01893	0.09983	0.01354	0.08327	0.01896	0.03216	0.03767	0.01127	0.01323	0.00814	0.00554	0.00568	0.00184	0.00833	0.00471	0.00275	0.00864
3	0.01204	0.01293	0.05981	0.46359	0.05400	0.01371	0.18216	0.01694	0.05768	0.01657	0.01138	0.01560	0.00863	0.00591	0.00667	0.00196	0.04482	0.00560	0.00287	0.00713
4	0.16918	0.54208	0.05891	0.01066	0.03081	0.04136	0.01004	0.01772	0.01167	0.03185	0.00858	0.00993	0.00743	0.00529	0.00430	0.00144	0.02528	0.00334	0.00282	0.00734
5	0.00709	0.00506	0.00675	0.00810	0.00843	0.00472	0.00540	0.00810	0.01113	0.01484	0.03205	0.79184	0.03846	0.01822	0.00742	0.00236	0.00337	0.01653	0.00540	0.00472
6	0.01211	0.01145	0.01938	0.49413	0.29728	0.01303	0.01648	0.01576	0.01219	0.01634	0.01111	0.03509	0.00907	0.00591	0.00583	0.00187	0.00734	0.00547	0.00276	0.00740
7	0.00709	0.00506	0.00675	0.00810	0.00843	0.00472	0.00540	0.00810	0.01113	0.01484	0.03205	0.79184	0.03846	0.01822	0.00742	0.00236	0.00337	0.01653	0.00540	0.00472
8	0.00823	0.00594	0.00777	0.00732	0.00869	0.00549	0.00549	0.01097	0.01646	0.02332	0.75629	0.04344	0.05487	0.01189	0.00686	0.00183	0.00274	0.01052	0.00640	0.00549
9	0.01250	0.01169	0.05098	0.08776	0.19430	0.01057	0.13979	0.01587	0.02600	0.06383	0.03128	0.19191	0.01686	0.00836	0.00617	0.00184	0.00619	0.00797	0.00388	0.11226
10	0.00979	0.00869	0.01393	0.52151	0.02943	0.01026	0.01251	0.01291	0.01212	0.01581	0.09782	0.16725	0.04655	0.00916	0.00627	0.00201	0.00620	0.00817	0.00364	0.00597
11	0.01690	0.26396	0.02092	0.14633	0.05280	0.27165	0.01163	0.07715	0.01483	0.01647	0.02983	0.01349	0.02890	0.00607	0.00502	0.00155	0.00779	0.00437	0.00314	0.00720
12	0.01698	0.08048	0.18888	0.01202	0.01743	0.01275	0.01174	0.09565	0.14495	0.19483	0.01584	0.01559	0.01132	0.00622	0.00534	0.00162	0.00587	0.00491	0.00469	0.15288
13	0.18369	0.03211	0.01531	0.05245	0.03629	0.13648	0.01028	0.30166	0.05947	0.04336	0.01219	0.01320	0.00918	0.00655	0.00580	0.00176	0.04179	0.00462	0.02571	0.00811
14	0.01874	0.01139	0.03435	0.05991	0.05742	0.01115	0.00988	0.06494	0.22671	0.32885	0.08112	0.02186	0.03173	0.00767	0.00595	0.00186	0.00509	0.00640	0.00600	0.00896
15	0.01287	0.24654	0.52006	0.01511	0.02255	0.01625	0.05533	0.01814	0.01222	0.01709	0.00984	0.01162	0.00747	0.00534	0.00509	0.00168	0.00799	0.00409	0.00249	0.00824
16	0.01234	0.01050	0.01221	0.00875	0.01390	0.00804	0.00701	0.03519	0.01249	0.01945	0.01044	0.01211	0.00865	0.00438	0.00435	0.00089	0.00437	0.00350	0.00351	0.80792
17	0.01504	0.01024	0.01236	0.00898	0.01401	0.00792	0.00724	0.01755	0.01303	0.17701	0.01301	0.01370	0.00984	0.00492	0.00463	0.00106	0.00444	0.00396	0.00424	0.65680
18	0.01053	0.01487	0.20985	0.03017	0.01959	0.01018	0.21540	0.01470	0.01382	0.01937	0.23615	0.10885	0.05309	0.00896	0.00656	0.00193	0.00640	0.00850	0.00419	0.00686
19	0.00831	0.00621	0.00923	0.00923	0.01023	0.00721	0.00713	0.01031	0.00931	0.01341	0.01568	0.02343	0.01479	0.07247	0.74408	0.00920	0.01519	0.00632	0.00313	0.00513
20	0.01355	0.01490	0.03118	0.10054	0.13150	0.01441	0.56822	0.01815	0.01345	0.01831	0.01151	0.01549	0.00877	0.00503	0.00661	0.00193	0.00920	0.00646	0.00290	0.00790
21	0.00709	0.00506	0.00675	0.00810	0.00843	0.00472	0.00540	0.00810	0.01113	0.01484	0.03205	0.79184	0.03846	0.01822	0.00742	0.00236	0.00337	0.01653	0.00540	0.00472
22	0.00875	0.00625	0.00866	0.01000	0.01107	0.00616	0.00829	0.01097	0.01277	0.01671	0.03113	0.26292	0.03482	0.01665	0.00787	0.00259	0.00482	0.52902	0.00537	0.00518
23	0.01560	0.01314	0.01444	0.01354	0.06161	0.01496	0.01001	0.13557	0.59600	0.02583	0.02144	0.02009	0.01605	0.00759	0.00589	0.00192	0.00501	0.00629	0.00571	0.00931
24	0.78457	0.01088	0.00835	0.00751	0.01096	0.01256	0.00616	0.01687	0.01004	0.02581	0.00878	0.01022	0.00684	0.00549	0.00363	0.00177	0.00439	0.00329	0.05564	0.00624
25	0.01484	0.01146	0.02936	0.01751	0.19357	0.01133	0.06394	0.10078	0.09567	0.12576	0.05090	0.15767	0.04926	0.00927	0.00665	0.00195	0.02573	0.02146	0.00489	0.00800
26	0.01360	0.01658	0.07956	0.02402	0.03007	0.01463	0.69388	0.01861	0.01364	0.01861	0.01168	0.01548	0.00873	0.00494	0.00678	0.00195	0.00973	0.00670	0.00291	0.00789
27	0.00687	0.00589	0.00589	0.00589	0.00785	0.00491	0.00442	0.00835	0.01325	0.01571	0.05891	0.05596	0.75700	0.01473	0.00687	0.00196	0.00295	0.01227	0.00540	0.00491
28	0.01192	0.01157	0.01617	0.01414	0.01422	0.01587	0.01160	0.01318	0.00910	0.01397	0.01035	0.07909	0.01090	0.03191	0.05737	0.00296	0.66056	0.00619	0.00284	0.00609
29	0.01265	0.02342	0.43384	0.02105	0.08505	0.01398	0.28893	0.01845	0.01289	0.01854	0.01097	0.01372	0.00806	0.00527	0.00604	0.00188	0.00891	0.00533	0.00267	0.00836
30	0.01145	0.02856	0.71766	0.01599	0.02413	0.01300	0.02048	0.01795	0.01254	0.01873	0.05752	0.01424	0.01037	0.00593	0.00561	0.00184	0.00822	0.00469	0.00270	0.00840
31	0.01230	0.01275	0.02482	0.42848	0.07002	0.01371	0.31940	0.01658	0.01258	0.01664	0.01096	0.01553	0.00827	0.00540	0.00625	0.00194	0.00857	0.00588	0.00275	0.00717
32	0.00798	0.00634	0.00994	0.01008	0.01110	0.00596	0.08509	0.00955	0.01159	0.01545	0.02976	0.65094	0.03486	0.01661	0.00741	0.00234	0.00423	0.07055	0.00513	0.00511
33	0.01204	0.01122	0.01918	0.48385	0.25704	0.01275	0.03647	0.01542	0.01192	0.01593	0.01055	0.01531	0.00838	0.00650	0.00689	0.05420	0.00738	0.00521	0.00268	0.00709
34	0.00732	0.00543	0.00726	0.04458	0.00999	0.00519	0.00594	0.00856	0.01140	0.01499	0.03322	0.67217	0.09655	0.01728	0.00732	0.00232	0.00360	0.03678	0.00526	0.00484
35	0.01170	0.01032	0.01726	0.74517	0.03886	0.01271	0.01579	0.01550	0.01187	0.05026	0.01093	0.01571	0.00807	0.00588	0.00582	0.00193	0.00762	0.00520	0.00280	0.00662
36	0.05507	0.07063	0.62203	0.01681	0.07000	0.01392	0.01954	0.01847	0.01228	0.03479	0.01049	0.01226	0.00759	0.00550	0.00535	0.00180	0.00806	0.00426	0.00265	0.00848
37	0.01246	0.01124	0.03290	0.10762	0.28906	0.01124	0.05756	0.03206	0.05975	0.03432	0.01879	0.09155	0.01818	0.00932	0.00655	0.00208	0.00633	0.18745	0.00402	0.00749
38	0.07970	0.06380	0.42122	0.01795	0.05988	0.05459	0.16823	0.03499	0.01298	0.01906	0.01043	0.01266	0.00774	0.00540	0.00556	0.00181	0.00836	0.00471	0.00278	0.00816
39	0.01393	0.01334	0.02276	0.13728	0.66139	0.01369	0.01762	0.01744	0.01302	0.01843	0.01086	0.01454	0.00901	0.00527	0.00576	0.00176	0.00702	0.00518	0.00284	0.00884
40	0.02405	0.05841	0.01408	0.01012	0.01438	0.00918	0.00840	0.02625	0.01613	0.66079	0.05050	0.04873	0.01641	0.00765	0.00581	0.00179	0.00488	0.00625	0.00681	0.00938
41	0.01612	0.01834	0.12586	0.07875	0.23315	0.13428	0.06537	0.12497	0.03412	0.03602	0.01134	0.01376	0.00885	0.00615	0.00676	0.00181	0.06763	0.00500	0.00340	0.00833
42	0.01471	0.01113	0.01340	0.01122	0.06032	0.00974	0.00831	0.14166	0.01510	0.08315	0.01378	0.07564	0.01174	0.00618	0.00504	0.00127	0.00481	0.00511	0.00429	0.50341

[dist]
# distance from previous block
# <min> <max>
0	133

# created by:
# /software/SequenceAnalysis/GenePrediction/augustus/3.0.1/scripts/msa2prfl.pl ./fixed/BUSCOvEOG7R51HG.fas
