[name]
unknown

[dist]
# distance from previous block
# <min> <max>
5	318

[block]
# block no. 0 follows, 41 sequences, length 21
# corresponding to MSA columns:
# 346-366
name=unknown_A
#
# <colnr> <probs for GDERKNQSTAVLIFYWHMCP>
#	G	D	E	R	K	N	Q	S	T	A	V	L	I	F	Y	W	H	M	C	P
0	0.05485	0.08389	0.46643	0.05183	0.09819	0.01349	0.01695	0.04404	0.01222	0.01810	0.01081	0.01432	0.00867	0.07414	0.00730	0.00208	0.00752	0.00460	0.00274	0.00783
1	0.05642	0.04877	0.01901	0.28662	0.16026	0.04175	0.08793	0.05502	0.05964	0.04851	0.01323	0.01862	0.01086	0.00649	0.00576	0.00186	0.00699	0.06137	0.00346	0.00743
2	0.01739	0.11085	0.02051	0.04424	0.01922	0.34936	0.10874	0.06781	0.01430	0.01597	0.00920	0.01174	0.00774	0.00656	0.00810	0.00175	0.17214	0.00445	0.00296	0.00698
3	0.00821	0.00550	0.00627	0.00637	0.00640	0.00548	0.00361	0.00829	0.00852	0.01137	0.01908	0.09665	0.02213	0.73794	0.02741	0.00529	0.00537	0.00894	0.00361	0.00356
4	0.01421	0.08182	0.02258	0.10530	0.06040	0.01625	0.19256	0.12647	0.01345	0.01855	0.01018	0.01402	0.00848	0.02264	0.01055	0.00208	0.26462	0.00537	0.00312	0.00734
5	0.01228	0.00879	0.01067	0.00860	0.01224	0.00715	0.00664	0.03421	0.01278	0.10178	0.05567	0.20549	0.01866	0.00835	0.00532	0.00138	0.00406	0.00720	0.00448	0.47423
6	0.00793	0.00537	0.00640	0.00677	0.00703	0.00519	0.00417	0.00815	0.00940	0.01237	0.02466	0.24956	0.08886	0.45483	0.02057	0.06557	0.00465	0.01062	0.00407	0.00384
7	0.01478	0.01009	0.04035	0.01151	0.06810	0.00937	0.00869	0.15234	0.03042	0.17032	0.33884	0.04655	0.03112	0.00937	0.00627	0.00181	0.00445	0.03226	0.00588	0.00748
8	0.06835	0.11134	0.29292	0.01714	0.11922	0.08011	0.07961	0.05205	0.01359	0.06117	0.04434	0.01385	0.01016	0.00574	0.00532	0.00170	0.00741	0.00471	0.00323	0.00803
9	0.00697	0.00498	0.00664	0.00796	0.00830	0.00465	0.00531	0.00796	0.01095	0.01460	0.03153	0.79525	0.03783	0.01792	0.00730	0.00232	0.00332	0.01626	0.00531	0.00465
10	0.01217	0.01030	0.01222	0.00995	0.05195	0.00838	0.00740	0.06765	0.01311	0.01957	0.01499	0.03036	0.07431	0.00562	0.00469	0.00108	0.00439	0.00460	0.00373	0.64354
11	0.10801	0.07825	0.34998	0.01345	0.03324	0.01350	0.01442	0.12044	0.01477	0.18188	0.01297	0.01341	0.00900	0.00593	0.00521	0.00174	0.00673	0.00449	0.00401	0.00858
12	0.01460	0.04624	0.06229	0.03487	0.08575	0.01378	0.26012	0.17639	0.05036	0.02249	0.06794	0.03339	0.01316	0.00622	0.00594	0.00172	0.00700	0.00607	0.00394	0.08771
13	0.01367	0.01419	0.02388	0.10051	0.05470	0.04566	0.34641	0.02087	0.20898	0.01884	0.01402	0.01645	0.01075	0.00622	0.00737	0.00195	0.07799	0.00615	0.00360	0.00780
14	0.08381	0.01235	0.02328	0.30461	0.03008	0.01299	0.35364	0.01644	0.01229	0.01780	0.01126	0.01527	0.00851	0.00533	0.00588	0.00186	0.00792	0.00571	0.06404	0.00690
15	0.01433	0.01169	0.04408	0.08272	0.05684	0.01206	0.01002	0.19116	0.19754	0.04749	0.01964	0.08014	0.02777	0.04944	0.00711	0.00208	0.00538	0.06333	0.06949	0.00770
16	0.03886	0.01427	0.12910	0.01176	0.01682	0.01144	0.01088	0.19535	0.01807	0.46578	0.01832	0.01679	0.01190	0.00674	0.00565	0.00176	0.00574	0.00532	0.00598	0.00947
17	0.00697	0.00498	0.00664	0.00796	0.00830	0.00465	0.00531	0.00796	0.01095	0.01460	0.03153	0.79525	0.03783	0.01792	0.00730	0.00232	0.00332	0.01626	0.00531	0.00465
18	0.11572	0.01164	0.01126	0.05026	0.01352	0.12620	0.00814	0.12853	0.01350	0.01857	0.01552	0.08701	0.01530	0.13148	0.12958	0.03073	0.02075	0.06245	0.00389	0.00593
19	0.05214	0.22959	0.04763	0.04828	0.11371	0.08297	0.14813	0.01892	0.09317	0.01734	0.01136	0.01347	0.00921	0.00573	0.00581	0.00166	0.04844	0.00476	0.04012	0.00755
20	0.00993	0.00815	0.01223	0.01172	0.07061	0.00769	0.10603	0.04114	0.01328	0.04376	0.12558	0.14426	0.24741	0.08141	0.04832	0.00262	0.00523	0.01005	0.00472	0.00586

[dist]
# distance from previous block
# <min> <max>
0	1

[block]
# block no. 1 follows, 41 sequences, length 28
# corresponding to MSA columns:
# 368-395
name=unknown_B
#
# <colnr> <probs for GDERKNQSTAVLIFYWHMCP>
#	G	D	E	R	K	N	Q	S	T	A	V	L	I	F	Y	W	H	M	C	P
0	0.01261	0.01115	0.01863	0.06542	0.01915	0.01165	0.26204	0.06534	0.09778	0.01913	0.01502	0.03700	0.01255	0.07868	0.00938	0.03119	0.05984	0.00641	0.16029	0.00672
1	0.01503	0.01499	0.19207	0.02417	0.07674	0.01098	0.10260	0.05792	0.06393	0.18424	0.05577	0.07144	0.01565	0.07883	0.00807	0.00218	0.00638	0.00665	0.00444	0.00791
2	0.01002	0.00615	0.00783	0.00747	0.00898	0.00559	0.00547	0.01193	0.01410	0.11622	0.36973	0.18653	0.12947	0.08381	0.00875	0.00225	0.00338	0.01092	0.00583	0.00557
3	0.00711	0.00508	0.00680	0.00813	0.00852	0.00477	0.00556	0.00821	0.01109	0.01476	0.03145	0.74887	0.03752	0.01779	0.00734	0.00234	0.00344	0.06123	0.00531	0.00469
4	0.01032	0.00832	0.01282	0.06351	0.08931	0.00841	0.09434	0.04834	0.01236	0.01734	0.11433	0.14715	0.02280	0.19044	0.05802	0.00314	0.00594	0.00854	0.07880	0.00574
5	0.01498	0.59746	0.09303	0.04751	0.01696	0.07153	0.01133	0.01728	0.01179	0.01398	0.00829	0.00999	0.00736	0.00535	0.00493	0.00140	0.05365	0.00342	0.00249	0.00728
6	0.06316	0.17952	0.33908	0.15529	0.02428	0.02444	0.05317	0.06593	0.01284	0.01815	0.00992	0.01216	0.00751	0.00544	0.00510	0.00170	0.00752	0.00426	0.00277	0.00773
7	0.05633	0.02059	0.42805	0.01586	0.08728	0.01154	0.05981	0.01686	0.01214	0.06797	0.01540	0.06640	0.04940	0.05909	0.00720	0.00209	0.00712	0.00594	0.00326	0.00767
8	0.01247	0.00700	0.00904	0.00879	0.01054	0.00662	0.00646	0.02679	0.07223	0.19990	0.11155	0.44626	0.03183	0.01358	0.00672	0.00209	0.00377	0.01207	0.00590	0.00640
9	0.00839	0.00616	0.00759	0.00810	0.00911	0.00593	0.00571	0.07484	0.01317	0.01748	0.10632	0.56135	0.12248	0.01589	0.00704	0.00217	0.00348	0.01417	0.00545	0.00520
10	0.01535	0.01027	0.01217	0.03929	0.01434	0.01070	0.00871	0.23380	0.08592	0.13055	0.12269	0.06497	0.08980	0.01020	0.00639	0.00196	0.00490	0.12467	0.00575	0.00757
11	0.01459	0.00854	0.01213	0.01119	0.05780	0.00818	0.04225	0.06270	0.01502	0.23880	0.21370	0.06896	0.07498	0.01471	0.12670	0.00298	0.00616	0.00796	0.00550	0.00715
12	0.00695	0.00505	0.00656	0.00777	0.00824	0.00466	0.00522	0.00799	0.01114	0.01468	0.03391	0.72833	0.10320	0.01761	0.00725	0.00229	0.00328	0.01588	0.00531	0.00466
13	0.09652	0.02266	0.44586	0.01844	0.09046	0.01374	0.14916	0.01771	0.01198	0.01871	0.01014	0.01261	0.00758	0.00556	0.00631	0.00186	0.05534	0.00469	0.00266	0.00801
14	0.01616	0.11369	0.02223	0.07422	0.05657	0.01551	0.18397	0.19959	0.04184	0.06703	0.01211	0.01405	0.00923	0.00609	0.00677	0.00173	0.07759	0.00519	0.00387	0.07256
15	0.00980	0.00841	0.05937	0.07858	0.01311	0.00730	0.00777	0.01371	0.06482	0.05734	0.54895	0.04542	0.04214	0.01034	0.00646	0.00182	0.00376	0.00906	0.00569	0.00613
16	0.00850	0.00520	0.00618	0.00682	0.00757	0.00500	0.00471	0.01016	0.01149	0.01740	0.06998	0.41212	0.02906	0.06296	0.00742	0.00213	0.00318	0.01131	0.31393	0.00487
17	0.01377	0.41595	0.32181	0.01247	0.01844	0.05839	0.01406	0.01740	0.01189	0.01522	0.00940	0.01174	0.00795	0.04305	0.00566	0.00168	0.00724	0.00381	0.00251	0.00756
18	0.03173	0.40877	0.05014	0.06366	0.06862	0.05354	0.15373	0.01765	0.01241	0.03700	0.01002	0.01213	0.00825	0.00516	0.00473	0.00150	0.00698	0.00429	0.04226	0.00741
19	0.00754	0.00557	0.00713	0.00780	0.00880	0.00515	0.00577	0.00927	0.01289	0.01710	0.20703	0.37686	0.16680	0.01553	0.00717	0.00218	0.00340	0.12352	0.00554	0.00495
20	0.01100	0.00734	0.04401	0.04874	0.01068	0.00640	0.00633	0.01369	0.01357	0.09074	0.26257	0.04540	0.04290	0.04907	0.00663	0.00183	0.00359	0.00747	0.32217	0.00585
21	0.14305	0.06480	0.01434	0.03736	0.01510	0.04829	0.00928	0.27279	0.07587	0.02511	0.06232	0.08827	0.01586	0.00845	0.00639	0.00186	0.05564	0.04297	0.00471	0.00753
22	0.45954	0.11471	0.01317	0.01016	0.05774	0.01366	0.00786	0.06717	0.04706	0.09101	0.01127	0.01215	0.00856	0.00571	0.00417	0.00167	0.00484	0.00390	0.05851	0.00715
23	0.03904	0.07336	0.21883	0.05893	0.05432	0.01030	0.01142	0.01422	0.06117	0.01674	0.03685	0.28971	0.03271	0.04808	0.00713	0.00213	0.00558	0.00903	0.00392	0.00653
24	0.05888	0.01389	0.04086	0.05786	0.15162	0.04919	0.06038	0.22911	0.06552	0.07090	0.01339	0.02677	0.01035	0.00713	0.00662	0.05505	0.00632	0.00524	0.02335	0.04757
25	0.01414	0.03594	0.01315	0.00926	0.01412	0.00948	0.00751	0.11567	0.01420	0.07018	0.01186	0.02922	0.00961	0.00510	0.00459	0.00107	0.00460	0.00405	0.00396	0.62229
26	0.01428	0.15969	0.10141	0.03754	0.01610	0.01242	0.01753	0.06995	0.07772	0.09342	0.06085	0.04607	0.01357	0.00634	0.00502	0.00144	0.00534	0.00509	0.00407	0.25216
27	0.00909	0.00769	0.01194	0.02322	0.01305	0.00728	0.11727	0.01209	0.06108	0.01719	0.11414	0.43743	0.03105	0.01316	0.00680	0.00206	0.00448	0.03406	0.00490	0.07202

[dist]
# distance from previous block
# <min> <max>
26	44

[block]
# block no. 2 follows, 41 sequences, length 11
# corresponding to MSA columns:
# 446-456
name=unknown_C
#
# <colnr> <probs for GDERKNQSTAVLIFYWHMCP>
#	G	D	E	R	K	N	Q	S	T	A	V	L	I	F	Y	W	H	M	C	P
0	0.00771	0.00548	0.00682	0.00743	0.00793	0.00512	0.00479	0.00847	0.01014	0.01369	0.02580	0.49874	0.03046	0.27429	0.01430	0.00330	0.00411	0.01287	0.00459	0.05398
1	0.01717	0.01252	0.01422	0.01222	0.04016	0.01334	0.00949	0.37689	0.12579	0.07338	0.06060	0.09444	0.01743	0.00858	0.00596	0.00181	0.00529	0.04363	0.00554	0.06153
2	0.02083	0.01176	0.01388	0.01127	0.01527	0.01212	0.00916	0.18253	0.24179	0.36049	0.02112	0.02023	0.01480	0.00752	0.00583	0.00184	0.00508	0.02872	0.00635	0.00938
3	0.01929	0.00852	0.01124	0.00936	0.01251	0.00772	0.00735	0.02208	0.05946	0.48566	0.10256	0.12915	0.02233	0.06603	0.00775	0.00213	0.00445	0.00790	0.00642	0.00808
4	0.01060	0.01280	0.14064	0.01280	0.01461	0.01259	0.01170	0.01301	0.00947	0.01423	0.01119	0.01690	0.01039	0.04558	0.29802	0.00496	0.34627	0.00539	0.00273	0.00611
5	0.00857	0.00659	0.00826	0.00818	0.00842	0.00728	0.00559	0.00921	0.00960	0.01309	0.04515	0.23507	0.06647	0.39002	0.01962	0.00386	0.13651	0.01014	0.00399	0.00439
6	0.00773	0.00518	0.00637	0.00720	0.00783	0.00488	0.00488	0.00904	0.01131	0.01590	0.06342	0.51897	0.08535	0.07578	0.00836	0.00235	0.00332	0.01324	0.14416	0.00472
7	0.00823	0.00658	0.00746	0.00724	0.00900	0.00623	0.00542	0.01200	0.10957	0.01921	0.30772	0.10817	0.34624	0.01289	0.00668	0.00192	0.00307	0.01107	0.00574	0.00557
8	0.02047	0.01561	0.01818	0.01686	0.14324	0.01704	0.01200	0.62191	0.02456	0.03313	0.01323	0.01380	0.00962	0.00657	0.00571	0.00171	0.00638	0.00514	0.00524	0.00962
9	0.02314	0.00899	0.01194	0.00936	0.01327	0.00789	0.00766	0.02543	0.01563	0.64170	0.02191	0.01978	0.01424	0.00701	0.00546	0.00170	0.00450	0.00568	0.14573	0.00899
10	0.00729	0.00525	0.00696	0.00815	0.00871	0.00492	0.00574	0.00858	0.01156	0.01536	0.06926	0.64099	0.06658	0.01722	0.00732	0.00232	0.00350	0.10019	0.00535	0.00477

[dist]
# distance from previous block
# <min> <max>
28	117

# created by:
# /software/SequenceAnalysis/GenePrediction/augustus/3.0.1/scripts/msa2prfl.pl ./fixed/BUSCOvEOG77STV4.fas
