[name]
unknown

[dist]
# distance from previous block
# <min> <max>
0	547

[block]
# block no. 0 follows, 41 sequences, length 33
# corresponding to MSA columns:
# 569-601
name=unknown_A
#
# <colnr> <probs for GDERKNQSTAVLIFYWHMCP>
#	G	D	E	R	K	N	Q	S	T	A	V	L	I	F	Y	W	H	M	C	P
0	0.00909	0.00649	0.00907	0.01039	0.01165	0.00647	0.00900	0.01163	0.01304	0.01698	0.03036	0.10575	0.03320	0.01592	0.00787	0.00262	0.00516	0.68482	0.00527	0.00523
1	0.00803	0.00584	0.00756	0.00713	0.00851	0.00537	0.00535	0.01068	0.01605	0.02259	0.72802	0.04329	0.08645	0.01182	0.00675	0.00181	0.00271	0.01042	0.00625	0.00537
2	0.01416	0.01359	0.02322	0.03511	0.76330	0.01359	0.01755	0.01755	0.01302	0.01869	0.01076	0.01416	0.00906	0.00510	0.00566	0.00170	0.00680	0.00510	0.00283	0.00906
3	0.00764	0.00603	0.00705	0.00754	0.00917	0.00543	0.00607	0.00951	0.01309	0.01622	0.07046	0.09185	0.45833	0.01500	0.00717	0.00218	0.00371	0.25321	0.00533	0.00499
4	0.02139	0.02662	0.01626	0.01465	0.01769	0.73300	0.01104	0.06377	0.01682	0.01525	0.00912	0.01051	0.00750	0.00595	0.00519	0.00149	0.01009	0.00377	0.00310	0.00681
5	0.01350	0.01543	0.03375	0.02411	0.02989	0.01446	0.74253	0.01832	0.01350	0.01832	0.01157	0.01543	0.00868	0.00482	0.00675	0.00193	0.00964	0.00675	0.00289	0.00771
6	0.02105	0.02177	0.01638	0.01390	0.01752	0.42214	0.01085	0.31248	0.06880	0.02349	0.01175	0.01241	0.00898	0.00641	0.00543	0.00160	0.00832	0.00445	0.00425	0.00803
7	0.00697	0.00498	0.00664	0.00796	0.00830	0.00465	0.00531	0.00796	0.01095	0.01460	0.03153	0.79525	0.03783	0.01792	0.00730	0.00232	0.00332	0.01626	0.00531	0.00465
8	0.01251	0.01251	0.01752	0.01502	0.01502	0.01752	0.01251	0.01377	0.00876	0.01377	0.00751	0.01251	0.00751	0.01001	0.01877	0.00250	0.78851	0.00501	0.00250	0.00626
9	0.01080	0.01017	0.01716	0.78523	0.03940	0.01271	0.01589	0.01461	0.01144	0.01461	0.01017	0.01525	0.00762	0.00572	0.00572	0.00191	0.00762	0.00508	0.00254	0.00635
10	0.00697	0.00498	0.00664	0.00796	0.00830	0.00465	0.00531	0.00796	0.01095	0.01460	0.03153	0.79525	0.03783	0.01792	0.00730	0.00232	0.00332	0.01626	0.00531	0.00465
11	0.01350	0.01543	0.03375	0.02411	0.02989	0.01446	0.74253	0.01832	0.01350	0.01832	0.01157	0.01543	0.00868	0.00482	0.00675	0.00193	0.00964	0.00675	0.00289	0.00771
12	0.13006	0.00661	0.00776	0.00724	0.00891	0.00649	0.00551	0.01168	0.01524	0.02334	0.64991	0.03782	0.04696	0.01076	0.00628	0.00179	0.00295	0.00928	0.00589	0.00551
13	0.02244	0.01045	0.01318	0.01059	0.01468	0.01005	0.00859	0.02859	0.22388	0.55785	0.02277	0.02000	0.01509	0.00727	0.00577	0.00182	0.00477	0.00595	0.00672	0.00954
14	0.00994	0.00497	0.00745	0.00745	0.00745	0.00497	0.00497	0.00745	0.00745	0.00994	0.00994	0.01739	0.00994	0.01987	0.02235	0.83358	0.00497	0.00497	0.00248	0.00248
15	0.01137	0.01128	0.02066	0.62435	0.03739	0.01308	0.16948	0.01540	0.01187	0.01540	0.01046	0.01529	0.00785	0.00553	0.00594	0.00191	0.00805	0.00544	0.00262	0.00664
16	0.01391	0.52336	0.29695	0.01214	0.01832	0.01926	0.01388	0.01748	0.01179	0.01514	0.00879	0.01022	0.00731	0.00509	0.00431	0.00144	0.00696	0.00348	0.00244	0.00774
17	0.02460	0.01033	0.01351	0.01048	0.01483	0.00943	0.00861	0.07502	0.06888	0.66703	0.02204	0.01922	0.01410	0.00711	0.00575	0.00178	0.00494	0.00576	0.00690	0.00969
18	0.01350	0.01543	0.03375	0.02411	0.02989	0.01446	0.74253	0.01832	0.01350	0.01832	0.01157	0.01543	0.00868	0.00482	0.00675	0.00193	0.00964	0.00675	0.00289	0.00771
19	0.01243	0.01347	0.02771	0.18350	0.02981	0.01352	0.50890	0.01663	0.01270	0.01710	0.01252	0.07014	0.01046	0.00613	0.00703	0.00197	0.03883	0.00700	0.00297	0.00715
20	0.05213	0.01488	0.01589	0.01254	0.01683	0.01650	0.01025	0.55593	0.15551	0.06681	0.01562	0.01518	0.01118	0.00698	0.00566	0.00176	0.00584	0.00533	0.00572	0.00947
21	0.27908	0.01427	0.01429	0.01130	0.01554	0.01591	0.00932	0.49348	0.02117	0.05515	0.01219	0.01251	0.00875	0.00638	0.00504	0.00173	0.00566	0.00452	0.00508	0.00862
22	0.07923	0.01668	0.01646	0.01290	0.01726	0.08511	0.01056	0.62863	0.02473	0.03335	0.01289	0.01312	0.00927	0.00667	0.00552	0.00170	0.00652	0.00487	0.00532	0.00920
23	0.01190	0.01030	0.01218	0.00884	0.01364	0.00818	0.00710	0.01437	0.01169	0.01836	0.01002	0.01190	0.00842	0.00456	0.00506	0.00094	0.04849	0.00348	0.00334	0.78725
24	0.02044	0.00952	0.01232	0.01034	0.01388	0.00898	0.00842	0.05736	0.10429	0.48577	0.02399	0.09404	0.01875	0.00918	0.00616	0.00194	0.00480	0.09468	0.00649	0.00865
25	0.02461	0.01142	0.01432	0.01098	0.01544	0.01091	0.00907	0.21971	0.01919	0.57145	0.02020	0.01793	0.01297	0.00702	0.00574	0.00176	0.00525	0.00559	0.00672	0.00973
26	0.01473	0.48447	0.27963	0.01203	0.01809	0.01846	0.01354	0.01822	0.01211	0.06807	0.00976	0.01088	0.00779	0.00523	0.00442	0.00146	0.00682	0.00364	0.00276	0.00789
27	0.01906	0.02351	0.07302	0.01663	0.02077	0.46583	0.16635	0.11247	0.01669	0.01798	0.01014	0.01195	0.00793	0.00576	0.00558	0.00162	0.00954	0.00455	0.00325	0.00738
28	0.00697	0.00498	0.00664	0.00796	0.00830	0.00465	0.00531	0.00796	0.01095	0.01460	0.03153	0.79525	0.03783	0.01792	0.00730	0.00232	0.00332	0.01626	0.00531	0.00465
29	0.00999	0.00907	0.01493	0.62094	0.03282	0.01100	0.01365	0.01321	0.01133	0.01461	0.01468	0.18012	0.01401	0.00830	0.00605	0.00199	0.00671	0.00745	0.00313	0.00599
30	0.01177	0.07563	0.70584	0.01639	0.04302	0.01385	0.02036	0.01804	0.01207	0.01785	0.01014	0.01196	0.00730	0.00539	0.00533	0.00177	0.00827	0.00418	0.00243	0.00840
31	0.01350	0.01543	0.03375	0.02411	0.02989	0.01446	0.74253	0.01832	0.01350	0.01832	0.01157	0.01543	0.00868	0.00482	0.00675	0.00193	0.00964	0.00675	0.00289	0.00771
32	0.00832	0.00555	0.00624	0.00624	0.00624	0.00555	0.00347	0.00832	0.00832	0.01109	0.01802	0.03743	0.02080	0.79898	0.02911	0.00555	0.00555	0.00832	0.00347	0.00347

[dist]
# distance from previous block
# <min> <max>
0	1

[block]
# block no. 1 follows, 41 sequences, length 9
# corresponding to MSA columns:
# 603-611
name=unknown_B
#
# <colnr> <probs for GDERKNQSTAVLIFYWHMCP>
#	G	D	E	R	K	N	Q	S	T	A	V	L	I	F	Y	W	H	M	C	P
0	0.01093	0.01035	0.01718	0.72582	0.03751	0.01308	0.01563	0.01455	0.01123	0.01455	0.00996	0.01504	0.00762	0.00605	0.00673	0.00195	0.06786	0.00508	0.00254	0.00635
1	0.00697	0.00498	0.00664	0.00796	0.00830	0.00465	0.00531	0.00796	0.01095	0.01460	0.03153	0.79525	0.03783	0.01792	0.00730	0.00232	0.00332	0.01626	0.00531	0.00465
2	0.00922	0.00658	0.00922	0.01053	0.01185	0.00658	0.00922	0.01185	0.01317	0.01712	0.03029	0.06452	0.03292	0.01580	0.00790	0.00263	0.00527	0.72480	0.00527	0.00527
3	0.01291	0.01105	0.01173	0.01064	0.01358	0.01248	0.00824	0.02637	0.61147	0.02297	0.09218	0.02671	0.09725	0.00880	0.00600	0.00193	0.00420	0.00739	0.00581	0.00829
4	0.00705	0.00573	0.00625	0.00627	0.00794	0.00493	0.00464	0.00871	0.01349	0.01690	0.19823	0.11816	0.55330	0.01422	0.00681	0.00194	0.00289	0.01209	0.00551	0.00493
5	0.00817	0.00613	0.00919	0.00919	0.01021	0.00715	0.00715	0.01021	0.00919	0.01328	0.01532	0.02247	0.01430	0.04290	0.77631	0.00919	0.01532	0.00613	0.00306	0.00511
6	0.00697	0.00498	0.00664	0.00796	0.00830	0.00465	0.00531	0.00796	0.01095	0.01460	0.03153	0.79525	0.03783	0.01792	0.00730	0.00232	0.00332	0.01626	0.00531	0.00465
7	0.02056	0.01488	0.01590	0.01232	0.01655	0.01641	0.01014	0.66611	0.02530	0.03447	0.01426	0.01454	0.01025	0.00684	0.00554	0.00168	0.00591	0.00517	0.09390	0.00926
8	0.01319	0.01121	0.01206	0.01119	0.01401	0.01280	0.00866	0.02702	0.63466	0.02257	0.02453	0.10633	0.02045	0.00927	0.00609	0.00202	0.00444	0.04538	0.00574	0.00838

[dist]
# distance from previous block
# <min> <max>
0	1

[block]
# block no. 2 follows, 41 sequences, length 44
# corresponding to MSA columns:
# 613-656
name=unknown_C
#
# <colnr> <probs for GDERKNQSTAVLIFYWHMCP>
#	G	D	E	R	K	N	Q	S	T	A	V	L	I	F	Y	W	H	M	C	P
0	0.01813	0.01142	0.01305	0.01114	0.01478	0.01224	0.00883	0.02953	0.50162	0.27757	0.02304	0.02070	0.01633	0.00753	0.00580	0.00188	0.00464	0.00622	0.00625	0.00929
1	0.02454	0.00949	0.01292	0.00999	0.01422	0.00822	0.00822	0.02679	0.01636	0.71985	0.06956	0.02095	0.01669	0.00737	0.00582	0.00177	0.00473	0.00604	0.00703	0.00946
2	0.01117	0.00779	0.00987	0.01015	0.01204	0.00793	0.00846	0.05331	0.10647	0.06662	0.05273	0.10836	0.08190	0.01371	0.00722	0.00234	0.00480	0.42342	0.00551	0.00619
3	0.01560	0.01298	0.01371	0.01194	0.01541	0.01487	0.00939	0.15659	0.62412	0.02611	0.02163	0.02005	0.01613	0.00763	0.00582	0.00191	0.00485	0.00625	0.00582	0.00919
4	0.01201	0.02618	0.59116	0.01821	0.02602	0.01359	0.19538	0.01819	0.01245	0.01820	0.01063	0.01295	0.00764	0.00532	0.00577	0.00185	0.00875	0.00485	0.00255	0.00830
5	0.01191	0.01020	0.01189	0.00850	0.01359	0.00765	0.00680	0.01443	0.01189	0.01868	0.01021	0.01192	0.00851	0.00427	0.00426	0.00086	0.00425	0.00340	0.00340	0.83338
6	0.01597	0.01420	0.02880	0.02083	0.02623	0.01328	0.56474	0.02077	0.04726	0.16591	0.01430	0.01655	0.01019	0.00543	0.00653	0.00191	0.00849	0.00655	0.00386	0.00819
7	0.00926	0.00662	0.00925	0.01056	0.01188	0.00661	0.00923	0.01188	0.01319	0.01716	0.03032	0.06455	0.03294	0.01582	0.00792	0.00264	0.00528	0.72430	0.00528	0.00529
8	0.00702	0.00501	0.00667	0.00800	0.00833	0.00467	0.00533	0.00800	0.01098	0.01464	0.03156	0.79475	0.03785	0.01794	0.00732	0.00233	0.00333	0.01627	0.00532	0.00467
9	0.01354	0.01546	0.03377	0.02413	0.02991	0.01449	0.74202	0.01835	0.01353	0.01836	0.01162	0.01549	0.00872	0.00485	0.00677	0.00194	0.00966	0.00676	0.00291	0.00774
10	0.01930	0.02297	0.01410	0.01291	0.01554	0.62392	0.00968	0.02099	0.01541	0.01548	0.01082	0.01254	0.00885	0.00608	0.00495	0.00145	0.00882	0.00402	0.16577	0.00640
11	0.01071	0.00537	0.00537	0.00536	0.00670	0.00536	0.00402	0.01336	0.01202	0.02136	0.01870	0.02138	0.01470	0.00669	0.00402	0.00134	0.00268	0.00535	0.83016	0.00536
12	0.00708	0.00514	0.00668	0.00777	0.00831	0.00474	0.00526	0.00822	0.01152	0.01531	0.08594	0.68382	0.09457	0.01723	0.00724	0.00226	0.00326	0.01552	0.00539	0.00474
13	0.02048	0.02574	0.01637	0.01479	0.01743	0.69609	0.01122	0.02192	0.01545	0.01402	0.00875	0.01061	0.00743	0.00635	0.00660	0.00159	0.09179	0.00384	0.00292	0.00661
14	0.00702	0.00501	0.00667	0.00800	0.00833	0.00467	0.00533	0.00800	0.01098	0.01464	0.03156	0.79475	0.03785	0.01794	0.00732	0.00233	0.00333	0.01627	0.00532	0.00467
15	0.01354	0.01546	0.03377	0.02413	0.02991	0.01449	0.74202	0.01835	0.01353	0.01836	0.01162	0.01549	0.00872	0.00485	0.00677	0.00194	0.00966	0.00676	0.00291	0.00774
16	0.01239	0.00682	0.00904	0.00795	0.01004	0.00615	0.00614	0.01495	0.01626	0.20275	0.58161	0.03715	0.04436	0.01060	0.00652	0.00180	0.00324	0.00925	0.00650	0.00647
17	0.02178	0.01605	0.01719	0.01319	0.01777	0.01776	0.01089	0.74374	0.02691	0.03608	0.01378	0.01379	0.00977	0.00690	0.00574	0.00172	0.00631	0.00516	0.00574	0.00975
18	0.01166	0.00892	0.01070	0.01075	0.01288	0.00962	0.00895	0.06437	0.24537	0.02085	0.04705	0.04526	0.02641	0.01222	0.00692	0.00228	0.00493	0.40156	0.04254	0.00677
19	0.02570	0.00977	0.01330	0.01021	0.01463	0.00843	0.00843	0.02790	0.01640	0.76677	0.02260	0.01953	0.01420	0.00711	0.00577	0.00178	0.00488	0.00577	0.00709	0.00976
20	0.01356	0.00703	0.00937	0.00822	0.01046	0.00631	0.00635	0.01596	0.01587	0.25558	0.47262	0.09329	0.04026	0.01075	0.00650	0.00184	0.00344	0.00937	0.00648	0.00672
21	0.00710	0.00508	0.00674	0.00794	0.00835	0.00473	0.00534	0.00820	0.01136	0.01524	0.08391	0.74069	0.03901	0.01749	0.00728	0.00229	0.00329	0.01584	0.00539	0.00472
22	0.00702	0.00501	0.00667	0.00800	0.00833	0.00467	0.00533	0.00800	0.01098	0.01464	0.03156	0.79475	0.03785	0.01794	0.00732	0.00233	0.00333	0.01627	0.00532	0.00467
23	0.00814	0.00588	0.00768	0.00723	0.00858	0.00543	0.00542	0.01083	0.01622	0.02297	0.75979	0.04277	0.05398	0.01172	0.00676	0.00181	0.00272	0.01035	0.00631	0.00542
24	0.01354	0.01546	0.03377	0.02413	0.02991	0.01449	0.74202	0.01835	0.01353	0.01836	0.01162	0.01549	0.00872	0.00485	0.00677	0.00194	0.00966	0.00676	0.00291	0.00774
25	0.00710	0.00512	0.00658	0.00771	0.00814	0.00475	0.00512	0.00804	0.01095	0.01446	0.03262	0.68344	0.09219	0.07379	0.00884	0.00253	0.00346	0.01537	0.00519	0.00460
26	0.06822	0.01062	0.01353	0.01044	0.01484	0.00983	0.00862	0.11684	0.01736	0.63618	0.02073	0.01827	0.01322	0.00699	0.00565	0.00177	0.00504	0.00555	0.00674	0.00957
27	0.00730	0.00581	0.00669	0.00692	0.00846	0.00522	0.00522	0.00896	0.01287	0.01622	0.13078	0.15111	0.46546	0.01693	0.06607	0.00259	0.00409	0.06909	0.00526	0.00495
28	0.83884	0.01109	0.00844	0.00755	0.01110	0.01285	0.00621	0.01684	0.00976	0.02570	0.00801	0.00936	0.00624	0.00534	0.00356	0.00178	0.00444	0.00311	0.00355	0.00622
29	0.02140	0.02728	0.01624	0.01476	0.01771	0.77549	0.01107	0.02287	0.01623	0.01404	0.00889	0.01038	0.00741	0.00592	0.00518	0.00148	0.01033	0.00370	0.00296	0.00665
30	0.02866	0.02105	0.38183	0.04048	0.08156	0.01321	0.23026	0.01756	0.01242	0.01841	0.01120	0.01399	0.00838	0.00549	0.00614	0.00183	0.03232	0.00515	0.06214	0.00791
31	0.81656	0.03248	0.00902	0.00761	0.01119	0.01312	0.00631	0.01685	0.00981	0.02537	0.00801	0.00935	0.00627	0.00533	0.00356	0.00176	0.00449	0.00311	0.00353	0.00625
32	0.01671	0.01287	0.01419	0.01146	0.01543	0.01348	0.00928	0.38045	0.13742	0.02784	0.01688	0.06805	0.01420	0.00784	0.00571	0.00169	0.00534	0.05742	0.00521	0.17853
33	0.01253	0.02254	0.40189	0.02022	0.02734	0.01390	0.38100	0.01825	0.01281	0.01826	0.01096	0.01381	0.00800	0.00516	0.00611	0.00188	0.00906	0.00550	0.00267	0.00811
34	0.01187	0.01068	0.01341	0.01053	0.01379	0.01061	0.00852	0.01392	0.01087	0.01696	0.01041	0.04996	0.00963	0.00674	0.00896	0.00145	0.24998	0.00453	0.00322	0.53395
35	0.00863	0.00614	0.00732	0.00716	0.00892	0.00545	0.00554	0.01067	0.01433	0.06076	0.30115	0.06896	0.36694	0.01334	0.00686	0.00197	0.00323	0.09147	0.00577	0.00538
36	0.01493	0.10278	0.45196	0.01352	0.02040	0.01263	0.01575	0.01969	0.01294	0.17491	0.01264	0.01337	0.00888	0.00562	0.00521	0.00165	0.00702	0.00435	0.00352	0.09824
37	0.00702	0.00501	0.00667	0.00800	0.00833	0.00467	0.00533	0.00800	0.01098	0.01464	0.03156	0.79475	0.03785	0.01794	0.00732	0.00233	0.00333	0.01627	0.00532	0.00467
38	0.01547	0.01260	0.01343	0.01157	0.01496	0.01423	0.00913	0.20208	0.50405	0.02662	0.07482	0.02194	0.03719	0.00803	0.00591	0.00188	0.00480	0.00658	0.00583	0.00887
39	0.00837	0.00558	0.00627	0.00627	0.00628	0.00557	0.00349	0.00835	0.00835	0.01114	0.01806	0.03748	0.02083	0.79844	0.02912	0.00555	0.00556	0.00833	0.00348	0.00349
40	0.01191	0.01020	0.01189	0.00850	0.01359	0.00765	0.00680	0.01443	0.01189	0.01868	0.01021	0.01192	0.00851	0.00427	0.00426	0.00086	0.00425	0.00340	0.00340	0.83338
41	0.00719	0.00514	0.00687	0.00819	0.00860	0.00482	0.00563	0.00830	0.01115	0.01484	0.03146	0.73861	0.03748	0.01778	0.00736	0.00235	0.00348	0.07070	0.00532	0.00472
42	0.01388	0.01046	0.01232	0.00893	0.01392	0.00827	0.00719	0.05443	0.01316	0.09861	0.01171	0.01283	0.00918	0.00471	0.00449	0.00100	0.00443	0.00375	0.00392	0.70282
43	0.03770	0.45204	0.10096	0.01132	0.01636	0.07749	0.01098	0.14682	0.01473	0.01869	0.00947	0.01061	0.00784	0.00538	0.00438	0.00139	0.00656	0.00364	0.00317	0.06047

[dist]
# distance from previous block
# <min> <max>
2	4

[block]
# block no. 3 follows, 41 sequences, length 7
# corresponding to MSA columns:
# 661-667
name=unknown_D
#
# <colnr> <probs for GDERKNQSTAVLIFYWHMCP>
#	G	D	E	R	K	N	Q	S	T	A	V	L	I	F	Y	W	H	M	C	P
0	0.02010	0.05655	0.01690	0.01307	0.01710	0.17463	0.01055	0.44038	0.14434	0.02835	0.01402	0.01406	0.01040	0.00672	0.00552	0.00168	0.00683	0.00496	0.00500	0.00886
1	0.01651	0.01205	0.01337	0.01160	0.01470	0.04103	0.00959	0.37395	0.02032	0.06538	0.07336	0.07006	0.02131	0.01038	0.00650	0.00202	0.00566	0.21890	0.00557	0.00773
2	0.00697	0.00498	0.00664	0.00796	0.00830	0.00465	0.00531	0.00796	0.01095	0.01460	0.03153	0.79525	0.03783	0.01792	0.00730	0.00232	0.00332	0.01626	0.00531	0.00465
3	0.02243	0.00878	0.01156	0.00913	0.01289	0.00774	0.00746	0.02474	0.01543	0.60627	0.02172	0.01987	0.01427	0.00699	0.00537	0.00168	0.00439	0.00566	0.18485	0.00878
4	0.00861	0.00599	0.00851	0.00851	0.00959	0.00683	0.00660	0.01076	0.00969	0.01469	0.01591	0.02227	0.01436	0.03653	0.64050	0.00781	0.01310	0.00599	0.14861	0.00515
5	0.00786	0.00584	0.00732	0.00695	0.00840	0.00530	0.00521	0.01034	0.01564	0.02162	0.63678	0.04489	0.17830	0.01218	0.00675	0.00182	0.00273	0.01065	0.00612	0.00530
6	0.01186	0.01017	0.01186	0.00847	0.01356	0.00762	0.00678	0.01440	0.01186	0.01864	0.01017	0.01186	0.00847	0.00424	0.00424	0.00085	0.00424	0.00339	0.00339	0.83395

[dist]
# distance from previous block
# <min> <max>
0	1

[block]
# block no. 4 follows, 41 sequences, length 75
# corresponding to MSA columns:
# 669-743
name=unknown_E
#
# <colnr> <probs for GDERKNQSTAVLIFYWHMCP>
#	G	D	E	R	K	N	Q	S	T	A	V	L	I	F	Y	W	H	M	C	P
0	0.01213	0.02984	0.76185	0.01667	0.02510	0.01361	0.02127	0.01853	0.01248	0.01870	0.01092	0.01299	0.00788	0.00587	0.00571	0.00193	0.00864	0.00444	0.00265	0.00877
1	0.00832	0.00555	0.00624	0.00624	0.00624	0.00555	0.00347	0.00832	0.00832	0.01109	0.01802	0.03743	0.02080	0.79898	0.02911	0.00555	0.00555	0.00832	0.00347	0.00347
2	0.00832	0.00555	0.00624	0.00624	0.00624	0.00555	0.00347	0.00832	0.00832	0.01109	0.01802	0.03743	0.02080	0.79898	0.02911	0.00555	0.00555	0.00832	0.00347	0.00347
3	0.02566	0.00973	0.01327	0.01018	0.01460	0.00841	0.00841	0.02788	0.01637	0.76726	0.02257	0.01947	0.01416	0.00708	0.00575	0.00177	0.00487	0.00575	0.00708	0.00973
4	0.01442	0.62649	0.19828	0.01127	0.01697	0.02050	0.01237	0.01735	0.01173	0.01452	0.00848	0.00984	0.00732	0.00502	0.00407	0.00136	0.00665	0.00332	0.00244	0.00759
5	0.02137	0.02726	0.01621	0.01474	0.01768	0.77602	0.01105	0.02284	0.01621	0.01400	0.00884	0.01031	0.00737	0.00589	0.00516	0.00147	0.01031	0.00368	0.00295	0.00663
6	0.00721	0.00515	0.00692	0.00824	0.00868	0.00486	0.00573	0.00838	0.01119	0.01487	0.03139	0.71629	0.03730	0.01769	0.00737	0.00236	0.00353	0.09282	0.00531	0.00471
7	0.83938	0.01106	0.00841	0.00752	0.01106	0.01283	0.00619	0.01681	0.00973	0.02566	0.00796	0.00929	0.00619	0.00531	0.00354	0.00177	0.00442	0.00310	0.00354	0.00619
8	0.01529	0.80242	0.02997	0.00979	0.01468	0.02263	0.00979	0.01713	0.01162	0.01346	0.00795	0.00918	0.00734	0.00489	0.00367	0.00122	0.00612	0.00306	0.00245	0.00734
9	0.00832	0.00555	0.00624	0.00624	0.00624	0.00555	0.00347	0.00832	0.00832	0.01109	0.01802	0.03743	0.02080	0.79898	0.02911	0.00555	0.00555	0.00832	0.00347	0.00347
10	0.00746	0.00519	0.00649	0.00733	0.00754	0.00498	0.00463	0.00809	0.00999	0.01332	0.02658	0.51794	0.03160	0.30374	0.01528	0.00350	0.00413	0.01335	0.00463	0.00421
11	0.00676	0.00579	0.00579	0.00579	0.00773	0.00483	0.00435	0.00821	0.01304	0.01545	0.05794	0.05505	0.76098	0.01449	0.00676	0.00193	0.00290	0.01207	0.00531	0.00483
12	0.00832	0.00555	0.00624	0.00624	0.00624	0.00555	0.00347	0.00832	0.00832	0.01109	0.01802	0.03743	0.02080	0.79898	0.02911	0.00555	0.00555	0.00832	0.00347	0.00347
13	0.00697	0.00498	0.00664	0.00796	0.00830	0.00465	0.00531	0.00796	0.01095	0.01460	0.03153	0.79525	0.03783	0.01792	0.00730	0.00232	0.00332	0.01626	0.00531	0.00465
14	0.01080	0.01017	0.01716	0.78523	0.03940	0.01271	0.01589	0.01461	0.01144	0.01461	0.01017	0.01525	0.00762	0.00572	0.00572	0.00191	0.00762	0.00508	0.00254	0.00635
15	0.01080	0.01017	0.01716	0.78523	0.03940	0.01271	0.01589	0.01461	0.01144	0.01461	0.01017	0.01525	0.00762	0.00572	0.00572	0.00191	0.00762	0.00508	0.00254	0.00635
16	0.00832	0.00555	0.00624	0.00624	0.00624	0.00555	0.00347	0.00832	0.00832	0.01109	0.01802	0.03743	0.02080	0.79898	0.02911	0.00555	0.00555	0.00832	0.00347	0.00347
17	0.02566	0.00973	0.01327	0.01018	0.01460	0.00841	0.00841	0.02788	0.01637	0.76726	0.02257	0.01947	0.01416	0.00708	0.00575	0.00177	0.00487	0.00575	0.00708	0.00973
18	0.01499	0.74163	0.08813	0.01030	0.01547	0.02190	0.01068	0.01721	0.01166	0.01382	0.00813	0.00940	0.00733	0.00494	0.00381	0.00127	0.00630	0.00315	0.00244	0.00743
19	0.01462	0.66584	0.16064	0.01094	0.01646	0.02098	0.01179	0.01730	0.01170	0.01428	0.00836	0.00969	0.00732	0.00499	0.00398	0.00133	0.00653	0.00326	0.00244	0.00754
20	0.00717	0.00581	0.00639	0.00642	0.00813	0.00503	0.00485	0.00892	0.01362	0.01707	0.20297	0.08515	0.54489	0.01411	0.00684	0.00196	0.00299	0.04722	0.00552	0.00496
21	0.00697	0.00498	0.00664	0.00796	0.00830	0.00465	0.00531	0.00796	0.01095	0.01460	0.03153	0.79525	0.03783	0.01792	0.00730	0.00232	0.00332	0.01626	0.00531	0.00465
22	0.01147	0.02959	0.76934	0.01630	0.02476	0.01328	0.02113	0.01811	0.01208	0.01811	0.01026	0.01208	0.00725	0.00543	0.00543	0.00181	0.00845	0.00423	0.00242	0.00845
23	0.01529	0.01282	0.01353	0.01186	0.01528	0.01472	0.00931	0.13133	0.65030	0.02564	0.02193	0.02026	0.01637	0.00763	0.00581	0.00191	0.00478	0.00628	0.00581	0.00915
24	0.02188	0.01580	0.01703	0.01305	0.01763	0.01741	0.01078	0.71887	0.02652	0.06194	0.01405	0.01394	0.00988	0.00687	0.00572	0.00172	0.00624	0.00517	0.00577	0.00973
25	0.02508	0.00987	0.01326	0.01025	0.01462	0.00871	0.00844	0.02800	0.05417	0.72912	0.02260	0.01956	0.01433	0.00711	0.00576	0.00178	0.00485	0.00579	0.00701	0.00970
26	0.03435	0.60736	0.19776	0.01122	0.01689	0.02027	0.01228	0.01734	0.01168	0.01481	0.00848	0.00984	0.00729	0.00503	0.00407	0.00137	0.00661	0.00333	0.00247	0.00757
27	0.02110	0.01554	0.01671	0.01293	0.01733	0.01717	0.01063	0.71218	0.02620	0.03511	0.01451	0.04775	0.01095	0.00735	0.00579	0.00174	0.00616	0.00563	0.00570	0.00951
28	0.00697	0.00498	0.00664	0.00796	0.00830	0.00465	0.00531	0.00796	0.01095	0.01460	0.03153	0.79525	0.03783	0.01792	0.00730	0.00232	0.00332	0.01626	0.00531	0.00465
29	0.01160	0.05530	0.74475	0.01609	0.02442	0.01359	0.02076	0.01808	0.01206	0.01796	0.01019	0.01198	0.00725	0.00542	0.00538	0.00179	0.00838	0.00419	0.00242	0.00842
30	0.01303	0.01374	0.02215	0.01762	0.01937	0.03636	0.22246	0.01531	0.01032	0.01508	0.00871	0.01330	0.00784	0.00841	0.01496	0.00231	0.54424	0.00547	0.00263	0.00669
31	0.00780	0.00584	0.00724	0.00689	0.00836	0.00527	0.00516	0.01022	0.01549	0.02128	0.60489	0.04545	0.21040	0.01231	0.00675	0.00183	0.00274	0.01073	0.00608	0.00527
32	0.00697	0.00498	0.00664	0.00796	0.00830	0.00465	0.00531	0.00796	0.01095	0.01460	0.03153	0.79525	0.03783	0.01792	0.00730	0.00232	0.00332	0.01626	0.00531	0.00465
33	0.01428	0.04311	0.01723	0.01444	0.01538	0.16171	0.01180	0.01646	0.05251	0.01436	0.00888	0.01274	0.00822	0.00977	0.03460	0.00240	0.54802	0.00480	0.00279	0.00650
34	0.00832	0.00555	0.00624	0.00624	0.00624	0.00555	0.00347	0.00832	0.00832	0.01109	0.01802	0.03743	0.02080	0.79898	0.02911	0.00555	0.00555	0.00832	0.00347	0.00347
35	0.00703	0.00581	0.00617	0.00608	0.00789	0.00495	0.00456	0.00874	0.01369	0.01699	0.20222	0.05252	0.61574	0.01391	0.00676	0.00190	0.00286	0.01172	0.00551	0.00495
36	0.01423	0.01229	0.01293	0.01164	0.01487	0.01423	0.00905	0.03039	0.75297	0.02393	0.02328	0.02134	0.01746	0.00776	0.00582	0.00194	0.00453	0.00647	0.00582	0.00905
37	0.00736	0.00582	0.00662	0.00642	0.00809	0.00508	0.00481	0.00936	0.01444	0.01879	0.37117	0.04955	0.44567	0.01324	0.00675	0.00187	0.00281	0.01130	0.00575	0.00508
38	0.00824	0.00551	0.00626	0.00634	0.00636	0.00549	0.00357	0.00830	0.00847	0.01129	0.01879	0.08042	0.02176	0.75467	0.02788	0.00536	0.00542	0.00877	0.00357	0.00353
39	0.01279	0.01065	0.01187	0.01132	0.01401	0.01203	0.00910	0.02507	0.54064	0.02197	0.02529	0.03373	0.02190	0.01007	0.00642	0.00214	0.00474	0.21263	0.00566	0.00797
40	0.83938	0.01106	0.00841	0.00752	0.01106	0.01283	0.00619	0.01681	0.00973	0.02566	0.00796	0.00929	0.00619	0.00531	0.00354	0.00177	0.00442	0.00310	0.00354	0.00619
41	0.02120	0.07370	0.01781	0.01334	0.01751	0.21592	0.01084	0.50539	0.02304	0.02872	0.01205	0.01252	0.00895	0.00648	0.00543	0.00162	0.00733	0.00462	0.00477	0.00875
42	0.00735	0.00585	0.00661	0.00650	0.00819	0.00511	0.00493	0.00931	0.01420	0.01827	0.31538	0.05089	0.47141	0.01351	0.00680	0.00191	0.00292	0.04012	0.00567	0.00506
43	0.01186	0.10707	0.69522	0.01565	0.02375	0.01422	0.02000	0.01802	0.01203	0.01765	0.01003	0.01179	0.00726	0.00538	0.00526	0.00175	0.00822	0.00411	0.00242	0.00834
44	0.01234	0.01128	0.01827	0.73092	0.07695	0.01344	0.01636	0.01569	0.01237	0.01611	0.01155	0.01700	0.00900	0.00658	0.00629	0.00214	0.00798	0.00551	0.00303	0.00719
45	0.01062	0.00760	0.01019	0.01142	0.01285	0.00740	0.00975	0.01283	0.01398	0.01835	0.03121	0.06526	0.03367	0.01648	0.00842	0.00286	0.00572	0.70971	0.00568	0.00599
46	0.01545	0.01445	0.02389	0.03547	0.74809	0.01426	0.01791	0.01841	0.01384	0.01988	0.01210	0.01599	0.01033	0.00601	0.00623	0.00195	0.00721	0.00552	0.00330	0.00970
47	0.02251	0.02783	0.01703	0.01553	0.01855	0.76024	0.01155	0.02359	0.01695	0.01530	0.01023	0.01223	0.00868	0.00679	0.00574	0.00173	0.01066	0.00414	0.00341	0.00732
48	0.01321	0.01110	0.01278	0.00940	0.01451	0.00842	0.00737	0.01533	0.01270	0.01984	0.01152	0.01374	0.00976	0.00517	0.00484	0.00111	0.00471	0.00385	0.00385	0.81680
49	0.01384	0.01340	0.01831	0.01581	0.01594	0.01810	0.01298	0.01471	0.00967	0.01507	0.00892	0.01438	0.00881	0.01082	0.01906	0.00273	0.77207	0.00544	0.00298	0.00696
50	0.00842	0.00603	0.00767	0.00891	0.00937	0.00551	0.00593	0.00903	0.01181	0.01589	0.03242	0.78023	0.03848	0.01855	0.00784	0.00256	0.00381	0.01645	0.00573	0.00538
51	0.01217	0.01110	0.01796	0.76941	0.03980	0.01340	0.01628	0.01554	0.01229	0.01590	0.01152	0.01705	0.00893	0.00662	0.00629	0.00215	0.00803	0.00551	0.00302	0.00705
52	0.02671	0.01068	0.01416	0.01107	0.01554	0.00919	0.00896	0.02851	0.01711	0.75231	0.02365	0.02118	0.01532	0.00795	0.00632	0.00202	0.00533	0.00617	0.00746	0.01036
53	0.01545	0.01445	0.02389	0.03547	0.74809	0.01426	0.01791	0.01841	0.01384	0.01988	0.01210	0.01599	0.01033	0.00601	0.00623	0.00195	0.00721	0.00552	0.00330	0.00970
54	0.00852	0.00610	0.00778	0.00902	0.00953	0.00559	0.00610	0.00920	0.01191	0.01600	0.03237	0.74777	0.03826	0.01846	0.00786	0.00257	0.00390	0.04792	0.00572	0.00541
55	0.02671	0.01068	0.01416	0.01107	0.01554	0.00919	0.00896	0.02851	0.01711	0.75231	0.02365	0.02118	0.01532	0.00795	0.00632	0.00202	0.00533	0.00617	0.00746	0.01036
56	0.01283	0.03011	0.75392	0.01707	0.02547	0.01396	0.02141	0.01896	0.01291	0.01932	0.01162	0.01395	0.00856	0.00634	0.00601	0.00206	0.00884	0.00467	0.00289	0.00911
57	0.00952	0.00688	0.00865	0.00816	0.00961	0.00624	0.00601	0.01180	0.01694	0.02404	0.74546	0.04394	0.05427	0.01246	0.00729	0.00205	0.00321	0.01066	0.00669	0.00612
58	0.00842	0.00603	0.00767	0.00891	0.00937	0.00551	0.00593	0.00903	0.01181	0.01589	0.03242	0.78023	0.03848	0.01855	0.00784	0.00256	0.00381	0.01645	0.00573	0.00538
59	0.01283	0.03011	0.75392	0.01707	0.02547	0.01396	0.02141	0.01896	0.01291	0.01932	0.01162	0.01395	0.00856	0.00634	0.00601	0.00206	0.00884	0.00467	0.00289	0.00911
60	0.02671	0.01068	0.01416	0.01107	0.01554	0.00919	0.00896	0.02851	0.01711	0.75231	0.02365	0.02118	0.01532	0.00795	0.00632	0.00202	0.00533	0.00617	0.00746	0.01036
61	0.00952	0.00688	0.00865	0.00816	0.00961	0.00624	0.00601	0.01180	0.01694	0.02404	0.74546	0.04394	0.05427	0.01246	0.00729	0.00205	0.00321	0.01066	0.00669	0.00612
62	0.01062	0.00760	0.01019	0.01142	0.01285	0.00740	0.00975	0.01283	0.01398	0.01835	0.03121	0.06526	0.03367	0.01648	0.00842	0.00286	0.00572	0.70971	0.00568	0.00599
63	0.01321	0.01110	0.01278	0.00940	0.01451	0.00842	0.00737	0.01533	0.01270	0.01984	0.01152	0.01374	0.00976	0.00517	0.00484	0.00111	0.00471	0.00385	0.00385	0.81680
64	0.01384	0.01340	0.01831	0.01581	0.01594	0.01810	0.01298	0.01471	0.00967	0.01507	0.00892	0.01438	0.00881	0.01082	0.01906	0.00273	0.77207	0.00544	0.00298	0.00696
65	0.00911	0.00652	0.00846	0.00970	0.01046	0.00610	0.00713	0.01022	0.01249	0.01666	0.03204	0.55579	0.03697	0.01790	0.00802	0.00265	0.00441	0.23407	0.00571	0.00557
66	0.01556	0.58298	0.22499	0.01240	0.01826	0.02065	0.01329	0.01826	0.01259	0.01599	0.00996	0.01187	0.00862	0.00595	0.00475	0.00164	0.00717	0.00384	0.00292	0.00831
67	0.01457	0.01518	0.02927	0.02132	0.02686	0.01393	0.55989	0.01918	0.05597	0.01990	0.01332	0.01696	0.01042	0.00581	0.00682	0.00199	0.00879	0.00655	0.00361	0.14967
68	0.01449	0.01085	0.01213	0.01098	0.01381	0.01134	0.00833	0.02385	0.41672	0.09010	0.16329	0.11003	0.02689	0.01022	0.00664	0.00213	0.00454	0.00844	0.00625	0.04898
69	0.01622	0.01219	0.01637	0.01223	0.01723	0.01035	0.10970	0.06006	0.04739	0.13604	0.01441	0.01593	0.01113	0.00599	0.00557	0.00150	0.00568	0.00492	0.00459	0.49250
70	0.02006	0.02231	0.01598	0.01383	0.01749	0.48635	0.01047	0.08460	0.04896	0.01870	0.01158	0.01335	0.00957	0.00658	0.00561	0.00163	0.00867	0.00432	0.00388	0.19603
71	0.20158	0.01131	0.01199	0.00919	0.01395	0.00961	0.00723	0.01588	0.01222	0.02144	0.01102	0.01315	0.00924	0.00541	0.00468	0.00132	0.00475	0.00379	0.00388	0.62837
72	0.01267	0.00711	0.00918	0.00941	0.01080	0.00636	0.00663	0.01356	0.01304	0.18722	0.03038	0.60363	0.03309	0.01609	0.00748	0.00243	0.00417	0.01406	0.00613	0.00654
73	0.01211	0.00768	0.00945	0.00866	0.01066	0.00697	0.00649	0.01471	0.04912	0.12933	0.49903	0.07376	0.12326	0.01220	0.00714	0.00208	0.00365	0.01028	0.00663	0.00680
74	0.02053	0.01632	0.02133	0.01624	0.02101	0.01716	0.17770	0.52838	0.04017	0.03217	0.01487	0.01633	0.01105	0.00729	0.00648	0.00201	0.00735	0.00598	0.02789	0.00976

[dist]
# distance from previous block
# <min> <max>
0	1

[block]
# block no. 5 follows, 41 sequences, length 51
# corresponding to MSA columns:
# 745-795
name=unknown_F
#
# <colnr> <probs for GDERKNQSTAVLIFYWHMCP>
#	G	D	E	R	K	N	Q	S	T	A	V	L	I	F	Y	W	H	M	C	P
0	0.02007	0.01496	0.01591	0.01262	0.01679	0.01612	0.01020	0.59717	0.05320	0.03314	0.02157	0.02147	0.12189	0.00867	0.00630	0.00194	0.00604	0.00654	0.00596	0.00944
1	0.00929	0.00670	0.00860	0.00835	0.00978	0.00618	0.00637	0.01167	0.01633	0.02296	0.65010	0.04658	0.05133	0.01282	0.00730	0.00209	0.00342	0.10778	0.00645	0.00591
2	0.00935	0.00633	0.00714	0.00709	0.00724	0.00624	0.00412	0.00918	0.00903	0.01219	0.01877	0.03771	0.02124	0.75226	0.06358	0.00583	0.00632	0.00848	0.00378	0.00410
3	0.01372	0.01384	0.02187	0.01771	0.01915	0.01724	0.18242	0.01551	0.01053	0.01578	0.00949	0.01456	0.00874	0.00940	0.01619	0.00254	0.59555	0.00573	0.00294	0.00711
4	0.01180	0.01085	0.01774	0.77363	0.03969	0.01321	0.01617	0.01529	0.01206	0.01556	0.01116	0.01657	0.00858	0.00638	0.00614	0.00209	0.00792	0.00540	0.00289	0.00687
5	0.01456	0.01728	0.15953	0.03102	0.55545	0.01410	0.08089	0.01835	0.01349	0.01943	0.01172	0.01523	0.00963	0.00580	0.00613	0.00192	0.00765	0.00540	0.00311	0.00930
6	0.01180	0.01085	0.01774	0.77363	0.03969	0.01321	0.01617	0.01529	0.01206	0.01556	0.01116	0.01657	0.00858	0.00638	0.00614	0.00209	0.00792	0.00540	0.00289	0.00687
7	0.00909	0.00660	0.00832	0.00785	0.00930	0.00600	0.00581	0.01144	0.01663	0.02349	0.72507	0.04404	0.07869	0.01235	0.00715	0.00198	0.00308	0.01063	0.00655	0.00590
8	0.00936	0.00631	0.00700	0.00696	0.00706	0.00616	0.00395	0.00909	0.00899	0.01209	0.01889	0.03840	0.02154	0.78709	0.02916	0.00567	0.00587	0.00858	0.00380	0.00402
9	0.01224	0.00665	0.00672	0.00647	0.00805	0.00659	0.00483	0.05163	0.01337	0.02292	0.01927	0.02216	0.01525	0.00732	0.00453	0.00154	0.00323	0.00563	0.77554	0.00609
10	0.02267	0.02285	0.01686	0.01447	0.01808	0.47306	0.01114	0.24074	0.01998	0.08375	0.01246	0.01350	0.00960	0.00694	0.00580	0.00176	0.00891	0.00463	0.00447	0.00833
11	0.00930	0.00653	0.00813	0.00809	0.00858	0.00678	0.00536	0.00982	0.00932	0.01293	0.01786	0.03268	0.01906	0.49789	0.31497	0.00706	0.00961	0.00774	0.00365	0.00465
12	0.01357	0.01166	0.01790	0.13530	0.02160	0.01040	0.17286	0.01647	0.01299	0.05659	0.01300	0.03407	0.01060	0.00586	0.00561	0.00156	0.00626	0.00526	0.04183	0.40661
13	0.01126	0.00967	0.01342	0.01227	0.01294	0.01226	0.00981	0.01268	0.00979	0.01483	0.01292	0.01921	0.01215	0.02672	0.39310	0.00593	0.35772	0.00589	0.04129	0.00616
14	0.02643	0.01043	0.01392	0.01083	0.01529	0.00898	0.00881	0.02834	0.01692	0.75630	0.02336	0.02073	0.01501	0.00772	0.00617	0.00195	0.00521	0.00606	0.00736	0.01019
15	0.01644	0.01129	0.01328	0.00991	0.01484	0.00926	0.00789	0.08269	0.01470	0.16846	0.01392	0.01490	0.01064	0.00571	0.00511	0.00130	0.00489	0.00435	0.00466	0.58574
16	0.01384	0.01450	0.02685	0.05436	0.02488	0.01576	0.41703	0.01692	0.01218	0.01727	0.01112	0.01589	0.00930	0.00843	0.03232	0.00251	0.28988	0.00632	0.00309	0.00755
17	0.00803	0.00575	0.00739	0.00866	0.00908	0.00528	0.00576	0.00875	0.01158	0.01554	0.03218	0.78423	0.03831	0.01839	0.00769	0.00250	0.00368	0.01640	0.00562	0.00519
18	0.02631	0.01062	0.01404	0.01092	0.01538	0.00926	0.00889	0.04993	0.01723	0.73427	0.02310	0.02055	0.01488	0.00771	0.00617	0.00195	0.00525	0.00604	0.00732	0.01019
19	0.01246	0.02997	0.75804	0.01686	0.02528	0.01378	0.02134	0.01874	0.01269	0.01900	0.01126	0.01345	0.00821	0.00610	0.00586	0.00199	0.00873	0.00455	0.00277	0.00893
20	0.02643	0.01043	0.01392	0.01083	0.01529	0.00898	0.00881	0.02834	0.01692	0.75630	0.02336	0.02073	0.01501	0.00772	0.00617	0.00195	0.00521	0.00606	0.00736	0.01019
21	0.00803	0.00575	0.00739	0.00866	0.00908	0.00528	0.00576	0.00875	0.01158	0.01554	0.03218	0.78423	0.03831	0.01839	0.00769	0.00250	0.00368	0.01640	0.00562	0.00519
22	0.00783	0.00655	0.00656	0.00652	0.00852	0.00546	0.00482	0.00899	0.01363	0.01638	0.05818	0.05574	0.75002	0.01501	0.00716	0.00211	0.00327	0.01228	0.00562	0.00537
23	0.01533	0.01375	0.02154	0.06396	0.58092	0.01398	0.01614	0.02037	0.12845	0.04345	0.01403	0.01683	0.01139	0.00627	0.00611	0.00193	0.00673	0.00564	0.00376	0.00943
24	0.00914	0.00660	0.00838	0.00790	0.00933	0.00602	0.00585	0.01153	0.01674	0.02375	0.74941	0.04362	0.05419	0.01226	0.00715	0.00198	0.00307	0.01058	0.00659	0.00592
25	0.00936	0.00631	0.00700	0.00696	0.00706	0.00616	0.00395	0.00909	0.00899	0.01209	0.01889	0.03840	0.02154	0.78709	0.02916	0.00567	0.00587	0.00858	0.00380	0.00402
26	0.00914	0.00660	0.00838	0.00790	0.00933	0.00602	0.00585	0.01153	0.01674	0.02375	0.74941	0.04362	0.05419	0.01226	0.00715	0.00198	0.00307	0.01058	0.00659	0.00592
27	0.01622	0.79058	0.03036	0.01045	0.01537	0.02298	0.01017	0.01776	0.01224	0.01442	0.00898	0.01060	0.00830	0.00557	0.00412	0.00141	0.00644	0.00340	0.00280	0.00784
28	0.00783	0.00655	0.00656	0.00652	0.00852	0.00546	0.00482	0.00899	0.01363	0.01638	0.05818	0.05574	0.75002	0.01501	0.00716	0.00211	0.00327	0.01228	0.00562	0.00537
29	0.01246	0.02997	0.75804	0.01686	0.02528	0.01378	0.02134	0.01874	0.01269	0.01900	0.01126	0.01345	0.00821	0.00610	0.00586	0.00199	0.00873	0.00455	0.00277	0.00893
30	0.00936	0.00631	0.00700	0.00696	0.00706	0.00616	0.00395	0.00909	0.00899	0.01209	0.01889	0.03840	0.02154	0.78709	0.02916	0.00567	0.00587	0.00858	0.00380	0.00402
31	0.01518	0.01294	0.01359	0.01227	0.01556	0.01471	0.00945	0.03082	0.74186	0.02472	0.02407	0.02257	0.01826	0.00839	0.00624	0.00212	0.00487	0.00676	0.00612	0.00952
32	0.82728	0.01174	0.00913	0.00822	0.01180	0.01333	0.00664	0.01746	0.01038	0.02643	0.00899	0.01071	0.00717	0.00597	0.00399	0.00195	0.00477	0.00344	0.00387	0.00671
33	0.01529	0.80242	0.02997	0.00979	0.01468	0.02263	0.00979	0.01713	0.01162	0.01346	0.00795	0.00918	0.00734	0.00489	0.00367	0.00122	0.00612	0.00306	0.00245	0.00734
34	0.01186	0.01017	0.01186	0.00847	0.01356	0.00762	0.00678	0.01440	0.01186	0.01864	0.01017	0.01186	0.00847	0.00424	0.00424	0.00085	0.00424	0.00339	0.00339	0.83395
35	0.01251	0.01251	0.01752	0.01502	0.01502	0.01752	0.01251	0.01377	0.00876	0.01377	0.00751	0.01251	0.00751	0.01001	0.01877	0.00250	0.78851	0.00501	0.00250	0.00626
36	0.01350	0.01543	0.03375	0.02411	0.02989	0.01446	0.74253	0.01832	0.01350	0.01832	0.01157	0.01543	0.00868	0.00482	0.00675	0.00193	0.00964	0.00675	0.00289	0.00771
37	0.00832	0.00555	0.00624	0.00624	0.00624	0.00555	0.00347	0.00832	0.00832	0.01109	0.01802	0.03743	0.02080	0.79898	0.02911	0.00555	0.00555	0.00832	0.00347	0.00347
38	0.01147	0.02959	0.76934	0.01630	0.02476	0.01328	0.02113	0.01811	0.01208	0.01811	0.01026	0.01208	0.00725	0.00543	0.00543	0.00181	0.00845	0.00423	0.00242	0.00845
39	0.01350	0.01543	0.03375	0.02411	0.02989	0.01446	0.74253	0.01832	0.01350	0.01832	0.01157	0.01543	0.00868	0.00482	0.00675	0.00193	0.00964	0.00675	0.00289	0.00771
40	0.01416	0.01359	0.02322	0.03511	0.76330	0.01359	0.01755	0.01755	0.01302	0.01869	0.01076	0.01416	0.00906	0.00510	0.00566	0.00170	0.00680	0.00510	0.00283	0.00906
41	0.00832	0.00555	0.00624	0.00624	0.00624	0.00555	0.00347	0.00832	0.00832	0.01109	0.01802	0.03743	0.02080	0.79898	0.02911	0.00555	0.00555	0.00832	0.00347	0.00347
42	0.02137	0.02726	0.01621	0.01474	0.01768	0.77602	0.01105	0.02284	0.01621	0.01400	0.00884	0.01031	0.00737	0.00589	0.00516	0.00147	0.01031	0.00368	0.00295	0.00663
43	0.00817	0.00613	0.00919	0.00919	0.01021	0.00715	0.00715	0.01021	0.00919	0.01328	0.01532	0.02247	0.01430	0.04290	0.77631	0.00919	0.01532	0.00613	0.00306	0.00511
44	0.04726	0.01021	0.01677	0.75101	0.03815	0.01271	0.01546	0.01471	0.01136	0.01510	0.01007	0.01499	0.00756	0.00570	0.00562	0.00190	0.00748	0.00500	0.00259	0.00635
45	0.01080	0.01017	0.01716	0.78523	0.03940	0.01271	0.01589	0.01461	0.01144	0.01461	0.01017	0.01525	0.00762	0.00572	0.00572	0.00191	0.00762	0.00508	0.00254	0.00635
46	0.01186	0.01017	0.01186	0.00847	0.01356	0.00762	0.00678	0.01440	0.01186	0.01864	0.01017	0.01186	0.00847	0.00424	0.00424	0.00085	0.00424	0.00339	0.00339	0.83395
47	0.00922	0.00658	0.00922	0.01053	0.01185	0.00658	0.00922	0.01185	0.01317	0.01712	0.03029	0.06452	0.03292	0.01580	0.00790	0.00263	0.00527	0.72480	0.00527	0.00527
48	0.00817	0.00613	0.00919	0.00919	0.01021	0.00715	0.00715	0.01021	0.00919	0.01328	0.01532	0.02247	0.01430	0.04290	0.77631	0.00919	0.01532	0.00613	0.00306	0.00511
49	0.01257	0.01014	0.01193	0.00856	0.01361	0.00767	0.00686	0.01510	0.01209	0.05716	0.01080	0.01225	0.00876	0.00438	0.00431	0.00089	0.00427	0.00351	0.00358	0.79154
50	0.00746	0.00594	0.00607	0.00596	0.00798	0.00496	0.00450	0.00894	0.01316	0.04323	0.05664	0.05373	0.73339	0.01421	0.00672	0.00193	0.00297	0.01184	0.00538	0.00501

[dist]
# distance from previous block
# <min> <max>
0	1

[block]
# block no. 6 follows, 41 sequences, length 14
# corresponding to MSA columns:
# 797-810
name=unknown_G
#
# <colnr> <probs for GDERKNQSTAVLIFYWHMCP>
#	G	D	E	R	K	N	Q	S	T	A	V	L	I	F	Y	W	H	M	C	P
0	0.01207	0.01146	0.01945	0.50186	0.31286	0.01304	0.01652	0.01572	0.01204	0.01615	0.01039	0.01484	0.00817	0.00548	0.00570	0.00183	0.00731	0.00509	0.00265	0.00738
1	0.00818	0.00609	0.00902	0.00902	0.00998	0.00705	0.00693	0.01010	0.00914	0.01315	0.01548	0.02336	0.01469	0.08782	0.73192	0.00898	0.01474	0.00626	0.00309	0.00501
2	0.00922	0.00658	0.00922	0.01053	0.01185	0.00658	0.00922	0.01185	0.01317	0.01712	0.03029	0.06452	0.03292	0.01580	0.00790	0.00263	0.00527	0.72480	0.00527	0.00527
3	0.00994	0.00497	0.00745	0.00745	0.00745	0.00497	0.00497	0.00745	0.00745	0.00994	0.00994	0.01739	0.00994	0.01987	0.02235	0.83358	0.00497	0.00497	0.00248	0.00248
4	0.72675	0.03859	0.00979	0.00808	0.01169	0.01346	0.00669	0.04734	0.05635	0.02556	0.00914	0.01021	0.00707	0.00551	0.00377	0.00176	0.00457	0.00339	0.00373	0.00655
5	0.01379	0.01330	0.05615	0.07820	0.15696	0.01394	0.01184	0.02607	0.51548	0.02189	0.01919	0.01901	0.01455	0.00697	0.00576	0.00189	0.00541	0.00598	0.00482	0.00881
6	0.04255	0.63821	0.11959	0.01188	0.05633	0.02067	0.01148	0.01726	0.01169	0.01472	0.00839	0.00980	0.00738	0.00498	0.00399	0.00134	0.00638	0.00331	0.00250	0.00753
7	0.01818	0.01580	0.01460	0.01234	0.01599	0.15350	0.00974	0.24695	0.32185	0.05885	0.01720	0.01665	0.01277	0.00699	0.00557	0.00173	0.00608	0.00541	0.02816	0.03165
8	0.00817	0.00613	0.00919	0.00919	0.01021	0.00715	0.00715	0.01021	0.00919	0.01328	0.01532	0.02247	0.01430	0.04290	0.77631	0.00919	0.01532	0.00613	0.00306	0.00511
9	0.01080	0.01017	0.01716	0.78523	0.03940	0.01271	0.01589	0.01461	0.01144	0.01461	0.01017	0.01525	0.00762	0.00572	0.00572	0.00191	0.00762	0.00508	0.00254	0.00635
10	0.01169	0.02806	0.68985	0.01715	0.02531	0.01341	0.09909	0.01814	0.01223	0.01814	0.01041	0.01244	0.00740	0.00537	0.00558	0.00182	0.00858	0.00450	0.00247	0.00837
11	0.02174	0.01602	0.01717	0.01316	0.01774	0.01774	0.01087	0.74423	0.02689	0.03605	0.01373	0.01373	0.00973	0.00687	0.00572	0.00172	0.00629	0.00515	0.00572	0.00973
12	0.00690	0.00580	0.00599	0.00594	0.00781	0.00489	0.00446	0.00848	0.01337	0.01625	0.13267	0.05374	0.68576	0.01419	0.00676	0.00192	0.00288	0.01189	0.00542	0.00489
13	0.01416	0.01359	0.02322	0.03511	0.76330	0.01359	0.01755	0.01755	0.01302	0.01869	0.01076	0.01416	0.00906	0.00510	0.00566	0.00170	0.00680	0.00510	0.00283	0.00906

[dist]
# distance from previous block
# <min> <max>
1	40

[block]
# block no. 7 follows, 41 sequences, length 6
# corresponding to MSA columns:
# 852-857
name=unknown_H
#
# <colnr> <probs for GDERKNQSTAVLIFYWHMCP>
#	G	D	E	R	K	N	Q	S	T	A	V	L	I	F	Y	W	H	M	C	P
