[name]
unknown

[dist]
# distance from previous block
# <min> <max>
0	52

[block]
# block no. 0 follows, 39 sequences, length 13
# corresponding to MSA columns:
# 56-68
name=unknown_A
#
# <colnr> <probs for GDERKNQSTAVLIFYWHMCP>
#	G	D	E	R	K	N	Q	S	T	A	V	L	I	F	Y	W	H	M	C	P
0	0.00947	0.00677	0.00944	0.01071	0.01207	0.00674	0.00932	0.01220	0.01378	0.01801	0.06900	0.06553	0.03517	0.01611	0.00811	0.00268	0.00531	0.67863	0.00550	0.00545
1	0.00736	0.00526	0.00702	0.00832	0.00875	0.00492	0.00567	0.00853	0.01165	0.01557	0.06271	0.72521	0.03959	0.01816	0.00755	0.00239	0.00349	0.04744	0.00553	0.00486
2	0.01556	0.72707	0.02986	0.01059	0.01521	0.02294	0.01037	0.01740	0.01176	0.01394	0.00818	0.00979	0.00760	0.00552	0.00516	0.00138	0.07430	0.00334	0.00253	0.00749
3	0.00840	0.00565	0.00651	0.00671	0.00676	0.00560	0.00386	0.00855	0.00899	0.01199	0.02064	0.14669	0.02404	0.68071	0.02685	0.00525	0.00540	0.00978	0.00386	0.00376
4	0.00847	0.00611	0.00805	0.00774	0.00913	0.00569	0.00593	0.01126	0.01647	0.02319	0.68894	0.04615	0.05389	0.01246	0.00708	0.00194	0.00302	0.07251	0.00642	0.00557
5	0.00860	0.00573	0.00645	0.00645	0.00645	0.00573	0.00358	0.00860	0.00860	0.01147	0.01863	0.03870	0.02150	0.79217	0.03010	0.00573	0.00573	0.00860	0.00358	0.00358
6	0.01767	0.01196	0.01342	0.01156	0.01519	0.01304	0.00913	0.05408	0.51614	0.20608	0.04836	0.02207	0.01823	0.00796	0.00603	0.00195	0.00476	0.00659	0.00635	0.00943
7	0.00837	0.00604	0.00790	0.00744	0.00883	0.00558	0.00558	0.01116	0.01674	0.02371	0.75216	0.04417	0.05580	0.01209	0.00697	0.00186	0.00279	0.01069	0.00651	0.00558
8	0.02093	0.73064	0.03304	0.01376	0.01893	0.02526	0.01222	0.02119	0.01541	0.01920	0.01390	0.01733	0.01289	0.00877	0.00628	0.00231	0.00807	0.00507	0.00447	0.01032
9	0.01635	0.72942	0.02976	0.01056	0.01545	0.08776	0.01023	0.01822	0.01243	0.01396	0.00830	0.00959	0.00759	0.00515	0.00393	0.00129	0.00670	0.00322	0.00257	0.00753
10	0.01317	0.01105	0.01275	0.00919	0.01440	0.00881	0.00738	0.07869	0.01364	0.02086	0.01084	0.01243	0.00887	0.00462	0.00452	0.00096	0.00457	0.00366	0.00372	0.75588
11	0.00827	0.00599	0.00773	0.00739	0.00871	0.00553	0.00547	0.01083	0.01609	0.02260	0.66741	0.07951	0.08032	0.03866	0.00778	0.00202	0.00293	0.01098	0.00633	0.00545
12	0.10869	0.03536	0.01391	0.06858	0.01672	0.01178	0.00927	0.02699	0.23324	0.38132	0.02049	0.01891	0.01404	0.00716	0.00565	0.00188	0.00513	0.00573	0.00603	0.00912

[dist]
# distance from previous block
# <min> <max>
4	6

[block]
# block no. 1 follows, 39 sequences, length 8
# corresponding to MSA columns:
# 75-82
name=unknown_B
#
# <colnr> <probs for GDERKNQSTAVLIFYWHMCP>
#	G	D	E	R	K	N	Q	S	T	A	V	L	I	F	Y	W	H	M	C	P
0	0.01263	0.01232	0.04384	0.02561	0.43105	0.01160	0.06716	0.03997	0.01360	0.01881	0.02004	0.15195	0.08164	0.00886	0.00641	0.00195	0.00625	0.03461	0.00378	0.00795
1	0.01421	0.01515	0.06877	0.06765	0.56938	0.01413	0.12696	0.01816	0.01341	0.01903	0.01119	0.01476	0.00913	0.00528	0.00601	0.00181	0.00761	0.00548	0.00290	0.00899
2	0.02209	0.02819	0.01676	0.01524	0.01828	0.76843	0.01143	0.02361	0.01676	0.01447	0.00914	0.01066	0.00762	0.00609	0.00533	0.00152	0.01066	0.00381	0.00305	0.00686
3	0.01093	0.00780	0.01234	0.32224	0.05740	0.00887	0.01025	0.01187	0.01016	0.01394	0.01137	0.01735	0.00978	0.01239	0.01325	0.36355	0.00609	0.00523	0.09034	0.00484
4	0.01982	0.02005	0.01829	0.06620	0.15355	0.30798	0.01280	0.24965	0.05473	0.02317	0.01193	0.01339	0.00924	0.00635	0.00568	0.00170	0.00821	0.00479	0.00406	0.00844
5	0.01275	0.01268	0.01807	0.09685	0.01821	0.01758	0.01331	0.01433	0.00935	0.01433	0.00806	0.01324	0.00778	0.00988	0.01797	0.00252	0.69884	0.00518	0.00259	0.00648
6	0.00845	0.00634	0.00950	0.00950	0.01056	0.00739	0.00739	0.01056	0.00950	0.01373	0.01584	0.02323	0.01478	0.04435	0.76873	0.00950	0.01584	0.00634	0.00317	0.00528
7	0.02248	0.01656	0.01775	0.01361	0.01834	0.01834	0.01124	0.73556	0.02780	0.03727	0.01420	0.01420	0.01006	0.00710	0.00592	0.00177	0.00651	0.00532	0.00592	0.01006

[dist]
# distance from previous block
# <min> <max>
0	2

[block]
# block no. 2 follows, 39 sequences, length 12
# corresponding to MSA columns:
# 85-96
name=unknown_C
#
# <colnr> <probs for GDERKNQSTAVLIFYWHMCP>
#	G	D	E	R	K	N	Q	S	T	A	V	L	I	F	Y	W	H	M	C	P
0	0.01802	0.01617	0.02523	0.12024	0.63115	0.01588	0.01896	0.02030	0.01565	0.02233	0.01498	0.02010	0.01292	0.00801	0.00753	0.00251	0.00834	0.00651	0.00427	0.01092
1	0.00804	0.00583	0.00727	0.00732	0.00830	0.00550	0.00513	0.00975	0.01330	0.01815	0.34592	0.17842	0.12965	0.17358	0.05468	0.00319	0.00426	0.01135	0.00542	0.00494
2	0.00755	0.00529	0.00676	0.00779	0.00805	0.00504	0.00501	0.00833	0.01064	0.01419	0.02911	0.60111	0.03471	0.21172	0.01318	0.00323	0.00401	0.01476	0.00501	0.00450
3	0.83394	0.01144	0.00869	0.00778	0.01144	0.01327	0.00640	0.01738	0.01006	0.02653	0.00823	0.00961	0.00640	0.00549	0.00366	0.00183	0.00457	0.00320	0.00366	0.00640
4	0.01309	0.01049	0.01235	0.00886	0.01408	0.00793	0.00711	0.01570	0.01253	0.06223	0.01126	0.01272	0.00910	0.00455	0.00447	0.00093	0.00442	0.00365	0.00373	0.78082
5	0.04099	0.01448	0.02005	0.24274	0.38438	0.10058	0.01581	0.01893	0.07071	0.01822	0.01164	0.01492	0.00933	0.00577	0.00575	0.00181	0.00743	0.00514	0.00312	0.00818
6	0.00930	0.00810	0.01161	0.01149	0.06742	0.00778	0.07805	0.01213	0.04215	0.01821	0.17991	0.08533	0.30960	0.04423	0.00838	0.00220	0.03354	0.05956	0.00509	0.00592
7	0.00700	0.00594	0.00605	0.00613	0.00803	0.00498	0.00456	0.00847	0.01334	0.01592	0.05818	0.10326	0.70764	0.01520	0.00702	0.00202	0.00302	0.01276	0.00549	0.00498
8	0.01863	0.01324	0.01454	0.01218	0.01608	0.01463	0.00973	0.20906	0.44303	0.14935	0.02145	0.01975	0.01547	0.00767	0.00598	0.00192	0.00520	0.00622	0.00621	0.00965
9	0.01981	0.04963	0.01683	0.01436	0.06946	0.10122	0.01079	0.30299	0.18684	0.11549	0.01708	0.04082	0.01293	0.00737	0.00583	0.00180	0.00632	0.00581	0.00541	0.00921
10	0.00767	0.00602	0.00694	0.00671	0.00841	0.00528	0.00503	0.00981	0.01509	0.01981	0.40258	0.05061	0.40782	0.01355	0.00698	0.00193	0.00289	0.01160	0.00600	0.00528
11	0.01396	0.01595	0.03490	0.02493	0.03091	0.01496	0.73380	0.01894	0.01396	0.01894	0.01196	0.01595	0.00897	0.00499	0.00698	0.00199	0.00997	0.00698	0.00299	0.00798

[dist]
# distance from previous block
# <min> <max>
0	1

[block]
# block no. 3 follows, 39 sequences, length 11
# corresponding to MSA columns:
# 98-108
name=unknown_D
#
# <colnr> <probs for GDERKNQSTAVLIFYWHMCP>
#	G	D	E	R	K	N	Q	S	T	A	V	L	I	F	Y	W	H	M	C	P
0	0.02084	0.18293	0.01969	0.01412	0.01766	0.57999	0.01115	0.05817	0.01635	0.01550	0.00921	0.01060	0.00773	0.00594	0.00505	0.00148	0.00958	0.00375	0.00309	0.00716
1	0.00976	0.00817	0.01165	0.01090	0.01154	0.01030	0.00857	0.01140	0.00928	0.01362	0.01382	0.02197	0.01350	0.11695	0.47146	0.00710	0.23528	0.00625	0.00305	0.00544
2	0.67490	0.01029	0.00808	0.00734	0.01056	0.01177	0.00597	0.01669	0.01052	0.02567	0.01037	0.01201	0.00810	0.00576	0.00375	0.00174	0.00422	0.00365	0.16239	0.00623
3	0.02425	0.01057	0.01366	0.01081	0.01515	0.00985	0.00882	0.02932	0.15756	0.61740	0.02347	0.02050	0.01530	0.00746	0.00596	0.00186	0.00496	0.00609	0.00707	0.00993
4	0.59736	0.01293	0.01133	0.00948	0.01345	0.01475	0.00781	0.22676	0.01524	0.02966	0.00997	0.01095	0.00747	0.00596	0.00432	0.00181	0.00514	0.00382	0.00432	0.00747
5	0.00959	0.15865	0.01207	0.00773	0.00993	0.00893	0.00629	0.01201	0.01532	0.02061	0.49976	0.03947	0.15586	0.01118	0.00636	0.00177	0.00351	0.00952	0.00558	0.00588
6	0.00845	0.00634	0.00950	0.00950	0.01056	0.00739	0.00739	0.01056	0.00950	0.01373	0.01584	0.02323	0.01478	0.04435	0.76873	0.00950	0.01584	0.00634	0.00317	0.00528
7	0.00846	0.00628	0.00924	0.00924	0.01020	0.00725	0.00706	0.01039	0.00943	0.01353	0.01608	0.02458	0.01537	0.10929	0.70459	0.00918	0.01496	0.00653	0.00320	0.00513
8	0.17899	0.02495	0.01520	0.01379	0.01696	0.62248	0.01046	0.02241	0.01546	0.01680	0.00897	0.01046	0.00738	0.00598	0.00501	0.00158	0.00949	0.00369	0.00317	0.00677
9	0.01734	0.01316	0.01453	0.01146	0.01594	0.01344	0.00923	0.26345	0.23004	0.07502	0.01652	0.01627	0.01227	0.00654	0.00547	0.00157	0.00523	0.00520	0.00529	0.26205
10	0.00749	0.00533	0.00709	0.00840	0.00882	0.00503	0.00578	0.00863	0.01141	0.01517	0.03182	0.68547	0.03781	0.05469	0.00867	0.00259	0.00373	0.08187	0.00540	0.00481

[dist]
# distance from previous block
# <min> <max>
0	5

[block]
# block no. 4 follows, 39 sequences, length 6
# corresponding to MSA columns:
# 114-119
name=unknown_E
#
# <colnr> <probs for GDERKNQSTAVLIFYWHMCP>
#	G	D	E	R	K	N	Q	S	T	A	V	L	I	F	Y	W	H	M	C	P
0	0.00753	0.00601	0.00674	0.00656	0.00832	0.00522	0.00492	0.00953	0.01476	0.01901	0.33093	0.05193	0.47996	0.01385	0.00698	0.00194	0.00291	0.01178	0.00589	0.00522
1	0.01354	0.01086	0.01338	0.03993	0.05976	0.01039	0.00952	0.14854	0.05615	0.02223	0.01794	0.05181	0.01687	0.00866	0.00596	0.00171	0.00532	0.18446	0.00458	0.31839
2	0.01216	0.00620	0.00695	0.00650	0.00807	0.00594	0.00475	0.01429	0.01267	0.11432	0.07992	0.02829	0.05434	0.15311	0.00953	0.00231	0.00361	0.00688	0.46443	0.00572
3	0.01439	0.46856	0.11850	0.01118	0.01563	0.09916	0.01090	0.01672	0.01246	0.01481	0.01314	0.15417	0.01342	0.00774	0.00489	0.00158	0.00657	0.00591	0.00313	0.00714
4	0.53235	0.11106	0.01162	0.00815	0.01137	0.01344	0.00662	0.05481	0.01101	0.02271	0.01048	0.01523	0.00955	0.15115	0.00869	0.00248	0.00512	0.00431	0.00362	0.00623
5	0.01294	0.01249	0.02205	0.46207	0.16708	0.01393	0.14925	0.05612	0.01340	0.01780	0.01109	0.01551	0.00847	0.00569	0.00610	0.00193	0.00804	0.00558	0.00293	0.00753

[dist]
# distance from previous block
# <min> <max>
0	32

[block]
# block no. 5 follows, 39 sequences, length 8
# corresponding to MSA columns:
# 152-159
name=unknown_F
#
# <colnr> <probs for GDERKNQSTAVLIFYWHMCP>
#	G	D	E	R	K	N	Q	S	T	A	V	L	I	F	Y	W	H	M	C	P
0	0.01188	0.00682	0.00903	0.00804	0.01004	0.00618	0.00618	0.01457	0.01678	0.16584	0.61135	0.03953	0.04785	0.01117	0.00678	0.00185	0.00322	0.00978	0.00667	0.00645
1	0.01563	0.01413	0.02242	0.13573	0.47851	0.01479	0.05003	0.15636	0.01603	0.02218	0.01167	0.01477	0.00927	0.00570	0.00593	0.00180	0.00718	0.00536	0.00347	0.00904
2	0.00750	0.00586	0.00665	0.00713	0.00845	0.00523	0.00521	0.00887	0.01247	0.01549	0.04583	0.22948	0.42464	0.09774	0.00969	0.00257	0.00367	0.09339	0.00529	0.00485
3	0.01121	0.00647	0.00832	0.00811	0.00981	0.00579	0.00597	0.01301	0.01417	0.16128	0.22281	0.32789	0.15390	0.01411	0.00700	0.00208	0.00350	0.01242	0.00611	0.00605
4	0.01706	0.00981	0.01195	0.01006	0.01316	0.00975	0.00795	0.13421	0.11621	0.25538	0.25865	0.08107	0.02942	0.00971	0.00640	0.00189	0.00438	0.00825	0.00653	0.00815
5	0.01354	0.01205	0.02052	0.01631	0.01998	0.01197	0.28785	0.15413	0.01619	0.02167	0.04383	0.06714	0.01996	0.05679	0.00853	0.00240	0.00723	0.20825	0.00452	0.00717
6	0.01957	0.02140	0.02083	0.07098	0.04951	0.37011	0.15154	0.18513	0.01828	0.02079	0.01102	0.01300	0.00852	0.00607	0.00584	0.00171	0.00925	0.00492	0.00366	0.00788
7	0.01236	0.12631	0.67014	0.01601	0.02429	0.01494	0.02038	0.01860	0.01243	0.01813	0.01031	0.01211	0.00750	0.00555	0.00539	0.00180	0.00844	0.00422	0.00250	0.00860

[dist]
# distance from previous block
# <min> <max>
0	35

[block]
# block no. 6 follows, 39 sequences, length 6
# corresponding to MSA columns:
# 195-200
name=unknown_G
#
# <colnr> <probs for GDERKNQSTAVLIFYWHMCP>
#	G	D	E	R	K	N	Q	S	T	A	V	L	I	F	Y	W	H	M	C	P
0	0.00754	0.00590	0.00615	0.00615	0.00746	0.00524	0.00418	0.00853	0.01182	0.01444	0.04587	0.05072	0.50408	0.27935	0.01485	0.00327	0.00393	0.01116	0.00484	0.00451
1	0.02251	0.01096	0.01360	0.01104	0.01519	0.01074	0.00892	0.02971	0.26446	0.50947	0.02358	0.02079	0.01580	0.00756	0.00597	0.00189	0.00491	0.00620	0.00688	0.00982
2	0.72129	0.01131	0.00993	0.11322	0.01545	0.01325	0.00778	0.01707	0.01031	0.02497	0.00855	0.01045	0.00661	0.00555	0.00397	0.00185	0.00503	0.00348	0.00352	0.00643
3	0.00768	0.00535	0.00672	0.00763	0.00785	0.00512	0.00484	0.00836	0.01040	0.01386	0.02785	0.53331	0.03312	0.28170	0.01522	0.00354	0.00421	0.01402	0.00484	0.00439
4	0.02248	0.01656	0.01775	0.01361	0.01834	0.01834	0.01124	0.73556	0.02780	0.03727	0.01420	0.01420	0.01006	0.00710	0.00592	0.00177	0.00651	0.00532	0.00592	0.01006
5	0.00803	0.00593	0.00861	0.00907	0.00989	0.00651	0.00674	0.00977	0.01012	0.01419	0.02154	0.28349	0.02306	0.03557	0.50980	0.00709	0.01162	0.00990	0.00396	0.00512

[dist]
# distance from previous block
# <min> <max>
0	206

# created by:
# /software/SequenceAnalysis/GenePrediction/augustus/3.0.1/scripts/msa2prfl.pl ./fixed/BUSCOvEOG7M0GG5.fas
