[name]
unknown

[dist]
# distance from previous block
# <min> <max>
0	74

[block]
# block no. 0 follows, 40 sequences, length 30
# corresponding to MSA columns:
# 81-110
name=unknown_A
#
# <colnr> <probs for GDERKNQSTAVLIFYWHMCP>
#	G	D	E	R	K	N	Q	S	T	A	V	L	I	F	Y	W	H	M	C	P
0	0.02862	0.02046	0.02170	0.01785	0.02269	0.02073	0.01370	0.61883	0.02960	0.08056	0.02159	0.02456	0.01716	0.01188	0.00900	0.00314	0.00872	0.00765	0.00817	0.01338
1	0.00724	0.00518	0.00688	0.00799	0.00847	0.00483	0.00541	0.00848	0.01185	0.01598	0.12879	0.69187	0.04065	0.01737	0.00735	0.00229	0.00329	0.01573	0.00553	0.00483
2	0.83671	0.01125	0.00855	0.00765	0.01125	0.01305	0.00630	0.01709	0.00990	0.02609	0.00810	0.00945	0.00630	0.00540	0.00360	0.00180	0.00450	0.00315	0.00360	0.00630
3	0.01494	0.01273	0.01342	0.01193	0.01530	0.01469	0.00932	0.07514	0.70383	0.02510	0.02306	0.02121	0.01726	0.00783	0.00591	0.00196	0.00471	0.00649	0.00591	0.00925
4	0.01084	0.00542	0.00542	0.00542	0.00678	0.00542	0.00407	0.01355	0.01220	0.02168	0.01897	0.02168	0.01491	0.00678	0.00407	0.00136	0.00271	0.00542	0.82791	0.00542
5	0.00846	0.00564	0.00634	0.00634	0.00634	0.00564	0.00352	0.00846	0.00846	0.01128	0.01832	0.03805	0.02114	0.79563	0.02960	0.00564	0.00564	0.00846	0.00352	0.00352
6	0.83671	0.01125	0.00855	0.00765	0.01125	0.01305	0.00630	0.01709	0.00990	0.02609	0.00810	0.00945	0.00630	0.00540	0.00360	0.00180	0.00450	0.00315	0.00360	0.00630
7	0.01528	0.01550	0.02274	0.03319	0.66966	0.10558	0.01705	0.01850	0.01363	0.01842	0.01070	0.01392	0.00900	0.00528	0.00569	0.00170	0.00734	0.00501	0.00289	0.00891
8	0.01009	0.00695	0.00778	0.00725	0.00790	0.00713	0.00456	0.09712	0.01124	0.01510	0.06384	0.03548	0.02188	0.65131	0.02530	0.00493	0.00555	0.00820	0.00398	0.00442
9	0.01404	0.01223	0.01367	0.10497	0.01814	0.01428	0.01004	0.02896	0.65966	0.02318	0.02206	0.02095	0.01654	0.00764	0.00590	0.00197	0.00498	0.00640	0.00551	0.00887
10	0.01398	0.01340	0.02286	0.12594	0.67233	0.01371	0.01764	0.01749	0.01305	0.01850	0.01087	0.01453	0.00903	0.00526	0.00576	0.00175	0.00701	0.00518	0.00284	0.00888
11	0.01384	0.01172	0.01252	0.01144	0.01441	0.01341	0.00881	0.05277	0.63454	0.02361	0.02435	0.11460	0.01998	0.00911	0.00610	0.00201	0.00452	0.00773	0.00585	0.00869
12	0.03677	0.01300	0.01961	0.01700	0.05605	0.01626	0.12536	0.01700	0.09956	0.01667	0.01107	0.01578	0.00983	0.00885	0.01413	0.00232	0.48448	0.02606	0.00314	0.00705
13	0.01512	0.01391	0.02250	0.07707	0.62717	0.01427	0.01692	0.10504	0.01485	0.02089	0.01127	0.01441	0.00921	0.00544	0.00577	0.00174	0.00690	0.00519	0.00322	0.00913
14	0.01011	0.00693	0.00769	0.00719	0.00776	0.00714	0.00443	0.09696	0.01074	0.01435	0.01780	0.03514	0.01978	0.70022	0.02672	0.00517	0.00573	0.00807	0.00380	0.00429
15	0.01093	0.01001	0.01683	0.73335	0.03803	0.01243	0.01546	0.01440	0.01138	0.01456	0.01032	0.01564	0.00790	0.00671	0.00687	0.05366	0.00758	0.00516	0.00258	0.00621
16	0.00709	0.00506	0.00675	0.00810	0.00843	0.00472	0.00540	0.00810	0.01113	0.01484	0.03205	0.79184	0.03846	0.01822	0.00742	0.00236	0.00337	0.01653	0.00540	0.00472
17	0.01323	0.01292	0.01779	0.01516	0.01542	0.01782	0.01263	0.05333	0.00990	0.01522	0.00798	0.01279	0.00776	0.01000	0.01837	0.00250	0.74281	0.00510	0.00272	0.00655
18	0.00738	0.00591	0.00659	0.00642	0.00816	0.00512	0.00482	0.00932	0.01445	0.01854	0.31833	0.05131	0.49581	0.01367	0.00687	0.00191	0.00287	0.01162	0.00577	0.00512
19	0.01446	0.01249	0.01315	0.01183	0.01512	0.01446	0.00920	0.03090	0.74885	0.02433	0.02367	0.02170	0.01775	0.00789	0.00592	0.00197	0.00460	0.00657	0.00592	0.00920
20	0.02609	0.00990	0.01350	0.01035	0.01484	0.00855	0.00855	0.02834	0.01664	0.76338	0.02294	0.01979	0.01439	0.00720	0.00585	0.00180	0.00495	0.00585	0.00720	0.00990
21	0.00709	0.00506	0.00675	0.00810	0.00843	0.00472	0.00540	0.00810	0.01113	0.01484	0.03205	0.79184	0.03846	0.01822	0.00742	0.00236	0.00337	0.01653	0.00540	0.00472
22	0.01555	0.79913	0.03047	0.00995	0.01493	0.02301	0.00995	0.01741	0.01182	0.01368	0.00808	0.00933	0.00746	0.00498	0.00373	0.00124	0.00622	0.00311	0.00249	0.00746
23	0.00834	0.00611	0.00872	0.00872	0.00954	0.00693	0.00649	0.00998	0.00916	0.01304	0.01615	0.02602	0.01592	0.20058	0.61751	0.00857	0.01350	0.00670	0.00320	0.00484
24	0.00709	0.00506	0.00675	0.00810	0.00843	0.00472	0.00540	0.00810	0.01113	0.01484	0.03205	0.79184	0.03846	0.01822	0.00742	0.00236	0.00337	0.01653	0.00540	0.00472
25	0.02609	0.00990	0.01350	0.01035	0.01484	0.00855	0.00855	0.02834	0.01664	0.76338	0.02294	0.01979	0.01439	0.00720	0.00585	0.00180	0.00495	0.00585	0.00720	0.00990
26	0.01206	0.01034	0.01206	0.00861	0.01378	0.00775	0.00689	0.01464	0.01206	0.01895	0.01034	0.01206	0.00861	0.00431	0.00431	0.00086	0.00431	0.00345	0.00345	0.83118
27	0.00831	0.00623	0.00935	0.00935	0.01038	0.00727	0.00727	0.01038	0.00935	0.01350	0.01558	0.02285	0.01454	0.04361	0.77259	0.00935	0.01558	0.00623	0.00312	0.00519
28	0.02609	0.00990	0.01350	0.01035	0.01484	0.00855	0.00855	0.02834	0.01664	0.76338	0.02294	0.01979	0.01439	0.00720	0.00585	0.00180	0.00495	0.00585	0.00720	0.00990
29	0.01439	0.01382	0.02360	0.03569	0.75936	0.01382	0.01785	0.01785	0.01324	0.01900	0.01094	0.01439	0.00921	0.00518	0.00576	0.00173	0.00691	0.00518	0.00288	0.00921

[dist]
# distance from previous block
# <min> <max>
0	86

# created by:
# /software/SequenceAnalysis/GenePrediction/augustus/3.0.1/scripts/msa2prfl.pl ./fixed/BUSCOvEOG7CZCWT.fas
