[name]
unknown

[dist]
# distance from previous block
# <min> <max>
5	212

[block]
# block no. 0 follows, 41 sequences, length 12
# corresponding to MSA columns:
# 238-249
name=unknown_A
#
# <colnr> <probs for GDERKNQSTAVLIFYWHMCP>
#	G	D	E	R	K	N	Q	S	T	A	V	L	I	F	Y	W	H	M	C	P
0	0.01310	0.01237	0.02078	0.36413	0.44100	0.01342	0.01694	0.01654	0.01259	0.01729	0.01093	0.01522	0.00884	0.00566	0.00587	0.00187	0.00729	0.00523	0.00286	0.00808
1	0.01229	0.01047	0.01216	0.00877	0.01386	0.00788	0.00697	0.01470	0.01213	0.01902	0.01060	0.01246	0.00888	0.00454	0.00443	0.00093	0.00439	0.00354	0.00354	0.82843
2	0.01488	0.71973	0.10909	0.01048	0.01576	0.02163	0.01100	0.01723	0.01167	0.01396	0.00820	0.00949	0.00733	0.00495	0.00386	0.00129	0.00637	0.00318	0.00244	0.00746
3	0.01346	0.01096	0.01455	0.01193	0.01402	0.01267	0.00981	0.01528	0.01064	0.09609	0.01067	0.01384	0.00908	0.00939	0.04793	0.00220	0.40615	0.00467	0.03257	0.25409
4	0.01422	0.01110	0.07012	0.01010	0.01325	0.01002	0.00858	0.20424	0.06257	0.11330	0.30433	0.08861	0.04577	0.00973	0.00625	0.00183	0.00450	0.00825	0.00581	0.00742
5	0.01324	0.01283	0.02228	0.22681	0.48909	0.01346	0.08119	0.01725	0.03492	0.01776	0.01106	0.01477	0.00891	0.00531	0.00578	0.00178	0.00719	0.00528	0.00285	0.00824
6	0.00827	0.00595	0.00808	0.00924	0.01025	0.00577	0.00743	0.01029	0.01258	0.01653	0.07586	0.31602	0.06662	0.01623	0.00757	0.00245	0.00434	0.40615	0.00535	0.00504
7	0.01702	0.01552	0.01535	0.01495	0.09757	0.14249	0.01062	0.15159	0.40298	0.04342	0.01781	0.01734	0.01342	0.00698	0.00567	0.00179	0.00606	0.00560	0.00503	0.00878
8	0.00824	0.00587	0.00791	0.00791	0.00848	0.00645	0.00555	0.00939	0.00881	0.01233	0.01650	0.02898	0.01713	0.37205	0.45103	0.00760	0.01107	0.00708	0.00324	0.00439
9	0.01594	0.01114	0.01305	0.00960	0.01448	0.00956	0.00778	0.14706	0.01530	0.14741	0.01288	0.01347	0.00965	0.00518	0.00476	0.00116	0.00471	0.00410	0.00443	0.54834
10	0.01521	0.02071	0.30782	0.01879	0.15199	0.07397	0.06809	0.08475	0.08883	0.07956	0.01287	0.01422	0.00948	0.00595	0.00590	0.00179	0.02293	0.00496	0.00357	0.00859
11	0.01397	0.01525	0.15468	0.06977	0.08450	0.03962	0.01243	0.04400	0.31885	0.06566	0.06005	0.02163	0.01632	0.00752	0.00587	0.00189	0.00590	0.04914	0.00465	0.00829

[dist]
# distance from previous block
# <min> <max>
1	5

[block]
# block no. 1 follows, 41 sequences, length 74
# corresponding to MSA columns:
# 255-328
name=unknown_B
#
# <colnr> <probs for GDERKNQSTAVLIFYWHMCP>
#	G	D	E	R	K	N	Q	S	T	A	V	L	I	F	Y	W	H	M	C	P
0	0.00717	0.00514	0.00682	0.00783	0.00834	0.00478	0.00533	0.00848	0.01190	0.01611	0.16364	0.65882	0.04076	0.01679	0.00720	0.00223	0.00321	0.01519	0.00549	0.00478
1	0.01186	0.01017	0.01186	0.00847	0.01356	0.00762	0.00678	0.01440	0.01186	0.01864	0.01017	0.01186	0.00847	0.00424	0.00424	0.00085	0.00424	0.00339	0.00339	0.83395
2	0.00694	0.00509	0.00652	0.00767	0.00822	0.00467	0.00518	0.00800	0.01123	0.01472	0.03507	0.69589	0.13490	0.01746	0.00723	0.00227	0.00326	0.01570	0.00531	0.00467
3	0.01211	0.00893	0.01036	0.00970	0.01160	0.00937	0.00723	0.23707	0.06240	0.02247	0.08876	0.42549	0.02896	0.02843	0.00709	0.00213	0.00430	0.01155	0.00552	0.00653
4	0.00697	0.00498	0.00664	0.00796	0.00830	0.00465	0.00531	0.00796	0.01095	0.01460	0.03153	0.79525	0.03783	0.01792	0.00730	0.00232	0.00332	0.01626	0.00531	0.00465
5	0.00676	0.00579	0.00579	0.00579	0.00773	0.00483	0.00435	0.00821	0.01304	0.01545	0.05794	0.05505	0.76098	0.01449	0.00676	0.00193	0.00290	0.01207	0.00531	0.00483
6	0.01066	0.00533	0.00533	0.00533	0.00666	0.00533	0.00400	0.01333	0.01200	0.02132	0.01866	0.02132	0.01466	0.00666	0.00400	0.00133	0.00267	0.00533	0.83073	0.00533
7	0.01529	0.80242	0.02997	0.00979	0.01468	0.02263	0.00979	0.01713	0.01162	0.01346	0.00795	0.00918	0.00734	0.00489	0.00367	0.00122	0.00612	0.00306	0.00245	0.00734
8	0.02093	0.02602	0.01603	0.01450	0.01751	0.70783	0.01092	0.04314	0.06229	0.01522	0.00987	0.01109	0.00806	0.00604	0.00521	0.00151	0.00984	0.00390	0.00320	0.00687
9	0.00701	0.00531	0.00648	0.00723	0.00815	0.00477	0.00502	0.00831	0.01209	0.01566	0.10949	0.49774	0.25949	0.01628	0.00708	0.00215	0.00313	0.01442	0.00540	0.00477
10	0.01080	0.01017	0.01716	0.78523	0.03940	0.01271	0.01589	0.01461	0.01144	0.01461	0.01017	0.01525	0.00762	0.00572	0.00572	0.00191	0.00762	0.00508	0.00254	0.00635
11	0.01529	0.80242	0.02997	0.00979	0.01468	0.02263	0.00979	0.01713	0.01162	0.01346	0.00795	0.00918	0.00734	0.00489	0.00367	0.00122	0.00612	0.00306	0.00245	0.00734
12	0.01186	0.01017	0.01186	0.00847	0.01356	0.00762	0.00678	0.01440	0.01186	0.01864	0.01017	0.01186	0.00847	0.00424	0.00424	0.00085	0.00424	0.00339	0.00339	0.83395
13	0.83938	0.01106	0.00841	0.00752	0.01106	0.01283	0.00619	0.01681	0.00973	0.02566	0.00796	0.00929	0.00619	0.00531	0.00354	0.00177	0.00442	0.00310	0.00354	0.00619
14	0.02137	0.02726	0.01621	0.01474	0.01768	0.77602	0.01105	0.02284	0.01621	0.01400	0.00884	0.01031	0.00737	0.00589	0.00516	0.00147	0.01031	0.00368	0.00295	0.00663
15	0.00708	0.00506	0.00677	0.00809	0.00847	0.00474	0.00550	0.00816	0.01106	0.01473	0.03146	0.75882	0.03759	0.01781	0.00733	0.00234	0.00342	0.05158	0.00531	0.00468
16	0.81366	0.01164	0.03205	0.00779	0.01149	0.01285	0.00666	0.01685	0.00981	0.02543	0.00804	0.00938	0.00623	0.00531	0.00360	0.00177	0.00455	0.00313	0.00350	0.00626
17	0.01469	0.01252	0.01320	0.01173	0.01505	0.01445	0.00917	0.07476	0.70784	0.02468	0.02269	0.02087	0.01698	0.00770	0.00581	0.00193	0.00464	0.00638	0.00581	0.00910
18	0.00713	0.00588	0.00631	0.00640	0.00822	0.00506	0.00494	0.00881	0.01332	0.01627	0.11533	0.05497	0.62529	0.01438	0.00688	0.00199	0.00312	0.08540	0.00539	0.00492
19	0.00697	0.00498	0.00664	0.00796	0.00830	0.00465	0.00531	0.00796	0.01095	0.01460	0.03153	0.79525	0.03783	0.01792	0.00730	0.00232	0.00332	0.01626	0.00531	0.00465
20	0.01080	0.01017	0.01716	0.78523	0.03940	0.01271	0.01589	0.01461	0.01144	0.01461	0.01017	0.01525	0.00762	0.00572	0.00572	0.00191	0.00762	0.00508	0.00254	0.00635
21	0.02026	0.01459	0.01558	0.01211	0.01625	0.01607	0.00995	0.64607	0.02489	0.03407	0.01439	0.01475	0.01039	0.00684	0.00549	0.00167	0.00581	0.00517	0.11652	0.00914
22	0.02566	0.00973	0.01327	0.01018	0.01460	0.00841	0.00841	0.02788	0.01637	0.76726	0.02257	0.01947	0.01416	0.00708	0.00575	0.00177	0.00487	0.00575	0.00708	0.00973
23	0.02526	0.00983	0.01326	0.01023	0.01461	0.00861	0.00843	0.02797	0.04259	0.74080	0.02259	0.01954	0.01428	0.00710	0.00575	0.00178	0.00486	0.00578	0.00703	0.00971
24	0.61627	0.01132	0.03323	0.00844	0.01235	0.01177	0.00720	0.01954	0.01142	0.20532	0.01158	0.01185	0.00816	0.00574	0.00414	0.00177	0.00466	0.00378	0.00436	0.00712
25	0.02490	0.00957	0.01303	0.01005	0.01434	0.00828	0.00828	0.02714	0.01636	0.73501	0.05453	0.02048	0.01588	0.00728	0.00580	0.00177	0.00477	0.00595	0.00705	0.00955
26	0.83938	0.01106	0.00841	0.00752	0.01106	0.01283	0.00619	0.01681	0.00973	0.02566	0.00796	0.00929	0.00619	0.00531	0.00354	0.00177	0.00442	0.00310	0.00354	0.00619
27	0.01066	0.00533	0.00533	0.00533	0.00666	0.00533	0.00400	0.01333	0.01200	0.02132	0.01866	0.02132	0.01466	0.00666	0.00400	0.00133	0.00267	0.00533	0.83073	0.00533
28	0.01852	0.04376	0.04419	0.07627	0.01949	0.04090	0.03091	0.47200	0.02091	0.02806	0.01188	0.01337	0.00892	0.00709	0.00780	0.00185	0.13594	0.00501	0.00454	0.00860
29	0.01494	0.08038	0.02241	0.09346	0.54164	0.06736	0.01590	0.06280	0.01386	0.01866	0.01053	0.01354	0.00872	0.00530	0.00547	0.00166	0.00702	0.00483	0.00296	0.00856
30	0.00810	0.00585	0.00765	0.00720	0.00855	0.00540	0.00540	0.01079	0.01619	0.02294	0.76028	0.04273	0.05397	0.01169	0.00675	0.00180	0.00270	0.01034	0.00630	0.00540
31	0.00697	0.00498	0.00664	0.00796	0.00830	0.00465	0.00531	0.00796	0.01095	0.01460	0.03153	0.79525	0.03783	0.01792	0.00730	0.00232	0.00332	0.01626	0.00531	0.00465
32	0.00697	0.00498	0.00664	0.00796	0.00830	0.00465	0.00531	0.00796	0.01095	0.01460	0.03153	0.79525	0.03783	0.01792	0.00730	0.00232	0.00332	0.01626	0.00531	0.00465
33	0.01402	0.01207	0.01276	0.01149	0.01466	0.01393	0.00893	0.02974	0.72850	0.02389	0.04776	0.02205	0.01867	0.00789	0.00585	0.00194	0.00447	0.00660	0.00584	0.00893
34	0.01405	0.01348	0.02302	0.05986	0.73942	0.01356	0.01750	0.01746	0.01297	0.01855	0.01074	0.01419	0.00901	0.00512	0.00566	0.00171	0.00682	0.00510	0.00282	0.00897
35	0.83938	0.01106	0.00841	0.00752	0.01106	0.01283	0.00619	0.01681	0.00973	0.02566	0.00796	0.00929	0.00619	0.00531	0.00354	0.00177	0.00442	0.00310	0.00354	0.00619
36	0.01066	0.00533	0.00533	0.00533	0.00666	0.00533	0.00400	0.01333	0.01200	0.02132	0.01866	0.02132	0.01466	0.00666	0.00400	0.00133	0.00267	0.00533	0.83073	0.00533
37	0.00810	0.00585	0.00765	0.00720	0.00855	0.00540	0.00540	0.01079	0.01619	0.02294	0.76028	0.04273	0.05397	0.01169	0.00675	0.00180	0.00270	0.01034	0.00630	0.00540
38	0.01529	0.80242	0.02997	0.00979	0.01468	0.02263	0.00979	0.01713	0.01162	0.01346	0.00795	0.00918	0.00734	0.00489	0.00367	0.00122	0.00612	0.00306	0.00245	0.00734
39	0.02013	0.00902	0.01184	0.00926	0.01319	0.00766	0.00751	0.02241	0.01551	0.51306	0.12449	0.02381	0.06525	0.00778	0.00574	0.00165	0.00436	0.00644	0.00634	0.12455
40	0.00994	0.00497	0.00745	0.00745	0.00745	0.00497	0.00497	0.00745	0.00745	0.00994	0.00994	0.01739	0.00994	0.01987	0.02235	0.83358	0.00497	0.00497	0.00248	0.00248
41	0.01160	0.05509	0.74495	0.01609	0.02442	0.01359	0.02076	0.01808	0.01206	0.01796	0.01019	0.01198	0.00725	0.00542	0.00538	0.00179	0.00838	0.00419	0.00242	0.00842
42	0.01156	0.00984	0.01154	0.00844	0.01323	0.00744	0.00669	0.01400	0.01180	0.01839	0.01149	0.06055	0.01030	0.00509	0.00443	0.00094	0.00418	0.00419	0.00351	0.78240
43	0.01416	0.01359	0.02322	0.03511	0.76330	0.01359	0.01755	0.01755	0.01302	0.01869	0.01076	0.01416	0.00906	0.00510	0.00566	0.00170	0.00680	0.00510	0.00283	0.00906
44	0.00810	0.00585	0.00765	0.00720	0.00855	0.00540	0.00540	0.01079	0.01619	0.02294	0.76028	0.04273	0.05397	0.01169	0.00675	0.00180	0.00270	0.01034	0.00630	0.00540
45	0.00697	0.00498	0.00664	0.00796	0.00830	0.00465	0.00531	0.00796	0.01095	0.01460	0.03153	0.79525	0.03783	0.01792	0.00730	0.00232	0.00332	0.01626	0.00531	0.00465
46	0.01080	0.01017	0.01716	0.78523	0.03940	0.01271	0.01589	0.01461	0.01144	0.01461	0.01017	0.01525	0.00762	0.00572	0.00572	0.00191	0.00762	0.00508	0.00254	0.00635
47	0.02566	0.00973	0.01327	0.01018	0.01460	0.00841	0.00841	0.02788	0.01637	0.76726	0.02257	0.01947	0.01416	0.00708	0.00575	0.00177	0.00487	0.00575	0.00708	0.00973
48	0.63205	0.01072	0.00965	0.00820	0.01196	0.01170	0.00676	0.01963	0.01143	0.21462	0.01168	0.01188	0.00822	0.00576	0.00410	0.00177	0.00454	0.00377	0.00444	0.00710
49	0.00922	0.00658	0.00922	0.01053	0.01185	0.00658	0.00922	0.01185	0.01317	0.01712	0.03029	0.06452	0.03292	0.01580	0.00790	0.00263	0.00527	0.72480	0.00527	0.00527
50	0.80563	0.01127	0.00877	0.00775	0.01134	0.01303	0.00639	0.04684	0.01044	0.02609	0.00820	0.00948	0.00634	0.00537	0.00363	0.00177	0.00450	0.00318	0.00363	0.00634
51	0.02566	0.00973	0.01327	0.01018	0.01460	0.00841	0.00841	0.02788	0.01637	0.76726	0.02257	0.01947	0.01416	0.00708	0.00575	0.00177	0.00487	0.00575	0.00708	0.00973
52	0.01251	0.01251	0.01752	0.01502	0.01502	0.01752	0.01251	0.01377	0.00876	0.01377	0.00751	0.01251	0.00751	0.01001	0.01877	0.00250	0.78851	0.00501	0.00250	0.00626
53	0.00832	0.00555	0.00624	0.00624	0.00624	0.00555	0.00347	0.00832	0.00832	0.01109	0.01802	0.03743	0.02080	0.79898	0.02911	0.00555	0.00555	0.00832	0.00347	0.00347
54	0.01236	0.01321	0.02676	0.34498	0.03390	0.01372	0.43620	0.01676	0.01263	0.01676	0.01098	0.01535	0.00823	0.00520	0.00632	0.00192	0.00879	0.00605	0.00274	0.00714
55	0.00779	0.00564	0.00738	0.00754	0.00863	0.00523	0.00554	0.00997	0.01445	0.02003	0.49212	0.25468	0.07349	0.01376	0.00696	0.00200	0.00302	0.05069	0.00593	0.00516
56	0.01186	0.01017	0.01186	0.00847	0.01356	0.00762	0.00678	0.01440	0.01186	0.01864	0.01017	0.01186	0.00847	0.00424	0.00424	0.00085	0.00424	0.00339	0.00339	0.83395
57	0.00703	0.00581	0.00617	0.00608	0.00789	0.00495	0.00456	0.00874	0.01368	0.01699	0.20202	0.05252	0.61595	0.01391	0.00676	0.00190	0.00286	0.01172	0.00551	0.00495
58	0.00741	0.00615	0.00705	0.00689	0.00849	0.00579	0.00524	0.00910	0.01288	0.01633	0.16354	0.06793	0.51258	0.01684	0.08670	0.00270	0.04332	0.01094	0.00510	0.00502
59	0.01914	0.02025	0.01485	0.01259	0.01621	0.43011	0.00972	0.14122	0.01691	0.04512	0.01089	0.01206	0.00858	0.00580	0.00503	0.00139	0.00785	0.00402	0.04491	0.17334
60	0.02123	0.05208	0.01686	0.01427	0.01759	0.60887	0.01097	0.15678	0.01804	0.01808	0.00972	0.01091	0.00781	0.00604	0.00521	0.00151	0.00942	0.00393	0.00345	0.00723
61	0.00702	0.00501	0.00668	0.00793	0.00831	0.00468	0.00531	0.00808	0.01117	0.01495	0.06207	0.76371	0.03851	0.01766	0.00728	0.00230	0.00329	0.01601	0.00535	0.00468
62	0.04432	0.34481	0.36534	0.01281	0.01916	0.01701	0.01475	0.01875	0.05799	0.04156	0.01044	0.01160	0.00811	0.00541	0.00467	0.00157	0.00698	0.00389	0.00284	0.00799
63	0.00994	0.00497	0.00745	0.00745	0.00745	0.00497	0.00497	0.00745	0.00745	0.00994	0.00994	0.01739	0.00994	0.01987	0.02235	0.83358	0.00497	0.00497	0.00248	0.00248
64	0.01315	0.12776	0.53386	0.01582	0.05901	0.04155	0.01789	0.01925	0.05842	0.04547	0.01120	0.01259	0.00824	0.00557	0.00524	0.00172	0.00776	0.00429	0.00284	0.00836
65	0.01653	0.15520	0.04135	0.01084	0.01470	0.01390	0.00921	0.06275	0.33868	0.17791	0.03510	0.04520	0.03877	0.00760	0.00549	0.00177	0.00499	0.00613	0.00533	0.00855
66	0.00764	0.00573	0.00708	0.00695	0.00832	0.00517	0.00513	0.00983	0.01480	0.02013	0.50288	0.13509	0.22405	0.01311	0.00682	0.00189	0.00282	0.01147	0.00594	0.00517
67	0.01236	0.01188	0.06512	0.07428	0.01675	0.00907	0.00879	0.06004	0.01277	0.01935	0.01039	0.01228	0.00839	0.00461	0.00454	0.00106	0.00494	0.00370	0.00340	0.65630
68	0.02056	0.07603	0.03522	0.01526	0.05985	0.57223	0.01143	0.07413	0.01640	0.05346	0.00996	0.01120	0.00797	0.00590	0.00516	0.00151	0.00923	0.00394	0.00330	0.00724
69	0.00993	0.00878	0.01208	0.04964	0.01322	0.03691	0.00917	0.01183	0.00943	0.01350	0.01274	0.01901	0.01190	0.03090	0.50714	0.00676	0.22298	0.00569	0.00288	0.00553
70	0.00700	0.00499	0.00663	0.00792	0.00824	0.00467	0.00526	0.00797	0.01088	0.01451	0.03117	0.77553	0.03739	0.03825	0.00787	0.00241	0.00338	0.01605	0.00526	0.00462
71	0.01201	0.01018	0.01185	0.00860	0.01351	0.00784	0.00686	0.03697	0.01230	0.01905	0.01099	0.03794	0.00949	0.00477	0.00438	0.00092	0.00427	0.00387	0.00353	0.78068
72	0.01479	0.02909	0.05294	0.03136	0.13948	0.04504	0.01068	0.08414	0.18323	0.05899	0.01411	0.01492	0.01087	0.00574	0.00516	0.00147	0.00552	0.00473	0.00414	0.28359
73	0.06945	0.47297	0.06880	0.01080	0.01515	0.07785	0.01020	0.04242	0.05831	0.01623	0.01023	0.03970	0.00914	0.00599	0.00499	0.00147	0.04522	0.00406	0.00302	0.03400

[dist]
# distance from previous block
# <min> <max>
0	1

[block]
# block no. 2 follows, 41 sequences, length 8
# corresponding to MSA columns:
# 330-337
name=unknown_C
#
# <colnr> <probs for GDERKNQSTAVLIFYWHMCP>
#	G	D	E	R	K	N	Q	S	T	A	V	L	I	F	Y	W	H	M	C	P
0	0.01270	0.01140	0.01738	0.37271	0.11481	0.01302	0.06965	0.05482	0.17841	0.01899	0.01405	0.01685	0.01067	0.00616	0.00569	0.00184	0.00658	0.00554	0.06125	0.00748
1	0.00985	0.00625	0.00813	0.00743	0.00913	0.00568	0.00565	0.01243	0.01604	0.09984	0.64684	0.04096	0.08692	0.01136	0.00664	0.00180	0.00293	0.00996	0.00633	0.00582
2	0.00976	0.00798	0.01100	0.01021	0.01075	0.01000	0.00795	0.01124	0.00912	0.01367	0.01359	0.02188	0.01333	0.16323	0.34546	0.00583	0.25677	0.00610	0.06694	0.00520
3	0.00796	0.00574	0.00753	0.00729	0.00852	0.00531	0.00539	0.01046	0.01558	0.02196	0.67472	0.13108	0.05208	0.01242	0.00681	0.00186	0.00277	0.01104	0.00618	0.00531
4	0.02566	0.00973	0.01327	0.01018	0.01460	0.00841	0.00841	0.02788	0.01637	0.76726	0.02257	0.01947	0.01416	0.00708	0.00575	0.00177	0.00487	0.00575	0.00708	0.00973
5	0.01529	0.80242	0.02997	0.00979	0.01468	0.02263	0.00979	0.01713	0.01162	0.01346	0.00795	0.00918	0.00734	0.00489	0.00367	0.00122	0.00612	0.00306	0.00245	0.00734
6	0.07694	0.02270	0.01469	0.01314	0.01619	0.56141	0.01000	0.09825	0.01657	0.01733	0.01440	0.01526	0.08579	0.00685	0.00527	0.00157	0.00870	0.00467	0.00353	0.00675
7	0.07195	0.00830	0.01010	0.09021	0.07043	0.00909	0.00753	0.08957	0.01273	0.02043	0.01527	0.02013	0.01283	0.10130	0.04614	0.00241	0.03079	0.00549	0.36925	0.00605

[dist]
# distance from previous block
# <min> <max>
7	15

[block]
# block no. 3 follows, 41 sequences, length 6
# corresponding to MSA columns:
# 358-363
name=unknown_D
#
# <colnr> <probs for GDERKNQSTAVLIFYWHMCP>
#	G	D	E	R	K	N	Q	S	T	A	V	L	I	F	Y	W	H	M	C	P
0	0.05968	0.01039	0.04009	0.06631	0.17283	0.01028	0.01097	0.06939	0.08190	0.04000	0.04884	0.15445	0.02173	0.01046	0.00639	0.00207	0.00539	0.17726	0.00455	0.00701
1	0.01855	0.01340	0.01529	0.01198	0.01586	0.01436	0.00979	0.43543	0.02054	0.09625	0.01450	0.06594	0.01157	0.00753	0.00696	0.00170	0.08760	0.00565	0.00510	0.14199
2	0.08712	0.08850	0.10331	0.09478	0.02054	0.20015	0.08539	0.14615	0.03737	0.02012	0.01186	0.05749	0.00988	0.00650	0.00538	0.00171	0.00759	0.00516	0.00355	0.00744
3	0.07823	0.01272	0.02087	0.17968	0.56269	0.01336	0.01634	0.01692	0.01246	0.01844	0.01042	0.01399	0.00855	0.00523	0.00551	0.00174	0.00677	0.00494	0.00283	0.00831
4	0.11770	0.01011	0.01244	0.00966	0.01402	0.00913	0.00791	0.02442	0.05834	0.50833	0.01878	0.01709	0.01245	0.00643	0.00524	0.00162	0.00469	0.00508	0.00596	0.15061
5	0.31602	0.01369	0.01486	0.05205	0.01698	0.03990	0.07554	0.31500	0.01753	0.02807	0.01135	0.01264	0.00842	0.00601	0.00492	0.00174	0.00594	0.00451	0.04709	0.00776

[dist]
# distance from previous block
# <min> <max>
22	33

[block]
# block no. 4 follows, 41 sequences, length 6
# corresponding to MSA columns:
# 408-413
name=unknown_E
#
# <colnr> <probs for GDERKNQSTAVLIFYWHMCP>
#	G	D	E	R	K	N	Q	S	T	A	V	L	I	F	Y	W	H	M	C	P
0	0.05981	0.07787	0.09628	0.01084	0.01558	0.06756	0.00973	0.02262	0.10065	0.29531	0.01591	0.01534	0.01121	0.00606	0.00510	0.00154	0.00557	0.00469	0.00483	0.17348
1	0.07753	0.12097	0.21505	0.07585	0.06504	0.03765	0.01318	0.15871	0.01553	0.06753	0.08753	0.01571	0.01299	0.00639	0.00530	0.00170	0.00651	0.00499	0.00388	0.00796
2	0.23018	0.06109	0.04659	0.08435	0.29193	0.01330	0.09728	0.01649	0.01181	0.01950	0.01141	0.07046	0.01010	0.00612	0.00523	0.00178	0.00633	0.00543	0.00315	0.00747
3	0.10906	0.13049	0.09444	0.00918	0.01252	0.01080	0.00833	0.07327	0.01362	0.08729	0.09258	0.15013	0.09492	0.00931	0.00544	0.00176	0.00465	0.00761	0.07793	0.00667
4	0.01231	0.09366	0.01139	0.00847	0.01022	0.00936	0.00653	0.14344	0.01255	0.01693	0.01645	0.02034	0.08677	0.01538	0.05741	0.37931	0.00550	0.00562	0.08337	0.00499
5	0.00943	0.00827	0.08994	0.00870	0.01044	0.00608	0.00706	0.01116	0.01171	0.08770	0.05784	0.46798	0.09037	0.09449	0.00910	0.00249	0.00419	0.01256	0.00502	0.00547

[dist]
# distance from previous block
# <min> <max>
0	8

[block]
# block no. 5 follows, 41 sequences, length 17
# corresponding to MSA columns:
# 422-438
name=unknown_F
#
# <colnr> <probs for GDERKNQSTAVLIFYWHMCP>
#	G	D	E	R	K	N	Q	S	T	A	V	L	I	F	Y	W	H	M	C	P
0	0.01304	0.01132	0.01470	0.01460	0.17719	0.00962	0.00941	0.06544	0.01315	0.01985	0.01054	0.01249	0.00869	0.00460	0.00465	0.00109	0.00494	0.00388	0.00343	0.59737
1	0.05487	0.12535	0.29034	0.08447	0.05832	0.06261	0.01481	0.07444	0.11848	0.01936	0.01179	0.01329	0.00899	0.00599	0.00565	0.00175	0.03368	0.00452	0.00328	0.00803
2	0.00753	0.00544	0.00713	0.00751	0.00841	0.00503	0.00533	0.00941	0.01367	0.01885	0.40204	0.39303	0.06592	0.01467	0.00700	0.00205	0.00299	0.01314	0.00581	0.00503
3	0.01335	0.10922	0.52447	0.01498	0.02193	0.05586	0.05168	0.01848	0.01244	0.06874	0.01122	0.01356	0.00846	0.04387	0.00646	0.00191	0.00797	0.00449	0.00284	0.00805
4	0.12980	0.00850	0.00961	0.00867	0.01109	0.00881	0.00672	0.01812	0.18339	0.11571	0.35794	0.06660	0.03310	0.00961	0.00598	0.00185	0.00366	0.00814	0.00585	0.00685
5	0.01360	0.01515	0.03214	0.02579	0.14195	0.01433	0.63176	0.01820	0.01343	0.01838	0.01145	0.01523	0.00874	0.00486	0.00658	0.00189	0.00921	0.00650	0.00288	0.00792
6	0.01409	0.01055	0.01160	0.02252	0.01308	0.03508	0.00797	0.27715	0.05276	0.02377	0.01878	0.19466	0.01762	0.01371	0.10158	0.00270	0.00619	0.00777	0.12234	0.04609
7	0.00853	0.00602	0.00864	0.00864	0.00971	0.00689	0.00670	0.01066	0.00959	0.01442	0.01580	0.02231	0.01435	0.03775	0.66652	0.00808	0.01352	0.00602	0.12073	0.00514
8	0.01177	0.34801	0.01874	0.00982	0.01235	0.01477	0.00859	0.01355	0.01022	0.01352	0.01155	0.01641	0.01092	0.05953	0.30579	0.00466	0.09385	0.00478	0.02505	0.00611
9	0.01368	0.20747	0.22400	0.01180	0.01648	0.01407	0.01198	0.11365	0.07012	0.05459	0.03088	0.16273	0.01587	0.00842	0.00551	0.00178	0.00599	0.01933	0.00402	0.00762
10	0.01717	0.35939	0.05808	0.01122	0.01600	0.10454	0.01022	0.17227	0.01567	0.05486	0.01040	0.01128	0.00833	0.00546	0.00454	0.00136	0.00642	0.00380	0.00355	0.12544
11	0.00994	0.00497	0.00745	0.00745	0.00745	0.00497	0.00497	0.00745	0.00745	0.00994	0.00994	0.01739	0.00994	0.01987	0.02235	0.83358	0.00497	0.00497	0.00248	0.00248
12	0.01548	0.00988	0.01160	0.01037	0.01340	0.01032	0.00831	0.02409	0.35117	0.21383	0.08228	0.03094	0.07287	0.00949	0.00623	0.00198	0.00447	0.10908	0.00607	0.00812
13	0.03250	0.16873	0.28739	0.01688	0.02324	0.01494	0.26021	0.01897	0.01286	0.09436	0.01148	0.01335	0.00843	0.00529	0.00553	0.00173	0.00795	0.00499	0.00309	0.00808
14	0.12860	0.01094	0.01275	0.01032	0.01409	0.01098	0.00835	0.21793	0.01759	0.36468	0.01953	0.12686	0.01528	0.00833	0.00567	0.00183	0.00498	0.00673	0.00600	0.00855
15	0.01412	0.01115	0.01342	0.05275	0.01576	0.01014	0.00840	0.11896	0.01402	0.06716	0.01124	0.01284	0.00888	0.00531	0.00572	0.00121	0.06413	0.00400	0.00384	0.55694
16	0.01981	0.00955	0.01200	0.00985	0.01341	0.00916	0.00791	0.02530	0.18444	0.45467	0.12741	0.02329	0.02060	0.00787	0.00582	0.00179	0.00437	0.00655	0.04746	0.00874

[dist]
# distance from previous block
# <min> <max>
0	1

[block]
# block no. 6 follows, 41 sequences, length 10
# corresponding to MSA columns:
# 440-449
name=unknown_G
#
# <colnr> <probs for GDERKNQSTAVLIFYWHMCP>
#	G	D	E	R	K	N	Q	S	T	A	V	L	I	F	Y	W	H	M	C	P
0	0.02527	0.01036	0.01366	0.01047	0.01491	0.00934	0.00865	0.09945	0.01742	0.69420	0.02168	0.01890	0.01372	0.00706	0.00575	0.00176	0.00501	0.00569	0.00694	0.00973
1	0.00781	0.00567	0.00736	0.00728	0.00846	0.00522	0.00533	0.01011	0.01500	0.02093	0.58215	0.19350	0.08364	0.01307	0.00686	0.00191	0.00283	0.01161	0.00605	0.00522
2	0.17890	0.00691	0.00762	0.00712	0.00898	0.00687	0.00546	0.01177	0.01455	0.02275	0.53541	0.03708	0.11479	0.01066	0.00609	0.00181	0.00307	0.00903	0.00563	0.00550
3	0.00718	0.00581	0.00638	0.00624	0.00799	0.00501	0.00468	0.00903	0.01404	0.01782	0.28051	0.05114	0.53693	0.01360	0.00676	0.00189	0.00283	0.01152	0.00562	0.00501
4	0.83938	0.01106	0.00841	0.00752	0.01106	0.01283	0.00619	0.01681	0.00973	0.02566	0.00796	0.00929	0.00619	0.00531	0.00354	0.00177	0.00442	0.00310	0.00354	0.00619
5	0.66845	0.00999	0.00825	0.00745	0.01054	0.01130	0.00603	0.01558	0.01106	0.02510	0.16266	0.01617	0.01602	0.00662	0.00420	0.00178	0.00407	0.00459	0.00411	0.00603
6	0.01133	0.02559	0.61468	0.17441	0.02777	0.01317	0.02005	0.01739	0.01194	0.01739	0.01024	0.01273	0.00732	0.00549	0.00549	0.00183	0.00828	0.00440	0.00244	0.00802
7	0.01408	0.01293	0.01721	0.01420	0.01796	0.01428	0.15987	0.02791	0.60091	0.02277	0.02087	0.02013	0.01565	0.00716	0.00601	0.00194	0.00558	0.00653	0.00522	0.00878
8	0.01216	0.03788	0.01699	0.21237	0.02092	0.01542	0.01267	0.04805	0.01044	0.01497	0.00929	0.01417	0.00832	0.01191	0.09074	0.00294	0.44659	0.00508	0.00272	0.00637
9	0.83938	0.01106	0.00841	0.00752	0.01106	0.01283	0.00619	0.01681	0.00973	0.02566	0.00796	0.00929	0.00619	0.00531	0.00354	0.00177	0.00442	0.00310	0.00354	0.00619

[dist]
# distance from previous block
# <min> <max>
0	124

# created by:
# /software/SequenceAnalysis/GenePrediction/augustus/3.0.1/scripts/msa2prfl.pl ./fixed/BUSCOvEOG7FBK6X.fas
