[name]
unknown

[dist]
# distance from previous block
# <min> <max>
0	135

[block]
# block no. 0 follows, 39 sequences, length 37
# corresponding to MSA columns:
# 138-174
name=unknown_A
#
# <colnr> <probs for GDERKNQSTAVLIFYWHMCP>
#	G	D	E	R	K	N	Q	S	T	A	V	L	I	F	Y	W	H	M	C	P
0	0.00731	0.00542	0.00682	0.00770	0.00850	0.00494	0.00531	0.00864	0.01240	0.01632	0.12627	0.55601	0.17863	0.01705	0.00737	0.00226	0.00327	0.01523	0.00562	0.00494
1	0.00721	0.00515	0.00686	0.00823	0.00858	0.00480	0.00549	0.00823	0.01132	0.01510	0.03259	0.78831	0.03911	0.01853	0.00755	0.00240	0.00343	0.01681	0.00549	0.00480
2	0.00828	0.00597	0.00782	0.00750	0.00881	0.00552	0.00557	0.01093	0.01631	0.02303	0.69477	0.10352	0.05447	0.01260	0.00702	0.00190	0.00284	0.01118	0.00643	0.00552
3	0.00865	0.00663	0.00988	0.00977	0.01078	0.00786	0.00764	0.01072	0.00948	0.01375	0.01548	0.02278	0.01448	0.04286	0.73576	0.00920	0.04952	0.00629	0.00314	0.00533
4	0.01117	0.01051	0.01774	0.77795	0.04073	0.01314	0.01642	0.01511	0.01182	0.01511	0.01051	0.01577	0.00788	0.00591	0.00591	0.00197	0.00788	0.00526	0.00263	0.00657
5	0.00955	0.00631	0.00828	0.00764	0.00924	0.00578	0.00578	0.01231	0.01675	0.07146	0.70485	0.04261	0.05313	0.01178	0.00691	0.00186	0.00294	0.01039	0.00656	0.00587
6	0.00860	0.00573	0.00645	0.00645	0.00645	0.00573	0.00358	0.00860	0.00860	0.01147	0.01863	0.03870	0.02150	0.79217	0.03010	0.00573	0.00573	0.00860	0.00358	0.00358
7	0.01135	0.01041	0.01672	0.63242	0.03540	0.01264	0.01485	0.01497	0.01172	0.01573	0.01078	0.01563	0.00831	0.00611	0.00651	0.00189	0.05388	0.00512	0.04349	0.07205
8	0.01981	0.02427	0.01761	0.09220	0.09004	0.58146	0.01264	0.02174	0.01554	0.01498	0.00939	0.01167	0.00782	0.00623	0.00622	0.00165	0.05256	0.00416	0.00297	0.00704
9	0.01186	0.03059	0.76153	0.01686	0.02560	0.01373	0.02185	0.01873	0.01249	0.01873	0.01061	0.01249	0.00749	0.00562	0.00562	0.00187	0.00874	0.00437	0.00250	0.00874
10	0.02308	0.01182	0.01441	0.01128	0.01574	0.01152	0.00921	0.17375	0.12714	0.45701	0.02079	0.01872	0.01385	0.00720	0.00586	0.00179	0.00524	0.00578	0.00661	0.05919
11	0.01432	0.01373	0.02343	0.10414	0.68991	0.01397	0.01799	0.01787	0.01332	0.01894	0.01107	0.01474	0.00923	0.00533	0.00586	0.00178	0.00710	0.00527	0.00290	0.00911
12	0.01151	0.01066	0.01798	0.66221	0.11769	0.01288	0.01611	0.01511	0.01182	0.01536	0.01057	0.01574	0.00815	0.00649	0.00667	0.03877	0.00767	0.00525	0.00266	0.00670
13	0.01743	0.01575	0.01470	0.01286	0.01621	0.14923	0.01007	0.10510	0.46086	0.06427	0.01949	0.01862	0.01463	0.00766	0.00654	0.00191	0.04449	0.00591	0.00538	0.00888
14	0.01343	0.01071	0.01182	0.01079	0.01357	0.01191	0.00830	0.02559	0.51455	0.05652	0.16388	0.08732	0.02679	0.00961	0.00632	0.00200	0.00423	0.00823	0.00613	0.00831
15	0.01464	0.01405	0.02400	0.03630	0.75528	0.01405	0.01815	0.01815	0.01347	0.01932	0.01112	0.01464	0.00937	0.00527	0.00585	0.00176	0.00703	0.00527	0.00293	0.00937
16	0.00891	0.00614	0.00748	0.00730	0.00892	0.00546	0.00541	0.01095	0.01479	0.06751	0.35989	0.16920	0.27855	0.01378	0.00701	0.00199	0.00311	0.01198	0.00606	0.00555
17	0.00726	0.00519	0.00691	0.00820	0.00859	0.00484	0.00549	0.00836	0.01156	0.01548	0.06426	0.75557	0.03985	0.01824	0.00752	0.00238	0.00340	0.01654	0.00553	0.00484
18	0.01302	0.03513	0.01848	0.01537	0.01552	0.01826	0.01286	0.01433	0.00914	0.01422	0.00778	0.01284	0.00776	0.01020	0.01896	0.00255	0.75937	0.00512	0.00259	0.00650
19	0.74672	0.01129	0.00924	0.00807	0.01183	0.01277	0.00665	0.01862	0.01081	0.10570	0.00987	0.01074	0.00729	0.00569	0.00391	0.00183	0.00462	0.00350	0.00406	0.00680
20	0.00938	0.00650	0.00804	0.00846	0.00968	0.00618	0.00606	0.06747	0.01357	0.05072	0.07442	0.52285	0.14213	0.01617	0.00725	0.00225	0.00370	0.03396	0.00566	0.00555
21	0.00716	0.00534	0.00666	0.00772	0.00844	0.00485	0.00526	0.00829	0.01181	0.01530	0.03882	0.62171	0.20169	0.01772	0.00742	0.00231	0.00333	0.01583	0.00549	0.00485
22	0.01294	0.01294	0.01811	0.01553	0.01553	0.01811	0.01294	0.01423	0.00906	0.01423	0.00776	0.01294	0.00776	0.01035	0.01941	0.00259	0.78134	0.00518	0.00259	0.00647
23	0.07631	0.00627	0.00760	0.00771	0.00906	0.00601	0.00570	0.01071	0.01431	0.02071	0.40679	0.24600	0.10337	0.01372	0.00691	0.00205	0.00324	0.04228	0.00587	0.00538
24	0.00888	0.00616	0.00736	0.00773	0.00830	0.00609	0.00516	0.04240	0.01111	0.01480	0.02583	0.27193	0.06011	0.39104	0.01833	0.00398	0.00485	0.08057	0.02083	0.00454
25	0.02653	0.01006	0.01372	0.01052	0.01510	0.00869	0.00869	0.02882	0.01693	0.75937	0.02333	0.02013	0.01464	0.00732	0.00595	0.00183	0.00503	0.00595	0.00732	0.01006
26	0.00778	0.00539	0.00669	0.00751	0.00771	0.00518	0.00471	0.00838	0.01021	0.01361	0.02689	0.48190	0.03191	0.33476	0.01677	0.00376	0.00437	0.01346	0.00471	0.00430
27	0.00772	0.00608	0.00700	0.00700	0.00858	0.00544	0.00516	0.01004	0.03475	0.01883	0.29932	0.15725	0.38301	0.01428	0.00704	0.00201	0.00303	0.01232	0.00587	0.00529
28	0.00725	0.00604	0.00636	0.00640	0.00831	0.00515	0.00488	0.00893	0.01375	0.01670	0.11340	0.05649	0.65403	0.01483	0.00706	0.00203	0.00313	0.05463	0.00557	0.00507
29	0.02521	0.01218	0.01504	0.01153	0.01615	0.01184	0.00952	0.25926	0.02047	0.52392	0.02035	0.01819	0.01314	0.00725	0.00594	0.00181	0.00551	0.00574	0.00686	0.01006
30	0.00715	0.00538	0.00663	0.00763	0.00842	0.00485	0.00522	0.00830	0.01191	0.01533	0.03999	0.59018	0.23247	0.01757	0.00740	0.00229	0.00331	0.01564	0.00549	0.00485
31	0.00815	0.00602	0.00749	0.00713	0.00854	0.00549	0.00527	0.01055	0.01567	0.02162	0.58852	0.04595	0.17041	0.06320	0.00848	0.00213	0.00302	0.01086	0.00615	0.00535
32	0.83394	0.01144	0.00869	0.00778	0.01144	0.01327	0.00640	0.01738	0.01006	0.02653	0.00823	0.00961	0.00640	0.00549	0.00366	0.00183	0.00457	0.00320	0.00366	0.00640
33	0.00756	0.00543	0.00700	0.00789	0.00847	0.00507	0.00537	0.00882	0.01202	0.01611	0.13726	0.54687	0.07904	0.09348	0.00967	0.00264	0.00359	0.03344	0.00545	0.00482
34	0.00829	0.00604	0.00780	0.00736	0.00879	0.00555	0.00552	0.01101	0.01656	0.02329	0.71397	0.04488	0.09425	0.01225	0.00698	0.00187	0.00280	0.01079	0.00645	0.00555
35	0.02653	0.01006	0.01372	0.01052	0.01510	0.00869	0.00869	0.02882	0.01693	0.75937	0.02333	0.02013	0.01464	0.00732	0.00595	0.00183	0.00503	0.00595	0.00732	0.01006
36	0.00837	0.00604	0.00790	0.00744	0.00883	0.00558	0.00558	0.01116	0.01674	0.02371	0.75216	0.04417	0.05580	0.01209	0.00697	0.00186	0.00279	0.01069	0.00651	0.00558

[dist]
# distance from previous block
# <min> <max>
0	3

[block]
# block no. 1 follows, 39 sequences, length 21
# corresponding to MSA columns:
# 178-198
name=unknown_B
#
# <colnr> <probs for GDERKNQSTAVLIFYWHMCP>
#	G	D	E	R	K	N	Q	S	T	A	V	L	I	F	Y	W	H	M	C	P
0	0.00960	0.00646	0.00718	0.00714	0.00723	0.00632	0.00405	0.00934	0.00924	0.01242	0.01946	0.03961	0.02221	0.78087	0.03013	0.00585	0.00604	0.00885	0.00390	0.00412
1	0.01560	0.61214	0.13110	0.01192	0.01740	0.06942	0.03857	0.01827	0.01246	0.01480	0.00875	0.01021	0.00763	0.00520	0.00426	0.00139	0.00707	0.00351	0.00258	0.00772
2	0.01034	0.00846	0.01013	0.00968	0.01078	0.05587	0.00726	0.05196	0.01076	0.01461	0.01558	0.02497	0.01527	0.20830	0.47472	0.00739	0.04863	0.00658	0.00338	0.00532
3	0.01294	0.01294	0.01811	0.01553	0.01553	0.01811	0.01294	0.01423	0.00906	0.01423	0.00776	0.01294	0.00776	0.01035	0.01941	0.00259	0.78134	0.00518	0.00259	0.00647
4	0.01373	0.01204	0.01949	0.46108	0.25639	0.01363	0.01624	0.07173	0.01376	0.04881	0.01151	0.01548	0.00878	0.00586	0.00590	0.00188	0.00740	0.00529	0.00316	0.00784
5	0.01686	0.05787	0.04436	0.02690	0.46845	0.01371	0.03170	0.07448	0.01515	0.13946	0.04381	0.01638	0.01202	0.00601	0.00582	0.00176	0.00657	0.00550	0.00398	0.00922
6	0.01724	0.01562	0.07408	0.02485	0.37238	0.05628	0.05108	0.13368	0.01632	0.11331	0.01420	0.01799	0.01133	0.00652	0.00602	0.00183	0.00708	0.04703	0.00407	0.00908
7	0.54752	0.05018	0.01397	0.01519	0.19168	0.04034	0.00972	0.03666	0.01168	0.02405	0.00912	0.01097	0.00731	0.00548	0.00431	0.00177	0.00551	0.00378	0.00347	0.00729
8	0.00795	0.00622	0.00831	0.00831	0.00969	0.00658	0.00641	0.00986	0.01085	0.01449	0.03079	0.03466	0.26516	0.03439	0.51033	0.00696	0.01148	0.00842	0.00396	0.00518
9	0.02301	0.01066	0.01370	0.01036	0.01510	0.00925	0.00851	0.07976	0.01671	0.53766	0.01975	0.01791	0.01297	0.00664	0.00559	0.00161	0.00500	0.00535	0.00635	0.19411
10	0.01594	0.69257	0.02920	0.01082	0.01538	0.06498	0.01041	0.01777	0.01206	0.01397	0.00824	0.00982	0.00760	0.00552	0.00508	0.00138	0.06587	0.00335	0.00256	0.00746
11	0.00804	0.00574	0.00782	0.00919	0.00990	0.00552	0.00694	0.00967	0.01214	0.01603	0.03213	0.52960	0.03729	0.01774	0.00777	0.00252	0.00415	0.26730	0.00547	0.00503
12	0.00845	0.00634	0.00950	0.00950	0.01056	0.00739	0.00739	0.01056	0.00950	0.01373	0.01584	0.02323	0.01478	0.04435	0.76873	0.00950	0.01584	0.00634	0.00317	0.00528
13	0.02248	0.01656	0.01775	0.01361	0.01834	0.01834	0.01124	0.73556	0.02780	0.03727	0.01420	0.01420	0.01006	0.00710	0.00592	0.00177	0.00651	0.00532	0.00592	0.01006
14	0.00721	0.00515	0.00686	0.00823	0.00858	0.00480	0.00549	0.00823	0.01132	0.01510	0.03259	0.78831	0.03911	0.01853	0.00755	0.00240	0.00343	0.01681	0.00549	0.00480
15	0.01294	0.01294	0.01811	0.01553	0.01553	0.01811	0.01294	0.01423	0.00906	0.01423	0.00776	0.01294	0.00776	0.01035	0.01941	0.00259	0.78134	0.00518	0.00259	0.00647
16	0.07338	0.01624	0.01718	0.01324	0.01791	0.01802	0.01094	0.69051	0.02669	0.03660	0.01382	0.01391	0.00983	0.00700	0.00577	0.00178	0.00639	0.00519	0.00577	0.00983
17	0.01027	0.00514	0.00770	0.00770	0.00770	0.00514	0.00514	0.00770	0.00770	0.01027	0.01027	0.01798	0.01027	0.02054	0.02311	0.82794	0.00514	0.00514	0.00257	0.00257
18	0.01102	0.00551	0.00551	0.00551	0.00689	0.00551	0.00413	0.01378	0.01240	0.02205	0.01929	0.02205	0.01516	0.00689	0.00413	0.00138	0.00276	0.00551	0.82500	0.00551
19	0.83394	0.01144	0.00869	0.00778	0.01144	0.01327	0.00640	0.01738	0.01006	0.02653	0.00823	0.00961	0.00640	0.00549	0.00366	0.00183	0.00457	0.00320	0.00366	0.00640
20	0.00806	0.00635	0.00744	0.00788	0.00956	0.00582	0.00627	0.01038	0.03276	0.01721	0.09819	0.11206	0.41664	0.01525	0.00736	0.00223	0.00379	0.22191	0.00556	0.00527

[dist]
# distance from previous block
# <min> <max>
29	141

# created by:
# /software/SequenceAnalysis/GenePrediction/augustus/3.0.1/scripts/msa2prfl.pl ./fixed/BUSCOvEOG7B2VBW.fas
