[name]
unknown

[dist]
# distance from previous block
# <min> <max>
0	384

[block]
# block no. 0 follows, 40 sequences, length 19
# corresponding to MSA columns:
# 404-422
name=unknown_A
#
# <colnr> <probs for GDERKNQSTAVLIFYWHMCP>
#	G	D	E	R	K	N	Q	S	T	A	V	L	I	F	Y	W	H	M	C	P
0	0.00966	0.00627	0.00814	0.00792	0.00951	0.00575	0.00610	0.01201	0.01513	0.08586	0.44305	0.13193	0.12485	0.01303	0.00698	0.00201	0.00335	0.09664	0.00612	0.00571
1	0.01207	0.00998	0.01108	0.01010	0.01265	0.01102	0.00778	0.02325	0.46753	0.02394	0.30508	0.03005	0.03201	0.00943	0.00628	0.00192	0.00389	0.00809	0.00610	0.00778
2	0.01229	0.01344	0.08658	0.37030	0.22404	0.01302	0.11690	0.01621	0.01228	0.01679	0.01090	0.01517	0.00850	0.00598	0.00642	0.02836	0.00768	0.00533	0.02240	0.00741
3	0.00774	0.00570	0.00724	0.00734	0.00851	0.00520	0.00532	0.00984	0.01458	0.01998	0.46497	0.24969	0.14437	0.01400	0.00701	0.00199	0.00294	0.01240	0.00599	0.00520
4	0.05053	0.01100	0.01259	0.00920	0.01420	0.00916	0.00743	0.09477	0.01393	0.06974	0.01145	0.01266	0.00903	0.00484	0.00454	0.00106	0.00459	0.00378	0.00396	0.65156
5	0.00753	0.00532	0.00689	0.00777	0.00822	0.00503	0.00521	0.00865	0.01146	0.01545	0.12666	0.54500	0.03761	0.14762	0.01108	0.00285	0.00372	0.03405	0.00522	0.00464
6	0.34030	0.01429	0.01348	0.01103	0.01507	0.04094	0.00900	0.35795	0.09641	0.03046	0.01252	0.01289	0.00923	0.00642	0.00494	0.00178	0.00560	0.00451	0.00486	0.00831
7	0.09156	0.03877	0.20573	0.04168	0.37852	0.01325	0.01628	0.01913	0.01303	0.11060	0.01193	0.01395	0.00904	0.00554	0.00546	0.00176	0.00686	0.00480	0.00335	0.00876
8	0.01959	0.02064	0.01773	0.15058	0.02245	0.37562	0.04415	0.23900	0.01879	0.02134	0.01086	0.01266	0.00832	0.00621	0.00559	0.00167	0.00873	0.00459	0.00378	0.00770
9	0.03708	0.03613	0.01303	0.01002	0.01373	0.01028	0.00817	0.14439	0.06209	0.36948	0.15063	0.02521	0.07697	0.00848	0.00598	0.00180	0.00467	0.00694	0.00638	0.00855
10	0.03119	0.02008	0.00909	0.03271	0.01045	0.00781	0.00630	0.02647	0.04099	0.09490	0.01858	0.09061	0.01687	0.13712	0.12235	0.02636	0.04035	0.00695	0.25503	0.00577
11	0.00778	0.00556	0.00755	0.00890	0.00954	0.00533	0.00661	0.00931	0.01182	0.01563	0.03166	0.56944	0.03693	0.01756	0.00761	0.00246	0.00398	0.23202	0.00538	0.00492
12	0.00719	0.00514	0.00684	0.00803	0.00846	0.00479	0.00541	0.00835	0.01160	0.01559	0.09574	0.72603	0.03990	0.01766	0.00737	0.00231	0.00332	0.01600	0.00549	0.00479
13	0.00717	0.00513	0.00683	0.00804	0.00845	0.00478	0.00540	0.00832	0.01154	0.01549	0.08718	0.73487	0.03971	0.01774	0.00738	0.00232	0.00333	0.01607	0.00547	0.00478
14	0.00734	0.00580	0.00661	0.00664	0.00820	0.00507	0.00489	0.00915	0.01400	0.01803	0.27813	0.15046	0.43649	0.01429	0.00694	0.00197	0.00294	0.01228	0.00572	0.00507
15	0.01229	0.01301	0.02651	0.07627	0.10662	0.01251	0.46348	0.01620	0.01301	0.01765	0.01557	0.16861	0.01464	0.00762	0.00678	0.00201	0.00807	0.00847	0.00339	0.00728
16	0.01206	0.01034	0.01206	0.00861	0.01378	0.00775	0.00689	0.01464	0.01206	0.01895	0.01034	0.01206	0.00861	0.00431	0.00431	0.00086	0.00431	0.00345	0.00345	0.83118
17	0.01371	0.01285	0.01774	0.01466	0.01628	0.04829	0.09643	0.07003	0.01215	0.05092	0.01618	0.03854	0.09957	0.00975	0.01365	0.00226	0.45029	0.00645	0.00349	0.00677
18	0.10136	0.05175	0.12899	0.03324	0.01615	0.16447	0.01101	0.05606	0.01309	0.05108	0.01175	0.01432	0.00948	0.01085	0.09697	0.00262	0.09524	0.00457	0.09370	0.03329

[dist]
# distance from previous block
# <min> <max>
0	1

[block]
# block no. 1 follows, 40 sequences, length 12
# corresponding to MSA columns:
# 424-435
name=unknown_B
#
# <colnr> <probs for GDERKNQSTAVLIFYWHMCP>
#	G	D	E	R	K	N	Q	S	T	A	V	L	I	F	Y	W	H	M	C	P
0	0.01825	0.05439	0.01494	0.01160	0.01524	0.08232	0.00946	0.32325	0.06124	0.10994	0.04886	0.04565	0.05096	0.00881	0.00641	0.02473	0.00589	0.06605	0.00533	0.03670
1	0.08957	0.39933	0.02265	0.01263	0.08090	0.01814	0.01018	0.09078	0.10027	0.10626	0.01247	0.01291	0.00977	0.00583	0.00461	0.00153	0.00581	0.00423	0.00390	0.00824
2	0.00750	0.00550	0.00719	0.00814	0.00888	0.00498	0.00552	0.00865	0.01121	0.01519	0.03023	0.72630	0.03595	0.01705	0.00716	0.00224	0.00345	0.01543	0.00523	0.07418
3	0.12932	0.21116	0.22685	0.05395	0.05609	0.01556	0.11121	0.01737	0.01193	0.01817	0.00977	0.01202	0.00774	0.00535	0.00528	0.00165	0.02784	0.00426	0.01533	0.05913
4	0.01446	0.11570	0.04825	0.13866	0.27634	0.09007	0.13372	0.01816	0.03328	0.01701	0.01058	0.01378	0.00862	0.00565	0.00639	0.00177	0.05172	0.00505	0.00286	0.00792
5	0.00841	0.00605	0.00749	0.00727	0.00884	0.00546	0.00552	0.01071	0.01515	0.04256	0.46687	0.08622	0.23870	0.01309	0.00693	0.00194	0.00305	0.05428	0.00604	0.00542
6	0.01213	0.02774	0.68648	0.01575	0.02373	0.01281	0.01995	0.01844	0.01272	0.05308	0.05463	0.01445	0.01047	0.00597	0.00562	0.00184	0.00808	0.00473	0.00291	0.00847
7	0.10186	0.05703	0.01540	0.01283	0.07670	0.05166	0.00961	0.14267	0.05996	0.32599	0.03066	0.01639	0.01230	0.00659	0.00540	0.00169	0.00557	0.00515	0.00546	0.05709
8	0.01200	0.01031	0.01391	0.01567	0.16323	0.03867	0.04135	0.11757	0.01421	0.01913	0.02213	0.38193	0.03827	0.01198	0.00708	0.00203	0.03638	0.01064	0.00456	0.03896
9	0.01172	0.00781	0.00948	0.00916	0.01098	0.00795	0.00677	0.03524	0.17605	0.11168	0.12036	0.32294	0.05454	0.04393	0.04109	0.00254	0.00445	0.01104	0.00570	0.00657
10	0.01006	0.00714	0.00885	0.07635	0.01133	0.00740	0.00606	0.08551	0.01132	0.01514	0.01917	0.19244	0.02118	0.38777	0.01892	0.07340	0.00533	0.00912	0.00400	0.02952
11	0.01425	0.01244	0.02060	0.06033	0.02106	0.01291	0.27092	0.09598	0.15258	0.06270	0.05459	0.07558	0.01546	0.00838	0.00803	0.05234	0.04272	0.00719	0.00434	0.00761

[dist]
# distance from previous block
# <min> <max>
2	3

[block]
# block no. 2 follows, 40 sequences, length 9
# corresponding to MSA columns:
# 439-447
name=unknown_C
#
# <colnr> <probs for GDERKNQSTAVLIFYWHMCP>
#	G	D	E	R	K	N	Q	S	T	A	V	L	I	F	Y	W	H	M	C	P
0	0.04563	0.00927	0.01076	0.03039	0.01279	0.00930	0.00743	0.16905	0.06011	0.02174	0.06273	0.35154	0.02479	0.01162	0.00623	0.00189	0.00439	0.01010	0.00510	0.14514
1	0.06815	0.08464	0.01489	0.01207	0.04385	0.07503	0.00933	0.11356	0.27920	0.08374	0.10744	0.02179	0.01877	0.00783	0.00569	0.00181	0.00537	0.03340	0.00523	0.00821
2	0.01022	0.00607	0.00971	0.09740	0.01223	0.00632	0.03465	0.00886	0.00843	0.01118	0.01111	0.04960	0.01096	0.01787	0.01953	0.66884	0.00548	0.00561	0.00267	0.00328
3	0.00977	0.00805	0.01103	0.01192	0.05087	0.00895	0.00911	0.01232	0.04154	0.01657	0.04601	0.20348	0.08804	0.01426	0.00973	0.00243	0.15694	0.28852	0.00474	0.00574
4	0.01454	0.01744	0.10281	0.07938	0.33490	0.10254	0.22668	0.01855	0.01355	0.01799	0.01086	0.01417	0.00860	0.00527	0.00600	0.00179	0.00840	0.00541	0.00285	0.00827
5	0.01890	0.06974	0.01880	0.05723	0.15023	0.45371	0.01267	0.06622	0.01554	0.01648	0.00957	0.01174	0.00797	0.00613	0.00626	0.00163	0.06251	0.00422	0.00307	0.00738
6	0.00768	0.00563	0.00740	0.00835	0.00917	0.00513	0.00584	0.00896	0.01139	0.01539	0.03015	0.66880	0.03559	0.01689	0.00721	0.00226	0.00361	0.07210	0.00523	0.07321
7	0.01806	0.01512	0.05705	0.06444	0.07164	0.01495	0.10765	0.34578	0.07889	0.07893	0.01416	0.01510	0.01028	0.00630	0.00582	0.00174	0.00666	0.00540	0.00477	0.07724
8	0.01394	0.01624	0.21175	0.01138	0.01736	0.01055	0.01134	0.10337	0.01420	0.06236	0.01150	0.01277	0.00876	0.00511	0.00490	0.00128	0.00573	0.00402	0.00368	0.46978

[dist]
# distance from previous block
# <min> <max>
0	128

# created by:
# /software/SequenceAnalysis/GenePrediction/augustus/3.0.1/scripts/msa2prfl.pl ./fixed/BUSCOvEOG7ZSBGZ.fas
