[name]
unknown

[dist]
# distance from previous block
# <min> <max>
9	217

[block]
# block no. 0 follows, 39 sequences, length 19
# corresponding to MSA columns:
# 252-270
name=unknown_A
#
# <colnr> <probs for GDERKNQSTAVLIFYWHMCP>
#	G	D	E	R	K	N	Q	S	T	A	V	L	I	F	Y	W	H	M	C	P
0	0.42283	0.08795	0.04452	0.02743	0.01355	0.01336	0.00832	0.09587	0.01236	0.02309	0.01175	0.05841	0.01033	0.01289	0.13186	0.00309	0.00703	0.00486	0.00375	0.00675
1	0.06505	0.04559	0.01519	0.05438	0.01687	0.01192	0.04014	0.17473	0.04438	0.10545	0.05375	0.03395	0.01308	0.00640	0.00530	0.00149	0.00536	0.00521	0.00465	0.29712
2	0.01478	0.01491	0.01894	0.18670	0.06870	0.13412	0.10186	0.10282	0.01472	0.01879	0.05735	0.01808	0.05150	0.00767	0.00875	0.00198	0.16161	0.00595	0.00353	0.00722
3	0.01641	0.01568	0.21645	0.01519	0.11321	0.01082	0.01297	0.02142	0.08883	0.24881	0.04163	0.02335	0.05478	0.05445	0.00748	0.00213	0.00614	0.03682	0.00488	0.00855
4	0.01242	0.01014	0.01265	0.00970	0.01409	0.00829	0.03862	0.04521	0.02872	0.04221	0.01510	0.14236	0.01427	0.00705	0.00517	0.00127	0.00458	0.00609	0.00409	0.57797
5	0.01259	0.01134	0.04590	0.01481	0.13417	0.01038	0.04733	0.05610	0.12682	0.03663	0.14509	0.02750	0.06417	0.05433	0.00751	0.00199	0.00525	0.04902	0.00469	0.14440
6	0.14958	0.02059	0.32612	0.09243	0.05775	0.01396	0.22015	0.01819	0.01248	0.01976	0.01061	0.01340	0.00785	0.00543	0.00572	0.00190	0.00824	0.00504	0.00286	0.00795
7	0.01180	0.01027	0.01461	0.16475	0.05256	0.01165	0.04841	0.03287	0.17987	0.01968	0.12263	0.03049	0.03620	0.01116	0.04054	0.00245	0.07336	0.12504	0.00459	0.00705
8	0.01117	0.01051	0.01774	0.77795	0.04073	0.01314	0.01642	0.01511	0.01182	0.01511	0.01051	0.01577	0.00788	0.00591	0.00591	0.00197	0.00788	0.00526	0.00263	0.00657
9	0.01711	0.01453	0.01919	0.08719	0.02133	0.03305	0.12782	0.32490	0.05094	0.02634	0.01329	0.01591	0.01027	0.00663	0.00661	0.00175	0.04878	0.02447	0.00447	0.14540
10	0.01051	0.00962	0.01592	0.64961	0.03537	0.01175	0.01460	0.01396	0.01174	0.01511	0.01419	0.14458	0.01309	0.00802	0.00619	0.00204	0.00714	0.00718	0.00310	0.00627
11	0.01331	0.01139	0.01404	0.01351	0.07678	0.01222	0.05230	0.09582	0.34840	0.02307	0.07059	0.06800	0.14210	0.00962	0.00639	0.00198	0.00494	0.02197	0.00547	0.00809
12	0.01102	0.00551	0.00551	0.00551	0.00689	0.00551	0.00413	0.01378	0.01240	0.02205	0.01929	0.02205	0.01516	0.00689	0.00413	0.00138	0.00276	0.00551	0.82500	0.00551
13	0.02155	0.06340	0.01813	0.01348	0.01796	0.10209	0.01107	0.56874	0.07165	0.03255	0.01392	0.01403	0.01015	0.00693	0.00573	0.00173	0.00684	0.00512	0.00540	0.00951
14	0.02490	0.01528	0.01502	0.01208	0.01632	0.18920	0.00971	0.13039	0.01847	0.47874	0.01866	0.01703	0.01232	0.00700	0.00580	0.00175	0.00657	0.00535	0.00611	0.00931
15	0.01138	0.00976	0.01122	0.00830	0.01301	0.00740	0.00659	0.01382	0.01247	0.01872	0.01875	0.01971	0.13284	0.00615	0.00481	0.00106	0.00415	0.00500	0.00384	0.69103
16	0.01636	0.01841	0.27157	0.02837	0.04466	0.01274	0.01374	0.20802	0.01701	0.12958	0.03285	0.06187	0.01309	0.04790	0.00710	0.00201	0.00667	0.00595	0.00450	0.05760
17	0.01208	0.01051	0.01318	0.13702	0.01847	0.00876	0.00858	0.01493	0.01219	0.01858	0.01051	0.01285	0.00861	0.00464	0.00464	0.00106	0.00496	0.00380	0.00336	0.69130
18	0.02013	0.01481	0.01611	0.01258	0.01675	0.01621	0.01030	0.61477	0.02596	0.03501	0.13725	0.01920	0.01768	0.00793	0.00609	0.00179	0.00589	0.00622	0.00601	0.00931

[dist]
# distance from previous block
# <min> <max>
0	2

[block]
# block no. 1 follows, 39 sequences, length 18
# corresponding to MSA columns:
# 273-290
name=unknown_B
#
# <colnr> <probs for GDERKNQSTAVLIFYWHMCP>
#	G	D	E	R	K	N	Q	S	T	A	V	L	I	F	Y	W	H	M	C	P
0	0.01372	0.02885	0.01753	0.07112	0.14558	0.01293	0.07177	0.02116	0.24851	0.02077	0.03864	0.02055	0.01477	0.00720	0.00650	0.00183	0.03681	0.04150	0.00436	0.17592
1	0.01443	0.11373	0.08068	0.17389	0.11242	0.03614	0.15230	0.05248	0.01401	0.05346	0.05015	0.01817	0.01243	0.00851	0.04476	0.00229	0.02441	0.02436	0.00353	0.00785
2	0.01262	0.01076	0.01250	0.00900	0.01427	0.00809	0.00716	0.01513	0.01248	0.01958	0.01087	0.01276	0.00910	0.00462	0.00454	0.00095	0.00450	0.00363	0.00362	0.82382
3	0.01236	0.00974	0.01112	0.00834	0.01281	0.00761	0.00657	0.01491	0.01251	0.02015	0.01266	0.01475	0.01040	0.00514	0.00449	0.00105	0.00417	0.00404	0.17131	0.65587
4	0.66261	0.17177	0.01350	0.00851	0.01247	0.01551	0.00732	0.01768	0.01069	0.02423	0.00860	0.01009	0.00700	0.00564	0.00385	0.00178	0.00506	0.00332	0.00355	0.00683
5	0.01547	0.01624	0.01964	0.13605	0.29031	0.18085	0.01496	0.01800	0.01327	0.01681	0.01139	0.01697	0.01015	0.00744	0.00879	0.00203	0.16603	0.04474	0.00310	0.00776
6	0.10157	0.01109	0.01229	0.00935	0.01399	0.03238	0.00742	0.01821	0.01317	0.17090	0.01359	0.01528	0.01062	0.04261	0.00603	0.00149	0.00492	0.00434	0.00441	0.50635
7	0.01455	0.00672	0.00747	0.00680	0.00886	0.00638	0.00523	0.01710	0.01354	0.17285	0.02042	0.02209	0.01535	0.00721	0.00466	0.00154	0.00335	0.00571	0.65353	0.00663
8	0.01233	0.01203	0.08507	0.01055	0.01445	0.00952	0.00898	0.09192	0.01375	0.02006	0.01720	0.22652	0.01741	0.00927	0.00654	0.00166	0.04834	0.00766	0.00428	0.38245
9	0.60382	0.01230	0.01274	0.01083	0.01392	0.01455	0.05953	0.01708	0.01037	0.02376	0.00877	0.01125	0.00722	0.00668	0.00727	0.00206	0.16364	0.00400	0.00351	0.00671
10	0.01387	0.11870	0.06897	0.01264	0.05231	0.01266	0.03155	0.16464	0.05150	0.02149	0.01912	0.26134	0.01931	0.01013	0.00611	0.00188	0.00553	0.00862	0.00464	0.11500
11	0.18584	0.18000	0.08173	0.01042	0.01508	0.01366	0.00961	0.04580	0.05098	0.27286	0.05082	0.01594	0.01272	0.00651	0.00501	0.00170	0.00545	0.00485	0.00489	0.02612
12	0.01284	0.01164	0.01462	0.04875	0.05094	0.06539	0.06104	0.06394	0.19897	0.01891	0.01754	0.08069	0.01540	0.01983	0.24804	0.00438	0.04882	0.00690	0.00417	0.00720
13	0.01268	0.13945	0.56900	0.01685	0.02472	0.01528	0.10532	0.01861	0.01259	0.01806	0.01043	0.01247	0.00768	0.00546	0.00552	0.00180	0.00854	0.00451	0.00256	0.00848
14	0.01630	0.01395	0.04473	0.01732	0.06114	0.05481	0.24554	0.02148	0.10903	0.17079	0.10381	0.02025	0.01671	0.00722	0.00742	0.00195	0.06800	0.00668	0.00464	0.00821
15	0.01184	0.01161	0.02139	0.30267	0.08152	0.01242	0.24365	0.01520	0.01189	0.01587	0.01260	0.02034	0.01112	0.16619	0.01159	0.00275	0.03128	0.00649	0.00296	0.00661
16	0.15253	0.11178	0.01425	0.06391	0.01505	0.05445	0.00863	0.06594	0.03529	0.07310	0.04153	0.17216	0.01666	0.00881	0.00608	0.00179	0.04301	0.00699	0.00430	0.10373
17	0.01024	0.00544	0.00579	0.00607	0.00723	0.00537	0.00441	0.01265	0.01218	0.02063	0.02201	0.17846	0.02005	0.00927	0.00483	0.00159	0.00289	0.00782	0.65772	0.00537

[dist]
# distance from previous block
# <min> <max>
0	1

[block]
# block no. 2 follows, 39 sequences, length 7
# corresponding to MSA columns:
# 292-298
name=unknown_C
#
# <colnr> <probs for GDERKNQSTAVLIFYWHMCP>
#	G	D	E	R	K	N	Q	S	T	A	V	L	I	F	Y	W	H	M	C	P
0	0.01732	0.01504	0.03654	0.01248	0.01632	0.08033	0.01010	0.19214	0.41009	0.06141	0.04680	0.01941	0.01595	0.00758	0.00591	0.00186	0.00568	0.00607	0.00564	0.03334
1	0.40073	0.01451	0.08550	0.00989	0.01418	0.07769	0.00872	0.06023	0.01229	0.02274	0.00954	0.01137	0.00760	0.00637	0.00553	0.05403	0.00563	0.00369	0.00352	0.18624
2	0.00751	0.00527	0.00677	0.00784	0.00811	0.00501	0.00507	0.00831	0.01073	0.01430	0.02954	0.62452	0.03526	0.18757	0.01248	0.00313	0.00393	0.01502	0.00507	0.00454
3	0.01308	0.01099	0.01270	0.00915	0.01436	0.00872	0.00734	0.07235	0.01350	0.02071	0.01081	0.01242	0.00886	0.00460	0.00450	0.00095	0.00455	0.00365	0.00370	0.76308
4	0.01277	0.01179	0.01238	0.00966	0.01348	0.08407	0.00747	0.01479	0.01190	0.01723	0.01131	0.01598	0.01040	0.11879	0.00950	0.00179	0.07286	0.00442	0.00339	0.55603
5	0.01129	0.00660	0.00699	0.00622	0.00845	0.00603	0.00476	0.01402	0.01237	0.02144	0.01737	0.01991	0.01376	0.00634	0.00419	0.00127	0.00311	0.00507	0.64550	0.18530
6	0.01457	0.01093	0.01269	0.00969	0.01445	0.00948	0.00773	0.02024	0.17286	0.11254	0.01507	0.01538	0.01152	0.00554	0.00493	0.00124	0.00453	0.00450	0.00453	0.54758

[dist]
# distance from previous block
# <min> <max>
0	1

[block]
# block no. 3 follows, 39 sequences, length 53
# corresponding to MSA columns:
# 300-352
name=unknown_D
#
# <colnr> <probs for GDERKNQSTAVLIFYWHMCP>
#	G	D	E	R	K	N	Q	S	T	A	V	L	I	F	Y	W	H	M	C	P
0	0.00862	0.00769	0.05237	0.04400	0.01126	0.00637	0.00697	0.01162	0.01606	0.02253	0.63043	0.04179	0.09459	0.01160	0.00685	0.00187	0.00339	0.01018	0.00603	0.00577
1	0.02255	0.30218	0.02014	0.01037	0.01513	0.01416	0.00922	0.02469	0.01510	0.48221	0.01771	0.01617	0.01202	0.00648	0.00515	0.00162	0.00551	0.00491	0.00554	0.00914
2	0.83394	0.01144	0.00869	0.00778	0.01144	0.01327	0.00640	0.01738	0.01006	0.02653	0.00823	0.00961	0.00640	0.00549	0.00366	0.00183	0.00457	0.00320	0.00366	0.00640
3	0.58139	0.01380	0.01117	0.00957	0.01339	0.08888	0.00778	0.12788	0.01384	0.07092	0.01014	0.01104	0.00757	0.00590	0.00431	0.00179	0.00550	0.00375	0.00416	0.00722
4	0.01027	0.00514	0.00770	0.00770	0.00770	0.00514	0.00514	0.00770	0.00770	0.01027	0.01027	0.01798	0.01027	0.02054	0.02311	0.82794	0.00514	0.00514	0.00257	0.00257
5	0.83394	0.01144	0.00869	0.00778	0.01144	0.01327	0.00640	0.01738	0.01006	0.02653	0.00823	0.00961	0.00640	0.00549	0.00366	0.00183	0.00457	0.00320	0.00366	0.00640
6	0.01722	0.01154	0.01413	0.01155	0.05938	0.01002	0.00870	0.12739	0.01576	0.19171	0.01405	0.01450	0.01034	0.00552	0.00506	0.00128	0.00501	0.00445	0.00471	0.46769
7	0.01027	0.00514	0.00770	0.00770	0.00770	0.00514	0.00514	0.00770	0.00770	0.01027	0.01027	0.01798	0.01027	0.02054	0.02311	0.82794	0.00514	0.00514	0.00257	0.00257
8	0.34587	0.01467	0.01576	0.01243	0.01679	0.04645	0.08640	0.31492	0.01835	0.05858	0.01173	0.01264	0.00856	0.00620	0.00511	0.00181	0.00622	0.00462	0.00464	0.00824
9	0.06810	0.01173	0.01369	0.05607	0.01649	0.01077	0.00864	0.16277	0.01594	0.13382	0.01303	0.01387	0.00970	0.00553	0.00497	0.00133	0.00513	0.00432	0.00452	0.43957
10	0.01225	0.08772	0.01176	0.00875	0.01100	0.00959	0.00683	0.10614	0.04649	0.06567	0.32058	0.05457	0.06859	0.13565	0.01016	0.00246	0.00440	0.02550	0.00549	0.00641
11	0.10194	0.01518	0.01635	0.05756	0.01861	0.01694	0.01083	0.54030	0.08751	0.05429	0.01451	0.01469	0.01040	0.00696	0.00570	0.00181	0.00619	0.00525	0.00555	0.00943
12	0.01469	0.01222	0.04402	0.00994	0.01521	0.00976	0.00836	0.12486	0.01491	0.06854	0.01188	0.01306	0.00927	0.00503	0.00476	0.00111	0.00492	0.00397	0.00407	0.61941
13	0.01102	0.00551	0.00551	0.00551	0.00689	0.00551	0.00413	0.01378	0.01240	0.02205	0.01929	0.02205	0.01516	0.00689	0.00413	0.00138	0.00276	0.00551	0.82500	0.00551
14	0.01740	0.01356	0.01502	0.01120	0.01619	0.01314	0.00914	0.37739	0.02008	0.02832	0.01237	0.01324	0.00941	0.00575	0.00515	0.00133	0.00545	0.00442	0.00472	0.41672
15	0.00837	0.00604	0.00790	0.00744	0.00883	0.00558	0.00558	0.01116	0.01674	0.02371	0.75216	0.04417	0.05580	0.01209	0.00697	0.00186	0.00279	0.01069	0.00651	0.00558
16	0.01516	0.01293	0.01363	0.01213	0.01555	0.01492	0.00947	0.07265	0.70262	0.02547	0.02349	0.02160	0.01758	0.00797	0.00601	0.00199	0.00479	0.00661	0.00601	0.00940
17	0.01102	0.00551	0.00551	0.00551	0.00689	0.00551	0.00413	0.01378	0.01240	0.02205	0.01929	0.02205	0.01516	0.00689	0.00413	0.00138	0.00276	0.00551	0.82500	0.00551
18	0.83394	0.01144	0.00869	0.00778	0.01144	0.01327	0.00640	0.01738	0.01006	0.02653	0.00823	0.00961	0.00640	0.00549	0.00366	0.00183	0.00457	0.00320	0.00366	0.00640
19	0.00755	0.00555	0.00709	0.00777	0.00865	0.00509	0.00547	0.00916	0.01314	0.01761	0.23066	0.46724	0.14385	0.01624	0.00733	0.00221	0.00325	0.03135	0.00576	0.00506
20	0.79146	0.01136	0.00896	0.00792	0.01163	0.01303	0.00652	0.01799	0.01043	0.06509	0.00903	0.01016	0.00684	0.00559	0.00378	0.00183	0.00460	0.00335	0.00385	0.00660
21	0.01240	0.01299	0.02604	0.16855	0.09972	0.01289	0.40918	0.01641	0.01308	0.01762	0.01491	0.13950	0.01363	0.00736	0.00676	0.00203	0.00823	0.00806	0.00332	0.00733
22	0.01379	0.01308	0.01831	0.01470	0.01848	0.05745	0.21362	0.02282	0.32205	0.04219	0.08811	0.02573	0.10627	0.00822	0.00645	0.00195	0.00617	0.00763	0.00500	0.00798
23	0.01018	0.00856	0.04788	0.14853	0.01716	0.00793	0.03535	0.01297	0.02472	0.06153	0.09800	0.31209	0.04404	0.01320	0.00706	0.00224	0.00512	0.13250	0.00495	0.00601
24	0.01359	0.02471	0.49230	0.01698	0.02418	0.01411	0.12188	0.13295	0.01508	0.02151	0.01270	0.05979	0.01001	0.00654	0.00598	0.00191	0.00824	0.00565	0.00330	0.00860
25	0.01393	0.01483	0.10322	0.31721	0.07480	0.03490	0.14770	0.07943	0.01389	0.05304	0.01200	0.01630	0.00929	0.04455	0.00778	0.00212	0.03855	0.00563	0.00326	0.00757
26	0.01134	0.01068	0.01804	0.74161	0.07575	0.01318	0.01651	0.01526	0.01191	0.01532	0.01054	0.01571	0.00796	0.00588	0.00591	0.00196	0.00784	0.00526	0.00264	0.00671
27	0.01318	0.01133	0.01526	0.16000	0.16610	0.01252	0.01180	0.02194	0.31686	0.04133	0.05168	0.05561	0.06338	0.00830	0.00618	0.00197	0.00554	0.02411	0.00475	0.00814
28	0.01102	0.00551	0.00551	0.00551	0.00689	0.00551	0.00413	0.01378	0.01240	0.02205	0.01929	0.02205	0.01516	0.00689	0.00413	0.00138	0.00276	0.00551	0.82500	0.00551
29	0.01758	0.58142	0.02707	0.01148	0.01605	0.19954	0.01048	0.04916	0.01380	0.01502	0.00869	0.00996	0.00770	0.00539	0.00425	0.00135	0.00736	0.00341	0.00279	0.00752
30	0.01726	0.01757	0.02019	0.03198	0.03557	0.18604	0.11285	0.17768	0.01579	0.02020	0.01022	0.01322	0.00845	0.00772	0.01095	0.00205	0.29597	0.00516	0.00350	0.00763
31	0.01226	0.01051	0.01226	0.00876	0.01401	0.00788	0.00701	0.01489	0.01226	0.01927	0.01051	0.01226	0.00876	0.00438	0.00438	0.00088	0.00438	0.00350	0.00350	0.82832
32	0.01671	0.00996	0.04692	0.01070	0.04271	0.00840	0.00846	0.06414	0.01664	0.29957	0.28575	0.05964	0.02936	0.00914	0.00626	0.00179	0.00445	0.00782	0.00619	0.06538
33	0.01226	0.01051	0.01226	0.00876	0.01401	0.00788	0.00701	0.01489	0.01226	0.01927	0.01051	0.01226	0.00876	0.00438	0.00438	0.00088	0.00438	0.00350	0.00350	0.82832
34	0.01428	0.01551	0.02916	0.10572	0.23055	0.05416	0.42442	0.01857	0.01375	0.01841	0.01143	0.01529	0.00890	0.00522	0.00647	0.00190	0.00898	0.00616	0.00294	0.00815
35	0.01247	0.01224	0.01721	0.01489	0.01500	0.01698	0.01235	0.01385	0.00910	0.01418	0.00861	0.01402	0.00850	0.01393	0.09839	0.00332	0.70066	0.00530	0.00265	0.00634
36	0.83394	0.01144	0.00869	0.00778	0.01144	0.01327	0.00640	0.01738	0.01006	0.02653	0.00823	0.00961	0.00640	0.00549	0.00366	0.00183	0.00457	0.00320	0.00366	0.00640
37	0.83394	0.01144	0.00869	0.00778	0.01144	0.01327	0.00640	0.01738	0.01006	0.02653	0.00823	0.00961	0.00640	0.00549	0.00366	0.00183	0.00457	0.00320	0.00366	0.00640
38	0.01410	0.01089	0.01528	0.13418	0.15249	0.01012	0.01076	0.03203	0.01295	0.09938	0.01257	0.03292	0.01018	0.00640	0.00636	0.04193	0.01997	0.00483	0.00372	0.36893
39	0.01294	0.00945	0.01076	0.05479	0.01294	0.04363	0.00691	0.06256	0.01292	0.08892	0.07930	0.02586	0.01814	0.28617	0.04556	0.00328	0.00590	0.00653	0.00424	0.20918
40	0.01102	0.00551	0.00551	0.00551	0.00689	0.00551	0.00413	0.01378	0.01240	0.02205	0.01929	0.02205	0.01516	0.00689	0.00413	0.00138	0.00276	0.00551	0.82500	0.00551
41	0.01851	0.01318	0.13245	0.01131	0.01589	0.00980	0.01046	0.02209	0.04381	0.36618	0.07774	0.04962	0.01662	0.00766	0.00666	0.00177	0.05412	0.00613	0.00550	0.13052
42	0.83394	0.01144	0.00869	0.00778	0.01144	0.01327	0.00640	0.01738	0.01006	0.02653	0.00823	0.00961	0.00640	0.00549	0.00366	0.00183	0.00457	0.00320	0.00366	0.00640
43	0.03090	0.44103	0.15470	0.01191	0.01731	0.05764	0.04548	0.01756	0.01272	0.01643	0.05591	0.01284	0.01077	0.00559	0.00460	0.00143	0.00670	0.00410	0.00294	0.08946
44	0.10848	0.15623	0.06355	0.01085	0.01536	0.03147	0.00963	0.11458	0.02988	0.32807	0.01636	0.01673	0.01174	0.05363	0.00672	0.00195	0.00581	0.00509	0.00522	0.00866
45	0.01489	0.01291	0.01564	0.05159	0.05650	0.01453	0.05575	0.09044	0.52834	0.02468	0.05367	0.02127	0.01751	0.00768	0.00610	0.00196	0.00537	0.00662	0.00551	0.00903
46	0.01203	0.01170	0.02050	0.57010	0.08267	0.01357	0.12590	0.01687	0.05620	0.01654	0.01159	0.01610	0.00875	0.00586	0.00608	0.00196	0.00796	0.00561	0.00291	0.00713
47	0.01646	0.04724	0.01569	0.01303	0.02987	0.09157	0.03943	0.14074	0.40631	0.03976	0.01993	0.02037	0.02955	0.05453	0.00734	0.00210	0.00595	0.00623	0.00524	0.00867
48	0.04928	0.01274	0.01811	0.05436	0.09923	0.01593	0.03194	0.06169	0.01186	0.09104	0.01087	0.03006	0.00940	0.00889	0.01382	0.00229	0.46221	0.00548	0.00342	0.00738
49	0.00735	0.00592	0.00659	0.00684	0.00847	0.00515	0.00512	0.00901	0.01352	0.01684	0.13269	0.17126	0.51220	0.01530	0.00716	0.00209	0.00321	0.06063	0.00560	0.00506
50	0.01102	0.00551	0.00551	0.00551	0.00689	0.00551	0.00413	0.01378	0.01240	0.02205	0.01929	0.02205	0.01516	0.00689	0.00413	0.00138	0.00276	0.00551	0.82500	0.00551
51	0.01998	0.05674	0.06087	0.01516	0.03891	0.50155	0.01192	0.11962	0.01716	0.01799	0.01103	0.04952	0.00954	0.00691	0.00604	0.00166	0.03975	0.00476	0.00349	0.00739
52	0.01502	0.01273	0.01393	0.03415	0.03579	0.01458	0.00980	0.09097	0.61163	0.02537	0.05308	0.02193	0.01843	0.00798	0.00604	0.00197	0.00491	0.00666	0.00585	0.00918

[dist]
# distance from previous block
# <min> <max>
0	4

[block]
# block no. 4 follows, 39 sequences, length 20
# corresponding to MSA columns:
# 357-376
name=unknown_E
#
# <colnr> <probs for GDERKNQSTAVLIFYWHMCP>
#	G	D	E	R	K	N	Q	S	T	A	V	L	I	F	Y	W	H	M	C	P
0	0.07178	0.01157	0.01421	0.01223	0.07098	0.01106	0.00907	0.05078	0.01240	0.01979	0.01009	0.01247	0.00853	0.00571	0.00716	0.00136	0.14151	0.00400	0.00343	0.52186
1	0.01102	0.00551	0.00551	0.00551	0.00689	0.00551	0.00413	0.01378	0.01240	0.02205	0.01929	0.02205	0.01516	0.00689	0.00413	0.00138	0.00276	0.00551	0.82500	0.00551
2	0.01226	0.01051	0.01226	0.00876	0.01401	0.00788	0.00701	0.01489	0.01226	0.01927	0.01051	0.01226	0.00876	0.00438	0.00438	0.00088	0.00438	0.00350	0.00350	0.82832
3	0.00819	0.00604	0.00766	0.00725	0.00873	0.00550	0.00544	0.01081	0.01632	0.02272	0.66274	0.04582	0.14584	0.01246	0.00698	0.00188	0.00282	0.01093	0.00638	0.00550
4	0.01742	0.51193	0.02585	0.01203	0.01611	0.24037	0.01072	0.01917	0.01317	0.01410	0.00845	0.01009	0.00761	0.00577	0.00544	0.00144	0.06685	0.00350	0.00269	0.00729
5	0.83394	0.01144	0.00869	0.00778	0.01144	0.01327	0.00640	0.01738	0.01006	0.02653	0.00823	0.00961	0.00640	0.00549	0.00366	0.00183	0.00457	0.00320	0.00366	0.00640
6	0.01179	0.02117	0.40885	0.07501	0.06202	0.01263	0.08574	0.01738	0.04318	0.01892	0.10901	0.01798	0.01469	0.00726	0.00717	0.03308	0.03732	0.00572	0.00326	0.00782
7	0.01027	0.00514	0.00770	0.00770	0.00770	0.00514	0.00514	0.00770	0.00770	0.01027	0.01027	0.01798	0.01027	0.02054	0.02311	0.82794	0.00514	0.00514	0.00257	0.00257
8	0.20036	0.12318	0.19978	0.01209	0.01730	0.01538	0.01205	0.10319	0.17436	0.06739	0.01387	0.01418	0.01029	0.00631	0.00507	0.00180	0.00611	0.00465	0.00421	0.00842
9	0.01539	0.07571	0.20451	0.01274	0.01809	0.01280	0.04197	0.16051	0.03513	0.09354	0.01533	0.10428	0.01298	0.00734	0.00563	0.00168	0.00624	0.00608	0.00430	0.16574
10	0.01027	0.00514	0.00770	0.00770	0.00770	0.00514	0.00514	0.00770	0.00770	0.01027	0.01027	0.01798	0.01027	0.02054	0.02311	0.82794	0.00514	0.00514	0.00257	0.00257
11	0.39420	0.03522	0.10060	0.01202	0.01681	0.01536	0.06183	0.25332	0.01649	0.02830	0.01073	0.01189	0.00794	0.00599	0.00487	0.00181	0.00612	0.00430	0.00419	0.00801
12	0.01334	0.04183	0.47729	0.01725	0.08022	0.01311	0.06612	0.01930	0.04051	0.06310	0.01194	0.01361	0.00871	0.00558	0.00557	0.00174	0.00775	0.00467	0.00310	0.10524
13	0.01027	0.00514	0.00770	0.00770	0.00770	0.00514	0.00514	0.00770	0.00770	0.01027	0.01027	0.01798	0.01027	0.02054	0.02311	0.82794	0.00514	0.00514	0.00257	0.00257
14	0.12490	0.01616	0.04486	0.01287	0.01751	0.01724	0.01089	0.56263	0.07976	0.03423	0.01406	0.01415	0.01010	0.00691	0.00562	0.00180	0.00621	0.00512	0.00550	0.00949
15	0.01391	0.03342	0.09307	0.01272	0.06512	0.04431	0.01027	0.02068	0.21405	0.06400	0.01976	0.01992	0.08538	0.00707	0.00589	0.00161	0.02874	0.00568	0.00440	0.24998
16	0.01102	0.00551	0.00551	0.00551	0.00689	0.00551	0.00413	0.01378	0.01240	0.02205	0.01929	0.02205	0.01516	0.00689	0.00413	0.00138	0.00276	0.00551	0.82500	0.00551
17	0.03742	0.01155	0.03518	0.01317	0.09608	0.01129	0.00958	0.14891	0.14368	0.14935	0.06675	0.02931	0.17877	0.00934	0.00624	0.00191	0.00500	0.03266	0.00560	0.00821
18	0.01236	0.01106	0.01769	0.57843	0.03457	0.01319	0.05256	0.09709	0.01349	0.01758	0.01168	0.01722	0.00924	0.05418	0.03374	0.00243	0.00798	0.00559	0.00310	0.00682
19	0.03354	0.00993	0.01496	0.26189	0.02297	0.01024	0.06573	0.01480	0.01226	0.06128	0.03758	0.15741	0.01571	0.00827	0.00661	0.00180	0.04673	0.00723	0.00382	0.20724

[dist]
# distance from previous block
# <min> <max>
9	12

[block]
# block no. 5 follows, 39 sequences, length 10
# corresponding to MSA columns:
# 390-399
name=unknown_F
#
# <colnr> <probs for GDERKNQSTAVLIFYWHMCP>
#	G	D	E	R	K	N	Q	S	T	A	V	L	I	F	Y	W	H	M	C	P
0	0.08427	0.04659	0.11077	0.01066	0.01561	0.00999	0.04074	0.01695	0.01278	0.10548	0.06010	0.01593	0.01254	0.00862	0.06388	0.00199	0.00615	0.00469	0.00393	0.36834
1	0.76583	0.01099	0.00847	0.00763	0.01115	0.01259	0.00625	0.01665	0.01035	0.02566	0.01249	0.01350	0.06788	0.00627	0.00393	0.00184	0.00444	0.00397	0.00381	0.00629
2	0.01517	0.01526	0.02779	0.02131	0.05694	0.01527	0.46237	0.10800	0.17072	0.02240	0.01477	0.01698	0.01105	0.00590	0.00660	0.00196	0.00830	0.00664	0.00398	0.00858
3	0.01352	0.01501	0.03137	0.12204	0.03100	0.01496	0.58499	0.01808	0.01330	0.01808	0.01145	0.01570	0.00874	0.00552	0.00780	0.00204	0.06920	0.00662	0.00291	0.00768
4	0.01717	0.01486	0.01711	0.13576	0.02141	0.07727	0.06263	0.29336	0.19184	0.02642	0.04867	0.01860	0.03342	0.00732	0.00604	0.00187	0.00663	0.00606	0.00498	0.00859
5	0.01162	0.01097	0.01855	0.68159	0.13357	0.01326	0.01665	0.01550	0.01204	0.01566	0.01059	0.01562	0.00808	0.00583	0.00590	0.00194	0.00777	0.00526	0.00267	0.00693
6	0.05179	0.01253	0.07758	0.01199	0.04333	0.01182	0.00962	0.20468	0.14033	0.04904	0.09324	0.12031	0.02006	0.03951	0.00865	0.08003	0.00534	0.00754	0.00507	0.00754
7	0.01117	0.01051	0.01774	0.77795	0.04073	0.01314	0.01642	0.01511	0.01182	0.01511	0.01051	0.01577	0.00788	0.00591	0.00591	0.00197	0.00788	0.00526	0.00263	0.00657
8	0.01500	0.18249	0.10483	0.04608	0.04486	0.01565	0.01150	0.17069	0.17383	0.02259	0.04020	0.04619	0.05535	0.00793	0.00569	0.00181	0.00596	0.03656	0.00452	0.00826
9	0.01102	0.00551	0.00551	0.00551	0.00689	0.00551	0.00413	0.01378	0.01240	0.02205	0.01929	0.02205	0.01516	0.00689	0.00413	0.00138	0.00276	0.00551	0.82500	0.00551

[dist]
# distance from previous block
# <min> <max>
0	1

[block]
# block no. 6 follows, 39 sequences, length 14
# corresponding to MSA columns:
# 401-414
name=unknown_G
#
# <colnr> <probs for GDERKNQSTAVLIFYWHMCP>
#	G	D	E	R	K	N	Q	S	T	A	V	L	I	F	Y	W	H	M	C	P
0	0.61399	0.01338	0.07616	0.00997	0.01341	0.01418	0.00893	0.01693	0.01009	0.02363	0.00836	0.01046	0.00674	0.00638	0.00667	0.00197	0.14509	0.00366	0.00336	0.00662
1	0.01205	0.07785	0.01956	0.59868	0.03573	0.01426	0.06039	0.01699	0.07568	0.01609	0.01159	0.01579	0.00881	0.00597	0.00581	0.00192	0.00760	0.00531	0.00294	0.00699
2	0.01640	0.10231	0.08523	0.02371	0.38550	0.01313	0.01444	0.01954	0.01376	0.17512	0.01523	0.08314	0.01274	0.00688	0.00577	0.00178	0.00636	0.00611	0.00400	0.00886
3	0.01059	0.00912	0.01200	0.01084	0.01086	0.01156	0.00811	0.01125	0.00895	0.01295	0.01414	0.06198	0.01582	0.38475	0.02396	0.00408	0.37347	0.00736	0.00320	0.00501
4	0.17960	0.23460	0.11753	0.01299	0.01759	0.28294	0.04309	0.01992	0.01345	0.01746	0.00903	0.01060	0.00741	0.00558	0.00469	0.00158	0.00799	0.00372	0.00295	0.00726
5	0.83394	0.01144	0.00869	0.00778	0.01144	0.01327	0.00640	0.01738	0.01006	0.02653	0.00823	0.00961	0.00640	0.00549	0.00366	0.00183	0.00457	0.00320	0.00366	0.00640
6	0.01460	0.01371	0.02339	0.06760	0.18727	0.01419	0.24789	0.14629	0.01597	0.02199	0.07741	0.05414	0.01462	0.00715	0.00743	0.00195	0.06556	0.00685	0.00388	0.00811
7	0.01013	0.00877	0.01312	0.40798	0.02581	0.00959	0.01116	0.01266	0.01179	0.01538	0.02132	0.09009	0.14533	0.00969	0.00752	0.07214	0.00593	0.00733	0.00350	0.11074
8	0.01102	0.00551	0.00551	0.00551	0.00689	0.00551	0.00413	0.01378	0.01240	0.02205	0.01929	0.02205	0.01516	0.00689	0.00413	0.00138	0.00276	0.00551	0.82500	0.00551
9	0.01630	0.13189	0.13612	0.01149	0.01634	0.01333	0.01084	0.13449	0.09449	0.13928	0.07674	0.04449	0.02895	0.00728	0.00553	0.00166	0.00566	0.00582	0.00481	0.11449
10	0.70492	0.06938	0.01110	0.00844	0.01230	0.01444	0.00709	0.07851	0.01172	0.02652	0.00874	0.00999	0.00680	0.00559	0.00386	0.00178	0.00487	0.00338	0.00377	0.00680
11	0.07414	0.13913	0.18904	0.01794	0.12648	0.09168	0.10354	0.01760	0.01259	0.01752	0.01183	0.08018	0.01068	0.00699	0.00675	0.00185	0.07571	0.00565	0.00304	0.00765
12	0.06449	0.03751	0.02043	0.01681	0.07284	0.04617	0.23927	0.01714	0.07639	0.01819	0.01742	0.05103	0.07608	0.04342	0.04062	0.00240	0.08516	0.00683	0.00363	0.06417
13	0.01170	0.01166	0.02221	0.10602	0.02355	0.01138	0.35979	0.04666	0.01405	0.01877	0.08415	0.16124	0.08339	0.00912	0.00691	0.00204	0.00716	0.00928	0.00405	0.00686

[dist]
# distance from previous block
# <min> <max>
0	1

[block]
# block no. 7 follows, 39 sequences, length 6
# corresponding to MSA columns:
# 416-421
name=unknown_H
#
# <colnr> <probs for GDERKNQSTAVLIFYWHMCP>
#	G	D	E	R	K	N	Q	S	T	A	V	L	I	F	Y	W	H	M	C	P
0	0.01360	0.37941	0.34288	0.09915	0.02251	0.01810	0.01586	0.01785	0.01220	0.01611	0.00950	0.01148	0.00758	0.00539	0.00481	0.00160	0.00754	0.00392	0.00253	0.00797
1	0.01192	0.00995	0.01171	0.04751	0.01363	0.01109	0.00846	0.13576	0.09459	0.02057	0.07281	0.03558	0.28675	0.03646	0.00956	0.00221	0.13675	0.04307	0.00498	0.00666
2	0.15138	0.01047	0.01635	0.50422	0.03130	0.01240	0.06696	0.01495	0.01122	0.01680	0.01021	0.01498	0.00798	0.00741	0.00754	0.09462	0.00717	0.00502	0.00282	0.00620
3	0.01425	0.01220	0.01566	0.01324	0.01475	0.01526	0.01087	0.19653	0.01506	0.02153	0.12729	0.01907	0.01652	0.01276	0.07926	0.00287	0.39544	0.00618	0.00410	0.00714
4	0.01102	0.00551	0.00551	0.00551	0.00689	0.00551	0.00413	0.01378	0.01240	0.02205	0.01929	0.02205	0.01516	0.00689	0.00413	0.00138	0.00276	0.00551	0.82500	0.00551
5	0.00847	0.00623	0.00898	0.00898	0.00986	0.00711	0.00674	0.01023	0.00935	0.01334	0.01632	0.02587	0.01593	0.17169	0.64296	0.00886	0.01412	0.00672	0.00324	0.00499

[dist]
# distance from previous block
# <min> <max>
0	1

[block]
# block no. 8 follows, 39 sequences, length 6
# corresponding to MSA columns:
# 423-428
name=unknown_I
#
# <colnr> <probs for GDERKNQSTAVLIFYWHMCP>
#	G	D	E	R	K	N	Q	S	T	A	V	L	I	F	Y	W	H	M	C	P
0	0.00962	0.00650	0.00726	0.00679	0.00900	0.00555	0.00519	0.01143	0.01446	0.10827	0.17363	0.05024	0.54351	0.01355	0.00686	0.00195	0.00321	0.01138	0.00589	0.00571
1	0.01544	0.08464	0.11720	0.02025	0.07170	0.11655	0.30814	0.06734	0.01431	0.01860	0.01070	0.01372	0.00845	0.00602	0.00766	0.00190	0.10091	0.00548	0.00305	0.00794
2	0.13383	0.06371	0.01655	0.24751	0.09786	0.09612	0.01225	0.01710	0.01219	0.06727	0.01183	0.04561	0.00997	0.00952	0.06128	0.00244	0.07941	0.00525	0.00332	0.00699
3	0.01102	0.00551	0.00551	0.00551	0.00689	0.00551	0.00413	0.01378	0.01240	0.02205	0.01929	0.02205	0.01516	0.00689	0.00413	0.00138	0.00276	0.00551	0.82500	0.00551
4	0.03046	0.05299	0.01518	0.18746	0.04565	0.06111	0.02634	0.05612	0.05121	0.01794	0.05079	0.08074	0.06727	0.02645	0.04490	0.00230	0.07479	0.00673	0.00380	0.09776
5	0.00961	0.00633	0.00845	0.00919	0.00988	0.00621	0.00670	0.01020	0.01131	0.01550	0.02508	0.31268	0.02773	0.05626	0.10509	0.16763	0.00607	0.15364	0.04746	0.00499

[dist]
# distance from previous block
# <min> <max>
5	8

[block]
# block no. 9 follows, 39 sequences, length 14
# corresponding to MSA columns:
# 439-452
name=unknown_J
#
# <colnr> <probs for GDERKNQSTAVLIFYWHMCP>
#	G	D	E	R	K	N	Q	S	T	A	V	L	I	F	Y	W	H	M	C	P
0	0.01056	0.00978	0.14518	0.00937	0.01097	0.00670	0.00818	0.00971	0.00858	0.01181	0.01033	0.01697	0.00977	0.01782	0.01992	0.67729	0.00579	0.00500	0.00256	0.00369
1	0.05232	0.06903	0.05143	0.01315	0.01792	0.01795	0.01129	0.56385	0.08978	0.03332	0.01429	0.01433	0.01035	0.00692	0.00568	0.00177	0.00636	0.00518	0.00546	0.00963
2	0.01396	0.01425	0.11360	0.01132	0.01573	0.01233	0.01011	0.15481	0.25425	0.02376	0.02465	0.02400	0.14757	0.00818	0.00585	0.00175	0.00521	0.00664	0.00500	0.14702
3	0.01027	0.00514	0.00770	0.00770	0.00770	0.00514	0.00514	0.00770	0.00770	0.01027	0.01027	0.01798	0.01027	0.02054	0.02311	0.82794	0.00514	0.00514	0.00257	0.00257
4	0.40582	0.01276	0.01314	0.15013	0.01894	0.01473	0.00976	0.21527	0.06464	0.02728	0.01135	0.01283	0.00846	0.00618	0.00485	0.00185	0.00572	0.00439	0.00425	0.00764
5	0.00733	0.00527	0.00713	0.00837	0.00878	0.00507	0.00569	0.00847	0.01114	0.01496	0.03087	0.70954	0.03661	0.02119	0.08591	0.00313	0.00471	0.01573	0.00525	0.00485
6	0.01156	0.00742	0.01087	0.00905	0.01127	0.00723	0.13721	0.01472	0.01269	0.02148	0.01796	0.02094	0.01403	0.00654	0.00465	0.00149	0.00407	0.00578	0.67508	0.00596
7	0.01346	0.04006	0.03924	0.01517	0.12475	0.01169	0.03870	0.10344	0.12758	0.02170	0.04184	0.02910	0.04772	0.00876	0.00617	0.00186	0.00563	0.16102	0.00460	0.15752
8	0.01226	0.01051	0.01226	0.00876	0.01401	0.00788	0.00701	0.01489	0.01226	0.01927	0.01051	0.01226	0.00876	0.00438	0.00438	0.00088	0.00438	0.00350	0.00350	0.82832
9	0.01344	0.09132	0.01427	0.00900	0.01420	0.00953	0.00742	0.01598	0.01250	0.06095	0.01101	0.01243	0.00897	0.00462	0.00441	0.00097	0.00462	0.00361	0.00362	0.69714
10	0.01125	0.00642	0.00674	0.00610	0.00819	0.00594	0.00466	0.01398	0.01238	0.02154	0.01769	0.02026	0.01399	0.00643	0.00418	0.00129	0.00305	0.00515	0.67518	0.15557
11	0.63266	0.01053	0.00911	0.00891	0.03358	0.01191	0.00675	0.03855	0.01096	0.02457	0.01295	0.15192	0.01258	0.00791	0.00451	0.00193	0.00450	0.00581	0.00404	0.00632
12	0.01245	0.06438	0.04287	0.01162	0.03960	0.00989	0.08283	0.01543	0.01265	0.01897	0.04444	0.03072	0.01145	0.00521	0.00489	0.00116	0.00524	0.00454	0.00351	0.57815
13	0.07392	0.10040	0.01680	0.01264	0.01655	0.36232	0.01006	0.13187	0.01663	0.01976	0.01069	0.01299	0.00891	0.00610	0.00506	0.00147	0.00786	0.02515	0.00364	0.15717

[dist]
# distance from previous block
# <min> <max>
0	1

[block]
# block no. 10 follows, 39 sequences, length 15
# corresponding to MSA columns:
# 454-468
name=unknown_K
#
# <colnr> <probs for GDERKNQSTAVLIFYWHMCP>
#	G	D	E	R	K	N	Q	S	T	A	V	L	I	F	Y	W	H	M	C	P
0	0.01163	0.01108	0.05016	0.06772	0.09008	0.03683	0.00940	0.01814	0.22313	0.01946	0.14907	0.03059	0.09012	0.14262	0.01035	0.00258	0.00528	0.02005	0.00479	0.00693
1	0.01159	0.01097	0.01826	0.58306	0.03534	0.01240	0.07550	0.01540	0.01208	0.01614	0.01063	0.01518	0.00812	0.00557	0.00574	0.00179	0.00746	0.00510	0.00281	0.14684
2	0.01802	0.01148	0.01385	0.04253	0.05326	0.01207	0.00943	0.13248	0.25408	0.22836	0.06705	0.02304	0.03345	0.06435	0.00779	0.00217	0.00522	0.00666	0.00592	0.00880
3	0.01135	0.01051	0.01680	0.64676	0.03617	0.01224	0.01482	0.01507	0.01190	0.01582	0.01051	0.01517	0.00803	0.00565	0.00565	0.00178	0.00729	0.00496	0.00278	0.14672
4	0.01264	0.01269	0.05949	0.07244	0.05357	0.01189	0.30265	0.06000	0.01310	0.01791	0.06228	0.04124	0.01387	0.05796	0.01140	0.14309	0.03701	0.00679	0.00338	0.00660
5	0.01333	0.01178	0.01816	0.59766	0.08502	0.01409	0.01566	0.13819	0.01466	0.01917	0.01118	0.01542	0.00835	0.00607	0.00591	0.00192	0.00759	0.00527	0.00321	0.00735
6	0.00973	0.00968	0.06125	0.04229	0.05964	0.02497	0.02179	0.01192	0.01226	0.01685	0.06219	0.36425	0.08602	0.01244	0.00702	0.00197	0.03418	0.01092	0.00451	0.14611
7	0.01298	0.00740	0.00760	0.00689	0.00884	0.00770	0.00535	0.13688	0.01503	0.02464	0.01842	0.02071	0.01429	0.00693	0.00444	0.00145	0.00340	0.00548	0.68530	0.00629
8	0.01579	0.01425	0.01764	0.01808	0.16748	0.06848	0.06841	0.14492	0.27737	0.02423	0.07662	0.02136	0.01709	0.00756	0.00615	0.00189	0.00619	0.03281	0.00494	0.00874
9	0.01774	0.00994	0.01247	0.00944	0.01407	0.00799	0.00759	0.02011	0.01410	0.32175	0.01735	0.07138	0.01335	0.00660	0.00525	0.00138	0.00458	0.00546	0.00521	0.43424
10	0.01203	0.18071	0.03078	0.01123	0.04180	0.01241	0.04863	0.04725	0.10872	0.01847	0.06276	0.13342	0.16465	0.00983	0.00614	0.00178	0.01952	0.00827	0.00447	0.07713
11	0.00844	0.00646	0.00844	0.00847	0.00993	0.00608	0.00614	0.01003	0.01103	0.01536	0.02548	0.37496	0.07144	0.05009	0.21551	0.00417	0.00703	0.01112	0.00445	0.14536
12	0.01454	0.01339	0.06390	0.01085	0.01584	0.01156	0.00925	0.14427	0.17144	0.02354	0.01406	0.01471	0.01089	0.00572	0.00508	0.00134	0.00511	0.00456	0.00439	0.45559
13	0.05122	0.12759	0.11091	0.02426	0.37650	0.12331	0.01531	0.01922	0.01357	0.04627	0.01069	0.01301	0.00870	0.00546	0.00533	0.00165	0.00740	0.00454	0.00305	0.03201
14	0.00849	0.00615	0.00857	0.00857	0.00931	0.00689	0.00623	0.00996	0.00923	0.01304	0.01669	0.02795	0.01683	0.27239	0.54350	0.00835	0.01276	0.00703	0.00329	0.00476

[dist]
# distance from previous block
# <min> <max>
2	14

[block]
# block no. 11 follows, 39 sequences, length 17
# corresponding to MSA columns:
# 483-499
name=unknown_L
#
# <colnr> <probs for GDERKNQSTAVLIFYWHMCP>
#	G	D	E	R	K	N	Q	S	T	A	V	L	I	F	Y	W	H	M	C	P
0	0.01279	0.10336	0.39392	0.06490	0.11452	0.01396	0.01719	0.06220	0.01350	0.01894	0.01361	0.06270	0.01193	0.00725	0.00581	0.00189	0.00750	0.06270	0.00319	0.00815
1	0.01359	0.09834	0.15190	0.02656	0.43370	0.01415	0.05610	0.01753	0.01351	0.01908	0.08725	0.01684	0.01362	0.00600	0.00577	0.00175	0.00698	0.00555	0.00318	0.00860
2	0.01771	0.10919	0.01760	0.01503	0.08597	0.41421	0.01080	0.01970	0.01445	0.01553	0.01014	0.01247	0.00871	0.00965	0.08527	0.00225	0.00939	0.00409	0.00306	0.13476
3	0.01301	0.00785	0.00997	0.00873	0.01100	0.00747	0.00681	0.09031	0.01773	0.15268	0.51300	0.05464	0.04290	0.01099	0.00673	0.00188	0.00365	0.02729	0.00654	0.00681
4	0.01443	0.01305	0.01290	0.01171	0.01424	0.09139	0.00891	0.06897	0.42515	0.02142	0.02122	0.10205	0.01839	0.08993	0.00942	0.00240	0.05386	0.00747	0.00518	0.00789
5	0.00860	0.00573	0.00645	0.00645	0.00645	0.00573	0.00358	0.00860	0.00860	0.01147	0.01863	0.03870	0.02150	0.79217	0.03010	0.00573	0.00573	0.00860	0.00358	0.00358
6	0.01172	0.00731	0.00996	0.00926	0.01006	0.00804	0.00680	0.10328	0.01071	0.01461	0.01156	0.01805	0.01085	0.02216	0.14582	0.53155	0.05555	0.00536	0.00311	0.00424
7	0.83394	0.01144	0.00869	0.00778	0.01144	0.01327	0.00640	0.01738	0.01006	0.02653	0.00823	0.00961	0.00640	0.00549	0.00366	0.00183	0.00457	0.00320	0.00366	0.00640
8	0.01407	0.01322	0.01997	0.13388	0.40072	0.03126	0.03823	0.03686	0.15922	0.02023	0.04756	0.01834	0.02722	0.00645	0.00599	0.00185	0.00658	0.00595	0.00378	0.00863
9	0.01204	0.01021	0.01204	0.00893	0.01387	0.00780	0.00721	0.01468	0.01237	0.01914	0.01218	0.01664	0.01079	0.00534	0.00468	0.00102	0.00447	0.06071	0.00366	0.76220
10	0.01308	0.01152	0.01257	0.12644	0.06266	0.11821	0.00928	0.10877	0.01445	0.01819	0.09499	0.12108	0.05982	0.07874	0.01065	0.11549	0.00611	0.00778	0.00415	0.00603
11	0.01408	0.01075	0.04885	0.00995	0.01427	0.00852	0.04007	0.03972	0.03827	0.15065	0.13247	0.02379	0.09550	0.00749	0.00561	0.00148	0.00464	0.00634	0.00493	0.34262
12	0.01433	0.10183	0.03335	0.17067	0.13228	0.14043	0.13164	0.04043	0.01394	0.01723	0.03665	0.09694	0.01366	0.00739	0.00600	0.00184	0.00768	0.02303	0.00338	0.00728
13	0.01102	0.00551	0.00551	0.00551	0.00689	0.00551	0.00413	0.01378	0.01240	0.02205	0.01929	0.02205	0.01516	0.00689	0.00413	0.00138	0.00276	0.00551	0.82500	0.00551
14	0.15601	0.11713	0.46031	0.01402	0.02092	0.01512	0.01648	0.05916	0.05322	0.02088	0.01086	0.01225	0.00804	0.00574	0.00510	0.00179	0.00738	0.00420	0.00309	0.00830
15	0.01388	0.01638	0.23777	0.01472	0.09525	0.01052	0.02551	0.01849	0.04710	0.11812	0.07396	0.03683	0.01528	0.00690	0.00569	0.00166	0.00606	0.03785	0.00413	0.21389
16	0.00739	0.00535	0.00701	0.00811	0.00870	0.00497	0.00558	0.00870	0.01210	0.01614	0.10976	0.64230	0.08261	0.01757	0.00748	0.00233	0.00341	0.03999	0.00560	0.00492

[dist]
# distance from previous block
# <min> <max>
3	7

[block]
# block no. 12 follows, 39 sequences, length 12
# corresponding to MSA columns:
# 508-519
name=unknown_M
#
# <colnr> <probs for GDERKNQSTAVLIFYWHMCP>
#	G	D	E	R	K	N	Q	S	T	A	V	L	I	F	Y	W	H	M	C	P
0	0.01244	0.08145	0.48598	0.05143	0.04992	0.01418	0.01781	0.01985	0.12215	0.01881	0.01280	0.01461	0.00963	0.00838	0.05357	0.00233	0.00830	0.00483	0.00309	0.00845
1	0.01253	0.06413	0.56001	0.01838	0.02631	0.01448	0.18422	0.01873	0.01280	0.01855	0.01081	0.01313	0.00784	0.00545	0.00584	0.00187	0.00890	0.00491	0.00261	0.00851
2	0.01384	0.01299	0.03518	0.06267	0.45457	0.01292	0.04104	0.07025	0.05581	0.01967	0.01597	0.02035	0.05788	0.09131	0.00860	0.00224	0.00664	0.00621	0.00354	0.00832
3	0.01197	0.01549	0.16622	0.41461	0.05299	0.01346	0.14758	0.01719	0.04734	0.01709	0.01205	0.03623	0.00937	0.00611	0.00610	0.00196	0.00814	0.00578	0.00292	0.00741
4	0.01382	0.06373	0.07872	0.01039	0.01568	0.09193	0.00909	0.03773	0.01321	0.01890	0.01034	0.01199	0.00849	0.00480	0.00460	0.00108	0.00562	0.00364	0.00338	0.59285
5	0.01102	0.00551	0.00551	0.00551	0.00689	0.00551	0.00413	0.01378	0.01240	0.02205	0.01929	0.02205	0.01516	0.00689	0.00413	0.00138	0.00276	0.00551	0.82500	0.00551
6	0.00861	0.00686	0.00991	0.01289	0.13915	0.00652	0.00764	0.01030	0.01244	0.01683	0.10869	0.51839	0.08854	0.01525	0.00715	0.00220	0.00396	0.01381	0.00515	0.00570
7	0.10503	0.01826	0.01661	0.01458	0.01607	0.28734	0.01169	0.01795	0.01193	0.01565	0.00831	0.01176	0.00756	0.00829	0.01264	0.00212	0.42025	0.00447	0.00287	0.00660
8	0.01268	0.00741	0.00961	0.00832	0.01072	0.00668	0.00645	0.01578	0.03876	0.17903	0.52420	0.03620	0.04267	0.01042	0.00655	0.00179	0.00343	0.00907	0.00646	0.06378
9	0.01181	0.01012	0.01172	0.00852	0.01349	0.00763	0.00679	0.01434	0.01237	0.01899	0.01477	0.01611	0.07295	0.00529	0.00460	0.00097	0.00426	0.00428	0.00368	0.75730
10	0.01927	0.02878	0.09068	0.04807	0.01766	0.01036	0.04049	0.07785	0.01596	0.35418	0.06860	0.01848	0.01462	0.00670	0.00568	0.00165	0.00561	0.00556	0.00544	0.16435
11	0.01102	0.00551	0.00551	0.00551	0.00689	0.00551	0.00413	0.01378	0.01240	0.02205	0.01929	0.02205	0.01516	0.00689	0.00413	0.00138	0.00276	0.00551	0.82500	0.00551

[dist]
# distance from previous block
# <min> <max>
0	9

# created by:
# /software/SequenceAnalysis/GenePrediction/augustus/3.0.1/scripts/msa2prfl.pl ./fixed/BUSCOvEOG7DBVTH.fas
