[name]
unknown

[dist]
# distance from previous block
# <min> <max>
3	200

[block]
# block no. 0 follows, 39 sequences, length 8
# corresponding to MSA columns:
# 367-374
name=unknown_A
#
# <colnr> <probs for GDERKNQSTAVLIFYWHMCP>
#	G	D	E	R	K	N	Q	S	T	A	V	L	I	F	Y	W	H	M	C	P
0	0.02174	0.01990	0.01709	0.01399	0.01809	0.25340	0.01115	0.45601	0.08151	0.02912	0.01340	0.01372	0.00993	0.00686	0.00574	0.00171	0.00767	0.00496	0.00502	0.00900
1	0.01335	0.00806	0.00861	0.00768	0.00978	0.00855	0.00602	0.17485	0.01558	0.02469	0.01784	0.02040	0.01398	0.01034	0.07405	0.00221	0.00478	0.00554	0.56716	0.00651
2	0.01078	0.01007	0.01769	0.40277	0.02898	0.01109	0.14012	0.01455	0.01375	0.01849	0.24347	0.02471	0.02311	0.00769	0.00643	0.00194	0.00665	0.00727	0.00391	0.00651
3	0.01434	0.47978	0.09154	0.01030	0.01576	0.01765	0.01021	0.01692	0.01214	0.01603	0.00916	0.01063	0.00795	0.00490	0.00414	0.00120	0.00593	0.00338	0.00283	0.26521
4	0.00934	0.00722	0.00896	0.00799	0.01028	0.00613	0.00590	0.01153	0.01367	0.01971	0.31600	0.20520	0.03543	0.05135	0.00748	0.00188	0.00359	0.00974	0.00518	0.26344
5	0.00806	0.00596	0.00868	0.00911	0.00994	0.00658	0.00680	0.00983	0.01007	0.01416	0.02110	0.26328	0.02242	0.03625	0.52990	0.00728	0.01195	0.00962	0.00390	0.00513
6	0.01660	0.00901	0.01143	0.00897	0.01285	0.00748	0.00718	0.01907	0.01522	0.30900	0.19471	0.02552	0.06554	0.00798	0.00576	0.00155	0.00418	0.00669	0.00582	0.26544
7	0.01466	0.01363	0.02067	0.02869	0.52312	0.01426	0.01539	0.02231	0.24287	0.02102	0.01519	0.01697	0.01209	0.00613	0.00591	0.00183	0.00629	0.00571	0.00390	0.00937

[dist]
# distance from previous block
# <min> <max>
1	33

[block]
# block no. 1 follows, 39 sequences, length 14
# corresponding to MSA columns:
# 410-423
name=unknown_B
#
# <colnr> <probs for GDERKNQSTAVLIFYWHMCP>
#	G	D	E	R	K	N	Q	S	T	A	V	L	I	F	Y	W	H	M	C	P
0	0.00768	0.00534	0.00672	0.00763	0.00786	0.00512	0.00485	0.00836	0.01040	0.01387	0.02789	0.53548	0.03317	0.27946	0.01515	0.00353	0.00421	0.01404	0.00485	0.00439
1	0.01294	0.01294	0.01811	0.01553	0.01553	0.01811	0.01294	0.01423	0.00906	0.01423	0.00776	0.01294	0.00776	0.01035	0.01941	0.00259	0.78134	0.00518	0.00259	0.00647
2	0.01155	0.01071	0.01699	0.55434	0.03357	0.01187	0.04077	0.01520	0.01202	0.01631	0.01057	0.01488	0.00815	0.00549	0.00556	0.00169	0.00707	0.00487	0.00286	0.21554
3	0.00849	0.00615	0.00858	0.00858	0.00932	0.00689	0.00624	0.00997	0.00923	0.01304	0.01669	0.02791	0.01682	0.27057	0.54529	0.00836	0.01278	0.00702	0.00329	0.00477
4	0.01180	0.01086	0.01689	0.49858	0.10397	0.01182	0.01407	0.01535	0.01210	0.01664	0.01057	0.01472	0.00826	0.00544	0.00550	0.00166	0.00686	0.00479	0.00289	0.22723
5	0.01272	0.01136	0.01495	0.01290	0.01337	0.01482	0.01026	0.08380	0.01078	0.01576	0.01131	0.01997	0.01167	0.21971	0.02095	0.00335	0.49698	0.00611	0.00318	0.00605
6	0.00713	0.00600	0.00618	0.00613	0.00807	0.00505	0.00460	0.00875	0.01380	0.01674	0.12812	0.05566	0.68419	0.01469	0.00699	0.00198	0.00298	0.01230	0.00559	0.00505
7	0.00721	0.00515	0.00686	0.00823	0.00858	0.00480	0.00549	0.00823	0.01132	0.01510	0.03259	0.78831	0.03911	0.01853	0.00755	0.00240	0.00343	0.01681	0.00549	0.00480
8	0.61357	0.01119	0.00965	0.00804	0.01213	0.01182	0.00657	0.01672	0.01065	0.02459	0.00884	0.01032	0.00704	0.00519	0.00385	0.00157	0.00452	0.00328	0.00362	0.22683
9	0.00823	0.00524	0.00650	0.00750	0.00812	0.00499	0.00513	0.00972	0.01161	0.01696	0.02903	0.58280	0.03269	0.01541	0.00663	0.00213	0.00325	0.01378	0.22527	0.00499
10	0.01355	0.00820	0.01040	0.00929	0.01056	0.00868	0.00677	0.20291	0.01310	0.01751	0.01133	0.01696	0.01021	0.01694	0.01850	0.60637	0.00550	0.00519	0.00347	0.00458
11	0.01445	0.22508	0.03385	0.02095	0.02669	0.01722	0.53971	0.01861	0.01344	0.01759	0.01096	0.01422	0.00860	0.00500	0.00613	0.00180	0.00899	0.00596	0.00287	0.00787
12	0.01191	0.01014	0.01189	0.00872	0.01364	0.00767	0.00690	0.01443	0.01220	0.01898	0.01204	0.06588	0.01086	0.00536	0.00460	0.00098	0.00431	0.00442	0.00364	0.77142
13	0.23523	0.58539	0.02501	0.00949	0.01417	0.02068	0.00912	0.01762	0.01149	0.01730	0.00823	0.00952	0.00727	0.00517	0.00376	0.00142	0.00586	0.00317	0.00283	0.00727

[dist]
# distance from previous block
# <min> <max>
0	1

[block]
# block no. 2 follows, 39 sequences, length 10
# corresponding to MSA columns:
# 425-434
name=unknown_C
#
# <colnr> <probs for GDERKNQSTAVLIFYWHMCP>
#	G	D	E	R	K	N	Q	S	T	A	V	L	I	F	Y	W	H	M	C	P
0	0.64860	0.01178	0.01082	0.00953	0.01236	0.01436	0.00788	0.01667	0.00984	0.02376	0.00813	0.01036	0.00671	0.00659	0.00721	0.00200	0.17992	0.00365	0.00342	0.00642
1	0.01280	0.01229	0.01869	0.01394	0.01817	0.01179	0.17241	0.01566	0.01192	0.01806	0.01022	0.01325	0.00858	0.00586	0.00836	0.00151	0.18104	0.00467	0.00318	0.45761
2	0.01011	0.18453	0.01435	0.00964	0.01160	0.01101	0.00801	0.01217	0.01007	0.01377	0.01412	0.02013	0.01316	0.03548	0.59605	0.00764	0.01369	0.00562	0.00302	0.00580
3	0.64821	0.01123	0.01073	0.18164	0.01805	0.01324	0.00867	0.01687	0.01046	0.02395	0.00875	0.01100	0.00674	0.00559	0.00417	0.00186	0.00532	0.00367	0.00343	0.00644
4	0.64726	0.01021	0.00808	0.00737	0.01066	0.01140	0.00597	0.01538	0.01084	0.02415	0.01990	0.02029	0.17491	0.00763	0.00441	0.00187	0.00422	0.00530	0.00407	0.00609
5	0.00807	0.00523	0.00656	0.00762	0.00820	0.00496	0.00518	0.00949	0.01157	0.01667	0.02959	0.61533	0.03371	0.01590	0.00678	0.00217	0.00328	0.01426	0.19049	0.00496
6	0.00721	0.00515	0.00686	0.00823	0.00858	0.00480	0.00549	0.00823	0.01132	0.01510	0.03259	0.78831	0.03911	0.01853	0.00755	0.00240	0.00343	0.01681	0.00549	0.00480
7	0.01819	0.02100	0.01738	0.01853	0.18369	0.42644	0.01195	0.02041	0.01500	0.01665	0.00990	0.01192	0.00827	0.00552	0.00524	0.00143	0.00842	0.00407	0.00312	0.19286
8	0.00837	0.00604	0.00790	0.00744	0.00883	0.00558	0.00558	0.01116	0.01674	0.02371	0.75216	0.04417	0.05580	0.01209	0.00697	0.00186	0.00279	0.01069	0.00651	0.00558
9	0.00980	0.00755	0.00914	0.00848	0.01031	0.00764	0.00643	0.01573	0.18105	0.02395	0.58780	0.03918	0.04728	0.01117	0.00676	0.00189	0.00322	0.00979	0.00640	0.00643

[dist]
# distance from previous block
# <min> <max>
0	4

[block]
# block no. 3 follows, 39 sequences, length 35
# corresponding to MSA columns:
# 439-473
name=unknown_D
#
# <colnr> <probs for GDERKNQSTAVLIFYWHMCP>
#	G	D	E	R	K	N	Q	S	T	A	V	L	I	F	Y	W	H	M	C	P
0	0.00837	0.00604	0.00790	0.00744	0.00883	0.00558	0.00558	0.01116	0.01674	0.02371	0.75216	0.04417	0.05580	0.01209	0.00697	0.00186	0.00279	0.01069	0.00651	0.00558
1	0.01551	0.73757	0.08651	0.01063	0.01597	0.02267	0.01101	0.01779	0.01205	0.01428	0.00840	0.00971	0.00758	0.00510	0.00393	0.00131	0.00651	0.00325	0.00253	0.00768
2	0.83394	0.01144	0.00869	0.00778	0.01144	0.01327	0.00640	0.01738	0.01006	0.02653	0.00823	0.00961	0.00640	0.00549	0.00366	0.00183	0.00457	0.00320	0.00366	0.00640
3	0.00721	0.00515	0.00686	0.00823	0.00858	0.00480	0.00549	0.00823	0.01132	0.01510	0.03259	0.78831	0.03911	0.01853	0.00755	0.00240	0.00343	0.01681	0.00549	0.00480
4	0.00916	0.00568	0.00623	0.00623	0.00655	0.00568	0.00371	0.00979	0.00948	0.01391	0.01879	0.03486	0.02004	0.61109	0.02411	0.00473	0.00505	0.00789	0.19299	0.00403
5	0.00709	0.00599	0.00614	0.00610	0.00805	0.00504	0.00458	0.00869	0.01373	0.01656	0.11252	0.05595	0.69990	0.01476	0.00699	0.00199	0.00298	0.01235	0.00557	0.00504
6	0.00887	0.00754	0.00784	0.00749	0.00976	0.00728	0.00570	0.01398	0.18231	0.01858	0.10426	0.04791	0.53046	0.01315	0.00676	0.00199	0.00337	0.01101	0.00569	0.00604
7	0.83394	0.01144	0.00869	0.00778	0.01144	0.01327	0.00640	0.01738	0.01006	0.02653	0.00823	0.00961	0.00640	0.00549	0.00366	0.00183	0.00457	0.00320	0.00366	0.00640
8	0.01309	0.00777	0.01002	0.00907	0.01016	0.00818	0.00654	0.17554	0.01234	0.01650	0.01118	0.01711	0.01022	0.01744	0.01915	0.63743	0.00545	0.00518	0.00334	0.00429
9	0.01071	0.00848	0.01287	0.01675	0.18359	0.00848	0.01152	0.01361	0.01358	0.01807	0.02666	0.05470	0.02835	0.01378	0.00763	0.00250	0.00581	0.55171	0.00486	0.00635
10	0.00904	0.00615	0.00858	0.00858	0.00971	0.00696	0.00664	0.01130	0.01017	0.01565	0.01664	0.02296	0.01487	0.03571	0.59242	0.00763	0.01282	0.00615	0.19267	0.00533
11	0.00791	0.00514	0.00706	0.00811	0.00838	0.00488	0.00541	0.00811	0.01049	0.01398	0.02745	0.61068	0.03246	0.01899	0.01114	0.19276	0.00382	0.01412	0.00482	0.00429
12	0.01226	0.01051	0.01226	0.00876	0.01401	0.00788	0.00701	0.01489	0.01226	0.01927	0.01051	0.01226	0.00876	0.00438	0.00438	0.00088	0.00438	0.00350	0.00350	0.82832
13	0.01226	0.01051	0.01226	0.00876	0.01401	0.00788	0.00701	0.01489	0.01226	0.01927	0.01051	0.01226	0.00876	0.00438	0.00438	0.00088	0.00438	0.00350	0.00350	0.82832
14	0.01162	0.01114	0.01552	0.01384	0.01392	0.01504	0.01122	0.01285	0.00958	0.01443	0.01349	0.19173	0.01499	0.01224	0.01667	0.00254	0.60196	0.00786	0.00326	0.00609
15	0.01436	0.61381	0.02604	0.01030	0.01450	0.01957	0.00998	0.01645	0.01238	0.01479	0.01355	0.02268	0.01369	0.00766	0.00480	0.00160	0.00612	0.16741	0.00320	0.00709
16	0.01283	0.01102	0.01252	0.00951	0.01433	0.00946	0.00755	0.01870	0.18113	0.02053	0.01364	0.01452	0.01090	0.00522	0.00476	0.00114	0.00445	0.00424	0.00408	0.63948
17	0.01329	0.19301	0.02102	0.15019	0.01994	0.01845	0.01291	0.01519	0.01023	0.01432	0.00836	0.01265	0.00774	0.00834	0.01340	0.00217	0.46475	0.00473	0.00258	0.00675
18	0.00864	0.00622	0.00828	0.00824	0.00962	0.00586	0.00649	0.01141	0.01602	0.02233	0.58594	0.04937	0.05078	0.01307	0.00725	0.00206	0.00340	0.17321	0.00626	0.00555
19	0.04543	0.41252	0.32808	0.01306	0.01946	0.05862	0.01484	0.01843	0.01239	0.01639	0.00925	0.01078	0.00751	0.00536	0.00462	0.00155	0.00748	0.00369	0.00259	0.00798
20	0.20426	0.57640	0.06259	0.00992	0.01484	0.02058	0.00985	0.01768	0.01159	0.01707	0.00834	0.00967	0.00731	0.00519	0.00386	0.00143	0.00604	0.00323	0.00279	0.00737
21	0.01303	0.01066	0.01306	0.00936	0.01461	0.00815	0.03017	0.01572	0.01255	0.05648	0.01120	0.01278	0.00906	0.00455	0.00454	0.00096	0.00459	0.00374	0.00368	0.76112
22	0.00899	0.00642	0.00891	0.01028	0.01141	0.00634	0.00860	0.01133	0.01309	0.01710	0.03161	0.23310	0.03521	0.01684	0.00803	0.00265	0.00498	0.55437	0.00546	0.00530
23	0.01181	0.01177	0.02169	0.60431	0.03847	0.01356	0.18184	0.01599	0.01232	0.01599	0.01085	0.01581	0.00813	0.00570	0.00616	0.00198	0.00836	0.00565	0.00271	0.00689
24	0.00906	0.00655	0.00845	0.14404	0.01268	0.00700	0.00599	0.00991	0.00943	0.01263	0.01791	0.07178	0.01976	0.58816	0.02383	0.00476	0.00591	0.00832	0.02959	0.00424
25	0.01347	0.01260	0.02018	0.16216	0.45697	0.01247	0.01527	0.01686	0.01290	0.01856	0.01087	0.01429	0.00896	0.00518	0.00552	0.00159	0.00657	0.00486	0.00301	0.19771
26	0.01226	0.01051	0.01226	0.00876	0.01401	0.00788	0.00701	0.01489	0.01226	0.01927	0.01051	0.01226	0.00876	0.00438	0.00438	0.00088	0.00438	0.00350	0.00350	0.82832
27	0.01079	0.00782	0.00942	0.00943	0.01084	0.00796	0.00682	0.17610	0.01540	0.02064	0.06454	0.57238	0.03325	0.01557	0.00714	0.00223	0.00411	0.01386	0.00564	0.00605
28	0.00860	0.00573	0.00645	0.00645	0.00645	0.00573	0.00358	0.00860	0.00860	0.01147	0.01863	0.03870	0.02150	0.79217	0.03010	0.00573	0.00573	0.00860	0.00358	0.00358
29	0.01117	0.01051	0.01774	0.77795	0.04073	0.01314	0.01642	0.01511	0.01182	0.01511	0.01051	0.01577	0.00788	0.00591	0.00591	0.00197	0.00788	0.00526	0.00263	0.00657
30	0.00713	0.00600	0.00619	0.00614	0.00808	0.00505	0.00461	0.00877	0.01382	0.01679	0.13267	0.05557	0.67961	0.01467	0.00699	0.00198	0.00297	0.01229	0.00560	0.00505
31	0.01266	0.01236	0.01767	0.19107	0.02133	0.01671	0.01347	0.01574	0.06560	0.01523	0.00964	0.01428	0.00857	0.00915	0.01528	0.00240	0.54396	0.00531	0.00286	0.00671
32	0.00757	0.00540	0.00728	0.00865	0.00915	0.00512	0.00612	0.00886	0.01168	0.01550	0.03239	0.67603	0.03832	0.01819	0.00764	0.00245	0.00374	0.12552	0.00548	0.00490
33	0.01158	0.00875	0.01081	0.01109	0.01306	0.00932	0.00922	0.07125	0.18292	0.02042	0.02780	0.09847	0.02816	0.01399	0.00790	0.02693	0.00521	0.43102	0.00553	0.00657
34	0.01186	0.03059	0.76153	0.01686	0.02560	0.01373	0.02185	0.01873	0.01249	0.01873	0.01061	0.01249	0.00749	0.00562	0.00562	0.00187	0.00874	0.00437	0.00250	0.00874

[dist]
# distance from previous block
# <min> <max>
0	1

[block]
# block no. 4 follows, 39 sequences, length 10
# corresponding to MSA columns:
# 475-484
name=unknown_E
#
# <colnr> <probs for GDERKNQSTAVLIFYWHMCP>
#	G	D	E	R	K	N	Q	S	T	A	V	L	I	F	Y	W	H	M	C	P
0	0.01527	0.01556	0.02242	0.10802	0.58615	0.11360	0.01709	0.01857	0.01374	0.01826	0.01080	0.01423	0.00899	0.00544	0.00579	0.00175	0.00759	0.00507	0.00291	0.00875
1	0.01983	0.04536	0.04707	0.01662	0.14501	0.01504	0.01196	0.38739	0.02109	0.14188	0.01618	0.07733	0.01279	0.00760	0.00595	0.00181	0.00620	0.00621	0.00531	0.00937
2	0.02653	0.01006	0.01372	0.01052	0.01510	0.00869	0.00869	0.02882	0.01693	0.75937	0.02333	0.02013	0.01464	0.00732	0.00595	0.00183	0.00503	0.00595	0.00732	0.01006
3	0.01549	0.01309	0.01381	0.01219	0.01568	0.01507	0.00955	0.10216	0.67259	0.02600	0.02308	0.02127	0.01725	0.00793	0.00601	0.00198	0.00486	0.00655	0.00601	0.00943
4	0.00837	0.00604	0.00790	0.00744	0.00883	0.00558	0.00558	0.01116	0.01674	0.02371	0.75216	0.04417	0.05580	0.01209	0.00697	0.00186	0.00279	0.01069	0.00651	0.00558
5	0.01208	0.02926	0.70208	0.01842	0.08441	0.01376	0.02155	0.01868	0.01256	0.01878	0.01065	0.01266	0.00764	0.00559	0.00564	0.00186	0.00860	0.00444	0.00253	0.00879
6	0.01061	0.00565	0.00616	0.00616	0.00748	0.00582	0.00466	0.01326	0.01193	0.02070	0.01873	0.02224	0.01510	0.01296	0.12802	0.00269	0.00488	0.00565	0.69184	0.00547
7	0.00953	0.00681	0.00953	0.01089	0.01225	0.00681	0.00953	0.01225	0.01361	0.01770	0.03131	0.06671	0.03403	0.01634	0.00817	0.00272	0.00545	0.71547	0.00545	0.00545
8	0.00964	0.13424	0.01299	0.00960	0.01131	0.00999	0.00783	0.01172	0.00991	0.01376	0.01461	0.02101	0.01362	0.03799	0.64479	0.00817	0.01430	0.00582	0.00306	0.00565
9	0.70246	0.01227	0.01016	0.00872	0.01256	0.01409	0.00719	0.13375	0.01294	0.02827	0.00920	0.01035	0.00700	0.00575	0.00403	0.00182	0.00489	0.00355	0.00403	0.00700

[dist]
# distance from previous block
# <min> <max>
0	1

[block]
# block no. 5 follows, 39 sequences, length 11
# corresponding to MSA columns:
# 486-496
name=unknown_F
#
# <colnr> <probs for GDERKNQSTAVLIFYWHMCP>
#	G	D	E	R	K	N	Q	S	T	A	V	L	I	F	Y	W	H	M	C	P
0	0.01177	0.01122	0.01587	0.01396	0.01423	0.01532	0.01149	0.01327	0.00917	0.01410	0.00987	0.01562	0.00959	0.01922	0.21476	0.00439	0.58177	0.00548	0.00274	0.00616
1	0.01592	0.01393	0.02099	0.19396	0.40556	0.01497	0.01597	0.20451	0.01684	0.02307	0.01179	0.01477	0.00922	0.00589	0.00588	0.00181	0.00708	0.00528	0.00364	0.00893
2	0.61841	0.00980	0.00821	0.00790	0.01069	0.01106	0.00617	0.01500	0.01039	0.02355	0.01459	0.21262	0.01493	0.00889	0.00467	0.00198	0.00428	0.00675	0.00414	0.00599
3	0.01493	0.01209	0.01369	0.01002	0.01514	0.01061	0.00811	0.20277	0.01631	0.02396	0.01147	0.01277	0.00910	0.00509	0.00478	0.00111	0.00493	0.00398	0.00413	0.61499
4	0.01294	0.01294	0.01811	0.01553	0.01553	0.01811	0.01294	0.01423	0.00906	0.01423	0.00776	0.01294	0.00776	0.01035	0.01941	0.00259	0.78134	0.00518	0.00259	0.00647
5	0.01957	0.02021	0.01839	0.01810	0.13283	0.31606	0.01266	0.22475	0.01817	0.02171	0.01067	0.01266	0.00861	0.00694	0.00784	0.00180	0.13246	0.00469	0.00377	0.00810
6	0.61944	0.01120	0.01105	0.20857	0.01907	0.01323	0.00902	0.01679	0.01052	0.02355	0.00883	0.01121	0.00679	0.00560	0.00425	0.00187	0.00544	0.00374	0.00339	0.00645
7	0.01343	0.13519	0.02086	0.01510	0.01615	0.01880	0.04434	0.01498	0.00973	0.01439	0.00802	0.01253	0.00779	0.00929	0.01642	0.00236	0.62636	0.00494	0.00260	0.00671
8	0.00778	0.00621	0.00709	0.00740	0.00918	0.00552	0.00591	0.00971	0.01381	0.01713	0.11569	0.05830	0.50180	0.01507	0.00730	0.00217	0.00362	0.19559	0.00557	0.00516
9	0.01396	0.01595	0.03490	0.02493	0.03091	0.01496	0.73380	0.01894	0.01396	0.01894	0.01196	0.01595	0.00897	0.00499	0.00698	0.00199	0.00997	0.00698	0.00299	0.00798
10	0.00819	0.00704	0.00714	0.00693	0.00914	0.00651	0.00525	0.01207	0.12753	0.01734	0.05432	0.05148	0.63824	0.01389	0.00684	0.00200	0.00326	0.01158	0.00557	0.00567

[dist]
# distance from previous block
# <min> <max>
0	1

[block]
# block no. 6 follows, 39 sequences, length 21
# corresponding to MSA columns:
# 498-518
name=unknown_G
#
# <colnr> <probs for GDERKNQSTAVLIFYWHMCP>
#	G	D	E	R	K	N	Q	S	T	A	V	L	I	F	Y	W	H	M	C	P
0	0.01442	0.01465	0.02741	0.03274	0.52850	0.01433	0.24219	0.01840	0.01362	0.01920	0.01139	0.01505	0.00924	0.00518	0.00621	0.00183	0.00795	0.00580	0.00295	0.00893
1	0.01439	0.01380	0.02357	0.08813	0.70534	0.01399	0.01803	0.01794	0.01335	0.01903	0.01108	0.01472	0.00926	0.00531	0.00586	0.00177	0.00709	0.00527	0.00291	0.00917
2	0.01581	0.79572	0.03099	0.01012	0.01518	0.02340	0.01012	0.01771	0.01202	0.01391	0.00822	0.00949	0.00759	0.00506	0.00379	0.00126	0.00632	0.00316	0.00253	0.00759
3	0.01164	0.02430	0.52867	0.25513	0.03033	0.01355	0.02015	0.01760	0.01228	0.01760	0.01058	0.01351	0.00761	0.00571	0.00571	0.00190	0.00847	0.00465	0.00254	0.00806
4	0.00860	0.00573	0.00645	0.00645	0.00645	0.00573	0.00358	0.00860	0.00860	0.01147	0.01863	0.03870	0.02150	0.79217	0.03010	0.00573	0.00573	0.00860	0.00358	0.00358
5	0.02248	0.01656	0.01775	0.01361	0.01834	0.01834	0.01124	0.73556	0.02780	0.03727	0.01420	0.01420	0.01006	0.00710	0.00592	0.00177	0.00651	0.00532	0.00592	0.01006
6	0.01229	0.01060	0.01106	0.01014	0.01306	0.01167	0.00784	0.02424	0.51571	0.02200	0.03529	0.03297	0.24810	0.01020	0.00632	0.00200	0.00415	0.00850	0.00585	0.00799
7	0.01442	0.01465	0.02741	0.03274	0.52850	0.01433	0.24219	0.01840	0.01362	0.01920	0.01139	0.01505	0.00924	0.00518	0.00621	0.00183	0.00795	0.00580	0.00295	0.00893
8	0.01079	0.00539	0.00620	0.00620	0.00714	0.00539	0.00445	0.01188	0.01093	0.01836	0.01647	0.02077	0.01363	0.01116	0.01008	0.26015	0.00350	0.00539	0.56752	0.00459
9	0.01627	0.01963	0.01261	0.01167	0.01431	0.47415	0.00875	0.01778	0.01549	0.01505	0.02871	0.02849	0.29489	0.00952	0.00597	0.00171	0.00771	0.00715	0.00399	0.00614
10	0.01417	0.01536	0.03149	0.02849	0.25768	0.01467	0.50975	0.01869	0.01380	0.01906	0.01170	0.01554	0.00910	0.00507	0.00663	0.00192	0.00905	0.00644	0.00297	0.00841
11	0.01360	0.01202	0.01474	0.25182	0.02331	0.01422	0.01157	0.02632	0.51519	0.02172	0.01983	0.02009	0.01487	0.00736	0.00598	0.00199	0.00568	0.00624	0.00496	0.00849
12	0.01581	0.79572	0.03099	0.01012	0.01518	0.02340	0.01012	0.01771	0.01202	0.01391	0.00822	0.00949	0.00759	0.00506	0.00379	0.00126	0.00632	0.00316	0.00253	0.00759
13	0.01294	0.01338	0.02263	0.01792	0.01983	0.01629	0.23807	0.01537	0.01059	0.01559	0.00977	0.01521	0.00890	0.03920	0.04205	0.00276	0.48405	0.00591	0.00277	0.00679
14	0.01326	0.01388	0.02337	0.01847	0.02034	0.01712	0.23862	0.01571	0.01059	0.01571	0.00908	0.01388	0.00814	0.00867	0.01552	0.00240	0.53985	0.00574	0.00271	0.00694
15	0.01225	0.01162	0.01970	0.54577	0.26443	0.01342	0.01696	0.01606	0.01234	0.01643	0.01070	0.01541	0.00835	0.00571	0.00589	0.00190	0.00761	0.00526	0.00272	0.00745
16	0.01150	0.25379	0.01625	0.01065	0.01317	0.01200	0.00971	0.01396	0.01311	0.01651	0.02408	0.04879	0.02576	0.01281	0.00680	0.00227	0.00572	0.49247	0.00453	0.00612
17	0.02095	0.01566	0.01693	0.01288	0.01769	0.01678	0.01061	0.62775	0.02548	0.03458	0.01365	0.01391	0.00986	0.00669	0.00569	0.00164	0.00619	0.00505	0.00556	0.13247
18	0.57670	0.01115	0.00981	0.00808	0.01224	0.01158	0.00659	0.01660	0.01075	0.02426	0.00895	0.01044	0.00714	0.00514	0.00389	0.00153	0.00451	0.00330	0.00361	0.26372
19	0.57747	0.01183	0.01016	0.00911	0.01267	0.01372	0.00733	0.02178	0.24002	0.02597	0.01319	0.01351	0.01005	0.00628	0.00440	0.00188	0.00461	0.00429	0.00440	0.00733
20	0.01117	0.01051	0.01774	0.77795	0.04073	0.01314	0.01642	0.01511	0.01182	0.01511	0.01051	0.01577	0.00788	0.00591	0.00591	0.00197	0.00788	0.00526	0.00263	0.00657

[dist]
# distance from previous block
# <min> <max>
0	7

[block]
# block no. 7 follows, 39 sequences, length 9
# corresponding to MSA columns:
# 526-534
name=unknown_H
#
# <colnr> <probs for GDERKNQSTAVLIFYWHMCP>
#	G	D	E	R	K	N	Q	S	T	A	V	L	I	F	Y	W	H	M	C	P
0	0.00721	0.00515	0.00686	0.00823	0.00858	0.00480	0.00549	0.00823	0.01132	0.01510	0.03259	0.78831	0.03911	0.01853	0.00755	0.00240	0.00343	0.01681	0.00549	0.00480
1	0.05553	0.01299	0.10721	0.64445	0.03732	0.01322	0.01654	0.01567	0.01181	0.01616	0.01040	0.01504	0.00776	0.00585	0.00576	0.00195	0.00781	0.00504	0.00267	0.00682
2	0.14514	0.02748	0.63947	0.01538	0.02330	0.01366	0.01935	0.01851	0.01209	0.01999	0.01023	0.01202	0.00732	0.00560	0.00530	0.00187	0.00806	0.00418	0.00269	0.00836
3	0.01229	0.11325	0.68260	0.01613	0.02447	0.01478	0.02058	0.01862	0.01243	0.01821	0.01035	0.01216	0.00750	0.00556	0.00542	0.00181	0.00848	0.00424	0.00250	0.00862
4	0.01009	0.00601	0.00924	0.13264	0.01315	0.00640	0.00700	0.00896	0.00876	0.01158	0.01272	0.10084	0.01300	0.01795	0.01864	0.60484	0.00540	0.00642	0.00289	0.00346
5	0.83394	0.01144	0.00869	0.00778	0.01144	0.01327	0.00640	0.01738	0.01006	0.02653	0.00823	0.00961	0.00640	0.00549	0.00366	0.00183	0.00457	0.00320	0.00366	0.00640
6	0.01117	0.01051	0.01774	0.77795	0.04073	0.01314	0.01642	0.01511	0.01182	0.01511	0.01051	0.01577	0.00788	0.00591	0.00591	0.00197	0.00788	0.00526	0.00263	0.00657
7	0.01368	0.01162	0.01249	0.01129	0.01432	0.01323	0.00875	0.02814	0.62659	0.02457	0.14211	0.02565	0.02417	0.00868	0.00617	0.00198	0.00437	0.00734	0.00610	0.00875
8	0.00721	0.00515	0.00686	0.00823	0.00858	0.00480	0.00549	0.00823	0.01132	0.01510	0.03259	0.78831	0.03911	0.01853	0.00755	0.00240	0.00343	0.01681	0.00549	0.00480

[dist]
# distance from previous block
# <min> <max>
0	7

[block]
# block no. 8 follows, 39 sequences, length 9
# corresponding to MSA columns:
# 542-550
name=unknown_I
#
# <colnr> <probs for GDERKNQSTAVLIFYWHMCP>
#	G	D	E	R	K	N	Q	S	T	A	V	L	I	F	Y	W	H	M	C	P
0	0.00892	0.00649	0.00872	0.00995	0.01103	0.00646	0.00800	0.01173	0.05040	0.01708	0.03142	0.33578	0.03512	0.01673	0.00782	0.00257	0.00465	0.41622	0.00549	0.00541
1	0.01317	0.02146	0.30816	0.02189	0.02891	0.01450	0.46606	0.01886	0.01340	0.01886	0.01146	0.01465	0.00842	0.00522	0.00647	0.00195	0.00951	0.00600	0.00281	0.00826
2	0.01186	0.03059	0.76153	0.01686	0.02560	0.01373	0.02185	0.01873	0.01249	0.01873	0.01061	0.01249	0.00749	0.00562	0.00562	0.00187	0.00874	0.00437	0.00250	0.00874
3	0.01044	0.30246	0.01594	0.00894	0.01106	0.01180	0.00723	0.01180	0.01158	0.01465	0.02343	0.49542	0.02726	0.01346	0.00614	0.00197	0.00452	0.01168	0.00438	0.00585
4	0.00856	0.00769	0.01041	0.29630	0.02030	0.00806	0.00898	0.01098	0.01286	0.01565	0.04133	0.04144	0.47271	0.01157	0.00658	0.00199	0.00483	0.00976	0.00441	0.00559
5	0.00721	0.00515	0.00686	0.00823	0.00858	0.00480	0.00549	0.00823	0.01132	0.01510	0.03259	0.78831	0.03911	0.01853	0.00755	0.00240	0.00343	0.01681	0.00549	0.00480
6	0.01056	0.00820	0.01056	0.01009	0.01292	0.00721	0.00858	0.01324	0.01311	0.01829	0.02349	0.04623	0.02453	0.01184	0.00674	0.00203	0.00504	0.44772	0.00472	0.31490
7	0.01231	0.01115	0.01855	0.02622	0.47521	0.01155	0.01410	0.01530	0.01198	0.01722	0.01290	0.01787	0.01140	0.01997	0.29275	0.00467	0.01034	0.00567	0.00302	0.00783
8	0.00854	0.00596	0.00760	0.00760	0.00800	0.00636	0.00502	0.00934	0.00894	0.01232	0.01758	0.03288	0.01897	0.51094	0.30788	0.00715	0.00953	0.00775	0.00343	0.00422

[dist]
# distance from previous block
# <min> <max>
0	8

[block]
# block no. 9 follows, 39 sequences, length 51
# corresponding to MSA columns:
# 559-609
name=unknown_J
#
# <colnr> <probs for GDERKNQSTAVLIFYWHMCP>
#	G	D	E	R	K	N	Q	S	T	A	V	L	I	F	Y	W	H	M	C	P
0	0.01102	0.00551	0.00551	0.00551	0.00689	0.00551	0.00413	0.01378	0.01240	0.02205	0.01929	0.02205	0.01516	0.00689	0.00413	0.00138	0.00276	0.00551	0.82500	0.00551
1	0.00799	0.00941	0.13328	0.00968	0.01143	0.00630	0.00823	0.00999	0.01152	0.01570	0.02891	0.65834	0.03382	0.01636	0.00722	0.00231	0.00432	0.01473	0.00499	0.00546
2	0.01471	0.01270	0.01337	0.01203	0.01538	0.01471	0.00936	0.03142	0.74459	0.02474	0.02407	0.02206	0.01805	0.00802	0.00602	0.00201	0.00468	0.00669	0.00602	0.00936
3	0.00845	0.00634	0.00950	0.00950	0.01056	0.00739	0.00739	0.01056	0.00950	0.01373	0.01584	0.02323	0.01478	0.04435	0.76873	0.00950	0.01584	0.00634	0.00317	0.00528
4	0.01146	0.01092	0.01780	0.65023	0.03651	0.01397	0.01584	0.01496	0.01136	0.01496	0.01005	0.01529	0.00786	0.00666	0.00817	0.00207	0.13745	0.00524	0.00262	0.00655
5	0.01117	0.01051	0.01774	0.77795	0.04073	0.01314	0.01642	0.01511	0.01182	0.01511	0.01051	0.01577	0.00788	0.00591	0.00591	0.00197	0.00788	0.00526	0.00263	0.00657
6	0.00722	0.00600	0.00631	0.00623	0.00813	0.00509	0.00468	0.00893	0.01403	0.01727	0.17587	0.05478	0.63610	0.01449	0.00699	0.00197	0.00296	0.01218	0.00566	0.00509
7	0.00845	0.00632	0.00941	0.00941	0.01044	0.00734	0.00728	0.01050	0.00948	0.01366	0.01592	0.02370	0.01499	0.06688	0.74648	0.00939	0.01554	0.00640	0.00318	0.00523
8	0.00748	0.00551	0.00739	0.00858	0.00891	0.00543	0.00584	0.00852	0.01122	0.01506	0.03142	0.75167	0.03763	0.01814	0.00811	0.00241	0.04019	0.01626	0.00535	0.00488
9	0.01226	0.01051	0.01226	0.00876	0.01401	0.00788	0.00701	0.01489	0.01226	0.01927	0.01051	0.01226	0.00876	0.00438	0.00438	0.00088	0.00438	0.00350	0.00350	0.82832
10	0.01208	0.01032	0.01207	0.00874	0.01382	0.00777	0.00695	0.01465	0.01223	0.01912	0.01132	0.04057	0.00987	0.00490	0.00450	0.00093	0.00435	0.00399	0.00358	0.79828
11	0.03625	0.01421	0.01581	0.01254	0.01655	0.01549	0.02836	0.54157	0.03922	0.05291	0.01682	0.09914	0.01375	0.00827	0.00596	0.00183	0.00590	0.00663	0.05975	0.00904
12	0.03016	0.01180	0.01641	0.23685	0.04280	0.03704	0.01297	0.04757	0.01186	0.04344	0.01289	0.06456	0.01210	0.00939	0.01166	0.00227	0.32469	0.06147	0.00337	0.00670
13	0.01226	0.01051	0.01226	0.00876	0.01401	0.00788	0.00701	0.01489	0.01226	0.01927	0.01051	0.01226	0.00876	0.00438	0.00438	0.00088	0.00438	0.00350	0.00350	0.82832
14	0.01668	0.66643	0.02866	0.01065	0.01561	0.02245	0.01025	0.11532	0.03642	0.01741	0.00951	0.01051	0.00824	0.00543	0.00415	0.00136	0.00630	0.00356	0.00309	0.00798
15	0.01581	0.79572	0.03099	0.01012	0.01518	0.02340	0.01012	0.01771	0.01202	0.01391	0.00822	0.00949	0.00759	0.00506	0.00379	0.00126	0.00632	0.00316	0.00253	0.00759
16	0.00721	0.00515	0.00686	0.00823	0.00858	0.00480	0.00549	0.00823	0.01132	0.01510	0.03259	0.78831	0.03911	0.01853	0.00755	0.00240	0.00343	0.01681	0.00549	0.00480
17	0.00710	0.00584	0.00616	0.00639	0.00802	0.00499	0.00462	0.00845	0.01290	0.01563	0.05348	0.17998	0.60004	0.04953	0.00809	0.00223	0.00319	0.01304	0.00541	0.00490
18	0.01341	0.01394	0.04110	0.32225	0.30126	0.04962	0.10507	0.01716	0.01282	0.01716	0.01073	0.01492	0.00854	0.00576	0.00658	0.00190	0.04177	0.00538	0.00280	0.00784
19	0.01226	0.01051	0.01226	0.00876	0.01401	0.00788	0.00701	0.01489	0.01226	0.01927	0.01051	0.01226	0.00876	0.00438	0.00438	0.00088	0.00438	0.00350	0.00350	0.82832
20	0.83394	0.01144	0.00869	0.00778	0.01144	0.01327	0.00640	0.01738	0.01006	0.02653	0.00823	0.00961	0.00640	0.00549	0.00366	0.00183	0.00457	0.00320	0.00366	0.00640
21	0.00727	0.00517	0.00684	0.00815	0.00848	0.00485	0.00540	0.00825	0.01119	0.01492	0.03193	0.75289	0.03828	0.05508	0.00861	0.00256	0.00354	0.01642	0.00540	0.00475
22	0.00860	0.00573	0.00645	0.00645	0.00645	0.00573	0.00358	0.00860	0.00860	0.01147	0.01863	0.03870	0.02150	0.79217	0.03010	0.00573	0.00573	0.00860	0.00358	0.00358
23	0.01452	0.01437	0.02583	0.03439	0.63393	0.01420	0.13803	0.01828	0.01355	0.01926	0.01126	0.01486	0.00930	0.00522	0.00604	0.00180	0.00752	0.00556	0.00294	0.00913
24	0.83394	0.01144	0.00869	0.00778	0.01144	0.01327	0.00640	0.01738	0.01006	0.02653	0.00823	0.00961	0.00640	0.00549	0.00366	0.00183	0.00457	0.00320	0.00366	0.00640
25	0.01669	0.01226	0.01343	0.01178	0.01533	0.01370	0.00925	0.03099	0.62269	0.14780	0.02395	0.02174	0.01748	0.00791	0.00601	0.00198	0.00474	0.00656	0.00624	0.00948
26	0.00847	0.00624	0.00899	0.00899	0.00987	0.00711	0.00675	0.01023	0.00935	0.01335	0.01631	0.02582	0.01591	0.16963	0.64500	0.00887	0.01415	0.00672	0.00324	0.00500
27	0.69565	0.01058	0.00883	0.00807	0.01129	0.01228	0.00657	0.01624	0.00997	0.02439	0.00951	0.01189	0.00781	0.01200	0.13182	0.00312	0.00646	0.00373	0.00358	0.00622
28	0.02136	0.14709	0.01997	0.01302	0.01781	0.01919	0.01105	0.61530	0.02516	0.03336	0.01320	0.01341	0.00964	0.00676	0.00556	0.00169	0.00648	0.00496	0.00535	0.00964
29	0.01217	0.01178	0.01640	0.01417	0.01441	0.01601	0.01171	0.01372	0.01034	0.01582	0.13246	0.01817	0.01581	0.01064	0.01732	0.00247	0.65092	0.00610	0.00324	0.00632
30	0.69611	0.01128	0.01021	0.13680	0.01634	0.01325	0.00808	0.01700	0.01036	0.02462	0.00862	0.01064	0.00665	0.00556	0.00404	0.00185	0.00513	0.00355	0.00349	0.00643
31	0.00721	0.00515	0.00686	0.00823	0.00858	0.00480	0.00549	0.00823	0.01132	0.01510	0.03259	0.78831	0.03911	0.01853	0.00755	0.00240	0.00343	0.01681	0.00549	0.00480
32	0.01147	0.02661	0.63555	0.01586	0.02336	0.01257	0.01979	0.01764	0.01267	0.01856	0.01408	0.02157	0.01194	0.00741	0.00605	0.00202	0.00819	0.12349	0.00299	0.00819
33	0.00703	0.00599	0.00605	0.00604	0.00801	0.00501	0.00453	0.00857	0.01358	0.01622	0.08158	0.05651	0.73105	0.01489	0.00699	0.00199	0.00299	0.01243	0.00552	0.00501
34	0.01132	0.00671	0.00875	0.00786	0.00983	0.00606	0.00603	0.01394	0.01656	0.14644	0.58446	0.04099	0.09482	0.01148	0.00680	0.00186	0.00318	0.01002	0.00658	0.00629
35	0.00934	0.00668	0.00926	0.01031	0.01168	0.00660	0.00887	0.01207	0.01414	0.01871	0.15207	0.06293	0.03768	0.01563	0.00797	0.00258	0.00500	0.59741	0.00562	0.00547
36	0.00721	0.00515	0.00686	0.00823	0.00858	0.00480	0.00549	0.00823	0.01132	0.01510	0.03259	0.78831	0.03911	0.01853	0.00755	0.00240	0.00343	0.01681	0.00549	0.00480
37	0.02248	0.01656	0.01775	0.01361	0.01834	0.01834	0.01124	0.73556	0.02780	0.03727	0.01420	0.01420	0.01006	0.00710	0.00592	0.00177	0.00651	0.00532	0.00592	0.01006
38	0.00860	0.00573	0.00645	0.00645	0.00645	0.00573	0.00358	0.00860	0.00860	0.01147	0.01863	0.03870	0.02150	0.79217	0.03010	0.00573	0.00573	0.00860	0.00358	0.00358
39	0.01294	0.01294	0.01811	0.01553	0.01553	0.01811	0.01294	0.01423	0.00906	0.01423	0.00776	0.01294	0.00776	0.01035	0.01941	0.00259	0.78134	0.00518	0.00259	0.00647
40	0.80548	0.01210	0.03475	0.00809	0.01193	0.01328	0.00694	0.01743	0.01015	0.02626	0.00832	0.00971	0.00644	0.00549	0.00373	0.00183	0.00472	0.00324	0.00362	0.00649
41	0.01393	0.01211	0.01870	0.18070	0.32878	0.01296	0.02938	0.06425	0.08369	0.04233	0.01657	0.02149	0.04447	0.00720	0.00633	0.00192	0.02124	0.05628	0.02951	0.00818
42	0.01182	0.00997	0.01459	0.26849	0.07702	0.01181	0.01177	0.08051	0.01288	0.01799	0.03800	0.02014	0.04697	0.01534	0.16861	0.00355	0.10353	0.00602	0.07436	0.00662
43	0.02569	0.00985	0.01342	0.01042	0.01481	0.00852	0.00855	0.02792	0.01668	0.72686	0.02374	0.05369	0.01571	0.00781	0.00602	0.00185	0.00496	0.00642	0.00724	0.00983
44	0.01190	0.01125	0.01905	0.62242	0.19058	0.01333	0.01679	0.01575	0.01217	0.01599	0.01064	0.01553	0.00819	0.00578	0.00590	0.00193	0.00770	0.00526	0.00269	0.00716
45	0.47921	0.00998	0.00963	0.00831	0.01168	0.01061	0.00673	0.01856	0.01301	0.18696	0.17132	0.01934	0.01882	0.00731	0.00487	0.00184	0.00429	0.00541	0.00508	0.00703
46	0.01471	0.01270	0.01337	0.01203	0.01538	0.01471	0.00936	0.03142	0.74459	0.02474	0.02407	0.02206	0.01805	0.00802	0.00602	0.00201	0.00468	0.00669	0.00602	0.00936
47	0.01595	0.01447	0.02296	0.03250	0.63183	0.01477	0.01699	0.13833	0.01587	0.02233	0.01164	0.01456	0.00948	0.00558	0.00586	0.00176	0.00694	0.00528	0.00343	0.00948
48	0.00726	0.00583	0.00649	0.00669	0.00825	0.00505	0.00488	0.00888	0.01359	0.01709	0.17035	0.20272	0.49173	0.01521	0.00710	0.00206	0.00305	0.01306	0.00566	0.00505
49	0.01384	0.01172	0.01273	0.01184	0.01485	0.01339	0.00939	0.02821	0.62214	0.02356	0.02528	0.02954	0.02073	0.00942	0.00638	0.00213	0.00481	0.12542	0.00592	0.00870
50	0.82067	0.01217	0.00949	0.00854	0.01225	0.01381	0.00689	0.01808	0.01078	0.02737	0.00937	0.01117	0.00748	0.00622	0.00416	0.00203	0.00495	0.00358	0.00403	0.00697

[dist]
# distance from previous block
# <min> <max>
4	10

[block]
# block no. 10 follows, 39 sequences, length 40
# corresponding to MSA columns:
# 620-659
name=unknown_K
#
# <colnr> <probs for GDERKNQSTAVLIFYWHMCP>
#	G	D	E	R	K	N	Q	S	T	A	V	L	I	F	Y	W	H	M	C	P
0	0.01471	0.01270	0.01337	0.01203	0.01538	0.01471	0.00936	0.03142	0.74459	0.02474	0.02407	0.02206	0.01805	0.00802	0.00602	0.00201	0.00468	0.00669	0.00602	0.00936
1	0.00789	0.00565	0.00739	0.00773	0.00861	0.00526	0.00544	0.00980	0.01405	0.01947	0.41221	0.35754	0.04705	0.05379	0.00837	0.00228	0.00321	0.01317	0.00593	0.00515
2	0.01276	0.20523	0.59478	0.01532	0.02322	0.01594	0.01917	0.01850	0.01238	0.01763	0.01007	0.01180	0.00751	0.00549	0.00520	0.00173	0.00819	0.00409	0.00250	0.00848
3	0.00754	0.00601	0.00675	0.00657	0.00832	0.00523	0.00492	0.00955	0.01477	0.01904	0.33421	0.05187	0.47666	0.01383	0.00698	0.00194	0.00291	0.01177	0.00590	0.00523
4	0.01593	0.68707	0.02911	0.01086	0.01538	0.06508	0.01043	0.01775	0.01204	0.01397	0.00824	0.00984	0.00761	0.00556	0.00518	0.00139	0.07119	0.00337	0.00256	0.00745
5	0.00721	0.00515	0.00686	0.00823	0.00858	0.00480	0.00549	0.00823	0.01132	0.01510	0.03259	0.78831	0.03911	0.01853	0.00755	0.00240	0.00343	0.01681	0.00549	0.00480
6	0.01430	0.01121	0.01619	0.26645	0.02447	0.01243	0.07197	0.13886	0.09527	0.06609	0.01797	0.02655	0.01526	0.00840	0.00635	0.00205	0.00655	0.14123	0.05089	0.00752
7	0.01215	0.01198	0.01915	0.34723	0.02764	0.01544	0.07470	0.01492	0.01068	0.01500	0.00950	0.01466	0.00808	0.00877	0.03003	0.00243	0.36299	0.00539	0.00265	0.00661
8	0.01227	0.01100	0.01615	0.40690	0.02862	0.01137	0.03745	0.05116	0.01287	0.01801	0.01075	0.01430	0.00838	0.00533	0.00534	0.00153	0.00649	0.00462	0.00315	0.33431
9	0.00753	0.00599	0.00676	0.00662	0.00834	0.00521	0.00495	0.00952	0.01468	0.01895	0.32770	0.07505	0.45983	0.01397	0.00700	0.00196	0.00293	0.01192	0.00589	0.00521
10	0.01306	0.07931	0.02877	0.08329	0.02677	0.01429	0.48657	0.01726	0.01385	0.01872	0.11601	0.01928	0.01535	0.00625	0.00704	0.00193	0.03442	0.00698	0.00341	0.00744
11	0.00763	0.00559	0.00731	0.00828	0.00903	0.00506	0.00562	0.00879	0.01140	0.01544	0.03075	0.72360	0.03658	0.01735	0.00728	0.00227	0.00351	0.01570	0.00532	0.07346
12	0.01226	0.01051	0.01226	0.00876	0.01401	0.00788	0.00701	0.01489	0.01226	0.01927	0.01051	0.01226	0.00876	0.00438	0.00438	0.00088	0.00438	0.00350	0.00350	0.82832
13	0.01532	0.70108	0.12135	0.01095	0.01647	0.02220	0.01157	0.01783	0.01207	0.01451	0.00852	0.00986	0.00758	0.00513	0.00402	0.00134	0.00662	0.00331	0.00253	0.00773
14	0.07839	0.00654	0.00788	0.00788	0.00946	0.00615	0.00577	0.01194	0.01360	0.09419	0.23345	0.33325	0.14136	0.01400	0.00682	0.00209	0.00345	0.01225	0.00581	0.00571
15	0.01219	0.09467	0.70034	0.01629	0.02472	0.01454	0.02087	0.01864	0.01245	0.01833	0.01041	0.01223	0.00750	0.00557	0.00547	0.00182	0.00854	0.00427	0.00250	0.00864
16	0.03252	0.01911	0.01961	0.05165	0.02055	0.29183	0.15142	0.15750	0.01698	0.02009	0.01481	0.01667	0.07049	0.00721	0.00727	0.00183	0.08363	0.00563	0.00374	0.00748
17	0.01031	0.00998	0.01925	0.01548	0.01830	0.00938	0.32807	0.01301	0.01226	0.01650	0.02229	0.38355	0.02429	0.07703	0.00918	0.00250	0.00652	0.01177	0.00422	0.00611
18	0.01169	0.01068	0.01709	0.62504	0.03529	0.01343	0.01518	0.03575	0.01200	0.01604	0.01080	0.01575	0.00834	0.00651	0.00735	0.00200	0.09597	0.00526	0.04921	0.00660
19	0.02134	0.12413	0.01868	0.01439	0.01790	0.58308	0.01124	0.10909	0.01749	0.01716	0.00964	0.01094	0.00791	0.00608	0.00521	0.00152	0.00961	0.00391	0.00333	0.00734
20	0.00829	0.00585	0.00651	0.00659	0.00711	0.00562	0.00411	0.00877	0.00997	0.01282	0.02861	0.04431	0.18681	0.57535	0.02371	0.00473	0.00510	0.04762	0.00411	0.00400
21	0.01891	0.17565	0.16505	0.01443	0.01912	0.41460	0.01319	0.08113	0.01593	0.01711	0.00967	0.01109	0.00779	0.00589	0.00514	0.00156	0.00910	0.00392	0.00308	0.00763
22	0.01157	0.02853	0.69841	0.01607	0.02419	0.01305	0.02049	0.01809	0.01284	0.01915	0.07272	0.01514	0.01154	0.00616	0.00573	0.00187	0.00824	0.00490	0.00283	0.00848
23	0.00734	0.00524	0.00702	0.00839	0.00879	0.00492	0.00573	0.00847	0.01146	0.01525	0.03252	0.74570	0.03881	0.01840	0.00758	0.00242	0.00355	0.05806	0.00549	0.00484
24	0.02248	0.01656	0.01775	0.01361	0.01834	0.01834	0.01124	0.73556	0.02780	0.03727	0.01420	0.01420	0.01006	0.00710	0.00592	0.00177	0.00651	0.00532	0.00592	0.01006
25	0.01132	0.01071	0.01777	0.71439	0.03863	0.01355	0.01613	0.01504	0.01159	0.01504	0.01028	0.01553	0.00787	0.00628	0.00704	0.00202	0.07237	0.00525	0.00262	0.00656
26	0.00729	0.00572	0.00660	0.00697	0.00832	0.00503	0.00500	0.00885	0.01332	0.01698	0.16659	0.29368	0.40333	0.01565	0.00717	0.00211	0.00310	0.01360	0.00566	0.00503
27	0.00813	0.00604	0.00757	0.00719	0.00869	0.00548	0.00539	0.01070	0.01617	0.02237	0.63174	0.04639	0.17705	0.01259	0.00698	0.00188	0.00283	0.01101	0.00633	0.00548
28	0.00790	0.00614	0.00935	0.00978	0.01065	0.00576	0.06644	0.00935	0.01167	0.01556	0.03080	0.68312	0.03631	0.01727	0.00754	0.00239	0.00409	0.05549	0.00528	0.00510
29	0.24160	0.08823	0.49130	0.01377	0.02079	0.01440	0.01657	0.01827	0.01177	0.02051	0.00975	0.01144	0.00720	0.00554	0.00492	0.00181	0.00738	0.00394	0.00282	0.00799
30	0.00847	0.00612	0.00762	0.00719	0.00879	0.00552	0.00541	0.01097	0.01604	0.03835	0.58570	0.04641	0.20623	0.01261	0.00696	0.00189	0.00288	0.01098	0.00631	0.00555
31	0.03132	0.01408	0.10271	0.35540	0.02916	0.01501	0.08064	0.01563	0.01114	0.01584	0.00970	0.01434	0.00786	0.00725	0.01036	0.00216	0.26259	0.00524	0.00266	0.00690
32	0.01397	0.02764	0.65395	0.01594	0.02409	0.01301	0.01996	0.02018	0.01312	0.12528	0.01244	0.01359	0.00852	0.00586	0.00567	0.00187	0.00821	0.00460	0.00319	0.00893
33	0.01309	0.01765	0.17274	0.16305	0.09235	0.01431	0.40263	0.01813	0.01324	0.01823	0.01136	0.01513	0.00852	0.00530	0.00642	0.00195	0.00910	0.00601	0.00282	0.00798
34	0.00817	0.00600	0.00765	0.00731	0.00873	0.00548	0.00545	0.01074	0.01615	0.02249	0.64473	0.07581	0.13390	0.01268	0.00700	0.00190	0.00284	0.01114	0.00635	0.00548
35	0.01188	0.01211	0.02243	0.40638	0.03280	0.01345	0.25120	0.01575	0.01245	0.01637	0.01489	0.01904	0.07035	0.00671	0.00741	0.00203	0.06845	0.00642	0.00298	0.00689
36	0.01249	0.01301	0.02549	0.42576	0.05486	0.01397	0.33372	0.01688	0.01281	0.01691	0.01117	0.01582	0.00840	0.00549	0.00638	0.00198	0.00878	0.00602	0.00280	0.00726
37	0.01285	0.06772	0.68466	0.01618	0.02451	0.01395	0.02055	0.01922	0.01270	0.05845	0.01118	0.01275	0.00788	0.00568	0.00555	0.00184	0.00842	0.00439	0.00276	0.00875
38	0.05221	0.01596	0.08101	0.02149	0.02710	0.01419	0.55024	0.05687	0.01465	0.02067	0.07381	0.01768	0.01273	0.00576	0.00667	0.00195	0.00884	0.00684	0.00344	0.00787
39	0.01352	0.01838	0.18729	0.06662	0.02924	0.01413	0.49090	0.01868	0.01350	0.03373	0.01175	0.01511	0.00870	0.00519	0.00648	0.00191	0.00922	0.00614	0.00298	0.04652

[dist]
# distance from previous block
# <min> <max>
36	70

[block]
# block no. 11 follows, 39 sequences, length 97
# corresponding to MSA columns:
# 749-845
name=unknown_L
#
# <colnr> <probs for GDERKNQSTAVLIFYWHMCP>
#	G	D	E	R	K	N	Q	S	T	A	V	L	I	F	Y	W	H	M	C	P
0	0.41957	0.01190	0.01182	0.06517	0.01550	0.01255	0.00825	0.07060	0.06014	0.06882	0.04489	0.01501	0.01144	0.00656	0.00493	0.00183	0.00516	0.00457	0.00449	0.15681
1	0.01386	0.01463	0.03015	0.02202	0.02717	0.01364	0.59209	0.01816	0.01476	0.02047	0.11482	0.02121	0.01647	0.00661	0.00719	0.00210	0.00888	0.00766	0.04014	0.00795
2	0.01477	0.01178	0.01352	0.00996	0.01514	0.00962	0.00792	0.09999	0.01475	0.04767	0.01222	0.01392	0.00990	0.00537	0.00498	0.00118	0.00494	0.00409	0.00420	0.69407
3	0.00948	0.00637	0.00709	0.00705	0.00714	0.00625	0.00399	0.00925	0.00916	0.01230	0.01936	0.03950	0.02212	0.78222	0.03013	0.00583	0.00601	0.00882	0.00386	0.00405
4	0.00909	0.00667	0.00830	0.00786	0.00939	0.00603	0.00583	0.01146	0.01681	0.02347	0.66107	0.04642	0.13855	0.01290	0.00731	0.00203	0.00313	0.01110	0.00663	0.00595
5	0.00921	0.00662	0.00828	0.00920	0.00994	0.00631	0.00629	0.06158	0.01304	0.01749	0.03180	0.72303	0.03739	0.01808	0.00776	0.00250	0.00396	0.01609	0.00578	0.00564
6	0.01383	0.01153	0.01322	0.00968	0.01492	0.00913	0.00768	0.06766	0.01390	0.02131	0.01161	0.01356	0.00964	0.00515	0.00486	0.00111	0.00483	0.00392	0.00396	0.75850
7	0.04742	0.00738	0.00892	0.00864	0.01038	0.00701	0.00651	0.01393	0.04756	0.07561	0.37788	0.15657	0.07241	0.01280	0.00702	0.00213	0.00373	0.06204	0.06567	0.00639
8	0.82379	0.01200	0.00930	0.00836	0.01206	0.01368	0.00677	0.01792	0.01061	0.02717	0.00910	0.01080	0.00723	0.00605	0.00404	0.00198	0.00486	0.00349	0.00394	0.00684
