[name]
unknown

[dist]
# distance from previous block
# <min> <max>
0	154

[block]
# block no. 0 follows, 38 sequences, length 36
# corresponding to MSA columns:
# 186-221
name=unknown_A
#
# <colnr> <probs for GDERKNQSTAVLIFYWHMCP>
#	G	D	E	R	K	N	Q	S	T	A	V	L	I	F	Y	W	H	M	C	P
0	0.37205	0.01104	0.01204	0.04057	0.01491	0.01130	0.00823	0.04363	0.01432	0.39169	0.01634	0.01552	0.01088	0.00658	0.00505	0.00187	0.00508	0.00480	0.00561	0.00849
1	0.01420	0.01623	0.03550	0.02535	0.03144	0.01521	0.72921	0.01927	0.01420	0.01927	0.01217	0.01623	0.00913	0.00507	0.00710	0.00203	0.01014	0.00710	0.00304	0.00811
2	0.05536	0.07268	0.45938	0.01471	0.02192	0.01322	0.03257	0.02169	0.01380	0.21759	0.01404	0.01454	0.00957	0.00613	0.00562	0.00185	0.00754	0.00480	0.00393	0.00905
3	0.05716	0.01124	0.01397	0.01100	0.01535	0.01078	0.00900	0.12321	0.08716	0.52142	0.05907	0.02066	0.01640	0.00766	0.00601	0.00187	0.00515	0.00617	0.00693	0.00978
4	0.00744	0.00531	0.00710	0.00845	0.00886	0.00498	0.00573	0.00859	0.01172	0.01564	0.04862	0.74322	0.03997	0.01863	0.00769	0.00244	0.00355	0.04152	0.00561	0.00493
5	0.03334	0.01231	0.02094	0.01586	0.02048	0.01163	0.26740	0.02395	0.10602	0.31641	0.04930	0.06191	0.01617	0.00747	0.00653	0.00198	0.00669	0.00727	0.00550	0.00884
6	0.07197	0.01238	0.02086	0.41673	0.25015	0.01391	0.08033	0.01680	0.01254	0.01782	0.01079	0.01520	0.00846	0.00579	0.00619	0.00194	0.02226	0.00536	0.00287	0.00765
7	0.00748	0.00534	0.00715	0.00855	0.00896	0.00502	0.00585	0.00864	0.01167	0.01553	0.03307	0.73903	0.03946	0.01870	0.00772	0.00246	0.00362	0.06124	0.00558	0.00493
8	0.01420	0.01623	0.03550	0.02535	0.03144	0.01521	0.72921	0.01927	0.01420	0.01927	0.01217	0.01623	0.00913	0.00507	0.00710	0.00203	0.01014	0.00710	0.00304	0.00811
9	0.21347	0.01223	0.02828	0.01079	0.01522	0.01209	0.00902	0.13060	0.08829	0.39150	0.01857	0.01711	0.01243	0.00701	0.00550	0.00187	0.00527	0.00534	0.00613	0.00927
10	0.02201	0.01165	0.01404	0.01115	0.01530	0.01154	0.00908	0.20817	0.09499	0.39144	0.08442	0.02326	0.05840	0.00830	0.00620	0.00188	0.00516	0.00674	0.00677	0.00949
11	0.00730	0.00534	0.00687	0.00809	0.00865	0.00491	0.00546	0.00841	0.01180	0.01547	0.03667	0.69263	0.12954	0.01839	0.00761	0.00239	0.00343	0.01654	0.00558	0.00491
12	0.11981	0.02948	0.01434	0.01114	0.01550	0.04755	0.00912	0.11235	0.09946	0.44848	0.01986	0.01801	0.01323	0.00717	0.00570	0.00185	0.00551	0.00556	0.00637	0.00951
13	0.01366	0.11091	0.57651	0.01748	0.07861	0.01473	0.01980	0.01955	0.01301	0.06543	0.01139	0.01303	0.00824	0.00574	0.00555	0.00183	0.00825	0.00448	0.00289	0.00890
14	0.01338	0.01178	0.01916	0.48513	0.18778	0.01351	0.03286	0.01847	0.08252	0.05788	0.01290	0.01666	0.00973	0.00614	0.00604	0.00195	0.00741	0.00557	0.00334	0.00779
15	0.01153	0.01087	0.01835	0.73853	0.07569	0.01341	0.01679	0.01552	0.01211	0.01558	0.01072	0.01598	0.00809	0.00598	0.00601	0.00199	0.00798	0.00535	0.00269	0.00682
16	0.01272	0.04651	0.23285	0.13952	0.02929	0.01413	0.34051	0.01776	0.01317	0.01813	0.01293	0.07053	0.01070	0.00640	0.00647	0.00199	0.00884	0.00666	0.00301	0.00786
17	0.02860	0.04792	0.52684	0.01807	0.02591	0.01417	0.16662	0.01970	0.01324	0.06596	0.01179	0.01378	0.00838	0.00567	0.00593	0.00191	0.00876	0.00504	0.00298	0.00874
18	0.01098	0.00623	0.00822	0.00865	0.00992	0.00564	0.00612	0.01230	0.01274	0.15341	0.03339	0.58996	0.08603	0.01646	0.00733	0.00231	0.00376	0.01472	0.00593	0.00590
19	0.01224	0.01291	0.02655	0.02073	0.05541	0.01213	0.48241	0.01614	0.01368	0.01860	0.05761	0.20545	0.01925	0.00884	0.00719	0.00211	0.00799	0.00968	0.00386	0.00725
20	0.01247	0.01069	0.01247	0.00891	0.01426	0.00802	0.00713	0.01515	0.01247	0.01960	0.01069	0.01247	0.00891	0.00446	0.00446	0.00089	0.00446	0.00356	0.00356	0.82536
21	0.01415	0.01368	0.02365	0.15784	0.54921	0.01394	0.06907	0.01786	0.01340	0.01891	0.01125	0.01507	0.00922	0.00541	0.00598	0.00180	0.00739	0.00541	0.00296	0.04381
22	0.06674	0.01397	0.02292	0.03388	0.67251	0.01397	0.01722	0.01827	0.01343	0.02012	0.01110	0.01446	0.00931	0.00534	0.00575	0.00175	0.00687	0.00515	0.00305	0.04419
23	0.01250	0.01185	0.02010	0.53679	0.26989	0.01366	0.01727	0.01637	0.01257	0.01675	0.01089	0.01567	0.00851	0.00580	0.00600	0.00193	0.00774	0.00535	0.00277	0.00760
24	0.00875	0.00583	0.00656	0.00656	0.00656	0.00583	0.00365	0.00875	0.00875	0.01166	0.01895	0.03937	0.02187	0.78858	0.03062	0.00583	0.00583	0.00875	0.00365	0.00365
25	0.02566	0.01020	0.01370	0.01065	0.01511	0.00900	0.00874	0.02871	0.05161	0.69064	0.05333	0.02157	0.01677	0.00768	0.00610	0.00187	0.00501	0.00628	0.00735	0.01002
26	0.00875	0.00583	0.00656	0.00656	0.00656	0.00583	0.00365	0.00875	0.00875	0.01166	0.01895	0.03937	0.02187	0.78858	0.03062	0.00583	0.00583	0.00875	0.00365	0.00365
27	0.01379	0.01318	0.02244	0.26563	0.53091	0.01401	0.01792	0.01750	0.01318	0.01832	0.01112	0.01525	0.00906	0.00556	0.00597	0.00185	0.00742	0.00536	0.00288	0.00865
28	0.01903	0.01396	0.01588	0.01435	0.06975	0.01535	0.01071	0.25793	0.36613	0.11988	0.02017	0.01905	0.01465	0.00756	0.00607	0.00192	0.00558	0.00615	0.00603	0.00984
29	0.01249	0.01066	0.01775	0.71893	0.03955	0.01304	0.01614	0.01638	0.01240	0.06886	0.01164	0.01636	0.00852	0.00612	0.00602	0.00199	0.00781	0.00540	0.00302	0.00694
30	0.05997	0.01251	0.01662	0.38484	0.12087	0.06709	0.01384	0.01911	0.14827	0.01836	0.01473	0.07192	0.01233	0.00725	0.00597	0.00197	0.00698	0.00624	0.00366	0.00745
31	0.01481	0.01411	0.02349	0.05232	0.68174	0.01432	0.01778	0.01936	0.06581	0.01995	0.01225	0.01546	0.01013	0.00558	0.00597	0.00181	0.00700	0.00546	0.00320	0.00946
32	0.01770	0.38031	0.17379	0.01394	0.07098	0.01796	0.01311	0.07155	0.01451	0.15546	0.01237	0.01301	0.00935	0.00586	0.00495	0.00159	0.00675	0.00431	0.00375	0.00874
33	0.02221	0.04012	0.06895	0.01315	0.06892	0.01092	0.01055	0.02696	0.11446	0.48247	0.02073	0.01895	0.01386	0.00702	0.00586	0.00181	0.00550	0.00575	0.00620	0.05561
34	0.04961	0.09342	0.07897	0.01213	0.01713	0.01203	0.06165	0.05332	0.05910	0.38788	0.04308	0.01815	0.01385	0.00681	0.00571	0.00176	0.00583	0.00560	0.00564	0.06831
35	0.05207	0.01356	0.01835	0.01672	0.12837	0.01347	0.08809	0.23812	0.04401	0.12959	0.01521	0.04522	0.01171	0.00667	0.00582	0.00171	0.00621	0.00576	0.00490	0.15444

[dist]
# distance from previous block
# <min> <max>
6	35

[block]
# block no. 1 follows, 38 sequences, length 146
# corresponding to MSA columns:
# 259-404
name=unknown_B
#
# <colnr> <probs for GDERKNQSTAVLIFYWHMCP>
#	G	D	E	R	K	N	Q	S	T	A	V	L	I	F	Y	W	H	M	C	P
0	0.03555	0.04476	0.06337	0.01493	0.01997	0.04209	0.11630	0.39469	0.05553	0.09331	0.02930	0.01567	0.01135	0.00677	0.00600	0.00181	0.00702	0.00561	0.00519	0.03078
1	0.01346	0.07847	0.09939	0.01009	0.01280	0.05362	0.00867	0.04717	0.01182	0.06643	0.04641	0.01882	0.01296	0.06820	0.03080	0.33739	0.00625	0.00536	0.00347	0.06842
2	0.07482	0.00909	0.01428	0.01167	0.01460	0.00852	0.16022	0.01497	0.01482	0.10896	0.27047	0.12584	0.12518	0.01084	0.00679	0.00200	0.00492	0.00991	0.00547	0.00663
3	0.01276	0.00704	0.00735	0.00682	0.00862	0.00723	0.00517	0.07581	0.04342	0.04959	0.01949	0.02280	0.01551	0.05898	0.00626	0.00177	0.00349	0.00586	0.63583	0.00620
4	0.79958	0.01184	0.00920	0.00814	0.01191	0.01370	0.00671	0.04548	0.01094	0.02742	0.00861	0.00995	0.00666	0.00565	0.00381	0.00186	0.00473	0.00334	0.00381	0.00666
5	0.00865	0.00579	0.00659	0.00669	0.00671	0.00577	0.00378	0.00872	0.00894	0.01192	0.01994	0.09102	0.02311	0.73524	0.02903	0.00560	0.00567	0.00933	0.00378	0.00373
6	0.02105	0.01568	0.01727	0.06607	0.01945	0.01745	0.01130	0.62244	0.04288	0.03451	0.01469	0.01621	0.01095	0.05303	0.00746	0.00206	0.00663	0.00564	0.00565	0.00958
7	0.07701	0.11219	0.01825	0.01438	0.01752	0.55157	0.01125	0.03527	0.01558	0.01592	0.00911	0.01090	0.00772	0.00642	0.00636	0.00164	0.07488	0.00390	0.00310	0.00705
8	0.00974	0.00655	0.00927	0.02926	0.01135	0.00618	0.03269	0.01166	0.01333	0.07424	0.14364	0.42839	0.06624	0.01544	0.00738	0.00229	0.00409	0.09948	0.02308	0.00569
9	0.01484	0.19056	0.39785	0.01622	0.05056	0.01689	0.05598	0.12327	0.04226	0.02102	0.01141	0.01294	0.00858	0.00586	0.00546	0.00176	0.00788	0.00459	0.00323	0.00884
10	0.07766	0.11342	0.01868	0.01303	0.01748	0.11496	0.01079	0.48516	0.02314	0.03061	0.01271	0.01365	0.00962	0.02523	0.00610	0.00181	0.00699	0.00487	0.00500	0.00909
11	0.01411	0.01688	0.10804	0.05013	0.02957	0.01432	0.56801	0.01913	0.01421	0.04801	0.04667	0.01735	0.01137	0.00560	0.00687	0.00200	0.00940	0.00689	0.00332	0.00811
12	0.01197	0.04002	0.06789	0.00932	0.01195	0.00854	0.00789	0.07135	0.03571	0.08816	0.45177	0.07912	0.04036	0.04006	0.00758	0.00204	0.00415	0.00940	0.00599	0.00675
13	0.00732	0.00527	0.00695	0.00829	0.00870	0.00489	0.00555	0.00839	0.01160	0.01539	0.03420	0.75741	0.06636	0.01871	0.00766	0.00243	0.00347	0.01694	0.00558	0.00489
14	0.01269	0.02253	0.42842	0.01563	0.02212	0.01333	0.09016	0.02121	0.17482	0.02092	0.05113	0.01750	0.01314	0.00661	0.00591	0.00191	0.00738	0.00564	0.06038	0.00856
15	0.01382	0.01285	0.02156	0.06901	0.58861	0.01298	0.01686	0.01728	0.01364	0.01916	0.01482	0.02407	0.01378	0.00733	0.00636	0.00197	0.00691	0.12688	0.00340	0.00870
16	0.07585	0.01330	0.06905	0.40834	0.04361	0.01398	0.06857	0.06075	0.13227	0.01983	0.01413	0.01712	0.02469	0.00649	0.00594	0.00198	0.00725	0.00565	0.00360	0.00762
17	0.02479	0.01057	0.01425	0.05551	0.01694	0.00944	0.00928	0.05592	0.01700	0.62611	0.02159	0.01936	0.01384	0.00712	0.00592	0.00179	0.00530	0.00579	0.00681	0.07266
18	0.05412	0.11659	0.37030	0.01585	0.04123	0.01538	0.07123	0.12500	0.01546	0.10135	0.01245	0.01362	0.00892	0.00599	0.00559	0.00181	0.00770	0.00479	0.00369	0.00894
19	0.01222	0.06078	0.72913	0.01688	0.02562	0.01435	0.02176	0.01901	0.01268	0.01886	0.01070	0.01258	0.00762	0.00569	0.00564	0.00188	0.00879	0.00440	0.00254	0.00884
20	0.00734	0.00555	0.00678	0.00764	0.00856	0.00499	0.00528	0.00864	0.01253	0.01618	0.08634	0.51865	0.25509	0.01734	0.00747	0.00228	0.00332	0.01538	0.00565	0.00499
21	0.01331	0.05939	0.02186	0.03300	0.01934	0.05107	0.18110	0.01559	0.01125	0.01572	0.01191	0.10076	0.01177	0.00957	0.01351	0.00233	0.41175	0.00685	0.00308	0.00684
22	0.01444	0.01563	0.03222	0.07820	0.12013	0.01511	0.56324	0.04782	0.01456	0.01980	0.01206	0.01598	0.00915	0.00526	0.00684	0.00199	0.00948	0.00670	0.00313	0.00827
23	0.01246	0.01222	0.01951	0.61097	0.13619	0.04852	0.04327	0.01634	0.01257	0.01607	0.01077	0.01565	0.00825	0.00590	0.00602	0.00195	0.00811	0.00534	0.00275	0.00714
24	0.01608	0.79220	0.03152	0.01029	0.01544	0.02380	0.01029	0.01801	0.01222	0.01415	0.00836	0.00965	0.00772	0.00515	0.00386	0.00129	0.00643	0.00322	0.00257	0.00772
25	0.00837	0.00614	0.00784	0.00741	0.00890	0.00561	0.00556	0.01106	0.01668	0.02329	0.67517	0.04631	0.13000	0.01261	0.00710	0.00191	0.00286	0.01107	0.00651	0.00561
26	0.00870	0.00567	0.00742	0.00834	0.00915	0.00519	0.00573	0.00992	0.01222	0.06692	0.05221	0.65766	0.09295	0.01762	0.00751	0.00236	0.00355	0.01584	0.00574	0.00529
27	0.00733	0.00524	0.00698	0.00838	0.00873	0.00489	0.00558	0.00838	0.01152	0.01536	0.03316	0.78466	0.03979	0.01885	0.00768	0.00244	0.00349	0.01710	0.00558	0.00489
28	0.01841	0.01464	0.01554	0.01294	0.01696	0.01657	0.01036	0.33692	0.42961	0.03073	0.02010	0.01895	0.01482	0.00775	0.00608	0.00194	0.00557	0.00620	0.00608	0.00983
29	0.08216	0.06690	0.30752	0.01768	0.02341	0.05961	0.19283	0.01846	0.01251	0.01847	0.01022	0.01312	0.00796	0.00634	0.00810	0.00200	0.13692	0.00503	0.00281	0.00793
30	0.00733	0.00524	0.00698	0.00838	0.00873	0.00489	0.00558	0.00838	0.01152	0.01536	0.03316	0.78466	0.03979	0.01885	0.00768	0.00244	0.00349	0.01710	0.00558	0.00489
31	0.01878	0.01525	0.01741	0.04225	0.01906	0.03491	0.06053	0.39192	0.24975	0.03043	0.01884	0.01861	0.03903	0.00759	0.00615	0.00190	0.00631	0.00619	0.00563	0.00946
32	0.01931	0.14226	0.02013	0.07477	0.08232	0.44166	0.01250	0.05088	0.01552	0.01606	0.00955	0.01173	0.00803	0.00631	0.00636	0.00166	0.06631	0.00418	0.00306	0.00739
33	0.01121	0.00561	0.00561	0.00561	0.00701	0.00561	0.00421	0.01402	0.01262	0.02243	0.01962	0.02243	0.01542	0.00701	0.00421	0.00140	0.00280	0.00561	0.82198	0.00561
34	0.01467	0.01304	0.01625	0.07605	0.17441	0.01470	0.01198	0.02781	0.52935	0.02324	0.02062	0.02034	0.01569	0.00740	0.00608	0.00198	0.00552	0.00638	0.00519	0.00931
35	0.00810	0.00613	0.00747	0.00714	0.00874	0.00550	0.00535	0.01056	0.01606	0.02182	0.54685	0.04873	0.25923	0.01316	0.00710	0.00193	0.00290	0.01141	0.00632	0.00550
36	0.01292	0.01219	0.02011	0.44683	0.30387	0.01382	0.01686	0.01767	0.06311	0.01764	0.01188	0.01605	0.00930	0.00592	0.00600	0.00193	0.00747	0.00545	0.00303	0.00794
37	0.00733	0.00524	0.00698	0.00838	0.00873	0.00489	0.00558	0.00838	0.01152	0.01536	0.03316	0.78466	0.03979	0.01885	0.00768	0.00244	0.00349	0.01710	0.00558	0.00489
38	0.00923	0.00698	0.01021	0.13574	0.01479	0.00804	0.00808	0.01129	0.01004	0.01420	0.01598	0.02549	0.01528	0.18697	0.44825	0.00716	0.01195	0.00668	0.04839	0.00525
39	0.83108	0.01163	0.00884	0.00791	0.01163	0.01350	0.00651	0.01768	0.01024	0.02699	0.00838	0.00977	0.00651	0.00558	0.00372	0.00186	0.00465	0.00326	0.00372	0.00651
40	0.02157	0.02385	0.01651	0.01443	0.01786	0.50910	0.01109	0.18868	0.06190	0.02112	0.01190	0.01294	0.00933	0.00659	0.00554	0.00163	0.00911	0.00449	0.04454	0.00781
41	0.01247	0.01069	0.01247	0.00891	0.01426	0.00802	0.00713	0.01515	0.01247	0.01960	0.01069	0.01247	0.00891	0.00446	0.00446	0.00089	0.00446	0.00356	0.00356	0.82536
42	0.02289	0.02418	0.01711	0.01472	0.01839	0.50929	0.01138	0.21662	0.02011	0.07235	0.01170	0.01249	0.00892	0.00656	0.00563	0.00164	0.00930	0.00444	0.00419	0.00809
43	0.01496	0.01292	0.01360	0.01224	0.01564	0.01496	0.00952	0.03197	0.74019	0.02516	0.02448	0.02244	0.01836	0.00816	0.00612	0.00204	0.00476	0.00680	0.00612	0.00952
44	0.00735	0.00525	0.00700	0.00836	0.00873	0.00490	0.00559	0.00843	0.01162	0.01552	0.04684	0.77049	0.04011	0.01872	0.00767	0.00243	0.00348	0.01698	0.00560	0.00490
45	0.01167	0.01112	0.01732	0.45653	0.03017	0.01444	0.01464	0.01453	0.01103	0.01506	0.01146	0.07412	0.01042	0.00854	0.01083	0.00225	0.27025	0.00622	0.00288	0.00651
46	0.00737	0.00550	0.00686	0.00780	0.00861	0.00499	0.00536	0.00866	0.01243	0.01623	0.09430	0.56493	0.19995	0.01753	0.00751	0.00231	0.00334	0.01564	0.00566	0.00499
47	0.01693	0.01264	0.01744	0.13009	0.21945	0.01359	0.01296	0.05431	0.27529	0.15554	0.01834	0.01876	0.01348	0.00692	0.00604	0.00192	0.00603	0.00600	0.00500	0.00927
48	0.07166	0.06068	0.02142	0.08084	0.39200	0.08762	0.01534	0.01792	0.01270	0.01805	0.01004	0.01359	0.00862	0.00649	0.00830	0.00192	0.15676	0.00493	0.00293	0.00819
49	0.01896	0.00846	0.01090	0.00908	0.01238	0.00746	0.00723	0.02140	0.02786	0.43542	0.10650	0.08243	0.14340	0.01002	0.00631	0.00190	0.00424	0.00841	0.06949	0.00816
50	0.01292	0.07143	0.01933	0.49224	0.03259	0.01520	0.04143	0.05058	0.08491	0.01735	0.01180	0.01580	0.00915	0.00669	0.00743	0.00201	0.09333	0.00539	0.00317	0.00725
51	0.36747	0.07548	0.01480	0.07223	0.01709	0.14518	0.00959	0.16247	0.01562	0.05474	0.01056	0.01183	0.00803	0.00610	0.00477	0.00176	0.00655	0.00408	0.00405	0.00760
52	0.01190	0.00627	0.00634	0.00609	0.00769	0.00637	0.00463	0.05611	0.01354	0.02334	0.01932	0.02196	0.01511	0.00702	0.00431	0.00143	0.00303	0.00560	0.77408	0.00588
53	0.01372	0.01674	0.17529	0.02123	0.26806	0.01376	0.01490	0.02281	0.28153	0.02130	0.01988	0.02051	0.06917	0.00723	0.00605	0.00192	0.00632	0.00626	0.00424	0.00905
54	0.00794	0.00589	0.00741	0.00754	0.00877	0.00535	0.00546	0.01006	0.01493	0.02034	0.43161	0.25182	0.17145	0.01462	0.00726	0.00207	0.00305	0.01291	0.00616	0.00535
55	0.00745	0.00532	0.00711	0.00851	0.00891	0.00499	0.00579	0.00858	0.01163	0.01549	0.03309	0.74913	0.03953	0.01874	0.00771	0.00246	0.00359	0.05147	0.00558	0.00492
56	0.01145	0.00583	0.00586	0.00577	0.00724	0.00587	0.00435	0.02842	0.01293	0.02274	0.01952	0.02227	0.01531	0.00701	0.00424	0.00141	0.00288	0.00560	0.80559	0.00570
57	0.83108	0.01163	0.00884	0.00791	0.01163	0.01350	0.00651	0.01768	0.01024	0.02699	0.00838	0.00977	0.00651	0.00558	0.00372	0.00186	0.00465	0.00326	0.00372	0.00651
58	0.01247	0.01069	0.01247	0.00891	0.01426	0.00802	0.00713	0.01515	0.01247	0.01960	0.01069	0.01247	0.00891	0.00446	0.00446	0.00089	0.00446	0.00356	0.00356	0.82536
59	0.00851	0.00615	0.00804	0.00757	0.00899	0.00568	0.00568	0.01135	0.01703	0.02412	0.74788	0.04494	0.05676	0.01230	0.00710	0.00189	0.00284	0.01088	0.00662	0.00568
60	0.02192	0.01565	0.01685	0.01308	0.01760	0.01721	0.01075	0.62555	0.05449	0.06549	0.01557	0.01555	0.01110	0.00725	0.00590	0.00179	0.00622	0.00551	0.06263	0.00988
61	0.05395	0.01336	0.01394	0.01224	0.01584	0.01536	0.00962	0.11939	0.61650	0.02686	0.02247	0.02085	0.01679	0.00792	0.00600	0.00200	0.00499	0.00646	0.00600	0.00947
62	0.02287	0.01685	0.01805	0.01384	0.01866	0.01866	0.01143	0.73100	0.02828	0.03791	0.01444	0.01444	0.01023	0.00722	0.00602	0.00181	0.00662	0.00542	0.00602	0.01023
63	0.00985	0.00646	0.00838	0.00772	0.00943	0.00588	0.00585	0.01257	0.01685	0.07984	0.65191	0.04382	0.09416	0.01210	0.00702	0.00190	0.00303	0.01061	0.00662	0.00599
64	0.00895	0.00621	0.00744	0.06554	0.00924	0.00641	0.00465	0.00926	0.00900	0.01195	0.01832	0.03757	0.02081	0.72845	0.02873	0.00554	0.00600	0.00849	0.00357	0.00388
65	0.00774	0.00561	0.00731	0.00795	0.00878	0.00518	0.00556	0.00946	0.01363	0.01856	0.29162	0.47618	0.08750	0.01628	0.00744	0.00222	0.00323	0.01461	0.00596	0.00518
66	0.01392	0.38233	0.42244	0.01398	0.02115	0.01851	0.01672	0.01857	0.01248	0.01679	0.00967	0.01129	0.00767	0.00545	0.00486	0.00162	0.00776	0.00388	0.00256	0.00835
67	0.01655	0.47568	0.02668	0.05739	0.01829	0.13600	0.04684	0.01863	0.01278	0.02991	0.00909	0.01120	0.00798	0.00608	0.00644	0.00159	0.10464	0.00395	0.00279	0.00747
68	0.01121	0.00561	0.00561	0.00561	0.00701	0.00561	0.00421	0.01402	0.01262	0.02243	0.01962	0.02243	0.01542	0.00701	0.00421	0.00140	0.00280	0.00561	0.82198	0.00561
69	0.02008	0.01520	0.01735	0.15392	0.02232	0.02961	0.01204	0.50777	0.05959	0.05804	0.01571	0.01643	0.02968	0.00725	0.00604	0.00186	0.00671	0.00566	0.00540	0.00935
70	0.14869	0.49536	0.06904	0.01117	0.01598	0.14274	0.01062	0.01901	0.01272	0.01662	0.00866	0.01005	0.00752	0.00542	0.00421	0.00146	0.00702	0.00340	0.00284	0.00747
71	0.01333	0.00782	0.00805	0.00729	0.00935	0.00822	0.00566	0.13434	0.04909	0.02514	0.01899	0.02110	0.01469	0.00710	0.00460	0.00150	0.00353	0.00563	0.64802	0.00656
72	0.00967	0.00746	0.00900	0.00860	0.01033	0.00752	0.00643	0.01522	0.16942	0.02286	0.47173	0.13689	0.07657	0.01240	0.00697	0.00200	0.00334	0.01090	0.00634	0.00636
73	0.00751	0.00531	0.00693	0.00814	0.00845	0.00501	0.00534	0.00842	0.01116	0.01488	0.03134	0.68925	0.03749	0.11738	0.01061	0.00288	0.00379	0.01603	0.00534	0.00473
74	0.05690	0.00980	0.01295	0.01020	0.01435	0.00874	0.00834	0.02648	0.03332	0.61048	0.12076	0.02338	0.02028	0.00804	0.00610	0.00187	0.00478	0.00660	0.00715	0.00946
75	0.00843	0.00596	0.00753	0.00741	0.00833	0.00562	0.00515	0.01032	0.01423	0.01986	0.47331	0.13478	0.04575	0.21160	0.01318	0.00297	0.00368	0.01110	0.00573	0.00506
76	0.02263	0.01037	0.01351	0.01016	0.01503	0.00859	0.00833	0.02506	0.01579	0.53412	0.01981	0.01807	0.01309	0.00655	0.00557	0.00157	0.00492	0.00530	0.00628	0.25524
77	0.01121	0.00561	0.00561	0.00561	0.00701	0.00561	0.00421	0.01402	0.01262	0.02243	0.01962	0.02243	0.01542	0.00701	0.00421	0.00140	0.00280	0.00561	0.82198	0.00561
78	0.01420	0.01623	0.03550	0.02535	0.03144	0.01521	0.72921	0.01927	0.01420	0.01927	0.01217	0.01623	0.00913	0.00507	0.00710	0.00203	0.01014	0.00710	0.00304	0.00811
79	0.01420	0.01623	0.03550	0.02535	0.03144	0.01521	0.72921	0.01927	0.01420	0.01927	0.01217	0.01623	0.00913	0.00507	0.00710	0.00203	0.01014	0.00710	0.00304	0.00811
80	0.00733	0.00524	0.00698	0.00838	0.00873	0.00489	0.00558	0.00838	0.01152	0.01536	0.03316	0.78466	0.03979	0.01885	0.00768	0.00244	0.00349	0.01710	0.00558	0.00489
81	0.01136	0.01069	0.01804	0.77412	0.04143	0.01337	0.01671	0.01537	0.01203	0.01537	0.01069	0.01604	0.00802	0.00601	0.00601	0.00200	0.00802	0.00535	0.00267	0.00668
82	0.01132	0.00937	0.01032	0.00955	0.01201	0.01000	0.00731	0.02067	0.36361	0.02292	0.25263	0.05413	0.16970	0.01103	0.00664	0.00200	0.00382	0.00941	0.00616	0.00739
83	0.01388	0.01435	0.01832	0.01577	0.01601	0.07575	0.01304	0.01521	0.00981	0.01450	0.00800	0.01298	0.00789	0.01020	0.01864	0.00255	0.71866	0.00516	0.00267	0.00661
84	0.01910	0.01790	0.01598	0.07201	0.01916	0.21931	0.01109	0.19953	0.28727	0.05104	0.01681	0.01677	0.01257	0.00721	0.00590	0.00184	0.00713	0.00553	0.00506	0.00881
85	0.01496	0.01292	0.01360	0.01224	0.01564	0.01496	0.00952	0.03197	0.74019	0.02516	0.02448	0.02244	0.01836	0.00816	0.00612	0.00204	0.00476	0.00680	0.00612	0.00952
86	0.01368	0.01395	0.06894	0.21086	0.21485	0.02932	0.01460	0.02206	0.25908	0.02020	0.01674	0.02061	0.01344	0.00718	0.00614	0.00199	0.00666	0.04715	0.00409	0.00848
87	0.01667	0.58309	0.07103	0.06406	0.01816	0.05588	0.01148	0.05192	0.01346	0.05239	0.00976	0.01109	0.00821	0.00550	0.00440	0.00144	0.00684	0.00371	0.00300	0.00792
88	0.01470	0.01242	0.01305	0.01178	0.01504	0.01431	0.00915	0.03072	0.68977	0.02498	0.02415	0.02244	0.01816	0.00808	0.00599	0.00200	0.00463	0.00672	0.06266	0.00925
89	0.01281	0.01207	0.02059	0.57908	0.08010	0.01406	0.10523	0.07103	0.01365	0.01784	0.01120	0.01587	0.00842	0.00595	0.00615	0.00198	0.00813	0.00557	0.00299	0.00730
90	0.00785	0.00608	0.00685	0.00668	0.00820	0.00540	0.00483	0.00961	0.01416	0.01836	0.29770	0.05060	0.39778	0.12722	0.01054	0.00254	0.00338	0.01148	0.00567	0.00508
91	0.00868	0.00611	0.00797	0.00797	0.00846	0.00660	0.00540	0.00965	0.00917	0.01271	0.01766	0.03222	0.01877	0.45094	0.36402	0.00757	0.01050	0.00770	0.00345	0.00443
92	0.00731	0.00529	0.00692	0.00822	0.00868	0.00490	0.00551	0.00839	0.01167	0.01542	0.03508	0.73429	0.08891	0.01860	0.00764	0.00241	0.00346	0.01680	0.00558	0.00490
93	0.01378	0.01499	0.02861	0.02150	0.02512	0.01651	0.44016	0.01734	0.01219	0.01734	0.01045	0.01499	0.00863	0.00727	0.01220	0.00227	0.31993	0.00636	0.00288	0.00749
94	0.00851	0.00615	0.00804	0.00757	0.00899	0.00568	0.00568	0.01135	0.01703	0.02412	0.74788	0.04494	0.05676	0.01230	0.00710	0.00189	0.00284	0.01088	0.00662	0.00568
95	0.01450	0.01252	0.01316	0.01188	0.01520	0.01438	0.00923	0.03059	0.69734	0.02464	0.02663	0.02454	0.06143	0.00858	0.00618	0.00204	0.00466	0.00715	0.00609	0.00926
96	0.02260	0.01659	0.01777	0.01365	0.01839	0.01836	0.01127	0.71468	0.02793	0.03756	0.01456	0.01462	0.01035	0.00722	0.00598	0.00180	0.00653	0.00542	0.02459	0.01013
97	0.01163	0.01097	0.01853	0.71748	0.09596	0.01344	0.01684	0.01561	0.01216	0.01570	0.01074	0.01595	0.00814	0.00596	0.00601	0.00199	0.00795	0.00535	0.00270	0.00690
98	0.02699	0.01024	0.01396	0.01070	0.01536	0.00884	0.00884	0.02932	0.01722	0.75522	0.02373	0.02048	0.01489	0.00745	0.00605	0.00186	0.00512	0.00605	0.00745	0.01024
99	0.00736	0.00616	0.00644	0.00653	0.00849	0.00524	0.00500	0.00903	0.01384	0.01667	0.08350	0.05819	0.66878	0.01524	0.00720	0.00208	0.00323	0.06626	0.00562	0.00514
100	0.00785	0.00608	0.00717	0.00711	0.00872	0.00540	0.00533	0.00997	0.01503	0.01976	0.36449	0.10832	0.35857	0.01425	0.00719	0.00203	0.00308	0.03824	0.00605	0.00535
101	0.01207	0.03112	0.75741	0.01715	0.02604	0.01397	0.02223	0.01905	0.01270	0.01905	0.01080	0.01270	0.00762	0.00572	0.00572	0.00191	0.00889	0.00445	0.00254	0.00889
102	0.01559	0.71440	0.08676	0.01080	0.01614	0.02265	0.01114	0.01791	0.01220	0.01453	0.00874	0.01023	0.00789	0.00617	0.02271	0.00154	0.00686	0.00339	0.00259	0.00775
103	0.01121	0.00561	0.00561	0.00561	0.00701	0.00561	0.00421	0.01402	0.01262	0.02243	0.01962	0.02243	0.01542	0.00701	0.00421	0.00140	0.00280	0.00561	0.82198	0.00561
104	0.01926	0.01531	0.01890	0.07564	0.07651	0.04283	0.04795	0.36223	0.05985	0.07839	0.01379	0.01522	0.01027	0.00742	0.00819	0.00197	0.12682	0.00553	0.00485	0.00908
105	0.69685	0.01290	0.01136	0.00967	0.01355	0.05752	0.05699	0.01860	0.01117	0.05303	0.00927	0.01068	0.00708	0.00565	0.00414	0.00185	0.00542	0.00366	0.00378	0.00679
106	0.00755	0.00602	0.00677	0.00677	0.00845	0.00524	0.00501	0.00942	0.01447	0.01850	0.26278	0.13063	0.46768	0.01474	0.00717	0.00203	0.00303	0.01262	0.00589	0.00524
107	0.01563	0.01537	0.02822	0.09640	0.02811	0.01578	0.44017	0.17018	0.01661	0.02259	0.01237	0.01575	0.00930	0.00604	0.00758	0.00201	0.06221	0.00641	0.02103	0.00826
108	0.00872	0.00582	0.00657	0.00660	0.00661	0.00581	0.00369	0.00874	0.00881	0.01175	0.01928	0.05629	0.02228	0.77111	0.03010	0.00576	0.00578	0.00894	0.00369	0.00367
109	0.02699	0.01024	0.01396	0.01070	0.01536	0.00884	0.00884	0.02932	0.01722	0.75522	0.02373	0.02048	0.01489	0.00745	0.00605	0.00186	0.00512	0.00605	0.00745	0.01024
110	0.01247	0.01069	0.01247	0.00891	0.01426	0.00802	0.00713	0.01515	0.01247	0.01960	0.01069	0.01247	0.00891	0.00446	0.00446	0.00089	0.00446	0.00356	0.00356	0.82536
111	0.00865	0.00624	0.00861	0.00861	0.00932	0.00694	0.00620	0.01006	0.00935	0.01318	0.01708	0.02900	0.01737	0.29880	0.51425	0.00836	0.01261	0.00723	0.00337	0.00478
112	0.01586	0.01378	0.01384	0.01207	0.01566	0.05842	0.00944	0.10025	0.54018	0.02530	0.02132	0.02019	0.01607	0.00762	0.00586	0.00187	0.00520	0.00619	0.03889	0.07198
113	0.01045	0.00522	0.00784	0.00784	0.00784	0.00522	0.00522	0.00784	0.00784	0.01045	0.01045	0.01829	0.01045	0.02090	0.02351	0.82497	0.00522	0.00522	0.00261	0.00261
114	0.02171	0.01627	0.01740	0.01361	0.01821	0.01811	0.01115	0.62844	0.13273	0.03604	0.01592	0.01562	0.01142	0.00736	0.00603	0.00184	0.00635	0.00562	0.00603	0.01013
115	0.00859	0.00645	0.00967	0.00967	0.01074	0.00752	0.00752	0.01074	0.00967	0.01396	0.01611	0.02363	0.01504	0.04512	0.76474	0.00967	0.01611	0.00645	0.00322	0.00537
116	0.01297	0.05998	0.13834	0.01041	0.01633	0.00996	0.00988	0.01632	0.01261	0.03728	0.01089	0.01254	0.00877	0.00478	0.00467	0.00111	0.00533	0.00375	0.00343	0.62063
117	0.60628	0.01402	0.09303	0.00965	0.01389	0.01379	0.00876	0.02017	0.12996	0.02581	0.01128	0.01217	0.00858	0.00602	0.00434	0.00190	0.00514	0.00397	0.00398	0.00727
118	0.00717	0.00586	0.00634	0.00673	0.00829	0.00503	0.00485	0.00856	0.01310	0.01600	0.05326	0.25890	0.55257	0.01623	0.00727	0.00215	0.00317	0.01391	0.00559	0.00503
119	0.01410	0.51927	0.19970	0.01168	0.01714	0.01924	0.01255	0.01711	0.01225	0.01545	0.01188	0.10249	0.01151	0.00691	0.00475	0.00157	0.00666	0.00516	0.00292	0.00766
120	0.07210	0.08370	0.16803	0.04208	0.35497	0.01448	0.06415	0.01957	0.01349	0.09406	0.01206	0.01434	0.00927	0.00563	0.00566	0.00180	0.00727	0.00504	0.00336	0.00895
121	0.01588	0.73690	0.03059	0.01068	0.01547	0.02342	0.01050	0.01776	0.01201	0.01418	0.00833	0.00990	0.00773	0.00553	0.00499	0.00138	0.06117	0.00336	0.00258	0.00764
122	0.00872	0.00595	0.00716	0.00716	0.00737	0.00616	0.00439	0.00913	0.00893	0.01211	0.01841	0.03634	0.02055	0.64532	0.17208	0.00657	0.00781	0.00830	0.00356	0.00398
123	0.01307	0.02512	0.51386	0.01824	0.07232	0.01363	0.09367	0.02006	0.07012	0.04640	0.04682	0.01576	0.01129	0.00618	0.00598	0.00192	0.00817	0.00532	0.00327	0.00880
124	0.29574	0.07371	0.01287	0.02375	0.01358	0.01284	0.00799	0.11857	0.07139	0.10653	0.18322	0.02082	0.02061	0.00774	0.00532	0.00183	0.00477	0.00594	0.00520	0.00758
125	0.02331	0.01613	0.01761	0.01350	0.01830	0.01759	0.01115	0.65503	0.02709	0.11558	0.01545	0.01510	0.01074	0.00725	0.00602	0.00181	0.00646	0.00548	0.00617	0.01023
126	0.83108	0.01163	0.00884	0.00791	0.01163	0.01350	0.00651	0.01768	0.01024	0.02699	0.00838	0.00977	0.00651	0.00558	0.00372	0.00186	0.00465	0.00326	0.00372	0.00651
127	0.00733	0.00524	0.00698	0.00838	0.00873	0.00489	0.00558	0.00838	0.01152	0.01536	0.03316	0.78466	0.03979	0.01885	0.00768	0.00244	0.00349	0.01710	0.00558	0.00489
128	0.01669	0.72177	0.03025	0.01069	0.01573	0.05459	0.01041	0.05360	0.01322	0.01535	0.00870	0.00994	0.00785	0.00529	0.00403	0.00132	0.00663	0.00335	0.00277	0.00781
129	0.01215	0.01116	0.01820	0.59801	0.06328	0.01313	0.04442	0.05732	0.01313	0.01722	0.01204	0.05151	0.00977	0.00654	0.00606	0.00195	0.00760	0.00588	0.00308	0.04755
130	0.02183	0.11687	0.01864	0.01293	0.01744	0.09629	0.01073	0.39032	0.09082	0.14117	0.01549	0.01513	0.01113	0.00697	0.00569	0.00174	0.00664	0.00520	0.00549	0.00950
131	0.01411	0.01396	0.02155	0.30811	0.43782	0.06594	0.01734	0.01770	0.01331	0.01773	0.01095	0.01503	0.00885	0.00566	0.00594	0.00185	0.00773	0.00525	0.00287	0.00830
132	0.02247	0.02867	0.01705	0.01550	0.01860	0.76443	0.01162	0.02402	0.01705	0.01472	0.00930	0.01085	0.00775	0.00620	0.00542	0.00155	0.01085	0.00387	0.00310	0.00697
133	0.02134	0.02656	0.01723	0.01550	0.01826	0.65949	0.01181	0.03601	0.01630	0.01512	0.00922	0.01120	0.00781	0.00675	0.00718	0.00169	0.10437	0.00407	0.00310	0.00699
134	0.01045	0.00522	0.00784	0.00784	0.00784	0.00522	0.00522	0.00784	0.00784	0.01045	0.01045	0.01829	0.01045	0.02090	0.02351	0.82497	0.00522	0.00522	0.00261	0.00261
135	0.02108	0.03619	0.01743	0.03470	0.03447	0.35061	0.01154	0.27840	0.11363	0.02450	0.01316	0.01383	0.01005	0.00678	0.00572	0.00172	0.00831	0.00486	0.00451	0.00853
136	0.01534	0.38927	0.09385	0.01598	0.02130	0.07232	0.22773	0.01859	0.01309	0.01621	0.01063	0.01293	0.02027	0.00566	0.00590	0.00166	0.04391	0.00479	0.00280	0.00779
137	0.00849	0.00615	0.00800	0.00754	0.00897	0.00566	0.00566	0.01130	0.01697	0.02397	0.73479	0.04518	0.06995	0.01235	0.00710	0.00189	0.00284	0.01091	0.00660	0.00566
138	0.01608	0.79220	0.03152	0.01029	0.01544	0.02380	0.01029	0.01801	0.01222	0.01415	0.00836	0.00965	0.00772	0.00515	0.00386	0.00129	0.00643	0.00322	0.00257	0.00772
139	0.01608	0.79220	0.03152	0.01029	0.01544	0.02380	0.01029	0.01801	0.01222	0.01415	0.00836	0.00965	0.00772	0.00515	0.00386	0.00129	0.00643	0.00322	0.00257	0.00772
140	0.00875	0.00583	0.00656	0.00656	0.00656	0.00583	0.00365	0.00875	0.00875	0.01166	0.01895	0.03937	0.02187	0.78858	0.03062	0.00583	0.00583	0.00875	0.00365	0.00365
141	0.02198	0.08734	0.01816	0.01510	0.01835	0.70752	0.01152	0.02356	0.01668	0.01468	0.00923	0.01076	0.00775	0.00612	0.00530	0.00153	0.01051	0.00382	0.00306	0.00703
142	0.01045	0.00522	0.00784	0.00784	0.00784	0.00522	0.00522	0.00784	0.00784	0.01045	0.01045	0.01829	0.01045	0.02090	0.02351	0.82497	0.00522	0.00522	0.00261	0.00261
143	0.00733	0.00524	0.00698	0.00838	0.00873	0.00489	0.00558	0.00838	0.01152	0.01536	0.03316	0.78466	0.03979	0.01885	0.00768	0.00244	0.00349	0.01710	0.00558	0.00489
144	0.02582	0.01014	0.01370	0.01059	0.01505	0.00887	0.00871	0.04329	0.01744	0.69687	0.06611	0.02178	0.01725	0.00773	0.00611	0.00186	0.00502	0.00632	0.00737	0.00997
145	0.01470	0.01062	0.01748	0.52438	0.03327	0.01206	0.05415	0.01817	0.01306	0.17311	0.01404	0.01836	0.01036	0.05221	0.00753	0.00220	0.00739	0.00579	0.00377	0.00734

[dist]
# distance from previous block
# <min> <max>
0	1

[block]
# block no. 2 follows, 38 sequences, length 17
# corresponding to MSA columns:
# 406-422
name=unknown_C
#
# <colnr> <probs for GDERKNQSTAVLIFYWHMCP>
#	G	D	E	R	K	N	Q	S	T	A	V	L	I	F	Y	W	H	M	C	P
0	0.01086	0.01016	0.06315	0.01141	0.04614	0.00924	0.00917	0.01755	0.20013	0.02214	0.29346	0.04100	0.07414	0.01152	0.00695	0.00211	0.00452	0.15358	0.00576	0.00700
1	0.02157	0.01130	0.01685	0.01261	0.01737	0.01002	0.10819	0.02430	0.01544	0.46641	0.01869	0.01789	0.01253	0.00665	0.00653	0.00172	0.04313	0.00565	0.00581	0.17736
2	0.02287	0.01685	0.01805	0.01384	0.01866	0.01866	0.01143	0.73100	0.02828	0.03791	0.01444	0.01444	0.01023	0.00722	0.00602	0.00181	0.00662	0.00542	0.00602	0.01023
3	0.01247	0.01069	0.01247	0.00891	0.01426	0.00802	0.00713	0.01515	0.01247	0.01960	0.01069	0.01247	0.00891	0.00446	0.00446	0.00089	0.00446	0.00356	0.00356	0.82536
4	0.02247	0.02867	0.01705	0.01550	0.01860	0.76443	0.01162	0.02402	0.01705	0.01472	0.00930	0.01085	0.00775	0.00620	0.00542	0.00155	0.01085	0.00387	0.00310	0.00697
5	0.01045	0.00522	0.00784	0.00784	0.00784	0.00522	0.00522	0.00784	0.00784	0.01045	0.01045	0.01829	0.01045	0.02090	0.02351	0.82497	0.00522	0.00522	0.00261	0.00261
6	0.05068	0.01563	0.01644	0.01307	0.01751	0.03867	0.01065	0.48304	0.16532	0.10096	0.01690	0.01629	0.01205	0.00734	0.00594	0.00185	0.00617	0.00562	0.00600	0.00986
7	0.00765	0.00603	0.00690	0.00685	0.00850	0.00528	0.00507	0.00962	0.01474	0.01909	0.31316	0.12058	0.42618	0.01448	0.00716	0.00202	0.00301	0.01243	0.00597	0.00528
8	0.00726	0.00552	0.00669	0.00762	0.00853	0.00495	0.00525	0.00846	0.01224	0.01565	0.04237	0.54374	0.27476	0.01765	0.00749	0.00231	0.00334	0.01564	0.00558	0.00495
9	0.01247	0.01069	0.01247	0.00891	0.01426	0.00802	0.00713	0.01515	0.01247	0.01960	0.01069	0.01247	0.00891	0.00446	0.00446	0.00089	0.00446	0.00356	0.00356	0.82536
10	0.01174	0.02880	0.68783	0.01626	0.02445	0.01320	0.02069	0.01834	0.01310	0.01952	0.07924	0.01569	0.01218	0.00633	0.00584	0.00190	0.00833	0.00504	0.00292	0.00859
11	0.05568	0.02571	0.54339	0.01646	0.05483	0.01351	0.01881	0.06034	0.01412	0.12299	0.01270	0.01383	0.00881	0.00602	0.00569	0.00189	0.00795	0.00470	0.00350	0.00906
12	0.01334	0.25763	0.51589	0.01539	0.02306	0.01695	0.04314	0.01875	0.01261	0.01760	0.01012	0.01191	0.00770	0.00552	0.00521	0.00172	0.00820	0.00417	0.00257	0.00851
13	0.01136	0.01069	0.01804	0.77412	0.04143	0.01337	0.01671	0.01537	0.01203	0.01537	0.01069	0.01604	0.00802	0.00601	0.00601	0.00200	0.00802	0.00535	0.00267	0.00668
14	0.01326	0.04434	0.01675	0.06748	0.22923	0.09624	0.03270	0.03230	0.04619	0.01927	0.12345	0.03158	0.08842	0.00939	0.00651	0.00197	0.00631	0.12291	0.00434	0.00735
15	0.01144	0.00867	0.00931	0.00852	0.01110	0.00872	0.00658	0.04948	0.21563	0.06075	0.11680	0.04076	0.35975	0.01173	0.00657	0.00196	0.00376	0.00979	0.05178	0.00691
16	0.01542	0.07826	0.04775	0.01904	0.02391	0.08999	0.36582	0.06128	0.14413	0.02023	0.01464	0.04801	0.01179	0.00658	0.00671	0.00194	0.02588	0.00662	0.00381	0.00819

[dist]
# distance from previous block
# <min> <max>
0	11

# created by:
# /software/SequenceAnalysis/GenePrediction/augustus/3.0.1/scripts/msa2prfl.pl ./fixed/BUSCOvEOG7322CM.fas
