[name]
unknown

[dist]
# distance from previous block
# <min> <max>
9	88

[block]
# block no. 0 follows, 41 sequences, length 7
# corresponding to MSA columns:
# 116-122
name=unknown_A
#
# <colnr> <probs for GDERKNQSTAVLIFYWHMCP>
#	G	D	E	R	K	N	Q	S	T	A	V	L	I	F	Y	W	H	M	C	P
0	0.22654	0.37680	0.11814	0.01264	0.08587	0.01776	0.01113	0.06225	0.01227	0.01908	0.00888	0.01033	0.00734	0.00521	0.00418	0.00151	0.00606	0.00354	0.00296	0.00750
1	0.00702	0.00511	0.00651	0.00759	0.00811	0.00472	0.00508	0.00802	0.01107	0.01451	0.03412	0.65809	0.12888	0.06177	0.00847	0.00246	0.00339	0.01528	0.00521	0.00460
2	0.00822	0.00595	0.00827	0.00827	0.00897	0.00665	0.00599	0.00962	0.00892	0.01259	0.01617	0.02717	0.01634	0.28015	0.54185	0.00805	0.01225	0.00682	0.00319	0.00459
3	0.00776	0.00565	0.00731	0.00729	0.00844	0.00519	0.00532	0.01000	0.01482	0.02062	0.55457	0.21481	0.09030	0.01327	0.00687	0.00193	0.00285	0.01179	0.00602	0.00519
4	0.01479	0.01456	0.02695	0.16678	0.02904	0.01485	0.44348	0.17690	0.01605	0.02151	0.01178	0.01502	0.00871	0.00544	0.00633	0.00188	0.00852	0.00608	0.00345	0.00790
5	0.01287	0.01275	0.01877	0.01943	0.17921	0.01666	0.01362	0.01460	0.00970	0.01485	0.00822	0.01287	0.00785	0.00893	0.01589	0.00233	0.61698	0.00503	0.00257	0.00687
6	0.19967	0.00902	0.01075	0.00882	0.01226	0.00860	0.00714	0.02102	0.01487	0.41168	0.21050	0.02326	0.02273	0.00789	0.00552	0.00178	0.00421	0.00636	0.00610	0.00783

[dist]
# distance from previous block
# <min> <max>
0	2

[block]
# block no. 1 follows, 41 sequences, length 18
# corresponding to MSA columns:
# 125-142
name=unknown_B
#
# <colnr> <probs for GDERKNQSTAVLIFYWHMCP>
#	G	D	E	R	K	N	Q	S	T	A	V	L	I	F	Y	W	H	M	C	P
0	0.00839	0.00648	0.00815	0.00811	0.00982	0.00551	0.00574	0.00983	0.01122	0.01577	0.02533	0.56793	0.02931	0.01395	0.00641	0.00189	0.00358	0.01253	0.00475	0.24529
1	0.01155	0.01017	0.01340	0.23387	0.02105	0.00910	0.00942	0.01446	0.01174	0.01747	0.01017	0.01284	0.00823	0.00467	0.00467	0.00115	0.00522	0.00388	0.00314	0.59380
2	0.01360	0.01471	0.03012	0.05346	0.24304	0.01415	0.50718	0.01797	0.01329	0.01830	0.01129	0.01505	0.00875	0.00493	0.00640	0.00186	0.00875	0.00621	0.00286	0.00806
3	0.01080	0.01017	0.01716	0.78523	0.03940	0.01271	0.01589	0.01461	0.01144	0.01461	0.01017	0.01525	0.00762	0.00572	0.00572	0.00191	0.00762	0.00508	0.00254	0.00635
4	0.25425	0.32101	0.12300	0.01030	0.01505	0.01667	0.01015	0.01948	0.11135	0.05538	0.01105	0.01175	0.00869	0.00558	0.00427	0.00159	0.00567	0.00382	0.00344	0.00751
5	0.00691	0.00521	0.00639	0.00733	0.00813	0.00470	0.00503	0.00804	0.01156	0.01485	0.03919	0.58046	0.24767	0.01692	0.00714	0.00221	0.00320	0.01505	0.00531	0.00470
6	0.25199	0.01043	0.01086	0.00820	0.01283	0.00914	0.00661	0.01510	0.01124	0.02068	0.00953	0.01112	0.00781	0.00455	0.00403	0.00111	0.00429	0.00330	0.00343	0.59375
7	0.01496	0.05602	0.02227	0.07719	0.58220	0.11409	0.01620	0.01805	0.01327	0.01755	0.01033	0.01346	0.00866	0.00523	0.00550	0.00166	0.00727	0.00480	0.00281	0.00849
8	0.01777	0.02430	0.23455	0.01457	0.01943	0.33698	0.01372	0.14893	0.09872	0.02017	0.01172	0.01265	0.00887	0.00614	0.00541	0.00167	0.00843	0.00441	0.00360	0.00797
9	0.25124	0.01043	0.01462	0.55956	0.03117	0.01274	0.01307	0.01525	0.01094	0.01782	0.00953	0.01352	0.00721	0.00560	0.00509	0.00187	0.00670	0.00451	0.00283	0.00631
10	0.00994	0.00497	0.00745	0.00745	0.00745	0.00497	0.00497	0.00745	0.00745	0.00994	0.00994	0.01739	0.00994	0.01987	0.02235	0.83358	0.00497	0.00497	0.00248	0.00248
11	0.59992	0.01180	0.01270	0.01553	0.22934	0.01305	0.00949	0.01703	0.01069	0.02364	0.00878	0.01070	0.00703	0.00525	0.00416	0.00175	0.00511	0.00368	0.00333	0.00703
12	0.01366	0.01308	0.02232	0.14648	0.65582	0.01346	0.01731	0.01712	0.01279	0.01808	0.01067	0.01432	0.00885	0.00519	0.00567	0.00173	0.00692	0.00509	0.00279	0.00866
13	0.01095	0.00942	0.01506	0.20111	0.23621	0.00999	0.01296	0.01409	0.01292	0.01737	0.06882	0.03676	0.02141	0.01003	0.00666	0.00213	0.00610	0.29740	0.00398	0.00663
14	0.00856	0.00612	0.00847	0.00979	0.01082	0.00602	0.00808	0.01072	0.01252	0.01639	0.03065	0.27656	0.03434	0.01642	0.00773	0.00254	0.00470	0.51920	0.00528	0.00509
15	0.01138	0.02326	0.51541	0.23981	0.02925	0.01317	0.05460	0.01711	0.01196	0.01711	0.01030	0.01316	0.00743	0.00549	0.00558	0.00184	0.00827	0.00460	0.00248	0.00781
16	0.01313	0.01200	0.05392	0.02403	0.44334	0.01108	0.01349	0.04207	0.01457	0.05927	0.22895	0.02261	0.02229	0.00719	0.00597	0.00174	0.00557	0.00661	0.00414	0.00803
17	0.01357	0.01881	0.27423	0.04681	0.35089	0.01348	0.03781	0.09628	0.01418	0.02008	0.01336	0.01559	0.04740	0.00590	0.00568	0.00176	0.00721	0.00522	0.00313	0.00859

[dist]
# distance from previous block
# <min> <max>
10	42

[block]
# block no. 2 follows, 41 sequences, length 19
# corresponding to MSA columns:
# 185-203
name=unknown_C
#
# <colnr> <probs for GDERKNQSTAVLIFYWHMCP>
#	G	D	E	R	K	N	Q	S	T	A	V	L	I	F	Y	W	H	M	C	P
0	0.05393	0.01435	0.01525	0.01214	0.01619	0.04147	0.00993	0.50781	0.05456	0.11204	0.04421	0.03758	0.01356	0.00762	0.00578	0.00178	0.00588	0.03126	0.00568	0.00899
1	0.05528	0.01182	0.01405	0.04796	0.08349	0.01266	0.00976	0.12925	0.29948	0.16817	0.01855	0.01803	0.01347	0.00685	0.00550	0.00177	0.00507	0.00561	0.05277	0.04046
2	0.01254	0.01176	0.07911	0.00983	0.01261	0.08700	0.00833	0.06065	0.09113	0.07849	0.43958	0.03094	0.03557	0.00949	0.00623	0.00177	0.00457	0.00805	0.00558	0.00676
3	0.04621	0.67106	0.12596	0.01055	0.01586	0.02103	0.01114	0.01724	0.01161	0.01453	0.00826	0.00956	0.00728	0.00498	0.00390	0.00132	0.00636	0.00321	0.00248	0.00744
4	0.51256	0.01147	0.01137	0.00970	0.01261	0.03356	0.04927	0.06273	0.01133	0.02288	0.04666	0.01451	0.01042	0.07816	0.00800	0.00219	0.08820	0.00449	0.00365	0.00624
5	0.03560	0.01021	0.01009	0.00984	0.01123	0.11226	0.00719	0.11119	0.01388	0.01808	0.07245	0.42090	0.02734	0.05741	0.00853	0.00226	0.04985	0.01116	0.00480	0.00573
6	0.01097	0.01034	0.01746	0.74811	0.07522	0.01275	0.01597	0.01476	0.01152	0.01482	0.01020	0.01520	0.00770	0.00569	0.00572	0.00190	0.00758	0.00508	0.00256	0.00649
7	0.01416	0.01359	0.02322	0.03511	0.76330	0.01359	0.01755	0.01755	0.01302	0.01869	0.01076	0.01416	0.00906	0.00510	0.00566	0.00170	0.00680	0.00510	0.00283	0.00906
8	0.01080	0.01017	0.01716	0.78523	0.03940	0.01271	0.01589	0.01461	0.01144	0.01461	0.01017	0.01525	0.00762	0.00572	0.00572	0.00191	0.00762	0.00508	0.00254	0.00635
9	0.01186	0.01017	0.01186	0.00847	0.01356	0.00762	0.00678	0.01440	0.01186	0.01864	0.01017	0.01186	0.00847	0.00424	0.00424	0.00085	0.00424	0.00339	0.00339	0.83395
10	0.00786	0.00592	0.00759	0.00806	0.00925	0.00519	0.00558	0.00914	0.01112	0.01534	0.02764	0.65259	0.03248	0.01543	0.00674	0.00205	0.00349	0.01392	0.00496	0.15567
11	0.00676	0.00579	0.00579	0.00579	0.00773	0.00483	0.00435	0.00821	0.01304	0.01545	0.05794	0.05505	0.76098	0.01449	0.00676	0.00193	0.00290	0.01207	0.00531	0.00483
12	0.00810	0.00585	0.00765	0.00720	0.00855	0.00540	0.00540	0.01079	0.01619	0.02294	0.76028	0.04273	0.05397	0.01169	0.00675	0.00180	0.00270	0.01034	0.00630	0.00540
13	0.00831	0.00558	0.00642	0.00642	0.00648	0.00564	0.00369	0.00843	0.00837	0.01122	0.01786	0.03652	0.02040	0.75291	0.07464	0.00577	0.00614	0.00818	0.00344	0.00357
14	0.01588	0.73113	0.02881	0.01009	0.01496	0.02219	0.00989	0.08304	0.01301	0.01551	0.00848	0.00959	0.00756	0.00507	0.00386	0.00127	0.00613	0.00325	0.00274	0.00756
15	0.83938	0.01106	0.00841	0.00752	0.01106	0.01283	0.00619	0.01681	0.00973	0.02566	0.00796	0.00929	0.00619	0.00531	0.00354	0.00177	0.00442	0.00310	0.00354	0.00619
16	0.02051	0.01577	0.01663	0.01396	0.05974	0.05920	0.01079	0.61097	0.02446	0.03279	0.01363	0.01410	0.00990	0.00670	0.00557	0.00168	0.00630	0.00508	0.06304	0.00921
17	0.02174	0.01602	0.01717	0.01316	0.01774	0.01774	0.01087	0.74423	0.02689	0.03605	0.01373	0.01373	0.00973	0.00687	0.00572	0.00172	0.00629	0.00515	0.00572	0.00973
18	0.01530	0.01292	0.01404	0.01219	0.01535	0.01510	0.00966	0.14557	0.56682	0.02499	0.02029	0.01930	0.01529	0.00782	0.00698	0.00195	0.07588	0.00612	0.00550	0.00891

[dist]
# distance from previous block
# <min> <max>
0	1

[block]
# block no. 3 follows, 41 sequences, length 11
# corresponding to MSA columns:
# 205-215
name=unknown_D
#
# <colnr> <probs for GDERKNQSTAVLIFYWHMCP>
#	G	D	E	R	K	N	Q	S	T	A	V	L	I	F	Y	W	H	M	C	P
0	0.02018	0.01523	0.01654	0.04481	0.01821	0.01701	0.01081	0.60881	0.13336	0.03338	0.01499	0.01492	0.01078	0.00695	0.00574	0.00176	0.00609	0.00534	0.00561	0.00949
1	0.25022	0.01338	0.01196	0.01076	0.01406	0.08731	0.00843	0.02579	0.46996	0.02346	0.01752	0.01684	0.01327	0.00688	0.00511	0.00185	0.00506	0.00524	0.00489	0.00800
2	0.01746	0.01291	0.01399	0.01084	0.01500	0.01338	0.00882	0.43350	0.05379	0.02926	0.01405	0.01476	0.01051	0.00626	0.00512	0.00147	0.00520	0.00482	0.12688	0.20200
3	0.00711	0.00569	0.00636	0.00644	0.00800	0.00494	0.00473	0.00881	0.01352	0.01716	0.22565	0.15393	0.48895	0.01428	0.00683	0.00195	0.00291	0.01223	0.00555	0.00494
4	0.01416	0.01359	0.02322	0.03511	0.76330	0.01359	0.01755	0.01755	0.01302	0.01869	0.01076	0.01416	0.00906	0.00510	0.00566	0.00170	0.00680	0.00510	0.00283	0.00906
5	0.00786	0.00566	0.00743	0.00736	0.00849	0.00524	0.00538	0.01020	0.01509	0.02118	0.60701	0.20100	0.05058	0.01300	0.00686	0.00191	0.00283	0.01159	0.00609	0.00524
6	0.01342	0.01284	0.02189	0.19983	0.60434	0.01340	0.01719	0.01691	0.01268	0.01779	0.01063	0.01440	0.00875	0.00523	0.00567	0.00174	0.00698	0.00509	0.00277	0.00847
7	0.01390	0.01333	0.02275	0.09298	0.70745	0.01352	0.01743	0.01733	0.01290	0.01837	0.01071	0.01424	0.00895	0.00514	0.00567	0.00171	0.00686	0.00510	0.00281	0.00885
8	0.01409	0.01271	0.01288	0.01106	0.01473	0.06045	0.00862	0.02599	0.52478	0.02201	0.01915	0.01832	0.01462	0.00678	0.00539	0.00164	0.00482	0.00554	0.00504	0.21138
9	0.01240	0.21813	0.58896	0.01471	0.02230	0.01556	0.01837	0.01787	0.01197	0.01698	0.00970	0.01137	0.00727	0.00530	0.00500	0.00167	0.00788	0.00394	0.00242	0.00818
10	0.13385	0.04852	0.01583	0.01319	0.01668	0.46048	0.01030	0.19781	0.01777	0.02097	0.00988	0.01097	0.00778	0.00602	0.00502	0.00157	0.00838	0.00394	0.00369	0.00735

[dist]
# distance from previous block
# <min> <max>
35	80

[block]
# block no. 4 follows, 41 sequences, length 10
# corresponding to MSA columns:
# 304-313
name=unknown_E
#
# <colnr> <probs for GDERKNQSTAVLIFYWHMCP>
#	G	D	E	R	K	N	Q	S	T	A	V	L	I	F	Y	W	H	M	C	P
0	0.01554	0.21712	0.10594	0.01154	0.01598	0.01578	0.01061	0.07921	0.33643	0.08564	0.01798	0.01731	0.03316	0.00681	0.00524	0.00171	0.00551	0.00532	0.00464	0.00854
1	0.01322	0.01064	0.01188	0.00986	0.01354	0.01057	0.00775	0.04903	0.33760	0.05284	0.10590	0.02152	0.04444	0.00723	0.00543	0.00155	0.00424	0.00602	0.00510	0.28163
2	0.01471	0.00814	0.01033	0.00880	0.01142	0.00773	0.00692	0.06429	0.07024	0.24820	0.43682	0.03231	0.03650	0.00971	0.00631	0.00180	0.00371	0.00835	0.00646	0.00725
3	0.01685	0.01870	0.02060	0.02749	0.48460	0.29857	0.01512	0.01953	0.01421	0.01693	0.01004	0.01272	0.00843	0.00539	0.00547	0.00161	0.00811	0.00457	0.00287	0.00815
4	0.00697	0.00498	0.00664	0.00796	0.00830	0.00465	0.00531	0.00796	0.01095	0.01460	0.03153	0.79525	0.03783	0.01792	0.00730	0.00232	0.00332	0.01626	0.00531	0.00465
5	0.01409	0.01378	0.02432	0.03396	0.68670	0.01368	0.09327	0.01763	0.01307	0.01865	0.01084	0.01429	0.00902	0.00507	0.00578	0.00172	0.00709	0.00527	0.00284	0.00892
6	0.01080	0.01017	0.01716	0.78523	0.03940	0.01271	0.01589	0.01461	0.01144	0.01461	0.01017	0.01525	0.00762	0.00572	0.00572	0.00191	0.00762	0.00508	0.00254	0.00635
7	0.01913	0.10824	0.20959	0.01206	0.01744	0.01260	0.01206	0.06636	0.10818	0.35019	0.01727	0.01627	0.01174	0.00647	0.00543	0.00173	0.00597	0.00510	0.00510	0.00904
8	0.02273	0.01071	0.01347	0.01060	0.01473	0.01026	0.00866	0.13033	0.10403	0.53145	0.06456	0.02022	0.01624	0.00740	0.00581	0.00178	0.00491	0.00602	0.00669	0.00940
9	0.11060	0.07669	0.01367	0.00957	0.01408	0.14529	0.00771	0.01639	0.01236	0.01823	0.00950	0.01107	0.00792	0.00471	0.00427	0.00110	0.00548	0.00338	0.00325	0.52472

[dist]
# distance from previous block
# <min> <max>
7	60

# created by:
# /software/SequenceAnalysis/GenePrediction/augustus/3.0.1/scripts/msa2prfl.pl ./fixed/BUSCOvEOG780KBT.fas
