[name]
unknown

[dist]
# distance from previous block
# <min> <max>
0	61

[block]
# block no. 0 follows, 40 sequences, length 41
# corresponding to MSA columns:
# 66-106
name=unknown_A
#
# <colnr> <probs for GDERKNQSTAVLIFYWHMCP>
#	G	D	E	R	K	N	Q	S	T	A	V	L	I	F	Y	W	H	M	C	P
0	0.60164	0.13255	0.06276	0.00978	0.04262	0.01450	0.00838	0.01757	0.01067	0.04399	0.00878	0.01010	0.00689	0.00538	0.00390	0.00171	0.00514	0.00338	0.00343	0.00684
1	0.02156	0.04052	0.01470	0.13622	0.01879	0.01051	0.00982	0.07367	0.04227	0.49533	0.04185	0.01953	0.01425	0.02645	0.00638	0.00190	0.00549	0.00582	0.00601	0.00893
2	0.01186	0.01013	0.01185	0.00859	0.01357	0.00763	0.00683	0.01438	0.01202	0.01879	0.01120	0.04311	0.00980	0.00486	0.00443	0.00092	0.00427	0.00397	0.00352	0.79827
3	0.00706	0.00590	0.00614	0.00608	0.00797	0.00499	0.00456	0.00870	0.01369	0.01674	0.15298	0.05427	0.66228	0.01434	0.00687	0.00195	0.00292	0.01204	0.00554	0.00499
4	0.00817	0.00605	0.00885	0.00901	0.00990	0.00686	0.00681	0.00999	0.00951	0.01353	0.01775	0.11722	0.01785	0.08637	0.63431	0.00827	0.01349	0.00762	0.00342	0.00503
5	0.01373	0.01569	0.03431	0.02451	0.03039	0.01471	0.73824	0.01863	0.01373	0.01863	0.01176	0.01569	0.00882	0.00490	0.00686	0.00196	0.00980	0.00686	0.00294	0.00784
6	0.01084	0.00542	0.00542	0.00542	0.00678	0.00542	0.00407	0.01355	0.01220	0.02168	0.01897	0.02168	0.01491	0.00678	0.00407	0.00136	0.00271	0.00542	0.82791	0.00542
7	0.01067	0.00769	0.01026	0.01131	0.03493	0.00783	0.00927	0.01502	0.10395	0.04713	0.06499	0.05558	0.04893	0.01415	0.00753	0.00247	0.00511	0.53159	0.00547	0.00611
8	0.83671	0.01125	0.00855	0.00765	0.01125	0.01305	0.00630	0.01709	0.00990	0.02609	0.00810	0.00945	0.00630	0.00540	0.00360	0.00180	0.00450	0.00315	0.00360	0.00630
9	0.01084	0.00542	0.00542	0.00542	0.00678	0.00542	0.00407	0.01355	0.01220	0.02168	0.01897	0.02168	0.01491	0.00678	0.00407	0.00136	0.00271	0.00542	0.82791	0.00542
10	0.01084	0.00542	0.00542	0.00542	0.00678	0.00542	0.00407	0.01355	0.01220	0.02168	0.01897	0.02168	0.01491	0.00678	0.00407	0.00136	0.00271	0.00542	0.82791	0.00542
11	0.00845	0.00566	0.00643	0.00643	0.00646	0.00569	0.00363	0.00851	0.00848	0.01134	0.01824	0.03761	0.02095	0.77367	0.05129	0.00575	0.00593	0.00839	0.00351	0.00357
12	0.02211	0.01629	0.01745	0.01338	0.01803	0.01803	0.01105	0.73997	0.02734	0.03665	0.01396	0.01396	0.00989	0.00698	0.00582	0.00175	0.00640	0.00524	0.00582	0.00989
13	0.01131	0.01077	0.01850	0.70324	0.08732	0.01305	0.04393	0.01520	0.01182	0.01528	0.01043	0.01544	0.00789	0.00574	0.00585	0.00192	0.00777	0.00523	0.00262	0.00670
14	0.02609	0.00990	0.01350	0.01035	0.01484	0.00855	0.00855	0.02834	0.01664	0.76338	0.02294	0.01979	0.01439	0.00720	0.00585	0.00180	0.00495	0.00585	0.00720	0.00990
15	0.00832	0.00617	0.00905	0.00905	0.00999	0.00711	0.00691	0.01020	0.00926	0.01328	0.01584	0.02432	0.01518	0.11655	0.70053	0.00899	0.01461	0.00645	0.00315	0.00503
16	0.01206	0.01034	0.01206	0.00861	0.01378	0.00775	0.00689	0.01464	0.01206	0.01895	0.01034	0.01206	0.00861	0.00431	0.00431	0.00086	0.00431	0.00345	0.00345	0.83118
17	0.01446	0.01249	0.01315	0.01183	0.01512	0.01446	0.00920	0.03090	0.74885	0.02433	0.02367	0.02170	0.01775	0.00789	0.00592	0.00197	0.00460	0.00657	0.00592	0.00920
18	0.01206	0.01034	0.01206	0.00861	0.01378	0.00775	0.00689	0.01464	0.01206	0.01895	0.01034	0.01206	0.00861	0.00431	0.00431	0.00086	0.00431	0.00345	0.00345	0.83118
19	0.01690	0.00830	0.01215	0.01047	0.01328	0.00747	0.05879	0.01893	0.01417	0.37286	0.04321	0.26129	0.02423	0.03940	0.00746	0.00220	0.00481	0.07060	0.00604	0.00744
20	0.01138	0.01064	0.01742	0.69381	0.07072	0.01307	0.01574	0.01612	0.06362	0.01571	0.01130	0.01589	0.00852	0.00593	0.00582	0.00193	0.00749	0.00527	0.00283	0.00678
21	0.02239	0.01584	0.01717	0.01317	0.01781	0.01737	0.01088	0.68985	0.02659	0.08783	0.01459	0.01437	0.01021	0.00700	0.00582	0.00175	0.00630	0.00528	0.00591	0.00989
22	0.01356	0.01296	0.02225	0.05455	0.60785	0.01294	0.05927	0.01697	0.01323	0.01859	0.01453	0.01998	0.04456	0.00638	0.00603	0.00182	0.00682	0.05596	0.00316	0.00858
23	0.01389	0.01467	0.07278	0.03236	0.62555	0.01348	0.06827	0.01763	0.01336	0.01913	0.04457	0.01565	0.01112	0.00549	0.00587	0.00176	0.00704	0.00548	0.00301	0.00891
24	0.01523	0.01232	0.01317	0.01174	0.01510	0.01407	0.00916	0.03073	0.70036	0.07327	0.02362	0.02157	0.01753	0.00784	0.00591	0.00196	0.00463	0.00653	0.00600	0.00925
25	0.00937	0.00669	0.00937	0.01071	0.01205	0.00669	0.00937	0.01205	0.01339	0.01740	0.03079	0.06560	0.03347	0.01606	0.00803	0.00268	0.00535	0.72021	0.00535	0.00535
26	0.00918	0.00615	0.00784	0.00829	0.00950	0.00559	0.00582	0.03043	0.01218	0.06852	0.03113	0.61122	0.08142	0.01590	0.00701	0.00217	0.00361	0.01425	0.00540	0.06438
27	0.00813	0.00594	0.00764	0.00722	0.00863	0.00545	0.00541	0.01079	0.01624	0.02278	0.70717	0.04432	0.10432	0.01209	0.00686	0.00184	0.00276	0.01064	0.00633	0.00545
28	0.01221	0.01146	0.03744	0.04532	0.01677	0.00918	0.07370	0.01611	0.06110	0.01918	0.02998	0.01397	0.01032	0.00489	0.00481	0.00114	0.00507	0.00424	0.00357	0.61954
29	0.01439	0.01382	0.02360	0.03569	0.75936	0.01382	0.01785	0.01785	0.01324	0.01900	0.01094	0.01439	0.00921	0.00518	0.00576	0.00173	0.00691	0.00518	0.00288	0.00921
30	0.02172	0.02772	0.01648	0.01498	0.01798	0.77228	0.01124	0.02322	0.01648	0.01423	0.00899	0.01049	0.00749	0.00599	0.00524	0.00150	0.01049	0.00375	0.00300	0.00674
31	0.00715	0.00590	0.00628	0.00618	0.00803	0.00503	0.00464	0.00888	0.01391	0.01727	0.20186	0.05340	0.61308	0.01415	0.00687	0.00194	0.00290	0.01191	0.00561	0.00503
32	0.01446	0.01249	0.01315	0.01183	0.01512	0.01446	0.00920	0.03090	0.74885	0.02433	0.02367	0.02170	0.01775	0.00789	0.00592	0.00197	0.00460	0.00657	0.00592	0.00920
33	0.02211	0.01629	0.01745	0.01338	0.01803	0.01803	0.01105	0.73997	0.02734	0.03665	0.01396	0.01396	0.00989	0.00698	0.00582	0.00175	0.00640	0.00524	0.00582	0.00989
34	0.01166	0.03008	0.76550	0.01657	0.02517	0.01351	0.02149	0.01842	0.01228	0.01842	0.01044	0.01228	0.00737	0.00552	0.00552	0.00184	0.00859	0.00430	0.00246	0.00859
35	0.02515	0.01140	0.01443	0.01106	0.01560	0.01078	0.00914	0.19579	0.01916	0.59238	0.02083	0.01842	0.01333	0.00715	0.00584	0.00179	0.00529	0.00570	0.00687	0.00989
36	0.01503	0.01277	0.01347	0.01195	0.01534	0.01473	0.00934	0.08335	0.69548	0.02524	0.02295	0.02112	0.01717	0.00782	0.00591	0.00196	0.00474	0.00648	0.00591	0.00926
37	0.01084	0.00542	0.00542	0.00542	0.00678	0.00542	0.00407	0.01355	0.01220	0.02168	0.01897	0.02168	0.01491	0.00678	0.00407	0.00136	0.00271	0.00542	0.82791	0.00542
38	0.01084	0.00542	0.00542	0.00542	0.00678	0.00542	0.00407	0.01355	0.01220	0.02168	0.01897	0.02168	0.01491	0.00678	0.00407	0.00136	0.00271	0.00542	0.82791	0.00542
39	0.00823	0.00594	0.00777	0.00732	0.00869	0.00549	0.00549	0.01097	0.01646	0.02332	0.75629	0.04344	0.05487	0.01189	0.00686	0.00183	0.00274	0.01052	0.00640	0.00549
40	0.02609	0.00990	0.01350	0.01035	0.01484	0.00855	0.00855	0.02834	0.01664	0.76338	0.02294	0.01979	0.01439	0.00720	0.00585	0.00180	0.00495	0.00585	0.00720	0.00990

[dist]
# distance from previous block
# <min> <max>
6	33

# created by:
# /software/SequenceAnalysis/GenePrediction/augustus/3.0.1/scripts/msa2prfl.pl ./fixed/BUSCOvEOG7STTKV.fas
