[name]
unknown

[dist]
# distance from previous block
# <min> <max>
0	198

[block]
# block no. 0 follows, 39 sequences, length 28
# corresponding to MSA columns:
# 208-235
name=unknown_A
#
# <colnr> <probs for GDERKNQSTAVLIFYWHMCP>
#	G	D	E	R	K	N	Q	S	T	A	V	L	I	F	Y	W	H	M	C	P
0	0.00870	0.00654	0.00837	0.00929	0.01086	0.00621	0.00788	0.01102	0.01357	0.01714	0.04066	0.06351	0.26894	0.01589	0.00778	0.00249	0.00464	0.48575	0.00546	0.00530
1	0.01106	0.01039	0.01444	0.01314	0.01326	0.01376	0.01050	0.01227	0.00980	0.01451	0.01588	0.26631	0.01801	0.01302	0.01553	0.00253	0.52714	0.00898	0.00354	0.00592
2	0.01543	0.54029	0.02871	0.01867	0.25703	0.02034	0.01274	0.01785	0.01249	0.01568	0.00917	0.01117	0.00817	0.00513	0.00447	0.00143	0.00655	0.00385	0.00266	0.00817
3	0.01298	0.00948	0.01112	0.00946	0.01194	0.00975	0.00743	0.24788	0.02036	0.02814	0.51101	0.03438	0.04085	0.01046	0.00663	0.00183	0.00400	0.00894	0.00632	0.00704
4	0.01799	0.54111	0.02666	0.01126	0.01621	0.02175	0.01049	0.25229	0.01718	0.02155	0.01017	0.01103	0.00840	0.00573	0.00449	0.00143	0.00638	0.00387	0.00364	0.00840
5	0.00721	0.00515	0.00686	0.00823	0.00858	0.00480	0.00549	0.00823	0.01132	0.01510	0.03259	0.78831	0.03911	0.01853	0.00755	0.00240	0.00343	0.01681	0.00549	0.00480
6	0.00821	0.00514	0.00714	0.00806	0.00829	0.00491	0.00537	0.00806	0.01014	0.01352	0.02530	0.53658	0.02969	0.01919	0.01263	0.27217	0.00399	0.01300	0.00453	0.00407
7	0.01061	0.00876	0.01050	0.00859	0.01224	0.00688	0.00651	0.01272	0.01196	0.01791	0.01773	0.26586	0.01868	0.00900	0.00542	0.00137	0.00407	0.00785	0.00415	0.55921
8	0.00924	0.00749	0.01013	0.00926	0.01154	0.00636	0.04433	0.01105	0.01191	0.01689	0.04328	0.47442	0.02805	0.01302	0.00647	0.00187	0.00407	0.01178	0.00474	0.27410
9	0.01875	0.02897	0.26013	0.01576	0.02067	0.52181	0.01483	0.02202	0.01536	0.01586	0.00962	0.01126	0.00758	0.00594	0.00543	0.00164	0.01004	0.00399	0.00287	0.00747
10	0.01188	0.03867	0.45165	0.26489	0.02940	0.01327	0.01880	0.01734	0.01231	0.03149	0.01139	0.03548	0.00868	0.00607	0.00571	0.00188	0.00810	0.00500	0.00274	0.02525
11	0.03548	0.08243	0.33376	0.01342	0.01982	0.01225	0.02901	0.02320	0.01444	0.35410	0.01616	0.01572	0.01075	0.00633	0.00561	0.00181	0.00681	0.00502	0.00472	0.00918
12	0.00850	0.00690	0.01042	0.25976	0.01908	0.00753	0.00906	0.01048	0.01149	0.01510	0.02538	0.53586	0.02891	0.01441	0.00701	0.00226	0.00489	0.01304	0.00455	0.00538
13	0.01614	0.75532	0.03024	0.01039	0.01534	0.06262	0.01019	0.01802	0.01227	0.01394	0.00827	0.00955	0.00759	0.00511	0.00388	0.00128	0.00655	0.00320	0.00256	0.00755
14	0.01436	0.00755	0.01088	0.00984	0.01204	0.00782	0.00782	0.01653	0.01193	0.25739	0.01829	0.02222	0.01474	0.03225	0.51947	0.00700	0.01231	0.00621	0.00452	0.00684
15	0.51268	0.00970	0.00866	0.00829	0.01094	0.01082	0.00641	0.05962	0.01159	0.02347	0.01657	0.26436	0.01732	0.00985	0.00507	0.00201	0.00432	0.00778	0.00440	0.00611
16	0.00814	0.00557	0.00671	0.00716	0.00732	0.00550	0.00437	0.00856	0.00953	0.01275	0.02308	0.28300	0.02697	0.50777	0.05392	0.00480	0.00541	0.01119	0.00419	0.00405
17	0.01226	0.01051	0.01226	0.00876	0.01401	0.00788	0.00701	0.01489	0.01226	0.01927	0.01051	0.01226	0.00876	0.00438	0.00438	0.00088	0.00438	0.00350	0.00350	0.82832
18	0.01699	0.02098	0.41835	0.01435	0.03811	0.01133	0.01582	0.02183	0.01443	0.28755	0.06878	0.01760	0.01362	0.00669	0.00584	0.00185	0.00693	0.00542	0.00455	0.00901
19	0.02346	0.05363	0.08002	0.01243	0.03752	0.01051	0.04081	0.02673	0.03948	0.58077	0.02064	0.01864	0.01338	0.00692	0.00585	0.00181	0.00567	0.00571	0.00630	0.00969
20	0.56507	0.01113	0.01165	0.25946	0.02101	0.01322	0.00968	0.01664	0.01064	0.02280	0.00898	0.01162	0.00689	0.00563	0.00440	0.00188	0.00566	0.00387	0.00332	0.00646
21	0.01306	0.01123	0.01263	0.00983	0.01446	0.01011	0.00778	0.02029	0.25157	0.02106	0.01494	0.01547	0.01180	0.00557	0.00491	0.00125	0.00448	0.00454	0.00433	0.56070
22	0.01446	0.00715	0.00883	0.00778	0.00928	0.00670	0.00525	0.01521	0.01132	0.25587	0.02017	0.03263	0.01926	0.53569	0.02221	0.00446	0.00550	0.00773	0.00480	0.00570
23	0.01259	0.01871	0.26105	0.01596	0.01882	0.01668	0.01585	0.01570	0.01018	0.01570	0.00869	0.01279	0.00767	0.00880	0.01490	0.00235	0.52887	0.00491	0.00256	0.00721
24	0.00837	0.00604	0.00790	0.00744	0.00883	0.00558	0.00558	0.01116	0.01674	0.02371	0.75216	0.04417	0.05580	0.01209	0.00697	0.00186	0.00279	0.01069	0.00651	0.00558
25	0.02242	0.01199	0.02064	0.01523	0.02026	0.01074	0.24564	0.02559	0.01596	0.51741	0.01962	0.01876	0.01279	0.00656	0.00628	0.00188	0.00665	0.00628	0.00591	0.00938
26	0.01918	0.02087	0.26063	0.01454	0.02057	0.01643	0.01460	0.47146	0.02234	0.06171	0.01341	0.01389	0.00941	0.00662	0.00582	0.00181	0.00717	0.00504	0.00486	0.00963
27	0.01226	0.01051	0.01226	0.00876	0.01401	0.00788	0.00701	0.01489	0.01226	0.01927	0.01051	0.01226	0.00876	0.00438	0.00438	0.00088	0.00438	0.00350	0.00350	0.82832

[dist]
# distance from previous block
# <min> <max>
0	1

[block]
# block no. 1 follows, 39 sequences, length 26
# corresponding to MSA columns:
# 237-262
name=unknown_B
#
# <colnr> <probs for GDERKNQSTAVLIFYWHMCP>
#	G	D	E	R	K	N	Q	S	T	A	V	L	I	F	Y	W	H	M	C	P
0	0.01590	0.04620	0.46606	0.01547	0.02262	0.01570	0.01760	0.28432	0.01815	0.02547	0.01188	0.01304	0.00844	0.00615	0.00568	0.00182	0.00785	0.00469	0.00376	0.00920
1	0.00999	0.00795	0.00927	0.00964	0.01110	0.00847	0.00692	0.01683	0.28303	0.01867	0.02944	0.50438	0.03131	0.01464	0.00698	0.00226	0.00389	0.01306	0.00569	0.00649
2	0.01228	0.01204	0.01797	0.29804	0.02487	0.01627	0.01423	0.01456	0.01008	0.01456	0.00878	0.01399	0.00781	0.00871	0.01441	0.00236	0.49474	0.00521	0.00260	0.00651
3	0.31673	0.01085	0.01094	0.00840	0.01306	0.00988	0.00678	0.01581	0.01145	0.02196	0.00967	0.01128	0.00789	0.00479	0.00411	0.00123	0.00445	0.00339	0.00356	0.52376
4	0.00721	0.00515	0.00686	0.00823	0.00858	0.00480	0.00549	0.00823	0.01132	0.01510	0.03259	0.78831	0.03911	0.01853	0.00755	0.00240	0.00343	0.01681	0.00549	0.00480
5	0.00850	0.00611	0.00837	0.00837	0.00904	0.00678	0.00598	0.00983	0.00917	0.01289	0.01688	0.02896	0.01727	0.32145	0.49504	0.00811	0.01210	0.00717	0.00332	0.00465
6	0.01228	0.01204	0.01797	0.29804	0.02487	0.01627	0.01423	0.01456	0.01008	0.01456	0.00878	0.01399	0.00781	0.00871	0.01441	0.00236	0.49474	0.00521	0.00260	0.00651
7	0.31433	0.00823	0.00920	0.00886	0.01088	0.00957	0.00703	0.01309	0.00971	0.01847	0.01302	0.01818	0.01168	0.02995	0.48524	0.00666	0.01167	0.00517	0.00335	0.00570
8	0.01936	0.01268	0.01994	0.02582	0.45101	0.01224	0.01436	0.05131	0.01533	0.29427	0.01577	0.01665	0.01135	0.00610	0.00589	0.00178	0.00627	0.00552	0.00468	0.00965
9	0.31827	0.01223	0.01164	0.01046	0.01392	0.01417	0.00827	0.02622	0.47242	0.02540	0.01820	0.01745	0.01374	0.00708	0.00514	0.00194	0.00464	0.00540	0.00514	0.00827
10	0.31433	0.00823	0.00920	0.00886	0.01088	0.00957	0.00703	0.01309	0.00971	0.01847	0.01302	0.01818	0.01168	0.02995	0.48524	0.00666	0.01167	0.00517	0.00335	0.00570
11	0.00966	0.01514	0.28715	0.01093	0.01505	0.00860	0.01161	0.01396	0.01516	0.02187	0.47738	0.03243	0.03790	0.00969	0.00647	0.00186	0.00499	0.00835	0.00502	0.00675
12	0.83394	0.01144	0.00869	0.00778	0.01144	0.01327	0.00640	0.01738	0.01006	0.02653	0.00823	0.00961	0.00640	0.00549	0.00366	0.00183	0.00457	0.00320	0.00366	0.00640
13	0.52972	0.01199	0.01218	0.01065	0.01295	0.01506	0.00883	0.01622	0.00969	0.02198	0.00806	0.01084	0.00691	0.00729	0.00949	0.00211	0.29240	0.00393	0.00326	0.00643
14	0.01273	0.00991	0.01035	0.00881	0.01182	0.00994	0.00699	0.27790	0.01879	0.02387	0.04297	0.04109	0.47763	0.01206	0.00659	0.00191	0.00430	0.00983	0.00565	0.00687
15	0.00867	0.00713	0.01089	0.29345	0.02049	0.00789	0.00954	0.01078	0.01151	0.01510	0.02441	0.50205	0.02754	0.01385	0.00694	0.00224	0.00508	0.01253	0.00443	0.00546
16	0.01443	0.00702	0.00948	0.00916	0.01110	0.00630	0.00679	0.01598	0.01346	0.29096	0.02913	0.48296	0.02990	0.01431	0.00697	0.00220	0.00408	0.03283	0.00617	0.00677
17	0.00764	0.00548	0.00725	0.00794	0.00867	0.00509	0.00552	0.00932	0.01333	0.01829	0.29922	0.51257	0.04530	0.01614	0.00734	0.00220	0.00319	0.01455	0.00587	0.00509
18	0.32112	0.01365	0.01324	0.01103	0.01500	0.01551	0.00895	0.28427	0.20973	0.03000	0.01458	0.01457	0.01081	0.00675	0.00511	0.00186	0.00531	0.00490	0.00511	0.00852
19	0.01507	0.30369	0.02659	0.02660	0.48104	0.01752	0.01517	0.01799	0.01293	0.01732	0.01005	0.01273	0.00871	0.00519	0.00509	0.00157	0.00677	0.00449	0.00278	0.00871
20	0.01394	0.01562	0.03340	0.04823	0.09699	0.01482	0.64758	0.01876	0.01385	0.01886	0.01184	0.01583	0.00898	0.00504	0.00685	0.00197	0.00964	0.00677	0.00297	0.00806
21	0.01228	0.01204	0.01797	0.29804	0.02487	0.01627	0.01423	0.01456	0.01008	0.01456	0.00878	0.01399	0.00781	0.00871	0.01441	0.00236	0.49474	0.00521	0.00260	0.00651
22	0.00987	0.00786	0.01040	0.00910	0.01167	0.00751	0.00709	0.01209	0.01049	0.01569	0.01398	0.01980	0.01283	0.05998	0.45544	0.00615	0.01118	0.00538	0.00331	0.31018
23	0.01287	0.01411	0.06716	0.09559	0.02371	0.02907	0.27525	0.01662	0.01277	0.01822	0.01146	0.03428	0.00939	0.00554	0.00641	0.00160	0.04566	0.00545	0.00316	0.31167
24	0.01041	0.00766	0.00966	0.00900	0.01155	0.00648	0.00691	0.01239	0.01234	0.05294	0.02374	0.33814	0.02580	0.01236	0.00640	0.00186	0.00421	0.13298	0.00483	0.31032
25	0.01172	0.00612	0.00619	0.00614	0.00758	0.00600	0.00455	0.01423	0.01301	0.02274	0.04309	0.02369	0.01709	0.00755	0.00457	0.00154	0.00305	0.00592	0.78929	0.00592

[dist]
# distance from previous block
# <min> <max>
0	11

[block]
# block no. 2 follows, 39 sequences, length 15
# corresponding to MSA columns:
# 274-288
name=unknown_C
#
# <colnr> <probs for GDERKNQSTAVLIFYWHMCP>
#	G	D	E	R	K	N	Q	S	T	A	V	L	I	F	Y	W	H	M	C	P
0	0.01117	0.01051	0.01774	0.77795	0.04073	0.01314	0.01642	0.01511	0.01182	0.01511	0.01051	0.01577	0.00788	0.00591	0.00591	0.00197	0.00788	0.00526	0.00263	0.00657
1	0.01198	0.02471	0.54197	0.01448	0.02220	0.01202	0.01750	0.01760	0.01242	0.01889	0.01058	0.01242	0.00786	0.00526	0.00526	0.00158	0.00746	0.00412	0.00279	0.24890
2	0.25554	0.56591	0.02446	0.00943	0.01408	0.02043	0.00903	0.01761	0.01144	0.01761	0.00823	0.00952	0.00724	0.00519	0.00376	0.00143	0.00581	0.00317	0.00286	0.00724
3	0.01527	0.56723	0.03213	0.01446	0.01979	0.02093	0.22218	0.01807	0.01259	0.01539	0.00932	0.01138	0.00799	0.00504	0.00473	0.00148	0.00739	0.00428	0.00266	0.00770
4	0.01212	0.05170	0.51620	0.01425	0.02183	0.01236	0.01709	0.01757	0.01240	0.01872	0.01050	0.01231	0.00787	0.00524	0.00519	0.00156	0.00738	0.00407	0.00279	0.24886
5	0.01039	0.00778	0.00848	0.00809	0.00907	0.00836	0.00528	0.01529	0.22427	0.01536	0.02023	0.03383	0.02049	0.56239	0.02304	0.00464	0.00542	0.00804	0.00430	0.00528
6	0.00810	0.00594	0.00850	0.00890	0.00966	0.00651	0.00654	0.00973	0.00997	0.01396	0.02096	0.24861	0.02243	0.09418	0.48900	0.00713	0.01143	0.00958	0.00388	0.00501
7	0.01001	0.00894	0.01455	0.55241	0.03131	0.01070	0.01322	0.01310	0.01168	0.01511	0.01698	0.24214	0.01703	0.00961	0.00639	0.00210	0.00658	0.00864	0.00347	0.00605
8	0.01117	0.01051	0.01774	0.77795	0.04073	0.01314	0.01642	0.01511	0.01182	0.01511	0.01051	0.01577	0.00788	0.00591	0.00591	0.00197	0.00788	0.00526	0.00263	0.00657
9	0.00710	0.00557	0.00643	0.00712	0.00828	0.00490	0.00499	0.00836	0.01240	0.01553	0.04621	0.42368	0.39495	0.01676	0.00727	0.00220	0.00321	0.01465	0.00549	0.00490
10	0.01376	0.01392	0.02597	0.17768	0.40360	0.01414	0.22752	0.01779	0.01329	0.01839	0.01125	0.01524	0.00896	0.00531	0.00620	0.00187	0.00806	0.00577	0.00289	0.00841
11	0.43674	0.01027	0.01107	0.01216	0.09699	0.01111	0.00884	0.01685	0.01202	0.07936	0.01649	0.02772	0.01547	0.00878	0.00541	0.00208	0.00515	0.21236	0.00438	0.00674
12	0.02565	0.00987	0.01344	0.01037	0.01479	0.00854	0.00854	0.02796	0.01692	0.72364	0.05873	0.02130	0.01664	0.00755	0.00600	0.00183	0.00492	0.00618	0.00728	0.00985
13	0.69698	0.01446	0.07768	0.00917	0.01325	0.07127	0.00819	0.01798	0.01080	0.02490	0.00852	0.00995	0.00660	0.00555	0.00397	0.00181	0.00542	0.00335	0.00351	0.00665
14	0.00837	0.00672	0.01005	0.23378	0.01800	0.00725	0.00869	0.01025	0.01147	0.01510	0.02612	0.56193	0.02996	0.01483	0.00707	0.00228	0.00474	0.01343	0.00465	0.00532

[dist]
# distance from previous block
# <min> <max>
23	87

# created by:
# /software/SequenceAnalysis/GenePrediction/augustus/3.0.1/scripts/msa2prfl.pl ./fixed/BUSCOvEOG7J6T59.fas
