[name]
unknown

[dist]
# distance from previous block
# <min> <max>
0	231

[block]
# block no. 0 follows, 40 sequences, length 13
# corresponding to MSA columns:
# 238-250
name=unknown_A
#
# <colnr> <probs for GDERKNQSTAVLIFYWHMCP>
#	G	D	E	R	K	N	Q	S	T	A	V	L	I	F	Y	W	H	M	C	P
0	0.00902	0.00651	0.00832	0.00793	0.00931	0.00595	0.00585	0.01142	0.01663	0.02354	0.71034	0.08256	0.05420	0.01267	0.00721	0.00200	0.00308	0.01101	0.00658	0.00588
1	0.01071	0.00879	0.01055	0.00816	0.01199	0.00696	0.00640	0.01335	0.01360	0.02048	0.27227	0.02308	0.02486	0.00697	0.00520	0.00120	0.00376	0.00593	0.00448	0.54124
2	0.00845	0.00567	0.00650	0.00650	0.00655	0.00572	0.00372	0.00856	0.00850	0.01139	0.01818	0.03727	0.02080	0.75702	0.06774	0.00583	0.00615	0.00834	0.00350	0.00361
3	0.01201	0.09903	0.69960	0.01598	0.02425	0.01436	0.02045	0.01833	0.01224	0.01799	0.01023	0.01201	0.00738	0.00548	0.00536	0.00179	0.00838	0.00419	0.00246	0.00849
4	0.02079	0.01005	0.01488	0.28119	0.02370	0.01008	0.01122	0.02361	0.01488	0.50054	0.01852	0.01829	0.01206	0.00671	0.00584	0.00185	0.00593	0.00561	0.00558	0.00869
5	0.54671	0.00920	0.00745	0.00687	0.00968	0.01037	0.00551	0.01585	0.01070	0.02454	0.01192	0.01374	0.00932	0.00588	0.00376	0.00164	0.00387	0.00395	0.29305	0.00599
6	0.01188	0.01216	0.02449	0.01813	0.02195	0.01152	0.48025	0.01506	0.01188	0.01605	0.01407	0.02354	0.01315	0.28256	0.01485	0.00325	0.00834	0.00742	0.00315	0.00633
7	0.00788	0.00582	0.00843	0.00891	0.00970	0.00638	0.00661	0.00958	0.00997	0.01397	0.02136	0.29287	0.02294	0.03470	0.50390	0.00689	0.01129	0.00985	0.00392	0.00503
8	0.01325	0.00938	0.01024	0.00881	0.01045	0.00999	0.00617	0.26532	0.01509	0.02019	0.01679	0.02959	0.01719	0.51870	0.02125	0.00427	0.00591	0.00733	0.00433	0.00576
9	0.01706	0.01996	0.01292	0.01195	0.01389	0.50308	0.00853	0.01804	0.01366	0.01319	0.01227	0.02017	0.01228	0.28327	0.01380	0.00295	0.00878	0.00540	0.00318	0.00561
10	0.01319	0.01259	0.02144	0.29763	0.50678	0.01350	0.01725	0.01680	0.01267	0.01754	0.01073	0.01478	0.00870	0.00540	0.00578	0.00180	0.00720	0.00518	0.00278	0.00825
11	0.00743	0.00580	0.00605	0.00605	0.00732	0.00517	0.00410	0.00838	0.01157	0.01415	0.04466	0.04968	0.49861	0.28894	0.01485	0.00325	0.00389	0.01093	0.00474	0.00442
12	0.01373	0.01569	0.03431	0.02451	0.03039	0.01471	0.73824	0.01863	0.01373	0.01863	0.01176	0.01569	0.00882	0.00490	0.00686	0.00196	0.00980	0.00686	0.00294	0.00784

[dist]
# distance from previous block
# <min> <max>
0	47

[block]
# block no. 1 follows, 40 sequences, length 7
# corresponding to MSA columns:
# 298-304
name=unknown_B
#
# <colnr> <probs for GDERKNQSTAVLIFYWHMCP>
#	G	D	E	R	K	N	Q	S	T	A	V	L	I	F	Y	W	H	M	C	P
0	0.02609	0.00990	0.01350	0.01035	0.01484	0.00855	0.00855	0.02834	0.01664	0.76338	0.02294	0.01979	0.01439	0.00720	0.00585	0.00180	0.00495	0.00585	0.00720	0.00990
1	0.01662	0.01453	0.02183	0.02926	0.54566	0.01503	0.01589	0.22601	0.01731	0.02409	0.01181	0.01427	0.00941	0.00570	0.00577	0.00173	0.00676	0.00520	0.00373	0.00941
2	0.01268	0.07142	0.50765	0.02169	0.23620	0.01416	0.01975	0.01819	0.01253	0.01830	0.01044	0.01271	0.00790	0.00539	0.00548	0.00177	0.00797	0.00448	0.00258	0.00870
3	0.59756	0.00946	0.00803	0.00778	0.01044	0.01065	0.00604	0.01450	0.01025	0.02285	0.01500	0.23498	0.01557	0.00909	0.00470	0.00196	0.00417	0.00701	0.00412	0.00584
4	0.01266	0.01309	0.02214	0.01760	0.01948	0.01599	0.23364	0.01511	0.01041	0.01537	0.00955	0.01447	0.00857	0.01135	0.07794	0.00293	0.48455	0.00573	0.00271	0.00672
5	0.01342	0.01328	0.02179	0.24568	0.34230	0.03911	0.10611	0.01757	0.04640	0.01761	0.01121	0.01492	0.00898	0.00568	0.00647	0.00183	0.04374	0.00534	0.00295	0.03559
6	0.00742	0.00532	0.00704	0.00787	0.00851	0.00494	0.00542	0.00893	0.01267	0.01729	0.24082	0.57610	0.04319	0.01639	0.00726	0.00221	0.00319	0.01480	0.00569	0.00494

[dist]
# distance from previous block
# <min> <max>
5	17

# created by:
# /software/SequenceAnalysis/GenePrediction/augustus/3.0.1/scripts/msa2prfl.pl ./fixed/BUSCOvEOG7J3XXQ.fas
