[name]
unknown

[dist]
# distance from previous block
# <min> <max>
0	137

[block]
# block no. 0 follows, 41 sequences, length 35
# corresponding to MSA columns:
# 140-174
name=unknown_A
#
# <colnr> <probs for GDERKNQSTAVLIFYWHMCP>
#	G	D	E	R	K	N	Q	S	T	A	V	L	I	F	Y	W	H	M	C	P
0	0.01548	0.77806	0.02954	0.00994	0.01478	0.04631	0.00983	0.01731	0.01177	0.01347	0.00798	0.00921	0.00734	0.00493	0.00372	0.00123	0.00625	0.00308	0.00246	0.00732
1	0.00683	0.00553	0.00607	0.00649	0.00791	0.00477	0.00466	0.00813	0.01237	0.01518	0.04944	0.29329	0.52822	0.01559	0.00693	0.00206	0.00303	0.01342	0.00531	0.00477
2	0.00680	0.00563	0.00597	0.00624	0.00784	0.00479	0.00454	0.00816	0.01261	0.01528	0.05251	0.20722	0.61232	0.01519	0.00687	0.00201	0.00298	0.01293	0.00531	0.00479
3	0.07250	0.02625	0.01572	0.01428	0.01727	0.72831	0.01075	0.02246	0.01580	0.01473	0.00879	0.01025	0.00729	0.00586	0.00506	0.00149	0.00995	0.00365	0.00298	0.00660
4	0.83938	0.01106	0.00841	0.00752	0.01106	0.01283	0.00619	0.01681	0.00973	0.02566	0.00796	0.00929	0.00619	0.00531	0.00354	0.00177	0.00442	0.00310	0.00354	0.00619
5	0.02481	0.00955	0.01300	0.01003	0.01431	0.00826	0.00826	0.02705	0.01636	0.73113	0.05838	0.02060	0.01609	0.00730	0.00580	0.00177	0.00476	0.00598	0.00704	0.00952
6	0.01350	0.01543	0.03375	0.02411	0.02989	0.01446	0.74253	0.01832	0.01350	0.01832	0.01157	0.01543	0.00868	0.00482	0.00675	0.00193	0.00964	0.00675	0.00289	0.00771
7	0.01147	0.02959	0.76934	0.01630	0.02476	0.01328	0.02113	0.01811	0.01208	0.01811	0.01026	0.01208	0.00725	0.00543	0.00543	0.00181	0.00845	0.00423	0.00242	0.00845
8	0.01401	0.01377	0.02413	0.03195	0.60435	0.01387	0.12103	0.01806	0.04282	0.01869	0.01128	0.01458	0.00930	0.00532	0.00624	0.00177	0.03172	0.00539	0.00295	0.00878
9	0.01066	0.00533	0.00533	0.00533	0.00666	0.00533	0.00400	0.01333	0.01200	0.02132	0.01866	0.02132	0.01466	0.00666	0.00400	0.00133	0.00267	0.00533	0.83073	0.00533
10	0.00972	0.04759	0.31615	0.01094	0.01532	0.00926	0.01190	0.01394	0.01427	0.02042	0.40985	0.02929	0.05046	0.00896	0.00609	0.00178	0.00517	0.00762	0.00455	0.00670
11	0.00697	0.00498	0.00664	0.00796	0.00830	0.00465	0.00531	0.00796	0.01095	0.01460	0.03153	0.79525	0.03783	0.01792	0.00730	0.00232	0.00332	0.01626	0.00531	0.00465
12	0.01186	0.01017	0.01186	0.00847	0.01356	0.00762	0.00678	0.01440	0.01186	0.01864	0.01017	0.01186	0.00847	0.00424	0.00424	0.00085	0.00424	0.00339	0.00339	0.83395
13	0.01225	0.01040	0.01207	0.00866	0.01372	0.00803	0.00694	0.04330	0.01246	0.01933	0.01031	0.01193	0.00852	0.00434	0.00429	0.00088	0.00432	0.00346	0.00348	0.80132
14	0.00882	0.00630	0.00876	0.01008	0.01122	0.00624	0.00852	0.01116	0.01277	0.01667	0.03051	0.19502	0.03380	0.01618	0.00779	0.00258	0.00492	0.59826	0.00527	0.00516
15	0.01505	0.75411	0.07619	0.01019	0.01531	0.02205	0.01050	0.01719	0.01165	0.01375	0.00810	0.00936	0.00733	0.00493	0.00378	0.00126	0.00626	0.00313	0.00244	0.00741
16	0.83938	0.01106	0.00841	0.00752	0.01106	0.01283	0.00619	0.01681	0.00973	0.02566	0.00796	0.00929	0.00619	0.00531	0.00354	0.00177	0.00442	0.00310	0.00354	0.00619
17	0.00822	0.00593	0.00817	0.00817	0.00884	0.00660	0.00588	0.00956	0.00889	0.01252	0.01625	0.02764	0.01654	0.30397	0.51831	0.00793	0.01195	0.00688	0.00320	0.00454
18	0.01186	0.01017	0.01186	0.00847	0.01356	0.00762	0.00678	0.01440	0.01186	0.01864	0.01017	0.01186	0.00847	0.00424	0.00424	0.00085	0.00424	0.00339	0.00339	0.83395
19	0.01251	0.01251	0.01752	0.01502	0.01502	0.01752	0.01251	0.01377	0.00876	0.01377	0.00751	0.01251	0.00751	0.01001	0.01877	0.00250	0.78851	0.00501	0.00250	0.00626
20	0.01066	0.00533	0.00533	0.00533	0.00666	0.00533	0.00400	0.01333	0.01200	0.02132	0.01866	0.02132	0.01466	0.00666	0.00400	0.00133	0.00267	0.00533	0.83073	0.00533
21	0.01147	0.02959	0.76934	0.01630	0.02476	0.01328	0.02113	0.01811	0.01208	0.01811	0.01026	0.01208	0.00725	0.00543	0.00543	0.00181	0.00845	0.00423	0.00242	0.00845
22	0.80426	0.01127	0.00878	0.00776	0.01135	0.01304	0.00640	0.04806	0.01047	0.02611	0.00821	0.00948	0.00635	0.00538	0.00363	0.00177	0.00450	0.00319	0.00363	0.00635
23	0.01416	0.01359	0.02322	0.03511	0.76330	0.01359	0.01755	0.01755	0.01302	0.01869	0.01076	0.01416	0.00906	0.00510	0.00566	0.00170	0.00680	0.00510	0.00283	0.00906
24	0.00689	0.00575	0.00601	0.00606	0.00784	0.00487	0.00450	0.00842	0.01318	0.01607	0.11909	0.10207	0.65069	0.01446	0.00679	0.00195	0.00291	0.01219	0.00540	0.00487
25	0.01416	0.01359	0.02322	0.03511	0.76330	0.01359	0.01755	0.01755	0.01302	0.01869	0.01076	0.01416	0.00906	0.00510	0.00566	0.00170	0.00680	0.00510	0.00283	0.00906
26	0.09203	0.00557	0.00755	0.00746	0.00781	0.00575	0.00509	0.00838	0.00768	0.01149	0.00974	0.01659	0.00957	0.01843	0.02049	0.75125	0.00491	0.00478	0.00259	0.00285
27	0.00922	0.00658	0.00922	0.01053	0.01185	0.00658	0.00922	0.01185	0.01317	0.01712	0.03029	0.06452	0.03292	0.01580	0.00790	0.00263	0.00527	0.72480	0.00527	0.00527
28	0.09568	0.01325	0.02176	0.06239	0.64169	0.01350	0.03409	0.01738	0.01265	0.01920	0.01048	0.01375	0.00871	0.00514	0.00548	0.00172	0.00666	0.00494	0.00289	0.00863
29	0.01456	0.63207	0.08360	0.01014	0.01474	0.05168	0.01008	0.01657	0.01152	0.01360	0.00916	0.01224	0.00867	0.08357	0.00639	0.00171	0.00641	0.00369	0.00257	0.00701
30	0.00897	0.00651	0.00888	0.01006	0.01144	0.00641	0.00874	0.01149	0.01315	0.01695	0.03302	0.06358	0.10498	0.01567	0.00779	0.00256	0.00503	0.65426	0.00527	0.00522
31	0.00994	0.00497	0.00745	0.00745	0.00745	0.00497	0.00497	0.00745	0.00745	0.00994	0.00994	0.01739	0.00994	0.01987	0.02235	0.83358	0.00497	0.00497	0.00248	0.00248
32	0.01107	0.01069	0.01880	0.70990	0.03845	0.01288	0.08781	0.01498	0.01164	0.01498	0.01031	0.01527	0.00773	0.00563	0.00582	0.00191	0.00782	0.00525	0.00258	0.00649
33	0.02035	0.01546	0.01740	0.01520	0.09128	0.01703	0.01138	0.61096	0.08791	0.03329	0.01426	0.01443	0.01033	0.00677	0.00572	0.00173	0.00619	0.00526	0.00544	0.00960
34	0.01589	0.72570	0.02861	0.01028	0.01498	0.09720	0.00991	0.01769	0.01208	0.01351	0.00804	0.00929	0.00734	0.00499	0.00382	0.00125	0.00653	0.00312	0.00250	0.00727

[dist]
# distance from previous block
# <min> <max>
0	1

[block]
# block no. 1 follows, 41 sequences, length 311
# corresponding to MSA columns:
# 176-486
name=unknown_B
#
# <colnr> <probs for GDERKNQSTAVLIFYWHMCP>
#	G	D	E	R	K	N	Q	S	T	A	V	L	I	F	Y	W	H	M	C	P
0	0.01449	0.01152	0.01320	0.00990	0.01482	0.00933	0.00778	0.08394	0.01425	0.04636	0.01283	0.03396	0.01082	0.00587	0.00511	0.00127	0.00491	0.00443	0.00424	0.69096
1	0.01205	0.00639	0.00641	0.00635	0.00779	0.00619	0.00466	0.01429	0.01284	0.02248	0.01985	0.02303	0.01583	0.00756	0.00462	0.00159	0.00318	0.00576	0.81307	0.00606
2	0.00961	0.00715	0.01009	0.01000	0.01116	0.00786	0.00763	0.01128	0.01052	0.01519	0.06107	0.02536	0.01785	0.04113	0.71405	0.00884	0.01481	0.00679	0.00373	0.00586
3	0.08196	0.01125	0.01383	0.01092	0.01532	0.02871	0.00878	0.02683	0.01639	0.63728	0.02158	0.01982	0.01428	0.00764	0.00607	0.00196	0.00540	0.00580	0.00690	0.05927
4	0.05839	0.37719	0.12629	0.01351	0.01846	0.16072	0.05571	0.05831	0.04348	0.01803	0.01099	0.01285	0.00921	0.00632	0.00518	0.00174	0.00773	0.00428	0.00341	0.00821
5	0.00998	0.00762	0.01102	0.01167	0.05624	0.00835	0.00836	0.01169	0.01033	0.01494	0.01631	0.02365	0.01516	0.04074	0.71399	0.00883	0.01505	0.00648	0.00352	0.00608
6	0.77377	0.01296	0.00988	0.00892	0.01249	0.05910	0.00709	0.01806	0.01102	0.02603	0.00944	0.01132	0.00762	0.00627	0.00426	0.00200	0.00525	0.00361	0.00397	0.00693
7	0.00946	0.00689	0.00856	0.00809	0.00958	0.00622	0.00596	0.01166	0.01676	0.02361	0.70328	0.04469	0.09650	0.01264	0.00730	0.00206	0.00323	0.01077	0.00664	0.00609
8	0.01638	0.73870	0.02943	0.01063	0.01556	0.02222	0.01014	0.01785	0.01249	0.01510	0.00951	0.01130	0.00874	0.00578	0.00433	0.00146	0.00645	0.00356	0.00299	0.05739
9	0.77313	0.01165	0.00923	0.00836	0.01183	0.01308	0.00667	0.01749	0.01077	0.02647	0.01003	0.01197	0.00805	0.00631	0.00419	0.00199	0.00480	0.00371	0.05340	0.00686
10	0.02176	0.01608	0.01724	0.01358	0.01795	0.01744	0.01098	0.65549	0.05718	0.03559	0.06002	0.01765	0.01397	0.00808	0.00637	0.00198	0.00644	0.00595	0.00617	0.01008
11	0.01546	0.01311	0.01401	0.01255	0.01566	0.01486	0.00970	0.05900	0.63353	0.02459	0.02440	0.02353	0.04699	0.00899	0.00720	0.00221	0.05183	0.00695	0.00601	0.00940
12	0.01205	0.00639	0.00641	0.00635	0.00779	0.00619	0.00466	0.01429	0.01284	0.02248	0.01985	0.02303	0.01583	0.00756	0.00462	0.00159	0.00318	0.00576	0.81307	0.00606
13	0.02200	0.01624	0.01730	0.01356	0.01802	0.01755	0.01099	0.68522	0.02659	0.03565	0.01767	0.01807	0.05587	0.00821	0.00636	0.00198	0.00653	0.00600	0.00611	0.01007
14	0.00968	0.00657	0.00732	0.00734	0.00749	0.00635	0.00425	0.00937	0.00941	0.01268	0.02003	0.08404	0.02285	0.73587	0.02788	0.00552	0.00587	0.00916	0.00404	0.00431
15	0.01001	0.00702	0.00797	0.00776	0.00790	0.00712	0.00468	0.00972	0.00927	0.01263	0.01860	0.03729	0.02104	0.73540	0.02856	0.00553	0.05276	0.00848	0.00387	0.00441
16	0.00864	0.00742	0.00853	0.00789	0.01015	0.00627	0.04908	0.00989	0.01389	0.01691	0.05550	0.05364	0.70087	0.01463	0.00732	0.00218	0.00381	0.01204	0.00559	0.00574
17	0.00961	0.00715	0.01009	0.01000	0.01116	0.00786	0.00763	0.01128	0.01052	0.01519	0.06107	0.02536	0.01785	0.04113	0.71405	0.00884	0.01481	0.00679	0.00373	0.00586
18	0.00888	0.00648	0.00806	0.00914	0.00978	0.00609	0.00616	0.01039	0.05614	0.01646	0.03194	0.73377	0.03728	0.01796	0.00776	0.00254	0.00389	0.01587	0.00576	0.00566
19	0.02228	0.01766	0.06290	0.01419	0.01904	0.01806	0.01199	0.68581	0.02653	0.03581	0.01482	0.01550	0.01086	0.00767	0.00628	0.00197	0.00686	0.00553	0.00594	0.01029
20	0.01346	0.02930	0.70876	0.01689	0.02506	0.01424	0.02080	0.06234	0.01381	0.02041	0.01185	0.01408	0.00872	0.00644	0.00604	0.00206	0.00871	0.00474	0.00310	0.00919
21	0.00975	0.00705	0.00882	0.00831	0.00979	0.00638	0.00612	0.01196	0.01706	0.02422	0.74304	0.04414	0.05432	0.01259	0.00738	0.00209	0.00329	0.01071	0.00676	0.00623
22	0.01305	0.03019	0.75141	0.01719	0.02559	0.01407	0.02146	0.01910	0.01305	0.01952	0.01184	0.01425	0.00877	0.00649	0.00610	0.00210	0.00890	0.00475	0.00297	0.00921
23	0.02269	0.02792	0.01717	0.01566	0.01869	0.75767	0.01163	0.02371	0.01708	0.01551	0.01045	0.01254	0.00889	0.00693	0.00583	0.00177	0.01071	0.00422	0.00349	0.00744
24	0.01155	0.00619	0.00863	0.00856	0.00872	0.00596	0.00570	0.00870	0.00854	0.01155	0.01152	0.01943	0.01139	0.02056	0.02260	0.81300	0.00550	0.00547	0.00304	0.00339
25	0.01226	0.00654	0.00656	0.00649	0.00795	0.00632	0.00475	0.01443	0.01297	0.02265	0.02002	0.02327	0.01600	0.00768	0.00470	0.00163	0.00326	0.00582	0.81051	0.00617
26	0.01342	0.01126	0.01293	0.00956	0.01467	0.00855	0.00746	0.01548	0.01284	0.02003	0.01174	0.01404	0.00997	0.00532	0.00494	0.00116	0.00479	0.00393	0.00392	0.81400
27	0.01334	0.01255	0.01829	0.34142	0.02640	0.01616	0.01448	0.01522	0.01094	0.01564	0.01027	0.01584	0.00907	0.00913	0.01359	0.00252	0.43940	0.00554	0.00307	0.00711
28	0.00866	0.00620	0.00783	0.00906	0.00954	0.00565	0.00603	0.00920	0.01195	0.01610	0.03257	0.77778	0.03859	0.01866	0.00792	0.00260	0.00389	0.01648	0.00579	0.00550
29	0.01339	0.01126	0.01309	0.03387	0.01548	0.00871	0.00775	0.01549	0.01282	0.01991	0.01174	0.01415	0.00994	0.00536	0.00498	0.00119	0.00489	0.00398	0.00390	0.78810
30	0.01155	0.00619	0.00863	0.00856	0.00872	0.00596	0.00570	0.00870	0.00854	0.01155	0.01152	0.01943	0.01139	0.02056	0.02260	0.81300	0.00550	0.00547	0.00304	0.00339
31	0.01239	0.01126	0.01809	0.76683	0.03986	0.01351	0.01634	0.01569	0.01242	0.01611	0.01174	0.01735	0.00914	0.00676	0.00638	0.00219	0.00809	0.00558	0.00310	0.00717
32	0.04033	0.01075	0.01352	0.01098	0.01495	0.00972	0.00872	0.05446	0.06544	0.56222	0.06431	0.05192	0.04592	0.00900	0.00652	0.00209	0.00518	0.00706	0.00714	0.00975
33	0.01512	0.01400	0.02300	0.07094	0.64844	0.01385	0.03304	0.01802	0.01409	0.02012	0.05707	0.01807	0.01314	0.00658	0.00642	0.00201	0.00714	0.00594	0.00357	0.00942
34	0.02164	0.02605	0.01655	0.01511	0.01813	0.67414	0.01124	0.02372	0.07062	0.01628	0.01329	0.01497	0.03703	0.00738	0.00594	0.00182	0.01002	0.00472	0.00379	0.00755
35	0.01252	0.01036	0.01208	0.02640	0.01428	0.00814	0.00736	0.01435	0.01274	0.01926	0.01652	0.12644	0.04185	0.00766	0.00549	0.00143	0.00468	0.00611	0.00425	0.64807
36	0.04449	0.01392	0.01239	0.01183	0.01367	0.24184	0.00893	0.01549	0.01256	0.01573	0.03340	0.02072	0.01425	0.02959	0.47536	0.00649	0.01335	0.00585	0.00367	0.00646
37	0.01341	0.10485	0.67998	0.01656	0.02462	0.01497	0.02036	0.01900	0.01300	0.01907	0.01161	0.01397	0.00878	0.00643	0.00593	0.00204	0.00867	0.00463	0.00298	0.00911
38	0.01319	0.05870	0.72414	0.01695	0.02522	0.01441	0.02104	0.01906	0.01303	0.01935	0.01175	0.01415	0.00877	0.00647	0.00604	0.00208	0.00881	0.00470	0.00297	0.00917
39	0.02287	0.01053	0.01337	0.01103	0.01492	0.00944	0.00875	0.02595	0.09221	0.55228	0.02579	0.07783	0.04514	0.00940	0.00660	0.00213	0.00519	0.03120	0.00706	0.02832
40	0.01677	0.78364	0.03059	0.01084	0.01577	0.02318	0.01040	0.01814	0.01260	0.01498	0.00958	0.01143	0.00886	0.00596	0.00438	0.00152	0.00662	0.00361	0.00300	0.00813
41	0.01388	0.03352	0.02188	0.22057	0.02546	0.01645	0.15853	0.01607	0.01153	0.01640	0.01067	0.01590	0.00928	0.00866	0.01290	0.00247	0.38945	0.00582	0.00314	0.00741
42	0.01968	0.02246	0.01861	0.07075	0.19789	0.47840	0.01333	0.02186	0.04262	0.01701	0.01168	0.01449	0.00985	0.00774	0.02555	0.00206	0.00961	0.00481	0.00354	0.00805
43	0.10556	0.01634	0.01641	0.01330	0.01754	0.06228	0.01063	0.48184	0.11849	0.06945	0.01601	0.01648	0.01191	0.00779	0.00614	0.00203	0.00654	0.00555	0.00589	0.00982
44	0.00994	0.00793	0.01201	0.01155	0.01301	0.00732	0.10882	0.01138	0.01305	0.01768	0.09562	0.51024	0.03539	0.01601	0.00787	0.00253	0.00496	0.10306	0.00554	0.00607
45	0.02394	0.00947	0.01273	0.00996	0.01410	0.00827	0.00815	0.02643	0.03452	0.69118	0.02431	0.04953	0.04459	0.00779	0.00585	0.00180	0.00472	0.00641	0.00691	0.00934
46	0.01170	0.05270	0.69763	0.01652	0.04277	0.01375	0.02035	0.01790	0.01196	0.01781	0.01010	0.01206	0.00731	0.00559	0.00591	0.00182	0.03913	0.00424	0.00243	0.00835
47	0.00735	0.00612	0.00632	0.00616	0.00812	0.00529	0.00465	0.03149	0.01377	0.01680	0.12266	0.05259	0.67093	0.01398	0.00673	0.00191	0.00298	0.01169	0.00542	0.00504
48	0.01127	0.01096	0.01795	0.72324	0.03824	0.03669	0.05189	0.01506	0.01169	0.01478	0.01019	0.01510	0.00767	0.00568	0.00575	0.00189	0.00781	0.00512	0.00257	0.00643
49	0.01426	0.01262	0.01311	0.01218	0.03374	0.03781	0.00921	0.02926	0.69212	0.02327	0.02340	0.02168	0.03606	0.00781	0.00582	0.00192	0.00472	0.00649	0.00564	0.00887
50	0.01631	0.60819	0.05015	0.01076	0.01556	0.06134	0.01033	0.11365	0.03772	0.01694	0.00933	0.01032	0.00798	0.00532	0.00414	0.00134	0.00638	0.00351	0.00301	0.00771
51	0.00819	0.00554	0.00631	0.00635	0.00649	0.00547	0.00367	0.00841	0.00894	0.01192	0.05265	0.07592	0.04627	0.70087	0.02634	0.00511	0.00523	0.00892	0.00374	0.00365
52	0.01878	0.19909	0.06817	0.01318	0.01694	0.45404	0.01110	0.05073	0.01496	0.04242	0.00980	0.01134	0.00809	0.00782	0.04848	0.00190	0.00917	0.00385	0.00307	0.00707
53	0.07211	0.05779	0.10689	0.00902	0.01234	0.00873	0.04413	0.03057	0.03593	0.01739	0.03737	0.09382	0.40927	0.01117	0.00608	0.00186	0.00445	0.00933	0.00449	0.02726
54	0.00712	0.00514	0.00680	0.00798	0.00846	0.00474	0.00536	0.00817	0.01098	0.01473	0.03086	0.77073	0.03691	0.01749	0.00720	0.00228	0.00335	0.01586	0.00525	0.03060
55	0.00824	0.00625	0.00932	0.00930	0.01027	0.00733	0.00723	0.01023	0.00924	0.01333	0.01563	0.04641	0.01487	0.04129	0.73324	0.00881	0.03434	0.00642	0.00312	0.00512
56	0.07095	0.01495	0.01789	0.15271	0.10555	0.06413	0.04116	0.38507	0.01962	0.02671	0.01177	0.01357	0.00878	0.00634	0.00605	0.00177	0.03530	0.00496	0.00429	0.00842
57	0.00972	0.00713	0.00936	0.00994	0.01152	0.00721	0.00841	0.03938	0.06189	0.01933	0.17104	0.05544	0.05352	0.01413	0.00744	0.00238	0.00470	0.49628	0.00552	0.00569
58	0.01017	0.00727	0.00988	0.01114	0.01253	0.00714	0.00958	0.01252	0.01372	0.01795	0.03091	0.06502	0.03343	0.01626	0.00826	0.00279	0.00557	0.71455	0.00555	0.00576
59	0.01763	0.01466	0.02205	0.02769	0.48068	0.01484	0.05161	0.20504	0.01736	0.06864	0.01318	0.01567	0.01038	0.00627	0.00613	0.00189	0.00698	0.00552	0.00415	0.00964
60	0.01426	0.01364	0.02346	0.19364	0.52441	0.01395	0.09130	0.01759	0.01329	0.01860	0.01163	0.01576	0.00958	0.00582	0.00617	0.00193	0.00755	0.00555	0.00310	0.00878
61	0.01314	0.01273	0.01800	0.14175	0.01964	0.01713	0.01338	0.01454	0.00981	0.01479	0.00890	0.01423	0.00841	0.00985	0.01683	0.00256	0.64940	0.00531	0.00283	0.00675
62	0.01239	0.02994	0.75887	0.01682	0.02524	0.01374	0.02132	0.01869	0.01264	0.01894	0.01118	0.01335	0.00814	0.00605	0.00583	0.00198	0.00871	0.00453	0.00274	0.00890
63	0.01239	0.02994	0.75887	0.01682	0.02524	0.01374	0.02132	0.01869	0.01264	0.01894	0.01118	0.01335	0.00814	0.00605	0.00583	0.00198	0.00871	0.00453	0.00274	0.00890
64	0.00928	0.00625	0.00694	0.00690	0.00700	0.00612	0.00391	0.00904	0.00894	0.01201	0.01883	0.03833	0.02149	0.78797	0.02916	0.00566	0.00585	0.00856	0.00378	0.00398
65	0.01173	0.01080	0.01770	0.77449	0.03967	0.01317	0.01615	0.01524	0.01201	0.01549	0.01109	0.01648	0.00851	0.00633	0.00611	0.00207	0.00790	0.00537	0.00287	0.00683
66	0.01088	0.00568	0.00814	0.00810	0.00819	0.00555	0.00539	0.00818	0.00809	0.01088	0.01086	0.01858	0.01079	0.02027	0.02250	0.82157	0.00528	0.00526	0.00281	0.00301
67	0.01017	0.00727	0.00988	0.01114	0.01253	0.00714	0.00958	0.01252	0.01372	0.01795	0.03091	0.06502	0.03343	0.01626	0.00826	0.00279	0.00557	0.71455	0.00555	0.00576
68	0.01231	0.01004	0.01506	0.47361	0.02927	0.01150	0.01340	0.01647	0.07606	0.05433	0.01854	0.02946	0.03251	0.00909	0.00664	0.00224	0.00685	0.17163	0.00406	0.00694
69	0.00804	0.00575	0.00743	0.00870	0.00915	0.00530	0.00587	0.00883	0.01161	0.01557	0.03209	0.75848	0.03809	0.01827	0.00769	0.00249	0.00372	0.04216	0.00559	0.00517
70	0.01173	0.01080	0.01770	0.77449	0.03967	0.01317	0.01615	0.01524	0.01201	0.01549	0.01109	0.01648	0.00851	0.00633	0.00611	0.00207	0.00790	0.00537	0.00287	0.00683
71	0.00775	0.00650	0.00651	0.00647	0.00846	0.00541	0.00478	0.00893	0.01359	0.01631	0.05816	0.05569	0.75083	0.01497	0.00713	0.00210	0.00324	0.01226	0.00559	0.00533
72	0.01239	0.01139	0.01872	0.60494	0.18615	0.01318	0.01625	0.01568	0.01225	0.01621	0.01120	0.01630	0.00885	0.00651	0.00646	0.02025	0.00767	0.00537	0.00292	0.00729
73	0.01173	0.01080	0.01770	0.77449	0.03967	0.01317	0.01615	0.01524	0.01201	0.01549	0.01109	0.01648	0.00851	0.00633	0.00611	0.00207	0.00790	0.00537	0.00287	0.00683
74	0.01017	0.00727	0.00988	0.01114	0.01253	0.00714	0.00958	0.01252	0.01372	0.01795	0.03091	0.06502	0.03343	0.01626	0.00826	0.00279	0.00557	0.71455	0.00555	0.00576
75	0.02523	0.05845	0.04276	0.01099	0.01562	0.00997	0.00933	0.02731	0.01643	0.68446	0.02198	0.01974	0.01429	0.00748	0.00600	0.00191	0.00539	0.00582	0.00689	0.00997
76	0.01673	0.55410	0.14930	0.01180	0.01714	0.06544	0.01197	0.01909	0.01293	0.07624	0.01052	0.01187	0.00877	0.00584	0.00463	0.00155	0.00694	0.00383	0.00317	0.00813
77	0.02282	0.01074	0.01361	0.01067	0.01510	0.00946	0.00859	0.02638	0.09915	0.55068	0.02135	0.01960	0.01439	0.00728	0.00590	0.00181	0.00504	0.00573	0.00659	0.14513
78	0.01088	0.00568	0.00814	0.00810	0.00819	0.00555	0.00539	0.00818	0.00809	0.01088	0.01086	0.01858	0.01079	0.02027	0.02250	0.82157	0.00528	0.00526	0.00281	0.00301
79	0.00794	0.00648	0.00678	0.00672	0.00859	0.00548	0.00495	0.00928	0.01398	0.01733	0.15496	0.07255	0.63459	0.01467	0.00714	0.00209	0.00322	0.01213	0.00573	0.00540
80	0.05647	0.01870	0.15858	0.02058	0.02648	0.03952	0.44958	0.11453	0.01546	0.02166	0.01226	0.01537	0.00927	0.00588	0.00655	0.00202	0.00900	0.00608	0.00353	0.00845
81	0.02637	0.01038	0.01388	0.01078	0.01524	0.00894	0.00878	0.02831	0.01687	0.75711	0.02330	0.02063	0.01495	0.00767	0.00614	0.00194	0.00518	0.00603	0.00734	0.01016
82	0.00838	0.00660	0.00691	0.00674	0.00873	0.00557	0.00501	0.00973	0.01405	0.03606	0.14070	0.05333	0.64812	0.01445	0.00710	0.00208	0.00326	0.01190	0.00576	0.00552
83	0.01414	0.01400	0.05169	0.21140	0.55321	0.01382	0.01754	0.01747	0.01317	0.01852	0.01151	0.01557	0.00951	0.00588	0.00605	0.00192	0.00734	0.00535	0.00307	0.00883
84	0.02251	0.01657	0.01771	0.01372	0.01833	0.01813	0.01121	0.73417	0.02724	0.03661	0.01460	0.01498	0.01058	0.00746	0.00611	0.00188	0.00659	0.00544	0.00600	0.01015
85	0.00795	0.00569	0.00734	0.00860	0.00902	0.00523	0.00573	0.00869	0.01153	0.01547	0.03213	0.78505	0.03827	0.01835	0.00766	0.00248	0.00365	0.01639	0.00559	0.00515
86	0.02637	0.01038	0.01388	0.01078	0.01524	0.00894	0.00878	0.02831	0.01687	0.75711	0.02330	0.02063	0.01495	0.00767	0.00614	0.00194	0.00518	0.00603	0.00734	0.01016
87	0.06114	0.08686	0.49991	0.01484	0.02164	0.04212	0.01715	0.03774	0.04027	0.06853	0.01307	0.01607	0.01011	0.00670	0.00572	0.00195	0.00780	0.03631	0.00346	0.00861
88	0.01522	0.01452	0.02350	0.03484	0.73416	0.03328	0.01763	0.01827	0.01366	0.01938	0.01162	0.01530	0.00988	0.00574	0.00604	0.00186	0.00717	0.00535	0.00315	0.00943
89	0.01439	0.01599	0.03405	0.02451	0.03031	0.01491	0.73215	0.01889	0.01405	0.01914	0.01247	0.01665	0.00955	0.00544	0.00712	0.00209	0.00989	0.00702	0.00321	0.00817
90	0.02175	0.07769	0.01766	0.01496	0.01808	0.71667	0.01131	0.02298	0.01642	0.01485	0.00972	0.01154	0.00825	0.00644	0.00546	0.00163	0.01028	0.00395	0.00323	0.00715
91	0.00795	0.00569	0.00734	0.00860	0.00902	0.00523	0.00573	0.00869	0.01153	0.01547	0.03213	0.78505	0.03827	0.01835	0.00766	0.00248	0.00365	0.01639	0.00559	0.00515
92	0.08789	0.02650	0.61554	0.01565	0.02303	0.01377	0.01889	0.01910	0.03936	0.03865	0.01166	0.01364	0.00860	0.00633	0.00617	0.00200	0.03689	0.00458	0.00309	0.00867
93	0.01494	0.01425	0.02254	0.07017	0.62716	0.03390	0.01698	0.01819	0.03203	0.01897	0.01168	0.01542	0.00991	0.00617	0.00695	0.00193	0.06111	0.00538	0.00319	0.00910
94	0.01173	0.01080	0.01770	0.77449	0.03967	0.01317	0.01615	0.01524	0.01201	0.01549	0.01109	0.01648	0.00851	0.00633	0.00611	0.00207	0.00790	0.00537	0.00287	0.00683
95	0.01465	0.01380	0.02291	0.11127	0.66045	0.01405	0.01750	0.01774	0.01331	0.01896	0.01153	0.01547	0.00974	0.00590	0.00638	0.00191	0.02677	0.00538	0.00311	0.00915
96	0.01208	0.01126	0.01882	0.69030	0.08975	0.01331	0.04670	0.01560	0.01221	0.01593	0.01119	0.01641	0.00865	0.00625	0.00614	0.00206	0.00792	0.00544	0.00290	0.00707
97	0.01504	0.01418	0.02367	0.03535	0.75297	0.01404	0.01780	0.01814	0.01358	0.01950	0.01167	0.01540	0.00992	0.00572	0.00605	0.00187	0.00708	0.00539	0.00315	0.00950
98	0.01504	0.01418	0.02367	0.03535	0.75297	0.01404	0.01780	0.01814	0.01358	0.01950	0.01167	0.01540	0.00992	0.00572	0.00605	0.00187	0.00708	0.00539	0.00315	0.00950
99	0.00835	0.00642	0.00743	0.00715	0.00881	0.00564	0.00530	0.01027	0.01527	0.02037	0.45099	0.04870	0.35688	0.01333	0.00707	0.00200	0.00308	0.01127	0.00610	0.00557
100	0.00781	0.00558	0.00723	0.00851	0.00891	0.00514	0.00567	0.00858	0.01145	0.01534	0.03204	0.78658	0.03821	0.01829	0.00761	0.00246	0.00360	0.01637	0.00555	0.00507
101	0.00884	0.00644	0.00812	0.00767	0.00911	0.00585	0.00569	0.01122	0.01643	0.02313	0.70978	0.04416	0.09637	0.01230	0.00706	0.00195	0.00300	0.01063	0.00647	0.00578
102	0.01328	0.01303	0.01798	0.01547	0.01555	0.01786	0.01278	0.01431	0.00928	0.01452	0.00832	0.01359	0.00826	0.01048	0.01894	0.00264	0.77902	0.00525	0.00278	0.00666
103	0.00781	0.00558	0.00723	0.00851	0.00891	0.00514	0.00567	0.00858	0.01145	0.01534	0.03204	0.78658	0.03821	0.01829	0.00761	0.00246	0.00360	0.01637	0.00555	0.00507
104	0.82986	0.01159	0.00898	0.00807	0.01165	0.01323	0.00654	0.01732	0.01025	0.02627	0.00877	0.01041	0.00696	0.00583	0.00390	0.00191	0.00470	0.00337	0.00380	0.00660
105	0.00781	0.00558	0.00723	0.00851	0.00891	0.00514	0.00567	0.00858	0.01145	0.01534	0.03204	0.78658	0.03821	0.01829	0.00761	0.00246	0.00360	0.01637	0.00555	0.00507
106	0.00781	0.00558	0.00723	0.00851	0.00891	0.00514	0.00567	0.00858	0.01145	0.01534	0.03204	0.78658	0.03821	0.01829	0.00761	0.00246	0.00360	0.01637	0.00555	0.00507
107	0.01497	0.01280	0.01345	0.01214	0.01541	0.01460	0.00936	0.03073	0.74422	0.02455	0.02390	0.02231	0.01809	0.00825	0.00615	0.00208	0.00480	0.00670	0.00605	0.00942
108	0.01490	0.01409	0.02360	0.03531	0.75452	0.01398	0.01776	0.01805	0.01349	0.01938	0.01153	0.01521	0.00979	0.00562	0.00599	0.00184	0.00704	0.00534	0.00310	0.00943
109	0.01225	0.02989	0.76044	0.01674	0.02517	0.01367	0.02129	0.01860	0.01256	0.01881	0.01105	0.01316	0.00800	0.00596	0.00577	0.00195	0.00867	0.00448	0.00269	0.00883
110	0.02240	0.01649	0.01763	0.01364	0.01824	0.01807	0.01116	0.73568	0.02719	0.03652	0.01447	0.01479	0.01045	0.00737	0.00605	0.00186	0.00654	0.00540	0.00596	0.01009
111	0.82986	0.01159	0.00898	0.00807	0.01165	0.01323	0.00654	0.01732	0.01025	0.02627	0.00877	0.01041	0.00696	0.00583	0.00390	0.00191	0.00470	0.00337	0.00380	0.00660
112	0.00914	0.00614	0.00684	0.00680	0.00688	0.00603	0.00385	0.00893	0.00885	0.01188	0.01871	0.03820	0.02138	0.78962	0.02915	0.00564	0.00580	0.00852	0.00373	0.00391
113	0.01490	0.01409	0.02360	0.03531	0.75452	0.01398	0.01776	0.01805	0.01349	0.01938	0.01153	0.01521	0.00979	0.00562	0.00599	0.00184	0.00704	0.00534	0.00310	0.00943
114	0.00760	0.00639	0.00640	0.00637	0.00835	0.00532	0.00472	0.00882	0.01351	0.01618	0.05813	0.05559	0.75235	0.01490	0.00708	0.00207	0.00319	0.01223	0.00555	0.00525
115	0.02627	0.01028	0.01379	0.01069	0.01514	0.00886	0.00873	0.02824	0.01680	0.75863	0.02319	0.02046	0.01483	0.00758	0.00608	0.00191	0.00513	0.00599	0.00730	0.01010
116	0.01225	0.02989	0.76044	0.01674	0.02517	0.01367	0.02129	0.01860	0.01256	0.01881	0.01105	0.01316	0.00800	0.00596	0.00577	0.00195	0.00867	0.00448	0.00269	0.00883
117	0.01775	0.01862	0.01472	0.01334	0.01650	0.31045	0.01014	0.02780	0.45810	0.02070	0.01829	0.01802	0.01417	0.00753	0.00589	0.00190	0.00704	0.00562	0.00494	0.00848
118	0.02627	0.01028	0.01379	0.01069	0.01514	0.00886	0.00873	0.02824	0.01680	0.75863	0.02319	0.02046	0.01483	0.00758	0.00608	0.00191	0.00513	0.00599	0.00730	0.01010
119	0.00914	0.00614	0.00684	0.00680	0.00688	0.00603	0.00385	0.00893	0.00885	0.01188	0.01871	0.03820	0.02138	0.78962	0.02915	0.00564	0.00580	0.00852	0.00373	0.00391
120	0.02240	0.01649	0.01763	0.01364	0.01824	0.01807	0.01116	0.73568	0.02719	0.03652	0.01447	0.01479	0.01045	0.00737	0.00605	0.00186	0.00654	0.00540	0.00596	0.01009
121	0.82986	0.01159	0.00898	0.00807	0.01165	0.01323	0.00654	0.01732	0.01025	0.02627	0.00877	0.01041	0.00696	0.00583	0.00390	0.00191	0.00470	0.00337	0.00380	0.00660
122	0.82986	0.01159	0.00898	0.00807	0.01165	0.01323	0.00654	0.01732	0.01025	0.02627	0.00877	0.01041	0.00696	0.00583	0.00390	0.00191	0.00470	0.00337	0.00380	0.00660
123	0.01264	0.01071	0.01239	0.00901	0.01411	0.00808	0.00712	0.01494	0.01235	0.01933	0.01095	0.01294	0.00921	0.00477	0.00458	0.00100	0.00451	0.00366	0.00365	0.82405
124	0.00781	0.00558	0.00723	0.00851	0.00891	0.00514	0.00567	0.00858	0.01145	0.01534	0.03204	0.78658	0.03821	0.01829	0.00761	0.00246	0.00360	0.01637	0.00555	0.00507
125	0.82986	0.01159	0.00898	0.00807	0.01165	0.01323	0.00654	0.01732	0.01025	0.02627	0.00877	0.01041	0.00696	0.00583	0.00390	0.00191	0.00470	0.00337	0.00380	0.00660
126	0.01225	0.02989	0.76044	0.01674	0.02517	0.01367	0.02129	0.01860	0.01256	0.01881	0.01105	0.01316	0.00800	0.00596	0.00577	0.00195	0.00867	0.00448	0.00269	0.00883
127	0.00781	0.00558	0.00723	0.00851	0.00891	0.00514	0.00567	0.00858	0.01145	0.01534	0.03204	0.78658	0.03821	0.01829	0.00761	0.00246	0.00360	0.01637	0.00555	0.00507
128	0.00892	0.00644	0.00823	0.00775	0.00916	0.00588	0.00575	0.01137	0.01662	0.02358	0.75173	0.04343	0.05414	0.01214	0.00706	0.00194	0.00299	0.01053	0.00652	0.00581
129	0.01426	0.01591	0.03401	0.02445	0.03024	0.01484	0.73371	0.01881	0.01396	0.01902	0.01234	0.01647	0.00942	0.00535	0.00707	0.00207	0.00985	0.00698	0.00316	0.00810
130	0.01074	0.00557	0.00804	0.00800	0.00808	0.00546	0.00533	0.00807	0.00799	0.01074	0.01072	0.01840	0.01066	0.02021	0.02248	0.82337	0.00523	0.00522	0.00276	0.00294
131	0.02240	0.01649	0.01763	0.01364	0.01824	0.01807	0.01116	0.73568	0.02719	0.03652	0.01447	0.01479	0.01045	0.00737	0.00605	0.00186	0.00654	0.00540	0.00596	0.01009
132	0.01603	0.79310	0.03028	0.01031	0.01522	0.02291	0.01009	0.01763	0.01211	0.01421	0.00876	0.01029	0.00810	0.00542	0.00402	0.00137	0.00637	0.00333	0.00272	0.00773
133	0.00781	0.00558	0.00723	0.00851	0.00891	0.00514	0.00567	0.00858	0.01145	0.01534	0.03204	0.78658	0.03821	0.01829	0.00761	0.00246	0.00360	0.01637	0.00555	0.00507
134	0.00760	0.00639	0.00640	0.00637	0.00835	0.00532	0.00472	0.00882	0.01351	0.01618	0.05813	0.05559	0.75235	0.01490	0.00708	0.00207	0.00319	0.01223	0.00555	0.00525
135	0.01497	0.01280	0.01345	0.01214	0.01541	0.01460	0.00936	0.03073	0.74422	0.02455	0.02390	0.02231	0.01809	0.00825	0.00615	0.00208	0.00480	0.00670	0.00605	0.00942
136	0.02087	0.01573	0.01677	0.01333	0.01766	0.01736	0.01079	0.59054	0.17481	0.03406	0.01641	0.01634	0.01202	0.00755	0.00607	0.00191	0.00618	0.00566	0.00598	0.00995
137	0.00781	0.00558	0.00723	0.00851	0.00891	0.00514	0.00567	0.00858	0.01145	0.01534	0.03204	0.78658	0.03821	0.01829	0.00761	0.00246	0.00360	0.01637	0.00555	0.00507
138	0.00899	0.00672	0.00976	0.00972	0.01081	0.00762	0.00748	0.01080	0.00971	0.01404	0.01604	0.02342	0.01497	0.04295	0.76705	0.00924	0.01546	0.00636	0.00333	0.00553
139	0.00781	0.00558	0.00723	0.00851	0.00891	0.00514	0.00567	0.00858	0.01145	0.01534	0.03204	0.78658	0.03821	0.01829	0.00761	0.00246	0.00360	0.01637	0.00555	0.00507
140	0.00781	0.00558	0.00723	0.00851	0.00891	0.00514	0.00567	0.00858	0.01145	0.01534	0.03204	0.78658	0.03821	0.01829	0.00761	0.00246	0.00360	0.01637	0.00555	0.00507
141	0.82986	0.01159	0.00898	0.00807	0.01165	0.01323	0.00654	0.01732	0.01025	0.02627	0.00877	0.01041	0.00696	0.00583	0.00390	0.00191	0.00470	0.00337	0.00380	0.00660
142	0.01328	0.01303	0.01798	0.01547	0.01555	0.01786	0.01278	0.01431	0.00928	0.01452	0.00832	0.01359	0.00826	0.01048	0.01894	0.00264	0.77902	0.00525	0.00278	0.00666
143	0.01655	0.72810	0.02918	0.01064	0.01547	0.04780	0.01019	0.05400	0.01302	0.01536	0.00908	0.01056	0.00822	0.00555	0.00418	0.00141	0.00652	0.00346	0.00290	0.00783
144	0.00787	0.00640	0.00678	0.00665	0.00852	0.00544	0.00493	0.00935	0.01415	0.01770	0.20076	0.05309	0.60878	0.01433	0.00707	0.00205	0.00315	0.01188	0.00575	0.00537
145	0.01172	0.01084	0.01786	0.74649	0.06820	0.01314	0.01618	0.01526	0.01199	0.01552	0.01097	0.01625	0.00843	0.00621	0.00605	0.00204	0.00782	0.00533	0.00283	0.00686
146	0.00760	0.00639	0.00640	0.00637	0.00835	0.00532	0.00472	0.00882	0.01351	0.01618	0.05813	0.05559	0.75235	0.01490	0.00708	0.00207	0.00319	0.01223	0.00555	0.00525
147	0.02240	0.01649	0.01763	0.01364	0.01824	0.01807	0.01116	0.73568	0.02719	0.03652	0.01447	0.01479	0.01045	0.00737	0.00605	0.00186	0.00654	0.00540	0.00596	0.01009
148	0.02627	0.01028	0.01379	0.01069	0.01514	0.00886	0.00873	0.02824	0.01680	0.75863	0.02319	0.02046	0.01483	0.00758	0.00608	0.00191	0.00513	0.00599	0.00730	0.01010
149	0.02240	0.01649	0.01763	0.01364	0.01824	0.01807	0.01116	0.73568	0.02719	0.03652	0.01447	0.01479	0.01045	0.00737	0.00605	0.00186	0.00654	0.00540	0.00596	0.01009
150	0.00779	0.00563	0.00718	0.00838	0.00888	0.00515	0.00561	0.00859	0.01157	0.01539	0.03362	0.74237	0.08139	0.01808	0.00758	0.00244	0.00358	0.01612	0.00555	0.00508
151	0.02577	0.01095	0.01387	0.01089	0.01525	0.03465	0.00883	0.02815	0.03985	0.71023	0.02276	0.02021	0.01471	0.00756	0.00606	0.00191	0.00530	0.00594	0.00712	0.00997
152	0.01225	0.02989	0.76044	0.01674	0.02517	0.01367	0.02129	0.01860	0.01256	0.01881	0.01105	0.01316	0.00800	0.00596	0.00577	0.00195	0.00867	0.00448	0.00269	0.00883
153	0.00781	0.00558	0.00723	0.00851	0.00891	0.00514	0.00567	0.00858	0.01145	0.01534	0.03204	0.78658	0.03821	0.01829	0.00761	0.00246	0.00360	0.01637	0.00555	0.00507
154	0.01490	0.01409	0.02360	0.03531	0.75452	0.01398	0.01776	0.01805	0.01349	0.01938	0.01153	0.01521	0.00979	0.00562	0.00599	0.00184	0.00704	0.00534	0.00310	0.00943
155	0.01240	0.06039	0.73126	0.01649	0.02477	0.01404	0.02085	0.01856	0.01254	0.01863	0.01095	0.01304	0.00801	0.00593	0.00570	0.00193	0.00858	0.00444	0.00269	0.00879
156	0.00677	0.00576	0.00583	0.00588	0.00775	0.00482	0.00438	0.00820	0.01296	0.01542	0.05690	0.08426	0.73244	0.01462	0.00678	0.00195	0.00291	0.01224	0.00531	0.00482
157	0.00939	0.00693	0.01019	0.01107	0.01256	0.00689	0.03816	0.01211	0.01318	0.01717	0.02955	0.06258	0.03196	0.01537	0.00786	0.00261	0.00544	0.69646	0.00517	0.00536
158	0.01356	0.01282	0.02183	0.12925	0.64156	0.01314	0.01685	0.01678	0.01260	0.01782	0.01065	0.01442	0.00891	0.00576	0.00633	0.03456	0.00683	0.00509	0.00278	0.00846
159	0.01400	0.01343	0.02293	0.07086	0.72880	0.01355	0.01747	0.01741	0.01295	0.01849	0.01073	0.01421	0.00899	0.00513	0.00567	0.00171	0.00683	0.00510	0.00282	0.00893
160	0.00810	0.00585	0.00765	0.00720	0.00855	0.00540	0.00540	0.01079	0.01619	0.02294	0.76028	0.04273	0.05397	0.01169	0.00675	0.00180	0.00270	0.01034	0.00630	0.00540
161	0.00843	0.00614	0.00807	0.00779	0.00928	0.00568	0.00608	0.01111	0.01552	0.02181	0.61107	0.04508	0.04873	0.01207	0.00684	0.00190	0.00318	0.12713	0.00601	0.03808
162	0.80899	0.04025	0.00920	0.00761	0.01120	0.01319	0.00633	0.01683	0.00980	0.02521	0.00796	0.00929	0.00624	0.00529	0.00354	0.00175	0.00449	0.00310	0.00350	0.00624
163	0.02137	0.02726	0.01621	0.01474	0.01768	0.77602	0.01105	0.02284	0.01621	0.01400	0.00884	0.01031	0.00737	0.00589	0.00516	0.00147	0.01031	0.00368	0.00295	0.00663
164	0.01135	0.01073	0.01815	0.66233	0.15800	0.01285	0.01616	0.01510	0.01170	0.01528	0.01026	0.01507	0.00786	0.00562	0.00571	0.00187	0.00749	0.00509	0.00259	0.00680
165	0.02174	0.01602	0.01717	0.01316	0.01774	0.01774	0.01087	0.74423	0.02689	0.03605	0.01373	0.01373	0.00973	0.00687	0.00572	0.00172	0.00629	0.00515	0.00572	0.00973
166	0.70542	0.01187	0.00984	0.00845	0.01216	0.01364	0.00696	0.13600	0.01255	0.02736	0.00891	0.01002	0.00677	0.00556	0.00390	0.00176	0.00473	0.00343	0.00390	0.00677
167	0.01066	0.00533	0.00533	0.00533	0.00666	0.00533	0.00400	0.01333	0.01200	0.02132	0.01866	0.02132	0.01466	0.00666	0.00400	0.00133	0.00267	0.00533	0.83073	0.00533
168	0.01186	0.01017	0.01186	0.00847	0.01356	0.00762	0.00678	0.01440	0.01186	0.01864	0.01017	0.01186	0.00847	0.00424	0.00424	0.00085	0.00424	0.00339	0.00339	0.83395
169	0.01423	0.01229	0.01293	0.01164	0.01487	0.01423	0.00905	0.03039	0.75297	0.02393	0.02328	0.02134	0.01746	0.00776	0.00582	0.00194	0.00453	0.00647	0.00582	0.00905
170	0.01010	0.00928	0.01681	0.01379	0.04341	0.00868	0.24828	0.01352	0.01519	0.02126	0.48639	0.03269	0.03742	0.00919	0.00671	0.00184	0.00513	0.00897	0.00505	0.00629
171	0.83938	0.01106	0.00841	0.00752	0.01106	0.01283	0.00619	0.01681	0.00973	0.02566	0.00796	0.00929	0.00619	0.00531	0.00354	0.00177	0.00442	0.00310	0.00354	0.00619
172	0.01529	0.80242	0.02997	0.00979	0.01468	0.02263	0.00979	0.01713	0.01162	0.01346	0.00795	0.00918	0.00734	0.00489	0.00367	0.00122	0.00612	0.00306	0.00245	0.00734
173	0.01182	0.01120	0.01899	0.55858	0.25812	0.01297	0.01639	0.01550	0.01192	0.01584	0.01035	0.01492	0.00806	0.00553	0.00570	0.00184	0.00737	0.00509	0.00263	0.00717
174	0.00729	0.00582	0.00653	0.00635	0.00805	0.00505	0.00476	0.00924	0.01429	0.01842	0.33683	0.05015	0.48024	0.01338	0.00675	0.00188	0.00282	0.01139	0.00570	0.00505
175	0.00810	0.00585	0.00765	0.00720	0.00855	0.00540	0.00540	0.01079	0.01619	0.02294	0.76028	0.04273	0.05397	0.01169	0.00675	0.00180	0.00270	0.01034	0.00630	0.00540
176	0.01147	0.02959	0.76934	0.01630	0.02476	0.01328	0.02113	0.01811	0.01208	0.01811	0.01026	0.01208	0.00725	0.00543	0.00543	0.00181	0.00845	0.00423	0.00242	0.00845
177	0.00697	0.00498	0.00664	0.00796	0.00830	0.00465	0.00531	0.00796	0.01095	0.01460	0.03153	0.79525	0.03783	0.01792	0.00730	0.00232	0.00332	0.01626	0.00531	0.00465
178	0.00676	0.00579	0.00579	0.00579	0.00773	0.00483	0.00435	0.00821	0.01304	0.01545	0.05794	0.05505	0.76098	0.01449	0.00676	0.00193	0.00290	0.01207	0.00531	0.00483
179	0.00817	0.00613	0.00919	0.00919	0.01021	0.00715	0.00715	0.01021	0.00919	0.01328	0.01532	0.02247	0.01430	0.04290	0.77631	0.00919	0.01532	0.00613	0.00306	0.00511
180	0.00676	0.00579	0.00579	0.00579	0.00773	0.00483	0.00435	0.00821	0.01304	0.01545	0.05794	0.05505	0.76098	0.01449	0.00676	0.00193	0.00290	0.01207	0.00531	0.00483
181	0.01529	0.80242	0.02997	0.00979	0.01468	0.02263	0.00979	0.01713	0.01162	0.01346	0.00795	0.00918	0.00734	0.00489	0.00367	0.00122	0.00612	0.00306	0.00245	0.00734
182	0.00676	0.00579	0.00579	0.00579	0.00773	0.00483	0.00435	0.00821	0.01304	0.01545	0.05794	0.05505	0.76098	0.01449	0.00676	0.00193	0.00290	0.01207	0.00531	0.00483
183	0.00810	0.00585	0.00765	0.00720	0.00855	0.00540	0.00540	0.01079	0.01619	0.02294	0.76028	0.04273	0.05397	0.01169	0.00675	0.00180	0.00270	0.01034	0.00630	0.00540
184	0.83938	0.01106	0.00841	0.00752	0.01106	0.01283	0.00619	0.01681	0.00973	0.02566	0.00796	0.00929	0.00619	0.00531	0.00354	0.00177	0.00442	0.00310	0.00354	0.00619
185	0.00697	0.00498	0.00664	0.00796	0.00830	0.00465	0.00531	0.00796	0.01095	0.01460	0.03153	0.79525	0.03783	0.01792	0.00730	0.00232	0.00332	0.01626	0.00531	0.00465
186	0.02280	0.01070	0.01343	0.01069	0.01485	0.01030	0.00870	0.07123	0.18620	0.55285	0.02220	0.01956	0.01465	0.00722	0.00577	0.00181	0.00487	0.00588	0.00671	0.00958
187	0.01350	0.01543	0.03375	0.02411	0.02989	0.01446	0.74253	0.01832	0.01350	0.01832	0.01157	0.01543	0.00868	0.00482	0.00675	0.00193	0.00964	0.00675	0.00289	0.00771
188	0.00832	0.00555	0.00624	0.00624	0.00624	0.00555	0.00347	0.00832	0.00832	0.01109	0.01802	0.03743	0.02080	0.79898	0.02911	0.00555	0.00555	0.00832	0.00347	0.00347
189	0.01416	0.01359	0.02322	0.03511	0.76330	0.01359	0.01755	0.01755	0.01302	0.01869	0.01076	0.01416	0.00906	0.00510	0.00566	0.00170	0.00680	0.00510	0.00283	0.00906
190	0.01416	0.01359	0.02322	0.03511	0.76330	0.01359	0.01755	0.01755	0.01302	0.01869	0.01076	0.01416	0.00906	0.00510	0.00566	0.00170	0.00680	0.00510	0.00283	0.00906
191	0.01423	0.01229	0.01293	0.01164	0.01487	0.01423	0.00905	0.03039	0.75297	0.02393	0.02328	0.02134	0.01746	0.00776	0.00582	0.00194	0.00453	0.00647	0.00582	0.00905
192	0.00697	0.00498	0.00664	0.00796	0.00830	0.00465	0.00531	0.00796	0.01095	0.01460	0.03153	0.79525	0.03783	0.01792	0.00730	0.00232	0.00332	0.01626	0.00531	0.00465
193	0.83938	0.01106	0.00841	0.00752	0.01106	0.01283	0.00619	0.01681	0.00973	0.02566	0.00796	0.00929	0.00619	0.00531	0.00354	0.00177	0.00442	0.00310	0.00354	0.00619
194	0.01186	0.01017	0.01186	0.00847	0.01356	0.00762	0.00678	0.01440	0.01186	0.01864	0.01017	0.01186	0.00847	0.00424	0.00424	0.00085	0.00424	0.00339	0.00339	0.83395
195	0.02174	0.01602	0.01717	0.01316	0.01774	0.01774	0.01087	0.74423	0.02689	0.03605	0.01373	0.01373	0.00973	0.00687	0.00572	0.00172	0.00629	0.00515	0.00572	0.00973
196	0.00994	0.00497	0.00745	0.00745	0.00745	0.00497	0.00497	0.00745	0.00745	0.00994	0.00994	0.01739	0.00994	0.01987	0.02235	0.83358	0.00497	0.00497	0.00248	0.00248
197	0.00810	0.00585	0.00765	0.00720	0.00855	0.00540	0.00540	0.01079	0.01619	0.02294	0.76028	0.04273	0.05397	0.01169	0.00675	0.00180	0.00270	0.01034	0.00630	0.00540
198	0.01251	0.01251	0.01752	0.01502	0.01502	0.01752	0.01251	0.01377	0.00876	0.01377	0.00751	0.01251	0.00751	0.01001	0.01877	0.00250	0.78851	0.00501	0.00250	0.00626
199	0.00817	0.00613	0.00919	0.00919	0.01021	0.00715	0.00715	0.01021	0.00919	0.01328	0.01532	0.02247	0.01430	0.04290	0.77631	0.00919	0.01532	0.00613	0.00306	0.00511
200	0.01591	0.01695	0.03457	0.02520	0.03101	0.01566	0.71438	0.01987	0.01498	0.02054	0.01401	0.01875	0.01104	0.00651	0.00776	0.00238	0.01030	0.00747	0.00376	0.00895
201	0.01319	0.00725	0.00728	0.00717	0.00870	0.00689	0.00519	0.01508	0.01354	0.02343	0.02082	0.02441	0.01678	0.00828	0.00512	0.00180	0.00360	0.00611	0.79871	0.00666
202	0.01180	0.00845	0.01101	0.01217	0.01368	0.00809	0.01020	0.01366	0.01466	0.01939	0.03198	0.06589	0.03431	0.01705	0.00886	0.00305	0.00610	0.69700	0.00604	0.00660
203	0.00964	0.00691	0.00853	0.00970	0.01027	0.00623	0.00645	0.00993	0.01253	0.01697	0.03317	0.76758	0.03903	0.01909	0.00829	0.00276	0.00423	0.01661	0.00608	0.00600
204	0.01332	0.01189	0.01863	0.75609	0.04013	0.01397	0.01661	0.01631	0.01300	0.01698	0.01266	0.01857	0.01002	0.00737	0.00677	0.00236	0.00836	0.00587	0.00342	0.00764
205	0.01066	0.00774	0.00942	0.00890	0.01047	0.00693	0.00649	0.01253	0.01743	0.02464	0.70203	0.04550	0.08568	0.01323	0.00776	0.00226	0.00364	0.01100	0.00698	0.00670
