[name]
unknown

[dist]
# distance from previous block
# <min> <max>
0	123

[block]
# block no. 0 follows, 40 sequences, length 13
# corresponding to MSA columns:
# 135-147
name=unknown_A
#
# <colnr> <probs for GDERKNQSTAVLIFYWHMCP>
#	G	D	E	R	K	N	Q	S	T	A	V	L	I	F	Y	W	H	M	C	P
0	0.00799	0.00562	0.00631	0.00647	0.00688	0.00539	0.00392	0.00839	0.00969	0.01255	0.02767	0.13223	0.16273	0.55396	0.02262	0.00455	0.00485	0.01015	0.00411	0.00393
1	0.02090	0.01557	0.01680	0.01281	0.01752	0.01680	0.01055	0.65261	0.02550	0.03452	0.01352	0.01373	0.00974	0.00666	0.00564	0.00164	0.00615	0.00502	0.00553	0.10881
2	0.01432	0.66167	0.02629	0.00933	0.01344	0.02000	0.00884	0.01586	0.01123	0.01326	0.00986	0.01430	0.00983	0.14194	0.00821	0.00200	0.00612	0.00404	0.00267	0.00678
3	0.01853	0.01365	0.01482	0.01204	0.01572	0.01498	0.00967	0.53542	0.07355	0.03143	0.01796	0.14956	0.01558	0.00898	0.00603	0.00185	0.00560	0.00729	0.03857	0.00877
4	0.01237	0.10259	0.60497	0.01824	0.11260	0.01446	0.01993	0.01825	0.01235	0.01803	0.01027	0.01225	0.00760	0.00543	0.00538	0.00177	0.00816	0.00429	0.00251	0.00856
5	0.16254	0.01509	0.01606	0.07409	0.01878	0.01687	0.01073	0.55386	0.02316	0.03323	0.01290	0.01365	0.00933	0.00678	0.00554	0.00182	0.00626	0.00495	0.00525	0.00911
6	0.02629	0.01008	0.01366	0.01052	0.01502	0.00869	0.00865	0.02846	0.01678	0.76057	0.02315	0.02012	0.01461	0.00736	0.00596	0.00185	0.00504	0.00593	0.00727	0.01001
7	0.01485	0.61042	0.20802	0.01172	0.01757	0.02080	0.01283	0.01782	0.01209	0.01507	0.00892	0.01041	0.00769	0.00528	0.00428	0.00144	0.00687	0.00349	0.00257	0.00786
8	0.02232	0.01644	0.01760	0.01354	0.01820	0.01814	0.01115	0.73718	0.02744	0.03680	0.01420	0.01431	0.01013	0.00715	0.00592	0.00179	0.00648	0.00532	0.00589	0.01001
9	0.00768	0.00556	0.00722	0.00821	0.00883	0.00509	0.00553	0.00873	0.01146	0.01550	0.05925	0.69870	0.03727	0.04239	0.00807	0.00242	0.00356	0.01545	0.00536	0.04372
10	0.01182	0.01035	0.01119	0.01057	0.01218	0.11409	0.00821	0.07109	0.01210	0.01621	0.01473	0.02035	0.01322	0.03226	0.53295	0.00698	0.03734	0.00580	0.05260	0.00597
11	0.01124	0.01051	0.01759	0.77867	0.04012	0.01305	0.01622	0.01503	0.01179	0.01510	0.01059	0.01584	0.00800	0.00598	0.00592	0.00198	0.00783	0.00525	0.00267	0.00659
12	0.02035	0.07311	0.07758	0.01491	0.01841	0.59769	0.01214	0.05110	0.01609	0.01567	0.00945	0.01117	0.00783	0.00630	0.00596	0.00162	0.04640	0.00396	0.00310	0.00717

[dist]
# distance from previous block
# <min> <max>
25	52

# created by:
# /software/SequenceAnalysis/GenePrediction/augustus/3.0.1/scripts/msa2prfl.pl ./fixed/BUSCOvEOG7DNGM2.fas
