[name]
unknown

[dist]
# distance from previous block
# <min> <max>
0	21

[block]
# block no. 0 follows, 41 sequences, length 43
# corresponding to MSA columns:
# 21-63
name=unknown_A
#
# <colnr> <probs for GDERKNQSTAVLIFYWHMCP>
#	G	D	E	R	K	N	Q	S	T	A	V	L	I	F	Y	W	H	M	C	P
0	0.02485	0.01013	0.01343	0.01033	0.01468	0.00908	0.00852	0.08536	0.01722	0.68688	0.04287	0.01967	0.01493	0.00719	0.00578	0.00177	0.00492	0.00583	0.00695	0.00961
1	0.83938	0.01106	0.00841	0.00752	0.01106	0.01283	0.00619	0.01681	0.00973	0.02566	0.00796	0.00929	0.00619	0.00531	0.00354	0.00177	0.00442	0.00310	0.00354	0.00619
2	0.01186	0.01017	0.01186	0.00847	0.01356	0.00762	0.00678	0.01440	0.01186	0.01864	0.01017	0.01186	0.00847	0.00424	0.00424	0.00085	0.00424	0.00339	0.00339	0.83395
3	0.00884	0.00641	0.00869	0.00964	0.01102	0.00626	0.00824	0.01138	0.01360	0.01782	0.13898	0.06053	0.09850	0.01509	0.00763	0.00245	0.00469	0.55954	0.00542	0.00525
4	0.01186	0.01017	0.01186	0.00847	0.01356	0.00762	0.00678	0.01440	0.01186	0.01864	0.01017	0.01186	0.00847	0.00424	0.00424	0.00085	0.00424	0.00339	0.00339	0.83395
5	0.01416	0.01359	0.02322	0.03511	0.76330	0.01359	0.01755	0.01755	0.01302	0.01869	0.01076	0.01416	0.00906	0.00510	0.00566	0.00170	0.00680	0.00510	0.00283	0.00906
6	0.01251	0.01251	0.01752	0.01502	0.01502	0.01752	0.01251	0.01377	0.00876	0.01377	0.00751	0.01251	0.00751	0.01001	0.01877	0.00250	0.78851	0.00501	0.00250	0.00626
7	0.00720	0.00581	0.00641	0.00626	0.00800	0.00502	0.00469	0.00907	0.01408	0.01793	0.29059	0.05097	0.52679	0.01356	0.00676	0.00189	0.00283	0.01150	0.00564	0.00502
8	0.02566	0.00973	0.01327	0.01018	0.01460	0.00841	0.00841	0.02788	0.01637	0.76726	0.02257	0.01947	0.01416	0.00708	0.00575	0.00177	0.00487	0.00575	0.00708	0.00973
9	0.00832	0.00555	0.00624	0.00624	0.00624	0.00555	0.00347	0.00832	0.00832	0.01109	0.01802	0.03743	0.02080	0.79898	0.02911	0.00555	0.00555	0.00832	0.00347	0.00347
10	0.00676	0.00579	0.00579	0.00579	0.00773	0.00483	0.00435	0.00821	0.01304	0.01545	0.05794	0.05505	0.76098	0.01449	0.00676	0.00193	0.00290	0.01207	0.00531	0.00483
11	0.00922	0.00658	0.00922	0.01053	0.01185	0.00658	0.00922	0.01185	0.01317	0.01712	0.03029	0.06452	0.03292	0.01580	0.00790	0.00263	0.00527	0.72480	0.00527	0.00527
12	0.01529	0.80242	0.02997	0.00979	0.01468	0.02263	0.00979	0.01713	0.01162	0.01346	0.00795	0.00918	0.00734	0.00489	0.00367	0.00122	0.00612	0.00306	0.00245	0.00734
13	0.83938	0.01106	0.00841	0.00752	0.01106	0.01283	0.00619	0.01681	0.00973	0.02566	0.00796	0.00929	0.00619	0.00531	0.00354	0.00177	0.00442	0.00310	0.00354	0.00619
14	0.02137	0.02726	0.01621	0.01474	0.01768	0.77602	0.01105	0.02284	0.01621	0.01400	0.00884	0.01031	0.00737	0.00589	0.00516	0.00147	0.01031	0.00368	0.00295	0.00663
15	0.01080	0.01017	0.01716	0.78523	0.03940	0.01271	0.01589	0.01461	0.01144	0.01461	0.01017	0.01525	0.00762	0.00572	0.00572	0.00191	0.00762	0.00508	0.00254	0.00635
16	0.01080	0.01017	0.01716	0.78523	0.03940	0.01271	0.01589	0.01461	0.01144	0.01461	0.01017	0.01525	0.00762	0.00572	0.00572	0.00191	0.00762	0.00508	0.00254	0.00635
17	0.00819	0.00604	0.00876	0.00876	0.00963	0.00691	0.00661	0.00994	0.00906	0.01296	0.01572	0.02466	0.01525	0.15371	0.66680	0.00866	0.01389	0.00645	0.00312	0.00487
18	0.02566	0.00973	0.01327	0.01018	0.01460	0.00841	0.00841	0.02788	0.01637	0.76726	0.02257	0.01947	0.01416	0.00708	0.00575	0.00177	0.00487	0.00575	0.00708	0.00973
19	0.01339	0.01335	0.02419	0.16140	0.46394	0.01374	0.16765	0.01709	0.01272	0.01776	0.01073	0.01456	0.00869	0.00529	0.00629	0.00181	0.03095	0.00543	0.00278	0.00823
20	0.01416	0.01359	0.02322	0.03511	0.76330	0.01359	0.01755	0.01755	0.01302	0.01869	0.01076	0.01416	0.00906	0.00510	0.00566	0.00170	0.00680	0.00510	0.00283	0.00906
21	0.01132	0.00798	0.03624	0.02984	0.11954	0.00778	0.00743	0.01418	0.01193	0.02018	0.01628	0.01923	0.01295	0.00658	0.00528	0.00149	0.05371	0.00523	0.60675	0.00607
22	0.01394	0.01559	0.02940	0.02364	0.11141	0.06225	0.52163	0.01794	0.01302	0.01752	0.01080	0.01460	0.00849	0.00557	0.00804	0.00195	0.10761	0.00615	0.00284	0.00762
23	0.00832	0.00612	0.00825	0.00844	0.03563	0.00572	0.00606	0.01096	0.01562	0.02200	0.65091	0.08142	0.05023	0.01203	0.00681	0.00187	0.00304	0.05502	0.00606	0.00548
24	0.01177	0.05425	0.69719	0.01729	0.07152	0.01361	0.02053	0.01805	0.01212	0.01800	0.01022	0.01211	0.00736	0.00539	0.00539	0.00178	0.00827	0.00424	0.00244	0.00846
25	0.01108	0.01047	0.01756	0.70869	0.08465	0.01294	0.01587	0.01477	0.01144	0.01484	0.01011	0.01508	0.00771	0.00584	0.00620	0.00192	0.03668	0.00508	0.00256	0.00652
26	0.01333	0.01506	0.03054	0.02227	0.02730	0.04238	0.63104	0.01760	0.01320	0.01769	0.01254	0.06482	0.01043	0.00596	0.00734	0.00197	0.04896	0.00715	0.00303	0.00740
27	0.01178	0.06818	0.69021	0.01641	0.02453	0.01383	0.06121	0.01808	0.01213	0.01789	0.01022	0.01212	0.00733	0.00537	0.00542	0.00179	0.00840	0.00431	0.00244	0.00835
28	0.83938	0.01106	0.00841	0.00752	0.01106	0.01283	0.00619	0.01681	0.00973	0.02566	0.00796	0.00929	0.00619	0.00531	0.00354	0.00177	0.00442	0.00310	0.00354	0.00619
29	0.01251	0.01251	0.01752	0.01502	0.01502	0.01752	0.01251	0.01377	0.00876	0.01377	0.00751	0.01251	0.00751	0.01001	0.01877	0.00250	0.78851	0.00501	0.00250	0.00626
30	0.01946	0.01452	0.01578	0.01269	0.01674	0.01607	0.01048	0.57913	0.10884	0.03251	0.01671	0.02036	0.01325	0.00798	0.00598	0.00185	0.00597	0.08687	0.00568	0.00914
31	0.01350	0.01543	0.03375	0.02411	0.02989	0.01446	0.74253	0.01832	0.01350	0.01832	0.01157	0.01543	0.00868	0.00482	0.00675	0.00193	0.00964	0.00675	0.00289	0.00771
32	0.83938	0.01106	0.00841	0.00752	0.01106	0.01283	0.00619	0.01681	0.00973	0.02566	0.00796	0.00929	0.00619	0.00531	0.00354	0.00177	0.00442	0.00310	0.00354	0.00619
33	0.00832	0.00555	0.00624	0.00624	0.00624	0.00555	0.00347	0.00832	0.00832	0.01109	0.01802	0.03743	0.02080	0.79898	0.02911	0.00555	0.00555	0.00832	0.00347	0.00347
34	0.02057	0.08602	0.06299	0.01416	0.01769	0.62252	0.01140	0.02243	0.01561	0.06225	0.00973	0.01092	0.00779	0.00586	0.00510	0.00149	0.00953	0.00380	0.00314	0.00699
35	0.01416	0.01359	0.02322	0.03511	0.76330	0.01359	0.01755	0.01755	0.01302	0.01869	0.01076	0.01416	0.00906	0.00510	0.00566	0.00170	0.00680	0.00510	0.00283	0.00906
36	0.00697	0.00498	0.00664	0.00796	0.00830	0.00465	0.00531	0.00796	0.01095	0.01460	0.03153	0.79525	0.03783	0.01792	0.00730	0.00232	0.00332	0.01626	0.00531	0.00465
37	0.02566	0.00973	0.01327	0.01018	0.01460	0.00841	0.00841	0.02788	0.01637	0.76726	0.02257	0.01947	0.01416	0.00708	0.00575	0.00177	0.00487	0.00575	0.00708	0.00973
38	0.01167	0.02823	0.69892	0.01705	0.02525	0.01340	0.09020	0.01813	0.01221	0.01813	0.01039	0.01240	0.00738	0.00538	0.00556	0.00182	0.00857	0.00447	0.00246	0.00838
39	0.01389	0.01195	0.01264	0.01147	0.01457	0.01378	0.00888	0.02935	0.71846	0.02349	0.02366	0.05734	0.01841	0.00823	0.00589	0.00196	0.00447	0.00692	0.00580	0.00885
40	0.00697	0.00498	0.00664	0.00796	0.00830	0.00465	0.00531	0.00796	0.01095	0.01460	0.03153	0.79525	0.03783	0.01792	0.00730	0.00232	0.00332	0.01626	0.00531	0.00465
41	0.01177	0.01062	0.01806	0.65401	0.03616	0.01291	0.06167	0.01542	0.01164	0.04981	0.01067	0.01529	0.00799	0.00598	0.00658	0.00194	0.05490	0.00522	0.00277	0.00659
42	0.00986	0.00499	0.00740	0.00740	0.00740	0.00499	0.00490	0.00749	0.00749	0.00999	0.01031	0.01832	0.01044	0.05611	0.02267	0.79507	0.00499	0.00512	0.00253	0.00253

[dist]
# distance from previous block
# <min> <max>
2	139

[block]
# block no. 1 follows, 41 sequences, length 7
# corresponding to MSA columns:
# 203-209
name=unknown_B
#
# <colnr> <probs for GDERKNQSTAVLIFYWHMCP>
#	G	D	E	R	K	N	Q	S	T	A	V	L	I	F	Y	W	H	M	C	P
0	0.00682	0.00555	0.00604	0.00644	0.00789	0.00477	0.00463	0.00814	0.01242	0.01520	0.05011	0.27446	0.54662	0.01550	0.00692	0.00205	0.00302	0.01331	0.00531	0.00477
1	0.01080	0.01017	0.01716	0.78523	0.03940	0.01271	0.01589	0.01461	0.01144	0.01461	0.01017	0.01525	0.00762	0.00572	0.00572	0.00191	0.00762	0.00508	0.00254	0.00635
2	0.01208	0.01012	0.01107	0.01055	0.01292	0.01139	0.00794	0.02375	0.53301	0.02116	0.02572	0.25075	0.02350	0.01077	0.00626	0.00205	0.00417	0.00937	0.00567	0.00775
3	0.01846	0.01285	0.01366	0.01084	0.01446	0.01406	0.00883	0.52757	0.02248	0.03168	0.01519	0.01598	0.01119	0.00681	0.00521	0.00160	0.00522	0.00520	0.25028	0.00842
4	0.83938	0.01106	0.00841	0.00752	0.01106	0.01283	0.00619	0.01681	0.00973	0.02566	0.00796	0.00929	0.00619	0.00531	0.00354	0.00177	0.00442	0.00310	0.00354	0.00619
5	0.25689	0.02410	0.54378	0.01370	0.02070	0.01315	0.01671	0.01773	0.01138	0.02035	0.00958	0.01125	0.00693	0.00540	0.00487	0.00180	0.00726	0.00389	0.00275	0.00778
6	0.00810	0.00585	0.00765	0.00720	0.00855	0.00540	0.00540	0.01079	0.01619	0.02294	0.76028	0.04273	0.05397	0.01169	0.00675	0.00180	0.00270	0.01034	0.00630	0.00540

[dist]
# distance from previous block
# <min> <max>
0	125

# created by:
# /software/SequenceAnalysis/GenePrediction/augustus/3.0.1/scripts/msa2prfl.pl ./fixed/BUSCOvEOG7ZKM1J.fas
