[name]
unknown

[dist]
# distance from previous block
# <min> <max>
5	237

[block]
# block no. 0 follows, 41 sequences, length 16
# corresponding to MSA columns:
# 345-360
name=unknown_A
#
# <colnr> <probs for GDERKNQSTAVLIFYWHMCP>
#	G	D	E	R	K	N	Q	S	T	A	V	L	I	F	Y	W	H	M	C	P
0	0.01884	0.02710	0.21075	0.01503	0.01951	0.52755	0.01364	0.07063	0.01587	0.01656	0.00954	0.01100	0.00750	0.00584	0.00527	0.00158	0.00956	0.00392	0.00300	0.00731
1	0.01102	0.01039	0.01755	0.73676	0.08618	0.01277	0.01599	0.01480	0.01154	0.01488	0.01020	0.01518	0.00772	0.00568	0.00572	0.00189	0.00757	0.00508	0.00256	0.00653
2	0.00814	0.00588	0.00771	0.00734	0.00869	0.00545	0.00556	0.01084	0.01606	0.02268	0.72855	0.04367	0.05306	0.01187	0.00680	0.00184	0.00281	0.04140	0.00625	0.00539
3	0.01346	0.01772	0.21588	0.03025	0.57259	0.01351	0.01848	0.01770	0.01278	0.01854	0.01063	0.01362	0.00859	0.00518	0.00560	0.00173	0.00722	0.00487	0.00272	0.00890
4	0.01080	0.01017	0.01716	0.78523	0.03940	0.01271	0.01589	0.01461	0.01144	0.01461	0.01017	0.01525	0.00762	0.00572	0.00572	0.00191	0.00762	0.00508	0.00254	0.00635
5	0.01080	0.01017	0.01716	0.78523	0.03940	0.01271	0.01589	0.01461	0.01144	0.01461	0.01017	0.01525	0.00762	0.00572	0.00572	0.00191	0.00762	0.00508	0.00254	0.00635
6	0.01228	0.01153	0.01751	0.01251	0.01777	0.00939	0.19676	0.01541	0.01228	0.01856	0.01053	0.01278	0.00853	0.00439	0.00489	0.00113	0.00563	0.00426	0.00326	0.62060
7	0.05658	0.01298	0.01596	0.21165	0.02238	0.01428	0.01144	0.37433	0.01994	0.18185	0.01439	0.01512	0.00995	0.00654	0.00563	0.00178	0.00626	0.00517	0.00508	0.00870
8	0.01441	0.01168	0.01323	0.00968	0.01464	0.01024	0.00783	0.20286	0.01574	0.02313	0.01109	0.01234	0.00880	0.00492	0.00462	0.00107	0.00477	0.00384	0.00399	0.62112
9	0.00786	0.00583	0.00853	0.00888	0.00972	0.00650	0.00667	0.00963	0.00965	0.01362	0.01951	0.22202	0.02038	0.03645	0.57774	0.00742	0.01222	0.00874	0.00364	0.00499
10	0.01232	0.05748	0.54605	0.02089	0.21504	0.01375	0.01974	0.01793	0.01230	0.01807	0.01030	0.01249	0.00772	0.00532	0.00542	0.00176	0.00793	0.00440	0.00252	0.00856
11	0.00828	0.00593	0.00805	0.00881	0.00988	0.00571	0.00699	0.01051	0.01356	0.01832	0.26311	0.24627	0.04089	0.01504	0.00738	0.00229	0.00395	0.31429	0.00561	0.00515
12	0.01147	0.02959	0.76934	0.01630	0.02476	0.01328	0.02113	0.01811	0.01208	0.01811	0.01026	0.01208	0.00725	0.00543	0.00543	0.00181	0.00845	0.00423	0.00242	0.00845
13	0.00809	0.00686	0.00743	0.00666	0.00928	0.00554	0.00505	0.00979	0.01256	0.01620	0.04343	0.10500	0.50698	0.01212	0.00615	0.00168	0.00328	0.01018	0.00481	0.21891
14	0.01519	0.11175	0.01549	0.01108	0.01507	0.10326	0.00894	0.08064	0.32534	0.02106	0.01554	0.01548	0.01208	0.00620	0.00506	0.00150	0.00547	0.00482	0.00443	0.22161
15	0.06599	0.40325	0.15899	0.01017	0.01472	0.01583	0.01051	0.01565	0.01276	0.01755	0.20264	0.01838	0.01929	0.00678	0.00478	0.00152	0.00556	0.00516	0.00351	0.00697

[dist]
# distance from previous block
# <min> <max>
0	176

# created by:
# /software/SequenceAnalysis/GenePrediction/augustus/3.0.1/scripts/msa2prfl.pl ./fixed/BUSCOvEOG7PG7FF.fas
