[name]
unknown

[dist]
# distance from previous block
# <min> <max>
0	133

[block]
# block no. 0 follows, 41 sequences, length 22
# corresponding to MSA columns:
# 137-158
name=unknown_A
#
# <colnr> <probs for GDERKNQSTAVLIFYWHMCP>
#	G	D	E	R	K	N	Q	S	T	A	V	L	I	F	Y	W	H	M	C	P
0	0.00894	0.00666	0.00802	0.00774	0.00925	0.00594	0.00568	0.01089	0.01579	0.02167	0.54397	0.09271	0.21330	0.01336	0.00725	0.00207	0.00321	0.01137	0.00635	0.00583
1	0.05196	0.01384	0.01777	0.11892	0.09805	0.01468	0.04681	0.25886	0.04791	0.04250	0.01313	0.01546	0.01026	0.00699	0.00708	0.00190	0.07632	0.00525	0.00447	0.14786
2	0.01215	0.01098	0.01729	0.61550	0.03434	0.01350	0.01507	0.01484	0.01154	0.01530	0.01093	0.01653	0.00886	0.00796	0.00906	0.05321	0.11788	0.00543	0.00294	0.00670
3	0.01022	0.00783	0.00908	0.02592	0.01095	0.00794	0.00651	0.01430	0.17950	0.01754	0.06024	0.36965	0.07176	0.16608	0.01154	0.00300	0.00448	0.01194	0.00541	0.00612
4	0.00953	0.00643	0.00712	0.00707	0.00719	0.00626	0.00403	0.00922	0.00910	0.01225	0.01903	0.03856	0.02166	0.78520	0.02917	0.00569	0.00592	0.00862	0.00385	0.00411
5	0.00912	0.00690	0.00885	0.00927	0.00979	0.00715	0.00647	0.00982	0.01089	0.01491	0.02662	0.44825	0.05899	0.14492	0.11777	0.00398	0.08372	0.01248	0.00478	0.00531
6	0.00814	0.00588	0.00771	0.00733	0.00868	0.00545	0.00555	0.01084	0.01607	0.02270	0.73028	0.04362	0.05310	0.01186	0.00679	0.00183	0.00280	0.03971	0.00625	0.00539
7	0.02096	0.01507	0.01640	0.01251	0.01713	0.01618	0.01031	0.62911	0.02476	0.07597	0.01387	0.01387	0.00985	0.00661	0.00557	0.00163	0.00600	0.00500	0.00556	0.09361
8	0.01289	0.01890	0.30642	0.06644	0.13544	0.01258	0.16264	0.04857	0.01343	0.04950	0.05035	0.05267	0.01209	0.00629	0.00590	0.00182	0.00752	0.00589	0.00327	0.02737
9	0.83938	0.01106	0.00841	0.00752	0.01106	0.01283	0.00619	0.01681	0.00973	0.02566	0.00796	0.00929	0.00619	0.00531	0.00354	0.00177	0.00442	0.00310	0.00354	0.00619
10	0.02174	0.01602	0.01717	0.01316	0.01774	0.01774	0.01087	0.74423	0.02689	0.03605	0.01373	0.01373	0.00973	0.00687	0.00572	0.00172	0.00629	0.00515	0.00572	0.00973
11	0.01067	0.01293	0.17796	0.01097	0.01451	0.00933	0.04498	0.08043	0.07324	0.02151	0.29806	0.08546	0.09034	0.01006	0.00637	0.00189	0.00492	0.03463	0.00500	0.00676
12	0.00810	0.00585	0.00765	0.00720	0.00855	0.00540	0.00540	0.01079	0.01619	0.02294	0.76028	0.04273	0.05397	0.01169	0.00675	0.00180	0.00270	0.01034	0.00630	0.00540
13	0.01204	0.01220	0.02267	0.12033	0.09082	0.01312	0.30418	0.01513	0.01182	0.01641	0.04103	0.08729	0.01280	0.00814	0.00970	0.03786	0.16763	0.00696	0.00310	0.00676
14	0.00830	0.00560	0.00651	0.00651	0.00660	0.00569	0.00380	0.00849	0.00840	0.01129	0.01778	0.03607	0.02021	0.73043	0.09686	0.00588	0.00643	0.00812	0.00343	0.00361
15	0.01652	0.01987	0.26823	0.01710	0.09447	0.01498	0.08003	0.32414	0.01861	0.03951	0.01211	0.01341	0.00878	0.00593	0.00565	0.00173	0.00725	0.00492	0.00402	0.04275
16	0.01933	0.01407	0.03568	0.01448	0.07972	0.01421	0.04782	0.40341	0.04943	0.14207	0.05734	0.01651	0.01297	0.00675	0.00573	0.00169	0.00594	0.00553	0.00535	0.06197
17	0.51254	0.01427	0.14634	0.08638	0.01675	0.01268	0.01013	0.01826	0.04851	0.07279	0.01035	0.01167	0.00763	0.00562	0.00436	0.00180	0.00550	0.00385	0.00359	0.00700
18	0.02138	0.02673	0.01625	0.01466	0.01769	0.74042	0.01104	0.05671	0.01671	0.01503	0.00907	0.01048	0.00748	0.00594	0.00518	0.00148	0.01013	0.00375	0.00308	0.00678
19	0.00832	0.00555	0.00624	0.00624	0.00624	0.00555	0.00347	0.00832	0.00832	0.01109	0.01802	0.03743	0.02080	0.79898	0.02911	0.00555	0.00555	0.00832	0.00347	0.00347
20	0.02106	0.01568	0.01678	0.01302	0.01748	0.01742	0.01071	0.67951	0.09272	0.03495	0.01460	0.01442	0.01043	0.00695	0.00573	0.00174	0.00613	0.00527	0.00573	0.00967
21	0.00803	0.00629	0.00952	0.01070	0.05300	0.00597	0.05159	0.00962	0.01165	0.01564	0.05985	0.60477	0.03464	0.01593	0.00720	0.00227	0.00406	0.07903	0.00506	0.00517

[dist]
# distance from previous block
# <min> <max>
0	1

[block]
# block no. 1 follows, 41 sequences, length 44
# corresponding to MSA columns:
# 160-203
name=unknown_B
#
# <colnr> <probs for GDERKNQSTAVLIFYWHMCP>
#	G	D	E	R	K	N	Q	S	T	A	V	L	I	F	Y	W	H	M	C	P
0	0.02131	0.01049	0.01281	0.01032	0.01419	0.01031	0.00836	0.10003	0.17565	0.45870	0.02143	0.01947	0.01447	0.00716	0.00559	0.00176	0.00472	0.00580	0.08828	0.00915
1	0.01226	0.02254	0.44446	0.08647	0.15755	0.01349	0.12403	0.01810	0.03363	0.01811	0.01091	0.01347	0.00810	0.00538	0.00570	0.00182	0.00815	0.00488	0.00267	0.00829
2	0.01253	0.01054	0.01229	0.01083	0.01366	0.01157	0.04596	0.02378	0.48968	0.03530	0.14201	0.02790	0.08381	0.04542	0.00717	0.00208	0.00442	0.00763	0.00561	0.00781
3	0.01187	0.02157	0.44534	0.01828	0.11750	0.01210	0.11051	0.01698	0.01257	0.03954	0.04693	0.09424	0.01309	0.00692	0.00589	0.00186	0.00751	0.00621	0.00313	0.00795
4	0.01156	0.02477	0.57655	0.01640	0.06610	0.01233	0.04692	0.01730	0.01240	0.01848	0.05267	0.01404	0.01017	0.00562	0.00545	0.00171	0.00765	0.00464	0.00278	0.09247
5	0.01166	0.01654	0.23461	0.40785	0.14797	0.01310	0.05543	0.01627	0.01198	0.01645	0.01036	0.01418	0.00780	0.00549	0.00568	0.00185	0.00784	0.00493	0.00257	0.00745
6	0.01583	0.01558	0.01445	0.09181	0.01763	0.21582	0.01030	0.15478	0.13915	0.02006	0.01571	0.13442	0.01426	0.00855	0.00699	0.00185	0.07912	0.00662	0.00424	0.03283
7	0.00781	0.00533	0.00639	0.00689	0.00701	0.00521	0.00416	0.00819	0.00931	0.01241	0.02309	0.32201	0.02719	0.50567	0.02092	0.00434	0.00471	0.01130	0.00416	0.00391
8	0.01211	0.01031	0.01199	0.00859	0.01366	0.00787	0.00688	0.03244	0.01223	0.01907	0.01025	0.01191	0.00850	0.00430	0.00427	0.00087	0.00429	0.00343	0.00345	0.81358
9	0.01251	0.01328	0.03812	0.06093	0.02009	0.01611	0.18960	0.01491	0.01015	0.01500	0.00893	0.01366	0.00799	0.00937	0.03690	0.00251	0.51526	0.00545	0.00261	0.00663
10	0.74042	0.01171	0.03890	0.07033	0.01387	0.01284	0.00756	0.01669	0.00996	0.02448	0.00823	0.00988	0.00635	0.00535	0.00379	0.00178	0.00484	0.00330	0.00342	0.00630
11	0.02137	0.02726	0.01621	0.01474	0.01768	0.77602	0.01105	0.02284	0.01621	0.01400	0.00884	0.01031	0.00737	0.00589	0.00516	0.00147	0.01031	0.00368	0.00295	0.00663
12	0.01224	0.14996	0.52188	0.04080	0.10353	0.01454	0.01826	0.01755	0.01222	0.01748	0.03434	0.01293	0.00899	0.00552	0.00523	0.00171	0.00769	0.00436	0.00260	0.00818
13	0.01246	0.02713	0.03151	0.07037	0.01751	0.01707	0.04155	0.01414	0.00925	0.01408	0.00791	0.01276	0.00756	0.00933	0.01686	0.00240	0.67419	0.00503	0.00252	0.00638
14	0.00697	0.00498	0.00664	0.00796	0.00830	0.00465	0.00531	0.00796	0.01095	0.01460	0.03153	0.79525	0.03783	0.01792	0.00730	0.00232	0.00332	0.01626	0.00531	0.00465
15	0.00697	0.00498	0.00664	0.00796	0.00830	0.00465	0.00531	0.00796	0.01095	0.01460	0.03153	0.79525	0.03783	0.01792	0.00730	0.00232	0.00332	0.01626	0.00531	0.00465
16	0.01889	0.02128	0.01832	0.03134	0.03157	0.43786	0.10413	0.14810	0.01694	0.01855	0.01122	0.05266	0.00958	0.00675	0.00629	0.00168	0.04898	0.00511	0.00352	0.00723
17	0.00986	0.00497	0.00743	0.00746	0.00747	0.00496	0.00498	0.00746	0.00754	0.01005	0.01046	0.03623	0.01061	0.01982	0.02199	0.81345	0.00493	0.00524	0.00255	0.00254
18	0.02566	0.00973	0.01327	0.01018	0.01460	0.00841	0.00841	0.02788	0.01637	0.76726	0.02257	0.01947	0.01416	0.00708	0.00575	0.00177	0.00487	0.00575	0.00708	0.00973
19	0.01162	0.01189	0.02281	0.27211	0.06711	0.01256	0.31530	0.01527	0.01215	0.01631	0.01380	0.13079	0.01261	0.00737	0.00711	0.00200	0.05185	0.00743	0.00311	0.00680
20	0.01412	0.01380	0.02235	0.07232	0.65917	0.03856	0.01697	0.01736	0.01280	0.01804	0.01048	0.01400	0.00884	0.00543	0.00639	0.00175	0.05107	0.00504	0.00280	0.00868
21	0.01264	0.02387	0.48225	0.06494	0.23371	0.04783	0.01937	0.01797	0.01249	0.01789	0.01033	0.01276	0.00778	0.00538	0.00550	0.00177	0.00802	0.00450	0.00256	0.00842
22	0.00817	0.00613	0.00919	0.00919	0.01021	0.00715	0.00715	0.01021	0.00919	0.01328	0.01532	0.02247	0.01430	0.04290	0.77631	0.00919	0.01532	0.00613	0.00306	0.00511
23	0.64147	0.01209	0.04504	0.07993	0.01536	0.01300	0.04202	0.01751	0.05212	0.02388	0.00930	0.01093	0.00712	0.00547	0.00410	0.00180	0.00515	0.00369	0.00350	0.00654
24	0.10865	0.00987	0.01278	0.00991	0.01424	0.00886	0.00818	0.02675	0.01569	0.69163	0.02108	0.01843	0.01335	0.00690	0.00553	0.00177	0.00482	0.00548	0.00672	0.00937
25	0.00798	0.00576	0.00754	0.00727	0.00852	0.00532	0.00539	0.01051	0.01566	0.02209	0.68596	0.11947	0.05232	0.01233	0.00680	0.00185	0.00276	0.01095	0.00620	0.00532
26	0.01423	0.01229	0.01293	0.01164	0.01487	0.01423	0.00905	0.03039	0.75297	0.02393	0.02328	0.02134	0.01746	0.00776	0.00582	0.00194	0.00453	0.00647	0.00582	0.00905
27	0.02174	0.01602	0.01717	0.01316	0.01774	0.01774	0.01087	0.74423	0.02689	0.03605	0.01373	0.01373	0.00973	0.00687	0.00572	0.00172	0.00629	0.00515	0.00572	0.00973
28	0.00832	0.00555	0.00624	0.00624	0.00624	0.00555	0.00347	0.00832	0.00832	0.01109	0.01802	0.03743	0.02080	0.79898	0.02911	0.00555	0.00555	0.00832	0.00347	0.00347
29	0.01508	0.01233	0.01319	0.01159	0.01481	0.01399	0.00906	0.17936	0.52345	0.02554	0.02210	0.09865	0.01790	0.00861	0.00595	0.00193	0.00478	0.00719	0.00575	0.00875
30	0.01147	0.02959	0.76934	0.01630	0.02476	0.01328	0.02113	0.01811	0.01208	0.01811	0.01026	0.01208	0.00725	0.00543	0.00543	0.00181	0.00845	0.00423	0.00242	0.00845
31	0.00785	0.00521	0.00693	0.00801	0.00852	0.00484	0.00539	0.00888	0.01112	0.04853	0.03072	0.73762	0.03625	0.04067	0.00788	0.00239	0.00345	0.01555	0.00533	0.00484
32	0.01328	0.01269	0.02163	0.23196	0.57333	0.01336	0.01712	0.01678	0.01261	0.01762	0.01060	0.01444	0.00868	0.00526	0.00568	0.00175	0.00701	0.00509	0.00276	0.00835
33	0.00864	0.00646	0.00748	0.00774	0.00956	0.00594	0.00617	0.01118	0.05154	0.04835	0.04515	0.10796	0.43877	0.01443	0.00702	0.00215	0.00375	0.20696	0.00540	0.00536
34	0.02220	0.01165	0.01402	0.01115	0.01533	0.01172	0.00908	0.18021	0.18820	0.44121	0.02086	0.01868	0.01398	0.00719	0.00576	0.00180	0.00509	0.00579	0.00650	0.00958
35	0.01185	0.01184	0.02159	0.49359	0.10621	0.01347	0.18316	0.01571	0.01192	0.01582	0.01040	0.01503	0.00800	0.00569	0.00669	0.00192	0.05208	0.00546	0.00265	0.00692
36	0.02011	0.21277	0.01938	0.01334	0.01682	0.55937	0.01063	0.02170	0.01511	0.04876	0.00926	0.01047	0.00768	0.00571	0.00483	0.00143	0.00905	0.00363	0.00302	0.00695
37	0.00684	0.00580	0.00591	0.00588	0.00778	0.00486	0.00441	0.00837	0.01324	0.01593	0.10251	0.05427	0.71612	0.01431	0.00676	0.00192	0.00288	0.01196	0.00537	0.00486
38	0.00862	0.00674	0.00983	0.00957	0.01042	0.00809	0.00743	0.01044	0.00909	0.01317	0.01472	0.02254	0.01408	0.09428	0.64496	0.00825	0.09347	0.00617	0.00304	0.00511
39	0.00686	0.00571	0.00598	0.00609	0.00783	0.00484	0.00450	0.00833	0.01300	0.01579	0.09482	0.12984	0.64740	0.01468	0.00681	0.00196	0.00293	0.01240	0.00537	0.00484
40	0.01489	0.01498	0.02250	0.03303	0.68726	0.09134	0.01689	0.01809	0.01335	0.01821	0.01056	0.01376	0.00889	0.00518	0.00561	0.00168	0.00715	0.00495	0.00284	0.00881
41	0.00810	0.00585	0.00765	0.00720	0.00855	0.00540	0.00540	0.01079	0.01619	0.02294	0.76028	0.04273	0.05397	0.01169	0.00675	0.00180	0.00270	0.01034	0.00630	0.00540
42	0.83938	0.01106	0.00841	0.00752	0.01106	0.01283	0.00619	0.01681	0.00973	0.02566	0.00796	0.00929	0.00619	0.00531	0.00354	0.00177	0.00442	0.00310	0.00354	0.00619
43	0.01147	0.02959	0.76934	0.01630	0.02476	0.01328	0.02113	0.01811	0.01208	0.01811	0.01026	0.01208	0.00725	0.00543	0.00543	0.00181	0.00845	0.00423	0.00242	0.00845

[dist]
# distance from previous block
# <min> <max>
0	2

[block]
# block no. 2 follows, 41 sequences, length 37
# corresponding to MSA columns:
# 206-242
name=unknown_C
#
# <colnr> <probs for GDERKNQSTAVLIFYWHMCP>
#	G	D	E	R	K	N	Q	S	T	A	V	L	I	F	Y	W	H	M	C	P
0	0.01529	0.80242	0.02997	0.00979	0.01468	0.02263	0.00979	0.01713	0.01162	0.01346	0.00795	0.00918	0.00734	0.00489	0.00367	0.00122	0.00612	0.00306	0.00245	0.00734
1	0.01275	0.01284	0.02398	0.01761	0.02244	0.01174	0.42657	0.05963	0.01358	0.01897	0.01399	0.11699	0.01252	0.00653	0.00616	0.00171	0.00732	0.00710	0.00350	0.20406
2	0.00790	0.00565	0.00732	0.00725	0.00827	0.00527	0.00519	0.01001	0.01442	0.02018	0.54794	0.18757	0.04765	0.08881	0.00901	0.00226	0.00309	0.01129	0.00583	0.00507
3	0.00897	0.00612	0.00697	0.00689	0.00722	0.00618	0.00417	0.05368	0.00981	0.01309	0.01953	0.13559	0.02235	0.64743	0.02480	0.00489	0.00530	0.00917	0.00385	0.00401
4	0.01404	0.01146	0.01303	0.00951	0.01448	0.00986	0.00768	0.17557	0.01518	0.02248	0.01095	0.01227	0.00875	0.00482	0.00456	0.00104	0.00469	0.00378	0.00390	0.65194
5	0.01302	0.14921	0.15297	0.01052	0.01607	0.01207	0.01023	0.05572	0.04801	0.01885	0.01062	0.01200	0.00855	0.00488	0.00451	0.00119	0.00545	0.00373	0.00329	0.45910
6	0.01497	0.01242	0.01423	0.01417	0.10090	0.01384	0.01000	0.12117	0.50286	0.04085	0.02257	0.02206	0.05584	0.00783	0.00588	0.00189	0.00495	0.01925	0.00545	0.00886
7	0.01066	0.00533	0.00533	0.00533	0.00666	0.00533	0.00400	0.01333	0.01200	0.02132	0.01866	0.02132	0.01466	0.00666	0.00400	0.00133	0.00267	0.00533	0.83073	0.00533
8	0.01690	0.01949	0.01770	0.12112	0.22485	0.39126	0.01313	0.01961	0.03456	0.01570	0.01225	0.01450	0.04408	0.00621	0.00577	0.00165	0.02616	0.00476	0.00304	0.00723
9	0.00676	0.00579	0.00579	0.00579	0.00773	0.00483	0.00435	0.00821	0.01304	0.01545	0.05794	0.05505	0.76098	0.01449	0.00676	0.00193	0.00290	0.01207	0.00531	0.00483
10	0.36210	0.18972	0.16838	0.02802	0.01578	0.01527	0.01062	0.01888	0.10837	0.02096	0.01049	0.01155	0.00817	0.00557	0.00430	0.00168	0.00570	0.00381	0.00335	0.00729
11	0.01405	0.01315	0.01919	0.02661	0.49909	0.05109	0.01428	0.06280	0.09429	0.01956	0.01494	0.11740	0.01371	0.00722	0.00587	0.00180	0.00624	0.00665	0.00367	0.00840
12	0.12711	0.02191	0.01637	0.06335	0.13798	0.50727	0.01175	0.02070	0.01456	0.01632	0.00911	0.01109	0.00750	0.00568	0.00506	0.00157	0.00881	0.00392	0.00298	0.00695
13	0.00853	0.00547	0.00640	0.00640	0.00640	0.00547	0.00366	0.00820	0.00820	0.01094	0.01696	0.03480	0.01937	0.69656	0.02822	0.11440	0.00547	0.00788	0.00334	0.00334
14	0.00725	0.00523	0.00694	0.00820	0.00874	0.00491	0.00578	0.00849	0.01134	0.01497	0.03262	0.66389	0.07167	0.01748	0.00735	0.00235	0.00355	0.10920	0.00530	0.00474
15	0.02174	0.01602	0.01717	0.01316	0.01774	0.01774	0.01087	0.74423	0.02689	0.03605	0.01373	0.01373	0.00973	0.00687	0.00572	0.00172	0.00629	0.00515	0.00572	0.00973
16	0.00697	0.00498	0.00664	0.00796	0.00830	0.00465	0.00531	0.00796	0.01095	0.01460	0.03153	0.79525	0.03783	0.01792	0.00730	0.00232	0.00332	0.01626	0.00531	0.00465
17	0.02137	0.02726	0.01621	0.01474	0.01768	0.77602	0.01105	0.02284	0.01621	0.01400	0.00884	0.01031	0.00737	0.00589	0.00516	0.00147	0.01031	0.00368	0.00295	0.00663
18	0.00817	0.00613	0.00919	0.00919	0.01021	0.00715	0.00715	0.01021	0.00919	0.01328	0.01532	0.02247	0.01430	0.04290	0.77631	0.00919	0.01532	0.00613	0.00306	0.00511
19	0.00726	0.00519	0.00698	0.00830	0.00876	0.00490	0.00582	0.00848	0.01124	0.01493	0.03136	0.69919	0.03719	0.01764	0.00738	0.00236	0.00357	0.10940	0.00530	0.00473
20	0.27139	0.01014	0.01180	0.00938	0.01353	0.00974	0.00774	0.02454	0.01437	0.54332	0.01816	0.01640	0.01175	0.00655	0.00508	0.00177	0.00473	0.00495	0.00601	0.00867
21	0.16505	0.02024	0.36204	0.05490	0.02052	0.01330	0.01470	0.14392	0.01473	0.12086	0.01206	0.01300	0.00841	0.00589	0.00520	0.00179	0.00684	0.00443	0.00381	0.00832
22	0.00817	0.00613	0.00919	0.00919	0.01021	0.00715	0.00715	0.01021	0.00919	0.01328	0.01532	0.02247	0.01430	0.04290	0.77631	0.00919	0.01532	0.00613	0.00306	0.00511
23	0.00867	0.00820	0.05566	0.01356	0.15511	0.00694	0.00858	0.01058	0.01178	0.01605	0.06309	0.52341	0.06760	0.01422	0.00682	0.00213	0.00425	0.01288	0.00471	0.00577
24	0.01279	0.02042	0.29289	0.02136	0.02808	0.01405	0.48839	0.01825	0.01300	0.01825	0.01111	0.01425	0.00817	0.00504	0.00629	0.00189	0.00922	0.00586	0.00272	0.00797
25	0.01186	0.01017	0.01186	0.00847	0.01356	0.00762	0.00678	0.01440	0.01186	0.01864	0.01017	0.01186	0.00847	0.00424	0.00424	0.00085	0.00424	0.00339	0.00339	0.83395
26	0.01388	0.01387	0.02484	0.04928	0.42650	0.01391	0.23247	0.01939	0.11039	0.01916	0.01263	0.01551	0.01001	0.00538	0.00601	0.00180	0.00737	0.00577	0.00323	0.00858
27	0.02095	0.01007	0.01300	0.03244	0.01510	0.00906	0.00842	0.02498	0.10503	0.50135	0.02019	0.01916	0.01374	0.00679	0.00553	0.00164	0.00480	0.02102	0.00608	0.16067
28	0.02428	0.01195	0.01465	0.01123	0.01571	0.01169	0.00928	0.28023	0.02008	0.50967	0.01945	0.01745	0.01260	0.00700	0.00574	0.00175	0.00537	0.00554	0.00660	0.00973
29	0.01214	0.02234	0.44837	0.12096	0.15252	0.01340	0.07494	0.01819	0.04954	0.01806	0.01109	0.01357	0.00823	0.00548	0.00563	0.00182	0.00796	0.00480	0.00271	0.00825
30	0.83938	0.01106	0.00841	0.00752	0.01106	0.01283	0.00619	0.01681	0.00973	0.02566	0.00796	0.00929	0.00619	0.00531	0.00354	0.00177	0.00442	0.00310	0.00354	0.00619
31	0.01066	0.00533	0.00533	0.00533	0.00666	0.00533	0.00400	0.01333	0.01200	0.02132	0.01866	0.02132	0.01466	0.00666	0.00400	0.00133	0.00267	0.00533	0.83073	0.00533
32	0.00819	0.00623	0.00817	0.00851	0.04918	0.00573	0.00589	0.01068	0.01539	0.02132	0.59149	0.06480	0.15905	0.01194	0.00671	0.00183	0.00297	0.01050	0.00593	0.00549
33	0.00780	0.00572	0.00748	0.00852	0.00950	0.00540	0.00657	0.00953	0.01231	0.01603	0.06978	0.38663	0.14500	0.01635	0.00741	0.00235	0.00392	0.26942	0.00534	0.00493
34	0.01967	0.01414	0.01549	0.01218	0.01609	0.01550	0.00987	0.58143	0.06307	0.04548	0.01385	0.01470	0.01023	0.00858	0.00789	0.11107	0.00596	0.00518	0.00528	0.02435
35	0.20850	0.01392	0.01371	0.02823	0.01539	0.06499	0.00912	0.38430	0.02001	0.06961	0.10339	0.01636	0.01434	0.00702	0.00531	0.00173	0.00565	0.00524	0.00511	0.00810
36	0.01306	0.01284	0.03541	0.01571	0.02062	0.01137	0.32076	0.08971	0.01400	0.01986	0.01329	0.09288	0.01164	0.00616	0.00579	0.00156	0.00674	0.00632	0.00359	0.29869

[dist]
# distance from previous block
# <min> <max>
0	4

[block]
# block no. 3 follows, 41 sequences, length 15
# corresponding to MSA columns:
# 247-261
name=unknown_D
#
# <colnr> <probs for GDERKNQSTAVLIFYWHMCP>
#	G	D	E	R	K	N	Q	S	T	A	V	L	I	F	Y	W	H	M	C	P
0	0.04058	0.49695	0.17185	0.01183	0.01705	0.14690	0.01211	0.01827	0.01242	0.01483	0.00855	0.00994	0.00729	0.00518	0.00426	0.00140	0.00723	0.00339	0.00256	0.00740
1	0.01309	0.01483	0.10405	0.14783	0.41528	0.01315	0.12064	0.01706	0.01266	0.01793	0.01069	0.01413	0.00854	0.00514	0.00571	0.00172	0.00735	0.00512	0.00279	0.06228
2	0.01147	0.02959	0.76934	0.01630	0.02476	0.01328	0.02113	0.01811	0.01208	0.01811	0.01026	0.01208	0.00725	0.00543	0.00543	0.00181	0.00845	0.00423	0.00242	0.00845
3	0.00922	0.00728	0.01053	0.01237	0.14832	0.00691	0.00765	0.01205	0.01560	0.02215	0.62148	0.03744	0.04565	0.01047	0.00655	0.00178	0.00346	0.00937	0.00565	0.00608
4	0.16564	0.01225	0.01583	0.01363	0.01428	0.01665	0.01134	0.01433	0.00894	0.01597	0.00759	0.01192	0.00727	0.00914	0.01595	0.00237	0.64330	0.00465	0.00269	0.00625
5	0.00715	0.00601	0.00613	0.00609	0.00801	0.00505	0.00455	0.00860	0.01341	0.01620	0.10377	0.05444	0.71178	0.01445	0.00687	0.00197	0.00299	0.01202	0.00546	0.00502
6	0.00999	0.00789	0.00822	0.00745	0.00974	0.00747	0.00567	0.14484	0.01558	0.01953	0.07331	0.04599	0.54423	0.06424	0.00814	0.00217	0.00380	0.01054	0.00539	0.00582
7	0.01113	0.02530	0.62506	0.01478	0.02190	0.01196	0.01828	0.01694	0.01301	0.01926	0.14945	0.01814	0.01617	0.00678	0.00580	0.00186	0.00747	0.00545	0.00323	0.00802
8	0.00727	0.00520	0.00685	0.00816	0.00852	0.00483	0.00544	0.00819	0.01113	0.01487	0.03171	0.79210	0.03797	0.01805	0.00741	0.00237	0.00342	0.01630	0.00540	0.00480
9	0.01004	0.04649	0.06170	0.01031	0.01331	0.00950	0.08492	0.01481	0.14989	0.01756	0.03797	0.08932	0.38486	0.01144	0.00687	0.00199	0.02804	0.00968	0.00483	0.00645
10	0.01545	0.01077	0.01214	0.01092	0.01389	0.01164	0.00841	0.04720	0.45715	0.15758	0.02462	0.16445	0.02063	0.00967	0.00620	0.00202	0.00452	0.00820	0.00604	0.00851
11	0.01266	0.01067	0.01233	0.00891	0.01398	0.00832	0.00712	0.05288	0.01283	0.01980	0.01064	0.01235	0.00881	0.00457	0.00444	0.00095	0.00444	0.00358	0.00361	0.78712
12	0.01848	0.08728	0.01591	0.01300	0.01588	0.45617	0.00996	0.12429	0.01655	0.01753	0.01397	0.15648	0.01362	0.00836	0.00563	0.00170	0.00815	0.00627	0.00384	0.00692
13	0.01964	0.01357	0.01484	0.01174	0.01542	0.01465	0.00933	0.51956	0.04277	0.09808	0.01587	0.01924	0.01266	0.15379	0.01018	0.00249	0.00607	0.00592	0.00552	0.00868
14	0.07485	0.02209	0.01650	0.01486	0.05167	0.44472	0.01108	0.25366	0.01922	0.02232	0.01073	0.01192	0.00840	0.00632	0.00538	0.00163	0.00855	0.00428	0.00397	0.00785

[dist]
# distance from previous block
# <min> <max>
0	4

[block]
# block no. 4 follows, 41 sequences, length 13
# corresponding to MSA columns:
# 266-278
name=unknown_E
#
# <colnr> <probs for GDERKNQSTAVLIFYWHMCP>
#	G	D	E	R	K	N	Q	S	T	A	V	L	I	F	Y	W	H	M	C	P
0	0.02250	0.01656	0.01770	0.01371	0.01832	0.01812	0.01120	0.73436	0.02724	0.03660	0.01458	0.01496	0.01056	0.00745	0.00610	0.00188	0.00658	0.00543	0.00599	0.01014
1	0.02503	0.01010	0.01342	0.01036	0.01474	0.00903	0.00854	0.05755	0.04721	0.70639	0.02223	0.01931	0.01411	0.00710	0.00575	0.00177	0.00491	0.00576	0.00697	0.00971
2	0.00812	0.00546	0.00630	0.00650	0.00655	0.00541	0.00374	0.00827	0.00871	0.01162	0.02004	0.15073	0.02334	0.68221	0.02585	0.00506	0.00521	0.00951	0.00374	0.00364
3	0.01350	0.01543	0.03375	0.02411	0.02989	0.01446	0.74253	0.01832	0.01350	0.01832	0.01157	0.01543	0.00868	0.00482	0.00675	0.00193	0.00964	0.00675	0.00289	0.00771
4	0.00810	0.00585	0.00765	0.00720	0.00855	0.00540	0.00540	0.01079	0.01619	0.02294	0.76028	0.04273	0.05397	0.01169	0.00675	0.00180	0.00270	0.01034	0.00630	0.00540
5	0.01529	0.80242	0.02997	0.00979	0.01468	0.02263	0.00979	0.01713	0.01162	0.01346	0.00795	0.00918	0.00734	0.00489	0.00367	0.00122	0.00612	0.00306	0.00245	0.00734
6	0.00713	0.00581	0.00630	0.00618	0.00795	0.00498	0.00463	0.00892	0.01390	0.01750	0.24992	0.05168	0.56773	0.01372	0.00676	0.00190	0.00284	0.01160	0.00558	0.00498
7	0.00853	0.00739	0.00865	0.12326	0.01355	0.00740	0.00682	0.01254	0.11977	0.01704	0.09224	0.04342	0.49431	0.01202	0.00647	0.00192	0.00383	0.01010	0.00504	0.00570
8	0.00724	0.00581	0.00646	0.00630	0.00802	0.00503	0.00472	0.00913	0.01417	0.01813	0.30947	0.05063	0.50778	0.01349	0.00676	0.00188	0.00283	0.01145	0.00566	0.00503
9	0.01472	0.68688	0.14052	0.01076	0.01619	0.02123	0.01148	0.01728	0.01169	0.01415	0.00830	0.00961	0.00733	0.00497	0.00393	0.00131	0.00647	0.00323	0.00244	0.00751
10	0.00687	0.00557	0.00610	0.00645	0.00792	0.00480	0.00465	0.00825	0.01260	0.01553	0.07966	0.25686	0.53418	0.01531	0.00691	0.00203	0.00300	0.01315	0.00535	0.00480
11	0.01136	0.01111	0.01991	0.63774	0.07049	0.01301	0.12460	0.01530	0.01182	0.01535	0.01040	0.01523	0.00785	0.00556	0.00587	0.00190	0.00789	0.00533	0.00261	0.00668
12	0.01186	0.01017	0.01186	0.00847	0.01356	0.00762	0.00678	0.01440	0.01186	0.01864	0.01017	0.01186	0.00847	0.00424	0.00424	0.00085	0.00424	0.00339	0.00339	0.83395

[dist]
# distance from previous block
# <min> <max>
5	6

[block]
# block no. 5 follows, 41 sequences, length 14
# corresponding to MSA columns:
# 285-298
name=unknown_F
#
# <colnr> <probs for GDERKNQSTAVLIFYWHMCP>
#	G	D	E	R	K	N	Q	S	T	A	V	L	I	F	Y	W	H	M	C	P
0	0.00781	0.00562	0.00743	0.00767	0.00869	0.00524	0.00563	0.00996	0.01430	0.01986	0.47559	0.28630	0.04733	0.01398	0.00700	0.00203	0.00307	0.06144	0.00591	0.00515
1	0.00971	0.00791	0.03574	0.06126	0.01220	0.00777	0.00761	0.01230	0.01445	0.05485	0.51377	0.06197	0.04033	0.02884	0.00860	0.00200	0.10043	0.00907	0.00538	0.00580
2	0.01261	0.01201	0.02043	0.38048	0.43000	0.01318	0.01679	0.01620	0.01229	0.01681	0.01049	0.01466	0.00840	0.00538	0.00569	0.00179	0.00718	0.00509	0.00270	0.00781
3	0.01836	0.33152	0.02172	0.01281	0.01632	0.42709	0.01065	0.01997	0.01389	0.01377	0.00840	0.01002	0.00737	0.00578	0.00551	0.00145	0.06225	0.00353	0.00272	0.00688
4	0.00732	0.00525	0.00695	0.00773	0.00837	0.00488	0.00534	0.00884	0.01258	0.01719	0.25753	0.56187	0.04284	0.01599	0.00713	0.00216	0.00313	0.01443	0.00562	0.00488
5	0.00805	0.00596	0.00691	0.00659	0.00835	0.00522	0.00497	0.01010	0.01460	0.04587	0.37808	0.04813	0.41062	0.01294	0.00672	0.00187	0.00288	0.01105	0.00583	0.00526
6	0.00697	0.00498	0.00664	0.00796	0.00830	0.00465	0.00531	0.00796	0.01095	0.01460	0.03153	0.79525	0.03783	0.01792	0.00730	0.00232	0.00332	0.01626	0.00531	0.00465
7	0.00690	0.00570	0.00606	0.00618	0.00787	0.00485	0.00455	0.00840	0.01305	0.01598	0.11426	0.14538	0.61173	0.01467	0.00683	0.00197	0.00293	0.01244	0.00539	0.00485
8	0.00697	0.00498	0.00664	0.00796	0.00830	0.00465	0.00531	0.00796	0.01095	0.01460	0.03153	0.79525	0.03783	0.01792	0.00730	0.00232	0.00332	0.01626	0.00531	0.00465
9	0.01387	0.01330	0.02270	0.09874	0.70189	0.01352	0.01741	0.01730	0.01289	0.01834	0.01071	0.01425	0.00894	0.00515	0.00567	0.00172	0.00687	0.00510	0.00281	0.00883
10	0.01066	0.00533	0.00533	0.00533	0.00666	0.00533	0.00400	0.01333	0.01200	0.02132	0.01866	0.02132	0.01466	0.00666	0.00400	0.00133	0.00267	0.00533	0.83073	0.00533
11	0.01617	0.01421	0.08025	0.06765	0.49254	0.01295	0.01579	0.06831	0.01435	0.14285	0.01283	0.01489	0.00972	0.00560	0.00567	0.00173	0.00662	0.00514	0.00368	0.00903
12	0.01484	0.01445	0.02212	0.07227	0.63752	0.06522	0.01669	0.05402	0.01385	0.01902	0.01075	0.01393	0.00890	0.00527	0.00563	0.00170	0.00705	0.00500	0.00297	0.00879
13	0.02084	0.01439	0.01588	0.01220	0.01664	0.01536	0.01004	0.57587	0.02413	0.11831	0.05176	0.01571	0.01236	0.00695	0.00568	0.00167	0.00581	0.00536	0.00575	0.06528

[dist]
# distance from previous block
# <min> <max>
0	2

[block]
# block no. 6 follows, 41 sequences, length 15
# corresponding to MSA columns:
# 301-315
name=unknown_G
#
# <colnr> <probs for GDERKNQSTAVLIFYWHMCP>
#	G	D	E	R	K	N	Q	S	T	A	V	L	I	F	Y	W	H	M	C	P
0	0.00994	0.00497	0.00745	0.00745	0.00745	0.00497	0.00497	0.00745	0.00745	0.00994	0.00994	0.01739	0.00994	0.01987	0.02235	0.83358	0.00497	0.00497	0.00248	0.00248
1	0.00810	0.00585	0.00765	0.00720	0.00855	0.00540	0.00540	0.01079	0.01619	0.02294	0.76028	0.04273	0.05397	0.01169	0.00675	0.00180	0.00270	0.01034	0.00630	0.00540
2	0.00729	0.00602	0.00643	0.00629	0.00814	0.00526	0.00473	0.00949	0.03790	0.01734	0.20823	0.05129	0.58426	0.01366	0.00673	0.00190	0.00291	0.01152	0.00554	0.00509
3	0.07445	0.01325	0.02186	0.06693	0.67554	0.01350	0.01665	0.01737	0.01271	0.01901	0.01053	0.01385	0.00879	0.00514	0.00551	0.00171	0.00666	0.00495	0.00287	0.00873
4	0.02032	0.01387	0.01537	0.01201	0.01613	0.01495	0.00984	0.53859	0.05196	0.12659	0.10452	0.01822	0.01588	0.00750	0.00585	0.00174	0.00562	0.00590	0.00597	0.00918
5	0.01017	0.00883	0.01308	0.06768	0.01369	0.01034	0.08236	0.01139	0.00924	0.01293	0.01377	0.02597	0.01462	0.40486	0.06100	0.00427	0.22089	0.00690	0.00306	0.00496
6	0.01611	0.55130	0.02604	0.06257	0.06313	0.16822	0.01091	0.01810	0.01259	0.01396	0.00844	0.01010	0.00747	0.00515	0.00422	0.00135	0.00707	0.00344	0.00257	0.00724
7	0.00781	0.00584	0.00725	0.00690	0.00837	0.00528	0.00517	0.01025	0.01552	0.02135	0.61156	0.04534	0.20369	0.01228	0.00675	0.00183	0.00274	0.01071	0.00609	0.00528
8	0.01419	0.01416	0.04780	0.02570	0.44224	0.05440	0.05459	0.07125	0.07635	0.01980	0.01622	0.02028	0.05984	0.00676	0.00591	0.00180	0.00663	0.05012	0.00360	0.00837
9	0.79518	0.01099	0.00867	0.00767	0.01125	0.01259	0.00631	0.01741	0.01009	0.06595	0.00876	0.00984	0.00663	0.00541	0.00366	0.00177	0.00445	0.00324	0.00373	0.00639
10	0.01890	0.01997	0.01810	0.01951	0.20818	0.36011	0.01267	0.14053	0.03344	0.04097	0.01077	0.01254	0.00863	0.00623	0.00641	0.00167	0.06546	0.00451	0.00353	0.00788
11	0.00706	0.00505	0.00672	0.00790	0.00832	0.00471	0.00532	0.00820	0.01139	0.01530	0.09273	0.73205	0.03919	0.01740	0.00725	0.00228	0.00327	0.01576	0.00539	0.00471
12	0.01307	0.06975	0.26849	0.05652	0.37902	0.01437	0.01774	0.01727	0.01220	0.01758	0.01012	0.01306	0.00816	0.00563	0.00656	0.00178	0.07298	0.00467	0.00263	0.00840
13	0.00917	0.00613	0.00772	0.00715	0.00885	0.00552	0.00542	0.01159	0.01560	0.07773	0.56982	0.04333	0.18660	0.01188	0.00667	0.00182	0.00290	0.01033	0.00617	0.00562
14	0.00735	0.00571	0.00665	0.00684	0.00824	0.00508	0.00506	0.00908	0.01335	0.01723	0.23499	0.17854	0.38047	0.04175	0.00770	0.00213	0.00316	0.05625	0.00550	0.00493

[dist]
# distance from previous block
# <min> <max>
4	360

[block]
# block no. 7 follows, 41 sequences, length 8
# corresponding to MSA columns:
# 705-712
name=unknown_H
#
# <colnr> <probs for GDERKNQSTAVLIFYWHMCP>
#	G	D	E	R	K	N	Q	S	T	A	V	L	I	F	Y	W	H	M	C	P
0	0.00859	0.00585	0.00878	0.00878	0.00956	0.00663	0.00663	0.00956	0.00878	0.01249	0.01404	0.02126	0.01326	0.03744	0.59744	0.20478	0.01286	0.00585	0.00293	0.00448
1	0.01096	0.00898	0.01010	0.00988	0.01185	0.00986	0.00733	0.02025	0.40999	0.02030	0.08749	0.31715	0.02823	0.01195	0.00646	0.00207	0.00392	0.01051	0.00567	0.00708
2	0.01039	0.01069	0.00863	0.00858	0.01030	0.18779	0.00627	0.01183	0.01353	0.01551	0.09788	0.22893	0.34235	0.01308	0.00651	0.00191	0.00475	0.01099	0.00483	0.00526
3	0.00679	0.00568	0.00591	0.00610	0.00781	0.00480	0.00448	0.00817	0.01274	0.01533	0.05417	0.16066	0.65780	0.01498	0.00684	0.00199	0.00296	0.01267	0.00531	0.00480
4	0.01391	0.02637	0.59089	0.01556	0.02309	0.01434	0.01870	0.19038	0.01559	0.02237	0.01109	0.01247	0.00783	0.00577	0.00550	0.00179	0.00794	0.00445	0.00320	0.00876
5	0.01718	0.02036	0.01358	0.01280	0.01515	0.51078	0.00947	0.02013	0.09449	0.01521	0.01578	0.19773	0.01568	0.00895	0.00574	0.00173	0.00803	0.00697	0.00382	0.00642
6	0.00725	0.00570	0.00655	0.00659	0.00809	0.00500	0.00485	0.00907	0.01383	0.01791	0.29662	0.15641	0.41374	0.01401	0.00683	0.00194	0.00289	0.01207	0.00565	0.00500
7	0.01066	0.00533	0.00533	0.00533	0.00666	0.00533	0.00400	0.01333	0.01200	0.02132	0.01866	0.02132	0.01466	0.00666	0.00400	0.00133	0.00267	0.00533	0.83073	0.00533

[dist]
# distance from previous block
# <min> <max>
0	194

# created by:
# /software/SequenceAnalysis/GenePrediction/augustus/3.0.1/scripts/msa2prfl.pl ./fixed/BUSCOvEOG7869SB.fas
