[name]
unknown

[dist]
# distance from previous block
# <min> <max>
0	229

[block]
# block no. 0 follows, 41 sequences, length 6
# corresponding to MSA columns:
# 254-259
name=unknown_A
#
# <colnr> <probs for GDERKNQSTAVLIFYWHMCP>
#	G	D	E	R	K	N	Q	S	T	A	V	L	I	F	Y	W	H	M	C	P
0	0.00753	0.00588	0.00689	0.00701	0.00859	0.00524	0.00541	0.00950	0.01390	0.01791	0.26534	0.09175	0.40492	0.01401	0.00695	0.00201	0.00320	0.11331	0.00560	0.00505
1	0.01259	0.02176	0.36279	0.02062	0.02760	0.01394	0.41984	0.01823	0.01286	0.01823	0.01099	0.01393	0.00804	0.00510	0.00616	0.00188	0.00911	0.00562	0.00268	0.00805
2	0.00814	0.00603	0.00772	0.00781	0.00926	0.00560	0.00621	0.01059	0.01481	0.02003	0.43886	0.05072	0.17912	0.01329	0.00705	0.00204	0.00341	0.19819	0.00584	0.00526
3	0.01416	0.01359	0.02322	0.03511	0.76330	0.01359	0.01755	0.01755	0.01302	0.01869	0.01076	0.01416	0.00906	0.00510	0.00566	0.00170	0.00680	0.00510	0.00283	0.00906
4	0.02056	0.22021	0.01990	0.01181	0.01639	0.08397	0.07687	0.05118	0.01503	0.36377	0.01547	0.01494	0.01077	0.00603	0.00516	0.00156	0.00616	0.00480	0.00485	0.05054
5	0.01367	0.01309	0.02233	0.14450	0.65773	0.01346	0.01731	0.01713	0.01279	0.01809	0.01067	0.01432	0.00885	0.00519	0.00567	0.00173	0.00692	0.00509	0.00279	0.00867

[dist]
# distance from previous block
# <min> <max>
0	3

[block]
# block no. 1 follows, 41 sequences, length 37
# corresponding to MSA columns:
# 263-299
name=unknown_B
#
# <colnr> <probs for GDERKNQSTAVLIFYWHMCP>
#	G	D	E	R	K	N	Q	S	T	A	V	L	I	F	Y	W	H	M	C	P
0	0.01174	0.01081	0.01771	0.77438	0.03967	0.01318	0.01615	0.01525	0.01202	0.01550	0.01110	0.01649	0.00852	0.00633	0.00611	0.00207	0.00790	0.00538	0.00287	0.00683
1	0.01340	0.01054	0.01232	0.00890	0.01391	0.00837	0.00716	0.06573	0.01318	0.06618	0.01118	0.01246	0.00891	0.00459	0.00443	0.00096	0.00442	0.00366	0.00378	0.72590
2	0.01401	0.01344	0.02296	0.06736	0.73218	0.01355	0.01748	0.01743	0.01296	0.01851	0.01073	0.01420	0.00900	0.00512	0.00567	0.00171	0.00683	0.00510	0.00282	0.00894
3	0.01475	0.01165	0.01326	0.00972	0.01465	0.01023	0.00787	0.20160	0.01583	0.04281	0.01141	0.01254	0.00894	0.00498	0.00466	0.00109	0.00478	0.00390	0.00408	0.60124
4	0.01221	0.01079	0.01458	0.01303	0.01372	0.01406	0.01090	0.05854	0.01112	0.01657	0.01377	0.02442	0.01370	0.01072	0.01426	0.00237	0.49953	0.15719	0.08234	0.00617
5	0.01066	0.00533	0.00533	0.00533	0.00666	0.00533	0.00400	0.01333	0.01200	0.02132	0.01866	0.02132	0.01466	0.00666	0.00400	0.00133	0.00267	0.00533	0.83073	0.00533
6	0.00832	0.00555	0.00624	0.00624	0.00624	0.00555	0.00347	0.00832	0.00832	0.01109	0.01802	0.03743	0.02080	0.79898	0.02911	0.00555	0.00555	0.00832	0.00347	0.00347
7	0.02137	0.02726	0.01621	0.01474	0.01768	0.77602	0.01105	0.02284	0.01621	0.01400	0.00884	0.01031	0.00737	0.00589	0.00516	0.00147	0.01031	0.00368	0.00295	0.00663
8	0.01066	0.00533	0.00533	0.00533	0.00666	0.00533	0.00400	0.01333	0.01200	0.02132	0.01866	0.02132	0.01466	0.00666	0.00400	0.00133	0.00267	0.00533	0.83073	0.00533
9	0.75218	0.01196	0.05538	0.00797	0.01172	0.01253	0.00702	0.01674	0.00998	0.02501	0.00857	0.00999	0.00663	0.00538	0.00368	0.00175	0.00460	0.00326	0.03935	0.00630
10	0.02018	0.01485	0.01605	0.01261	0.01674	0.01635	0.01028	0.66626	0.02521	0.03378	0.01562	0.09649	0.01270	0.00804	0.00589	0.00178	0.00598	0.00633	0.00568	0.00919
11	0.01403	0.02520	0.56329	0.01503	0.02244	0.01342	0.01797	0.13610	0.01473	0.06742	0.01158	0.01279	0.00814	0.00571	0.00544	0.00175	0.00767	0.00443	0.00329	0.04957
12	0.07109	0.12470	0.51471	0.01412	0.02121	0.01417	0.01695	0.05111	0.01293	0.09207	0.01117	0.01231	0.00797	0.00558	0.00512	0.00172	0.00743	0.00419	0.00310	0.00834
13	0.01251	0.01251	0.01752	0.01502	0.01502	0.01752	0.01251	0.01377	0.00876	0.01377	0.00751	0.01251	0.00751	0.01001	0.01877	0.00250	0.78851	0.00501	0.00250	0.00626
14	0.01350	0.01543	0.03375	0.02411	0.02989	0.01446	0.74253	0.01832	0.01350	0.01832	0.01157	0.01543	0.00868	0.00482	0.00675	0.00193	0.00964	0.00675	0.00289	0.00771
15	0.00838	0.00608	0.00819	0.00938	0.01050	0.00589	0.00770	0.01046	0.01256	0.01628	0.03332	0.25884	0.10549	0.01624	0.00763	0.00248	0.00451	0.46572	0.00528	0.00506
16	0.01313	0.01254	0.02136	0.26526	0.54119	0.01332	0.01704	0.01665	0.01254	0.01744	0.01058	0.01449	0.00862	0.00529	0.00568	0.00176	0.00705	0.00509	0.00274	0.00823
17	0.01504	0.75037	0.07977	0.01023	0.01536	0.02200	0.01055	0.01719	0.01165	0.01377	0.00811	0.00937	0.00733	0.00493	0.00379	0.00126	0.00627	0.00314	0.00244	0.00742
18	0.01066	0.00533	0.00533	0.00533	0.00666	0.00533	0.00400	0.01333	0.01200	0.02132	0.01866	0.02132	0.01466	0.00666	0.00400	0.00133	0.00267	0.00533	0.83073	0.00533
19	0.01229	0.01042	0.01209	0.00867	0.01374	0.00806	0.00695	0.04578	0.01251	0.01939	0.01032	0.01194	0.00853	0.00435	0.00430	0.00088	0.00432	0.00346	0.00349	0.79851
20	0.01128	0.00974	0.01610	0.02012	0.27112	0.00966	0.07440	0.01436	0.01315	0.01776	0.02200	0.04307	0.02268	0.01120	0.00704	0.00225	0.00616	0.41692	0.00423	0.00678
21	0.01260	0.01068	0.01237	0.00899	0.01408	0.00806	0.00710	0.01491	0.01232	0.01930	0.01091	0.01290	0.00918	0.00475	0.00457	0.00099	0.00450	0.00365	0.00364	0.82448
22	0.01241	0.01156	0.01914	0.58540	0.22403	0.01331	0.01653	0.01587	0.01231	0.01636	0.01107	0.01597	0.00871	0.00606	0.00602	0.00199	0.00764	0.00532	0.00288	0.00743
23	0.01976	0.31339	0.02174	0.01335	0.01706	0.48952	0.01086	0.02115	0.01493	0.01452	0.00928	0.01095	0.00808	0.00602	0.00493	0.00152	0.00896	0.00371	0.00302	0.00728
24	0.01965	0.01001	0.01455	0.01204	0.01570	0.00906	0.08320	0.02249	0.04526	0.43287	0.02390	0.07716	0.01955	0.00975	0.00667	0.00212	0.00556	0.15432	0.00624	0.02993
25	0.02624	0.01026	0.01376	0.01067	0.01512	0.00884	0.00871	0.02823	0.01678	0.75901	0.02317	0.02041	0.01480	0.00756	0.00607	0.00191	0.00512	0.00598	0.00729	0.01008
26	0.01357	0.01045	0.01641	0.57236	0.03269	0.01222	0.01414	0.01670	0.01280	0.12287	0.06444	0.01860	0.01247	0.00704	0.00679	0.00205	0.04777	0.00577	0.00371	0.00715
27	0.00756	0.00636	0.00637	0.00634	0.00832	0.00530	0.00470	0.00879	0.01349	0.01615	0.05812	0.05557	0.75273	0.01488	0.00706	0.00207	0.00318	0.01222	0.00554	0.00523
28	0.02156	0.01882	0.01696	0.01383	0.01788	0.20494	0.01101	0.50319	0.06192	0.02988	0.01377	0.01451	0.01035	0.00801	0.02427	0.00198	0.00765	0.00512	0.00520	0.00916
29	0.01236	0.02904	0.72198	0.01770	0.06360	0.01367	0.02110	0.01855	0.01259	0.01881	0.01104	0.01322	0.00806	0.00592	0.00576	0.00194	0.00858	0.00452	0.00270	0.00885
30	0.01416	0.01334	0.02231	0.19386	0.60189	0.01377	0.01740	0.01741	0.01314	0.01849	0.01137	0.01540	0.00946	0.00573	0.00599	0.00188	0.00720	0.00533	0.00303	0.00884
31	0.01156	0.01068	0.01760	0.77650	0.03962	0.01309	0.01610	0.01512	0.01191	0.01532	0.01091	0.01625	0.00834	0.00621	0.00603	0.00204	0.00785	0.00532	0.00280	0.00674
32	0.01487	0.01407	0.02359	0.03531	0.75490	0.01396	0.01775	0.01803	0.01347	0.01935	0.01150	0.01517	0.00976	0.00560	0.00598	0.00184	0.00703	0.00533	0.00309	0.00941
33	0.01328	0.02798	0.68152	0.01659	0.02464	0.01336	0.04688	0.01926	0.01289	0.07063	0.01191	0.01375	0.00850	0.00602	0.00582	0.00195	0.00846	0.00467	0.00302	0.00888
34	0.00903	0.00640	0.00824	0.00821	0.00878	0.00679	0.00561	0.00982	0.00925	0.01290	0.01737	0.03092	0.01821	0.42401	0.39087	0.00740	0.01052	0.00746	0.00352	0.00468
35	0.01297	0.01141	0.01183	0.05962	0.01521	0.13282	0.00995	0.08191	0.01503	0.01862	0.02468	0.12863	0.02602	0.01335	0.00734	0.00241	0.00636	0.41054	0.00500	0.00630
36	0.01495	0.48721	0.13113	0.01420	0.01942	0.01975	0.14778	0.01773	0.01230	0.01574	0.00968	0.01203	0.00831	0.00581	0.00587	0.00167	0.06146	0.00430	0.00279	0.00786

[dist]
# distance from previous block
# <min> <max>
12	18

[block]
# block no. 2 follows, 41 sequences, length 13
# corresponding to MSA columns:
# 318-330
name=unknown_C
#
# <colnr> <probs for GDERKNQSTAVLIFYWHMCP>
#	G	D	E	R	K	N	Q	S	T	A	V	L	I	F	Y	W	H	M	C	P
0	0.00797	0.00584	0.00747	0.00706	0.00847	0.00534	0.00530	0.01055	0.01589	0.02222	0.69281	0.04391	0.12189	0.01196	0.00675	0.00181	0.00272	0.01051	0.00620	0.00534
1	0.01184	0.10383	0.69831	0.01568	0.02379	0.01418	0.02004	0.01802	0.01203	0.01767	0.01004	0.01180	0.00725	0.00538	0.00526	0.00175	0.00823	0.00411	0.00242	0.00835
2	0.01147	0.02959	0.76934	0.01630	0.02476	0.01328	0.02113	0.01811	0.01208	0.01811	0.01026	0.01208	0.00725	0.00543	0.00543	0.00181	0.00845	0.00423	0.00242	0.00845
3	0.01080	0.01017	0.01716	0.78523	0.03940	0.01271	0.01589	0.01461	0.01144	0.01461	0.01017	0.01525	0.00762	0.00572	0.00572	0.00191	0.00762	0.00508	0.00254	0.00635
4	0.00832	0.00555	0.00624	0.00624	0.00624	0.00555	0.00347	0.00832	0.00832	0.01109	0.01802	0.03743	0.02080	0.79898	0.02911	0.00555	0.00555	0.00832	0.00347	0.00347
5	0.63713	0.01148	0.01008	0.00854	0.01231	0.01285	0.00704	0.10511	0.01264	0.12224	0.01053	0.01113	0.00764	0.00572	0.00408	0.00176	0.00470	0.00368	0.00426	0.00707
6	0.01207	0.01146	0.01945	0.50149	0.31322	0.01304	0.01652	0.01573	0.01204	0.01615	0.01039	0.01484	0.00817	0.00548	0.00570	0.00183	0.00731	0.00509	0.00265	0.00738
7	0.00828	0.00571	0.00705	0.00705	0.00733	0.00599	0.00448	0.00884	0.00856	0.01169	0.01728	0.03333	0.01901	0.59155	0.23411	0.00655	0.00823	0.00772	0.00336	0.00392
8	0.01416	0.01359	0.02322	0.03511	0.76330	0.01359	0.01755	0.01755	0.01302	0.01869	0.01076	0.01416	0.00906	0.00510	0.00566	0.00170	0.00680	0.00510	0.00283	0.00906
9	0.01351	0.01011	0.01203	0.00868	0.01368	0.00772	0.00697	0.01601	0.01240	0.10804	0.01165	0.01277	0.00915	0.00458	0.00442	0.00096	0.00431	0.00367	0.00383	0.73552
10	0.83938	0.01106	0.00841	0.00752	0.01106	0.01283	0.00619	0.01681	0.00973	0.02566	0.00796	0.00929	0.00619	0.00531	0.00354	0.00177	0.00442	0.00310	0.00354	0.00619
11	0.00782	0.00580	0.00706	0.00676	0.00808	0.00529	0.00493	0.00991	0.01454	0.01982	0.51232	0.04489	0.21039	0.10635	0.00942	0.00228	0.00308	0.01049	0.00574	0.00504
12	0.00738	0.00595	0.00668	0.00707	0.00877	0.00526	0.00560	0.00910	0.01298	0.01583	0.04991	0.09046	0.54813	0.01497	0.00707	0.00212	0.00350	0.18900	0.00530	0.00493

[dist]
# distance from previous block
# <min> <max>
0	2

[block]
# block no. 3 follows, 41 sequences, length 37
# corresponding to MSA columns:
# 333-369
name=unknown_D
#
# <colnr> <probs for GDERKNQSTAVLIFYWHMCP>
#	G	D	E	R	K	N	Q	S	T	A	V	L	I	F	Y	W	H	M	C	P
0	0.02174	0.01602	0.01717	0.01316	0.01774	0.01774	0.01087	0.74423	0.02689	0.03605	0.01373	0.01373	0.00973	0.00687	0.00572	0.00172	0.00629	0.00515	0.00572	0.00973
1	0.03682	0.02812	0.69924	0.01653	0.02467	0.01335	0.06670	0.01809	0.01210	0.01836	0.01028	0.01221	0.00731	0.00539	0.00546	0.00182	0.00841	0.00435	0.00248	0.00834
2	0.01172	0.07889	0.72217	0.01589	0.02411	0.01388	0.02041	0.01805	0.01205	0.01782	0.01012	0.01189	0.00725	0.00540	0.00532	0.00177	0.00830	0.00415	0.00242	0.00838
3	0.00697	0.00498	0.00664	0.00796	0.00830	0.00465	0.00531	0.00796	0.01095	0.01460	0.03153	0.79525	0.03783	0.01792	0.00730	0.00232	0.00332	0.01626	0.00531	0.00465
4	0.01189	0.01286	0.02708	0.02013	0.02458	0.01205	0.56106	0.01577	0.01287	0.01741	0.01648	0.20739	0.01585	0.00805	0.00689	0.00203	0.00809	0.00909	0.00349	0.00696
5	0.01550	0.61994	0.06399	0.05543	0.01676	0.02047	0.01067	0.05032	0.04174	0.04556	0.00965	0.01077	0.00813	0.00526	0.00414	0.00136	0.00622	0.00357	0.00292	0.00761
6	0.02566	0.00973	0.01327	0.01018	0.01460	0.00841	0.00841	0.02788	0.01637	0.76726	0.02257	0.01947	0.01416	0.00708	0.00575	0.00177	0.00487	0.00575	0.00708	0.00973
7	0.00710	0.00507	0.00679	0.00811	0.00850	0.00476	0.00554	0.00819	0.01108	0.01475	0.03145	0.75277	0.03755	0.01780	0.00734	0.00234	0.00343	0.05745	0.00531	0.00468
8	0.83938	0.01106	0.00841	0.00752	0.01106	0.01283	0.00619	0.01681	0.00973	0.02566	0.00796	0.00929	0.00619	0.00531	0.00354	0.00177	0.00442	0.00310	0.00354	0.00619
9	0.00796	0.00582	0.00750	0.00735	0.00866	0.00536	0.00554	0.01041	0.01530	0.02123	0.59295	0.10532	0.11430	0.01270	0.00687	0.00191	0.00293	0.05655	0.00606	0.00528
10	0.05184	0.08941	0.01461	0.01129	0.01481	0.01492	0.00906	0.06227	0.58343	0.05352	0.02062	0.01918	0.01547	0.00730	0.00550	0.00185	0.00477	0.00589	0.00544	0.00882
11	0.06873	0.48318	0.13316	0.01076	0.01592	0.01821	0.01098	0.01953	0.05950	0.11589	0.01121	0.01175	0.00881	0.00547	0.00433	0.00146	0.00608	0.00381	0.00334	0.00786
12	0.01578	0.01680	0.02122	0.06429	0.54676	0.20123	0.01588	0.01872	0.01374	0.01735	0.01026	0.01326	0.00858	0.00532	0.00554	0.00165	0.00770	0.00475	0.00285	0.00834
13	0.01970	0.01625	0.01594	0.01293	0.01697	0.09950	0.01041	0.47573	0.21881	0.03042	0.01574	0.01538	0.01153	0.00700	0.00569	0.00175	0.00626	0.00534	0.00545	0.00921
14	0.00704	0.00501	0.00662	0.00788	0.00819	0.00469	0.00522	0.00798	0.01082	0.01443	0.03086	0.75765	0.03699	0.05667	0.00838	0.00248	0.00343	0.01587	0.00522	0.00459
15	0.01186	0.01017	0.01186	0.00847	0.01356	0.00762	0.00678	0.01440	0.01186	0.01864	0.01017	0.01186	0.00847	0.00424	0.00424	0.00085	0.00424	0.00339	0.00339	0.83395
16	0.01186	0.01017	0.01186	0.00847	0.01356	0.00762	0.00678	0.01440	0.01186	0.01864	0.01017	0.01186	0.00847	0.00424	0.00424	0.00085	0.00424	0.00339	0.00339	0.83395
17	0.00807	0.00544	0.00631	0.00655	0.00661	0.00538	0.00380	0.00825	0.00880	0.01173	0.02048	0.17562	0.02390	0.65655	0.02514	0.00496	0.00514	0.00977	0.00380	0.00368
18	0.00676	0.00579	0.00579	0.00579	0.00773	0.00483	0.00435	0.00821	0.01304	0.01545	0.05794	0.05505	0.76098	0.01449	0.00676	0.00193	0.00290	0.01207	0.00531	0.00483
19	0.00817	0.00613	0.00919	0.00919	0.01021	0.00715	0.00715	0.01021	0.00919	0.01328	0.01532	0.02247	0.01430	0.04290	0.77631	0.00919	0.01532	0.00613	0.00306	0.00511
20	0.01080	0.01017	0.01716	0.78523	0.03940	0.01271	0.01589	0.01461	0.01144	0.01461	0.01017	0.01525	0.00762	0.00572	0.00572	0.00191	0.00762	0.00508	0.00254	0.00635
21	0.00922	0.00658	0.00922	0.01053	0.01185	0.00658	0.00922	0.01185	0.01317	0.01712	0.03029	0.06452	0.03292	0.01580	0.00790	0.00263	0.00527	0.72480	0.00527	0.00527
22	0.01080	0.01017	0.01716	0.78523	0.03940	0.01271	0.01589	0.01461	0.01144	0.01461	0.01017	0.01525	0.00762	0.00572	0.00572	0.00191	0.00762	0.00508	0.00254	0.00635
23	0.01327	0.01703	0.11717	0.02322	0.02931	0.01433	0.66071	0.01830	0.01334	0.01830	0.01142	0.01505	0.00852	0.00489	0.00660	0.00192	0.00951	0.00646	0.00284	0.00780
24	0.00697	0.00498	0.00664	0.00796	0.00830	0.00465	0.00531	0.00796	0.01095	0.01460	0.03153	0.79525	0.03783	0.01792	0.00730	0.00232	0.00332	0.01626	0.00531	0.00465
25	0.83938	0.01106	0.00841	0.00752	0.01106	0.01283	0.00619	0.01681	0.00973	0.02566	0.00796	0.00929	0.00619	0.00531	0.00354	0.00177	0.00442	0.00310	0.00354	0.00619
26	0.00817	0.00613	0.00919	0.00919	0.01021	0.00715	0.00715	0.01021	0.00919	0.01328	0.01532	0.02247	0.01430	0.04290	0.77631	0.00919	0.01532	0.00613	0.00306	0.00511
27	0.01186	0.01017	0.01186	0.00847	0.01356	0.00762	0.00678	0.01440	0.01186	0.01864	0.01017	0.01186	0.00847	0.00424	0.00424	0.00085	0.00424	0.00339	0.00339	0.83395
28	0.01186	0.01017	0.01186	0.00847	0.01356	0.00762	0.00678	0.01440	0.01186	0.01864	0.01017	0.01186	0.00847	0.00424	0.00424	0.00085	0.00424	0.00339	0.00339	0.83395
29	0.83938	0.01106	0.00841	0.00752	0.01106	0.01283	0.00619	0.01681	0.00973	0.02566	0.00796	0.00929	0.00619	0.00531	0.00354	0.00177	0.00442	0.00310	0.00354	0.00619
30	0.00994	0.00497	0.00745	0.00745	0.00745	0.00497	0.00497	0.00745	0.00745	0.00994	0.00994	0.01739	0.00994	0.01987	0.02235	0.83358	0.00497	0.00497	0.00248	0.00248
31	0.00697	0.00498	0.00664	0.00796	0.00830	0.00465	0.00531	0.00796	0.01095	0.01460	0.03153	0.79525	0.03783	0.01792	0.00730	0.00232	0.00332	0.01626	0.00531	0.00465
32	0.01416	0.01359	0.02322	0.03511	0.76330	0.01359	0.01755	0.01755	0.01302	0.01869	0.01076	0.01416	0.00906	0.00510	0.00566	0.00170	0.00680	0.00510	0.00283	0.00906
33	0.01147	0.02959	0.76934	0.01630	0.02476	0.01328	0.02113	0.01811	0.01208	0.01811	0.01026	0.01208	0.00725	0.00543	0.00543	0.00181	0.00845	0.00423	0.00242	0.00845
34	0.02504	0.00960	0.01307	0.01007	0.01439	0.00830	0.00830	0.02727	0.01636	0.74074	0.04885	0.02030	0.01558	0.00724	0.00579	0.00177	0.00479	0.00592	0.00705	0.00958
35	0.01147	0.02959	0.76934	0.01630	0.02476	0.01328	0.02113	0.01811	0.01208	0.01811	0.01026	0.01208	0.00725	0.00543	0.00543	0.00181	0.00845	0.00423	0.00242	0.00845
36	0.00774	0.00565	0.00739	0.00848	0.00916	0.00549	0.00604	0.00990	0.05461	0.01585	0.06329	0.62075	0.03672	0.01677	0.00727	0.00232	0.00362	0.10855	0.00538	0.00502

[dist]
# distance from previous block
# <min> <max>
0	1

[block]
# block no. 4 follows, 41 sequences, length 8
# corresponding to MSA columns:
# 371-378
name=unknown_E
#
# <colnr> <probs for GDERKNQSTAVLIFYWHMCP>
#	G	D	E	R	K	N	Q	S	T	A	V	L	I	F	Y	W	H	M	C	P
0	0.05088	0.06481	0.01708	0.01574	0.08144	0.54175	0.01129	0.02189	0.06938	0.01554	0.00992	0.01148	0.00822	0.00612	0.00587	0.00158	0.05282	0.00403	0.00312	0.00702
1	0.02174	0.01602	0.01717	0.01316	0.01774	0.01774	0.01087	0.74423	0.02689	0.03605	0.01373	0.01373	0.00973	0.00687	0.00572	0.00172	0.00629	0.00515	0.00572	0.00973
2	0.83938	0.01106	0.00841	0.00752	0.01106	0.01283	0.00619	0.01681	0.00973	0.02566	0.00796	0.00929	0.00619	0.00531	0.00354	0.00177	0.00442	0.00310	0.00354	0.00619
3	0.00697	0.00498	0.00664	0.00796	0.00830	0.00465	0.00531	0.00796	0.01095	0.01460	0.03153	0.79525	0.03783	0.01792	0.00730	0.00232	0.00332	0.01626	0.00531	0.00465
4	0.02385	0.01027	0.01339	0.01054	0.01475	0.00946	0.00870	0.08910	0.06019	0.62412	0.02222	0.02128	0.01488	0.00753	0.00586	0.00182	0.00499	0.04076	0.00680	0.00948
5	0.00715	0.00511	0.00684	0.00817	0.00858	0.00480	0.00562	0.00827	0.01113	0.01480	0.03143	0.73735	0.03744	0.01775	0.00735	0.00235	0.00347	0.07241	0.00531	0.00470
6	0.00817	0.00613	0.00919	0.00919	0.01021	0.00715	0.00715	0.01021	0.00919	0.01328	0.01532	0.02247	0.01430	0.04290	0.77631	0.00919	0.01532	0.00613	0.00306	0.00511
7	0.01529	0.80242	0.02997	0.00979	0.01468	0.02263	0.00979	0.01713	0.01162	0.01346	0.00795	0.00918	0.00734	0.00489	0.00367	0.00122	0.00612	0.00306	0.00245	0.00734

[dist]
# distance from previous block
# <min> <max>
9	16

[block]
# block no. 5 follows, 41 sequences, length 21
# corresponding to MSA columns:
# 396-416
name=unknown_F
#
# <colnr> <probs for GDERKNQSTAVLIFYWHMCP>
#	G	D	E	R	K	N	Q	S	T	A	V	L	I	F	Y	W	H	M	C	P
0	0.03788	0.06891	0.20211	0.01814	0.02343	0.07795	0.32795	0.01804	0.03720	0.01749	0.01195	0.05800	0.00994	0.00626	0.00680	0.00187	0.05960	0.00597	0.00298	0.00750
1	0.01793	0.01782	0.01494	0.01343	0.03826	0.27548	0.01012	0.19574	0.23627	0.02251	0.01582	0.06458	0.01294	0.00737	0.00561	0.00171	0.00691	0.00569	0.00462	0.03222
2	0.01352	0.06332	0.02347	0.26036	0.30709	0.01431	0.15656	0.05986	0.01336	0.01806	0.01073	0.01440	0.00848	0.00533	0.00577	0.00178	0.00753	0.00529	0.00290	0.00790
3	0.01769	0.01824	0.01587	0.10400	0.05693	0.32072	0.01130	0.19573	0.01699	0.01989	0.01264	0.01471	0.03540	0.00900	0.05536	0.00216	0.05452	0.00485	0.02673	0.00726
4	0.01035	0.00793	0.00954	0.00810	0.01067	0.00720	0.00626	0.09055	0.01595	0.02262	0.43765	0.06258	0.07383	0.00980	0.00606	0.00159	0.00349	0.00846	0.00546	0.20192
5	0.21150	0.01297	0.01297	0.01106	0.01472	0.01481	0.00885	0.21356	0.38747	0.02750	0.01716	0.01650	0.01277	0.00695	0.00525	0.00184	0.00496	0.00533	0.00525	0.00855
6	0.01231	0.00698	0.01016	0.00943	0.01125	0.00745	0.00745	0.01439	0.01089	0.19174	0.01704	0.02176	0.01427	0.03442	0.59393	0.00744	0.01285	0.00604	0.00401	0.00620
7	0.01359	0.61388	0.02469	0.00917	0.01323	0.01855	0.00875	0.01563	0.01270	0.01570	0.18602	0.01712	0.01838	0.00650	0.00440	0.00136	0.00531	0.00478	0.00336	0.00688
8	0.00737	0.00534	0.00696	0.00756	0.00835	0.00493	0.00529	0.00901	0.01298	0.01768	0.29805	0.47946	0.08485	0.01546	0.00707	0.00211	0.00307	0.01387	0.00567	0.00493
9	0.02178	0.01555	0.01683	0.01294	0.01748	0.01710	0.01068	0.68352	0.04482	0.07909	0.01450	0.01427	0.01019	0.00690	0.00573	0.00173	0.00616	0.00522	0.00580	0.00971
10	0.01277	0.01169	0.01920	0.02828	0.58411	0.01169	0.01422	0.01537	0.01191	0.01689	0.01248	0.01967	0.01184	0.19300	0.01121	0.00261	0.00650	0.00586	0.00298	0.00774
11	0.00784	0.00506	0.00633	0.00734	0.00791	0.00481	0.00500	0.00923	0.01120	0.01619	0.02848	0.61206	0.03235	0.01526	0.00652	0.00209	0.00316	0.01367	0.20068	0.00481
12	0.00771	0.00564	0.00725	0.00726	0.00842	0.00517	0.00529	0.00990	0.01468	0.02032	0.52729	0.22191	0.11105	0.01341	0.00688	0.00193	0.00286	0.01189	0.00598	0.00517
13	0.01763	0.21469	0.05205	0.01280	0.01655	0.36432	0.01068	0.02313	0.20084	0.01655	0.01233	0.01289	0.00990	0.00610	0.00497	0.00154	0.00774	0.00426	0.00353	0.00750
14	0.00821	0.00599	0.00851	0.00851	0.00929	0.00678	0.00630	0.00978	0.00899	0.01277	0.01595	0.02593	0.01580	0.21788	0.60339	0.00835	0.01306	0.00664	0.00316	0.00473
15	0.01225	0.01141	0.01704	0.01217	0.01742	0.00924	0.18093	0.01533	0.01225	0.01856	0.01050	0.01271	0.00852	0.00437	0.00483	0.00110	0.00552	0.00418	0.00327	0.63838
16	0.83938	0.01106	0.00841	0.00752	0.01106	0.01283	0.00619	0.01681	0.00973	0.02566	0.00796	0.00929	0.00619	0.00531	0.00354	0.00177	0.00442	0.00310	0.00354	0.00619
17	0.00891	0.00664	0.00882	0.19062	0.01409	0.00724	0.00641	0.00981	0.00906	0.01192	0.01616	0.03218	0.01768	0.61122	0.02358	0.00468	0.00604	0.00755	0.00325	0.00415
18	0.01927	0.02377	0.01652	0.01480	0.01705	0.59649	0.01140	0.02069	0.01445	0.01394	0.00853	0.01084	0.00740	0.00687	0.00838	0.00172	0.19451	0.00400	0.00284	0.00654
19	0.01164	0.00888	0.00978	0.00857	0.01111	0.00888	0.00680	0.22686	0.01788	0.02338	0.20583	0.04051	0.33357	0.01166	0.00651	0.00188	0.00399	0.05018	0.00566	0.00644
20	0.02002	0.01492	0.01578	0.01227	0.01660	0.05399	0.01003	0.53310	0.02287	0.07815	0.01372	0.01422	0.01001	0.00866	0.05121	0.00205	0.00670	0.00497	0.00524	0.10550

[dist]
# distance from previous block
# <min> <max>
1	3

[block]
# block no. 6 follows, 41 sequences, length 28
# corresponding to MSA columns:
# 420-447
name=unknown_G
#
# <colnr> <probs for GDERKNQSTAVLIFYWHMCP>
#	G	D	E	R	K	N	Q	S	T	A	V	L	I	F	Y	W	H	M	C	P
0	0.01327	0.01367	0.06221	0.31875	0.08921	0.06092	0.01384	0.08551	0.01296	0.01753	0.01000	0.01360	0.00799	0.00637	0.00785	0.00182	0.14896	0.00473	0.00299	0.10782
1	0.54451	0.01396	0.01299	0.01247	0.07845	0.12202	0.05411	0.01762	0.01111	0.02214	0.00852	0.01046	0.00685	0.00566	0.00518	0.00178	0.05857	0.00371	0.00328	0.00660
2	0.00799	0.00640	0.00730	0.00749	0.00928	0.00591	0.00596	0.01080	0.05950	0.01730	0.13477	0.05377	0.44987	0.01405	0.00698	0.00209	0.00356	0.18626	0.00545	0.00527
3	0.01361	0.01164	0.01559	0.06953	0.20658	0.01085	0.01057	0.12034	0.01411	0.02049	0.01125	0.01430	0.00939	0.04676	0.00623	0.00151	0.00549	0.00445	0.00353	0.40376
4	0.01505	0.77497	0.02916	0.00966	0.01439	0.02204	0.00957	0.01682	0.01151	0.01338	0.00830	0.01015	0.00780	0.03225	0.00455	0.00137	0.00610	0.00324	0.00248	0.00721
5	0.01202	0.14099	0.66277	0.01536	0.02330	0.01463	0.01950	0.01797	0.01201	0.01744	0.00993	0.01166	0.00726	0.00536	0.00518	0.00173	0.00812	0.00406	0.00242	0.00829
6	0.00939	0.00524	0.00748	0.00748	0.00762	0.00538	0.00501	0.00800	0.00786	0.01062	0.01217	0.02175	0.01253	0.16456	0.13097	0.56587	0.00655	0.00574	0.00274	0.00304
7	0.01076	0.00997	0.01738	0.48473	0.03109	0.01139	0.11263	0.01441	0.01216	0.01575	0.01548	0.02783	0.01421	0.00817	0.00641	0.00209	0.00730	0.18868	0.00328	0.00626
8	0.01077	0.00872	0.01190	0.01112	0.01298	0.00923	0.05779	0.10597	0.01414	0.01863	0.02930	0.14595	0.15358	0.01330	0.00850	0.00229	0.09445	0.28056	0.00486	0.00596
9	0.00827	0.00573	0.00717	0.00717	0.00749	0.00605	0.00463	0.00891	0.00859	0.01178	0.01717	0.03272	0.01875	0.56093	0.26437	0.00669	0.00862	0.00763	0.00334	0.00398
10	0.83938	0.01106	0.00841	0.00752	0.01106	0.01283	0.00619	0.01681	0.00973	0.02566	0.00796	0.00929	0.00619	0.00531	0.00354	0.00177	0.00442	0.00310	0.00354	0.00619
11	0.02174	0.01602	0.01717	0.01316	0.01774	0.01774	0.01087	0.74423	0.02689	0.03605	0.01373	0.01373	0.00973	0.00687	0.00572	0.00172	0.00629	0.00515	0.00572	0.00973
12	0.00694	0.00580	0.00604	0.00598	0.00784	0.00491	0.00449	0.00856	0.01346	0.01646	0.15300	0.05338	0.66530	0.01411	0.00676	0.00191	0.00287	0.01184	0.00544	0.00491
13	0.01186	0.01017	0.01186	0.00847	0.01356	0.00762	0.00678	0.01440	0.01186	0.01864	0.01017	0.01186	0.00847	0.00424	0.00424	0.00085	0.00424	0.00339	0.00339	0.83395
14	0.00908	0.00648	0.00906	0.01037	0.01163	0.00646	0.00897	0.01161	0.01303	0.01696	0.03036	0.10986	0.03322	0.01593	0.00786	0.00261	0.00515	0.68084	0.00527	0.00523
15	0.01397	0.01614	0.03270	0.02355	0.02916	0.06020	0.69859	0.01859	0.01366	0.01806	0.01141	0.01512	0.00860	0.00489	0.00665	0.00190	0.00968	0.00657	0.00290	0.00765
16	0.07954	0.01041	0.01248	0.00979	0.01411	0.00958	0.00793	0.02393	0.14837	0.37836	0.01832	0.01703	0.01266	0.00632	0.00520	0.00155	0.00460	0.00506	0.00561	0.22915
17	0.01701	0.01307	0.01337	0.01093	0.01409	0.11881	0.05869	0.27034	0.01811	0.06447	0.01528	0.01663	0.01148	0.00652	0.00504	0.00155	0.00560	0.00516	0.32642	0.00744
18	0.01313	0.01433	0.02764	0.02068	0.02429	0.01562	0.46763	0.01661	0.01172	0.01661	0.01004	0.01433	0.00824	0.00678	0.01128	0.00214	0.30294	0.00609	0.00275	0.00717
19	0.01210	0.01238	0.02548	0.01921	0.02337	0.01173	0.50430	0.01568	0.01267	0.01703	0.01540	0.02625	0.01413	0.06138	0.00955	0.05981	0.00822	0.14135	0.00335	0.00661
20	0.01405	0.01349	0.02303	0.05789	0.74132	0.01356	0.01750	0.01747	0.01298	0.01856	0.01074	0.01419	0.00902	0.00512	0.00566	0.00171	0.00682	0.00510	0.00282	0.00898
21	0.01430	0.48742	0.08669	0.01378	0.01919	0.01876	0.19410	0.01730	0.01215	0.01542	0.00920	0.01116	0.00775	0.00487	0.00462	0.00142	0.00704	0.00410	0.00263	0.06810
22	0.01224	0.01278	0.01021	0.00948	0.01141	0.25496	0.00711	0.01440	0.01584	0.01918	0.43632	0.03364	0.11995	0.01014	0.00623	0.00171	0.00519	0.00838	0.00510	0.00573
23	0.00829	0.00565	0.00677	0.00677	0.00696	0.00584	0.00413	0.00866	0.00848	0.01149	0.01753	0.03472	0.01962	0.66175	0.16473	0.00621	0.00732	0.00792	0.00339	0.00376
24	0.02566	0.00973	0.01327	0.01018	0.01460	0.00841	0.00841	0.02788	0.01637	0.76726	0.02257	0.01947	0.01416	0.00708	0.00575	0.00177	0.00487	0.00575	0.00708	0.00973
25	0.02108	0.01646	0.01519	0.01268	0.01610	0.23430	0.01009	0.14545	0.10029	0.26280	0.01559	0.01533	0.01112	0.00709	0.00695	0.00177	0.08924	0.00505	0.00503	0.00839
26	0.00819	0.00607	0.00887	0.00887	0.00978	0.00698	0.00675	0.01001	0.00910	0.01304	0.01561	0.02410	0.01500	0.12501	0.69517	0.00880	0.01426	0.00637	0.00311	0.00493
27	0.00697	0.00498	0.00664	0.00796	0.00830	0.00465	0.00531	0.00796	0.01095	0.01460	0.03153	0.79525	0.03783	0.01792	0.00730	0.00232	0.00332	0.01626	0.00531	0.00465

[dist]
# distance from previous block
# <min> <max>
0	1

[block]
# block no. 7 follows, 41 sequences, length 6
# corresponding to MSA columns:
# 449-454
name=unknown_H
#
# <colnr> <probs for GDERKNQSTAVLIFYWHMCP>
#	G	D	E	R	K	N	Q	S	T	A	V	L	I	F	Y	W	H	M	C	P
0	0.02049	0.01739	0.01701	0.01471	0.06595	0.14334	0.01117	0.51065	0.09162	0.03012	0.01361	0.01390	0.01001	0.00667	0.00563	0.00170	0.00683	0.00502	0.00508	0.00911
1	0.01863	0.02090	0.01479	0.01325	0.01624	0.45688	0.01004	0.08044	0.22581	0.01837	0.01384	0.01525	0.01118	0.05144	0.00675	0.00186	0.00809	0.00485	0.00401	0.00738
2	0.00818	0.00564	0.00657	0.00657	0.00684	0.00569	0.00399	0.00854	0.00878	0.01169	0.02071	0.03692	0.07603	0.64613	0.11978	0.00572	0.00655	0.00833	0.00356	0.00377
3	0.01245	0.01250	0.02202	0.11140	0.02371	0.01161	0.31864	0.01605	0.01235	0.01778	0.01063	0.01382	0.00841	0.00494	0.00617	0.00151	0.04419	0.00509	0.00303	0.34369
4	0.01978	0.01220	0.01499	0.01359	0.09170	0.01246	0.00993	0.25227	0.12411	0.27010	0.07561	0.01893	0.01561	0.00717	0.00577	0.00174	0.00528	0.00587	0.00585	0.03705
5	0.01531	0.11330	0.01677	0.01072	0.01565	0.01106	0.07602	0.05474	0.03872	0.14260	0.01268	0.01352	0.00965	0.00510	0.00478	0.00123	0.00520	0.00424	0.00403	0.44467

[dist]
# distance from previous block
# <min> <max>
0	2

[block]
# block no. 8 follows, 41 sequences, length 7
# corresponding to MSA columns:
# 457-463
name=unknown_I
#
# <colnr> <probs for GDERKNQSTAVLIFYWHMCP>
#	G	D	E	R	K	N	Q	S	T	A	V	L	I	F	Y	W	H	M	C	P
0	0.08446	0.01024	0.01168	0.00980	0.01307	0.01031	0.00791	0.18917	0.06823	0.10589	0.19031	0.04677	0.02356	0.00872	0.00582	0.00174	0.00455	0.07586	0.00544	0.12647
1	0.09102	0.01352	0.01864	0.18060	0.30581	0.05987	0.04373	0.06791	0.12540	0.02015	0.01239	0.01481	0.00969	0.00580	0.00552	0.00178	0.00670	0.00510	0.00349	0.00808
2	0.07467	0.01326	0.01330	0.01088	0.01435	0.05949	0.00871	0.42545	0.02037	0.02865	0.01553	0.09677	0.01302	0.00772	0.00537	0.00167	0.00543	0.00604	0.13481	0.04451
3	0.27094	0.01725	0.01426	0.01183	0.01569	0.20131	0.00949	0.34639	0.01905	0.02750	0.01078	0.01154	0.00807	0.00615	0.00492	0.00167	0.00671	0.00417	0.00438	0.00789
4	0.05777	0.01587	0.01863	0.02191	0.32753	0.12007	0.01316	0.27538	0.01817	0.02464	0.01175	0.01354	0.00916	0.00591	0.00544	0.00166	0.00681	0.00483	0.03909	0.00866
5	0.01276	0.01216	0.02069	0.34760	0.46173	0.01322	0.01686	0.01633	0.01236	0.01699	0.01051	0.01461	0.00846	0.00536	0.00569	0.00179	0.00714	0.00509	0.00271	0.00793
6	0.01061	0.00971	0.01566	0.63104	0.03374	0.01146	0.01393	0.01419	0.01198	0.01587	0.08929	0.01783	0.01259	0.00621	0.00569	0.00180	0.00679	0.00548	0.00302	0.08310

[dist]
# distance from previous block
# <min> <max>
0	1

[block]
# block no. 9 follows, 41 sequences, length 13
# corresponding to MSA columns:
# 465-477
name=unknown_J
#
# <colnr> <probs for GDERKNQSTAVLIFYWHMCP>
#	G	D	E	R	K	N	Q	S	T	A	V	L	I	F	Y	W	H	M	C	P
0	0.01914	0.07056	0.22631	0.01330	0.01895	0.01522	0.01323	0.37135	0.01996	0.15534	0.01391	0.01396	0.00964	0.00638	0.00551	0.00172	0.00664	0.00486	0.00482	0.00922
1	0.01793	0.01322	0.01433	0.01114	0.01504	0.01397	0.00893	0.49968	0.02143	0.02943	0.01400	0.01685	0.01120	0.10616	0.00834	0.00204	0.00569	0.00529	0.05052	0.13480
2	0.01280	0.14427	0.16218	0.04301	0.02324	0.01543	0.31223	0.01666	0.01198	0.01645	0.01121	0.05806	0.00966	0.00654	0.00789	0.00190	0.13043	0.00591	0.00280	0.00734
3	0.01912	0.01475	0.01715	0.01290	0.01767	0.01539	0.05866	0.54245	0.02284	0.03121	0.01284	0.01345	0.00939	0.00618	0.00548	0.00155	0.00608	0.00489	0.00504	0.18295
4	0.02093	0.01570	0.01653	0.05720	0.01855	0.06649	0.01086	0.55427	0.06966	0.08992	0.01449	0.01452	0.01028	0.00681	0.00569	0.00173	0.00641	0.00518	0.00547	0.00929
5	0.01420	0.01158	0.01311	0.00965	0.01456	0.01016	0.00779	0.18150	0.04107	0.02280	0.01144	0.01262	0.00907	0.00496	0.00463	0.00108	0.00472	0.00390	0.00401	0.61717
6	0.13162	0.01267	0.01598	0.04360	0.01669	0.04847	0.09849	0.18589	0.01455	0.02172	0.01269	0.07518	0.01119	0.01023	0.05921	0.00244	0.17834	0.00590	0.04816	0.00701
7	0.01624	0.01529	0.08849	0.06736	0.06683	0.01494	0.11772	0.35059	0.01876	0.02552	0.01399	0.09184	0.01180	0.00759	0.00697	0.00189	0.06517	0.00639	0.00434	0.00829
8	0.01404	0.01168	0.01413	0.15925	0.01958	0.01162	0.00970	0.16781	0.11909	0.02221	0.01275	0.01423	0.00983	0.00556	0.00505	0.00138	0.00535	0.00451	0.00405	0.38817
9	0.01416	0.01359	0.02322	0.03511	0.76330	0.01359	0.01755	0.01755	0.01302	0.01869	0.01076	0.01416	0.00906	0.00510	0.00566	0.00170	0.00680	0.00510	0.00283	0.00906
10	0.01330	0.01272	0.02167	0.22661	0.57849	0.01337	0.01713	0.01680	0.01262	0.01765	0.01061	0.01444	0.00869	0.00526	0.00568	0.00175	0.00701	0.00509	0.00276	0.00837
11	0.01354	0.01409	0.02718	0.12833	0.02812	0.01388	0.48492	0.06135	0.07165	0.01931	0.01231	0.01550	0.00926	0.00525	0.00628	0.00183	0.00836	0.00615	0.00328	0.06940
12	0.01335	0.01277	0.02177	0.21467	0.59002	0.01338	0.01715	0.01685	0.01264	0.01771	0.01062	0.01442	0.00872	0.00525	0.00568	0.00175	0.00699	0.00509	0.00276	0.00841

[dist]
# distance from previous block
# <min> <max>
7	11

[block]
# block no. 10 follows, 41 sequences, length 6
# corresponding to MSA columns:
# 489-494
name=unknown_K
#
# <colnr> <probs for GDERKNQSTAVLIFYWHMCP>
#	G	D	E	R	K	N	Q	S	T	A	V	L	I	F	Y	W	H	M	C	P
0	0.01592	0.72552	0.02872	0.01012	0.01498	0.02215	0.00989	0.08823	0.01312	0.01567	0.00852	0.00962	0.00757	0.00509	0.00387	0.00127	0.00613	0.00326	0.00277	0.00757
1	0.00922	0.00658	0.00922	0.01053	0.01185	0.00658	0.00922	0.01185	0.01317	0.01712	0.03029	0.06452	0.03292	0.01580	0.00790	0.00263	0.00527	0.72480	0.00527	0.00527
2	0.01283	0.30487	0.50599	0.01398	0.02117	0.01661	0.01709	0.01776	0.01191	0.01646	0.00944	0.01104	0.00728	0.00524	0.00481	0.00160	0.00762	0.00381	0.00243	0.00806
3	0.00720	0.00533	0.00677	0.00774	0.00852	0.00490	0.00548	0.00853	0.01187	0.01551	0.08196	0.54464	0.17341	0.01670	0.00722	0.00224	0.00338	0.07844	0.00537	0.00478
4	0.01438	0.61791	0.20650	0.01134	0.01709	0.02040	0.01250	0.01736	0.01173	0.01457	0.00850	0.00987	0.00732	0.00502	0.00409	0.00136	0.00667	0.00334	0.00244	0.00761
5	0.02174	0.01602	0.01717	0.01316	0.01774	0.01774	0.01087	0.74423	0.02689	0.03605	0.01373	0.01373	0.00973	0.00687	0.00572	0.00172	0.00629	0.00515	0.00572	0.00973

[dist]
# distance from previous block
# <min> <max>
31	57

[block]
# block no. 11 follows, 41 sequences, length 9
# corresponding to MSA columns:
# 553-561
name=unknown_L
#
# <colnr> <probs for GDERKNQSTAVLIFYWHMCP>
#	G	D	E	R	K	N	Q	S	T	A	V	L	I	F	Y	W	H	M	C	P
0	0.00695	0.00505	0.00656	0.00778	0.00825	0.00466	0.00523	0.00799	0.01113	0.01468	0.03381	0.73120	0.10040	0.01762	0.00725	0.00229	0.00328	0.01590	0.00531	0.00466
1	0.01186	0.01017	0.01186	0.00847	0.01356	0.00762	0.00678	0.01440	0.01186	0.01864	0.01017	0.01186	0.00847	0.00424	0.00424	0.00085	0.00424	0.00339	0.00339	0.83395
2	0.01478	0.01549	0.02035	0.21239	0.43957	0.16546	0.01585	0.01790	0.01328	0.01677	0.01023	0.01365	0.00838	0.00541	0.00558	0.00170	0.00770	0.00481	0.00278	0.00792
3	0.51387	0.01458	0.04095	0.00982	0.01340	0.13238	0.00812	0.02052	0.15909	0.02319	0.01125	0.01197	0.00867	0.00589	0.00432	0.00176	0.00553	0.00391	0.00386	0.00692
4	0.01479	0.01060	0.01193	0.01053	0.01357	0.01156	0.00822	0.02609	0.49090	0.13988	0.17018	0.02531	0.02423	0.00844	0.00599	0.00189	0.00422	0.00713	0.00611	0.00843
5	0.01538	0.01225	0.01375	0.01014	0.01504	0.01122	0.00823	0.27402	0.01721	0.02483	0.01144	0.01253	0.00892	0.00517	0.00476	0.00116	0.00497	0.00402	0.00422	0.54075
6	0.01580	0.01107	0.01294	0.00965	0.01435	0.00965	0.00779	0.16184	0.01553	0.13894	0.01363	0.04321	0.01073	0.00573	0.00489	0.00122	0.00471	0.00460	0.00450	0.50922
7	0.01024	0.00685	0.00865	0.00851	0.01018	0.00624	0.00613	0.05583	0.01280	0.08205	0.06506	0.52941	0.03075	0.01403	0.00661	0.00200	0.00373	0.01253	0.00527	0.12314
8	0.01814	0.01472	0.01366	0.01194	0.01537	0.16492	0.00931	0.02834	0.44581	0.18361	0.02024	0.01873	0.01473	0.00724	0.00567	0.00181	0.00576	0.00576	0.00552	0.00872

[dist]
# distance from previous block
# <min> <max>
9	19

[block]
# block no. 12 follows, 41 sequences, length 18
# corresponding to MSA columns:
# 582-599
name=unknown_M
#
# <colnr> <probs for GDERKNQSTAVLIFYWHMCP>
#	G	D	E	R	K	N	Q	S	T	A	V	L	I	F	Y	W	H	M	C	P
0	0.18447	0.01118	0.04104	0.01082	0.01470	0.01059	0.06438	0.08232	0.06235	0.28857	0.13289	0.02120	0.01838	0.00745	0.00558	0.00182	0.00505	0.02370	0.00551	0.00799
1	0.04008	0.04559	0.11509	0.01073	0.01525	0.01030	0.00982	0.04142	0.10189	0.38155	0.10266	0.02004	0.01719	0.00715	0.00560	0.00172	0.00510	0.00582	0.00568	0.05732
2	0.06165	0.00858	0.06791	0.00953	0.01162	0.00727	0.00833	0.01315	0.04159	0.04633	0.24209	0.13445	0.03477	0.01276	0.00687	0.00218	0.00443	0.27531	0.00533	0.00584
3	0.01573	0.60430	0.05429	0.01022	0.01496	0.01990	0.00995	0.04492	0.06702	0.06614	0.03807	0.01227	0.01034	0.00559	0.00422	0.00137	0.00589	0.00388	0.00326	0.00768
4	0.01211	0.02869	0.73537	0.01603	0.02430	0.01306	0.02056	0.01855	0.01227	0.05178	0.01082	0.01241	0.00756	0.00551	0.00545	0.00181	0.00829	0.00430	0.00262	0.00851
5	0.01529	0.80242	0.02997	0.00979	0.01468	0.02263	0.00979	0.01713	0.01162	0.01346	0.00795	0.00918	0.00734	0.00489	0.00367	0.00122	0.00612	0.00306	0.00245	0.00734
6	0.07508	0.06564	0.04598	0.01104	0.01524	0.01280	0.00937	0.10875	0.25243	0.31359	0.01930	0.01772	0.01342	0.00694	0.00547	0.00178	0.00513	0.00549	0.00578	0.00906
7	0.00720	0.00498	0.00670	0.00793	0.00823	0.00467	0.00528	0.00793	0.01068	0.01424	0.02987	0.73575	0.03570	0.01807	0.00845	0.06590	0.00344	0.01540	0.00509	0.00448
8	0.01423	0.01229	0.01293	0.01164	0.01487	0.01423	0.00905	0.03039	0.75297	0.02393	0.02328	0.02134	0.01746	0.00776	0.00582	0.00194	0.00453	0.00647	0.00582	0.00905
9	0.00697	0.00498	0.00664	0.00796	0.00830	0.00465	0.00531	0.00796	0.01095	0.01460	0.03153	0.79525	0.03783	0.01792	0.00730	0.00232	0.00332	0.01626	0.00531	0.00465
10	0.01147	0.02959	0.76934	0.01630	0.02476	0.01328	0.02113	0.01811	0.01208	0.01811	0.01026	0.01208	0.00725	0.00543	0.00543	0.00181	0.00845	0.00423	0.00242	0.00845
11	0.01147	0.02959	0.76934	0.01630	0.02476	0.01328	0.02113	0.01811	0.01208	0.01811	0.01026	0.01208	0.00725	0.00543	0.00543	0.00181	0.00845	0.00423	0.00242	0.00845
12	0.00697	0.00498	0.00664	0.00796	0.00830	0.00465	0.00531	0.00796	0.01095	0.01460	0.03153	0.79525	0.03783	0.01792	0.00730	0.00232	0.00332	0.01626	0.00531	0.00465
13	0.01147	0.02959	0.76934	0.01630	0.02476	0.01328	0.02113	0.01811	0.01208	0.01811	0.01026	0.01208	0.00725	0.00543	0.00543	0.00181	0.00845	0.00423	0.00242	0.00845
14	0.01147	0.02959	0.76934	0.01630	0.02476	0.01328	0.02113	0.01811	0.01208	0.01811	0.01026	0.01208	0.00725	0.00543	0.00543	0.00181	0.00845	0.00423	0.00242	0.00845
15	0.01344	0.01506	0.03224	0.05751	0.08640	0.01432	0.65599	0.01810	0.01338	0.01819	0.01145	0.01532	0.00866	0.00488	0.00662	0.00191	0.00934	0.00655	0.00287	0.00776
16	0.01350	0.01543	0.03375	0.02411	0.02989	0.01446	0.74253	0.01832	0.01350	0.01832	0.01157	0.01543	0.00868	0.00482	0.00675	0.00193	0.00964	0.00675	0.00289	0.00771
17	0.01080	0.01017	0.01716	0.78523	0.03940	0.01271	0.01589	0.01461	0.01144	0.01461	0.01017	0.01525	0.00762	0.00572	0.00572	0.00191	0.00762	0.00508	0.00254	0.00635

[dist]
# distance from previous block
# <min> <max>
8	52

[block]
# block no. 13 follows, 41 sequences, length 6
# corresponding to MSA columns:
# 656-661
name=unknown_N
#
# <colnr> <probs for GDERKNQSTAVLIFYWHMCP>
#	G	D	E	R	K	N	Q	S	T	A	V	L	I	F	Y	W	H	M	C	P
0	0.01311	0.04750	0.47246	0.10040	0.02346	0.01281	0.01695	0.07055	0.01348	0.06844	0.03758	0.01401	0.00966	0.00579	0.00541	0.00172	0.00737	0.00460	0.00319	0.07151
1	0.28608	0.11601	0.19508	0.06752	0.01779	0.01317	0.06714	0.01636	0.01167	0.02042	0.07733	0.01461	0.01172	0.00594	0.00473	0.00171	0.00597	0.00458	0.05531	0.00688
2	0.01529	0.01454	0.05428	0.08188	0.27848	0.06759	0.01326	0.18863	0.08333	0.02309	0.10740	0.01804	0.01534	0.00671	0.00579	0.00174	0.00635	0.00575	0.00418	0.00833
3	0.01304	0.05855	0.03092	0.06124	0.01519	0.01090	0.00895	0.01831	0.16880	0.09273	0.04219	0.06000	0.06552	0.00834	0.00677	0.00173	0.07527	0.05712	0.00450	0.19990
4	0.01632	0.01529	0.12053	0.01781	0.19141	0.01357	0.01300	0.25047	0.01707	0.08269	0.01369	0.06598	0.01119	0.00697	0.00651	0.00174	0.05849	0.00562	0.00423	0.08741
5	0.05441	0.08468	0.23745	0.01274	0.01750	0.08170	0.02915	0.10022	0.10876	0.07309	0.01596	0.13043	0.01389	0.00785	0.00558	0.00181	0.00649	0.00638	0.00410	0.00781

[dist]
# distance from previous block
# <min> <max>
7	150

# created by:
# /software/SequenceAnalysis/GenePrediction/augustus/3.0.1/scripts/msa2prfl.pl ./fixed/BUSCOvEOG7Q5B35.fas
