[name]
unknown

[dist]
# distance from previous block
# <min> <max>
19	251

[block]
# block no. 0 follows, 40 sequences, length 72
# corresponding to MSA columns:
# 277-348
name=unknown_A
#
# <colnr> <probs for GDERKNQSTAVLIFYWHMCP>
#	G	D	E	R	K	N	Q	S	T	A	V	L	I	F	Y	W	H	M	C	P
0	0.01405	0.01279	0.02051	0.53012	0.26060	0.01421	0.01724	0.01714	0.01338	0.01803	0.01253	0.01784	0.01013	0.00695	0.00664	0.00224	0.00809	0.00581	0.00338	0.00834
1	0.01638	0.01381	0.01447	0.01311	0.01650	0.01543	0.01000	0.03175	0.72646	0.02593	0.02525	0.02417	0.01936	0.00916	0.00676	0.00233	0.00530	0.00716	0.00652	0.01015
2	0.02023	0.02338	0.01632	0.01498	0.01745	0.54954	0.01116	0.02114	0.01564	0.01590	0.01231	0.01652	0.01107	0.05014	0.11587	0.00325	0.06895	0.00510	0.00370	0.00737
3	0.02721	0.01140	0.01479	0.01173	0.01624	0.00992	0.00939	0.02936	0.04443	0.71433	0.02457	0.02240	0.01624	0.00851	0.00669	0.00217	0.00562	0.00649	0.00771	0.01080
4	0.01608	0.01486	0.02418	0.08610	0.68875	0.01474	0.01825	0.01891	0.01434	0.02049	0.01289	0.01718	0.01100	0.00658	0.00661	0.00211	0.00758	0.00581	0.00356	0.00997
5	0.01587	0.01464	0.02379	0.13275	0.64377	0.01469	0.01815	0.01873	0.01424	0.02023	0.01285	0.01725	0.01091	0.00662	0.00661	0.00212	0.00764	0.00581	0.00354	0.00980
6	0.01750	0.68603	0.07845	0.01189	0.01713	0.02283	0.01153	0.05486	0.01387	0.01708	0.01061	0.01263	0.00952	0.00647	0.00486	0.00169	0.00702	0.00399	0.00336	0.00866
7	0.81225	0.01261	0.01002	0.00906	0.01274	0.01406	0.00719	0.01839	0.01121	0.02763	0.01018	0.01232	0.00828	0.00674	0.00451	0.00217	0.00520	0.00385	0.00427	0.00734
8	0.02340	0.01775	0.01840	0.01460	0.01918	0.04769	0.01171	0.65710	0.06170	0.03641	0.01612	0.01692	0.01203	0.00828	0.00664	0.00211	0.00711	0.00587	0.00632	0.01066
9	0.01743	0.77522	0.03124	0.01129	0.01631	0.02370	0.01072	0.01869	0.01307	0.01562	0.01017	0.01220	0.00940	0.00633	0.00464	0.00163	0.00686	0.00381	0.00320	0.00847
10	0.01216	0.00661	0.00908	0.00899	0.00919	0.00632	0.00598	0.00917	0.00896	0.01216	0.01212	0.02028	0.01196	0.02107	0.02303	0.80458	0.00573	0.00569	0.00323	0.00369
11	0.00903	0.00742	0.00745	0.00736	0.00946	0.00618	0.00537	0.00992	0.01446	0.01759	0.05936	0.05734	0.73489	0.01577	0.00768	0.00232	0.00369	0.01268	0.00602	0.00599
12	0.00924	0.00662	0.00828	0.00949	0.01002	0.00600	0.00632	0.00968	0.01240	0.01675	0.03336	0.76961	0.03941	0.01915	0.00822	0.00271	0.00411	0.01680	0.00602	0.00581
13	0.02342	0.02813	0.01773	0.01610	0.01926	0.72163	0.01196	0.05027	0.01797	0.01697	0.01122	0.01345	0.00952	0.00736	0.00613	0.00188	0.01084	0.00448	0.00379	0.00788
14	0.81225	0.01261	0.01002	0.00906	0.01274	0.01406	0.00719	0.01839	0.01121	0.02763	0.01018	0.01232	0.00828	0.00674	0.00451	0.00217	0.00520	0.00385	0.00427	0.00734
15	0.02373	0.01888	0.01852	0.01480	0.01931	0.11097	0.01181	0.63056	0.02677	0.03512	0.01525	0.01626	0.01146	0.00816	0.00659	0.00208	0.00753	0.00569	0.00608	0.01043
16	0.01631	0.01510	0.02459	0.03621	0.73686	0.01480	0.01837	0.01911	0.01444	0.02077	0.01293	0.01710	0.01110	0.00653	0.00660	0.00210	0.00753	0.00581	0.00358	0.01016
17	0.00957	0.00669	0.00852	0.00791	0.00952	0.00627	0.00595	0.01286	0.05307	0.05047	0.68933	0.04183	0.05164	0.01173	0.00692	0.00190	0.00305	0.01024	0.00651	0.00603
18	0.00884	0.00592	0.00662	0.00661	0.00664	0.00587	0.00370	0.00874	0.00870	0.01164	0.01864	0.03841	0.02142	0.79126	0.02961	0.00568	0.00576	0.00855	0.00365	0.00373
19	0.00740	0.00618	0.00636	0.00630	0.00823	0.00520	0.00470	0.00889	0.01379	0.01680	0.12735	0.05499	0.68415	0.01464	0.00702	0.00202	0.00306	0.01217	0.00561	0.00516
20	0.01795	0.01429	0.01516	0.01270	0.01657	0.01611	0.01011	0.32217	0.44855	0.02968	0.01997	0.01897	0.01482	0.00775	0.00603	0.00194	0.00547	0.00613	0.00599	0.00966
21	0.02203	0.02787	0.01670	0.01520	0.01821	0.76803	0.01137	0.02342	0.01668	0.01458	0.00936	0.01100	0.00784	0.00623	0.00540	0.00157	0.01058	0.00387	0.00312	0.00693
22	0.83225	0.01149	0.00881	0.00790	0.01152	0.01323	0.00646	0.01733	0.01014	0.02637	0.00848	0.00997	0.00666	0.00564	0.00377	0.00187	0.00463	0.00328	0.00372	0.00649
23	0.01157	0.00661	0.00926	0.03451	0.02779	0.00678	0.00633	0.06580	0.00979	0.01329	0.01108	0.01784	0.01048	0.01806	0.01989	0.68727	0.00534	0.00520	0.02940	0.00370
24	0.00817	0.00584	0.00782	0.00914	0.00982	0.00555	0.00677	0.00958	0.01205	0.01597	0.03191	0.56812	0.03712	0.01774	0.00775	0.00252	0.00411	0.22942	0.00550	0.00511
25	0.02077	0.01430	0.01541	0.01209	0.01619	0.01550	0.00987	0.57121	0.02429	0.07856	0.01569	0.01610	0.01134	0.00720	0.00568	0.00175	0.00581	0.00542	0.14351	0.00931
26	0.01589	0.79477	0.03061	0.01019	0.01518	0.02314	0.01009	0.01765	0.01204	0.01404	0.00846	0.00985	0.00782	0.00522	0.00390	0.00131	0.00634	0.00324	0.00262	0.00765
27	0.00839	0.00619	0.00777	0.00779	0.00904	0.00574	0.00565	0.01087	0.03817	0.02070	0.47311	0.24221	0.11424	0.01391	0.00713	0.00205	0.00313	0.01223	0.00613	0.00554
28	0.00858	0.00619	0.00801	0.00760	0.00897	0.00569	0.00565	0.01115	0.01648	0.02334	0.72827	0.06859	0.05440	0.01231	0.00703	0.00191	0.00290	0.01080	0.00647	0.00566
29	0.00744	0.00616	0.00642	0.00638	0.00826	0.00521	0.00475	0.00895	0.01381	0.01696	0.14349	0.07222	0.65013	0.01465	0.00703	0.00202	0.00307	0.01223	0.00563	0.00517
30	0.00858	0.00622	0.00799	0.00753	0.00895	0.00570	0.00562	0.01117	0.01657	0.02339	0.73146	0.04414	0.07592	0.01218	0.00701	0.00190	0.00289	0.01065	0.00648	0.00566
31	0.00862	0.00622	0.00805	0.00758	0.00898	0.00572	0.00565	0.01125	0.01666	0.02362	0.75230	0.04376	0.05495	0.01210	0.00701	0.00190	0.00288	0.01060	0.00651	0.00568
32	0.02354	0.01027	0.01331	0.01060	0.01474	0.00941	0.00859	0.02775	0.12198	0.60503	0.07109	0.02207	0.01783	0.00784	0.00608	0.00189	0.00488	0.00637	0.00706	0.00968
33	0.00834	0.00618	0.00769	0.00736	0.00882	0.00559	0.00547	0.01069	0.01591	0.02200	0.60625	0.07464	0.17334	0.01282	0.00703	0.00194	0.00294	0.01113	0.00630	0.00555
34	0.01481	0.01273	0.01339	0.01207	0.01537	0.01464	0.00935	0.03106	0.74477	0.02462	0.02396	0.02215	0.01804	0.00812	0.00607	0.00204	0.00473	0.00668	0.00603	0.00938
35	0.02105	0.15004	0.01892	0.01440	0.01773	0.64937	0.01117	0.02250	0.01594	0.01450	0.00922	0.01082	0.00784	0.00607	0.00516	0.00153	0.00990	0.00377	0.00304	0.00704
36	0.01177	0.01104	0.01783	0.57708	0.03385	0.01383	0.03804	0.01501	0.01142	0.01541	0.01054	0.01569	0.00838	0.00691	0.00850	0.00210	0.15785	0.00533	0.03281	0.00664
37	0.01229	0.08125	0.71257	0.01634	0.02468	0.01432	0.02079	0.01858	0.01247	0.01843	0.01065	0.01259	0.00773	0.00573	0.00556	0.00187	0.00854	0.00434	0.00259	0.00870
38	0.02555	0.01034	0.01371	0.01069	0.01512	0.00917	0.00874	0.02869	0.06846	0.70726	0.02329	0.02039	0.01494	0.00748	0.00601	0.00188	0.00505	0.00601	0.00721	0.01002
39	0.01258	0.01165	0.01775	0.32973	0.16800	0.01330	0.01409	0.03002	0.01199	0.01685	0.01119	0.04454	0.00971	0.00708	0.00841	0.00194	0.15975	0.00547	0.00306	0.12289
40	0.02305	0.01724	0.01830	0.01474	0.01924	0.01857	0.01172	0.59415	0.14733	0.03621	0.01806	0.01883	0.01364	0.00884	0.00695	0.00227	0.00694	0.00629	0.00663	0.01100
41	0.01499	0.01037	0.01245	0.00918	0.01411	0.00804	0.00733	0.01736	0.01314	0.16206	0.01367	0.03375	0.01082	0.00546	0.00484	0.00115	0.00453	0.00436	0.00434	0.64803
42	0.02637	0.01015	0.01373	0.01059	0.01510	0.00876	0.00870	0.02851	0.01684	0.75936	0.02323	0.02026	0.01471	0.00743	0.00600	0.00187	0.00507	0.00596	0.00730	0.01007
43	0.01304	0.01290	0.01802	0.03517	0.01615	0.01784	0.01294	0.01427	0.00922	0.01437	0.00808	0.01330	0.00799	0.01028	0.01882	0.00259	0.76058	0.00521	0.00267	0.00655
44	0.83225	0.01149	0.00881	0.00790	0.01152	0.01323	0.00646	0.01733	0.01014	0.02637	0.00848	0.00997	0.00666	0.00564	0.00377	0.00187	0.00463	0.00328	0.00372	0.00649
45	0.00727	0.00617	0.00617	0.00616	0.00815	0.00514	0.00459	0.00863	0.01347	0.01605	0.05899	0.05622	0.75297	0.01492	0.00702	0.00203	0.00308	0.01235	0.00551	0.00511
46	0.02241	0.01651	0.01767	0.01360	0.01827	0.01819	0.01119	0.73598	0.02748	0.03687	0.01431	0.01446	0.01023	0.00722	0.00597	0.00181	0.00651	0.00535	0.00593	0.01006
47	0.00753	0.00537	0.00701	0.00829	0.00865	0.00499	0.00550	0.00840	0.01127	0.01506	0.03179	0.76049	0.03801	0.04654	0.00837	0.00254	0.00359	0.01629	0.00544	0.00488
48	0.00884	0.00592	0.00662	0.00661	0.00664	0.00587	0.00370	0.00874	0.00870	0.01164	0.01864	0.03841	0.02142	0.79126	0.02961	0.00568	0.00576	0.00855	0.00365	0.00373
49	0.00748	0.00534	0.00703	0.00835	0.00872	0.00496	0.00557	0.00839	0.01137	0.01519	0.03229	0.78779	0.03863	0.01839	0.00757	0.00243	0.00351	0.01658	0.00551	0.00492
50	0.00862	0.00622	0.00805	0.00758	0.00898	0.00572	0.00565	0.01125	0.01666	0.02362	0.75230	0.04376	0.05495	0.01210	0.00701	0.00190	0.00288	0.01060	0.00651	0.00568
51	0.01239	0.10229	0.69246	0.01616	0.02440	0.01458	0.02048	0.01855	0.01246	0.01830	0.01058	0.01251	0.00773	0.00572	0.00551	0.00185	0.00847	0.00431	0.00259	0.00866
52	0.02067	0.06720	0.04177	0.05166	0.04310	0.57907	0.01206	0.08344	0.01689	0.01678	0.00991	0.01166	0.00811	0.00621	0.00542	0.00161	0.00970	0.00409	0.00330	0.00736
53	0.80579	0.01210	0.03310	0.00819	0.01197	0.01324	0.00695	0.01737	0.01021	0.02613	0.00855	0.01006	0.00669	0.00565	0.00383	0.00187	0.00476	0.00331	0.00368	0.00656
54	0.01045	0.00781	0.01035	0.03319	0.01351	0.00809	0.00969	0.01480	0.10749	0.01855	0.02954	0.05875	0.03092	0.01491	0.00784	0.00263	0.00545	0.60451	0.00546	0.00607
55	0.01474	0.01405	0.02378	0.03579	0.75526	0.01400	0.01794	0.01808	0.01346	0.01932	0.01130	0.01489	0.00955	0.00543	0.00591	0.00179	0.00702	0.00530	0.00301	0.00938
56	0.83225	0.01149	0.00881	0.00790	0.01152	0.01323	0.00646	0.01733	0.01014	0.02637	0.00848	0.00997	0.00666	0.00564	0.00377	0.00187	0.00463	0.00328	0.00372	0.00649
57	0.00883	0.00595	0.00676	0.00675	0.00683	0.00594	0.00388	0.00883	0.00875	0.01175	0.01851	0.03769	0.02110	0.75580	0.06465	0.00586	0.00623	0.00845	0.00363	0.00381
58	0.00891	0.00836	0.01089	0.00937	0.01182	0.02882	0.10585	0.01083	0.01371	0.01688	0.09802	0.04713	0.55604	0.01298	0.00736	0.00202	0.02924	0.01101	0.00508	0.00565
59	0.01474	0.01405	0.02378	0.03579	0.75526	0.01400	0.01794	0.01808	0.01346	0.01932	0.01130	0.01489	0.00955	0.00543	0.00591	0.00179	0.00702	0.00530	0.00301	0.00938
60	0.83225	0.01149	0.00881	0.00790	0.01152	0.01323	0.00646	0.01733	0.01014	0.02637	0.00848	0.00997	0.00666	0.00564	0.00377	0.00187	0.00463	0.00328	0.00372	0.00649
61	0.01224	0.01205	0.02184	0.54908	0.10024	0.01357	0.17265	0.01618	0.01245	0.01638	0.01106	0.01593	0.00846	0.00580	0.00619	0.00199	0.00823	0.00565	0.00282	0.00719
62	0.01474	0.01405	0.02378	0.03579	0.75526	0.01400	0.01794	0.01808	0.01346	0.01932	0.01130	0.01489	0.00955	0.00543	0.00591	0.00179	0.00702	0.00530	0.00301	0.00938
63	0.00748	0.00534	0.00703	0.00835	0.00872	0.00496	0.00557	0.00839	0.01137	0.01519	0.03229	0.78779	0.03863	0.01839	0.00757	0.00243	0.00351	0.01658	0.00551	0.00492
64	0.01362	0.10929	0.15648	0.04147	0.02108	0.03856	0.15606	0.01664	0.01134	0.01604	0.00950	0.01335	0.00815	0.00766	0.01172	0.00216	0.35161	0.00514	0.00274	0.00738
65	0.01474	0.01405	0.02378	0.03579	0.75526	0.01400	0.01794	0.01808	0.01346	0.01932	0.01130	0.01489	0.00955	0.00543	0.00591	0.00179	0.00702	0.00530	0.00301	0.00938
66	0.00890	0.00665	0.00847	0.00939	0.01090	0.00629	0.00785	0.01102	0.01346	0.01711	0.03948	0.09717	0.24969	0.01595	0.00780	0.00251	0.00466	0.47183	0.00548	0.00539
67	0.83225	0.01149	0.00881	0.00790	0.01152	0.01323	0.00646	0.01733	0.01014	0.02637	0.00848	0.00997	0.00666	0.00564	0.00377	0.00187	0.00463	0.00328	0.00372	0.00649
68	0.00792	0.00592	0.00828	0.00914	0.00986	0.00551	0.03403	0.00913	0.01172	0.01558	0.03225	0.67275	0.05984	0.01758	0.00758	0.00242	0.00391	0.07605	0.00541	0.00510
69	0.01474	0.01405	0.02378	0.03579	0.75526	0.01400	0.01794	0.01808	0.01346	0.01932	0.01130	0.01489	0.00955	0.00543	0.00591	0.00179	0.00702	0.00530	0.00301	0.00938
70	0.02599	0.01024	0.01372	0.01064	0.01511	0.00895	0.00872	0.02859	0.04113	0.73484	0.02326	0.02032	0.01482	0.00746	0.00600	0.00187	0.00506	0.00598	0.00726	0.01004
71	0.01408	0.01591	0.03443	0.02467	0.03055	0.01488	0.73412	0.01885	0.01394	0.01895	0.01212	0.01617	0.00917	0.00515	0.00701	0.00203	0.00990	0.00697	0.00307	0.00802

[dist]
# distance from previous block
# <min> <max>
0	4

[block]
# block no. 1 follows, 40 sequences, length 15
# corresponding to MSA columns:
# 353-367
name=unknown_B
#
# <colnr> <probs for GDERKNQSTAVLIFYWHMCP>
#	G	D	E	R	K	N	Q	S	T	A	V	L	I	F	Y	W	H	M	C	P
0	0.01209	0.37441	0.12551	0.00995	0.01398	0.01478	0.00990	0.01496	0.01334	0.01765	0.26536	0.02219	0.02410	0.00957	0.04770	0.00198	0.00588	0.00599	0.00386	0.00682
1	0.01684	0.01338	0.01432	0.01213	0.01570	0.01517	0.00961	0.27271	0.46037	0.02776	0.01959	0.01882	0.01463	0.00826	0.00682	0.04786	0.00524	0.00603	0.00569	0.00907
2	0.01967	0.28044	0.01902	0.01029	0.01447	0.01402	0.00903	0.07405	0.01474	0.34716	0.01615	0.01621	0.01171	0.01157	0.11359	0.00267	0.00699	0.00492	0.00490	0.00840
3	0.01526	0.02681	0.40292	0.01584	0.02130	0.27427	0.01673	0.01944	0.01324	0.01636	0.00954	0.01173	0.00745	0.00634	0.00735	0.00182	0.11908	0.00422	0.00265	0.00764
4	0.00751	0.00551	0.00696	0.00744	0.00835	0.00505	0.00521	0.00913	0.01314	0.01772	0.28356	0.39799	0.14498	0.04974	0.00813	0.00227	0.00320	0.01351	0.00566	0.00496
5	0.01301	0.01321	0.00982	0.00930	0.01033	0.26849	0.00617	0.01352	0.01121	0.01229	0.01512	0.02860	0.01646	0.52490	0.02125	0.00422	0.00730	0.00684	0.00334	0.00463
6	0.00992	0.00807	0.01027	0.00940	0.00940	0.00981	0.00668	0.01036	0.00861	0.01221	0.01466	0.02937	0.01651	0.52633	0.02599	0.00458	0.27284	0.00730	0.00319	0.00450
7	0.01002	0.02179	0.50506	0.01291	0.01923	0.01056	0.01563	0.01496	0.01261	0.01749	0.02706	0.02726	0.26438	0.00868	0.00599	0.00188	0.00666	0.00703	0.00347	0.00733
8	0.01580	0.42139	0.02981	0.01565	0.02066	0.12617	0.25983	0.01865	0.01313	0.01546	0.00947	0.01167	0.00793	0.00509	0.00502	0.00153	0.00805	0.00449	0.00272	0.00749
9	0.00771	0.00592	0.00705	0.00677	0.00837	0.00527	0.00508	0.00997	0.01523	0.02041	0.48937	0.04823	0.32361	0.01298	0.00686	0.00188	0.00282	0.01119	0.00602	0.00527
10	0.01011	0.00865	0.01282	0.38027	0.02454	0.01005	0.01109	0.01455	0.11561	0.01603	0.01966	0.28263	0.01978	0.01087	0.00698	0.03127	0.00571	0.00926	0.00402	0.00611
11	0.00701	0.00535	0.00645	0.00734	0.00824	0.00479	0.00506	0.00818	0.01186	0.01514	0.04126	0.53954	0.28482	0.01702	0.00723	0.00223	0.00323	0.01507	0.00540	0.00479
12	0.01192	0.01711	0.27038	0.01134	0.01769	0.00972	0.01189	0.01594	0.01213	0.01877	0.01037	0.01213	0.00819	0.00472	0.00472	0.00120	0.00578	0.00374	0.00311	0.54915
13	0.01948	0.00934	0.01160	0.00940	0.01238	0.00889	0.00718	0.12220	0.01535	0.40270	0.02009	0.02523	0.01607	0.27749	0.01399	0.00311	0.00539	0.00666	0.00574	0.00771
14	0.05352	0.15383	0.03896	0.03385	0.01701	0.05260	0.01046	0.26294	0.26983	0.02572	0.01556	0.01543	0.01175	0.00675	0.00535	0.00173	0.00596	0.00513	0.00485	0.00879

[dist]
# distance from previous block
# <min> <max>
0	1

[block]
# block no. 2 follows, 40 sequences, length 7
# corresponding to MSA columns:
# 369-375
name=unknown_C
#
# <colnr> <probs for GDERKNQSTAVLIFYWHMCP>
#	G	D	E	R	K	N	Q	S	T	A	V	L	I	F	Y	W	H	M	C	P
0	0.02179	0.01470	0.01534	0.01265	0.01576	0.17623	0.01023	0.05537	0.01524	0.39126	0.01589	0.01584	0.01110	0.00764	0.00886	0.00191	0.19150	0.00519	0.00512	0.00837
1	0.00852	0.00736	0.01271	0.01164	0.01318	0.00688	0.16378	0.01037	0.01169	0.01566	0.02767	0.62410	0.03206	0.01534	0.00730	0.00228	0.00476	0.01444	0.00487	0.00540
2	0.00698	0.00546	0.00633	0.00703	0.00815	0.00481	0.00492	0.00822	0.01216	0.01526	0.04508	0.43486	0.38703	0.01653	0.00716	0.00217	0.00317	0.01447	0.00540	0.00481
3	0.64320	0.01244	0.01066	0.00901	0.01286	0.01423	0.00743	0.18881	0.01404	0.02860	0.00949	0.01052	0.00715	0.00577	0.00413	0.00179	0.00495	0.00364	0.00413	0.00715
4	0.01257	0.18872	0.34230	0.01382	0.04635	0.01374	0.06975	0.01704	0.01231	0.01821	0.01208	0.01421	0.00936	0.00564	0.00490	0.00160	0.00671	0.00454	0.19860	0.00756
5	0.01372	0.01670	0.31925	0.01208	0.01702	0.00938	0.01279	0.01752	0.01322	0.19471	0.05804	0.22116	0.01976	0.00955	0.00613	0.00193	0.00589	0.00818	0.00460	0.03836
6	0.01891	0.02036	0.01517	0.01338	0.01635	0.42778	0.01034	0.19071	0.01752	0.01940	0.01159	0.01398	0.00958	0.01436	0.17122	0.00325	0.01062	0.00464	0.00369	0.00715

[dist]
# distance from previous block
# <min> <max>
0	1

[block]
# block no. 3 follows, 40 sequences, length 6
# corresponding to MSA columns:
# 377-382
name=unknown_D
#
# <colnr> <probs for GDERKNQSTAVLIFYWHMCP>
#	G	D	E	R	K	N	Q	S	T	A	V	L	I	F	Y	W	H	M	C	P
0	0.01420	0.01405	0.02191	0.18176	0.56813	0.06382	0.01707	0.01761	0.01314	0.01786	0.01069	0.01435	0.00881	0.00536	0.00573	0.00175	0.00731	0.00508	0.00283	0.00850
1	0.83671	0.01125	0.00855	0.00765	0.01125	0.01305	0.00630	0.01709	0.00990	0.02609	0.00810	0.00945	0.00630	0.00540	0.00360	0.00180	0.00450	0.00315	0.00360	0.00630
2	0.00821	0.00565	0.00692	0.00714	0.00737	0.00577	0.00446	0.00873	0.00904	0.01223	0.02004	0.15549	0.02277	0.54295	0.15339	0.00575	0.00698	0.00936	0.00375	0.00400
3	0.01000	0.00835	0.01152	0.01085	0.01198	0.01031	0.00860	0.01383	0.10760	0.01504	0.01508	0.02069	0.01360	0.03225	0.52170	0.00702	0.16619	0.00605	0.00338	0.00596
4	0.01101	0.00989	0.01041	0.01003	0.01137	0.12941	0.00776	0.01304	0.01084	0.01473	0.01456	0.02019	0.01310	0.03096	0.50851	0.00668	0.05357	0.00567	0.11275	0.00553
5	0.00706	0.00516	0.00664	0.00783	0.00836	0.00475	0.00528	0.00813	0.01139	0.01495	0.03534	0.70167	0.12650	0.01779	0.00736	0.00231	0.00332	0.01601	0.00540	0.00475

[dist]
# distance from previous block
# <min> <max>
2	151

# created by:
# /software/SequenceAnalysis/GenePrediction/augustus/3.0.1/scripts/msa2prfl.pl ./fixed/BUSCOvEOG7VMGVC.fas
