[name]
unknown

[dist]
# distance from previous block
# <min> <max>
0	117

[block]
# block no. 0 follows, 41 sequences, length 102
# corresponding to MSA columns:
# 135-236
name=unknown_A
#
# <colnr> <probs for GDERKNQSTAVLIFYWHMCP>
#	G	D	E	R	K	N	Q	S	T	A	V	L	I	F	Y	W	H	M	C	P
0	0.00887	0.00635	0.00873	0.00949	0.01082	0.00621	0.00802	0.01152	0.01411	0.01894	0.25872	0.05770	0.03951	0.01452	0.00754	0.00237	0.00446	0.50123	0.00559	0.00531
1	0.00697	0.00498	0.00664	0.00796	0.00830	0.00465	0.00531	0.00796	0.01095	0.01460	0.03153	0.79525	0.03783	0.01792	0.00730	0.00232	0.00332	0.01626	0.00531	0.00465
2	0.01080	0.01017	0.01716	0.78523	0.03940	0.01271	0.01589	0.01461	0.01144	0.01461	0.01017	0.01525	0.00762	0.00572	0.00572	0.00191	0.00762	0.00508	0.00254	0.00635
3	0.02097	0.00836	0.01079	0.00866	0.01212	0.00744	0.00703	0.02332	0.01500	0.53384	0.02134	0.02005	0.01432	0.00695	0.00520	0.00163	0.00418	0.00562	0.26483	0.00836
4	0.00739	0.00516	0.00651	0.00742	0.00765	0.00493	0.00473	0.00808	0.01013	0.01350	0.02730	0.55810	0.03250	0.26234	0.01413	0.00333	0.00402	0.01378	0.00473	0.00428
5	0.58031	0.01686	0.24653	0.01027	0.01535	0.01297	0.01087	0.01722	0.01047	0.02330	0.00868	0.01016	0.00652	0.00535	0.00413	0.00178	0.00569	0.00345	0.00319	0.00690
6	0.01981	0.00825	0.01120	0.00948	0.01263	0.00723	0.00744	0.02164	0.01468	0.53173	0.02537	0.26223	0.02157	0.01047	0.00624	0.00194	0.00438	0.00904	0.00653	0.00814
7	0.01146	0.01216	0.02527	0.01906	0.02314	0.01139	0.51183	0.01508	0.01270	0.01716	0.01782	0.25946	0.01780	0.00892	0.00692	0.00205	0.00766	0.00973	0.00365	0.00675
8	0.00683	0.00554	0.00606	0.00647	0.00790	0.00477	0.00465	0.00813	0.01238	0.01519	0.04968	0.28668	0.53468	0.01556	0.00693	0.00205	0.00303	0.01338	0.00531	0.00477
9	0.01126	0.02351	0.53396	0.25692	0.02934	0.01310	0.01949	0.01702	0.01188	0.01702	0.01023	0.01307	0.00736	0.00552	0.00552	0.00184	0.00819	0.00449	0.00245	0.00780
10	0.01776	0.01238	0.02011	0.02731	0.52901	0.01197	0.01469	0.02078	0.01407	0.25294	0.01445	0.01582	0.01066	0.00572	0.00569	0.00172	0.00619	0.00530	0.00416	0.00927
11	0.01658	0.01346	0.01426	0.01212	0.01577	0.01533	0.00962	0.25377	0.52576	0.02772	0.02029	0.01896	0.01504	0.00748	0.00579	0.00187	0.00508	0.00605	0.00579	0.00926
12	0.01238	0.01018	0.01084	0.00995	0.01217	0.01151	0.00731	0.02349	0.51994	0.01991	0.02164	0.02638	0.01850	0.25536	0.01311	0.00307	0.00485	0.00705	0.00508	0.00731
13	0.02148	0.02374	0.01651	0.01424	0.01770	0.53873	0.01100	0.24858	0.01955	0.02090	0.01037	0.01138	0.00811	0.00620	0.00533	0.00155	0.00906	0.00414	0.00382	0.00760
14	0.01002	0.00872	0.01374	0.54146	0.02902	0.01047	0.01200	0.01264	0.01046	0.01351	0.01262	0.02219	0.01175	0.25395	0.01304	0.00305	0.00697	0.00610	0.00283	0.00545
15	0.01042	0.02216	0.53099	0.01345	0.01968	0.01082	0.01621	0.01582	0.01336	0.01962	0.24497	0.02167	0.02187	0.00739	0.00584	0.00181	0.00665	0.00614	0.00363	0.00750
16	0.02052	0.00875	0.01200	0.01029	0.01374	0.00784	0.00866	0.02286	0.01537	0.53252	0.02498	0.03357	0.02003	0.00981	0.00642	0.00204	0.00499	0.23076	0.00651	0.00834
17	0.00986	0.00549	0.00606	0.00591	0.00725	0.00535	0.00444	0.01254	0.01331	0.02183	0.25074	0.02802	0.02696	0.00824	0.00486	0.00148	0.00268	0.00690	0.57274	0.00535
18	0.00995	0.00881	0.01418	0.54176	0.02974	0.01042	0.01260	0.01342	0.01292	0.01722	0.24490	0.02385	0.02213	0.00759	0.00604	0.00187	0.00608	0.00673	0.00372	0.00605
19	0.01384	0.55299	0.02226	0.00839	0.01217	0.01722	0.00798	0.01594	0.01174	0.01592	0.01130	0.01298	0.00963	0.00545	0.00377	0.00126	0.00504	0.00377	0.26164	0.00671
20	0.00697	0.00498	0.00664	0.00796	0.00830	0.00465	0.00531	0.00796	0.01095	0.01460	0.03153	0.79525	0.03783	0.01792	0.00730	0.00232	0.00332	0.01626	0.00531	0.00465
21	0.01865	0.01419	0.01551	0.01169	0.01643	0.01457	0.00959	0.51584	0.02219	0.03060	0.01262	0.01315	0.00933	0.00604	0.00526	0.00144	0.00565	0.00460	0.00499	0.26765
22	0.58117	0.01145	0.00982	0.00881	0.01225	0.01327	0.00709	0.02106	0.24231	0.02512	0.01276	0.01306	0.00972	0.00608	0.00425	0.00182	0.00446	0.00415	0.00425	0.00709
23	0.01185	0.01124	0.01905	0.55050	0.26593	0.01298	0.01641	0.01553	0.01193	0.01589	0.01035	0.01491	0.00807	0.00552	0.00570	0.00184	0.00737	0.00509	0.00263	0.00720
24	0.01080	0.01017	0.01716	0.78523	0.03940	0.01271	0.01589	0.01461	0.01144	0.01461	0.01017	0.01525	0.00762	0.00572	0.00572	0.00191	0.00762	0.00508	0.00254	0.00635
25	0.00838	0.01268	0.24531	0.01057	0.01345	0.00735	0.01026	0.01114	0.01130	0.01570	0.02487	0.55017	0.02826	0.01401	0.00672	0.00216	0.00493	0.01249	0.00440	0.00584
26	0.01185	0.01124	0.01905	0.55050	0.26593	0.01298	0.01641	0.01553	0.01193	0.01589	0.01035	0.01491	0.00807	0.00552	0.00570	0.00184	0.00737	0.00509	0.00263	0.00720
27	0.01494	0.55557	0.02786	0.01771	0.24895	0.01980	0.01222	0.01726	0.01206	0.01509	0.00883	0.01073	0.00788	0.00496	0.00429	0.00137	0.00633	0.00370	0.00257	0.00788
28	0.01359	0.00706	0.00941	0.00813	0.01044	0.00634	0.00634	0.01614	0.01625	0.25586	0.52943	0.03545	0.04151	0.01025	0.00644	0.00179	0.00338	0.00891	0.00654	0.00675
29	0.01721	0.02056	0.01353	0.01238	0.01482	0.53487	0.00928	0.01907	0.01620	0.01680	0.24399	0.02046	0.02195	0.00771	0.00565	0.00158	0.00793	0.00577	0.00400	0.00624
30	0.01198	0.01178	0.01741	0.25604	0.02265	0.01601	0.01357	0.01403	0.00960	0.01403	0.00834	0.01337	0.00754	0.00867	0.01469	0.00232	0.54415	0.00503	0.00251	0.00629
31	0.01042	0.02216	0.53099	0.01345	0.01968	0.01082	0.01621	0.01582	0.01336	0.01962	0.24497	0.02167	0.02187	0.00739	0.00584	0.00181	0.00665	0.00614	0.00363	0.00750
32	0.01641	0.01787	0.02102	0.02873	0.52997	0.25218	0.01552	0.01921	0.01402	0.01722	0.01016	0.01295	0.00853	0.00535	0.00550	0.00163	0.00790	0.00465	0.00287	0.00830
33	0.01742	0.01176	0.13518	0.00981	0.01412	0.00809	0.00923	0.02012	0.01462	0.40889	0.03162	0.02939	0.24673	0.00913	0.00602	0.00183	0.00484	0.00748	0.00576	0.00799
34	0.01078	0.00837	0.01038	0.01088	0.01280	0.00898	0.00917	0.01765	0.24467	0.01925	0.02809	0.05101	0.02808	0.01328	0.00725	0.00242	0.00504	0.50001	0.00544	0.00645
35	0.02017	0.00852	0.01151	0.00924	0.01271	0.00747	0.00747	0.02253	0.01631	0.53434	0.25342	0.02675	0.02662	0.00852	0.00606	0.00178	0.00419	0.00719	0.00683	0.00838
36	0.01084	0.09369	0.46202	0.01255	0.01803	0.01173	0.01455	0.01496	0.01086	0.01548	0.01248	0.01974	0.01149	0.25371	0.01268	0.00293	0.00733	0.00540	0.00275	0.00679
37	0.00994	0.00497	0.00745	0.00745	0.00745	0.00497	0.00497	0.00745	0.00745	0.00994	0.00994	0.01739	0.00994	0.01987	0.02235	0.83358	0.00497	0.00497	0.00248	0.00248
38	0.00955	0.00872	0.01557	0.01252	0.01514	0.00809	0.23600	0.01260	0.01441	0.01987	0.38128	0.14434	0.07639	0.01060	0.00683	0.00192	0.00497	0.01018	0.00503	0.00598
39	0.01177	0.01075	0.01777	0.05841	0.49635	0.01075	0.01365	0.01443	0.01231	0.01724	0.01723	0.25863	0.01800	0.00914	0.00618	0.00190	0.00574	0.00859	0.00359	0.00756
40	0.27208	0.01369	0.02371	0.02112	0.17110	0.01378	0.36670	0.01770	0.01223	0.02069	0.01028	0.01325	0.00798	0.00503	0.00553	0.00183	0.00744	0.00528	0.00308	0.00751
41	0.01266	0.01378	0.02856	0.26229	0.03287	0.01392	0.51514	0.01716	0.01285	0.01716	0.01113	0.01537	0.00835	0.00510	0.00643	0.00192	0.00901	0.00623	0.00278	0.00729
42	0.01929	0.00850	0.01128	0.00961	0.01272	0.00768	0.00752	0.03995	0.04228	0.48555	0.02517	0.26216	0.02158	0.01049	0.00624	0.00195	0.00441	0.00905	0.00644	0.00812
43	0.01101	0.07189	0.48412	0.01408	0.02007	0.01179	0.01668	0.01609	0.01239	0.01750	0.01638	0.02830	0.01529	0.00864	0.00609	0.00203	0.00731	0.22964	0.00331	0.00738
44	0.00990	0.00855	0.01340	0.51649	0.02802	0.01021	0.01166	0.01243	0.01045	0.01351	0.01331	0.04725	0.01272	0.25435	0.01309	0.00306	0.00684	0.00645	0.00292	0.00540
45	0.01241	0.04487	0.51645	0.02202	0.25560	0.01363	0.01972	0.01791	0.01236	0.01817	0.01036	0.01265	0.00782	0.00531	0.00546	0.00176	0.00787	0.00447	0.00255	0.00861
46	0.05181	0.00978	0.01312	0.01009	0.01449	0.00855	0.00834	0.02752	0.01616	0.74343	0.02210	0.01914	0.01390	0.00702	0.00568	0.00177	0.00485	0.00567	0.00697	0.00962
47	0.01241	0.03975	0.51774	0.01471	0.02146	0.01377	0.01712	0.02194	0.24391	0.01984	0.01429	0.01492	0.01044	0.00615	0.00552	0.00184	0.00718	0.00490	0.00348	0.00862
48	0.01226	0.01117	0.01834	0.02637	0.52711	0.01103	0.01375	0.01544	0.01402	0.02002	0.24531	0.02310	0.02311	0.00716	0.00600	0.00173	0.00551	0.00674	0.00392	0.00791
49	0.01061	0.04689	0.50679	0.01294	0.01864	0.01116	0.01524	0.01502	0.01089	0.01577	0.01262	0.01992	0.01149	0.25374	0.01279	0.00296	0.00747	0.00547	0.00275	0.00686
50	0.01373	0.01445	0.02724	0.02021	0.02519	0.01439	0.51300	0.02210	0.24490	0.02008	0.01524	0.01728	0.01143	0.00574	0.00646	0.00193	0.00804	0.00666	0.00381	0.00813
51	0.01116	0.00988	0.01579	0.28766	0.27395	0.01077	0.01256	0.01364	0.01100	0.01489	0.01283	0.02182	0.01223	0.25374	0.01302	0.00297	0.00669	0.00610	0.00293	0.00637
52	0.00960	0.00854	0.01386	0.54200	0.02966	0.01019	0.01258	0.01253	0.01129	0.01461	0.01685	0.25933	0.01708	0.00954	0.00621	0.00204	0.00628	0.00858	0.00341	0.00582
53	0.00701	0.00501	0.00667	0.00794	0.00830	0.00467	0.00531	0.00806	0.01112	0.01487	0.05494	0.77107	0.03835	0.01772	0.00728	0.00231	0.00330	0.01607	0.00534	0.00467
54	0.01099	0.02188	0.53093	0.01353	0.01934	0.01068	0.01607	0.01478	0.01063	0.01555	0.01016	0.01374	0.00809	0.00995	0.01073	0.26210	0.00736	0.00446	0.00244	0.00659
55	0.00966	0.00860	0.01397	0.52850	0.04270	0.01020	0.01261	0.01259	0.01131	0.01468	0.01686	0.25931	0.01710	0.00953	0.00621	0.00203	0.00626	0.00858	0.00341	0.00587
56	0.00812	0.00511	0.00620	0.00708	0.00777	0.00487	0.00487	0.00965	0.01134	0.01673	0.02823	0.53247	0.05070	0.01430	0.00625	0.00200	0.00310	0.01272	0.26361	0.00487
57	0.01409	0.26163	0.03216	0.02006	0.05374	0.01699	0.48496	0.01792	0.01289	0.01681	0.01041	0.01342	0.00827	0.00485	0.00574	0.00170	0.00843	0.00553	0.00275	0.00765
58	0.00995	0.00881	0.01418	0.54176	0.02974	0.01042	0.01260	0.01342	0.01292	0.01722	0.24490	0.02385	0.02213	0.00759	0.00604	0.00187	0.00608	0.00673	0.00372	0.00605
59	0.01228	0.01126	0.01883	0.02700	0.52764	0.01157	0.01430	0.01526	0.01183	0.01699	0.01219	0.01676	0.01070	0.01693	0.24682	0.00404	0.00946	0.00542	0.00290	0.00782
60	0.00739	0.00516	0.00651	0.00742	0.00765	0.00493	0.00473	0.00808	0.01013	0.01350	0.02730	0.55810	0.03250	0.26234	0.01413	0.00333	0.00402	0.01378	0.00473	0.00428
61	0.01526	0.00852	0.01044	0.00961	0.03876	0.02542	0.00678	0.03100	0.07657	0.26621	0.13382	0.05767	0.02310	0.25596	0.01326	0.00298	0.00488	0.00764	0.00538	0.00676
62	0.01211	0.02516	0.53916	0.01875	0.02636	0.01365	0.24688	0.01818	0.01252	0.01818	0.01067	0.01313	0.00769	0.00524	0.00585	0.00185	0.00883	0.00502	0.00256	0.00822
63	0.01033	0.00854	0.01023	0.00831	0.01191	0.00669	0.00632	0.01239	0.01158	0.01738	0.01685	0.25701	0.01766	0.00852	0.00520	0.00131	0.00395	0.00742	0.00399	0.57443
64	0.01620	0.01358	0.01987	0.17262	0.36912	0.01457	0.01489	0.24467	0.01715	0.04419	0.01190	0.01438	0.00913	0.00583	0.00569	0.00175	0.00675	0.00513	0.00380	0.00876
65	0.01249	0.01243	0.01732	0.01478	0.01496	0.01716	0.01231	0.01379	0.00887	0.01394	0.00760	0.01249	0.00754	0.00980	0.01825	0.00244	0.76026	0.00495	0.00253	0.03608
66	0.01410	0.00994	0.01245	0.01028	0.01287	0.01072	0.07003	0.24199	0.01627	0.02420	0.01588	0.03161	0.01276	0.02653	0.08394	0.00245	0.04127	0.00571	0.35012	0.00688
67	0.00816	0.00557	0.00658	0.00691	0.00711	0.00550	0.00419	0.02256	0.00950	0.01268	0.02216	0.27411	0.02591	0.53911	0.02183	0.00446	0.00486	0.01074	0.00409	0.00396
68	0.01387	0.01032	0.01162	0.01023	0.01308	0.01121	0.00799	0.07683	0.40387	0.08995	0.25314	0.02731	0.02802	0.00887	0.00610	0.00186	0.00412	0.00752	0.00607	0.00802
69	0.01805	0.17377	0.02156	0.01946	0.25043	0.07017	0.01276	0.32082	0.01875	0.02455	0.01130	0.01271	0.00888	0.00585	0.00525	0.00160	0.00670	0.00461	0.00397	0.00882
70	0.01214	0.01013	0.01192	0.02142	0.01395	0.00786	0.00700	0.01505	0.03256	0.03587	0.01118	0.02564	0.00934	0.00466	0.00439	0.00094	0.00430	0.00378	0.00356	0.76430
71	0.01513	0.34375	0.13352	0.01572	0.02132	0.03840	0.25923	0.01867	0.01282	0.07488	0.01067	0.01254	0.00832	0.00514	0.00516	0.00159	0.00766	0.00470	0.00297	0.00779
72	0.00933	0.00739	0.01003	0.00897	0.01126	0.00730	0.00703	0.01152	0.01003	0.01496	0.01371	0.01915	0.01248	0.03080	0.53471	0.00658	0.01185	0.00527	0.00317	0.26448
73	0.27181	0.01462	0.05956	0.01822	0.02322	0.01401	0.45199	0.01768	0.01208	0.02044	0.01023	0.01325	0.00779	0.00519	0.00612	0.00189	0.03617	0.00543	0.00306	0.00722
74	0.01266	0.01935	0.26216	0.08637	0.05566	0.01392	0.42912	0.01792	0.01286	0.01796	0.01101	0.01432	0.00816	0.00510	0.00621	0.00188	0.00900	0.00576	0.00271	0.00788
75	0.01181	0.01243	0.02558	0.01882	0.02321	0.01163	0.51186	0.01597	0.01434	0.01977	0.24587	0.02397	0.02285	0.00697	0.00675	0.00189	0.00747	0.00787	0.00396	0.00699
76	0.01066	0.00533	0.00533	0.00533	0.00666	0.00533	0.00400	0.01333	0.01200	0.02132	0.01866	0.02132	0.01466	0.00666	0.00400	0.00133	0.00267	0.00533	0.83073	0.00533
77	0.01254	0.01259	0.01795	0.01526	0.01541	0.01744	0.03168	0.01389	0.00888	0.01389	0.00762	0.01259	0.00754	0.00988	0.01846	0.00249	0.76806	0.00505	0.00251	0.00630
78	0.01075	0.17429	0.38485	0.01173	0.01744	0.01248	0.01365	0.01482	0.01229	0.01636	0.02473	0.02495	0.24313	0.00816	0.00550	0.00173	0.00625	0.00645	0.00333	0.00710
79	0.00934	0.00744	0.01128	0.25254	0.01989	0.00818	0.01066	0.01208	0.01226	0.01592	0.02419	0.16919	0.02581	0.01299	0.00712	0.00235	0.00568	0.38314	0.00442	0.00551
80	0.02130	0.01179	0.01395	0.01123	0.01532	0.01210	0.00910	0.17234	0.24898	0.38799	0.02102	0.01890	0.01430	0.00725	0.00577	0.00181	0.00505	0.00585	0.00641	0.00952
81	0.01211	0.02516	0.53916	0.01875	0.02636	0.01365	0.24688	0.01818	0.01252	0.01818	0.01067	0.01313	0.00769	0.00524	0.00585	0.00185	0.00883	0.00502	0.00256	0.00822
82	0.01187	0.01083	0.01583	0.54315	0.03172	0.01318	0.01375	0.01955	0.24348	0.01753	0.01427	0.01716	0.01070	0.00636	0.00575	0.00192	0.00666	0.00552	0.00357	0.00720
83	0.00790	0.00497	0.00689	0.00780	0.00803	0.00475	0.00520	0.00780	0.00986	0.01314	0.02477	0.55183	0.02910	0.01853	0.01201	0.26245	0.00383	0.01273	0.00443	0.00397
84	0.01000	0.02214	0.53041	0.01301	0.01943	0.01064	0.01588	0.01501	0.01238	0.01728	0.02519	0.02552	0.24311	0.00827	0.00585	0.00185	0.00671	0.00668	0.00332	0.00732
85	0.01515	0.77442	0.05676	0.01002	0.01505	0.02229	0.01020	0.01716	0.01164	0.01363	0.00804	0.00928	0.00734	0.00491	0.00373	0.00124	0.00620	0.00310	0.00245	0.00738
86	0.02189	0.01579	0.01702	0.01305	0.01762	0.01740	0.01078	0.71827	0.02651	0.06254	0.01405	0.01394	0.00989	0.00687	0.00572	0.00172	0.00624	0.00517	0.00577	0.00973
87	0.00810	0.00585	0.00765	0.00720	0.00855	0.00540	0.00540	0.01079	0.01619	0.02294	0.76028	0.04273	0.05397	0.01169	0.00675	0.00180	0.00270	0.01034	0.00630	0.00540
88	0.00929	0.00776	0.01189	0.01648	0.24467	0.00752	0.00925	0.01112	0.01176	0.01600	0.02594	0.49688	0.05485	0.01370	0.00679	0.00212	0.00446	0.03892	0.00453	0.00606
89	0.01393	0.01335	0.02280	0.08674	0.71347	0.01353	0.01744	0.01735	0.01291	0.01841	0.01072	0.01423	0.00896	0.00514	0.00567	0.00171	0.00685	0.00510	0.00281	0.00887
90	0.83938	0.01106	0.00841	0.00752	0.01106	0.01283	0.00619	0.01681	0.00973	0.02566	0.00796	0.00929	0.00619	0.00531	0.00354	0.00177	0.00442	0.00310	0.00354	0.00619
91	0.00893	0.00724	0.03848	0.01028	0.01175	0.00653	0.00901	0.01146	0.01281	0.01676	0.03040	0.16359	0.05171	0.01566	0.00769	0.00254	0.00506	0.57963	0.00516	0.00529
92	0.01381	0.01589	0.03307	0.02374	0.02942	0.04423	0.71393	0.01850	0.01361	0.01815	0.01147	0.01523	0.00863	0.00486	0.00669	0.00191	0.00967	0.00663	0.00290	0.00767
93	0.02511	0.01051	0.04283	0.01042	0.01500	0.00860	0.00890	0.02749	0.01620	0.73798	0.02209	0.01918	0.01389	0.00702	0.00574	0.00177	0.00501	0.00569	0.00690	0.00968
94	0.02362	0.04210	0.01465	0.01079	0.01516	0.01113	0.00895	0.18840	0.03727	0.53469	0.03939	0.01843	0.01402	0.00708	0.00569	0.00174	0.00517	0.00565	0.00654	0.00951
95	0.02133	0.01562	0.01673	0.01287	0.01733	0.01728	0.01062	0.71710	0.02634	0.03550	0.01392	0.01401	0.00991	0.00686	0.00566	0.00170	0.00616	0.00516	0.03635	0.00956
96	0.02117	0.01559	0.01675	0.01296	0.01737	0.01723	0.01065	0.71545	0.02627	0.03521	0.01443	0.04428	0.01083	0.00730	0.00578	0.00174	0.00618	0.00558	0.00571	0.00953
97	0.08480	0.01323	0.02098	0.02904	0.56901	0.01351	0.04229	0.06080	0.04257	0.02067	0.04051	0.01516	0.01092	0.00557	0.00557	0.00173	0.00642	0.00525	0.00332	0.00866
98	0.00958	0.00723	0.01070	0.01159	0.04007	0.00718	0.04434	0.01245	0.03344	0.01760	0.09765	0.08464	0.03175	0.01450	0.00813	0.03493	0.00518	0.51846	0.00507	0.00551
99	0.00965	0.00638	0.00827	0.00759	0.00924	0.00595	0.00576	0.01281	0.04355	0.07904	0.67736	0.04018	0.04962	0.01120	0.00664	0.00180	0.00293	0.00985	0.00634	0.00586
100	0.02106	0.04483	0.01824	0.01429	0.05394	0.01726	0.03141	0.63386	0.02487	0.06246	0.01366	0.01386	0.00975	0.00666	0.00567	0.00171	0.00635	0.00514	0.00543	0.00955
101	0.05529	0.03905	0.01333	0.00980	0.01410	0.00891	0.00811	0.02530	0.01562	0.62320	0.05632	0.01930	0.01513	0.00696	0.00553	0.00169	0.00475	0.00561	0.00648	0.06551

[dist]
# distance from previous block
# <min> <max>
0	3

[block]
# block no. 1 follows, 41 sequences, length 6
# corresponding to MSA columns:
# 240-245
name=unknown_B
#
# <colnr> <probs for GDERKNQSTAVLIFYWHMCP>
#	G	D	E	R	K	N	Q	S	T	A	V	L	I	F	Y	W	H	M	C	P
0	0.22125	0.13337	0.01434	0.01010	0.01342	0.11167	0.00838	0.15208	0.04748	0.02299	0.10029	0.01938	0.01568	0.00731	0.00500	0.00169	0.00557	0.05838	0.04464	0.00700
1	0.01412	0.08130	0.29663	0.01182	0.01755	0.01168	0.01267	0.08482	0.01406	0.10193	0.05347	0.01513	0.01162	0.00588	0.00506	0.00151	0.00602	0.00462	0.06531	0.18479
2	0.10430	0.11684	0.01720	0.03593	0.05315	0.20519	0.01034	0.22676	0.08685	0.02291	0.01161	0.01251	0.00902	0.00601	0.00501	0.00157	0.00685	0.00432	0.00402	0.05963
3	0.01314	0.00985	0.01614	0.38699	0.02699	0.01084	0.10413	0.01709	0.04482	0.11968	0.01494	0.05116	0.01156	0.00657	0.00564	0.00182	0.00637	0.00597	0.13943	0.00686
4	0.01590	0.01559	0.02167	0.03013	0.58740	0.11056	0.01600	0.09768	0.01494	0.01999	0.01084	0.01362	0.00892	0.00539	0.00561	0.00167	0.00719	0.00492	0.00316	0.00883
5	0.01080	0.01017	0.01716	0.78523	0.03940	0.01271	0.01589	0.01461	0.01144	0.01461	0.01017	0.01525	0.00762	0.00572	0.00572	0.00191	0.00762	0.00508	0.00254	0.00635

[dist]
# distance from previous block
# <min> <max>
13	23

[block]
# block no. 2 follows, 41 sequences, length 6
# corresponding to MSA columns:
# 273-278
name=unknown_C
#
# <colnr> <probs for GDERKNQSTAVLIFYWHMCP>
#	G	D	E	R	K	N	Q	S	T	A	V	L	I	F	Y	W	H	M	C	P
0	0.01380	0.01091	0.00959	0.07525	0.01267	0.14960	0.00704	0.09085	0.01427	0.02092	0.01560	0.01798	0.01220	0.00646	0.00454	0.00145	0.00488	0.00499	0.52090	0.00611
1	0.00789	0.00544	0.00667	0.00701	0.00731	0.00536	0.00442	0.00858	0.00996	0.01347	0.09866	0.25952	0.02886	0.44483	0.06333	0.00442	0.00516	0.01073	0.00428	0.00411
2	0.00995	0.00538	0.00788	0.00812	0.00838	0.00536	0.00582	0.00838	0.00861	0.01141	0.01384	0.02628	0.01431	0.01918	0.01971	0.67823	0.00507	0.13797	0.00305	0.00308
3	0.00917	0.00692	0.00832	0.00885	0.00987	0.00714	0.00634	0.01329	0.16363	0.01635	0.02726	0.39476	0.02989	0.15987	0.01116	0.00291	0.00430	0.10936	0.00511	0.00550
4	0.64248	0.04834	0.01050	0.05631	0.01329	0.01307	0.00730	0.04556	0.01067	0.02386	0.00912	0.01118	0.00732	0.00872	0.07059	0.00242	0.00577	0.00361	0.00352	0.00638
5	0.00863	0.00632	0.00827	0.00879	0.01004	0.00611	0.00695	0.01143	0.04358	0.01907	0.29420	0.19455	0.07009	0.01443	0.00730	0.00224	0.00389	0.27301	0.00571	0.00541

[dist]
# distance from previous block
# <min> <max>
0	6

[block]
# block no. 3 follows, 41 sequences, length 6
# corresponding to MSA columns:
# 285-290
name=unknown_D
#
# <colnr> <probs for GDERKNQSTAVLIFYWHMCP>
#	G	D	E	R	K	N	Q	S	T	A	V	L	I	F	Y	W	H	M	C	P
0	0.01516	0.27932	0.37262	0.01327	0.01975	0.01646	0.01510	0.10571	0.01407	0.08258	0.01097	0.01196	0.00816	0.00557	0.00492	0.00160	0.00712	0.00408	0.00322	0.00835
1	0.58333	0.13076	0.13524	0.00928	0.01382	0.01435	0.00915	0.01707	0.01039	0.02264	0.00834	0.00973	0.00653	0.00527	0.00387	0.00170	0.00533	0.00328	0.00320	0.00673
2	0.00754	0.00539	0.00726	0.00837	0.00901	0.00511	0.00607	0.00905	0.01201	0.01609	0.11869	0.56415	0.03882	0.01676	0.00735	0.00232	0.00362	0.15212	0.00542	0.00486
3	0.15762	0.10999	0.32990	0.01245	0.01831	0.01276	0.04569	0.01696	0.01175	0.05011	0.01170	0.06849	0.00981	0.00614	0.00495	0.00165	0.00645	0.00483	0.00317	0.11728
4	0.10075	0.20336	0.14977	0.01186	0.01667	0.04526	0.01136	0.12639	0.20054	0.05988	0.01383	0.01398	0.01044	0.00619	0.00497	0.00167	0.00607	0.00459	0.00413	0.00829
5	0.01640	0.00940	0.01155	0.01009	0.01289	0.00936	0.00798	0.18290	0.04737	0.24079	0.09682	0.22188	0.02487	0.01102	0.00642	0.00198	0.00460	0.07005	0.00604	0.00760

[dist]
# distance from previous block
# <min> <max>
3	14

[block]
# block no. 4 follows, 41 sequences, length 14
# corresponding to MSA columns:
# 305-318
name=unknown_E
#
# <colnr> <probs for GDERKNQSTAVLIFYWHMCP>
#	G	D	E	R	K	N	Q	S	T	A	V	L	I	F	Y	W	H	M	C	P
0	0.07852	0.49175	0.26629	0.01171	0.01764	0.01886	0.01316	0.01742	0.01162	0.01591	0.00870	0.01012	0.00722	0.00510	0.00423	0.00146	0.00674	0.00344	0.00252	0.00761
1	0.09367	0.12961	0.07671	0.07295	0.01851	0.02749	0.03220	0.30532	0.01799	0.09730	0.01312	0.04618	0.01019	0.00673	0.00563	0.00173	0.02684	0.00513	0.00444	0.00828
2	0.01269	0.33122	0.32822	0.01217	0.01776	0.01543	0.01366	0.01637	0.01185	0.03905	0.01320	0.13904	0.01249	0.00731	0.00505	0.00166	0.00658	0.00578	0.00305	0.00743
3	0.03920	0.13203	0.44609	0.01422	0.02106	0.01409	0.05616	0.06547	0.01307	0.01908	0.02689	0.01254	0.00865	0.00542	0.00511	0.00162	0.00730	0.00427	0.00290	0.10484
4	0.13801	0.01226	0.01389	0.01090	0.01514	0.01265	0.00897	0.28944	0.05069	0.34651	0.03290	0.01650	0.01239	0.00688	0.00545	0.00176	0.00527	0.00528	0.00601	0.00911
5	0.01155	0.00984	0.01153	0.00844	0.01322	0.00743	0.00668	0.01399	0.01180	0.01838	0.01153	0.06183	0.01034	0.00511	0.00443	0.00094	0.00418	0.00421	0.00351	0.78105
6	0.12804	0.01406	0.01590	0.01235	0.01650	0.01537	0.06667	0.50476	0.02181	0.03155	0.01338	0.01417	0.00976	0.00648	0.00531	0.00169	0.00588	0.00502	0.10271	0.00858
7	0.01479	0.01261	0.01381	0.01194	0.01514	0.01452	0.00945	0.11208	0.54585	0.02402	0.01975	0.01896	0.01499	0.00764	0.00696	0.00190	0.08077	0.00597	0.00533	0.06353
8	0.08288	0.01508	0.01599	0.01228	0.01683	0.01638	0.01012	0.61819	0.02413	0.03357	0.01295	0.01321	0.00934	0.00649	0.00541	0.00164	0.00595	0.00482	0.00533	0.08941
9	0.49115	0.07461	0.06265	0.03783	0.01435	0.01379	0.00851	0.07405	0.08366	0.02396	0.01027	0.01137	0.00792	0.00559	0.00419	0.00169	0.00509	0.00375	0.00372	0.06185
10	0.07997	0.01052	0.01271	0.04400	0.02635	0.01098	0.02674	0.19209	0.07454	0.12571	0.05320	0.02998	0.06550	0.00927	0.00607	0.00194	0.00519	0.16192	0.03405	0.02926
11	0.06688	0.01416	0.04071	0.01173	0.01568	0.01498	0.00977	0.47456	0.11533	0.03081	0.07152	0.01771	0.01436	0.03476	0.00642	0.00188	0.00559	0.00568	0.03880	0.00866
12	0.01188	0.00830	0.00894	0.00791	0.01002	0.00847	0.00584	0.10712	0.12085	0.02036	0.01965	0.04700	0.04771	0.19849	0.01078	0.00249	0.00430	0.00658	0.25522	0.09809
13	0.07001	0.01184	0.03801	0.01279	0.01560	0.01267	0.07583	0.07519	0.01298	0.15149	0.01386	0.01834	0.01136	0.00801	0.00980	0.00197	0.25842	0.05969	0.05825	0.08390

[dist]
# distance from previous block
# <min> <max>
0	25

[block]
# block no. 5 follows, 41 sequences, length 7
# corresponding to MSA columns:
# 344-350
name=unknown_F
#
# <colnr> <probs for GDERKNQSTAVLIFYWHMCP>
#	G	D	E	R	K	N	Q	S	T	A	V	L	I	F	Y	W	H	M	C	P
0	0.05020	0.04854	0.06639	0.08365	0.01762	0.00990	0.12492	0.01749	0.01411	0.19176	0.18953	0.02469	0.04056	0.00777	0.00587	0.00179	0.00546	0.02640	0.06621	0.00716
1	0.04835	0.10429	0.35925	0.12370	0.05476	0.01360	0.01556	0.07060	0.01326	0.01919	0.06460	0.01452	0.01099	0.00588	0.00525	0.00169	0.00700	0.00467	0.00309	0.05975
2	0.01237	0.01083	0.03599	0.14613	0.08692	0.04332	0.01064	0.10385	0.05258	0.03473	0.14098	0.10161	0.02333	0.00966	0.00630	0.00193	0.00555	0.12465	0.00459	0.04401
3	0.07611	0.01406	0.14021	0.01171	0.01636	0.01138	0.01091	0.08115	0.08266	0.41747	0.01791	0.01681	0.01198	0.00692	0.00640	0.00184	0.05632	0.00529	0.00554	0.00899
4	0.04760	0.01519	0.09865	0.04851	0.01814	0.12903	0.06012	0.02414	0.06994	0.38340	0.03589	0.01715	0.01265	0.00661	0.00565	0.00176	0.00647	0.00538	0.00520	0.00854
5	0.18395	0.05667	0.30063	0.03931	0.09177	0.01337	0.13079	0.01767	0.01196	0.03727	0.01022	0.01235	0.00769	0.00523	0.00513	0.00172	0.00717	0.00443	0.00294	0.05975
6	0.01283	0.01113	0.06052	0.03022	0.01334	0.04548	0.04206	0.18509	0.01522	0.02092	0.08870	0.08099	0.04211	0.13543	0.03853	0.04496	0.00581	0.00719	0.11322	0.00626

[dist]
# distance from previous block
# <min> <max>
61	134

[block]
# block no. 6 follows, 41 sequences, length 6
# corresponding to MSA columns:
# 523-528
name=unknown_G
#
# <colnr> <probs for GDERKNQSTAVLIFYWHMCP>
#	G	D	E	R	K	N	Q	S	T	A	V	L	I	F	Y	W	H	M	C	P
0	0.01292	0.04697	0.07780	0.04162	0.14961	0.01326	0.28466	0.05567	0.06038	0.01899	0.04919	0.10401	0.01453	0.00723	0.00670	0.00190	0.03619	0.00715	0.00357	0.00763
1	0.04716	0.09183	0.36732	0.04048	0.02120	0.05318	0.08239	0.05607	0.01330	0.04102	0.04353	0.04262	0.01092	0.00614	0.00539	0.00170	0.00733	0.00506	0.00319	0.06018
2	0.05276	0.01109	0.01354	0.01109	0.01489	0.01110	0.06093	0.04893	0.30167	0.09679	0.01871	0.09179	0.01533	0.00740	0.00551	0.00166	0.00480	0.00636	0.00495	0.22070
3	0.00719	0.00537	0.00668	0.00729	0.00822	0.00486	0.00511	0.00869	0.01266	0.01676	0.20905	0.44883	0.20708	0.01567	0.00705	0.00211	0.00308	0.01391	0.00554	0.00486
4	0.01587	0.72819	0.02865	0.01026	0.01497	0.09478	0.00991	0.01767	0.01206	0.01351	0.00804	0.00928	0.00734	0.00499	0.00381	0.00125	0.00652	0.00312	0.00249	0.00727
5	0.00697	0.00498	0.00664	0.00796	0.00830	0.00465	0.00531	0.00796	0.01095	0.01460	0.03153	0.79525	0.03783	0.01792	0.00730	0.00232	0.00332	0.01626	0.00531	0.00465

[dist]
# distance from previous block
# <min> <max>
0	4

[block]
# block no. 7 follows, 41 sequences, length 55
# corresponding to MSA columns:
# 533-587
name=unknown_H
#
# <colnr> <probs for GDERKNQSTAVLIFYWHMCP>
#	G	D	E	R	K	N	Q	S	T	A	V	L	I	F	Y	W	H	M	C	P
0	0.06199	0.04944	0.01683	0.01248	0.01689	0.01726	0.01035	0.63280	0.04987	0.03375	0.01365	0.01377	0.00984	0.00673	0.00548	0.00170	0.00604	0.00501	0.02684	0.00931
1	0.01348	0.00758	0.00975	0.00832	0.01095	0.00676	0.00648	0.01645	0.04457	0.22671	0.40031	0.06518	0.05428	0.00983	0.00620	0.00172	0.00356	0.00850	0.00612	0.09322
2	0.02272	0.01234	0.09370	0.01267	0.04953	0.00963	0.04730	0.02599	0.03766	0.59582	0.02022	0.01831	0.01303	0.00673	0.00577	0.00178	0.00556	0.00564	0.00616	0.00945
3	0.01232	0.11181	0.53375	0.01722	0.02472	0.01456	0.17101	0.01805	0.01232	0.01764	0.01028	0.01246	0.00756	0.00525	0.00552	0.00177	0.00845	0.00463	0.00252	0.00818
4	0.00746	0.00532	0.00713	0.00830	0.00886	0.00504	0.00593	0.00883	0.01165	0.01555	0.08395	0.60216	0.03782	0.03388	0.00783	0.00241	0.00365	0.13412	0.00533	0.00478
5	0.01147	0.02959	0.76934	0.01630	0.02476	0.01328	0.02113	0.01811	0.01208	0.01811	0.01026	0.01208	0.00725	0.00543	0.00543	0.00181	0.00845	0.00423	0.00242	0.00845
6	0.01621	0.00925	0.01134	0.00983	0.01259	0.00905	0.00761	0.19240	0.01676	0.23970	0.07200	0.30703	0.02432	0.01127	0.00634	0.00194	0.00448	0.00973	0.00593	0.03222
7	0.00798	0.00524	0.00700	0.00808	0.00864	0.00485	0.00548	0.00904	0.01124	0.05540	0.03104	0.75320	0.03655	0.01733	0.00722	0.00229	0.00340	0.01569	0.00541	0.00492
8	0.83938	0.01106	0.00841	0.00752	0.01106	0.01283	0.00619	0.01681	0.00973	0.02566	0.00796	0.00929	0.00619	0.00531	0.00354	0.00177	0.00442	0.00310	0.00354	0.00619
9	0.00702	0.00500	0.00662	0.00790	0.00822	0.00468	0.00524	0.00798	0.01086	0.01447	0.03104	0.76770	0.03721	0.04631	0.00809	0.00244	0.00340	0.01597	0.00524	0.00460
10	0.01298	0.33405	0.47807	0.01374	0.02079	0.01697	0.01666	0.01773	0.01190	0.01628	0.00935	0.01093	0.00728	0.00522	0.00474	0.00158	0.00753	0.00377	0.00243	0.00801
11	0.01258	0.01189	0.02047	0.22901	0.36073	0.01245	0.09762	0.03766	0.01351	0.01867	0.11429	0.01853	0.01486	0.00619	0.00595	0.00179	0.00676	0.00601	0.00333	0.00770
12	0.00697	0.00498	0.00664	0.00796	0.00830	0.00465	0.00531	0.00796	0.01095	0.01460	0.03153	0.79525	0.03783	0.01792	0.00730	0.00232	0.00332	0.01626	0.00531	0.00465
13	0.01416	0.01359	0.02322	0.03511	0.76330	0.01359	0.01755	0.01755	0.01302	0.01869	0.01076	0.01416	0.00906	0.00510	0.00566	0.00170	0.00680	0.00510	0.00283	0.00906
14	0.04864	0.01081	0.08950	0.01106	0.08235	0.00946	0.00857	0.14292	0.01451	0.02280	0.01666	0.06042	0.01396	0.02754	0.00551	0.00170	0.00455	0.02363	0.39869	0.00674
15	0.03397	0.02644	0.64333	0.01556	0.02335	0.01273	0.03722	0.01923	0.01256	0.10610	0.01168	0.01296	0.00807	0.00561	0.00546	0.00181	0.00796	0.00444	0.00300	0.00853
16	0.00697	0.00498	0.00664	0.00796	0.00830	0.00465	0.00531	0.00796	0.01095	0.01460	0.03153	0.79525	0.03783	0.01792	0.00730	0.00232	0.00332	0.01626	0.00531	0.00465
17	0.03828	0.00778	0.01072	0.05281	0.01403	0.00811	0.03633	0.01415	0.09416	0.01789	0.02754	0.09745	0.04141	0.01371	0.00730	0.00243	0.00529	0.49977	0.00504	0.00582
18	0.02204	0.01154	0.05166	0.04999	0.01644	0.01028	0.00962	0.13864	0.03647	0.50423	0.07229	0.01968	0.01569	0.00724	0.00580	0.00178	0.00525	0.00589	0.00631	0.00917
19	0.00858	0.00716	0.01107	0.33559	0.02140	0.00804	0.00977	0.01077	0.01116	0.01461	0.02252	0.46647	0.02510	0.01278	0.00663	0.00215	0.00513	0.01155	0.00414	0.00537
20	0.81150	0.01102	0.00857	0.00761	0.01118	0.01268	0.00627	0.01719	0.00996	0.05108	0.00846	0.00964	0.00647	0.00537	0.00362	0.00177	0.00444	0.00319	0.00366	0.00632
21	0.00708	0.00506	0.00677	0.00809	0.00847	0.00474	0.00551	0.00816	0.01106	0.01473	0.03146	0.75854	0.03758	0.01781	0.00733	0.00234	0.00342	0.05185	0.00531	0.00468
22	0.01416	0.01359	0.02322	0.03511	0.76330	0.01359	0.01755	0.01755	0.01302	0.01869	0.01076	0.01416	0.00906	0.00510	0.00566	0.00170	0.00680	0.00510	0.00283	0.00906
23	0.01066	0.00533	0.00533	0.00533	0.00666	0.00533	0.00400	0.01333	0.01200	0.02132	0.01866	0.02132	0.01466	0.00666	0.00400	0.00133	0.00267	0.00533	0.83073	0.00533
24	0.83938	0.01106	0.00841	0.00752	0.01106	0.01283	0.00619	0.01681	0.00973	0.02566	0.00796	0.00929	0.00619	0.00531	0.00354	0.00177	0.00442	0.00310	0.00354	0.00619
25	0.83938	0.01106	0.00841	0.00752	0.01106	0.01283	0.00619	0.01681	0.00973	0.02566	0.00796	0.00929	0.00619	0.00531	0.00354	0.00177	0.00442	0.00310	0.00354	0.00619
26	0.01423	0.01229	0.01293	0.01164	0.01487	0.01423	0.00905	0.03039	0.75297	0.02393	0.02328	0.02134	0.01746	0.00776	0.00582	0.00194	0.00453	0.00647	0.00582	0.00905
27	0.00697	0.00498	0.00664	0.00796	0.00830	0.00465	0.00531	0.00796	0.01095	0.01460	0.03153	0.79525	0.03783	0.01792	0.00730	0.00232	0.00332	0.01626	0.00531	0.00465
28	0.01426	0.01514	0.03063	0.04818	0.10057	0.01463	0.57953	0.08693	0.01466	0.01992	0.01165	0.01514	0.00878	0.00507	0.00651	0.00189	0.00898	0.00638	0.00314	0.00799
29	0.01147	0.02959	0.76934	0.01630	0.02476	0.01328	0.02113	0.01811	0.01208	0.01811	0.01026	0.01208	0.00725	0.00543	0.00543	0.00181	0.00845	0.00423	0.00242	0.00845
30	0.01080	0.01017	0.01716	0.78523	0.03940	0.01271	0.01589	0.01461	0.01144	0.01461	0.01017	0.01525	0.00762	0.00572	0.00572	0.00191	0.00762	0.00508	0.00254	0.00635
31	0.02566	0.00973	0.01327	0.01018	0.01460	0.00841	0.00841	0.02788	0.01637	0.76726	0.02257	0.01947	0.01416	0.00708	0.00575	0.00177	0.00487	0.00575	0.00708	0.00973
32	0.02483	0.01048	0.01447	0.01102	0.01551	0.00941	0.04041	0.08428	0.01708	0.67682	0.02139	0.01884	0.01357	0.00696	0.00579	0.00177	0.00519	0.00575	0.00679	0.00965
33	0.01080	0.01017	0.01716	0.78523	0.03940	0.01271	0.01589	0.01461	0.01144	0.01461	0.01017	0.01525	0.00762	0.00572	0.00572	0.00191	0.00762	0.00508	0.00254	0.00635
34	0.00697	0.00498	0.00664	0.00796	0.00830	0.00465	0.00531	0.00796	0.01095	0.01460	0.03153	0.79525	0.03783	0.01792	0.00730	0.00232	0.00332	0.01626	0.00531	0.00465
35	0.00831	0.00557	0.00639	0.00639	0.00644	0.00563	0.00365	0.00841	0.00836	0.01120	0.01789	0.03667	0.02047	0.76073	0.06691	0.00573	0.00604	0.00821	0.00345	0.00355
36	0.02192	0.01574	0.01699	0.01303	0.01760	0.01733	0.01076	0.71257	0.02643	0.06836	0.01412	0.01399	0.00992	0.00688	0.00572	0.00172	0.00623	0.00518	0.00578	0.00973
37	0.00796	0.00584	0.00746	0.00705	0.00846	0.00534	0.00529	0.01053	0.01587	0.02218	0.68907	0.04398	0.12565	0.01198	0.00675	0.00181	0.00272	0.01052	0.00620	0.00534
38	0.01097	0.01034	0.01746	0.74755	0.07576	0.01275	0.01597	0.01476	0.01152	0.01482	0.01020	0.01519	0.00770	0.00569	0.00572	0.00190	0.00758	0.00508	0.00256	0.00649
39	0.83938	0.01106	0.00841	0.00752	0.01106	0.01283	0.00619	0.01681	0.00973	0.02566	0.00796	0.00929	0.00619	0.00531	0.00354	0.00177	0.00442	0.00310	0.00354	0.00619
40	0.00701	0.00501	0.00667	0.00794	0.00831	0.00467	0.00531	0.00807	0.01114	0.01490	0.05801	0.76790	0.03842	0.01769	0.00728	0.00230	0.00330	0.01605	0.00535	0.00467
41	0.02259	0.01175	0.01417	0.01118	0.01542	0.01177	0.00913	0.20406	0.15514	0.45047	0.02053	0.01841	0.01368	0.00715	0.00576	0.00179	0.00515	0.00574	0.00651	0.00961
42	0.01359	0.01138	0.01840	0.33129	0.27275	0.01188	0.03090	0.01695	0.01256	0.09068	0.01161	0.01482	0.00889	0.00541	0.00551	0.00167	0.00664	0.00495	0.00321	0.12691
43	0.01269	0.27691	0.53273	0.01422	0.02153	0.01628	0.01750	0.01780	0.01193	0.01662	0.00952	0.01115	0.00728	0.00526	0.00487	0.00162	0.00771	0.00385	0.00243	0.00810
44	0.01279	0.01414	0.02991	0.10285	0.02918	0.01375	0.60169	0.01719	0.01298	0.01756	0.01232	0.05103	0.00999	0.00641	0.02292	0.00211	0.02591	0.00696	0.00296	0.00735
45	0.00693	0.00585	0.00603	0.00612	0.00801	0.00495	0.00468	0.00846	0.01305	0.01557	0.05605	0.05570	0.71099	0.01458	0.00684	0.00198	0.00306	0.06101	0.00531	0.00486
46	0.01525	0.77317	0.02972	0.01073	0.04245	0.02230	0.01008	0.01714	0.01167	0.01365	0.00806	0.00936	0.00740	0.00490	0.00374	0.00124	0.00614	0.00313	0.00246	0.00740
47	0.01186	0.01017	0.01186	0.00847	0.01356	0.00762	0.00678	0.01440	0.01186	0.01864	0.01017	0.01186	0.00847	0.00424	0.00424	0.00085	0.00424	0.00339	0.00339	0.83395
48	0.03906	0.00991	0.01263	0.01012	0.01391	0.00928	0.00819	0.11647	0.03611	0.51462	0.07145	0.09645	0.01850	0.00841	0.00592	0.00182	0.00473	0.00698	0.00657	0.00885
49	0.00697	0.00498	0.00664	0.00796	0.00830	0.00465	0.00531	0.00796	0.01095	0.01460	0.03153	0.79525	0.03783	0.01792	0.00730	0.00232	0.00332	0.01626	0.00531	0.00465
50	0.00819	0.00572	0.00687	0.04869	0.00840	0.00577	0.00444	0.00860	0.00907	0.01198	0.02128	0.14688	0.05462	0.60874	0.02371	0.00472	0.00522	0.00946	0.00376	0.00385
51	0.02566	0.00973	0.01327	0.01018	0.01460	0.00841	0.00841	0.02788	0.01637	0.76726	0.02257	0.01947	0.01416	0.00708	0.00575	0.00177	0.00487	0.00575	0.00708	0.00973
52	0.01380	0.01323	0.02258	0.11379	0.68737	0.01350	0.01738	0.01725	0.01286	0.01826	0.01070	0.01427	0.00891	0.00516	0.00567	0.00172	0.00688	0.00510	0.00280	0.00878
53	0.01211	0.01039	0.01197	0.00880	0.01369	0.00832	0.00702	0.01608	0.08952	0.01919	0.01154	0.01285	0.00941	0.00461	0.00440	0.00096	0.00427	0.00371	0.00364	0.74750
54	0.01488	0.01047	0.01229	0.04963	0.01455	0.01107	0.00848	0.27799	0.08246	0.08535	0.06722	0.27104	0.02252	0.01072	0.00626	0.00193	0.00483	0.00919	0.00551	0.03360

[dist]
# distance from previous block
# <min> <max>
2	8

# created by:
# /software/SequenceAnalysis/GenePrediction/augustus/3.0.1/scripts/msa2prfl.pl ./fixed/BUSCOvEOG7X6DPT.fas
