[name]
unknown

[dist]
# distance from previous block
# <min> <max>
0	131

[block]
# block no. 0 follows, 41 sequences, length 7
# corresponding to MSA columns:
# 131-137
name=unknown_A
#
# <colnr> <probs for GDERKNQSTAVLIFYWHMCP>
#	G	D	E	R	K	N	Q	S	T	A	V	L	I	F	Y	W	H	M	C	P
0	0.00839	0.00632	0.00806	0.00893	0.01045	0.00599	0.00757	0.01062	0.01312	0.01655	0.03965	0.06131	0.27930	0.01536	0.00751	0.00240	0.00447	0.48361	0.00528	0.00512
1	0.01931	0.01367	0.01457	0.01144	0.01531	0.01501	0.00936	0.58374	0.02362	0.03282	0.01481	0.01540	0.01081	0.00682	0.00534	0.00163	0.00550	0.00519	0.18687	0.00876
2	0.00750	0.00571	0.00690	0.00684	0.00824	0.00511	0.00504	0.00956	0.01444	0.01935	0.43058	0.15037	0.28263	0.01346	0.00683	0.00191	0.00285	0.01172	0.00584	0.00511
3	0.00819	0.00656	0.00747	0.00751	0.00934	0.00616	0.00591	0.01149	0.08340	0.01804	0.18788	0.05122	0.41483	0.01355	0.00688	0.00204	0.00346	0.14510	0.00555	0.00542
4	0.01083	0.02632	0.66454	0.01486	0.02242	0.01212	0.01883	0.01675	0.01221	0.01775	0.01681	0.01797	0.11070	0.00668	0.00562	0.00183	0.00769	0.00530	0.00281	0.00796
5	0.01128	0.00978	0.01192	0.00930	0.01303	0.00858	0.00737	0.01343	0.01131	0.01741	0.01273	0.11948	0.01237	0.00691	0.00666	0.00128	0.11210	0.00538	0.00353	0.60615
6	0.01007	0.01037	0.11341	0.00896	0.01200	0.00767	0.00803	0.04641	0.05564	0.04304	0.33221	0.07565	0.16229	0.01045	0.00625	0.00177	0.00402	0.00894	0.00526	0.07756

[dist]
# distance from previous block
# <min> <max>
0	3

[block]
# block no. 1 follows, 41 sequences, length 19
# corresponding to MSA columns:
# 141-159
name=unknown_B
#
# <colnr> <probs for GDERKNQSTAVLIFYWHMCP>
#	G	D	E	R	K	N	Q	S	T	A	V	L	I	F	Y	W	H	M	C	P
0	0.00775	0.00587	0.00717	0.00694	0.00847	0.00529	0.00527	0.01008	0.01510	0.02043	0.51551	0.04746	0.26302	0.01273	0.00681	0.00188	0.00288	0.04616	0.00595	0.00522
1	0.01229	0.02314	0.48090	0.02257	0.28290	0.01311	0.01932	0.01766	0.01255	0.01849	0.03708	0.01389	0.00954	0.00554	0.00556	0.00177	0.00767	0.00475	0.00270	0.00856
2	0.02148	0.02392	0.01649	0.01427	0.01770	0.55069	0.01100	0.23720	0.01938	0.02055	0.01029	0.01133	0.00807	0.00618	0.00533	0.00155	0.00912	0.00412	0.00377	0.00755
3	0.01952	0.24941	0.02065	0.01194	0.01652	0.01885	0.01036	0.50800	0.02194	0.02893	0.01215	0.01259	0.00915	0.00627	0.00506	0.00156	0.00614	0.00453	0.02751	0.00890
4	0.59642	0.01254	0.01101	0.00920	0.01305	0.01429	0.00758	0.23297	0.01483	0.02875	0.00968	0.01061	0.00724	0.00577	0.00419	0.00175	0.00498	0.00371	0.00419	0.00724
5	0.00688	0.00574	0.00595	0.00609	0.00782	0.00488	0.00450	0.00828	0.01272	0.01528	0.05390	0.11283	0.66272	0.04101	0.00758	0.00210	0.00307	0.02862	0.00525	0.00478
6	0.00968	0.00822	0.00969	0.04890	0.01254	0.00669	0.00636	0.01177	0.01208	0.01698	0.02701	0.12210	0.23568	0.00906	0.00545	0.00141	0.00390	0.00766	0.00415	0.44066
7	0.01156	0.01232	0.02569	0.01931	0.02348	0.01155	0.52346	0.01524	0.01274	0.01722	0.01750	0.24716	0.01734	0.00871	0.00691	0.00205	0.00776	0.00958	0.00361	0.00680
8	0.59631	0.01588	0.01073	0.00967	0.01303	0.23962	0.00764	0.01860	0.01166	0.02220	0.00823	0.00960	0.00654	0.00548	0.00402	0.00168	0.00618	0.00327	0.00336	0.00632
9	0.01367	0.01316	0.02065	0.02714	0.47738	0.01481	0.01533	0.01752	0.07460	0.01767	0.01086	0.01428	0.00931	0.00678	0.00957	0.00196	0.23889	0.00519	0.00299	0.00823
10	0.00736	0.00539	0.00731	0.06078	0.01021	0.00528	0.00585	0.00845	0.01073	0.01426	0.02874	0.66756	0.03410	0.09389	0.00934	0.00261	0.00383	0.01472	0.00494	0.00465
11	0.00686	0.00555	0.00609	0.00648	0.00792	0.00479	0.00466	0.00821	0.01250	0.01540	0.06898	0.27467	0.52708	0.01543	0.00692	0.00204	0.00302	0.01327	0.00534	0.00479
12	0.01390	0.01333	0.02276	0.09170	0.70869	0.01352	0.01743	0.01733	0.01290	0.01838	0.01071	0.01424	0.00895	0.00514	0.00567	0.00171	0.00686	0.00510	0.00281	0.00886
13	0.01394	0.01525	0.01687	0.55628	0.03294	0.23953	0.01445	0.01706	0.01286	0.01443	0.00977	0.01378	0.00755	0.00577	0.00555	0.00178	0.00842	0.00467	0.00266	0.00644
14	0.01585	0.01532	0.02723	0.01996	0.02482	0.01574	0.45343	0.23358	0.01701	0.02314	0.01181	0.01464	0.00888	0.00594	0.00763	0.00192	0.08513	0.00610	0.00370	0.00817
15	0.01424	0.01227	0.01830	0.50350	0.03231	0.01432	0.06434	0.23168	0.01617	0.02124	0.01132	0.01481	0.00832	0.00600	0.00579	0.00185	0.00737	0.00522	0.00351	0.00745
16	0.01292	0.00686	0.00921	0.00883	0.01047	0.00649	0.00654	0.01442	0.01290	0.23889	0.09101	0.43292	0.04362	0.02856	0.00776	0.00218	0.04255	0.01184	0.00575	0.00628
17	0.01398	0.00931	0.01074	0.00863	0.01240	0.00822	0.00686	0.05249	0.10134	0.17544	0.02867	0.02749	0.23439	0.00842	0.00556	0.00153	0.00410	0.00691	0.00513	0.27838
18	0.01744	0.01231	0.02002	0.05738	0.51218	0.01202	0.01477	0.02050	0.01396	0.24097	0.01424	0.01578	0.01052	0.00571	0.00569	0.00173	0.00626	0.00529	0.00408	0.00915

[dist]
# distance from previous block
# <min> <max>
5	8

[block]
# block no. 2 follows, 41 sequences, length 14
# corresponding to MSA columns:
# 168-181
name=unknown_C
#
# <colnr> <probs for GDERKNQSTAVLIFYWHMCP>
#	G	D	E	R	K	N	Q	S	T	A	V	L	I	F	Y	W	H	M	C	P
0	0.00837	0.00642	0.00957	0.00946	0.01043	0.00762	0.00739	0.01037	0.00917	0.01330	0.01497	0.02202	0.01399	0.04141	0.74210	0.00889	0.05024	0.00608	0.00304	0.00516
1	0.01320	0.01366	0.01742	0.01500	0.01522	0.07654	0.01240	0.01447	0.00934	0.01378	0.00761	0.01234	0.00750	0.00969	0.01771	0.00242	0.72796	0.00490	0.00254	0.00629
2	0.01011	0.00506	0.00694	0.00694	0.00726	0.00506	0.00473	0.00886	0.00854	0.01267	0.01203	0.01833	0.01107	0.01670	0.01794	0.63353	0.00441	0.00506	0.20157	0.00317
3	0.01238	0.01172	0.01903	0.02806	0.58168	0.01148	0.01438	0.01531	0.01303	0.01791	0.02210	0.02399	0.18980	0.00735	0.00593	0.00175	0.00586	0.00677	0.00343	0.00804
4	0.01684	0.61339	0.02689	0.01060	0.01542	0.02146	0.01005	0.19190	0.01529	0.01889	0.00934	0.01027	0.00791	0.00537	0.00416	0.00134	0.00616	0.00356	0.00323	0.00791
5	0.00733	0.00513	0.00653	0.00750	0.00774	0.00489	0.00481	0.00806	0.01024	0.01365	0.02788	0.59059	0.03323	0.22886	0.01319	0.00319	0.00392	0.01412	0.00481	0.00433
6	0.01823	0.02204	0.01381	0.01269	0.01493	0.59082	0.00923	0.01935	0.01431	0.01330	0.01105	0.01683	0.01060	0.19653	0.01092	0.00245	0.00917	0.00480	0.00307	0.00587
7	0.00933	0.00721	0.01116	0.32484	0.02077	0.00809	0.00950	0.01081	0.01088	0.01425	0.08178	0.18313	0.06135	0.01268	0.01020	0.20190	0.00539	0.00824	0.00359	0.00490
8	0.73333	0.01089	0.00904	0.00787	0.01152	0.01225	0.00648	0.01826	0.01060	0.12232	0.00987	0.01062	0.00723	0.00554	0.00383	0.00177	0.00448	0.00344	0.00400	0.00666
9	0.00919	0.00715	0.00952	0.19424	0.01639	0.00718	0.00814	0.01141	0.01275	0.05826	0.03885	0.08377	0.38862	0.01234	0.00665	0.00204	0.00453	0.11870	0.00474	0.00553
10	0.01705	0.27465	0.20163	0.01354	0.01843	0.35278	0.01307	0.01989	0.01376	0.01482	0.00890	0.01038	0.00733	0.00547	0.00475	0.00148	0.00853	0.00362	0.00266	0.00729
11	0.00688	0.00555	0.00613	0.00650	0.00793	0.00480	0.00468	0.00825	0.01256	0.01554	0.08214	0.27435	0.51393	0.01538	0.00692	0.00204	0.00301	0.01324	0.00536	0.00480
12	0.01696	0.04246	0.15547	0.01226	0.01683	0.04377	0.01131	0.04370	0.36498	0.20105	0.01934	0.01812	0.01382	0.00697	0.00563	0.00183	0.00567	0.00562	0.00525	0.00896
13	0.01172	0.01115	0.00929	0.00882	0.01087	0.19057	0.00665	0.01347	0.01446	0.05941	0.18407	0.10372	0.30655	0.01177	0.00640	0.00184	0.00487	0.03368	0.00504	0.00566

[dist]
# distance from previous block
# <min> <max>
0	1

[block]
# block no. 3 follows, 41 sequences, length 9
# corresponding to MSA columns:
# 183-191
name=unknown_D
#
# <colnr> <probs for GDERKNQSTAVLIFYWHMCP>
#	G	D	E	R	K	N	Q	S	T	A	V	L	I	F	Y	W	H	M	C	P
0	0.68167	0.01418	0.00991	0.00891	0.01234	0.15997	0.00713	0.01798	0.01098	0.02341	0.00813	0.00949	0.00642	0.00542	0.00385	0.00171	0.00556	0.00321	0.00343	0.00628
1	0.01152	0.01173	0.07023	0.13610	0.26027	0.01084	0.07260	0.04595	0.01339	0.01855	0.11778	0.16878	0.02043	0.00865	0.00621	0.00189	0.00602	0.00804	0.00384	0.00717
2	0.01290	0.01144	0.01391	0.01352	0.07751	0.01316	0.00981	0.02227	0.39637	0.02055	0.07054	0.05903	0.01770	0.00847	0.00831	0.00195	0.15566	0.00659	0.00474	0.07558
3	0.00825	0.00581	0.00760	0.00760	0.00807	0.00629	0.00516	0.00919	0.00872	0.01210	0.01678	0.03053	0.01780	0.45039	0.37361	0.00723	0.01005	0.00731	0.00328	0.00422
4	0.01105	0.01051	0.01721	0.67174	0.03580	0.01342	0.01539	0.01449	0.01104	0.01449	0.00977	0.01485	0.00761	0.00635	0.00764	0.00199	0.12269	0.00507	0.00254	0.00634
5	0.00753	0.00615	0.00674	0.00686	0.00860	0.00554	0.00521	0.00998	0.05428	0.01675	0.12404	0.12257	0.51851	0.01425	0.00685	0.00201	0.00320	0.07034	0.00544	0.00514
6	0.01056	0.01240	0.15603	0.01024	0.01357	0.00960	0.00950	0.01809	0.24131	0.02193	0.35370	0.03088	0.06983	0.00942	0.00621	0.00185	0.00438	0.00806	0.00535	0.00708
7	0.01685	0.34109	0.08538	0.01328	0.01791	0.09968	0.07477	0.19496	0.01583	0.01985	0.00993	0.01142	0.00805	0.00588	0.00581	0.00157	0.06232	0.00419	0.00334	0.00789
8	0.01017	0.00543	0.00578	0.00569	0.00703	0.00534	0.00427	0.01284	0.01280	0.02164	0.16164	0.02545	0.02224	0.00763	0.00453	0.00142	0.00267	0.00630	0.67178	0.00534

[dist]
# distance from previous block
# <min> <max>
0	1

[block]
# block no. 4 follows, 41 sequences, length 31
# corresponding to MSA columns:
# 193-223
name=unknown_E
#
# <colnr> <probs for GDERKNQSTAVLIFYWHMCP>
#	G	D	E	R	K	N	Q	S	T	A	V	L	I	F	Y	W	H	M	C	P
0	0.01529	0.80242	0.02997	0.00979	0.01468	0.02263	0.00979	0.01713	0.01162	0.01346	0.00795	0.00918	0.00734	0.00489	0.00367	0.00122	0.00612	0.00306	0.00245	0.00734
1	0.03988	0.01176	0.01727	0.16102	0.10788	0.01230	0.09588	0.12357	0.07129	0.08768	0.01491	0.08907	0.01247	0.00710	0.00616	0.00178	0.02988	0.00626	0.00412	0.09972
2	0.00824	0.00556	0.00622	0.00622	0.00631	0.00551	0.00351	0.00831	0.00854	0.01130	0.01993	0.03827	0.05615	0.76151	0.02805	0.00537	0.00542	0.00850	0.00355	0.00353
3	0.01459	0.01247	0.01314	0.01171	0.01501	0.01439	0.00914	0.06449	0.71828	0.02451	0.02282	0.02098	0.01709	0.00772	0.00582	0.00193	0.00461	0.00640	0.00582	0.00909
4	0.01327	0.01620	0.10859	0.07133	0.19912	0.01403	0.45506	0.01790	0.01312	0.01816	0.01116	0.01477	0.00855	0.00500	0.00630	0.00186	0.00874	0.00600	0.00281	0.00802
5	0.01234	0.09032	0.29050	0.01172	0.01643	0.06329	0.01235	0.01709	0.05883	0.06537	0.26274	0.02363	0.03607	0.00789	0.00575	0.00174	0.00589	0.00648	0.00429	0.00726
6	0.00831	0.00556	0.00633	0.00633	0.00636	0.00559	0.00358	0.00838	0.00834	0.01116	0.01794	0.03698	0.02060	0.77606	0.05177	0.00566	0.00584	0.00825	0.00345	0.00352
7	0.00744	0.00531	0.00718	0.00850	0.00904	0.00505	0.00613	0.00878	0.01141	0.01513	0.03127	0.64247	0.03680	0.01748	0.00743	0.00239	0.00373	0.16440	0.00530	0.00478
8	0.01157	0.02893	0.73498	0.01667	0.02500	0.01334	0.05484	0.01812	0.01214	0.01812	0.01033	0.01223	0.00731	0.00541	0.00550	0.00182	0.00851	0.00434	0.00244	0.00842
9	0.02174	0.01602	0.01717	0.01316	0.01774	0.01774	0.01087	0.74423	0.02689	0.03605	0.01373	0.01373	0.00973	0.00687	0.00572	0.00172	0.00629	0.00515	0.00572	0.00973
10	0.01266	0.02045	0.30362	0.04833	0.02834	0.01397	0.45143	0.01811	0.01290	0.01811	0.01104	0.01419	0.00811	0.00508	0.00623	0.00188	0.00913	0.00576	0.00270	0.00794
11	0.83938	0.01106	0.00841	0.00752	0.01106	0.01283	0.00619	0.01681	0.00973	0.02566	0.00796	0.00929	0.00619	0.00531	0.00354	0.00177	0.00442	0.00310	0.00354	0.00619
12	0.00695	0.00585	0.00606	0.00616	0.00804	0.00496	0.00472	0.00849	0.01305	0.01558	0.05582	0.05577	0.70515	0.01459	0.00685	0.00199	0.00308	0.06672	0.00531	0.00486
13	0.00991	0.02050	0.47931	0.01266	0.01845	0.01015	0.01498	0.01475	0.01283	0.01827	0.14082	0.07068	0.13589	0.00863	0.00597	0.00186	0.00633	0.00718	0.00368	0.00716
14	0.00712	0.00510	0.00677	0.00786	0.00833	0.00475	0.00532	0.00835	0.01167	0.01574	0.13099	0.69254	0.04003	0.01707	0.00723	0.00225	0.00323	0.01545	0.00544	0.00475
15	0.02078	0.02615	0.01678	0.01640	0.07846	0.71387	0.01158	0.02241	0.01595	0.01438	0.00900	0.01063	0.00751	0.00583	0.00520	0.00149	0.01003	0.00380	0.00294	0.00683
16	0.01231	0.12186	0.14762	0.01047	0.01577	0.01134	0.01010	0.01538	0.01165	0.01751	0.00970	0.01158	0.00804	0.00493	0.00536	0.00118	0.05886	0.00360	0.00303	0.51970
17	0.01304	0.01015	0.01189	0.00867	0.01343	0.00799	0.00689	0.04537	0.01261	0.07017	0.01156	0.01376	0.00954	0.04498	0.00567	0.00119	0.00443	0.00387	0.00374	0.70104
18	0.03683	0.02902	0.74604	0.01603	0.02434	0.01327	0.02068	0.01807	0.01200	0.01835	0.01019	0.01199	0.00721	0.00543	0.00538	0.00181	0.00833	0.00419	0.00245	0.00838
19	0.04514	0.01367	0.07067	0.02625	0.49256	0.01247	0.01477	0.05380	0.03157	0.01961	0.01261	0.07364	0.01121	0.00618	0.00555	0.00168	0.00621	0.00568	0.00330	0.09345
20	0.00908	0.00682	0.00880	0.00969	0.01125	0.00676	0.00826	0.01241	0.06373	0.01726	0.03520	0.05972	0.17374	0.01499	0.00754	0.00245	0.00475	0.53679	0.00531	0.00544
21	0.01753	0.00955	0.01199	0.00904	0.01349	0.00773	0.00731	0.01988	0.01413	0.34964	0.05619	0.01882	0.04847	0.00635	0.00515	0.00135	0.00437	0.00519	0.00526	0.38855
22	0.01012	0.00842	0.07020	0.00886	0.01068	0.00689	0.00707	0.04917	0.04134	0.07515	0.15199	0.38040	0.05029	0.09125	0.00894	0.00241	0.00416	0.01163	0.00524	0.00579
23	0.01529	0.80242	0.02997	0.00979	0.01468	0.02263	0.00979	0.01713	0.01162	0.01346	0.00795	0.00918	0.00734	0.00489	0.00367	0.00122	0.00612	0.00306	0.00245	0.00734
24	0.01191	0.01036	0.01232	0.00901	0.01367	0.00843	0.00725	0.01435	0.01161	0.01824	0.00995	0.01191	0.00839	0.00471	0.00542	0.00098	0.06816	0.00352	0.00332	0.76649
25	0.00829	0.00628	0.00942	0.04249	0.01132	0.00733	0.00738	0.01033	0.00926	0.01325	0.01520	0.02273	0.01426	0.07022	0.71456	0.00874	0.01462	0.00617	0.00306	0.00510
26	0.01381	0.01158	0.01217	0.01077	0.01394	0.01297	0.00843	0.11530	0.52886	0.02391	0.02835	0.02648	0.15082	0.00886	0.00598	0.00191	0.00445	0.00732	0.00572	0.00837
27	0.01316	0.07720	0.49841	0.01664	0.08246	0.01348	0.03537	0.06145	0.01335	0.05697	0.01255	0.01663	0.00990	0.00632	0.00559	0.00182	0.00763	0.05967	0.00312	0.00831
28	0.00961	0.00715	0.01057	0.21743	0.01749	0.00784	0.00879	0.01146	0.01132	0.06602	0.02374	0.48577	0.02628	0.01343	0.00746	0.00218	0.05154	0.01187	0.00452	0.00555
29	0.01080	0.01017	0.01716	0.78523	0.03940	0.01271	0.01589	0.01461	0.01144	0.01461	0.01017	0.01525	0.00762	0.00572	0.00572	0.00191	0.00762	0.00508	0.00254	0.00635
30	0.01594	0.01508	0.07850	0.07503	0.45648	0.04893	0.04167	0.07806	0.01452	0.10243	0.01217	0.01449	0.00936	0.00555	0.00568	0.00173	0.00699	0.00510	0.00349	0.00881

[dist]
# distance from previous block
# <min> <max>
0	1

[block]
# block no. 5 follows, 41 sequences, length 7
# corresponding to MSA columns:
# 225-231
name=unknown_F
#
# <colnr> <probs for GDERKNQSTAVLIFYWHMCP>
#	G	D	E	R	K	N	Q	S	T	A	V	L	I	F	Y	W	H	M	C	P
0	0.01329	0.01513	0.08377	0.09479	0.13731	0.08496	0.15088	0.01780	0.08116	0.01723	0.01313	0.04036	0.01142	0.00724	0.00798	0.00194	0.12820	0.05159	0.00327	0.03855
1	0.01333	0.01281	0.01253	0.00944	0.01419	0.12639	0.00744	0.01571	0.01253	0.01792	0.00996	0.01162	0.00830	0.00449	0.00438	0.00094	0.00518	0.00343	0.00332	0.70607
2	0.01017	0.00953	0.01418	0.08345	0.01671	0.04232	0.14859	0.01269	0.01261	0.01678	0.07892	0.23196	0.11328	0.01055	0.00638	0.00186	0.00538	0.04140	0.00425	0.13898
3	0.01128	0.01080	0.01793	0.38654	0.02828	0.01186	0.12533	0.01454	0.01154	0.01586	0.01182	0.07621	0.01033	0.00668	0.00699	0.00180	0.08233	0.00590	0.00297	0.16101
4	0.01430	0.01384	0.07599	0.01823	0.21044	0.03766	0.04310	0.11495	0.20228	0.02215	0.01710	0.02178	0.01416	0.00734	0.00581	0.00184	0.00597	0.08292	0.08194	0.00820
5	0.00963	0.00808	0.01123	0.01041	0.01085	0.01017	0.00804	0.01093	0.00884	0.01292	0.01340	0.02273	0.01360	0.21014	0.35212	0.00614	0.26641	0.00628	0.00297	0.00510
6	0.00881	0.00703	0.00803	0.00757	0.00946	0.00686	0.00574	0.01361	0.15279	0.02068	0.39340	0.04275	0.27789	0.01187	0.00658	0.00187	0.00310	0.01018	0.00589	0.00589

[dist]
# distance from previous block
# <min> <max>
0	2

[block]
# block no. 6 follows, 41 sequences, length 6
# corresponding to MSA columns:
# 234-239
name=unknown_G
#
# <colnr> <probs for GDERKNQSTAVLIFYWHMCP>
#	G	D	E	R	K	N	Q	S	T	A	V	L	I	F	Y	W	H	M	C	P
0	0.01580	0.01307	0.01382	0.01196	0.01547	0.01496	0.00943	0.18004	0.60075	0.02647	0.02128	0.01975	0.01584	0.00757	0.00580	0.00189	0.00490	0.00619	0.00580	0.00919
1	0.01452	0.01008	0.01213	0.00880	0.01376	0.00778	0.00709	0.01700	0.01273	0.16278	0.01255	0.01333	0.00957	0.00478	0.00453	0.00102	0.00436	0.00384	0.00410	0.67525
2	0.02037	0.01209	0.01468	0.01238	0.04638	0.01260	0.00966	0.32258	0.05621	0.28239	0.01736	0.01741	0.01229	0.01231	0.12113	0.00286	0.00709	0.00557	0.00567	0.00898
3	0.17434	0.42265	0.02275	0.01373	0.12719	0.09249	0.01036	0.01824	0.04273	0.01708	0.00910	0.01057	0.00780	0.00522	0.00418	0.00145	0.00624	0.00358	0.00290	0.00738
4	0.01229	0.00740	0.00928	0.00831	0.00916	0.00789	0.00577	0.01290	0.00993	0.15709	0.01732	0.03024	0.01753	0.52835	0.02307	0.00436	0.12267	0.00733	0.00402	0.00509
5	0.01563	0.56978	0.13942	0.01151	0.01665	0.13405	0.01169	0.01813	0.01238	0.01424	0.00843	0.00978	0.00733	0.00512	0.00416	0.00135	0.00710	0.00333	0.00252	0.00740

[dist]
# distance from previous block
# <min> <max>
0	1

[block]
# block no. 7 follows, 41 sequences, length 12
# corresponding to MSA columns:
# 241-252
name=unknown_H
#
# <colnr> <probs for GDERKNQSTAVLIFYWHMCP>
#	G	D	E	R	K	N	Q	S	T	A	V	L	I	F	Y	W	H	M	C	P
0	0.01438	0.01583	0.02869	0.02564	0.21445	0.07693	0.45253	0.01830	0.01339	0.01790	0.01102	0.01468	0.00872	0.00538	0.00713	0.00189	0.05625	0.00601	0.00290	0.00794
1	0.00771	0.00583	0.00849	0.00907	0.00977	0.00548	0.05018	0.00892	0.01115	0.01487	0.02952	0.66214	0.03484	0.06418	0.00867	0.00253	0.00399	0.05270	0.00509	0.00486
2	0.01327	0.01374	0.06610	0.05619	0.52649	0.01359	0.01618	0.01643	0.01209	0.01750	0.01079	0.01473	0.00926	0.00909	0.07269	0.00248	0.11313	0.00516	0.00282	0.00828
3	0.01314	0.01426	0.02909	0.16239	0.09104	0.01429	0.51263	0.01744	0.01292	0.01756	0.01117	0.01532	0.00858	0.00536	0.00714	0.00196	0.04901	0.00626	0.00285	0.00757
4	0.00845	0.00568	0.00653	0.00653	0.00661	0.00573	0.00377	0.00854	0.00846	0.01137	0.01796	0.03658	0.02047	0.74798	0.07797	0.00580	0.00623	0.00821	0.00348	0.00365
5	0.00731	0.00535	0.00728	0.04848	0.01002	0.00515	0.00592	0.00841	0.01106	0.01473	0.03050	0.75323	0.03632	0.01735	0.00727	0.00232	0.00359	0.01570	0.00521	0.00481
6	0.01485	0.01220	0.01418	0.01372	0.07616	0.01393	0.00997	0.04489	0.53817	0.06784	0.04794	0.02065	0.01699	0.00790	0.00699	0.00197	0.07110	0.00634	0.00542	0.00880
7	0.00861	0.00596	0.00751	0.00810	0.00864	0.00594	0.00584	0.00966	0.01040	0.01377	0.02380	0.13100	0.02678	0.41576	0.04296	0.00431	0.00555	0.25675	0.00433	0.00435
8	0.01542	0.80086	0.03002	0.00987	0.01477	0.02268	0.00984	0.01721	0.01170	0.01358	0.00809	0.00936	0.00747	0.00498	0.00373	0.00125	0.00616	0.00310	0.00249	0.00741
9	0.01354	0.01246	0.02026	0.34373	0.39915	0.01364	0.01633	0.07791	0.01362	0.01859	0.01090	0.01475	0.00865	0.00559	0.00575	0.00181	0.00714	0.00514	0.00300	0.00806
10	0.01377	0.01424	0.02758	0.02903	0.39094	0.01377	0.35315	0.01776	0.01333	0.01857	0.01207	0.01701	0.00999	0.00550	0.00631	0.00187	0.00809	0.03567	0.00301	0.00834
11	0.00871	0.00629	0.00808	0.00761	0.00901	0.00576	0.00566	0.01123	0.01651	0.02342	0.75387	0.04325	0.05410	0.01203	0.00698	0.00191	0.00292	0.01048	0.00647	0.00571

[dist]
# distance from previous block
# <min> <max>
0	1

[block]
# block no. 8 follows, 41 sequences, length 6
# corresponding to MSA columns:
# 254-259
name=unknown_I
#
# <colnr> <probs for GDERKNQSTAVLIFYWHMCP>
#	G	D	E	R	K	N	Q	S	T	A	V	L	I	F	Y	W	H	M	C	P
0	0.00697	0.00498	0.00664	0.00796	0.00830	0.00465	0.00531	0.00796	0.01095	0.01460	0.03153	0.79525	0.03783	0.01792	0.00730	0.00232	0.00332	0.01626	0.00531	0.00465
1	0.13956	0.01031	0.01580	0.66438	0.03499	0.01273	0.01438	0.01496	0.01117	0.01633	0.00982	0.01432	0.00740	0.00566	0.00538	0.00189	0.00713	0.00477	0.00270	0.00633
2	0.00832	0.00555	0.00624	0.00624	0.00624	0.00555	0.00347	0.00832	0.00832	0.01109	0.01802	0.03743	0.02080	0.79898	0.02911	0.00555	0.00555	0.00832	0.00347	0.00347
3	0.00819	0.00596	0.00832	0.00825	0.00911	0.00653	0.00609	0.00990	0.01009	0.01431	0.13166	0.02881	0.02185	0.19960	0.49708	0.00726	0.01127	0.00725	0.00365	0.00480
4	0.10747	0.01053	0.01319	0.01022	0.01457	0.00984	0.00844	0.10210	0.01681	0.61542	0.02016	0.01784	0.01289	0.00688	0.00553	0.00176	0.00497	0.00542	0.00658	0.00938
5	0.00775	0.00659	0.00919	0.00859	0.01040	0.00589	0.07953	0.00960	0.01286	0.01636	0.11659	0.24785	0.38552	0.01420	0.00696	0.00206	0.00378	0.04597	0.00517	0.00515

[dist]
# distance from previous block
# <min> <max>
0	14

[block]
# block no. 9 follows, 41 sequences, length 19
# corresponding to MSA columns:
# 274-292
name=unknown_J
#
# <colnr> <probs for GDERKNQSTAVLIFYWHMCP>
#	G	D	E	R	K	N	Q	S	T	A	V	L	I	F	Y	W	H	M	C	P
0	0.00905	0.00780	0.00803	0.00764	0.00961	0.04086	0.00577	0.01328	0.13414	0.01914	0.27436	0.06242	0.36211	0.01221	0.00655	0.00188	0.00344	0.01034	0.00560	0.00577
1	0.00683	0.00553	0.00607	0.00650	0.00791	0.00477	0.00466	0.00813	0.01236	0.01518	0.04939	0.29484	0.52671	0.01560	0.00694	0.00206	0.00303	0.01343	0.00531	0.00477
2	0.01262	0.01284	0.01934	0.01603	0.01668	0.01718	0.09422	0.01428	0.00929	0.01428	0.00796	0.01284	0.00764	0.00943	0.01743	0.00244	0.70134	0.00520	0.00255	0.00642
3	0.00886	0.00719	0.01128	0.21270	0.01787	0.00861	0.00944	0.01137	0.00978	0.01363	0.01397	0.02058	0.01255	0.03315	0.57423	0.00728	0.01330	0.00585	0.00293	0.00543
4	0.00809	0.00647	0.00886	0.00869	0.00989	0.00724	0.00678	0.00993	0.01017	0.01388	0.02597	0.03034	0.20965	0.03323	0.52344	0.00684	0.06418	0.00761	0.00362	0.00511
5	0.00697	0.00498	0.00664	0.00796	0.00830	0.00465	0.00531	0.00796	0.01095	0.01460	0.03153	0.79525	0.03783	0.01792	0.00730	0.00232	0.00332	0.01626	0.00531	0.00465
6	0.01397	0.00949	0.01152	0.01046	0.01301	0.00980	0.00868	0.22390	0.03325	0.08458	0.20558	0.04000	0.02964	0.01135	0.00677	0.00208	0.00488	0.26824	0.00581	0.00702
7	0.01482	0.59604	0.03096	0.01354	0.01867	0.02049	0.20194	0.01744	0.01211	0.01473	0.00890	0.01082	0.00769	0.00487	0.00448	0.00141	0.00704	0.00403	0.00256	0.00744
8	0.01718	0.57077	0.02616	0.01083	0.01558	0.04606	0.01011	0.20799	0.01578	0.01940	0.00950	0.01041	0.00797	0.00544	0.00426	0.00136	0.00630	0.00363	0.00332	0.00794
9	0.01379	0.01076	0.01190	0.01052	0.01342	0.01189	0.00820	0.08097	0.46537	0.06255	0.21577	0.02626	0.02626	0.00869	0.00605	0.00188	0.00420	0.00734	0.00600	0.00818
10	0.00908	0.00698	0.00875	0.00753	0.00986	0.00598	0.00576	0.01174	0.01506	0.02181	0.56357	0.03463	0.04204	0.00974	0.00609	0.00155	0.00310	0.00852	0.00553	0.22268
11	0.01238	0.06208	0.53555	0.01477	0.02168	0.01398	0.01742	0.02129	0.20635	0.01942	0.01357	0.01437	0.00993	0.00602	0.00545	0.00182	0.00731	0.00476	0.00331	0.00856
12	0.00789	0.00568	0.00582	0.00578	0.00751	0.00500	0.00434	0.00975	0.01301	0.01757	0.10179	0.04525	0.51076	0.01222	0.00603	0.00176	0.00282	0.01017	0.22185	0.00500
13	0.01274	0.01222	0.02024	0.40854	0.03079	0.06367	0.21561	0.01649	0.01256	0.04124	0.01183	0.01579	0.00891	0.00563	0.00577	0.00181	0.00772	0.00550	0.09620	0.00675
14	0.01175	0.02511	0.57218	0.01597	0.02220	0.01439	0.01887	0.01697	0.01121	0.01697	0.00954	0.01219	0.00731	0.00663	0.00893	0.00199	0.21302	0.00443	0.00244	0.00788
15	0.00798	0.00624	0.00771	0.00727	0.00870	0.00598	0.00553	0.01022	0.01481	0.02017	0.50765	0.04448	0.25864	0.01241	0.00749	0.00188	0.05126	0.01052	0.00577	0.00528
16	0.01103	0.01014	0.01398	0.05163	0.01364	0.01343	0.00995	0.01214	0.00881	0.01307	0.01093	0.01986	0.01146	0.21891	0.07188	0.00372	0.49122	0.00595	0.00280	0.00545
17	0.01460	0.02324	0.43376	0.01782	0.08255	0.01460	0.09527	0.20851	0.01619	0.02289	0.01135	0.01304	0.00819	0.00572	0.00567	0.00179	0.00788	0.00481	0.00337	0.00876
18	0.01268	0.01521	0.21340	0.41343	0.03000	0.01183	0.01544	0.01692	0.01218	0.09594	0.01151	0.01448	0.00832	0.00562	0.00548	0.00175	0.00717	0.00474	0.00309	0.10083

[dist]
# distance from previous block
# <min> <max>
0	2

[block]
# block no. 10 follows, 41 sequences, length 18
# corresponding to MSA columns:
# 295-312
name=unknown_K
#
# <colnr> <probs for GDERKNQSTAVLIFYWHMCP>
#	G	D	E	R	K	N	Q	S	T	A	V	L	I	F	Y	W	H	M	C	P
0	0.01739	0.02089	0.01409	0.01306	0.01543	0.54411	0.00987	0.01903	0.01409	0.01378	0.01080	0.01398	0.00946	0.01706	0.23775	0.00380	0.01182	0.00442	0.00298	0.00617
1	0.01519	0.33968	0.01984	0.00989	0.01433	0.08989	0.00866	0.09533	0.01383	0.01814	0.01018	0.01155	0.00852	0.00515	0.00423	0.00120	0.00571	0.00362	0.06838	0.25669
2	0.59082	0.24975	0.01491	0.00821	0.01215	0.01579	0.00728	0.01691	0.01030	0.02198	0.00796	0.00926	0.00654	0.00518	0.00358	0.00161	0.00494	0.00309	0.00321	0.00654
3	0.01181	0.01120	0.01898	0.55898	0.25774	0.01297	0.01639	0.01550	0.01192	0.01584	0.01035	0.01492	0.00806	0.00553	0.00570	0.00184	0.00737	0.00509	0.00263	0.00717
4	0.01442	0.50133	0.02296	0.01007	0.01407	0.01875	0.00907	0.02044	0.23497	0.01643	0.01337	0.01507	0.01145	0.06831	0.00632	0.00178	0.00559	0.00450	0.00354	0.00755
5	0.01186	0.01017	0.01186	0.00847	0.01356	0.00762	0.00678	0.01440	0.01186	0.01864	0.01017	0.01186	0.00847	0.00424	0.00424	0.00085	0.00424	0.00339	0.00339	0.83395
6	0.01237	0.00871	0.00953	0.00833	0.00971	0.00922	0.00570	0.23028	0.01392	0.01862	0.01673	0.03028	0.01746	0.56006	0.02206	0.00439	0.00577	0.00736	0.00415	0.00535
7	0.01186	0.01017	0.01186	0.00847	0.01356	0.00762	0.00678	0.01440	0.01186	0.01864	0.01017	0.01186	0.00847	0.00424	0.00424	0.00085	0.00424	0.00339	0.00339	0.83395
8	0.00928	0.00599	0.00806	0.00874	0.00989	0.00564	0.00672	0.01112	0.01287	0.07588	0.13698	0.38393	0.05691	0.01543	0.00726	0.00229	0.00393	0.22817	0.00558	0.00535
9	0.00841	0.01244	0.23666	0.01037	0.01313	0.00731	0.00996	0.01105	0.01112	0.01544	0.02425	0.51073	0.02752	0.06393	0.00813	0.00237	0.00501	0.01212	0.00432	0.00572
10	0.00809	0.00612	0.00770	0.00848	0.00992	0.00573	0.00696	0.01015	0.01303	0.01653	0.07067	0.13254	0.28945	0.01538	0.00739	0.00232	0.00414	0.37504	0.00533	0.00506
11	0.01696	0.01790	0.01610	0.08563	0.08320	0.28743	0.01155	0.08361	0.23803	0.01928	0.01379	0.01488	0.01079	0.00678	0.00657	0.00177	0.06898	0.00500	0.00396	0.00778
12	0.01181	0.01120	0.01898	0.55898	0.25774	0.01297	0.01639	0.01550	0.01192	0.01584	0.01035	0.01492	0.00806	0.00553	0.00570	0.00184	0.00737	0.00509	0.00263	0.00717
13	0.01202	0.01135	0.02239	0.04718	0.02156	0.01087	0.43305	0.01585	0.01276	0.01879	0.01523	0.07863	0.01274	0.00644	0.00592	0.00178	0.00696	0.00701	0.25276	0.00670
14	0.01018	0.00950	0.01461	0.38881	0.13023	0.01080	0.01240	0.01304	0.01195	0.01538	0.02447	0.02690	0.23505	0.00858	0.00697	0.00193	0.06234	0.00719	0.00342	0.00627
15	0.00766	0.00584	0.00718	0.00793	0.00923	0.00537	0.00620	0.00942	0.01268	0.01607	0.07015	0.24471	0.31538	0.01567	0.00726	0.00225	0.00376	0.24294	0.00534	0.00495
16	0.01032	0.00885	0.01003	0.00766	0.01180	0.00678	0.00604	0.01253	0.01222	0.01768	0.02458	0.02489	0.23544	0.00733	0.00500	0.00117	0.00383	0.00601	0.00397	0.58387
17	0.01366	0.01327	0.02150	0.02905	0.53760	0.01478	0.01603	0.01641	0.01174	0.01720	0.00978	0.01366	0.00859	0.00658	0.00962	0.00194	0.24258	0.00507	0.00273	0.00821

[dist]
# distance from previous block
# <min> <max>
3	7

[block]
# block no. 11 follows, 41 sequences, length 67
# corresponding to MSA columns:
# 320-386
name=unknown_L
#
# <colnr> <probs for GDERKNQSTAVLIFYWHMCP>
#	G	D	E	R	K	N	Q	S	T	A	V	L	I	F	Y	W	H	M	C	P
0	0.07812	0.06496	0.28614	0.02387	0.34306	0.01477	0.01740	0.06314	0.01392	0.02083	0.01156	0.01433	0.00925	0.00612	0.00580	0.00193	0.00749	0.00489	0.00330	0.00912
1	0.01666	0.02955	0.01422	0.01229	0.01540	0.35551	0.00938	0.02236	0.22306	0.01734	0.01364	0.01540	0.01123	0.05509	0.00711	0.00179	0.03365	0.00475	0.00384	0.13774
2	0.00823	0.00551	0.00626	0.00634	0.00637	0.00549	0.00358	0.00830	0.00848	0.01131	0.01885	0.08407	0.02184	0.75091	0.02777	0.00535	0.00541	0.00881	0.00358	0.00354
3	0.01186	0.01017	0.01186	0.00847	0.01356	0.00762	0.00678	0.01440	0.01186	0.01864	0.01017	0.01186	0.00847	0.00424	0.00424	0.00085	0.00424	0.00339	0.00339	0.83395
4	0.01538	0.01371	0.02176	0.18573	0.05075	0.01464	0.23740	0.25103	0.06282	0.02349	0.01372	0.01797	0.01072	0.00649	0.00617	0.00189	0.00747	0.04677	0.00404	0.00805
5	0.01112	0.00561	0.00580	0.00563	0.00719	0.00545	0.00427	0.01366	0.01232	0.06095	0.02235	0.02421	0.08074	0.00738	0.00434	0.00141	0.00280	0.00595	0.71329	0.00552
6	0.00810	0.00585	0.00765	0.00720	0.00855	0.00540	0.00540	0.01079	0.01619	0.02294	0.76028	0.04273	0.05397	0.01169	0.00675	0.00180	0.00270	0.01034	0.00630	0.00540
7	0.00743	0.00531	0.00716	0.00849	0.00902	0.00504	0.00611	0.00876	0.01140	0.01511	0.03127	0.64622	0.03683	0.01749	0.00742	0.00239	0.00372	0.16076	0.00530	0.00477
8	0.01147	0.02959	0.76934	0.01630	0.02476	0.01328	0.02113	0.01811	0.01208	0.01811	0.01026	0.01208	0.00725	0.00543	0.00543	0.00181	0.00845	0.00423	0.00242	0.00845
9	0.00723	0.00581	0.00644	0.00628	0.00801	0.00503	0.00471	0.00911	0.01414	0.01806	0.30273	0.05075	0.51457	0.01351	0.00676	0.00189	0.00283	0.01147	0.00565	0.00503
10	0.02076	0.01507	0.01612	0.01247	0.01676	0.01664	0.01026	0.67948	0.02557	0.03474	0.01417	0.01441	0.01016	0.00685	0.00557	0.00168	0.00597	0.00517	0.07880	0.00934
11	0.01478	0.48454	0.07096	0.01360	0.12172	0.01781	0.01106	0.01727	0.01208	0.04660	0.00945	0.01091	0.00804	0.00494	0.00424	0.00129	0.00601	0.00358	0.00284	0.13826
12	0.01488	0.08488	0.06857	0.02057	0.06503	0.01468	0.44675	0.01882	0.01311	0.10281	0.01201	0.01481	0.00902	0.00562	0.00737	0.00188	0.08212	0.00592	0.00326	0.00789
13	0.01174	0.16315	0.57192	0.01442	0.02153	0.01416	0.01774	0.01704	0.01190	0.01699	0.01174	0.08094	0.00997	0.00645	0.00529	0.00175	0.00759	0.00509	0.00268	0.00792
14	0.00810	0.00585	0.00765	0.00720	0.00855	0.00540	0.00540	0.01079	0.01619	0.02294	0.76028	0.04273	0.05397	0.01169	0.00675	0.00180	0.00270	0.01034	0.00630	0.00540
15	0.01052	0.05373	0.08359	0.01766	0.18920	0.01001	0.12608	0.01322	0.01197	0.01639	0.02039	0.37881	0.02219	0.01106	0.00647	0.00201	0.00573	0.01039	0.00394	0.00664
16	0.01147	0.02959	0.76934	0.01630	0.02476	0.01328	0.02113	0.01811	0.01208	0.01811	0.01026	0.01208	0.00725	0.00543	0.00543	0.00181	0.00845	0.00423	0.00242	0.00845
17	0.00933	0.00536	0.00805	0.00805	0.00840	0.00571	0.00571	0.00840	0.00805	0.01108	0.01178	0.01912	0.01143	0.02774	0.28006	0.55180	0.00851	0.00536	0.00268	0.00338
18	0.00821	0.00595	0.00826	0.00824	0.00898	0.00661	0.00600	0.00968	0.00921	0.01301	0.04491	0.02766	0.01775	0.26455	0.52633	0.00783	0.01195	0.00694	0.00331	0.00463
19	0.01680	0.01315	0.01393	0.01171	0.01530	0.01485	0.00934	0.30033	0.41749	0.02833	0.01928	0.01845	0.01430	0.00733	0.00564	0.00181	0.00505	0.00588	0.07205	0.00901
20	0.01931	0.01028	0.01282	0.00968	0.01431	0.00875	0.00787	0.04776	0.05695	0.39720	0.01730	0.01631	0.01190	0.00596	0.00514	0.00141	0.00464	0.00482	0.00547	0.34213
21	0.06093	0.01333	0.02275	0.09082	0.60532	0.01355	0.07501	0.01735	0.01275	0.01874	0.01062	0.01407	0.00875	0.00513	0.00563	0.00174	0.00695	0.00511	0.00285	0.00858
22	0.01529	0.80242	0.02997	0.00979	0.01468	0.02263	0.00979	0.01713	0.01162	0.01346	0.00795	0.00918	0.00734	0.00489	0.00367	0.00122	0.00612	0.00306	0.00245	0.00734
23	0.00832	0.00555	0.00624	0.00624	0.00624	0.00555	0.00347	0.00832	0.00832	0.01109	0.01802	0.03743	0.02080	0.79898	0.02911	0.00555	0.00555	0.00832	0.00347	0.00347
24	0.01072	0.00883	0.01380	0.16598	0.06097	0.00862	0.11294	0.01334	0.01318	0.08437	0.06269	0.04591	0.35540	0.01009	0.00640	0.00190	0.00520	0.00894	0.00447	0.00625
25	0.00800	0.00577	0.00756	0.00726	0.00852	0.00533	0.00539	0.01054	0.01573	0.02220	0.69573	0.10939	0.05254	0.01225	0.00680	0.00185	0.00275	0.01087	0.00621	0.00533
26	0.83938	0.01106	0.00841	0.00752	0.01106	0.01283	0.00619	0.01681	0.00973	0.02566	0.00796	0.00929	0.00619	0.00531	0.00354	0.00177	0.00442	0.00310	0.00354	0.00619
27	0.01403	0.01674	0.14334	0.02797	0.41281	0.01402	0.20355	0.06256	0.01385	0.01957	0.01107	0.01413	0.00872	0.00519	0.00591	0.00178	0.00776	0.00539	0.00296	0.00866
28	0.01431	0.01379	0.07642	0.05560	0.08420	0.01235	0.05253	0.15077	0.15380	0.02252	0.01341	0.01459	0.01031	0.00566	0.00525	0.00148	0.00572	0.00479	0.00407	0.29845
29	0.00786	0.00597	0.00735	0.00787	0.00906	0.00564	0.00584	0.01038	0.05504	0.01734	0.18456	0.33573	0.20237	0.01503	0.00706	0.00215	0.00342	0.10664	0.00553	0.00517
30	0.01565	0.01477	0.01557	0.07555	0.12401	0.12241	0.01124	0.09111	0.41962	0.02215	0.01756	0.01759	0.01337	0.00688	0.00569	0.00182	0.00607	0.00565	0.00472	0.00856
31	0.00699	0.00548	0.00636	0.00699	0.00819	0.00484	0.00502	0.00832	0.01218	0.01528	0.05676	0.37907	0.39827	0.01600	0.00705	0.00213	0.00319	0.04777	0.00532	0.00478
32	0.00732	0.00523	0.00704	0.00837	0.00886	0.00495	0.00593	0.00858	0.01130	0.01500	0.03133	0.67988	0.03706	0.01759	0.00740	0.00237	0.00363	0.12813	0.00530	0.00474
33	0.76696	0.01150	0.00918	0.00802	0.01165	0.01327	0.00661	0.08125	0.01125	0.02658	0.00848	0.00969	0.00651	0.00545	0.00373	0.00177	0.00459	0.00328	0.00373	0.00651
34	0.01095	0.01037	0.01719	0.71701	0.03724	0.01313	0.01559	0.01454	0.01120	0.01454	0.00993	0.01501	0.00761	0.00610	0.00687	0.00196	0.07680	0.00508	0.00254	0.00635
35	0.01514	0.01449	0.01469	0.10760	0.06106	0.13246	0.01063	0.06034	0.42464	0.02121	0.01745	0.01752	0.01328	0.00681	0.00559	0.00177	0.00600	0.00553	0.00465	0.05914
36	0.00821	0.00550	0.00627	0.00637	0.00640	0.00548	0.00361	0.00829	0.00852	0.01136	0.01907	0.09620	0.02212	0.73841	0.02742	0.00530	0.00537	0.00893	0.00361	0.00356
37	0.00827	0.00580	0.00716	0.06695	0.00917	0.00594	0.00475	0.00874	0.00902	0.01198	0.01979	0.16884	0.02277	0.60025	0.02347	0.00470	0.00532	0.00946	0.00372	0.00390
38	0.00685	0.00545	0.00615	0.00671	0.00797	0.00475	0.00475	0.00811	0.01216	0.01509	0.04679	0.36746	0.45577	0.01594	0.00699	0.00210	0.00308	0.01384	0.00531	0.00475
39	0.00817	0.00613	0.00919	0.00919	0.01021	0.00715	0.00715	0.01021	0.00919	0.01328	0.01532	0.02247	0.01430	0.04290	0.77631	0.00919	0.01532	0.00613	0.00306	0.00511
40	0.01551	0.77519	0.02949	0.00996	0.01479	0.04910	0.00983	0.01733	0.01178	0.01348	0.00798	0.00922	0.00734	0.00493	0.00372	0.00123	0.00626	0.00308	0.00246	0.00732
41	0.01066	0.00533	0.00533	0.00533	0.00666	0.00533	0.00400	0.01333	0.01200	0.02132	0.01866	0.02132	0.01466	0.00666	0.00400	0.00133	0.00267	0.00533	0.83073	0.00533
42	0.01529	0.80242	0.02997	0.00979	0.01468	0.02263	0.00979	0.01713	0.01162	0.01346	0.00795	0.00918	0.00734	0.00489	0.00367	0.00122	0.00612	0.00306	0.00245	0.00734
43	0.16590	0.07782	0.14248	0.01110	0.04080	0.01178	0.01013	0.07317	0.01295	0.06349	0.01060	0.01187	0.00820	0.00509	0.00452	0.00136	0.00542	0.00378	0.00355	0.33600
44	0.00831	0.00558	0.00641	0.00641	0.00647	0.00564	0.00368	0.00843	0.00837	0.01122	0.01787	0.03658	0.02042	0.75584	0.07175	0.00575	0.00610	0.00819	0.00344	0.00356
45	0.01423	0.01229	0.01293	0.01164	0.01487	0.01423	0.00905	0.03039	0.75297	0.02393	0.02328	0.02134	0.01746	0.00776	0.00582	0.00194	0.00453	0.00647	0.00582	0.00905
46	0.01147	0.01089	0.01814	0.60568	0.15100	0.01323	0.01588	0.01501	0.01147	0.01519	0.01005	0.01486	0.00784	0.00597	0.00676	0.00192	0.07022	0.00508	0.00258	0.00677
47	0.01466	0.08982	0.16245	0.10064	0.08483	0.07864	0.25080	0.10238	0.01452	0.01911	0.01075	0.01345	0.00821	0.00547	0.00597	0.00177	0.02042	0.00517	0.00305	0.00790
48	0.00820	0.00603	0.00869	0.00869	0.00953	0.00688	0.00652	0.00989	0.00904	0.01290	0.01578	0.02503	0.01541	0.17233	0.64840	0.00857	0.01365	0.00650	0.00313	0.00483
49	0.00828	0.00605	0.00881	0.00881	0.00977	0.00696	0.00674	0.01019	0.00923	0.01342	0.01566	0.02359	0.01482	0.10013	0.68851	0.00861	0.01407	0.00627	0.03509	0.00499
50	0.01321	0.01378	0.02689	0.17372	0.28795	0.01382	0.35007	0.01734	0.01294	0.01774	0.01102	0.01495	0.00861	0.00509	0.00617	0.00184	0.00826	0.00585	0.00280	0.00792
51	0.01380	0.16287	0.36624	0.01813	0.15726	0.01562	0.01671	0.07398	0.01313	0.03245	0.01022	0.01224	0.00794	0.00578	0.00626	0.00173	0.07016	0.00434	0.00285	0.00831
52	0.01635	0.01730	0.02096	0.02639	0.43400	0.21355	0.04306	0.06338	0.01439	0.01812	0.01021	0.01304	0.00852	0.00580	0.00663	0.00171	0.07059	0.00479	0.00302	0.00819
53	0.00942	0.00742	0.00953	0.00897	0.00913	0.00878	0.00641	0.01007	0.00878	0.01231	0.01582	0.03134	0.01755	0.48754	0.09147	0.00493	0.20466	0.04817	0.00329	0.00442
54	0.55654	0.01076	0.00959	0.00785	0.01191	0.01105	0.00639	0.01599	0.01046	0.02326	0.00872	0.01017	0.00697	0.00494	0.00378	0.00145	0.00436	0.00320	0.00349	0.28912
55	0.00943	0.17655	0.11138	0.00826	0.01144	0.00982	0.00780	0.01155	0.01219	0.01513	0.04725	0.04837	0.38829	0.08609	0.00811	0.00214	0.00464	0.03169	0.00417	0.00572
56	0.06174	0.01073	0.01193	0.01040	0.01352	0.01137	0.00839	0.20000	0.18881	0.07441	0.08057	0.06078	0.07981	0.00958	0.00608	0.00191	0.00475	0.10919	0.00552	0.05052
57	0.01400	0.49610	0.24655	0.01170	0.01762	0.03277	0.01292	0.01731	0.01186	0.01526	0.00883	0.01027	0.00740	0.00502	0.00426	0.00137	0.00673	0.00344	0.00252	0.07406
58	0.00819	0.00601	0.00746	0.00822	0.00902	0.00593	0.00589	0.01051	0.06857	0.01519	0.03020	0.39669	0.09019	0.16559	0.01142	0.00293	0.00416	0.14396	0.00499	0.00489
59	0.01304	0.01227	0.01915	0.02016	0.27239	0.01111	0.12293	0.01706	0.05812	0.01893	0.01139	0.01377	0.00926	0.00484	0.00520	0.00137	0.00595	0.00468	0.00327	0.37509
60	0.01304	0.01020	0.01414	0.31841	0.02383	0.01027	0.01073	0.05480	0.01301	0.08444	0.03699	0.01531	0.01040	0.00563	0.00533	0.00147	0.01720	0.00468	0.02694	0.32320
61	0.00756	0.00579	0.00669	0.00649	0.00792	0.00517	0.00472	0.00940	0.01390	0.01833	0.37258	0.04730	0.34916	0.10881	0.00948	0.00231	0.00313	0.01083	0.00553	0.00492
62	0.01421	0.43774	0.27957	0.01240	0.01827	0.05588	0.01365	0.01881	0.07156	0.01591	0.01001	0.01120	0.00812	0.00536	0.00452	0.00149	0.00699	0.00376	0.00273	0.00782
63	0.00782	0.00582	0.00731	0.00720	0.00859	0.00531	0.00544	0.01013	0.01495	0.02040	0.51387	0.10503	0.19223	0.01301	0.00687	0.00192	0.00296	0.05996	0.00595	0.00522
64	0.01829	0.07790	0.01677	0.01282	0.05862	0.07050	0.00992	0.34345	0.03263	0.07185	0.01252	0.01314	0.00941	0.00588	0.00513	0.00144	0.00595	0.00447	0.00456	0.22477
65	0.01382	0.01301	0.02085	0.08892	0.57200	0.01338	0.01580	0.01903	0.11783	0.01911	0.01247	0.01517	0.01012	0.00549	0.00563	0.00172	0.00644	0.00522	0.00325	0.04074
66	0.01397	0.01344	0.06458	0.11735	0.40481	0.01257	0.12071	0.01764	0.01312	0.07603	0.01342	0.01922	0.01124	0.00625	0.00602	0.00185	0.00711	0.06909	0.00333	0.00823

[dist]
# distance from previous block
# <min> <max>
7	316

# created by:
# /software/SequenceAnalysis/GenePrediction/augustus/3.0.1/scripts/msa2prfl.pl ./fixed/BUSCOvEOG7869S2.fas
