[name]
unknown

[dist]
# distance from previous block
# <min> <max>
77	369

[block]
# block no. 0 follows, 41 sequences, length 42
# corresponding to MSA columns:
# 390-431
name=unknown_A
#
# <colnr> <probs for GDERKNQSTAVLIFYWHMCP>
#	G	D	E	R	K	N	Q	S	T	A	V	L	I	F	Y	W	H	M	C	P
0	0.00801	0.00578	0.00757	0.00726	0.00853	0.00534	0.00539	0.01057	0.01578	0.02229	0.70378	0.10107	0.05272	0.01218	0.00679	0.00184	0.00275	0.01080	0.00622	0.00534
1	0.01352	0.01581	0.06929	0.02577	0.16674	0.01424	0.57021	0.01817	0.01334	0.01838	0.01135	0.01502	0.00868	0.00490	0.00648	0.00188	0.00905	0.00631	0.00286	0.00800
2	0.02370	0.01133	0.01407	0.01096	0.01530	0.01098	0.00900	0.18169	0.09100	0.53748	0.02074	0.01842	0.01353	0.00710	0.00575	0.00178	0.00514	0.00569	0.00666	0.00967
3	0.02487	0.00956	0.01302	0.01004	0.01433	0.00827	0.00827	0.02711	0.01636	0.73375	0.05578	0.02052	0.01595	0.00729	0.00580	0.00177	0.00477	0.00596	0.00704	0.00954
4	0.01307	0.01846	0.19144	0.02243	0.02879	0.01421	0.58788	0.01828	0.01320	0.01828	0.01129	0.01471	0.00837	0.00495	0.00647	0.00190	0.00939	0.00621	0.00279	0.00787
5	0.02174	0.01602	0.01717	0.01316	0.01774	0.01774	0.01087	0.74423	0.02689	0.03605	0.01373	0.01373	0.00973	0.00687	0.00572	0.00172	0.00629	0.00515	0.00572	0.00973
6	0.01147	0.02959	0.76934	0.01630	0.02476	0.01328	0.02113	0.01811	0.01208	0.01811	0.01026	0.01208	0.00725	0.00543	0.00543	0.00181	0.00845	0.00423	0.00242	0.00845
7	0.02536	0.01022	0.01358	0.01041	0.01484	0.00913	0.00860	0.08342	0.01719	0.71057	0.02188	0.01902	0.01382	0.00706	0.00575	0.00177	0.00498	0.00571	0.00697	0.00973
8	0.01416	0.01359	0.02322	0.03511	0.76330	0.01359	0.01755	0.01755	0.01302	0.01869	0.01076	0.01416	0.00906	0.00510	0.00566	0.00170	0.00680	0.00510	0.00283	0.00906
9	0.00752	0.00582	0.00684	0.00659	0.00819	0.00515	0.00494	0.00967	0.01482	0.01969	0.45556	0.04807	0.36072	0.01291	0.00675	0.00186	0.00278	0.01109	0.00587	0.00515
10	0.00810	0.00585	0.00765	0.00720	0.00855	0.00540	0.00540	0.01079	0.01619	0.02294	0.76028	0.04273	0.05397	0.01169	0.00675	0.00180	0.00270	0.01034	0.00630	0.00540
11	0.02220	0.01480	0.01635	0.01259	0.01710	0.01599	0.01038	0.59621	0.04719	0.16454	0.01558	0.01498	0.01074	0.00693	0.00573	0.00173	0.00599	0.00530	0.00596	0.00971
12	0.01350	0.01543	0.03375	0.02411	0.02989	0.01446	0.74253	0.01832	0.01350	0.01832	0.01157	0.01543	0.00868	0.00482	0.00675	0.00193	0.00964	0.00675	0.00289	0.00771
13	0.00817	0.00613	0.00919	0.00919	0.01021	0.00715	0.00715	0.01021	0.00919	0.01328	0.01532	0.02247	0.01430	0.04290	0.77631	0.00919	0.01532	0.00613	0.00306	0.00511
14	0.01471	0.01332	0.01746	0.01530	0.04746	0.01724	0.01220	0.17615	0.04949	0.01940	0.00980	0.01329	0.00855	0.00900	0.01469	0.00227	0.54391	0.00511	0.00339	0.00728
15	0.01177	0.08951	0.71202	0.01580	0.02398	0.01401	0.02025	0.01804	0.01204	0.01775	0.01009	0.01185	0.00725	0.00539	0.00530	0.00177	0.00827	0.00414	0.00242	0.00837
16	0.00697	0.00498	0.00664	0.00796	0.00830	0.00465	0.00531	0.00796	0.01095	0.01460	0.03153	0.79525	0.03783	0.01792	0.00730	0.00232	0.00332	0.01626	0.00531	0.00465
17	0.00810	0.00585	0.00765	0.00720	0.00855	0.00540	0.00540	0.01079	0.01619	0.02294	0.76028	0.04273	0.05397	0.01169	0.00675	0.00180	0.00270	0.01034	0.00630	0.00540
18	0.01417	0.04581	0.01210	0.01005	0.01235	0.17806	0.00783	0.03699	0.04760	0.10436	0.38979	0.02831	0.03213	0.00922	0.00667	0.00174	0.04353	0.00747	0.00526	0.00656
19	0.01269	0.01926	0.26141	0.03809	0.07207	0.01373	0.41723	0.01816	0.03255	0.01824	0.01195	0.03609	0.00927	0.00549	0.00624	0.00189	0.00874	0.00608	0.00288	0.00795
20	0.02566	0.00973	0.01327	0.01018	0.01460	0.00841	0.00841	0.02788	0.01637	0.76726	0.02257	0.01947	0.01416	0.00708	0.00575	0.00177	0.00487	0.00575	0.00708	0.00973
21	0.01192	0.01136	0.01945	0.53246	0.26548	0.01303	0.03385	0.01562	0.01198	0.01598	0.01039	0.01491	0.00810	0.00550	0.00573	0.00184	0.00741	0.00513	0.00264	0.00723
22	0.01453	0.52051	0.09212	0.04471	0.01756	0.01843	0.07959	0.01711	0.01204	0.05645	0.01123	0.07180	0.01021	0.00610	0.00460	0.00149	0.00643	0.00477	0.00297	0.00736
23	0.01421	0.45104	0.13194	0.01515	0.02081	0.01880	0.24041	0.01764	0.01227	0.01561	0.00940	0.01153	0.00775	0.00494	0.00487	0.00152	0.00754	0.00437	0.00258	0.00761
24	0.00832	0.00555	0.00624	0.00624	0.00624	0.00555	0.00347	0.00832	0.00832	0.01109	0.01802	0.03743	0.02080	0.79898	0.02911	0.00555	0.00555	0.00832	0.00347	0.00347
25	0.01355	0.01410	0.02738	0.10037	0.36630	0.01390	0.34287	0.01762	0.01309	0.01814	0.01107	0.01483	0.00875	0.00503	0.00616	0.00182	0.00815	0.00584	0.00283	0.00820
26	0.01105	0.01050	0.01810	0.65197	0.09331	0.01253	0.05603	0.01476	0.01165	0.01513	0.01120	0.04837	0.00908	0.00614	0.00584	0.00191	0.00749	0.00565	0.00270	0.00657
27	0.01147	0.02959	0.76934	0.01630	0.02476	0.01328	0.02113	0.01811	0.01208	0.01811	0.01026	0.01208	0.00725	0.00543	0.00543	0.00181	0.00845	0.00423	0.00242	0.00845
28	0.00716	0.00512	0.00681	0.00783	0.00834	0.00477	0.00532	0.00844	0.01184	0.01601	0.15494	0.66781	0.04056	0.01687	0.00721	0.00223	0.00321	0.01526	0.00548	0.00477
29	0.01753	0.51729	0.04737	0.01104	0.01582	0.06858	0.01036	0.17399	0.01547	0.06046	0.01013	0.01088	0.00823	0.00552	0.00437	0.00139	0.00642	0.00373	0.00344	0.00797
30	0.02172	0.01665	0.01711	0.01325	0.01774	0.05997	0.01088	0.70405	0.02630	0.03482	0.01346	0.01354	0.00960	0.00681	0.00569	0.00170	0.00652	0.00507	0.00557	0.00955
31	0.00680	0.00566	0.00594	0.00616	0.00782	0.00480	0.00451	0.00817	0.01268	0.01531	0.05347	0.18040	0.63852	0.01507	0.00685	0.00200	0.00297	0.01278	0.00531	0.00480
32	0.01423	0.01229	0.01293	0.01164	0.01487	0.01423	0.00905	0.03039	0.75297	0.02393	0.02328	0.02134	0.01746	0.00776	0.00582	0.00194	0.00453	0.00647	0.00582	0.00905
33	0.01186	0.01017	0.01186	0.00847	0.01356	0.00762	0.00678	0.01440	0.01186	0.01864	0.01017	0.01186	0.00847	0.00424	0.00424	0.00085	0.00424	0.00339	0.00339	0.83395
34	0.01203	0.12858	0.65147	0.01571	0.02362	0.01452	0.04198	0.01799	0.01206	0.01752	0.01001	0.01181	0.00730	0.00535	0.00525	0.00174	0.00819	0.00415	0.00243	0.00829
35	0.00761	0.00578	0.00700	0.00680	0.00827	0.00518	0.00506	0.00982	0.01490	0.02010	0.49742	0.08845	0.27691	0.01292	0.00678	0.00187	0.00280	0.01122	0.00593	0.00518
36	0.01058	0.01008	0.01843	0.01499	0.01777	0.00984	0.29897	0.03616	0.04697	0.01722	0.02190	0.38296	0.02339	0.01161	0.00733	0.00214	0.02979	0.02928	0.00430	0.00629
37	0.01588	0.01022	0.01240	0.00907	0.01396	0.00814	0.00734	0.03971	0.01353	0.22133	0.01362	0.01397	0.01005	0.00508	0.00469	0.00112	0.00447	0.00408	0.00445	0.58689
38	0.61847	0.01544	0.01051	0.00947	0.01285	0.21894	0.00751	0.01844	0.01148	0.02251	0.00820	0.00957	0.00651	0.00547	0.00398	0.00169	0.00602	0.00326	0.00338	0.00631
39	0.00994	0.00497	0.00745	0.00745	0.00745	0.00497	0.00497	0.00745	0.00745	0.00994	0.00994	0.01739	0.00994	0.01987	0.02235	0.83358	0.00497	0.00497	0.00248	0.00248
40	0.01416	0.01359	0.02322	0.03511	0.76330	0.01359	0.01755	0.01755	0.01302	0.01869	0.01076	0.01416	0.00906	0.00510	0.00566	0.00170	0.00680	0.00510	0.00283	0.00906
41	0.83938	0.01106	0.00841	0.00752	0.01106	0.01283	0.00619	0.01681	0.00973	0.02566	0.00796	0.00929	0.00619	0.00531	0.00354	0.00177	0.00442	0.00310	0.00354	0.00619

[dist]
# distance from previous block
# <min> <max>
0	401

# created by:
# /software/SequenceAnalysis/GenePrediction/augustus/3.0.1/scripts/msa2prfl.pl ./fixed/BUSCOvEOG7T4F83.fas
