[name]
unknown

[dist]
# distance from previous block
# <min> <max>
0	241

[block]
# block no. 0 follows, 37 sequences, length 34
# corresponding to MSA columns:
# 328-361
name=unknown_A
#
# <colnr> <probs for GDERKNQSTAVLIFYWHMCP>
#	G	D	E	R	K	N	Q	S	T	A	V	L	I	F	Y	W	H	M	C	P
0	0.01287	0.01270	0.01846	0.01575	0.01617	0.01725	0.04509	0.01449	0.00966	0.01489	0.00925	0.01483	0.00898	0.01475	0.10969	0.00352	0.64667	0.00559	0.00277	0.00662
1	0.00782	0.00564	0.00738	0.00840	0.00902	0.00520	0.00567	0.00905	0.01211	0.01638	0.09219	0.65911	0.04001	0.05011	0.00862	0.00252	0.00363	0.01600	0.00561	0.03553
2	0.01439	0.01635	0.03521	0.02529	0.03116	0.01565	0.68736	0.01935	0.01418	0.01935	0.01216	0.01635	0.00922	0.00545	0.00790	0.00210	0.05014	0.00713	0.00307	0.00817
3	0.01248	0.01202	0.02098	0.57036	0.17908	0.01393	0.07116	0.01656	0.01274	0.01679	0.01112	0.01611	0.00855	0.00592	0.00619	0.00200	0.00815	0.00558	0.00281	0.00748
4	0.00876	0.00596	0.00664	0.00664	0.00681	0.00587	0.00379	0.00889	0.00933	0.01226	0.02289	0.04165	0.08320	0.71993	0.02914	0.00561	0.00570	0.00924	0.00388	0.00383
5	0.01063	0.00532	0.00797	0.00797	0.00797	0.00532	0.00532	0.00797	0.00797	0.01063	0.01063	0.01861	0.01063	0.02127	0.02392	0.82190	0.00532	0.00532	0.00266	0.00266
6	0.72261	0.11279	0.01200	0.00836	0.01234	0.01510	0.00713	0.01804	0.01068	0.02577	0.00852	0.00993	0.00679	0.00562	0.00381	0.00182	0.00497	0.00331	0.00364	0.00679
7	0.02612	0.01072	0.01417	0.01106	0.01566	0.00968	0.00907	0.03013	0.09643	0.67123	0.02423	0.02105	0.01554	0.00766	0.00616	0.00191	0.00517	0.00624	0.00743	0.01034
8	0.02327	0.01715	0.01837	0.01408	0.01898	0.01898	0.01163	0.72628	0.02878	0.03858	0.01470	0.01470	0.01041	0.00735	0.00612	0.00184	0.00674	0.00551	0.00612	0.01041
9	0.79376	0.01160	0.00888	0.00797	0.01169	0.01337	0.00655	0.01761	0.01057	0.02701	0.01076	0.01199	0.03750	0.00609	0.00393	0.00190	0.00467	0.00372	0.00387	0.00657
10	0.01156	0.21813	0.01624	0.01010	0.01212	0.01308	0.00845	0.01346	0.01065	0.01483	0.01386	0.02028	0.01310	0.09185	0.34615	0.00569	0.09812	0.00567	0.07054	0.00612
11	0.00890	0.00593	0.00668	0.00668	0.00668	0.00593	0.00371	0.00890	0.00890	0.01187	0.01929	0.04006	0.02225	0.78487	0.03116	0.00593	0.00593	0.00890	0.00371	0.00371
12	0.01081	0.00583	0.00926	0.00879	0.00907	0.00578	0.03808	0.00850	0.00827	0.01104	0.01071	0.01851	0.01057	0.02053	0.02316	0.78455	0.00554	0.00540	0.00268	0.00291
13	0.01430	0.01622	0.03519	0.06463	0.03252	0.01538	0.68755	0.01940	0.01433	0.01940	0.01231	0.01650	0.00923	0.00521	0.00717	0.00206	0.01021	0.00713	0.00308	0.00818
14	0.03981	0.01237	0.01469	0.01292	0.05382	0.04709	0.00980	0.02956	0.23222	0.44534	0.02269	0.02044	0.01540	0.00758	0.00609	0.00193	0.00548	0.00618	0.00665	0.00992
15	0.01366	0.01477	0.02995	0.05036	0.02804	0.01448	0.53624	0.01924	0.07476	0.01936	0.01533	0.09314	0.01310	0.00709	0.00770	0.00213	0.04105	0.00807	0.00359	0.00793
16	0.01063	0.00532	0.00797	0.00797	0.00797	0.00532	0.00532	0.00797	0.00797	0.01063	0.01063	0.01861	0.01063	0.02127	0.02392	0.82190	0.00532	0.00532	0.00266	0.00266
17	0.07484	0.02526	0.51830	0.01529	0.02241	0.01377	0.01806	0.05964	0.08560	0.02139	0.01432	0.07861	0.01167	0.00727	0.00589	0.00199	0.00771	0.00581	0.00350	0.00866
18	0.01328	0.01250	0.02047	0.41888	0.31273	0.01411	0.01704	0.01836	0.07735	0.01822	0.01238	0.01645	0.00969	0.00606	0.00611	0.00196	0.00752	0.00558	0.00315	0.00818
19	0.00751	0.00542	0.00711	0.00835	0.00886	0.00502	0.00563	0.00870	0.01214	0.01614	0.07226	0.70181	0.08117	0.01862	0.00775	0.00243	0.00349	0.01682	0.00574	0.00502
20	0.00859	0.00670	0.00928	0.00978	0.01026	0.00746	0.00712	0.00992	0.01089	0.01507	0.02585	0.48087	0.02976	0.04475	0.18762	0.00434	0.10877	0.01302	0.00466	0.00528
21	0.01790	0.10392	0.01968	0.01392	0.01807	0.01671	0.08759	0.34642	0.12541	0.02838	0.05160	0.08917	0.01623	0.00846	0.00659	0.00192	0.02676	0.00702	0.00530	0.00894
22	0.01523	0.01192	0.02755	0.03142	0.01597	0.02536	0.04625	0.02562	0.40577	0.11726	0.02405	0.12620	0.02031	0.06846	0.00836	0.00239	0.00536	0.00828	0.00576	0.00848
23	0.00887	0.00601	0.00709	0.00724	0.00741	0.00606	0.00442	0.00923	0.00940	0.01258	0.02059	0.07896	0.02347	0.65329	0.07660	0.00584	0.00648	0.04857	0.00389	0.00400
24	0.12681	0.06204	0.58768	0.01556	0.02353	0.01439	0.01930	0.01956	0.01273	0.04934	0.01105	0.01268	0.00790	0.00584	0.00546	0.00190	0.00818	0.00436	0.00295	0.00871
25	0.79572	0.01263	0.03855	0.00842	0.01242	0.01375	0.00726	0.01805	0.01052	0.02714	0.00862	0.01006	0.00667	0.00569	0.00387	0.00190	0.00491	0.00336	0.00374	0.00673
26	0.01620	0.01713	0.02158	0.10653	0.42334	0.18004	0.01633	0.01918	0.01406	0.01787	0.01109	0.01533	0.00951	0.00648	0.00740	0.00189	0.08460	0.01996	0.00305	0.00843
27	0.01291	0.10561	0.60851	0.01760	0.02598	0.01534	0.09260	0.01930	0.01303	0.01891	0.01088	0.01298	0.00792	0.00569	0.00577	0.00189	0.00893	0.00467	0.00264	0.00885
28	0.01236	0.00627	0.00887	0.00855	0.00925	0.00622	0.00595	0.01158	0.05031	0.08564	0.01430	0.06888	0.01349	0.01903	0.02010	0.64022	0.00516	0.00628	0.00355	0.00398
29	0.01498	0.00895	0.01053	0.00932	0.01224	0.00849	0.00738	0.11012	0.04585	0.20359	0.05472	0.12045	0.29245	0.01259	0.00693	0.00209	0.00441	0.06127	0.00626	0.00738
30	0.00745	0.00537	0.00706	0.00840	0.00885	0.00498	0.00563	0.00854	0.01184	0.01567	0.03520	0.74354	0.07688	0.01899	0.00778	0.00246	0.00353	0.01717	0.00568	0.00498
31	0.00886	0.00610	0.00750	0.00750	0.00778	0.00638	0.00474	0.00943	0.00915	0.01248	0.01853	0.03589	0.02044	0.59231	0.22124	0.00695	0.00866	0.00829	0.00360	0.00417
32	0.00897	0.00683	0.00753	0.00760	0.00875	0.02124	0.00533	0.01088	0.04083	0.01617	0.09386	0.10687	0.23251	0.26539	0.06485	0.00386	0.00527	0.04681	0.04145	0.00502
33	0.00795	0.00615	0.00714	0.00772	0.00894	0.00567	0.00548	0.00990	0.04174	0.01640	0.05793	0.34648	0.32003	0.08165	0.00951	0.00260	0.00372	0.05023	0.00556	0.00518

[dist]
# distance from previous block
# <min> <max>
3	5

[block]
# block no. 1 follows, 37 sequences, length 20
# corresponding to MSA columns:
# 368-387
name=unknown_B
#
# <colnr> <probs for GDERKNQSTAVLIFYWHMCP>
#	G	D	E	R	K	N	Q	S	T	A	V	L	I	F	Y	W	H	M	C	P
0	0.03275	0.01083	0.03727	0.09370	0.02130	0.01022	0.26918	0.01388	0.01271	0.01745	0.02192	0.36444	0.02342	0.01271	0.02654	0.00244	0.00699	0.01148	0.00425	0.00651
1	0.01075	0.00740	0.00923	0.00845	0.01067	0.00672	0.00651	0.01405	0.05253	0.08009	0.40956	0.08735	0.12129	0.01210	0.00692	0.00193	0.00358	0.05412	0.00621	0.09053
2	0.01269	0.01088	0.01269	0.00907	0.01451	0.00816	0.00725	0.01541	0.01269	0.01995	0.01088	0.01269	0.00907	0.00453	0.00453	0.00091	0.00453	0.00363	0.00363	0.82229
3	0.06376	0.01063	0.01154	0.01014	0.01298	0.02914	0.00789	0.11906	0.18635	0.10580	0.19777	0.08394	0.02714	0.02313	0.00666	0.00200	0.00455	0.00808	0.08159	0.00784
4	0.05575	0.00577	0.00716	0.00833	0.00892	0.00554	0.00561	0.00911	0.01157	0.01616	0.03239	0.67560	0.05925	0.05728	0.00875	0.00261	0.00373	0.01600	0.00547	0.00501
5	0.01226	0.00818	0.01035	0.08727	0.01365	0.00836	0.00740	0.10069	0.01542	0.07986	0.21835	0.14861	0.04476	0.16198	0.01148	0.00277	0.00479	0.00972	0.04782	0.00629
6	0.01081	0.00644	0.00769	0.00735	0.00792	0.00638	0.00455	0.01122	0.00986	0.08836	0.01957	0.03686	0.02099	0.64843	0.08404	0.00581	0.00665	0.00844	0.00408	0.00454
7	0.01063	0.00532	0.00797	0.00797	0.00797	0.00532	0.00532	0.00797	0.00797	0.01063	0.01063	0.01861	0.01063	0.02127	0.02392	0.82190	0.00532	0.00532	0.00266	0.00266
8	0.13562	0.01121	0.01187	0.01002	0.01334	0.01173	0.00796	0.22325	0.06704	0.05829	0.08698	0.05234	0.09343	0.05469	0.00740	0.00210	0.00496	0.03139	0.04680	0.06958
9	0.00933	0.00637	0.00735	0.00733	0.00768	0.00638	0.00446	0.04115	0.01070	0.01436	0.06543	0.14152	0.02641	0.59705	0.02535	0.00503	0.00545	0.01006	0.00428	0.00431
10	0.02298	0.02588	0.01763	0.01531	0.01894	0.55746	0.01177	0.21648	0.02048	0.02144	0.01089	0.01204	0.00858	0.00659	0.00568	0.00165	0.00986	0.00437	0.00397	0.00800
11	0.62485	0.01148	0.01032	0.00877	0.01280	0.01253	0.00723	0.02100	0.01222	0.21113	0.01249	0.01271	0.00879	0.00616	0.00439	0.00189	0.00486	0.00404	0.00475	0.00759
12	0.00758	0.00556	0.00715	0.00836	0.00903	0.00513	0.00580	0.00882	0.01219	0.01593	0.03777	0.63087	0.14259	0.01850	0.00777	0.00245	0.00362	0.06017	0.00568	0.00504
13	0.00746	0.00533	0.00710	0.00852	0.00888	0.00497	0.00568	0.00852	0.01172	0.01563	0.03374	0.78088	0.04049	0.01918	0.00781	0.00249	0.00355	0.01740	0.00568	0.00497
14	0.00778	0.00556	0.00747	0.00889	0.00939	0.00525	0.00624	0.00908	0.01204	0.01599	0.03356	0.68579	0.03978	0.01887	0.00790	0.00253	0.00383	0.10932	0.00568	0.00506
15	0.00888	0.00619	0.00783	0.00772	0.00904	0.00568	0.00565	0.01089	0.01506	0.03842	0.42976	0.14370	0.15539	0.05965	0.00947	0.03902	0.00344	0.03272	0.00606	0.00542
16	0.01355	0.00736	0.00962	0.00843	0.01080	0.00658	0.00654	0.01619	0.01710	0.21731	0.49492	0.04020	0.10381	0.01145	0.00694	0.00193	0.00352	0.00992	0.00687	0.00696
17	0.09988	0.65081	0.08452	0.01075	0.01613	0.02238	0.01100	0.01838	0.01227	0.01613	0.00870	0.01007	0.00772	0.00533	0.00406	0.00142	0.00655	0.00337	0.00274	0.00782
18	0.01362	0.01047	0.01200	0.03368	0.01458	0.01103	0.00855	0.02320	0.36534	0.07766	0.07732	0.11997	0.06712	0.01029	0.00648	0.00202	0.00458	0.04399	0.00586	0.09224
19	0.01539	0.01526	0.09095	0.07073	0.01929	0.01535	0.01176	0.09477	0.53990	0.02542	0.02145	0.02056	0.01598	0.00779	0.00617	0.00204	0.00571	0.00643	0.00558	0.00947

[dist]
# distance from previous block
# <min> <max>
0	1

[block]
# block no. 2 follows, 37 sequences, length 15
# corresponding to MSA columns:
# 389-403
name=unknown_C
#
# <colnr> <probs for GDERKNQSTAVLIFYWHMCP>
#	G	D	E	R	K	N	Q	S	T	A	V	L	I	F	Y	W	H	M	C	P
0	0.01503	0.01436	0.02416	0.06144	0.69178	0.01454	0.01834	0.01926	0.04443	0.02009	0.01206	0.01552	0.01002	0.00560	0.00607	0.00184	0.00720	0.00552	0.00315	0.00960
1	0.01380	0.24529	0.01854	0.00949	0.01487	0.01300	0.00822	0.01629	0.01262	0.01828	0.01017	0.01183	0.00870	0.00475	0.00435	0.00103	0.00514	0.00352	0.00332	0.57681
2	0.01644	0.01752	0.01395	0.04098	0.01614	0.32142	0.00991	0.09537	0.05436	0.01830	0.01847	0.24497	0.01890	0.01230	0.03975	0.00233	0.03912	0.00856	0.00437	0.00686
3	0.00847	0.00575	0.00680	0.00723	0.00734	0.00564	0.00430	0.00879	0.00975	0.01300	0.02364	0.26336	0.02775	0.55408	0.02412	0.00490	0.00522	0.01146	0.00430	0.00409
4	0.00730	0.00594	0.00647	0.00690	0.00845	0.00511	0.00496	0.00871	0.01328	0.01626	0.05349	0.27653	0.53209	0.01661	0.00741	0.00219	0.00324	0.01427	0.00568	0.00511
5	0.01921	0.01480	0.01584	0.01311	0.01725	0.01664	0.01052	0.33649	0.39915	0.05824	0.02041	0.01920	0.01493	0.00786	0.00618	0.00196	0.00569	0.00627	0.00623	0.01003
6	0.01064	0.00957	0.01565	0.44669	0.06112	0.01086	0.03948	0.01377	0.01226	0.01617	0.01785	0.24657	0.01805	0.00992	0.00660	0.00211	0.00665	0.00903	0.00368	0.04333
7	0.00836	0.00619	0.00901	0.00944	0.01031	0.00684	0.00706	0.01021	0.01040	0.01464	0.02162	0.25217	0.02289	0.03785	0.53371	0.00762	0.01252	0.00983	0.00400	0.00532
8	0.01509	0.01277	0.01836	0.54226	0.03517	0.01522	0.01538	0.22984	0.01723	0.02255	0.01203	0.01583	0.00884	0.00649	0.00612	0.00198	0.00773	0.00546	0.00375	0.00789
9	0.00723	0.00620	0.00620	0.00620	0.00827	0.00517	0.00465	0.00878	0.01395	0.01654	0.06201	0.05891	0.74421	0.01550	0.00723	0.00207	0.00310	0.01292	0.00568	0.00517
10	0.01711	0.01670	0.03077	0.02227	0.02807	0.01654	0.50960	0.23261	0.01877	0.02533	0.01308	0.01596	0.00963	0.00582	0.00689	0.00200	0.00924	0.00671	0.00401	0.00891
11	0.00974	0.02691	0.06324	0.00918	0.01118	0.00696	0.00742	0.01238	0.03204	0.05244	0.23318	0.36911	0.06523	0.01435	0.00714	0.00214	0.00401	0.02617	0.00569	0.04148
12	0.45598	0.12926	0.01197	0.00857	0.01154	0.01270	0.00693	0.01519	0.01112	0.02189	0.01612	0.24230	0.01702	0.00968	0.00502	0.00198	0.00466	0.00755	0.00418	0.00632
13	0.01465	0.01343	0.02066	0.05419	0.46780	0.01279	0.01492	0.04967	0.01417	0.02067	0.01144	0.01443	0.00948	0.00529	0.00560	0.00155	0.00645	0.00491	0.00334	0.25456
14	0.02299	0.02555	0.01766	0.01526	0.01894	0.53685	0.01177	0.23599	0.02079	0.02209	0.01104	0.01214	0.00865	0.00662	0.00570	0.00166	0.00974	0.00442	0.00405	0.00810

[dist]
# distance from previous block
# <min> <max>
0	4

[block]
# block no. 3 follows, 37 sequences, length 14
# corresponding to MSA columns:
# 408-421
name=unknown_D
#
# <colnr> <probs for GDERKNQSTAVLIFYWHMCP>
#	G	D	E	R	K	N	Q	S	T	A	V	L	I	F	Y	W	H	M	C	P
0	0.01721	0.69421	0.03040	0.01092	0.01611	0.02358	0.01062	0.10492	0.01444	0.01736	0.00927	0.01042	0.00817	0.00550	0.00420	0.00137	0.00657	0.00355	0.00305	0.00817
1	0.01415	0.01114	0.01296	0.00965	0.01478	0.00915	0.00771	0.01877	0.10834	0.07643	0.01374	0.01465	0.01080	0.00526	0.00488	0.00114	0.00463	0.00425	0.00427	0.65329
2	0.07056	0.01125	0.08350	0.01405	0.10349	0.00944	0.04574	0.01628	0.04146	0.07582	0.33014	0.03503	0.03377	0.01018	0.00673	0.00203	0.00509	0.09282	0.00541	0.00722
3	0.01686	0.01485	0.02257	0.10277	0.49350	0.01558	0.01680	0.19810	0.01754	0.02429	0.01226	0.01515	0.00973	0.00600	0.00608	0.00184	0.00722	0.00547	0.00379	0.00960
4	0.00786	0.00589	0.00744	0.00826	0.00926	0.00526	0.00567	0.00912	0.01209	0.01610	0.03559	0.62327	0.13051	0.01750	0.00747	0.00230	0.00357	0.01569	0.00551	0.07162
5	0.01167	0.01073	0.01770	0.45188	0.11956	0.01273	0.03401	0.01474	0.01196	0.01595	0.01372	0.11660	0.01274	0.00889	0.00855	0.04113	0.08049	0.00705	0.00315	0.00675
6	0.01445	0.01537	0.02963	0.04625	0.11606	0.01559	0.45543	0.02062	0.10872	0.01986	0.01347	0.01687	0.01042	0.00617	0.00815	0.00209	0.08223	0.00674	0.00345	0.00843
7	0.02341	0.01392	0.01857	0.01403	0.01892	0.01399	0.10409	0.32451	0.02175	0.32635	0.01843	0.01772	0.01238	0.00715	0.00622	0.00188	0.00645	0.00601	0.03425	0.00997
8	0.00843	0.00668	0.00783	0.00767	0.00955	0.00582	0.00561	0.01060	0.02975	0.01851	0.18487	0.25915	0.29509	0.01446	0.00705	0.00202	0.00340	0.01258	0.00566	0.10527
9	0.01394	0.11552	0.01944	0.31826	0.08076	0.10583	0.03340	0.03846	0.01340	0.01666	0.01417	0.07836	0.03568	0.00773	0.00696	0.00194	0.06457	0.00625	0.02156	0.00711
10	0.01486	0.11412	0.01571	0.03987	0.01619	0.01500	0.00982	0.02727	0.49783	0.04316	0.02290	0.04285	0.01856	0.00873	0.00609	0.00202	0.00518	0.06353	0.02749	0.00881
11	0.01021	0.00698	0.00883	0.00822	0.00994	0.00632	0.00616	0.01274	0.01743	0.06066	0.64462	0.04615	0.11170	0.01290	0.00744	0.00206	0.00328	0.01113	0.00689	0.00632
12	0.00950	0.00711	0.00882	0.00973	0.01077	0.00697	0.00700	0.01267	0.10129	0.01821	0.06028	0.53295	0.06415	0.01748	0.00793	0.00256	0.00419	0.10633	0.00599	0.00605
13	0.01018	0.00669	0.00793	0.00781	0.00823	0.00666	0.00485	0.01048	0.01010	0.03803	0.04237	0.05545	0.02313	0.61177	0.12502	0.00619	0.00736	0.00894	0.00415	0.00465

[dist]
# distance from previous block
# <min> <max>
0	1

[block]
# block no. 4 follows, 37 sequences, length 89
# corresponding to MSA columns:
# 423-511
name=unknown_E
#
# <colnr> <probs for GDERKNQSTAVLIFYWHMCP>
#	G	D	E	R	K	N	Q	S	T	A	V	L	I	F	Y	W	H	M	C	P
0	0.01512	0.01683	0.03561	0.02570	0.03164	0.01597	0.68636	0.01986	0.01467	0.02006	0.01293	0.01737	0.00994	0.00590	0.00806	0.00222	0.04250	0.00736	0.00334	0.00856
1	0.07019	0.00746	0.00838	0.00813	0.00925	0.00755	0.00561	0.04105	0.01258	0.01892	0.13863	0.06724	0.02664	0.33380	0.06934	0.01828	0.00581	0.03092	0.11476	0.00545
2	0.01009	0.00688	0.00876	0.00881	0.01010	0.00642	0.00657	0.01219	0.01546	0.04058	0.40788	0.15053	0.04574	0.08856	0.00995	0.00264	0.00404	0.11993	0.03890	0.00596
3	0.00947	0.00725	0.00964	0.00895	0.01068	0.00647	0.05776	0.01024	0.01326	0.01692	0.11537	0.11767	0.38247	0.01644	0.01121	0.18007	0.00441	0.01125	0.00518	0.00530
4	0.02367	0.01748	0.01869	0.01449	0.01937	0.01919	0.01185	0.70016	0.04746	0.03867	0.01566	0.01592	0.01132	0.00785	0.00644	0.00198	0.00692	0.00578	0.00635	0.01073
5	0.10654	0.00761	0.00845	0.00826	0.00953	0.00750	0.00562	0.01215	0.03553	0.01894	0.19134	0.17692	0.03206	0.29910	0.01595	0.00361	0.00478	0.01026	0.00513	0.04073
6	0.01622	0.01260	0.01435	0.01073	0.01591	0.01090	0.00856	0.17056	0.01682	0.05516	0.01357	0.03319	0.01109	0.00614	0.00536	0.00134	0.00528	0.00473	0.00464	0.58285
7	0.00971	0.00722	0.00915	0.01006	0.01162	0.00679	0.00829	0.01183	0.01445	0.01857	0.06942	0.11756	0.22708	0.01689	0.00832	0.00268	0.00494	0.43362	0.00593	0.00587
8	0.00975	0.00716	0.00855	0.00848	0.01013	0.00660	0.00625	0.01252	0.05774	0.04009	0.33541	0.19657	0.22606	0.01480	0.00759	0.00225	0.00362	0.03380	0.00643	0.00620
9	0.01012	0.00706	0.00854	0.00818	0.00995	0.00633	0.00606	0.01243	0.02758	0.06337	0.43104	0.12508	0.23217	0.01407	0.00751	0.00216	0.00346	0.01204	0.00661	0.00625
10	0.01128	0.00757	0.00900	0.00863	0.00976	0.00736	0.00583	0.05766	0.01255	0.04905	0.07142	0.17243	0.05576	0.36164	0.07346	0.02951	0.00613	0.01014	0.00487	0.03595
11	0.01010	0.00755	0.00889	0.00917	0.01058	0.00725	0.00666	0.06304	0.04338	0.01929	0.09288	0.35083	0.18995	0.07160	0.00948	0.00270	0.00433	0.08037	0.00590	0.00604
12	0.00927	0.00677	0.00935	0.00963	0.01047	0.00728	0.00701	0.01069	0.01061	0.01492	0.02123	0.19131	0.02235	0.14075	0.48922	0.00775	0.01230	0.00945	0.00412	0.00552
13	0.01288	0.01149	0.01664	0.17661	0.02251	0.01045	0.09060	0.01584	0.01299	0.01902	0.01306	0.04367	0.01124	0.00927	0.06554	0.00220	0.00714	0.00541	0.00367	0.44977
14	0.00930	0.00662	0.00746	0.00756	0.00833	0.00624	0.00486	0.01020	0.02384	0.01584	0.10137	0.15117	0.17191	0.40424	0.01960	0.00418	0.00488	0.01121	0.02623	0.00496
15	0.00966	0.00638	0.00786	0.00876	0.00966	0.00606	0.00635	0.01123	0.01296	0.01852	0.05647	0.40442	0.04687	0.05475	0.00860	0.00259	0.00413	0.13686	0.18224	0.00563
16	0.01490	0.01317	0.01963	0.07469	0.37906	0.01325	0.03695	0.12339	0.01647	0.02228	0.02427	0.04631	0.17055	0.00883	0.00673	0.00205	0.00657	0.00769	0.00439	0.00881
17	0.01091	0.00745	0.01113	0.20179	0.01777	0.00795	0.00903	0.01103	0.01093	0.01448	0.03085	0.17583	0.01931	0.01685	0.01486	0.36613	0.00591	0.05907	0.00383	0.00488
18	0.03630	0.00850	0.01198	0.22756	0.01944	0.00926	0.00952	0.01379	0.06838	0.01789	0.17315	0.08035	0.02351	0.01370	0.01213	0.25094	0.00567	0.00778	0.00436	0.00579
19	0.52461	0.01455	0.01671	0.06834	0.01948	0.06881	0.16381	0.01912	0.01241	0.02455	0.01038	0.01298	0.00815	0.00615	0.00517	0.00205	0.00691	0.00462	0.00377	0.00742
20	0.21110	0.33465	0.02206	0.03955	0.01687	0.15240	0.01068	0.01927	0.01291	0.01842	0.00949	0.01182	0.00833	0.00675	0.00660	0.00184	0.10237	0.00400	0.00327	0.00762
21	0.01265	0.01048	0.01226	0.00941	0.01392	0.00834	0.00735	0.01572	0.04115	0.02181	0.17107	0.02128	0.02070	0.00692	0.00551	0.00132	0.00445	0.00562	0.00465	0.60540
22	0.01122	0.00621	0.00663	0.00691	0.00811	0.00602	0.00492	0.01334	0.01290	0.02147	0.02357	0.18882	0.02194	0.03927	0.00638	0.00197	0.00340	0.00859	0.60246	0.00587
23	0.17886	0.01187	0.01572	0.31354	0.02532	0.01452	0.01271	0.04259	0.01267	0.02033	0.06431	0.01767	0.01254	0.00816	0.00926	0.00225	0.18769	0.00565	0.03718	0.00714
24	0.01345	0.01221	0.01860	0.33710	0.21270	0.01256	0.01465	0.01668	0.01321	0.01862	0.01235	0.03592	0.01036	0.00641	0.00620	0.00183	0.01676	0.00549	0.00339	0.23150
25	0.07164	0.02504	0.52934	0.01552	0.02243	0.01312	0.01834	0.01791	0.01253	0.01951	0.01273	0.01616	0.01003	0.01500	0.16972	0.00378	0.01053	0.00512	0.00309	0.00845
26	0.00857	0.00604	0.00758	0.00864	0.00899	0.00566	0.00560	0.00919	0.01158	0.01552	0.03108	0.61197	0.03686	0.18562	0.01317	0.00336	0.00434	0.01565	0.00548	0.00510
27	0.01564	0.01536	0.01420	0.01103	0.01599	0.17176	0.00857	0.01788	0.01416	0.01952	0.01132	0.01337	0.00952	0.00543	0.00508	0.00120	0.00621	0.00395	0.00378	0.63603
28	0.01378	0.01146	0.01258	0.01189	0.01453	0.01280	0.00896	0.02605	0.51753	0.02320	0.02679	0.18828	0.02376	0.01387	0.06179	0.00286	0.00566	0.00938	0.00612	0.00871
29	0.00969	0.00651	0.00725	0.00722	0.00729	0.00640	0.00407	0.00949	0.00941	0.01262	0.01993	0.04077	0.02280	0.77600	0.03117	0.00602	0.00618	0.00909	0.00396	0.00413
30	0.01622	0.01458	0.01930	0.02883	0.01813	0.01813	0.03942	0.16985	0.01456	0.02120	0.01068	0.01482	0.00940	0.00969	0.01535	0.00246	0.50072	0.00557	0.00378	0.06731
31	0.01096	0.00687	0.00888	0.03601	0.01046	0.00678	0.00625	0.01096	0.06310	0.01434	0.02438	0.04849	0.17184	0.01848	0.01763	0.50610	0.00506	0.00765	0.02135	0.00442
32	0.04006	0.00736	0.00875	0.00861	0.00933	0.00749	0.00578	0.01129	0.01151	0.04662	0.09552	0.19897	0.05808	0.38465	0.01991	0.00417	0.06105	0.01074	0.00486	0.00527
33	0.06794	0.00657	0.00761	0.00850	0.00955	0.00613	0.00587	0.00986	0.01258	0.01739	0.03851	0.55994	0.19101	0.01774	0.00769	0.00248	0.00381	0.01549	0.00577	0.00554
34	0.00890	0.00628	0.00794	0.00893	0.00944	0.00593	0.00608	0.00980	0.01208	0.01619	0.06012	0.49954	0.03697	0.18508	0.01322	0.00338	0.00455	0.09483	0.00552	0.00521
35	0.01446	0.02686	0.53089	0.01653	0.02403	0.01515	0.01915	0.07414	0.17131	0.02279	0.01502	0.01624	0.01104	0.00697	0.00624	0.00210	0.00817	0.00536	0.00390	0.00964
36	0.00826	0.00591	0.00767	0.00904	0.00947	0.00545	0.00602	0.00911	0.01219	0.01633	0.03421	0.77267	0.04082	0.01952	0.00811	0.00262	0.00382	0.01749	0.00591	0.00538
37	0.02227	0.01127	0.01442	0.06663	0.01743	0.01089	0.00971	0.09188	0.09765	0.43208	0.13247	0.02488	0.02171	0.00876	0.00663	0.00206	0.00543	0.00710	0.00702	0.00971
38	0.00926	0.00690	0.00753	0.00733	0.00923	0.00595	0.00535	0.01072	0.01467	0.04900	0.17271	0.08389	0.50727	0.07066	0.00923	0.00247	0.00365	0.01236	0.00603	0.00578
39	0.01076	0.00812	0.00983	0.00922	0.00935	0.00917	0.00620	0.01096	0.00967	0.01368	0.01752	0.03429	0.01946	0.57690	0.02769	0.00514	0.17260	0.00820	0.03640	0.00486
40	0.07453	0.01218	0.01294	0.01149	0.01447	0.01379	0.00899	0.08064	0.39091	0.04546	0.02119	0.02144	0.01624	0.00841	0.00694	0.00208	0.06078	0.00637	0.18232	0.00881
41	0.01291	0.00711	0.00934	0.00952	0.01098	0.00643	0.00682	0.01386	0.01335	0.17561	0.03159	0.49628	0.06244	0.01692	0.00892	0.06212	0.00437	0.03891	0.00610	0.00642
42	0.01019	0.00734	0.00812	0.00812	0.00994	0.00696	0.00614	0.01357	0.08233	0.02081	0.15277	0.10343	0.27965	0.01334	0.00696	0.00214	0.00373	0.07571	0.18252	0.00624
43	0.01679	0.02656	0.48883	0.01697	0.02454	0.02872	0.04806	0.17405	0.01730	0.07738	0.01352	0.01503	0.00966	0.00676	0.00628	0.00205	0.00856	0.00520	0.00401	0.00973
44	0.01198	0.02621	0.58291	0.01592	0.02305	0.01258	0.01908	0.01749	0.01312	0.01923	0.01667	0.18055	0.01558	0.00921	0.00657	0.00219	0.00806	0.00756	0.00352	0.00852
45	0.00911	0.00681	0.00826	0.00787	0.00952	0.00610	0.00585	0.01144	0.01692	0.02322	0.57169	0.04953	0.22278	0.01365	0.00752	0.00210	0.00322	0.01168	0.00670	0.00603
46	0.00938	0.00678	0.00832	0.00916	0.00983	0.00661	0.00625	0.01133	0.06445	0.01644	0.03011	0.48017	0.03453	0.19530	0.01344	0.00341	0.00466	0.07884	0.00549	0.00549
47	0.00931	0.00661	0.00738	0.00734	0.00795	0.00636	0.00457	0.00961	0.01057	0.01380	0.02899	0.04369	0.17891	0.55531	0.07907	0.00547	0.00633	0.00980	0.00436	0.00458
48	0.00936	0.00670	0.00924	0.00923	0.01014	0.00743	0.00680	0.01098	0.01007	0.01455	0.01759	0.02797	0.01719	0.20423	0.55862	0.00858	0.01350	0.00715	0.04533	0.00532
49	0.00891	0.00661	0.00955	0.00984	0.01081	0.00732	0.00741	0.01073	0.01053	0.01493	0.02055	0.18874	0.02113	0.04012	0.59233	0.00827	0.01368	0.00904	0.00395	0.00559
50	0.02227	0.01617	0.01749	0.01377	0.01829	0.01768	0.01120	0.62042	0.05567	0.05836	0.01718	0.07155	0.01347	0.00853	0.00643	0.00197	0.00652	0.00659	0.00627	0.01018
51	0.19054	0.01333	0.01688	0.01457	0.01544	0.01784	0.01207	0.01573	0.00988	0.01790	0.00859	0.01323	0.00814	0.00987	0.01663	0.00258	0.60175	0.00505	0.00307	0.00690
52	0.01324	0.01074	0.01635	0.50611	0.03198	0.01268	0.01392	0.10242	0.01363	0.01780	0.01172	0.01718	0.00939	0.00984	0.01016	0.17994	0.00749	0.00556	0.00328	0.00657
53	0.00753	0.00536	0.00708	0.00843	0.00877	0.00502	0.00558	0.00854	0.01158	0.01543	0.03300	0.74290	0.03955	0.05843	0.00901	0.00266	0.00367	0.01697	0.00558	0.00491
54	0.00890	0.01128	0.16895	0.00996	0.01229	0.00725	0.00896	0.01127	0.01209	0.01668	0.10082	0.37759	0.05006	0.16141	0.01175	0.00296	0.00512	0.01221	0.00474	0.00570
55	0.01362	0.01407	0.02252	0.01818	0.01952	0.01804	0.16764	0.01579	0.01048	0.01579	0.00898	0.01407	0.00831	0.00951	0.01730	0.00255	0.60808	0.00576	0.00277	0.00703
56	0.01512	0.01642	0.01845	0.01593	0.01692	0.17860	0.04237	0.01669	0.01142	0.01501	0.00976	0.04201	0.00950	0.01098	0.03995	0.00264	0.52293	0.00562	0.00293	0.00674
57	0.01270	0.01103	0.01406	0.17429	0.02061	0.00960	0.00947	0.03275	0.01299	0.01947	0.01097	0.01353	0.00890	0.00495	0.00492	0.00118	0.00537	0.00407	0.00349	0.62565
58	0.01623	0.18066	0.01873	0.01456	0.10501	0.01555	0.01059	0.10602	0.24079	0.07874	0.03561	0.08856	0.03470	0.00851	0.00592	0.00188	0.00558	0.01854	0.00508	0.00875
59	0.00829	0.00571	0.00683	0.00738	0.00758	0.00554	0.00451	0.00875	0.01016	0.01348	0.02627	0.32863	0.05246	0.46260	0.02132	0.00447	0.00492	0.01233	0.00454	0.00425
60	0.00976	0.01233	0.17141	0.01168	0.01440	0.00957	0.01103	0.01288	0.01044	0.01526	0.01491	0.02175	0.01358	0.06581	0.52891	0.00760	0.05319	0.00615	0.00312	0.00623
61	0.19137	0.01382	0.02116	0.05935	0.56018	0.01433	0.01608	0.01849	0.01311	0.02145	0.01084	0.01407	0.00897	0.00553	0.00557	0.00184	0.00676	0.00499	0.00318	0.00892
62	0.01756	0.01327	0.02072	0.08372	0.37770	0.01418	0.01530	0.04858	0.01439	0.17805	0.01373	0.01615	0.01050	0.00695	0.00852	0.00200	0.13988	0.00559	0.00406	0.00914
63	0.00746	0.00620	0.00646	0.00644	0.00832	0.00534	0.00477	0.00900	0.01361	0.01649	0.08555	0.05577	0.64172	0.06323	0.04025	0.00262	0.00382	0.01233	0.00551	0.00512
64	0.01535	0.01669	0.01842	0.05466	0.01803	0.17935	0.01324	0.01688	0.01125	0.01483	0.00849	0.01303	0.00801	0.00952	0.01621	0.00241	0.56899	0.00505	0.00278	0.00679
65	0.01500	0.01497	0.02729	0.03502	0.59165	0.01475	0.17187	0.01896	0.01405	0.01991	0.01170	0.01545	0.00961	0.00539	0.00631	0.00187	0.00793	0.00584	0.00304	0.00938
66	0.01428	0.01443	0.02666	0.05094	0.46422	0.01412	0.22593	0.01823	0.01405	0.01952	0.01539	0.01874	0.06249	0.00611	0.00649	0.00191	0.00789	0.00651	0.00323	0.00887
67	0.01238	0.01191	0.01682	0.01472	0.01496	0.01634	0.01215	0.01391	0.00948	0.01462	0.00985	0.01570	0.00961	0.01835	0.18073	0.00423	0.60940	0.00562	0.00281	0.00643
68	0.01242	0.01177	0.01613	0.01403	0.01403	0.01597	0.01129	0.01347	0.00927	0.01411	0.01048	0.01918	0.01112	0.17865	0.02249	0.00338	0.60713	0.00613	0.00290	0.00605
69	0.01275	0.02838	0.59761	0.01926	0.02769	0.01449	0.17486	0.01943	0.01325	0.01943	0.01129	0.01370	0.00809	0.00567	0.00612	0.00197	0.00932	0.00511	0.00270	0.00888
70	0.01108	0.00652	0.00900	0.00821	0.00939	0.00593	0.00574	0.00959	0.00900	0.01265	0.01069	0.01732	0.01029	0.01764	0.01972	0.64381	0.00515	0.00495	0.00287	0.18046
71	0.01521	0.01345	0.01623	0.01791	0.17444	0.01508	0.01166	0.02955	0.57908	0.02439	0.02201	0.02117	0.01674	0.00769	0.00619	0.00202	0.00537	0.00660	0.00553	0.00969
72	0.02317	0.01164	0.01864	0.01403	0.01886	0.01049	0.16406	0.02679	0.04639	0.52521	0.05850	0.02126	0.01621	0.00734	0.00645	0.00194	0.00618	0.00667	0.00651	0.00968
73	0.01269	0.01088	0.01269	0.00907	0.01451	0.00816	0.00725	0.01541	0.01269	0.01995	0.01088	0.01269	0.00907	0.00453	0.00453	0.00091	0.00453	0.00363	0.00363	0.82229
74	0.00767	0.00622	0.00680	0.00665	0.00853	0.00535	0.00499	0.00962	0.01497	0.01895	0.26771	0.05493	0.53700	0.01460	0.00723	0.00202	0.00304	0.01236	0.00600	0.00535
75	0.59566	0.01157	0.01049	0.00895	0.01295	0.01268	0.00735	0.02156	0.04929	0.19976	0.01309	0.01320	0.00928	0.00627	0.00448	0.00190	0.00485	0.00418	0.00482	0.00769
76	0.01098	0.00823	0.01206	0.01438	0.16946	0.00781	0.00876	0.01393	0.01637	0.06043	0.51861	0.06806	0.04444	0.01100	0.00694	0.00192	0.00399	0.00986	0.00593	0.00683
77	0.01264	0.00767	0.00909	0.00813	0.01070	0.00695	0.00630	0.01597	0.07147	0.17881	0.24364	0.04413	0.33584	0.01238	0.00692	0.00199	0.00363	0.01047	0.00643	0.00683
78	0.02090	0.01490	0.01610	0.01284	0.01715	0.01641	0.01045	0.46963	0.18005	0.08618	0.01801	0.01754	0.01296	0.00756	0.00600	0.00186	0.00591	0.00588	0.06979	0.00989
79	0.00941	0.17541	0.01241	0.00853	0.01024	0.00922	0.00653	0.01079	0.01236	0.01573	0.05521	0.46636	0.14390	0.02639	0.00720	0.00220	0.00414	0.01331	0.00502	0.00564
80	0.00949	0.00710	0.01028	0.01006	0.01134	0.00823	0.00786	0.04760	0.01081	0.01546	0.01631	0.02357	0.01505	0.04393	0.72194	0.00943	0.01590	0.00650	0.00343	0.00572
81	0.02199	0.00937	0.01252	0.01034	0.01397	0.00836	0.00822	0.05243	0.01671	0.52539	0.06272	0.18674	0.02264	0.01034	0.00657	0.00202	0.00479	0.00882	0.00706	0.00900
82	0.01566	0.04610	0.01922	0.01541	0.01669	0.01902	0.01289	0.16923	0.01371	0.01989	0.00950	0.01353	0.00854	0.00976	0.01639	0.00244	0.57574	0.00530	0.00342	0.00755
83	0.01323	0.01167	0.01533	0.01525	0.17334	0.00954	0.00976	0.01614	0.01296	0.01996	0.01102	0.01323	0.00920	0.00473	0.00486	0.00110	0.00513	0.00402	0.00350	0.64602
84	0.00784	0.00610	0.00713	0.00714	0.00871	0.00539	0.00525	0.00987	0.01500	0.01965	0.33372	0.15636	0.36626	0.01482	0.00731	0.00207	0.00308	0.01281	0.00611	0.00539
85	0.01299	0.04209	0.57902	0.01623	0.02399	0.01463	0.01958	0.02222	0.16969	0.02064	0.01396	0.01502	0.01013	0.00634	0.00587	0.00196	0.00809	0.00502	0.00338	0.00916
86	0.01206	0.01183	0.01603	0.01393	0.01438	0.01580	0.01150	0.01344	0.01037	0.01512	0.01974	0.02327	0.16773	0.01175	0.01730	0.00255	0.60651	0.00700	0.00333	0.00636
87	0.01369	0.00738	0.00969	0.00851	0.01088	0.00661	0.00661	0.01632	0.01704	0.22207	0.48576	0.05313	0.08977	0.01151	0.00695	0.00194	0.00357	0.01472	0.00687	0.00699
88	0.01128	0.00694	0.00848	0.00785	0.00988	0.00623	0.00589	0.01364	0.02910	0.13667	0.30984	0.10190	0.25574	0.05859	0.00849	0.00225	0.00359	0.01113	0.00628	0.00622

[dist]
# distance from previous block
# <min> <max>
0	2

[block]
# block no. 5 follows, 37 sequences, length 8
# corresponding to MSA columns:
# 514-521
name=unknown_F
#
# <colnr> <probs for GDERKNQSTAVLIFYWHMCP>
#	G	D	E	R	K	N	Q	S	T	A	V	L	I	F	Y	W	H	M	C	P
0	0.02295	0.02671	0.01756	0.01542	0.01894	0.60825	0.01179	0.16840	0.01969	0.01982	0.01054	0.01179	0.00840	0.00652	0.00564	0.00163	0.01016	0.00426	0.00376	0.00778
1	0.00967	0.00709	0.00947	0.01066	0.01196	0.00716	0.00877	0.01318	0.07057	0.01820	0.03216	0.24893	0.03528	0.01681	0.00811	0.00267	0.00504	0.47281	0.00570	0.00579
2	0.00744	0.00540	0.00703	0.00833	0.00883	0.00499	0.00560	0.00855	0.01191	0.01570	0.03612	0.72002	0.09981	0.01887	0.00776	0.00245	0.00351	0.01702	0.00568	0.00499
3	0.01162	0.00974	0.01155	0.00896	0.01335	0.00751	0.00693	0.01400	0.01249	0.01906	0.01557	0.17026	0.01551	0.00754	0.00521	0.00123	0.00433	0.00645	0.00405	0.65465
4	0.01453	0.00815	0.01050	0.00900	0.01168	0.00746	0.00702	0.03935	0.04058	0.21830	0.44352	0.05832	0.04045	0.01067	0.00674	0.00188	0.00380	0.00924	0.00672	0.05207
5	0.00914	0.00701	0.00862	0.00919	0.01072	0.00686	0.00720	0.01281	0.09091	0.01881	0.12427	0.22662	0.19624	0.01568	0.00764	0.00238	0.00416	0.23006	0.00585	0.00582
6	0.00992	0.00694	0.00871	0.00886	0.01024	0.00671	0.00649	0.04948	0.04955	0.04906	0.24689	0.37945	0.08018	0.01526	0.00740	0.00223	0.00372	0.04678	0.00612	0.00598
7	0.62065	0.05292	0.01129	0.00876	0.01282	0.01332	0.00732	0.02044	0.01198	0.17516	0.01173	0.01217	0.00844	0.00605	0.00428	0.00186	0.00493	0.00390	0.00450	0.00747

[dist]
# distance from previous block
# <min> <max>
0	8

[block]
# block no. 6 follows, 37 sequences, length 26
# corresponding to MSA columns:
# 530-555
name=unknown_G
#
# <colnr> <probs for GDERKNQSTAVLIFYWHMCP>
#	G	D	E	R	K	N	Q	S	T	A	V	L	I	F	Y	W	H	M	C	P
0	0.02058	0.01380	0.01504	0.01184	0.01600	0.01478	0.00966	0.46099	0.05125	0.10372	0.01691	0.01715	0.01219	0.00725	0.00570	0.00173	0.00565	0.00559	0.16798	0.04218
1	0.02105	0.01589	0.01704	0.01349	0.01796	0.01768	0.01100	0.55786	0.16946	0.03540	0.04721	0.01762	0.01404	0.00776	0.00619	0.00189	0.00620	0.00603	0.00617	0.01007
2	0.00887	0.00741	0.00791	0.00791	0.00992	0.00714	0.00586	0.01347	0.15762	0.01817	0.04897	0.19545	0.45921	0.01480	0.00715	0.00215	0.00354	0.01261	0.00579	0.00603
3	0.01839	0.01383	0.01509	0.01281	0.01668	0.01541	0.01032	0.26865	0.38380	0.07956	0.02198	0.02374	0.01697	0.00864	0.00637	0.00204	0.00558	0.06426	0.00624	0.00965
4	0.01372	0.00788	0.01016	0.00961	0.01190	0.00748	0.00760	0.01739	0.08072	0.19644	0.20631	0.16138	0.08505	0.01307	0.00721	0.00220	0.00427	0.14411	0.00644	0.00705
5	0.01063	0.00532	0.00797	0.00797	0.00797	0.00532	0.00532	0.00797	0.00797	0.01063	0.01063	0.01861	0.01063	0.02127	0.02392	0.82190	0.00532	0.00532	0.00266	0.00266
6	0.00885	0.00630	0.00758	0.00780	0.00817	0.00647	0.00498	0.01005	0.03908	0.01368	0.02346	0.21556	0.04176	0.47469	0.08468	0.00512	0.02231	0.01068	0.00427	0.00450
7	0.18170	0.01457	0.01482	0.01185	0.01605	0.01623	0.00970	0.46381	0.06605	0.03382	0.01467	0.01515	0.01075	0.00705	0.00546	0.00182	0.00579	0.00518	0.09645	0.00909
8	0.00750	0.00542	0.00710	0.00835	0.00885	0.00502	0.00562	0.00867	0.01211	0.01608	0.06719	0.70438	0.08378	0.01866	0.00775	0.00244	0.00349	0.01685	0.00573	0.00502
9	0.02123	0.00905	0.01217	0.01014	0.01363	0.00803	0.00803	0.02379	0.03577	0.51060	0.09966	0.17476	0.02465	0.01041	0.00660	0.00202	0.00463	0.00892	0.00708	0.00884
10	0.00770	0.00551	0.00732	0.00836	0.00893	0.00513	0.00570	0.00913	0.01284	0.01740	0.17504	0.63451	0.04392	0.01785	0.00769	0.00237	0.00342	0.01614	0.00589	0.00513
11	0.00926	0.16188	0.01170	0.00749	0.00993	0.00902	0.00606	0.01100	0.01383	0.01702	0.13370	0.12503	0.43601	0.01348	0.00664	0.00194	0.00381	0.01125	0.00521	0.00576
12	0.01096	0.00869	0.00921	0.00877	0.01079	0.03486	0.00653	0.07310	0.10387	0.03465	0.14994	0.18825	0.25591	0.04451	0.00793	0.00223	0.00411	0.01135	0.02800	0.00634
13	0.01505	0.01286	0.01380	0.01185	0.01576	0.01397	0.00928	0.05738	0.56290	0.02501	0.02170	0.02049	0.01643	0.00751	0.00589	0.00183	0.00486	0.00621	0.00571	0.17150
14	0.01476	0.01151	0.01211	0.01084	0.01387	0.01274	0.00841	0.09714	0.43256	0.02593	0.05492	0.02607	0.07359	0.00891	0.00609	0.00198	0.00455	0.00726	0.16809	0.00864
15	0.00858	0.00635	0.00658	0.00658	0.00843	0.00555	0.00488	0.01039	0.01416	0.01879	0.11245	0.07674	0.50981	0.01389	0.00681	0.00201	0.00318	0.01155	0.16778	0.00551
16	0.01975	0.01487	0.01581	0.01261	0.01684	0.01609	0.01022	0.52641	0.08015	0.03340	0.02523	0.02461	0.15747	0.00927	0.00650	0.00197	0.00598	0.00721	0.00615	0.00947
17	0.01654	0.01303	0.01805	0.01524	0.01622	0.01696	0.01264	0.01798	0.01123	0.16165	0.01162	0.01536	0.00980	0.01030	0.01738	0.00258	0.61640	0.00563	0.00378	0.00762
18	0.01177	0.00598	0.00598	0.00597	0.00742	0.00593	0.00445	0.01451	0.01305	0.02312	0.02027	0.02326	0.01599	0.00736	0.00444	0.00149	0.00299	0.00582	0.81431	0.00589
19	0.82380	0.01208	0.00926	0.00830	0.01210	0.01391	0.00679	0.01822	0.01065	0.02773	0.00889	0.01045	0.00698	0.00592	0.00395	0.00196	0.00486	0.00344	0.00391	0.00681
20	0.00886	0.00658	0.00955	0.00982	0.01079	0.00733	0.00741	0.01072	0.01045	0.01484	0.02017	0.17516	0.02062	0.04060	0.60657	0.00839	0.01390	0.00882	0.00388	0.00556
21	0.01280	0.01220	0.01685	0.01461	0.01493	0.01631	0.01199	0.01434	0.01119	0.01703	0.15483	0.02032	0.01828	0.01128	0.01760	0.00259	0.61593	0.00661	0.00361	0.00670
22	0.00784	0.00560	0.00737	0.00877	0.00916	0.00520	0.00584	0.00880	0.01194	0.01596	0.03396	0.77698	0.04064	0.01934	0.00795	0.00255	0.00368	0.01744	0.00579	0.00517
23	0.01305	0.01112	0.01293	0.00931	0.01476	0.00837	0.00741	0.01565	0.01291	0.02026	0.01124	0.01319	0.00940	0.00478	0.00469	0.00098	0.00466	0.00375	0.00375	0.81781
24	0.00890	0.00605	0.00706	0.00741	0.00754	0.00591	0.00439	0.00908	0.00987	0.01320	0.02334	0.23265	0.02725	0.58194	0.02510	0.00508	0.00543	0.01120	0.00434	0.00424
25	0.00784	0.00560	0.00737	0.00877	0.00916	0.00520	0.00584	0.00880	0.01194	0.01596	0.03396	0.77698	0.04064	0.01934	0.00795	0.00255	0.00368	0.01744	0.00579	0.00517

[dist]
# distance from previous block
# <min> <max>
0	1

[block]
# block no. 7 follows, 37 sequences, length 60
# corresponding to MSA columns:
# 557-616
name=unknown_H
#
# <colnr> <probs for GDERKNQSTAVLIFYWHMCP>
#	G	D	E	R	K	N	Q	S	T	A	V	L	I	F	Y	W	H	M	C	P
0	0.01528	0.01170	0.01367	0.01009	0.01549	0.00897	0.00795	0.01757	0.01390	0.08735	0.01334	0.01518	0.01081	0.00568	0.00524	0.00125	0.00503	0.00429	0.00441	0.73281
1	0.02426	0.01898	0.01901	0.01500	0.01977	0.08674	0.01211	0.64909	0.02819	0.03716	0.01540	0.01607	0.01135	0.00806	0.00659	0.00204	0.00752	0.00576	0.00623	0.01068
2	0.01490	0.01231	0.01405	0.01038	0.01579	0.00988	0.00819	0.08074	0.01492	0.02273	0.01248	0.01462	0.01038	0.00565	0.00524	0.00124	0.00517	0.00423	0.00428	0.73281
3	0.01449	0.03188	0.67228	0.01799	0.02644	0.08251	0.02187	0.02061	0.01409	0.02009	0.01210	0.01449	0.00898	0.00670	0.00632	0.00213	0.00957	0.00488	0.00308	0.00947
4	0.01045	0.00688	0.00755	0.00750	0.00775	0.00669	0.00437	0.01037	0.01011	0.01412	0.02044	0.03968	0.02258	0.69941	0.02874	0.00567	0.00607	0.00894	0.07807	0.00460
5	0.01406	0.01355	0.01833	0.01590	0.01621	0.01804	0.01302	0.01505	0.01063	0.01610	0.01424	0.01925	0.07602	0.01189	0.01917	0.00284	0.68866	0.00644	0.00340	0.00721
6	0.01770	0.75446	0.03215	0.01144	0.01665	0.04328	0.01098	0.01927	0.01334	0.01563	0.00984	0.01165	0.00907	0.00612	0.00454	0.00156	0.00706	0.00373	0.00308	0.00846
7	0.01011	0.00733	0.00981	0.00975	0.01063	0.00789	0.00703	0.01127	0.01039	0.01473	0.01839	0.03027	0.01841	0.26318	0.53143	0.00876	0.01352	0.00762	0.00384	0.00562
8	0.01462	0.01421	0.01947	0.01679	0.01692	0.01927	0.01381	0.01559	0.01021	0.01593	0.00935	0.01512	0.00925	0.01145	0.02033	0.00289	0.75856	0.00575	0.00312	0.00734
9	0.01548	0.01564	0.01934	0.01676	0.01718	0.08654	0.01367	0.01647	0.01093	0.01596	0.00948	0.01491	0.00923	0.01106	0.01901	0.00279	0.68938	0.00562	0.00317	0.00738
10	0.00994	0.00782	0.01107	0.04127	0.01335	0.00715	0.05757	0.01120	0.01281	0.01748	0.03003	0.61274	0.03469	0.01691	0.00790	0.00251	0.00476	0.01511	0.00558	0.08010
11	0.01581	0.01543	0.04905	0.12643	0.60078	0.01504	0.01874	0.01960	0.03518	0.02070	0.01305	0.01713	0.01088	0.00648	0.00659	0.00209	0.00776	0.00586	0.00351	0.00991
12	0.00888	0.00596	0.00678	0.00675	0.00685	0.00592	0.00385	0.00909	0.00950	0.01276	0.07039	0.04046	0.02476	0.73037	0.02947	0.00565	0.00572	0.00905	0.00392	0.00385
13	0.02176	0.08097	0.01812	0.01505	0.01844	0.61876	0.01154	0.04854	0.07950	0.01666	0.01091	0.01210	0.00890	0.00644	0.00549	0.00161	0.01004	0.00421	0.00348	0.00749
14	0.01445	0.01651	0.03612	0.02580	0.03199	0.01548	0.72446	0.01961	0.01445	0.01961	0.01238	0.01651	0.00929	0.00516	0.00722	0.00206	0.01032	0.00722	0.00310	0.00826
15	0.01141	0.00571	0.00571	0.00571	0.00713	0.00571	0.00428	0.01426	0.01284	0.02282	0.01997	0.02282	0.01569	0.00713	0.00428	0.00143	0.00285	0.00571	0.81886	0.00571
16	0.00876	0.00649	0.00951	0.00951	0.01049	0.00747	0.00725	0.01072	0.00974	0.01397	0.01669	0.02570	0.01602	0.12202	0.68549	0.00944	0.01532	0.00680	0.00332	0.00528
17	0.77161	0.01174	0.00936	0.00825	0.01211	0.01340	0.00680	0.01883	0.01092	0.07852	0.00963	0.01071	0.00723	0.00582	0.00396	0.00189	0.00477	0.00352	0.00406	0.00690
18	0.00999	0.00655	0.00861	0.00793	0.00960	0.00600	0.00600	0.01284	0.01734	0.07580	0.69270	0.04397	0.05475	0.01217	0.00714	0.00192	0.00305	0.01072	0.00680	0.00610
19	0.00761	0.00539	0.00706	0.00833	0.00865	0.00507	0.00548	0.00856	0.01143	0.01524	0.03225	0.70458	0.03861	0.09804	0.01022	0.00284	0.00380	0.01653	0.00548	0.00484
20	0.82811	0.01184	0.00900	0.00805	0.01184	0.01373	0.00663	0.01799	0.01042	0.02746	0.00852	0.00994	0.00663	0.00568	0.00379	0.00189	0.00474	0.00331	0.00379	0.00663
21	0.00867	0.00631	0.00819	0.00787	0.00935	0.00583	0.00600	0.01148	0.01691	0.02366	0.65561	0.04810	0.09412	0.01299	0.00731	0.00200	0.00309	0.06017	0.00660	0.00573
22	0.00753	0.00538	0.00718	0.00860	0.00899	0.00503	0.00580	0.00864	0.01179	0.01570	0.03370	0.76063	0.04034	0.01911	0.00783	0.00250	0.00361	0.03698	0.00568	0.00499
23	0.01637	0.78856	0.03208	0.01047	0.01571	0.02422	0.01047	0.01833	0.01244	0.01440	0.00851	0.00982	0.00786	0.00524	0.00393	0.00131	0.00655	0.00327	0.00262	0.00786
24	0.01245	0.01206	0.01771	0.19838	0.02185	0.01632	0.01366	0.01455	0.01012	0.01490	0.00961	0.01524	0.00884	0.01334	0.09543	0.00328	0.50742	0.00550	0.00275	0.00659
25	0.00746	0.00533	0.00710	0.00852	0.00888	0.00497	0.00568	0.00852	0.01172	0.01563	0.03374	0.78088	0.04049	0.01918	0.00781	0.00249	0.00355	0.01740	0.00568	0.00497
26	0.01339	0.01339	0.01875	0.01607	0.01607	0.01875	0.01339	0.01473	0.00937	0.01473	0.00804	0.01339	0.00804	0.01071	0.02009	0.00268	0.77367	0.00536	0.00268	0.00670
