[name]
unknown

[dist]
# distance from previous block
# <min> <max>
3	834

[block]
# block no. 0 follows, 41 sequences, length 7
# corresponding to MSA columns:
# 978-984
name=unknown_A
#
# <colnr> <probs for GDERKNQSTAVLIFYWHMCP>
#	G	D	E	R	K	N	Q	S	T	A	V	L	I	F	Y	W	H	M	C	P
0	0.01633	0.05234	0.01448	0.01040	0.01504	0.06804	0.00845	0.18432	0.05816	0.08719	0.01259	0.01324	0.00963	0.00544	0.00484	0.00125	0.00532	0.00418	0.00430	0.42445
1	0.01646	0.01024	0.01122	0.00984	0.01255	0.07477	0.00759	0.11224	0.03882	0.25996	0.10514	0.22835	0.06675	0.01078	0.00628	0.00190	0.00475	0.00917	0.00585	0.00734
2	0.03023	0.03342	0.04915	0.01115	0.01479	0.04655	0.00941	0.23731	0.05849	0.05528	0.09171	0.01994	0.07758	0.00776	0.00694	0.00168	0.08948	0.00584	0.00466	0.14861
3	0.08336	0.01238	0.05226	0.09980	0.30097	0.01205	0.04435	0.10031	0.01400	0.04550	0.01674	0.12288	0.05551	0.00774	0.00582	0.00184	0.00606	0.00691	0.00380	0.00771
4	0.01503	0.01058	0.01322	0.01138	0.07724	0.00893	0.00823	0.07589	0.01392	0.15175	0.01383	0.05530	0.01119	0.00575	0.00491	0.00123	0.00468	0.00478	0.00428	0.50788
5	0.01266	0.07603	0.05009	0.02872	0.01294	0.00867	0.00813	0.01580	0.04526	0.14642	0.21964	0.08826	0.05316	0.00994	0.00609	0.00180	0.00443	0.10375	0.00521	0.10302
6	0.01751	0.03186	0.01703	0.08294	0.16134	0.01182	0.04805	0.13506	0.04153	0.22519	0.06911	0.01764	0.01385	0.00643	0.00564	0.00166	0.00574	0.00556	0.00483	0.09720

[dist]
# distance from previous block
# <min> <max>
16	65

[block]
# block no. 1 follows, 41 sequences, length 6
# corresponding to MSA columns:
# 1059-1064
name=unknown_B
#
# <colnr> <probs for GDERKNQSTAVLIFYWHMCP>
#	G	D	E	R	K	N	Q	S	T	A	V	L	I	F	Y	W	H	M	C	P
0	0.03883	0.13154	0.01583	0.03278	0.01524	0.10573	0.00940	0.26481	0.07119	0.02282	0.01728	0.17208	0.01652	0.00920	0.00574	0.00181	0.00595	0.05113	0.00465	0.00747
1	0.00771	0.00579	0.00820	0.00861	0.00941	0.00545	0.04158	0.00912	0.01163	0.01557	0.11173	0.51593	0.06107	0.09662	0.00948	0.00259	0.00392	0.06568	0.00511	0.00481
2	0.01161	0.00892	0.01074	0.00837	0.01232	0.00700	0.00652	0.01391	0.01245	0.06546	0.09127	0.13259	0.01790	0.00723	0.00505	0.00122	0.00398	0.00618	0.00421	0.57309
3	0.01170	0.01017	0.01265	0.12456	0.01742	0.00838	0.00814	0.01443	0.01180	0.01804	0.01017	0.01237	0.00835	0.00446	0.00446	0.00101	0.00474	0.00364	0.00326	0.71027
4	0.01752	0.00999	0.01277	0.05688	0.01558	0.00826	0.00801	0.02000	0.01370	0.32878	0.01531	0.01522	0.01078	0.00551	0.00496	0.00129	0.00471	0.00447	0.00487	0.44140
5	0.01402	0.01044	0.01255	0.00979	0.01379	0.00968	0.00788	0.11538	0.04649	0.09003	0.01314	0.01503	0.01050	0.01165	0.13308	0.00255	0.03752	0.00450	0.00407	0.43791

[dist]
# distance from previous block
# <min> <max>
67	230

[block]
# block no. 2 follows, 41 sequences, length 7
# corresponding to MSA columns:
# 1346-1352
name=unknown_C
#
# <colnr> <probs for GDERKNQSTAVLIFYWHMCP>
#	G	D	E	R	K	N	Q	S	T	A	V	L	I	F	Y	W	H	M	C	P
0	0.01697	0.00908	0.01097	0.00946	0.01242	0.00861	0.00737	0.06273	0.10801	0.30873	0.10192	0.11566	0.12081	0.01021	0.00630	0.00196	0.00430	0.00846	0.06808	0.00795
1	0.01405	0.01335	0.07280	0.01195	0.01674	0.01116	0.07425	0.12804	0.10337	0.02213	0.01451	0.06844	0.01228	0.00658	0.00546	0.00151	0.00555	0.00549	0.00426	0.40807
2	0.06449	0.01227	0.01296	0.01038	0.01434	0.06755	0.00824	0.16815	0.01697	0.18411	0.08784	0.04176	0.05407	0.00763	0.00563	0.00164	0.00524	0.00595	0.00528	0.22551
3	0.07841	0.01032	0.01254	0.01164	0.05876	0.01067	0.04558	0.18105	0.04665	0.08370	0.01844	0.11699	0.01579	0.00964	0.03325	0.00209	0.00526	0.00687	0.24486	0.00749
4	0.01220	0.00958	0.04870	0.05726	0.01394	0.00869	0.00827	0.07084	0.09697	0.08621	0.11740	0.33536	0.02820	0.01215	0.00665	0.00207	0.00456	0.01052	0.00543	0.06500
5	0.01739	0.05836	0.06112	0.01131	0.01550	0.01350	0.00978	0.37524	0.02028	0.09522	0.13580	0.01882	0.01715	0.00873	0.03765	0.00194	0.00588	0.00576	0.00522	0.08533
6	0.05041	0.01203	0.07992	0.01186	0.05302	0.01041	0.00960	0.07643	0.13711	0.30243	0.03554	0.08269	0.01589	0.03718	0.00657	0.00192	0.00513	0.00647	0.00547	0.05991

[dist]
# distance from previous block
# <min> <max>
30	62

[block]
# block no. 3 follows, 41 sequences, length 10
# corresponding to MSA columns:
# 1438-1447
name=unknown_D
#
# <colnr> <probs for GDERKNQSTAVLIFYWHMCP>
#	G	D	E	R	K	N	Q	S	T	A	V	L	I	F	Y	W	H	M	C	P
0	0.01274	0.01157	0.04484	0.01151	0.01453	0.02521	0.04572	0.07450	0.21828	0.03744	0.08954	0.06628	0.06490	0.00921	0.00736	0.00190	0.08446	0.06896	0.00481	0.10625
1	0.04639	0.01013	0.01555	0.01652	0.19382	0.00991	0.10212	0.04682	0.04230	0.09388	0.21566	0.02564	0.06825	0.00791	0.00594	0.00176	0.00507	0.00719	0.07785	0.00730
2	0.01668	0.01366	0.07107	0.01103	0.01516	0.08801	0.00931	0.06761	0.17224	0.19295	0.01782	0.08494	0.01417	0.00728	0.00547	0.00162	0.00543	0.00594	0.00496	0.19465
3	0.01256	0.01162	0.01836	0.09202	0.43254	0.01248	0.01392	0.01628	0.07040	0.01722	0.01380	0.08417	0.01296	0.07722	0.00923	0.00221	0.08562	0.00644	0.00328	0.00766
4	0.01087	0.00841	0.01000	0.00903	0.01150	0.00792	0.00691	0.08696	0.07048	0.01934	0.08484	0.21557	0.02463	0.08058	0.00815	0.00211	0.00436	0.10118	0.00478	0.23238
5	0.01175	0.00841	0.01026	0.00840	0.01172	0.00706	0.00650	0.01478	0.05046	0.09550	0.21401	0.12239	0.02537	0.00845	0.00553	0.00144	0.00379	0.00729	0.00491	0.38199
6	0.04965	0.01273	0.12867	0.01363	0.08048	0.00962	0.06839	0.01969	0.03172	0.28217	0.10380	0.09825	0.01871	0.00792	0.00588	0.00180	0.00549	0.00693	0.00505	0.04942
7	0.01261	0.00869	0.01041	0.01064	0.07002	0.06584	0.00733	0.01494	0.01521	0.15534	0.40403	0.14285	0.03729	0.01079	0.00644	0.00184	0.00409	0.00944	0.00576	0.00646
8	0.08397	0.01446	0.17011	0.07800	0.07659	0.01286	0.01277	0.01563	0.01119	0.07271	0.06863	0.01755	0.01272	0.07765	0.01161	0.00234	0.24555	0.00545	0.00332	0.00688
9	0.01552	0.01369	0.06966	0.01059	0.01556	0.05043	0.00911	0.15578	0.05433	0.08660	0.01254	0.01331	0.00953	0.00534	0.00487	0.00125	0.00533	0.00417	0.00418	0.45822

[dist]
# distance from previous block
# <min> <max>
9	11

[block]
# block no. 4 follows, 41 sequences, length 34
# corresponding to MSA columns:
# 1459-1492
name=unknown_E
#
# <colnr> <probs for GDERKNQSTAVLIFYWHMCP>
#	G	D	E	R	K	N	Q	S	T	A	V	L	I	F	Y	W	H	M	C	P
0	0.01255	0.10455	0.01451	0.01059	0.01369	0.01140	0.06112	0.01971	0.26498	0.06128	0.19260	0.06321	0.05346	0.00889	0.00592	0.00179	0.00457	0.03261	0.00517	0.05738
1	0.01365	0.01120	0.01448	0.06813	0.07150	0.00988	0.03603	0.10385	0.01396	0.04917	0.01160	0.02861	0.00942	0.00513	0.00484	0.00120	0.00513	0.00432	0.00373	0.53416
2	0.01275	0.01138	0.01484	0.27200	0.04875	0.10160	0.05371	0.01535	0.01260	0.07679	0.04473	0.18659	0.01671	0.00872	0.00644	0.00186	0.03373	0.00759	0.00381	0.07005
3	0.04904	0.01132	0.01453	0.01530	0.15894	0.01165	0.01013	0.11868	0.18540	0.22332	0.02036	0.11117	0.02814	0.00818	0.00586	0.00186	0.00512	0.00697	0.00541	0.00862
4	0.19544	0.03296	0.02217	0.03400	0.11004	0.01470	0.28306	0.09914	0.06799	0.02189	0.01142	0.01385	0.00882	0.00574	0.00636	0.00186	0.05400	0.00533	0.00352	0.00774
5	0.32684	0.02396	0.01101	0.03912	0.01338	0.04095	0.00763	0.12129	0.04866	0.08534	0.01610	0.18392	0.01503	0.00856	0.00514	0.00184	0.00487	0.00677	0.00456	0.03502
6	0.01624	0.01245	0.01479	0.18075	0.02066	0.04183	0.01049	0.18170	0.13320	0.11185	0.01444	0.01538	0.01062	0.00619	0.00557	0.00160	0.01695	0.00496	0.00452	0.19581
7	0.01383	0.19458	0.32725	0.01646	0.05041	0.10656	0.14619	0.01820	0.01292	0.01685	0.03858	0.01309	0.00940	0.00549	0.00531	0.00166	0.00809	0.00463	0.00274	0.00776
8	0.01500	0.53908	0.10865	0.01158	0.05113	0.01856	0.01098	0.01755	0.01204	0.05791	0.00944	0.01064	0.00794	0.00501	0.00415	0.00130	0.00611	0.00348	0.00284	0.10664
9	0.00781	0.00574	0.00767	0.00769	0.00881	0.00560	0.00570	0.00996	0.01345	0.01874	0.41194	0.18467	0.08656	0.01991	0.17547	0.00353	0.00560	0.01067	0.00534	0.00515
10	0.00784	0.00584	0.00729	0.00692	0.00839	0.00529	0.00519	0.01029	0.01558	0.02149	0.62439	0.04511	0.19077	0.01223	0.00675	0.00182	0.00274	0.01068	0.00611	0.00529
11	0.01090	0.01463	0.16690	0.01713	0.02158	0.01091	0.35316	0.01477	0.01236	0.01702	0.01808	0.27900	0.01828	0.00938	0.00668	0.00204	0.00727	0.00948	0.00362	0.00682
12	0.02313	0.01206	0.01562	0.01404	0.10516	0.01179	0.01023	0.23877	0.01909	0.46112	0.01854	0.01713	0.01224	0.00678	0.00573	0.00175	0.00552	0.00550	0.00617	0.00965
13	0.00808	0.00564	0.00649	0.00640	0.00692	0.00543	0.00399	0.00885	0.01061	0.01421	0.18544	0.04070	0.11667	0.53257	0.02154	0.00429	0.00460	0.00921	0.00431	0.00405
14	0.00879	0.00716	0.00799	0.00780	0.00978	0.00698	0.00607	0.01350	0.15691	0.01893	0.20182	0.04696	0.37504	0.01273	0.00671	0.00199	0.00345	0.09593	0.00562	0.00582
15	0.02102	0.01609	0.10616	0.01281	0.01776	0.01499	0.01147	0.46652	0.05721	0.19354	0.01571	0.01515	0.01077	0.00678	0.00570	0.00175	0.00616	0.00523	0.00563	0.00954
16	0.01073	0.02142	0.51054	0.01264	0.01875	0.01053	0.01537	0.01588	0.01217	0.01850	0.01781	0.01925	0.09910	0.00679	0.00528	0.00172	0.00652	0.00541	0.18426	0.00734
17	0.18922	0.00685	0.00647	0.00643	0.00853	0.00656	0.00487	0.01006	0.01206	0.01759	0.04383	0.13363	0.50903	0.01289	0.00612	0.00194	0.00328	0.01061	0.00492	0.00511
18	0.74146	0.01300	0.00934	0.00839	0.01185	0.10419	0.00678	0.01754	0.01051	0.02427	0.00807	0.00941	0.00634	0.00538	0.00373	0.00173	0.00513	0.00317	0.00347	0.00625
19	0.00705	0.00581	0.00620	0.00610	0.00791	0.00495	0.00458	0.00878	0.01373	0.01709	0.21183	0.05235	0.60607	0.01387	0.00676	0.00190	0.00285	0.01169	0.00553	0.00495
20	0.01073	0.02439	0.60245	0.01431	0.02120	0.01156	0.01769	0.01651	0.01298	0.01917	0.17460	0.01879	0.01748	0.00681	0.00572	0.00181	0.00719	0.00557	0.00327	0.00778
21	0.02157	0.00869	0.01182	0.00969	0.01322	0.00758	0.00773	0.02351	0.01518	0.60235	0.02453	0.18945	0.01935	0.00945	0.00609	0.00189	0.00453	0.00805	0.00669	0.00862
22	0.01930	0.01292	0.01581	0.18150	0.02146	0.01418	0.01122	0.34287	0.10813	0.18918	0.01602	0.01623	0.01116	0.00677	0.00574	0.00180	0.00606	0.00542	0.00533	0.00891
23	0.01504	0.62958	0.02849	0.01534	0.17871	0.02065	0.01149	0.01722	0.01193	0.01460	0.00857	0.01027	0.00772	0.00494	0.00411	0.00133	0.00627	0.00351	0.00253	0.00772
24	0.00746	0.00533	0.00720	0.00853	0.00908	0.00507	0.00617	0.00882	0.01144	0.01515	0.03125	0.63514	0.03675	0.01746	0.00743	0.00239	0.00375	0.17151	0.00530	0.00478
25	0.01939	0.01485	0.01584	0.01268	0.01684	0.01664	0.01030	0.52065	0.25430	0.03225	0.01672	0.01612	0.01215	0.00715	0.00575	0.00179	0.00574	0.00556	0.00575	0.00952
26	0.01994	0.01589	0.02080	0.01556	0.02040	0.01702	0.17118	0.58517	0.02396	0.03216	0.01326	0.01410	0.00950	0.00642	0.00595	0.00176	0.00703	0.00550	0.00510	0.00929
27	0.00697	0.00498	0.00664	0.00796	0.00830	0.00465	0.00531	0.00796	0.01095	0.01460	0.03153	0.79525	0.03783	0.01792	0.00730	0.00232	0.00332	0.01626	0.00531	0.00465
28	0.00733	0.00536	0.00702	0.00800	0.00869	0.00487	0.00542	0.00844	0.01102	0.01490	0.02994	0.73720	0.03566	0.01691	0.00707	0.00221	0.00339	0.01531	0.00517	0.06610
29	0.07184	0.02282	0.54584	0.01383	0.02013	0.01136	0.01656	0.01579	0.01166	0.01790	0.01475	0.18347	0.01387	0.00816	0.00570	0.00192	0.00703	0.00678	0.00313	0.00745
30	0.01479	0.18745	0.03141	0.01994	0.02543	0.01581	0.52757	0.01877	0.01330	0.07276	0.01159	0.01436	0.00879	0.00500	0.00600	0.00176	0.00852	0.00587	0.00311	0.00778
31	0.00879	0.06466	0.00831	0.00671	0.00737	0.00678	0.00436	0.00951	0.01029	0.01386	0.17991	0.03650	0.02707	0.56763	0.02233	0.00440	0.00496	0.00837	0.00401	0.00418
32	0.01440	0.02807	0.54859	0.01573	0.02269	0.18074	0.01816	0.07296	0.01408	0.01854	0.01021	0.01181	0.00746	0.00564	0.00539	0.00173	0.00870	0.00418	0.00278	0.00815
33	0.01319	0.01611	0.16643	0.02940	0.56447	0.01292	0.01735	0.01716	0.01308	0.01889	0.06621	0.01587	0.01204	0.00565	0.00570	0.00173	0.00681	0.00532	0.00301	0.00867

[dist]
# distance from previous block
# <min> <max>
6	8

[block]
# block no. 5 follows, 41 sequences, length 16
# corresponding to MSA columns:
# 1503-1518
name=unknown_F
#
# <colnr> <probs for GDERKNQSTAVLIFYWHMCP>
#	G	D	E	R	K	N	Q	S	T	A	V	L	I	F	Y	W	H	M	C	P
0	0.01327	0.06418	0.14837	0.04523	0.01590	0.01108	0.06642	0.13298	0.01452	0.02200	0.01434	0.01650	0.01101	0.00609	0.00485	0.00153	0.00539	0.00497	0.34774	0.05362
1	0.01460	0.01114	0.01232	0.01128	0.06112	0.09760	0.00820	0.01682	0.01381	0.15203	0.14415	0.05595	0.04368	0.00787	0.00651	0.00158	0.06551	0.00628	0.05112	0.21844
2	0.01166	0.00983	0.01201	0.00928	0.01341	0.00825	0.03242	0.03863	0.07024	0.01984	0.10042	0.08039	0.01698	0.00665	0.00507	0.00124	0.00429	0.00569	0.00416	0.54952
3	0.01170	0.01200	0.11624	0.01094	0.01495	0.00897	0.06562	0.01638	0.09935	0.06180	0.17502	0.11015	0.02283	0.00823	0.00579	0.00163	0.00490	0.00724	0.00457	0.24169
4	0.04425	0.01146	0.01736	0.01525	0.10360	0.01092	0.14013	0.11625	0.01632	0.23090	0.15115	0.02079	0.01862	0.00703	0.00594	0.00173	0.00570	0.00637	0.00514	0.07108
5	0.01585	0.01087	0.01272	0.00943	0.01416	0.00933	0.00763	0.13376	0.01510	0.15082	0.01334	0.01400	0.01000	0.00531	0.00476	0.00118	0.00463	0.00419	0.04124	0.52167
6	0.15996	0.01333	0.07208	0.01320	0.10195	0.05988	0.01002	0.02144	0.04696	0.27801	0.01473	0.01476	0.01042	0.00591	0.00506	0.00160	0.00554	0.00460	0.00466	0.15588
7	0.01322	0.32562	0.24309	0.14529	0.02166	0.06545	0.01395	0.01670	0.01202	0.01523	0.01098	0.07210	0.00980	0.00632	0.00496	0.00163	0.00714	0.00484	0.00274	0.00728
8	0.05632	0.01791	0.15002	0.01458	0.07538	0.13013	0.01229	0.16708	0.09719	0.19934	0.01507	0.01504	0.01067	0.00645	0.00553	0.00175	0.00675	0.00497	0.00474	0.00878
9	0.01156	0.00763	0.01056	0.14741	0.01577	0.00763	0.00826	0.04615	0.01340	0.12163	0.11448	0.32786	0.02795	0.01210	0.00656	0.00203	0.00457	0.05661	0.00512	0.05272
10	0.02136	0.01025	0.01397	0.14880	0.01912	0.01009	0.00987	0.02592	0.12555	0.52102	0.02052	0.01909	0.01355	0.00699	0.00579	0.00183	0.00534	0.00576	0.00610	0.00907
11	0.00865	0.00655	0.00826	0.00756	0.00945	0.00572	0.00564	0.01102	0.01461	0.02082	0.50094	0.14989	0.05937	0.01140	0.00641	0.00172	0.00310	0.01004	0.00563	0.15321
12	0.69317	0.01088	0.00933	0.00805	0.01175	0.01208	0.00662	0.01884	0.01097	0.15810	0.01065	0.01122	0.00769	0.00568	0.00397	0.00178	0.00453	0.00360	0.00420	0.00687
13	0.01955	0.02424	0.01643	0.15232	0.02161	0.63885	0.01194	0.02142	0.01540	0.01418	0.00916	0.01131	0.00749	0.00591	0.00529	0.00157	0.00985	0.00396	0.00290	0.00662
14	0.02099	0.10750	0.01866	0.01277	0.01738	0.01831	0.01075	0.65965	0.02512	0.03342	0.01306	0.01320	0.00945	0.00664	0.00548	0.00166	0.00627	0.00491	0.00534	0.00945
15	0.49018	0.01152	0.01145	0.08019	0.01534	0.01280	0.00821	0.13244	0.01376	0.15865	0.01168	0.01235	0.00830	0.00591	0.00448	0.00177	0.00509	0.00407	0.00442	0.00739

[dist]
# distance from previous block
# <min> <max>
196	490

# created by:
# /software/SequenceAnalysis/GenePrediction/augustus/3.0.1/scripts/msa2prfl.pl ./fixed/BUSCOvEOG7Q5B36.fas
