[name]
unknown

[dist]
# distance from previous block
# <min> <max>
3	22

[block]
# block no. 0 follows, 39 sequences, length 120
# corresponding to MSA columns:
# 23-142
name=unknown_A
#
# <colnr> <probs for GDERKNQSTAVLIFYWHMCP>
#	G	D	E	R	K	N	Q	S	T	A	V	L	I	F	Y	W	H	M	C	P
0	0.23338	0.01727	0.01400	0.01209	0.01558	0.22228	0.00952	0.21133	0.10761	0.02500	0.01329	0.05340	0.01089	0.00718	0.00554	0.00180	0.02250	0.00512	0.00446	0.00778
1	0.06207	0.01589	0.01658	0.06247	0.01898	0.05330	0.01105	0.51253	0.13279	0.03232	0.01489	0.01507	0.01081	0.00703	0.00579	0.00181	0.00642	0.00534	0.00547	0.00939
2	0.01291	0.01112	0.01197	0.01111	0.01335	0.07664	0.03408	0.12900	0.17906	0.02120	0.05258	0.34246	0.04211	0.01245	0.00671	0.00210	0.00507	0.02369	0.00541	0.00699
3	0.01102	0.00551	0.00551	0.00551	0.00689	0.00551	0.00413	0.01378	0.01240	0.02205	0.01929	0.02205	0.01516	0.00689	0.00413	0.00138	0.00276	0.00551	0.82500	0.00551
4	0.03407	0.01391	0.01531	0.05243	0.01775	0.01555	0.01036	0.33441	0.31520	0.08184	0.03411	0.01843	0.01440	0.00750	0.00594	0.00189	0.00562	0.00599	0.00585	0.00943
5	0.01155	0.01052	0.01684	0.66109	0.03656	0.01289	0.01518	0.04606	0.04565	0.01649	0.01271	0.06583	0.01045	0.00687	0.00602	0.00199	0.00739	0.00607	0.00311	0.00673
6	0.01653	0.70776	0.02936	0.01071	0.01553	0.10879	0.01027	0.01839	0.01256	0.01398	0.00833	0.00962	0.00759	0.00518	0.00397	0.00129	0.00682	0.00324	0.00259	0.00751
7	0.05654	0.01373	0.01227	0.01226	0.04661	0.24052	0.00898	0.01519	0.01218	0.01504	0.01587	0.02027	0.05940	0.02632	0.39751	0.00570	0.02662	0.00573	0.00329	0.00601
8	0.01357	0.01155	0.01789	0.05597	0.39566	0.01191	0.01334	0.04831	0.01375	0.05793	0.06011	0.02319	0.12765	0.00859	0.00811	0.04503	0.06905	0.00671	0.00383	0.00784
9	0.00850	0.00610	0.00686	0.00700	0.00868	0.00532	0.00515	0.00992	0.01299	0.06358	0.04827	0.20567	0.48358	0.05892	0.00839	0.00231	0.00348	0.04457	0.00550	0.00522
10	0.01605	0.01613	0.01705	0.05167	0.21207	0.16858	0.01240	0.02563	0.37188	0.02080	0.01703	0.01751	0.01320	0.00681	0.00583	0.00184	0.00666	0.00566	0.00445	0.00873
11	0.01506	0.01547	0.02797	0.02058	0.02587	0.05579	0.49604	0.02141	0.12898	0.05750	0.01420	0.01660	0.01060	0.00560	0.00652	0.00189	0.00856	0.00648	0.00372	0.06117
12	0.00821	0.00599	0.00771	0.00738	0.00876	0.00549	0.00550	0.01080	0.01620	0.02268	0.66212	0.08687	0.10484	0.01266	0.00701	0.00190	0.00284	0.01117	0.00638	0.00549
13	0.00756	0.00550	0.00702	0.00769	0.00847	0.00508	0.00531	0.00905	0.01284	0.01727	0.22445	0.47471	0.11901	0.05685	0.00852	0.00239	0.00334	0.01431	0.00566	0.00496
14	0.00852	0.00570	0.00647	0.00655	0.00657	0.00568	0.00369	0.00858	0.00875	0.01167	0.01942	0.08079	0.02249	0.74873	0.02883	0.00555	0.00560	0.00906	0.00369	0.00365
15	0.01292	0.01090	0.01262	0.00907	0.01429	0.00856	0.00728	0.06139	0.01327	0.02043	0.01075	0.01239	0.00884	0.00456	0.00448	0.00093	0.00452	0.00362	0.00366	0.77552
16	0.00754	0.00546	0.00712	0.00788	0.00862	0.00504	0.00546	0.00911	0.01304	0.01768	0.24611	0.52863	0.08348	0.01643	0.00735	0.00222	0.00322	0.01477	0.00579	0.00504
17	0.00725	0.00517	0.00685	0.00817	0.00850	0.00484	0.00542	0.00825	0.01123	0.01497	0.03210	0.76164	0.03849	0.04605	0.00835	0.00252	0.00351	0.01652	0.00542	0.00476
18	0.00845	0.00634	0.00950	0.00950	0.01056	0.00739	0.00739	0.01056	0.00950	0.01373	0.01584	0.02323	0.01478	0.04435	0.76873	0.00950	0.01584	0.00634	0.00317	0.00528
19	0.01676	0.01372	0.01453	0.01245	0.01616	0.01567	0.00986	0.21702	0.55566	0.02804	0.02147	0.01999	0.01594	0.00778	0.00599	0.00194	0.00516	0.00633	0.00599	0.00954
20	0.00840	0.00588	0.00717	0.00701	0.00826	0.00545	0.00508	0.01059	0.01461	0.02061	0.45383	0.10084	0.13969	0.09087	0.00905	0.00226	0.00316	0.01066	0.09135	0.00523
21	0.00718	0.00523	0.00678	0.00802	0.00852	0.00482	0.00539	0.00826	0.01153	0.01518	0.03526	0.71699	0.10871	0.01818	0.00749	0.00236	0.00339	0.01639	0.00549	0.00482
22	0.00853	0.00570	0.00647	0.00654	0.00656	0.00568	0.00368	0.00858	0.00874	0.01166	0.01937	0.07834	0.02243	0.75125	0.02891	0.00556	0.00561	0.00903	0.00368	0.00365
23	0.00804	0.00564	0.00662	0.00693	0.00737	0.00540	0.00434	0.00871	0.01054	0.01394	0.08835	0.23113	0.11469	0.43978	0.01974	0.00413	0.00458	0.01131	0.00453	0.00422
24	0.00945	0.00638	0.00820	0.00785	0.00937	0.00594	0.00584	0.01236	0.04121	0.06653	0.54084	0.15876	0.07898	0.01279	0.00697	0.00195	0.00310	0.01130	0.00634	0.00584
25	0.83394	0.01144	0.00869	0.00778	0.01144	0.01327	0.00640	0.01738	0.01006	0.02653	0.00823	0.00961	0.00640	0.00549	0.00366	0.00183	0.00457	0.00320	0.00366	0.00640
26	0.04966	0.00574	0.00705	0.00799	0.00886	0.00542	0.00563	0.00915	0.01204	0.01650	0.08152	0.55846	0.13790	0.01683	0.00727	0.00230	0.00350	0.05373	0.00546	0.00500
27	0.01189	0.00887	0.00952	0.00835	0.01109	0.00868	0.00655	0.16567	0.06296	0.05979	0.10998	0.04259	0.44678	0.01221	0.00665	0.00193	0.00393	0.01010	0.00580	0.00666
28	0.01104	0.00892	0.01028	0.01037	0.01232	0.00969	0.00795	0.01954	0.34582	0.01999	0.02941	0.28279	0.05302	0.01322	0.00694	0.00227	0.00435	0.13933	0.00572	0.00700
29	0.02209	0.02819	0.01676	0.01524	0.01828	0.76843	0.01143	0.02361	0.01676	0.01447	0.00914	0.01066	0.00762	0.00609	0.00533	0.00152	0.01066	0.00381	0.00305	0.00686
30	0.27176	0.01377	0.01410	0.01118	0.01549	0.01505	0.00922	0.39281	0.02039	0.14353	0.01386	0.01385	0.00974	0.00663	0.00519	0.00179	0.00561	0.00477	0.02238	0.00884
31	0.00733	0.00524	0.00697	0.00815	0.00860	0.00488	0.00550	0.00854	0.01189	0.01600	0.10763	0.71071	0.04085	0.01786	0.00749	0.00235	0.00336	0.01617	0.00560	0.00488
32	0.02653	0.01006	0.01372	0.01052	0.01510	0.00869	0.00869	0.02882	0.01693	0.75937	0.02333	0.02013	0.01464	0.00732	0.00595	0.00183	0.00503	0.00595	0.00732	0.01006
33	0.01091	0.00693	0.00942	0.00982	0.01156	0.00663	0.00829	0.01353	0.01465	0.09611	0.19349	0.05630	0.07444	0.01438	0.00761	0.00240	0.00468	0.44703	0.00588	0.00593
34	0.06499	0.00900	0.01466	0.40283	0.02634	0.01040	0.05801	0.01285	0.01037	0.01437	0.01037	0.01617	0.00871	0.01107	0.01200	0.29795	0.00682	0.00519	0.00270	0.00522
35	0.00758	0.00601	0.00681	0.00661	0.00835	0.00525	0.00496	0.00964	0.01488	0.01930	0.35759	0.05144	0.45312	0.01374	0.00698	0.00194	0.00291	0.01171	0.00593	0.00525
36	0.00860	0.00573	0.00645	0.00645	0.00645	0.00573	0.00358	0.00860	0.00860	0.01147	0.01863	0.03870	0.02150	0.79217	0.03010	0.00573	0.00573	0.00860	0.00358	0.00358
37	0.00845	0.00567	0.00649	0.00664	0.00668	0.00563	0.00379	0.00856	0.00889	0.01186	0.02014	0.11978	0.02341	0.70849	0.02766	0.00537	0.00548	0.00949	0.00379	0.00372
38	0.01325	0.01444	0.02991	0.22389	0.06432	0.01444	0.51427	0.01790	0.01337	0.01795	0.01155	0.01585	0.00870	0.00524	0.00665	0.00198	0.00929	0.00645	0.00289	0.00766
39	0.00700	0.00595	0.00604	0.00611	0.00802	0.00498	0.00455	0.00847	0.01337	0.01593	0.05848	0.09511	0.71560	0.01516	0.00702	0.00202	0.00302	0.01271	0.00549	0.00498
40	0.01290	0.01097	0.01502	0.33202	0.02534	0.02528	0.01153	0.04621	0.01310	0.05168	0.04981	0.01584	0.01110	0.00601	0.00609	0.00157	0.04606	0.00489	0.00351	0.31106
41	0.02246	0.01730	0.01769	0.01371	0.01834	0.06550	0.01125	0.69079	0.02711	0.03584	0.01388	0.01398	0.00990	0.00704	0.00588	0.00176	0.00677	0.00523	0.00574	0.00986
42	0.01486	0.01499	0.02443	0.07160	0.59047	0.06278	0.09737	0.01843	0.01365	0.01875	0.01106	0.01458	0.00913	0.00532	0.00595	0.00178	0.00763	0.00536	0.00293	0.00891
43	0.02248	0.01656	0.01775	0.01361	0.01834	0.01834	0.01124	0.73556	0.02780	0.03727	0.01420	0.01420	0.01006	0.00710	0.00592	0.00177	0.00651	0.00532	0.00592	0.01006
44	0.01906	0.02309	0.01705	0.01610	0.05579	0.53071	0.01189	0.02067	0.01458	0.01464	0.00929	0.01200	0.00811	0.00891	0.04739	0.00217	0.17446	0.00430	0.00295	0.00682
45	0.00860	0.00573	0.00645	0.00645	0.00645	0.00573	0.00358	0.00860	0.00860	0.01147	0.01863	0.03870	0.02150	0.79217	0.03010	0.00573	0.00573	0.00860	0.00358	0.00358
46	0.00708	0.00599	0.00611	0.00608	0.00804	0.00503	0.00456	0.00866	0.01369	0.01647	0.10457	0.05609	0.70790	0.01479	0.00699	0.00199	0.00298	0.01237	0.00556	0.00503
47	0.00699	0.00599	0.00599	0.00599	0.00799	0.00499	0.00449	0.00849	0.01348	0.01598	0.05991	0.05691	0.75288	0.01498	0.00699	0.00200	0.00300	0.01248	0.00549	0.00499
48	0.00855	0.00592	0.00741	0.00741	0.00775	0.00626	0.00479	0.00922	0.00889	0.01218	0.01775	0.03382	0.01938	0.55600	0.26336	0.00692	0.00893	0.00789	0.00345	0.00412
49	0.00721	0.00515	0.00686	0.00823	0.00858	0.00480	0.00549	0.00823	0.01132	0.01510	0.03259	0.78831	0.03911	0.01853	0.00755	0.00240	0.00343	0.01681	0.00549	0.00480
50	0.01464	0.01405	0.02400	0.03630	0.75528	0.01405	0.01815	0.01815	0.01347	0.01932	0.01112	0.01464	0.00937	0.00527	0.00585	0.00176	0.00703	0.00527	0.00293	0.00937
51	0.02209	0.02819	0.01676	0.01524	0.01828	0.76843	0.01143	0.02361	0.01676	0.01447	0.00914	0.01066	0.00762	0.00609	0.00533	0.00152	0.01066	0.00381	0.00305	0.00686
52	0.01285	0.01084	0.01143	0.01031	0.01328	0.01191	0.00801	0.06976	0.46764	0.02321	0.07362	0.03185	0.21046	0.01000	0.00632	0.00198	0.00425	0.00833	0.00590	0.00806
53	0.00837	0.00604	0.00790	0.00744	0.00883	0.00558	0.00558	0.01116	0.01674	0.02371	0.75216	0.04417	0.05580	0.01209	0.00697	0.00186	0.00279	0.01069	0.00651	0.00558
54	0.00735	0.00601	0.00650	0.00637	0.00821	0.00515	0.00478	0.00919	0.01434	0.01802	0.24237	0.05356	0.56914	0.01422	0.00699	0.00196	0.00294	0.01201	0.00576	0.00515
55	0.02394	0.01422	0.01629	0.01249	0.01717	0.01486	0.01032	0.48037	0.02388	0.29801	0.01750	0.01634	0.01171	0.00718	0.00593	0.00179	0.00597	0.00555	0.00642	0.01006
56	0.01581	0.79572	0.03099	0.01012	0.01518	0.02340	0.01012	0.01771	0.01202	0.01391	0.00822	0.00949	0.00759	0.00506	0.00379	0.00126	0.00632	0.00316	0.00253	0.00759
57	0.00767	0.00548	0.00687	0.00758	0.00844	0.00504	0.00528	0.00924	0.01284	0.01748	0.18719	0.47917	0.14152	0.01592	0.00713	0.00216	0.00319	0.01418	0.05858	0.00504
58	0.00733	0.00539	0.00683	0.00776	0.00847	0.00494	0.00530	0.00860	0.01218	0.01608	0.11376	0.57781	0.15207	0.03416	0.00789	0.00235	0.00334	0.01530	0.00556	0.00489
59	0.00953	0.00681	0.00953	0.01089	0.01225	0.00681	0.00953	0.01225	0.01361	0.01770	0.03131	0.06671	0.03403	0.01634	0.00817	0.00272	0.00545	0.71547	0.00545	0.00545
60	0.00981	0.00892	0.00850	0.00807	0.01047	0.04742	0.00614	0.01532	0.20636	0.01821	0.04781	0.04531	0.52027	0.01268	0.00665	0.00197	0.00384	0.01050	0.00550	0.00624
61	0.00757	0.00534	0.00697	0.00813	0.00849	0.00508	0.00546	0.00855	0.01105	0.01470	0.03035	0.62590	0.03606	0.13795	0.01107	0.00294	0.00392	0.06062	0.00519	0.00466
62	0.01536	0.01256	0.01339	0.01195	0.01536	0.01438	0.00932	0.03128	0.70437	0.06535	0.02403	0.02196	0.01786	0.00798	0.00601	0.00200	0.00470	0.00665	0.00609	0.00940
63	0.00860	0.00573	0.00645	0.00645	0.00645	0.00573	0.00358	0.00860	0.00860	0.01147	0.01863	0.03870	0.02150	0.79217	0.03010	0.00573	0.00573	0.00860	0.00358	0.00358
64	0.01226	0.01051	0.01226	0.00876	0.01401	0.00788	0.00701	0.01489	0.01226	0.01927	0.01051	0.01226	0.00876	0.00438	0.00438	0.00088	0.00438	0.00350	0.00350	0.82832
65	0.00860	0.00573	0.00645	0.00645	0.00645	0.00573	0.00358	0.00860	0.00860	0.01147	0.01863	0.03870	0.02150	0.79217	0.03010	0.00573	0.00573	0.00860	0.00358	0.00358
66	0.01464	0.01405	0.02400	0.03630	0.75528	0.01405	0.01815	0.01815	0.01347	0.01932	0.01112	0.01464	0.00937	0.00527	0.00585	0.00176	0.00703	0.00527	0.00293	0.00937
67	0.00721	0.00600	0.00630	0.00622	0.00812	0.00509	0.00467	0.00891	0.01400	0.01721	0.17036	0.05488	0.64166	0.01452	0.00699	0.00198	0.00296	0.01220	0.00565	0.00509
68	0.00721	0.00515	0.00686	0.00823	0.00858	0.00480	0.00549	0.00823	0.01132	0.01510	0.03259	0.78831	0.03911	0.01853	0.00755	0.00240	0.00343	0.01681	0.00549	0.00480
69	0.02189	0.01625	0.01775	0.05353	0.01951	0.01807	0.01151	0.69793	0.02697	0.03611	0.01401	0.01428	0.00994	0.00704	0.00592	0.00179	0.00658	0.00532	0.00574	0.00987
70	0.05518	0.75798	0.02992	0.01001	0.01500	0.02291	0.00994	0.01769	0.01192	0.01452	0.00822	0.00949	0.00753	0.00508	0.00379	0.00129	0.00624	0.00316	0.00258	0.00753
71	0.02458	0.01233	0.01502	0.01161	0.01617	0.01217	0.00956	0.26037	0.05914	0.48391	0.02038	0.01829	0.01332	0.00728	0.00594	0.00182	0.00550	0.00578	0.00679	0.01002
72	0.10049	0.01765	0.06612	0.07505	0.40020	0.17418	0.04607	0.01910	0.01367	0.01871	0.01037	0.01327	0.00846	0.00552	0.00555	0.00175	0.00783	0.00476	0.00299	0.00825
73	0.00770	0.00550	0.00740	0.00858	0.00919	0.00520	0.00614	0.00918	0.01225	0.01641	0.10725	0.59577	0.04004	0.01751	0.00759	0.00240	0.00369	0.12765	0.00559	0.00499
74	0.54862	0.01060	0.00995	0.00847	0.01217	0.01139	0.00694	0.01985	0.01246	0.21945	0.07755	0.01542	0.01291	0.00655	0.00455	0.00183	0.00454	0.00458	0.00487	0.00730
75	0.01641	0.01257	0.01385	0.01141	0.01538	0.01318	0.00905	0.20424	0.31748	0.07157	0.01923	0.06734	0.01523	0.00766	0.00574	0.00173	0.00502	0.00628	0.00551	0.18112
76	0.44894	0.01096	0.04836	0.00864	0.01172	0.01115	0.00724	0.05584	0.04706	0.02329	0.09001	0.01810	0.05422	0.00921	0.00749	0.12770	0.00472	0.00514	0.00407	0.00613
77	0.23676	0.01190	0.04579	0.00962	0.01397	0.01078	0.00818	0.04685	0.01252	0.06044	0.04207	0.01345	0.01035	0.00579	0.00565	0.00144	0.06418	0.00410	0.00386	0.39229
78	0.00726	0.00524	0.00687	0.00807	0.00856	0.00486	0.00544	0.00841	0.01174	0.01563	0.07444	0.70785	0.07780	0.01798	0.00749	0.00235	0.00337	0.01624	0.00555	0.00486
79	0.01139	0.01074	0.01814	0.73010	0.08683	0.01320	0.01653	0.01531	0.01193	0.01538	0.01055	0.01569	0.00798	0.00587	0.00591	0.00196	0.00783	0.00526	0.00265	0.00675
80	0.13916	0.01011	0.01109	0.04963	0.01408	0.01082	0.00794	0.02191	0.27688	0.13687	0.11133	0.02783	0.14034	0.00903	0.00591	0.00193	0.00439	0.00738	0.00565	0.00772
81	0.00854	0.00571	0.00647	0.00652	0.00654	0.00569	0.00366	0.00858	0.00871	0.01162	0.01921	0.06983	0.02223	0.76004	0.02916	0.00559	0.00564	0.00894	0.00366	0.00363
82	0.00837	0.00604	0.00790	0.00744	0.00883	0.00558	0.00558	0.01116	0.01674	0.02371	0.75216	0.04417	0.05580	0.01209	0.00697	0.00186	0.00279	0.01069	0.00651	0.00558
83	0.01102	0.00551	0.00551	0.00551	0.00689	0.00551	0.00413	0.01378	0.01240	0.02205	0.01929	0.02205	0.01516	0.00689	0.00413	0.00138	0.00276	0.00551	0.82500	0.00551
84	0.01325	0.01443	0.02988	0.22392	0.06629	0.01444	0.51231	0.01790	0.01337	0.01795	0.01154	0.01584	0.00870	0.00524	0.00665	0.00198	0.00929	0.00645	0.00289	0.00767
85	0.00837	0.00604	0.00790	0.00744	0.00883	0.00558	0.00558	0.01116	0.01674	0.02371	0.75216	0.04417	0.05580	0.01209	0.00697	0.00186	0.00279	0.01069	0.00651	0.00558
86	0.01749	0.01409	0.01494	0.01260	0.01644	0.01601	0.01003	0.28375	0.48773	0.02923	0.02053	0.01925	0.01519	0.00769	0.00598	0.00192	0.00534	0.00620	0.00598	0.00961
87	0.02173	0.01651	0.01925	0.01460	0.01944	0.01804	0.07470	0.67262	0.02659	0.03566	0.01400	0.01435	0.00996	0.00691	0.00601	0.00179	0.00681	0.00547	0.00566	0.00987
88	0.00837	0.00604	0.00790	0.00744	0.00883	0.00558	0.00558	0.01116	0.01674	0.02371	0.75216	0.04417	0.05580	0.01209	0.00697	0.00186	0.00279	0.01069	0.00651	0.00558
89	0.00788	0.00620	0.00717	0.00733	0.00882	0.00570	0.00534	0.01054	0.05924	0.01829	0.22918	0.24424	0.33909	0.01474	0.00707	0.00207	0.00316	0.01280	0.00579	0.00537
90	0.00860	0.00573	0.00645	0.00645	0.00645	0.00573	0.00358	0.00860	0.00860	0.01147	0.01863	0.03870	0.02150	0.79217	0.03010	0.00573	0.00573	0.00860	0.00358	0.00358
91	0.00845	0.00634	0.00950	0.00950	0.01056	0.00739	0.00739	0.01056	0.00950	0.01373	0.01584	0.02323	0.01478	0.04435	0.76873	0.00950	0.01584	0.00634	0.00317	0.00528
92	0.00823	0.00558	0.00656	0.00692	0.00701	0.00549	0.00409	0.00850	0.00932	0.01242	0.02231	0.23628	0.02614	0.58825	0.02416	0.00486	0.00513	0.01076	0.00409	0.00390
93	0.01514	0.01292	0.01361	0.01212	0.01554	0.01491	0.00946	0.07035	0.70497	0.02543	0.02352	0.02163	0.01761	0.00797	0.00601	0.00199	0.00478	0.00661	0.00601	0.00940
94	0.00953	0.00681	0.00953	0.01089	0.01225	0.00681	0.00953	0.01225	0.01361	0.01770	0.03131	0.06671	0.03403	0.01634	0.00817	0.00272	0.00545	0.71547	0.00545	0.00545
95	0.00845	0.00634	0.00950	0.00950	0.01056	0.00739	0.00739	0.01056	0.00950	0.01373	0.01584	0.02323	0.01478	0.04435	0.76873	0.00950	0.01584	0.00634	0.00317	0.00528
96	0.00756	0.00643	0.00656	0.00645	0.00851	0.00565	0.00486	0.01010	0.06082	0.01694	0.09300	0.05401	0.66981	0.01438	0.00693	0.00199	0.00309	0.01202	0.00558	0.00530
97	0.02248	0.01656	0.01775	0.01361	0.01834	0.01834	0.01124	0.73556	0.02780	0.03727	0.01420	0.01420	0.01006	0.00710	0.00592	0.00177	0.00651	0.00532	0.00592	0.01006
98	0.00699	0.00599	0.00599	0.00599	0.00799	0.00499	0.00449	0.00849	0.01348	0.01598	0.05991	0.05691	0.75288	0.01498	0.00699	0.00200	0.00300	0.01248	0.00549	0.00499
99	0.01528	0.01140	0.01247	0.01062	0.01365	0.01204	0.00834	0.39512	0.02054	0.02707	0.02855	0.22290	0.17365	0.01170	0.00656	0.00198	0.00498	0.00979	0.00572	0.00764
100	0.00860	0.00573	0.00645	0.00645	0.00645	0.00573	0.00358	0.00860	0.00860	0.01147	0.01863	0.03870	0.02150	0.79217	0.03010	0.00573	0.00573	0.00860	0.00358	0.00358
101	0.00757	0.00530	0.00675	0.00776	0.00802	0.00505	0.00499	0.00833	0.01060	0.01414	0.02891	0.59073	0.03447	0.22244	0.01349	0.00328	0.00404	0.01465	0.00499	0.00448
102	0.83394	0.01144	0.00869	0.00778	0.01144	0.01327	0.00640	0.01738	0.01006	0.02653	0.00823	0.00961	0.00640	0.00549	0.00366	0.00183	0.00457	0.00320	0.00366	0.00640
103	0.00721	0.00515	0.00686	0.00823	0.00858	0.00480	0.00549	0.00823	0.01132	0.01510	0.03259	0.78831	0.03911	0.01853	0.00755	0.00240	0.00343	0.01681	0.00549	0.00480
104	0.00699	0.00599	0.00599	0.00599	0.00799	0.00499	0.00449	0.00849	0.01348	0.01598	0.05991	0.05691	0.75288	0.01498	0.00699	0.00200	0.00300	0.01248	0.00549	0.00499
105	0.01716	0.01392	0.01475	0.01253	0.01631	0.01586	0.00995	0.25379	0.51823	0.02870	0.02095	0.01958	0.01553	0.00773	0.00599	0.00193	0.00526	0.00626	0.00599	0.00958
106	0.00699	0.00599	0.00599	0.00599	0.00799	0.00499	0.00449	0.00849	0.01348	0.01598	0.05991	0.05691	0.75288	0.01498	0.00699	0.00200	0.00300	0.01248	0.00549	0.00499
107	0.01581	0.79572	0.03099	0.01012	0.01518	0.02340	0.01012	0.01771	0.01202	0.01391	0.00822	0.00949	0.00759	0.00506	0.00379	0.00126	0.00632	0.00316	0.00253	0.00759
108	0.01117	0.01051	0.01774	0.77795	0.04073	0.01314	0.01642	0.01511	0.01182	0.01511	0.01051	0.01577	0.00788	0.00591	0.00591	0.00197	0.00788	0.00526	0.00263	0.00657
109	0.00913	0.00612	0.00845	0.00845	0.00959	0.00690	0.00653	0.01141	0.01027	0.01592	0.01675	0.02292	0.01488	0.03448	0.56720	0.00736	0.01239	0.00612	0.21978	0.00534
110	0.01220	0.01288	0.02613	0.22088	0.03012	0.01294	0.43450	0.01631	0.01300	0.01735	0.01470	0.13278	0.01325	0.00728	0.00678	0.00205	0.00843	0.00801	0.00327	0.00713
111	0.01456	0.01397	0.02386	0.05331	0.73888	0.01403	0.01811	0.01808	0.01343	0.01922	0.01111	0.01466	0.00933	0.00528	0.00586	0.00176	0.00705	0.00527	0.00292	0.00930
112	0.01521	0.01259	0.01339	0.01197	0.01537	0.01445	0.00933	0.03131	0.71363	0.05599	0.02404	0.02198	0.01791	0.00799	0.00601	0.00200	0.00470	0.00665	0.00607	0.00939
113	0.01265	0.00990	0.01117	0.01057	0.01300	0.01087	0.00808	0.02304	0.43352	0.05548	0.11122	0.18836	0.02759	0.01112	0.00656	0.00210	0.00425	0.04674	0.00599	0.00778
114	0.01281	0.01207	0.01643	0.50455	0.06672	0.09341	0.01419	0.04589	0.01279	0.01583	0.01169	0.01819	0.00974	0.00806	0.00776	0.08787	0.00766	0.04497	0.00298	0.00640
115	0.01226	0.01051	0.01226	0.00876	0.01401	0.00788	0.00701	0.01489	0.01226	0.01927	0.01051	0.01226	0.00876	0.00438	0.00438	0.00088	0.00438	0.00350	0.00350	0.82832
116	0.00860	0.00573	0.00645	0.00645	0.00645	0.00573	0.00358	0.00860	0.00860	0.01147	0.01863	0.03870	0.02150	0.79217	0.03010	0.00573	0.00573	0.00860	0.00358	0.00358
117	0.01350	0.01289	0.02173	0.18004	0.51320	0.01370	0.03006	0.01694	0.01304	0.01838	0.04999	0.01634	0.01142	0.00608	0.00682	0.00186	0.05698	0.00558	0.00304	0.00840
118	0.23155	0.01381	0.01239	0.01108	0.01452	0.10157	0.00875	0.03962	0.36598	0.03970	0.01768	0.01901	0.01389	0.00734	0.00534	0.00188	0.00542	0.04032	0.00493	0.04521
119	0.01905	0.01380	0.01506	0.01224	0.01612	0.01518	0.00982	0.40403	0.22774	0.08673	0.05170	0.03697	0.01586	0.03942	0.00700	0.00202	0.00561	0.00639	0.00598	0.00928

[dist]
# distance from previous block
# <min> <max>
0	1

[block]
# block no. 1 follows, 39 sequences, length 35
# corresponding to MSA columns:
# 144-178
name=unknown_B
#
# <colnr> <probs for GDERKNQSTAVLIFYWHMCP>
#	G	D	E	R	K	N	Q	S	T	A	V	L	I	F	Y	W	H	M	C	P
0	0.01675	0.01088	0.01296	0.00992	0.01448	0.00950	0.00795	0.11029	0.04987	0.20024	0.01637	0.07287	0.01305	0.00667	0.00527	0.00139	0.00475	0.00547	0.00500	0.42633
1	0.01937	0.06032	0.01895	0.05341	0.13533	0.20467	0.05869	0.08875	0.11835	0.16112	0.01491	0.01553	0.01101	0.00642	0.00573	0.00175	0.00738	0.00523	0.00447	0.00861
2	0.01863	0.02168	0.01744	0.23577	0.05875	0.46663	0.01316	0.06787	0.01591	0.01638	0.00996	0.01255	0.00794	0.00607	0.00556	0.00168	0.00942	0.00439	0.00311	0.00710
3	0.00779	0.00574	0.00740	0.00846	0.00913	0.00545	0.00575	0.00974	0.05213	0.01577	0.03141	0.72063	0.03696	0.01749	0.00736	0.00233	0.00353	0.01582	0.00545	0.03166
4	0.01071	0.00712	0.00981	0.06639	0.04908	0.00709	0.00757	0.01334	0.06902	0.10000	0.02761	0.52646	0.03018	0.01492	0.00747	0.02454	0.00426	0.01307	0.00532	0.00605
5	0.43954	0.01074	0.01149	0.15542	0.01732	0.01246	0.00888	0.01614	0.01106	0.03471	0.05092	0.01397	0.01028	0.00642	0.00592	0.00184	0.08058	0.00438	0.04145	0.06646
6	0.01968	0.01046	0.01465	0.23161	0.02222	0.01073	0.01088	0.06307	0.06976	0.39690	0.07243	0.02044	0.01570	0.00730	0.00602	0.00188	0.00575	0.00611	0.00573	0.00868
7	0.01464	0.01405	0.02400	0.03630	0.75528	0.01405	0.01815	0.01815	0.01347	0.01932	0.01112	0.01464	0.00937	0.00527	0.00585	0.00176	0.00703	0.00527	0.00293	0.00937
8	0.00729	0.00580	0.00640	0.00665	0.00809	0.00506	0.00475	0.00871	0.01299	0.01624	0.12021	0.21253	0.47639	0.07119	0.00877	0.00234	0.00327	0.01296	0.00546	0.00491
9	0.00737	0.00527	0.00706	0.00843	0.00885	0.00495	0.00578	0.00853	0.01149	0.01529	0.03250	0.73559	0.03874	0.01837	0.00759	0.00243	0.00358	0.06785	0.00549	0.00485
10	0.02248	0.01656	0.01775	0.01361	0.01834	0.01834	0.01124	0.73556	0.02780	0.03727	0.01420	0.01420	0.01006	0.00710	0.00592	0.00177	0.00651	0.00532	0.00592	0.01006
11	0.24969	0.00900	0.00966	0.00859	0.01133	0.00935	0.00675	0.01804	0.10223	0.13830	0.31808	0.04794	0.03021	0.00914	0.00576	0.00188	0.00390	0.00749	0.00573	0.00695
12	0.05203	0.00743	0.00959	0.00854	0.01089	0.00679	0.00657	0.01656	0.01557	0.25677	0.35758	0.15369	0.05121	0.01135	0.00659	0.00194	0.00369	0.00985	0.00645	0.00691
13	0.00709	0.00599	0.00613	0.00609	0.00805	0.00503	0.00457	0.00868	0.01371	0.01653	0.10955	0.05600	0.70289	0.01477	0.00699	0.00199	0.00298	0.01235	0.00556	0.00503
14	0.01027	0.00514	0.00770	0.00770	0.00770	0.00514	0.00514	0.00770	0.00770	0.01027	0.01027	0.01798	0.01027	0.02054	0.02311	0.82794	0.00514	0.00514	0.00257	0.00257
15	0.08156	0.00977	0.01133	0.00944	0.01298	0.00948	0.00757	0.07296	0.11709	0.32464	0.06573	0.02966	0.20384	0.00943	0.00609	0.00189	0.00443	0.00768	0.00625	0.00818
16	0.01026	0.00709	0.00799	0.00751	0.00822	0.00726	0.00478	0.10009	0.01174	0.01577	0.07232	0.07141	0.02340	0.60004	0.02431	0.00480	0.00551	0.00873	0.00418	0.00460
17	0.00886	0.00633	0.00876	0.01013	0.01119	0.00623	0.00837	0.01110	0.01295	0.01695	0.03168	0.27454	0.03550	0.01697	0.00799	0.00263	0.00487	0.51425	0.00546	0.00526
18	0.00814	0.00563	0.00659	0.00689	0.00719	0.00545	0.00420	0.00863	0.01001	0.01327	0.06124	0.21914	0.08082	0.51226	0.02189	0.00447	0.00484	0.01095	0.00432	0.00408
19	0.01109	0.00679	0.00842	0.00841	0.00988	0.00643	0.00606	0.06451	0.01377	0.11114	0.08297	0.43566	0.10198	0.04884	0.00793	0.00230	0.00383	0.01276	0.05131	0.00591
20	0.00721	0.00530	0.00670	0.00781	0.00842	0.00486	0.00527	0.00829	0.01161	0.01515	0.03681	0.64556	0.15859	0.03841	0.00805	0.00242	0.00342	0.01587	0.00544	0.00480
21	0.01973	0.01391	0.01481	0.01166	0.01559	0.01526	0.00953	0.56222	0.02411	0.03361	0.01542	0.01608	0.01128	0.00705	0.00549	0.00168	0.00561	0.00537	0.20263	0.00897
22	0.00719	0.00521	0.00679	0.00806	0.00853	0.00482	0.00541	0.00825	0.01149	0.01516	0.03472	0.73143	0.09462	0.01825	0.00750	0.00237	0.00340	0.01648	0.00549	0.00482
23	0.01226	0.01051	0.01226	0.00876	0.01401	0.00788	0.00701	0.01489	0.01226	0.01927	0.01051	0.01226	0.00876	0.00438	0.00438	0.00088	0.00438	0.00350	0.00350	0.82832
24	0.02209	0.02819	0.01676	0.01524	0.01828	0.76843	0.01143	0.02361	0.01676	0.01447	0.00914	0.01066	0.00762	0.00609	0.00533	0.00152	0.01066	0.00381	0.00305	0.00686
25	0.00920	0.00659	0.00906	0.00990	0.01127	0.00645	0.00839	0.01194	0.01451	0.01943	0.23892	0.06022	0.04030	0.01511	0.00782	0.00247	0.00468	0.51249	0.00575	0.00548
26	0.00710	0.00600	0.00614	0.00610	0.00805	0.00504	0.00458	0.00869	0.01373	0.01658	0.11374	0.05592	0.69867	0.01475	0.00699	0.00199	0.00298	0.01234	0.00557	0.00504
27	0.00721	0.00515	0.00686	0.00823	0.00858	0.00480	0.00549	0.00823	0.01132	0.01510	0.03259	0.78831	0.03911	0.01853	0.00755	0.00240	0.00343	0.01681	0.00549	0.00480
28	0.01471	0.01270	0.01337	0.01203	0.01538	0.01471	0.00936	0.03142	0.74459	0.02474	0.02407	0.02206	0.01805	0.00802	0.00602	0.00201	0.00468	0.00669	0.00602	0.00936
29	0.02058	0.06683	0.01783	0.10082	0.02066	0.51038	0.01189	0.14695	0.01787	0.01850	0.01013	0.01179	0.00807	0.00619	0.00541	0.00160	0.00938	0.00420	0.00347	0.00742
30	0.01355	0.01343	0.02052	0.38423	0.36417	0.06930	0.01684	0.01712	0.01294	0.01698	0.01069	0.01488	0.00854	0.00563	0.00584	0.00184	0.00770	0.00515	0.00280	0.00786
31	0.01411	0.01219	0.01897	0.26749	0.19474	0.01303	0.07418	0.02036	0.15952	0.07207	0.01441	0.01678	0.01091	0.00607	0.00588	0.00182	0.00670	0.00558	0.00382	0.08136
32	0.01305	0.01217	0.01573	0.01230	0.05122	0.04541	0.09436	0.01594	0.01274	0.01900	0.01065	0.01274	0.00876	0.00458	0.00480	0.00108	0.00547	0.00402	0.00339	0.65258
33	0.01561	0.01111	0.01508	0.22389	0.08755	0.01202	0.01153	0.06034	0.19894	0.16512	0.04363	0.04220	0.05010	0.00767	0.00603	0.00190	0.00575	0.00655	0.00497	0.02999
34	0.07774	0.28904	0.04848	0.03336	0.01768	0.03096	0.05074	0.22288	0.01653	0.02269	0.01057	0.01195	0.00844	0.00582	0.00529	0.00154	0.03146	0.00421	0.00374	0.10689

[dist]
# distance from previous block
# <min> <max>
3	4

[block]
# block no. 2 follows, 39 sequences, length 52
# corresponding to MSA columns:
# 183-234
name=unknown_C
#
# <colnr> <probs for GDERKNQSTAVLIFYWHMCP>
#	G	D	E	R	K	N	Q	S	T	A	V	L	I	F	Y	W	H	M	C	P
0	0.01565	0.01482	0.02500	0.03609	0.71244	0.01462	0.04870	0.01887	0.01414	0.02026	0.01224	0.01617	0.01038	0.00599	0.00636	0.00197	0.00749	0.00569	0.00331	0.00982
1	0.01213	0.00635	0.00637	0.00632	0.00778	0.00619	0.00466	0.01454	0.01307	0.02296	0.02023	0.02339	0.01608	0.00760	0.00462	0.00159	0.00317	0.00585	0.81100	0.00609
2	0.02178	0.01498	0.01661	0.01292	0.01733	0.01634	0.01063	0.59529	0.02506	0.11751	0.01537	0.01562	0.01097	0.01020	0.06888	0.00242	0.00711	0.00548	0.00585	0.00966
3	0.01054	0.18119	0.01342	0.00934	0.04092	0.01067	0.00650	0.01133	0.00995	0.01300	0.01717	0.12910	0.01937	0.43177	0.01957	0.00393	0.05551	0.00813	0.00351	0.00506
4	0.00725	0.00517	0.00685	0.00818	0.00851	0.00483	0.00543	0.00825	0.01123	0.01498	0.03214	0.76416	0.03855	0.04345	0.00827	0.00251	0.00351	0.01655	0.00543	0.00476
5	0.01464	0.01405	0.02400	0.03630	0.75528	0.01405	0.01815	0.01815	0.01347	0.01932	0.01112	0.01464	0.00937	0.00527	0.00585	0.00176	0.00703	0.00527	0.00293	0.00937
6	0.02027	0.01546	0.01650	0.01316	0.01750	0.01730	0.01070	0.53489	0.23208	0.03370	0.01701	0.01644	0.01234	0.00736	0.00594	0.00184	0.00599	0.00571	0.00594	0.00986
7	0.01276	0.19112	0.58440	0.01570	0.02357	0.01581	0.04231	0.01852	0.01243	0.01772	0.01015	0.01197	0.00756	0.00548	0.00528	0.00175	0.00827	0.00420	0.00252	0.00847
8	0.01173	0.00648	0.00776	0.00725	0.00808	0.00622	0.00457	0.01218	0.01020	0.14452	0.02007	0.06761	0.02104	0.61947	0.02484	0.00490	0.00551	0.00848	0.00433	0.00479
9	0.83394	0.01144	0.00869	0.00778	0.01144	0.01327	0.00640	0.01738	0.01006	0.02653	0.00823	0.00961	0.00640	0.00549	0.00366	0.00183	0.00457	0.00320	0.00366	0.00640
10	0.00721	0.00515	0.00686	0.00823	0.00858	0.00480	0.00549	0.00823	0.01132	0.01510	0.03259	0.78831	0.03911	0.01853	0.00755	0.00240	0.00343	0.01681	0.00549	0.00480
11	0.00929	0.00740	0.01104	0.08177	0.06077	0.00732	0.03870	0.01219	0.01531	0.02150	0.54145	0.03722	0.04312	0.04143	0.04373	0.00238	0.00457	0.00940	0.00550	0.00593
12	0.01085	0.00568	0.00818	0.00798	0.00821	0.00576	0.00543	0.04217	0.00866	0.01155	0.01046	0.01780	0.01026	0.01991	0.02230	0.78882	0.00520	0.00515	0.00273	0.00292
13	0.01294	0.01294	0.01811	0.01553	0.01553	0.01811	0.01294	0.01423	0.00906	0.01423	0.00776	0.01294	0.00776	0.01035	0.01941	0.00259	0.78134	0.00518	0.00259	0.00647
14	0.01186	0.03059	0.76153	0.01686	0.02560	0.01373	0.02185	0.01873	0.01249	0.01873	0.01061	0.01249	0.00749	0.00562	0.00562	0.00187	0.00874	0.00437	0.00250	0.00874
15	0.00828	0.00619	0.00683	0.00667	0.00861	0.00531	0.00504	0.01005	0.01414	0.05471	0.17978	0.08430	0.54627	0.01426	0.00698	0.00200	0.00313	0.02633	0.00576	0.00535
16	0.00860	0.00626	0.00815	0.00778	0.00922	0.00589	0.00593	0.01173	0.03465	0.02335	0.68766	0.04507	0.05346	0.01226	0.00703	0.00192	0.00301	0.05594	0.00643	0.00567
17	0.02209	0.02819	0.01676	0.01524	0.01828	0.76843	0.01143	0.02361	0.01676	0.01447	0.00914	0.01066	0.00762	0.00609	0.00533	0.00152	0.01066	0.00381	0.00305	0.00686
18	0.00946	0.00770	0.01096	0.01038	0.01105	0.00951	0.00806	0.01108	0.00927	0.01351	0.01447	0.02323	0.01422	0.14668	0.49491	0.00742	0.18327	0.00641	0.00310	0.00529
19	0.00737	0.00601	0.00652	0.00639	0.00822	0.00516	0.00479	0.00923	0.01438	0.01812	0.25158	0.05339	0.55986	0.01418	0.00699	0.00196	0.00294	0.01199	0.00577	0.00516
20	0.01102	0.00551	0.00551	0.00551	0.00689	0.00551	0.00413	0.01378	0.01240	0.02205	0.01929	0.02205	0.01516	0.00689	0.00413	0.00138	0.00276	0.00551	0.82500	0.00551
21	0.01396	0.01595	0.03490	0.02493	0.03091	0.01496	0.73380	0.01894	0.01396	0.01894	0.01196	0.01595	0.00897	0.00499	0.00698	0.00199	0.00997	0.00698	0.00299	0.00798
22	0.00836	0.00594	0.00758	0.00729	0.00837	0.00557	0.00520	0.01053	0.01492	0.02096	0.57686	0.08053	0.04846	0.16038	0.01139	0.00262	0.00338	0.01060	0.00590	0.00516
23	0.00699	0.00599	0.00599	0.00599	0.00799	0.00499	0.00449	0.00849	0.01348	0.01598	0.05991	0.05691	0.75288	0.01498	0.00699	0.00200	0.00300	0.01248	0.00549	0.00499
24	0.00860	0.00573	0.00645	0.00645	0.00645	0.00573	0.00358	0.00860	0.00860	0.01147	0.01863	0.03870	0.02150	0.79217	0.03010	0.00573	0.00573	0.00860	0.00358	0.00358
25	0.01027	0.00514	0.00770	0.00770	0.00770	0.00514	0.00514	0.00770	0.00770	0.01027	0.01027	0.01798	0.01027	0.02054	0.02311	0.82794	0.00514	0.00514	0.00257	0.00257
26	0.14962	0.00778	0.00789	0.00724	0.00970	0.00752	0.00563	0.05814	0.01457	0.05239	0.17364	0.04221	0.41871	0.01200	0.00631	0.00192	0.00354	0.00984	0.00547	0.00588
27	0.02096	0.02636	0.01603	0.01459	0.01750	0.70547	0.01094	0.02259	0.01676	0.01524	0.07046	0.01343	0.01159	0.00659	0.00547	0.00155	0.01001	0.00438	0.00333	0.00675
28	0.00807	0.00551	0.00661	0.00712	0.00725	0.00538	0.00430	0.00846	0.00963	0.01284	0.02391	0.32205	0.02816	0.49974	0.02158	0.00447	0.00486	0.01170	0.00430	0.00404
29	0.00837	0.00571	0.00739	0.00788	0.00888	0.00522	0.00556	0.01003	0.01341	0.04966	0.25368	0.46083	0.10968	0.01576	0.00725	0.00217	0.00326	0.01408	0.00588	0.00528
30	0.00947	0.00695	0.00743	0.00700	0.00932	0.00622	0.00535	0.01247	0.07949	0.08260	0.08826	0.04991	0.58698	0.01353	0.00681	0.00198	0.00332	0.01130	0.00575	0.00586
31	0.00786	0.00602	0.00720	0.00690	0.00852	0.00536	0.00518	0.01017	0.01553	0.02085	0.49562	0.04890	0.31412	0.01316	0.00698	0.00191	0.00287	0.01136	0.00613	0.00536
32	0.00765	0.00620	0.00684	0.00678	0.00862	0.00545	0.00518	0.00985	0.02938	0.01815	0.22605	0.05372	0.52155	0.01422	0.00704	0.00201	0.00314	0.05716	0.00575	0.00525
33	0.00812	0.00598	0.00759	0.00731	0.00871	0.00546	0.00544	0.01063	0.01598	0.02217	0.61750	0.09368	0.14371	0.01287	0.00701	0.00191	0.00286	0.01132	0.00631	0.00546
34	0.01102	0.00551	0.00551	0.00551	0.00689	0.00551	0.00413	0.01378	0.01240	0.02205	0.01929	0.02205	0.01516	0.00689	0.00413	0.00138	0.00276	0.00551	0.82500	0.00551
35	0.00845	0.00634	0.00950	0.00950	0.01056	0.00739	0.00739	0.01056	0.00950	0.01373	0.01584	0.02323	0.01478	0.04435	0.76873	0.00950	0.01584	0.00634	0.00317	0.00528
36	0.01394	0.01117	0.01204	0.01091	0.01392	0.01240	0.00843	0.05095	0.52230	0.06060	0.04452	0.08941	0.10437	0.00971	0.00627	0.00202	0.00442	0.00819	0.00599	0.00846
37	0.00721	0.00515	0.00686	0.00823	0.00858	0.00480	0.00549	0.00823	0.01132	0.01510	0.03259	0.78831	0.03911	0.01853	0.00755	0.00240	0.00343	0.01681	0.00549	0.00480
38	0.00699	0.00599	0.00599	0.00599	0.00799	0.00499	0.00449	0.00849	0.01348	0.01598	0.05991	0.05691	0.75288	0.01498	0.00699	0.00200	0.00300	0.01248	0.00549	0.00499
39	0.01622	0.01346	0.01422	0.01234	0.01596	0.01542	0.00973	0.16866	0.60490	0.02718	0.02215	0.02053	0.01649	0.00784	0.00600	0.00196	0.00504	0.00642	0.00600	0.00950
40	0.01444	0.01419	0.02342	0.12813	0.60825	0.04094	0.04833	0.01800	0.01340	0.01860	0.01101	0.01469	0.00910	0.00537	0.00589	0.00179	0.00739	0.00529	0.00290	0.00887
41	0.01209	0.02922	0.70066	0.01846	0.08582	0.01376	0.02154	0.01868	0.01257	0.01878	0.01065	0.01266	0.00765	0.00559	0.00564	0.00186	0.00860	0.00444	0.00253	0.00879
42	0.00721	0.00515	0.00686	0.00823	0.00858	0.00480	0.00549	0.00823	0.01132	0.01510	0.03259	0.78831	0.03911	0.01853	0.00755	0.00240	0.00343	0.01681	0.00549	0.00480
43	0.00835	0.00624	0.00929	0.00940	0.01040	0.00718	0.00724	0.01037	0.00965	0.01384	0.01722	0.08638	0.01679	0.04222	0.70591	0.00892	0.01482	0.00720	0.00336	0.00524
44	0.01237	0.01187	0.02067	0.43868	0.26766	0.01320	0.07563	0.01620	0.01278	0.01721	0.04843	0.01686	0.01088	0.00594	0.00604	0.00190	0.00752	0.00568	0.00295	0.00753
45	0.02248	0.01656	0.01775	0.01361	0.01834	0.01834	0.01124	0.73556	0.02780	0.03727	0.01420	0.01420	0.01006	0.00710	0.00592	0.00177	0.00651	0.00532	0.00592	0.01006
46	0.00845	0.00634	0.00950	0.00950	0.01056	0.00739	0.00739	0.01056	0.00950	0.01373	0.01584	0.02323	0.01478	0.04435	0.76873	0.00950	0.01584	0.00634	0.00317	0.00528
47	0.01311	0.01012	0.01429	0.01506	0.15354	0.01007	0.04576	0.14229	0.01776	0.05624	0.36968	0.03180	0.05871	0.00955	0.00656	0.00186	0.00478	0.02592	0.00552	0.00738
48	0.01145	0.01080	0.01825	0.71674	0.09970	0.01321	0.01657	0.01536	0.01196	0.01546	0.01056	0.01567	0.00801	0.00586	0.00591	0.00195	0.00781	0.00526	0.00265	0.00680
49	0.01531	0.01257	0.01339	0.01196	0.01536	0.01440	0.00933	0.03129	0.70770	0.06199	0.02403	0.02197	0.01788	0.00799	0.00601	0.00200	0.00470	0.00665	0.00608	0.00940
50	0.01184	0.01110	0.01825	0.63450	0.12984	0.01336	0.01619	0.01655	0.05918	0.01626	0.01146	0.01603	0.00873	0.00597	0.00591	0.00195	0.00757	0.00535	0.00288	0.00710
51	0.51200	0.01319	0.01142	0.00962	0.01344	0.05221	0.00785	0.19613	0.01524	0.06306	0.01103	0.01192	0.00820	0.00608	0.00444	0.00178	0.00529	0.00401	0.04564	0.00746

[dist]
# distance from previous block
# <min> <max>
4	21

[block]
# block no. 3 follows, 39 sequences, length 36
# corresponding to MSA columns:
# 256-291
name=unknown_D
#
# <colnr> <probs for GDERKNQSTAVLIFYWHMCP>
#	G	D	E	R	K	N	Q	S	T	A	V	L	I	F	Y	W	H	M	C	P
0	0.06864	0.01188	0.01437	0.01172	0.05287	0.03775	0.04655	0.06222	0.01393	0.07933	0.04662	0.01461	0.01135	0.00549	0.00525	0.00128	0.02202	0.00445	0.00402	0.48564
1	0.01347	0.01431	0.05975	0.35802	0.35583	0.06339	0.01715	0.01721	0.01291	0.01713	0.01070	0.01475	0.00850	0.00562	0.00583	0.00184	0.00773	0.00512	0.00278	0.00795
2	0.01387	0.01327	0.02262	0.20055	0.59703	0.01385	0.01777	0.01748	0.01310	0.01839	0.01099	0.01489	0.00904	0.00541	0.00587	0.00180	0.00722	0.00527	0.00286	0.00875
3	0.01543	0.01400	0.02147	0.07721	0.50195	0.01486	0.01601	0.11914	0.08140	0.02179	0.01252	0.01523	0.01007	0.00607	0.00657	0.00184	0.04631	0.00540	0.00359	0.00914
4	0.00830	0.00612	0.00781	0.00760	0.00908	0.00563	0.00584	0.01091	0.01596	0.02201	0.58073	0.04830	0.14985	0.01294	0.00710	0.00197	0.00310	0.08500	0.00626	0.00548
5	0.02173	0.02591	0.01782	0.01550	0.01893	0.62349	0.04826	0.12445	0.01818	0.01794	0.01000	0.01144	0.00803	0.00618	0.00550	0.00158	0.01004	0.00419	0.00345	0.00737
6	0.05419	0.00689	0.00823	0.00761	0.00973	0.00627	0.00587	0.01317	0.01512	0.12772	0.34782	0.07289	0.25471	0.01231	0.00672	0.00194	0.00338	0.03327	0.00610	0.00606
7	0.01672	0.01811	0.02164	0.05631	0.51175	0.23740	0.01610	0.01966	0.01438	0.01774	0.01052	0.01350	0.00880	0.00554	0.00570	0.00170	0.00813	0.00484	0.00295	0.00852
8	0.00837	0.00604	0.00790	0.00744	0.00883	0.00558	0.00558	0.01116	0.01674	0.02371	0.75216	0.04417	0.05580	0.01209	0.00697	0.00186	0.00279	0.01069	0.00651	0.00558
9	0.00860	0.00573	0.00645	0.00645	0.00645	0.00573	0.00358	0.00860	0.00860	0.01147	0.01863	0.03870	0.02150	0.79217	0.03010	0.00573	0.00573	0.00860	0.00358	0.00358
10	0.00704	0.00578	0.00621	0.00655	0.00813	0.00495	0.00474	0.00842	0.01294	0.01576	0.05311	0.23897	0.57521	0.01586	0.00713	0.00210	0.00310	0.01356	0.00549	0.00495
11	0.00752	0.00601	0.00673	0.00655	0.00831	0.00522	0.00491	0.00952	0.01474	0.01896	0.32666	0.05200	0.48426	0.01386	0.00698	0.00194	0.00292	0.01179	0.00588	0.00522
12	0.00704	0.00578	0.00621	0.00655	0.00813	0.00495	0.00474	0.00842	0.01294	0.01576	0.05311	0.23897	0.57521	0.01586	0.00713	0.00210	0.00310	0.01356	0.00549	0.00495
13	0.05624	0.01011	0.01354	0.01042	0.01496	0.00886	0.00861	0.02840	0.01667	0.73241	0.02278	0.01974	0.01434	0.00725	0.00586	0.00183	0.00502	0.00585	0.00718	0.00993
14	0.00837	0.00604	0.00790	0.00744	0.00883	0.00558	0.00558	0.01116	0.01674	0.02371	0.75216	0.04417	0.05580	0.01209	0.00697	0.00186	0.00279	0.01069	0.00651	0.00558
15	0.00860	0.00573	0.00645	0.00645	0.00645	0.00573	0.00358	0.00860	0.00860	0.01147	0.01863	0.03870	0.02150	0.79217	0.03010	0.00573	0.00573	0.00860	0.00358	0.00358
16	0.00860	0.00573	0.00645	0.00645	0.00645	0.00573	0.00358	0.00860	0.00860	0.01147	0.01863	0.03870	0.02150	0.79217	0.03010	0.00573	0.00573	0.00860	0.00358	0.00358
17	0.00755	0.00619	0.00669	0.00659	0.00844	0.00543	0.00493	0.00981	0.03786	0.01794	0.21109	0.07884	0.54938	0.01424	0.00697	0.00198	0.00302	0.01205	0.00573	0.00526
18	0.01102	0.00551	0.00551	0.00551	0.00689	0.00551	0.00413	0.01378	0.01240	0.02205	0.01929	0.02205	0.01516	0.00689	0.00413	0.00138	0.00276	0.00551	0.82500	0.00551
19	0.00860	0.00573	0.00645	0.00645	0.00645	0.00573	0.00358	0.00860	0.00860	0.01147	0.01863	0.03870	0.02150	0.79217	0.03010	0.00573	0.00573	0.00860	0.00358	0.00358
20	0.00837	0.00604	0.00790	0.00744	0.00883	0.00558	0.00558	0.01116	0.01674	0.02371	0.75216	0.04417	0.05580	0.01209	0.00697	0.00186	0.00279	0.01069	0.00651	0.00558
21	0.01226	0.01051	0.01226	0.00876	0.01401	0.00788	0.00701	0.01489	0.01226	0.01927	0.01051	0.01226	0.00876	0.00438	0.00438	0.00088	0.00438	0.00350	0.00350	0.82832
22	0.00860	0.00573	0.00645	0.00645	0.00645	0.00573	0.00358	0.00860	0.00860	0.01147	0.01863	0.03870	0.02150	0.79217	0.03010	0.00573	0.00573	0.00860	0.00358	0.00358
23	0.01294	0.01294	0.01811	0.01553	0.01553	0.01811	0.01294	0.01423	0.00906	0.01423	0.00776	0.01294	0.00776	0.01035	0.01941	0.00259	0.78134	0.00518	0.00259	0.00647
24	0.00860	0.00573	0.00645	0.00645	0.00645	0.00573	0.00358	0.00860	0.00860	0.01147	0.01863	0.03870	0.02150	0.79217	0.03010	0.00573	0.00573	0.00860	0.00358	0.00358
25	0.02606	0.01017	0.01371	0.01058	0.01511	0.00893	0.00872	0.02892	0.04575	0.73027	0.02336	0.02021	0.01477	0.00735	0.00595	0.00184	0.00502	0.00598	0.00727	0.01004
26	0.01133	0.01068	0.01803	0.74294	0.07446	0.01318	0.01651	0.01525	0.01190	0.01531	0.01054	0.01571	0.00795	0.00588	0.00591	0.00196	0.00784	0.00526	0.00264	0.00670
27	0.00734	0.00600	0.00648	0.00636	0.00821	0.00514	0.00477	0.00917	0.01432	0.01796	0.23781	0.05364	0.57373	0.01424	0.00699	0.00196	0.00294	0.01202	0.00575	0.00514
28	0.01226	0.01051	0.01226	0.00876	0.01401	0.00788	0.00701	0.01489	0.01226	0.01927	0.01051	0.01226	0.00876	0.00438	0.00438	0.00088	0.00438	0.00350	0.00350	0.82832
29	0.00845	0.00634	0.00950	0.00950	0.01056	0.00739	0.00739	0.01056	0.00950	0.01373	0.01584	0.02323	0.01478	0.04435	0.76873	0.00950	0.01584	0.00634	0.00317	0.00528
30	0.01471	0.01270	0.01337	0.01203	0.01538	0.01471	0.00936	0.03142	0.74459	0.02474	0.02407	0.02206	0.01805	0.00802	0.00602	0.00201	0.00468	0.00669	0.00602	0.00936
31	0.00754	0.00553	0.00716	0.00834	0.00908	0.00515	0.00599	0.00890	0.01198	0.01563	0.03617	0.57328	0.13696	0.01769	0.00757	0.00240	0.00369	0.12654	0.00548	0.00493
