[name]
unknown

[dist]
# distance from previous block
# <min> <max>
0	62

[block]
# block no. 0 follows, 39 sequences, length 43
# corresponding to MSA columns:
# 68-110
name=unknown_A
#
# <colnr> <probs for GDERKNQSTAVLIFYWHMCP>
#	G	D	E	R	K	N	Q	S	T	A	V	L	I	F	Y	W	H	M	C	P
0	0.01432	0.01217	0.01290	0.01155	0.01478	0.01388	0.00899	0.06042	0.63629	0.02480	0.06540	0.02467	0.05648	0.00855	0.00611	0.00199	0.00457	0.00714	0.00601	0.00897
1	0.01212	0.01036	0.01211	0.00874	0.01386	0.00780	0.00696	0.01470	0.01224	0.01915	0.01113	0.03398	0.00961	0.00478	0.00447	0.00092	0.00435	0.00388	0.00356	0.80528
2	0.01027	0.00514	0.00770	0.00770	0.00770	0.00514	0.00514	0.00770	0.00770	0.01027	0.01027	0.01798	0.01027	0.02054	0.02311	0.82794	0.00514	0.00514	0.00257	0.00257
3	0.01102	0.00551	0.00551	0.00551	0.00689	0.00551	0.00413	0.01378	0.01240	0.02205	0.01929	0.02205	0.01516	0.00689	0.00413	0.00138	0.00276	0.00551	0.82500	0.00551
4	0.02347	0.01498	0.01677	0.01285	0.01755	0.01599	0.01062	0.56323	0.02515	0.21334	0.01643	0.01564	0.01117	0.00715	0.00592	0.00179	0.00615	0.00548	0.00626	0.01006
5	0.01255	0.01068	0.01242	0.00890	0.01414	0.00818	0.00713	0.03520	0.01270	0.01978	0.01061	0.01232	0.00880	0.00446	0.00442	0.00090	0.00444	0.00356	0.00357	0.80526
6	0.00716	0.00599	0.00625	0.00628	0.00817	0.00507	0.00472	0.00877	0.01367	0.01659	0.11212	0.07718	0.66174	0.01489	0.00703	0.00201	0.00305	0.02870	0.00557	0.00504
7	0.01464	0.01405	0.02400	0.03630	0.75528	0.01405	0.01815	0.01815	0.01347	0.01932	0.01112	0.01464	0.00937	0.00527	0.00585	0.00176	0.00703	0.00527	0.00293	0.00937
8	0.00825	0.00600	0.00777	0.00741	0.00878	0.00552	0.00553	0.01090	0.01633	0.02295	0.68593	0.08011	0.08727	0.01253	0.00700	0.00189	0.00283	0.01107	0.00641	0.00552
9	0.01464	0.01405	0.02400	0.03630	0.75528	0.01405	0.01815	0.01815	0.01347	0.01932	0.01112	0.01464	0.00937	0.00527	0.00585	0.00176	0.00703	0.00527	0.00293	0.00937
10	0.01288	0.01331	0.01321	0.01226	0.01359	0.20285	0.00961	0.01467	0.01125	0.01403	0.01239	0.01782	0.01145	0.02729	0.41301	0.00598	0.18001	0.00544	0.00301	0.00594
11	0.83394	0.01144	0.00869	0.00778	0.01144	0.01327	0.00640	0.01738	0.01006	0.02653	0.00823	0.00961	0.00640	0.00549	0.00366	0.00183	0.00457	0.00320	0.00366	0.00640
12	0.01489	0.58139	0.02656	0.01099	0.01487	0.04628	0.01029	0.01671	0.01151	0.01396	0.00895	0.01138	0.00833	0.00975	0.08220	0.00228	0.11609	0.00378	0.00262	0.00718
13	0.01173	0.00679	0.00898	0.00801	0.00999	0.00616	0.00616	0.01442	0.01677	0.15972	0.61741	0.03973	0.04819	0.01121	0.00678	0.00185	0.00320	0.00982	0.00666	0.00641
14	0.05824	0.01058	0.01277	0.05555	0.01499	0.02852	0.00929	0.18060	0.07673	0.02092	0.01487	0.01906	0.01259	0.02569	0.38579	0.00569	0.05136	0.00578	0.00401	0.00696
15	0.01102	0.00551	0.00551	0.00551	0.00689	0.00551	0.00413	0.01378	0.01240	0.02205	0.01929	0.02205	0.01516	0.00689	0.00413	0.00138	0.00276	0.00551	0.82500	0.00551
16	0.01221	0.01118	0.01813	0.59053	0.03524	0.01348	0.05458	0.07651	0.01346	0.01767	0.05376	0.01716	0.01090	0.00653	0.00667	0.00198	0.04433	0.00567	0.00315	0.00688
17	0.02245	0.01169	0.01413	0.01137	0.01559	0.01173	0.00922	0.11931	0.23791	0.44602	0.02239	0.01996	0.01509	0.00750	0.00596	0.00188	0.00511	0.00609	0.00675	0.00985
18	0.01226	0.01051	0.01226	0.00876	0.01401	0.00788	0.00701	0.01489	0.01226	0.01927	0.01051	0.01226	0.00876	0.00438	0.00438	0.00088	0.00438	0.00350	0.00350	0.82832
19	0.01241	0.01316	0.03876	0.24886	0.02975	0.01339	0.33947	0.01645	0.01246	0.01706	0.01145	0.01597	0.00902	0.00893	0.07220	0.00258	0.05849	0.00597	0.00290	0.07072
20	0.76472	0.01187	0.00946	0.00827	0.01203	0.01370	0.00682	0.07865	0.01158	0.02745	0.00874	0.01000	0.00672	0.00563	0.00385	0.00183	0.00474	0.00338	0.00385	0.00672
21	0.51663	0.01765	0.23666	0.01101	0.01630	0.01384	0.01148	0.07905	0.01231	0.02509	0.00946	0.01087	0.00704	0.00567	0.00444	0.00184	0.00600	0.00374	0.00350	0.00742
22	0.00990	0.00864	0.01237	0.05330	0.01406	0.04288	0.04545	0.01216	0.01014	0.01415	0.01430	0.02093	0.01313	0.03536	0.58403	0.00771	0.08667	0.00609	0.00307	0.00567
23	0.00839	0.00624	0.00919	0.00926	0.01022	0.00716	0.00707	0.01033	0.00954	0.01367	0.01685	0.06295	0.01641	0.08638	0.68730	0.00893	0.01462	0.00700	0.00331	0.00516
24	0.01388	0.01322	0.02246	0.13663	0.58240	0.01360	0.03676	0.01775	0.02978	0.01877	0.01238	0.01764	0.01060	0.00597	0.00601	0.00185	0.00709	0.04138	0.00309	0.00874
25	0.01804	0.01968	0.01490	0.01348	0.01669	0.35444	0.01029	0.02790	0.41653	0.02011	0.01734	0.01693	0.01335	0.00715	0.00571	0.00179	0.00738	0.00539	0.00468	0.00823
26	0.01889	0.00863	0.01145	0.00940	0.01268	0.00778	0.00752	0.02209	0.05320	0.43686	0.30653	0.02957	0.03080	0.00921	0.00635	0.00185	0.00414	0.00783	0.00694	0.00829
27	0.00828	0.00622	0.00883	0.01113	0.07297	0.00597	0.00733	0.00984	0.01194	0.01595	0.03052	0.58599	0.03562	0.01698	0.00752	0.00241	0.00412	0.14782	0.00526	0.00531
28	0.83394	0.01144	0.00869	0.00778	0.01144	0.01327	0.00640	0.01738	0.01006	0.02653	0.00823	0.00961	0.00640	0.00549	0.00366	0.00183	0.00457	0.00320	0.00366	0.00640
29	0.01780	0.01217	0.01358	0.01171	0.01539	0.01335	0.00925	0.05103	0.54730	0.20348	0.02361	0.02137	0.01699	0.00783	0.00600	0.00196	0.00482	0.00647	0.00633	0.00955
30	0.01131	0.01066	0.01800	0.74709	0.07047	0.01318	0.01650	0.01524	0.01189	0.01528	0.01054	0.01572	0.00795	0.00589	0.00591	0.00196	0.00785	0.00526	0.00264	0.00669
31	0.01102	0.00551	0.00551	0.00551	0.00689	0.00551	0.00413	0.01378	0.01240	0.02205	0.01929	0.02205	0.01516	0.00689	0.00413	0.00138	0.00276	0.00551	0.82500	0.00551
32	0.01606	0.53966	0.02807	0.01694	0.19590	0.08467	0.01219	0.01832	0.01277	0.01528	0.00901	0.01084	0.00803	0.00520	0.00443	0.00141	0.00687	0.00373	0.00267	0.00796
33	0.00704	0.00599	0.00606	0.00604	0.00802	0.00501	0.00453	0.00858	0.01359	0.01624	0.08334	0.05648	0.72928	0.01488	0.00699	0.00199	0.00299	0.01242	0.00553	0.00501
34	0.01094	0.01015	0.01704	0.71240	0.03816	0.01265	0.01565	0.01472	0.01163	0.01499	0.01097	0.01640	0.00847	0.00919	0.07098	0.00261	0.00856	0.00535	0.00267	0.00646
35	0.01102	0.00551	0.00551	0.00551	0.00689	0.00551	0.00413	0.01378	0.01240	0.02205	0.01929	0.02205	0.01516	0.00689	0.00413	0.00138	0.00276	0.00551	0.82500	0.00551
36	0.01357	0.01413	0.02752	0.19461	0.27209	0.01426	0.33959	0.01784	0.01333	0.01822	0.01137	0.01548	0.00886	0.00528	0.00637	0.00191	0.00854	0.00604	0.00289	0.00813
37	0.01404	0.01360	0.02343	0.14978	0.53736	0.01403	0.08229	0.01848	0.05340	0.01893	0.01182	0.01534	0.00958	0.00550	0.00597	0.00183	0.00730	0.00550	0.00306	0.00880
38	0.83394	0.01144	0.00869	0.00778	0.01144	0.01327	0.00640	0.01738	0.01006	0.02653	0.00823	0.00961	0.00640	0.00549	0.00366	0.00183	0.00457	0.00320	0.00366	0.00640
39	0.00845	0.00634	0.00950	0.00950	0.01056	0.00739	0.00739	0.01056	0.00950	0.01373	0.01584	0.02323	0.01478	0.04435	0.76873	0.00950	0.01584	0.00634	0.00317	0.00528
40	0.01186	0.03059	0.76153	0.01686	0.02560	0.01373	0.02185	0.01873	0.01249	0.01873	0.01061	0.01249	0.00749	0.00562	0.00562	0.00187	0.00874	0.00437	0.00250	0.00874
41	0.00995	0.00686	0.00857	0.00898	0.01014	0.00677	0.00637	0.07737	0.05062	0.05257	0.07175	0.59961	0.03521	0.01605	0.00721	0.00227	0.00381	0.01439	0.00570	0.00581
42	0.01371	0.01454	0.02204	0.01775	0.01936	0.06084	0.18504	0.01590	0.01067	0.01537	0.00885	0.01353	0.00804	0.00882	0.01562	0.00238	0.55242	0.00553	0.00271	0.00685

[dist]
# distance from previous block
# <min> <max>
0	1

[block]
# block no. 1 follows, 39 sequences, length 20
# corresponding to MSA columns:
# 112-131
name=unknown_B
#
# <colnr> <probs for GDERKNQSTAVLIFYWHMCP>
#	G	D	E	R	K	N	Q	S	T	A	V	L	I	F	Y	W	H	M	C	P
0	0.02024	0.01625	0.01609	0.01276	0.01702	0.11599	0.01032	0.46176	0.02246	0.06372	0.01365	0.01452	0.01018	0.00974	0.06896	0.00228	0.00752	0.00502	0.00508	0.10644
1	0.01997	0.01566	0.01924	0.01442	0.01939	0.01647	0.10500	0.54363	0.02388	0.03242	0.01340	0.01416	0.00974	0.00645	0.00585	0.00168	0.00667	0.00529	0.00520	0.12147
2	0.01234	0.01861	0.24913	0.01913	0.02472	0.01336	0.34569	0.01702	0.01272	0.01801	0.01378	0.11241	0.01224	0.00732	0.00760	0.00203	0.07262	0.00719	0.00314	0.03096
3	0.00766	0.00556	0.00723	0.00777	0.00864	0.00513	0.00546	0.00943	0.01365	0.01863	0.32454	0.44062	0.09230	0.01570	0.00728	0.00216	0.00314	0.01406	0.00590	0.00513
4	0.00776	0.00606	0.00705	0.00690	0.00859	0.00535	0.00524	0.00992	0.01501	0.01968	0.38240	0.05142	0.39256	0.01369	0.00704	0.00197	0.00302	0.04510	0.00597	0.00529
5	0.01102	0.00551	0.00551	0.00551	0.00689	0.00551	0.00413	0.01378	0.01240	0.02205	0.01929	0.02205	0.01516	0.00689	0.00413	0.00138	0.00276	0.00551	0.82500	0.00551
6	0.01206	0.01229	0.02490	0.01929	0.02341	0.01165	0.45425	0.01603	0.01364	0.01825	0.01953	0.09540	0.01906	0.00954	0.00739	0.00225	0.00806	0.22213	0.00394	0.00695
7	0.02300	0.01515	0.05101	0.01278	0.01762	0.01511	0.01091	0.46922	0.04333	0.25452	0.01706	0.01613	0.01154	0.00712	0.00591	0.00180	0.00612	0.00551	0.00618	0.00998
8	0.02086	0.11011	0.01829	0.01404	0.01771	0.45796	0.01107	0.18015	0.07880	0.02027	0.01138	0.01225	0.00901	0.00636	0.00535	0.00159	0.00877	0.00431	0.00387	0.00785
9	0.01438	0.01379	0.02354	0.09149	0.70210	0.01398	0.01802	0.01792	0.01334	0.01901	0.01108	0.01472	0.00926	0.00532	0.00586	0.00177	0.00709	0.00527	0.00291	0.00916
10	0.01185	0.01160	0.01944	0.52623	0.03382	0.01449	0.08294	0.01526	0.01137	0.01526	0.01000	0.01511	0.00796	0.00688	0.00922	0.00212	0.19173	0.00540	0.00265	0.00668
11	0.01027	0.00514	0.00770	0.00770	0.00770	0.00514	0.00514	0.00770	0.00770	0.01027	0.01027	0.01798	0.01027	0.02054	0.02311	0.82794	0.00514	0.00514	0.00257	0.00257
12	0.02248	0.01656	0.01775	0.01361	0.01834	0.01834	0.01124	0.73556	0.02780	0.03727	0.01420	0.01420	0.01006	0.00710	0.00592	0.00177	0.00651	0.00532	0.00592	0.01006
13	0.21536	0.37604	0.02171	0.01069	0.01504	0.01944	0.00965	0.18787	0.01512	0.02253	0.00962	0.01083	0.00790	0.00595	0.00516	0.00160	0.05025	0.00380	0.00361	0.00782
14	0.01695	0.01670	0.02195	0.02970	0.53232	0.13719	0.01609	0.11954	0.01601	0.02105	0.01123	0.01393	0.00918	0.00566	0.00578	0.00172	0.00754	0.00504	0.00337	0.00906
15	0.00838	0.00612	0.00829	0.00804	0.00922	0.00621	0.00602	0.01067	0.01345	0.01900	0.41541	0.03676	0.05764	0.08816	0.27478	0.00485	0.00759	0.00905	0.00507	0.00529
16	0.01333	0.07318	0.01086	0.00827	0.01108	0.00841	0.00658	0.07377	0.01501	0.18091	0.04007	0.14119	0.36989	0.01230	0.00648	0.00194	0.00407	0.01027	0.00568	0.00672
17	0.01102	0.00551	0.00551	0.00551	0.00689	0.00551	0.00413	0.01378	0.01240	0.02205	0.01929	0.02205	0.01516	0.00689	0.00413	0.00138	0.00276	0.00551	0.82500	0.00551
18	0.01389	0.01349	0.02313	0.15440	0.53646	0.01429	0.05855	0.01738	0.01286	0.01819	0.01079	0.01476	0.00897	0.00578	0.00705	0.00187	0.07132	0.00536	0.00285	0.00859
19	0.01438	0.02097	0.25457	0.02268	0.02933	0.01521	0.48424	0.01943	0.01403	0.01973	0.01253	0.01631	0.00955	0.00610	0.00739	0.00218	0.03299	0.00646	0.00322	0.00872

[dist]
# distance from previous block
# <min> <max>
0	59

[block]
# block no. 2 follows, 39 sequences, length 41
# corresponding to MSA columns:
# 191-231
name=unknown_C
#
# <colnr> <probs for GDERKNQSTAVLIFYWHMCP>
#	G	D	E	R	K	N	Q	S	T	A	V	L	I	F	Y	W	H	M	C	P
0	0.00845	0.00638	0.00800	0.00857	0.00999	0.00606	0.00678	0.01110	0.04149	0.01822	0.17659	0.19064	0.21614	0.01527	0.00745	0.00229	0.00393	0.25157	0.00569	0.00539
1	0.01268	0.19004	0.60929	0.01545	0.02342	0.01575	0.01941	0.01852	0.01239	0.01772	0.01011	0.01186	0.00751	0.00550	0.00524	0.00175	0.00824	0.00412	0.00250	0.00850
2	0.01359	0.01047	0.01240	0.00892	0.01412	0.00796	0.00716	0.01619	0.01270	0.08834	0.01171	0.01300	0.00931	0.00465	0.00453	0.00096	0.00444	0.00373	0.00386	0.75195
3	0.01226	0.01051	0.01226	0.00876	0.01401	0.00788	0.00701	0.01489	0.01226	0.01927	0.01051	0.01226	0.00876	0.00438	0.00438	0.00088	0.00438	0.00350	0.00350	0.82832
4	0.01116	0.01020	0.01685	0.54988	0.12366	0.01198	0.01492	0.01484	0.01274	0.01685	0.10528	0.02181	0.01545	0.00714	0.00615	0.00197	0.00701	0.04209	0.00330	0.00673
5	0.00699	0.00599	0.00599	0.00599	0.00799	0.00499	0.00449	0.00849	0.01348	0.01598	0.05991	0.05691	0.75288	0.01498	0.00699	0.00200	0.00300	0.01248	0.00549	0.00499
6	0.01455	0.01431	0.02547	0.03476	0.65751	0.01417	0.11474	0.01826	0.01353	0.01927	0.01124	0.01481	0.00931	0.00523	0.00601	0.00179	0.00742	0.00550	0.00294	0.00918
7	0.01102	0.00551	0.00551	0.00551	0.00689	0.00551	0.00413	0.01378	0.01240	0.02205	0.01929	0.02205	0.01516	0.00689	0.00413	0.00138	0.00276	0.00551	0.82500	0.00551
8	0.01226	0.01051	0.01226	0.00876	0.01401	0.00788	0.00701	0.01489	0.01226	0.01927	0.01051	0.01226	0.00876	0.00438	0.00438	0.00088	0.00438	0.00350	0.00350	0.82832
9	0.02188	0.01841	0.01727	0.01379	0.01813	0.15428	0.01115	0.55813	0.07483	0.03227	0.01396	0.01409	0.01016	0.00698	0.00582	0.00174	0.00714	0.00514	0.00540	0.00943
10	0.00819	0.00594	0.00772	0.00747	0.00877	0.00547	0.00553	0.01074	0.01602	0.02247	0.64675	0.12650	0.08041	0.01291	0.00704	0.00192	0.00287	0.01144	0.00636	0.00547
11	0.01464	0.01405	0.02400	0.03630	0.75528	0.01405	0.01815	0.01815	0.01347	0.01932	0.01112	0.01464	0.00937	0.00527	0.00585	0.00176	0.00703	0.00527	0.00293	0.00937
12	0.01277	0.20690	0.59319	0.01530	0.02320	0.01596	0.01915	0.01849	0.01238	0.01762	0.01006	0.01179	0.00751	0.00549	0.00520	0.00173	0.00818	0.00409	0.00250	0.00847
13	0.01248	0.01185	0.02010	0.49828	0.31018	0.01348	0.01707	0.01626	0.01244	0.01670	0.01074	0.01534	0.00844	0.00567	0.00589	0.00189	0.00756	0.00526	0.00274	0.00762
14	0.00863	0.00658	0.00736	0.00721	0.00890	0.00617	0.00535	0.01113	0.09213	0.01649	0.10076	0.04486	0.45796	0.01509	0.01001	0.16069	0.00363	0.02692	0.00507	0.00506
15	0.02653	0.01006	0.01372	0.01052	0.01510	0.00869	0.00869	0.02882	0.01693	0.75937	0.02333	0.02013	0.01464	0.00732	0.00595	0.00183	0.00503	0.00595	0.00732	0.01006
16	0.01186	0.03059	0.76153	0.01686	0.02560	0.01373	0.02185	0.01873	0.01249	0.01873	0.01061	0.01249	0.00749	0.00562	0.00562	0.00187	0.00874	0.00437	0.00250	0.00874
17	0.01226	0.01051	0.01226	0.00876	0.01401	0.00788	0.00701	0.01489	0.01226	0.01927	0.01051	0.01226	0.00876	0.00438	0.00438	0.00088	0.00438	0.00350	0.00350	0.82832
18	0.19094	0.02406	0.05286	0.01357	0.01710	0.54106	0.01080	0.02228	0.01515	0.04817	0.00962	0.01093	0.00765	0.00599	0.00502	0.00162	0.00906	0.00380	0.00332	0.00699
19	0.01464	0.01405	0.02400	0.03630	0.75528	0.01405	0.01815	0.01815	0.01347	0.01932	0.01112	0.01464	0.00937	0.00527	0.00585	0.00176	0.00703	0.00527	0.00293	0.00937
20	0.00725	0.00518	0.00690	0.00820	0.00859	0.00483	0.00549	0.00835	0.01153	0.01543	0.06015	0.75981	0.03975	0.01828	0.00753	0.00238	0.00341	0.01658	0.00553	0.00483
21	0.01471	0.01270	0.01337	0.01203	0.01538	0.01471	0.00936	0.03142	0.74459	0.02474	0.02407	0.02206	0.01805	0.00802	0.00602	0.00201	0.00468	0.00669	0.00602	0.00936
22	0.01426	0.00735	0.00975	0.00841	0.01085	0.00658	0.00657	0.01685	0.01671	0.26348	0.49571	0.03667	0.06121	0.01061	0.00664	0.00185	0.00353	0.00919	0.00675	0.00703
23	0.01137	0.01072	0.01810	0.73506	0.08206	0.01319	0.01652	0.01529	0.01192	0.01535	0.01055	0.01570	0.00797	0.00588	0.00591	0.00196	0.00783	0.00526	0.00265	0.00673
24	0.00842	0.00608	0.00798	0.00760	0.00900	0.00564	0.00577	0.01121	0.01659	0.02343	0.71827	0.04523	0.05478	0.01229	0.00703	0.00190	0.00291	0.04383	0.00646	0.00557
25	0.01844	0.01396	0.01495	0.01213	0.01580	0.01553	0.00961	0.44971	0.20408	0.03024	0.01734	0.01987	0.01378	0.12595	0.00960	0.00243	0.00593	0.00616	0.00559	0.00890
26	0.01027	0.00514	0.00770	0.00770	0.00770	0.00514	0.00514	0.00770	0.00770	0.01027	0.01027	0.01798	0.01027	0.02054	0.02311	0.82794	0.00514	0.00514	0.00257	0.00257
27	0.01381	0.40824	0.40095	0.01353	0.02045	0.01850	0.01606	0.01822	0.01225	0.01635	0.00943	0.01101	0.00754	0.00534	0.00472	0.00157	0.00755	0.00377	0.00251	0.00817
28	0.01495	0.01282	0.01351	0.01208	0.01547	0.01482	0.00942	0.05323	0.72240	0.02513	0.02376	0.02182	0.01780	0.00799	0.00601	0.00200	0.00474	0.00664	0.00601	0.00938
29	0.01226	0.01051	0.01226	0.00876	0.01401	0.00788	0.00701	0.01489	0.01226	0.01927	0.01051	0.01226	0.00876	0.00438	0.00438	0.00088	0.00438	0.00350	0.00350	0.82832
30	0.01186	0.03059	0.76153	0.01686	0.02560	0.01373	0.02185	0.01873	0.01249	0.01873	0.01061	0.01249	0.00749	0.00562	0.00562	0.00187	0.00874	0.00437	0.00250	0.00874
31	0.83394	0.01144	0.00869	0.00778	0.01144	0.01327	0.00640	0.01738	0.01006	0.02653	0.00823	0.00961	0.00640	0.00549	0.00366	0.00183	0.00457	0.00320	0.00366	0.00640
32	0.01101	0.01004	0.01653	0.54927	0.11230	0.01179	0.01453	0.01468	0.01295	0.01722	0.15307	0.02110	0.01725	0.00703	0.00611	0.00193	0.00681	0.00630	0.00341	0.00668
33	0.01581	0.79572	0.03099	0.01012	0.01518	0.02340	0.01012	0.01771	0.01202	0.01391	0.00822	0.00949	0.00759	0.00506	0.00379	0.00126	0.00632	0.00316	0.00253	0.00759
34	0.07144	0.01246	0.01307	0.01166	0.01509	0.01426	0.00912	0.03031	0.65226	0.06735	0.02294	0.02110	0.01706	0.00781	0.00585	0.00198	0.00469	0.00640	0.00593	0.00920
35	0.02653	0.01006	0.01372	0.01052	0.01510	0.00869	0.00869	0.02882	0.01693	0.75937	0.02333	0.02013	0.01464	0.00732	0.00595	0.00183	0.00503	0.00595	0.00732	0.01006
36	0.01581	0.79572	0.03099	0.01012	0.01518	0.02340	0.01012	0.01771	0.01202	0.01391	0.00822	0.00949	0.00759	0.00506	0.00379	0.00126	0.00632	0.00316	0.00253	0.00759
37	0.83394	0.01144	0.00869	0.00778	0.01144	0.01327	0.00640	0.01738	0.01006	0.02653	0.00823	0.00961	0.00640	0.00549	0.00366	0.00183	0.00457	0.00320	0.00366	0.00640
38	0.00748	0.00634	0.00650	0.00640	0.00842	0.00553	0.00482	0.00984	0.05091	0.01695	0.10544	0.05427	0.66779	0.01443	0.00694	0.00199	0.00307	0.01206	0.00559	0.00525
39	0.00721	0.00515	0.00686	0.00823	0.00858	0.00480	0.00549	0.00823	0.01132	0.01510	0.03259	0.78831	0.03911	0.01853	0.00755	0.00240	0.00343	0.01681	0.00549	0.00480
40	0.01471	0.01270	0.01337	0.01203	0.01538	0.01471	0.00936	0.03142	0.74459	0.02474	0.02407	0.02206	0.01805	0.00802	0.00602	0.00201	0.00468	0.00669	0.00602	0.00936

[dist]
# distance from previous block
# <min> <max>
3	47

[block]
# block no. 3 follows, 39 sequences, length 55
# corresponding to MSA columns:
# 279-333
name=unknown_D
#
# <colnr> <probs for GDERKNQSTAVLIFYWHMCP>
#	G	D	E	R	K	N	Q	S	T	A	V	L	I	F	Y	W	H	M	C	P
0	0.00758	0.00566	0.00760	0.00872	0.00904	0.00568	0.00598	0.00863	0.01117	0.01504	0.03096	0.73714	0.03704	0.01799	0.00833	0.00241	0.05477	0.01604	0.00530	0.00491
1	0.01911	0.01996	0.01503	0.01314	0.01577	0.39753	0.00995	0.15813	0.01680	0.04436	0.01228	0.01706	0.01093	0.15275	0.01115	0.00245	0.06766	0.00517	0.00382	0.00695
2	0.02210	0.01021	0.01321	0.01013	0.01457	0.00888	0.00828	0.06860	0.01672	0.51513	0.08169	0.02032	0.01672	0.00716	0.00574	0.00165	0.00481	0.00585	0.00646	0.16176
3	0.01280	0.01083	0.01255	0.00901	0.01424	0.00843	0.00723	0.05277	0.01308	0.02022	0.01070	0.01236	0.00883	0.00452	0.00446	0.00092	0.00449	0.00360	0.00363	0.78531
4	0.01324	0.29720	0.50697	0.01451	0.02197	0.01710	0.01776	0.01837	0.01232	0.01705	0.00978	0.01144	0.00753	0.00542	0.00498	0.00166	0.00790	0.00395	0.00251	0.00834
5	0.02209	0.02819	0.01676	0.01524	0.01828	0.76843	0.01143	0.02361	0.01676	0.01447	0.00914	0.01066	0.00762	0.00609	0.00533	0.00152	0.01066	0.00381	0.00305	0.00686
6	0.83394	0.01144	0.00869	0.00778	0.01144	0.01327	0.00640	0.01738	0.01006	0.02653	0.00823	0.00961	0.00640	0.00549	0.00366	0.00183	0.00457	0.00320	0.00366	0.00640
7	0.00857	0.00626	0.00939	0.00939	0.01037	0.00724	0.00724	0.01037	0.00939	0.01350	0.01548	0.02289	0.01449	0.04279	0.71984	0.06317	0.01514	0.00626	0.00313	0.00510
8	0.00898	0.00659	0.00876	0.00970	0.01118	0.00637	0.00827	0.01150	0.01391	0.01803	0.11040	0.06273	0.15825	0.01567	0.00785	0.00251	0.00476	0.52361	0.00556	0.00538
9	0.01464	0.01405	0.02400	0.03630	0.75528	0.01405	0.01815	0.01815	0.01347	0.01932	0.01112	0.01464	0.00937	0.00527	0.00585	0.00176	0.00703	0.00527	0.00293	0.00937
10	0.01102	0.00551	0.00551	0.00551	0.00689	0.00551	0.00413	0.01378	0.01240	0.02205	0.01929	0.02205	0.01516	0.00689	0.00413	0.00138	0.00276	0.00551	0.82500	0.00551
11	0.02029	0.21220	0.02079	0.01263	0.01735	0.01937	0.01083	0.50861	0.07114	0.03057	0.01335	0.01353	0.00996	0.00665	0.00539	0.00166	0.00634	0.00487	0.00507	0.00939
12	0.20667	0.01540	0.01569	0.01228	0.01677	0.01719	0.01014	0.57254	0.02378	0.03483	0.01284	0.01316	0.00923	0.00673	0.00540	0.00179	0.00607	0.00484	0.00540	0.00923
13	0.01755	0.66798	0.02818	0.01018	0.01517	0.02101	0.00989	0.01951	0.01281	0.13512	0.01068	0.01122	0.00874	0.00543	0.00414	0.00136	0.00611	0.00361	0.00331	0.00799
14	0.76534	0.01148	0.00954	0.00906	0.04207	0.01310	0.00698	0.01791	0.01050	0.05804	0.00901	0.01027	0.00688	0.00556	0.00385	0.00183	0.00469	0.00341	0.00379	0.00668
15	0.01611	0.75965	0.03032	0.01036	0.01532	0.05841	0.01018	0.01799	0.01224	0.01394	0.00826	0.00954	0.00759	0.00511	0.00387	0.00128	0.00653	0.00319	0.00255	0.00755
16	0.02209	0.02819	0.01676	0.01524	0.01828	0.76843	0.01143	0.02361	0.01676	0.01447	0.00914	0.01066	0.00762	0.00609	0.00533	0.00152	0.01066	0.00381	0.00305	0.00686
17	0.00845	0.00634	0.00950	0.00950	0.01056	0.00739	0.00739	0.01056	0.00950	0.01373	0.01584	0.02323	0.01478	0.04435	0.76873	0.00950	0.01584	0.00634	0.00317	0.00528
18	0.83394	0.01144	0.00869	0.00778	0.01144	0.01327	0.00640	0.01738	0.01006	0.02653	0.00823	0.00961	0.00640	0.00549	0.00366	0.00183	0.00457	0.00320	0.00366	0.00640
19	0.02482	0.00991	0.01332	0.01038	0.01470	0.00875	0.00852	0.02777	0.04849	0.67895	0.07146	0.02180	0.01750	0.00766	0.00602	0.00184	0.00487	0.00629	0.00721	0.00974
20	0.01439	0.01237	0.01310	0.01180	0.01505	0.01425	0.00917	0.03041	0.70808	0.02469	0.06060	0.02317	0.01995	0.00823	0.00607	0.00200	0.00459	0.00689	0.00604	0.00917
21	0.01102	0.00551	0.00551	0.00551	0.00689	0.00551	0.00413	0.01378	0.01240	0.02205	0.01929	0.02205	0.01516	0.00689	0.00413	0.00138	0.00276	0.00551	0.82500	0.00551
22	0.01240	0.11176	0.60687	0.01599	0.02344	0.01523	0.01967	0.01816	0.01209	0.01775	0.01006	0.01221	0.00753	0.00604	0.00682	0.00188	0.08689	0.00432	0.00251	0.00838
23	0.00859	0.00577	0.00664	0.00664	0.00671	0.00584	0.00382	0.00872	0.00866	0.01161	0.01846	0.03774	0.02108	0.74576	0.07593	0.00597	0.00636	0.00846	0.00356	0.00369
24	0.01933	0.01459	0.01605	0.06281	0.01825	0.01628	0.01058	0.52137	0.12304	0.03160	0.01574	0.01776	0.01212	0.08332	0.00828	0.00220	0.00627	0.00582	0.00549	0.00910
25	0.01102	0.00551	0.00551	0.00551	0.00689	0.00551	0.00413	0.01378	0.01240	0.02205	0.01929	0.02205	0.01516	0.00689	0.00413	0.00138	0.00276	0.00551	0.82500	0.00551
26	0.00914	0.00760	0.00822	0.00804	0.01015	0.00748	0.00615	0.01445	0.18878	0.01881	0.10820	0.09605	0.42163	0.01338	0.00687	0.00206	0.00357	0.05761	0.00570	0.00611
27	0.83394	0.01144	0.00869	0.00778	0.01144	0.01327	0.00640	0.01738	0.01006	0.02653	0.00823	0.00961	0.00640	0.00549	0.00366	0.00183	0.00457	0.00320	0.00366	0.00640
28	0.83394	0.01144	0.00869	0.00778	0.01144	0.01327	0.00640	0.01738	0.01006	0.02653	0.00823	0.00961	0.00640	0.00549	0.00366	0.00183	0.00457	0.00320	0.00366	0.00640
29	0.00952	0.00708	0.00998	0.00967	0.01095	0.00814	0.00750	0.06552	0.01085	0.01541	0.01585	0.02330	0.01475	0.07811	0.67466	0.00873	0.01464	0.00637	0.00340	0.00556
30	0.01230	0.11624	0.67974	0.01610	0.02443	0.01482	0.02054	0.01861	0.01243	0.01819	0.01035	0.01215	0.00750	0.00556	0.00541	0.00180	0.00847	0.00423	0.00250	0.00861
31	0.00731	0.00522	0.00699	0.00836	0.00875	0.00490	0.00568	0.00842	0.01143	0.01522	0.03254	0.75484	0.03888	0.01843	0.00758	0.00242	0.00352	0.04921	0.00549	0.00483
32	0.01381	0.01520	0.03160	0.08852	0.07842	0.01473	0.58828	0.01922	0.05215	0.01895	0.01242	0.01617	0.00938	0.00524	0.00676	0.00198	0.00932	0.00671	0.00312	0.00802
33	0.83394	0.01144	0.00869	0.00778	0.01144	0.01327	0.00640	0.01738	0.01006	0.02653	0.00823	0.00961	0.00640	0.00549	0.00366	0.00183	0.00457	0.00320	0.00366	0.00640
34	0.06218	0.01631	0.01730	0.01332	0.01800	0.01809	0.01100	0.70042	0.02694	0.03675	0.01391	0.01397	0.00988	0.00702	0.00581	0.00178	0.00641	0.00522	0.00581	0.00988
35	0.01739	0.01131	0.01346	0.00994	0.01494	0.00967	0.00807	0.12731	0.01578	0.20806	0.01429	0.01453	0.01043	0.00553	0.00501	0.00125	0.00487	0.00439	0.00483	0.49892
36	0.02653	0.01006	0.01372	0.01052	0.01510	0.00869	0.00869	0.02882	0.01693	0.75937	0.02333	0.02013	0.01464	0.00732	0.00595	0.00183	0.00503	0.00595	0.00732	0.01006
37	0.01117	0.01051	0.01774	0.77795	0.04073	0.01314	0.01642	0.01511	0.01182	0.01511	0.01051	0.01577	0.00788	0.00591	0.00591	0.00197	0.00788	0.00526	0.00263	0.00657
38	0.00837	0.00604	0.00790	0.00744	0.00883	0.00558	0.00558	0.01116	0.01674	0.02371	0.75216	0.04417	0.05580	0.01209	0.00697	0.00186	0.00279	0.01069	0.00651	0.00558
39	0.01102	0.00551	0.00551	0.00551	0.00689	0.00551	0.00413	0.01378	0.01240	0.02205	0.01929	0.02205	0.01516	0.00689	0.00413	0.00138	0.00276	0.00551	0.82500	0.00551
40	0.01396	0.01595	0.03490	0.02493	0.03091	0.01496	0.73380	0.01894	0.01396	0.01894	0.01196	0.01595	0.00897	0.00499	0.00698	0.00199	0.00997	0.00698	0.00299	0.00798
41	0.01721	0.01263	0.01425	0.01167	0.01488	0.01400	0.00930	0.46205	0.02079	0.02811	0.01517	0.01958	0.01270	0.11658	0.19917	0.00421	0.00874	0.00599	0.00493	0.00804
42	0.17300	0.02431	0.01532	0.01374	0.01701	0.57858	0.01048	0.06944	0.01624	0.01822	0.00931	0.01070	0.00755	0.00605	0.00506	0.00160	0.00926	0.00380	0.00335	0.00698
43	0.00839	0.00604	0.00789	0.00883	0.00956	0.00595	0.00624	0.05378	0.01238	0.01655	0.03026	0.64247	0.03537	0.01938	0.05772	0.00285	0.00457	0.06122	0.00536	0.00520
44	0.05988	0.01307	0.10869	0.01124	0.01608	0.01033	0.01023	0.06073	0.07778	0.49449	0.02255	0.02047	0.05221	0.00747	0.00586	0.00186	0.00542	0.00599	0.00626	0.00940
45	0.01027	0.00514	0.00770	0.00770	0.00770	0.00514	0.00514	0.00770	0.00770	0.01027	0.01027	0.01798	0.01027	0.02054	0.02311	0.82794	0.00514	0.00514	0.00257	0.00257
46	0.02248	0.01656	0.01775	0.01361	0.01834	0.01834	0.01124	0.73556	0.02780	0.03727	0.01420	0.01420	0.01006	0.00710	0.00592	0.00177	0.00651	0.00532	0.00592	0.01006
47	0.83394	0.01144	0.00869	0.00778	0.01144	0.01327	0.00640	0.01738	0.01006	0.02653	0.00823	0.00961	0.00640	0.00549	0.00366	0.00183	0.00457	0.00320	0.00366	0.00640
48	0.01412	0.01182	0.01274	0.01165	0.01465	0.01345	0.00905	0.07435	0.57943	0.02413	0.02473	0.11135	0.02068	0.00955	0.00629	0.00207	0.00469	0.04063	0.00592	0.00870
49	0.01302	0.25514	0.54713	0.01488	0.02254	0.01657	0.01841	0.01843	0.01235	0.01732	0.00991	0.01161	0.00752	0.00545	0.00508	0.00169	0.00803	0.00402	0.00251	0.00840
50	0.01288	0.01106	0.01254	0.00958	0.01436	0.00960	0.00760	0.01905	0.19638	0.02065	0.01392	0.01473	0.01110	0.00530	0.00479	0.00116	0.00446	0.00430	0.00414	0.62242
51	0.01669	0.01509	0.01440	0.01264	0.01614	0.10458	0.00987	0.13095	0.55605	0.02531	0.02089	0.01959	0.01567	0.00766	0.00592	0.00192	0.00565	0.00615	0.00565	0.00916
52	0.01102	0.00551	0.00551	0.00551	0.00689	0.00551	0.00413	0.01378	0.01240	0.02205	0.01929	0.02205	0.01516	0.00689	0.00413	0.00138	0.00276	0.00551	0.82500	0.00551
53	0.02323	0.01123	0.01453	0.01259	0.06069	0.01080	0.00956	0.07253	0.16014	0.52512	0.02216	0.01980	0.01470	0.00732	0.00595	0.00186	0.00518	0.00601	0.00671	0.00988
54	0.03766	0.00997	0.01270	0.00965	0.01414	0.00834	0.00779	0.02286	0.01477	0.46058	0.01862	0.01854	0.01301	0.05504	0.00690	0.00177	0.00486	0.00527	0.00579	0.27175

[dist]
# distance from previous block
# <min> <max>
6	6

[block]
# block no. 4 follows, 39 sequences, length 27
# corresponding to MSA columns:
# 341-367
name=unknown_E
#
# <colnr> <probs for GDERKNQSTAVLIFYWHMCP>
#	G	D	E	R	K	N	Q	S	T	A	V	L	I	F	Y	W	H	M	C	P
0	0.00828	0.00603	0.00773	0.00731	0.00870	0.00555	0.00544	0.01089	0.01624	0.02277	0.68021	0.04486	0.10217	0.03861	0.00776	0.00200	0.00290	0.01075	0.00634	0.00547
1	0.01510	0.01342	0.01767	0.51055	0.03289	0.06610	0.01462	0.21872	0.01666	0.02131	0.01146	0.01498	0.00848	0.00626	0.00587	0.00189	0.00769	0.00518	0.00358	0.00757
2	0.01598	0.28719	0.02004	0.01154	0.01564	0.01816	0.00984	0.10672	0.40666	0.02238	0.01740	0.01677	0.01348	0.00688	0.00523	0.00172	0.00546	0.00530	0.00479	0.00882
3	0.02539	0.01190	0.01486	0.01139	0.01601	0.01141	0.00941	0.22799	0.01999	0.55587	0.02076	0.01846	0.01335	0.00726	0.00594	0.00181	0.00545	0.00577	0.00692	0.01006
4	0.02539	0.01190	0.01486	0.01139	0.01601	0.01141	0.00941	0.22799	0.01999	0.55587	0.02076	0.01846	0.01335	0.00726	0.00594	0.00181	0.00545	0.00577	0.00692	0.01006
5	0.02088	0.00896	0.01193	0.01076	0.06308	0.00807	0.00795	0.02337	0.01533	0.48337	0.02223	0.02117	0.03206	0.00724	0.00545	0.00170	0.00448	0.00593	0.23741	0.00861
6	0.00946	0.00734	0.00865	0.00912	0.01028	0.00769	0.00639	0.01481	0.21769	0.01744	0.02877	0.49597	0.03138	0.09442	0.00942	0.00263	0.00402	0.01312	0.00544	0.00596
7	0.00721	0.00515	0.00686	0.00823	0.00858	0.00480	0.00549	0.00823	0.01132	0.01510	0.03259	0.78831	0.03911	0.01853	0.00755	0.00240	0.00343	0.01681	0.00549	0.00480
8	0.01332	0.57316	0.02394	0.00896	0.01315	0.01821	0.00853	0.01511	0.01243	0.01449	0.02279	0.02285	0.21762	0.00785	0.00469	0.00147	0.00539	0.00579	0.00336	0.00686
9	0.01636	0.01612	0.03006	0.02174	0.02737	0.01591	0.53017	0.22090	0.01786	0.02411	0.01259	0.01546	0.00928	0.00558	0.00668	0.00193	0.00899	0.00651	0.00382	0.00856
10	0.00860	0.00573	0.00645	0.00645	0.00645	0.00573	0.00358	0.00860	0.00860	0.01147	0.01863	0.03870	0.02150	0.79217	0.03010	0.00573	0.00573	0.00860	0.00358	0.00358
11	0.00875	0.00647	0.00951	0.00990	0.01104	0.00723	0.00799	0.01104	0.01066	0.01485	0.02020	0.03548	0.02021	0.03646	0.55439	0.00759	0.01291	0.20618	0.00381	0.00533
12	0.01264	0.02593	0.55368	0.02233	0.23123	0.01382	0.02081	0.01857	0.01276	0.01890	0.01076	0.01309	0.00802	0.00552	0.00569	0.00184	0.00826	0.00462	0.00262	0.00892
13	0.01464	0.01405	0.02400	0.03630	0.75528	0.01405	0.01815	0.01815	0.01347	0.01932	0.01112	0.01464	0.00937	0.00527	0.00585	0.00176	0.00703	0.00527	0.00293	0.00937
14	0.01550	0.01039	0.01661	0.56168	0.03351	0.01189	0.01424	0.01897	0.01326	0.22486	0.01412	0.01700	0.00979	0.00631	0.00592	0.00193	0.00708	0.00545	0.00395	0.00755
15	0.01117	0.01051	0.01774	0.77795	0.04073	0.01314	0.01642	0.01511	0.01182	0.01511	0.01051	0.01577	0.00788	0.00591	0.00591	0.00197	0.00788	0.00526	0.00263	0.00657
16	0.01150	0.00839	0.00991	0.00969	0.01131	0.00862	0.00708	0.21321	0.01602	0.02137	0.02811	0.55130	0.04932	0.01522	0.00707	0.00221	0.00429	0.01346	0.00561	0.00629
17	0.01159	0.00841	0.00994	0.00967	0.01126	0.00867	0.00704	0.21329	0.01599	0.02141	0.04328	0.52605	0.03067	0.04320	0.00789	0.00233	0.00437	0.01314	0.00556	0.00626
18	0.00748	0.00601	0.00667	0.00651	0.00829	0.00520	0.00488	0.00944	0.01464	0.01873	0.30628	0.05238	0.50479	0.01395	0.00698	0.00195	0.00292	0.01185	0.00585	0.00520
19	0.00996	0.00826	0.01222	0.01546	0.21910	0.00788	0.00901	0.01276	0.01530	0.02141	0.45002	0.06477	0.10908	0.01068	0.00668	0.00186	0.00403	0.00957	0.00536	0.00656
20	0.02248	0.01656	0.01775	0.01361	0.01834	0.01834	0.01124	0.73556	0.02780	0.03727	0.01420	0.01420	0.01006	0.00710	0.00592	0.00177	0.00651	0.00532	0.00592	0.01006
21	0.01488	0.01029	0.01136	0.01003	0.01324	0.01078	0.00786	0.02444	0.39400	0.16821	0.03402	0.03150	0.22446	0.00984	0.00628	0.00197	0.00428	0.00817	0.00613	0.00827
22	0.01119	0.00933	0.01149	0.00897	0.01304	0.00774	0.00712	0.01367	0.01149	0.01771	0.01201	0.01535	0.01046	0.01564	0.21979	0.00331	0.00761	0.00430	0.00341	0.59637
23	0.01324	0.01086	0.01156	0.01051	0.01296	0.01230	0.00779	0.04754	0.51422	0.02140	0.02222	0.02650	0.01877	0.22898	0.01280	0.00305	0.00504	0.00718	0.00533	0.00775
24	0.02109	0.00868	0.01179	0.00988	0.01326	0.00760	0.00779	0.02302	0.01535	0.54962	0.02594	0.23661	0.02154	0.01048	0.00640	0.00199	0.00458	0.00901	0.00680	0.00858
25	0.24671	0.01086	0.01432	0.37132	0.02624	0.01237	0.01177	0.04036	0.01292	0.18060	0.01276	0.01493	0.00900	0.00613	0.00529	0.00189	0.00629	0.00483	0.00404	0.00739
26	0.02152	0.09779	0.01805	0.01477	0.01800	0.70086	0.01131	0.02308	0.01633	0.01442	0.00906	0.01056	0.00762	0.00600	0.00519	0.00150	0.01027	0.00375	0.00300	0.00692

[dist]
# distance from previous block
# <min> <max>
0	1

[block]
# block no. 5 follows, 39 sequences, length 10
# corresponding to MSA columns:
# 369-378
name=unknown_F
#
# <colnr> <probs for GDERKNQSTAVLIFYWHMCP>
#	G	D	E	R	K	N	Q	S	T	A	V	L	I	F	Y	W	H	M	C	P
0	0.00860	0.00690	0.00934	0.00964	0.00999	0.00776	0.00700	0.00978	0.01100	0.01524	0.07483	0.50594	0.03184	0.06180	0.03915	0.00286	0.16528	0.01313	0.00476	0.00515
1	0.00925	0.00793	0.00831	0.00892	0.00962	0.08768	0.00615	0.01035	0.01116	0.01421	0.02496	0.45356	0.02874	0.14554	0.14112	0.00406	0.00670	0.01230	0.00452	0.00491
2	0.01177	0.00876	0.01146	0.01048	0.01240	0.00998	0.00830	0.18217	0.01384	0.01930	0.01545	0.02109	0.01367	0.03553	0.58817	0.00767	0.01363	0.00610	0.00382	0.00641
3	0.20606	0.01100	0.01645	0.55819	0.03331	0.01326	0.04973	0.01584	0.01151	0.01800	0.01004	0.01432	0.00759	0.00577	0.00543	0.00194	0.00720	0.00486	0.00289	0.00660
4	0.00900	0.00569	0.00735	0.00798	0.00864	0.00534	0.00534	0.01003	0.01154	0.06987	0.07782	0.52569	0.03479	0.17769	0.01207	0.00301	0.00398	0.01389	0.00530	0.00499
5	0.01693	0.01456	0.02988	0.02152	0.02716	0.01347	0.56216	0.02128	0.01466	0.19421	0.01465	0.01694	0.01031	0.00554	0.00673	0.00196	0.00880	0.00673	0.00402	0.00847
6	0.00811	0.00586	0.00779	0.00865	0.00962	0.00555	0.00657	0.01005	0.01336	0.01790	0.20414	0.37156	0.08269	0.01620	0.00755	0.00234	0.00381	0.20738	0.00572	0.00517
7	0.63266	0.01155	0.00987	0.00872	0.01239	0.01318	0.00708	0.02066	0.13759	0.08032	0.01209	0.01254	0.00903	0.00606	0.00424	0.00186	0.00463	0.00401	0.00434	0.00719
8	0.01119	0.01015	0.01012	0.01055	0.01211	0.13802	0.00851	0.01355	0.01466	0.01830	0.19824	0.12547	0.03514	0.01378	0.00733	0.00228	0.00551	0.35414	0.00529	0.00566
9	0.00715	0.00535	0.00666	0.00770	0.00844	0.00485	0.00525	0.00829	0.01183	0.01530	0.03906	0.61518	0.20807	0.01769	0.00742	0.00231	0.00333	0.01579	0.00549	0.00485

[dist]
# distance from previous block
# <min> <max>
0	1

[block]
# block no. 6 follows, 39 sequences, length 100
# corresponding to MSA columns:
# 380-479
name=unknown_G
#
# <colnr> <probs for GDERKNQSTAVLIFYWHMCP>
#	G	D	E	R	K	N	Q	S	T	A	V	L	I	F	Y	W	H	M	C	P
0	0.01396	0.01595	0.03490	0.02493	0.03091	0.01496	0.73380	0.01894	0.01396	0.01894	0.01196	0.01595	0.00897	0.00499	0.00698	0.00199	0.00997	0.00698	0.00299	0.00798
1	0.01431	0.01540	0.03074	0.02232	0.02770	0.01463	0.57030	0.01843	0.01372	0.01918	0.01208	0.01612	0.00949	0.00583	0.00798	0.00202	0.07557	0.00657	0.00326	0.11434
2	0.08384	0.01101	0.01404	0.01095	0.01549	0.00996	0.00895	0.06872	0.01743	0.65887	0.02229	0.01991	0.01438	0.00761	0.00607	0.00195	0.00532	0.00592	0.00717	0.01012
3	0.01435	0.01595	0.03402	0.02457	0.03034	0.01489	0.69795	0.01895	0.01426	0.01940	0.01343	0.04677	0.01078	0.00597	0.00728	0.00213	0.00989	0.00756	0.00332	0.00819
4	0.01171	0.00604	0.00605	0.00602	0.00745	0.00594	0.00446	0.01426	0.01282	0.02262	0.01988	0.02289	0.01573	0.00733	0.00444	0.00151	0.00301	0.00572	0.81626	0.00587
5	0.73014	0.01250	0.01026	0.00894	0.01276	0.01421	0.00728	0.10234	0.01260	0.02832	0.00964	0.01112	0.00751	0.00614	0.00424	0.00195	0.00504	0.00369	0.00415	0.00719
6	0.00814	0.00582	0.00761	0.00894	0.00944	0.00541	0.00615	0.00912	0.01195	0.01597	0.03292	0.71794	0.03899	0.01865	0.00787	0.00255	0.00386	0.07774	0.00569	0.00523
7	0.01645	0.78762	0.03124	0.01057	0.01565	0.02363	0.01038	0.01814	0.01244	0.01457	0.00893	0.01046	0.00825	0.00552	0.00410	0.00140	0.00654	0.00340	0.00277	0.00793
8	0.00793	0.00570	0.00736	0.00865	0.00910	0.00524	0.00578	0.00878	0.01181	0.01576	0.03371	0.76284	0.05694	0.01876	0.00780	0.00251	0.00367	0.01679	0.00570	0.00518
9	0.01186	0.01098	0.01814	0.77002	0.04092	0.01348	0.01662	0.01557	0.01225	0.01575	0.01119	0.01667	0.00854	0.00637	0.00620	0.00209	0.00808	0.00547	0.00287	0.00692
10	0.01361	0.01338	0.01851	0.01592	0.01599	0.01840	0.01317	0.01470	0.00951	0.01489	0.00848	0.01388	0.00842	0.01075	0.01955	0.00270	0.77310	0.00539	0.00283	0.00682
11	0.00821	0.00653	0.00719	0.00700	0.00883	0.00563	0.00520	0.00996	0.01503	0.01932	0.30250	0.05291	0.50126	0.01432	0.00726	0.00207	0.00318	0.01199	0.00606	0.00557
12	0.01536	0.01315	0.01382	0.01247	0.01584	0.01504	0.00963	0.03171	0.73702	0.02528	0.02460	0.02290	0.01860	0.00845	0.00630	0.00213	0.00492	0.00689	0.00622	0.00968
13	0.00904	0.00659	0.00835	0.00797	0.00946	0.00602	0.00599	0.01152	0.01675	0.02346	0.66458	0.04665	0.10422	0.01286	0.00730	0.00203	0.00318	0.04156	0.00659	0.00589
14	0.00855	0.00654	0.00766	0.00735	0.00904	0.00578	0.00546	0.01062	0.01583	0.02123	0.47311	0.04977	0.32946	0.01361	0.00726	0.00204	0.00313	0.01155	0.00631	0.00571
15	0.01254	0.03084	0.75380	0.01724	0.02595	0.01407	0.02198	0.01915	0.01290	0.01933	0.01129	0.01343	0.00815	0.00607	0.00591	0.00200	0.00893	0.00459	0.00274	0.00907
16	0.00794	0.00568	0.00738	0.00871	0.00912	0.00524	0.00580	0.00877	0.01175	0.01574	0.03304	0.78078	0.03943	0.01884	0.00782	0.00252	0.00368	0.01690	0.00570	0.00517
17	0.00910	0.00654	0.00831	0.00785	0.00920	0.00602	0.00575	0.01148	0.01654	0.02340	0.69294	0.04439	0.05351	0.06756	0.00888	0.00226	0.00325	0.01070	0.00650	0.00580
18	0.82564	0.01190	0.00919	0.00826	0.01194	0.01361	0.00671	0.01782	0.01051	0.02705	0.00894	0.01058	0.00708	0.00595	0.00397	0.00195	0.00481	0.00344	0.00389	0.00676
19	0.01066	0.00864	0.00959	0.00894	0.01079	0.04397	0.00670	0.01524	0.12743	0.02369	0.57265	0.04029	0.07403	0.01168	0.00703	0.00200	0.00372	0.00998	0.00643	0.00655
20	0.00926	0.00649	0.00817	0.00814	0.00863	0.00681	0.00541	0.00990	0.00942	0.01304	0.01813	0.03329	0.01937	0.49045	0.32010	0.00730	0.00993	0.00789	0.00365	0.00463
21	0.01294	0.01098	0.01272	0.00923	0.01449	0.00828	0.00730	0.01535	0.01268	0.01987	0.01119	0.01321	0.00941	0.00485	0.00468	0.00101	0.00462	0.00374	0.00373	0.81970
22	0.01949	0.01223	0.01394	0.01194	0.01574	0.01293	0.00940	0.03080	0.48281	0.28192	0.02435	0.02223	0.01741	0.00821	0.00628	0.00207	0.00504	0.00663	0.00668	0.00993
23	0.01000	0.00892	0.01575	0.01367	0.01578	0.00838	0.21861	0.01206	0.01239	0.01677	0.02583	0.50121	0.02891	0.01671	0.06140	0.00290	0.00647	0.01329	0.00481	0.00613
24	0.00784	0.00652	0.00668	0.00661	0.00860	0.00547	0.00491	0.00924	0.01415	0.01725	0.11686	0.05633	0.68820	0.01509	0.00726	0.00211	0.00323	0.01247	0.00578	0.00541
25	0.82564	0.01190	0.00919	0.00826	0.01194	0.01361	0.00671	0.01782	0.01051	0.02705	0.00894	0.01058	0.00708	0.00595	0.00397	0.00195	0.00481	0.00344	0.00389	0.00676
26	0.01186	0.01098	0.01814	0.77002	0.04092	0.01348	0.01662	0.01557	0.01225	0.01575	0.01119	0.01667	0.00854	0.00637	0.00620	0.00209	0.00808	0.00547	0.00287	0.00692
27	0.00772	0.00651	0.00652	0.00649	0.00853	0.00542	0.00482	0.00902	0.01389	0.01661	0.06005	0.05737	0.74540	0.01533	0.00726	0.00212	0.00325	0.01262	0.00570	0.00536
28	0.52699	0.01156	0.01247	0.28782	0.02258	0.01356	0.01034	0.01699	0.01115	0.02291	0.00977	0.01282	0.00761	0.00610	0.00479	0.00201	0.00601	0.00418	0.00351	0.00682
29	0.02020	0.01140	0.01523	0.06645	0.01715	0.01230	0.01050	0.05403	0.05865	0.37822	0.04690	0.04939	0.01553	0.00907	0.00974	0.00219	0.20199	0.00653	0.00574	0.00880
30	0.01433	0.01376	0.02178	0.30375	0.46033	0.04375	0.01743	0.01769	0.01341	0.01821	0.01150	0.01581	0.00940	0.00599	0.00614	0.00195	0.00769	0.00542	0.00306	0.00858
31	0.00782	0.00634	0.00678	0.00701	0.00869	0.00541	0.00507	0.00908	0.01357	0.01674	0.08204	0.20793	0.57015	0.01595	0.00738	0.00220	0.00333	0.01344	0.00574	0.00535
32	0.00936	0.00679	0.00895	0.01014	0.01134	0.00650	0.00821	0.01129	0.01339	0.01744	0.03492	0.26064	0.10622	0.01713	0.00815	0.00268	0.00489	0.45068	0.00567	0.00559
33	0.01461	0.01149	0.01328	0.00975	0.01493	0.00924	0.00776	0.07906	0.01429	0.06164	0.01221	0.01381	0.00984	0.00525	0.00490	0.00114	0.00484	0.00403	0.00415	0.70378
34	0.01346	0.01131	0.01299	0.00954	0.01472	0.00894	0.00756	0.04733	0.03476	0.02082	0.01175	0.01358	0.00973	0.00507	0.00480	0.00108	0.00472	0.00391	0.00391	0.76002
35	0.17490	0.01139	0.01360	0.01076	0.01513	0.01086	0.00878	0.08373	0.01663	0.52287	0.01969	0.01821	0.01303	0.00737	0.00601	0.00194	0.01953	0.00551	0.00652	0.03354
36	0.00794	0.00568	0.00738	0.00871	0.00912	0.00524	0.00580	0.00877	0.01175	0.01574	0.03304	0.78078	0.03943	0.01884	0.00782	0.00252	0.00368	0.01690	0.00570	0.00517
37	0.08362	0.01074	0.01380	0.01084	0.01532	0.00964	0.00883	0.02842	0.04464	0.67205	0.02284	0.02032	0.01477	0.00765	0.00607	0.00196	0.00522	0.00599	0.00720	0.01009
