[name]
unknown

[dist]
# distance from previous block
# <min> <max>
105	534

[block]
# block no. 0 follows, 39 sequences, length 6
# corresponding to MSA columns:
# 630-635
name=unknown_A
#
# <colnr> <probs for GDERKNQSTAVLIFYWHMCP>
#	G	D	E	R	K	N	Q	S	T	A	V	L	I	F	Y	W	H	M	C	P
0	0.01434	0.07609	0.09795	0.11953	0.22795	0.07502	0.18694	0.01871	0.04312	0.01774	0.01113	0.01437	0.00888	0.00580	0.00678	0.00186	0.05738	0.00536	0.00295	0.00810
1	0.19304	0.06990	0.04589	0.00933	0.01255	0.01061	0.00805	0.08124	0.01512	0.06076	0.26718	0.02895	0.02740	0.00908	0.00576	0.00183	0.00457	0.08425	0.00508	0.05941
2	0.01416	0.20297	0.13837	0.01317	0.06382	0.05981	0.01160	0.05910	0.06922	0.01898	0.05852	0.01509	0.01227	0.00778	0.04019	0.00186	0.02398	0.00466	0.00353	0.18092
3	0.29724	0.16238	0.11972	0.05706	0.08637	0.04661	0.06912	0.06464	0.01290	0.02142	0.00967	0.01163	0.00762	0.00552	0.00476	0.00173	0.00668	0.00412	0.00323	0.00760
4	0.01352	0.01600	0.13876	0.11296	0.17774	0.01347	0.20380	0.01764	0.01281	0.04185	0.01121	0.01449	0.00874	0.00571	0.00708	0.00182	0.07412	0.00535	0.00303	0.11990
5	0.01367	0.01741	0.14047	0.05936	0.23175	0.08256	0.23208	0.01782	0.01384	0.01844	0.04982	0.01880	0.06396	0.00636	0.00625	0.00186	0.00807	0.00628	0.00323	0.00799

[dist]
# distance from previous block
# <min> <max>
19	60

[block]
# block no. 1 follows, 39 sequences, length 12
# corresponding to MSA columns:
# 706-717
name=unknown_B
#
# <colnr> <probs for GDERKNQSTAVLIFYWHMCP>
#	G	D	E	R	K	N	Q	S	T	A	V	L	I	F	Y	W	H	M	C	P
0	0.10764	0.01843	0.26340	0.02149	0.28104	0.01324	0.01600	0.05264	0.05529	0.02074	0.01352	0.08583	0.01171	0.00689	0.00569	0.00188	0.00682	0.00589	0.00343	0.00843
1	0.01246	0.01163	0.01952	0.25748	0.42560	0.01238	0.01572	0.01573	0.01264	0.01740	0.01417	0.13155	0.01340	0.00746	0.00613	0.00192	0.00674	0.00700	0.00322	0.00783
2	0.01464	0.01405	0.02400	0.03630	0.75528	0.01405	0.01815	0.01815	0.01347	0.01932	0.01112	0.01464	0.00937	0.00527	0.00585	0.00176	0.00703	0.00527	0.00293	0.00937
3	0.01141	0.01099	0.01924	0.71203	0.03987	0.01330	0.07922	0.01545	0.01201	0.01545	0.01064	0.01578	0.00798	0.00583	0.00601	0.00197	0.00807	0.00541	0.00266	0.00669
4	0.01393	0.01347	0.02223	0.17400	0.49100	0.04252	0.06697	0.01715	0.01294	0.01771	0.01093	0.01501	0.00905	0.00640	0.00705	0.05584	0.00741	0.00532	0.00286	0.00820
5	0.05800	0.05752	0.01653	0.09078	0.01753	0.01510	0.01119	0.12633	0.01367	0.11369	0.01401	0.01671	0.04274	0.01123	0.06867	0.00268	0.30681	0.00550	0.00393	0.00739
6	0.06099	0.00884	0.00925	0.00829	0.01057	0.00956	0.00642	0.13385	0.12671	0.02447	0.06099	0.02212	0.01689	0.04379	0.03911	0.00214	0.00447	0.00600	0.39874	0.00680
7	0.01331	0.01750	0.21335	0.01816	0.02360	0.01286	0.32852	0.05866	0.01412	0.05019	0.06558	0.05827	0.01443	0.04534	0.02264	0.00229	0.02282	0.00698	0.00361	0.00775
8	0.01124	0.05341	0.24229	0.01273	0.05829	0.01110	0.01199	0.04621	0.12147	0.01920	0.05509	0.09116	0.20295	0.02855	0.00676	0.00202	0.00564	0.00817	0.00437	0.00735
9	0.07325	0.08603	0.59942	0.01624	0.02413	0.01452	0.06981	0.01857	0.01237	0.01896	0.01035	0.01229	0.00752	0.00552	0.00543	0.00183	0.00833	0.00438	0.00262	0.00843
10	0.06287	0.01265	0.07799	0.01045	0.01503	0.01061	0.00909	0.08630	0.13271	0.12597	0.08814	0.01895	0.02955	0.00676	0.00537	0.00153	0.00493	0.00546	0.00492	0.29073
11	0.01300	0.01773	0.18696	0.08796	0.13010	0.01380	0.37151	0.01795	0.01357	0.01893	0.05984	0.01685	0.01168	0.00571	0.00644	0.00192	0.00865	0.00627	0.00307	0.00806

[dist]
# distance from previous block
# <min> <max>
6	23

[block]
# block no. 2 follows, 39 sequences, length 10
# corresponding to MSA columns:
# 741-750
name=unknown_C
#
# <colnr> <probs for GDERKNQSTAVLIFYWHMCP>
#	G	D	E	R	K	N	Q	S	T	A	V	L	I	F	Y	W	H	M	C	P
0	0.51196	0.01668	0.15583	0.04498	0.01655	0.06507	0.01060	0.08108	0.01262	0.02464	0.00938	0.01091	0.00708	0.00572	0.00445	0.00182	0.00611	0.00375	0.00355	0.00721
1	0.01772	0.13208	0.01561	0.01062	0.01450	0.01266	0.00871	0.08068	0.19660	0.23418	0.02033	0.11529	0.01654	0.00825	0.00567	0.00176	0.00499	0.00678	0.00552	0.09151
2	0.01323	0.14003	0.15854	0.05268	0.19593	0.01355	0.01336	0.07430	0.03356	0.01989	0.07897	0.09462	0.01642	0.00760	0.00564	0.00177	0.00615	0.00646	0.05948	0.00784
3	0.08493	0.01053	0.01204	0.04521	0.01472	0.01017	0.00795	0.06123	0.13511	0.08291	0.01502	0.01628	0.01164	0.00877	0.06206	0.00202	0.00550	0.00479	0.07653	0.33258
4	0.08454	0.04702	0.06433	0.01127	0.01512	0.14252	0.00948	0.05483	0.05991	0.24814	0.04081	0.11975	0.01620	0.00827	0.00571	0.00179	0.00601	0.00662	0.00513	0.05255
5	0.10615	0.07924	0.01526	0.06370	0.01589	0.07848	0.06720	0.06851	0.01341	0.03440	0.07273	0.21563	0.02010	0.03065	0.00810	0.00211	0.08940	0.00835	0.00420	0.00649
6	0.02012	0.01731	0.01689	0.01372	0.01716	0.14839	0.01112	0.44674	0.02181	0.02852	0.01255	0.01385	0.00956	0.00745	0.00796	0.00184	0.13632	0.00505	0.05503	0.00862
7	0.01202	0.00833	0.00965	0.00870	0.01091	0.02469	0.00667	0.07683	0.07548	0.09993	0.38172	0.09703	0.14125	0.01162	0.00671	0.00192	0.00375	0.00999	0.00620	0.00662
8	0.01445	0.06974	0.01416	0.00955	0.01433	0.01041	0.00782	0.12036	0.01515	0.06205	0.07675	0.01557	0.01331	0.00566	0.00487	0.00117	0.00473	0.00451	0.00425	0.53114
9	0.12845	0.06645	0.01005	0.00835	0.01018	0.00875	0.00620	0.05553	0.01245	0.08230	0.04459	0.31763	0.02451	0.13663	0.00985	0.00260	0.00444	0.01005	0.05512	0.00588

[dist]
# distance from previous block
# <min> <max>
3	4

[block]
# block no. 3 follows, 39 sequences, length 12
# corresponding to MSA columns:
# 756-767
name=unknown_D
#
# <colnr> <probs for GDERKNQSTAVLIFYWHMCP>
#	G	D	E	R	K	N	Q	S	T	A	V	L	I	F	Y	W	H	M	C	P
0	0.01581	0.79572	0.03099	0.01012	0.01518	0.02340	0.01012	0.01771	0.01202	0.01391	0.00822	0.00949	0.00759	0.00506	0.00379	0.00126	0.00632	0.00316	0.00253	0.00759
1	0.02186	0.00991	0.01298	0.00995	0.01447	0.00828	0.00809	0.02416	0.01544	0.53090	0.02058	0.05986	0.01447	0.00718	0.00564	0.00162	0.00478	0.00592	0.00625	0.21767
2	0.02147	0.01557	0.01681	0.01317	0.01767	0.01719	0.01079	0.58133	0.14219	0.07739	0.01632	0.01581	0.01161	0.00726	0.00593	0.00182	0.00613	0.00558	0.00601	0.00995
3	0.01581	0.79572	0.03099	0.01012	0.01518	0.02340	0.01012	0.01771	0.01202	0.01391	0.00822	0.00949	0.00759	0.00506	0.00379	0.00126	0.00632	0.00316	0.00253	0.00759
4	0.00721	0.00515	0.00686	0.00823	0.00858	0.00480	0.00549	0.00823	0.01132	0.01510	0.03259	0.78831	0.03911	0.01853	0.00755	0.00240	0.00343	0.01681	0.00549	0.00480
5	0.01263	0.17888	0.61994	0.01555	0.02358	0.01561	0.01958	0.01853	0.01239	0.01780	0.01015	0.01190	0.00751	0.00551	0.00527	0.00176	0.00827	0.00414	0.00250	0.00852
6	0.01102	0.00551	0.00551	0.00551	0.00689	0.00551	0.00413	0.01378	0.01240	0.02205	0.01929	0.02205	0.01516	0.00689	0.00413	0.00138	0.00276	0.00551	0.82500	0.00551
7	0.02237	0.01383	0.01583	0.01205	0.01681	0.01409	0.00993	0.43026	0.02253	0.25121	0.01645	0.01572	0.01126	0.00681	0.00573	0.00167	0.00579	0.00527	0.00602	0.11635
8	0.00728	0.00520	0.00693	0.00819	0.00859	0.00485	0.00550	0.00841	0.01165	0.01562	0.07642	0.74298	0.04013	0.01814	0.00751	0.00237	0.00339	0.01644	0.00555	0.00485
9	0.01102	0.00551	0.00551	0.00551	0.00689	0.00551	0.00413	0.01378	0.01240	0.02205	0.01929	0.02205	0.01516	0.00689	0.00413	0.00138	0.00276	0.00551	0.82500	0.00551
10	0.00953	0.00681	0.00953	0.01089	0.01225	0.00681	0.00953	0.01225	0.01361	0.01770	0.03131	0.06671	0.03403	0.01634	0.00817	0.00272	0.00545	0.71547	0.00545	0.00545
11	0.01231	0.01129	0.01840	0.76478	0.04104	0.01371	0.01674	0.01588	0.01253	0.01618	0.01164	0.01728	0.00897	0.00666	0.00639	0.00217	0.00822	0.00561	0.00303	0.00715

[dist]
# distance from previous block
# <min> <max>
0	288

# created by:
# /software/SequenceAnalysis/GenePrediction/augustus/3.0.1/scripts/msa2prfl.pl ./fixed/BUSCOvEOG7FFFFJ.fas
