[name]
unknown

[dist]
# distance from previous block
# <min> <max>
0	556

[block]
# block no. 0 follows, 40 sequences, length 48
# corresponding to MSA columns:
# 603-650
name=unknown_A
#
# <colnr> <probs for GDERKNQSTAVLIFYWHMCP>
#	G	D	E	R	K	N	Q	S	T	A	V	L	I	F	Y	W	H	M	C	P
0	0.01047	0.00783	0.01126	0.16488	0.01774	0.00840	0.01048	0.01420	0.05713	0.04149	0.06542	0.05029	0.02794	0.01302	0.00733	0.00241	0.00563	0.47318	0.00495	0.00596
1	0.00794	0.00622	0.00909	0.17787	0.01537	0.00652	0.00776	0.00958	0.01124	0.01485	0.02729	0.62146	0.03172	0.01550	0.00707	0.00227	0.00433	0.01404	0.00478	0.00510
2	0.01321	0.01361	0.02582	0.02386	0.22553	0.01303	0.36149	0.01710	0.01340	0.01894	0.07228	0.01705	0.01263	0.00572	0.00681	0.00178	0.04308	0.00622	0.00325	0.10518
3	0.01312	0.01451	0.03061	0.19068	0.03251	0.01431	0.57976	0.01780	0.01327	0.01780	0.01145	0.01565	0.00859	0.00510	0.00663	0.00196	0.00935	0.00649	0.00286	0.00754
4	0.00814	0.00550	0.00644	0.00675	0.00683	0.00543	0.00396	0.00837	0.00908	0.01210	0.02151	0.21304	0.02516	0.61516	0.02445	0.00488	0.00511	0.01033	0.00396	0.00380
5	0.02240	0.05677	0.01673	0.01347	0.01722	0.41978	0.01060	0.18128	0.01868	0.16906	0.01283	0.01306	0.00940	0.00640	0.00542	0.00160	0.00829	0.00446	0.00443	0.00810
6	0.20318	0.01001	0.01215	0.00962	0.01377	0.00939	0.00791	0.02508	0.01515	0.56787	0.05308	0.01860	0.01446	0.00702	0.00540	0.00180	0.00475	0.00547	0.00637	0.00891
7	0.00740	0.00530	0.00703	0.00788	0.00850	0.00493	0.00542	0.00888	0.01259	0.01716	0.23032	0.58695	0.04295	0.01649	0.00727	0.00222	0.00320	0.01488	0.00567	0.00493
8	0.02219	0.00909	0.01258	0.01013	0.01387	0.00827	0.00827	0.02440	0.01504	0.59881	0.02133	0.02046	0.01443	0.01519	0.17412	0.00346	0.00728	0.00593	0.00630	0.00886
9	0.01321	0.01931	0.21818	0.02251	0.02908	0.01440	0.55799	0.01857	0.01336	0.01857	0.01143	0.01483	0.00846	0.00506	0.00653	0.00193	0.00950	0.00622	0.00282	0.00803
10	0.01054	0.01022	0.00910	0.00944	0.01058	0.17334	0.00670	0.01204	0.01346	0.01654	0.18325	0.45889	0.03520	0.01417	0.00682	0.00206	0.00480	0.01243	0.00509	0.00533
11	0.01107	0.01045	0.01746	0.74388	0.03883	0.01316	0.01598	0.01482	0.01149	0.01482	0.01020	0.01537	0.00775	0.00603	0.00647	0.00197	0.04606	0.00516	0.00258	0.00646
12	0.01175	0.01081	0.01650	0.61271	0.03458	0.01326	0.01463	0.01838	0.17342	0.01694	0.01326	0.01686	0.00995	0.00627	0.00584	0.00195	0.00706	0.00548	0.00332	0.00706
13	0.00766	0.00571	0.00715	0.00734	0.00855	0.00519	0.00536	0.00966	0.01422	0.01919	0.38630	0.25349	0.19739	0.01437	0.00705	0.00203	0.00304	0.03525	0.00588	0.00515
14	0.02717	0.49028	0.14060	0.01055	0.01505	0.01733	0.01070	0.01552	0.01171	0.01490	0.01371	0.18153	0.01423	0.00798	0.00482	0.00159	0.00594	0.00624	0.00314	0.00702
15	0.01309	0.01343	0.02797	0.02032	0.02521	0.01267	0.57711	0.01751	0.01339	0.01930	0.01335	0.01700	0.01016	0.00531	0.00625	0.00183	0.00825	0.00655	0.18399	0.00731
16	0.01030	0.01003	0.00888	0.00961	0.01053	0.17318	0.00668	0.01142	0.01231	0.01471	0.02699	0.62036	0.03166	0.01554	0.00694	0.00217	0.00493	0.01373	0.00487	0.00517
17	0.01446	0.01249	0.01315	0.01183	0.01512	0.01446	0.00920	0.03090	0.74885	0.02433	0.02367	0.02170	0.01775	0.00789	0.00592	0.00197	0.00460	0.00657	0.00592	0.00920
18	0.00882	0.00764	0.01019	0.01274	0.17296	0.00699	0.00760	0.01100	0.01395	0.01809	0.20068	0.04411	0.43955	0.01201	0.00662	0.00188	0.00377	0.01033	0.00507	0.00598
19	0.01538	0.60004	0.02827	0.01190	0.01616	0.06245	0.05836	0.01735	0.01180	0.01408	0.00832	0.01027	0.00758	0.00572	0.00608	0.00148	0.11126	0.00366	0.00255	0.00730
20	0.01267	0.01032	0.01212	0.00869	0.01383	0.00779	0.00696	0.01524	0.01226	0.05123	0.01088	0.01239	0.00886	0.00443	0.00437	0.00090	0.00433	0.00355	0.00361	0.79556
21	0.01303	0.07301	0.32442	0.02040	0.02730	0.01478	0.40564	0.01846	0.01302	0.01822	0.01099	0.01391	0.00816	0.00515	0.00613	0.00187	0.00909	0.00560	0.00272	0.00812
22	0.83671	0.01125	0.00855	0.00765	0.01125	0.01305	0.00630	0.01709	0.00990	0.02609	0.00810	0.00945	0.00630	0.00540	0.00360	0.00180	0.00450	0.00315	0.00360	0.00630
23	0.02172	0.02772	0.01648	0.01498	0.01798	0.77228	0.01124	0.02322	0.01648	0.01423	0.00899	0.01049	0.00749	0.00599	0.00524	0.00150	0.01049	0.00375	0.00300	0.00674
24	0.01277	0.18345	0.01639	0.05089	0.01546	0.01138	0.00806	0.01526	0.01198	0.01757	0.00984	0.01165	0.00831	0.00454	0.00426	0.00100	0.00491	0.00347	0.00319	0.60562
25	0.18999	0.00711	0.00786	0.00733	0.00921	0.00712	0.00562	0.01220	0.01488	0.02360	0.56184	0.03652	0.07466	0.01059	0.00614	0.00183	0.00314	0.00898	0.00574	0.00564
26	0.00970	0.00627	0.00824	0.00756	0.00919	0.00574	0.00574	0.01240	0.01648	0.08405	0.69611	0.04150	0.05155	0.01150	0.00678	0.00183	0.00292	0.01013	0.00647	0.00585
27	0.07537	0.02799	0.02477	0.02319	0.06648	0.32533	0.02689	0.12538	0.05665	0.09321	0.02557	0.03184	0.02215	0.01529	0.01127	0.00418	0.01218	0.00898	0.00861	0.01467
28	0.00818	0.00552	0.00642	0.00669	0.00676	0.00545	0.00390	0.00838	0.00899	0.01199	0.02107	0.18892	0.02461	0.64004	0.02516	0.00498	0.00518	0.01007	0.00390	0.00376
29	0.01678	0.01226	0.01551	0.01677	0.17840	0.01314	0.01097	0.02752	0.44086	0.17107	0.02073	0.01971	0.01521	0.00716	0.00587	0.00188	0.00518	0.00612	0.00551	0.00934
30	0.00791	0.00514	0.00646	0.00751	0.00807	0.00488	0.00511	0.00929	0.01137	0.01634	0.02918	0.62281	0.03329	0.01571	0.00669	0.00214	0.00323	0.01409	0.18591	0.00488
31	0.00974	0.00518	0.00731	0.00731	0.00731	0.00518	0.00472	0.00777	0.00777	0.01036	0.01191	0.02215	0.01252	0.19038	0.02424	0.64971	0.00518	0.00580	0.00274	0.00274
32	0.01211	0.01120	0.01867	0.17894	0.45059	0.01164	0.01478	0.01511	0.01246	0.01726	0.01545	0.18524	0.01534	0.00817	0.00613	0.00191	0.00630	0.00767	0.00337	0.00768
33	0.01025	0.00773	0.01040	0.00963	0.01139	0.00851	0.00752	0.09680	0.01165	0.01658	0.01507	0.02157	0.01379	0.06867	0.58678	0.00759	0.01314	0.00598	0.00348	0.07345
34	0.00857	0.00621	0.00875	0.00904	0.00994	0.00682	0.00698	0.01036	0.01005	0.01391	0.01946	0.03527	0.02001	0.18808	0.45609	0.00714	0.01134	0.16337	0.00369	0.00489
35	0.00981	0.00601	0.00745	0.00709	0.00861	0.00558	0.00531	0.01231	0.01493	0.07061	0.45032	0.09917	0.07875	0.01112	0.00623	0.00177	0.00294	0.00968	0.18661	0.00567
36	0.00737	0.00547	0.00688	0.00746	0.00840	0.00498	0.00524	0.00896	0.01305	0.01743	0.24377	0.43952	0.17864	0.01575	0.00716	0.00213	0.00311	0.01401	0.00568	0.00498
37	0.00843	0.00576	0.00694	0.00694	0.00715	0.00596	0.00427	0.00884	0.00863	0.01172	0.01777	0.03501	0.01982	0.64512	0.17830	0.00638	0.00763	0.00801	0.00344	0.00386
38	0.01013	0.00918	0.01509	0.61189	0.03311	0.01112	0.01379	0.01337	0.01152	0.01486	0.01510	0.18588	0.01449	0.00854	0.00617	0.00203	0.00679	0.00766	0.00320	0.00608
39	0.00709	0.00506	0.00675	0.00810	0.00843	0.00472	0.00540	0.00810	0.01113	0.01484	0.03205	0.79184	0.03846	0.01822	0.00742	0.00236	0.00337	0.01653	0.00540	0.00472
40	0.01681	0.01440	0.01403	0.01181	0.01442	0.13356	0.00916	0.32867	0.01805	0.02321	0.01378	0.01954	0.01229	0.18407	0.09371	0.00344	0.07175	0.00580	0.00431	0.00720
41	0.01300	0.01236	0.01653	0.01372	0.01507	0.01561	0.01137	0.04720	0.01044	0.01611	0.00851	0.01263	0.00795	0.00874	0.01524	0.00214	0.57820	0.00473	0.00289	0.18754
42	0.00829	0.00557	0.00639	0.00655	0.00659	0.00553	0.00375	0.00841	0.00878	0.01170	0.01997	0.12864	0.02322	0.70221	0.02693	0.00524	0.00537	0.00943	0.00375	0.00367
43	0.06375	0.01923	0.01658	0.18231	0.02248	0.31493	0.01199	0.25812	0.01865	0.02243	0.01088	0.01268	0.00828	0.00625	0.00547	0.00169	0.00821	0.00452	0.00387	0.00770
44	0.00794	0.00571	0.00770	0.00898	0.00977	0.00548	0.00685	0.00960	0.01208	0.01585	0.03280	0.48435	0.06930	0.01725	0.00763	0.00246	0.00410	0.28181	0.00538	0.00497
45	0.01312	0.01451	0.03061	0.19068	0.03251	0.01431	0.57976	0.01780	0.01327	0.01780	0.01145	0.01565	0.00859	0.00510	0.00663	0.00196	0.00935	0.00649	0.00286	0.00754
46	0.01646	0.01244	0.02047	0.14048	0.48956	0.01253	0.01555	0.01971	0.01375	0.18175	0.01348	0.01574	0.01013	0.00572	0.00579	0.00177	0.00660	0.00533	0.00378	0.00895
47	0.00689	0.00582	0.00596	0.00607	0.00790	0.00489	0.00450	0.00833	0.01308	0.01564	0.05671	0.11635	0.69803	0.01501	0.00692	0.00200	0.00298	0.01262	0.00540	0.00489

[dist]
# distance from previous block
# <min> <max>
8	9

[block]
# block no. 1 follows, 40 sequences, length 9
# corresponding to MSA columns:
# 663-671
name=unknown_B
#
# <colnr> <probs for GDERKNQSTAVLIFYWHMCP>
#	G	D	E	R	K	N	Q	S	T	A	V	L	I	F	Y	W	H	M	C	P
0	0.01671	0.45761	0.02820	0.01369	0.01878	0.02017	0.15735	0.18677	0.01584	0.02006	0.01020	0.01170	0.00831	0.00543	0.00485	0.00151	0.00699	0.00437	0.00336	0.00811
1	0.00890	0.00607	0.00788	0.00827	0.00956	0.00614	0.00661	0.01125	0.01246	0.01778	0.11727	0.07738	0.10504	0.02008	0.18588	0.00378	0.00654	0.21268	0.17116	0.00527
2	0.00712	0.00590	0.00623	0.00615	0.00801	0.00501	0.00461	0.00883	0.01384	0.01710	0.18623	0.05368	0.62881	0.01421	0.00687	0.00194	0.00291	0.01195	0.00558	0.00501
3	0.01093	0.00736	0.00960	0.00938	0.01161	0.00652	0.00748	0.01303	0.01270	0.09005	0.02562	0.27248	0.02732	0.01311	0.00676	0.00207	0.00446	0.26553	0.00510	0.19889
4	0.01814	0.00854	0.01070	0.00915	0.01205	0.00803	0.00717	0.09623	0.01559	0.36111	0.02332	0.20025	0.01965	0.00967	0.00585	0.00184	0.00428	0.00820	0.17245	0.00778
5	0.01088	0.02450	0.58852	0.01488	0.02171	0.01205	0.01816	0.01654	0.01159	0.01727	0.01164	0.01475	0.00904	0.01444	0.18506	0.00360	0.01023	0.00475	0.00261	0.00780
6	0.01521	0.01112	0.01629	0.36638	0.10555	0.01249	0.01317	0.02165	0.18536	0.16875	0.01607	0.01770	0.01159	0.00651	0.00584	0.00190	0.00636	0.00564	0.00433	0.00809
7	0.00715	0.00532	0.00668	0.00757	0.00834	0.00484	0.00521	0.00843	0.01208	0.01585	0.10842	0.56985	0.18524	0.01689	0.00726	0.00223	0.00323	0.01508	0.00550	0.00484
8	0.01089	0.00765	0.00868	0.00818	0.00919	0.00793	0.00548	0.15617	0.01290	0.01724	0.02065	0.20961	0.02292	0.45433	0.01960	0.00408	0.00526	0.00970	0.00443	0.00509

[dist]
# distance from previous block
# <min> <max>
0	1

[block]
# block no. 2 follows, 40 sequences, length 20
# corresponding to MSA columns:
# 673-692
name=unknown_C
#
# <colnr> <probs for GDERKNQSTAVLIFYWHMCP>
#	G	D	E	R	K	N	Q	S	T	A	V	L	I	F	Y	W	H	M	C	P
0	0.00822	0.00690	0.00726	0.00700	0.00908	0.00645	0.00530	0.01216	0.12582	0.01810	0.15222	0.04897	0.54497	0.01328	0.00673	0.00195	0.00317	0.01116	0.00562	0.00565
1	0.00825	0.00646	0.00944	0.01250	0.12825	0.00617	0.00738	0.00965	0.01147	0.01551	0.02868	0.66779	0.03379	0.01614	0.00716	0.00226	0.00394	0.01472	0.00500	0.00544
2	0.14462	0.00939	0.01146	0.00933	0.01312	0.00851	0.00747	0.02146	0.01409	0.42624	0.02035	0.14030	0.01618	0.00827	0.00554	0.00176	0.00454	0.00680	0.00583	0.12474
3	0.01187	0.01158	0.01690	0.01455	0.01500	0.01551	0.04874	0.01342	0.00934	0.01421	0.01029	0.05833	0.01036	0.01482	0.11823	0.00341	0.59848	0.00598	0.00280	0.00619
4	0.00774	0.00592	0.00709	0.00680	0.00839	0.00528	0.00510	0.01002	0.01530	0.02056	0.50308	0.04799	0.30980	0.01292	0.00686	0.00188	0.00282	0.01115	0.00604	0.00528
5	0.13872	0.01117	0.01622	0.01230	0.01690	0.01041	0.12472	0.04339	0.01550	0.52165	0.01883	0.01752	0.01225	0.00657	0.00569	0.00182	0.00570	0.00561	0.00597	0.00906
6	0.02007	0.13868	0.01722	0.01124	0.01546	0.01560	0.00951	0.41343	0.02109	0.14163	0.01510	0.01520	0.01090	0.00666	0.00524	0.00162	0.00563	0.00502	0.12183	0.00887
7	0.01946	0.01766	0.12265	0.01360	0.01860	0.01685	0.01225	0.52979	0.13518	0.03219	0.01494	0.01490	0.01073	0.00691	0.00579	0.00179	0.00644	0.00531	0.00536	0.00960
8	0.01282	0.06935	0.49567	0.01426	0.02093	0.01342	0.01678	0.11927	0.01505	0.02150	0.12980	0.01731	0.01531	0.00671	0.00567	0.00179	0.00721	0.00535	0.00356	0.00822
9	0.00828	0.00625	0.00778	0.00862	0.00947	0.00625	0.00598	0.01174	0.12388	0.01679	0.07322	0.63059	0.03627	0.01627	0.00716	0.00227	0.00352	0.01466	0.00554	0.00545
10	0.01206	0.01034	0.01206	0.00861	0.01378	0.00775	0.00689	0.01464	0.01206	0.01895	0.01034	0.01206	0.00861	0.00431	0.00431	0.00086	0.00431	0.00345	0.00345	0.83118
11	0.01174	0.01219	0.02416	0.17520	0.02691	0.01247	0.39379	0.01546	0.01238	0.01672	0.01472	0.13975	0.01361	0.00975	0.05224	0.00248	0.04840	0.00793	0.00325	0.00683
12	0.01052	0.00777	0.01114	0.01287	0.12943	0.00844	0.00840	0.04957	0.01147	0.01724	0.01553	0.02111	0.01366	0.04349	0.43332	0.00598	0.01080	0.00589	0.17728	0.00609
13	0.01154	0.01093	0.01833	0.64354	0.14079	0.01325	0.01624	0.01524	0.01174	0.01541	0.01031	0.01523	0.00795	0.00591	0.00637	0.00193	0.04065	0.00517	0.00262	0.00685
14	0.00953	0.00829	0.01389	0.01490	0.11864	0.00797	0.12450	0.01197	0.02600	0.01658	0.03796	0.46869	0.02906	0.01376	0.00711	0.00222	0.00508	0.07318	0.00467	0.00601
15	0.00747	0.00575	0.00686	0.00739	0.00819	0.00548	0.00508	0.00848	0.01131	0.01453	0.03771	0.39626	0.27159	0.14077	0.01126	0.00276	0.03611	0.01336	0.00498	0.00466
16	0.01652	0.01263	0.01683	0.01348	0.01705	0.01320	0.12531	0.38016	0.01996	0.05760	0.01930	0.24311	0.01830	0.00996	0.00646	0.00196	0.00599	0.00884	0.00529	0.00804
17	0.00844	0.00709	0.00852	0.00834	0.00958	0.00738	0.00630	0.03351	0.01259	0.01627	0.07732	0.25644	0.37229	0.01459	0.00894	0.00216	0.12795	0.01202	0.00501	0.00528
18	0.00812	0.00600	0.00752	0.00787	0.00892	0.00537	0.00531	0.00920	0.01081	0.01488	0.02619	0.53583	0.03068	0.15172	0.01080	0.00269	0.00392	0.01303	0.00476	0.13638
19	0.57836	0.01655	0.12523	0.01017	0.01446	0.12066	0.00941	0.03350	0.01156	0.02347	0.00870	0.01012	0.00671	0.00554	0.00417	0.00176	0.00601	0.00345	0.00339	0.00679

[dist]
# distance from previous block
# <min> <max>
0	1

[block]
# block no. 3 follows, 40 sequences, length 15
# corresponding to MSA columns:
# 694-708
name=unknown_D
#
# <colnr> <probs for GDERKNQSTAVLIFYWHMCP>
#	G	D	E	R	K	N	Q	S	T	A	V	L	I	F	Y	W	H	M	C	P
0	0.01389	0.47167	0.34344	0.01277	0.01929	0.01896	0.01486	0.01784	0.01201	0.01570	0.00909	0.01058	0.00742	0.00521	0.00450	0.00150	0.00723	0.00362	0.00247	0.00794
1	0.01984	0.01106	0.01317	0.01059	0.01418	0.01109	0.00847	0.26765	0.03448	0.30882	0.09035	0.07223	0.04105	0.06027	0.00763	0.00208	0.00511	0.00715	0.00621	0.00856
2	0.08594	0.01008	0.01600	0.66131	0.03534	0.01242	0.01454	0.01459	0.01121	0.01557	0.01012	0.01509	0.00777	0.00671	0.00671	0.05549	0.00728	0.00498	0.00267	0.00619
3	0.01372	0.01295	0.02192	0.08122	0.64537	0.01311	0.01697	0.01713	0.01315	0.01859	0.01270	0.01912	0.01132	0.00621	0.00597	0.00183	0.00682	0.07014	0.00308	0.00868
4	0.01373	0.01314	0.02240	0.18141	0.61884	0.01364	0.01752	0.01726	0.01293	0.01819	0.01082	0.01461	0.00893	0.00530	0.00577	0.00177	0.00707	0.00518	0.00282	0.00867
5	0.01366	0.01550	0.03326	0.02392	0.02943	0.01490	0.69186	0.01833	0.01342	0.01833	0.01150	0.01550	0.00875	0.00524	0.00764	0.00200	0.05936	0.00675	0.00292	0.00775
6	0.00781	0.00537	0.00653	0.00717	0.00733	0.00521	0.00441	0.00829	0.00972	0.01296	0.02480	0.39364	0.02931	0.42890	0.01914	0.00409	0.00457	0.01227	0.00441	0.00409
7	0.01293	0.01205	0.02112	0.32906	0.02919	0.01330	0.23625	0.08167	0.01360	0.01881	0.01203	0.01603	0.00918	0.00605	0.00678	0.00189	0.05863	0.00572	0.10863	0.00706
8	0.00959	0.00730	0.00999	0.00951	0.01049	0.00852	0.00724	0.05706	0.01029	0.01459	0.01534	0.02440	0.01495	0.18537	0.51514	0.00756	0.07755	0.00651	0.00332	0.00527
9	0.00823	0.00657	0.00942	0.00948	0.01056	0.00628	0.04809	0.00962	0.01125	0.01539	0.02758	0.63397	0.03237	0.01575	0.00774	0.00221	0.04634	0.01416	0.00492	0.08008
10	0.00749	0.00565	0.00821	0.00889	0.00957	0.00528	0.04273	0.00880	0.01157	0.01553	0.07268	0.70925	0.03790	0.01718	0.00736	0.00231	0.00367	0.01569	0.00533	0.00493
11	0.01183	0.06303	0.73401	0.01629	0.02473	0.01391	0.02099	0.01837	0.01226	0.01821	0.01034	0.01215	0.00737	0.00550	0.00545	0.00182	0.00849	0.00425	0.00246	0.00855
12	0.41947	0.01270	0.01146	0.00990	0.01359	0.04583	0.00796	0.09444	0.21982	0.07312	0.01409	0.01410	0.01049	0.00637	0.00470	0.00181	0.00500	0.00452	0.00467	0.02594
13	0.01373	0.01314	0.02240	0.18141	0.61884	0.01364	0.01752	0.01726	0.01293	0.01819	0.01082	0.01461	0.00893	0.00530	0.00577	0.00177	0.00707	0.00518	0.00282	0.00867
14	0.74811	0.01133	0.00900	0.00793	0.01150	0.01305	0.00651	0.06439	0.01114	0.02660	0.00894	0.01026	0.00690	0.00556	0.00376	0.00178	0.00455	0.00338	0.03880	0.00650

[dist]
# distance from previous block
# <min> <max>
5	12

[block]
# block no. 4 follows, 40 sequences, length 33
# corresponding to MSA columns:
# 721-753
name=unknown_E
#
# <colnr> <probs for GDERKNQSTAVLIFYWHMCP>
#	G	D	E	R	K	N	Q	S	T	A	V	L	I	F	Y	W	H	M	C	P
0	0.14048	0.01738	0.01374	0.01157	0.01534	0.27240	0.00906	0.14476	0.07506	0.02203	0.01166	0.01271	0.00915	0.00592	0.00490	0.00149	0.00676	0.00416	0.04463	0.17680
1	0.01166	0.03008	0.76550	0.01657	0.02517	0.01351	0.02149	0.01842	0.01228	0.01842	0.01044	0.01228	0.00737	0.00552	0.00552	0.00184	0.00859	0.00430	0.00246	0.00859
2	0.01198	0.09260	0.70575	0.01604	0.02434	0.01428	0.02055	0.01833	0.01224	0.01803	0.01024	0.01204	0.00737	0.00548	0.00538	0.00179	0.00840	0.00420	0.00246	0.00850
3	0.08376	0.01721	0.01327	0.01197	0.01471	0.31288	0.00911	0.16193	0.05317	0.02091	0.06631	0.17449	0.01797	0.00915	0.00582	0.00180	0.00691	0.00722	0.00448	0.00695
4	0.07465	0.02109	0.01600	0.17159	0.02185	0.45666	0.01167	0.08623	0.01580	0.01746	0.00973	0.01184	0.00774	0.00592	0.00525	0.00160	0.00883	0.00412	0.00323	0.04873
5	0.01513	0.71651	0.10944	0.01066	0.01603	0.02199	0.01119	0.01752	0.01187	0.01419	0.00834	0.00965	0.00745	0.00503	0.00392	0.00131	0.00647	0.00324	0.00248	0.00758
6	0.06236	0.02017	0.01801	0.02904	0.01909	0.30098	0.07009	0.36159	0.02097	0.02581	0.01155	0.01260	0.00868	0.00634	0.00557	0.00168	0.00814	0.00470	0.00435	0.00829
7	0.18221	0.01207	0.01836	0.29000	0.35482	0.01335	0.01488	0.01665	0.01199	0.01901	0.01014	0.01376	0.00810	0.00545	0.00533	0.00182	0.00671	0.00476	0.00292	0.00765
8	0.01196	0.01133	0.01921	0.56770	0.24636	0.01318	0.01664	0.01572	0.01209	0.01605	0.01051	0.01519	0.00817	0.00563	0.00580	0.00188	0.00751	0.00517	0.00267	0.00725
9	0.00886	0.00584	0.00763	0.00816	0.00917	0.00528	0.00565	0.01014	0.01183	0.06661	0.07872	0.60303	0.03515	0.04802	0.00797	0.00232	0.00360	0.01415	0.00538	0.06248
10	0.25648	0.00760	0.00803	0.00780	0.00971	0.00794	0.00594	0.01296	0.03777	0.02245	0.35412	0.17271	0.03547	0.01110	0.00599	0.00195	0.00352	0.02742	0.00533	0.00571
11	0.71409	0.01111	0.00987	0.12259	0.01552	0.01303	0.00776	0.01676	0.01015	0.02442	0.00843	0.01035	0.00651	0.00546	0.00393	0.00182	0.00498	0.00345	0.00345	0.00632
12	0.01193	0.08250	0.71540	0.01612	0.02447	0.01415	0.02070	0.01835	0.01225	0.01809	0.01028	0.01208	0.00737	0.00549	0.00540	0.00180	0.00843	0.00422	0.00246	0.00852
13	0.18932	0.02156	0.01509	0.01309	0.01661	0.43315	0.01018	0.19594	0.01776	0.02211	0.01001	0.01112	0.00783	0.00611	0.00504	0.00162	0.00826	0.00398	0.00380	0.00741
14	0.01352	0.01023	0.01144	0.01019	0.01318	0.01066	0.00784	0.07062	0.34186	0.08196	0.02592	0.18091	0.07947	0.01002	0.00610	0.00189	0.00433	0.00856	0.00557	0.10574
15	0.08680	0.02130	0.01596	0.01361	0.01726	0.39189	0.01064	0.27769	0.06976	0.02383	0.01168	0.01240	0.00895	0.00642	0.00536	0.00164	0.00815	0.00442	0.00425	0.00799
16	0.01120	0.01077	0.01880	0.72086	0.03928	0.01306	0.07413	0.01516	0.01180	0.01516	0.01045	0.01552	0.00784	0.00574	0.00590	0.00194	0.00792	0.00530	0.00261	0.00657
17	0.02455	0.00950	0.01295	0.01016	0.01432	0.00824	0.00829	0.02669	0.01620	0.70253	0.02368	0.08255	0.01635	0.00809	0.00598	0.00185	0.00482	0.00672	0.00705	0.00948
18	0.01270	0.01069	0.01165	0.01101	0.01360	0.01209	0.00843	0.02531	0.56210	0.02205	0.02573	0.18208	0.02276	0.01040	0.00633	0.00209	0.00439	0.04271	0.00578	0.00810
19	0.00737	0.00518	0.00666	0.00774	0.00800	0.00491	0.00501	0.00817	0.01058	0.01411	0.02923	0.63691	0.03490	0.17800	0.01198	0.00304	0.00384	0.01487	0.00501	0.00448
20	0.02172	0.02772	0.01648	0.01498	0.01798	0.77228	0.01124	0.02322	0.01648	0.01423	0.00899	0.01049	0.00749	0.00599	0.00524	0.00150	0.01049	0.00375	0.00300	0.00674
21	0.00831	0.00623	0.00935	0.00935	0.01038	0.00727	0.00727	0.01038	0.00935	0.01350	0.01558	0.02285	0.01454	0.04361	0.77259	0.00935	0.01558	0.00623	0.00312	0.00519
22	0.01242	0.01062	0.01148	0.00998	0.01333	0.01105	0.00776	0.02285	0.43826	0.02187	0.07613	0.02629	0.12815	0.00844	0.00579	0.00173	0.00417	0.00705	0.00537	0.17725
23	0.05674	0.01228	0.01286	0.01114	0.01462	0.01376	0.00877	0.12230	0.51178	0.02550	0.02034	0.01939	0.01529	0.00732	0.00554	0.00181	0.00468	0.00593	0.06506	0.06490
24	0.07798	0.01129	0.01880	0.55638	0.14461	0.01319	0.06483	0.01574	0.01187	0.01664	0.01034	0.01486	0.00793	0.00562	0.00570	0.00190	0.00750	0.00512	0.00273	0.00695
25	0.01476	0.64329	0.17942	0.01129	0.01700	0.02108	0.01229	0.01762	0.01191	0.01464	0.00856	0.00993	0.00744	0.00509	0.00409	0.00136	0.00670	0.00335	0.00248	0.00769
26	0.07071	0.00767	0.00822	0.00766	0.00889	0.00804	0.00524	0.12792	0.01243	0.01826	0.01860	0.11950	0.01948	0.41356	0.01784	0.00377	0.00502	0.00811	0.11395	0.00515
27	0.01197	0.00940	0.01290	0.01148	0.01339	0.04465	0.06739	0.07628	0.01236	0.07042	0.01726	0.13417	0.01641	0.02686	0.38774	0.00568	0.06397	0.00750	0.00393	0.00624
28	0.01982	0.01756	0.01469	0.01274	0.01584	0.31481	0.01004	0.11052	0.05442	0.17840	0.07547	0.02005	0.01541	0.00790	0.00669	0.00179	0.05732	0.05402	0.00480	0.00771
29	0.01214	0.12468	0.67509	0.01576	0.02391	0.01467	0.02007	0.01829	0.01222	0.01783	0.01015	0.01191	0.00738	0.00546	0.00530	0.00177	0.00830	0.00415	0.00246	0.00846
30	0.01573	0.01408	0.02190	0.08427	0.55573	0.01462	0.01633	0.16605	0.01602	0.02233	0.01152	0.01438	0.00925	0.00560	0.00577	0.00175	0.00686	0.00519	0.00346	0.00915
31	0.00937	0.00743	0.01044	0.00987	0.01160	0.00689	0.06485	0.06274	0.01264	0.01727	0.02622	0.56938	0.03004	0.01448	0.00685	0.00209	0.00423	0.01320	0.00497	0.11545
32	0.01166	0.03008	0.76550	0.01657	0.02517	0.01351	0.02149	0.01842	0.01228	0.01842	0.01044	0.01228	0.00737	0.00552	0.00552	0.00184	0.00859	0.00430	0.00246	0.00859

[dist]
# distance from previous block
# <min> <max>
0	71

# created by:
# /software/SequenceAnalysis/GenePrediction/augustus/3.0.1/scripts/msa2prfl.pl ./fixed/BUSCOvEOG7B5QJP.fas
