[name]
unknown

[dist]
# distance from previous block
# <min> <max>
5	98

[block]
# block no. 0 follows, 40 sequences, length 25
# corresponding to MSA columns:
# 102-126
name=unknown_A
#
# <colnr> <probs for GDERKNQSTAVLIFYWHMCP>
#	G	D	E	R	K	N	Q	S	T	A	V	L	I	F	Y	W	H	M	C	P
0	0.01204	0.07950	0.63365	0.01599	0.02339	0.01462	0.01975	0.01786	0.01187	0.01761	0.00997	0.01213	0.00740	0.00600	0.00691	0.00188	0.09439	0.00431	0.00247	0.00827
1	0.01098	0.01034	0.01744	0.78165	0.04005	0.01292	0.01615	0.01486	0.01163	0.01486	0.01034	0.01550	0.00775	0.00581	0.00581	0.00194	0.00775	0.00517	0.00258	0.00646
2	0.01555	0.79913	0.03047	0.00995	0.01493	0.02301	0.00995	0.01741	0.01182	0.01368	0.00808	0.00933	0.00746	0.00498	0.00373	0.00124	0.00622	0.00311	0.00249	0.00746
3	0.00896	0.00672	0.00946	0.00846	0.00913	0.00659	0.08497	0.00956	0.00919	0.01230	0.01839	0.07921	0.02078	0.66309	0.02580	0.00504	0.00597	0.00875	0.00357	0.00407
4	0.01342	0.01226	0.02028	0.15818	0.53517	0.01275	0.01581	0.01720	0.03157	0.01873	0.01205	0.01557	0.00981	0.00553	0.00558	0.00173	0.00653	0.00524	0.09424	0.00833
5	0.00849	0.00586	0.00749	0.00713	0.00847	0.00546	0.00533	0.01119	0.01585	0.02292	0.65617	0.06013	0.05003	0.01148	0.00656	0.00179	0.00276	0.01011	0.09732	0.00546
6	0.01150	0.01297	0.14456	0.30047	0.06601	0.01121	0.03481	0.04049	0.01298	0.01878	0.09123	0.01891	0.01426	0.00671	0.00598	0.00180	0.03108	0.00568	0.16373	0.00684
7	0.01217	0.01166	0.01645	0.06560	0.01629	0.01585	0.01230	0.01382	0.00969	0.01468	0.01075	0.01906	0.01074	0.01043	0.01648	0.00248	0.62111	0.08428	0.02995	0.00623
8	0.74652	0.01180	0.00953	0.00828	0.01200	0.01360	0.00682	0.09712	0.01183	0.02726	0.00875	0.00995	0.00670	0.00557	0.00384	0.00179	0.00471	0.00338	0.00384	0.00670
9	0.74182	0.01134	0.00974	0.09354	0.01465	0.01318	0.00751	0.01703	0.01027	0.02507	0.00864	0.01052	0.00674	0.00564	0.00397	0.00187	0.00496	0.00347	0.00358	0.00646
10	0.00869	0.00583	0.00658	0.00663	0.00668	0.00577	0.00375	0.00866	0.00878	0.01174	0.01924	0.07509	0.02220	0.75431	0.02853	0.00551	0.00562	0.00893	0.00371	0.00374
11	0.02093	0.01559	0.01665	0.01301	0.01742	0.01715	0.01065	0.64518	0.07683	0.03475	0.01751	0.01732	0.05394	0.00768	0.00601	0.00183	0.00616	0.00583	0.00589	0.00969
12	0.07052	0.64847	0.07545	0.01071	0.01564	0.04629	0.01067	0.01774	0.01197	0.01512	0.00855	0.01006	0.00766	0.00540	0.00441	0.00142	0.02635	0.00336	0.00268	0.00755
13	0.14974	0.01296	0.08576	0.44680	0.09846	0.01323	0.01466	0.01728	0.05667	0.03358	0.01138	0.01494	0.00863	0.00600	0.00554	0.00194	0.00705	0.00494	0.00317	0.00727
14	0.01690	0.01259	0.01404	0.01059	0.01526	0.01197	0.00857	0.31020	0.01864	0.05629	0.01320	0.01421	0.01007	0.00588	0.00509	0.00135	0.00517	0.00451	0.06252	0.40294
15	0.00817	0.00615	0.00749	0.00714	0.00869	0.00551	0.00533	0.01049	0.01577	0.02154	0.56853	0.04701	0.24083	0.01280	0.00698	0.00192	0.00290	0.01105	0.00622	0.00549
16	0.00927	0.00742	0.03481	0.06176	0.01075	0.00737	0.00629	0.01027	0.00942	0.01313	0.01716	0.04948	0.01833	0.48780	0.15755	0.00554	0.04054	0.00767	0.04084	0.00460
17	0.01627	0.45446	0.05638	0.04334	0.01615	0.10956	0.01026	0.07120	0.01387	0.03310	0.01090	0.01249	0.00907	0.00579	0.00445	0.00145	0.00651	0.00395	0.11333	0.00748
18	0.00739	0.00528	0.00696	0.00830	0.00866	0.00490	0.00553	0.00832	0.01131	0.01512	0.03224	0.78868	0.03860	0.01835	0.00754	0.00241	0.00348	0.01657	0.00549	0.00488
19	0.01390	0.01315	0.02170	0.08620	0.62647	0.01329	0.01656	0.01760	0.03868	0.01891	0.01497	0.01802	0.06199	0.00618	0.00596	0.00182	0.00670	0.00581	0.00324	0.00885
20	0.01273	0.01252	0.01766	0.06639	0.01694	0.01724	0.01286	0.01412	0.00929	0.01431	0.00839	0.01366	0.00816	0.01124	0.04483	0.00279	0.70251	0.00522	0.00267	0.00647
21	0.00814	0.00615	0.00745	0.00711	0.00867	0.00550	0.00531	0.01043	0.01570	0.02138	0.55406	0.04727	0.25540	0.01286	0.00698	0.00192	0.00291	0.01108	0.00620	0.00547
22	0.01279	0.01093	0.01334	0.00970	0.01477	0.00865	0.03812	0.05023	0.01303	0.01996	0.01135	0.03019	0.00962	0.00497	0.00469	0.00104	0.00472	0.00407	0.00368	0.73415
23	0.17232	0.31977	0.09120	0.01256	0.01642	0.03770	0.05328	0.01702	0.01120	0.01715	0.00873	0.01124	0.00763	0.00657	0.00790	0.00182	0.19337	0.00403	0.00285	0.00723
24	0.01560	0.01302	0.01373	0.01205	0.01551	0.01481	0.00943	0.13245	0.61833	0.02605	0.02362	0.02202	0.04037	0.00816	0.00605	0.00199	0.00491	0.00665	0.00597	0.00930

[dist]
# distance from previous block
# <min> <max>
1	5

[block]
# block no. 1 follows, 40 sequences, length 7
# corresponding to MSA columns:
# 133-139
name=unknown_B
#
# <colnr> <probs for GDERKNQSTAVLIFYWHMCP>
#	G	D	E	R	K	N	Q	S	T	A	V	L	I	F	Y	W	H	M	C	P
0	0.00836	0.00518	0.00630	0.00719	0.00787	0.00496	0.00494	0.00995	0.01149	0.01717	0.02760	0.53003	0.03045	0.01433	0.00628	0.00202	0.00315	0.01275	0.28500	0.00496
1	0.00961	0.00585	0.00763	0.00809	0.00922	0.00531	0.00572	0.01100	0.01260	0.11114	0.10972	0.54523	0.10494	0.01582	0.00711	0.00220	0.00347	0.01414	0.00573	0.00548
2	0.00812	0.00586	0.00768	0.00739	0.00866	0.00542	0.00548	0.01071	0.01596	0.02253	0.68871	0.11327	0.05334	0.01248	0.00691	0.00188	0.00280	0.01108	0.00631	0.00542
3	0.01446	0.01249	0.01315	0.01183	0.01512	0.01446	0.00920	0.03090	0.74885	0.02433	0.02367	0.02170	0.01775	0.00789	0.00592	0.00197	0.00460	0.00657	0.00592	0.00920
4	0.02087	0.01887	0.01627	0.01336	0.01727	0.24069	0.01064	0.43836	0.07991	0.02835	0.01348	0.01390	0.01003	0.00675	0.00557	0.00167	0.00730	0.00491	0.04310	0.00870
5	0.54019	0.16381	0.01416	0.00924	0.01311	0.09526	0.00783	0.06555	0.01211	0.02317	0.00858	0.00983	0.00688	0.00548	0.00394	0.00166	0.00558	0.00334	0.00347	0.00680
6	0.25453	0.00897	0.00877	0.00836	0.01058	0.04154	0.00625	0.01260	0.01112	0.01868	0.02131	0.31386	0.06912	0.03575	0.00676	0.00202	0.02874	0.00918	0.00432	0.12754

[dist]
# distance from previous block
# <min> <max>
1	3

[block]
# block no. 2 follows, 40 sequences, length 6
# corresponding to MSA columns:
# 143-148
name=unknown_C
#
# <colnr> <probs for GDERKNQSTAVLIFYWHMCP>
#	G	D	E	R	K	N	Q	S	T	A	V	L	I	F	Y	W	H	M	C	P
0	0.01256	0.08956	0.01298	0.00997	0.01227	0.01063	0.00795	0.10356	0.06078	0.06081	0.01666	0.11839	0.01557	0.02184	0.27027	0.07040	0.03412	0.00681	0.00406	0.06082
1	0.00746	0.00556	0.00708	0.00792	0.00880	0.00498	0.00542	0.00864	0.01142	0.01526	0.03302	0.65569	0.10837	0.01676	0.00712	0.00220	0.00341	0.01506	0.00524	0.07057
2	0.01335	0.01575	0.06696	0.07325	0.02938	0.01482	0.58898	0.01794	0.01307	0.01794	0.01122	0.01524	0.00857	0.00548	0.00786	0.00201	0.08121	0.00646	0.00286	0.00765
3	0.11560	0.00662	0.00779	0.00754	0.00917	0.00646	0.00578	0.01149	0.01486	0.02226	0.52047	0.08784	0.09196	0.01190	0.00655	0.00192	0.00320	0.05723	0.00584	0.00550
4	0.15833	0.00616	0.00775	0.00759	0.00823	0.00648	0.00527	0.00928	0.00799	0.01297	0.00974	0.01620	0.00942	0.01755	0.01930	0.68215	0.00495	0.00471	0.00272	0.00320
5	0.01581	0.12405	0.02933	0.06399	0.02621	0.01511	0.46692	0.05238	0.01434	0.11513	0.01272	0.01524	0.00934	0.00536	0.00619	0.00183	0.00840	0.00603	0.00354	0.00807

[dist]
# distance from previous block
# <min> <max>
6	43

[block]
# block no. 3 follows, 40 sequences, length 9
# corresponding to MSA columns:
# 192-200
name=unknown_D
#
# <colnr> <probs for GDERKNQSTAVLIFYWHMCP>
#	G	D	E	R	K	N	Q	S	T	A	V	L	I	F	Y	W	H	M	C	P
0	0.06331	0.01119	0.01263	0.00963	0.01419	0.01019	0.00776	0.12888	0.07807	0.11666	0.01392	0.01447	0.01050	0.00557	0.00482	0.00129	0.00467	0.00437	0.04501	0.44288
1	0.01230	0.01208	0.02168	0.46903	0.22642	0.01343	0.12893	0.01622	0.01238	0.01653	0.01072	0.01524	0.00830	0.00551	0.00596	0.00189	0.00785	0.00544	0.00272	0.00739
2	0.00961	0.00733	0.00861	0.00817	0.01010	0.00711	0.00640	0.08241	0.05149	0.02149	0.33500	0.06461	0.24909	0.01273	0.00688	0.00199	0.00360	0.10162	0.00587	0.00589
3	0.10357	0.04022	0.01389	0.01040	0.01474	0.01068	0.00861	0.07557	0.07885	0.55090	0.02039	0.01816	0.01332	0.00698	0.00555	0.00179	0.00502	0.00550	0.00647	0.00939
4	0.01293	0.00857	0.01020	0.00865	0.01169	0.00791	0.00676	0.01776	0.14309	0.15107	0.25543	0.03171	0.14183	0.00942	0.00605	0.00169	0.00377	0.00799	0.00576	0.15769
5	0.20866	0.00830	0.00861	0.06021	0.01132	0.00911	0.00604	0.01423	0.11796	0.01752	0.01992	0.06618	0.07391	0.33729	0.01539	0.00348	0.00503	0.00738	0.00407	0.00539
6	0.01546	0.01138	0.01299	0.04827	0.01504	0.01175	0.00853	0.32387	0.03251	0.04295	0.05356	0.12183	0.01706	0.07535	0.00778	0.00201	0.00523	0.00703	0.04076	0.14666
7	0.13918	0.01350	0.01432	0.01175	0.01563	0.01489	0.00962	0.41727	0.11377	0.07307	0.01688	0.05015	0.01360	0.00803	0.00574	0.00188	0.00561	0.06086	0.00553	0.00872
8	0.03272	0.07742	0.01508	0.07265	0.10547	0.01128	0.00999	0.10108	0.04074	0.08970	0.11423	0.04846	0.01977	0.00829	0.00583	0.00174	0.00527	0.09997	0.00464	0.13567

[dist]
# distance from previous block
# <min> <max>
0	2

[block]
# block no. 4 follows, 40 sequences, length 26
# corresponding to MSA columns:
# 203-228
name=unknown_E
#
# <colnr> <probs for GDERKNQSTAVLIFYWHMCP>
#	G	D	E	R	K	N	Q	S	T	A	V	L	I	F	Y	W	H	M	C	P
0	0.40163	0.01228	0.05355	0.12702	0.01928	0.01259	0.13139	0.01716	0.05089	0.02162	0.01070	0.01328	0.00827	0.00633	0.00568	0.04324	0.00603	0.00454	0.04787	0.00662
1	0.00804	0.00594	0.00751	0.00712	0.00857	0.00541	0.00534	0.01061	0.01602	0.02226	0.65951	0.04518	0.15231	0.01228	0.00686	0.00185	0.00277	0.01076	0.00626	0.00541
2	0.00944	0.00682	0.00843	0.00893	0.00994	0.00681	0.00629	0.12296	0.01368	0.01827	0.02921	0.66975	0.03398	0.01645	0.00717	0.00226	0.00385	0.01476	0.00546	0.00553
3	0.14204	0.01249	0.01636	0.01407	0.01464	0.01706	0.01171	0.01448	0.00906	0.01589	0.00771	0.01221	0.00742	0.00943	0.01665	0.00243	0.66249	0.00478	0.00271	0.00635
4	0.67852	0.13487	0.01230	0.03548	0.01285	0.01460	0.00722	0.01706	0.01026	0.02374	0.00817	0.00964	0.00653	0.00535	0.00370	0.00172	0.00488	0.00321	0.00339	0.00649
5	0.02107	0.01201	0.02725	0.02653	0.01580	0.01185	0.00940	0.24836	0.08629	0.35161	0.10856	0.02079	0.01794	0.00770	0.00596	0.00181	0.00522	0.00625	0.00638	0.00921
6	0.01171	0.00977	0.01661	0.43786	0.02898	0.01099	0.11673	0.01527	0.01221	0.04514	0.01401	0.05893	0.01133	0.00661	0.00568	0.00184	0.00664	0.00610	0.17713	0.00648
7	0.01113	0.00707	0.00840	0.00836	0.00995	0.00696	0.00611	0.07780	0.05671	0.08544	0.02961	0.41727	0.09688	0.01349	0.00647	0.00204	0.00371	0.01183	0.13472	0.00604
8	0.09264	0.05969	0.01550	0.10455	0.01822	0.05380	0.01019	0.38186	0.01962	0.02692	0.01529	0.13547	0.01359	0.00829	0.00569	0.00182	0.00606	0.00661	0.01621	0.00797
9	0.09863	0.14359	0.01763	0.01155	0.01587	0.06048	0.00973	0.31869	0.01850	0.06428	0.01169	0.01249	0.00891	0.00620	0.00571	0.00156	0.04808	0.00434	0.00441	0.13766
10	0.01069	0.00649	0.00829	0.00821	0.00977	0.00602	0.00600	0.01314	0.05037	0.13495	0.20905	0.37266	0.11347	0.01407	0.00691	0.00208	0.00348	0.01245	0.00595	0.00596
11	0.01303	0.01373	0.02595	0.24805	0.12068	0.02499	0.35005	0.01727	0.02469	0.01718	0.01103	0.01523	0.00858	0.00574	0.00747	0.00197	0.07808	0.00595	0.00284	0.00748
12	0.00918	0.00704	0.00824	0.00819	0.00982	0.00696	0.00602	0.01383	0.15750	0.03401	0.24187	0.25833	0.18977	0.01345	0.00682	0.00204	0.00338	0.01177	0.00582	0.00596
13	0.01511	0.01049	0.01197	0.01039	0.01343	0.01120	0.00815	0.08806	0.35358	0.14100	0.22712	0.02731	0.03888	0.00892	0.00617	0.00188	0.00427	0.00753	0.00624	0.00827
14	0.01384	0.41553	0.31817	0.01408	0.02057	0.01842	0.09162	0.01793	0.01220	0.01606	0.00939	0.01115	0.00757	0.00518	0.00476	0.00155	0.00753	0.00397	0.00252	0.00795
15	0.00793	0.00610	0.00753	0.00775	0.00920	0.00530	0.00548	0.00942	0.01210	0.01638	0.09722	0.48233	0.15320	0.01490	0.00679	0.00201	0.00339	0.01325	0.00518	0.13453
16	0.05702	0.03473	0.40619	0.01403	0.02069	0.01217	0.05257	0.01963	0.04063	0.12978	0.01264	0.01370	0.00903	0.00569	0.00553	0.00169	0.01851	0.00454	0.00353	0.13770
17	0.02048	0.01383	0.01522	0.01208	0.01618	0.01500	0.00980	0.45011	0.15123	0.14707	0.01742	0.01738	0.01257	0.03516	0.00662	0.00192	0.00569	0.00569	0.03718	0.00937
18	0.22582	0.01255	0.01951	0.12131	0.06567	0.01277	0.23380	0.01800	0.05997	0.03260	0.01130	0.01386	0.00868	0.00531	0.00533	0.00173	0.00670	0.00500	0.00340	0.13668
19	0.14307	0.05690	0.06760	0.06743	0.41039	0.01426	0.12263	0.01769	0.01257	0.01951	0.01040	0.01347	0.00841	0.00522	0.00546	0.00177	0.00707	0.00495	0.00294	0.00827
20	0.01532	0.01111	0.01314	0.05165	0.05255	0.01206	0.00930	0.05440	0.40885	0.13951	0.10687	0.02464	0.05827	0.00831	0.00605	0.00191	0.00471	0.00701	0.00582	0.00856
21	0.01056	0.00839	0.00963	0.00913	0.01139	0.00839	0.00692	0.01672	0.23054	0.01925	0.06284	0.21554	0.07562	0.04111	0.00714	0.00206	0.00406	0.07521	0.04965	0.13586
22	0.13908	0.00815	0.00977	0.00944	0.01083	0.03769	0.00734	0.01201	0.00963	0.01540	0.01388	0.02062	0.01299	0.07848	0.53845	0.00728	0.05467	0.00572	0.00318	0.00539
23	0.01490	0.13535	0.01638	0.05229	0.04633	0.01471	0.01005	0.10538	0.35108	0.04686	0.05616	0.02352	0.01764	0.00808	0.00580	0.00188	0.00531	0.07486	0.00508	0.00833
24	0.01557	0.01052	0.01217	0.01042	0.01326	0.01098	0.00815	0.28995	0.06717	0.10681	0.17649	0.20478	0.02712	0.01075	0.00643	0.00193	0.00464	0.00917	0.00600	0.00770
25	0.56630	0.11455	0.08198	0.00906	0.01340	0.01389	0.00842	0.01848	0.01110	0.10384	0.00992	0.01082	0.00743	0.00555	0.00404	0.00173	0.00515	0.00354	0.00374	0.00705

[dist]
# distance from previous block
# <min> <max>
0	6

[block]
# block no. 5 follows, 40 sequences, length 13
# corresponding to MSA columns:
# 235-247
name=unknown_F
#
# <colnr> <probs for GDERKNQSTAVLIFYWHMCP>
#	G	D	E	R	K	N	Q	S	T	A	V	L	I	F	Y	W	H	M	C	P
0	0.07428	0.05340	0.20849	0.01277	0.01803	0.01326	0.04842	0.18893	0.05629	0.08502	0.07640	0.03372	0.01394	0.00678	0.00553	0.00171	0.00620	0.00548	0.00443	0.08694
1	0.00722	0.00525	0.00680	0.00779	0.00841	0.00484	0.00532	0.00850	0.01203	0.01604	0.12967	0.62639	0.10614	0.01707	0.00730	0.00226	0.00325	0.01535	0.00553	0.00484
2	0.01992	0.01492	0.01610	0.01233	0.01692	0.01592	0.01013	0.60080	0.02448	0.03309	0.01576	0.01585	0.04806	0.00700	0.00566	0.00163	0.00593	0.00535	0.00546	0.12469
3	0.07282	0.01369	0.01527	0.05148	0.01747	0.01490	0.01013	0.40855	0.12345	0.16838	0.01654	0.01610	0.01160	0.00698	0.00566	0.00179	0.00574	0.00540	0.02475	0.00929
4	0.00975	0.00574	0.00769	0.00841	0.00933	0.00526	0.00584	0.01093	0.01191	0.11971	0.03078	0.68368	0.03509	0.01667	0.00720	0.00228	0.00359	0.01504	0.00565	0.00545
5	0.07087	0.01428	0.02847	0.06335	0.07217	0.01369	0.51704	0.01945	0.01368	0.10936	0.01275	0.01567	0.00929	0.00528	0.00639	0.00191	0.00857	0.00629	0.00348	0.00800
6	0.00817	0.00568	0.00699	0.00699	0.00760	0.00545	0.00459	0.00944	0.01212	0.01673	0.32356	0.14586	0.03743	0.36459	0.01715	0.00361	0.00413	0.01043	0.00497	0.00450
7	0.00744	0.00533	0.00707	0.00786	0.00851	0.00496	0.00543	0.00899	0.01278	0.01747	0.25641	0.55999	0.04354	0.01626	0.00725	0.00220	0.00318	0.01467	0.00571	0.00496
8	0.11528	0.39776	0.02481	0.01255	0.01723	0.06705	0.11171	0.12780	0.01455	0.03312	0.00996	0.01145	0.00814	0.00613	0.01869	0.00166	0.00696	0.00411	0.00332	0.00770
9	0.05163	0.08286	0.11393	0.01068	0.01582	0.01083	0.00991	0.02228	0.05899	0.33410	0.01621	0.01560	0.01126	0.00601	0.00514	0.00153	0.00534	0.00472	0.00497	0.21818
10	0.01572	0.23112	0.01831	0.11884	0.01771	0.12463	0.01005	0.01892	0.08272	0.10875	0.01312	0.01612	0.01084	0.05966	0.05992	0.04095	0.03710	0.00488	0.00361	0.00701
11	0.01335	0.01333	0.11731	0.01136	0.01505	0.01194	0.01002	0.02446	0.43678	0.06813	0.16831	0.02545	0.04221	0.00848	0.00607	0.00191	0.00477	0.00714	0.00559	0.00831
12	0.01038	0.00650	0.00754	0.00707	0.00776	0.00645	0.00444	0.04670	0.01074	0.06736	0.08809	0.03605	0.02328	0.62593	0.02457	0.00481	0.00535	0.00830	0.00417	0.00448

[dist]
# distance from previous block
# <min> <max>
0	2

[block]
# block no. 6 follows, 40 sequences, length 9
# corresponding to MSA columns:
# 250-258
name=unknown_G
#
# <colnr> <probs for GDERKNQSTAVLIFYWHMCP>
#	G	D	E	R	K	N	Q	S	T	A	V	L	I	F	Y	W	H	M	C	P
0	0.11735	0.00730	0.00708	0.00654	0.00853	0.00772	0.00508	0.09019	0.01349	0.02381	0.01706	0.01931	0.01328	0.00662	0.00419	0.00145	0.00333	0.00511	0.63656	0.00600
1	0.05988	0.00708	0.00727	0.00688	0.00865	0.00736	0.00524	0.10401	0.01382	0.02296	0.01935	0.11627	0.01672	0.00815	0.00468	0.00156	0.00336	0.00665	0.57417	0.00594
2	0.01576	0.01147	0.01297	0.10602	0.01715	0.03937	0.00917	0.08974	0.26236	0.12396	0.01811	0.01833	0.01338	0.00677	0.00539	0.00168	0.00511	0.00551	0.12662	0.11112
3	0.01897	0.07915	0.01690	0.01426	0.06752	0.24783	0.01058	0.27742	0.01903	0.05538	0.01473	0.12375	0.01319	0.00801	0.00570	0.00172	0.00718	0.00624	0.00449	0.00795
4	0.83671	0.01125	0.00855	0.00765	0.01125	0.01305	0.00630	0.01709	0.00990	0.02609	0.00810	0.00945	0.00630	0.00540	0.00360	0.00180	0.00450	0.00315	0.00360	0.00630
5	0.01476	0.01408	0.02079	0.31755	0.02906	0.09711	0.19435	0.06875	0.07172	0.05981	0.01248	0.01560	0.00934	0.00634	0.00669	0.02008	0.02506	0.00558	0.00346	0.00739
6	0.00829	0.00667	0.01029	0.10582	0.01403	0.00663	0.05973	0.01030	0.01248	0.01687	0.17704	0.48455	0.03586	0.01440	0.00706	0.00217	0.00426	0.01317	0.00508	0.00532
7	0.32060	0.00840	0.00842	0.00773	0.01012	0.00895	0.00593	0.01345	0.01022	0.01967	0.01376	0.06126	0.01288	0.10955	0.16548	0.00368	0.00662	0.00548	0.09917	0.10866
8	0.00932	0.00660	0.00887	0.06182	0.01193	0.00614	0.00679	0.01121	0.01264	0.05574	0.15129	0.42009	0.03381	0.01381	0.00679	0.00205	0.00391	0.06339	0.00522	0.10860

[dist]
# distance from previous block
# <min> <max>
0	1

[block]
# block no. 7 follows, 40 sequences, length 8
# corresponding to MSA columns:
# 260-267
name=unknown_H
#
# <colnr> <probs for GDERKNQSTAVLIFYWHMCP>
#	G	D	E	R	K	N	Q	S	T	A	V	L	I	F	Y	W	H	M	C	P
0	0.07864	0.00899	0.01340	0.01074	0.01391	0.00835	0.11006	0.01805	0.01563	0.25831	0.36003	0.02937	0.03174	0.00891	0.00629	0.00184	0.00458	0.00795	0.00595	0.00729
1	0.01555	0.79913	0.03047	0.00995	0.01493	0.02301	0.00995	0.01741	0.01182	0.01368	0.00808	0.00933	0.00746	0.00498	0.00373	0.00124	0.00622	0.00311	0.00249	0.00746
2	0.01162	0.01003	0.01156	0.11880	0.01635	0.01118	0.00872	0.02151	0.40455	0.02089	0.09901	0.03084	0.19180	0.00956	0.00621	0.00195	0.00449	0.00807	0.00537	0.00747
3	0.12775	0.01059	0.01620	0.63297	0.03471	0.01319	0.01458	0.01513	0.01124	0.01640	0.00988	0.01451	0.00754	0.00598	0.00618	0.00195	0.04717	0.00488	0.00273	0.00643
4	0.01405	0.07498	0.02817	0.01993	0.02494	0.01477	0.48401	0.06323	0.10018	0.01989	0.01480	0.02049	0.01215	0.00643	0.00656	0.00196	0.00829	0.07366	0.00366	0.00786
5	0.01397	0.01158	0.01669	0.03992	0.29490	0.01114	0.01173	0.07508	0.01448	0.06115	0.11684	0.01806	0.01573	0.00636	0.00605	0.00154	0.03666	0.00549	0.00399	0.23864
6	0.09443	0.01064	0.01225	0.01012	0.01296	0.01118	0.00790	0.28493	0.01644	0.10984	0.01286	0.01551	0.01010	0.01164	0.01181	0.30907	0.00546	0.00496	0.00444	0.04345
7	0.17193	0.01117	0.01206	0.00985	0.01382	0.05115	0.00789	0.02287	0.09363	0.34331	0.01808	0.06333	0.01344	0.00709	0.00526	0.00169	0.00493	0.00558	0.00546	0.13745

[dist]
# distance from previous block
# <min> <max>
8	171

# created by:
# /software/SequenceAnalysis/GenePrediction/augustus/3.0.1/scripts/msa2prfl.pl ./fixed/BUSCOvEOG77WQ36.fas
