[name]
unknown

[dist]
# distance from previous block
# <min> <max>
0	179

[block]
# block no. 0 follows, 41 sequences, length 14
# corresponding to MSA columns:
# 180-193
name=unknown_A
#
# <colnr> <probs for GDERKNQSTAVLIFYWHMCP>
#	G	D	E	R	K	N	Q	S	T	A	V	L	I	F	Y	W	H	M	C	P
0	0.34612	0.15084	0.17156	0.03105	0.01656	0.01523	0.01113	0.04906	0.06301	0.02244	0.04262	0.01400	0.01064	0.00660	0.00526	0.00191	0.02606	0.00441	0.00378	0.00772
1	0.01066	0.00533	0.00533	0.00533	0.00666	0.00533	0.00400	0.01333	0.01200	0.02132	0.01866	0.02132	0.01466	0.00666	0.00400	0.00133	0.00267	0.00533	0.83073	0.00533
2	0.00832	0.00555	0.00624	0.00624	0.00624	0.00555	0.00347	0.00832	0.00832	0.01109	0.01802	0.03743	0.02080	0.79898	0.02911	0.00555	0.00555	0.00832	0.00347	0.00347
3	0.01281	0.01073	0.01237	0.00892	0.01396	0.00859	0.00717	0.08417	0.01330	0.02030	0.01051	0.01204	0.00859	0.00449	0.00438	0.00093	0.00443	0.00356	0.00361	0.75516
4	0.64447	0.04377	0.03924	0.00894	0.01279	0.05793	0.00766	0.09245	0.01204	0.02531	0.00870	0.00991	0.00671	0.00549	0.00394	0.00173	0.00518	0.00338	0.00365	0.00671
5	0.83938	0.01106	0.00841	0.00752	0.01106	0.01283	0.00619	0.01681	0.00973	0.02566	0.00796	0.00929	0.00619	0.00531	0.00354	0.00177	0.00442	0.00310	0.00354	0.00619
6	0.00796	0.00584	0.00746	0.00705	0.00846	0.00534	0.00529	0.01053	0.01587	0.02218	0.68935	0.04397	0.12537	0.01198	0.00675	0.00181	0.00272	0.01052	0.00620	0.00534
7	0.01222	0.01208	0.01695	0.01462	0.01469	0.01681	0.01215	0.01352	0.00879	0.01373	0.00804	0.01320	0.00797	0.01227	0.07078	0.00296	0.73543	0.00508	0.00254	0.00618
8	0.00994	0.00497	0.00745	0.00745	0.00745	0.00497	0.00497	0.00745	0.00745	0.00994	0.00994	0.01739	0.00994	0.01987	0.02235	0.83358	0.00497	0.00497	0.00248	0.00248
9	0.00770	0.00562	0.00724	0.00728	0.00841	0.00516	0.00529	0.00986	0.01460	0.02020	0.51680	0.23541	0.10811	0.01351	0.00689	0.00194	0.00287	0.01199	0.00596	0.00516
10	0.02174	0.01602	0.01717	0.01316	0.01774	0.01774	0.01087	0.74423	0.02689	0.03605	0.01373	0.01373	0.00973	0.00687	0.00572	0.00172	0.00629	0.00515	0.00572	0.00973
11	0.00762	0.00583	0.00699	0.00670	0.00825	0.00520	0.00502	0.00988	0.01507	0.02028	0.51128	0.04709	0.30463	0.01268	0.00675	0.00185	0.00277	0.01096	0.00595	0.00520
12	0.83938	0.01106	0.00841	0.00752	0.01106	0.01283	0.00619	0.01681	0.00973	0.02566	0.00796	0.00929	0.00619	0.00531	0.00354	0.00177	0.00442	0.00310	0.00354	0.00619
13	0.01382	0.01398	0.02604	0.06336	0.51892	0.01381	0.22904	0.01766	0.01310	0.01841	0.01097	0.01457	0.00889	0.00504	0.00598	0.00177	0.00766	0.00558	0.00284	0.00855

[dist]
# distance from previous block
# <min> <max>
0	1

[block]
# block no. 1 follows, 41 sequences, length 18
# corresponding to MSA columns:
# 195-212
name=unknown_B
#
# <colnr> <probs for GDERKNQSTAVLIFYWHMCP>
#	G	D	E	R	K	N	Q	S	T	A	V	L	I	F	Y	W	H	M	C	P
0	0.01496	0.73591	0.09360	0.01035	0.01555	0.02183	0.01076	0.01721	0.01166	0.01386	0.00815	0.00943	0.00733	0.00494	0.00382	0.00127	0.00632	0.00316	0.00244	0.00744
1	0.01349	0.01291	0.02202	0.18313	0.62045	0.01342	0.01722	0.01697	0.01271	0.01788	0.01064	0.01437	0.00878	0.00522	0.00567	0.00174	0.00696	0.00509	0.00277	0.00853
2	0.02183	0.01350	0.01542	0.01176	0.01634	0.01384	0.00969	0.45032	0.02210	0.25252	0.01598	0.01524	0.01091	0.00664	0.00557	0.00164	0.00564	0.00514	0.00587	0.10004
3	0.57197	0.23704	0.01514	0.00924	0.04145	0.01566	0.00766	0.01693	0.01040	0.02191	0.00807	0.00945	0.00663	0.00518	0.00366	0.00161	0.00500	0.00316	0.00320	0.00663
4	0.00697	0.00498	0.00664	0.00796	0.00830	0.00465	0.00531	0.00796	0.01095	0.01460	0.03153	0.79525	0.03783	0.01792	0.00730	0.00232	0.00332	0.01626	0.00531	0.00465
5	0.00697	0.00498	0.00664	0.00796	0.00830	0.00465	0.00531	0.00796	0.01095	0.01460	0.03153	0.79525	0.03783	0.01792	0.00730	0.00232	0.00332	0.01626	0.00531	0.00465
6	0.00993	0.00656	0.00879	0.00921	0.01083	0.00625	0.00772	0.01243	0.01414	0.07495	0.21199	0.05480	0.11060	0.01400	0.00734	0.00229	0.00436	0.42255	0.00566	0.00559
7	0.01361	0.01304	0.02224	0.15624	0.64641	0.01345	0.01728	0.01708	0.01277	0.01803	0.01066	0.01433	0.00883	0.00520	0.00567	0.00173	0.00693	0.00509	0.00278	0.00862
8	0.00725	0.00525	0.00690	0.00804	0.00865	0.00490	0.00566	0.00854	0.01160	0.01534	0.06824	0.62401	0.09314	0.01713	0.00730	0.00230	0.00347	0.09216	0.00535	0.00476
9	0.01350	0.01543	0.03375	0.02411	0.02989	0.01446	0.74253	0.01832	0.01350	0.01832	0.01157	0.01543	0.00868	0.00482	0.00675	0.00193	0.00964	0.00675	0.00289	0.00771
10	0.02091	0.02377	0.01616	0.01417	0.01748	0.55932	0.01086	0.17491	0.07402	0.01938	0.01096	0.01186	0.00862	0.00624	0.00533	0.00156	0.00903	0.00420	0.00375	0.00746
11	0.00697	0.00498	0.00664	0.00796	0.00830	0.00465	0.00531	0.00796	0.01095	0.01460	0.03153	0.79525	0.03783	0.01792	0.00730	0.00232	0.00332	0.01626	0.00531	0.00465
12	0.01066	0.00533	0.00533	0.00533	0.00666	0.00533	0.00400	0.01333	0.01200	0.02132	0.01866	0.02132	0.01466	0.00666	0.00400	0.00133	0.00267	0.00533	0.83073	0.00533
13	0.01327	0.00973	0.01083	0.00981	0.01205	0.01059	0.00736	0.08835	0.32587	0.07130	0.04795	0.04978	0.02036	0.23442	0.01267	0.00299	0.00496	0.05545	0.00519	0.00706
14	0.01080	0.01017	0.01716	0.78523	0.03940	0.01271	0.01589	0.01461	0.01144	0.01461	0.01017	0.01525	0.00762	0.00572	0.00572	0.00191	0.00762	0.00508	0.00254	0.00635
15	0.00703	0.00501	0.00662	0.00788	0.00820	0.00469	0.00522	0.00798	0.01082	0.01443	0.03088	0.75879	0.03701	0.05550	0.00835	0.00248	0.00343	0.01588	0.00522	0.00459
16	0.04145	0.51310	0.28082	0.01193	0.01799	0.01913	0.01353	0.01745	0.01171	0.01545	0.00874	0.01017	0.00727	0.00509	0.00427	0.00144	0.00686	0.00346	0.00247	0.00768
17	0.01345	0.01527	0.03286	0.02361	0.02908	0.01463	0.70251	0.01807	0.01324	0.01807	0.01135	0.01527	0.00861	0.00511	0.00741	0.00196	0.05234	0.00665	0.00287	0.00763

[dist]
# distance from previous block
# <min> <max>
0	2

[block]
# block no. 2 follows, 41 sequences, length 289
# corresponding to MSA columns:
# 215-503
name=unknown_C
#
# <colnr> <probs for GDERKNQSTAVLIFYWHMCP>
#	G	D	E	R	K	N	Q	S	T	A	V	L	I	F	Y	W	H	M	C	P
0	0.03472	0.59568	0.15365	0.01181	0.01728	0.02097	0.01213	0.05940	0.01326	0.01694	0.00989	0.01161	0.00858	0.00591	0.00462	0.00159	0.00686	0.00379	0.00307	0.00823
1	0.05708	0.03456	0.33222	0.01431	0.02010	0.02755	0.02632	0.23049	0.01749	0.07697	0.04297	0.06426	0.01324	0.00775	0.00610	0.00201	0.00718	0.00593	0.00452	0.00896
2	0.01936	0.06161	0.02174	0.01738	0.07238	0.08870	0.15390	0.32187	0.07312	0.05037	0.01412	0.01579	0.01081	0.00712	0.00685	0.00198	0.04324	0.00568	0.00478	0.00920
3	0.06282	0.00809	0.00909	0.00853	0.00983	0.00814	0.00578	0.04845	0.05326	0.04687	0.01909	0.08937	0.01982	0.44161	0.10197	0.00484	0.00664	0.00809	0.00436	0.04333
4	0.01913	0.01448	0.01658	0.01313	0.01724	0.01509	0.04599	0.50878	0.02268	0.03082	0.01666	0.11418	0.01436	0.02207	0.00670	0.00199	0.00622	0.00686	0.00559	0.10145
5	0.06575	0.01562	0.03114	0.02280	0.02794	0.01520	0.61921	0.01856	0.01355	0.01943	0.01215	0.01636	0.00954	0.00611	0.00809	0.00218	0.07828	0.00671	0.00331	0.00808
6	0.01199	0.01099	0.01786	0.77143	0.03974	0.01331	0.01623	0.01542	0.01218	0.01574	0.01135	0.01682	0.00876	0.00650	0.00622	0.00212	0.00798	0.00546	0.00296	0.00696
7	0.01081	0.00861	0.01020	0.00924	0.01193	0.00729	0.00672	0.01309	0.05809	0.01806	0.02250	0.39317	0.02436	0.01189	0.00634	0.00186	0.00422	0.01021	0.00487	0.36655
8	0.01303	0.01099	0.01266	0.00928	0.01439	0.00832	0.00729	0.01521	0.01259	0.01968	0.01135	0.01350	0.00959	0.00505	0.00476	0.00108	0.00465	0.00379	0.00379	0.81898
9	0.06240	0.00936	0.00959	0.00996	0.01121	0.07534	0.00704	0.05384	0.04943	0.01802	0.02700	0.56778	0.03061	0.01536	0.00739	0.00237	0.01867	0.01319	0.00535	0.00609
10	0.02203	0.02467	0.01693	0.01494	0.01829	0.56781	0.01133	0.16768	0.06090	0.02009	0.01184	0.01329	0.00955	0.00697	0.00582	0.00177	0.00948	0.00453	0.00407	0.00799
11	0.00948	0.00678	0.00753	0.00755	0.00933	0.00582	0.00547	0.01060	0.01368	0.06935	0.08959	0.22401	0.48813	0.01522	0.00729	0.00222	0.00356	0.01274	0.00585	0.00580
12	0.01318	0.13615	0.65438	0.01607	0.02400	0.01516	0.01982	0.01872	0.01274	0.01853	0.01113	0.01331	0.00840	0.00615	0.00569	0.00195	0.00847	0.00446	0.00284	0.00887
13	0.01265	0.03004	0.75589	0.01697	0.02538	0.01387	0.02138	0.01885	0.01280	0.01917	0.01145	0.01371	0.00839	0.00622	0.00594	0.00203	0.00879	0.00462	0.00283	0.00902
14	0.02658	0.01056	0.01405	0.01096	0.01542	0.00909	0.00889	0.02843	0.01702	0.75422	0.02351	0.02096	0.01517	0.00784	0.00625	0.00199	0.00527	0.00611	0.00741	0.01028
15	0.01505	0.01411	0.02338	0.08787	0.69941	0.01411	0.01775	0.01810	0.01362	0.01945	0.01189	0.01583	0.01007	0.00594	0.00616	0.00193	0.00722	0.00547	0.00322	0.00943
16	0.01516	0.53633	0.27153	0.01270	0.01878	0.02000	0.01394	0.01821	0.01251	0.01612	0.00993	0.01181	0.00845	0.00587	0.00478	0.00164	0.00726	0.00385	0.00285	0.00829
17	0.01199	0.01099	0.01786	0.77143	0.03974	0.01331	0.01623	0.01542	0.01218	0.01574	0.01135	0.01682	0.00876	0.00650	0.00622	0.00212	0.00798	0.00546	0.00296	0.00696
18	0.00823	0.00589	0.00754	0.00879	0.00923	0.00540	0.00585	0.00889	0.01170	0.01572	0.03231	0.78215	0.03840	0.01847	0.00777	0.00253	0.00375	0.01642	0.00567	0.00529
19	0.01199	0.01099	0.01786	0.77143	0.03974	0.01331	0.01623	0.01542	0.01218	0.01574	0.01135	0.01682	0.00876	0.00650	0.00622	0.00212	0.00798	0.00546	0.00296	0.00696
20	0.00866	0.00650	0.00718	0.00730	0.00843	0.00582	0.00493	0.00942	0.01240	0.01601	0.12199	0.17060	0.33597	0.24155	0.01377	0.00323	0.00415	0.01172	0.00525	0.00511
21	0.00839	0.00601	0.00772	0.00897	0.00948	0.00553	0.00612	0.00917	0.01186	0.01590	0.03222	0.73105	0.03806	0.01833	0.00781	0.00255	0.00389	0.06596	0.00567	0.00533
22	0.01014	0.00726	0.00970	0.01082	0.01213	0.00702	0.00903	0.01224	0.01386	0.01835	0.08225	0.13670	0.03554	0.01632	0.00822	0.00274	0.00529	0.59084	0.00571	0.00584
23	0.00935	0.00750	0.00817	0.00912	0.00973	0.05940	0.00611	0.00996	0.01186	0.01540	0.02966	0.66753	0.03493	0.07920	0.00934	0.00272	0.00441	0.01492	0.00536	0.00533
24	0.01214	0.01118	0.01789	0.70604	0.03768	0.01372	0.01594	0.01535	0.01195	0.01566	0.01112	0.01659	0.00875	0.00687	0.00732	0.00217	0.07427	0.00545	0.00295	0.00696
25	0.01408	0.01298	0.02127	0.22586	0.51205	0.01346	0.01685	0.01715	0.01334	0.01858	0.01314	0.01955	0.01147	0.00680	0.00633	0.00203	0.00727	0.05579	0.00334	0.00866
26	0.01168	0.01019	0.01372	0.01238	0.01276	0.01286	0.00965	0.01253	0.00957	0.01422	0.01295	0.02191	0.01317	0.18396	0.21601	0.00506	0.41178	0.00636	0.00326	0.00599
27	0.01309	0.01116	0.01341	0.00982	0.01495	0.00855	0.03244	0.01535	0.01265	0.01967	0.01140	0.01362	0.00960	0.00507	0.00485	0.00112	0.00483	0.00391	0.00377	0.79074
28	0.01238	0.01119	0.01786	0.74420	0.03898	0.01348	0.01605	0.04115	0.01272	0.01649	0.01147	0.01677	0.00883	0.00654	0.00622	0.00211	0.00793	0.00546	0.00307	0.00708
29	0.02076	0.01508	0.01612	0.01247	0.01676	0.01664	0.01026	0.67961	0.02558	0.03475	0.01417	0.01440	0.01016	0.00685	0.00557	0.00168	0.00597	0.00517	0.07866	0.00934
30	0.00697	0.00498	0.00664	0.00796	0.00830	0.00465	0.00531	0.00796	0.01095	0.01460	0.03153	0.79525	0.03783	0.01792	0.00730	0.00232	0.00332	0.01626	0.00531	0.00465
31	0.00695	0.00503	0.00658	0.00781	0.00826	0.00466	0.00524	0.00798	0.01110	0.01466	0.03337	0.74349	0.08839	0.01768	0.00726	0.00230	0.00329	0.01597	0.00531	0.00466
32	0.00695	0.00580	0.00606	0.00599	0.00784	0.00491	0.00450	0.00858	0.01349	0.01652	0.15774	0.05330	0.66052	0.01409	0.00676	0.00191	0.00287	0.01183	0.00545	0.00491
33	0.00697	0.00498	0.00664	0.00796	0.00830	0.00465	0.00531	0.00796	0.01095	0.01460	0.03153	0.79525	0.03783	0.01792	0.00730	0.00232	0.00332	0.01626	0.00531	0.00465
34	0.01529	0.80242	0.02997	0.00979	0.01468	0.02263	0.00979	0.01713	0.01162	0.01346	0.00795	0.00918	0.00734	0.00489	0.00367	0.00122	0.00612	0.00306	0.00245	0.00734
35	0.01529	0.80242	0.02997	0.00979	0.01468	0.02263	0.00979	0.01713	0.01162	0.01346	0.00795	0.00918	0.00734	0.00489	0.00367	0.00122	0.00612	0.00306	0.00245	0.00734
36	0.00744	0.00582	0.00673	0.00651	0.00814	0.00512	0.00488	0.00952	0.01464	0.01925	0.41410	0.04880	0.40246	0.01307	0.00675	0.00186	0.00280	0.01120	0.00581	0.00512
37	0.00994	0.00497	0.00745	0.00745	0.00745	0.00497	0.00497	0.00745	0.00745	0.00994	0.00994	0.01739	0.00994	0.01987	0.02235	0.83358	0.00497	0.00497	0.00248	0.00248
38	0.01529	0.80242	0.02997	0.00979	0.01468	0.02263	0.00979	0.01713	0.01162	0.01346	0.00795	0.00918	0.00734	0.00489	0.00367	0.00122	0.00612	0.00306	0.00245	0.00734
39	0.01798	0.01379	0.01515	0.01138	0.01615	0.01389	0.00931	0.46659	0.02117	0.02943	0.01238	0.01302	0.00925	0.00587	0.00516	0.00139	0.00551	0.00448	0.00483	0.32327
40	0.01230	0.00747	0.00957	0.00878	0.00983	0.00793	0.00632	0.13327	0.07643	0.01556	0.01175	0.01712	0.01056	0.01662	0.01810	0.62051	0.00515	0.00513	0.00332	0.00428
41	0.00994	0.00667	0.00850	0.00769	0.00943	0.00627	0.00588	0.05352	0.01675	0.06968	0.65888	0.03987	0.06228	0.01119	0.00663	0.00180	0.00304	0.00980	0.00629	0.00590
42	0.00697	0.00498	0.00664	0.00796	0.00830	0.00465	0.00531	0.00796	0.01095	0.01460	0.03153	0.79525	0.03783	0.01792	0.00730	0.00232	0.00332	0.01626	0.00531	0.00465
43	0.01397	0.01340	0.02287	0.07778	0.72212	0.01354	0.01746	0.01739	0.01293	0.01846	0.01073	0.01422	0.00898	0.00513	0.00567	0.00171	0.00684	0.00510	0.00281	0.00891
44	0.02383	0.00974	0.01298	0.01007	0.01422	0.00866	0.00827	0.06706	0.01695	0.65743	0.08970	0.02127	0.01756	0.00749	0.00584	0.00177	0.00475	0.00614	0.00693	0.00934
45	0.00832	0.00555	0.00624	0.00624	0.00624	0.00555	0.00347	0.00832	0.00832	0.01109	0.01802	0.03743	0.02080	0.79898	0.02911	0.00555	0.00555	0.00832	0.00347	0.00347
46	0.01529	0.80242	0.02997	0.00979	0.01468	0.02263	0.00979	0.01713	0.01162	0.01346	0.00795	0.00918	0.00734	0.00489	0.00367	0.00122	0.00612	0.00306	0.00245	0.00734
47	0.01580	0.01791	0.01239	0.01130	0.01389	0.41106	0.00853	0.07877	0.01598	0.01687	0.07071	0.06103	0.22428	0.00931	0.00585	0.00168	0.00709	0.00716	0.00417	0.00622
48	0.01323	0.01464	0.02938	0.02166	0.02589	0.01529	0.54583	0.01709	0.01222	0.01709	0.01048	0.01464	0.00836	0.00622	0.00999	0.00208	0.21951	0.00628	0.00279	0.00732
49	0.01132	0.00623	0.00649	0.00616	0.00760	0.00650	0.00468	0.05846	0.01267	0.02161	0.01797	0.02118	0.01436	0.03688	0.00553	0.00155	0.02829	0.00542	0.72152	0.00556
50	0.01251	0.01350	0.02766	0.30338	0.03338	0.01382	0.47591	0.01696	0.01274	0.01696	0.01106	0.01536	0.00829	0.00515	0.00637	0.00192	0.00890	0.00614	0.00276	0.00722
51	0.00720	0.00581	0.00640	0.00626	0.00800	0.00502	0.00469	0.00906	0.01407	0.01791	0.28893	0.05100	0.52845	0.01357	0.00676	0.00189	0.00283	0.01150	0.00564	0.00502
52	0.00697	0.00498	0.00664	0.00796	0.00830	0.00465	0.00531	0.00796	0.01095	0.01460	0.03153	0.79525	0.03783	0.01792	0.00730	0.00232	0.00332	0.01626	0.00531	0.00465
53	0.00698	0.00519	0.00643	0.00740	0.00808	0.00473	0.00501	0.00803	0.01130	0.01463	0.03679	0.59593	0.19801	0.05279	0.00818	0.00238	0.00333	0.01497	0.00523	0.00463
54	0.01423	0.01229	0.01293	0.01164	0.01487	0.01423	0.00905	0.03039	0.75297	0.02393	0.02328	0.02134	0.01746	0.00776	0.00582	0.00194	0.00453	0.00647	0.00582	0.00905
55	0.01571	0.01302	0.01377	0.01194	0.01544	0.01492	0.00941	0.17089	0.61006	0.02631	0.02140	0.01984	0.01594	0.00758	0.00580	0.00190	0.00487	0.00621	0.00580	0.00919
56	0.01080	0.01017	0.01716	0.78523	0.03940	0.01271	0.01589	0.01461	0.01144	0.01461	0.01017	0.01525	0.00762	0.00572	0.00572	0.00191	0.00762	0.00508	0.00254	0.00635
57	0.01647	0.65190	0.02730	0.01075	0.01526	0.16892	0.01003	0.01824	0.01251	0.01356	0.00812	0.00940	0.00735	0.00509	0.00396	0.00127	0.00693	0.00318	0.00254	0.00720
58	0.01270	0.01209	0.02041	0.29296	0.48244	0.01293	0.01644	0.01616	0.01248	0.01715	0.01248	0.01620	0.03927	0.00569	0.00573	0.00178	0.00692	0.00538	0.00283	0.00795
59	0.05536	0.01546	0.01659	0.01276	0.01729	0.01701	0.01054	0.67377	0.02559	0.07722	0.01400	0.01388	0.00984	0.00681	0.00563	0.00172	0.00614	0.00510	0.00571	0.00958
60	0.00779	0.00567	0.00734	0.00726	0.00845	0.00522	0.00531	0.01008	0.01498	0.02085	0.57524	0.18961	0.09466	0.01308	0.00685	0.00191	0.00283	0.01160	0.00604	0.00522
61	0.01532	0.01190	0.01284	0.01138	0.01472	0.01343	0.00890	0.02973	0.66051	0.10376	0.02382	0.02174	0.03037	0.00781	0.00583	0.00192	0.00453	0.00649	0.00595	0.00905
62	0.01529	0.80242	0.02997	0.00979	0.01468	0.02263	0.00979	0.01713	0.01162	0.01346	0.00795	0.00918	0.00734	0.00489	0.00367	0.00122	0.00612	0.00306	0.00245	0.00734
63	0.02194	0.01506	0.01649	0.01272	0.01722	0.01640	0.01048	0.62313	0.05520	0.12940	0.01526	0.01478	0.01061	0.00693	0.00573	0.00173	0.00604	0.00528	0.00590	0.00970
64	0.00805	0.00581	0.00763	0.00736	0.00863	0.00538	0.00551	0.01063	0.01573	0.02217	0.68584	0.09604	0.05216	0.01226	0.00682	0.00186	0.00282	0.03375	0.00619	0.00534
65	0.01341	0.01072	0.01194	0.01134	0.01391	0.05750	0.00953	0.18142	0.07472	0.02189	0.02322	0.04248	0.02311	0.01170	0.00681	0.00217	0.00568	0.40870	0.00514	0.06461
66	0.83938	0.01106	0.00841	0.00752	0.01106	0.01283	0.00619	0.01681	0.00973	0.02566	0.00796	0.00929	0.00619	0.00531	0.00354	0.00177	0.00442	0.00310	0.00354	0.00619
67	0.01342	0.01053	0.01288	0.01120	0.07235	0.03464	0.02431	0.04870	0.01350	0.08789	0.10121	0.01831	0.01533	0.06121	0.00668	0.00153	0.00483	0.00508	0.00411	0.45229
68	0.01360	0.01303	0.02222	0.15849	0.64423	0.01345	0.01728	0.01707	0.01276	0.01802	0.01066	0.01434	0.00882	0.00520	0.00567	0.00173	0.00693	0.00509	0.00278	0.00862
69	0.00906	0.00883	0.06450	0.01106	0.01282	0.00883	0.05412	0.01154	0.00963	0.01397	0.01414	0.02055	0.01294	0.03540	0.61674	0.00771	0.07366	0.00595	0.00297	0.00559
70	0.01122	0.01430	0.25849	0.01065	0.01473	0.00864	0.01100	0.01569	0.04489	0.09725	0.39540	0.02965	0.04637	0.00906	0.00618	0.00181	0.00489	0.00774	0.00506	0.00698
71	0.00798	0.00584	0.00748	0.00707	0.00847	0.00535	0.00530	0.01057	0.01591	0.02228	0.69846	0.04381	0.11621	0.01194	0.00675	0.00181	0.00272	0.01050	0.00621	0.00535
72	0.01295	0.01485	0.16409	0.01140	0.01636	0.01103	0.01083	0.07493	0.01277	0.03333	0.01033	0.01229	0.00830	0.00558	0.00673	0.00137	0.11893	0.00398	0.00333	0.46665
73	0.00945	0.00682	0.00860	0.00810	0.00956	0.00620	0.00598	0.01175	0.01690	0.02398	0.74624	0.04387	0.05426	0.01242	0.00727	0.00203	0.00318	0.01064	0.00667	0.00608
74	0.01342	0.08402	0.67228	0.01651	0.02444	0.04573	0.02019	0.01904	0.01300	0.01877	0.01133	0.01358	0.00850	0.00627	0.00585	0.00199	0.00873	0.00455	0.00289	0.00892
75	0.02279	0.01743	0.01787	0.01404	0.01856	0.06142	0.01136	0.68916	0.02677	0.03557	0.01467	0.01528	0.01078	0.00764	0.00623	0.00194	0.00693	0.00547	0.00595	0.01014
76	0.60453	0.02899	0.06452	0.01009	0.01424	0.01457	0.00871	0.14749	0.01383	0.02775	0.01048	0.01211	0.00818	0.00645	0.00465	0.00199	0.00552	0.00399	0.00426	0.00767
77	0.00834	0.00597	0.00761	0.00886	0.00931	0.00546	0.00590	0.00897	0.01176	0.01582	0.03237	0.78102	0.03845	0.01852	0.00781	0.00255	0.00379	0.01644	0.00570	0.00534
78	0.43502	0.21690	0.09992	0.03536	0.01576	0.01627	0.00993	0.04589	0.03743	0.02267	0.01036	0.01217	0.00843	0.00623	0.00460	0.00188	0.00593	0.00392	0.00369	0.00764
79	0.01452	0.05624	0.17749	0.04018	0.40926	0.01531	0.01730	0.01772	0.01272	0.01847	0.01118	0.01493	0.00949	0.00693	0.00846	0.00208	0.15051	0.00520	0.00311	0.00889
80	0.01455	0.07587	0.55296	0.05406	0.02442	0.08201	0.01883	0.06987	0.01421	0.01969	0.01152	0.01379	0.00870	0.00641	0.00588	0.00198	0.00864	0.00464	0.00316	0.00883
81	0.01538	0.01441	0.02385	0.03545	0.74889	0.01422	0.01789	0.01837	0.01380	0.01982	0.01203	0.01589	0.01026	0.00596	0.00620	0.00193	0.00719	0.00550	0.00328	0.00967
82	0.57494	0.01153	0.01083	0.00924	0.01310	0.01213	0.00744	0.02102	0.01260	0.25341	0.01376	0.01423	0.00989	0.00671	0.00480	0.00200	0.00501	0.00436	0.00505	0.00794
83	0.00834	0.00597	0.00761	0.00886	0.00931	0.00546	0.00590	0.00897	0.01176	0.01582	0.03237	0.78102	0.03845	0.01852	0.00781	0.00255	0.00379	0.01644	0.00570	0.00534
84	0.01275	0.03008	0.75474	0.01703	0.02543	0.01392	0.02140	0.01892	0.01287	0.01926	0.01155	0.01385	0.00849	0.00629	0.00598	0.00204	0.00882	0.00465	0.00287	0.00907
85	0.00824	0.00678	0.00693	0.00684	0.00881	0.00568	0.00503	0.00941	0.01404	0.01721	0.11094	0.05502	0.69378	0.01495	0.00728	0.00215	0.00336	0.01220	0.00578	0.00556
86	0.00834	0.00597	0.00761	0.00886	0.00931	0.00546	0.00590	0.00897	0.01176	0.01582	0.03237	0.78102	0.03845	0.01852	0.00781	0.00255	0.00379	0.01644	0.00570	0.00534
87	0.02424	0.01451	0.01651	0.01286	0.01742	0.01490	0.01045	0.46990	0.02356	0.30252	0.01815	0.01756	0.01253	0.00777	0.00627	0.00197	0.00618	0.00577	0.00660	0.01032
88	0.00875	0.00643	0.00851	0.06336	0.01171	0.00615	0.00688	0.00968	0.01194	0.01598	0.03080	0.68119	0.03603	0.01754	0.00773	0.00254	0.00421	0.05957	0.00551	0.00550
89	0.00963	0.00668	0.00798	0.00792	0.00831	0.00675	0.00503	0.00981	0.00941	0.01294	0.01845	0.03486	0.02010	0.58995	0.22058	0.00664	0.00847	0.00810	0.00380	0.00461
90	0.01019	0.00763	0.00924	0.00878	0.01040	0.00734	0.00648	0.01419	0.11759	0.02339	0.58110	0.10698	0.04783	0.01243	0.00719	0.00210	0.00348	0.01063	0.00652	0.00651
91	0.02132	0.02560	0.01771	0.05016	0.09010	0.64410	0.01234	0.03436	0.01658	0.01606	0.01047	0.01275	0.00882	0.00667	0.00579	0.00176	0.01013	0.00434	0.00341	0.00756
92	0.05801	0.00831	0.01008	0.01073	0.01255	0.00832	0.00892	0.01463	0.09338	0.01942	0.04527	0.05598	0.11269	0.01476	0.00777	0.00263	0.00526	0.49927	0.00565	0.00636
93	0.01564	0.01569	0.05185	0.03373	0.68418	0.05169	0.01771	0.01865	0.01392	0.01957	0.01192	0.01562	0.01011	0.00601	0.00617	0.00193	0.00743	0.00540	0.00327	0.00952
94	0.01309	0.01116	0.01818	0.02413	0.43379	0.01075	0.04888	0.01600	0.01317	0.07050	0.04855	0.09028	0.06935	0.00785	0.00603	0.00179	0.00580	0.04776	0.00384	0.05911
95	0.03304	0.01446	0.09677	0.01425	0.05180	0.04954	0.08746	0.07791	0.10816	0.31932	0.01697	0.01665	0.01174	0.00667	0.00647	0.00181	0.05072	0.00547	0.00509	0.02570
96	0.05396	0.45724	0.10969	0.01281	0.05917	0.01781	0.05654	0.01906	0.01255	0.13695	0.01096	0.01184	0.00856	0.00533	0.00450	0.00147	0.00636	0.00397	0.00329	0.00792
97	0.00697	0.00498	0.00664	0.00796	0.00830	0.00465	0.00531	0.00796	0.01095	0.01460	0.03153	0.79525	0.03783	0.01792	0.00730	0.00232	0.00332	0.01626	0.00531	0.00465
98	0.01186	0.01017	0.01186	0.00847	0.01356	0.00762	0.00678	0.01440	0.01186	0.01864	0.01017	0.01186	0.00847	0.00424	0.00424	0.00085	0.00424	0.00339	0.00339	0.83395
99	0.01233	0.02597	0.62080	0.01517	0.02258	0.01301	0.01863	0.06907	0.04373	0.03346	0.06188	0.01477	0.01111	0.00608	0.00556	0.00181	0.00769	0.00482	0.00313	0.00838
100	0.01306	0.01863	0.20340	0.02272	0.05657	0.01416	0.54822	0.01824	0.01315	0.01829	0.01124	0.01461	0.00836	0.00497	0.00640	0.00189	0.00926	0.00610	0.00278	0.00794
101	0.02566	0.00973	0.01327	0.01018	0.01460	0.00841	0.00841	0.02788	0.01637	0.76726	0.02257	0.01947	0.01416	0.00708	0.00575	0.00177	0.00487	0.00575	0.00708	0.00973
102	0.01242	0.04193	0.01774	0.21195	0.02126	0.01631	0.01312	0.03902	0.01018	0.01472	0.00856	0.01330	0.00773	0.00918	0.02761	0.00239	0.51855	0.00498	0.00263	0.00642
103	0.01995	0.05449	0.01647	0.01235	0.01640	0.08505	0.01011	0.56028	0.02336	0.03061	0.01484	0.01529	0.04026	0.00748	0.00619	0.03327	0.00634	0.00520	0.03337	0.00870
104	0.00676	0.00579	0.00579	0.00579	0.00773	0.00483	0.00435	0.00821	0.01304	0.01545	0.05794	0.05505	0.76098	0.01449	0.00676	0.00193	0.00290	0.01207	0.00531	0.00483
105	0.00733	0.00582	0.00658	0.00639	0.00807	0.00507	0.00479	0.00930	0.01437	0.01863	0.35567	0.04982	0.46127	0.01330	0.00675	0.00188	0.00281	0.01134	0.00573	0.00507
106	0.01453	0.01418	0.02296	0.09245	0.52010	0.04502	0.10089	0.05939	0.03916	0.01929	0.01132	0.01446	0.00915	0.00534	0.00578	0.00174	0.00723	0.00528	0.00309	0.00862
107	0.01100	0.02611	0.65378	0.01531	0.02271	0.01222	0.03379	0.01698	0.01232	0.01824	0.06405	0.06283	0.01244	0.00663	0.00567	0.00184	0.00776	0.00545	0.00288	0.00799
108	0.01144	0.00608	0.00616	0.00588	0.00744	0.00620	0.00448	0.06443	0.01304	0.02235	0.01831	0.02079	0.01432	0.00668	0.00412	0.00136	0.00292	0.00532	0.77305	0.00564
109	0.01414	0.01363	0.02343	0.03488	0.74832	0.01361	0.03236	0.01757	0.01303	0.01868	0.01078	0.01418	0.00905	0.00509	0.00568	0.00170	0.00685	0.00513	0.00283	0.00903
110	0.83938	0.01106	0.00841	0.00752	0.01106	0.01283	0.00619	0.01681	0.00973	0.02566	0.00796	0.00929	0.00619	0.00531	0.00354	0.00177	0.00442	0.00310	0.00354	0.00619
111	0.02091	0.01537	0.01649	0.01273	0.01703	0.01698	0.01041	0.69861	0.02574	0.03450	0.01400	0.01520	0.01041	0.05597	0.00717	0.00195	0.00625	0.00535	0.00558	0.00934
112	0.01186	0.01017	0.01186	0.00847	0.01356	0.00762	0.00678	0.01440	0.01186	0.01864	0.01017	0.01186	0.00847	0.00424	0.00424	0.00085	0.00424	0.00339	0.00339	0.83395
113	0.00697	0.00498	0.00664	0.00796	0.00830	0.00465	0.00531	0.00796	0.01095	0.01460	0.03153	0.79525	0.03783	0.01792	0.00730	0.00232	0.00332	0.01626	0.00531	0.00465
114	0.00810	0.00585	0.00765	0.00720	0.00855	0.00540	0.00540	0.01079	0.01619	0.02294	0.76028	0.04273	0.05397	0.01169	0.00675	0.00180	0.00270	0.01034	0.00630	0.00540
115	0.00803	0.00584	0.00755	0.00712	0.00850	0.00537	0.00534	0.01066	0.01603	0.02255	0.72404	0.04336	0.09046	0.01184	0.00675	0.00181	0.00271	0.01043	0.00625	0.00537
116	0.02174	0.01602	0.01717	0.01316	0.01774	0.01774	0.01087	0.74423	0.02689	0.03605	0.01373	0.01373	0.00973	0.00687	0.00572	0.00172	0.00629	0.00515	0.00572	0.00973
117	0.00697	0.00498	0.00664	0.00796	0.00830	0.00465	0.00531	0.00796	0.01095	0.01460	0.03153	0.79525	0.03783	0.01792	0.00730	0.00232	0.00332	0.01626	0.00531	0.00465
118	0.00687	0.00580	0.00594	0.00591	0.00779	0.00487	0.00443	0.00842	0.01329	0.01605	0.11436	0.05406	0.70419	0.01426	0.00676	0.00192	0.00288	0.01193	0.00539	0.00487
119	0.83938	0.01106	0.00841	0.00752	0.01106	0.01283	0.00619	0.01681	0.00973	0.02566	0.00796	0.00929	0.00619	0.00531	0.00354	0.00177	0.00442	0.00310	0.00354	0.00619
120	0.02566	0.00973	0.01327	0.01018	0.01460	0.00841	0.00841	0.02788	0.01637	0.76726	0.02257	0.01947	0.01416	0.00708	0.00575	0.00177	0.00487	0.00575	0.00708	0.00973
121	0.00697	0.00498	0.00664	0.00796	0.00830	0.00465	0.00531	0.00796	0.01095	0.01460	0.03153	0.79525	0.03783	0.01792	0.00730	0.00232	0.00332	0.01626	0.00531	0.00465
122	0.00697	0.00498	0.00664	0.00796	0.00830	0.00465	0.00531	0.00796	0.01095	0.01460	0.03153	0.79525	0.03783	0.01792	0.00730	0.00232	0.00332	0.01626	0.00531	0.00465
123	0.01116	0.01055	0.01771	0.69294	0.10376	0.01294	0.01593	0.01485	0.01149	0.01495	0.01013	0.01506	0.00775	0.00580	0.00613	0.00191	0.03268	0.00508	0.00257	0.00659
124	0.01424	0.59020	0.23300	0.01158	0.01745	0.02007	0.01290	0.01740	0.01175	0.01474	0.00859	0.00997	0.00731	0.00504	0.00415	0.00138	0.00676	0.00338	0.00244	0.00765
125	0.00912	0.00665	0.00857	0.01020	0.11018	0.00665	0.00540	0.00959	0.00896	0.01213	0.01703	0.03424	0.01918	0.68998	0.02589	0.00502	0.00572	0.00788	0.00338	0.00423
126	0.01186	0.01017	0.01186	0.00847	0.01356	0.00762	0.00678	0.01440	0.01186	0.01864	0.01017	0.01186	0.00847	0.00424	0.00424	0.00085	0.00424	0.00339	0.00339	0.83395
127	0.01963	0.11670	0.01802	0.01496	0.05994	0.53519	0.01109	0.06191	0.07994	0.01627	0.01036	0.01154	0.00847	0.00594	0.00510	0.00151	0.00889	0.00401	0.00328	0.00723
128	0.01080	0.01017	0.01716	0.78523	0.03940	0.01271	0.01589	0.01461	0.01144	0.01461	0.01017	0.01525	0.00762	0.00572	0.00572	0.00191	0.00762	0.00508	0.00254	0.00635
129	0.00994	0.00497	0.00745	0.00745	0.00745	0.00497	0.00497	0.00745	0.00745	0.00994	0.00994	0.01739	0.00994	0.01987	0.02235	0.83358	0.00497	0.00497	0.00248	0.00248
130	0.04109	0.22039	0.34344	0.08167	0.02186	0.01542	0.04493	0.05979	0.01315	0.09159	0.01106	0.01249	0.00815	0.00554	0.00505	0.00166	0.00723	0.00427	0.00314	0.00808
131	0.00818	0.00609	0.00899	0.00899	0.00994	0.00704	0.00689	0.01008	0.00913	0.01313	0.01551	0.02352	0.01475	0.09576	0.72407	0.00894	0.01464	0.00628	0.00309	0.00499
132	0.00817	0.00613	0.00919	0.00919	0.01021	0.00715	0.00715	0.01021	0.00919	0.01328	0.01532	0.02247	0.01430	0.04290	0.77631	0.00919	0.01532	0.00613	0.00306	0.00511
133	0.00697	0.00498	0.00664	0.00796	0.00830	0.00465	0.00531	0.00796	0.01095	0.01460	0.03153	0.79525	0.03783	0.01792	0.00730	0.00232	0.00332	0.01626	0.00531	0.00465
134	0.04966	0.01111	0.01731	0.51086	0.16694	0.01308	0.01485	0.01733	0.10946	0.01709	0.01190	0.01558	0.00912	0.00586	0.00562	0.00187	0.00692	0.00518	0.00307	0.00720
135	0.01310	0.01478	0.03207	0.02311	0.02856	0.01386	0.69683	0.01768	0.01334	0.01809	0.01281	0.06377	0.01049	0.00563	0.00678	0.00195	0.00925	0.00734	0.00304	0.00752
136	0.00697	0.00498	0.00664	0.00796	0.00830	0.00465	0.00531	0.00796	0.01095	0.01460	0.03153	0.79525	0.03783	0.01792	0.00730	0.00232	0.00332	0.01626	0.00531	0.00465
137	0.01325	0.01472	0.03117	0.10947	0.08223	0.01421	0.61108	0.01786	0.01324	0.01794	0.01136	0.01532	0.00859	0.00494	0.00656	0.00191	0.00922	0.00645	0.00285	0.00766
138	0.01826	0.02233	0.01870	0.11761	0.02215	0.52712	0.12255	0.02060	0.01504	0.01487	0.01034	0.01405	0.00869	0.00613	0.00559	0.00165	0.00964	0.03500	0.00298	0.00670
139	0.01416	0.01359	0.02322	0.03511	0.76330	0.01359	0.01755	0.01755	0.01302	0.01869	0.01076	0.01416	0.00906	0.00510	0.00566	0.00170	0.00680	0.00510	0.00283	0.00906
140	0.01350	0.01543	0.03375	0.02411	0.02989	0.01446	0.74253	0.01832	0.01350	0.01832	0.01157	0.01543	0.00868	0.00482	0.00675	0.00193	0.00964	0.00675	0.00289	0.00771
141	0.00832	0.00555	0.00624	0.00624	0.00624	0.00555	0.00347	0.00832	0.00832	0.01109	0.01802	0.03743	0.02080	0.79898	0.02911	0.00555	0.00555	0.00832	0.00347	0.00347
142	0.01382	0.01325	0.02261	0.11010	0.69093	0.01350	0.01739	0.01726	0.01287	0.01828	0.01070	0.01427	0.00892	0.00516	0.00567	0.00172	0.00688	0.00510	0.00280	0.00879
143	0.01092	0.01029	0.01738	0.75798	0.06569	0.01274	0.01595	0.01472	0.01149	0.01476	0.01019	0.01521	0.00768	0.00570	0.00572	0.00190	0.00759	0.00508	0.00255	0.00645
144	0.00676	0.00579	0.00579	0.00579	0.00773	0.00483	0.00435	0.00821	0.01304	0.01545	0.05794	0.05505	0.76098	0.01449	0.00676	0.00193	0.00290	0.01207	0.00531	0.00483
145	0.01105	0.01042	0.01760	0.72968	0.09301	0.01277	0.01601	0.01483	0.01155	0.01492	0.01021	0.01517	0.00773	0.00567	0.00571	0.00189	0.00756	0.00508	0.00256	0.00655
146	0.01416	0.01359	0.02322	0.03511	0.76330	0.01359	0.01755	0.01755	0.01302	0.01869	0.01076	0.01416	0.00906	0.00510	0.00566	0.00170	0.00680	0.00510	0.00283	0.00906
147	0.02155	0.01584	0.01696	0.01303	0.01755	0.01753	0.01075	0.73179	0.02664	0.03580	0.01382	0.01386	0.00981	0.00686	0.00569	0.00171	0.00623	0.00515	0.01976	0.00965
148	0.02174	0.01602	0.01717	0.01316	0.01774	0.01774	0.01087	0.74423	0.02689	0.03605	0.01373	0.01373	0.00973	0.00687	0.00572	0.00172	0.00629	0.00515	0.00572	0.00973
149	0.02082	0.01530	0.01641	0.01268	0.01695	0.01690	0.01036	0.69357	0.02561	0.03433	0.01403	0.01536	0.01049	0.06140	0.00733	0.00198	0.00624	0.00537	0.00557	0.00930
150	0.00817	0.00613	0.00919	0.00919	0.01021	0.00715	0.00715	0.01021	0.00919	0.01328	0.01532	0.02247	0.01430	0.04290	0.77631	0.00919	0.01532	0.00613	0.00306	0.00511
151	0.01550	0.78623	0.02963	0.00980	0.01468	0.02234	0.00976	0.01735	0.01172	0.02886	0.00825	0.00939	0.00748	0.00494	0.00371	0.00123	0.00609	0.00311	0.00254	0.00739
152	0.00817	0.00613	0.00919	0.00919	0.01021	0.00715	0.00715	0.01021	0.00919	0.01328	0.01532	0.02247	0.01430	0.04290	0.77631	0.00919	0.01532	0.00613	0.00306	0.00511
153	0.01223	0.18360	0.62200	0.01500	0.02275	0.01515	0.01887	0.01792	0.01199	0.01719	0.00980	0.01150	0.00726	0.00533	0.00508	0.00169	0.00799	0.00399	0.00242	0.00823
154	0.02566	0.00973	0.01327	0.01018	0.01460	0.00841	0.00841	0.02788	0.01637	0.76726	0.02257	0.01947	0.01416	0.00708	0.00575	0.00177	0.00487	0.00575	0.00708	0.00973
155	0.00697	0.00498	0.00664	0.00796	0.00830	0.00465	0.00531	0.00796	0.01095	0.01460	0.03153	0.79525	0.03783	0.01792	0.00730	0.00232	0.00332	0.01626	0.00531	0.00465
156	0.01529	0.80242	0.02997	0.00979	0.01468	0.02263	0.00979	0.01713	0.01162	0.01346	0.00795	0.00918	0.00734	0.00489	0.00367	0.00122	0.00612	0.00306	0.00245	0.00734
157	0.01199	0.02596	0.58091	0.01830	0.02607	0.01359	0.20593	0.01817	0.01244	0.01817	0.01060	0.01294	0.00761	0.00528	0.00577	0.00184	0.00876	0.00487	0.00254	0.00826
158	0.02566	0.00973	0.01327	0.01018	0.01460	0.00841	0.00841	0.02788	0.01637	0.76726	0.02257	0.01947	0.01416	0.00708	0.00575	0.00177	0.00487	0.00575	0.00708	0.00973
159	0.00922	0.00658	0.00922	0.01053	0.01185	0.00658	0.00922	0.01185	0.01317	0.01712	0.03029	0.06452	0.03292	0.01580	0.00790	0.00263	0.00527	0.72480	0.00527	0.00527
160	0.02151	0.10864	0.01815	0.01235	0.01694	0.01704	0.01040	0.55945	0.02363	0.13376	0.01426	0.01398	0.01005	0.00666	0.00548	0.00167	0.00608	0.00498	0.00552	0.00944
161	0.01160	0.00680	0.00771	0.00692	0.00949	0.00575	0.00539	0.01325	0.01389	0.20804	0.04888	0.04593	0.56967	0.01259	0.00650	0.00189	0.00340	0.01045	0.00576	0.00609
162	0.02174	0.01602	0.01717	0.01316	0.01774	0.01774	0.01087	0.74423	0.02689	0.03605	0.01373	0.01373	0.00973	0.00687	0.00572	0.00172	0.00629	0.00515	0.00572	0.00973
163	0.00781	0.00577	0.00717	0.00693	0.00824	0.00526	0.00509	0.01002	0.01484	0.02040	0.54771	0.08740	0.17694	0.06134	0.00817	0.00208	0.00295	0.01086	0.00589	0.00513
164	0.01211	0.10791	0.60536	0.01656	0.02432	0.01439	0.10571	0.01804	0.01220	0.01766	0.01018	0.01217	0.00743	0.00531	0.00541	0.00176	0.00835	0.00441	0.00248	0.00825
165	0.00991	0.00822	0.01031	0.03517	0.01272	0.06047	0.03342	0.01260	0.01429	0.01869	0.25670	0.05062	0.03610	0.01312	0.00724	0.00224	0.00504	0.40236	0.00526	0.00552
166	0.00697	0.00498	0.00664	0.00796	0.00830	0.00465	0.00531	0.00796	0.01095	0.01460	0.03153	0.79525	0.03783	0.01792	0.00730	0.00232	0.00332	0.01626	0.00531	0.00465
167	0.01258	0.01219	0.05902	0.40453	0.08017	0.01217	0.01345	0.09354	0.03007	0.01856	0.01089	0.01416	0.00835	0.00548	0.00535	0.00162	0.00660	0.00467	0.00317	0.20345
168	0.01314	0.13449	0.59908	0.01501	0.02255	0.04036	0.01851	0.01870	0.01240	0.05995	0.01060	0.01204	0.00766	0.00547	0.00520	0.00172	0.00799	0.00413	0.00270	0.00831
169	0.01481	0.59113	0.18945	0.01148	0.01703	0.06316	0.01232	0.01766	0.01198	0.01450	0.00850	0.00987	0.00732	0.00507	0.00414	0.00136	0.00686	0.00335	0.00247	0.00754
170	0.00936	0.00831	0.01098	0.04121	0.01229	0.00895	0.05256	0.03857	0.02457	0.01576	0.03510	0.08824	0.36609	0.08506	0.01112	0.00241	0.15653	0.02307	0.00436	0.00547
171	0.01337	0.01301	0.02284	0.19634	0.54144	0.01348	0.08176	0.01699	0.01272	0.01777	0.01070	0.01451	0.00872	0.00521	0.00577	0.00176	0.00723	0.00524	0.00277	0.00836
172	0.04823	0.40529	0.26205	0.01306	0.04207	0.08531	0.01359	0.02994	0.01236	0.01602	0.00907	0.01064	0.00747	0.00579	0.01629	0.00160	0.00733	0.00363	0.00260	0.00765
173	0.00792	0.00586	0.00852	0.00880	0.00963	0.00655	0.00659	0.00965	0.00952	0.01346	0.01886	0.18586	0.01955	0.07213	0.58032	0.00758	0.01235	0.00836	0.00356	0.00494
174	0.00817	0.00613	0.00919	0.00919	0.01021	0.00715	0.00715	0.01021	0.00919	0.01328	0.01532	0.02247	0.01430	0.04290	0.77631	0.00919	0.01532	0.00613	0.00306	0.00511
175	0.01398	0.01320	0.01653	0.15393	0.21913	0.06690	0.01259	0.02330	0.36146	0.02006	0.01719	0.01813	0.02496	0.00667	0.00573	0.00184	0.00605	0.00576	0.00424	0.00834
176	0.01529	0.80242	0.02997	0.00979	0.01468	0.02263	0.00979	0.01713	0.01162	0.01346	0.00795	0.00918	0.00734	0.00489	0.00367	0.00122	0.00612	0.00306	0.00245	0.00734
177	0.00706	0.00502	0.00661	0.00784	0.00815	0.00471	0.00518	0.00799	0.01077	0.01436	0.03058	0.74226	0.03664	0.07253	0.00883	0.00255	0.00347	0.01571	0.00518	0.00456
178	0.02025	0.01528	0.01632	0.01286	0.01717	0.01704	0.01051	0.60197	0.17159	0.03363	0.01564	0.01525	0.01127	0.00704	0.00574	0.00176	0.00594	0.00541	0.00574	0.00959
179	0.00724	0.00581	0.00646	0.00630	0.00802	0.00503	0.00472	0.00913	0.01417	0.01813	0.30907	0.05064	0.50819	0.01349	0.00676	0.00188	0.00283	0.01145	0.00566	0.00503
180	0.00715	0.00517	0.00669	0.00783	0.00834	0.00482	0.00535	0.00823	0.01111	0.01463	0.03301	0.64884	0.09905	0.05971	0.00847	0.00248	0.00351	0.05577	0.00521	0.00463
181	0.01294	0.01816	0.19286	0.02132	0.02764	0.01373	0.53390	0.01800	0.01308	0.01830	0.01119	0.01445	0.00835	0.00491	0.00629	0.00183	0.00901	0.00597	0.00282	0.06526
182	0.01416	0.01359	0.02322	0.03511	0.76330	0.01359	0.01755	0.01755	0.01302	0.01869	0.01076	0.01416	0.00906	0.00510	0.00566	0.00170	0.00680	0.00510	0.00283	0.00906
183	0.01529	0.80242	0.02997	0.00979	0.01468	0.02263	0.00979	0.01713	0.01162	0.01346	0.00795	0.00918	0.00734	0.00489	0.00367	0.00122	0.00612	0.00306	0.00245	0.00734
184	0.00868	0.00654	0.00811	0.00759	0.00918	0.00631	0.00573	0.01276	0.09529	0.02262	0.64103	0.04113	0.09026	0.01143	0.00665	0.00182	0.00291	0.01003	0.00619	0.00576
185	0.01405	0.01348	0.02302	0.05925	0.74000	0.01356	0.01750	0.01746	0.01297	0.01856	0.01074	0.01419	0.00901	0.00512	0.00566	0.00171	0.00682	0.00510	0.00282	0.00897
186	0.00797	0.00584	0.00748	0.00707	0.00847	0.00534	0.00530	0.01056	0.01590	0.02225	0.69589	0.04386	0.11879	0.01195	0.00675	0.00181	0.00272	0.01050	0.00621	0.00534
187	0.01186	0.01017	0.01186	0.00847	0.01356	0.00762	0.00678	0.01440	0.01186	0.01864	0.01017	0.01186	0.00847	0.00424	0.00424	0.00085	0.00424	0.00339	0.00339	0.83395
188	0.01744	0.01177	0.01318	0.01132	0.01491	0.01287	0.00896	0.05687	0.53670	0.21480	0.02273	0.02057	0.01632	0.00755	0.00580	0.00189	0.00468	0.00623	0.00614	0.00925
189	0.01407	0.01383	0.02461	0.03366	0.66656	0.01371	0.11318	0.01766	0.01309	0.01864	0.01087	0.01432	0.00901	0.00506	0.00581	0.00173	0.00717	0.00531	0.00284	0.00888
190	0.00803	0.00584	0.00755	0.00713	0.00851	0.00537	0.00535	0.01067	0.01604	0.02257	0.72576	0.04333	0.08873	0.01183	0.00675	0.00181	0.00271	0.01043	0.00625	0.00537
191	0.00704	0.00503	0.00660	0.00782	0.00817	0.00470	0.00518	0.00799	0.01085	0.01442	0.03135	0.73550	0.05318	0.06221	0.00853	0.00250	0.00344	0.01572	0.00520	0.00458
192	0.01338	0.00687	0.00736	0.00663	0.00862	0.00690	0.00516	0.08755	0.01395	0.10305	0.01859	0.02037	0.01412	0.00673	0.00436	0.00142	0.00326	0.00536	0.66010	0.00624
193	0.00728	0.00580	0.00653	0.00637	0.00805	0.00505	0.00477	0.00921	0.01423	0.01834	0.33003	0.06269	0.47451	0.01346	0.00676	0.00189	0.00283	0.01147	0.00569	0.00505
194	0.00711	0.00508	0.00680	0.00812	0.00852	0.00477	0.00555	0.00821	0.01109	0.01476	0.03145	0.74995	0.03753	0.01779	0.00734	0.00234	0.00344	0.06018	0.00531	0.00468
195	0.00994	0.00497	0.00745	0.00745	0.00745	0.00497	0.00497	0.00745	0.00745	0.00994	0.00994	0.01739	0.00994	0.01987	0.02235	0.83358	0.00497	0.00497	0.00248	0.00248
196	0.06208	0.73997	0.04543	0.00981	0.01470	0.02186	0.00984	0.01713	0.01153	0.01426	0.00800	0.00925	0.00727	0.00493	0.00370	0.00127	0.00607	0.00309	0.00251	0.00730
197	0.00832	0.00598	0.00816	0.00943	0.01042	0.00582	0.00763	0.01032	0.01237	0.01615	0.03178	0.32657	0.06234	0.01651	0.00764	0.00250	0.00448	0.44328	0.00528	0.00503
198	0.01147	0.02959	0.76934	0.01630	0.02476	0.01328	0.02113	0.01811	0.01208	0.01811	0.01026	0.01208	0.00725	0.00543	0.00543	0.00181	0.00845	0.00423	0.00242	0.00845
199	0.01313	0.01130	0.01264	0.06501	0.01596	0.01244	0.00897	0.02525	0.53291	0.02182	0.02093	0.06419	0.01680	0.00779	0.00569	0.00180	0.00464	0.01823	0.00518	0.13531
200	0.01147	0.02959	0.76934	0.01630	0.02476	0.01328	0.02113	0.01811	0.01208	0.01811	0.01026	0.01208	0.00725	0.00543	0.00543	0.00181	0.00845	0.00423	0.00242	0.00845
201	0.01190	0.11519	0.68745	0.01558	0.02364	0.01432	0.01988	0.01801	0.01203	0.01760	0.01001	0.01175	0.00726	0.00537	0.00524	0.00175	0.00819	0.00410	0.00242	0.00833
202	0.00906	0.00606	0.00795	0.00736	0.00888	0.00556	0.00556	0.01173	0.01620	0.06373	0.71985	0.04145	0.05179	0.01144	0.00669	0.00180	0.00282	0.01009	0.00634	0.00563
203	0.01147	0.02959	0.76934	0.01630	0.02476	0.01328	0.02113	0.01811	0.01208	0.01811	0.01026	0.01208	0.00725	0.00543	0.00543	0.00181	0.00845	0.00423	0.00242	0.00845
204	0.01529	0.80242	0.02997	0.00979	0.01468	0.02263	0.00979	0.01713	0.01162	0.01346	0.00795	0.00918	0.00734	0.00489	0.00367	0.00122	0.00612	0.00306	0.00245	0.00734
205	0.00701	0.00585	0.00614	0.00621	0.00806	0.00498	0.00475	0.00861	0.01323	0.01599	0.09596	0.05501	0.66986	0.01442	0.00684	0.00197	0.00305	0.06181	0.00536	0.00489
206	0.00713	0.00509	0.00682	0.00814	0.00854	0.00478	0.00558	0.00824	0.01111	0.01478	0.03144	0.74416	0.03749	0.01777	0.00734	0.00234	0.00345	0.06580	0.00531	0.00469
207	0.01332	0.01668	0.09859	0.02342	0.02944	0.01436	0.67894	0.01830	0.01337	0.01830	0.01146	0.01513	0.00855	0.00488	0.00663	0.00192	0.00954	0.00653	0.00285	0.00778
