[name]
unknown

[dist]
# distance from previous block
# <min> <max>
0	173

[block]
# block no. 0 follows, 38 sequences, length 47
# corresponding to MSA columns:
# 189-235
name=unknown_A
#
# <colnr> <probs for GDERKNQSTAVLIFYWHMCP>
#	G	D	E	R	K	N	Q	S	T	A	V	L	I	F	Y	W	H	M	C	P
0	0.01418	0.01257	0.01944	0.64348	0.08928	0.01467	0.01687	0.07360	0.01446	0.01901	0.01268	0.01802	0.00988	0.00716	0.00670	0.00227	0.00833	0.00587	0.00354	0.00801
1	0.00986	0.00830	0.01209	0.01136	0.01214	0.01053	0.00908	0.01177	0.00954	0.01411	0.01384	0.02074	0.01306	0.03556	0.55881	0.00772	0.22660	0.00612	0.00306	0.00571
2	0.01121	0.00561	0.00561	0.00561	0.00701	0.00561	0.00421	0.01402	0.01262	0.02243	0.01962	0.02243	0.01542	0.00701	0.00421	0.00140	0.00280	0.00561	0.82198	0.00561
3	0.01540	0.01659	0.01787	0.01542	0.01669	0.20116	0.03887	0.04178	0.01204	0.01549	0.00942	0.01375	0.00867	0.01244	0.08638	0.00299	0.46024	0.00511	0.00294	0.00675
4	0.04165	0.08455	0.55486	0.01753	0.07147	0.01511	0.03560	0.07551	0.01392	0.02050	0.01089	0.01273	0.00796	0.00575	0.00558	0.00184	0.00830	0.00451	0.00290	0.00885
5	0.01149	0.01082	0.01828	0.74704	0.06750	0.01340	0.01677	0.01548	0.01209	0.01553	0.01072	0.01600	0.00807	0.00599	0.00601	0.00200	0.00799	0.00535	0.00268	0.00679
6	0.02190	0.02778	0.01667	0.01523	0.01822	0.73559	0.01139	0.02343	0.01684	0.01475	0.01020	0.04023	0.00897	0.00668	0.00551	0.00158	0.01057	0.00438	0.00319	0.00689
7	0.00733	0.00524	0.00698	0.00838	0.00873	0.00489	0.00558	0.00838	0.01152	0.01536	0.03316	0.78466	0.03979	0.01885	0.00768	0.00244	0.00349	0.01710	0.00558	0.00489
8	0.02699	0.01024	0.01396	0.01070	0.01536	0.00884	0.00884	0.02932	0.01722	0.75522	0.02373	0.02048	0.01489	0.00745	0.00605	0.00186	0.00512	0.00605	0.00745	0.01024
9	0.00847	0.00615	0.00798	0.00752	0.00896	0.00566	0.00564	0.01127	0.01693	0.02388	0.72700	0.04533	0.07779	0.01239	0.00710	0.00190	0.00284	0.01093	0.00659	0.00566
10	0.02159	0.02573	0.01649	0.01478	0.01799	0.62057	0.01120	0.08635	0.06714	0.01775	0.01116	0.01237	0.00897	0.00645	0.00548	0.00160	0.00977	0.00427	0.03297	0.00738
11	0.01262	0.01082	0.01254	0.00910	0.01434	0.00842	0.00726	0.01611	0.05403	0.01992	0.01148	0.01304	0.00945	0.00467	0.00455	0.00096	0.00447	0.00375	0.00371	0.77877
12	0.01420	0.01623	0.03550	0.02535	0.03144	0.01521	0.72921	0.01927	0.01420	0.01927	0.01217	0.01623	0.00913	0.00507	0.00710	0.00203	0.01014	0.00710	0.00304	0.00811
13	0.83108	0.01163	0.00884	0.00791	0.01163	0.01350	0.00651	0.01768	0.01024	0.02699	0.00838	0.00977	0.00651	0.00558	0.00372	0.00186	0.00465	0.00326	0.00372	0.00651
14	0.83108	0.01163	0.00884	0.00791	0.01163	0.01350	0.00651	0.01768	0.01024	0.02699	0.00838	0.00977	0.00651	0.00558	0.00372	0.00186	0.00465	0.00326	0.00372	0.00651
15	0.02247	0.02867	0.01705	0.01550	0.01860	0.76443	0.01162	0.02402	0.01705	0.01472	0.00930	0.01085	0.00775	0.00620	0.00542	0.00155	0.01085	0.00387	0.00310	0.00697
16	0.01496	0.01292	0.01360	0.01224	0.01564	0.01496	0.00952	0.03197	0.74019	0.02516	0.02448	0.02244	0.01836	0.00816	0.00612	0.00204	0.00476	0.00680	0.00612	0.00952
17	0.79538	0.01186	0.00925	0.00817	0.01194	0.01372	0.00673	0.04919	0.01103	0.02747	0.00864	0.00998	0.00668	0.00566	0.00382	0.00186	0.00474	0.00335	0.00382	0.00668
18	0.00879	0.00628	0.00866	0.01005	0.01104	0.00615	0.00813	0.01091	0.01296	0.01699	0.03235	0.34102	0.03659	0.01747	0.00807	0.00265	0.00476	0.44630	0.00556	0.00529
19	0.00851	0.00615	0.00804	0.00757	0.00899	0.00568	0.00568	0.01135	0.01703	0.02412	0.74788	0.04494	0.05676	0.01230	0.00710	0.00189	0.00284	0.01088	0.00662	0.00568
20	0.83108	0.01163	0.00884	0.00791	0.01163	0.01350	0.00651	0.01768	0.01024	0.02699	0.00838	0.00977	0.00651	0.00558	0.00372	0.00186	0.00465	0.00326	0.00372	0.00651
21	0.83108	0.01163	0.00884	0.00791	0.01163	0.01350	0.00651	0.01768	0.01024	0.02699	0.00838	0.00977	0.00651	0.00558	0.00372	0.00186	0.00465	0.00326	0.00372	0.00651
22	0.02287	0.01685	0.01805	0.01384	0.01866	0.01866	0.01143	0.73100	0.02828	0.03791	0.01444	0.01444	0.01023	0.00722	0.00602	0.00181	0.00662	0.00542	0.00602	0.01023
23	0.00905	0.00677	0.00847	0.00793	0.00956	0.00651	0.00598	0.01314	0.08375	0.02386	0.64994	0.04344	0.08449	0.01205	0.00701	0.00191	0.00303	0.01058	0.00653	0.00600
24	0.01247	0.01069	0.01247	0.00891	0.01426	0.00802	0.00713	0.01515	0.01247	0.01960	0.01069	0.01247	0.00891	0.00446	0.00446	0.00089	0.00446	0.00356	0.00356	0.82536
25	0.00851	0.00615	0.00804	0.00757	0.00899	0.00568	0.00568	0.01135	0.01703	0.02412	0.74788	0.04494	0.05676	0.01230	0.00710	0.00189	0.00284	0.01088	0.00662	0.00568
26	0.00872	0.00593	0.00704	0.00704	0.00720	0.00609	0.00424	0.00905	0.00889	0.01202	0.01852	0.03695	0.02082	0.67450	0.14327	0.00642	0.00741	0.00839	0.00358	0.00391
27	0.01608	0.79220	0.03152	0.01029	0.01544	0.02380	0.01029	0.01801	0.01222	0.01415	0.00836	0.00965	0.00772	0.00515	0.00386	0.00129	0.00643	0.00322	0.00257	0.00772
28	0.01207	0.03112	0.75741	0.01715	0.02604	0.01397	0.02223	0.01905	0.01270	0.01905	0.01080	0.01270	0.00762	0.00572	0.00572	0.00191	0.00889	0.00445	0.00254	0.00889
29	0.00735	0.00607	0.00645	0.00643	0.00829	0.00517	0.00480	0.00907	0.01417	0.01752	0.17361	0.08645	0.60401	0.01490	0.00713	0.00203	0.00303	0.01258	0.00576	0.00517
30	0.00722	0.00610	0.00625	0.00621	0.00819	0.00513	0.00466	0.00885	0.01397	0.01687	0.11537	0.05687	0.69380	0.01500	0.00711	0.00202	0.00303	0.01255	0.00567	0.00513
31	0.00738	0.00532	0.00700	0.00825	0.00872	0.00494	0.00555	0.00854	0.01189	0.01585	0.07206	0.71789	0.06760	0.01836	0.00763	0.00240	0.00344	0.01661	0.00564	0.00494
32	0.02287	0.01685	0.01805	0.01384	0.01866	0.01866	0.01143	0.73100	0.02828	0.03791	0.01444	0.01444	0.01023	0.00722	0.00602	0.00181	0.00662	0.00542	0.00602	0.01023
33	0.01496	0.01292	0.01360	0.01224	0.01564	0.01496	0.00952	0.03197	0.74019	0.02516	0.02448	0.02244	0.01836	0.00816	0.00612	0.00204	0.00476	0.00680	0.00612	0.00952
34	0.02589	0.01139	0.01460	0.01126	0.01589	0.01063	0.00928	0.14140	0.04554	0.61392	0.02228	0.01959	0.01428	0.00744	0.00605	0.00186	0.00535	0.00598	0.00717	0.01021
35	0.00799	0.00618	0.00905	0.10268	0.01330	0.00618	0.02498	0.00951	0.01165	0.01546	0.02988	0.67128	0.03513	0.01693	0.00746	0.00238	0.00421	0.01541	0.00516	0.00519
36	0.00960	0.00686	0.00959	0.01097	0.01232	0.00684	0.00953	0.01230	0.01376	0.01790	0.03190	0.09617	0.03483	0.01671	0.00828	0.00276	0.00546	0.68317	0.00554	0.00551
37	0.02202	0.08213	0.01806	0.01513	0.01838	0.71258	0.01153	0.02360	0.01671	0.01468	0.00923	0.01076	0.00775	0.00613	0.00531	0.00153	0.01054	0.00383	0.00306	0.00703
38	0.01431	0.01577	0.02905	0.18651	0.11630	0.07224	0.43865	0.01870	0.01389	0.01813	0.01153	0.01562	0.00883	0.00539	0.00661	0.00196	0.00939	0.00627	0.00296	0.00788
39	0.00811	0.00613	0.00748	0.00715	0.00874	0.00551	0.00536	0.01057	0.01608	0.02187	0.55147	0.04864	0.25458	0.01314	0.00710	0.00193	0.00290	0.01140	0.00633	0.00551
40	0.00793	0.00616	0.00719	0.00759	0.00888	0.00570	0.00539	0.01032	0.05596	0.01744	0.14919	0.33960	0.29657	0.04358	0.00812	0.00231	0.00339	0.01367	0.00570	0.00530
41	0.05811	0.01659	0.01713	0.01342	0.01800	0.04931	0.01099	0.59275	0.07924	0.06127	0.01503	0.01489	0.01073	0.00718	0.00590	0.00182	0.00652	0.00538	0.00585	0.00988
42	0.00875	0.00583	0.00656	0.00656	0.00656	0.00583	0.00365	0.00875	0.00875	0.01166	0.01895	0.03937	0.02187	0.78858	0.03062	0.00583	0.00583	0.00875	0.00365	0.00365
43	0.01524	0.27921	0.02323	0.01419	0.01647	0.10457	0.03389	0.01690	0.01127	0.01454	0.00834	0.01180	0.00786	0.00805	0.01235	0.00203	0.40585	0.00447	0.00268	0.00706
44	0.05219	0.15998	0.02043	0.01475	0.07726	0.08373	0.03615	0.31497	0.03527	0.05197	0.01246	0.01334	0.00951	0.00621	0.00536	0.00161	0.00674	0.00471	0.00449	0.08887
45	0.00832	0.00618	0.00777	0.00748	0.00900	0.00563	0.00568	0.01092	0.01627	0.02240	0.58857	0.04841	0.18049	0.01304	0.00716	0.00196	0.00301	0.04578	0.00638	0.00556
46	0.02287	0.01685	0.01805	0.01384	0.01866	0.01866	0.01143	0.73100	0.02828	0.03791	0.01444	0.01444	0.01023	0.00722	0.00602	0.00181	0.00662	0.00542	0.00602	0.01023

[dist]
# distance from previous block
# <min> <max>
0	1

[block]
# block no. 1 follows, 38 sequences, length 54
# corresponding to MSA columns:
# 237-290
name=unknown_B
#
# <colnr> <probs for GDERKNQSTAVLIFYWHMCP>
#	G	D	E	R	K	N	Q	S	T	A	V	L	I	F	Y	W	H	M	C	P
0	0.80754	0.01219	0.03036	0.00818	0.01205	0.01351	0.00697	0.01772	0.01031	0.02676	0.00845	0.00986	0.00655	0.00559	0.00378	0.00186	0.00478	0.00329	0.00369	0.00658
1	0.01087	0.00967	0.01323	0.01693	0.24481	0.00948	0.00982	0.01541	0.11675	0.01965	0.13300	0.03750	0.31760	0.01071	0.00660	0.00194	0.00456	0.00929	0.00498	0.00720
2	0.00896	0.00697	0.00872	0.00855	0.01048	0.00588	0.00607	0.01052	0.01182	0.01670	0.02604	0.53988	0.03000	0.01428	0.00666	0.00195	0.00380	0.01281	0.00494	0.26497
3	0.00928	0.00699	0.00869	0.00812	0.00980	0.00682	0.00613	0.01386	0.10712	0.02406	0.64095	0.04245	0.06881	0.01185	0.00697	0.00191	0.00308	0.01042	0.00653	0.00614
4	0.01161	0.00722	0.00778	0.00665	0.00931	0.00637	0.00513	0.01438	0.01257	0.02153	0.01679	0.01927	0.01336	0.00620	0.00428	0.00124	0.00333	0.00496	0.56255	0.26546
5	0.01365	0.01447	0.02820	0.02014	0.02599	0.01293	0.50031	0.01796	0.01365	0.01938	0.01170	0.01504	0.00906	0.00488	0.00626	0.00167	0.00834	0.00598	0.00321	0.26718
6	0.02099	0.00916	0.01222	0.00981	0.01345	0.00817	0.00793	0.04723	0.01753	0.49934	0.25297	0.02803	0.02801	0.00898	0.00638	0.00187	0.00445	0.00756	0.00714	0.00879
7	0.83108	0.01163	0.00884	0.00791	0.01163	0.01350	0.00651	0.01768	0.01024	0.02699	0.00838	0.00977	0.00651	0.00558	0.00372	0.00186	0.00465	0.00326	0.00372	0.00651
8	0.01622	0.00707	0.00826	0.00722	0.00965	0.00663	0.00567	0.01887	0.01407	0.25472	0.02093	0.02181	0.01525	0.00715	0.00479	0.00155	0.00354	0.00575	0.56378	0.00707
9	0.01006	0.00933	0.01639	0.01294	0.01595	0.00859	0.23483	0.01336	0.01552	0.02114	0.38850	0.03822	0.16873	0.01055	0.00710	0.00196	0.00519	0.01001	0.00530	0.00634
10	0.00883	0.01344	0.24486	0.01116	0.01421	0.00777	0.01086	0.01176	0.01189	0.01653	0.02607	0.53995	0.02959	0.01468	0.00706	0.00227	0.00520	0.01309	0.00462	0.00616
11	0.01549	0.02659	0.52304	0.01610	0.02370	0.01546	0.01881	0.24473	0.01764	0.02503	0.01195	0.01325	0.00845	0.00619	0.00581	0.00187	0.00817	0.00475	0.00364	0.00932
12	0.04593	0.04934	0.27354	0.01373	0.01989	0.12478	0.04553	0.04278	0.01391	0.04420	0.01098	0.01261	0.00841	0.00544	0.00521	0.00151	0.00738	0.00420	0.00330	0.26734
13	0.00733	0.00524	0.00698	0.00838	0.00873	0.00489	0.00558	0.00838	0.01152	0.01536	0.03316	0.78466	0.03979	0.01885	0.00768	0.00244	0.00349	0.01710	0.00558	0.00489
14	0.01826	0.01525	0.01473	0.01210	0.01558	0.12789	0.00964	0.39542	0.02301	0.03002	0.24616	0.02356	0.02460	0.00868	0.00627	0.00179	0.00606	0.00691	0.00577	0.00829
15	0.02696	0.01088	0.03763	0.26029	0.02410	0.02831	0.11445	0.02867	0.01231	0.01656	0.01846	0.27573	0.01921	0.02814	0.00831	0.00227	0.06799	0.00954	0.00382	0.00635
16	0.00976	0.00822	0.01289	0.25239	0.02080	0.01007	0.01079	0.01245	0.01039	0.01444	0.01387	0.02055	0.01235	0.03050	0.47630	0.00679	0.06253	0.00602	0.00301	0.00586
17	0.00788	0.00566	0.00748	0.00800	0.00885	0.00526	0.00563	0.00977	0.01409	0.01945	0.36706	0.43908	0.04772	0.01579	0.00741	0.00219	0.00319	0.01419	0.00607	0.00526
18	0.01201	0.02351	0.46791	0.25773	0.03133	0.01387	0.07447	0.01790	0.01260	0.01790	0.01087	0.01403	0.00786	0.00576	0.00592	0.00195	0.00871	0.00493	0.00262	0.00813
19	0.03873	0.04187	0.44980	0.01365	0.01942	0.01116	0.01565	0.01594	0.01238	0.04294	0.01818	0.25749	0.01803	0.00992	0.00623	0.00206	0.00684	0.00844	0.00371	0.00756
20	0.01138	0.00961	0.01699	0.40923	0.02864	0.01085	0.11222	0.01337	0.01099	0.01435	0.01134	0.03436	0.00967	0.01089	0.01175	0.26290	0.00733	0.00582	0.00277	0.00555
21	0.49215	0.33624	0.01827	0.00890	0.01322	0.01778	0.00809	0.01782	0.01106	0.02165	0.00837	0.00972	0.00702	0.00540	0.00378	0.00162	0.00539	0.00324	0.00324	0.00702
22	0.01451	0.00730	0.00929	0.00825	0.00986	0.00699	0.00577	0.01551	0.01155	0.24765	0.02012	0.03145	0.01882	0.45006	0.11260	0.00504	0.00686	0.00761	0.00480	0.00595
23	0.00842	0.00583	0.00700	0.00691	0.00819	0.00523	0.00498	0.00887	0.01245	0.01584	0.16948	0.04299	0.38918	0.01650	0.01231	0.26287	0.00370	0.01000	0.00483	0.00441
24	0.00928	0.00665	0.00911	0.00984	0.01123	0.00648	0.00827	0.01207	0.01497	0.02017	0.28512	0.05975	0.04245	0.01509	0.00788	0.00246	0.00458	0.46308	0.00592	0.00559
25	0.27197	0.01099	0.01132	0.00859	0.01343	0.00976	0.00693	0.01595	0.01177	0.02194	0.00996	0.01162	0.00815	0.00481	0.00422	0.00120	0.00452	0.00347	0.00361	0.56579
26	0.00770	0.00552	0.00732	0.00812	0.00881	0.00514	0.00561	0.00932	0.01326	0.01814	0.25972	0.55017	0.04517	0.01677	0.00749	0.00227	0.00328	0.01513	0.00591	0.00514
27	0.01954	0.54432	0.02596	0.01042	0.01541	0.01906	0.00983	0.02160	0.01381	0.24907	0.01324	0.01308	0.00999	0.00588	0.00455	0.00147	0.00602	0.00411	0.00412	0.00852
28	0.00733	0.00524	0.00698	0.00838	0.00873	0.00489	0.00558	0.00838	0.01152	0.01536	0.03316	0.78466	0.03979	0.01885	0.00768	0.00244	0.00349	0.01710	0.00558	0.00489
29	0.83108	0.01163	0.00884	0.00791	0.01163	0.01350	0.00651	0.01768	0.01024	0.02699	0.00838	0.00977	0.00651	0.00558	0.00372	0.00186	0.00465	0.00326	0.00372	0.00651
30	0.02315	0.01152	0.01728	0.01902	0.24857	0.01057	0.01189	0.02588	0.01610	0.52205	0.01980	0.01870	0.01319	0.00678	0.00602	0.00184	0.00576	0.00583	0.00603	0.01001
31	0.01399	0.01963	0.25677	0.03065	0.52123	0.01419	0.01966	0.01865	0.01338	0.01946	0.01115	0.01420	0.00892	0.00547	0.00588	0.00182	0.00770	0.00507	0.00284	0.00933
32	0.57158	0.01134	0.00999	0.00823	0.01247	0.01176	0.00671	0.01688	0.01095	0.02465	0.00911	0.01063	0.00727	0.00523	0.00395	0.00155	0.00459	0.00335	0.00367	0.26608
33	0.02398	0.01466	0.01664	0.01281	0.01753	0.01545	0.01056	0.49101	0.04266	0.26498	0.01764	0.01656	0.01191	0.00732	0.00603	0.00183	0.00610	0.00565	0.00647	0.01022
34	0.01491	0.00917	0.00955	0.00822	0.01070	0.00974	0.00650	0.24130	0.01758	0.02734	0.01798	0.01990	0.01377	0.00708	0.00478	0.00153	0.00401	0.00555	0.56332	0.00707
35	0.01173	0.01107	0.01587	0.01360	0.01431	0.01424	0.04184	0.01369	0.01191	0.01774	0.24265	0.02337	0.02344	0.01085	0.01518	0.00237	0.49871	0.00712	0.00391	0.00636
36	0.00756	0.00611	0.00671	0.00656	0.00840	0.00527	0.00492	0.00950	0.01476	0.01875	0.27870	0.05379	0.52930	0.01430	0.00711	0.00199	0.00298	0.01212	0.00591	0.00527
37	0.57094	0.00960	0.00852	0.00789	0.01043	0.01087	0.00611	0.01456	0.00948	0.02175	0.00903	0.01247	0.00776	0.01044	0.01000	0.26278	0.00483	0.00388	0.00337	0.00528
38	0.57158	0.01134	0.00999	0.00823	0.01247	0.01176	0.00671	0.01688	0.01095	0.02465	0.00911	0.01063	0.00727	0.00523	0.00395	0.00155	0.00459	0.00335	0.00367	0.26608
39	0.01930	0.02297	0.01560	0.01341	0.01722	0.52465	0.01020	0.02121	0.01560	0.01627	0.00974	0.01136	0.00812	0.00565	0.00512	0.00134	0.00882	0.00378	0.00325	0.26640
40	0.26917	0.00782	0.00822	0.00774	0.00981	0.00810	0.00594	0.01314	0.01446	0.02437	0.45967	0.08946	0.03956	0.01066	0.00607	0.00192	0.00346	0.00893	0.00563	0.00588
41	0.02230	0.01053	0.01358	0.01021	0.01508	0.00880	0.00836	0.04059	0.01596	0.50592	0.01939	0.01780	0.01289	0.00649	0.00554	0.00155	0.00494	0.00525	0.00618	0.26863
42	0.01496	0.01292	0.01360	0.01224	0.01564	0.01496	0.00952	0.03197	0.74019	0.02516	0.02448	0.02244	0.01836	0.00816	0.00612	0.00204	0.00476	0.00680	0.00612	0.00952
43	0.02260	0.02492	0.01737	0.01497	0.01862	0.52802	0.01156	0.24813	0.02061	0.02207	0.01093	0.01199	0.00854	0.00652	0.00561	0.00163	0.00951	0.00436	0.00402	0.00801
44	0.02239	0.01038	0.01349	0.01013	0.01501	0.00858	0.00830	0.02483	0.01571	0.52204	0.01960	0.01794	0.01300	0.00650	0.00554	0.00155	0.00491	0.00526	0.00622	0.26863
45	0.83108	0.01163	0.00884	0.00791	0.01163	0.01350	0.00651	0.01768	0.01024	0.02699	0.00838	0.00977	0.00651	0.00558	0.00372	0.00186	0.00465	0.00326	0.00372	0.00651
46	0.57158	0.01134	0.00999	0.00823	0.01247	0.01176	0.00671	0.01688	0.01095	0.02465	0.00911	0.01063	0.00727	0.00523	0.00395	0.00155	0.00459	0.00335	0.00367	0.26608
47	0.01229	0.00894	0.01052	0.01009	0.01188	0.00927	0.00744	0.23752	0.01698	0.02274	0.04631	0.52075	0.03087	0.01499	0.00714	0.00223	0.00446	0.01323	0.00575	0.00660
48	0.01136	0.01069	0.01804	0.77412	0.04143	0.01337	0.01671	0.01537	0.01203	0.01537	0.01069	0.01604	0.00802	0.00601	0.00601	0.00200	0.00802	0.00535	0.00267	0.00668
49	0.00921	0.00725	0.01041	0.25040	0.01832	0.00797	0.00841	0.01094	0.01105	0.01462	0.07034	0.21806	0.02436	0.29498	0.01547	0.00350	0.00573	0.00990	0.00403	0.00506
50	0.00832	0.00523	0.00725	0.00821	0.00844	0.00499	0.00547	0.00821	0.01035	0.01380	0.02596	0.54172	0.03049	0.01950	0.01270	0.26318	0.00404	0.01334	0.00464	0.00417
51	0.01226	0.01245	0.02358	0.53677	0.03827	0.01395	0.24257	0.01661	0.01272	0.01661	0.01116	0.01610	0.00837	0.00572	0.00636	0.00201	0.00869	0.00590	0.00279	0.00714
52	0.00857	0.00635	0.00915	0.00900	0.01019	0.00694	0.00694	0.01094	0.01200	0.01719	0.24808	0.03039	0.02827	0.03471	0.52457	0.00720	0.01191	0.00785	0.00430	0.00547
53	0.83108	0.01163	0.00884	0.00791	0.01163	0.01350	0.00651	0.01768	0.01024	0.02699	0.00838	0.00977	0.00651	0.00558	0.00372	0.00186	0.00465	0.00326	0.00372	0.00651

[dist]
# distance from previous block
# <min> <max>
9	32

[block]
# block no. 2 follows, 38 sequences, length 6
# corresponding to MSA columns:
# 326-331
name=unknown_C
#
# <colnr> <probs for GDERKNQSTAVLIFYWHMCP>
#	G	D	E	R	K	N	Q	S	T	A	V	L	I	F	Y	W	H	M	C	P
0	0.00733	0.00524	0.00698	0.00838	0.00873	0.00489	0.00558	0.00838	0.01152	0.01536	0.03316	0.78466	0.03979	0.01885	0.00768	0.00244	0.00349	0.01710	0.00558	0.00489
1	0.02443	0.01000	0.01342	0.01033	0.01482	0.00855	0.00847	0.02682	0.01678	0.63960	0.07242	0.02145	0.01724	0.00751	0.00598	0.00178	0.00490	0.00616	0.00704	0.08228
2	0.01625	0.67035	0.02886	0.01056	0.01557	0.07676	0.01012	0.01821	0.01260	0.01465	0.00863	0.00998	0.00782	0.00517	0.00402	0.00127	0.00659	0.00329	0.00270	0.07660
3	0.83108	0.01163	0.00884	0.00791	0.01163	0.01350	0.00651	0.01768	0.01024	0.02699	0.00838	0.00977	0.00651	0.00558	0.00372	0.00186	0.00465	0.00326	0.00372	0.00651
4	0.01503	0.01270	0.01521	0.06949	0.01821	0.01429	0.05358	0.13860	0.44506	0.02499	0.02211	0.10770	0.01819	0.00889	0.00633	0.00205	0.00548	0.00767	0.00560	0.00881
5	0.00908	0.00630	0.00779	0.00742	0.00910	0.00564	0.00556	0.01143	0.01579	0.06171	0.47991	0.09911	0.23224	0.01325	0.00708	0.00197	0.00306	0.01152	0.00633	0.00572

[dist]
# distance from previous block
# <min> <max>
3	29

[block]
# block no. 3 follows, 38 sequences, length 11
# corresponding to MSA columns:
# 361-371
name=unknown_D
#
# <colnr> <probs for GDERKNQSTAVLIFYWHMCP>
#	G	D	E	R	K	N	Q	S	T	A	V	L	I	F	Y	W	H	M	C	P
0	0.02140	0.04284	0.01492	0.01169	0.01582	0.03410	0.00951	0.10323	0.26495	0.35901	0.02223	0.02117	0.01566	0.00780	0.00603	0.00191	0.00538	0.02620	0.00647	0.00967
1	0.01725	0.01412	0.01842	0.02105	0.27231	0.01509	0.01296	0.30407	0.12163	0.02725	0.01684	0.10120	0.01441	0.00800	0.00620	0.00190	0.00619	0.00689	0.00493	0.00929
2	0.00750	0.00536	0.00718	0.00857	0.00899	0.00503	0.00588	0.00867	0.01169	0.01555	0.03306	0.73312	0.03942	0.01869	0.00772	0.00247	0.00364	0.06696	0.00558	0.00493
3	0.00996	0.00879	0.01419	0.50733	0.03004	0.01041	0.01283	0.01293	0.01185	0.01537	0.01852	0.28384	0.01909	0.01049	0.00659	0.00216	0.00644	0.00944	0.00369	0.00606
4	0.01491	0.01382	0.02065	0.02832	0.49483	0.01453	0.01535	0.02317	0.26682	0.02157	0.01590	0.01752	0.01261	0.00634	0.00601	0.00188	0.00632	0.00586	0.00407	0.00953
5	0.01567	0.52117	0.02905	0.01957	0.27174	0.02049	0.01314	0.01817	0.01274	0.01607	0.00939	0.01148	0.00835	0.00522	0.00459	0.00146	0.00668	0.00396	0.00271	0.00835
6	0.01769	0.02071	0.01339	0.01238	0.01440	0.50012	0.00884	0.01870	0.01416	0.01366	0.01266	0.02078	0.01267	0.27879	0.01420	0.00304	0.00910	0.00557	0.00329	0.00581
7	0.01496	0.01292	0.01360	0.01224	0.01564	0.01496	0.00952	0.03197	0.74019	0.02516	0.02448	0.02244	0.01836	0.00816	0.00612	0.00204	0.00476	0.00680	0.00612	0.00952
8	0.54547	0.01131	0.01205	0.27487	0.02202	0.01345	0.01007	0.01688	0.01086	0.02294	0.00918	0.01196	0.00704	0.00573	0.00452	0.00191	0.00583	0.00399	0.00336	0.00657
9	0.00980	0.01504	0.27020	0.01227	0.01607	0.00977	0.01264	0.01364	0.01072	0.01574	0.01426	0.01982	0.01245	0.03139	0.50029	0.00696	0.01360	0.00575	0.00298	0.00660
10	0.01845	0.52206	0.02683	0.01153	0.01656	0.02201	0.01069	0.26643	0.01782	0.02243	0.01048	0.01132	0.00859	0.00587	0.00461	0.00147	0.00650	0.00398	0.00377	0.00859

[dist]
# distance from previous block
# <min> <max>
0	1

[block]
# block no. 4 follows, 38 sequences, length 22
# corresponding to MSA columns:
# 373-394
name=unknown_E
#
# <colnr> <probs for GDERKNQSTAVLIFYWHMCP>
#	G	D	E	R	K	N	Q	S	T	A	V	L	I	F	Y	W	H	M	C	P
0	0.01492	0.01381	0.02059	0.02819	0.49080	0.01453	0.01530	0.02324	0.27079	0.02160	0.01598	0.01756	0.01266	0.00635	0.00601	0.00188	0.00630	0.00587	0.00409	0.00953
1	0.01344	0.02150	0.29097	0.02245	0.02953	0.01477	0.47902	0.01919	0.01367	0.01919	0.01168	0.01498	0.00859	0.00530	0.00661	0.00198	0.00970	0.00616	0.00286	0.00839
2	0.00915	0.01449	0.27271	0.01164	0.01507	0.00822	0.01172	0.01240	0.01207	0.01682	0.02517	0.46917	0.02810	0.01407	0.00702	0.00227	0.00552	0.05355	0.00450	0.00634
3	0.01007	0.00755	0.00865	0.00739	0.00928	0.00661	0.00488	0.01101	0.01007	0.01447	0.01603	0.02985	0.01728	0.51109	0.02136	0.00408	0.00534	0.00691	0.00362	0.29444
4	0.00761	0.00611	0.00678	0.00662	0.00843	0.00529	0.00496	0.00960	0.01489	0.01904	0.30404	0.05331	0.50378	0.01420	0.00710	0.00198	0.00297	0.01205	0.00595	0.00529
5	0.54266	0.28787	0.01687	0.00875	0.01298	0.01714	0.00785	0.01780	0.01094	0.02245	0.00837	0.00973	0.00694	0.00543	0.00377	0.00166	0.00528	0.00324	0.00332	0.00694
6	0.01905	0.02190	0.27970	0.01501	0.02127	0.01700	0.01525	0.47905	0.02277	0.03124	0.01315	0.01383	0.00931	0.00669	0.00591	0.00184	0.00742	0.00507	0.00479	0.00976
7	0.01207	0.03112	0.75741	0.01715	0.02604	0.01397	0.02223	0.01905	0.01270	0.01905	0.01080	0.01270	0.00762	0.00572	0.00572	0.00191	0.00889	0.00445	0.00254	0.00889
8	0.54094	0.00950	0.00770	0.00710	0.01000	0.01070	0.00570	0.01639	0.01108	0.02538	0.01236	0.01425	0.00967	0.00609	0.00389	0.00170	0.00400	0.00409	0.29329	0.00619
9	0.01369	0.01213	0.01517	0.28186	0.02477	0.01440	0.01206	0.02609	0.48250	0.02170	0.01960	0.02018	0.01470	0.00740	0.00608	0.00203	0.00591	0.00629	0.00490	0.00852
10	0.01043	0.28373	0.01567	0.00905	0.01110	0.01158	0.00725	0.01179	0.01177	0.01493	0.02438	0.51039	0.02844	0.01400	0.00633	0.00203	0.00453	0.01219	0.00452	0.00589
11	0.83108	0.01163	0.00884	0.00791	0.01163	0.01350	0.00651	0.01768	0.01024	0.02699	0.00838	0.00977	0.00651	0.00558	0.00372	0.00186	0.00465	0.00326	0.00372	0.00651
12	0.00995	0.00862	0.01143	0.01026	0.01127	0.01010	0.00816	0.01206	0.01377	0.01955	0.38476	0.03560	0.14145	0.01211	0.01157	0.00217	0.27704	0.00916	0.00506	0.00591
13	0.00829	0.00579	0.00671	0.00671	0.00802	0.00513	0.00480	0.00835	0.01163	0.01420	0.04307	0.04388	0.48739	0.01724	0.01291	0.29326	0.00382	0.01005	0.00453	0.00421
14	0.01496	0.01292	0.01360	0.01224	0.01564	0.01496	0.00952	0.03197	0.74019	0.02516	0.02448	0.02244	0.01836	0.00816	0.00612	0.00204	0.00476	0.00680	0.00612	0.00952
15	0.02130	0.01052	0.01342	0.01014	0.01498	0.00883	0.00827	0.02443	0.04893	0.46117	0.01915	0.01774	0.01294	0.00642	0.00549	0.00153	0.00487	0.00520	0.00601	0.29867
16	0.01046	0.00971	0.01767	0.01379	0.01689	0.00902	0.26167	0.01403	0.01587	0.02204	0.45579	0.03538	0.07186	0.00988	0.00710	0.00195	0.00543	0.00963	0.00531	0.00651
17	0.30888	0.01500	0.01479	0.01174	0.01617	0.01683	0.00969	0.47857	0.02190	0.03405	0.01230	0.01279	0.00892	0.00664	0.00521	0.00183	0.00592	0.00465	0.00521	0.00892
18	0.00723	0.00579	0.00647	0.00695	0.00836	0.00503	0.00496	0.00862	0.01303	0.01617	0.07172	0.31470	0.47701	0.01643	0.00731	0.00217	0.00320	0.01420	0.00562	0.00503
19	0.00791	0.00611	0.00916	0.00959	0.01043	0.00570	0.05939	0.00936	0.01204	0.01617	0.07377	0.68387	0.03851	0.01744	0.00760	0.00238	0.00395	0.01599	0.00546	0.00517
20	0.00976	0.00578	0.00578	0.00578	0.00740	0.00542	0.00433	0.01211	0.01300	0.02024	0.03425	0.03498	0.27489	0.00992	0.00523	0.00162	0.00289	0.00812	0.53307	0.00542
21	0.01247	0.01069	0.01247	0.00891	0.01426	0.00802	0.00713	0.01515	0.01247	0.01960	0.01069	0.01247	0.00891	0.00446	0.00446	0.00089	0.00446	0.00356	0.00356	0.82536

[dist]
# distance from previous block
# <min> <max>
0	7

[block]
# block no. 5 follows, 38 sequences, length 16
# corresponding to MSA columns:
# 402-417
name=unknown_F
#
# <colnr> <probs for GDERKNQSTAVLIFYWHMCP>
#	G	D	E	R	K	N	Q	S	T	A	V	L	I	F	Y	W	H	M	C	P
0	0.01305	0.01162	0.01587	0.20744	0.02268	0.01082	0.04439	0.01586	0.01270	0.01884	0.01134	0.01465	0.00934	0.00578	0.00626	0.00149	0.05377	0.00455	0.00351	0.51607
1	0.01466	0.01381	0.02308	0.23378	0.55342	0.01441	0.01818	0.01810	0.01370	0.01917	0.01189	0.01620	0.00983	0.00604	0.00629	0.00198	0.00761	0.00559	0.00316	0.00912
2	0.01535	0.01060	0.01277	0.00927	0.01447	0.00818	0.00747	0.01795	0.01341	0.16525	0.01327	0.01406	0.01009	0.00505	0.00477	0.00108	0.00459	0.00406	0.00433	0.66397
3	0.01494	0.01410	0.02172	0.16853	0.29744	0.03077	0.06986	0.10361	0.02911	0.02000	0.01119	0.01488	0.00912	0.00678	0.00878	0.00202	0.16004	0.00548	0.00329	0.00833
4	0.02351	0.01246	0.01881	0.01411	0.01903	0.01171	0.15187	0.12970	0.03900	0.48397	0.02011	0.01881	0.01317	0.00696	0.00625	0.00189	0.00632	0.00619	0.00633	0.00980
5	0.00851	0.00615	0.00804	0.00757	0.00899	0.00568	0.00568	0.01135	0.01703	0.02412	0.74788	0.04494	0.05676	0.01230	0.00710	0.00189	0.00284	0.01088	0.00662	0.00568
6	0.01942	0.02325	0.01505	0.01369	0.01611	0.56609	0.01010	0.03986	0.01542	0.01474	0.01130	0.01668	0.01062	0.16130	0.01096	0.00245	0.03838	0.00493	0.00327	0.00639
7	0.00804	0.00578	0.00762	0.00789	0.00888	0.00536	0.00564	0.01016	0.01483	0.02062	0.46217	0.34064	0.04998	0.01492	0.00733	0.00211	0.00310	0.01337	0.00621	0.00536
8	0.02535	0.00988	0.01344	0.01043	0.01479	0.00856	0.00856	0.02773	0.01720	0.69047	0.08787	0.02264	0.01860	0.00788	0.00614	0.00186	0.00492	0.00648	0.00737	0.00983
9	0.00920	0.00677	0.00885	0.15861	0.01356	0.00728	0.00631	0.01004	0.00952	0.01256	0.01792	0.06655	0.01989	0.60080	0.02477	0.00493	0.00617	0.00843	0.00354	0.00430
10	0.00835	0.00632	0.00807	0.00848	0.00982	0.00551	0.00589	0.00972	0.01171	0.01620	0.02871	0.63177	0.03367	0.01600	0.00704	0.00214	0.00368	0.01442	0.00518	0.16733
11	0.67187	0.01136	0.00986	0.00846	0.01237	0.01257	0.00698	0.01999	0.01162	0.17118	0.01142	0.01189	0.00817	0.00595	0.00418	0.00186	0.00475	0.00381	0.00446	0.00725
12	0.01241	0.00596	0.00624	0.00599	0.00764	0.00585	0.00456	0.01518	0.01297	0.07806	0.01994	0.02228	0.01538	0.00704	0.00435	0.00144	0.00298	0.00564	0.76015	0.00596
13	0.01310	0.01462	0.14395	0.01189	0.01758	0.00996	0.07095	0.04662	0.01381	0.04129	0.06732	0.01560	0.01256	0.00552	0.00521	0.00131	0.00570	0.00472	0.00379	0.49451
14	0.38725	0.04987	0.01401	0.01116	0.01436	0.01604	0.00924	0.14298	0.10519	0.02558	0.01136	0.01285	0.00898	0.00715	0.00760	0.00200	0.15813	0.00447	0.00415	0.00761
15	0.00870	0.00628	0.00705	0.00678	0.00763	0.00592	0.00426	0.00930	0.01005	0.01327	0.02652	0.04032	0.16449	0.54418	0.05534	0.00487	0.00562	0.00904	0.00401	0.06638

[dist]
# distance from previous block
# <min> <max>
2	89

[block]
# block no. 6 follows, 38 sequences, length 10
# corresponding to MSA columns:
# 507-516
name=unknown_G
#
# <colnr> <probs for GDERKNQSTAVLIFYWHMCP>
#	G	D	E	R	K	N	Q	S	T	A	V	L	I	F	Y	W	H	M	C	P
0	0.01348	0.01272	0.02018	0.19835	0.17807	0.01425	0.11282	0.04565	0.14553	0.01933	0.01509	0.07612	0.01290	0.00772	0.00794	0.00207	0.09927	0.00676	0.00376	0.00798
1	0.01335	0.13427	0.01995	0.01457	0.01544	0.01862	0.01238	0.01481	0.00971	0.01440	0.00846	0.01324	0.00829	0.01175	0.06158	0.00284	0.61200	0.00502	0.00266	0.00669
2	0.00733	0.00524	0.00698	0.00838	0.00873	0.00489	0.00558	0.00838	0.01152	0.01536	0.03316	0.78466	0.03979	0.01885	0.00768	0.00244	0.00349	0.01710	0.00558	0.00489
3	0.24096	0.01256	0.01690	0.10012	0.17163	0.01500	0.03441	0.01718	0.04202	0.01998	0.01024	0.01366	0.00858	0.00721	0.00947	0.00209	0.23766	0.00487	0.02814	0.00733
4	0.13582	0.00623	0.00727	0.00830	0.00918	0.00623	0.00573	0.00983	0.01132	0.01717	0.02929	0.66379	0.03460	0.01678	0.00706	0.00235	0.00367	0.01494	0.00529	0.00514
5	0.02194	0.01193	0.01434	0.01133	0.01573	0.01172	0.00921	0.16408	0.15626	0.38485	0.04641	0.01981	0.01558	0.00744	0.00595	0.00180	0.00520	0.00601	0.00654	0.08388
6	0.01915	0.02121	0.13150	0.04403	0.01924	0.25460	0.01249	0.27596	0.01966	0.02473	0.01273	0.01408	0.00959	0.00659	0.00555	0.00170	0.00791	0.00479	0.10624	0.00826
7	0.01247	0.01069	0.01247	0.00891	0.01426	0.00802	0.00713	0.01515	0.01247	0.01960	0.01069	0.01247	0.00891	0.00446	0.00446	0.00089	0.00446	0.00356	0.00356	0.82536
8	0.13656	0.00696	0.00784	0.00744	0.00926	0.00678	0.00564	0.01182	0.01526	0.02306	0.50308	0.07257	0.14819	0.01195	0.00660	0.00193	0.00318	0.01022	0.00598	0.00569
9	0.01476	0.01345	0.02482	0.08397	0.07015	0.01344	0.36123	0.07907	0.07401	0.05088	0.01342	0.01699	0.01036	0.00818	0.00928	0.13035	0.00805	0.00634	0.00363	0.00761

[dist]
# distance from previous block
# <min> <max>
0	61

[block]
# block no. 7 follows, 38 sequences, length 6
# corresponding to MSA columns:
# 578-583
name=unknown_H
#
# <colnr> <probs for GDERKNQSTAVLIFYWHMCP>
#	G	D	E	R	K	N	Q	S	T	A	V	L	I	F	Y	W	H	M	C	P
0	0.01425	0.00711	0.00964	0.00946	0.01138	0.00645	0.00713	0.01592	0.01370	0.26638	0.02982	0.44810	0.03079	0.01474	0.00719	0.00228	0.00426	0.08842	0.00621	0.00677
1	0.01080	0.00942	0.01521	0.51554	0.03162	0.01118	0.01433	0.01439	0.01265	0.01626	0.01786	0.03360	0.01703	0.00961	0.00679	0.00226	0.00718	0.24434	0.00364	0.00630
2	0.01226	0.02232	0.40031	0.01849	0.02531	0.01315	0.25933	0.01797	0.01386	0.01989	0.12187	0.01873	0.01551	0.00648	0.00639	0.00194	0.00841	0.00631	0.00332	0.00814
3	0.01569	0.01361	0.02067	0.40411	0.03221	0.01544	0.12184	0.25847	0.01786	0.02359	0.01219	0.01553	0.00893	0.00628	0.00618	0.00194	0.00786	0.00563	0.00386	0.00810
4	0.00739	0.00581	0.00668	0.00708	0.00846	0.00510	0.00508	0.00894	0.01345	0.01710	0.15225	0.30229	0.40696	0.01603	0.00730	0.00215	0.00317	0.01392	0.00574	0.00510
5	0.01812	0.01806	0.01576	0.12771	0.02071	0.26865	0.01141	0.07430	0.30063	0.05808	0.01655	0.01691	0.01248	0.00707	0.00586	0.00184	0.00746	0.00546	0.00464	0.00832

[dist]
# distance from previous block
# <min> <max>
0	14

[block]
# block no. 8 follows, 38 sequences, length 6
# corresponding to MSA columns:
# 598-603
name=unknown_I
#
# <colnr> <probs for GDERKNQSTAVLIFYWHMCP>
#	G	D	E	R	K	N	Q	S	T	A	V	L	I	F	Y	W	H	M	C	P
0	0.01974	0.01516	0.01633	0.01282	0.01740	0.01641	0.01043	0.48234	0.18005	0.03266	0.01610	0.01590	0.01181	0.00705	0.00583	0.00173	0.00592	0.00546	0.00571	0.12113
1	0.00731	0.00532	0.00689	0.00814	0.00866	0.00491	0.00548	0.00840	0.01175	0.01545	0.03604	0.70915	0.11344	0.01847	0.00762	0.00240	0.00344	0.01664	0.00558	0.00491
2	0.01136	0.00951	0.01129	0.00879	0.01306	0.00734	0.00679	0.01368	0.01227	0.01868	0.01555	0.17942	0.01559	0.00757	0.00515	0.00123	0.00425	0.00649	0.00400	0.64797
3	0.01274	0.00853	0.01032	0.00940	0.01171	0.00866	0.00719	0.01934	0.22108	0.12317	0.37512	0.10716	0.03855	0.01110	0.00673	0.00198	0.00376	0.00967	0.00649	0.00731
4	0.05399	0.11035	0.37952	0.01504	0.02117	0.01668	0.01657	0.17217	0.01542	0.02233	0.01080	0.01266	0.00818	0.00663	0.00739	0.00191	0.11264	0.00457	0.00336	0.00862
5	0.04686	0.01203	0.01942	0.43704	0.13956	0.01468	0.04573	0.01590	0.01168	0.01647	0.01015	0.01499	0.00820	0.00684	0.00892	0.00210	0.17422	0.00532	0.00277	0.00714

[dist]
# distance from previous block
# <min> <max>
7	162

# created by:
# /software/SequenceAnalysis/GenePrediction/augustus/3.0.1/scripts/msa2prfl.pl ./fixed/BUSCOvEOG79KH4G.fas
