[name]
unknown

[dist]
# distance from previous block
# <min> <max>
0	87

[block]
# block no. 0 follows, 41 sequences, length 32
# corresponding to MSA columns:
# 89-120
name=unknown_A
#
# <colnr> <probs for GDERKNQSTAVLIFYWHMCP>
#	G	D	E	R	K	N	Q	S	T	A	V	L	I	F	Y	W	H	M	C	P
0	0.00810	0.00585	0.00765	0.00720	0.00855	0.00540	0.00540	0.01079	0.01619	0.02294	0.76028	0.04273	0.05397	0.01169	0.00675	0.00180	0.00270	0.01034	0.00630	0.00540
1	0.01468	0.01218	0.01295	0.01158	0.01486	0.01399	0.00903	0.03029	0.72353	0.05363	0.02325	0.02127	0.01733	0.00773	0.00582	0.00193	0.00454	0.00644	0.00587	0.00908
2	0.02078	0.00986	0.04231	0.00995	0.01379	0.00832	0.00834	0.02406	0.06176	0.54036	0.13697	0.05919	0.02137	0.00828	0.00597	0.00181	0.00458	0.00694	0.00661	0.00873
3	0.08003	0.23616	0.46780	0.01351	0.02039	0.01552	0.01618	0.01826	0.01199	0.05720	0.01011	0.01146	0.00755	0.00537	0.00482	0.00165	0.00731	0.00390	0.00276	0.00804
4	0.00805	0.00585	0.00758	0.00715	0.00852	0.00538	0.00536	0.01071	0.01608	0.02268	0.73655	0.04314	0.07786	0.01179	0.00675	0.00180	0.00271	0.01040	0.00626	0.00538
5	0.58408	0.03876	0.08082	0.00891	0.01311	0.01238	0.00811	0.01900	0.01125	0.16214	0.01089	0.01144	0.00781	0.00564	0.00413	0.00176	0.00494	0.00369	0.00406	0.00710
6	0.01436	0.01535	0.07908	0.04707	0.56490	0.03298	0.09097	0.05174	0.01370	0.01921	0.01088	0.01404	0.00884	0.00521	0.00575	0.00173	0.00729	0.00517	0.00294	0.00879
7	0.00696	0.00502	0.00660	0.00786	0.00827	0.00465	0.00526	0.00798	0.01105	0.01464	0.03276	0.76062	0.07167	0.01776	0.00728	0.00230	0.00330	0.01606	0.00531	0.00465
8	0.00697	0.00498	0.00664	0.00796	0.00830	0.00465	0.00531	0.00796	0.01095	0.01460	0.03153	0.79525	0.03783	0.01792	0.00730	0.00232	0.00332	0.01626	0.00531	0.00465
9	0.79601	0.01132	0.00887	0.00782	0.01142	0.01309	0.00644	0.05540	0.01064	0.02621	0.00827	0.00953	0.00638	0.00539	0.00366	0.00177	0.00452	0.00321	0.00366	0.00638
10	0.05678	0.16104	0.51061	0.01462	0.02172	0.01479	0.04803	0.01874	0.04165	0.04600	0.01078	0.01221	0.00793	0.00546	0.00511	0.00172	0.00759	0.00422	0.00281	0.00818
11	0.01252	0.04055	0.47887	0.04463	0.07305	0.01391	0.19509	0.04109	0.01292	0.01856	0.01067	0.01312	0.00780	0.00531	0.00575	0.00182	0.00849	0.00493	0.00267	0.00826
12	0.01416	0.01359	0.02322	0.03511	0.76330	0.01359	0.01755	0.01755	0.01302	0.01869	0.01076	0.01416	0.00906	0.00510	0.00566	0.00170	0.00680	0.00510	0.00283	0.00906
13	0.00810	0.00585	0.00765	0.00720	0.00855	0.00540	0.00540	0.01079	0.01619	0.02294	0.76028	0.04273	0.05397	0.01169	0.00675	0.00180	0.00270	0.01034	0.00630	0.00540
14	0.01529	0.80242	0.02997	0.00979	0.01468	0.02263	0.00979	0.01713	0.01162	0.01346	0.00795	0.00918	0.00734	0.00489	0.00367	0.00122	0.00612	0.00306	0.00245	0.00734
15	0.02566	0.00973	0.01327	0.01018	0.01460	0.00841	0.00841	0.02788	0.01637	0.76726	0.02257	0.01947	0.01416	0.00708	0.00575	0.00177	0.00487	0.00575	0.00708	0.00973
16	0.00676	0.00579	0.00579	0.00579	0.00773	0.00483	0.00435	0.00821	0.01304	0.01545	0.05794	0.05505	0.76098	0.01449	0.00676	0.00193	0.00290	0.01207	0.00531	0.00483
17	0.00716	0.00513	0.00687	0.00797	0.00838	0.00491	0.00539	0.00827	0.01092	0.01470	0.05884	0.67471	0.03595	0.04869	0.07011	0.00298	0.00434	0.01491	0.00510	0.00467
18	0.01066	0.00533	0.00533	0.00533	0.00666	0.00533	0.00400	0.01333	0.01200	0.02132	0.01866	0.02132	0.01466	0.00666	0.00400	0.00133	0.00267	0.00533	0.83073	0.00533
19	0.00810	0.00585	0.00765	0.00720	0.00855	0.00540	0.00540	0.01079	0.01619	0.02294	0.76028	0.04273	0.05397	0.01169	0.00675	0.00180	0.00270	0.01034	0.00630	0.00540
20	0.02566	0.00973	0.01327	0.01018	0.01460	0.00841	0.00841	0.02788	0.01637	0.76726	0.02257	0.01947	0.01416	0.00708	0.00575	0.00177	0.00487	0.00575	0.00708	0.00973
21	0.83938	0.01106	0.00841	0.00752	0.01106	0.01283	0.00619	0.01681	0.00973	0.02566	0.00796	0.00929	0.00619	0.00531	0.00354	0.00177	0.00442	0.00310	0.00354	0.00619
22	0.83938	0.01106	0.00841	0.00752	0.01106	0.01283	0.00619	0.01681	0.00973	0.02566	0.00796	0.00929	0.00619	0.00531	0.00354	0.00177	0.00442	0.00310	0.00354	0.00619
23	0.01022	0.00581	0.00957	0.00879	0.00926	0.00573	0.06446	0.00833	0.00794	0.01061	0.01007	0.01723	0.00983	0.01866	0.02110	0.76651	0.00534	0.00511	0.00252	0.00291
24	0.02566	0.00973	0.01327	0.01018	0.01460	0.00841	0.00841	0.02788	0.01637	0.76726	0.02257	0.01947	0.01416	0.00708	0.00575	0.00177	0.00487	0.00575	0.00708	0.00973
25	0.77261	0.01256	0.06978	0.00823	0.01217	0.01287	0.00740	0.01692	0.00992	0.02505	0.00815	0.00952	0.00628	0.00532	0.00369	0.00177	0.00475	0.00319	0.00345	0.00638
26	0.83938	0.01106	0.00841	0.00752	0.01106	0.01283	0.00619	0.01681	0.00973	0.02566	0.00796	0.00929	0.00619	0.00531	0.00354	0.00177	0.00442	0.00310	0.00354	0.00619
27	0.02119	0.02294	0.01682	0.01508	0.04936	0.49144	0.01127	0.26255	0.01963	0.02153	0.01055	0.01161	0.00822	0.00618	0.00537	0.00156	0.00883	0.00423	0.00387	0.00776
28	0.02358	0.00912	0.01217	0.00950	0.01350	0.00798	0.00780	0.02586	0.01576	0.66377	0.02202	0.01973	0.01423	0.00702	0.00551	0.00171	0.00456	0.00569	0.12135	0.00912
29	0.01521	0.01393	0.02238	0.03206	0.65986	0.01417	0.01663	0.11837	0.01495	0.02110	0.01117	0.01410	0.00915	0.00534	0.00567	0.00170	0.00673	0.00510	0.00323	0.00915
30	0.02226	0.01391	0.01573	0.01211	0.01652	0.01472	0.00998	0.52072	0.02361	0.23373	0.04599	0.01645	0.01270	0.00712	0.00577	0.00173	0.00576	0.00552	0.00611	0.00956
31	0.01474	0.01469	0.02265	0.03347	0.70316	0.07508	0.01703	0.01798	0.01328	0.01831	0.01060	0.01385	0.00892	0.00516	0.00562	0.00168	0.00708	0.00498	0.00284	0.00886

[dist]
# distance from previous block
# <min> <max>
0	2

[block]
# block no. 1 follows, 41 sequences, length 8
# corresponding to MSA columns:
# 123-130
name=unknown_B
#
# <colnr> <probs for GDERKNQSTAVLIFYWHMCP>
#	G	D	E	R	K	N	Q	S	T	A	V	L	I	F	Y	W	H	M	C	P
0	0.26981	0.09159	0.01576	0.01111	0.01541	0.01673	0.00934	0.45171	0.02018	0.03068	0.01141	0.01194	0.00842	0.00620	0.00486	0.00168	0.00571	0.00432	0.00474	0.00842
1	0.00766	0.00527	0.00643	0.00708	0.00725	0.00511	0.00437	0.00814	0.00961	0.01281	0.02463	0.40844	0.02914	0.41659	0.01843	0.00397	0.00446	0.01221	0.00437	0.00404
2	0.01230	0.00885	0.01033	0.00918	0.01085	0.00962	0.00675	0.23262	0.01432	0.01942	0.01672	0.06486	0.01664	0.32657	0.21050	0.00514	0.00814	0.00720	0.00414	0.00585
3	0.01396	0.01415	0.02642	0.03176	0.54022	0.01386	0.23807	0.01779	0.01317	0.01858	0.01101	0.01454	0.00894	0.00501	0.00599	0.00177	0.00766	0.00560	0.00285	0.00865
4	0.01843	0.02089	0.01801	0.02047	0.24404	0.43390	0.01278	0.08214	0.01574	0.01727	0.01023	0.01249	0.00849	0.00792	0.05091	0.00202	0.00920	0.00438	0.00316	0.00754
5	0.01443	0.00895	0.00964	0.00853	0.01108	0.00957	0.00667	0.09065	0.23928	0.10368	0.02001	0.02040	0.01498	0.00706	0.00491	0.00160	0.00382	0.00570	0.41167	0.00736
6	0.01425	0.56144	0.02446	0.00939	0.01434	0.01807	0.00887	0.01630	0.01169	0.01503	0.00863	0.00999	0.00768	0.00469	0.00384	0.00111	0.00554	0.00316	0.00273	0.25877
7	0.00757	0.00620	0.00882	0.00881	0.01014	0.00564	0.06821	0.00911	0.01191	0.01530	0.03780	0.46768	0.25506	0.01565	0.00712	0.00219	0.00383	0.04887	0.00510	0.00499

[dist]
# distance from previous block
# <min> <max>
0	1

[block]
# block no. 2 follows, 41 sequences, length 39
# corresponding to MSA columns:
# 132-170
name=unknown_C
#
# <colnr> <probs for GDERKNQSTAVLIFYWHMCP>
#	G	D	E	R	K	N	Q	S	T	A	V	L	I	F	Y	W	H	M	C	P
0	0.00919	0.00656	0.00918	0.01044	0.01176	0.00655	0.00911	0.01182	0.01325	0.01727	0.04987	0.06394	0.03348	0.01569	0.00787	0.00261	0.00520	0.70563	0.00529	0.00527
1	0.21206	0.00645	0.00768	0.00747	0.00833	0.00688	0.00527	0.00973	0.00801	0.01377	0.00946	0.01541	0.00902	0.01632	0.01777	0.63088	0.00484	0.00451	0.00274	0.00339
2	0.01416	0.01359	0.02322	0.03511	0.76330	0.01359	0.01755	0.01755	0.01302	0.01869	0.01076	0.01416	0.00906	0.00510	0.00566	0.00170	0.00680	0.00510	0.00283	0.00906
3	0.01330	0.01686	0.10789	0.02332	0.02938	0.01435	0.66982	0.01830	0.01336	0.01830	0.01144	0.01509	0.00853	0.00488	0.00662	0.00192	0.00952	0.00650	0.00284	0.00779
4	0.01920	0.02046	0.20036	0.01409	0.01944	0.09308	0.01339	0.49458	0.02221	0.02946	0.01239	0.01298	0.00888	0.00642	0.00559	0.00172	0.00723	0.00478	0.00464	0.00910
5	0.00789	0.00582	0.00749	0.00801	0.00920	0.00542	0.00618	0.00994	0.01361	0.01816	0.27791	0.23375	0.16292	0.01473	0.00718	0.00216	0.00354	0.19538	0.00563	0.00509
6	0.00949	0.00518	0.00750	0.00739	0.00772	0.00507	0.00507	0.00827	0.00958	0.01310	0.19278	0.02356	0.02067	0.01788	0.01855	0.63089	0.00441	0.00628	0.00341	0.00319
7	0.01301	0.01090	0.01203	0.01137	0.01414	0.01236	0.00909	0.02588	0.57269	0.02227	0.02499	0.03186	0.02123	0.00972	0.00633	0.00211	0.00471	0.18151	0.00569	0.00813
8	0.02174	0.01602	0.01717	0.01316	0.01774	0.01774	0.01087	0.74423	0.02689	0.03605	0.01373	0.01373	0.00973	0.00687	0.00572	0.00172	0.00629	0.00515	0.00572	0.00973
9	0.01432	0.01282	0.01787	0.01450	0.01837	0.01387	0.18766	0.02689	0.52924	0.05049	0.02114	0.02054	0.03096	0.00716	0.00606	0.00193	0.00575	0.00663	0.00514	0.00866
10	0.00714	0.00573	0.00590	0.00590	0.00736	0.00500	0.00413	0.00824	0.01189	0.01439	0.04822	0.05075	0.58061	0.20565	0.01221	0.00281	0.00354	0.01116	0.00486	0.00450
11	0.02063	0.01494	0.01597	0.01237	0.01662	0.01649	0.01018	0.67056	0.02539	0.03456	0.01423	0.01450	0.01022	0.00685	0.00555	0.00168	0.00593	0.00517	0.08888	0.00928
12	0.23532	0.01434	0.01444	0.01153	0.01570	0.01610	0.00946	0.48159	0.09558	0.03210	0.01318	0.01334	0.00958	0.00655	0.00516	0.00175	0.00563	0.00474	0.00516	0.00873
13	0.01218	0.01168	0.01580	0.01319	0.01447	0.01469	0.01090	0.01378	0.00953	0.01493	0.00847	0.01276	0.00802	0.00994	0.04598	0.00237	0.56601	0.00466	0.00274	0.20790
14	0.00730	0.00512	0.00654	0.00754	0.00779	0.00487	0.00486	0.00805	0.01031	0.01375	0.02824	0.61058	0.03368	0.20825	0.01262	0.00311	0.00386	0.01433	0.00486	0.00436
15	0.02566	0.00973	0.01327	0.01018	0.01460	0.00841	0.00841	0.02788	0.01637	0.76726	0.02257	0.01947	0.01416	0.00708	0.00575	0.00177	0.00487	0.00575	0.00708	0.00973
16	0.01461	0.01150	0.01400	0.19999	0.02082	0.01324	0.01065	0.02628	0.49369	0.10096	0.02001	0.01966	0.01471	0.00719	0.00579	0.00191	0.00532	0.00605	0.00516	0.00847
17	0.21477	0.01244	0.01862	0.07774	0.50488	0.01303	0.01424	0.01684	0.01204	0.01997	0.01077	0.04052	0.00928	0.00564	0.00521	0.00175	0.00615	0.00500	0.00307	0.00803
18	0.01182	0.01116	0.01512	0.01271	0.01407	0.01383	0.01046	0.01348	0.00957	0.01489	0.00912	0.01358	0.00858	0.01265	0.10840	0.00292	0.50230	0.00475	0.00279	0.20781
19	0.00790	0.00624	0.00920	0.19737	0.01587	0.00661	0.00789	0.00958	0.01107	0.01460	0.02632	0.60518	0.03047	0.01495	0.00692	0.00222	0.00437	0.01354	0.00464	0.00506
20	0.01382	0.01325	0.02261	0.11072	0.69034	0.01350	0.01739	0.01726	0.01286	0.01828	0.01070	0.01427	0.00892	0.00516	0.00567	0.00172	0.00688	0.00510	0.00280	0.00879
21	0.01225	0.07818	0.48290	0.01368	0.02075	0.01273	0.01609	0.04001	0.03852	0.01867	0.01064	0.01220	0.00799	0.00523	0.00504	0.00154	0.00706	0.00405	0.00288	0.20959
22	0.83938	0.01106	0.00841	0.00752	0.01106	0.01283	0.00619	0.01681	0.00973	0.02566	0.00796	0.00929	0.00619	0.00531	0.00354	0.00177	0.00442	0.00310	0.00354	0.00619
23	0.83938	0.01106	0.00841	0.00752	0.01106	0.01283	0.00619	0.01681	0.00973	0.02566	0.00796	0.00929	0.00619	0.00531	0.00354	0.00177	0.00442	0.00310	0.00354	0.00619
24	0.00699	0.00501	0.00664	0.00790	0.00829	0.00467	0.00529	0.00803	0.01111	0.01480	0.04778	0.76325	0.05360	0.01771	0.00728	0.00230	0.00330	0.01604	0.00533	0.00467
25	0.00730	0.00512	0.00654	0.00754	0.00779	0.00487	0.00486	0.00805	0.01031	0.01375	0.02824	0.61058	0.03368	0.20825	0.01262	0.00311	0.00386	0.01433	0.00486	0.00436
26	0.01423	0.01229	0.01293	0.01164	0.01487	0.01423	0.00905	0.03039	0.75297	0.02393	0.02328	0.02134	0.01746	0.00776	0.00582	0.00194	0.00453	0.00647	0.00582	0.00905
27	0.00697	0.00498	0.00664	0.00796	0.00830	0.00465	0.00531	0.00796	0.01095	0.01460	0.03153	0.79525	0.03783	0.01792	0.00730	0.00232	0.00332	0.01626	0.00531	0.00465
28	0.01990	0.00987	0.01241	0.00998	0.01358	0.00944	0.00807	0.12321	0.07801	0.42376	0.20117	0.02449	0.02352	0.00823	0.00600	0.00178	0.00451	0.00685	0.00660	0.00862
29	0.63747	0.01084	0.01054	0.19704	0.01797	0.01280	0.00856	0.01628	0.01015	0.02297	0.00850	0.01074	0.00654	0.00541	0.00407	0.00180	0.00520	0.00358	0.00330	0.00623
30	0.22395	0.01006	0.01209	0.00953	0.01374	0.00949	0.00787	0.02518	0.01475	0.58655	0.01901	0.01699	0.01222	0.00665	0.00521	0.00177	0.00476	0.00511	0.00622	0.00887
31	0.01387	0.01396	0.02578	0.05809	0.54534	0.01379	0.20826	0.01765	0.01309	0.01845	0.01095	0.01453	0.00891	0.00505	0.00595	0.00177	0.00757	0.00553	0.00284	0.00861
32	0.02109	0.01028	0.01513	0.01595	0.19644	0.00937	0.01033	0.02364	0.01554	0.50983	0.09405	0.02052	0.01693	0.00706	0.00583	0.00176	0.00512	0.00606	0.00597	0.00913
33	0.05281	0.00989	0.01404	0.19894	0.02051	0.00962	0.01015	0.02423	0.01492	0.55582	0.01899	0.01806	0.01227	0.00668	0.00566	0.00180	0.00552	0.00549	0.00584	0.00878
34	0.00859	0.00693	0.00970	0.00916	0.01101	0.00602	0.05439	0.01022	0.01134	0.01583	0.02500	0.55281	0.02875	0.01372	0.00652	0.00194	0.00396	0.01250	0.00468	0.20693
35	0.09741	0.36125	0.05747	0.00949	0.01315	0.01598	0.00856	0.10516	0.02907	0.02999	0.01182	0.01723	0.01113	0.19881	0.01028	0.00245	0.00589	0.00478	0.00336	0.00671
36	0.52330	0.01070	0.01107	0.19723	0.01835	0.01211	0.00870	0.01645	0.01061	0.05030	0.00928	0.01139	0.00707	0.00537	0.00422	0.00171	0.00520	0.00371	0.00342	0.08980
37	0.01701	0.01166	0.01302	0.01128	0.01481	0.01281	0.00890	0.02978	0.57347	0.20506	0.02311	0.02088	0.01666	0.00759	0.00580	0.00190	0.00461	0.00629	0.00613	0.00922
38	0.06794	0.01018	0.01178	0.00858	0.01350	0.00805	0.00690	0.01592	0.01217	0.09456	0.01127	0.01246	0.00889	0.00459	0.00434	0.00100	0.00431	0.00361	0.00377	0.69617

[dist]
# distance from previous block
# <min> <max>
0	100

# created by:
# /software/SequenceAnalysis/GenePrediction/augustus/3.0.1/scripts/msa2prfl.pl ./fixed/BUSCOvEOG7M9367.fas
