[name]
unknown

[dist]
# distance from previous block
# <min> <max>
0	245

[block]
# block no. 0 follows, 40 sequences, length 62
# corresponding to MSA columns:
# 255-316
name=unknown_A
#
# <colnr> <probs for GDERKNQSTAVLIFYWHMCP>
#	G	D	E	R	K	N	Q	S	T	A	V	L	I	F	Y	W	H	M	C	P
0	0.01084	0.00542	0.00542	0.00542	0.00678	0.00542	0.00407	0.01355	0.01220	0.02168	0.01897	0.02168	0.01491	0.00678	0.00407	0.00136	0.00271	0.00542	0.82791	0.00542
1	0.01206	0.01034	0.01206	0.00861	0.01378	0.00775	0.00689	0.01464	0.01206	0.01895	0.01034	0.01206	0.00861	0.00431	0.00431	0.00086	0.00431	0.00345	0.00345	0.83118
2	0.00734	0.00586	0.00658	0.00651	0.00817	0.00509	0.00484	0.00921	0.01420	0.01821	0.29142	0.09753	0.47653	0.01399	0.00690	0.00194	0.00290	0.01195	0.00574	0.00509
3	0.00858	0.00641	0.00827	0.00911	0.01063	0.00610	0.00770	0.01091	0.01355	0.01729	0.08523	0.06141	0.24299	0.01541	0.00762	0.00242	0.00449	0.47120	0.00543	0.00524
4	0.01470	0.06142	0.01772	0.01453	0.01557	0.19202	0.01188	0.01610	0.01085	0.01400	0.00846	0.01263	0.00802	0.01097	0.06153	0.00265	0.51309	0.00473	0.00268	0.00644
5	0.01084	0.00542	0.00542	0.00542	0.00678	0.00542	0.00407	0.01355	0.01220	0.02168	0.01897	0.02168	0.01491	0.00678	0.00407	0.00136	0.00271	0.00542	0.82791	0.00542
6	0.25757	0.02295	0.01418	0.01286	0.01603	0.55257	0.00981	0.02145	0.01457	0.01766	0.00873	0.01019	0.00715	0.00582	0.00477	0.00159	0.00875	0.00357	0.00317	0.00661
7	0.01288	0.01227	0.02086	0.36749	0.43942	0.01342	0.01709	0.01652	0.01252	0.01716	0.01067	0.01489	0.00856	0.00546	0.00578	0.00182	0.00728	0.00518	0.00275	0.00799
8	0.01119	0.01876	0.35190	0.05297	0.14312	0.01127	0.05183	0.01601	0.01369	0.01978	0.22642	0.02197	0.02151	0.00729	0.00603	0.00183	0.00664	0.00641	0.00370	0.00766
9	0.00841	0.00581	0.00721	0.00721	0.00751	0.00611	0.00460	0.00901	0.00871	0.01192	0.01753	0.03368	0.01924	0.57927	0.24336	0.00670	0.00850	0.00782	0.00341	0.00400
10	0.01532	0.75450	0.07312	0.01033	0.01552	0.02246	0.01062	0.01747	0.01184	0.01396	0.00822	0.00950	0.00746	0.00501	0.00384	0.00128	0.00636	0.00318	0.00249	0.00753
11	0.02172	0.02772	0.01648	0.01498	0.01798	0.77228	0.01124	0.02322	0.01648	0.01423	0.00899	0.01049	0.00749	0.00599	0.00524	0.00150	0.01049	0.00375	0.00300	0.00674
12	0.59858	0.01012	0.00858	0.00761	0.01100	0.01107	0.00619	0.01666	0.01122	0.10146	0.01903	0.01912	0.14570	0.00731	0.00444	0.00183	0.00426	0.00512	0.00431	0.00642
13	0.01426	0.01328	0.01859	0.01499	0.01696	0.01628	0.08032	0.13274	0.01276	0.01875	0.00940	0.01312	0.00824	0.00842	0.01390	0.00215	0.48610	0.00507	0.00323	0.11145
14	0.00709	0.00506	0.00675	0.00810	0.00843	0.00472	0.00540	0.00810	0.01113	0.01484	0.03205	0.79184	0.03846	0.01822	0.00742	0.00236	0.00337	0.01653	0.00540	0.00472
15	0.00707	0.00511	0.00669	0.00796	0.00840	0.00474	0.00534	0.00811	0.01127	0.01490	0.03377	0.74482	0.08437	0.01800	0.00739	0.00234	0.00335	0.01626	0.00540	0.00474
16	0.00898	0.09411	0.10146	0.01030	0.01246	0.00838	0.05368	0.01100	0.01145	0.01531	0.02535	0.55090	0.02921	0.03016	0.00721	0.00222	0.00475	0.01286	0.00454	0.00565
17	0.83671	0.01125	0.00855	0.00765	0.01125	0.01305	0.00630	0.01709	0.00990	0.02609	0.00810	0.00945	0.00630	0.00540	0.00360	0.00180	0.00450	0.00315	0.00360	0.00630
18	0.01272	0.01272	0.01781	0.01527	0.01527	0.01781	0.01272	0.01399	0.00891	0.01399	0.00763	0.01272	0.00763	0.01018	0.01908	0.00254	0.78499	0.00509	0.00254	0.00636
19	0.00709	0.00506	0.00675	0.00810	0.00843	0.00472	0.00540	0.00810	0.01113	0.01484	0.03205	0.79184	0.03846	0.01822	0.00742	0.00236	0.00337	0.01653	0.00540	0.00472
20	0.01439	0.01382	0.02360	0.03569	0.75936	0.01382	0.01785	0.01785	0.01324	0.01900	0.01094	0.01439	0.00921	0.00518	0.00576	0.00173	0.00691	0.00518	0.00288	0.00921
21	0.01098	0.01034	0.01744	0.78165	0.04005	0.01292	0.01615	0.01486	0.01163	0.01486	0.01034	0.01550	0.00775	0.00581	0.00581	0.00194	0.00775	0.00517	0.00258	0.00646
22	0.00846	0.00564	0.00634	0.00634	0.00634	0.00564	0.00352	0.00846	0.00846	0.01128	0.01832	0.03805	0.02114	0.79563	0.02960	0.00564	0.00564	0.00846	0.00352	0.00352
23	0.01555	0.79913	0.03047	0.00995	0.01493	0.02301	0.00995	0.01741	0.01182	0.01368	0.00808	0.00933	0.00746	0.00498	0.00373	0.00124	0.00622	0.00311	0.00249	0.00746
24	0.01272	0.01272	0.01781	0.01527	0.01527	0.01781	0.01272	0.01399	0.00891	0.01399	0.00763	0.01272	0.00763	0.01018	0.01908	0.00254	0.78499	0.00509	0.00254	0.00636
25	0.02211	0.01629	0.01745	0.01338	0.01803	0.01803	0.01105	0.73997	0.02734	0.03665	0.01396	0.01396	0.00989	0.00698	0.00582	0.00175	0.00640	0.00524	0.00582	0.00989
26	0.01206	0.01034	0.01206	0.00861	0.01378	0.00775	0.00689	0.01464	0.01206	0.01895	0.01034	0.01206	0.00861	0.00431	0.00431	0.00086	0.00431	0.00345	0.00345	0.83118
27	0.01084	0.00542	0.00542	0.00542	0.00678	0.00542	0.00407	0.01355	0.01220	0.02168	0.01897	0.02168	0.01491	0.00678	0.00407	0.00136	0.00271	0.00542	0.82791	0.00542
28	0.01555	0.79913	0.03047	0.00995	0.01493	0.02301	0.00995	0.01741	0.01182	0.01368	0.00808	0.00933	0.00746	0.00498	0.00373	0.00124	0.00622	0.00311	0.00249	0.00746
29	0.01206	0.01034	0.01206	0.00861	0.01378	0.00775	0.00689	0.01464	0.01206	0.01895	0.01034	0.01206	0.00861	0.00431	0.00431	0.00086	0.00431	0.00345	0.00345	0.83118
30	0.01639	0.01276	0.01372	0.01191	0.01547	0.01443	0.00938	0.12010	0.59757	0.08675	0.02238	0.02056	0.01648	0.00772	0.00590	0.00193	0.00486	0.00635	0.00601	0.00935
31	0.00694	0.00589	0.00598	0.00596	0.00789	0.00494	0.00447	0.00847	0.01340	0.01606	0.09128	0.05538	0.72441	0.01460	0.00687	0.00196	0.00294	0.01219	0.00545	0.00494
32	0.01516	0.01426	0.01450	0.01285	0.01554	0.09463	0.01013	0.05060	0.51181	0.02178	0.01885	0.01861	0.01455	0.00808	0.00827	0.00202	0.14896	0.00596	0.00499	0.00845
33	0.00715	0.00511	0.00680	0.00805	0.00845	0.00477	0.00540	0.00826	0.01143	0.01531	0.07210	0.75045	0.03937	0.01787	0.00739	0.00233	0.00334	0.01620	0.00545	0.00477
34	0.01212	0.01169	0.01757	0.14400	0.14960	0.01488	0.01339	0.01417	0.01036	0.01511	0.01131	0.09810	0.01128	0.00945	0.01329	0.00228	0.43541	0.00636	0.00292	0.00670
35	0.83671	0.01125	0.00855	0.00765	0.01125	0.01305	0.00630	0.01709	0.00990	0.02609	0.00810	0.00945	0.00630	0.00540	0.00360	0.00180	0.00450	0.00315	0.00360	0.00630
36	0.01427	0.01133	0.01276	0.00968	0.01416	0.01033	0.00777	0.18635	0.06210	0.02388	0.05891	0.01560	0.01271	0.00577	0.00491	0.00123	0.00463	0.00461	0.04994	0.48905
37	0.01185	0.00852	0.00992	0.00812	0.01091	0.00746	0.00589	0.06260	0.01214	0.06380	0.03092	0.07091	0.03023	0.29327	0.01398	0.00285	0.00486	0.00663	0.00408	0.34106
38	0.01597	0.01174	0.01199	0.01004	0.01320	0.07049	0.00780	0.19349	0.10315	0.12939	0.04883	0.02755	0.16160	0.10674	0.00890	0.00224	0.00528	0.00721	0.00531	0.05910
39	0.02053	0.02365	0.09725	0.01451	0.01868	0.41380	0.01221	0.26277	0.04337	0.02251	0.01128	0.01220	0.00861	0.00633	0.00549	0.00163	0.00873	0.00439	0.00398	0.00807
40	0.01687	0.04431	0.01366	0.01053	0.01371	0.01277	0.00833	0.38172	0.01995	0.08499	0.08183	0.06647	0.06425	0.14231	0.01001	0.00244	0.00545	0.00726	0.00540	0.00774
41	0.00842	0.00575	0.00688	0.00686	0.00709	0.00589	0.00420	0.00888	0.00897	0.01218	0.05214	0.03591	0.02167	0.64102	0.14536	0.00604	0.00707	0.00820	0.00359	0.00388
42	0.02531	0.01018	0.01357	0.01044	0.01486	0.00905	0.00861	0.07209	0.01730	0.69613	0.04423	0.02013	0.01532	0.00732	0.00588	0.00180	0.00497	0.00595	0.00709	0.00976
43	0.01084	0.00542	0.00542	0.00542	0.00678	0.00542	0.00407	0.01355	0.01220	0.02168	0.01897	0.02168	0.01491	0.00678	0.00407	0.00136	0.00271	0.00542	0.82791	0.00542
44	0.00874	0.00604	0.00775	0.00734	0.00883	0.00550	0.00549	0.01122	0.01580	0.05196	0.60891	0.09067	0.12501	0.01239	0.00685	0.00188	0.00289	0.01089	0.00627	0.00556
45	0.01299	0.00745	0.00942	0.00826	0.01062	0.00685	0.00647	0.05499	0.01656	0.19480	0.42553	0.03873	0.14067	0.01105	0.00660	0.00186	0.00356	0.03053	0.00638	0.00667
46	0.01084	0.00542	0.00542	0.00542	0.00678	0.00542	0.00407	0.01355	0.01220	0.02168	0.01897	0.02168	0.01491	0.00678	0.00407	0.00136	0.00271	0.00542	0.82791	0.00542
47	0.14858	0.00738	0.00864	0.00835	0.01009	0.00819	0.00645	0.01396	0.05761	0.04897	0.01689	0.06847	0.01511	0.04730	0.34839	0.00525	0.00910	0.00627	0.15920	0.00579
48	0.01297	0.01575	0.14576	0.13231	0.40547	0.01322	0.10628	0.01706	0.01280	0.01804	0.01210	0.05947	0.01035	0.00605	0.00596	0.00184	0.00746	0.00590	0.00292	0.00830
49	0.01505	0.01573	0.01814	0.14729	0.17968	0.20716	0.06850	0.01868	0.05904	0.01720	0.01182	0.01484	0.00955	0.00635	0.00690	0.00178	0.08778	0.00505	0.10221	0.00726
50	0.00846	0.00564	0.00634	0.00634	0.00634	0.00564	0.00352	0.00846	0.00846	0.01128	0.01832	0.03805	0.02114	0.79563	0.02960	0.00564	0.00564	0.00846	0.00352	0.00352
51	0.01111	0.06039	0.06122	0.01125	0.01427	0.00948	0.12643	0.04792	0.03730	0.03683	0.39346	0.06200	0.03419	0.00941	0.00633	0.00181	0.00477	0.00853	0.05674	0.00656
52	0.01588	0.01316	0.01362	0.01199	0.01543	0.03898	0.00938	0.08683	0.63160	0.06157	0.02239	0.02063	0.01663	0.00772	0.00588	0.00193	0.00495	0.00634	0.00588	0.00921
53	0.01283	0.01578	0.11170	0.02118	0.06181	0.01367	0.46505	0.01765	0.04333	0.01799	0.01337	0.06461	0.01139	0.04297	0.00849	0.00217	0.05824	0.00704	0.00316	0.00756
54	0.06592	0.06763	0.20987	0.02060	0.02694	0.01482	0.47223	0.01840	0.01301	0.01875	0.01098	0.01406	0.00822	0.00509	0.00613	0.00188	0.00895	0.00577	0.00284	0.00790
55	0.01510	0.01606	0.11630	0.01976	0.02532	0.01351	0.44939	0.05576	0.06051	0.10845	0.01473	0.05208	0.01130	0.00616	0.00650	0.00194	0.00829	0.00678	0.00383	0.00822
56	0.00901	0.00616	0.00918	0.00908	0.00977	0.00706	0.00685	0.00972	0.00882	0.01254	0.01366	0.02093	0.01297	0.03545	0.52432	0.24678	0.04446	0.00584	0.00292	0.00447
57	0.01373	0.06088	0.01896	0.40542	0.17576	0.01420	0.01480	0.13894	0.01475	0.01948	0.01224	0.01784	0.01003	0.00649	0.00582	0.00187	0.00711	0.05074	0.00336	0.00758
58	0.01516	0.50800	0.05783	0.01440	0.10055	0.08807	0.05678	0.01751	0.01250	0.01492	0.01035	0.06052	0.00973	0.00596	0.00461	0.00146	0.00683	0.00454	0.00279	0.00749
59	0.01272	0.01272	0.01781	0.01527	0.01527	0.01781	0.01272	0.01399	0.00891	0.01399	0.00763	0.01272	0.00763	0.01018	0.01908	0.00254	0.78499	0.00509	0.00254	0.00636
60	0.00844	0.00552	0.00740	0.00832	0.00906	0.00514	0.00584	0.00978	0.01208	0.05921	0.09735	0.63343	0.03825	0.01687	0.00732	0.00230	0.00353	0.05945	0.00559	0.00513
61	0.01042	0.01090	0.09835	0.01369	0.09650	0.00890	0.10078	0.04017	0.01133	0.01554	0.01822	0.17236	0.01955	0.33906	0.01618	0.00353	0.00624	0.00883	0.00370	0.00576

[dist]
# distance from previous block
# <min> <max>
2	5

[block]
# block no. 1 follows, 40 sequences, length 27
# corresponding to MSA columns:
# 322-348
name=unknown_B
#
# <colnr> <probs for GDERKNQSTAVLIFYWHMCP>
#	G	D	E	R	K	N	Q	S	T	A	V	L	I	F	Y	W	H	M	C	P
0	0.03656	0.03548	0.01480	0.01125	0.01526	0.03492	0.04350	0.13196	0.02911	0.31027	0.01818	0.09948	0.01429	0.00774	0.00616	0.00171	0.03387	0.00634	0.00543	0.14370
1	0.01903	0.06267	0.05407	0.01203	0.01613	0.05031	0.03290	0.21541	0.12356	0.22418	0.05287	0.07845	0.01613	0.00796	0.00587	0.00181	0.00575	0.00652	0.00559	0.00875
2	0.03017	0.26814	0.14267	0.01178	0.01692	0.09000	0.01138	0.06473	0.07985	0.12245	0.01264	0.01308	0.00960	0.00579	0.00485	0.00151	0.00648	0.00423	0.00383	0.09992
3	0.06606	0.62378	0.14980	0.01089	0.01638	0.02083	0.01162	0.01756	0.01177	0.01523	0.00847	0.00982	0.00737	0.00509	0.00402	0.00138	0.00650	0.00331	0.00255	0.00758
4	0.62349	0.14182	0.05242	0.00874	0.01287	0.01492	0.00790	0.04819	0.01108	0.02410	0.00847	0.00977	0.00670	0.00540	0.00382	0.00171	0.00508	0.00329	0.00345	0.00676
5	0.01272	0.01272	0.01781	0.01527	0.01527	0.01781	0.01272	0.01399	0.00891	0.01399	0.00763	0.01272	0.00763	0.01018	0.01908	0.00254	0.78499	0.00509	0.00254	0.00636
6	0.01632	0.07829	0.10902	0.09020	0.16501	0.14418	0.13335	0.14360	0.02857	0.02042	0.01115	0.01346	0.00864	0.00571	0.00569	0.00173	0.00808	0.00498	0.00336	0.00823
7	0.01740	0.01921	0.03877	0.06088	0.04483	0.35535	0.01104	0.14688	0.03130	0.01912	0.01745	0.05314	0.08278	0.00822	0.00614	0.00177	0.02436	0.05024	0.00398	0.00712
8	0.02071	0.10856	0.05322	0.01392	0.01800	0.38124	0.01151	0.28207	0.01971	0.02249	0.01076	0.01170	0.00835	0.00622	0.00530	0.00158	0.00845	0.00424	0.00394	0.00805
9	0.00886	0.00793	0.01402	0.01233	0.01423	0.00744	0.19731	0.01095	0.01185	0.01583	0.02742	0.52523	0.06422	0.01549	0.03525	0.00249	0.00548	0.01342	0.00467	0.00557
10	0.00918	0.00740	0.00864	0.00844	0.01050	0.00690	0.00627	0.01301	0.12378	0.01735	0.03257	0.33519	0.18294	0.01330	0.00656	0.00197	0.00376	0.05480	0.00513	0.15230
11	0.01141	0.00940	0.01123	0.00853	0.01282	0.00753	0.00677	0.01392	0.01165	0.01829	0.01168	0.01431	0.00991	0.01048	0.12186	0.00219	0.00593	0.00399	0.05475	0.65334
12	0.01373	0.01569	0.03431	0.02451	0.03039	0.01471	0.73824	0.01863	0.01373	0.01863	0.01176	0.01569	0.00882	0.00490	0.00686	0.00196	0.00980	0.00686	0.00294	0.00784
13	0.00971	0.00776	0.00901	0.07900	0.01226	0.03076	0.00700	0.01256	0.05866	0.01778	0.12506	0.05176	0.26373	0.01164	0.00786	0.04049	0.05728	0.05218	0.13995	0.00554
14	0.00691	0.00575	0.00603	0.00625	0.00795	0.00488	0.00458	0.00830	0.01291	0.01557	0.05450	0.17679	0.63901	0.01530	0.00696	0.00203	0.00302	0.01297	0.00540	0.00488
15	0.01279	0.01319	0.02304	0.01747	0.02161	0.04852	0.39186	0.01886	0.13528	0.02058	0.20854	0.02369	0.02228	0.00727	0.00663	0.00191	0.00713	0.00762	0.00434	0.00740
16	0.06147	0.00633	0.00634	0.00609	0.00752	0.00653	0.00445	0.04771	0.01217	0.02096	0.01796	0.02325	0.01516	0.13623	0.00831	0.00210	0.00348	0.00577	0.60281	0.00538
17	0.00845	0.00568	0.00657	0.00657	0.00665	0.00576	0.00381	0.00861	0.00853	0.01145	0.01811	0.03688	0.02063	0.73771	0.08683	0.00592	0.00640	0.00829	0.00349	0.00365
18	0.02297	0.00910	0.01239	0.00998	0.01379	0.00792	0.00803	0.02502	0.01574	0.64047	0.02444	0.14656	0.01835	0.00901	0.00611	0.00189	0.00469	0.00760	0.00690	0.00905
19	0.01019	0.00550	0.00550	0.00550	0.00695	0.00534	0.00412	0.01270	0.01237	0.02070	0.02553	0.02731	0.13676	0.00808	0.00453	0.00145	0.00275	0.00655	0.69286	0.00534
20	0.01371	0.01131	0.01294	0.00940	0.01448	0.00944	0.00757	0.13374	0.01457	0.02186	0.01093	0.01237	0.00882	0.00475	0.00455	0.00101	0.00465	0.00374	0.00383	0.69632
21	0.03448	0.05413	0.01661	0.01293	0.01668	0.23934	0.02760	0.27586	0.01935	0.13845	0.01353	0.01406	0.00993	0.00667	0.00596	0.00167	0.03875	0.00480	0.06090	0.00829
22	0.01084	0.00542	0.00542	0.00542	0.00678	0.00542	0.00407	0.01355	0.01220	0.02168	0.01897	0.02168	0.01491	0.00678	0.00407	0.00136	0.00271	0.00542	0.82791	0.00542
23	0.00929	0.00742	0.01159	0.00998	0.01118	0.00748	0.12498	0.01055	0.00952	0.01297	0.01664	0.03105	0.01767	0.50111	0.18858	0.00585	0.00850	0.00771	0.00334	0.00460
24	0.00767	0.00557	0.00720	0.00805	0.00830	0.00557	0.00534	0.00847	0.01042	0.01400	0.02776	0.58377	0.03305	0.19299	0.01299	0.00311	0.04223	0.01415	0.00484	0.00453
25	0.00709	0.00506	0.00675	0.00810	0.00843	0.00472	0.00540	0.00810	0.01113	0.01484	0.03205	0.79184	0.03846	0.01822	0.00742	0.00236	0.00337	0.01653	0.00540	0.00472
26	0.00846	0.00564	0.00634	0.00634	0.00634	0.00564	0.00352	0.00846	0.00846	0.01128	0.01832	0.03805	0.02114	0.79563	0.02960	0.00564	0.00564	0.00846	0.00352	0.00352

[dist]
# distance from previous block
# <min> <max>
0	1

[block]
# block no. 2 follows, 40 sequences, length 12
# corresponding to MSA columns:
# 350-361
name=unknown_C
#
# <colnr> <probs for GDERKNQSTAVLIFYWHMCP>
#	G	D	E	R	K	N	Q	S	T	A	V	L	I	F	Y	W	H	M	C	P
0	0.05005	0.01815	0.01677	0.03442	0.01827	0.17261	0.01099	0.51920	0.05280	0.03058	0.01302	0.01344	0.00952	0.00673	0.00563	0.00171	0.00714	0.00491	0.00508	0.00900
1	0.03217	0.01154	0.01307	0.05531	0.04475	0.03400	0.00919	0.31496	0.05297	0.02477	0.02164	0.29753	0.04113	0.01112	0.00637	0.00199	0.00530	0.00950	0.00523	0.00746
2	0.01305	0.01588	0.15590	0.21871	0.44711	0.01354	0.01808	0.01720	0.01266	0.01786	0.01070	0.01429	0.00851	0.00540	0.00573	0.00180	0.00742	0.00502	0.00273	0.00841
3	0.01635	0.59860	0.08660	0.01139	0.01629	0.15741	0.01110	0.01854	0.01269	0.01416	0.00844	0.00977	0.00746	0.00520	0.00415	0.00134	0.00718	0.00332	0.00258	0.00742
4	0.03376	0.07375	0.52434	0.01491	0.05689	0.01257	0.01707	0.01647	0.01241	0.01786	0.01899	0.01999	0.14266	0.00713	0.00561	0.00182	0.00723	0.00567	0.00304	0.00782
5	0.01084	0.00542	0.00542	0.00542	0.00678	0.00542	0.00407	0.01355	0.01220	0.02168	0.01897	0.02168	0.01491	0.00678	0.00407	0.00136	0.00271	0.00542	0.82791	0.00542
6	0.01168	0.00834	0.00977	0.00946	0.01112	0.00863	0.00696	0.22075	0.01590	0.02160	0.02599	0.51811	0.02870	0.01424	0.00675	0.00212	0.00421	0.01256	0.05685	0.00627
7	0.01283	0.01252	0.02262	0.05174	0.44818	0.01234	0.16693	0.01616	0.01291	0.01804	0.01490	0.15494	0.01436	0.00749	0.00629	0.00190	0.00691	0.00758	0.00334	0.00803
8	0.01272	0.01272	0.01781	0.01527	0.01527	0.01781	0.01272	0.01399	0.00891	0.01399	0.00763	0.01272	0.00763	0.01018	0.01908	0.00254	0.78499	0.00509	0.00254	0.00636
9	0.01167	0.00842	0.01083	0.01119	0.01313	0.00874	0.00967	0.14336	0.01590	0.02087	0.02775	0.05628	0.02921	0.01443	0.00763	0.00251	0.00554	0.59124	0.00544	0.00617
10	0.02085	0.01631	0.01835	0.01739	0.15163	0.06398	0.01219	0.53710	0.02370	0.06053	0.01346	0.01405	0.00979	0.00660	0.00577	0.00173	0.00669	0.00516	0.00517	0.00957
11	0.44484	0.03862	0.04894	0.00983	0.01407	0.01348	0.00853	0.15011	0.03621	0.16686	0.01254	0.01272	0.00891	0.00609	0.00459	0.00178	0.00519	0.00419	0.00466	0.00786

[dist]
# distance from previous block
# <min> <max>
0	8

[block]
# block no. 3 follows, 40 sequences, length 10
# corresponding to MSA columns:
# 370-379
name=unknown_D
#
# <colnr> <probs for GDERKNQSTAVLIFYWHMCP>
#	G	D	E	R	K	N	Q	S	T	A	V	L	I	F	Y	W	H	M	C	P
0	0.01404	0.01480	0.08428	0.10763	0.50807	0.03297	0.01681	0.05623	0.01385	0.01923	0.01242	0.01801	0.01070	0.00620	0.00590	0.00182	0.00709	0.05822	0.00316	0.00856
1	0.01889	0.02111	0.01679	0.01818	0.17649	0.45413	0.01180	0.08168	0.01620	0.01804	0.01101	0.01295	0.00894	0.00599	0.00526	0.00155	0.00845	0.00438	0.10078	0.00738
2	0.01272	0.01272	0.01781	0.01527	0.01527	0.01781	0.01272	0.01399	0.00891	0.01399	0.00763	0.01272	0.00763	0.01018	0.01908	0.00254	0.78499	0.00509	0.00254	0.00636
3	0.00980	0.00803	0.00795	0.00779	0.00830	0.08523	0.00502	0.01034	0.00945	0.01199	0.01685	0.03238	0.01850	0.57430	0.16506	0.00590	0.00799	0.00756	0.00339	0.00417
4	0.07430	0.01132	0.01458	0.10404	0.07993	0.01342	0.01085	0.11386	0.12626	0.02021	0.01628	0.15947	0.01541	0.01027	0.02438	0.00226	0.18447	0.00736	0.00416	0.00719
5	0.01203	0.01433	0.08871	0.05991	0.02401	0.01327	0.38596	0.01587	0.01237	0.01697	0.01680	0.02023	0.09738	0.00985	0.06547	0.00259	0.12719	0.00687	0.00312	0.00706
6	0.01875	0.01308	0.01662	0.04427	0.01790	0.04525	0.09566	0.30459	0.01987	0.18354	0.09417	0.07000	0.03319	0.00810	0.00616	0.00183	0.00607	0.00693	0.00554	0.00847
7	0.00899	0.00624	0.00701	0.00702	0.00781	0.00613	0.00458	0.05645	0.01127	0.01514	0.02730	0.19346	0.13929	0.40245	0.01800	0.00381	0.00458	0.01029	0.06563	0.00455
8	0.06915	0.01168	0.01700	0.03807	0.40049	0.01182	0.01256	0.09068	0.01440	0.02143	0.04696	0.01952	0.07498	0.00663	0.00549	0.00168	0.00559	0.00582	0.10120	0.04483
9	0.00860	0.00621	0.00820	0.00904	0.00991	0.00623	0.00667	0.05677	0.01236	0.01654	0.02871	0.52605	0.03292	0.02012	0.09793	0.00320	0.00535	0.13482	0.00515	0.00522

[dist]
# distance from previous block
# <min> <max>
5	9

[block]
# block no. 4 follows, 40 sequences, length 89
# corresponding to MSA columns:
# 389-477
name=unknown_E
#
# <colnr> <probs for GDERKNQSTAVLIFYWHMCP>
#	G	D	E	R	K	N	Q	S	T	A	V	L	I	F	Y	W	H	M	C	P
0	0.01337	0.01125	0.01295	0.00952	0.01471	0.00853	0.00746	0.01554	0.01287	0.02011	0.01166	0.01389	0.00986	0.00521	0.00489	0.00112	0.00477	0.00390	0.00389	0.81449
1	0.00878	0.00681	0.00767	0.00763	0.00927	0.00592	0.00554	0.01025	0.01487	0.01943	0.29445	0.14867	0.40828	0.01490	0.00747	0.00221	0.00342	0.01249	0.00615	0.00580
2	0.01708	0.01341	0.01490	0.01131	0.01623	0.01236	0.00901	0.28965	0.01864	0.02674	0.01338	0.02741	0.01084	0.00645	0.00552	0.00148	0.00554	0.00479	0.00482	0.49042
3	0.00972	0.00674	0.00771	0.00754	0.00810	0.00639	0.00472	0.01014	0.01163	0.01593	0.21458	0.04143	0.05893	0.54464	0.02282	0.00466	0.00521	0.00949	0.00479	0.00483
4	0.01402	0.01164	0.01330	0.00983	0.01499	0.00920	0.00773	0.06269	0.01387	0.02126	0.01189	0.01401	0.00995	0.00539	0.00499	0.00118	0.00490	0.00401	0.00405	0.76110
5	0.01995	0.01491	0.01917	0.07746	0.02102	0.01594	0.10037	0.41923	0.02167	0.09381	0.01640	0.07455	0.01320	0.00853	0.00740	0.00213	0.05266	0.00673	0.00550	0.00938
6	0.01079	0.00803	0.00996	0.00948	0.01008	0.00878	0.00661	0.03845	0.01041	0.01457	0.01754	0.04459	0.01858	0.43346	0.23614	0.00628	0.09925	0.00781	0.00386	0.00533
7	0.02387	0.01010	0.01332	0.01067	0.01464	0.00875	0.00853	0.02581	0.01733	0.61492	0.15673	0.02574	0.02285	0.00889	0.00658	0.00205	0.00500	0.00709	0.00742	0.00971
8	0.01565	0.01466	0.02425	0.03603	0.74458	0.01446	0.01819	0.01868	0.01403	0.02016	0.01225	0.01617	0.01045	0.00607	0.00631	0.00197	0.00732	0.00560	0.00334	0.00983
9	0.01770	0.06427	0.02360	0.02784	0.43717	0.19563	0.07446	0.04743	0.01529	0.01936	0.01180	0.01504	0.00993	0.00630	0.00616	0.00191	0.00834	0.00527	0.00346	0.00906
10	0.00984	0.00787	0.01126	0.25851	0.01968	0.00827	0.00945	0.01154	0.01258	0.01675	0.08062	0.45205	0.04882	0.01427	0.00737	0.00240	0.00521	0.01248	0.00497	0.00606
11	0.00850	0.00608	0.00775	0.00901	0.00948	0.00556	0.00600	0.00914	0.01197	0.01609	0.03291	0.77724	0.03908	0.01883	0.00794	0.00259	0.00386	0.01671	0.00580	0.00544
12	0.00838	0.00690	0.00703	0.00695	0.00896	0.00578	0.00511	0.00954	0.01425	0.01742	0.10317	0.05608	0.69822	0.01524	0.00740	0.00219	0.00342	0.01243	0.00587	0.00566
13	0.02409	0.06989	0.01781	0.01292	0.01758	0.01575	0.01062	0.43512	0.02314	0.28065	0.01782	0.01739	0.01246	0.00776	0.00624	0.00197	0.00632	0.00571	0.00644	0.01033
14	0.00854	0.00610	0.00774	0.00896	0.00941	0.00559	0.00594	0.00915	0.01188	0.01598	0.03246	0.75207	0.03851	0.04479	0.00868	0.00270	0.00393	0.01644	0.00574	0.00540
15	0.01217	0.00644	0.00645	0.00639	0.00785	0.00624	0.00470	0.01447	0.01301	0.02279	0.02011	0.02331	0.01602	0.00763	0.00466	0.00160	0.00321	0.00583	0.81099	0.00612
16	0.01595	0.01475	0.02402	0.03518	0.71642	0.01462	0.01793	0.04611	0.01457	0.02083	0.01236	0.01616	0.01048	0.00614	0.00632	0.00197	0.00730	0.00560	0.00345	0.00986
17	0.04757	0.67324	0.10685	0.01143	0.01676	0.02209	0.01152	0.01835	0.01261	0.01592	0.00970	0.01153	0.00868	0.00594	0.00451	0.00158	0.00682	0.00369	0.00299	0.00820
18	0.00941	0.00694	0.00846	0.00803	0.00960	0.00622	0.00592	0.01154	0.01668	0.02320	0.63318	0.04656	0.16460	0.01308	0.00739	0.00209	0.00327	0.01109	0.00663	0.00610
19	0.08262	0.04121	0.01344	0.00987	0.01460	0.01000	0.00785	0.01874	0.06131	0.13207	0.01576	0.01682	0.03608	0.00634	0.00523	0.00146	0.00493	0.00472	0.00465	0.51229
20	0.00984	0.00665	0.00735	0.00730	0.00743	0.00646	0.00417	0.00949	0.00935	0.01260	0.01947	0.03934	0.02213	0.77987	0.02965	0.00580	0.00607	0.00880	0.00397	0.00427
21	0.01643	0.01723	0.02904	0.02274	0.07006	0.09333	0.48819	0.07897	0.05795	0.02107	0.01406	0.03522	0.01125	0.00658	0.00704	0.00213	0.00932	0.00690	0.00386	0.00863
22	0.00962	0.00695	0.00875	0.00825	0.00973	0.00631	0.00609	0.01195	0.01718	0.02439	0.74189	0.04461	0.05515	0.01264	0.00739	0.00207	0.00324	0.01082	0.00679	0.00619
23	0.01463	0.01361	0.02240	0.26002	0.52859	0.01420	0.01768	0.01778	0.01355	0.01892	0.01206	0.01651	0.01001	0.00626	0.00633	0.00203	0.00757	0.00559	0.00325	0.00901
24	0.01217	0.00644	0.00645	0.00639	0.00785	0.00624	0.00470	0.01447	0.01301	0.02279	0.02011	0.02331	0.01602	0.00763	0.00466	0.00160	0.00321	0.00583	0.81099	0.00612
25	0.01428	0.01088	0.01234	0.01100	0.01366	0.01136	0.00859	0.17653	0.19724	0.02698	0.33106	0.03501	0.03420	0.01099	0.00705	0.00217	0.00474	0.07744	0.00644	0.00804
26	0.02118	0.04062	0.01394	0.01103	0.01460	0.01042	0.00872	0.13659	0.01787	0.40921	0.08327	0.16179	0.02219	0.01030	0.00668	0.00211	0.00521	0.00836	0.00678	0.00912
27	0.01217	0.00644	0.00645	0.00639	0.00785	0.00624	0.00470	0.01447	0.01301	0.02279	0.02011	0.02331	0.01602	0.00763	0.00466	0.00160	0.00321	0.00583	0.81099	0.00612
28	0.01511	0.01453	0.01795	0.05827	0.01768	0.07383	0.01280	0.07441	0.01210	0.01721	0.01084	0.04850	0.01042	0.01050	0.01600	0.00258	0.57063	0.00592	0.00344	0.00729
29	0.01543	0.01665	0.03133	0.06119	0.13999	0.05855	0.54037	0.01942	0.01449	0.01943	0.01271	0.01694	0.01000	0.00594	0.00709	0.00214	0.00966	0.00673	0.00338	0.00857
30	0.01288	0.01213	0.06867	0.09967	0.01735	0.01169	0.01009	0.02161	0.33850	0.02317	0.24797	0.03006	0.06039	0.00983	0.00676	0.00215	0.00508	0.00808	0.00580	0.00814
31	0.00850	0.00608	0.00775	0.00901	0.00948	0.00556	0.00600	0.00914	0.01197	0.01609	0.03291	0.77724	0.03908	0.01883	0.00794	0.00259	0.00386	0.01671	0.00580	0.00544
32	0.01363	0.01275	0.01638	0.45802	0.02997	0.07505	0.01364	0.04694	0.08944	0.01797	0.01854	0.02196	0.09701	0.00826	0.00724	0.00217	0.05330	0.00644	0.00388	0.00740
33	0.02320	0.01708	0.01823	0.01419	0.01888	0.01859	0.01154	0.72559	0.02783	0.03744	0.01521	0.01575	0.01111	0.00783	0.00637	0.00199	0.00682	0.00565	0.00621	0.01050
34	0.01402	0.01359	0.01858	0.01603	0.01617	0.01838	0.01317	0.01491	0.00979	0.01526	0.00901	0.01454	0.00890	0.01096	0.01936	0.00277	0.76901	0.00551	0.00301	0.00704
35	0.01151	0.00953	0.01552	0.01405	0.01649	0.00905	0.16887	0.01427	0.01475	0.01982	0.14483	0.05179	0.03226	0.01360	0.00809	0.00261	0.00635	0.43460	0.00540	0.00662
36	0.01491	0.02708	0.61439	0.01627	0.02401	0.01361	0.01945	0.02118	0.05683	0.11108	0.01406	0.01557	0.01011	0.00675	0.00615	0.00208	0.00829	0.00506	0.00371	0.00942
37	0.01421	0.00754	0.00978	0.00969	0.01140	0.00671	0.00695	0.01521	0.01362	0.24086	0.03018	0.54541	0.03186	0.01552	0.00747	0.00242	0.00433	0.01350	0.00634	0.00699
38	0.01574	0.01415	0.01875	0.01549	0.01944	0.01523	0.16941	0.04538	0.55626	0.02442	0.02187	0.02183	0.01667	0.00805	0.00667	0.00220	0.00624	0.00699	0.00566	0.00954
39	0.02700	0.01098	0.01446	0.01129	0.01584	0.00955	0.00915	0.04719	0.01764	0.73024	0.02377	0.02131	0.01541	0.00804	0.00640	0.00204	0.00543	0.00623	0.00753	0.01050
40	0.01402	0.01359	0.01858	0.01603	0.01617	0.01838	0.01317	0.01491	0.00979	0.01526	0.00901	0.01454	0.00890	0.01096	0.01936	0.00277	0.76901	0.00551	0.00301	0.00704
41	0.00984	0.00665	0.00735	0.00730	0.00743	0.00646	0.00417	0.00949	0.00935	0.01260	0.01947	0.03934	0.02213	0.77987	0.02965	0.00580	0.00607	0.00880	0.00397	0.00427
42	0.01753	0.01745	0.01937	0.53746	0.03532	0.21396	0.01592	0.01956	0.01521	0.01820	0.01368	0.01911	0.01124	0.00831	0.00722	0.00249	0.00956	0.00596	0.00399	0.00844
43	0.01255	0.00898	0.01066	0.00986	0.01187	0.00854	0.00730	0.01671	0.13420	0.05960	0.57998	0.04100	0.04760	0.01238	0.00762	0.00228	0.00403	0.01022	0.00705	0.00755
44	0.01377	0.01256	0.01925	0.49177	0.03267	0.01505	0.04886	0.01618	0.01243	0.01700	0.01244	0.01844	0.01045	0.01056	0.05399	0.00294	0.19448	0.00604	0.00346	0.00765
45	0.01325	0.00725	0.00728	0.00718	0.00872	0.00691	0.00520	0.01521	0.01366	0.02368	0.02102	0.02461	0.01692	0.00832	0.00513	0.00181	0.00360	0.00616	0.79740	0.00669
46	0.01352	0.01210	0.01882	0.67930	0.03856	0.01378	0.03232	0.01654	0.01319	0.01750	0.01275	0.01842	0.01013	0.00726	0.00673	0.00229	0.00824	0.00583	0.00349	0.06924
47	0.02177	0.08902	0.02230	0.01766	0.02150	0.53255	0.14358	0.03658	0.01711	0.01768	0.01194	0.01476	0.01007	0.00730	0.00645	0.00201	0.01054	0.00509	0.00382	0.00827
48	0.24018	0.01249	0.01410	0.01148	0.01583	0.01195	0.00915	0.09031	0.01713	0.47865	0.02014	0.01956	0.01390	0.00823	0.00625	0.00223	0.00577	0.00581	0.00679	0.01005
49	0.52966	0.01144	0.01016	0.00930	0.01215	0.01260	0.00725	0.01746	0.01198	0.02586	0.01338	0.01630	0.01100	0.00771	0.00596	0.00217	0.06307	0.00472	0.22053	0.00731
50	0.01810	0.01187	0.01404	0.01070	0.01574	0.00936	0.00836	0.01986	0.01473	0.21631	0.01602	0.01739	0.01239	0.00670	0.00577	0.00158	0.00531	0.00489	0.00523	0.58566
51	0.01077	0.00787	0.00959	0.00939	0.01102	0.00710	0.00709	0.01261	0.01689	0.02341	0.53117	0.05062	0.13238	0.01425	0.00801	0.00242	0.00409	0.12785	0.00681	0.00666
52	0.02659	0.01126	0.01462	0.01169	0.01602	0.00969	0.00929	0.02815	0.01793	0.68200	0.07955	0.02456	0.01945	0.00907	0.00692	0.00224	0.00559	0.00692	0.00780	0.01066
53	0.01319	0.01033	0.01265	0.01333	0.09917	0.01008	0.00886	0.07039	0.12468	0.02460	0.36684	0.09129	0.10338	0.01221	0.00752	0.00231	0.00473	0.01006	0.00641	0.00795
54	0.02661	0.01366	0.01635	0.01291	0.01753	0.01303	0.01034	0.26345	0.02146	0.49823	0.02189	0.02088	0.01495	0.00865	0.00684	0.00222	0.00623	0.00637	0.00741	0.01099
55	0.01582	0.18042	0.44791	0.01899	0.11980	0.06593	0.01855	0.01994	0.01405	0.01940	0.01232	0.01515	0.00994	0.00699	0.00619	0.00212	0.00870	0.00493	0.00339	0.00948
56	0.01661	0.01548	0.02564	0.03539	0.67345	0.01506	0.07703	0.01941	0.01471	0.02106	0.01336	0.01771	0.01141	0.00676	0.00685	0.00218	0.00788	0.00607	0.00371	0.01022
57	0.01989	0.01574	0.01704	0.08311	0.02031	0.02723	0.01161	0.34296	0.32830	0.03067	0.01987	0.02051	0.01516	0.00878	0.00685	0.00229	0.00658	0.00652	0.00625	0.01035
58	0.00963	0.00771	0.00801	0.00784	0.00988	0.00650	0.00570	0.01059	0.01515	0.01904	0.16147	0.05576	0.62810	0.01555	0.00783	0.00237	0.00380	0.01250	0.00628	0.00628
59	0.02265	0.01283	0.01504	0.01244	0.01641	0.01256	0.00976	0.15887	0.17508	0.36104	0.10840	0.02487	0.02101	0.00937	0.00697	0.00226	0.00569	0.00716	0.00724	0.01033
60	0.01612	0.12785	0.08908	0.02291	0.02889	0.01691	0.55610	0.01991	0.01476	0.02003	0.01348	0.01770	0.01077	0.00657	0.00728	0.00228	0.00984	0.00683	0.00367	0.00902
61	0.01070	0.00781	0.00950	0.00915	0.01076	0.00702	0.00679	0.01258	0.01722	0.02407	0.60713	0.04850	0.11829	0.01384	0.00792	0.00234	0.00387	0.06892	0.00692	0.00669
62	0.02221	0.01043	0.01355	0.01182	0.01532	0.00921	0.00954	0.02388	0.01704	0.48628	0.07465	0.03679	0.02425	0.01144	0.00751	0.00247	0.00572	0.20110	0.00731	0.00947
63	0.01509	0.02465	0.45377	0.02345	0.25189	0.01485	0.01993	0.02065	0.06898	0.02116	0.01395	0.01692	0.01101	0.00718	0.00664	0.00225	0.00845	0.00552	0.00369	0.00998
64	0.01459	0.01425	0.05582	0.12164	0.36551	0.01318	0.10387	0.01734	0.01472	0.02040	0.07516	0.02540	0.11218	0.00859	0.00712	0.00226	0.00735	0.00742	0.00425	0.00895
65	0.01078	0.00744	0.00849	0.00874	0.00915	0.00704	0.00550	0.01054	0.01095	0.01481	0.02390	0.17904	0.02706	0.56312	0.02393	0.00509	0.00599	0.06841	0.00481	0.00523
66	0.01321	0.01056	0.01592	0.04844	0.08681	0.00965	0.14073	0.01490	0.01459	0.07957	0.05769	0.20727	0.24734	0.01299	0.00772	0.00244	0.00591	0.01118	0.00550	0.00758
67	0.01360	0.00838	0.01035	0.00998	0.01175	0.00760	0.00719	0.01544	0.04757	0.14699	0.29799	0.31617	0.04042	0.02513	0.00812	0.00251	0.00436	0.01229	0.00680	0.00735
68	0.01375	0.01223	0.01912	0.56200	0.16255	0.01367	0.01626	0.01667	0.01379	0.01852	0.07346	0.02075	0.01412	0.00778	0.00689	0.00232	0.00790	0.00636	0.00378	0.00808
69	0.70365	0.01268	0.01092	0.00967	0.01348	0.01366	0.00764	0.02007	0.01232	0.12260	0.01247	0.01417	0.00968	0.00722	0.00497	0.00223	0.00538	0.00432	0.00486	0.00799
70	0.01235	0.01053	0.01651	0.01431	0.01626	0.01128	0.14111	0.01403	0.01162	0.01670	0.01619	0.02380	0.01494	0.06334	0.48146	0.00716	0.11053	0.00700	0.00385	0.00702
71	0.01325	0.00725	0.00728	0.00718	0.00872	0.00691	0.00520	0.01521	0.01366	0.02368	0.02102	0.02461	0.01692	0.00832	0.00513	0.00181	0.00360	0.00616	0.79740	0.00669
72	0.01518	0.04937	0.04716	0.01131	0.01556	0.01162	0.00918	0.13714	0.01607	0.02280	0.02153	0.07990	0.11790	0.00921	0.00684	0.00187	0.03744	0.00686	0.00494	0.37812
73	0.01968	0.12804	0.05333	0.01418	0.01787	0.27063	0.01148	0.16730	0.01813	0.02203	0.05672	0.06738	0.01507	0.00888	0.00715	0.00207	0.05241	0.00607	0.00465	0.05692
74	0.01325	0.00725	0.00728	0.00718	0.00872	0.00691	0.00520	0.01521	0.01366	0.02368	0.02102	0.02461	0.01692	0.00832	0.00513	0.00181	0.00360	0.00616	0.79740	0.00669
75	0.02019	0.08748	0.01762	0.07166	0.03002	0.41347	0.01122	0.06349	0.01673	0.01919	0.01310	0.01588	0.01097	0.00747	0.00600	0.00190	0.00877	0.00489	0.10486	0.07508
76	0.01577	0.01848	0.14633	0.05973	0.27029	0.01537	0.30924	0.01951	0.01451	0.02053	0.01343	0.01779	0.01089	0.00690	0.00756	0.00231	0.03176	0.00647	0.00364	0.00948
77	0.02436	0.00791	0.00938	0.00927	0.01093	0.00711	0.00689	0.01247	0.01615	0.03492	0.41208	0.12218	0.18634	0.01472	0.00795	0.00244	0.00412	0.09752	0.00664	0.00664
78	0.01079	0.00741	0.00831	0.00837	0.00869	0.00706	0.00503	0.01034	0.01041	0.01416	0.02193	0.12886	0.02475	0.65031	0.05189	0.00566	0.00648	0.00996	0.00453	0.00506
79	0.01264	0.00915	0.01194	0.01253	0.06802	0.00870	0.00877	0.01421	0.01533	0.06437	0.29844	0.18951	0.03799	0.01387	0.00864	0.00249	0.05551	0.11642	0.00614	0.04532
80	0.02035	0.45894	0.02605	0.01310	0.01780	0.11381	0.01133	0.22067	0.01818	0.02244	0.01230	0.01416	0.01044	0.00727	0.00558	0.00187	0.00755	0.00461	0.00432	0.00924
81	0.01414	0.11316	0.40614	0.01622	0.02261	0.01428	0.10041	0.01821	0.01403	0.02009	0.06561	0.08112	0.01572	0.00837	0.00665	0.00220	0.00803	0.00661	0.00393	0.06247
82	0.04858	0.07985	0.04740	0.01326	0.01738	0.10344	0.01077	0.06577	0.26590	0.23112	0.02089	0.02133	0.01573	0.00865	0.00657	0.00223	0.00661	0.01846	0.00613	0.00994
83	0.01979	0.07902	0.19190	0.01677	0.02237	0.01796	0.10501	0.37651	0.02120	0.02904	0.01443	0.01663	0.01112	0.00791	0.00727	0.00223	0.03991	0.00581	0.00503	0.01011
84	0.01353	0.01085	0.01170	0.01112	0.01374	0.01106	0.00847	0.02135	0.34992	0.03253	0.07877	0.06082	0.23705	0.01284	0.00754	0.00248	0.00491	0.09659	0.00644	0.00830
85	0.01606	0.01759	0.16765	0.17374	0.05255	0.02918	0.22192	0.04864	0.01489	0.07565	0.01547	0.03491	0.01267	0.00847	0.00798	0.03282	0.01933	0.03755	0.00416	0.00876
86	0.01863	0.02224	0.13737	0.11430	0.10122	0.27312	0.10040	0.05437	0.03498	0.03245	0.01410	0.01725	0.02460	0.00759	0.00689	0.00218	0.01984	0.00568	0.00398	0.00882
87	0.01506	0.01428	0.01920	0.01665	0.01689	0.01883	0.01353	0.01564	0.01050	0.01628	0.01012	0.01600	0.00993	0.01159	0.01958	0.00295	0.75617	0.00584	0.00338	0.00759
88	0.01682	0.01419	0.02209	0.12344	0.52408	0.01414	0.01665	0.01997	0.04862	0.07619	0.01557	0.05028	0.01324	0.00767	0.00685	0.00223	0.00735	0.00651	0.00423	0.00986

[dist]
# distance from previous block
# <min> <max>
0	1

[block]
# block no. 5 follows, 40 sequences, length 27
# corresponding to MSA columns:
# 479-505
name=unknown_F
#
# <colnr> <probs for GDERKNQSTAVLIFYWHMCP>
#	G	D	E	R	K	N	Q	S	T	A	V	L	I	F	Y	W	H	M	C	P
0	0.01843	0.01952	0.01885	0.16771	0.09463	0.32522	0.06465	0.18321	0.01748	0.02021	0.01077	0.01301	0.00835	0.00603	0.00565	0.00170	0.00863	0.00472	0.00354	0.00772
1	0.01631	0.01340	0.01455	0.01375	0.07019	0.06739	0.01027	0.30057	0.13976	0.02576	0.01936	0.10080	0.01757	0.00941	0.00625	0.00194	0.00588	0.12182	0.00521	0.03983
2	0.37590	0.01441	0.06859	0.01513	0.12226	0.08085	0.09428	0.01811	0.01212	0.07112	0.01194	0.06962	0.01011	0.00644	0.00500	0.00183	0.00624	0.00517	0.00366	0.00722
3	0.01268	0.01256	0.01743	0.01482	0.01517	0.01714	0.01233	0.01404	0.00912	0.01433	0.00781	0.01268	0.00770	0.00979	0.01809	0.00243	0.73273	0.00498	0.00260	0.06157
4	0.01483	0.09988	0.11826	0.02581	0.43799	0.06501	0.01581	0.06933	0.01438	0.01956	0.05570	0.01505	0.01148	0.00579	0.00555	0.00168	0.00700	0.00508	0.00321	0.00861
5	0.00939	0.00631	0.00767	0.00720	0.00907	0.00560	0.00552	0.01163	0.01520	0.08699	0.40966	0.04670	0.30481	0.01266	0.00682	0.00191	0.00312	0.03802	0.00607	0.00567
6	0.01260	0.01753	0.24086	0.30056	0.19453	0.01362	0.05825	0.04500	0.02836	0.01808	0.01100	0.01438	0.00832	0.00562	0.00578	0.00186	0.00781	0.00504	0.00283	0.00797
7	0.01005	0.00850	0.00915	0.06028	0.01195	0.08731	0.00697	0.01211	0.01414	0.03879	0.29957	0.20202	0.10999	0.04281	0.00767	0.00214	0.00442	0.06133	0.00530	0.00550
8	0.01137	0.01031	0.00858	0.00809	0.01026	0.15071	0.00602	0.01279	0.01374	0.07597	0.04280	0.07052	0.47853	0.06486	0.00802	0.00212	0.00473	0.01004	0.00497	0.00556
9	0.01720	0.01762	0.01736	0.01498	0.03343	0.24585	0.10791	0.04740	0.36506	0.04603	0.01701	0.01702	0.01290	0.00680	0.00583	0.00181	0.00721	0.00566	0.00460	0.00831
10	0.01747	0.01356	0.01505	0.06717	0.01773	0.01521	0.01027	0.40238	0.23635	0.02916	0.01847	0.09889	0.01508	0.00836	0.00602	0.00189	0.00565	0.00682	0.00557	0.00890
11	0.00872	0.00624	0.00858	0.00960	0.01075	0.00610	0.00791	0.01109	0.01348	0.01794	0.15798	0.20420	0.03819	0.01576	0.00771	0.00247	0.00451	0.45799	0.00555	0.00525
12	0.01535	0.02572	0.53939	0.01543	0.02268	0.08093	0.03389	0.02073	0.01352	0.15926	0.01271	0.01362	0.00874	0.00587	0.00559	0.00181	0.00810	0.00460	0.00341	0.00866
13	0.01211	0.02490	0.54548	0.10139	0.16592	0.01350	0.02023	0.01793	0.01239	0.01815	0.01052	0.01302	0.00776	0.00549	0.00560	0.00183	0.00819	0.00456	0.00255	0.00848
14	0.02357	0.01394	0.01600	0.01227	0.01686	0.01455	0.01013	0.47879	0.02342	0.30337	0.01726	0.01610	0.01154	0.00706	0.00583	0.00177	0.00587	0.00546	0.00632	0.00989
15	0.00747	0.00560	0.00693	0.00726	0.00839	0.00506	0.00519	0.00926	0.01369	0.01830	0.31628	0.32557	0.21984	0.01494	0.00707	0.00206	0.00303	0.01319	0.00578	0.00506
16	0.00729	0.00521	0.00698	0.00833	0.00876	0.00490	0.00576	0.00845	0.01134	0.01508	0.03194	0.72642	0.03801	0.01802	0.00748	0.00239	0.00355	0.07991	0.00539	0.00478
17	0.01233	0.00889	0.01460	0.01269	0.01486	0.00889	0.14615	0.01453	0.01259	0.13664	0.02397	0.33699	0.02500	0.01276	0.00838	0.00226	0.08807	0.10907	0.00491	0.00641
18	0.00926	0.00728	0.00998	0.00960	0.01046	0.00865	0.00729	0.01179	0.05862	0.01384	0.01574	0.02462	0.01526	0.18665	0.48655	0.00733	0.10192	0.00656	0.00332	0.00526
19	0.01309	0.00759	0.00783	0.00701	0.00903	0.00794	0.00546	0.15890	0.01523	0.02468	0.01797	0.02014	0.01390	0.00682	0.00442	0.00143	0.00345	0.00538	0.66342	0.00631
20	0.01286	0.01315	0.01667	0.15986	0.01971	0.09579	0.01261	0.01474	0.01027	0.01413	0.00917	0.01413	0.00840	0.01259	0.09815	0.00307	0.47065	0.00509	0.00266	0.00629
21	0.01248	0.00983	0.01098	0.00963	0.01172	0.01070	0.00737	0.20259	0.08168	0.02089	0.02891	0.08639	0.22448	0.15988	0.01215	0.00269	0.08753	0.00873	0.00490	0.00648
22	0.01854	0.01647	0.01498	0.01247	0.01566	0.19220	0.00994	0.34880	0.03533	0.02618	0.06851	0.01690	0.02574	0.00753	0.00679	0.00173	0.07673	0.00543	0.09214	0.00794
23	0.04000	0.02877	0.70563	0.01664	0.02493	0.01355	0.05425	0.01838	0.01226	0.01869	0.01042	0.01234	0.00740	0.00549	0.00552	0.00185	0.00851	0.00438	0.00252	0.00848
24	0.39986	0.02264	0.01228	0.07681	0.08766	0.06678	0.00923	0.03928	0.09024	0.02235	0.01494	0.01866	0.05165	0.00706	0.00493	0.00187	0.00550	0.05742	0.00393	0.00691
25	0.01773	0.01965	0.01816	0.09652	0.02086	0.36067	0.10508	0.13244	0.01657	0.01851	0.01469	0.01647	0.07558	0.00703	0.00659	0.00175	0.05559	0.00538	0.00358	0.00716
26	0.01372	0.01316	0.02099	0.11394	0.38229	0.01447	0.06855	0.01932	0.14300	0.01871	0.01271	0.01567	0.01030	0.00644	0.00781	0.00193	0.11974	0.00554	0.00334	0.00838

[dist]
# distance from previous block
# <min> <max>
34	70

[block]
# block no. 6 follows, 40 sequences, length 39
# corresponding to MSA columns:
# 579-617
name=unknown_G
#
# <colnr> <probs for GDERKNQSTAVLIFYWHMCP>
#	G	D	E	R	K	N	Q	S	T	A	V	L	I	F	Y	W	H	M	C	P
0	0.01010	0.00505	0.00758	0.00758	0.00758	0.00505	0.00505	0.00758	0.00758	0.01010	0.01010	0.01768	0.01010	0.02020	0.02273	0.83081	0.00505	0.00505	0.00253	0.00253
1	0.00885	0.00606	0.00684	0.00673	0.00718	0.00613	0.00413	0.01024	0.05159	0.01369	0.07644	0.03693	0.04756	0.60668	0.03988	0.00486	0.00532	0.00842	0.04828	0.00418
2	0.01084	0.00542	0.00542	0.00542	0.00678	0.00542	0.00407	0.01355	0.01220	0.02168	0.01897	0.02168	0.01491	0.00678	0.00407	0.00136	0.00271	0.00542	0.82791	0.00542
3	0.01178	0.02926	0.72388	0.01703	0.02547	0.01357	0.06229	0.01843	0.01236	0.01843	0.01051	0.01247	0.00745	0.00549	0.00560	0.00185	0.00866	0.00444	0.00248	0.00855
4	0.01084	0.00542	0.00542	0.00542	0.00678	0.00542	0.00407	0.01355	0.01220	0.02168	0.01897	0.02168	0.01491	0.00678	0.00407	0.00136	0.00271	0.00542	0.82791	0.00542
5	0.27483	0.01368	0.01382	0.03773	0.01520	0.12890	0.04930	0.06835	0.01241	0.01992	0.01258	0.13340	0.01224	0.00861	0.00817	0.00201	0.17253	0.00617	0.00365	0.00648
6	0.01069	0.01114	0.03721	0.06855	0.02165	0.01034	0.36426	0.01392	0.01246	0.01677	0.02022	0.34372	0.02125	0.01061	0.00700	0.00213	0.00692	0.01078	0.00395	0.00645
