[name]
unknown

[dist]
# distance from previous block
# <min> <max>
10	65

[block]
# block no. 0 follows, 37 sequences, length 14
# corresponding to MSA columns:
# 69-82
name=unknown_A
#
# <colnr> <probs for GDERKNQSTAVLIFYWHMCP>
#	G	D	E	R	K	N	Q	S	T	A	V	L	I	F	Y	W	H	M	C	P
0	0.55194	0.01060	0.00971	0.00868	0.01212	0.01152	0.00694	0.01881	0.01197	0.16235	0.01533	0.12909	0.01341	0.00811	0.00486	0.00199	0.00465	0.00600	0.00480	0.00711
1	0.01544	0.17764	0.08755	0.01406	0.01933	0.01532	0.13378	0.02274	0.20904	0.06985	0.01538	0.01611	0.01178	0.00615	0.00557	0.00167	0.00650	0.00533	0.00421	0.16256
2	0.01161	0.00823	0.00937	0.00836	0.01127	0.00728	0.00638	0.01512	0.09281	0.10539	0.03950	0.15134	0.33209	0.01227	0.00658	0.00190	0.00389	0.01039	0.00559	0.16063
3	0.29360	0.05669	0.05308	0.09588	0.03168	0.18366	0.01146	0.05576	0.01329	0.02081	0.00945	0.01194	0.00769	0.00672	0.00721	0.00193	0.12437	0.00422	0.00336	0.00721
4	0.01372	0.12989	0.04626	0.16427	0.09392	0.01298	0.01156	0.04649	0.03843	0.04084	0.09252	0.01819	0.02481	0.00647	0.00547	0.00156	0.00594	0.00537	0.00388	0.23740
5	0.01199	0.01742	0.28217	0.15178	0.06077	0.02289	0.03550	0.01669	0.01388	0.03239	0.15099	0.02160	0.01878	0.00735	0.00597	0.00187	0.00670	0.00626	0.12747	0.00753
6	0.10625	0.10647	0.01646	0.01237	0.01618	0.21229	0.00987	0.04358	0.26035	0.02115	0.01482	0.01519	0.01166	0.00674	0.00565	0.00171	0.02503	0.00486	0.00434	0.10505
7	0.01141	0.00985	0.01641	0.62587	0.03571	0.01205	0.01480	0.01421	0.01145	0.01472	0.01086	0.01679	0.00865	0.00900	0.00949	0.15692	0.00763	0.00543	0.00272	0.00603
8	0.01176	0.00710	0.00817	0.00770	0.00957	0.00663	0.00560	0.01432	0.05910	0.12888	0.07848	0.12124	0.24621	0.15842	0.01125	0.00274	0.00408	0.01028	0.10240	0.00607
9	0.01297	0.12574	0.01160	0.00770	0.01067	0.00886	0.00632	0.01488	0.01428	0.15571	0.04174	0.03999	0.40776	0.01147	0.00619	0.00185	0.00400	0.00932	0.10228	0.00665
10	0.01404	0.01126	0.01280	0.01033	0.01433	0.01065	0.00811	0.15107	0.12590	0.02434	0.09666	0.10961	0.01987	0.00827	0.00579	0.00156	0.00471	0.00694	0.00509	0.35865
11	0.11259	0.01167	0.01504	0.12728	0.01874	0.01388	0.01108	0.05332	0.05103	0.15742	0.01872	0.02041	0.09051	0.00907	0.01058	0.00220	0.25823	0.00620	0.00444	0.00759
12	0.01401	0.00947	0.01102	0.01022	0.01261	0.00969	0.00771	0.15034	0.12580	0.10904	0.03077	0.35136	0.10552	0.01352	0.00700	0.00219	0.00451	0.01174	0.00608	0.00740
13	0.01494	0.01553	0.10530	0.01391	0.01893	0.01333	0.08934	0.15053	0.01545	0.02257	0.01135	0.01362	0.00903	0.00622	0.00764	0.00160	0.12290	0.00475	0.00377	0.35929

[dist]
# distance from previous block
# <min> <max>
4	9

[block]
# block no. 1 follows, 37 sequences, length 9
# corresponding to MSA columns:
# 93-101
name=unknown_B
#
# <colnr> <probs for GDERKNQSTAVLIFYWHMCP>
#	G	D	E	R	K	N	Q	S	T	A	V	L	I	F	Y	W	H	M	C	P
0	0.11698	0.26518	0.09795	0.01037	0.01467	0.01439	0.00977	0.01704	0.01236	0.09298	0.01560	0.08538	0.04623	0.00870	0.00687	0.06822	0.02163	0.00570	0.00380	0.08616
1	0.45931	0.01403	0.01408	0.01401	0.10628	0.04382	0.00999	0.15617	0.01460	0.02698	0.01009	0.01190	0.00794	0.00649	0.00617	0.00194	0.08018	0.00423	0.00402	0.00778
2	0.01497	0.01553	0.10553	0.01844	0.02305	0.01396	0.31878	0.02028	0.07976	0.09494	0.01532	0.04428	0.01203	0.00724	0.00854	0.00209	0.12037	0.00675	0.07000	0.00815
3	0.01436	0.01341	0.09360	0.29196	0.19463	0.01215	0.01496	0.01797	0.01314	0.10957	0.01339	0.01784	0.01058	0.06915	0.00796	0.00217	0.00714	0.00554	0.00356	0.08691
4	0.17871	0.01242	0.01360	0.01113	0.01522	0.01314	0.00902	0.17729	0.16640	0.25645	0.06903	0.01952	0.01614	0.00765	0.00578	0.00192	0.00521	0.00596	0.00619	0.00921
5	0.01574	0.01117	0.01606	0.15619	0.02140	0.01130	0.08377	0.02194	0.17498	0.17685	0.01989	0.11435	0.01632	0.00823	0.00625	0.00191	0.00591	0.00735	0.00509	0.12529
6	0.09823	0.02059	0.35514	0.08966	0.08220	0.01276	0.04603	0.01943	0.01373	0.11234	0.07965	0.01728	0.01341	0.00661	0.00589	0.00193	0.00738	0.00548	0.00379	0.00847
7	0.02087	0.01574	0.01618	0.08243	0.01950	0.11122	0.01103	0.29521	0.14053	0.16154	0.01919	0.01880	0.04444	0.00766	0.00612	0.00188	0.00667	0.00598	0.00569	0.00930
8	0.01622	0.01324	0.01716	0.48331	0.03254	0.10670	0.01437	0.02051	0.06050	0.15486	0.01411	0.01693	0.01012	0.00656	0.00606	0.00196	0.00775	0.00548	0.00392	0.00771

[dist]
# distance from previous block
# <min> <max>
5	9

[block]
# block no. 2 follows, 37 sequences, length 8
# corresponding to MSA columns:
# 111-118
name=unknown_C
#
# <colnr> <probs for GDERKNQSTAVLIFYWHMCP>
#	G	D	E	R	K	N	Q	S	T	A	V	L	I	F	Y	W	H	M	C	P
0	0.01133	0.00636	0.00754	0.00762	0.00887	0.00632	0.00546	0.01379	0.05189	0.07083	0.02347	0.23374	0.02278	0.07116	0.03527	0.06510	0.00421	0.00928	0.33932	0.00567
1	0.04178	0.01733	0.09088	0.06142	0.02300	0.10746	0.20121	0.10252	0.01583	0.09530	0.01288	0.01507	0.00964	0.00726	0.02854	0.00203	0.03892	0.00544	0.00392	0.11956
2	0.15011	0.01124	0.01261	0.01153	0.05283	0.01186	0.00867	0.16308	0.10112	0.14717	0.11694	0.02253	0.01927	0.00802	0.00570	0.00186	0.00487	0.02222	0.12010	0.00827
3	0.07547	0.00803	0.00973	0.00949	0.01151	0.00796	0.00701	0.01721	0.11485	0.17125	0.06669	0.41801	0.03050	0.01385	0.00691	0.00223	0.00413	0.01218	0.00606	0.00694
4	0.07191	0.00770	0.00956	0.00975	0.01085	0.00838	0.00765	0.01156	0.01217	0.01725	0.06640	0.17519	0.12160	0.12006	0.01250	0.00295	0.11269	0.21153	0.00489	0.00543
5	0.28678	0.01796	0.01423	0.01217	0.01595	0.22823	0.00963	0.22917	0.01815	0.05162	0.01255	0.05449	0.01027	0.00716	0.00528	0.00182	0.00708	0.00502	0.00453	0.00792
6	0.01035	0.00694	0.00973	0.00942	0.01100	0.00619	0.03622	0.01140	0.01187	0.06813	0.02579	0.48261	0.02888	0.01599	0.00941	0.11412	0.00433	0.01259	0.00501	0.12003
7	0.01405	0.01006	0.01214	0.00925	0.01390	0.00784	0.00728	0.01650	0.01324	0.12207	0.01587	0.11875	0.01421	0.00696	0.00521	0.00126	0.00449	0.00586	0.00446	0.59658

[dist]
# distance from previous block
# <min> <max>
0	2

[block]
# block no. 3 follows, 37 sequences, length 11
# corresponding to MSA columns:
# 121-131
name=unknown_D
#
# <colnr> <probs for GDERKNQSTAVLIFYWHMCP>
#	G	D	E	R	K	N	Q	S	T	A	V	L	I	F	Y	W	H	M	C	P
0	0.01550	0.01319	0.08864	0.04404	0.01703	0.01129	0.01061	0.12640	0.06933	0.11577	0.11059	0.02472	0.01935	0.00830	0.00666	0.00180	0.03666	0.07394	0.00511	0.20105
1	0.01409	0.09224	0.02065	0.02455	0.37480	0.07103	0.01408	0.01659	0.01301	0.01749	0.01508	0.16826	0.01536	0.00893	0.00795	0.00199	0.10491	0.00751	0.00349	0.00798
2	0.00885	0.07230	0.00955	0.00732	0.00984	0.00733	0.00577	0.01077	0.01381	0.01753	0.13412	0.04579	0.46638	0.01547	0.06412	0.00246	0.00452	0.01045	0.00517	0.08845
3	0.19145	0.01604	0.01641	0.01282	0.01749	0.01789	0.01059	0.57828	0.02494	0.03626	0.01341	0.01370	0.00962	0.00700	0.00564	0.00185	0.00632	0.00505	0.00564	0.00962
4	0.01114	0.01032	0.01722	0.69283	0.03878	0.01272	0.01585	0.01492	0.01219	0.01564	0.01320	0.09394	0.01144	0.00745	0.00629	0.00209	0.00769	0.00665	0.00302	0.00661
5	0.13825	0.00816	0.00812	0.00744	0.00964	0.00876	0.00583	0.10445	0.01425	0.02487	0.01727	0.01991	0.01360	0.00989	0.06210	0.00219	0.00466	0.00538	0.52880	0.00642
6	0.01362	0.10992	0.05009	0.09810	0.06101	0.01231	0.06491	0.03959	0.01335	0.01933	0.01086	0.01325	0.00885	0.00505	0.00503	0.00130	0.00605	0.00426	0.00336	0.45976
7	0.01431	0.01224	0.01993	0.01622	0.01825	0.01429	0.17005	0.01658	0.01195	0.10810	0.01571	0.15503	0.01513	0.01063	0.01324	0.00241	0.36675	0.00807	0.00393	0.00720
8	0.01010	0.00923	0.00950	0.00973	0.01074	0.10081	0.00704	0.01164	0.01347	0.01725	0.16689	0.42407	0.09068	0.01530	0.00840	0.00225	0.06889	0.01315	0.00532	0.00555
9	0.01006	0.00672	0.00876	0.06665	0.01206	0.00672	0.00685	0.05126	0.01334	0.04936	0.05753	0.52095	0.03280	0.01522	0.00704	0.00223	0.00404	0.01360	0.10904	0.00577
10	0.07723	0.29085	0.04362	0.01375	0.01851	0.18887	0.06555	0.19409	0.01760	0.02195	0.01061	0.01190	0.00851	0.00604	0.00512	0.00162	0.00784	0.00431	0.00372	0.00829

[dist]
# distance from previous block
# <min> <max>
0	4

[block]
# block no. 4 follows, 37 sequences, length 7
# corresponding to MSA columns:
# 136-142
name=unknown_E
#
# <colnr> <probs for GDERKNQSTAVLIFYWHMCP>
#	G	D	E	R	K	N	Q	S	T	A	V	L	I	F	Y	W	H	M	C	P
0	0.00862	0.00592	0.00721	0.00746	0.00768	0.00601	0.00463	0.00913	0.00954	0.01288	0.02144	0.16958	0.02450	0.54210	0.13215	0.00588	0.00702	0.01008	0.00400	0.00419
1	0.00880	0.00568	0.00667	0.00717	0.00753	0.00556	0.00450	0.00964	0.01055	0.01499	0.02453	0.30032	0.02766	0.38585	0.01847	0.00397	0.00458	0.01140	0.13763	0.00448
2	0.01367	0.01226	0.03832	0.03947	0.20828	0.01166	0.17202	0.06627	0.01397	0.05668	0.01757	0.14527	0.01712	0.14660	0.01108	0.00273	0.00703	0.00844	0.00403	0.00753
3	0.01282	0.00789	0.01000	0.00923	0.01119	0.00783	0.00699	0.01716	0.14314	0.12633	0.31798	0.08661	0.03498	0.01310	0.00970	0.13603	0.00411	0.03234	0.00599	0.00657
4	0.01349	0.01109	0.01666	0.51105	0.03245	0.01320	0.01414	0.14084	0.01449	0.01890	0.01152	0.01640	0.00896	0.00881	0.00903	0.13600	0.00744	0.00543	0.00332	0.00677
5	0.01366	0.01177	0.01477	0.01347	0.12031	0.00971	0.00917	0.05706	0.01380	0.02103	0.01119	0.01316	0.00924	0.00483	0.00485	0.00109	0.00506	0.00400	0.00369	0.65815
6	0.01493	0.24771	0.21180	0.06671	0.01996	0.03943	0.01356	0.14298	0.01549	0.02031	0.01458	0.13801	0.01364	0.00814	0.00565	0.00182	0.00699	0.00648	0.00376	0.00805

[dist]
# distance from previous block
# <min> <max>
3	30

[block]
# block no. 5 follows, 37 sequences, length 27
# corresponding to MSA columns:
# 176-202
name=unknown_F
#
# <colnr> <probs for GDERKNQSTAVLIFYWHMCP>
#	G	D	E	R	K	N	Q	S	T	A	V	L	I	F	Y	W	H	M	C	P
0	0.00729	0.00599	0.00642	0.00677	0.00842	0.00512	0.00491	0.00872	0.01340	0.01631	0.05504	0.23686	0.57075	0.01641	0.00738	0.00217	0.00321	0.01402	0.00568	0.00512
1	0.01449	0.01189	0.01294	0.01146	0.01458	0.01331	0.00894	0.10355	0.48095	0.02677	0.20090	0.02759	0.02741	0.00924	0.00646	0.00201	0.00457	0.00779	0.00634	0.00880
2	0.75525	0.01199	0.00965	0.00844	0.01232	0.01373	0.00696	0.04861	0.01154	0.06293	0.00954	0.01067	0.00720	0.00584	0.00400	0.00189	0.00484	0.00355	0.00407	0.00697
3	0.21368	0.01112	0.01178	0.00882	0.01385	0.00953	0.00710	0.01605	0.01213	0.02180	0.01030	0.01202	0.00847	0.00482	0.00435	0.00115	0.00458	0.00355	0.00367	0.62125
4	0.00848	0.01248	0.19031	0.00897	0.01276	0.00740	0.00908	0.01140	0.01370	0.01724	0.04943	0.04758	0.56268	0.01311	0.00688	0.00204	0.00457	0.01085	0.00492	0.00612
5	0.00845	0.00732	0.00943	0.19476	0.01674	0.00730	0.00785	0.01073	0.01376	0.01706	0.11503	0.08043	0.46289	0.01307	0.00699	0.00207	0.00435	0.01110	0.00506	0.00562
6	0.00776	0.00556	0.00737	0.00832	0.00894	0.00517	0.00571	0.00927	0.01310	0.01782	0.20867	0.59968	0.04474	0.01754	0.00767	0.00235	0.00339	0.01584	0.00594	0.00517
7	0.01293	0.12884	0.05300	0.01898	0.02369	0.01414	0.41723	0.01668	0.01342	0.01785	0.01702	0.20380	0.01671	0.00865	0.00683	0.00205	0.00805	0.00905	0.00365	0.00741
8	0.01779	0.01442	0.01529	0.01298	0.01689	0.01642	0.01031	0.25369	0.51029	0.02974	0.02166	0.02024	0.01605	0.00800	0.00620	0.00200	0.00545	0.00647	0.00620	0.00992
9	0.00874	0.00656	0.00984	0.00984	0.01093	0.00765	0.00765	0.01093	0.00984	0.01421	0.01640	0.02405	0.01530	0.04591	0.76062	0.00984	0.01640	0.00656	0.00328	0.00547
10	0.01156	0.00966	0.01525	0.56450	0.03293	0.01177	0.01378	0.01528	0.01232	0.01739	0.01306	0.01786	0.01001	0.00647	0.00599	0.00190	0.02435	0.00550	0.20388	0.00653
11	0.22044	0.00980	0.01152	0.00945	0.01319	0.00942	0.00767	0.02267	0.01572	0.40391	0.18736	0.02393	0.02295	0.00826	0.00582	0.00190	0.00455	0.00660	0.00645	0.00841
12	0.00729	0.00599	0.00642	0.00677	0.00842	0.00512	0.00491	0.00872	0.01340	0.01631	0.05504	0.23686	0.57075	0.01641	0.00738	0.00217	0.00321	0.01402	0.00568	0.00512
13	0.05731	0.01213	0.01503	0.01157	0.01631	0.01164	0.00956	0.20104	0.02002	0.54745	0.02122	0.01890	0.01365	0.00745	0.00606	0.00188	0.00557	0.00589	0.00707	0.01027
14	0.01699	0.71568	0.03066	0.01098	0.01602	0.09486	0.01060	0.01892	0.01291	0.01446	0.00860	0.00994	0.00786	0.00534	0.00408	0.00133	0.00698	0.00334	0.00267	0.00778
15	0.00995	0.00778	0.01025	0.00924	0.01112	0.00788	0.00696	0.01176	0.01032	0.01515	0.01530	0.02421	0.01494	0.19187	0.38722	0.00650	0.04336	0.00628	0.00343	0.20648
16	0.24846	0.02381	0.44713	0.01460	0.02169	0.01402	0.04788	0.04310	0.01280	0.02241	0.01046	0.01227	0.00765	0.00574	0.00524	0.00188	0.00757	0.00429	0.00312	0.04588
17	0.01423	0.01230	0.01964	0.02861	0.53216	0.01240	0.01481	0.01828	0.04551	0.02094	0.01419	0.01738	0.01157	0.00599	0.00563	0.00173	0.00608	0.00558	0.20426	0.00871
18	0.07188	0.01725	0.01641	0.01356	0.01758	0.11995	0.01087	0.37022	0.21860	0.03025	0.01615	0.01607	0.01200	0.00748	0.00640	0.00190	0.03305	0.00553	0.00548	0.00939
19	0.02354	0.01511	0.01692	0.01314	0.01787	0.01617	0.01080	0.48905	0.09281	0.21294	0.01799	0.01698	0.01236	0.00749	0.00614	0.00187	0.00618	0.00580	0.00649	0.01034
20	0.43778	0.01330	0.01499	0.02950	0.22533	0.02989	0.01093	0.07471	0.01344	0.05616	0.01068	0.01250	0.00831	0.00581	0.00483	0.00183	0.00583	0.00428	0.00388	0.03602
21	0.01616	0.01240	0.01443	0.01203	0.01498	0.01394	0.00970	0.33098	0.07840	0.02855	0.19470	0.02407	0.02314	0.01400	0.10503	0.00299	0.08359	0.00711	0.00557	0.00820
22	0.01163	0.02343	0.48763	0.01519	0.02166	0.01208	0.07365	0.01669	0.01205	0.01757	0.01314	0.01989	0.01149	0.19775	0.01213	0.00290	0.00823	0.00579	0.00294	0.03416
23	0.01252	0.00920	0.01115	0.01099	0.01319	0.00948	0.00911	0.18753	0.01736	0.02273	0.03168	0.15454	0.11245	0.01471	0.00765	0.00244	0.00532	0.35553	0.00577	0.00667
24	0.06193	0.01344	0.01689	0.01804	0.19604	0.05831	0.01171	0.05878	0.14041	0.33158	0.01905	0.01835	0.01332	0.00700	0.00599	0.00188	0.00606	0.00581	0.00570	0.00972
25	0.03891	0.00880	0.01040	0.00992	0.01183	0.00902	0.00743	0.18695	0.01698	0.04384	0.13517	0.40991	0.03369	0.01441	0.00715	0.00222	0.00439	0.03639	0.00594	0.00666
26	0.02195	0.01368	0.01885	0.01750	0.13686	0.01397	0.06036	0.24903	0.01969	0.29472	0.01723	0.01739	0.01201	0.00837	0.03093	0.00217	0.04391	0.00588	0.00569	0.00981

[dist]
# distance from previous block
# <min> <max>
0	1

[block]
# block no. 6 follows, 37 sequences, length 13
# corresponding to MSA columns:
# 204-216
name=unknown_G
#
# <colnr> <probs for GDERKNQSTAVLIFYWHMCP>
#	G	D	E	R	K	N	Q	S	T	A	V	L	I	F	Y	W	H	M	C	P
0	0.61822	0.01218	0.01025	0.00919	0.01289	0.01412	0.00742	0.02175	0.19768	0.02698	0.01276	0.01327	0.00974	0.00636	0.00442	0.00194	0.00476	0.00425	0.00442	0.00742
1	0.01478	0.43654	0.17331	0.01332	0.01797	0.02080	0.01366	0.01761	0.01174	0.01549	0.00888	0.01136	0.00788	0.00677	0.00848	0.00179	0.20513	0.00406	0.00263	0.00780
2	0.01040	0.00756	0.00946	0.00832	0.01081	0.00649	0.00634	0.01292	0.01513	0.05255	0.38568	0.10481	0.06348	0.03436	0.00730	0.00187	0.00368	0.03649	0.00570	0.21665
3	0.21993	0.00766	0.00796	0.00751	0.00966	0.00768	0.00577	0.01257	0.01470	0.02343	0.39643	0.06040	0.18178	0.01154	0.00635	0.00196	0.00343	0.00962	0.00573	0.00585
4	0.01454	0.26293	0.18351	0.01225	0.01701	0.01597	0.01217	0.15807	0.01564	0.02068	0.01682	0.21059	0.01677	0.00939	0.00579	0.00186	0.00637	0.00765	0.00411	0.00789
5	0.00788	0.00582	0.00737	0.00784	0.00888	0.00531	0.00556	0.00973	0.01422	0.01919	0.31019	0.38513	0.15824	0.01604	0.00749	0.00220	0.00323	0.01427	0.00609	0.00531
6	0.00970	0.00745	0.00935	0.00805	0.01053	0.00639	0.00616	0.01255	0.01613	0.02336	0.55430	0.03720	0.04519	0.01045	0.00653	0.00166	0.00331	0.00915	0.00593	0.21661
7	0.01477	0.02403	0.41610	0.01642	0.02230	0.01634	0.01803	0.16001	0.01519	0.02203	0.01097	0.01340	0.00836	0.00739	0.00956	0.00211	0.20602	0.00494	0.00332	0.00871
8	0.01185	0.01066	0.01639	0.02327	0.40755	0.01040	0.01211	0.01422	0.01293	0.01747	0.02611	0.03145	0.20187	0.16443	0.01140	0.00271	0.00593	0.00807	0.00385	0.00733
9	0.05667	0.01486	0.01425	0.01146	0.01550	0.12281	0.00911	0.26120	0.01975	0.02693	0.15885	0.01963	0.01901	0.00742	0.00573	0.00158	0.00593	0.00580	0.00505	0.21844
10	0.22224	0.01860	0.29070	0.01308	0.01879	0.01219	0.08114	0.01717	0.03507	0.02114	0.02115	0.02202	0.15576	0.00769	0.00567	0.00193	0.00656	0.00619	0.00372	0.03918
11	0.02082	0.02054	0.01669	0.01426	0.01809	0.29754	0.01115	0.26353	0.22622	0.02597	0.01564	0.01564	0.01182	0.00723	0.00593	0.00181	0.00782	0.00532	0.00503	0.00895
12	0.66500	0.01238	0.01218	0.01397	0.15928	0.01389	0.00907	0.01815	0.01112	0.02597	0.00912	0.01099	0.00724	0.00564	0.00424	0.00188	0.00524	0.00374	0.00364	0.00724

[dist]
# distance from previous block
# <min> <max>
0	222

# created by:
# /software/SequenceAnalysis/GenePrediction/augustus/3.0.1/scripts/msa2prfl.pl ./fixed/BUSCOvEOG747H7D.fas
