[name]
unknown

[dist]
# distance from previous block
# <min> <max>
0	203

[block]
# block no. 0 follows, 39 sequences, length 9
# corresponding to MSA columns:
# 214-222
name=unknown_A
#
# <colnr> <probs for GDERKNQSTAVLIFYWHMCP>
#	G	D	E	R	K	N	Q	S	T	A	V	L	I	F	Y	W	H	M	C	P
0	0.01170	0.01292	0.07509	0.59186	0.03792	0.01350	0.14109	0.01604	0.01224	0.01604	0.01077	0.01556	0.00804	0.00573	0.00608	0.00197	0.00831	0.00549	0.00268	0.00697
1	0.01581	0.79572	0.03099	0.01012	0.01518	0.02340	0.01012	0.01771	0.01202	0.01391	0.00822	0.00949	0.00759	0.00506	0.00379	0.00126	0.00632	0.00316	0.00253	0.00759
2	0.02514	0.00975	0.01328	0.01028	0.01461	0.00845	0.00845	0.02746	0.01691	0.70276	0.07942	0.02198	0.01781	0.00769	0.00603	0.00183	0.00486	0.00631	0.00726	0.00972
3	0.01212	0.01364	0.06852	0.01822	0.02306	0.01156	0.41631	0.01599	0.01303	0.01817	0.01600	0.17825	0.01521	0.00778	0.00658	0.00189	0.00758	0.00832	0.00357	0.14418
4	0.00961	0.00763	0.01085	0.01030	0.01110	0.00942	0.00811	0.01149	0.00959	0.01438	0.01455	0.02177	0.01368	0.07310	0.51145	0.00720	0.17595	0.00614	0.06820	0.00546
5	0.00721	0.00515	0.00686	0.00823	0.00858	0.00480	0.00549	0.00823	0.01132	0.01510	0.03259	0.78831	0.03911	0.01853	0.00755	0.00240	0.00343	0.01681	0.00549	0.00480
6	0.01076	0.00800	0.01108	0.01099	0.01223	0.00870	0.00833	0.01221	0.01095	0.01585	0.01785	0.02589	0.01665	0.04446	0.74284	0.00963	0.01621	0.00699	0.00392	0.00646
7	0.00721	0.00515	0.00686	0.00823	0.00858	0.00480	0.00549	0.00823	0.01132	0.01510	0.03259	0.78831	0.03911	0.01853	0.00755	0.00240	0.00343	0.01681	0.00549	0.00480
8	0.01993	0.01626	0.01791	0.01695	0.13174	0.06496	0.01200	0.46003	0.14620	0.03092	0.01507	0.01537	0.01115	0.00691	0.00589	0.00179	0.00654	0.00545	0.00529	0.00963

[dist]
# distance from previous block
# <min> <max>
0	39

[block]
# block no. 1 follows, 39 sequences, length 52
# corresponding to MSA columns:
# 262-313
name=unknown_B
#
# <colnr> <probs for GDERKNQSTAVLIFYWHMCP>
#	G	D	E	R	K	N	Q	S	T	A	V	L	I	F	Y	W	H	M	C	P
0	0.02799	0.01140	0.01497	0.01178	0.01641	0.00979	0.00947	0.02969	0.01796	0.73845	0.02485	0.02253	0.01627	0.00854	0.00675	0.00218	0.00568	0.00653	0.00785	0.01094
1	0.00937	0.00671	0.00845	0.00970	0.01027	0.00612	0.00657	0.00994	0.01264	0.01703	0.03376	0.73059	0.03974	0.01930	0.00833	0.00275	0.00423	0.05256	0.00607	0.00587
2	0.01210	0.00668	0.00914	0.00903	0.00931	0.00637	0.00605	0.00945	0.00962	0.01312	0.06177	0.02220	0.01508	0.02080	0.02231	0.74786	0.00562	0.00611	0.00351	0.00387
3	0.01060	0.00720	0.00791	0.00783	0.00802	0.00692	0.00451	0.01009	0.00989	0.01338	0.02029	0.04054	0.02292	0.76942	0.03016	0.00596	0.00636	0.00910	0.00423	0.00466
4	0.01481	0.01418	0.01922	0.01663	0.01682	0.01892	0.01358	0.01555	0.01033	0.01606	0.00975	0.01556	0.00960	0.01148	0.01980	0.00291	0.75828	0.00578	0.00326	0.00745
5	0.02271	0.02849	0.01720	0.01567	0.01875	0.75986	0.01169	0.02401	0.01716	0.01518	0.00990	0.01171	0.00833	0.00658	0.00565	0.00166	0.01085	0.00406	0.00330	0.00723
6	0.01077	0.00844	0.00979	0.00910	0.01114	0.00850	0.00686	0.01705	0.21716	0.02392	0.48359	0.03984	0.10613	0.01164	0.00701	0.00205	0.00361	0.00992	0.00650	0.00696
7	0.00801	0.00639	0.00699	0.00717	0.00881	0.00550	0.00518	0.00936	0.01391	0.01750	0.14472	0.20216	0.51115	0.01570	0.00740	0.00219	0.00333	0.01326	0.00585	0.00543
8	0.02421	0.01521	0.01707	0.01321	0.01792	0.01599	0.01081	0.53304	0.02508	0.23643	0.01741	0.01683	0.01200	0.00764	0.00623	0.00193	0.00633	0.00573	0.00652	0.01040
9	0.01140	0.02393	0.54555	0.01484	0.02131	0.01170	0.01750	0.01652	0.01302	0.01903	0.07139	0.17118	0.01816	0.00918	0.00642	0.00211	0.00744	0.00758	0.00366	0.00807
10	0.04395	0.02769	0.61006	0.01770	0.02547	0.01444	0.09528	0.01892	0.01282	0.01947	0.01125	0.01379	0.00833	0.00629	0.00672	0.00206	0.04921	0.00488	0.00286	0.00881
11	0.00938	0.00630	0.00702	0.00699	0.00706	0.00619	0.00394	0.00918	0.00910	0.01221	0.01928	0.03941	0.02205	0.78335	0.03012	0.00582	0.00598	0.00879	0.00383	0.00400
12	0.76997	0.01187	0.00984	0.05977	0.01395	0.01363	0.00740	0.01770	0.01066	0.02633	0.00915	0.01108	0.00723	0.00601	0.00415	0.00197	0.00505	0.00360	0.00384	0.00680
13	0.00915	0.00661	0.00845	0.00796	0.00942	0.00604	0.00592	0.01171	0.01714	0.02431	0.74412	0.04482	0.05594	0.01251	0.00727	0.00199	0.00307	0.01086	0.00672	0.00597
14	0.78393	0.01187	0.00949	0.00844	0.01217	0.01340	0.00685	0.01844	0.01089	0.06433	0.00977	0.01120	0.00755	0.00608	0.00411	0.00196	0.00485	0.00360	0.00409	0.00697
15	0.00909	0.00656	0.00840	0.00800	0.00940	0.00600	0.00591	0.01156	0.01687	0.02387	0.70756	0.08263	0.05510	0.01283	0.00730	0.00202	0.00310	0.01117	0.00667	0.00593
16	0.02271	0.02849	0.01720	0.01567	0.01875	0.75986	0.01169	0.02401	0.01716	0.01518	0.00990	0.01171	0.00833	0.00658	0.00565	0.00166	0.01085	0.00406	0.00330	0.00723
17	0.00875	0.00657	0.00792	0.00760	0.00919	0.00587	0.00563	0.01093	0.01615	0.02205	0.54331	0.06549	0.24093	0.01342	0.00729	0.00204	0.00314	0.01148	0.00643	0.00580
18	0.00938	0.00630	0.00702	0.00699	0.00706	0.00619	0.00394	0.00918	0.00910	0.01221	0.01928	0.03941	0.02205	0.78335	0.03012	0.00582	0.00598	0.00879	0.00383	0.00400
19	0.01093	0.00571	0.00823	0.00824	0.00833	0.00559	0.00549	0.00831	0.00833	0.01118	0.01174	0.04389	0.01189	0.02080	0.02272	0.79155	0.00533	0.00575	0.00292	0.00307
20	0.01458	0.01375	0.02299	0.19882	0.59062	0.01421	0.01796	0.01795	0.01355	0.01905	0.01172	0.01588	0.00974	0.00591	0.00618	0.00194	0.00744	0.00550	0.00312	0.00910
21	0.01366	0.01342	0.01854	0.01595	0.01603	0.01843	0.01319	0.01474	0.00955	0.01494	0.00853	0.01396	0.00848	0.01079	0.01956	0.00271	0.77241	0.00541	0.00285	0.00685
22	0.00721	0.00515	0.00686	0.00823	0.00858	0.00480	0.00549	0.00823	0.01132	0.01510	0.03259	0.78831	0.03911	0.01853	0.00755	0.00240	0.00343	0.01681	0.00549	0.00480
23	0.01258	0.01087	0.01324	0.00948	0.01475	0.00841	0.03417	0.03312	0.01272	0.01971	0.01066	0.01245	0.00880	0.00447	0.00451	0.00094	0.00464	0.00368	0.00355	0.77725
24	0.02349	0.01495	0.01675	0.01284	0.01753	0.01594	0.01061	0.55999	0.02510	0.21665	0.01647	0.01567	0.01120	0.00715	0.00592	0.00179	0.00614	0.00548	0.00626	0.01006
25	0.01317	0.15205	0.57360	0.01599	0.02370	0.05973	0.04628	0.01886	0.01272	0.01772	0.01020	0.01203	0.00757	0.00553	0.00536	0.00176	0.00851	0.00424	0.00255	0.00842
26	0.01327	0.00736	0.00784	0.00715	0.00913	0.00753	0.00551	0.12103	0.01485	0.06229	0.01964	0.07199	0.01598	0.00772	0.00472	0.00153	0.00348	0.00626	0.60635	0.00637
27	0.00845	0.00634	0.00950	0.00950	0.01056	0.00739	0.00739	0.01056	0.00950	0.01373	0.01584	0.02323	0.01478	0.04435	0.76873	0.00950	0.01584	0.00634	0.00317	0.00528
28	0.07048	0.74331	0.02950	0.00996	0.01493	0.02272	0.00987	0.01769	0.01189	0.01476	0.00822	0.00949	0.00751	0.00509	0.00379	0.00130	0.00621	0.00316	0.00261	0.00751
29	0.01460	0.01409	0.02406	0.03429	0.67185	0.01414	0.05977	0.01893	0.05382	0.01960	0.01189	0.01512	0.00982	0.00540	0.00593	0.00178	0.00707	0.00545	0.00310	0.00929
30	0.01508	0.01294	0.01565	0.01696	0.16355	0.01439	0.01131	0.09355	0.48214	0.02436	0.02104	0.02282	0.01663	0.00794	0.00612	0.00198	0.00537	0.05364	0.00535	0.00917
31	0.01581	0.79572	0.03099	0.01012	0.01518	0.02340	0.01012	0.01771	0.01202	0.01391	0.00822	0.00949	0.00759	0.00506	0.00379	0.00126	0.00632	0.00316	0.00253	0.00759
32	0.01411	0.01217	0.01310	0.01124	0.01505	0.01305	0.00879	0.02740	0.56650	0.02341	0.02077	0.01968	0.01579	0.00714	0.00562	0.00173	0.00461	0.00591	0.00541	0.20852
33	0.00845	0.00634	0.00950	0.00950	0.01056	0.00739	0.00739	0.01056	0.00950	0.01373	0.01584	0.02323	0.01478	0.04435	0.76873	0.00950	0.01584	0.00634	0.00317	0.00528
34	0.83394	0.01144	0.00869	0.00778	0.01144	0.01327	0.00640	0.01738	0.01006	0.02653	0.00823	0.00961	0.00640	0.00549	0.00366	0.00183	0.00457	0.00320	0.00366	0.00640
35	0.02209	0.02819	0.01676	0.01524	0.01828	0.76843	0.01143	0.02361	0.01676	0.01447	0.00914	0.01066	0.00762	0.00609	0.00533	0.00152	0.01066	0.00381	0.00305	0.00686
36	0.01449	0.01390	0.02373	0.06820	0.72454	0.01401	0.01808	0.01802	0.01340	0.01914	0.01110	0.01469	0.00930	0.00530	0.00586	0.00177	0.00706	0.00527	0.00291	0.00925
37	0.01581	0.79572	0.03099	0.01012	0.01518	0.02340	0.01012	0.01771	0.01202	0.01391	0.00822	0.00949	0.00759	0.00506	0.00379	0.00126	0.00632	0.00316	0.00253	0.00759
38	0.01190	0.01013	0.01188	0.00872	0.01362	0.00766	0.00690	0.01441	0.01220	0.01897	0.01210	0.06795	0.01094	0.00539	0.00461	0.00099	0.00431	0.00446	0.00365	0.76922
39	0.01321	0.01099	0.01223	0.01135	0.02907	0.01225	0.00861	0.05200	0.49416	0.02469	0.21808	0.02835	0.02795	0.00917	0.00631	0.00197	0.00431	0.02093	0.00607	0.00830
40	0.02653	0.01006	0.01372	0.01052	0.01510	0.00869	0.00869	0.02882	0.01693	0.75937	0.02333	0.02013	0.01464	0.00732	0.00595	0.00183	0.00503	0.00595	0.00732	0.01006
41	0.02653	0.01006	0.01372	0.01052	0.01510	0.00869	0.00869	0.02882	0.01693	0.75937	0.02333	0.02013	0.01464	0.00732	0.00595	0.00183	0.00503	0.00595	0.00732	0.01006
42	0.02154	0.01565	0.01689	0.01321	0.01773	0.01730	0.01083	0.59448	0.13334	0.07307	0.01614	0.01567	0.01148	0.00725	0.00593	0.00181	0.00616	0.00556	0.00600	0.00995
43	0.01117	0.01051	0.01774	0.77795	0.04073	0.01314	0.01642	0.01511	0.01182	0.01511	0.01051	0.01577	0.00788	0.00591	0.00591	0.00197	0.00788	0.00526	0.00263	0.00657
44	0.02574	0.01024	0.01370	0.01062	0.01512	0.00909	0.00874	0.02899	0.06555	0.71028	0.02338	0.02026	0.01487	0.00737	0.00595	0.00184	0.00501	0.00600	0.00723	0.01002
45	0.01709	0.00792	0.01059	0.00938	0.01217	0.00704	0.00744	0.01918	0.01516	0.38277	0.11949	0.18468	0.08277	0.01171	0.00671	0.00206	0.00432	0.08543	0.00651	0.00757
46	0.01384	0.01572	0.03416	0.05732	0.03133	0.01488	0.70294	0.01878	0.01387	0.01878	0.01190	0.01594	0.00893	0.00502	0.00693	0.00199	0.00988	0.00690	0.00298	0.00792
47	0.01010	0.00724	0.00770	0.00712	0.00957	0.00649	0.00548	0.04491	0.05261	0.09356	0.05221	0.04938	0.60507	0.01347	0.00678	0.00197	0.00345	0.01118	0.00573	0.00597
48	0.00721	0.00515	0.00686	0.00823	0.00858	0.00480	0.00549	0.00823	0.01132	0.01510	0.03259	0.78831	0.03911	0.01853	0.00755	0.00240	0.00343	0.01681	0.00549	0.00480
49	0.01525	0.61400	0.17669	0.01166	0.01738	0.04920	0.01252	0.01813	0.01229	0.01490	0.00873	0.01013	0.00757	0.00521	0.00422	0.00140	0.00697	0.00343	0.00254	0.00779
50	0.01137	0.01072	0.01811	0.73432	0.08277	0.01319	0.01653	0.01529	0.01192	0.01536	0.01055	0.01570	0.00797	0.00587	0.00591	0.00196	0.00783	0.00526	0.00265	0.00673
51	0.02520	0.01001	0.01345	0.01046	0.01484	0.00883	0.00859	0.02817	0.05008	0.69381	0.05515	0.02127	0.01659	0.00756	0.00600	0.00184	0.00492	0.00619	0.00722	0.00984

[dist]
# distance from previous block
# <min> <max>
0	43

# created by:
# /software/SequenceAnalysis/GenePrediction/augustus/3.0.1/scripts/msa2prfl.pl ./fixed/BUSCOvEOG7X6DPN.fas
