[name]
unknown

[dist]
# distance from previous block
# <min> <max>
4	292

[block]
# block no. 0 follows, 39 sequences, length 14
# corresponding to MSA columns:
# 455-468
name=unknown_A
#
# <colnr> <probs for GDERKNQSTAVLIFYWHMCP>
#	G	D	E	R	K	N	Q	S	T	A	V	L	I	F	Y	W	H	M	C	P
0	0.00867	0.00665	0.00824	0.00876	0.00999	0.00636	0.00613	0.01183	0.10324	0.01674	0.02924	0.61200	0.03333	0.01575	0.00703	0.00219	0.00369	0.01417	0.00535	0.09065
1	0.01699	0.11181	0.01678	0.01223	0.01617	0.01680	0.00997	0.22373	0.45535	0.02684	0.01937	0.01832	0.01454	0.00740	0.00571	0.00185	0.00539	0.00587	0.00555	0.00933
2	0.01466	0.01522	0.02179	0.01732	0.02025	0.11598	0.24827	0.09089	0.01394	0.01829	0.01330	0.11109	0.01247	0.00953	0.02876	0.00231	0.22819	0.00708	0.00350	0.00715
3	0.01005	0.00764	0.00901	0.00876	0.01045	0.00770	0.00648	0.08735	0.10671	0.02127	0.24693	0.30343	0.12374	0.01369	0.00695	0.00208	0.00366	0.01202	0.00590	0.00617
4	0.00801	0.00594	0.00819	0.08797	0.01199	0.00598	0.00677	0.00938	0.01125	0.01489	0.02844	0.54495	0.03318	0.11388	0.01026	0.00281	0.00437	0.08187	0.00495	0.00490
5	0.00964	0.00713	0.00878	0.00896	0.01036	0.00682	0.00637	0.09999	0.01348	0.01831	0.02800	0.61102	0.03233	0.01563	0.00702	0.00217	0.00391	0.01400	0.00534	0.09074
6	0.82984	0.01166	0.00894	0.00801	0.01169	0.01344	0.00655	0.01760	0.01028	0.02679	0.00858	0.01009	0.00674	0.00572	0.00381	0.00189	0.00469	0.00332	0.00377	0.00658
7	0.02520	0.01065	0.01390	0.01095	0.01537	0.00969	0.00892	0.02932	0.11496	0.65689	0.02370	0.02081	0.01539	0.00763	0.00610	0.00191	0.00510	0.00615	0.00724	0.01012
8	0.42116	0.01025	0.01137	0.24796	0.02005	0.01193	0.00935	0.01569	0.01085	0.02136	0.01054	0.01395	0.00838	0.00731	0.00628	0.07497	0.00560	0.00435	0.08246	0.00620
9	0.32234	0.25541	0.08327	0.07860	0.01753	0.10204	0.01057	0.01867	0.03044	0.01982	0.00949	0.01128	0.00775	0.00576	0.00447	0.00170	0.00658	0.00375	0.00322	0.00729
10	0.01659	0.14975	0.26285	0.01574	0.04838	0.10718	0.03170	0.16735	0.03755	0.02137	0.01132	0.01308	0.00882	0.00658	0.00676	0.00184	0.07640	0.00465	0.00353	0.00858
11	0.01481	0.01273	0.01349	0.01196	0.01549	0.01427	0.00929	0.03010	0.67607	0.02452	0.02313	0.02161	0.01750	0.00791	0.00601	0.00197	0.00477	0.00650	0.00590	0.08196
12	0.01397	0.01322	0.02181	0.24131	0.45231	0.01406	0.04440	0.01882	0.08364	0.01894	0.01256	0.01617	0.01009	0.00593	0.00607	0.00191	0.00726	0.00557	0.00326	0.00869
13	0.03872	0.08921	0.05364	0.21274	0.12823	0.01505	0.10512	0.11964	0.07946	0.02126	0.03958	0.01843	0.01236	0.00679	0.00603	0.00193	0.00717	0.03263	0.00386	0.00816

[dist]
# distance from previous block
# <min> <max>
0	3

[block]
# block no. 1 follows, 39 sequences, length 21
# corresponding to MSA columns:
# 472-492
name=unknown_B
#
# <colnr> <probs for GDERKNQSTAVLIFYWHMCP>
#	G	D	E	R	K	N	Q	S	T	A	V	L	I	F	Y	W	H	M	C	P
0	0.01307	0.02840	0.67647	0.01716	0.05381	0.01337	0.02072	0.01946	0.01286	0.07396	0.01158	0.01314	0.00810	0.00573	0.00565	0.00187	0.00840	0.00452	0.00287	0.00886
1	0.06759	0.09936	0.01767	0.11837	0.04220	0.10396	0.01134	0.18283	0.06341	0.11263	0.03603	0.01526	0.01122	0.00701	0.00688	0.00183	0.08479	0.00509	0.00439	0.00815
2	0.01400	0.00734	0.00940	0.00849	0.01086	0.00658	0.00649	0.01639	0.03482	0.26154	0.21645	0.19685	0.16211	0.01231	0.00674	0.00199	0.00375	0.01066	0.00636	0.00688
3	0.00718	0.00526	0.00675	0.00795	0.00850	0.00483	0.00536	0.00827	0.01160	0.01521	0.03611	0.69427	0.13088	0.01807	0.00748	0.00235	0.00338	0.01626	0.00549	0.00483
4	0.12943	0.01316	0.01423	0.06546	0.01687	0.01451	0.00959	0.40811	0.03764	0.08012	0.01477	0.01604	0.01091	0.03100	0.00613	0.00188	0.00570	0.00523	0.11071	0.00852
5	0.00890	0.00660	0.00931	0.00930	0.01044	0.00731	0.00709	0.04489	0.01135	0.01600	0.08596	0.15353	0.02241	0.03527	0.53438	0.00724	0.01211	0.00845	0.00400	0.00546
6	0.01308	0.01133	0.01432	0.01029	0.01557	0.00912	0.06147	0.06401	0.01344	0.02047	0.01087	0.01267	0.00886	0.00461	0.00468	0.00102	0.00494	0.00389	0.00363	0.71174
7	0.06860	0.01616	0.15878	0.07333	0.19598	0.04307	0.05018	0.01703	0.03212	0.01838	0.01234	0.06153	0.01092	0.00709	0.00744	0.00188	0.10650	0.02102	0.00319	0.09444
8	0.17759	0.46978	0.07617	0.01092	0.01565	0.13459	0.01042	0.01862	0.01239	0.01683	0.00853	0.00990	0.00735	0.00534	0.00413	0.00146	0.00681	0.00335	0.00283	0.00733
9	0.01004	0.00715	0.00804	0.00754	0.00844	0.00718	0.00481	0.06096	0.05033	0.01479	0.01911	0.09017	0.02096	0.58381	0.02368	0.00468	0.00547	0.00853	0.00401	0.06030
10	0.02010	0.05424	0.01564	0.01184	0.01552	0.05379	0.00972	0.11929	0.10227	0.30524	0.03997	0.01755	0.01348	0.00754	0.00766	0.00183	0.11823	0.00553	0.00547	0.07508
11	0.01102	0.00551	0.00551	0.00551	0.00689	0.00551	0.00413	0.01378	0.01240	0.02205	0.01929	0.02205	0.01516	0.00689	0.00413	0.00138	0.00276	0.00551	0.82500	0.00551
12	0.00809	0.00598	0.00755	0.00727	0.00869	0.00544	0.00541	0.01057	0.01591	0.02201	0.60275	0.09112	0.16142	0.01292	0.00701	0.00191	0.00286	0.01134	0.00629	0.00544
13	0.01270	0.01255	0.01748	0.01503	0.01503	0.01744	0.01243	0.01393	0.00903	0.01408	0.00835	0.01434	0.00851	0.05277	0.01999	0.00276	0.73926	0.00536	0.00264	0.00631
14	0.01418	0.01465	0.06418	0.01878	0.04516	0.01402	0.34413	0.13210	0.05933	0.02106	0.01524	0.10016	0.01347	0.04999	0.00885	0.00223	0.06327	0.00752	0.00389	0.00779
15	0.05982	0.01243	0.06251	0.01353	0.01830	0.01061	0.15380	0.02465	0.05894	0.43843	0.06898	0.02007	0.01567	0.00703	0.00610	0.00188	0.00605	0.00629	0.00586	0.00905
16	0.00775	0.00554	0.00749	0.00886	0.00944	0.00527	0.00644	0.00918	0.01186	0.01571	0.03229	0.61936	0.03792	0.01801	0.00769	0.00248	0.00390	0.18039	0.00548	0.00495
17	0.01527	0.01390	0.02451	0.05752	0.58301	0.01376	0.11244	0.01891	0.01372	0.07155	0.01208	0.01524	0.00964	0.00540	0.00601	0.00180	0.00730	0.00554	0.00324	0.00914
18	0.08957	0.08365	0.05452	0.07109	0.15835	0.04280	0.06577	0.02249	0.03374	0.29713	0.01546	0.01592	0.01087	0.00619	0.00558	0.00178	0.00645	0.00522	0.00465	0.00878
19	0.00878	0.00655	0.00860	0.00842	0.00932	0.00633	0.04439	0.03091	0.01117	0.01465	0.02798	0.25086	0.11553	0.35981	0.01744	0.00381	0.00499	0.06126	0.00452	0.00466
20	0.01420	0.01194	0.01571	0.21167	0.10759	0.01346	0.01214	0.14705	0.22612	0.02334	0.09464	0.02304	0.01790	0.00789	0.00618	0.00195	0.00594	0.04629	0.00479	0.00815

[dist]
# distance from previous block
# <min> <max>
0	3

[block]
# block no. 2 follows, 39 sequences, length 14
# corresponding to MSA columns:
# 496-509
name=unknown_C
#
# <colnr> <probs for GDERKNQSTAVLIFYWHMCP>
#	G	D	E	R	K	N	Q	S	T	A	V	L	I	F	Y	W	H	M	C	P
0	0.07034	0.01387	0.01580	0.01378	0.06469	0.01519	0.01049	0.38318	0.12094	0.10933	0.07406	0.01797	0.01489	0.00756	0.00645	0.00186	0.03891	0.00586	0.00565	0.00918
1	0.09981	0.06837	0.14609	0.02383	0.33877	0.01524	0.06040	0.12506	0.02911	0.02236	0.01131	0.01358	0.00888	0.00564	0.00554	0.00177	0.00708	0.00491	0.00341	0.00886
2	0.45975	0.01253	0.01182	0.00989	0.01385	0.01400	0.00809	0.17330	0.11032	0.11472	0.01334	0.01344	0.00967	0.00638	0.00472	0.00184	0.00505	0.00443	0.00488	0.00800
3	0.00786	0.00553	0.00703	0.00757	0.00810	0.00524	0.00503	0.00909	0.01204	0.01642	0.21625	0.40409	0.03898	0.21358	0.01313	0.00311	0.00385	0.01313	0.00527	0.00470
4	0.01357	0.01230	0.01538	0.01450	0.06457	0.04495	0.08886	0.03740	0.40610	0.02173	0.03885	0.13041	0.02069	0.00950	0.00645	0.00206	0.00554	0.05374	0.00525	0.00814
5	0.01774	0.01293	0.01451	0.01229	0.01586	0.01399	0.01024	0.44222	0.05955	0.04701	0.02215	0.03167	0.05739	0.01015	0.00661	0.00206	0.00589	0.20348	0.00580	0.00846
6	0.01920	0.00840	0.01121	0.00917	0.01230	0.00745	0.00721	0.02139	0.01597	0.45987	0.23932	0.02928	0.02761	0.09371	0.00887	0.00226	0.00444	0.00764	0.00667	0.00803
7	0.02184	0.01700	0.01734	0.01359	0.01810	0.06567	0.01110	0.63465	0.08381	0.03483	0.01466	0.01460	0.01053	0.00711	0.00589	0.00178	0.00663	0.00534	0.00574	0.00980
8	0.05638	0.01612	0.08834	0.02157	0.02747	0.01397	0.54747	0.02012	0.01403	0.11495	0.01314	0.01590	0.00946	0.00536	0.00657	0.00196	0.00897	0.00645	0.00354	0.00823
9	0.00722	0.00605	0.00631	0.00638	0.00831	0.00514	0.00487	0.00886	0.01365	0.01647	0.09265	0.05691	0.67164	0.01492	0.00706	0.00204	0.00314	0.05778	0.00554	0.00505
10	0.00857	0.00584	0.00697	0.00697	0.00715	0.00602	0.00423	0.00893	0.00875	0.01185	0.01816	0.03607	0.02036	0.66515	0.15555	0.00637	0.00745	0.00822	0.00351	0.00387
11	0.01131	0.01054	0.01498	0.01334	0.01372	0.01422	0.01092	0.01290	0.00922	0.01405	0.01070	0.01668	0.01032	0.02271	0.29186	0.00510	0.50301	0.00560	0.00280	0.00604
12	0.01956	0.06552	0.02045	0.04388	0.02030	0.19215	0.10404	0.33712	0.03480	0.02532	0.01193	0.01343	0.00910	0.00670	0.00686	0.00179	0.06922	0.00507	0.00429	0.00847
13	0.01472	0.01175	0.01392	0.01117	0.05488	0.01009	0.00842	0.14260	0.01524	0.05008	0.01167	0.01303	0.00924	0.00502	0.00479	0.00112	0.00492	0.00401	0.00404	0.60930

[dist]
# distance from previous block
# <min> <max>
0	1

[block]
# block no. 3 follows, 39 sequences, length 17
# corresponding to MSA columns:
# 511-527
name=unknown_D
#
# <colnr> <probs for GDERKNQSTAVLIFYWHMCP>
#	G	D	E	R	K	N	Q	S	T	A	V	L	I	F	Y	W	H	M	C	P
0	0.06506	0.35308	0.24214	0.01526	0.09450	0.06504	0.01440	0.01822	0.01232	0.01671	0.00926	0.01116	0.00768	0.00561	0.00545	0.00161	0.04801	0.00388	0.00267	0.00793
1	0.00868	0.00621	0.00887	0.00919	0.01018	0.00596	0.05307	0.01040	0.01179	0.01647	0.02795	0.45168	0.03140	0.07915	0.00896	0.00255	0.00426	0.12257	0.12557	0.00511
2	0.01906	0.01488	0.01531	0.01243	0.01624	0.19037	0.05619	0.02262	0.07792	0.24786	0.07570	0.01804	0.01490	0.00700	0.00641	0.00167	0.04771	0.00551	0.00496	0.14523
3	0.12863	0.00637	0.00688	0.00743	0.00882	0.00613	0.00531	0.00974	0.01198	0.01729	0.05722	0.41918	0.26371	0.01530	0.00678	0.00217	0.00344	0.01326	0.00525	0.00512
4	0.01478	0.07632	0.01874	0.44527	0.08312	0.01467	0.01428	0.12956	0.06036	0.06771	0.01262	0.01560	0.00938	0.00620	0.00574	0.00186	0.00710	0.00523	0.00367	0.00780
5	0.01520	0.43479	0.17800	0.04725	0.06474	0.03312	0.01326	0.07676	0.01359	0.01751	0.00963	0.01126	0.00796	0.00538	0.00463	0.00148	0.00693	0.00384	0.00289	0.05179
6	0.03911	0.01443	0.07608	0.05308	0.01784	0.01421	0.01090	0.28755	0.18756	0.13024	0.01742	0.01837	0.01294	0.05005	0.04121	0.00241	0.00646	0.00581	0.00538	0.00896
7	0.00907	0.00941	0.11750	0.00809	0.00941	0.00697	0.00641	0.01016	0.00920	0.01262	0.01735	0.03428	0.01920	0.64933	0.05344	0.00530	0.00654	0.00790	0.00341	0.00440
8	0.01330	0.00814	0.01093	0.11744	0.01538	0.00813	0.00819	0.01719	0.08549	0.18791	0.26798	0.11981	0.07893	0.01077	0.00659	0.00197	0.00435	0.02463	0.00589	0.00697
9	0.01955	0.07472	0.03649	0.06295	0.12781	0.48058	0.01288	0.07067	0.01619	0.01685	0.00981	0.01180	0.00806	0.00603	0.00565	0.00161	0.02347	0.00421	0.00315	0.00751
10	0.01760	0.01576	0.16978	0.01635	0.02185	0.01158	0.24853	0.02194	0.03221	0.28973	0.01784	0.08038	0.01345	0.00715	0.00635	0.00194	0.00725	0.00688	0.00475	0.00867
11	0.14058	0.01525	0.01579	0.01252	0.01690	0.01707	0.01026	0.52839	0.12867	0.03388	0.01475	0.01466	0.01067	0.00700	0.00560	0.00182	0.00596	0.00521	0.00560	0.00942
12	0.01164	0.01158	0.05243	0.09204	0.18951	0.01069	0.18573	0.01434	0.01253	0.01703	0.06133	0.08479	0.08618	0.01001	0.00904	0.12666	0.00667	0.00758	0.00351	0.00669
13	0.01584	0.01766	0.17319	0.09635	0.17675	0.03481	0.08477	0.17473	0.06174	0.05573	0.01386	0.01578	0.02137	0.00706	0.02256	0.00201	0.00763	0.00547	0.00390	0.00878
14	0.01095	0.00657	0.00837	0.00828	0.00909	0.00654	0.00563	0.01176	0.01091	0.12293	0.02413	0.32695	0.02655	0.32883	0.01712	0.00367	0.05052	0.01121	0.00482	0.00518
15	0.00827	0.00616	0.00912	0.00932	0.01027	0.00701	0.00711	0.01022	0.00977	0.01393	0.01830	0.13564	0.01836	0.04056	0.65689	0.00846	0.01402	0.00788	0.00351	0.00521
16	0.31228	0.10561	0.06627	0.01350	0.05632	0.01473	0.10169	0.11351	0.01446	0.13228	0.01201	0.01300	0.00879	0.00585	0.00497	0.00178	0.00619	0.00454	0.00416	0.00807

[dist]
# distance from previous block
# <min> <max>
1	4

[block]
# block no. 4 follows, 39 sequences, length 37
# corresponding to MSA columns:
# 532-568
name=unknown_E
#
# <colnr> <probs for GDERKNQSTAVLIFYWHMCP>
#	G	D	E	R	K	N	Q	S	T	A	V	L	I	F	Y	W	H	M	C	P
0	0.01145	0.01115	0.11161	0.04608	0.11310	0.00845	0.01026	0.01455	0.01416	0.08175	0.26502	0.16473	0.03044	0.01013	0.00639	0.00186	0.00481	0.00896	0.00495	0.08015
1	0.00923	0.00666	0.00831	0.00895	0.00987	0.00660	0.00625	0.10484	0.01351	0.01804	0.03015	0.68548	0.03525	0.01701	0.00733	0.00232	0.00384	0.01529	0.00555	0.00550
2	0.33516	0.01200	0.01203	0.01031	0.01361	0.01346	0.00827	0.23115	0.05337	0.06555	0.01556	0.13927	0.01391	0.00855	0.00594	0.00195	0.04097	0.00647	0.00489	0.00758
3	0.09196	0.02195	0.04782	0.01378	0.01749	0.41180	0.01111	0.15354	0.01754	0.08108	0.01120	0.01223	0.00857	0.00645	0.00598	0.00167	0.04433	0.00429	0.00395	0.03326
4	0.01850	0.39591	0.02343	0.01236	0.01656	0.28016	0.01061	0.08592	0.07449	0.01710	0.01037	0.01134	0.00867	0.00584	0.00470	0.00146	0.00771	0.00387	0.00330	0.00770
5	0.07298	0.01709	0.08162	0.11506	0.02138	0.05511	0.01247	0.46708	0.05003	0.03037	0.01312	0.01408	0.00949	0.00669	0.00572	0.00181	0.00690	0.00507	0.00489	0.00905
6	0.01754	0.19874	0.14767	0.01378	0.04238	0.07917	0.02489	0.17843	0.10265	0.08724	0.01430	0.04315	0.01124	0.00675	0.00542	0.00171	0.00681	0.00521	0.00428	0.00866
7	0.01611	0.01284	0.15768	0.05069	0.01688	0.00913	0.04554	0.02866	0.01398	0.27475	0.10166	0.08763	0.01890	0.01979	0.00877	0.11168	0.00578	0.00706	0.00499	0.00748
8	0.02183	0.09193	0.01803	0.01426	0.01787	0.52967	0.01115	0.15362	0.01838	0.05459	0.01067	0.01167	0.00840	0.00625	0.00534	0.00156	0.00925	0.00413	0.00373	0.00766
9	0.00965	0.00656	0.00810	0.00838	0.00981	0.00623	0.00611	0.01258	0.07910	0.07723	0.12709	0.40007	0.16500	0.01513	0.00714	0.00219	0.00360	0.04443	0.00581	0.00580
10	0.01300	0.02697	0.26312	0.11448	0.06052	0.01199	0.13590	0.01726	0.01283	0.09315	0.01602	0.15490	0.01435	0.00818	0.00666	0.00200	0.02992	0.00739	0.00366	0.00771
11	0.00885	0.04451	0.00998	0.07612	0.01282	0.00736	0.00792	0.01063	0.01189	0.01560	0.02785	0.41422	0.03178	0.05624	0.00884	0.00258	0.02147	0.22118	0.00492	0.00525
12	0.00720	0.00600	0.00629	0.00622	0.00812	0.00508	0.00466	0.00890	0.01399	0.01718	0.16771	0.05493	0.64432	0.01453	0.00699	0.00198	0.00296	0.01220	0.00565	0.00508
13	0.02064	0.02584	0.01689	0.11655	0.02126	0.66810	0.01209	0.02248	0.01610	0.01456	0.00932	0.01134	0.00765	0.00607	0.00541	0.00158	0.01030	0.00400	0.00299	0.00682
14	0.09195	0.05476	0.10225	0.01317	0.05450	0.04180	0.01111	0.17808	0.13799	0.12635	0.01501	0.01511	0.01097	0.00637	0.00536	0.00168	0.00597	0.00492	0.00478	0.11787
15	0.01027	0.00514	0.00770	0.00770	0.00770	0.00514	0.00514	0.00770	0.00770	0.01027	0.01027	0.01798	0.01027	0.02054	0.02311	0.82794	0.00514	0.00514	0.00257	0.00257
16	0.01078	0.00658	0.00868	0.00785	0.00967	0.00599	0.00599	0.01351	0.01676	0.12143	0.65535	0.04098	0.05033	0.01146	0.00684	0.00186	0.00309	0.01006	0.00662	0.00618
17	0.02337	0.01287	0.05332	0.07840	0.01872	0.01189	0.01071	0.21448	0.01914	0.46540	0.01915	0.01779	0.01247	0.00705	0.00592	0.00183	0.00586	0.00564	0.00629	0.00969
18	0.01632	0.02281	0.22698	0.02181	0.20197	0.21470	0.05460	0.01995	0.02413	0.01793	0.01100	0.01398	0.00899	0.00680	0.00784	0.00200	0.11168	0.00497	0.00311	0.00843
19	0.01681	0.01920	0.14341	0.02226	0.24841	0.15756	0.05214	0.01988	0.01427	0.08283	0.04640	0.01625	0.01182	0.00718	0.00801	0.00201	0.11389	0.00547	0.00365	0.00857
20	0.01521	0.01324	0.01451	0.01299	0.01592	0.01553	0.01014	0.02946	0.63831	0.02395	0.02251	0.02180	0.01730	0.00882	0.00812	0.00222	0.10811	0.00671	0.00579	0.00934
21	0.05995	0.02264	0.01856	0.03233	0.01953	0.43923	0.06656	0.12660	0.01713	0.01947	0.01069	0.01304	0.00879	0.00720	0.00768	0.00191	0.11256	0.00472	0.00369	0.00773
22	0.08979	0.01953	0.01729	0.01584	0.05492	0.31221	0.02754	0.11457	0.01560	0.01959	0.01132	0.04232	0.01002	0.00870	0.02022	0.00216	0.20185	0.00523	0.00372	0.00759
23	0.01382	0.01246	0.01969	0.07813	0.47587	0.01265	0.01528	0.01785	0.07250	0.01957	0.01744	0.09055	0.01656	0.00868	0.00665	0.00212	0.00661	0.10096	0.00398	0.00863
24	0.00797	0.00647	0.00687	0.00698	0.00876	0.00551	0.00509	0.00929	0.01394	0.01725	0.11664	0.15347	0.58898	0.01560	0.00737	0.00218	0.00332	0.01305	0.00582	0.00544
25	0.03410	0.01444	0.01922	0.09925	0.05748	0.03723	0.13820	0.13320	0.28119	0.02420	0.01696	0.01823	0.01295	0.00704	0.00626	0.00197	0.00677	0.00609	0.00482	0.08037
26	0.01429	0.01551	0.07852	0.13634	0.10018	0.05264	0.24488	0.05900	0.01370	0.01847	0.01278	0.01892	0.01101	0.11097	0.01101	0.00261	0.08174	0.00635	0.00337	0.00768
27	0.00809	0.00583	0.00737	0.00853	0.00904	0.00536	0.00568	0.00888	0.01181	0.01570	0.03419	0.69301	0.08586	0.05819	0.00897	0.00268	0.00380	0.01621	0.00563	0.00517
28	0.00815	0.00593	0.00749	0.00846	0.00916	0.00541	0.00576	0.00921	0.01266	0.01693	0.12085	0.62198	0.10951	0.01778	0.00773	0.00243	0.00360	0.01578	0.00585	0.00533
29	0.01613	0.50022	0.20030	0.01385	0.05624	0.02049	0.01366	0.08089	0.01405	0.01809	0.01025	0.01197	0.00862	0.00590	0.00486	0.00162	0.00719	0.00401	0.00311	0.00855
30	0.02039	0.16631	0.02126	0.01423	0.01861	0.15627	0.07371	0.31292	0.04763	0.05698	0.01360	0.01534	0.01070	0.03691	0.00675	0.00195	0.00762	0.00522	0.00470	0.00890
31	0.00824	0.00591	0.00764	0.00863	0.00923	0.00543	0.00586	0.00936	0.01278	0.01737	0.16151	0.64698	0.04245	0.01774	0.00775	0.00244	0.00360	0.01582	0.00591	0.00536
32	0.01358	0.08149	0.05043	0.01017	0.01489	0.01053	0.00852	0.08028	0.01401	0.02053	0.01435	0.11635	0.01348	0.00716	0.00529	0.00140	0.00510	0.00571	0.00411	0.52262
33	0.01798	0.10843	0.04532	0.01187	0.01684	0.01489	0.01009	0.33080	0.01964	0.03994	0.02463	0.03225	0.01138	0.00672	0.00551	0.00157	0.00594	0.00501	0.00482	0.28637
34	0.01628	0.45579	0.11048	0.01162	0.01631	0.05253	0.01112	0.11223	0.01439	0.01800	0.01151	0.01550	0.01050	0.11051	0.00820	0.00216	0.00699	0.00461	0.00341	0.00787
35	0.01591	0.01193	0.01304	0.01141	0.01480	0.01267	0.00878	0.05385	0.46451	0.10615	0.02482	0.04669	0.05553	0.05154	0.00760	0.00223	0.00496	0.00720	0.00600	0.08038
36	0.01333	0.01255	0.02150	0.49910	0.03534	0.01407	0.17760	0.05412	0.05103	0.01853	0.01274	0.01726	0.00971	0.00641	0.00643	0.00209	0.00820	0.00597	0.02645	0.00758

[dist]
# distance from previous block
# <min> <max>
0	1

[block]
# block no. 5 follows, 39 sequences, length 10
# corresponding to MSA columns:
# 570-579
name=unknown_F
#
# <colnr> <probs for GDERKNQSTAVLIFYWHMCP>
#	G	D	E	R	K	N	Q	S	T	A	V	L	I	F	Y	W	H	M	C	P
0	0.00735	0.00531	0.00690	0.00810	0.00860	0.00495	0.00551	0.00845	0.01147	0.01512	0.03402	0.66867	0.09249	0.05125	0.00850	0.00253	0.00359	0.04700	0.00541	0.00479
1	0.00797	0.00586	0.00749	0.00762	0.00883	0.00538	0.00561	0.01017	0.01488	0.02039	0.45902	0.22671	0.13668	0.01420	0.00717	0.00205	0.00309	0.04547	0.00609	0.00531
2	0.00729	0.00518	0.00684	0.00813	0.00845	0.00486	0.00538	0.00826	0.01116	0.01488	0.03177	0.74381	0.03807	0.06445	0.00889	0.00260	0.00357	0.01632	0.00538	0.00473
3	0.00864	0.00568	0.00722	0.00798	0.00896	0.00514	0.00554	0.00985	0.01216	0.07194	0.03707	0.59108	0.17264	0.01700	0.00732	0.00228	0.00347	0.01516	0.00563	0.00524
4	0.01930	0.02299	0.01495	0.01379	0.01645	0.57020	0.01029	0.07137	0.01651	0.01621	0.01395	0.15842	0.01377	0.00852	0.00579	0.00171	0.00900	0.00638	0.00371	0.00669
5	0.02499	0.01147	0.01446	0.01121	0.01573	0.01091	0.00922	0.16305	0.06650	0.57443	0.02165	0.01913	0.01399	0.00732	0.00595	0.00183	0.00529	0.00588	0.00697	0.01002
6	0.00852	0.00593	0.00696	0.00670	0.00825	0.00542	0.00503	0.01097	0.01508	0.02140	0.43467	0.04326	0.22781	0.01185	0.00644	0.00180	0.00284	0.01017	0.16150	0.00542
7	0.01203	0.00825	0.01114	0.01010	0.01189	0.00917	0.00800	0.09427	0.01360	0.08822	0.15545	0.02516	0.02152	0.02815	0.41351	0.00597	0.06578	0.00693	0.00446	0.00641
8	0.00774	0.00537	0.00671	0.00756	0.00777	0.00516	0.00476	0.00837	0.01029	0.01371	0.02728	0.50295	0.03241	0.31303	0.01613	0.00367	0.00431	0.01369	0.00476	0.00434
9	0.01704	0.01577	0.01934	0.05518	0.02044	0.13219	0.17128	0.28910	0.01903	0.02426	0.01621	0.16095	0.01483	0.00858	0.00637	0.00191	0.00742	0.00763	0.00456	0.00791

[dist]
# distance from previous block
# <min> <max>
0	9

[block]
# block no. 6 follows, 39 sequences, length 10
# corresponding to MSA columns:
# 589-598
name=unknown_G
#
# <colnr> <probs for GDERKNQSTAVLIFYWHMCP>
#	G	D	E	R	K	N	Q	S	T	A	V	L	I	F	Y	W	H	M	C	P
0	0.26852	0.01175	0.01325	0.01067	0.01501	0.01144	0.00866	0.08074	0.01632	0.47204	0.01899	0.01792	0.01277	0.00747	0.00572	0.00203	0.00539	0.00541	0.00642	0.00948
1	0.01486	0.01374	0.02350	0.09793	0.48303	0.01366	0.12487	0.01819	0.01393	0.02017	0.01323	0.01728	0.01088	0.00622	0.00630	0.00197	0.00740	0.00590	0.09795	0.00898
2	0.01141	0.00600	0.00853	0.00848	0.00860	0.00583	0.00565	0.00858	0.00847	0.01141	0.01138	0.01941	0.01130	0.02102	0.02327	0.81350	0.00551	0.00549	0.00296	0.00321
3	0.01504	0.01430	0.02412	0.03320	0.61986	0.01397	0.08166	0.01817	0.01417	0.02000	0.01608	0.01953	0.06806	0.00674	0.00651	0.00200	0.00732	0.00633	0.00352	0.00942
4	0.01316	0.01112	0.01379	0.01422	0.10576	0.01162	0.04061	0.02117	0.32834	0.02134	0.09812	0.03131	0.10816	0.14075	0.01074	0.00278	0.00538	0.00824	0.00541	0.00797
5	0.01552	0.01215	0.01495	0.01542	0.13986	0.01272	0.01040	0.10578	0.31448	0.08239	0.05451	0.05209	0.01737	0.00780	0.00594	0.00182	0.00516	0.02309	0.00529	0.10326
6	0.00854	0.00597	0.00680	0.00667	0.00716	0.00583	0.00405	0.00894	0.00935	0.01241	0.02292	0.03887	0.10483	0.62731	0.07278	0.00536	0.00600	0.00872	0.00377	0.03371
7	0.01629	0.39580	0.09053	0.01664	0.11524	0.09737	0.09573	0.07635	0.01423	0.01755	0.00981	0.01166	0.00817	0.00540	0.00492	0.00153	0.00751	0.00422	0.00296	0.00809
8	0.01408	0.01345	0.05570	0.01408	0.05517	0.01245	0.08952	0.11016	0.12585	0.02172	0.01390	0.04637	0.01148	0.00657	0.00673	0.00160	0.07532	0.00543	0.00406	0.31635
9	0.07137	0.01591	0.10709	0.02871	0.50272	0.01431	0.03750	0.06694	0.06052	0.02128	0.01192	0.01452	0.00953	0.00561	0.00572	0.00180	0.00696	0.00517	0.00333	0.00910

[dist]
# distance from previous block
# <min> <max>
2	4

[block]
# block no. 7 follows, 39 sequences, length 7
# corresponding to MSA columns:
# 603-609
name=unknown_H
#
# <colnr> <probs for GDERKNQSTAVLIFYWHMCP>
#	G	D	E	R	K	N	Q	S	T	A	V	L	I	F	Y	W	H	M	C	P
0	0.01319	0.04727	0.26278	0.01589	0.09781	0.01156	0.07069	0.01688	0.01265	0.10359	0.05264	0.09944	0.01609	0.10331	0.00966	0.00240	0.04582	0.00698	0.00380	0.00755
1	0.06047	0.01153	0.04235	0.02869	0.07216	0.03785	0.00829	0.06378	0.04101	0.01875	0.01334	0.01993	0.01243	0.21634	0.01164	0.00250	0.00561	0.00533	0.00367	0.32434
2	0.00977	0.00711	0.00790	0.00760	0.00836	0.00746	0.00485	0.01321	0.15165	0.01495	0.07451	0.03589	0.02340	0.58210	0.02371	0.00472	0.00531	0.00839	0.00427	0.00485
3	0.01191	0.01018	0.01493	0.01708	0.18195	0.01166	0.01121	0.07045	0.01219	0.01730	0.01529	0.05626	0.01487	0.05104	0.25509	0.00468	0.16220	0.07139	0.00354	0.00675
4	0.00946	0.00718	0.00911	0.07896	0.01192	0.00768	0.00662	0.05248	0.03047	0.01549	0.04023	0.22531	0.08164	0.28699	0.07794	0.00402	0.03488	0.01019	0.00433	0.00510
5	0.01642	0.05648	0.02064	0.07898	0.34407	0.09097	0.01434	0.15726	0.01605	0.02146	0.01110	0.01367	0.00899	0.00593	0.00628	0.00169	0.04704	0.00486	0.00351	0.08025
6	0.37792	0.03923	0.01343	0.01109	0.01481	0.16560	0.00897	0.19810	0.04129	0.02595	0.01153	0.01407	0.00929	0.00660	0.00485	0.00179	0.00637	0.03739	0.00423	0.00750

[dist]
# distance from previous block
# <min> <max>
2	5

[block]
# block no. 8 follows, 39 sequences, length 44
# corresponding to MSA columns:
# 616-659
name=unknown_I
#
# <colnr> <probs for GDERKNQSTAVLIFYWHMCP>
#	G	D	E	R	K	N	Q	S	T	A	V	L	I	F	Y	W	H	M	C	P
0	0.01399	0.08586	0.02199	0.06669	0.45660	0.01420	0.04337	0.01884	0.09585	0.01902	0.01450	0.02074	0.01276	0.00678	0.00598	0.00186	0.00668	0.08219	0.00350	0.00858
1	0.01043	0.00652	0.00869	0.00795	0.00968	0.00607	0.00607	0.01311	0.01619	0.10614	0.61183	0.03981	0.04792	0.01409	0.06675	0.00246	0.00407	0.00982	0.00634	0.00606
2	0.01195	0.01001	0.01218	0.01035	0.05471	0.00811	0.00753	0.03462	0.01253	0.01891	0.01377	0.07642	0.01307	0.05549	0.00653	0.00145	0.00465	0.03593	0.00378	0.60803
3	0.00975	0.00703	0.00932	0.01017	0.01150	0.00717	0.00834	0.01334	0.09242	0.01789	0.07441	0.15936	0.03252	0.01581	0.00895	0.06742	0.00488	0.43881	0.00535	0.00556
4	0.01008	0.00656	0.00893	0.00986	0.01122	0.00630	0.00807	0.01223	0.01323	0.07519	0.03254	0.26460	0.07151	0.01617	0.00776	0.00252	0.00472	0.42730	0.00561	0.00561
5	0.01559	0.01579	0.01590	0.01623	0.11477	0.21017	0.01138	0.09085	0.08353	0.01830	0.01369	0.01758	0.02073	0.01532	0.16751	0.00350	0.13559	0.02259	0.00364	0.00730
6	0.02051	0.01585	0.01829	0.01566	0.07587	0.01797	0.01203	0.57645	0.02401	0.03258	0.01304	0.01405	0.00968	0.00742	0.00783	0.00189	0.11688	0.00530	0.00521	0.00949
7	0.01628	0.05476	0.04111	0.02703	0.46444	0.07407	0.01534	0.14109	0.01612	0.02185	0.03202	0.01467	0.01048	0.00580	0.00569	0.00169	0.00701	0.00512	0.00354	0.04191
8	0.01567	0.01511	0.02303	0.09002	0.52426	0.06514	0.06184	0.09600	0.01514	0.02058	0.01133	0.01449	0.00918	0.00556	0.00590	0.00177	0.00747	0.00528	0.00324	0.00897
9	0.01086	0.00825	0.01334	0.01178	0.01355	0.00925	0.08663	0.01322	0.01053	0.07296	0.01530	0.02130	0.01353	0.03421	0.56092	0.00748	0.08113	0.00627	0.00342	0.00605
10	0.07678	0.01236	0.09271	0.01001	0.01475	0.00928	0.00905	0.06011	0.01335	0.02051	0.01630	0.02245	0.05382	0.00707	0.00524	0.00144	0.00508	0.10557	0.00395	0.46018
11	0.01023	0.00635	0.00840	0.00801	0.00956	0.00581	0.00600	0.01264	0.01570	0.10509	0.52260	0.17889	0.04763	0.01282	0.00699	0.00197	0.00322	0.02575	0.00639	0.00594
12	0.02225	0.01096	0.01471	0.01150	0.01571	0.01040	0.04935	0.10802	0.08839	0.48398	0.10062	0.02200	0.01858	0.00775	0.00612	0.00185	0.00520	0.00652	0.00670	0.00939
13	0.01481	0.01340	0.01741	0.07475	0.01882	0.06221	0.07266	0.17614	0.01532	0.02057	0.01502	0.03954	0.01421	0.00990	0.01093	0.00226	0.26438	0.14645	0.00402	0.00719
14	0.05589	0.00796	0.00866	0.00928	0.05548	0.03767	0.00586	0.01186	0.04937	0.01553	0.08157	0.03795	0.12508	0.41690	0.01868	0.00392	0.00526	0.04386	0.00424	0.00499
15	0.01153	0.03173	0.01140	0.01022	0.01247	0.03854	0.00792	0.01940	0.30917	0.01843	0.02423	0.02660	0.10636	0.05070	0.28884	0.00487	0.00890	0.00713	0.00460	0.00696
16	0.07911	0.54393	0.04812	0.00993	0.01435	0.06124	0.00950	0.01686	0.01267	0.01613	0.08032	0.01585	0.05884	0.00644	0.00442	0.00144	0.00597	0.00452	0.00320	0.00714
17	0.01446	0.01159	0.01592	0.03473	0.05817	0.01063	0.08068	0.09890	0.01460	0.07908	0.04282	0.05383	0.01275	0.00641	0.00611	0.00145	0.04597	0.00544	0.00415	0.40231
18	0.01303	0.01497	0.13012	0.04119	0.01745	0.05063	0.05143	0.02154	0.29750	0.01950	0.01829	0.02148	0.03328	0.09364	0.03694	0.00258	0.04534	0.01457	0.00427	0.07226
19	0.00721	0.00515	0.00686	0.00823	0.00858	0.00480	0.00549	0.00823	0.01132	0.01510	0.03259	0.78831	0.03911	0.01853	0.00755	0.00240	0.00343	0.01681	0.00549	0.00480
20	0.01394	0.01401	0.02462	0.08590	0.45295	0.03496	0.18439	0.01772	0.01381	0.01913	0.06948	0.01724	0.01277	0.00581	0.00620	0.00183	0.00755	0.00605	0.00321	0.00846
21	0.02434	0.00953	0.01297	0.01023	0.01435	0.00827	0.00832	0.02655	0.01648	0.67352	0.05115	0.08141	0.01809	0.00838	0.00611	0.00188	0.00482	0.00698	0.00715	0.00948
22	0.01375	0.05760	0.02568	0.09129	0.32853	0.02563	0.24631	0.01757	0.01347	0.01829	0.01333	0.02044	0.01166	0.00643	0.00635	0.00192	0.00789	0.08257	0.00317	0.00812
23	0.03183	0.00620	0.00793	0.00745	0.00891	0.00580	0.00560	0.01134	0.01655	0.02379	0.73102	0.04319	0.05440	0.01190	0.00688	0.00186	0.00284	0.01048	0.00643	0.00560
24	0.61434	0.01035	0.00904	0.00823	0.01150	0.01152	0.00671	0.01719	0.01133	0.09115	0.05146	0.06476	0.01352	0.00750	0.00457	0.00192	0.00451	0.04951	0.00437	0.00653
25	0.10135	0.01257	0.02317	0.22828	0.09266	0.01304	0.31172	0.01649	0.01257	0.01834	0.01300	0.08403	0.01122	0.00675	0.00644	0.01239	0.00781	0.00678	0.01423	0.00716
26	0.00803	0.00536	0.00659	0.00741	0.00776	0.00516	0.00478	0.00894	0.01063	0.01477	0.02700	0.48215	0.03128	0.24762	0.01389	0.00328	0.00404	0.01314	0.09365	0.00452
27	0.01596	0.01445	0.05253	0.01824	0.02365	0.01292	0.39369	0.09679	0.01559	0.12620	0.01661	0.01836	0.05644	0.00612	0.00636	0.00181	0.00774	0.00649	0.00412	0.10592
28	0.00772	0.00579	0.00814	0.09167	0.01219	0.00578	0.00682	0.00913	0.01146	0.01519	0.03016	0.67839	0.03555	0.01708	0.00739	0.00237	0.00399	0.04100	0.00518	0.00502
29	0.01749	0.01368	0.01538	0.09524	0.01883	0.01541	0.01059	0.37082	0.24341	0.02926	0.06322	0.01954	0.01554	0.03615	0.00689	0.00202	0.00584	0.00619	0.00554	0.00895
30	0.25799	0.03747	0.01508	0.09520	0.01682	0.04482	0.01087	0.01551	0.01008	0.01797	0.00878	0.01270	0.00780	0.01022	0.05916	0.00264	0.36295	0.00455	0.00296	0.00644
31	0.07555	0.23807	0.02230	0.01446	0.01845	0.42029	0.09665	0.02099	0.01465	0.01568	0.00916	0.01089	0.00769	0.00563	0.00499	0.00153	0.00896	0.00396	0.00294	0.00716
32	0.01129	0.00955	0.00991	0.00994	0.01137	0.08993	0.00736	0.04918	0.05931	0.04676	0.02956	0.42117	0.10699	0.01449	0.00778	0.00221	0.05332	0.04876	0.00517	0.00594
33	0.02037	0.01469	0.01571	0.01228	0.01635	0.01616	0.00999	0.61185	0.02493	0.03400	0.01503	0.01658	0.01133	0.05628	0.00724	0.00198	0.00605	0.00555	0.09445	0.00916
34	0.00754	0.00529	0.00676	0.00781	0.00807	0.00503	0.00503	0.00832	0.01067	0.01423	0.02924	0.60844	0.03489	0.20416	0.01296	0.00320	0.00398	0.01484	0.00503	0.00451
35	0.00817	0.00606	0.00805	0.00787	0.00918	0.00594	0.00593	0.01053	0.01416	0.01973	0.43967	0.08672	0.11951	0.02124	0.20609	0.00391	0.00626	0.01013	0.00546	0.00539
36	0.00780	0.00647	0.00702	0.00659	0.00880	0.00540	0.00497	0.00963	0.01386	0.01765	0.17304	0.06490	0.53779	0.01341	0.00672	0.00186	0.00312	0.01129	0.00545	0.09423
37	0.00749	0.00534	0.00694	0.00806	0.00850	0.00503	0.00544	0.00855	0.01136	0.01510	0.05213	0.62623	0.06342	0.10188	0.00998	0.00275	0.00374	0.04802	0.00531	0.00473
38	0.00964	0.00697	0.00881	0.00874	0.01015	0.00684	0.00659	0.08876	0.01583	0.02172	0.36002	0.28608	0.04306	0.01411	0.00718	0.00212	0.00369	0.08790	0.00600	0.00580
39	0.01241	0.01073	0.01300	0.01049	0.06047	0.00827	0.00771	0.01509	0.01234	0.01927	0.01055	0.01241	0.00880	0.00444	0.00447	0.00093	0.00455	0.00361	0.00347	0.77699
40	0.01378	0.01366	0.02539	0.18701	0.07457	0.01386	0.35913	0.09479	0.01472	0.01999	0.03265	0.01662	0.01048	0.00766	0.04625	0.00228	0.00878	0.00621	0.00336	0.04880
41	0.09933	0.02601	0.01599	0.01337	0.02721	0.09104	0.03343	0.19902	0.20294	0.06296	0.01501	0.01619	0.01161	0.02941	0.00845	0.00205	0.12749	0.00543	0.00473	0.00834
42	0.10016	0.01007	0.01008	0.00967	0.01149	0.08605	0.00720	0.04230	0.04592	0.01868	0.09212	0.33042	0.03899	0.03275	0.00778	0.00212	0.05352	0.02026	0.00478	0.07565
43	0.03740	0.01500	0.03915	0.02816	0.50079	0.03866	0.01562	0.13058	0.06665	0.02250	0.01233	0.01469	0.00988	0.00575	0.00574	0.00174	0.00678	0.00519	0.00364	0.03974

[dist]
# distance from previous block
# <min> <max>
0	1

[block]
# block no. 9 follows, 39 sequences, length 10
# corresponding to MSA columns:
# 661-670
name=unknown_J
#
# <colnr> <probs for GDERKNQSTAVLIFYWHMCP>
#	G	D	E	R	K	N	Q	S	T	A	V	L	I	F	Y	W	H	M	C	P
0	0.09661	0.01527	0.13212	0.12183	0.02150	0.01478	0.07842	0.08441	0.04210	0.05524	0.01217	0.04988	0.01012	0.00786	0.00969	0.00212	0.22918	0.00568	0.00353	0.00751
1	0.01552	0.11762	0.02052	0.16609	0.05805	0.01587	0.08693	0.13884	0.11752	0.05163	0.01314	0.01518	0.01014	0.00661	0.00712	0.00184	0.09064	0.00528	0.00393	0.05754
2	0.00736	0.00521	0.00682	0.00803	0.00834	0.00491	0.00528	0.00828	0.01102	0.01469	0.03102	0.70401	0.03713	0.10553	0.01008	0.00278	0.00369	0.01589	0.00528	0.00467
3	0.09595	0.01757	0.23975	0.01576	0.04608	0.01215	0.16681	0.05700	0.01348	0.05451	0.01392	0.10067	0.01197	0.00690	0.00579	0.00180	0.00702	0.00624	0.00362	0.12299
4	0.01459	0.24297	0.13295	0.01313	0.01825	0.01517	0.10754	0.08970	0.03662	0.04980	0.01386	0.10007	0.01233	0.00694	0.00537	0.00162	0.00649	0.00588	0.00370	0.12300
5	0.12448	0.00720	0.00839	0.00860	0.01028	0.00728	0.00677	0.01271	0.05342	0.02069	0.26095	0.16691	0.09230	0.01326	0.00684	0.00217	0.00391	0.18258	0.00558	0.00570
6	0.01193	0.02559	0.58117	0.01553	0.02230	0.01352	0.01882	0.01760	0.01200	0.01843	0.01109	0.01351	0.00830	0.00641	0.00740	0.00192	0.11649	0.00460	0.08530	0.00810
7	0.01412	0.13769	0.11939	0.05948	0.09351	0.12172	0.15546	0.01757	0.01328	0.01746	0.01322	0.07281	0.01149	0.00661	0.00554	0.00172	0.00743	0.00586	0.11830	0.00733
8	0.05175	0.01478	0.01663	0.21000	0.11835	0.17286	0.01245	0.04082	0.01516	0.26764	0.01463	0.01572	0.01030	0.00636	0.00570	0.00179	0.00724	0.00510	0.00447	0.00826
9	0.00765	0.00569	0.00720	0.00802	0.00901	0.00524	0.00587	0.00927	0.01287	0.01686	0.13914	0.42533	0.19284	0.01656	0.00744	0.00229	0.00354	0.11451	0.00563	0.00504

[dist]
# distance from previous block
# <min> <max>
0	2

[block]
# block no. 10 follows, 39 sequences, length 15
# corresponding to MSA columns:
# 673-687
name=unknown_K
#
# <colnr> <probs for GDERKNQSTAVLIFYWHMCP>
#	G	D	E	R	K	N	Q	S	T	A	V	L	I	F	Y	W	H	M	C	P
0	0.01715	0.04990	0.03975	0.13741	0.02162	0.08002	0.08174	0.10187	0.10142	0.14681	0.01463	0.01564	0.01069	0.00614	0.00561	0.00166	0.00666	0.00516	0.00441	0.15169
1	0.08365	0.01030	0.01056	0.00962	0.01206	0.06662	0.00738	0.01949	0.21916	0.07919	0.33436	0.07060	0.03333	0.00991	0.00625	0.00190	0.00427	0.00838	0.00587	0.00710
2	0.01033	0.00873	0.07294	0.00856	0.01022	0.00721	0.00667	0.01320	0.07452	0.06537	0.16262	0.14970	0.02887	0.33627	0.01641	0.00357	0.00493	0.00956	0.00480	0.00552
3	0.01231	0.01322	0.09399	0.28143	0.23533	0.01275	0.01527	0.04753	0.01322	0.01827	0.06908	0.08126	0.01461	0.00756	0.00697	0.00196	0.05780	0.00654	0.00338	0.00752
4	0.16008	0.01282	0.08190	0.07024	0.01886	0.01121	0.09529	0.05462	0.01451	0.34198	0.01602	0.01641	0.01091	0.00733	0.00677	0.05622	0.00615	0.00532	0.00502	0.00831
5	0.00828	0.00624	0.00783	0.00834	0.00982	0.00579	0.00671	0.01050	0.01412	0.01838	0.21130	0.11835	0.26061	0.01509	0.00747	0.00227	0.00389	0.27399	0.00572	0.00528
6	0.07940	0.00660	0.00793	0.00861	0.01011	0.00641	0.00689	0.01088	0.01307	0.01805	0.10034	0.20849	0.20272	0.01516	0.00727	0.00233	0.00414	0.28089	0.00541	0.00530
7	0.07671	0.10368	0.20472	0.10728	0.14122	0.01512	0.13013	0.08220	0.01413	0.05395	0.01135	0.01371	0.00855	0.00563	0.00560	0.00180	0.00762	0.00497	0.00327	0.00834
8	0.01490	0.01445	0.08612	0.08815	0.37628	0.01332	0.04514	0.07378	0.07705	0.06912	0.01483	0.07401	0.01245	0.00685	0.00604	0.00187	0.00673	0.00630	0.00384	0.00877
9	0.08194	0.00749	0.00915	0.00933	0.01098	0.00749	0.00717	0.07409	0.01397	0.08106	0.08225	0.38571	0.03198	0.01455	0.00702	0.00228	0.00429	0.15762	0.00559	0.00602
10	0.05248	0.02385	0.37442	0.06695	0.07891	0.13776	0.01681	0.08144	0.01479	0.08136	0.01166	0.01322	0.00845	0.00595	0.00557	0.00180	0.00818	0.00457	0.00337	0.00845
11	0.01566	0.01211	0.01546	0.07971	0.05097	0.07395	0.07460	0.11491	0.07202	0.12562	0.08289	0.06720	0.02120	0.00968	0.00662	0.00205	0.00626	0.15635	0.00514	0.00761
12	0.08658	0.01343	0.01306	0.01114	0.01452	0.07826	0.00880	0.22301	0.22872	0.05204	0.09484	0.02386	0.09314	0.02441	0.00641	0.00194	0.00537	0.00676	0.00552	0.00817
13	0.01541	0.01328	0.01813	0.08571	0.26005	0.01368	0.01286	0.17404	0.07859	0.02308	0.01255	0.01463	0.00992	0.00598	0.00615	0.00163	0.04149	0.00498	0.00394	0.20392
14	0.01170	0.00790	0.00939	0.00797	0.01018	0.00717	0.00567	0.04477	0.01208	0.08250	0.08929	0.02921	0.03347	0.35536	0.05435	0.00369	0.00552	0.00706	0.00430	0.21842

[dist]
# distance from previous block
# <min> <max>
0	4

[block]
# block no. 11 follows, 39 sequences, length 10
# corresponding to MSA columns:
# 692-701
name=unknown_L
#
# <colnr> <probs for GDERKNQSTAVLIFYWHMCP>
#	G	D	E	R	K	N	Q	S	T	A	V	L	I	F	Y	W	H	M	C	P
0	0.00849	0.00635	0.00798	0.00843	0.00948	0.00624	0.00598	0.01197	0.10076	0.01909	0.26914	0.45103	0.04210	0.01515	0.00718	0.00218	0.00337	0.01358	0.00589	0.00560
1	0.01437	0.01126	0.01210	0.01070	0.01396	0.04059	0.00851	0.07153	0.30709	0.08324	0.04076	0.04504	0.10665	0.00953	0.00621	0.00191	0.00486	0.09565	0.00555	0.11048
2	0.00886	0.00658	0.00861	0.00922	0.00999	0.00699	0.00705	0.01052	0.01182	0.01644	0.02966	0.39118	0.08422	0.01538	0.00871	0.00234	0.10091	0.16319	0.10308	0.00525
3	0.11489	0.01063	0.01182	0.00864	0.01369	0.00856	0.00693	0.01520	0.01199	0.02018	0.01023	0.01193	0.00847	0.00452	0.00429	0.00100	0.00440	0.00347	0.00352	0.72566
4	0.01438	0.01141	0.01852	0.37119	0.08207	0.01266	0.09715	0.01956	0.10440	0.13025	0.01534	0.05329	0.01188	0.00693	0.00643	0.00198	0.02460	0.00628	0.00396	0.00773
5	0.00813	0.00671	0.00713	0.00705	0.00891	0.00623	0.00520	0.01144	0.10071	0.01737	0.11019	0.11123	0.50761	0.05553	0.00815	0.00222	0.00336	0.01179	0.00554	0.00547
6	0.01449	0.01415	0.02289	0.09732	0.62751	0.03886	0.01748	0.01784	0.01318	0.01851	0.01081	0.01450	0.00909	0.00565	0.00663	0.00182	0.05229	0.00521	0.00289	0.00888
7	0.00794	0.00583	0.00746	0.00763	0.00882	0.00536	0.00561	0.01009	0.01474	0.02016	0.43928	0.24604	0.13738	0.01437	0.00719	0.00206	0.00311	0.04558	0.00606	0.00529
8	0.11416	0.14663	0.01974	0.01833	0.21103	0.09311	0.03261	0.05027	0.19718	0.04056	0.01380	0.01479	0.01087	0.00615	0.00527	0.00173	0.00641	0.00494	0.00397	0.00846
9	0.01604	0.01185	0.01285	0.01091	0.01404	0.01292	0.00865	0.33800	0.15659	0.02796	0.04931	0.09819	0.05125	0.03521	0.00684	0.00201	0.00506	0.03050	0.10371	0.00811

[dist]
# distance from previous block
# <min> <max>
9	24

[block]
# block no. 12 follows, 39 sequences, length 12
# corresponding to MSA columns:
# 740-751
name=unknown_M
#
# <colnr> <probs for GDERKNQSTAVLIFYWHMCP>
#	G	D	E	R	K	N	Q	S	T	A	V	L	I	F	Y	W	H	M	C	P
0	0.00798	0.00547	0.00663	0.00724	0.00739	0.00532	0.00443	0.00844	0.00981	0.01308	0.02483	0.37133	0.02932	0.44888	0.02009	0.00425	0.00471	0.01224	0.00443	0.00412
1	0.01247	0.00889	0.00999	0.00886	0.01068	0.00927	0.00638	0.17449	0.06241	0.04021	0.04558	0.06963	0.08378	0.34713	0.06405	0.00400	0.00597	0.00824	0.00470	0.02327
2	0.03694	0.01318	0.15625	0.01184	0.01480	0.05559	0.05524	0.02863	0.01123	0.01582	0.01540	0.07542	0.01468	0.11084	0.35102	0.00575	0.01123	0.00672	0.00331	0.00613
3	0.17127	0.48021	0.02424	0.01209	0.06407	0.09008	0.01014	0.05862	0.01307	0.01802	0.00884	0.01023	0.00762	0.00537	0.00417	0.00146	0.00646	0.00349	0.00301	0.00755
4	0.01350	0.00788	0.01003	0.00896	0.01165	0.00681	0.00673	0.01574	0.03435	0.20538	0.05093	0.35058	0.04436	0.01186	0.00635	0.00187	0.00405	0.01042	0.00555	0.19299
5	0.02077	0.10322	0.07118	0.01474	0.01850	0.59155	0.01203	0.06995	0.01672	0.01623	0.00949	0.01091	0.00777	0.00603	0.00524	0.00154	0.00982	0.00389	0.00315	0.00727
6	0.00732	0.00520	0.00683	0.00809	0.00840	0.00488	0.00533	0.00826	0.01109	0.01479	0.03143	0.72568	0.03764	0.08316	0.00943	0.00268	0.00362	0.01613	0.00533	0.00470
7	0.01102	0.00551	0.00551	0.00551	0.00689	0.00551	0.00413	0.01378	0.01240	0.02205	0.01929	0.02205	0.01516	0.00689	0.00413	0.00138	0.00276	0.00551	0.82500	0.00551
8	0.76033	0.01149	0.00975	0.04751	0.04229	0.01329	0.00737	0.01730	0.01029	0.02568	0.00846	0.01011	0.00660	0.00550	0.00386	0.00183	0.00484	0.00339	0.00358	0.00653
9	0.00744	0.00541	0.00708	0.00832	0.00893	0.00504	0.00585	0.00870	0.01178	0.01547	0.03499	0.64020	0.10480	0.01795	0.00757	0.00240	0.00361	0.09407	0.00548	0.00489
10	0.01564	0.01172	0.01298	0.01128	0.01428	0.01323	0.00885	0.13843	0.39515	0.07680	0.02050	0.02137	0.01586	0.05796	0.05546	0.00262	0.03900	0.00635	0.07404	0.00847
11	0.01543	0.12135	0.27829	0.01566	0.07162	0.01450	0.06578	0.12616	0.01518	0.07423	0.01187	0.01326	0.00884	0.00562	0.00536	0.00162	0.00709	0.00458	0.00359	0.13998

[dist]
# distance from previous block
# <min> <max>
0	1

[block]
# block no. 13 follows, 39 sequences, length 11
# corresponding to MSA columns:
# 753-763
name=unknown_N
#
# <colnr> <probs for GDERKNQSTAVLIFYWHMCP>
#	G	D	E	R	K	N	Q	S	T	A	V	L	I	F	Y	W	H	M	C	P
0	0.05108	0.43523	0.20208	0.01372	0.01956	0.07042	0.09909	0.01848	0.01260	0.01624	0.00930	0.01105	0.00768	0.00527	0.00470	0.00154	0.00755	0.00395	0.00266	0.00781
1	0.06741	0.01402	0.14206	0.01240	0.04832	0.01004	0.05520	0.03739	0.02606	0.02033	0.06377	0.04495	0.02697	0.00654	0.00532	0.00147	0.00554	0.03113	0.00378	0.37729
