[name]
unknown

[dist]
# distance from previous block
# <min> <max>
1	143

[block]
# block no. 0 follows, 41 sequences, length 91
# corresponding to MSA columns:
# 147-237
name=unknown_A
#
# <colnr> <probs for GDERKNQSTAVLIFYWHMCP>
#	G	D	E	R	K	N	Q	S	T	A	V	L	I	F	Y	W	H	M	C	P
0	0.01960	0.01496	0.01596	0.01273	0.01692	0.01674	0.01035	0.54078	0.23383	0.03259	0.01645	0.01590	0.01193	0.00712	0.00575	0.00178	0.00579	0.00553	0.00575	0.00954
1	0.01295	0.01031	0.01210	0.00871	0.01374	0.00797	0.00699	0.03667	0.01256	0.06234	0.01099	0.01235	0.00884	0.00448	0.00437	0.00093	0.00433	0.00358	0.00367	0.76212
2	0.01147	0.02959	0.76934	0.01630	0.02476	0.01328	0.02113	0.01811	0.01208	0.01811	0.01026	0.01208	0.00725	0.00543	0.00543	0.00181	0.00845	0.00423	0.00242	0.00845
3	0.04444	0.02885	0.73904	0.01595	0.02421	0.01327	0.02054	0.01806	0.01198	0.01841	0.01017	0.01197	0.00720	0.00543	0.00536	0.00181	0.00829	0.00418	0.00246	0.00836
4	0.01416	0.01359	0.02322	0.03511	0.76330	0.01359	0.01755	0.01755	0.01302	0.01869	0.01076	0.01416	0.00906	0.00510	0.00566	0.00170	0.00680	0.00510	0.00283	0.00906
5	0.00708	0.00622	0.00606	0.00608	0.00796	0.02131	0.00453	0.00851	0.01301	0.01538	0.05570	0.08769	0.71204	0.01446	0.00675	0.00194	0.00307	0.01208	0.00526	0.00486
6	0.01244	0.01183	0.02011	0.41985	0.39201	0.01314	0.01670	0.01605	0.01221	0.01660	0.01046	0.01472	0.00832	0.00542	0.00569	0.00181	0.00722	0.00509	0.00268	0.00767
7	0.01178	0.01297	0.02661	0.01943	0.02423	0.01200	0.55392	0.01574	0.01338	0.01759	0.02342	0.02555	0.20089	0.00729	0.00675	0.00193	0.00792	0.00811	0.00351	0.00698
8	0.00707	0.00505	0.00675	0.00808	0.00846	0.00473	0.00549	0.00814	0.01105	0.01472	0.03147	0.76208	0.03761	0.01782	0.00733	0.00234	0.00341	0.04842	0.00531	0.00467
9	0.01147	0.02959	0.76934	0.01630	0.02476	0.01328	0.02113	0.01811	0.01208	0.01811	0.01026	0.01208	0.00725	0.00543	0.00543	0.00181	0.00845	0.00423	0.00242	0.00845
10	0.01416	0.01359	0.02322	0.03511	0.76330	0.01359	0.01755	0.01755	0.01302	0.01869	0.01076	0.01416	0.00906	0.00510	0.00566	0.00170	0.00680	0.00510	0.00283	0.00906
11	0.01388	0.01663	0.14366	0.06980	0.57229	0.04810	0.01775	0.01773	0.01293	0.01817	0.01056	0.01370	0.00862	0.00522	0.00561	0.00172	0.00727	0.00489	0.00275	0.00871
12	0.00810	0.00585	0.00765	0.00720	0.00855	0.00540	0.00540	0.01079	0.01619	0.02294	0.76028	0.04273	0.05397	0.01169	0.00675	0.00180	0.00270	0.01034	0.00630	0.00540
13	0.02137	0.02726	0.01621	0.01474	0.01768	0.77602	0.01105	0.02284	0.01621	0.01400	0.00884	0.01031	0.00737	0.00589	0.00516	0.00147	0.01031	0.00368	0.00295	0.00663
14	0.01206	0.14799	0.65607	0.01530	0.02321	0.01472	0.01940	0.01796	0.01201	0.01740	0.00991	0.01163	0.00726	0.00535	0.00516	0.00172	0.00810	0.00405	0.00242	0.00828
15	0.00697	0.00498	0.00664	0.00796	0.00830	0.00465	0.00531	0.00796	0.01095	0.01460	0.03153	0.79525	0.03783	0.01792	0.00730	0.00232	0.00332	0.01626	0.00531	0.00465
16	0.00769	0.00583	0.00709	0.00677	0.00830	0.00523	0.00508	0.01002	0.01524	0.02069	0.54895	0.04643	0.26670	0.01253	0.00675	0.00184	0.00276	0.01086	0.00600	0.00523
17	0.01220	0.02856	0.73037	0.01599	0.02423	0.01303	0.02048	0.01862	0.01230	0.05674	0.01090	0.01246	0.00760	0.00552	0.00545	0.00181	0.00827	0.00431	0.00266	0.00852
18	0.01166	0.06813	0.73247	0.01598	0.02425	0.01375	0.02057	0.01807	0.01205	0.01788	0.01015	0.01193	0.00725	0.00541	0.00535	0.00178	0.00834	0.00417	0.00242	0.00840
19	0.02174	0.01602	0.01717	0.01316	0.01774	0.01774	0.01087	0.74423	0.02689	0.03605	0.01373	0.01373	0.00973	0.00687	0.00572	0.00172	0.00629	0.00515	0.00572	0.00973
20	0.01110	0.00576	0.00580	0.00564	0.00710	0.00583	0.00427	0.04243	0.01259	0.02191	0.01846	0.02102	0.01446	0.00667	0.00407	0.00135	0.00281	0.00532	0.79788	0.00551
21	0.00719	0.00588	0.00642	0.00667	0.00841	0.00511	0.00518	0.00883	0.01305	0.01588	0.07290	0.09306	0.59207	0.01478	0.00696	0.00206	0.00328	0.12204	0.00533	0.00490
22	0.02566	0.00973	0.01327	0.01018	0.01460	0.00841	0.00841	0.02788	0.01637	0.76726	0.02257	0.01947	0.01416	0.00708	0.00575	0.00177	0.00487	0.00575	0.00708	0.00973
23	0.01892	0.02291	0.01914	0.01616	0.01919	0.52148	0.12395	0.04947	0.01516	0.01551	0.00927	0.01155	0.00768	0.00635	0.00735	0.00170	0.11997	0.00440	0.00299	0.00687
24	0.04048	0.01560	0.01677	0.01288	0.01743	0.01716	0.01064	0.69201	0.02598	0.07228	0.01404	0.01392	0.00987	0.00684	0.00567	0.00172	0.00618	0.00513	0.00574	0.00965
25	0.01072	0.00689	0.00886	0.10419	0.01266	0.00720	0.04407	0.01425	0.04972	0.01993	0.02027	0.02418	0.05751	0.00737	0.00478	0.00156	0.00387	0.03865	0.55757	0.00574
26	0.83938	0.01106	0.00841	0.00752	0.01106	0.01283	0.00619	0.01681	0.00973	0.02566	0.00796	0.00929	0.00619	0.00531	0.00354	0.00177	0.00442	0.00310	0.00354	0.00619
27	0.01722	0.63975	0.02674	0.01002	0.01483	0.02019	0.00963	0.05627	0.01314	0.13076	0.01050	0.01100	0.00851	0.00533	0.00410	0.00133	0.00593	0.00358	0.00333	0.00783
28	0.00711	0.00504	0.00660	0.00779	0.00808	0.00474	0.00512	0.00800	0.01068	0.01424	0.03013	0.71713	0.03607	0.09844	0.00955	0.00266	0.00355	0.01544	0.00512	0.00452
29	0.01397	0.01411	0.02622	0.03197	0.55428	0.01384	0.22417	0.01777	0.01316	0.01858	0.01099	0.01452	0.00895	0.00502	0.00597	0.00176	0.00761	0.00557	0.00285	0.00868
30	0.00737	0.00554	0.00796	0.00862	0.00930	0.00516	0.03878	0.00870	0.01157	0.01557	0.10022	0.68798	0.03805	0.01673	0.00722	0.00226	0.00355	0.01526	0.00529	0.00486
31	0.02605	0.01057	0.01396	0.01082	0.01528	0.00931	0.00884	0.06396	0.01731	0.72249	0.02273	0.02013	0.01458	0.00755	0.00607	0.00190	0.00519	0.00595	0.00722	0.01008
32	0.00777	0.00556	0.00721	0.00849	0.00889	0.00512	0.00565	0.00856	0.01143	0.01532	0.03202	0.78691	0.03819	0.01827	0.00760	0.00245	0.00359	0.01636	0.00554	0.00505
33	0.01222	0.02988	0.76078	0.01673	0.02515	0.01366	0.02129	0.01858	0.01254	0.01879	0.01102	0.01312	0.00797	0.00594	0.00575	0.00195	0.00867	0.00447	0.00268	0.00882
34	0.01488	0.01407	0.02359	0.03531	0.75485	0.01396	0.01775	0.01803	0.01348	0.01935	0.01150	0.01517	0.00977	0.00560	0.00598	0.00184	0.00703	0.00533	0.00309	0.00942
35	0.02624	0.01026	0.01377	0.01067	0.01512	0.00884	0.00871	0.02823	0.01678	0.75896	0.02317	0.02042	0.01480	0.00756	0.00607	0.00191	0.00512	0.00598	0.00729	0.01008
36	0.01488	0.01407	0.02359	0.03531	0.75485	0.01396	0.01775	0.01803	0.01348	0.01935	0.01150	0.01517	0.00977	0.00560	0.00598	0.00184	0.00703	0.00533	0.00309	0.00942
37	0.01455	0.49369	0.29598	0.01278	0.01883	0.01939	0.01424	0.01787	0.01218	0.01587	0.00955	0.01139	0.00804	0.00574	0.00506	0.00161	0.02866	0.00379	0.00270	0.00809
38	0.02624	0.01026	0.01377	0.01067	0.01512	0.00884	0.00871	0.02823	0.01678	0.75896	0.02317	0.02042	0.01480	0.00756	0.00607	0.00191	0.00512	0.00598	0.00729	0.01008
39	0.83022	0.01157	0.00896	0.00805	0.01162	0.01321	0.00653	0.01730	0.01023	0.02624	0.00874	0.01037	0.00693	0.00581	0.00388	0.00191	0.00469	0.00336	0.00379	0.00658
40	0.01156	0.01069	0.01760	0.77645	0.03962	0.01309	0.01610	0.01513	0.01191	0.01533	0.01092	0.01625	0.00835	0.00622	0.00604	0.00204	0.00785	0.00532	0.00281	0.00674
41	0.01488	0.01407	0.02359	0.03531	0.75485	0.01396	0.01775	0.01803	0.01348	0.01935	0.01150	0.01517	0.00977	0.00560	0.00598	0.00184	0.00703	0.00533	0.00309	0.00942
42	0.01222	0.02988	0.76078	0.01673	0.02515	0.01366	0.02129	0.01858	0.01254	0.01879	0.01102	0.01312	0.00797	0.00594	0.00575	0.00195	0.00867	0.00447	0.00268	0.00882
43	0.01156	0.01069	0.01760	0.77645	0.03962	0.01309	0.01610	0.01513	0.01191	0.01533	0.01092	0.01625	0.00835	0.00622	0.00604	0.00204	0.00785	0.00532	0.00281	0.00674
44	0.01343	0.00769	0.00976	0.00861	0.01090	0.00702	0.00661	0.01640	0.05388	0.20527	0.49923	0.03724	0.07778	0.01093	0.00676	0.00194	0.00361	0.00929	0.00663	0.00701
45	0.00777	0.00556	0.00721	0.00849	0.00889	0.00512	0.00565	0.00856	0.01143	0.01532	0.03202	0.78691	0.03819	0.01827	0.00760	0.00245	0.00359	0.01636	0.00554	0.00505
46	0.00881	0.00642	0.00810	0.00765	0.00909	0.00583	0.00568	0.01120	0.01642	0.02312	0.71153	0.04411	0.09493	0.01228	0.00705	0.00194	0.00299	0.01062	0.00646	0.00576
47	0.01156	0.01069	0.01760	0.77645	0.03962	0.01309	0.01610	0.01513	0.01191	0.01533	0.01092	0.01625	0.00835	0.00622	0.00604	0.00204	0.00785	0.00532	0.00281	0.00674
48	0.01388	0.01526	0.03194	0.02324	0.02849	0.01453	0.66354	0.01809	0.01359	0.01859	0.01301	0.05168	0.01065	0.00619	0.00769	0.00211	0.04908	0.00731	0.00324	0.00787
49	0.01156	0.01069	0.01760	0.77645	0.03962	0.01309	0.01610	0.01513	0.01191	0.01533	0.01092	0.01625	0.00835	0.00622	0.00604	0.00204	0.00785	0.00532	0.00281	0.00674
50	0.01222	0.02988	0.76078	0.01673	0.02515	0.01366	0.02129	0.01858	0.01254	0.01879	0.01102	0.01312	0.00797	0.00594	0.00575	0.00195	0.00867	0.00447	0.00268	0.00882
51	0.01496	0.01547	0.03228	0.02419	0.06656	0.01443	0.65490	0.01930	0.01409	0.06222	0.01290	0.01660	0.00972	0.00548	0.00694	0.00204	0.00942	0.00683	0.00339	0.00827
52	0.01325	0.00962	0.01110	0.00968	0.01218	0.00981	0.00749	0.16565	0.12821	0.05556	0.43247	0.03382	0.06555	0.01047	0.00666	0.00194	0.00409	0.00876	0.00632	0.00738
53	0.22637	0.01166	0.01187	0.01071	0.01397	0.01292	0.00840	0.02524	0.41902	0.09744	0.02055	0.05585	0.01640	0.00832	0.00570	0.00206	0.00477	0.03481	0.00554	0.00839
54	0.01831	0.01595	0.01520	0.04205	0.01748	0.13708	0.01037	0.20985	0.38603	0.05454	0.01862	0.01827	0.01399	0.00761	0.00600	0.00194	0.00629	0.00583	0.00549	0.00912
55	0.05746	0.01095	0.01266	0.00956	0.01434	0.00915	0.00761	0.03983	0.05622	0.15266	0.01386	0.01472	0.01063	0.00559	0.00494	0.00129	0.00470	0.00428	0.00451	0.56503
56	0.01377	0.22751	0.54084	0.01481	0.02216	0.01586	0.01787	0.01872	0.01259	0.04742	0.01091	0.01267	0.00827	0.00586	0.00531	0.00180	0.00792	0.00424	0.00288	0.00858
57	0.01949	0.02304	0.01707	0.01521	0.01741	0.52875	0.01174	0.04191	0.01481	0.01530	0.00937	0.01210	0.00820	0.00759	0.00938	0.00191	0.23218	0.00436	0.00316	0.00700
58	0.00757	0.00637	0.00638	0.00634	0.00833	0.00530	0.00470	0.00880	0.01349	0.01616	0.05812	0.05557	0.75268	0.01488	0.00706	0.00207	0.00318	0.01223	0.00554	0.00523
59	0.02200	0.02758	0.01667	0.01518	0.01817	0.76726	0.01133	0.02325	0.01662	0.01472	0.00961	0.01138	0.00809	0.00639	0.00548	0.00161	0.01051	0.00394	0.00321	0.00702
60	0.00803	0.00583	0.00748	0.00851	0.00916	0.00528	0.00573	0.00889	0.01147	0.01552	0.03092	0.74652	0.03668	0.01757	0.00744	0.00238	0.00364	0.01570	0.00544	0.04781
61	0.01600	0.79346	0.03027	0.01029	0.01520	0.02290	0.01008	0.01761	0.01209	0.01418	0.00873	0.01025	0.00807	0.00540	0.00401	0.00137	0.00636	0.00332	0.00271	0.00772
62	0.00777	0.00556	0.00721	0.00849	0.00889	0.00512	0.00565	0.00856	0.01143	0.01532	0.03202	0.78691	0.03819	0.01827	0.00760	0.00245	0.00359	0.01636	0.00554	0.00505
63	0.01495	0.01278	0.01343	0.01212	0.01539	0.01459	0.00935	0.03072	0.74456	0.02453	0.02388	0.02227	0.01807	0.00823	0.00614	0.00208	0.00479	0.00669	0.00605	0.00941
64	0.00896	0.00670	0.00973	0.00970	0.01079	0.00760	0.00747	0.01078	0.00969	0.01401	0.01601	0.02339	0.01494	0.04295	0.76740	0.00924	0.01545	0.00635	0.00332	0.00551
65	0.02227	0.01600	0.01724	0.01341	0.01794	0.01744	0.01095	0.67065	0.05555	0.07372	0.01528	0.01535	0.01096	0.00740	0.00604	0.00187	0.00639	0.00547	0.00602	0.01005
66	0.00889	0.00642	0.00821	0.00773	0.00914	0.00587	0.00574	0.01135	0.01661	0.02355	0.75205	0.04340	0.05414	0.01212	0.00705	0.00194	0.00298	0.01052	0.00652	0.00580
67	0.00777	0.00556	0.00721	0.00849	0.00889	0.00512	0.00565	0.00856	0.01143	0.01532	0.03202	0.78691	0.03819	0.01827	0.00760	0.00245	0.00359	0.01636	0.00554	0.00505
68	0.00880	0.00599	0.00691	0.00718	0.00733	0.00581	0.00426	0.00882	0.00943	0.01265	0.02179	0.21261	0.02528	0.61018	0.02413	0.00490	0.00528	0.01035	0.00414	0.00416
69	0.02200	0.02758	0.01667	0.01518	0.01817	0.76726	0.01133	0.02325	0.01662	0.01472	0.00961	0.01138	0.00809	0.00639	0.00548	0.00161	0.01051	0.00394	0.00321	0.00702
70	0.00777	0.00556	0.00721	0.00849	0.00889	0.00512	0.00565	0.00856	0.01143	0.01532	0.03202	0.78691	0.03819	0.01827	0.00760	0.00245	0.00359	0.01636	0.00554	0.00505
71	0.02624	0.01026	0.01377	0.01067	0.01512	0.00884	0.00871	0.02823	0.01678	0.75896	0.02317	0.02042	0.01480	0.00756	0.00607	0.00191	0.00512	0.00598	0.00729	0.01008
72	0.02225	0.02007	0.01731	0.01413	0.01820	0.26079	0.01121	0.50508	0.02376	0.02945	0.01288	0.01366	0.00967	0.00704	0.00586	0.00178	0.00782	0.00492	0.00506	0.00908
73	0.01423	0.01589	0.03400	0.02444	0.03023	0.01483	0.73404	0.01879	0.01395	0.01899	0.01231	0.01643	0.00939	0.00533	0.00705	0.00206	0.00984	0.00697	0.00315	0.00809
74	0.00896	0.00670	0.00973	0.00970	0.01079	0.00760	0.00747	0.01078	0.00969	0.01401	0.01601	0.02339	0.01494	0.04295	0.76740	0.00924	0.01545	0.00635	0.00332	0.00551
75	0.02297	0.01480	0.01649	0.01284	0.01734	0.01567	0.01048	0.53199	0.05779	0.21094	0.01699	0.01647	0.01184	0.00744	0.00605	0.00188	0.00611	0.00559	0.00628	0.01005
76	0.02230	0.01411	0.01360	0.01135	0.01493	0.20448	0.00890	0.02417	0.01671	0.44572	0.13937	0.02186	0.01953	0.00801	0.00608	0.00184	0.00616	0.00620	0.00611	0.00859
77	0.02200	0.02758	0.01667	0.01518	0.01817	0.76726	0.01133	0.02325	0.01662	0.01472	0.00961	0.01138	0.00809	0.00639	0.00548	0.00161	0.01051	0.00394	0.00321	0.00702
78	0.01280	0.14654	0.64917	0.01574	0.02363	0.01507	0.01958	0.01844	0.01247	0.01808	0.01067	0.01268	0.00799	0.00585	0.00549	0.00186	0.00831	0.00430	0.00269	0.00865
79	0.00993	0.00710	0.00968	0.01095	0.01230	0.00698	0.00940	0.01228	0.01355	0.01773	0.03083	0.08649	0.03348	0.01624	0.00817	0.00275	0.00546	0.69552	0.00550	0.00565
80	0.00897	0.00667	0.00958	0.00955	0.01058	0.00752	0.00728	0.01068	0.00965	0.01390	0.01615	0.02415	0.01527	0.08132	0.72949	0.00906	0.01496	0.00646	0.00334	0.00543
81	0.02136	0.01071	0.01338	0.01045	0.01490	0.00942	0.00840	0.02528	0.11371	0.47773	0.02025	0.01882	0.01386	0.00696	0.00571	0.00170	0.00492	0.00550	0.00622	0.21071
82	0.01222	0.02988	0.76078	0.01673	0.02515	0.01366	0.02129	0.01858	0.01254	0.01879	0.01102	0.01312	0.00797	0.00594	0.00575	0.00195	0.00867	0.00447	0.00268	0.00882
83	0.02624	0.01026	0.01377	0.01067	0.01512	0.00884	0.00871	0.02823	0.01678	0.75896	0.02317	0.02042	0.01480	0.00756	0.00607	0.00191	0.00512	0.00598	0.00729	0.01008
84	0.00777	0.00556	0.00721	0.00849	0.00889	0.00512	0.00565	0.00856	0.01143	0.01532	0.03202	0.78691	0.03819	0.01827	0.00760	0.00245	0.00359	0.01636	0.00554	0.00505
85	0.02178	0.02712	0.01657	0.01508	0.01808	0.74385	0.01127	0.02349	0.03926	0.01502	0.01005	0.01171	0.00840	0.00645	0.00550	0.00163	0.01033	0.00402	0.00330	0.00709
86	0.01610	0.01336	0.01408	0.01235	0.01583	0.01513	0.00963	0.14070	0.63269	0.02640	0.02240	0.02110	0.01687	0.00810	0.00612	0.00204	0.00506	0.00649	0.00603	0.00951
87	0.00897	0.00668	0.00964	0.00961	0.01066	0.00755	0.00736	0.01072	0.00966	0.01394	0.01609	0.02385	0.01514	0.06619	0.74444	0.00913	0.01515	0.00642	0.00333	0.00546
88	0.01417	0.01572	0.03306	0.02391	0.02937	0.01500	0.69192	0.01853	0.01367	0.01873	0.01207	0.01626	0.00932	0.00563	0.00775	0.00210	0.05478	0.00687	0.00313	0.00800
89	0.00883	0.00642	0.00812	0.00766	0.00910	0.00584	0.00569	0.01123	0.01646	0.02321	0.72000	0.04396	0.08640	0.01225	0.00705	0.00194	0.00299	0.01060	0.00647	0.00577
90	0.00727	0.00613	0.00621	0.00623	0.00817	0.00514	0.00467	0.00863	0.01329	0.01588	0.05728	0.05560	0.73646	0.01474	0.00696	0.00202	0.00312	0.03171	0.00544	0.00506

[dist]
# distance from previous block
# <min> <max>
0	1

[block]
# block no. 1 follows, 41 sequences, length 9
# corresponding to MSA columns:
# 239-247
name=unknown_B
#
# <colnr> <probs for GDERKNQSTAVLIFYWHMCP>
#	G	D	E	R	K	N	Q	S	T	A	V	L	I	F	Y	W	H	M	C	P
0	0.01373	0.01415	0.06203	0.09715	0.66355	0.01350	0.01760	0.01734	0.01284	0.01831	0.01068	0.01414	0.00884	0.00517	0.00566	0.00172	0.00695	0.00505	0.00279	0.00880
1	0.02137	0.02726	0.01621	0.01474	0.01768	0.77602	0.01105	0.02284	0.01621	0.01400	0.00884	0.01031	0.00737	0.00589	0.00516	0.00147	0.01031	0.00368	0.00295	0.00663
2	0.01467	0.01456	0.02272	0.03367	0.71049	0.06759	0.01709	0.01793	0.01325	0.01835	0.01062	0.01388	0.00894	0.00515	0.00563	0.00168	0.00704	0.00500	0.00284	0.00889
3	0.00922	0.00658	0.00922	0.01053	0.01185	0.00658	0.00922	0.01185	0.01317	0.01712	0.03029	0.06452	0.03292	0.01580	0.00790	0.00263	0.00527	0.72480	0.00527	0.00527
4	0.00832	0.00555	0.00624	0.00624	0.00624	0.00555	0.00347	0.00832	0.00832	0.01109	0.01802	0.03743	0.02080	0.79898	0.02911	0.00555	0.00555	0.00832	0.00347	0.00347
5	0.02003	0.01658	0.01589	0.01273	0.01674	0.12794	0.01028	0.53493	0.06366	0.03071	0.05222	0.01666	0.04072	0.00730	0.00573	0.00171	0.00648	0.00553	0.00533	0.00883
6	0.02058	0.02595	0.01633	0.01476	0.01745	0.70861	0.01118	0.02203	0.01555	0.01398	0.00872	0.01051	0.00738	0.00626	0.00637	0.00157	0.07948	0.00380	0.00291	0.00660
7	0.16637	0.01030	0.01264	0.00987	0.01415	0.00966	0.00815	0.06371	0.01578	0.60030	0.01957	0.01740	0.01255	0.00676	0.00537	0.00177	0.00487	0.00526	0.00639	0.00912
8	0.83938	0.01106	0.00841	0.00752	0.01106	0.01283	0.00619	0.01681	0.00973	0.02566	0.00796	0.00929	0.00619	0.00531	0.00354	0.00177	0.00442	0.00310	0.00354	0.00619

[dist]
# distance from previous block
# <min> <max>
0	1

[block]
# block no. 2 follows, 41 sequences, length 29
# corresponding to MSA columns:
# 249-277
name=unknown_C
#
# <colnr> <probs for GDERKNQSTAVLIFYWHMCP>
#	G	D	E	R	K	N	Q	S	T	A	V	L	I	F	Y	W	H	M	C	P
0	0.01001	0.00925	0.01474	0.57695	0.05380	0.01091	0.01333	0.01329	0.01187	0.01499	0.02073	0.02500	0.16491	0.00783	0.00600	0.00193	0.00655	0.02863	0.00321	0.00609
1	0.00697	0.00498	0.00664	0.00796	0.00830	0.00465	0.00531	0.00796	0.01095	0.01460	0.03153	0.79525	0.03783	0.01792	0.00730	0.00232	0.00332	0.01626	0.00531	0.00465
2	0.01416	0.01359	0.02322	0.03511	0.76330	0.01359	0.01755	0.01755	0.01302	0.01869	0.01076	0.01416	0.00906	0.00510	0.00566	0.00170	0.00680	0.00510	0.00283	0.00906
3	0.00853	0.00621	0.00814	0.00803	0.00943	0.00593	0.00630	0.01165	0.03964	0.02178	0.58643	0.04650	0.04846	0.01241	0.00695	0.00197	0.00329	0.15681	0.00607	0.00549
4	0.02137	0.02726	0.01621	0.01474	0.01768	0.77602	0.01105	0.02284	0.01621	0.01400	0.00884	0.01031	0.00737	0.00589	0.00516	0.00147	0.01031	0.00368	0.00295	0.00663
5	0.00922	0.00658	0.00922	0.01053	0.01185	0.00658	0.00922	0.01185	0.01317	0.01712	0.03029	0.06452	0.03292	0.01580	0.00790	0.00263	0.00527	0.72480	0.00527	0.00527
6	0.61563	0.01070	0.00975	0.00825	0.01204	0.01161	0.00680	0.01986	0.01156	0.22958	0.01198	0.01209	0.00838	0.00580	0.00415	0.00177	0.00455	0.00383	0.00451	0.00717
7	0.02137	0.02726	0.01621	0.01474	0.01768	0.77602	0.01105	0.02284	0.01621	0.01400	0.00884	0.01031	0.00737	0.00589	0.00516	0.00147	0.01031	0.00368	0.00295	0.00663
8	0.00676	0.00579	0.00579	0.00579	0.00773	0.00483	0.00435	0.00821	0.01304	0.01545	0.05794	0.05505	0.76098	0.01449	0.00676	0.00193	0.00290	0.01207	0.00531	0.00483
9	0.00817	0.00613	0.00919	0.00919	0.01021	0.00715	0.00715	0.01021	0.00919	0.01328	0.01532	0.02247	0.01430	0.04290	0.77631	0.00919	0.01532	0.00613	0.00306	0.00511
10	0.00728	0.00513	0.00663	0.00761	0.00794	0.00485	0.00499	0.00821	0.01081	0.01450	0.07504	0.61230	0.03580	0.15721	0.01117	0.00287	0.00368	0.01447	0.00504	0.00448
11	0.01406	0.01436	0.04997	0.08110	0.66889	0.03574	0.01739	0.01754	0.01298	0.01827	0.01065	0.01404	0.00885	0.00517	0.00564	0.00171	0.00701	0.00502	0.00280	0.00880
12	0.01350	0.01543	0.03375	0.02411	0.02989	0.01446	0.74253	0.01832	0.01350	0.01832	0.01157	0.01543	0.00868	0.00482	0.00675	0.00193	0.00964	0.00675	0.00289	0.00771
13	0.01153	0.01091	0.01848	0.62142	0.19748	0.01290	0.01625	0.01526	0.01178	0.01550	0.01030	0.01501	0.00794	0.00558	0.00571	0.00186	0.00744	0.00509	0.00260	0.00695
14	0.02139	0.02655	0.01627	0.01464	0.01769	0.72823	0.01104	0.06831	0.01688	0.01539	0.00915	0.01053	0.00752	0.00596	0.00519	0.00149	0.01006	0.00378	0.00312	0.00683
15	0.00817	0.00613	0.00919	0.00919	0.01021	0.00715	0.00715	0.01021	0.00919	0.01328	0.01532	0.02247	0.01430	0.04290	0.77631	0.00919	0.01532	0.00613	0.00306	0.00511
16	0.01966	0.01482	0.01604	0.01225	0.01687	0.01577	0.01006	0.58460	0.05135	0.03242	0.01344	0.01368	0.00979	0.00642	0.00546	0.00157	0.00585	0.00488	0.00530	0.15978
17	0.01416	0.01359	0.02322	0.03511	0.76330	0.01359	0.01755	0.01755	0.01302	0.01869	0.01076	0.01416	0.00906	0.00510	0.00566	0.00170	0.00680	0.00510	0.00283	0.00906
18	0.02566	0.00973	0.01327	0.01018	0.01460	0.00841	0.00841	0.02788	0.01637	0.76726	0.02257	0.01947	0.01416	0.00708	0.00575	0.00177	0.00487	0.00575	0.00708	0.00973
19	0.00676	0.00579	0.00579	0.00579	0.00773	0.00483	0.00435	0.00821	0.01304	0.01545	0.05794	0.05505	0.76098	0.01449	0.00676	0.00193	0.00290	0.01207	0.00531	0.00483
20	0.01416	0.01359	0.02322	0.03511	0.76330	0.01359	0.01755	0.01755	0.01302	0.01869	0.01076	0.01416	0.00906	0.00510	0.00566	0.00170	0.00680	0.00510	0.00283	0.00906
21	0.00832	0.00555	0.00624	0.00624	0.00624	0.00555	0.00347	0.00832	0.00832	0.01109	0.01802	0.03743	0.02080	0.79898	0.02911	0.00555	0.00555	0.00832	0.00347	0.00347
22	0.00817	0.00613	0.00919	0.00919	0.01021	0.00715	0.00715	0.01021	0.00919	0.01328	0.01532	0.02247	0.01430	0.04290	0.77631	0.00919	0.01532	0.00613	0.00306	0.00511
23	0.01080	0.01017	0.01716	0.78523	0.03940	0.01271	0.01589	0.01461	0.01144	0.01461	0.01017	0.01525	0.00762	0.00572	0.00572	0.00191	0.00762	0.00508	0.00254	0.00635
24	0.00922	0.00658	0.00922	0.01053	0.01185	0.00658	0.00922	0.01185	0.01317	0.01712	0.03029	0.06452	0.03292	0.01580	0.00790	0.00263	0.00527	0.72480	0.00527	0.00527
25	0.02566	0.00973	0.01327	0.01018	0.01460	0.00841	0.00841	0.02788	0.01637	0.76726	0.02257	0.01947	0.01416	0.00708	0.00575	0.00177	0.00487	0.00575	0.00708	0.00973
26	0.00697	0.00498	0.00664	0.00796	0.00830	0.00465	0.00531	0.00796	0.01095	0.01460	0.03153	0.79525	0.03783	0.01792	0.00730	0.00232	0.00332	0.01626	0.00531	0.00465
27	0.01529	0.80242	0.02997	0.00979	0.01468	0.02263	0.00979	0.01713	0.01162	0.01346	0.00795	0.00918	0.00734	0.00489	0.00367	0.00122	0.00612	0.00306	0.00245	0.00734
28	0.01339	0.01522	0.03310	0.05410	0.03027	0.01440	0.71389	0.01818	0.01342	0.01818	0.01152	0.01542	0.00864	0.00486	0.00671	0.00193	0.00956	0.00668	0.00288	0.00766

[dist]
# distance from previous block
# <min> <max>
4	9

[block]
# block no. 3 follows, 41 sequences, length 14
# corresponding to MSA columns:
# 287-300
name=unknown_D
#
# <colnr> <probs for GDERKNQSTAVLIFYWHMCP>
#	G	D	E	R	K	N	Q	S	T	A	V	L	I	F	Y	W	H	M	C	P
0	0.00676	0.00579	0.00579	0.00579	0.00773	0.00483	0.00435	0.00821	0.01304	0.01545	0.05794	0.05505	0.76098	0.01449	0.00676	0.00193	0.00290	0.01207	0.00531	0.00483
1	0.01416	0.01359	0.02322	0.03511	0.76330	0.01359	0.01755	0.01755	0.01302	0.01869	0.01076	0.01416	0.00906	0.00510	0.00566	0.00170	0.00680	0.00510	0.00283	0.00906
2	0.00676	0.00579	0.00579	0.00579	0.00773	0.00483	0.00435	0.00821	0.01304	0.01545	0.05794	0.05505	0.76098	0.01449	0.00676	0.00193	0.00290	0.01207	0.00531	0.00483
3	0.00897	0.00641	0.00893	0.01025	0.01146	0.00637	0.00878	0.01142	0.01292	0.01684	0.03042	0.14577	0.03346	0.01604	0.00783	0.00260	0.00505	0.64601	0.00527	0.00520
4	0.01350	0.01543	0.03375	0.02411	0.02989	0.01446	0.74253	0.01832	0.01350	0.01832	0.01157	0.01543	0.00868	0.00482	0.00675	0.00193	0.00964	0.00675	0.00289	0.00771
5	0.02137	0.02726	0.01621	0.01474	0.01768	0.77602	0.01105	0.02284	0.01621	0.01400	0.00884	0.01031	0.00737	0.00589	0.00516	0.00147	0.01031	0.00368	0.00295	0.00663
6	0.00676	0.00579	0.00579	0.00579	0.00773	0.00483	0.00435	0.00821	0.01304	0.01545	0.05794	0.05505	0.76098	0.01449	0.00676	0.00193	0.00290	0.01207	0.00531	0.00483
7	0.83938	0.01106	0.00841	0.00752	0.01106	0.01283	0.00619	0.01681	0.00973	0.02566	0.00796	0.00929	0.00619	0.00531	0.00354	0.00177	0.00442	0.00310	0.00354	0.00619
8	0.00792	0.00584	0.00741	0.00702	0.00844	0.00532	0.00526	0.01046	0.01579	0.02198	0.67051	0.04430	0.14434	0.01205	0.00675	0.00182	0.00272	0.01057	0.00617	0.00532
9	0.01375	0.01052	0.01170	0.01045	0.01333	0.01160	0.00812	0.02548	0.51232	0.08834	0.19985	0.02630	0.02592	0.00864	0.00604	0.00189	0.00412	0.00733	0.00604	0.00824
10	0.00832	0.00555	0.00624	0.00624	0.00624	0.00555	0.00347	0.00832	0.00832	0.01109	0.01802	0.03743	0.02080	0.79898	0.02911	0.00555	0.00555	0.00832	0.00347	0.00347
11	0.00703	0.00581	0.00617	0.00608	0.00789	0.00494	0.00456	0.00873	0.01368	0.01697	0.20016	0.05255	0.61782	0.01392	0.00676	0.00190	0.00286	0.01172	0.00551	0.00494
12	0.01314	0.01274	0.02254	0.14220	0.46342	0.01315	0.12769	0.01663	0.01260	0.01781	0.01163	0.03984	0.00986	0.00580	0.00631	0.00180	0.03579	0.00571	0.03326	0.00807
13	0.01504	0.01037	0.01198	0.01098	0.01393	0.01122	0.00878	0.02529	0.43861	0.16037	0.02489	0.06655	0.02079	0.00966	0.00628	0.00206	0.00467	0.14435	0.00592	0.00824

[dist]
# distance from previous block
# <min> <max>
0	34

[block]
# block no. 4 follows, 41 sequences, length 21
# corresponding to MSA columns:
# 335-355
name=unknown_E
#
# <colnr> <probs for GDERKNQSTAVLIFYWHMCP>
#	G	D	E	R	K	N	Q	S	T	A	V	L	I	F	Y	W	H	M	C	P
0	0.01529	0.80242	0.02997	0.00979	0.01468	0.02263	0.00979	0.01713	0.01162	0.01346	0.00795	0.00918	0.00734	0.00489	0.00367	0.00122	0.00612	0.00306	0.00245	0.00734
1	0.01167	0.01092	0.01841	0.68073	0.03736	0.01315	0.07057	0.05922	0.01253	0.01620	0.01049	0.01517	0.00783	0.00572	0.00580	0.00190	0.00770	0.00521	0.00276	0.00666
2	0.01237	0.21094	0.59585	0.01477	0.02239	0.01548	0.01847	0.01788	0.01197	0.01702	0.00972	0.01140	0.00727	0.00531	0.00502	0.00167	0.00791	0.00395	0.00242	0.00819
3	0.01344	0.01312	0.02316	0.17945	0.54491	0.01351	0.09430	0.01707	0.01277	0.01786	0.01073	0.01450	0.00874	0.00519	0.00579	0.00176	0.00726	0.00527	0.00278	0.00839
4	0.00922	0.00658	0.00922	0.01053	0.01185	0.00658	0.00922	0.01185	0.01317	0.01712	0.03029	0.06452	0.03292	0.01580	0.00790	0.00263	0.00527	0.72480	0.00527	0.00527
5	0.01416	0.01359	0.02322	0.03511	0.76330	0.01359	0.01755	0.01755	0.01302	0.01869	0.01076	0.01416	0.00906	0.00510	0.00566	0.00170	0.00680	0.00510	0.00283	0.00906
6	0.01416	0.01359	0.02322	0.03511	0.76330	0.01359	0.01755	0.01755	0.01302	0.01869	0.01076	0.01416	0.00906	0.00510	0.00566	0.00170	0.00680	0.00510	0.00283	0.00906
7	0.02519	0.01050	0.01375	0.01054	0.01498	0.00954	0.00871	0.11513	0.01765	0.67820	0.02149	0.01877	0.01362	0.00705	0.00575	0.00176	0.00504	0.00568	0.00691	0.00973
8	0.00832	0.00555	0.00624	0.00624	0.00624	0.00555	0.00347	0.00832	0.00832	0.01109	0.01802	0.03743	0.02080	0.79898	0.02911	0.00555	0.00555	0.00832	0.00347	0.00347
9	0.01350	0.01543	0.03375	0.02411	0.02989	0.01446	0.74253	0.01832	0.01350	0.01832	0.01157	0.01543	0.00868	0.00482	0.00675	0.00193	0.00964	0.00675	0.00289	0.00771
10	0.01416	0.01359	0.02322	0.03511	0.76330	0.01359	0.01755	0.01755	0.01302	0.01869	0.01076	0.01416	0.00906	0.00510	0.00566	0.00170	0.00680	0.00510	0.00283	0.00906
11	0.00697	0.00498	0.00664	0.00796	0.00830	0.00465	0.00531	0.00796	0.01095	0.01460	0.03153	0.79525	0.03783	0.01792	0.00730	0.00232	0.00332	0.01626	0.00531	0.00465
12	0.00676	0.00579	0.00579	0.00579	0.00773	0.00483	0.00435	0.00821	0.01304	0.01545	0.05794	0.05505	0.76098	0.01449	0.00676	0.00193	0.00290	0.01207	0.00531	0.00483
13	0.02366	0.03732	0.01386	0.01034	0.01460	0.00997	0.00854	0.08912	0.06533	0.60146	0.02120	0.01881	0.01378	0.00702	0.00562	0.00174	0.00493	0.00564	0.03763	0.00944
14	0.00810	0.00585	0.00765	0.00720	0.00855	0.00540	0.00540	0.01079	0.01619	0.02294	0.76028	0.04273	0.05397	0.01169	0.00675	0.00180	0.00270	0.01034	0.00630	0.00540
15	0.01186	0.01017	0.01186	0.00847	0.01356	0.00762	0.00678	0.01440	0.01186	0.01864	0.01017	0.01186	0.00847	0.00424	0.00424	0.00085	0.00424	0.00339	0.00339	0.83395
16	0.00697	0.00498	0.00664	0.00796	0.00830	0.00465	0.00531	0.00796	0.01095	0.01460	0.03153	0.79525	0.03783	0.01792	0.00730	0.00232	0.00332	0.01626	0.00531	0.00465
17	0.18297	0.06096	0.57820	0.01419	0.02146	0.01362	0.01753	0.01780	0.01157	0.01946	0.00968	0.01137	0.00703	0.00538	0.00496	0.00178	0.00751	0.00394	0.00265	0.00794
18	0.00736	0.00615	0.00645	0.00632	0.00823	0.00541	0.00475	0.00978	0.05271	0.01704	0.16285	0.05139	0.61415	0.01371	0.00671	0.00191	0.00295	0.01151	0.00549	0.00514
19	0.05548	0.76384	0.02892	0.00968	0.01450	0.02215	0.00961	0.01711	0.01153	0.01405	0.00795	0.00918	0.00728	0.00491	0.00366	0.00125	0.00603	0.00306	0.00250	0.00728
20	0.01223	0.22039	0.53904	0.01407	0.02112	0.01514	0.01724	0.01727	0.01173	0.01653	0.01016	0.01289	0.00809	0.05351	0.00643	0.00189	0.00770	0.00418	0.00249	0.00787

[dist]
# distance from previous block
# <min> <max>
0	1

[block]
# block no. 5 follows, 41 sequences, length 25
# corresponding to MSA columns:
# 357-381
name=unknown_F
#
# <colnr> <probs for GDERKNQSTAVLIFYWHMCP>
#	G	D	E	R	K	N	Q	S	T	A	V	L	I	F	Y	W	H	M	C	P
0	0.05340	0.70780	0.07672	0.01060	0.01567	0.02184	0.01064	0.01765	0.01203	0.01503	0.00887	0.01043	0.00800	0.00545	0.00411	0.00143	0.00643	0.00339	0.00276	0.00773
1	0.01487	0.01406	0.02359	0.03530	0.75495	0.01396	0.01775	0.01803	0.01347	0.01934	0.01150	0.01516	0.00976	0.00560	0.00598	0.00184	0.00703	0.00533	0.00309	0.00941
2	0.00896	0.00667	0.00960	0.00957	0.01061	0.00753	0.00731	0.01069	0.00965	0.01391	0.01612	0.02400	0.01521	0.07465	0.73618	0.00909	0.01504	0.00644	0.00334	0.00544
3	0.00762	0.00636	0.00645	0.00640	0.00836	0.00532	0.00474	0.00890	0.01362	0.01647	0.08799	0.05504	0.72271	0.01476	0.00706	0.00206	0.00317	0.01215	0.00558	0.00525
4	0.01899	0.01447	0.01579	0.01201	0.01678	0.01460	0.00975	0.48653	0.02204	0.03055	0.01321	0.01410	0.00999	0.00645	0.00553	0.00156	0.00583	0.00478	0.00515	0.29191
5	0.01493	0.01191	0.01439	0.01070	0.01565	0.01026	0.04500	0.12731	0.04677	0.05722	0.01267	0.01412	0.01003	0.00546	0.00506	0.00127	0.00512	0.00432	0.00425	0.58357
6	0.06348	0.01976	0.01686	0.01383	0.01786	0.25674	0.01097	0.47211	0.02294	0.02903	0.01260	0.01344	0.00950	0.00696	0.00575	0.00178	0.00770	0.00482	0.00496	0.00892
7	0.01504	0.75054	0.07961	0.01022	0.01536	0.02201	0.01055	0.01719	0.01165	0.01377	0.00811	0.00937	0.00733	0.00493	0.00379	0.00126	0.00627	0.00314	0.00244	0.00742
8	0.01497	0.73689	0.09267	0.01034	0.01554	0.02184	0.01075	0.01721	0.01166	0.01385	0.00815	0.00942	0.00733	0.00494	0.00382	0.00127	0.00632	0.00316	0.00244	0.00743
9	0.01432	0.01142	0.01358	0.01013	0.01493	0.01011	0.03316	0.12372	0.09597	0.05951	0.01281	0.01369	0.00994	0.00517	0.00479	0.00118	0.00479	0.00422	0.00417	0.55241
10	0.01380	0.07989	0.01854	0.01436	0.01530	0.01798	0.01210	0.09730	0.01107	0.01628	0.00826	0.01237	0.00775	0.00922	0.01600	0.00230	0.63302	0.00486	0.00286	0.00674
11	0.01662	0.01283	0.01380	0.01183	0.01542	0.01447	0.00936	0.17208	0.55045	0.08507	0.02133	0.01968	0.01566	0.00753	0.00580	0.00188	0.00490	0.00615	0.00590	0.00924
12	0.02053	0.02746	0.08007	0.01487	0.01828	0.71134	0.01191	0.02244	0.01586	0.01435	0.00896	0.01046	0.00736	0.00586	0.00518	0.00150	0.01016	0.00373	0.00290	0.00679
13	0.00731	0.00522	0.00702	0.00835	0.00883	0.00494	0.00590	0.00855	0.01128	0.01498	0.03134	0.68565	0.03709	0.01760	0.00739	0.00237	0.00361	0.12253	0.00530	0.00474
14	0.00787	0.00567	0.00744	0.00735	0.00850	0.00525	0.00538	0.01023	0.01514	0.02126	0.61379	0.19399	0.05073	0.01295	0.00686	0.00190	0.00282	0.01153	0.00610	0.00525
15	0.00812	0.00698	0.00710	0.00686	0.00903	0.00654	0.00520	0.01225	0.14795	0.01700	0.05162	0.04890	0.62541	0.01326	0.00659	0.00193	0.00319	0.01105	0.00540	0.00560
16	0.01147	0.02959	0.76934	0.01630	0.02476	0.01328	0.02113	0.01811	0.01208	0.01811	0.01026	0.01208	0.00725	0.00543	0.00543	0.00181	0.00845	0.00423	0.00242	0.00845
17	0.02566	0.00973	0.01327	0.01018	0.01460	0.00841	0.00841	0.02788	0.01637	0.76726	0.02257	0.01947	0.01416	0.00708	0.00575	0.00177	0.00487	0.00575	0.00708	0.00973
18	0.00676	0.00579	0.00579	0.00579	0.00773	0.00483	0.00435	0.00821	0.01304	0.01545	0.05794	0.05505	0.76098	0.01449	0.00676	0.00193	0.00290	0.01207	0.00531	0.00483
19	0.01416	0.01359	0.02322	0.03511	0.76330	0.01359	0.01755	0.01755	0.01302	0.01869	0.01076	0.01416	0.00906	0.00510	0.00566	0.00170	0.00680	0.00510	0.00283	0.00906
20	0.02137	0.02726	0.01621	0.01474	0.01768	0.77602	0.01105	0.02284	0.01621	0.01400	0.00884	0.01031	0.00737	0.00589	0.00516	0.00147	0.01031	0.00368	0.00295	0.00663
21	0.01529	0.80242	0.02997	0.00979	0.01468	0.02263	0.00979	0.01713	0.01162	0.01346	0.00795	0.00918	0.00734	0.00489	0.00367	0.00122	0.00612	0.00306	0.00245	0.00734
22	0.01488	0.01490	0.01890	0.03829	0.22402	0.10988	0.01366	0.08385	0.01261	0.01725	0.00922	0.01288	0.00813	0.00775	0.01193	0.00207	0.38454	0.00488	0.00295	0.00741
23	0.00697	0.00498	0.00664	0.00796	0.00830	0.00465	0.00531	0.00796	0.01095	0.01460	0.03153	0.79525	0.03783	0.01792	0.00730	0.00232	0.00332	0.01626	0.00531	0.00465
24	0.01128	0.01082	0.01726	0.57128	0.03262	0.01404	0.01495	0.01438	0.01069	0.01438	0.00943	0.01449	0.00759	0.00691	0.00934	0.00207	0.22454	0.00506	0.00253	0.00633

[dist]
# distance from previous block
# <min> <max>
0	1

[block]
# block no. 6 follows, 41 sequences, length 158
# corresponding to MSA columns:
# 383-540
name=unknown_G
#
# <colnr> <probs for GDERKNQSTAVLIFYWHMCP>
#	G	D	E	R	K	N	Q	S	T	A	V	L	I	F	Y	W	H	M	C	P
0	0.00912	0.00655	0.00908	0.01035	0.01169	0.00651	0.00903	0.01171	0.01316	0.01705	0.03137	0.06415	0.06157	0.01575	0.00786	0.00261	0.00517	0.69675	0.00527	0.00525
1	0.01147	0.02959	0.76934	0.01630	0.02476	0.01328	0.02113	0.01811	0.01208	0.01811	0.01026	0.01208	0.00725	0.00543	0.00543	0.00181	0.00845	0.00423	0.00242	0.00845
2	0.01116	0.01076	0.01839	0.65853	0.03644	0.01328	0.06792	0.01480	0.01134	0.01480	0.01002	0.01501	0.00769	0.00605	0.00701	0.00196	0.08064	0.00520	0.00256	0.00644
3	0.01202	0.14050	0.66324	0.01537	0.02331	0.01463	0.01951	0.01797	0.01201	0.01745	0.00993	0.01166	0.00726	0.00536	0.00518	0.00173	0.00812	0.00406	0.00242	0.00829
4	0.01165	0.01047	0.01661	0.66862	0.03578	0.01248	0.01491	0.01512	0.03230	0.01595	0.01393	0.09937	0.01219	0.00782	0.00637	0.00216	0.00743	0.00666	0.00333	0.00684
5	0.01517	0.01424	0.02363	0.05453	0.73197	0.01413	0.01781	0.01821	0.01367	0.01960	0.01188	0.01573	0.01010	0.00588	0.00615	0.00191	0.00717	0.00546	0.00322	0.00953
6	0.02460	0.01087	0.01394	0.01103	0.01524	0.00983	0.00889	0.08528	0.04519	0.61683	0.07337	0.02212	0.01764	0.00814	0.00630	0.00198	0.00521	0.00640	0.00719	0.00994
7	0.00991	0.00715	0.00942	0.01059	0.01177	0.00695	0.00856	0.01212	0.03468	0.01765	0.03121	0.27073	0.03450	0.01674	0.00811	0.00272	0.00508	0.49064	0.00565	0.00581
8	0.02655	0.01054	0.01402	0.01093	0.01539	0.00907	0.00888	0.02841	0.01700	0.75460	0.02349	0.02092	0.01514	0.00782	0.00623	0.00198	0.00526	0.00610	0.00740	0.01026
9	0.01262	0.03003	0.75629	0.01695	0.02536	0.01386	0.02137	0.01883	0.01278	0.01914	0.01141	0.01366	0.00836	0.00620	0.00592	0.00202	0.00878	0.00460	0.00282	0.00901
10	0.01519	0.04526	0.02386	0.05871	0.69751	0.01448	0.01750	0.01817	0.01361	0.01936	0.01177	0.01554	0.01002	0.00588	0.00607	0.00190	0.00715	0.00538	0.00321	0.00945
11	0.00939	0.00693	0.00968	0.00963	0.01063	0.00765	0.00722	0.01086	0.00985	0.01414	0.01668	0.02557	0.01602	0.12885	0.67786	0.00885	0.01441	0.00672	0.00350	0.00554
12	0.00799	0.00667	0.00668	0.00663	0.00864	0.00555	0.00489	0.00911	0.01373	0.01652	0.05822	0.05585	0.74832	0.01509	0.00722	0.00214	0.00332	0.01231	0.00566	0.00545
13	0.01040	0.00744	0.01004	0.01129	0.01269	0.00728	0.00967	0.01268	0.01385	0.01816	0.03107	0.06515	0.03356	0.01638	0.00834	0.00283	0.00565	0.71202	0.00562	0.00588
14	0.01512	0.01282	0.01354	0.01233	0.01554	0.01448	0.00952	0.03015	0.71080	0.02458	0.02447	0.02447	0.01900	0.00880	0.00638	0.00217	0.00495	0.03529	0.00614	0.00945
15	0.02553	0.01217	0.01504	0.01171	0.01621	0.01150	0.00952	0.21484	0.01974	0.56431	0.02119	0.01943	0.01399	0.00776	0.00623	0.00197	0.00563	0.00595	0.00705	0.01026
16	0.02655	0.01054	0.01402	0.01093	0.01539	0.00907	0.00888	0.02841	0.01700	0.75460	0.02349	0.02092	0.01514	0.00782	0.00623	0.00198	0.00526	0.00610	0.00740	0.01026
17	0.01525	0.01432	0.02379	0.03541	0.75042	0.01416	0.01786	0.01828	0.01371	0.01970	0.01190	0.01571	0.01014	0.00587	0.00615	0.00191	0.00715	0.00546	0.00323	0.00960
18	0.00820	0.00587	0.00751	0.00876	0.00920	0.00537	0.00583	0.00887	0.01168	0.01569	0.03228	0.78253	0.03838	0.01846	0.00775	0.00252	0.00374	0.01642	0.00566	0.00527
19	0.00799	0.00667	0.00668	0.00663	0.00864	0.00555	0.00489	0.00911	0.01373	0.01652	0.05822	0.05585	0.74832	0.01509	0.00722	0.00214	0.00332	0.01231	0.00566	0.00545
20	0.02655	0.01054	0.01402	0.01093	0.01539	0.00907	0.00888	0.02841	0.01700	0.75460	0.02349	0.02092	0.01514	0.00782	0.00623	0.00198	0.00526	0.00610	0.00740	0.01026
21	0.01300	0.01096	0.01264	0.00926	0.01437	0.00830	0.00728	0.01519	0.01257	0.01965	0.01131	0.01345	0.00956	0.00502	0.00475	0.00107	0.00464	0.00378	0.00378	0.81942
22	0.01526	0.00804	0.01041	0.00902	0.01150	0.00713	0.00694	0.01744	0.01688	0.27641	0.49743	0.03586	0.04072	0.01078	0.00687	0.00200	0.00386	0.00905	0.00690	0.00748
23	0.00799	0.00667	0.00668	0.00663	0.00864	0.00555	0.00489	0.00911	0.01373	0.01652	0.05822	0.05585	0.74832	0.01509	0.00722	0.00214	0.00332	0.01231	0.00566	0.00545
24	0.01262	0.03003	0.75629	0.01695	0.02536	0.01386	0.02137	0.01883	0.01278	0.01914	0.01141	0.01366	0.00836	0.00620	0.00592	0.00202	0.00878	0.00460	0.00282	0.00901
25	0.01595	0.01287	0.01374	0.01233	0.01566	0.01439	0.00956	0.05973	0.65026	0.05750	0.02402	0.02397	0.01850	0.00872	0.00637	0.00216	0.00504	0.03353	0.00619	0.00951
26	0.02215	0.01630	0.01745	0.01367	0.01812	0.01774	0.01109	0.70434	0.02674	0.03595	0.01548	0.04431	0.01184	0.00802	0.00626	0.00195	0.00655	0.00592	0.00605	0.01007
27	0.00952	0.00642	0.00712	0.00707	0.00718	0.00626	0.00402	0.00921	0.00909	0.01224	0.01903	0.03855	0.02166	0.78525	0.02917	0.00569	0.00592	0.00862	0.00385	0.00411
28	0.02655	0.01054	0.01402	0.01093	0.01539	0.00907	0.00888	0.02841	0.01700	0.75460	0.02349	0.02092	0.01514	0.00782	0.00623	0.00198	0.00526	0.00610	0.00740	0.01026
29	0.01560	0.04025	0.01169	0.00947	0.01221	0.00871	0.00740	0.04271	0.07028	0.24166	0.40911	0.03336	0.05141	0.01034	0.00670	0.00199	0.00415	0.00856	0.00663	0.00775
30	0.82541	0.01184	0.00925	0.00833	0.01192	0.01341	0.00670	0.01755	0.01048	0.02655	0.00915	0.01093	0.00732	0.00608	0.00406	0.00198	0.00482	0.00350	0.00392	0.00679
31	0.00940	0.00689	0.00947	0.00942	0.01035	0.00754	0.00696	0.01073	0.00979	0.01399	0.01687	0.02663	0.01648	0.18250	0.62484	0.00859	0.01372	0.00688	0.00353	0.00542
32	0.01663	0.75495	0.02982	0.01077	0.01560	0.05588	0.01029	0.01811	0.01254	0.01459	0.00918	0.01086	0.00845	0.00571	0.00426	0.00145	0.00667	0.00349	0.00287	0.00788
33	0.01237	0.00682	0.00923	0.00913	0.00937	0.00647	0.00607	0.00935	0.00910	0.01237	0.01233	0.02048	0.01214	0.02091	0.02273	0.80245	0.00577	0.00573	0.00332	0.00386
34	0.01191	0.00628	0.00630	0.00624	0.00767	0.00610	0.00459	0.01419	0.01276	0.02237	0.01973	0.02285	0.01571	0.00746	0.00455	0.00157	0.00313	0.00572	0.81487	0.00599
35	0.00940	0.00679	0.00857	0.00807	0.00952	0.00617	0.00596	0.01171	0.01687	0.02395	0.74676	0.04383	0.05425	0.01240	0.00725	0.00202	0.00316	0.01063	0.00666	0.00605
36	0.01365	0.22012	0.57345	0.01540	0.02293	0.01620	0.01860	0.01864	0.01273	0.01807	0.01093	0.01307	0.00846	0.00613	0.00553	0.00189	0.00823	0.00435	0.00286	0.00878
37	0.01033	0.00710	0.00913	0.00891	0.01047	0.00654	0.00691	0.01261	0.01622	0.05198	0.55937	0.04764	0.04811	0.01310	0.00746	0.00220	0.00380	0.16543	0.00646	0.00620
38	0.00940	0.00679	0.00857	0.00807	0.00952	0.00617	0.00596	0.01171	0.01687	0.02395	0.74676	0.04383	0.05425	0.01240	0.00725	0.00202	0.00316	0.01063	0.00666	0.00605
39	0.01534	0.01438	0.02383	0.03543	0.74942	0.01420	0.01788	0.01834	0.01377	0.01978	0.01198	0.01582	0.01022	0.00593	0.00618	0.00193	0.00718	0.00549	0.00326	0.00964
40	0.05489	0.01148	0.01405	0.01122	0.01544	0.01083	0.00903	0.10938	0.09228	0.54270	0.02195	0.02025	0.01477	0.00784	0.00613	0.00199	0.00533	0.00602	0.03447	0.00996
41	0.02278	0.01676	0.01790	0.01392	0.01853	0.01827	0.01133	0.73071	0.02736	0.03680	0.01490	0.01541	0.01087	0.00766	0.00624	0.00194	0.00669	0.00554	0.00609	0.01030
42	0.01466	0.01607	0.03352	0.02429	0.02986	0.01518	0.69985	0.01891	0.01405	0.01924	0.01262	0.01696	0.00980	0.00586	0.00772	0.00217	0.04062	0.00704	0.00331	0.00827
43	0.00947	0.00706	0.01008	0.01003	0.01115	0.00789	0.00768	0.01114	0.01001	0.01448	0.01646	0.02398	0.01536	0.04299	0.76167	0.00927	0.01554	0.00650	0.00349	0.00577
44	0.00940	0.00679	0.00857	0.00807	0.00952	0.00617	0.00596	0.01171	0.01687	0.02395	0.74676	0.04383	0.05425	0.01240	0.00725	0.00202	0.00316	0.01063	0.00666	0.00605
