[name]
unknown

[dist]
# distance from previous block
# <min> <max>
0	182

[block]
# block no. 0 follows, 41 sequences, length 62
# corresponding to MSA columns:
# 186-247
name=unknown_A
#
# <colnr> <probs for GDERKNQSTAVLIFYWHMCP>
#	G	D	E	R	K	N	Q	S	T	A	V	L	I	F	Y	W	H	M	C	P
0	0.00735	0.00618	0.00626	0.00622	0.00816	0.00517	0.00463	0.00871	0.01347	0.01624	0.08782	0.05487	0.72551	0.01463	0.00696	0.00202	0.00307	0.01210	0.00551	0.00512
1	0.01236	0.01051	0.01220	0.00882	0.01391	0.00792	0.00699	0.01474	0.01217	0.01908	0.01067	0.01255	0.00895	0.00458	0.00446	0.00095	0.00441	0.00356	0.00356	0.82762
2	0.03541	0.01026	0.01243	0.01008	0.01395	0.00956	0.00802	0.02375	0.18207	0.34391	0.11724	0.02197	0.01935	0.00760	0.00578	0.00173	0.00455	0.00618	0.00608	0.16008
3	0.02089	0.05012	0.01646	0.05754	0.01795	0.09068	0.01046	0.39282	0.06555	0.15513	0.01557	0.01575	0.01118	0.00702	0.00571	0.00178	0.00640	0.00526	0.04463	0.00910
4	0.01045	0.00536	0.00783	0.00780	0.00785	0.00528	0.00520	0.00785	0.00780	0.01045	0.01044	0.01804	0.01040	0.02009	0.02243	0.82705	0.00514	0.00513	0.00266	0.00277
5	0.01156	0.00961	0.01040	0.00959	0.01210	0.01024	0.00732	0.02093	0.40398	0.02225	0.21454	0.03457	0.18781	0.01051	0.00646	0.00199	0.00389	0.00879	0.00598	0.00747
6	0.02179	0.02747	0.01651	0.01503	0.01800	0.77019	0.01123	0.02312	0.01648	0.01448	0.00935	0.01102	0.00785	0.00622	0.00537	0.00157	0.01044	0.00385	0.00312	0.00689
7	0.01236	0.01051	0.01220	0.00882	0.01391	0.00792	0.00699	0.01474	0.01217	0.01908	0.01067	0.01255	0.00895	0.00458	0.00446	0.00095	0.00441	0.00356	0.00356	0.82762
8	0.02125	0.01578	0.01689	0.01323	0.01762	0.01737	0.01079	0.66834	0.08011	0.03494	0.01534	0.03398	0.01144	0.00752	0.00598	0.00184	0.00625	0.00567	0.00587	0.00979
9	0.83329	0.01140	0.00877	0.00787	0.01144	0.01308	0.00642	0.01714	0.01006	0.02605	0.00848	0.01001	0.00669	0.00564	0.00377	0.00186	0.00460	0.00327	0.00371	0.00645
10	0.01453	0.01412	0.02228	0.13742	0.62110	0.05155	0.01713	0.01773	0.01326	0.01834	0.01108	0.01479	0.00925	0.00556	0.00586	0.00181	0.00724	0.00518	0.00297	0.00880
11	0.00870	0.00648	0.00943	0.00941	0.01043	0.00738	0.00722	0.01051	0.00949	0.01368	0.01589	0.02368	0.01499	0.07336	0.74032	0.00908	0.01501	0.00637	0.00325	0.00531
12	0.01269	0.01241	0.01775	0.15634	0.01982	0.01685	0.01330	0.01427	0.00958	0.01440	0.00852	0.01370	0.00801	0.00952	0.01649	0.00248	0.63946	0.00518	0.00269	0.00653
13	0.00730	0.00618	0.00618	0.00616	0.00813	0.00514	0.00458	0.00860	0.01334	0.01592	0.05806	0.05540	0.75546	0.01475	0.00696	0.00202	0.00308	0.01217	0.00547	0.00510
14	0.83329	0.01140	0.00877	0.00787	0.01144	0.01308	0.00642	0.01714	0.01006	0.02605	0.00848	0.01001	0.00669	0.00564	0.00377	0.00186	0.00460	0.00327	0.00371	0.00645
15	0.00775	0.00617	0.00685	0.00690	0.00859	0.00536	0.00517	0.00936	0.01388	0.01758	0.20748	0.10894	0.50456	0.01447	0.00707	0.00206	0.00321	0.05369	0.00568	0.00523
16	0.01463	0.01391	0.02346	0.03524	0.75769	0.01384	0.01769	0.01787	0.01332	0.01913	0.01125	0.01483	0.00953	0.00543	0.00587	0.00179	0.00695	0.00525	0.00300	0.00930
17	0.02179	0.02747	0.01651	0.01503	0.01800	0.77019	0.01123	0.02312	0.01648	0.01448	0.00935	0.01102	0.00785	0.00622	0.00537	0.00157	0.01044	0.00385	0.00312	0.00689
18	0.83329	0.01140	0.00877	0.00787	0.01144	0.01308	0.00642	0.01714	0.01006	0.02605	0.00848	0.01001	0.00669	0.00564	0.00377	0.00186	0.00460	0.00327	0.00371	0.00645
19	0.00871	0.00644	0.00923	0.00921	0.01016	0.00727	0.00697	0.01038	0.00943	0.01353	0.01607	0.02469	0.01543	0.12456	0.68972	0.00883	0.01435	0.00651	0.00328	0.00520
20	0.01487	0.61660	0.20224	0.01164	0.01737	0.02063	0.01262	0.01768	0.01204	0.01502	0.00901	0.01057	0.00780	0.00536	0.00431	0.00146	0.00682	0.00350	0.00262	0.00785
21	0.00872	0.00595	0.00659	0.00657	0.00677	0.00580	0.00378	0.00870	0.00903	0.01193	0.02159	0.03930	0.07916	0.73153	0.02739	0.00532	0.00550	0.00874	0.00378	0.00385
22	0.00873	0.00638	0.00891	0.00889	0.00973	0.00710	0.00656	0.01018	0.00933	0.01329	0.01637	0.02634	0.01614	0.20766	0.60759	0.00843	0.01328	0.00676	0.00332	0.00502
23	0.01236	0.01051	0.01220	0.00882	0.01391	0.00792	0.00699	0.01474	0.01217	0.01908	0.01067	0.01255	0.00895	0.00458	0.00446	0.00095	0.00441	0.00356	0.00356	0.82762
24	0.01463	0.01391	0.02346	0.03524	0.75769	0.01384	0.01769	0.01787	0.01332	0.01913	0.01125	0.01483	0.00953	0.00543	0.00587	0.00179	0.00695	0.00525	0.00300	0.00930
25	0.02536	0.01011	0.01353	0.01042	0.01489	0.00866	0.00853	0.02744	0.01642	0.72459	0.02235	0.01972	0.01431	0.00726	0.00589	0.00182	0.00501	0.00579	0.00704	0.05087
26	0.00750	0.00537	0.00702	0.00831	0.00869	0.00496	0.00554	0.00836	0.01127	0.01508	0.03186	0.78970	0.03807	0.01815	0.00750	0.00241	0.00350	0.01633	0.00546	0.00492
27	0.01463	0.01391	0.02346	0.03524	0.75769	0.01384	0.01769	0.01787	0.01332	0.01913	0.01125	0.01483	0.00953	0.00543	0.00587	0.00179	0.00695	0.00525	0.00300	0.00930
28	0.01197	0.02978	0.76365	0.01658	0.02502	0.01353	0.02124	0.01843	0.01238	0.01856	0.01076	0.01277	0.00773	0.00577	0.00565	0.00190	0.00859	0.00439	0.00259	0.00869
29	0.01131	0.01051	0.01745	0.77939	0.03954	0.01296	0.01603	0.01495	0.01175	0.01509	0.01067	0.01592	0.00811	0.00605	0.00593	0.00200	0.00777	0.00524	0.00272	0.00661
30	0.00761	0.00619	0.00667	0.00686	0.00862	0.00533	0.00519	0.00905	0.01332	0.01633	0.08298	0.11434	0.59601	0.01503	0.00712	0.00212	0.00334	0.08323	0.00550	0.00515
31	0.01398	0.01573	0.03392	0.02433	0.03012	0.01470	0.73689	0.01863	0.01380	0.01877	0.01206	0.01609	0.00915	0.00516	0.00695	0.00202	0.00978	0.00689	0.00307	0.00796
32	0.01416	0.01359	0.02322	0.03511	0.76330	0.01359	0.01755	0.01755	0.01302	0.01869	0.01076	0.01416	0.00906	0.00510	0.00566	0.00170	0.00680	0.00510	0.00283	0.00906
33	0.01147	0.02959	0.76934	0.01630	0.02476	0.01328	0.02113	0.01811	0.01208	0.01811	0.01026	0.01208	0.00725	0.00543	0.00543	0.00181	0.00845	0.00423	0.00242	0.00845
34	0.01080	0.01017	0.01716	0.78523	0.03940	0.01271	0.01589	0.01461	0.01144	0.01461	0.01017	0.01525	0.00762	0.00572	0.00572	0.00191	0.00762	0.00508	0.00254	0.00635
35	0.01399	0.01342	0.02292	0.07234	0.72737	0.01355	0.01747	0.01741	0.01295	0.01848	0.01073	0.01421	0.00899	0.00513	0.00567	0.00171	0.00684	0.00510	0.00282	0.00893
36	0.01147	0.02959	0.76934	0.01630	0.02476	0.01328	0.02113	0.01811	0.01208	0.01811	0.01026	0.01208	0.00725	0.00543	0.00543	0.00181	0.00845	0.00423	0.00242	0.00845
37	0.01416	0.01359	0.02322	0.03511	0.76330	0.01359	0.01755	0.01755	0.01302	0.01869	0.01076	0.01416	0.00906	0.00510	0.00566	0.00170	0.00680	0.00510	0.00283	0.00906
38	0.00724	0.00571	0.00661	0.00719	0.00859	0.00509	0.00545	0.00878	0.01251	0.01552	0.04613	0.25312	0.44259	0.01563	0.00710	0.00216	0.00342	0.13701	0.00530	0.00486
39	0.00994	0.00497	0.00745	0.00745	0.00745	0.00497	0.00497	0.00745	0.00745	0.00994	0.00994	0.01739	0.00994	0.01987	0.02235	0.83358	0.00497	0.00497	0.00248	0.00248
40	0.01529	0.80242	0.02997	0.00979	0.01468	0.02263	0.00979	0.01713	0.01162	0.01346	0.00795	0.00918	0.00734	0.00489	0.00367	0.00122	0.00612	0.00306	0.00245	0.00734
41	0.01186	0.01017	0.01186	0.00847	0.01356	0.00762	0.00678	0.01440	0.01186	0.01864	0.01017	0.01186	0.00847	0.00424	0.00424	0.00085	0.00424	0.00339	0.00339	0.83395
42	0.00936	0.00681	0.00840	0.00751	0.00962	0.00605	0.00571	0.01228	0.04066	0.05115	0.49048	0.06140	0.12945	0.01084	0.00633	0.00170	0.00311	0.00942	0.00575	0.12397
43	0.01251	0.01251	0.01752	0.01502	0.01502	0.01752	0.01251	0.01377	0.00876	0.01377	0.00751	0.01251	0.00751	0.01001	0.01877	0.00250	0.78851	0.00501	0.00250	0.00626
44	0.01080	0.01017	0.01716	0.78523	0.03940	0.01271	0.01589	0.01461	0.01144	0.01461	0.01017	0.01525	0.00762	0.00572	0.00572	0.00191	0.00762	0.00508	0.00254	0.00635
45	0.01356	0.00702	0.00938	0.00827	0.01051	0.00631	0.00642	0.01598	0.01579	0.25640	0.45725	0.09249	0.03976	0.01080	0.00650	0.00185	0.00348	0.02508	0.00645	0.00670
46	0.02464	0.00951	0.01295	0.01000	0.01425	0.00823	0.00823	0.02688	0.01636	0.72384	0.06560	0.02083	0.01648	0.00735	0.00581	0.00177	0.00474	0.00602	0.00703	0.00948
47	0.00703	0.00502	0.00669	0.00792	0.00831	0.00469	0.00531	0.00811	0.01123	0.01504	0.07020	0.75531	0.03869	0.01759	0.00727	0.00230	0.00329	0.01595	0.00536	0.00469
48	0.02493	0.01021	0.01349	0.01042	0.01480	0.00921	0.00858	0.06978	0.04961	0.69169	0.02208	0.01922	0.01405	0.00710	0.00575	0.00177	0.00494	0.00575	0.00694	0.00970
49	0.01147	0.02959	0.76934	0.01630	0.02476	0.01328	0.02113	0.01811	0.01208	0.01811	0.01026	0.01208	0.00725	0.00543	0.00543	0.00181	0.00845	0.00423	0.00242	0.00845
50	0.02245	0.00902	0.01224	0.00963	0.01349	0.00786	0.00786	0.02475	0.01634	0.63098	0.15764	0.02373	0.02145	0.00792	0.00593	0.00178	0.00447	0.00659	0.00694	0.00894
51	0.01216	0.00678	0.00693	0.00639	0.00816	0.00701	0.00493	0.11219	0.01401	0.02332	0.01799	0.02030	0.01399	0.00669	0.00423	0.00138	0.00316	0.00531	0.71914	0.00593
52	0.01114	0.01065	0.01839	0.70108	0.08112	0.01285	0.05455	0.01498	0.01164	0.01505	0.01028	0.01520	0.00776	0.00563	0.00577	0.00190	0.00768	0.00517	0.00258	0.00658
53	0.01373	0.01316	0.02245	0.12999	0.67174	0.01348	0.01734	0.01718	0.01282	0.01817	0.01068	0.01429	0.00888	0.00518	0.00567	0.00173	0.00690	0.00509	0.00279	0.00872
54	0.01342	0.01447	0.02904	0.02134	0.02648	0.01405	0.58273	0.02007	0.13953	0.01922	0.01446	0.01876	0.01133	0.00584	0.00665	0.00196	0.00856	0.04075	0.00350	0.00783
55	0.01192	0.11965	0.68318	0.01554	0.02358	0.01437	0.01981	0.01800	0.01202	0.01757	0.01000	0.01174	0.00726	0.00537	0.00523	0.00174	0.00818	0.00409	0.00242	0.00832
56	0.01147	0.02959	0.76934	0.01630	0.02476	0.01328	0.02113	0.01811	0.01208	0.01811	0.01026	0.01208	0.00725	0.00543	0.00543	0.00181	0.00845	0.00423	0.00242	0.00845
57	0.00832	0.00555	0.00624	0.00624	0.00624	0.00555	0.00347	0.00832	0.00832	0.01109	0.01802	0.03743	0.02080	0.79898	0.02911	0.00555	0.00555	0.00832	0.00347	0.00347
58	0.01512	0.76819	0.06272	0.01008	0.01513	0.02222	0.01029	0.01717	0.01164	0.01366	0.00805	0.00930	0.00734	0.00492	0.00375	0.00125	0.00622	0.00311	0.00245	0.00739
59	0.05172	0.00712	0.00925	0.00845	0.01041	0.00678	0.03155	0.01385	0.05757	0.11126	0.37439	0.17482	0.09695	0.01171	0.00652	0.00191	0.00353	0.01030	0.00585	0.00607
60	0.02343	0.01113	0.01336	0.01059	0.01469	0.05403	0.00861	0.06502	0.07908	0.58734	0.05549	0.01986	0.01565	0.00727	0.00577	0.00177	0.00513	0.00587	0.00662	0.00929
61	0.01818	0.02102	0.01676	0.01471	0.01672	0.44086	0.01157	0.07631	0.01434	0.01565	0.00874	0.01138	0.00760	0.00747	0.01015	0.00187	0.29265	0.00428	0.00300	0.00674

[dist]
# distance from previous block
# <min> <max>
0	1

[block]
# block no. 1 follows, 41 sequences, length 46
# corresponding to MSA columns:
# 249-294
name=unknown_B
#
# <colnr> <probs for GDERKNQSTAVLIFYWHMCP>
#	G	D	E	R	K	N	Q	S	T	A	V	L	I	F	Y	W	H	M	C	P
0	0.01901	0.02169	0.01512	0.01313	0.01654	0.50014	0.01004	0.09979	0.06222	0.01805	0.03937	0.01285	0.01021	0.00609	0.00518	0.00145	0.00830	0.00423	0.00362	0.13298
1	0.23506	0.01316	0.01124	0.00975	0.01289	0.12993	0.00771	0.14304	0.10183	0.07160	0.01426	0.01503	0.01075	0.00638	0.00467	0.00163	0.00529	0.00461	0.19396	0.00723
2	0.01480	0.01210	0.01468	0.01088	0.01568	0.01103	0.05478	0.23686	0.01651	0.02378	0.01211	0.04089	0.00993	0.00557	0.00496	0.00123	0.00517	0.00460	0.00414	0.50030
3	0.02199	0.01562	0.01692	0.01297	0.01754	0.01714	0.01071	0.69866	0.02622	0.08256	0.01429	0.01410	0.01001	0.00688	0.00572	0.00172	0.00620	0.00519	0.00581	0.00973
4	0.01350	0.01543	0.03375	0.02411	0.02989	0.01446	0.74253	0.01832	0.01350	0.01832	0.01157	0.01543	0.00868	0.00482	0.00675	0.00193	0.00964	0.00675	0.00289	0.00771
5	0.01929	0.00938	0.04058	0.00986	0.01338	0.00776	0.00829	0.02155	0.01542	0.48052	0.10141	0.07805	0.07547	0.00977	0.00634	0.00196	0.00467	0.08161	0.00647	0.00823
6	0.07136	0.05004	0.17758	0.01440	0.01886	0.43635	0.01293	0.11736	0.01633	0.01879	0.00998	0.01142	0.00783	0.00603	0.00525	0.00164	0.00894	0.00403	0.00331	0.00756
7	0.01441	0.01376	0.02335	0.03518	0.76035	0.01372	0.01762	0.01772	0.01318	0.01892	0.01102	0.01451	0.00931	0.00527	0.00577	0.00175	0.00688	0.00518	0.00292	0.00918
8	0.00725	0.00518	0.00684	0.00815	0.00850	0.00481	0.00543	0.00817	0.01112	0.01485	0.03170	0.79234	0.03796	0.01804	0.00740	0.00237	0.00341	0.01630	0.00539	0.00479
9	0.00858	0.00809	0.01211	0.01009	0.01284	0.00712	0.16260	0.01072	0.01330	0.01638	0.04702	0.04712	0.56911	0.01261	0.00691	0.00201	0.00453	0.03840	0.00487	0.00560
10	0.01441	0.01376	0.02335	0.03518	0.76035	0.01372	0.01762	0.01772	0.01318	0.01892	0.01102	0.01451	0.00931	0.00527	0.00577	0.00175	0.00688	0.00518	0.00292	0.00918
11	0.01173	0.02969	0.76636	0.01645	0.02489	0.01341	0.02119	0.01828	0.01224	0.01835	0.01053	0.01244	0.00750	0.00561	0.00555	0.00186	0.00853	0.00431	0.00251	0.00858
12	0.01214	0.11091	0.68865	0.01577	0.02384	0.01440	0.01999	0.01817	0.01219	0.01786	0.01028	0.01213	0.00751	0.00555	0.00536	0.00180	0.00828	0.00419	0.00251	0.00846
13	0.00725	0.00518	0.00684	0.00815	0.00850	0.00481	0.00543	0.00817	0.01112	0.01485	0.03170	0.79234	0.03796	0.01804	0.00740	0.00237	0.00341	0.01630	0.00539	0.00479
14	0.01372	0.01550	0.03334	0.02394	0.02955	0.01468	0.71718	0.01835	0.01351	0.01842	0.01170	0.01569	0.00889	0.00516	0.00723	0.00199	0.03360	0.00677	0.00297	0.00780
15	0.01978	0.01457	0.01512	0.01198	0.01591	0.03958	0.00974	0.56688	0.05205	0.03254	0.01503	0.01556	0.01103	0.00700	0.00553	0.00170	0.00582	0.00527	0.14592	0.00898
16	0.01358	0.01518	0.03212	0.05628	0.02950	0.01470	0.66333	0.01804	0.01327	0.01812	0.01152	0.01559	0.00881	0.00536	0.00755	0.00201	0.05774	0.00665	0.00294	0.00770
17	0.01045	0.00760	0.00929	0.00829	0.01015	0.00744	0.00635	0.12261	0.01796	0.02515	0.64379	0.03855	0.04730	0.01111	0.00670	0.00183	0.00334	0.00961	0.00629	0.00620
18	0.01173	0.02969	0.76636	0.01645	0.02489	0.01341	0.02119	0.01828	0.01224	0.01835	0.01053	0.01244	0.00750	0.00561	0.00555	0.00186	0.00853	0.00431	0.00251	0.00858
19	0.00739	0.00528	0.00700	0.00831	0.00873	0.00494	0.00568	0.00842	0.01126	0.01501	0.03162	0.74585	0.03764	0.01791	0.00744	0.00239	0.00354	0.06137	0.00539	0.00483
20	0.00725	0.00518	0.00684	0.00815	0.00850	0.00481	0.00543	0.00817	0.01112	0.01485	0.03170	0.79234	0.03796	0.01804	0.00740	0.00237	0.00341	0.01630	0.00539	0.00479
21	0.10653	0.02376	0.01524	0.01364	0.01683	0.60918	0.01035	0.02292	0.01570	0.09885	0.01054	0.01159	0.00825	0.00614	0.00517	0.00159	0.00917	0.00394	0.00356	0.00706
22	0.02119	0.01560	0.01683	0.01316	0.01754	0.01716	0.01087	0.69612	0.02615	0.03504	0.01500	0.01723	0.01140	0.00759	0.00597	0.00182	0.00631	0.04969	0.00577	0.00957
23	0.00826	0.00561	0.00654	0.00685	0.00696	0.00549	0.00405	0.00844	0.00914	0.01222	0.02157	0.22398	0.02518	0.60384	0.02376	0.00479	0.00508	0.01034	0.00401	0.00390
24	0.01173	0.02969	0.76636	0.01645	0.02489	0.01341	0.02119	0.01828	0.01224	0.01835	0.01053	0.01244	0.00750	0.00561	0.00555	0.00186	0.00853	0.00431	0.00251	0.00858
25	0.01441	0.01376	0.02335	0.03518	0.76035	0.01372	0.01762	0.01772	0.01318	0.01892	0.01102	0.01451	0.00931	0.00527	0.00577	0.00175	0.00688	0.00518	0.00292	0.00918
26	0.01441	0.01376	0.02335	0.03518	0.76035	0.01372	0.01762	0.01772	0.01318	0.01892	0.01102	0.01451	0.00931	0.00527	0.00577	0.00175	0.00688	0.00518	0.00292	0.00918
27	0.00846	0.00629	0.00919	0.00918	0.01016	0.00720	0.00703	0.01029	0.00931	0.01339	0.01573	0.02374	0.01494	0.09098	0.72570	0.00898	0.01475	0.00635	0.00318	0.00514
28	0.02123	0.01628	0.01650	0.01293	0.01720	0.06949	0.01054	0.64498	0.02531	0.03375	0.01396	0.01434	0.01012	0.00696	0.00568	0.00172	0.00642	0.00514	0.05809	0.00935
29	0.01571	0.77729	0.02968	0.01010	0.01495	0.04411	0.00992	0.01746	0.01192	0.01373	0.00825	0.00958	0.00759	0.00510	0.00383	0.00128	0.00632	0.00317	0.00255	0.00745
30	0.01212	0.01035	0.01204	0.00865	0.01374	0.00778	0.00689	0.01458	0.01202	0.01887	0.01043	0.01222	0.00872	0.00442	0.00435	0.00090	0.00433	0.00348	0.00348	0.83063
31	0.83619	0.01124	0.00860	0.00771	0.01126	0.01296	0.00631	0.01698	0.00991	0.02587	0.00824	0.00967	0.00645	0.00549	0.00366	0.00182	0.00452	0.00319	0.00363	0.00633
32	0.01212	0.01035	0.01204	0.00865	0.01374	0.00778	0.00689	0.01458	0.01202	0.01887	0.01043	0.01222	0.00872	0.00442	0.00435	0.00090	0.00433	0.00348	0.00348	0.83063
33	0.00837	0.00605	0.00784	0.00738	0.00875	0.00556	0.00552	0.01099	0.01634	0.02315	0.75741	0.04296	0.05403	0.01184	0.00685	0.00185	0.00280	0.01041	0.00637	0.00554
34	0.00845	0.00633	0.00938	0.00937	0.01041	0.00731	0.00726	0.01041	0.00937	0.01353	0.01556	0.02279	0.01452	0.04292	0.77321	0.00921	0.01537	0.00621	0.00315	0.00525
35	0.01554	0.79929	0.03007	0.00996	0.01486	0.02272	0.00989	0.01730	0.01179	0.01371	0.00822	0.00955	0.00759	0.00507	0.00379	0.00127	0.00620	0.00315	0.00254	0.00747
36	0.01093	0.00553	0.00554	0.00552	0.00688	0.00550	0.00412	0.01351	0.01216	0.02155	0.01889	0.02165	0.01488	0.00683	0.00412	0.00138	0.00276	0.00541	0.82737	0.00547
37	0.00739	0.00537	0.00691	0.00786	0.00849	0.00493	0.00536	0.00859	0.01203	0.01610	0.13662	0.62471	0.10037	0.01688	0.00728	0.00226	0.00329	0.01511	0.00553	0.00491
38	0.00904	0.00654	0.00828	0.00787	0.00928	0.00621	0.00584	0.05587	0.01620	0.02269	0.60038	0.15570	0.04884	0.01249	0.00687	0.00192	0.00311	0.01098	0.00619	0.00569
39	0.01020	0.00517	0.00765	0.00764	0.00766	0.00513	0.00509	0.00766	0.00763	0.01020	0.01020	0.01773	0.01018	0.01999	0.02240	0.83015	0.00506	0.00505	0.00258	0.00264
40	0.01321	0.01344	0.01672	0.01452	0.01484	0.08408	0.01185	0.01437	0.00959	0.01389	0.00868	0.01426	0.00864	0.05089	0.04209	0.00282	0.65201	0.00518	0.00270	0.00625
41	0.01554	0.79929	0.03007	0.00996	0.01486	0.02272	0.00989	0.01730	0.01179	0.01371	0.00822	0.00955	0.00759	0.00507	0.00379	0.00127	0.00620	0.00315	0.00254	0.00747
42	0.83619	0.01124	0.00860	0.00771	0.01126	0.01296	0.00631	0.01698	0.00991	0.02587	0.00824	0.00967	0.00645	0.00549	0.00366	0.00182	0.00452	0.00319	0.00363	0.00633
43	0.01146	0.08756	0.57677	0.01437	0.02131	0.01281	0.01759	0.01695	0.01291	0.01880	0.13868	0.01745	0.01550	0.00664	0.00563	0.00181	0.00736	0.00527	0.00317	0.00797
44	0.01524	0.01126	0.01217	0.01076	0.01378	0.03999	0.00836	0.02571	0.45258	0.13959	0.17788	0.02546	0.02446	0.00858	0.00609	0.00191	0.00450	0.00714	0.00609	0.00842
45	0.01020	0.00517	0.00765	0.00764	0.00766	0.00513	0.00509	0.00766	0.00763	0.01020	0.01020	0.01773	0.01018	0.01999	0.02240	0.83015	0.00506	0.00505	0.00258	0.00264

[dist]
# distance from previous block
# <min> <max>
0	3

[block]
# block no. 2 follows, 41 sequences, length 58
# corresponding to MSA columns:
# 298-355
name=unknown_C
#
# <colnr> <probs for GDERKNQSTAVLIFYWHMCP>
#	G	D	E	R	K	N	Q	S	T	A	V	L	I	F	Y	W	H	M	C	P
0	0.05078	0.01053	0.01729	0.68060	0.10285	0.01280	0.01558	0.01500	0.01151	0.01553	0.01014	0.01490	0.00771	0.00566	0.00562	0.00189	0.00740	0.00500	0.00262	0.00660
1	0.02568	0.00975	0.01329	0.01019	0.01462	0.00842	0.00842	0.02789	0.01638	0.76701	0.02258	0.01950	0.01418	0.00709	0.00576	0.00177	0.00487	0.00576	0.00709	0.00974
2	0.01009	0.00547	0.00589	0.00578	0.00712	0.00536	0.00434	0.01275	0.01299	0.02172	0.19211	0.02636	0.02387	0.00785	0.00465	0.00145	0.00268	0.00651	0.63765	0.00536
3	0.00743	0.00591	0.00671	0.00670	0.00840	0.00519	0.00516	0.00937	0.01402	0.01791	0.26864	0.05225	0.47412	0.01378	0.00688	0.00196	0.00308	0.08181	0.00561	0.00506
4	0.01581	0.76421	0.02918	0.00982	0.01469	0.02196	0.00973	0.01766	0.01186	0.04956	0.00868	0.00970	0.00769	0.00501	0.00378	0.00125	0.00606	0.00320	0.00268	0.00747
5	0.01925	0.01437	0.01546	0.01248	0.01656	0.01602	0.01010	0.45070	0.28836	0.06814	0.01764	0.01679	0.01276	0.00721	0.00577	0.00180	0.00559	0.00566	0.00583	0.00950
6	0.02091	0.02175	0.01619	0.01382	0.01731	0.43518	0.01074	0.31417	0.02032	0.02297	0.01183	0.04599	0.00967	0.00683	0.00549	0.00161	0.00839	0.00483	0.00418	0.00781
7	0.01150	0.02960	0.76909	0.01632	0.02477	0.01330	0.02114	0.01813	0.01209	0.01813	0.01029	0.01211	0.00727	0.00545	0.00544	0.00182	0.00846	0.00423	0.00242	0.00846
8	0.08208	0.37525	0.01890	0.00898	0.01260	0.05172	0.00802	0.10492	0.01367	0.01952	0.01182	0.01334	0.00968	0.00574	0.00408	0.00138	0.00521	0.00401	0.24216	0.00694
9	0.77824	0.01123	0.02624	0.00764	0.01118	0.01248	0.00645	0.01669	0.00992	0.02529	0.00858	0.00999	0.00666	0.00540	0.00362	0.00175	0.00444	0.00324	0.04476	0.00622
10	0.01531	0.69578	0.09163	0.01061	0.01571	0.06186	0.01082	0.01753	0.01192	0.01390	0.00822	0.00951	0.00736	0.00501	0.00391	0.00129	0.00654	0.00320	0.00248	0.00741
11	0.00706	0.00502	0.00663	0.00789	0.00821	0.00471	0.00523	0.00800	0.01083	0.01445	0.03087	0.75722	0.03699	0.05687	0.00840	0.00249	0.00344	0.01587	0.00522	0.00460
12	0.03843	0.01625	0.05655	0.01294	0.01769	0.01680	0.01107	0.63282	0.04561	0.03367	0.01354	0.01370	0.00970	0.00667	0.00560	0.00169	0.00622	0.00501	0.00539	0.05066
13	0.01674	0.01637	0.02253	0.02546	0.36675	0.14811	0.14599	0.09593	0.02954	0.05950	0.01177	0.01412	0.00922	0.00555	0.00579	0.00172	0.00774	0.00522	0.00346	0.00851
14	0.05598	0.01141	0.01190	0.00969	0.01288	0.01242	0.00783	0.40905	0.01996	0.02952	0.01551	0.01667	0.01161	0.00672	0.00492	0.00157	0.00472	0.00513	0.34475	0.00776
15	0.01409	0.01185	0.01256	0.01124	0.01448	0.01346	0.00875	0.02883	0.67958	0.04209	0.02485	0.02292	0.05670	0.00804	0.00585	0.00192	0.00445	0.00669	0.00578	0.02589
16	0.00812	0.00586	0.00766	0.00721	0.00856	0.00541	0.00541	0.01081	0.01620	0.02296	0.76003	0.04275	0.05398	0.01171	0.00676	0.00180	0.00271	0.01035	0.00630	0.00541
17	0.00699	0.00500	0.00665	0.00798	0.00831	0.00466	0.00532	0.00798	0.01097	0.01462	0.03154	0.79500	0.03784	0.01793	0.00731	0.00233	0.00333	0.01626	0.00532	0.00466
18	0.09068	0.01140	0.01635	0.56288	0.03256	0.01370	0.01401	0.15575	0.01428	0.01981	0.01067	0.01443	0.00792	0.00592	0.00552	0.00186	0.00707	0.00492	0.00326	0.00700
19	0.02146	0.02343	0.01623	0.01409	0.01750	0.54191	0.01085	0.19330	0.03967	0.05238	0.01103	0.01187	0.00853	0.00624	0.00535	0.00156	0.00897	0.00421	0.00387	0.00758
20	0.00820	0.00615	0.00921	0.00921	0.01023	0.00716	0.00716	0.01023	0.00921	0.01330	0.01534	0.02250	0.01432	0.04290	0.77604	0.00919	0.01532	0.00614	0.00307	0.00512
21	0.01288	0.01228	0.02089	0.32503	0.48326	0.01326	0.01692	0.01643	0.01242	0.01713	0.01055	0.01461	0.00853	0.00535	0.00569	0.00178	0.00712	0.00510	0.00273	0.00803
22	0.01150	0.02960	0.76909	0.01632	0.02477	0.01330	0.02114	0.01813	0.01209	0.01813	0.01029	0.01211	0.00727	0.00545	0.00544	0.00182	0.00846	0.00423	0.00242	0.00846
23	0.02292	0.01132	0.01420	0.05299	0.04675	0.04628	0.00950	0.06172	0.08776	0.55312	0.02043	0.01852	0.01340	0.00694	0.00573	0.00178	0.00540	0.00564	0.00629	0.00932
24	0.01347	0.01530	0.03297	0.02367	0.02918	0.01462	0.70665	0.01811	0.01328	0.01812	0.01140	0.01532	0.00864	0.00509	0.00735	0.00196	0.04765	0.00667	0.00288	0.00765
25	0.01150	0.02960	0.76909	0.01632	0.02477	0.01330	0.02114	0.01813	0.01209	0.01813	0.01029	0.01211	0.00727	0.00545	0.00544	0.00182	0.00846	0.00423	0.00242	0.00846
26	0.00821	0.00608	0.00889	0.00889	0.00981	0.00699	0.00677	0.01003	0.00911	0.01307	0.01563	0.02409	0.01501	0.12332	0.69657	0.00881	0.01429	0.00637	0.00311	0.00494
27	0.57534	0.01069	0.00974	0.00827	0.01194	0.01166	0.00679	0.05088	0.01212	0.19355	0.01211	0.01246	0.00862	0.00587	0.00417	0.00175	0.00452	0.00391	0.04850	0.00711
28	0.02000	0.01516	0.01619	0.01282	0.01708	0.01693	0.01045	0.57705	0.19670	0.03323	0.01599	0.01554	0.01156	0.00709	0.00575	0.00177	0.00589	0.00546	0.00575	0.00958
29	0.00797	0.00540	0.00637	0.00674	0.00683	0.00531	0.00399	0.00824	0.00907	0.01209	0.02181	0.24913	0.02557	0.58054	0.02302	0.00465	0.00493	0.01054	0.00399	0.00381
30	0.83911	0.01108	0.00842	0.00754	0.01108	0.01284	0.00620	0.01683	0.00975	0.02568	0.00799	0.00932	0.00622	0.00532	0.00355	0.00177	0.00443	0.00311	0.00355	0.00621
31	0.01563	0.01450	0.01319	0.01186	0.01492	0.14860	0.00909	0.02779	0.55467	0.04953	0.02043	0.02020	0.01574	0.04956	0.00695	0.00205	0.00563	0.00605	0.00524	0.00836
32	0.02425	0.01048	0.01358	0.01048	0.01478	0.00964	0.00863	0.13190	0.01791	0.62367	0.05729	0.01979	0.01547	0.00729	0.00581	0.00177	0.00498	0.00589	0.00685	0.00953
33	0.01150	0.02960	0.76909	0.01632	0.02477	0.01330	0.02114	0.01813	0.01209	0.01813	0.01029	0.01211	0.00727	0.00545	0.00544	0.00182	0.00846	0.00423	0.00242	0.00846
34	0.00924	0.00660	0.00923	0.01055	0.01187	0.00660	0.00923	0.01187	0.01318	0.01714	0.03030	0.06453	0.03293	0.01581	0.00791	0.00264	0.00527	0.72455	0.00527	0.00528
35	0.00699	0.00500	0.00665	0.00798	0.00831	0.00466	0.00532	0.00798	0.01097	0.01462	0.03154	0.79500	0.03784	0.01793	0.00731	0.00233	0.00333	0.01626	0.00532	0.00466
36	0.02139	0.02727	0.01622	0.01475	0.01770	0.77575	0.01106	0.02285	0.01622	0.01402	0.00886	0.01035	0.00739	0.00591	0.00517	0.00148	0.01032	0.00369	0.00296	0.00664
37	0.00820	0.00611	0.00905	0.00905	0.01002	0.00708	0.00696	0.01013	0.00916	0.01318	0.01549	0.02330	0.01466	0.08317	0.73625	0.00900	0.01480	0.00625	0.00309	0.00503
38	0.02176	0.01604	0.01718	0.01317	0.01775	0.01775	0.01088	0.74398	0.02690	0.03606	0.01375	0.01376	0.00975	0.00688	0.00573	0.00172	0.00630	0.00516	0.00573	0.00974
39	0.00810	0.00585	0.00756	0.00714	0.00844	0.00540	0.00530	0.01064	0.01577	0.02225	0.71017	0.04279	0.06869	0.04757	0.00777	0.00198	0.00284	0.01030	0.00615	0.00531
40	0.02139	0.02727	0.01622	0.01475	0.01770	0.77575	0.01106	0.02285	0.01622	0.01402	0.00886	0.01035	0.00739	0.00591	0.00517	0.00148	0.01032	0.00369	0.00296	0.00664
41	0.00685	0.00581	0.00590	0.00588	0.00778	0.00487	0.00441	0.00835	0.01320	0.01583	0.09126	0.05448	0.72720	0.01437	0.00677	0.00193	0.00290	0.01199	0.00537	0.00487
42	0.00820	0.00615	0.00921	0.00921	0.01023	0.00716	0.00716	0.01023	0.00921	0.01330	0.01534	0.02250	0.01432	0.04290	0.77604	0.00919	0.01532	0.00614	0.00307	0.00512
43	0.01494	0.72597	0.10287	0.01044	0.01569	0.02172	0.01091	0.01724	0.01168	0.01394	0.00820	0.00949	0.00735	0.00496	0.00385	0.00129	0.00635	0.00318	0.00245	0.00746
44	0.01395	0.52693	0.29329	0.01212	0.01828	0.01931	0.01384	0.01749	0.01180	0.01514	0.00880	0.01024	0.00733	0.00510	0.00431	0.00144	0.00696	0.00348	0.00244	0.00775
45	0.83911	0.01108	0.00842	0.00754	0.01108	0.01284	0.00620	0.01683	0.00975	0.02568	0.00799	0.00932	0.00622	0.00532	0.00355	0.00177	0.00443	0.00311	0.00355	0.00621
46	0.02139	0.02727	0.01622	0.01475	0.01770	0.77575	0.01106	0.02285	0.01622	0.01402	0.00886	0.01035	0.00739	0.00591	0.00517	0.00148	0.01032	0.00369	0.00296	0.00664
47	0.00874	0.00674	0.00817	0.00880	0.00986	0.00694	0.00620	0.01336	0.18473	0.01718	0.06275	0.57980	0.03381	0.01527	0.00694	0.00221	0.00358	0.01370	0.00548	0.00572
48	0.00699	0.00500	0.00665	0.00798	0.00831	0.00466	0.00532	0.00798	0.01097	0.01462	0.03154	0.79500	0.03784	0.01793	0.00731	0.00233	0.00333	0.01626	0.00532	0.00466
49	0.01917	0.01354	0.01441	0.01134	0.01516	0.01485	0.00927	0.57306	0.02342	0.03262	0.01491	0.01554	0.01090	0.00683	0.00533	0.00163	0.00545	0.00520	0.19866	0.00871
50	0.00695	0.00582	0.00604	0.00598	0.00784	0.00491	0.00448	0.00854	0.01343	0.01638	0.14308	0.05357	0.67503	0.01416	0.00677	0.00192	0.00288	0.01187	0.00544	0.00491
51	0.00812	0.00586	0.00766	0.00721	0.00856	0.00541	0.00541	0.01081	0.01620	0.02296	0.76003	0.04275	0.05398	0.01171	0.00676	0.00180	0.00271	0.01035	0.00630	0.00541
52	0.01425	0.01230	0.01295	0.01165	0.01489	0.01424	0.00906	0.03040	0.75271	0.02395	0.02330	0.02137	0.01748	0.00777	0.00583	0.00194	0.00453	0.00647	0.00583	0.00906
53	0.02176	0.01604	0.01718	0.01317	0.01775	0.01775	0.01088	0.74398	0.02690	0.03606	0.01375	0.01376	0.00975	0.00688	0.00573	0.00172	0.00630	0.00516	0.00573	0.00974
54	0.83911	0.01108	0.00842	0.00754	0.01108	0.01284	0.00620	0.01683	0.00975	0.02568	0.00799	0.00932	0.00622	0.00532	0.00355	0.00177	0.00443	0.00311	0.00355	0.00621
55	0.83911	0.01108	0.00842	0.00754	0.01108	0.01284	0.00620	0.01683	0.00975	0.02568	0.00799	0.00932	0.00622	0.00532	0.00355	0.00177	0.00443	0.00311	0.00355	0.00621
56	0.02489	0.00993	0.01324	0.01019	0.01455	0.00876	0.00841	0.06299	0.01679	0.70791	0.02320	0.02027	0.03668	0.00729	0.00578	0.00177	0.00488	0.00591	0.00696	0.00958
57	0.01249	0.01244	0.01735	0.01482	0.01497	0.01722	0.01234	0.01378	0.00885	0.01391	0.00759	0.01249	0.00754	0.00984	0.01833	0.00245	0.76462	0.00496	0.00253	0.03147

[dist]
# distance from previous block
# <min> <max>
0	4

[block]
# block no. 3 follows, 41 sequences, length 25
# corresponding to MSA columns:
# 360-384
name=unknown_D
#
# <colnr> <probs for GDERKNQSTAVLIFYWHMCP>
#	G	D	E	R	K	N	Q	S	T	A	V	L	I	F	Y	W	H	M	C	P
0	0.04313	0.00822	0.01052	0.00864	0.01140	0.00748	0.00651	0.02030	0.01319	0.46521	0.02045	0.02583	0.01638	0.30055	0.01435	0.00317	0.00511	0.00663	0.00564	0.00731
1	0.01869	0.01580	0.02331	0.01722	0.02224	0.01652	0.28206	0.47517	0.02193	0.02948	0.01293	0.01436	0.00934	0.00611	0.00610	0.00180	0.00754	0.00574	0.00467	0.00898
2	0.00676	0.00579	0.00579	0.00579	0.00773	0.00483	0.00435	0.00821	0.01304	0.01545	0.05794	0.05505	0.76098	0.01449	0.00676	0.00193	0.00290	0.01207	0.00531	0.00483
3	0.02055	0.00989	0.01275	0.00954	0.01421	0.00812	0.00780	0.02288	0.01470	0.48978	0.01797	0.01665	0.01205	0.00603	0.00519	0.00143	0.00463	0.00488	0.00571	0.31523
4	0.01957	0.00857	0.01177	0.01031	0.01358	0.00773	0.00871	0.02194	0.01518	0.48922	0.02543	0.03617	0.02111	0.01031	0.00655	0.00209	0.00502	0.27227	0.00641	0.00808
5	0.53227	0.01073	0.01165	0.29578	0.02156	0.01279	0.00979	0.01600	0.01037	0.02157	0.00878	0.01150	0.00672	0.00546	0.00435	0.00182	0.00561	0.00383	0.00317	0.00625
6	0.01028	0.00904	0.01287	0.01172	0.01228	0.01186	0.00949	0.01198	0.00911	0.01384	0.01185	0.01783	0.01118	0.02622	0.39465	0.00578	0.37159	0.00558	0.03719	0.00565
7	0.00774	0.00564	0.00607	0.00607	0.00679	0.00528	0.00379	0.00828	0.01007	0.01271	0.03282	0.04396	0.29515	0.50820	0.02083	0.00421	0.00456	0.00971	0.00415	0.00397
8	0.01049	0.00867	0.01087	0.00874	0.01232	0.00745	0.00692	0.01285	0.01087	0.01665	0.01208	0.01579	0.01063	0.01857	0.29041	0.00394	0.00834	0.00440	0.00327	0.52673
9	0.01195	0.10926	0.66491	0.01592	0.02390	0.01430	0.04712	0.01802	0.01208	0.01764	0.01007	0.01190	0.00731	0.00536	0.00530	0.00175	0.00826	0.00420	0.00244	0.00831
10	0.01052	0.08200	0.42846	0.01241	0.01795	0.01110	0.01440	0.01532	0.01357	0.01953	0.28808	0.02321	0.02457	0.00771	0.00578	0.00176	0.00614	0.00640	0.00386	0.00723
11	0.00985	0.00841	0.00948	0.00747	0.01126	0.00651	0.00584	0.01194	0.01227	0.01736	0.02842	0.04767	0.28813	0.00838	0.00525	0.00129	0.00372	0.00693	0.00415	0.50567
12	0.01269	0.04539	0.44036	0.02387	0.32890	0.01368	0.01933	0.01785	0.01245	0.01822	0.01040	0.01285	0.00800	0.00528	0.00548	0.00175	0.00770	0.00455	0.00259	0.00867
13	0.01048	0.00824	0.01356	0.49694	0.02756	0.00984	0.01184	0.01196	0.00996	0.01288	0.01008	0.01604	0.00848	0.01096	0.01188	0.31017	0.00664	0.00504	0.00252	0.00492
14	0.01649	0.01914	0.01363	0.01264	0.01492	0.47187	0.00960	0.03639	0.01388	0.01429	0.01137	0.01491	0.01000	0.01963	0.29100	0.00434	0.01207	0.00463	0.00306	0.00614
15	0.53077	0.00911	0.00744	0.00688	0.00983	0.00987	0.00551	0.01362	0.01096	0.02188	0.02649	0.02625	0.28596	0.00871	0.00473	0.00183	0.00386	0.00642	0.00420	0.00569
16	0.01450	0.00728	0.00958	0.00818	0.01072	0.00647	0.00642	0.01691	0.01599	0.29820	0.42828	0.03513	0.09817	0.01022	0.00638	0.00180	0.00352	0.00879	0.00650	0.00696
17	0.01866	0.00827	0.01050	0.00855	0.01205	0.00708	0.00690	0.02059	0.01514	0.48860	0.03568	0.03266	0.29097	0.00982	0.00613	0.00183	0.00414	0.00809	0.00642	0.00792
18	0.01698	0.01001	0.01238	0.00910	0.01394	0.00791	0.00738	0.01940	0.01353	0.29612	0.01476	0.01468	0.01058	0.00529	0.00480	0.00119	0.00447	0.00426	0.00476	0.52845
19	0.53290	0.01160	0.01178	0.01030	0.01253	0.01457	0.00854	0.01568	0.00937	0.02125	0.00780	0.01049	0.00668	0.00705	0.00919	0.00204	0.29505	0.00380	0.00316	0.00622
20	0.02421	0.01206	0.01472	0.01128	0.01576	0.01187	0.00932	0.29340	0.02027	0.49623	0.01929	0.01734	0.01252	0.00700	0.00574	0.00175	0.00540	0.00553	0.00658	0.00973
21	0.01642	0.01981	0.02725	0.02063	0.02537	0.29674	0.47140	0.02000	0.01450	0.01672	0.01056	0.01353	0.00819	0.00522	0.00616	0.00176	0.00989	0.00561	0.00291	0.00731
22	0.00684	0.00549	0.00611	0.00660	0.00794	0.00476	0.00470	0.00812	0.01226	0.01514	0.04815	0.32941	0.49294	0.01576	0.00696	0.00208	0.00305	0.01362	0.00531	0.00476
23	0.00697	0.00498	0.00664	0.00796	0.00830	0.00465	0.00531	0.00796	0.01095	0.01460	0.03153	0.79525	0.03783	0.01792	0.00730	0.00232	0.00332	0.01626	0.00531	0.00465
24	0.01882	0.01963	0.29509	0.01365	0.01963	0.01398	0.01412	0.31326	0.01902	0.19459	0.01444	0.01441	0.00981	0.00638	0.00562	0.00176	0.00677	0.00494	0.00480	0.00926

[dist]
# distance from previous block
# <min> <max>
0	4

[block]
# block no. 4 follows, 41 sequences, length 10
# corresponding to MSA columns:
# 389-398
name=unknown_E
#
# <colnr> <probs for GDERKNQSTAVLIFYWHMCP>
#	G	D	E	R	K	N	Q	S	T	A	V	L	I	F	Y	W	H	M	C	P
0	0.01775	0.48858	0.02440	0.01179	0.01590	0.32766	0.01030	0.01944	0.01348	0.01368	0.00831	0.00964	0.00735	0.00530	0.00427	0.00132	0.00782	0.00331	0.00265	0.00705
1	0.01183	0.00956	0.01022	0.00945	0.01138	0.01071	0.00679	0.02146	0.45147	0.01873	0.02115	0.02786	0.01881	0.32811	0.01525	0.00340	0.00494	0.00722	0.00487	0.00679
2	0.01216	0.01155	0.01961	0.48152	0.33249	0.01307	0.01656	0.01580	0.01208	0.01626	0.01041	0.01481	0.00821	0.00547	0.00570	0.00182	0.00729	0.00509	0.00266	0.00745
3	0.00697	0.00498	0.00664	0.00796	0.00830	0.00465	0.00531	0.00796	0.01095	0.01460	0.03153	0.79525	0.03783	0.01792	0.00730	0.00232	0.00332	0.01626	0.00531	0.00465
4	0.01758	0.02151	0.32171	0.01443	0.02058	0.01593	0.01503	0.45024	0.02089	0.02879	0.01233	0.01306	0.00872	0.00629	0.00561	0.00175	0.00717	0.00478	0.00438	0.00921
5	0.01120	0.00966	0.01004	0.00927	0.01198	0.01042	0.00715	0.02141	0.45339	0.02050	0.03732	0.03499	0.31849	0.01048	0.00620	0.00194	0.00387	0.00874	0.00561	0.00734
6	0.00831	0.00593	0.00817	0.00949	0.01041	0.00580	0.00764	0.01028	0.01227	0.01610	0.03079	0.36038	0.03491	0.01666	0.00766	0.00251	0.00448	0.43793	0.00528	0.00502
7	0.01722	0.02155	0.46323	0.01382	0.02064	0.01131	0.01598	0.02207	0.01382	0.32143	0.01525	0.01507	0.01004	0.00610	0.00556	0.00179	0.00700	0.00484	0.00430	0.00897
8	0.01420	0.01281	0.01710	0.02114	0.31790	0.01397	0.01250	0.02520	0.45338	0.02181	0.01821	0.01843	0.01406	0.00668	0.00576	0.00184	0.00545	0.00591	0.00461	0.00906
9	0.83938	0.01106	0.00841	0.00752	0.01106	0.01283	0.00619	0.01681	0.00973	0.02566	0.00796	0.00929	0.00619	0.00531	0.00354	0.00177	0.00442	0.00310	0.00354	0.00619

[dist]
# distance from previous block
# <min> <max>
7	25

[block]
# block no. 5 follows, 41 sequences, length 12
# corresponding to MSA columns:
# 425-436
name=unknown_F
#
# <colnr> <probs for GDERKNQSTAVLIFYWHMCP>
#	G	D	E	R	K	N	Q	S	T	A	V	L	I	F	Y	W	H	M	C	P
0	0.01611	0.01264	0.01369	0.01156	0.01494	0.01400	0.00915	0.28752	0.34568	0.02841	0.15877	0.02297	0.02176	0.00837	0.00609	0.00189	0.00493	0.00681	0.00597	0.00876
1	0.01375	0.01927	0.21305	0.01467	0.01761	0.15807	0.01386	0.01652	0.01201	0.01619	0.08683	0.01554	0.01253	0.00840	0.01154	0.00211	0.35283	0.00520	0.00307	0.00697
2	0.01298	0.01129	0.01008	0.00968	0.01081	0.20726	0.00701	0.01285	0.01075	0.01312	0.01188	0.01730	0.01086	0.01932	0.15793	0.37049	0.00818	0.00499	0.08868	0.00454
3	0.01121	0.01142	0.08961	0.00940	0.01394	0.00783	0.00812	0.01379	0.01190	0.01810	0.01451	0.15977	0.01416	0.00715	0.00507	0.00129	0.00461	0.00600	0.00375	0.58837
4	0.01931	0.01920	0.01487	0.01274	0.01575	0.35049	0.00967	0.28371	0.01879	0.02180	0.01267	0.01710	0.01105	0.15574	0.01001	0.00239	0.00803	0.00520	0.00416	0.00732
5	0.01546	0.01130	0.01211	0.01000	0.01300	0.01186	0.00777	0.37266	0.03849	0.04485	0.02687	0.02976	0.20888	0.15819	0.01053	0.00256	0.00528	0.00770	0.00532	0.00739
6	0.67966	0.01110	0.01028	0.15413	0.01663	0.01296	0.00816	0.01660	0.01026	0.02382	0.00870	0.01085	0.00677	0.00559	0.00409	0.00185	0.00513	0.00358	0.00346	0.00638
7	0.01151	0.01154	0.02150	0.58618	0.03691	0.01317	0.20592	0.01558	0.01198	0.01558	0.01053	0.01530	0.00790	0.00548	0.00599	0.00191	0.00815	0.00552	0.00263	0.00671
8	0.00715	0.00581	0.00633	0.00620	0.00796	0.00499	0.00465	0.00896	0.01396	0.01763	0.26238	0.05146	0.55518	0.01367	0.00676	0.00189	0.00284	0.01157	0.00560	0.00499
9	0.01140	0.00797	0.01276	0.01024	0.01274	0.00772	0.19714	0.01463	0.01239	0.02054	0.01681	0.01978	0.01310	0.00618	0.00472	0.00149	0.00449	0.00570	0.61424	0.00595
10	0.01107	0.02315	0.57009	0.01399	0.02023	0.01111	0.01691	0.01533	0.01087	0.01598	0.01018	0.01347	0.00795	0.00921	0.00986	0.21934	0.00754	0.00442	0.00243	0.00689
11	0.00845	0.00576	0.00759	0.00751	0.00870	0.00531	0.00549	0.01068	0.01483	0.04819	0.54250	0.23867	0.04828	0.01315	0.00685	0.00193	0.00294	0.01172	0.00607	0.00536

[dist]
# distance from previous block
# <min> <max>
0	2

[block]
# block no. 6 follows, 41 sequences, length 19
# corresponding to MSA columns:
# 439-457
name=unknown_G
#
# <colnr> <probs for GDERKNQSTAVLIFYWHMCP>
#	G	D	E	R	K	N	Q	S	T	A	V	L	I	F	Y	W	H	M	C	P
0	0.00717	0.00581	0.00637	0.00623	0.00798	0.00500	0.00467	0.00901	0.01401	0.01776	0.27478	0.05124	0.54270	0.01362	0.00676	0.00189	0.00284	0.01154	0.00562	0.00500
1	0.01600	0.01731	0.01270	0.01138	0.01426	0.34517	0.00870	0.11044	0.11032	0.01850	0.02646	0.02596	0.24162	0.00891	0.00581	0.00171	0.00678	0.00681	0.00439	0.00677
2	0.01008	0.02199	0.53387	0.01373	0.01967	0.01062	0.01625	0.01498	0.01173	0.01703	0.01683	0.25387	0.01669	0.00929	0.00601	0.00197	0.00687	0.00794	0.00331	0.00728
3	0.02566	0.00973	0.01327	0.01018	0.01460	0.00841	0.00841	0.02788	0.01637	0.76726	0.02257	0.01947	0.01416	0.00708	0.00575	0.00177	0.00487	0.00575	0.00708	0.00973
4	0.00942	0.00741	0.00906	0.00769	0.01028	0.00637	0.00591	0.01250	0.04094	0.02133	0.47250	0.03296	0.06879	0.00937	0.00594	0.00152	0.00325	0.00813	0.00534	0.26131
5	0.01041	0.00662	0.01156	0.01008	0.01101	0.00652	0.11823	0.00924	0.00845	0.01136	0.01042	0.01730	0.00993	0.01854	0.05213	0.67080	0.00613	0.00529	0.00257	0.00340
6	0.01333	0.01853	0.25358	0.02930	0.53528	0.01350	0.01866	0.01773	0.01273	0.01851	0.01061	0.01351	0.00850	0.00520	0.00559	0.00173	0.00731	0.00483	0.00270	0.00887
7	0.01637	0.01136	0.01583	0.01325	0.01467	0.01423	0.01100	0.01796	0.01113	0.24638	0.01252	0.01512	0.00987	0.01062	0.04967	0.00258	0.51093	0.00529	0.00394	0.00728
8	0.01831	0.02798	0.24873	0.01522	0.01987	0.54053	0.01416	0.02138	0.01493	0.01527	0.00928	0.01086	0.00733	0.00575	0.00524	0.00158	0.00974	0.00385	0.00278	0.00719
9	0.00777	0.00609	0.00706	0.00677	0.00845	0.00552	0.00509	0.01048	0.04572	0.01970	0.42168	0.04723	0.36217	0.01275	0.00671	0.00186	0.00286	0.01094	0.00585	0.00530
10	0.26403	0.00748	0.00690	0.00671	0.00907	0.00744	0.00530	0.01119	0.01211	0.01892	0.05850	0.04129	0.45721	0.01168	0.00585	0.00193	0.00354	0.06078	0.00479	0.00530
11	0.00901	0.00729	0.01120	0.24833	0.01861	0.00862	0.00928	0.01128	0.00975	0.01336	0.01414	0.02254	0.01324	0.14743	0.42375	0.00638	0.01144	0.00614	0.00296	0.00524
12	0.01227	0.00899	0.01053	0.00900	0.01136	0.00919	0.00706	0.23716	0.01940	0.02676	0.50879	0.03414	0.06145	0.01029	0.00643	0.00178	0.00381	0.00879	0.00609	0.00672
13	0.01869	0.01421	0.01553	0.01171	0.01645	0.01462	0.00961	0.51890	0.02225	0.03067	0.01263	0.01315	0.00934	0.00605	0.00526	0.00145	0.00566	0.00461	0.00500	0.26420
14	0.01857	0.02021	0.24939	0.01413	0.01990	0.01636	0.01404	0.52005	0.02232	0.03051	0.01266	0.01322	0.00896	0.00642	0.00563	0.00175	0.00696	0.00486	0.00470	0.00933
15	0.02566	0.00973	0.01327	0.01018	0.01460	0.00841	0.00841	0.02788	0.01637	0.76726	0.02257	0.01947	0.01416	0.00708	0.00575	0.00177	0.00487	0.00575	0.00708	0.00973
16	0.83938	0.01106	0.00841	0.00752	0.01106	0.01283	0.00619	0.01681	0.00973	0.02566	0.00796	0.00929	0.00619	0.00531	0.00354	0.00177	0.00442	0.00310	0.00354	0.00619
17	0.01762	0.02088	0.01405	0.01344	0.01588	0.53846	0.01049	0.01945	0.01527	0.01496	0.01546	0.02705	0.01526	0.00895	0.00600	0.00183	0.00876	0.22632	0.00366	0.00621
18	0.01894	0.02361	0.02163	0.01763	0.02145	0.54090	0.23689	0.02145	0.01537	0.01533	0.00968	0.01189	0.00777	0.00556	0.00565	0.00161	0.01011	0.00463	0.00293	0.00697

[dist]
# distance from previous block
# <min> <max>
0	12

[block]
# block no. 7 follows, 41 sequences, length 6
# corresponding to MSA columns:
# 470-475
name=unknown_H
#
# <colnr> <probs for GDERKNQSTAVLIFYWHMCP>
#	G	D	E	R	K	N	Q	S	T	A	V	L	I	F	Y	W	H	M	C	P
0	0.01253	0.01057	0.01146	0.01078	0.01333	0.01198	0.00818	0.02514	0.57903	0.02174	0.02521	0.20276	0.02224	0.01014	0.00617	0.00203	0.00424	0.00876	0.00570	0.00802
