[name]
unknown

[dist]
# distance from previous block
# <min> <max>
4	195

[block]
# block no. 0 follows, 41 sequences, length 73
# corresponding to MSA columns:
# 196-268
name=unknown_A
#
# <colnr> <probs for GDERKNQSTAVLIFYWHMCP>
#	G	D	E	R	K	N	Q	S	T	A	V	L	I	F	Y	W	H	M	C	P
0	0.00681	0.00560	0.00599	0.00631	0.00786	0.00479	0.00457	0.00815	0.01254	0.01525	0.05169	0.23029	0.58978	0.01530	0.00689	0.00202	0.00300	0.01306	0.00531	0.00479
1	0.00817	0.00613	0.00919	0.00919	0.01021	0.00715	0.00715	0.01021	0.00919	0.01328	0.01532	0.02247	0.01430	0.04290	0.77631	0.00919	0.01532	0.00613	0.00306	0.00511
2	0.00997	0.19420	0.01186	0.00708	0.00824	0.00959	0.00496	0.01040	0.00910	0.01165	0.01564	0.03074	0.01761	0.61099	0.02309	0.00452	0.00568	0.00707	0.00322	0.00438
3	0.83938	0.01106	0.00841	0.00752	0.01106	0.01283	0.00619	0.01681	0.00973	0.02566	0.00796	0.00929	0.00619	0.00531	0.00354	0.00177	0.00442	0.00310	0.00354	0.00619
4	0.01265	0.13254	0.48786	0.01430	0.02102	0.01480	0.01670	0.02088	0.18741	0.01885	0.01303	0.01387	0.00968	0.00591	0.00528	0.00176	0.00720	0.00460	0.00323	0.00844
5	0.01133	0.00826	0.00990	0.00861	0.01072	0.00832	0.00669	0.18443	0.01872	0.02604	0.58354	0.03586	0.04350	0.01055	0.00650	0.00178	0.00355	0.00911	0.00616	0.00642
6	0.01286	0.01418	0.02982	0.20430	0.03214	0.01405	0.57050	0.01744	0.01301	0.01744	0.01124	0.01539	0.00843	0.00503	0.00651	0.00192	0.00917	0.00636	0.00281	0.00739
7	0.00697	0.00498	0.00664	0.00796	0.00830	0.00465	0.00531	0.00796	0.01095	0.01460	0.03153	0.79525	0.03783	0.01792	0.00730	0.00232	0.00332	0.01626	0.00531	0.00465
8	0.04656	0.01806	0.01710	0.01829	0.19328	0.26227	0.01192	0.21524	0.08036	0.02231	0.01294	0.05221	0.01074	0.00670	0.00554	0.00168	0.00736	0.00526	0.00405	0.00813
9	0.64581	0.01224	0.01048	0.00886	0.01264	0.01399	0.00730	0.18902	0.01380	0.02812	0.00933	0.01034	0.00703	0.00568	0.00406	0.00176	0.00487	0.00358	0.00406	0.00703
10	0.01047	0.00759	0.00913	0.00919	0.01053	0.00775	0.00663	0.18227	0.01473	0.01968	0.02731	0.61023	0.03118	0.01530	0.00693	0.00218	0.00402	0.01363	0.00541	0.00585
11	0.60143	0.01002	0.00933	0.00929	0.04839	0.01152	0.00699	0.01529	0.00977	0.02238	0.00985	0.01265	0.00826	0.01420	0.18660	0.00352	0.00712	0.00391	0.00339	0.00608
12	0.01483	0.02489	0.59035	0.01485	0.02235	0.01213	0.01812	0.02043	0.01309	0.19547	0.01318	0.01383	0.00888	0.00582	0.00551	0.00180	0.00760	0.00459	0.00352	0.00876
13	0.83938	0.01106	0.00841	0.00752	0.01106	0.01283	0.00619	0.01681	0.00973	0.02566	0.00796	0.00929	0.00619	0.00531	0.00354	0.00177	0.00442	0.00310	0.00354	0.00619
14	0.00828	0.00568	0.00694	0.00694	0.00718	0.00593	0.00434	0.00877	0.00853	0.01161	0.01738	0.03389	0.01926	0.61998	0.20601	0.00641	0.00786	0.00780	0.00337	0.00385
15	0.01545	0.01557	0.02982	0.02152	0.02702	0.01524	0.56931	0.19018	0.01667	0.02252	0.01208	0.01503	0.00893	0.00531	0.00651	0.00188	0.00885	0.00637	0.00356	0.00819
16	0.01480	0.01216	0.01295	0.01157	0.01486	0.01394	0.00902	0.03027	0.71622	0.06102	0.02324	0.02125	0.01730	0.00773	0.00582	0.00193	0.00454	0.00643	0.00588	0.00909
17	0.20484	0.00708	0.00774	0.00721	0.00910	0.00713	0.00554	0.01210	0.01451	0.02323	0.54924	0.03539	0.07582	0.01031	0.00599	0.00180	0.00312	0.00871	0.00560	0.00556
18	0.01161	0.01067	0.01616	0.60209	0.03359	0.01307	0.01427	0.01835	0.18699	0.01682	0.01327	0.01669	0.00995	0.00620	0.00574	0.00191	0.00689	0.00541	0.00332	0.00699
19	0.00940	0.00588	0.00732	0.00687	0.00834	0.00550	0.00518	0.01207	0.01520	0.05196	0.55557	0.03674	0.04309	0.01032	0.00606	0.00169	0.00278	0.00898	0.20151	0.00555
20	0.64572	0.01490	0.01025	0.00923	0.01263	0.19351	0.00734	0.01824	0.01127	0.02290	0.00817	0.00953	0.00647	0.00545	0.00392	0.00170	0.00582	0.00324	0.00340	0.00630
21	0.01149	0.00936	0.01016	0.00937	0.01148	0.01032	0.00692	0.02099	0.42500	0.02026	0.13412	0.03024	0.06548	0.19604	0.01153	0.00277	0.00440	0.00780	0.00531	0.00695
22	0.00874	0.00687	0.00990	0.19139	0.01585	0.00713	0.00788	0.01170	0.01507	0.02097	0.58270	0.03622	0.04300	0.01028	0.00650	0.00182	0.00386	0.00910	0.00541	0.00562
23	0.64302	0.00962	0.00818	0.00751	0.01021	0.01097	0.00590	0.01460	0.00919	0.02194	0.00843	0.01121	0.00708	0.00876	0.00799	0.19870	0.00455	0.00354	0.00329	0.00532
24	0.01251	0.01056	0.01144	0.01077	0.01332	0.01196	0.00817	0.02508	0.57730	0.02172	0.02523	0.20456	0.02228	0.01017	0.00617	0.00203	0.00424	0.00879	0.00570	0.00801
25	0.01420	0.01155	0.01312	0.00958	0.01455	0.01002	0.00775	0.18718	0.01542	0.02276	0.01101	0.01230	0.00877	0.00486	0.00459	0.00105	0.00472	0.00381	0.00394	0.63882
26	0.00796	0.00583	0.00747	0.00709	0.00847	0.00534	0.00531	0.01052	0.01583	0.02215	0.68743	0.05747	0.11366	0.01204	0.00676	0.00182	0.00273	0.01060	0.00619	0.00534
27	0.64227	0.00981	0.00779	0.00711	0.01027	0.01094	0.00576	0.01478	0.01052	0.02325	0.01980	0.02012	0.18489	0.00748	0.00430	0.00181	0.00406	0.00522	0.00396	0.00587
28	0.01338	0.01064	0.01113	0.01015	0.01293	0.01212	0.00786	0.02635	0.57755	0.02331	0.02219	0.02134	0.01680	0.00750	0.00539	0.00180	0.00409	0.00620	0.20111	0.00817
29	0.00697	0.00554	0.00626	0.00663	0.00799	0.00483	0.00476	0.00841	0.01272	0.01598	0.12468	0.28764	0.45688	0.01527	0.00693	0.00204	0.00301	0.01321	0.00542	0.00483
30	0.01423	0.01229	0.01293	0.01164	0.01487	0.01423	0.00905	0.03039	0.75297	0.02393	0.02328	0.02134	0.01746	0.00776	0.00582	0.00194	0.00453	0.00647	0.00582	0.00905
31	0.00750	0.00536	0.00725	0.00857	0.00914	0.00510	0.00623	0.00888	0.01148	0.01520	0.03123	0.62225	0.03667	0.01742	0.00744	0.00240	0.00378	0.18400	0.00530	0.00479
32	0.01959	0.01495	0.01595	0.01272	0.01692	0.01673	0.01035	0.53962	0.23501	0.03257	0.01647	0.01591	0.01194	0.00712	0.00575	0.00178	0.00579	0.00553	0.00575	0.00953
33	0.01005	0.00545	0.00588	0.00577	0.00711	0.00535	0.00433	0.01273	0.01299	0.02171	0.19423	0.02639	0.02397	0.00785	0.00465	0.00144	0.00267	0.00652	0.63555	0.00535
34	0.02474	0.01122	0.01420	0.01088	0.01534	0.01062	0.00899	0.19747	0.01886	0.59415	0.02047	0.01811	0.01311	0.00703	0.00574	0.00176	0.00520	0.00561	0.00676	0.00973
35	0.01138	0.00847	0.01108	0.01013	0.01200	0.00966	0.00803	0.18399	0.01338	0.01867	0.01494	0.02040	0.01322	0.03437	0.59388	0.00742	0.01318	0.00590	0.00369	0.00620
36	0.01021	0.00907	0.01457	0.60081	0.03155	0.01101	0.01294	0.01312	0.01070	0.01378	0.01203	0.02050	0.01074	0.19352	0.01126	0.00277	0.00713	0.00585	0.00276	0.00567
37	0.00904	0.00739	0.00772	0.00739	0.00920	0.00740	0.00534	0.01390	0.20098	0.01658	0.03964	0.04226	0.39577	0.19849	0.01181	0.00279	0.00394	0.00975	0.00500	0.00559
38	0.01849	0.02237	0.01455	0.01374	0.01630	0.59386	0.01062	0.02024	0.01549	0.01474	0.01392	0.02315	0.01342	0.00824	0.00581	0.00175	0.00912	0.17440	0.00350	0.00631
39	0.00729	0.00511	0.00654	0.00756	0.00781	0.00486	0.00487	0.00805	0.01033	0.01377	0.02833	0.61584	0.03380	0.20283	0.01246	0.00309	0.00385	0.01438	0.00487	0.00437
40	0.02211	0.00869	0.01139	0.00903	0.01272	0.00768	0.00736	0.02443	0.01534	0.59067	0.02164	0.01991	0.01428	0.00698	0.00534	0.00167	0.00435	0.00565	0.20207	0.00869
41	0.00824	0.00551	0.00626	0.00634	0.00635	0.00549	0.00357	0.00830	0.00847	0.01129	0.01878	0.08000	0.02175	0.75510	0.02789	0.00536	0.00542	0.00876	0.00357	0.00353
42	0.00889	0.00637	0.00876	0.00956	0.01088	0.00624	0.00810	0.01154	0.01405	0.01882	0.24412	0.05814	0.03909	0.01460	0.00756	0.00239	0.00451	0.51552	0.00557	0.00531
43	0.01853	0.01368	0.01528	0.01222	0.01596	0.01523	0.00999	0.57045	0.02270	0.03066	0.01411	0.01580	0.01081	0.01540	0.18816	0.00349	0.00843	0.00538	0.00509	0.00863
44	0.01387	0.01286	0.04743	0.01093	0.01374	0.06437	0.00860	0.08872	0.42596	0.02104	0.01958	0.02327	0.01638	0.19476	0.01126	0.00274	0.00551	0.00649	0.00490	0.00760
45	0.20696	0.01038	0.01508	0.60111	0.03269	0.01274	0.01359	0.01514	0.01103	0.01723	0.00965	0.01384	0.00729	0.00562	0.00520	0.00187	0.00687	0.00461	0.00278	0.00632
46	0.01344	0.01525	0.03273	0.02354	0.02896	0.01466	0.69664	0.01804	0.01320	0.01804	0.01132	0.01525	0.00861	0.00515	0.00751	0.00196	0.05860	0.00664	0.00287	0.00762
47	0.00831	0.00557	0.00639	0.00639	0.00644	0.00563	0.00365	0.00841	0.00836	0.01120	0.01789	0.03668	0.02047	0.76126	0.06639	0.00573	0.00603	0.00821	0.00345	0.00355
48	0.01147	0.02959	0.76934	0.01630	0.02476	0.01328	0.02113	0.01811	0.01208	0.01811	0.01026	0.01208	0.00725	0.00543	0.00543	0.00181	0.00845	0.00423	0.00242	0.00845
49	0.01089	0.01015	0.01745	0.71073	0.03736	0.01240	0.04942	0.01443	0.01134	0.01455	0.01022	0.01536	0.00779	0.00638	0.00660	0.04340	0.00759	0.00516	0.00256	0.00622
50	0.01535	0.01285	0.01357	0.01187	0.01530	0.01475	0.00933	0.13707	0.64446	0.02574	0.02185	0.02020	0.01630	0.00763	0.00581	0.00191	0.00479	0.00627	0.00581	0.00915
51	0.06088	0.01166	0.01815	0.01316	0.01825	0.00999	0.21788	0.01767	0.01289	0.13082	0.01230	0.01388	0.00925	0.00489	0.00514	0.00135	0.00589	0.00469	0.00381	0.42745
52	0.01186	0.01017	0.01186	0.00847	0.01356	0.00762	0.00678	0.01440	0.01186	0.01864	0.01017	0.01186	0.00847	0.00424	0.00424	0.00085	0.00424	0.00339	0.00339	0.83395
53	0.00676	0.00579	0.00579	0.00579	0.00773	0.00483	0.00435	0.00821	0.01304	0.01545	0.05794	0.05505	0.76098	0.01449	0.00676	0.00193	0.00290	0.01207	0.00531	0.00483
54	0.00922	0.00658	0.00922	0.01053	0.01185	0.00658	0.00922	0.01185	0.01317	0.01712	0.03029	0.06452	0.03292	0.01580	0.00790	0.00263	0.00527	0.72480	0.00527	0.00527
55	0.83938	0.01106	0.00841	0.00752	0.01106	0.01283	0.00619	0.01681	0.00973	0.02566	0.00796	0.00929	0.00619	0.00531	0.00354	0.00177	0.00442	0.00310	0.00354	0.00619
56	0.00676	0.00579	0.00579	0.00579	0.00773	0.00483	0.00435	0.00821	0.01304	0.01545	0.05794	0.05505	0.76098	0.01449	0.00676	0.00193	0.00290	0.01207	0.00531	0.00483
57	0.00679	0.00580	0.00583	0.00582	0.00774	0.00484	0.00437	0.00826	0.01310	0.01560	0.07224	0.05480	0.74659	0.01443	0.00676	0.00193	0.00289	0.01204	0.00533	0.00484
58	0.00696	0.00580	0.00607	0.00600	0.00785	0.00491	0.00450	0.00860	0.01351	0.01657	0.16290	0.05321	0.65532	0.01407	0.00676	0.00191	0.00287	0.01181	0.00546	0.00491
59	0.01529	0.80242	0.02997	0.00979	0.01468	0.02263	0.00979	0.01713	0.01162	0.01346	0.00795	0.00918	0.00734	0.00489	0.00367	0.00122	0.00612	0.00306	0.00245	0.00734
60	0.01251	0.01251	0.01752	0.01502	0.01502	0.01752	0.01251	0.01377	0.00876	0.01377	0.00751	0.01251	0.00751	0.01001	0.01877	0.00250	0.78851	0.00501	0.00250	0.00626
61	0.00832	0.00555	0.00624	0.00624	0.00624	0.00555	0.00347	0.00832	0.00832	0.01109	0.01802	0.03743	0.02080	0.79898	0.02911	0.00555	0.00555	0.00832	0.00347	0.00347
62	0.00804	0.00581	0.00760	0.00723	0.00853	0.00536	0.00539	0.01066	0.01595	0.02255	0.72610	0.07802	0.05321	0.01199	0.00677	0.00182	0.00273	0.01062	0.00625	0.00536
63	0.01508	0.75901	0.07151	0.01015	0.01525	0.02211	0.01042	0.01718	0.01165	0.01372	0.00808	0.00934	0.00734	0.00492	0.00377	0.00126	0.00625	0.00312	0.00245	0.00740
64	0.01155	0.01045	0.01745	0.65359	0.03582	0.01240	0.04901	0.01521	0.01168	0.04092	0.01060	0.01511	0.00795	0.00571	0.00594	0.00184	0.02397	0.00507	0.00277	0.06295
65	0.01186	0.01017	0.01186	0.00847	0.01356	0.00762	0.00678	0.01440	0.01186	0.01864	0.01017	0.01186	0.00847	0.00424	0.00424	0.00085	0.00424	0.00339	0.00339	0.83395
66	0.04121	0.00607	0.00791	0.00787	0.00866	0.00671	0.00565	0.01002	0.00909	0.01352	0.01617	0.02701	0.01623	0.29833	0.44095	0.00715	0.01074	0.00671	0.05539	0.00460
67	0.08024	0.01095	0.01217	0.00904	0.01385	0.00943	0.00727	0.08866	0.05483	0.02125	0.01108	0.01237	0.00892	0.00478	0.00442	0.00107	0.00447	0.00371	0.00377	0.63770
68	0.07135	0.01727	0.01650	0.01303	0.01733	0.12167	0.01061	0.60089	0.02438	0.03239	0.01271	0.01299	0.00919	0.00664	0.00551	0.00169	0.00673	0.00482	0.00521	0.00909
69	0.01933	0.01484	0.01799	0.01388	0.01834	0.01596	0.09089	0.53566	0.07081	0.04447	0.01506	0.01729	0.01144	0.00710	0.00591	0.00177	0.00638	0.04578	0.00532	0.04177
70	0.02025	0.01492	0.01761	0.09258	0.02026	0.01633	0.04547	0.57963	0.02377	0.07373	0.01369	0.01425	0.00968	0.00661	0.00574	0.00173	0.00646	0.00521	0.00529	0.02679
71	0.01206	0.01053	0.01252	0.00934	0.01378	0.00904	0.00751	0.01522	0.05260	0.01841	0.01061	0.01246	0.00887	0.00504	0.00587	0.00108	0.08744	0.00373	0.00343	0.70044
72	0.01034	0.00712	0.00933	0.02224	0.01185	0.00719	0.00816	0.01414	0.10046	0.06837	0.02985	0.22822	0.05559	0.01455	0.00729	0.00238	0.00465	0.38697	0.00542	0.00588

[dist]
# distance from previous block
# <min> <max>
0	3

[block]
# block no. 1 follows, 41 sequences, length 6
# corresponding to MSA columns:
# 272-277
name=unknown_B
#
# <colnr> <probs for GDERKNQSTAVLIFYWHMCP>
#	G	D	E	R	K	N	Q	S	T	A	V	L	I	F	Y	W	H	M	C	P
0	0.01269	0.01303	0.02039	0.01663	0.01765	0.01698	0.14179	0.01457	0.00960	0.01457	0.00823	0.01303	0.00772	0.00909	0.01664	0.00240	0.65058	0.00531	0.00257	0.00652
1	0.01186	0.01017	0.01186	0.00847	0.01356	0.00762	0.00678	0.01440	0.01186	0.01864	0.01017	0.01186	0.00847	0.00424	0.00424	0.00085	0.00424	0.00339	0.00339	0.83395
2	0.01172	0.00636	0.00647	0.00608	0.00773	0.00652	0.00466	0.08338	0.01342	0.02274	0.01819	0.02060	0.01419	0.00668	0.00416	0.00137	0.00301	0.00531	0.75166	0.00575
3	0.02141	0.02591	0.01632	0.01455	0.01769	0.68462	0.01103	0.10979	0.01750	0.01666	0.00943	0.01073	0.00765	0.00601	0.00523	0.00150	0.00983	0.00386	0.00328	0.00700
4	0.00820	0.00603	0.00867	0.00867	0.00951	0.00687	0.00650	0.00988	0.00904	0.01289	0.01580	0.02512	0.01545	0.17679	0.64399	0.00855	0.01359	0.00652	0.00314	0.00482
5	0.01185	0.01073	0.01716	0.71124	0.03732	0.01319	0.01540	0.08454	0.01292	0.01667	0.01051	0.01510	0.00783	0.00583	0.00572	0.00189	0.00750	0.00509	0.00285	0.00668

[dist]
# distance from previous block
# <min> <max>
9	12

[block]
# block no. 2 follows, 41 sequences, length 10
# corresponding to MSA columns:
# 291-300
name=unknown_C
#
# <colnr> <probs for GDERKNQSTAVLIFYWHMCP>
#	G	D	E	R	K	N	Q	S	T	A	V	L	I	F	Y	W	H	M	C	P
0	0.01436	0.01035	0.01221	0.00912	0.01388	0.00853	0.00731	0.01846	0.09982	0.13989	0.01371	0.01420	0.01045	0.00511	0.00467	0.00112	0.00437	0.00413	0.00427	0.60405
1	0.25001	0.01419	0.01444	0.01137	0.01565	0.01570	0.00939	0.49006	0.02135	0.08556	0.01276	0.01291	0.00906	0.00645	0.00512	0.00174	0.00567	0.00462	0.00521	0.00874
2	0.00872	0.00603	0.00762	0.00711	0.00870	0.00545	0.00537	0.01120	0.01569	0.05747	0.61094	0.04361	0.16673	0.01192	0.00670	0.00182	0.00283	0.01040	0.00617	0.00551
3	0.01237	0.16143	0.55583	0.01609	0.02362	0.01504	0.10332	0.01797	0.01216	0.01733	0.01002	0.01197	0.00743	0.00527	0.00528	0.00172	0.00819	0.00432	0.00248	0.00817
4	0.01481	0.70450	0.12366	0.01061	0.01596	0.02145	0.01122	0.01725	0.01168	0.01405	0.00825	0.00954	0.00733	0.00496	0.00389	0.00130	0.00641	0.00321	0.00244	0.00748
5	0.02174	0.01602	0.01717	0.01316	0.01774	0.01774	0.01087	0.74423	0.02689	0.03605	0.01373	0.01373	0.00973	0.00687	0.00572	0.00172	0.00629	0.00515	0.00572	0.00973
6	0.01350	0.01543	0.03375	0.02411	0.02989	0.01446	0.74253	0.01832	0.01350	0.01832	0.01157	0.01543	0.00868	0.00482	0.00675	0.00193	0.00964	0.00675	0.00289	0.00771
7	0.01147	0.02959	0.76934	0.01630	0.02476	0.01328	0.02113	0.01811	0.01208	0.01811	0.01026	0.01208	0.00725	0.00543	0.00543	0.00181	0.00845	0.00423	0.00242	0.00845
8	0.00878	0.00603	0.00770	0.00717	0.00874	0.00547	0.00542	0.01131	0.01583	0.05782	0.64216	0.04306	0.13528	0.01180	0.00670	0.00181	0.00283	0.01033	0.00622	0.00554
9	0.01066	0.00533	0.00533	0.00533	0.00666	0.00533	0.00400	0.01333	0.01200	0.02132	0.01866	0.02132	0.01466	0.00666	0.00400	0.00133	0.00267	0.00533	0.83073	0.00533

[dist]
# distance from previous block
# <min> <max>
0	1

[block]
# block no. 3 follows, 41 sequences, length 8
# corresponding to MSA columns:
# 302-309
name=unknown_D
#
# <colnr> <probs for GDERKNQSTAVLIFYWHMCP>
#	G	D	E	R	K	N	Q	S	T	A	V	L	I	F	Y	W	H	M	C	P
0	0.01423	0.01229	0.01293	0.01164	0.01487	0.01423	0.00905	0.03039	0.75297	0.02393	0.02328	0.02134	0.01746	0.00776	0.00582	0.00194	0.00453	0.00647	0.00582	0.00905
1	0.02174	0.01602	0.01717	0.01316	0.01774	0.01774	0.01087	0.74423	0.02689	0.03605	0.01373	0.01373	0.00973	0.00687	0.00572	0.00172	0.00629	0.00515	0.00572	0.00973
2	0.00832	0.00555	0.00624	0.00624	0.00624	0.00555	0.00347	0.00832	0.00832	0.01109	0.01802	0.03743	0.02080	0.79898	0.02911	0.00555	0.00555	0.00832	0.00347	0.00347
3	0.02222	0.01637	0.01751	0.01351	0.01811	0.01798	0.01108	0.73795	0.02711	0.03640	0.01427	0.01451	0.01026	0.00724	0.00596	0.00182	0.00648	0.00533	0.00589	0.00999
4	0.01478	0.01267	0.01331	0.01201	0.01527	0.01450	0.00928	0.03064	0.74654	0.02439	0.02374	0.02205	0.01792	0.00812	0.00606	0.00204	0.00473	0.00664	0.00599	0.00933
5	0.02222	0.01637	0.01751	0.01351	0.01811	0.01798	0.01108	0.73795	0.02711	0.03640	0.01427	0.01451	0.01026	0.00724	0.00596	0.00182	0.00648	0.00533	0.00589	0.00999
6	0.01243	0.01056	0.01225	0.00887	0.01396	0.00796	0.00703	0.01480	0.01222	0.01915	0.01074	0.01266	0.00902	0.00463	0.00449	0.00096	0.00444	0.00359	0.00358	0.82667
7	0.01326	0.01106	0.01270	0.00926	0.01431	0.00881	0.00737	0.07621	0.01348	0.02061	0.01104	0.01281	0.00912	0.00485	0.00462	0.00103	0.00461	0.00373	0.00378	0.75732

[dist]
# distance from previous block
# <min> <max>
61	137

[block]
# block no. 4 follows, 41 sequences, length 9
# corresponding to MSA columns:
# 468-476
name=unknown_E
#
# <colnr> <probs for GDERKNQSTAVLIFYWHMCP>
#	G	D	E	R	K	N	Q	S	T	A	V	L	I	F	Y	W	H	M	C	P
0	0.18238	0.01081	0.01226	0.00965	0.01373	0.01054	0.00788	0.14980	0.01626	0.30925	0.08693	0.01755	0.01477	0.00672	0.00518	0.00163	0.00473	0.00521	0.00552	0.12921
1	0.02218	0.01532	0.01673	0.01283	0.01739	0.01670	0.01060	0.66424	0.02572	0.11770	0.01472	0.01437	0.01022	0.00689	0.00573	0.00172	0.00613	0.00522	0.00587	0.00973
2	0.01388	0.01139	0.01293	0.00952	0.01442	0.00987	0.00767	0.15640	0.04726	0.02224	0.01143	0.01264	0.00911	0.00490	0.00459	0.00106	0.00465	0.00386	0.00395	0.63822
3	0.01746	0.01560	0.01668	0.08836	0.01841	0.16508	0.01176	0.16769	0.01507	0.10262	0.01099	0.01337	0.00869	0.00781	0.01070	0.00200	0.31165	0.00487	0.00377	0.00744
4	0.07081	0.60828	0.02731	0.01415	0.14791	0.02036	0.01093	0.01718	0.01174	0.01521	0.00845	0.01007	0.00757	0.00496	0.00402	0.00135	0.00612	0.00342	0.00259	0.00757
5	0.01092	0.01048	0.00964	0.00870	0.01112	0.14313	0.00665	0.01306	0.01441	0.01843	0.27996	0.05918	0.17887	0.01025	0.00607	0.00165	0.00454	0.04695	0.00487	0.16111
6	0.00859	0.00641	0.00797	0.00863	0.00957	0.00650	0.00611	0.01230	0.14354	0.01675	0.08540	0.53054	0.03377	0.01565	0.00783	0.04709	0.00365	0.03900	0.00532	0.00540
7	0.01188	0.02523	0.57417	0.01761	0.08353	0.01406	0.01930	0.01729	0.01156	0.01739	0.00981	0.01232	0.00744	0.00622	0.00783	0.00193	0.14739	0.00444	0.00246	0.00811
8	0.01556	0.01161	0.01282	0.01100	0.01426	0.01280	0.00869	0.16077	0.42006	0.09178	0.15282	0.02356	0.02223	0.00823	0.00596	0.00186	0.00456	0.00685	0.00600	0.00859

[dist]
# distance from previous block
# <min> <max>
0	2

[block]
# block no. 5 follows, 41 sequences, length 16
# corresponding to MSA columns:
# 479-494
name=unknown_F
#
# <colnr> <probs for GDERKNQSTAVLIFYWHMCP>
#	G	D	E	R	K	N	Q	S	T	A	V	L	I	F	Y	W	H	M	C	P
0	0.01088	0.00722	0.00832	0.00774	0.00999	0.00675	0.00595	0.01462	0.11308	0.12979	0.16472	0.09617	0.36094	0.01228	0.00655	0.00193	0.00346	0.02759	0.00581	0.00622
1	0.00811	0.00546	0.00630	0.00650	0.00655	0.00541	0.00374	0.00826	0.00872	0.01162	0.02006	0.15175	0.02336	0.68116	0.02582	0.00506	0.00521	0.00952	0.00374	0.00364
2	0.01088	0.00819	0.00962	0.00878	0.01092	0.00849	0.00673	0.01807	0.26508	0.05488	0.45919	0.03486	0.06057	0.01025	0.00639	0.00185	0.00341	0.00889	0.00614	0.00680
3	0.01080	0.01017	0.01716	0.78523	0.03940	0.01271	0.01589	0.01461	0.01144	0.01461	0.01017	0.01525	0.00762	0.00572	0.00572	0.00191	0.00762	0.00508	0.00254	0.00635
4	0.01416	0.01359	0.02322	0.03511	0.76330	0.01359	0.01755	0.01755	0.01302	0.01869	0.01076	0.01416	0.00906	0.00510	0.00566	0.00170	0.00680	0.00510	0.00283	0.00906
5	0.00799	0.00584	0.00749	0.00708	0.00848	0.00535	0.00531	0.01058	0.01593	0.02232	0.70263	0.04374	0.11201	0.01192	0.00675	0.00181	0.00271	0.01049	0.00622	0.00535
6	0.83938	0.01106	0.00841	0.00752	0.01106	0.01283	0.00619	0.01681	0.00973	0.02566	0.00796	0.00929	0.00619	0.00531	0.00354	0.00177	0.00442	0.00310	0.00354	0.00619
7	0.02566	0.00973	0.01327	0.01018	0.01460	0.00841	0.00841	0.02788	0.01637	0.76726	0.02257	0.01947	0.01416	0.00708	0.00575	0.00177	0.00487	0.00575	0.00708	0.00973
8	0.00811	0.00546	0.00630	0.00650	0.00655	0.00541	0.00374	0.00826	0.00872	0.01162	0.02006	0.15175	0.02336	0.68116	0.02582	0.00506	0.00521	0.00952	0.00374	0.00364
9	0.00810	0.00585	0.00765	0.00720	0.00855	0.00540	0.00540	0.01079	0.01619	0.02294	0.76028	0.04273	0.05397	0.01169	0.00675	0.00180	0.00270	0.01034	0.00630	0.00540
10	0.02093	0.08256	0.01719	0.01438	0.01747	0.72227	0.01096	0.02243	0.01588	0.01396	0.00878	0.01023	0.00737	0.00582	0.00505	0.00146	0.01002	0.00364	0.00291	0.00668
11	0.01524	0.01565	0.02216	0.03204	0.65083	0.12860	0.01657	0.01835	0.01350	0.01798	0.01047	0.01358	0.00880	0.00522	0.00559	0.00166	0.00733	0.00488	0.00285	0.00869
12	0.01408	0.01103	0.01274	0.00927	0.01424	0.00919	0.00748	0.12520	0.01437	0.06056	0.01136	0.01254	0.00896	0.00478	0.00454	0.00103	0.00458	0.00378	0.00393	0.66635
13	0.01177	0.01031	0.00937	0.00849	0.01092	0.11377	0.00652	0.08449	0.05431	0.05591	0.14921	0.03944	0.40076	0.01141	0.00634	0.00182	0.00441	0.00937	0.00529	0.00611
14	0.01940	0.13963	0.01743	0.01280	0.01640	0.44168	0.01013	0.04579	0.09144	0.07782	0.01157	0.01225	0.00912	0.00595	0.00500	0.00147	0.00808	0.00407	0.00363	0.06636
15	0.01340	0.01484	0.03093	0.02221	0.02781	0.01389	0.64595	0.01860	0.04984	0.01862	0.01203	0.01543	0.00910	0.00492	0.00650	0.00184	0.00895	0.00646	0.00308	0.07561

[dist]
# distance from previous block
# <min> <max>
1	4

[block]
# block no. 6 follows, 41 sequences, length 20
# corresponding to MSA columns:
# 500-519
name=unknown_G
#
# <colnr> <probs for GDERKNQSTAVLIFYWHMCP>
#	G	D	E	R	K	N	Q	S	T	A	V	L	I	F	Y	W	H	M	C	P
0	0.01778	0.01187	0.01568	0.01275	0.01669	0.01240	0.10168	0.02806	0.42451	0.26023	0.02157	0.02000	0.01530	0.00717	0.00592	0.00188	0.00528	0.00627	0.00585	0.00910
1	0.10623	0.01556	0.01618	0.11040	0.01977	0.07063	0.01103	0.52405	0.02237	0.03067	0.01233	0.01321	0.00892	0.00649	0.00545	0.00173	0.00655	0.00482	0.00489	0.00871
2	0.00757	0.00559	0.00716	0.00827	0.00884	0.00545	0.00562	0.00984	0.07284	0.01538	0.03084	0.73070	0.03613	0.01707	0.00718	0.00229	0.00342	0.01544	0.00535	0.00501
3	0.01529	0.80242	0.02997	0.00979	0.01468	0.02263	0.00979	0.01713	0.01162	0.01346	0.00795	0.00918	0.00734	0.00489	0.00367	0.00122	0.00612	0.00306	0.00245	0.00734
4	0.00682	0.00554	0.00605	0.00646	0.00790	0.00477	0.00464	0.00813	0.01239	0.01519	0.04980	0.28328	0.53800	0.01554	0.00693	0.00205	0.00303	0.01336	0.00531	0.00477
5	0.01186	0.01017	0.01186	0.00847	0.01356	0.00762	0.00678	0.01440	0.01186	0.01864	0.01017	0.01186	0.00847	0.00424	0.00424	0.00085	0.00424	0.00339	0.00339	0.83395
6	0.00832	0.00555	0.00624	0.00624	0.00624	0.00555	0.00347	0.00832	0.00832	0.01109	0.01802	0.03743	0.02080	0.79898	0.02911	0.00555	0.00555	0.00832	0.00347	0.00347
7	0.02566	0.00973	0.01327	0.01018	0.01460	0.00841	0.00841	0.02788	0.01637	0.76726	0.02257	0.01947	0.01416	0.00708	0.00575	0.00177	0.00487	0.00575	0.00708	0.00973
8	0.01414	0.00746	0.01026	0.00998	0.01226	0.00699	0.00846	0.01665	0.01456	0.24919	0.12493	0.04773	0.02993	0.01257	0.00708	0.00226	0.00480	0.40813	0.00596	0.00666
9	0.00832	0.00555	0.00624	0.00624	0.00624	0.00555	0.00347	0.00832	0.00832	0.01109	0.01802	0.03743	0.02080	0.79898	0.02911	0.00555	0.00555	0.00832	0.00347	0.00347
10	0.02321	0.00940	0.01264	0.00987	0.01389	0.00828	0.00808	0.04693	0.01666	0.64656	0.12035	0.02239	0.01932	0.00769	0.00588	0.00177	0.00462	0.00634	0.00694	0.00916
11	0.01285	0.01041	0.01207	0.00896	0.01377	0.00850	0.00715	0.01710	0.10588	0.05687	0.01245	0.01344	0.00990	0.00482	0.00451	0.00103	0.00430	0.00390	0.00388	0.68819
12	0.01326	0.01253	0.02068	0.16809	0.53682	0.01268	0.01589	0.01662	0.01259	0.01794	0.01058	0.01406	0.00872	0.00510	0.00549	0.00163	0.00662	0.00488	0.00285	0.11297
13	0.12155	0.03586	0.01493	0.01272	0.01591	0.37753	0.00989	0.20115	0.03243	0.02120	0.01209	0.07677	0.01056	0.00719	0.00559	0.00167	0.02666	0.00510	0.00395	0.00724
14	0.00875	0.00552	0.00735	0.00806	0.00879	0.00520	0.00554	0.00991	0.01135	0.07742	0.06149	0.59779	0.03400	0.07459	0.05284	0.00288	0.00427	0.01396	0.00524	0.00505
15	0.01297	0.33235	0.47969	0.01375	0.02081	0.01695	0.01669	0.01773	0.01190	0.01629	0.00936	0.01094	0.00728	0.00522	0.00474	0.00158	0.00754	0.00377	0.00243	0.00802
16	0.01129	0.00965	0.01125	0.01278	0.10627	0.07201	0.00833	0.10256	0.01381	0.01808	0.02366	0.45299	0.02642	0.01312	0.00660	0.00204	0.00487	0.05242	0.00475	0.04709
17	0.01196	0.12740	0.67577	0.01548	0.02348	0.01447	0.01970	0.01799	0.01202	0.01752	0.00997	0.01171	0.00726	0.00537	0.00521	0.00174	0.00816	0.00408	0.00242	0.00831
18	0.01478	0.63714	0.16533	0.01108	0.01662	0.02077	0.01190	0.03894	0.01216	0.01498	0.00855	0.00984	0.00739	0.00505	0.00406	0.00135	0.00655	0.00334	0.00254	0.00762
19	0.12356	0.01507	0.01321	0.01136	0.01484	0.20349	0.00892	0.05917	0.20569	0.22061	0.05405	0.01726	0.01408	0.00695	0.00539	0.00174	0.00605	0.00528	0.00517	0.00811

[dist]
# distance from previous block
# <min> <max>
0	2

[block]
# block no. 7 follows, 41 sequences, length 26
# corresponding to MSA columns:
# 522-547
name=unknown_H
#
# <colnr> <probs for GDERKNQSTAVLIFYWHMCP>
#	G	D	E	R	K	N	Q	S	T	A	V	L	I	F	Y	W	H	M	C	P
0	0.01529	0.80242	0.02997	0.00979	0.01468	0.02263	0.00979	0.01713	0.01162	0.01346	0.00795	0.00918	0.00734	0.00489	0.00367	0.00122	0.00612	0.00306	0.00245	0.00734
1	0.01170	0.01026	0.01287	0.00928	0.01424	0.00789	0.05081	0.01433	0.01202	0.01846	0.01265	0.01424	0.04628	0.00479	0.00451	0.00097	0.00449	0.00403	0.00346	0.74271
2	0.00922	0.00658	0.00922	0.01053	0.01185	0.00658	0.00922	0.01185	0.01317	0.01712	0.03029	0.06452	0.03292	0.01580	0.00790	0.00263	0.00527	0.72480	0.00527	0.00527
3	0.00816	0.00595	0.00764	0.00721	0.00861	0.00545	0.00540	0.01074	0.01608	0.02260	0.71661	0.04359	0.09644	0.01194	0.00680	0.00183	0.00276	0.01048	0.00628	0.00544
4	0.01759	0.02101	0.01643	0.04985	0.01788	0.48664	0.04848	0.01941	0.01473	0.01541	0.09866	0.01522	0.01317	0.00727	0.00770	0.00175	0.13401	0.00496	0.00330	0.00654
5	0.01156	0.00978	0.01164	0.00865	0.01325	0.00765	0.00688	0.01400	0.01163	0.01812	0.01092	0.01332	0.00930	0.00895	0.09645	0.00187	0.00561	0.00376	0.00340	0.73327
6	0.01200	0.01026	0.01195	0.00857	0.01365	0.00771	0.00684	0.01450	0.01195	0.01876	0.01031	0.01205	0.00860	0.00433	0.00430	0.00087	0.00428	0.00344	0.00344	0.83219
7	0.05589	0.55509	0.17002	0.01101	0.01649	0.01948	0.01169	0.01761	0.03111	0.01561	0.00904	0.01038	0.00772	0.00516	0.00415	0.00139	0.00640	0.00344	0.00268	0.04565
8	0.02096	0.01566	0.01674	0.01306	0.01748	0.01738	0.01071	0.65752	0.11360	0.03469	0.01500	0.01483	0.01078	0.00706	0.00579	0.00177	0.00613	0.00535	0.00578	0.00971
9	0.01200	0.01026	0.01195	0.00857	0.01365	0.00771	0.00684	0.01450	0.01195	0.01876	0.01031	0.01205	0.00860	0.00433	0.00430	0.00087	0.00428	0.00344	0.00344	0.83219
10	0.03133	0.07830	0.45443	0.01373	0.02004	0.01239	0.04290	0.01703	0.05037	0.01834	0.05203	0.06310	0.04690	0.00697	0.00554	0.00177	0.00691	0.00570	0.00326	0.06895
11	0.01349	0.01295	0.10199	0.01073	0.01460	0.01155	0.00938	0.05601	0.36384	0.04130	0.04010	0.01997	0.03154	0.00711	0.00539	0.00169	0.00474	0.00579	0.12020	0.12763
12	0.06304	0.03977	0.39757	0.01382	0.02021	0.01269	0.04843	0.05254	0.08934	0.05552	0.03107	0.01430	0.01022	0.00585	0.00533	0.00170	0.00684	0.00467	0.00351	0.12358
13	0.02186	0.01610	0.01725	0.01325	0.01783	0.01780	0.01092	0.74271	0.02695	0.03613	0.01386	0.01392	0.00986	0.00696	0.00578	0.00174	0.00634	0.00519	0.00576	0.00979
14	0.01200	0.01026	0.01195	0.00857	0.01365	0.00771	0.00684	0.01450	0.01195	0.01876	0.01031	0.01205	0.00860	0.00433	0.00430	0.00087	0.00428	0.00344	0.00344	0.83219
15	0.00765	0.00802	0.09777	0.00906	0.01037	0.00576	0.00726	0.00928	0.01117	0.01515	0.02908	0.70024	0.03425	0.01649	0.00713	0.00229	0.00398	0.01484	0.00501	0.00518
16	0.01500	0.01457	0.02990	0.02169	0.02680	0.01408	0.58784	0.01914	0.01350	0.10742	0.01265	0.01583	0.00936	0.00565	0.00777	0.00199	0.07900	0.00651	0.00341	0.00789
17	0.64025	0.01090	0.01023	0.11885	0.01555	0.01245	0.00785	0.01767	0.01071	0.09639	0.00984	0.01133	0.00731	0.00563	0.00413	0.00181	0.00497	0.00369	0.00379	0.00663
18	0.02186	0.01610	0.01725	0.01325	0.01783	0.01780	0.01092	0.74271	0.02695	0.03613	0.01386	0.01392	0.00986	0.00696	0.00578	0.00174	0.00634	0.00519	0.00576	0.00979
19	0.00712	0.00509	0.00674	0.00806	0.00841	0.00473	0.00537	0.00807	0.01104	0.01473	0.03162	0.79371	0.03790	0.01798	0.00736	0.00235	0.00337	0.01628	0.00535	0.00472
20	0.01265	0.01260	0.01760	0.01510	0.01511	0.01758	0.01256	0.01386	0.00885	0.01390	0.00765	0.01270	0.00764	0.01009	0.01880	0.00253	0.78683	0.00505	0.00255	0.00633
21	0.02186	0.01610	0.01725	0.01325	0.01783	0.01780	0.01092	0.74271	0.02695	0.03613	0.01386	0.01392	0.00986	0.00696	0.00578	0.00174	0.00634	0.00519	0.00576	0.00979
22	0.01520	0.33792	0.21568	0.01399	0.01964	0.06814	0.10473	0.10460	0.01431	0.01838	0.03081	0.01245	0.00920	0.00561	0.00500	0.00158	0.00740	0.00436	0.00307	0.00792
23	0.65880	0.05189	0.00961	0.00781	0.01113	0.04763	0.00640	0.01678	0.01049	0.02409	0.00942	0.01097	0.00745	0.00557	0.00374	0.00170	0.00462	0.00344	0.10223	0.00624
24	0.02186	0.01610	0.01725	0.01325	0.01783	0.01780	0.01092	0.74271	0.02695	0.03613	0.01386	0.01392	0.00986	0.00696	0.00578	0.00174	0.00634	0.00519	0.00576	0.00979
25	0.01998	0.10033	0.07817	0.01306	0.01792	0.01779	0.01153	0.57210	0.06062	0.03170	0.01345	0.01369	0.00979	0.00668	0.00554	0.00171	0.00640	0.00496	0.00516	0.00940

[dist]
# distance from previous block
# <min> <max>
3	10

[block]
# block no. 8 follows, 41 sequences, length 10
# corresponding to MSA columns:
# 558-567
name=unknown_I
#
# <colnr> <probs for GDERKNQSTAVLIFYWHMCP>
#	G	D	E	R	K	N	Q	S	T	A	V	L	I	F	Y	W	H	M	C	P
0	0.01371	0.01078	0.01264	0.01068	0.01421	0.01102	0.03490	0.02328	0.39914	0.08579	0.04488	0.07426	0.04332	0.00788	0.00566	0.00171	0.00448	0.00673	0.00525	0.18967
1	0.01336	0.01395	0.02124	0.01705	0.01900	0.05245	0.20214	0.01698	0.08197	0.01594	0.01015	0.01402	0.00876	0.00825	0.01375	0.00225	0.47334	0.00554	0.00294	0.00692
2	0.01529	0.80242	0.02997	0.00979	0.01468	0.02263	0.00979	0.01713	0.01162	0.01346	0.00795	0.00918	0.00734	0.00489	0.00367	0.00122	0.00612	0.00306	0.00245	0.00734
3	0.01529	0.80242	0.02997	0.00979	0.01468	0.02263	0.00979	0.01713	0.01162	0.01346	0.00795	0.00918	0.00734	0.00489	0.00367	0.00122	0.00612	0.00306	0.00245	0.00734
4	0.00832	0.00555	0.00624	0.00624	0.00624	0.00555	0.00347	0.00832	0.00832	0.01109	0.01802	0.03743	0.02080	0.79898	0.02911	0.00555	0.00555	0.00832	0.00347	0.00347
5	0.00810	0.00585	0.00765	0.00720	0.00855	0.00540	0.00540	0.01079	0.01619	0.02294	0.76028	0.04273	0.05397	0.01169	0.00675	0.00180	0.00270	0.01034	0.00630	0.00540
6	0.00922	0.00658	0.00922	0.01053	0.01185	0.00658	0.00922	0.01185	0.01317	0.01712	0.03029	0.06452	0.03292	0.01580	0.00790	0.00263	0.00527	0.72480	0.00527	0.00527
7	0.00730	0.00582	0.00655	0.00636	0.00806	0.00506	0.00477	0.00926	0.01432	0.01849	0.34273	0.05005	0.47430	0.01335	0.00675	0.00188	0.00282	0.01137	0.00571	0.00506
8	0.01533	0.71007	0.08043	0.01049	0.01553	0.05979	0.01064	0.01748	0.01188	0.01381	0.00816	0.00943	0.00734	0.00498	0.00387	0.00128	0.00649	0.00317	0.00247	0.00738
9	0.00817	0.00557	0.00620	0.00620	0.00638	0.00548	0.00355	0.00831	0.00877	0.01151	0.02186	0.03913	0.09203	0.72349	0.02696	0.00520	0.00529	0.00868	0.00364	0.00360

[dist]
# distance from previous block
# <min> <max>
0	2

[block]
# block no. 9 follows, 41 sequences, length 8
# corresponding to MSA columns:
# 570-577
name=unknown_J
#
# <colnr> <probs for GDERKNQSTAVLIFYWHMCP>
#	G	D	E	R	K	N	Q	S	T	A	V	L	I	F	Y	W	H	M	C	P
0	0.01373	0.01315	0.02244	0.13122	0.67055	0.01348	0.01734	0.01718	0.01282	0.01817	0.01068	0.01430	0.00888	0.00518	0.00567	0.00173	0.00690	0.00509	0.00279	0.00871
1	0.01186	0.01017	0.01186	0.00847	0.01356	0.00762	0.00678	0.01440	0.01186	0.01864	0.01017	0.01186	0.00847	0.00424	0.00424	0.00085	0.00424	0.00339	0.00339	0.83395
2	0.02566	0.00973	0.01327	0.01018	0.01460	0.00841	0.00841	0.02788	0.01637	0.76726	0.02257	0.01947	0.01416	0.00708	0.00575	0.00177	0.00487	0.00575	0.00708	0.00973
3	0.00832	0.00555	0.00624	0.00624	0.00624	0.00555	0.00347	0.00832	0.00832	0.01109	0.01802	0.03743	0.02080	0.79898	0.02911	0.00555	0.00555	0.00832	0.00347	0.00347
4	0.02174	0.01602	0.01717	0.01316	0.01774	0.01774	0.01087	0.74423	0.02689	0.03605	0.01373	0.01373	0.00973	0.00687	0.00572	0.00172	0.00629	0.00515	0.00572	0.00973
5	0.01416	0.01359	0.02322	0.03511	0.76330	0.01359	0.01755	0.01755	0.01302	0.01869	0.01076	0.01416	0.00906	0.00510	0.00566	0.00170	0.00680	0.00510	0.00283	0.00906
6	0.01529	0.80242	0.02997	0.00979	0.01468	0.02263	0.00979	0.01713	0.01162	0.01346	0.00795	0.00918	0.00734	0.00489	0.00367	0.00122	0.00612	0.00306	0.00245	0.00734
7	0.01529	0.80242	0.02997	0.00979	0.01468	0.02263	0.00979	0.01713	0.01162	0.01346	0.00795	0.00918	0.00734	0.00489	0.00367	0.00122	0.00612	0.00306	0.00245	0.00734

[dist]
# distance from previous block
# <min> <max>
0	1

[block]
# block no. 10 follows, 41 sequences, length 12
# corresponding to MSA columns:
# 579-590
name=unknown_K
#
# <colnr> <probs for GDERKNQSTAVLIFYWHMCP>
#	G	D	E	R	K	N	Q	S	T	A	V	L	I	F	Y	W	H	M	C	P
0	0.00697	0.00498	0.00664	0.00796	0.00830	0.00465	0.00531	0.00796	0.01095	0.01460	0.03153	0.79525	0.03783	0.01792	0.00730	0.00232	0.00332	0.01626	0.00531	0.00465
1	0.01186	0.01017	0.01186	0.00847	0.01356	0.00762	0.00678	0.01440	0.01186	0.01864	0.01017	0.01186	0.00847	0.00424	0.00424	0.00085	0.00424	0.00339	0.00339	0.83395
2	0.00922	0.00658	0.00922	0.01053	0.01185	0.00658	0.00922	0.01185	0.01317	0.01712	0.03029	0.06452	0.03292	0.01580	0.00790	0.00263	0.00527	0.72480	0.00527	0.00527
3	0.01529	0.80242	0.02997	0.00979	0.01468	0.02263	0.00979	0.01713	0.01162	0.01346	0.00795	0.00918	0.00734	0.00489	0.00367	0.00122	0.00612	0.00306	0.00245	0.00734
4	0.00704	0.00503	0.00670	0.00792	0.00831	0.00469	0.00532	0.00814	0.01128	0.01512	0.07711	0.74818	0.03884	0.01753	0.00727	0.00229	0.00328	0.01589	0.00537	0.00469
5	0.83938	0.01106	0.00841	0.00752	0.01106	0.01283	0.00619	0.01681	0.00973	0.02566	0.00796	0.00929	0.00619	0.00531	0.00354	0.00177	0.00442	0.00310	0.00354	0.00619
6	0.01494	0.01213	0.01295	0.01155	0.01486	0.01386	0.00901	0.03024	0.70689	0.07043	0.02324	0.02122	0.01725	0.00772	0.00582	0.00193	0.00455	0.00642	0.00590	0.00910
7	0.00832	0.00555	0.00624	0.00624	0.00624	0.00555	0.00347	0.00832	0.00832	0.01109	0.01802	0.03743	0.02080	0.79898	0.02911	0.00555	0.00555	0.00832	0.00347	0.00347
8	0.00817	0.00613	0.00919	0.00919	0.01021	0.00715	0.00715	0.01021	0.00919	0.01328	0.01532	0.02247	0.01430	0.04290	0.77631	0.00919	0.01532	0.00613	0.00306	0.00511
9	0.01080	0.01017	0.01716	0.78523	0.03940	0.01271	0.01589	0.01461	0.01144	0.01461	0.01017	0.01525	0.00762	0.00572	0.00572	0.00191	0.00762	0.00508	0.00254	0.00635
10	0.01209	0.02944	0.72223	0.01620	0.02431	0.06100	0.02050	0.01841	0.01233	0.01786	0.01018	0.01197	0.00725	0.00546	0.00542	0.00179	0.00857	0.00419	0.00245	0.00834
11	0.00832	0.00555	0.00624	0.00624	0.00624	0.00555	0.00347	0.00832	0.00832	0.01109	0.01802	0.03743	0.02080	0.79898	0.02911	0.00555	0.00555	0.00832	0.00347	0.00347

[dist]
# distance from previous block
# <min> <max>
0	1

[block]
# block no. 11 follows, 41 sequences, length 25
# corresponding to MSA columns:
# 592-616
name=unknown_L
#
# <colnr> <probs for GDERKNQSTAVLIFYWHMCP>
#	G	D	E	R	K	N	Q	S	T	A	V	L	I	F	Y	W	H	M	C	P
0	0.02157	0.02736	0.01636	0.01488	0.01784	0.77316	0.01114	0.02298	0.01634	0.01423	0.00909	0.01066	0.00760	0.00606	0.00526	0.00152	0.01038	0.00377	0.00303	0.00676
1	0.01210	0.01034	0.01203	0.00864	0.01373	0.00777	0.00688	0.01457	0.01201	0.01886	0.01041	0.01220	0.00870	0.00440	0.00434	0.00090	0.00432	0.00347	0.00347	0.83084
2	0.01210	0.01034	0.01203	0.00864	0.01373	0.00777	0.00688	0.01457	0.01201	0.01886	0.01041	0.01220	0.00870	0.00440	0.00434	0.00090	0.00432	0.00347	0.00347	0.83084
3	0.01374	0.01558	0.03383	0.02422	0.03000	0.01458	0.73976	0.01847	0.01365	0.01854	0.01181	0.01575	0.00891	0.00499	0.00685	0.00197	0.00971	0.00682	0.00298	0.00784
4	0.00723	0.00517	0.00682	0.00813	0.00849	0.00480	0.00542	0.00816	0.01111	0.01483	0.03169	0.79253	0.03795	0.01803	0.00740	0.00237	0.00341	0.01629	0.00539	0.00478
5	0.02277	0.01485	0.01649	0.01268	0.01724	0.01588	0.01044	0.59100	0.02478	0.18987	0.01582	0.01527	0.01089	0.00707	0.00583	0.00177	0.00607	0.00535	0.00608	0.00984
6	0.02195	0.01617	0.01731	0.01331	0.01790	0.01784	0.01096	0.74155	0.02699	0.03620	0.01396	0.01407	0.00995	0.00702	0.00583	0.00176	0.00637	0.00523	0.00580	0.00984
7	0.00723	0.00517	0.00682	0.00813	0.00849	0.00480	0.00542	0.00816	0.01111	0.01483	0.03169	0.79253	0.03795	0.01803	0.00740	0.00237	0.00341	0.01629	0.00539	0.00478
8	0.02195	0.01617	0.01731	0.01331	0.01790	0.01784	0.01096	0.74155	0.02699	0.03620	0.01396	0.01407	0.00995	0.00702	0.00583	0.00176	0.00637	0.00523	0.00580	0.00984
9	0.00707	0.00579	0.00618	0.00647	0.00805	0.00494	0.00468	0.00834	0.01271	0.01549	0.05197	0.22437	0.59302	0.01540	0.00698	0.00206	0.00308	0.01308	0.00539	0.00492
10	0.01502	0.65675	0.02782	0.01090	0.01491	0.02179	0.01037	0.01668	0.01126	0.01375	0.00813	0.01013	0.00761	0.00598	0.00651	0.00150	0.14759	0.00350	0.00254	0.00727
11	0.00759	0.00630	0.00652	0.00640	0.00827	0.00554	0.00474	0.00974	0.05077	0.01648	0.11012	0.05161	0.62591	0.05463	0.00797	0.00215	0.00319	0.01151	0.00540	0.00515
12	0.60765	0.01234	0.01087	0.00914	0.01298	0.01392	0.00750	0.18925	0.01424	0.06079	0.01022	0.01114	0.00762	0.00592	0.00426	0.00180	0.00497	0.00378	0.00429	0.00731
13	0.02402	0.01069	0.01369	0.01067	0.01494	0.00993	0.00873	0.12261	0.05307	0.59924	0.05393	0.02012	0.01568	0.00744	0.00590	0.00182	0.00503	0.00598	0.00687	0.00962
14	0.01374	0.01558	0.03383	0.02422	0.03000	0.01458	0.73976	0.01847	0.01365	0.01854	0.01181	0.01575	0.00891	0.00499	0.00685	0.00197	0.00971	0.00682	0.00298	0.00784
15	0.02195	0.01617	0.01731	0.01331	0.01790	0.01784	0.01096	0.74155	0.02699	0.03620	0.01396	0.01407	0.00995	0.00702	0.00583	0.00176	0.00637	0.00523	0.00580	0.00984
16	0.00947	0.00677	0.00939	0.01069	0.01203	0.00673	0.00931	0.01203	0.01331	0.01734	0.03045	0.06465	0.03306	0.01592	0.00800	0.00267	0.00535	0.72207	0.00534	0.00540
17	0.02585	0.00991	0.01343	0.01034	0.01477	0.00855	0.00851	0.02799	0.01651	0.76456	0.02276	0.01978	0.01437	0.00724	0.00586	0.00181	0.00495	0.00583	0.00715	0.00985
18	0.01241	0.16934	0.63294	0.01526	0.02307	0.01510	0.01913	0.01809	0.01215	0.01749	0.01009	0.01189	0.00750	0.00550	0.00522	0.00175	0.00810	0.00410	0.00251	0.00837
19	0.01552	0.79950	0.03007	0.00995	0.01485	0.02272	0.00988	0.01728	0.01177	0.01369	0.00821	0.00953	0.00758	0.00506	0.00378	0.00127	0.00620	0.00314	0.00253	0.00746
20	0.00723	0.00517	0.00682	0.00813	0.00849	0.00480	0.00542	0.00816	0.01111	0.01483	0.03169	0.79253	0.03795	0.01803	0.00740	0.00237	0.00341	0.01629	0.00539	0.00478
21	0.01529	0.80242	0.02997	0.00979	0.01468	0.02263	0.00979	0.01713	0.01162	0.01346	0.00795	0.00918	0.00734	0.00489	0.00367	0.00122	0.00612	0.00306	0.00245	0.00734
22	0.02174	0.01602	0.01717	0.01316	0.01774	0.01774	0.01087	0.74423	0.02689	0.03605	0.01373	0.01373	0.00973	0.00687	0.00572	0.00172	0.00629	0.00515	0.00572	0.00973
23	0.00697	0.00498	0.00664	0.00796	0.00830	0.00465	0.00531	0.00796	0.01095	0.01460	0.03153	0.79525	0.03783	0.01792	0.00730	0.00232	0.00332	0.01626	0.00531	0.00465
24	0.01186	0.01017	0.01186	0.00847	0.01356	0.00762	0.00678	0.01440	0.01186	0.01864	0.01017	0.01186	0.00847	0.00424	0.00424	0.00085	0.00424	0.00339	0.00339	0.83395

[dist]
# distance from previous block
# <min> <max>
0	6

[block]
# block no. 12 follows, 41 sequences, length 14
# corresponding to MSA columns:
# 623-636
name=unknown_M
#
# <colnr> <probs for GDERKNQSTAVLIFYWHMCP>
#	G	D	E	R	K	N	Q	S	T	A	V	L	I	F	Y	W	H	M	C	P
0	0.01147	0.02959	0.76934	0.01630	0.02476	0.01328	0.02113	0.01811	0.01208	0.01811	0.01026	0.01208	0.00725	0.00543	0.00543	0.00181	0.00845	0.00423	0.00242	0.00845
1	0.01397	0.01340	0.02289	0.07589	0.72394	0.01354	0.01746	0.01739	0.01294	0.01847	0.01073	0.01422	0.00898	0.00513	0.00567	0.00171	0.00684	0.00510	0.00282	0.00891
