[name]
unknown

[dist]
# distance from previous block
# <min> <max>
3	102

[block]
# block no. 0 follows, 41 sequences, length 50
# corresponding to MSA columns:
# 102-151
name=unknown_A
#
# <colnr> <probs for GDERKNQSTAVLIFYWHMCP>
#	G	D	E	R	K	N	Q	S	T	A	V	L	I	F	Y	W	H	M	C	P
0	0.01311	0.03021	0.75071	0.01722	0.02562	0.01410	0.02147	0.01914	0.01308	0.01958	0.01190	0.01434	0.00883	0.00653	0.00613	0.00211	0.00892	0.00477	0.00299	0.00924
1	0.02566	0.00973	0.01327	0.01018	0.01460	0.00841	0.00841	0.02788	0.01637	0.76726	0.02257	0.01947	0.01416	0.00708	0.00575	0.00177	0.00487	0.00575	0.00708	0.00973
2	0.00697	0.00498	0.00664	0.00796	0.00830	0.00465	0.00531	0.00796	0.01095	0.01460	0.03153	0.79525	0.03783	0.01792	0.00730	0.00232	0.00332	0.01626	0.00531	0.00465
3	0.02566	0.00973	0.01327	0.01018	0.01460	0.00841	0.00841	0.02788	0.01637	0.76726	0.02257	0.01947	0.01416	0.00708	0.00575	0.00177	0.00487	0.00575	0.00708	0.00973
4	0.02174	0.01602	0.01717	0.01316	0.01774	0.01774	0.01087	0.74423	0.02689	0.03605	0.01373	0.01373	0.00973	0.00687	0.00572	0.00172	0.00629	0.00515	0.00572	0.00973
5	0.00682	0.00580	0.00588	0.00586	0.00776	0.00486	0.00439	0.00833	0.01318	0.01580	0.09059	0.05447	0.72812	0.01436	0.00676	0.00193	0.00289	0.01199	0.00536	0.00486
6	0.02174	0.01602	0.01717	0.01316	0.01774	0.01774	0.01087	0.74423	0.02689	0.03605	0.01373	0.01373	0.00973	0.00687	0.00572	0.00172	0.00629	0.00515	0.00572	0.00973
7	0.01251	0.01251	0.01752	0.01502	0.01502	0.01752	0.01251	0.01377	0.00876	0.01377	0.00751	0.01251	0.00751	0.01001	0.01877	0.00250	0.78851	0.00501	0.00250	0.00626
8	0.00810	0.00585	0.00765	0.00720	0.00855	0.00540	0.00540	0.01079	0.01619	0.02294	0.76028	0.04273	0.05397	0.01169	0.00675	0.00180	0.00270	0.01034	0.00630	0.00540
9	0.02566	0.00973	0.01327	0.01018	0.01460	0.00841	0.00841	0.02788	0.01637	0.76726	0.02257	0.01947	0.01416	0.00708	0.00575	0.00177	0.00487	0.00575	0.00708	0.00973
10	0.01251	0.01251	0.01752	0.01502	0.01502	0.01752	0.01251	0.01377	0.00876	0.01377	0.00751	0.01251	0.00751	0.01001	0.01877	0.00250	0.78851	0.00501	0.00250	0.00626
11	0.00810	0.00585	0.00765	0.00720	0.00855	0.00540	0.00540	0.01079	0.01619	0.02294	0.76028	0.04273	0.05397	0.01169	0.00675	0.00180	0.00270	0.01034	0.00630	0.00540
12	0.01460	0.01247	0.01314	0.01172	0.01502	0.01440	0.00914	0.06595	0.71680	0.02453	0.02281	0.02096	0.01708	0.00772	0.00582	0.00193	0.00461	0.00640	0.00582	0.00909
13	0.00689	0.00580	0.00597	0.00593	0.00780	0.00488	0.00445	0.00846	0.01334	0.01617	0.12513	0.05387	0.69335	0.01422	0.00676	0.00192	0.00288	0.01191	0.00541	0.00488
14	0.01423	0.01229	0.01293	0.01164	0.01487	0.01423	0.00905	0.03039	0.75297	0.02393	0.02328	0.02134	0.01746	0.00776	0.00582	0.00194	0.00453	0.00647	0.00582	0.00905
15	0.01473	0.01254	0.01322	0.01174	0.01507	0.01446	0.00918	0.07861	0.70392	0.02475	0.02264	0.02083	0.01694	0.00770	0.00581	0.00192	0.00465	0.00638	0.00581	0.00910
16	0.01416	0.01359	0.02322	0.03511	0.76330	0.01359	0.01755	0.01755	0.01302	0.01869	0.01076	0.01416	0.00906	0.00510	0.00566	0.00170	0.00680	0.00510	0.00283	0.00906
17	0.01423	0.01229	0.01293	0.01164	0.01487	0.01423	0.00905	0.03039	0.75297	0.02393	0.02328	0.02134	0.01746	0.00776	0.00582	0.00194	0.00453	0.00647	0.00582	0.00905
18	0.02491	0.01007	0.01369	0.01111	0.03953	0.00894	0.00879	0.04478	0.03419	0.70704	0.02198	0.01920	0.01396	0.00702	0.00575	0.00177	0.00496	0.00573	0.00688	0.00970
19	0.01507	0.75697	0.07346	0.01017	0.01527	0.02208	0.01045	0.01719	0.01165	0.01373	0.00809	0.00935	0.00733	0.00493	0.00377	0.00126	0.00625	0.00313	0.00244	0.00741
20	0.57366	0.01063	0.01000	0.00839	0.01222	0.01139	0.00692	0.02043	0.01190	0.26783	0.01273	0.01262	0.00880	0.00589	0.00426	0.00177	0.00457	0.00396	0.00470	0.00735
21	0.01416	0.01359	0.02322	0.03511	0.76330	0.01359	0.01755	0.01755	0.01302	0.01869	0.01076	0.01416	0.00906	0.00510	0.00566	0.00170	0.00680	0.00510	0.00283	0.00906
22	0.01066	0.00533	0.00533	0.00533	0.00666	0.00533	0.00400	0.01333	0.01200	0.02132	0.01866	0.02132	0.01466	0.00666	0.00400	0.00133	0.00267	0.00533	0.83073	0.00533
23	0.02566	0.00973	0.01327	0.01018	0.01460	0.00841	0.00841	0.02788	0.01637	0.76726	0.02257	0.01947	0.01416	0.00708	0.00575	0.00177	0.00487	0.00575	0.00708	0.00973
24	0.00838	0.00639	0.00941	0.00929	0.01021	0.00754	0.00718	0.01027	0.00912	0.01317	0.01512	0.02288	0.01436	0.08547	0.69752	0.00867	0.05069	0.00620	0.00306	0.00506
25	0.01245	0.01130	0.01813	0.76611	0.03988	0.01354	0.01636	0.01573	0.01246	0.01617	0.01180	0.01743	0.00920	0.00680	0.00641	0.00220	0.00811	0.00560	0.00312	0.00720
26	0.05318	0.01092	0.01419	0.01117	0.01562	0.00949	0.00900	0.02829	0.01705	0.72527	0.02341	0.02121	0.01531	0.00807	0.00637	0.00207	0.00541	0.00617	0.00742	0.01038
27	0.02181	0.01967	0.01769	0.01470	0.01839	0.23191	0.01159	0.42292	0.05776	0.02824	0.01380	0.01525	0.01075	0.00797	0.00743	0.00203	0.07836	0.00530	0.00515	0.00927
28	0.00989	0.00737	0.01037	0.01030	0.01146	0.00812	0.00785	0.01144	0.01028	0.01487	0.01682	0.02446	0.01570	0.04302	0.75691	0.00930	0.01561	0.00662	0.00363	0.00598
29	0.02265	0.01602	0.01721	0.01353	0.01795	0.01719	0.01093	0.64380	0.02605	0.07547	0.01605	0.01672	0.01178	0.00792	0.00631	0.00200	0.00652	0.00571	0.05596	0.01022
30	0.01683	0.78290	0.03061	0.01088	0.01581	0.02320	0.01042	0.01818	0.01264	0.01504	0.00965	0.01152	0.00892	0.00600	0.00441	0.00154	0.00664	0.00363	0.00303	0.00816
31	0.81944	0.01217	0.00961	0.00867	0.01228	0.01366	0.00692	0.01787	0.01080	0.02693	0.00966	0.01163	0.00781	0.00641	0.00429	0.00207	0.00499	0.00367	0.00409	0.00704
32	0.01572	0.01464	0.02403	0.03554	0.74491	0.01440	0.01798	0.01859	0.01401	0.02013	0.01238	0.01637	0.01060	0.00620	0.00635	0.00200	0.00730	0.00561	0.00340	0.00983
33	0.00888	0.00644	0.00803	0.00905	0.00975	0.00579	0.00608	0.00947	0.01208	0.01632	0.03272	0.72812	0.06010	0.01813	0.00783	0.00255	0.00393	0.01593	0.00575	0.03306
34	0.01569	0.01469	0.02428	0.03439	0.68943	0.01446	0.05330	0.01897	0.03335	0.02025	0.01275	0.01662	0.01080	0.00625	0.00641	0.00202	0.00738	0.00573	0.00348	0.00977
35	0.10375	0.01054	0.01317	0.01025	0.01457	0.00989	0.00845	0.09548	0.03760	0.60438	0.02033	0.01799	0.01306	0.00691	0.00554	0.00177	0.00495	0.00546	0.00657	0.00937
36	0.01235	0.01015	0.01191	0.00853	0.01359	0.00765	0.00684	0.01488	0.01202	0.04512	0.01061	0.01213	0.00867	0.00434	0.00429	0.00088	0.00426	0.00347	0.00352	0.80479
37	0.01186	0.01017	0.01186	0.00847	0.01356	0.00762	0.00678	0.01440	0.01186	0.01864	0.01017	0.01186	0.00847	0.00424	0.00424	0.00085	0.00424	0.00339	0.00339	0.83395
38	0.01428	0.01393	0.02279	0.05877	0.71529	0.03864	0.01729	0.01763	0.01308	0.01840	0.01068	0.01407	0.00896	0.00514	0.00565	0.00170	0.00694	0.00505	0.00283	0.00889
39	0.01250	0.01015	0.01193	0.00855	0.01360	0.00766	0.00685	0.01503	0.01207	0.05343	0.01074	0.01221	0.00874	0.00437	0.00431	0.00089	0.00427	0.00350	0.00356	0.79564
40	0.01066	0.00533	0.00533	0.00533	0.00666	0.00533	0.00400	0.01333	0.01200	0.02132	0.01866	0.02132	0.01466	0.00666	0.00400	0.00133	0.00267	0.00533	0.83073	0.00533
41	0.02566	0.00973	0.01327	0.01018	0.01460	0.00841	0.00841	0.02788	0.01637	0.76726	0.02257	0.01947	0.01416	0.00708	0.00575	0.00177	0.00487	0.00575	0.00708	0.00973
42	0.83938	0.01106	0.00841	0.00752	0.01106	0.01283	0.00619	0.01681	0.00973	0.02566	0.00796	0.00929	0.00619	0.00531	0.00354	0.00177	0.00442	0.00310	0.00354	0.00619
43	0.02137	0.02726	0.01621	0.01474	0.01768	0.77602	0.01105	0.02284	0.01621	0.01400	0.00884	0.01031	0.00737	0.00589	0.00516	0.00147	0.01031	0.00368	0.00295	0.00663
44	0.01350	0.01543	0.03375	0.02411	0.02989	0.01446	0.74253	0.01832	0.01350	0.01832	0.01157	0.01543	0.00868	0.00482	0.00675	0.00193	0.00964	0.00675	0.00289	0.00771
45	0.83938	0.01106	0.00841	0.00752	0.01106	0.01283	0.00619	0.01681	0.00973	0.02566	0.00796	0.00929	0.00619	0.00531	0.00354	0.00177	0.00442	0.00310	0.00354	0.00619
46	0.01423	0.01229	0.01293	0.01164	0.01487	0.01423	0.00905	0.03039	0.75297	0.02393	0.02328	0.02134	0.01746	0.00776	0.00582	0.00194	0.00453	0.00647	0.00582	0.00905
47	0.01279	0.01429	0.03078	0.02234	0.02753	0.01339	0.66187	0.01719	0.01322	0.01792	0.01376	0.10075	0.01187	0.00625	0.00681	0.00197	0.00895	0.00779	0.00316	0.00738
48	0.00691	0.00597	0.00610	0.00603	0.00792	0.00516	0.00456	0.00835	0.01293	0.01541	0.05663	0.05394	0.74134	0.01437	0.00707	0.00195	0.02338	0.01189	0.00524	0.00487
49	0.01349	0.01119	0.01214	0.01111	0.01393	0.01265	0.00863	0.08481	0.53912	0.02339	0.04811	0.11891	0.02134	0.00948	0.00613	0.00200	0.00450	0.04508	0.00574	0.00825

[dist]
# distance from previous block
# <min> <max>
0	1

[block]
# block no. 1 follows, 41 sequences, length 30
# corresponding to MSA columns:
# 153-182
name=unknown_B
#
# <colnr> <probs for GDERKNQSTAVLIFYWHMCP>
#	G	D	E	R	K	N	Q	S	T	A	V	L	I	F	Y	W	H	M	C	P
0	0.00810	0.00585	0.00765	0.00720	0.00855	0.00540	0.00540	0.01079	0.01619	0.02294	0.76028	0.04273	0.05397	0.01169	0.00675	0.00180	0.00270	0.01034	0.00630	0.00540
1	0.01147	0.02959	0.76934	0.01630	0.02476	0.01328	0.02113	0.01811	0.01208	0.01811	0.01026	0.01208	0.00725	0.00543	0.00543	0.00181	0.00845	0.00423	0.00242	0.00845
2	0.01529	0.80242	0.02997	0.00979	0.01468	0.02263	0.00979	0.01713	0.01162	0.01346	0.00795	0.00918	0.00734	0.00489	0.00367	0.00122	0.00612	0.00306	0.00245	0.00734
3	0.00697	0.00498	0.00664	0.00796	0.00830	0.00465	0.00531	0.00796	0.01095	0.01460	0.03153	0.79525	0.03783	0.01792	0.00730	0.00232	0.00332	0.01626	0.00531	0.00465
4	0.00832	0.00555	0.00624	0.00624	0.00624	0.00555	0.00347	0.00832	0.00832	0.01109	0.01802	0.03743	0.02080	0.79898	0.02911	0.00555	0.00555	0.00832	0.00347	0.00347
5	0.00817	0.00613	0.00919	0.00919	0.01021	0.00715	0.00715	0.01021	0.00919	0.01328	0.01532	0.02247	0.01430	0.04290	0.77631	0.00919	0.01532	0.00613	0.00306	0.00511
6	0.02137	0.02726	0.01621	0.01474	0.01768	0.77602	0.01105	0.02284	0.01621	0.01400	0.00884	0.01031	0.00737	0.00589	0.00516	0.00147	0.01031	0.00368	0.00295	0.00663
7	0.00719	0.00581	0.00639	0.00625	0.00799	0.00501	0.00469	0.00905	0.01406	0.01788	0.28559	0.05105	0.53182	0.01358	0.00676	0.00189	0.00283	0.01151	0.00563	0.00501
8	0.04537	0.01353	0.01479	0.01170	0.01588	0.03489	0.00955	0.38519	0.10651	0.24013	0.01896	0.01781	0.04445	0.00729	0.00571	0.00176	0.00559	0.00567	0.00596	0.00925
9	0.01423	0.01229	0.01293	0.01164	0.01487	0.01423	0.00905	0.03039	0.75297	0.02393	0.02328	0.02134	0.01746	0.00776	0.00582	0.00194	0.00453	0.00647	0.00582	0.00905
10	0.01080	0.01017	0.01716	0.78523	0.03940	0.01271	0.01589	0.01461	0.01144	0.01461	0.01017	0.01525	0.00762	0.00572	0.00572	0.00191	0.00762	0.00508	0.00254	0.00635
11	0.01080	0.01017	0.01716	0.78523	0.03940	0.01271	0.01589	0.01461	0.01144	0.01461	0.01017	0.01525	0.00762	0.00572	0.00572	0.00191	0.00762	0.00508	0.00254	0.00635
12	0.01416	0.01359	0.02322	0.03511	0.76330	0.01359	0.01755	0.01755	0.01302	0.01869	0.01076	0.01416	0.00906	0.00510	0.00566	0.00170	0.00680	0.00510	0.00283	0.00906
13	0.02566	0.00973	0.01327	0.01018	0.01460	0.00841	0.00841	0.02788	0.01637	0.76726	0.02257	0.01947	0.01416	0.00708	0.00575	0.00177	0.00487	0.00575	0.00708	0.00973
14	0.00697	0.00498	0.00664	0.00796	0.00830	0.00465	0.00531	0.00796	0.01095	0.01460	0.03153	0.79525	0.03783	0.01792	0.00730	0.00232	0.00332	0.01626	0.00531	0.00465
15	0.01416	0.01359	0.02322	0.03511	0.76330	0.01359	0.01755	0.01755	0.01302	0.01869	0.01076	0.01416	0.00906	0.00510	0.00566	0.00170	0.00680	0.00510	0.00283	0.00906
16	0.02145	0.02464	0.01643	0.01437	0.01770	0.59931	0.01101	0.19095	0.01870	0.01914	0.00998	0.01111	0.00792	0.00612	0.00529	0.00153	0.00938	0.00403	0.00359	0.00735
17	0.01235	0.01015	0.01191	0.00853	0.01359	0.00765	0.00684	0.01488	0.01202	0.04526	0.01061	0.01213	0.00867	0.00434	0.00429	0.00088	0.00426	0.00347	0.00352	0.80464
18	0.05340	0.01584	0.01662	0.01284	0.01733	0.03800	0.01058	0.66205	0.02543	0.07005	0.01380	0.01374	0.00974	0.00679	0.00562	0.00171	0.00626	0.00506	0.00563	0.00951
19	0.01192	0.12086	0.68203	0.01553	0.02357	0.01439	0.01979	0.01800	0.01202	0.01756	0.00999	0.01173	0.00726	0.00537	0.00523	0.00174	0.00818	0.00409	0.00242	0.00832
20	0.01147	0.02959	0.76934	0.01630	0.02476	0.01328	0.02113	0.01811	0.01208	0.01811	0.01026	0.01208	0.00725	0.00543	0.00543	0.00181	0.00845	0.00423	0.00242	0.00845
21	0.00837	0.00642	0.00957	0.00946	0.01043	0.00762	0.00739	0.01038	0.00917	0.01330	0.01497	0.02202	0.01399	0.04140	0.74184	0.00889	0.05050	0.00608	0.00304	0.00516
22	0.58172	0.01158	0.01052	0.00881	0.01265	0.01282	0.00726	0.12707	0.01340	0.15098	0.01126	0.01165	0.00805	0.00584	0.00423	0.00176	0.00478	0.00385	0.00446	0.00731
23	0.01337	0.01279	0.02180	0.20991	0.59461	0.01338	0.01717	0.01687	0.01265	0.01774	0.01062	0.01441	0.00873	0.00524	0.00568	0.00175	0.00699	0.00509	0.00276	0.00843
24	0.00676	0.00579	0.00579	0.00579	0.00773	0.00483	0.00435	0.00821	0.01304	0.01545	0.05794	0.05505	0.76098	0.01449	0.00676	0.00193	0.00290	0.01207	0.00531	0.00483
25	0.00729	0.00522	0.00692	0.00775	0.00837	0.00486	0.00533	0.00876	0.01242	0.01694	0.23605	0.58406	0.04236	0.01617	0.00715	0.00218	0.00314	0.01460	0.00559	0.00486
26	0.01197	0.13030	0.67299	0.01545	0.02344	0.01450	0.01965	0.01799	0.01202	0.01751	0.00996	0.01170	0.00726	0.00536	0.00520	0.00173	0.00815	0.00407	0.00242	0.00831
27	0.00805	0.00584	0.00758	0.00715	0.00852	0.00538	0.00536	0.01070	0.01608	0.02267	0.73522	0.04317	0.07920	0.01179	0.00675	0.00180	0.00271	0.01041	0.00626	0.00538
28	0.00810	0.00585	0.00765	0.00720	0.00855	0.00540	0.00540	0.01079	0.01619	0.02294	0.76028	0.04273	0.05397	0.01169	0.00675	0.00180	0.00270	0.01034	0.00630	0.00540
29	0.63154	0.01232	0.01063	0.00896	0.01276	0.01408	0.00738	0.20172	0.01410	0.02830	0.00943	0.01042	0.00709	0.00571	0.00409	0.00176	0.00490	0.00362	0.00409	0.00709

[dist]
# distance from previous block
# <min> <max>
0	1

[block]
# block no. 2 follows, 41 sequences, length 48
# corresponding to MSA columns:
# 184-231
name=unknown_C
#
# <colnr> <probs for GDERKNQSTAVLIFYWHMCP>
#	G	D	E	R	K	N	Q	S	T	A	V	L	I	F	Y	W	H	M	C	P
0	0.01080	0.01017	0.01716	0.78523	0.03940	0.01271	0.01589	0.01461	0.01144	0.01461	0.01017	0.01525	0.00762	0.00572	0.00572	0.00191	0.00762	0.00508	0.00254	0.00635
1	0.00817	0.00613	0.00919	0.00919	0.01021	0.00715	0.00715	0.01021	0.00919	0.01328	0.01532	0.02247	0.01430	0.04290	0.77631	0.00919	0.01532	0.00613	0.00306	0.00511
2	0.02316	0.01375	0.01576	0.01208	0.01661	0.01437	0.00998	0.48587	0.02310	0.29977	0.01692	0.01580	0.01133	0.00694	0.00573	0.00174	0.00578	0.00537	0.00621	0.00973
3	0.00703	0.00580	0.00616	0.00607	0.00789	0.00494	0.00456	0.00873	0.01367	0.01695	0.19831	0.05258	0.61968	0.01393	0.00676	0.00191	0.00286	0.01173	0.00551	0.00494
4	0.01251	0.01251	0.01752	0.01502	0.01502	0.01752	0.01251	0.01377	0.00876	0.01377	0.00751	0.01251	0.00751	0.01001	0.01877	0.00250	0.78851	0.00501	0.00250	0.00626
5	0.02137	0.02726	0.01621	0.01474	0.01768	0.77602	0.01105	0.02284	0.01621	0.01400	0.00884	0.01031	0.00737	0.00589	0.00516	0.00147	0.01031	0.00368	0.00295	0.00663
6	0.02222	0.01525	0.01669	0.01279	0.01735	0.01659	0.01057	0.65645	0.02560	0.12564	0.01482	0.01444	0.01027	0.00689	0.00573	0.00172	0.00612	0.00522	0.00589	0.00973
7	0.83938	0.01106	0.00841	0.00752	0.01106	0.01283	0.00619	0.01681	0.00973	0.02566	0.00796	0.00929	0.00619	0.00531	0.00354	0.00177	0.00442	0.00310	0.00354	0.00619
8	0.00813	0.00714	0.00893	0.01094	0.13784	0.00638	0.00670	0.01001	0.01327	0.01656	0.10131	0.04711	0.57972	0.01267	0.00657	0.00188	0.00355	0.01074	0.00496	0.00560
9	0.07741	0.01568	0.01657	0.01278	0.01728	0.01740	0.01055	0.69471	0.02573	0.03534	0.01334	0.01343	0.00949	0.00676	0.00557	0.00172	0.00617	0.00501	0.00557	0.00949
10	0.00827	0.00553	0.00625	0.00630	0.00631	0.00551	0.00353	0.00831	0.00841	0.01121	0.01850	0.06417	0.02140	0.77142	0.02834	0.00543	0.00547	0.00860	0.00353	0.00351
11	0.02032	0.01471	0.01597	0.01255	0.01670	0.01614	0.01023	0.63584	0.04280	0.05720	0.01589	0.08630	0.01265	0.00792	0.00587	0.00178	0.00593	0.00623	0.00573	0.00924
12	0.00810	0.00585	0.00765	0.00720	0.00855	0.00540	0.00540	0.01079	0.01619	0.02294	0.76028	0.04273	0.05397	0.01169	0.00675	0.00180	0.00270	0.01034	0.00630	0.00540
13	0.01391	0.01334	0.02278	0.08943	0.71088	0.01353	0.01743	0.01734	0.01291	0.01839	0.01072	0.01424	0.00896	0.00514	0.00567	0.00171	0.00686	0.00510	0.00281	0.00886
14	0.01416	0.01359	0.02322	0.03511	0.76330	0.01359	0.01755	0.01755	0.01302	0.01869	0.01076	0.01416	0.00906	0.00510	0.00566	0.00170	0.00680	0.00510	0.00283	0.00906
15	0.01384	0.01553	0.03308	0.02384	0.02934	0.01481	0.70190	0.01835	0.01351	0.01846	0.01177	0.01582	0.00900	0.00535	0.00751	0.00203	0.04823	0.00678	0.00301	0.00784
16	0.83446	0.01134	0.00870	0.00781	0.01136	0.01304	0.00637	0.01708	0.01000	0.02598	0.00838	0.00987	0.00659	0.00558	0.00372	0.00184	0.00457	0.00324	0.00368	0.00640
17	0.01210	0.07477	0.72166	0.01615	0.02438	0.01403	0.02056	0.01831	0.01230	0.01820	0.01053	0.01247	0.00764	0.00567	0.00550	0.00185	0.00843	0.00429	0.00256	0.00858
18	0.01430	0.01220	0.01297	0.01183	0.01496	0.01394	0.00922	0.02941	0.70208	0.02382	0.02404	0.02455	0.01875	0.00852	0.00612	0.00206	0.00471	0.05160	0.00591	0.00901
19	0.01104	0.00673	0.00879	0.00801	0.00982	0.00611	0.00613	0.01354	0.01635	0.12836	0.62878	0.04048	0.04777	0.01140	0.00681	0.00189	0.00324	0.03203	0.00649	0.00622
20	0.02517	0.01045	0.01374	0.01057	0.01504	0.00922	0.00867	0.07444	0.01710	0.68530	0.02182	0.01930	0.01399	0.00721	0.00586	0.00180	0.00507	0.00574	0.00696	0.04253
21	0.01567	0.79760	0.03013	0.01006	0.01496	0.02277	0.00994	0.01739	0.01187	0.01385	0.00837	0.00975	0.00773	0.00517	0.00385	0.00130	0.00625	0.00320	0.00259	0.00754
22	0.00834	0.00615	0.00769	0.00729	0.00875	0.00557	0.00544	0.01074	0.01598	0.02224	0.65927	0.04478	0.15129	0.01231	0.00691	0.00189	0.00288	0.01068	0.00628	0.00553
23	0.01142	0.01066	0.01778	0.73350	0.08488	0.01297	0.01611	0.01507	0.01179	0.01525	0.01061	0.01572	0.00810	0.00595	0.00589	0.00197	0.00769	0.00521	0.00270	0.00673
24	0.01461	0.01255	0.01320	0.01190	0.01515	0.01442	0.00921	0.03057	0.74844	0.02425	0.02360	0.02184	0.01779	0.00802	0.00599	0.00201	0.00467	0.00659	0.00594	0.00924
25	0.00740	0.00529	0.00694	0.00825	0.00862	0.00490	0.00549	0.00828	0.01121	0.01499	0.03179	0.79076	0.03803	0.01811	0.00746	0.00239	0.00347	0.01632	0.00543	0.00487
26	0.01400	0.01150	0.01306	0.00965	0.01459	0.00980	0.00772	0.13652	0.04392	0.02210	0.01168	0.01311	0.00942	0.00509	0.00473	0.00111	0.00473	0.00394	0.00401	0.65931
27	0.07319	0.10894	0.01752	0.01385	0.01720	0.57811	0.01074	0.08242	0.01642	0.01692	0.00951	0.01098	0.00788	0.00610	0.00512	0.00156	0.00925	0.00384	0.00330	0.00715
28	0.05344	0.01006	0.01337	0.01035	0.01476	0.00879	0.00850	0.02769	0.01637	0.73777	0.02240	0.01964	0.01424	0.00728	0.00585	0.00184	0.00499	0.00579	0.00707	0.00980
29	0.01711	0.01379	0.01460	0.01240	0.01610	0.01559	0.00982	0.26728	0.50767	0.02827	0.02043	0.01932	0.01522	0.00772	0.00596	0.00194	0.00525	0.00615	0.00591	0.00947
30	0.01286	0.01082	0.01182	0.02898	0.01404	0.01205	0.00837	0.02494	0.53852	0.02337	0.17794	0.02794	0.06495	0.00914	0.00623	0.00198	0.00427	0.00766	0.00594	0.00820
31	0.00845	0.00610	0.00788	0.00753	0.00885	0.00560	0.00558	0.01092	0.01609	0.02275	0.71019	0.09025	0.05305	0.01231	0.00694	0.00191	0.00289	0.01081	0.00635	0.00556
32	0.01567	0.79760	0.03013	0.01006	0.01496	0.02277	0.00994	0.01739	0.01187	0.01385	0.00837	0.00975	0.00773	0.00517	0.00385	0.00130	0.00625	0.00320	0.00259	0.00754
33	0.02171	0.02743	0.01646	0.01497	0.01794	0.77131	0.01120	0.02306	0.01643	0.01439	0.00925	0.01089	0.00776	0.00616	0.00533	0.00155	0.01042	0.00382	0.00309	0.00684
34	0.00719	0.00610	0.00611	0.00609	0.00805	0.00508	0.00454	0.00853	0.01328	0.01583	0.05804	0.05533	0.75652	0.01470	0.00692	0.00200	0.00305	0.01215	0.00544	0.00505
35	0.01121	0.01045	0.01740	0.78051	0.03951	0.01291	0.01600	0.01489	0.01169	0.01500	0.01057	0.01579	0.00801	0.00599	0.00589	0.00198	0.00774	0.00521	0.00268	0.00656
36	0.08614	0.01491	0.01586	0.01244	0.01670	0.01634	0.01017	0.59082	0.04728	0.05769	0.06102	0.01617	0.01298	0.00734	0.00579	0.00181	0.00595	0.00550	0.00575	0.00934
37	0.00758	0.00612	0.00664	0.00649	0.00829	0.00525	0.00484	0.00927	0.01419	0.01799	0.26023	0.05178	0.55298	0.01389	0.00692	0.00197	0.00299	0.01166	0.00572	0.00521
38	0.00874	0.00586	0.00655	0.00653	0.00657	0.00580	0.00366	0.00863	0.00859	0.01150	0.01838	0.03783	0.02110	0.79414	0.02913	0.00559	0.00568	0.00843	0.00360	0.00369
39	0.83446	0.01134	0.00870	0.00781	0.01136	0.01304	0.00637	0.01708	0.01000	0.02598	0.00838	0.00987	0.00659	0.00558	0.00372	0.00184	0.00457	0.00324	0.00368	0.00640
40	0.02010	0.02450	0.01513	0.01382	0.01657	0.66721	0.01033	0.02162	0.01613	0.01548	0.05706	0.01371	0.01121	0.00658	0.00535	0.00156	0.00939	0.00436	0.06324	0.00667
41	0.02429	0.00975	0.01309	0.01018	0.01441	0.00840	0.00831	0.02643	0.01644	0.68649	0.07594	0.02144	0.01722	0.00759	0.00595	0.00182	0.00483	0.00614	0.00703	0.03428
42	0.00852	0.00615	0.00795	0.00748	0.00886	0.00565	0.00558	0.01109	0.01641	0.02327	0.75586	0.04309	0.05406	0.01192	0.00691	0.00187	0.00285	0.01044	0.00641	0.00561
43	0.02208	0.01626	0.01741	0.01341	0.01800	0.01791	0.01102	0.73980	0.02705	0.03629	0.01411	0.01428	0.01010	0.00713	0.00589	0.00179	0.00642	0.00528	0.00584	0.00991
44	0.01121	0.01045	0.01740	0.78051	0.03951	0.01291	0.01600	0.01489	0.01169	0.01500	0.01057	0.01579	0.00801	0.00599	0.00589	0.00198	0.00774	0.00521	0.00268	0.00656
45	0.01106	0.02671	0.67663	0.01529	0.02286	0.01241	0.01930	0.01719	0.01223	0.01822	0.06482	0.01481	0.01098	0.00774	0.04361	0.00218	0.00838	0.00476	0.00273	0.00807
46	0.00773	0.04475	0.00817	0.00809	0.00899	0.00575	0.00564	0.00888	0.01105	0.01484	0.02881	0.69969	0.03420	0.01629	0.00690	0.00216	0.00352	0.01468	0.00503	0.06483
47	0.00692	0.00580	0.00602	0.00597	0.00783	0.00490	0.00447	0.00852	0.01342	0.01636	0.14350	0.05355	0.67485	0.01415	0.00676	0.00192	0.00287	0.01186	0.00543	0.00490

[dist]
# distance from previous block
# <min> <max>
0	1

[block]
# block no. 3 follows, 41 sequences, length 14
# corresponding to MSA columns:
# 233-246
name=unknown_D
#
# <colnr> <probs for GDERKNQSTAVLIFYWHMCP>
#	G	D	E	R	K	N	Q	S	T	A	V	L	I	F	Y	W	H	M	C	P
0	0.01489	0.02454	0.49188	0.01565	0.02273	0.01478	0.05162	0.25271	0.01693	0.02392	0.01145	0.01277	0.00811	0.00587	0.00559	0.00179	0.00781	0.00464	0.00351	0.00883
1	0.01001	0.00736	0.00889	0.00796	0.00984	0.00718	0.00612	0.11975	0.01750	0.02421	0.58536	0.03953	0.11159	0.01123	0.00660	0.00180	0.00325	0.00973	0.00612	0.00599
2	0.72681	0.04578	0.04996	0.00819	0.01209	0.01309	0.00723	0.01735	0.01021	0.05518	0.00869	0.00985	0.00663	0.00537	0.00374	0.00175	0.00473	0.00326	0.00358	0.00651
3	0.01328	0.00610	0.00671	0.00618	0.00805	0.00587	0.00477	0.01586	0.01276	0.15127	0.01934	0.02100	0.01457	0.00674	0.00430	0.00141	0.00305	0.00540	0.68726	0.00610
4	0.15636	0.05516	0.45688	0.01771	0.13217	0.01370	0.05509	0.01777	0.01186	0.01933	0.00991	0.01196	0.00741	0.00531	0.00513	0.00177	0.00747	0.00424	0.00270	0.00807
5	0.01497	0.65136	0.05942	0.01034	0.01515	0.02098	0.01017	0.01915	0.12201	0.01522	0.01033	0.01111	0.00884	0.00534	0.00407	0.00136	0.00598	0.00362	0.00295	0.00764
6	0.15785	0.01372	0.05307	0.02354	0.35226	0.01301	0.14215	0.01829	0.04942	0.04274	0.01133	0.01378	0.00894	0.00523	0.00537	0.00170	0.00659	0.00496	0.00327	0.07278
7	0.01543	0.01139	0.01512	0.01741	0.22056	0.03454	0.01090	0.02220	0.24253	0.16399	0.01840	0.05080	0.01457	0.01249	0.12051	0.00292	0.00695	0.00622	0.00472	0.00834
8	0.00949	0.00676	0.00811	0.00832	0.00921	0.00681	0.00569	0.11766	0.01269	0.01695	0.02562	0.49596	0.02953	0.20483	0.01233	0.00301	0.00430	0.01269	0.00493	0.00512
9	0.05673	0.01031	0.01291	0.01014	0.01410	0.00977	0.00829	0.14965	0.01790	0.49776	0.13023	0.02150	0.01898	0.00765	0.00580	0.00176	0.00477	0.00622	0.00658	0.00894
10	0.00892	0.00640	0.00748	0.00689	0.00786	0.00605	0.00437	0.00954	0.00901	0.01260	0.01642	0.03166	0.01808	0.59408	0.09046	0.00505	0.00618	0.00727	0.00342	0.14828
11	0.01337	0.01598	0.15208	0.10230	0.52650	0.01349	0.01758	0.01804	0.05123	0.01847	0.01127	0.01427	0.00904	0.00535	0.00564	0.00175	0.00705	0.00501	0.00289	0.00870
12	0.00943	0.00761	0.01232	0.01164	0.01355	0.00735	0.11726	0.01227	0.01367	0.01832	0.18145	0.11307	0.03415	0.01348	0.00744	0.00233	0.00522	0.40872	0.00513	0.00561
13	0.01637	0.01839	0.01913	0.15681	0.30827	0.31728	0.01446	0.01899	0.01383	0.01590	0.00975	0.01275	0.00807	0.00573	0.00603	0.00168	0.04171	0.00453	0.00281	0.00750

[dist]
# distance from previous block
# <min> <max>
0	3

[block]
# block no. 4 follows, 41 sequences, length 72
# corresponding to MSA columns:
# 250-321
name=unknown_E
#
# <colnr> <probs for GDERKNQSTAVLIFYWHMCP>
#	G	D	E	R	K	N	Q	S	T	A	V	L	I	F	Y	W	H	M	C	P
0	0.68742	0.01169	0.01097	0.12297	0.01637	0.01334	0.02429	0.01715	0.01070	0.02463	0.00938	0.01169	0.00742	0.00601	0.00437	0.00197	0.00535	0.00381	0.00371	0.00676
1	0.00947	0.00665	0.00941	0.00936	0.01024	0.00728	0.00696	0.01039	0.00951	0.01356	0.01563	0.02408	0.01500	0.09883	0.59532	0.13023	0.01320	0.00642	0.00334	0.00511
2	0.00863	0.01004	0.11904	0.00819	0.01109	0.00674	0.00738	0.01068	0.01379	0.01748	0.11912	0.04821	0.57095	0.01339	0.00696	0.00208	0.00406	0.01095	0.00528	0.00594
3	0.02028	0.01541	0.01736	0.12719	0.02129	0.01710	0.01181	0.56254	0.08980	0.03241	0.01498	0.01596	0.01101	0.00741	0.00614	0.00194	0.00664	0.00556	0.00556	0.00962
4	0.02224	0.02602	0.01694	0.01508	0.01832	0.65314	0.01138	0.12949	0.01832	0.01818	0.01056	0.01219	0.00866	0.00668	0.00566	0.00169	0.00997	0.00423	0.00369	0.00758
5	0.02439	0.01048	0.01370	0.01057	0.01512	0.00885	0.00856	0.02635	0.01624	0.64640	0.02152	0.01958	0.01416	0.00729	0.00594	0.00181	0.00511	0.00570	0.00681	0.13142
6	0.14251	0.02529	0.01565	0.01425	0.01733	0.65242	0.01069	0.02249	0.01579	0.01665	0.00971	0.01154	0.00814	0.00645	0.00534	0.00170	0.00970	0.00393	0.00337	0.00706
7	0.00974	0.00746	0.01029	0.00975	0.01145	0.00780	0.00751	0.01156	0.01023	0.01501	0.01546	0.02210	0.01428	0.03728	0.65121	0.00803	0.01386	0.00602	0.00345	0.12754
8	0.02254	0.01709	0.01770	0.01383	0.01836	0.05107	0.01124	0.70226	0.02680	0.03568	0.01444	0.01491	0.01053	0.00745	0.00611	0.00188	0.00678	0.00539	0.00589	0.01004
9	0.00974	0.00727	0.00909	0.00828	0.01025	0.00640	0.00628	0.01211	0.01590	0.02274	0.59453	0.04039	0.04620	0.01140	0.00684	0.00189	0.00345	0.05335	0.00609	0.12778
10	0.01459	0.01371	0.02281	0.14570	0.64588	0.01394	0.01756	0.01774	0.01338	0.01895	0.01164	0.01563	0.00976	0.00584	0.00608	0.00191	0.00722	0.00540	0.00313	0.00912
11	0.01464	0.01359	0.02183	0.05656	0.61785	0.01316	0.01617	0.01761	0.01339	0.01940	0.01162	0.01517	0.00984	0.00565	0.00587	0.00176	0.00675	0.00515	0.00324	0.13076
12	0.01217	0.00710	0.00721	0.00698	0.00867	0.00725	0.00521	0.01652	0.12159	0.02253	0.02018	0.02253	0.01590	0.00746	0.00470	0.00161	0.00330	0.00580	0.69689	0.00640
13	0.00882	0.00741	0.00769	0.00711	0.00962	0.00619	0.00533	0.01067	0.03968	0.01713	0.04992	0.04818	0.61318	0.01325	0.00675	0.00195	0.00351	0.01080	0.00535	0.12746
14	0.00895	0.00613	0.00710	0.00744	0.00763	0.00589	0.00447	0.00898	0.00973	0.01308	0.02275	0.25559	0.02641	0.56345	0.02291	0.00474	0.00523	0.01085	0.00432	0.00435
15	0.01028	0.00748	0.00898	0.00923	0.01045	0.00727	0.00653	0.11730	0.01449	0.01948	0.09673	0.56510	0.07115	0.01602	0.00738	0.00234	0.00403	0.01402	0.00576	0.00600
16	0.00818	0.00586	0.00753	0.00853	0.00910	0.00538	0.00577	0.00915	0.01234	0.01675	0.13936	0.67376	0.04067	0.01746	0.00760	0.00241	0.00358	0.01552	0.00575	0.00529
17	0.13158	0.00710	0.00730	0.00713	0.00775	0.00722	0.00434	0.01033	0.00918	0.01421	0.01740	0.03425	0.01938	0.67058	0.02540	0.00511	0.00570	0.00781	0.00380	0.00441
18	0.00856	0.00718	0.00744	0.00690	0.00936	0.00586	0.00516	0.00988	0.01345	0.01683	0.05115	0.04938	0.63954	0.01349	0.00678	0.00195	0.00346	0.01099	0.00533	0.12731
19	0.02224	0.02602	0.01694	0.01508	0.01832	0.65314	0.01138	0.12949	0.01832	0.01818	0.01056	0.01219	0.00866	0.00668	0.00566	0.00169	0.00997	0.00423	0.00369	0.00758
20	0.01425	0.12926	0.01980	0.01468	0.01562	0.01844	0.01233	0.01533	0.01004	0.03563	0.00901	0.01356	0.00861	0.00976	0.01639	0.00246	0.63979	0.00505	0.00297	0.00702
21	0.01080	0.01017	0.01716	0.78523	0.03940	0.01271	0.01589	0.01461	0.01144	0.01461	0.01017	0.01525	0.00762	0.00572	0.00572	0.00191	0.00762	0.00508	0.00254	0.00635
22	0.00697	0.00498	0.00664	0.00796	0.00830	0.00465	0.00531	0.00796	0.01095	0.01460	0.03153	0.79525	0.03783	0.01792	0.00730	0.00232	0.00332	0.01626	0.00531	0.00465
23	0.00815	0.00582	0.00764	0.00720	0.00851	0.00538	0.00538	0.01069	0.01592	0.02254	0.73710	0.04194	0.05261	0.01195	0.00723	0.02750	0.00277	0.01018	0.00618	0.00531
24	0.01203	0.14326	0.66059	0.01534	0.02327	0.01466	0.01946	0.01797	0.01201	0.01743	0.00992	0.01165	0.00726	0.00535	0.00517	0.00172	0.00811	0.00405	0.00242	0.00829
25	0.02174	0.01602	0.01717	0.01316	0.01774	0.01774	0.01087	0.74423	0.02689	0.03605	0.01373	0.01373	0.00973	0.00687	0.00572	0.00172	0.00629	0.00515	0.00572	0.00973
26	0.04592	0.01308	0.01369	0.01164	0.01530	0.04684	0.00923	0.14822	0.44798	0.15327	0.02042	0.01886	0.01478	0.00733	0.00569	0.00185	0.00513	0.00589	0.00582	0.00908
27	0.02364	0.01298	0.01528	0.01172	0.01622	0.01322	0.00968	0.39752	0.02180	0.38995	0.01801	0.01651	0.01187	0.00697	0.00574	0.00174	0.00560	0.00544	0.00638	0.00973
28	0.00706	0.00498	0.00666	0.00795	0.00827	0.00466	0.00530	0.00795	0.01084	0.01446	0.03086	0.77122	0.03697	0.01798	0.00777	0.02801	0.00337	0.01591	0.00522	0.00458
29	0.01219	0.01159	0.01967	0.47444	0.33932	0.01307	0.01658	0.01583	0.01209	0.01630	0.01041	0.01480	0.00822	0.00546	0.00570	0.00182	0.00728	0.00509	0.00266	0.00748
30	0.01366	0.01309	0.02233	0.14545	0.65682	0.01346	0.01731	0.01712	0.01279	0.01809	0.01067	0.01432	0.00885	0.00519	0.00567	0.00173	0.00692	0.00509	0.00279	0.00866
31	0.02566	0.00973	0.01327	0.01018	0.01460	0.00841	0.00841	0.02788	0.01637	0.76726	0.02257	0.01947	0.01416	0.00708	0.00575	0.00177	0.00487	0.00575	0.00708	0.00973
32	0.00687	0.00577	0.00596	0.00597	0.00781	0.00487	0.00446	0.00839	0.01320	0.01598	0.10965	0.07939	0.68334	0.01439	0.00678	0.00193	0.00290	0.01209	0.00539	0.00487
33	0.01147	0.02959	0.76934	0.01630	0.02476	0.01328	0.02113	0.01811	0.01208	0.01811	0.01026	0.01208	0.00725	0.00543	0.00543	0.00181	0.00845	0.00423	0.00242	0.00845
34	0.01561	0.01442	0.01346	0.01208	0.01529	0.12610	0.00938	0.04736	0.59551	0.03821	0.02103	0.02035	0.01602	0.00761	0.00576	0.00188	0.00545	0.02042	0.00541	0.00865
35	0.00810	0.00585	0.00765	0.00720	0.00855	0.00540	0.00540	0.01079	0.01619	0.02294	0.76028	0.04273	0.05397	0.01169	0.00675	0.00180	0.00270	0.01034	0.00630	0.00540
36	0.00817	0.00613	0.00919	0.00919	0.01021	0.00715	0.00715	0.01021	0.00919	0.01328	0.01532	0.02247	0.01430	0.04290	0.77631	0.00919	0.01532	0.00613	0.00306	0.00511
37	0.02276	0.00923	0.01244	0.00978	0.01372	0.00813	0.00798	0.02543	0.03689	0.63705	0.13110	0.02294	0.02011	0.00778	0.00590	0.00178	0.00454	0.00645	0.00693	0.00908
38	0.02566	0.00973	0.01327	0.01018	0.01460	0.00841	0.00841	0.02788	0.01637	0.76726	0.02257	0.01947	0.01416	0.00708	0.00575	0.00177	0.00487	0.00575	0.00708	0.00973
39	0.00817	0.00613	0.00919	0.00919	0.01021	0.00715	0.00715	0.01021	0.00919	0.01328	0.01532	0.02247	0.01430	0.04290	0.77631	0.00919	0.01532	0.00613	0.00306	0.00511
40	0.00697	0.00498	0.00664	0.00796	0.00830	0.00465	0.00531	0.00796	0.01095	0.01460	0.03153	0.79525	0.03783	0.01792	0.00730	0.00232	0.00332	0.01626	0.00531	0.00465
41	0.01186	0.01017	0.01186	0.00847	0.01356	0.00762	0.00678	0.01440	0.01186	0.01864	0.01017	0.01186	0.00847	0.00424	0.00424	0.00085	0.00424	0.00339	0.00339	0.83395
42	0.01416	0.01359	0.02322	0.03511	0.76330	0.01359	0.01755	0.01755	0.01302	0.01869	0.01076	0.01416	0.00906	0.00510	0.00566	0.00170	0.00680	0.00510	0.00283	0.00906
43	0.02139	0.02653	0.01627	0.01463	0.01769	0.72648	0.01104	0.06997	0.01691	0.01544	0.00916	0.01054	0.00752	0.00596	0.00519	0.00149	0.01005	0.00378	0.00313	0.00683
44	0.01484	0.01259	0.01328	0.01177	0.01511	0.01452	0.00920	0.08907	0.69329	0.02492	0.02250	0.02072	0.01682	0.00769	0.00581	0.00192	0.00467	0.00636	0.00581	0.00911
45	0.01251	0.01251	0.01752	0.01502	0.01502	0.01752	0.01251	0.01377	0.00876	0.01377	0.00751	0.01251	0.00751	0.01001	0.01877	0.00250	0.78851	0.00501	0.00250	0.00626
46	0.01186	0.01017	0.01186	0.00847	0.01356	0.00762	0.00678	0.01440	0.01186	0.01864	0.01017	0.01186	0.00847	0.00424	0.00424	0.00085	0.00424	0.00339	0.00339	0.83395
47	0.00832	0.00555	0.00624	0.00624	0.00624	0.00555	0.00347	0.00832	0.00832	0.01109	0.01802	0.03743	0.02080	0.79898	0.02911	0.00555	0.00555	0.00832	0.00347	0.00347
48	0.00697	0.00498	0.00664	0.00796	0.00830	0.00465	0.00531	0.00796	0.01095	0.01460	0.03153	0.79525	0.03783	0.01792	0.00730	0.00232	0.00332	0.01626	0.00531	0.00465
49	0.00817	0.00613	0.00919	0.00919	0.01021	0.00715	0.00715	0.01021	0.00919	0.01328	0.01532	0.02247	0.01430	0.04290	0.77631	0.00919	0.01532	0.00613	0.00306	0.00511
50	0.00696	0.00501	0.00661	0.00789	0.00828	0.00465	0.00528	0.00797	0.01103	0.01463	0.03246	0.76901	0.06347	0.01780	0.00728	0.00231	0.00330	0.01611	0.00531	0.00465
51	0.02174	0.01602	0.01717	0.01316	0.01774	0.01774	0.01087	0.74423	0.02689	0.03605	0.01373	0.01373	0.00973	0.00687	0.00572	0.00172	0.00629	0.00515	0.00572	0.00973
52	0.00702	0.00502	0.00668	0.00793	0.00831	0.00468	0.00531	0.00809	0.01118	0.01496	0.06316	0.76258	0.03853	0.01765	0.00728	0.00230	0.00329	0.01600	0.00535	0.00468
53	0.01147	0.02959	0.76934	0.01630	0.02476	0.01328	0.02113	0.01811	0.01208	0.01811	0.01026	0.01208	0.00725	0.00543	0.00543	0.00181	0.00845	0.00423	0.00242	0.00845
54	0.00682	0.00580	0.00587	0.00586	0.00776	0.00485	0.00439	0.00832	0.01317	0.01578	0.08843	0.05451	0.73029	0.01436	0.00676	0.00193	0.00289	0.01200	0.00535	0.00485
55	0.03989	0.01342	0.01537	0.01187	0.01632	0.01400	0.00978	0.43430	0.04832	0.31055	0.01728	0.01607	0.01160	0.00695	0.00569	0.00175	0.00566	0.00538	0.00619	0.00963
56	0.01186	0.01017	0.01186	0.00847	0.01356	0.00762	0.00678	0.01440	0.01186	0.01864	0.01017	0.01186	0.00847	0.00424	0.00424	0.00085	0.00424	0.00339	0.00339	0.83395
57	0.01348	0.01528	0.03292	0.02408	0.04843	0.01455	0.69879	0.01815	0.01333	0.01818	0.01141	0.01530	0.00865	0.00501	0.00713	0.00194	0.03615	0.00665	0.00288	0.00770
58	0.02137	0.02726	0.01621	0.01474	0.01768	0.77602	0.01105	0.02284	0.01621	0.01400	0.00884	0.01031	0.00737	0.00589	0.00516	0.00147	0.01031	0.00368	0.00295	0.00663
59	0.00795	0.00584	0.00745	0.00705	0.00846	0.00534	0.00529	0.01052	0.01586	0.02215	0.68624	0.04403	0.12851	0.01199	0.00675	0.00181	0.00272	0.01053	0.00619	0.00534
60	0.01529	0.80242	0.02997	0.00979	0.01468	0.02263	0.00979	0.01713	0.01162	0.01346	0.00795	0.00918	0.00734	0.00489	0.00367	0.00122	0.00612	0.00306	0.00245	0.00734
61	0.00810	0.00585	0.00765	0.00720	0.00855	0.00540	0.00540	0.01079	0.01619	0.02294	0.76028	0.04273	0.05397	0.01169	0.00675	0.00180	0.00270	0.01034	0.00630	0.00540
62	0.02137	0.02726	0.01621	0.01474	0.01768	0.77602	0.01105	0.02284	0.01621	0.01400	0.00884	0.01031	0.00737	0.00589	0.00516	0.00147	0.01031	0.00368	0.00295	0.00663
63	0.00810	0.00585	0.00765	0.00720	0.00855	0.00540	0.00540	0.01079	0.01619	0.02294	0.76028	0.04273	0.05397	0.01169	0.00675	0.00180	0.00270	0.01034	0.00630	0.00540
64	0.01251	0.01251	0.01752	0.01502	0.01502	0.01752	0.01251	0.01377	0.00876	0.01377	0.00751	0.01251	0.00751	0.01001	0.01877	0.00250	0.78851	0.00501	0.00250	0.00626
65	0.01186	0.01017	0.01186	0.00847	0.01356	0.00762	0.00678	0.01440	0.01186	0.01864	0.01017	0.01186	0.00847	0.00424	0.00424	0.00085	0.00424	0.00339	0.00339	0.83395
66	0.01423	0.01229	0.01293	0.01164	0.01487	0.01423	0.00905	0.03039	0.75297	0.02393	0.02328	0.02134	0.01746	0.00776	0.00582	0.00194	0.00453	0.00647	0.00582	0.00905
67	0.01416	0.01359	0.02322	0.03511	0.76330	0.01359	0.01755	0.01755	0.01302	0.01869	0.01076	0.01416	0.00906	0.00510	0.00566	0.00170	0.00680	0.00510	0.00283	0.00906
68	0.01251	0.01251	0.01752	0.01502	0.01502	0.01752	0.01251	0.01377	0.00876	0.01377	0.00751	0.01251	0.00751	0.01001	0.01877	0.00250	0.78851	0.00501	0.00250	0.00626
69	0.01147	0.02959	0.76934	0.01630	0.02476	0.01328	0.02113	0.01811	0.01208	0.01811	0.01026	0.01208	0.00725	0.00543	0.00543	0.00181	0.00845	0.00423	0.00242	0.00845
70	0.00810	0.00585	0.00765	0.00720	0.00855	0.00540	0.00540	0.01079	0.01619	0.02294	0.76028	0.04273	0.05397	0.01169	0.00675	0.00180	0.00270	0.01034	0.00630	0.00540
71	0.01251	0.01251	0.01752	0.01502	0.01502	0.01752	0.01251	0.01377	0.00876	0.01377	0.00751	0.01251	0.00751	0.01001	0.01877	0.00250	0.78851	0.00501	0.00250	0.00626

[dist]
# distance from previous block
# <min> <max>
0	1

[block]
# block no. 5 follows, 41 sequences, length 19
# corresponding to MSA columns:
# 323-341
name=unknown_F
#
# <colnr> <probs for GDERKNQSTAVLIFYWHMCP>
#	G	D	E	R	K	N	Q	S	T	A	V	L	I	F	Y	W	H	M	C	P
0	0.00697	0.00498	0.00664	0.00796	0.00830	0.00465	0.00531	0.00796	0.01095	0.01460	0.03153	0.79525	0.03783	0.01792	0.00730	0.00232	0.00332	0.01626	0.00531	0.00465
1	0.01242	0.01219	0.01673	0.01411	0.01481	0.01615	0.01172	0.01385	0.00919	0.01444	0.00788	0.01242	0.00764	0.00921	0.01675	0.00227	0.67956	0.00478	0.00263	0.12124
2	0.01147	0.02959	0.76934	0.01630	0.02476	0.01328	0.02113	0.01811	0.01208	0.01811	0.01026	0.01208	0.00725	0.00543	0.00543	0.00181	0.00845	0.00423	0.00242	0.00845
3	0.01417	0.57557	0.24700	0.01170	0.01764	0.01989	0.01312	0.01742	0.01176	0.01482	0.00863	0.01003	0.00731	0.00505	0.00419	0.00140	0.00680	0.00340	0.00244	0.00767
4	0.02174	0.01602	0.01717	0.01316	0.01774	0.01774	0.01087	0.74423	0.02689	0.03605	0.01373	0.01373	0.00973	0.00687	0.00572	0.00172	0.00629	0.00515	0.00572	0.00973
5	0.00691	0.00580	0.00600	0.00595	0.00782	0.00489	0.00446	0.00850	0.01339	0.01629	0.13618	0.05367	0.68223	0.01418	0.00676	0.00192	0.00288	0.01188	0.00542	0.00489
6	0.00703	0.00522	0.00659	0.00764	0.00835	0.00477	0.00530	0.00819	0.01148	0.01489	0.03681	0.61171	0.18392	0.01713	0.00722	0.00226	0.00332	0.04816	0.00531	0.00471
7	0.01204	0.05018	0.70598	0.01617	0.02433	0.01344	0.04112	0.01837	0.01223	0.03945	0.01059	0.01230	0.00749	0.00545	0.00543	0.00180	0.00832	0.00431	0.00256	0.00844
8	0.01274	0.01095	0.01652	0.60643	0.03380	0.01321	0.01436	0.14404	0.01421	0.01878	0.01125	0.01531	0.00837	0.00597	0.00563	0.00184	0.00712	0.00511	0.04747	0.00690
9	0.00797	0.00579	0.00750	0.00719	0.00850	0.00532	0.00535	0.01050	0.01572	0.02208	0.68340	0.09317	0.08160	0.01222	0.00678	0.00184	0.00275	0.01081	0.00619	0.00532
10	0.01350	0.01543	0.03375	0.02411	0.02989	0.01446	0.74253	0.01832	0.01350	0.01832	0.01157	0.01543	0.00868	0.00482	0.00675	0.00193	0.00964	0.00675	0.00289	0.00771
11	0.01347	0.01482	0.03099	0.06683	0.16057	0.01422	0.57494	0.01799	0.01331	0.01819	0.01135	0.01519	0.00869	0.00492	0.00650	0.00189	0.00903	0.00637	0.00286	0.00788
12	0.01251	0.01251	0.01752	0.01502	0.01502	0.01752	0.01251	0.01377	0.00876	0.01377	0.00751	0.01251	0.00751	0.01001	0.01877	0.00250	0.78851	0.00501	0.00250	0.00626
13	0.00805	0.00671	0.00713	0.00687	0.00887	0.00624	0.00520	0.01177	0.11642	0.01803	0.18441	0.04806	0.52553	0.01303	0.00663	0.00191	0.00309	0.01097	0.00557	0.00552
14	0.01085	0.02617	0.66338	0.01514	0.02247	0.01208	0.01894	0.01670	0.01192	0.01763	0.01322	0.12088	0.01149	0.00717	0.00569	0.00188	0.00774	0.00590	0.00282	0.00792
15	0.05736	0.04568	0.01581	0.01204	0.01599	0.01589	0.00984	0.57915	0.02327	0.03168	0.01571	0.12192	0.01337	0.00825	0.00576	0.00178	0.00579	0.00651	0.00543	0.00876
16	0.01272	0.01195	0.02012	0.12949	0.56369	0.01223	0.01563	0.01584	0.01253	0.01759	0.01357	0.12281	0.01287	0.00696	0.00590	0.00181	0.00642	0.00665	0.00314	0.00809
17	0.00765	0.00570	0.00736	0.00803	0.00903	0.00506	0.00551	0.00886	0.01108	0.01516	0.02856	0.68641	0.03375	0.01602	0.00687	0.00212	0.00345	0.01447	0.00504	0.11986
18	0.00697	0.00498	0.00664	0.00796	0.00830	0.00465	0.00531	0.00796	0.01095	0.01460	0.03153	0.79525	0.03783	0.01792	0.00730	0.00232	0.00332	0.01626	0.00531	0.00465

[dist]
# distance from previous block
# <min> <max>
4	26

[block]
# block no. 6 follows, 41 sequences, length 8
# corresponding to MSA columns:
# 369-376
name=unknown_G
#
# <colnr> <probs for GDERKNQSTAVLIFYWHMCP>
#	G	D	E	R	K	N	Q	S	T	A	V	L	I	F	Y	W	H	M	C	P
0	0.01219	0.01065	0.01346	0.01223	0.11946	0.00847	0.00830	0.01485	0.01203	0.01865	0.01025	0.01219	0.00856	0.00436	0.00444	0.00097	0.00460	0.00363	0.00331	0.71743
