[name]
unknown

[dist]
# distance from previous block
# <min> <max>
78	456

[block]
# block no. 0 follows, 40 sequences, length 22
# corresponding to MSA columns:
# 487-508
name=unknown_A
#
# <colnr> <probs for GDERKNQSTAVLIFYWHMCP>
#	G	D	E	R	K	N	Q	S	T	A	V	L	I	F	Y	W	H	M	C	P
0	0.01136	0.08792	0.04800	0.14843	0.01857	0.01064	0.06353	0.01369	0.01151	0.03995	0.01620	0.20796	0.01644	0.04345	0.00820	0.03027	0.05254	0.00771	0.00364	0.16000
1	0.02061	0.01512	0.01623	0.01261	0.01675	0.01667	0.01023	0.65954	0.02527	0.03386	0.01444	0.01661	0.01113	0.09369	0.00843	0.00217	0.00632	0.00559	0.00557	0.00919
2	0.11521	0.01004	0.01295	0.01005	0.01445	0.00904	0.00830	0.02710	0.01590	0.68232	0.02131	0.01866	0.01350	0.00700	0.00560	0.00180	0.00490	0.00555	0.00680	0.00950
3	0.01078	0.01044	0.01953	0.09794	0.12950	0.01024	0.25266	0.01374	0.01236	0.01672	0.01993	0.33811	0.02109	0.01057	0.00682	0.00209	0.00649	0.01046	0.00392	0.00660
4	0.02055	0.04905	0.01646	0.04117	0.04939	0.07825	0.05541	0.04561	0.08604	0.38591	0.02907	0.01983	0.01391	0.00736	0.00650	0.00185	0.04289	0.03652	0.00551	0.00873
5	0.02045	0.01505	0.01628	0.01280	0.01698	0.01657	0.01043	0.65950	0.02556	0.03425	0.01595	0.09949	0.01303	0.00822	0.00599	0.00181	0.00607	0.00648	0.00577	0.00932
6	0.00814	0.00621	0.00729	0.00747	0.00886	0.00574	0.00541	0.05279	0.01394	0.01818	0.18689	0.33091	0.29679	0.01502	0.00702	0.00207	0.00328	0.01312	0.00563	0.00525
7	0.01927	0.01424	0.01566	0.01230	0.01637	0.01557	0.01005	0.57564	0.02348	0.03187	0.01412	0.01557	0.01071	0.02593	0.10456	0.00273	0.00737	0.00532	0.02075	0.05849
8	0.04452	0.04644	0.04582	0.04070	0.04642	0.00987	0.08723	0.04248	0.01317	0.10237	0.01599	0.01817	0.01218	0.00648	0.00545	0.00161	0.03859	0.00534	0.41033	0.00685
9	0.01730	0.01136	0.01291	0.01114	0.01464	0.01226	0.00879	0.02894	0.49955	0.22963	0.06932	0.02253	0.01914	0.00795	0.00596	0.00192	0.00458	0.00662	0.00630	0.00916
10	0.00776	0.00549	0.00680	0.00756	0.00852	0.00494	0.00525	0.00901	0.01210	0.04258	0.06595	0.53777	0.23166	0.01664	0.00720	0.00221	0.00329	0.01477	0.00550	0.00499
11	0.03977	0.01815	0.28533	0.01271	0.01829	0.01220	0.01325	0.18693	0.01714	0.19915	0.07832	0.01955	0.05858	0.00733	0.00581	0.00181	0.00629	0.00584	0.00489	0.00866
12	0.02518	0.04439	0.01422	0.01039	0.01486	0.00940	0.00863	0.02796	0.04460	0.70228	0.02232	0.01941	0.01422	0.00713	0.00576	0.00178	0.00499	0.00576	0.00694	0.00976
13	0.00916	0.00788	0.01100	0.05696	0.01256	0.00948	0.00843	0.01043	0.01044	0.01457	0.02278	0.49113	0.02656	0.01485	0.01113	0.00240	0.25846	0.01212	0.00430	0.00536
14	0.01157	0.01876	0.36326	0.04179	0.03793	0.01128	0.06359	0.05008	0.01308	0.03268	0.09428	0.01872	0.01468	0.01341	0.14807	0.00321	0.00881	0.00569	0.04165	0.00745
15	0.01256	0.01102	0.01448	0.08237	0.13349	0.00940	0.00954	0.03171	0.01255	0.01899	0.01051	0.01278	0.00866	0.00464	0.00470	0.00111	0.00507	0.00391	0.00333	0.60916
16	0.00878	0.00643	0.00808	0.00790	0.00812	0.00712	0.00525	0.00937	0.00880	0.01215	0.01737	0.06758	0.01931	0.53419	0.17352	0.00591	0.08444	0.00806	0.00343	0.00419
17	0.01010	0.00505	0.00758	0.00758	0.00758	0.00505	0.00505	0.00758	0.00758	0.01010	0.01010	0.01768	0.01010	0.02020	0.02273	0.83081	0.00505	0.00505	0.00253	0.00253
18	0.01432	0.02176	0.40256	0.05451	0.23241	0.01330	0.03217	0.05029	0.01363	0.09278	0.01199	0.01390	0.00874	0.00566	0.00567	0.00181	0.00765	0.00483	0.00320	0.00885
19	0.01335	0.00947	0.01126	0.04268	0.01307	0.00975	0.00767	0.23427	0.01916	0.06124	0.39932	0.03274	0.07951	0.03178	0.00708	0.00192	0.00427	0.00850	0.00595	0.00699
20	0.00718	0.00515	0.00678	0.00804	0.00846	0.00481	0.00542	0.00823	0.01119	0.01484	0.03256	0.72194	0.06349	0.04132	0.00808	0.00245	0.00348	0.03649	0.00534	0.00471
21	0.01093	0.01189	0.07597	0.05144	0.01995	0.01024	0.28426	0.01524	0.03593	0.02055	0.33029	0.02961	0.02963	0.00855	0.00673	0.00193	0.00626	0.03929	0.00455	0.00676

[dist]
# distance from previous block
# <min> <max>
0	783

# created by:
# /software/SequenceAnalysis/GenePrediction/augustus/3.0.1/scripts/msa2prfl.pl ./fixed/BUSCOvEOG7002XP.fas
