[name]
unknown

[dist]
# distance from previous block
# <min> <max>
9	105

[block]
# block no. 0 follows, 41 sequences, length 12
# corresponding to MSA columns:
# 106-117
name=unknown_A
#
# <colnr> <probs for GDERKNQSTAVLIFYWHMCP>
#	G	D	E	R	K	N	Q	S	T	A	V	L	I	F	Y	W	H	M	C	P
0	0.01217	0.10906	0.59217	0.01545	0.04070	0.04760	0.01842	0.01775	0.01249	0.01776	0.05659	0.01365	0.01021	0.00578	0.00532	0.00173	0.00789	0.00448	0.00269	0.00808
1	0.02009	0.02514	0.01640	0.01478	0.01730	0.66680	0.01126	0.02153	0.01514	0.01397	0.00865	0.01063	0.00739	0.00649	0.00712	0.00162	0.12237	0.00387	0.00288	0.00658
2	0.01219	0.01083	0.01746	0.13307	0.37697	0.01165	0.01357	0.04556	0.01220	0.01734	0.01227	0.01681	0.01049	0.01582	0.21785	0.00379	0.02625	0.00539	0.03308	0.00742
3	0.00761	0.00583	0.00697	0.00669	0.00825	0.00519	0.00501	0.00985	0.01504	0.02021	0.50422	0.04722	0.31173	0.01271	0.00675	0.00185	0.00277	0.01097	0.00594	0.00519
4	0.01989	0.01436	0.01539	0.01206	0.01610	0.01580	0.00986	0.63127	0.02455	0.03351	0.01501	0.04597	0.01142	0.00729	0.00559	0.00170	0.00576	0.00562	0.09985	0.00902
5	0.00936	0.00689	0.00820	0.00821	0.00955	0.00676	0.00594	0.11453	0.01420	0.01884	0.13556	0.39675	0.14827	0.06341	0.00828	0.00231	0.00377	0.02831	0.00539	0.00545
6	0.01031	0.00605	0.00890	0.00854	0.00854	0.00678	0.00605	0.00836	0.00764	0.01049	0.00959	0.01669	0.00959	0.01845	0.02184	0.71391	0.11780	0.00497	0.00249	0.00303
7	0.02150	0.01459	0.01599	0.01238	0.01674	0.01584	0.01018	0.59054	0.05320	0.13190	0.01548	0.01511	0.01082	0.00692	0.00566	0.00172	0.00588	0.00529	0.04074	0.00952
8	0.12765	0.00730	0.00718	0.00686	0.00911	0.00711	0.00526	0.01225	0.09732	0.01867	0.11982	0.04333	0.49393	0.01211	0.00619	0.00190	0.00328	0.00996	0.00522	0.00557
9	0.74608	0.01163	0.00941	0.00817	0.01182	0.01339	0.00673	0.09982	0.01169	0.02685	0.00862	0.00980	0.00660	0.00549	0.00379	0.00176	0.00464	0.00333	0.00379	0.00660
10	0.01544	0.54105	0.17179	0.01168	0.01707	0.08823	0.01216	0.05621	0.01293	0.01560	0.00879	0.01008	0.00745	0.00519	0.00425	0.00139	0.00696	0.00345	0.00266	0.00762
11	0.12898	0.00879	0.03063	0.04259	0.01056	0.04851	0.00630	0.01134	0.00984	0.01480	0.04511	0.11079	0.01907	0.39044	0.04770	0.00397	0.05451	0.00771	0.00361	0.00474

[dist]
# distance from previous block
# <min> <max>
0	1

[block]
# block no. 1 follows, 41 sequences, length 27
# corresponding to MSA columns:
# 119-145
name=unknown_B
#
# <colnr> <probs for GDERKNQSTAVLIFYWHMCP>
#	G	D	E	R	K	N	Q	S	T	A	V	L	I	F	Y	W	H	M	C	P
0	0.10792	0.01980	0.01498	0.01282	0.01621	0.37727	0.01003	0.21166	0.01793	0.07405	0.01329	0.01395	0.04416	0.00673	0.00574	0.00165	0.03557	0.00460	0.00413	0.00752
1	0.01160	0.00819	0.00968	0.00918	0.01107	0.00823	0.00681	0.17584	0.03951	0.05519	0.06707	0.44127	0.08051	0.01360	0.00666	0.00205	0.00407	0.01194	0.00549	0.03204
2	0.19597	0.38796	0.02105	0.01029	0.01466	0.04044	0.00923	0.17702	0.06003	0.02171	0.01018	0.01097	0.00823	0.00562	0.00426	0.00150	0.00581	0.00375	0.00362	0.00770
3	0.05339	0.01177	0.01306	0.01128	0.01432	0.01277	0.00909	0.41107	0.04587	0.02749	0.02029	0.19938	0.01964	0.01066	0.00631	0.00200	0.00532	0.11312	0.00547	0.00773
4	0.01491	0.49130	0.20607	0.01187	0.01741	0.10579	0.01253	0.01789	0.01227	0.01488	0.00871	0.01013	0.00737	0.00511	0.00429	0.00138	0.00708	0.00343	0.00254	0.04505
5	0.58195	0.13490	0.09640	0.00897	0.01331	0.01418	0.00851	0.01753	0.01060	0.05819	0.00891	0.01007	0.00687	0.00534	0.00388	0.00169	0.00515	0.00334	0.00341	0.00679
6	0.47739	0.09649	0.18812	0.01038	0.01531	0.01445	0.01052	0.09358	0.01227	0.02376	0.00910	0.01039	0.00693	0.00546	0.00422	0.00172	0.00573	0.00357	0.00340	0.00721
7	0.00814	0.00567	0.00719	0.00741	0.00778	0.00590	0.00490	0.00891	0.00906	0.01234	0.01945	0.13080	0.02164	0.46709	0.22780	0.00602	0.00790	0.03422	0.00366	0.00412
8	0.03640	0.10201	0.53913	0.01622	0.02351	0.06619	0.10300	0.01833	0.01241	0.01762	0.01003	0.01199	0.00740	0.00534	0.00534	0.00174	0.00838	0.00434	0.00254	0.00807
9	0.73340	0.01210	0.05528	0.00824	0.01214	0.01256	0.00726	0.01765	0.01033	0.07564	0.00910	0.01015	0.00680	0.00544	0.00381	0.00177	0.00470	0.00335	0.00371	0.00657
10	0.01455	0.65292	0.17300	0.01105	0.01663	0.02082	0.01198	0.01732	0.01171	0.01436	0.00840	0.00974	0.00732	0.00500	0.00401	0.00134	0.00657	0.00328	0.00244	0.00756
11	0.01212	0.01133	0.01482	0.01198	0.01426	0.01290	0.00985	0.01396	0.01014	0.01591	0.00887	0.01246	0.00809	0.00822	0.03003	0.00193	0.42340	0.00432	0.00291	0.37250
12	0.01340	0.01494	0.03139	0.04796	0.08072	0.01456	0.61931	0.01784	0.01308	0.01792	0.01119	0.01514	0.00859	0.00522	0.00746	0.00195	0.06235	0.00646	0.00285	0.00767
13	0.00747	0.00575	0.00858	0.00907	0.00982	0.00536	0.05712	0.00880	0.01133	0.01518	0.05818	0.71147	0.03640	0.01676	0.00724	0.00228	0.00374	0.01536	0.00518	0.00489
14	0.00696	0.00502	0.00659	0.00786	0.00827	0.00466	0.00526	0.00798	0.01106	0.01464	0.03285	0.75807	0.07415	0.01775	0.00727	0.00230	0.00330	0.01605	0.00531	0.00466
15	0.01066	0.00533	0.00533	0.00533	0.00666	0.00533	0.00400	0.01333	0.01200	0.02132	0.01866	0.02132	0.01466	0.00666	0.00400	0.00133	0.00267	0.00533	0.83073	0.00533
16	0.04635	0.54800	0.21092	0.01145	0.01716	0.01974	0.01249	0.04822	0.01231	0.01603	0.00877	0.01009	0.00737	0.00513	0.00419	0.00141	0.00664	0.00344	0.00262	0.00767
17	0.00965	0.00803	0.00940	0.00823	0.01057	0.00782	0.04276	0.10882	0.01464	0.01856	0.04483	0.04339	0.54216	0.01234	0.00719	0.00191	0.04953	0.01014	0.04431	0.00574
18	0.01254	0.01214	0.02116	0.31880	0.32661	0.01306	0.10968	0.01684	0.04619	0.01749	0.04170	0.01623	0.01067	0.00569	0.00588	0.00182	0.00721	0.00558	0.00300	0.00770
19	0.01251	0.01251	0.01752	0.01502	0.01502	0.01752	0.01251	0.01377	0.00876	0.01377	0.00751	0.01251	0.00751	0.01001	0.01877	0.00250	0.78851	0.00501	0.00250	0.00626
20	0.06416	0.11809	0.06296	0.01261	0.01467	0.05097	0.01104	0.06412	0.01160	0.01672	0.04273	0.01643	0.06264	0.01001	0.04133	0.00233	0.38254	0.00529	0.00317	0.00660
21	0.83938	0.01106	0.00841	0.00752	0.01106	0.01283	0.00619	0.01681	0.00973	0.02566	0.00796	0.00929	0.00619	0.00531	0.00354	0.00177	0.00442	0.00310	0.00354	0.00619
22	0.01529	0.80242	0.02997	0.00979	0.01468	0.02263	0.00979	0.01713	0.01162	0.01346	0.00795	0.00918	0.00734	0.00489	0.00367	0.00122	0.00612	0.00306	0.00245	0.00734
23	0.00804	0.00584	0.00757	0.00714	0.00851	0.00537	0.00535	0.01069	0.01606	0.02264	0.73207	0.04322	0.08237	0.01181	0.00675	0.00180	0.00271	0.01041	0.00626	0.00537
24	0.00878	0.00631	0.00869	0.00997	0.01115	0.00622	0.00844	0.01112	0.01282	0.01667	0.03145	0.17826	0.05915	0.01609	0.00777	0.00256	0.00488	0.58926	0.00528	0.00515
25	0.01529	0.80242	0.02997	0.00979	0.01468	0.02263	0.00979	0.01713	0.01162	0.01346	0.00795	0.00918	0.00734	0.00489	0.00367	0.00122	0.00612	0.00306	0.00245	0.00734
26	0.00738	0.00527	0.00711	0.00844	0.00895	0.00500	0.00603	0.00868	0.01136	0.01507	0.03130	0.66039	0.03692	0.01753	0.00741	0.00238	0.00368	0.14703	0.00530	0.00476

[dist]
# distance from previous block
# <min> <max>
0	26

[block]
# block no. 2 follows, 41 sequences, length 15
# corresponding to MSA columns:
# 172-186
name=unknown_C
#
# <colnr> <probs for GDERKNQSTAVLIFYWHMCP>
#	G	D	E	R	K	N	Q	S	T	A	V	L	I	F	Y	W	H	M	C	P
0	0.01350	0.01543	0.03375	0.02411	0.02989	0.01446	0.74253	0.01832	0.01350	0.01832	0.01157	0.01543	0.00868	0.00482	0.00675	0.00193	0.00964	0.00675	0.00289	0.00771
1	0.01506	0.01201	0.01329	0.05891	0.01642	0.01370	0.00946	0.02926	0.64537	0.08509	0.02250	0.02094	0.01667	0.00764	0.00585	0.00194	0.00478	0.00635	0.00575	0.00899
2	0.00734	0.00532	0.00683	0.00793	0.00851	0.00496	0.00549	0.00844	0.01127	0.01480	0.03342	0.60554	0.11208	0.06520	0.00867	0.00252	0.00362	0.07814	0.00522	0.00470
3	0.02183	0.01608	0.01723	0.01322	0.01780	0.01778	0.01091	0.74311	0.02693	0.03611	0.01383	0.01387	0.00982	0.00693	0.00576	0.00174	0.00633	0.00518	0.00575	0.00977
4	0.00882	0.00604	0.00758	0.00725	0.00879	0.00544	0.00540	0.01105	0.01511	0.06287	0.50637	0.12225	0.18606	0.01268	0.00679	0.00190	0.00296	0.01106	0.00608	0.00551
5	0.04318	0.01749	0.01509	0.01242	0.01617	0.24487	0.00987	0.33635	0.02039	0.13404	0.01391	0.01422	0.01009	0.00661	0.00539	0.00164	0.00697	0.00479	0.07816	0.00835
6	0.01348	0.01481	0.02995	0.02350	0.09227	0.01498	0.54653	0.01750	0.01267	0.01763	0.01087	0.01493	0.00860	0.00584	0.00885	0.00203	0.14876	0.00632	0.00285	0.00762
7	0.01243	0.01354	0.05230	0.09527	0.09078	0.01306	0.40195	0.01634	0.01292	0.01799	0.07420	0.05053	0.01372	0.00666	0.00756	0.00196	0.07715	0.00689	0.02752	0.00726
8	0.01004	0.00505	0.00753	0.00752	0.00753	0.00503	0.00501	0.00753	0.00752	0.01004	0.01004	0.01752	0.01003	0.01992	0.02237	0.83225	0.00500	0.00500	0.00252	0.00254
9	0.01475	0.01526	0.16942	0.01399	0.08145	0.01229	0.01185	0.02412	0.34034	0.11890	0.01949	0.01900	0.04034	0.00693	0.00564	0.00178	0.00553	0.00573	0.00480	0.08838
10	0.06594	0.01242	0.01520	0.29556	0.02433	0.06706	0.03117	0.03851	0.25550	0.11135	0.01597	0.01715	0.01171	0.00661	0.00565	0.00188	0.00632	0.00548	0.00438	0.00783
11	0.02574	0.00981	0.01334	0.01024	0.01467	0.00847	0.00845	0.02792	0.01643	0.76613	0.02265	0.01960	0.01425	0.00714	0.00579	0.00179	0.00490	0.00578	0.00711	0.00978
12	0.01261	0.01258	0.01758	0.01508	0.01509	0.01756	0.01255	0.01384	0.00883	0.01386	0.00761	0.01265	0.00761	0.01007	0.01879	0.00252	0.78727	0.00504	0.00254	0.00631
13	0.06108	0.00783	0.01131	0.17535	0.01667	0.00945	0.00916	0.01200	0.00983	0.01475	0.01347	0.01992	0.01216	0.05573	0.44012	0.00616	0.07414	0.00570	0.03962	0.00554
14	0.01135	0.01030	0.01423	0.01258	0.01290	0.01377	0.01023	0.01276	0.00915	0.01423	0.01073	0.01689	0.01036	0.06540	0.16709	0.00393	0.52138	0.00549	0.07140	0.00583

[dist]
# distance from previous block
# <min> <max>
1	7

[block]
# block no. 3 follows, 41 sequences, length 39
# corresponding to MSA columns:
# 194-232
name=unknown_D
#
# <colnr> <probs for GDERKNQSTAVLIFYWHMCP>
#	G	D	E	R	K	N	Q	S	T	A	V	L	I	F	Y	W	H	M	C	P
0	0.01117	0.00803	0.00883	0.02350	0.01022	0.05657	0.00656	0.04847	0.01186	0.01833	0.01586	0.01999	0.01327	0.01878	0.26026	0.00404	0.05419	0.00546	0.39896	0.00563
1	0.11306	0.19406	0.05372	0.08259	0.01800	0.01666	0.01079	0.33165	0.01813	0.02538	0.01240	0.01562	0.01004	0.00663	0.00509	0.00168	0.00612	0.05030	0.02005	0.00803
2	0.08372	0.05308	0.01674	0.06234	0.01845	0.26144	0.01084	0.37764	0.02048	0.02580	0.01123	0.01219	0.00846	0.00627	0.00528	0.00163	0.00752	0.00442	0.00431	0.00814
3	0.02566	0.00973	0.01327	0.01018	0.01460	0.00841	0.00841	0.02788	0.01637	0.76726	0.02257	0.01947	0.01416	0.00708	0.00575	0.00177	0.00487	0.00575	0.00708	0.00973
4	0.01272	0.01014	0.01195	0.00858	0.01362	0.00767	0.00688	0.01524	0.01214	0.06508	0.01094	0.01233	0.00882	0.00441	0.00433	0.00090	0.00428	0.00354	0.00362	0.78281
5	0.01120	0.00585	0.00591	0.00571	0.00720	0.00593	0.00433	0.04884	0.01272	0.02204	0.01842	0.02096	0.01442	0.00667	0.00408	0.00135	0.00284	0.00532	0.79065	0.00554
6	0.01423	0.01229	0.01293	0.01164	0.01487	0.01423	0.00905	0.03039	0.75297	0.02393	0.02328	0.02134	0.01746	0.00776	0.00582	0.00194	0.00453	0.00647	0.00582	0.00905
7	0.72647	0.01125	0.00931	0.00807	0.01174	0.01277	0.00665	0.06077	0.01128	0.08505	0.00946	0.01036	0.00703	0.00554	0.00384	0.00177	0.00457	0.00343	0.00395	0.00668
8	0.00762	0.00583	0.00699	0.00670	0.00826	0.00520	0.00503	0.00988	0.01508	0.02030	0.51266	0.04707	0.30324	0.01268	0.00675	0.00185	0.00277	0.01095	0.00595	0.00520
9	0.00965	0.00620	0.00809	0.00741	0.00907	0.00565	0.00563	0.01226	0.01608	0.09099	0.66385	0.04109	0.07919	0.01138	0.00666	0.00180	0.00291	0.00999	0.00633	0.00577
10	0.01066	0.00533	0.00533	0.00533	0.00666	0.00533	0.00400	0.01333	0.01200	0.02132	0.01866	0.02132	0.01466	0.00666	0.00400	0.00133	0.00267	0.00533	0.83073	0.00533
11	0.01947	0.10778	0.01839	0.07572	0.05146	0.38323	0.01156	0.21262	0.01788	0.02004	0.01020	0.01170	0.00809	0.00607	0.00547	0.00157	0.02336	0.00420	0.00358	0.00761
12	0.02155	0.02188	0.01667	0.01398	0.01771	0.41332	0.01097	0.36789	0.02132	0.02455	0.01118	0.01195	0.00850	0.00636	0.00543	0.00159	0.00839	0.00439	0.00427	0.00811
13	0.01186	0.01017	0.01186	0.00847	0.01356	0.00762	0.00678	0.01440	0.01186	0.01864	0.01017	0.01186	0.00847	0.00424	0.00424	0.00085	0.00424	0.00339	0.00339	0.83395
14	0.01147	0.02959	0.76934	0.01630	0.02476	0.01328	0.02113	0.01811	0.01208	0.01811	0.01026	0.01208	0.00725	0.00543	0.00543	0.00181	0.00845	0.00423	0.00242	0.00845
15	0.00676	0.00579	0.00579	0.00579	0.00773	0.00483	0.00435	0.00821	0.01304	0.01545	0.05794	0.05505	0.76098	0.01449	0.00676	0.00193	0.00290	0.01207	0.00531	0.00483
16	0.00811	0.00583	0.00756	0.00714	0.00841	0.00541	0.00528	0.01065	0.01572	0.02224	0.71629	0.04241	0.05200	0.05836	0.00807	0.00202	0.00287	0.01022	0.00613	0.00528
17	0.01530	0.01282	0.01354	0.01186	0.01528	0.01473	0.00931	0.13251	0.64910	0.02566	0.02191	0.02025	0.01635	0.00763	0.00581	0.00191	0.00478	0.00628	0.00581	0.00915
18	0.00810	0.00585	0.00765	0.00720	0.00855	0.00540	0.00540	0.01079	0.01619	0.02294	0.76028	0.04273	0.05397	0.01169	0.00675	0.00180	0.00270	0.01034	0.00630	0.00540
19	0.83938	0.01106	0.00841	0.00752	0.01106	0.01283	0.00619	0.01681	0.00973	0.02566	0.00796	0.00929	0.00619	0.00531	0.00354	0.00177	0.00442	0.00310	0.00354	0.00619
20	0.01147	0.02959	0.76934	0.01630	0.02476	0.01328	0.02113	0.01811	0.01208	0.01811	0.01026	0.01208	0.00725	0.00543	0.00543	0.00181	0.00845	0.00423	0.00242	0.00845
21	0.01529	0.80242	0.02997	0.00979	0.01468	0.02263	0.00979	0.01713	0.01162	0.01346	0.00795	0.00918	0.00734	0.00489	0.00367	0.00122	0.00612	0.00306	0.00245	0.00734
22	0.83938	0.01106	0.00841	0.00752	0.01106	0.01283	0.00619	0.01681	0.00973	0.02566	0.00796	0.00929	0.00619	0.00531	0.00354	0.00177	0.00442	0.00310	0.00354	0.00619
23	0.01096	0.01033	0.01744	0.74994	0.07346	0.01275	0.01596	0.01475	0.01151	0.01481	0.01019	0.01520	0.00769	0.00569	0.00572	0.00190	0.00759	0.00508	0.00256	0.00648
24	0.00687	0.00580	0.00594	0.00591	0.00779	0.00487	0.00443	0.00841	0.01329	0.01605	0.11360	0.05407	0.70495	0.01426	0.00676	0.00192	0.00288	0.01193	0.00539	0.00487
25	0.01832	0.02278	0.01404	0.01287	0.01561	0.61514	0.00965	0.01979	0.01555	0.01430	0.01908	0.01965	0.16458	0.00769	0.00549	0.00157	0.00877	0.00543	0.00344	0.00626
26	0.00742	0.00516	0.00674	0.00765	0.00824	0.00483	0.00524	0.00884	0.01201	0.01660	0.16817	0.60392	0.03940	0.01603	0.00699	0.00216	0.00316	0.01445	0.05816	0.00483
27	0.00830	0.00562	0.00659	0.00659	0.00672	0.00574	0.00391	0.00855	0.00842	0.01135	0.01770	0.03563	0.02002	0.70819	0.11884	0.00598	0.00672	0.00806	0.00342	0.00366
28	0.01157	0.01072	0.01739	0.65864	0.09471	0.01301	0.01547	0.03590	0.05594	0.01608	0.01109	0.01548	0.00838	0.00582	0.00572	0.00189	0.00734	0.00517	0.00285	0.00682
29	0.02253	0.00904	0.01227	0.00965	0.01352	0.00787	0.00787	0.02483	0.01634	0.63472	0.15393	0.02361	0.02125	0.00790	0.00593	0.00178	0.00448	0.00657	0.00694	0.00896
30	0.04035	0.72882	0.07648	0.01013	0.01521	0.02174	0.01040	0.01718	0.01159	0.01413	0.00810	0.00936	0.00730	0.00494	0.00378	0.00128	0.00621	0.00313	0.00248	0.00738
31	0.01319	0.01318	0.02152	0.06351	0.05274	0.01600	0.19476	0.06161	0.01146	0.01657	0.00946	0.01386	0.00822	0.00906	0.03685	0.00244	0.44031	0.00549	0.00284	0.00693
32	0.01448	0.01522	0.11902	0.07808	0.53035	0.01312	0.04871	0.01829	0.01309	0.07766	0.01163	0.01443	0.00912	0.00533	0.00569	0.00174	0.00703	0.00511	0.00310	0.00880
33	0.11969	0.12690	0.54181	0.01405	0.02123	0.01423	0.01717	0.01824	0.01190	0.05106	0.01020	0.01166	0.00742	0.00542	0.00497	0.00173	0.00747	0.00399	0.00277	0.00807
34	0.01957	0.00859	0.01143	0.00922	0.01262	0.00763	0.00743	0.04178	0.01653	0.49469	0.25618	0.02748	0.04378	0.00870	0.00609	0.00178	0.00418	0.00733	0.00675	0.00825
35	0.00841	0.00633	0.00784	0.00741	0.00895	0.00602	0.00557	0.01201	0.07413	0.02203	0.61041	0.05860	0.12697	0.01182	0.00669	0.00184	0.00288	0.01035	0.00613	0.00561
36	0.01080	0.01017	0.01716	0.78523	0.03940	0.01271	0.01589	0.01461	0.01144	0.01461	0.01017	0.01525	0.00762	0.00572	0.00572	0.00191	0.00762	0.00508	0.00254	0.00635
37	0.01295	0.01094	0.01183	0.01071	0.01355	0.01239	0.00829	0.02631	0.59927	0.02372	0.17703	0.02580	0.02508	0.00858	0.00601	0.00191	0.00415	0.00728	0.00592	0.00829
38	0.00684	0.00580	0.00590	0.00588	0.00777	0.00486	0.00441	0.00836	0.01322	0.01590	0.09957	0.05432	0.71907	0.01432	0.00676	0.00192	0.00289	0.01197	0.00537	0.00486

[dist]
# distance from previous block
# <min> <max>
20	214

# created by:
# /software/SequenceAnalysis/GenePrediction/augustus/3.0.1/scripts/msa2prfl.pl ./fixed/BUSCOvEOG7CG1P8.fas
