[name]
unknown

[dist]
# distance from previous block
# <min> <max>
0	210

[block]
# block no. 0 follows, 41 sequences, length 30
# corresponding to MSA columns:
# 213-242
name=unknown_A
#
# <colnr> <probs for GDERKNQSTAVLIFYWHMCP>
#	G	D	E	R	K	N	Q	S	T	A	V	L	I	F	Y	W	H	M	C	P
0	0.01515	0.77453	0.05666	0.01002	0.01504	0.02230	0.01020	0.01716	0.01164	0.01363	0.00804	0.00928	0.00734	0.00491	0.00373	0.00124	0.00620	0.00310	0.00245	0.00738
1	0.01361	0.00935	0.01102	0.00939	0.01200	0.00961	0.00739	0.19031	0.10126	0.09227	0.43332	0.03132	0.03574	0.00969	0.00631	0.00179	0.00396	0.00826	0.00617	0.00723
2	0.01470	0.00767	0.00930	0.00813	0.00995	0.00745	0.00571	0.01721	0.09306	0.26221	0.02010	0.02973	0.01824	0.45026	0.01883	0.00390	0.00521	0.00727	0.00492	0.00615
3	0.02174	0.01602	0.01717	0.01316	0.01774	0.01774	0.01087	0.74423	0.02689	0.03605	0.01373	0.01373	0.00973	0.00687	0.00572	0.00172	0.00629	0.00515	0.00572	0.00973
4	0.00772	0.00530	0.00641	0.00700	0.00714	0.00515	0.00428	0.00816	0.00948	0.01264	0.02397	0.37121	0.02830	0.45496	0.01951	0.00413	0.00456	0.01182	0.00428	0.00399
5	0.01346	0.01421	0.02799	0.09522	0.28812	0.01411	0.39672	0.01756	0.01298	0.01796	0.01101	0.01486	0.00868	0.00519	0.00671	0.00187	0.03657	0.00596	0.00283	0.00801
6	0.00795	0.00584	0.00745	0.00705	0.00846	0.00534	0.00528	0.01052	0.01585	0.02214	0.68505	0.04405	0.12970	0.01199	0.00675	0.00181	0.00272	0.01053	0.00619	0.00534
7	0.01994	0.01399	0.01530	0.01209	0.01607	0.01521	0.00983	0.58855	0.02388	0.08055	0.01646	0.10054	0.01330	0.00809	0.00583	0.00177	0.00573	0.00642	0.03744	0.00900
8	0.01273	0.01028	0.01187	0.00920	0.01336	0.00887	0.00724	0.14105	0.01433	0.02097	0.01456	0.15052	0.01388	0.00711	0.00504	0.00126	0.00443	0.00597	0.00414	0.54320
9	0.02143	0.05281	0.03020	0.01379	0.01743	0.48351	0.01091	0.19591	0.01853	0.08621	0.01122	0.01193	0.00853	0.00619	0.00529	0.00155	0.00867	0.00420	0.00395	0.00771
10	0.01062	0.00712	0.00857	0.00878	0.01034	0.00723	0.00716	0.09223	0.01387	0.01948	0.02642	0.07348	0.07266	0.08214	0.00850	0.00242	0.00455	0.33441	0.20446	0.00556
11	0.01713	0.01919	0.01395	0.01267	0.01556	0.40194	0.00963	0.02423	0.29284	0.01855	0.08107	0.01849	0.03555	0.00733	0.00559	0.00169	0.00728	0.00554	0.00438	0.00738
12	0.01144	0.00968	0.01139	0.00833	0.01299	0.00738	0.00662	0.01400	0.01235	0.01912	0.09415	0.01532	0.01357	0.00507	0.00452	0.00095	0.00406	0.00417	0.00371	0.74118
13	0.01275	0.01068	0.01049	0.00913	0.01194	0.05923	0.00715	0.22255	0.08306	0.02246	0.08111	0.05073	0.37388	0.01104	0.00628	0.00184	0.00449	0.00902	0.00538	0.00676
14	0.01297	0.02064	0.35185	0.02683	0.43801	0.01346	0.01913	0.01780	0.01261	0.01843	0.01054	0.01324	0.00826	0.00525	0.00556	0.00175	0.00753	0.00471	0.00265	0.00879
15	0.00732	0.00553	0.00677	0.00707	0.00823	0.00497	0.00507	0.00907	0.01345	0.01788	0.30486	0.31091	0.24871	0.01468	0.00695	0.00202	0.00297	0.01291	0.00567	0.00497
16	0.01602	0.01815	0.01313	0.01289	0.01511	0.43712	0.01024	0.01800	0.01487	0.01537	0.01829	0.03419	0.01862	0.01026	0.00637	0.00198	0.00809	0.32130	0.00397	0.00603
17	0.01190	0.11611	0.68656	0.01557	0.02363	0.01433	0.01986	0.01800	0.01203	0.01759	0.01001	0.01175	0.00726	0.00537	0.00524	0.00175	0.00819	0.00410	0.00242	0.00833
18	0.00926	0.00828	0.01406	0.01256	0.01415	0.00844	0.16746	0.01130	0.01151	0.01560	0.02434	0.45686	0.02753	0.01394	0.00853	0.00229	0.09282	0.09102	0.00446	0.00556
19	0.09791	0.00985	0.01284	0.00994	0.01429	0.00880	0.00821	0.02689	0.01578	0.70142	0.02127	0.01857	0.01345	0.00692	0.00556	0.00177	0.00483	0.00552	0.00677	0.00942
20	0.00700	0.00553	0.00631	0.00669	0.00802	0.00484	0.00480	0.00846	0.01275	0.01612	0.13835	0.29792	0.43245	0.01527	0.00694	0.00204	0.00301	0.01324	0.00544	0.00484
21	0.01343	0.01391	0.02688	0.13118	0.35420	0.01384	0.32562	0.01749	0.01301	0.01798	0.01103	0.01484	0.00871	0.00506	0.00613	0.00182	0.00812	0.00580	0.00282	0.00812
22	0.01416	0.01359	0.02322	0.03511	0.76330	0.01359	0.01755	0.01755	0.01302	0.01869	0.01076	0.01416	0.00906	0.00510	0.00566	0.00170	0.00680	0.00510	0.00283	0.00906
23	0.01042	0.00788	0.01288	0.44266	0.02533	0.00930	0.01108	0.01146	0.00968	0.01255	0.01006	0.01619	0.00864	0.01195	0.01305	0.36822	0.00645	0.00503	0.00252	0.00465
24	0.00770	0.00615	0.00967	0.00977	0.01071	0.00575	0.08785	0.00912	0.01124	0.01502	0.02929	0.70794	0.03457	0.01645	0.00724	0.00228	0.00403	0.01520	0.00504	0.00499
25	0.01340	0.01157	0.01215	0.01100	0.01409	0.01319	0.00853	0.02795	0.67141	0.02299	0.02710	0.02506	0.09942	0.00850	0.00592	0.00194	0.00435	0.00708	0.00576	0.00859
26	0.01005	0.00865	0.00894	0.00837	0.01087	0.00897	0.00642	0.01798	0.33894	0.01918	0.04268	0.04020	0.43350	0.01152	0.00635	0.00194	0.00361	0.00960	0.00554	0.00669
27	0.01242	0.01239	0.01750	0.05729	0.01635	0.01726	0.01270	0.01381	0.00891	0.01381	0.00765	0.01266	0.00751	0.00978	0.01805	0.00247	0.74565	0.00501	0.00250	0.00626
28	0.73122	0.01078	0.00892	0.00781	0.01137	0.01217	0.00641	0.01782	0.01042	0.10706	0.00962	0.01059	0.00716	0.00583	0.00420	0.02029	0.00449	0.00343	0.00391	0.00650
29	0.01349	0.01216	0.01803	0.08942	0.36990	0.01154	0.01293	0.06307	0.01334	0.01943	0.01068	0.01336	0.00876	0.00494	0.00514	0.00140	0.00587	0.00446	0.00320	0.31889

[dist]
# distance from previous block
# <min> <max>
2	6

[block]
# block no. 1 follows, 41 sequences, length 29
# corresponding to MSA columns:
# 250-278
name=unknown_B
#
# <colnr> <probs for GDERKNQSTAVLIFYWHMCP>
#	G	D	E	R	K	N	Q	S	T	A	V	L	I	F	Y	W	H	M	C	P
0	0.01246	0.07960	0.59841	0.01453	0.02191	0.01287	0.01802	0.01801	0.01245	0.07560	0.01488	0.01589	0.06823	0.00625	0.00544	0.00178	0.00757	0.00489	0.00301	0.00818
1	0.07908	0.00899	0.05095	0.00858	0.01134	0.00780	0.00718	0.06540	0.01596	0.16293	0.41070	0.03301	0.09550	0.00987	0.00616	0.00180	0.00382	0.00835	0.00589	0.00670
2	0.01834	0.08765	0.01606	0.06503	0.01667	0.08296	0.00977	0.35813	0.01876	0.08396	0.01246	0.01428	0.00954	0.00909	0.00875	0.16537	0.00636	0.00483	0.00442	0.00757
3	0.01279	0.01083	0.01489	0.18253	0.02070	0.00981	0.05998	0.05515	0.01287	0.04628	0.01092	0.01324	0.00858	0.00485	0.00488	0.00124	0.00550	0.00418	0.00343	0.51736
4	0.26092	0.01023	0.04240	0.03794	0.01295	0.02273	0.00812	0.08591	0.01176	0.03440	0.01265	0.01635	0.01061	0.02019	0.30136	0.00460	0.02820	0.00486	0.06758	0.00624
5	0.01551	0.48905	0.02762	0.01318	0.01800	0.12077	0.15395	0.01794	0.01262	0.01485	0.00894	0.01074	0.00769	0.00497	0.00451	0.00137	0.00724	0.00389	0.00267	0.06450
6	0.00828	0.00626	0.00927	0.00921	0.01016	0.00733	0.00712	0.01022	0.00915	0.01320	0.01525	0.02287	0.01441	0.07420	0.72638	0.00888	0.03349	0.00619	0.00307	0.00506
7	0.00799	0.00584	0.00750	0.00709	0.00848	0.00535	0.00532	0.01059	0.01595	0.02236	0.70588	0.04368	0.10873	0.01191	0.00675	0.00181	0.00271	0.01048	0.00622	0.00535
8	0.00697	0.00498	0.00664	0.00796	0.00830	0.00465	0.00531	0.00796	0.01095	0.01460	0.03153	0.79525	0.03783	0.01792	0.00730	0.00232	0.00332	0.01626	0.00531	0.00465
9	0.01257	0.01361	0.02801	0.28758	0.03318	0.01386	0.49099	0.01704	0.01279	0.01704	0.01109	0.01537	0.00831	0.00513	0.00639	0.00192	0.00894	0.00617	0.00277	0.00724
10	0.00802	0.00584	0.00753	0.00711	0.00850	0.00536	0.00533	0.01064	0.01600	0.02249	0.71814	0.04347	0.09639	0.01186	0.00675	0.00181	0.00271	0.01045	0.00624	0.00536
11	0.02120	0.01614	0.01673	0.01297	0.01738	0.04947	0.01065	0.68770	0.02595	0.03439	0.01508	0.01504	0.03607	0.00709	0.00573	0.00171	0.00635	0.00533	0.00559	0.00942
12	0.55352	0.07534	0.01494	0.01103	0.01459	0.01442	0.11520	0.01670	0.01032	0.02219	0.00844	0.01057	0.00681	0.00577	0.00584	0.00184	0.09890	0.00386	0.00323	0.00652
13	0.01089	0.00933	0.01504	0.60622	0.05759	0.01129	0.01360	0.01446	0.01160	0.01607	0.01186	0.01641	0.00906	0.00588	0.00538	0.00179	0.00662	0.00513	0.16554	0.00624
14	0.00743	0.00538	0.00701	0.00753	0.00837	0.00497	0.00529	0.00916	0.01325	0.01812	0.33663	0.44136	0.08395	0.01514	0.00704	0.00208	0.00304	0.01357	0.00572	0.00497
15	0.01159	0.02878	0.72721	0.01675	0.02505	0.01335	0.06246	0.01813	0.01216	0.01813	0.01034	0.01227	0.00733	0.00540	0.00551	0.00182	0.00852	0.00437	0.00244	0.00841
16	0.00823	0.00590	0.00804	0.00804	0.00867	0.00653	0.00572	0.00948	0.00885	0.01243	0.01637	0.02828	0.01682	0.33672	0.48594	0.00778	0.01152	0.00698	0.00322	0.00447
17	0.00771	0.00555	0.00730	0.00746	0.00846	0.00514	0.00537	0.00981	0.01438	0.02005	0.50802	0.30322	0.04838	0.01385	0.00694	0.00198	0.00291	0.01239	0.00595	0.00514
18	0.07313	0.00593	0.00624	0.00617	0.00669	0.00607	0.00378	0.00992	0.00912	0.01415	0.01736	0.03222	0.01851	0.58815	0.02240	0.00446	0.00492	0.00735	0.15942	0.00403
19	0.77299	0.01255	0.06943	0.00823	0.01216	0.01287	0.00739	0.01692	0.00992	0.02506	0.00815	0.00952	0.00628	0.00532	0.00369	0.00177	0.00475	0.00319	0.00345	0.00638
20	0.01529	0.80242	0.02997	0.00979	0.01468	0.02263	0.00979	0.01713	0.01162	0.01346	0.00795	0.00918	0.00734	0.00489	0.00367	0.00122	0.00612	0.00306	0.00245	0.00734
21	0.01205	0.03873	0.01836	0.01490	0.01582	0.01580	0.08745	0.01381	0.00942	0.01415	0.00914	0.01422	0.00866	0.01431	0.13236	0.00342	0.56323	0.00529	0.00263	0.00627
22	0.01226	0.01041	0.01208	0.00866	0.01373	0.00804	0.00694	0.04420	0.01247	0.01935	0.01031	0.01194	0.00852	0.00434	0.00430	0.00088	0.00432	0.00346	0.00348	0.80030
23	0.00697	0.00498	0.00664	0.00796	0.00830	0.00465	0.00531	0.00796	0.01095	0.01460	0.03153	0.79525	0.03783	0.01792	0.00730	0.00232	0.00332	0.01626	0.00531	0.00465
24	0.00676	0.00579	0.00579	0.00579	0.00773	0.00483	0.00435	0.00821	0.01304	0.01545	0.05794	0.05505	0.76098	0.01449	0.00676	0.00193	0.00290	0.01207	0.00531	0.00483
25	0.01337	0.01634	0.08129	0.02360	0.02956	0.01439	0.69591	0.01831	0.01341	0.01831	0.01149	0.01521	0.00859	0.00486	0.00667	0.00192	0.00957	0.00659	0.00286	0.00776
26	0.00827	0.00575	0.00726	0.00726	0.00761	0.00610	0.00474	0.00897	0.00862	0.01185	0.01709	0.03225	0.01855	0.53726	0.28776	0.00681	0.00893	0.00756	0.00333	0.00403
27	0.01374	0.01477	0.02995	0.02808	0.29449	0.01415	0.48098	0.01805	0.01333	0.01845	0.01128	0.01497	0.00882	0.00492	0.00636	0.00185	0.00862	0.00615	0.00287	0.00820
28	0.00817	0.00612	0.00915	0.00913	0.01017	0.00710	0.00710	0.01023	0.00940	0.01356	0.03696	0.02306	0.01545	0.04199	0.75396	0.00898	0.01495	0.00625	0.00316	0.00512

[dist]
# distance from previous block
# <min> <max>
0	3

[block]
# block no. 2 follows, 41 sequences, length 13
# corresponding to MSA columns:
# 282-294
name=unknown_C
#
# <colnr> <probs for GDERKNQSTAVLIFYWHMCP>
#	G	D	E	R	K	N	Q	S	T	A	V	L	I	F	Y	W	H	M	C	P
0	0.01066	0.00533	0.00533	0.00533	0.00666	0.00533	0.00400	0.01333	0.01200	0.02132	0.01866	0.02132	0.01466	0.00666	0.00400	0.00133	0.00267	0.00533	0.83073	0.00533
1	0.00762	0.00569	0.00710	0.00722	0.00848	0.00517	0.00534	0.00968	0.01424	0.01924	0.41499	0.20350	0.20664	0.01382	0.00692	0.00198	0.00300	0.04842	0.00582	0.00511
2	0.01090	0.00894	0.01415	0.01274	0.01507	0.00886	0.14706	0.09121	0.01445	0.01921	0.06170	0.18391	0.02780	0.01295	0.00728	0.00230	0.00572	0.34472	0.00493	0.00610
3	0.02020	0.01839	0.01471	0.01276	0.01622	0.33714	0.00990	0.07900	0.23275	0.17575	0.01629	0.01570	0.01191	0.00676	0.00552	0.00169	0.00719	0.00504	0.00485	0.00822
4	0.09991	0.01004	0.01515	0.42842	0.15475	0.01141	0.01299	0.01417	0.01182	0.01666	0.01887	0.02178	0.14713	0.00719	0.00567	0.00186	0.00626	0.00616	0.00321	0.00652
5	0.01577	0.06837	0.19175	0.01309	0.01768	0.15510	0.01225	0.02511	0.34496	0.07234	0.01655	0.01624	0.01234	0.00664	0.00547	0.00177	0.00664	0.00516	0.00437	0.00841
6	0.00959	0.00849	0.00872	0.00899	0.01038	0.08874	0.00635	0.01178	0.05806	0.01563	0.02587	0.56322	0.02956	0.01426	0.00659	0.00202	0.00426	0.01267	0.00484	0.10997
7	0.01186	0.01017	0.01186	0.00847	0.01356	0.00762	0.00678	0.01440	0.01186	0.01864	0.01017	0.01186	0.00847	0.00424	0.00424	0.00085	0.00424	0.00339	0.00339	0.83395
8	0.01247	0.01601	0.15850	0.01681	0.04150	0.01630	0.08964	0.01516	0.00999	0.01519	0.00854	0.01278	0.00763	0.00848	0.01466	0.00229	0.53957	0.00504	0.00254	0.00690
9	0.00879	0.00678	0.00956	0.01236	0.14726	0.00663	0.00690	0.00987	0.01038	0.01408	0.02276	0.37471	0.02630	0.30000	0.01494	0.00338	0.00477	0.01130	0.00418	0.00503
10	0.01334	0.01088	0.01163	0.01033	0.01332	0.01189	0.00817	0.15545	0.37320	0.02371	0.05394	0.03132	0.19339	0.00982	0.00619	0.00194	0.00446	0.05355	0.00566	0.00782
11	0.00751	0.00537	0.00722	0.00836	0.00898	0.00509	0.00604	0.00899	0.01193	0.01597	0.10982	0.57894	0.03866	0.01686	0.00735	0.00232	0.00361	0.14674	0.00541	0.00484
12	0.00824	0.00598	0.00784	0.00774	0.00912	0.00559	0.00605	0.01086	0.01547	0.02148	0.58972	0.04738	0.08578	0.01259	0.00696	0.00196	0.00318	0.14265	0.00606	0.00534

[dist]
# distance from previous block
# <min> <max>
0	4

[block]
# block no. 3 follows, 41 sequences, length 21
# corresponding to MSA columns:
# 299-319
name=unknown_D
#
# <colnr> <probs for GDERKNQSTAVLIFYWHMCP>
#	G	D	E	R	K	N	Q	S	T	A	V	L	I	F	Y	W	H	M	C	P
0	0.00708	0.00559	0.00638	0.00664	0.00804	0.00489	0.00481	0.00866	0.01312	0.01671	0.18997	0.24572	0.43248	0.01483	0.00690	0.00201	0.00297	0.01282	0.00551	0.00489
1	0.01588	0.01700	0.02111	0.06442	0.53537	0.21245	0.01578	0.01880	0.01378	0.01728	0.01023	0.01320	0.00855	0.00533	0.00553	0.00165	0.00775	0.00473	0.00285	0.00830
2	0.01277	0.01189	0.04891	0.02131	0.34087	0.01143	0.02351	0.09939	0.07725	0.02022	0.05041	0.21968	0.01924	0.00917	0.00616	0.00190	0.00557	0.00835	0.00420	0.00778
3	0.00842	0.00607	0.00820	0.00900	0.01018	0.00585	0.00732	0.01073	0.01356	0.01812	0.22212	0.18886	0.06999	0.01505	0.00744	0.00233	0.00415	0.38189	0.00555	0.00517
4	0.00840	0.00586	0.00782	0.00782	0.00848	0.00642	0.00555	0.00971	0.00906	0.01301	0.01656	0.02801	0.01676	0.32423	0.44315	0.00729	0.01079	0.00690	0.05969	0.00451
5	0.01481	0.15907	0.44585	0.01436	0.02119	0.01606	0.01650	0.20738	0.01586	0.02199	0.01077	0.01201	0.00791	0.00571	0.00521	0.00169	0.00749	0.00427	0.00328	0.00859
6	0.01584	0.01506	0.02640	0.02441	0.23720	0.01507	0.34359	0.20748	0.01686	0.02305	0.01190	0.01462	0.00906	0.00543	0.00617	0.00181	0.00795	0.00586	0.00361	0.00863
7	0.01024	0.02338	0.57015	0.01356	0.02031	0.01108	0.01675	0.01553	0.01233	0.01742	0.02270	0.02329	0.20388	0.00780	0.00578	0.00184	0.00700	0.00627	0.00317	0.00751
8	0.00838	0.00612	0.00761	0.00826	0.00938	0.00588	0.00653	0.01004	0.01187	0.01514	0.03383	0.05514	0.20737	0.21980	0.01316	0.00322	0.00476	0.36401	0.00481	0.00469
9	0.01289	0.00939	0.00967	0.00836	0.01116	0.04061	0.00658	0.17188	0.01675	0.10667	0.07939	0.03940	0.44193	0.01146	0.00635	0.00184	0.00417	0.00939	0.00556	0.00657
10	0.01911	0.00993	0.04669	0.00985	0.01352	0.00852	0.00828	0.02326	0.10077	0.45306	0.21454	0.02541	0.02461	0.00829	0.00600	0.00180	0.00443	0.00696	0.00652	0.00847
11	0.00697	0.00559	0.00623	0.00652	0.00797	0.00485	0.00472	0.00844	0.01286	0.01609	0.13176	0.24674	0.49108	0.01506	0.00690	0.00202	0.00298	0.01297	0.00542	0.00485
12	0.24905	0.04992	0.29171	0.01135	0.01721	0.01225	0.01221	0.04798	0.01197	0.02099	0.00964	0.01118	0.00738	0.00513	0.00452	0.00152	0.00601	0.00368	0.00313	0.22317
13	0.01929	0.00947	0.01184	0.00953	0.01305	0.00890	0.00775	0.10403	0.01636	0.43586	0.04638	0.02828	0.20905	0.00922	0.00664	0.00184	0.04067	0.00740	0.00623	0.00820
14	0.01792	0.21542	0.01602	0.00922	0.01288	0.01125	0.00790	0.02017	0.01508	0.35699	0.23047	0.02346	0.02381	0.00783	0.00549	0.00164	0.00457	0.00637	0.00565	0.00787
15	0.00713	0.00571	0.00637	0.00641	0.00800	0.00496	0.00473	0.00885	0.01362	0.01730	0.23783	0.13689	0.49375	0.01415	0.00682	0.00194	0.00289	0.01210	0.00557	0.00496
16	0.01870	0.01759	0.01637	0.25048	0.02401	0.29095	0.01219	0.17545	0.01705	0.10547	0.01187	0.01361	0.00873	0.00618	0.00552	0.00169	0.00800	0.00467	0.00389	0.00757
17	0.01170	0.01072	0.01605	0.58342	0.03300	0.01310	0.01410	0.01873	0.20489	0.01704	0.01359	0.01684	0.01019	0.00625	0.00575	0.00192	0.00682	0.00544	0.00340	0.00706
18	0.01670	0.22332	0.02283	0.02214	0.33669	0.23168	0.01351	0.03887	0.01394	0.01647	0.00957	0.01176	0.00815	0.00532	0.00500	0.00151	0.00760	0.00417	0.00284	0.00794
19	0.01920	0.22027	0.01969	0.01184	0.01635	0.01787	0.01015	0.41682	0.10543	0.06879	0.01373	0.01369	0.01021	0.00641	0.00517	0.00160	0.00592	0.00475	0.00490	0.02722
20	0.02165	0.01895	0.01692	0.01357	0.01772	0.21556	0.01092	0.55603	0.02411	0.03030	0.01246	0.01284	0.00911	0.00661	0.00557	0.00165	0.00734	0.00477	0.00500	0.00892

[dist]
# distance from previous block
# <min> <max>
2	5

[block]
# block no. 4 follows, 41 sequences, length 8
# corresponding to MSA columns:
# 326-333
name=unknown_E
#
# <colnr> <probs for GDERKNQSTAVLIFYWHMCP>
#	G	D	E	R	K	N	Q	S	T	A	V	L	I	F	Y	W	H	M	C	P
0	0.01618	0.01273	0.01418	0.01052	0.01539	0.01205	0.00857	0.33370	0.01844	0.02626	0.01173	0.01268	0.00902	0.00539	0.00489	0.00123	0.00514	0.00416	0.00441	0.47335
1	0.00707	0.00548	0.00647	0.00705	0.00822	0.00487	0.00506	0.00848	0.01242	0.01582	0.10794	0.37405	0.35544	0.01578	0.00704	0.00212	0.00316	0.04332	0.00540	0.00482
2	0.01169	0.01866	0.34326	0.01190	0.01846	0.01010	0.01306	0.01603	0.01196	0.01841	0.01021	0.01196	0.00794	0.00476	0.00476	0.00127	0.00608	0.00376	0.00296	0.47279
3	0.00749	0.00548	0.00776	0.00850	0.00914	0.00574	0.00611	0.00895	0.01018	0.01402	0.02444	0.45716	0.02754	0.02885	0.34374	0.00533	0.00857	0.01183	0.00433	0.00485
4	0.01618	0.01273	0.01418	0.01052	0.01539	0.01205	0.00857	0.33370	0.01844	0.02626	0.01173	0.01268	0.00902	0.00539	0.00489	0.00123	0.00514	0.00416	0.00441	0.47335
5	0.01031	0.00814	0.00940	0.00749	0.01035	0.00672	0.00533	0.01174	0.01031	0.01534	0.01360	0.02305	0.01386	0.35194	0.01512	0.00290	0.00481	0.00555	0.00342	0.47061
6	0.01101	0.00982	0.01596	0.02323	0.43299	0.00968	0.01220	0.01336	0.01212	0.01690	0.01984	0.35588	0.02165	0.01071	0.00638	0.00197	0.00527	0.00998	0.00392	0.00713
7	0.01715	0.01446	0.02064	0.09008	0.33295	0.01538	0.05527	0.33526	0.01898	0.02591	0.01205	0.01414	0.00921	0.00591	0.00575	0.00174	0.00681	0.00521	0.00407	0.00904

[dist]
# distance from previous block
# <min> <max>
3	20

[block]
# block no. 5 follows, 41 sequences, length 12
# corresponding to MSA columns:
# 354-365
name=unknown_F
#
# <colnr> <probs for GDERKNQSTAVLIFYWHMCP>
#	G	D	E	R	K	N	Q	S	T	A	V	L	I	F	Y	W	H	M	C	P
0	0.01756	0.09307	0.01967	0.01400	0.01835	0.01656	0.12152	0.35758	0.21207	0.02739	0.01535	0.01573	0.01146	0.00746	0.02438	0.00194	0.00654	0.00555	0.00493	0.00890
1	0.01253	0.00977	0.01188	0.01026	0.01184	0.01151	0.00828	0.14912	0.01459	0.02139	0.14348	0.02413	0.09249	0.00942	0.00977	0.00192	0.25314	0.00672	0.19133	0.00643
2	0.00912	0.00696	0.00850	0.00792	0.00961	0.00689	0.00599	0.01404	0.14062	0.02286	0.61002	0.03959	0.07329	0.01115	0.00660	0.00183	0.00303	0.00976	0.00619	0.00601
3	0.01002	0.00502	0.00733	0.00733	0.00743	0.00501	0.00492	0.00788	0.00778	0.01074	0.01056	0.01770	0.01029	0.01899	0.02112	0.77676	0.00482	0.00500	0.05859	0.00270
4	0.15413	0.33558	0.21807	0.01333	0.06745	0.09299	0.01281	0.01795	0.01200	0.01718	0.00887	0.01045	0.00727	0.00524	0.00441	0.00153	0.00692	0.00358	0.00271	0.00750
5	0.01513	0.01361	0.01095	0.00984	0.01240	0.26104	0.00751	0.01699	0.01539	0.14376	0.19453	0.03145	0.22486	0.00977	0.00607	0.00173	0.00566	0.00784	0.00506	0.00640
6	0.01601	0.01615	0.01361	0.01221	0.03099	0.27822	0.00924	0.13772	0.05555	0.02112	0.21265	0.02089	0.02118	0.00795	0.00658	0.00168	0.05914	0.00604	0.03293	0.04016
7	0.01809	0.15154	0.02272	0.01650	0.06092	0.22047	0.15531	0.20932	0.01718	0.02082	0.01059	0.01239	0.00837	0.00595	0.00607	0.00165	0.04592	0.00472	0.00356	0.00791
8	0.01273	0.14426	0.01575	0.00956	0.01429	0.01079	0.03713	0.05271	0.01263	0.01842	0.01151	0.06446	0.01037	0.00545	0.00454	0.00111	0.00483	0.00444	0.00347	0.56155
9	0.00811	0.00553	0.00663	0.00685	0.00701	0.00557	0.00416	0.00847	0.00887	0.01194	0.02007	0.16405	0.02305	0.59123	0.09987	0.00537	0.00615	0.00945	0.00375	0.00385
10	0.01363	0.14700	0.02690	0.14699	0.27783	0.01528	0.25613	0.01729	0.01271	0.01706	0.01049	0.01396	0.00845	0.00509	0.00571	0.00173	0.00777	0.00531	0.00275	0.00791
11	0.00689	0.00582	0.00595	0.00592	0.00781	0.00489	0.00444	0.00842	0.01328	0.01602	0.10802	0.05419	0.71019	0.01431	0.00677	0.00193	0.00290	0.01196	0.00539	0.00489

[dist]
# distance from previous block
# <min> <max>
0	2

[block]
# block no. 6 follows, 41 sequences, length 11
# corresponding to MSA columns:
# 368-378
name=unknown_G
#
# <colnr> <probs for GDERKNQSTAVLIFYWHMCP>
#	G	D	E	R	K	N	Q	S	T	A	V	L	I	F	Y	W	H	M	C	P
0	0.00931	0.00678	0.00843	0.00790	0.00945	0.00656	0.00592	0.08760	0.01640	0.02276	0.54387	0.15705	0.07139	0.01225	0.00672	0.00188	0.00318	0.01078	0.00605	0.00572
1	0.06053	0.01411	0.02138	0.03120	0.64188	0.06555	0.01608	0.01760	0.01291	0.01855	0.01064	0.01393	0.00898	0.00658	0.03447	0.00197	0.00722	0.00493	0.00289	0.00859
2	0.72680	0.01088	0.00908	0.00789	0.01155	0.01222	0.00650	0.01834	0.01065	0.12826	0.00998	0.01070	0.00730	0.00555	0.00385	0.00177	0.00449	0.00346	0.00403	0.00668
3	0.02055	0.02138	0.01610	0.01378	0.01733	0.41208	0.01072	0.27351	0.11808	0.02295	0.01246	0.01297	0.00953	0.00648	0.00544	0.00162	0.00815	0.00456	0.00429	0.00803
4	0.01380	0.01323	0.02258	0.11420	0.68697	0.01350	0.01738	0.01724	0.01286	0.01826	0.01070	0.01427	0.00891	0.00516	0.00567	0.00172	0.00688	0.00510	0.00280	0.00877
5	0.00733	0.00526	0.00696	0.00772	0.00838	0.00489	0.00534	0.00887	0.01262	0.01726	0.26409	0.55510	0.04298	0.01593	0.00712	0.00216	0.00312	0.01437	0.00562	0.00489
6	0.02137	0.02726	0.01621	0.01474	0.01768	0.77602	0.01105	0.02284	0.01621	0.01400	0.00884	0.01031	0.00737	0.00589	0.00516	0.00147	0.01031	0.00368	0.00295	0.00663
7	0.01699	0.01167	0.01302	0.01129	0.01481	0.01282	0.00890	0.02979	0.57490	0.20362	0.02311	0.02089	0.01666	0.00760	0.00580	0.00190	0.00461	0.00629	0.00612	0.00922
8	0.01177	0.08939	0.71214	0.01580	0.02398	0.01401	0.02026	0.01804	0.01204	0.01775	0.01009	0.01185	0.00725	0.00539	0.00530	0.00177	0.00827	0.00414	0.00242	0.00837
9	0.01218	0.17319	0.63196	0.01509	0.02288	0.01502	0.01903	0.01793	0.01199	0.01725	0.00984	0.01154	0.00726	0.00533	0.00511	0.00170	0.00802	0.00401	0.00242	0.00825
10	0.01761	0.01359	0.01418	0.01200	0.01569	0.04618	0.00953	0.21051	0.46218	0.10364	0.02019	0.01876	0.01474	0.00739	0.00576	0.00185	0.00525	0.00594	0.00581	0.00919

[dist]
# distance from previous block
# <min> <max>
0	1

[block]
# block no. 7 follows, 41 sequences, length 7
# corresponding to MSA columns:
# 380-386
name=unknown_H
#
# <colnr> <probs for GDERKNQSTAVLIFYWHMCP>
#	G	D	E	R	K	N	Q	S	T	A	V	L	I	F	Y	W	H	M	C	P
0	0.01234	0.00671	0.00897	0.00826	0.01020	0.00609	0.00635	0.01463	0.01518	0.20619	0.41266	0.16411	0.04015	0.01183	0.00666	0.00193	0.00349	0.05165	0.00627	0.00634
1	0.01314	0.01229	0.02061	0.03044	0.63702	0.01222	0.01552	0.01642	0.01355	0.01940	0.13616	0.01894	0.01657	0.00620	0.00584	0.00172	0.00611	0.00597	0.00341	0.00845
2	0.00797	0.00584	0.00747	0.00706	0.00847	0.00534	0.00530	0.01054	0.01589	0.02221	0.69215	0.04392	0.12256	0.01196	0.00675	0.00181	0.00272	0.01051	0.00620	0.00534
3	0.01185	0.01202	0.02000	0.01624	0.01783	0.01456	0.20455	0.01400	0.01038	0.01511	0.01260	0.14424	0.01289	0.00996	0.01367	0.00232	0.45097	0.00735	0.00308	0.00637
4	0.00810	0.00585	0.00765	0.00720	0.00855	0.00540	0.00540	0.01079	0.01619	0.02294	0.76028	0.04273	0.05397	0.01169	0.00675	0.00180	0.00270	0.01034	0.00630	0.00540
5	0.01080	0.01017	0.01716	0.78523	0.03940	0.01271	0.01589	0.01461	0.01144	0.01461	0.01017	0.01525	0.00762	0.00572	0.00572	0.00191	0.00762	0.00508	0.00254	0.00635
6	0.02566	0.00973	0.01327	0.01018	0.01460	0.00841	0.00841	0.02788	0.01637	0.76726	0.02257	0.01947	0.01416	0.00708	0.00575	0.00177	0.00487	0.00575	0.00708	0.00973

[dist]
# distance from previous block
# <min> <max>
0	1

[block]
# block no. 8 follows, 41 sequences, length 25
# corresponding to MSA columns:
# 388-412
name=unknown_I
#
# <colnr> <probs for GDERKNQSTAVLIFYWHMCP>
#	G	D	E	R	K	N	Q	S	T	A	V	L	I	F	Y	W	H	M	C	P
0	0.00696	0.00502	0.00660	0.00786	0.00827	0.00465	0.00526	0.00798	0.01105	0.01464	0.03281	0.75937	0.07288	0.01775	0.00727	0.00230	0.00330	0.01606	0.00531	0.00465
1	0.00832	0.00555	0.00624	0.00624	0.00624	0.00555	0.00347	0.00832	0.00832	0.01109	0.01802	0.03743	0.02080	0.79898	0.02911	0.00555	0.00555	0.00832	0.00347	0.00347
2	0.01251	0.01251	0.01752	0.01502	0.01502	0.01752	0.01251	0.01377	0.00876	0.01377	0.00751	0.01251	0.00751	0.01001	0.01877	0.00250	0.78851	0.00501	0.00250	0.00626
3	0.83938	0.01106	0.00841	0.00752	0.01106	0.01283	0.00619	0.01681	0.00973	0.02566	0.00796	0.00929	0.00619	0.00531	0.00354	0.00177	0.00442	0.00310	0.00354	0.00619
4	0.01423	0.01229	0.01293	0.01164	0.01487	0.01423	0.00905	0.03039	0.75297	0.02393	0.02328	0.02134	0.01746	0.00776	0.00582	0.00194	0.00453	0.00647	0.00582	0.00905
5	0.01147	0.02959	0.76934	0.01630	0.02476	0.01328	0.02113	0.01811	0.01208	0.01811	0.01026	0.01208	0.00725	0.00543	0.00543	0.00181	0.00845	0.00423	0.00242	0.00845
6	0.00697	0.00498	0.00664	0.00796	0.00830	0.00465	0.00531	0.00796	0.01095	0.01460	0.03153	0.79525	0.03783	0.01792	0.00730	0.00232	0.00332	0.01626	0.00531	0.00465
7	0.00697	0.00498	0.00664	0.00796	0.00830	0.00465	0.00531	0.00796	0.01095	0.01460	0.03153	0.79525	0.03783	0.01792	0.00730	0.00232	0.00332	0.01626	0.00531	0.00465
8	0.01066	0.00533	0.00533	0.00533	0.00666	0.00533	0.00400	0.01333	0.01200	0.02132	0.01866	0.02132	0.01466	0.00666	0.00400	0.00133	0.00267	0.00533	0.83073	0.00533
9	0.01416	0.01359	0.02322	0.03511	0.76330	0.01359	0.01755	0.01755	0.01302	0.01869	0.01076	0.01416	0.00906	0.00510	0.00566	0.00170	0.00680	0.00510	0.00283	0.00906
10	0.01344	0.01158	0.01257	0.01058	0.01443	0.01202	0.00829	0.02504	0.50491	0.02216	0.01889	0.01817	0.01445	0.00658	0.00529	0.00157	0.00443	0.00544	0.00501	0.28515
11	0.01143	0.00713	0.00832	0.00749	0.00988	0.00646	0.00580	0.01458	0.07694	0.16587	0.21796	0.04222	0.38024	0.01179	0.00648	0.00187	0.00337	0.00994	0.00594	0.00629
12	0.00815	0.00591	0.00772	0.00743	0.00880	0.00548	0.00569	0.01080	0.01584	0.02221	0.67683	0.04495	0.07414	0.01213	0.00684	0.00187	0.00292	0.07073	0.00618	0.00537
13	0.02111	0.01571	0.01681	0.01303	0.01750	0.01744	0.01072	0.68394	0.08821	0.03502	0.01454	0.01438	0.01038	0.00694	0.00573	0.00174	0.00614	0.00526	0.00573	0.00967
14	0.02053	0.01599	0.01614	0.01266	0.01703	0.08561	0.01030	0.53176	0.07552	0.06670	0.01408	0.01407	0.01016	0.00663	0.00555	0.00164	0.00630	0.00499	0.00534	0.07900
15	0.01147	0.02959	0.76934	0.01630	0.02476	0.01328	0.02113	0.01811	0.01208	0.01811	0.01026	0.01208	0.00725	0.00543	0.00543	0.00181	0.00845	0.00423	0.00242	0.00845
16	0.00971	0.00767	0.00829	0.00751	0.00977	0.00736	0.00580	0.12427	0.04634	0.02077	0.21517	0.04433	0.44688	0.01237	0.00656	0.00187	0.00345	0.01036	0.00563	0.00590
17	0.02119	0.01575	0.01843	0.01398	0.01865	0.01713	0.07257	0.65715	0.02538	0.06086	0.01387	0.01408	0.00980	0.00670	0.00581	0.00174	0.00653	0.00531	0.00553	0.00956
18	0.79507	0.01133	0.00888	0.00783	0.01142	0.01310	0.00645	0.05624	0.01066	0.02623	0.00828	0.00953	0.00639	0.00539	0.00366	0.00177	0.00453	0.00321	0.00366	0.00639
19	0.01305	0.01246	0.02122	0.28197	0.52506	0.01330	0.01700	0.01659	0.01250	0.01735	0.01056	0.01452	0.00859	0.00530	0.00568	0.00177	0.00707	0.00509	0.00274	0.00817
20	0.02148	0.02397	0.01649	0.01427	0.01770	0.55381	0.01100	0.23424	0.01934	0.02046	0.01027	0.01132	0.00806	0.00618	0.00532	0.00154	0.00914	0.00411	0.00376	0.00754
21	0.01465	0.67292	0.15387	0.01088	0.01637	0.02107	0.01169	0.01729	0.01170	0.01424	0.00834	0.00966	0.00732	0.00498	0.00397	0.00132	0.00651	0.00325	0.00244	0.00753
22	0.01251	0.01251	0.01752	0.01502	0.01502	0.01752	0.01251	0.01377	0.00876	0.01377	0.00751	0.01251	0.00751	0.01001	0.01877	0.00250	0.78851	0.00501	0.00250	0.00626
23	0.00944	0.00679	0.00763	0.00720	0.00927	0.00625	0.00547	0.01279	0.09351	0.08065	0.20239	0.08187	0.43002	0.01271	0.00660	0.00191	0.00321	0.01077	0.00573	0.00581
24	0.00994	0.00497	0.00745	0.00745	0.00745	0.00497	0.00497	0.00745	0.00745	0.00994	0.00994	0.01739	0.00994	0.01987	0.02235	0.83358	0.00497	0.00497	0.00248	0.00248

[dist]
# distance from previous block
# <min> <max>
0	1

[block]
# block no. 9 follows, 41 sequences, length 26
# corresponding to MSA columns:
# 414-439
name=unknown_J
#
# <colnr> <probs for GDERKNQSTAVLIFYWHMCP>
#	G	D	E	R	K	N	Q	S	T	A	V	L	I	F	Y	W	H	M	C	P
0	0.02040	0.15291	0.01850	0.01385	0.01720	0.61643	0.01084	0.05705	0.01598	0.01498	0.00893	0.01030	0.00748	0.00578	0.00494	0.00144	0.00944	0.00365	0.00300	0.00690
1	0.07708	0.02629	0.56039	0.01623	0.04989	0.07865	0.03835	0.05525	0.01307	0.01928	0.01020	0.01196	0.00741	0.00551	0.00532	0.00177	0.00816	0.00424	0.00274	0.00819
2	0.01292	0.01061	0.01277	0.01010	0.01427	0.00971	0.03831	0.01957	0.23515	0.05517	0.03888	0.05601	0.01434	0.00638	0.00512	0.00137	0.00449	0.00543	0.00446	0.44493
3	0.00697	0.00498	0.00664	0.00796	0.00830	0.00465	0.00531	0.00796	0.01095	0.01460	0.03153	0.79525	0.03783	0.01792	0.00730	0.00232	0.00332	0.01626	0.00531	0.00465
4	0.01162	0.05922	0.74100	0.01605	0.02437	0.01364	0.02070	0.01808	0.01206	0.01794	0.01018	0.01196	0.00725	0.00541	0.00537	0.00179	0.00836	0.00418	0.00242	0.00841
5	0.00832	0.00555	0.00624	0.00624	0.00624	0.00555	0.00347	0.00832	0.00832	0.01109	0.01802	0.03743	0.02080	0.79898	0.02911	0.00555	0.00555	0.00832	0.00347	0.00347
6	0.01492	0.72805	0.10113	0.01041	0.01565	0.02173	0.01088	0.01722	0.01167	0.01391	0.00817	0.00945	0.00733	0.00495	0.00384	0.00128	0.00634	0.00317	0.00244	0.00745
7	0.00677	0.00575	0.00584	0.00590	0.00775	0.00482	0.00439	0.00820	0.01293	0.01541	0.05660	0.09261	0.72428	0.01466	0.00679	0.00195	0.00292	0.01228	0.00531	0.00482
8	0.02005	0.02314	0.01554	0.01367	0.01683	0.56412	0.01043	0.13969	0.01780	0.01847	0.06786	0.01344	0.01140	0.00644	0.00534	0.00152	0.00884	0.00443	0.00368	0.03730
9	0.01138	0.00857	0.00954	0.00869	0.01117	0.00880	0.00670	0.01877	0.29410	0.07872	0.21664	0.03648	0.24608	0.01067	0.00632	0.00189	0.00362	0.00903	0.00589	0.00695
10	0.01204	0.00666	0.00680	0.00630	0.00804	0.00687	0.00485	0.10411	0.01385	0.02315	0.01805	0.02038	0.01405	0.00669	0.00421	0.00138	0.00312	0.00531	0.72826	0.00588
11	0.01529	0.80242	0.02997	0.00979	0.01468	0.02263	0.00979	0.01713	0.01162	0.01346	0.00795	0.00918	0.00734	0.00489	0.00367	0.00122	0.00612	0.00306	0.00245	0.00734
12	0.00697	0.00498	0.00664	0.00796	0.00830	0.00465	0.00531	0.00796	0.01095	0.01460	0.03153	0.79525	0.03783	0.01792	0.00730	0.00232	0.00332	0.01626	0.00531	0.00465
13	0.01186	0.01017	0.01186	0.00847	0.01356	0.00762	0.00678	0.01440	0.01186	0.01864	0.01017	0.01186	0.00847	0.00424	0.00424	0.00085	0.00424	0.00339	0.00339	0.83395
14	0.01080	0.01017	0.01716	0.78523	0.03940	0.01271	0.01589	0.01461	0.01144	0.01461	0.01017	0.01525	0.00762	0.00572	0.00572	0.00191	0.00762	0.00508	0.00254	0.00635
15	0.00922	0.00658	0.00922	0.01053	0.01185	0.00658	0.00922	0.01185	0.01317	0.01712	0.03029	0.06452	0.03292	0.01580	0.00790	0.00263	0.00527	0.72480	0.00527	0.00527
16	0.02275	0.01038	0.01319	0.01055	0.01467	0.00989	0.00857	0.02852	0.20378	0.57814	0.02275	0.01994	0.01500	0.00725	0.00577	0.00181	0.00478	0.00593	0.00676	0.00956
17	0.01080	0.01017	0.01716	0.78523	0.03940	0.01271	0.01589	0.01461	0.01144	0.01461	0.01017	0.01525	0.00762	0.00572	0.00572	0.00191	0.00762	0.00508	0.00254	0.00635
18	0.00697	0.00498	0.00664	0.00796	0.00830	0.00465	0.00531	0.00796	0.01095	0.01460	0.03153	0.79525	0.03783	0.01792	0.00730	0.00232	0.00332	0.01626	0.00531	0.00465
19	0.01066	0.00533	0.00533	0.00533	0.00666	0.00533	0.00400	0.01333	0.01200	0.02132	0.01866	0.02132	0.01466	0.00666	0.00400	0.00133	0.00267	0.00533	0.83073	0.00533
20	0.00824	0.00551	0.00626	0.00634	0.00636	0.00549	0.00357	0.00830	0.00847	0.01129	0.01879	0.08063	0.02177	0.75445	0.02787	0.00536	0.00542	0.00877	0.00357	0.00353
21	0.02501	0.00959	0.01306	0.01007	0.01437	0.00829	0.00829	0.02724	0.01636	0.73942	0.05016	0.02034	0.01565	0.00725	0.00579	0.00177	0.00479	0.00592	0.00705	0.00957
22	0.00773	0.00583	0.00713	0.00681	0.00832	0.00524	0.00511	0.01008	0.01532	0.02086	0.56545	0.04614	0.25010	0.01247	0.00675	0.00184	0.00275	0.01082	0.00602	0.00524
23	0.00817	0.00613	0.00919	0.00919	0.01021	0.00715	0.00715	0.01021	0.00919	0.01328	0.01532	0.02247	0.01430	0.04290	0.77631	0.00919	0.01532	0.00613	0.00306	0.00511
24	0.02566	0.00973	0.01327	0.01018	0.01460	0.00841	0.00841	0.02788	0.01637	0.76726	0.02257	0.01947	0.01416	0.00708	0.00575	0.00177	0.00487	0.00575	0.00708	0.00973
25	0.00799	0.00584	0.00750	0.00709	0.00848	0.00535	0.00532	0.01059	0.01595	0.02236	0.70591	0.04368	0.10870	0.01191	0.00675	0.00181	0.00271	0.01048	0.00622	0.00535

[dist]
# distance from previous block
# <min> <max>
7	13

[block]
# block no. 10 follows, 41 sequences, length 8
# corresponding to MSA columns:
# 453-460
name=unknown_K
#
# <colnr> <probs for GDERKNQSTAVLIFYWHMCP>
#	G	D	E	R	K	N	Q	S	T	A	V	L	I	F	Y	W	H	M	C	P
0	0.01639	0.01898	0.01395	0.01265	0.01429	0.43720	0.00942	0.01745	0.01280	0.01322	0.01090	0.01757	0.01078	0.20655	0.01379	0.00270	0.15752	0.00510	0.00299	0.00576
1	0.01179	0.00915	0.01158	0.01045	0.05674	0.00828	0.00764	0.04438	0.04275	0.05932	0.01695	0.05078	0.06227	0.01569	0.19940	0.00327	0.00719	0.00562	0.00388	0.37285
2	0.02060	0.01734	0.01606	0.01293	0.01693	0.16143	0.01041	0.52287	0.06696	0.03029	0.01364	0.01396	0.01002	0.00672	0.00552	0.00166	0.00675	0.00496	0.05211	0.00885
3	0.01416	0.01359	0.02322	0.03511	0.76330	0.01359	0.01755	0.01755	0.01302	0.01869	0.01076	0.01416	0.00906	0.00510	0.00566	0.00170	0.00680	0.00510	0.00283	0.00906
4	0.00927	0.00774	0.01129	0.01066	0.01142	0.00976	0.00850	0.01111	0.00908	0.01340	0.01335	0.01996	0.01259	0.03461	0.58540	0.00751	0.21018	0.00585	0.00292	0.00540
5	0.01558	0.01558	0.02957	0.02135	0.02683	0.01529	0.55814	0.20126	0.01688	0.02279	0.01212	0.01500	0.00894	0.00534	0.00649	0.00188	0.00880	0.00635	0.00361	0.00822
6	0.01423	0.01229	0.01293	0.01164	0.01487	0.01423	0.00905	0.03039	0.75297	0.02393	0.02328	0.02134	0.01746	0.00776	0.00582	0.00194	0.00453	0.00647	0.00582	0.00905
7	0.00774	0.00568	0.00568	0.00568	0.00746	0.00496	0.00426	0.00950	0.01277	0.01693	0.04804	0.04655	0.57289	0.01251	0.00606	0.00178	0.00284	0.01037	0.21333	0.00496

[dist]
# distance from previous block
# <min> <max>
0	8

[block]
# block no. 11 follows, 41 sequences, length 76
# corresponding to MSA columns:
# 469-544
name=unknown_L
#
# <colnr> <probs for GDERKNQSTAVLIFYWHMCP>
#	G	D	E	R	K	N	Q	S	T	A	V	L	I	F	Y	W	H	M	C	P
0	0.01443	0.01198	0.01360	0.01030	0.01538	0.00930	0.00794	0.01661	0.03561	0.02103	0.01308	0.01564	0.01113	0.00607	0.00540	0.00138	0.00513	0.00435	0.00431	0.77735
1	0.01042	0.00773	0.00909	0.00870	0.01034	0.00682	0.00631	0.01201	0.01673	0.02311	0.55770	0.07020	0.20826	0.01392	0.00778	0.00230	0.00370	0.01148	0.00679	0.00659
2	0.02761	0.01150	0.01492	0.01184	0.01634	0.00986	0.00944	0.02906	0.01775	0.73945	0.02459	0.02266	0.01632	0.00870	0.00681	0.00223	0.00572	0.00652	0.00778	0.01090
3	0.01251	0.00692	0.00933	0.00923	0.00948	0.00656	0.00613	0.00945	0.00919	0.01251	0.01247	0.02066	0.01226	0.02097	0.02275	0.80067	0.00582	0.00577	0.00337	0.00394
4	0.01075	0.00777	0.00952	0.00898	0.01053	0.00697	0.00655	0.01266	0.01758	0.02499	0.73271	0.04498	0.05453	0.01312	0.00777	0.00226	0.00364	0.01093	0.00703	0.00674
5	0.02349	0.02832	0.01774	0.01622	0.01930	0.74667	0.01197	0.02423	0.01760	0.01641	0.01142	0.01387	0.00980	0.00756	0.00624	0.00194	0.01095	0.00454	0.00382	0.00792
6	0.01663	0.01395	0.01460	0.01325	0.01660	0.01544	0.01006	0.03148	0.72479	0.02594	0.02528	0.02445	0.01949	0.00935	0.00688	0.00239	0.00540	0.00721	0.00657	0.01025
7	0.01182	0.00847	0.01103	0.01218	0.01370	0.00811	0.01021	0.01368	0.01468	0.01941	0.03200	0.06590	0.03433	0.01707	0.00887	0.00306	0.00611	0.69672	0.00604	0.00661
8	0.01075	0.00777	0.00952	0.00898	0.01053	0.00697	0.00655	0.01266	0.01758	0.02499	0.73271	0.04498	0.05453	0.01312	0.00777	0.00226	0.00364	0.01093	0.00703	0.00674
9	0.01096	0.00748	0.00817	0.00806	0.00831	0.00711	0.00469	0.01029	0.01002	0.01362	0.02023	0.03990	0.02269	0.76882	0.02923	0.00585	0.00638	0.00898	0.00432	0.00488
10	0.01766	0.77238	0.03095	0.01147	0.01642	0.02351	0.01076	0.01874	0.01319	0.01589	0.01056	0.01278	0.00977	0.00660	0.00481	0.00170	0.00692	0.00394	0.00334	0.00860
11	0.01092	0.00763	0.00893	0.00882	0.00934	0.00752	0.00564	0.01078	0.01025	0.01419	0.01953	0.03604	0.02101	0.57375	0.22202	0.00679	0.00890	0.00842	0.00421	0.00531
12	0.01641	0.01504	0.02418	0.07156	0.70047	0.01479	0.01814	0.01901	0.01446	0.02072	0.01323	0.01761	0.01136	0.00682	0.00673	0.00217	0.00761	0.00589	0.00369	0.01012
13	0.80868	0.01277	0.01025	0.00929	0.01294	0.01410	0.00731	0.01844	0.01138	0.02761	0.01057	0.01289	0.00867	0.00700	0.00469	0.00223	0.00530	0.00397	0.00439	0.00750
14	0.01443	0.01601	0.03407	0.02453	0.03032	0.01492	0.73173	0.01892	0.01407	0.01917	0.01251	0.01670	0.00958	0.00547	0.00714	0.00210	0.00990	0.00703	0.00322	0.00819
15	0.00805	0.00574	0.00735	0.00856	0.00897	0.00529	0.00567	0.00873	0.01145	0.01537	0.03162	0.75424	0.03761	0.04970	0.00855	0.00262	0.00376	0.01607	0.00553	0.00512
16	0.01305	0.01214	0.02004	0.48753	0.31619	0.01353	0.01680	0.01639	0.01264	0.01708	0.01135	0.01611	0.00909	0.00612	0.00610	0.00200	0.00759	0.00539	0.00299	0.00788
17	0.01906	0.01528	0.01575	0.01310	0.01703	0.04425	0.01039	0.37841	0.36149	0.03024	0.01886	0.01841	0.01409	0.00786	0.00615	0.00199	0.00593	0.00600	0.00595	0.00975
18	0.82773	0.01171	0.00911	0.00819	0.01178	0.01331	0.00662	0.01743	0.01036	0.02640	0.00896	0.01066	0.00714	0.00595	0.00398	0.00194	0.00476	0.00343	0.00386	0.00669
19	0.01597	0.74579	0.07361	0.01081	0.01593	0.02242	0.01082	0.01780	0.01225	0.01466	0.00908	0.01071	0.00826	0.00557	0.00421	0.00144	0.00656	0.00346	0.00278	0.00788
20	0.00833	0.00681	0.00748	0.00737	0.00898	0.00620	0.00542	0.00955	0.01340	0.01691	0.13547	0.11861	0.53235	0.04340	0.00866	0.00229	0.04591	0.01192	0.00550	0.00542
21	0.00834	0.00680	0.00717	0.00699	0.00894	0.00593	0.00519	0.01036	0.04513	0.01806	0.18430	0.05207	0.59090	0.01420	0.00711	0.00208	0.00328	0.01172	0.00581	0.00563
22	0.00799	0.00572	0.00736	0.00863	0.00905	0.00525	0.00575	0.00872	0.01156	0.01551	0.03216	0.78464	0.03829	0.01837	0.00768	0.00249	0.00367	0.01639	0.00560	0.00517
23	0.01323	0.01282	0.01766	0.01528	0.01543	0.01740	0.01257	0.01425	0.00942	0.01466	0.00890	0.01434	0.00878	0.01225	0.05748	0.00301	0.73760	0.00537	0.00287	0.00669
24	0.02009	0.01423	0.01511	0.01201	0.01590	0.01540	0.00970	0.57191	0.02396	0.03337	0.01573	0.01671	0.01171	0.00744	0.00574	0.00181	0.00579	0.00549	0.18871	0.00920
25	0.01091	0.00571	0.00817	0.00813	0.00822	0.00557	0.00541	0.00821	0.00811	0.01091	0.01090	0.01863	0.01082	0.02029	0.02250	0.82108	0.00529	0.00527	0.00282	0.00304
26	0.02254	0.01660	0.01773	0.01375	0.01835	0.01815	0.01122	0.73376	0.02726	0.03663	0.01464	0.01503	0.01062	0.00748	0.00612	0.00189	0.00660	0.00545	0.00601	0.01017
27	0.02254	0.01660	0.01773	0.01375	0.01835	0.01815	0.01122	0.73376	0.02726	0.03663	0.01464	0.01503	0.01062	0.00748	0.00612	0.00189	0.00660	0.00545	0.00601	0.01017
28	0.00932	0.00628	0.00697	0.00693	0.00703	0.00614	0.00393	0.00907	0.00896	0.01205	0.01886	0.03837	0.02151	0.78753	0.02916	0.00566	0.00586	0.00857	0.00379	0.00400
29	0.01281	0.01083	0.01251	0.00913	0.01423	0.00819	0.00719	0.01506	0.01245	0.01949	0.01112	0.01319	0.00938	0.00489	0.00466	0.00104	0.00457	0.00372	0.00371	0.82183
30	0.01724	0.72686	0.02968	0.01132	0.01607	0.02253	0.01051	0.01838	0.01345	0.01644	0.05355	0.01469	0.01244	0.00699	0.00499	0.00174	0.00673	0.00435	0.00356	0.00849
31	0.01318	0.02939	0.70914	0.01765	0.02589	0.01415	0.06268	0.01912	0.01314	0.01955	0.01193	0.01448	0.00887	0.00646	0.00619	0.00211	0.00897	0.00490	0.00301	0.00918
32	0.00868	0.00622	0.00785	0.00908	0.00956	0.00566	0.00604	0.00922	0.01196	0.01612	0.03258	0.77755	0.03860	0.01867	0.00793	0.00260	0.00390	0.01648	0.00580	0.00551
33	0.01303	0.02909	0.70820	0.06114	0.02644	0.01405	0.02116	0.01891	0.01302	0.01934	0.01185	0.01446	0.00881	0.00652	0.00613	0.00211	0.00886	0.00480	0.00299	0.00910
34	0.01151	0.02960	0.76897	0.01632	0.02477	0.01330	0.02114	0.01813	0.01210	0.01814	0.01030	0.01212	0.00728	0.00546	0.00545	0.00182	0.00846	0.00424	0.00243	0.00847
35	0.00925	0.00661	0.00924	0.01056	0.01187	0.00660	0.00923	0.01187	0.01319	0.01715	0.03031	0.06454	0.03294	0.01582	0.00791	0.00264	0.00528	0.72443	0.00528	0.00528
36	0.00700	0.00500	0.00666	0.00799	0.00832	0.00467	0.00532	0.00799	0.01097	0.01463	0.03155	0.79488	0.03785	0.01794	0.00731	0.00233	0.00333	0.01627	0.00532	0.00466
