[name]
unknown

[dist]
# distance from previous block
# <min> <max>
16	117

[block]
# block no. 0 follows, 41 sequences, length 27
# corresponding to MSA columns:
# 131-157
name=unknown_A
#
# <colnr> <probs for GDERKNQSTAVLIFYWHMCP>
#	G	D	E	R	K	N	Q	S	T	A	V	L	I	F	Y	W	H	M	C	P
0	0.01837	0.01499	0.06369	0.01224	0.01651	0.01499	0.01040	0.53744	0.03394	0.03048	0.01517	0.08406	0.01258	0.04214	0.00676	0.00189	0.00596	0.00611	0.00521	0.06707
1	0.23579	0.00999	0.03914	0.05400	0.01343	0.00968	0.00768	0.06471	0.03112	0.10691	0.14129	0.09080	0.02024	0.05904	0.00685	0.00201	0.00462	0.01796	0.00468	0.08006
2	0.00741	0.00519	0.00662	0.00759	0.00787	0.00496	0.00495	0.00820	0.01032	0.01374	0.02784	0.56551	0.03307	0.22834	0.01320	0.00320	0.00399	0.03886	0.00481	0.00435
3	0.01125	0.00934	0.01090	0.00847	0.01254	0.00748	0.00660	0.05063	0.01255	0.01867	0.01673	0.14736	0.05694	0.00728	0.00498	0.00121	0.00411	0.00616	0.00395	0.60285
4	0.12584	0.08376	0.05925	0.04365	0.05909	0.06218	0.01006	0.09123	0.15647	0.14107	0.02689	0.01677	0.04008	0.00661	0.00519	0.00169	0.00563	0.00513	0.00457	0.05486
5	0.00747	0.00520	0.00652	0.00734	0.00758	0.00498	0.00467	0.00815	0.01014	0.01355	0.04250	0.51354	0.03221	0.29143	0.01493	0.00344	0.00409	0.01335	0.00468	0.00425
6	0.02137	0.02726	0.01621	0.01474	0.01768	0.77602	0.01105	0.02284	0.01621	0.01400	0.00884	0.01031	0.00737	0.00589	0.00516	0.00147	0.01031	0.00368	0.00295	0.00663
7	0.01114	0.01043	0.01721	0.71017	0.07112	0.01283	0.01560	0.01558	0.05067	0.01529	0.01089	0.01552	0.00821	0.00580	0.00572	0.00190	0.00742	0.00516	0.00273	0.00662
8	0.01392	0.01214	0.01356	0.01349	0.08106	0.01379	0.00962	0.02835	0.65717	0.02312	0.02358	0.02207	0.04694	0.00780	0.00584	0.00192	0.00466	0.00657	0.00553	0.00888
9	0.00830	0.00561	0.00655	0.00655	0.00665	0.00571	0.00385	0.00852	0.00841	0.01132	0.01774	0.03587	0.02012	0.72009	0.10708	0.00593	0.00657	0.00809	0.00342	0.00364
10	0.00944	0.00791	0.00902	0.00930	0.05396	0.00790	0.00648	0.01494	0.20322	0.01899	0.17588	0.04078	0.35537	0.05218	0.00761	0.00208	0.00364	0.00971	0.00539	0.00620
11	0.00994	0.00497	0.00745	0.00745	0.00745	0.00497	0.00497	0.00745	0.00745	0.00994	0.00994	0.01739	0.00994	0.01987	0.02235	0.83358	0.00497	0.00497	0.00248	0.00248
12	0.01629	0.50637	0.02460	0.01143	0.01537	0.18459	0.01022	0.01916	0.07232	0.01445	0.00935	0.01068	0.00818	0.00576	0.00540	0.00144	0.07069	0.00363	0.00283	0.00724
13	0.00754	0.00559	0.00703	0.00717	0.00833	0.00508	0.00519	0.00953	0.01414	0.01925	0.42920	0.26012	0.17281	0.01396	0.00691	0.00197	0.00291	0.01234	0.00584	0.00508
14	0.01397	0.01482	0.05930	0.07536	0.45562	0.08088	0.04656	0.01798	0.05212	0.01795	0.01269	0.01823	0.01103	0.00639	0.00630	0.00182	0.03442	0.06325	0.00315	0.00818
15	0.02170	0.00962	0.01255	0.00992	0.01392	0.00869	0.00806	0.02554	0.09820	0.56087	0.10156	0.02175	0.01850	0.00749	0.00578	0.00174	0.00456	0.00619	0.00664	0.05675
16	0.03818	0.15986	0.06639	0.03919	0.01636	0.04510	0.01099	0.13377	0.01408	0.11799	0.01241	0.05804	0.01045	0.00766	0.00864	0.00184	0.20781	0.00520	0.00385	0.04217
17	0.01444	0.01194	0.01811	0.06161	0.34814	0.01191	0.04446	0.06494	0.08306	0.08038	0.05669	0.01811	0.01343	0.05250	0.00703	0.00189	0.00598	0.00566	0.00392	0.09579
18	0.01722	0.01555	0.01529	0.06694	0.04800	0.15522	0.01023	0.28475	0.06583	0.02405	0.01303	0.04737	0.01055	0.00647	0.00535	0.00153	0.00644	0.00504	0.00432	0.19682
19	0.01155	0.05313	0.08137	0.01398	0.11762	0.01054	0.05704	0.04650	0.05917	0.04866	0.07391	0.03266	0.25717	0.00986	0.00696	0.00191	0.05109	0.05558	0.00442	0.00688
20	0.50640	0.01139	0.01082	0.00903	0.01288	0.01244	0.00742	0.10399	0.05686	0.20028	0.01294	0.01289	0.00913	0.00605	0.00444	0.00177	0.00475	0.00415	0.00475	0.00760
21	0.00734	0.00522	0.00644	0.00725	0.00764	0.00493	0.00468	0.00809	0.01038	0.01366	0.03009	0.50298	0.10172	0.24617	0.01363	0.00323	0.00393	0.01354	0.00477	0.00432
22	0.05537	0.02245	0.46728	0.01766	0.08827	0.01300	0.10213	0.01692	0.01190	0.01802	0.01188	0.07585	0.01001	0.00663	0.00652	0.00190	0.05799	0.00556	0.00281	0.00785
23	0.00693	0.00512	0.00649	0.00760	0.00820	0.00468	0.00515	0.00801	0.01131	0.01475	0.03601	0.66966	0.16053	0.01734	0.00721	0.00226	0.00325	0.01555	0.00531	0.00468
24	0.01508	0.24635	0.02719	0.05657	0.08494	0.09993	0.28141	0.05628	0.01381	0.01726	0.03010	0.01352	0.00937	0.00540	0.00566	0.00165	0.01985	0.00510	0.00298	0.00755
25	0.00832	0.00555	0.00624	0.00624	0.00624	0.00555	0.00347	0.00832	0.00832	0.01109	0.01802	0.03743	0.02080	0.79898	0.02911	0.00555	0.00555	0.00832	0.00347	0.00347
26	0.01984	0.01543	0.01568	0.01227	0.01666	0.08267	0.00996	0.46557	0.08168	0.07668	0.01408	0.01412	0.01023	0.00646	0.00545	0.00158	0.00610	0.00489	0.00521	0.13541

[dist]
# distance from previous block
# <min> <max>
2	3

[block]
# block no. 1 follows, 41 sequences, length 20
# corresponding to MSA columns:
# 161-180
name=unknown_B
#
# <colnr> <probs for GDERKNQSTAVLIFYWHMCP>
#	G	D	E	R	K	N	Q	S	T	A	V	L	I	F	Y	W	H	M	C	P
0	0.00711	0.00514	0.00676	0.00800	0.00851	0.00479	0.00552	0.00825	0.01124	0.01483	0.03313	0.69737	0.08369	0.01755	0.00731	0.00232	0.00343	0.06504	0.00531	0.00470
1	0.01181	0.01087	0.01777	0.66200	0.11114	0.01311	0.01575	0.05981	0.01255	0.01634	0.01045	0.01505	0.00790	0.00573	0.00571	0.00187	0.00746	0.00509	0.00277	0.00683
2	0.01350	0.01543	0.03375	0.02411	0.02989	0.01446	0.74253	0.01832	0.01350	0.01832	0.01157	0.01543	0.00868	0.00482	0.00675	0.00193	0.00964	0.00675	0.00289	0.00771
3	0.00690	0.00578	0.00601	0.00611	0.00792	0.00490	0.00460	0.00840	0.01303	0.01569	0.07673	0.09247	0.67755	0.01462	0.00683	0.00197	0.00300	0.03730	0.00534	0.00485
4	0.36782	0.06239	0.06720	0.01155	0.05208	0.06590	0.03101	0.05937	0.01220	0.02176	0.03746	0.03141	0.00973	0.00611	0.00531	0.00167	0.05173	0.00429	0.00349	0.09752
5	0.01278	0.01149	0.01396	0.04616	0.01615	0.04397	0.05852	0.05783	0.01301	0.01911	0.01112	0.03810	0.00944	0.00503	0.00471	0.00110	0.00514	0.00424	0.00350	0.62466
6	0.44467	0.01518	0.13599	0.02371	0.01546	0.01393	0.01001	0.19203	0.03878	0.02640	0.01086	0.03084	0.00840	0.00611	0.00458	0.00179	0.00557	0.00425	0.00398	0.00747
7	0.05098	0.17393	0.39818	0.01404	0.02034	0.01485	0.05833	0.04545	0.06376	0.04084	0.01150	0.01315	0.00874	0.00786	0.05257	0.00216	0.00785	0.00445	0.00304	0.00801
8	0.07502	0.03339	0.01584	0.01462	0.10567	0.03985	0.01057	0.30791	0.18274	0.07944	0.01596	0.01717	0.01215	0.00821	0.03268	0.00204	0.00615	0.02673	0.00506	0.00880
9	0.01066	0.00533	0.00533	0.00533	0.00666	0.00533	0.00400	0.01333	0.01200	0.02132	0.01866	0.02132	0.01466	0.00666	0.00400	0.00133	0.00267	0.00533	0.83073	0.00533
10	0.01333	0.01089	0.01344	0.00979	0.01472	0.00895	0.04445	0.08839	0.01360	0.04722	0.01151	0.02983	0.00946	0.00494	0.00464	0.00106	0.00472	0.00411	0.00377	0.66120
11	0.04307	0.77574	0.02925	0.00971	0.01456	0.02230	0.00967	0.01712	0.01156	0.01387	0.00795	0.00918	0.00730	0.00491	0.00367	0.00124	0.00606	0.00306	0.00248	0.00730
12	0.47165	0.01314	0.05660	0.01164	0.05797	0.05810	0.05532	0.07107	0.01214	0.02300	0.01201	0.11146	0.01098	0.00705	0.00473	0.00183	0.00549	0.00540	0.00375	0.00669
13	0.00978	0.00866	0.01028	0.00933	0.01052	0.05361	0.00729	0.01195	0.01415	0.01954	0.47206	0.03494	0.10873	0.01123	0.00947	0.00196	0.18689	0.00887	0.00512	0.00562
14	0.01444	0.01208	0.01323	0.05790	0.01618	0.01383	0.00938	0.12476	0.54844	0.02426	0.02237	0.07001	0.03101	0.00829	0.00591	0.00193	0.00485	0.00693	0.00557	0.00862
15	0.00958	0.00820	0.01189	0.01108	0.01177	0.01051	0.00889	0.01137	0.00905	0.01344	0.01279	0.01924	0.01210	0.03223	0.53048	0.00702	0.26623	0.00576	0.00288	0.00548
16	0.05945	0.01515	0.01513	0.10446	0.01884	0.10928	0.01052	0.35269	0.15861	0.02672	0.01686	0.01717	0.05551	0.00716	0.00562	0.00177	0.00632	0.00552	0.00488	0.00834
17	0.00705	0.00563	0.00621	0.00640	0.00785	0.00491	0.00460	0.00849	0.01275	0.01595	0.13668	0.19178	0.49470	0.06098	0.00818	0.00220	0.00311	0.01243	0.00532	0.00478
18	0.08134	0.01417	0.01600	0.09458	0.01901	0.05763	0.05337	0.40741	0.02046	0.07238	0.01766	0.01813	0.08788	0.00726	0.00569	0.00177	0.00628	0.00576	0.00493	0.00829
19	0.38088	0.01108	0.01081	0.00916	0.01264	0.01206	0.00741	0.16590	0.06045	0.12147	0.06109	0.05288	0.05738	0.00750	0.00496	0.00181	0.00462	0.00563	0.00493	0.00734

[dist]
# distance from previous block
# <min> <max>
0	5

[block]
# block no. 2 follows, 41 sequences, length 9
# corresponding to MSA columns:
# 186-194
name=unknown_C
#
# <colnr> <probs for GDERKNQSTAVLIFYWHMCP>
#	G	D	E	R	K	N	Q	S	T	A	V	L	I	F	Y	W	H	M	C	P
0	0.22655	0.01427	0.08538	0.03367	0.04497	0.05179	0.01012	0.05811	0.28724	0.10751	0.01600	0.01579	0.01175	0.00654	0.00515	0.00182	0.00547	0.00501	0.00469	0.00818
1	0.01384	0.01664	0.23655	0.05195	0.01874	0.05794	0.04608	0.07440	0.04470	0.10004	0.12133	0.02428	0.01851	0.00791	0.00598	0.00184	0.00642	0.09286	0.00432	0.05568
2	0.00978	0.00625	0.00803	0.00735	0.00909	0.00565	0.00559	0.01229	0.01587	0.09948	0.60688	0.04166	0.12708	0.01152	0.00664	0.00181	0.00295	0.01006	0.00627	0.00579
3	0.01775	0.01518	0.01693	0.24893	0.09668	0.19703	0.03312	0.06568	0.05794	0.17456	0.01352	0.01510	0.00980	0.00615	0.00562	0.00174	0.00741	0.00502	0.00402	0.00780
4	0.00694	0.00580	0.00604	0.00598	0.00783	0.00490	0.00448	0.00855	0.01345	0.01644	0.15055	0.05342	0.66776	0.01412	0.00676	0.00191	0.00287	0.01184	0.00544	0.00490
5	0.83938	0.01106	0.00841	0.00752	0.01106	0.01283	0.00619	0.01681	0.00973	0.02566	0.00796	0.00929	0.00619	0.00531	0.00354	0.00177	0.00442	0.00310	0.00354	0.00619
6	0.01456	0.01357	0.01490	0.07512	0.11570	0.07882	0.01088	0.02683	0.53511	0.02167	0.01938	0.01898	0.01473	0.00709	0.00574	0.00187	0.00556	0.00594	0.00493	0.00864
7	0.00829	0.00567	0.00686	0.00686	0.00707	0.00588	0.00424	0.00872	0.00850	0.01155	0.01746	0.03430	0.01943	0.64053	0.18570	0.00631	0.00759	0.00786	0.00338	0.00381
8	0.01066	0.00533	0.00533	0.00533	0.00666	0.00533	0.00400	0.01333	0.01200	0.02132	0.01866	0.02132	0.01466	0.00666	0.00400	0.00133	0.00267	0.00533	0.83073	0.00533

[dist]
# distance from previous block
# <min> <max>
0	1

[block]
# block no. 3 follows, 41 sequences, length 23
# corresponding to MSA columns:
# 196-218
name=unknown_D
#
# <colnr> <probs for GDERKNQSTAVLIFYWHMCP>
#	G	D	E	R	K	N	Q	S	T	A	V	L	I	F	Y	W	H	M	C	P
0	0.09302	0.01426	0.01908	0.14844	0.14813	0.04880	0.10586	0.24314	0.08114	0.02421	0.01242	0.01437	0.00936	0.00600	0.00562	0.00179	0.00688	0.00519	0.00401	0.00826
1	0.15274	0.08863	0.01600	0.01393	0.06132	0.43564	0.01038	0.05565	0.01482	0.01750	0.01084	0.01515	0.00961	0.00657	0.00506	0.00163	0.00814	0.06625	0.00333	0.00680
2	0.83938	0.01106	0.00841	0.00752	0.01106	0.01283	0.00619	0.01681	0.00973	0.02566	0.00796	0.00929	0.00619	0.00531	0.00354	0.00177	0.00442	0.00310	0.00354	0.00619
3	0.01456	0.01185	0.01293	0.01083	0.01442	0.01266	0.00856	0.16979	0.38302	0.02534	0.11335	0.02089	0.01900	0.00747	0.00564	0.00169	0.00460	0.00616	0.00544	0.15179
4	0.00769	0.00583	0.00709	0.00677	0.00830	0.00523	0.00508	0.01001	0.01524	0.02068	0.54863	0.04644	0.26703	0.01254	0.00675	0.00184	0.00276	0.01086	0.00600	0.00523
5	0.01969	0.01587	0.01674	0.11193	0.02027	0.07798	0.01138	0.53389	0.08386	0.03053	0.01367	0.01428	0.00991	0.00671	0.00568	0.00174	0.00664	0.00513	0.00510	0.00899
6	0.01362	0.01268	0.02110	0.39598	0.03130	0.01413	0.20185	0.14024	0.07441	0.01995	0.01219	0.01553	0.00905	0.00585	0.00599	0.00188	0.00767	0.00564	0.00343	0.00749
7	0.01033	0.00649	0.00750	0.00686	0.00910	0.00557	0.00528	0.01219	0.01431	0.14748	0.20579	0.04618	0.47645	0.01259	0.00658	0.00187	0.00320	0.01060	0.00583	0.00580
8	0.01355	0.11418	0.02477	0.02541	0.37332	0.01427	0.19926	0.01769	0.05793	0.01791	0.01308	0.07862	0.01163	0.00622	0.00583	0.00176	0.00701	0.00626	0.00318	0.00813
9	0.14412	0.00722	0.00830	0.00847	0.01023	0.00738	0.00679	0.01278	0.05838	0.02023	0.24137	0.11866	0.09740	0.01250	0.00657	0.00212	0.00394	0.22264	0.00533	0.00559
10	0.01163	0.01224	0.02486	0.17965	0.02755	0.01213	0.44327	0.01547	0.01256	0.01680	0.01528	0.17160	0.01430	0.00763	0.00665	0.00200	0.00796	0.00831	0.00330	0.00682
11	0.20974	0.02063	0.23822	0.01235	0.01669	0.24190	0.01198	0.01779	0.01223	0.01769	0.01034	0.01381	0.00872	0.07393	0.06905	0.00260	0.00838	0.00429	0.00298	0.00669
12	0.43982	0.01217	0.01603	0.01536	0.13758	0.01278	0.13614	0.03434	0.01214	0.11835	0.01104	0.01255	0.00819	0.00545	0.00477	0.00178	0.00581	0.00444	0.00381	0.00745
13	0.41881	0.00880	0.00860	0.00777	0.01048	0.00938	0.00623	0.01535	0.01290	0.09154	0.29159	0.02511	0.02594	0.00831	0.00513	0.00182	0.00386	0.03726	0.00497	0.00618
14	0.01400	0.01268	0.01850	0.19472	0.33700	0.03747	0.02516	0.14195	0.01527	0.02041	0.03676	0.01928	0.08843	0.00673	0.00583	0.00177	0.00653	0.00596	0.00363	0.00793
15	0.00812	0.00575	0.00754	0.00815	0.00897	0.00553	0.00607	0.00985	0.01252	0.01695	0.22810	0.26102	0.03796	0.15111	0.01109	0.00282	0.00406	0.20433	0.00525	0.00481
16	0.02115	0.04714	0.03659	0.01160	0.01596	0.01339	0.00976	0.25850	0.17415	0.32168	0.01889	0.01736	0.01293	0.00701	0.00566	0.00177	0.00541	0.00555	0.00605	0.00945
17	0.00946	0.00566	0.00757	0.00818	0.00912	0.00519	0.00571	0.01076	0.01210	0.11161	0.09355	0.63078	0.03620	0.01599	0.00705	0.00221	0.00346	0.01440	0.00562	0.00536
18	0.01324	0.10940	0.13856	0.01661	0.05148	0.01597	0.14954	0.01743	0.07217	0.03264	0.01074	0.01382	0.00889	0.00819	0.03220	0.00223	0.29140	0.00515	0.00296	0.00739
19	0.00866	0.00573	0.00751	0.00765	0.00878	0.00525	0.00551	0.01059	0.01394	0.06466	0.39197	0.35083	0.06904	0.01406	0.00691	0.00202	0.00309	0.01255	0.00591	0.00533
20	0.01216	0.01044	0.01200	0.00888	0.01372	0.00847	0.00707	0.01645	0.10667	0.01932	0.01184	0.01307	0.00962	0.00469	0.00444	0.00099	0.00427	0.00378	0.00370	0.72842
21	0.11862	0.00794	0.00961	0.00833	0.01040	0.00776	0.00620	0.07219	0.01083	0.07671	0.01106	0.01526	0.00953	0.01319	0.01410	0.44711	0.00487	0.00453	0.00341	0.14834
22	0.26311	0.10138	0.01234	0.00943	0.01188	0.22049	0.00717	0.01588	0.01130	0.01660	0.01128	0.01796	0.01104	0.23244	0.03423	0.00292	0.00687	0.00483	0.00322	0.00563

[dist]
# distance from previous block
# <min> <max>
0	1

[block]
# block no. 4 follows, 41 sequences, length 25
# corresponding to MSA columns:
# 220-244
name=unknown_E
#
# <colnr> <probs for GDERKNQSTAVLIFYWHMCP>
#	G	D	E	R	K	N	Q	S	T	A	V	L	I	F	Y	W	H	M	C	P
0	0.01713	0.02619	0.01897	0.04120	0.22851	0.17971	0.05299	0.11623	0.13778	0.02130	0.01350	0.01532	0.01076	0.00638	0.00581	0.00176	0.00728	0.00517	0.00404	0.08996
1	0.00964	0.00774	0.01152	0.29842	0.02089	0.00841	0.01004	0.01164	0.01207	0.01597	0.06612	0.34685	0.02650	0.01320	0.00751	0.02759	0.00544	0.09022	0.00448	0.00575
2	0.01910	0.19026	0.02123	0.06011	0.05036	0.29049	0.06472	0.14306	0.04751	0.04082	0.01162	0.01328	0.00931	0.00635	0.00548	0.00170	0.00818	0.00460	0.00378	0.00806
3	0.01320	0.05468	0.03533	0.00993	0.01304	0.06521	0.00826	0.04510	0.05740	0.08702	0.14271	0.02819	0.05180	0.04307	0.00738	0.00185	0.04128	0.10385	0.00463	0.18608
4	0.12507	0.01274	0.01443	0.01378	0.10573	0.01385	0.00966	0.40029	0.01920	0.02752	0.01497	0.09851	0.01338	0.09561	0.00819	0.00221	0.00571	0.00640	0.00479	0.00795
5	0.45012	0.09647	0.09717	0.00996	0.01418	0.01282	0.06182	0.01622	0.01138	0.02226	0.10058	0.01427	0.01259	0.00596	0.00443	0.00168	0.00521	0.00439	0.00358	0.05491
6	0.00808	0.00556	0.00620	0.00624	0.00649	0.00543	0.00363	0.00829	0.00898	0.01174	0.02334	0.06436	0.11183	0.67755	0.02567	0.00500	0.00515	0.00904	0.00375	0.00367
7	0.01925	0.07242	0.02021	0.01699	0.12361	0.04852	0.08894	0.35063	0.01960	0.11721	0.01317	0.01412	0.00966	0.00642	0.00641	0.00174	0.05238	0.00516	0.00463	0.00891
8	0.00733	0.00563	0.00665	0.00692	0.00821	0.00504	0.00504	0.00898	0.01314	0.01704	0.22658	0.23456	0.33979	0.04602	0.00784	0.00217	0.00317	0.04553	0.00548	0.00489
9	0.02079	0.01466	0.08100	0.01561	0.12588	0.01360	0.01186	0.31996	0.04370	0.26954	0.01619	0.01577	0.01111	0.00658	0.00570	0.00175	0.00603	0.00530	0.00546	0.00950
10	0.10673	0.01590	0.01275	0.01229	0.05483	0.30676	0.00889	0.05060	0.01550	0.01978	0.27900	0.02230	0.02419	0.00808	0.00615	0.00169	0.03762	0.00621	0.00432	0.00640
11	0.40086	0.01074	0.01290	0.24047	0.02062	0.01262	0.04366	0.04433	0.01115	0.02079	0.01107	0.08090	0.00974	0.00685	0.00563	0.00191	0.05084	0.00521	0.00340	0.00632
12	0.01590	0.01531	0.11416	0.10673	0.02001	0.01387	0.01170	0.30538	0.11753	0.02567	0.01335	0.01432	0.00991	0.00609	0.00537	0.00159	0.00606	0.00482	0.00441	0.18781
13	0.01578	0.01692	0.19845	0.05805	0.09808	0.01361	0.01341	0.30666	0.01806	0.05109	0.01472	0.10912	0.01248	0.00752	0.00578	0.00179	0.00645	0.00623	0.00434	0.04146
14	0.00948	0.00769	0.00821	0.00780	0.01008	0.00745	0.00615	0.08898	0.09671	0.01878	0.04604	0.04809	0.50991	0.01309	0.00669	0.00200	0.00373	0.09784	0.00541	0.00587
15	0.01476	0.10453	0.10218	0.05030	0.46668	0.10776	0.03813	0.01815	0.01312	0.01734	0.01017	0.01299	0.00842	0.00522	0.00539	0.00164	0.00744	0.00465	0.00275	0.00839
16	0.01571	0.01170	0.01596	0.37227	0.02703	0.01321	0.01286	0.20190	0.05745	0.10098	0.01589	0.02185	0.01273	0.00775	0.00620	0.00202	0.00672	0.08537	0.00450	0.00788
17	0.00830	0.00627	0.00763	0.00849	0.00936	0.00603	0.00585	0.01079	0.09003	0.01620	0.03395	0.62509	0.11627	0.01672	0.00730	0.00233	0.00360	0.01483	0.00553	0.00543
18	0.01612	0.00735	0.00881	0.00765	0.01010	0.00675	0.00597	0.01847	0.01437	0.28166	0.11115	0.02397	0.01976	0.00778	0.00519	0.00165	0.00364	0.00626	0.43620	0.00716
19	0.01028	0.00984	0.00995	0.01129	0.10855	0.10067	0.00721	0.01186	0.01375	0.01658	0.09844	0.05199	0.46579	0.04865	0.00768	0.00211	0.00463	0.00999	0.00486	0.00588
20	0.00771	0.00623	0.00672	0.00657	0.00839	0.00533	0.00489	0.00934	0.01422	0.01799	0.24836	0.05209	0.56339	0.01402	0.00698	0.00199	0.00305	0.01172	0.00575	0.00528
21	0.10476	0.02176	0.40908	0.01823	0.14287	0.01414	0.01706	0.01858	0.06588	0.01943	0.01125	0.01359	0.00873	0.00646	0.00715	0.00198	0.10296	0.00468	0.00306	0.00834
22	0.01674	0.01107	0.01272	0.01053	0.01362	0.01140	0.00834	0.33118	0.02064	0.11940	0.26360	0.08194	0.02761	0.00964	0.00635	0.00188	0.00477	0.00793	0.03260	0.00804
23	0.01323	0.01252	0.01171	0.01139	0.04719	0.17487	0.00824	0.05671	0.09282	0.02163	0.39001	0.03227	0.05504	0.01001	0.00647	0.00187	0.00524	0.03664	0.00542	0.00672
24	0.00814	0.00565	0.00688	0.00759	0.00783	0.00539	0.00475	0.00855	0.01015	0.01359	0.02599	0.45800	0.03065	0.35952	0.01705	0.00383	0.00449	0.01287	0.00467	0.00443

[dist]
# distance from previous block
# <min> <max>
0	1

[block]
# block no. 5 follows, 41 sequences, length 6
# corresponding to MSA columns:
# 246-251
name=unknown_F
#
# <colnr> <probs for GDERKNQSTAVLIFYWHMCP>
#	G	D	E	R	K	N	Q	S	T	A	V	L	I	F	Y	W	H	M	C	P
0	0.01261	0.02091	0.33818	0.10680	0.10052	0.11802	0.06531	0.01693	0.01280	0.01684	0.01508	0.07786	0.05909	0.00710	0.00582	0.00184	0.00778	0.00601	0.00303	0.00748
1	0.45828	0.03685	0.03515	0.01218	0.10005	0.06466	0.00888	0.07494	0.01240	0.02340	0.00928	0.01085	0.00736	0.00535	0.00427	0.00161	0.00542	0.00364	0.00354	0.12190
2	0.01283	0.02088	0.39887	0.01420	0.01959	0.01363	0.01551	0.10222	0.10133	0.02092	0.09923	0.01712	0.01431	0.00730	0.00756	0.00193	0.11539	0.00545	0.00370	0.00806
3	0.27602	0.01454	0.01450	0.01147	0.01572	0.01625	0.00945	0.51706	0.02159	0.03288	0.01203	0.01248	0.00872	0.00644	0.00508	0.00175	0.00574	0.00454	0.00507	0.00867
4	0.01647	0.10480	0.03564	0.01066	0.01474	0.01392	0.00898	0.35251	0.03866	0.04977	0.01848	0.01996	0.09740	0.07015	0.00725	0.00188	0.00550	0.00575	0.00475	0.12275
5	0.01828	0.01086	0.01488	0.01177	0.01560	0.01068	0.09317	0.10842	0.15275	0.31546	0.12461	0.02372	0.05743	0.00794	0.00607	0.00183	0.00512	0.00689	0.00600	0.00852

[dist]
# distance from previous block
# <min> <max>
0	2

[block]
# block no. 6 follows, 41 sequences, length 6
# corresponding to MSA columns:
# 254-259
name=unknown_G
#
# <colnr> <probs for GDERKNQSTAVLIFYWHMCP>
#	G	D	E	R	K	N	Q	S	T	A	V	L	I	F	Y	W	H	M	C	P
0	0.01226	0.15599	0.15053	0.01091	0.01487	0.01331	0.01032	0.02030	0.29627	0.01855	0.02250	0.02515	0.10931	0.07192	0.00746	0.00211	0.00543	0.04102	0.00432	0.00747
1	0.00712	0.00516	0.00648	0.00746	0.00795	0.00479	0.00495	0.00804	0.01088	0.01426	0.03320	0.60071	0.12953	0.11890	0.01006	0.00269	0.00355	0.01469	0.00507	0.00452
2	0.00929	0.00693	0.00860	0.00903	0.01067	0.00675	0.00743	0.06955	0.01422	0.01836	0.08578	0.12977	0.22206	0.01467	0.00729	0.00229	0.00436	0.36208	0.00539	0.00546
3	0.01928	0.01480	0.01578	0.01266	0.01680	0.01659	0.01028	0.51040	0.26473	0.03208	0.01686	0.01622	0.01226	0.00716	0.00575	0.00179	0.00572	0.00558	0.00575	0.00951
4	0.01891	0.00995	0.01258	0.00934	0.01409	0.00802	0.00761	0.02129	0.01417	0.40116	0.01650	0.01575	0.01138	0.00569	0.00501	0.00132	0.00456	0.00460	0.00527	0.41280
5	0.02044	0.02572	0.01635	0.01476	0.01741	0.69700	0.01120	0.02189	0.01543	0.01397	0.00870	0.01054	0.00738	0.00632	0.00658	0.00158	0.09138	0.00382	0.00290	0.00659

[dist]
# distance from previous block
# <min> <max>
0	3

[block]
# block no. 7 follows, 41 sequences, length 16
# corresponding to MSA columns:
# 263-278
name=unknown_H
#
# <colnr> <probs for GDERKNQSTAVLIFYWHMCP>
#	G	D	E	R	K	N	Q	S	T	A	V	L	I	F	Y	W	H	M	C	P
0	0.42502	0.08643	0.06398	0.01002	0.01417	0.01490	0.00886	0.15509	0.13010	0.02570	0.01160	0.01219	0.00880	0.00596	0.00445	0.00174	0.00522	0.00408	0.00413	0.00756
1	0.00918	0.00658	0.00731	0.00717	0.00770	0.00686	0.00444	0.01177	0.12550	0.01328	0.01953	0.07297	0.02113	0.63537	0.02436	0.00482	0.00527	0.00843	0.00393	0.00440
2	0.01186	0.01017	0.01186	0.00847	0.01356	0.00762	0.00678	0.01440	0.01186	0.01864	0.01017	0.01186	0.00847	0.00424	0.00424	0.00085	0.00424	0.00339	0.00339	0.83395
3	0.01435	0.22426	0.47030	0.01393	0.02083	0.04612	0.01649	0.01909	0.01258	0.09615	0.01092	0.01205	0.00801	0.00549	0.00501	0.00164	0.00755	0.00407	0.00294	0.00823
4	0.01684	0.60803	0.02663	0.01088	0.01543	0.14061	0.01009	0.08510	0.01375	0.01563	0.00863	0.00977	0.00756	0.00523	0.00409	0.00131	0.00679	0.00335	0.00283	0.00745
5	0.01431	0.18911	0.42275	0.01342	0.01982	0.01389	0.01561	0.01886	0.01276	0.13479	0.01355	0.01746	0.01072	0.00653	0.00534	0.00176	0.00710	0.07069	0.00342	0.00812
6	0.00872	0.01051	0.13085	0.01185	0.01433	0.00757	0.12543	0.01121	0.01153	0.01575	0.02500	0.54771	0.02837	0.01387	0.00692	0.00218	0.00513	0.01285	0.00447	0.00573
7	0.00855	0.00633	0.00828	0.00912	0.01057	0.00606	0.00772	0.01092	0.01346	0.01736	0.11385	0.06008	0.19861	0.01507	0.00752	0.00239	0.00446	0.48907	0.00539	0.00518
8	0.01312	0.01292	0.06673	0.01410	0.01778	0.01260	0.15513	0.07033	0.34240	0.02154	0.02111	0.07793	0.01833	0.00891	0.00640	0.00205	0.00596	0.11986	0.00489	0.00790
9	0.00994	0.00497	0.00745	0.00745	0.00745	0.00497	0.00497	0.00745	0.00745	0.00994	0.00994	0.01739	0.00994	0.01987	0.02235	0.83358	0.00497	0.00497	0.00248	0.00248
10	0.05421	0.01653	0.15207	0.01757	0.04283	0.08251	0.32719	0.01649	0.01220	0.01679	0.01215	0.01796	0.01047	0.13243	0.06097	0.00290	0.00889	0.00600	0.00295	0.00686
11	0.00814	0.00559	0.00629	0.00626	0.00655	0.00546	0.00369	0.00847	0.00934	0.01234	0.07171	0.03965	0.10144	0.66339	0.02525	0.00491	0.00508	0.00885	0.00385	0.00374
12	0.01287	0.01066	0.01494	0.01208	0.01516	0.01094	0.13434	0.17935	0.12277	0.02462	0.30395	0.06266	0.05217	0.00923	0.00641	0.00185	0.00500	0.00832	0.00544	0.00724
13	0.00771	0.00585	0.00717	0.00734	0.00877	0.00532	0.00564	0.00980	0.01411	0.01866	0.33537	0.12998	0.28344	0.01393	0.00699	0.00203	0.00323	0.12385	0.00570	0.00511
14	0.01186	0.01017	0.01186	0.00847	0.01356	0.00762	0.00678	0.01440	0.01186	0.01864	0.01017	0.01186	0.00847	0.00424	0.00424	0.00085	0.00424	0.00339	0.00339	0.83395
15	0.24851	0.01289	0.01195	0.00979	0.01366	0.13025	0.00780	0.03588	0.01368	0.27861	0.01402	0.01461	0.01016	0.03810	0.00575	0.00173	0.00556	0.00441	0.00469	0.13795

[dist]
# distance from previous block
# <min> <max>
0	1

[block]
# block no. 8 follows, 41 sequences, length 8
# corresponding to MSA columns:
# 280-287
name=unknown_I
#
# <colnr> <probs for GDERKNQSTAVLIFYWHMCP>
#	G	D	E	R	K	N	Q	S	T	A	V	L	I	F	Y	W	H	M	C	P
0	0.00934	0.00797	0.01114	0.01089	0.01133	0.00977	0.00853	0.01077	0.01008	0.01431	0.02011	0.31192	0.02253	0.01948	0.15053	0.00366	0.27922	0.07915	0.00392	0.00535
1	0.01469	0.01368	0.01654	0.37759	0.06954	0.12112	0.01325	0.18084	0.01547	0.01948	0.01136	0.01490	0.00884	0.00986	0.08624	0.00255	0.00846	0.00501	0.00339	0.00718
2	0.02256	0.00965	0.01289	0.01025	0.01416	0.00894	0.00838	0.06294	0.04364	0.59454	0.02111	0.01966	0.01407	0.01215	0.11458	0.00282	0.00641	0.00580	0.00639	0.00905
3	0.02069	0.09681	0.01735	0.01215	0.01656	0.01634	0.01014	0.46319	0.11922	0.14544	0.01575	0.01515	0.01118	0.00681	0.00552	0.00170	0.00582	0.00520	0.00560	0.00939
4	0.00794	0.00584	0.00744	0.00704	0.00845	0.00533	0.00528	0.01050	0.01583	0.02209	0.68072	0.04412	0.13406	0.01201	0.00675	0.00181	0.00272	0.01054	0.00618	0.00533
5	0.01461	0.01344	0.05786	0.15664	0.02269	0.01346	0.16965	0.25765	0.03977	0.02264	0.01454	0.07676	0.01255	0.09164	0.00855	0.00226	0.00702	0.00666	0.00408	0.00753
6	0.00806	0.00561	0.00631	0.00626	0.00669	0.00542	0.00379	0.00854	0.00982	0.01293	0.09702	0.04067	0.13823	0.60070	0.02347	0.00462	0.00486	0.00910	0.00403	0.00387
7	0.00935	0.06990	0.01052	0.00995	0.04717	0.00799	0.00691	0.05530	0.01253	0.01698	0.09765	0.51793	0.03191	0.01432	0.00721	0.00210	0.03883	0.01262	0.02526	0.00556

[dist]
# distance from previous block
# <min> <max>
0	1

[block]
# block no. 9 follows, 41 sequences, length 15
# corresponding to MSA columns:
# 289-303
name=unknown_J
#
# <colnr> <probs for GDERKNQSTAVLIFYWHMCP>
#	G	D	E	R	K	N	Q	S	T	A	V	L	I	F	Y	W	H	M	C	P
0	0.00890	0.00697	0.00952	0.00904	0.00968	0.00814	0.00677	0.01038	0.00998	0.01428	0.13107	0.02799	0.02111	0.23352	0.33453	0.00598	0.13645	0.00719	0.00358	0.00490
1	0.01712	0.01650	0.01407	0.01224	0.01557	0.21774	0.00954	0.18916	0.31735	0.02321	0.02066	0.01998	0.08626	0.00772	0.00571	0.00176	0.00632	0.00597	0.00498	0.00814
2	0.01192	0.01154	0.10491	0.01268	0.08695	0.02858	0.00980	0.05247	0.01360	0.07931	0.15505	0.23552	0.02531	0.01044	0.00706	0.00188	0.05895	0.00891	0.00463	0.08049
3	0.01563	0.01200	0.01360	0.01003	0.01493	0.01086	0.00815	0.24592	0.01683	0.05898	0.01187	0.01281	0.00913	0.00520	0.00478	0.00117	0.00492	0.00406	0.00430	0.53484
4	0.01831	0.07661	0.14473	0.04578	0.01898	0.36581	0.01241	0.06068	0.10658	0.07857	0.01224	0.01303	0.00928	0.00612	0.00529	0.00163	0.00822	0.00438	0.00364	0.00769
5	0.01066	0.00533	0.00533	0.00533	0.00666	0.00533	0.00400	0.01333	0.01200	0.02132	0.01866	0.02132	0.01466	0.00666	0.00400	0.00133	0.00267	0.00533	0.83073	0.00533
6	0.01181	0.05402	0.18644	0.07359	0.01597	0.00892	0.01051	0.01473	0.01266	0.13585	0.07547	0.28096	0.07399	0.01094	0.00622	0.00196	0.00518	0.00948	0.00461	0.00669
7	0.01570	0.01588	0.01923	0.24086	0.30422	0.17904	0.01485	0.10763	0.01498	0.01866	0.01054	0.01358	0.00837	0.00566	0.00558	0.00171	0.00773	0.00479	0.00313	0.00785
8	0.01560	0.07089	0.08270	0.02731	0.49322	0.08270	0.01590	0.10781	0.01485	0.02001	0.01072	0.01325	0.00873	0.00540	0.00547	0.00166	0.00713	0.00477	0.00314	0.00876
9	0.21984	0.06297	0.44610	0.01294	0.01907	0.01293	0.03219	0.01677	0.01113	0.01908	0.01036	0.01380	0.00836	0.08355	0.00723	0.00214	0.00706	0.00434	0.00281	0.00732
10	0.01432	0.02111	0.41172	0.01443	0.02067	0.01267	0.05939	0.10918	0.07535	0.10411	0.08710	0.01708	0.01384	0.00656	0.00575	0.00181	0.00697	0.00545	0.00403	0.00846
11	0.01219	0.00954	0.01540	0.33468	0.09786	0.01017	0.06211	0.01535	0.01335	0.10945	0.14536	0.02526	0.10959	0.00786	0.00609	0.00186	0.00592	0.00704	0.00413	0.00678
12	0.07685	0.00741	0.00952	0.00995	0.07666	0.00694	0.00671	0.01206	0.01433	0.02143	0.46755	0.10779	0.03885	0.01028	0.00613	0.00172	0.00346	0.00901	0.00531	0.10806
13	0.01096	0.02147	0.48414	0.01343	0.01945	0.01141	0.01568	0.01779	0.10463	0.02005	0.20070	0.02094	0.02027	0.00730	0.00581	0.00182	0.00652	0.00604	0.00381	0.00776
14	0.00881	0.07707	0.01067	0.00913	0.01049	0.00807	0.00732	0.01086	0.01064	0.01468	0.07840	0.10427	0.02151	0.03117	0.47442	0.00640	0.01105	0.09597	0.00376	0.00530

[dist]
# distance from previous block
# <min> <max>
2	8

[block]
# block no. 10 follows, 41 sequences, length 11
# corresponding to MSA columns:
# 312-322
name=unknown_K
#
# <colnr> <probs for GDERKNQSTAVLIFYWHMCP>
#	G	D	E	R	K	N	Q	S	T	A	V	L	I	F	Y	W	H	M	C	P
0	0.11376	0.01310	0.11895	0.00995	0.01510	0.00963	0.00915	0.01844	0.06335	0.13774	0.01277	0.01343	0.00954	0.00523	0.00467	0.00132	0.00498	0.00406	0.00402	0.43082
1	0.01282	0.01738	0.31389	0.05722	0.12456	0.01091	0.01451	0.01784	0.05811	0.10884	0.11242	0.09319	0.01800	0.00776	0.00589	0.00185	0.00626	0.00667	0.00403	0.00785
2	0.12618	0.00728	0.00847	0.05462	0.01111	0.00743	0.00627	0.01292	0.06531	0.02198	0.47299	0.03634	0.12699	0.01049	0.00617	0.00183	0.00339	0.00894	0.00553	0.00575
3	0.00953	0.00754	0.01032	0.05976	0.13432	0.00771	0.00755	0.01169	0.05546	0.01448	0.02179	0.15747	0.06335	0.35708	0.01642	0.00358	0.00529	0.04743	0.00395	0.00527
4	0.11524	0.01145	0.01609	0.20290	0.14911	0.01197	0.03583	0.06416	0.06459	0.17135	0.01368	0.01519	0.00995	0.00587	0.00535	0.00171	0.00597	0.00497	0.00415	0.09048
5	0.00726	0.00516	0.00686	0.00811	0.00852	0.00488	0.00558	0.00836	0.01101	0.01464	0.03064	0.68201	0.03639	0.06211	0.00860	0.00254	0.00363	0.08385	0.00520	0.00464
6	0.04497	0.17173	0.13177	0.01478	0.08926	0.08887	0.03318	0.16428	0.10629	0.03889	0.05249	0.01482	0.01186	0.00626	0.00524	0.00165	0.00661	0.00488	0.00396	0.00821
7	0.04990	0.53502	0.14460	0.01430	0.12207	0.01946	0.01252	0.01733	0.01181	0.01546	0.00871	0.01034	0.00752	0.00503	0.00422	0.00141	0.00651	0.00353	0.00254	0.00771
8	0.13082	0.01343	0.01710	0.05925	0.21960	0.08483	0.07222	0.03282	0.01274	0.01934	0.01008	0.01249	0.00820	0.00497	0.00494	0.00144	0.00622	0.00425	0.00318	0.28208
9	0.01318	0.01480	0.03175	0.11574	0.03104	0.01425	0.65505	0.01788	0.01325	0.01788	0.01140	0.01541	0.00855	0.00493	0.00663	0.00193	0.00940	0.00655	0.00285	0.00755
10	0.01326	0.01100	0.01261	0.00914	0.01415	0.00906	0.00736	0.11770	0.01399	0.02110	0.01067	0.01213	0.00865	0.00461	0.00445	0.00097	0.00453	0.00364	0.00372	0.71729

[dist]
# distance from previous block
# <min> <max>
0	3

[block]
# block no. 11 follows, 41 sequences, length 16
# corresponding to MSA columns:
# 326-341
name=unknown_L
#
# <colnr> <probs for GDERKNQSTAVLIFYWHMCP>
#	G	D	E	R	K	N	Q	S	T	A	V	L	I	F	Y	W	H	M	C	P
0	0.01760	0.01055	0.01541	0.01137	0.01611	0.00883	0.11351	0.02034	0.01415	0.32634	0.04974	0.01691	0.01292	0.00583	0.00534	0.00143	0.00520	0.00516	0.00497	0.33832
1	0.83938	0.01106	0.00841	0.00752	0.01106	0.01283	0.00619	0.01681	0.00973	0.02566	0.00796	0.00929	0.00619	0.00531	0.00354	0.00177	0.00442	0.00310	0.00354	0.00619
2	0.08022	0.02373	0.07510	0.01598	0.08352	0.50466	0.01204	0.08939	0.03156	0.01799	0.00994	0.01144	0.00797	0.00596	0.00523	0.00160	0.00896	0.00405	0.00330	0.00736
3	0.00845	0.00564	0.00633	0.00633	0.00634	0.00562	0.00353	0.00842	0.00840	0.01122	0.01813	0.03755	0.02089	0.79748	0.02912	0.00556	0.00559	0.00835	0.00351	0.00354
4	0.01922	0.08346	0.06284	0.01402	0.01750	0.54446	0.01129	0.02344	0.13811	0.01598	0.01139	0.01235	0.00916	0.00618	0.00523	0.00158	0.00895	0.00417	0.00340	0.00726
5	0.00757	0.00551	0.00701	0.00803	0.00873	0.00515	0.00573	0.00878	0.01145	0.01495	0.03382	0.50358	0.13450	0.08602	0.00930	0.00263	0.00383	0.13348	0.00518	0.00474
6	0.01753	0.01315	0.01443	0.01196	0.01550	0.01442	0.00969	0.46269	0.13391	0.03007	0.07078	0.08055	0.01830	0.00905	0.00617	0.00191	0.00550	0.07005	0.00574	0.00860
7	0.00708	0.00515	0.00665	0.00784	0.00834	0.00474	0.00527	0.00809	0.01123	0.01480	0.03416	0.72246	0.10764	0.01765	0.00730	0.00231	0.00332	0.01587	0.00535	0.00473
8	0.01313	0.01354	0.02590	0.14990	0.21156	0.01361	0.36081	0.01804	0.06519	0.01816	0.01289	0.04714	0.01052	0.00586	0.00632	0.00191	0.00802	0.00647	0.00317	0.00786
9	0.40593	0.01970	0.01262	0.01142	0.01465	0.41587	0.00881	0.02008	0.01324	0.01960	0.00856	0.01001	0.00694	0.00570	0.00445	0.00164	0.00758	0.00345	0.00327	0.00649
10	0.01079	0.00543	0.00543	0.00542	0.00677	0.00541	0.00406	0.01342	0.01207	0.02143	0.01877	0.02148	0.01477	0.00675	0.00405	0.00136	0.00271	0.00537	0.82912	0.00540
11	0.01402	0.42544	0.25970	0.01621	0.14528	0.01822	0.01470	0.01759	0.01208	0.01592	0.00928	0.01111	0.00772	0.00518	0.00462	0.00151	0.00700	0.00381	0.00255	0.00804
12	0.01361	0.01227	0.02185	0.01710	0.02114	0.01211	0.35363	0.02014	0.17796	0.07580	0.01949	0.06191	0.01697	0.00836	0.00676	0.00209	0.00708	0.13966	0.00445	0.00763
13	0.08067	0.50281	0.02364	0.01049	0.01479	0.12902	0.00951	0.08759	0.01377	0.01691	0.01183	0.01277	0.05370	0.00593	0.00432	0.00142	0.00645	0.00395	0.00314	0.00729
14	0.01926	0.06011	0.01666	0.01372	0.07247	0.01249	0.06361	0.06964	0.24302	0.32062	0.03404	0.01898	0.01458	0.00700	0.00578	0.00182	0.00542	0.00592	0.00572	0.00915
15	0.01353	0.01366	0.06911	0.08563	0.02418	0.01252	0.36901	0.01940	0.12035	0.07762	0.08706	0.05064	0.01586	0.00681	0.00644	0.00193	0.00739	0.00710	0.00405	0.00771

[dist]
# distance from previous block
# <min> <max>
2	5

[block]
# block no. 12 follows, 41 sequences, length 9
# corresponding to MSA columns:
# 347-355
name=unknown_M
#
# <colnr> <probs for GDERKNQSTAVLIFYWHMCP>
#	G	D	E	R	K	N	Q	S	T	A	V	L	I	F	Y	W	H	M	C	P
0	0.00705	0.00501	0.00661	0.00785	0.00817	0.00470	0.00519	0.00799	0.01078	0.01438	0.03067	0.74713	0.03675	0.06751	0.00869	0.00253	0.00346	0.01576	0.00519	0.00457
1	0.01433	0.01171	0.01560	0.35529	0.02622	0.01358	0.01267	0.24020	0.09895	0.02258	0.01549	0.02224	0.01285	0.00769	0.00603	0.00195	0.00655	0.10429	0.00426	0.00754
2	0.00716	0.00513	0.00681	0.00783	0.00834	0.00478	0.00532	0.00845	0.01186	0.01604	0.15729	0.66538	0.04062	0.01685	0.00721	0.00223	0.00321	0.01524	0.00548	0.00478
3	0.01235	0.01289	0.02045	0.12427	0.05991	0.07109	0.22314	0.01507	0.01167	0.01562	0.01353	0.15069	0.01324	0.00874	0.00977	0.00210	0.21834	0.00740	0.00316	0.00658
4	0.00818	0.00557	0.00666	0.00677	0.00693	0.00568	0.00410	0.00853	0.00866	0.01168	0.01883	0.10045	0.02141	0.63369	0.12442	0.00574	0.00663	0.00871	0.00357	0.00378
5	0.01404	0.07616	0.05160	0.11219	0.16252	0.01493	0.34825	0.07340	0.05404	0.01922	0.01173	0.01477	0.00903	0.00532	0.00602	0.00181	0.00804	0.00574	0.00316	0.00802
6	0.00785	0.00584	0.00730	0.00694	0.00839	0.00529	0.00520	0.01032	0.01561	0.02156	0.63096	0.04500	0.18415	0.01221	0.00675	0.00182	0.00274	0.01066	0.00612	0.00529
7	0.01313	0.01189	0.07919	0.01089	0.01382	0.01116	0.00906	0.22852	0.16347	0.02307	0.02367	0.31774	0.04723	0.01143	0.00636	0.00201	0.00487	0.00985	0.00527	0.00736
8	0.01168	0.00653	0.00868	0.00797	0.00981	0.00591	0.00603	0.01398	0.01531	0.18191	0.47359	0.16956	0.04256	0.01179	0.00663	0.00188	0.00327	0.01039	0.00629	0.00620

[dist]
# distance from previous block
# <min> <max>
0	12

[block]
# block no. 13 follows, 41 sequences, length 9
# corresponding to MSA columns:
# 371-379
name=unknown_N
#
# <colnr> <probs for GDERKNQSTAVLIFYWHMCP>
#	G	D	E	R	K	N	Q	S	T	A	V	L	I	F	Y	W	H	M	C	P
0	0.00935	0.00599	0.00769	0.00760	0.00863	0.00666	0.00577	0.01146	0.01025	0.01639	0.01661	0.02282	0.01471	0.08682	0.37558	0.00546	0.03773	0.00594	0.33940	0.00511
1	0.01244	0.01277	0.12222	0.01104	0.01401	0.03867	0.00988	0.09538	0.09853	0.06034	0.14735	0.12420	0.09488	0.01041	0.00759	0.00198	0.08558	0.04092	0.00487	0.00694
2	0.08735	0.00627	0.00748	0.00717	0.00869	0.00600	0.00537	0.01092	0.01488	0.02188	0.56904	0.10018	0.11017	0.01182	0.00648	0.00185	0.00293	0.01027	0.00587	0.00536
3	0.01596	0.71768	0.02847	0.01033	0.01501	0.10500	0.00993	0.01775	0.01212	0.01352	0.00805	0.00930	0.00734	0.00500	0.00383	0.00125	0.00658	0.00313	0.00250	0.00726
4	0.00720	0.00514	0.00690	0.00823	0.00866	0.00485	0.00571	0.00836	0.01118	0.01486	0.03140	0.72009	0.03733	0.01770	0.00736	0.00235	0.00352	0.08913	0.00531	0.00471
5	0.01638	0.01317	0.01562	0.19423	0.02174	0.01473	0.01122	0.32781	0.19958	0.02637	0.01489	0.01577	0.01101	0.00656	0.00560	0.00173	0.00598	0.00529	0.00477	0.08756
6	0.01678	0.10516	0.02049	0.04208	0.24612	0.24871	0.05397	0.05980	0.11736	0.01819	0.01179	0.01350	0.00949	0.00579	0.00537	0.00163	0.00764	0.00472	0.00339	0.00801
7	0.10226	0.07630	0.40747	0.01616	0.09138	0.01293	0.05205	0.01688	0.01212	0.01852	0.01309	0.02013	0.01140	0.00694	0.00558	0.00189	0.00725	0.11694	0.00305	0.00765
8	0.01255	0.01553	0.13773	0.21570	0.18738	0.01340	0.23935	0.01688	0.01246	0.01733	0.01067	0.01435	0.00824	0.00531	0.00625	0.00182	0.02848	0.00538	0.00273	0.04846

[dist]
# distance from previous block
# <min> <max>
6	17

[block]
# block no. 14 follows, 41 sequences, length 12
# corresponding to MSA columns:
# 397-408
name=unknown_O
#
# <colnr> <probs for GDERKNQSTAVLIFYWHMCP>
#	G	D	E	R	K	N	Q	S	T	A	V	L	I	F	Y	W	H	M	C	P
0	0.07076	0.08935	0.07044	0.15778	0.22850	0.09761	0.01318	0.05550	0.01336	0.01812	0.04622	0.08889	0.01296	0.00694	0.00547	0.00174	0.00668	0.00585	0.00333	0.00735
1	0.01165	0.00898	0.01105	0.01074	0.06516	0.00908	0.00729	0.13155	0.01283	0.01785	0.01664	0.09915	0.01723	0.29464	0.05303	0.00345	0.04223	0.03722	0.00396	0.14627
2	0.09181	0.14800	0.08431	0.01173	0.08427	0.01149	0.00939	0.04602	0.01425	0.07655	0.27743	0.02301	0.02466	0.00762	0.00539	0.00161	0.00480	0.00627	0.00451	0.06687
3	0.01483	0.01211	0.01467	0.06321	0.01727	0.01174	0.04299	0.18596	0.13988	0.03884	0.01351	0.01444	0.01034	0.00562	0.00509	0.00137	0.00525	0.00463	0.00433	0.39391
4	0.31152	0.01128	0.06504	0.00954	0.01294	0.01085	0.00824	0.06042	0.09234	0.12951	0.08653	0.06457	0.01691	0.01003	0.05222	0.00231	0.00537	0.03854	0.00475	0.00710
5	0.01066	0.00533	0.00533	0.00533	0.00666	0.00533	0.00400	0.01333	0.01200	0.02132	0.01866	0.02132	0.01466	0.00666	0.00400	0.00133	0.00267	0.00533	0.83073	0.00533
6	0.00904	0.01085	0.15603	0.01169	0.08318	0.00758	0.00913	0.01130	0.01109	0.01548	0.09045	0.26503	0.02523	0.22283	0.04281	0.00324	0.00565	0.00979	0.00403	0.00558
7	0.00769	0.00589	0.00714	0.00740	0.00888	0.00534	0.00576	0.00972	0.01383	0.01800	0.26459	0.12357	0.32674	0.01423	0.00704	0.00207	0.00336	0.15806	0.00560	0.00508
8	0.01220	0.00807	0.00956	0.05479	0.08236	0.00861	0.00714	0.06089	0.12191	0.02197	0.01779	0.01983	0.01383	0.00663	0.00463	0.00151	0.00384	0.00545	0.53243	0.00656
9	0.00919	0.00881	0.05257	0.01452	0.16077	0.00760	0.04543	0.01145	0.01233	0.01669	0.08245	0.37013	0.10761	0.01306	0.00679	0.00209	0.00465	0.06327	0.00461	0.00600
10	0.10190	0.23396	0.22462	0.01249	0.01763	0.19512	0.01259	0.01961	0.01318	0.08835	0.02576	0.01193	0.00882	0.00567	0.00475	0.00156	0.00738	0.00394	0.00319	0.00755
11	0.01907	0.01423	0.01728	0.01303	0.01775	0.01466	0.07974	0.45386	0.05053	0.08518	0.01388	0.01427	0.01002	0.00622	0.00554	0.00158	0.00604	0.00506	0.00511	0.16694

[dist]
# distance from previous block
# <min> <max>
0	2

[block]
# block no. 15 follows, 41 sequences, length 12
# corresponding to MSA columns:
# 411-422
name=unknown_P
#
# <colnr> <probs for GDERKNQSTAVLIFYWHMCP>
#	G	D	E	R	K	N	Q	S	T	A	V	L	I	F	Y	W	H	M	C	P
0	0.01173	0.18005	0.06518	0.01047	0.03842	0.01235	0.00873	0.01819	0.22206	0.02003	0.26004	0.02704	0.06680	0.02723	0.00623	0.00181	0.00455	0.00715	0.00484	0.00710
1	0.01275	0.00866	0.07036	0.00749	0.01002	0.00720	0.00651	0.06833	0.01391	0.10250	0.06996	0.02330	0.06191	0.00744	0.00479	0.00152	0.00366	0.00602	0.50734	0.00636
2	0.01661	0.05290	0.01683	0.01670	0.16458	0.12126	0.01132	0.22246	0.16565	0.02387	0.06906	0.01984	0.01531	0.00736	0.00576	0.00176	0.00627	0.04949	0.00463	0.00832
3	0.10281	0.06427	0.18283	0.05066	0.07948	0.03061	0.01209	0.05251	0.13123	0.03374	0.02218	0.01393	0.01006	0.00567	0.00499	0.00156	0.00596	0.00446	0.00363	0.18733
4	0.01631	0.01890	0.07815	0.01646	0.12125	0.27608	0.01207	0.04967	0.21824	0.01897	0.04946	0.01588	0.01272	0.00687	0.00652	0.00176	0.06380	0.00516	0.00391	0.00782
5	0.00728	0.00550	0.00656	0.00692	0.00800	0.00496	0.00486	0.00874	0.01265	0.01655	0.21025	0.31126	0.27935	0.07977	0.00879	0.00234	0.00322	0.01283	0.00539	0.00479
6	0.01504	0.01429	0.01331	0.01176	0.01515	0.12732	0.00911	0.02754	0.56280	0.02187	0.01971	0.01867	0.01498	0.00710	0.00555	0.00175	0.00536	0.00572	0.00513	0.09784
7	0.00742	0.00544	0.00700	0.00769	0.00858	0.00502	0.00553	0.00905	0.01276	0.01707	0.22261	0.44173	0.13876	0.01568	0.00713	0.00216	0.00326	0.07264	0.00556	0.00492
