[name]
unknown

[dist]
# distance from previous block
# <min> <max>
1	179

[block]
# block no. 0 follows, 40 sequences, length 36
# corresponding to MSA columns:
# 184-219
name=unknown_A
#
# <colnr> <probs for GDERKNQSTAVLIFYWHMCP>
#	G	D	E	R	K	N	Q	S	T	A	V	L	I	F	Y	W	H	M	C	P
0	0.00901	0.00641	0.00829	0.00819	0.00892	0.00693	0.00577	0.04365	0.00998	0.01376	0.01780	0.05699	0.01872	0.37758	0.35206	0.00687	0.00993	0.03091	0.00358	0.00465
1	0.01587	0.01387	0.01383	0.01213	0.01557	0.06298	0.00950	0.13332	0.58059	0.02529	0.02211	0.02062	0.03247	0.00779	0.00588	0.00191	0.00520	0.00633	0.00571	0.00905
2	0.00845	0.00567	0.00652	0.00652	0.00659	0.00574	0.00375	0.00857	0.00851	0.01141	0.01816	0.03714	0.02074	0.75029	0.07439	0.00586	0.00624	0.00832	0.00350	0.00362
3	0.01426	0.01273	0.01571	0.01663	0.15672	0.03286	0.04473	0.02589	0.48447	0.03587	0.02256	0.02259	0.06025	0.00774	0.00601	0.00192	0.00535	0.01983	0.00511	0.00876
4	0.02321	0.00943	0.01272	0.00989	0.01403	0.00813	0.00809	0.02554	0.01641	0.63646	0.11359	0.02237	0.01916	0.00765	0.00590	0.00176	0.00464	0.00632	0.00692	0.04779
5	0.01932	0.01245	0.01356	0.01153	0.01523	0.05891	0.00921	0.07095	0.36225	0.29052	0.02226	0.02191	0.01618	0.00785	0.00594	0.00190	0.00523	0.03946	0.00617	0.00916
6	0.01465	0.01093	0.01280	0.00932	0.01436	0.00895	0.00752	0.09483	0.01421	0.10060	0.01208	0.01309	0.00937	0.00491	0.00464	0.00106	0.00460	0.00390	0.00410	0.65408
7	0.06415	0.02888	0.71734	0.01601	0.02428	0.01348	0.02052	0.01833	0.01213	0.01890	0.01029	0.01210	0.00730	0.00552	0.00540	0.00184	0.00833	0.00422	0.00253	0.00845
8	0.01555	0.79913	0.03047	0.00995	0.01493	0.02301	0.00995	0.01741	0.01182	0.01368	0.00808	0.00933	0.00746	0.00498	0.00373	0.00124	0.00622	0.00311	0.00249	0.00746
9	0.00846	0.00564	0.00634	0.00634	0.00634	0.00564	0.00352	0.00846	0.00846	0.01128	0.01832	0.03805	0.02114	0.79563	0.02960	0.00564	0.00564	0.00846	0.00352	0.00352
10	0.01254	0.01032	0.01211	0.00867	0.01382	0.00778	0.00695	0.01511	0.01222	0.04450	0.01077	0.01232	0.00881	0.00441	0.00436	0.00089	0.00433	0.00353	0.00357	0.80299
11	0.01427	0.01417	0.02564	0.03357	0.62095	0.01399	0.15463	0.01800	0.01333	0.01893	0.01110	0.01464	0.00914	0.00513	0.00597	0.00177	0.00746	0.00550	0.00289	0.00895
12	0.01415	0.01372	0.02388	0.07924	0.67276	0.01382	0.06118	0.01772	0.01317	0.01873	0.01095	0.01454	0.00910	0.00520	0.00583	0.00175	0.00713	0.00528	0.00286	0.00897
13	0.01272	0.01272	0.01781	0.01527	0.01527	0.01781	0.01272	0.01399	0.00891	0.01399	0.00763	0.01272	0.00763	0.01018	0.01908	0.00254	0.78499	0.00509	0.00254	0.00636
14	0.01397	0.01338	0.02284	0.12850	0.66986	0.01371	0.01764	0.01747	0.01304	0.01848	0.01086	0.01453	0.00903	0.00526	0.00576	0.00175	0.00701	0.00518	0.00284	0.00887
15	0.07766	0.00998	0.01318	0.01017	0.01462	0.00883	0.00840	0.02762	0.01621	0.71648	0.02200	0.01913	0.01388	0.00708	0.00570	0.00180	0.00492	0.00568	0.00697	0.00967
16	0.01272	0.01033	0.01205	0.00891	0.01369	0.00831	0.00711	0.03557	0.05584	0.04585	0.05911	0.01494	0.01232	0.00517	0.00466	0.00104	0.00430	0.00421	0.00397	0.67992
17	0.00753	0.00592	0.00680	0.00658	0.00826	0.00519	0.00494	0.00962	0.01481	0.01940	0.39681	0.04990	0.41679	0.01335	0.00687	0.00190	0.00285	0.01142	0.00589	0.00519
18	0.00708	0.00582	0.00623	0.00630	0.00803	0.00497	0.00466	0.00869	0.01350	0.01669	0.15347	0.12354	0.59156	0.01466	0.00692	0.00198	0.00296	0.01243	0.00554	0.00497
19	0.02098	0.12192	0.01825	0.01428	0.01761	0.64215	0.01107	0.05868	0.01645	0.01530	0.00913	0.01052	0.00761	0.00592	0.00509	0.00148	0.00976	0.00374	0.00308	0.00699
20	0.00693	0.00589	0.00597	0.00595	0.00789	0.00493	0.00446	0.00846	0.01339	0.01603	0.08854	0.05543	0.72717	0.01461	0.00687	0.00196	0.00294	0.01220	0.00544	0.00493
21	0.71940	0.01105	0.00926	0.00804	0.01177	0.01239	0.00662	0.01872	0.01087	0.13279	0.01025	0.01094	0.00747	0.00566	0.00392	0.00180	0.00456	0.00354	0.00412	0.00682
22	0.00699	0.00590	0.00605	0.00601	0.00793	0.00496	0.00451	0.00857	0.01353	0.01636	0.11870	0.05489	0.69680	0.01448	0.00687	0.00195	0.00293	0.01212	0.00549	0.00496
23	0.02609	0.00990	0.01350	0.01035	0.01484	0.00855	0.00855	0.02834	0.01664	0.76338	0.02294	0.01979	0.01439	0.00720	0.00585	0.00180	0.00495	0.00585	0.00720	0.00990
24	0.03028	0.33648	0.35632	0.01347	0.01984	0.08680	0.01520	0.04969	0.01308	0.01708	0.00947	0.01095	0.00751	0.00541	0.00476	0.00157	0.00764	0.00379	0.00269	0.00798
25	0.01446	0.01249	0.01315	0.01183	0.01512	0.01446	0.00920	0.03090	0.74885	0.02433	0.02367	0.02170	0.01775	0.00789	0.00592	0.00197	0.00460	0.00657	0.00592	0.00920
26	0.83671	0.01125	0.00855	0.00765	0.01125	0.01305	0.00630	0.01709	0.00990	0.02609	0.00810	0.00945	0.00630	0.00540	0.00360	0.00180	0.00450	0.00315	0.00360	0.00630
27	0.01405	0.01584	0.11591	0.03332	0.66801	0.01378	0.01830	0.01792	0.01312	0.01893	0.01088	0.01413	0.00898	0.00522	0.00573	0.00174	0.00712	0.00507	0.00283	0.00913
28	0.00876	0.00626	0.00790	0.10298	0.01078	0.00664	0.00532	0.00937	0.00890	0.01186	0.01716	0.03433	0.01908	0.65203	0.07143	0.00540	0.00650	0.00791	0.00338	0.00399
29	0.00877	0.00718	0.00733	0.00682	0.00912	0.00654	0.00524	0.09937	0.01501	0.01831	0.05332	0.05074	0.66405	0.01376	0.00674	0.00194	0.00338	0.01140	0.00545	0.00553
30	0.00957	0.00715	0.01037	0.10663	0.01553	0.00747	0.01021	0.01240	0.01317	0.01709	0.02825	0.05936	0.03027	0.01479	0.00776	0.00259	0.00565	0.63125	0.00501	0.00549
31	0.01597	0.01312	0.01403	0.01180	0.01564	0.01447	0.00935	0.19670	0.48641	0.02657	0.01971	0.01867	0.01475	0.00723	0.00569	0.00178	0.00499	0.00587	0.00559	0.11163
32	0.02270	0.01229	0.10671	0.01097	0.01573	0.00922	0.00999	0.04849	0.01643	0.58659	0.08136	0.02061	0.01670	0.00737	0.00589	0.00181	0.00527	0.00602	0.00650	0.00937
33	0.02024	0.01489	0.01612	0.01272	0.01684	0.01638	0.01035	0.64891	0.02532	0.03394	0.01621	0.11074	0.01344	0.00838	0.00602	0.00182	0.00602	0.00664	0.00577	0.00925
34	0.02024	0.01719	0.01637	0.01358	0.03240	0.14814	0.01069	0.48368	0.09592	0.03031	0.06122	0.01601	0.01310	0.00717	0.00579	0.00173	0.00671	0.00544	0.00531	0.00898
35	0.01555	0.79913	0.03047	0.00995	0.01493	0.02301	0.00995	0.01741	0.01182	0.01368	0.00808	0.00933	0.00746	0.00498	0.00373	0.00124	0.00622	0.00311	0.00249	0.00746

[dist]
# distance from previous block
# <min> <max>
0	1

[block]
# block no. 1 follows, 40 sequences, length 31
# corresponding to MSA columns:
# 221-251
name=unknown_B
#
# <colnr> <probs for GDERKNQSTAVLIFYWHMCP>
#	G	D	E	R	K	N	Q	S	T	A	V	L	I	F	Y	W	H	M	C	P
0	0.01435	0.01200	0.01296	0.01090	0.01473	0.01269	0.00858	0.08518	0.46939	0.02384	0.01918	0.01850	0.01459	0.00683	0.00542	0.00164	0.00461	0.00560	0.03259	0.22643
1	0.00723	0.00568	0.00653	0.00679	0.00819	0.00499	0.00491	0.00886	0.01340	0.01715	0.20462	0.24775	0.41319	0.01503	0.00702	0.00204	0.00301	0.01301	0.00562	0.00499
2	0.01192	0.01254	0.01050	0.01051	0.01179	0.23429	0.00765	0.01318	0.01287	0.01486	0.04176	0.40476	0.09838	0.01342	0.00768	0.00207	0.07064	0.01122	0.00447	0.00550
3	0.00918	0.21555	0.01243	0.00707	0.00975	0.00969	0.00593	0.01073	0.01277	0.01513	0.04421	0.07835	0.52495	0.01231	0.00607	0.00179	0.00383	0.01005	0.00463	0.00558
4	0.01062	0.00645	0.00876	0.00785	0.00922	0.00576	0.00554	0.00944	0.00876	0.01244	0.01016	0.01619	0.00971	0.01600	0.01786	0.61141	0.00485	0.00463	0.00277	0.22159
5	0.02008	0.20414	0.02000	0.01302	0.01715	0.26526	0.01077	0.30243	0.05418	0.02334	0.01141	0.01210	0.00891	0.00623	0.00514	0.00156	0.00761	0.00431	0.00412	0.00826
6	0.00709	0.00506	0.00675	0.00810	0.00843	0.00472	0.00540	0.00810	0.01113	0.01484	0.03205	0.79184	0.03846	0.01822	0.00742	0.00236	0.00337	0.01653	0.00540	0.00472
7	0.23178	0.01314	0.01962	0.02828	0.56159	0.01361	0.01479	0.01765	0.01236	0.02087	0.01019	0.01309	0.00844	0.00524	0.00519	0.00175	0.00627	0.00464	0.00307	0.00844
8	0.81099	0.01120	0.00870	0.00773	0.01136	0.01290	0.00637	0.01745	0.01011	0.04948	0.00857	0.00977	0.00655	0.00546	0.00367	0.00180	0.00451	0.00323	0.00371	0.00641
9	0.01352	0.25716	0.22021	0.06615	0.02417	0.01697	0.24751	0.01772	0.01239	0.01659	0.01000	0.01271	0.00790	0.00542	0.00613	0.00174	0.04846	0.00486	0.00263	0.00776
10	0.00898	0.01225	0.20792	0.00977	0.01299	0.00752	0.00966	0.01259	0.01478	0.02099	0.46898	0.09742	0.07162	0.01085	0.00655	0.00188	0.00435	0.00944	0.00523	0.00622
11	0.00788	0.00506	0.00697	0.00796	0.00821	0.00481	0.00531	0.00796	0.01019	0.01359	0.02625	0.58718	0.03096	0.01874	0.01147	0.22137	0.00382	0.01350	0.00464	0.00414
12	0.01942	0.01796	0.21401	0.01342	0.01877	0.01424	0.01314	0.32693	0.01967	0.20035	0.03682	0.01570	0.01150	0.00694	0.00640	0.00182	0.04326	0.00528	0.00511	0.00925
13	0.23275	0.01249	0.01231	0.01071	0.01424	0.01424	0.00852	0.14510	0.39780	0.02645	0.01959	0.01878	0.04828	0.00740	0.00533	0.00189	0.00480	0.00571	0.00526	0.00835
14	0.00723	0.00591	0.00639	0.00627	0.00807	0.00506	0.00470	0.00904	0.01410	0.01772	0.24327	0.05265	0.57138	0.01398	0.00687	0.00193	0.00289	0.01181	0.00566	0.00506
15	0.02011	0.23114	0.02022	0.01358	0.01717	0.54127	0.01089	0.05298	0.01572	0.01507	0.00897	0.01033	0.00759	0.00577	0.00487	0.00144	0.00918	0.00364	0.00298	0.00707
16	0.01638	0.01652	0.01403	0.01267	0.01588	0.21480	0.00974	0.02887	0.55524	0.02166	0.01979	0.01873	0.01504	0.00739	0.00574	0.00185	0.00616	0.00583	0.00514	0.00855
17	0.01865	0.02172	0.01413	0.01302	0.01523	0.56946	0.00960	0.01909	0.01413	0.01314	0.00928	0.01239	0.00818	0.00975	0.00987	0.22073	0.00905	0.00409	0.00287	0.00563
18	0.01368	0.01556	0.03360	0.02411	0.02974	0.01484	0.70680	0.01843	0.01352	0.01843	0.01159	0.01556	0.00877	0.00513	0.00739	0.00199	0.04339	0.00679	0.00292	0.00778
19	0.00927	0.00617	0.00849	0.00932	0.01038	0.00605	0.00765	0.01043	0.01184	0.01528	0.02860	0.05180	0.11171	0.01700	0.01178	0.22152	0.00499	0.44856	0.00461	0.00455
20	0.23603	0.02045	0.01410	0.01261	0.01577	0.41627	0.00974	0.06100	0.09894	0.01973	0.01065	0.01177	0.00849	0.00626	0.00542	0.00168	0.03635	0.00404	0.00363	0.00706
21	0.01835	0.02703	0.21408	0.01503	0.01951	0.51332	0.01369	0.02206	0.05597	0.01593	0.01125	0.01255	0.02394	0.00616	0.00539	0.00163	0.00950	0.00423	0.00307	0.00733
22	0.01861	0.01369	0.01480	0.01214	0.01609	0.01513	0.00977	0.34896	0.32731	0.09491	0.02076	0.01953	0.04594	0.00772	0.00591	0.00185	0.00537	0.00615	0.00596	0.00939
23	0.01047	0.00939	0.01404	0.21524	0.01955	0.01209	0.01114	0.01261	0.00974	0.01387	0.01179	0.01864	0.01094	0.07408	0.27312	0.00491	0.26402	0.00573	0.00282	0.00579
24	0.02302	0.01058	0.01340	0.01074	0.01492	0.01011	0.00872	0.02902	0.21021	0.56801	0.02313	0.02030	0.01528	0.00738	0.00587	0.00185	0.00486	0.00604	0.00686	0.00971
25	0.01840	0.00814	0.01083	0.00931	0.01225	0.00729	0.00726	0.02081	0.03669	0.44300	0.09569	0.22629	0.02477	0.01057	0.00629	0.00194	0.00422	0.00913	0.03923	0.00791
26	0.00902	0.00849	0.01387	0.01117	0.01402	0.00764	0.19867	0.01172	0.01417	0.01837	0.21931	0.04221	0.38517	0.01143	0.00687	0.00193	0.00471	0.01041	0.00500	0.00583
27	0.01917	0.01471	0.01745	0.21648	0.02385	0.01668	0.01240	0.54828	0.02319	0.03089	0.01300	0.01437	0.00932	0.00667	0.00582	0.00180	0.00676	0.00522	0.00496	0.00898
28	0.01203	0.01034	0.01222	0.03203	0.01458	0.00791	0.00717	0.01465	0.01205	0.01883	0.01034	0.01216	0.00859	0.00435	0.00435	0.00089	0.00441	0.00350	0.00342	0.80620
29	0.01084	0.00542	0.00542	0.00542	0.00678	0.00542	0.00407	0.01355	0.01220	0.02168	0.01897	0.02168	0.01491	0.00678	0.00407	0.00136	0.00271	0.00542	0.82791	0.00542
30	0.29695	0.01300	0.01299	0.01017	0.01460	0.01362	0.00833	0.30197	0.01736	0.02837	0.01101	0.01192	0.00833	0.00573	0.00466	0.00153	0.00520	0.00405	0.00443	0.22578

[dist]
# distance from previous block
# <min> <max>
0	3

[block]
# block no. 2 follows, 40 sequences, length 10
# corresponding to MSA columns:
# 255-264
name=unknown_C
#
# <colnr> <probs for GDERKNQSTAVLIFYWHMCP>
#	G	D	E	R	K	N	Q	S	T	A	V	L	I	F	Y	W	H	M	C	P
0	0.36993	0.01047	0.01140	0.00920	0.01332	0.01046	0.00759	0.02357	0.01378	0.45065	0.01665	0.01540	0.01096	0.00643	0.00489	0.00180	0.00476	0.00470	0.00567	0.00837
1	0.01946	0.28981	0.02181	0.01211	0.01681	0.01961	0.01058	0.45459	0.05524	0.02805	0.01236	0.01270	0.00940	0.00632	0.00509	0.00158	0.00625	0.00455	0.00466	0.00901
2	0.00953	0.00529	0.00588	0.00636	0.00736	0.00518	0.00453	0.01164	0.01182	0.01929	0.02354	0.29094	0.02314	0.01078	0.00524	0.00171	0.00294	0.00930	0.54035	0.00518
3	0.83671	0.01125	0.00855	0.00765	0.01125	0.01305	0.00630	0.01709	0.00990	0.02609	0.00810	0.00945	0.00630	0.00540	0.00360	0.00180	0.00450	0.00315	0.00360	0.00630
4	0.01056	0.00803	0.00872	0.00826	0.00941	0.00872	0.00551	0.01630	0.26731	0.01584	0.02019	0.03234	0.01996	0.52022	0.02132	0.00436	0.00528	0.00780	0.00436	0.00551
5	0.01853	0.01158	0.01327	0.01131	0.01502	0.01240	0.00897	0.03001	0.49286	0.28271	0.02341	0.02103	0.01658	0.00765	0.00589	0.00191	0.00472	0.00632	0.00636	0.00945
6	0.01168	0.01034	0.01394	0.27888	0.02297	0.00956	0.01013	0.01472	0.01191	0.01752	0.01034	0.01326	0.00831	0.00483	0.00483	0.00124	0.00551	0.00405	0.00314	0.54285
7	0.01433	0.52336	0.02403	0.00948	0.01453	0.01768	0.00888	0.01644	0.01190	0.01552	0.00887	0.01028	0.00786	0.00474	0.00393	0.00111	0.00555	0.00323	0.00282	0.29545
8	0.00935	0.00619	0.00813	0.00751	0.00907	0.00568	0.00568	0.01206	0.01647	0.06954	0.71048	0.04196	0.05234	0.01160	0.00680	0.00183	0.00288	0.01023	0.00645	0.00576
9	0.01320	0.01260	0.02145	0.29649	0.50788	0.01350	0.01725	0.01680	0.01268	0.01755	0.01073	0.01478	0.00870	0.00540	0.00578	0.00180	0.00720	0.00518	0.00278	0.00825

[dist]
# distance from previous block
# <min> <max>
1	5

[block]
# block no. 3 follows, 40 sequences, length 6
# corresponding to MSA columns:
# 270-275
name=unknown_D
#
# <colnr> <probs for GDERKNQSTAVLIFYWHMCP>
#	G	D	E	R	K	N	Q	S	T	A	V	L	I	F	Y	W	H	M	C	P
0	0.01183	0.02181	0.44991	0.01324	0.02040	0.01110	0.01537	0.01684	0.01219	0.01864	0.01039	0.01219	0.00789	0.00501	0.00501	0.00143	0.00680	0.00394	0.00287	0.35314
1	0.35525	0.00816	0.00810	0.00745	0.00976	0.00865	0.00583	0.01354	0.01371	0.02448	0.44290	0.02920	0.03452	0.00917	0.00549	0.00182	0.00348	0.00743	0.00523	0.00583
2	0.00927	0.00527	0.00598	0.00654	0.00747	0.00513	0.00462	0.01127	0.01175	0.01882	0.02445	0.34427	0.02477	0.01157	0.00547	0.00178	0.00299	0.01007	0.48339	0.00513
3	0.00788	0.00540	0.00651	0.00708	0.00722	0.00525	0.00431	0.00831	0.00958	0.01277	0.02407	0.35378	0.02840	0.47000	0.02031	0.00427	0.00469	0.01184	0.00431	0.00403
4	0.75989	0.01172	0.00939	0.00819	0.01189	0.01352	0.00675	0.08526	0.01154	0.02709	0.00865	0.00987	0.00664	0.00555	0.00381	0.00179	0.00468	0.00335	0.00381	0.00664
5	0.01341	0.01236	0.01877	0.02435	0.44706	0.01128	0.01326	0.01650	0.01275	0.01898	0.01069	0.01341	0.00896	0.00481	0.00515	0.00136	0.00582	0.00445	0.00312	0.35350

[dist]
# distance from previous block
# <min> <max>
0	1

[block]
# block no. 4 follows, 40 sequences, length 6
# corresponding to MSA columns:
# 277-282
name=unknown_E
#
# <colnr> <probs for GDERKNQSTAVLIFYWHMCP>
#	G	D	E	R	K	N	Q	S	T	A	V	L	I	F	Y	W	H	M	C	P
0	0.10946	0.01257	0.01654	0.02012	0.30134	0.07235	0.04129	0.07394	0.01521	0.02212	0.23157	0.02213	0.02230	0.00739	0.00584	0.00176	0.00576	0.00648	0.00425	0.00757
1	0.49826	0.01408	0.01218	0.01013	0.01406	0.06370	0.00829	0.27124	0.01644	0.02903	0.01021	0.01110	0.00764	0.00599	0.00448	0.00176	0.00555	0.00392	0.00434	0.00759
2	0.01177	0.27861	0.23643	0.01248	0.01720	0.01418	0.07024	0.01504	0.01190	0.01579	0.01616	0.24254	0.01673	0.00905	0.00559	0.00181	0.00635	0.00773	0.00338	0.00701
3	0.00916	0.00557	0.00607	0.00607	0.00647	0.00557	0.00368	0.00997	0.00956	0.01436	0.01851	0.03320	0.01929	0.56190	0.02203	0.00437	0.00477	0.00756	0.24779	0.00409
4	0.01275	0.01331	0.02442	0.21944	0.07011	0.01511	0.29416	0.01623	0.01172	0.01630	0.01012	0.01469	0.00821	0.00672	0.01015	0.00211	0.23879	0.00580	0.00273	0.00712
5	0.01146	0.02423	0.54385	0.24326	0.02958	0.01333	0.01990	0.01736	0.01209	0.01736	0.01041	0.01323	0.00748	0.00561	0.00561	0.00187	0.00834	0.00456	0.00249	0.00796

[dist]
# distance from previous block
# <min> <max>
0	2

[block]
# block no. 5 follows, 40 sequences, length 32
# corresponding to MSA columns:
# 285-316
name=unknown_F
#
# <colnr> <probs for GDERKNQSTAVLIFYWHMCP>
#	G	D	E	R	K	N	Q	S	T	A	V	L	I	F	Y	W	H	M	C	P
0	0.01129	0.01034	0.01591	0.56148	0.03257	0.01145	0.01351	0.01480	0.01175	0.01602	0.01034	0.01452	0.00800	0.00538	0.00538	0.00163	0.00677	0.00468	0.00283	0.24135
1	0.02209	0.01002	0.01309	0.00985	0.01454	0.00832	0.00808	0.02444	0.01534	0.55136	0.01935	0.01759	0.01275	0.00637	0.00541	0.00153	0.00477	0.00516	0.00613	0.24381
2	0.01017	0.00759	0.00828	0.00791	0.00884	0.00815	0.00514	0.01485	0.21933	0.01499	0.01985	0.03340	0.02018	0.57127	0.02285	0.00459	0.00534	0.00792	0.00421	0.00514
3	0.01526	0.14944	0.43461	0.01460	0.02149	0.01632	0.01666	0.22376	0.01649	0.02285	0.01106	0.01228	0.00810	0.00585	0.00532	0.00172	0.00759	0.00437	0.00342	0.00878
4	0.00709	0.00506	0.00675	0.00810	0.00843	0.00472	0.00540	0.00810	0.01113	0.01484	0.03205	0.79184	0.03846	0.01822	0.00742	0.00236	0.00337	0.01653	0.00540	0.00472
5	0.01338	0.01143	0.01842	0.02707	0.54501	0.01143	0.01392	0.01662	0.01294	0.01976	0.01323	0.01647	0.01083	0.00564	0.00528	0.00162	0.00571	0.00525	0.23786	0.00813
6	0.60470	0.01268	0.01108	0.00928	0.01318	0.01447	0.00765	0.22298	0.01487	0.02910	0.00977	0.01073	0.00732	0.00585	0.00423	0.00178	0.00504	0.00374	0.00423	0.00732
7	0.01272	0.01272	0.01781	0.01527	0.01527	0.01781	0.01272	0.01399	0.00891	0.01399	0.00763	0.01272	0.00763	0.01018	0.01908	0.00254	0.78499	0.00509	0.00254	0.00636
8	0.02101	0.01578	0.01712	0.01381	0.03803	0.01750	0.01102	0.63784	0.11072	0.03473	0.01501	0.01487	0.01078	0.00704	0.00583	0.00177	0.00620	0.00539	0.00575	0.00979
9	0.02179	0.01002	0.01462	0.23002	0.02202	0.00979	0.01071	0.02450	0.01522	0.55019	0.01935	0.01857	0.01250	0.00680	0.00584	0.00184	0.00575	0.00565	0.00588	0.00892
10	0.24144	0.01211	0.01821	0.01374	0.01840	0.01181	0.21584	0.04426	0.01432	0.32989	0.01547	0.01565	0.01048	0.00605	0.00553	0.00184	0.00625	0.00539	0.00497	0.00834
11	0.00812	0.00594	0.00762	0.00720	0.00862	0.00544	0.00540	0.01076	0.01620	0.02269	0.69881	0.04447	0.11274	0.01212	0.00686	0.00184	0.00276	0.01066	0.00632	0.00544
12	0.01199	0.01167	0.01646	0.02907	0.01496	0.01606	0.01192	0.01342	0.00906	0.01396	0.00921	0.02913	0.00915	0.01470	0.11891	0.00343	0.65258	0.00546	0.00268	0.00618
13	0.03172	0.01145	0.01360	0.01137	0.01327	0.01342	0.00895	0.24888	0.01538	0.06254	0.01395	0.02060	0.01265	0.21608	0.01574	0.00298	0.22764	0.00605	0.04683	0.00690
14	0.01040	0.23160	0.01324	0.00747	0.00891	0.01053	0.00546	0.01099	0.00956	0.01216	0.01618	0.07244	0.01822	0.52654	0.02098	0.00420	0.00568	0.00739	0.00333	0.00471
15	0.02101	0.04678	0.01569	0.23023	0.02226	0.01115	0.01096	0.07601	0.01578	0.46260	0.01801	0.01766	0.01185	0.00669	0.00574	0.00181	0.00591	0.00548	0.00557	0.00881
16	0.00846	0.00564	0.00634	0.00634	0.00634	0.00564	0.00352	0.00846	0.00846	0.01128	0.01832	0.03805	0.02114	0.79563	0.02960	0.00564	0.00564	0.00846	0.00352	0.00352
17	0.01970	0.01655	0.02222	0.01661	0.02155	0.04557	0.21817	0.50745	0.02305	0.03067	0.01315	0.01432	0.00950	0.00635	0.00609	0.00180	0.00752	0.00564	0.00489	0.00919
18	0.25386	0.02238	0.01428	0.01280	0.01606	0.51345	0.00982	0.06195	0.01522	0.01888	0.00902	0.01039	0.00729	0.00588	0.00481	0.00160	0.00855	0.00366	0.00333	0.00679
19	0.01314	0.57297	0.02372	0.00942	0.01308	0.01780	0.00865	0.01476	0.01162	0.01401	0.01491	0.23220	0.01629	0.00875	0.00478	0.00156	0.00541	0.00693	0.00332	0.00668
20	0.02024	0.23925	0.02116	0.01240	0.01715	0.01945	0.01074	0.53417	0.02292	0.03011	0.01229	0.01264	0.00920	0.00641	0.00522	0.00160	0.00635	0.00463	0.00487	0.00920
21	0.01139	0.01033	0.01661	0.67243	0.03612	0.01279	0.01501	0.03068	0.03976	0.01604	0.01133	0.01598	0.00858	0.00609	0.00607	0.00192	0.02770	0.00523	0.04939	0.00657
22	0.01148	0.01102	0.01755	0.56338	0.03299	0.01431	0.01517	0.01461	0.01085	0.01461	0.00957	0.01471	0.00772	0.00706	0.00959	0.00211	0.22912	0.00515	0.00257	0.00643
23	0.00879	0.00608	0.00846	0.00968	0.01060	0.00598	0.00784	0.01051	0.01221	0.01600	0.02923	0.26800	0.03272	0.01706	0.00922	0.07932	0.00476	0.45353	0.00510	0.00491
24	0.01794	0.01510	0.22719	0.08314	0.01921	0.00991	0.01248	0.02169	0.01491	0.37227	0.12680	0.02076	0.01777	0.00729	0.00590	0.00183	0.00592	0.00603	0.00530	0.00855
25	0.01656	0.01322	0.01498	0.08288	0.01823	0.01386	0.00994	0.31259	0.17783	0.02692	0.01470	0.01524	0.01103	0.00631	0.00541	0.00156	0.00554	0.00501	0.00486	0.24334
26	0.01084	0.01318	0.22408	0.01020	0.01394	0.00804	0.01031	0.01465	0.01522	0.09034	0.46175	0.03263	0.05185	0.00970	0.00639	0.00183	0.00462	0.00835	0.00533	0.00677
27	0.01823	0.01424	0.01705	0.23205	0.02403	0.01625	0.01233	0.46774	0.08972	0.02930	0.01383	0.01512	0.01001	0.00673	0.00583	0.00182	0.00662	0.00534	0.00491	0.00885
28	0.01438	0.01233	0.02068	0.27398	0.45834	0.01304	0.01644	0.01786	0.01304	0.08664	0.01186	0.01525	0.00922	0.00557	0.00578	0.00180	0.00700	0.00524	0.00318	0.00839
29	0.24900	0.50164	0.02302	0.08080	0.01621	0.01924	0.00948	0.01709	0.01125	0.01732	0.00830	0.00993	0.00716	0.00517	0.00389	0.00147	0.00587	0.00331	0.00281	0.00704
30	0.53035	0.01133	0.01078	0.00895	0.01290	0.01223	0.00738	0.08728	0.01343	0.23706	0.01287	0.01281	0.00894	0.00606	0.00444	0.00179	0.00480	0.00411	0.00483	0.00766
31	0.24935	0.01256	0.01283	0.01213	0.05632	0.01435	0.00904	0.09193	0.42999	0.02567	0.01762	0.01708	0.01328	0.00694	0.00524	0.00189	0.00487	0.00540	0.00508	0.00844

[dist]
# distance from previous block
# <min> <max>
22	35

[block]
# block no. 6 follows, 40 sequences, length 14
# corresponding to MSA columns:
# 352-365
name=unknown_G
#
# <colnr> <probs for GDERKNQSTAVLIFYWHMCP>
#	G	D	E	R	K	N	Q	S	T	A	V	L	I	F	Y	W	H	M	C	P
0	0.02276	0.00909	0.01214	0.00959	0.01324	0.00800	0.00760	0.02458	0.01510	0.62123	0.02207	0.02324	0.01567	0.15621	0.01034	0.00252	0.00508	0.00634	0.00650	0.00869
1	0.00709	0.00506	0.00675	0.00810	0.00843	0.00472	0.00540	0.00810	0.01113	0.01484	0.03205	0.79184	0.03846	0.01822	0.00742	0.00236	0.00337	0.01653	0.00540	0.00472
2	0.01948	0.01433	0.01562	0.01223	0.01627	0.01566	0.01000	0.60218	0.02529	0.03413	0.15426	0.01953	0.01839	0.00791	0.00601	0.00176	0.00571	0.00623	0.00593	0.00906
3	0.01183	0.01009	0.01181	0.00859	0.01353	0.00761	0.00682	0.01434	0.01202	0.01876	0.01135	0.04843	0.01001	0.00496	0.00445	0.00093	0.00426	0.00406	0.00354	0.79263
4	0.01544	0.59767	0.02712	0.01130	0.01520	0.07334	0.01056	0.01716	0.01159	0.01378	0.00806	0.01005	0.00750	0.00603	0.00674	0.00151	0.15370	0.00353	0.00253	0.00721
5	0.15974	0.00953	0.01127	0.00925	0.01265	0.00924	0.00727	0.02288	0.07329	0.43589	0.01960	0.02164	0.01456	0.15596	0.00996	0.00254	0.00497	0.00594	0.00579	0.00802
6	0.01160	0.01179	0.02205	0.21244	0.02626	0.01260	0.30082	0.01496	0.01202	0.01635	0.01465	0.16185	0.01399	0.00834	0.00826	0.00208	0.11102	0.00794	0.00327	0.02773
7	0.01248	0.00689	0.00914	0.00804	0.01015	0.00622	0.00622	0.01511	0.01650	0.19952	0.58169	0.03781	0.04523	0.01077	0.00662	0.00182	0.00327	0.00941	0.00659	0.00654
8	0.00739	0.00529	0.00702	0.00789	0.00850	0.00492	0.00542	0.00886	0.01254	0.01708	0.22322	0.59429	0.04279	0.01655	0.00727	0.00222	0.00321	0.01494	0.00566	0.00492
9	0.02187	0.00884	0.01202	0.00982	0.01342	0.00772	0.00784	0.02391	0.01560	0.59598	0.05035	0.16654	0.02036	0.00944	0.00618	0.00191	0.00457	0.00803	0.00683	0.00876
10	0.00705	0.00546	0.00642	0.00710	0.00819	0.00484	0.00498	0.00834	0.01231	0.01562	0.07827	0.43671	0.35113	0.01640	0.00716	0.00216	0.00316	0.01440	0.00545	0.00484
11	0.02417	0.01298	0.01540	0.01181	0.01638	0.01312	0.00975	0.37118	0.02180	0.41326	0.01862	0.01698	0.01222	0.00709	0.00583	0.00177	0.00565	0.00555	0.00653	0.00989
12	0.02021	0.09715	0.01760	0.01287	0.01690	0.20023	0.01048	0.41596	0.05548	0.02727	0.01385	0.01429	0.02707	0.00675	0.00543	0.00164	0.00707	0.00489	0.03629	0.00856
13	0.52152	0.02860	0.00978	0.04591	0.01249	0.01166	0.00692	0.05827	0.01261	0.02496	0.17548	0.01887	0.03898	0.00721	0.00466	0.00180	0.00438	0.00526	0.00433	0.00633

[dist]
# distance from previous block
# <min> <max>
0	97

# created by:
# /software/SequenceAnalysis/GenePrediction/augustus/3.0.1/scripts/msa2prfl.pl ./fixed/BUSCOvEOG7CJWX6.fas
