[name]
unknown

[dist]
# distance from previous block
# <min> <max>
0	191

[block]
# block no. 0 follows, 39 sequences, length 22
# corresponding to MSA columns:
# 274-295
name=unknown_A
#
# <colnr> <probs for GDERKNQSTAVLIFYWHMCP>
#	G	D	E	R	K	N	Q	S	T	A	V	L	I	F	Y	W	H	M	C	P
0	0.01448	0.01488	0.05740	0.03491	0.68960	0.01408	0.05104	0.01821	0.01344	0.01928	0.01114	0.01460	0.00927	0.00527	0.00590	0.00177	0.00724	0.00531	0.00291	0.00928
1	0.00746	0.00533	0.00715	0.00852	0.00897	0.00502	0.00592	0.00867	0.01157	0.01538	0.03246	0.71055	0.03857	0.01829	0.00762	0.00244	0.00365	0.09210	0.00548	0.00487
2	0.02197	0.01626	0.01747	0.01336	0.01812	0.01781	0.01103	0.69931	0.02702	0.03636	0.01401	0.01410	0.00999	0.00696	0.00584	0.00173	0.00640	0.00523	0.00579	0.05122
3	0.02248	0.01656	0.01775	0.01361	0.01834	0.01834	0.01124	0.73556	0.02780	0.03727	0.01420	0.01420	0.01006	0.00710	0.00592	0.00177	0.00651	0.00532	0.00592	0.01006
4	0.01544	0.60574	0.18049	0.01152	0.01732	0.02080	0.01247	0.01838	0.01232	0.04588	0.00934	0.01055	0.00786	0.00527	0.00426	0.00141	0.00677	0.00353	0.00272	0.00793
5	0.01399	0.48664	0.27487	0.01221	0.01826	0.01898	0.01376	0.01762	0.01249	0.01618	0.05808	0.01278	0.01074	0.00571	0.00462	0.00151	0.00690	0.00406	0.00278	0.00784
6	0.02653	0.01006	0.01372	0.01052	0.01510	0.00869	0.00869	0.02882	0.01693	0.75937	0.02333	0.02013	0.01464	0.00732	0.00595	0.00183	0.00503	0.00595	0.00732	0.01006
7	0.00837	0.00604	0.00790	0.00744	0.00883	0.00558	0.00558	0.01116	0.01674	0.02371	0.75216	0.04417	0.05580	0.01209	0.00697	0.00186	0.00279	0.01069	0.00651	0.00558
8	0.01415	0.01385	0.02313	0.17602	0.56587	0.03416	0.05119	0.01776	0.01327	0.01837	0.01099	0.01481	0.00902	0.00540	0.00590	0.00180	0.00742	0.00531	0.00288	0.00870
9	0.01170	0.01106	0.01870	0.66346	0.15104	0.01328	0.01669	0.01558	0.01208	0.01576	0.01061	0.01559	0.00811	0.00581	0.00590	0.00194	0.00775	0.00526	0.00267	0.00700
10	0.00828	0.00604	0.00778	0.00734	0.00878	0.00554	0.00551	0.01098	0.01652	0.02320	0.70651	0.04501	0.10176	0.01228	0.00698	0.00187	0.00280	0.01081	0.00644	0.00554
11	0.00721	0.00515	0.00686	0.00823	0.00858	0.00480	0.00549	0.00823	0.01132	0.01510	0.03259	0.78831	0.03911	0.01853	0.00755	0.00240	0.00343	0.01681	0.00549	0.00480
12	0.02585	0.01053	0.01434	0.01175	0.04646	0.00936	0.00921	0.06069	0.01728	0.69514	0.02240	0.01963	0.01421	0.00722	0.00594	0.00182	0.00518	0.00589	0.00707	0.01003
13	0.83394	0.01144	0.00869	0.00778	0.01144	0.01327	0.00640	0.01738	0.01006	0.02653	0.00823	0.00961	0.00640	0.00549	0.00366	0.00183	0.00457	0.00320	0.00366	0.00640
14	0.01213	0.08357	0.71095	0.01639	0.02487	0.01440	0.02104	0.01866	0.01245	0.01839	0.01045	0.01228	0.00750	0.00558	0.00549	0.00183	0.00857	0.00429	0.00250	0.00866
15	0.01405	0.01345	0.02294	0.16275	0.63344	0.01390	0.01786	0.01763	0.01319	0.01860	0.01102	0.01483	0.00911	0.00538	0.00586	0.00179	0.00717	0.00527	0.00288	0.00889
16	0.43299	0.01021	0.00996	0.00852	0.01195	0.01075	0.00686	0.05364	0.01341	0.13874	0.14508	0.04752	0.01811	0.00746	0.00492	0.00179	0.00437	0.00561	0.00491	0.06323
17	0.01540	0.62640	0.16854	0.01140	0.01714	0.02111	0.01229	0.01825	0.01226	0.03825	0.00915	0.01039	0.00779	0.00524	0.00421	0.00140	0.00674	0.00348	0.00267	0.00788
18	0.01349	0.00881	0.01150	0.04015	0.01361	0.00852	0.03516	0.07270	0.07454	0.15380	0.18774	0.14958	0.11331	0.01106	0.00658	0.00195	0.00442	0.03473	0.00580	0.05256
19	0.01413	0.01353	0.02309	0.14453	0.65101	0.01392	0.01790	0.01771	0.01323	0.01871	0.01103	0.01480	0.00915	0.00536	0.00586	0.00179	0.00715	0.00527	0.00288	0.00896
20	0.70386	0.01170	0.00962	0.00847	0.01217	0.01345	0.00693	0.04641	0.07729	0.04959	0.01036	0.01123	0.00785	0.00584	0.00403	0.00184	0.00467	0.00368	0.00407	0.00692
21	0.01308	0.01289	0.02077	0.43540	0.30246	0.04896	0.04883	0.01680	0.01276	0.01680	0.01074	0.01512	0.00847	0.00564	0.00591	0.00187	0.00779	0.00527	0.00277	0.00768

[dist]
# distance from previous block
# <min> <max>
88	162

[block]
# block no. 1 follows, 39 sequences, length 6
# corresponding to MSA columns:
# 490-495
name=unknown_B
#
# <colnr> <probs for GDERKNQSTAVLIFYWHMCP>
#	G	D	E	R	K	N	Q	S	T	A	V	L	I	F	Y	W	H	M	C	P
0	0.01169	0.01114	0.01944	0.51482	0.14918	0.01286	0.08089	0.01547	0.01204	0.01598	0.01128	0.01636	0.00892	0.00963	0.08353	0.00270	0.00875	0.00552	0.00276	0.00701
1	0.01289	0.06864	0.15975	0.27983	0.02707	0.01243	0.11053	0.01675	0.01268	0.09041	0.01538	0.13893	0.01361	0.00783	0.00612	0.00196	0.00722	0.00709	0.00357	0.00731
2	0.10090	0.01273	0.07445	0.30709	0.15433	0.01294	0.01405	0.05193	0.01221	0.01811	0.01036	0.01446	0.00833	0.00748	0.00820	0.08423	0.05899	0.00488	0.00298	0.04136
3	0.09566	0.09150	0.11922	0.01086	0.01463	0.08881	0.00989	0.12602	0.01573	0.06415	0.12531	0.09720	0.01942	0.00833	0.00553	0.00176	0.00571	0.00664	0.08636	0.00729
4	0.04080	0.01323	0.09638	0.20642	0.20185	0.01225	0.01409	0.10424	0.01449	0.01998	0.01845	0.07498	0.07101	0.00845	0.00621	0.00198	0.00656	0.07724	0.00382	0.00756
5	0.08145	0.23389	0.02255	0.06868	0.09435	0.14110	0.07710	0.13904	0.01584	0.05781	0.01093	0.01256	0.00860	0.00579	0.00515	0.00163	0.00738	0.00448	0.00360	0.00806

[dist]
# distance from previous block
# <min> <max>
0	5

[block]
# block no. 2 follows, 39 sequences, length 6
# corresponding to MSA columns:
# 501-506
name=unknown_C
#
# <colnr> <probs for GDERKNQSTAVLIFYWHMCP>
#	G	D	E	R	K	N	Q	S	T	A	V	L	I	F	Y	W	H	M	C	P
0	0.01268	0.01104	0.01492	0.31817	0.12103	0.06734	0.01216	0.06225	0.01350	0.01804	0.07212	0.05410	0.01450	0.00853	0.00751	0.08231	0.00646	0.00614	0.09068	0.00653
1	0.10189	0.25718	0.11568	0.17863	0.02373	0.04239	0.09083	0.09147	0.01382	0.01908	0.01007	0.01245	0.00792	0.00560	0.00508	0.00169	0.00733	0.00443	0.00308	0.00766
2	0.01165	0.01167	0.06454	0.10967	0.11310	0.00970	0.05833	0.01479	0.01247	0.01804	0.01515	0.11697	0.01452	0.00755	0.00571	0.00160	0.00577	0.06159	0.00363	0.34352
3	0.13181	0.21270	0.14635	0.01110	0.01513	0.11991	0.01048	0.01697	0.01235	0.05359	0.01430	0.13978	0.01397	0.06920	0.00708	0.00205	0.00652	0.00625	0.00356	0.00687
4	0.01271	0.01168	0.01931	0.28245	0.22574	0.01245	0.09054	0.07191	0.01369	0.01858	0.01462	0.13752	0.01355	0.00767	0.00621	0.00192	0.00691	0.00720	0.00350	0.04183
5	0.10030	0.16208	0.27198	0.05396	0.02017	0.01528	0.05453	0.07262	0.09107	0.02077	0.01239	0.01391	0.00943	0.00595	0.00512	0.00174	0.00680	0.00463	0.06922	0.00803

[dist]
# distance from previous block
# <min> <max>
42	199

[block]
# block no. 3 follows, 39 sequences, length 11
# corresponding to MSA columns:
# 772-782
name=unknown_D
#
# <colnr> <probs for GDERKNQSTAVLIFYWHMCP>
#	G	D	E	R	K	N	Q	S	T	A	V	L	I	F	Y	W	H	M	C	P
0	0.01135	0.01087	0.01887	0.72807	0.04008	0.01326	0.06395	0.01536	0.01197	0.01536	0.01061	0.01578	0.00796	0.00585	0.00598	0.00197	0.00802	0.00537	0.00265	0.00666
1	0.01226	0.01051	0.01226	0.00876	0.01401	0.00788	0.00701	0.01489	0.01226	0.01927	0.01051	0.01226	0.00876	0.00438	0.00438	0.00088	0.00438	0.00350	0.00350	0.82832
2	0.62879	0.01345	0.04916	0.00941	0.01355	0.01431	0.00817	0.16166	0.01375	0.02829	0.00955	0.01068	0.00719	0.00582	0.00421	0.00182	0.00518	0.00369	0.00405	0.00726
3	0.02248	0.01656	0.01775	0.01361	0.01834	0.01834	0.01124	0.73556	0.02780	0.03727	0.01420	0.01420	0.01006	0.00710	0.00592	0.00177	0.00651	0.00532	0.00592	0.01006
4	0.02653	0.01006	0.01372	0.01052	0.01510	0.00869	0.00869	0.02882	0.01693	0.75937	0.02333	0.02013	0.01464	0.00732	0.00595	0.00183	0.00503	0.00595	0.00732	0.01006
5	0.01117	0.01051	0.01774	0.77795	0.04073	0.01314	0.01642	0.01511	0.01182	0.01511	0.01051	0.01577	0.00788	0.00591	0.00591	0.00197	0.00788	0.00526	0.00263	0.00657
6	0.01226	0.01051	0.01226	0.00876	0.01401	0.00788	0.00701	0.01489	0.01226	0.01927	0.01051	0.01226	0.00876	0.00438	0.00438	0.00088	0.00438	0.00350	0.00350	0.82832
7	0.02653	0.01006	0.01372	0.01052	0.01510	0.00869	0.00869	0.02882	0.01693	0.75937	0.02333	0.02013	0.01464	0.00732	0.00595	0.00183	0.00503	0.00595	0.00732	0.01006
8	0.01327	0.01048	0.01237	0.00888	0.01409	0.00794	0.00713	0.01587	0.01259	0.07134	0.01141	0.01282	0.00917	0.00459	0.00449	0.00094	0.00443	0.00368	0.00377	0.77076
9	0.01226	0.01051	0.01226	0.00876	0.01401	0.00788	0.00701	0.01489	0.01226	0.01927	0.01051	0.01226	0.00876	0.00438	0.00438	0.00088	0.00438	0.00350	0.00350	0.82832
10	0.01117	0.01051	0.01774	0.77795	0.04073	0.01314	0.01642	0.01511	0.01182	0.01511	0.01051	0.01577	0.00788	0.00591	0.00591	0.00197	0.00788	0.00526	0.00263	0.00657

[dist]
# distance from previous block
# <min> <max>
0	1

[block]
# block no. 4 follows, 39 sequences, length 6
# corresponding to MSA columns:
# 784-789
name=unknown_E
#
# <colnr> <probs for GDERKNQSTAVLIFYWHMCP>
#	G	D	E	R	K	N	Q	S	T	A	V	L	I	F	Y	W	H	M	C	P
0	0.00812	0.00594	0.00761	0.00739	0.00873	0.00544	0.00547	0.01060	0.01585	0.02207	0.61024	0.12579	0.11858	0.01305	0.00704	0.00193	0.00288	0.01152	0.00631	0.00544
1	0.01555	0.01245	0.02066	0.23682	0.44213	0.01296	0.01619	0.01898	0.01356	0.13420	0.01287	0.01581	0.00978	0.00577	0.00589	0.00183	0.00695	0.00537	0.00353	0.00870
2	0.01139	0.01054	0.01757	0.66379	0.07361	0.01303	0.01577	0.01485	0.01156	0.01503	0.01039	0.01568	0.00807	0.00684	0.00745	0.04348	0.04656	0.00525	0.00264	0.00650
3	0.14239	0.01480	0.02893	0.02091	0.02647	0.01411	0.56025	0.01837	0.01321	0.02016	0.01126	0.01466	0.00855	0.00501	0.00625	0.00188	0.00867	0.00610	0.00314	0.07489
4	0.10373	0.28587	0.31572	0.01308	0.01939	0.01768	0.01454	0.13063	0.01447	0.02085	0.01011	0.01143	0.00781	0.00565	0.00483	0.00165	0.00712	0.00398	0.00317	0.00830
5	0.07648	0.01661	0.01687	0.01322	0.01773	0.05536	0.01083	0.61645	0.06202	0.03478	0.01404	0.01411	0.01009	0.00699	0.00574	0.00178	0.00649	0.00517	0.00563	0.00962

[dist]
# distance from previous block
# <min> <max>
0	1

[block]
# block no. 5 follows, 39 sequences, length 7
# corresponding to MSA columns:
# 791-797
name=unknown_F
#
# <colnr> <probs for GDERKNQSTAVLIFYWHMCP>
#	G	D	E	R	K	N	Q	S	T	A	V	L	I	F	Y	W	H	M	C	P
0	0.01632	0.01065	0.01349	0.13752	0.01853	0.01124	0.00985	0.08968	0.20050	0.19878	0.13649	0.02499	0.02116	0.00830	0.00616	0.00190	0.00519	0.03961	0.00570	0.04395
1	0.01214	0.18899	0.48213	0.01421	0.02090	0.01474	0.01697	0.01716	0.01189	0.01688	0.01097	0.01363	0.00872	0.01190	0.13140	0.00301	0.00940	0.00444	0.00261	0.00792
2	0.06245	0.00933	0.01113	0.00970	0.01274	0.00932	0.00768	0.02215	0.20076	0.26202	0.19169	0.06289	0.06799	0.00973	0.00628	0.00195	0.00424	0.03362	0.00635	0.00797
3	0.14614	0.00837	0.00910	0.00881	0.01099	0.00844	0.00652	0.04633	0.10274	0.01976	0.02541	0.38926	0.06631	0.01255	0.00621	0.00201	0.00401	0.01084	0.00502	0.11117
4	0.01213	0.00932	0.01182	0.00989	0.01323	0.00845	0.04088	0.01691	0.13524	0.07250	0.12586	0.15056	0.04508	0.00936	0.00598	0.00167	0.00435	0.03073	0.00505	0.29101
5	0.04518	0.00908	0.01118	0.00997	0.01314	0.00849	0.00816	0.01845	0.10702	0.16349	0.08330	0.06450	0.02347	0.01014	0.00631	0.00192	0.00469	0.21240	0.00546	0.19366
6	0.01392	0.33829	0.34319	0.01734	0.14201	0.01771	0.01648	0.01822	0.01246	0.01687	0.00973	0.01162	0.00784	0.00533	0.00492	0.00161	0.00748	0.00403	0.00258	0.00838

[dist]
# distance from previous block
# <min> <max>
0	1

[block]
# block no. 6 follows, 39 sequences, length 16
# corresponding to MSA columns:
# 799-814
name=unknown_G
#
# <colnr> <probs for GDERKNQSTAVLIFYWHMCP>
#	G	D	E	R	K	N	Q	S	T	A	V	L	I	F	Y	W	H	M	C	P
0	0.01138	0.01064	0.01747	0.73143	0.03919	0.01323	0.01599	0.01610	0.05633	0.01569	0.01133	0.01615	0.00850	0.00604	0.00592	0.00197	0.00769	0.00534	0.00283	0.00674
1	0.01619	0.01159	0.01238	0.01092	0.01385	0.05640	0.00844	0.16784	0.19197	0.14015	0.05722	0.20832	0.05761	0.01071	0.00643	0.00200	0.00502	0.00905	0.00591	0.00800
2	0.65708	0.01219	0.01046	0.00889	0.01278	0.01381	0.00733	0.13077	0.01330	0.07266	0.01014	0.01104	0.00753	0.00589	0.00418	0.00183	0.00492	0.00372	0.00425	0.00723
3	0.02124	0.01583	0.01738	0.06421	0.01951	0.01756	0.01137	0.66225	0.02627	0.03510	0.01556	0.01583	0.03532	0.00732	0.00597	0.00181	0.00650	0.00558	0.00570	0.00968
4	0.63222	0.01113	0.00998	0.00850	0.01239	0.01215	0.00700	0.02027	0.01181	0.20908	0.01205	0.01230	0.00851	0.00598	0.00425	0.00184	0.00471	0.00390	0.00459	0.00734
5	0.01430	0.01497	0.07271	0.07901	0.66378	0.01400	0.01831	0.01804	0.01333	0.01908	0.01111	0.01463	0.00920	0.00537	0.00586	0.00179	0.00721	0.00523	0.00290	0.00918
6	0.01316	0.01012	0.01147	0.00981	0.01324	0.00993	0.00767	0.02105	0.29599	0.07904	0.11311	0.05206	0.09047	0.00875	0.00592	0.00172	0.00423	0.02401	0.00546	0.22280
7	0.01066	0.00743	0.00913	0.00797	0.01031	0.00667	0.00613	0.04808	0.01635	0.07220	0.48534	0.03869	0.13258	0.01094	0.00655	0.00176	0.00337	0.00944	0.00604	0.11037
8	0.02454	0.01337	0.01578	0.01211	0.01676	0.01357	0.00999	0.38371	0.02242	0.39621	0.01879	0.01722	0.01238	0.00724	0.00595	0.00181	0.00579	0.00565	0.00663	0.01008
9	0.02046	0.02020	0.01656	0.01390	0.01739	0.34104	0.01095	0.22425	0.03452	0.06675	0.01178	0.01296	0.00913	0.00685	0.00705	0.00169	0.09395	0.00457	0.00419	0.08180
10	0.00828	0.00604	0.00777	0.00741	0.00881	0.00554	0.00553	0.01090	0.01632	0.02287	0.67452	0.07678	0.10182	0.01259	0.00702	0.00190	0.00285	0.01109	0.00641	0.00554
11	0.00705	0.00603	0.00603	0.00603	0.00803	0.00503	0.00452	0.00853	0.01351	0.01602	0.05992	0.05695	0.75230	0.01500	0.00701	0.00201	0.00302	0.01249	0.00551	0.00502
12	0.01070	0.00741	0.00901	0.00871	0.01068	0.00720	0.00679	0.01501	0.12023	0.08381	0.27339	0.11367	0.17854	0.01292	0.00701	0.00209	0.00377	0.11666	0.00607	0.00633
13	0.01555	0.56479	0.20539	0.01180	0.01771	0.02022	0.01287	0.01865	0.01245	0.05933	0.00975	0.01091	0.00803	0.00536	0.00438	0.00145	0.00684	0.00364	0.00282	0.00804
14	0.21786	0.01340	0.01525	0.04578	0.06314	0.01454	0.03052	0.30178	0.06125	0.12254	0.04690	0.01584	0.01213	0.00682	0.00547	0.00184	0.00579	0.00526	0.00518	0.00870
15	0.01418	0.01641	0.07422	0.05073	0.20434	0.04850	0.36580	0.01824	0.01320	0.01813	0.01101	0.01486	0.00877	0.00590	0.00814	0.00199	0.10859	0.00598	0.00290	0.00810

[dist]
# distance from previous block
# <min> <max>
2	8

[block]
# block no. 7 follows, 39 sequences, length 7
# corresponding to MSA columns:
# 823-829
name=unknown_H
#
# <colnr> <probs for GDERKNQSTAVLIFYWHMCP>
#	G	D	E	R	K	N	Q	S	T	A	V	L	I	F	Y	W	H	M	C	P
0	0.01344	0.33666	0.46930	0.01416	0.02143	0.01760	0.01716	0.01832	0.01230	0.01680	0.00966	0.01129	0.00753	0.00539	0.00489	0.00163	0.00777	0.00389	0.00251	0.00828
1	0.01697	0.71111	0.02913	0.01016	0.01517	0.02182	0.00997	0.01890	0.01255	0.09420	0.00985	0.01063	0.00835	0.00530	0.00403	0.00133	0.00619	0.00346	0.00305	0.00786
2	0.07933	0.42653	0.24042	0.01192	0.01776	0.01867	0.01305	0.06312	0.01301	0.01815	0.00979	0.01122	0.00796	0.00547	0.00447	0.00152	0.00674	0.00376	0.03921	0.00790
3	0.01375	0.01673	0.08206	0.02378	0.02955	0.01508	0.63955	0.01862	0.01354	0.01862	0.01160	0.01553	0.00880	0.00538	0.00770	0.00202	0.06014	0.00669	0.00293	0.00793
4	0.00860	0.00573	0.00645	0.00645	0.00645	0.00573	0.00358	0.00860	0.00860	0.01147	0.01863	0.03870	0.02150	0.79217	0.03010	0.00573	0.00573	0.00860	0.00358	0.00358
5	0.00820	0.00592	0.00776	0.00755	0.00880	0.00547	0.00557	0.01075	0.01597	0.02249	0.65025	0.14956	0.05344	0.01300	0.00706	0.00194	0.00288	0.01156	0.00637	0.00547
6	0.00837	0.00604	0.00790	0.00744	0.00883	0.00558	0.00558	0.01116	0.01674	0.02371	0.75216	0.04417	0.05580	0.01209	0.00697	0.00186	0.00279	0.01069	0.00651	0.00558

[dist]
# distance from previous block
# <min> <max>
4	5

[block]
# block no. 8 follows, 39 sequences, length 9
# corresponding to MSA columns:
# 836-844
name=unknown_I
#
# <colnr> <probs for GDERKNQSTAVLIFYWHMCP>
#	G	D	E	R	K	N	Q	S	T	A	V	L	I	F	Y	W	H	M	C	P
0	0.01282	0.01291	0.02318	0.01674	0.02208	0.01122	0.36705	0.01653	0.01305	0.01888	0.01246	0.05740	0.01056	0.00547	0.00584	0.00152	0.00710	0.00597	0.00336	0.37587
1	0.00931	0.00764	0.00977	0.00924	0.01089	0.00744	0.00685	0.01086	0.01154	0.01639	0.05100	0.42633	0.05877	0.01343	0.00832	0.00200	0.11003	0.01143	0.00463	0.21412
2	0.01731	0.01296	0.01454	0.01101	0.01578	0.01250	0.00893	0.32242	0.04376	0.06781	0.01396	0.03918	0.01094	0.00628	0.00528	0.00140	0.00530	0.00495	0.00489	0.38079
3	0.06941	0.20211	0.54462	0.01471	0.02227	0.01589	0.01814	0.01841	0.01221	0.01818	0.00991	0.01161	0.00744	0.00548	0.00507	0.00173	0.00791	0.00402	0.00258	0.00832
4	0.01349	0.00872	0.01080	0.01026	0.01272	0.00870	0.00855	0.11391	0.05564	0.12466	0.10648	0.04697	0.12529	0.01274	0.00715	0.00224	0.00489	0.31395	0.00592	0.00689
5	0.01753	0.01259	0.01432	0.01079	0.01566	0.01189	0.00877	0.25362	0.06994	0.11613	0.01425	0.01456	0.01056	0.00589	0.00519	0.00137	0.00518	0.00462	0.00494	0.40221
6	0.06224	0.14237	0.50542	0.01795	0.12298	0.01520	0.01865	0.01841	0.01240	0.01855	0.01018	0.01216	0.00770	0.00548	0.00526	0.00176	0.00789	0.00424	0.00263	0.00851
7	0.00883	0.00686	0.00825	0.00870	0.01021	0.00674	0.00668	0.01269	0.11326	0.01818	0.11922	0.26099	0.21128	0.01501	0.00727	0.00226	0.00387	0.16834	0.00567	0.00570
8	0.01190	0.08756	0.54650	0.01468	0.02174	0.01347	0.01779	0.01851	0.06503	0.01945	0.11280	0.01726	0.01486	0.00663	0.00569	0.00183	0.00744	0.00530	0.00330	0.00826

[dist]
# distance from previous block
# <min> <max>
44	171

# created by:
# /software/SequenceAnalysis/GenePrediction/augustus/3.0.1/scripts/msa2prfl.pl ./fixed/BUSCOvEOG7PVQD0.fas
