[name]
unknown

[dist]
# distance from previous block
# <min> <max>
1	307

[block]
# block no. 0 follows, 41 sequences, length 30
# corresponding to MSA columns:
# 333-362
name=unknown_A
#
# <colnr> <probs for GDERKNQSTAVLIFYWHMCP>
#	G	D	E	R	K	N	Q	S	T	A	V	L	I	F	Y	W	H	M	C	P
0	0.00697	0.00498	0.00664	0.00796	0.00830	0.00465	0.00531	0.00796	0.01095	0.01460	0.03153	0.79525	0.03783	0.01792	0.00730	0.00232	0.00332	0.01626	0.00531	0.00465
1	0.00697	0.00498	0.00664	0.00796	0.00830	0.00465	0.00531	0.00796	0.01095	0.01460	0.03153	0.79525	0.03783	0.01792	0.00730	0.00232	0.00332	0.01626	0.00531	0.00465
2	0.01529	0.80242	0.02997	0.00979	0.01468	0.02263	0.00979	0.01713	0.01162	0.01346	0.00795	0.00918	0.00734	0.00489	0.00367	0.00122	0.00612	0.00306	0.00245	0.00734
3	0.01989	0.02481	0.01643	0.01478	0.01724	0.64990	0.01129	0.02133	0.01497	0.01396	0.00862	0.01068	0.00739	0.00658	0.00742	0.00164	0.13971	0.00390	0.00287	0.00657
4	0.00810	0.00585	0.00765	0.00720	0.00855	0.00540	0.00540	0.01079	0.01619	0.02294	0.76028	0.04273	0.05397	0.01169	0.00675	0.00180	0.00270	0.01034	0.00630	0.00540
5	0.01423	0.01229	0.01293	0.01164	0.01487	0.01423	0.00905	0.03039	0.75297	0.02393	0.02328	0.02134	0.01746	0.00776	0.00582	0.00194	0.00453	0.00647	0.00582	0.00905
6	0.00810	0.00585	0.00765	0.00720	0.00855	0.00540	0.00540	0.01079	0.01619	0.02294	0.76028	0.04273	0.05397	0.01169	0.00675	0.00180	0.00270	0.01034	0.00630	0.00540
7	0.00697	0.00498	0.00664	0.00796	0.00830	0.00465	0.00531	0.00796	0.01095	0.01460	0.03153	0.79525	0.03783	0.01792	0.00730	0.00232	0.00332	0.01626	0.00531	0.00465
8	0.00676	0.00579	0.00579	0.00579	0.00773	0.00483	0.00435	0.00821	0.01304	0.01545	0.05794	0.05505	0.76098	0.01449	0.00676	0.00193	0.00290	0.01207	0.00531	0.00483
9	0.79197	0.01212	0.05199	0.00802	0.01185	0.01286	0.00705	0.01689	0.00987	0.02523	0.00810	0.00945	0.00625	0.00532	0.00365	0.00177	0.00466	0.00316	0.00348	0.00632
10	0.00676	0.00579	0.00579	0.00579	0.00773	0.00483	0.00435	0.00821	0.01304	0.01545	0.05794	0.05505	0.76098	0.01449	0.00676	0.00193	0.00290	0.01207	0.00531	0.00483
11	0.02487	0.01010	0.01339	0.01036	0.01473	0.00907	0.00853	0.05306	0.05892	0.69913	0.02230	0.01938	0.01419	0.00711	0.00575	0.00178	0.00490	0.00577	0.00696	0.00970
12	0.00863	0.00681	0.01008	0.00981	0.01072	0.00825	0.00772	0.01059	0.00915	0.01333	0.01449	0.02141	0.01358	0.03940	0.69582	0.00848	0.09748	0.00601	0.00300	0.00523
13	0.17696	0.02481	0.57640	0.01422	0.02147	0.01293	0.01746	0.01839	0.01185	0.06080	0.01048	0.01193	0.00742	0.00550	0.00507	0.00180	0.00745	0.00409	0.00290	0.00807
14	0.83938	0.01106	0.00841	0.00752	0.01106	0.01283	0.00619	0.01681	0.00973	0.02566	0.00796	0.00929	0.00619	0.00531	0.00354	0.00177	0.00442	0.00310	0.00354	0.00619
15	0.01370	0.01305	0.02182	0.13689	0.62269	0.01350	0.01686	0.01786	0.05348	0.01842	0.01137	0.01470	0.00932	0.00533	0.00568	0.00174	0.00678	0.00517	0.00296	0.00869
16	0.02844	0.01225	0.01563	0.01255	0.01709	0.01048	0.00988	0.02956	0.01834	0.72757	0.02545	0.02402	0.01724	0.00939	0.00726	0.00243	0.00609	0.00685	0.00808	0.01140
17	0.00676	0.00579	0.00579	0.00579	0.00773	0.00483	0.00435	0.00821	0.01304	0.01545	0.05794	0.05505	0.76098	0.01449	0.00676	0.00193	0.00290	0.01207	0.00531	0.00483
18	0.02566	0.00973	0.01327	0.01018	0.01460	0.00841	0.00841	0.02788	0.01637	0.76726	0.02257	0.01947	0.01416	0.00708	0.00575	0.00177	0.00487	0.00575	0.00708	0.00973
19	0.83938	0.01106	0.00841	0.00752	0.01106	0.01283	0.00619	0.01681	0.00973	0.02566	0.00796	0.00929	0.00619	0.00531	0.00354	0.00177	0.00442	0.00310	0.00354	0.00619
20	0.00794	0.00588	0.00743	0.00715	0.00860	0.00537	0.00544	0.01042	0.01549	0.02136	0.60136	0.04603	0.17065	0.01239	0.00681	0.00187	0.00288	0.05155	0.00607	0.00529
21	0.00676	0.00579	0.00579	0.00579	0.00773	0.00483	0.00435	0.00821	0.01304	0.01545	0.05794	0.05505	0.76098	0.01449	0.00676	0.00193	0.00290	0.01207	0.00531	0.00483
22	0.02091	0.02650	0.01628	0.01475	0.01755	0.73712	0.01113	0.02237	0.01583	0.01399	0.00877	0.01043	0.00738	0.00611	0.00586	0.00153	0.05022	0.00375	0.00292	0.00661
23	0.01350	0.01543	0.03375	0.02411	0.02989	0.01446	0.74253	0.01832	0.01350	0.01832	0.01157	0.01543	0.00868	0.00482	0.00675	0.00193	0.00964	0.00675	0.00289	0.00771
24	0.01186	0.01017	0.01186	0.00847	0.01356	0.00762	0.00678	0.01440	0.01186	0.01864	0.01017	0.01186	0.00847	0.00424	0.00424	0.00085	0.00424	0.00339	0.00339	0.83395
25	0.00820	0.00601	0.00859	0.00859	0.00940	0.00682	0.00639	0.00983	0.00901	0.01283	0.01588	0.02554	0.01563	0.19799	0.62305	0.00844	0.01332	0.00658	0.00315	0.00477
26	0.00817	0.00613	0.00919	0.00919	0.01021	0.00715	0.00715	0.01021	0.00919	0.01328	0.01532	0.02247	0.01430	0.04290	0.77631	0.00919	0.01532	0.00613	0.00306	0.00511
27	0.02137	0.02726	0.01621	0.01474	0.01768	0.77602	0.01105	0.02284	0.01621	0.01400	0.00884	0.01031	0.00737	0.00589	0.00516	0.00147	0.01031	0.00368	0.00295	0.00663
28	0.00818	0.00611	0.00908	0.00908	0.01006	0.00709	0.00700	0.01014	0.00916	0.01319	0.01543	0.02306	0.01456	0.07268	0.74689	0.00905	0.01494	0.00621	0.00308	0.00504
29	0.01284	0.02015	0.28245	0.02188	0.05552	0.01403	0.47119	0.01822	0.01300	0.01827	0.01110	0.01425	0.00821	0.00504	0.00626	0.00188	0.00913	0.00583	0.00273	0.00801

[dist]
# distance from previous block
# <min> <max>
0	1

[block]
# block no. 1 follows, 41 sequences, length 23
# corresponding to MSA columns:
# 364-386
name=unknown_B
#
# <colnr> <probs for GDERKNQSTAVLIFYWHMCP>
#	G	D	E	R	K	N	Q	S	T	A	V	L	I	F	Y	W	H	M	C	P
0	0.83938	0.01106	0.00841	0.00752	0.01106	0.01283	0.00619	0.01681	0.00973	0.02566	0.00796	0.00929	0.00619	0.00531	0.00354	0.00177	0.00442	0.00310	0.00354	0.00619
1	0.10342	0.01127	0.01253	0.00989	0.03145	0.04318	0.00773	0.05218	0.01362	0.19593	0.01297	0.01345	0.00959	0.00523	0.00466	0.00125	0.00483	0.00405	0.00435	0.45841
2	0.30417	0.45342	0.05737	0.00953	0.01403	0.05229	0.00913	0.01732	0.01119	0.01798	0.00811	0.00941	0.00694	0.00511	0.00378	0.00145	0.00582	0.00316	0.00285	0.00696
3	0.02470	0.00995	0.01325	0.01030	0.01462	0.00890	0.00846	0.02809	0.07862	0.70444	0.02263	0.01963	0.01444	0.00714	0.00576	0.00178	0.00484	0.00581	0.00697	0.00968
4	0.01142	0.09122	0.01230	0.00898	0.01137	0.00847	0.04560	0.01470	0.04939	0.10493	0.50752	0.03466	0.04001	0.01001	0.00629	0.00177	0.00382	0.02542	0.00575	0.00638
5	0.00697	0.00498	0.00664	0.00796	0.00830	0.00465	0.00531	0.00796	0.01095	0.01460	0.03153	0.79525	0.03783	0.01792	0.00730	0.00232	0.00332	0.01626	0.00531	0.00465
6	0.83938	0.01106	0.00841	0.00752	0.01106	0.01283	0.00619	0.01681	0.00973	0.02566	0.00796	0.00929	0.00619	0.00531	0.00354	0.00177	0.00442	0.00310	0.00354	0.00619
7	0.01080	0.01017	0.01716	0.78523	0.03940	0.01271	0.01589	0.01461	0.01144	0.01461	0.01017	0.01525	0.00762	0.00572	0.00572	0.00191	0.00762	0.00508	0.00254	0.00635
8	0.01423	0.01229	0.01293	0.01164	0.01487	0.01423	0.00905	0.03039	0.75297	0.02393	0.02328	0.02134	0.01746	0.00776	0.00582	0.00194	0.00453	0.00647	0.00582	0.00905
9	0.00718	0.00582	0.00644	0.00682	0.00845	0.00508	0.00524	0.00876	0.01279	0.01561	0.05022	0.15003	0.55411	0.01513	0.00701	0.00209	0.00333	0.12571	0.00530	0.00488
10	0.00994	0.00497	0.00745	0.00745	0.00745	0.00497	0.00497	0.00745	0.00745	0.00994	0.00994	0.01739	0.00994	0.01987	0.02235	0.83358	0.00497	0.00497	0.00248	0.00248
11	0.80024	0.01100	0.00864	0.00765	0.01123	0.01262	0.00630	0.01735	0.01005	0.06134	0.00867	0.00978	0.00658	0.00539	0.00365	0.00177	0.00445	0.00322	0.00371	0.00636
12	0.00886	0.00607	0.00782	0.00738	0.00893	0.00555	0.00564	0.01141	0.01573	0.05724	0.61876	0.04397	0.11915	0.01196	0.00676	0.00185	0.00296	0.04823	0.00618	0.00554
13	0.00723	0.00525	0.00691	0.00799	0.00857	0.00480	0.00539	0.00830	0.01100	0.01481	0.03040	0.75401	0.03629	0.01720	0.00714	0.00225	0.00337	0.01558	0.00521	0.04830
14	0.83938	0.01106	0.00841	0.00752	0.01106	0.01283	0.00619	0.01681	0.00973	0.02566	0.00796	0.00929	0.00619	0.00531	0.00354	0.00177	0.00442	0.00310	0.00354	0.00619
15	0.00701	0.00508	0.00663	0.00778	0.00827	0.00469	0.00525	0.00812	0.01134	0.01506	0.06794	0.70865	0.08831	0.01739	0.00724	0.00227	0.00326	0.01569	0.00536	0.00469
16	0.83938	0.01106	0.00841	0.00752	0.01106	0.01283	0.00619	0.01681	0.00973	0.02566	0.00796	0.00929	0.00619	0.00531	0.00354	0.00177	0.00442	0.00310	0.00354	0.00619
17	0.02446	0.01000	0.01324	0.01033	0.01463	0.00902	0.00848	0.02814	0.09415	0.68877	0.02264	0.01967	0.01451	0.00715	0.00576	0.00179	0.00483	0.00583	0.00695	0.00966
18	0.00832	0.00555	0.00624	0.00624	0.00624	0.00555	0.00347	0.00832	0.00832	0.01109	0.01802	0.03743	0.02080	0.79898	0.02911	0.00555	0.00555	0.00832	0.00347	0.00347
19	0.83938	0.01106	0.00841	0.00752	0.01106	0.01283	0.00619	0.01681	0.00973	0.02566	0.00796	0.00929	0.00619	0.00531	0.00354	0.00177	0.00442	0.00310	0.00354	0.00619
20	0.00815	0.00557	0.00619	0.00619	0.00640	0.00547	0.00356	0.00831	0.00882	0.01155	0.02224	0.03929	0.09895	0.71614	0.02675	0.00516	0.00527	0.00871	0.00366	0.00361
21	0.01298	0.01903	0.22081	0.02212	0.02859	0.01416	0.55908	0.01827	0.01314	0.01827	0.01124	0.01458	0.00831	0.00498	0.00642	0.00190	0.00934	0.00611	0.00277	0.00790
22	0.00709	0.00507	0.00674	0.00788	0.00832	0.00473	0.00532	0.00826	0.01150	0.01548	0.10848	0.71579	0.03954	0.01726	0.00724	0.00227	0.00325	0.01564	0.00541	0.00473

[dist]
# distance from previous block
# <min> <max>
0	1

[block]
# block no. 2 follows, 41 sequences, length 35
# corresponding to MSA columns:
# 388-422
name=unknown_C
#
# <colnr> <probs for GDERKNQSTAVLIFYWHMCP>
#	G	D	E	R	K	N	Q	S	T	A	V	L	I	F	Y	W	H	M	C	P
0	0.01147	0.02959	0.76934	0.01630	0.02476	0.01328	0.02113	0.01811	0.01208	0.01811	0.01026	0.01208	0.00725	0.00543	0.00543	0.00181	0.00845	0.00423	0.00242	0.00845
1	0.01248	0.00685	0.00912	0.00812	0.01023	0.00621	0.00636	0.01506	0.01606	0.20571	0.53642	0.03827	0.04295	0.01080	0.00657	0.00184	0.00338	0.05069	0.00643	0.00646
2	0.01243	0.01051	0.01217	0.00874	0.01380	0.00821	0.00702	0.05677	0.01273	0.01965	0.01037	0.01197	0.00854	0.00439	0.00432	0.00090	0.00436	0.00349	0.00352	0.78610
3	0.13424	0.10996	0.01472	0.00977	0.01413	0.01080	0.00828	0.02503	0.01488	0.57198	0.01875	0.01680	0.01222	0.00656	0.00519	0.00170	0.00497	0.00505	0.00602	0.00895
4	0.72666	0.11931	0.01136	0.00783	0.01156	0.01417	0.00669	0.01686	0.00999	0.02399	0.00796	0.00928	0.00635	0.00525	0.00356	0.00170	0.00466	0.00309	0.00339	0.00635
5	0.01368	0.01320	0.02278	0.13600	0.63874	0.01350	0.04382	0.01719	0.01283	0.01812	0.01071	0.01435	0.00885	0.00517	0.00571	0.00174	0.00701	0.00516	0.00279	0.00865
6	0.01264	0.01284	0.01736	0.18815	0.02065	0.06047	0.01319	0.01448	0.00979	0.01397	0.00818	0.01300	0.00753	0.00881	0.01505	0.00231	0.56779	0.00495	0.00254	0.00630
7	0.00688	0.00582	0.00597	0.00599	0.00788	0.00490	0.00453	0.00842	0.01317	0.01580	0.08552	0.05482	0.71173	0.01441	0.00679	0.00195	0.00296	0.03226	0.00535	0.00486
8	0.00714	0.00581	0.00632	0.00619	0.00796	0.00499	0.00465	0.00894	0.01394	0.01758	0.25791	0.05154	0.55968	0.01369	0.00676	0.00189	0.00284	0.01158	0.00559	0.00499
9	0.01326	0.01139	0.01204	0.01091	0.01393	0.01295	0.00846	0.02745	0.65026	0.02316	0.06708	0.02534	0.08160	0.00854	0.00595	0.00193	0.00429	0.00715	0.00580	0.00850
10	0.01423	0.01229	0.01293	0.01164	0.01487	0.01423	0.00905	0.03039	0.75297	0.02393	0.02328	0.02134	0.01746	0.00776	0.00582	0.00194	0.00453	0.00647	0.00582	0.00905
11	0.01423	0.01229	0.01293	0.01164	0.01487	0.01423	0.00905	0.03039	0.75297	0.02393	0.02328	0.02134	0.01746	0.00776	0.00582	0.00194	0.00453	0.00647	0.00582	0.00905
12	0.01260	0.01140	0.01821	0.76438	0.03992	0.01361	0.01640	0.01583	0.01256	0.01631	0.01195	0.01763	0.00934	0.00690	0.00647	0.00223	0.00815	0.00565	0.00317	0.00728
13	0.02174	0.01602	0.01717	0.01316	0.01774	0.01774	0.01087	0.74423	0.02689	0.03605	0.01373	0.01373	0.00973	0.00687	0.00572	0.00172	0.00629	0.00515	0.00572	0.00973
14	0.01251	0.01251	0.01752	0.01502	0.01502	0.01752	0.01251	0.01377	0.00876	0.01377	0.00751	0.01251	0.00751	0.01001	0.01877	0.00250	0.78851	0.00501	0.00250	0.00626
15	0.10774	0.01732	0.01609	0.01282	0.01703	0.14025	0.01041	0.55062	0.02335	0.03138	0.01233	0.01271	0.00897	0.00654	0.00540	0.00168	0.00675	0.00470	0.00504	0.00885
16	0.02148	0.02392	0.01649	0.01427	0.01770	0.55038	0.01100	0.23750	0.01939	0.02056	0.01030	0.01133	0.00807	0.00618	0.00533	0.00155	0.00912	0.00412	0.00377	0.00755
17	0.01408	0.01374	0.02392	0.03247	0.63279	0.01373	0.10503	0.01836	0.05415	0.01893	0.01155	0.01471	0.00948	0.00521	0.00580	0.00174	0.00701	0.00537	0.00300	0.00890
18	0.00733	0.00533	0.00695	0.00808	0.00858	0.00508	0.00547	0.00904	0.04245	0.01537	0.06415	0.72860	0.03770	0.01721	0.00721	0.00228	0.00334	0.01558	0.00538	0.00487
19	0.00810	0.00585	0.00765	0.00720	0.00855	0.00540	0.00540	0.01079	0.01619	0.02294	0.76028	0.04273	0.05397	0.01169	0.00675	0.00180	0.00270	0.01034	0.00630	0.00540
20	0.01571	0.01570	0.01342	0.01215	0.01523	0.20601	0.00938	0.04240	0.49747	0.02111	0.02126	0.02108	0.05055	0.00779	0.00575	0.00183	0.00597	0.02399	0.00505	0.00816
21	0.01529	0.80242	0.02997	0.00979	0.01468	0.02263	0.00979	0.01713	0.01162	0.01346	0.00795	0.00918	0.00734	0.00489	0.00367	0.00122	0.00612	0.00306	0.00245	0.00734
22	0.01083	0.00566	0.00569	0.00563	0.00706	0.00575	0.00424	0.01414	0.04729	0.02145	0.01888	0.02133	0.01479	0.00672	0.00409	0.00136	0.00275	0.00539	0.79144	0.00551
23	0.00774	0.00583	0.00715	0.00682	0.00833	0.00525	0.00512	0.01010	0.01535	0.02094	0.57258	0.04602	0.24292	0.01244	0.00675	0.00183	0.00275	0.01081	0.00603	0.00525
24	0.06439	0.13672	0.01775	0.01204	0.01623	0.04673	0.06230	0.13885	0.21811	0.20312	0.01689	0.01622	0.01217	0.00658	0.00536	0.00172	0.00575	0.00527	0.00512	0.00870
25	0.02547	0.01004	0.01347	0.01032	0.01476	0.00887	0.00853	0.06327	0.01689	0.73113	0.02213	0.01919	0.01394	0.00707	0.00575	0.00177	0.00494	0.00572	0.00701	0.00973
26	0.00893	0.00644	0.00885	0.01008	0.01139	0.00636	0.00868	0.01140	0.01304	0.01687	0.03215	0.10446	0.08050	0.01583	0.00779	0.00257	0.00500	0.63917	0.00527	0.00520
27	0.01890	0.02784	0.20414	0.01513	0.01945	0.58570	0.01357	0.02166	0.01518	0.01503	0.00920	0.01075	0.00734	0.00578	0.00523	0.00156	0.00985	0.00382	0.00281	0.00709
28	0.01186	0.01017	0.01186	0.00847	0.01356	0.00762	0.00678	0.01440	0.01186	0.01864	0.01017	0.01186	0.00847	0.00424	0.00424	0.00085	0.00424	0.00339	0.00339	0.83395
29	0.01467	0.62484	0.02717	0.01096	0.01476	0.02148	0.01040	0.01637	0.01098	0.01353	0.00785	0.00993	0.00738	0.00604	0.00706	0.00151	0.18201	0.00350	0.00246	0.00710
30	0.01641	0.31216	0.20309	0.01285	0.04463	0.05777	0.01257	0.07818	0.03006	0.13073	0.02599	0.02980	0.01033	0.00604	0.00491	0.00157	0.00661	0.00452	0.00365	0.00813
31	0.00810	0.00585	0.00765	0.00720	0.00855	0.00540	0.00540	0.01079	0.01619	0.02294	0.76028	0.04273	0.05397	0.01169	0.00675	0.00180	0.00270	0.01034	0.00630	0.00540
32	0.00717	0.00532	0.00669	0.00739	0.00824	0.00484	0.00514	0.00860	0.01245	0.01651	0.18951	0.49629	0.17898	0.01596	0.00708	0.00214	0.00311	0.01422	0.00552	0.00484
33	0.01264	0.01140	0.01804	0.73935	0.03909	0.01345	0.01611	0.01582	0.01257	0.01644	0.01195	0.01752	0.00937	0.00685	0.00642	0.00219	0.00804	0.00559	0.00320	0.03394
34	0.00810	0.00585	0.00765	0.00720	0.00855	0.00540	0.00540	0.01079	0.01619	0.02294	0.76028	0.04273	0.05397	0.01169	0.00675	0.00180	0.00270	0.01034	0.00630	0.00540

[dist]
# distance from previous block
# <min> <max>
7	108

# created by:
# /software/SequenceAnalysis/GenePrediction/augustus/3.0.1/scripts/msa2prfl.pl ./fixed/BUSCOvEOG7322CB.fas
