[name]
unknown

[dist]
# distance from previous block
# <min> <max>
1	181

[block]
# block no. 0 follows, 38 sequences, length 61
# corresponding to MSA columns:
# 196-256
name=unknown_A
#
# <colnr> <probs for GDERKNQSTAVLIFYWHMCP>
#	G	D	E	R	K	N	Q	S	T	A	V	L	I	F	Y	W	H	M	C	P
0	0.07127	0.01459	0.01906	0.02362	0.36044	0.05969	0.01359	0.19279	0.01650	0.02320	0.01250	0.01693	0.01074	0.09616	0.00921	0.00228	0.03951	0.00553	0.00385	0.00854
1	0.00733	0.00524	0.00698	0.00838	0.00873	0.00489	0.00558	0.00838	0.01152	0.01536	0.03316	0.78466	0.03979	0.01885	0.00768	0.00244	0.00349	0.01710	0.00558	0.00489
2	0.01481	0.01577	0.02805	0.09350	0.33825	0.06491	0.31727	0.01891	0.01399	0.01880	0.01149	0.01528	0.00911	0.00535	0.00641	0.00189	0.00873	0.00599	0.00299	0.00852
3	0.01208	0.01135	0.01784	0.58658	0.03514	0.01441	0.01558	0.02840	0.05580	0.01619	0.01111	0.01591	0.00866	0.00693	0.00835	0.00211	0.13830	0.00542	0.00293	0.00690
4	0.01051	0.00770	0.00954	0.00875	0.01063	0.00763	0.00681	0.09498	0.04576	0.02526	0.57804	0.04242	0.04815	0.01190	0.00703	0.00196	0.00356	0.06658	0.00645	0.00634
5	0.00992	0.00603	0.00781	0.00818	0.00936	0.00552	0.00581	0.01158	0.01336	0.09838	0.16595	0.47394	0.08129	0.01545	0.00715	0.00219	0.00348	0.01378	0.05515	0.00567
6	0.01685	0.01275	0.01525	0.01274	0.01544	0.04545	0.02609	0.26432	0.01782	0.09616	0.06448	0.06486	0.01588	0.01547	0.14212	0.00339	0.15152	0.00668	0.00486	0.00788
7	0.02957	0.00959	0.01238	0.09811	0.01491	0.01171	0.00922	0.07150	0.01264	0.01984	0.05304	0.01885	0.01354	0.00911	0.01073	0.05153	0.24649	0.00567	0.29532	0.00625
8	0.01035	0.00582	0.00662	0.00662	0.00778	0.00606	0.00487	0.01268	0.01151	0.01930	0.01877	0.02467	0.01609	0.10651	0.17554	0.00375	0.00610	0.00616	0.54549	0.00533
9	0.01247	0.01069	0.01247	0.00891	0.01426	0.00802	0.00713	0.01515	0.01247	0.01960	0.01069	0.01247	0.00891	0.00446	0.00446	0.00089	0.00446	0.00356	0.00356	0.82536
10	0.01555	0.11227	0.32902	0.05104	0.11255	0.01501	0.10363	0.06765	0.01448	0.10433	0.01247	0.01419	0.00908	0.00584	0.00577	0.00183	0.00792	0.00502	0.00346	0.00889
11	0.00752	0.00601	0.00673	0.00676	0.00843	0.00522	0.00499	0.00935	0.01438	0.01832	0.24746	0.13788	0.47604	0.01484	0.00717	0.00204	0.00304	0.01270	0.00587	0.00522
12	0.00834	0.00575	0.00684	0.00730	0.00757	0.00561	0.00457	0.00887	0.01004	0.01326	0.02561	0.24154	0.06338	0.49791	0.02198	0.00455	0.00505	0.05330	0.00437	0.00416
13	0.01521	0.01268	0.01355	0.01195	0.01531	0.01444	0.00935	0.11023	0.58435	0.02652	0.09734	0.02383	0.02136	0.00848	0.00621	0.00200	0.00478	0.00706	0.00616	0.00921
14	0.00880	0.00630	0.00861	0.00966	0.01075	0.00611	0.00778	0.01109	0.01378	0.01839	0.16544	0.26742	0.04021	0.01645	0.00790	0.00251	0.00445	0.38320	0.00575	0.00538
15	0.01299	0.01159	0.01582	0.22949	0.05366	0.01205	0.01152	0.05836	0.01285	0.01871	0.01052	0.01382	0.00861	0.00604	0.00740	0.00157	0.12440	0.00452	0.00329	0.38279
16	0.01292	0.01308	0.02564	0.10660	0.02640	0.01283	0.42616	0.05948	0.01481	0.02000	0.09239	0.09996	0.01820	0.00792	0.00701	0.00207	0.00806	0.03516	0.00391	0.00739
17	0.06380	0.01383	0.02342	0.24088	0.25697	0.01469	0.17670	0.09964	0.01480	0.02088	0.01151	0.01516	0.00891	0.00571	0.00610	0.00191	0.00786	0.00563	0.00330	0.00829
18	0.01493	0.34232	0.02465	0.18064	0.07131	0.01880	0.04302	0.04528	0.04868	0.03303	0.01054	0.01322	0.00877	0.00638	0.00706	0.00177	0.11422	0.00460	0.00307	0.00771
19	0.00761	0.00606	0.00682	0.00674	0.00846	0.00527	0.00501	0.00956	0.01472	0.01891	0.29611	0.09720	0.46738	0.01444	0.00714	0.00201	0.00300	0.01234	0.00594	0.00527
20	0.01511	0.28767	0.16461	0.01718	0.15407	0.13727	0.01378	0.01816	0.01329	0.01635	0.01238	0.10052	0.01173	0.00704	0.00530	0.00167	0.00741	0.00555	0.00307	0.00784
21	0.12617	0.17815	0.01768	0.04647	0.01636	0.06428	0.00955	0.15664	0.01663	0.23118	0.02589	0.01622	0.01163	0.05008	0.00662	0.00194	0.00614	0.00501	0.00492	0.00840
22	0.01092	0.00731	0.00880	0.00836	0.01040	0.00691	0.00638	0.01476	0.09848	0.10485	0.27715	0.13819	0.22345	0.01307	0.00700	0.00206	0.00359	0.04573	0.00621	0.00638
23	0.01170	0.00893	0.05953	0.00891	0.01142	0.00736	0.00747	0.05705	0.01735	0.10846	0.55265	0.03848	0.06452	0.01107	0.00682	0.00189	0.00374	0.00961	0.00638	0.00667
24	0.16157	0.01164	0.01694	0.19250	0.17223	0.01297	0.05937	0.05901	0.01314	0.02045	0.01411	0.06222	0.01278	0.00785	0.00681	0.00203	0.05819	0.07069	0.03823	0.00729
25	0.00856	0.00579	0.00721	0.00737	0.00824	0.00549	0.00511	0.01039	0.01353	0.01931	0.34073	0.23568	0.04106	0.15784	0.01129	0.00271	0.00356	0.01151	0.09955	0.00508
26	0.00732	0.00528	0.00693	0.00825	0.00869	0.00490	0.00553	0.00839	0.01164	0.01541	0.03470	0.74420	0.07925	0.01865	0.00765	0.00242	0.00347	0.01686	0.00558	0.00490
27	0.01325	0.01262	0.02145	0.37998	0.42083	0.01386	0.01765	0.01702	0.01292	0.01766	0.01103	0.01542	0.00883	0.00566	0.00598	0.00189	0.00755	0.00535	0.00284	0.00820
28	0.03259	0.09103	0.56537	0.01814	0.05610	0.01493	0.10199	0.01893	0.01282	0.01889	0.01072	0.01288	0.00786	0.00558	0.00568	0.00186	0.00866	0.00466	0.00265	0.00867
29	0.01427	0.01366	0.02330	0.16609	0.62672	0.01413	0.01815	0.01792	0.01341	0.01890	0.01121	0.01509	0.00926	0.00547	0.00597	0.00182	0.00730	0.00536	0.00292	0.00903
30	0.05685	0.00594	0.00579	0.00574	0.00727	0.00605	0.00433	0.01422	0.01248	0.02268	0.01900	0.02172	0.01492	0.00693	0.00418	0.00143	0.00291	0.00548	0.77643	0.00566
31	0.00847	0.00697	0.01095	0.01077	0.01176	0.00689	0.08924	0.01000	0.01169	0.01575	0.02923	0.65000	0.03435	0.01676	0.00834	0.00241	0.05071	0.01524	0.00511	0.00536
32	0.00875	0.00583	0.00656	0.00656	0.00656	0.00583	0.00365	0.00875	0.00875	0.01166	0.01895	0.03937	0.02187	0.78858	0.03062	0.00583	0.00583	0.00875	0.00365	0.00365
33	0.01654	0.01371	0.01449	0.01256	0.01624	0.01570	0.00990	0.17137	0.59822	0.02771	0.02248	0.02085	0.01674	0.00797	0.00610	0.00199	0.00513	0.00653	0.00610	0.00966
34	0.06357	0.00856	0.01047	0.00913	0.01177	0.00837	0.00718	0.04858	0.08815	0.19250	0.41557	0.03432	0.03778	0.01027	0.00654	0.00192	0.00389	0.02755	0.00653	0.00734
35	0.01292	0.01664	0.13731	0.07996	0.07102	0.01365	0.44510	0.01764	0.01347	0.01851	0.01422	0.10397	0.01237	0.00684	0.00681	0.00204	0.00885	0.00762	0.00323	0.00783
36	0.01414	0.01606	0.03458	0.02484	0.03060	0.01539	0.69055	0.01901	0.01393	0.01901	0.01194	0.01606	0.00906	0.00537	0.00778	0.00206	0.05157	0.00700	0.00302	0.00803
37	0.00830	0.00604	0.00781	0.00758	0.00891	0.00555	0.00561	0.01086	0.01622	0.02269	0.62862	0.13069	0.09216	0.01321	0.00716	0.00196	0.00292	0.01169	0.00645	0.00555
38	0.01681	0.01289	0.01394	0.01218	0.01581	0.01454	0.00958	0.07855	0.61301	0.10624	0.02373	0.02169	0.01744	0.00802	0.00611	0.00200	0.00492	0.00663	0.00626	0.00965
39	0.01358	0.24414	0.37176	0.08704	0.13422	0.01677	0.01775	0.01833	0.01265	0.01741	0.01017	0.01246	0.00797	0.00553	0.00525	0.00172	0.00785	0.00431	0.00263	0.00845
40	0.00735	0.00626	0.00634	0.00629	0.00834	0.00534	0.00473	0.00929	0.03171	0.01671	0.08113	0.05662	0.70939	0.01497	0.00709	0.00203	0.00308	0.01250	0.00563	0.00521
41	0.00732	0.00527	0.00694	0.00828	0.00870	0.00489	0.00554	0.00839	0.01161	0.01539	0.03434	0.75368	0.07000	0.01869	0.00765	0.00243	0.00347	0.01691	0.00558	0.00489
42	0.01240	0.01221	0.01909	0.28999	0.02590	0.01596	0.06224	0.01498	0.01058	0.01510	0.00951	0.01481	0.00830	0.00988	0.04284	0.00264	0.41872	0.00546	0.00270	0.00667
43	0.01454	0.15770	0.01842	0.28161	0.02422	0.06039	0.01188	0.10071	0.13734	0.01893	0.01390	0.01812	0.01155	0.09635	0.00843	0.00227	0.00693	0.00551	0.00376	0.00743
44	0.01453	0.00899	0.00935	0.00815	0.01057	0.00958	0.00641	0.20775	0.05282	0.02673	0.01847	0.02028	0.01417	0.00712	0.00479	0.00154	0.00393	0.00561	0.56216	0.00704
45	0.01247	0.01069	0.01247	0.00891	0.01426	0.00802	0.00713	0.01515	0.01247	0.01960	0.01069	0.01247	0.00891	0.00446	0.00446	0.00089	0.00446	0.00356	0.00356	0.82536
46	0.05344	0.06701	0.14528	0.09033	0.01929	0.03276	0.02924	0.09518	0.03697	0.17396	0.01538	0.01787	0.01169	0.04786	0.11124	0.00308	0.00805	0.00547	0.02786	0.00803
47	0.01064	0.00667	0.00872	0.00808	0.00990	0.00609	0.00625	0.01334	0.01665	0.10734	0.57836	0.04438	0.08898	0.01219	0.00706	0.00196	0.00329	0.05735	0.00659	0.00616
48	0.00755	0.00541	0.00718	0.00823	0.00877	0.00503	0.00560	0.00893	0.01254	0.01699	0.16613	0.64703	0.04295	0.01763	0.00757	0.00234	0.00337	0.01594	0.00578	0.00503
49	0.01133	0.01174	0.06141	0.27017	0.02528	0.01214	0.10751	0.01613	0.09568	0.01714	0.01800	0.21437	0.01751	0.00987	0.00793	0.00218	0.08220	0.00871	0.00386	0.00686
50	0.03366	0.02714	0.63279	0.01580	0.02347	0.01301	0.01970	0.01787	0.01239	0.01881	0.02950	0.01467	0.00965	0.01040	0.09297	0.00280	0.00946	0.00480	0.00275	0.00834
51	0.01627	0.59223	0.13383	0.01190	0.01733	0.11056	0.01216	0.01888	0.01287	0.01492	0.00882	0.01023	0.00771	0.00535	0.00431	0.00141	0.00731	0.00347	0.00263	0.00780
52	0.01065	0.00874	0.01045	0.00887	0.01223	0.00718	0.00666	0.01342	0.04811	0.01827	0.01988	0.30534	0.02107	0.01009	0.00576	0.00154	0.00410	0.00885	0.00446	0.47434
53	0.22986	0.19006	0.06287	0.01168	0.01636	0.08748	0.01042	0.23628	0.01738	0.06953	0.01137	0.01209	0.00860	0.00616	0.00487	0.00169	0.00651	0.00420	0.00426	0.00832
54	0.01430	0.08945	0.24055	0.06070	0.07648	0.01425	0.19835	0.04868	0.01372	0.07303	0.01268	0.01557	0.00967	0.01021	0.09325	0.00276	0.00927	0.00552	0.00330	0.00826
55	0.00741	0.00530	0.00705	0.00832	0.00874	0.00494	0.00559	0.00858	0.01189	0.01594	0.08109	0.73505	0.04093	0.01841	0.00764	0.00241	0.00345	0.01668	0.00565	0.00494
56	0.01207	0.03112	0.75741	0.01715	0.02604	0.01397	0.02223	0.01905	0.01270	0.01905	0.01080	0.01270	0.00762	0.00572	0.00572	0.00191	0.00889	0.00445	0.00254	0.00889
57	0.00899	0.00928	0.09565	0.01053	0.01250	0.00826	0.00921	0.01170	0.01002	0.01455	0.01550	0.02238	0.01419	0.04059	0.67747	0.00878	0.01528	0.00622	0.00314	0.00578
58	0.01628	0.01383	0.02322	0.03391	0.66646	0.01367	0.01736	0.01971	0.01410	0.10423	0.01274	0.01553	0.01015	0.00560	0.00597	0.00180	0.00691	0.00544	0.00349	0.00961
59	0.00865	0.00585	0.00653	0.00653	0.00666	0.00579	0.00370	0.00874	0.00905	0.01194	0.02147	0.04048	0.06548	0.74217	0.02921	0.00560	0.00567	0.00899	0.00376	0.00373
60	0.01420	0.01623	0.03550	0.02535	0.03144	0.01521	0.72921	0.01927	0.01420	0.01927	0.01217	0.01623	0.00913	0.00507	0.00710	0.00203	0.01014	0.00710	0.00304	0.00811

[dist]
# distance from previous block
# <min> <max>
0	22

[block]
# block no. 1 follows, 38 sequences, length 7
# corresponding to MSA columns:
# 279-285
name=unknown_B
#
# <colnr> <probs for GDERKNQSTAVLIFYWHMCP>
#	G	D	E	R	K	N	Q	S	T	A	V	L	I	F	Y	W	H	M	C	P
0	0.00814	0.00580	0.00743	0.00792	0.00895	0.00536	0.00577	0.00953	0.01321	0.01752	0.21826	0.30232	0.18214	0.01645	0.00910	0.08677	0.00361	0.08121	0.00554	0.00496
1	0.01517	0.17471	0.15273	0.01215	0.01687	0.04489	0.01158	0.07857	0.24214	0.05725	0.04304	0.02120	0.08921	0.00777	0.00568	0.00181	0.00603	0.00611	0.00464	0.00846
2	0.01478	0.01920	0.19321	0.03083	0.53138	0.06768	0.01884	0.01899	0.01371	0.01916	0.01105	0.01410	0.00896	0.00550	0.00586	0.00180	0.00781	0.00504	0.00289	0.00920
3	0.00881	0.00714	0.00883	0.08637	0.01267	0.00703	0.00686	0.01238	0.07592	0.01974	0.29676	0.09071	0.29579	0.01290	0.00698	0.00203	0.00374	0.03381	0.00570	0.00584
4	0.01266	0.01136	0.01915	0.36355	0.32474	0.01256	0.01575	0.01553	0.01210	0.01640	0.01091	0.01590	0.00898	0.00791	0.00853	0.12133	0.00726	0.00533	0.00279	0.00725
5	0.01299	0.01637	0.18642	0.09501	0.02457	0.01251	0.27962	0.05369	0.01417	0.02065	0.04867	0.01797	0.01230	0.00616	0.00604	0.00185	0.00762	0.00612	0.16964	0.00762
6	0.01162	0.01105	0.01810	0.66409	0.03771	0.01410	0.01619	0.01524	0.01162	0.01524	0.01029	0.01562	0.00800	0.00667	0.00801	0.00210	0.11968	0.00533	0.00267	0.00667

[dist]
# distance from previous block
# <min> <max>
0	7

[block]
# block no. 2 follows, 38 sequences, length 9
# corresponding to MSA columns:
# 293-301
name=unknown_C
#
# <colnr> <probs for GDERKNQSTAVLIFYWHMCP>
#	G	D	E	R	K	N	Q	S	T	A	V	L	I	F	Y	W	H	M	C	P
0	0.61331	0.01138	0.01129	0.21146	0.01955	0.01346	0.00922	0.01707	0.01071	0.02390	0.00899	0.01144	0.00691	0.00570	0.00433	0.00190	0.00555	0.00381	0.00344	0.00656
1	0.01456	0.00998	0.01586	0.51039	0.03169	0.01136	0.01363	0.01785	0.01318	0.18817	0.01624	0.10282	0.01317	0.00778	0.00621	0.00202	0.00684	0.00682	0.00411	0.00731
2	0.01176	0.01000	0.01428	0.01729	0.20826	0.01094	0.01062	0.01761	0.18129	0.01793	0.01700	0.02216	0.01484	0.07919	0.33338	0.00552	0.01034	0.00641	0.00386	0.00732
3	0.01122	0.01215	0.04835	0.21826	0.02682	0.01157	0.29298	0.01496	0.01326	0.01724	0.02462	0.08083	0.18369	0.00871	0.00680	0.00205	0.00740	0.00856	0.00370	0.00682
4	0.01405	0.01252	0.01630	0.04596	0.21154	0.01261	0.01143	0.02263	0.29816	0.02164	0.01627	0.01716	0.01275	0.00621	0.00556	0.00162	0.00542	0.00538	0.00438	0.25842
5	0.01218	0.01069	0.01395	0.21220	0.02148	0.00944	0.00967	0.01521	0.01236	0.01848	0.01069	0.01342	0.00867	0.00487	0.00487	0.00119	0.00540	0.00404	0.00333	0.60787
6	0.01415	0.40264	0.02488	0.21450	0.02243	0.01977	0.01267	0.01649	0.01147	0.01455	0.00887	0.01217	0.00784	0.00663	0.00814	0.00179	0.18696	0.00426	0.00261	0.00718
7	0.01406	0.01345	0.02293	0.20910	0.58532	0.01408	0.01805	0.01774	0.01331	0.01865	0.01117	0.01516	0.00918	0.00551	0.00597	0.00184	0.00735	0.00536	0.00291	0.00886
8	0.01252	0.01136	0.01855	0.22568	0.38866	0.01207	0.01454	0.01537	0.01210	0.01665	0.01293	0.02091	0.01201	0.18846	0.01173	0.00279	0.00707	0.00615	0.00305	0.00740

[dist]
# distance from previous block
# <min> <max>
2	107

# created by:
# /software/SequenceAnalysis/GenePrediction/augustus/3.0.1/scripts/msa2prfl.pl ./fixed/BUSCOvEOG7R2589.fas
