[name]
unknown

[dist]
# distance from previous block
# <min> <max>
0	235

[block]
# block no. 0 follows, 41 sequences, length 52
# corresponding to MSA columns:
# 235-286
name=unknown_A
#
# <colnr> <probs for GDERKNQSTAVLIFYWHMCP>
#	G	D	E	R	K	N	Q	S	T	A	V	L	I	F	Y	W	H	M	C	P
0	0.01222	0.18082	0.62466	0.01503	0.02278	0.01511	0.01891	0.01792	0.01199	0.01720	0.00981	0.01151	0.00726	0.00533	0.00509	0.00170	0.00800	0.00400	0.00242	0.00824
1	0.01066	0.00533	0.00533	0.00533	0.00666	0.00533	0.00400	0.01333	0.01200	0.02132	0.01866	0.02132	0.01466	0.00666	0.00400	0.00133	0.00267	0.00533	0.83073	0.00533
2	0.00810	0.00585	0.00765	0.00720	0.00855	0.00540	0.00540	0.01079	0.01619	0.02294	0.76028	0.04273	0.05397	0.01169	0.00675	0.00180	0.00270	0.01034	0.00630	0.00540
3	0.01080	0.01017	0.01716	0.78523	0.03940	0.01271	0.01589	0.01461	0.01144	0.01461	0.01017	0.01525	0.00762	0.00572	0.00572	0.00191	0.00762	0.00508	0.00254	0.00635
4	0.00697	0.00498	0.00664	0.00796	0.00830	0.00465	0.00531	0.00796	0.01095	0.01460	0.03153	0.79525	0.03783	0.01792	0.00730	0.00232	0.00332	0.01626	0.00531	0.00465
5	0.01416	0.01359	0.02322	0.03511	0.76330	0.01359	0.01755	0.01755	0.01302	0.01869	0.01076	0.01416	0.00906	0.00510	0.00566	0.00170	0.00680	0.00510	0.00283	0.00906
6	0.01528	0.01029	0.01237	0.00902	0.01394	0.00817	0.00729	0.04444	0.01342	0.18488	0.01304	0.01361	0.00978	0.00496	0.00463	0.00108	0.00445	0.00398	0.00429	0.62108
7	0.01626	0.01229	0.01333	0.01159	0.01508	0.01381	0.00913	0.09033	0.60140	0.11606	0.02239	0.02047	0.01640	0.00760	0.00580	0.00190	0.00472	0.00627	0.00597	0.00919
8	0.01529	0.80242	0.02997	0.00979	0.01468	0.02263	0.00979	0.01713	0.01162	0.01346	0.00795	0.00918	0.00734	0.00489	0.00367	0.00122	0.00612	0.00306	0.00245	0.00734
9	0.00676	0.00579	0.00579	0.00579	0.00773	0.00483	0.00435	0.00821	0.01304	0.01545	0.05794	0.05505	0.76098	0.01449	0.00676	0.00193	0.00290	0.01207	0.00531	0.00483
10	0.01350	0.01543	0.03375	0.02411	0.02989	0.01446	0.74253	0.01832	0.01350	0.01832	0.01157	0.01543	0.00868	0.00482	0.00675	0.00193	0.00964	0.00675	0.00289	0.00771
11	0.01186	0.01017	0.01186	0.00847	0.01356	0.00762	0.00678	0.01440	0.01186	0.01864	0.01017	0.01186	0.00847	0.00424	0.00424	0.00085	0.00424	0.00339	0.00339	0.83395
12	0.01529	0.80242	0.02997	0.00979	0.01468	0.02263	0.00979	0.01713	0.01162	0.01346	0.00795	0.00918	0.00734	0.00489	0.00367	0.00122	0.00612	0.00306	0.00245	0.00734
13	0.00676	0.00579	0.00579	0.00579	0.00773	0.00483	0.00435	0.00821	0.01304	0.01545	0.05794	0.05505	0.76098	0.01449	0.00676	0.00193	0.00290	0.01207	0.00531	0.00483
14	0.00832	0.00555	0.00624	0.00624	0.00624	0.00555	0.00347	0.00832	0.00832	0.01109	0.01802	0.03743	0.02080	0.79898	0.02911	0.00555	0.00555	0.00832	0.00347	0.00347
15	0.02174	0.01602	0.01717	0.01316	0.01774	0.01774	0.01087	0.74423	0.02689	0.03605	0.01373	0.01373	0.00973	0.00687	0.00572	0.00172	0.00629	0.00515	0.00572	0.00973
16	0.00817	0.00613	0.00919	0.00919	0.01021	0.00715	0.00715	0.01021	0.00919	0.01328	0.01532	0.02247	0.01430	0.04290	0.77631	0.00919	0.01532	0.00613	0.00306	0.00511
17	0.00697	0.00498	0.00664	0.00796	0.00830	0.00465	0.00531	0.00796	0.01095	0.01460	0.03153	0.79525	0.03783	0.01792	0.00730	0.00232	0.00332	0.01626	0.00531	0.00465
18	0.00697	0.00498	0.00664	0.00796	0.00830	0.00465	0.00531	0.00796	0.01095	0.01460	0.03153	0.79525	0.03783	0.01792	0.00730	0.00232	0.00332	0.01626	0.00531	0.00465
19	0.01425	0.01540	0.01726	0.01496	0.01554	0.16594	0.01223	0.01554	0.01022	0.01381	0.00777	0.01208	0.00748	0.00921	0.01611	0.00230	0.63623	0.00475	0.00259	0.00633
20	0.00697	0.00498	0.00664	0.00796	0.00830	0.00465	0.00531	0.00796	0.01095	0.01460	0.03153	0.79525	0.03783	0.01792	0.00730	0.00232	0.00332	0.01626	0.00531	0.00465
21	0.00922	0.00658	0.00922	0.01053	0.01185	0.00658	0.00922	0.01185	0.01317	0.01712	0.03029	0.06452	0.03292	0.01580	0.00790	0.00263	0.00527	0.72480	0.00527	0.00527
22	0.00817	0.00613	0.00919	0.00919	0.01021	0.00715	0.00715	0.01021	0.00919	0.01328	0.01532	0.02247	0.01430	0.04290	0.77631	0.00919	0.01532	0.00613	0.00306	0.00511
23	0.01423	0.01229	0.01293	0.01164	0.01487	0.01423	0.00905	0.03039	0.75297	0.02393	0.02328	0.02134	0.01746	0.00776	0.00582	0.00194	0.00453	0.00647	0.00582	0.00905
24	0.83938	0.01106	0.00841	0.00752	0.01106	0.01283	0.00619	0.01681	0.00973	0.02566	0.00796	0.00929	0.00619	0.00531	0.00354	0.00177	0.00442	0.00310	0.00354	0.00619
25	0.01401	0.01344	0.02295	0.06808	0.73148	0.01355	0.01748	0.01743	0.01295	0.01851	0.01073	0.01420	0.00900	0.00512	0.00567	0.00171	0.00683	0.00510	0.00282	0.00894
26	0.00878	0.00627	0.00871	0.01003	0.01116	0.00620	0.00845	0.01109	0.01273	0.01663	0.03053	0.20751	0.03388	0.01622	0.00778	0.00257	0.00489	0.58615	0.00528	0.00515
27	0.02566	0.00973	0.01327	0.01018	0.01460	0.00841	0.00841	0.02788	0.01637	0.76726	0.02257	0.01947	0.01416	0.00708	0.00575	0.00177	0.00487	0.00575	0.00708	0.00973
28	0.01196	0.01025	0.01190	0.00860	0.01361	0.00790	0.00687	0.01506	0.04231	0.01886	0.01071	0.01225	0.00884	0.00438	0.00430	0.00089	0.00425	0.00352	0.00349	0.80005
29	0.01347	0.01534	0.03325	0.02383	0.02943	0.01456	0.72000	0.01818	0.01335	0.01818	0.01145	0.01534	0.00864	0.00498	0.00712	0.00195	0.03368	0.00670	0.00288	0.00767
30	0.00697	0.00498	0.00664	0.00796	0.00830	0.00465	0.00531	0.00796	0.01095	0.01460	0.03153	0.79525	0.03783	0.01792	0.00730	0.00232	0.00332	0.01626	0.00531	0.00465
31	0.00676	0.00579	0.00579	0.00579	0.00773	0.00483	0.00435	0.00821	0.01304	0.01545	0.05794	0.05505	0.76098	0.01449	0.00676	0.00193	0.00290	0.01207	0.00531	0.00483
32	0.01529	0.80242	0.02997	0.00979	0.01468	0.02263	0.00979	0.01713	0.01162	0.01346	0.00795	0.00918	0.00734	0.00489	0.00367	0.00122	0.00612	0.00306	0.00245	0.00734
33	0.01186	0.01017	0.01186	0.00847	0.01356	0.00762	0.00678	0.01440	0.01186	0.01864	0.01017	0.01186	0.00847	0.00424	0.00424	0.00085	0.00424	0.00339	0.00339	0.83395
34	0.01153	0.00661	0.00875	0.00778	0.00973	0.00599	0.00599	0.01414	0.01623	0.16859	0.61592	0.03818	0.04618	0.01079	0.00655	0.00179	0.00312	0.00945	0.00645	0.00625
35	0.01080	0.01017	0.01716	0.78523	0.03940	0.01271	0.01589	0.01461	0.01144	0.01461	0.01017	0.01525	0.00762	0.00572	0.00572	0.00191	0.00762	0.00508	0.00254	0.00635
36	0.00697	0.00498	0.00664	0.00796	0.00830	0.00465	0.00531	0.00796	0.01095	0.01460	0.03153	0.79525	0.03783	0.01792	0.00730	0.00232	0.00332	0.01626	0.00531	0.00465
37	0.01147	0.02959	0.76934	0.01630	0.02476	0.01328	0.02113	0.01811	0.01208	0.01811	0.01026	0.01208	0.00725	0.00543	0.00543	0.00181	0.00845	0.00423	0.00242	0.00845
38	0.01350	0.01543	0.03375	0.02411	0.02989	0.01446	0.74253	0.01832	0.01350	0.01832	0.01157	0.01543	0.00868	0.00482	0.00675	0.00193	0.00964	0.00675	0.00289	0.00771
39	0.83938	0.01106	0.00841	0.00752	0.01106	0.01283	0.00619	0.01681	0.00973	0.02566	0.00796	0.00929	0.00619	0.00531	0.00354	0.00177	0.00442	0.00310	0.00354	0.00619
40	0.00702	0.00580	0.00616	0.00607	0.00789	0.00494	0.00455	0.00871	0.01365	0.01692	0.19538	0.05264	0.62263	0.01394	0.00676	0.00191	0.00286	0.01173	0.00550	0.00494
41	0.01379	0.01321	0.02255	0.11810	0.68321	0.01349	0.01737	0.01723	0.01285	0.01824	0.01069	0.01428	0.00890	0.00517	0.00567	0.00172	0.00689	0.00509	0.00280	0.00876
42	0.00832	0.00555	0.00624	0.00624	0.00624	0.00555	0.00347	0.00832	0.00832	0.01109	0.01802	0.03743	0.02080	0.79898	0.02911	0.00555	0.00555	0.00832	0.00347	0.00347
43	0.00697	0.00498	0.00664	0.00796	0.00830	0.00465	0.00531	0.00796	0.01095	0.01460	0.03153	0.79525	0.03783	0.01792	0.00730	0.00232	0.00332	0.01626	0.00531	0.00465
44	0.01251	0.01251	0.01752	0.01502	0.01502	0.01752	0.01251	0.01377	0.00876	0.01377	0.00751	0.01251	0.00751	0.01001	0.01877	0.00250	0.78851	0.00501	0.00250	0.00626
45	0.02566	0.00973	0.01327	0.01018	0.01460	0.00841	0.00841	0.02788	0.01637	0.76726	0.02257	0.01947	0.01416	0.00708	0.00575	0.00177	0.00487	0.00575	0.00708	0.00973
46	0.00818	0.00611	0.00908	0.00908	0.01007	0.00709	0.00701	0.01014	0.00916	0.01320	0.01542	0.02303	0.01454	0.07093	0.74861	0.00906	0.01496	0.00621	0.00308	0.00505
47	0.01186	0.01017	0.01186	0.00847	0.01356	0.00762	0.00678	0.01440	0.01186	0.01864	0.01017	0.01186	0.00847	0.00424	0.00424	0.00085	0.00424	0.00339	0.00339	0.83395
48	0.00697	0.00498	0.00664	0.00796	0.00830	0.00465	0.00531	0.00796	0.01095	0.01460	0.03153	0.79525	0.03783	0.01792	0.00730	0.00232	0.00332	0.01626	0.00531	0.00465
49	0.00679	0.00567	0.00592	0.00613	0.00781	0.00480	0.00449	0.00817	0.01271	0.01532	0.05386	0.16948	0.64919	0.01502	0.00684	0.00199	0.00296	0.01272	0.00531	0.00480
50	0.01350	0.01543	0.03375	0.02411	0.02989	0.01446	0.74253	0.01832	0.01350	0.01832	0.01157	0.01543	0.00868	0.00482	0.00675	0.00193	0.00964	0.00675	0.00289	0.00771
51	0.01147	0.02959	0.76934	0.01630	0.02476	0.01328	0.02113	0.01811	0.01208	0.01811	0.01026	0.01208	0.00725	0.00543	0.00543	0.00181	0.00845	0.00423	0.00242	0.00845

[dist]
# distance from previous block
# <min> <max>
0	3

[block]
# block no. 1 follows, 41 sequences, length 11
# corresponding to MSA columns:
# 290-300
name=unknown_B
#
# <colnr> <probs for GDERKNQSTAVLIFYWHMCP>
#	G	D	E	R	K	N	Q	S	T	A	V	L	I	F	Y	W	H	M	C	P
0	0.02566	0.00973	0.01327	0.01018	0.01460	0.00841	0.00841	0.02788	0.01637	0.76726	0.02257	0.01947	0.01416	0.00708	0.00575	0.00177	0.00487	0.00575	0.00708	0.00973
1	0.02174	0.01602	0.01717	0.01316	0.01774	0.01774	0.01087	0.74423	0.02689	0.03605	0.01373	0.01373	0.00973	0.00687	0.00572	0.00172	0.00629	0.00515	0.00572	0.00973
2	0.01324	0.01465	0.02939	0.02167	0.02590	0.01528	0.54658	0.01710	0.01223	0.01710	0.01048	0.01465	0.00836	0.00621	0.00998	0.00208	0.21870	0.00628	0.00279	0.00732
3	0.59014	0.01166	0.01052	0.00881	0.01265	0.01298	0.00727	0.13507	0.01345	0.13498	0.01101	0.01148	0.00792	0.00582	0.00421	0.00176	0.00479	0.00381	0.00440	0.00727
4	0.14346	0.01063	0.01171	0.00952	0.01324	0.04829	0.00765	0.04347	0.06749	0.33471	0.13629	0.02026	0.01843	0.00720	0.00537	0.00166	0.00467	0.00574	0.00565	0.10456
5	0.00874	0.00682	0.00988	0.00875	0.00979	0.00677	0.09047	0.00978	0.00955	0.01274	0.02097	0.03429	0.09501	0.50371	0.14401	0.00533	0.00732	0.00817	0.00353	0.00437
6	0.02174	0.01414	0.01626	0.01263	0.01670	0.01546	0.01045	0.49530	0.02247	0.21059	0.01522	0.01499	0.01057	0.00724	0.00708	0.00181	0.08698	0.00528	0.00572	0.00937
7	0.01251	0.01251	0.01752	0.01502	0.01502	0.01752	0.01251	0.01377	0.00876	0.01377	0.00751	0.01251	0.00751	0.01001	0.01877	0.00250	0.78851	0.00501	0.00250	0.00626
8	0.01386	0.01010	0.01207	0.00872	0.01371	0.00774	0.00701	0.01636	0.01252	0.12730	0.01197	0.01297	0.00930	0.00465	0.00446	0.00098	0.00433	0.00373	0.00392	0.71432
9	0.01349	0.43802	0.37860	0.01286	0.01943	0.01822	0.01514	0.01759	0.01184	0.01565	0.00904	0.01054	0.00730	0.00515	0.00450	0.00150	0.00722	0.00361	0.00243	0.00787
10	0.01416	0.01440	0.02810	0.02041	0.02549	0.01392	0.54162	0.13135	0.01592	0.02164	0.09936	0.01835	0.01413	0.00595	0.00659	0.00188	0.00831	0.00692	0.00373	0.00776

[dist]
# distance from previous block
# <min> <max>
0	1

[block]
# block no. 2 follows, 41 sequences, length 25
# corresponding to MSA columns:
# 302-326
name=unknown_C
#
# <colnr> <probs for GDERKNQSTAVLIFYWHMCP>
#	G	D	E	R	K	N	Q	S	T	A	V	L	I	F	Y	W	H	M	C	P
0	0.01243	0.01071	0.01057	0.00934	0.01149	0.11700	0.00718	0.14406	0.01811	0.02402	0.51970	0.03292	0.03942	0.01000	0.00634	0.00174	0.00442	0.00847	0.00572	0.00635
1	0.00785	0.00551	0.00622	0.00640	0.00680	0.00529	0.00389	0.00825	0.00954	0.01237	0.02710	0.14817	0.15598	0.54739	0.02201	0.00444	0.00475	0.01012	0.00406	0.00388
2	0.01426	0.01365	0.01302	0.00993	0.01459	0.14617	0.00783	0.06753	0.01370	0.01904	0.01018	0.01172	0.00836	0.00472	0.00451	0.00102	0.00547	0.00357	0.00347	0.62726
3	0.00697	0.00498	0.00664	0.00796	0.00830	0.00465	0.00531	0.00796	0.01095	0.01460	0.03153	0.79525	0.03783	0.01792	0.00730	0.00232	0.00332	0.01626	0.00531	0.00465
4	0.02440	0.01175	0.01452	0.01114	0.01561	0.01141	0.00920	0.25806	0.01975	0.53230	0.01973	0.01763	0.01273	0.00701	0.00574	0.00175	0.00533	0.00556	0.00664	0.00973
5	0.01986	0.01509	0.01611	0.01278	0.01702	0.01686	0.01042	0.56570	0.20848	0.03302	0.01612	0.01564	0.01166	0.00709	0.00575	0.00177	0.00585	0.00548	0.00575	0.00956
6	0.02174	0.01602	0.01717	0.01316	0.01774	0.01774	0.01087	0.74423	0.02689	0.03605	0.01373	0.01373	0.00973	0.00687	0.00572	0.00172	0.00629	0.00515	0.00572	0.00973
7	0.00697	0.00498	0.00664	0.00796	0.00830	0.00465	0.00531	0.00796	0.01095	0.01460	0.03153	0.79525	0.03783	0.01792	0.00730	0.00232	0.00332	0.01626	0.00531	0.00465
8	0.00817	0.00613	0.00919	0.00919	0.01021	0.00715	0.00715	0.01021	0.00919	0.01328	0.01532	0.02247	0.01430	0.04290	0.77631	0.00919	0.01532	0.00613	0.00306	0.00511
9	0.83938	0.01106	0.00841	0.00752	0.01106	0.01283	0.00619	0.01681	0.00973	0.02566	0.00796	0.00929	0.00619	0.00531	0.00354	0.00177	0.00442	0.00310	0.00354	0.00619
10	0.00676	0.00579	0.00579	0.00579	0.00773	0.00483	0.00435	0.00821	0.01304	0.01545	0.05794	0.05505	0.76098	0.01449	0.00676	0.00193	0.00290	0.01207	0.00531	0.00483
11	0.01341	0.01525	0.03318	0.05024	0.03022	0.01440	0.71758	0.01819	0.01343	0.01819	0.01152	0.01542	0.00864	0.00485	0.00671	0.00193	0.00957	0.00669	0.00288	0.00767
12	0.00676	0.00579	0.00579	0.00579	0.00773	0.00483	0.00435	0.00821	0.01304	0.01545	0.05794	0.05505	0.76098	0.01449	0.00676	0.00193	0.00290	0.01207	0.00531	0.00483
13	0.02440	0.01175	0.01452	0.01114	0.01561	0.01141	0.00920	0.25806	0.01975	0.53230	0.01973	0.01763	0.01273	0.00701	0.00574	0.00175	0.00533	0.00556	0.00664	0.00973
14	0.01529	0.80242	0.02997	0.00979	0.01468	0.02263	0.00979	0.01713	0.01162	0.01346	0.00795	0.00918	0.00734	0.00489	0.00367	0.00122	0.00612	0.00306	0.00245	0.00734
15	0.01283	0.01345	0.02274	0.01794	0.01980	0.01654	0.24709	0.01523	0.01028	0.01523	0.00881	0.01345	0.00788	0.00834	0.01491	0.00232	0.53824	0.00557	0.00263	0.00673
16	0.01350	0.01543	0.03375	0.02411	0.02989	0.01446	0.74253	0.01832	0.01350	0.01832	0.01157	0.01543	0.00868	0.00482	0.00675	0.00193	0.00964	0.00675	0.00289	0.00771
17	0.01140	0.00628	0.00830	0.00817	0.00974	0.00566	0.00597	0.01307	0.01343	0.18545	0.19057	0.41579	0.07560	0.01393	0.00680	0.00206	0.00351	0.01238	0.00592	0.00596
18	0.11746	0.01035	0.01516	0.47295	0.05795	0.01207	0.01302	0.01765	0.06479	0.11024	0.01326	0.01756	0.01012	0.00640	0.00555	0.00190	0.00652	0.03645	0.00359	0.00700
19	0.01154	0.01201	0.02191	0.01698	0.02046	0.04073	0.38185	0.01461	0.01235	0.01666	0.01751	0.26539	0.01790	0.00940	0.00756	0.00201	0.06222	0.00936	0.00367	0.05587
20	0.02197	0.01155	0.01403	0.01079	0.01526	0.01105	0.00885	0.20536	0.07085	0.42869	0.01871	0.01712	0.01251	0.00668	0.00554	0.00164	0.00511	0.00533	0.00614	0.12280
21	0.01881	0.01314	0.01364	0.01151	0.01524	0.08260	0.00912	0.08571	0.38473	0.24452	0.02056	0.01886	0.01465	0.00720	0.00568	0.00179	0.00529	0.00580	0.00584	0.03530
22	0.01381	0.01288	0.02127	0.22436	0.52924	0.01364	0.01668	0.06555	0.01355	0.01882	0.01081	0.01441	0.00874	0.00537	0.00568	0.00175	0.00697	0.00510	0.00295	0.00842
23	0.03466	0.00620	0.00716	0.00732	0.00888	0.00574	0.00541	0.01071	0.04528	0.04640	0.15662	0.26216	0.32487	0.01421	0.00678	0.00204	0.00328	0.04148	0.00550	0.00530
24	0.01950	0.01165	0.01351	0.01077	0.01482	0.04208	0.00869	0.07600	0.17372	0.34633	0.01845	0.01730	0.01287	0.00674	0.00601	0.00164	0.03922	0.00528	0.00562	0.16977

[dist]
# distance from previous block
# <min> <max>
6	15

[block]
# block no. 3 follows, 41 sequences, length 7
# corresponding to MSA columns:
# 343-349
name=unknown_D
#
# <colnr> <probs for GDERKNQSTAVLIFYWHMCP>
#	G	D	E	R	K	N	Q	S	T	A	V	L	I	F	Y	W	H	M	C	P
0	0.01989	0.01497	0.01615	0.01243	0.01698	0.01615	0.01020	0.59527	0.07865	0.03286	0.01397	0.01405	0.01013	0.00659	0.00553	0.00162	0.00589	0.00502	0.00542	0.11824
1	0.01134	0.01048	0.01658	0.55005	0.10009	0.01170	0.01409	0.01484	0.01167	0.01585	0.01022	0.01442	0.00794	0.00534	0.00540	0.00166	0.00682	0.00472	0.00275	0.18405
2	0.00956	0.00619	0.00802	0.00843	0.00964	0.00588	0.00651	0.01128	0.01246	0.07399	0.11154	0.18495	0.10294	0.15662	0.01123	0.00288	0.00442	0.26312	0.00521	0.00515
3	0.13326	0.25639	0.01960	0.01137	0.01573	0.06405	0.00981	0.34289	0.05394	0.02578	0.01132	0.01188	0.00873	0.00603	0.00476	0.00157	0.00614	0.00420	0.00425	0.00829
4	0.01254	0.01338	0.02668	0.01979	0.02436	0.01289	0.51872	0.01747	0.07050	0.01808	0.01497	0.12203	0.01328	0.00702	0.00711	0.00195	0.03939	0.00779	0.00346	0.04858
5	0.01235	0.20767	0.59897	0.01480	0.02243	0.01544	0.01852	0.01789	0.01197	0.01704	0.00973	0.01141	0.00727	0.00531	0.00503	0.00168	0.00791	0.00396	0.00242	0.00820
6	0.07015	0.01409	0.02700	0.01961	0.02491	0.01335	0.52059	0.01873	0.07908	0.01937	0.01217	0.01502	0.00926	0.00503	0.00608	0.00176	0.00805	0.00599	0.00327	0.12647

[dist]
# distance from previous block
# <min> <max>
0	1

[block]
# block no. 4 follows, 41 sequences, length 7
# corresponding to MSA columns:
# 351-357
name=unknown_E
#
# <colnr> <probs for GDERKNQSTAVLIFYWHMCP>
#	G	D	E	R	K	N	Q	S	T	A	V	L	I	F	Y	W	H	M	C	P
0	0.25964	0.01353	0.01369	0.01085	0.01495	0.07230	0.04111	0.18773	0.03384	0.02434	0.01053	0.01185	0.00820	0.00568	0.00526	0.00152	0.04089	0.00404	0.00395	0.23611
1	0.01545	0.01996	0.37289	0.01347	0.01928	0.01234	0.01460	0.18441	0.01599	0.14009	0.01593	0.12133	0.01311	0.00774	0.00581	0.00185	0.00669	0.00633	0.00431	0.00842
2	0.09718	0.14008	0.18768	0.01126	0.01591	0.05570	0.01107	0.01992	0.03913	0.23155	0.01649	0.12139	0.01370	0.00763	0.00532	0.00176	0.00593	0.00607	0.00441	0.00782
3	0.24161	0.12027	0.01520	0.13219	0.01777	0.01398	0.00940	0.15901	0.03168	0.09553	0.05427	0.01440	0.01116	0.00615	0.00482	0.00166	0.00546	0.00457	0.00420	0.05667
4	0.12666	0.01318	0.02372	0.16230	0.19602	0.01337	0.30568	0.01706	0.01241	0.01876	0.01056	0.01408	0.00822	0.00509	0.00574	0.00180	0.00763	0.00540	0.00293	0.04937
5	0.01048	0.01001	0.01081	0.01267	0.11387	0.12820	0.00809	0.01222	0.01242	0.01560	0.08208	0.31323	0.10037	0.01719	0.12271	0.00306	0.00662	0.01032	0.00433	0.00571
6	0.01741	0.01294	0.01443	0.01178	0.01554	0.01374	0.00968	0.48489	0.02170	0.02930	0.01745	0.08750	0.01562	0.00892	0.00603	0.00182	0.00565	0.11959	0.00535	0.10063

[dist]
# distance from previous block
# <min> <max>
5	9

[block]
# block no. 5 follows, 41 sequences, length 9
# corresponding to MSA columns:
# 367-375
name=unknown_F
#
# <colnr> <probs for GDERKNQSTAVLIFYWHMCP>
#	G	D	E	R	K	N	Q	S	T	A	V	L	I	F	Y	W	H	M	C	P
0	0.05972	0.03910	0.01635	0.01302	0.01701	0.26305	0.01041	0.39452	0.04699	0.02651	0.01188	0.01247	0.00894	0.00632	0.00531	0.00159	0.00734	0.00448	0.00452	0.05047
1	0.01002	0.00917	0.01593	0.37910	0.02635	0.01039	0.11495	0.01303	0.01106	0.01468	0.01470	0.12387	0.01391	0.06013	0.15422	0.00356	0.00867	0.00722	0.00312	0.00591
2	0.01506	0.06350	0.01398	0.01111	0.01472	0.01368	0.00884	0.02786	0.57470	0.08600	0.02103	0.01953	0.01570	0.00720	0.00553	0.00178	0.00463	0.00590	0.00549	0.08376
3	0.01777	0.09251	0.01782	0.11898	0.01987	0.46611	0.01186	0.01955	0.01379	0.01399	0.00870	0.01128	0.00743	0.00653	0.00758	0.00170	0.15112	0.00406	0.00277	0.00659
4	0.01397	0.00949	0.01134	0.01046	0.01289	0.00981	0.00846	0.25102	0.01745	0.08375	0.04364	0.21500	0.05898	0.01251	0.00679	0.00214	0.00494	0.21483	0.00560	0.00692
5	0.12515	0.00994	0.01069	0.00980	0.01259	0.01068	0.00750	0.02147	0.35126	0.07716	0.02211	0.21088	0.02000	0.00961	0.00574	0.00191	0.00421	0.00813	0.00528	0.07589
6	0.01287	0.00961	0.01110	0.00913	0.01258	0.00883	0.00698	0.04298	0.16849	0.08268	0.01765	0.11394	0.01593	0.09893	0.00801	0.00191	0.00446	0.00645	0.00454	0.36294
7	0.01926	0.01517	0.05167	0.01551	0.11859	0.01510	0.01158	0.47432	0.02176	0.07813	0.01330	0.01385	0.00965	0.00624	0.00552	0.00161	0.00611	0.00492	0.00497	0.11273
8	0.01410	0.39173	0.12955	0.01769	0.20195	0.01839	0.01367	0.01691	0.01164	0.01545	0.00891	0.01127	0.00778	0.00571	0.00646	0.00160	0.11287	0.00399	0.00255	0.00778

[dist]
# distance from previous block
# <min> <max>
0	2

[block]
# block no. 6 follows, 41 sequences, length 6
# corresponding to MSA columns:
# 378-383
name=unknown_G
#
# <colnr> <probs for GDERKNQSTAVLIFYWHMCP>
#	G	D	E	R	K	N	Q	S	T	A	V	L	I	F	Y	W	H	M	C	P
0	0.01262	0.01351	0.02651	0.07855	0.02556	0.01377	0.46603	0.01647	0.01266	0.01764	0.06790	0.01681	0.01185	0.00626	0.00855	0.00195	0.13987	0.00641	0.00309	0.05399
1	0.02006	0.01139	0.01347	0.01094	0.01497	0.01154	0.00881	0.10330	0.29628	0.36207	0.02113	0.01910	0.01459	0.00714	0.00568	0.00177	0.00485	0.00581	0.00623	0.06088
2	0.02012	0.01422	0.01571	0.01192	0.01658	0.01477	0.00980	0.52600	0.02281	0.10421	0.01388	0.01392	0.00991	0.00635	0.00542	0.00155	0.00574	0.00485	0.00538	0.17686
3	0.01299	0.00948	0.01093	0.01008	0.01215	0.00998	0.00758	0.30814	0.01745	0.02335	0.02427	0.47662	0.02637	0.01341	0.00666	0.00208	0.00453	0.01173	0.00548	0.00672
4	0.01767	0.01593	0.10470	0.01218	0.01736	0.01429	0.01090	0.44712	0.02079	0.02889	0.01229	0.01300	0.00907	0.00594	0.00526	0.00148	0.00595	0.00453	0.00466	0.24801
5	0.01186	0.01017	0.01186	0.00847	0.01356	0.00762	0.00678	0.01440	0.01186	0.01864	0.01017	0.01186	0.00847	0.00424	0.00424	0.00085	0.00424	0.00339	0.00339	0.83395

[dist]
# distance from previous block
# <min> <max>
0	2

[block]
# block no. 7 follows, 41 sequences, length 6
# corresponding to MSA columns:
# 386-391
name=unknown_H
#
# <colnr> <probs for GDERKNQSTAVLIFYWHMCP>
#	G	D	E	R	K	N	Q	S	T	A	V	L	I	F	Y	W	H	M	C	P
0	0.01074	0.01391	0.22155	0.01049	0.01446	0.00909	0.01046	0.09464	0.01537	0.02178	0.32237	0.07825	0.06565	0.00932	0.00609	0.00175	0.00489	0.00794	0.00479	0.07643
1	0.01969	0.01326	0.01717	0.01297	0.01750	0.01338	0.10019	0.36984	0.02062	0.19555	0.06401	0.01694	0.01336	0.00671	0.00577	0.00167	0.00594	0.00564	0.00547	0.09431
2	0.01895	0.01302	0.01452	0.01158	0.01578	0.01372	0.00936	0.30686	0.24344	0.16324	0.01780	0.01685	0.01272	0.00685	0.00557	0.00169	0.00524	0.00544	0.00571	0.11165
3	0.01594	0.01001	0.01203	0.00949	0.01358	0.00900	0.00758	0.02128	0.17011	0.23709	0.10020	0.01951	0.01709	0.00664	0.00529	0.00145	0.00431	0.00550	0.00530	0.32863
4	0.09633	0.01044	0.01176	0.00985	0.01285	0.01090	0.00783	0.27970	0.01889	0.11927	0.24279	0.10999	0.02649	0.00944	0.00600	0.00182	0.00451	0.00784	0.00581	0.00750
5	0.13447	0.01249	0.01355	0.01038	0.01484	0.08451	0.06917	0.06262	0.01316	0.02010	0.01331	0.01469	0.05934	0.00547	0.00470	0.00126	0.00535	0.00436	0.00361	0.45258

[dist]
# distance from previous block
# <min> <max>
6	9

[block]
# block no. 8 follows, 41 sequences, length 10
# corresponding to MSA columns:
# 401-410
name=unknown_I
#
# <colnr> <probs for GDERKNQSTAVLIFYWHMCP>
#	G	D	E	R	K	N	Q	S	T	A	V	L	I	F	Y	W	H	M	C	P
0	0.01857	0.02050	0.17610	0.01324	0.01775	0.25969	0.01216	0.16533	0.01748	0.13734	0.09269	0.01627	0.01386	0.00679	0.00559	0.00168	0.00745	0.00513	0.00439	0.00799
1	0.01011	0.00676	0.00900	0.00934	0.01106	0.00619	0.00747	0.01213	0.01248	0.07672	0.02741	0.30811	0.02986	0.01429	0.00703	0.00222	0.00442	0.32418	0.00518	0.11605
2	0.01560	0.22809	0.40881	0.01324	0.01988	0.01466	0.01535	0.02000	0.01290	0.18181	0.01237	0.01294	0.00879	0.00565	0.00504	0.00165	0.00705	0.00426	0.00345	0.00844
3	0.01799	0.01100	0.08859	0.01028	0.01406	0.00883	0.00899	0.02250	0.11380	0.39572	0.15477	0.08733	0.02301	0.00873	0.00604	0.00185	0.00467	0.00739	0.00615	0.00831
4	0.01486	0.01088	0.01231	0.01048	0.01324	0.01158	0.00821	0.38949	0.02035	0.02753	0.18275	0.22527	0.02684	0.01083	0.00636	0.00189	0.00472	0.00921	0.00574	0.00744
5	0.02250	0.01465	0.01537	0.01199	0.01637	0.09500	0.00977	0.37000	0.02113	0.29125	0.01612	0.01528	0.01097	0.00668	0.00558	0.00166	0.00610	0.00510	0.00577	0.05871
6	0.01957	0.01539	0.12030	0.01246	0.01722	0.01384	0.01123	0.28674	0.19287	0.22264	0.01781	0.01680	0.01236	0.00693	0.00571	0.00180	0.00581	0.00549	0.00564	0.00939
7	0.01447	0.55639	0.15729	0.01119	0.01648	0.01982	0.01167	0.01916	0.11534	0.01574	0.01050	0.01138	0.00874	0.00539	0.00428	0.00143	0.00630	0.00374	0.00291	0.00778
8	0.16492	0.04211	0.34281	0.01277	0.01883	0.01304	0.01394	0.12147	0.01464	0.18385	0.01293	0.01332	0.00890	0.00595	0.00515	0.00176	0.00659	0.00445	0.00409	0.00847
9	0.01660	0.01496	0.02416	0.01762	0.02282	0.01487	0.34994	0.30983	0.01867	0.02550	0.01225	0.01427	0.00907	0.00557	0.00600	0.00170	0.00757	0.00566	0.00410	0.11884

[dist]
# distance from previous block
# <min> <max>
0	4

[block]
# block no. 9 follows, 41 sequences, length 54
# corresponding to MSA columns:
# 415-468
name=unknown_J
#
# <colnr> <probs for GDERKNQSTAVLIFYWHMCP>
#	G	D	E	R	K	N	Q	S	T	A	V	L	I	F	Y	W	H	M	C	P
0	0.02262	0.01205	0.01440	0.01132	0.01559	0.01217	0.00926	0.24489	0.13927	0.42535	0.02001	0.01804	0.01336	0.00713	0.00575	0.00178	0.00524	0.00569	0.00646	0.00962
1	0.01983	0.01200	0.01401	0.01089	0.01504	0.01201	0.00888	0.32031	0.04583	0.25754	0.10703	0.01906	0.01659	0.00723	0.00568	0.00164	0.00510	0.00580	0.00593	0.10959
2	0.05427	0.00973	0.00896	0.00944	0.01067	0.13372	0.00669	0.01318	0.08722	0.01604	0.02568	0.54492	0.02904	0.01423	0.00660	0.00211	0.00466	0.01248	0.00488	0.00550
3	0.03536	0.01171	0.01290	0.01123	0.01473	0.01294	0.00885	0.02954	0.57698	0.18460	0.02278	0.02066	0.01649	0.00756	0.00575	0.00190	0.00460	0.00624	0.00604	0.00914
4	0.00676	0.00579	0.00579	0.00579	0.00773	0.00483	0.00435	0.00821	0.01304	0.01545	0.05794	0.05505	0.76098	0.01449	0.00676	0.00193	0.00290	0.01207	0.00531	0.00483
5	0.01942	0.00827	0.01114	0.00950	0.01259	0.00733	0.00743	0.02155	0.03096	0.50972	0.02545	0.26798	0.02181	0.01057	0.00625	0.00195	0.00436	0.00913	0.00648	0.00809
6	0.01251	0.01251	0.01752	0.01502	0.01502	0.01752	0.01251	0.01377	0.00876	0.01377	0.00751	0.01251	0.00751	0.01001	0.01877	0.00250	0.78851	0.00501	0.00250	0.00626
7	0.00810	0.00585	0.00765	0.00720	0.00855	0.00540	0.00540	0.01079	0.01619	0.02294	0.76028	0.04273	0.05397	0.01169	0.00675	0.00180	0.00270	0.01034	0.00630	0.00540
8	0.01416	0.01359	0.02322	0.03511	0.76330	0.01359	0.01755	0.01755	0.01302	0.01869	0.01076	0.01416	0.00906	0.00510	0.00566	0.00170	0.00680	0.00510	0.00283	0.00906
9	0.01186	0.01017	0.01186	0.00847	0.01356	0.00762	0.00678	0.01440	0.01186	0.01864	0.01017	0.01186	0.00847	0.00424	0.00424	0.00085	0.00424	0.00339	0.00339	0.83395
10	0.02174	0.01602	0.01717	0.01316	0.01774	0.01774	0.01087	0.74423	0.02689	0.03605	0.01373	0.01373	0.00973	0.00687	0.00572	0.00172	0.00629	0.00515	0.00572	0.00973
11	0.00676	0.00579	0.00579	0.00579	0.00773	0.00483	0.00435	0.00821	0.01304	0.01545	0.05794	0.05505	0.76098	0.01449	0.00676	0.00193	0.00290	0.01207	0.00531	0.00483
12	0.00922	0.00658	0.00922	0.01053	0.01185	0.00658	0.00922	0.01185	0.01317	0.01712	0.03029	0.06452	0.03292	0.01580	0.00790	0.00263	0.00527	0.72480	0.00527	0.00527
13	0.01381	0.01323	0.02259	0.11326	0.68788	0.01350	0.01738	0.01725	0.01286	0.01826	0.01070	0.01427	0.00891	0.00516	0.00567	0.00172	0.00688	0.00510	0.00280	0.00878
14	0.01089	0.01026	0.01732	0.76485	0.05907	0.01273	0.01593	0.01469	0.01148	0.01472	0.01018	0.01522	0.00766	0.00570	0.00572	0.00190	0.00760	0.00508	0.00255	0.00643
15	0.02068	0.02386	0.01602	0.01415	0.01740	0.57222	0.01081	0.14200	0.09472	0.01865	0.01115	0.01202	0.00881	0.00625	0.00532	0.00156	0.00905	0.00421	0.00370	0.00739
16	0.57775	0.01226	0.01097	0.00914	0.01301	0.01383	0.00754	0.20586	0.01458	0.07383	0.01035	0.01107	0.00760	0.00582	0.00424	0.00176	0.00494	0.00379	0.00432	0.00733
17	0.02174	0.01602	0.01717	0.01316	0.01774	0.01774	0.01087	0.74423	0.02689	0.03605	0.01373	0.01373	0.00973	0.00687	0.00572	0.00172	0.00629	0.00515	0.00572	0.00973
18	0.00818	0.00549	0.00628	0.00642	0.00645	0.00545	0.00366	0.00828	0.00859	0.01146	0.01943	0.11639	0.02257	0.71761	0.02684	0.00521	0.00531	0.00915	0.00366	0.00359
19	0.01152	0.01017	0.01356	0.25725	0.02183	0.00925	0.00969	0.01447	0.01173	0.01735	0.01017	0.01295	0.00820	0.00471	0.00471	0.00119	0.00532	0.00393	0.00312	0.56888
20	0.01416	0.01359	0.02322	0.03511	0.76330	0.01359	0.01755	0.01755	0.01302	0.01869	0.01076	0.01416	0.00906	0.00510	0.00566	0.00170	0.00680	0.00510	0.00283	0.00906
21	0.00935	0.00786	0.01145	0.01077	0.01151	0.00996	0.00860	0.01117	0.00908	0.01341	0.01321	0.01978	0.01246	0.03400	0.57133	0.00738	0.22454	0.00582	0.00291	0.00542
22	0.00817	0.00613	0.00919	0.00919	0.01021	0.00715	0.00715	0.01021	0.00919	0.01328	0.01532	0.02247	0.01430	0.04290	0.77631	0.00919	0.01532	0.00613	0.00306	0.00511
23	0.02291	0.01218	0.01400	0.01115	0.01532	0.05698	0.00905	0.13886	0.13990	0.48576	0.02049	0.01834	0.01361	0.00709	0.00572	0.00177	0.00536	0.00565	0.00641	0.00943
24	0.01066	0.00533	0.00533	0.00533	0.00666	0.00533	0.00400	0.01333	0.01200	0.02132	0.01866	0.02132	0.01466	0.00666	0.00400	0.00133	0.00267	0.00533	0.83073	0.00533
25	0.01251	0.01251	0.01752	0.01502	0.01502	0.01752	0.01251	0.01377	0.00876	0.01377	0.00751	0.01251	0.00751	0.01001	0.01877	0.00250	0.78851	0.00501	0.00250	0.00626
26	0.00709	0.00507	0.00674	0.00788	0.00832	0.00472	0.00532	0.00826	0.01150	0.01547	0.10745	0.71685	0.03951	0.01727	0.00724	0.00227	0.00325	0.01564	0.00541	0.00472
27	0.01066	0.00533	0.00533	0.00533	0.00666	0.00533	0.00400	0.01333	0.01200	0.02132	0.01866	0.02132	0.01466	0.00666	0.00400	0.00133	0.00267	0.00533	0.83073	0.00533
28	0.71131	0.01109	0.01006	0.09062	0.05142	0.01286	0.00778	0.01662	0.01008	0.02416	0.00833	0.01016	0.00649	0.00534	0.00387	0.00178	0.00488	0.00341	0.00340	0.00635
29	0.09866	0.01092	0.01576	0.53712	0.03130	0.01316	0.01356	0.12750	0.01351	0.01900	0.01081	0.01484	0.00821	0.00813	0.05275	0.00231	0.00756	0.00495	0.00317	0.00678
30	0.01080	0.01017	0.01716	0.78523	0.03940	0.01271	0.01589	0.01461	0.01144	0.01461	0.01017	0.01525	0.00762	0.00572	0.00572	0.00191	0.00762	0.00508	0.00254	0.00635
31	0.00832	0.00555	0.00624	0.00624	0.00624	0.00555	0.00347	0.00832	0.00832	0.01109	0.01802	0.03743	0.02080	0.79898	0.02911	0.00555	0.00555	0.00832	0.00347	0.00347
32	0.01560	0.01517	0.01356	0.01224	0.01541	0.16084	0.00944	0.02894	0.61118	0.02202	0.02050	0.01922	0.01552	0.00740	0.00569	0.00185	0.00564	0.00593	0.00527	0.00859
33	0.00906	0.00833	0.01532	0.01313	0.01521	0.00779	0.24143	0.01128	0.01177	0.01579	0.02513	0.54549	0.02849	0.01372	0.00712	0.00220	0.00534	0.01321	0.00454	0.00563
34	0.01080	0.01017	0.01716	0.78523	0.03940	0.01271	0.01589	0.01461	0.01144	0.01461	0.01017	0.01525	0.00762	0.00572	0.00572	0.00191	0.00762	0.00508	0.00254	0.00635
35	0.10692	0.01578	0.01623	0.01261	0.01704	0.03566	0.01039	0.65091	0.02485	0.03443	0.01301	0.01319	0.00930	0.00668	0.00548	0.00172	0.00620	0.00490	0.00543	0.00928
36	0.01896	0.01298	0.01449	0.01173	0.01537	0.01394	0.00941	0.51049	0.02235	0.10760	0.01850	0.18321	0.01626	0.00928	0.00607	0.00185	0.00550	0.00761	0.00577	0.00863
37	0.00697	0.00498	0.00664	0.00796	0.00830	0.00465	0.00531	0.00796	0.01095	0.01460	0.03153	0.79525	0.03783	0.01792	0.00730	0.00232	0.00332	0.01626	0.00531	0.00465
38	0.01080	0.01017	0.01716	0.78523	0.03940	0.01271	0.01589	0.01461	0.01144	0.01461	0.01017	0.01525	0.00762	0.00572	0.00572	0.00191	0.00762	0.00508	0.00254	0.00635
39	0.01147	0.02959	0.76934	0.01630	0.02476	0.01328	0.02113	0.01811	0.01208	0.01811	0.01026	0.01208	0.00725	0.00543	0.00543	0.00181	0.00845	0.00423	0.00242	0.00845
40	0.01251	0.01251	0.01752	0.01502	0.01502	0.01752	0.01251	0.01377	0.00876	0.01377	0.00751	0.01251	0.00751	0.01001	0.01877	0.00250	0.78851	0.00501	0.00250	0.00626
41	0.00696	0.00503	0.00659	0.00783	0.00826	0.00466	0.00525	0.00798	0.01108	0.01465	0.03311	0.75073	0.08132	0.01771	0.00727	0.00230	0.00329	0.01601	0.00531	0.00466
42	0.01141	0.01208	0.02507	0.01894	0.02298	0.01132	0.50641	0.01500	0.01268	0.01713	0.01796	0.26519	0.01802	0.00902	0.00693	0.00205	0.00762	0.00980	0.00367	0.00673
43	0.00826	0.00772	0.01200	0.01017	0.01263	0.00688	0.16405	0.01035	0.01274	0.01591	0.04288	0.18772	0.46043	0.01305	0.00686	0.00201	0.00444	0.01172	0.00479	0.00542
44	0.01251	0.01251	0.01752	0.01502	0.01502	0.01752	0.01251	0.01377	0.00876	0.01377	0.00751	0.01251	0.00751	0.01001	0.01877	0.00250	0.78851	0.00501	0.00250	0.00626
45	0.01491	0.01213	0.01295	0.01155	0.01486	0.01388	0.00901	0.03024	0.70867	0.06863	0.02324	0.02123	0.01726	0.00772	0.00582	0.00193	0.00455	0.00642	0.00590	0.00909
46	0.52482	0.01200	0.01563	0.01234	0.01617	0.01307	0.20402	0.01670	0.01108	0.02291	0.05415	0.01312	0.00980	0.00581	0.00539	0.00185	0.04650	0.00461	0.00348	0.00656
47	0.01355	0.00746	0.00970	0.00847	0.01083	0.00690	0.00669	0.05351	0.01653	0.22276	0.46104	0.03662	0.05844	0.01053	0.00650	0.00184	0.00363	0.05186	0.00639	0.00676
48	0.01053	0.00867	0.01046	0.00858	0.01224	0.00687	0.00671	0.01275	0.01180	0.01761	0.01688	0.18663	0.01736	0.00840	0.00528	0.00135	0.00415	0.08133	0.00400	0.56840
49	0.00930	0.00762	0.01223	0.01028	0.01156	0.00738	0.16337	0.01044	0.00971	0.01302	0.01804	0.11163	0.01995	0.54599	0.02201	0.00443	0.00620	0.00881	0.00353	0.00451
50	0.01416	0.01245	0.01620	0.01308	0.01700	0.01316	0.12229	0.09937	0.40054	0.02284	0.01792	0.01821	0.01369	0.00881	0.05295	0.00219	0.00612	0.00587	0.00481	0.13834
51	0.02015	0.01191	0.01398	0.01130	0.01513	0.01224	0.00920	0.33460	0.05918	0.27337	0.01994	0.10047	0.01590	0.00862	0.00600	0.00185	0.00532	0.04982	0.00606	0.02496
52	0.10487	0.01301	0.01384	0.01120	0.01493	0.03216	0.00905	0.39440	0.06507	0.12474	0.09359	0.06532	0.01667	0.00794	0.00569	0.00178	0.00535	0.00628	0.00564	0.00848
53	0.01442	0.01367	0.02338	0.01760	0.02196	0.05820	0.39119	0.06275	0.05365	0.07800	0.05216	0.09801	0.01482	0.00712	0.00661	0.00186	0.02191	0.00733	0.00399	0.05137

[dist]
# distance from previous block
# <min> <max>
18	44

[block]
# block no. 10 follows, 41 sequences, length 7
# corresponding to MSA columns:
# 515-521
name=unknown_K
#
# <colnr> <probs for GDERKNQSTAVLIFYWHMCP>
#	G	D	E	R	K	N	Q	S	T	A	V	L	I	F	Y	W	H	M	C	P
0	0.14583	0.01211	0.01378	0.01082	0.01510	0.01241	0.00891	0.25808	0.05913	0.37877	0.01756	0.01619	0.01171	0.00678	0.00541	0.00176	0.00524	0.00520	0.00604	0.00916
1	0.00994	0.01631	0.33618	0.01255	0.01687	0.00923	0.01374	0.01419	0.01281	0.01789	0.08623	0.08985	0.02406	0.01112	0.00670	0.00218	0.00628	0.30312	0.00413	0.00661
2	0.01268	0.09176	0.38732	0.01909	0.02608	0.01462	0.33073	0.01812	0.01265	0.01779	0.01062	0.01326	0.00787	0.00512	0.00585	0.00181	0.00876	0.00521	0.00262	0.00804
3	0.01096	0.00827	0.01044	0.00970	0.01142	0.00899	0.00773	0.01617	0.16371	0.06028	0.37168	0.03678	0.03570	0.01107	0.00814	0.00204	0.09899	0.11584	0.00563	0.00645
4	0.07673	0.01123	0.01297	0.01007	0.01399	0.01093	0.00814	0.10360	0.04484	0.02067	0.01125	0.03638	0.00959	0.00607	0.00671	0.00136	0.12213	0.00435	0.00371	0.48527
5	0.01266	0.01998	0.44242	0.01307	0.01889	0.01055	0.01502	0.01745	0.01303	0.13067	0.13207	0.01932	0.01657	0.01123	0.09930	0.00270	0.00783	0.00566	0.00381	0.00775
6	0.02310	0.01264	0.01492	0.01157	0.01597	0.01287	0.00952	0.33650	0.07753	0.39529	0.01882	0.01714	0.01250	0.00704	0.00574	0.00176	0.00546	0.00555	0.00640	0.00968

[dist]
# distance from previous block
# <min> <max>
0	3

[block]
# block no. 11 follows, 41 sequences, length 8
# corresponding to MSA columns:
# 525-532
name=unknown_L
#
# <colnr> <probs for GDERKNQSTAVLIFYWHMCP>
#	G	D	E	R	K	N	Q	S	T	A	V	L	I	F	Y	W	H	M	C	P
0	0.02070	0.01569	0.01800	0.01618	0.12022	0.01717	0.01179	0.64435	0.02499	0.03366	0.01332	0.01379	0.00964	0.00662	0.00571	0.00171	0.00636	0.00514	0.00532	0.00964
1	0.01529	0.80242	0.02997	0.00979	0.01468	0.02263	0.00979	0.01713	0.01162	0.01346	0.00795	0.00918	0.00734	0.00489	0.00367	0.00122	0.00612	0.00306	0.00245	0.00734
2	0.08469	0.01530	0.01611	0.01259	0.01696	0.01704	0.01035	0.62428	0.08999	0.03416	0.01413	0.01406	0.01014	0.00682	0.00556	0.00174	0.00599	0.00511	0.00556	0.00939
3	0.01195	0.09407	0.44916	0.01310	0.02010	0.01226	0.01531	0.01679	0.01196	0.01786	0.01002	0.01174	0.00766	0.00499	0.00487	0.00144	0.00683	0.00384	0.00274	0.28331
4	0.00885	0.00750	0.01145	0.11449	0.01505	0.00828	0.05335	0.01065	0.01108	0.01495	0.02402	0.46800	0.02737	0.01420	0.00869	0.00230	0.11239	0.07767	0.00440	0.00534
5	0.01533	0.01273	0.02344	0.05621	0.02331	0.01148	0.37837	0.01902	0.01355	0.16473	0.01330	0.01532	0.00965	0.00516	0.00588	0.00163	0.00726	0.00563	0.00382	0.21417
6	0.01231	0.01859	0.27076	0.01673	0.02118	0.01461	0.16439	0.01620	0.01111	0.01658	0.00949	0.01291	0.00775	0.00691	0.01058	0.00201	0.29957	0.00496	0.00263	0.08074
7	0.00875	0.00721	0.00786	0.00745	0.00950	0.00701	0.00566	0.01372	0.17321	0.01940	0.25021	0.04429	0.39987	0.01224	0.00655	0.00190	0.00319	0.01037	0.00570	0.00590

[dist]
# distance from previous block
# <min> <max>
4	11

[block]
# block no. 12 follows, 41 sequences, length 23
# corresponding to MSA columns:
# 544-566
name=unknown_M
#
# <colnr> <probs for GDERKNQSTAVLIFYWHMCP>
#	G	D	E	R	K	N	Q	S	T	A	V	L	I	F	Y	W	H	M	C	P
0	0.00815	0.00592	0.00672	0.00663	0.00837	0.00513	0.00493	0.00984	0.01360	0.06004	0.19765	0.15179	0.47279	0.01395	0.00677	0.00195	0.00303	0.01192	0.00562	0.00520
1	0.13036	0.00677	0.00668	0.00635	0.00859	0.00627	0.00489	0.01105	0.01285	0.06086	0.08440	0.04361	0.52453	0.01210	0.00606	0.00186	0.00321	0.00990	0.05429	0.00537
2	0.18349	0.59385	0.02456	0.00943	0.01395	0.02013	0.00901	0.01785	0.05532	0.01657	0.00887	0.00992	0.00771	0.00515	0.00377	0.00138	0.00568	0.00327	0.00287	0.00721
3	0.62193	0.01042	0.00899	0.00803	0.01126	0.01169	0.00647	0.05807	0.01155	0.06915	0.04863	0.08833	0.01231	0.00705	0.00432	0.00182	0.00437	0.00501	0.00418	0.00642
4	0.01467	0.01658	0.03123	0.02265	0.02810	0.08658	0.63515	0.05672	0.01446	0.01884	0.01143	0.01486	0.00861	0.00503	0.00655	0.00187	0.00953	0.00638	0.00305	0.00772
5	0.01488	0.01457	0.02627	0.01895	0.02436	0.01385	0.45553	0.16580	0.01593	0.02200	0.01175	0.01442	0.00885	0.00513	0.00607	0.00168	0.00795	0.00579	0.00356	0.16266
6	0.01326	0.01473	0.02984	0.02192	0.02631	0.01520	0.56655	0.01722	0.01236	0.01722	0.01059	0.01473	0.00840	0.00607	0.00965	0.00207	0.19740	0.00633	0.00280	0.00736
7	0.02244	0.01373	0.01566	0.01197	0.01653	0.01426	0.00988	0.47985	0.02278	0.26449	0.01631	0.01543	0.01105	0.00679	0.00565	0.00169	0.00573	0.00524	0.00602	0.05451
8	0.01248	0.23334	0.57441	0.01459	0.02210	0.01575	0.01814	0.01785	0.01196	0.01689	0.00966	0.01131	0.00727	0.00529	0.00497	0.00166	0.00784	0.00392	0.00242	0.00816
9	0.01423	0.01229	0.01293	0.01164	0.01487	0.01423	0.00905	0.03039	0.75297	0.02393	0.02328	0.02134	0.01746	0.00776	0.00582	0.00194	0.00453	0.00647	0.00582	0.00905
10	0.01186	0.01017	0.01186	0.00847	0.01356	0.00762	0.00678	0.01440	0.01186	0.01864	0.01017	0.01186	0.00847	0.00424	0.00424	0.00085	0.00424	0.00339	0.00339	0.83395
11	0.01186	0.01017	0.01186	0.00847	0.01356	0.00762	0.00678	0.01440	0.01186	0.01864	0.01017	0.01186	0.00847	0.00424	0.00424	0.00085	0.00424	0.00339	0.00339	0.83395
12	0.01186	0.01017	0.01186	0.00847	0.01356	0.00762	0.00678	0.01440	0.01186	0.01864	0.01017	0.01186	0.00847	0.00424	0.00424	0.00085	0.00424	0.00339	0.00339	0.83395
13	0.02111	0.01571	0.01681	0.01303	0.01750	0.01744	0.01072	0.68390	0.08826	0.03502	0.01454	0.01438	0.01038	0.00694	0.00573	0.00174	0.00614	0.00526	0.00573	0.00967
14	0.01529	0.80242	0.02997	0.00979	0.01468	0.02263	0.00979	0.01713	0.01162	0.01346	0.00795	0.00918	0.00734	0.00489	0.00367	0.00122	0.00612	0.00306	0.00245	0.00734
15	0.00676	0.00579	0.00579	0.00579	0.00773	0.00483	0.00435	0.00821	0.01304	0.01545	0.05794	0.05505	0.76098	0.01449	0.00676	0.00193	0.00290	0.01207	0.00531	0.00483
16	0.02566	0.00973	0.01327	0.01018	0.01460	0.00841	0.00841	0.02788	0.01637	0.76726	0.02257	0.01947	0.01416	0.00708	0.00575	0.00177	0.00487	0.00575	0.00708	0.00973
17	0.01529	0.80242	0.02997	0.00979	0.01468	0.02263	0.00979	0.01713	0.01162	0.01346	0.00795	0.00918	0.00734	0.00489	0.00367	0.00122	0.00612	0.00306	0.00245	0.00734
18	0.00676	0.00579	0.00579	0.00579	0.00773	0.00483	0.00435	0.00821	0.01304	0.01545	0.05794	0.05505	0.76098	0.01449	0.00676	0.00193	0.00290	0.01207	0.00531	0.00483
19	0.01529	0.80242	0.02997	0.00979	0.01468	0.02263	0.00979	0.01713	0.01162	0.01346	0.00795	0.00918	0.00734	0.00489	0.00367	0.00122	0.00612	0.00306	0.00245	0.00734
20	0.02137	0.02726	0.01621	0.01474	0.01768	0.77602	0.01105	0.02284	0.01621	0.01400	0.00884	0.01031	0.00737	0.00589	0.00516	0.00147	0.01031	0.00368	0.00295	0.00663
21	0.00697	0.00498	0.00664	0.00796	0.00830	0.00465	0.00531	0.00796	0.01095	0.01460	0.03153	0.79525	0.03783	0.01792	0.00730	0.00232	0.00332	0.01626	0.00531	0.00465
22	0.01147	0.02959	0.76934	0.01630	0.02476	0.01328	0.02113	0.01811	0.01208	0.01811	0.01026	0.01208	0.00725	0.00543	0.00543	0.00181	0.00845	0.00423	0.00242	0.00845

[dist]
# distance from previous block
# <min> <max>
0	1

[block]
