[name]
unknown

[dist]
# distance from previous block
# <min> <max>
12	527

[block]
# block no. 0 follows, 40 sequences, length 16
# corresponding to MSA columns:
# 540-555
name=unknown_A
#
# <colnr> <probs for GDERKNQSTAVLIFYWHMCP>
#	G	D	E	R	K	N	Q	S	T	A	V	L	I	F	Y	W	H	M	C	P
0	0.01108	0.04974	0.41832	0.21776	0.02609	0.01242	0.01708	0.01624	0.01276	0.01808	0.12972	0.01801	0.01508	0.00660	0.00575	0.00184	0.00735	0.00548	0.00312	0.00749
1	0.01555	0.79913	0.03047	0.00995	0.01493	0.02301	0.00995	0.01741	0.01182	0.01368	0.00808	0.00933	0.00746	0.00498	0.00373	0.00124	0.00622	0.00311	0.00249	0.00746
2	0.00798	0.00592	0.00866	0.00901	0.00987	0.00659	0.00677	0.00978	0.00982	0.01386	0.01995	0.22679	0.02088	0.03688	0.56965	0.00749	0.01234	0.00896	0.00372	0.00507
3	0.06908	0.00797	0.00983	0.00964	0.04285	0.00847	0.00709	0.01225	0.03084	0.03639	0.30198	0.05204	0.24077	0.01159	0.00850	0.00199	0.12844	0.00931	0.00513	0.00586
4	0.04665	0.05294	0.40653	0.01611	0.05809	0.23883	0.01650	0.02034	0.01374	0.06306	0.01063	0.01211	0.00789	0.00573	0.00534	0.00171	0.00861	0.00419	0.00297	0.00803
5	0.01177	0.02484	0.56568	0.01446	0.02215	0.01198	0.01761	0.01742	0.01222	0.01856	0.01041	0.01222	0.00770	0.00520	0.00520	0.00158	0.00746	0.00407	0.00272	0.22676
6	0.01117	0.00811	0.00970	0.00961	0.01114	0.00834	0.00707	0.20237	0.01553	0.02074	0.02720	0.55372	0.03067	0.01514	0.00702	0.00221	0.00426	0.04436	0.00551	0.00612
7	0.01333	0.01730	0.16166	0.05096	0.22149	0.01452	0.31481	0.01776	0.01275	0.01806	0.01081	0.01440	0.00850	0.00569	0.00760	0.00194	0.09182	0.00570	0.00278	0.00814
8	0.01332	0.01272	0.02166	0.27068	0.53277	0.01353	0.01731	0.01691	0.01273	0.01769	0.01075	0.01474	0.00875	0.00538	0.00577	0.00179	0.00717	0.00518	0.00279	0.00834
9	0.01434	0.00634	0.00915	0.00831	0.00950	0.00598	0.00598	0.01308	0.00998	0.20988	0.01351	0.01824	0.01124	0.01675	0.01825	0.61094	0.00502	0.00526	0.00376	0.00448
10	0.01133	0.01590	0.21688	0.53182	0.03551	0.01319	0.06231	0.01604	0.01193	0.01604	0.01045	0.01466	0.00772	0.00568	0.00580	0.00191	0.00810	0.00504	0.00257	0.00711
11	0.01358	0.00933	0.01149	0.21320	0.01830	0.01043	0.00894	0.18800	0.01567	0.02346	0.01548	0.01819	0.01181	0.00657	0.00495	0.00160	0.00493	0.00531	0.41199	0.00677
12	0.01206	0.01034	0.01206	0.00861	0.01378	0.00775	0.00689	0.01464	0.01206	0.01895	0.01034	0.01206	0.00861	0.00431	0.00431	0.00086	0.00431	0.00345	0.00345	0.83118
13	0.01635	0.42936	0.18463	0.01271	0.01793	0.21969	0.01277	0.01917	0.01315	0.01484	0.00883	0.01027	0.00745	0.00536	0.00452	0.00144	0.00786	0.00353	0.00262	0.00751
14	0.00833	0.00614	0.00887	0.00887	0.00974	0.00701	0.00667	0.01008	0.00920	0.01314	0.01602	0.02528	0.01560	0.16400	0.65365	0.00875	0.01399	0.00659	0.00318	0.00493
15	0.00835	0.00607	0.00855	0.00855	0.00931	0.00684	0.00628	0.00987	0.00911	0.01291	0.01630	0.02688	0.01629	0.24306	0.57553	0.00836	0.01294	0.00682	0.00322	0.00475

[dist]
# distance from previous block
# <min> <max>
61	352

# created by:
# /software/SequenceAnalysis/GenePrediction/augustus/3.0.1/scripts/msa2prfl.pl ./fixed/BUSCOvEOG7Z642C.fas
