[name]
unknown

[dist]
# distance from previous block
# <min> <max>
0	117

[block]
# block no. 0 follows, 41 sequences, length 14
# corresponding to MSA columns:
# 122-135
name=unknown_A
#
# <colnr> <probs for GDERKNQSTAVLIFYWHMCP>
#	G	D	E	R	K	N	Q	S	T	A	V	L	I	F	Y	W	H	M	C	P
0	0.01194	0.01095	0.01783	0.77203	0.03973	0.01328	0.01621	0.01538	0.01215	0.01569	0.01130	0.01676	0.00871	0.00647	0.00619	0.00211	0.00796	0.00544	0.00294	0.00694
1	0.02137	0.02726	0.01621	0.01474	0.01768	0.77602	0.01105	0.02284	0.01621	0.01400	0.00884	0.01031	0.00737	0.00589	0.00516	0.00147	0.01031	0.00368	0.00295	0.00663
2	0.00832	0.00555	0.00624	0.00624	0.00624	0.00555	0.00347	0.00832	0.00832	0.01109	0.01802	0.03743	0.02080	0.79898	0.02911	0.00555	0.00555	0.00832	0.00347	0.00347
3	0.01090	0.01029	0.01718	0.74318	0.03806	0.01297	0.01570	0.01457	0.01129	0.01457	0.01002	0.01510	0.00762	0.00595	0.00643	0.00194	0.05026	0.00508	0.00254	0.00635
4	0.01066	0.00533	0.00533	0.00533	0.00666	0.00533	0.00400	0.01333	0.01200	0.02132	0.01866	0.02132	0.01466	0.00666	0.00400	0.00133	0.00267	0.00533	0.83073	0.00533
5	0.01529	0.80242	0.02997	0.00979	0.01468	0.02263	0.00979	0.01713	0.01162	0.01346	0.00795	0.00918	0.00734	0.00489	0.00367	0.00122	0.00612	0.00306	0.00245	0.00734
6	0.01066	0.00533	0.00533	0.00533	0.00666	0.00533	0.00400	0.01333	0.01200	0.02132	0.01866	0.02132	0.01466	0.00666	0.00400	0.00133	0.00267	0.00533	0.83073	0.00533
7	0.83938	0.01106	0.00841	0.00752	0.01106	0.01283	0.00619	0.01681	0.00973	0.02566	0.00796	0.00929	0.00619	0.00531	0.00354	0.00177	0.00442	0.00310	0.00354	0.00619
8	0.02137	0.02726	0.01621	0.01474	0.01768	0.77602	0.01105	0.02284	0.01621	0.01400	0.00884	0.01031	0.00737	0.00589	0.00516	0.00147	0.01031	0.00368	0.00295	0.00663
9	0.06842	0.05149	0.01709	0.09023	0.01926	0.01681	0.01095	0.56625	0.02321	0.06092	0.01311	0.01364	0.00937	0.00658	0.00550	0.00172	0.00625	0.00495	0.00517	0.00907
10	0.01416	0.01359	0.02322	0.03511	0.76330	0.01359	0.01755	0.01755	0.01302	0.01869	0.01076	0.01416	0.00906	0.00510	0.00566	0.00170	0.00680	0.00510	0.00283	0.00906
11	0.00832	0.00555	0.00624	0.00624	0.00624	0.00555	0.00347	0.00832	0.00832	0.01109	0.01802	0.03743	0.02080	0.79898	0.02911	0.00555	0.00555	0.00832	0.00347	0.00347
12	0.11734	0.01341	0.02104	0.03046	0.62842	0.01373	0.01577	0.05762	0.01338	0.02052	0.01058	0.01353	0.00874	0.00522	0.00540	0.00171	0.00647	0.00485	0.00308	0.00874
13	0.05624	0.08616	0.08412	0.01461	0.01841	0.52728	0.05877	0.02179	0.05239	0.01563	0.00977	0.01122	0.00790	0.00577	0.00513	0.00155	0.00922	0.00400	0.00303	0.00702

[dist]
# distance from previous block
# <min> <max>
0	1

[block]
# block no. 1 follows, 41 sequences, length 56
# corresponding to MSA columns:
# 137-192
name=unknown_B
#
# <colnr> <probs for GDERKNQSTAVLIFYWHMCP>
#	G	D	E	R	K	N	Q	S	T	A	V	L	I	F	Y	W	H	M	C	P
0	0.01215	0.02509	0.54229	0.01956	0.08354	0.01358	0.18646	0.01812	0.01248	0.01821	0.01060	0.01301	0.00772	0.00527	0.00575	0.00183	0.00860	0.00487	0.00256	0.00833
1	0.01066	0.00533	0.00533	0.00533	0.00666	0.00533	0.00400	0.01333	0.01200	0.02132	0.01866	0.02132	0.01466	0.00666	0.00400	0.00133	0.00267	0.00533	0.83073	0.00533
2	0.01406	0.01387	0.02482	0.03344	0.65187	0.01372	0.12770	0.01767	0.01310	0.01863	0.01088	0.01435	0.00900	0.00505	0.00583	0.00173	0.00723	0.00535	0.00284	0.00886
3	0.00696	0.00501	0.00661	0.00789	0.00828	0.00465	0.00528	0.00797	0.01102	0.01463	0.03244	0.76967	0.06282	0.01780	0.00728	0.00231	0.00330	0.01612	0.00531	0.00465
4	0.00908	0.00741	0.00770	0.00774	0.00824	0.06292	0.00508	0.00967	0.00986	0.01259	0.02248	0.18383	0.07990	0.44557	0.06446	0.00440	0.04139	0.00955	0.00387	0.00426
5	0.01275	0.01038	0.01212	0.00872	0.01376	0.00805	0.00700	0.04373	0.01262	0.04624	0.01075	0.01221	0.00873	0.00444	0.00435	0.00091	0.00434	0.00354	0.00361	0.77174
6	0.01475	0.51686	0.18471	0.01102	0.01637	0.01825	0.01177	0.01771	0.01243	0.07394	0.06522	0.01308	0.01130	0.00568	0.00444	0.00143	0.00627	0.00406	0.00309	0.00762
7	0.01416	0.01359	0.02322	0.03511	0.76330	0.01359	0.01755	0.01755	0.01302	0.01869	0.01076	0.01416	0.00906	0.00510	0.00566	0.00170	0.00680	0.00510	0.00283	0.00906
8	0.07527	0.11272	0.19840	0.01156	0.01696	0.01202	0.01161	0.05291	0.01473	0.41294	0.01644	0.01549	0.01093	0.00628	0.00527	0.00171	0.00592	0.00485	0.00508	0.00889
9	0.01377	0.05212	0.13617	0.05390	0.46867	0.04393	0.05909	0.01814	0.04659	0.01816	0.01155	0.03149	0.00960	0.00559	0.00563	0.00173	0.00717	0.00523	0.00294	0.00852
10	0.00936	0.01012	0.12359	0.00884	0.01157	0.00734	0.00799	0.04126	0.04823	0.03471	0.34055	0.11374	0.19748	0.01153	0.00650	0.00189	0.00395	0.00992	0.00536	0.00608
11	0.02137	0.02726	0.01621	0.01474	0.01768	0.77602	0.01105	0.02284	0.01621	0.01400	0.00884	0.01031	0.00737	0.00589	0.00516	0.00147	0.01031	0.00368	0.00295	0.00663
12	0.01865	0.01338	0.01470	0.01155	0.01545	0.01436	0.00940	0.53335	0.02336	0.05757	0.12784	0.03411	0.01729	0.00770	0.00578	0.00169	0.00541	0.00611	0.03618	0.04612
13	0.49458	0.01100	0.05392	0.12620	0.01569	0.01148	0.00838	0.01575	0.03052	0.02221	0.03748	0.07931	0.01161	0.00682	0.00450	0.00182	0.00489	0.00506	0.05256	0.00622
14	0.02137	0.02726	0.01621	0.01474	0.01768	0.77602	0.01105	0.02284	0.01621	0.01400	0.00884	0.01031	0.00737	0.00589	0.00516	0.00147	0.01031	0.00368	0.00295	0.00663
15	0.01350	0.01287	0.02155	0.03153	0.64911	0.01324	0.01626	0.01655	0.01254	0.01800	0.01204	0.07179	0.01107	0.00643	0.00681	0.00181	0.06751	0.00591	0.00299	0.00852
16	0.00817	0.00613	0.00919	0.00919	0.01021	0.00715	0.00715	0.01021	0.00919	0.01328	0.01532	0.02247	0.01430	0.04290	0.77631	0.00919	0.01532	0.00613	0.00306	0.00511
17	0.02142	0.02569	0.01634	0.01452	0.01769	0.67005	0.01103	0.12365	0.01770	0.01708	0.00952	0.01079	0.00770	0.00603	0.00524	0.00151	0.00975	0.00389	0.00333	0.00706
18	0.01464	0.52368	0.02613	0.01189	0.01538	0.02051	0.03951	0.01643	0.01096	0.03013	0.00828	0.01062	0.00759	0.00643	0.00824	0.00164	0.23444	0.00383	0.00258	0.00709
19	0.02137	0.02726	0.01621	0.01474	0.01768	0.77602	0.01105	0.02284	0.01621	0.01400	0.00884	0.01031	0.00737	0.00589	0.00516	0.00147	0.01031	0.00368	0.00295	0.00663
20	0.00832	0.00555	0.00624	0.00624	0.00624	0.00555	0.00347	0.00832	0.00832	0.01109	0.01802	0.03743	0.02080	0.79898	0.02911	0.00555	0.00555	0.00832	0.00347	0.00347
21	0.01032	0.00803	0.00790	0.00749	0.00808	0.06658	0.00470	0.06391	0.01033	0.01322	0.01692	0.03319	0.01877	0.65965	0.04419	0.00504	0.00622	0.00767	0.00358	0.00422
22	0.83938	0.01106	0.00841	0.00752	0.01106	0.01283	0.00619	0.01681	0.00973	0.02566	0.00796	0.00929	0.00619	0.00531	0.00354	0.00177	0.00442	0.00310	0.00354	0.00619
23	0.00740	0.00508	0.00655	0.00760	0.00803	0.00480	0.00507	0.00852	0.01104	0.01520	0.05832	0.64911	0.03540	0.07455	0.00863	0.00246	0.00341	0.01459	0.06959	0.00464
24	0.00817	0.00613	0.00919	0.00919	0.01021	0.00715	0.00715	0.01021	0.00919	0.01328	0.01532	0.02247	0.01430	0.04290	0.77631	0.00919	0.01532	0.00613	0.00306	0.00511
25	0.01066	0.00533	0.00533	0.00533	0.00666	0.00533	0.00400	0.01333	0.01200	0.02132	0.01866	0.02132	0.01466	0.00666	0.00400	0.00133	0.00267	0.00533	0.83073	0.00533
26	0.00984	0.00840	0.00878	0.00823	0.01064	0.00863	0.00630	0.01727	0.30957	0.01935	0.09113	0.04072	0.41584	0.01161	0.00638	0.00193	0.00354	0.00971	0.00558	0.00656
27	0.01066	0.00533	0.00533	0.00533	0.00666	0.00533	0.00400	0.01333	0.01200	0.02132	0.01866	0.02132	0.01466	0.00666	0.00400	0.00133	0.00267	0.00533	0.83073	0.00533
28	0.01443	0.10404	0.02288	0.06362	0.54626	0.05938	0.01584	0.01740	0.01266	0.01727	0.01006	0.01329	0.00859	0.00551	0.00638	0.00170	0.06476	0.00477	0.00276	0.00839
29	0.01080	0.01017	0.01716	0.78523	0.03940	0.01271	0.01589	0.01461	0.01144	0.01461	0.01017	0.01525	0.00762	0.00572	0.00572	0.00191	0.00762	0.00508	0.00254	0.00635
30	0.01186	0.01017	0.01186	0.00847	0.01356	0.00762	0.00678	0.01440	0.01186	0.01864	0.01017	0.01186	0.00847	0.00424	0.00424	0.00085	0.00424	0.00339	0.00339	0.83395
31	0.00817	0.00613	0.00919	0.00919	0.01021	0.00715	0.00715	0.01021	0.00919	0.01328	0.01532	0.02247	0.01430	0.04290	0.77631	0.00919	0.01532	0.00613	0.00306	0.00511
32	0.01186	0.01017	0.01186	0.00847	0.01356	0.00762	0.00678	0.01440	0.01186	0.01864	0.01017	0.01186	0.00847	0.00424	0.00424	0.00085	0.00424	0.00339	0.00339	0.83395
33	0.01529	0.80242	0.02997	0.00979	0.01468	0.02263	0.00979	0.01713	0.01162	0.01346	0.00795	0.00918	0.00734	0.00489	0.00367	0.00122	0.00612	0.00306	0.00245	0.00734
34	0.01222	0.01049	0.01202	0.00895	0.01376	0.00863	0.00712	0.01683	0.12446	0.01944	0.01216	0.01330	0.00984	0.00477	0.00448	0.00101	0.00428	0.00386	0.00376	0.70862
35	0.01285	0.30732	0.50364	0.01396	0.02114	0.01664	0.01706	0.01776	0.01191	0.01644	0.00943	0.01103	0.00728	0.00524	0.00480	0.00160	0.00761	0.00381	0.00243	0.00805
36	0.01529	0.80242	0.02997	0.00979	0.01468	0.02263	0.00979	0.01713	0.01162	0.01346	0.00795	0.00918	0.00734	0.00489	0.00367	0.00122	0.00612	0.00306	0.00245	0.00734
37	0.01199	0.02597	0.58123	0.01830	0.02607	0.01359	0.20562	0.01817	0.01244	0.01817	0.01060	0.01293	0.00761	0.00528	0.00577	0.00184	0.00876	0.00487	0.00254	0.00826
38	0.01001	0.06554	0.00928	0.00737	0.00958	0.00703	0.00572	0.01175	0.01460	0.07695	0.27538	0.04543	0.41436	0.01266	0.00672	0.00195	0.00348	0.01050	0.00576	0.00594
39	0.01346	0.13259	0.06047	0.01047	0.01575	0.01131	0.04193	0.04191	0.01287	0.01903	0.01070	0.01263	0.00892	0.00499	0.00469	0.00117	0.00532	0.00383	0.00348	0.58448
40	0.01592	0.79439	0.03023	0.01024	0.01514	0.02287	0.01005	0.01756	0.01204	0.01411	0.00865	0.01014	0.00799	0.00535	0.00398	0.00135	0.00633	0.00329	0.00268	0.00768
41	0.01214	0.02984	0.76168	0.01668	0.02511	0.01362	0.02127	0.01854	0.01249	0.01872	0.01094	0.01301	0.00790	0.00588	0.00572	0.00193	0.00864	0.00445	0.00265	0.00878
42	0.00991	0.00709	0.00970	0.01098	0.01235	0.00699	0.00948	0.01234	0.01357	0.01773	0.03074	0.06489	0.03329	0.01614	0.00816	0.00275	0.00549	0.71730	0.00547	0.00563
43	0.00756	0.00631	0.00642	0.00637	0.00831	0.00529	0.00473	0.00889	0.01363	0.01652	0.09911	0.05480	0.71227	0.01468	0.00703	0.00204	0.00314	0.01211	0.00558	0.00523
44	0.01415	0.01584	0.03397	0.02440	0.03020	0.01479	0.73493	0.01874	0.01390	0.01892	0.01223	0.01632	0.00931	0.00528	0.00702	0.00205	0.00982	0.00695	0.00313	0.00805
45	0.01134	0.00585	0.00586	0.00583	0.00721	0.00575	0.00432	0.01380	0.01241	0.02189	0.01924	0.02216	0.01523	0.00710	0.00430	0.00146	0.00292	0.00554	0.82209	0.00569
46	0.00887	0.00644	0.00779	0.00738	0.00900	0.00574	0.00550	0.01102	0.01574	0.03903	0.55157	0.04601	0.23840	0.01270	0.00700	0.00196	0.00305	0.01085	0.00625	0.00571
47	0.00854	0.00630	0.00781	0.00750	0.00894	0.00569	0.00554	0.01074	0.01578	0.02186	0.60366	0.08913	0.16060	0.01286	0.00705	0.00197	0.00302	0.01111	0.00629	0.00562
48	0.01134	0.00585	0.00586	0.00583	0.00721	0.00575	0.00432	0.01380	0.01241	0.02189	0.01924	0.02216	0.01523	0.00710	0.00430	0.00146	0.00292	0.00554	0.82209	0.00569
49	0.01214	0.02984	0.76168	0.01668	0.02511	0.01362	0.02127	0.01854	0.01249	0.01872	0.01094	0.01301	0.00790	0.00588	0.00572	0.00193	0.00864	0.00445	0.00265	0.00878
50	0.01592	0.79439	0.03023	0.01024	0.01514	0.02287	0.01005	0.01756	0.01204	0.01411	0.00865	0.01014	0.00799	0.00535	0.00398	0.00135	0.00633	0.00329	0.00268	0.00768
51	0.01062	0.00549	0.00795	0.00793	0.00799	0.00539	0.00528	0.00799	0.00792	0.01062	0.01061	0.01826	0.01056	0.02017	0.02246	0.82478	0.00520	0.00518	0.00272	0.00287
52	0.00884	0.00598	0.00681	0.00697	0.00708	0.00584	0.00405	0.00879	0.00914	0.01226	0.02050	0.14399	0.02368	0.68177	0.02610	0.00518	0.00546	0.00961	0.00395	0.00401
53	0.01318	0.01296	0.01791	0.01541	0.01548	0.01781	0.01274	0.01423	0.00921	0.01441	0.00821	0.01344	0.00816	0.01041	0.01891	0.00262	0.78034	0.00522	0.00274	0.00661
54	0.70695	0.01227	0.01023	0.00885	0.01258	0.01392	0.00720	0.12777	0.01278	0.02776	0.00954	0.01093	0.00739	0.00600	0.00418	0.00188	0.00494	0.00364	0.00410	0.00708
55	0.01148	0.01063	0.01755	0.77737	0.03959	0.01305	0.01608	0.01507	0.01186	0.01525	0.01084	0.01615	0.00827	0.00617	0.00600	0.00203	0.00782	0.00530	0.00278	0.00670

[dist]
# distance from previous block
# <min> <max>
0	3

[block]
# block no. 2 follows, 41 sequences, length 15
# corresponding to MSA columns:
# 196-210
name=unknown_C
#
# <colnr> <probs for GDERKNQSTAVLIFYWHMCP>
#	G	D	E	R	K	N	Q	S	T	A	V	L	I	F	Y	W	H	M	C	P
0	0.01251	0.01251	0.01752	0.01502	0.01502	0.01752	0.01251	0.01377	0.00876	0.01377	0.00751	0.01251	0.00751	0.01001	0.01877	0.00250	0.78851	0.00501	0.00250	0.00626
1	0.00697	0.00498	0.00664	0.00796	0.00830	0.00465	0.00531	0.00796	0.01095	0.01460	0.03153	0.79525	0.03783	0.01792	0.00730	0.00232	0.00332	0.01626	0.00531	0.00465
2	0.83938	0.01106	0.00841	0.00752	0.01106	0.01283	0.00619	0.01681	0.00973	0.02566	0.00796	0.00929	0.00619	0.00531	0.00354	0.00177	0.00442	0.00310	0.00354	0.00619
3	0.02022	0.00927	0.04637	0.00892	0.01255	0.00766	0.00760	0.02278	0.01478	0.49446	0.02074	0.01971	0.01399	0.00687	0.00518	0.00163	0.00434	0.00555	0.26911	0.00827
4	0.01154	0.00891	0.05054	0.00866	0.01153	0.00748	0.00731	0.03050	0.08754	0.12044	0.18107	0.03888	0.25533	0.01095	0.00636	0.00186	0.00400	0.08192	0.00550	0.06966
5	0.01141	0.00958	0.01117	0.00861	0.01273	0.00800	0.00679	0.01565	0.10343	0.02013	0.15879	0.01907	0.01849	0.00613	0.00492	0.00117	0.00397	0.00513	0.00426	0.57059
6	0.01320	0.00979	0.01171	0.00858	0.01330	0.00755	0.00686	0.01572	0.01272	0.10735	0.06889	0.01512	0.01262	0.00514	0.00461	0.00103	0.00419	0.00420	0.00405	0.67339
7	0.01268	0.27333	0.53615	0.01425	0.02158	0.01623	0.01755	0.01780	0.01193	0.01665	0.00954	0.01116	0.00728	0.00526	0.00488	0.00163	0.00772	0.00386	0.00243	0.00810
8	0.01846	0.01427	0.01496	0.01173	0.01565	0.05281	0.00956	0.47453	0.02139	0.02943	0.01321	0.01413	0.00989	0.00659	0.00600	0.00158	0.04945	0.00484	0.10378	0.12774
9	0.48745	0.01264	0.11831	0.00911	0.01283	0.01132	0.00852	0.01636	0.04866	0.02354	0.14132	0.01920	0.01672	0.00715	0.00473	0.00184	0.00476	0.04500	0.00407	0.00647
10	0.01408	0.55636	0.26538	0.01186	0.01789	0.01966	0.01340	0.01744	0.01177	0.01494	0.00869	0.01010	0.00731	0.00507	0.00423	0.00141	0.00686	0.00343	0.00244	0.00769
11	0.00804	0.00547	0.00654	0.00696	0.00714	0.00539	0.00432	0.00847	0.00931	0.01238	0.02224	0.22891	0.02588	0.55015	0.02221	0.00454	0.00497	0.05914	0.00405	0.00388
12	0.01304	0.01547	0.07194	0.10080	0.02949	0.01444	0.57444	0.01760	0.01286	0.01760	0.01106	0.01501	0.00841	0.00533	0.00745	0.00196	0.06648	0.00631	0.00280	0.00751
13	0.01140	0.02760	0.69247	0.09489	0.02625	0.01322	0.02060	0.01776	0.01201	0.01776	0.01025	0.01240	0.00728	0.00546	0.00546	0.00182	0.00837	0.00431	0.00243	0.00824
14	0.00929	0.00642	0.00904	0.01022	0.01140	0.00642	0.00878	0.01140	0.01258	0.01638	0.02821	0.05970	0.03057	0.01622	0.00938	0.08756	0.00524	0.65123	0.00498	0.00498

[dist]
# distance from previous block
# <min> <max>
0	1

[block]
# block no. 3 follows, 41 sequences, length 13
# corresponding to MSA columns:
# 212-224
name=unknown_D
#
# <colnr> <probs for GDERKNQSTAVLIFYWHMCP>
#	G	D	E	R	K	N	Q	S	T	A	V	L	I	F	Y	W	H	M	C	P
0	0.01066	0.00533	0.00533	0.00533	0.00666	0.00533	0.00400	0.01333	0.01200	0.02132	0.01866	0.02132	0.01466	0.00666	0.00400	0.00133	0.00267	0.00533	0.83073	0.00533
1	0.06369	0.01847	0.22540	0.01985	0.02612	0.01354	0.44723	0.01851	0.01298	0.05500	0.01149	0.01425	0.00841	0.00510	0.00608	0.00185	0.00860	0.00570	0.00302	0.03471
2	0.02252	0.01198	0.01522	0.01182	0.01619	0.01189	0.04469	0.21271	0.11827	0.44196	0.01985	0.01804	0.01319	0.00701	0.00580	0.00179	0.00542	0.00574	0.00636	0.00954
3	0.01066	0.00533	0.00533	0.00533	0.00666	0.00533	0.00400	0.01333	0.01200	0.02132	0.01866	0.02132	0.01466	0.00666	0.00400	0.00133	0.00267	0.00533	0.83073	0.00533
4	0.00922	0.00658	0.00922	0.01053	0.01185	0.00658	0.00922	0.01185	0.01317	0.01712	0.03029	0.06452	0.03292	0.01580	0.00790	0.00263	0.00527	0.72480	0.00527	0.00527
5	0.04181	0.07320	0.04051	0.07310	0.33865	0.30350	0.01419	0.01933	0.01391	0.01648	0.00970	0.01222	0.00807	0.00544	0.00527	0.00160	0.00811	0.00433	0.00284	0.00774
6	0.01194	0.01155	0.01994	0.49862	0.21863	0.01332	0.07086	0.01558	0.01185	0.01587	0.01028	0.01484	0.00806	0.00573	0.00648	0.00189	0.04960	0.00521	0.00264	0.00713
7	0.01350	0.00822	0.00839	0.00765	0.00949	0.05407	0.00595	0.01687	0.06421	0.10992	0.01801	0.01977	0.01381	0.00700	0.00552	0.00152	0.06272	0.00534	0.56177	0.00627
8	0.01727	0.01344	0.01573	0.01187	0.01643	0.01356	0.04859	0.42797	0.02079	0.02881	0.06877	0.01544	0.01262	0.00632	0.00540	0.00147	0.00558	0.00509	0.00490	0.25994
9	0.00830	0.00557	0.00635	0.00632	0.00643	0.00553	0.00362	0.00852	0.00896	0.01206	0.07855	0.03786	0.02350	0.73478	0.02729	0.00524	0.00531	0.00848	0.00370	0.00362
10	0.00697	0.00498	0.00664	0.00796	0.00830	0.00465	0.00531	0.00796	0.01095	0.01460	0.03153	0.79525	0.03783	0.01792	0.00730	0.00232	0.00332	0.01626	0.00531	0.00465
11	0.00994	0.00497	0.00745	0.00745	0.00745	0.00497	0.00497	0.00745	0.00745	0.00994	0.00994	0.01739	0.00994	0.01987	0.02235	0.83358	0.00497	0.00497	0.00248	0.00248
12	0.02275	0.01154	0.01340	0.01083	0.01488	0.06327	0.00874	0.02810	0.18487	0.54468	0.02177	0.01926	0.01444	0.00715	0.00573	0.00179	0.00517	0.00577	0.00650	0.00936

[dist]
# distance from previous block
# <min> <max>
0	4

[block]
# block no. 4 follows, 41 sequences, length 6
# corresponding to MSA columns:
# 229-234
name=unknown_E
#
# <colnr> <probs for GDERKNQSTAVLIFYWHMCP>
#	G	D	E	R	K	N	Q	S	T	A	V	L	I	F	Y	W	H	M	C	P
0	0.00815	0.00604	0.00868	0.00853	0.00966	0.00657	0.00657	0.01041	0.01150	0.01646	0.26069	0.02914	0.02737	0.03262	0.52285	0.00676	0.01116	0.00752	0.00413	0.00520
1	0.29367	0.01017	0.01167	0.00930	0.01344	0.00986	0.00768	0.02423	0.01419	0.52301	0.01776	0.01612	0.01154	0.00650	0.00502	0.00177	0.00472	0.00488	0.00591	0.00857
2	0.02294	0.01214	0.01461	0.01115	0.01569	0.01185	0.00919	0.29642	0.01992	0.42399	0.01811	0.01662	0.01197	0.00674	0.00560	0.00167	0.00535	0.00531	0.00623	0.08449
3	0.01272	0.01921	0.27149	0.05562	0.09281	0.01420	0.29087	0.01829	0.05658	0.01801	0.01131	0.01427	0.00860	0.00577	0.00729	0.00192	0.08473	0.00551	0.00285	0.00796
4	0.00932	0.00719	0.00871	0.00798	0.01014	0.00619	0.00578	0.03449	0.01191	0.01678	0.06732	0.34124	0.06961	0.06940	0.00826	0.02934	0.00387	0.01010	0.00452	0.27785
5	0.02190	0.01058	0.01316	0.01066	0.01469	0.01032	0.00862	0.02871	0.25898	0.52243	0.02280	0.02009	0.01525	0.00730	0.00577	0.00183	0.00476	0.00599	0.00666	0.00951

[dist]
# distance from previous block
# <min> <max>
13	105

[block]
# block no. 5 follows, 41 sequences, length 10
# corresponding to MSA columns:
# 370-379
name=unknown_F
#
# <colnr> <probs for GDERKNQSTAVLIFYWHMCP>
#	G	D	E	R	K	N	Q	S	T	A	V	L	I	F	Y	W	H	M	C	P
0	0.01884	0.01603	0.08997	0.01329	0.01813	0.01534	0.05216	0.50046	0.03971	0.05793	0.05408	0.01550	0.01209	0.00672	0.00571	0.00169	0.00626	0.00536	0.00517	0.06555
1	0.38674	0.03573	0.09518	0.01000	0.01427	0.01285	0.00908	0.12085	0.06104	0.14184	0.05208	0.01434	0.01133	0.00630	0.00472	0.00176	0.00516	0.00452	0.00453	0.00766
2	0.01066	0.00533	0.00533	0.00533	0.00666	0.00533	0.00400	0.01333	0.01200	0.02132	0.01866	0.02132	0.01466	0.00666	0.00400	0.00133	0.00267	0.00533	0.83073	0.00533
3	0.01286	0.01218	0.02020	0.32555	0.43402	0.01329	0.01636	0.01723	0.05942	0.01743	0.01132	0.01504	0.00904	0.00551	0.00569	0.00179	0.00697	0.00518	0.00291	0.00801
4	0.00730	0.00518	0.00685	0.00807	0.00846	0.00491	0.00553	0.00837	0.01094	0.01454	0.03024	0.65909	0.03589	0.08495	0.00924	0.00263	0.00370	0.08434	0.00515	0.00460
5	0.01339	0.01589	0.09559	0.06035	0.21804	0.01405	0.43479	0.01833	0.03695	0.01841	0.01156	0.01498	0.00888	0.00508	0.00628	0.00186	0.00855	0.00601	0.00291	0.00811
6	0.01295	0.12986	0.53305	0.01550	0.06184	0.01377	0.01763	0.01823	0.01260	0.07104	0.05289	0.01404	0.01047	0.00581	0.00531	0.00172	0.00747	0.00457	0.00299	0.00826
7	0.00727	0.00517	0.00687	0.00811	0.00852	0.00489	0.00558	0.00837	0.01101	0.01464	0.03058	0.67740	0.03631	0.06518	0.00869	0.00255	0.00365	0.08539	0.00519	0.00464
8	0.01409	0.01654	0.09765	0.07271	0.38504	0.07452	0.21952	0.01807	0.01323	0.01792	0.01075	0.01407	0.00856	0.00515	0.00591	0.00177	0.00808	0.00536	0.00280	0.00827
9	0.10095	0.01092	0.04882	0.01028	0.01437	0.00966	0.00882	0.07950	0.04257	0.47647	0.07974	0.02201	0.01703	0.00767	0.00572	0.00182	0.00494	0.04381	0.00620	0.00872

[dist]
# distance from previous block
# <min> <max>
5	7

[block]
# block no. 6 follows, 41 sequences, length 8
# corresponding to MSA columns:
# 387-394
name=unknown_G
#
# <colnr> <probs for GDERKNQSTAVLIFYWHMCP>
#	G	D	E	R	K	N	Q	S	T	A	V	L	I	F	Y	W	H	M	C	P
0	0.01404	0.01313	0.02361	0.16328	0.45981	0.01333	0.15282	0.01772	0.01301	0.05684	0.01142	0.01486	0.00900	0.00526	0.00588	0.00178	0.00737	0.00544	0.00301	0.00837
1	0.04531	0.47221	0.04746	0.08954	0.01865	0.07993	0.05347	0.05943	0.01274	0.01581	0.00883	0.01079	0.00755	0.00549	0.00522	0.00149	0.05225	0.00380	0.00275	0.00727
2	0.24209	0.01192	0.01191	0.01046	0.01393	0.01354	0.00830	0.05839	0.45859	0.08325	0.01859	0.01754	0.01376	0.00699	0.00518	0.00187	0.00460	0.00543	0.00529	0.00835
3	0.02566	0.00973	0.01327	0.01018	0.01460	0.00841	0.00841	0.02788	0.01637	0.76726	0.02257	0.01947	0.01416	0.00708	0.00575	0.00177	0.00487	0.00575	0.00708	0.00973
4	0.01254	0.01052	0.01148	0.01042	0.01314	0.01180	0.00805	0.02501	0.55061	0.02366	0.22570	0.02721	0.02749	0.00884	0.00607	0.00190	0.00402	0.00753	0.00595	0.00805
5	0.00822	0.00593	0.00818	0.00818	0.00885	0.00660	0.00589	0.00956	0.00889	0.01253	0.01625	0.02760	0.01653	0.30214	0.52012	0.00794	0.01197	0.00688	0.00320	0.00454
6	0.00994	0.00497	0.00745	0.00745	0.00745	0.00497	0.00497	0.00745	0.00745	0.00994	0.00994	0.01739	0.00994	0.01987	0.02235	0.83358	0.00497	0.00497	0.00248	0.00248
7	0.01290	0.01013	0.01197	0.00860	0.01363	0.00768	0.00690	0.01542	0.01220	0.07506	0.01110	0.01243	0.00890	0.00445	0.00435	0.00092	0.00428	0.00357	0.00367	0.77183

[dist]
# distance from previous block
# <min> <max>
0	1

[block]
# block no. 7 follows, 41 sequences, length 44
# corresponding to MSA columns:
# 396-439
name=unknown_H
#
# <colnr> <probs for GDERKNQSTAVLIFYWHMCP>
#	G	D	E	R	K	N	Q	S	T	A	V	L	I	F	Y	W	H	M	C	P
0	0.17729	0.02216	0.01553	0.01386	0.01724	0.46034	0.01051	0.08183	0.06575	0.05832	0.01254	0.01410	0.01007	0.00722	0.00574	0.00193	0.00867	0.00458	0.00430	0.00803
1	0.01176	0.00635	0.00878	0.00871	0.00888	0.00609	0.00579	0.00887	0.00868	0.01176	0.01172	0.01970	0.01158	0.02065	0.02263	0.81031	0.00557	0.00553	0.00311	0.00351
2	0.01260	0.01140	0.01821	0.76443	0.03992	0.01361	0.01640	0.01583	0.01255	0.01630	0.01195	0.01762	0.00934	0.00690	0.00647	0.00223	0.00815	0.00565	0.00317	0.00727
3	0.02292	0.01598	0.01713	0.01367	0.01808	0.03442	0.01096	0.51846	0.11056	0.14347	0.01772	0.01781	0.01288	0.00813	0.00647	0.00207	0.00654	0.00592	0.00641	0.01040
4	0.01516	0.01678	0.13402	0.10141	0.56773	0.01434	0.01840	0.01850	0.01381	0.01980	0.01240	0.01635	0.01033	0.00640	0.00639	0.00206	0.00767	0.00553	0.00336	0.00956
5	0.00888	0.00636	0.00799	0.00920	0.00971	0.00578	0.00612	0.00937	0.01208	0.01629	0.03270	0.77550	0.03869	0.01876	0.00801	0.00263	0.00397	0.01651	0.00586	0.00561
6	0.01246	0.00670	0.00672	0.00665	0.00812	0.00644	0.00485	0.01458	0.01309	0.02282	0.02020	0.02353	0.01617	0.00782	0.00480	0.00167	0.00333	0.00589	0.80787	0.00628
7	0.01736	0.01417	0.01491	0.01307	0.01664	0.01576	0.01011	0.16709	0.59479	0.02766	0.02287	0.02209	0.01742	0.00871	0.00655	0.00222	0.00548	0.00674	0.00634	0.01002
8	0.01246	0.00670	0.00672	0.00665	0.00812	0.00644	0.00485	0.01458	0.01309	0.02282	0.02020	0.02353	0.01617	0.00782	0.00480	0.00167	0.00333	0.00589	0.80787	0.00628
9	0.01545	0.06016	0.04202	0.02102	0.19043	0.01420	0.21984	0.08931	0.07571	0.02251	0.11391	0.02079	0.01718	0.00743	0.00667	0.00204	0.00721	0.00669	0.00446	0.06297
10	0.01800	0.47288	0.06784	0.01342	0.05331	0.02062	0.01167	0.17525	0.07069	0.02131	0.01243	0.01400	0.01040	0.00677	0.00527	0.00178	0.00677	0.00454	0.00404	0.00901
11	0.01246	0.00670	0.00672	0.00665	0.00812	0.00644	0.00485	0.01458	0.01309	0.02282	0.02020	0.02353	0.01617	0.00782	0.00480	0.00167	0.00333	0.00589	0.80787	0.00628
12	0.01302	0.01119	0.01803	0.02093	0.24437	0.01078	0.11489	0.01554	0.01410	0.01922	0.02301	0.08941	0.02356	0.01203	0.00771	0.00253	0.00682	0.34044	0.00474	0.00768
13	0.01302	0.01263	0.01931	0.19036	0.43516	0.05668	0.01507	0.01621	0.01305	0.01783	0.10334	0.01763	0.01415	0.00633	0.00641	0.00178	0.04443	0.00566	0.00319	0.00775
14	0.01057	0.00720	0.01061	0.01059	0.01243	0.00692	0.06209	0.01309	0.01315	0.07785	0.02949	0.12589	0.07776	0.01380	0.00725	0.00235	0.00503	0.44818	0.06004	0.00572
15	0.00808	0.00604	0.00900	0.00910	0.01007	0.00697	0.00701	0.01005	0.00932	0.01338	0.01651	0.07938	0.01603	0.04106	0.71969	0.00869	0.01444	0.00687	0.00323	0.00507
16	0.37327	0.01017	0.01028	0.00873	0.01206	0.01082	0.00705	0.08137	0.05698	0.18041	0.17372	0.01966	0.01906	0.00732	0.00501	0.00178	0.00431	0.00558	0.00519	0.00723
17	0.07681	0.38876	0.12093	0.01221	0.05906	0.01709	0.01118	0.02037	0.09789	0.12754	0.01234	0.01277	0.00952	0.00566	0.00456	0.00153	0.00597	0.00412	0.00362	0.00805
18	0.01311	0.00704	0.00912	0.00881	0.01052	0.00659	0.00641	0.06228	0.01333	0.22063	0.02713	0.48843	0.02854	0.05942	0.00804	0.00232	0.00407	0.01220	0.00571	0.00630
19	0.17085	0.37470	0.29090	0.01169	0.01760	0.01742	0.01317	0.01742	0.01143	0.01745	0.00878	0.01024	0.00709	0.00517	0.00428	0.00154	0.00663	0.00348	0.00264	0.00752
20	0.00825	0.00581	0.00759	0.00732	0.00861	0.00535	0.00542	0.01070	0.01548	0.03520	0.64263	0.13589	0.06527	0.01244	0.00680	0.00187	0.00282	0.01103	0.00617	0.00537
21	0.01101	0.00909	0.01373	0.01184	0.01418	0.00896	0.14705	0.11463	0.04960	0.01926	0.02337	0.43076	0.02506	0.01229	0.00662	0.00204	0.00500	0.01138	0.04646	0.03768
22	0.00832	0.00555	0.00624	0.00624	0.00624	0.00555	0.00347	0.00832	0.00832	0.01109	0.01802	0.03743	0.02080	0.79898	0.02911	0.00555	0.00555	0.00832	0.00347	0.00347
23	0.00697	0.00498	0.00664	0.00796	0.00830	0.00465	0.00531	0.00796	0.01095	0.01460	0.03153	0.79525	0.03783	0.01792	0.00730	0.00232	0.00332	0.01626	0.00531	0.00465
24	0.01118	0.00917	0.01035	0.01021	0.01227	0.01011	0.00776	0.02068	0.41822	0.02000	0.02738	0.27969	0.04009	0.01206	0.00654	0.00214	0.00418	0.08527	0.00559	0.00713
25	0.01496	0.73575	0.09376	0.01035	0.01555	0.02183	0.01077	0.01721	0.01166	0.01386	0.00815	0.00943	0.00733	0.00494	0.00382	0.00127	0.00632	0.00316	0.00244	0.00744
26	0.01177	0.02749	0.66043	0.01746	0.02552	0.01346	0.12795	0.01815	0.01229	0.01815	0.01046	0.01257	0.00746	0.00534	0.00563	0.00183	0.00863	0.00460	0.00249	0.00834
27	0.01468	0.00997	0.01129	0.00988	0.01222	0.05403	0.00785	0.17131	0.01486	0.11343	0.01594	0.01894	0.01274	0.01989	0.28351	0.00435	0.03548	0.00553	0.17725	0.00685
28	0.01529	0.80242	0.02997	0.00979	0.01468	0.02263	0.00979	0.01713	0.01162	0.01346	0.00795	0.00918	0.00734	0.00489	0.00367	0.00122	0.00612	0.00306	0.00245	0.00734
29	0.01423	0.01229	0.01293	0.01164	0.01487	0.01423	0.00905	0.03039	0.75297	0.02393	0.02328	0.02134	0.01746	0.00776	0.00582	0.00194	0.00453	0.00647	0.00582	0.00905
30	0.00790	0.00584	0.00737	0.00699	0.00842	0.00531	0.00524	0.01041	0.01572	0.02183	0.65629	0.04455	0.15865	0.01211	0.00675	0.00182	0.00273	0.01060	0.00615	0.00531
31	0.00735	0.00558	0.00821	0.00890	0.00955	0.00521	0.04796	0.00856	0.01110	0.01482	0.03037	0.75013	0.03614	0.01716	0.00727	0.00230	0.00368	0.01571	0.00517	0.00482
32	0.02566	0.00973	0.01327	0.01018	0.01460	0.00841	0.00841	0.02788	0.01637	0.76726	0.02257	0.01947	0.01416	0.00708	0.00575	0.00177	0.00487	0.00575	0.00708	0.00973
33	0.00817	0.00613	0.00919	0.00919	0.01021	0.00715	0.00715	0.01021	0.00919	0.01328	0.01532	0.02247	0.01430	0.04290	0.77631	0.00919	0.01532	0.00613	0.00306	0.00511
34	0.01147	0.02959	0.76934	0.01630	0.02476	0.01328	0.02113	0.01811	0.01208	0.01811	0.01026	0.01208	0.00725	0.00543	0.00543	0.00181	0.00845	0.00423	0.00242	0.00845
35	0.01965	0.02532	0.06711	0.01628	0.07833	0.61254	0.01212	0.02260	0.06458	0.01531	0.01005	0.01148	0.00817	0.00592	0.00526	0.00155	0.00952	0.00402	0.00309	0.00711
36	0.01389	0.01331	0.02273	0.09583	0.70470	0.01352	0.01742	0.01732	0.01290	0.01836	0.01071	0.01425	0.00894	0.00515	0.00567	0.00172	0.00686	0.00510	0.00281	0.00884
37	0.83938	0.01106	0.00841	0.00752	0.01106	0.01283	0.00619	0.01681	0.00973	0.02566	0.00796	0.00929	0.00619	0.00531	0.00354	0.00177	0.00442	0.00310	0.00354	0.00619
38	0.01299	0.01229	0.02069	0.04380	0.54117	0.01235	0.06330	0.01694	0.05943	0.01831	0.01467	0.13037	0.01380	0.00716	0.00599	0.00183	0.00634	0.00695	0.00339	0.00826
39	0.01388	0.12839	0.01457	0.06123	0.01471	0.05366	0.00854	0.21464	0.06010	0.02259	0.16350	0.02758	0.17573	0.00901	0.00581	0.00172	0.00508	0.00727	0.00490	0.00710
40	0.01644	0.34757	0.17350	0.01280	0.01815	0.07357	0.05451	0.10279	0.05168	0.08198	0.01137	0.01221	0.00877	0.00563	0.00483	0.00154	0.00693	0.00419	0.00344	0.00810
41	0.01287	0.01735	0.17059	0.02031	0.02650	0.01323	0.49622	0.01770	0.01299	0.01833	0.01111	0.01426	0.00838	0.00485	0.00613	0.00175	0.00862	0.00577	0.00288	0.13019
42	0.06089	0.01342	0.14896	0.01227	0.01688	0.00983	0.10089	0.02149	0.01372	0.39107	0.01759	0.01979	0.01282	0.12367	0.00916	0.00236	0.00617	0.00585	0.00501	0.00815
43	0.14053	0.01198	0.04940	0.06774	0.01660	0.01185	0.00955	0.05280	0.25286	0.29827	0.01879	0.01768	0.01306	0.00685	0.00543	0.00183	0.00512	0.00544	0.00554	0.00868

[dist]
# distance from previous block
# <min> <max>
0	8

[block]
# block no. 8 follows, 41 sequences, length 21
# corresponding to MSA columns:
# 450-470
name=unknown_I
#
# <colnr> <probs for GDERKNQSTAVLIFYWHMCP>
#	G	D	E	R	K	N	Q	S	T	A	V	L	I	F	Y	W	H	M	C	P
0	0.01279	0.01199	0.01944	0.45196	0.03133	0.01417	0.12309	0.09512	0.05580	0.01793	0.01120	0.01514	0.00856	0.00634	0.00743	0.00196	0.10015	0.00541	0.00312	0.00707
1	0.01488	0.68443	0.02811	0.01057	0.01473	0.02187	0.01019	0.01663	0.01119	0.01350	0.00789	0.00967	0.00737	0.00566	0.00593	0.00141	0.12298	0.00335	0.00246	0.00718
2	0.01186	0.01017	0.01186	0.00847	0.01356	0.00762	0.00678	0.01440	0.01186	0.01864	0.01017	0.01186	0.00847	0.00424	0.00424	0.00085	0.00424	0.00339	0.00339	0.83395
3	0.00697	0.00498	0.00664	0.00796	0.00830	0.00465	0.00531	0.00796	0.01095	0.01460	0.03153	0.79525	0.03783	0.01792	0.00730	0.00232	0.00332	0.01626	0.00531	0.00465
4	0.00922	0.00658	0.00922	0.01053	0.01185	0.00658	0.00922	0.01185	0.01317	0.01712	0.03029	0.06452	0.03292	0.01580	0.00790	0.00263	0.00527	0.72480	0.00527	0.00527
5	0.01784	0.49954	0.02419	0.01053	0.01519	0.01912	0.00971	0.14041	0.06540	0.13052	0.01214	0.01230	0.00945	0.00574	0.00447	0.00144	0.00585	0.00404	0.00391	0.00821
6	0.01582	0.01060	0.01207	0.01075	0.01383	0.01143	0.00834	0.02645	0.46958	0.19667	0.02434	0.13650	0.01973	0.00912	0.00603	0.00196	0.00443	0.00776	0.00604	0.00855
7	0.00730	0.00522	0.00702	0.00835	0.00883	0.00494	0.00589	0.00854	0.01128	0.01498	0.03134	0.68610	0.03710	0.01760	0.00739	0.00237	0.00361	0.12210	0.00530	0.00474
8	0.02079	0.11493	0.01820	0.01356	0.01735	0.40340	0.01083	0.29171	0.01966	0.02217	0.01056	0.01146	0.00825	0.00614	0.00519	0.00153	0.00832	0.00416	0.00392	0.00787
9	0.02098	0.01757	0.01702	0.03519	0.01822	0.14354	0.01111	0.57248	0.02390	0.03083	0.01255	0.01316	0.00918	0.00681	0.00619	0.00172	0.04066	0.00490	0.00503	0.00897
10	0.00884	0.00632	0.00879	0.01011	0.01126	0.00626	0.00857	0.01121	0.01280	0.01670	0.03049	0.18589	0.03373	0.01615	0.00780	0.00258	0.00494	0.60711	0.00527	0.00516
11	0.01966	0.24578	0.02013	0.01328	0.01684	0.53569	0.01069	0.04743	0.01530	0.01465	0.00877	0.01012	0.00745	0.00565	0.00476	0.00141	0.00898	0.00356	0.00291	0.00694
12	0.01080	0.01017	0.01716	0.78523	0.03940	0.01271	0.01589	0.01461	0.01144	0.01461	0.01017	0.01525	0.00762	0.00572	0.00572	0.00191	0.00762	0.00508	0.00254	0.00635
13	0.00810	0.00585	0.00765	0.00720	0.00855	0.00540	0.00540	0.01079	0.01619	0.02294	0.76028	0.04273	0.05397	0.01169	0.00675	0.00180	0.00270	0.01034	0.00630	0.00540
14	0.01350	0.01543	0.03375	0.02411	0.02989	0.01446	0.74253	0.01832	0.01350	0.01832	0.01157	0.01543	0.00868	0.00482	0.00675	0.00193	0.00964	0.00675	0.00289	0.00771
15	0.01350	0.01543	0.03375	0.02411	0.02989	0.01446	0.74253	0.01832	0.01350	0.01832	0.01157	0.01543	0.00868	0.00482	0.00675	0.00193	0.00964	0.00675	0.00289	0.00771
16	0.00774	0.00557	0.00733	0.00744	0.00847	0.00516	0.00537	0.00990	0.01454	0.02031	0.53038	0.28012	0.04888	0.01366	0.00692	0.00196	0.00289	0.01221	0.00599	0.00516
17	0.01147	0.02959	0.76934	0.01630	0.02476	0.01328	0.02113	0.01811	0.01208	0.01811	0.01026	0.01208	0.00725	0.00543	0.00543	0.00181	0.00845	0.00423	0.00242	0.00845
18	0.00710	0.00524	0.00665	0.00749	0.00824	0.00479	0.00516	0.00843	0.01208	0.01599	0.14477	0.55990	0.16036	0.01642	0.00713	0.00218	0.00316	0.01468	0.00546	0.00479
19	0.00676	0.00579	0.00579	0.00579	0.00773	0.00483	0.00435	0.00821	0.01304	0.01545	0.05794	0.05505	0.76098	0.01449	0.00676	0.00193	0.00290	0.01207	0.00531	0.00483
20	0.01049	0.00668	0.00810	0.00768	0.00873	0.00771	0.00602	0.01280	0.01092	0.01852	0.01616	0.02008	0.01340	0.01419	0.15505	0.00304	0.13563	0.00543	0.53392	0.00544

[dist]
# distance from previous block
# <min> <max>
0	21

[block]
# block no. 9 follows, 41 sequences, length 13
# corresponding to MSA columns:
# 492-504
name=unknown_J
#
# <colnr> <probs for GDERKNQSTAVLIFYWHMCP>
#	G	D	E	R	K	N	Q	S	T	A	V	L	I	F	Y	W	H	M	C	P
0	0.00948	0.00730	0.00884	0.00820	0.00997	0.00739	0.00622	0.01521	0.18213	0.02316	0.59429	0.03791	0.04575	0.01081	0.00654	0.00183	0.00311	0.00947	0.00619	0.00622
1	0.00810	0.00585	0.00765	0.00720	0.00855	0.00540	0.00540	0.01079	0.01619	0.02294	0.76028	0.04273	0.05397	0.01169	0.00675	0.00180	0.00270	0.01034	0.00630	0.00540
2	0.01419	0.01300	0.01855	0.02445	0.42341	0.01388	0.01369	0.02339	0.34906	0.02107	0.01645	0.01742	0.01288	0.00631	0.00573	0.00181	0.00577	0.00572	0.00419	0.00906
3	0.01123	0.00968	0.01417	0.42514	0.02663	0.01078	0.01171	0.06716	0.03549	0.01887	0.17975	0.02104	0.01862	0.00701	0.00575	0.00172	0.00586	0.00608	0.00383	0.11947
4	0.01209	0.15516	0.64920	0.01524	0.02312	0.01480	0.01929	0.01795	0.01200	0.01736	0.00989	0.01160	0.00726	0.00535	0.00515	0.00172	0.00807	0.00404	0.00242	0.00827
5	0.01763	0.62389	0.02621	0.00987	0.01466	0.01943	0.00948	0.01955	0.01269	0.18323	0.01124	0.01149	0.00888	0.00539	0.00414	0.00135	0.00584	0.00367	0.00349	0.00788
6	0.00706	0.00581	0.00621	0.00611	0.00791	0.00496	0.00458	0.00879	0.01375	0.01714	0.21613	0.05227	0.60174	0.01386	0.00676	0.00190	0.00285	0.01168	0.00553	0.00496
7	0.01271	0.01367	0.02662	0.18125	0.02853	0.01479	0.42613	0.01652	0.01200	0.01652	0.01036	0.01474	0.00819	0.00618	0.00924	0.00205	0.18464	0.00601	0.00273	0.00710
8	0.01322	0.01484	0.03162	0.09217	0.03016	0.01443	0.64842	0.01781	0.01313	0.01781	0.01129	0.01530	0.00854	0.00511	0.00713	0.00195	0.04018	0.00653	0.00285	0.00753
9	0.00814	0.00547	0.00629	0.00647	0.00651	0.00543	0.00371	0.00827	0.00866	0.01155	0.01980	0.13698	0.02303	0.69638	0.02625	0.00512	0.00525	0.00936	0.00371	0.00362
10	0.00832	0.00555	0.00624	0.00624	0.00624	0.00555	0.00347	0.00832	0.00832	0.01109	0.01802	0.03743	0.02080	0.79898	0.02911	0.00555	0.00555	0.00832	0.00347	0.00347
11	0.01147	0.02959	0.76934	0.01630	0.02476	0.01328	0.02113	0.01811	0.01208	0.01811	0.01026	0.01208	0.00725	0.00543	0.00543	0.00181	0.00845	0.00423	0.00242	0.00845
12	0.01190	0.02663	0.61549	0.01794	0.02583	0.01353	0.17201	0.01816	0.01237	0.01816	0.01054	0.01278	0.00755	0.00531	0.00571	0.00184	0.00870	0.00475	0.00252	0.00830

[dist]
# distance from previous block
# <min> <max>
0	1

[block]
# block no. 10 follows, 41 sequences, length 6
# corresponding to MSA columns:
# 506-511
name=unknown_K
#
# <colnr> <probs for GDERKNQSTAVLIFYWHMCP>
#	G	D	E	R	K	N	Q	S	T	A	V	L	I	F	Y	W	H	M	C	P
0	0.01311	0.01466	0.03132	0.13556	0.03129	0.01421	0.63612	0.01778	0.01320	0.01778	0.01137	0.01540	0.00852	0.00495	0.00660	0.00193	0.00935	0.00651	0.00284	0.00752
1	0.02242	0.01493	0.01649	0.01264	0.01719	0.01612	0.01044	0.62007	0.02507	0.16278	0.01526	0.01473	0.01050	0.00690	0.00573	0.00173	0.00605	0.00525	0.00596	0.00973
2	0.01302	0.01243	0.02116	0.28953	0.51777	0.01329	0.01699	0.01656	0.01249	0.01731	0.01056	0.01453	0.00857	0.00531	0.00568	0.00177	0.00708	0.00509	0.00273	0.00814
3	0.01416	0.01359	0.02322	0.03511	0.76330	0.01359	0.01755	0.01755	0.01302	0.01869	0.01076	0.01416	0.00906	0.00510	0.00566	0.00170	0.00680	0.00510	0.00283	0.00906
4	0.01140	0.01078	0.01823	0.65190	0.16807	0.01286	0.01618	0.01514	0.01172	0.01534	0.01027	0.01506	0.00788	0.00561	0.00571	0.00187	0.00748	0.00509	0.00259	0.00684
5	0.01140	0.01078	0.01823	0.65190	0.16807	0.01286	0.01618	0.01514	0.01172	0.01534	0.01027	0.01506	0.00788	0.00561	0.00571	0.00187	0.00748	0.00509	0.00259	0.00684

[dist]
# distance from previous block
# <min> <max>
7	20

# created by:
# /software/SequenceAnalysis/GenePrediction/augustus/3.0.1/scripts/msa2prfl.pl ./fixed/BUSCOvEOG744N0N.fas
