[name]
unknown

[dist]
# distance from previous block
# <min> <max>
8	151

[block]
# block no. 0 follows, 39 sequences, length 10
# corresponding to MSA columns:
# 165-174
name=unknown_A
#
# <colnr> <probs for GDERKNQSTAVLIFYWHMCP>
#	G	D	E	R	K	N	Q	S	T	A	V	L	I	F	Y	W	H	M	C	P
0	0.01266	0.02234	0.41141	0.11047	0.02616	0.01404	0.12365	0.02089	0.16105	0.01953	0.01353	0.01534	0.00990	0.00605	0.00594	0.00193	0.00799	0.00533	0.00330	0.00849
1	0.00843	0.00904	0.09988	0.00821	0.01067	0.00643	0.00729	0.01139	0.01536	0.02107	0.47894	0.04364	0.23336	0.01206	0.00681	0.00190	0.00357	0.01039	0.00575	0.00581
2	0.13867	0.01340	0.01415	0.01137	0.01537	0.01433	0.00917	0.43506	0.02088	0.03024	0.01555	0.12626	0.01360	0.00820	0.00563	0.00176	0.00551	0.00646	0.00522	0.10917
3	0.01973	0.06071	0.16351	0.01393	0.01909	0.12559	0.04636	0.21454	0.05173	0.18293	0.03432	0.01560	0.01158	0.00667	0.00575	0.00176	0.00721	0.00521	0.00483	0.00895
4	0.00966	0.00741	0.00824	0.00762	0.00987	0.00696	0.00576	0.01396	0.12150	0.02007	0.18201	0.09391	0.24913	0.01115	0.00615	0.00177	0.00337	0.00947	0.12513	0.10685
5	0.01263	0.00829	0.00920	0.00827	0.01025	0.00897	0.00646	0.12031	0.08613	0.02401	0.12639	0.02380	0.02032	0.00976	0.04251	0.00202	0.04061	0.00639	0.42709	0.00659
6	0.01275	0.02481	0.54169	0.01512	0.02204	0.01311	0.01790	0.12292	0.01458	0.02093	0.01435	0.12596	0.01248	0.00772	0.00594	0.00194	0.00764	0.00633	0.00344	0.00836
7	0.04357	0.01476	0.07921	0.18209	0.17872	0.01405	0.17470	0.13442	0.01546	0.04035	0.01463	0.01730	0.05119	0.00628	0.00610	0.00188	0.00754	0.00594	0.00362	0.00820
8	0.07188	0.01609	0.01799	0.15408	0.24276	0.18088	0.01332	0.08088	0.01475	0.01955	0.01056	0.01323	0.00849	0.00561	0.00539	0.00162	0.00739	0.00455	0.00330	0.12770
9	0.01602	0.22842	0.02123	0.05288	0.11512	0.25820	0.05240	0.01814	0.01366	0.01533	0.01277	0.12497	0.01253	0.00755	0.00578	0.00169	0.02696	0.00601	0.00321	0.00713

[dist]
# distance from previous block
# <min> <max>
19	44

[block]
# block no. 1 follows, 39 sequences, length 9
# corresponding to MSA columns:
# 219-227
name=unknown_B
#
# <colnr> <probs for GDERKNQSTAVLIFYWHMCP>
#	G	D	E	R	K	N	Q	S	T	A	V	L	I	F	Y	W	H	M	C	P
0	0.50805	0.01098	0.01063	0.04633	0.01343	0.01260	0.00767	0.04935	0.01166	0.10424	0.01136	0.01370	0.00890	0.04445	0.00684	0.00207	0.07455	0.00427	0.05215	0.00679
1	0.01509	0.01144	0.05691	0.10454	0.04620	0.01037	0.01008	0.11843	0.05614	0.15709	0.04526	0.07359	0.12340	0.00892	0.00609	0.00183	0.00533	0.03437	0.00507	0.10984
2	0.28127	0.05463	0.11373	0.04511	0.16366	0.01396	0.01207	0.11845	0.01449	0.05795	0.06250	0.01475	0.01158	0.00623	0.00510	0.00179	0.00599	0.00479	0.00395	0.00799
3	0.07435	0.01392	0.01461	0.01202	0.01578	0.01561	0.00957	0.38210	0.26664	0.02994	0.01752	0.01878	0.01355	0.07918	0.00801	0.00222	0.00569	0.00594	0.00558	0.00898
4	0.01263	0.01211	0.01780	0.10474	0.01959	0.08072	0.17057	0.01485	0.01238	0.01677	0.11479	0.01928	0.01556	0.00954	0.01109	0.12450	0.14759	0.00617	0.04320	0.04611
5	0.01211	0.01147	0.01944	0.57649	0.23483	0.01339	0.01689	0.01594	0.01227	0.01625	0.01068	0.01546	0.00829	0.00574	0.00590	0.00191	0.00765	0.00526	0.00271	0.00733
6	0.00786	0.00872	0.11288	0.00945	0.01097	0.00606	0.00779	0.00971	0.01149	0.01561	0.02951	0.67931	0.03467	0.01671	0.00728	0.00233	0.00418	0.01506	0.00507	0.00536
7	0.01111	0.00975	0.01384	0.01250	0.01277	0.01284	0.01002	0.01203	0.00913	0.01362	0.01176	0.07080	0.01197	0.02033	0.19464	0.12015	0.43804	0.00626	0.00293	0.00552
8	0.00736	0.00601	0.00651	0.00638	0.00822	0.00515	0.00479	0.00921	0.01436	0.01807	0.24707	0.05347	0.56441	0.01420	0.00699	0.00196	0.00294	0.01200	0.00577	0.00515

[dist]
# distance from previous block
# <min> <max>
0	4

[block]
# block no. 2 follows, 39 sequences, length 12
# corresponding to MSA columns:
# 232-243
name=unknown_C
#
# <colnr> <probs for GDERKNQSTAVLIFYWHMCP>
#	G	D	E	R	K	N	Q	S	T	A	V	L	I	F	Y	W	H	M	C	P
0	0.06336	0.43507	0.04153	0.01191	0.01643	0.20789	0.01067	0.11851	0.01529	0.01809	0.00933	0.01051	0.00787	0.00564	0.00451	0.00145	0.00739	0.00365	0.00319	0.00771
1	0.01481	0.00766	0.00865	0.00735	0.01002	0.00717	0.00578	0.05951	0.01416	0.16300	0.01866	0.01999	0.01395	0.00667	0.00462	0.00142	0.00362	0.00533	0.51770	0.10991
2	0.35328	0.10530	0.01530	0.14326	0.01900	0.19411	0.01006	0.06460	0.01332	0.02094	0.00922	0.01120	0.00732	0.00576	0.00461	0.00171	0.00692	0.00383	0.00335	0.00691
3	0.00890	0.10507	0.01028	0.00750	0.00942	0.00762	0.00589	0.01115	0.01499	0.02005	0.44522	0.09797	0.20981	0.01235	0.00662	0.00186	0.00333	0.01062	0.00570	0.00564
4	0.01240	0.00986	0.01172	0.00918	0.01303	0.00860	0.00716	0.09404	0.01312	0.01942	0.01284	0.04031	0.01156	0.06191	0.10929	0.04813	0.00625	0.00492	0.00374	0.50252
5	0.07661	0.47492	0.02705	0.01279	0.01723	0.03611	0.10110	0.07385	0.01312	0.01736	0.00913	0.01109	0.00789	0.00586	0.00613	0.00159	0.09358	0.00405	0.00295	0.00760
6	0.07686	0.37379	0.02403	0.01637	0.15671	0.23059	0.01175	0.01943	0.01349	0.01602	0.00903	0.01081	0.00785	0.00542	0.00461	0.00147	0.00755	0.00375	0.00283	0.00764
7	0.00839	0.00659	0.00877	0.00926	0.00998	0.00677	0.00665	0.00962	0.01117	0.01539	0.02771	0.61024	0.03266	0.01633	0.00881	0.00231	0.10119	0.03360	0.00497	0.06959
8	0.01732	0.01869	0.19904	0.02843	0.07337	0.07825	0.01351	0.25464	0.01802	0.07213	0.01344	0.01483	0.00993	0.00667	0.00637	0.00178	0.05278	0.00501	0.10724	0.00857
9	0.11573	0.20786	0.07580	0.02641	0.09900	0.01327	0.02489	0.01613	0.02545	0.04180	0.21338	0.02487	0.02316	0.00808	0.00555	0.00177	0.00538	0.06014	0.00423	0.00712
10	0.01969	0.01400	0.15549	0.01151	0.01628	0.01026	0.01091	0.11215	0.01741	0.38413	0.16201	0.02262	0.02074	0.00790	0.00608	0.00184	0.00549	0.00650	0.00607	0.00894
11	0.01552	0.74008	0.08412	0.01061	0.01594	0.02270	0.01097	0.01778	0.01205	0.01426	0.00840	0.00970	0.00758	0.00510	0.00393	0.00131	0.00650	0.00325	0.00253	0.00767

[dist]
# distance from previous block
# <min> <max>
2	7

[block]
# block no. 3 follows, 39 sequences, length 7
# corresponding to MSA columns:
# 251-257
name=unknown_D
#
# <colnr> <probs for GDERKNQSTAVLIFYWHMCP>
#	G	D	E	R	K	N	Q	S	T	A	V	L	I	F	Y	W	H	M	C	P
0	0.01720	0.06815	0.19122	0.01768	0.12791	0.16493	0.03008	0.15953	0.03264	0.05446	0.01344	0.01742	0.01094	0.00686	0.00579	0.00180	0.00781	0.05983	0.00387	0.00844
1	0.00929	0.00678	0.00829	0.00879	0.00987	0.00668	0.00620	0.10820	0.01376	0.01821	0.03226	0.62332	0.09232	0.01667	0.00728	0.00228	0.00382	0.01489	0.00555	0.00554
2	0.01284	0.01094	0.01340	0.11480	0.01799	0.00935	0.00860	0.06613	0.01331	0.01998	0.01077	0.01288	0.00873	0.00478	0.00470	0.00109	0.00501	0.00387	0.00355	0.65726
3	0.01590	0.05730	0.17260	0.03656	0.04175	0.08564	0.27003	0.02008	0.01399	0.11992	0.01258	0.01455	0.00921	0.00551	0.00590	0.00173	0.00818	0.00535	0.00352	0.09970
4	0.01194	0.01249	0.05941	0.01531	0.01850	0.03997	0.24024	0.05662	0.05821	0.01862	0.03700	0.29227	0.02213	0.01106	0.00762	0.00216	0.04679	0.03848	0.00436	0.00682
5	0.01555	0.01518	0.05952	0.03615	0.05493	0.08318	0.08282	0.17843	0.22216	0.02337	0.01932	0.04378	0.05834	0.01067	0.06722	0.00250	0.00735	0.00655	0.00469	0.00830
6	0.03864	0.00767	0.00935	0.00842	0.01095	0.00704	0.00648	0.01675	0.06048	0.24207	0.16335	0.16307	0.21791	0.01203	0.00661	0.00199	0.00380	0.01028	0.00620	0.00691

[dist]
# distance from previous block
# <min> <max>
0	1

[block]
# block no. 4 follows, 39 sequences, length 13
# corresponding to MSA columns:
# 259-271
name=unknown_E
#
# <colnr> <probs for GDERKNQSTAVLIFYWHMCP>
#	G	D	E	R	K	N	Q	S	T	A	V	L	I	F	Y	W	H	M	C	P
0	0.01325	0.01138	0.01690	0.54443	0.03300	0.01370	0.01441	0.15284	0.01506	0.01996	0.04954	0.01701	0.01097	0.00664	0.00638	0.00193	0.03344	0.00555	0.02645	0.00715
1	0.02653	0.01006	0.01372	0.01052	0.01510	0.00869	0.00869	0.02882	0.01693	0.75937	0.02333	0.02013	0.01464	0.00732	0.00595	0.00183	0.00503	0.00595	0.00732	0.01006
2	0.67631	0.01030	0.00808	0.00734	0.01057	0.01178	0.00597	0.01669	0.01051	0.02567	0.01035	0.01199	0.00808	0.00576	0.00375	0.00174	0.00423	0.00364	0.16099	0.00623
3	0.00747	0.00601	0.00665	0.00649	0.00828	0.00520	0.00487	0.00941	0.01460	0.01865	0.29877	0.05252	0.51234	0.01398	0.00698	0.00195	0.00292	0.01186	0.00584	0.00520
4	0.01642	0.01457	0.02241	0.12174	0.51955	0.01512	0.01681	0.15566	0.01645	0.02290	0.01237	0.01568	0.01001	0.00619	0.00618	0.00192	0.00726	0.00551	0.00372	0.00951
5	0.34454	0.08881	0.03039	0.08556	0.06796	0.05139	0.00983	0.03256	0.01244	0.03817	0.01039	0.01260	0.00841	0.00596	0.00506	0.00174	0.02169	0.00405	0.00367	0.16479
6	0.01191	0.01102	0.01817	0.76938	0.04093	0.01351	0.01663	0.01561	0.01228	0.01581	0.01125	0.01675	0.00859	0.00640	0.00622	0.00210	0.00810	0.00549	0.00289	0.00695
7	0.01417	0.00990	0.01151	0.00983	0.01247	0.00989	0.00766	0.22397	0.02014	0.06841	0.43677	0.03569	0.09225	0.01100	0.00691	0.00198	0.00429	0.00917	0.00652	0.00748
8	0.00944	0.00693	0.00978	0.01001	0.01109	0.00758	0.00779	0.01127	0.01070	0.01501	0.01972	0.03378	0.01967	0.10292	0.55123	0.00793	0.01311	0.14258	0.00389	0.00556
9	0.01718	0.01512	0.01958	0.02374	0.34618	0.04333	0.01401	0.16399	0.24286	0.02499	0.01639	0.01769	0.01282	0.00701	0.00621	0.00196	0.00656	0.00590	0.00473	0.00976
10	0.17687	0.02304	0.01586	0.01428	0.01704	0.50527	0.01095	0.02144	0.01475	0.01745	0.00952	0.01184	0.00812	0.00709	0.00739	0.00188	0.12262	0.00414	0.00335	0.00709
11	0.17851	0.01662	0.01639	0.01302	0.01748	0.05622	0.01059	0.55340	0.02411	0.03448	0.01349	0.01414	0.00992	0.00721	0.00576	0.00191	0.00658	0.00507	0.00556	0.00953
12	0.00850	0.00637	0.00771	0.00780	0.00914	0.00570	0.00562	0.01029	0.01495	0.02018	0.38731	0.23577	0.22826	0.01486	0.00742	0.00217	0.00328	0.01286	0.00621	0.00563

[dist]
# distance from previous block
# <min> <max>
6	16

[block]
# block no. 5 follows, 39 sequences, length 16
# corresponding to MSA columns:
# 288-303
name=unknown_F
#
# <colnr> <probs for GDERKNQSTAVLIFYWHMCP>
#	G	D	E	R	K	N	Q	S	T	A	V	L	I	F	Y	W	H	M	C	P
0	0.01237	0.12919	0.66738	0.01599	0.02425	0.01498	0.02034	0.01860	0.01243	0.01811	0.01030	0.01210	0.00750	0.00555	0.00538	0.00179	0.00843	0.00421	0.00250	0.00859
1	0.01022	0.00910	0.01019	0.00999	0.01122	0.10533	0.00760	0.01208	0.01037	0.01364	0.01520	0.02287	0.01441	0.10044	0.61008	0.00817	0.01435	0.00620	0.00319	0.00534
2	0.02529	0.01034	0.01369	0.01068	0.01513	0.00932	0.00876	0.02909	0.09326	0.68231	0.02341	0.02033	0.01500	0.00739	0.00595	0.00185	0.00500	0.00602	0.00718	0.00999
3	0.01657	0.01273	0.01376	0.01200	0.01558	0.01437	0.00944	0.08703	0.61138	0.10280	0.02321	0.02124	0.01706	0.00788	0.00600	0.00197	0.00486	0.00650	0.00615	0.00949
4	0.01226	0.01051	0.01226	0.00876	0.01401	0.00788	0.00701	0.01489	0.01226	0.01927	0.01051	0.01226	0.00876	0.00438	0.00438	0.00088	0.00438	0.00350	0.00350	0.82832
5	0.00772	0.00584	0.00826	0.10743	0.01272	0.00588	0.00690	0.00912	0.01139	0.01510	0.02975	0.68875	0.03509	0.01690	0.00734	0.00235	0.00400	0.01532	0.00512	0.00503
6	0.01462	0.01397	0.02865	0.02240	0.08294	0.01308	0.51904	0.01876	0.01395	0.09862	0.01542	0.10199	0.01296	0.00676	0.00684	0.00200	0.00848	0.00783	0.00373	0.00796
7	0.01622	0.01363	0.01560	0.01547	0.11131	0.01534	0.01086	0.16784	0.50976	0.02650	0.02046	0.01956	0.01536	0.00749	0.00598	0.00193	0.00534	0.00624	0.00560	0.00950
8	0.00721	0.00515	0.00686	0.00823	0.00858	0.00480	0.00549	0.00823	0.01132	0.01510	0.03259	0.78831	0.03911	0.01853	0.00755	0.00240	0.00343	0.01681	0.00549	0.00480
9	0.00843	0.00588	0.00728	0.00759	0.00786	0.00608	0.00491	0.00911	0.00967	0.01330	0.02208	0.25634	0.02523	0.42542	0.09943	0.00486	0.03431	0.01053	0.03740	0.00430
10	0.02311	0.01228	0.05905	0.04584	0.09752	0.01053	0.03515	0.06822	0.01663	0.53844	0.01983	0.01842	0.01292	0.00685	0.00595	0.00183	0.00583	0.00575	0.00615	0.00970
11	0.00929	0.00663	0.00925	0.01061	0.01187	0.00660	0.00911	0.01183	0.01337	0.01743	0.03145	0.14240	0.03457	0.01657	0.00810	0.00269	0.00523	0.64218	0.00545	0.00538
12	0.02164	0.01615	0.01727	0.01344	0.01802	0.01795	0.01104	0.65941	0.10532	0.03592	0.01527	0.01505	0.01092	0.00720	0.00593	0.00180	0.00631	0.00547	0.00593	0.00998
13	0.01359	0.09833	0.02808	0.02009	0.06635	0.01387	0.44418	0.01706	0.01285	0.01755	0.01115	0.01491	0.00895	0.00656	0.00793	0.08840	0.00818	0.00583	0.00296	0.11317
14	0.01334	0.47315	0.14860	0.01076	0.01555	0.01777	0.01116	0.01606	0.01196	0.01512	0.01516	0.01676	0.08901	0.01003	0.07579	0.00224	0.02402	0.00477	0.02153	0.00722
15	0.45666	0.05680	0.03533	0.04100	0.01488	0.01371	0.00847	0.12785	0.01378	0.07982	0.01067	0.01170	0.00798	0.00575	0.00441	0.00169	0.00524	0.00388	0.00412	0.09626

[dist]
# distance from previous block
# <min> <max>
0	1

[block]
# block no. 6 follows, 39 sequences, length 13
# corresponding to MSA columns:
# 305-317
name=unknown_G
#
# <colnr> <probs for GDERKNQSTAVLIFYWHMCP>
#	G	D	E	R	K	N	Q	S	T	A	V	L	I	F	Y	W	H	M	C	P
0	0.02496	0.00972	0.01322	0.01025	0.01455	0.00842	0.00842	0.02729	0.01691	0.69558	0.08653	0.02221	0.01821	0.00773	0.00604	0.00183	0.00484	0.00636	0.00725	0.00968
1	0.63649	0.01292	0.07612	0.00900	0.01326	0.01260	0.00813	0.01927	0.01134	0.13900	0.01078	0.01149	0.00777	0.00578	0.00419	0.00183	0.00501	0.00373	0.00412	0.00718
2	0.00858	0.00576	0.00658	0.00654	0.00666	0.00572	0.00376	0.00882	0.00931	0.01253	0.08224	0.03917	0.02447	0.72452	0.02809	0.00540	0.00548	0.00878	0.00384	0.00376
3	0.19538	0.01513	0.01542	0.01222	0.01660	0.01693	0.01004	0.51959	0.08747	0.03386	0.01380	0.01391	0.00998	0.00684	0.00544	0.00181	0.00593	0.00499	0.00544	0.00921
4	0.01359	0.01412	0.12718	0.45216	0.09803	0.01293	0.07401	0.01781	0.01283	0.10285	0.01219	0.01571	0.00883	0.00590	0.00595	0.00192	0.00777	0.00535	0.00321	0.00765
5	0.01340	0.07336	0.45488	0.07512	0.05734	0.01422	0.06941	0.06760	0.01369	0.03516	0.01108	0.01315	0.00813	0.00560	0.00557	0.00177	0.00800	0.00463	0.00297	0.06493
6	0.01484	0.57791	0.18753	0.01259	0.01850	0.02075	0.06288	0.01801	0.01225	0.01529	0.00899	0.01058	0.00766	0.00517	0.00441	0.00145	0.00709	0.00369	0.00255	0.00786
7	0.01117	0.01051	0.01774	0.77795	0.04073	0.01314	0.01642	0.01511	0.01182	0.01511	0.01051	0.01577	0.00788	0.00591	0.00591	0.00197	0.00788	0.00526	0.00263	0.00657
8	0.00834	0.00662	0.00966	0.11610	0.07006	0.00668	0.00793	0.01003	0.01178	0.01568	0.04822	0.57565	0.05972	0.01547	0.00716	0.00226	0.00428	0.01401	0.00493	0.00542
9	0.01298	0.02540	0.51601	0.01964	0.05905	0.01391	0.20742	0.01907	0.01305	0.04140	0.01138	0.01372	0.00818	0.00549	0.00599	0.00190	0.00887	0.00514	0.00279	0.00861
10	0.01396	0.01595	0.03490	0.02493	0.03091	0.01496	0.73380	0.01894	0.01396	0.01894	0.01196	0.01595	0.00897	0.00499	0.00698	0.00199	0.00997	0.00698	0.00299	0.00798
11	0.02072	0.00949	0.01233	0.01001	0.01369	0.00879	0.00806	0.02509	0.11589	0.48919	0.19208	0.02596	0.02463	0.00852	0.00619	0.00186	0.00447	0.00715	0.00695	0.00893
12	0.01281	0.01190	0.01990	0.08179	0.54593	0.01201	0.01532	0.01582	0.01289	0.01812	0.01567	0.18021	0.01563	0.00815	0.00622	0.00191	0.00632	0.00774	0.00345	0.00820

[dist]
# distance from previous block
# <min> <max>
0	118

# created by:
# /software/SequenceAnalysis/GenePrediction/augustus/3.0.1/scripts/msa2prfl.pl ./fixed/BUSCOvEOG7KD81H.fas
