[name]
unknown

[dist]
# distance from previous block
# <min> <max>
7	89

[block]
# block no. 0 follows, 41 sequences, length 29
# corresponding to MSA columns:
# 92-120
name=unknown_A
#
# <colnr> <probs for GDERKNQSTAVLIFYWHMCP>
#	G	D	E	R	K	N	Q	S	T	A	V	L	I	F	Y	W	H	M	C	P
0	0.00816	0.00610	0.00904	0.00899	0.01005	0.00698	0.00698	0.01027	0.00989	0.01424	0.08923	0.02448	0.01824	0.03980	0.69996	0.00846	0.01407	0.00655	0.00338	0.00514
1	0.01880	0.02234	0.01713	0.01489	0.01819	0.50965	0.08313	0.02428	0.20048	0.01691	0.01273	0.01358	0.01003	0.00626	0.00548	0.00164	0.00880	0.00469	0.00366	0.00735
2	0.00809	0.00585	0.00813	0.00826	0.00893	0.00646	0.00596	0.00947	0.00913	0.01281	0.01767	0.10325	0.01842	0.24801	0.49486	0.00751	0.01145	0.00773	0.00340	0.00461
3	0.00754	0.00620	0.00742	0.00757	0.00872	0.00609	0.00558	0.00894	0.01224	0.01576	0.11533	0.29365	0.37620	0.01489	0.00813	0.00210	0.08096	0.01258	0.00513	0.00497
4	0.00965	0.00750	0.01053	0.01364	0.19607	0.00747	0.00718	0.01060	0.00976	0.01334	0.01754	0.10679	0.01955	0.52264	0.02108	0.00426	0.00564	0.00830	0.00349	0.00498
5	0.22799	0.00963	0.01127	0.00903	0.01293	0.00921	0.00742	0.02366	0.01427	0.50750	0.01852	0.01710	0.01221	0.00659	0.00502	0.00173	0.00454	0.00505	0.08791	0.00841
6	0.01284	0.01142	0.01997	0.06997	0.45983	0.01147	0.08624	0.01493	0.01158	0.01623	0.01060	0.01515	0.00916	0.00881	0.00995	0.21010	0.00667	0.00523	0.00273	0.00712
7	0.01327	0.01287	0.02248	0.22217	0.52740	0.01343	0.07109	0.01688	0.01266	0.01764	0.01067	0.01453	0.00867	0.00523	0.00576	0.00177	0.00721	0.00522	0.00276	0.00828
8	0.01204	0.01160	0.01832	0.01945	0.20249	0.01403	0.06693	0.01427	0.01028	0.01523	0.01034	0.01533	0.00948	0.01562	0.18110	0.00373	0.36480	0.00540	0.00274	0.00681
9	0.16749	0.01893	0.20847	0.11776	0.05153	0.11146	0.20928	0.01806	0.01250	0.01861	0.01001	0.01272	0.00756	0.00533	0.00544	0.00180	0.00809	0.00477	0.00285	0.00735
10	0.81648	0.01157	0.02946	0.00776	0.01144	0.01284	0.00661	0.01685	0.00980	0.02545	0.00803	0.00937	0.00622	0.00531	0.00359	0.00177	0.00454	0.00313	0.00351	0.00626
11	0.01435	0.01209	0.06082	0.05953	0.01570	0.01184	0.00948	0.29757	0.09070	0.04141	0.02389	0.21502	0.10230	0.01043	0.00623	0.00193	0.00518	0.00880	0.00520	0.00754
12	0.00798	0.00540	0.00634	0.00667	0.00675	0.00532	0.00393	0.00823	0.00898	0.01197	0.02140	0.22724	0.02506	0.60335	0.02365	0.00474	0.00499	0.01031	0.00393	0.00376
13	0.00692	0.00556	0.00618	0.00654	0.00795	0.00482	0.00471	0.00833	0.01266	0.01576	0.10246	0.27152	0.49598	0.01529	0.00692	0.00204	0.00301	0.01317	0.00538	0.00482
14	0.00879	0.00681	0.00821	0.00889	0.00994	0.00705	0.00625	0.01358	0.19680	0.01694	0.02946	0.60141	0.03273	0.01538	0.00693	0.00223	0.00362	0.01381	0.00544	0.00575
15	0.01080	0.01017	0.01716	0.78523	0.03940	0.01271	0.01589	0.01461	0.01144	0.01461	0.01017	0.01525	0.00762	0.00572	0.00572	0.00191	0.00762	0.00508	0.00254	0.00635
16	0.00762	0.00544	0.00736	0.00855	0.00921	0.00519	0.00629	0.00915	0.01190	0.01585	0.08545	0.55622	0.03780	0.01693	0.00741	0.00236	0.00376	0.19329	0.00537	0.00486
17	0.01147	0.02959	0.76934	0.01630	0.02476	0.01328	0.02113	0.01811	0.01208	0.01811	0.01026	0.01208	0.00725	0.00543	0.00543	0.00181	0.00845	0.00423	0.00242	0.00845
18	0.01434	0.60885	0.21516	0.01142	0.01720	0.02029	0.01263	0.01737	0.01174	0.01462	0.00853	0.00990	0.00732	0.00503	0.00411	0.00137	0.00670	0.00335	0.00244	0.00762
19	0.22091	0.01198	0.01180	0.01061	0.01392	0.01388	0.00834	0.02699	0.56681	0.02436	0.01944	0.01832	0.01464	0.00715	0.00525	0.00190	0.00450	0.00562	0.00525	0.00834
20	0.01681	0.60827	0.02653	0.01103	0.01543	0.21133	0.01010	0.01856	0.01277	0.01359	0.00817	0.00946	0.00735	0.00514	0.00404	0.00129	0.00717	0.00322	0.00257	0.00716
21	0.01356	0.01476	0.03045	0.05730	0.21397	0.01418	0.53188	0.01798	0.01330	0.01827	0.01131	0.01510	0.00873	0.00493	0.00644	0.00187	0.00885	0.00627	0.00286	0.00800
22	0.07785	0.01743	0.20307	0.01275	0.01771	0.03241	0.01224	0.17764	0.26689	0.09869	0.01643	0.01605	0.01185	0.00669	0.00551	0.00182	0.00605	0.00524	0.00483	0.00884
23	0.01040	0.00927	0.01517	0.59119	0.03250	0.01117	0.01421	0.01392	0.01187	0.01524	0.01521	0.02759	0.01396	0.00824	0.00627	0.00209	0.00703	0.18535	0.00322	0.00608
24	0.00733	0.00509	0.00664	0.00769	0.00817	0.00477	0.00520	0.00857	0.01144	0.01571	0.09549	0.66409	0.03746	0.03160	0.00746	0.00227	0.00326	0.01488	0.05813	0.00473
25	0.00887	0.01174	0.19837	0.00953	0.01259	0.00732	0.00933	0.01245	0.01483	0.02120	0.52583	0.08316	0.04124	0.01052	0.00645	0.00184	0.00418	0.00919	0.00526	0.00611
26	0.01346	0.03407	0.01523	0.01530	0.20134	0.00955	0.00965	0.01613	0.01246	0.07413	0.01164	0.02989	0.00965	0.00498	0.00476	0.00117	0.00496	0.00426	0.00354	0.52383
27	0.78648	0.01100	0.00863	0.00758	0.01122	0.01250	0.00623	0.01666	0.00987	0.02521	0.00811	0.00946	0.00634	0.00524	0.00358	0.00171	0.00441	0.00312	0.00353	0.05911
28	0.02038	0.00879	0.01177	0.00932	0.01302	0.00760	0.00755	0.02274	0.01604	0.53297	0.20655	0.02481	0.02377	0.00805	0.00590	0.00172	0.00428	0.00675	0.00665	0.06134

[dist]
# distance from previous block
# <min> <max>
0	10

[block]
# block no. 1 follows, 41 sequences, length 25
# corresponding to MSA columns:
# 131-155
name=unknown_B
#
# <colnr> <probs for GDERKNQSTAVLIFYWHMCP>
#	G	D	E	R	K	N	Q	S	T	A	V	L	I	F	Y	W	H	M	C	P
0	0.02566	0.00973	0.01327	0.01018	0.01460	0.00841	0.00841	0.02788	0.01637	0.76726	0.02257	0.01947	0.01416	0.00708	0.00575	0.00177	0.00487	0.00575	0.00708	0.00973
1	0.62415	0.01071	0.00969	0.00822	0.01200	0.01166	0.00678	0.01974	0.01149	0.22182	0.01183	0.01198	0.00830	0.00578	0.00412	0.00177	0.00454	0.00380	0.00448	0.00713
2	0.00719	0.00581	0.00639	0.00625	0.00799	0.00501	0.00469	0.00904	0.01406	0.01787	0.28457	0.05107	0.53285	0.01359	0.00676	0.00189	0.00283	0.01151	0.00563	0.00501
3	0.01232	0.01038	0.01204	0.00874	0.01367	0.00815	0.00698	0.05763	0.01273	0.01957	0.01093	0.03227	0.00931	0.00475	0.00440	0.00094	0.00433	0.00383	0.00358	0.76345
4	0.01186	0.01017	0.01186	0.00847	0.01356	0.00762	0.00678	0.01440	0.01186	0.01864	0.01017	0.01186	0.00847	0.00424	0.00424	0.00085	0.00424	0.00339	0.00339	0.83395
5	0.05625	0.55056	0.02295	0.00898	0.01287	0.01756	0.00844	0.01544	0.01273	0.01660	0.20695	0.01806	0.01961	0.00671	0.00448	0.00140	0.00512	0.00499	0.00352	0.00677
6	0.01201	0.02584	0.57477	0.01837	0.02612	0.01360	0.21195	0.01817	0.01245	0.01817	0.01061	0.01296	0.00762	0.00527	0.00578	0.00184	0.00877	0.00489	0.00254	0.00826
7	0.01885	0.01447	0.01716	0.21738	0.02347	0.01641	0.01220	0.55124	0.02281	0.03038	0.01279	0.01413	0.00917	0.00656	0.00572	0.00177	0.00665	0.00513	0.00488	0.00884
8	0.01447	0.01172	0.01326	0.00971	0.01466	0.01030	0.00786	0.20745	0.01584	0.02324	0.01111	0.01236	0.00880	0.00493	0.00463	0.00108	0.00478	0.00385	0.00401	0.61593
9	0.04038	0.01027	0.01686	0.73404	0.03764	0.01286	0.01544	0.01467	0.01129	0.01498	0.01001	0.01495	0.00757	0.00583	0.00604	0.00192	0.03132	0.00501	0.00258	0.00635
10	0.01507	0.01066	0.01768	0.46984	0.03069	0.01198	0.08087	0.01842	0.01279	0.21399	0.01344	0.01624	0.00944	0.00622	0.00650	0.00190	0.04770	0.00541	0.00377	0.00737
11	0.62093	0.01222	0.01511	0.01191	0.01604	0.01326	0.20096	0.01721	0.01073	0.02372	0.00892	0.01092	0.00685	0.00518	0.00439	0.00181	0.00581	0.00406	0.00337	0.00660
12	0.83938	0.01106	0.00841	0.00752	0.01106	0.01283	0.00619	0.01681	0.00973	0.02566	0.00796	0.00929	0.00619	0.00531	0.00354	0.00177	0.00442	0.00310	0.00354	0.00619
13	0.01316	0.21988	0.01677	0.00907	0.01391	0.01207	0.00776	0.05626	0.01262	0.01812	0.01051	0.03808	0.00925	0.00503	0.00428	0.00105	0.00482	0.00384	0.00334	0.54020
14	0.01636	0.00813	0.01065	0.03247	0.01212	0.00769	0.02015	0.04405	0.03217	0.32892	0.08035	0.07117	0.02028	0.23247	0.01247	0.00286	0.00489	0.00743	0.04843	0.00693
15	0.62311	0.01237	0.01072	0.00901	0.01283	0.01413	0.00743	0.20922	0.01427	0.02841	0.00949	0.01047	0.00713	0.00572	0.00412	0.00176	0.00492	0.00364	0.00412	0.00713
16	0.01088	0.00910	0.01116	0.00866	0.01267	0.00750	0.00688	0.01329	0.01116	0.01722	0.01153	0.01467	0.01001	0.01446	0.20846	0.00305	0.00717	0.00411	0.00330	0.61471
17	0.00785	0.00582	0.00852	0.00887	0.00971	0.00649	0.00666	0.00962	0.00966	0.01363	0.01961	0.22688	0.02052	0.03629	0.57290	0.00738	0.01215	0.00881	0.00366	0.00499
18	0.01386	0.01331	0.05952	0.06177	0.02136	0.01268	0.27104	0.20765	0.01625	0.02200	0.01674	0.16124	0.01554	0.00911	0.02061	0.00209	0.00718	0.04122	0.01938	0.00743
19	0.01381	0.01502	0.02965	0.02196	0.02622	0.01556	0.54275	0.01749	0.01260	0.01764	0.01108	0.01545	0.00893	0.00660	0.01017	0.00219	0.21582	0.00646	0.00299	0.00762
20	0.02224	0.01638	0.01752	0.01352	0.01812	0.01799	0.01109	0.73775	0.02712	0.03641	0.01429	0.01454	0.01028	0.00725	0.00597	0.00183	0.00648	0.00534	0.00590	0.01000
21	0.01689	0.01385	0.04342	0.01988	0.06245	0.01264	0.42157	0.02045	0.01425	0.21660	0.01594	0.05962	0.01223	0.00674	0.00708	0.00202	0.03469	0.00697	0.00431	0.00841
22	0.01039	0.00920	0.01472	0.57272	0.03134	0.01088	0.01326	0.01326	0.01168	0.01517	0.01641	0.22236	0.01618	0.00934	0.00639	0.00212	0.00666	0.00823	0.00348	0.00621
23	0.00760	0.00544	0.00709	0.00838	0.00876	0.00502	0.00558	0.00843	0.01133	0.01516	0.03192	0.78868	0.03812	0.01820	0.00754	0.00243	0.00353	0.01634	0.00549	0.00497
24	0.03967	0.15172	0.30398	0.01236	0.01761	0.01254	0.03332	0.01747	0.01391	0.10543	0.21023	0.02136	0.02099	0.00756	0.00575	0.00181	0.00620	0.00605	0.00424	0.00780

[dist]
# distance from previous block
# <min> <max>
0	1

[block]
# block no. 2 follows, 41 sequences, length 16
# corresponding to MSA columns:
# 157-172
name=unknown_C
#
# <colnr> <probs for GDERKNQSTAVLIFYWHMCP>
#	G	D	E	R	K	N	Q	S	T	A	V	L	I	F	Y	W	H	M	C	P
0	0.00697	0.00498	0.00664	0.00796	0.00830	0.00465	0.00531	0.00796	0.01095	0.01460	0.03153	0.79525	0.03783	0.01792	0.00730	0.00232	0.00332	0.01626	0.00531	0.00465
1	0.00868	0.00972	0.12560	0.01028	0.01244	0.00809	0.00929	0.01142	0.00963	0.01402	0.01455	0.02088	0.01322	0.03716	0.65826	0.00806	0.01427	0.00584	0.00296	0.00562
2	0.06622	0.01262	0.01561	0.19236	0.02149	0.09992	0.05180	0.03602	0.05396	0.33799	0.01593	0.01634	0.01093	0.00654	0.00610	0.00181	0.03615	0.00526	0.00484	0.00810
3	0.01344	0.01615	0.11730	0.04737	0.06892	0.01374	0.51315	0.01807	0.01330	0.04714	0.04005	0.01606	0.01039	0.00545	0.00684	0.00191	0.03351	0.00635	0.00310	0.00778
4	0.02270	0.00996	0.01290	0.01026	0.01431	0.00925	0.00835	0.02735	0.14384	0.59681	0.06412	0.02110	0.01697	0.00746	0.00582	0.00180	0.00469	0.00613	0.00682	0.00937
5	0.02155	0.01121	0.01356	0.01096	0.01501	0.01125	0.00887	0.10241	0.25625	0.45103	0.02189	0.01949	0.01477	0.00728	0.00577	0.00182	0.00490	0.00592	0.00653	0.00951
6	0.01316	0.06936	0.39517	0.11888	0.03998	0.01410	0.07293	0.12825	0.01430	0.01995	0.01189	0.05476	0.00947	0.00627	0.00561	0.00181	0.00765	0.00527	0.00314	0.00805
7	0.06493	0.01119	0.03929	0.01336	0.07329	0.00996	0.07982	0.02429	0.06011	0.48354	0.03308	0.01919	0.01382	0.03948	0.00670	0.00195	0.00553	0.00584	0.00577	0.00888
8	0.00714	0.00511	0.00679	0.00785	0.00833	0.00476	0.00532	0.00840	0.01175	0.01588	0.14313	0.68001	0.04030	0.01697	0.00722	0.00224	0.00322	0.01535	0.00546	0.00476
9	0.00951	0.00865	0.00840	0.00877	0.00981	0.12300	0.00621	0.01108	0.01331	0.01698	0.24426	0.45178	0.03795	0.01423	0.00681	0.00204	0.00421	0.01258	0.00524	0.00517
10	0.01334	0.18417	0.22629	0.07245	0.23038	0.01551	0.14439	0.01756	0.01245	0.01710	0.01014	0.01285	0.00805	0.00514	0.00538	0.00168	0.00765	0.00472	0.00263	0.00812
11	0.01683	0.01605	0.13132	0.04484	0.09122	0.01470	0.01251	0.28442	0.21923	0.06611	0.01687	0.01692	0.02901	0.00686	0.00572	0.00181	0.00609	0.00555	0.00490	0.00904
12	0.66562	0.01137	0.01032	0.00910	0.01189	0.01382	0.00752	0.01617	0.00953	0.02316	0.00787	0.00997	0.00647	0.00630	0.00674	0.00192	0.16919	0.00350	0.00332	0.00621
13	0.02028	0.00963	0.01334	0.01086	0.01360	0.00994	0.00881	0.02155	0.01328	0.48059	0.01722	0.01757	0.01201	0.00970	0.01124	0.12932	0.18241	0.00546	0.00534	0.00784
14	0.08818	0.00984	0.01290	0.00997	0.01433	0.00875	0.00824	0.02703	0.01586	0.71028	0.02144	0.01869	0.01355	0.00694	0.00558	0.00177	0.00483	0.00555	0.00681	0.00946
15	0.00817	0.00613	0.00919	0.00919	0.01021	0.00715	0.00715	0.01021	0.00919	0.01328	0.01532	0.02247	0.01430	0.04290	0.77631	0.00919	0.01532	0.00613	0.00306	0.00511

[dist]
# distance from previous block
# <min> <max>
0	1

[block]
# block no. 3 follows, 41 sequences, length 22
# corresponding to MSA columns:
# 174-195
name=unknown_D
#
# <colnr> <probs for GDERKNQSTAVLIFYWHMCP>
#	G	D	E	R	K	N	Q	S	T	A	V	L	I	F	Y	W	H	M	C	P
0	0.00968	0.00524	0.00568	0.00603	0.00710	0.00515	0.00435	0.01190	0.01172	0.01953	0.02209	0.22758	0.02084	0.00966	0.00488	0.00160	0.00284	0.00824	0.61075	0.00515
1	0.00832	0.00555	0.00624	0.00624	0.00624	0.00555	0.00347	0.00832	0.00832	0.01109	0.01802	0.03743	0.02080	0.79898	0.02911	0.00555	0.00555	0.00832	0.00347	0.00347
2	0.00998	0.00547	0.00595	0.00583	0.00717	0.00535	0.00437	0.01265	0.01311	0.02175	0.21631	0.02703	0.02514	0.00800	0.00473	0.00146	0.00267	0.00667	0.61101	0.00535
3	0.01984	0.01803	0.01584	0.01316	0.01694	0.21883	0.01043	0.39767	0.16179	0.02733	0.01469	0.03389	0.01128	0.00705	0.00563	0.00171	0.00695	0.00529	0.00499	0.00865
4	0.01231	0.01057	0.01361	0.21593	0.02069	0.00988	0.00955	0.07253	0.03102	0.01899	0.01123	0.03004	0.00920	0.00522	0.00485	0.00126	0.00529	0.00433	0.00345	0.51005
5	0.01336	0.01570	0.05540	0.04624	0.03002	0.01438	0.69946	0.01821	0.01340	0.01821	0.01149	0.01532	0.00860	0.00487	0.00668	0.00192	0.00955	0.00663	0.00287	0.00770
6	0.01093	0.01042	0.01794	0.74909	0.03894	0.01279	0.05039	0.01479	0.01154	0.01479	0.01023	0.01526	0.00767	0.00568	0.00577	0.00191	0.00772	0.00516	0.00256	0.00642
7	0.00757	0.00541	0.00732	0.00865	0.00924	0.00516	0.00635	0.00900	0.01154	0.01527	0.03120	0.60050	0.03652	0.01736	0.00746	0.00241	0.00384	0.20509	0.00530	0.00481
8	0.01086	0.06064	0.49501	0.01393	0.02018	0.01170	0.05064	0.01612	0.01322	0.01918	0.21010	0.02026	0.01977	0.00705	0.00576	0.00178	0.00686	0.00592	0.00347	0.00755
9	0.02489	0.01795	0.01936	0.01961	0.02154	0.01528	0.01297	0.02113	0.02156	0.03048	0.04258	0.60967	0.04587	0.02577	0.01392	0.00523	0.00943	0.01857	0.01046	0.01374
10	0.00727	0.00521	0.00691	0.00776	0.00836	0.00485	0.00533	0.00872	0.01235	0.01682	0.22575	0.59469	0.04213	0.01626	0.00715	0.00218	0.00315	0.01468	0.00557	0.00485
11	0.01271	0.01159	0.01926	0.05686	0.53572	0.01169	0.01527	0.01592	0.01300	0.01811	0.01594	0.02762	0.01536	0.00797	0.00626	0.00196	0.00642	0.19691	0.00347	0.00795
12	0.01308	0.01748	0.22141	0.11118	0.48822	0.01341	0.01833	0.01739	0.01260	0.01809	0.01056	0.01372	0.00842	0.00525	0.00561	0.00175	0.00733	0.00486	0.00269	0.00861
13	0.01147	0.02959	0.76934	0.01630	0.02476	0.01328	0.02113	0.01811	0.01208	0.01811	0.01026	0.01208	0.00725	0.00543	0.00543	0.00181	0.00845	0.00423	0.00242	0.00845
14	0.02242	0.01125	0.01873	0.01389	0.01868	0.01002	0.20406	0.02533	0.01561	0.56766	0.01964	0.01839	0.01270	0.00648	0.00602	0.00181	0.00614	0.00602	0.00596	0.00920
15	0.00878	0.00781	0.01395	0.01235	0.01417	0.00732	0.20191	0.01085	0.01170	0.01567	0.02617	0.56405	0.02990	0.01436	0.00717	0.00223	0.00507	0.03638	0.00466	0.00548
16	0.01080	0.01017	0.01716	0.78523	0.03940	0.01271	0.01589	0.01461	0.01144	0.01461	0.01017	0.01525	0.00762	0.00572	0.00572	0.00191	0.00762	0.00508	0.00254	0.00635
17	0.01866	0.02560	0.21688	0.01475	0.01942	0.43642	0.01359	0.11223	0.03912	0.03579	0.01060	0.01177	0.00810	0.00598	0.00534	0.00162	0.00901	0.00415	0.00334	0.00765
18	0.09143	0.01649	0.21754	0.19291	0.02342	0.01471	0.04252	0.01559	0.01053	0.01644	0.00905	0.01283	0.00738	0.00715	0.01028	0.00209	0.29541	0.00470	0.00260	0.00691
19	0.01318	0.01507	0.05105	0.02146	0.02578	0.01524	0.52677	0.01710	0.01220	0.01710	0.01045	0.01455	0.00832	0.00622	0.00992	0.00208	0.21719	0.00621	0.00277	0.00735
20	0.01609	0.01313	0.01396	0.01202	0.01555	0.01495	0.00954	0.22013	0.53911	0.02697	0.02093	0.02050	0.01582	0.00774	0.00585	0.00190	0.00502	0.02588	0.00578	0.00913
21	0.01449	0.01173	0.01327	0.00972	0.01467	0.01032	0.00787	0.20891	0.01587	0.02328	0.01112	0.01236	0.00881	0.00494	0.00463	0.00108	0.00478	0.00386	0.00401	0.61428

[dist]
# distance from previous block
# <min> <max>
2	5

[block]
# block no. 4 follows, 41 sequences, length 7
# corresponding to MSA columns:
# 201-207
name=unknown_E
#
# <colnr> <probs for GDERKNQSTAVLIFYWHMCP>
#	G	D	E	R	K	N	Q	S	T	A	V	L	I	F	Y	W	H	M	C	P
0	0.01080	0.01017	0.01716	0.78523	0.03940	0.01271	0.01589	0.01461	0.01144	0.01461	0.01017	0.01525	0.00762	0.00572	0.00572	0.00191	0.00762	0.00508	0.00254	0.00635
1	0.01066	0.00533	0.00533	0.00533	0.00666	0.00533	0.00400	0.01333	0.01200	0.02132	0.01866	0.02132	0.01466	0.00666	0.00400	0.00133	0.00267	0.00533	0.83073	0.00533
2	0.01089	0.01268	0.11447	0.68575	0.03750	0.01278	0.01656	0.01507	0.01152	0.01507	0.01018	0.01484	0.00758	0.00568	0.00568	0.00189	0.00773	0.00497	0.00253	0.00663
3	0.01697	0.05977	0.01686	0.05234	0.01738	0.31886	0.01105	0.09259	0.01428	0.01680	0.00918	0.01164	0.00780	0.00681	0.00867	0.00170	0.21609	0.00419	0.00312	0.11391
4	0.00727	0.00519	0.00698	0.00830	0.00877	0.00490	0.00583	0.00848	0.01124	0.01493	0.03136	0.69865	0.03718	0.01764	0.00738	0.00236	0.00358	0.10992	0.00530	0.00473
5	0.01786	0.01525	0.01793	0.08016	0.01984	0.06752	0.07181	0.37928	0.12264	0.02669	0.01345	0.01468	0.01009	0.00707	0.00747	0.00187	0.10791	0.00534	0.00463	0.00852
6	0.01423	0.01419	0.07321	0.01811	0.02356	0.01191	0.43074	0.01832	0.01355	0.10686	0.04690	0.01624	0.01127	0.00533	0.00605	0.00168	0.00762	0.00597	0.00361	0.17065

[dist]
# distance from previous block
# <min> <max>
0	11

[block]
# block no. 5 follows, 41 sequences, length 8
# corresponding to MSA columns:
# 219-226
name=unknown_F
#
# <colnr> <probs for GDERKNQSTAVLIFYWHMCP>
#	G	D	E	R	K	N	Q	S	T	A	V	L	I	F	Y	W	H	M	C	P
0	0.01387	0.07371	0.01943	0.15985	0.32799	0.01331	0.01355	0.08385	0.03742	0.01931	0.01099	0.01369	0.00888	0.00526	0.00524	0.00153	0.00625	0.00463	0.00323	0.17802
1	0.01235	0.00977	0.01223	0.03607	0.01386	0.00888	0.00768	0.01434	0.01121	0.06503	0.01128	0.01474	0.00971	0.05421	0.04003	0.04042	0.10746	0.00429	0.00343	0.52300
2	0.01530	0.00816	0.01045	0.00895	0.01171	0.00753	0.00698	0.04944	0.05884	0.28465	0.27673	0.13781	0.03092	0.01008	0.00623	0.00181	0.00390	0.00871	0.00621	0.05558
3	0.00773	0.00921	0.11538	0.00761	0.01034	0.00616	0.00698	0.01020	0.01360	0.01751	0.20808	0.04615	0.49521	0.01257	0.00657	0.00188	0.00365	0.01056	0.00512	0.00547
4	0.01105	0.01050	0.01721	0.67511	0.03591	0.01340	0.01540	0.01449	0.01105	0.01449	0.00979	0.01486	0.00761	0.00633	0.00758	0.00199	0.11927	0.00507	0.00254	0.00634
5	0.00832	0.00555	0.00624	0.00624	0.00624	0.00555	0.00347	0.00832	0.00832	0.01109	0.01802	0.03743	0.02080	0.79898	0.02911	0.00555	0.00555	0.00832	0.00347	0.00347
6	0.01114	0.01057	0.01779	0.59182	0.08169	0.01281	0.05250	0.01456	0.01125	0.01479	0.01053	0.01628	0.00854	0.05257	0.00816	0.00215	0.06844	0.00535	0.00263	0.00642
7	0.00697	0.00498	0.00664	0.00796	0.00830	0.00465	0.00531	0.00796	0.01095	0.01460	0.03153	0.79525	0.03783	0.01792	0.00730	0.00232	0.00332	0.01626	0.00531	0.00465

[dist]
# distance from previous block
# <min> <max>
6	9

[block]
# block no. 6 follows, 41 sequences, length 30
# corresponding to MSA columns:
# 236-265
name=unknown_G
#
# <colnr> <probs for GDERKNQSTAVLIFYWHMCP>
#	G	D	E	R	K	N	Q	S	T	A	V	L	I	F	Y	W	H	M	C	P
0	0.01529	0.80242	0.02997	0.00979	0.01468	0.02263	0.00979	0.01713	0.01162	0.01346	0.00795	0.00918	0.00734	0.00489	0.00367	0.00122	0.00612	0.00306	0.00245	0.00734
1	0.00703	0.00502	0.00671	0.00804	0.00840	0.00470	0.00542	0.00808	0.01102	0.01467	0.03149	0.77398	0.03769	0.01786	0.00732	0.00233	0.00338	0.03688	0.00531	0.00466
2	0.00796	0.00584	0.00745	0.00705	0.00846	0.00534	0.00529	0.01053	0.01586	0.02216	0.68720	0.04401	0.12754	0.01198	0.00675	0.00181	0.00272	0.01052	0.00619	0.00534
3	0.01158	0.00849	0.01063	0.00964	0.01136	0.00949	0.00740	0.19281	0.01344	0.01855	0.01542	0.02305	0.01436	0.17347	0.44634	0.00666	0.01127	0.00629	0.00380	0.00596
4	0.63303	0.01568	0.19807	0.00971	0.01447	0.01294	0.00992	0.01714	0.01032	0.02378	0.00854	0.00999	0.00646	0.00534	0.00401	0.00178	0.00543	0.00338	0.00326	0.00676
5	0.01292	0.00797	0.01033	0.04517	0.01151	0.00851	0.00695	0.19142	0.01248	0.01666	0.01089	0.01638	0.00978	0.01597	0.01743	0.58743	0.00542	0.00502	0.00329	0.00447
6	0.02017	0.02361	0.01596	0.01455	0.03330	0.57084	0.01087	0.09370	0.12876	0.01774	0.01154	0.01240	0.00916	0.00625	0.00532	0.00157	0.00897	0.00428	0.00365	0.00735
7	0.05891	0.00975	0.01617	0.40108	0.04447	0.01116	0.09993	0.01356	0.01138	0.01576	0.01542	0.20918	0.01522	0.00881	0.00672	0.00203	0.04303	0.00795	0.00334	0.00614
8	0.01147	0.01078	0.01471	0.01283	0.01283	0.01454	0.01026	0.01241	0.00865	0.01310	0.01013	0.01872	0.01082	0.20666	0.02135	0.00326	0.59336	0.00583	0.00274	0.00556
9	0.01172	0.13023	0.43165	0.01296	0.01865	0.01215	0.01486	0.01602	0.01198	0.06051	0.01596	0.20731	0.01529	0.00857	0.00567	0.00185	0.00664	0.00715	0.00341	0.00742
10	0.00838	0.00603	0.00804	0.00803	0.00937	0.00569	0.00635	0.01106	0.01544	0.02149	0.57834	0.04816	0.04872	0.01272	0.00703	0.00201	0.00334	0.18842	0.00604	0.00536
11	0.07232	0.01150	0.01404	0.01082	0.01524	0.01118	0.00894	0.22003	0.01881	0.52698	0.01933	0.01733	0.01250	0.00692	0.00561	0.00176	0.00523	0.00543	0.00651	0.00952
12	0.01839	0.01546	0.03786	0.01998	0.20494	0.03870	0.10480	0.35639	0.03301	0.07039	0.01300	0.01435	0.00963	0.00623	0.00620	0.00176	0.03005	0.00533	0.00447	0.00907
13	0.00810	0.00585	0.00765	0.00720	0.00855	0.00540	0.00540	0.01079	0.01619	0.02294	0.76028	0.04273	0.05397	0.01169	0.00675	0.00180	0.00270	0.01034	0.00630	0.00540
14	0.01173	0.02533	0.58196	0.01598	0.02233	0.01434	0.01899	0.01703	0.01125	0.01703	0.00958	0.01219	0.00731	0.00658	0.00876	0.00198	0.20288	0.00442	0.00244	0.00791
15	0.63247	0.00995	0.00861	0.00827	0.01126	0.01127	0.00695	0.01558	0.01059	0.02353	0.01353	0.02306	0.01286	0.00792	0.00463	0.00199	0.00463	0.18298	0.00397	0.00596
16	0.01690	0.60642	0.02678	0.01063	0.01544	0.02141	0.01006	0.19835	0.01543	0.01909	0.00939	0.01031	0.00794	0.00539	0.00418	0.00135	0.00616	0.00358	0.00326	0.00794
17	0.01587	0.01039	0.01252	0.00917	0.01406	0.00840	0.00742	0.05956	0.01385	0.20623	0.01346	0.01386	0.00996	0.00510	0.00470	0.00113	0.00451	0.00408	0.00444	0.58131
18	0.00955	0.00745	0.00886	0.00822	0.01008	0.00757	0.00625	0.01553	0.19965	0.02276	0.53637	0.03810	0.08536	0.01087	0.00652	0.00184	0.00317	0.00948	0.00612	0.00628
19	0.00693	0.00580	0.00603	0.00597	0.00783	0.00490	0.00448	0.00853	0.01343	0.01639	0.14640	0.05350	0.67194	0.01413	0.00676	0.00191	0.00287	0.01185	0.00544	0.00490
20	0.00722	0.00526	0.00687	0.00805	0.00867	0.00490	0.00569	0.00847	0.01144	0.01500	0.03412	0.62880	0.11248	0.01730	0.00732	0.00232	0.00351	0.10253	0.00530	0.00474
21	0.01416	0.01359	0.02322	0.03511	0.76330	0.01359	0.01755	0.01755	0.01302	0.01869	0.01076	0.01416	0.00906	0.00510	0.00566	0.00170	0.00680	0.00510	0.00283	0.00906
22	0.08436	0.01357	0.01473	0.01180	0.01594	0.01480	0.00961	0.38066	0.20463	0.16379	0.01725	0.01631	0.01218	0.00701	0.00558	0.00179	0.00545	0.00543	0.00582	0.00929
23	0.01359	0.55863	0.02342	0.00953	0.01326	0.01787	0.00873	0.05648	0.01233	0.01504	0.01416	0.20536	0.01508	0.00825	0.00469	0.00153	0.00543	0.00647	0.00335	0.00681
24	0.63313	0.01084	0.00927	0.00776	0.01168	0.01153	0.00634	0.01621	0.01026	0.02391	0.00851	0.00993	0.00676	0.00504	0.00371	0.00154	0.00438	0.00317	0.00350	0.21251
25	0.00797	0.00544	0.00651	0.00684	0.00698	0.00542	0.00414	0.00834	0.00903	0.01209	0.02123	0.22544	0.02466	0.55998	0.06748	0.00496	0.00556	0.01017	0.00390	0.00386
26	0.01215	0.01072	0.01439	0.01508	0.20012	0.00894	0.00938	0.01482	0.01210	0.01842	0.01154	0.05730	0.01030	0.00523	0.00477	0.00114	0.00482	0.00455	0.00336	0.58086
27	0.01423	0.01229	0.01293	0.01164	0.01487	0.01423	0.00905	0.03039	0.75297	0.02393	0.02328	0.02134	0.01746	0.00776	0.00582	0.00194	0.00453	0.00647	0.00582	0.00905
28	0.00966	0.00799	0.01269	0.01565	0.19792	0.00876	0.00974	0.01204	0.01015	0.01463	0.01418	0.02040	0.01299	0.03348	0.58423	0.00732	0.01320	0.00587	0.00301	0.00609
29	0.01251	0.01251	0.01752	0.01502	0.01502	0.01752	0.01251	0.01377	0.00876	0.01377	0.00751	0.01251	0.00751	0.01001	0.01877	0.00250	0.78851	0.00501	0.00250	0.00626

[dist]
# distance from previous block
# <min> <max>
0	11

[block]
# block no. 7 follows, 41 sequences, length 21
# corresponding to MSA columns:
# 277-297
name=unknown_H
#
# <colnr> <probs for GDERKNQSTAVLIFYWHMCP>
#	G	D	E	R	K	N	Q	S	T	A	V	L	I	F	Y	W	H	M	C	P
0	0.00730	0.00582	0.00654	0.00636	0.00806	0.00506	0.00477	0.00925	0.01430	0.01846	0.34006	0.05010	0.47698	0.01336	0.00675	0.00188	0.00282	0.01138	0.00571	0.00506
1	0.02143	0.01587	0.01699	0.01310	0.01762	0.01759	0.01080	0.71447	0.05716	0.03554	0.01413	0.01405	0.01005	0.00690	0.00573	0.00173	0.00622	0.00520	0.00573	0.00970
2	0.01218	0.01795	0.25693	0.01543	0.01812	0.01617	0.01526	0.01515	0.00982	0.01515	0.00839	0.01237	0.00742	0.00855	0.01452	0.00228	0.54011	0.00476	0.00247	0.00696
3	0.00774	0.00557	0.00732	0.00744	0.00847	0.00516	0.00537	0.00989	0.01452	0.02028	0.52822	0.28236	0.04883	0.01368	0.00692	0.00197	0.00290	0.01223	0.00598	0.00516
4	0.00697	0.00498	0.00664	0.00796	0.00830	0.00465	0.00531	0.00796	0.01095	0.01460	0.03153	0.79525	0.03783	0.01792	0.00730	0.00232	0.00332	0.01626	0.00531	0.00465
5	0.27465	0.01045	0.01437	0.53758	0.03037	0.01275	0.01280	0.01531	0.01089	0.01813	0.00947	0.01335	0.00717	0.00559	0.00502	0.00186	0.00661	0.00445	0.00286	0.00630
6	0.57662	0.01145	0.00985	0.00883	0.01228	0.01328	0.00710	0.02114	0.24641	0.02511	0.01284	0.01313	0.00978	0.00609	0.00427	0.00182	0.00446	0.00417	0.00427	0.00710
7	0.01590	0.01144	0.01257	0.01075	0.02943	0.01242	0.00800	0.34885	0.10762	0.04512	0.01669	0.02277	0.01456	0.25917	0.01309	0.00294	0.00562	0.00634	0.04931	0.00740
8	0.01126	0.02340	0.52982	0.26116	0.02942	0.01310	0.01946	0.01700	0.01187	0.01700	0.01023	0.01309	0.00737	0.00552	0.00552	0.00184	0.00819	0.00450	0.00246	0.00778
9	0.00899	0.00497	0.00719	0.00761	0.00772	0.00487	0.00508	0.00761	0.00857	0.01142	0.01681	0.26509	0.01882	0.01925	0.01756	0.56888	0.00444	0.00856	0.00338	0.00317
10	0.00740	0.00516	0.00651	0.00741	0.00764	0.00493	0.00472	0.00808	0.01011	0.01348	0.02723	0.55393	0.03241	0.26664	0.01425	0.00335	0.00403	0.01373	0.00472	0.00427
11	0.00862	0.00659	0.00788	0.00738	0.00909	0.00627	0.00559	0.02988	0.07373	0.02167	0.52683	0.04308	0.20804	0.01189	0.00665	0.00184	0.00298	0.01030	0.00602	0.00566
12	0.01935	0.01483	0.01582	0.01268	0.01683	0.01662	0.01029	0.51692	0.25810	0.03219	0.01677	0.01616	0.01219	0.00715	0.00575	0.00179	0.00573	0.00557	0.00575	0.00951
13	0.01232	0.01016	0.01116	0.01055	0.01293	0.01136	0.00796	0.06160	0.47768	0.02161	0.02539	0.26737	0.02353	0.01095	0.00629	0.00205	0.00424	0.00951	0.00565	0.00769
14	0.01819	0.01150	0.01334	0.01065	0.01417	0.01191	0.00863	0.36493	0.02134	0.18064	0.25326	0.02413	0.02472	0.00845	0.00605	0.00175	0.00486	0.00693	0.00618	0.00835
15	0.01418	0.01318	0.01994	0.02764	0.52497	0.01379	0.01485	0.02164	0.24865	0.02036	0.01475	0.01644	0.01174	0.00594	0.00571	0.00178	0.00607	0.00553	0.00378	0.00906
16	0.01118	0.01029	0.01393	0.01222	0.01222	0.01371	0.00963	0.01203	0.00862	0.01291	0.01086	0.02045	0.01174	0.26125	0.02206	0.00347	0.53919	0.00606	0.00281	0.00537
17	0.00696	0.00501	0.00660	0.00787	0.00827	0.00465	0.00527	0.00797	0.01104	0.01464	0.03265	0.76376	0.06860	0.01777	0.00728	0.00231	0.00330	0.01608	0.00531	0.00465
18	0.01202	0.00906	0.01145	0.01049	0.01246	0.00934	0.04668	0.24298	0.01616	0.02163	0.02479	0.50449	0.02732	0.01370	0.00677	0.00211	0.00461	0.01221	0.00531	0.00643
19	0.00762	0.00532	0.00677	0.00767	0.00799	0.00513	0.00511	0.00846	0.01033	0.01373	0.02710	0.48122	0.03192	0.26643	0.01431	0.00338	0.00422	0.08423	0.00472	0.00433
20	0.00817	0.00613	0.00919	0.00919	0.01021	0.00715	0.00715	0.01021	0.00919	0.01328	0.01532	0.02247	0.01430	0.04290	0.77631	0.00919	0.01532	0.00613	0.00306	0.00511

[dist]
# distance from previous block
# <min> <max>
0	22

[block]
# block no. 8 follows, 41 sequences, length 8
# corresponding to MSA columns:
# 320-327
name=unknown_I
#
# <colnr> <probs for GDERKNQSTAVLIFYWHMCP>
#	G	D	E	R	K	N	Q	S	T	A	V	L	I	F	Y	W	H	M	C	P
0	0.01416	0.01359	0.02322	0.03511	0.76330	0.01359	0.01755	0.01755	0.01302	0.01869	0.01076	0.01416	0.00906	0.00510	0.00566	0.00170	0.00680	0.00510	0.00283	0.00906
1	0.00825	0.00634	0.00801	0.00810	0.00968	0.00543	0.00570	0.00966	0.01119	0.01566	0.02591	0.58936	0.03011	0.01432	0.00650	0.00194	0.00356	0.01288	0.00480	0.22260
2	0.01883	0.01321	0.01406	0.01110	0.01483	0.01448	0.00907	0.55213	0.02298	0.03218	0.01503	0.01573	0.01102	0.00681	0.00527	0.00162	0.00534	0.00520	0.22255	0.00857
3	0.01416	0.01359	0.02322	0.03511	0.76330	0.01359	0.01755	0.01755	0.01302	0.01869	0.01076	0.01416	0.00906	0.00510	0.00566	0.00170	0.00680	0.00510	0.00283	0.00906
4	0.01080	0.01017	0.01716	0.78523	0.03940	0.01271	0.01589	0.01461	0.01144	0.01461	0.01017	0.01525	0.00762	0.00572	0.00572	0.00191	0.00762	0.00508	0.00254	0.00635
5	0.01297	0.01915	0.22708	0.02206	0.02854	0.01415	0.55293	0.01827	0.01313	0.01827	0.01123	0.01455	0.00830	0.00498	0.00640	0.00190	0.00933	0.00609	0.00277	0.00791
6	0.83938	0.01106	0.00841	0.00752	0.01106	0.01283	0.00619	0.01681	0.00973	0.02566	0.00796	0.00929	0.00619	0.00531	0.00354	0.00177	0.00442	0.00310	0.00354	0.00619
7	0.01699	0.59574	0.02661	0.01067	0.01548	0.02135	0.01007	0.20822	0.01564	0.01939	0.00947	0.01037	0.00797	0.00541	0.00421	0.00135	0.00616	0.00361	0.00331	0.00797

[dist]
# distance from previous block
# <min> <max>
4	22

[block]
# block no. 9 follows, 41 sequences, length 6
# corresponding to MSA columns:
# 350-355
name=unknown_J
#
# <colnr> <probs for GDERKNQSTAVLIFYWHMCP>
#	G	D	E	R	K	N	Q	S	T	A	V	L	I	F	Y	W	H	M	C	P
0	0.01185	0.00578	0.00631	0.00603	0.00762	0.00573	0.00461	0.01443	0.01220	0.08808	0.01879	0.02123	0.01459	0.00914	0.05606	0.00190	0.00371	0.00542	0.70081	0.00571
1	0.60820	0.01147	0.01095	0.00962	0.01217	0.01414	0.00796	0.01596	0.00946	0.02234	0.00784	0.01019	0.00656	0.00662	0.00780	0.00197	0.22364	0.00363	0.00325	0.00621
2	0.02174	0.01602	0.01717	0.01316	0.01774	0.01774	0.01087	0.74423	0.02689	0.03605	0.01373	0.01373	0.00973	0.00687	0.00572	0.00172	0.00629	0.00515	0.00572	0.00973
3	0.61078	0.01245	0.01086	0.00910	0.01293	0.01420	0.00750	0.22019	0.01453	0.02857	0.00958	0.01053	0.00718	0.00574	0.00415	0.00175	0.00495	0.00367	0.00415	0.00718
4	0.01197	0.01162	0.00903	0.00861	0.00944	0.22096	0.00559	0.01238	0.01052	0.01190	0.01546	0.02985	0.01704	0.57725	0.02242	0.00441	0.00688	0.00702	0.00332	0.00435
5	0.01835	0.00993	0.01146	0.00943	0.01238	0.04580	0.00720	0.08560	0.05063	0.35408	0.05521	0.02447	0.01717	0.22856	0.01225	0.00278	0.00531	0.00649	0.00551	0.03739

[dist]
# distance from previous block
# <min> <max>
0	209

# created by:
# /software/SequenceAnalysis/GenePrediction/augustus/3.0.1/scripts/msa2prfl.pl ./fixed/BUSCOvEOG7C5DZ7.fas
