[name]
unknown

[dist]
# distance from previous block
# <min> <max>
0	79

[block]
# block no. 0 follows, 39 sequences, length 97
# corresponding to MSA columns:
# 106-202
name=unknown_A
#
# <colnr> <probs for GDERKNQSTAVLIFYWHMCP>
#	G	D	E	R	K	N	Q	S	T	A	V	L	I	F	Y	W	H	M	C	P
0	0.00953	0.00681	0.00953	0.01089	0.01225	0.00681	0.00953	0.01225	0.01361	0.01770	0.03131	0.06671	0.03403	0.01634	0.00817	0.00272	0.00545	0.71547	0.00545	0.00545
1	0.01624	0.01335	0.01412	0.01217	0.01579	0.01519	0.00962	0.19677	0.54693	0.02736	0.02313	0.02156	0.04474	0.00808	0.00603	0.00195	0.00505	0.00659	0.00597	0.00936
2	0.00774	0.00602	0.00703	0.00678	0.00845	0.00531	0.00508	0.00993	0.01524	0.02017	0.43473	0.05002	0.37544	0.01341	0.00698	0.00192	0.00288	0.01151	0.00604	0.00531
3	0.00859	0.00575	0.00656	0.00656	0.00659	0.00579	0.00372	0.00867	0.00863	0.01155	0.01854	0.03816	0.02126	0.76598	0.05597	0.00587	0.00609	0.00852	0.00357	0.00364
4	0.02248	0.01656	0.01775	0.01361	0.01834	0.01834	0.01124	0.73556	0.02780	0.03727	0.01420	0.01420	0.01006	0.00710	0.00592	0.00177	0.00651	0.00532	0.00592	0.01006
5	0.01396	0.01595	0.03490	0.02493	0.03091	0.01496	0.73380	0.01894	0.01396	0.01894	0.01196	0.01595	0.00897	0.00499	0.00698	0.00199	0.00997	0.00698	0.00299	0.00798
6	0.02115	0.01574	0.01630	0.01274	0.01702	0.04603	0.01043	0.62480	0.02560	0.03463	0.01459	0.01496	0.01055	0.00704	0.00569	0.00172	0.00624	0.00529	0.10008	0.00941
7	0.00842	0.00593	0.00735	0.00706	0.00798	0.00562	0.00486	0.01021	0.01381	0.01925	0.48010	0.04252	0.05831	0.28611	0.01510	0.00322	0.00383	0.01000	0.00546	0.00487
8	0.02248	0.01656	0.01775	0.01361	0.01834	0.01834	0.01124	0.73556	0.02780	0.03727	0.01420	0.01420	0.01006	0.00710	0.00592	0.00177	0.00651	0.00532	0.00592	0.01006
9	0.01226	0.01051	0.01226	0.00876	0.01401	0.00788	0.00701	0.01489	0.01226	0.01927	0.01051	0.01226	0.00876	0.00438	0.00438	0.00088	0.00438	0.00350	0.00350	0.82832
10	0.01102	0.00551	0.00551	0.00551	0.00689	0.00551	0.00413	0.01378	0.01240	0.02205	0.01929	0.02205	0.01516	0.00689	0.00413	0.00138	0.00276	0.00551	0.82500	0.00551
11	0.83394	0.01144	0.00869	0.00778	0.01144	0.01327	0.00640	0.01738	0.01006	0.02653	0.00823	0.00961	0.00640	0.00549	0.00366	0.00183	0.00457	0.00320	0.00366	0.00640
12	0.01397	0.01337	0.02279	0.17961	0.61720	0.01387	0.01782	0.01756	0.01315	0.01851	0.01101	0.01485	0.00908	0.00539	0.00587	0.00180	0.00719	0.00527	0.00287	0.00883
13	0.00856	0.00587	0.00716	0.00716	0.00741	0.00612	0.00447	0.00906	0.00881	0.01200	0.01798	0.03508	0.01993	0.61737	0.20275	0.00661	0.00810	0.00807	0.00349	0.00398
14	0.00721	0.00515	0.00686	0.00823	0.00858	0.00480	0.00549	0.00823	0.01132	0.01510	0.03259	0.78831	0.03911	0.01853	0.00755	0.00240	0.00343	0.01681	0.00549	0.00480
15	0.02481	0.00968	0.01317	0.01023	0.01450	0.00840	0.00840	0.02715	0.01691	0.68967	0.09239	0.02241	0.01854	0.00777	0.00604	0.00183	0.00482	0.00640	0.00724	0.00964
16	0.02598	0.00994	0.01355	0.01043	0.01491	0.00860	0.00860	0.02828	0.01692	0.73697	0.04552	0.02086	0.01589	0.00746	0.00598	0.00183	0.00496	0.00609	0.00729	0.00993
17	0.83394	0.01144	0.00869	0.00778	0.01144	0.01327	0.00640	0.01738	0.01006	0.02653	0.00823	0.00961	0.00640	0.00549	0.00366	0.00183	0.00457	0.00320	0.00366	0.00640
18	0.02209	0.02819	0.01676	0.01524	0.01828	0.76843	0.01143	0.02361	0.01676	0.01447	0.00914	0.01066	0.00762	0.00609	0.00533	0.00152	0.01066	0.00381	0.00305	0.00686
19	0.02211	0.02753	0.01681	0.01514	0.01829	0.72634	0.01142	0.06356	0.01738	0.01575	0.00942	0.01086	0.00775	0.00615	0.00537	0.00154	0.01043	0.00389	0.00321	0.00704
20	0.00833	0.00622	0.00925	0.00938	0.01037	0.00715	0.00721	0.01034	0.00968	0.01386	0.01743	0.09572	0.01709	0.04191	0.69661	0.00883	0.01466	0.00733	0.00339	0.00523
21	0.83394	0.01144	0.00869	0.00778	0.01144	0.01327	0.00640	0.01738	0.01006	0.02653	0.00823	0.00961	0.00640	0.00549	0.00366	0.00183	0.00457	0.00320	0.00366	0.00640
22	0.01327	0.02074	0.27267	0.02228	0.02917	0.01456	0.50083	0.01887	0.01348	0.01887	0.01152	0.01482	0.00849	0.00519	0.00653	0.00195	0.00957	0.00613	0.00283	0.00823
23	0.00699	0.00599	0.00599	0.00599	0.00799	0.00499	0.00449	0.00849	0.01348	0.01598	0.05991	0.05691	0.75288	0.01498	0.00699	0.00200	0.00300	0.01248	0.00549	0.00499
24	0.10264	0.01011	0.01312	0.01019	0.01461	0.00906	0.00841	0.02735	0.01627	0.67388	0.03781	0.01966	0.01476	0.00725	0.00575	0.00183	0.00494	0.00579	0.00696	0.00962
25	0.00746	0.00593	0.00670	0.00667	0.00832	0.00517	0.00494	0.00934	0.01434	0.01842	0.28354	0.12058	0.45894	0.01436	0.00704	0.00199	0.00297	0.01230	0.00582	0.00517
26	0.00860	0.00573	0.00645	0.00645	0.00645	0.00573	0.00358	0.00860	0.00860	0.01147	0.01863	0.03870	0.02150	0.79217	0.03010	0.00573	0.00573	0.00860	0.00358	0.00358
27	0.02248	0.01656	0.01775	0.01361	0.01834	0.01834	0.01124	0.73556	0.02780	0.03727	0.01420	0.01420	0.01006	0.00710	0.00592	0.00177	0.00651	0.00532	0.00592	0.01006
28	0.00721	0.00515	0.00686	0.00823	0.00858	0.00480	0.00549	0.00823	0.01132	0.01510	0.03259	0.78831	0.03911	0.01853	0.00755	0.00240	0.00343	0.01681	0.00549	0.00480
29	0.02291	0.01588	0.01732	0.01328	0.01800	0.01732	0.01097	0.66065	0.02665	0.11381	0.01517	0.01483	0.01054	0.00712	0.00592	0.00178	0.00635	0.00539	0.00606	0.01006
30	0.02645	0.01020	0.01381	0.01059	0.01516	0.00890	0.00875	0.04374	0.01716	0.74413	0.02314	0.02000	0.01454	0.00731	0.00595	0.00183	0.00506	0.00593	0.00729	0.01006
31	0.02653	0.01006	0.01372	0.01052	0.01510	0.00869	0.00869	0.02882	0.01693	0.75937	0.02333	0.02013	0.01464	0.00732	0.00595	0.00183	0.00503	0.00595	0.00732	0.01006
32	0.00721	0.00515	0.00686	0.00823	0.00858	0.00480	0.00549	0.00823	0.01132	0.01510	0.03259	0.78831	0.03911	0.01853	0.00755	0.00240	0.00343	0.01681	0.00549	0.00480
33	0.05726	0.01634	0.01736	0.01336	0.01804	0.01812	0.01103	0.70478	0.02704	0.03681	0.01394	0.01400	0.00990	0.00703	0.00582	0.00178	0.00642	0.00523	0.00582	0.00990
34	0.02030	0.01477	0.01623	0.01229	0.01714	0.01533	0.01010	0.52576	0.02353	0.07354	0.01384	0.01407	0.01001	0.00647	0.00555	0.00157	0.00592	0.00493	0.00543	0.20324
35	0.01279	0.21123	0.58905	0.01527	0.02314	0.01602	0.01908	0.01849	0.01237	0.01759	0.01005	0.01178	0.00751	0.00549	0.00519	0.00173	0.00817	0.00408	0.00250	0.00847
36	0.02634	0.01037	0.01391	0.01067	0.01525	0.00914	0.00881	0.06171	0.01743	0.72577	0.02291	0.01985	0.01443	0.00731	0.00595	0.00183	0.00510	0.00592	0.00725	0.01006
37	0.01515	0.01438	0.02150	0.07240	0.54076	0.04663	0.01616	0.05448	0.12048	0.02052	0.01303	0.01559	0.01050	0.00583	0.00586	0.00180	0.00686	0.00541	0.00351	0.00913
38	0.01340	0.02774	0.65280	0.01601	0.02408	0.01330	0.01997	0.02033	0.04943	0.08975	0.01250	0.01369	0.00870	0.00590	0.00567	0.00188	0.00818	0.00464	0.00313	0.00890
39	0.01181	0.02320	0.51409	0.05178	0.02292	0.01187	0.05277	0.01714	0.01253	0.05484	0.01536	0.15605	0.01376	0.00806	0.00607	0.00198	0.00760	0.00691	0.00332	0.00794
40	0.02244	0.01768	0.01765	0.01376	0.01833	0.09066	0.01126	0.66692	0.02674	0.03507	0.01371	0.01386	0.00982	0.00700	0.00586	0.00175	0.00691	0.00518	0.00564	0.00975
41	0.01438	0.01444	0.02624	0.03245	0.54275	0.01449	0.18682	0.01812	0.01333	0.01895	0.01113	0.01485	0.00918	0.00549	0.00688	0.00186	0.05117	0.00567	0.00292	0.00888
42	0.01457	0.01423	0.02504	0.03522	0.68664	0.01414	0.08596	0.01822	0.01351	0.01928	0.01120	0.01476	0.00933	0.00524	0.00596	0.00178	0.00730	0.00543	0.00293	0.00924
43	0.01226	0.01051	0.01226	0.00876	0.01401	0.00788	0.00701	0.01489	0.01226	0.01927	0.01051	0.01226	0.00876	0.00438	0.00438	0.00088	0.00438	0.00350	0.00350	0.82832
44	0.00826	0.00605	0.00779	0.00773	0.00911	0.00559	0.00590	0.01075	0.01560	0.02149	0.53697	0.10707	0.12945	0.01340	0.00716	0.00202	0.00316	0.09086	0.00620	0.00544
45	0.00979	0.00619	0.00819	0.00794	0.00936	0.00568	0.00585	0.01208	0.01537	0.09120	0.49820	0.23312	0.04761	0.01329	0.00702	0.00200	0.00317	0.01182	0.00632	0.00581
46	0.01428	0.01269	0.01313	0.05456	0.01622	0.04973	0.00939	0.05223	0.56029	0.02330	0.03962	0.02462	0.08705	0.00852	0.00609	0.00197	0.00501	0.00705	0.00564	0.00862
47	0.00860	0.00573	0.00645	0.00645	0.00645	0.00573	0.00358	0.00860	0.00860	0.01147	0.01863	0.03870	0.02150	0.79217	0.03010	0.00573	0.00573	0.00860	0.00358	0.00358
48	0.01442	0.01459	0.02588	0.01948	0.02416	0.01500	0.41911	0.05744	0.24000	0.02149	0.03268	0.01824	0.01285	0.00648	0.00730	0.00202	0.04957	0.00680	0.00413	0.00837
49	0.02653	0.01006	0.01372	0.01052	0.01510	0.00869	0.00869	0.02882	0.01693	0.75937	0.02333	0.02013	0.01464	0.00732	0.00595	0.00183	0.00503	0.00595	0.00732	0.01006
50	0.01294	0.01294	0.01811	0.01553	0.01553	0.01811	0.01294	0.01423	0.00906	0.01423	0.00776	0.01294	0.00776	0.01035	0.01941	0.00259	0.78134	0.00518	0.00259	0.00647
51	0.01562	0.56191	0.18249	0.01186	0.01766	0.02090	0.01268	0.08594	0.01361	0.01713	0.00929	0.01056	0.00780	0.00537	0.00438	0.00144	0.00685	0.00362	0.00284	0.00806
52	0.80936	0.01139	0.00885	0.00786	0.01155	0.01313	0.00647	0.01773	0.01027	0.04885	0.00869	0.00993	0.00666	0.00555	0.00373	0.00183	0.00459	0.00329	0.00377	0.00652
53	0.01226	0.01051	0.01226	0.00876	0.01401	0.00788	0.00701	0.01489	0.01226	0.01927	0.01051	0.01226	0.00876	0.00438	0.00438	0.00088	0.00438	0.00350	0.00350	0.82832
54	0.00814	0.00604	0.00758	0.00719	0.00869	0.00548	0.00540	0.01071	0.01619	0.02240	0.63448	0.04634	0.17429	0.01258	0.00698	0.00188	0.00282	0.01100	0.00634	0.00548
55	0.00848	0.00619	0.00878	0.00878	0.00959	0.00700	0.00649	0.01010	0.00929	0.01319	0.01650	0.02688	0.01637	0.22091	0.59434	0.00861	0.01345	0.00687	0.00327	0.00488
56	0.02226	0.01606	0.01730	0.01332	0.01796	0.01769	0.01098	0.68361	0.04132	0.06203	0.01481	0.01471	0.01047	0.00712	0.00589	0.00177	0.00635	0.00538	0.02102	0.00996
57	0.00851	0.00608	0.00835	0.00972	0.01063	0.00592	0.00775	0.01048	0.01260	0.01655	0.03188	0.38457	0.03627	0.01730	0.00790	0.00258	0.00456	0.40771	0.00546	0.00516
58	0.00796	0.00583	0.00748	0.00749	0.00869	0.00534	0.00546	0.01022	0.01515	0.02095	0.51668	0.22107	0.11791	0.01388	0.00711	0.00200	0.00296	0.01231	0.00617	0.00534
59	0.02248	0.01656	0.01775	0.01361	0.01834	0.01834	0.01124	0.73556	0.02780	0.03727	0.01420	0.01420	0.01006	0.00710	0.00592	0.00177	0.00651	0.00532	0.00592	0.01006
60	0.01551	0.01368	0.01378	0.01228	0.01569	0.05181	0.00957	0.07055	0.66874	0.02494	0.02279	0.02106	0.01709	0.00788	0.00598	0.00197	0.00508	0.00647	0.00587	0.00928
61	0.01516	0.66902	0.15197	0.01123	0.01690	0.02180	0.01206	0.01788	0.01209	0.01471	0.00862	0.00998	0.00757	0.00515	0.00410	0.00137	0.00672	0.00336	0.00252	0.00778
62	0.01338	0.01122	0.01657	0.55383	0.03309	0.01343	0.01423	0.15671	0.01502	0.02013	0.01207	0.01606	0.00901	0.00624	0.00574	0.00188	0.00712	0.00529	0.08180	0.00715
63	0.01289	0.01312	0.02053	0.01676	0.01788	0.01694	0.13844	0.01490	0.01030	0.01553	0.04563	0.01502	0.01037	0.00950	0.01662	0.00245	0.60782	0.00577	0.00285	0.00669
64	0.00721	0.00515	0.00686	0.00823	0.00858	0.00480	0.00549	0.00823	0.01132	0.01510	0.03259	0.78831	0.03911	0.01853	0.00755	0.00240	0.00343	0.01681	0.00549	0.00480
65	0.00728	0.00534	0.00676	0.00779	0.00841	0.00490	0.00527	0.00841	0.01177	0.01545	0.06697	0.61604	0.14680	0.04874	0.00834	0.00245	0.00343	0.01557	0.00546	0.00482
66	0.02248	0.01656	0.01775	0.01361	0.01834	0.01834	0.01124	0.73556	0.02780	0.03727	0.01420	0.01420	0.01006	0.00710	0.00592	0.00177	0.00651	0.00532	0.00592	0.01006
67	0.02615	0.01068	0.01411	0.01081	0.01540	0.00961	0.00893	0.09578	0.01796	0.69095	0.02247	0.01957	0.01420	0.00730	0.00594	0.00182	0.00517	0.00589	0.00719	0.01006
68	0.83394	0.01144	0.00869	0.00778	0.01144	0.01327	0.00640	0.01738	0.01006	0.02653	0.00823	0.00961	0.00640	0.00549	0.00366	0.00183	0.00457	0.00320	0.00366	0.00640
69	0.09540	0.46969	0.02427	0.01149	0.01584	0.22951	0.01019	0.05446	0.01392	0.01641	0.00877	0.01006	0.00761	0.00549	0.00431	0.00142	0.00738	0.00345	0.00295	0.00739
70	0.75702	0.01302	0.00946	0.00848	0.01209	0.08482	0.00688	0.01797	0.01070	0.02539	0.00832	0.00971	0.00652	0.00555	0.00382	0.00180	0.00515	0.00326	0.00360	0.00645
71	0.01186	0.03059	0.76153	0.01686	0.02560	0.01373	0.02185	0.01873	0.01249	0.01873	0.01061	0.01249	0.00749	0.00562	0.00562	0.00187	0.00874	0.00437	0.00250	0.00874
72	0.00818	0.00604	0.00764	0.00724	0.00872	0.00550	0.00543	0.01079	0.01629	0.02265	0.65714	0.04592	0.15148	0.01249	0.00698	0.00188	0.00282	0.01094	0.00637	0.00550
73	0.01629	0.01445	0.02218	0.07256	0.54120	0.01501	0.01642	0.18735	0.01676	0.02332	0.01182	0.01460	0.00945	0.00574	0.00587	0.00177	0.00695	0.00528	0.00362	0.00937
74	0.13220	0.01002	0.01266	0.00991	0.01421	0.00914	0.00817	0.02658	0.01580	0.62668	0.02114	0.01884	0.01358	0.00706	0.00556	0.00181	0.00486	0.00556	0.04687	0.00936
75	0.01027	0.00514	0.00770	0.00770	0.00770	0.00514	0.00514	0.00770	0.00770	0.01027	0.01027	0.01798	0.01027	0.02054	0.02311	0.82794	0.00514	0.00514	0.00257	0.00257
76	0.01356	0.01270	0.01122	0.01089	0.01268	0.18736	0.00796	0.14730	0.01567	0.01908	0.02364	0.46082	0.02628	0.01347	0.00672	0.00208	0.00571	0.01161	0.00499	0.00627
77	0.01027	0.00514	0.00770	0.00770	0.00770	0.00514	0.00514	0.00770	0.00770	0.01027	0.01027	0.01798	0.01027	0.02054	0.02311	0.82794	0.00514	0.00514	0.00257	0.00257
78	0.06747	0.01272	0.01404	0.01120	0.01541	0.08242	0.00909	0.12443	0.05433	0.48379	0.04939	0.01892	0.01473	0.00730	0.00581	0.00180	0.00564	0.00574	0.00643	0.00935
79	0.01224	0.10308	0.69231	0.01622	0.02461	0.01465	0.02074	0.01863	0.01244	0.01827	0.01039	0.01220	0.00750	0.00557	0.00545	0.00182	0.00851	0.00426	0.00250	0.00863
80	0.00743	0.00586	0.00678	0.00735	0.00877	0.00520	0.00550	0.00899	0.01294	0.01613	0.06390	0.27169	0.42936	0.01614	0.00731	0.00221	0.00346	0.11045	0.00551	0.00501
81	0.00819	0.00653	0.00817	0.00853	0.00946	0.00666	0.00617	0.01029	0.04635	0.01670	0.12314	0.43318	0.18898	0.01573	0.00841	0.00225	0.07702	0.01357	0.00536	0.00531
82	0.01464	0.01405	0.02400	0.03630	0.75528	0.01405	0.01815	0.01815	0.01347	0.01932	0.01112	0.01464	0.00937	0.00527	0.00585	0.00176	0.00703	0.00527	0.00293	0.00937
83	0.01464	0.01405	0.02400	0.03630	0.75528	0.01405	0.01815	0.01815	0.01347	0.01932	0.01112	0.01464	0.00937	0.00527	0.00585	0.00176	0.00703	0.00527	0.00293	0.00937
84	0.59675	0.01512	0.01115	0.00979	0.01344	0.15593	0.00785	0.09323	0.01317	0.02538	0.00903	0.01028	0.00701	0.00577	0.00421	0.00177	0.00592	0.00354	0.00378	0.00687
85	0.01173	0.00697	0.00737	0.00692	0.00870	0.00721	0.00529	0.06031	0.08486	0.02349	0.12150	0.02464	0.02078	0.00774	0.00482	0.00153	0.00318	0.00634	0.58043	0.00618
86	0.01464	0.01392	0.02300	0.03400	0.68517	0.01411	0.01732	0.01941	0.08274	0.01983	0.01235	0.01534	0.01019	0.00553	0.00587	0.00178	0.00680	0.00540	0.00322	0.00937
87	0.01345	0.02442	0.51592	0.01587	0.02346	0.01254	0.08595	0.01911	0.01300	0.08602	0.01188	0.01348	0.00846	0.00553	0.00560	0.00174	0.00789	0.00463	0.00313	0.12793
88	0.01080	0.00610	0.00818	0.00859	0.00978	0.00557	0.00608	0.01218	0.01272	0.15106	0.08161	0.59617	0.03584	0.01604	0.00722	0.00226	0.00368	0.01441	0.00589	0.00581
89	0.01027	0.00514	0.00770	0.00770	0.00770	0.00514	0.00514	0.00770	0.00770	0.01027	0.01027	0.01798	0.01027	0.02054	0.02311	0.82794	0.00514	0.00514	0.00257	0.00257
90	0.01325	0.01135	0.01509	0.34126	0.02573	0.01348	0.01221	0.08399	0.25587	0.02108	0.05731	0.01953	0.01452	0.00729	0.00645	0.00195	0.03697	0.00605	0.04894	0.00768
91	0.01154	0.01080	0.01811	0.67338	0.11014	0.01317	0.01627	0.01536	0.01194	0.01565	0.01070	0.01573	0.00818	0.00596	0.00614	0.00195	0.02297	0.00526	0.01992	0.00682
92	0.01288	0.01319	0.02590	0.23349	0.06523	0.01368	0.39140	0.01709	0.01293	0.01793	0.01199	0.01625	0.00921	0.00573	0.00702	0.00195	0.04987	0.00618	0.08075	0.00734
93	0.01176	0.01008	0.01167	0.00850	0.01344	0.00761	0.00677	0.01428	0.01238	0.01896	0.01519	0.01649	0.07926	0.00538	0.00463	0.00098	0.00425	0.00435	0.00369	0.75031
94	0.01458	0.01468	0.01332	0.01029	0.01502	0.18744	0.00805	0.01695	0.01332	0.01814	0.01019	0.01189	0.00849	0.00478	0.00460	0.00103	0.00586	0.00358	0.00340	0.63438
95	0.01057	0.00788	0.01075	0.01012	0.01173	0.00904	0.00797	0.11993	0.01227	0.01728	0.01559	0.02187	0.01407	0.03873	0.65365	0.00834	0.01443	0.00618	0.00358	0.00600
96	0.04067	0.01217	0.05420	0.57495	0.17348	0.01334	0.01666	0.01593	0.01210	0.01648	0.01055	0.01518	0.00809	0.00576	0.00581	0.00192	0.00765	0.00514	0.00271	0.00719

[dist]
# distance from previous block
# <min> <max>
0	5

[block]
# block no. 1 follows, 39 sequences, length 33
# corresponding to MSA columns:
# 208-240
name=unknown_B
#
# <colnr> <probs for GDERKNQSTAVLIFYWHMCP>
#	G	D	E	R	K	N	Q	S	T	A	V	L	I	F	Y	W	H	M	C	P
0	0.01226	0.01051	0.01226	0.00876	0.01401	0.00788	0.00701	0.01489	0.01226	0.01927	0.01051	0.01226	0.00876	0.00438	0.00438	0.00088	0.00438	0.00350	0.00350	0.82832
1	0.01186	0.03059	0.76153	0.01686	0.02560	0.01373	0.02185	0.01873	0.01249	0.01873	0.01061	0.01249	0.00749	0.00562	0.00562	0.00187	0.00874	0.00437	0.00250	0.00874
2	0.00699	0.00599	0.00599	0.00599	0.00799	0.00499	0.00449	0.00849	0.01348	0.01598	0.05991	0.05691	0.75288	0.01498	0.00699	0.00200	0.00300	0.01248	0.00549	0.00499
3	0.02209	0.02819	0.01676	0.01524	0.01828	0.76843	0.01143	0.02361	0.01676	0.01447	0.00914	0.01066	0.00762	0.00609	0.00533	0.00152	0.01066	0.00381	0.00305	0.00686
4	0.02461	0.01263	0.01525	0.01175	0.01635	0.01257	0.00969	0.29919	0.04404	0.46004	0.01986	0.01792	0.01299	0.00726	0.00594	0.00181	0.00559	0.00573	0.00674	0.01004
5	0.00808	0.00577	0.00786	0.00923	0.00996	0.00555	0.00700	0.00974	0.01218	0.01607	0.03211	0.51771	0.03721	0.01771	0.00778	0.00252	0.00419	0.27880	0.00547	0.00504
6	0.01120	0.00742	0.00995	0.00962	0.01140	0.00712	0.04254	0.01462	0.10428	0.12231	0.03213	0.46605	0.10842	0.01456	0.00704	0.00221	0.00409	0.01305	0.00569	0.00630
7	0.00725	0.00536	0.00665	0.00765	0.00831	0.00490	0.00516	0.00831	0.01159	0.01504	0.03733	0.58625	0.18610	0.06964	0.00894	0.00254	0.00349	0.01536	0.00536	0.00476
8	0.01552	0.01763	0.01249	0.01149	0.01376	0.40487	0.00861	0.01762	0.01667	0.01869	0.34680	0.02694	0.04713	0.00902	0.00612	0.00169	0.00692	0.00713	0.00467	0.00623
9	0.01335	0.01229	0.05163	0.01055	0.01571	0.00968	0.04420	0.10518	0.01426	0.02127	0.01215	0.05129	0.01038	0.00552	0.00492	0.00117	0.00510	0.00461	0.00383	0.60294
10	0.01448	0.01308	0.02213	0.19619	0.56305	0.01359	0.01730	0.01802	0.01328	0.05534	0.01160	0.01516	0.00931	0.00551	0.00587	0.00181	0.00711	0.00530	0.00308	0.00879
11	0.01373	0.39344	0.41508	0.01366	0.02066	0.01832	0.01629	0.01824	0.01226	0.01644	0.00948	0.01106	0.00754	0.00535	0.00475	0.00158	0.00759	0.00380	0.00251	0.00819
12	0.02151	0.09890	0.01807	0.01476	0.01800	0.69979	0.01131	0.02307	0.01632	0.01442	0.00906	0.01056	0.00761	0.00600	0.00519	0.00150	0.01026	0.00375	0.00300	0.00692
13	0.02208	0.01653	0.01712	0.01337	0.01784	0.06038	0.01093	0.63694	0.02609	0.06719	0.01498	0.04245	0.01118	0.00747	0.00594	0.00179	0.00657	0.00568	0.00580	0.00968
14	0.00726	0.00519	0.00691	0.00820	0.00859	0.00484	0.00549	0.00838	0.01159	0.01552	0.06822	0.75146	0.03994	0.01821	0.00752	0.00237	0.00340	0.01651	0.00554	0.00484
15	0.00998	0.00641	0.00750	0.00726	0.00922	0.00555	0.00542	0.01166	0.01395	0.12236	0.13594	0.19559	0.41876	0.01423	0.00695	0.00204	0.00335	0.01219	0.00588	0.00575
16	0.00761	0.00554	0.00722	0.00816	0.00893	0.00515	0.00581	0.00914	0.01264	0.01686	0.15398	0.52626	0.10713	0.01692	0.00746	0.00231	0.00348	0.08474	0.00565	0.00501
17	0.23444	0.01042	0.01243	0.00981	0.01415	0.00987	0.00810	0.02588	0.01516	0.57067	0.01944	0.01742	0.01252	0.00685	0.00536	0.00183	0.00491	0.00524	0.00638	0.00912
18	0.75956	0.01131	0.00916	0.00803	0.01177	0.01285	0.00662	0.01844	0.01070	0.09405	0.00963	0.01058	0.00716	0.00566	0.00387	0.00183	0.00462	0.00346	0.00400	0.00674
19	0.83394	0.01144	0.00869	0.00778	0.01144	0.01327	0.00640	0.01738	0.01006	0.02653	0.00823	0.00961	0.00640	0.00549	0.00366	0.00183	0.00457	0.00320	0.00366	0.00640
20	0.01576	0.75620	0.03010	0.01022	0.01519	0.02296	0.01008	0.01840	0.04900	0.01446	0.00902	0.01012	0.00812	0.00521	0.00391	0.00130	0.00624	0.00334	0.00271	0.00768
21	0.01516	0.01399	0.00972	0.00915	0.01115	0.29086	0.00686	0.01746	0.01403	0.01921	0.01550	0.01779	0.01234	0.00659	0.00458	0.00143	0.00571	0.00487	0.51757	0.00601
22	0.01758	0.02070	0.02471	0.01931	0.02354	0.33480	0.33627	0.05601	0.01554	0.01763	0.01134	0.03785	0.00935	0.00623	0.00680	0.00182	0.04410	0.00578	0.00322	0.00744
23	0.00739	0.00556	0.00685	0.00747	0.00847	0.00502	0.00524	0.00891	0.01303	0.01713	0.19027	0.43879	0.23188	0.01624	0.00728	0.00218	0.00318	0.01438	0.00570	0.00502
24	0.01286	0.01283	0.01810	0.04935	0.01664	0.01789	0.01309	0.01427	0.00918	0.01427	0.00788	0.01306	0.00777	0.01015	0.01881	0.00256	0.74703	0.00518	0.00259	0.00647
25	0.01444	0.01007	0.01125	0.00996	0.01303	0.01048	0.00787	0.07001	0.30676	0.14027	0.07555	0.03401	0.21567	0.01035	0.00642	0.00199	0.00434	0.04350	0.00608	0.00794
26	0.00916	0.00654	0.00911	0.01047	0.01167	0.00649	0.00889	0.01161	0.01325	0.01728	0.03152	0.18154	0.03484	0.01669	0.00807	0.00267	0.00512	0.60429	0.00545	0.00534
27	0.01581	0.79572	0.03099	0.01012	0.01518	0.02340	0.01012	0.01771	0.01202	0.01391	0.00822	0.00949	0.00759	0.00506	0.00379	0.00126	0.00632	0.00316	0.00253	0.00759
28	0.00734	0.00524	0.00701	0.00839	0.00879	0.00492	0.00572	0.00846	0.01145	0.01525	0.03252	0.74697	0.03882	0.01840	0.00758	0.00242	0.00355	0.05683	0.00549	0.00484
29	0.01186	0.03059	0.76153	0.01686	0.02560	0.01373	0.02185	0.01873	0.01249	0.01873	0.01061	0.01249	0.00749	0.00562	0.00562	0.00187	0.00874	0.00437	0.00250	0.00874
30	0.01627	0.01483	0.01512	0.06427	0.01785	0.09693	0.01067	0.13333	0.44173	0.02389	0.01857	0.01839	0.01410	0.00775	0.00715	0.00197	0.07737	0.00594	0.00514	0.00874
31	0.81005	0.01141	0.00895	0.03014	0.01229	0.01326	0.00670	0.01732	0.01012	0.02620	0.00830	0.00979	0.00645	0.00550	0.00373	0.00183	0.00467	0.00326	0.00363	0.00641
32	0.01813	0.01148	0.01321	0.01125	0.01479	0.01218	0.00890	0.10663	0.36238	0.23807	0.06568	0.07326	0.01978	0.00866	0.00614	0.00195	0.00479	0.00723	0.00638	0.00912

[dist]
# distance from previous block
# <min> <max>
0	183

# created by:
# /software/SequenceAnalysis/GenePrediction/augustus/3.0.1/scripts/msa2prfl.pl ./fixed/BUSCOvEOG7TF20G.fas
