[name]
unknown

[dist]
# distance from previous block
# <min> <max>
0	340

[block]
# block no. 0 follows, 41 sequences, length 31
# corresponding to MSA columns:
# 366-396
name=unknown_A
#
# <colnr> <probs for GDERKNQSTAVLIFYWHMCP>
#	G	D	E	R	K	N	Q	S	T	A	V	L	I	F	Y	W	H	M	C	P
0	0.02216	0.01589	0.01714	0.01319	0.01776	0.01741	0.01086	0.70685	0.02649	0.07129	0.01442	0.01438	0.01020	0.00705	0.00584	0.00177	0.00631	0.00527	0.00587	0.00985
1	0.00881	0.00636	0.00876	0.12149	0.01333	0.00630	0.00705	0.01049	0.01241	0.04989	0.14019	0.46666	0.09701	0.01455	0.00698	0.00217	0.00399	0.01295	0.00522	0.00540
2	0.01022	0.00518	0.00766	0.00765	0.00767	0.00514	0.00510	0.00767	0.00764	0.01022	0.01021	0.01774	0.01019	0.01999	0.02240	0.82998	0.00506	0.00506	0.00258	0.00264
3	0.14108	0.02501	0.01524	0.01384	0.01689	0.66133	0.01044	0.02211	0.01542	0.01597	0.00899	0.01055	0.00746	0.00599	0.00504	0.00157	0.00952	0.00369	0.00313	0.00671
4	0.01300	0.01238	0.01598	0.01346	0.01469	0.05865	0.04566	0.01471	0.01042	0.01591	0.00999	0.01412	0.00897	0.00856	0.01369	0.00211	0.50076	0.00497	0.12372	0.09826
5	0.01369	0.01342	0.07332	0.05400	0.32835	0.01270	0.05495	0.12164	0.01417	0.01974	0.01424	0.09726	0.01339	0.09528	0.00924	0.00231	0.04413	0.00672	0.00362	0.00785
6	0.14087	0.05186	0.01571	0.01367	0.01679	0.63524	0.01040	0.02191	0.01526	0.01595	0.00896	0.01051	0.00746	0.00596	0.00499	0.00156	0.00938	0.00367	0.00311	0.00673
7	0.00882	0.00622	0.00883	0.00881	0.00990	0.00705	0.00681	0.01088	0.00978	0.01472	0.01606	0.02264	0.01459	0.03763	0.66024	0.00806	0.01352	0.00609	0.12405	0.00529
8	0.13099	0.00632	0.00817	0.00803	0.00879	0.00676	0.00574	0.00963	0.00835	0.01323	0.01108	0.01765	0.01058	0.02279	0.18090	0.53218	0.00720	0.00503	0.00286	0.00375
9	0.00810	0.00605	0.00745	0.00709	0.00858	0.00545	0.00530	0.01044	0.01566	0.02154	0.60548	0.04564	0.20683	0.01245	0.00686	0.00188	0.00284	0.01078	0.00616	0.00542
10	0.02031	0.02522	0.01657	0.01494	0.01747	0.66202	0.01137	0.02167	0.01527	0.01423	0.00893	0.01102	0.00765	0.00668	0.00726	0.00168	0.12405	0.00397	0.00298	0.00672
11	0.01179	0.00896	0.01225	0.09852	0.05865	0.00946	0.01078	0.11966	0.01514	0.01994	0.02471	0.04892	0.02552	0.01291	0.00732	0.00241	0.00586	0.49582	0.00498	0.00640
12	0.01298	0.01420	0.03003	0.02176	0.02690	0.01327	0.63175	0.01739	0.01406	0.01924	0.12120	0.01978	0.01555	0.00601	0.00686	0.00196	0.00870	0.00735	0.00349	0.00751
13	0.01460	0.71068	0.02740	0.00953	0.01410	0.02075	0.00929	0.01631	0.01195	0.01395	0.01379	0.01466	0.09129	0.00614	0.00414	0.00135	0.00585	0.00416	0.00286	0.00720
14	0.01094	0.00554	0.00555	0.00553	0.00689	0.00550	0.00413	0.01352	0.01217	0.02156	0.01890	0.02167	0.01489	0.00684	0.00412	0.00138	0.00277	0.00542	0.82720	0.00548
15	0.05183	0.00861	0.01125	0.08958	0.01374	0.00970	0.00811	0.12724	0.01192	0.01673	0.01363	0.12963	0.01354	0.01438	0.01453	0.35795	0.09228	0.00666	0.00357	0.00511
16	0.01921	0.02016	0.01581	0.05085	0.01742	0.43347	0.01092	0.05296	0.01481	0.09871	0.01121	0.01406	0.00929	0.05204	0.00926	0.00201	0.15261	0.00465	0.00355	0.00699
17	0.46239	0.00950	0.00846	0.00739	0.01057	0.01004	0.00591	0.01592	0.01099	0.04408	0.01189	0.01370	0.00936	0.00642	0.01794	0.00171	0.00425	0.00394	0.21843	0.12710
18	0.01149	0.00728	0.00999	0.00852	0.01060	0.00718	0.11220	0.01490	0.04070	0.02122	0.01804	0.02080	0.01413	0.00662	0.00459	0.00150	0.00386	0.00567	0.67475	0.00597
19	0.06245	0.01328	0.02219	0.04811	0.43783	0.01320	0.13209	0.05343	0.01405	0.09690	0.01309	0.01694	0.01052	0.00596	0.00593	0.00184	0.00695	0.03291	0.00364	0.00869
20	0.01855	0.68862	0.04443	0.01223	0.01720	0.04095	0.01126	0.06051	0.01448	0.01776	0.01147	0.01382	0.01038	0.00708	0.00522	0.00184	0.00724	0.00426	0.00371	0.00899
21	0.01084	0.00795	0.00976	0.01095	0.02638	0.00721	0.00773	0.01145	0.01365	0.01822	0.03575	0.49432	0.11786	0.01820	0.00854	0.00286	0.00489	0.18071	0.00618	0.00653
22	0.01407	0.01186	0.01230	0.01186	0.03945	0.09422	0.02862	0.01660	0.08640	0.05460	0.20650	0.04257	0.28701	0.01297	0.00769	0.00242	0.00550	0.05153	0.00618	0.00766
23	0.01148	0.00785	0.00855	0.00842	0.00872	0.00742	0.00493	0.01067	0.01035	0.01412	0.02066	0.04038	0.02306	0.76293	0.02926	0.00591	0.00654	0.00912	0.00448	0.00516
24	0.01812	0.76650	0.03114	0.01180	0.01676	0.02368	0.01095	0.01906	0.01350	0.01637	0.01107	0.01348	0.01025	0.00693	0.00504	0.00180	0.00708	0.00411	0.00351	0.00885
25	0.01019	0.00731	0.00893	0.01006	0.01068	0.00656	0.00669	0.01033	0.01286	0.01746	0.03352	0.76185	0.03928	0.01933	0.00849	0.00285	0.00442	0.01668	0.00624	0.00628
26	0.60120	0.06208	0.13069	0.01131	0.01586	0.01514	0.01021	0.04090	0.01269	0.02642	0.01162	0.01415	0.00950	0.00737	0.00528	0.00229	0.00625	0.00438	0.00438	0.00828
27	0.01879	0.68043	0.02962	0.01235	0.01709	0.10734	0.01109	0.01969	0.01401	0.01643	0.01117	0.01361	0.01025	0.00704	0.00520	0.00183	0.00755	0.00418	0.00357	0.00877
28	0.01633	0.01228	0.01399	0.01112	0.01562	0.01023	0.00848	0.09768	0.01560	0.07373	0.01687	0.10674	0.01523	0.00836	0.00619	0.00177	0.00546	0.00626	0.00514	0.55294
29	0.01369	0.01034	0.01235	0.01205	0.05637	0.00999	0.00844	0.09009	0.10056	0.02659	0.52614	0.03844	0.04349	0.01209	0.00769	0.00235	0.00463	0.00978	0.00686	0.00806
30	0.01470	0.01301	0.02027	0.46901	0.10376	0.01421	0.09624	0.01815	0.05671	0.01928	0.01469	0.01989	0.01185	0.00787	0.00737	0.00241	0.03165	0.00632	0.06420	0.00840

[dist]
# distance from previous block
# <min> <max>
0	61

[block]
# block no. 1 follows, 41 sequences, length 6
# corresponding to MSA columns:
# 458-463
name=unknown_B
#
# <colnr> <probs for GDERKNQSTAVLIFYWHMCP>
#	G	D	E	R	K	N	Q	S	T	A	V	L	I	F	Y	W	H	M	C	P
0	0.00822	0.00566	0.00704	0.00766	0.00805	0.00558	0.00526	0.00907	0.01009	0.01334	0.02409	0.22128	0.02766	0.43020	0.01897	0.00410	0.00496	0.18026	0.00433	0.00417
1	0.01207	0.02575	0.58086	0.01966	0.11766	0.01348	0.11414	0.01807	0.01238	0.01821	0.01050	0.01277	0.00766	0.00531	0.00563	0.00181	0.00840	0.00466	0.00253	0.00843
2	0.01470	0.01358	0.01345	0.06675	0.01678	0.10861	0.00989	0.06132	0.49308	0.02189	0.02084	0.02382	0.01679	0.00821	0.00595	0.00194	0.00564	0.08342	0.00516	0.00818
3	0.01046	0.00970	0.01621	0.71529	0.03660	0.01198	0.01493	0.01402	0.01139	0.01461	0.01209	0.08544	0.01034	0.00682	0.00586	0.00194	0.00724	0.00609	0.00279	0.00620
4	0.00992	0.00536	0.00636	0.00636	0.00718	0.00547	0.00450	0.01097	0.01015	0.01646	0.01617	0.02261	0.01431	0.11631	0.09483	0.19757	0.00494	0.00572	0.44040	0.00440
5	0.01217	0.01021	0.01187	0.00873	0.01349	0.00807	0.00694	0.05989	0.01275	0.01948	0.01173	0.06124	0.01040	0.00526	0.00452	0.00099	0.00431	0.00431	0.00366	0.72997

[dist]
# distance from previous block
# <min> <max>
0	1

[block]
# block no. 2 follows, 41 sequences, length 36
# corresponding to MSA columns:
# 465-500
name=unknown_C
#
# <colnr> <probs for GDERKNQSTAVLIFYWHMCP>
#	G	D	E	R	K	N	Q	S	T	A	V	L	I	F	Y	W	H	M	C	P
0	0.77941	0.01100	0.00904	0.06381	0.01311	0.01282	0.00690	0.01665	0.00986	0.02486	0.00812	0.00972	0.00630	0.00534	0.00370	0.00178	0.00466	0.00324	0.00347	0.00621
1	0.01321	0.01251	0.02145	0.15783	0.47854	0.01290	0.08040	0.04251	0.01317	0.01829	0.01273	0.06379	0.01133	0.00637	0.00594	0.00182	0.00691	0.02907	0.00312	0.00812
2	0.01392	0.01486	0.07787	0.03308	0.66503	0.01362	0.06211	0.01764	0.01298	0.01862	0.01077	0.01408	0.00891	0.00510	0.00571	0.00172	0.00709	0.00513	0.00280	0.00893
3	0.00876	0.00665	0.00818	0.00779	0.00941	0.00646	0.00596	0.01292	0.10291	0.02195	0.55816	0.04276	0.11910	0.01176	0.00671	0.00188	0.00309	0.05371	0.00608	0.00577
4	0.00833	0.00702	0.00738	0.00730	0.00928	0.00674	0.00545	0.01276	0.16552	0.01709	0.04719	0.14901	0.50887	0.01357	0.00664	0.00199	0.00329	0.01149	0.00542	0.00568
5	0.01208	0.01286	0.02590	0.19485	0.02869	0.01312	0.44918	0.01602	0.01246	0.01678	0.01330	0.10476	0.01172	0.00684	0.00729	0.00200	0.05477	0.00736	0.00307	0.00697
6	0.00817	0.00613	0.00919	0.00919	0.01021	0.00715	0.00715	0.01021	0.00919	0.01328	0.01532	0.02247	0.01430	0.04290	0.77631	0.00919	0.01532	0.00613	0.00306	0.00511
7	0.01308	0.01256	0.02159	0.27179	0.51458	0.01334	0.03682	0.01665	0.01254	0.01739	0.01059	0.01454	0.00860	0.00529	0.00571	0.00177	0.00714	0.00514	0.00274	0.00817
8	0.01309	0.01301	0.02212	0.30435	0.38635	0.03751	0.10726	0.01675	0.01261	0.01702	0.01059	0.01459	0.00844	0.00531	0.00580	0.00180	0.00756	0.00525	0.00274	0.00784
9	0.02502	0.00955	0.01293	0.00997	0.01426	0.00828	0.00822	0.02725	0.01618	0.73538	0.02240	0.01955	0.01418	0.00706	0.00568	0.00175	0.00477	0.00573	0.04229	0.00955
10	0.01326	0.01271	0.02191	0.06691	0.47939	0.01283	0.11788	0.01772	0.06673	0.01889	0.04765	0.01990	0.01335	0.00637	0.00604	0.00183	0.00677	0.05819	0.00338	0.00829
11	0.00727	0.00537	0.00719	0.00829	0.00863	0.00529	0.00566	0.00832	0.01099	0.01479	0.05038	0.73650	0.03680	0.01736	0.00784	0.00232	0.04150	0.01555	0.00520	0.00474
12	0.01147	0.02959	0.76934	0.01630	0.02476	0.01328	0.02113	0.01811	0.01208	0.01811	0.01026	0.01208	0.00725	0.00543	0.00543	0.00181	0.00845	0.00423	0.00242	0.00845
13	0.01348	0.01305	0.02218	0.14858	0.52837	0.01381	0.06096	0.01728	0.03591	0.01784	0.01088	0.01451	0.00897	0.00562	0.00669	0.00181	0.06361	0.00523	0.00286	0.00836
14	0.00934	0.00518	0.00700	0.00700	0.00700	0.00518	0.00441	0.00777	0.00777	0.01036	0.01293	0.02481	0.01396	0.30858	0.02486	0.52674	0.00518	0.00621	0.00285	0.00285
15	0.02432	0.01092	0.01389	0.01075	0.01513	0.01029	0.00885	0.14527	0.06310	0.60218	0.02116	0.01864	0.01364	0.00709	0.00575	0.00177	0.00508	0.00570	0.00678	0.00969
16	0.01266	0.01064	0.01221	0.00906	0.01384	0.00883	0.00723	0.06882	0.07379	0.02024	0.01203	0.03191	0.01002	0.00505	0.00455	0.00104	0.00439	0.00408	0.00381	0.68581
17	0.01004	0.00785	0.01072	0.01012	0.01152	0.00929	0.00798	0.07222	0.06489	0.01596	0.01521	0.02095	0.01366	0.03500	0.60198	0.00757	0.06976	0.00599	0.00344	0.00586
18	0.00771	0.00578	0.00805	0.01005	0.07020	0.00548	0.00622	0.00898	0.01136	0.01536	0.08228	0.63573	0.03574	0.05812	0.00829	0.00241	0.00368	0.01449	0.00508	0.00500
19	0.01749	0.02065	0.01531	0.07842	0.07256	0.49175	0.01114	0.02038	0.06870	0.01532	0.01333	0.09051	0.01238	0.00758	0.00562	0.00170	0.00850	0.03850	0.00345	0.00671
20	0.09614	0.01506	0.01479	0.07306	0.07834	0.16303	0.01020	0.21570	0.01675	0.04620	0.01286	0.07684	0.01095	0.00678	0.00529	0.00160	0.00643	0.00530	0.00412	0.14056
21	0.01809	0.30538	0.02060	0.01249	0.01599	0.44089	0.01027	0.01974	0.01398	0.01374	0.00905	0.01090	0.00793	0.00857	0.06794	0.00202	0.00921	0.00366	0.00278	0.00676
22	0.83938	0.01106	0.00841	0.00752	0.01106	0.01283	0.00619	0.01681	0.00973	0.02566	0.00796	0.00929	0.00619	0.00531	0.00354	0.00177	0.00442	0.00310	0.00354	0.00619
23	0.00733	0.00542	0.00725	0.00824	0.00864	0.00533	0.00567	0.00848	0.01127	0.01525	0.09020	0.69538	0.03768	0.01702	0.00781	0.00229	0.04146	0.01523	0.00525	0.00479
24	0.00803	0.00587	0.00756	0.00720	0.00859	0.00539	0.00544	0.01064	0.01586	0.02220	0.68555	0.04433	0.10489	0.01203	0.00678	0.00184	0.00280	0.03345	0.00619	0.00535
25	0.01488	0.01118	0.01356	0.06945	0.11647	0.01221	0.00982	0.22383	0.15469	0.02494	0.01698	0.01976	0.01336	0.00707	0.00536	0.00171	0.00508	0.03854	0.23329	0.00785
26	0.01108	0.01045	0.01765	0.72373	0.09875	0.01278	0.01602	0.01486	0.01157	0.01495	0.01022	0.01516	0.00774	0.00567	0.00571	0.00189	0.00756	0.00508	0.00257	0.00658
27	0.00697	0.00498	0.00664	0.00796	0.00830	0.00465	0.00531	0.00796	0.01095	0.01460	0.03153	0.79525	0.03783	0.01792	0.00730	0.00232	0.00332	0.01626	0.00531	0.00465
28	0.01529	0.01282	0.01353	0.01186	0.01528	0.01472	0.00931	0.13158	0.65005	0.02565	0.02193	0.02026	0.01636	0.00763	0.00581	0.00191	0.00478	0.00628	0.00581	0.00915
29	0.05310	0.01082	0.01227	0.01238	0.07479	0.01194	0.00891	0.03587	0.45065	0.03312	0.08240	0.02806	0.09149	0.00894	0.00601	0.00194	0.00450	0.05942	0.00543	0.00797
30	0.00817	0.00613	0.00919	0.00919	0.01021	0.00715	0.00715	0.01021	0.00919	0.01328	0.01532	0.02247	0.01430	0.04290	0.77631	0.00919	0.01532	0.00613	0.00306	0.00511
31	0.01274	0.02272	0.47363	0.01869	0.13069	0.01281	0.08068	0.01883	0.05778	0.05840	0.01294	0.05173	0.01011	0.00617	0.00571	0.00184	0.00763	0.00537	0.00311	0.00840
32	0.01566	0.75561	0.02914	0.01009	0.01486	0.06813	0.00986	0.01747	0.01190	0.01349	0.00801	0.00924	0.00734	0.00495	0.00376	0.00124	0.00637	0.00310	0.00248	0.00730
33	0.01021	0.00761	0.01093	0.01039	0.01203	0.00750	0.07923	0.05167	0.08266	0.05921	0.02728	0.53603	0.03003	0.01440	0.00695	0.00219	0.00437	0.03613	0.00524	0.00594
34	0.01477	0.14651	0.43143	0.01506	0.02181	0.05546	0.07572	0.07209	0.01380	0.08503	0.01128	0.01258	0.00818	0.00557	0.00530	0.00170	0.00781	0.00442	0.00314	0.00833
35	0.01062	0.00531	0.00544	0.00544	0.00671	0.00531	0.00405	0.01301	0.01175	0.02072	0.01819	0.02111	0.01441	0.00737	0.00498	0.04577	0.00279	0.00531	0.78651	0.00518

[dist]
# distance from previous block
# <min> <max>
1	5

[block]
# block no. 3 follows, 41 sequences, length 40
# corresponding to MSA columns:
# 507-546
name=unknown_D
#
# <colnr> <probs for GDERKNQSTAVLIFYWHMCP>
#	G	D	E	R	K	N	Q	S	T	A	V	L	I	F	Y	W	H	M	C	P
0	0.00952	0.00877	0.06785	0.00839	0.01087	0.00710	0.00700	0.01362	0.10353	0.04781	0.27964	0.13078	0.21216	0.01157	0.00642	0.00186	0.00367	0.00997	0.00543	0.05405
1	0.01093	0.00728	0.00851	0.00849	0.00989	0.05019	0.00615	0.01262	0.01368	0.12583	0.25122	0.40743	0.03761	0.01379	0.00681	0.00205	0.00379	0.01222	0.00575	0.00577
2	0.01314	0.02227	0.48006	0.06952	0.08109	0.01236	0.01761	0.01911	0.05563	0.09448	0.01389	0.01780	0.01072	0.00656	0.00574	0.00189	0.00745	0.05899	0.00337	0.00832
3	0.00748	0.00590	0.00674	0.00660	0.00828	0.00518	0.00499	0.00947	0.01439	0.01869	0.34815	0.05033	0.44062	0.01342	0.00683	0.00192	0.00293	0.03722	0.00574	0.00512
4	0.01384	0.01343	0.02346	0.11060	0.63133	0.01361	0.07421	0.01736	0.01294	0.01831	0.01084	0.01447	0.00895	0.00519	0.00579	0.00175	0.00713	0.00525	0.00283	0.00871
5	0.01289	0.08879	0.63402	0.01551	0.02329	0.01451	0.01922	0.09197	0.01359	0.01964	0.01051	0.01212	0.00758	0.00559	0.00536	0.00177	0.00807	0.00425	0.00278	0.00853
6	0.01007	0.00505	0.00734	0.00734	0.00745	0.00504	0.00493	0.00797	0.00786	0.01090	0.01069	0.01779	0.01037	0.01887	0.02093	0.76740	0.00481	0.00502	0.06741	0.00275
7	0.00829	0.00602	0.00841	0.00841	0.00915	0.00674	0.00614	0.00973	0.00899	0.01273	0.01615	0.02680	0.01620	0.25686	0.56399	0.00817	0.01257	0.00677	0.00320	0.00468
8	0.01388	0.01613	0.09520	0.02563	0.19937	0.01403	0.48987	0.01844	0.01339	0.03913	0.01165	0.01505	0.00886	0.00505	0.00639	0.00187	0.00877	0.00614	0.00298	0.00818
9	0.01850	0.08167	0.01704	0.01407	0.01652	0.53119	0.01097	0.01998	0.01410	0.01394	0.00906	0.01156	0.00794	0.00915	0.06067	0.00218	0.14798	0.00406	0.00286	0.00655
10	0.01088	0.01022	0.01720	0.78436	0.03942	0.01275	0.01591	0.01467	0.01148	0.01469	0.01024	0.01535	0.00770	0.00577	0.00575	0.00192	0.00765	0.00511	0.00257	0.00639
11	0.02887	0.10255	0.41203	0.05410	0.10123	0.01517	0.01702	0.16473	0.01510	0.02136	0.01081	0.01254	0.00802	0.00569	0.00535	0.00174	0.00751	0.00443	0.00318	0.00856
12	0.01536	0.80153	0.03000	0.00984	0.01473	0.02266	0.00982	0.01718	0.01167	0.01353	0.00803	0.00928	0.00741	0.00494	0.00370	0.00124	0.00614	0.00308	0.00247	0.00738
13	0.06794	0.00908	0.01241	0.01420	0.12037	0.01009	0.01010	0.01393	0.04990	0.01713	0.02057	0.03984	0.02143	0.10198	0.01137	0.00273	0.13056	0.33610	0.00420	0.00607
14	0.00705	0.00504	0.00669	0.00802	0.00836	0.00469	0.00534	0.00802	0.01100	0.01467	0.03158	0.79442	0.03787	0.01796	0.00733	0.00234	0.00335	0.01627	0.00533	0.00469
15	0.01279	0.15510	0.53073	0.01615	0.02349	0.04342	0.10515	0.01820	0.01237	0.01729	0.01006	0.01204	0.00751	0.00534	0.00532	0.00173	0.00830	0.00434	0.00252	0.00815
16	0.00891	0.01292	0.23928	0.02598	0.01450	0.00782	0.01093	0.01202	0.01208	0.01676	0.08162	0.37655	0.02853	0.01313	0.00678	0.00218	0.00522	0.11431	0.00447	0.00603
17	0.01271	0.01195	0.01946	0.37331	0.35764	0.01329	0.01595	0.01757	0.08764	0.01744	0.01184	0.01548	0.00933	0.00570	0.00574	0.00183	0.00696	0.00525	0.00303	0.00787
18	0.01204	0.02125	0.39880	0.04636	0.02169	0.01507	0.05320	0.01628	0.01083	0.01630	0.00929	0.01265	0.00751	0.00731	0.01093	0.00211	0.32367	0.00472	0.00251	0.00748
19	0.00798	0.00652	0.00885	0.00820	0.00989	0.00588	0.06278	0.00991	0.01340	0.01752	0.24646	0.15395	0.31768	0.06762	0.00845	0.00224	0.00373	0.03850	0.00530	0.00515
20	0.01961	0.12540	0.01850	0.01510	0.05322	0.56055	0.01134	0.04109	0.01522	0.01482	0.00893	0.01073	0.00759	0.00612	0.00610	0.00155	0.07040	0.00384	0.00294	0.00693
21	0.01454	0.01666	0.09917	0.02870	0.48955	0.08358	0.10193	0.01898	0.05622	0.01853	0.01143	0.01426	0.00923	0.00538	0.00576	0.00174	0.00751	0.00518	0.00301	0.00865
22	0.01184	0.07179	0.01338	0.07646	0.01497	0.02423	0.03608	0.08175	0.17768	0.02066	0.19003	0.08170	0.13279	0.00982	0.00653	0.00188	0.02825	0.00827	0.00503	0.00686
23	0.01534	0.09681	0.12684	0.01258	0.01688	0.07278	0.01128	0.10263	0.43477	0.02261	0.01776	0.01719	0.01340	0.00694	0.00552	0.00180	0.00592	0.00546	0.00477	0.00872
24	0.31009	0.12400	0.07420	0.01276	0.01682	0.22606	0.09505	0.01873	0.01241	0.01896	0.00886	0.01072	0.00717	0.00560	0.00515	0.00168	0.03796	0.00387	0.00305	0.00686
25	0.00985	0.00713	0.00863	0.00859	0.00993	0.00708	0.00622	0.13419	0.01462	0.01961	0.15101	0.45097	0.08923	0.01485	0.00749	0.03309	0.00378	0.01265	0.00546	0.00561
26	0.01428	0.01429	0.01374	0.01383	0.08704	0.16175	0.00975	0.02265	0.35344	0.01932	0.02406	0.02370	0.14146	0.00851	0.00684	0.00188	0.06448	0.00666	0.00465	0.00768
27	0.01189	0.01006	0.01077	0.00986	0.01254	0.01105	0.00760	0.02304	0.49251	0.02221	0.14847	0.03130	0.16522	0.00972	0.00618	0.00193	0.00395	0.00818	0.00582	0.00770
28	0.01337	0.35546	0.38053	0.01438	0.02105	0.01740	0.08975	0.01776	0.01207	0.01623	0.00949	0.01129	0.00750	0.00519	0.00485	0.00159	0.00761	0.00401	0.00250	0.00794
29	0.00936	0.00786	0.01209	0.20085	0.01796	0.00967	0.00990	0.01173	0.00975	0.01373	0.01329	0.01973	0.01200	0.03026	0.50520	0.00669	0.09568	0.00577	0.00290	0.00558
30	0.00840	0.00560	0.00630	0.00629	0.00630	0.00559	0.00350	0.00838	0.00837	0.01117	0.01809	0.03750	0.02085	0.79809	0.02912	0.00555	0.00557	0.00834	0.00349	0.00351
31	0.01276	0.01176	0.01835	0.14909	0.40336	0.01228	0.02684	0.04447	0.08856	0.01871	0.01889	0.04946	0.10614	0.00725	0.00594	0.00183	0.00613	0.00659	0.00363	0.00796
32	0.01254	0.01062	0.01268	0.06741	0.01584	0.00875	0.00778	0.06480	0.01291	0.01960	0.01049	0.01235	0.00857	0.00458	0.00448	0.00100	0.00466	0.00366	0.00351	0.71377
33	0.83847	0.01111	0.00846	0.00757	0.01112	0.01287	0.00623	0.01686	0.00978	0.02572	0.00804	0.00940	0.00627	0.00536	0.00357	0.00178	0.00445	0.00312	0.00356	0.00623
34	0.01180	0.01148	0.01740	0.37007	0.02630	0.01533	0.01409	0.01421	0.01004	0.01423	0.00881	0.01388	0.00763	0.00808	0.01277	0.00224	0.42768	0.00507	0.00255	0.00634
35	0.01563	0.01083	0.01319	0.01159	0.07032	0.00996	0.00842	0.10562	0.10000	0.15903	0.01707	0.04688	0.03506	0.03759	0.00618	0.00160	0.00483	0.00549	0.00475	0.33598
36	0.01231	0.15783	0.02420	0.07405	0.02130	0.01379	0.33142	0.01514	0.01162	0.01532	0.01279	0.04938	0.01203	0.17143	0.01143	0.00261	0.04725	0.00658	0.00300	0.00650
37	0.16758	0.06558	0.01436	0.01042	0.01440	0.01191	0.00872	0.10183	0.01548	0.44713	0.01694	0.01591	0.01136	0.00686	0.00623	0.00180	0.06413	0.00500	0.00566	0.00871
38	0.00716	0.00512	0.00680	0.00794	0.00838	0.00477	0.00535	0.00831	0.01153	0.01552	0.10573	0.71785	0.03951	0.01732	0.00727	0.00228	0.00328	0.01567	0.00543	0.00476
39	0.01085	0.00968	0.01567	0.34197	0.21778	0.01079	0.01311	0.01371	0.01173	0.01602	0.01596	0.20723	0.01582	0.00877	0.00641	0.00196	0.02771	0.00787	0.04034	0.00663

[dist]
# distance from previous block
# <min> <max>
0	366

# created by:
# /software/SequenceAnalysis/GenePrediction/augustus/3.0.1/scripts/msa2prfl.pl ./fixed/BUSCOvEOG7FTXDJ.fas
