[name]
unknown

[dist]
# distance from previous block
# <min> <max>
0	260

[block]
# block no. 0 follows, 38 sequences, length 10
# corresponding to MSA columns:
# 268-277
name=unknown_A
#
# <colnr> <probs for GDERKNQSTAVLIFYWHMCP>
#	G	D	E	R	K	N	Q	S	T	A	V	L	I	F	Y	W	H	M	C	P
0	0.00897	0.00702	0.00825	0.00801	0.00978	0.00677	0.00605	0.01324	0.11481	0.02116	0.37484	0.10539	0.23924	0.01323	0.00706	0.00203	0.00332	0.03872	0.00614	0.00597
1	0.01200	0.01178	0.02039	0.56377	0.03633	0.01436	0.10969	0.01575	0.01190	0.01575	0.01047	0.01564	0.00815	0.00656	0.00819	0.00210	0.12204	0.00556	0.00272	0.00686
2	0.01885	0.00966	0.01267	0.04730	0.01532	0.00823	0.00822	0.02118	0.01466	0.38335	0.02048	0.13103	0.01641	0.00815	0.00580	0.00166	0.00482	0.00689	0.00574	0.25959
3	0.01121	0.00561	0.00561	0.00561	0.00701	0.00561	0.00421	0.01402	0.01262	0.02243	0.01962	0.02243	0.01542	0.00701	0.00421	0.00140	0.00280	0.00561	0.82198	0.00561
4	0.02147	0.01309	0.01493	0.01192	0.01619	0.01368	0.00969	0.30302	0.17100	0.27058	0.02291	0.02119	0.06614	0.00806	0.00613	0.00189	0.00548	0.00643	0.00648	0.00972
5	0.02267	0.01497	0.01667	0.01287	0.01743	0.01605	0.01059	0.55853	0.02557	0.16531	0.06397	0.01751	0.01410	0.00759	0.00609	0.00182	0.00610	0.00589	0.00631	0.00993
6	0.01566	0.01358	0.01707	0.12582	0.17157	0.07592	0.03873	0.02376	0.27623	0.09282	0.02061	0.02111	0.06560	0.00743	0.00611	0.00192	0.00634	0.00641	0.00471	0.00861
7	0.01247	0.01069	0.01247	0.00891	0.01426	0.00802	0.00713	0.01515	0.01247	0.01960	0.01069	0.01247	0.00891	0.00446	0.00446	0.00089	0.00446	0.00356	0.00356	0.82536
8	0.01121	0.00561	0.00561	0.00561	0.00701	0.00561	0.00421	0.01402	0.01262	0.02243	0.01962	0.02243	0.01542	0.00701	0.00421	0.00140	0.00280	0.00561	0.82198	0.00561
9	0.02226	0.06707	0.01533	0.01096	0.01556	0.01159	0.00907	0.08719	0.12841	0.44020	0.02039	0.01853	0.01380	0.00701	0.00571	0.00173	0.00521	0.00561	0.00630	0.10808

[dist]
# distance from previous block
# <min> <max>
0	1

[block]
# block no. 1 follows, 38 sequences, length 11
# corresponding to MSA columns:
# 279-289
name=unknown_B
#
# <colnr> <probs for GDERKNQSTAVLIFYWHMCP>
#	G	D	E	R	K	N	Q	S	T	A	V	L	I	F	Y	W	H	M	C	P
0	0.05408	0.02296	0.01646	0.01546	0.06381	0.50322	0.01122	0.08182	0.01738	0.10790	0.01363	0.01440	0.03831	0.00672	0.00558	0.00166	0.00901	0.00469	0.00399	0.00771
1	0.02172	0.12106	0.01889	0.01475	0.01822	0.62194	0.01145	0.07266	0.01724	0.01627	0.00954	0.01095	0.00792	0.00614	0.00527	0.00154	0.01001	0.00390	0.00324	0.00729
2	0.48506	0.01280	0.01213	0.00995	0.01411	0.01412	0.00821	0.21000	0.01619	0.14787	0.01248	0.01275	0.00886	0.00632	0.00471	0.00185	0.00525	0.00429	0.00494	0.00811
3	0.01486	0.01282	0.01434	0.10532	0.01892	0.01493	0.01048	0.05992	0.62076	0.02452	0.02237	0.02132	0.01675	0.00786	0.00610	0.00203	0.00524	0.00656	0.00570	0.00921
4	0.01121	0.00561	0.00561	0.00561	0.00701	0.00561	0.00421	0.01402	0.01262	0.02243	0.01962	0.02243	0.01542	0.00701	0.00421	0.00140	0.00280	0.00561	0.82198	0.00561
5	0.00917	0.00711	0.00850	0.00818	0.00995	0.00691	0.00624	0.01368	0.11836	0.02199	0.43760	0.07551	0.18677	0.01282	0.00706	0.00202	0.00334	0.05250	0.00624	0.00606
6	0.01806	0.20140	0.21905	0.01414	0.01949	0.24988	0.01385	0.06903	0.05977	0.06474	0.01167	0.01263	0.00897	0.00609	0.00527	0.00165	0.00830	0.00430	0.00348	0.00824
7	0.01275	0.00865	0.01068	0.04459	0.01341	0.00900	0.00799	0.06245	0.17644	0.10946	0.02779	0.39365	0.02834	0.01361	0.00699	0.00224	0.00450	0.05460	0.00582	0.00704
8	0.22631	0.27870	0.16000	0.03756	0.01830	0.01659	0.05558	0.01949	0.01253	0.10921	0.01101	0.01219	0.00836	0.00567	0.00471	0.00169	0.00656	0.00411	0.00349	0.00793
9	0.12897	0.15939	0.15791	0.01574	0.11277	0.12403	0.01306	0.07697	0.04242	0.06814	0.03912	0.01398	0.01068	0.00619	0.00521	0.00171	0.00711	0.00461	0.00373	0.00826
10	0.77892	0.01197	0.00944	0.00829	0.01209	0.01383	0.00683	0.06372	0.01140	0.02770	0.00877	0.01007	0.00675	0.00569	0.00387	0.00186	0.00478	0.00340	0.00387	0.00675

[dist]
# distance from previous block
# <min> <max>
0	1

[block]
# block no. 2 follows, 38 sequences, length 6
# corresponding to MSA columns:
# 291-296
name=unknown_C
#
# <colnr> <probs for GDERKNQSTAVLIFYWHMCP>
#	G	D	E	R	K	N	Q	S	T	A	V	L	I	F	Y	W	H	M	C	P
0	0.35001	0.01257	0.01510	0.08657	0.01793	0.06072	0.10938	0.01629	0.01143	0.02053	0.01264	0.12206	0.01204	0.00820	0.00742	0.00207	0.11858	0.00630	0.00359	0.00656
1	0.01031	0.00799	0.01120	0.01059	0.01191	0.00950	0.00837	0.07738	0.01134	0.01621	0.01524	0.02187	0.01397	0.03861	0.62994	0.00833	0.08163	0.00625	0.00343	0.00592
2	0.01190	0.01860	0.31837	0.01521	0.05820	0.01146	0.08022	0.08131	0.01499	0.02103	0.13710	0.10328	0.08442	0.00905	0.00643	0.00197	0.00665	0.00792	0.00418	0.00770
3	0.01121	0.00561	0.00561	0.00561	0.00701	0.00561	0.00421	0.01402	0.01262	0.02243	0.01962	0.02243	0.01542	0.00701	0.00421	0.00140	0.00280	0.00561	0.82198	0.00561
4	0.01745	0.01241	0.01378	0.01139	0.01491	0.01318	0.00918	0.39895	0.05552	0.07578	0.09293	0.09357	0.11267	0.01022	0.00651	0.00196	0.00531	0.03980	0.00606	0.00843
5	0.01121	0.00561	0.00561	0.00561	0.00701	0.00561	0.00421	0.01402	0.01262	0.02243	0.01962	0.02243	0.01542	0.00701	0.00421	0.00140	0.00280	0.00561	0.82198	0.00561

[dist]
# distance from previous block
# <min> <max>
0	4

[block]
# block no. 3 follows, 38 sequences, length 6
# corresponding to MSA columns:
# 301-306
name=unknown_D
#
# <colnr> <probs for GDERKNQSTAVLIFYWHMCP>
#	G	D	E	R	K	N	Q	S	T	A	V	L	I	F	Y	W	H	M	C	P
0	0.10849	0.01361	0.01449	0.01216	0.01608	0.01512	0.00986	0.29003	0.28397	0.08795	0.01942	0.02115	0.01490	0.00807	0.00597	0.00197	0.00553	0.05614	0.00588	0.00923
1	0.70562	0.01142	0.00964	0.00835	0.01221	0.01277	0.00688	0.01950	0.01133	0.14061	0.01077	0.01144	0.00782	0.00587	0.00409	0.00186	0.00473	0.00369	0.00430	0.00710
2	0.01440	0.07607	0.13412	0.08760	0.29397	0.01478	0.04555	0.05073	0.12720	0.02040	0.01314	0.01529	0.01032	0.00589	0.00573	0.00177	0.00697	0.00523	0.00352	0.06733
3	0.01657	0.28884	0.02330	0.07237	0.01898	0.18427	0.03919	0.05028	0.01325	0.01572	0.00904	0.01182	0.00796	0.00699	0.00889	0.00182	0.21620	0.00433	0.00289	0.00730
4	0.01121	0.00561	0.00561	0.00561	0.00701	0.00561	0.00421	0.01402	0.01262	0.02243	0.01962	0.02243	0.01542	0.00701	0.00421	0.00140	0.00280	0.00561	0.82198	0.00561
5	0.01254	0.01320	0.02479	0.13743	0.02617	0.01425	0.35143	0.01606	0.01251	0.01708	0.01608	0.06400	0.06956	0.00811	0.00990	0.00219	0.18694	0.00744	0.00324	0.00710

[dist]
# distance from previous block
# <min> <max>
0	1

[block]
# block no. 4 follows, 38 sequences, length 23
# corresponding to MSA columns:
# 308-330
name=unknown_E
#
# <colnr> <probs for GDERKNQSTAVLIFYWHMCP>
#	G	D	E	R	K	N	Q	S	T	A	V	L	I	F	Y	W	H	M	C	P
0	0.01293	0.01325	0.07771	0.10017	0.25857	0.01247	0.04930	0.01742	0.08908	0.01889	0.01835	0.14089	0.01775	0.03341	0.00826	0.00232	0.05057	0.06660	0.00407	0.00798
1	0.01434	0.01549	0.09964	0.14796	0.52098	0.01402	0.01828	0.01810	0.01369	0.01935	0.01279	0.01833	0.01093	0.00647	0.00631	0.00199	0.00756	0.04145	0.00322	0.00909
2	0.01554	0.30662	0.14565	0.10688	0.11703	0.01755	0.10015	0.01900	0.01336	0.05934	0.01143	0.01391	0.00915	0.00586	0.00548	0.00176	0.00760	0.00478	0.00321	0.03569
3	0.62382	0.01363	0.06877	0.05701	0.01546	0.01397	0.00895	0.01951	0.08728	0.02590	0.01100	0.01255	0.00851	0.00628	0.00454	0.00200	0.00541	0.00405	0.00401	0.00733
4	0.01220	0.01037	0.01250	0.00994	0.01383	0.00889	0.00773	0.01426	0.01232	0.01882	0.01502	0.15211	0.01491	0.00808	0.00689	0.00147	0.08536	0.00638	0.00403	0.58488
5	0.01181	0.00606	0.00606	0.00604	0.00749	0.00597	0.00449	0.01442	0.01297	0.02291	0.02013	0.02315	0.01591	0.00739	0.00447	0.00151	0.00302	0.00579	0.81449	0.00592
6	0.01098	0.00801	0.02671	0.00912	0.01101	0.00732	0.00697	0.01461	0.09098	0.07998	0.33041	0.21598	0.09712	0.01506	0.04455	0.00254	0.00441	0.01145	0.00621	0.00658
7	0.01030	0.00867	0.00910	0.00877	0.01093	0.02818	0.00662	0.01541	0.17788	0.02034	0.18653	0.09189	0.34962	0.01339	0.00715	0.00215	0.00393	0.03652	0.00602	0.00657
8	0.02264	0.02775	0.01750	0.01577	0.01887	0.69356	0.01188	0.05879	0.01763	0.01641	0.01010	0.01194	0.00844	0.00680	0.00623	0.00171	0.03894	0.00420	0.00343	0.00742
9	0.76088	0.01244	0.00999	0.00878	0.01262	0.01419	0.00716	0.07374	0.01203	0.02829	0.00946	0.01097	0.00738	0.00610	0.00417	0.00196	0.00501	0.00363	0.00410	0.00711
10	0.02287	0.01685	0.01805	0.01384	0.01866	0.01866	0.01143	0.73100	0.02828	0.03791	0.01444	0.01444	0.01023	0.00722	0.00602	0.00181	0.00662	0.00542	0.00602	0.01023
11	0.01194	0.01012	0.01190	0.00885	0.01368	0.00769	0.00697	0.01444	0.01237	0.01916	0.01304	0.09325	0.01214	0.00596	0.00479	0.00105	0.00435	0.00498	0.00378	0.73953
12	0.01121	0.00561	0.00561	0.00561	0.00701	0.00561	0.00421	0.01402	0.01262	0.02243	0.01962	0.02243	0.01542	0.00701	0.00421	0.00140	0.00280	0.00561	0.82198	0.00561
13	0.01420	0.01623	0.03550	0.02535	0.03144	0.01521	0.72921	0.01927	0.01420	0.01927	0.01217	0.01623	0.00913	0.00507	0.00710	0.00203	0.01014	0.00710	0.00304	0.00811
14	0.01788	0.02101	0.01773	0.01564	0.01721	0.39613	0.01238	0.01931	0.01318	0.01460	0.00861	0.01199	0.00782	0.00834	0.01249	0.00208	0.38938	0.00456	0.00287	0.00678
15	0.78376	0.01158	0.00937	0.05214	0.01335	0.01349	0.00710	0.01755	0.01034	0.02632	0.00851	0.01013	0.00660	0.00561	0.00386	0.00187	0.00485	0.00338	0.00366	0.00652
16	0.83108	0.01163	0.00884	0.00791	0.01163	0.01350	0.00651	0.01768	0.01024	0.02699	0.00838	0.00977	0.00651	0.00558	0.00372	0.00186	0.00465	0.00326	0.00372	0.00651
17	0.01834	0.01373	0.01486	0.01252	0.01644	0.01536	0.00998	0.22299	0.47258	0.10216	0.02166	0.02006	0.01579	0.00783	0.00609	0.00196	0.00531	0.00635	0.00623	0.00979
18	0.01121	0.00561	0.00561	0.00561	0.00701	0.00561	0.00421	0.01402	0.01262	0.02243	0.01962	0.02243	0.01542	0.00701	0.00421	0.00140	0.00280	0.00561	0.82198	0.00561
19	0.03394	0.00757	0.03600	0.00823	0.01028	0.00647	0.00665	0.01311	0.01637	0.08039	0.57450	0.04248	0.08958	0.01182	0.00691	0.00193	0.00341	0.03787	0.00635	0.00613
20	0.01597	0.60251	0.07318	0.01080	0.01574	0.02125	0.01063	0.09194	0.01366	0.01675	0.00998	0.01266	0.00908	0.06656	0.00629	0.00173	0.00656	0.00395	0.00302	0.00774
21	0.08286	0.50528	0.04449	0.01090	0.01593	0.02038	0.01034	0.13491	0.01519	0.09447	0.01098	0.01162	0.00876	0.00577	0.00447	0.00149	0.00625	0.00390	0.00372	0.00832
22	0.01656	0.16348	0.38189	0.01482	0.02150	0.09680	0.01638	0.13862	0.01594	0.06335	0.01155	0.01270	0.00851	0.00602	0.00542	0.00174	0.00806	0.00442	0.00347	0.00878

[dist]
# distance from previous block
# <min> <max>
0	16

[block]
# block no. 5 follows, 38 sequences, length 7
# corresponding to MSA columns:
# 347-353
name=unknown_F
#
# <colnr> <probs for GDERKNQSTAVLIFYWHMCP>
#	G	D	E	R	K	N	Q	S	T	A	V	L	I	F	Y	W	H	M	C	P
0	0.71252	0.01240	0.01019	0.00878	0.01266	0.01425	0.00724	0.12232	0.01289	0.02859	0.00927	0.01046	0.00706	0.00582	0.00406	0.00185	0.00494	0.00357	0.00406	0.00706
1	0.09105	0.01234	0.01651	0.23640	0.02361	0.01382	0.06854	0.26042	0.01708	0.02391	0.01362	0.05512	0.01153	0.06784	0.00897	0.05467	0.00682	0.00615	0.00416	0.00742
2	0.02478	0.01090	0.01417	0.01120	0.01557	0.01010	0.00930	0.13068	0.01853	0.58167	0.02312	0.02398	0.01604	0.00826	0.00625	0.00194	0.00538	0.07125	0.00706	0.00980
3	0.05962	0.01356	0.01541	0.01190	0.01628	0.01405	0.00973	0.36169	0.02065	0.18372	0.01528	0.01598	0.01110	0.03493	0.00728	0.00185	0.04796	0.00524	0.00552	0.14822
4	0.01475	0.06625	0.01710	0.01331	0.01517	0.01619	0.01100	0.18541	0.01415	0.02003	0.01140	0.01610	0.01026	0.05321	0.12887	0.00351	0.35782	0.00545	0.00361	0.03642
5	0.02289	0.01198	0.01455	0.01136	0.01583	0.01167	0.00928	0.19930	0.09463	0.42005	0.05371	0.01977	0.01561	0.00748	0.00599	0.00180	0.00530	0.00602	0.00665	0.06612
6	0.02169	0.01597	0.01723	0.01333	0.01786	0.01759	0.01096	0.67185	0.02736	0.03678	0.07472	0.01695	0.01405	0.00764	0.00611	0.00181	0.00631	0.00587	0.00607	0.00986

[dist]
# distance from previous block
# <min> <max>
106	242

# created by:
# /software/SequenceAnalysis/GenePrediction/augustus/3.0.1/scripts/msa2prfl.pl ./fixed/BUSCOvEOG7QVDS6.fas
