[name]
unknown

[dist]
# distance from previous block
# <min> <max>
0	85

[block]
# block no. 0 follows, 40 sequences, length 32
# corresponding to MSA columns:
# 85-116
name=unknown_A
#
# <colnr> <probs for GDERKNQSTAVLIFYWHMCP>
#	G	D	E	R	K	N	Q	S	T	A	V	L	I	F	Y	W	H	M	C	P
0	0.00687	0.00589	0.00589	0.00589	0.00785	0.00491	0.00442	0.00835	0.01325	0.01571	0.05891	0.05596	0.75700	0.01473	0.00687	0.00196	0.00295	0.01227	0.00540	0.00491
1	0.02172	0.02772	0.01648	0.01498	0.01798	0.77228	0.01124	0.02322	0.01648	0.01423	0.00899	0.01049	0.00749	0.00599	0.00524	0.00150	0.01049	0.00375	0.00300	0.00674
2	0.01439	0.01382	0.02360	0.03569	0.75936	0.01382	0.01785	0.01785	0.01324	0.01900	0.01094	0.01439	0.00921	0.00518	0.00576	0.00173	0.00691	0.00518	0.00288	0.00921
3	0.01903	0.01846	0.16273	0.01379	0.01903	0.01666	0.01284	0.50253	0.12284	0.03141	0.01460	0.01469	0.01047	0.00682	0.00577	0.00179	0.00658	0.00524	0.00518	0.00954
4	0.01964	0.03930	0.01670	0.03209	0.01773	0.04178	0.01068	0.49346	0.21240	0.03149	0.01604	0.01574	0.01171	0.00709	0.00576	0.00179	0.00610	0.00547	0.00557	0.00945
5	0.83671	0.01125	0.00855	0.00765	0.01125	0.01305	0.00630	0.01709	0.00990	0.02609	0.00810	0.00945	0.00630	0.00540	0.00360	0.00180	0.00450	0.00315	0.00360	0.00630
6	0.00794	0.00665	0.00702	0.00693	0.00895	0.00608	0.00532	0.01117	0.09192	0.01727	0.10241	0.05204	0.58320	0.01388	0.00684	0.00200	0.00326	0.05616	0.00552	0.00544
7	0.00828	0.00598	0.00785	0.00747	0.00884	0.00554	0.00567	0.01102	0.01632	0.02304	0.72234	0.04448	0.05387	0.01208	0.00691	0.00187	0.00287	0.04373	0.00635	0.00548
8	0.01166	0.03008	0.76550	0.01657	0.02517	0.01351	0.02149	0.01842	0.01228	0.01842	0.01044	0.01228	0.00737	0.00552	0.00552	0.00184	0.00859	0.00430	0.00246	0.00859
9	0.02523	0.00972	0.01316	0.01015	0.01453	0.00838	0.00836	0.02745	0.01649	0.73004	0.02455	0.02141	0.04751	0.00753	0.00589	0.00181	0.00486	0.00613	0.00712	0.00967
10	0.02165	0.01606	0.01719	0.01329	0.01786	0.01782	0.01094	0.69754	0.07051	0.03591	0.01454	0.01442	0.01036	0.00704	0.00582	0.00176	0.00629	0.00532	0.00582	0.00985
11	0.01098	0.01034	0.01744	0.78165	0.04005	0.01292	0.01615	0.01486	0.01163	0.01486	0.01034	0.01550	0.00775	0.00581	0.00581	0.00194	0.00775	0.00517	0.00258	0.00646
12	0.00687	0.00589	0.00589	0.00589	0.00785	0.00491	0.00442	0.00835	0.01325	0.01571	0.05891	0.05596	0.75700	0.01473	0.00687	0.00196	0.00295	0.01227	0.00540	0.00491
13	0.00923	0.00659	0.00921	0.01055	0.01183	0.00657	0.00913	0.01180	0.01325	0.01725	0.03087	0.11032	0.03377	0.01620	0.00799	0.00266	0.00523	0.67688	0.00536	0.00532
14	0.02172	0.02772	0.01648	0.01498	0.01798	0.77228	0.01124	0.02322	0.01648	0.01423	0.00899	0.01049	0.00749	0.00599	0.00524	0.00150	0.01049	0.00375	0.00300	0.00674
15	0.00709	0.00506	0.00675	0.00810	0.00843	0.00472	0.00540	0.00810	0.01113	0.01484	0.03205	0.79184	0.03846	0.01822	0.00742	0.00236	0.00337	0.01653	0.00540	0.00472
16	0.00831	0.00623	0.00935	0.00935	0.01038	0.00727	0.00727	0.01038	0.00935	0.01350	0.01558	0.02285	0.01454	0.04361	0.77259	0.00935	0.01558	0.00623	0.00312	0.00519
17	0.01373	0.01569	0.03431	0.02451	0.03039	0.01471	0.73824	0.01863	0.01373	0.01863	0.01176	0.01569	0.00882	0.00490	0.00686	0.00196	0.00980	0.00686	0.00294	0.00784
18	0.00846	0.00564	0.00634	0.00634	0.00634	0.00564	0.00352	0.00846	0.00846	0.01128	0.01832	0.03805	0.02114	0.79563	0.02960	0.00564	0.00564	0.00846	0.00352	0.00352
19	0.00767	0.00635	0.00682	0.00694	0.00882	0.00570	0.00535	0.01020	0.05730	0.01664	0.07588	0.08520	0.57626	0.01452	0.00697	0.00206	0.00333	0.09331	0.00546	0.00523
20	0.01366	0.01547	0.03341	0.02387	0.02972	0.01442	0.70863	0.01847	0.01366	0.01864	0.01171	0.01554	0.00882	0.00488	0.00676	0.00192	0.00958	0.00672	0.00296	0.04118
21	0.00709	0.00506	0.00675	0.00810	0.00843	0.00472	0.00540	0.00810	0.01113	0.01484	0.03205	0.79184	0.03846	0.01822	0.00742	0.00236	0.00337	0.01653	0.00540	0.00472
22	0.00831	0.00623	0.00935	0.00935	0.01038	0.00727	0.00727	0.01038	0.00935	0.01350	0.01558	0.02285	0.01454	0.04361	0.77259	0.00935	0.01558	0.00623	0.00312	0.00519
23	0.01405	0.01366	0.02237	0.15788	0.61851	0.03661	0.01737	0.01752	0.01307	0.01817	0.01078	0.01446	0.00892	0.00531	0.00575	0.00175	0.00716	0.00514	0.00283	0.00868
24	0.01555	0.79913	0.03047	0.00995	0.01493	0.02301	0.00995	0.01741	0.01182	0.01368	0.00808	0.00933	0.00746	0.00498	0.00373	0.00124	0.00622	0.00311	0.00249	0.00746
25	0.00709	0.00592	0.00619	0.00618	0.00807	0.00502	0.00468	0.00873	0.01360	0.01657	0.13245	0.05491	0.66111	0.01446	0.00691	0.00197	0.00299	0.03265	0.00551	0.00498
26	0.01421	0.01227	0.01291	0.01164	0.01488	0.01415	0.00905	0.03015	0.72451	0.02404	0.02483	0.02283	0.04221	0.00812	0.00595	0.00197	0.00455	0.00676	0.00590	0.00906
27	0.02147	0.03791	0.01748	0.01306	0.01765	0.01779	0.01083	0.69824	0.02649	0.03539	0.01512	0.01507	0.03176	0.00715	0.00579	0.00174	0.00629	0.00538	0.00571	0.00968
28	0.01364	0.01543	0.03291	0.02372	0.02911	0.01497	0.67651	0.01823	0.01332	0.01823	0.01141	0.01543	0.00872	0.00535	0.00790	0.00201	0.07576	0.00671	0.00291	0.00772
29	0.02609	0.00990	0.01350	0.01035	0.01484	0.00855	0.00855	0.02834	0.01664	0.76338	0.02294	0.01979	0.01439	0.00720	0.00585	0.00180	0.00495	0.00585	0.00720	0.00990
30	0.02566	0.01058	0.01392	0.01067	0.01519	0.00957	0.00882	0.10478	0.01779	0.68532	0.02198	0.01917	0.01391	0.00717	0.00584	0.00179	0.00510	0.00578	0.00705	0.00990
31	0.61052	0.03511	0.15383	0.01040	0.01512	0.01349	0.05306	0.01744	0.01062	0.02388	0.00876	0.01035	0.00668	0.00538	0.00416	0.00180	0.00563	0.00359	0.00331	0.00685

[dist]
# distance from previous block
# <min> <max>
10	25

[block]
# block no. 1 follows, 40 sequences, length 13
# corresponding to MSA columns:
# 154-166
name=unknown_B
#
# <colnr> <probs for GDERKNQSTAVLIFYWHMCP>
#	G	D	E	R	K	N	Q	S	T	A	V	L	I	F	Y	W	H	M	C	P
0	0.02025	0.01554	0.01588	0.01251	0.01684	0.07857	0.01014	0.48025	0.07313	0.08120	0.01500	0.03874	0.01129	0.00703	0.00566	0.00167	0.00619	0.00540	0.00541	0.09927
1	0.02211	0.01629	0.01745	0.01338	0.01803	0.01803	0.01105	0.73997	0.02734	0.03665	0.01396	0.01396	0.00989	0.00698	0.00582	0.00175	0.00640	0.00524	0.00582	0.00989
2	0.03507	0.00889	0.06204	0.00920	0.01162	0.00749	0.02975	0.01483	0.07556	0.08730	0.47454	0.09805	0.04075	0.01083	0.00655	0.00189	0.00382	0.00952	0.00588	0.00643
3	0.01712	0.15350	0.01705	0.01165	0.01557	0.01596	0.00967	0.17402	0.38011	0.09106	0.01903	0.01905	0.01447	0.00737	0.00556	0.00180	0.00532	0.02733	0.00538	0.00898
4	0.02158	0.01603	0.01715	0.01327	0.01783	0.01779	0.01092	0.69077	0.07740	0.03579	0.01464	0.01450	0.01043	0.00704	0.00582	0.00176	0.00627	0.00533	0.00582	0.00984
5	0.01161	0.00617	0.00625	0.00597	0.00755	0.00629	0.00455	0.06350	0.01324	0.02271	0.01863	0.02115	0.01456	0.00679	0.00419	0.00138	0.00296	0.00541	0.77139	0.00573
6	0.01367	0.01553	0.03344	0.02402	0.02959	0.01487	0.69972	0.01838	0.01347	0.01838	0.01155	0.01553	0.00876	0.00518	0.00751	0.00199	0.05096	0.00677	0.00292	0.00776
7	0.02609	0.00990	0.01350	0.01035	0.01484	0.00855	0.00855	0.02834	0.01664	0.76338	0.02294	0.01979	0.01439	0.00720	0.00585	0.00180	0.00495	0.00585	0.00720	0.00990
8	0.02211	0.01629	0.01745	0.01338	0.01803	0.01803	0.01105	0.73997	0.02734	0.03665	0.01396	0.01396	0.00989	0.00698	0.00582	0.00175	0.00640	0.00524	0.00582	0.00989
9	0.00767	0.00550	0.00709	0.00813	0.00873	0.00522	0.00576	0.00888	0.01133	0.01487	0.03211	0.49297	0.09512	0.12847	0.01065	0.00285	0.00402	0.14083	0.00512	0.00468
10	0.00985	0.00505	0.00751	0.00762	0.00765	0.00502	0.00508	0.00762	0.00787	0.01050	0.01193	0.08232	0.01247	0.02004	0.02145	0.76163	0.00491	0.00601	0.00277	0.00271
11	0.00937	0.00669	0.00937	0.01071	0.01205	0.00669	0.00937	0.01205	0.01339	0.01740	0.03079	0.06560	0.03347	0.01606	0.00803	0.00268	0.00535	0.72021	0.00535	0.00535
12	0.83671	0.01125	0.00855	0.00765	0.01125	0.01305	0.00630	0.01709	0.00990	0.02609	0.00810	0.00945	0.00630	0.00540	0.00360	0.00180	0.00450	0.00315	0.00360	0.00630

[dist]
# distance from previous block
# <min> <max>
0	88

# created by:
# /software/SequenceAnalysis/GenePrediction/augustus/3.0.1/scripts/msa2prfl.pl ./fixed/BUSCOvEOG7M66Z9.fas
