[name]
unknown

[dist]
# distance from previous block
# <min> <max>
8	584

[block]
# block no. 0 follows, 40 sequences, length 6
# corresponding to MSA columns:
# 701-706
name=unknown_A
#
# <colnr> <probs for GDERKNQSTAVLIFYWHMCP>
#	G	D	E	R	K	N	Q	S	T	A	V	L	I	F	Y	W	H	M	C	P
0	0.18260	0.01688	0.01481	0.08027	0.01806	0.20486	0.01024	0.28543	0.01822	0.02512	0.01114	0.01267	0.00855	0.00795	0.04190	0.00204	0.00751	0.00441	0.00415	0.04318
1	0.08501	0.01310	0.01785	0.10261	0.02063	0.01405	0.14310	0.28227	0.08287	0.02547	0.01568	0.11342	0.01342	0.00775	0.00598	0.00188	0.00640	0.00684	0.00460	0.03707
2	0.11546	0.01253	0.01410	0.01092	0.01542	0.01261	0.00895	0.27999	0.05257	0.26630	0.01605	0.01537	0.01109	0.00649	0.00534	0.00164	0.00530	0.00497	0.00564	0.13926
3	0.05491	0.51900	0.22369	0.01184	0.01761	0.05659	0.01289	0.01795	0.01207	0.01557	0.00875	0.01017	0.00738	0.00519	0.00427	0.00144	0.00697	0.00346	0.00256	0.00767
4	0.46016	0.01460	0.04508	0.09914	0.01695	0.10996	0.00939	0.07982	0.07795	0.02369	0.01044	0.01187	0.00798	0.00588	0.00454	0.00179	0.00598	0.00399	0.00375	0.00703
5	0.01387	0.01456	0.02791	0.02784	0.32184	0.01474	0.35624	0.01773	0.01292	0.01819	0.01091	0.01479	0.00883	0.00568	0.00797	0.00194	0.10703	0.00596	0.00287	0.00821

[dist]
# distance from previous block
# <min> <max>
0	4

[block]
# block no. 1 follows, 40 sequences, length 26
# corresponding to MSA columns:
# 711-736
name=unknown_B
#
# <colnr> <probs for GDERKNQSTAVLIFYWHMCP>
#	G	D	E	R	K	N	Q	S	T	A	V	L	I	F	Y	W	H	M	C	P
0	0.01744	0.33690	0.04961	0.01399	0.01915	0.01899	0.13642	0.25601	0.01752	0.02288	0.01123	0.01271	0.00891	0.00586	0.00521	0.00160	0.00699	0.00464	0.00384	0.05010
1	0.01448	0.15611	0.15334	0.02792	0.49622	0.01557	0.01717	0.01810	0.01304	0.01828	0.01071	0.01363	0.00893	0.00545	0.00551	0.00173	0.00719	0.00478	0.00286	0.00897
2	0.16256	0.05426	0.09229	0.01418	0.09265	0.01438	0.01116	0.10468	0.26048	0.10901	0.01657	0.01655	0.01229	0.00683	0.00547	0.00189	0.00568	0.00529	0.00491	0.00887
3	0.01527	0.01416	0.02325	0.08515	0.59248	0.01441	0.05274	0.09228	0.01483	0.02083	0.01161	0.01499	0.00951	0.00565	0.00598	0.00182	0.00717	0.00539	0.00329	0.00919
4	0.01842	0.01787	0.01736	0.01404	0.01811	0.22739	0.08505	0.23760	0.11132	0.02398	0.03590	0.01607	0.02631	0.00678	0.00578	0.00168	0.00733	0.00532	0.00454	0.11915
5	0.01759	0.06551	0.01363	0.01045	0.01394	0.01102	0.00844	0.09606	0.15622	0.26081	0.09184	0.08401	0.05110	0.00928	0.00615	0.00191	0.00483	0.04256	0.00602	0.04861
6	0.01374	0.01078	0.01221	0.00935	0.01370	0.00935	0.00740	0.14348	0.01496	0.02242	0.01376	0.06848	0.01193	0.00626	0.00493	0.00125	0.00458	0.00501	0.08904	0.53737
7	0.02042	0.01458	0.01554	0.01219	0.01627	0.01595	0.00995	0.60714	0.02479	0.03422	0.01520	0.01583	0.01112	0.00718	0.00566	0.00174	0.00586	0.00538	0.15170	0.00927
8	0.01218	0.01119	0.01728	0.59482	0.08012	0.01344	0.01513	0.01814	0.14268	0.01714	0.01311	0.01702	0.00997	0.00639	0.00598	0.00200	0.00725	0.00553	0.00332	0.00731
9	0.01589	0.79474	0.03061	0.01020	0.01518	0.02314	0.01009	0.01765	0.01205	0.01404	0.00847	0.00986	0.00782	0.00522	0.00390	0.00131	0.00634	0.00324	0.00262	0.00765
10	0.01438	0.01220	0.01555	0.01134	0.01650	0.01051	0.08287	0.14391	0.01517	0.02238	0.01149	0.01328	0.00921	0.00510	0.00500	0.00120	0.00537	0.00424	0.00394	0.59635
11	0.01253	0.02710	0.62791	0.01594	0.02358	0.01386	0.01938	0.02086	0.14311	0.01979	0.01315	0.01446	0.00957	0.00619	0.00575	0.00193	0.00799	0.00482	0.00320	0.00888
12	0.01176	0.01078	0.01775	0.39946	0.26668	0.01194	0.01490	0.01487	0.01229	0.01654	0.01475	0.15329	0.01402	0.00805	0.00624	0.00201	0.00681	0.00730	0.00331	0.00723
13	0.00746	0.00543	0.00694	0.00813	0.00867	0.00498	0.00547	0.00841	0.01159	0.01528	0.03506	0.71197	0.11264	0.01803	0.00751	0.00238	0.00346	0.01614	0.00551	0.00494
14	0.01204	0.01232	0.02403	0.19222	0.13977	0.01240	0.33739	0.01580	0.01272	0.01717	0.01492	0.15307	0.01390	0.00751	0.00656	0.00199	0.00776	0.00794	0.00329	0.00719
15	0.01453	0.15326	0.02592	0.02998	0.55228	0.01554	0.09064	0.01785	0.01304	0.01802	0.01052	0.01363	0.00886	0.00512	0.00551	0.00167	0.00708	0.00499	0.00282	0.00876
16	0.01028	0.00660	0.00724	0.00668	0.00909	0.00555	0.00515	0.01189	0.01386	0.14828	0.05253	0.04955	0.62532	0.01339	0.00669	0.00193	0.00330	0.01113	0.00572	0.00579
17	0.01411	0.01504	0.06268	0.03225	0.56019	0.01400	0.17898	0.01805	0.01330	0.01889	0.01110	0.01458	0.00903	0.00514	0.00599	0.00178	0.00764	0.00551	0.00287	0.00888
18	0.01215	0.02720	0.63395	0.01996	0.15535	0.01356	0.02084	0.01832	0.01245	0.01852	0.01052	0.01265	0.00769	0.00546	0.00557	0.00182	0.00830	0.00445	0.00253	0.00870
19	0.01982	0.01522	0.01707	0.04595	0.06416	0.01693	0.01135	0.53998	0.15376	0.03248	0.01535	0.01542	0.01115	0.00698	0.00583	0.00179	0.00617	0.00547	0.00552	0.00959
20	0.00709	0.00506	0.00675	0.00810	0.00843	0.00472	0.00540	0.00810	0.01113	0.01484	0.03205	0.79184	0.03846	0.01822	0.00742	0.00236	0.00337	0.01653	0.00540	0.00472
21	0.00725	0.00518	0.00693	0.00828	0.00869	0.00486	0.00568	0.00837	0.01129	0.01502	0.03196	0.74100	0.03811	0.01807	0.00747	0.00238	0.00351	0.06578	0.00540	0.00477
22	0.00835	0.00658	0.01006	0.01010	0.01120	0.00626	0.08128	0.03071	0.01201	0.01603	0.02936	0.64447	0.03427	0.01639	0.00736	0.00232	0.00425	0.05863	0.00515	0.00523
23	0.01175	0.02958	0.74278	0.01716	0.04765	0.01351	0.02137	0.01840	0.01231	0.01843	0.01045	0.01234	0.00742	0.00551	0.00553	0.00184	0.00854	0.00432	0.00247	0.00861
24	0.01535	0.76034	0.06755	0.01028	0.01544	0.02253	0.01053	0.01746	0.01184	0.01392	0.00820	0.00948	0.00746	0.00500	0.00382	0.00127	0.00634	0.00317	0.00249	0.00752
25	0.02211	0.01629	0.01745	0.01338	0.01803	0.01803	0.01105	0.73997	0.02734	0.03665	0.01396	0.01396	0.00989	0.00698	0.00582	0.00175	0.00640	0.00524	0.00582	0.00989

[dist]
# distance from previous block
# <min> <max>
0	2

[block]
# block no. 2 follows, 40 sequences, length 49
# corresponding to MSA columns:
# 739-787
name=unknown_C
#
# <colnr> <probs for GDERKNQSTAVLIFYWHMCP>
#	G	D	E	R	K	N	Q	S	T	A	V	L	I	F	Y	W	H	M	C	P
0	0.01215	0.10875	0.66673	0.01649	0.04697	0.01449	0.02018	0.01830	0.01226	0.01795	0.01021	0.01204	0.00743	0.00546	0.00535	0.00178	0.00830	0.00420	0.00247	0.00850
1	0.01236	0.15026	0.62706	0.01613	0.04642	0.01501	0.01956	0.01824	0.01224	0.01769	0.01008	0.01188	0.00744	0.00543	0.00525	0.00174	0.00817	0.00414	0.00247	0.00844
2	0.01166	0.03008	0.76550	0.01657	0.02517	0.01351	0.02149	0.01842	0.01228	0.01842	0.01044	0.01228	0.00737	0.00552	0.00552	0.00184	0.00859	0.00430	0.00246	0.00859
3	0.83671	0.01125	0.00855	0.00765	0.01125	0.01305	0.00630	0.01709	0.00990	0.02609	0.00810	0.00945	0.00630	0.00540	0.00360	0.00180	0.00450	0.00315	0.00360	0.00630
4	0.01555	0.79913	0.03047	0.00995	0.01493	0.02301	0.00995	0.01741	0.01182	0.01368	0.00808	0.00933	0.00746	0.00498	0.00373	0.00124	0.00622	0.00311	0.00249	0.00746
5	0.00709	0.00506	0.00675	0.00810	0.00843	0.00472	0.00540	0.00810	0.01113	0.01484	0.03205	0.79184	0.03846	0.01822	0.00742	0.00236	0.00337	0.01653	0.00540	0.00472
6	0.01084	0.00542	0.00542	0.00542	0.00678	0.00542	0.00407	0.01355	0.01220	0.02168	0.01897	0.02168	0.01491	0.00678	0.00407	0.00136	0.00271	0.00542	0.82791	0.00542
7	0.01098	0.01034	0.01744	0.78165	0.04005	0.01292	0.01615	0.01486	0.01163	0.01486	0.01034	0.01550	0.00775	0.00581	0.00581	0.00194	0.00775	0.00517	0.00258	0.00646
8	0.00687	0.00589	0.00589	0.00589	0.00785	0.00491	0.00442	0.00835	0.01325	0.01571	0.05891	0.05596	0.75700	0.01473	0.00687	0.00196	0.00295	0.01227	0.00540	0.00491
9	0.01084	0.00542	0.00542	0.00542	0.00678	0.00542	0.00407	0.01355	0.01220	0.02168	0.01897	0.02168	0.01491	0.00678	0.00407	0.00136	0.00271	0.00542	0.82791	0.00542
10	0.01373	0.01569	0.03431	0.02451	0.03039	0.01471	0.73824	0.01863	0.01373	0.01863	0.01176	0.01569	0.00882	0.00490	0.00686	0.00196	0.00980	0.00686	0.00294	0.00784
11	0.00974	0.00712	0.00965	0.01079	0.01227	0.00726	0.00936	0.01342	0.06694	0.01791	0.03027	0.06240	0.03232	0.01547	0.00788	0.00263	0.00530	0.66825	0.00540	0.00564
12	0.27298	0.01082	0.01245	0.04286	0.01507	0.01083	0.00838	0.07861	0.01518	0.45039	0.01718	0.01600	0.01129	0.00657	0.00516	0.00180	0.00504	0.00495	0.00579	0.00865
13	0.02114	0.01352	0.13812	0.06505	0.01834	0.01026	0.01146	0.07887	0.01615	0.47860	0.01989	0.02114	0.01382	0.00745	0.00595	0.00188	0.00589	0.05752	0.00585	0.00911
14	0.02123	0.05019	0.12868	0.01201	0.01703	0.01108	0.03767	0.02635	0.12446	0.47857	0.02006	0.01830	0.01330	0.00686	0.00575	0.00181	0.00569	0.00563	0.00591	0.00941
15	0.02111	0.01560	0.01677	0.01305	0.01743	0.01729	0.01070	0.66123	0.07915	0.03477	0.01453	0.01466	0.01047	0.00754	0.00645	0.03244	0.00622	0.00533	0.00570	0.00957
16	0.02010	0.01453	0.01595	0.01218	0.01686	0.01522	0.00999	0.51962	0.05373	0.08301	0.01428	0.01432	0.01028	0.00651	0.00553	0.00159	0.00582	0.00498	0.00545	0.17005
17	0.05908	0.04844	0.01726	0.01285	0.01737	0.01774	0.01065	0.62250	0.08057	0.03427	0.01418	0.01414	0.01022	0.00689	0.00563	0.00174	0.00617	0.00515	0.00558	0.00957
18	0.02147	0.05953	0.01706	0.01477	0.01785	0.74138	0.01118	0.02298	0.01629	0.01421	0.00895	0.01044	0.00749	0.00595	0.00518	0.00149	0.01031	0.00372	0.00298	0.00677
19	0.00943	0.00785	0.00901	0.00856	0.01070	0.03782	0.00616	0.01101	0.01168	0.01625	0.02352	0.48734	0.02676	0.01286	0.00625	0.00180	0.00400	0.01144	0.00462	0.29296
20	0.00718	0.00510	0.00672	0.00797	0.00828	0.00479	0.00526	0.00812	0.01094	0.01458	0.03105	0.73695	0.03720	0.07483	0.00904	0.00260	0.00354	0.01594	0.00526	0.00464
21	0.00687	0.00589	0.00589	0.00589	0.00785	0.00491	0.00442	0.00835	0.01325	0.01571	0.05891	0.05596	0.75700	0.01473	0.00687	0.00196	0.00295	0.01227	0.00540	0.00491
22	0.01207	0.02724	0.62102	0.01814	0.02620	0.01374	0.16312	0.01846	0.01256	0.01846	0.01070	0.01295	0.00765	0.00540	0.00579	0.00187	0.00883	0.00480	0.00255	0.00845
23	0.01206	0.01034	0.01206	0.00861	0.01378	0.00775	0.00689	0.01464	0.01206	0.01895	0.01034	0.01206	0.00861	0.00431	0.00431	0.00086	0.00431	0.00345	0.00345	0.83118
24	0.01084	0.00542	0.00542	0.00542	0.00678	0.00542	0.00407	0.01355	0.01220	0.02168	0.01897	0.02168	0.01491	0.00678	0.00407	0.00136	0.00271	0.00542	0.82791	0.00542
25	0.01373	0.01320	0.02217	0.14538	0.58534	0.01404	0.01714	0.01706	0.01261	0.01793	0.01055	0.01441	0.00885	0.00572	0.00696	0.00183	0.07656	0.00517	0.00280	0.00855
26	0.01084	0.00542	0.00542	0.00542	0.00678	0.00542	0.00407	0.01355	0.01220	0.02168	0.01897	0.02168	0.01491	0.00678	0.00407	0.00136	0.00271	0.00542	0.82791	0.00542
27	0.01502	0.01277	0.01346	0.01195	0.01533	0.01472	0.00934	0.08253	0.69631	0.02522	0.02296	0.02113	0.01718	0.00782	0.00591	0.00196	0.00473	0.00648	0.00591	0.00925
28	0.83671	0.01125	0.00855	0.00765	0.01125	0.01305	0.00630	0.01709	0.00990	0.02609	0.00810	0.00945	0.00630	0.00540	0.00360	0.00180	0.00450	0.00315	0.00360	0.00630
29	0.02211	0.01629	0.01745	0.01338	0.01803	0.01803	0.01105	0.73997	0.02734	0.03665	0.01396	0.01396	0.00989	0.00698	0.00582	0.00175	0.00640	0.00524	0.00582	0.00989
30	0.00709	0.00506	0.00675	0.00810	0.00843	0.00472	0.00540	0.00810	0.01113	0.01484	0.03205	0.79184	0.03846	0.01822	0.00742	0.00236	0.00337	0.01653	0.00540	0.00472
31	0.01329	0.01489	0.03203	0.02376	0.05406	0.01398	0.66260	0.01787	0.01353	0.01838	0.01314	0.06939	0.01089	0.00583	0.00686	0.00198	0.00926	0.00747	0.00311	0.00767
32	0.00863	0.00663	0.00966	0.00949	0.01036	0.00785	0.00731	0.01046	0.00924	0.01334	0.01527	0.02350	0.01465	0.10849	0.65402	0.00854	0.06797	0.00635	0.00311	0.00512
33	0.00823	0.00594	0.00777	0.00732	0.00869	0.00549	0.00549	0.01097	0.01646	0.02332	0.75629	0.04344	0.05487	0.01189	0.00686	0.00183	0.00274	0.01052	0.00640	0.00549
34	0.01272	0.01272	0.01781	0.01527	0.01527	0.01781	0.01272	0.01399	0.00891	0.01399	0.00763	0.01272	0.00763	0.01018	0.01908	0.00254	0.78499	0.00509	0.00254	0.00636
35	0.01373	0.01569	0.03431	0.02451	0.03039	0.01471	0.73824	0.01863	0.01373	0.01863	0.01176	0.01569	0.00882	0.00490	0.00686	0.00196	0.00980	0.00686	0.00294	0.00784
36	0.01279	0.25411	0.55138	0.01464	0.02218	0.01627	0.01813	0.01812	0.01214	0.01704	0.00975	0.01142	0.00739	0.00536	0.00500	0.00167	0.00790	0.00395	0.00246	0.00826
37	0.01084	0.00542	0.00542	0.00542	0.00678	0.00542	0.00407	0.01355	0.01220	0.02168	0.01897	0.02168	0.01491	0.00678	0.00407	0.00136	0.00271	0.00542	0.82791	0.00542
38	0.00878	0.00651	0.00855	0.00958	0.01106	0.00627	0.00821	0.01118	0.01336	0.01701	0.03739	0.06334	0.20321	0.01575	0.00776	0.00251	0.00479	0.55413	0.00537	0.00525
39	0.01435	0.01395	0.02435	0.03492	0.70887	0.01388	0.06773	0.01790	0.01327	0.01897	0.01100	0.01448	0.00918	0.00516	0.00583	0.00174	0.00711	0.00530	0.00288	0.00912
40	0.01388	0.01329	0.02267	0.14846	0.65062	0.01368	0.01759	0.01740	0.01300	0.01837	0.01085	0.01456	0.00899	0.00528	0.00577	0.00176	0.00704	0.00518	0.00283	0.00880
41	0.01010	0.00505	0.00758	0.00758	0.00758	0.00505	0.00505	0.00758	0.00758	0.01010	0.01010	0.01768	0.01010	0.02020	0.02273	0.83081	0.00505	0.00505	0.00253	0.00253
42	0.00709	0.00506	0.00675	0.00810	0.00843	0.00472	0.00540	0.00810	0.01113	0.01484	0.03205	0.79184	0.03846	0.01822	0.00742	0.00236	0.00337	0.01653	0.00540	0.00472
43	0.01243	0.01351	0.02787	0.17062	0.02978	0.01325	0.51498	0.01673	0.01318	0.01753	0.01571	0.04885	0.06425	0.00632	0.00668	0.00197	0.00865	0.00730	0.00315	0.00724
44	0.02469	0.01215	0.01489	0.01141	0.01597	0.01189	0.00943	0.27893	0.02041	0.50748	0.01978	0.01774	0.01281	0.00712	0.00584	0.00178	0.00546	0.00563	0.00671	0.00989
45	0.01439	0.01382	0.02360	0.03569	0.75936	0.01382	0.01785	0.01785	0.01324	0.01900	0.01094	0.01439	0.00921	0.00518	0.00576	0.00173	0.00691	0.00518	0.00288	0.00921
46	0.00687	0.00589	0.00589	0.00589	0.00785	0.00491	0.00442	0.00835	0.01325	0.01571	0.05891	0.05596	0.75700	0.01473	0.00687	0.00196	0.00295	0.01227	0.00540	0.00491
47	0.10954	0.08066	0.01676	0.01362	0.01703	0.54023	0.01058	0.11270	0.01680	0.01831	0.00945	0.01073	0.00766	0.00598	0.00503	0.00154	0.00901	0.00382	0.00338	0.00714
48	0.02211	0.01629	0.01745	0.01338	0.01803	0.01803	0.01105	0.73997	0.02734	0.03665	0.01396	0.01396	0.00989	0.00698	0.00582	0.00175	0.00640	0.00524	0.00582	0.00989

[dist]
# distance from previous block
# <min> <max>
0	123

# created by:
# /software/SequenceAnalysis/GenePrediction/augustus/3.0.1/scripts/msa2prfl.pl ./fixed/BUSCOvEOG7Z0CKX.fas
