[name]
unknown

[dist]
# distance from previous block
# <min> <max>
40	274

[block]
# block no. 0 follows, 39 sequences, length 32
# corresponding to MSA columns:
# 304-335
name=unknown_A
#
# <colnr> <probs for GDERKNQSTAVLIFYWHMCP>
#	G	D	E	R	K	N	Q	S	T	A	V	L	I	F	Y	W	H	M	C	P
0	0.12742	0.01277	0.01420	0.01133	0.01602	0.01093	0.02543	0.03413	0.04779	0.02333	0.01539	0.06604	0.01372	0.00777	0.00601	0.00180	0.00561	0.00562	0.00484	0.54984
1	0.01520	0.01375	0.01824	0.01619	0.01674	0.01731	0.01303	0.01584	0.01191	0.01794	0.05477	0.02367	0.01582	0.01426	0.05207	0.00339	0.60415	0.06373	0.00414	0.00786
2	0.01087	0.00874	0.00952	0.00919	0.01115	0.00791	0.00676	0.01165	0.01509	0.01938	0.12917	0.05241	0.54278	0.01835	0.07028	0.00317	0.04860	0.01199	0.00619	0.00681
3	0.05905	0.00899	0.01057	0.00978	0.01183	0.00813	0.00720	0.01502	0.01784	0.08514	0.57669	0.04375	0.09268	0.01323	0.00794	0.00242	0.00423	0.01070	0.00724	0.00757
4	0.73148	0.01391	0.01165	0.01039	0.01426	0.01520	0.00814	0.07720	0.01348	0.02972	0.01188	0.01434	0.00970	0.00766	0.00523	0.00238	0.00579	0.00443	0.00487	0.00828
5	0.00761	0.00653	0.00659	0.00648	0.00858	0.00578	0.00489	0.01034	0.07238	0.01668	0.05702	0.05411	0.69367	0.01442	0.00691	0.00200	0.00313	0.01201	0.00553	0.00534
6	0.01396	0.01595	0.03490	0.02493	0.03091	0.01496	0.73380	0.01894	0.01396	0.01894	0.01196	0.01595	0.00897	0.00499	0.00698	0.00199	0.00997	0.00698	0.00299	0.00798
7	0.05815	0.01596	0.01692	0.01319	0.01774	0.01776	0.01084	0.63474	0.09682	0.03557	0.01489	0.01476	0.01067	0.00712	0.00582	0.00180	0.00624	0.00536	0.00582	0.00983
8	0.01226	0.01051	0.01226	0.00876	0.01401	0.00788	0.00701	0.01489	0.01226	0.01927	0.01051	0.01226	0.00876	0.00438	0.00438	0.00088	0.00438	0.00350	0.00350	0.82832
9	0.04068	0.59327	0.08705	0.01117	0.01638	0.04569	0.01113	0.10368	0.01403	0.01748	0.00916	0.01033	0.00784	0.00539	0.00424	0.00140	0.00663	0.00354	0.00298	0.00792
10	0.01396	0.01595	0.03490	0.02493	0.03091	0.01496	0.73380	0.01894	0.01396	0.01894	0.01196	0.01595	0.00897	0.00499	0.00698	0.00199	0.00997	0.00698	0.00299	0.00798
11	0.01241	0.01309	0.02694	0.06393	0.02591	0.01247	0.50215	0.01675	0.01437	0.01960	0.16109	0.02472	0.01982	0.00716	0.00699	0.00201	0.00813	0.05137	0.00383	0.00726
12	0.02207	0.06810	0.16389	0.01239	0.01786	0.01268	0.01192	0.17285	0.01798	0.41273	0.01790	0.01667	0.01180	0.00679	0.00573	0.00179	0.00616	0.00532	0.00575	0.00963
13	0.01928	0.00822	0.01115	0.00966	0.01265	0.00723	0.00749	0.02110	0.01482	0.48009	0.02681	0.30838	0.02382	0.01153	0.00655	0.00204	0.00443	0.01002	0.00663	0.00809
14	0.00721	0.00515	0.00686	0.00823	0.00858	0.00480	0.00549	0.00823	0.01132	0.01510	0.03259	0.78831	0.03911	0.01853	0.00755	0.00240	0.00343	0.01681	0.00549	0.00480
15	0.02653	0.01006	0.01372	0.01052	0.01510	0.00869	0.00869	0.02882	0.01693	0.75937	0.02333	0.02013	0.01464	0.00732	0.00595	0.00183	0.00503	0.00595	0.00732	0.01006
16	0.01377	0.01235	0.01951	0.33123	0.24833	0.03013	0.03011	0.01698	0.01234	0.06374	0.01122	0.01525	0.00890	0.00656	0.00813	0.00198	0.13717	0.00530	0.01935	0.00763
17	0.01294	0.01294	0.01811	0.01553	0.01553	0.01811	0.01294	0.01423	0.00906	0.01423	0.00776	0.01294	0.00776	0.01035	0.01941	0.00259	0.78134	0.00518	0.00259	0.00647
18	0.02110	0.15154	0.01914	0.01428	0.01778	0.59105	0.01120	0.07655	0.01683	0.01611	0.00938	0.01074	0.00780	0.00600	0.00513	0.00150	0.00965	0.00382	0.00318	0.00722
19	0.01239	0.01050	0.01224	0.00884	0.01393	0.00808	0.00707	0.03502	0.01288	0.01996	0.04074	0.01361	0.01071	0.00477	0.00453	0.00094	0.00437	0.00385	0.00369	0.77188
20	0.02263	0.10323	0.01629	0.01129	0.01558	0.07929	0.00938	0.16806	0.05357	0.38514	0.01832	0.01709	0.01249	0.00692	0.00554	0.00171	0.00582	0.00532	0.05314	0.00920
21	0.01159	0.01085	0.01782	0.68655	0.08027	0.01329	0.01607	0.01632	0.05850	0.01596	0.01141	0.01610	0.00862	0.00601	0.00592	0.00196	0.00763	0.00535	0.00286	0.00691
22	0.01226	0.01051	0.01226	0.00876	0.01401	0.00788	0.00701	0.01489	0.01226	0.01927	0.01051	0.01226	0.00876	0.00438	0.00438	0.00088	0.00438	0.00350	0.00350	0.82832
23	0.00778	0.00594	0.00715	0.00703	0.00852	0.00530	0.00520	0.00995	0.01508	0.02020	0.44274	0.12399	0.29220	0.01373	0.00704	0.00196	0.00293	0.01193	0.00606	0.00530
24	0.00859	0.00577	0.00664	0.00664	0.00671	0.00584	0.00383	0.00872	0.00866	0.01161	0.01846	0.03772	0.02107	0.74463	0.07705	0.00597	0.00638	0.00846	0.00356	0.00369
25	0.00837	0.00604	0.00790	0.00744	0.00883	0.00558	0.00558	0.01116	0.01674	0.02371	0.75216	0.04417	0.05580	0.01209	0.00697	0.00186	0.00279	0.01069	0.00651	0.00558
26	0.01186	0.03059	0.76153	0.01686	0.02560	0.01373	0.02185	0.01873	0.01249	0.01873	0.01061	0.01249	0.00749	0.00562	0.00562	0.00187	0.00874	0.00437	0.00250	0.00874
27	0.80593	0.01161	0.00900	0.00798	0.01167	0.01344	0.00657	0.04218	0.01068	0.02690	0.00844	0.00977	0.00653	0.00555	0.00374	0.00183	0.00464	0.00328	0.00374	0.00653
28	0.01226	0.01051	0.01226	0.00876	0.01401	0.00788	0.00701	0.01489	0.01226	0.01927	0.01051	0.01226	0.00876	0.00438	0.00438	0.00088	0.00438	0.00350	0.00350	0.82832
29	0.00859	0.00577	0.00663	0.00663	0.00669	0.00583	0.00380	0.00871	0.00865	0.01160	0.01847	0.03781	0.02111	0.74910	0.07264	0.00595	0.00632	0.00847	0.00356	0.00368
30	0.01752	0.01365	0.01533	0.04251	0.01734	0.01352	0.00958	0.38854	0.02030	0.02843	0.01242	0.01341	0.00940	0.00585	0.00524	0.00139	0.00563	0.00452	0.00472	0.37071
31	0.00721	0.00515	0.00686	0.00823	0.00858	0.00480	0.00549	0.00823	0.01132	0.01510	0.03259	0.78831	0.03911	0.01853	0.00755	0.00240	0.00343	0.01681	0.00549	0.00480

[dist]
# distance from previous block
# <min> <max>
0	1

[block]
# block no. 1 follows, 39 sequences, length 17
# corresponding to MSA columns:
# 337-353
name=unknown_B
#
# <colnr> <probs for GDERKNQSTAVLIFYWHMCP>
#	G	D	E	R	K	N	Q	S	T	A	V	L	I	F	Y	W	H	M	C	P
0	0.00735	0.00525	0.00703	0.00840	0.00880	0.00493	0.00574	0.00848	0.01146	0.01526	0.03252	0.74387	0.03880	0.01839	0.00759	0.00242	0.00356	0.05984	0.00549	0.00484
1	0.01166	0.01114	0.01923	0.66434	0.11421	0.01332	0.05170	0.01561	0.01210	0.01573	0.01065	0.01566	0.00809	0.00580	0.00596	0.00195	0.00790	0.00534	0.00268	0.00693
2	0.01746	0.31007	0.02538	0.01844	0.16670	0.22280	0.08392	0.05868	0.01465	0.01693	0.00975	0.01174	0.00823	0.00549	0.00506	0.00153	0.00802	0.00426	0.00298	0.00792
3	0.01428	0.01343	0.02136	0.02844	0.49941	0.01381	0.05993	0.02089	0.18248	0.02078	0.05388	0.01802	0.01384	0.00625	0.00602	0.00183	0.00644	0.00599	0.00384	0.00908
4	0.01102	0.00551	0.00551	0.00551	0.00689	0.00551	0.00413	0.01378	0.01240	0.02205	0.01929	0.02205	0.01516	0.00689	0.00413	0.00138	0.00276	0.00551	0.82500	0.00551
5	0.00830	0.00599	0.00784	0.00749	0.00882	0.00553	0.00557	0.01098	0.01640	0.02318	0.70743	0.09043	0.05476	0.01249	0.00701	0.00189	0.00283	0.01108	0.00645	0.00553
6	0.00900	0.00715	0.01056	0.01025	0.01117	0.00871	0.00808	0.01101	0.00945	0.01379	0.01485	0.02196	0.01392	0.04017	0.67646	0.00865	0.11010	0.00619	0.00310	0.00543
7	0.00845	0.00634	0.00950	0.00950	0.01056	0.00739	0.00739	0.01056	0.00950	0.01373	0.01584	0.02323	0.01478	0.04435	0.76873	0.00950	0.01584	0.00634	0.00317	0.00528
8	0.01120	0.01038	0.01478	0.01319	0.01360	0.01396	0.01079	0.01281	0.00923	0.01404	0.01089	0.01693	0.01048	0.02352	0.30972	0.00527	0.48477	0.00563	0.00281	0.00601
9	0.00738	0.00595	0.00658	0.00655	0.00826	0.00514	0.00486	0.00921	0.01423	0.01805	0.24864	0.10427	0.51128	0.01443	0.00702	0.00199	0.00297	0.01229	0.00577	0.00514
10	0.00721	0.00515	0.00686	0.00823	0.00858	0.00480	0.00549	0.00823	0.01132	0.01510	0.03259	0.78831	0.03911	0.01853	0.00755	0.00240	0.00343	0.01681	0.00549	0.00480
11	0.01117	0.01051	0.01774	0.77795	0.04073	0.01314	0.01642	0.01511	0.01182	0.01511	0.01051	0.01577	0.00788	0.00591	0.00591	0.00197	0.00788	0.00526	0.00263	0.00657
12	0.02653	0.01006	0.01372	0.01052	0.01510	0.00869	0.00869	0.02882	0.01693	0.75937	0.02333	0.02013	0.01464	0.00732	0.00595	0.00183	0.00503	0.00595	0.00732	0.01006
13	0.01556	0.74627	0.07821	0.01055	0.01585	0.02278	0.01088	0.01777	0.01205	0.01422	0.00838	0.00968	0.00758	0.00510	0.00391	0.00130	0.00648	0.00324	0.00253	0.00766
14	0.00884	0.00688	0.00861	0.00840	0.01033	0.00580	0.00598	0.01038	0.01163	0.01644	0.02547	0.53780	0.02932	0.01396	0.00653	0.00191	0.00374	0.01252	0.00485	0.27063
15	0.00884	0.03514	0.00890	0.00865	0.01001	0.00702	0.00620	0.01220	0.10994	0.01700	0.06073	0.53188	0.08374	0.01532	0.00696	0.00217	0.00370	0.01365	0.00538	0.05257
16	0.01339	0.01048	0.01238	0.00890	0.01410	0.00795	0.00714	0.01599	0.01263	0.07758	0.01152	0.01288	0.00922	0.00461	0.00450	0.00095	0.00443	0.00370	0.00380	0.76385

[dist]
# distance from previous block
# <min> <max>
4	25

[block]
# block no. 2 follows, 39 sequences, length 10
# corresponding to MSA columns:
# 380-389
name=unknown_C
#
# <colnr> <probs for GDERKNQSTAVLIFYWHMCP>
#	G	D	E	R	K	N	Q	S	T	A	V	L	I	F	Y	W	H	M	C	P
0	0.00793	0.00587	0.00761	0.00818	0.00922	0.00525	0.00567	0.00938	0.01217	0.01675	0.12902	0.59921	0.03801	0.01606	0.00711	0.00216	0.00345	0.01448	0.00541	0.09705
1	0.01539	0.54075	0.12837	0.01159	0.01680	0.02069	0.01179	0.05515	0.09475	0.01696	0.01061	0.01164	0.00887	0.00573	0.00486	0.00150	0.02953	0.00389	0.00309	0.00804
2	0.00727	0.00523	0.00679	0.00801	0.00843	0.00487	0.00533	0.00827	0.01130	0.01495	0.03338	0.70568	0.07862	0.06080	0.00875	0.00256	0.00353	0.01612	0.00539	0.00475
3	0.01500	0.45361	0.28410	0.01353	0.04838	0.01883	0.01444	0.01871	0.01252	0.05800	0.01003	0.01134	0.00803	0.00539	0.00463	0.00153	0.00712	0.00382	0.00281	0.00820
4	0.00952	0.00822	0.00900	0.00943	0.01041	0.09132	0.00688	0.01111	0.01123	0.01473	0.02263	0.35995	0.02475	0.02724	0.31803	0.00517	0.00928	0.01065	0.03517	0.00525
5	0.21205	0.17126	0.09630	0.01135	0.01581	0.11890	0.01036	0.13104	0.01551	0.08567	0.06940	0.01437	0.01209	0.00643	0.00493	0.00167	0.00640	0.00456	0.00412	0.00777
6	0.01078	0.00990	0.01639	0.67206	0.03635	0.01210	0.01493	0.01457	0.01250	0.01629	0.11244	0.01967	0.01447	0.00676	0.00606	0.00196	0.00718	0.00600	0.00316	0.00643
7	0.09318	0.31893	0.02148	0.01125	0.01587	0.01866	0.00996	0.27805	0.01747	0.02418	0.01063	0.01167	0.00851	0.00599	0.00529	0.00152	0.03917	0.00408	0.00398	0.10016
8	0.25593	0.00967	0.01057	0.00970	0.01266	0.00999	0.00794	0.09217	0.01419	0.13954	0.02055	0.13924	0.01972	0.01044	0.00596	0.00208	0.00489	0.17973	0.00517	0.04986
9	0.28458	0.00723	0.00803	0.00773	0.00895	0.00784	0.00556	0.01093	0.00849	0.01569	0.00959	0.01519	0.00898	0.01553	0.01663	0.55282	0.00495	0.00449	0.00293	0.00385

[dist]
# distance from previous block
# <min> <max>
9	105

# created by:
# /software/SequenceAnalysis/GenePrediction/augustus/3.0.1/scripts/msa2prfl.pl ./fixed/BUSCOvEOG7D80M0.fas
