[name]
unknown

[dist]
# distance from previous block
# <min> <max>
57	390

[block]
# block no. 0 follows, 39 sequences, length 7
# corresponding to MSA columns:
# 538-544
name=unknown_A
#
# <colnr> <probs for GDERKNQSTAVLIFYWHMCP>
#	G	D	E	R	K	N	Q	S	T	A	V	L	I	F	Y	W	H	M	C	P
0	0.12984	0.01021	0.01354	0.17083	0.01962	0.01028	0.00985	0.02348	0.04269	0.43413	0.06147	0.01929	0.01467	0.00709	0.00570	0.00187	0.00542	0.00574	0.00575	0.00855
1	0.01768	0.01001	0.01260	0.01089	0.01373	0.01043	0.00860	0.04610	0.17092	0.31552	0.02451	0.18163	0.04239	0.01039	0.00784	0.00208	0.09194	0.00848	0.00602	0.00825
2	0.00880	0.00605	0.00744	0.00765	0.00840	0.00591	0.00546	0.01022	0.01195	0.01629	0.19223	0.04641	0.05796	0.37657	0.01792	0.00385	0.00478	0.17158	0.03594	0.00460
3	0.00716	0.00532	0.00668	0.00776	0.00845	0.00484	0.00528	0.00829	0.01177	0.01528	0.03832	0.63506	0.18866	0.01778	0.00743	0.00232	0.00334	0.01590	0.00549	0.00484
4	0.01448	0.01345	0.02428	0.01878	0.04676	0.01324	0.38386	0.16644	0.01588	0.02136	0.01582	0.08818	0.03864	0.00879	0.00859	0.09490	0.00775	0.00747	0.00387	0.00745
5	0.02134	0.01081	0.01477	0.17140	0.02064	0.01042	0.01036	0.08930	0.01633	0.45384	0.01836	0.01778	0.01214	0.00667	0.00576	0.00175	0.00569	0.00547	0.00578	0.10139
6	0.00913	0.00576	0.00775	0.00834	0.00879	0.00566	0.00567	0.04744	0.01092	0.01457	0.02359	0.46989	0.02719	0.01863	0.01305	0.29867	0.00421	0.01200	0.00446	0.00429

[dist]
# distance from previous block
# <min> <max>
0	2

[block]
# block no. 1 follows, 39 sequences, length 23
# corresponding to MSA columns:
# 547-569
name=unknown_B
#
# <colnr> <probs for GDERKNQSTAVLIFYWHMCP>
#	G	D	E	R	K	N	Q	S	T	A	V	L	I	F	Y	W	H	M	C	P
0	0.26617	0.03740	0.30448	0.06611	0.03485	0.02995	0.10556	0.01787	0.01211	0.02089	0.03295	0.01317	0.00893	0.00569	0.00518	0.00184	0.00725	0.00456	0.00309	0.02196
1	0.03633	0.00794	0.01036	0.10713	0.01421	0.00813	0.00768	0.06632	0.03650	0.06161	0.52266	0.03543	0.04163	0.01037	0.00658	0.00187	0.00394	0.00902	0.00591	0.00639
2	0.12622	0.01309	0.01444	0.01149	0.01571	0.01389	0.00939	0.32384	0.10653	0.23868	0.05363	0.01770	0.01409	0.00731	0.00570	0.00183	0.00544	0.00565	0.00607	0.00929
3	0.00918	0.00982	0.10530	0.03385	0.01346	0.00749	0.00958	0.01249	0.03604	0.01760	0.06343	0.08987	0.22709	0.01396	0.00730	0.00232	0.00505	0.32524	0.00505	0.00587
4	0.00886	0.00687	0.00818	0.00781	0.00955	0.00662	0.00591	0.01309	0.10923	0.02170	0.46514	0.07172	0.20321	0.01253	0.00690	0.00195	0.00316	0.02551	0.00616	0.00591
5	0.11726	0.00879	0.00986	0.00892	0.01134	0.00924	0.00691	0.01857	0.21289	0.07111	0.41325	0.03222	0.03662	0.00984	0.00622	0.00189	0.00367	0.00835	0.00606	0.00699
6	0.04107	0.71424	0.02979	0.01196	0.06921	0.02240	0.01059	0.01773	0.01206	0.01470	0.00843	0.00987	0.00768	0.00509	0.00394	0.00132	0.00632	0.00332	0.00259	0.00768
7	0.01259	0.01709	0.17552	0.15540	0.05747	0.01363	0.38467	0.01742	0.01308	0.01796	0.01288	0.07060	0.01066	0.00626	0.00652	0.00199	0.00877	0.00679	0.00300	0.00771
8	0.01087	0.01012	0.01625	0.62645	0.05759	0.01218	0.01467	0.01498	0.04031	0.01572	0.01740	0.02126	0.10399	0.00714	0.00605	0.00197	0.00711	0.00624	0.00314	0.00656
9	0.02575	0.06755	0.01499	0.01049	0.01510	0.00977	0.00880	0.02801	0.01657	0.70483	0.02223	0.01935	0.01412	0.00715	0.00579	0.00179	0.00513	0.00574	0.00697	0.00988
10	0.00970	0.00671	0.00856	0.00867	0.01008	0.00620	0.00619	0.03855	0.02889	0.04378	0.05378	0.49573	0.03062	0.01550	0.00839	0.07666	0.00394	0.03204	0.00510	0.11090
11	0.04905	0.13450	0.09879	0.11182	0.02132	0.15705	0.03989	0.22845	0.04017	0.02258	0.01288	0.01428	0.03123	0.00642	0.00545	0.00171	0.00757	0.00485	0.00388	0.00811
12	0.00780	0.00553	0.00727	0.00833	0.00885	0.00527	0.00583	0.00907	0.01170	0.01563	0.08327	0.53423	0.03734	0.11709	0.01049	0.00284	0.00397	0.11539	0.00531	0.00480
13	0.11959	0.01486	0.01440	0.01282	0.01411	0.19150	0.01011	0.01583	0.01098	0.01549	0.01019	0.01600	0.00984	0.10533	0.08440	0.00325	0.33706	0.00512	0.00301	0.00610
14	0.06359	0.01502	0.08957	0.16779	0.23999	0.01391	0.23661	0.01816	0.04041	0.01896	0.01208	0.01645	0.00961	0.00575	0.00612	0.00192	0.00796	0.02494	0.00308	0.00807
15	0.12075	0.01395	0.07084	0.05865	0.42719	0.01309	0.02681	0.01899	0.01321	0.11242	0.01285	0.01640	0.01028	0.00613	0.00605	0.00185	0.02804	0.03023	0.00361	0.00867
16	0.00733	0.00562	0.00694	0.00760	0.00864	0.00523	0.00540	0.00872	0.01202	0.01553	0.06528	0.41396	0.28028	0.02040	0.10508	0.00316	0.00485	0.01377	0.00523	0.00496
17	0.00851	0.00595	0.00737	0.00733	0.00871	0.00552	0.00555	0.01096	0.01503	0.02122	0.44406	0.10664	0.14558	0.01270	0.00675	0.00193	0.00308	0.06639	0.11130	0.00541
18	0.01357	0.16518	0.49457	0.01716	0.06769	0.04944	0.06379	0.01891	0.01282	0.02982	0.01044	0.01234	0.00784	0.00551	0.00538	0.00175	0.00831	0.00437	0.00266	0.00846
19	0.05070	0.37292	0.37586	0.01368	0.02045	0.01809	0.03906	0.01822	0.01221	0.01692	0.00948	0.01112	0.00753	0.00534	0.00476	0.00160	0.00751	0.00386	0.00258	0.00809
20	0.12920	0.01049	0.01309	0.01026	0.01460	0.00979	0.00844	0.06354	0.02964	0.59063	0.04466	0.01929	0.01474	0.00724	0.00569	0.00183	0.00497	0.00573	0.00673	0.00944
21	0.00870	0.00652	0.00807	0.00760	0.00916	0.00619	0.00569	0.01230	0.06942	0.02264	0.60706	0.04367	0.12211	0.03569	0.00761	0.00200	0.00304	0.01052	0.00628	0.00574
22	0.01417	0.02291	0.44216	0.12741	0.04162	0.03412	0.06330	0.01943	0.01304	0.11302	0.01216	0.01418	0.00861	0.00606	0.00641	0.00191	0.04300	0.00490	0.00319	0.00841

[dist]
# distance from previous block
# <min> <max>
0	59

[block]
# block no. 2 follows, 39 sequences, length 9
# corresponding to MSA columns:
# 644-652
name=unknown_C
#
# <colnr> <probs for GDERKNQSTAVLIFYWHMCP>
#	G	D	E	R	K	N	Q	S	T	A	V	L	I	F	Y	W	H	M	C	P
0	0.01093	0.01023	0.01741	0.67423	0.03728	0.01250	0.04171	0.01467	0.01177	0.01519	0.01200	0.05777	0.00992	0.00829	0.04041	0.00233	0.00808	0.00599	0.00282	0.00647
1	0.01271	0.00899	0.01001	0.00878	0.01026	0.00959	0.00611	0.22472	0.01437	0.01929	0.01713	0.03038	0.01765	0.50854	0.07267	0.00481	0.00664	0.00747	0.00425	0.00562
2	0.01517	0.46302	0.29292	0.01258	0.01893	0.01885	0.01424	0.01888	0.01254	0.06978	0.01018	0.01134	0.00807	0.00542	0.00461	0.00152	0.00710	0.00380	0.00287	0.00818
3	0.01353	0.01306	0.01776	0.01508	0.01645	0.01690	0.05740	0.01964	0.22790	0.01765	0.01287	0.01584	0.01090	0.00932	0.01464	0.00238	0.50187	0.00574	0.00363	0.00742
4	0.00943	0.00739	0.00880	0.00936	0.01060	0.00775	0.00664	0.01512	0.22919	0.01796	0.03006	0.56065	0.03286	0.01541	0.00709	0.00228	0.00380	0.01380	0.00565	0.00616
5	0.01008	0.00795	0.00933	0.00877	0.01071	0.00820	0.00663	0.01680	0.23240	0.02291	0.43999	0.09245	0.08727	0.01153	0.00673	0.00195	0.00341	0.01006	0.00623	0.00661
6	0.02017	0.00874	0.01215	0.01005	0.01341	0.00814	0.00814	0.02244	0.01471	0.49790	0.06067	0.02236	0.01692	0.01858	0.23264	0.00411	0.00812	0.00632	0.00604	0.00840
7	0.00933	0.00797	0.00862	0.00744	0.01051	0.00679	0.00574	0.01265	0.08220	0.01806	0.06720	0.03989	0.43695	0.01107	0.00612	0.00166	0.00356	0.00920	0.00499	0.25005
8	0.01303	0.25792	0.54447	0.01485	0.02250	0.01661	0.01836	0.01843	0.01235	0.01730	0.00990	0.01159	0.00752	0.00545	0.00508	0.00169	0.00802	0.00401	0.00251	0.00840

[dist]
# distance from previous block
# <min> <max>
6	27

[block]
# block no. 3 follows, 39 sequences, length 13
# corresponding to MSA columns:
# 680-692
name=unknown_D
#
# <colnr> <probs for GDERKNQSTAVLIFYWHMCP>
#	G	D	E	R	K	N	Q	S	T	A	V	L	I	F	Y	W	H	M	C	P
0	0.08945	0.00784	0.00967	0.00923	0.01106	0.00852	0.00710	0.01363	0.08097	0.01739	0.01802	0.14394	0.01739	0.02516	0.34334	0.00523	0.03488	0.00737	0.05893	0.09087
1	0.00874	0.00673	0.00982	0.00957	0.01061	0.00781	0.00747	0.01090	0.01064	0.01538	0.13434	0.02593	0.02095	0.03687	0.59555	0.00781	0.06483	0.00696	0.00367	0.00541
2	0.02065	0.02460	0.01707	0.01513	0.01784	0.57503	0.01165	0.09053	0.01658	0.01663	0.00940	0.01137	0.00788	0.00688	0.00766	0.00172	0.13486	0.00418	0.00325	0.00710
3	0.02041	0.01148	0.01377	0.01145	0.01530	0.01172	0.00936	0.16339	0.19638	0.33526	0.04167	0.02550	0.01792	0.00862	0.00624	0.00197	0.00522	0.08861	0.00649	0.00924
4	0.09625	0.01061	0.01680	0.69831	0.03770	0.01315	0.01539	0.01534	0.01164	0.01629	0.01028	0.01513	0.00773	0.00587	0.00568	0.00196	0.00754	0.00504	0.00273	0.00655
5	0.15925	0.01178	0.01754	0.10245	0.40954	0.01234	0.01329	0.01642	0.01199	0.03744	0.01207	0.01789	0.01078	0.13265	0.00939	0.00244	0.00642	0.00546	0.00324	0.00763
6	0.01178	0.00881	0.01185	0.09955	0.01604	0.00928	0.02903	0.08457	0.09045	0.05122	0.09718	0.16195	0.04971	0.01259	0.00709	0.00225	0.00520	0.23955	0.00535	0.00659
7	0.01866	0.02459	0.13601	0.01432	0.01813	0.47205	0.01220	0.06958	0.06461	0.01708	0.01163	0.01467	0.00980	0.08228	0.00786	0.00204	0.00920	0.00466	0.00340	0.00723
8	0.00973	0.00764	0.00820	0.00757	0.00975	0.00723	0.00575	0.12635	0.01589	0.02017	0.13477	0.09666	0.47497	0.03924	0.00761	0.00209	0.00366	0.01126	0.00562	0.00582
9	0.09280	0.01491	0.10697	0.20086	0.43494	0.01373	0.01705	0.01745	0.01265	0.01899	0.01064	0.01416	0.00852	0.00548	0.00563	0.00183	0.00718	0.00496	0.00288	0.00837
10	0.01220	0.02949	0.01890	0.01535	0.01646	0.01524	0.12780	0.01395	0.01009	0.01480	0.01189	0.09036	0.01230	0.08581	0.01694	0.00275	0.48947	0.00687	0.00303	0.00630
11	0.00753	0.00524	0.00703	0.00812	0.00855	0.00491	0.00548	0.00850	0.01164	0.01566	0.10551	0.65976	0.03891	0.01800	0.00853	0.05764	0.00348	0.01540	0.00540	0.00473
12	0.08873	0.00658	0.00801	0.00754	0.00911	0.00632	0.00563	0.01171	0.01419	0.05577	0.44102	0.05543	0.10877	0.01304	0.00923	0.13544	0.00348	0.00918	0.00551	0.00531

[dist]
# distance from previous block
# <min> <max>
19	70

[block]
# block no. 4 follows, 39 sequences, length 6
# corresponding to MSA columns:
# 773-778
name=unknown_E
#
# <colnr> <probs for GDERKNQSTAVLIFYWHMCP>
#	G	D	E	R	K	N	Q	S	T	A	V	L	I	F	Y	W	H	M	C	P
0	0.39278	0.04773	0.01152	0.00931	0.01293	0.01116	0.00786	0.02018	0.01297	0.25951	0.01708	0.02288	0.01389	0.00794	0.00518	0.00196	0.00496	0.12760	0.00509	0.00747
1	0.01204	0.01020	0.01311	0.01421	0.14421	0.01030	0.00921	0.01934	0.24598	0.02263	0.28598	0.02745	0.02900	0.00851	0.00611	0.00175	0.00436	0.00745	0.00530	0.12285
2	0.01696	0.01292	0.01497	0.12112	0.01883	0.01389	0.01003	0.40218	0.01993	0.02699	0.01394	0.01850	0.01160	0.14599	0.01000	0.00238	0.00627	0.00564	0.00469	0.12318
3	0.01840	0.01804	0.01633	0.14584	0.02129	0.25988	0.01145	0.24881	0.01853	0.02254	0.01146	0.01341	0.00889	0.00767	0.03583	0.00191	0.00817	0.00460	0.00396	0.12300
4	0.01160	0.14649	0.01263	0.00832	0.01013	0.00886	0.00635	0.01073	0.00926	0.01248	0.00995	0.01548	0.00953	0.01499	0.01643	0.53769	0.00522	0.00450	0.00272	0.14666
5	0.41932	0.01031	0.00994	0.00817	0.01205	0.01026	0.00659	0.01626	0.01204	0.05893	0.11621	0.01589	0.01461	0.00617	0.00447	0.00153	0.00428	0.00450	0.00419	0.26428

[dist]
# distance from previous block
# <min> <max>
0	10

[block]
# block no. 5 follows, 39 sequences, length 18
# corresponding to MSA columns:
# 789-806
name=unknown_F
#
# <colnr> <probs for GDERKNQSTAVLIFYWHMCP>
#	G	D	E	R	K	N	Q	S	T	A	V	L	I	F	Y	W	H	M	C	P
0	0.74460	0.01157	0.00920	0.00824	0.01187	0.01342	0.00673	0.01891	0.09016	0.02634	0.00996	0.01097	0.00767	0.00577	0.00392	0.00185	0.00459	0.00358	0.00392	0.00673
1	0.00996	0.04957	0.01208	0.07142	0.01354	0.02270	0.00861	0.01208	0.01075	0.01524	0.09422	0.02257	0.01727	0.02894	0.43390	0.02680	0.10366	0.00631	0.03471	0.00565
2	0.02458	0.01124	0.01422	0.01111	0.01556	0.01069	0.00911	0.12313	0.10511	0.57576	0.02220	0.01957	0.01444	0.00737	0.00595	0.00184	0.00519	0.00595	0.00698	0.00998
3	0.00835	0.00627	0.00784	0.00844	0.00942	0.00616	0.00594	0.01164	0.09998	0.01815	0.18900	0.51025	0.06451	0.01575	0.00722	0.00222	0.00343	0.01413	0.00577	0.00552
4	0.02233	0.01022	0.01290	0.00998	0.01423	0.00922	0.00816	0.10223	0.01695	0.49434	0.02027	0.01880	0.01351	0.00689	0.00552	0.00165	0.00481	0.00553	0.11547	0.10699
5	0.01072	0.00627	0.00707	0.00697	0.00806	0.00679	0.00527	0.01309	0.01189	0.02027	0.01980	0.12297	0.01754	0.00882	0.00625	0.00165	0.08775	0.00698	0.62631	0.00552
6	0.08424	0.11503	0.01525	0.01042	0.01439	0.01208	0.00865	0.12485	0.04417	0.36804	0.03512	0.10918	0.01631	0.00831	0.00569	0.00182	0.00513	0.00670	0.00591	0.00870
7	0.00725	0.00518	0.00690	0.00821	0.00859	0.00483	0.00549	0.00834	0.01152	0.01541	0.05917	0.76082	0.03973	0.01829	0.00753	0.00238	0.00341	0.01659	0.00553	0.00483
8	0.00878	0.00614	0.00854	0.00854	0.00947	0.00691	0.00640	0.01063	0.00971	0.01436	0.01669	0.02554	0.01589	0.15825	0.56069	0.00794	0.01268	0.00660	0.10119	0.00504
9	0.00744	0.00583	0.00648	0.00663	0.00800	0.00515	0.00469	0.00886	0.01296	0.01638	0.15222	0.17148	0.43665	0.11850	0.01015	0.00254	0.00340	0.01240	0.00539	0.00486
10	0.00761	0.00558	0.00729	0.00828	0.00901	0.00505	0.00561	0.00877	0.01140	0.01543	0.03083	0.72621	0.03668	0.01740	0.00729	0.00228	0.00351	0.01575	0.00533	0.07070
11	0.01783	0.01831	0.01524	0.01328	0.01612	0.31762	0.03105	0.14028	0.10351	0.02037	0.01348	0.01538	0.01082	0.01051	0.07900	0.00246	0.06883	0.00503	0.09349	0.00740
12	0.01702	0.01365	0.01510	0.10353	0.01885	0.04410	0.01064	0.34559	0.17562	0.02825	0.09729	0.04002	0.01809	0.00832	0.00616	0.00190	0.00592	0.03593	0.00547	0.00856
13	0.01166	0.03287	0.00689	0.00601	0.00765	0.00665	0.00463	0.04392	0.01303	0.02240	0.01870	0.02129	0.01469	0.00684	0.00420	0.00139	0.00303	0.00542	0.76296	0.00577
14	0.01457	0.07447	0.35118	0.01317	0.01927	0.01177	0.02735	0.03607	0.01348	0.15143	0.01544	0.10619	0.01281	0.00728	0.00564	0.00175	0.00664	0.00600	0.00395	0.12153
15	0.01195	0.00789	0.00929	0.00821	0.01043	0.00771	0.00637	0.11294	0.03516	0.07870	0.40134	0.03674	0.13127	0.01070	0.00639	0.00181	0.00354	0.00912	0.10390	0.00654
16	0.01294	0.01294	0.01811	0.01553	0.01553	0.01811	0.01294	0.01423	0.00906	0.01423	0.00776	0.01294	0.00776	0.01035	0.01941	0.00259	0.78134	0.00518	0.00259	0.00647
17	0.11734	0.02954	0.09699	0.23297	0.02714	0.04022	0.17831	0.14611	0.01519	0.02172	0.01175	0.03523	0.00914	0.00617	0.00583	0.00190	0.00773	0.00554	0.00351	0.00770

[dist]
# distance from previous block
# <min> <max>
27	96

# created by:
# /software/SequenceAnalysis/GenePrediction/augustus/3.0.1/scripts/msa2prfl.pl ./fixed/BUSCOvEOG78WDFT.fas
