[name]
unknown

[dist]
# distance from previous block
# <min> <max>
51	211

[block]
# block no. 0 follows, 39 sequences, length 30
# corresponding to MSA columns:
# 238-267
name=unknown_A
#
# <colnr> <probs for GDERKNQSTAVLIFYWHMCP>
#	G	D	E	R	K	N	Q	S	T	A	V	L	I	F	Y	W	H	M	C	P
0	0.01610	0.70684	0.02942	0.01072	0.01541	0.07367	0.01034	0.01794	0.01220	0.01397	0.00826	0.00973	0.00760	0.00538	0.00463	0.00134	0.04310	0.00330	0.00257	0.00749
1	0.00699	0.00599	0.00599	0.00599	0.00799	0.00499	0.00449	0.00849	0.01348	0.01598	0.05991	0.05691	0.75288	0.01498	0.00699	0.00200	0.00300	0.01248	0.00549	0.00499
2	0.02653	0.01006	0.01372	0.01052	0.01510	0.00869	0.00869	0.02882	0.01693	0.75937	0.02333	0.02013	0.01464	0.00732	0.00595	0.00183	0.00503	0.00595	0.00732	0.01006
3	0.00721	0.00515	0.00686	0.00823	0.00858	0.00480	0.00549	0.00823	0.01132	0.01510	0.03259	0.78831	0.03911	0.01853	0.00755	0.00240	0.00343	0.01681	0.00549	0.00480
4	0.00828	0.00602	0.00780	0.00740	0.00879	0.00553	0.00553	0.01097	0.01645	0.02315	0.70282	0.06663	0.08363	0.01240	0.00699	0.00188	0.00282	0.01095	0.00644	0.00553
5	0.02561	0.01027	0.01370	0.01064	0.01512	0.00916	0.00874	0.02902	0.07389	0.70186	0.02339	0.02028	0.01491	0.00737	0.00595	0.00184	0.00500	0.00600	0.00722	0.01001
6	0.83394	0.01144	0.00869	0.00778	0.01144	0.01327	0.00640	0.01738	0.01006	0.02653	0.00823	0.00961	0.00640	0.00549	0.00366	0.00183	0.00457	0.00320	0.00366	0.00640
7	0.83394	0.01144	0.00869	0.00778	0.01144	0.01327	0.00640	0.01738	0.01006	0.02653	0.00823	0.00961	0.00640	0.00549	0.00366	0.00183	0.00457	0.00320	0.00366	0.00640
8	0.02139	0.02070	0.03590	0.01476	0.04099	0.28642	0.01159	0.41972	0.02261	0.02748	0.01350	0.01412	0.03019	0.00687	0.00573	0.00169	0.00797	0.00496	0.00470	0.00871
9	0.01124	0.01048	0.01796	0.71335	0.03884	0.01285	0.04411	0.01492	0.01172	0.01504	0.01056	0.01587	0.00803	0.00654	0.00674	0.03951	0.00784	0.00532	0.00264	0.00644
10	0.01464	0.01405	0.02400	0.03630	0.75528	0.01405	0.01815	0.01815	0.01347	0.01932	0.01112	0.01464	0.00937	0.00527	0.00585	0.00176	0.00703	0.00527	0.00293	0.00937
11	0.01116	0.01012	0.01678	0.71749	0.03808	0.01254	0.01546	0.01501	0.01187	0.01565	0.01120	0.01626	0.00845	0.00599	0.00577	0.00192	0.00748	0.00528	0.06700	0.00649
12	0.01027	0.00514	0.00770	0.00770	0.00770	0.00514	0.00514	0.00770	0.00770	0.01027	0.01027	0.01798	0.01027	0.02054	0.02311	0.82794	0.00514	0.00514	0.00257	0.00257
13	0.00710	0.00597	0.00617	0.00618	0.00807	0.00503	0.00461	0.00869	0.01366	0.01655	0.11319	0.08024	0.67457	0.01487	0.00701	0.00200	0.00299	0.01249	0.00557	0.00503
14	0.00708	0.00599	0.00611	0.00608	0.00804	0.00503	0.00456	0.00866	0.01369	0.01647	0.10450	0.05609	0.70797	0.01479	0.00699	0.00199	0.00298	0.01237	0.00556	0.00503
15	0.02653	0.01006	0.01372	0.01052	0.01510	0.00869	0.00869	0.02882	0.01693	0.75937	0.02333	0.02013	0.01464	0.00732	0.00595	0.00183	0.00503	0.00595	0.00732	0.01006
16	0.01541	0.01305	0.01377	0.01218	0.01565	0.01504	0.00953	0.09502	0.67985	0.02587	0.02318	0.02135	0.01733	0.00794	0.00601	0.00198	0.00485	0.00656	0.00601	0.00942
17	0.01205	0.02927	0.69590	0.01758	0.02608	0.01384	0.08615	0.01875	0.01262	0.01875	0.01073	0.01280	0.00763	0.00556	0.00574	0.00188	0.00885	0.00461	0.00254	0.00867
18	0.02180	0.02730	0.01708	0.01605	0.04823	0.71778	0.01169	0.04237	0.01692	0.01528	0.00936	0.01092	0.00775	0.00609	0.00537	0.00154	0.01041	0.00391	0.00312	0.00704
19	0.00994	0.00727	0.00983	0.01098	0.01250	0.00743	0.00952	0.01375	0.07084	0.01825	0.03074	0.06321	0.03278	0.01569	0.00800	0.00267	0.00539	0.65999	0.00549	0.00575
20	0.01374	0.01789	0.14215	0.02525	0.12768	0.01465	0.53088	0.01880	0.01367	0.01896	0.01165	0.01526	0.00880	0.00512	0.00662	0.00194	0.00939	0.00636	0.00291	0.00828
21	0.02317	0.01061	0.04703	0.01039	0.01487	0.00856	0.00887	0.02574	0.01643	0.60709	0.09614	0.02176	0.01815	0.00755	0.00594	0.00178	0.00493	0.00621	0.00679	0.05796
22	0.83394	0.01144	0.00869	0.00778	0.01144	0.01327	0.00640	0.01738	0.01006	0.02653	0.00823	0.00961	0.00640	0.00549	0.00366	0.00183	0.00457	0.00320	0.00366	0.00640
23	0.01581	0.79572	0.03099	0.01012	0.01518	0.02340	0.01012	0.01771	0.01202	0.01391	0.00822	0.00949	0.00759	0.00506	0.00379	0.00126	0.00632	0.00316	0.00253	0.00759
24	0.00932	0.00781	0.00915	0.08284	0.01304	0.00802	0.00704	0.01457	0.18015	0.01844	0.10542	0.17633	0.31957	0.01289	0.00676	0.00206	0.00391	0.01108	0.00543	0.00616
25	0.00703	0.00596	0.00607	0.00611	0.00803	0.00500	0.00456	0.00855	0.01349	0.01615	0.07742	0.08405	0.70740	0.01503	0.00701	0.00201	0.00301	0.01260	0.00552	0.00500
26	0.01002	0.00893	0.01498	0.01715	0.18140	0.00878	0.10752	0.01216	0.01208	0.01655	0.02399	0.47867	0.02709	0.01337	0.00753	0.00221	0.03436	0.01242	0.00446	0.00633
27	0.02040	0.02353	0.01606	0.01434	0.01761	0.52493	0.01093	0.08974	0.18747	0.01893	0.01308	0.01364	0.01027	0.00663	0.00554	0.00166	0.00889	0.00462	0.00400	0.00773
28	0.02145	0.01557	0.01664	0.01288	0.01731	0.01718	0.01060	0.67037	0.02641	0.03590	0.01466	0.01491	0.01052	0.00708	0.00575	0.00174	0.00617	0.00534	0.07989	0.00965
29	0.17152	0.26892	0.01993	0.08102	0.01803	0.29024	0.01051	0.04777	0.01397	0.01751	0.00900	0.01069	0.00750	0.00567	0.00460	0.00155	0.00772	0.00368	0.00307	0.00711

[dist]
# distance from previous block
# <min> <max>
0	3

[block]
# block no. 1 follows, 39 sequences, length 37
# corresponding to MSA columns:
# 271-307
name=unknown_B
#
# <colnr> <probs for GDERKNQSTAVLIFYWHMCP>
#	G	D	E	R	K	N	Q	S	T	A	V	L	I	F	Y	W	H	M	C	P
0	0.01126	0.01068	0.01828	0.75402	0.04042	0.01320	0.03923	0.01523	0.01189	0.01523	0.01056	0.01577	0.00792	0.00588	0.00595	0.00197	0.00795	0.00531	0.00264	0.00661
1	0.00945	0.00678	0.00942	0.01074	0.01212	0.00675	0.00937	0.01213	0.01361	0.01764	0.03222	0.06640	0.05688	0.01629	0.00813	0.00270	0.00537	0.69313	0.00545	0.00543
2	0.02610	0.01016	0.01371	0.01058	0.01511	0.00891	0.00872	0.02892	0.04370	0.73234	0.02336	0.02020	0.01476	0.00735	0.00595	0.00184	0.00502	0.00597	0.00727	0.01004
3	0.00837	0.00604	0.00790	0.00744	0.00883	0.00558	0.00558	0.01116	0.01674	0.02371	0.75216	0.04417	0.05580	0.01209	0.00697	0.00186	0.00279	0.01069	0.00651	0.00558
4	0.02403	0.01123	0.01414	0.01108	0.01536	0.01070	0.00905	0.19650	0.01909	0.52744	0.02188	0.07954	0.01548	0.00815	0.00607	0.00186	0.00526	0.00666	0.00684	0.00965
5	0.02564	0.01009	0.01363	0.01041	0.01503	0.00864	0.00859	0.02795	0.01663	0.71313	0.02253	0.01964	0.01427	0.00714	0.00585	0.00177	0.00499	0.00579	0.00708	0.06119
6	0.01423	0.01536	0.02169	0.35862	0.08907	0.16274	0.18508	0.01764	0.01327	0.01603	0.01062	0.01480	0.00830	0.00627	0.00675	0.03557	0.00875	0.00537	0.00282	0.00702
7	0.01186	0.03059	0.76153	0.01686	0.02560	0.01373	0.02185	0.01873	0.01249	0.01873	0.01061	0.01249	0.00749	0.00562	0.00562	0.00187	0.00874	0.00437	0.00250	0.00874
8	0.83394	0.01144	0.00869	0.00778	0.01144	0.01327	0.00640	0.01738	0.01006	0.02653	0.00823	0.00961	0.00640	0.00549	0.00366	0.00183	0.00457	0.00320	0.00366	0.00640
9	0.01581	0.79572	0.03099	0.01012	0.01518	0.02340	0.01012	0.01771	0.01202	0.01391	0.00822	0.00949	0.00759	0.00506	0.00379	0.00126	0.00632	0.00316	0.00253	0.00759
10	0.02612	0.01072	0.01413	0.01083	0.01543	0.00967	0.00895	0.10043	0.01803	0.68620	0.02241	0.01953	0.01417	0.00730	0.00594	0.00182	0.00518	0.00588	0.00718	0.01006
11	0.01170	0.01113	0.01593	0.06226	0.01588	0.01511	0.01177	0.01337	0.00934	0.01416	0.00996	0.01570	0.00953	0.01859	0.20636	0.00428	0.54055	0.00547	0.00274	0.00618
12	0.01226	0.01051	0.01226	0.00876	0.01401	0.00788	0.00701	0.01489	0.01226	0.01927	0.01051	0.01226	0.00876	0.00438	0.00438	0.00088	0.00438	0.00350	0.00350	0.82832
13	0.00729	0.00521	0.00694	0.00817	0.00860	0.00486	0.00550	0.00846	0.01173	0.01575	0.08688	0.73217	0.04037	0.01804	0.00750	0.00236	0.00338	0.01635	0.00557	0.00486
14	0.83394	0.01144	0.00869	0.00778	0.01144	0.01327	0.00640	0.01738	0.01006	0.02653	0.00823	0.00961	0.00640	0.00549	0.00366	0.00183	0.00457	0.00320	0.00366	0.00640
15	0.02653	0.01006	0.01372	0.01052	0.01510	0.00869	0.00869	0.02882	0.01693	0.75937	0.02333	0.02013	0.01464	0.00732	0.00595	0.00183	0.00503	0.00595	0.00732	0.01006
16	0.00721	0.00515	0.00686	0.00823	0.00858	0.00480	0.00549	0.00823	0.01132	0.01510	0.03259	0.78831	0.03911	0.01853	0.00755	0.00240	0.00343	0.01681	0.00549	0.00480
17	0.01226	0.01051	0.01226	0.00876	0.01401	0.00788	0.00701	0.01489	0.01226	0.01927	0.01051	0.01226	0.00876	0.00438	0.00438	0.00088	0.00438	0.00350	0.00350	0.82832
18	0.00822	0.00604	0.00769	0.00728	0.00874	0.00552	0.00546	0.01087	0.01638	0.02286	0.67613	0.04557	0.13235	0.01241	0.00698	0.00188	0.00281	0.01089	0.00640	0.00552
19	0.83394	0.01144	0.00869	0.00778	0.01144	0.01327	0.00640	0.01738	0.01006	0.02653	0.00823	0.00961	0.00640	0.00549	0.00366	0.00183	0.00457	0.00320	0.00366	0.00640
20	0.01471	0.01270	0.01337	0.01203	0.01538	0.01471	0.00936	0.03142	0.74459	0.02474	0.02407	0.02206	0.01805	0.00802	0.00602	0.00201	0.00468	0.00669	0.00602	0.00936
21	0.00721	0.00515	0.00686	0.00823	0.00858	0.00480	0.00549	0.00823	0.01132	0.01510	0.03259	0.78831	0.03911	0.01853	0.00755	0.00240	0.00343	0.01681	0.00549	0.00480
22	0.00729	0.00600	0.00641	0.00631	0.00817	0.00512	0.00473	0.00908	0.01420	0.01768	0.21238	0.05411	0.59934	0.01434	0.00699	0.00197	0.00295	0.01209	0.00572	0.00512
23	0.02104	0.02628	0.01643	0.01489	0.01767	0.68788	0.01126	0.02260	0.01606	0.01474	0.00942	0.01125	0.00791	0.00642	0.00627	0.00159	0.06389	0.00397	0.03366	0.00678
24	0.02211	0.02775	0.01680	0.01517	0.01828	0.74005	0.01142	0.05054	0.01718	0.01534	0.00933	0.01080	0.00771	0.00613	0.00535	0.00153	0.01051	0.00387	0.00316	0.00698
25	0.00792	0.00570	0.00751	0.00774	0.00874	0.00528	0.00555	0.01004	0.01466	0.02041	0.47649	0.32925	0.04941	0.01456	0.00719	0.00207	0.00304	0.01304	0.00612	0.00528
26	0.01186	0.03059	0.76153	0.01686	0.02560	0.01373	0.02185	0.01873	0.01249	0.01873	0.01061	0.01249	0.00749	0.00562	0.00562	0.00187	0.00874	0.00437	0.00250	0.00874
27	0.01881	0.01387	0.01512	0.01209	0.01592	0.01507	0.00978	0.55554	0.02438	0.03271	0.09535	0.09495	0.05147	0.00910	0.00624	0.00186	0.00566	0.00734	0.00592	0.00884
28	0.01173	0.02434	0.52479	0.08669	0.02515	0.01345	0.06798	0.01730	0.01198	0.01756	0.01107	0.01464	0.00857	0.04066	0.04245	0.00245	0.06365	0.00495	0.00263	0.00795
29	0.01226	0.01051	0.01226	0.00876	0.01401	0.00788	0.00701	0.01489	0.01226	0.01927	0.01051	0.01226	0.00876	0.00438	0.00438	0.00088	0.00438	0.00350	0.00350	0.82832
30	0.83394	0.01144	0.00869	0.00778	0.01144	0.01327	0.00640	0.01738	0.01006	0.02653	0.00823	0.00961	0.00640	0.00549	0.00366	0.00183	0.00457	0.00320	0.00366	0.00640
31	0.01257	0.01163	0.01912	0.57136	0.19739	0.01363	0.01652	0.05602	0.01308	0.01728	0.01085	0.01543	0.00833	0.00584	0.00590	0.00191	0.00762	0.00526	0.00288	0.00738
32	0.83394	0.01144	0.00869	0.00778	0.01144	0.01327	0.00640	0.01738	0.01006	0.02653	0.00823	0.00961	0.00640	0.00549	0.00366	0.00183	0.00457	0.00320	0.00366	0.00640
33	0.02588	0.01111	0.01437	0.01102	0.01562	0.01024	0.00910	0.14229	0.01867	0.64343	0.02186	0.01918	0.01390	0.00728	0.00594	0.00182	0.00527	0.00585	0.00709	0.01006
34	0.01349	0.01646	0.08617	0.02336	0.02929	0.01434	0.64141	0.01849	0.01401	0.01919	0.05321	0.01728	0.01148	0.00543	0.00688	0.00198	0.00948	0.00700	0.00315	0.00790
35	0.00855	0.00630	0.00934	0.00934	0.01041	0.00732	0.00726	0.01069	0.00962	0.01407	0.01598	0.02318	0.01480	0.04282	0.73754	0.00917	0.01531	0.00630	0.03669	0.00529
36	0.00699	0.00599	0.00599	0.00599	0.00799	0.00499	0.00449	0.00849	0.01348	0.01598	0.05991	0.05691	0.75288	0.01498	0.00699	0.00200	0.00300	0.01248	0.00549	0.00499

[dist]
# distance from previous block
# <min> <max>
1	13

[block]
# block no. 2 follows, 39 sequences, length 26
# corresponding to MSA columns:
# 321-346
name=unknown_C
#
# <colnr> <probs for GDERKNQSTAVLIFYWHMCP>
#	G	D	E	R	K	N	Q	S	T	A	V	L	I	F	Y	W	H	M	C	P
0	0.83394	0.01144	0.00869	0.00778	0.01144	0.01327	0.00640	0.01738	0.01006	0.02653	0.00823	0.00961	0.00640	0.00549	0.00366	0.00183	0.00457	0.00320	0.00366	0.00640
1	0.01398	0.01868	0.25937	0.01366	0.01881	0.01449	0.01351	0.04593	0.48497	0.02310	0.01939	0.01871	0.01437	0.00721	0.00588	0.00196	0.00606	0.00589	0.00486	0.00918
2	0.01127	0.00684	0.00799	0.00760	0.00919	0.00736	0.00588	0.08179	0.01292	0.02077	0.01767	0.02169	0.01455	0.01922	0.25559	0.00409	0.00742	0.00576	0.47652	0.00587
3	0.56300	0.00992	0.00897	0.00880	0.01170	0.01114	0.00743	0.01570	0.01123	0.02363	0.01582	0.02837	0.01549	0.00905	0.00514	0.00212	0.00486	0.23729	0.00425	0.00609
4	0.01293	0.00950	0.01103	0.00938	0.01191	0.00974	0.00738	0.24908	0.02019	0.02772	0.46923	0.03507	0.08145	0.01062	0.00663	0.00184	0.00402	0.00903	0.00626	0.00702
5	0.00721	0.00515	0.00686	0.00823	0.00858	0.00480	0.00549	0.00823	0.01132	0.01510	0.03259	0.78831	0.03911	0.01853	0.00755	0.00240	0.00343	0.01681	0.00549	0.00480
6	0.00721	0.00515	0.00686	0.00823	0.00858	0.00480	0.00549	0.00823	0.01132	0.01510	0.03259	0.78831	0.03911	0.01853	0.00755	0.00240	0.00343	0.01681	0.00549	0.00480
7	0.01027	0.00914	0.01503	0.52540	0.03082	0.01125	0.01346	0.01361	0.01106	0.01466	0.01226	0.01822	0.01015	0.01855	0.25661	0.00445	0.01050	0.00561	0.00281	0.00615
8	0.01464	0.01405	0.02400	0.03630	0.75528	0.01405	0.01815	0.01815	0.01347	0.01932	0.01112	0.01464	0.00937	0.00527	0.00585	0.00176	0.00703	0.00527	0.00293	0.00937
9	0.00797	0.00577	0.00754	0.00774	0.00880	0.00534	0.00561	0.01014	0.01478	0.02050	0.47721	0.28966	0.07155	0.01440	0.00719	0.00206	0.00307	0.02926	0.00612	0.00530
10	0.02224	0.02369	0.01714	0.01460	0.01830	0.47802	0.01135	0.29925	0.02104	0.02330	0.01110	0.01203	0.00856	0.00648	0.00556	0.00162	0.00906	0.00440	0.00416	0.00810
11	0.56349	0.00949	0.00765	0.00703	0.00994	0.01072	0.00566	0.01620	0.01083	0.02506	0.01187	0.01370	0.00928	0.00595	0.00382	0.00168	0.00398	0.00396	0.27359	0.00611
12	0.01377	0.01858	0.25925	0.01362	0.01874	0.01439	0.01347	0.02725	0.50399	0.02276	0.01965	0.01892	0.01458	0.00723	0.00589	0.00196	0.00601	0.00592	0.00486	0.00916
13	0.02192	0.01189	0.02053	0.01517	0.02013	0.01067	0.24691	0.02511	0.01595	0.49651	0.03893	0.01939	0.01387	0.00668	0.00631	0.00188	0.00660	0.00641	0.00588	0.00926
14	0.00744	0.00601	0.00662	0.00647	0.00827	0.00519	0.00485	0.00937	0.01455	0.01852	0.28742	0.05273	0.52378	0.01403	0.00698	0.00195	0.00293	0.01189	0.00583	0.00519
15	0.00726	0.00572	0.00655	0.00694	0.00830	0.00501	0.00498	0.00879	0.01324	0.01680	0.15047	0.29545	0.41807	0.01573	0.00717	0.00211	0.00311	0.01365	0.00564	0.00501
16	0.01327	0.02076	0.27370	0.02227	0.02916	0.01455	0.49982	0.01887	0.01347	0.01887	0.01152	0.01481	0.00849	0.00519	0.00653	0.00195	0.00957	0.00612	0.00283	0.00823
17	0.00797	0.00569	0.00774	0.00911	0.00979	0.00546	0.00682	0.00955	0.01208	0.01595	0.03217	0.55115	0.03744	0.01781	0.00775	0.00251	0.00409	0.24643	0.00548	0.00501
18	0.01101	0.00914	0.01136	0.00900	0.01288	0.00772	0.00713	0.01347	0.01136	0.01745	0.01226	0.01587	0.01074	0.01752	0.25558	0.00371	0.00815	0.00443	0.00339	0.55783
19	0.02235	0.02038	0.01742	0.01414	0.01832	0.26485	0.01130	0.50158	0.02417	0.02978	0.01254	0.01304	0.00926	0.00677	0.00572	0.00169	0.00787	0.00483	0.00497	0.00901
20	0.01212	0.01140	0.01808	0.02634	0.50968	0.01107	0.01366	0.01497	0.01347	0.01822	0.02716	0.02853	0.25372	0.00846	0.00623	0.00184	0.00570	0.00764	0.00377	0.00793
21	0.01509	0.01693	0.01907	0.42581	0.03144	0.26173	0.08330	0.01824	0.01354	0.01523	0.01009	0.01400	0.00790	0.00605	0.00634	0.00185	0.03884	0.00494	0.00280	0.00679
22	0.01217	0.01251	0.02507	0.01859	0.02243	0.01201	0.47344	0.01541	0.01206	0.01635	0.01404	0.02334	0.01306	0.26384	0.01493	0.00324	0.03038	0.00746	0.00317	0.00649
23	0.01491	0.00777	0.01062	0.01025	0.01270	0.00724	0.00868	0.01745	0.01500	0.26196	0.09877	0.04887	0.05748	0.01291	0.00728	0.00232	0.00496	0.38772	0.00617	0.00696
24	0.01809	0.01402	0.02794	0.02019	0.02571	0.01290	0.49549	0.02219	0.01493	0.26228	0.01570	0.01732	0.01084	0.00575	0.00664	0.00194	0.00835	0.00664	0.00441	0.00866
25	0.00837	0.00604	0.00790	0.00744	0.00883	0.00558	0.00558	0.01116	0.01674	0.02371	0.75216	0.04417	0.05580	0.01209	0.00697	0.00186	0.00279	0.01069	0.00651	0.00558

[dist]
# distance from previous block
# <min> <max>
0	284

# created by:
# /software/SequenceAnalysis/GenePrediction/augustus/3.0.1/scripts/msa2prfl.pl ./fixed/BUSCOvEOG7283FZ.fas
