[name]
unknown

[dist]
# distance from previous block
# <min> <max>
10	417

[block]
# block no. 0 follows, 40 sequences, length 8
# corresponding to MSA columns:
# 464-471
name=unknown_A
#
# <colnr> <probs for GDERKNQSTAVLIFYWHMCP>
#	G	D	E	R	K	N	Q	S	T	A	V	L	I	F	Y	W	H	M	C	P
0	0.07416	0.06029	0.01645	0.01327	0.01453	0.11267	0.01081	0.04816	0.01111	0.03605	0.00962	0.01475	0.00913	0.08625	0.01537	0.00253	0.45036	0.00502	0.00305	0.00645
1	0.09463	0.01124	0.01290	0.01073	0.01455	0.01169	0.00862	0.06955	0.30165	0.33449	0.05208	0.02024	0.01639	0.00749	0.00571	0.00186	0.00477	0.00604	0.00626	0.00911
2	0.05199	0.12040	0.12310	0.01231	0.06826	0.01096	0.06780	0.02673	0.02643	0.01848	0.14177	0.07063	0.21940	0.00960	0.00599	0.00182	0.00520	0.00819	0.00428	0.00665
3	0.00855	0.00714	0.01122	0.01040	0.01208	0.00651	0.11091	0.01045	0.01218	0.01649	0.08679	0.50357	0.06942	0.01454	0.00706	0.00214	0.00436	0.03601	0.00498	0.06520
4	0.00931	0.04293	0.08858	0.00898	0.01151	0.00790	0.00795	0.01338	0.08156	0.02003	0.33437	0.06886	0.17427	0.01183	0.00666	0.00196	0.00405	0.09436	0.00543	0.00608
5	0.25405	0.00882	0.04214	0.06054	0.01227	0.00853	0.00709	0.01204	0.00944	0.01669	0.01132	0.07625	0.01083	0.01261	0.01228	0.35166	0.00502	0.00524	0.00316	0.08004
6	0.01879	0.16865	0.01889	0.01452	0.06673	0.37431	0.01087	0.14840	0.01683	0.01851	0.01194	0.08252	0.01086	0.00704	0.00529	0.00159	0.00806	0.00516	0.00362	0.00742
7	0.22461	0.01253	0.01407	0.05876	0.04714	0.06814	0.01036	0.05066	0.01148	0.01900	0.01070	0.01619	0.00971	0.01012	0.05736	0.00249	0.26007	0.05289	0.00331	0.06041

[dist]
# distance from previous block
# <min> <max>
0	1

[block]
# block no. 1 follows, 40 sequences, length 22
# corresponding to MSA columns:
# 473-494
name=unknown_B
#
# <colnr> <probs for GDERKNQSTAVLIFYWHMCP>
#	G	D	E	R	K	N	Q	S	T	A	V	L	I	F	Y	W	H	M	C	P
0	0.01908	0.01419	0.01522	0.01210	0.01587	0.01569	0.00967	0.54230	0.11006	0.03125	0.01579	0.01862	0.01257	0.12944	0.00952	0.00238	0.00607	0.00589	0.00547	0.00882
1	0.04460	0.01395	0.01836	0.19609	0.02389	0.05786	0.12425	0.20681	0.15245	0.05456	0.01460	0.01616	0.01076	0.00644	0.00583	0.00184	0.00691	0.00559	0.03087	0.00819
2	0.01001	0.00684	0.00917	0.00897	0.01080	0.00609	0.01994	0.01191	0.01275	0.07682	0.11335	0.38945	0.03239	0.01378	0.00682	0.00205	0.00400	0.12186	0.00530	0.13769
3	0.62375	0.01085	0.01034	0.00884	0.01247	0.01191	0.03879	0.01835	0.01119	0.13945	0.01203	0.05942	0.00964	0.00644	0.00433	0.00184	0.00473	0.00455	0.00424	0.00683
4	0.09617	0.01475	0.01653	0.13197	0.02075	0.01656	0.01134	0.54403	0.02304	0.04890	0.01306	0.01391	0.00933	0.00666	0.00561	0.00178	0.00640	0.00505	0.00514	0.00902
5	0.01251	0.00953	0.05447	0.05877	0.07329	0.00852	0.00900	0.01696	0.09538	0.13663	0.37015	0.06317	0.03417	0.00979	0.00642	0.00188	0.00434	0.02227	0.00567	0.00708
6	0.14341	0.00824	0.01002	0.00850	0.01138	0.00780	0.00675	0.01839	0.01551	0.29932	0.36714	0.02936	0.03226	0.00913	0.00598	0.00181	0.00384	0.00764	0.00626	0.00725
7	0.01013	0.01091	0.08910	0.05555	0.01517	0.01052	0.05017	0.01252	0.01137	0.01630	0.13052	0.16756	0.02232	0.06203	0.07971	0.00301	0.20843	0.00837	0.00384	0.03246
8	0.00867	0.00602	0.00895	0.00895	0.00983	0.00687	0.00682	0.01005	0.00916	0.01324	0.01484	0.02201	0.01386	0.03880	0.63155	0.13653	0.01353	0.00602	0.02953	0.00479
9	0.01228	0.02369	0.03035	0.05155	0.17548	0.00896	0.00989	0.01566	0.04516	0.10555	0.30256	0.06345	0.03112	0.03322	0.00712	0.00201	0.00474	0.06505	0.00515	0.00701
10	0.01026	0.00536	0.00563	0.00584	0.00703	0.00531	0.00427	0.01270	0.01203	0.02062	0.02100	0.14116	0.01856	0.00855	0.00459	0.00151	0.00281	0.00714	0.70031	0.00531
11	0.02315	0.01433	0.05984	0.05632	0.19531	0.01344	0.31738	0.07541	0.04518	0.02067	0.08621	0.03770	0.01453	0.00636	0.00635	0.00188	0.00757	0.00670	0.00365	0.00803
12	0.01442	0.10396	0.36709	0.01799	0.08586	0.01482	0.12905	0.05873	0.01352	0.07832	0.01147	0.01340	0.00848	0.00582	0.00638	0.00182	0.05242	0.00487	0.00314	0.00846
13	0.70389	0.03968	0.04616	0.00861	0.01258	0.01381	0.00753	0.07496	0.01147	0.02614	0.00868	0.00994	0.00668	0.00552	0.00387	0.00178	0.00491	0.00337	0.00368	0.00673
14	0.01047	0.00738	0.00869	0.00813	0.00907	0.00783	0.00554	0.12231	0.01171	0.01585	0.01786	0.07297	0.01904	0.48090	0.17229	0.00559	0.00761	0.00796	0.00390	0.00491
15	0.01077	0.01688	0.30579	0.01382	0.05836	0.01055	0.01367	0.01482	0.01130	0.01677	0.01290	0.01821	0.01115	0.01784	0.24411	0.00408	0.04204	0.03904	0.00298	0.13494
16	0.05068	0.01423	0.01656	0.13298	0.05572	0.07997	0.05107	0.29822	0.01807	0.02441	0.01234	0.01541	0.00982	0.05597	0.03597	0.00218	0.00714	0.00511	0.00414	0.11002
17	0.01235	0.01436	0.11461	0.02360	0.09826	0.08780	0.01034	0.01617	0.05844	0.01833	0.05451	0.03023	0.12761	0.00712	0.00541	0.00147	0.00558	0.00586	0.00381	0.30413
18	0.72551	0.04139	0.01018	0.00824	0.01199	0.01374	0.00686	0.07511	0.01149	0.04015	0.00884	0.01000	0.00678	0.00554	0.00382	0.00177	0.00472	0.00336	0.00380	0.00670
19	0.64417	0.05665	0.05670	0.00871	0.01260	0.05666	0.00767	0.01734	0.01078	0.03587	0.01077	0.01189	0.03966	0.00586	0.00400	0.00176	0.00513	0.00370	0.00357	0.00653
20	0.01365	0.01408	0.04774	0.11886	0.46314	0.03648	0.07410	0.01731	0.02740	0.01785	0.01163	0.04381	0.01004	0.00623	0.00700	0.00186	0.07189	0.00569	0.00297	0.00827
21	0.08003	0.01405	0.01147	0.01039	0.01318	0.19754	0.00798	0.09146	0.16452	0.02037	0.06276	0.05991	0.22390	0.00967	0.00593	0.00183	0.00562	0.00767	0.00486	0.00687

[dist]
# distance from previous block
# <min> <max>
0	2

[block]
# block no. 2 follows, 40 sequences, length 7
# corresponding to MSA columns:
# 497-503
name=unknown_C
#
# <colnr> <probs for GDERKNQSTAVLIFYWHMCP>
#	G	D	E	R	K	N	Q	S	T	A	V	L	I	F	Y	W	H	M	C	P
0	0.01115	0.00888	0.01028	0.00975	0.01172	0.00955	0.00749	0.06113	0.24142	0.02044	0.13049	0.14541	0.08005	0.08077	0.00913	0.00240	0.03315	0.09645	0.00541	0.02495
1	0.02138	0.01548	0.01671	0.01303	0.01751	0.01709	0.01069	0.61509	0.11523	0.07389	0.01563	0.01522	0.01109	0.00710	0.00583	0.00178	0.00610	0.00543	0.00590	0.00981
2	0.00916	0.00804	0.04962	0.04282	0.01172	0.00720	0.00749	0.01279	0.08029	0.01885	0.28395	0.11540	0.06620	0.12672	0.01023	0.00261	0.00439	0.13167	0.00524	0.00563
3	0.01102	0.00614	0.00639	0.00589	0.00780	0.00576	0.00448	0.01371	0.01218	0.02128	0.01771	0.02028	0.01399	0.00641	0.00410	0.00128	0.00294	0.00513	0.70762	0.12590
4	0.05146	0.01422	0.01617	0.01560	0.10758	0.05208	0.04336	0.16387	0.41968	0.02536	0.01832	0.01797	0.01380	0.00705	0.00579	0.00187	0.00575	0.00587	0.00515	0.00903
5	0.01420	0.02054	0.36051	0.01958	0.20039	0.01308	0.01679	0.12093	0.01480	0.06361	0.01390	0.09006	0.01163	0.00699	0.00583	0.00185	0.00715	0.00594	0.00360	0.00862
6	0.04491	0.15747	0.09408	0.01946	0.22666	0.18115	0.01359	0.12493	0.04940	0.02002	0.01089	0.01255	0.00874	0.00575	0.00521	0.00162	0.00747	0.00442	0.00339	0.00830

[dist]
# distance from previous block
# <min> <max>
0	6

[block]
# block no. 3 follows, 40 sequences, length 7
# corresponding to MSA columns:
# 510-516
name=unknown_D
#
# <colnr> <probs for GDERKNQSTAVLIFYWHMCP>
#	G	D	E	R	K	N	Q	S	T	A	V	L	I	F	Y	W	H	M	C	P
0	0.09625	0.05566	0.01333	0.01058	0.01395	0.05072	0.00834	0.05842	0.31653	0.17112	0.01908	0.02022	0.01473	0.09731	0.00821	0.00225	0.00526	0.00586	0.00529	0.02690
1	0.00912	0.00673	0.00908	0.08331	0.01255	0.00696	0.00727	0.05765	0.01264	0.01696	0.09651	0.38211	0.03105	0.07390	0.06232	0.02336	0.00523	0.09306	0.00489	0.00529
2	0.01362	0.01096	0.01320	0.12832	0.01796	0.01242	0.01004	0.09625	0.31345	0.05236	0.04881	0.02858	0.09007	0.00933	0.00693	0.00205	0.04419	0.08849	0.00520	0.00778
3	0.01115	0.00646	0.00774	0.00913	0.09313	0.00651	0.00583	0.01390	0.01219	0.02097	0.01790	0.02096	0.01427	0.00860	0.04556	0.00183	0.00390	0.00545	0.68867	0.00586
4	0.01463	0.01441	0.09561	0.03288	0.09033	0.01365	0.07761	0.09955	0.34534	0.04456	0.01811	0.02005	0.01421	0.08300	0.00823	0.00226	0.00611	0.00622	0.00472	0.00852
5	0.10248	0.01997	0.36079	0.01748	0.14530	0.01287	0.01600	0.01795	0.01258	0.07917	0.07370	0.01565	0.01218	0.00660	0.00682	0.00189	0.08203	0.00506	0.00339	0.00810
6	0.00933	0.00923	0.04502	0.01058	0.07704	0.04540	0.00771	0.01223	0.05044	0.01747	0.11977	0.07382	0.39676	0.01263	0.00673	0.00199	0.00429	0.08863	0.00504	0.00588

[dist]
# distance from previous block
# <min> <max>
93	471

# created by:
# /software/SequenceAnalysis/GenePrediction/augustus/3.0.1/scripts/msa2prfl.pl ./fixed/BUSCOvEOG77PZKX.fas
