[name]
unknown

[dist]
# distance from previous block
# <min> <max>
0	119

[block]
# block no. 0 follows, 39 sequences, length 11
# corresponding to MSA columns:
# 139-149
name=unknown_A
#
# <colnr> <probs for GDERKNQSTAVLIFYWHMCP>
#	G	D	E	R	K	N	Q	S	T	A	V	L	I	F	Y	W	H	M	C	P
0	0.00998	0.00781	0.00948	0.00998	0.01189	0.00798	0.00832	0.01525	0.16117	0.01872	0.03650	0.05542	0.19795	0.01434	0.00746	0.00241	0.00472	0.40891	0.00557	0.00613
1	0.02248	0.01656	0.01775	0.01361	0.01834	0.01834	0.01124	0.73556	0.02780	0.03727	0.01420	0.01420	0.01006	0.00710	0.00592	0.00177	0.00651	0.00532	0.00592	0.01006
2	0.01101	0.00804	0.00993	0.00974	0.01125	0.00847	0.00721	0.17782	0.01479	0.01998	0.02493	0.45384	0.02745	0.02108	0.16085	0.00369	0.00665	0.01203	0.00512	0.00612
3	0.01682	0.31659	0.02194	0.01374	0.07777	0.24516	0.01064	0.01887	0.01354	0.01563	0.00919	0.01093	0.00799	0.00541	0.00500	0.00134	0.02968	0.00366	0.00292	0.17319
4	0.01317	0.00931	0.01082	0.00815	0.01245	0.00740	0.00648	0.01580	0.01269	0.08179	0.01362	0.01520	0.01074	0.00521	0.00445	0.00107	0.00406	0.00417	0.19483	0.56859
5	0.02233	0.01357	0.10259	0.01415	0.01948	0.01053	0.15658	0.02568	0.01582	0.52609	0.01960	0.01842	0.01269	0.00666	0.00612	0.00187	0.00645	0.00598	0.00590	0.00949
6	0.01466	0.45588	0.02812	0.01329	0.01860	0.01830	0.17776	0.01743	0.01252	0.01616	0.00955	0.01155	0.00815	0.00490	0.00465	0.00136	0.00678	0.00412	0.00283	0.17339
7	0.00854	0.00696	0.00948	0.00993	0.01019	0.00790	0.00722	0.00963	0.01080	0.01490	0.02682	0.60802	0.03182	0.01663	0.01031	0.00244	0.18431	0.01411	0.00481	0.00519
8	0.01453	0.01346	0.01838	0.01503	0.01899	0.01477	0.17780	0.02852	0.57471	0.02339	0.02126	0.02064	0.01594	0.00732	0.00624	0.00200	0.00591	0.00675	0.00531	0.00904
9	0.01602	0.08129	0.01738	0.01373	0.01598	0.16859	0.01115	0.05030	0.18291	0.03433	0.01272	0.01474	0.01054	0.00893	0.02764	0.00219	0.29691	0.00509	0.00375	0.02581
10	0.01403	0.63627	0.02594	0.00929	0.01373	0.01968	0.00898	0.01585	0.01231	0.01433	0.01866	0.01906	0.15807	0.00706	0.00444	0.00141	0.00565	0.00504	0.00313	0.00706

[dist]
# distance from previous block
# <min> <max>
0	2

[block]
# block no. 1 follows, 39 sequences, length 17
# corresponding to MSA columns:
# 152-168
name=unknown_B
#
# <colnr> <probs for GDERKNQSTAVLIFYWHMCP>
#	G	D	E	R	K	N	Q	S	T	A	V	L	I	F	Y	W	H	M	C	P
0	0.01541	0.01366	0.03543	0.01288	0.01645	0.01413	0.02951	0.02800	0.56054	0.02464	0.02869	0.02787	0.10878	0.00979	0.00690	0.00230	0.00539	0.00777	0.00624	0.04561
1	0.01663	0.01363	0.06281	0.01219	0.01613	0.01388	0.01016	0.05836	0.55729	0.13638	0.02268	0.02083	0.01652	0.00772	0.00598	0.00196	0.00507	0.00637	0.00598	0.00945
2	0.83394	0.01144	0.00869	0.00778	0.01144	0.01327	0.00640	0.01738	0.01006	0.02653	0.00823	0.00961	0.00640	0.00549	0.00366	0.00183	0.00457	0.00320	0.00366	0.00640
3	0.00721	0.00515	0.00686	0.00823	0.00858	0.00480	0.00549	0.00823	0.01132	0.01510	0.03259	0.78831	0.03911	0.01853	0.00755	0.00240	0.00343	0.01681	0.00549	0.00480
4	0.01513	0.01291	0.01361	0.01212	0.01554	0.01491	0.00946	0.06981	0.70552	0.02542	0.02353	0.02164	0.01762	0.00797	0.00601	0.00199	0.00478	0.00661	0.00601	0.00940
5	0.02061	0.05586	0.24665	0.01258	0.01846	0.01150	0.01292	0.05232	0.03453	0.42585	0.01796	0.01684	0.01183	0.00661	0.00570	0.00179	0.00628	0.00525	0.00540	0.03107
6	0.01405	0.13221	0.32761	0.02346	0.31364	0.01546	0.01818	0.05397	0.01357	0.01920	0.01065	0.01300	0.00838	0.00547	0.00547	0.00174	0.00760	0.00460	0.00284	0.00889
7	0.01233	0.02733	0.59983	0.01865	0.02678	0.01401	0.18028	0.01878	0.01281	0.01878	0.01091	0.01326	0.00782	0.00548	0.00592	0.00190	0.00901	0.00495	0.00261	0.00857
8	0.00721	0.00515	0.00686	0.00823	0.00858	0.00480	0.00549	0.00823	0.01132	0.01510	0.03259	0.78831	0.03911	0.01853	0.00755	0.00240	0.00343	0.01681	0.00549	0.00480
9	0.01360	0.02372	0.40132	0.02318	0.21872	0.06365	0.13423	0.01893	0.01326	0.01864	0.01087	0.01349	0.00823	0.00546	0.00588	0.00184	0.00861	0.00499	0.00273	0.00866
10	0.02321	0.01458	0.01642	0.01268	0.01730	0.01549	0.01044	0.50518	0.06046	0.23624	0.01721	0.01623	0.01172	0.00721	0.00593	0.00180	0.00601	0.00556	0.00631	0.01002
11	0.00721	0.00515	0.00686	0.00823	0.00858	0.00480	0.00549	0.00823	0.01132	0.01510	0.03259	0.78831	0.03911	0.01853	0.00755	0.00240	0.00343	0.01681	0.00549	0.00480
12	0.01507	0.65134	0.16884	0.01139	0.01714	0.02158	0.01233	0.01790	0.01210	0.01482	0.00867	0.01005	0.00757	0.00516	0.00414	0.00138	0.00678	0.00339	0.00252	0.00781
13	0.01547	0.48622	0.13773	0.04819	0.10360	0.04052	0.01319	0.06333	0.01337	0.01680	0.00942	0.01114	0.00795	0.00536	0.00457	0.00148	0.00697	0.00383	0.00280	0.00806
14	0.00830	0.00630	0.00769	0.00736	0.00897	0.00581	0.00557	0.01128	0.04278	0.02165	0.53174	0.04721	0.22585	0.01279	0.00698	0.00193	0.00299	0.03301	0.00621	0.00557
15	0.00860	0.00573	0.00645	0.00645	0.00645	0.00573	0.00358	0.00860	0.00860	0.01147	0.01863	0.03870	0.02150	0.79217	0.03010	0.00573	0.00573	0.00860	0.00358	0.00358
16	0.01562	0.01849	0.16001	0.01350	0.01794	0.11468	0.01219	0.07206	0.46037	0.02299	0.01885	0.01819	0.01411	0.00724	0.00584	0.00190	0.00638	0.00577	0.00493	0.00895

[dist]
# distance from previous block
# <min> <max>
0	1

[block]
# block no. 2 follows, 39 sequences, length 41
# corresponding to MSA columns:
# 170-210
name=unknown_C
#
# <colnr> <probs for GDERKNQSTAVLIFYWHMCP>
#	G	D	E	R	K	N	Q	S	T	A	V	L	I	F	Y	W	H	M	C	P
0	0.01013	0.00790	0.00943	0.00872	0.01066	0.00812	0.00663	0.01680	0.21939	0.02400	0.54944	0.03802	0.04529	0.01096	0.00671	0.00190	0.00332	0.00958	0.00637	0.00663
1	0.00845	0.00634	0.00950	0.00950	0.01056	0.00739	0.00739	0.01056	0.00950	0.01373	0.01584	0.02323	0.01478	0.04435	0.76873	0.00950	0.01584	0.00634	0.00317	0.00528
2	0.01464	0.01405	0.02400	0.03630	0.75528	0.01405	0.01815	0.01815	0.01347	0.01932	0.01112	0.01464	0.00937	0.00527	0.00585	0.00176	0.00703	0.00527	0.00293	0.00937
3	0.02293	0.01052	0.01415	0.10145	0.01817	0.01013	0.00971	0.02759	0.12633	0.56035	0.02193	0.01991	0.01436	0.00726	0.00595	0.00187	0.00532	0.00598	0.00657	0.00954
4	0.01464	0.01405	0.02400	0.03630	0.75528	0.01405	0.01815	0.01815	0.01347	0.01932	0.01112	0.01464	0.00937	0.00527	0.00585	0.00176	0.00703	0.00527	0.00293	0.00937
5	0.00845	0.00634	0.00950	0.00950	0.01056	0.00739	0.00739	0.01056	0.00950	0.01373	0.01584	0.02323	0.01478	0.04435	0.76873	0.00950	0.01584	0.00634	0.00317	0.00528
6	0.01226	0.01051	0.01226	0.00876	0.01401	0.00788	0.00701	0.01489	0.01226	0.01927	0.01051	0.01226	0.00876	0.00438	0.00438	0.00088	0.00438	0.00350	0.00350	0.82832
7	0.00705	0.00599	0.00608	0.00606	0.00803	0.00502	0.00454	0.00861	0.01363	0.01633	0.09170	0.05633	0.72086	0.01484	0.00699	0.00199	0.00299	0.01240	0.00554	0.00502
8	0.00973	0.00635	0.00830	0.00764	0.00929	0.00580	0.00579	0.01245	0.01666	0.08030	0.67648	0.04268	0.07216	0.01180	0.00690	0.00186	0.00297	0.01038	0.00654	0.00591
9	0.83394	0.01144	0.00869	0.00778	0.01144	0.01327	0.00640	0.01738	0.01006	0.02653	0.00823	0.00961	0.00640	0.00549	0.00366	0.00183	0.00457	0.00320	0.00366	0.00640
10	0.00845	0.00634	0.00950	0.00950	0.01056	0.00739	0.00739	0.01056	0.00950	0.01373	0.01584	0.02323	0.01478	0.04435	0.76873	0.00950	0.01584	0.00634	0.00317	0.00528
11	0.01471	0.01270	0.01337	0.01203	0.01538	0.01471	0.00936	0.03142	0.74459	0.02474	0.02407	0.02206	0.01805	0.00802	0.00602	0.00201	0.00468	0.00669	0.00602	0.00936
12	0.02608	0.01080	0.01418	0.01087	0.01546	0.00978	0.00898	0.10867	0.01816	0.67778	0.02230	0.01946	0.01412	0.00729	0.00594	0.00182	0.00520	0.00588	0.00716	0.01006
13	0.04019	0.01080	0.01720	0.55134	0.03364	0.01244	0.03767	0.03877	0.01334	0.16790	0.01321	0.01643	0.00931	0.00619	0.00588	0.00193	0.00723	0.00539	0.00372	0.00742
14	0.01117	0.01051	0.01774	0.77795	0.04073	0.01314	0.01642	0.01511	0.01182	0.01511	0.01051	0.01577	0.00788	0.00591	0.00591	0.00197	0.00788	0.00526	0.00263	0.00657
15	0.00712	0.00592	0.00622	0.00632	0.00811	0.00502	0.00467	0.00867	0.01353	0.01650	0.11168	0.12467	0.63106	0.01508	0.00704	0.00202	0.00302	0.01275	0.00557	0.00502
16	0.00721	0.00515	0.00686	0.00823	0.00858	0.00480	0.00549	0.00823	0.01132	0.01510	0.03259	0.78831	0.03911	0.01853	0.00755	0.00240	0.00343	0.01681	0.00549	0.00480
17	0.02212	0.02727	0.01684	0.01511	0.01829	0.70954	0.01141	0.07950	0.01763	0.01626	0.00954	0.01094	0.00781	0.00617	0.00538	0.00154	0.01034	0.00393	0.00327	0.00711
18	0.01308	0.08707	0.56361	0.01663	0.06965	0.01382	0.01892	0.01880	0.01271	0.05404	0.01106	0.01274	0.00806	0.00554	0.00541	0.00174	0.00793	0.00434	0.00284	0.07204
19	0.01581	0.79572	0.03099	0.01012	0.01518	0.02340	0.01012	0.01771	0.01202	0.01391	0.00822	0.00949	0.00759	0.00506	0.00379	0.00126	0.00632	0.00316	0.00253	0.00759
20	0.83394	0.01144	0.00869	0.00778	0.01144	0.01327	0.00640	0.01738	0.01006	0.02653	0.00823	0.00961	0.00640	0.00549	0.00366	0.00183	0.00457	0.00320	0.00366	0.00640
21	0.02159	0.01609	0.01775	0.07361	0.02010	0.01793	0.01165	0.67900	0.02655	0.03553	0.01391	0.01432	0.00989	0.00701	0.00592	0.00179	0.00662	0.00532	0.00566	0.00978
22	0.01226	0.01051	0.01226	0.00876	0.01401	0.00788	0.00701	0.01489	0.01226	0.01927	0.01051	0.01226	0.00876	0.00438	0.00438	0.00088	0.00438	0.00350	0.00350	0.82832
23	0.02209	0.02819	0.01676	0.01524	0.01828	0.76843	0.01143	0.02361	0.01676	0.01447	0.00914	0.01066	0.00762	0.00609	0.00533	0.00152	0.01066	0.00381	0.00305	0.00686
24	0.01106	0.00843	0.01296	0.05557	0.16139	0.00804	0.03951	0.01312	0.01239	0.07482	0.02398	0.44516	0.02618	0.01276	0.00675	0.00208	0.00485	0.01169	0.00472	0.06453
25	0.01747	0.54650	0.02628	0.01142	0.01571	0.14522	0.01044	0.01929	0.01296	0.07255	0.00952	0.01078	0.00816	0.00582	0.00542	0.00145	0.06679	0.00364	0.00300	0.00758
26	0.00860	0.00573	0.00645	0.00645	0.00645	0.00573	0.00358	0.00860	0.00860	0.01147	0.01863	0.03870	0.02150	0.79217	0.03010	0.00573	0.00573	0.00860	0.00358	0.00358
27	0.01413	0.01379	0.02430	0.12903	0.59235	0.01403	0.08955	0.01784	0.01331	0.01875	0.01113	0.01491	0.00914	0.00532	0.00597	0.00181	0.00743	0.00544	0.00290	0.00887
28	0.01226	0.01051	0.01226	0.00876	0.01401	0.00788	0.00701	0.01489	0.01226	0.01927	0.01051	0.01226	0.00876	0.00438	0.00438	0.00088	0.00438	0.00350	0.00350	0.82832
29	0.01202	0.06095	0.73253	0.01659	0.02518	0.01412	0.02138	0.01869	0.01247	0.01854	0.01052	0.01237	0.00750	0.00560	0.00555	0.00185	0.00864	0.00432	0.00250	0.00869
30	0.01633	0.73556	0.02997	0.01039	0.01542	0.02301	0.01021	0.07314	0.01324	0.01572	0.00868	0.00985	0.00778	0.00522	0.00396	0.00130	0.00634	0.00333	0.00279	0.00778
31	0.01396	0.01595	0.03490	0.02493	0.03091	0.01496	0.73380	0.01894	0.01396	0.01894	0.01196	0.01595	0.00897	0.00499	0.00698	0.00199	0.00997	0.00698	0.00299	0.00798
32	0.01226	0.01051	0.01226	0.00876	0.01401	0.00788	0.00701	0.01489	0.01226	0.01927	0.01051	0.01226	0.00876	0.00438	0.00438	0.00088	0.00438	0.00350	0.00350	0.82832
33	0.01310	0.01355	0.02215	0.05445	0.02045	0.01711	0.18707	0.01541	0.01037	0.01541	0.00891	0.01380	0.00806	0.00884	0.01576	0.00241	0.55800	0.00561	0.00269	0.00684
34	0.00849	0.00569	0.00648	0.00659	0.00661	0.00566	0.00373	0.00857	0.00881	0.01175	0.01971	0.09658	0.02286	0.73243	0.02836	0.00548	0.00556	0.00923	0.00373	0.00368
35	0.01635	0.44664	0.02716	0.07290	0.04097	0.09470	0.10264	0.08015	0.03679	0.01719	0.01005	0.01185	0.00838	0.00549	0.00482	0.00152	0.00732	0.00423	0.00306	0.00780
36	0.00846	0.00721	0.00743	0.00725	0.00942	0.00682	0.00547	0.01281	0.15146	0.01758	0.05167	0.08976	0.57560	0.01386	0.00684	0.00202	0.00334	0.01162	0.00559	0.00581
37	0.01416	0.01357	0.02315	0.13780	0.65749	0.01393	0.01791	0.01773	0.01324	0.01874	0.01104	0.01479	0.00916	0.00536	0.00586	0.00179	0.00714	0.00527	0.00289	0.00898
38	0.01607	0.76353	0.03039	0.01033	0.01531	0.05465	0.01017	0.01796	0.01222	0.01394	0.00826	0.00954	0.00759	0.00510	0.00386	0.00128	0.00651	0.00319	0.00255	0.00756
39	0.01186	0.03059	0.76153	0.01686	0.02560	0.01373	0.02185	0.01873	0.01249	0.01873	0.01061	0.01249	0.00749	0.00562	0.00562	0.00187	0.00874	0.00437	0.00250	0.00874
40	0.00856	0.00572	0.00646	0.00650	0.00651	0.00571	0.00364	0.00859	0.00868	0.01157	0.01905	0.06083	0.02202	0.76933	0.02943	0.00563	0.00567	0.00884	0.00364	0.00362

[dist]
# distance from previous block
# <min> <max>
0	0

# created by:
# /software/SequenceAnalysis/GenePrediction/augustus/3.0.1/scripts/msa2prfl.pl ./fixed/BUSCOvEOG7BK6K3.fas
