[name]
unknown

[dist]
# distance from previous block
# <min> <max>
0	233

[block]
# block no. 0 follows, 38 sequences, length 25
# corresponding to MSA columns:
# 276-300
name=unknown_A
#
# <colnr> <probs for GDERKNQSTAVLIFYWHMCP>
#	G	D	E	R	K	N	Q	S	T	A	V	L	I	F	Y	W	H	M	C	P
0	0.00927	0.00679	0.00911	0.01027	0.01176	0.00662	0.00886	0.01184	0.01383	0.01772	0.03660	0.06623	0.15117	0.01639	0.00811	0.00265	0.00513	0.59665	0.00555	0.00546
1	0.02632	0.01132	0.01463	0.01122	0.01590	0.01045	0.00927	0.14426	0.01903	0.63772	0.02221	0.01949	0.01413	0.00741	0.00604	0.00185	0.00536	0.00595	0.00721	0.01024
2	0.01121	0.00561	0.00561	0.00561	0.00701	0.00561	0.00421	0.01402	0.01262	0.02243	0.01962	0.02243	0.01542	0.00701	0.00421	0.00140	0.00280	0.00561	0.82198	0.00561
3	0.00894	0.00582	0.00649	0.00649	0.00660	0.00582	0.00369	0.00915	0.00904	0.01248	0.01901	0.03808	0.02138	0.72926	0.02861	0.00550	0.00560	0.00851	0.06576	0.00379
4	0.01245	0.01282	0.02455	0.09715	0.02531	0.01229	0.38940	0.01621	0.01305	0.01808	0.01504	0.14135	0.01395	0.00755	0.00717	0.00193	0.03953	0.00790	0.00349	0.14078
5	0.01283	0.17597	0.61926	0.01584	0.02402	0.01584	0.01996	0.01885	0.01261	0.01812	0.01033	0.01212	0.00764	0.00561	0.00536	0.00179	0.00842	0.00421	0.00255	0.00867
6	0.00994	0.00845	0.00905	0.00811	0.01096	0.00793	0.00624	0.01538	0.18431	0.01949	0.09629	0.04115	0.40349	0.01159	0.00644	0.00184	0.00366	0.00968	0.00546	0.14054
7	0.01121	0.00561	0.00561	0.00561	0.00701	0.00561	0.00421	0.01402	0.01262	0.02243	0.01962	0.02243	0.01542	0.00701	0.00421	0.00140	0.00280	0.00561	0.82198	0.00561
8	0.00978	0.00849	0.07114	0.00924	0.01137	0.00664	0.00795	0.01255	0.01494	0.06114	0.33319	0.15019	0.10905	0.01356	0.00725	0.00216	0.00414	0.15533	0.00586	0.00600
9	0.02285	0.01417	0.01608	0.01260	0.01711	0.01501	0.01031	0.42304	0.11010	0.25049	0.01879	0.03232	0.01318	0.00763	0.00607	0.00186	0.00589	0.00600	0.00645	0.01004
10	0.00723	0.00592	0.00638	0.00664	0.00829	0.00507	0.00484	0.00872	0.01344	0.01648	0.09147	0.20579	0.56723	0.01582	0.00723	0.00211	0.00313	0.01350	0.00564	0.00507
11	0.02287	0.01685	0.01805	0.01384	0.01866	0.01866	0.01143	0.73100	0.02828	0.03791	0.01444	0.01444	0.01023	0.00722	0.00602	0.00181	0.00662	0.00542	0.00602	0.01023
12	0.01859	0.01804	0.02160	0.01954	0.12495	0.16366	0.15890	0.23033	0.13774	0.02485	0.01416	0.01547	0.01075	0.00647	0.00613	0.00184	0.00794	0.00568	0.00442	0.00894
13	0.01753	0.36222	0.02307	0.01273	0.01613	0.27504	0.01090	0.01928	0.01340	0.01484	0.00920	0.01131	0.00816	0.00649	0.00701	0.00160	0.13407	0.00390	0.04595	0.00717
14	0.01436	0.02031	0.25848	0.02661	0.33558	0.02955	0.13539	0.04867	0.03616	0.02022	0.01178	0.01454	0.00912	0.00560	0.00606	0.00187	0.00817	0.00537	0.00307	0.00907
15	0.02050	0.26993	0.02182	0.01357	0.01760	0.40636	0.01117	0.13792	0.01735	0.01834	0.00984	0.01106	0.00815	0.00603	0.00502	0.00151	0.00875	0.00392	0.00341	0.00775
16	0.00781	0.00593	0.00791	0.00891	0.00930	0.00603	0.00618	0.00890	0.01140	0.01532	0.03205	0.69368	0.06283	0.01802	0.00867	0.00244	0.06831	0.01595	0.00534	0.00504
17	0.83108	0.01163	0.00884	0.00791	0.01163	0.01350	0.00651	0.01768	0.01024	0.02699	0.00838	0.00977	0.00651	0.00558	0.00372	0.00186	0.00465	0.00326	0.00372	0.00651
18	0.01879	0.01668	0.11601	0.01941	0.02520	0.01354	0.36380	0.05248	0.01616	0.22907	0.01867	0.02034	0.04372	0.00718	0.00708	0.00218	0.00843	0.00700	0.00489	0.00937
19	0.01047	0.00725	0.00928	0.00898	0.01033	0.00682	0.00668	0.01253	0.04211	0.02232	0.51896	0.04301	0.04588	0.01466	0.01036	0.13704	0.00402	0.07715	0.00620	0.00595
20	0.14367	0.00730	0.00830	0.00909	0.01019	0.00714	0.00630	0.01109	0.01250	0.01908	0.08413	0.58812	0.03618	0.01674	0.00747	0.00252	0.00408	0.01452	0.00573	0.00588
21	0.00988	0.00767	0.01077	0.01390	0.13130	0.00721	0.00825	0.01099	0.01264	0.01722	0.03036	0.64510	0.03538	0.01720	0.00788	0.00255	0.00454	0.01533	0.00553	0.00631
22	0.01212	0.01027	0.01495	0.01329	0.01449	0.01173	0.08962	0.01370	0.01188	0.01774	0.01983	0.25690	0.02071	0.01436	0.04907	0.00286	0.27192	0.00965	0.13828	0.00664
23	0.01092	0.00693	0.00841	0.08761	0.01228	0.00689	0.00664	0.01276	0.01287	0.01989	0.02514	0.32707	0.02539	0.01242	0.00633	0.00211	0.00408	0.01054	0.39566	0.00608
24	0.01186	0.00701	0.00905	0.00961	0.01078	0.00631	0.00668	0.01277	0.01322	0.13771	0.03239	0.64602	0.03626	0.01754	0.00789	0.00256	0.00420	0.01544	0.00626	0.00643

[dist]
# distance from previous block
# <min> <max>
0	2

[block]
# block no. 1 follows, 38 sequences, length 10
# corresponding to MSA columns:
# 303-312
name=unknown_B
#
# <colnr> <probs for GDERKNQSTAVLIFYWHMCP>
#	G	D	E	R	K	N	Q	S	T	A	V	L	I	F	Y	W	H	M	C	P
0	0.01793	0.01335	0.01401	0.01151	0.01467	0.04202	0.00889	0.40650	0.07540	0.04957	0.01734	0.05683	0.01532	0.21463	0.01259	0.00291	0.00624	0.00690	0.00531	0.00807
1	0.01479	0.58398	0.02466	0.00905	0.01321	0.01899	0.00868	0.01696	0.01233	0.01634	0.01134	0.01303	0.00976	0.00564	0.00395	0.00132	0.00547	0.00385	0.21949	0.00716
2	0.01411	0.01102	0.01291	0.00933	0.01459	0.00870	0.00750	0.05837	0.01374	0.07245	0.01183	0.01315	0.00941	0.00483	0.00466	0.00101	0.00463	0.00385	0.00398	0.71992
3	0.01247	0.01069	0.01247	0.00891	0.01426	0.00802	0.00713	0.01515	0.01247	0.01960	0.01069	0.01247	0.00891	0.00446	0.00446	0.00089	0.00446	0.00356	0.00356	0.82536
4	0.01496	0.01292	0.01360	0.01224	0.01564	0.01496	0.00952	0.03197	0.74019	0.02516	0.02448	0.02244	0.01836	0.00816	0.00612	0.00204	0.00476	0.00680	0.00612	0.00952
5	0.22538	0.00698	0.00743	0.00813	0.00946	0.00718	0.00578	0.01085	0.01130	0.01848	0.02810	0.54030	0.06924	0.01514	0.00660	0.00227	0.00377	0.01320	0.00509	0.00533
6	0.22539	0.00693	0.00747	0.00825	0.00950	0.00717	0.00583	0.01084	0.01118	0.01844	0.02660	0.57953	0.03098	0.01534	0.00663	0.00229	0.00380	0.01344	0.00509	0.00532
7	0.01236	0.02636	0.56179	0.01679	0.02333	0.01515	0.01983	0.01784	0.01178	0.01784	0.01003	0.01282	0.00769	0.00699	0.00943	0.00210	0.21238	0.00466	0.00256	0.00828
8	0.23041	0.01207	0.01178	0.01063	0.01402	0.01383	0.00835	0.02643	0.49239	0.02498	0.02296	0.02175	0.07008	0.00801	0.00556	0.00199	0.00460	0.00631	0.00545	0.00839
9	0.23585	0.01540	0.01455	0.01173	0.01586	0.06873	0.00957	0.43492	0.02146	0.03215	0.01289	0.01359	0.00949	0.00670	0.00522	0.00177	0.00609	0.00475	0.07064	0.00865

[dist]
# distance from previous block
# <min> <max>
0	33

[block]
# block no. 2 follows, 38 sequences, length 18
# corresponding to MSA columns:
# 346-363
name=unknown_C
#
# <colnr> <probs for GDERKNQSTAVLIFYWHMCP>
#	G	D	E	R	K	N	Q	S	T	A	V	L	I	F	Y	W	H	M	C	P
0	0.01151	0.01079	0.01785	0.74162	0.04033	0.01343	0.01640	0.01608	0.04309	0.01579	0.01128	0.01631	0.00846	0.00611	0.00602	0.00201	0.00788	0.00541	0.00282	0.00680
1	0.01122	0.00814	0.00985	0.00993	0.01143	0.00833	0.00736	0.17923	0.01570	0.02093	0.02862	0.53393	0.03232	0.01589	0.00735	0.00232	0.00443	0.08113	0.00568	0.00621
2	0.00913	0.00705	0.00854	0.00929	0.01036	0.00726	0.00651	0.01394	0.18341	0.01767	0.03111	0.60485	0.03473	0.01633	0.00731	0.00235	0.00379	0.01467	0.00571	0.00598
3	0.00968	0.00784	0.01038	0.01047	0.01102	0.00895	0.00774	0.05528	0.01203	0.01657	0.02602	0.55420	0.03041	0.01615	0.01042	0.00245	0.18629	0.01357	0.00492	0.00562
4	0.01513	0.01387	0.01896	0.01541	0.01950	0.01518	0.17938	0.05964	0.53769	0.02433	0.02114	0.02063	0.01583	0.00739	0.00635	0.00203	0.00611	0.00681	0.00539	0.00922
5	0.01396	0.00826	0.00854	0.00755	0.00976	0.00869	0.00591	0.18315	0.01631	0.02608	0.01840	0.02054	0.01420	0.00706	0.00463	0.00150	0.00370	0.00556	0.62950	0.00670
6	0.00749	0.00539	0.00702	0.00810	0.00863	0.00501	0.00546	0.00869	0.01205	0.01610	0.10287	0.64412	0.07818	0.04988	0.00854	0.00251	0.00350	0.01592	0.00560	0.00492
7	0.21352	0.01562	0.01588	0.01244	0.01700	0.01744	0.01027	0.56273	0.02403	0.03534	0.01301	0.01334	0.00935	0.00684	0.00548	0.00182	0.00616	0.00491	0.00548	0.00935
8	0.01366	0.01460	0.02857	0.03881	0.02664	0.01367	0.49676	0.01790	0.01343	0.01895	0.01152	0.01514	0.00897	0.00529	0.00725	0.00180	0.05703	0.00611	0.00313	0.20077
9	0.01571	0.01720	0.19120	0.08950	0.10700	0.01392	0.01426	0.09915	0.22836	0.08927	0.01642	0.01702	0.01205	0.00666	0.00588	0.00187	0.00654	0.00553	0.00453	0.05794
10	0.01317	0.20614	0.38983	0.01381	0.02090	0.01493	0.03536	0.01789	0.01258	0.01803	0.01023	0.01202	0.00799	0.00527	0.00502	0.00152	0.00730	0.00402	0.00280	0.20119
11	0.20434	0.00782	0.00874	0.00791	0.01012	0.00783	0.00609	0.01447	0.01510	0.09469	0.47352	0.03406	0.03943	0.04238	0.00717	0.00204	0.00361	0.00853	0.00589	0.00623
12	0.01926	0.00828	0.01078	0.00888	0.01207	0.00740	0.00710	0.02181	0.01619	0.42628	0.19368	0.02666	0.02488	0.00850	0.00590	0.00177	0.00409	0.00709	0.18118	0.00817
13	0.09897	0.05050	0.01701	0.01291	0.01720	0.07525	0.01059	0.47599	0.06855	0.03176	0.03361	0.01476	0.01126	0.00712	0.00604	0.00179	0.02798	0.00518	0.00529	0.02824
14	0.01294	0.00734	0.00944	0.00868	0.01080	0.00680	0.00658	0.01608	0.06119	0.19428	0.33548	0.19653	0.08460	0.01248	0.00691	0.00202	0.00365	0.01093	0.00650	0.00679
15	0.01045	0.00522	0.00784	0.00784	0.00784	0.00522	0.00522	0.00784	0.00784	0.01045	0.01045	0.01829	0.01045	0.02090	0.02351	0.82497	0.00522	0.00522	0.00261	0.00261
16	0.00793	0.00580	0.00745	0.00773	0.00881	0.00532	0.00554	0.00997	0.01463	0.02007	0.41268	0.32464	0.11700	0.01505	0.00732	0.00211	0.00310	0.01340	0.00613	0.00532
17	0.03766	0.02427	0.43438	0.06121	0.02543	0.01517	0.10180	0.18677	0.01644	0.02353	0.01174	0.01364	0.00841	0.00601	0.00591	0.00190	0.00833	0.00500	0.00346	0.00892

[dist]
# distance from previous block
# <min> <max>
0	1

[block]
# block no. 3 follows, 38 sequences, length 9
# corresponding to MSA columns:
# 365-373
name=unknown_D
#
# <colnr> <probs for GDERKNQSTAVLIFYWHMCP>
#	G	D	E	R	K	N	Q	S	T	A	V	L	I	F	Y	W	H	M	C	P
0	0.00738	0.00584	0.00655	0.00690	0.00830	0.00511	0.00492	0.00881	0.01315	0.01650	0.11363	0.26407	0.44845	0.05221	0.00837	0.00231	0.00329	0.01361	0.00559	0.00501
1	0.01095	0.01045	0.01870	0.45881	0.03202	0.01174	0.14540	0.01447	0.01231	0.01609	0.01617	0.19410	0.01558	0.00881	0.00660	0.00211	0.00736	0.00839	0.00342	0.00653
2	0.01263	0.05969	0.31773	0.01828	0.08857	0.01276	0.17563	0.01640	0.01198	0.01691	0.01094	0.01483	0.00879	0.00903	0.01007	0.19252	0.00804	0.00524	0.00271	0.00726
3	0.01497	0.02022	0.19234	0.01747	0.02195	0.14218	0.18227	0.07302	0.01408	0.01849	0.01159	0.03284	0.00962	0.01015	0.07025	0.00264	0.14939	0.00566	0.00317	0.00768
4	0.01392	0.01685	0.18782	0.01327	0.01918	0.01209	0.07721	0.09007	0.11625	0.02205	0.01316	0.01446	0.01009	0.00560	0.00538	0.00148	0.00626	0.00473	0.00388	0.36625
5	0.21156	0.01323	0.01443	0.01132	0.01583	0.01388	0.00935	0.30967	0.02007	0.29721	0.01643	0.01556	0.01107	0.00692	0.00550	0.00184	0.00562	0.00515	0.00601	0.00937
6	0.01239	0.00708	0.00885	0.00787	0.01021	0.00624	0.00609	0.01473	0.01612	0.19119	0.38281	0.04299	0.24583	0.01202	0.00686	0.00192	0.00343	0.01028	0.00652	0.00656
7	0.01025	0.00831	0.01199	0.08452	0.01441	0.01037	0.00929	0.01247	0.01017	0.01530	0.01413	0.02032	0.01275	0.02848	0.42207	0.00625	0.19000	0.00596	0.10716	0.00581
8	0.20620	0.37791	0.02150	0.01039	0.01492	0.01884	0.00937	0.14372	0.05049	0.05417	0.03527	0.01277	0.01033	0.00609	0.00452	0.00159	0.00580	0.00416	0.00396	0.00801

[dist]
# distance from previous block
# <min> <max>
0	2

[block]
# block no. 4 follows, 38 sequences, length 9
# corresponding to MSA columns:
# 376-384
name=unknown_E
#
# <colnr> <probs for GDERKNQSTAVLIFYWHMCP>
#	G	D	E	R	K	N	Q	S	T	A	V	L	I	F	Y	W	H	M	C	P
0	0.02014	0.21186	0.02064	0.01280	0.01712	0.11729	0.01085	0.39519	0.02126	0.02724	0.01229	0.01315	0.00947	0.00668	0.00580	0.00165	0.03476	0.00467	0.04837	0.00879
1	0.00765	0.00593	0.00687	0.00700	0.00844	0.00525	0.00506	0.00941	0.01409	0.01827	0.26185	0.19370	0.37201	0.04704	0.00819	0.00223	0.00318	0.01283	0.00582	0.00516
2	0.01198	0.00745	0.00768	0.00733	0.00914	0.00797	0.00550	0.01815	0.19457	0.02237	0.02080	0.02360	0.01660	0.06120	0.00651	0.00187	0.00350	0.00612	0.56121	0.00645
3	0.00899	0.00611	0.00735	0.00769	0.00804	0.00611	0.00516	0.00968	0.01003	0.01325	0.02218	0.04650	0.02506	0.59524	0.02503	0.00507	0.00576	0.18452	0.00412	0.00412
4	0.00716	0.00588	0.00632	0.00667	0.00828	0.00503	0.00482	0.00857	0.01316	0.01603	0.05398	0.23991	0.57109	0.01614	0.00725	0.00213	0.00316	0.01380	0.00559	0.00503
5	0.01056	0.00849	0.01188	0.01226	0.01330	0.00980	0.01056	0.01297	0.01269	0.01712	0.02585	0.05416	0.02793	0.01509	0.01117	0.00274	0.19890	0.53392	0.00481	0.00580
6	0.01866	0.01226	0.01313	0.01056	0.01408	0.01322	0.00857	0.42402	0.02179	0.06827	0.01687	0.01777	0.01243	0.00715	0.00533	0.00166	0.00510	0.00552	0.31512	0.00848
7	0.02287	0.01685	0.01805	0.01384	0.01866	0.01866	0.01143	0.73100	0.02828	0.03791	0.01444	0.01444	0.01023	0.00722	0.00602	0.00181	0.00662	0.00542	0.00602	0.01023
8	0.02287	0.01685	0.01805	0.01384	0.01866	0.01866	0.01143	0.73100	0.02828	0.03791	0.01444	0.01444	0.01023	0.00722	0.00602	0.00181	0.00662	0.00542	0.00602	0.01023

[dist]
# distance from previous block
# <min> <max>
5	11

[block]
# block no. 5 follows, 38 sequences, length 17
# corresponding to MSA columns:
# 396-412
name=unknown_F
#
# <colnr> <probs for GDERKNQSTAVLIFYWHMCP>
#	G	D	E	R	K	N	Q	S	T	A	V	L	I	F	Y	W	H	M	C	P
0	0.00894	0.00887	0.08878	0.00874	0.01096	0.00662	0.00762	0.01223	0.01643	0.02333	0.63966	0.04239	0.05058	0.01176	0.00700	0.00193	0.00360	0.03841	0.00614	0.00602
1	0.01318	0.01217	0.02042	0.02954	0.55039	0.01246	0.01550	0.01637	0.01261	0.01811	0.01262	0.01726	0.01102	0.01614	0.21163	0.00392	0.00958	0.00565	0.00304	0.00840
2	0.00911	0.00600	0.00720	0.00690	0.00837	0.00560	0.00517	0.01182	0.01552	0.02292	0.48572	0.04006	0.11078	0.01114	0.00631	0.00177	0.00285	0.00962	0.22753	0.00560
3	0.61200	0.01305	0.01134	0.00952	0.01354	0.01489	0.00785	0.21103	0.01513	0.02995	0.01002	0.01104	0.00752	0.00603	0.00434	0.00185	0.00519	0.00384	0.00434	0.00752
4	0.01207	0.03112	0.75741	0.01715	0.02604	0.01397	0.02223	0.01905	0.01270	0.01905	0.01080	0.01270	0.00762	0.00572	0.00572	0.00191	0.00889	0.00445	0.00254	0.00889
5	0.00831	0.00599	0.00785	0.00771	0.00894	0.00554	0.00566	0.01083	0.01606	0.02258	0.62219	0.17502	0.05378	0.01345	0.00720	0.00199	0.00295	0.01197	0.00644	0.00554
6	0.00803	0.00583	0.00758	0.00778	0.00886	0.00537	0.00559	0.01018	0.01494	0.02068	0.46488	0.30532	0.08303	0.01473	0.00730	0.00209	0.00308	0.01315	0.00621	0.00537
7	0.01371	0.57889	0.02487	0.00977	0.01362	0.01868	0.00902	0.01540	0.01203	0.01448	0.01508	0.21972	0.01641	0.00886	0.00490	0.00160	0.00564	0.00698	0.00339	0.00695
8	0.01284	0.01184	0.01969	0.02919	0.54984	0.01174	0.01497	0.01573	0.01311	0.01849	0.01724	0.22354	0.01773	0.00902	0.00642	0.00196	0.00616	0.00854	0.00368	0.00827
9	0.00733	0.00524	0.00698	0.00838	0.00873	0.00489	0.00558	0.00838	0.01152	0.01536	0.03316	0.78466	0.03979	0.01885	0.00768	0.00244	0.00349	0.01710	0.00558	0.00489
10	0.00836	0.00567	0.00667	0.00705	0.00715	0.00558	0.00417	0.00865	0.00950	0.01267	0.02280	0.24138	0.02673	0.57994	0.02440	0.00491	0.00520	0.01101	0.00417	0.00398
11	0.01792	0.58204	0.02787	0.01126	0.01631	0.02241	0.01060	0.21127	0.01658	0.02059	0.01001	0.01095	0.00840	0.00571	0.00444	0.00143	0.00648	0.00381	0.00351	0.00840
12	0.00992	0.21976	0.04862	0.00930	0.01135	0.01044	0.00764	0.01149	0.01176	0.01520	0.02539	0.53860	0.02960	0.01452	0.00655	0.00210	0.00454	0.01275	0.00463	0.00584
13	0.01476	0.57899	0.02450	0.00902	0.01315	0.01887	0.00864	0.01693	0.01233	0.01640	0.01142	0.01311	0.00981	0.00565	0.00395	0.00132	0.00545	0.00386	0.22468	0.00715
14	0.01207	0.03112	0.75741	0.01715	0.02604	0.01397	0.02223	0.01905	0.01270	0.01905	0.01080	0.01270	0.00762	0.00572	0.00572	0.00191	0.00889	0.00445	0.00254	0.00889
15	0.01338	0.04219	0.17588	0.23109	0.36349	0.01430	0.01827	0.01809	0.03238	0.01833	0.01129	0.01477	0.00890	0.00568	0.00586	0.00186	0.00766	0.00513	0.00287	0.00856
16	0.00733	0.00524	0.00698	0.00838	0.00873	0.00489	0.00558	0.00838	0.01152	0.01536	0.03316	0.78466	0.03979	0.01885	0.00768	0.00244	0.00349	0.01710	0.00558	0.00489

[dist]
# distance from previous block
# <min> <max>
12	29

[block]
# block no. 6 follows, 38 sequences, length 11
# corresponding to MSA columns:
# 442-452
name=unknown_G
#
# <colnr> <probs for GDERKNQSTAVLIFYWHMCP>
#	G	D	E	R	K	N	Q	S	T	A	V	L	I	F	Y	W	H	M	C	P
0	0.03493	0.14423	0.09973	0.34710	0.15676	0.05612	0.01579	0.04578	0.01330	0.01747	0.01044	0.01392	0.00823	0.00577	0.00552	0.00180	0.00771	0.00477	0.00288	0.00774
1	0.00750	0.00588	0.00683	0.00730	0.00869	0.00520	0.00534	0.00910	0.01340	0.01697	0.12805	0.28835	0.39938	0.01614	0.00737	0.00219	0.00332	0.05817	0.00570	0.00511
2	0.13604	0.00839	0.00966	0.00865	0.01103	0.00845	0.00671	0.05378	0.06221	0.10769	0.43111	0.07321	0.03861	0.01055	0.00638	0.00192	0.00373	0.00896	0.00616	0.00676
3	0.01465	0.01050	0.01244	0.00955	0.01389	0.00903	0.00760	0.11283	0.01579	0.10585	0.12529	0.05963	0.01864	0.00712	0.00542	0.00136	0.00453	0.00592	0.00491	0.45504
4	0.01429	0.00857	0.00889	0.00778	0.01008	0.00905	0.00611	0.20305	0.01675	0.02651	0.01826	0.02032	0.01405	0.00706	0.00468	0.00151	0.00381	0.00556	0.60686	0.00683
5	0.00767	0.00567	0.00717	0.00774	0.00871	0.00517	0.00545	0.00937	0.01364	0.01830	0.26602	0.42854	0.16211	0.01616	0.00740	0.00220	0.00321	0.01439	0.00592	0.00517
6	0.00733	0.00524	0.00698	0.00838	0.00873	0.00489	0.00558	0.00838	0.01152	0.01536	0.03316	0.78466	0.03979	0.01885	0.00768	0.00244	0.00349	0.01710	0.00558	0.00489
7	0.01250	0.02837	0.64499	0.01640	0.02447	0.01412	0.02031	0.02100	0.12265	0.01998	0.01286	0.01417	0.00924	0.00609	0.00578	0.00193	0.00827	0.00480	0.00308	0.00899
8	0.02699	0.01024	0.01396	0.01070	0.01536	0.00884	0.00884	0.02932	0.01722	0.75522	0.02373	0.02048	0.01489	0.00745	0.00605	0.00186	0.00512	0.00605	0.00745	0.01024
9	0.02418	0.01065	0.01387	0.01060	0.01532	0.00931	0.00870	0.05267	0.04471	0.59000	0.02145	0.01912	0.01395	0.00701	0.00581	0.00172	0.00506	0.00568	0.00676	0.13341
10	0.01420	0.01359	0.02318	0.17997	0.61336	0.01411	0.01812	0.01786	0.01337	0.01882	0.01119	0.01511	0.00924	0.00549	0.00597	0.00183	0.00732	0.00536	0.00292	0.00898

[dist]
# distance from previous block
# <min> <max>
5	12

[block]
# block no. 7 follows, 38 sequences, length 26
# corresponding to MSA columns:
# 466-491
name=unknown_H
#
# <colnr> <probs for GDERKNQSTAVLIFYWHMCP>
#	G	D	E	R	K	N	Q	S	T	A	V	L	I	F	Y	W	H	M	C	P
0	0.02263	0.02405	0.01744	0.01485	0.01862	0.47307	0.01155	0.30022	0.02144	0.02378	0.01131	0.01225	0.00872	0.00660	0.00566	0.00165	0.00920	0.00448	0.00424	0.00825
1	0.01195	0.00999	0.01172	0.00904	0.01347	0.00796	0.00705	0.03503	0.03105	0.01954	0.01500	0.14538	0.01449	0.00710	0.00510	0.00121	0.00436	0.00602	0.00405	0.64048
2	0.08131	0.04720	0.53280	0.01571	0.02291	0.14342	0.01843	0.01959	0.01334	0.01896	0.02744	0.01282	0.00870	0.00593	0.00549	0.00182	0.00868	0.00437	0.00283	0.00826
3	0.67449	0.01076	0.00909	0.00810	0.01144	0.01216	0.00653	0.01733	0.01045	0.07715	0.00973	0.01157	0.00759	0.00757	0.00628	0.10116	0.00476	0.00369	0.00386	0.00631
4	0.00733	0.00524	0.00698	0.00838	0.00873	0.00489	0.00558	0.00838	0.01152	0.01536	0.03316	0.78466	0.03979	0.01885	0.00768	0.00244	0.00349	0.01710	0.00558	0.00489
5	0.01459	0.50913	0.30151	0.01284	0.01938	0.02015	0.01473	0.01840	0.01240	0.01598	0.00927	0.01078	0.00768	0.00536	0.00455	0.00152	0.00735	0.00367	0.00256	0.00816
6	0.00896	0.00627	0.00808	0.00756	0.00911	0.00573	0.00569	0.01169	0.01680	0.04518	0.67766	0.04513	0.10469	0.01236	0.00707	0.00190	0.00292	0.01087	0.00657	0.00577
7	0.00859	0.00645	0.00967	0.00967	0.01074	0.00752	0.00752	0.01074	0.00967	0.01396	0.01611	0.02363	0.01504	0.04512	0.76474	0.00967	0.01611	0.00645	0.00322	0.00537
8	0.00892	0.00637	0.00881	0.01020	0.01124	0.00626	0.00835	0.01113	0.01309	0.01714	0.03228	0.30184	0.03631	0.01735	0.00810	0.00266	0.00487	0.48420	0.00555	0.00533
9	0.01309	0.01306	0.01841	0.04751	0.01687	0.01821	0.01331	0.01451	0.00933	0.01451	0.00801	0.01328	0.00790	0.01034	0.01917	0.00261	0.74539	0.00527	0.00263	0.00658
10	0.00940	0.00706	0.00765	0.00711	0.00936	0.00633	0.00545	0.06178	0.01549	0.05323	0.17390	0.05083	0.54305	0.01380	0.00698	0.00198	0.00336	0.01156	0.00588	0.00579
11	0.00742	0.00527	0.00695	0.00826	0.00858	0.00495	0.00546	0.00840	0.01133	0.01511	0.03222	0.73534	0.03860	0.06978	0.00920	0.00267	0.00365	0.01655	0.00546	0.00480
12	0.01402	0.01745	0.09494	0.02468	0.03100	0.01511	0.67100	0.01925	0.01408	0.01925	0.01206	0.01594	0.00900	0.00512	0.00699	0.00202	0.01004	0.00688	0.00300	0.00818
13	0.00733	0.00524	0.00698	0.00838	0.00873	0.00489	0.00558	0.00838	0.01152	0.01536	0.03316	0.78466	0.03979	0.01885	0.00768	0.00244	0.00349	0.01710	0.00558	0.00489
14	0.00733	0.00524	0.00698	0.00838	0.00873	0.00489	0.00558	0.00838	0.01152	0.01536	0.03316	0.78466	0.03979	0.01885	0.00768	0.00244	0.00349	0.01710	0.00558	0.00489
15	0.01496	0.01292	0.01360	0.01224	0.01564	0.01496	0.00952	0.03197	0.74019	0.02516	0.02448	0.02244	0.01836	0.00816	0.00612	0.00204	0.00476	0.00680	0.00612	0.00952
16	0.01496	0.01292	0.01360	0.01224	0.01564	0.01496	0.00952	0.03197	0.74019	0.02516	0.02448	0.02244	0.01836	0.00816	0.00612	0.00204	0.00476	0.00680	0.00612	0.00952
17	0.01019	0.00698	0.00878	0.00807	0.00991	0.00662	0.00614	0.01408	0.07638	0.07247	0.59870	0.04223	0.09245	0.01181	0.00695	0.00191	0.00316	0.01033	0.00657	0.00626
18	0.01553	0.68733	0.13154	0.01124	0.01690	0.02245	0.01194	0.01816	0.01229	0.01483	0.00870	0.01007	0.00771	0.00523	0.00412	0.00137	0.00677	0.00339	0.00257	0.00788
19	0.01427	0.42230	0.34968	0.01339	0.02011	0.01908	0.01550	0.01910	0.04556	0.01681	0.01017	0.01157	0.00816	0.00553	0.00478	0.00159	0.00744	0.00392	0.00272	0.00832
20	0.83108	0.01163	0.00884	0.00791	0.01163	0.01350	0.00651	0.01768	0.01024	0.02699	0.00838	0.00977	0.00651	0.00558	0.00372	0.00186	0.00465	0.00326	0.00372	0.00651
21	0.00769	0.00625	0.00690	0.00713	0.00900	0.00546	0.00560	0.00953	0.01396	0.01711	0.10154	0.05889	0.56844	0.01530	0.00733	0.00216	0.00350	0.14335	0.00565	0.00520
22	0.01405	0.01583	0.03408	0.07081	0.05611	0.01507	0.66255	0.01901	0.01405	0.01905	0.01205	0.01617	0.00907	0.00514	0.00700	0.00202	0.00991	0.00694	0.00302	0.00807
23	0.02202	0.00972	0.01283	0.01049	0.01434	0.00890	0.00858	0.02593	0.08957	0.52877	0.11599	0.02767	0.02216	0.00889	0.00637	0.00196	0.00483	0.06474	0.00705	0.00920
24	0.00754	0.00597	0.00628	0.00638	0.00777	0.00526	0.00441	0.00864	0.01229	0.01502	0.04825	0.10522	0.51267	0.21256	0.01314	0.00303	0.00379	0.01201	0.00509	0.00470
25	0.01322	0.00719	0.00955	0.00837	0.01061	0.00648	0.00648	0.01593	0.01708	0.21042	0.56336	0.03870	0.04609	0.01106	0.00683	0.00188	0.00342	0.00965	0.00683	0.00684

[dist]
# distance from previous block
# <min> <max>
0	1

[block]
# block no. 8 follows, 38 sequences, length 14
# corresponding to MSA columns:
# 493-506
name=unknown_I
#
# <colnr> <probs for GDERKNQSTAVLIFYWHMCP>
#	G	D	E	R	K	N	Q	S	T	A	V	L	I	F	Y	W	H	M	C	P
0	0.01513	0.08811	0.01345	0.09582	0.01544	0.01168	0.00840	0.18507	0.01638	0.05613	0.01628	0.04382	0.01294	0.00701	0.00502	0.00157	0.00490	0.00556	0.33360	0.06367
1	0.06751	0.14144	0.09005	0.01001	0.01556	0.01182	0.00922	0.03308	0.01268	0.01957	0.01025	0.01190	0.00846	0.00484	0.00447	0.00114	0.00529	0.00362	0.00337	0.53570
2	0.20545	0.42677	0.02321	0.01184	0.05934	0.03524	0.00997	0.09009	0.01385	0.06208	0.01005	0.01112	0.00821	0.00562	0.00433	0.00154	0.00610	0.00375	0.00350	0.00793
3	0.09992	0.01173	0.01195	0.01009	0.01378	0.05390	0.00794	0.02281	0.25718	0.10566	0.06185	0.01930	0.01598	0.00698	0.00531	0.00164	0.00476	0.00556	0.08694	0.19672
4	0.79459	0.01159	0.00925	0.04202	0.01296	0.01349	0.00697	0.01758	0.01032	0.02647	0.00848	0.01005	0.00658	0.00560	0.00382	0.00187	0.00480	0.00335	0.00368	0.00652
5	0.01545	0.01585	0.06753	0.08801	0.51438	0.03803	0.06053	0.08980	0.01511	0.02094	0.01154	0.01476	0.00929	0.00563	0.00600	0.00182	0.00756	0.00537	0.00324	0.00918
6	0.01845	0.36516	0.14356	0.01280	0.01846	0.01790	0.05499	0.10420	0.01537	0.17633	0.01298	0.01341	0.00961	0.00597	0.00507	0.00161	0.00679	0.00451	0.00404	0.00876
7	0.01270	0.01001	0.01118	0.01026	0.01288	0.01087	0.00787	0.02317	0.41787	0.05410	0.22544	0.08316	0.07431	0.01043	0.00655	0.00202	0.00406	0.00895	0.00624	0.00791
8	0.01045	0.00522	0.00784	0.00784	0.00784	0.00522	0.00522	0.00784	0.00784	0.01045	0.01045	0.01829	0.01045	0.02090	0.02351	0.82497	0.00522	0.00522	0.00261	0.00261
9	0.01917	0.15709	0.10588	0.03766	0.01916	0.34294	0.01241	0.08292	0.09935	0.05074	0.01216	0.01307	0.00948	0.00632	0.00536	0.00165	0.00846	0.00443	0.00371	0.00803
10	0.00793	0.00549	0.00680	0.00761	0.00781	0.00529	0.00476	0.00853	0.01034	0.01379	0.02712	0.46813	0.03218	0.34575	0.01742	0.00388	0.00448	0.01355	0.00476	0.00436
11	0.00764	0.00548	0.00726	0.00816	0.00879	0.00510	0.00561	0.00916	0.01298	0.01768	0.22221	0.58900	0.04428	0.01711	0.00752	0.00230	0.00332	0.01546	0.00586	0.00510
12	0.01186	0.00801	0.00916	0.00840	0.00967	0.00868	0.00606	0.12863	0.01322	0.01935	0.01837	0.07254	0.01797	0.30215	0.08045	0.00396	0.05006	0.00748	0.21837	0.00562
13	0.01530	0.57434	0.14559	0.01151	0.01689	0.06339	0.01198	0.01808	0.01289	0.01563	0.05781	0.01255	0.01096	0.00577	0.00446	0.00144	0.00684	0.00396	0.00287	0.00773

[dist]
# distance from previous block
# <min> <max>
0	1

[block]
# block no. 9 follows, 38 sequences, length 27
# corresponding to MSA columns:
# 508-534
name=unknown_J
#
# <colnr> <probs for GDERKNQSTAVLIFYWHMCP>
#	G	D	E	R	K	N	Q	S	T	A	V	L	I	F	Y	W	H	M	C	P
0	0.02839	0.00704	0.00875	0.00818	0.00988	0.00669	0.00611	0.01362	0.05940	0.06610	0.55675	0.08302	0.06799	0.04148	0.00792	0.00213	0.00337	0.01056	0.00645	0.00618
1	0.01146	0.00580	0.00580	0.00579	0.00721	0.00576	0.00432	0.01419	0.01277	0.02263	0.01984	0.02273	0.01563	0.00717	0.00432	0.00145	0.00290	0.00568	0.81883	0.00574
2	0.01420	0.04524	0.22561	0.01572	0.01882	0.10401	0.01518	0.01714	0.01150	0.01631	0.00959	0.01334	0.00832	0.00851	0.01308	0.00225	0.41524	0.00490	0.03365	0.00740
3	0.01381	0.31479	0.48417	0.01473	0.02221	0.01776	0.01783	0.01882	0.01267	0.01744	0.01013	0.01190	0.00790	0.00567	0.00513	0.00172	0.00804	0.00407	0.00264	0.00857
4	0.00841	0.00577	0.00693	0.00750	0.00767	0.00559	0.00458	0.00878	0.01008	0.01346	0.02514	0.35282	0.02958	0.46217	0.02098	0.00444	0.00493	0.01232	0.00454	0.00431
5	0.01146	0.00580	0.00580	0.00579	0.00721	0.00576	0.00432	0.01419	0.01277	0.02263	0.01984	0.02273	0.01563	0.00717	0.00432	0.00145	0.00290	0.00568	0.81883	0.00574
6	0.01444	0.01637	0.03557	0.02546	0.03154	0.01533	0.72646	0.01942	0.01434	0.01949	0.01241	0.01655	0.00936	0.00524	0.00720	0.00207	0.01021	0.00717	0.00313	0.00823
7	0.01785	0.01356	0.01515	0.01132	0.01641	0.01288	0.00920	0.33127	0.01977	0.05571	0.01308	0.01399	0.00995	0.00596	0.00531	0.00138	0.00552	0.00456	0.00488	0.43226
8	0.05781	0.57065	0.02691	0.01139	0.01600	0.15758	0.01040	0.01998	0.05156	0.01571	0.00964	0.01090	0.00846	0.00569	0.00437	0.00145	0.00714	0.00361	0.00300	0.00774
9	0.01631	0.78929	0.03161	0.01046	0.01561	0.02389	0.01039	0.01817	0.01238	0.01439	0.00862	0.01000	0.00796	0.00531	0.00397	0.00133	0.00651	0.00330	0.00266	0.00784
10	0.01182	0.00991	0.01168	0.00899	0.01346	0.00762	0.00696	0.01413	0.01246	0.01908	0.01487	0.14795	0.01455	0.00714	0.00513	0.00121	0.00437	0.00602	0.00400	0.67867
11	0.01272	0.01086	0.01264	0.00908	0.01443	0.00816	0.00723	0.01531	0.01263	0.01982	0.01094	0.01282	0.00914	0.00462	0.00456	0.00094	0.00454	0.00365	0.00365	0.82225
12	0.00764	0.00615	0.00675	0.00689	0.00856	0.00530	0.00503	0.00923	0.01404	0.01761	0.16808	0.17590	0.51646	0.01548	0.00730	0.00212	0.00318	0.01318	0.00583	0.00528
13	0.00769	0.00629	0.00672	0.00661	0.00852	0.00537	0.00494	0.00944	0.01460	0.01825	0.21533	0.05515	0.59048	0.01470	0.00721	0.00204	0.00309	0.01234	0.00589	0.00535
14	0.00788	0.00562	0.00734	0.00831	0.00886	0.00523	0.00562	0.00913	0.01254	0.01700	0.16281	0.61026	0.04210	0.05592	0.00881	0.00255	0.00358	0.01559	0.00575	0.00510
15	0.01483	0.01620	0.03282	0.02407	0.02911	0.01616	0.59685	0.01896	0.01383	0.01918	0.01225	0.01681	0.00971	0.00658	0.00961	0.00228	0.14221	0.00702	0.00326	0.00826
16	0.01290	0.03142	0.74798	0.01761	0.02647	0.01438	0.02239	0.01957	0.01321	0.01979	0.01163	0.01386	0.00843	0.00627	0.00607	0.00206	0.00912	0.00472	0.00284	0.00929
17	0.01500	0.01673	0.03575	0.02571	0.03180	0.01561	0.71988	0.01978	0.01469	0.02001	0.01299	0.01734	0.00992	0.00564	0.00744	0.00218	0.01036	0.00734	0.00333	0.00852
18	0.01569	0.01482	0.02482	0.03712	0.74175	0.01470	0.01867	0.01898	0.01420	0.02039	0.01214	0.01602	0.01031	0.00592	0.00631	0.00194	0.00740	0.00562	0.00327	0.00992
19	0.06562	0.01314	0.01403	0.01226	0.01583	0.01460	0.00969	0.15155	0.45332	0.06829	0.05849	0.02427	0.01922	0.00880	0.00636	0.00211	0.00525	0.04156	0.00621	0.00940
20	0.00867	0.00643	0.00794	0.00786	0.00925	0.00580	0.00573	0.01077	0.01578	0.02163	0.49098	0.17780	0.17969	0.01432	0.00744	0.00212	0.00321	0.01244	0.00642	0.00574
21	0.00796	0.00569	0.00743	0.00879	0.00919	0.00526	0.00585	0.00884	0.01189	0.01591	0.03353	0.77816	0.04006	0.01912	0.00791	0.00255	0.00371	0.01718	0.00576	0.00521
22	0.02295	0.01012	0.01314	0.01048	0.01447	0.00902	0.00845	0.06719	0.01795	0.54127	0.14331	0.02717	0.06787	0.00908	0.00653	0.00198	0.00491	0.00739	0.00727	0.00945
23	0.02083	0.01672	0.02201	0.01651	0.02166	0.01753	0.17268	0.52477	0.02445	0.03305	0.01428	0.01553	0.01046	0.00696	0.00642	0.00191	0.00748	0.00588	0.00539	0.05550
24	0.01434	0.00781	0.00981	0.00859	0.01116	0.00685	0.00664	0.01654	0.01665	0.24142	0.36784	0.04110	0.20258	0.01185	0.00702	0.00202	0.00379	0.00998	0.00680	0.00722
25	0.00881	0.00611	0.00747	0.00798	0.00828	0.00600	0.00505	0.00926	0.01030	0.01390	0.02467	0.32573	0.02856	0.41412	0.09163	0.00496	0.00610	0.01190	0.00455	0.00462
26	0.02450	0.01536	0.01726	0.01333	0.01811	0.01618	0.01093	0.52996	0.02543	0.23724	0.01757	0.01692	0.01207	0.00766	0.00627	0.00193	0.00639	0.00578	0.00659	0.01050

[dist]
# distance from previous block
# <min> <max>
0	1

[block]
# block no. 10 follows, 38 sequences, length 8
# corresponding to MSA columns:
# 536-543
name=unknown_K
#
# <colnr> <probs for GDERKNQSTAVLIFYWHMCP>
#	G	D	E	R	K	N	Q	S	T	A	V	L	I	F	Y	W	H	M	C	P
0	0.00780	0.00557	0.00752	0.00891	0.00947	0.00529	0.00640	0.00919	0.01198	0.01588	0.03290	0.64213	0.03876	0.01840	0.00780	0.00251	0.00390	0.15499	0.00558	0.00502
1	0.02122	0.01673	0.02138	0.01603	0.02109	0.01800	0.14812	0.59546	0.02560	0.03436	0.01401	0.01478	0.01002	0.00681	0.00622	0.00185	0.00729	0.00574	0.00545	0.00983
2	0.02572	0.01086	0.01417	0.01102	0.01558	0.00995	0.00905	0.07116	0.07964	0.65030	0.02325	0.02029	0.01491	0.00749	0.00605	0.00187	0.00518	0.00608	0.00725	0.01018
3	0.00768	0.00588	0.00712	0.00789	0.00911	0.00532	0.00586	0.00927	0.01299	0.01653	0.07614	0.35502	0.31353	0.01680	0.00753	0.00231	0.00362	0.12667	0.00562	0.00510
4	0.01083	0.00822	0.01089	0.01013	0.01141	0.00952	0.00777	0.10390	0.01187	0.01669	0.01576	0.02447	0.01509	0.17278	0.47344	0.00739	0.07381	0.00664	0.00361	0.00578
5	0.01982	0.01066	0.01492	0.12854	0.08522	0.01051	0.01062	0.09784	0.01726	0.37070	0.14770	0.02298	0.02027	0.00787	0.00622	0.00188	0.00550	0.00667	0.00602	0.00883
6	0.01886	0.01319	0.01430	0.01152	0.01507	0.01440	0.00926	0.49992	0.02282	0.03163	0.01608	0.05611	0.01277	0.00886	0.00714	0.06682	0.00562	0.00604	0.16111	0.00847
7	0.01272	0.01432	0.06027	0.21629	0.03054	0.01415	0.38995	0.01695	0.01290	0.01751	0.01301	0.07709	0.01111	0.00694	0.00795	0.00210	0.07856	0.00716	0.00309	0.00738

[dist]
# distance from previous block
# <min> <max>
9	19

[block]
# block no. 11 follows, 38 sequences, length 17
# corresponding to MSA columns:
# 563-579
name=unknown_L
#
# <colnr> <probs for GDERKNQSTAVLIFYWHMCP>
#	G	D	E	R	K	N	Q	S	T	A	V	L	I	F	Y	W	H	M	C	P
0	0.48109	0.28086	0.03370	0.00931	0.01371	0.01738	0.00847	0.06342	0.01213	0.02310	0.00881	0.01009	0.00719	0.00554	0.00396	0.00166	0.00548	0.00341	0.00345	0.00722
1	0.02285	0.01739	0.01801	0.01392	0.01865	0.05277	0.01144	0.69866	0.02777	0.03685	0.01421	0.01428	0.01012	0.00717	0.00599	0.00179	0.00681	0.00535	0.00588	0.01008
2	0.00747	0.00548	0.00701	0.00795	0.00868	0.00503	0.00546	0.00884	0.01260	0.01673	0.13943	0.58051	0.13784	0.01742	0.00752	0.00231	0.00334	0.01561	0.00573	0.00503
3	0.00947	0.00696	0.00767	0.00758	0.00944	0.00648	0.00553	0.01260	0.09678	0.06396	0.04544	0.19124	0.41880	0.07945	0.00901	0.00242	0.00370	0.01212	0.00560	0.00576
4	0.01176	0.01141	0.01991	0.65494	0.03903	0.01383	0.09202	0.01574	0.01211	0.01574	0.01070	0.01591	0.00813	0.00615	0.00685	0.00204	0.04868	0.00553	0.00271	0.00683
5	0.00827	0.00614	0.00770	0.00731	0.00884	0.00557	0.00548	0.01088	0.01645	0.02275	0.62824	0.04719	0.17726	0.01281	0.00710	0.00192	0.00287	0.01120	0.00644	0.00557
6	0.00797	0.00534	0.00684	0.00792	0.00849	0.00504	0.00539	0.00937	0.01198	0.01688	0.07055	0.63146	0.03713	0.01674	0.00713	0.00226	0.00335	0.01506	0.12607	0.00504
7	0.01337	0.01616	0.08746	0.06470	0.04250	0.01436	0.54968	0.01810	0.01361	0.01862	0.01333	0.07055	0.01110	0.00632	0.00733	0.00206	0.03231	0.00742	0.00315	0.00784
8	0.01624	0.01848	0.01431	0.01324	0.01511	0.38827	0.01014	0.01783	0.01343	0.01442	0.01253	0.01910	0.01186	0.07889	0.18899	0.00401	0.11600	0.03772	0.00322	0.00621
9	0.01113	0.01032	0.01446	0.05834	0.01649	0.06930	0.11522	0.01396	0.02444	0.01785	0.11813	0.20114	0.02901	0.01281	0.00825	0.00231	0.06095	0.20501	0.00476	0.00611
10	0.01679	0.09909	0.37108	0.01600	0.03944	0.06338	0.04959	0.17291	0.01673	0.08111	0.01235	0.01350	0.00889	0.00611	0.00568	0.00180	0.00800	0.00477	0.00375	0.00903
11	0.04723	0.13115	0.37362	0.06349	0.02313	0.01631	0.06567	0.01767	0.01186	0.01752	0.00983	0.01270	0.00777	0.00662	0.00843	0.00198	0.16978	0.00463	0.00266	0.00795
12	0.01362	0.00874	0.00828	0.00761	0.00966	0.06749	0.00586	0.07529	0.01450	0.06597	0.02139	0.02330	0.06653	0.00933	0.03992	0.00190	0.00454	0.00602	0.54371	0.00633
13	0.04779	0.01554	0.07950	0.07256	0.17744	0.01447	0.35886	0.01795	0.01344	0.01929	0.05185	0.01675	0.01145	0.00609	0.00756	0.00200	0.06989	0.00634	0.00316	0.00805
14	0.01509	0.16563	0.02621	0.09130	0.43879	0.01635	0.09435	0.04816	0.01394	0.01895	0.01091	0.01409	0.00904	0.00542	0.00568	0.00173	0.00739	0.00513	0.00301	0.00881
15	0.01534	0.01836	0.16602	0.12235	0.38311	0.06242	0.01769	0.10534	0.01528	0.02090	0.01139	0.01429	0.00894	0.00579	0.00589	0.00182	0.00777	0.00509	0.00323	0.00897
16	0.06394	0.07756	0.01556	0.06503	0.01679	0.01335	0.00938	0.18827	0.02674	0.02349	0.01218	0.02603	0.00989	0.00629	0.00613	0.00150	0.06697	0.00462	0.05633	0.30995

[dist]
# distance from previous block
# <min> <max>
0	13

[block]
# block no. 12 follows, 38 sequences, length 32
# corresponding to MSA columns:
# 593-624
name=unknown_M
#
# <colnr> <probs for GDERKNQSTAVLIFYWHMCP>
#	G	D	E	R	K	N	Q	S	T	A	V	L	I	F	Y	W	H	M	C	P
0	0.10905	0.01488	0.11026	0.03460	0.36213	0.01300	0.01454	0.07277	0.01417	0.07171	0.01507	0.01880	0.04397	0.06094	0.00749	0.00213	0.00661	0.01565	0.00375	0.00849
1	0.07381	0.01599	0.06398	0.01356	0.06642	0.12243	0.01051	0.19577	0.08000	0.04303	0.01549	0.05734	0.02474	0.02305	0.00605	0.00176	0.00634	0.00566	0.04147	0.13262
2	0.05237	0.40366	0.11190	0.06117	0.17680	0.01919	0.01372	0.06552	0.01357	0.01814	0.00982	0.01183	0.00823	0.00547	0.00479	0.00157	0.00690	0.00409	0.00294	0.00830
3	0.01189	0.07105	0.11486	0.01031	0.01316	0.00947	0.00920	0.03086	0.01340	0.09492	0.10925	0.29155	0.06595	0.01212	0.00738	0.00204	0.05615	0.01026	0.03205	0.03412
4	0.09771	0.06714	0.07302	0.10091	0.11403	0.01395	0.01188	0.02228	0.28097	0.02172	0.05593	0.01969	0.01524	0.00714	0.00567	0.00187	0.00576	0.02503	0.00442	0.05563
5	0.04315	0.07021	0.23771	0.03798	0.02366	0.01381	0.24178	0.01867	0.01351	0.07581	0.06323	0.01646	0.01217	0.00621	0.00666	0.00186	0.04367	0.00574	0.00348	0.06423
6	0.03615	0.40381	0.14443	0.01717	0.16954	0.07638	0.01376	0.01851	0.01309	0.01678	0.03395	0.01249	0.00968	0.00561	0.00482	0.00154	0.00715	0.00416	0.00286	0.00813
7	0.01612	0.71981	0.05036	0.01071	0.01578	0.05763	0.01063	0.01817	0.01241	0.01431	0.00863	0.01007	0.00787	0.00602	0.01946	0.00149	0.00690	0.00335	0.00261	0.00767
8	0.01106	0.12598	0.16482	0.00973	0.01255	0.01066	0.00891	0.04576	0.01115	0.01500	0.01642	0.07544	0.01748	0.42899	0.01902	0.00396	0.00644	0.00743	0.00350	0.00570
9	0.01353	0.01424	0.02441	0.01915	0.02128	0.01730	0.26434	0.01616	0.01096	0.01616	0.00940	0.01424	0.00833	0.00861	0.01531	0.00242	0.50837	0.00591	0.00278	0.00712
10	0.00755	0.00531	0.00713	0.00848	0.00886	0.00499	0.00576	0.00854	0.01149	0.01530	0.03229	0.72496	0.03851	0.01882	0.00827	0.03176	0.00364	0.04802	0.00548	0.00483
11	0.01479	0.01642	0.07716	0.03086	0.45963	0.04126	0.20423	0.01941	0.04054	0.01954	0.01191	0.01522	0.00955	0.00544	0.00623	0.00186	0.00810	0.00575	0.00308	0.00902
12	0.01154	0.00813	0.00885	0.00810	0.01076	0.00774	0.00626	0.01656	0.17092	0.11838	0.07326	0.04472	0.46660	0.01255	0.00675	0.00201	0.00369	0.01046	0.00599	0.00676
13	0.00739	0.00528	0.00704	0.00833	0.00874	0.00493	0.00559	0.00854	0.01182	0.01583	0.07183	0.74464	0.04071	0.01849	0.00765	0.00241	0.00345	0.01677	0.00564	0.00493
14	0.01612	0.01173	0.01887	0.02571	0.44914	0.01135	0.01391	0.01905	0.01440	0.17798	0.06579	0.11549	0.01766	0.00798	0.00627	0.00189	0.00596	0.00736	0.00451	0.00884
15	0.06185	0.48005	0.28484	0.01256	0.01894	0.01976	0.01426	0.01836	0.01228	0.01661	0.00922	0.01073	0.00762	0.00537	0.00450	0.00154	0.00719	0.00365	0.00263	0.00806
16	0.00834	0.00702	0.00734	0.00710	0.00924	0.00648	0.00537	0.01210	0.11232	0.01837	0.13592	0.05159	0.56940	0.01394	0.00697	0.00202	0.00325	0.01169	0.00578	0.00575
17	0.01737	0.01308	0.01398	0.01175	0.01528	0.01457	0.00934	0.33476	0.27464	0.02968	0.02003	0.07405	0.01594	0.00836	0.00592	0.00188	0.00522	0.00677	0.11842	0.00896
18	0.01643	0.00774	0.00885	0.00764	0.01019	0.00750	0.00603	0.07338	0.01508	0.22428	0.02035	0.02128	0.01488	0.00714	0.00485	0.00156	0.00373	0.00571	0.53615	0.00723
19	0.01207	0.03112	0.75741	0.01715	0.02604	0.01397	0.02223	0.01905	0.01270	0.01905	0.01080	0.01270	0.00762	0.00572	0.00572	0.00191	0.00889	0.00445	0.00254	0.00889
20	0.00854	0.00574	0.00662	0.00683	0.00689	0.00569	0.00394	0.00869	0.00916	0.01222	0.02108	0.15094	0.02455	0.67335	0.02718	0.00532	0.00548	0.01000	0.00394	0.00383
21	0.00733	0.00524	0.00698	0.00838	0.00873	0.00489	0.00558	0.00838	0.01152	0.01536	0.03316	0.78466	0.03979	0.01885	0.00768	0.00244	0.00349	0.01710	0.00558	0.00489
22	0.02404	0.01497	0.01689	0.01295	0.01772	0.01587	0.01070	0.53157	0.02514	0.24178	0.01708	0.01616	0.01156	0.00729	0.00603	0.00182	0.00619	0.00560	0.00642	0.01023
23	0.01944	0.19023	0.12244	0.01438	0.01879	0.45336	0.01268	0.05735	0.01593	0.01639	0.01041	0.01180	0.01996	0.00611	0.00519	0.00156	0.00930	0.00404	0.00310	0.00753
24	0.00798	0.00650	0.00714	0.00721	0.00907	0.00587	0.00549	0.01064	0.05607	0.01792	0.14829	0.10494	0.50612	0.01478	0.00719	0.00210	0.00335	0.06815	0.00575	0.00544
25	0.00870	0.00563	0.00654	0.00694	0.00725	0.00553	0.00428	0.00941	0.01011	0.01430	0.02313	0.25107	0.02607	0.45273	0.02015	0.00421	0.00471	0.01069	0.12424	0.00429
26	0.01326	0.01311	0.02461	0.01859	0.02266	0.01299	0.40099	0.09056	0.01533	0.02100	0.11711	0.13010	0.02016	0.00865	0.00794	0.00209	0.06048	0.00876	0.00419	0.00743
27	0.01621	0.07066	0.16021	0.01476	0.06033	0.07042	0.06233	0.02089	0.07700	0.16986	0.14235	0.02078	0.01882	0.00769	0.00698	0.00189	0.05964	0.00626	0.00467	0.00826
28	0.00755	0.00561	0.00709	0.00819	0.00901	0.00516	0.00583	0.00889	0.01225	0.01585	0.03900	0.54772	0.19201	0.01782	0.00763	0.00239	0.00362	0.09381	0.00558	0.00500
29	0.01496	0.01308	0.01648	0.01368	0.01751	0.01419	0.10677	0.09777	0.46948	0.02459	0.02144	0.07242	0.01711	0.00812	0.00623	0.00196	0.00557	0.00718	0.00548	0.06597
30	0.01489	0.01429	0.02442	0.03692	0.75106	0.01429	0.01846	0.01846	0.01370	0.01965	0.01132	0.01489	0.00953	0.00536	0.00596	0.00179	0.00715	0.00536	0.00298	0.00953
31	0.01371	0.34263	0.46030	0.01434	0.02170	0.01800	0.01734	0.01863	0.01251	0.01705	0.00980	0.01145	0.00766	0.00548	0.00496	0.00165	0.00788	0.00394	0.00255	0.00841

[dist]
# distance from previous block
# <min> <max>
0	1

[block]
# block no. 13 follows, 38 sequences, length 28
# corresponding to MSA columns:
# 626-653
name=unknown_N
#
# <colnr> <probs for GDERKNQSTAVLIFYWHMCP>
#	G	D	E	R	K	N	Q	S	T	A	V	L	I	F	Y	W	H	M	C	P
