[name]
unknown

[dist]
# distance from previous block
# <min> <max>
4	7

[block]
# block no. 0 follows, 41 sequences, length 49
# corresponding to MSA columns:
# 8-56
name=unknown_A
#
# <colnr> <probs for GDERKNQSTAVLIFYWHMCP>
#	G	D	E	R	K	N	Q	S	T	A	V	L	I	F	Y	W	H	M	C	P
0	0.01833	0.01508	0.02119	0.01582	0.02068	0.01571	0.21979	0.42359	0.07372	0.04619	0.01378	0.01478	0.01001	0.00619	0.00593	0.00174	0.00697	0.00561	0.00481	0.06009
1	0.06175	0.01022	0.01662	0.73742	0.03765	0.01272	0.01529	0.01475	0.01133	0.01529	0.01003	0.01488	0.00754	0.00569	0.00558	0.00190	0.00743	0.00496	0.00260	0.00634
2	0.63572	0.01221	0.04994	0.09778	0.01548	0.01312	0.00841	0.05227	0.03372	0.02445	0.00909	0.01071	0.00693	0.00551	0.00407	0.00179	0.00510	0.00359	0.00354	0.00659
3	0.01016	0.00771	0.00846	0.00775	0.00996	0.00741	0.00594	0.13347	0.03574	0.03791	0.15901	0.12149	0.40787	0.01276	0.00659	0.00191	0.00357	0.01077	0.00559	0.00595
4	0.01899	0.03975	0.01777	0.01490	0.01791	0.51038	0.06292	0.06945	0.01539	0.01600	0.00923	0.01127	0.00770	0.00634	0.00708	0.00162	0.11573	0.00415	0.00308	0.05033
5	0.01426	0.00923	0.01080	0.00984	0.01247	0.00957	0.00757	0.03894	0.29994	0.18173	0.06615	0.20166	0.07765	0.01076	0.00630	0.00199	0.00417	0.02336	0.00595	0.00764
6	0.83938	0.01106	0.00841	0.00752	0.01106	0.01283	0.00619	0.01681	0.00973	0.02566	0.00796	0.00929	0.00619	0.00531	0.00354	0.00177	0.00442	0.00310	0.00354	0.00619
7	0.00707	0.00504	0.00668	0.00787	0.00824	0.00471	0.00525	0.00812	0.01114	0.01492	0.06936	0.73088	0.03812	0.04320	0.00799	0.00240	0.00336	0.01569	0.00530	0.00465
8	0.00700	0.00535	0.00646	0.00731	0.00826	0.00481	0.00515	0.00824	0.01181	0.01503	0.04097	0.49324	0.29780	0.01658	0.00714	0.00220	0.00326	0.04933	0.00531	0.00474
9	0.00708	0.00506	0.00676	0.00809	0.00847	0.00474	0.00550	0.00815	0.01106	0.01472	0.03147	0.75987	0.03759	0.01782	0.00733	0.00234	0.00341	0.05057	0.00531	0.00468
10	0.00697	0.00498	0.00664	0.00796	0.00830	0.00465	0.00531	0.00796	0.01095	0.01460	0.03153	0.79525	0.03783	0.01792	0.00730	0.00232	0.00332	0.01626	0.00531	0.00465
11	0.05124	0.00632	0.00797	0.00807	0.00932	0.00595	0.00564	0.01243	0.01150	0.16455	0.02616	0.46560	0.02850	0.15629	0.01075	0.00277	0.00408	0.01209	0.00524	0.00552
12	0.06100	0.01484	0.01604	0.01248	0.01678	0.01636	0.01029	0.62595	0.02441	0.07259	0.01401	0.01435	0.01007	0.00902	0.05300	0.00218	0.00668	0.00514	0.00552	0.00927
13	0.01350	0.01543	0.03375	0.02411	0.02989	0.01446	0.74253	0.01832	0.01350	0.01832	0.01157	0.01543	0.00868	0.00482	0.00675	0.00193	0.00964	0.00675	0.00289	0.00771
14	0.00718	0.00575	0.00644	0.00658	0.00817	0.00501	0.00492	0.00888	0.01342	0.01692	0.19229	0.14128	0.49673	0.01441	0.00688	0.00199	0.00303	0.04966	0.00550	0.00494
15	0.00962	0.00632	0.00728	0.00703	0.00766	0.00636	0.00447	0.05444	0.01030	0.03896	0.02062	0.09490	0.05326	0.56609	0.05986	0.00482	0.00566	0.00863	0.02938	0.00435
16	0.01338	0.01468	0.02575	0.05965	0.02418	0.06397	0.39895	0.01669	0.01190	0.01622	0.01012	0.01436	0.00833	0.00779	0.03416	0.00231	0.26186	0.00588	0.00276	0.00702
17	0.00788	0.00581	0.00732	0.00715	0.00849	0.00532	0.00535	0.01018	0.01496	0.02057	0.54483	0.09132	0.16225	0.03907	0.00759	0.00202	0.00299	0.04577	0.00594	0.00519
18	0.83938	0.01106	0.00841	0.00752	0.01106	0.01283	0.00619	0.01681	0.00973	0.02566	0.00796	0.00929	0.00619	0.00531	0.00354	0.00177	0.00442	0.00310	0.00354	0.00619
19	0.00695	0.00557	0.00621	0.00654	0.00797	0.00483	0.00472	0.00840	0.01277	0.01596	0.12060	0.25995	0.48912	0.01516	0.00691	0.00203	0.00299	0.01307	0.00541	0.00483
20	0.01902	0.14910	0.01934	0.01414	0.01762	0.46129	0.05568	0.07452	0.07931	0.01663	0.01042	0.01172	0.00849	0.00604	0.00557	0.00155	0.03486	0.00416	0.00330	0.00723
21	0.02093	0.02654	0.01627	0.01475	0.01755	0.73901	0.01112	0.02240	0.01585	0.01399	0.00878	0.01042	0.00737	0.00610	0.00582	0.00152	0.04829	0.00375	0.00293	0.00661
22	0.00690	0.00580	0.00599	0.00594	0.00781	0.00489	0.00445	0.00848	0.01336	0.01622	0.13030	0.05378	0.68815	0.01420	0.00676	0.00192	0.00288	0.01189	0.00541	0.00489
23	0.01186	0.01017	0.01186	0.00847	0.01356	0.00762	0.00678	0.01440	0.01186	0.01864	0.01017	0.01186	0.00847	0.00424	0.00424	0.00085	0.00424	0.00339	0.00339	0.83395
24	0.01247	0.01053	0.01219	0.00876	0.01381	0.00825	0.00703	0.05927	0.01279	0.01971	0.01039	0.01198	0.00855	0.00440	0.00433	0.00090	0.00436	0.00350	0.00353	0.78327
25	0.00799	0.00584	0.00749	0.00708	0.00848	0.00535	0.00531	0.01058	0.01593	0.02232	0.70230	0.04374	0.11234	0.01192	0.00675	0.00181	0.00271	0.01049	0.00622	0.00535
26	0.01423	0.01229	0.01293	0.01164	0.01487	0.01423	0.00905	0.03039	0.75297	0.02393	0.02328	0.02134	0.01746	0.00776	0.00582	0.00194	0.00453	0.00647	0.00582	0.00905
27	0.00703	0.00501	0.00662	0.00788	0.00820	0.00469	0.00522	0.00798	0.01082	0.01443	0.03087	0.75828	0.03700	0.05602	0.00836	0.00248	0.00343	0.01587	0.00522	0.00459
28	0.07152	0.00990	0.01298	0.01008	0.01441	0.00887	0.00830	0.02734	0.04313	0.69771	0.02176	0.01896	0.01383	0.00700	0.00563	0.00178	0.00483	0.00563	0.00683	0.00951
29	0.01339	0.01020	0.01126	0.01007	0.01285	0.01119	0.00782	0.04817	0.45033	0.07147	0.19302	0.02691	0.04807	0.00874	0.00596	0.00186	0.00404	0.00738	0.04932	0.00795
30	0.00697	0.00498	0.00664	0.00796	0.00830	0.00465	0.00531	0.00796	0.01095	0.01460	0.03153	0.79525	0.03783	0.01792	0.00730	0.00232	0.00332	0.01626	0.00531	0.00465
31	0.16971	0.00958	0.01169	0.00929	0.01329	0.00885	0.00762	0.02397	0.01491	0.55899	0.03698	0.02098	0.07408	0.00745	0.00546	0.00178	0.00459	0.00588	0.00629	0.00862
32	0.00718	0.00513	0.00678	0.00780	0.00827	0.00479	0.00527	0.00840	0.01165	0.01574	0.14005	0.65947	0.03972	0.04099	0.00789	0.00234	0.00329	0.01513	0.00540	0.00472
33	0.02137	0.02726	0.01621	0.01474	0.01768	0.77602	0.01105	0.02284	0.01621	0.01400	0.00884	0.01031	0.00737	0.00589	0.00516	0.00147	0.01031	0.00368	0.00295	0.00663
34	0.00810	0.00649	0.00721	0.00687	0.00874	0.00597	0.00520	0.02837	0.06359	0.01923	0.30980	0.04734	0.43663	0.01284	0.00667	0.00188	0.00302	0.01091	0.00571	0.00543
35	0.00924	0.00534	0.00768	0.00768	0.00793	0.00559	0.00526	0.00827	0.00802	0.01094	0.01255	0.02186	0.01275	0.15123	0.20744	0.49877	0.00759	0.00579	0.00278	0.00328
36	0.00754	0.00522	0.00647	0.00723	0.00742	0.00503	0.00453	0.00811	0.00983	0.01311	0.02578	0.47278	0.03058	0.35027	0.01658	0.00369	0.00427	0.01288	0.00453	0.00414
37	0.00829	0.00564	0.00674	0.00674	0.00691	0.00582	0.00409	0.00864	0.00847	0.01146	0.01757	0.03491	0.01970	0.67180	0.15480	0.00616	0.00719	0.00795	0.00340	0.00374
38	0.00697	0.00498	0.00664	0.00796	0.00830	0.00465	0.00531	0.00796	0.01095	0.01460	0.03153	0.79525	0.03783	0.01792	0.00730	0.00232	0.00332	0.01626	0.00531	0.00465
39	0.01848	0.02105	0.01524	0.01334	0.01605	0.49406	0.04523	0.10956	0.01587	0.01639	0.01138	0.01628	0.01035	0.16081	0.00998	0.00232	0.00885	0.00492	0.00339	0.00645
40	0.01186	0.01017	0.01186	0.00847	0.01356	0.00762	0.00678	0.01440	0.01186	0.01864	0.01017	0.01186	0.00847	0.00424	0.00424	0.00085	0.00424	0.00339	0.00339	0.83395
41	0.01109	0.00687	0.01018	0.00959	0.01121	0.00635	0.06500	0.01266	0.01238	0.14191	0.07792	0.38913	0.05378	0.06168	0.00892	0.03614	0.00439	0.06985	0.00525	0.00570
42	0.01626	0.01260	0.02085	0.07622	0.56831	0.01249	0.01561	0.01945	0.01360	0.16889	0.01310	0.01529	0.01000	0.00553	0.00568	0.00173	0.00646	0.00523	0.00367	0.00903
43	0.01286	0.01076	0.01240	0.00895	0.01398	0.00865	0.00719	0.08855	0.01339	0.02041	0.01053	0.01205	0.00860	0.00450	0.00439	0.00094	0.00445	0.00357	0.00363	0.75022
44	0.00707	0.00503	0.00664	0.00785	0.00819	0.00471	0.00521	0.00805	0.01094	0.01462	0.04877	0.73691	0.03733	0.05879	0.00843	0.00248	0.00342	0.01570	0.00524	0.00460
45	0.03634	0.00853	0.04752	0.03638	0.01243	0.00893	0.02231	0.01120	0.01003	0.01450	0.01806	0.17566	0.01914	0.10407	0.25638	0.00484	0.13498	0.06976	0.00361	0.00534
46	0.04102	0.09668	0.19896	0.05273	0.04583	0.07176	0.10095	0.20828	0.01595	0.02156	0.01081	0.01293	0.00829	0.00666	0.00687	0.04543	0.03923	0.00472	0.00345	0.00790
47	0.01935	0.01277	0.01440	0.01145	0.01532	0.01360	0.00931	0.41359	0.10241	0.16508	0.14147	0.02046	0.01879	0.00781	0.00591	0.00176	0.00524	0.00627	0.00608	0.00893
48	0.01066	0.00533	0.00533	0.00533	0.00666	0.00533	0.00400	0.01333	0.01200	0.02132	0.01866	0.02132	0.01466	0.00666	0.00400	0.00133	0.00267	0.00533	0.83073	0.00533

[dist]
# distance from previous block
# <min> <max>
0	1

[block]
# block no. 1 follows, 41 sequences, length 80
# corresponding to MSA columns:
# 58-137
name=unknown_B
#
# <colnr> <probs for GDERKNQSTAVLIFYWHMCP>
#	G	D	E	R	K	N	Q	S	T	A	V	L	I	F	Y	W	H	M	C	P
0	0.02174	0.01602	0.01717	0.01316	0.01774	0.01774	0.01087	0.74423	0.02689	0.03605	0.01373	0.01373	0.00973	0.00687	0.00572	0.00172	0.00629	0.00515	0.00572	0.00973
1	0.00810	0.00585	0.00765	0.00720	0.00855	0.00540	0.00540	0.01079	0.01619	0.02294	0.76028	0.04273	0.05397	0.01169	0.00675	0.00180	0.00270	0.01034	0.00630	0.00540
2	0.01255	0.04300	0.45482	0.08997	0.06177	0.01394	0.17100	0.05259	0.01306	0.01860	0.01066	0.01318	0.00779	0.00537	0.00572	0.00182	0.00838	0.00489	0.00271	0.00817
3	0.01447	0.05411	0.15679	0.05307	0.36068	0.08843	0.11663	0.04249	0.02550	0.01835	0.01075	0.01350	0.00855	0.00531	0.00564	0.00172	0.00777	0.00496	0.00289	0.00838
4	0.09293	0.00721	0.00804	0.00701	0.00949	0.00697	0.00555	0.01808	0.01312	0.24884	0.01885	0.01963	0.01371	0.00666	0.00449	0.00151	0.00350	0.00525	0.50240	0.00675
5	0.00825	0.00602	0.00866	0.00866	0.00954	0.00687	0.00653	0.01001	0.00913	0.01315	0.01580	0.02466	0.01527	0.15392	0.64669	0.00846	0.01356	0.00643	0.02351	0.00487
6	0.01175	0.05313	0.08891	0.01650	0.02039	0.01144	0.35541	0.01446	0.01121	0.01533	0.01148	0.01637	0.00965	0.01432	0.13064	0.19511	0.00917	0.00583	0.00276	0.00614
7	0.09264	0.01333	0.03871	0.09291	0.04968	0.01326	0.42760	0.01637	0.01209	0.01774	0.01188	0.04278	0.00999	0.03790	0.04419	0.00243	0.06010	0.00638	0.00300	0.00701
8	0.13498	0.01351	0.02005	0.16314	0.44427	0.05901	0.04972	0.01727	0.01247	0.01869	0.01017	0.01347	0.00826	0.00527	0.00538	0.00174	0.00694	0.00480	0.00289	0.00795
9	0.01543	0.73503	0.05848	0.01028	0.01522	0.05814	0.01029	0.01744	0.01186	0.01367	0.00809	0.00934	0.00734	0.00496	0.00381	0.00126	0.00641	0.00313	0.00247	0.00735
10	0.00994	0.00497	0.00745	0.00745	0.00745	0.00497	0.00497	0.00745	0.00745	0.00994	0.00994	0.01739	0.00994	0.01987	0.02235	0.83358	0.00497	0.00497	0.00248	0.00248
11	0.01345	0.01439	0.02902	0.14437	0.06769	0.01444	0.52075	0.05167	0.01355	0.01837	0.01121	0.01512	0.00852	0.00532	0.00706	0.00193	0.04636	0.00624	0.00295	0.00759
12	0.01080	0.01017	0.01716	0.78523	0.03940	0.01271	0.01589	0.01461	0.01144	0.01461	0.01017	0.01525	0.00762	0.00572	0.00572	0.00191	0.00762	0.00508	0.00254	0.00635
13	0.00703	0.00500	0.00662	0.00789	0.00820	0.00469	0.00523	0.00798	0.01083	0.01444	0.03091	0.76052	0.03705	0.05371	0.00830	0.00247	0.00342	0.01590	0.00523	0.00459
14	0.00715	0.00510	0.00670	0.00781	0.00818	0.00486	0.00520	0.00811	0.01065	0.01421	0.02996	0.66960	0.04951	0.09511	0.04628	0.00296	0.00410	0.01492	0.00502	0.00456
15	0.00704	0.00501	0.00662	0.00788	0.00819	0.00469	0.00522	0.00798	0.01082	0.01442	0.03083	0.75642	0.03696	0.05793	0.00842	0.00249	0.00343	0.01585	0.00522	0.00459
16	0.02174	0.01602	0.01717	0.01316	0.01774	0.01774	0.01087	0.74423	0.02689	0.03605	0.01373	0.01373	0.00973	0.00687	0.00572	0.00172	0.00629	0.00515	0.00572	0.00973
17	0.01252	0.01015	0.01193	0.00855	0.01361	0.00766	0.00686	0.01505	0.01208	0.05453	0.01076	0.01223	0.00874	0.00437	0.00431	0.00089	0.00427	0.00350	0.00357	0.79443
18	0.00776	0.00544	0.00655	0.00689	0.00734	0.00519	0.00440	0.00859	0.01071	0.01435	0.14188	0.27161	0.08510	0.37880	0.01729	0.00371	0.00422	0.01134	0.00461	0.00423
19	0.01251	0.01251	0.01752	0.01502	0.01502	0.01752	0.01251	0.01377	0.00876	0.01377	0.00751	0.01251	0.00751	0.01001	0.01877	0.00250	0.78851	0.00501	0.00250	0.00626
20	0.01251	0.01251	0.01752	0.01502	0.01502	0.01752	0.01251	0.01377	0.00876	0.01377	0.00751	0.01251	0.00751	0.01001	0.01877	0.00250	0.78851	0.00501	0.00250	0.00626
21	0.05489	0.00878	0.01160	0.00929	0.01288	0.00781	0.00753	0.02296	0.01605	0.54244	0.21425	0.02511	0.02421	0.00821	0.00592	0.00178	0.00428	0.00684	0.00673	0.00846
22	0.01556	0.76782	0.02936	0.01001	0.01481	0.05626	0.00984	0.01738	0.01183	0.01348	0.00799	0.00923	0.00734	0.00494	0.00374	0.00123	0.00630	0.00309	0.00247	0.00731
23	0.01529	0.80242	0.02997	0.00979	0.01468	0.02263	0.00979	0.01713	0.01162	0.01346	0.00795	0.00918	0.00734	0.00489	0.00367	0.00122	0.00612	0.00306	0.00245	0.00734
24	0.00990	0.00504	0.00753	0.00760	0.00766	0.00504	0.00517	0.00766	0.00772	0.01027	0.01089	0.01961	0.01102	0.01968	0.02167	0.79445	0.00498	0.03887	0.00261	0.00261
25	0.01251	0.01251	0.01752	0.01502	0.01502	0.01752	0.01251	0.01377	0.00876	0.01377	0.00751	0.01251	0.00751	0.01001	0.01877	0.00250	0.78851	0.00501	0.00250	0.00626
26	0.00697	0.00498	0.00664	0.00796	0.00830	0.00465	0.00531	0.00796	0.01095	0.01460	0.03153	0.79525	0.03783	0.01792	0.00730	0.00232	0.00332	0.01626	0.00531	0.00465
27	0.00817	0.00613	0.00919	0.00919	0.01021	0.00715	0.00715	0.01021	0.00919	0.01328	0.01532	0.02247	0.01430	0.04290	0.77631	0.00919	0.01532	0.00613	0.00306	0.00511
28	0.00831	0.00557	0.00638	0.00638	0.00643	0.00562	0.00364	0.00841	0.00836	0.01119	0.01789	0.03672	0.02049	0.76298	0.06470	0.00572	0.00601	0.00821	0.00345	0.00354
29	0.02137	0.02726	0.01621	0.01474	0.01768	0.77602	0.01105	0.02284	0.01621	0.01400	0.00884	0.01031	0.00737	0.00589	0.00516	0.00147	0.01031	0.00368	0.00295	0.00663
30	0.00911	0.00651	0.00910	0.01042	0.01169	0.00649	0.00904	0.01167	0.01307	0.01700	0.03034	0.09824	0.03315	0.01590	0.00787	0.00262	0.00518	0.69210	0.00527	0.00524
31	0.01595	0.00796	0.01040	0.00883	0.01159	0.00733	0.00695	0.01943	0.07377	0.33682	0.36339	0.05998	0.03369	0.00968	0.00628	0.00182	0.00378	0.00833	0.00655	0.00749
32	0.02174	0.01602	0.01717	0.01316	0.01774	0.01774	0.01087	0.74423	0.02689	0.03605	0.01373	0.01373	0.00973	0.00687	0.00572	0.00172	0.00629	0.00515	0.00572	0.00973
33	0.00857	0.00608	0.00824	0.00937	0.01031	0.00599	0.00756	0.01052	0.01213	0.01592	0.04204	0.22917	0.03298	0.10947	0.01027	0.00289	0.00481	0.46368	0.00508	0.00491
34	0.00697	0.00498	0.00664	0.00796	0.00830	0.00465	0.00531	0.00796	0.01095	0.01460	0.03153	0.79525	0.03783	0.01792	0.00730	0.00232	0.00332	0.01626	0.00531	0.00465
35	0.00994	0.00497	0.00745	0.00745	0.00745	0.00497	0.00497	0.00745	0.00745	0.00994	0.00994	0.01739	0.00994	0.01987	0.02235	0.83358	0.00497	0.00497	0.00248	0.00248
36	0.01416	0.01359	0.02322	0.03511	0.76330	0.01359	0.01755	0.01755	0.01302	0.01869	0.01076	0.01416	0.00906	0.00510	0.00566	0.00170	0.00680	0.00510	0.00283	0.00906
37	0.83938	0.01106	0.00841	0.00752	0.01106	0.01283	0.00619	0.01681	0.00973	0.02566	0.00796	0.00929	0.00619	0.00531	0.00354	0.00177	0.00442	0.00310	0.00354	0.00619
38	0.00924	0.00641	0.00740	0.03386	0.00996	0.00565	0.00565	0.01100	0.01348	0.09821	0.09149	0.07433	0.53209	0.01342	0.00672	0.00197	0.00346	0.06473	0.00546	0.00548
39	0.01692	0.01826	0.01797	0.08285	0.21828	0.31250	0.01313	0.02029	0.07349	0.04485	0.01097	0.01330	0.00894	0.00644	0.00732	0.00176	0.11735	0.00467	0.00321	0.00752
40	0.00697	0.00498	0.00664	0.00796	0.00830	0.00465	0.00531	0.00796	0.01095	0.01460	0.03153	0.79525	0.03783	0.01792	0.00730	0.00232	0.00332	0.01626	0.00531	0.00465
41	0.01147	0.02959	0.76934	0.01630	0.02476	0.01328	0.02113	0.01811	0.01208	0.01811	0.01026	0.01208	0.00725	0.00543	0.00543	0.00181	0.00845	0.00423	0.00242	0.00845
42	0.01137	0.01084	0.01860	0.65178	0.14235	0.01289	0.04136	0.01516	0.01174	0.01532	0.01030	0.01510	0.00787	0.00560	0.00575	0.00188	0.00758	0.00514	0.00260	0.00679
43	0.01127	0.01065	0.01801	0.67981	0.14113	0.01283	0.01612	0.01503	0.01166	0.01519	0.01025	0.01510	0.00783	0.00563	0.00571	0.00188	0.00751	0.00509	0.00258	0.00673
44	0.00707	0.00505	0.00676	0.00808	0.00846	0.00474	0.00549	0.00814	0.01105	0.01472	0.03147	0.76153	0.03760	0.01782	0.00733	0.00234	0.00341	0.04896	0.00531	0.00467
45	0.83938	0.01106	0.00841	0.00752	0.01106	0.01283	0.00619	0.01681	0.00973	0.02566	0.00796	0.00929	0.00619	0.00531	0.00354	0.00177	0.00442	0.00310	0.00354	0.00619
46	0.15732	0.01505	0.01554	0.01216	0.01652	0.01678	0.01002	0.59520	0.05268	0.03384	0.01315	0.01329	0.00945	0.00664	0.00536	0.00173	0.00591	0.00486	0.00536	0.00911
47	0.07977	0.00989	0.01458	0.33390	0.11205	0.01065	0.01197	0.01558	0.01226	0.08144	0.05173	0.02144	0.01357	0.03317	0.00640	0.00192	0.00608	0.07393	0.00363	0.10603
48	0.00995	0.00528	0.00798	0.00846	0.03447	0.00526	0.00543	0.00784	0.00781	0.01046	0.01095	0.05292	0.01118	0.01925	0.02107	0.76579	0.00496	0.00549	0.00263	0.00282
49	0.00832	0.00555	0.00624	0.00624	0.00624	0.00555	0.00347	0.00832	0.00832	0.01109	0.01802	0.03743	0.02080	0.79898	0.02911	0.00555	0.00555	0.00832	0.00347	0.00347
50	0.06136	0.00900	0.01184	0.00955	0.01329	0.00797	0.00771	0.02386	0.01527	0.59781	0.03883	0.11322	0.04683	0.00867	0.00589	0.00184	0.00454	0.00722	0.00661	0.00868
51	0.00851	0.00632	0.00896	0.00893	0.01009	0.00723	0.00691	0.01119	0.04362	0.01434	0.01780	0.04255	0.04170	0.03758	0.65036	0.00798	0.01336	0.00656	0.05073	0.00528
52	0.00745	0.00572	0.00682	0.00676	0.00821	0.00509	0.00499	0.00948	0.01437	0.01910	0.40696	0.13771	0.31966	0.01350	0.00682	0.00191	0.00285	0.01171	0.00581	0.00509
53	0.00681	0.00560	0.00599	0.00630	0.00786	0.00479	0.00457	0.00815	0.01255	0.01525	0.05175	0.22857	0.59146	0.01529	0.00689	0.00202	0.00300	0.01305	0.00531	0.00479
54	0.01809	0.01132	0.01297	0.01065	0.01426	0.01178	0.00856	0.21720	0.20998	0.23188	0.10440	0.02403	0.08238	0.00834	0.00596	0.00182	0.00475	0.00682	0.00615	0.00866
55	0.01191	0.00956	0.01067	0.00972	0.01219	0.01038	0.00747	0.04711	0.39676	0.03526	0.26998	0.06697	0.06833	0.00986	0.00624	0.00190	0.00385	0.00845	0.00594	0.00745
56	0.00832	0.00555	0.00624	0.00624	0.00624	0.00555	0.00347	0.00832	0.00832	0.01109	0.01802	0.03743	0.02080	0.79898	0.02911	0.00555	0.00555	0.00832	0.00347	0.00347
57	0.02135	0.01573	0.01689	0.01299	0.01747	0.01738	0.01071	0.72309	0.02658	0.03567	0.03524	0.01457	0.01100	0.00701	0.00575	0.00172	0.00619	0.00530	0.00574	0.00960
58	0.00757	0.00577	0.00810	0.00832	0.00931	0.00532	0.03904	0.00926	0.01271	0.01719	0.23868	0.48941	0.09711	0.01529	0.00708	0.00213	0.00340	0.01383	0.00548	0.00501
59	0.00700	0.00503	0.00659	0.00783	0.00822	0.00468	0.00522	0.00798	0.01095	0.01453	0.03215	0.74514	0.06496	0.04030	0.00791	0.00240	0.00337	0.01587	0.00526	0.00462
60	0.01276	0.01090	0.01159	0.01053	0.01343	0.01227	0.00815	0.02590	0.59500	0.02286	0.10035	0.02733	0.10639	0.00892	0.00602	0.00193	0.00416	0.00749	0.00581	0.00821
61	0.83938	0.01106	0.00841	0.00752	0.01106	0.01283	0.00619	0.01681	0.00973	0.02566	0.00796	0.00929	0.00619	0.00531	0.00354	0.00177	0.00442	0.00310	0.00354	0.00619
62	0.00847	0.00586	0.00742	0.00719	0.00853	0.00534	0.00527	0.01062	0.01469	0.04959	0.50281	0.14770	0.14140	0.04982	0.00784	0.00206	0.00303	0.01112	0.00593	0.00530
63	0.00800	0.00581	0.00754	0.00718	0.00851	0.00535	0.00536	0.01059	0.01587	0.02234	0.70656	0.07452	0.07678	0.01205	0.00677	0.00183	0.00273	0.01065	0.00622	0.00535
64	0.00817	0.00613	0.00919	0.00919	0.01021	0.00715	0.00715	0.01021	0.00919	0.01328	0.01532	0.02247	0.01430	0.04290	0.77631	0.00919	0.01532	0.00613	0.00306	0.00511
65	0.00725	0.00524	0.00690	0.00800	0.00859	0.00489	0.00560	0.00857	0.01173	0.01563	0.10087	0.62589	0.07598	0.01698	0.00727	0.00228	0.00340	0.07476	0.00540	0.00478
66	0.04698	0.00586	0.00711	0.00751	0.00853	0.00551	0.00519	0.01012	0.01162	0.06918	0.09392	0.43423	0.12724	0.12775	0.01003	0.00262	0.00369	0.01271	0.00517	0.00500
67	0.00703	0.00502	0.00669	0.00793	0.00831	0.00468	0.00531	0.00811	0.01122	0.01503	0.06886	0.75670	0.03866	0.01760	0.00727	0.00230	0.00329	0.01596	0.00536	0.00468
68	0.01201	0.02587	0.57614	0.01835	0.02611	0.01359	0.21061	0.01817	0.01245	0.01817	0.01061	0.01296	0.00762	0.00527	0.00578	0.00184	0.00877	0.00489	0.00254	0.00826
69	0.04390	0.00720	0.00882	0.00893	0.04726	0.00729	0.00568	0.02500	0.04534	0.10375	0.03959	0.05580	0.01949	0.47401	0.08033	0.00459	0.00607	0.00765	0.00413	0.00520
70	0.14584	0.00973	0.01143	0.00963	0.01306	0.00959	0.00776	0.08757	0.06477	0.36371	0.03625	0.10906	0.05529	0.00893	0.00576	0.00189	0.00461	0.04117	0.00593	0.00803
71	0.00768	0.00541	0.00697	0.00777	0.00836	0.00514	0.00528	0.02510	0.01199	0.01635	0.14507	0.58439	0.03792	0.06999	0.00858	0.00242	0.00342	0.01422	0.02913	0.00482
72	0.02248	0.01007	0.01294	0.01034	0.01437	0.00946	0.00840	0.02758	0.16781	0.57898	0.05784	0.02096	0.01673	0.00744	0.00581	0.00181	0.00469	0.00612	0.00678	0.00939
73	0.01182	0.02563	0.61899	0.01632	0.05796	0.01274	0.01901	0.01755	0.01216	0.04257	0.03057	0.04936	0.01017	0.00642	0.00620	0.00186	0.04461	0.00507	0.00282	0.00817
74	0.00805	0.00561	0.00664	0.00705	0.00752	0.00544	0.00455	0.02116	0.01025	0.01355	0.02683	0.28354	0.09971	0.40497	0.01802	0.00387	0.00451	0.04488	0.01963	0.00421
75	0.01024	0.00738	0.00941	0.01006	0.01160	0.00762	0.00812	0.01503	0.15501	0.04735	0.02896	0.24690	0.03050	0.01447	0.00726	0.00238	0.00460	0.37166	0.00546	0.00601
76	0.08322	0.44357	0.09579	0.02742	0.01740	0.13576	0.06428	0.01850	0.01252	0.04227	0.00914	0.01058	0.00759	0.00522	0.00440	0.00145	0.00709	0.00367	0.00281	0.00734
77	0.01356	0.32399	0.39548	0.01432	0.02095	0.05351	0.07024	0.01798	0.01221	0.01615	0.00941	0.01113	0.00739	0.00520	0.00484	0.00158	0.00774	0.00394	0.00249	0.00789
78	0.01236	0.01091	0.01454	0.01064	0.01528	0.00922	0.08974	0.04888	0.01243	0.01881	0.01077	0.01369	0.00914	0.04541	0.00653	0.00133	0.04120	0.00418	0.00341	0.62155
79	0.07013	0.33735	0.06157	0.01153	0.01633	0.03809	0.01060	0.31942	0.01815	0.05077	0.01102	0.01162	0.00850	0.00587	0.00472	0.00152	0.00627	0.00410	0.00405	0.00839

[dist]
# distance from previous block
# <min> <max>
0	207

# created by:
# /software/SequenceAnalysis/GenePrediction/augustus/3.0.1/scripts/msa2prfl.pl ./fixed/BUSCOvEOG7C5F04.fas
