[name]
unknown

[dist]
# distance from previous block
# <min> <max>
0	277

[block]
# block no. 0 follows, 40 sequences, length 77
# corresponding to MSA columns:
# 277-353
name=unknown_A
#
# <colnr> <probs for GDERKNQSTAVLIFYWHMCP>
#	G	D	E	R	K	N	Q	S	T	A	V	L	I	F	Y	W	H	M	C	P
0	0.00988	0.00706	0.00972	0.01103	0.01241	0.00699	0.00956	0.01240	0.01368	0.01785	0.03112	0.06586	0.03374	0.01631	0.00822	0.00276	0.00552	0.71479	0.00551	0.00562
1	0.01089	0.00966	0.01515	0.48797	0.02913	0.01183	0.01307	0.01364	0.01095	0.01462	0.01236	0.01961	0.01084	0.09776	0.14467	0.00378	0.07911	0.00585	0.00295	0.00617
2	0.00882	0.00660	0.00970	0.00968	0.01076	0.00756	0.00748	0.01075	0.00967	0.01397	0.01602	0.02344	0.01496	0.04364	0.76681	0.00938	0.01566	0.00638	0.00328	0.00545
3	0.00747	0.00627	0.00637	0.00632	0.00829	0.00525	0.00471	0.00887	0.01372	0.01656	0.09545	0.05565	0.71494	0.01483	0.00707	0.00204	0.00312	0.01228	0.00560	0.00520
4	0.01254	0.01067	0.01239	0.00895	0.01413	0.00804	0.00710	0.01498	0.01236	0.01938	0.01083	0.01274	0.00908	0.00464	0.00452	0.00096	0.00448	0.00361	0.00361	0.82499
5	0.00761	0.00544	0.00712	0.00844	0.00882	0.00503	0.00562	0.00848	0.01144	0.01531	0.03237	0.78643	0.03869	0.01845	0.00762	0.00245	0.00355	0.01660	0.00555	0.00499
6	0.01486	0.01413	0.02384	0.03582	0.75388	0.01406	0.01797	0.01816	0.01353	0.01943	0.01142	0.01505	0.00967	0.00551	0.00596	0.00182	0.00706	0.00534	0.00305	0.00944
7	0.00875	0.00632	0.00814	0.00766	0.00907	0.00579	0.00571	0.01134	0.01673	0.02372	0.75095	0.04387	0.05497	0.01217	0.00706	0.00192	0.00293	0.01063	0.00654	0.00575
8	0.02647	0.01024	0.01381	0.01067	0.01518	0.00883	0.00875	0.02857	0.01691	0.75800	0.02333	0.02041	0.01481	0.00751	0.00605	0.00189	0.00511	0.00600	0.00733	0.01012
9	0.00823	0.00588	0.00781	0.00904	0.00972	0.00556	0.00660	0.00959	0.01226	0.01635	0.06740	0.57153	0.03827	0.01761	0.00774	0.00250	0.00401	0.18914	0.00559	0.00518
10	0.00896	0.00603	0.00678	0.00674	0.00684	0.00594	0.00384	0.00894	0.00912	0.01226	0.04926	0.03875	0.02290	0.75739	0.02868	0.00554	0.00568	0.00867	0.00381	0.00388
11	0.00831	0.00623	0.00935	0.00935	0.01038	0.00727	0.00727	0.01038	0.00935	0.01350	0.01558	0.02285	0.01454	0.04361	0.77259	0.00935	0.01558	0.00623	0.00312	0.00519
12	0.00709	0.00506	0.00675	0.00810	0.00843	0.00472	0.00540	0.00810	0.01113	0.01484	0.03205	0.79184	0.03846	0.01822	0.00742	0.00236	0.00337	0.01653	0.00540	0.00472
13	0.00712	0.00508	0.00674	0.00805	0.00838	0.00475	0.00535	0.00811	0.01106	0.01474	0.03167	0.77069	0.03798	0.04003	0.00804	0.00245	0.00344	0.01631	0.00535	0.00469
14	0.02172	0.02772	0.01648	0.01498	0.01798	0.77228	0.01124	0.02322	0.01648	0.01423	0.00899	0.01049	0.00749	0.00599	0.00524	0.00150	0.01049	0.00375	0.00300	0.00674
15	0.01206	0.01034	0.01206	0.00861	0.01378	0.00775	0.00689	0.01464	0.01206	0.01895	0.01034	0.01206	0.00861	0.00431	0.00431	0.00086	0.00431	0.00345	0.00345	0.83118
16	0.00835	0.00608	0.00859	0.00859	0.00936	0.00686	0.00632	0.00990	0.00912	0.01294	0.01627	0.02669	0.01621	0.23373	0.58475	0.00841	0.01306	0.00679	0.00322	0.00477
17	0.01446	0.01249	0.01315	0.01183	0.01512	0.01446	0.00920	0.03090	0.74885	0.02433	0.02367	0.02170	0.01775	0.00789	0.00592	0.00197	0.00460	0.00657	0.00592	0.00920
18	0.00754	0.00592	0.00681	0.00659	0.00826	0.00519	0.00494	0.00963	0.01482	0.01943	0.40029	0.04983	0.41329	0.01334	0.00687	0.00190	0.00285	0.01141	0.00589	0.00519
19	0.00729	0.00521	0.00697	0.00824	0.00869	0.00489	0.00567	0.00849	0.01152	0.01540	0.06430	0.70895	0.03885	0.01779	0.00744	0.00236	0.00348	0.06420	0.00544	0.00480
20	0.02211	0.01629	0.01745	0.01338	0.01803	0.01803	0.01105	0.73997	0.02734	0.03665	0.01396	0.01396	0.00989	0.00698	0.00582	0.00175	0.00640	0.00524	0.00582	0.00989
21	0.01084	0.00542	0.00542	0.00542	0.00678	0.00542	0.00407	0.01355	0.01220	0.02168	0.01897	0.02168	0.01491	0.00678	0.00407	0.00136	0.00271	0.00542	0.82791	0.00542
22	0.00823	0.00594	0.00777	0.00732	0.00869	0.00549	0.00549	0.01097	0.01646	0.02332	0.75629	0.04344	0.05487	0.01189	0.00686	0.00183	0.00274	0.01052	0.00640	0.00549
23	0.02609	0.00990	0.01350	0.01035	0.01484	0.00855	0.00855	0.02834	0.01664	0.76338	0.02294	0.01979	0.01439	0.00720	0.00585	0.00180	0.00495	0.00585	0.00720	0.00990
24	0.01439	0.01382	0.02360	0.03569	0.75936	0.01382	0.01785	0.01785	0.01324	0.01900	0.01094	0.01439	0.00921	0.00518	0.00576	0.00173	0.00691	0.00518	0.00288	0.00921
25	0.02160	0.01580	0.01691	0.01302	0.01753	0.01747	0.01074	0.70753	0.02667	0.03598	0.01419	0.01431	0.01011	0.00697	0.00574	0.00173	0.00623	0.00524	0.04253	0.00969
26	0.01446	0.01249	0.01315	0.01183	0.01512	0.01446	0.00920	0.03090	0.74885	0.02433	0.02367	0.02170	0.01775	0.00789	0.00592	0.00197	0.00460	0.00657	0.00592	0.00920
27	0.01084	0.00542	0.00542	0.00542	0.00678	0.00542	0.00407	0.01355	0.01220	0.02168	0.01897	0.02168	0.01491	0.00678	0.00407	0.00136	0.00271	0.00542	0.82791	0.00542
28	0.19053	0.00997	0.01219	0.00964	0.01379	0.00930	0.00793	0.02514	0.01526	0.57431	0.05822	0.01892	0.01486	0.00708	0.00544	0.00180	0.00474	0.00554	0.00642	0.00893
29	0.00695	0.00570	0.00613	0.00644	0.00801	0.00488	0.00467	0.00835	0.01284	0.01568	0.06865	0.22645	0.57416	0.01547	0.00700	0.00205	0.00304	0.01322	0.00542	0.00488
30	0.02174	0.02724	0.01652	0.01492	0.01798	0.74110	0.01123	0.05285	0.01693	0.01516	0.00919	0.01063	0.00759	0.00603	0.00527	0.00151	0.01032	0.00381	0.00311	0.00687
31	0.02172	0.02772	0.01648	0.01498	0.01798	0.77228	0.01124	0.02322	0.01648	0.01423	0.00899	0.01049	0.00749	0.00599	0.00524	0.00150	0.01049	0.00375	0.00300	0.00674
32	0.01758	0.01141	0.01287	0.01110	0.01464	0.01235	0.00877	0.02933	0.50568	0.23336	0.02323	0.02116	0.01666	0.00764	0.00581	0.00189	0.00461	0.00631	0.04639	0.00922
33	0.00736	0.00540	0.00691	0.00761	0.00843	0.00495	0.00530	0.00890	0.01283	0.01722	0.22906	0.49854	0.13388	0.01608	0.00720	0.00217	0.00315	0.01438	0.00567	0.00495
34	0.00693	0.00581	0.00602	0.00615	0.00793	0.00490	0.00454	0.00838	0.01311	0.01580	0.07224	0.13097	0.66729	0.01502	0.00693	0.00200	0.00298	0.01267	0.00542	0.00490
35	0.02589	0.01022	0.01369	0.01050	0.01500	0.00902	0.00867	0.06395	0.01718	0.72702	0.02249	0.01950	0.01417	0.00719	0.00585	0.00180	0.00502	0.00582	0.00713	0.00990
36	0.00799	0.00544	0.00648	0.00695	0.00706	0.00532	0.00417	0.00833	0.00938	0.01250	0.02304	0.29700	0.02709	0.52856	0.02198	0.00451	0.00486	0.01123	0.00417	0.00394
37	0.00846	0.00564	0.00634	0.00634	0.00634	0.00564	0.00352	0.00846	0.00846	0.01128	0.01832	0.03805	0.02114	0.79563	0.02960	0.00564	0.00564	0.00846	0.00352	0.00352
38	0.00699	0.00588	0.00596	0.00595	0.00779	0.00496	0.00440	0.00841	0.01308	0.01565	0.07273	0.05474	0.70248	0.05549	0.00806	0.00215	0.00308	0.01203	0.00532	0.00485
39	0.00709	0.00506	0.00675	0.00810	0.00843	0.00472	0.00540	0.00810	0.01113	0.01484	0.03205	0.79184	0.03846	0.01822	0.00742	0.00236	0.00337	0.01653	0.00540	0.00472
40	0.01851	0.01167	0.01323	0.01117	0.01484	0.01251	0.00889	0.09787	0.41566	0.24868	0.02224	0.02037	0.01581	0.00753	0.00578	0.00186	0.00477	0.00616	0.05318	0.00926
41	0.01446	0.01249	0.01315	0.01183	0.01512	0.01446	0.00920	0.03090	0.74885	0.02433	0.02367	0.02170	0.01775	0.00789	0.00592	0.00197	0.00460	0.00657	0.00592	0.00920
42	0.00730	0.00592	0.00652	0.00665	0.00837	0.00514	0.00506	0.00904	0.01363	0.01695	0.15952	0.09689	0.54832	0.01462	0.00700	0.00203	0.00315	0.07332	0.00555	0.00502
43	0.01410	0.01352	0.02307	0.09984	0.69750	0.01374	0.01770	0.01759	0.01310	0.01864	0.01089	0.01449	0.00909	0.00524	0.00576	0.00175	0.00698	0.00518	0.00285	0.00897
44	0.79069	0.05002	0.00997	0.00810	0.01179	0.01378	0.00669	0.01742	0.01031	0.02586	0.00860	0.01014	0.00684	0.00571	0.00383	0.00186	0.00475	0.00332	0.00371	0.00661
45	0.02247	0.01775	0.01764	0.01384	0.01834	0.09541	0.01125	0.66130	0.02641	0.03465	0.01391	0.01427	0.01010	0.00719	0.00596	0.00181	0.00697	0.00524	0.00568	0.00979
46	0.02235	0.00970	0.01311	0.05043	0.01554	0.00857	0.00861	0.02463	0.01640	0.57327	0.13037	0.02330	0.02016	0.00799	0.00613	0.00185	0.00490	0.00653	0.00679	0.04937
47	0.00852	0.00582	0.00685	0.00727	0.00743	0.00564	0.00437	0.00872	0.00966	0.01293	0.02323	0.28439	0.02716	0.53622	0.02238	0.00463	0.00506	0.01122	0.00430	0.00419
48	0.00761	0.00544	0.00712	0.00844	0.00882	0.00503	0.00562	0.00848	0.01144	0.01531	0.03237	0.78643	0.03869	0.01845	0.00762	0.00245	0.00355	0.01660	0.00555	0.00499
49	0.02251	0.01658	0.01774	0.01368	0.01835	0.01824	0.01123	0.73464	0.02752	0.03694	0.01442	0.01462	0.01034	0.00730	0.00602	0.00183	0.00655	0.00539	0.00596	0.01011
50	0.07271	0.01032	0.01353	0.01051	0.01498	0.00908	0.00862	0.02793	0.01653	0.71594	0.02249	0.01982	0.01435	0.00741	0.00592	0.00189	0.00509	0.00584	0.00713	0.00992
51	0.00762	0.00627	0.00658	0.00649	0.00838	0.00531	0.00483	0.00917	0.01408	0.01743	0.17508	0.05422	0.63476	0.01451	0.00707	0.00203	0.00309	0.01208	0.00572	0.00527
52	0.00882	0.00595	0.00676	0.00688	0.00697	0.00584	0.00396	0.00880	0.00907	0.01214	0.02020	0.11831	0.02334	0.70751	0.02727	0.00535	0.00556	0.00944	0.00389	0.00393
53	0.00761	0.00544	0.00712	0.00844	0.00882	0.00503	0.00562	0.00848	0.01144	0.01531	0.03237	0.78643	0.03869	0.01845	0.00762	0.00245	0.00355	0.01660	0.00555	0.00499
54	0.02450	0.01043	0.01339	0.01047	0.01468	0.00947	0.00854	0.09895	0.01754	0.60869	0.02202	0.02001	0.01441	0.00745	0.00587	0.00184	0.00503	0.00589	0.09117	0.00966
55	0.00770	0.00551	0.00720	0.00838	0.00884	0.00509	0.00563	0.00871	0.01186	0.01598	0.08959	0.72730	0.03999	0.01795	0.00757	0.00240	0.00350	0.01612	0.00563	0.00505
56	0.02647	0.01024	0.01381	0.01067	0.01518	0.00883	0.00875	0.02857	0.01691	0.75800	0.02333	0.02041	0.01481	0.00751	0.00605	0.00189	0.00511	0.00600	0.00733	0.01012
57	0.01493	0.01281	0.01347	0.01215	0.01546	0.01470	0.00940	0.03111	0.74340	0.02472	0.02405	0.02230	0.01814	0.00820	0.00612	0.00206	0.00477	0.00672	0.00606	0.00944
58	0.00882	0.00660	0.00970	0.00968	0.01076	0.00756	0.00748	0.01075	0.00967	0.01397	0.01602	0.02344	0.01496	0.04364	0.76681	0.00938	0.01566	0.00638	0.00328	0.00545
59	0.01420	0.01598	0.03447	0.02472	0.03061	0.01494	0.73274	0.01893	0.01401	0.01906	0.01224	0.01634	0.00929	0.00523	0.00706	0.00205	0.00993	0.00700	0.00311	0.00808
60	0.02251	0.01658	0.01774	0.01368	0.01835	0.01824	0.01123	0.73464	0.02752	0.03694	0.01442	0.01462	0.01034	0.00730	0.00602	0.00183	0.00655	0.00539	0.00596	0.01011
61	0.00771	0.00566	0.00714	0.00826	0.00894	0.00517	0.00570	0.00874	0.01188	0.01558	0.03625	0.63685	0.14401	0.01781	0.00757	0.00241	0.00360	0.05611	0.00555	0.00505
62	0.00882	0.00660	0.00970	0.00968	0.01076	0.00756	0.00748	0.01075	0.00967	0.01397	0.01602	0.02344	0.01496	0.04364	0.76681	0.00938	0.01566	0.00638	0.00328	0.00545
63	0.01254	0.01067	0.01239	0.00895	0.01413	0.00804	0.00710	0.01498	0.01236	0.01938	0.01083	0.01274	0.00908	0.00464	0.00452	0.00096	0.00448	0.00361	0.00361	0.82499
64	0.00759	0.00563	0.00697	0.00797	0.00871	0.00509	0.00542	0.00860	0.01201	0.01570	0.05602	0.61689	0.18633	0.01757	0.00749	0.00235	0.00345	0.01557	0.00557	0.00505
65	0.01493	0.01281	0.01347	0.01215	0.01546	0.01470	0.00940	0.03111	0.74340	0.02472	0.02405	0.02230	0.01814	0.00820	0.00612	0.00206	0.00477	0.00672	0.00606	0.00944
66	0.00761	0.00544	0.00712	0.00844	0.00882	0.00503	0.00562	0.00848	0.01144	0.01531	0.03237	0.78643	0.03869	0.01845	0.00762	0.00245	0.00355	0.01660	0.00555	0.00499
67	0.00925	0.00595	0.00660	0.00665	0.00692	0.00586	0.00394	0.00957	0.00948	0.01348	0.01956	0.07550	0.02150	0.63325	0.02471	0.00490	0.00525	0.00856	0.12494	0.00414
68	0.01519	0.00793	0.01036	0.00879	0.01149	0.00698	0.00685	0.01760	0.01656	0.28230	0.45553	0.03396	0.03840	0.01013	0.00657	0.00186	0.00378	0.00863	0.00667	0.05042
69	0.01254	0.01067	0.01239	0.00895	0.01413	0.00804	0.00710	0.01498	0.01236	0.01938	0.01083	0.01274	0.00908	0.00464	0.00452	0.00096	0.00448	0.00361	0.00361	0.82499
70	0.52827	0.01107	0.01075	0.00900	0.01295	0.01161	0.00735	0.02161	0.01273	0.30159	0.01414	0.01401	0.00980	0.00640	0.00466	0.00189	0.00484	0.00433	0.00511	0.00789
71	0.00784	0.00561	0.00739	0.00870	0.00919	0.00524	0.00603	0.00889	0.01167	0.01557	0.03224	0.71212	0.03818	0.01823	0.00768	0.00248	0.00375	0.08859	0.00554	0.00505
72	0.00761	0.00544	0.00712	0.00844	0.00882	0.00503	0.00562	0.00848	0.01144	0.01531	0.03237	0.78643	0.03869	0.01845	0.00762	0.00245	0.00355	0.01660	0.00555	0.00499
73	0.00883	0.00657	0.00953	0.00950	0.01053	0.00747	0.00726	0.01064	0.00962	0.01385	0.01618	0.02431	0.01533	0.08654	0.72442	0.00916	0.01509	0.00650	0.00331	0.00536
74	0.00776	0.00550	0.00708	0.00825	0.00859	0.00513	0.00542	0.00852	0.01115	0.01492	0.03087	0.70402	0.03680	0.10343	0.01004	0.00280	0.00380	0.01571	0.00534	0.00486
75	0.00784	0.00561	0.00739	0.00870	0.00919	0.00524	0.00603	0.00889	0.01167	0.01557	0.03224	0.71212	0.03818	0.01823	0.00768	0.00248	0.00375	0.08859	0.00554	0.00505
76	0.01420	0.01598	0.03447	0.02472	0.03061	0.01494	0.73274	0.01893	0.01401	0.01906	0.01224	0.01634	0.00929	0.00523	0.00706	0.00205	0.00993	0.00700	0.00311	0.00808

[dist]
# distance from previous block
# <min> <max>
0	1

[block]
# block no. 1 follows, 40 sequences, length 26
# corresponding to MSA columns:
# 355-380
name=unknown_B
#
# <colnr> <probs for GDERKNQSTAVLIFYWHMCP>
#	G	D	E	R	K	N	Q	S	T	A	V	L	I	F	Y	W	H	M	C	P
0	0.01129	0.01068	0.01784	0.69248	0.08298	0.01325	0.01606	0.01499	0.01157	0.01506	0.01022	0.01528	0.00784	0.00602	0.00656	0.00196	0.05152	0.00516	0.00260	0.00662
1	0.01242	0.01884	0.24781	0.02045	0.02656	0.01331	0.44985	0.01747	0.01303	0.01817	0.01348	0.09547	0.01148	0.00647	0.00653	0.00197	0.00878	0.00711	0.00305	0.00774
2	0.00834	0.00611	0.00874	0.00874	0.00957	0.00694	0.00652	0.01000	0.00917	0.01305	0.01613	0.02590	0.01587	0.19477	0.62325	0.00860	0.01358	0.00668	0.00320	0.00486
3	0.00728	0.00587	0.00648	0.00640	0.00812	0.00507	0.00477	0.00910	0.01409	0.01788	0.26043	0.08477	0.52123	0.01406	0.00689	0.00194	0.00291	0.01195	0.00569	0.00507
4	0.01261	0.01115	0.01476	0.01496	0.18846	0.00917	0.00946	0.01539	0.01234	0.01896	0.01048	0.01261	0.00875	0.00451	0.00465	0.00106	0.00492	0.00385	0.00331	0.63860
5	0.01230	0.00689	0.00896	0.00797	0.01014	0.00618	0.00620	0.01479	0.01606	0.19571	0.48699	0.03992	0.12098	0.01122	0.00666	0.00186	0.00336	0.03090	0.00645	0.00645
6	0.01522	0.02040	0.19600	0.02708	0.43935	0.16514	0.01738	0.01905	0.01366	0.01791	0.01043	0.01312	0.00844	0.00542	0.00560	0.00171	0.00802	0.00469	0.00280	0.00857
7	0.20270	0.00764	0.00837	0.00811	0.01024	0.00758	0.00636	0.01233	0.01268	0.02035	0.20188	0.13764	0.07652	0.04205	0.00701	0.00210	0.00400	0.13675	0.00494	0.09075
8	0.01640	0.01232	0.02059	0.17701	0.35815	0.01250	0.07522	0.02017	0.03582	0.19270	0.01408	0.01621	0.01036	0.00584	0.00589	0.00181	0.00679	0.00552	0.00393	0.00871
9	0.01978	0.01838	0.01717	0.16720	0.02241	0.23372	0.01212	0.38929	0.02108	0.02586	0.01181	0.01327	0.00877	0.00646	0.00565	0.00171	0.00784	0.00479	0.00436	0.00830
10	0.01398	0.01138	0.01684	0.03330	0.34838	0.01132	0.01219	0.09200	0.04467	0.06412	0.21619	0.02276	0.02234	0.00738	0.00599	0.00172	0.00537	0.00663	0.00454	0.05891
11	0.01992	0.05247	0.01397	0.01068	0.01428	0.01118	0.00861	0.23025	0.01821	0.33662	0.02167	0.19842	0.01835	0.00960	0.00610	0.00189	0.00507	0.00803	0.00612	0.00855
12	0.00814	0.00550	0.00644	0.00675	0.00683	0.00542	0.00396	0.00837	0.00908	0.01211	0.02154	0.21466	0.02520	0.61349	0.02440	0.00487	0.00511	0.01035	0.00396	0.00380
13	0.00993	0.00544	0.00800	0.00831	0.00862	0.00544	0.00606	0.00862	0.00894	0.01181	0.01495	0.02890	0.01558	0.01923	0.01928	0.63679	0.00512	0.17261	0.00319	0.00319
14	0.00771	0.00563	0.00671	0.00688	0.00798	0.00510	0.00483	0.00885	0.01254	0.01632	0.20801	0.19542	0.30013	0.09658	0.01086	0.08156	0.00347	0.01163	0.00516	0.00464
15	0.00943	0.00738	0.00947	0.00887	0.00902	0.00873	0.00622	0.01003	0.00869	0.01224	0.01542	0.02991	0.01702	0.50234	0.13509	0.00545	0.18968	0.00734	0.00323	0.00443
16	0.01433	0.01129	0.01201	0.01033	0.01343	0.01216	0.00811	0.26553	0.22934	0.02518	0.03041	0.08187	0.21871	0.03182	0.00690	0.00202	0.00471	0.00841	0.00564	0.00780
17	0.04872	0.00823	0.00988	0.00917	0.01082	0.00863	0.00697	0.18080	0.01453	0.02041	0.08795	0.13503	0.02086	0.01413	0.01159	0.26805	0.00477	0.07870	0.05527	0.00548
18	0.01221	0.01781	0.26276	0.01800	0.02337	0.01206	0.33638	0.01597	0.01182	0.01656	0.01095	0.01506	0.00866	0.00869	0.01015	0.19611	0.00830	0.00561	0.00269	0.00684
19	0.00834	0.00609	0.00864	0.00864	0.00944	0.00689	0.00639	0.00993	0.00914	0.01298	0.01622	0.02641	0.01609	0.21980	0.59851	0.00848	0.01325	0.00675	0.00321	0.00480
20	0.01751	0.01032	0.01651	0.01297	0.01676	0.00962	0.17864	0.02150	0.08239	0.33084	0.02308	0.13528	0.04975	0.00867	0.00626	0.00192	0.00559	0.00800	0.05631	0.00809
21	0.05630	0.00975	0.01536	0.01284	0.01559	0.00962	0.17854	0.05966	0.02998	0.08287	0.05279	0.05811	0.02143	0.16687	0.01139	0.00286	0.00625	0.19886	0.00458	0.00637
22	0.00939	0.00734	0.01082	0.19083	0.01803	0.00786	0.01031	0.01212	0.01274	0.01646	0.02756	0.12597	0.06500	0.01381	0.00739	0.00244	0.00559	0.44608	0.00471	0.00553
23	0.00803	0.00593	0.00858	0.00889	0.00971	0.00659	0.00663	0.00975	0.00972	0.01370	0.01958	0.20382	0.02049	0.07743	0.55403	0.00751	0.01219	0.00876	0.00367	0.00499
24	0.00774	0.00559	0.00726	0.00801	0.00873	0.00530	0.00561	0.00959	0.02988	0.01716	0.21307	0.49761	0.05171	0.05604	0.00841	0.00240	0.00346	0.05189	0.00556	0.00500
25	0.60708	0.01215	0.01049	0.00889	0.01263	0.01386	0.00731	0.18629	0.01409	0.02836	0.00998	0.01108	0.00754	0.00583	0.00414	0.00177	0.00486	0.00374	0.04282	0.00710

[dist]
# distance from previous block
# <min> <max>
0	1

[block]
# block no. 2 follows, 40 sequences, length 17
# corresponding to MSA columns:
# 382-398
name=unknown_C
#
# <colnr> <probs for GDERKNQSTAVLIFYWHMCP>
#	G	D	E	R	K	N	Q	S	T	A	V	L	I	F	Y	W	H	M	C	P
0	0.02126	0.01547	0.01655	0.01278	0.01719	0.01709	0.01053	0.68541	0.02620	0.03553	0.01434	0.01454	0.01027	0.00697	0.00569	0.00172	0.00612	0.00525	0.06755	0.00955
1	0.01210	0.00634	0.00853	0.00869	0.01013	0.00573	0.00623	0.01344	0.01259	0.21240	0.02965	0.58808	0.03211	0.01531	0.00701	0.00221	0.00379	0.01371	0.00587	0.00609
2	0.00905	0.00572	0.00682	0.00661	0.00790	0.00543	0.00488	0.01156	0.01437	0.02170	0.42803	0.05961	0.06008	0.04751	0.00701	0.00187	0.00289	0.00893	0.28471	0.00533
3	0.00823	0.00594	0.00777	0.00732	0.00869	0.00549	0.00549	0.01097	0.01646	0.02332	0.75629	0.04344	0.05487	0.01189	0.00686	0.00183	0.00274	0.01052	0.00640	0.00549
4	0.00873	0.00729	0.00811	0.00728	0.00991	0.00615	0.00550	0.01127	0.05007	0.01732	0.08034	0.13893	0.38752	0.01193	0.00622	0.00172	0.00343	0.01012	0.00497	0.22320
5	0.22687	0.00773	0.00779	0.00740	0.00964	0.00787	0.00578	0.01297	0.05469	0.02150	0.26977	0.03816	0.25156	0.01102	0.00601	0.00191	0.00350	0.04480	0.00528	0.00573
6	0.05717	0.00575	0.00560	0.00555	0.00703	0.00585	0.00419	0.01375	0.01207	0.02193	0.01836	0.02099	0.01442	0.00670	0.00404	0.00138	0.00281	0.00529	0.78167	0.00547
7	0.00882	0.00703	0.00898	0.00877	0.01036	0.00651	0.00634	0.01027	0.01121	0.01586	0.02449	0.52753	0.02827	0.01394	0.00748	0.00198	0.06232	0.01222	0.00467	0.22296
8	0.02009	0.01529	0.01632	0.01297	0.01727	0.01709	0.01057	0.55283	0.21776	0.03340	0.01652	0.01600	0.01196	0.00722	0.00584	0.00181	0.00592	0.00559	0.00584	0.00971
9	0.22705	0.00712	0.00692	0.00669	0.00764	0.00759	0.00426	0.01074	0.00884	0.01519	0.01562	0.03050	0.01722	0.58708	0.02274	0.00462	0.00534	0.00706	0.00354	0.00426
10	0.00809	0.00549	0.00645	0.00681	0.00689	0.00540	0.00402	0.00836	0.00916	0.01222	0.02195	0.23699	0.02571	0.59046	0.02375	0.00477	0.00504	0.01059	0.00402	0.00384
11	0.00903	0.00702	0.00844	0.00908	0.01020	0.00729	0.00640	0.01412	0.20583	0.01735	0.02984	0.58858	0.03300	0.01549	0.00703	0.00226	0.00370	0.01390	0.00554	0.00591
12	0.00709	0.00506	0.00675	0.00810	0.00843	0.00472	0.00540	0.00810	0.01113	0.01484	0.03205	0.79184	0.03846	0.01822	0.00742	0.00236	0.00337	0.01653	0.00540	0.00472
13	0.34608	0.01519	0.01322	0.01094	0.01473	0.11096	0.00880	0.32400	0.01806	0.02832	0.01121	0.01294	0.00872	0.04614	0.00606	0.00193	0.00612	0.00438	0.00446	0.00774
14	0.01945	0.01472	0.01603	0.01212	0.01691	0.01532	0.00995	0.54854	0.02331	0.03198	0.01300	0.01346	0.00955	0.00628	0.00542	0.00151	0.00585	0.00476	0.00519	0.22664
15	0.01010	0.00505	0.00758	0.00758	0.00758	0.00505	0.00505	0.00758	0.00758	0.01010	0.01010	0.01768	0.01010	0.02020	0.02273	0.83081	0.00505	0.00505	0.00253	0.00253
16	0.01463	0.59095	0.02561	0.00960	0.01462	0.01898	0.00914	0.01668	0.01188	0.01507	0.00868	0.01005	0.00777	0.00480	0.00388	0.00114	0.00571	0.00320	0.00274	0.22485

[dist]
# distance from previous block
# <min> <max>
5	187

# created by:
# /software/SequenceAnalysis/GenePrediction/augustus/3.0.1/scripts/msa2prfl.pl ./fixed/BUSCOvEOG754BCN.fas
