[name]
unknown

[dist]
# distance from previous block
# <min> <max>
1	161

[block]
# block no. 0 follows, 38 sequences, length 8
# corresponding to MSA columns:
# 222-229
name=unknown_A
#
# <colnr> <probs for GDERKNQSTAVLIFYWHMCP>
#	G	D	E	R	K	N	Q	S	T	A	V	L	I	F	Y	W	H	M	C	P
0	0.02274	0.02073	0.01772	0.01438	0.01864	0.26335	0.01150	0.49904	0.02460	0.03030	0.01276	0.01326	0.00942	0.00689	0.00582	0.00172	0.00801	0.00491	0.00506	0.00916
1	0.00828	0.00564	0.00670	0.00716	0.00727	0.00552	0.00428	0.00863	0.00966	0.01288	0.02361	0.28390	0.02775	0.53603	0.02309	0.00472	0.00506	0.01149	0.00428	0.00405
2	0.01043	0.00965	0.01814	0.01481	0.01753	0.01004	0.24431	0.01354	0.01115	0.01571	0.01482	0.02120	0.01310	0.03198	0.51616	0.00716	0.01415	0.00666	0.00316	0.00627
3	0.01181	0.01115	0.01885	0.68035	0.13170	0.01348	0.01693	0.01576	0.01224	0.01592	0.01077	0.01589	0.00821	0.00593	0.00601	0.00198	0.00791	0.00535	0.00271	0.00704
4	0.01357	0.01295	0.02204	0.31149	0.48676	0.01395	0.01781	0.01731	0.01308	0.01806	0.01108	0.01532	0.00897	0.00560	0.00598	0.00187	0.00747	0.00535	0.00286	0.00847
5	0.01268	0.01198	0.01599	0.01320	0.01501	0.01441	0.01087	0.01449	0.01031	0.01613	0.00927	0.01352	0.00862	0.01045	0.05596	0.00245	0.48177	0.00477	0.00297	0.27515
6	0.27855	0.00774	0.00731	0.00700	0.00823	0.00835	0.00459	0.01168	0.00924	0.01669	0.01548	0.02966	0.01683	0.53168	0.02179	0.00453	0.00545	0.00695	0.00367	0.00459
7	0.01608	0.79220	0.03152	0.01029	0.01544	0.02380	0.01029	0.01801	0.01222	0.01415	0.00836	0.00965	0.00772	0.00515	0.00386	0.00129	0.00643	0.00322	0.00257	0.00772

[dist]
# distance from previous block
# <min> <max>
0	9

[block]
# block no. 1 follows, 38 sequences, length 20
# corresponding to MSA columns:
# 239-258
name=unknown_B
#
# <colnr> <probs for GDERKNQSTAVLIFYWHMCP>
#	G	D	E	R	K	N	Q	S	T	A	V	L	I	F	Y	W	H	M	C	P
0	0.01852	0.01401	0.01510	0.01265	0.01661	0.01570	0.01010	0.26235	0.44812	0.08716	0.02111	0.01965	0.01541	0.00779	0.00608	0.00195	0.00540	0.00628	0.00619	0.00981
1	0.01542	0.02669	0.52812	0.01612	0.02375	0.01542	0.01888	0.23985	0.01753	0.02490	0.01193	0.01324	0.00843	0.00618	0.00581	0.00187	0.00819	0.00475	0.00362	0.00931
2	0.01185	0.02478	0.52811	0.25191	0.03081	0.01378	0.02051	0.01791	0.01249	0.01791	0.01076	0.01374	0.00774	0.00581	0.00581	0.00194	0.00862	0.00472	0.00258	0.00821
3	0.01559	0.13267	0.01674	0.01149	0.01568	0.10611	0.00935	0.05494	0.26217	0.02076	0.01497	0.01536	0.01185	0.00634	0.00556	0.00152	0.02790	0.00479	0.00432	0.26190
4	0.26558	0.01098	0.01519	0.53650	0.03219	0.01341	0.01355	0.01609	0.01147	0.01897	0.00997	0.01410	0.00755	0.00588	0.00530	0.00196	0.00698	0.00470	0.00300	0.00663
5	0.00815	0.00587	0.00771	0.00782	0.00891	0.00543	0.00565	0.01043	0.01532	0.02140	0.52622	0.27435	0.05150	0.01433	0.00728	0.00206	0.00304	0.01281	0.00630	0.00543
6	0.27325	0.02339	0.01450	0.01314	0.01644	0.53154	0.01004	0.02206	0.01494	0.01853	0.00901	0.01051	0.00737	0.00601	0.00490	0.00165	0.00893	0.00368	0.00329	0.00683
7	0.01347	0.01718	0.13209	0.04953	0.02620	0.01596	0.37978	0.01761	0.01236	0.01761	0.01059	0.01477	0.00849	0.00689	0.01078	0.00220	0.24789	0.00609	0.00283	0.00769
8	0.00733	0.00524	0.00698	0.00838	0.00873	0.00489	0.00558	0.00838	0.01152	0.01536	0.03316	0.78466	0.03979	0.01885	0.00768	0.00244	0.00349	0.01710	0.00558	0.00489
9	0.01313	0.00925	0.01013	0.00882	0.01031	0.00981	0.00606	0.23274	0.01481	0.01980	0.01756	0.03164	0.01826	0.54626	0.02299	0.00458	0.00608	0.00771	0.00438	0.00569
10	0.02166	0.01128	0.01382	0.01115	0.01501	0.01109	0.00897	0.24269	0.01971	0.37850	0.05505	0.14498	0.01942	0.00946	0.00635	0.00194	0.00521	0.00788	0.00666	0.00915
11	0.01720	0.01671	0.04105	0.05711	0.14484	0.04981	0.31159	0.23990	0.01849	0.02473	0.01251	0.01513	0.00939	0.00589	0.00642	0.00189	0.00847	0.00602	0.00393	0.00890
12	0.27636	0.01067	0.01237	0.00984	0.01420	0.01028	0.00812	0.02571	0.01505	0.52938	0.01897	0.01716	0.01229	0.00687	0.00533	0.00186	0.00497	0.00518	0.00629	0.00908
13	0.01393	0.04898	0.14383	0.25994	0.34590	0.01411	0.01776	0.01808	0.01311	0.05144	0.01147	0.01491	0.00891	0.00571	0.00585	0.00186	0.00758	0.00514	0.00300	0.00850
14	0.02114	0.01286	0.01631	0.01311	0.01630	0.01446	0.01084	0.19386	0.05128	0.31849	0.01662	0.01685	0.01176	0.00838	0.01029	0.00210	0.24503	0.00569	0.00555	0.00907
15	0.01146	0.00819	0.00970	0.01159	0.11062	0.03956	0.00722	0.04598	0.01322	0.01992	0.02198	0.25742	0.02179	0.03323	0.00643	0.00193	0.00422	0.00915	0.36025	0.00613
16	0.21023	0.01084	0.01524	0.02104	0.34175	0.01118	0.01157	0.01515	0.01218	0.02010	0.01738	0.25238	0.01818	0.00960	0.00595	0.00201	0.00541	0.00849	0.00397	0.00736
17	0.00851	0.00615	0.00804	0.00757	0.00899	0.00568	0.00568	0.01135	0.01703	0.02412	0.74788	0.04494	0.05676	0.01230	0.00710	0.00189	0.00284	0.01088	0.00662	0.00568
18	0.00869	0.00671	0.00830	0.00849	0.00918	0.03123	0.02918	0.00984	0.01178	0.01567	0.13703	0.38838	0.03474	0.25568	0.01461	0.00337	0.00458	0.01278	0.00497	0.00480
19	0.00815	0.00587	0.00771	0.00782	0.00891	0.00543	0.00565	0.01043	0.01532	0.02140	0.52622	0.27435	0.05150	0.01433	0.00728	0.00206	0.00304	0.01281	0.00630	0.00543

[dist]
# distance from previous block
# <min> <max>
3	52

[block]
# block no. 2 follows, 38 sequences, length 37
# corresponding to MSA columns:
# 311-347
name=unknown_C
#
# <colnr> <probs for GDERKNQSTAVLIFYWHMCP>
#	G	D	E	R	K	N	Q	S	T	A	V	L	I	F	Y	W	H	M	C	P
0	0.80681	0.01179	0.00912	0.00809	0.01184	0.01365	0.00666	0.03910	0.01078	0.02732	0.00856	0.00991	0.00663	0.00563	0.00379	0.00186	0.00471	0.00332	0.00379	0.00663
1	0.01332	0.01353	0.02249	0.01715	0.02054	0.01466	0.24713	0.01623	0.01170	0.01739	0.01003	0.01399	0.00857	0.00715	0.01161	0.00198	0.32412	0.00543	0.00301	0.21997
2	0.01259	0.01197	0.02015	0.50343	0.27390	0.01386	0.01715	0.01635	0.01247	0.01675	0.01079	0.01555	0.00851	0.00597	0.00651	0.00196	0.03635	0.00535	0.00277	0.00762
3	0.01125	0.00680	0.00853	0.18637	0.01511	0.00743	0.00715	0.01434	0.01248	0.02077	0.01752	0.02092	0.01368	0.00677	0.00463	0.00154	0.00403	0.00555	0.62927	0.00586
4	0.00847	0.00569	0.00664	0.00697	0.00708	0.00560	0.00411	0.00878	0.00949	0.01278	0.02231	0.21427	0.02593	0.58934	0.02461	0.00493	0.00521	0.01064	0.02315	0.00398
5	0.01121	0.00561	0.00561	0.00561	0.00701	0.00561	0.00421	0.01402	0.01262	0.02243	0.01962	0.02243	0.01542	0.00701	0.00421	0.00140	0.00280	0.00561	0.82198	0.00561
6	0.03532	0.01072	0.01777	0.75173	0.04056	0.01337	0.01641	0.01544	0.01198	0.01571	0.01062	0.01586	0.00798	0.00600	0.00595	0.00200	0.00792	0.00529	0.00270	0.00668
7	0.03737	0.01496	0.01695	0.06661	0.12096	0.05171	0.01190	0.26238	0.28769	0.04027	0.01725	0.01740	0.01287	0.00715	0.00596	0.00189	0.00623	0.00580	0.00524	0.00939
8	0.01301	0.01101	0.01276	0.00917	0.01448	0.00857	0.00735	0.05217	0.01329	0.02055	0.01089	0.01258	0.00898	0.00460	0.00454	0.00094	0.00457	0.00366	0.00369	0.78321
9	0.01473	0.53508	0.27675	0.01261	0.01902	0.02048	0.01432	0.01836	0.01238	0.01581	0.00919	0.01068	0.00769	0.00534	0.00449	0.00150	0.00726	0.00363	0.00256	0.00812
10	0.00830	0.00616	0.00904	0.00936	0.01027	0.00690	0.00706	0.01019	0.01010	0.01429	0.02012	0.20263	0.02086	0.03894	0.58667	0.00797	0.01314	0.00895	0.00378	0.00526
11	0.01420	0.01623	0.03550	0.02535	0.03144	0.01521	0.72921	0.01927	0.01420	0.01927	0.01217	0.01623	0.00913	0.00507	0.00710	0.00203	0.01014	0.00710	0.00304	0.00811
12	0.83108	0.01163	0.00884	0.00791	0.01163	0.01350	0.00651	0.01768	0.01024	0.02699	0.00838	0.00977	0.00651	0.00558	0.00372	0.00186	0.00465	0.00326	0.00372	0.00651
13	0.20554	0.01280	0.01617	0.01394	0.01482	0.01727	0.01160	0.01523	0.00945	0.01742	0.00801	0.01236	0.00757	0.00937	0.01597	0.00245	0.59577	0.00479	0.00289	0.00657
14	0.00936	0.00698	0.00926	0.18710	0.01476	0.00760	0.00672	0.01031	0.00952	0.01254	0.01701	0.03388	0.01861	0.60451	0.02483	0.00493	0.00635	0.00795	0.00342	0.00436
15	0.00863	0.00719	0.00796	0.00703	0.00973	0.00588	0.00538	0.01067	0.01404	0.01851	0.17772	0.04479	0.44511	0.01215	0.00648	0.00174	0.00334	0.01021	0.00530	0.19813
16	0.01286	0.00711	0.00943	0.00831	0.01049	0.00642	0.00642	0.01558	0.01707	0.19609	0.57755	0.03918	0.04691	0.01116	0.00685	0.00188	0.00337	0.00974	0.00682	0.00675
17	0.00895	0.00554	0.00759	0.00822	0.00880	0.00522	0.00563	0.00943	0.01163	0.04265	0.12715	0.47312	0.03434	0.01800	0.01126	0.19581	0.00387	0.01303	0.00510	0.00466
18	0.01109	0.00758	0.01119	0.31862	0.02120	0.00867	0.00953	0.01311	0.01125	0.01674	0.01383	0.01886	0.01124	0.00987	0.00948	0.19536	0.00549	0.00541	0.29611	0.00534
19	0.83108	0.01163	0.00884	0.00791	0.01163	0.01350	0.00651	0.01768	0.01024	0.02699	0.00838	0.00977	0.00651	0.00558	0.00372	0.00186	0.00465	0.00326	0.00372	0.00651
20	0.01198	0.00880	0.01115	0.01016	0.01194	0.00987	0.00783	0.17984	0.01390	0.01923	0.01617	0.02396	0.01499	0.15359	0.47037	0.00721	0.01226	0.00657	0.00395	0.00624
21	0.02357	0.02329	0.01641	0.01422	0.01784	0.52085	0.01095	0.08770	0.01808	0.19095	0.01315	0.01343	0.00965	0.00658	0.00562	0.00165	0.00913	0.00452	0.00438	0.00803
22	0.20516	0.01168	0.01661	0.44592	0.12769	0.01376	0.01415	0.04312	0.03296	0.01978	0.01076	0.01453	0.00824	0.00593	0.00547	0.00194	0.00697	0.00490	0.00318	0.00723
23	0.02082	0.01023	0.01321	0.01117	0.03637	0.00969	0.00868	0.08711	0.08379	0.43120	0.19293	0.02571	0.02448	0.00857	0.00630	0.00188	0.00474	0.00718	0.00687	0.00908
24	0.01688	0.01302	0.01429	0.01168	0.01592	0.01365	0.00931	0.17274	0.36923	0.07921	0.01910	0.01830	0.01420	0.00704	0.00570	0.00171	0.00510	0.00570	0.00559	0.20161
25	0.52727	0.01289	0.05077	0.00914	0.01361	0.01266	0.00791	0.07643	0.01240	0.02573	0.00956	0.01095	0.00745	0.00546	0.00419	0.00163	0.00500	0.00357	0.00381	0.19955
26	0.01383	0.00813	0.00840	0.00745	0.00962	0.00853	0.00583	0.17489	0.01613	0.02590	0.01846	0.02064	0.01425	0.00706	0.00461	0.00149	0.00366	0.00556	0.63890	0.00664
27	0.02303	0.01722	0.01770	0.01713	0.01998	0.01440	0.01169	0.02032	0.02255	0.03052	0.12378	0.12526	0.46840	0.02282	0.01304	0.00468	0.00852	0.01577	0.01016	0.01304
28	0.00962	0.00701	0.00813	0.00729	0.00861	0.00644	0.00469	0.01037	0.00968	0.01366	0.01685	0.03214	0.01843	0.56139	0.06669	0.00489	0.00610	0.00740	0.00360	0.19702
29	0.00951	0.00744	0.01033	0.00949	0.01157	0.00764	0.00743	0.01178	0.01033	0.01529	0.01484	0.02101	0.01360	0.03555	0.58592	0.00760	0.01337	0.00577	0.00330	0.19824
30	0.01986	0.02444	0.01728	0.19394	0.02397	0.58777	0.01282	0.02199	0.01587	0.01488	0.00963	0.01207	0.00781	0.00616	0.00556	0.00166	0.01018	0.00422	0.00300	0.00691
31	0.02012	0.02444	0.01597	0.01395	0.01758	0.58652	0.01057	0.02193	0.01597	0.01587	0.00963	0.01123	0.00802	0.00579	0.00520	0.00139	0.00934	0.00380	0.00321	0.19947
32	0.01247	0.01069	0.01247	0.00891	0.01426	0.00802	0.00713	0.01515	0.01247	0.01960	0.01069	0.01247	0.00891	0.00446	0.00446	0.00089	0.00446	0.00356	0.00356	0.82536
33	0.06857	0.01031	0.01370	0.01056	0.01516	0.00908	0.00872	0.02872	0.01686	0.71756	0.02294	0.01992	0.01446	0.00735	0.00593	0.00186	0.00509	0.00591	0.00725	0.01005
34	0.01292	0.00734	0.01068	0.00991	0.01183	0.00783	0.00783	0.01511	0.01144	0.18832	0.01791	0.02289	0.01500	0.03626	0.58629	0.00783	0.01353	0.00635	0.00422	0.00652
35	0.02648	0.01147	0.01442	0.01114	0.01575	0.03708	0.00916	0.08865	0.01815	0.66752	0.02242	0.01961	0.01424	0.00738	0.00602	0.00185	0.00545	0.00592	0.00717	0.01012
36	0.20778	0.60860	0.02619	0.00973	0.01454	0.02138	0.00940	0.01794	0.01176	0.01717	0.00837	0.00968	0.00744	0.00525	0.00383	0.00142	0.00601	0.00323	0.00284	0.00744

[dist]
# distance from previous block
# <min> <max>
2	31

# created by:
# /software/SequenceAnalysis/GenePrediction/augustus/3.0.1/scripts/msa2prfl.pl ./fixed/BUSCOvEOG75QJTW.fas
