[name]
unknown

[dist]
# distance from previous block
# <min> <max>
0	12

[block]
# block no. 0 follows, 39 sequences, length 9
# corresponding to MSA columns:
# 12-20
name=unknown_A
#
# <colnr> <probs for GDERKNQSTAVLIFYWHMCP>
#	G	D	E	R	K	N	Q	S	T	A	V	L	I	F	Y	W	H	M	C	P
0	0.01499	0.01082	0.01300	0.01021	0.01438	0.00978	0.00829	0.11955	0.01496	0.11246	0.01562	0.06414	0.01365	0.00736	0.00616	0.00147	0.04812	0.06824	0.00456	0.44225
1	0.00721	0.00515	0.00686	0.00823	0.00858	0.00480	0.00549	0.00823	0.01132	0.01510	0.03259	0.78831	0.03911	0.01853	0.00755	0.00240	0.00343	0.01681	0.00549	0.00480
2	0.01058	0.00688	0.00872	0.00813	0.00970	0.00655	0.00601	0.05935	0.01588	0.08083	0.46365	0.16055	0.04376	0.08177	0.00897	0.00228	0.00358	0.01077	0.00611	0.00593
3	0.01850	0.01196	0.01370	0.01154	0.01529	0.01264	0.00923	0.15433	0.32422	0.21952	0.02230	0.06121	0.01712	0.00843	0.00609	0.00192	0.00506	0.03754	0.00619	0.04322
4	0.03801	0.00795	0.00960	0.00922	0.01118	0.00807	0.00724	0.05509	0.11867	0.05290	0.32035	0.12701	0.06213	0.01241	0.00691	0.00209	0.00397	0.13477	0.00601	0.00644
5	0.02128	0.00978	0.01261	0.01022	0.01401	0.00913	0.00824	0.02606	0.13790	0.50412	0.15530	0.02480	0.02265	0.00830	0.00614	0.00186	0.00457	0.00693	0.00696	0.00914
6	0.06769	0.00829	0.01195	0.06592	0.04587	0.00851	0.04187	0.01534	0.07568	0.13360	0.01359	0.01774	0.01114	0.01388	0.01482	0.43397	0.00555	0.00538	0.00375	0.00546
7	0.53506	0.01093	0.01055	0.00879	0.01279	0.01157	0.00725	0.02162	0.01260	0.29781	0.01382	0.01350	0.00945	0.00617	0.00451	0.00183	0.00474	0.00422	0.00501	0.00776
8	0.01389	0.01576	0.03381	0.02432	0.02991	0.01516	0.68726	0.01864	0.01364	0.01864	0.01169	0.01576	0.00889	0.00533	0.00778	0.00203	0.05977	0.00686	0.00296	0.00788

[dist]
# distance from previous block
# <min> <max>
5	17

[block]
# block no. 1 follows, 39 sequences, length 9
# corresponding to MSA columns:
# 43-51
name=unknown_B
#
# <colnr> <probs for GDERKNQSTAVLIFYWHMCP>
#	G	D	E	R	K	N	Q	S	T	A	V	L	I	F	Y	W	H	M	C	P
0	0.11252	0.60889	0.02662	0.01048	0.01512	0.11429	0.00984	0.01840	0.01237	0.01546	0.00834	0.00965	0.00745	0.00524	0.00397	0.00136	0.00666	0.00325	0.00273	0.00736
1	0.01386	0.48948	0.19327	0.01178	0.01705	0.01842	0.01268	0.01702	0.01239	0.01564	0.01264	0.01978	0.01201	0.00708	0.00494	0.00165	0.00673	0.12307	0.00301	0.00749
2	0.45758	0.13144	0.16966	0.01062	0.01566	0.01539	0.01067	0.09271	0.01271	0.02417	0.00935	0.01067	0.00719	0.00562	0.00432	0.00175	0.00590	0.00366	0.00349	0.00745
3	0.01027	0.00514	0.00770	0.00770	0.00770	0.00514	0.00514	0.00770	0.00770	0.01027	0.01027	0.01798	0.01027	0.02054	0.02311	0.82794	0.00514	0.00514	0.00257	0.00257
4	0.01050	0.00654	0.00846	0.00770	0.00954	0.00591	0.00587	0.01312	0.01649	0.11398	0.60351	0.04228	0.10969	0.01174	0.00685	0.00187	0.00308	0.01026	0.00652	0.00608
5	0.02209	0.02819	0.01676	0.01524	0.01828	0.76843	0.01143	0.02361	0.01676	0.01447	0.00914	0.01066	0.00762	0.00609	0.00533	0.00152	0.01066	0.00381	0.00305	0.00686
6	0.09958	0.00716	0.00967	0.00935	0.01101	0.00688	0.04940	0.01264	0.01267	0.10491	0.11657	0.47585	0.03297	0.01420	0.00683	0.00218	0.00405	0.01272	0.00548	0.00588
7	0.01467	0.01570	0.01301	0.01211	0.01368	0.31538	0.00917	0.01580	0.01213	0.01357	0.01174	0.01717	0.01092	0.05881	0.25560	0.10132	0.09540	0.00516	0.00301	0.00565
8	0.01117	0.01051	0.01774	0.77795	0.04073	0.01314	0.01642	0.01511	0.01182	0.01511	0.01051	0.01577	0.00788	0.00591	0.00591	0.00197	0.00788	0.00526	0.00263	0.00657

[dist]
# distance from previous block
# <min> <max>
0	1

[block]
# block no. 2 follows, 39 sequences, length 18
# corresponding to MSA columns:
# 53-70
name=unknown_C
#
# <colnr> <probs for GDERKNQSTAVLIFYWHMCP>
#	G	D	E	R	K	N	Q	S	T	A	V	L	I	F	Y	W	H	M	C	P
0	0.83394	0.01144	0.00869	0.00778	0.01144	0.01327	0.00640	0.01738	0.01006	0.02653	0.00823	0.00961	0.00640	0.00549	0.00366	0.00183	0.00457	0.00320	0.00366	0.00640
1	0.00860	0.00573	0.00645	0.00645	0.00645	0.00573	0.00358	0.00860	0.00860	0.01147	0.01863	0.03870	0.02150	0.79217	0.03010	0.00573	0.00573	0.00860	0.00358	0.00358
2	0.02236	0.02030	0.01743	0.01413	0.01832	0.25922	0.01130	0.50693	0.02426	0.02995	0.01257	0.01306	0.00927	0.00678	0.00573	0.00169	0.00784	0.00484	0.00499	0.00903
3	0.00851	0.00610	0.00830	0.00830	0.00894	0.00674	0.00590	0.00979	0.00915	0.01284	0.01694	0.02931	0.01742	0.33827	0.47842	0.00802	0.01187	0.00723	0.00333	0.00461
4	0.01396	0.01595	0.03490	0.02493	0.03091	0.01496	0.73380	0.01894	0.01396	0.01894	0.01196	0.01595	0.00897	0.00499	0.00698	0.00199	0.00997	0.00698	0.00299	0.00798
5	0.01088	0.00544	0.00593	0.00593	0.00705	0.00544	0.00433	0.01262	0.01150	0.01980	0.01757	0.02127	0.01422	0.00950	0.00776	0.15931	0.00321	0.00544	0.66785	0.00495
6	0.01226	0.01051	0.01226	0.00876	0.01401	0.00788	0.00701	0.01489	0.01226	0.01927	0.01051	0.01226	0.00876	0.00438	0.00438	0.00088	0.00438	0.00350	0.00350	0.82832
7	0.01263	0.01203	0.01936	0.01584	0.01699	0.01503	0.15032	0.01389	0.00974	0.01438	0.00905	0.01448	0.00848	0.01126	0.01772	0.16017	0.48442	0.00552	0.00266	0.00601
8	0.67762	0.16129	0.01295	0.00822	0.01215	0.01520	0.00711	0.01745	0.01044	0.02412	0.00823	0.00958	0.00663	0.00541	0.00369	0.00172	0.00491	0.00319	0.00344	0.00663
9	0.01360	0.01900	0.20206	0.02522	0.16808	0.01450	0.43124	0.01874	0.01352	0.01897	0.01149	0.01489	0.00870	0.00519	0.00645	0.00192	0.00912	0.00604	0.00286	0.00842
10	0.01086	0.00757	0.00933	0.00858	0.01053	0.00752	0.00653	0.01620	0.15559	0.07742	0.52901	0.06988	0.04486	0.01124	0.00674	0.00191	0.00334	0.00984	0.00643	0.00660
11	0.00859	0.00675	0.00810	0.00745	0.00957	0.00576	0.00557	0.01076	0.01425	0.01963	0.32918	0.15355	0.21818	0.01231	0.00657	0.00179	0.00324	0.01069	0.00553	0.16252
12	0.00837	0.00604	0.00790	0.00744	0.00883	0.00558	0.00558	0.01116	0.01674	0.02371	0.75216	0.04417	0.05580	0.01209	0.00697	0.00186	0.00279	0.01069	0.00651	0.00558
13	0.02576	0.01131	0.01449	0.01111	0.01572	0.01054	0.00918	0.16386	0.01900	0.62140	0.02159	0.01900	0.01376	0.00728	0.00594	0.00182	0.00531	0.00583	0.00705	0.01006
14	0.00843	0.00633	0.00784	0.00741	0.00899	0.00589	0.00557	0.01162	0.04818	0.02251	0.60871	0.04526	0.16640	0.01238	0.00694	0.00189	0.00291	0.01081	0.00632	0.00565
15	0.01130	0.01435	0.15985	0.63253	0.03784	0.01325	0.01746	0.01580	0.01195	0.01580	0.01053	0.01514	0.00781	0.00586	0.00586	0.00195	0.00805	0.00509	0.00260	0.00698
16	0.02248	0.01656	0.01775	0.01361	0.01834	0.01834	0.01124	0.73556	0.02780	0.03727	0.01420	0.01420	0.01006	0.00710	0.00592	0.00177	0.00651	0.00532	0.00592	0.01006
17	0.00818	0.00615	0.00723	0.00738	0.00888	0.00572	0.00540	0.01010	0.03266	0.03835	0.07920	0.21400	0.38275	0.04919	0.11401	0.00327	0.00508	0.01201	0.00522	0.00524

[dist]
# distance from previous block
# <min> <max>
0	4

[block]
# block no. 3 follows, 39 sequences, length 7
# corresponding to MSA columns:
# 75-81
name=unknown_D
#
# <colnr> <probs for GDERKNQSTAVLIFYWHMCP>
#	G	D	E	R	K	N	Q	S	T	A	V	L	I	F	Y	W	H	M	C	P
0	0.01235	0.09629	0.64889	0.01681	0.02505	0.01466	0.06880	0.01865	0.01254	0.01832	0.01050	0.01246	0.00760	0.00553	0.00555	0.00183	0.00861	0.00444	0.00253	0.00859
1	0.83394	0.01144	0.00869	0.00778	0.01144	0.01327	0.00640	0.01738	0.01006	0.02653	0.00823	0.00961	0.00640	0.00549	0.00366	0.00183	0.00457	0.00320	0.00366	0.00640
2	0.20463	0.01541	0.01572	0.01230	0.01679	0.01720	0.01015	0.57435	0.02382	0.03486	0.01286	0.01317	0.00924	0.00674	0.00541	0.00179	0.00607	0.00485	0.00541	0.00924
3	0.01556	0.61996	0.02703	0.01055	0.01522	0.02145	0.00995	0.02079	0.17646	0.01634	0.01178	0.01231	0.00994	0.00572	0.00429	0.00143	0.00596	0.00395	0.00331	0.00799
4	0.01462	0.01041	0.01684	0.60569	0.03498	0.01214	0.01469	0.01819	0.01297	0.18217	0.01339	0.01675	0.00940	0.00623	0.00592	0.00194	0.00724	0.00541	0.00368	0.00735
5	0.01207	0.01280	0.02663	0.02007	0.02442	0.01203	0.51497	0.01597	0.01331	0.01795	0.01809	0.20361	0.01773	0.00892	0.00719	0.00214	0.00813	0.05319	0.00374	0.00706
6	0.01027	0.00514	0.00770	0.00770	0.00770	0.00514	0.00514	0.00770	0.00770	0.01027	0.01027	0.01798	0.01027	0.02054	0.02311	0.82794	0.00514	0.00514	0.00257	0.00257

[dist]
# distance from previous block
# <min> <max>
0	3

[block]
# block no. 4 follows, 39 sequences, length 70
# corresponding to MSA columns:
# 85-154
name=unknown_E
#
# <colnr> <probs for GDERKNQSTAVLIFYWHMCP>
#	G	D	E	R	K	N	Q	S	T	A	V	L	I	F	Y	W	H	M	C	P
0	0.02178	0.02494	0.01678	0.01472	0.01814	0.57212	0.01128	0.17190	0.05818	0.01976	0.01099	0.01201	0.00869	0.00641	0.00549	0.00160	0.00948	0.00428	0.00380	0.00766
1	0.00849	0.00618	0.00871	0.00871	0.00949	0.00696	0.00640	0.01005	0.00927	0.01314	0.01657	0.02728	0.01654	0.23987	0.57561	0.00852	0.01320	0.00693	0.00328	0.00484
2	0.05212	0.01410	0.17944	0.01155	0.01650	0.00952	0.01115	0.02362	0.01499	0.47537	0.02104	0.11144	0.01570	0.00823	0.00598	0.00191	0.00565	0.00681	0.00588	0.00899
3	0.01242	0.00686	0.00700	0.00650	0.00828	0.00707	0.00500	0.10156	0.01428	0.02390	0.01867	0.02109	0.01454	0.00692	0.00435	0.00143	0.00321	0.00549	0.72538	0.00606
4	0.01120	0.00968	0.01719	0.10779	0.02058	0.00971	0.19963	0.01462	0.01351	0.03334	0.02358	0.06085	0.02399	0.01195	0.00752	0.00242	0.00688	0.41472	0.00450	0.00633
5	0.01220	0.01051	0.01257	0.05134	0.01549	0.00817	0.00753	0.01490	0.01224	0.01904	0.01051	0.01246	0.00871	0.00446	0.00446	0.00094	0.00457	0.00360	0.00346	0.78283
6	0.01407	0.01155	0.01250	0.01125	0.01432	0.01305	0.00873	0.02808	0.60417	0.04812	0.14118	0.02556	0.02402	0.00865	0.00617	0.00198	0.00439	0.00731	0.00614	0.00877
7	0.01277	0.01054	0.01233	0.00889	0.01408	0.00806	0.00711	0.01570	0.02829	0.04311	0.01122	0.01273	0.00915	0.00455	0.00447	0.00093	0.00441	0.00365	0.00368	0.78434
8	0.01338	0.01664	0.14905	0.11278	0.02790	0.01418	0.38631	0.01790	0.01283	0.04779	0.01182	0.01562	0.00903	0.00802	0.05001	0.00244	0.08750	0.00608	0.00301	0.00771
9	0.16997	0.01684	0.04421	0.02708	0.01742	0.09709	0.01066	0.40249	0.10748	0.03023	0.01352	0.01387	0.00993	0.00673	0.00544	0.00179	0.00649	0.00490	0.00501	0.00884
10	0.00795	0.00586	0.00833	0.10192	0.01258	0.00591	0.00696	0.00920	0.01127	0.01493	0.02862	0.62394	0.03352	0.01702	0.00823	0.04806	0.00414	0.04164	0.00498	0.00492
11	0.73430	0.01175	0.01055	0.01125	0.10190	0.01336	0.00783	0.01748	0.01048	0.02566	0.00859	0.01022	0.00676	0.00546	0.00393	0.00182	0.00487	0.00345	0.00357	0.00676
12	0.01212	0.02881	0.67315	0.01784	0.02624	0.01388	0.10844	0.01875	0.01266	0.01875	0.01078	0.01291	0.00767	0.00554	0.00578	0.00189	0.00889	0.00469	0.00256	0.00865
13	0.01221	0.01295	0.10339	0.00974	0.01542	0.00859	0.00881	0.01536	0.01229	0.01920	0.01052	0.01229	0.00861	0.00453	0.00453	0.00100	0.00491	0.00361	0.00338	0.72864
14	0.01621	0.01340	0.01499	0.10558	0.01920	0.01542	0.01069	0.20431	0.47746	0.02668	0.01997	0.01934	0.01483	0.00754	0.00598	0.00194	0.00552	0.00617	0.00558	0.00919
15	0.01211	0.15589	0.54761	0.01483	0.02202	0.01458	0.01813	0.01756	0.01204	0.01731	0.01085	0.01329	0.00839	0.01024	0.09812	0.00270	0.00920	0.00441	0.00258	0.00813
16	0.01102	0.00551	0.00551	0.00551	0.00689	0.00551	0.00413	0.01378	0.01240	0.02205	0.01929	0.02205	0.01516	0.00689	0.00413	0.00138	0.00276	0.00551	0.82500	0.00551
17	0.01047	0.00823	0.09938	0.00882	0.00988	0.00618	0.00717	0.00904	0.00829	0.01130	0.01031	0.01731	0.00993	0.01873	0.02098	0.72747	0.00557	0.00504	0.00256	0.00332
18	0.01027	0.00514	0.00770	0.00770	0.00770	0.00514	0.00514	0.00770	0.00770	0.01027	0.01027	0.01798	0.01027	0.02054	0.02311	0.82794	0.00514	0.00514	0.00257	0.00257
19	0.01287	0.19905	0.50822	0.01519	0.02205	0.01642	0.01815	0.01795	0.01196	0.01711	0.00973	0.01187	0.00755	0.00607	0.00689	0.00182	0.10216	0.00420	0.00252	0.00821
20	0.01279	0.19876	0.50751	0.01437	0.02186	0.01518	0.01743	0.01803	0.01235	0.01772	0.01007	0.01179	0.00767	0.00534	0.00506	0.00162	0.00767	0.00400	0.00263	0.10816
21	0.00719	0.00596	0.00605	0.00605	0.00780	0.00508	0.00438	0.00850	0.01289	0.01543	0.05489	0.05470	0.66393	0.10950	0.00980	0.00245	0.00333	0.01201	0.00526	0.00482
22	0.02110	0.02670	0.01896	0.01641	0.01982	0.67679	0.09928	0.02305	0.01642	0.01502	0.00948	0.01131	0.00778	0.00596	0.00553	0.00158	0.01058	0.00419	0.00304	0.00699
23	0.01117	0.01051	0.01774	0.77795	0.04073	0.01314	0.01642	0.01511	0.01182	0.01511	0.01051	0.01577	0.00788	0.00591	0.00591	0.00197	0.00788	0.00526	0.00263	0.00657
24	0.02509	0.01055	0.01497	0.01366	0.10512	0.00934	0.00984	0.02752	0.01651	0.66937	0.02185	0.01946	0.01400	0.00707	0.00594	0.00182	0.00527	0.00586	0.00679	0.00998
25	0.83394	0.01144	0.00869	0.00778	0.01144	0.01327	0.00640	0.01738	0.01006	0.02653	0.00823	0.00961	0.00640	0.00549	0.00366	0.00183	0.00457	0.00320	0.00366	0.00640
26	0.00973	0.00685	0.00911	0.01038	0.02559	0.00690	0.00841	0.01295	0.05199	0.01823	0.02927	0.16935	0.03120	0.01487	0.00742	0.00245	0.00480	0.46975	0.10511	0.00564
27	0.01234	0.12364	0.67268	0.01604	0.02433	0.01491	0.02042	0.01860	0.01243	0.01814	0.01032	0.01212	0.00750	0.00555	0.00540	0.00180	0.00845	0.00422	0.00250	0.00860
28	0.11045	0.00590	0.00782	0.00771	0.00816	0.00612	0.00529	0.00888	0.00799	0.01225	0.01002	0.01696	0.00980	0.01871	0.02075	0.72747	0.00507	0.00490	0.00270	0.00303
29	0.01054	0.00810	0.01076	0.01021	0.01190	0.00935	0.00800	0.07808	0.10942	0.01730	0.01679	0.02227	0.01480	0.03617	0.59865	0.00781	0.01351	0.00629	0.00379	0.00625
30	0.01586	0.01609	0.03107	0.02240	0.02810	0.01571	0.57268	0.17873	0.01705	0.02303	0.01246	0.01556	0.00921	0.00546	0.00674	0.00195	0.00920	0.00661	0.00364	0.00844
31	0.01436	0.01239	0.01347	0.01270	0.04292	0.01418	0.00948	0.02980	0.67673	0.02448	0.06389	0.02301	0.01981	0.00814	0.00606	0.00199	0.00466	0.00685	0.00593	0.00915
32	0.01102	0.00551	0.00551	0.00551	0.00689	0.00551	0.00413	0.01378	0.01240	0.02205	0.01929	0.02205	0.01516	0.00689	0.00413	0.00138	0.00276	0.00551	0.82500	0.00551
33	0.02075	0.01570	0.01677	0.01326	0.01768	0.01753	0.01082	0.57855	0.18764	0.03448	0.01640	0.01595	0.01184	0.00731	0.00594	0.00183	0.00610	0.00563	0.00594	0.00990
34	0.02020	0.05396	0.01849	0.10225	0.02140	0.54318	0.05076	0.08868	0.01690	0.01689	0.00989	0.01181	0.00795	0.00607	0.00548	0.00161	0.00976	0.00426	0.00324	0.00721
35	0.02209	0.02819	0.01676	0.01524	0.01828	0.76843	0.01143	0.02361	0.01676	0.01447	0.00914	0.01066	0.00762	0.00609	0.00533	0.00152	0.01066	0.00381	0.00305	0.00686
36	0.83394	0.01144	0.00869	0.00778	0.01144	0.01327	0.00640	0.01738	0.01006	0.02653	0.00823	0.00961	0.00640	0.00549	0.00366	0.00183	0.00457	0.00320	0.00366	0.00640
37	0.00724	0.00523	0.00686	0.00808	0.00856	0.00484	0.00544	0.00836	0.01165	0.01548	0.06175	0.72036	0.07813	0.01809	0.00750	0.00236	0.00338	0.01634	0.00553	0.00484
38	0.00935	0.00626	0.00822	0.00761	0.00917	0.00575	0.00575	0.01211	0.01675	0.06326	0.71297	0.04288	0.05359	0.01183	0.00692	0.00186	0.00291	0.01044	0.00655	0.00582
39	0.02653	0.01006	0.01372	0.01052	0.01510	0.00869	0.00869	0.02882	0.01693	0.75937	0.02333	0.02013	0.01464	0.00732	0.00595	0.00183	0.00503	0.00595	0.00732	0.01006
40	0.83394	0.01144	0.00869	0.00778	0.01144	0.01327	0.00640	0.01738	0.01006	0.02653	0.00823	0.00961	0.00640	0.00549	0.00366	0.00183	0.00457	0.00320	0.00366	0.00640
41	0.00847	0.00581	0.00673	0.00663	0.00703	0.00566	0.00405	0.00913	0.01055	0.01425	0.17320	0.04082	0.06794	0.58837	0.02405	0.00473	0.00497	0.00924	0.00429	0.00407
42	0.01396	0.01595	0.03490	0.02493	0.03091	0.01496	0.73380	0.01894	0.01396	0.01894	0.01196	0.01595	0.00897	0.00499	0.00698	0.00199	0.00997	0.00698	0.00299	0.00798
43	0.02248	0.01656	0.01775	0.01361	0.01834	0.01834	0.01124	0.73556	0.02780	0.03727	0.01420	0.01420	0.01006	0.00710	0.00592	0.00177	0.00651	0.00532	0.00592	0.01006
44	0.01231	0.01202	0.02140	0.51307	0.19876	0.01358	0.11161	0.01629	0.01247	0.01656	0.01084	0.01554	0.00836	0.00565	0.00604	0.00193	0.00797	0.00549	0.00274	0.00738
45	0.00845	0.00634	0.00950	0.00950	0.01056	0.00739	0.00739	0.01056	0.00950	0.01373	0.01584	0.02323	0.01478	0.04435	0.76873	0.00950	0.01584	0.00634	0.00317	0.00528
46	0.00860	0.00573	0.00645	0.00645	0.00645	0.00573	0.00358	0.00860	0.00860	0.01147	0.01863	0.03870	0.02150	0.79217	0.03010	0.00573	0.00573	0.00860	0.00358	0.00358
47	0.01188	0.02949	0.72031	0.01641	0.02496	0.01341	0.02103	0.01852	0.01247	0.01876	0.01061	0.01247	0.00756	0.00555	0.00555	0.00182	0.00850	0.00432	0.00255	0.05383
48	0.02324	0.01535	0.01700	0.01303	0.01774	0.01654	0.01077	0.60392	0.02578	0.17177	0.01590	0.01530	0.01091	0.00714	0.00592	0.00179	0.00623	0.00544	0.00618	0.01006
49	0.00888	0.00658	0.00834	0.00781	0.00936	0.00631	0.00588	0.01278	0.07492	0.02380	0.69396	0.04241	0.05278	0.01176	0.00690	0.00187	0.00294	0.01037	0.00647	0.00588
50	0.00721	0.00515	0.00686	0.00823	0.00858	0.00480	0.00549	0.00823	0.01132	0.01510	0.03259	0.78831	0.03911	0.01853	0.00755	0.00240	0.00343	0.01681	0.00549	0.00480
51	0.01581	0.79572	0.03099	0.01012	0.01518	0.02340	0.01012	0.01771	0.01202	0.01391	0.00822	0.00949	0.00759	0.00506	0.00379	0.00126	0.00632	0.00316	0.00253	0.00759
52	0.01117	0.01051	0.01774	0.77795	0.04073	0.01314	0.01642	0.01511	0.01182	0.01511	0.01051	0.01577	0.00788	0.00591	0.00591	0.00197	0.00788	0.00526	0.00263	0.00657
53	0.01186	0.03059	0.76153	0.01686	0.02560	0.01373	0.02185	0.01873	0.01249	0.01873	0.01061	0.01249	0.00749	0.00562	0.00562	0.00187	0.00874	0.00437	0.00250	0.00874
54	0.01027	0.00514	0.00770	0.00770	0.00770	0.00514	0.00514	0.00770	0.00770	0.01027	0.01027	0.01798	0.01027	0.02054	0.02311	0.82794	0.00514	0.00514	0.00257	0.00257
55	0.01396	0.01595	0.03490	0.02493	0.03091	0.01496	0.73380	0.01894	0.01396	0.01894	0.01196	0.01595	0.00897	0.00499	0.00698	0.00199	0.00997	0.00698	0.00299	0.00798
56	0.00860	0.00573	0.00645	0.00645	0.00645	0.00573	0.00358	0.00860	0.00860	0.01147	0.01863	0.03870	0.02150	0.79217	0.03010	0.00573	0.00573	0.00860	0.00358	0.00358
57	0.00845	0.00632	0.00943	0.00943	0.01046	0.00735	0.00730	0.01051	0.00948	0.01367	0.01591	0.02360	0.01494	0.06197	0.75133	0.00942	0.01560	0.00639	0.00318	0.00524
58	0.01102	0.00551	0.00551	0.00551	0.00689	0.00551	0.00413	0.01378	0.01240	0.02205	0.01929	0.02205	0.01516	0.00689	0.00413	0.00138	0.00276	0.00551	0.82500	0.00551
59	0.01102	0.00551	0.00551	0.00551	0.00689	0.00551	0.00413	0.01378	0.01240	0.02205	0.01929	0.02205	0.01516	0.00689	0.00413	0.00138	0.00276	0.00551	0.82500	0.00551
60	0.01086	0.01001	0.01668	0.69033	0.03713	0.01242	0.01524	0.01451	0.01152	0.01486	0.01123	0.01725	0.00894	0.04071	0.06272	0.00268	0.00838	0.00547	0.00271	0.00635
61	0.00845	0.00634	0.00950	0.00950	0.01056	0.00739	0.00739	0.01056	0.00950	0.01373	0.01584	0.02323	0.01478	0.04435	0.76873	0.00950	0.01584	0.00634	0.00317	0.00528
62	0.02096	0.01601	0.01854	0.04507	0.14250	0.04590	0.01245	0.52249	0.02379	0.07255	0.01386	0.01452	0.01002	0.00672	0.00588	0.00177	0.00672	0.00529	0.00526	0.00969
63	0.01362	0.01316	0.02284	0.24519	0.51331	0.01384	0.05728	0.01733	0.01303	0.01811	0.01100	0.01503	0.00893	0.00544	0.00593	0.00183	0.00743	0.00536	0.00285	0.00850
64	0.01117	0.01051	0.01774	0.77795	0.04073	0.01314	0.01642	0.01511	0.01182	0.01511	0.01051	0.01577	0.00788	0.00591	0.00591	0.00197	0.00788	0.00526	0.00263	0.00657
65	0.01102	0.00551	0.00551	0.00551	0.00689	0.00551	0.00413	0.01378	0.01240	0.02205	0.01929	0.02205	0.01516	0.00689	0.00413	0.00138	0.00276	0.00551	0.82500	0.00551
66	0.01266	0.01075	0.01247	0.00895	0.01418	0.00829	0.00717	0.04275	0.01286	0.01997	0.01065	0.01234	0.00881	0.00448	0.00444	0.00091	0.00446	0.00357	0.00360	0.79669
67	0.00845	0.00634	0.00950	0.00950	0.01056	0.00739	0.00739	0.01056	0.00950	0.01373	0.01584	0.02323	0.01478	0.04435	0.76873	0.00950	0.01584	0.00634	0.00317	0.00528
68	0.05353	0.01677	0.04593	0.01344	0.01828	0.01776	0.01141	0.66509	0.02630	0.05159	0.01403	0.01408	0.00992	0.00698	0.00582	0.00178	0.00649	0.00522	0.00573	0.00987
69	0.01102	0.00551	0.00551	0.00551	0.00689	0.00551	0.00413	0.01378	0.01240	0.02205	0.01929	0.02205	0.01516	0.00689	0.00413	0.00138	0.00276	0.00551	0.82500	0.00551

[dist]
# distance from previous block
# <min> <max>
1	61

# created by:
# /software/SequenceAnalysis/GenePrediction/augustus/3.0.1/scripts/msa2prfl.pl ./fixed/BUSCOvEOG7N5XBS.fas
