[name]
unknown

[dist]
# distance from previous block
# <min> <max>
0	52

[block]
# block no. 0 follows, 39 sequences, length 7
# corresponding to MSA columns:
# 52-58
name=unknown_A
#
# <colnr> <probs for GDERKNQSTAVLIFYWHMCP>
#	G	D	E	R	K	N	Q	S	T	A	V	L	I	F	Y	W	H	M	C	P
0	0.01685	0.01377	0.01458	0.01247	0.01619	0.01571	0.00988	0.22550	0.54703	0.02819	0.02135	0.01990	0.01585	0.00777	0.00599	0.00194	0.00518	0.00631	0.00599	0.00955
1	0.29645	0.12430	0.01602	0.01187	0.01555	0.34268	0.00953	0.08710	0.01488	0.02061	0.00918	0.01048	0.00743	0.00584	0.00461	0.00162	0.00763	0.00366	0.00345	0.00710
2	0.00860	0.00590	0.00724	0.00758	0.00792	0.00596	0.00503	0.00931	0.00972	0.01298	0.02168	0.11195	0.02452	0.53191	0.09011	0.00528	0.00637	0.11978	0.00402	0.00414
3	0.01581	0.79572	0.03099	0.01012	0.01518	0.02340	0.01012	0.01771	0.01202	0.01391	0.00822	0.00949	0.00759	0.00506	0.00379	0.00126	0.00632	0.00316	0.00253	0.00759
4	0.01226	0.01051	0.01226	0.00876	0.01401	0.00788	0.00701	0.01489	0.01226	0.01927	0.01051	0.01226	0.00876	0.00438	0.00438	0.00088	0.00438	0.00350	0.00350	0.82832
5	0.02587	0.01113	0.01438	0.01103	0.01563	0.01027	0.00911	0.14432	0.01870	0.64136	0.02184	0.01916	0.01389	0.00728	0.00594	0.00182	0.00527	0.00585	0.00709	0.01006
6	0.01207	0.02910	0.68756	0.01768	0.02614	0.01386	0.09432	0.01875	0.01264	0.01875	0.01075	0.01284	0.00764	0.00555	0.00576	0.00189	0.00887	0.00464	0.00255	0.00866

[dist]
# distance from previous block
# <min> <max>
0	1

[block]
# block no. 1 follows, 39 sequences, length 11
# corresponding to MSA columns:
# 60-70
name=unknown_B
#
# <colnr> <probs for GDERKNQSTAVLIFYWHMCP>
#	G	D	E	R	K	N	Q	S	T	A	V	L	I	F	Y	W	H	M	C	P
0	0.63559	0.01110	0.00993	0.00845	0.01234	0.01214	0.00697	0.02019	0.01175	0.20656	0.01194	0.01219	0.00843	0.00594	0.00422	0.00183	0.00469	0.00388	0.00456	0.00730
1	0.02355	0.01203	0.01460	0.01150	0.01590	0.01197	0.00940	0.19326	0.14526	0.46480	0.02134	0.01909	0.01417	0.00739	0.00595	0.00185	0.00531	0.00593	0.00677	0.00994
2	0.01540	0.01380	0.02334	0.03464	0.70778	0.01371	0.01754	0.01883	0.01369	0.06680	0.01191	0.01499	0.00971	0.00540	0.00586	0.00176	0.00690	0.00531	0.00321	0.00941
3	0.00860	0.00594	0.00766	0.00765	0.00892	0.00542	0.00557	0.01076	0.01492	0.04832	0.45860	0.25476	0.11265	0.01399	0.00710	0.00202	0.00307	0.01241	0.00616	0.00548
4	0.01389	0.42373	0.38617	0.01339	0.02024	0.01870	0.01582	0.01820	0.01224	0.01625	0.00938	0.01094	0.00754	0.00533	0.00468	0.00156	0.00750	0.00375	0.00251	0.00815
5	0.01581	0.79572	0.03099	0.01012	0.01518	0.02340	0.01012	0.01771	0.01202	0.01391	0.00822	0.00949	0.00759	0.00506	0.00379	0.00126	0.00632	0.00316	0.00253	0.00759
6	0.01098	0.01009	0.01680	0.69071	0.03749	0.01242	0.01564	0.01478	0.01203	0.01540	0.01288	0.02156	0.01086	0.00710	0.00617	0.00206	0.00761	0.08603	0.00295	0.00644
7	0.00857	0.00584	0.00701	0.00701	0.00720	0.00604	0.00428	0.00896	0.00877	0.01188	0.01812	0.03587	0.02027	0.65544	0.16515	0.00642	0.00758	0.00819	0.00351	0.00389
8	0.00897	0.00706	0.01034	0.01004	0.01093	0.00853	0.00784	0.01088	0.00941	0.01368	0.01506	0.02281	0.01431	0.07653	0.64790	0.00854	0.10242	0.00631	0.00312	0.00533
9	0.02209	0.02819	0.01676	0.01524	0.01828	0.76843	0.01143	0.02361	0.01676	0.01447	0.00914	0.01066	0.00762	0.00609	0.00533	0.00152	0.01066	0.00381	0.00305	0.00686
10	0.02212	0.02746	0.01682	0.01513	0.01829	0.72131	0.01141	0.06833	0.01745	0.01591	0.00946	0.01089	0.00777	0.00616	0.00537	0.00154	0.01040	0.00390	0.00323	0.00706

[dist]
# distance from previous block
# <min> <max>
4	575

# created by:
# /software/SequenceAnalysis/GenePrediction/augustus/3.0.1/scripts/msa2prfl.pl ./fixed/BUSCOvEOG7FN5ZT.fas
