[name]
unknown

[dist]
# distance from previous block
# <min> <max>
0	421

[block]
# block no. 0 follows, 39 sequences, length 79
# corresponding to MSA columns:
# 425-503
name=unknown_A
#
# <colnr> <probs for GDERKNQSTAVLIFYWHMCP>
#	G	D	E	R	K	N	Q	S	T	A	V	L	I	F	Y	W	H	M	C	P
0	0.01053	0.00846	0.01157	0.01184	0.01302	0.00969	0.01012	0.01372	0.05379	0.01756	0.05373	0.05150	0.02820	0.01439	0.01047	0.00262	0.17593	0.49208	0.00489	0.00590
1	0.01255	0.00697	0.00924	0.00815	0.01028	0.00630	0.00630	0.01522	0.01678	0.19296	0.58448	0.03864	0.04633	0.01099	0.00674	0.00185	0.00331	0.00960	0.00670	0.00661
2	0.00938	0.00671	0.00935	0.01061	0.01194	0.00667	0.00917	0.01204	0.01369	0.01791	0.06823	0.09289	0.03534	0.01620	0.00808	0.00267	0.00523	0.65296	0.00550	0.00543
3	0.55181	0.01013	0.00893	0.00798	0.01103	0.01129	0.00641	0.05233	0.01292	0.02626	0.22534	0.01992	0.02099	0.00750	0.00474	0.00184	0.00415	0.00549	0.00461	0.00635
4	0.00710	0.00600	0.00615	0.00611	0.00806	0.00504	0.00458	0.00871	0.01375	0.01661	0.11678	0.05587	0.69561	0.01474	0.00699	0.00199	0.00298	0.01233	0.00558	0.00504
5	0.01471	0.01270	0.01337	0.01203	0.01538	0.01471	0.00936	0.03142	0.74459	0.02474	0.02407	0.02206	0.01805	0.00802	0.00602	0.00201	0.00468	0.00669	0.00602	0.00936
6	0.01581	0.79572	0.03099	0.01012	0.01518	0.02340	0.01012	0.01771	0.01202	0.01391	0.00822	0.00949	0.00759	0.00506	0.00379	0.00126	0.00632	0.00316	0.00253	0.00759
7	0.00790	0.00603	0.00726	0.00695	0.00855	0.00538	0.00521	0.01026	0.01564	0.02110	0.51866	0.04847	0.29093	0.01306	0.00698	0.00191	0.00286	0.01130	0.00617	0.00538
8	0.01581	0.79572	0.03099	0.01012	0.01518	0.02340	0.01012	0.01771	0.01202	0.01391	0.00822	0.00949	0.00759	0.00506	0.00379	0.00126	0.00632	0.00316	0.00253	0.00759
9	0.01581	0.79572	0.03099	0.01012	0.01518	0.02340	0.01012	0.01771	0.01202	0.01391	0.00822	0.00949	0.00759	0.00506	0.00379	0.00126	0.00632	0.00316	0.00253	0.00759
10	0.01464	0.01405	0.02400	0.03630	0.75528	0.01405	0.01815	0.01815	0.01347	0.01932	0.01112	0.01464	0.00937	0.00527	0.00585	0.00176	0.00703	0.00527	0.00293	0.00937
11	0.00699	0.00599	0.00599	0.00599	0.00799	0.00499	0.00449	0.00849	0.01348	0.01598	0.05991	0.05691	0.75288	0.01498	0.00699	0.00200	0.00300	0.01248	0.00549	0.00499
12	0.00699	0.00599	0.00599	0.00599	0.00799	0.00499	0.00449	0.00849	0.01348	0.01598	0.05991	0.05691	0.75288	0.01498	0.00699	0.00200	0.00300	0.01248	0.00549	0.00499
13	0.01335	0.01297	0.02264	0.28911	0.43387	0.01390	0.07713	0.01709	0.01285	0.01774	0.01091	0.01510	0.00879	0.00558	0.00626	0.00187	0.02439	0.00541	0.00282	0.00823
14	0.01120	0.01055	0.01780	0.77028	0.04813	0.01315	0.01644	0.01514	0.01184	0.01515	0.01052	0.01575	0.00790	0.00591	0.00591	0.00197	0.00787	0.00526	0.00263	0.00660
15	0.02564	0.01149	0.01461	0.01120	0.01581	0.01081	0.00925	0.18425	0.01932	0.60057	0.02132	0.01882	0.01363	0.00727	0.00594	0.00182	0.00536	0.00581	0.00701	0.01006
16	0.01852	0.01912	0.01615	0.04913	0.05954	0.37239	0.03814	0.10437	0.01605	0.06070	0.01302	0.08259	0.01155	0.00874	0.00775	0.07824	0.02752	0.00570	0.00377	0.00700
17	0.01186	0.03059	0.76153	0.01686	0.02560	0.01373	0.02185	0.01873	0.01249	0.01873	0.01061	0.01249	0.00749	0.00562	0.00562	0.00187	0.00874	0.00437	0.00250	0.00874
18	0.00978	0.01185	0.17460	0.01183	0.01472	0.00810	0.01171	0.01326	0.01326	0.01789	0.05256	0.12254	0.02945	0.01404	0.00751	0.00247	0.00588	0.46760	0.00484	0.00611
19	0.05259	0.10215	0.01893	0.01534	0.03674	0.53005	0.02604	0.11215	0.01763	0.01856	0.01042	0.01207	0.00857	0.00648	0.00551	0.00168	0.00954	0.00423	0.00360	0.00773
20	0.00862	0.00657	0.00781	0.00771	0.00935	0.00586	0.00585	0.01068	0.01545	0.02058	0.40137	0.06972	0.31220	0.01409	0.00737	0.00212	0.00338	0.07939	0.00619	0.00567
21	0.02233	0.01697	0.04423	0.01385	0.01871	0.01776	0.01161	0.64231	0.04554	0.06148	0.01517	0.01538	0.01090	0.00743	0.00614	0.00188	0.00664	0.00551	0.00598	0.03017
22	0.01315	0.03903	0.01342	0.00941	0.01458	0.00915	0.00751	0.01623	0.04810	0.01991	0.01173	0.01354	0.00978	0.00503	0.00473	0.00107	0.00469	0.00387	0.00381	0.75127
23	0.01971	0.04264	0.01328	0.01046	0.01399	0.01017	0.00833	0.04881	0.13298	0.38582	0.09011	0.05506	0.06775	0.03605	0.03432	0.00239	0.00532	0.00748	0.00651	0.00884
24	0.05025	0.01357	0.01513	0.01212	0.01627	0.01425	0.00979	0.36613	0.11488	0.20330	0.07441	0.02115	0.04415	0.00830	0.00625	0.00195	0.00566	0.00644	0.00640	0.00961
25	0.00787	0.00577	0.00723	0.00837	0.00901	0.00524	0.00564	0.00878	0.01203	0.01583	0.03686	0.67805	0.14005	0.01833	0.00772	0.00246	0.00361	0.01629	0.00569	0.00518
26	0.02665	0.01112	0.01452	0.01123	0.01584	0.00996	0.00919	0.09455	0.01828	0.68542	0.02300	0.02040	0.01477	0.00771	0.00622	0.00194	0.00539	0.00609	0.00737	0.01036
27	0.01785	0.01523	0.01806	0.33534	0.02818	0.11196	0.03701	0.22642	0.05338	0.07569	0.01366	0.01614	0.01011	0.00688	0.00615	0.00197	0.00774	0.00547	0.00437	0.00838
28	0.00904	0.00756	0.03524	0.00940	0.01052	0.00686	0.00712	0.01099	0.04074	0.01677	0.06911	0.43299	0.10380	0.07430	0.00984	0.00271	0.03635	0.10568	0.00539	0.00559
29	0.00981	0.00784	0.01042	0.01024	0.01132	0.03524	0.00784	0.01156	0.01013	0.01429	0.01600	0.02394	0.01514	0.07990	0.66536	0.00878	0.04667	0.00651	0.00338	0.00564
30	0.01251	0.03083	0.75421	0.01722	0.02593	0.01405	0.02198	0.01913	0.01288	0.01930	0.01126	0.01338	0.00812	0.00605	0.00589	0.00199	0.00892	0.00458	0.00273	0.00905
31	0.01279	0.06940	0.68861	0.01718	0.02560	0.01460	0.04903	0.01908	0.01292	0.01906	0.01119	0.01336	0.00818	0.00600	0.00585	0.00196	0.00885	0.00462	0.00275	0.00896
32	0.03167	0.51475	0.26218	0.01274	0.01891	0.03486	0.01404	0.01855	0.01262	0.01633	0.00967	0.01139	0.00816	0.00570	0.00469	0.00160	0.00735	0.00378	0.00278	0.00824
33	0.00928	0.00623	0.00695	0.00692	0.00698	0.00614	0.00390	0.00910	0.00904	0.01212	0.01920	0.03932	0.02198	0.78446	0.03012	0.00581	0.00595	0.00877	0.00380	0.00395
34	0.01511	0.01432	0.02407	0.06632	0.71929	0.01433	0.01824	0.01843	0.01379	0.01972	0.01174	0.01555	0.00991	0.00573	0.00613	0.00188	0.00726	0.00547	0.00314	0.00956
35	0.01396	0.01539	0.04791	0.13150	0.08884	0.01455	0.52673	0.01836	0.01387	0.01886	0.01301	0.04361	0.01048	0.00607	0.00699	0.00210	0.00935	0.00707	0.00323	0.00811
36	0.01642	0.78804	0.03123	0.01055	0.01562	0.02362	0.01037	0.01812	0.01242	0.01454	0.00889	0.01041	0.00821	0.00550	0.00409	0.00139	0.00653	0.00339	0.00276	0.00791
37	0.01020	0.00729	0.00999	0.01131	0.01273	0.00720	0.00978	0.01272	0.01400	0.01828	0.03174	0.06704	0.03439	0.01666	0.00842	0.00283	0.00566	0.70832	0.00564	0.00579
38	0.02232	0.00954	0.01262	0.01050	0.01412	0.00844	0.00828	0.02469	0.04431	0.56006	0.02591	0.18996	0.02071	0.01023	0.00657	0.00208	0.00489	0.00856	0.00705	0.00918
39	0.02620	0.01185	0.01497	0.01158	0.01620	0.01104	0.00948	0.17374	0.01950	0.60451	0.02198	0.01973	0.01425	0.00769	0.00621	0.00194	0.00555	0.00602	0.00721	0.01036
40	0.00790	0.00565	0.00735	0.00868	0.00909	0.00521	0.00579	0.00874	0.01173	0.01571	0.03301	0.78117	0.03941	0.01883	0.00780	0.00251	0.00367	0.01690	0.00569	0.00515
41	0.01508	0.01441	0.02459	0.06635	0.68366	0.01437	0.05289	0.01847	0.01381	0.01970	0.01178	0.01562	0.00989	0.00572	0.00618	0.00190	0.00740	0.00555	0.00314	0.00949
42	0.00897	0.00653	0.00828	0.00782	0.00930	0.00595	0.00581	0.01149	0.01691	0.02381	0.70678	0.04545	0.09454	0.01261	0.00724	0.00199	0.00304	0.01094	0.00664	0.00589
43	0.00800	0.00577	0.00741	0.00850	0.00908	0.00530	0.00575	0.00903	0.01234	0.01655	0.10096	0.67687	0.07551	0.01806	0.00772	0.00244	0.00359	0.01612	0.00578	0.00524
44	0.01290	0.01096	0.01270	0.00920	0.01447	0.00826	0.00729	0.01533	0.01266	0.01984	0.01116	0.01316	0.00937	0.00482	0.00467	0.00100	0.00461	0.00373	0.00372	0.82015
45	0.01290	0.01096	0.01270	0.00920	0.01447	0.00826	0.00729	0.01533	0.01266	0.01984	0.01116	0.01316	0.00937	0.00482	0.00467	0.00100	0.00461	0.00373	0.00372	0.82015
46	0.01712	0.01240	0.01363	0.01199	0.01550	0.01360	0.00934	0.03041	0.58117	0.15279	0.05433	0.02343	0.01953	0.00848	0.00631	0.00209	0.00489	0.00691	0.00646	0.00963
47	0.01009	0.00677	0.00872	0.00807	0.00970	0.00616	0.00605	0.01265	0.01710	0.06621	0.70354	0.04337	0.05358	0.01218	0.00718	0.00198	0.00316	0.01057	0.00674	0.00618
48	0.00986	0.00698	0.01014	0.00998	0.01123	0.00783	0.00772	0.01178	0.01023	0.04438	0.01673	0.02389	0.01533	0.04289	0.73039	0.00923	0.01551	0.00651	0.00356	0.00582
49	0.00852	0.00609	0.00802	0.00924	0.00992	0.00573	0.00670	0.00982	0.01245	0.01661	0.06259	0.56702	0.03860	0.03201	0.00833	0.00263	0.00415	0.18056	0.00569	0.00532
50	0.01182	0.01096	0.01812	0.77043	0.04091	0.01346	0.01661	0.01555	0.01223	0.01572	0.01116	0.01663	0.00851	0.00634	0.00618	0.00209	0.00807	0.00546	0.00286	0.00690
51	0.00905	0.00654	0.00839	0.00790	0.00934	0.00598	0.00587	0.01164	0.01709	0.02424	0.74513	0.04474	0.05593	0.01246	0.00724	0.00198	0.00303	0.01084	0.00670	0.00592
52	0.01533	0.01313	0.01380	0.01245	0.01582	0.01502	0.00962	0.03169	0.73741	0.02525	0.02458	0.02286	0.01857	0.00843	0.00629	0.00212	0.00490	0.00687	0.00621	0.00966
53	0.01264	0.05758	0.72866	0.01698	0.02557	0.01439	0.02157	0.01909	0.01287	0.01913	0.01117	0.01328	0.00812	0.00603	0.00583	0.00197	0.00884	0.00454	0.00273	0.00901
54	0.02150	0.02631	0.01695	0.01537	0.01830	0.65630	0.01158	0.02407	0.07636	0.01592	0.01095	0.01264	0.00911	0.00692	0.00647	0.00174	0.05431	0.00434	0.00349	0.00737
55	0.00801	0.00650	0.00694	0.00681	0.00871	0.00554	0.00506	0.00962	0.01463	0.01840	0.22337	0.05434	0.58132	0.01463	0.00725	0.00208	0.00319	0.01219	0.00593	0.00548
56	0.01300	0.01130	0.01352	0.01016	0.01468	0.00971	0.00812	0.01524	0.01221	0.01913	0.01077	0.01326	0.00923	0.00567	0.00679	0.00125	0.11416	0.00396	0.00359	0.70427
57	0.01479	0.01556	0.03113	0.02289	0.02766	0.01567	0.56198	0.01874	0.01348	0.04278	0.01215	0.01636	0.00953	0.00655	0.00963	0.00222	0.16073	0.00678	0.00328	0.00807
58	0.00769	0.00648	0.00649	0.00646	0.00851	0.00540	0.00480	0.00899	0.01387	0.01658	0.06004	0.05735	0.74579	0.01531	0.00725	0.00211	0.00324	0.01261	0.00569	0.00534
59	0.00807	0.00647	0.00705	0.00695	0.00876	0.00555	0.00513	0.00971	0.01466	0.01865	0.24700	0.08334	0.52768	0.01467	0.00727	0.00209	0.00320	0.01230	0.00597	0.00549
60	0.02419	0.01457	0.01660	0.01288	0.01753	0.01515	0.01053	0.46154	0.04607	0.28818	0.01828	0.01738	0.01249	0.00762	0.00620	0.00192	0.00614	0.00579	0.00660	0.01034
61	0.00928	0.00623	0.00695	0.00692	0.00698	0.00614	0.00390	0.00910	0.00904	0.01212	0.01920	0.03932	0.02198	0.78446	0.03012	0.00581	0.00595	0.00877	0.00380	0.00395
62	0.00769	0.00648	0.00649	0.00646	0.00851	0.00540	0.00480	0.00899	0.01387	0.01658	0.06004	0.05735	0.74579	0.01531	0.00725	0.00211	0.00324	0.01261	0.00569	0.00534
63	0.01289	0.02835	0.63608	0.01919	0.06912	0.01420	0.09527	0.01912	0.01309	0.01936	0.01143	0.01386	0.00838	0.00596	0.00605	0.00200	0.00895	0.00490	0.00280	0.00901
64	0.52560	0.01200	0.01293	0.17443	0.08474	0.01386	0.01019	0.01762	0.03005	0.02344	0.01003	0.01274	0.00797	0.00625	0.00530	0.00201	0.03589	0.00421	0.00361	0.00712
65	0.00770	0.00644	0.00654	0.00659	0.00854	0.00539	0.00486	0.00898	0.01374	0.01653	0.05849	0.09908	0.70506	0.01551	0.00728	0.00214	0.00326	0.01286	0.00569	0.00533
66	0.00901	0.00735	0.00751	0.00740	0.00947	0.00616	0.00542	0.01008	0.01479	0.01823	0.11437	0.05711	0.67895	0.01567	0.00770	0.00230	0.00364	0.01270	0.00611	0.00600
67	0.05942	0.01305	0.01561	0.04508	0.05535	0.07196	0.01034	0.02763	0.01720	0.58074	0.02182	0.02071	0.01470	0.00812	0.00654	0.00213	0.00629	0.00614	0.00690	0.01029
68	0.02025	0.02294	0.01856	0.18853	0.06514	0.46966	0.01363	0.04897	0.01646	0.01744	0.01149	0.01479	0.00959	0.00744	0.00700	0.00203	0.04957	0.00494	0.00365	0.00794
69	0.78106	0.01260	0.01033	0.03832	0.01387	0.01415	0.00757	0.01843	0.01129	0.02745	0.01016	0.01238	0.00821	0.00670	0.00455	0.00216	0.00532	0.00390	0.00422	0.00733
70	0.01465	0.01400	0.01890	0.01631	0.01677	0.03139	0.03165	0.01559	0.01061	0.01624	0.01035	0.01604	0.00996	0.01242	0.04792	0.00309	0.67720	0.00581	0.02374	0.00736
71	0.05860	0.01136	0.01469	0.01159	0.01618	0.00988	0.00933	0.02920	0.01763	0.71203	0.02417	0.02197	0.01584	0.00839	0.00660	0.00215	0.00562	0.00638	0.00767	0.01074
72	0.01032	0.00768	0.01078	0.01070	0.01191	0.00845	0.00815	0.01189	0.01068	0.01545	0.01746	0.02538	0.01630	0.04444	0.74781	0.00961	0.01614	0.00686	0.00378	0.00623
73	0.02303	0.01370	0.01574	0.01241	0.01686	0.01344	0.00994	0.32835	0.02178	0.28163	0.04918	0.02011	0.01530	0.00823	0.00645	0.00201	0.00597	0.00613	0.05344	0.09633
74	0.01640	0.01387	0.01454	0.01316	0.01659	0.01556	0.01006	0.03216	0.72488	0.02614	0.02546	0.02425	0.01947	0.00914	0.00676	0.00232	0.00529	0.00720	0.00655	0.01020
75	0.02276	0.01472	0.06633	0.01583	0.08678	0.03027	0.05237	0.15045	0.01874	0.36672	0.03819	0.02181	0.01541	0.00829	0.00675	0.00214	0.00667	0.03106	0.00628	0.03843
76	0.01555	0.01841	0.16027	0.05579	0.37430	0.01507	0.18235	0.02012	0.05182	0.02081	0.01362	0.01736	0.01099	0.00663	0.00683	0.00218	0.00847	0.00613	0.00363	0.00967
77	0.79166	0.01260	0.01012	0.00909	0.01285	0.01404	0.00725	0.01881	0.01140	0.04667	0.01046	0.01241	0.00836	0.00673	0.00453	0.00215	0.00520	0.00389	0.00435	0.00742
78	0.02164	0.16468	0.01967	0.01449	0.01806	0.56980	0.01135	0.05948	0.01683	0.03525	0.01026	0.01179	0.00854	0.00642	0.00538	0.00162	0.00969	0.00404	0.00343	0.00756

[dist]
# distance from previous block
# <min> <max>
2	58

[block]
# block no. 1 follows, 39 sequences, length 15
# corresponding to MSA columns:
# 565-579
name=unknown_B
#
# <colnr> <probs for GDERKNQSTAVLIFYWHMCP>
#	G	D	E	R	K	N	Q	S	T	A	V	L	I	F	Y	W	H	M	C	P
0	0.01383	0.01318	0.02238	0.23629	0.56111	0.01387	0.01772	0.01742	0.01310	0.01830	0.01109	0.01512	0.00909	0.00553	0.00593	0.00184	0.00730	0.00531	0.00289	0.00868
1	0.23355	0.01169	0.04471	0.48270	0.03026	0.01317	0.01338	0.04242	0.01191	0.01911	0.01017	0.01418	0.00776	0.00644	0.00596	0.03122	0.00692	0.00471	0.00307	0.00667
2	0.01422	0.12114	0.01883	0.01399	0.01590	0.04756	0.02988	0.01984	0.20831	0.01727	0.01274	0.01537	0.01086	0.00967	0.03265	0.00240	0.39292	0.00537	0.00360	0.00750
3	0.03834	0.01087	0.01355	0.01063	0.01482	0.01018	0.00864	0.14775	0.03107	0.47148	0.04867	0.03439	0.03781	0.00817	0.00648	0.02697	0.00511	0.00623	0.00651	0.06235
4	0.09138	0.01494	0.01745	0.18480	0.07625	0.03429	0.01252	0.44134	0.02143	0.02963	0.01263	0.01427	0.00927	0.00662	0.00575	0.00184	0.00682	0.00512	0.00474	0.00889
5	0.01774	0.58404	0.02747	0.01115	0.01612	0.02208	0.01047	0.21134	0.01636	0.02034	0.00997	0.01095	0.00839	0.00570	0.00443	0.00143	0.00642	0.00379	0.00349	0.00832
6	0.00973	0.00713	0.00812	0.00717	0.00860	0.00640	0.00457	0.01040	0.00968	0.01371	0.01656	0.03170	0.01817	0.57815	0.02317	0.00444	0.00541	0.00726	0.00361	0.22602
7	0.02332	0.01108	0.01385	0.01112	0.01537	0.01071	0.00901	0.05259	0.21354	0.53631	0.02334	0.02063	0.01553	0.00759	0.00602	0.00190	0.00503	0.00617	0.00696	0.00994
8	0.00735	0.00525	0.00697	0.00833	0.00868	0.00489	0.00555	0.00834	0.01141	0.01522	0.03268	0.78681	0.03918	0.01859	0.00760	0.00243	0.00348	0.01683	0.00553	0.00488
9	0.23248	0.00694	0.00807	0.00782	0.00882	0.00741	0.00554	0.01042	0.00843	0.01480	0.00986	0.01590	0.00935	0.01654	0.01789	0.60344	0.00503	0.00466	0.00291	0.00368
10	0.01431	0.01384	0.02248	0.03073	0.55432	0.01521	0.01678	0.01718	0.01236	0.01807	0.01035	0.01436	0.00906	0.00673	0.00957	0.00201	0.21583	0.00529	0.00288	0.00865
11	0.03923	0.01216	0.01552	0.05716	0.01785	0.01202	0.03185	0.21745	0.04144	0.42543	0.03310	0.01841	0.01351	0.00719	0.00596	0.00183	0.00571	0.00580	0.00634	0.03203
12	0.02224	0.01310	0.02033	0.01509	0.02008	0.01253	0.20476	0.18359	0.01855	0.39889	0.01823	0.01768	0.01209	0.00664	0.00622	0.00186	0.00669	0.00609	0.00584	0.00950
13	0.01251	0.01152	0.01915	0.05579	0.52789	0.01152	0.01467	0.01537	0.01283	0.01803	0.01689	0.22327	0.01733	0.00887	0.00631	0.00194	0.00609	0.00838	0.00361	0.00803
14	0.01311	0.01048	0.01235	0.00886	0.01408	0.00793	0.00711	0.01571	0.01254	0.06305	0.01127	0.01273	0.00911	0.00455	0.00447	0.00093	0.00442	0.00365	0.00373	0.77991

[dist]
# distance from previous block
# <min> <max>
2	29

[block]
# block no. 2 follows, 39 sequences, length 11
# corresponding to MSA columns:
# 609-619
name=unknown_C
#
# <colnr> <probs for GDERKNQSTAVLIFYWHMCP>
#	G	D	E	R	K	N	Q	S	T	A	V	L	I	F	Y	W	H	M	C	P
0	0.01071	0.00748	0.00861	0.00797	0.00877	0.00800	0.00533	0.10507	0.01145	0.01578	0.01741	0.03210	0.01848	0.54431	0.09512	0.00521	0.03569	0.00765	0.05005	0.00481
1	0.01027	0.00514	0.00770	0.00770	0.00770	0.00514	0.00514	0.00770	0.00770	0.01027	0.01027	0.01798	0.01027	0.02054	0.02311	0.82794	0.00514	0.00514	0.00257	0.00257
2	0.05129	0.08944	0.08089	0.01003	0.01379	0.01063	0.00870	0.04122	0.05387	0.31853	0.01832	0.02240	0.01461	0.20610	0.01171	0.00275	0.00566	0.00605	0.00510	0.02892
3	0.02051	0.01558	0.01664	0.01321	0.01759	0.01742	0.01076	0.55678	0.20980	0.03409	0.01670	0.01620	0.01209	0.00733	0.00594	0.00183	0.00604	0.00567	0.00594	0.00988
4	0.01226	0.01051	0.01226	0.00876	0.01401	0.00788	0.00701	0.01489	0.01226	0.01927	0.01051	0.01226	0.00876	0.00438	0.00438	0.00088	0.00438	0.00350	0.00350	0.82832
5	0.01440	0.00639	0.00923	0.00842	0.00958	0.00604	0.00604	0.01307	0.01005	0.20047	0.01359	0.01852	0.01138	0.01719	0.01875	0.61819	0.00511	0.00534	0.00377	0.00447
6	0.62894	0.01109	0.00997	0.00847	0.01237	0.01211	0.00699	0.02029	0.01181	0.21260	0.01207	0.01228	0.00850	0.00595	0.00424	0.00183	0.00469	0.00390	0.00459	0.00733
7	0.04032	0.09744	0.01808	0.07944	0.10711	0.15506	0.03198	0.04289	0.03238	0.20602	0.01423	0.03326	0.01083	0.00644	0.00575	0.00166	0.02364	0.00509	0.00429	0.08409
8	0.62403	0.00984	0.00823	0.00789	0.01071	0.01112	0.00617	0.01506	0.01038	0.02363	0.01442	0.20732	0.01471	0.00880	0.00465	0.00198	0.00428	0.00666	0.00412	0.00600
9	0.01052	0.00930	0.01487	0.58206	0.03203	0.01126	0.01316	0.01346	0.01101	0.01418	0.01257	0.02159	0.01134	0.20555	0.01205	0.00293	0.00734	0.00610	0.00287	0.00581
10	0.01226	0.01051	0.01226	0.00876	0.01401	0.00788	0.00701	0.01489	0.01226	0.01927	0.01051	0.01226	0.00876	0.00438	0.00438	0.00088	0.00438	0.00350	0.00350	0.82832

[dist]
# distance from previous block
# <min> <max>
0	27

[block]
# block no. 3 follows, 39 sequences, length 9
# corresponding to MSA columns:
# 647-655
name=unknown_D
#
# <colnr> <probs for GDERKNQSTAVLIFYWHMCP>
#	G	D	E	R	K	N	Q	S	T	A	V	L	I	F	Y	W	H	M	C	P
0	0.83394	0.01144	0.00869	0.00778	0.01144	0.01327	0.00640	0.01738	0.01006	0.02653	0.00823	0.00961	0.00640	0.00549	0.00366	0.00183	0.00457	0.00320	0.00366	0.00640
1	0.01095	0.00696	0.00925	0.00806	0.00984	0.00607	0.00577	0.01014	0.00925	0.01332	0.01035	0.01604	0.00976	0.01506	0.01676	0.54754	0.00488	0.00458	0.00289	0.28252
2	0.01257	0.01892	0.27015	0.01598	0.01894	0.01663	0.01596	0.01576	0.01022	0.01576	0.00873	0.01278	0.00767	0.00875	0.01473	0.00235	0.51941	0.00490	0.00256	0.00724
3	0.00699	0.00599	0.00599	0.00599	0.00799	0.00499	0.00449	0.00849	0.01348	0.01598	0.05991	0.05691	0.75288	0.01498	0.00699	0.00200	0.00300	0.01248	0.00549	0.00499
4	0.01200	0.02378	0.50750	0.01411	0.02167	0.01175	0.01682	0.01743	0.01241	0.01891	0.01058	0.01241	0.00792	0.00520	0.00520	0.00153	0.00726	0.00408	0.00284	0.28660
5	0.00973	0.00539	0.00597	0.00643	0.00746	0.00527	0.00459	0.01190	0.01204	0.01969	0.02380	0.28183	0.02328	0.01084	0.00529	0.00173	0.00298	0.00934	0.54716	0.00527
6	0.01865	0.01451	0.01774	0.27274	0.02593	0.01658	0.01300	0.49130	0.02239	0.02976	0.01295	0.01473	0.00932	0.00670	0.00591	0.00184	0.00697	0.00530	0.00480	0.00887
7	0.01473	0.00957	0.01124	0.01042	0.01301	0.01004	0.00790	0.02300	0.33788	0.18110	0.02680	0.28142	0.02445	0.01143	0.00652	0.00210	0.00433	0.00996	0.00612	0.00797
8	0.00976	0.00771	0.00884	0.00772	0.01075	0.00629	0.00607	0.01181	0.01321	0.04341	0.06055	0.07562	0.34743	0.01132	0.00621	0.00170	0.00379	0.07853	0.00491	0.28436

[dist]
# distance from previous block
# <min> <max>
0	13

[block]
# block no. 4 follows, 39 sequences, length 53
# corresponding to MSA columns:
# 669-721
name=unknown_E
#
# <colnr> <probs for GDERKNQSTAVLIFYWHMCP>
#	G	D	E	R	K	N	Q	S	T	A	V	L	I	F	Y	W	H	M	C	P
0	0.02490	0.01269	0.01535	0.01177	0.01641	0.01259	0.00972	0.31441	0.02132	0.46757	0.01964	0.01773	0.01279	0.00723	0.00593	0.00181	0.00563	0.00570	0.00675	0.01006
1	0.02222	0.01643	0.01763	0.01351	0.01827	0.01803	0.01114	0.70918	0.02731	0.03672	0.01418	0.01429	0.01012	0.00708	0.00591	0.00177	0.00647	0.00530	0.00587	0.03858
2	0.01178	0.00951	0.04591	0.01067	0.01264	0.00906	0.00865	0.14656	0.03707	0.03944	0.02665	0.39217	0.02895	0.01453	0.00762	0.00233	0.03007	0.15449	0.00542	0.00649
3	0.00853	0.00618	0.00806	0.00782	0.00921	0.00573	0.00596	0.01120	0.01629	0.02282	0.64697	0.06663	0.07218	0.01280	0.00715	0.00198	0.00310	0.07540	0.00639	0.00559
4	0.00873	0.00583	0.00654	0.00654	0.00655	0.00581	0.00364	0.00869	0.00868	0.01159	0.01874	0.03882	0.02159	0.79073	0.03010	0.00575	0.00577	0.00863	0.00362	0.00365
5	0.83248	0.01152	0.00878	0.00786	0.01153	0.01333	0.00646	0.01746	0.01014	0.02662	0.00836	0.00978	0.00652	0.00557	0.00371	0.00185	0.00462	0.00324	0.00370	0.00647
6	0.10293	0.01571	0.01732	0.08012	0.07133	0.04150	0.01177	0.50836	0.02285	0.03178	0.01285	0.01392	0.00943	0.00683	0.00605	0.00183	0.02607	0.00508	0.00506	0.00920
7	0.01353	0.01545	0.05565	0.10825	0.02948	0.01526	0.51389	0.01784	0.01297	0.01787	0.01121	0.01550	0.00872	0.00603	0.00880	0.00210	0.13042	0.00645	0.00291	0.00767
8	0.00733	0.00524	0.00695	0.00832	0.00867	0.00488	0.00554	0.00833	0.01140	0.01521	0.03267	0.78698	0.03917	0.01858	0.00760	0.00242	0.00347	0.01683	0.00553	0.00487
9	0.01592	0.79430	0.03103	0.01020	0.01526	0.02344	0.01016	0.01778	0.01209	0.01403	0.00835	0.00966	0.00771	0.00514	0.00385	0.00129	0.00636	0.00320	0.00257	0.00765
10	0.00721	0.00606	0.00623	0.00624	0.00816	0.00510	0.00465	0.00874	0.01369	0.01655	0.10253	0.07973	0.68482	0.01497	0.00705	0.00202	0.00304	0.01253	0.00559	0.00509
11	0.01306	0.01302	0.01818	0.01560	0.01561	0.01816	0.01298	0.01432	0.00914	0.01435	0.00789	0.01310	0.00788	0.01042	0.01943	0.00261	0.77989	0.00521	0.00263	0.00653
12	0.02107	0.01588	0.01697	0.01337	0.01784	0.01768	0.01092	0.59723	0.16733	0.03490	0.01623	0.01589	0.01172	0.00736	0.00599	0.00184	0.00619	0.00563	0.00597	0.00998
13	0.83248	0.01152	0.00878	0.00786	0.01153	0.01333	0.00646	0.01746	0.01014	0.02662	0.00836	0.00978	0.00652	0.00557	0.00371	0.00185	0.00462	0.00324	0.00370	0.00647
14	0.83248	0.01152	0.00878	0.00786	0.01153	0.01333	0.00646	0.01746	0.01014	0.02662	0.00836	0.00978	0.00652	0.00557	0.00371	0.00185	0.00462	0.00324	0.00370	0.00647
15	0.00814	0.00628	0.00699	0.00695	0.00885	0.00545	0.00536	0.00998	0.01427	0.03697	0.18630	0.05462	0.53013	0.01443	0.00712	0.00206	0.00330	0.08168	0.00576	0.00534
16	0.01592	0.79430	0.03103	0.01020	0.01526	0.02344	0.01016	0.01778	0.01209	0.01403	0.00835	0.00966	0.00771	0.00514	0.00385	0.00129	0.00636	0.00320	0.00257	0.00765
17	0.00733	0.00524	0.00695	0.00832	0.00867	0.00488	0.00554	0.00833	0.01140	0.01521	0.03267	0.78698	0.03917	0.01858	0.00760	0.00242	0.00347	0.01683	0.00553	0.00487
18	0.02662	0.01015	0.01380	0.01060	0.01518	0.00876	0.00874	0.02888	0.01699	0.75805	0.02343	0.02028	0.01474	0.00740	0.00600	0.00185	0.00507	0.00598	0.00735	0.01012
19	0.00873	0.00583	0.00654	0.00654	0.00655	0.00581	0.00364	0.00869	0.00868	0.01159	0.01874	0.03882	0.02159	0.79073	0.03010	0.00575	0.00577	0.00863	0.00362	0.00365
20	0.01238	0.01059	0.01234	0.00884	0.01410	0.00795	0.00706	0.01497	0.01234	0.01938	0.01063	0.01243	0.00887	0.00446	0.00443	0.00090	0.00442	0.00354	0.00354	0.82680
21	0.01306	0.01302	0.01818	0.01560	0.01561	0.01816	0.01298	0.01432	0.00914	0.01435	0.00789	0.01310	0.00788	0.01042	0.01943	0.00261	0.77989	0.00521	0.00263	0.00653
22	0.01306	0.01302	0.01818	0.01560	0.01561	0.01816	0.01298	0.01432	0.00914	0.01435	0.00789	0.01310	0.00788	0.01042	0.01943	0.00261	0.77989	0.00521	0.00263	0.00653
23	0.01198	0.03063	0.76017	0.01692	0.02566	0.01379	0.02187	0.01880	0.01256	0.01884	0.01073	0.01265	0.00761	0.00570	0.00567	0.00189	0.00877	0.00441	0.00254	0.00880
24	0.02219	0.02823	0.01683	0.01531	0.01836	0.76703	0.01147	0.02368	0.01682	0.01459	0.00926	0.01083	0.00773	0.00617	0.00538	0.00155	0.01069	0.00385	0.00309	0.00692
25	0.01198	0.03063	0.76017	0.01692	0.02566	0.01379	0.02187	0.01880	0.01256	0.01884	0.01073	0.01265	0.00761	0.00570	0.00567	0.00189	0.00877	0.00441	0.00254	0.00880
26	0.00720	0.00609	0.00620	0.00617	0.00814	0.00510	0.00462	0.00875	0.01375	0.01656	0.10254	0.05621	0.70865	0.01486	0.00704	0.00201	0.00303	0.01239	0.00559	0.00509
27	0.02662	0.01015	0.01380	0.01060	0.01518	0.00876	0.00874	0.02888	0.01699	0.75805	0.02343	0.02028	0.01474	0.00740	0.00600	0.00185	0.00507	0.00598	0.00735	0.01012
28	0.01407	0.01602	0.03493	0.02498	0.03096	0.01501	0.73245	0.01902	0.01403	0.01905	0.01208	0.01611	0.00909	0.00507	0.00703	0.00202	0.01000	0.00701	0.00303	0.00804
29	0.01371	0.00808	0.00835	0.00741	0.00955	0.00846	0.00578	0.17563	0.01593	0.02556	0.01825	0.02044	0.01412	0.00701	0.00459	0.00149	0.00364	0.00551	0.63989	0.00659
30	0.01198	0.03063	0.76017	0.01692	0.02566	0.01379	0.02187	0.01880	0.01256	0.01884	0.01073	0.01265	0.00761	0.00570	0.00567	0.00189	0.00877	0.00441	0.00254	0.00880
31	0.01719	0.00806	0.01078	0.00900	0.01193	0.00714	0.00712	0.01970	0.01689	0.37582	0.40211	0.03277	0.03613	0.00988	0.00653	0.00187	0.00391	0.00845	0.00693	0.00779
32	0.00868	0.00600	0.00742	0.00742	0.00773	0.00629	0.00474	0.00926	0.00894	0.01224	0.01793	0.03437	0.01966	0.57556	0.24263	0.00683	0.00868	0.00798	0.00350	0.00414
33	0.01306	0.01302	0.01818	0.01560	0.01561	0.01816	0.01298	0.01432	0.00914	0.01435	0.00789	0.01310	0.00788	0.01042	0.01943	0.00261	0.77989	0.00521	0.00263	0.00653
34	0.01379	0.01539	0.03278	0.10624	0.05254	0.01479	0.63507	0.01858	0.01379	0.01865	0.01190	0.01605	0.00898	0.00517	0.00688	0.00201	0.00969	0.00678	0.00299	0.00792
35	0.01166	0.00610	0.00615	0.00596	0.00750	0.00616	0.00451	0.04601	0.01316	0.02283	0.01917	0.02185	0.01503	0.00698	0.00427	0.00142	0.00297	0.00554	0.78697	0.00578
36	0.11463	0.03841	0.21259	0.14297	0.14260	0.01365	0.07933	0.03786	0.04557	0.04222	0.01163	0.01410	0.00882	0.00571	0.00553	0.00181	0.00722	0.00487	0.00328	0.06718
37	0.01407	0.01602	0.03493	0.02498	0.03096	0.01501	0.73245	0.01902	0.01403	0.01905	0.01208	0.01611	0.00909	0.00507	0.00703	0.00202	0.01000	0.00701	0.00303	0.00804
38	0.01040	0.00523	0.00779	0.00779	0.00780	0.00521	0.00519	0.00780	0.00779	0.01040	0.01039	0.01813	0.01038	0.02060	0.02313	0.82637	0.00518	0.00517	0.00261	0.00264
39	0.73637	0.01135	0.00938	0.00819	0.01196	0.01278	0.00673	0.01882	0.01096	0.11386	0.01016	0.01103	0.00750	0.00579	0.00399	0.00185	0.00467	0.00357	0.00414	0.00690
40	0.02220	0.02787	0.01686	0.01525	0.01836	0.74382	0.01146	0.04571	0.01717	0.01529	0.00942	0.01094	0.00781	0.00620	0.00540	0.00155	0.01057	0.00390	0.00318	0.00702
41	0.00857	0.00643	0.00959	0.00959	0.01065	0.00746	0.00744	0.01065	0.00958	0.01384	0.01595	0.02338	0.01489	0.04436	0.76731	0.00951	0.01586	0.00637	0.00321	0.00534
42	0.00873	0.00583	0.00654	0.00654	0.00655	0.00581	0.00364	0.00869	0.00868	0.01159	0.01874	0.03882	0.02159	0.79073	0.03010	0.00575	0.00577	0.00863	0.00362	0.00365
43	0.00733	0.00524	0.00695	0.00832	0.00867	0.00488	0.00554	0.00833	0.01140	0.01521	0.03267	0.78698	0.03917	0.01858	0.00760	0.00242	0.00347	0.01683	0.00553	0.00487
44	0.01306	0.01302	0.01818	0.01560	0.01561	0.01816	0.01298	0.01432	0.00914	0.01435	0.00789	0.01310	0.00788	0.01042	0.01943	0.00261	0.77989	0.00521	0.00263	0.00653
45	0.02223	0.01646	0.01762	0.01361	0.01828	0.01823	0.01120	0.70289	0.05978	0.03678	0.01475	0.01471	0.01052	0.00722	0.00597	0.00181	0.00646	0.00542	0.00596	0.01008
46	0.76168	0.01226	0.01003	0.00892	0.01270	0.01363	0.00716	0.01904	0.01142	0.07821	0.01068	0.01227	0.00831	0.00652	0.00444	0.00208	0.00508	0.00386	0.00437	0.00736
47	0.01403	0.01357	0.01880	0.06893	0.01811	0.01829	0.01360	0.01514	0.01007	0.01548	0.00924	0.01483	0.00896	0.01077	0.01873	0.00275	0.71298	0.00557	0.00303	0.00711
48	0.00958	0.00689	0.00855	0.00946	0.01023	0.00652	0.00645	0.05947	0.01324	0.01780	0.03212	0.72120	0.03768	0.01831	0.00792	0.00257	0.00409	0.01618	0.00590	0.00584
49	0.01374	0.01326	0.01799	0.01558	0.01584	0.01773	0.01277	0.01469	0.01019	0.01554	0.01265	0.01768	0.06045	0.01140	0.01880	0.00276	0.71264	0.00607	0.00322	0.00700
50	0.01044	0.00763	0.00954	0.00913	0.01078	0.00709	0.00680	0.01270	0.03175	0.03829	0.43431	0.18131	0.06758	0.01353	0.00783	0.00220	0.02903	0.05066	0.00626	0.06313
51	0.01557	0.01503	0.04347	0.03418	0.67081	0.01422	0.01779	0.01871	0.01409	0.02038	0.01229	0.01608	0.01043	0.00605	0.00627	0.00192	0.00727	0.00551	0.00338	0.06653
52	0.81894	0.01227	0.00959	0.00864	0.01236	0.01388	0.00695	0.01817	0.01087	0.02747	0.00951	0.01137	0.00762	0.00632	0.00422	0.00205	0.00500	0.00363	0.00407	0.00704

[dist]
# distance from previous block
# <min> <max>
4	6

[block]
# block no. 5 follows, 39 sequences, length 10
# corresponding to MSA columns:
# 728-737
name=unknown_F
#
# <colnr> <probs for GDERKNQSTAVLIFYWHMCP>
#	G	D	E	R	K	N	Q	S	T	A	V	L	I	F	Y	W	H	M	C	P
0	0.01178	0.01063	0.01742	0.02551	0.46833	0.01050	0.01328	0.01434	0.01264	0.01770	0.01937	0.31195	0.02080	0.01036	0.00651	0.00200	0.00564	0.00970	0.00391	0.00761
1	0.01661	0.01218	0.01356	0.01154	0.01459	0.01314	0.00903	0.45606	0.02147	0.02875	0.02127	0.31168	0.02122	0.01149	0.00654	0.00202	0.00533	0.00974	0.00575	0.00804
2	0.00765	0.00549	0.00726	0.00793	0.00868	0.00510	0.00552	0.00936	0.01340	0.01841	0.30911	0.50235	0.04553	0.01605	0.00733	0.00219	0.00318	0.01446	0.00588	0.00510
3	0.01435	0.01321	0.01935	0.09438	0.40600	0.01422	0.01462	0.02297	0.29428	0.02102	0.01604	0.01759	0.01257	0.00639	0.00592	0.00187	0.00620	0.00581	0.00409	0.00911
4	0.01637	0.01933	0.01296	0.01254	0.01455	0.47498	0.00914	0.01770	0.01467	0.01471	0.01815	0.30950	0.01972	0.01087	0.00618	0.00186	0.00788	0.00881	0.00399	0.00607
5	0.32631	0.00871	0.00941	0.00903	0.01106	0.00989	0.00700	0.01349	0.01005	0.01907	0.01366	0.01981	0.01255	0.08218	0.41557	0.00632	0.01090	0.00547	0.00359	0.00591
6	0.00798	0.00613	0.00715	0.00756	0.00885	0.00541	0.00536	0.00936	0.01362	0.01765	0.17955	0.33599	0.34110	0.01611	0.00744	0.00223	0.00335	0.01393	0.00587	0.00535
7	0.01582	0.01285	0.01370	0.01207	0.01557	0.01468	0.00946	0.08098	0.65931	0.06067	0.02334	0.02142	0.01733	0.00792	0.00601	0.00198	0.00483	0.00655	0.00607	0.00944
8	0.01459	0.00756	0.00908	0.00782	0.01077	0.00645	0.00618	0.01647	0.01501	0.30214	0.08978	0.04197	0.42495	0.01185	0.00659	0.00192	0.00377	0.00986	0.00626	0.00698
9	0.01330	0.01269	0.02160	0.32131	0.48069	0.01370	0.01749	0.01698	0.01284	0.01770	0.01089	0.01507	0.00880	0.00552	0.00588	0.00184	0.00736	0.00526	0.00281	0.00829

[dist]
# distance from previous block
# <min> <max>
23	273

# created by:
# /software/SequenceAnalysis/GenePrediction/augustus/3.0.1/scripts/msa2prfl.pl ./fixed/BUSCOvEOG7W6Q8R.fas
