[name]
unknown

[dist]
# distance from previous block
# <min> <max>
0	235

[block]
# block no. 0 follows, 40 sequences, length 11
# corresponding to MSA columns:
# 236-246
name=unknown_A
#
# <colnr> <probs for GDERKNQSTAVLIFYWHMCP>
#	G	D	E	R	K	N	Q	S	T	A	V	L	I	F	Y	W	H	M	C	P
0	0.00926	0.00593	0.00757	0.00851	0.00962	0.00585	0.00685	0.01155	0.01250	0.01807	0.02757	0.22542	0.02913	0.01381	0.00671	0.00221	0.00410	0.34005	0.25007	0.00522
1	0.02514	0.01142	0.01444	0.01107	0.01560	0.01081	0.00914	0.19775	0.01919	0.59038	0.02080	0.01840	0.01332	0.00715	0.00584	0.00179	0.00529	0.00570	0.00687	0.00989
2	0.00876	0.00734	0.01004	0.01023	0.01047	0.00862	0.00758	0.00985	0.01047	0.01459	0.02479	0.56006	0.02929	0.01583	0.01089	0.00242	0.23590	0.01313	0.00455	0.00521
3	0.01498	0.02156	0.36360	0.01440	0.02048	0.01487	0.01535	0.19390	0.23499	0.02451	0.01521	0.01548	0.01106	0.00657	0.00571	0.00186	0.00688	0.00520	0.00429	0.00908
4	0.00876	0.00734	0.01004	0.01023	0.01047	0.00862	0.00758	0.00985	0.01047	0.01459	0.02479	0.56006	0.02929	0.01583	0.01089	0.00242	0.23590	0.01313	0.00455	0.00521
5	0.01965	0.02047	0.01572	0.01366	0.01714	0.36728	0.01059	0.19613	0.23694	0.02257	0.01454	0.01465	0.01111	0.00679	0.00558	0.00170	0.00776	0.00494	0.00454	0.00822
6	0.01596	0.01035	0.01592	0.01314	0.01550	0.01121	0.10529	0.01797	0.01265	0.26401	0.01908	0.20094	0.01738	0.01041	0.01029	0.00218	0.23727	0.00830	0.00482	0.00734
7	0.01564	0.01085	0.01218	0.01069	0.01357	0.01166	0.00889	0.35049	0.01958	0.02736	0.02016	0.03116	0.01810	0.00963	0.00606	0.00193	0.00521	0.21798	0.20139	0.00748
8	0.01164	0.01070	0.01776	0.25104	0.36660	0.01139	0.01438	0.01464	0.01226	0.01678	0.01579	0.19980	0.01574	0.00847	0.00617	0.00194	0.00632	0.00788	0.00339	0.00732
9	0.25821	0.01288	0.01500	0.01299	0.01418	0.04626	0.01075	0.01528	0.00950	0.01760	0.00783	0.01166	0.00723	0.00859	0.01393	0.00228	0.52214	0.00446	0.00288	0.00636
10	0.04643	0.01179	0.02154	0.54849	0.03628	0.01340	0.20706	0.01595	0.01211	0.01633	0.01062	0.01530	0.00797	0.00555	0.00600	0.00194	0.00816	0.00553	0.00272	0.00682

[dist]
# distance from previous block
# <min> <max>
0	2

[block]
# block no. 1 follows, 40 sequences, length 24
# corresponding to MSA columns:
# 249-272
name=unknown_B
#
# <colnr> <probs for GDERKNQSTAVLIFYWHMCP>
#	G	D	E	R	K	N	Q	S	T	A	V	L	I	F	Y	W	H	M	C	P
0	0.11172	0.02174	0.44248	0.01305	0.01999	0.01168	0.01516	0.01710	0.01192	0.01951	0.01012	0.01187	0.00762	0.00514	0.00492	0.00154	0.00678	0.00390	0.00290	0.26088
1	0.01003	0.00842	0.01341	0.01728	0.24011	0.00897	0.01029	0.01240	0.01076	0.01535	0.01615	0.11339	0.01580	0.02874	0.44446	0.00616	0.01144	0.00716	0.00332	0.00637
2	0.26246	0.00747	0.00789	0.00751	0.00944	0.00772	0.00573	0.01250	0.01380	0.02314	0.43884	0.12365	0.03797	0.01066	0.00593	0.00188	0.00336	0.00898	0.00542	0.00564
3	0.01319	0.26424	0.44996	0.01686	0.11095	0.01646	0.01750	0.01804	0.01225	0.01703	0.00977	0.01163	0.00762	0.00531	0.00500	0.00164	0.00766	0.00404	0.00252	0.00832
4	0.02109	0.01622	0.01949	0.01473	0.01953	0.01763	0.09913	0.65259	0.02569	0.03447	0.01370	0.01417	0.00976	0.00673	0.00594	0.00177	0.00681	0.00543	0.00547	0.00964
5	0.01453	0.01231	0.01761	0.50860	0.05123	0.01463	0.01455	0.23755	0.01643	0.02164	0.01140	0.01494	0.00844	0.00626	0.00612	0.00189	0.02552	0.00519	0.00358	0.00758
6	0.00989	0.00771	0.00977	0.00948	0.01207	0.00680	0.00801	0.01240	0.01296	0.01767	0.02792	0.04799	0.11347	0.01229	0.00675	0.00203	0.00474	0.41439	0.00477	0.25886
7	0.02211	0.01629	0.01745	0.01338	0.01803	0.01803	0.01105	0.73997	0.02734	0.03665	0.01396	0.01396	0.00989	0.00698	0.00582	0.00175	0.00640	0.00524	0.00582	0.00989
8	0.00846	0.00564	0.00634	0.00634	0.00634	0.00564	0.00352	0.00846	0.00846	0.01128	0.01832	0.03805	0.02114	0.79563	0.02960	0.00564	0.00564	0.00846	0.00352	0.00352
9	0.00694	0.00564	0.00615	0.00657	0.00803	0.00485	0.00472	0.00827	0.01260	0.01544	0.05066	0.28190	0.53638	0.01580	0.00704	0.00209	0.00308	0.01358	0.00540	0.00485
10	0.02438	0.01263	0.01519	0.01165	0.01621	0.01261	0.00962	0.33303	0.02122	0.45222	0.01910	0.01730	0.01247	0.00710	0.00583	0.00178	0.00557	0.00559	0.00661	0.00989
11	0.01173	0.01034	0.01371	0.24596	0.02185	0.00934	0.00973	0.01471	0.01193	0.01769	0.01034	0.01312	0.00835	0.00477	0.00477	0.00119	0.00536	0.00397	0.00318	0.57796
12	0.01838	0.02087	0.01308	0.01205	0.01454	0.53683	0.00903	0.02025	0.01516	0.01652	0.01205	0.01392	0.00977	0.00623	0.00488	0.00145	0.00810	0.00426	0.25628	0.00634
13	0.00713	0.00509	0.00678	0.00807	0.00844	0.00475	0.00540	0.00820	0.01132	0.01515	0.05806	0.76496	0.03905	0.01799	0.00740	0.00234	0.00335	0.01632	0.00543	0.00475
14	0.01922	0.01519	0.01756	0.01396	0.01718	0.01797	0.01157	0.51707	0.02168	0.02969	0.01202	0.01358	0.00920	0.00796	0.00989	0.00199	0.24545	0.00519	0.00481	0.00881
15	0.00899	0.00886	0.01466	0.01172	0.01480	0.00791	0.22978	0.01149	0.01329	0.01656	0.04310	0.08005	0.49169	0.01188	0.00690	0.00198	0.00507	0.01082	0.00465	0.00580
16	0.00694	0.00564	0.00615	0.00657	0.00803	0.00485	0.00472	0.00827	0.01260	0.01544	0.05066	0.28190	0.53638	0.01580	0.00704	0.00209	0.00308	0.01358	0.00540	0.00485
17	0.00706	0.00590	0.00615	0.00609	0.00797	0.00499	0.00457	0.00871	0.01370	0.01677	0.15639	0.05421	0.65885	0.01433	0.00687	0.00194	0.00292	0.01203	0.00554	0.00499
18	0.58236	0.00971	0.00879	0.00817	0.01098	0.01127	0.00660	0.01503	0.00973	0.02222	0.01039	0.01356	0.00883	0.01713	0.23971	0.00412	0.00790	0.00410	0.00345	0.00596
19	0.02252	0.01069	0.01339	0.01080	0.01493	0.01036	0.00875	0.02913	0.24146	0.53647	0.02317	0.02038	0.01543	0.00741	0.00587	0.00185	0.00484	0.00607	0.00680	0.00968
20	0.01890	0.02052	0.24713	0.01436	0.02022	0.01664	0.01426	0.51842	0.02272	0.03105	0.01288	0.01344	0.00911	0.00653	0.00573	0.00177	0.00707	0.00495	0.00479	0.00949
21	0.01229	0.01008	0.01146	0.10318	0.01590	0.01105	0.00854	0.02191	0.39743	0.05714	0.03284	0.03137	0.24335	0.00970	0.00619	0.00196	0.00449	0.00812	0.00542	0.00759
22	0.02199	0.01076	0.01482	0.01186	0.01497	0.01139	0.00983	0.02394	0.01427	0.53329	0.01824	0.01762	0.01232	0.00811	0.00991	0.00203	0.24445	0.00561	0.00577	0.00881
23	0.02609	0.00990	0.01350	0.01035	0.01484	0.00855	0.00855	0.02834	0.01664	0.76338	0.02294	0.01979	0.01439	0.00720	0.00585	0.00180	0.00495	0.00585	0.00720	0.00990

[dist]
# distance from previous block
# <min> <max>
0	272

# created by:
# /software/SequenceAnalysis/GenePrediction/augustus/3.0.1/scripts/msa2prfl.pl ./fixed/BUSCOvEOG7GTMST.fas
