[name]
unknown

[dist]
# distance from previous block
# <min> <max>
0	278

[block]
# block no. 0 follows, 41 sequences, length 38
# corresponding to MSA columns:
# 302-339
name=unknown_A
#
# <colnr> <probs for GDERKNQSTAVLIFYWHMCP>
#	G	D	E	R	K	N	Q	S	T	A	V	L	I	F	Y	W	H	M	C	P
0	0.00916	0.00655	0.00914	0.01037	0.01168	0.00652	0.00902	0.01180	0.01332	0.01741	0.06710	0.06342	0.03398	0.01559	0.00784	0.00259	0.00514	0.68877	0.00532	0.00527
1	0.01165	0.00780	0.01041	0.00959	0.01143	0.00860	0.00754	0.09356	0.04670	0.08813	0.05215	0.02240	0.01597	0.04583	0.51356	0.00672	0.01175	0.00623	0.02376	0.00622
2	0.00804	0.00583	0.00747	0.00707	0.00837	0.00538	0.00523	0.01052	0.01556	0.02185	0.68057	0.04303	0.08765	0.05881	0.00808	0.00203	0.00288	0.01031	0.00608	0.00525
3	0.00681	0.00580	0.00586	0.00584	0.00776	0.00485	0.00438	0.00830	0.01315	0.01572	0.08314	0.05461	0.73562	0.01439	0.00676	0.00193	0.00289	0.01201	0.00535	0.00485
4	0.00922	0.00658	0.00922	0.01053	0.01185	0.00658	0.00922	0.01185	0.01317	0.01712	0.03029	0.06452	0.03292	0.01580	0.00790	0.00263	0.00527	0.72480	0.00527	0.00527
5	0.00994	0.00497	0.00745	0.00745	0.00745	0.00497	0.00497	0.00745	0.00745	0.00994	0.00994	0.01739	0.00994	0.01987	0.02235	0.83358	0.00497	0.00497	0.00248	0.00248
6	0.00947	0.00704	0.00764	0.00722	0.00924	0.00666	0.00545	0.06155	0.07115	0.04543	0.11806	0.10827	0.42795	0.03142	0.00699	0.00198	0.00339	0.01063	0.05475	0.00571
7	0.01707	0.01268	0.01381	0.01155	0.01510	0.01406	0.00918	0.26957	0.37336	0.08704	0.06798	0.02060	0.01709	0.03619	0.00668	0.00197	0.00507	0.00628	0.00583	0.00890
8	0.00817	0.00613	0.00919	0.00919	0.01021	0.00715	0.00715	0.01021	0.00919	0.01328	0.01532	0.02247	0.01430	0.04290	0.77631	0.00919	0.01532	0.00613	0.00306	0.00511
9	0.00967	0.00704	0.00933	0.01010	0.01165	0.00707	0.00865	0.04595	0.03172	0.01859	0.09733	0.05859	0.07683	0.01474	0.00758	0.00246	0.00492	0.56684	0.00540	0.00555
10	0.15987	0.00955	0.01187	0.00942	0.01337	0.00883	0.00772	0.02423	0.01524	0.56497	0.09772	0.02021	0.01701	0.00727	0.00549	0.00177	0.00457	0.00579	0.00641	0.00869
11	0.00832	0.00555	0.00624	0.00624	0.00624	0.00555	0.00347	0.00832	0.00832	0.01109	0.01802	0.03743	0.02080	0.79898	0.02911	0.00555	0.00555	0.00832	0.00347	0.00347
12	0.00700	0.00500	0.00667	0.00794	0.00830	0.00467	0.00531	0.00804	0.01110	0.01483	0.05184	0.77427	0.03828	0.01775	0.00729	0.00231	0.00330	0.01610	0.00534	0.00467
13	0.00718	0.00510	0.00669	0.00775	0.00815	0.00479	0.00516	0.00824	0.01119	0.01504	0.09391	0.66651	0.03782	0.08246	0.00907	0.00255	0.00345	0.01508	0.00524	0.00461
14	0.00766	0.00579	0.00712	0.00721	0.00860	0.00525	0.00545	0.00976	0.01427	0.01905	0.38418	0.14734	0.25898	0.01375	0.00694	0.00199	0.00309	0.08267	0.00577	0.00512
15	0.00832	0.00555	0.00624	0.00624	0.00624	0.00555	0.00347	0.00832	0.00832	0.01109	0.01802	0.03743	0.02080	0.79898	0.02911	0.00555	0.00555	0.00832	0.00347	0.00347
16	0.01006	0.00646	0.00737	0.00693	0.00752	0.00648	0.00429	0.05753	0.01032	0.05128	0.05366	0.03523	0.02133	0.66956	0.02533	0.00493	0.00542	0.00808	0.00393	0.00428
17	0.74515	0.01091	0.00897	0.00783	0.01147	0.01232	0.00645	0.01809	0.01050	0.11155	0.00966	0.01047	0.00712	0.00551	0.00380	0.00177	0.00448	0.00340	0.00395	0.00660
18	0.08247	0.00875	0.01105	0.00927	0.01244	0.00819	0.00743	0.05162	0.03036	0.40107	0.19050	0.09265	0.02523	0.00925	0.00602	0.00186	0.00427	0.03342	0.00632	0.00785
19	0.00797	0.00557	0.00662	0.00667	0.00732	0.00531	0.00435	0.00906	0.01142	0.01553	0.23103	0.14243	0.10716	0.37797	0.01714	0.00361	0.00412	0.01027	0.02210	0.00434
20	0.00783	0.00542	0.00639	0.00673	0.00702	0.00524	0.00413	0.00834	0.00975	0.01294	0.06163	0.24714	0.07553	0.49347	0.02053	0.00424	0.00462	0.01085	0.00424	0.00398
21	0.30608	0.01035	0.01151	0.00924	0.01328	0.01026	0.00761	0.05779	0.01446	0.44864	0.01837	0.01696	0.03812	0.00672	0.00502	0.00177	0.00471	0.00503	0.00573	0.00833
22	0.01190	0.00733	0.00925	0.00819	0.01029	0.00695	0.00632	0.06196	0.04334	0.14089	0.51908	0.06141	0.06843	0.01081	0.00651	0.00182	0.00337	0.00939	0.00630	0.00645
23	0.00994	0.00497	0.00745	0.00745	0.00745	0.00497	0.00497	0.00745	0.00745	0.00994	0.00994	0.01739	0.00994	0.01987	0.02235	0.83358	0.00497	0.00497	0.00248	0.00248
24	0.01055	0.00537	0.00551	0.00551	0.00683	0.00542	0.00414	0.01318	0.01187	0.02095	0.01850	0.02138	0.01464	0.00834	0.03982	0.00170	0.00325	0.00537	0.79234	0.00532
25	0.00858	0.00668	0.00981	0.00958	0.01045	0.00802	0.00746	0.01044	0.00911	0.01321	0.01474	0.02231	0.01400	0.07787	0.66939	0.00840	0.08565	0.00614	0.00303	0.00513
26	0.01080	0.01017	0.01716	0.78523	0.03940	0.01271	0.01589	0.01461	0.01144	0.01461	0.01017	0.01525	0.00762	0.00572	0.00572	0.00191	0.00762	0.00508	0.00254	0.00635
27	0.01344	0.01286	0.02192	0.19530	0.60871	0.01340	0.01720	0.01693	0.01269	0.01782	0.01063	0.01439	0.00875	0.00523	0.00567	0.00174	0.00697	0.00509	0.00277	0.00848
28	0.01171	0.01079	0.01756	0.67455	0.08493	0.01316	0.01563	0.05832	0.01241	0.01614	0.01036	0.01503	0.00784	0.00583	0.00598	0.00189	0.02329	0.00509	0.00275	0.00673
29	0.01105	0.00963	0.01130	0.04765	0.01321	0.08694	0.00848	0.01447	0.08247	0.03701	0.05927	0.02116	0.01544	0.02861	0.46182	0.00620	0.06979	0.00602	0.00356	0.00594
30	0.00783	0.00558	0.00625	0.00631	0.00688	0.00530	0.00392	0.00841	0.01011	0.01309	0.07284	0.09661	0.20105	0.50803	0.02086	0.00423	0.00458	0.00991	0.00421	0.00399
31	0.00905	0.00681	0.00853	0.00813	0.00974	0.00674	0.00627	0.01362	0.11833	0.02253	0.58886	0.04181	0.04691	0.01153	0.00673	0.00190	0.00320	0.07730	0.00613	0.00589
32	0.02174	0.01602	0.01717	0.01316	0.01774	0.01774	0.01087	0.74423	0.02689	0.03605	0.01373	0.01373	0.00973	0.00687	0.00572	0.00172	0.00629	0.00515	0.00572	0.00973
33	0.01147	0.02959	0.76934	0.01630	0.02476	0.01328	0.02113	0.01811	0.01208	0.01811	0.01026	0.01208	0.00725	0.00543	0.00543	0.00181	0.00845	0.00423	0.00242	0.00845
34	0.00818	0.00610	0.00907	0.00907	0.01005	0.00708	0.00700	0.01014	0.00916	0.01319	0.01543	0.02308	0.01456	0.07349	0.74608	0.00905	0.01493	0.00622	0.00308	0.00504
35	0.20851	0.01164	0.01192	0.01047	0.01395	0.01308	0.00829	0.02687	0.47550	0.12922	0.01960	0.01826	0.01436	0.00709	0.00528	0.00188	0.00455	0.00558	0.00547	0.00848
36	0.01186	0.01017	0.01186	0.00847	0.01356	0.00762	0.00678	0.01440	0.01186	0.01864	0.01017	0.01186	0.00847	0.00424	0.00424	0.00085	0.00424	0.00339	0.00339	0.83395
37	0.00676	0.00579	0.00579	0.00579	0.00773	0.00483	0.00435	0.00821	0.01304	0.01545	0.05794	0.05505	0.76098	0.01449	0.00676	0.00193	0.00290	0.01207	0.00531	0.00483

[dist]
# distance from previous block
# <min> <max>
0	1

[block]
# block no. 1 follows, 41 sequences, length 10
# corresponding to MSA columns:
# 341-350
name=unknown_B
#
# <colnr> <probs for GDERKNQSTAVLIFYWHMCP>
#	G	D	E	R	K	N	Q	S	T	A	V	L	I	F	Y	W	H	M	C	P
0	0.01529	0.80242	0.02997	0.00979	0.01468	0.02263	0.00979	0.01713	0.01162	0.01346	0.00795	0.00918	0.00734	0.00489	0.00367	0.00122	0.00612	0.00306	0.00245	0.00734
1	0.13587	0.01533	0.01594	0.01237	0.01681	0.01705	0.01022	0.64270	0.02450	0.03460	0.01293	0.01311	0.00923	0.00665	0.00542	0.00172	0.00603	0.00486	0.00542	0.00923
2	0.02071	0.02443	0.01654	0.01544	0.05609	0.60523	0.01127	0.11388	0.05200	0.01749	0.01024	0.01146	0.00823	0.00606	0.00529	0.00154	0.00935	0.00407	0.00343	0.00726
3	0.00924	0.00896	0.00902	0.00856	0.01061	0.10057	0.04384	0.01101	0.01344	0.01584	0.07358	0.10187	0.47069	0.01320	0.00672	0.00197	0.00443	0.08627	0.00493	0.00526
4	0.02217	0.00984	0.01292	0.00974	0.01434	0.00821	0.00799	0.02446	0.01523	0.57760	0.01942	0.01754	0.01272	0.00636	0.00537	0.00154	0.00471	0.00515	0.00614	0.21855
5	0.00902	0.00647	0.00799	0.00793	0.00842	0.00691	0.00538	0.04698	0.01007	0.01367	0.01969	0.16232	0.02203	0.44667	0.12693	0.00503	0.04691	0.03927	0.00387	0.00444
6	0.09243	0.01448	0.01529	0.01182	0.01620	0.01570	0.00972	0.57194	0.02316	0.03268	0.01310	0.01352	0.00953	0.00646	0.00530	0.00162	0.00575	0.00480	0.04500	0.09150
7	0.08242	0.00664	0.00806	0.00789	0.00949	0.00644	0.00604	0.02987	0.01450	0.05171	0.40572	0.17247	0.08113	0.01247	0.00661	0.00198	0.00341	0.08185	0.00574	0.00558
8	0.02039	0.09381	0.01759	0.01416	0.01728	0.59321	0.01100	0.09388	0.01647	0.01614	0.00918	0.01067	0.00761	0.00612	0.00581	0.00153	0.05116	0.00385	0.00316	0.00698
9	0.10031	0.01115	0.01282	0.01045	0.01414	0.01146	0.00843	0.20643	0.11278	0.29848	0.09312	0.06106	0.01792	0.00798	0.00572	0.00181	0.00484	0.00645	0.00605	0.00859

[dist]
# distance from previous block
# <min> <max>
3	20

[block]
# block no. 2 follows, 41 sequences, length 40
# corresponding to MSA columns:
# 373-412
name=unknown_C
#
# <colnr> <probs for GDERKNQSTAVLIFYWHMCP>
#	G	D	E	R	K	N	Q	S	T	A	V	L	I	F	Y	W	H	M	C	P
0	0.70782	0.04658	0.04437	0.00800	0.01168	0.01278	0.00699	0.01648	0.01037	0.02459	0.05961	0.01171	0.00957	0.00573	0.00385	0.00175	0.00457	0.00364	0.00363	0.00629
1	0.10199	0.02546	0.52317	0.06233	0.05549	0.10061	0.01789	0.01828	0.01230	0.01827	0.00987	0.01186	0.00725	0.00548	0.00523	0.00177	0.00811	0.00413	0.00262	0.00790
2	0.02111	0.00973	0.01249	0.00963	0.01386	0.00845	0.00787	0.06673	0.01601	0.51834	0.04641	0.02159	0.07590	0.00737	0.00562	0.00163	0.00462	0.00601	0.00624	0.14038
3	0.02095	0.01511	0.01634	0.01276	0.01715	0.01667	0.01047	0.60106	0.12619	0.08021	0.01560	0.01514	0.01107	0.00700	0.00574	0.00175	0.00596	0.00537	0.00582	0.00964
4	0.01064	0.00555	0.00600	0.04312	0.00828	0.00567	0.00462	0.01313	0.01177	0.02049	0.01786	0.02086	0.01411	0.00721	0.00490	0.03838	0.00301	0.00530	0.75387	0.00525
5	0.04673	0.00558	0.00547	0.00543	0.00686	0.00566	0.00409	0.01348	0.01190	0.02151	0.01819	0.02080	0.01429	0.00661	0.00398	0.00135	0.00274	0.00523	0.79474	0.00537
6	0.01416	0.57431	0.24821	0.01171	0.01765	0.01987	0.01314	0.01742	0.01176	0.01483	0.00863	0.01003	0.00731	0.00505	0.00419	0.00140	0.00681	0.00340	0.00244	0.00767
7	0.01454	0.01214	0.06018	0.15376	0.02033	0.01095	0.04687	0.06167	0.13109	0.12438	0.01457	0.02637	0.01096	0.00591	0.00530	0.00153	0.00563	0.00502	0.00421	0.28460
8	0.00721	0.00514	0.00678	0.00776	0.00825	0.00481	0.00524	0.00844	0.01168	0.01580	0.14902	0.63960	0.03969	0.05165	0.00818	0.00238	0.00332	0.01495	0.00539	0.00472
9	0.68766	0.01185	0.00995	0.00851	0.01223	0.01354	0.00701	0.13668	0.01270	0.04309	0.00922	0.01024	0.00694	0.00560	0.00395	0.00176	0.00474	0.00349	0.00397	0.00685
10	0.01792	0.01716	0.30664	0.01231	0.01795	0.01022	0.01307	0.02245	0.04344	0.37148	0.09265	0.01903	0.01564	0.00693	0.00573	0.00180	0.00603	0.00565	0.00514	0.00877
11	0.01835	0.00970	0.01417	0.24049	0.05462	0.00985	0.01083	0.02173	0.04512	0.39192	0.04136	0.02103	0.01429	0.00716	0.00581	0.00184	0.00562	0.04043	0.03753	0.00815
12	0.00810	0.00545	0.00630	0.00652	0.00657	0.00540	0.00376	0.00826	0.00874	0.01166	0.02021	0.16008	0.02355	0.67257	0.02558	0.00502	0.00518	0.00960	0.00376	0.00366
13	0.01173	0.08241	0.71881	0.01586	0.02407	0.01392	0.02036	0.01805	0.01205	0.01780	0.01011	0.01188	0.00725	0.00540	0.00531	0.00177	0.00829	0.00415	0.00242	0.00838
14	0.39546	0.05165	0.01305	0.05707	0.01549	0.22687	0.00877	0.05473	0.01328	0.10167	0.01020	0.01124	0.00769	0.00575	0.00447	0.00167	0.00648	0.00377	0.00375	0.00693
15	0.13157	0.00765	0.00863	0.05273	0.01096	0.00832	0.00628	0.04624	0.01174	0.07493	0.01627	0.05576	0.01405	0.09771	0.05617	0.01952	0.04375	0.00588	0.32609	0.00577
16	0.00706	0.00504	0.00674	0.00807	0.00844	0.00473	0.00547	0.00813	0.01104	0.01471	0.03147	0.76481	0.03763	0.01783	0.00733	0.00234	0.00340	0.04578	0.00531	0.00467
17	0.01108	0.01055	0.01797	0.71301	0.03796	0.01287	0.05793	0.01540	0.03833	0.01517	0.01072	0.01548	0.00804	0.00574	0.00578	0.00191	0.00763	0.00523	0.00268	0.00653
18	0.01106	0.01005	0.01605	0.35928	0.02612	0.01154	0.09290	0.01587	0.11254	0.01662	0.04952	0.05719	0.03980	0.00873	0.00766	0.04221	0.04711	0.06572	0.00363	0.00642
19	0.03656	0.00623	0.00775	0.00833	0.00933	0.00615	0.00589	0.01162	0.07683	0.05274	0.08727	0.52385	0.03388	0.06276	0.00827	0.00241	0.00371	0.04573	0.00535	0.00535
20	0.00832	0.00555	0.00624	0.00624	0.00624	0.00555	0.00347	0.00832	0.00832	0.01109	0.01802	0.03743	0.02080	0.79898	0.02911	0.00555	0.00555	0.00832	0.00347	0.00347
21	0.01696	0.01438	0.05198	0.01236	0.01635	0.01525	0.01027	0.27615	0.44810	0.04539	0.01932	0.01821	0.01421	0.00732	0.00577	0.00185	0.00534	0.00588	0.00565	0.00927
22	0.01328	0.01165	0.01826	0.38139	0.08694	0.01323	0.09668	0.12997	0.05867	0.01933	0.01205	0.01564	0.00922	0.00670	0.00685	0.04317	0.02297	0.00537	0.04146	0.00717
23	0.00994	0.00497	0.00745	0.00745	0.00745	0.00497	0.00497	0.00745	0.00745	0.00994	0.00994	0.01739	0.00994	0.01987	0.02235	0.83358	0.00497	0.00497	0.00248	0.00248
24	0.83938	0.01106	0.00841	0.00752	0.01106	0.01283	0.00619	0.01681	0.00973	0.02566	0.00796	0.00929	0.00619	0.00531	0.00354	0.00177	0.00442	0.00310	0.00354	0.00619
25	0.02079	0.01328	0.01489	0.01168	0.01573	0.01412	0.00954	0.49877	0.02274	0.18308	0.02931	0.06133	0.01330	0.00762	0.00573	0.00174	0.00555	0.00602	0.05570	0.00910
26	0.00811	0.00546	0.00630	0.00650	0.00655	0.00541	0.00375	0.00826	0.00872	0.01163	0.02009	0.15326	0.02340	0.67960	0.02578	0.00505	0.00520	0.00953	0.00375	0.00365
27	0.01066	0.00533	0.00533	0.00533	0.00666	0.00533	0.00400	0.01333	0.01200	0.02132	0.01866	0.02132	0.01466	0.00666	0.00400	0.00133	0.00267	0.00533	0.83073	0.00533
28	0.00808	0.00583	0.00755	0.00713	0.00843	0.00539	0.00530	0.01064	0.01580	0.02229	0.71499	0.04276	0.06705	0.04455	0.00768	0.00196	0.00282	0.01030	0.00616	0.00530
29	0.01127	0.01108	0.02005	0.65269	0.03774	0.01301	0.14243	0.01526	0.01180	0.01526	0.01041	0.01528	0.00781	0.00556	0.00590	0.00191	0.00798	0.00537	0.00260	0.00659
30	0.01771	0.02113	0.01786	0.04672	0.07015	0.45416	0.04446	0.01949	0.01366	0.01448	0.00879	0.01160	0.00759	0.00690	0.00897	0.00180	0.22066	0.00433	0.00280	0.00674
31	0.01186	0.01017	0.01186	0.00847	0.01356	0.00762	0.00678	0.01440	0.01186	0.01864	0.01017	0.01186	0.00847	0.00424	0.00424	0.00085	0.00424	0.00339	0.00339	0.83395
32	0.43097	0.02797	0.01012	0.07662	0.01349	0.01141	0.00730	0.07010	0.04533	0.02224	0.04051	0.13340	0.01438	0.03907	0.00632	0.02976	0.00472	0.00612	0.00403	0.00614
33	0.01037	0.00671	0.00748	0.00677	0.00891	0.00621	0.00514	0.01342	0.04493	0.01998	0.07537	0.08017	0.04308	0.00910	0.03482	0.00169	0.00363	0.00643	0.43641	0.17935
34	0.00769	0.00583	0.00708	0.00677	0.00830	0.00522	0.00508	0.01001	0.01524	0.02067	0.54747	0.04646	0.26820	0.01254	0.00675	0.00184	0.00276	0.01087	0.00600	0.00522
35	0.00709	0.00566	0.00634	0.00648	0.00800	0.00492	0.00474	0.00873	0.01336	0.01693	0.20567	0.18179	0.48119	0.01448	0.00685	0.00197	0.00293	0.01243	0.00552	0.00492
36	0.00784	0.00542	0.00647	0.00682	0.00712	0.00524	0.00422	0.00844	0.01001	0.01340	0.09219	0.26202	0.05907	0.46403	0.01971	0.00410	0.00452	0.01100	0.00435	0.00405
37	0.07302	0.00672	0.00729	0.00690	0.00778	0.00688	0.00445	0.05256	0.01034	0.05131	0.01779	0.05884	0.01874	0.54848	0.02143	0.00432	0.00510	0.00761	0.08586	0.00456
38	0.02086	0.01538	0.01645	0.01276	0.01713	0.01704	0.01049	0.67279	0.07007	0.03475	0.01450	0.01449	0.01039	0.00691	0.00566	0.00172	0.00605	0.00524	0.03781	0.00952
39	0.00726	0.00518	0.00682	0.00773	0.00825	0.00484	0.00524	0.00854	0.01187	0.01610	0.17607	0.61042	0.04026	0.05267	0.00820	0.00237	0.00330	0.01472	0.00542	0.00474

[dist]
# distance from previous block
# <min> <max>
0	1

[block]
# block no. 3 follows, 41 sequences, length 51
# corresponding to MSA columns:
# 414-464
name=unknown_D
#
# <colnr> <probs for GDERKNQSTAVLIFYWHMCP>
#	G	D	E	R	K	N	Q	S	T	A	V	L	I	F	Y	W	H	M	C	P
0	0.01103	0.00762	0.00855	0.00867	0.00908	0.00713	0.00529	0.01057	0.01108	0.01513	0.05460	0.18764	0.02765	0.57989	0.02406	0.00511	0.00593	0.01070	0.00490	0.00537
1	0.01011	0.00797	0.00840	0.00818	0.01018	0.00675	0.00592	0.01101	0.01544	0.01977	0.21465	0.05429	0.57257	0.01535	0.00791	0.00241	0.00391	0.01227	0.00640	0.00649
2	0.13796	0.01195	0.01353	0.01152	0.01520	0.01158	0.00893	0.04288	0.16242	0.35292	0.11016	0.02468	0.02076	0.00931	0.00670	0.00231	0.00541	0.00690	0.03512	0.00975
3	0.05331	0.01061	0.01283	0.01113	0.01445	0.00958	0.00869	0.03603	0.04949	0.37723	0.15228	0.03494	0.10658	0.01131	0.00735	0.00240	0.00529	0.08020	0.00714	0.00916
4	0.04689	0.00866	0.00869	0.00819	0.01011	0.00847	0.00604	0.07859	0.01495	0.02516	0.02027	0.02371	0.01632	0.00847	0.00540	0.00192	0.00411	0.00611	0.69068	0.00726
5	0.02179	0.01502	0.01599	0.01299	0.01691	0.01572	0.01025	0.51486	0.02412	0.06823	0.01793	0.01957	0.01368	0.00866	0.00653	0.00215	0.00631	0.00611	0.19312	0.01005
6	0.12430	0.01582	0.01650	0.01341	0.01753	0.01676	0.01058	0.52459	0.02383	0.05943	0.01680	0.03831	0.01339	0.03743	0.00747	0.00238	0.00667	0.00622	0.03851	0.01007
7	0.80477	0.01299	0.01049	0.00952	0.01318	0.01427	0.00745	0.01865	0.01159	0.02786	0.01091	0.01335	0.00899	0.00721	0.00483	0.00229	0.00541	0.00408	0.00449	0.00767
8	0.00702	0.00500	0.00662	0.00790	0.00822	0.00468	0.00524	0.00798	0.01086	0.01448	0.03104	0.76825	0.03722	0.04574	0.00808	0.00244	0.00340	0.01598	0.00524	0.00460
9	0.01153	0.00740	0.00970	0.00923	0.03748	0.00704	0.00686	0.06690	0.01668	0.11409	0.53901	0.03821	0.04282	0.01082	0.00659	0.00184	0.00355	0.05772	0.00615	0.00637
10	0.00892	0.00625	0.00778	0.00758	0.00815	0.00669	0.00508	0.04478	0.00952	0.01305	0.01689	0.03118	0.01804	0.50261	0.28277	0.00660	0.00892	0.00742	0.00344	0.00433
11	0.00869	0.00632	0.00828	0.00844	0.00989	0.00604	0.00683	0.02588	0.01506	0.02051	0.42492	0.05106	0.09764	0.01331	0.00715	0.00211	0.00373	0.27291	0.00583	0.00540
12	0.01162	0.01129	0.01994	0.54416	0.12114	0.01312	0.11380	0.01528	0.01170	0.01546	0.01030	0.01506	0.00797	0.00599	0.00677	0.01786	0.04383	0.00530	0.00262	0.00678
13	0.00822	0.00589	0.00720	0.00694	0.00849	0.00527	0.00518	0.01037	0.01479	0.04646	0.45812	0.11015	0.26600	0.01291	0.00676	0.00188	0.00289	0.01121	0.00594	0.00531
14	0.01423	0.01229	0.01293	0.01164	0.01487	0.01423	0.00905	0.03039	0.75297	0.02393	0.02328	0.02134	0.01746	0.00776	0.00582	0.00194	0.00453	0.00647	0.00582	0.00905
15	0.01423	0.01229	0.01293	0.01164	0.01487	0.01423	0.00905	0.03039	0.75297	0.02393	0.02328	0.02134	0.01746	0.00776	0.00582	0.00194	0.00453	0.00647	0.00582	0.00905
16	0.01946	0.27080	0.02056	0.01314	0.01674	0.52251	0.01065	0.03681	0.01500	0.01431	0.00867	0.01003	0.00741	0.00560	0.00470	0.00140	0.00891	0.00352	0.00285	0.00692
17	0.01186	0.01017	0.01186	0.00847	0.01356	0.00762	0.00678	0.01440	0.01186	0.01864	0.01017	0.01186	0.00847	0.00424	0.00424	0.00085	0.00424	0.00339	0.00339	0.83395
18	0.00788	0.00584	0.00735	0.00697	0.00841	0.00531	0.00523	0.01038	0.01569	0.02174	0.64786	0.04470	0.16714	0.01214	0.00675	0.00182	0.00273	0.01062	0.00614	0.00531
19	0.01420	0.57661	0.22825	0.01166	0.01739	0.02000	0.01290	0.01731	0.01168	0.01472	0.00856	0.01003	0.00732	0.00516	0.00449	0.00141	0.02484	0.00342	0.00244	0.00761
20	0.00697	0.00498	0.00664	0.00796	0.00830	0.00465	0.00531	0.00796	0.01095	0.01460	0.03153	0.79525	0.03783	0.01792	0.00730	0.00232	0.00332	0.01626	0.00531	0.00465
21	0.00994	0.00497	0.00745	0.00745	0.00745	0.00497	0.00497	0.00745	0.00745	0.00994	0.00994	0.01739	0.00994	0.01987	0.02235	0.83358	0.00497	0.00497	0.00248	0.00248
22	0.02192	0.01574	0.01699	0.01303	0.01760	0.01732	0.01076	0.71183	0.02642	0.06912	0.01413	0.01399	0.00993	0.00688	0.00572	0.00172	0.00623	0.00518	0.00578	0.00973
23	0.02460	0.03951	0.01456	0.01069	0.01516	0.01057	0.00889	0.15391	0.01806	0.61095	0.02048	0.01808	0.01313	0.00696	0.00567	0.00174	0.00516	0.00555	0.00667	0.00965
24	0.01287	0.04627	0.01298	0.00881	0.01384	0.00882	0.00716	0.05041	0.01270	0.03950	0.01058	0.01204	0.00864	0.00447	0.00432	0.00093	0.00444	0.00352	0.00356	0.73416
25	0.19020	0.01438	0.01533	0.02901	0.05081	0.03931	0.01025	0.41525	0.01994	0.08643	0.01241	0.01311	0.00903	0.00665	0.00618	0.00178	0.06181	0.00471	0.00486	0.00855
26	0.02174	0.01602	0.01717	0.01316	0.01774	0.01774	0.01087	0.74423	0.02689	0.03605	0.01373	0.01373	0.00973	0.00687	0.00572	0.00172	0.00629	0.00515	0.00572	0.00973
27	0.01324	0.01491	0.03212	0.09892	0.03083	0.01429	0.67110	0.01796	0.01330	0.01796	0.01143	0.01541	0.00858	0.00491	0.00665	0.00193	0.00944	0.00659	0.00286	0.00758
28	0.05101	0.00978	0.01312	0.01009	0.01449	0.00854	0.00834	0.02753	0.01616	0.74417	0.02211	0.01915	0.01391	0.00702	0.00568	0.00177	0.00485	0.00567	0.00697	0.00962
29	0.01097	0.01040	0.01719	0.70762	0.03694	0.01319	0.01555	0.01453	0.01117	0.01453	0.00990	0.01497	0.00761	0.00615	0.00703	0.00197	0.08631	0.00508	0.00254	0.00634
30	0.01049	0.01003	0.01853	0.10448	0.10713	0.01001	0.23832	0.01321	0.01191	0.01612	0.01935	0.33445	0.02054	0.01079	0.00739	0.02071	0.02625	0.01018	0.00382	0.00631
31	0.01168	0.07121	0.72952	0.01595	0.02421	0.01379	0.02052	0.01806	0.01205	0.01786	0.01014	0.01192	0.00725	0.00541	0.00534	0.00178	0.00833	0.00416	0.00242	0.00839
32	0.01416	0.01359	0.02322	0.03511	0.76330	0.01359	0.01755	0.01755	0.01302	0.01869	0.01076	0.01416	0.00906	0.00510	0.00566	0.00170	0.00680	0.00510	0.00283	0.00906
33	0.01299	0.13030	0.60252	0.01515	0.02272	0.04062	0.01865	0.04563	0.01280	0.03344	0.01030	0.01185	0.00750	0.00547	0.00521	0.00172	0.00805	0.00412	0.00266	0.00832
34	0.00818	0.00609	0.00899	0.00899	0.00995	0.00704	0.00690	0.01009	0.00913	0.01313	0.01550	0.02347	0.01473	0.09355	0.72626	0.00895	0.01467	0.00628	0.00309	0.00500
35	0.00832	0.00555	0.00624	0.00624	0.00624	0.00555	0.00347	0.00832	0.00832	0.01109	0.01802	0.03743	0.02080	0.79898	0.02911	0.00555	0.00555	0.00832	0.00347	0.00347
36	0.01529	0.80242	0.02997	0.00979	0.01468	0.02263	0.00979	0.01713	0.01162	0.01346	0.00795	0.00918	0.00734	0.00489	0.00367	0.00122	0.00612	0.00306	0.00245	0.00734
37	0.01581	0.01341	0.04703	0.05186	0.10693	0.01338	0.15008	0.10653	0.25212	0.11264	0.01770	0.01996	0.01352	0.00696	0.00605	0.00189	0.00634	0.04444	0.00475	0.00861
38	0.01243	0.01240	0.01750	0.05250	0.01620	0.01729	0.01268	0.01381	0.00889	0.01381	0.00764	0.01265	0.00751	0.00980	0.01814	0.00247	0.75051	0.00501	0.00250	0.00626
39	0.00832	0.00555	0.00624	0.00624	0.00624	0.00555	0.00347	0.00832	0.00832	0.01109	0.01802	0.03743	0.02080	0.79898	0.02911	0.00555	0.00555	0.00832	0.00347	0.00347
40	0.83938	0.01106	0.00841	0.00752	0.01106	0.01283	0.00619	0.01681	0.00973	0.02566	0.00796	0.00929	0.00619	0.00531	0.00354	0.00177	0.00442	0.00310	0.00354	0.00619
41	0.01186	0.01017	0.01186	0.00847	0.01356	0.00762	0.00678	0.01440	0.01186	0.01864	0.01017	0.01186	0.00847	0.00424	0.00424	0.00085	0.00424	0.00339	0.00339	0.83395
42	0.00832	0.00555	0.00624	0.00624	0.00624	0.00555	0.00347	0.00832	0.00832	0.01109	0.01802	0.03743	0.02080	0.79898	0.02911	0.00555	0.00555	0.00832	0.00347	0.00347
43	0.00831	0.00557	0.00638	0.00638	0.00643	0.00562	0.00365	0.00841	0.00836	0.01120	0.01789	0.03670	0.02048	0.76219	0.06548	0.00572	0.00602	0.00821	0.00345	0.00355
44	0.01080	0.01017	0.01716	0.78523	0.03940	0.01271	0.01589	0.01461	0.01144	0.01461	0.01017	0.01525	0.00762	0.00572	0.00572	0.00191	0.00762	0.00508	0.00254	0.00635
45	0.01397	0.01201	0.01271	0.01145	0.01461	0.01385	0.00890	0.02956	0.72174	0.02389	0.05452	0.02225	0.01901	0.00793	0.00586	0.00193	0.00445	0.00663	0.00584	0.00890
46	0.01199	0.02704	0.67536	0.01546	0.02323	0.01276	0.01944	0.01863	0.04027	0.04865	0.04590	0.01414	0.01007	0.00588	0.00552	0.00181	0.00790	0.00465	0.00291	0.00839
47	0.01350	0.01543	0.03375	0.02411	0.02989	0.01446	0.74253	0.01832	0.01350	0.01832	0.01157	0.01543	0.00868	0.00482	0.00675	0.00193	0.00964	0.00675	0.00289	0.00771
48	0.00707	0.00505	0.00675	0.00808	0.00846	0.00473	0.00549	0.00814	0.01105	0.01472	0.03147	0.76220	0.03761	0.01782	0.00733	0.00234	0.00341	0.04831	0.00531	0.00467
49	0.00676	0.00579	0.00579	0.00579	0.00773	0.00483	0.00435	0.00821	0.01304	0.01545	0.05794	0.05505	0.76098	0.01449	0.00676	0.00193	0.00290	0.01207	0.00531	0.00483
50	0.00676	0.00579	0.00579	0.00579	0.00773	0.00483	0.00435	0.00821	0.01304	0.01545	0.05794	0.05505	0.76098	0.01449	0.00676	0.00193	0.00290	0.01207	0.00531	0.00483

[dist]
# distance from previous block
# <min> <max>
0	1

[block]
# block no. 4 follows, 41 sequences, length 13
# corresponding to MSA columns:
# 466-478
name=unknown_E
#
# <colnr> <probs for GDERKNQSTAVLIFYWHMCP>
#	G	D	E	R	K	N	Q	S	T	A	V	L	I	F	Y	W	H	M	C	P
0	0.01297	0.01247	0.01982	0.25549	0.02652	0.01382	0.20767	0.02225	0.32433	0.01953	0.01607	0.01786	0.01205	0.00634	0.00604	0.00193	0.00686	0.00611	0.00402	0.00786
1	0.02137	0.01089	0.01329	0.01082	0.01481	0.01086	0.00873	0.05468	0.28433	0.47080	0.02251	0.01994	0.01520	0.00732	0.00578	0.00183	0.00480	0.00599	0.00657	0.00949
2	0.01186	0.01017	0.01186	0.00847	0.01356	0.00762	0.00678	0.01440	0.01186	0.01864	0.01017	0.01186	0.00847	0.00424	0.00424	0.00085	0.00424	0.00339	0.00339	0.83395
3	0.01193	0.04976	0.01326	0.01135	0.01249	0.13501	0.02858	0.01274	0.01095	0.01369	0.01848	0.19228	0.08745	0.01264	0.01231	0.12765	0.23269	0.00794	0.00348	0.00534
4	0.03542	0.01215	0.01253	0.01124	0.01429	0.04866	0.00885	0.08033	0.50113	0.04569	0.09422	0.02489	0.02064	0.00845	0.00595	0.00192	0.00481	0.05483	0.00567	0.00833
5	0.03922	0.16319	0.13268	0.03461	0.03576	0.08254	0.05027	0.18069	0.01567	0.06228	0.01246	0.06510	0.01044	0.00680	0.00601	0.00169	0.04996	0.00522	0.00378	0.04165
6	0.01352	0.01494	0.12940	0.05568	0.20080	0.06260	0.01257	0.05278	0.07023	0.04250	0.11292	0.01773	0.01537	0.00630	0.00548	0.00158	0.00601	0.00537	0.00383	0.17039
7	0.15664	0.03638	0.06557	0.01267	0.01430	0.01523	0.01094	0.01555	0.06712	0.01676	0.00990	0.01421	0.00901	0.04927	0.04983	0.00271	0.43957	0.00489	0.00301	0.00645
8	0.13635	0.01008	0.00991	0.00923	0.01196	0.03224	0.00719	0.01970	0.32679	0.02069	0.03017	0.06859	0.21444	0.00995	0.00585	0.00192	0.00421	0.04552	0.00514	0.03008
9	0.00820	0.00602	0.00865	0.00865	0.00948	0.00685	0.00647	0.00986	0.00903	0.01287	0.01582	0.02524	0.01550	0.18267	0.63818	0.00852	0.01351	0.00653	0.00314	0.00480
10	0.01704	0.07095	0.15268	0.01623	0.02155	0.01649	0.18993	0.35497	0.01910	0.02595	0.01189	0.01349	0.00877	0.00615	0.00647	0.00179	0.04858	0.00523	0.00407	0.00868
11	0.01222	0.01049	0.01202	0.00895	0.01375	0.00862	0.00712	0.01682	0.12376	0.01944	0.01215	0.01329	0.00983	0.00477	0.00448	0.00101	0.00428	0.00385	0.00376	0.70939
12	0.00796	0.00608	0.00868	0.00868	0.00984	0.00680	0.00673	0.00991	0.00977	0.01361	0.02176	0.02739	0.12704	0.03861	0.66012	0.00810	0.01345	0.00703	0.00340	0.00506

[dist]
# distance from previous block
# <min> <max>
0	1

[block]
# block no. 5 follows, 41 sequences, length 94
# corresponding to MSA columns:
# 480-573
name=unknown_F
#
# <colnr> <probs for GDERKNQSTAVLIFYWHMCP>
#	G	D	E	R	K	N	Q	S	T	A	V	L	I	F	Y	W	H	M	C	P
0	0.16195	0.01462	0.01519	0.01195	0.01625	0.01621	0.00983	0.53722	0.07187	0.06855	0.01380	0.01375	0.00985	0.00667	0.00535	0.00174	0.00579	0.00491	0.00542	0.00908
1	0.83169	0.01123	0.01548	0.00760	0.01119	0.01284	0.00633	0.01683	0.00976	0.02559	0.00799	0.00932	0.00620	0.00531	0.00356	0.00177	0.00446	0.00311	0.00353	0.00622
2	0.02136	0.08690	0.01570	0.01085	0.01534	0.01254	0.00906	0.21228	0.07342	0.37118	0.01763	0.01634	0.01201	0.00657	0.00539	0.00162	0.00527	0.00515	0.00581	0.09559
3	0.01546	0.67511	0.02720	0.00999	0.01460	0.06144	0.00960	0.05423	0.01273	0.01476	0.01117	0.01210	0.05073	0.00560	0.00403	0.00130	0.00616	0.00372	0.00281	0.00728
4	0.00795	0.00584	0.00744	0.00704	0.00846	0.00534	0.00528	0.01051	0.01585	0.02212	0.68393	0.04407	0.13083	0.01200	0.00675	0.00181	0.00272	0.01053	0.00619	0.00534
5	0.01204	0.01031	0.01195	0.00867	0.01365	0.00803	0.00692	0.01941	0.05137	0.01902	0.01088	0.01238	0.00896	0.00444	0.00433	0.00091	0.00426	0.00356	0.00353	0.78537
6	0.00832	0.00555	0.00624	0.00624	0.00624	0.00555	0.00347	0.00832	0.00832	0.01109	0.01802	0.03743	0.02080	0.79898	0.02911	0.00555	0.00555	0.00832	0.00347	0.00347
7	0.76221	0.01144	0.00945	0.00886	0.03901	0.01314	0.00688	0.05860	0.01084	0.02600	0.00840	0.00973	0.00650	0.00539	0.00374	0.00176	0.00462	0.00329	0.00364	0.00650
8	0.01330	0.01044	0.01223	0.00883	0.01384	0.00820	0.00710	0.05276	0.01294	0.06996	0.01118	0.01247	0.00892	0.00456	0.00441	0.00095	0.00438	0.00364	0.00376	0.73614
9	0.01119	0.00915	0.01061	0.00798	0.01229	0.00704	0.00632	0.01353	0.01243	0.04158	0.05754	0.02137	0.14490	0.00653	0.00486	0.00112	0.00394	0.00536	0.00399	0.61825
10	0.00697	0.00498	0.00664	0.00796	0.00830	0.00465	0.00531	0.00796	0.01095	0.01460	0.03153	0.79525	0.03783	0.01792	0.00730	0.00232	0.00332	0.01626	0.00531	0.00465
11	0.06134	0.39395	0.02162	0.03475	0.01572	0.21520	0.00971	0.01980	0.04094	0.09227	0.01070	0.01222	0.00887	0.03463	0.00534	0.00158	0.00695	0.00388	0.00328	0.00723
12	0.01055	0.00953	0.01458	0.03480	0.37099	0.00923	0.01102	0.01293	0.01274	0.01710	0.06740	0.10936	0.24003	0.04579	0.00729	0.00202	0.00501	0.00876	0.00404	0.00684
13	0.13380	0.22344	0.23410	0.01395	0.01960	0.05081	0.12208	0.06030	0.04413	0.03303	0.01044	0.01196	0.00804	0.00542	0.00493	0.00165	0.00717	0.00429	0.00310	0.00777
14	0.00682	0.00571	0.00594	0.00607	0.00781	0.00482	0.00448	0.00825	0.01290	0.01556	0.07396	0.13518	0.66335	0.01478	0.00682	0.00197	0.00294	0.01248	0.00534	0.00482
15	0.00697	0.00498	0.00664	0.00796	0.00830	0.00465	0.00531	0.00796	0.01095	0.01460	0.03153	0.79525	0.03783	0.01792	0.00730	0.00232	0.00332	0.01626	0.00531	0.00465
16	0.01297	0.01214	0.01693	0.01449	0.01469	0.01668	0.01201	0.01422	0.00909	0.04803	0.00856	0.01371	0.00828	0.03763	0.01854	0.00258	0.72524	0.00516	0.00275	0.00632
17	0.01353	0.01535	0.03331	0.02457	0.06076	0.01443	0.71202	0.01829	0.01348	0.01834	0.01154	0.01538	0.00869	0.00483	0.00670	0.00192	0.00952	0.00668	0.00289	0.00777
18	0.00909	0.00656	0.00835	0.00786	0.00929	0.00598	0.00583	0.01149	0.01671	0.02371	0.74998	0.04357	0.05418	0.01223	0.00713	0.00197	0.00305	0.01056	0.00657	0.00590
19	0.00798	0.00571	0.00735	0.00862	0.00904	0.00524	0.00574	0.00871	0.01155	0.01549	0.03215	0.78481	0.03828	0.01836	0.00767	0.00249	0.00366	0.01639	0.00560	0.00516
20	0.01600	0.75596	0.06406	0.01071	0.01579	0.02254	0.01067	0.01778	0.01223	0.01458	0.00903	0.01065	0.00825	0.00555	0.00418	0.00143	0.00653	0.00344	0.00278	0.00786
21	0.00798	0.00571	0.00735	0.00862	0.00904	0.00524	0.00574	0.00871	0.01155	0.01549	0.03215	0.78481	0.03828	0.01836	0.00767	0.00249	0.00366	0.01639	0.00560	0.00516
22	0.01441	0.01600	0.03406	0.02452	0.03031	0.01492	0.73191	0.01891	0.01406	0.01916	0.01249	0.01668	0.00957	0.00546	0.00713	0.00210	0.00989	0.00702	0.00322	0.00818
23	0.01238	0.06032	0.01192	0.01027	0.01272	0.04590	0.00778	0.02010	0.34601	0.01976	0.03114	0.20532	0.16859	0.01175	0.00657	0.00213	0.00462	0.00975	0.00554	0.00744
24	0.06047	0.03799	0.12517	0.01230	0.01738	0.01062	0.04963	0.02556	0.01566	0.55117	0.01983	0.01859	0.01310	0.00718	0.00599	0.00194	0.00598	0.00567	0.00614	0.00964
25	0.00790	0.00650	0.00671	0.00666	0.00857	0.00547	0.00491	0.00917	0.01384	0.01699	0.12127	0.07294	0.66848	0.01481	0.00715	0.00210	0.00324	0.01221	0.00569	0.00538
26	0.03134	0.02892	0.72188	0.01640	0.02453	0.01354	0.02059	0.01849	0.01271	0.01925	0.03013	0.01409	0.00931	0.00622	0.00582	0.00198	0.00848	0.00467	0.00287	0.00878
27	0.06411	0.03856	0.01664	0.01437	0.01768	0.55079	0.01099	0.12222	0.01763	0.05859	0.01112	0.01257	0.00890	0.00675	0.00585	0.00173	0.02563	0.00430	0.00389	0.00769
28	0.00784	0.00626	0.00678	0.00715	0.00866	0.00537	0.00509	0.00887	0.01296	0.01607	0.04998	0.28519	0.52639	0.01604	0.00731	0.00222	0.00338	0.01356	0.00560	0.00528
29	0.01405	0.01147	0.01277	0.01218	0.04817	0.01248	0.00892	0.03937	0.50349	0.04283	0.15519	0.02769	0.06672	0.00928	0.00642	0.00206	0.00458	0.00764	0.00605	0.00864
30	0.02639	0.01039	0.01389	0.01080	0.01525	0.00895	0.00879	0.02832	0.01689	0.75687	0.02332	0.02066	0.01497	0.00768	0.00615	0.00194	0.00519	0.00604	0.00734	0.01017
31	0.01808	0.01578	0.08612	0.01287	0.01687	0.03395	0.01091	0.41869	0.12171	0.02850	0.01638	0.03690	0.01330	0.07854	0.06121	0.00278	0.00714	0.00611	0.00525	0.00890
32	0.00972	0.00735	0.01033	0.01007	0.01116	0.00841	0.00776	0.02425	0.01015	0.01476	0.01585	0.02324	0.01480	0.05871	0.67065	0.00846	0.05930	0.00636	0.02294	0.00572
33	0.05475	0.10155	0.08139	0.01581	0.06111	0.55212	0.01229	0.02185	0.01548	0.01595	0.00991	0.01186	0.00831	0.00631	0.00540	0.00168	0.00954	0.00404	0.00320	0.00746
34	0.16733	0.02417	0.01629	0.01449	0.01774	0.59017	0.04806	0.02205	0.01544	0.01720	0.00979	0.01172	0.00814	0.00636	0.00536	0.00173	0.00947	0.00406	0.00337	0.00709
35	0.01283	0.02720	0.62070	0.01895	0.06993	0.01392	0.11277	0.01870	0.01289	0.01902	0.01140	0.01393	0.00845	0.00596	0.00602	0.00199	0.00877	0.00491	0.00283	0.00885
36	0.01683	0.01544	0.01440	0.01283	0.01618	0.12715	0.00988	0.09142	0.57117	0.02427	0.02107	0.02022	0.01606	0.00800	0.00611	0.00202	0.00586	0.00622	0.00567	0.00920
37	0.00899	0.00656	0.00821	0.00776	0.00923	0.00594	0.00575	0.01130	0.01648	0.02315	0.69785	0.04448	0.10666	0.01244	0.00713	0.00198	0.00307	0.01069	0.00650	0.00585
38	0.01404	0.01178	0.01301	0.04452	0.01592	0.01323	0.00962	0.02680	0.58313	0.02303	0.02472	0.05245	0.02063	0.00973	0.00655	0.00222	0.00505	0.10896	0.00587	0.00871
39	0.00802	0.00573	0.00734	0.00857	0.00898	0.00527	0.00568	0.00872	0.01147	0.01539	0.03173	0.76124	0.03775	0.04266	0.00835	0.00259	0.00373	0.01614	0.00554	0.00512
40	0.03336	0.01609	0.09750	0.10628	0.26487	0.01430	0.33942	0.01822	0.01347	0.01904	0.01188	0.01580	0.00939	0.00571	0.00648	0.00201	0.00854	0.00600	0.00313	0.00850
41	0.01618	0.79120	0.03034	0.01041	0.01533	0.02296	0.01015	0.01773	0.01221	0.01437	0.00893	0.01052	0.00825	0.00553	0.00410	0.00140	0.00642	0.00339	0.00278	0.00781
42	0.00782	0.00651	0.00659	0.00653	0.00851	0.00545	0.00483	0.00904	0.01372	0.01661	0.08457	0.05524	0.72402	0.01487	0.00714	0.00210	0.00324	0.01220	0.00564	0.00536
43	0.01161	0.00606	0.00607	0.00603	0.00743	0.00592	0.00445	0.01399	0.01258	0.02212	0.01947	0.02249	0.01546	0.00727	0.00442	0.00151	0.00302	0.00563	0.81865	0.00583
44	0.00828	0.00594	0.00763	0.00841	0.00911	0.00545	0.00576	0.00947	0.01297	0.01776	0.23040	0.58009	0.04267	0.01667	0.00752	0.00234	0.00349	0.01478	0.00587	0.00536
45	0.02525	0.01094	0.01404	0.01096	0.01534	0.00985	0.00891	0.10681	0.01793	0.64774	0.02367	0.02136	0.04254	0.00794	0.00618	0.00194	0.00527	0.00621	0.00713	0.00998
46	0.01280	0.01082	0.01250	0.00912	0.01422	0.00818	0.00719	0.01505	0.01244	0.01947	0.01111	0.01317	0.00936	0.00488	0.00465	0.00103	0.00457	0.00371	0.00371	0.82203
47	0.00798	0.00571	0.00735	0.00862	0.00904	0.00524	0.00574	0.00871	0.01155	0.01549	0.03215	0.78481	0.03828	0.01836	0.00767	0.00249	0.00366	0.01639	0.00560	0.00516
48	0.02378	0.01457	0.01648	0.01278	0.01734	0.01515	0.01043	0.50469	0.02388	0.27062	0.01745	0.01685	0.01202	0.00754	0.00613	0.00191	0.00614	0.00564	0.00644	0.01016
49	0.01280	0.01082	0.01250	0.00912	0.01422	0.00818	0.00719	0.01505	0.01244	0.01947	0.01111	0.01317	0.00936	0.00488	0.00465	0.00103	0.00457	0.00371	0.00371	0.82203
50	0.00916	0.00684	0.00987	0.00983	0.01093	0.00771	0.00755	0.01092	0.00982	0.01419	0.01619	0.02362	0.01510	0.04297	0.76516	0.00925	0.01548	0.00641	0.00339	0.00561
51	0.02216	0.02766	0.01678	0.01529	0.01829	0.76505	0.01140	0.02336	0.01673	0.01490	0.00980	0.01164	0.00828	0.00652	0.00556	0.00165	0.01055	0.00400	0.00327	0.00711
52	0.01712	0.13662	0.02159	0.02193	0.29339	0.21730	0.04151	0.02159	0.13372	0.01832	0.01281	0.01487	0.01058	0.00633	0.00569	0.00179	0.00766	0.00500	0.00362	0.00855
53	0.02167	0.02685	0.01685	0.01530	0.01814	0.72335	0.01148	0.02286	0.01632	0.01489	0.00973	0.01176	0.00828	0.00674	0.00631	0.00171	0.05333	0.00408	0.00325	0.00709
54	0.01161	0.00606	0.00607	0.00603	0.00743	0.00592	0.00445	0.01399	0.01258	0.02212	0.01947	0.02249	0.01546	0.00727	0.00442	0.00151	0.00302	0.00563	0.81865	0.00583
55	0.01513	0.01291	0.01355	0.01224	0.01552	0.01468	0.00943	0.03080	0.74244	0.02468	0.02403	0.02250	0.01822	0.00835	0.00621	0.00211	0.00485	0.00674	0.00610	0.00950
56	0.00787	0.00652	0.00666	0.00659	0.00854	0.00547	0.00487	0.00914	0.01383	0.01688	0.10980	0.05480	0.69862	0.01477	0.00714	0.00209	0.00323	0.01214	0.00567	0.00538
57	0.00875	0.00623	0.00811	0.00928	0.00998	0.00589	0.00680	0.00991	0.01204	0.01602	0.03084	0.51118	0.03562	0.07151	0.00936	0.00280	0.00441	0.23056	0.00546	0.00526
58	0.02253	0.01659	0.01772	0.01374	0.01834	0.01814	0.01122	0.73393	0.02725	0.03662	0.01462	0.01501	0.01060	0.00747	0.00612	0.00189	0.00659	0.00545	0.00601	0.01016
59	0.00904	0.00653	0.00830	0.00790	0.00928	0.00595	0.00582	0.01137	0.01649	0.02335	0.71931	0.07524	0.05350	0.01249	0.00715	0.00199	0.00308	0.01081	0.00653	0.00587
60	0.00798	0.00571	0.00735	0.00862	0.00904	0.00524	0.00574	0.00871	0.01155	0.01549	0.03215	0.78481	0.03828	0.01836	0.00767	0.00249	0.00366	0.01639	0.00560	0.00516
61	0.02216	0.02766	0.01678	0.01529	0.01829	0.76505	0.01140	0.02336	0.01673	0.01490	0.00980	0.01164	0.00828	0.00652	0.00556	0.00165	0.01055	0.00400	0.00327	0.00711
62	0.00917	0.00682	0.00975	0.00970	0.01076	0.00764	0.00740	0.01084	0.00978	0.01410	0.01630	0.02425	0.01538	0.07478	0.73371	0.00910	0.01507	0.00650	0.00340	0.00554
63	0.00930	0.00629	0.00706	0.00702	0.00715	0.00619	0.00405	0.00912	0.00899	0.01211	0.01875	0.03783	0.02127	0.76112	0.05544	0.00579	0.00620	0.00849	0.00377	0.00405
64	0.01441	0.01600	0.03406	0.02452	0.03031	0.01492	0.73191	0.01891	0.01406	0.01916	0.01249	0.01668	0.00957	0.00546	0.00713	0.00210	0.00989	0.00702	0.00322	0.00818
65	0.02216	0.02766	0.01678	0.01529	0.01829	0.76505	0.01140	0.02336	0.01673	0.01490	0.00980	0.01164	0.00828	0.00652	0.00556	0.00165	0.01055	0.00400	0.00327	0.00711
66	0.02253	0.01659	0.01772	0.01374	0.01834	0.01814	0.01122	0.73393	0.02725	0.03662	0.01462	0.01501	0.01060	0.00747	0.00612	0.00189	0.00659	0.00545	0.00601	0.01016
67	0.01309	0.01259	0.01726	0.01496	0.01509	0.01701	0.01224	0.01405	0.00938	0.01453	0.00924	0.01530	0.00926	0.04771	0.04609	0.00304	0.71419	0.00549	0.00290	0.00658
68	0.02214	0.08216	0.06124	0.01307	0.01789	0.01652	0.01125	0.49528	0.02312	0.17248	0.01561	0.01562	0.01110	0.00727	0.00594	0.00186	0.00643	0.00533	0.00580	0.00989
69	0.01097	0.00759	0.01046	0.00952	0.01143	0.00703	0.04582	0.01373	0.03325	0.07926	0.53374	0.05653	0.04501	0.01204	0.00718	0.00209	0.00395	0.09770	0.00629	0.00641
70	0.00798	0.00571	0.00735	0.00862	0.00904	0.00524	0.00574	0.00871	0.01155	0.01549	0.03215	0.78481	0.03828	0.01836	0.00767	0.00249	0.00366	0.01639	0.00560	0.00516
71	0.01667	0.72859	0.02923	0.01081	0.01557	0.08381	0.01025	0.01819	0.01258	0.01441	0.00900	0.01061	0.00825	0.00561	0.00422	0.00142	0.00676	0.00344	0.00282	0.00775
72	0.01383	0.01351	0.01804	0.01552	0.01578	0.03326	0.01277	0.03155	0.00996	0.01519	0.00866	0.01379	0.00846	0.01041	0.01839	0.00262	0.74321	0.00528	0.00292	0.00683
73	0.01548	0.01707	0.15404	0.02236	0.25346	0.01434	0.13167	0.17139	0.03931	0.02292	0.02873	0.01733	0.02860	0.00849	0.04580	0.00233	0.00793	0.00588	0.00393	0.00895
74	0.01095	0.00877	0.01223	0.04653	0.16376	0.00834	0.02254	0.01342	0.03136	0.04249	0.26166	0.03874	0.20993	0.05637	0.00816	0.00225	0.00467	0.04595	0.00521	0.00668
75	0.72058	0.01265	0.03217	0.01013	0.01407	0.01349	0.08286	0.01761	0.01080	0.02543	0.00937	0.01134	0.00741	0.00589	0.00435	0.00196	0.00540	0.00383	0.00376	0.00690
76	0.01618	0.79120	0.03034	0.01041	0.01533	0.02296	0.01015	0.01773	0.01221	0.01437	0.00893	0.01052	0.00825	0.00553	0.00410	0.00140	0.00642	0.00339	0.00278	0.00781
77	0.04981	0.51261	0.16876	0.01137	0.01649	0.01882	0.01170	0.01751	0.01210	0.03909	0.01064	0.01341	0.00937	0.04939	0.03488	0.00209	0.00707	0.00409	0.00304	0.00776
78	0.00931	0.00627	0.00696	0.00692	0.00701	0.00613	0.00392	0.00905	0.00895	0.01204	0.01885	0.03835	0.02150	0.78771	0.02916	0.00566	0.00586	0.00857	0.00378	0.00399
79	0.00927	0.00643	0.00777	0.00773	0.00810	0.00657	0.00493	0.00957	0.00919	0.01263	0.01811	0.03427	0.01973	0.58120	0.23324	0.00666	0.00853	0.00797	0.00367	0.00444
80	0.00920	0.00680	0.00839	0.00800	0.00949	0.00629	0.00591	0.01201	0.04899	0.02271	0.62299	0.08673	0.10431	0.01262	0.00712	0.00202	0.00318	0.01086	0.00642	0.00597
81	0.00943	0.00735	0.03013	0.00984	0.01103	0.00765	0.00770	0.01084	0.00971	0.01397	0.01549	0.02281	0.01446	0.03955	0.66564	0.09521	0.01422	0.00624	0.00331	0.00543
82	0.02559	0.05357	0.01495	0.01104	0.01543	0.05377	0.00902	0.02746	0.01662	0.67353	0.02176	0.01959	0.01421	0.00750	0.00600	0.00190	0.00557	0.00578	0.00686	0.00986
83	0.01618	0.79120	0.03034	0.01041	0.01533	0.02296	0.01015	0.01773	0.01221	0.01437	0.00893	0.01052	0.00825	0.00553	0.00410	0.00140	0.00642	0.00339	0.00278	0.00781
