[name]
unknown

[dist]
# distance from previous block
# <min> <max>
0	30

[block]
# block no. 0 follows, 37 sequences, length 28
# corresponding to MSA columns:
# 30-57
name=unknown_A
#
# <colnr> <probs for GDERKNQSTAVLIFYWHMCP>
#	G	D	E	R	K	N	Q	S	T	A	V	L	I	F	Y	W	H	M	C	P
0	0.00999	0.00722	0.00999	0.01117	0.01276	0.00710	0.00975	0.01280	0.01403	0.01839	0.03145	0.06653	0.03406	0.01636	0.00828	0.00273	0.00559	0.67418	0.00555	0.04207
1	0.49241	0.01075	0.01027	0.00869	0.01252	0.01141	0.00712	0.02128	0.01288	0.25207	0.01460	0.01470	0.01024	0.00643	0.00458	0.00184	0.00468	0.00445	0.09138	0.00771
2	0.01663	0.01385	0.01463	0.01274	0.01645	0.01588	0.01003	0.15340	0.61248	0.02787	0.02313	0.02142	0.01724	0.00814	0.00621	0.00203	0.00517	0.00668	0.00621	0.00981
3	0.01520	0.01204	0.06087	0.01007	0.01534	0.00891	0.00861	0.01876	0.04708	0.14939	0.01474	0.04344	0.01168	0.00588	0.00511	0.00126	0.00492	0.00480	0.00446	0.55743
4	0.02059	0.02478	0.01790	0.01632	0.03707	0.54438	0.01234	0.05346	0.01601	0.01611	0.00943	0.01183	0.00808	0.00730	0.00877	0.00184	0.17902	0.00436	0.00318	0.00722
5	0.01637	0.78856	0.03208	0.01047	0.01571	0.02422	0.01047	0.01833	0.01244	0.01440	0.00851	0.00982	0.00786	0.00524	0.00393	0.00131	0.00655	0.00327	0.00262	0.00786
6	0.01261	0.01319	0.02630	0.30676	0.03340	0.01365	0.37947	0.01693	0.01332	0.01768	0.01408	0.09748	0.01217	0.00701	0.00687	0.00210	0.00878	0.00763	0.00323	0.00735
7	0.02746	0.01042	0.01421	0.01089	0.01563	0.00900	0.00900	0.02983	0.01752	0.75093	0.02415	0.02083	0.01515	0.00758	0.00616	0.00189	0.00521	0.00616	0.00758	0.01042
8	0.00866	0.00626	0.00818	0.00770	0.00914	0.00578	0.00578	0.01155	0.01733	0.02455	0.74346	0.04572	0.05776	0.01251	0.00722	0.00193	0.00289	0.01107	0.00674	0.00578
9	0.00746	0.00533	0.00710	0.00852	0.00888	0.00497	0.00568	0.00852	0.01172	0.01563	0.03374	0.78088	0.04049	0.01918	0.00781	0.00249	0.00355	0.01740	0.00568	0.00497
10	0.01411	0.01573	0.03287	0.08394	0.03111	0.01568	0.59283	0.01878	0.01373	0.01878	0.01180	0.01617	0.00907	0.00583	0.00850	0.00213	0.09108	0.00688	0.00302	0.00797
11	0.02688	0.01055	0.01419	0.01097	0.01564	0.00929	0.00903	0.02996	0.05157	0.71654	0.02419	0.02093	0.01532	0.00761	0.00616	0.00190	0.00519	0.00619	0.00751	0.01038
12	0.00723	0.00620	0.00620	0.00620	0.00827	0.00517	0.00465	0.00878	0.01395	0.01654	0.06201	0.05891	0.74421	0.01550	0.00723	0.00207	0.00310	0.01292	0.00568	0.00517
13	0.00885	0.00591	0.00669	0.00674	0.00675	0.00590	0.00378	0.00889	0.00900	0.01200	0.01977	0.06499	0.02287	0.75910	0.03037	0.00582	0.00585	0.00919	0.00378	0.00375
14	0.02227	0.02744	0.01750	0.01569	0.01874	0.66868	0.01192	0.06498	0.01750	0.01635	0.00968	0.01141	0.00804	0.00665	0.00650	0.00166	0.06029	0.00413	0.00330	0.00726
15	0.01269	0.01088	0.01269	0.00907	0.01451	0.00816	0.00725	0.01541	0.01269	0.01995	0.01088	0.01269	0.00907	0.00453	0.00453	0.00091	0.00453	0.00363	0.00363	0.82229
16	0.07057	0.42116	0.02399	0.01191	0.01632	0.17664	0.01044	0.05537	0.12674	0.01826	0.01156	0.01234	0.00959	0.00607	0.00472	0.00155	0.00712	0.00409	0.00354	0.00802
17	0.01618	0.01356	0.01415	0.01233	0.01583	0.03467	0.00968	0.15475	0.51340	0.02754	0.09885	0.02349	0.02105	0.00853	0.00630	0.00200	0.00514	0.00703	0.00618	0.00933
18	0.01269	0.01088	0.01269	0.00907	0.01451	0.00816	0.00725	0.01541	0.01269	0.01995	0.01088	0.01269	0.00907	0.00453	0.00453	0.00091	0.00453	0.00363	0.00363	0.82229
19	0.00862	0.00590	0.00668	0.00682	0.00702	0.00578	0.00398	0.00885	0.00959	0.01262	0.02419	0.11458	0.08291	0.64671	0.02691	0.00528	0.00547	0.01007	0.00406	0.00395
20	0.82811	0.01184	0.00900	0.00805	0.01184	0.01373	0.00663	0.01799	0.01042	0.02746	0.00852	0.00994	0.00663	0.00568	0.00379	0.00189	0.00474	0.00331	0.00379	0.00663
21	0.01705	0.70804	0.03051	0.01104	0.01605	0.10226	0.01062	0.01898	0.01296	0.01446	0.00861	0.00995	0.00786	0.00535	0.00410	0.00134	0.00702	0.00334	0.00268	0.00777
22	0.00869	0.00670	0.00779	0.00760	0.00915	0.00632	0.00553	0.01191	0.07465	0.02008	0.33819	0.10891	0.26007	0.09553	0.00973	0.00245	0.00349	0.01159	0.00596	0.00563
23	0.01274	0.09159	0.01307	0.00908	0.01252	0.00960	0.00728	0.04439	0.04784	0.06697	0.29615	0.04802	0.02983	0.02910	0.00654	0.00167	0.00427	0.00736	0.00524	0.25674
24	0.68154	0.04027	0.08889	0.00924	0.01368	0.01395	0.00855	0.01863	0.01104	0.05553	0.00942	0.01070	0.00714	0.00576	0.00410	0.00188	0.00527	0.00356	0.00377	0.00708
25	0.00862	0.00682	0.01045	0.01041	0.01150	0.00644	0.08197	0.02563	0.01247	0.01670	0.05017	0.64324	0.03651	0.03740	0.00831	0.00250	0.00438	0.01566	0.00539	0.00543
26	0.01851	0.53993	0.02731	0.01213	0.01676	0.23026	0.01091	0.05291	0.01457	0.01569	0.00906	0.01039	0.00798	0.00564	0.00448	0.00141	0.00781	0.00356	0.00293	0.00776
27	0.01046	0.00971	0.04876	0.01238	0.01485	0.00853	0.13067	0.05861	0.01461	0.01995	0.15742	0.34857	0.03362	0.01361	0.00738	0.00224	0.00526	0.07317	0.00526	0.02494

[dist]
# distance from previous block
# <min> <max>
7	15

[block]
# block no. 1 follows, 37 sequences, length 17
# corresponding to MSA columns:
# 77-93
name=unknown_B
#
# <colnr> <probs for GDERKNQSTAVLIFYWHMCP>
#	G	D	E	R	K	N	Q	S	T	A	V	L	I	F	Y	W	H	M	C	P
0	0.04705	0.67630	0.07831	0.01107	0.01642	0.05495	0.01119	0.01865	0.01261	0.01525	0.00872	0.01008	0.00780	0.00534	0.00412	0.00138	0.00684	0.00339	0.00268	0.00786
1	0.26058	0.05877	0.19165	0.10716	0.02130	0.01490	0.02714	0.14095	0.01524	0.09126	0.01197	0.01339	0.00864	0.00619	0.00526	0.00189	0.00679	0.00458	0.00404	0.00832
2	0.20883	0.00877	0.01023	0.08434	0.01411	0.00896	0.00754	0.01636	0.01486	0.14778	0.30266	0.03126	0.10184	0.00969	0.00611	0.00194	0.00428	0.00799	0.00567	0.00682
3	0.00890	0.00593	0.00668	0.00668	0.00668	0.00593	0.00371	0.00890	0.00890	0.01187	0.01929	0.04006	0.02225	0.78487	0.03116	0.00593	0.00593	0.00890	0.00371	0.00371
4	0.01576	0.23015	0.01881	0.01008	0.01537	0.01381	0.00871	0.08819	0.01455	0.06865	0.01147	0.01262	0.00926	0.00521	0.00463	0.00118	0.00536	0.00388	0.00385	0.45843
5	0.09510	0.01293	0.02013	0.16482	0.02476	0.01311	0.19414	0.09002	0.04841	0.10103	0.01444	0.01812	0.01108	0.00644	0.00605	0.00186	0.00711	0.03593	0.00421	0.13030
6	0.02004	0.05998	0.28307	0.01450	0.05115	0.01235	0.01447	0.02514	0.06275	0.36748	0.01805	0.01727	0.01208	0.00677	0.00591	0.00189	0.00673	0.00543	0.00522	0.00971
7	0.01088	0.01083	0.02078	0.08678	0.02205	0.01040	0.32165	0.01407	0.01319	0.01746	0.02507	0.30258	0.09409	0.01145	0.00734	0.00222	0.00690	0.01138	0.00427	0.00660
8	0.00753	0.00538	0.00716	0.00848	0.00889	0.00502	0.00569	0.00869	0.01204	0.01613	0.07387	0.73931	0.04146	0.01880	0.00778	0.00245	0.00351	0.01704	0.00574	0.00502
9	0.03984	0.04870	0.34775	0.05409	0.11608	0.04682	0.08839	0.05091	0.06187	0.06886	0.01291	0.01470	0.00947	0.00606	0.00593	0.00190	0.00815	0.00516	0.00348	0.00894
10	0.01421	0.01788	0.10468	0.02469	0.03097	0.01546	0.63482	0.01944	0.01414	0.01944	0.01211	0.01607	0.00910	0.00540	0.00749	0.00207	0.03382	0.00691	0.00303	0.00828
11	0.01696	0.01108	0.01286	0.01066	0.01389	0.01154	0.00851	0.25589	0.08336	0.13197	0.27046	0.02781	0.02871	0.01042	0.02941	0.00212	0.00509	0.00770	0.05324	0.00832
12	0.01469	0.01434	0.02526	0.11667	0.59810	0.01453	0.08907	0.01852	0.01380	0.01948	0.01153	0.01541	0.00949	0.00550	0.00618	0.00187	0.00767	0.00563	0.00300	0.00923
13	0.05950	0.18784	0.12632	0.01189	0.01724	0.05346	0.01136	0.02491	0.01538	0.40714	0.01723	0.01620	0.01166	0.00664	0.00547	0.00175	0.00636	0.00503	0.00533	0.00929
14	0.00746	0.00533	0.00710	0.00852	0.00888	0.00497	0.00568	0.00852	0.01172	0.01563	0.03374	0.78088	0.04049	0.01918	0.00781	0.00249	0.00355	0.01740	0.00568	0.00497
15	0.01228	0.03166	0.75316	0.01745	0.02649	0.01422	0.02262	0.01939	0.01292	0.01939	0.01099	0.01292	0.00775	0.00582	0.00582	0.00194	0.00905	0.00452	0.00258	0.00905
16	0.00954	0.00651	0.00907	0.08507	0.01319	0.00642	0.00761	0.01127	0.01260	0.06452	0.03183	0.51689	0.06471	0.01661	0.00761	0.00243	0.00441	0.11857	0.00550	0.00562

[dist]
# distance from previous block
# <min> <max>
0	1

[block]
# block no. 2 follows, 37 sequences, length 21
# corresponding to MSA columns:
# 95-115
name=unknown_C
#
# <colnr> <probs for GDERKNQSTAVLIFYWHMCP>
#	G	D	E	R	K	N	Q	S	T	A	V	L	I	F	Y	W	H	M	C	P
0	0.78447	0.01176	0.00928	0.00820	0.01204	0.01347	0.00676	0.01864	0.01080	0.06690	0.00938	0.01054	0.00709	0.00579	0.00392	0.00189	0.00476	0.00347	0.00399	0.00684
1	0.00866	0.00626	0.00818	0.00770	0.00914	0.00578	0.00578	0.01155	0.01733	0.02455	0.74346	0.04572	0.05776	0.01251	0.00722	0.00193	0.00289	0.01107	0.00674	0.00578
2	0.01423	0.01148	0.01534	0.09349	0.15215	0.01220	0.01207	0.18687	0.05562	0.02343	0.02501	0.03706	0.10013	0.01078	0.00696	0.00219	0.00613	0.22202	0.00501	0.00782
3	0.02694	0.01125	0.01472	0.01129	0.01604	0.01023	0.00932	0.11606	0.01891	0.66273	0.02298	0.02007	0.01457	0.00755	0.00615	0.00189	0.00540	0.00608	0.00740	0.01042
4	0.02746	0.01042	0.01421	0.01089	0.01563	0.00900	0.00900	0.02983	0.01752	0.75093	0.02415	0.02083	0.01515	0.00758	0.00616	0.00189	0.00521	0.00616	0.00758	0.01042
5	0.01228	0.03166	0.75316	0.01745	0.02649	0.01422	0.02262	0.01939	0.01292	0.01939	0.01099	0.01292	0.00775	0.00582	0.00582	0.00194	0.00905	0.00452	0.00258	0.00905
6	0.02403	0.01336	0.06591	0.01201	0.01688	0.01179	0.01043	0.18050	0.06352	0.47259	0.04903	0.02003	0.01547	0.00764	0.00617	0.00190	0.00570	0.00614	0.00680	0.01010
7	0.75062	0.01372	0.07968	0.00894	0.01323	0.01378	0.00815	0.01813	0.01066	0.02670	0.00876	0.01023	0.00674	0.00569	0.00398	0.00190	0.00514	0.00343	0.00367	0.00686
8	0.01626	0.69540	0.07543	0.01123	0.01649	0.04890	0.01134	0.01851	0.01256	0.01474	0.00868	0.01015	0.00786	0.00545	0.00453	0.00139	0.02715	0.00343	0.00264	0.00787
9	0.00777	0.00555	0.00744	0.00873	0.00926	0.00522	0.00609	0.00912	0.01232	0.01648	0.08115	0.66402	0.04114	0.01852	0.00783	0.00248	0.00370	0.08233	0.00575	0.00509
10	0.04512	0.01555	0.02108	0.01690	0.06000	0.01637	0.14522	0.39139	0.02176	0.09906	0.01424	0.01532	0.01030	0.00683	0.00690	0.00188	0.04715	0.00571	0.00514	0.05409
11	0.01828	0.01247	0.01393	0.01207	0.01584	0.01367	0.00952	0.03186	0.55665	0.20638	0.02472	0.02234	0.01781	0.00812	0.00621	0.00203	0.00494	0.00673	0.00656	0.00987
12	0.02746	0.01042	0.01421	0.01089	0.01563	0.00900	0.00900	0.02983	0.01752	0.75093	0.02415	0.02083	0.01515	0.00758	0.00616	0.00189	0.00521	0.00616	0.00758	0.01042
13	0.00747	0.00544	0.00705	0.00828	0.00883	0.00501	0.00559	0.00864	0.01210	0.01598	0.05795	0.69001	0.10785	0.01863	0.00774	0.00243	0.00349	0.01678	0.00571	0.00501
14	0.01248	0.04980	0.45903	0.01801	0.02488	0.01424	0.16549	0.01804	0.01286	0.01859	0.01315	0.08654	0.01120	0.00727	0.00722	0.00205	0.06153	0.00632	0.00299	0.00829
15	0.03253	0.01123	0.01803	0.43286	0.16352	0.01339	0.01528	0.01532	0.01209	0.01662	0.01329	0.10621	0.01222	0.00810	0.00798	0.00213	0.10215	0.00680	0.00315	0.00710
16	0.00890	0.00593	0.00668	0.00668	0.00668	0.00593	0.00371	0.00890	0.00890	0.01187	0.01929	0.04006	0.02225	0.78487	0.03116	0.00593	0.00593	0.00890	0.00371	0.00371
17	0.44892	0.03859	0.01438	0.01127	0.01554	0.05682	0.03325	0.26706	0.01744	0.03001	0.01087	0.01189	0.00815	0.00627	0.00482	0.00184	0.00603	0.00425	0.00451	0.00808
18	0.07034	0.01854	0.14797	0.02361	0.05195	0.01513	0.54127	0.01944	0.01391	0.02013	0.01187	0.01544	0.00887	0.00531	0.00673	0.00202	0.00964	0.00647	0.00306	0.00831
19	0.02746	0.01042	0.01421	0.01089	0.01563	0.00900	0.00900	0.02983	0.01752	0.75093	0.02415	0.02083	0.01515	0.00758	0.00616	0.00189	0.00521	0.00616	0.00758	0.01042
20	0.00732	0.00620	0.00632	0.00629	0.00832	0.00520	0.00472	0.00895	0.01416	0.01703	0.10379	0.05810	0.70212	0.01532	0.00723	0.00206	0.00309	0.01281	0.00575	0.00520

[dist]
# distance from previous block
# <min> <max>
0	2

[block]
# block no. 3 follows, 37 sequences, length 21
# corresponding to MSA columns:
# 118-138
name=unknown_D
#
# <colnr> <probs for GDERKNQSTAVLIFYWHMCP>
#	G	D	E	R	K	N	Q	S	T	A	V	L	I	F	Y	W	H	M	C	P
0	0.00755	0.00540	0.00718	0.00846	0.00890	0.00503	0.00569	0.00875	0.01214	0.01629	0.08693	0.72579	0.04178	0.01868	0.00777	0.00244	0.00350	0.01693	0.00576	0.00503
1	0.01312	0.01105	0.01283	0.00933	0.01457	0.00866	0.00745	0.05530	0.01357	0.02085	0.01186	0.03837	0.01019	0.00518	0.00473	0.00101	0.00462	0.00419	0.00384	0.74927
2	0.04589	0.08220	0.46125	0.04309	0.02527	0.01445	0.14337	0.01835	0.01294	0.01897	0.01265	0.07087	0.01045	0.00666	0.00600	0.00196	0.00847	0.00585	0.00296	0.00834
3	0.01156	0.01088	0.01836	0.77016	0.04216	0.01360	0.01700	0.01564	0.01224	0.01564	0.01088	0.01632	0.00816	0.00612	0.00612	0.00204	0.00816	0.00544	0.00272	0.00680
4	0.02681	0.01044	0.01414	0.01081	0.01558	0.00896	0.00892	0.02920	0.01731	0.71866	0.02356	0.02048	0.01488	0.00744	0.00608	0.00185	0.00518	0.00604	0.00740	0.04626
5	0.02327	0.01715	0.01837	0.01408	0.01898	0.01898	0.01163	0.72628	0.02878	0.03858	0.01470	0.01470	0.01041	0.00735	0.00612	0.00184	0.00674	0.00551	0.00612	0.01041
6	0.07020	0.01049	0.01393	0.01074	0.01542	0.00925	0.00887	0.02920	0.01714	0.71231	0.02332	0.02025	0.01470	0.00748	0.00603	0.00189	0.00518	0.00600	0.00737	0.01022
7	0.00874	0.00656	0.00984	0.00984	0.01093	0.00765	0.00765	0.01093	0.00984	0.01421	0.01640	0.02405	0.01530	0.04591	0.76062	0.00984	0.01640	0.00656	0.00328	0.00547
8	0.02289	0.02847	0.01741	0.01567	0.01893	0.71717	0.01182	0.06527	0.01801	0.01635	0.00977	0.01125	0.00803	0.00637	0.00555	0.00159	0.01079	0.00403	0.00333	0.00729
9	0.02233	0.02828	0.01743	0.01579	0.01876	0.71845	0.01192	0.02390	0.01690	0.01497	0.00938	0.01117	0.00789	0.00656	0.00634	0.00164	0.05408	0.00402	0.00313	0.00707
10	0.01156	0.01088	0.01836	0.77016	0.04216	0.01360	0.01700	0.01564	0.01224	0.01564	0.01088	0.01632	0.00816	0.00612	0.00612	0.00204	0.00816	0.00544	0.00272	0.00680
11	0.02746	0.01042	0.01421	0.01089	0.01563	0.00900	0.00900	0.02983	0.01752	0.75093	0.02415	0.02083	0.01515	0.00758	0.00616	0.00189	0.00521	0.00616	0.00758	0.01042
12	0.01445	0.01651	0.03612	0.02580	0.03199	0.01548	0.72446	0.01961	0.01445	0.01961	0.01238	0.01651	0.00929	0.00516	0.00722	0.00206	0.01032	0.00722	0.00310	0.00826
13	0.02669	0.01059	0.01418	0.01099	0.01564	0.00939	0.00904	0.03000	0.06269	0.70530	0.02420	0.02096	0.01537	0.00762	0.00616	0.00191	0.00519	0.00620	0.00749	0.01037
14	0.01057	0.00946	0.01542	0.49770	0.07659	0.01109	0.01375	0.01372	0.01219	0.01591	0.01771	0.24350	0.01786	0.00996	0.00662	0.00216	0.00673	0.00900	0.00362	0.00644
15	0.01156	0.01088	0.01836	0.77016	0.04216	0.01360	0.01700	0.01564	0.01224	0.01564	0.01088	0.01632	0.00816	0.00612	0.00612	0.00204	0.00816	0.00544	0.00272	0.00680
16	0.00746	0.00533	0.00710	0.00852	0.00888	0.00497	0.00568	0.00852	0.01172	0.01563	0.03374	0.78088	0.04049	0.01918	0.00781	0.00249	0.00355	0.01740	0.00568	0.00497
17	0.01343	0.01459	0.03046	0.09995	0.07267	0.01408	0.53196	0.01794	0.01389	0.01879	0.01453	0.10065	0.01264	0.00682	0.00711	0.00209	0.00918	0.00806	0.00334	0.00783
18	0.78979	0.01177	0.00925	0.00819	0.01202	0.01351	0.00674	0.01856	0.01076	0.06209	0.00927	0.01047	0.00704	0.00577	0.00390	0.00189	0.00476	0.00345	0.00397	0.00681
19	0.01685	0.73165	0.03097	0.01087	0.01595	0.07938	0.01058	0.01879	0.01281	0.01445	0.00858	0.00991	0.00786	0.00532	0.00405	0.00133	0.00688	0.00332	0.00266	0.00780
20	0.01078	0.00846	0.01003	0.00935	0.01142	0.00880	0.00718	0.01821	0.24348	0.02463	0.48807	0.03947	0.04453	0.01137	0.00696	0.00201	0.00362	0.03812	0.00653	0.00700

[dist]
# distance from previous block
# <min> <max>
1	233

# created by:
# /software/SequenceAnalysis/GenePrediction/augustus/3.0.1/scripts/msa2prfl.pl ./fixed/BUSCOvEOG751G5S.fas
