[name]
unknown

[dist]
# distance from previous block
# <min> <max>
0	258

[block]
# block no. 0 follows, 41 sequences, length 55
# corresponding to MSA columns:
# 284-338
name=unknown_A
#
# <colnr> <probs for GDERKNQSTAVLIFYWHMCP>
#	G	D	E	R	K	N	Q	S	T	A	V	L	I	F	Y	W	H	M	C	P
0	0.08756	0.13602	0.01869	0.04314	0.12371	0.35896	0.01150	0.11052	0.02725	0.01849	0.00979	0.01138	0.00797	0.00573	0.00498	0.00155	0.00801	0.00402	0.00328	0.00746
1	0.08115	0.00665	0.00764	0.00784	0.00906	0.00685	0.00565	0.07174	0.01228	0.01863	0.04826	0.38823	0.02613	0.05710	0.06740	0.00273	0.00457	0.01070	0.16206	0.00533
2	0.00734	0.00540	0.00701	0.00793	0.00868	0.00488	0.00539	0.00847	0.01109	0.01494	0.03078	0.71012	0.06009	0.01675	0.00705	0.00220	0.00337	0.01513	0.00516	0.06821
3	0.01543	0.01682	0.01707	0.01414	0.01706	0.31483	0.18074	0.01794	0.01383	0.01685	0.01407	0.04920	0.03075	0.00680	0.00613	0.00165	0.05029	0.00564	0.20435	0.00642
4	0.03247	0.01315	0.01627	0.27579	0.02429	0.01498	0.01207	0.42551	0.02048	0.02754	0.06962	0.01639	0.01233	0.00682	0.00576	0.00179	0.00644	0.00549	0.00464	0.00818
5	0.00967	0.00673	0.00828	0.07234	0.01026	0.00715	0.00544	0.06531	0.01000	0.01336	0.01625	0.03125	0.01759	0.56229	0.07582	0.06677	0.00640	0.00741	0.00346	0.00423
6	0.01398	0.01341	0.02289	0.07506	0.72474	0.01354	0.01747	0.01740	0.01294	0.01847	0.01073	0.01421	0.00898	0.00513	0.00567	0.00171	0.00684	0.00510	0.00282	0.00892
7	0.01256	0.01075	0.01138	0.01036	0.01324	0.01204	0.00802	0.02533	0.57781	0.02247	0.08372	0.02841	0.14113	0.00915	0.00604	0.00193	0.00413	0.00767	0.00577	0.00809
8	0.01393	0.01336	0.02280	0.08627	0.71392	0.01353	0.01744	0.01735	0.01292	0.01841	0.01072	0.01423	0.00896	0.00514	0.00567	0.00171	0.00685	0.00510	0.00281	0.00888
9	0.00697	0.00498	0.00664	0.00796	0.00830	0.00465	0.00531	0.00796	0.01095	0.01460	0.03153	0.79525	0.03783	0.01792	0.00730	0.00232	0.00332	0.01626	0.00531	0.00465
10	0.02417	0.01188	0.07897	0.01091	0.01569	0.00947	0.00968	0.07589	0.01672	0.65256	0.02090	0.01844	0.01326	0.00692	0.00572	0.00177	0.00527	0.00558	0.00658	0.00962
11	0.02566	0.00973	0.01327	0.01018	0.01460	0.00841	0.00841	0.02788	0.01637	0.76726	0.02257	0.01947	0.01416	0.00708	0.00575	0.00177	0.00487	0.00575	0.00708	0.00973
12	0.02343	0.01199	0.01451	0.01127	0.01564	0.01192	0.00926	0.26036	0.08151	0.46788	0.01976	0.01777	0.01300	0.00707	0.00575	0.00177	0.00530	0.00562	0.00653	0.00967
13	0.00697	0.00498	0.00664	0.00796	0.00830	0.00465	0.00531	0.00796	0.01095	0.01460	0.03153	0.79525	0.03783	0.01792	0.00730	0.00232	0.00332	0.01626	0.00531	0.00465
14	0.02566	0.00973	0.01327	0.01018	0.01460	0.00841	0.00841	0.02788	0.01637	0.76726	0.02257	0.01947	0.01416	0.00708	0.00575	0.00177	0.00487	0.00575	0.00708	0.00973
15	0.01104	0.01062	0.01859	0.71937	0.03857	0.01286	0.07877	0.01494	0.01162	0.01494	0.01029	0.01527	0.00772	0.00564	0.00581	0.00191	0.00780	0.00523	0.00257	0.00647
16	0.01067	0.00626	0.00710	0.00682	0.00821	0.00661	0.00515	0.06209	0.01209	0.01971	0.01751	0.02227	0.01470	0.07396	0.18423	0.00349	0.00605	0.00572	0.52192	0.00544
17	0.01046	0.00980	0.01620	0.71992	0.03674	0.01205	0.01492	0.01408	0.01157	0.01468	0.01417	0.01858	0.07076	0.00645	0.00581	0.00191	0.00723	0.00567	0.00277	0.00623
18	0.00707	0.00581	0.00623	0.00612	0.00792	0.00496	0.00459	0.00882	0.01378	0.01721	0.22285	0.05215	0.59497	0.01383	0.00676	0.00190	0.00285	0.01167	0.00554	0.00496
19	0.01416	0.01359	0.02322	0.03511	0.76330	0.01359	0.01755	0.01755	0.01302	0.01869	0.01076	0.01416	0.00906	0.00510	0.00566	0.00170	0.00680	0.00510	0.00283	0.00906
20	0.01238	0.01256	0.01971	0.04649	0.01815	0.01628	0.13148	0.01435	0.00966	0.01452	0.00869	0.01363	0.00807	0.01075	0.05664	0.00274	0.58952	0.00535	0.00260	0.00644
21	0.01709	0.49700	0.02456	0.07586	0.01746	0.14340	0.01049	0.07265	0.01381	0.06674	0.00971	0.01091	0.00801	0.00542	0.00438	0.00140	0.00686	0.00367	0.00310	0.00748
22	0.01687	0.00758	0.01012	0.00895	0.01160	0.00667	0.00688	0.01861	0.01416	0.41253	0.05727	0.30540	0.07529	0.01172	0.00642	0.00198	0.00408	0.01019	0.00628	0.00738
23	0.00824	0.00667	0.01014	0.06708	0.01280	0.00634	0.06798	0.01002	0.01174	0.01594	0.09251	0.55062	0.03259	0.01442	0.00688	0.00211	0.00418	0.01322	0.00486	0.06166
24	0.08961	0.01528	0.01607	0.01256	0.01693	0.01702	0.01032	0.62150	0.08829	0.03413	0.01408	0.01402	0.01010	0.00681	0.00555	0.00174	0.00598	0.00509	0.00555	0.00937
25	0.00707	0.00581	0.00623	0.00612	0.00792	0.00496	0.00459	0.00882	0.01378	0.01721	0.22285	0.05215	0.59497	0.01383	0.00676	0.00190	0.00285	0.01167	0.00554	0.00496
26	0.01350	0.20304	0.11590	0.01120	0.01496	0.01417	0.01049	0.18526	0.01431	0.01930	0.01251	0.01586	0.01063	0.02038	0.30831	0.00455	0.01009	0.00491	0.00345	0.00717
27	0.01220	0.00977	0.01240	0.01084	0.01189	0.02255	0.02169	0.07637	0.01155	0.01795	0.01307	0.01800	0.01149	0.06521	0.07928	0.00283	0.32592	0.00546	0.26552	0.00600
28	0.00753	0.00571	0.00599	0.00596	0.00738	0.00507	0.00421	0.00887	0.01219	0.01561	0.09993	0.04746	0.48572	0.17945	0.01125	0.00263	0.00342	0.01056	0.07643	0.00463
29	0.00697	0.00498	0.00664	0.00796	0.00830	0.00465	0.00531	0.00796	0.01095	0.01460	0.03153	0.79525	0.03783	0.01792	0.00730	0.00232	0.00332	0.01626	0.00531	0.00465
30	0.01342	0.01109	0.01270	0.00921	0.01422	0.00922	0.00743	0.12983	0.01424	0.02139	0.01073	0.01216	0.00867	0.00465	0.00447	0.00098	0.00456	0.00367	0.00376	0.70359
31	0.01208	0.14460	0.59215	0.01464	0.02227	0.01421	0.01818	0.01764	0.01199	0.01746	0.00991	0.01162	0.00737	0.00525	0.00506	0.00164	0.00774	0.00398	0.00250	0.07972
32	0.14159	0.01223	0.01294	0.03055	0.01520	0.01345	0.00881	0.15083	0.36347	0.08987	0.01837	0.01761	0.02351	0.00694	0.00534	0.00178	0.00488	0.00547	0.00529	0.07189
33	0.00771	0.00565	0.00724	0.00722	0.00841	0.00517	0.00527	0.00991	0.01472	0.02035	0.52922	0.20821	0.12296	0.01334	0.00687	0.00193	0.00285	0.01181	0.00598	0.00517
34	0.01095	0.01031	0.01742	0.75303	0.07048	0.01275	0.01596	0.01474	0.01151	0.01479	0.01019	0.01520	0.00769	0.00569	0.00572	0.00190	0.00759	0.00508	0.00255	0.00647
35	0.01523	0.08342	0.01972	0.04980	0.35638	0.12855	0.01352	0.02172	0.21617	0.01883	0.01364	0.01516	0.01091	0.00595	0.00546	0.00170	0.00667	0.00508	0.00362	0.00845
36	0.01424	0.01565	0.02851	0.02607	0.23911	0.07274	0.43906	0.01820	0.01332	0.01785	0.01091	0.01452	0.00863	0.00526	0.00696	0.00186	0.05036	0.00595	0.00286	0.00794
37	0.01205	0.02467	0.52574	0.01809	0.02516	0.01394	0.19548	0.01779	0.01213	0.01779	0.01034	0.01293	0.00762	0.00568	0.00691	0.00190	0.07624	0.00491	0.00254	0.00808
38	0.01105	0.01193	0.05360	0.01816	0.07704	0.01106	0.33758	0.01420	0.01214	0.01667	0.01830	0.29437	0.01900	0.00995	0.00770	0.00209	0.06502	0.00979	0.00370	0.00664
39	0.01080	0.01017	0.01716	0.78523	0.03940	0.01271	0.01589	0.01461	0.01144	0.01461	0.01017	0.01525	0.00762	0.00572	0.00572	0.00191	0.00762	0.00508	0.00254	0.00635
40	0.02489	0.01098	0.01404	0.01077	0.01522	0.01025	0.00889	0.16948	0.01845	0.62272	0.02082	0.01833	0.01328	0.00704	0.00575	0.00176	0.00515	0.00563	0.00681	0.00973
41	0.01931	0.01524	0.01911	0.02021	0.25731	0.01641	0.01302	0.51072	0.02244	0.03047	0.01278	0.01387	0.00951	0.00630	0.00570	0.00171	0.00646	0.00513	0.00479	0.00951
42	0.01403	0.01142	0.01193	0.01083	0.01363	0.04467	0.00833	0.07785	0.45406	0.06213	0.05050	0.14645	0.05008	0.00961	0.00609	0.00195	0.00460	0.00814	0.00567	0.00803
43	0.00705	0.00504	0.00671	0.00791	0.00831	0.00470	0.00532	0.00816	0.01131	0.01517	0.08123	0.74392	0.03893	0.01750	0.00726	0.00229	0.00328	0.01586	0.00538	0.00470
44	0.01306	0.01013	0.01198	0.00862	0.01365	0.00769	0.00692	0.01557	0.01225	0.08342	0.01124	0.01252	0.00896	0.00448	0.00437	0.00093	0.00429	0.00359	0.00371	0.76262
45	0.00727	0.00514	0.00666	0.00764	0.00801	0.00484	0.00504	0.00825	0.01099	0.01477	0.09056	0.61776	0.03661	0.13534	0.01055	0.00277	0.00360	0.01457	0.00511	0.00453
46	0.00830	0.00609	0.00899	0.00899	0.01002	0.00705	0.00698	0.01038	0.00934	0.01371	0.01550	0.02241	0.01432	0.04097	0.73518	0.00877	0.01465	0.00609	0.04715	0.00512
47	0.02462	0.00970	0.01307	0.01013	0.01441	0.00853	0.00833	0.02740	0.04535	0.71279	0.04760	0.02033	0.01564	0.00726	0.00579	0.00178	0.00478	0.00594	0.00700	0.00956
48	0.00994	0.00497	0.00745	0.00745	0.00745	0.00497	0.00497	0.00745	0.00745	0.00994	0.00994	0.01739	0.00994	0.01987	0.02235	0.83358	0.00497	0.00497	0.00248	0.00248
49	0.00796	0.00595	0.00680	0.00651	0.00830	0.00518	0.00491	0.00994	0.01442	0.04487	0.33802	0.04886	0.45154	0.01311	0.00672	0.00187	0.00289	0.01116	0.00577	0.00523
50	0.02137	0.02726	0.01621	0.01474	0.01768	0.77602	0.01105	0.02284	0.01621	0.01400	0.00884	0.01031	0.00737	0.00589	0.00516	0.00147	0.01031	0.00368	0.00295	0.00663
51	0.01340	0.01146	0.01217	0.01070	0.01404	0.01258	0.00834	0.05037	0.56440	0.02282	0.02529	0.02372	0.09770	0.00807	0.00574	0.00181	0.00438	0.00669	0.00549	0.10083
52	0.02406	0.00578	0.00693	0.00730	0.00842	0.00561	0.00523	0.02543	0.01192	0.06892	0.02504	0.41136	0.02607	0.01348	0.02989	0.00212	0.00364	0.01086	0.30257	0.00538
53	0.01464	0.01466	0.02279	0.03087	0.58904	0.07040	0.07717	0.01900	0.07001	0.01871	0.01164	0.01453	0.00955	0.00534	0.00573	0.00172	0.00712	0.00523	0.00307	0.00877
54	0.01386	0.00985	0.01074	0.00925	0.01229	0.01009	0.00731	0.15889	0.19728	0.11336	0.07026	0.03387	0.30864	0.01033	0.00621	0.00187	0.00418	0.00851	0.00578	0.00744

[dist]
# distance from previous block
# <min> <max>
0	1

[block]
# block no. 1 follows, 41 sequences, length 10
# corresponding to MSA columns:
# 340-349
name=unknown_B
#
# <colnr> <probs for GDERKNQSTAVLIFYWHMCP>
#	G	D	E	R	K	N	Q	S	T	A	V	L	I	F	Y	W	H	M	C	P
0	0.01035	0.00858	0.00998	0.00842	0.01164	0.00744	0.00643	0.01433	0.11209	0.01865	0.09277	0.17687	0.09166	0.00914	0.00554	0.00148	0.00382	0.00787	0.00456	0.39836
1	0.01225	0.12207	0.58292	0.01565	0.02314	0.01456	0.06165	0.01886	0.06344	0.01796	0.01096	0.01256	0.00805	0.00549	0.00532	0.00176	0.00797	0.00439	0.00268	0.00832
2	0.01224	0.23205	0.45007	0.01347	0.01986	0.01501	0.01581	0.01769	0.06036	0.01692	0.01253	0.08657	0.01086	0.00663	0.00517	0.00171	0.00708	0.00521	0.00292	0.00783
3	0.00778	0.00583	0.00720	0.00686	0.00835	0.00526	0.00515	0.01018	0.01544	0.02115	0.59300	0.04566	0.22236	0.01236	0.00675	0.00183	0.00275	0.01076	0.00606	0.00526
4	0.00991	0.00683	0.00959	0.00875	0.01008	0.00747	0.05698	0.01219	0.01059	0.01691	0.01616	0.02202	0.01412	0.08372	0.28128	0.00458	0.06198	0.00593	0.35558	0.00533
5	0.11009	0.12359	0.10649	0.05831	0.01796	0.10268	0.08048	0.08519	0.01355	0.05610	0.01360	0.01583	0.04677	0.02221	0.06437	0.00233	0.04119	0.00500	0.02714	0.00711
6	0.07367	0.11597	0.05004	0.01136	0.01506	0.16754	0.00955	0.14446	0.15230	0.05892	0.06913	0.01915	0.07450	0.00738	0.00536	0.00168	0.00613	0.00560	0.00454	0.00767
7	0.00697	0.00498	0.00664	0.00796	0.00830	0.00465	0.00531	0.00796	0.01095	0.01460	0.03153	0.79525	0.03783	0.01792	0.00730	0.00232	0.00332	0.01626	0.00531	0.00465
8	0.01302	0.01447	0.09414	0.15570	0.43488	0.01321	0.11803	0.01696	0.01274	0.01783	0.01164	0.01669	0.00972	0.00570	0.00591	0.00182	0.00742	0.03908	0.00287	0.00819
9	0.01655	0.01416	0.01997	0.10698	0.28950	0.06651	0.08310	0.15123	0.06441	0.09317	0.01413	0.01590	0.02584	0.00608	0.00579	0.00176	0.00690	0.00546	0.00399	0.00856

[dist]
# distance from previous block
# <min> <max>
0	1

[block]
# block no. 2 follows, 41 sequences, length 10
# corresponding to MSA columns:
# 351-360
name=unknown_C
#
# <colnr> <probs for GDERKNQSTAVLIFYWHMCP>
#	G	D	E	R	K	N	Q	S	T	A	V	L	I	F	Y	W	H	M	C	P
0	0.01442	0.01525	0.19209	0.13175	0.19038	0.03150	0.01422	0.01856	0.03778	0.15785	0.06691	0.07495	0.01488	0.00716	0.00582	0.00182	0.00642	0.00622	0.00401	0.00800
1	0.75317	0.01277	0.00923	0.00828	0.01176	0.09327	0.00671	0.01745	0.01042	0.02443	0.00806	0.00940	0.00632	0.00537	0.00371	0.00174	0.00505	0.00316	0.00348	0.00624
2	0.00793	0.00562	0.00744	0.00777	0.00824	0.00592	0.00530	0.00894	0.00930	0.01278	0.02038	0.22079	0.02261	0.32139	0.30319	0.00611	0.00865	0.00948	0.00378	0.00437
3	0.01630	0.03787	0.01589	0.13457	0.03690	0.17233	0.01115	0.19199	0.15763	0.02140	0.01634	0.01741	0.06317	0.00737	0.00675	0.00181	0.07370	0.00550	0.00420	0.00770
4	0.01298	0.01875	0.26702	0.08080	0.39428	0.01352	0.09495	0.01761	0.01265	0.01817	0.01064	0.01369	0.00833	0.00522	0.00571	0.00177	0.00769	0.00499	0.00268	0.00853
5	0.00859	0.00636	0.00807	0.00755	0.00905	0.00610	0.00569	0.01236	0.07523	0.02302	0.70123	0.04101	0.05104	0.01138	0.00667	0.00181	0.00285	0.01003	0.00626	0.00569
6	0.01422	0.11854	0.17139	0.04170	0.40507	0.07085	0.03289	0.01845	0.04124	0.01766	0.01065	0.01315	0.00864	0.00531	0.00536	0.00166	0.00729	0.00465	0.00282	0.00845
7	0.01964	0.01589	0.01621	0.07025	0.01860	0.09627	0.01082	0.54174	0.04483	0.03028	0.01447	0.06818	0.01151	0.00748	0.00578	0.00175	0.00656	0.00580	0.00517	0.00878
8	0.01009	0.00718	0.00914	0.00841	0.01051	0.00663	0.00670	0.01242	0.01405	0.07207	0.30776	0.06667	0.13415	0.01150	0.00710	0.00187	0.04109	0.13751	0.00538	0.12976
9	0.04029	0.00836	0.01119	0.00993	0.01214	0.00822	0.06121	0.07956	0.06101	0.11963	0.13351	0.27293	0.02773	0.06715	0.00804	0.00223	0.00449	0.02927	0.02204	0.02106

[dist]
# distance from previous block
# <min> <max>
0	2

[block]
# block no. 3 follows, 41 sequences, length 39
# corresponding to MSA columns:
# 363-401
name=unknown_D
#
# <colnr> <probs for GDERKNQSTAVLIFYWHMCP>
#	G	D	E	R	K	N	Q	S	T	A	V	L	I	F	Y	W	H	M	C	P
0	0.03285	0.23608	0.05764	0.01214	0.04552	0.10508	0.01019	0.05076	0.14279	0.08660	0.08658	0.01927	0.01578	0.00723	0.00562	0.00168	0.02807	0.04426	0.00422	0.00765
1	0.36934	0.22898	0.11565	0.08022	0.01662	0.05217	0.01019	0.01707	0.01108	0.01967	0.00880	0.01054	0.00706	0.00531	0.00411	0.00161	0.00594	0.00350	0.02530	0.00682
2	0.01301	0.01396	0.09351	0.02198	0.32974	0.05333	0.05173	0.06935	0.01364	0.01889	0.07990	0.01810	0.01399	0.01377	0.16638	0.00328	0.00867	0.00571	0.00338	0.00769
3	0.01385	0.01018	0.01278	0.01070	0.01365	0.01059	0.05590	0.13541	0.21465	0.09251	0.31851	0.02863	0.03974	0.00904	0.00624	0.00183	0.00442	0.00785	0.00591	0.00761
4	0.00829	0.00566	0.00680	0.00680	0.00700	0.00585	0.00417	0.00868	0.00849	0.01151	0.01750	0.03456	0.01955	0.65410	0.17229	0.00624	0.00742	0.00790	0.00339	0.00378
5	0.01674	0.00776	0.00933	0.00791	0.01058	0.00748	0.00631	0.07225	0.01449	0.29172	0.01949	0.02017	0.01409	0.00921	0.05546	0.00204	0.00456	0.00552	0.41765	0.00723
6	0.01001	0.00874	0.01445	0.16182	0.11384	0.00891	0.09194	0.01310	0.01386	0.01905	0.30877	0.09522	0.03099	0.00983	0.00656	0.00194	0.00523	0.07494	0.00458	0.00623
7	0.01529	0.80242	0.02997	0.00979	0.01468	0.02263	0.00979	0.01713	0.01162	0.01346	0.00795	0.00918	0.00734	0.00489	0.00367	0.00122	0.00612	0.00306	0.00245	0.00734
8	0.01247	0.01240	0.02227	0.03170	0.13478	0.01121	0.31165	0.01601	0.01271	0.01814	0.01296	0.06278	0.01142	0.00594	0.00585	0.00160	0.00690	0.03620	0.00328	0.26973
9	0.01111	0.01071	0.01570	0.01375	0.01421	0.01391	0.05853	0.01253	0.00965	0.01429	0.01414	0.22007	0.01562	0.01177	0.01494	0.00242	0.52936	0.00810	0.00327	0.00593
10	0.01066	0.00533	0.00533	0.00533	0.00666	0.00533	0.00400	0.01333	0.01200	0.02132	0.01866	0.02132	0.01466	0.00666	0.00400	0.00133	0.00267	0.00533	0.83073	0.00533
11	0.05436	0.01210	0.11323	0.01125	0.01489	0.01001	0.05745	0.03426	0.05150	0.01744	0.01276	0.01700	0.01102	0.05375	0.24109	0.00402	0.04974	0.00507	0.00329	0.22578
12	0.01627	0.67785	0.02776	0.01058	0.01516	0.14371	0.00999	0.01805	0.01236	0.01354	0.00809	0.00936	0.00734	0.00505	0.00391	0.00126	0.00679	0.00316	0.00253	0.00723
13	0.00965	0.00755	0.00895	0.00830	0.01018	0.00771	0.00631	0.01585	0.21122	0.02281	0.52828	0.03771	0.08129	0.01080	0.00650	0.00184	0.00319	0.00941	0.00612	0.00634
14	0.00696	0.00500	0.00661	0.00790	0.00828	0.00465	0.00528	0.00797	0.01102	0.01463	0.03235	0.77217	0.06037	0.01781	0.00728	0.00231	0.00331	0.01613	0.00531	0.00465
15	0.00747	0.00569	0.00629	0.00631	0.00789	0.00500	0.00467	0.00930	0.01353	0.01777	0.22712	0.11948	0.44782	0.01341	0.00656	0.00188	0.00287	0.01143	0.08053	0.00500
16	0.00832	0.00555	0.00624	0.00624	0.00624	0.00555	0.00347	0.00832	0.00832	0.01109	0.01802	0.03743	0.02080	0.79898	0.02911	0.00555	0.00555	0.00832	0.00347	0.00347
17	0.01358	0.01119	0.01278	0.00929	0.01428	0.00939	0.00749	0.14146	0.01448	0.02167	0.01079	0.01219	0.00869	0.00469	0.00449	0.00100	0.00459	0.00370	0.00380	0.69046
18	0.01851	0.01346	0.01758	0.14866	0.06210	0.01426	0.05944	0.36814	0.01980	0.12616	0.01366	0.01473	0.00973	0.00623	0.00565	0.00169	0.00640	0.00516	0.00479	0.08384
19	0.01308	0.01253	0.02012	0.07745	0.02006	0.01491	0.18949	0.09807	0.01223	0.01734	0.01062	0.01559	0.00927	0.04444	0.08709	0.00300	0.33915	0.00570	0.00306	0.00679
20	0.00704	0.00501	0.00662	0.00788	0.00819	0.00469	0.00522	0.00798	0.01082	0.01442	0.03084	0.75704	0.03697	0.05730	0.00840	0.00249	0.00343	0.01586	0.00522	0.00459
21	0.05894	0.01346	0.01958	0.02635	0.47892	0.05926	0.01458	0.01679	0.01214	0.01804	0.01045	0.01388	0.00892	0.00621	0.00790	0.00182	0.15606	0.00490	0.06383	0.00795
22	0.01854	0.10101	0.05014	0.03605	0.14802	0.17313	0.01204	0.18064	0.09984	0.10534	0.01341	0.01408	0.01007	0.00618	0.00538	0.00165	0.00696	0.00479	0.00424	0.00850
23	0.01396	0.27221	0.16125	0.01492	0.06763	0.02489	0.12096	0.08955	0.01362	0.01814	0.01200	0.08304	0.01073	0.00634	0.00518	0.00159	0.00679	0.00540	0.00320	0.06862
24	0.00703	0.00509	0.00654	0.00766	0.00812	0.00472	0.00511	0.00801	0.01098	0.01447	0.03312	0.68272	0.10250	0.06429	0.00856	0.00248	0.00341	0.01541	0.00520	0.00459
25	0.01083	0.01170	0.12165	0.01154	0.02329	0.00950	0.06316	0.10509	0.08801	0.01918	0.03444	0.31010	0.10168	0.01344	0.04680	0.00241	0.00564	0.01025	0.00468	0.00661
26	0.10187	0.02154	0.06262	0.01573	0.05916	0.38024	0.07792	0.17622	0.01719	0.02080	0.01024	0.01173	0.00796	0.00588	0.00531	0.00163	0.00850	0.00433	0.00356	0.00759
27	0.01227	0.01035	0.01030	0.00930	0.01187	0.05540	0.00716	0.17417	0.14761	0.02126	0.03523	0.14735	0.31164	0.01162	0.00635	0.00192	0.00444	0.00968	0.00535	0.00673
28	0.01467	0.39603	0.24065	0.01298	0.05670	0.02768	0.01312	0.01806	0.01226	0.07111	0.01006	0.01129	0.00801	0.00518	0.00451	0.00143	0.00663	0.00374	0.00289	0.08300
29	0.00885	0.00546	0.00730	0.00819	0.00893	0.00502	0.00562	0.00996	0.01150	0.09016	0.03063	0.71737	0.03545	0.01683	0.00715	0.00227	0.00347	0.01521	0.00549	0.00516
30	0.00850	0.00601	0.00697	0.00701	0.00763	0.00599	0.00452	0.01041	0.06516	0.01492	0.13942	0.15320	0.06263	0.43935	0.01882	0.00391	0.00448	0.00981	0.02678	0.00448
31	0.01616	0.01402	0.01750	0.02134	0.32641	0.08962	0.01259	0.08915	0.18789	0.08884	0.01794	0.01858	0.06074	0.00676	0.00573	0.00176	0.00614	0.00580	0.00436	0.00866
32	0.09039	0.34757	0.17740	0.01166	0.01660	0.04913	0.01186	0.01938	0.06666	0.09202	0.01104	0.01199	0.00866	0.00585	0.00545	0.00160	0.05775	0.00398	0.00328	0.00773
33	0.01021	0.00915	0.01479	0.01274	0.01418	0.01093	0.11326	0.01246	0.00980	0.01446	0.01280	0.01872	0.01167	0.02707	0.42956	0.00602	0.22376	0.00588	0.03673	0.00580
34	0.01275	0.01169	0.01837	0.10676	0.44605	0.01216	0.01403	0.01793	0.12090	0.01975	0.14300	0.02029	0.01795	0.00670	0.00588	0.00177	0.00584	0.00621	0.00384	0.00813
35	0.00706	0.00505	0.00672	0.00790	0.00832	0.00471	0.00532	0.00820	0.01140	0.01531	0.09347	0.73129	0.03920	0.01739	0.00725	0.00228	0.00327	0.01576	0.00539	0.00471
36	0.00991	0.00989	0.00900	0.00865	0.01026	0.13302	0.00652	0.01141	0.01317	0.01572	0.11577	0.14658	0.38408	0.01281	0.00778	0.00195	0.08303	0.01039	0.00475	0.00530
37	0.00982	0.00838	0.08363	0.00799	0.00970	0.00641	0.00641	0.01123	0.01088	0.08204	0.02719	0.12750	0.15515	0.36681	0.01674	0.00362	0.00502	0.05212	0.00435	0.00503
38	0.01340	0.01514	0.03212	0.02320	0.02840	0.01477	0.66924	0.01786	0.01302	0.01786	0.01116	0.01514	0.00856	0.00534	0.00796	0.00199	0.08784	0.00658	0.00285	0.00757

[dist]
# distance from previous block
# <min> <max>
0	5

[block]
# block no. 4 follows, 41 sequences, length 36
# corresponding to MSA columns:
# 407-442
name=unknown_E
#
# <colnr> <probs for GDERKNQSTAVLIFYWHMCP>
#	G	D	E	R	K	N	Q	S	T	A	V	L	I	F	Y	W	H	M	C	P
0	0.01883	0.61612	0.03033	0.01690	0.14911	0.02243	0.01269	0.01976	0.01435	0.01823	0.01258	0.01575	0.01149	0.00763	0.00583	0.00207	0.00751	0.00481	0.00392	0.00964
1	0.01739	0.01599	0.02622	0.13690	0.49042	0.01559	0.14590	0.01982	0.01529	0.02159	0.01477	0.01991	0.01254	0.00782	0.00754	0.00250	0.00864	0.00665	0.00419	0.01034
2	0.02541	0.01787	0.01919	0.01535	0.02002	0.01864	0.01213	0.63920	0.02751	0.10116	0.01825	0.01963	0.01381	0.00946	0.00740	0.00245	0.00744	0.00646	0.00704	0.01157
3	0.01409	0.01138	0.01556	0.38261	0.02646	0.01239	0.01241	0.01537	0.01351	0.01872	0.07230	0.07605	0.01951	0.14954	0.01270	0.00330	0.07445	0.00802	0.05397	0.00766
4	0.02181	0.01562	0.01644	0.01357	0.01745	0.01612	0.01055	0.50681	0.02456	0.03407	0.02217	0.02404	0.07871	0.01005	0.00718	0.00240	0.00662	0.00703	0.15442	0.01036
5	0.01155	0.00822	0.00966	0.01039	0.01110	0.00739	0.00682	0.01134	0.01335	0.01830	0.07798	0.57003	0.03777	0.15679	0.01268	0.00355	0.00513	0.01504	0.00627	0.00665
6	0.07059	0.00952	0.01215	0.00989	0.01355	0.00881	0.00794	0.08512	0.01592	0.52793	0.02251	0.15483	0.01747	0.00886	0.00589	0.00186	0.00469	0.00739	0.00644	0.00863
7	0.00964	0.00652	0.00822	0.00735	0.00907	0.00586	0.00540	0.01182	0.01433	0.06638	0.50052	0.03692	0.04060	0.14906	0.01034	0.00235	0.00350	0.00893	0.00552	0.09767
8	0.01432	0.01233	0.01485	0.01270	0.01387	0.05986	0.01024	0.15954	0.01281	0.01804	0.00995	0.01403	0.00881	0.01066	0.01506	0.14840	0.39894	0.00497	0.05436	0.00625
9	0.16554	0.01284	0.01396	0.01099	0.01511	0.01365	0.00903	0.38446	0.02048	0.21486	0.06978	0.01651	0.01346	0.00700	0.00542	0.00175	0.00535	0.00532	0.00572	0.00879
10	0.00894	0.00648	0.00819	0.00771	0.00918	0.00620	0.00577	0.06430	0.01627	0.02273	0.60250	0.13626	0.05919	0.01217	0.00674	0.00186	0.00304	0.01074	0.00611	0.00561
11	0.01417	0.01268	0.02043	0.25993	0.27872	0.01366	0.09875	0.14431	0.01497	0.02060	0.01166	0.01499	0.00902	0.00566	0.00572	0.00177	0.00705	0.00531	0.05265	0.00796
12	0.02078	0.01156	0.01392	0.01055	0.01516	0.01078	0.00864	0.21334	0.03273	0.36322	0.01700	0.01600	0.01157	0.00629	0.00535	0.00152	0.00507	0.00499	0.00573	0.22582
13	0.00740	0.00552	0.00740	0.00836	0.00874	0.00552	0.00577	0.00854	0.01120	0.01516	0.08356	0.69024	0.03709	0.01696	0.00799	0.00230	0.05313	0.01511	0.00520	0.00480
14	0.00727	0.00523	0.00696	0.00823	0.00876	0.00492	0.00581	0.00851	0.01134	0.01498	0.03242	0.66483	0.06640	0.01749	0.00736	0.00235	0.00357	0.11352	0.00530	0.00474
15	0.01797	0.02081	0.01424	0.01260	0.01558	0.49702	0.00948	0.05070	0.06108	0.01646	0.05841	0.01538	0.01217	0.06450	0.00697	0.00176	0.00821	0.00464	0.00355	0.10850
16	0.01025	0.16862	0.10508	0.01031	0.01303	0.01036	0.00957	0.01331	0.04318	0.01614	0.03258	0.24639	0.03678	0.01253	0.00647	0.00212	0.00519	0.24764	0.00440	0.00605
17	0.21027	0.38864	0.08706	0.06874	0.06399	0.01786	0.01103	0.01677	0.01111	0.01720	0.00847	0.01043	0.00720	0.00544	0.00503	0.00157	0.05575	0.00357	0.00274	0.00713
18	0.11592	0.40775	0.02027	0.06603	0.01501	0.01636	0.00882	0.06096	0.01287	0.06466	0.01820	0.01864	0.14037	0.00695	0.00461	0.00153	0.00538	0.00510	0.00359	0.00698
19	0.01487	0.61567	0.07267	0.01052	0.01534	0.02058	0.01036	0.01952	0.14205	0.01559	0.01079	0.01149	0.00911	0.00543	0.00416	0.00139	0.00598	0.00373	0.00304	0.00771
20	0.00761	0.00577	0.00667	0.00647	0.00782	0.00520	0.00464	0.00934	0.01356	0.01790	0.35220	0.04666	0.32749	0.15128	0.01069	0.00251	0.00328	0.01067	0.00541	0.00483
21	0.00730	0.00527	0.00659	0.00752	0.00805	0.00493	0.00506	0.00826	0.01087	0.01422	0.03246	0.52960	0.12691	0.15476	0.01110	0.00286	0.00376	0.05102	0.00498	0.00449
22	0.00845	0.00604	0.00788	0.00837	0.00943	0.00583	0.00656	0.01048	0.01308	0.01757	0.25023	0.09798	0.07515	0.15239	0.01119	0.00284	0.00430	0.30205	0.00527	0.00493
23	0.01465	0.00756	0.00990	0.00867	0.01106	0.00694	0.00670	0.05415	0.01589	0.27829	0.33957	0.16559	0.03514	0.01095	0.00645	0.00188	0.00374	0.00954	0.00636	0.00698
24	0.28218	0.01597	0.01229	0.01106	0.01382	0.28533	0.00866	0.01858	0.01247	0.08219	0.01080	0.01304	0.00880	0.01256	0.14113	0.00301	0.05398	0.00418	0.00349	0.00647
25	0.01690	0.01307	0.01422	0.01174	0.01546	0.01423	0.00942	0.38156	0.23176	0.02839	0.01843	0.09084	0.01531	0.00826	0.00585	0.00180	0.00530	0.03241	0.00550	0.07956
26	0.35440	0.00787	0.00699	0.00662	0.00855	0.00844	0.00480	0.01227	0.01005	0.01880	0.02091	0.02743	0.14439	0.26248	0.01238	0.00298	0.00437	0.00655	0.07474	0.00500
27	0.02174	0.01602	0.01717	0.01316	0.01774	0.01774	0.01087	0.74423	0.02689	0.03605	0.01373	0.01373	0.00973	0.00687	0.00572	0.00172	0.00629	0.00515	0.00572	0.00973
28	0.17940	0.00833	0.01027	0.00879	0.01124	0.00837	0.00685	0.01745	0.01185	0.29897	0.06057	0.01794	0.01341	0.01127	0.01128	0.27030	0.03755	0.00523	0.00466	0.00628
29	0.00854	0.00653	0.01000	0.00966	0.01088	0.00701	0.05212	0.01065	0.01062	0.01517	0.06628	0.17302	0.02186	0.02963	0.43351	0.00603	0.02138	0.04552	0.05635	0.00524
30	0.01252	0.01065	0.01166	0.01071	0.01344	0.01218	0.00832	0.02494	0.55870	0.02133	0.02485	0.02443	0.08065	0.01452	0.14143	0.00322	0.00629	0.00689	0.00529	0.00800
31	0.00884	0.00592	0.00779	0.00747	0.00882	0.00544	0.00554	0.01126	0.01542	0.06024	0.61333	0.15382	0.04950	0.01238	0.00678	0.00188	0.00290	0.01099	0.00619	0.00551
32	0.02295	0.01027	0.01331	0.01009	0.01465	0.00895	0.00830	0.07758	0.01634	0.58242	0.01974	0.01771	0.01284	0.00656	0.00548	0.00160	0.00486	0.00529	0.00633	0.15471
33	0.01307	0.15165	0.02074	0.01467	0.01590	0.01823	0.05839	0.01465	0.00956	0.01400	0.00784	0.01211	0.00755	0.00878	0.01535	0.00224	0.60143	0.00477	0.00252	0.00654
34	0.01010	0.00773	0.00968	0.00992	0.01170	0.00807	0.00818	0.01594	0.18823	0.02025	0.22003	0.04863	0.03480	0.01283	0.00711	0.00225	0.00442	0.36826	0.00567	0.00619
35	0.02077	0.01194	0.01408	0.01103	0.01498	0.01217	0.00901	0.35461	0.02118	0.29975	0.14827	0.02092	0.01912	0.00779	0.00591	0.00175	0.00514	0.00628	0.00632	0.00897

[dist]
# distance from previous block
# <min> <max>
0	17

[block]
# block no. 5 follows, 41 sequences, length 6
# corresponding to MSA columns:
# 460-465
name=unknown_F
#
# <colnr> <probs for GDERKNQSTAVLIFYWHMCP>
#	G	D	E	R	K	N	Q	S	T	A	V	L	I	F	Y	W	H	M	C	P
0	0.00833	0.00602	0.00758	0.00757	0.00793	0.00636	0.00505	0.00917	0.00987	0.01360	0.11391	0.15073	0.02595	0.43040	0.11879	0.00485	0.05630	0.00930	0.00400	0.00428
1	0.00810	0.00585	0.00765	0.00720	0.00855	0.00540	0.00540	0.01079	0.01619	0.02294	0.76028	0.04273	0.05397	0.01169	0.00675	0.00180	0.00270	0.01034	0.00630	0.00540
2	0.01066	0.00533	0.00533	0.00533	0.00666	0.00533	0.00400	0.01333	0.01200	0.02132	0.01866	0.02132	0.01466	0.00666	0.00400	0.00133	0.00267	0.00533	0.83073	0.00533
3	0.58939	0.00969	0.00874	0.06380	0.01250	0.01103	0.00670	0.01492	0.01066	0.02318	0.08688	0.11351	0.01515	0.00759	0.00450	0.00185	0.00434	0.00565	0.00397	0.00593
4	0.05332	0.04905	0.00983	0.00820	0.01003	0.08431	0.00626	0.01292	0.01432	0.05759	0.43015	0.03239	0.08112	0.01142	0.00821	0.10802	0.00414	0.00812	0.00511	0.00548
5	0.01564	0.13644	0.07654	0.07425	0.14329	0.10689	0.17670	0.01884	0.01342	0.11228	0.01304	0.06390	0.01077	0.00625	0.00564	0.00172	0.00747	0.00572	0.00345	0.00776

[dist]
# distance from previous block
# <min> <max>
0	1

[block]
# block no. 6 follows, 41 sequences, length 11
# corresponding to MSA columns:
# 467-477
name=unknown_G
#
# <colnr> <probs for GDERKNQSTAVLIFYWHMCP>
#	G	D	E	R	K	N	Q	S	T	A	V	L	I	F	Y	W	H	M	C	P
0	0.01774	0.01404	0.01625	0.01291	0.01698	0.01537	0.06513	0.43140	0.21852	0.02959	0.02016	0.01967	0.08039	0.00765	0.00592	0.00181	0.00576	0.00626	0.00550	0.00895
1	0.01336	0.07731	0.18553	0.01586	0.02081	0.01350	0.22474	0.05548	0.03811	0.05215	0.01331	0.08518	0.01139	0.00693	0.00710	0.00182	0.08425	0.00616	0.00342	0.08357
2	0.01933	0.01181	0.10035	0.01061	0.01478	0.00934	0.00945	0.06049	0.08313	0.43463	0.06162	0.08361	0.05790	0.00845	0.00595	0.00184	0.00498	0.00703	0.00607	0.00862
3	0.01347	0.01346	0.02308	0.07304	0.36935	0.03706	0.21007	0.01793	0.07186	0.01792	0.01255	0.01715	0.01056	0.07787	0.00810	0.00214	0.00743	0.00590	0.00313	0.00794
4	0.01489	0.28376	0.10807	0.11485	0.12814	0.04026	0.01289	0.07588	0.04313	0.05688	0.01184	0.04808	0.00996	0.00620	0.00530	0.00163	0.02229	0.00485	0.00330	0.00781
5	0.01236	0.05498	0.20453	0.05835	0.01674	0.01002	0.01096	0.05596	0.01266	0.08238	0.01631	0.17486	0.01555	0.06797	0.00733	0.00196	0.00569	0.00700	0.00389	0.18052
6	0.01420	0.24810	0.37059	0.01360	0.04068	0.07274	0.01485	0.01839	0.01254	0.06272	0.01093	0.01236	0.00835	0.00550	0.00482	0.00157	0.00719	0.00406	0.06896	0.00784
7	0.00930	0.00574	0.00771	0.00853	0.00943	0.00538	0.00618	0.01064	0.01176	0.09223	0.02988	0.56961	0.03395	0.04681	0.00808	0.00244	0.00387	0.12779	0.00541	0.00522
8	0.05717	0.01464	0.07791	0.11470	0.26633	0.06468	0.11837	0.07473	0.01398	0.01940	0.04169	0.06427	0.01268	0.00672	0.00587	0.00182	0.00709	0.02684	0.00341	0.00771
9	0.04286	0.06032	0.14991	0.01563	0.11146	0.22845	0.01238	0.03074	0.12678	0.01754	0.01382	0.07442	0.01201	0.00983	0.06704	0.00232	0.00803	0.00552	0.00351	0.00743
10	0.00750	0.00566	0.00700	0.00793	0.00872	0.00541	0.00546	0.00973	0.06862	0.01545	0.03474	0.62759	0.14159	0.01663	0.00711	0.00224	0.00335	0.01489	0.00535	0.00501

[dist]
# distance from previous block
# <min> <max>
16	494

# created by:
# /software/SequenceAnalysis/GenePrediction/augustus/3.0.1/scripts/msa2prfl.pl ./fixed/BUSCOvEOG73XWH1.fas
