[name]
unknown

[dist]
# distance from previous block
# <min> <max>
0	80

[block]
# block no. 0 follows, 40 sequences, length 43
# corresponding to MSA columns:
# 84-126
name=unknown_A
#
# <colnr> <probs for GDERKNQSTAVLIFYWHMCP>
#	G	D	E	R	K	N	Q	S	T	A	V	L	I	F	Y	W	H	M	C	P
0	0.00709	0.00506	0.00675	0.00810	0.00843	0.00472	0.00540	0.00810	0.01113	0.01484	0.03205	0.79184	0.03846	0.01822	0.00742	0.00236	0.00337	0.01653	0.00540	0.00472
1	0.01534	0.65215	0.09401	0.01106	0.01599	0.05689	0.01118	0.01759	0.01192	0.01414	0.00831	0.00983	0.00746	0.00536	0.00480	0.00138	0.04927	0.00335	0.00251	0.00747
2	0.02871	0.00602	0.00773	0.00737	0.00874	0.00563	0.00550	0.01096	0.01599	0.02289	0.69548	0.08626	0.05271	0.01210	0.00681	0.00186	0.00282	0.01068	0.00627	0.00546
3	0.00796	0.00593	0.00740	0.00703	0.00852	0.00537	0.00527	0.01045	0.01582	0.02179	0.61618	0.04595	0.19593	0.01246	0.00686	0.00186	0.00278	0.01087	0.00620	0.00537
4	0.01964	0.28847	0.02121	0.01328	0.01695	0.51901	0.01080	0.02126	0.01490	0.01405	0.00868	0.01010	0.00748	0.00565	0.00473	0.00141	0.00904	0.00353	0.00282	0.00699
5	0.01443	0.01337	0.02189	0.17526	0.55744	0.01402	0.01693	0.08103	0.01418	0.01977	0.01109	0.01457	0.00899	0.00546	0.00577	0.00177	0.00702	0.00518	0.00308	0.00875
6	0.01603	0.53368	0.05450	0.01350	0.08150	0.09576	0.01145	0.05158	0.01295	0.01548	0.00876	0.01045	0.00774	0.00557	0.00528	0.00145	0.06035	0.00364	0.00273	0.00763
7	0.01510	0.51858	0.05916	0.01051	0.01494	0.06041	0.00999	0.06726	0.05115	0.01737	0.11196	0.01515	0.01464	0.00629	0.00458	0.00144	0.00602	0.00454	0.00345	0.00746
8	0.00753	0.00603	0.00684	0.00725	0.00893	0.00534	0.00572	0.00930	0.01323	0.01626	0.06894	0.10856	0.51334	0.01522	0.00719	0.00216	0.00355	0.18417	0.00542	0.00502
9	0.00687	0.00589	0.00589	0.00589	0.00785	0.00491	0.00442	0.00835	0.01325	0.01571	0.05891	0.05596	0.75700	0.01473	0.00687	0.00196	0.00295	0.01227	0.00540	0.00491
10	0.01166	0.03008	0.76550	0.01657	0.02517	0.01351	0.02149	0.01842	0.01228	0.01842	0.01044	0.01228	0.00737	0.00552	0.00552	0.00184	0.00859	0.00430	0.00246	0.00859
11	0.01001	0.00511	0.00766	0.00766	0.00771	0.00516	0.00516	0.00771	0.00766	0.01027	0.01037	0.01793	0.01032	0.02134	0.05928	0.79076	0.00556	0.00511	0.00255	0.00266
12	0.00687	0.00589	0.00589	0.00589	0.00785	0.00491	0.00442	0.00835	0.01325	0.01571	0.05891	0.05596	0.75700	0.01473	0.00687	0.00196	0.00295	0.01227	0.00540	0.00491
13	0.00831	0.00623	0.00935	0.00935	0.01038	0.00727	0.00727	0.01038	0.00935	0.01350	0.01558	0.02285	0.01454	0.04361	0.77259	0.00935	0.01558	0.00623	0.00312	0.00519
14	0.02211	0.01629	0.01745	0.01338	0.01803	0.01803	0.01105	0.73997	0.02734	0.03665	0.01396	0.01396	0.00989	0.00698	0.00582	0.00175	0.00640	0.00524	0.00582	0.00989
15	0.00767	0.00600	0.00918	0.00955	0.01037	0.00560	0.07009	0.00903	0.01136	0.01518	0.03026	0.72332	0.03585	0.01704	0.00737	0.00233	0.00394	0.01568	0.00518	0.00500
16	0.01373	0.01569	0.03431	0.02451	0.03039	0.01471	0.73824	0.01863	0.01373	0.01863	0.01176	0.01569	0.00882	0.00490	0.00686	0.00196	0.00980	0.00686	0.00294	0.00784
17	0.00814	0.00594	0.00764	0.00722	0.00863	0.00545	0.00541	0.01079	0.01624	0.02280	0.70834	0.04430	0.10315	0.01208	0.00686	0.00184	0.00276	0.01064	0.00633	0.00545
18	0.00708	0.00508	0.00672	0.00803	0.00842	0.00473	0.00537	0.00810	0.01119	0.01487	0.03282	0.77080	0.05900	0.01812	0.00741	0.00235	0.00336	0.01641	0.00540	0.00473
19	0.01206	0.01034	0.01206	0.00861	0.01378	0.00775	0.00689	0.01464	0.01206	0.01895	0.01034	0.01206	0.00861	0.00431	0.00431	0.00086	0.00431	0.00345	0.00345	0.83118
20	0.01446	0.01249	0.01315	0.01183	0.01512	0.01446	0.00920	0.03090	0.74885	0.02433	0.02367	0.02170	0.01775	0.00789	0.00592	0.00197	0.00460	0.00657	0.00592	0.00920
21	0.01284	0.02742	0.64925	0.01685	0.02492	0.01327	0.08387	0.01912	0.01271	0.06966	0.01141	0.01310	0.00798	0.00558	0.00567	0.00185	0.00845	0.00463	0.00282	0.00862
22	0.01555	0.79913	0.03047	0.00995	0.01493	0.02301	0.00995	0.01741	0.01182	0.01368	0.00808	0.00933	0.00746	0.00498	0.00373	0.00124	0.00622	0.00311	0.00249	0.00746
23	0.01265	0.01332	0.06266	0.47333	0.16565	0.01369	0.13835	0.01659	0.01265	0.01695	0.01124	0.01590	0.00870	0.00590	0.00620	0.00200	0.00816	0.00558	0.00288	0.00758
24	0.02277	0.01630	0.01758	0.01357	0.01823	0.01779	0.01113	0.69785	0.02701	0.07381	0.01494	0.01501	0.01063	0.00735	0.00605	0.00185	0.00650	0.00544	0.00605	0.01015
25	0.02219	0.02795	0.01682	0.01531	0.01833	0.76584	0.01144	0.02352	0.01678	0.01476	0.00956	0.01127	0.00803	0.00636	0.00548	0.00160	0.01063	0.00393	0.00319	0.00703
26	0.00789	0.00564	0.00741	0.00872	0.00921	0.00526	0.00602	0.00890	0.01169	0.01561	0.03230	0.71876	0.03826	0.01828	0.00770	0.00249	0.00376	0.08146	0.00556	0.00508
27	0.02051	0.07527	0.02013	0.01593	0.01957	0.48549	0.10117	0.12580	0.01742	0.01850	0.01051	0.01242	0.00854	0.00646	0.00618	0.00172	0.03865	0.00454	0.00354	0.00765
28	0.01154	0.01072	0.01777	0.77518	0.04021	0.01320	0.01631	0.01523	0.01197	0.01538	0.01089	0.01624	0.00829	0.00618	0.00605	0.00204	0.00792	0.00534	0.00278	0.00675
29	0.08431	0.00636	0.00613	0.00603	0.00762	0.00644	0.00453	0.01425	0.01233	0.02254	0.01849	0.02128	0.01462	0.00701	0.00427	0.00150	0.00308	0.00539	0.74803	0.00579
30	0.82995	0.01162	0.00895	0.00804	0.01166	0.01332	0.00654	0.01745	0.01026	0.02652	0.00867	0.01024	0.00684	0.00577	0.00385	0.00190	0.00469	0.00334	0.00379	0.00659
31	0.00904	0.00606	0.00677	0.00674	0.00680	0.00598	0.00379	0.00889	0.00883	0.01183	0.01881	0.03859	0.02156	0.78900	0.02962	0.00570	0.00582	0.00860	0.00371	0.00384
32	0.01154	0.01072	0.01777	0.77518	0.04021	0.01320	0.01631	0.01523	0.01197	0.01538	0.01089	0.01624	0.00829	0.00618	0.00605	0.00204	0.00792	0.00534	0.00278	0.00675
33	0.82995	0.01162	0.00895	0.00804	0.01166	0.01332	0.00654	0.01745	0.01026	0.02652	0.00867	0.01024	0.00684	0.00577	0.00385	0.00190	0.00469	0.00334	0.00379	0.00659
34	0.02257	0.01662	0.01778	0.01372	0.01839	0.01827	0.01126	0.73392	0.02755	0.03698	0.01448	0.01471	0.01040	0.00734	0.00605	0.00185	0.00657	0.00541	0.00598	0.01015
35	0.02292	0.01606	0.01743	0.01345	0.01811	0.01743	0.01104	0.67110	0.02660	0.10114	0.01528	0.01523	0.01080	0.00736	0.00605	0.00185	0.00645	0.00546	0.00611	0.01015
36	0.01038	0.00863	0.01220	0.01138	0.01216	0.01079	0.00905	0.01207	0.00971	0.01457	0.01377	0.02031	0.01288	0.03152	0.49562	0.00689	0.25453	0.00600	0.04166	0.00586
37	0.00761	0.00575	0.00690	0.00780	0.00869	0.00513	0.00535	0.00861	0.01215	0.01564	0.04077	0.55667	0.26235	0.01739	0.00747	0.00233	0.00344	0.01528	0.00557	0.00508
38	0.82995	0.01162	0.00895	0.00804	0.01166	0.01332	0.00654	0.01745	0.01026	0.02652	0.00867	0.01024	0.00684	0.00577	0.00385	0.00190	0.00469	0.00334	0.00379	0.00659
39	0.00773	0.00628	0.00674	0.00690	0.00866	0.00539	0.00514	0.00915	0.01360	0.01676	0.10261	0.13071	0.58725	0.01525	0.00722	0.00214	0.00332	0.05424	0.00564	0.00526
40	0.01261	0.01072	0.01243	0.00899	0.01417	0.00808	0.00713	0.01502	0.01240	0.01944	0.01089	0.01283	0.00914	0.00469	0.00455	0.00097	0.00450	0.00364	0.00363	0.82416
41	0.00899	0.00625	0.00770	0.00768	0.00806	0.00649	0.00496	0.00949	0.00911	0.01253	0.01795	0.03386	0.01950	0.55495	0.26086	0.00686	0.00891	0.00791	0.00358	0.00436
42	0.02233	0.02384	0.01716	0.01473	0.01835	0.49463	0.01137	0.28124	0.02069	0.02282	0.01134	0.01252	0.00889	0.00671	0.00569	0.00169	0.00916	0.00447	0.00420	0.00816

[dist]
# distance from previous block
# <min> <max>
0	1

[block]
# block no. 1 follows, 40 sequences, length 8
# corresponding to MSA columns:
# 128-135
name=unknown_B
#
# <colnr> <probs for GDERKNQSTAVLIFYWHMCP>
#	G	D	E	R	K	N	Q	S	T	A	V	L	I	F	Y	W	H	M	C	P
0	0.02106	0.01577	0.01686	0.01317	0.01764	0.01755	0.01080	0.64311	0.12589	0.03497	0.01529	0.01502	0.01096	0.00710	0.00583	0.00178	0.00615	0.00542	0.00583	0.00980
1	0.01439	0.01382	0.02360	0.03569	0.75936	0.01382	0.01785	0.01785	0.01324	0.01900	0.01094	0.01439	0.00921	0.00518	0.00576	0.00173	0.00691	0.00518	0.00288	0.00921
2	0.40115	0.07095	0.01325	0.01040	0.01409	0.21886	0.00837	0.04197	0.03528	0.09798	0.01058	0.01137	0.00806	0.00580	0.00444	0.00165	0.00634	0.00376	0.00386	0.03182
3	0.01299	0.01090	0.01286	0.00975	0.01406	0.00969	0.00781	0.10250	0.01357	0.02038	0.01206	0.06701	0.01077	0.00613	0.00603	0.00122	0.07406	0.00473	0.00379	0.59969
4	0.73666	0.10724	0.01122	0.00793	0.01169	0.01426	0.00674	0.01713	0.01013	0.02458	0.00810	0.00943	0.00644	0.00535	0.00361	0.00173	0.00471	0.00314	0.00346	0.00644
5	0.01204	0.00905	0.01032	0.00956	0.01197	0.00958	0.00736	0.02050	0.33854	0.07459	0.21767	0.10095	0.10778	0.01080	0.00646	0.00198	0.00389	0.03366	0.00601	0.00731
6	0.02060	0.00994	0.01276	0.01034	0.01402	0.00937	0.00832	0.13550	0.01671	0.44379	0.02151	0.12423	0.01671	0.01177	0.07431	0.00249	0.00588	0.00713	0.00619	0.04844
7	0.01272	0.01272	0.01781	0.01527	0.01527	0.01781	0.01272	0.01399	0.00891	0.01399	0.00763	0.01272	0.00763	0.01018	0.01908	0.00254	0.78499	0.00509	0.00254	0.00636

[dist]
# distance from previous block
# <min> <max>
0	1

[block]
# block no. 2 follows, 40 sequences, length 84
# corresponding to MSA columns:
# 137-220
name=unknown_C
#
# <colnr> <probs for GDERKNQSTAVLIFYWHMCP>
#	G	D	E	R	K	N	Q	S	T	A	V	L	I	F	Y	W	H	M	C	P
0	0.00917	0.00704	0.01025	0.01008	0.01111	0.00822	0.00783	0.01103	0.00970	0.01409	0.01565	0.02297	0.01464	0.04173	0.72241	0.00899	0.05990	0.00634	0.00328	0.00557
1	0.01609	0.79221	0.03069	0.01034	0.01532	0.02321	0.01017	0.01778	0.01218	0.01424	0.00869	0.01016	0.00802	0.00537	0.00400	0.00135	0.00640	0.00331	0.00269	0.00775
2	0.02259	0.01664	0.01779	0.01374	0.01840	0.01828	0.01127	0.73363	0.02756	0.03700	0.01451	0.01475	0.01043	0.00736	0.00606	0.00185	0.00658	0.00542	0.00599	0.01016
3	0.82963	0.01164	0.00897	0.00806	0.01168	0.01334	0.00656	0.01747	0.01028	0.02654	0.00870	0.01028	0.00687	0.00579	0.00386	0.00191	0.00470	0.00335	0.00379	0.00660
4	0.01329	0.01310	0.01815	0.01560	0.01566	0.01806	0.01292	0.01440	0.00929	0.01455	0.00824	0.01352	0.00819	0.01052	0.01921	0.00264	0.77795	0.00527	0.00275	0.00666
5	0.00775	0.00634	0.00669	0.00658	0.00847	0.00538	0.00489	0.00929	0.01419	0.01766	0.18764	0.05405	0.62112	0.01451	0.00710	0.00204	0.00312	0.01207	0.00576	0.00533
6	0.02581	0.01047	0.01385	0.01082	0.01526	0.00925	0.00882	0.02877	0.06288	0.71064	0.02345	0.02065	0.01510	0.00761	0.00610	0.00192	0.00512	0.00607	0.00728	0.01012
7	0.00997	0.00713	0.00979	0.01109	0.01247	0.00704	0.00960	0.01247	0.01373	0.01793	0.03118	0.06591	0.03379	0.01635	0.00826	0.00278	0.00555	0.71376	0.00553	0.00566
8	0.01502	0.01287	0.01353	0.01220	0.01552	0.01474	0.00943	0.03115	0.74237	0.02479	0.02413	0.02241	0.01822	0.00826	0.00616	0.00208	0.00480	0.00674	0.00609	0.00948
9	0.00892	0.00667	0.00976	0.00974	0.01083	0.00762	0.00752	0.01082	0.00973	0.01406	0.01611	0.02355	0.01503	0.04365	0.76571	0.00938	0.01568	0.00640	0.00331	0.00550
10	0.01502	0.01287	0.01353	0.01220	0.01552	0.01474	0.00943	0.03115	0.74237	0.02479	0.02413	0.02241	0.01822	0.00826	0.00616	0.00208	0.00480	0.00674	0.00609	0.00948
11	0.78304	0.01156	0.00926	0.00821	0.01189	0.01308	0.00668	0.01811	0.01066	0.06891	0.00955	0.01087	0.00734	0.00589	0.00399	0.00191	0.00473	0.00351	0.00400	0.00681
12	0.00770	0.00556	0.00714	0.00837	0.00886	0.00510	0.00561	0.00857	0.01162	0.01545	0.03398	0.74311	0.08003	0.01829	0.00762	0.00244	0.00356	0.01636	0.00558	0.00505
13	0.02160	0.01399	0.01538	0.01207	0.01623	0.01486	0.00983	0.50963	0.02357	0.15500	0.01673	0.01684	0.01191	0.00736	0.00581	0.00180	0.00580	0.00555	0.12652	0.00950
14	0.01396	0.00831	0.00857	0.00764	0.00978	0.00861	0.00591	0.17695	0.01595	0.02553	0.01835	0.02067	0.01427	0.00720	0.00472	0.00155	0.00376	0.00556	0.63600	0.00673
15	0.00771	0.00551	0.00719	0.00850	0.00889	0.00509	0.00566	0.00855	0.01150	0.01540	0.03243	0.78540	0.03874	0.01849	0.00765	0.00246	0.00359	0.01661	0.00558	0.00504
16	0.00845	0.00613	0.00782	0.00788	0.00903	0.00560	0.00567	0.01045	0.01509	0.02098	0.50747	0.25943	0.08507	0.01418	0.00726	0.00209	0.00315	0.01246	0.00623	0.00555
17	0.00751	0.00630	0.00638	0.00642	0.00835	0.00527	0.00474	0.00879	0.01351	0.01621	0.05783	0.08963	0.71812	0.01519	0.00713	0.00209	0.00318	0.01258	0.00558	0.00521
18	0.00771	0.00551	0.00719	0.00850	0.00889	0.00509	0.00566	0.00855	0.01150	0.01540	0.03243	0.78540	0.03874	0.01849	0.00765	0.00246	0.00359	0.01661	0.00558	0.00504
19	0.82963	0.01164	0.00897	0.00806	0.01168	0.01334	0.00656	0.01747	0.01028	0.02654	0.00870	0.01028	0.00687	0.00579	0.00386	0.00191	0.00470	0.00335	0.00379	0.00660
20	0.01609	0.79221	0.03069	0.01034	0.01532	0.02321	0.01017	0.01778	0.01218	0.01424	0.00869	0.01016	0.00802	0.00537	0.00400	0.00135	0.00640	0.00331	0.00269	0.00775
21	0.01609	0.79221	0.03069	0.01034	0.01532	0.02321	0.01017	0.01778	0.01218	0.01424	0.00869	0.01016	0.00802	0.00537	0.00400	0.00135	0.00640	0.00331	0.00269	0.00775
22	0.00771	0.00551	0.00719	0.00850	0.00889	0.00509	0.00566	0.00855	0.01150	0.01540	0.03243	0.78540	0.03874	0.01849	0.00765	0.00246	0.00359	0.01661	0.00558	0.00504
23	0.09500	0.01619	0.01700	0.01323	0.01780	0.01784	0.01084	0.66937	0.02601	0.03606	0.01399	0.01435	0.01011	0.00721	0.00586	0.00186	0.00641	0.00523	0.00579	0.00984
24	0.01157	0.01074	0.01778	0.77488	0.04022	0.01321	0.01632	0.01525	0.01199	0.01541	0.01092	0.01628	0.00831	0.00620	0.00606	0.00204	0.00792	0.00535	0.00279	0.00676
25	0.00884	0.00639	0.00821	0.00773	0.00915	0.00585	0.00575	0.01140	0.01678	0.02379	0.74995	0.04395	0.05499	0.01222	0.00709	0.00193	0.00296	0.01065	0.00657	0.00580
26	0.02152	0.11456	0.01840	0.01476	0.01801	0.68141	0.01130	0.02289	0.01627	0.01473	0.00948	0.01118	0.00805	0.00626	0.00532	0.00158	0.01015	0.00387	0.00314	0.00712
27	0.01473	0.01397	0.02350	0.08262	0.70774	0.01405	0.01789	0.01803	0.01349	0.01925	0.01148	0.01525	0.00967	0.00561	0.00601	0.00185	0.00714	0.00536	0.00306	0.00931
28	0.01339	0.04888	0.60083	0.05152	0.02561	0.01382	0.07533	0.01923	0.01298	0.06537	0.01183	0.01388	0.00850	0.00597	0.00586	0.00194	0.00852	0.00479	0.00300	0.00877
29	0.02654	0.01030	0.01387	0.01073	0.01525	0.00888	0.00878	0.02861	0.01696	0.75699	0.02341	0.02053	0.01489	0.00757	0.00609	0.00191	0.00515	0.00603	0.00736	0.01016
30	0.01120	0.00588	0.00602	0.00601	0.00738	0.00577	0.00444	0.01369	0.01271	0.02205	0.05289	0.04525	0.01786	0.00771	0.00455	0.00151	0.00295	0.00615	0.76028	0.00571
31	0.00788	0.00564	0.00737	0.00857	0.00907	0.00523	0.00584	0.00891	0.01193	0.01604	0.07779	0.70680	0.03955	0.01800	0.00764	0.00244	0.00363	0.04692	0.00564	0.00511
32	0.02576	0.01082	0.01411	0.01099	0.01546	0.00974	0.00897	0.07335	0.05073	0.67800	0.02288	0.02025	0.01476	0.00759	0.00609	0.00191	0.00522	0.00602	0.00721	0.01013
33	0.82963	0.01164	0.00897	0.00806	0.01168	0.01334	0.00656	0.01747	0.01028	0.02654	0.00870	0.01028	0.00687	0.00579	0.00386	0.00191	0.00470	0.00335	0.00379	0.00660
34	0.00771	0.00551	0.00719	0.00850	0.00889	0.00509	0.00566	0.00855	0.01150	0.01540	0.03243	0.78540	0.03874	0.01849	0.00765	0.00246	0.00359	0.01661	0.00558	0.00504
35	0.01188	0.01105	0.01834	0.70773	0.10497	0.01329	0.01647	0.01552	0.01214	0.01578	0.01097	0.01618	0.00844	0.00614	0.00605	0.00202	0.00785	0.00535	0.00282	0.00701
36	0.02574	0.01013	0.01362	0.01059	0.01497	0.00874	0.00865	0.02783	0.01695	0.72382	0.05627	0.02159	0.01671	0.00778	0.00614	0.00191	0.00505	0.00623	0.00732	0.00997
37	0.00771	0.00551	0.00719	0.00850	0.00889	0.00509	0.00566	0.00855	0.01150	0.01540	0.03243	0.78540	0.03874	0.01849	0.00765	0.00246	0.00359	0.01661	0.00558	0.00504
38	0.01429	0.01604	0.03450	0.02476	0.03065	0.01498	0.73170	0.01899	0.01407	0.01914	0.01233	0.01646	0.00937	0.00530	0.00710	0.00207	0.00996	0.00703	0.00314	0.00813
39	0.00771	0.00551	0.00719	0.00850	0.00889	0.00509	0.00566	0.00855	0.01150	0.01540	0.03243	0.78540	0.03874	0.01849	0.00765	0.00246	0.00359	0.01661	0.00558	0.00504
40	0.01236	0.04728	0.69828	0.01629	0.02458	0.01369	0.02049	0.01854	0.01261	0.01885	0.01096	0.01300	0.00800	0.00583	0.00566	0.00188	0.00846	0.00441	0.00272	0.05613
41	0.01609	0.79221	0.03069	0.01034	0.01532	0.02321	0.01017	0.01778	0.01218	0.01424	0.00869	0.01016	0.00802	0.00537	0.00400	0.00135	0.00640	0.00331	0.00269	0.00775
42	0.82963	0.01164	0.00897	0.00806	0.01168	0.01334	0.00656	0.01747	0.01028	0.02654	0.00870	0.01028	0.00687	0.00579	0.00386	0.00191	0.00470	0.00335	0.00379	0.00660
43	0.02259	0.01664	0.01779	0.01374	0.01840	0.01828	0.01127	0.73363	0.02756	0.03700	0.01451	0.01475	0.01043	0.00736	0.00606	0.00185	0.00658	0.00542	0.00599	0.01016
44	0.00846	0.00564	0.00634	0.00634	0.00634	0.00564	0.00352	0.00846	0.00846	0.01128	0.01832	0.03805	0.02114	0.79563	0.02960	0.00564	0.00564	0.00846	0.00352	0.00352
45	0.01026	0.00561	0.00632	0.00632	0.00760	0.00584	0.00480	0.01282	0.01154	0.01980	0.01819	0.02195	0.01482	0.01523	0.18053	0.00319	0.00566	0.00561	0.63853	0.00537
46	0.02609	0.00990	0.01350	0.01035	0.01484	0.00855	0.00855	0.02834	0.01664	0.76338	0.02294	0.01979	0.01439	0.00720	0.00585	0.00180	0.00495	0.00585	0.00720	0.00990
47	0.00823	0.00594	0.00777	0.00732	0.00869	0.00549	0.00549	0.01097	0.01646	0.02332	0.75629	0.04344	0.05487	0.01189	0.00686	0.00183	0.00274	0.01052	0.00640	0.00549
48	0.01169	0.00994	0.01166	0.00857	0.01338	0.00752	0.00678	0.01415	0.01199	0.01864	0.01196	0.07052	0.01085	0.00535	0.00454	0.00097	0.00424	0.00443	0.00359	0.76921
49	0.01166	0.03008	0.76550	0.01657	0.02517	0.01351	0.02149	0.01842	0.01228	0.01842	0.01044	0.01228	0.00737	0.00552	0.00552	0.00184	0.00859	0.00430	0.00246	0.00859
50	0.83671	0.01125	0.00855	0.00765	0.01125	0.01305	0.00630	0.01709	0.00990	0.02609	0.00810	0.00945	0.00630	0.00540	0.00360	0.00180	0.00450	0.00315	0.00360	0.00630
51	0.02211	0.01629	0.01745	0.01338	0.01803	0.01803	0.01105	0.73997	0.02734	0.03665	0.01396	0.01396	0.00989	0.00698	0.00582	0.00175	0.00640	0.00524	0.00582	0.00989
52	0.01166	0.03008	0.76550	0.01657	0.02517	0.01351	0.02149	0.01842	0.01228	0.01842	0.01044	0.01228	0.00737	0.00552	0.00552	0.00184	0.00859	0.00430	0.00246	0.00859
53	0.02172	0.02772	0.01648	0.01498	0.01798	0.77228	0.01124	0.02322	0.01648	0.01423	0.00899	0.01049	0.00749	0.00599	0.00524	0.00150	0.01049	0.00375	0.00300	0.00674
54	0.01555	0.79913	0.03047	0.00995	0.01493	0.02301	0.00995	0.01741	0.01182	0.01368	0.00808	0.00933	0.00746	0.00498	0.00373	0.00124	0.00622	0.00311	0.00249	0.00746
55	0.00907	0.00660	0.00895	0.01012	0.01154	0.00648	0.00877	0.01160	0.01337	0.01720	0.03421	0.06442	0.12152	0.01590	0.00789	0.00259	0.00506	0.63406	0.00536	0.00530
56	0.01098	0.01034	0.01744	0.78165	0.04005	0.01292	0.01615	0.01486	0.01163	0.01486	0.01034	0.01550	0.00775	0.00581	0.00581	0.00194	0.00775	0.00517	0.00258	0.00646
57	0.00846	0.00564	0.00634	0.00634	0.00634	0.00564	0.00352	0.00846	0.00846	0.01128	0.01832	0.03805	0.02114	0.79563	0.02960	0.00564	0.00564	0.00846	0.00352	0.00352
58	0.00797	0.00593	0.00741	0.00704	0.00853	0.00538	0.00528	0.01047	0.01585	0.02186	0.62271	0.04584	0.18936	0.01243	0.00686	0.00185	0.00278	0.01085	0.00621	0.00538
59	0.00831	0.00623	0.00935	0.00935	0.01038	0.00727	0.00727	0.01038	0.00935	0.01350	0.01558	0.02285	0.01454	0.04361	0.77259	0.00935	0.01558	0.00623	0.00312	0.00519
60	0.01084	0.00542	0.00542	0.00542	0.00678	0.00542	0.00407	0.01355	0.01220	0.02168	0.01897	0.02168	0.01491	0.00678	0.00407	0.00136	0.00271	0.00542	0.82791	0.00542
61	0.02609	0.00990	0.01350	0.01035	0.01484	0.00855	0.00855	0.02834	0.01664	0.76338	0.02294	0.01979	0.01439	0.00720	0.00585	0.00180	0.00495	0.00585	0.00720	0.00990
62	0.02335	0.01430	0.01622	0.01243	0.01704	0.01508	0.01027	0.51813	0.02401	0.26320	0.01676	0.01578	0.01129	0.00705	0.00583	0.00176	0.00595	0.00543	0.00625	0.00989
63	0.01221	0.00674	0.00688	0.00639	0.00815	0.00696	0.00492	0.10195	0.01404	0.02350	0.01836	0.02074	0.01429	0.00680	0.00428	0.00140	0.00316	0.00540	0.72787	0.00596
64	0.00693	0.00589	0.00598	0.00596	0.00789	0.00494	0.00447	0.00847	0.01340	0.01606	0.09061	0.05540	0.72508	0.01460	0.00687	0.00196	0.00294	0.01219	0.00545	0.00494
65	0.01084	0.00542	0.00542	0.00542	0.00678	0.00542	0.00407	0.01355	0.01220	0.02168	0.01897	0.02168	0.01491	0.00678	0.00407	0.00136	0.00271	0.00542	0.82791	0.00542
66	0.00832	0.00619	0.00916	0.00916	0.01013	0.00717	0.00703	0.01026	0.00929	0.01336	0.01575	0.02380	0.01495	0.09077	0.72599	0.00911	0.01495	0.00637	0.00314	0.00509
67	0.00926	0.00666	0.00922	0.01050	0.01187	0.00662	0.00915	0.01189	0.01338	0.01733	0.03202	0.06518	0.06502	0.01601	0.00798	0.00265	0.00525	0.68934	0.00536	0.00534
68	0.00709	0.00506	0.00675	0.00810	0.00843	0.00472	0.00540	0.00810	0.01113	0.01484	0.03205	0.79184	0.03846	0.01822	0.00742	0.00236	0.00337	0.01653	0.00540	0.00472
69	0.02013	0.22675	0.02009	0.01368	0.01719	0.57896	0.01090	0.02172	0.01528	0.01409	0.00876	0.01019	0.00748	0.00573	0.00485	0.00143	0.00939	0.00358	0.00287	0.00693
70	0.01987	0.25863	0.02067	0.01348	0.01706	0.54800	0.01085	0.02148	0.01508	0.01407	0.00872	0.01014	0.00748	0.00569	0.00479	0.00142	0.00921	0.00355	0.00284	0.00696
71	0.01010	0.00505	0.00758	0.00758	0.00758	0.00505	0.00505	0.00758	0.00758	0.01010	0.01010	0.01768	0.01010	0.02020	0.02273	0.83081	0.00505	0.00505	0.00253	0.00253
72	0.02211	0.01629	0.01745	0.01338	0.01803	0.01803	0.01105	0.73997	0.02734	0.03665	0.01396	0.01396	0.00989	0.00698	0.00582	0.00175	0.00640	0.00524	0.00582	0.00989
73	0.83671	0.01125	0.00855	0.00765	0.01125	0.01305	0.00630	0.01709	0.00990	0.02609	0.00810	0.00945	0.00630	0.00540	0.00360	0.00180	0.00450	0.00315	0.00360	0.00630
74	0.00937	0.00669	0.00937	0.01071	0.01205	0.00669	0.00937	0.01205	0.01339	0.01740	0.03079	0.06560	0.03347	0.01606	0.00803	0.00268	0.00535	0.72021	0.00535	0.00535
75	0.01555	0.79913	0.03047	0.00995	0.01493	0.02301	0.00995	0.01741	0.01182	0.01368	0.00808	0.00933	0.00746	0.00498	0.00373	0.00124	0.00622	0.00311	0.00249	0.00746
76	0.00907	0.00685	0.00924	0.05799	0.01288	0.00685	0.00863	0.01193	0.02963	0.01762	0.09640	0.05798	0.15411	0.01466	0.00755	0.00242	0.00486	0.48058	0.00529	0.00545
77	0.01404	0.01505	0.06796	0.03161	0.54909	0.01414	0.15067	0.01785	0.01308	0.01867	0.01091	0.01443	0.00896	0.00538	0.00655	0.00181	0.04271	0.00544	0.00285	0.00879
78	0.01420	0.01362	0.02325	0.07857	0.71801	0.01377	0.01775	0.01768	0.01315	0.01876	0.01090	0.01446	0.00913	0.00522	0.00576	0.00174	0.00696	0.00518	0.00286	0.00905
79	0.02488	0.01048	0.01369	0.01065	0.01505	0.00959	0.00875	0.06946	0.07890	0.65940	0.02249	0.01962	0.01442	0.00724	0.00585	0.00181	0.00500	0.00587	0.00701	0.00984
80	0.00696	0.00592	0.00601	0.00605	0.00799	0.00497	0.00458	0.00847	0.01326	0.01577	0.05798	0.05628	0.73312	0.01477	0.00691	0.00199	0.00303	0.03563	0.00540	0.00492
81	0.01708	0.27791	0.11221	0.01278	0.01732	0.17032	0.01176	0.13373	0.13106	0.01965	0.01191	0.01270	0.00946	0.00619	0.00543	0.00160	0.03284	0.00433	0.00365	0.00807
82	0.00843	0.00637	0.00944	0.00932	0.01050	0.00728	0.00726	0.01052	0.00944	0.01368	0.01540	0.02249	0.01434	0.04232	0.74724	0.00907	0.01520	0.00614	0.00313	0.03245
83	0.00687	0.00589	0.00589	0.00589	0.00785	0.00491	0.00442	0.00835	0.01325	0.01571	0.05891	0.05596	0.75700	0.01473	0.00687	0.00196	0.00295	0.01227	0.00540	0.00491

[dist]
# distance from previous block
# <min> <max>
4	181

# created by:
# /software/SequenceAnalysis/GenePrediction/augustus/3.0.1/scripts/msa2prfl.pl ./fixed/BUSCOvEOG7FR25P.fas
