[name]
unknown

[dist]
# distance from previous block
# <min> <max>
0	209

[block]
# block no. 0 follows, 41 sequences, length 24
# corresponding to MSA columns:
# 253-276
name=unknown_A
#
# <colnr> <probs for GDERKNQSTAVLIFYWHMCP>
#	G	D	E	R	K	N	Q	S	T	A	V	L	I	F	Y	W	H	M	C	P
0	0.00823	0.00588	0.00808	0.00940	0.01028	0.00573	0.00749	0.01014	0.01219	0.01601	0.03083	0.38685	0.03509	0.01674	0.00764	0.00250	0.00441	0.41226	0.00529	0.00499
1	0.01270	0.01206	0.01985	0.05914	0.59918	0.01198	0.01511	0.01576	0.01296	0.01795	0.01922	0.02155	0.14419	0.00681	0.00586	0.00175	0.00613	0.00635	0.00327	0.00819
2	0.01552	0.01723	0.23454	0.02142	0.29915	0.02529	0.01548	0.06354	0.01411	0.15524	0.01447	0.07321	0.01164	0.00664	0.00573	0.00179	0.00669	0.00578	0.00385	0.00867
3	0.01186	0.01102	0.01633	0.20600	0.06615	0.02784	0.05926	0.04785	0.01160	0.01622	0.04077	0.09787	0.01358	0.04301	0.01132	0.00225	0.26958	0.00666	0.03446	0.00636
4	0.00884	0.00645	0.00802	0.00741	0.00894	0.00611	0.00556	0.05516	0.01624	0.02262	0.62726	0.04164	0.10293	0.04841	0.00773	0.00198	0.00307	0.01006	0.00606	0.00553
5	0.01997	0.07151	0.01739	0.09461	0.01978	0.47555	0.01144	0.18662	0.01787	0.01907	0.01004	0.01154	0.00793	0.00604	0.00525	0.00156	0.00885	0.00413	0.00351	0.00735
6	0.01688	0.05551	0.28557	0.01717	0.09779	0.36828	0.01526	0.04735	0.01463	0.01676	0.00970	0.01143	0.00759	0.00565	0.00527	0.00162	0.00898	0.00406	0.00283	0.00768
7	0.01147	0.02959	0.76934	0.01630	0.02476	0.01328	0.02113	0.01811	0.01208	0.01811	0.01026	0.01208	0.00725	0.00543	0.00543	0.00181	0.00845	0.00423	0.00242	0.00845
8	0.00960	0.00786	0.00879	0.00828	0.00992	0.05332	0.00630	0.01363	0.09307	0.02222	0.60334	0.03954	0.04633	0.01112	0.00661	0.00183	0.00347	0.04293	0.00599	0.00585
9	0.01722	0.01088	0.01217	0.01070	0.01397	0.04704	0.00860	0.02499	0.31125	0.27471	0.02590	0.02856	0.07390	0.00903	0.00612	0.00195	0.00490	0.10378	0.00600	0.00834
10	0.01183	0.02639	0.61318	0.01727	0.02474	0.01376	0.11903	0.01782	0.01203	0.01782	0.01024	0.01257	0.00746	0.00569	0.00660	0.00188	0.06640	0.00463	0.00249	0.00819
11	0.00832	0.00555	0.00624	0.00624	0.00624	0.00555	0.00347	0.00832	0.00832	0.01109	0.01802	0.03743	0.02080	0.79898	0.02911	0.00555	0.00555	0.00832	0.00347	0.00347
12	0.00921	0.00678	0.00858	0.00932	0.01045	0.00686	0.00705	0.06523	0.06856	0.01757	0.02925	0.48282	0.03290	0.01577	0.00723	0.00233	0.00415	0.20505	0.00537	0.00552
13	0.01441	0.01349	0.02203	0.07819	0.61504	0.01410	0.01663	0.07095	0.01368	0.01940	0.01073	0.01409	0.00892	0.00559	0.00652	0.00177	0.05761	0.00509	0.00301	0.00876
14	0.00826	0.00577	0.00736	0.00736	0.00775	0.00616	0.00487	0.00904	0.00865	0.01192	0.01700	0.03174	0.01833	0.51153	0.31319	0.00693	0.00926	0.00749	0.00331	0.00409
15	0.00848	0.00536	0.00718	0.00814	0.00881	0.00495	0.00556	0.00958	0.01139	0.07562	0.03080	0.73235	0.03591	0.01704	0.00718	0.00228	0.00344	0.01541	0.00545	0.00506
16	0.01338	0.01506	0.03171	0.02296	0.02802	0.01485	0.65062	0.01775	0.01290	0.01775	0.01106	0.01506	0.00853	0.00547	0.00826	0.00200	0.10771	0.00653	0.00284	0.00753
17	0.01905	0.19080	0.09784	0.01386	0.01779	0.53757	0.01184	0.02114	0.01481	0.01432	0.00880	0.01026	0.00735	0.00564	0.00487	0.00146	0.00924	0.00361	0.00279	0.00697
18	0.01692	0.01097	0.01274	0.01034	0.01362	0.01137	0.00831	0.32009	0.04822	0.15168	0.29938	0.02599	0.02757	0.00877	0.00612	0.00177	0.00462	0.00727	0.00617	0.00806
19	0.02500	0.01080	0.01393	0.01068	0.01513	0.00999	0.00882	0.14932	0.01816	0.64330	0.02107	0.01850	0.01341	0.00704	0.00575	0.00176	0.00511	0.00565	0.00685	0.00973
20	0.01315	0.01256	0.02139	0.26079	0.54550	0.01332	0.01705	0.01667	0.01255	0.01746	0.01058	0.01449	0.00863	0.00528	0.00568	0.00176	0.00704	0.00509	0.00274	0.00825
21	0.01291	0.01109	0.01455	0.01785	0.25315	0.03924	0.01075	0.14517	0.04128	0.02076	0.05811	0.15726	0.12086	0.01010	0.00630	0.00191	0.00533	0.06150	0.00456	0.00731
22	0.01086	0.00608	0.00661	0.00634	0.00754	0.00661	0.00489	0.01337	0.01166	0.02053	0.01749	0.02040	0.01391	0.00701	0.00554	0.00146	0.08482	0.00530	0.74415	0.00543
23	0.02348	0.01021	0.01328	0.01027	0.01466	0.00917	0.00842	0.05404	0.07613	0.61917	0.02129	0.01879	0.01380	0.00690	0.00563	0.00171	0.00484	0.00560	0.00663	0.07598

[dist]
# distance from previous block
# <min> <max>
0	6

[block]
# block no. 1 follows, 41 sequences, length 36
# corresponding to MSA columns:
# 283-318
name=unknown_B
#
# <colnr> <probs for GDERKNQSTAVLIFYWHMCP>
#	G	D	E	R	K	N	Q	S	T	A	V	L	I	F	Y	W	H	M	C	P
0	0.01905	0.01418	0.01523	0.01199	0.01619	0.01518	0.00971	0.50044	0.11071	0.03147	0.01534	0.01575	0.01139	0.00695	0.00560	0.00169	0.00566	0.00526	0.08117	0.10703
1	0.01521	0.26209	0.18130	0.01477	0.02037	0.06229	0.17122	0.01864	0.01302	0.07444	0.01128	0.01327	0.00888	0.00648	0.02564	0.00182	0.00775	0.00463	0.00319	0.08369
2	0.19422	0.45909	0.16927	0.01097	0.01624	0.03357	0.01142	0.01766	0.01168	0.01748	0.00891	0.01046	0.00753	0.00543	0.00423	0.00155	0.00644	0.00347	0.00285	0.00753
3	0.08076	0.01024	0.01331	0.01035	0.01473	0.00910	0.00848	0.03706	0.01632	0.70225	0.02184	0.01930	0.01396	0.00726	0.00580	0.00185	0.00502	0.00571	0.00695	0.00971
4	0.01007	0.08069	0.01322	0.27406	0.02042	0.00995	0.01010	0.01238	0.01228	0.01592	0.05910	0.18709	0.11567	0.01137	0.00676	0.00212	0.02075	0.11176	0.02035	0.00592
5	0.01038	0.00953	0.01656	0.20739	0.07666	0.00982	0.16012	0.01291	0.01201	0.01610	0.02052	0.36622	0.02197	0.01135	0.00704	0.00218	0.01832	0.01059	0.00404	0.00631
6	0.00869	0.00623	0.00831	0.00832	0.00898	0.00672	0.00587	0.00980	0.00935	0.01313	0.03175	0.04952	0.01855	0.32778	0.45266	0.00752	0.01114	0.00745	0.00350	0.00473
7	0.01597	0.01324	0.01397	0.01220	0.01569	0.01506	0.00955	0.15379	0.62242	0.02639	0.02200	0.02061	0.01650	0.00790	0.00600	0.00199	0.00499	0.00638	0.00594	0.00939
8	0.01224	0.02777	0.66397	0.01810	0.05780	0.01364	0.08716	0.01840	0.01254	0.01858	0.01087	0.01312	0.00791	0.00568	0.00576	0.00190	0.00862	0.00465	0.00264	0.00864
9	0.01456	0.07906	0.26350	0.03334	0.16201	0.08482	0.20199	0.01870	0.01332	0.01805	0.01111	0.01419	0.00881	0.00601	0.00665	0.00193	0.04535	0.00522	0.00297	0.00840
10	0.00846	0.00624	0.00702	0.00718	0.00807	0.00579	0.00474	0.00906	0.01112	0.01434	0.04836	0.15844	0.27860	0.33618	0.06677	0.00409	0.00517	0.01093	0.00469	0.00474
11	0.00826	0.00580	0.00717	0.00806	0.00838	0.00544	0.00517	0.00873	0.01074	0.01441	0.02824	0.56973	0.03338	0.24102	0.01386	0.00339	0.00426	0.01411	0.00505	0.00477
12	0.01369	0.01202	0.01757	0.37172	0.17752	0.01353	0.01440	0.07736	0.14091	0.01976	0.01516	0.02072	0.01246	0.00734	0.00624	0.00206	0.00690	0.05871	0.00392	0.00799
13	0.02419	0.01177	0.05377	0.01120	0.01571	0.00991	0.00950	0.08662	0.03244	0.60740	0.05657	0.02081	0.01609	0.00775	0.00614	0.00193	0.00536	0.00611	0.00690	0.00984
14	0.01202	0.00699	0.00782	0.09265	0.01147	0.00722	0.00602	0.04606	0.01311	0.02194	0.01824	0.02137	0.01439	0.00712	0.00465	0.00157	0.00369	0.00556	0.69200	0.00609
15	0.00936	0.00853	0.00998	0.00927	0.01130	0.05354	0.07310	0.01097	0.02341	0.01643	0.05350	0.23101	0.43860	0.01424	0.00713	0.00215	0.00441	0.01218	0.00523	0.00568
16	0.05419	0.12966	0.50910	0.01608	0.06747	0.01451	0.01769	0.01931	0.01288	0.08728	0.01185	0.01354	0.00878	0.00605	0.00551	0.00187	0.00776	0.00449	0.00323	0.00876
17	0.01400	0.01398	0.02275	0.01760	0.02093	0.06955	0.35032	0.04895	0.01326	0.01815	0.01402	0.06585	0.01263	0.08014	0.01079	0.00244	0.13816	0.00702	0.07234	0.00713
18	0.00878	0.00643	0.00802	0.00772	0.00912	0.00582	0.00567	0.01096	0.01596	0.02228	0.62781	0.10024	0.12281	0.01291	0.00713	0.00201	0.00308	0.01115	0.00637	0.00574
19	0.01549	0.01457	0.05922	0.06718	0.58398	0.01362	0.06157	0.01879	0.01369	0.07444	0.01247	0.01573	0.01006	0.00584	0.00609	0.00189	0.00721	0.00547	0.00341	0.00927
20	0.01797	0.01532	0.02013	0.02476	0.40069	0.06161	0.01434	0.21506	0.09069	0.05784	0.01405	0.01590	0.01099	0.00654	0.00603	0.00187	0.00683	0.00546	0.00439	0.00952
21	0.00881	0.00649	0.00911	0.00936	0.01025	0.00704	0.00694	0.01027	0.01010	0.01429	0.01975	0.19219	0.02045	0.07396	0.56308	0.00758	0.01239	0.00869	0.00386	0.00538
22	0.01332	0.01112	0.01277	0.00935	0.01442	0.00875	0.00740	0.06031	0.01332	0.02047	0.01124	0.01316	0.00936	0.00498	0.00471	0.00107	0.00466	0.00379	0.00382	0.77199
23	0.01272	0.02644	0.58912	0.01791	0.02529	0.01421	0.13350	0.01836	0.01258	0.01859	0.01112	0.01381	0.00831	0.00624	0.00699	0.00204	0.06645	0.00496	0.00280	0.00859
24	0.00941	0.00675	0.00801	0.00796	0.00836	0.00696	0.00524	0.00988	0.01035	0.01442	0.07072	0.17200	0.05747	0.44198	0.02031	0.00413	0.07667	0.00978	0.05489	0.00471
25	0.00907	0.00677	0.00980	0.00977	0.01086	0.00766	0.00751	0.01085	0.00976	0.01410	0.01610	0.02351	0.01503	0.04296	0.76623	0.00925	0.01547	0.00638	0.00336	0.00556
26	0.06861	0.01291	0.01722	0.01412	0.01786	0.01376	0.16824	0.05621	0.42225	0.02347	0.05676	0.02305	0.06238	0.00805	0.00633	0.00206	0.00582	0.00703	0.00528	0.00858
27	0.00792	0.00595	0.00714	0.00787	0.00883	0.00531	0.00543	0.00896	0.01256	0.01641	0.10632	0.50742	0.24435	0.01678	0.00743	0.00231	0.00345	0.01465	0.00566	0.00523
28	0.01392	0.04881	0.01757	0.01431	0.01541	0.08541	0.05903	0.01530	0.01079	0.01559	0.01060	0.01582	0.00988	0.05082	0.01515	0.00249	0.49222	0.00539	0.09485	0.00663
29	0.01289	0.09353	0.62904	0.01796	0.09201	0.01452	0.02002	0.01851	0.01265	0.01853	0.01097	0.01320	0.00824	0.00593	0.00567	0.00191	0.00835	0.00449	0.00276	0.00883
30	0.00913	0.00691	0.00835	0.00841	0.01001	0.00642	0.00652	0.01179	0.04959	0.02011	0.34374	0.08502	0.22808	0.01389	0.00733	0.00220	0.00374	0.16694	0.00600	0.00581
31	0.01511	0.01303	0.01347	0.01224	0.01543	0.03445	0.00948	0.04103	0.67678	0.02421	0.02376	0.02406	0.01850	0.00862	0.00626	0.00211	0.00504	0.04123	0.00597	0.00922
32	0.02245	0.01653	0.01767	0.01368	0.01828	0.01810	0.01119	0.73492	0.02722	0.03657	0.01454	0.01489	0.01052	0.00742	0.00608	0.00187	0.00656	0.00542	0.00598	0.01012
33	0.00783	0.00583	0.00708	0.00804	0.00883	0.00523	0.00547	0.00869	0.01199	0.01561	0.03838	0.60950	0.21048	0.01750	0.00751	0.00238	0.00353	0.01538	0.00557	0.00515
34	0.01127	0.00866	0.01060	0.01112	0.01294	0.00905	0.00908	0.01729	0.22277	0.01954	0.02902	0.13349	0.02956	0.01419	0.00757	0.00255	0.00513	0.43378	0.00569	0.00672
35	0.77536	0.01196	0.00960	0.00849	0.01214	0.01358	0.00688	0.06510	0.01142	0.02700	0.00922	0.01080	0.00726	0.00598	0.00407	0.00192	0.00484	0.00353	0.00397	0.00687

[dist]
# distance from previous block
# <min> <max>
0	1

[block]
# block no. 2 follows, 41 sequences, length 18
# corresponding to MSA columns:
# 320-337
name=unknown_C
#
# <colnr> <probs for GDERKNQSTAVLIFYWHMCP>
#	G	D	E	R	K	N	Q	S	T	A	V	L	I	F	Y	W	H	M	C	P
0	0.36038	0.00778	0.00723	0.00709	0.00865	0.00847	0.00495	0.01186	0.00939	0.01790	0.01618	0.16142	0.01766	0.32245	0.01436	0.00337	0.00467	0.00753	0.00383	0.00483
1	0.01311	0.01176	0.01603	0.01837	0.27580	0.01095	0.01097	0.01851	0.15136	0.01965	0.01283	0.01444	0.01036	0.00520	0.00503	0.00135	0.00518	0.00456	0.00365	0.39086
2	0.00871	0.00599	0.00668	0.00660	0.00681	0.00612	0.00384	0.00978	0.05756	0.01194	0.01837	0.03637	0.02057	0.74666	0.02757	0.00531	0.00548	0.00820	0.00362	0.00384
3	0.04956	0.12720	0.01634	0.32885	0.04823	0.10486	0.01143	0.02935	0.01297	0.01678	0.09776	0.01912	0.05549	0.00682	0.00533	0.00169	0.00643	0.00553	0.04981	0.00643
4	0.01057	0.00867	0.01044	0.00880	0.01189	0.00801	0.04180	0.01553	0.15016	0.01952	0.09923	0.03027	0.19112	0.00882	0.00562	0.00158	0.00396	0.03930	0.09831	0.23642
5	0.12097	0.06671	0.46097	0.05784	0.02236	0.01389	0.05503	0.01909	0.09567	0.01932	0.01137	0.01295	0.00837	0.00563	0.00522	0.00180	0.00736	0.00445	0.00298	0.00800
6	0.00821	0.00603	0.00794	0.00905	0.01011	0.00584	0.00718	0.01043	0.03095	0.01615	0.03371	0.33946	0.11683	0.01625	0.00749	0.00242	0.00424	0.35732	0.00530	0.00508
7	0.39874	0.01137	0.01117	0.00959	0.01322	0.01252	0.00783	0.10345	0.15538	0.15673	0.01538	0.01700	0.01166	0.00686	0.00486	0.00184	0.00478	0.04497	0.00494	0.00771
8	0.00709	0.00503	0.00660	0.00780	0.00810	0.00473	0.00514	0.00800	0.01070	0.01427	0.03026	0.72442	0.03624	0.09092	0.00934	0.00262	0.00353	0.01552	0.00514	0.00454
9	0.01499	0.01482	0.01992	0.02708	0.49635	0.10007	0.01474	0.02128	0.19384	0.01943	0.01360	0.01547	0.01092	0.00584	0.00564	0.00173	0.00664	0.00527	0.00357	0.00878
10	0.00758	0.00517	0.00644	0.00730	0.00759	0.00496	0.00468	0.00837	0.01022	0.01392	0.02674	0.52372	0.03140	0.25232	0.01368	0.00324	0.00395	0.01326	0.05114	0.00433
11	0.01147	0.02959	0.76934	0.01630	0.02476	0.01328	0.02113	0.01811	0.01208	0.01811	0.01026	0.01208	0.00725	0.00543	0.00543	0.00181	0.00845	0.00423	0.00242	0.00845
12	0.01416	0.01359	0.02322	0.03511	0.76330	0.01359	0.01755	0.01755	0.01302	0.01869	0.01076	0.01416	0.00906	0.00510	0.00566	0.00170	0.00680	0.00510	0.00283	0.00906
13	0.01473	0.01418	0.01979	0.01658	0.05889	0.06807	0.23017	0.06470	0.35660	0.02179	0.01727	0.01797	0.01307	0.00649	0.00594	0.00184	0.00659	0.00614	0.05085	0.00831
14	0.00702	0.00513	0.00661	0.00767	0.00825	0.00472	0.00521	0.00818	0.01153	0.01525	0.08271	0.66168	0.12078	0.01712	0.00720	0.00224	0.00323	0.01540	0.00538	0.00472
15	0.00697	0.00498	0.00664	0.00796	0.00830	0.00465	0.00531	0.00796	0.01095	0.01460	0.03153	0.79525	0.03783	0.01792	0.00730	0.00232	0.00332	0.01626	0.00531	0.00465
16	0.01928	0.00915	0.01217	0.01090	0.05507	0.00837	0.00823	0.02271	0.07702	0.46319	0.11336	0.02781	0.09767	0.00873	0.00607	0.00184	0.00450	0.03913	0.00638	0.00841
17	0.00789	0.00564	0.00769	0.00902	0.00975	0.00544	0.00691	0.00956	0.01186	0.01563	0.03102	0.49571	0.03582	0.01705	0.00755	0.00245	0.00412	0.30671	0.00529	0.00490

[dist]
# distance from previous block
# <min> <max>
7	28

[block]
# block no. 3 follows, 41 sequences, length 25
# corresponding to MSA columns:
# 366-390
name=unknown_D
#
# <colnr> <probs for GDERKNQSTAVLIFYWHMCP>
#	G	D	E	R	K	N	Q	S	T	A	V	L	I	F	Y	W	H	M	C	P
0	0.01803	0.01456	0.04423	0.01334	0.04741	0.01535	0.01062	0.36011	0.30356	0.06117	0.01742	0.01680	0.01273	0.00701	0.00570	0.00178	0.00560	0.00559	0.00550	0.03347
1	0.00976	0.00924	0.06848	0.00956	0.01186	0.02117	0.03932	0.01354	0.09782	0.04763	0.08295	0.20709	0.20122	0.04217	0.06849	0.00273	0.00532	0.05082	0.00489	0.00595
2	0.02468	0.01846	0.29320	0.01206	0.01611	0.13378	0.02099	0.01553	0.04046	0.01622	0.06065	0.10941	0.03843	0.16325	0.01036	0.00256	0.00690	0.00700	0.00351	0.00644
3	0.17557	0.01179	0.01179	0.00986	0.01374	0.03328	0.00780	0.04290	0.31689	0.02251	0.01605	0.01604	0.02512	0.00620	0.00487	0.00154	0.00460	0.00481	0.00451	0.27013
4	0.01152	0.00942	0.01161	0.00911	0.01306	0.00770	0.02907	0.05303	0.01259	0.03047	0.01562	0.19631	0.01554	0.00766	0.00514	0.00129	0.00431	0.00665	0.00401	0.55590
5	0.01498	0.02177	0.43565	0.01910	0.16775	0.01241	0.05080	0.02000	0.01320	0.17061	0.01292	0.01414	0.00907	0.00567	0.00560	0.00179	0.00745	0.00482	0.00347	0.00880
6	0.01358	0.01409	0.02615	0.02694	0.33447	0.01470	0.29542	0.01711	0.01237	0.01758	0.01043	0.01432	0.00861	0.00595	0.00865	0.00194	0.16118	0.00571	0.00279	0.00799
7	0.01322	0.01242	0.01810	0.06499	0.29666	0.01402	0.03372	0.01982	0.22462	0.01880	0.01641	0.01833	0.05408	0.00739	0.00837	0.00196	0.15933	0.00592	0.00375	0.00808
8	0.02173	0.00886	0.01196	0.00978	0.01337	0.00781	0.00781	0.02403	0.03248	0.60235	0.02434	0.17163	0.01888	0.00922	0.00606	0.00188	0.00456	0.00783	0.00670	0.00872
9	0.01539	0.01360	0.15618	0.04804	0.10543	0.01089	0.01209	0.04048	0.07170	0.21942	0.01591	0.01817	0.01208	0.04105	0.15813	0.00340	0.04031	0.00553	0.00426	0.00794
10	0.02942	0.13711	0.01376	0.00892	0.01208	0.01011	0.00723	0.04895	0.01424	0.33935	0.11363	0.02493	0.04077	0.16277	0.01012	0.00243	0.00492	0.00652	0.00536	0.00737
11	0.00934	0.00743	0.01160	0.01281	0.07560	0.00724	0.06686	0.01182	0.01287	0.01718	0.08282	0.23204	0.03177	0.01423	0.00739	0.00236	0.00508	0.38096	0.00496	0.00564
12	0.01161	0.01165	0.03925	0.01406	0.01494	0.01464	0.05710	0.01347	0.00938	0.01442	0.00986	0.01502	0.00922	0.01585	0.16552	0.00371	0.53020	0.00533	0.03863	0.00615
13	0.01370	0.07072	0.01194	0.00983	0.01203	0.10044	0.00762	0.01706	0.09656	0.13740	0.01948	0.17132	0.01810	0.04221	0.20354	0.00381	0.00786	0.00760	0.04223	0.00653
14	0.01499	0.39589	0.02109	0.04282	0.04725	0.04248	0.00948	0.07450	0.03880	0.07999	0.01504	0.16547	0.01452	0.00797	0.00502	0.00161	0.00566	0.00635	0.00381	0.00727
15	0.00715	0.00580	0.00666	0.00673	0.00832	0.00531	0.00505	0.00877	0.01235	0.01550	0.09849	0.10649	0.50585	0.02013	0.15770	0.00338	0.00535	0.01111	0.00494	0.00491
16	0.01789	0.01327	0.01470	0.01180	0.01547	0.01464	0.00962	0.54190	0.02232	0.02995	0.01755	0.01872	0.07023	0.01454	0.15691	0.00320	0.00779	0.00589	0.00517	0.00843
17	0.04243	0.04673	0.03798	0.04196	0.27795	0.01304	0.01212	0.15465	0.10999	0.02172	0.01675	0.16775	0.01564	0.00831	0.00585	0.00185	0.00569	0.00729	0.00424	0.00805
18	0.01648	0.65042	0.02727	0.01076	0.01527	0.17036	0.01004	0.01825	0.01252	0.01356	0.00813	0.00940	0.00735	0.00509	0.00396	0.00127	0.00694	0.00318	0.00254	0.00720
19	0.11085	0.00990	0.01108	0.00886	0.01274	0.00884	0.00695	0.09685	0.01331	0.04928	0.01497	0.16567	0.01432	0.00745	0.00498	0.00138	0.00434	0.00617	0.00419	0.44786
20	0.02137	0.02726	0.01621	0.01474	0.01768	0.77602	0.01105	0.02284	0.01621	0.01400	0.00884	0.01031	0.00737	0.00589	0.00516	0.00147	0.01031	0.00368	0.00295	0.00663
21	0.02177	0.16497	0.01609	0.00992	0.01415	0.01120	0.00847	0.02452	0.04559	0.52995	0.07826	0.01937	0.01612	0.00704	0.00543	0.00167	0.00493	0.00562	0.00606	0.00889
22	0.01322	0.02364	0.50957	0.04192	0.20120	0.01295	0.01912	0.01866	0.01263	0.07759	0.01136	0.01325	0.00824	0.00549	0.00552	0.00178	0.00775	0.00458	0.00289	0.00864
23	0.01348	0.01658	0.16926	0.06394	0.58709	0.01349	0.01818	0.01754	0.01277	0.01840	0.01064	0.01380	0.00864	0.00519	0.00562	0.00173	0.00716	0.00493	0.00274	0.00882
24	0.00693	0.00514	0.00647	0.00754	0.00818	0.00468	0.00512	0.00801	0.01136	0.01477	0.03671	0.65010	0.17963	0.01725	0.00719	0.00225	0.00324	0.01544	0.00531	0.00468

[dist]
# distance from previous block
# <min> <max>
0	9

[block]
# block no. 4 follows, 41 sequences, length 21
# corresponding to MSA columns:
# 400-420
name=unknown_E
#
# <colnr> <probs for GDERKNQSTAVLIFYWHMCP>
#	G	D	E	R	K	N	Q	S	T	A	V	L	I	F	Y	W	H	M	C	P
0	0.01391	0.00825	0.01011	0.00860	0.01107	0.00804	0.00677	0.13798	0.01767	0.16473	0.43291	0.03165	0.03570	0.00959	0.00615	0.00174	0.00371	0.00818	0.07629	0.00694
1	0.01805	0.01093	0.01320	0.01055	0.01425	0.01070	0.00847	0.22106	0.01712	0.25060	0.01831	0.14346	0.01533	0.00838	0.00635	0.00170	0.04458	0.00680	0.00543	0.17473
2	0.01118	0.00979	0.01493	0.32011	0.16276	0.01125	0.01210	0.01489	0.07071	0.01561	0.01336	0.02043	0.01192	0.16737	0.04371	0.00292	0.04647	0.00590	0.03820	0.00640
3	0.00820	0.00601	0.00860	0.00860	0.00941	0.00683	0.00641	0.00983	0.00902	0.01284	0.01587	0.02548	0.01561	0.19518	0.62582	0.00846	0.01335	0.00657	0.00315	0.00478
4	0.05283	0.01530	0.20536	0.01323	0.01612	0.01312	0.02696	0.06713	0.01163	0.01763	0.01402	0.17037	0.01394	0.00975	0.01058	0.00214	0.29166	0.00704	0.03447	0.00673
5	0.01385	0.01135	0.01293	0.00942	0.01440	0.00966	0.00760	0.16140	0.01489	0.02215	0.01088	0.01224	0.00872	0.00477	0.00454	0.00102	0.00465	0.00374	0.00386	0.66794
6	0.01224	0.01422	0.08918	0.01862	0.02242	0.01347	0.36532	0.01596	0.01223	0.01702	0.01430	0.02436	0.01317	0.00827	0.00961	0.00219	0.18648	0.15076	0.00324	0.00695
7	0.00766	0.00577	0.00670	0.00650	0.00779	0.00522	0.00463	0.00937	0.01348	0.01788	0.35984	0.04606	0.29990	0.17126	0.01126	0.00260	0.00334	0.01055	0.00537	0.00481
8	0.01545	0.00756	0.00943	0.00801	0.01059	0.00702	0.00633	0.05370	0.01565	0.27974	0.26396	0.02813	0.04490	0.00865	0.00566	0.00167	0.00362	0.00727	0.21558	0.00708
9	0.00696	0.00501	0.00660	0.00787	0.00827	0.00465	0.00527	0.00797	0.01104	0.01464	0.03266	0.76354	0.06881	0.01777	0.00728	0.00231	0.00330	0.01608	0.00531	0.00465
10	0.01514	0.01220	0.01299	0.01102	0.01477	0.03359	0.00866	0.05272	0.49754	0.08298	0.01984	0.01870	0.01482	0.00691	0.00547	0.00169	0.00472	0.00566	0.00535	0.17521
11	0.04729	0.01310	0.01539	0.10807	0.07828	0.04169	0.01084	0.35811	0.01978	0.02707	0.16271	0.01944	0.01800	0.00762	0.00648	0.00179	0.04547	0.00605	0.00487	0.00797
12	0.01286	0.15546	0.26638	0.10385	0.02668	0.01530	0.30434	0.01764	0.01249	0.01700	0.01037	0.01326	0.00787	0.00513	0.00568	0.00177	0.00843	0.00512	0.00262	0.00773
13	0.01991	0.01135	0.01326	0.01051	0.01400	0.01159	0.00832	0.32000	0.01910	0.28498	0.04489	0.02156	0.01511	0.16666	0.01048	0.00251	0.00552	0.00619	0.00576	0.00831
14	0.00730	0.00520	0.00681	0.00767	0.00818	0.00487	0.00518	0.00856	0.01179	0.01600	0.17722	0.58256	0.03971	0.07966	0.00895	0.00248	0.00337	0.01443	0.00536	0.00470
15	0.00808	0.00563	0.00668	0.00667	0.00715	0.00554	0.00424	0.00886	0.01026	0.01383	0.15007	0.07631	0.08660	0.50477	0.07769	0.00472	0.00545	0.00920	0.00417	0.00409
16	0.01572	0.01293	0.01600	0.10748	0.01965	0.01453	0.06939	0.17116	0.42697	0.05449	0.01878	0.01851	0.01386	0.00707	0.00586	0.00188	0.00569	0.00603	0.00521	0.00878
17	0.00865	0.16559	0.01134	0.00833	0.00958	0.00827	0.00621	0.00981	0.01109	0.01437	0.02678	0.63692	0.03169	0.01530	0.00657	0.00210	0.00388	0.01360	0.00473	0.00519
18	0.00697	0.00498	0.00664	0.00796	0.00830	0.00465	0.00531	0.00796	0.01095	0.01460	0.03153	0.79525	0.03783	0.01792	0.00730	0.00232	0.00332	0.01626	0.00531	0.00465
19	0.01886	0.15856	0.02000	0.01798	0.16734	0.49217	0.01214	0.02079	0.01477	0.01485	0.00907	0.01089	0.00770	0.00556	0.00500	0.00148	0.00888	0.00386	0.00284	0.00724
20	0.02137	0.02726	0.01621	0.01474	0.01768	0.77602	0.01105	0.02284	0.01621	0.01400	0.00884	0.01031	0.00737	0.00589	0.00516	0.00147	0.01031	0.00368	0.00295	0.00663

[dist]
# distance from previous block
# <min> <max>
0	3

[block]
# block no. 5 follows, 41 sequences, length 71
# corresponding to MSA columns:
# 424-494
name=unknown_F
#
# <colnr> <probs for GDERKNQSTAVLIFYWHMCP>
#	G	D	E	R	K	N	Q	S	T	A	V	L	I	F	Y	W	H	M	C	P
0	0.02796	0.21077	0.19715	0.01305	0.01807	0.14994	0.01266	0.14600	0.07212	0.02888	0.01467	0.01555	0.05520	0.00678	0.00535	0.00172	0.00727	0.00486	0.00381	0.00818
1	0.00875	0.00632	0.00856	0.00864	0.00936	0.00684	0.00619	0.00993	0.00946	0.01332	0.01789	0.08635	0.01850	0.26231	0.49210	0.00764	0.01165	0.00772	0.00356	0.00491
2	0.10313	0.01232	0.01726	0.04103	0.36552	0.01276	0.01266	0.10572	0.07156	0.02318	0.15619	0.02044	0.01861	0.00722	0.00591	0.00186	0.00573	0.00619	0.00435	0.00834
3	0.01281	0.11075	0.58151	0.01607	0.02356	0.01473	0.06322	0.01931	0.06793	0.01859	0.01166	0.01348	0.00868	0.00591	0.00561	0.00187	0.00815	0.00462	0.00291	0.00862
4	0.01535	0.06373	0.03019	0.02111	0.02663	0.01542	0.54633	0.12797	0.01568	0.02124	0.01219	0.01542	0.00931	0.00551	0.00653	0.00191	0.00883	0.00630	0.00352	0.04681
5	0.01054	0.00543	0.00790	0.00787	0.00793	0.00534	0.00524	0.00792	0.00786	0.01054	0.01053	0.01816	0.01049	0.02013	0.02245	0.82581	0.00517	0.00516	0.00269	0.00283
6	0.01219	0.02895	0.71762	0.01711	0.02538	0.01365	0.06534	0.01850	0.01253	0.01866	0.01094	0.01310	0.00791	0.00579	0.00577	0.00193	0.00869	0.00458	0.00265	0.00870
7	0.00749	0.00591	0.00661	0.00713	0.00844	0.00513	0.00503	0.00857	0.01253	0.01565	0.04708	0.36391	0.45308	0.01623	0.00723	0.00220	0.00329	0.01394	0.00549	0.00507
8	0.01223	0.01033	0.01210	0.00893	0.01377	0.00795	0.00706	0.01455	0.01207	0.01884	0.01108	0.01333	0.00939	0.00701	0.05169	0.00147	0.00512	0.00376	0.00357	0.77576
9	0.00884	0.00768	0.05456	0.00824	0.00998	0.00619	0.00662	0.01145	0.01584	0.02245	0.64846	0.10280	0.04993	0.01216	0.00695	0.00195	0.00332	0.01059	0.00615	0.00584
10	0.01133	0.00676	0.00819	0.07068	0.01077	0.00697	0.00595	0.05726	0.01171	0.01799	0.01680	0.07080	0.01520	0.08818	0.01165	0.20519	0.00440	0.00638	0.36871	0.00509
11	0.00837	0.00630	0.00769	0.00737	0.00890	0.00572	0.00550	0.01052	0.01526	0.02085	0.52232	0.04528	0.23884	0.01468	0.05402	0.00239	0.00375	0.01068	0.00601	0.00554
12	0.01444	0.01610	0.10102	0.08528	0.32766	0.01434	0.26902	0.06244	0.01418	0.01978	0.01172	0.01525	0.00924	0.00559	0.00628	0.00192	0.00817	0.00577	0.00317	0.00865
13	0.01028	0.00780	0.00931	0.00918	0.01091	0.00779	0.00705	0.05826	0.12151	0.02103	0.26778	0.18621	0.11300	0.01333	0.00709	0.00218	0.00398	0.13114	0.00590	0.00628
14	0.01170	0.06996	0.01066	0.00884	0.01118	0.13781	0.00674	0.01391	0.06063	0.04342	0.03928	0.13251	0.40667	0.01235	0.00647	0.00195	0.00484	0.01003	0.00498	0.00607
15	0.01404	0.01134	0.01376	0.01047	0.01507	0.00983	0.04384	0.09838	0.07459	0.04845	0.01406	0.06200	0.01192	0.00620	0.00516	0.00133	0.00493	0.00508	0.00428	0.54529
16	0.29362	0.01047	0.06647	0.01058	0.07251	0.00956	0.00795	0.01415	0.01315	0.02265	0.30835	0.02733	0.05432	0.05706	0.00707	0.00212	0.00446	0.00706	0.00475	0.00637
17	0.01881	0.01424	0.12642	0.01758	0.19893	0.01152	0.01260	0.04936	0.09422	0.31565	0.01784	0.01893	0.01301	0.05520	0.00737	0.00211	0.00612	0.00576	0.00512	0.00920
18	0.73843	0.01098	0.00875	0.00792	0.01125	0.01240	0.00636	0.01680	0.01070	0.02586	0.04642	0.01277	0.00982	0.00622	0.00408	0.00189	0.00450	0.00386	0.05449	0.00650
19	0.05881	0.01597	0.07744	0.01294	0.01731	0.04716	0.04482	0.48106	0.02178	0.02952	0.01750	0.06553	0.06826	0.00792	0.00587	0.00181	0.00632	0.00626	0.00509	0.00862
20	0.01508	0.01375	0.01990	0.06275	0.49715	0.05100	0.01482	0.09656	0.07000	0.02088	0.01267	0.01530	0.01020	0.00579	0.00561	0.00172	0.00652	0.00521	0.06639	0.00869
21	0.01276	0.01134	0.01767	0.01413	0.06485	0.00956	0.18712	0.01571	0.01256	0.04988	0.01302	0.07849	0.01141	0.00581	0.00534	0.00136	0.00573	0.00555	0.00361	0.47410
22	0.01124	0.00857	0.01180	0.11845	0.08474	0.00889	0.00893	0.06932	0.04969	0.05255	0.34619	0.03174	0.07451	0.01240	0.06924	0.00246	0.00537	0.02217	0.00513	0.00659
23	0.01433	0.01370	0.02331	0.03516	0.76130	0.01368	0.01760	0.01767	0.01313	0.01884	0.01094	0.01440	0.00923	0.00522	0.00574	0.00173	0.00685	0.00515	0.00289	0.00914
24	0.01004	0.00796	0.00923	0.00856	0.01055	0.00817	0.00650	0.01671	0.24262	0.02267	0.46457	0.03748	0.11028	0.01085	0.00653	0.00189	0.00335	0.00936	0.00611	0.00656
25	0.00907	0.00626	0.00745	0.00698	0.00881	0.00551	0.00528	0.01117	0.01502	0.07664	0.41549	0.04615	0.33962	0.01258	0.00675	0.00188	0.00301	0.01074	0.00601	0.00559
26	0.00838	0.00619	0.00897	0.00896	0.00988	0.00707	0.00679	0.01012	0.00921	0.01319	0.01580	0.02445	0.01522	0.13223	0.68594	0.00877	0.01420	0.00644	0.00317	0.00501
27	0.00739	0.00600	0.00654	0.00656	0.00835	0.00519	0.00502	0.00911	0.01372	0.01710	0.18151	0.05374	0.57297	0.01419	0.00692	0.00200	0.00312	0.06997	0.00554	0.00506
28	0.01789	0.48965	0.02453	0.01189	0.01601	0.32461	0.01036	0.01953	0.01357	0.01385	0.00849	0.00989	0.00752	0.00542	0.00435	0.00136	0.00786	0.00337	0.00271	0.00715
29	0.02022	0.01454	0.01590	0.01227	0.01681	0.01543	0.01004	0.52931	0.08335	0.08839	0.01486	0.01477	0.01069	0.00671	0.00560	0.00165	0.00582	0.00512	0.00557	0.12294
30	0.01204	0.01029	0.01198	0.00859	0.01368	0.00773	0.00686	0.01452	0.01197	0.01880	0.01034	0.01211	0.00864	0.00436	0.00432	0.00088	0.00430	0.00345	0.00345	0.83169
31	0.00716	0.00512	0.00677	0.00809	0.00844	0.00476	0.00539	0.00810	0.01106	0.01477	0.03164	0.79327	0.03792	0.01800	0.00737	0.00235	0.00338	0.01629	0.00536	0.00474
32	0.01033	0.00848	0.01015	0.00842	0.01184	0.00669	0.00634	0.01227	0.01165	0.01738	0.01781	0.28604	0.01891	0.00914	0.00539	0.00140	0.00398	0.00795	0.00412	0.54171
33	0.01374	0.01407	0.02673	0.10539	0.40931	0.01392	0.29437	0.01767	0.01316	0.01830	0.01119	0.01499	0.00894	0.00517	0.00616	0.00184	0.00802	0.00578	0.00289	0.00836
34	0.01413	0.01317	0.02041	0.07702	0.53264	0.01378	0.01542	0.02062	0.19369	0.01987	0.01396	0.01622	0.01119	0.00591	0.00578	0.00180	0.00635	0.00549	0.00360	0.00897
35	0.01294	0.07234	0.42178	0.02313	0.29357	0.01412	0.04532	0.01797	0.01255	0.01819	0.01052	0.01302	0.00814	0.00537	0.00553	0.00177	0.00779	0.00462	0.00265	0.00866
36	0.00906	0.00648	0.00892	0.00998	0.01123	0.00637	0.00844	0.01152	0.01351	0.01788	0.13146	0.12124	0.03633	0.01550	0.00776	0.00252	0.00481	0.56619	0.00547	0.00533
37	0.01558	0.01299	0.01372	0.01199	0.01545	0.01487	0.00941	0.14302	0.63649	0.02598	0.02192	0.02036	0.01638	0.00773	0.00588	0.00194	0.00487	0.00631	0.00586	0.00924
38	0.01009	0.00662	0.00841	0.00868	0.01039	0.00624	0.00714	0.01256	0.02287	0.07450	0.16419	0.06118	0.17670	0.01348	0.00705	0.00220	0.00414	0.32942	0.06844	0.00568
39	0.07299	0.01036	0.01661	0.72495	0.03733	0.01281	0.01521	0.01490	0.01142	0.01561	0.01018	0.01504	0.00769	0.00581	0.00563	0.00193	0.00744	0.00499	0.00268	0.00643
40	0.04818	0.02854	0.71844	0.01618	0.02435	0.01338	0.03556	0.01817	0.01211	0.01861	0.01037	0.01227	0.00740	0.00554	0.00545	0.00184	0.00835	0.00429	0.00254	0.00842
41	0.01159	0.01091	0.01836	0.64775	0.17012	0.01296	0.01624	0.01527	0.01184	0.01552	0.01045	0.01529	0.00806	0.00572	0.00578	0.00190	0.00753	0.00514	0.00266	0.00693
42	0.02163	0.02388	0.01661	0.01436	0.01781	0.54070	0.01106	0.24484	0.01959	0.02095	0.01053	0.01162	0.00827	0.00631	0.00541	0.00158	0.00912	0.00420	0.00386	0.00767
43	0.01256	0.01328	0.02591	0.02099	0.08387	0.01355	0.43733	0.01598	0.01232	0.01712	0.01395	0.13270	0.01306	0.00789	0.00900	0.00211	0.15016	0.00778	0.00324	0.00718
44	0.00746	0.00595	0.00668	0.00681	0.00846	0.00520	0.00517	0.00917	0.01361	0.01715	0.18865	0.10999	0.49908	0.01443	0.00698	0.00203	0.00318	0.07940	0.00555	0.00506
45	0.00848	0.00578	0.00688	0.00687	0.00706	0.00593	0.00418	0.00878	0.00859	0.01164	0.01772	0.03507	0.01983	0.66890	0.15557	0.00618	0.00726	0.00799	0.00346	0.00384
46	0.01232	0.01209	0.01692	0.01463	0.01473	0.01672	0.01212	0.01359	0.00892	0.01390	0.00835	0.01360	0.00825	0.01289	0.08267	0.00310	0.72117	0.00516	0.00261	0.00625
47	0.01165	0.02966	0.76732	0.01640	0.02485	0.01337	0.02117	0.01823	0.01219	0.01827	0.01044	0.01232	0.00742	0.00555	0.00551	0.00184	0.00850	0.00429	0.00248	0.00854
48	0.01164	0.01390	0.24265	0.01039	0.01435	0.00844	0.01055	0.02480	0.01439	0.11574	0.30686	0.03098	0.10209	0.05868	0.00767	0.00208	0.00506	0.00789	0.00497	0.00687
49	0.01477	0.01177	0.01329	0.01001	0.01464	0.01065	0.00802	0.23862	0.01654	0.02390	0.01278	0.06163	0.01086	0.00602	0.00496	0.00124	0.00487	0.00480	0.00429	0.52634
50	0.00871	0.00579	0.00752	0.00837	0.00915	0.00547	0.00576	0.01051	0.04622	0.06259	0.06136	0.67706	0.03617	0.01659	0.00718	0.00228	0.00351	0.01492	0.00554	0.00530
51	0.01474	0.12822	0.08585	0.02859	0.54611	0.01521	0.01637	0.06306	0.01372	0.01913	0.01068	0.01348	0.00887	0.00533	0.00544	0.00167	0.00686	0.00479	0.00298	0.00889
52	0.01016	0.00742	0.00941	0.00877	0.00974	0.00762	0.04160	0.09120	0.01172	0.01605	0.02081	0.24355	0.02303	0.37864	0.01755	0.00372	0.03352	0.00986	0.05063	0.00501
53	0.01185	0.00881	0.01077	0.01045	0.01215	0.00938	0.00837	0.18040	0.01529	0.02035	0.02543	0.20838	0.05257	0.07780	0.00970	0.00259	0.05401	0.27044	0.00512	0.00616
54	0.00960	0.00675	0.00844	0.00899	0.01031	0.00663	0.00701	0.01242	0.07301	0.04784	0.03169	0.20259	0.12575	0.12314	0.01036	0.00282	0.00458	0.29743	0.00521	0.00543
55	0.01881	0.01548	0.01723	0.01687	0.14750	0.07270	0.01179	0.42611	0.11302	0.02876	0.01525	0.01796	0.01203	0.00728	0.00589	0.00181	0.00645	0.05091	0.00505	0.00909
56	0.01487	0.01464	0.02213	0.03214	0.65801	0.07078	0.01658	0.01888	0.06032	0.01883	0.01159	0.01457	0.00963	0.00545	0.00571	0.00173	0.00697	0.00513	0.00309	0.00896
57	0.01859	0.02189	0.01751	0.01652	0.07640	0.48114	0.05711	0.02284	0.13972	0.01647	0.01168	0.01321	0.00947	0.00651	0.00650	0.00171	0.06731	0.00462	0.00345	0.00736
58	0.20844	0.01454	0.01362	0.01154	0.01526	0.07729	0.00921	0.25505	0.28650	0.02754	0.01564	0.01544	0.01170	0.00687	0.00528	0.00182	0.00560	0.00509	0.00508	0.00849
59	0.01846	0.01494	0.01653	0.01328	0.01711	0.07722	0.06474	0.39985	0.13938	0.05104	0.01545	0.01686	0.01181	0.03893	0.07504	0.00259	0.00737	0.00564	0.00508	0.00866
60	0.00978	0.00806	0.01179	0.07284	0.18568	0.00785	0.00894	0.01231	0.01421	0.02660	0.35019	0.09709	0.14029	0.02069	0.00681	0.00193	0.00422	0.00943	0.00501	0.00629
61	0.01340	0.01265	0.01363	0.01328	0.11736	0.11603	0.00890	0.04592	0.01324	0.01830	0.01347	0.12517	0.01285	0.00679	0.00515	0.00134	0.00546	0.00566	0.00369	0.44772
62	0.00907	0.00615	0.00774	0.00734	0.00891	0.00554	0.00549	0.01134	0.01536	0.06769	0.53790	0.10486	0.16583	0.01247	0.00680	0.00189	0.00298	0.01086	0.00616	0.00561
63	0.01642	0.01387	0.07554	0.01183	0.01514	0.01376	0.01003	0.41127	0.01927	0.02607	0.01547	0.02308	0.01386	0.19210	0.01220	0.00277	0.05515	0.05972	0.00475	0.00770
64	0.02005	0.04309	0.01371	0.01064	0.01370	0.01031	0.00860	0.02244	0.04840	0.46701	0.02009	0.07768	0.01541	0.06863	0.00968	0.00223	0.12770	0.00659	0.00575	0.00828
65	0.00926	0.00612	0.00805	0.00778	0.00918	0.00563	0.00583	0.01160	0.01534	0.06801	0.56400	0.16037	0.04801	0.01267	0.00690	0.00195	0.00312	0.04434	0.00619	0.00564
66	0.00974	0.00753	0.01025	0.00968	0.01098	0.00761	0.06615	0.01293	0.10204	0.01585	0.06858	0.09991	0.02575	0.34314	0.01642	0.00367	0.00540	0.17466	0.00451	0.00523
67	0.07327	0.00807	0.00965	0.01019	0.01194	0.00857	0.00827	0.01591	0.18389	0.01903	0.02732	0.18979	0.02834	0.01363	0.00704	0.00238	0.00472	0.36646	0.00533	0.00619
68	0.01428	0.56257	0.25747	0.01191	0.01790	0.01982	0.01335	0.01755	0.01187	0.01506	0.00885	0.01032	0.00748	0.00518	0.00429	0.00144	0.00689	0.00348	0.00250	0.00777
69	0.01284	0.01349	0.07740	0.16861	0.50211	0.01266	0.01643	0.01628	0.01258	0.01767	0.01273	0.08728	0.01151	0.00655	0.00588	0.00184	0.00680	0.00613	0.00304	0.00819
70	0.01257	0.00940	0.01117	0.00895	0.01278	0.00781	0.00692	0.04873	0.03981	0.07996	0.01698	0.19569	0.01633	0.00803	0.00528	0.00138	0.00424	0.00684	0.00440	0.50274

[dist]
# distance from previous block
# <min> <max>
7	15

[block]
# block no. 6 follows, 41 sequences, length 16
# corresponding to MSA columns:
# 511-526
name=unknown_G
#
# <colnr> <probs for GDERKNQSTAVLIFYWHMCP>
#	G	D	E	R	K	N	Q	S	T	A	V	L	I	F	Y	W	H	M	C	P
0	0.10112	0.01675	0.01405	0.01338	0.07795	0.28715	0.00960	0.11909	0.01559	0.07761	0.01214	0.01369	0.00949	0.00813	0.05050	0.00197	0.00749	0.00440	0.08948	0.07044
1	0.07855	0.02912	0.24299	0.05684	0.02180	0.07807	0.13369	0.12987	0.05606	0.07707	0.01290	0.03514	0.00973	0.00618	0.00562	0.00180	0.00747	0.00525	0.00375	0.00810
2	0.07645	0.00968	0.01063	0.00879	0.01187	0.00983	0.00701	0.20327	0.01565	0.02408	0.07145	0.01828	0.01444	0.01092	0.09876	0.00236	0.00561	0.00520	0.21920	0.17653
3	0.01067	0.01141	0.07377	0.54582	0.03306	0.01183	0.07633	0.01448	0.01175	0.01538	0.01343	0.07830	0.01188	0.00731	0.00607	0.00199	0.00735	0.05980	0.00298	0.00642
4	0.07784	0.01327	0.01922	0.23158	0.25936	0.04690	0.06959	0.11619	0.01432	0.02025	0.01072	0.01378	0.00839	0.00547	0.00548	0.00171	0.00695	0.00488	0.00325	0.07085
5	0.07189	0.00675	0.00754	0.00736	0.00918	0.00666	0.00571	0.01207	0.06854	0.01929	0.23325	0.04107	0.28010	0.01442	0.07130	0.00250	0.00429	0.06380	0.06877	0.00550
6	0.01175	0.01684	0.31121	0.01305	0.01769	0.01037	0.06859	0.01547	0.01245	0.07366	0.13263	0.08434	0.01821	0.00894	0.00815	0.06540	0.06512	0.00659	0.00373	0.05580
7	0.01418	0.01253	0.01226	0.01082	0.01371	0.10234	0.00833	0.13674	0.27436	0.02283	0.13129	0.12605	0.02253	0.00907	0.00593	0.00179	0.00504	0.00758	0.00526	0.07738
8	0.01292	0.06999	0.01254	0.02578	0.01276	0.01106	0.00776	0.22439	0.05963	0.02179	0.07714	0.27524	0.02345	0.07769	0.00834	0.00220	0.02004	0.00931	0.00497	0.04298
9	0.04865	0.13654	0.47401	0.01384	0.02020	0.07185	0.01618	0.01729	0.01223	0.01736	0.05064	0.01384	0.01028	0.00854	0.06317	0.00225	0.00829	0.00444	0.00277	0.00764
10	0.01867	0.13204	0.01818	0.01450	0.07264	0.29878	0.01083	0.21709	0.08014	0.02112	0.01263	0.05472	0.01063	0.00676	0.00531	0.00161	0.00749	0.00501	0.00399	0.00785
11	0.05677	0.01148	0.06922	0.07134	0.07239	0.07372	0.00974	0.04814	0.05424	0.06230	0.06023	0.28790	0.02337	0.01116	0.00630	0.00202	0.00536	0.06320	0.00459	0.00652
12	0.21172	0.39051	0.07598	0.00972	0.01390	0.01675	0.00928	0.05620	0.01183	0.01807	0.01093	0.07694	0.01023	0.00880	0.05613	0.00205	0.00628	0.00459	0.00317	0.00690
13	0.00743	0.00532	0.00713	0.00819	0.00880	0.00501	0.00583	0.00890	0.01203	0.01618	0.14067	0.58664	0.03961	0.01671	0.00730	0.00229	0.00348	0.10820	0.00545	0.00484
14	0.09348	0.64140	0.05237	0.01018	0.01492	0.07933	0.00994	0.01757	0.01181	0.01481	0.00810	0.00937	0.00723	0.00503	0.00383	0.00131	0.00636	0.00315	0.00259	0.00722
15	0.00832	0.00555	0.00624	0.00624	0.00624	0.00555	0.00347	0.00832	0.00832	0.01109	0.01802	0.03743	0.02080	0.79898	0.02911	0.00555	0.00555	0.00832	0.00347	0.00347

[dist]
# distance from previous block
# <min> <max>
0	1

[block]
# block no. 7 follows, 41 sequences, length 11
# corresponding to MSA columns:
# 528-538
name=unknown_H
#
# <colnr> <probs for GDERKNQSTAVLIFYWHMCP>
#	G	D	E	R	K	N	Q	S	T	A	V	L	I	F	Y	W	H	M	C	P
0	0.09476	0.50574	0.17947	0.01130	0.01652	0.04465	0.01194	0.01734	0.01156	0.01564	0.00844	0.00997	0.00722	0.00530	0.00473	0.00146	0.04059	0.00341	0.00257	0.00739
1	0.11553	0.40394	0.04518	0.00972	0.01371	0.01691	0.00893	0.01887	0.16137	0.01861	0.12078	0.01663	0.01603	0.00653	0.00459	0.00154	0.00517	0.00485	0.00382	0.00730
2	0.01529	0.80242	0.02997	0.00979	0.01468	0.02263	0.00979	0.01713	0.01162	0.01346	0.00795	0.00918	0.00734	0.00489	0.00367	0.00122	0.00612	0.00306	0.00245	0.00734
3	0.00784	0.00559	0.00721	0.00727	0.00819	0.00523	0.00513	0.00976	0.01386	0.01931	0.48093	0.23297	0.04565	0.11347	0.00973	0.00241	0.00322	0.01159	0.00569	0.00496
4	0.01504	0.01210	0.01296	0.01154	0.01485	0.01381	0.00901	0.03021	0.70031	0.07706	0.02323	0.02121	0.01722	0.00771	0.00582	0.00193	0.00455	0.00642	0.00591	0.00910
5	0.01261	0.25925	0.54962	0.01437	0.02176	0.01606	0.01776	0.01782	0.01194	0.01673	0.00958	0.01121	0.00727	0.00527	0.00491	0.00164	0.00776	0.00388	0.00242	0.00812
6	0.00697	0.00498	0.00664	0.00796	0.00830	0.00465	0.00531	0.00796	0.01095	0.01460	0.03153	0.79525	0.03783	0.01792	0.00730	0.00232	0.00332	0.01626	0.00531	0.00465
7	0.01147	0.02959	0.76934	0.01630	0.02476	0.01328	0.02113	0.01811	0.01208	0.01811	0.01026	0.01208	0.00725	0.00543	0.00543	0.00181	0.00845	0.00423	0.00242	0.00845
8	0.01483	0.01259	0.01327	0.01176	0.01510	0.01451	0.00920	0.08745	0.69493	0.02490	0.02252	0.02073	0.01684	0.00769	0.00581	0.00192	0.00467	0.00636	0.00581	0.00911
9	0.00832	0.00555	0.00624	0.00624	0.00624	0.00555	0.00347	0.00832	0.00832	0.01109	0.01802	0.03743	0.02080	0.79898	0.02911	0.00555	0.00555	0.00832	0.00347	0.00347
10	0.76022	0.01093	0.00888	0.00778	0.01141	0.01240	0.00641	0.01789	0.01038	0.09781	0.00938	0.01028	0.00697	0.00548	0.00375	0.00177	0.00447	0.00336	0.00388	0.00654

[dist]
# distance from previous block
# <min> <max>
20	87

[block]
# block no. 8 follows, 41 sequences, length 18
# corresponding to MSA columns:
# 627-644
name=unknown_I
#
# <colnr> <probs for GDERKNQSTAVLIFYWHMCP>
#	G	D	E	R	K	N	Q	S	T	A	V	L	I	F	Y	W	H	M	C	P
0	0.08787	0.06297	0.08720	0.01383	0.07086	0.01583	0.01138	0.44096	0.02892	0.04096	0.01257	0.01326	0.00924	0.00623	0.00526	0.00165	0.00611	0.00470	0.02860	0.05160
1	0.01484	0.09176	0.15417	0.03643	0.19473	0.08104	0.18800	0.08033	0.06768	0.01937	0.01158	0.01380	0.00898	0.00549	0.00567	0.00173	0.00781	0.00513	0.00320	0.00827
2	0.01311	0.01072	0.01186	0.01165	0.07723	0.06804	0.00832	0.06856	0.09003	0.08891	0.07371	0.03159	0.25550	0.00982	0.00688	0.00181	0.05506	0.03576	0.00488	0.07656
3	0.01041	0.00669	0.00822	0.00854	0.00986	0.00666	0.00611	0.01416	0.13274	0.09368	0.02806	0.51729	0.02992	0.01410	0.00659	0.00211	0.00361	0.01257	0.08271	0.00595
4	0.01456	0.01125	0.08232	0.01081	0.01418	0.00960	0.00957	0.15846	0.02967	0.14614	0.07544	0.11366	0.03284	0.01051	0.00640	0.00198	0.00518	0.19143	0.00534	0.07066
5	0.01417	0.04855	0.35976	0.02016	0.22290	0.13337	0.01687	0.01862	0.01307	0.03517	0.01089	0.01299	0.00837	0.00551	0.00532	0.00168	0.00779	0.00444	0.05226	0.00814
6	0.01337	0.06019	0.02219	0.02059	0.19903	0.01421	0.21346	0.01978	0.18628	0.01937	0.07837	0.01820	0.01455	0.00671	0.00731	0.00188	0.08655	0.00620	0.00379	0.00798
7	0.01045	0.00799	0.00935	0.00890	0.01084	0.00789	0.00657	0.12206	0.08337	0.01983	0.08394	0.40493	0.09084	0.01314	0.00652	0.00197	0.00389	0.01155	0.00530	0.09065
8	0.01563	0.01490	0.07740	0.06136	0.19991	0.01348	0.24509	0.12807	0.01534	0.09089	0.01246	0.01472	0.00927	0.00545	0.00590	0.00173	0.00741	0.00550	0.00368	0.07180
