[name]
unknown

[dist]
# distance from previous block
# <min> <max>
0	28

[block]
# block no. 0 follows, 40 sequences, length 41
# corresponding to MSA columns:
# 28-68
name=unknown_A
#
# <colnr> <probs for GDERKNQSTAVLIFYWHMCP>
#	G	D	E	R	K	N	Q	S	T	A	V	L	I	F	Y	W	H	M	C	P
0	0.01236	0.01030	0.01133	0.01043	0.01302	0.01150	0.00799	0.02423	0.51130	0.02335	0.20498	0.08650	0.02850	0.00967	0.00627	0.00197	0.00405	0.00832	0.00600	0.00794
1	0.01766	0.01380	0.01478	0.01239	0.01620	0.01555	0.00993	0.31236	0.42669	0.04661	0.01996	0.01964	0.01493	0.00771	0.00593	0.00190	0.00534	0.02334	0.00589	0.00940
2	0.57170	0.01161	0.02875	0.04747	0.01389	0.01249	0.00775	0.05457	0.03674	0.12585	0.01263	0.01326	0.03066	0.00611	0.00435	0.00182	0.00487	0.00414	0.00425	0.00709
3	0.04591	0.01367	0.01501	0.01181	0.01597	0.03094	0.00962	0.43795	0.03788	0.18242	0.06349	0.04812	0.01478	0.00764	0.00582	0.00175	0.00566	0.00602	0.00590	0.03965
4	0.00990	0.00618	0.00763	0.00803	0.00913	0.00600	0.00573	0.03807	0.03470	0.06430	0.06351	0.46373	0.03101	0.04532	0.00749	0.00222	0.00362	0.03413	0.15378	0.00551
5	0.25001	0.03056	0.01424	0.03736	0.01599	0.01473	0.00928	0.34820	0.04384	0.14321	0.01387	0.01397	0.00982	0.00651	0.00512	0.00176	0.00555	0.00474	0.02265	0.00860
6	0.02609	0.00990	0.01350	0.01035	0.01484	0.00855	0.00855	0.02834	0.01664	0.76338	0.02294	0.01979	0.01439	0.00720	0.00585	0.00180	0.00495	0.00585	0.00720	0.00990
7	0.00692	0.00589	0.00596	0.00594	0.00788	0.00493	0.00446	0.00844	0.01337	0.01597	0.08303	0.05553	0.73271	0.01463	0.00687	0.00196	0.00294	0.01221	0.00543	0.00493
8	0.01373	0.01569	0.03431	0.02451	0.03039	0.01471	0.73824	0.01863	0.01373	0.01863	0.01176	0.01569	0.00882	0.00490	0.00686	0.00196	0.00980	0.00686	0.00294	0.00784
9	0.01439	0.01382	0.02360	0.03569	0.75936	0.01382	0.01785	0.01785	0.01324	0.01900	0.01094	0.01439	0.00921	0.00518	0.00576	0.00173	0.00691	0.00518	0.00288	0.00921
10	0.00889	0.00635	0.00881	0.01015	0.01128	0.00628	0.00853	0.01121	0.01291	0.01686	0.03106	0.21982	0.03453	0.01652	0.00790	0.00261	0.00493	0.57078	0.00536	0.00522
11	0.01446	0.01249	0.01315	0.01183	0.01512	0.01446	0.00920	0.03090	0.74885	0.02433	0.02367	0.02170	0.01775	0.00789	0.00592	0.00197	0.00460	0.00657	0.00592	0.00920
12	0.01098	0.01034	0.01744	0.78165	0.04005	0.01292	0.01615	0.01486	0.01163	0.01486	0.01034	0.01550	0.00775	0.00581	0.00581	0.00194	0.00775	0.00517	0.00258	0.00646
13	0.00823	0.00594	0.00777	0.00732	0.00869	0.00549	0.00549	0.01097	0.01646	0.02332	0.75629	0.04344	0.05487	0.01189	0.00686	0.00183	0.00274	0.01052	0.00640	0.00549
14	0.01098	0.01034	0.01744	0.78165	0.04005	0.01292	0.01615	0.01486	0.01163	0.01486	0.01034	0.01550	0.00775	0.00581	0.00581	0.00194	0.00775	0.00517	0.00258	0.00646
15	0.00823	0.00594	0.00777	0.00732	0.00869	0.00549	0.00549	0.01097	0.01646	0.02332	0.75629	0.04344	0.05487	0.01189	0.00686	0.00183	0.00274	0.01052	0.00640	0.00549
16	0.00823	0.00594	0.00777	0.00732	0.00869	0.00549	0.00549	0.01097	0.01646	0.02332	0.75629	0.04344	0.05487	0.01189	0.00686	0.00183	0.00274	0.01052	0.00640	0.00549
17	0.01555	0.79913	0.03047	0.00995	0.01493	0.02301	0.00995	0.01741	0.01182	0.01368	0.00808	0.00933	0.00746	0.00498	0.00373	0.00124	0.00622	0.00311	0.00249	0.00746
18	0.02172	0.02772	0.01648	0.01498	0.01798	0.77228	0.01124	0.02322	0.01648	0.01423	0.00899	0.01049	0.00749	0.00599	0.00524	0.00150	0.01049	0.00375	0.00300	0.00674
19	0.02211	0.01629	0.01745	0.01338	0.01803	0.01803	0.01105	0.73997	0.02734	0.03665	0.01396	0.01396	0.00989	0.00698	0.00582	0.00175	0.00640	0.00524	0.00582	0.00989
20	0.02329	0.01102	0.01385	0.01077	0.01520	0.01034	0.00882	0.11744	0.09905	0.53611	0.02098	0.01871	0.01378	0.00704	0.00574	0.00174	0.00505	0.00568	0.00661	0.06876
21	0.00717	0.00512	0.00684	0.00819	0.00856	0.00479	0.00554	0.00824	0.01121	0.01493	0.03201	0.76627	0.03829	0.01814	0.00744	0.00237	0.00344	0.04130	0.00540	0.00475
22	0.83671	0.01125	0.00855	0.00765	0.01125	0.01305	0.00630	0.01709	0.00990	0.02609	0.00810	0.00945	0.00630	0.00540	0.00360	0.00180	0.00450	0.00315	0.00360	0.00630
23	0.02176	0.02655	0.01658	0.01482	0.01798	0.69508	0.01122	0.09658	0.01759	0.01653	0.00950	0.01084	0.00774	0.00609	0.00530	0.00152	0.01007	0.00390	0.00329	0.00706
24	0.01658	0.01284	0.01382	0.01194	0.01553	0.01450	0.00943	0.13667	0.57961	0.08814	0.02216	0.02038	0.01629	0.00770	0.00590	0.00192	0.00490	0.00631	0.00601	0.00936
25	0.01366	0.01116	0.01303	0.00956	0.01439	0.00951	0.00772	0.10239	0.01386	0.03978	0.01096	0.01252	0.00887	0.00499	0.00526	0.00108	0.04326	0.00380	0.00378	0.67041
26	0.00869	0.00679	0.01007	0.00986	0.01080	0.00818	0.00774	0.01070	0.00931	0.01354	0.01489	0.02197	0.01394	0.04073	0.70769	0.00876	0.08184	0.00613	0.00307	0.00529
27	0.01272	0.01272	0.01781	0.01527	0.01527	0.01781	0.01272	0.01399	0.00891	0.01399	0.00763	0.01272	0.00763	0.01018	0.01908	0.00254	0.78499	0.00509	0.00254	0.00636
28	0.01098	0.01034	0.01744	0.78165	0.04005	0.01292	0.01615	0.01486	0.01163	0.01486	0.01034	0.01550	0.00775	0.00581	0.00581	0.00194	0.00775	0.00517	0.00258	0.00646
29	0.01503	0.01047	0.01252	0.00910	0.01413	0.00826	0.00735	0.04295	0.01345	0.15807	0.01281	0.01357	0.00973	0.00494	0.00465	0.00107	0.00450	0.00396	0.00423	0.64922
30	0.01206	0.01034	0.01206	0.00861	0.01378	0.00775	0.00689	0.01464	0.01206	0.01895	0.01034	0.01206	0.00861	0.00431	0.00431	0.00086	0.00431	0.00345	0.00345	0.83118
31	0.01153	0.01090	0.01843	0.66153	0.15588	0.01306	0.01642	0.01534	0.01189	0.01552	0.01043	0.01532	0.00799	0.00571	0.00580	0.00190	0.00762	0.00517	0.00263	0.00690
32	0.01037	0.00551	0.00584	0.00576	0.00712	0.00543	0.00432	0.01309	0.01296	0.02197	0.15075	0.02557	0.02205	0.00769	0.00456	0.00144	0.00272	0.00633	0.68109	0.00543
33	0.00687	0.00589	0.00589	0.00589	0.00785	0.00491	0.00442	0.00835	0.01325	0.01571	0.05891	0.05596	0.75700	0.01473	0.00687	0.00196	0.00295	0.01227	0.00540	0.00491
34	0.01272	0.01272	0.01781	0.01527	0.01527	0.01781	0.01272	0.01399	0.00891	0.01399	0.00763	0.01272	0.00763	0.01018	0.01908	0.00254	0.78499	0.00509	0.00254	0.00636
35	0.00818	0.00594	0.00770	0.00726	0.00865	0.00546	0.00544	0.01087	0.01633	0.02301	0.72831	0.04394	0.08304	0.01200	0.00686	0.00183	0.00275	0.01059	0.00636	0.00546
36	0.00831	0.00623	0.00935	0.00935	0.01038	0.00727	0.00727	0.01038	0.00935	0.01350	0.01558	0.02285	0.01454	0.04361	0.77259	0.00935	0.01558	0.00623	0.00312	0.00519
37	0.01903	0.02220	0.01614	0.01584	0.08015	0.49205	0.01122	0.02495	0.22475	0.01751	0.01333	0.01401	0.01056	0.00646	0.00548	0.00165	0.00851	0.00467	0.00382	0.00765
38	0.01439	0.01382	0.02360	0.03569	0.75936	0.01382	0.01785	0.01785	0.01324	0.01900	0.01094	0.01439	0.00921	0.00518	0.00576	0.00173	0.00691	0.00518	0.00288	0.00921
39	0.02112	0.02466	0.01668	0.01526	0.04272	0.58970	0.01132	0.13202	0.05947	0.01836	0.01064	0.01178	0.00849	0.00622	0.00539	0.00157	0.00941	0.00418	0.00358	0.00744
40	0.83671	0.01125	0.00855	0.00765	0.01125	0.01305	0.00630	0.01709	0.00990	0.02609	0.00810	0.00945	0.00630	0.00540	0.00360	0.00180	0.00450	0.00315	0.00360	0.00630

[dist]
# distance from previous block
# <min> <max>
0	21

[block]
# block no. 1 follows, 40 sequences, length 44
# corresponding to MSA columns:
# 90-133
name=unknown_B
#
# <colnr> <probs for GDERKNQSTAVLIFYWHMCP>
#	G	D	E	R	K	N	Q	S	T	A	V	L	I	F	Y	W	H	M	C	P
0	0.00818	0.00594	0.00770	0.00726	0.00865	0.00546	0.00544	0.01087	0.01633	0.02301	0.72800	0.04395	0.08335	0.01200	0.00686	0.00183	0.00275	0.01059	0.00636	0.00546
1	0.83671	0.01125	0.00855	0.00765	0.01125	0.01305	0.00630	0.01709	0.00990	0.02609	0.00810	0.00945	0.00630	0.00540	0.00360	0.00180	0.00450	0.00315	0.00360	0.00630
2	0.01272	0.01272	0.01781	0.01527	0.01527	0.01781	0.01272	0.01399	0.00891	0.01399	0.00763	0.01272	0.00763	0.01018	0.01908	0.00254	0.78499	0.00509	0.00254	0.00636
3	0.01203	0.01091	0.01811	0.46792	0.26091	0.01242	0.01542	0.01565	0.01219	0.01686	0.01143	0.01580	0.00895	0.00572	0.00561	0.00181	0.00696	0.00520	0.08889	0.00721
4	0.00943	0.00682	0.00964	0.03681	0.01300	0.00690	0.00960	0.01214	0.01333	0.01732	0.03010	0.06390	0.03260	0.01572	0.00796	0.00265	0.00544	0.69600	0.00526	0.00539
5	0.01206	0.01034	0.01206	0.00861	0.01378	0.00775	0.00689	0.01464	0.01206	0.01895	0.01034	0.01206	0.00861	0.00431	0.00431	0.00086	0.00431	0.00345	0.00345	0.83118
6	0.83671	0.01125	0.00855	0.00765	0.01125	0.01305	0.00630	0.01709	0.00990	0.02609	0.00810	0.00945	0.00630	0.00540	0.00360	0.00180	0.00450	0.00315	0.00360	0.00630
7	0.01475	0.04466	0.09159	0.01001	0.01540	0.00966	0.00900	0.05791	0.01359	0.12700	0.01228	0.01319	0.00934	0.00503	0.00472	0.00116	0.00504	0.00397	0.00398	0.54771
8	0.01190	0.01122	0.01888	0.49013	0.03252	0.01287	0.12255	0.03537	0.04290	0.01686	0.01216	0.01771	0.00968	0.00635	0.00650	0.00192	0.04017	0.03572	0.02238	0.05221
9	0.00937	0.00669	0.00937	0.01071	0.01205	0.00669	0.00937	0.01205	0.01339	0.01740	0.03079	0.06560	0.03347	0.01606	0.00803	0.00268	0.00535	0.72021	0.00535	0.00535
10	0.01546	0.01299	0.01371	0.01204	0.01550	0.01493	0.00945	0.12345	0.65468	0.02593	0.02240	0.02069	0.01673	0.00777	0.00590	0.00194	0.00484	0.00640	0.00590	0.00929
11	0.01206	0.01034	0.01206	0.00861	0.01378	0.00775	0.00689	0.01464	0.01206	0.01895	0.01034	0.01206	0.00861	0.00431	0.00431	0.00086	0.00431	0.00345	0.00345	0.83118
12	0.01117	0.01053	0.01779	0.73970	0.08051	0.01297	0.01625	0.01503	0.01172	0.01509	0.01037	0.01544	0.00783	0.00578	0.00581	0.00193	0.00770	0.00517	0.00260	0.00661
13	0.00846	0.00564	0.00634	0.00634	0.00634	0.00564	0.00352	0.00846	0.00846	0.01128	0.01832	0.03805	0.02114	0.79563	0.02960	0.00564	0.00564	0.00846	0.00352	0.00352
14	0.01555	0.79913	0.03047	0.00995	0.01493	0.02301	0.00995	0.01741	0.01182	0.01368	0.00808	0.00933	0.00746	0.00498	0.00373	0.00124	0.00622	0.00311	0.00249	0.00746
15	0.02211	0.01629	0.01745	0.01338	0.01803	0.01803	0.01105	0.73997	0.02734	0.03665	0.01396	0.01396	0.00989	0.00698	0.00582	0.00175	0.00640	0.00524	0.00582	0.00989
16	0.02172	0.02772	0.01648	0.01498	0.01798	0.77228	0.01124	0.02322	0.01648	0.01423	0.00899	0.01049	0.00749	0.00599	0.00524	0.00150	0.01049	0.00375	0.00300	0.00674
17	0.02172	0.02772	0.01648	0.01498	0.01798	0.77228	0.01124	0.02322	0.01648	0.01423	0.00899	0.01049	0.00749	0.00599	0.00524	0.00150	0.01049	0.00375	0.00300	0.00674
18	0.00823	0.00594	0.00777	0.00732	0.00869	0.00549	0.00549	0.01097	0.01646	0.02332	0.75629	0.04344	0.05487	0.01189	0.00686	0.00183	0.00274	0.01052	0.00640	0.00549
19	0.00823	0.00594	0.00777	0.00732	0.00869	0.00549	0.00549	0.01097	0.01646	0.02332	0.75629	0.04344	0.05487	0.01189	0.00686	0.00183	0.00274	0.01052	0.00640	0.00549
20	0.00709	0.00506	0.00675	0.00810	0.00843	0.00472	0.00540	0.00810	0.01113	0.01484	0.03205	0.79184	0.03846	0.01822	0.00742	0.00236	0.00337	0.01653	0.00540	0.00472
21	0.00688	0.00587	0.00592	0.00596	0.00787	0.00490	0.00445	0.00834	0.01319	0.01568	0.05807	0.07895	0.73455	0.01484	0.00689	0.00198	0.00296	0.01241	0.00540	0.00490
22	0.01166	0.03008	0.76550	0.01657	0.02517	0.01351	0.02149	0.01842	0.01228	0.01842	0.01044	0.01228	0.00737	0.00552	0.00552	0.00184	0.00859	0.00430	0.00246	0.00859
23	0.01519	0.74687	0.05871	0.01014	0.01515	0.02215	0.01028	0.01727	0.01196	0.01414	0.02898	0.01039	0.00878	0.00519	0.00389	0.00128	0.00622	0.00336	0.00260	0.00745
24	0.02172	0.02772	0.01648	0.01498	0.01798	0.77228	0.01124	0.02322	0.01648	0.01423	0.00899	0.01049	0.00749	0.00599	0.00524	0.00150	0.01049	0.00375	0.00300	0.00674
25	0.83671	0.01125	0.00855	0.00765	0.01125	0.01305	0.00630	0.01709	0.00990	0.02609	0.00810	0.00945	0.00630	0.00540	0.00360	0.00180	0.00450	0.00315	0.00360	0.00630
26	0.02172	0.02772	0.01648	0.01498	0.01798	0.77228	0.01124	0.02322	0.01648	0.01423	0.00899	0.01049	0.00749	0.00599	0.00524	0.00150	0.01049	0.00375	0.00300	0.00674
27	0.01206	0.01034	0.01206	0.00861	0.01378	0.00775	0.00689	0.01464	0.01206	0.01895	0.01034	0.01206	0.00861	0.00431	0.00431	0.00086	0.00431	0.00345	0.00345	0.83118
28	0.00954	0.00733	0.00890	0.00833	0.01008	0.00741	0.00629	0.01520	0.17590	0.02318	0.56612	0.07017	0.04609	0.01128	0.00668	0.00188	0.00318	0.00991	0.00625	0.00627
29	0.83671	0.01125	0.00855	0.00765	0.01125	0.01305	0.00630	0.01709	0.00990	0.02609	0.00810	0.00945	0.00630	0.00540	0.00360	0.00180	0.00450	0.00315	0.00360	0.00630
30	0.01446	0.01249	0.01315	0.01183	0.01512	0.01446	0.00920	0.03090	0.74885	0.02433	0.02367	0.02170	0.01775	0.00789	0.00592	0.00197	0.00460	0.00657	0.00592	0.00920
31	0.01098	0.01034	0.01744	0.78165	0.04005	0.01292	0.01615	0.01486	0.01163	0.01486	0.01034	0.01550	0.00775	0.00581	0.00581	0.00194	0.00775	0.00517	0.00258	0.00646
32	0.00687	0.00589	0.00589	0.00589	0.00785	0.00491	0.00442	0.00835	0.01325	0.01571	0.05891	0.05596	0.75700	0.01473	0.00687	0.00196	0.00295	0.01227	0.00540	0.00491
33	0.01426	0.01369	0.02337	0.06392	0.73213	0.01378	0.01778	0.01773	0.01318	0.01884	0.01092	0.01443	0.00916	0.00521	0.00576	0.00174	0.00694	0.00518	0.00287	0.00911
34	0.01226	0.00989	0.01086	0.00988	0.01254	0.01076	0.00762	0.02285	0.44466	0.04600	0.21703	0.03155	0.12017	0.00976	0.00628	0.00193	0.00393	0.00829	0.00602	0.00773
35	0.01206	0.01034	0.01206	0.00861	0.01378	0.00775	0.00689	0.01464	0.01206	0.01895	0.01034	0.01206	0.00861	0.00431	0.00431	0.00086	0.00431	0.00345	0.00345	0.83118
36	0.00702	0.00580	0.00616	0.00627	0.00800	0.00494	0.00463	0.00856	0.01331	0.01631	0.11943	0.13785	0.61195	0.01486	0.00693	0.00200	0.00298	0.01259	0.00549	0.00494
37	0.01206	0.01034	0.01206	0.00861	0.01378	0.00775	0.00689	0.01464	0.01206	0.01895	0.01034	0.01206	0.00861	0.00431	0.00431	0.00086	0.00431	0.00345	0.00345	0.83118
38	0.01628	0.01326	0.01416	0.01215	0.01571	0.01513	0.00963	0.22265	0.52176	0.02722	0.02069	0.01964	0.01548	0.00914	0.03813	0.00222	0.00555	0.00620	0.00577	0.00922
39	0.01984	0.01559	0.01670	0.01321	0.01694	0.04913	0.01082	0.56251	0.02333	0.03113	0.01490	0.01601	0.04118	0.02738	0.00822	0.00195	0.11154	0.00553	0.00518	0.00891
40	0.00709	0.00506	0.00675	0.00810	0.00843	0.00472	0.00540	0.00810	0.01113	0.01484	0.03205	0.79184	0.03846	0.01822	0.00742	0.00236	0.00337	0.01653	0.00540	0.00472
41	0.01098	0.01034	0.01744	0.78165	0.04005	0.01292	0.01615	0.01486	0.01163	0.01486	0.01034	0.01550	0.00775	0.00581	0.00581	0.00194	0.00775	0.00517	0.00258	0.00646
42	0.01360	0.01423	0.02576	0.21734	0.27582	0.04609	0.28601	0.01762	0.01316	0.01762	0.01101	0.01499	0.00863	0.00527	0.00616	0.00186	0.00835	0.00574	0.00283	0.00791
43	0.01045	0.00938	0.01518	0.48217	0.09432	0.01102	0.01333	0.01353	0.01175	0.01548	0.04410	0.13825	0.01604	0.04193	0.00755	0.00218	0.02750	0.03626	0.00334	0.00623

[dist]
# distance from previous block
# <min> <max>
14	21

# created by:
# /software/SequenceAnalysis/GenePrediction/augustus/3.0.1/scripts/msa2prfl.pl ./fixed/BUSCOvEOG7DRBTG.fas
