[name]
unknown

[dist]
# distance from previous block
# <min> <max>
4	173

[block]
# block no. 0 follows, 41 sequences, length 44
# corresponding to MSA columns:
# 177-220
name=unknown_A
#
# <colnr> <probs for GDERKNQSTAVLIFYWHMCP>
#	G	D	E	R	K	N	Q	S	T	A	V	L	I	F	Y	W	H	M	C	P
0	0.01143	0.02847	0.72606	0.06055	0.02560	0.01325	0.02083	0.01791	0.01204	0.01791	0.01026	0.01226	0.00727	0.00545	0.00545	0.00182	0.00841	0.00428	0.00242	0.00833
1	0.01093	0.00800	0.01126	0.30630	0.02020	0.00955	0.00953	0.01387	0.01141	0.01789	0.01413	0.01799	0.01115	0.00668	0.00633	0.00169	0.09361	0.00520	0.41845	0.00583
2	0.01319	0.01492	0.06270	0.02103	0.02600	0.01399	0.54817	0.05347	0.01334	0.01837	0.01176	0.01576	0.00919	0.00935	0.08955	0.00272	0.05960	0.00638	0.00301	0.00748
3	0.00886	0.00698	0.00972	0.00952	0.01053	0.02434	0.00745	0.01087	0.00945	0.01370	0.01481	0.02149	0.01371	0.03820	0.67281	0.00821	0.06664	0.00596	0.04151	0.00523
4	0.00994	0.00497	0.00745	0.00745	0.00745	0.00497	0.00497	0.00745	0.00745	0.00994	0.00994	0.01739	0.00994	0.01987	0.02235	0.83358	0.00497	0.00497	0.00248	0.00248
5	0.59647	0.24433	0.01476	0.00819	0.01213	0.01572	0.00725	0.01691	0.01029	0.02207	0.00796	0.00926	0.00653	0.00519	0.00358	0.00161	0.00492	0.00309	0.00322	0.00653
6	0.02223	0.01525	0.01669	0.01279	0.01735	0.01659	0.01057	0.65622	0.02560	0.12588	0.01482	0.01444	0.01027	0.00689	0.00573	0.00172	0.00612	0.00522	0.00589	0.00973
7	0.05096	0.17729	0.44762	0.01401	0.02053	0.07831	0.01612	0.01956	0.09131	0.01783	0.01098	0.01223	0.00832	0.00561	0.00502	0.00168	0.00755	0.00414	0.00288	0.00805
8	0.00711	0.00504	0.00660	0.00779	0.00809	0.00474	0.00512	0.00800	0.01068	0.01424	0.03015	0.71796	0.03609	0.09758	0.00953	0.00265	0.00355	0.01545	0.00512	0.00453
9	0.01274	0.01403	0.02945	0.13937	0.02989	0.01378	0.57638	0.01712	0.01294	0.01746	0.01225	0.05433	0.00995	0.00574	0.00692	0.00196	0.02849	0.00693	0.00295	0.00732
10	0.00696	0.00527	0.00642	0.00725	0.00813	0.00474	0.00501	0.00817	0.01185	0.01525	0.07335	0.52895	0.26489	0.01656	0.00711	0.00218	0.00316	0.01468	0.00536	0.00474
11	0.01186	0.01017	0.01186	0.00847	0.01356	0.00762	0.00678	0.01440	0.01186	0.01864	0.01017	0.01186	0.00847	0.00424	0.00424	0.00085	0.00424	0.00339	0.00339	0.83395
12	0.01511	0.01298	0.01510	0.01386	0.06112	0.01463	0.04588	0.11666	0.58281	0.02482	0.02078	0.01968	0.01557	0.00735	0.00584	0.00190	0.00513	0.00624	0.00548	0.00907
13	0.01204	0.00652	0.00874	0.00889	0.01052	0.00597	0.00678	0.01368	0.01285	0.20200	0.03059	0.41751	0.07277	0.01462	0.00700	0.00222	0.00406	0.15147	0.00574	0.00604
14	0.04602	0.49574	0.02410	0.01060	0.01524	0.07452	0.00970	0.14551	0.01480	0.05326	0.00984	0.01070	0.00811	0.00539	0.00426	0.00135	0.00622	0.00362	0.00337	0.05765
15	0.00831	0.00558	0.00640	0.00640	0.00645	0.00563	0.00366	0.00842	0.00836	0.01121	0.01788	0.03664	0.02045	0.75893	0.06870	0.00574	0.00606	0.00820	0.00344	0.00355
16	0.01206	0.08796	0.61547	0.01720	0.05034	0.01414	0.08883	0.01804	0.01221	0.01779	0.01023	0.01224	0.00745	0.00532	0.00543	0.00177	0.00833	0.00441	0.00248	0.00832
17	0.01372	0.48335	0.33523	0.01248	0.01884	0.01877	0.01447	0.01753	0.01181	0.01538	0.00891	0.01037	0.00730	0.00512	0.00440	0.00147	0.00708	0.00354	0.00243	0.00780
18	0.00797	0.00584	0.00747	0.00706	0.00847	0.00534	0.00530	0.01055	0.01589	0.02222	0.69330	0.04390	0.12140	0.01196	0.00675	0.00181	0.00272	0.01051	0.00620	0.00534
19	0.00696	0.00503	0.00659	0.00783	0.00826	0.00466	0.00525	0.00798	0.01108	0.01465	0.03312	0.75059	0.08146	0.01771	0.00727	0.00230	0.00329	0.01601	0.00531	0.00466
20	0.01376	0.01347	0.01777	0.20925	0.23164	0.09252	0.01377	0.04357	0.11086	0.01748	0.01200	0.01524	0.00977	0.00872	0.05399	0.00232	0.11791	0.00518	0.00324	0.00753
21	0.01684	0.34862	0.02078	0.01135	0.01502	0.23725	0.00969	0.11015	0.01464	0.01688	0.01032	0.01219	0.00880	0.00971	0.08934	0.00224	0.00818	0.00396	0.04695	0.00709
22	0.01511	0.76648	0.06436	0.01009	0.01515	0.02220	0.01031	0.01717	0.01164	0.01367	0.00806	0.00931	0.00734	0.00492	0.00375	0.00125	0.00623	0.00311	0.00245	0.00739
23	0.05319	0.04761	0.41997	0.05440	0.15757	0.01376	0.05609	0.01905	0.08941	0.01889	0.01159	0.01351	0.00868	0.00557	0.00545	0.00179	0.00749	0.00470	0.00293	0.00834
24	0.01665	0.02884	0.01616	0.02705	0.01551	0.01438	0.02326	0.09618	0.05263	0.20437	0.05636	0.01661	0.01263	0.00865	0.01199	0.00212	0.37901	0.00558	0.00438	0.00764
25	0.02566	0.00973	0.01327	0.01018	0.01460	0.00841	0.00841	0.02788	0.01637	0.76726	0.02257	0.01947	0.01416	0.00708	0.00575	0.00177	0.00487	0.00575	0.00708	0.00973
26	0.00793	0.00582	0.00847	0.00880	0.00965	0.00648	0.00662	0.00973	0.00970	0.01380	0.01942	0.21430	0.02015	0.03583	0.56697	0.00730	0.01204	0.00862	0.02337	0.00500
27	0.01623	0.08972	0.02228	0.08958	0.39066	0.07261	0.08206	0.01932	0.01356	0.13138	0.01216	0.01440	0.00938	0.00547	0.00555	0.00169	0.00704	0.00504	0.00343	0.00846
28	0.00994	0.00497	0.00745	0.00745	0.00745	0.00497	0.00497	0.00745	0.00745	0.00994	0.00994	0.01739	0.00994	0.01987	0.02235	0.83358	0.00497	0.00497	0.00248	0.00248
29	0.00697	0.00498	0.00664	0.00796	0.00830	0.00465	0.00531	0.00796	0.01095	0.01460	0.03153	0.79525	0.03783	0.01792	0.00730	0.00232	0.00332	0.01626	0.00531	0.00465
30	0.01632	0.01267	0.04736	0.01114	0.01452	0.01292	0.00919	0.39001	0.09679	0.04291	0.01892	0.17393	0.01677	0.00912	0.00584	0.00182	0.00516	0.00753	0.09900	0.00807
31	0.01950	0.01307	0.01424	0.03877	0.01640	0.05714	0.00959	0.17492	0.31378	0.24943	0.01982	0.01837	0.01395	0.00719	0.00574	0.00181	0.00543	0.00577	0.00590	0.00916
32	0.00697	0.00498	0.00664	0.00796	0.00830	0.00465	0.00531	0.00796	0.01095	0.01460	0.03153	0.79525	0.03783	0.01792	0.00730	0.00232	0.00332	0.01626	0.00531	0.00465
33	0.01295	0.01236	0.02104	0.30440	0.50342	0.01327	0.01696	0.01650	0.01245	0.01722	0.01055	0.01455	0.00854	0.00532	0.00568	0.00177	0.00709	0.00509	0.00273	0.00809
34	0.01321	0.01304	0.03845	0.23379	0.55448	0.01335	0.01719	0.01679	0.01258	0.01759	0.01059	0.01440	0.00864	0.00527	0.00567	0.00176	0.00705	0.00507	0.00275	0.00833
35	0.00795	0.00584	0.00748	0.00729	0.00864	0.00536	0.00551	0.01041	0.01535	0.02127	0.59585	0.08888	0.13059	0.01261	0.00685	0.00189	0.00291	0.05398	0.00607	0.00528
36	0.83938	0.01106	0.00841	0.00752	0.01106	0.01283	0.00619	0.01681	0.00973	0.02566	0.00796	0.00929	0.00619	0.00531	0.00354	0.00177	0.00442	0.00310	0.00354	0.00619
37	0.00719	0.00585	0.00639	0.00637	0.00814	0.00505	0.00485	0.00897	0.01372	0.01715	0.20676	0.05295	0.56767	0.01396	0.00682	0.00194	0.00299	0.05272	0.00552	0.00498
38	0.00810	0.00585	0.00765	0.00720	0.00855	0.00540	0.00540	0.01079	0.01619	0.02294	0.76028	0.04273	0.05397	0.01169	0.00675	0.00180	0.00270	0.01034	0.00630	0.00540
39	0.00973	0.00864	0.01368	0.42401	0.02584	0.01056	0.01193	0.01241	0.01073	0.01433	0.01535	0.18580	0.01521	0.01447	0.12522	0.00317	0.08224	0.00767	0.00322	0.00578
40	0.00697	0.00498	0.00664	0.00796	0.00830	0.00465	0.00531	0.00796	0.01095	0.01460	0.03153	0.79525	0.03783	0.01792	0.00730	0.00232	0.00332	0.01626	0.00531	0.00465
41	0.05519	0.01326	0.05466	0.05070	0.13945	0.01393	0.01126	0.02623	0.52111	0.02242	0.01917	0.01879	0.01453	0.00698	0.00566	0.00188	0.00524	0.00589	0.00488	0.00876
42	0.83938	0.01106	0.00841	0.00752	0.01106	0.01283	0.00619	0.01681	0.00973	0.02566	0.00796	0.00929	0.00619	0.00531	0.00354	0.00177	0.00442	0.00310	0.00354	0.00619
43	0.02465	0.00951	0.01295	0.01000	0.01425	0.00823	0.00823	0.02689	0.01636	0.72427	0.06518	0.02081	0.01646	0.00735	0.00581	0.00177	0.00474	0.00602	0.00703	0.00948

[dist]
# distance from previous block
# <min> <max>
0	1

[block]
# block no. 1 follows, 41 sequences, length 6
# corresponding to MSA columns:
# 222-227
name=unknown_B
#
# <colnr> <probs for GDERKNQSTAVLIFYWHMCP>
#	G	D	E	R	K	N	Q	S	T	A	V	L	I	F	Y	W	H	M	C	P
0	0.01900	0.38042	0.02180	0.01113	0.01545	0.05584	0.00969	0.06782	0.09926	0.19811	0.05282	0.01659	0.01367	0.00698	0.00526	0.00171	0.00603	0.00499	0.00474	0.00866
1	0.01412	0.01732	0.18230	0.13113	0.45638	0.01398	0.05888	0.01800	0.01328	0.01894	0.01167	0.01536	0.00946	0.00595	0.00613	0.00196	0.00775	0.00534	0.00308	0.00900
2	0.01297	0.01280	0.02317	0.40761	0.03328	0.01329	0.27771	0.01665	0.01290	0.01743	0.01174	0.01634	0.00912	0.00593	0.00637	0.00198	0.00828	0.00582	0.00314	0.10347
3	0.83938	0.01106	0.00841	0.00752	0.01106	0.01283	0.00619	0.01681	0.00973	0.02566	0.00796	0.00929	0.00619	0.00531	0.00354	0.00177	0.00442	0.00310	0.00354	0.00619
4	0.01311	0.02496	0.55262	0.01738	0.02494	0.01311	0.16860	0.01900	0.01274	0.08280	0.01160	0.01340	0.00814	0.00545	0.00573	0.00183	0.00839	0.00488	0.00292	0.00841
5	0.00766	0.00566	0.00716	0.00715	0.00837	0.00516	0.00522	0.00982	0.01463	0.02008	0.50371	0.20201	0.15537	0.01341	0.00686	0.00193	0.00286	0.01184	0.00594	0.00516

[dist]
# distance from previous block
# <min> <max>
4	6

[block]
# block no. 2 follows, 41 sequences, length 113
# corresponding to MSA columns:
# 234-346
name=unknown_C
#
# <colnr> <probs for GDERKNQSTAVLIFYWHMCP>
#	G	D	E	R	K	N	Q	S	T	A	V	L	I	F	Y	W	H	M	C	P
0	0.00706	0.00587	0.00621	0.00630	0.00814	0.00502	0.00484	0.00869	0.01325	0.01608	0.10084	0.05508	0.65216	0.01442	0.00686	0.00198	0.00309	0.07385	0.00537	0.00490
1	0.83938	0.01106	0.00841	0.00752	0.01106	0.01283	0.00619	0.01681	0.00973	0.02566	0.00796	0.00929	0.00619	0.00531	0.00354	0.00177	0.00442	0.00310	0.00354	0.00619
2	0.00829	0.00568	0.00690	0.00690	0.00713	0.00591	0.00429	0.00874	0.00851	0.01158	0.01742	0.03408	0.01934	0.62942	0.19668	0.00636	0.00774	0.00783	0.00338	0.00383
3	0.00708	0.00506	0.00677	0.00809	0.00848	0.00474	0.00551	0.00816	0.01106	0.01473	0.03146	0.75831	0.03758	0.01781	0.00733	0.00234	0.00342	0.05207	0.00531	0.00468
4	0.00932	0.00788	0.01261	0.33348	0.02246	0.00958	0.01085	0.01209	0.01013	0.01384	0.01309	0.01935	0.01144	0.02702	0.44652	0.00608	0.02011	0.00568	0.00284	0.00564
5	0.00697	0.00498	0.00664	0.00796	0.00830	0.00465	0.00531	0.00796	0.01095	0.01460	0.03153	0.79525	0.03783	0.01792	0.00730	0.00232	0.00332	0.01626	0.00531	0.00465
6	0.01423	0.01229	0.01293	0.01164	0.01487	0.01423	0.00905	0.03039	0.75297	0.02393	0.02328	0.02134	0.01746	0.00776	0.00582	0.00194	0.00453	0.00647	0.00582	0.00905
7	0.00832	0.00555	0.00624	0.00624	0.00624	0.00555	0.00347	0.00832	0.00832	0.01109	0.01802	0.03743	0.02080	0.79898	0.02911	0.00555	0.00555	0.00832	0.00347	0.00347
8	0.00817	0.00613	0.00919	0.00919	0.01021	0.00715	0.00715	0.01021	0.00919	0.01328	0.01532	0.02247	0.01430	0.04290	0.77631	0.00919	0.01532	0.00613	0.00306	0.00511
9	0.83938	0.01106	0.00841	0.00752	0.01106	0.01283	0.00619	0.01681	0.00973	0.02566	0.00796	0.00929	0.00619	0.00531	0.00354	0.00177	0.00442	0.00310	0.00354	0.00619
10	0.01220	0.01183	0.01624	0.01373	0.01455	0.01549	0.01137	0.01368	0.00925	0.01448	0.00831	0.01292	0.00800	0.01079	0.05485	0.00259	0.62995	0.00482	0.00267	0.13229
11	0.01423	0.01229	0.01293	0.01164	0.01487	0.01423	0.00905	0.03039	0.75297	0.02393	0.02328	0.02134	0.01746	0.00776	0.00582	0.00194	0.00453	0.00647	0.00582	0.00905
12	0.00994	0.00497	0.00745	0.00745	0.00745	0.00497	0.00497	0.00745	0.00745	0.00994	0.00994	0.01739	0.00994	0.01987	0.02235	0.83358	0.00497	0.00497	0.00248	0.00248
13	0.01350	0.01543	0.03375	0.02411	0.02989	0.01446	0.74253	0.01832	0.01350	0.01832	0.01157	0.01543	0.00868	0.00482	0.00675	0.00193	0.00964	0.00675	0.00289	0.00771
14	0.00810	0.00585	0.00765	0.00720	0.00855	0.00540	0.00540	0.01079	0.01619	0.02294	0.76028	0.04273	0.05397	0.01169	0.00675	0.00180	0.00270	0.01034	0.00630	0.00540
15	0.01342	0.01601	0.06405	0.02379	0.02968	0.01442	0.71281	0.01831	0.01344	0.01831	0.01152	0.01529	0.00862	0.00485	0.00670	0.00192	0.00959	0.00665	0.00287	0.00774
16	0.01529	0.80242	0.02997	0.00979	0.01468	0.02263	0.00979	0.01713	0.01162	0.01346	0.00795	0.00918	0.00734	0.00489	0.00367	0.00122	0.00612	0.00306	0.00245	0.00734
17	0.01416	0.01359	0.02322	0.03511	0.76330	0.01359	0.01755	0.01755	0.01302	0.01869	0.01076	0.01416	0.00906	0.00510	0.00566	0.00170	0.00680	0.00510	0.00283	0.00906
18	0.01135	0.00768	0.00861	0.00744	0.01033	0.00669	0.00581	0.03899	0.04855	0.13476	0.07156	0.03997	0.44981	0.01121	0.00617	0.00174	0.00358	0.00930	0.00540	0.12105
19	0.01415	0.58291	0.02453	0.01018	0.01416	0.05232	0.00971	0.01615	0.01219	0.01433	0.01319	0.02210	0.01329	0.00748	0.00472	0.00156	0.00611	0.17097	0.00312	0.00683
20	0.02566	0.00973	0.01327	0.01018	0.01460	0.00841	0.00841	0.02788	0.01637	0.76726	0.02257	0.01947	0.01416	0.00708	0.00575	0.00177	0.00487	0.00575	0.00708	0.00973
21	0.02059	0.02600	0.01570	0.01429	0.01714	0.73063	0.01072	0.02213	0.01621	0.01453	0.05310	0.01222	0.01011	0.00624	0.00525	0.00149	0.00987	0.00408	0.00314	0.00656
22	0.02137	0.02726	0.01621	0.01474	0.01768	0.77602	0.01105	0.02284	0.01621	0.01400	0.00884	0.01031	0.00737	0.00589	0.00516	0.00147	0.01031	0.00368	0.00295	0.00663
23	0.00810	0.00585	0.00765	0.00720	0.00855	0.00540	0.00540	0.01079	0.01619	0.02294	0.76028	0.04273	0.05397	0.01169	0.00675	0.00180	0.00270	0.01034	0.00630	0.00540
24	0.02566	0.00973	0.01327	0.01018	0.01460	0.00841	0.00841	0.02788	0.01637	0.76726	0.02257	0.01947	0.01416	0.00708	0.00575	0.00177	0.00487	0.00575	0.00708	0.00973
25	0.00817	0.00613	0.00919	0.00919	0.01021	0.00715	0.00715	0.01021	0.00919	0.01328	0.01532	0.02247	0.01430	0.04290	0.77631	0.00919	0.01532	0.00613	0.00306	0.00511
26	0.01423	0.01229	0.01293	0.01164	0.01487	0.01423	0.00905	0.03039	0.75297	0.02393	0.02328	0.02134	0.01746	0.00776	0.00582	0.00194	0.00453	0.00647	0.00582	0.00905
27	0.01709	0.01281	0.01388	0.01181	0.01546	0.01434	0.00937	0.18353	0.51631	0.10789	0.02115	0.01950	0.01544	0.00749	0.00579	0.00187	0.00494	0.00611	0.00594	0.00927
28	0.80074	0.01193	0.04393	0.00793	0.01170	0.01285	0.00689	0.01687	0.00984	0.02531	0.00807	0.00942	0.00624	0.00532	0.00363	0.00177	0.00461	0.00315	0.00349	0.00630
29	0.01412	0.06068	0.05299	0.03288	0.69013	0.01411	0.01724	0.01755	0.01290	0.01836	0.01057	0.01378	0.00889	0.00510	0.00554	0.00168	0.00682	0.00494	0.00279	0.00894
30	0.00697	0.00498	0.00664	0.00796	0.00830	0.00465	0.00531	0.00796	0.01095	0.01460	0.03153	0.79525	0.03783	0.01792	0.00730	0.00232	0.00332	0.01626	0.00531	0.00465
31	0.07396	0.01520	0.01605	0.01243	0.01679	0.01684	0.01025	0.66314	0.02509	0.03469	0.01359	0.01380	0.00973	0.00676	0.00550	0.00170	0.00600	0.00503	0.04416	0.00929
32	0.00794	0.00538	0.00635	0.00673	0.00682	0.00529	0.00399	0.00822	0.00906	0.01208	0.02185	0.25201	0.02562	0.57782	0.02294	0.00463	0.00491	0.01057	0.00399	0.00380
33	0.01251	0.01251	0.01752	0.01502	0.01502	0.01752	0.01251	0.01377	0.00876	0.01377	0.00751	0.01251	0.00751	0.01001	0.01877	0.00250	0.78851	0.00501	0.00250	0.00626
34	0.01423	0.01229	0.01293	0.01164	0.01487	0.01423	0.00905	0.03039	0.75297	0.02393	0.02328	0.02134	0.01746	0.00776	0.00582	0.00194	0.00453	0.00647	0.00582	0.00905
35	0.01529	0.80242	0.02997	0.00979	0.01468	0.02263	0.00979	0.01713	0.01162	0.01346	0.00795	0.00918	0.00734	0.00489	0.00367	0.00122	0.00612	0.00306	0.00245	0.00734
36	0.00817	0.00613	0.00919	0.00919	0.01021	0.00715	0.00715	0.01021	0.00919	0.01328	0.01532	0.02247	0.01430	0.04290	0.77631	0.00919	0.01532	0.00613	0.00306	0.00511
37	0.01217	0.01016	0.01189	0.00851	0.01358	0.00764	0.00681	0.01470	0.01196	0.03523	0.01044	0.01203	0.00860	0.00430	0.00427	0.00087	0.00425	0.00344	0.00347	0.81568
38	0.02402	0.00937	0.01275	0.00990	0.01404	0.00813	0.00813	0.02628	0.01635	0.69771	0.09150	0.02164	0.01788	0.00751	0.00584	0.00177	0.00466	0.00618	0.00701	0.00933
39	0.00711	0.00508	0.00680	0.00813	0.00853	0.00477	0.00556	0.00822	0.01109	0.01476	0.03145	0.74812	0.03751	0.01778	0.00734	0.00234	0.00344	0.06196	0.00531	0.00469
40	0.01266	0.01293	0.01986	0.01633	0.01716	0.01708	0.11763	0.01442	0.00944	0.01442	0.00809	0.01293	0.00768	0.00926	0.01704	0.00242	0.67637	0.00526	0.00256	0.00647
41	0.01136	0.01067	0.01471	0.01289	0.01299	0.01440	0.01038	0.01245	0.00872	0.01324	0.01013	0.01794	0.01054	0.15585	0.09014	0.00367	0.57584	0.00571	0.00273	0.00565
42	0.01372	0.01011	0.01205	0.00870	0.01370	0.00773	0.00700	0.01621	0.01247	0.11921	0.01183	0.01288	0.00924	0.00462	0.00444	0.00097	0.00432	0.00371	0.00388	0.72322
43	0.01186	0.01017	0.01186	0.00847	0.01356	0.00762	0.00678	0.01440	0.01186	0.01864	0.01017	0.01186	0.00847	0.00424	0.00424	0.00085	0.00424	0.00339	0.00339	0.83395
44	0.83938	0.01106	0.00841	0.00752	0.01106	0.01283	0.00619	0.01681	0.00973	0.02566	0.00796	0.00929	0.00619	0.00531	0.00354	0.00177	0.00442	0.00310	0.00354	0.00619
45	0.00878	0.00634	0.00813	0.00766	0.00906	0.00580	0.00569	0.01128	0.01655	0.02347	0.75317	0.04331	0.05412	0.01206	0.00701	0.00192	0.00294	0.01050	0.00649	0.00574
46	0.01413	0.01583	0.03396	0.02439	0.03018	0.01478	0.73519	0.01873	0.01389	0.01890	0.01221	0.01629	0.00929	0.00526	0.00701	0.00205	0.00981	0.00694	0.00312	0.00804
47	0.00836	0.00577	0.00693	0.00753	0.00775	0.00552	0.00466	0.00866	0.01001	0.01342	0.02502	0.39908	0.02940	0.41911	0.01875	0.00409	0.00470	0.01227	0.00456	0.00439
48	0.00766	0.00548	0.00713	0.00842	0.00881	0.00506	0.00561	0.00848	0.01136	0.01522	0.03196	0.78804	0.03814	0.01822	0.00756	0.00244	0.00356	0.01635	0.00551	0.00500
49	0.01315	0.01294	0.01790	0.01540	0.01546	0.01780	0.01274	0.01422	0.00919	0.01439	0.00819	0.01341	0.00813	0.01040	0.01891	0.00261	0.78062	0.00521	0.00273	0.00659
50	0.01132	0.00583	0.00584	0.00581	0.00720	0.00574	0.00431	0.01378	0.01240	0.02187	0.01922	0.02213	0.01521	0.00709	0.00429	0.00146	0.00291	0.00553	0.82239	0.00568
51	0.00752	0.00625	0.00641	0.00643	0.00831	0.00525	0.00474	0.00881	0.01345	0.01631	0.08441	0.09243	0.68942	0.01489	0.00705	0.00206	0.00315	0.01235	0.00555	0.00519
52	0.01560	0.01509	0.02304	0.06132	0.58413	0.06745	0.05948	0.06513	0.01450	0.01987	0.01149	0.01486	0.00952	0.00571	0.00597	0.00183	0.00741	0.00530	0.00324	0.00906
53	0.01491	0.01546	0.03264	0.02349	0.02920	0.01439	0.68785	0.01934	0.01407	0.06720	0.01292	0.01655	0.00965	0.00541	0.00695	0.00204	0.00951	0.00687	0.00339	0.00817
54	0.01856	0.01189	0.01347	0.01158	0.01523	0.01265	0.00910	0.02986	0.50678	0.26555	0.02356	0.02154	0.01691	0.00795	0.00607	0.00200	0.00486	0.00643	0.00642	0.00958
55	0.01270	0.07513	0.10718	0.01220	0.06630	0.00965	0.04651	0.01571	0.01513	0.10844	0.38851	0.02929	0.03239	0.00905	0.00629	0.00182	0.00489	0.00774	0.00524	0.04583
56	0.01460	0.01509	0.14440	0.01247	0.01652	0.01335	0.01110	0.06238	0.47185	0.05816	0.05186	0.06653	0.01837	0.00845	0.00614	0.00203	0.00539	0.00691	0.00547	0.00891
57	0.83146	0.01150	0.00888	0.00798	0.01155	0.01316	0.00648	0.01723	0.01016	0.02617	0.00864	0.01022	0.00683	0.00575	0.00384	0.00189	0.00465	0.00332	0.00376	0.00653
58	0.83146	0.01150	0.00888	0.00798	0.01155	0.01316	0.00648	0.01723	0.01016	0.02617	0.00864	0.01022	0.00683	0.00575	0.00384	0.00189	0.00465	0.00332	0.00376	0.00653
59	0.01391	0.39179	0.41566	0.01362	0.02038	0.01799	0.01595	0.01806	0.01226	0.01651	0.00983	0.01162	0.00792	0.00562	0.00488	0.00165	0.00754	0.00389	0.00266	0.00825
60	0.02200	0.01627	0.01739	0.01350	0.01805	0.01788	0.01104	0.71036	0.05436	0.03599	0.01470	0.01490	0.01062	0.00732	0.00600	0.00184	0.00643	0.00540	0.00592	0.01000
61	0.01224	0.02900	0.71861	0.01713	0.02540	0.01368	0.06376	0.01853	0.01256	0.01871	0.01099	0.01317	0.00796	0.00583	0.00579	0.00194	0.00871	0.00459	0.00267	0.00872
62	0.00802	0.00632	0.00709	0.00707	0.00877	0.00551	0.00531	0.00970	0.01427	0.01832	0.26011	0.08301	0.47082	0.01424	0.00711	0.00207	0.00325	0.05784	0.00580	0.00537
63	0.00878	0.00634	0.00813	0.00766	0.00906	0.00580	0.00569	0.01128	0.01655	0.02347	0.75317	0.04331	0.05412	0.01206	0.00701	0.00192	0.00294	0.01050	0.00649	0.00574
64	0.01590	0.79467	0.03023	0.01022	0.01513	0.02286	0.01004	0.01754	0.01203	0.01409	0.00863	0.01010	0.00797	0.00533	0.00396	0.00135	0.00633	0.00328	0.00268	0.00767
65	0.83146	0.01150	0.00888	0.00798	0.01155	0.01316	0.00648	0.01723	0.01016	0.02617	0.00864	0.01022	0.00683	0.00575	0.00384	0.00189	0.00465	0.00332	0.00376	0.00653
66	0.00900	0.00604	0.00674	0.00671	0.00677	0.00595	0.00378	0.00883	0.00876	0.01174	0.01859	0.03807	0.02128	0.79120	0.02914	0.00562	0.00576	0.00849	0.00369	0.00383
67	0.01804	0.02111	0.01681	0.01500	0.01679	0.45112	0.01168	0.01926	0.01347	0.01450	0.00927	0.01256	0.00833	0.00940	0.04233	0.00230	0.30376	0.00450	0.00301	0.00676
68	0.00986	0.00670	0.00876	0.00857	0.01011	0.00622	0.00672	0.01232	0.01585	0.05692	0.54886	0.04729	0.04736	0.01280	0.00723	0.00211	0.00364	0.17647	0.00628	0.00591
69	0.01683	0.00745	0.00876	0.00759	0.01011	0.00687	0.00593	0.01913	0.01400	0.29582	0.02066	0.02145	0.01503	0.00724	0.00493	0.00162	0.00372	0.00569	0.51990	0.00729
70	0.01390	0.01912	0.19769	0.25175	0.03022	0.11650	0.24891	0.01816	0.01330	0.01715	0.01111	0.01477	0.00846	0.00582	0.00618	0.00195	0.00902	0.00543	0.00291	0.00765
71	0.01386	0.01328	0.02317	0.03020	0.55029	0.01299	0.12748	0.01707	0.01354	0.01919	0.05701	0.06729	0.01411	0.00671	0.00627	0.00190	0.00697	0.00658	0.00343	0.00866
72	0.00766	0.00548	0.00713	0.00842	0.00881	0.00506	0.00561	0.00848	0.01136	0.01522	0.03196	0.78804	0.03814	0.01822	0.00756	0.00244	0.00356	0.01635	0.00551	0.00500
73	0.01375	0.01311	0.02253	0.16790	0.52347	0.01338	0.08020	0.01702	0.01307	0.01829	0.01242	0.05482	0.01083	0.00627	0.00612	0.00191	0.00722	0.00601	0.00314	0.00854
74	0.01239	0.02227	0.44554	0.19796	0.11996	0.01373	0.03246	0.01744	0.01232	0.01775	0.01085	0.01405	0.00823	0.00610	0.00645	0.00197	0.04474	0.00483	0.00274	0.00824
75	0.01444	0.01915	0.19779	0.02520	0.31745	0.09382	0.16861	0.01837	0.01353	0.01837	0.01223	0.05087	0.01033	0.00624	0.00613	0.00190	0.00818	0.00582	0.00310	0.00848
76	0.02050	0.20785	0.01981	0.01397	0.01740	0.59320	0.01100	0.02187	0.01550	0.01450	0.00930	0.01097	0.00799	0.00609	0.00509	0.00154	0.00950	0.00376	0.00306	0.00713
77	0.01267	0.01067	0.01234	0.00903	0.01402	0.00822	0.00714	0.03418	0.01265	0.01960	0.01134	0.02851	0.00971	0.00503	0.00463	0.00103	0.00450	0.00392	0.00371	0.78712
78	0.01295	0.01793	0.22389	0.16397	0.04858	0.01362	0.33064	0.01782	0.03237	0.01808	0.01196	0.01566	0.00911	0.00622	0.00690	0.03031	0.00863	0.00582	0.01773	0.00783
79	0.02617	0.01019	0.01370	0.01061	0.01505	0.00878	0.00867	0.02818	0.01673	0.76009	0.02309	0.02029	0.01472	0.00750	0.00603	0.00189	0.00509	0.00595	0.00726	0.01003
80	0.00899	0.00607	0.00688	0.00685	0.00696	0.00602	0.00395	0.00891	0.00880	0.01185	0.01847	0.03737	0.02098	0.75584	0.06409	0.00580	0.00622	0.00839	0.00367	0.00391
81	0.01490	0.01595	0.02801	0.14377	0.06385	0.08318	0.46479	0.06078	0.01448	0.01889	0.01176	0.01559	0.00907	0.00573	0.00681	0.00199	0.02316	0.00620	0.00322	0.00788
82	0.00893	0.00755	0.00771	0.00743	0.00964	0.00707	0.00558	0.01306	0.15648	0.01784	0.06501	0.04875	0.59642	0.01347	0.00684	0.00205	0.00345	0.01109	0.00563	0.00601
83	0.00766	0.00548	0.00713	0.00842	0.00881	0.00506	0.00561	0.00848	0.01136	0.01522	0.03196	0.78804	0.03814	0.01822	0.00756	0.00244	0.00356	0.01635	0.00551	0.00500
84	0.01996	0.01492	0.01588	0.01273	0.01683	0.01646	0.01028	0.53733	0.18144	0.03290	0.01671	0.01673	0.01230	0.00746	0.00591	0.00186	0.00589	0.00565	0.05915	0.00960
85	0.02229	0.01641	0.01755	0.01356	0.01815	0.01802	0.01111	0.73712	0.02714	0.03644	0.01435	0.01461	0.01033	0.00729	0.00600	0.00184	0.00650	0.00535	0.00592	0.01003
86	0.01381	0.01094	0.01198	0.01108	0.01379	0.01207	0.00841	0.02551	0.53620	0.06039	0.07268	0.15354	0.02360	0.01010	0.00640	0.00210	0.00445	0.00852	0.00602	0.00842
87	0.01067	0.00793	0.01105	0.13945	0.01464	0.00845	0.04417	0.01163	0.01013	0.04847	0.01739	0.08198	0.01844	0.47701	0.02085	0.00424	0.05663	0.00807	0.00373	0.00508
88	0.00871	0.00634	0.00804	0.00759	0.00902	0.00577	0.00564	0.01115	0.01639	0.02309	0.71767	0.04393	0.08985	0.01220	0.00701	0.00192	0.00295	0.01058	0.00644	0.00571
89	0.01604	0.74185	0.02912	0.01040	0.01514	0.05767	0.01001	0.01768	0.01234	0.01431	0.02438	0.01086	0.00894	0.00552	0.00410	0.00137	0.00645	0.00347	0.00278	0.00759
90	0.00899	0.00609	0.00700	0.00697	0.00712	0.00609	0.00411	0.00899	0.00883	0.01194	0.01835	0.03675	0.02071	0.72470	0.09486	0.00595	0.00662	0.00830	0.00365	0.00398
91	0.01583	0.01281	0.01363	0.01208	0.01548	0.01447	0.00939	0.07260	0.66813	0.06028	0.02320	0.02161	0.01737	0.00809	0.00608	0.00204	0.00487	0.00655	0.00607	0.00943
92	0.01590	0.79467	0.03023	0.01022	0.01513	0.02286	0.01004	0.01754	0.01203	0.01409	0.00863	0.01010	0.00797	0.00533	0.00396	0.00135	0.00633	0.00328	0.00268	0.00767
93	0.01001	0.00821	0.00873	0.00829	0.01058	0.00803	0.00636	0.04316	0.18156	0.01958	0.11252	0.04566	0.44718	0.01282	0.00684	0.00207	0.00376	0.05248	0.00573	0.00641
94	0.83146	0.01150	0.00888	0.00798	0.01155	0.01316	0.00648	0.01723	0.01016	0.02617	0.00864	0.01022	0.00683	0.00575	0.00384	0.00189	0.00465	0.00332	0.00376	0.00653
95	0.01102	0.00918	0.05427	0.00912	0.01146	0.00807	0.00743	0.04516	0.11566	0.05296	0.53166	0.03684	0.06171	0.01086	0.00673	0.00194	0.00377	0.00926	0.00617	0.00675
96	0.01590	0.79467	0.03023	0.01022	0.01513	0.02286	0.01004	0.01754	0.01203	0.01409	0.00863	0.01010	0.00797	0.00533	0.00396	0.00135	0.00633	0.00328	0.00268	0.00767
97	0.00886	0.00661	0.00958	0.00955	0.01060	0.00749	0.00733	0.01065	0.00960	0.01385	0.01599	0.02366	0.01503	0.06311	0.74868	0.00914	0.01517	0.00638	0.00330	0.00541
98	0.01132	0.00583	0.00584	0.00581	0.00720	0.00574	0.00431	0.01378	0.01240	0.02187	0.01922	0.02213	0.01521	0.00709	0.00429	0.00146	0.00291	0.00553	0.82239	0.00568
99	0.01590	0.79467	0.03023	0.01022	0.01513	0.02286	0.01004	0.01754	0.01203	0.01409	0.00863	0.01010	0.00797	0.00533	0.00396	0.00135	0.00633	0.00328	0.00268	0.00767
100	0.00900	0.00606	0.00680	0.00677	0.00686	0.00598	0.00386	0.00887	0.00878	0.01179	0.01853	0.03774	0.02114	0.77442	0.04573	0.00571	0.00598	0.00844	0.00368	0.00387
101	0.02011	0.01364	0.01567	0.05813	0.01796	0.01458	0.01070	0.47712	0.02251	0.13335	0.01805	0.04293	0.01468	0.00874	0.00633	0.00199	0.00616	0.10241	0.00585	0.00910
102	0.00858	0.00618	0.00797	0.00799	0.00916	0.00569	0.00585	0.01069	0.01522	0.02131	0.55433	0.21446	0.04948	0.01366	0.00719	0.00207	0.00320	0.04518	0.00622	0.00557
103	0.01398	0.01631	0.06735	0.02349	0.02907	0.01490	0.65852	0.01845	0.01354	0.01862	0.01191	0.01597	0.00916	0.00560	0.00766	0.00207	0.05564	0.00672	0.00307	0.00798
104	0.06052	0.01618	0.01714	0.01330	0.01784	0.01779	0.01089	0.70310	0.02634	0.03596	0.01408	0.01441	0.01017	0.00721	0.00589	0.00184	0.00641	0.00526	0.00582	0.00986
105	0.01478	0.01401	0.02354	0.03528	0.75600	0.01391	0.01773	0.01797	0.01341	0.01926	0.01140	0.01503	0.00967	0.00553	0.00594	0.00182	0.00700	0.00530	0.00306	0.00937
106	0.01525	0.01652	0.02033	0.01794	0.06642	0.17587	0.11787	0.01702	0.01171	0.01541	0.00926	0.01347	0.00837	0.00847	0.01348	0.00226	0.45517	0.00519	0.00290	0.00706
107	0.01431	0.01308	0.02075	0.18072	0.46332	0.01410	0.01599	0.06372	0.01354	0.01918	0.01143	0.01531	0.00947	0.00631	0.00718	0.00193	0.08380	0.00530	0.03207	0.00846
108	0.00746	0.00629	0.00630	0.00627	0.00825	0.00524	0.00465	0.00872	0.01343	0.01606	0.05810	0.05550	0.75380	0.01483	0.00702	0.00205	0.00314	0.01220	0.00551	0.00518
109	0.00746	0.00629	0.00630	0.00627	0.00825	0.00524	0.00465	0.00872	0.01343	0.01606	0.05810	0.05550	0.75380	0.01483	0.00702	0.00205	0.00314	0.01220	0.00551	0.00518
110	0.01328	0.26382	0.53809	0.01470	0.02205	0.01644	0.01783	0.01822	0.01234	0.01729	0.01021	0.01210	0.00790	0.00570	0.00518	0.00175	0.00793	0.00409	0.00265	0.00843
111	0.00732	0.00531	0.00679	0.00745	0.00817	0.00491	0.00512	0.00873	0.01232	0.01659	0.21974	0.48455	0.10839	0.06638	0.00852	0.00236	0.00326	0.01384	0.00544	0.00478
112	0.03685	0.68386	0.02709	0.00967	0.01432	0.02094	0.00941	0.05937	0.01256	0.01524	0.01152	0.01241	0.05606	0.00564	0.00399	0.00131	0.00588	0.00376	0.00285	0.00729

[dist]
# distance from previous block
# <min> <max>
1	61

[block]
# block no. 3 follows, 41 sequences, length 8
# corresponding to MSA columns:
# 409-416
name=unknown_D
#
# <colnr> <probs for GDERKNQSTAVLIFYWHMCP>
#	G	D	E	R	K	N	Q	S	T	A	V	L	I	F	Y	W	H	M	C	P
0	0.01474	0.66247	0.09766	0.01122	0.01625	0.02120	0.04100	0.01711	0.01161	0.01410	0.00829	0.00985	0.00739	0.00518	0.00466	0.00137	0.04263	0.00341	0.00246	0.00741
1	0.00764	0.00565	0.00717	0.00744	0.00860	0.00518	0.00550	0.00963	0.01392	0.01880	0.37170	0.25776	0.17246	0.01427	0.00700	0.00204	0.00312	0.07128	0.00576	0.00508
2	0.00990	0.00770	0.00835	0.00823	0.01005	0.00660	0.00593	0.01090	0.01526	0.01980	0.24524	0.11463	0.48276	0.01537	0.00784	0.00239	0.00384	0.01248	0.00637	0.00636
3	0.01277	0.00995	0.01055	0.00965	0.01224	0.01119	0.00745	0.02432	0.49985	0.02319	0.09001	0.02331	0.02012	0.00785	0.00545	0.00178	0.00389	0.00654	0.21210	0.00779
4	0.00937	0.00729	0.00906	0.00843	0.00843	0.00854	0.00573	0.00968	0.00843	0.01176	0.01539	0.03120	0.01747	0.60173	0.02653	0.00478	0.20129	0.00749	0.00323	0.00416
5	0.01529	0.80242	0.02997	0.00979	0.01468	0.02263	0.00979	0.01713	0.01162	0.01346	0.00795	0.00918	0.00734	0.00489	0.00367	0.00122	0.00612	0.00306	0.00245	0.00734
6	0.01889	0.02784	0.20450	0.01513	0.01945	0.58533	0.01357	0.02166	0.01518	0.01503	0.00920	0.01076	0.00734	0.00578	0.00523	0.00156	0.00985	0.00382	0.00281	0.00709
7	0.00914	0.00517	0.00704	0.00704	0.00752	0.00493	0.00481	0.00764	0.00885	0.01131	0.02194	0.02680	0.19770	0.01852	0.01846	0.62566	0.00445	0.00674	0.00319	0.00307

[dist]
# distance from previous block
# <min> <max>
0	47

# created by:
# /software/SequenceAnalysis/GenePrediction/augustus/3.0.1/scripts/msa2prfl.pl ./fixed/BUSCOvEOG7FR25S.fas
