[name]
unknown

[dist]
# distance from previous block
# <min> <max>
0	75

[block]
# block no. 0 follows, 41 sequences, length 15
# corresponding to MSA columns:
# 76-90
name=unknown_A
#
# <colnr> <probs for GDERKNQSTAVLIFYWHMCP>
#	G	D	E	R	K	N	Q	S	T	A	V	L	I	F	Y	W	H	M	C	P
0	0.01403	0.50667	0.24327	0.01300	0.01900	0.01918	0.08119	0.01752	0.01193	0.01525	0.00895	0.01059	0.00744	0.00504	0.00446	0.00146	0.00712	0.00374	0.00248	0.00770
1	0.00723	0.00509	0.00656	0.00763	0.00789	0.00482	0.00495	0.00803	0.01043	0.01391	0.02887	0.64635	0.03448	0.17138	0.01159	0.00296	0.00376	0.01470	0.00495	0.00441
2	0.01784	0.01839	0.09342	0.01805	0.02311	0.18995	0.33353	0.04900	0.01507	0.16513	0.01306	0.01466	0.00936	0.00565	0.00602	0.00177	0.00862	0.00555	0.00379	0.00801
3	0.17581	0.01991	0.32686	0.08892	0.13708	0.04990	0.04668	0.01820	0.01219	0.05862	0.01051	0.01259	0.00779	0.00547	0.00518	0.00178	0.00728	0.00438	0.00300	0.00786
4	0.06121	0.08398	0.01435	0.03966	0.01510	0.02931	0.00861	0.02483	0.08716	0.49846	0.02178	0.01985	0.05571	0.00720	0.00550	0.00174	0.00506	0.00573	0.00598	0.00879
5	0.00805	0.00543	0.00632	0.00658	0.00664	0.00537	0.00383	0.00825	0.00884	0.01178	0.02068	0.18633	0.02414	0.64552	0.02483	0.00491	0.00511	0.00988	0.00383	0.00370
6	0.01182	0.01349	0.09068	0.17698	0.10724	0.01215	0.30331	0.01549	0.01188	0.01616	0.01234	0.01927	0.01076	0.16113	0.01069	0.00260	0.00800	0.00631	0.00288	0.00682
7	0.01077	0.00922	0.01483	0.63200	0.03296	0.01126	0.01355	0.01436	0.01155	0.01593	0.01184	0.01644	0.00901	0.00590	0.00538	0.00179	0.00665	0.00513	0.16526	0.00615
8	0.01565	0.01668	0.02092	0.09824	0.51171	0.20346	0.01578	0.01860	0.01367	0.01715	0.01023	0.01330	0.00851	0.00535	0.00554	0.00166	0.00775	0.00474	0.00283	0.00821
9	0.71124	0.01393	0.12619	0.00888	0.01318	0.01290	0.00851	0.01702	0.01010	0.02449	0.00832	0.00972	0.00636	0.00533	0.00383	0.00178	0.00505	0.00327	0.00337	0.00654
10	0.01858	0.01419	0.01679	0.09335	0.09772	0.01565	0.01140	0.52476	0.02213	0.02971	0.01345	0.01614	0.01047	0.08022	0.00789	0.00209	0.00641	0.00543	0.00488	0.00873
11	0.01105	0.00747	0.00893	0.00816	0.01020	0.00720	0.00622	0.09029	0.05181	0.09094	0.33573	0.14510	0.18043	0.01199	0.00658	0.00189	0.00350	0.01035	0.00595	0.00622
12	0.01380	0.01132	0.01290	0.00939	0.01438	0.00961	0.00758	0.15780	0.01481	0.02206	0.01087	0.01223	0.00872	0.00475	0.00453	0.00102	0.00464	0.00373	0.00385	0.67201
13	0.00697	0.00498	0.00664	0.00796	0.00830	0.00465	0.00531	0.00796	0.01095	0.01460	0.03153	0.79525	0.03783	0.01792	0.00730	0.00232	0.00332	0.01626	0.00531	0.00465
14	0.80144	0.01118	0.00909	0.00879	0.04565	0.01287	0.00672	0.01685	0.00989	0.02534	0.00809	0.00952	0.00633	0.00530	0.00364	0.00177	0.00453	0.00319	0.00351	0.00633

[dist]
# distance from previous block
# <min> <max>
0	1

[block]
# block no. 1 follows, 41 sequences, length 51
# corresponding to MSA columns:
# 92-142
name=unknown_B
#
# <colnr> <probs for GDERKNQSTAVLIFYWHMCP>
#	G	D	E	R	K	N	Q	S	T	A	V	L	I	F	Y	W	H	M	C	P
0	0.13339	0.01079	0.01377	0.15831	0.01921	0.01107	0.00983	0.10307	0.04215	0.41438	0.01725	0.01670	0.01145	0.00658	0.00544	0.00180	0.00548	0.00522	0.00553	0.00858
1	0.01336	0.01143	0.01200	0.01080	0.01389	0.01292	0.00840	0.05256	0.61430	0.02307	0.02822	0.02620	0.13041	0.00875	0.00596	0.00193	0.00434	0.00727	0.00574	0.00843
2	0.00804	0.00584	0.00757	0.00714	0.00851	0.00537	0.00536	0.01069	0.01607	0.02265	0.73302	0.04320	0.08141	0.01180	0.00675	0.00180	0.00271	0.01041	0.00626	0.00537
3	0.00691	0.00543	0.00630	0.00690	0.00807	0.00483	0.00489	0.00817	0.01195	0.01499	0.04439	0.39098	0.40493	0.01707	0.03455	0.00237	0.00353	0.01377	0.00523	0.00476
4	0.01278	0.01570	0.09471	0.09262	0.02893	0.01394	0.55778	0.01741	0.01300	0.01769	0.01298	0.01655	0.03761	0.00552	0.00697	0.00194	0.03697	0.00652	0.00290	0.00749
5	0.01482	0.33888	0.26626	0.01257	0.01832	0.01766	0.01352	0.14330	0.05737	0.01947	0.01088	0.01213	0.00858	0.00705	0.03471	0.00185	0.00717	0.00412	0.00322	0.00813
6	0.00816	0.00583	0.00801	0.00933	0.01018	0.00567	0.00738	0.01003	0.01213	0.01594	0.03087	0.40721	0.03522	0.01679	0.00762	0.00249	0.00435	0.39251	0.00529	0.00498
7	0.01066	0.00621	0.00808	0.00838	0.00980	0.00567	0.00625	0.01215	0.01244	0.14900	0.03291	0.41306	0.13318	0.04550	0.00789	0.00234	0.00392	0.12140	0.00555	0.00563
8	0.01059	0.00982	0.01600	0.68312	0.03556	0.01205	0.01462	0.01468	0.04223	0.01503	0.01358	0.05921	0.03663	0.00678	0.00585	0.00193	0.00709	0.00600	0.00293	0.00632
9	0.01200	0.01087	0.01903	0.42360	0.03016	0.01208	0.18754	0.05351	0.01284	0.01782	0.01220	0.01629	0.00924	0.00573	0.00566	0.00180	0.00716	0.00553	0.15027	0.00667
10	0.83938	0.01106	0.00841	0.00752	0.01106	0.01283	0.00619	0.01681	0.00973	0.02566	0.00796	0.00929	0.00619	0.00531	0.00354	0.00177	0.00442	0.00310	0.00354	0.00619
11	0.01288	0.02108	0.38002	0.02250	0.29459	0.01354	0.01798	0.01978	0.12525	0.01921	0.01243	0.01425	0.00947	0.00566	0.00558	0.00179	0.00725	0.00489	0.00309	0.00877
12	0.00721	0.00530	0.00679	0.00768	0.00843	0.00487	0.00538	0.00859	0.01209	0.01601	0.13697	0.54865	0.14263	0.01646	0.00718	0.00221	0.00327	0.05006	0.00545	0.00481
13	0.01309	0.01463	0.03122	0.14002	0.03134	0.01420	0.63187	0.01776	0.01319	0.01776	0.01136	0.01540	0.00852	0.00496	0.00659	0.00193	0.00934	0.00650	0.00284	0.00751
14	0.01178	0.01117	0.01893	0.56626	0.25071	0.01297	0.01637	0.01547	0.01190	0.01580	0.01034	0.01493	0.00804	0.00554	0.00570	0.00185	0.00738	0.00509	0.00263	0.00714
15	0.01147	0.02959	0.76934	0.01630	0.02476	0.01328	0.02113	0.01811	0.01208	0.01811	0.01026	0.01208	0.00725	0.00543	0.00543	0.00181	0.00845	0.00423	0.00242	0.00845
16	0.02209	0.01547	0.01683	0.01290	0.01746	0.01692	0.01066	0.68175	0.02598	0.09982	0.01450	0.01423	0.01011	0.00688	0.00572	0.00172	0.00617	0.00520	0.00584	0.00973
17	0.01477	0.69770	0.13016	0.01067	0.01605	0.02137	0.01132	0.01726	0.01168	0.01409	0.00827	0.00957	0.00733	0.00497	0.00391	0.00130	0.00643	0.00322	0.00244	0.00749
18	0.00830	0.00563	0.00669	0.00669	0.00684	0.00579	0.00403	0.00861	0.00845	0.01142	0.01761	0.03515	0.01981	0.68384	0.14290	0.00610	0.00703	0.00798	0.00340	0.00372
19	0.01427	0.00747	0.01027	0.00991	0.01222	0.00698	0.00838	0.01678	0.01465	0.25632	0.13900	0.04689	0.03016	0.01240	0.00704	0.00223	0.00475	0.38756	0.00600	0.00671
20	0.02353	0.01035	0.01338	0.01037	0.01455	0.00957	0.00852	0.13548	0.01796	0.59099	0.08556	0.02062	0.01696	0.00745	0.00583	0.00176	0.00490	0.00606	0.00680	0.00935
21	0.02159	0.02065	0.01677	0.01381	0.01772	0.33008	0.01095	0.44709	0.02249	0.02697	0.01172	0.01232	0.00876	0.00647	0.00549	0.00162	0.00795	0.00455	0.00458	0.00845
22	0.00800	0.00577	0.00756	0.00726	0.00852	0.00533	0.00539	0.01055	0.01573	0.02221	0.69672	0.10836	0.05256	0.01224	0.00679	0.00184	0.00275	0.01086	0.00621	0.00533
23	0.01627	0.68266	0.02802	0.01030	0.01515	0.02189	0.00995	0.12786	0.01395	0.01690	0.00883	0.00987	0.00770	0.00519	0.00398	0.00130	0.00614	0.00338	0.00295	0.00770
24	0.01886	0.01361	0.01449	0.01141	0.01529	0.01485	0.00933	0.57615	0.02357	0.03216	0.01829	0.01842	0.07595	0.00750	0.00557	0.00168	0.00548	0.00578	0.12295	0.00868
25	0.40603	0.01369	0.01305	0.01051	0.01460	0.01543	0.00867	0.40235	0.01883	0.03117	0.01102	0.01165	0.00807	0.00613	0.00470	0.00174	0.00542	0.00419	0.00470	0.00807
26	0.00994	0.00497	0.00745	0.00745	0.00745	0.00497	0.00497	0.00745	0.00745	0.00994	0.00994	0.01739	0.00994	0.01987	0.02235	0.83358	0.00497	0.00497	0.00248	0.00248
27	0.00691	0.00553	0.00618	0.00658	0.00796	0.00480	0.00472	0.00828	0.01254	0.01561	0.09016	0.29467	0.48511	0.01544	0.00693	0.00205	0.00302	0.01333	0.00537	0.00480
28	0.02151	0.01505	0.01649	0.01273	0.01714	0.01647	0.01050	0.65050	0.02522	0.09885	0.01457	0.01460	0.01031	0.00842	0.03853	0.00204	0.00655	0.00524	0.00573	0.00953
29	0.00994	0.00497	0.00745	0.00745	0.00745	0.00497	0.00497	0.00745	0.00745	0.00994	0.00994	0.01739	0.00994	0.01987	0.02235	0.83358	0.00497	0.00497	0.00248	0.00248
30	0.79189	0.01135	0.00892	0.00785	0.01145	0.01312	0.00647	0.05907	0.01073	0.02627	0.00830	0.00955	0.00640	0.00540	0.00367	0.00177	0.00453	0.00322	0.00367	0.00640
31	0.00827	0.00596	0.00789	0.00770	0.00905	0.00558	0.00598	0.01095	0.01573	0.02205	0.64911	0.04605	0.05076	0.01232	0.00692	0.00193	0.00309	0.11915	0.00614	0.00538
32	0.71320	0.01093	0.00974	0.12596	0.01538	0.01281	0.00767	0.01648	0.00999	0.02398	0.00830	0.01020	0.00641	0.00537	0.00387	0.00179	0.00491	0.00340	0.00339	0.00622
33	0.00873	0.00715	0.01149	0.01014	0.01193	0.00668	0.11786	0.01137	0.01443	0.02003	0.44085	0.20816	0.04224	0.01228	0.00694	0.00198	0.00404	0.05262	0.00550	0.00557
34	0.00780	0.00533	0.00639	0.00690	0.00703	0.00520	0.00417	0.00818	0.00933	0.01243	0.02319	0.32750	0.02732	0.50001	0.02076	0.00431	0.00469	0.01136	0.00417	0.00392
35	0.00713	0.00515	0.00675	0.00774	0.00831	0.00477	0.00528	0.00841	0.01185	0.01591	0.14382	0.64386	0.07623	0.01680	0.00719	0.00222	0.00320	0.01515	0.00546	0.00477
36	0.00730	0.00538	0.00683	0.00739	0.00829	0.00491	0.00519	0.00890	0.01293	0.01738	0.26707	0.44345	0.15309	0.01542	0.00704	0.00210	0.00306	0.01374	0.00562	0.00491
37	0.01347	0.01289	0.02198	0.18866	0.61512	0.01341	0.01721	0.01695	0.01270	0.01785	0.01064	0.01438	0.00877	0.00522	0.00567	0.00174	0.00697	0.00509	0.00277	0.00851
38	0.01186	0.01017	0.01186	0.00847	0.01356	0.00762	0.00678	0.01440	0.01186	0.01864	0.01017	0.01186	0.00847	0.00424	0.00424	0.00085	0.00424	0.00339	0.00339	0.83395
39	0.00697	0.00498	0.00664	0.00796	0.00830	0.00465	0.00531	0.00796	0.01095	0.01460	0.03153	0.79525	0.03783	0.01792	0.00730	0.00232	0.00332	0.01626	0.00531	0.00465
40	0.01365	0.01307	0.02229	0.14934	0.65306	0.01346	0.01730	0.01711	0.01278	0.01807	0.01067	0.01432	0.00884	0.00519	0.00567	0.00173	0.00692	0.00509	0.00279	0.00865
41	0.00994	0.00497	0.00745	0.00745	0.00745	0.00497	0.00497	0.00745	0.00745	0.00994	0.00994	0.01739	0.00994	0.01987	0.02235	0.83358	0.00497	0.00497	0.00248	0.00248
42	0.01423	0.01229	0.01293	0.01164	0.01487	0.01423	0.00905	0.03039	0.75297	0.02393	0.02328	0.02134	0.01746	0.00776	0.00582	0.00194	0.00453	0.00647	0.00582	0.00905
43	0.00718	0.00520	0.00644	0.00733	0.00784	0.00483	0.00483	0.00806	0.01080	0.01411	0.03314	0.54758	0.14492	0.15648	0.01110	0.00284	0.00365	0.01421	0.00498	0.00446
44	0.14509	0.01435	0.01488	0.01170	0.01572	0.01593	0.00951	0.56927	0.02266	0.03229	0.01323	0.01512	0.01015	0.07571	0.00743	0.00206	0.00594	0.00511	0.00519	0.00864
45	0.01928	0.01986	0.01510	0.01326	0.01660	0.38030	0.01023	0.12437	0.26108	0.05978	0.01500	0.01491	0.01138	0.00671	0.00548	0.00168	0.00757	0.00491	0.00449	0.00802
46	0.00826	0.00593	0.00801	0.00865	0.00975	0.00568	0.00683	0.01054	0.01383	0.01880	0.31406	0.22448	0.04223	0.01469	0.00731	0.00224	0.00382	0.28404	0.00568	0.00517
47	0.00697	0.00498	0.00664	0.00796	0.00830	0.00465	0.00531	0.00796	0.01095	0.01460	0.03153	0.79525	0.03783	0.01792	0.00730	0.00232	0.00332	0.01626	0.00531	0.00465
48	0.83938	0.01106	0.00841	0.00752	0.01106	0.01283	0.00619	0.01681	0.00973	0.02566	0.00796	0.00929	0.00619	0.00531	0.00354	0.00177	0.00442	0.00310	0.00354	0.00619
49	0.01759	0.41857	0.03791	0.01341	0.08132	0.01980	0.01109	0.29550	0.01760	0.02265	0.01045	0.01141	0.00840	0.00568	0.00466	0.00146	0.00629	0.00406	0.00373	0.00842
50	0.06242	0.02091	0.01949	0.01584	0.01961	0.38212	0.15335	0.18592	0.01746	0.02048	0.01039	0.01213	0.00811	0.00605	0.00609	0.00168	0.04222	0.00464	0.00358	0.00751

[dist]
# distance from previous block
# <min> <max>
3	5

[block]
# block no. 2 follows, 41 sequences, length 10
# corresponding to MSA columns:
# 148-157
name=unknown_C
#
# <colnr> <probs for GDERKNQSTAVLIFYWHMCP>
#	G	D	E	R	K	N	Q	S	T	A	V	L	I	F	Y	W	H	M	C	P
0	0.01271	0.27950	0.53025	0.01420	0.02150	0.01631	0.01746	0.01780	0.01193	0.01661	0.00952	0.01114	0.00728	0.00526	0.00486	0.00162	0.00770	0.00385	0.00243	0.00809
1	0.01290	0.02759	0.69331	0.01569	0.02374	0.01279	0.01985	0.01910	0.01251	0.09345	0.01150	0.01282	0.00794	0.00560	0.00547	0.00181	0.00809	0.00438	0.00288	0.00858
2	0.01281	0.00962	0.01120	0.00919	0.01214	0.00946	0.00727	0.23004	0.01864	0.02611	0.40947	0.02881	0.03300	0.00898	0.00601	0.00161	0.00403	0.00761	0.00563	0.14837
3	0.00733	0.00513	0.00653	0.00750	0.00774	0.00489	0.00481	0.00806	0.01024	0.01366	0.02789	0.59121	0.03324	0.22822	0.01317	0.00319	0.00392	0.01412	0.00481	0.00433
4	0.00797	0.00584	0.00747	0.00707	0.00847	0.00534	0.00530	0.01055	0.01590	0.02224	0.69485	0.04387	0.11984	0.01195	0.00675	0.00181	0.00272	0.01051	0.00620	0.00534
5	0.01551	0.00756	0.00986	0.00839	0.01118	0.00676	0.00665	0.01766	0.01494	0.34625	0.21698	0.03331	0.18483	0.01318	0.07801	0.00250	0.00487	0.00831	0.00613	0.00715
6	0.00833	0.00653	0.00784	0.00720	0.00926	0.00560	0.00546	0.01053	0.01411	0.01938	0.36579	0.09808	0.23469	0.01176	0.00640	0.00174	0.00314	0.03184	0.00543	0.14687
7	0.01170	0.07588	0.72506	0.01591	0.02415	0.01384	0.02045	0.01806	0.01205	0.01784	0.01013	0.01190	0.00725	0.00540	0.00533	0.00178	0.00831	0.00416	0.00242	0.00839
8	0.00693	0.00512	0.00649	0.00759	0.00820	0.00468	0.00514	0.00801	0.01131	0.01475	0.03604	0.66867	0.16149	0.01733	0.00721	0.00226	0.00325	0.01554	0.00531	0.00468
9	0.00727	0.00538	0.00679	0.00736	0.00827	0.00490	0.00517	0.00885	0.01287	0.01723	0.25328	0.44435	0.16630	0.01548	0.00704	0.00210	0.00306	0.01378	0.00560	0.00490

[dist]
# distance from previous block
# <min> <max>
0	1

[block]
# block no. 3 follows, 41 sequences, length 51
# corresponding to MSA columns:
# 159-209
name=unknown_D
#
# <colnr> <probs for GDERKNQSTAVLIFYWHMCP>
#	G	D	E	R	K	N	Q	S	T	A	V	L	I	F	Y	W	H	M	C	P
0	0.01170	0.07634	0.72462	0.01591	0.02415	0.01385	0.02045	0.01805	0.01205	0.01783	0.01012	0.01190	0.00725	0.00540	0.00533	0.00178	0.00831	0.00416	0.00242	0.00839
1	0.01376	0.01319	0.02251	0.12300	0.67848	0.01349	0.01736	0.01721	0.01284	0.01821	0.01069	0.01428	0.00889	0.00517	0.00567	0.00172	0.00689	0.00509	0.00280	0.00874
2	0.02566	0.00973	0.01327	0.01018	0.01460	0.00841	0.00841	0.02788	0.01637	0.76726	0.02257	0.01947	0.01416	0.00708	0.00575	0.00177	0.00487	0.00575	0.00708	0.00973
3	0.01747	0.06832	0.40467	0.01350	0.02004	0.01237	0.01521	0.06686	0.01452	0.28950	0.01478	0.01467	0.00990	0.00609	0.00546	0.00175	0.00688	0.00476	0.00431	0.00893
4	0.01103	0.09764	0.56456	0.01421	0.02089	0.01263	0.01726	0.01622	0.01183	0.01705	0.01383	0.15094	0.01269	0.00760	0.00560	0.00185	0.00732	0.00626	0.00293	0.00767
5	0.00805	0.00562	0.00742	0.00760	0.00864	0.00520	0.00550	0.01012	0.01421	0.03453	0.46400	0.31873	0.04685	0.01397	0.00695	0.00201	0.00302	0.02644	0.00593	0.00520
6	0.00782	0.00576	0.00829	0.00886	0.00966	0.00623	0.00665	0.00954	0.01010	0.01402	0.02210	0.29750	0.02391	0.03217	0.45068	0.00631	0.01038	0.06107	0.00401	0.00496
7	0.01273	0.06056	0.07418	0.43611	0.12160	0.01357	0.10071	0.01652	0.01212	0.05760	0.01088	0.01469	0.00824	0.00568	0.00609	0.00185	0.03164	0.00513	0.00285	0.00724
8	0.01002	0.00636	0.00891	0.09916	0.01279	0.00622	0.00696	0.01183	0.01272	0.11195	0.17069	0.45775	0.03444	0.01389	0.00681	0.00210	0.00390	0.01246	0.00540	0.00564
9	0.00817	0.00613	0.00919	0.00919	0.01021	0.00715	0.00715	0.01021	0.00919	0.01328	0.01532	0.02247	0.01430	0.04290	0.77631	0.00919	0.01532	0.00613	0.00306	0.00511
10	0.01267	0.01382	0.02867	0.25727	0.03280	0.01393	0.51993	0.01719	0.01287	0.01719	0.01114	0.01537	0.00836	0.00510	0.00643	0.00192	0.00902	0.00624	0.00279	0.00730
11	0.06680	0.02149	0.01619	0.01372	0.01726	0.41233	0.01075	0.30643	0.01984	0.02333	0.01068	0.01167	0.00824	0.00637	0.00569	0.00162	0.03145	0.00427	0.00406	0.00782
12	0.02174	0.01602	0.01717	0.01316	0.01774	0.01774	0.01087	0.74423	0.02689	0.03605	0.01373	0.01373	0.00973	0.00687	0.00572	0.00172	0.00629	0.00515	0.00572	0.00973
13	0.06573	0.05925	0.10232	0.00966	0.01485	0.00958	0.00884	0.01721	0.01254	0.13707	0.02760	0.01342	0.00997	0.00509	0.00459	0.00121	0.00492	0.00397	0.00387	0.48832
14	0.00722	0.00510	0.00654	0.00759	0.00790	0.00482	0.00494	0.00804	0.01050	0.01396	0.02957	0.63610	0.05070	0.16491	0.01140	0.00292	0.00373	0.01467	0.00496	0.00443
15	0.02071	0.01494	0.01692	0.10344	0.02008	0.01657	0.01131	0.61407	0.02443	0.07914	0.01387	0.01427	0.00976	0.00675	0.00572	0.00174	0.00636	0.00518	0.00543	0.00933
16	0.13186	0.01427	0.01532	0.01189	0.01630	0.01547	0.00982	0.52305	0.02278	0.16104	0.01449	0.01413	0.01002	0.00669	0.00544	0.00173	0.00580	0.00498	0.00566	0.00926
17	0.01132	0.01035	0.01475	0.15903	0.01787	0.01368	0.01131	0.01320	0.00990	0.01491	0.01213	0.10577	0.01192	0.00973	0.01323	0.00223	0.45672	0.00638	0.09958	0.00598
18	0.01489	0.01196	0.01349	0.00991	0.01484	0.01072	0.00803	0.23797	0.01647	0.02397	0.01126	0.01243	0.00886	0.00504	0.00469	0.00111	0.00487	0.00393	0.00410	0.58146
19	0.00766	0.00563	0.00718	0.00722	0.00839	0.00515	0.00525	0.00980	0.01454	0.02003	0.50019	0.22803	0.13261	0.01354	0.00688	0.00194	0.00287	0.01199	0.00594	0.00515
20	0.00767	0.00558	0.00723	0.00735	0.00842	0.00513	0.00531	0.00977	0.01440	0.01994	0.49521	0.27425	0.09087	0.01377	0.00692	0.00197	0.00290	0.01226	0.00594	0.00513
21	0.04885	0.01282	0.01501	0.01154	0.01601	0.01306	0.00953	0.37424	0.02126	0.39050	0.01784	0.01638	0.01177	0.00692	0.00567	0.00174	0.00554	0.00538	0.00631	0.00962
22	0.00799	0.00807	0.09585	0.00831	0.00947	0.00599	0.00649	0.00928	0.01012	0.01373	0.02408	0.42550	0.02800	0.30297	0.01508	0.00345	0.00474	0.01194	0.00429	0.00466
23	0.01813	0.01724	0.11026	0.01679	0.02219	0.01594	0.23613	0.41554	0.02074	0.05020	0.01293	0.01423	0.00925	0.00608	0.00600	0.00179	0.00753	0.00555	0.00451	0.00896
24	0.01169	0.07412	0.72674	0.01593	0.02418	0.01382	0.02048	0.01806	0.01205	0.01785	0.01013	0.01191	0.00725	0.00540	0.00533	0.00178	0.00832	0.00416	0.00242	0.00839
25	0.00710	0.00508	0.00676	0.00787	0.00833	0.00473	0.00532	0.00830	0.01157	0.01558	0.11691	0.70708	0.03972	0.01719	0.00724	0.00226	0.00325	0.01557	0.00543	0.00473
26	0.01664	0.01244	0.01504	0.23190	0.02193	0.01408	0.01107	0.40524	0.01982	0.02730	0.01360	0.01553	0.01001	0.00650	0.00541	0.00170	0.00602	0.00516	0.15263	0.00798
27	0.06523	0.01385	0.06728	0.01188	0.01571	0.01435	0.00996	0.11934	0.54162	0.04650	0.02019	0.01893	0.01497	0.00731	0.00564	0.00189	0.00504	0.00591	0.00546	0.00894
28	0.00699	0.00500	0.00666	0.00795	0.00830	0.00466	0.00531	0.00803	0.01107	0.01479	0.04780	0.77844	0.03819	0.01778	0.00729	0.00231	0.00330	0.01613	0.00533	0.00466
29	0.01345	0.00745	0.00801	0.00712	0.00913	0.00767	0.00553	0.14222	0.01460	0.06737	0.01750	0.01964	0.01348	0.00752	0.00552	0.05177	0.00357	0.00530	0.58696	0.00619
30	0.02330	0.01199	0.01451	0.01122	0.01556	0.01191	0.00923	0.29017	0.04293	0.45168	0.04357	0.01819	0.01394	0.00717	0.00578	0.00176	0.00531	0.00570	0.00652	0.00957
31	0.18380	0.06991	0.15782	0.01300	0.01736	0.25143	0.01194	0.15063	0.01536	0.02108	0.00969	0.01111	0.00754	0.00603	0.00565	0.00168	0.05111	0.00397	0.00341	0.00747
32	0.01470	0.01050	0.01152	0.00948	0.01266	0.01074	0.00759	0.32607	0.01964	0.07109	0.14403	0.03190	0.25766	0.01002	0.00616	0.00178	0.00446	0.00818	0.01957	0.02225
33	0.01066	0.00533	0.00533	0.00533	0.00666	0.00533	0.00400	0.01333	0.01200	0.02132	0.01866	0.02132	0.01466	0.00666	0.00400	0.00133	0.00267	0.00533	0.83073	0.00533
34	0.01424	0.01005	0.01255	0.01036	0.05884	0.00798	0.00765	0.01670	0.01270	0.15258	0.01344	0.05072	0.01093	0.00545	0.00474	0.00113	0.00446	0.00453	0.00411	0.59683
35	0.07491	0.65503	0.02682	0.01021	0.01477	0.11020	0.00968	0.01777	0.01202	0.01439	0.00806	0.00932	0.00726	0.00504	0.00384	0.00129	0.00649	0.00313	0.00258	0.00718
36	0.01152	0.02731	0.68059	0.01539	0.02344	0.01262	0.01945	0.01768	0.01205	0.01818	0.01025	0.01205	0.00739	0.00529	0.00529	0.00170	0.00796	0.00413	0.00253	0.10517
37	0.01544	0.01265	0.01716	0.45826	0.03022	0.01484	0.01376	0.32360	0.01798	0.02369	0.01168	0.01461	0.00852	0.00620	0.00572	0.00183	0.00706	0.00511	0.00389	0.00778
38	0.01610	0.01225	0.01328	0.01158	0.01505	0.01380	0.00911	0.08113	0.61476	0.11189	0.02251	0.02058	0.01652	0.00762	0.00581	0.00190	0.00469	0.00629	0.00596	0.00918
39	0.00775	0.00530	0.00641	0.00697	0.00711	0.00516	0.00425	0.00817	0.00943	0.01258	0.02374	0.35837	0.02801	0.46820	0.01988	0.00418	0.00460	0.01168	0.00425	0.00397
40	0.01071	0.00829	0.00848	0.00831	0.00968	0.09651	0.00635	0.01293	0.01113	0.01656	0.01589	0.02059	0.01363	0.02415	0.37885	0.00516	0.00970	0.00552	0.33217	0.00537
41	0.00750	0.00535	0.00724	0.00857	0.00913	0.00510	0.00623	0.00888	0.01147	0.01519	0.03123	0.62364	0.03668	0.01742	0.00744	0.00240	0.00378	0.18266	0.00530	0.00479
42	0.01249	0.00673	0.00884	0.00784	0.00990	0.00610	0.00604	0.01500	0.01577	0.20409	0.50570	0.06646	0.04122	0.01052	0.00636	0.00179	0.00325	0.00916	0.05632	0.00642
43	0.00697	0.00498	0.00664	0.00796	0.00830	0.00465	0.00531	0.00796	0.01095	0.01460	0.03153	0.79525	0.03783	0.01792	0.00730	0.00232	0.00332	0.01626	0.00531	0.00465
44	0.00697	0.00498	0.00664	0.00796	0.00830	0.00465	0.00531	0.00796	0.01095	0.01460	0.03153	0.79525	0.03783	0.01792	0.00730	0.00232	0.00332	0.01626	0.00531	0.00465
45	0.01350	0.01543	0.03375	0.02411	0.02989	0.01446	0.74253	0.01832	0.01350	0.01832	0.01157	0.01543	0.00868	0.00482	0.00675	0.00193	0.00964	0.00675	0.00289	0.00771
46	0.00697	0.00498	0.00664	0.00796	0.00830	0.00465	0.00531	0.00796	0.01095	0.01460	0.03153	0.79525	0.03783	0.01792	0.00730	0.00232	0.00332	0.01626	0.00531	0.00465
47	0.01350	0.01543	0.03375	0.02411	0.02989	0.01446	0.74253	0.01832	0.01350	0.01832	0.01157	0.01543	0.00868	0.00482	0.00675	0.00193	0.00964	0.00675	0.00289	0.00771
48	0.11002	0.01245	0.01998	0.21727	0.49625	0.01328	0.01581	0.01674	0.01225	0.01850	0.01029	0.01386	0.00837	0.00528	0.00543	0.00176	0.00672	0.00486	0.00284	0.00806
49	0.01260	0.25861	0.55024	0.01437	0.02177	0.01605	0.01777	0.01782	0.01194	0.01673	0.00958	0.01122	0.00727	0.00527	0.00491	0.00164	0.00776	0.00388	0.00242	0.00812
50	0.01416	0.01359	0.02322	0.03511	0.76330	0.01359	0.01755	0.01755	0.01302	0.01869	0.01076	0.01416	0.00906	0.00510	0.00566	0.00170	0.00680	0.00510	0.00283	0.00906

[dist]
# distance from previous block
# <min> <max>
0	1

[block]
# block no. 4 follows, 41 sequences, length 44
# corresponding to MSA columns:
# 211-254
name=unknown_E
#
# <colnr> <probs for GDERKNQSTAVLIFYWHMCP>
#	G	D	E	R	K	N	Q	S	T	A	V	L	I	F	Y	W	H	M	C	P
0	0.00911	0.00610	0.00778	0.00721	0.00885	0.00553	0.00546	0.01161	0.01579	0.07238	0.61829	0.04276	0.14390	0.01175	0.00668	0.00181	0.00287	0.01026	0.00622	0.00562
1	0.01277	0.01035	0.01113	0.01040	0.01308	0.01165	0.00819	0.02477	0.52736	0.02233	0.02519	0.02840	0.05387	0.00895	0.00589	0.00195	0.00430	0.09774	0.11380	0.00789
2	0.00805	0.00585	0.00759	0.00715	0.00852	0.00538	0.00536	0.01071	0.01609	0.02270	0.73822	0.04311	0.07618	0.01178	0.00675	0.00180	0.00270	0.01040	0.00627	0.00538
3	0.01119	0.00813	0.00971	0.00957	0.01114	0.00838	0.00711	0.21104	0.01549	0.02068	0.02654	0.53047	0.02976	0.01473	0.00691	0.00218	0.00427	0.06120	0.00542	0.00609
4	0.01029	0.02285	0.55930	0.01397	0.02024	0.01094	0.01678	0.01547	0.01204	0.01758	0.05417	0.18852	0.01651	0.00855	0.00592	0.00192	0.00701	0.00723	0.00326	0.00744
5	0.01288	0.01394	0.02711	0.12132	0.02704	0.01508	0.44624	0.01658	0.01192	0.01658	0.01027	0.01460	0.00822	0.00637	0.00993	0.00208	0.22393	0.00605	0.00274	0.00713
6	0.01944	0.07350	0.17746	0.01417	0.01860	0.46593	0.01278	0.02214	0.01506	0.11353	0.01089	0.01182	0.00823	0.00589	0.00520	0.00157	0.00894	0.00403	0.00334	0.00747
7	0.83938	0.01106	0.00841	0.00752	0.01106	0.01283	0.00619	0.01681	0.00973	0.02566	0.00796	0.00929	0.00619	0.00531	0.00354	0.00177	0.00442	0.00310	0.00354	0.00619
8	0.01219	0.02700	0.64443	0.01865	0.12126	0.01348	0.02029	0.04426	0.01274	0.01884	0.01045	0.01241	0.00757	0.00544	0.00547	0.00179	0.00816	0.00437	0.00259	0.00858
9	0.01416	0.01359	0.02322	0.03511	0.76330	0.01359	0.01755	0.01755	0.01302	0.01869	0.01076	0.01416	0.00906	0.00510	0.00566	0.00170	0.00680	0.00510	0.00283	0.00906
10	0.00680	0.00564	0.00595	0.00620	0.00783	0.00479	0.00453	0.00816	0.01265	0.01529	0.05302	0.19295	0.62626	0.01513	0.00686	0.00200	0.00298	0.01285	0.00531	0.00479
11	0.00814	0.00587	0.00770	0.00732	0.00866	0.00544	0.00553	0.01083	0.01608	0.02273	0.73393	0.04351	0.05321	0.01184	0.00679	0.00183	0.00279	0.03614	0.00626	0.00539
12	0.01416	0.01359	0.02322	0.03511	0.76330	0.01359	0.01755	0.01755	0.01302	0.01869	0.01076	0.01416	0.00906	0.00510	0.00566	0.00170	0.00680	0.00510	0.00283	0.00906
13	0.00832	0.00555	0.00624	0.00624	0.00624	0.00555	0.00347	0.00832	0.00832	0.01109	0.01802	0.03743	0.02080	0.79898	0.02911	0.00555	0.00555	0.00832	0.00347	0.00347
14	0.01965	0.00933	0.01160	0.00939	0.01283	0.00889	0.00758	0.10037	0.06665	0.41550	0.11766	0.02234	0.01921	0.00764	0.00559	0.00171	0.00434	0.00627	0.14509	0.00838
15	0.01102	0.01072	0.01926	0.61436	0.03600	0.01252	0.13449	0.01483	0.01175	0.01522	0.01166	0.06143	0.00958	0.00629	0.00598	0.00193	0.00770	0.00602	0.00276	0.00648
16	0.44875	0.01042	0.01002	0.00832	0.01199	0.01085	0.00676	0.06622	0.01286	0.11186	0.10898	0.01557	0.01399	0.00629	0.00448	0.00162	0.00435	0.00454	0.00444	0.13769
17	0.24061	0.01066	0.01108	0.00877	0.01289	0.01008	0.00701	0.11003	0.01315	0.02245	0.01218	0.09047	0.01097	0.00626	0.00455	0.00136	0.00447	0.00484	0.00393	0.41425
18	0.01217	0.01240	0.02069	0.03134	0.01874	0.01500	0.21274	0.01465	0.01109	0.01624	0.10730	0.01733	0.01392	0.00872	0.01363	0.00224	0.45597	0.00619	0.00311	0.00655
19	0.17511	0.09485	0.01390	0.00967	0.01373	0.05815	0.00807	0.02360	0.01439	0.46358	0.01724	0.01601	0.01156	0.00642	0.00499	0.00167	0.00514	0.00482	0.04868	0.00840
20	0.01380	0.01395	0.02287	0.19255	0.46646	0.06077	0.11177	0.01735	0.01295	0.01748	0.01062	0.01432	0.00860	0.00524	0.00579	0.00176	0.00756	0.00522	0.00278	0.00816
21	0.00810	0.00585	0.00765	0.00720	0.00855	0.00540	0.00540	0.01079	0.01619	0.02294	0.76028	0.04273	0.05397	0.01169	0.00675	0.00180	0.00270	0.01034	0.00630	0.00540
22	0.02090	0.11905	0.01884	0.01272	0.01734	0.01838	0.01073	0.64897	0.02489	0.03309	0.01298	0.01314	0.00941	0.00661	0.00545	0.00165	0.00627	0.00488	0.00529	0.00941
23	0.01268	0.01014	0.01194	0.00857	0.01362	0.00767	0.00687	0.01520	0.01213	0.06293	0.01090	0.01231	0.00881	0.00440	0.00433	0.00090	0.00427	0.00353	0.00361	0.78518
24	0.00796	0.00586	0.00750	0.00739	0.00875	0.00539	0.00563	0.01038	0.01515	0.02086	0.55072	0.09314	0.14351	0.01285	0.00690	0.00193	0.00302	0.08178	0.00600	0.00526
25	0.02152	0.02269	0.01660	0.01410	0.01771	0.46780	0.01098	0.31606	0.02055	0.02296	0.01083	0.01170	0.00833	0.00629	0.00539	0.00157	0.00868	0.00428	0.00408	0.00789
26	0.01432	0.60609	0.21781	0.01144	0.01724	0.02026	0.01267	0.01738	0.01174	0.01464	0.00854	0.00991	0.00732	0.00503	0.00412	0.00137	0.00671	0.00336	0.00244	0.00762
27	0.00988	0.00718	0.00889	0.00798	0.00975	0.00701	0.00611	0.10688	0.01759	0.02466	0.66248	0.03893	0.04817	0.01106	0.00661	0.00179	0.00317	0.00966	0.00622	0.00596
28	0.01529	0.80242	0.02997	0.00979	0.01468	0.02263	0.00979	0.01713	0.01162	0.01346	0.00795	0.00918	0.00734	0.00489	0.00367	0.00122	0.00612	0.00306	0.00245	0.00734
29	0.00763	0.00572	0.00711	0.00721	0.00851	0.00519	0.00536	0.00971	0.01427	0.01922	0.40984	0.18724	0.22022	0.01378	0.00692	0.00198	0.00302	0.05614	0.00581	0.00511
30	0.83938	0.01106	0.00841	0.00752	0.01106	0.01283	0.00619	0.01681	0.00973	0.02566	0.00796	0.00929	0.00619	0.00531	0.00354	0.00177	0.00442	0.00310	0.00354	0.00619
31	0.00755	0.00583	0.00689	0.00663	0.00821	0.00517	0.00497	0.00974	0.01491	0.01989	0.47480	0.04773	0.34135	0.01283	0.00675	0.00185	0.00278	0.01105	0.00590	0.00517
32	0.00817	0.00613	0.00919	0.00919	0.01021	0.00715	0.00715	0.01021	0.00919	0.01328	0.01532	0.02247	0.01430	0.04290	0.77631	0.00919	0.01532	0.00613	0.00306	0.00511
33	0.01323	0.01728	0.13012	0.02309	0.02922	0.01431	0.64802	0.01829	0.01331	0.01829	0.01140	0.01499	0.00849	0.00490	0.00658	0.00191	0.00949	0.00642	0.00283	0.00781
34	0.00697	0.00498	0.00664	0.00796	0.00830	0.00465	0.00531	0.00796	0.01095	0.01460	0.03153	0.79525	0.03783	0.01792	0.00730	0.00232	0.00332	0.01626	0.00531	0.00465
35	0.01096	0.01018	0.01919	0.01605	0.01918	0.00979	0.30729	0.01448	0.01330	0.01761	0.02268	0.04457	0.02307	0.01134	0.00743	0.00235	0.00705	0.43293	0.00430	0.00626
36	0.01256	0.01310	0.02678	0.20149	0.02964	0.01307	0.49186	0.01691	0.01285	0.01777	0.01200	0.01602	0.00907	0.00523	0.00621	0.00186	0.00842	0.00620	0.09180	0.00714
37	0.02174	0.01602	0.01717	0.01316	0.01774	0.01774	0.01087	0.74423	0.02689	0.03605	0.01373	0.01373	0.00973	0.00687	0.00572	0.00172	0.00629	0.00515	0.00572	0.00973
38	0.01147	0.02959	0.76934	0.01630	0.02476	0.01328	0.02113	0.01811	0.01208	0.01811	0.01026	0.01208	0.00725	0.00543	0.00543	0.00181	0.00845	0.00423	0.00242	0.00845
39	0.01387	0.01486	0.02742	0.10451	0.29003	0.05374	0.37400	0.01791	0.01326	0.01785	0.01100	0.01469	0.00864	0.00507	0.00618	0.00182	0.00847	0.00584	0.00284	0.00800
40	0.00712	0.00509	0.00681	0.00814	0.00854	0.00478	0.00557	0.00823	0.01110	0.01477	0.03144	0.74574	0.03750	0.01778	0.00734	0.00234	0.00345	0.06426	0.00531	0.00469
41	0.00697	0.00498	0.00664	0.00796	0.00830	0.00465	0.00531	0.00796	0.01095	0.01460	0.03153	0.79525	0.03783	0.01792	0.00730	0.00232	0.00332	0.01626	0.00531	0.00465
42	0.16270	0.01612	0.09219	0.01230	0.01708	0.01580	0.01094	0.49546	0.02169	0.08195	0.01298	0.01318	0.00916	0.00646	0.00532	0.00174	0.00609	0.00474	0.00510	0.00899
43	0.01134	0.01959	0.37469	0.32132	0.03015	0.01279	0.07811	0.01652	0.01194	0.01689	0.01072	0.01404	0.00786	0.00555	0.00559	0.00184	0.00796	0.00483	0.04088	0.00742

[dist]
# distance from previous block
# <min> <max>
0	3

[block]
# block no. 5 follows, 41 sequences, length 16
# corresponding to MSA columns:
# 258-273
name=unknown_F
#
# <colnr> <probs for GDERKNQSTAVLIFYWHMCP>
#	G	D	E	R	K	N	Q	S	T	A	V	L	I	F	Y	W	H	M	C	P
0	0.01273	0.01213	0.02064	0.35418	0.45538	0.01322	0.01684	0.01630	0.01235	0.01695	0.01051	0.01462	0.00845	0.00536	0.00569	0.00179	0.00715	0.00509	0.00271	0.00791
1	0.01001	0.00623	0.00808	0.00752	0.00919	0.00564	0.00567	0.01238	0.01544	0.11183	0.54186	0.11615	0.10390	0.01198	0.00668	0.00186	0.00304	0.01052	0.00621	0.00580
2	0.01219	0.02476	0.52541	0.01976	0.08494	0.01360	0.20173	0.01812	0.01251	0.01821	0.01063	0.01308	0.00775	0.00525	0.00578	0.00183	0.00862	0.00493	0.00257	0.00832
3	0.01875	0.01510	0.01649	0.01620	0.14619	0.10667	0.01114	0.38001	0.02070	0.08027	0.07376	0.05906	0.01471	0.00745	0.00581	0.00173	0.00632	0.00603	0.00500	0.00861
4	0.00888	0.00560	0.00725	0.00788	0.00887	0.00509	0.00551	0.01014	0.01203	0.09044	0.07388	0.58648	0.12411	0.01608	0.00705	0.00219	0.00339	0.01438	0.00554	0.00522
5	0.34472	0.01344	0.01308	0.01066	0.01466	0.01512	0.00873	0.35038	0.10793	0.05003	0.01284	0.01305	0.00939	0.00636	0.00487	0.00177	0.00530	0.00451	0.00491	0.00825
6	0.01178	0.01386	0.09812	0.01982	0.11186	0.01205	0.34307	0.01558	0.01292	0.01803	0.09992	0.12629	0.01776	0.00790	0.00742	0.00197	0.06305	0.00791	0.00354	0.00715
7	0.01147	0.02959	0.76934	0.01630	0.02476	0.01328	0.02113	0.01811	0.01208	0.01811	0.01026	0.01208	0.00725	0.00543	0.00543	0.00181	0.00845	0.00423	0.00242	0.00845
8	0.02275	0.01088	0.01472	0.01346	0.10557	0.01019	0.00970	0.12703	0.01744	0.53207	0.06042	0.01929	0.01510	0.00706	0.00579	0.00176	0.00518	0.00584	0.00633	0.00941
9	0.01336	0.34373	0.37640	0.01592	0.11026	0.01714	0.01606	0.01764	0.01201	0.01628	0.00938	0.01114	0.00750	0.00517	0.00474	0.00156	0.00730	0.00385	0.00248	0.00807
10	0.01268	0.01196	0.02010	0.44411	0.36450	0.01329	0.01674	0.01619	0.01238	0.01680	0.01081	0.01526	0.00863	0.00569	0.00585	0.00188	0.00736	0.00521	0.00280	0.00776
11	0.01036	0.00631	0.00691	0.00699	0.00822	0.02488	0.00521	0.01257	0.01158	0.01892	0.01925	0.09919	0.01703	0.01640	0.18328	0.00333	0.00599	0.00668	0.53145	0.00544
12	0.01335	0.01247	0.01978	0.10194	0.52745	0.01275	0.01512	0.01772	0.08711	0.01878	0.01775	0.02019	0.09657	0.00675	0.00597	0.00184	0.00632	0.00615	0.00352	0.00849
13	0.01173	0.05046	0.60186	0.01605	0.02333	0.01314	0.07069	0.01742	0.01206	0.01776	0.01124	0.01393	0.00852	0.00993	0.09427	0.00272	0.00936	0.00471	0.00266	0.00816
14	0.01349	0.09175	0.56436	0.01616	0.02367	0.01485	0.07053	0.10177	0.01407	0.02013	0.01094	0.01278	0.00800	0.00576	0.00557	0.00183	0.00820	0.00454	0.00296	0.00863
15	0.02546	0.01201	0.01386	0.01095	0.01521	0.09689	0.00886	0.02747	0.01656	0.67653	0.02129	0.01889	0.01370	0.00718	0.00584	0.00180	0.00562	0.00563	0.00671	0.00955

[dist]
# distance from previous block
# <min> <max>
4	197

# created by:
# /software/SequenceAnalysis/GenePrediction/augustus/3.0.1/scripts/msa2prfl.pl ./fixed/BUSCOvEOG7GTMT1.fas
