[name]
unknown

[dist]
# distance from previous block
# <min> <max>
0	182

[block]
# block no. 0 follows, 41 sequences, length 6
# corresponding to MSA columns:
# 194-199
name=unknown_A
#
# <colnr> <probs for GDERKNQSTAVLIFYWHMCP>
#	G	D	E	R	K	N	Q	S	T	A	V	L	I	F	Y	W	H	M	C	P
0	0.08106	0.00908	0.01184	0.00941	0.01318	0.00815	0.00767	0.02379	0.01586	0.57069	0.16325	0.02320	0.02123	0.00784	0.00578	0.00178	0.00442	0.00644	0.00667	0.00865
1	0.00721	0.00528	0.00678	0.00753	0.00829	0.00485	0.00522	0.00867	0.01244	0.01669	0.20834	0.52930	0.12624	0.01603	0.00711	0.00215	0.00312	0.01436	0.00555	0.00485
2	0.00759	0.00569	0.00703	0.00698	0.00831	0.00514	0.00513	0.00970	0.01456	0.01975	0.46994	0.17036	0.22205	0.01340	0.00684	0.00192	0.00285	0.01174	0.00590	0.00514
3	0.00804	0.00543	0.00632	0.00660	0.00667	0.00536	0.00385	0.00824	0.00886	0.01182	0.02082	0.19459	0.02433	0.63700	0.02459	0.00488	0.00508	0.00997	0.00385	0.00371
4	0.01593	0.01221	0.01327	0.01141	0.01482	0.01365	0.00901	0.16165	0.49572	0.08165	0.08817	0.02172	0.01908	0.00790	0.00588	0.00187	0.00472	0.00652	0.00594	0.00890
5	0.01195	0.01133	0.01922	0.52963	0.28606	0.01301	0.01645	0.01562	0.01198	0.01600	0.01037	0.01488	0.00811	0.00551	0.00570	0.00184	0.00734	0.00509	0.00264	0.00728

[dist]
# distance from previous block
# <min> <max>
9	56

[block]
# block no. 1 follows, 41 sequences, length 20
# corresponding to MSA columns:
# 257-276
name=unknown_B
#
# <colnr> <probs for GDERKNQSTAVLIFYWHMCP>
#	G	D	E	R	K	N	Q	S	T	A	V	L	I	F	Y	W	H	M	C	P
0	0.25960	0.01271	0.04833	0.12926	0.10000	0.02347	0.08861	0.05453	0.01273	0.09228	0.01107	0.01304	0.00829	0.00541	0.00496	0.00167	0.00609	0.00445	0.00362	0.11988
1	0.02022	0.01138	0.01391	0.05960	0.01662	0.01149	0.00929	0.13340	0.20449	0.36700	0.01974	0.01826	0.01351	0.00693	0.00565	0.00175	0.00512	0.00563	0.00600	0.07002
2	0.06703	0.00622	0.00674	0.00647	0.00704	0.00619	0.00387	0.00930	0.00864	0.01259	0.01682	0.03384	0.01899	0.69316	0.02575	0.00498	0.00538	0.00764	0.00347	0.05588
3	0.07169	0.01125	0.01542	0.01205	0.01605	0.01111	0.09966	0.12050	0.11128	0.35827	0.04012	0.01834	0.01369	0.00778	0.00694	0.06034	0.00552	0.00580	0.00565	0.00853
4	0.02019	0.02505	0.01758	0.06024	0.01984	0.65216	0.06481	0.04460	0.01607	0.01504	0.00927	0.01108	0.00755	0.00584	0.00532	0.00154	0.00998	0.00404	0.00301	0.00679
5	0.83938	0.01106	0.00841	0.00752	0.01106	0.01283	0.00619	0.01681	0.00973	0.02566	0.00796	0.00929	0.00619	0.00531	0.00354	0.00177	0.00442	0.00310	0.00354	0.00619
6	0.02098	0.01731	0.07214	0.01343	0.01825	0.03753	0.01163	0.67199	0.02553	0.03415	0.01335	0.01352	0.00948	0.00674	0.00569	0.00172	0.00656	0.00504	0.00541	0.00955
7	0.00709	0.00514	0.00670	0.00772	0.00829	0.00475	0.00525	0.00833	0.01175	0.01570	0.12403	0.64956	0.09073	0.01690	0.00719	0.00223	0.00321	0.01523	0.00543	0.00475
8	0.02036	0.03063	0.01231	0.00950	0.01312	0.00979	0.00776	0.13369	0.06141	0.40457	0.01990	0.01890	0.01363	0.00693	0.00526	0.00165	0.00455	0.00553	0.21199	0.00853
9	0.00788	0.00536	0.00637	0.00679	0.00690	0.00526	0.00406	0.00820	0.00916	0.01222	0.02236	0.28071	0.02626	0.54824	0.02211	0.00451	0.00483	0.01087	0.00406	0.00384
10	0.01211	0.01301	0.05517	0.42153	0.15201	0.01336	0.21730	0.01626	0.01229	0.01644	0.01065	0.01499	0.00813	0.00536	0.00598	0.00188	0.00809	0.00551	0.00268	0.00725
11	0.00769	0.00565	0.00720	0.00719	0.00839	0.00516	0.00525	0.00986	0.01467	0.02020	0.51532	0.20701	0.13842	0.01339	0.00687	0.00193	0.00286	0.01184	0.00596	0.00516
12	0.01653	0.01472	0.02308	0.11091	0.02473	0.01553	0.29077	0.30812	0.09138	0.02548	0.01341	0.01531	0.00983	0.00603	0.00612	0.00184	0.00756	0.00588	0.00427	0.00848
13	0.02062	0.00899	0.01190	0.00957	0.01317	0.00811	0.00773	0.02397	0.07019	0.53479	0.19916	0.02517	0.02393	0.00823	0.00599	0.00179	0.00432	0.00690	0.00680	0.00865
14	0.00838	0.00585	0.00718	0.05577	0.00877	0.00607	0.00465	0.00884	0.00874	0.01169	0.01810	0.07898	0.02044	0.64379	0.08527	0.00542	0.00632	0.00840	0.00348	0.00385
15	0.18166	0.04592	0.14705	0.01366	0.07194	0.03329	0.01179	0.27850	0.02850	0.07821	0.01201	0.01276	0.00876	0.00598	0.00507	0.00168	0.00620	0.00444	0.00429	0.04827
16	0.14544	0.01374	0.03314	0.16624	0.03993	0.05855	0.01118	0.24396	0.12857	0.02474	0.01433	0.01800	0.01141	0.00705	0.00551	0.00185	0.00622	0.05788	0.00441	0.00784
17	0.13672	0.01538	0.09110	0.06155	0.01865	0.01525	0.03546	0.35349	0.07313	0.06547	0.01299	0.01383	0.00945	0.00658	0.00616	0.00180	0.05175	0.00490	0.00463	0.02172
18	0.60643	0.06777	0.01301	0.00969	0.01363	0.01433	0.06130	0.11852	0.01254	0.02571	0.00903	0.01036	0.00695	0.00546	0.00409	0.00174	0.00519	0.00365	0.00372	0.00688
19	0.01149	0.01054	0.01716	0.73647	0.03803	0.01303	0.01557	0.06069	0.01241	0.01597	0.01039	0.01515	0.00776	0.00579	0.00572	0.00189	0.00754	0.00509	0.00274	0.00657

[dist]
# distance from previous block
# <min> <max>
0	3

[block]
# block no. 2 follows, 41 sequences, length 32
# corresponding to MSA columns:
# 280-311
name=unknown_C
#
# <colnr> <probs for GDERKNQSTAVLIFYWHMCP>
#	G	D	E	R	K	N	Q	S	T	A	V	L	I	F	Y	W	H	M	C	P
0	0.01234	0.00953	0.04689	0.00904	0.01233	0.00765	0.00728	0.06842	0.01235	0.07455	0.01548	0.16521	0.01490	0.01029	0.00852	0.15772	0.00460	0.00653	0.00400	0.35238
1	0.01240	0.01015	0.01192	0.00854	0.01360	0.00766	0.00684	0.01492	0.01204	0.04764	0.01065	0.01216	0.00869	0.00435	0.00429	0.00088	0.00426	0.00348	0.00353	0.80202
2	0.09236	0.01077	0.01634	0.59483	0.03314	0.01345	0.01436	0.04929	0.01173	0.01662	0.00985	0.01432	0.00757	0.00617	0.00683	0.00194	0.08627	0.00488	0.00279	0.00649
3	0.00695	0.00503	0.00658	0.00782	0.00826	0.00466	0.00524	0.00798	0.01109	0.01466	0.03333	0.74462	0.08729	0.01769	0.00726	0.00230	0.00329	0.01597	0.00531	0.00466
4	0.00743	0.00566	0.00828	0.04587	0.01069	0.00544	0.03674	0.00872	0.01108	0.01476	0.02967	0.72517	0.03516	0.01679	0.00720	0.00229	0.00379	0.01533	0.00508	0.00486
5	0.01251	0.01251	0.01752	0.01502	0.01502	0.01752	0.01251	0.01377	0.00876	0.01377	0.00751	0.01251	0.00751	0.01001	0.01877	0.00250	0.78851	0.00501	0.00250	0.00626
6	0.01695	0.01458	0.01427	0.01214	0.01565	0.09286	0.00959	0.25747	0.39391	0.02673	0.06914	0.01923	0.01644	0.00755	0.00578	0.00181	0.00556	0.00602	0.00553	0.00877
7	0.02329	0.00946	0.01274	0.00988	0.01409	0.00813	0.00812	0.02557	0.01599	0.65462	0.06923	0.02126	0.01667	0.00734	0.00575	0.00172	0.00469	0.01896	0.00674	0.06575
8	0.07438	0.40060	0.02232	0.01185	0.01578	0.35989	0.01011	0.01967	0.01355	0.01454	0.00835	0.00969	0.00727	0.00537	0.00433	0.00137	0.00788	0.00334	0.00275	0.00694
9	0.01744	0.01338	0.01431	0.01185	0.01556	0.01500	0.00950	0.35034	0.35432	0.04177	0.04254	0.01857	0.01497	0.00742	0.00572	0.00180	0.00518	0.00593	0.04533	0.00907
10	0.01501	0.01003	0.01052	0.00895	0.01168	0.01091	0.00711	0.26831	0.12460	0.02679	0.01763	0.01870	0.01336	0.00689	0.00486	0.00155	0.00419	0.00543	0.42608	0.00739
11	0.01359	0.01494	0.03097	0.02592	0.17554	0.01442	0.56731	0.01798	0.01321	0.01820	0.01124	0.01505	0.00871	0.00509	0.00704	0.00191	0.04175	0.00635	0.00286	0.00792
12	0.00710	0.00508	0.00675	0.00788	0.00832	0.00473	0.00532	0.00829	0.01155	0.01556	0.11526	0.70878	0.03969	0.01720	0.00724	0.00226	0.00325	0.01558	0.00542	0.00473
13	0.06168	0.02476	0.56776	0.07921	0.02490	0.01301	0.06841	0.01833	0.01223	0.06197	0.01093	0.01283	0.00772	0.00550	0.00545	0.00182	0.00802	0.00449	0.00280	0.00817
14	0.00803	0.00567	0.00717	0.00703	0.00792	0.00535	0.00489	0.00984	0.01357	0.01895	0.48763	0.12439	0.04360	0.21628	0.01260	0.00283	0.00350	0.01047	0.00545	0.00481
15	0.01555	0.02930	0.06269	0.00937	0.01216	0.00807	0.00784	0.05823	0.02583	0.26468	0.18110	0.06021	0.02224	0.01146	0.00989	0.19795	0.00469	0.00689	0.00520	0.00666
16	0.00708	0.00516	0.00670	0.00789	0.00845	0.00478	0.00544	0.00822	0.01129	0.01484	0.03416	0.67674	0.11169	0.01744	0.00728	0.00230	0.00339	0.05715	0.00531	0.00470
17	0.01443	0.17246	0.01607	0.01043	0.01334	0.08427	0.05163	0.01690	0.02600	0.14285	0.26154	0.04267	0.03526	0.02316	0.00688	0.00177	0.05082	0.00693	0.01577	0.00682
18	0.83938	0.01106	0.00841	0.00752	0.01106	0.01283	0.00619	0.01681	0.00973	0.02566	0.00796	0.00929	0.00619	0.00531	0.00354	0.00177	0.00442	0.00310	0.00354	0.00619
19	0.01704	0.00785	0.01031	0.00869	0.01168	0.00689	0.00694	0.01921	0.01546	0.40909	0.21067	0.06932	0.13712	0.01015	0.00630	0.00186	0.00398	0.03344	0.00647	0.00753
20	0.01815	0.01176	0.01431	0.11244	0.01817	0.01229	0.00982	0.29357	0.05347	0.19290	0.01708	0.08610	0.01339	0.00822	0.02003	0.00187	0.00571	0.00620	0.01839	0.08612
21	0.01288	0.01037	0.01213	0.00873	0.01377	0.00805	0.00701	0.04329	0.01265	0.05376	0.01088	0.01228	0.00878	0.00447	0.00436	0.00092	0.00434	0.00357	0.00365	0.76410
22	0.01100	0.01055	0.01837	0.72953	0.03870	0.01284	0.06906	0.01489	0.01159	0.01489	0.01027	0.01526	0.00770	0.00565	0.00579	0.00191	0.00777	0.00521	0.00257	0.00645
23	0.68584	0.01111	0.00951	0.00817	0.01188	0.01245	0.00673	0.05328	0.01149	0.13033	0.01029	0.01093	0.00748	0.00563	0.00396	0.00177	0.00458	0.00357	0.00414	0.00686
24	0.02001	0.07141	0.01717	0.01538	0.06076	0.62505	0.01119	0.02280	0.07537	0.01504	0.01007	0.01136	0.00828	0.00594	0.00515	0.00151	0.00939	0.00395	0.00314	0.00701
25	0.04401	0.01239	0.01673	0.38313	0.02706	0.08609	0.05555	0.01619	0.04702	0.01594	0.01071	0.01471	0.00855	0.00674	0.00827	0.00195	0.17184	0.00504	0.06160	0.00649
26	0.02198	0.01565	0.01693	0.01298	0.01755	0.01718	0.01072	0.70157	0.02627	0.07959	0.01426	0.01407	0.00999	0.00688	0.00572	0.00172	0.00621	0.00519	0.00580	0.00973
27	0.00876	0.00739	0.01126	0.30376	0.02049	0.00844	0.00973	0.01088	0.01114	0.01476	0.03923	0.43788	0.02506	0.01270	0.00732	0.00216	0.04827	0.01125	0.00413	0.00540
28	0.00832	0.00555	0.00624	0.00624	0.00624	0.00555	0.00347	0.00832	0.00832	0.01109	0.01802	0.03743	0.02080	0.79898	0.02911	0.00555	0.00555	0.00832	0.00347	0.00347
29	0.48022	0.00933	0.00883	0.00806	0.01103	0.01001	0.00645	0.01648	0.01154	0.14280	0.04570	0.12742	0.05077	0.00855	0.00491	0.00190	0.00424	0.04072	0.00463	0.00641
30	0.00696	0.00500	0.00662	0.00791	0.00828	0.00465	0.00528	0.00797	0.01101	0.01462	0.03221	0.77594	0.05669	0.01783	0.00729	0.00231	0.00331	0.01615	0.00531	0.00465
31	0.01147	0.02959	0.76934	0.01630	0.02476	0.01328	0.02113	0.01811	0.01208	0.01811	0.01026	0.01208	0.00725	0.00543	0.00543	0.00181	0.00845	0.00423	0.00242	0.00845

[dist]
# distance from previous block
# <min> <max>
0	1

[block]
# block no. 3 follows, 41 sequences, length 8
# corresponding to MSA columns:
# 313-320
name=unknown_D
#
# <colnr> <probs for GDERKNQSTAVLIFYWHMCP>
#	G	D	E	R	K	N	Q	S	T	A	V	L	I	F	Y	W	H	M	C	P
0	0.00801	0.00579	0.00750	0.00777	0.00886	0.00544	0.00585	0.01009	0.01387	0.01894	0.38929	0.18850	0.09497	0.07081	0.00868	0.00233	0.00349	0.13911	0.00565	0.00505
1	0.01662	0.01067	0.05872	0.05040	0.01670	0.00932	0.11113	0.01943	0.01446	0.32700	0.17057	0.04880	0.02162	0.04903	0.00800	0.00206	0.04531	0.00715	0.00536	0.00765
2	0.07162	0.01102	0.01228	0.01079	0.01405	0.01195	0.00854	0.07777	0.39412	0.18024	0.02248	0.08865	0.01799	0.00867	0.00588	0.00194	0.00465	0.04302	0.00585	0.00848
3	0.00798	0.00588	0.00766	0.00789	0.00910	0.00532	0.00572	0.00985	0.01310	0.01820	0.29774	0.39950	0.04072	0.01421	0.00685	0.00201	0.00330	0.05678	0.00549	0.08269
4	0.48405	0.01470	0.16875	0.00987	0.01435	0.01228	0.00969	0.06472	0.01236	0.07045	0.08024	0.01393	0.01162	0.00615	0.00452	0.00178	0.00526	0.00431	0.00392	0.00704
5	0.06079	0.16434	0.12388	0.05187	0.08606	0.01459	0.25565	0.01651	0.01216	0.01717	0.01206	0.08622	0.01076	0.00639	0.00605	0.00177	0.03364	0.00602	0.00299	0.03105
6	0.34698	0.08594	0.04512	0.04809	0.07945	0.01249	0.00919	0.03543	0.01228	0.16362	0.01157	0.01244	0.00852	0.00552	0.00447	0.00161	0.00521	0.00399	0.00399	0.10409
7	0.13247	0.01269	0.07752	0.01021	0.01457	0.01115	0.00889	0.15801	0.06388	0.02267	0.01253	0.03341	0.01026	0.00980	0.08887	0.00225	0.00623	0.00459	0.00396	0.31602

[dist]
# distance from previous block
# <min> <max>
0	6

[block]
# block no. 4 follows, 41 sequences, length 26
# corresponding to MSA columns:
# 327-352
name=unknown_E
#
# <colnr> <probs for GDERKNQSTAVLIFYWHMCP>
#	G	D	E	R	K	N	Q	S	T	A	V	L	I	F	Y	W	H	M	C	P
0	0.04841	0.05967	0.00995	0.04258	0.01101	0.00768	0.04022	0.01401	0.01204	0.08274	0.02013	0.20183	0.01862	0.00905	0.00509	0.00167	0.00386	0.00775	0.39782	0.00588
1	0.01471	0.01276	0.01464	0.06399	0.08340	0.05578	0.00949	0.17485	0.01548	0.02191	0.01092	0.01261	0.00868	0.00508	0.00484	0.00122	0.00550	0.00406	0.00377	0.47630
2	0.01539	0.01371	0.05149	0.20653	0.14957	0.01431	0.04155	0.27031	0.07674	0.02382	0.01390	0.03893	0.01118	0.02107	0.00627	0.00190	0.00666	0.02432	0.00414	0.00822
3	0.00829	0.00592	0.00784	0.02359	0.00986	0.00560	0.00638	0.01040	0.01368	0.03258	0.30363	0.25830	0.10673	0.01438	0.00712	0.00214	0.00359	0.16910	0.00565	0.00521
4	0.01322	0.10625	0.22958	0.10168	0.05572	0.04725	0.32930	0.01790	0.01278	0.01716	0.01052	0.01354	0.00799	0.00515	0.00583	0.00179	0.00863	0.00529	0.00268	0.00773
5	0.02727	0.02011	0.40274	0.01321	0.01885	0.01201	0.01474	0.12061	0.06442	0.02216	0.16977	0.02176	0.01926	0.00759	0.00586	0.00184	0.00646	0.03945	0.00408	0.00784
6	0.01108	0.01122	0.02150	0.13835	0.02354	0.01138	0.34329	0.01462	0.01284	0.01741	0.12237	0.06781	0.06708	0.01007	0.05650	0.00243	0.05056	0.00777	0.00361	0.00655
7	0.01334	0.03083	0.04821	0.27415	0.06893	0.03066	0.07376	0.10249	0.01285	0.01756	0.01020	0.02634	0.00847	0.00724	0.00977	0.00204	0.24783	0.00528	0.00300	0.00708
8	0.02046	0.01516	0.01624	0.01265	0.01687	0.01679	0.01032	0.65351	0.07417	0.03378	0.01462	0.01563	0.01089	0.05339	0.00710	0.00196	0.00613	0.00542	0.00560	0.00932
9	0.00676	0.00579	0.00579	0.00579	0.00773	0.00483	0.00435	0.00821	0.01304	0.01545	0.05794	0.05505	0.76098	0.01449	0.00676	0.00193	0.00290	0.01207	0.00531	0.00483
10	0.01529	0.80242	0.02997	0.00979	0.01468	0.02263	0.00979	0.01713	0.01162	0.01346	0.00795	0.00918	0.00734	0.00489	0.00367	0.00122	0.00612	0.00306	0.00245	0.00734
11	0.01529	0.80242	0.02997	0.00979	0.01468	0.02263	0.00979	0.01713	0.01162	0.01346	0.00795	0.00918	0.00734	0.00489	0.00367	0.00122	0.00612	0.00306	0.00245	0.00734
12	0.01147	0.02959	0.76934	0.01630	0.02476	0.01328	0.02113	0.01811	0.01208	0.01811	0.01026	0.01208	0.00725	0.00543	0.00543	0.00181	0.00845	0.00423	0.00242	0.00845
13	0.00818	0.00610	0.00903	0.00903	0.01000	0.00706	0.00695	0.01011	0.00914	0.01316	0.01547	0.02329	0.01466	0.08433	0.73537	0.00899	0.01479	0.00625	0.00309	0.00502
14	0.01904	0.01149	0.01322	0.01103	0.01476	0.01215	0.00882	0.10525	0.37948	0.29463	0.02182	0.01985	0.01533	0.00738	0.00571	0.00183	0.00477	0.00602	0.03821	0.00923
15	0.01186	0.01017	0.01186	0.00847	0.01356	0.00762	0.00678	0.01440	0.01186	0.01864	0.01017	0.01186	0.00847	0.00424	0.00424	0.00085	0.00424	0.00339	0.00339	0.83395
16	0.02265	0.01261	0.01481	0.01157	0.01591	0.01292	0.00949	0.31921	0.11201	0.37800	0.01907	0.01737	0.01277	0.00708	0.00575	0.00177	0.00540	0.00560	0.00637	0.00965
17	0.00753	0.00582	0.00687	0.00661	0.00820	0.00516	0.00495	0.00971	0.01486	0.01979	0.46454	0.04791	0.35168	0.01287	0.00675	0.00185	0.00278	0.01107	0.00588	0.00516
18	0.00832	0.00555	0.00624	0.00624	0.00624	0.00555	0.00347	0.00832	0.00832	0.01109	0.01802	0.03743	0.02080	0.79898	0.02911	0.00555	0.00555	0.00832	0.00347	0.00347
19	0.01335	0.01702	0.13607	0.02457	0.16029	0.01413	0.48593	0.01854	0.03705	0.01854	0.01162	0.01491	0.00883	0.00505	0.00634	0.00187	0.00880	0.00608	0.00291	0.00810
20	0.01232	0.00899	0.01071	0.01090	0.01237	0.00849	0.00794	0.06006	0.05517	0.02198	0.21676	0.36412	0.03979	0.01624	0.00832	0.00273	0.00487	0.12445	0.00658	0.00721
21	0.07287	0.23520	0.06312	0.01331	0.01753	0.07981	0.01132	0.17889	0.01767	0.10675	0.01676	0.06083	0.01454	0.01009	0.02668	0.00243	0.01969	0.03798	0.00520	0.00933
22	0.06899	0.01767	0.11274	0.08341	0.02837	0.01520	0.43719	0.05792	0.01537	0.02201	0.01546	0.06450	0.01302	0.00801	0.00757	0.00248	0.00930	0.00748	0.00424	0.00908
23	0.01183	0.00817	0.00995	0.01055	0.01144	0.00759	0.00728	0.05366	0.01347	0.01827	0.02903	0.54318	0.03292	0.01893	0.01091	0.13602	0.00503	0.05956	0.00585	0.00635
24	0.01084	0.00786	0.00944	0.00969	0.01087	0.00700	0.00674	0.01173	0.01541	0.02137	0.36011	0.38140	0.08882	0.01642	0.00827	0.00261	0.00417	0.01381	0.00672	0.00671
25	0.01739	0.01049	0.01265	0.01125	0.01328	0.01009	0.00815	0.16379	0.01509	0.10997	0.01667	0.06622	0.01489	0.01624	0.01576	0.43640	0.00617	0.00669	0.00502	0.04380

[dist]
# distance from previous block
# <min> <max>
0	4

[block]
# block no. 5 follows, 41 sequences, length 25
# corresponding to MSA columns:
# 357-381
name=unknown_F
#
# <colnr> <probs for GDERKNQSTAVLIFYWHMCP>
#	G	D	E	R	K	N	Q	S	T	A	V	L	I	F	Y	W	H	M	C	P
0	0.45671	0.13063	0.01439	0.05754	0.01488	0.05031	0.00865	0.11848	0.01277	0.02329	0.00894	0.01057	0.00712	0.00586	0.00513	0.00173	0.05891	0.00367	0.00353	0.00691
1	0.01972	0.01476	0.01693	0.14046	0.02114	0.01641	0.01153	0.58565	0.02366	0.04665	0.01323	0.01408	0.00946	0.00662	0.00569	0.00173	0.00643	0.00510	0.00516	0.03561
2	0.02364	0.15130	0.01296	0.00903	0.01134	0.01026	0.00708	0.11776	0.01398	0.01885	0.09394	0.39002	0.02696	0.01206	0.00607	0.00186	0.00430	0.01044	0.00478	0.07337
3	0.06669	0.00887	0.01022	0.00806	0.01188	0.00726	0.00632	0.01379	0.01260	0.05899	0.11608	0.07384	0.08942	0.00739	0.00507	0.00130	0.00390	0.00614	0.00431	0.48788
4	0.07110	0.01042	0.01163	0.05109	0.01389	0.01132	0.00808	0.30493	0.03693	0.03538	0.01818	0.19099	0.01681	0.00982	0.00646	0.04203	0.00485	0.00758	0.14142	0.00708
5	0.54860	0.01181	0.01090	0.00906	0.01294	0.01305	0.00747	0.15751	0.01412	0.15013	0.01151	0.01186	0.00821	0.00592	0.00433	0.00176	0.00486	0.00394	0.00455	0.00747
6	0.14557	0.00653	0.00687	0.00672	0.00739	0.00690	0.00424	0.00990	0.00864	0.01371	0.01616	0.03156	0.01786	0.60405	0.08767	0.00523	0.00619	0.00728	0.00345	0.00407
7	0.01200	0.00790	0.01054	0.00996	0.01140	0.00842	0.00783	0.04866	0.01353	0.13139	0.16570	0.25995	0.03030	0.01295	0.00888	0.00219	0.13353	0.11339	0.00533	0.00618
8	0.01260	0.01350	0.04185	0.02048	0.02511	0.01244	0.57319	0.01607	0.01238	0.01679	0.01222	0.05149	0.01022	0.00794	0.00934	0.13928	0.00857	0.00685	0.00294	0.00674
9	0.01256	0.00578	0.00843	0.00792	0.00866	0.00555	0.00555	0.01085	0.00894	0.13502	0.01205	0.01777	0.01066	0.01777	0.01962	0.69585	0.00496	0.00511	0.00325	0.00370
10	0.01277	0.01216	0.02067	0.35242	0.45677	0.01323	0.01686	0.01633	0.01237	0.01699	0.01054	0.01466	0.00848	0.00538	0.00570	0.00179	0.00716	0.00510	0.00272	0.00793
11	0.01309	0.01039	0.01303	0.13745	0.01811	0.00945	0.00892	0.05507	0.06258	0.06574	0.01328	0.01692	0.01089	0.00577	0.00500	0.00131	0.00504	0.04868	0.00389	0.49539
12	0.01185	0.00821	0.00982	0.00858	0.01083	0.00816	0.00667	0.13411	0.06359	0.07450	0.49356	0.03592	0.08997	0.01055	0.00647	0.00181	0.00358	0.00906	0.00617	0.00661
13	0.16005	0.00997	0.01249	0.00976	0.01404	0.00915	0.00805	0.02606	0.01529	0.64449	0.02018	0.01782	0.01287	0.00681	0.00540	0.00178	0.00480	0.00532	0.00650	0.00916
14	0.01049	0.00760	0.00959	0.00893	0.01022	0.00841	0.00661	0.13084	0.01186	0.01637	0.01594	0.02581	0.01563	0.27699	0.41151	0.00680	0.01073	0.00667	0.00364	0.00536
15	0.11418	0.01382	0.01622	0.14279	0.06639	0.01532	0.01139	0.43403	0.02061	0.09041	0.01304	0.01401	0.00932	0.00642	0.00548	0.00176	0.00622	0.00496	0.00488	0.00873
16	0.01466	0.01413	0.04098	0.01857	0.05823	0.01370	0.36471	0.19469	0.04299	0.02365	0.13610	0.01963	0.01673	0.00660	0.00640	0.00185	0.00734	0.00681	0.00424	0.00797
17	0.01708	0.01264	0.05459	0.06362	0.24477	0.01112	0.06757	0.04536	0.01421	0.24172	0.01430	0.01540	0.01032	0.00564	0.00552	0.00161	0.00609	0.00507	0.00428	0.15909
18	0.01325	0.09686	0.04087	0.12733	0.15642	0.05458	0.23780	0.01661	0.01249	0.01666	0.01159	0.06194	0.01010	0.00619	0.00659	0.00177	0.05618	0.00587	0.00295	0.06395
19	0.21720	0.00997	0.01259	0.25232	0.02090	0.01046	0.00970	0.01707	0.01197	0.15379	0.01335	0.06715	0.01070	0.00643	0.00503	0.00168	0.00541	0.00516	0.00397	0.16515
20	0.19957	0.03010	0.01253	0.01026	0.01352	0.06310	0.05655	0.08804	0.09974	0.11068	0.06643	0.07091	0.13849	0.00864	0.00557	0.00183	0.00505	0.00702	0.00490	0.00709
21	0.01031	0.01220	0.13894	0.47475	0.02951	0.01098	0.01416	0.01363	0.01108	0.01473	0.01312	0.10875	0.01198	0.04646	0.00814	0.05886	0.00698	0.00643	0.00290	0.00611
22	0.06489	0.07641	0.38568	0.01560	0.07054	0.01434	0.01595	0.01880	0.06136	0.07560	0.01138	0.01314	0.00860	0.00642	0.00747	0.00188	0.13620	0.00454	0.00313	0.00807
23	0.15315	0.25930	0.01903	0.01093	0.01488	0.01773	0.00946	0.27572	0.06701	0.02414	0.01141	0.01293	0.00921	0.03648	0.00643	0.00178	0.05409	0.00436	0.00406	0.00790
24	0.07412	0.01038	0.01292	0.01016	0.01433	0.00977	0.00833	0.09449	0.06609	0.56175	0.02275	0.02031	0.05323	0.00739	0.00567	0.00178	0.00485	0.00591	0.00655	0.00921

[dist]
# distance from previous block
# <min> <max>
5	113

# created by:
# /software/SequenceAnalysis/GenePrediction/augustus/3.0.1/scripts/msa2prfl.pl ./fixed/BUSCOvEOG7N8SKC.fas
