[name]
unknown

[dist]
# distance from previous block
# <min> <max>
0	127

[block]
# block no. 0 follows, 41 sequences, length 54
# corresponding to MSA columns:
# 131-184
name=unknown_A
#
# <colnr> <probs for GDERKNQSTAVLIFYWHMCP>
#	G	D	E	R	K	N	Q	S	T	A	V	L	I	F	Y	W	H	M	C	P
0	0.09071	0.00735	0.00863	0.00819	0.01002	0.00750	0.00637	0.01427	0.11997	0.02277	0.50972	0.03855	0.04202	0.01091	0.00641	0.00190	0.00338	0.07949	0.00586	0.00598
1	0.01921	0.01731	0.12349	0.01310	0.01828	0.01601	0.01189	0.56190	0.02316	0.03161	0.01285	0.01329	0.00924	0.00638	0.00552	0.00164	0.00638	0.00483	0.00500	0.09891
2	0.12549	0.00602	0.00682	0.00748	0.00839	0.00598	0.00513	0.00942	0.01083	0.01617	0.06261	0.49568	0.08437	0.11735	0.00954	0.00261	0.00371	0.01277	0.00486	0.00476
3	0.02054	0.01534	0.01651	0.01268	0.01724	0.01669	0.01043	0.64813	0.05787	0.03397	0.01384	0.01391	0.00996	0.00667	0.00560	0.00165	0.00603	0.00505	0.00552	0.08235
4	0.01312	0.01468	0.03139	0.13228	0.03124	0.01422	0.63925	0.01780	0.01321	0.01780	0.01137	0.01540	0.00853	0.00495	0.00660	0.00193	0.00936	0.00651	0.00284	0.00752
5	0.01306	0.01457	0.03104	0.14859	0.03145	0.01418	0.62369	0.01772	0.01316	0.01772	0.01134	0.01540	0.00851	0.00497	0.00658	0.00192	0.00931	0.00648	0.00284	0.00749
6	0.01301	0.01267	0.02230	0.27600	0.45777	0.01339	0.08821	0.01668	0.01256	0.01734	0.01065	0.01463	0.00856	0.00527	0.00579	0.00179	0.00734	0.00525	0.00274	0.00806
7	0.00697	0.00498	0.00664	0.00796	0.00830	0.00465	0.00531	0.00796	0.01095	0.01460	0.03153	0.79525	0.03783	0.01792	0.00730	0.00232	0.00332	0.01626	0.00531	0.00465
8	0.00719	0.00514	0.00689	0.00822	0.00865	0.00484	0.00569	0.00835	0.01117	0.01485	0.03140	0.72349	0.03735	0.01771	0.00736	0.00235	0.00351	0.08584	0.00531	0.00471
9	0.01423	0.01229	0.01293	0.01164	0.01487	0.01423	0.00905	0.03039	0.75297	0.02393	0.02328	0.02134	0.01746	0.00776	0.00582	0.00194	0.00453	0.00647	0.00582	0.00905
10	0.00994	0.00497	0.00745	0.00745	0.00745	0.00497	0.00497	0.00745	0.00745	0.00994	0.00994	0.01739	0.00994	0.01987	0.02235	0.83358	0.00497	0.00497	0.00248	0.00248
11	0.00697	0.00498	0.00664	0.00796	0.00830	0.00465	0.00531	0.00796	0.01095	0.01460	0.03153	0.79525	0.03783	0.01792	0.00730	0.00232	0.00332	0.01626	0.00531	0.00465
12	0.13721	0.01495	0.01551	0.01221	0.01651	0.01670	0.01003	0.57075	0.09575	0.03338	0.01385	0.01385	0.00998	0.00673	0.00542	0.00175	0.00585	0.00499	0.00542	0.00916
13	0.00810	0.00585	0.00765	0.00720	0.00855	0.00540	0.00540	0.01079	0.01619	0.02294	0.76028	0.04273	0.05397	0.01169	0.00675	0.00180	0.00270	0.01034	0.00630	0.00540
14	0.00697	0.00498	0.00664	0.00796	0.00830	0.00465	0.00531	0.00796	0.01095	0.01460	0.03153	0.79525	0.03783	0.01792	0.00730	0.00232	0.00332	0.01626	0.00531	0.00465
15	0.01147	0.02959	0.76934	0.01630	0.02476	0.01328	0.02113	0.01811	0.01208	0.01811	0.01026	0.01208	0.00725	0.00543	0.00543	0.00181	0.00845	0.00423	0.00242	0.00845
16	0.01169	0.00739	0.00858	0.00789	0.00954	0.00813	0.00618	0.11643	0.01324	0.02100	0.01658	0.02013	0.01353	0.01615	0.20307	0.00346	0.04339	0.00549	0.46220	0.00594
17	0.00790	0.00570	0.00747	0.00733	0.00850	0.00527	0.00538	0.01030	0.01528	0.02149	0.63332	0.17383	0.05116	0.01278	0.00684	0.00189	0.00281	0.01138	0.00612	0.00527
18	0.01147	0.02959	0.76934	0.01630	0.02476	0.01328	0.02113	0.01811	0.01208	0.01811	0.01026	0.01208	0.00725	0.00543	0.00543	0.00181	0.00845	0.00423	0.00242	0.00845
19	0.00810	0.00585	0.00765	0.00720	0.00855	0.00540	0.00540	0.01079	0.01619	0.02294	0.76028	0.04273	0.05397	0.01169	0.00675	0.00180	0.00270	0.01034	0.00630	0.00540
20	0.00832	0.00555	0.00624	0.00624	0.00624	0.00555	0.00347	0.00832	0.00832	0.01109	0.01802	0.03743	0.02080	0.79898	0.02911	0.00555	0.00555	0.00832	0.00347	0.00347
21	0.01012	0.00696	0.00890	0.00938	0.01104	0.00685	0.00765	0.01362	0.08579	0.07089	0.06393	0.17410	0.13523	0.01438	0.00723	0.00232	0.00440	0.35591	0.00551	0.00580
22	0.01147	0.02959	0.76934	0.01630	0.02476	0.01328	0.02113	0.01811	0.01208	0.01811	0.01026	0.01208	0.00725	0.00543	0.00543	0.00181	0.00845	0.00423	0.00242	0.00845
23	0.00887	0.00647	0.00873	0.00986	0.01126	0.00633	0.00852	0.01133	0.01315	0.01688	0.03422	0.06317	0.13639	0.01561	0.00774	0.00253	0.00493	0.62351	0.00527	0.00520
24	0.80511	0.01101	0.00861	0.00763	0.01121	0.01265	0.00629	0.01728	0.01001	0.05690	0.00858	0.00972	0.00653	0.00538	0.00363	0.00177	0.00444	0.00321	0.00369	0.00634
25	0.02521	0.00983	0.01326	0.01023	0.01461	0.00864	0.00843	0.02797	0.04527	0.73810	0.02259	0.01954	0.01429	0.00711	0.00575	0.00178	0.00485	0.00578	0.00703	0.00971
26	0.05963	0.00984	0.01243	0.00994	0.01385	0.00924	0.00803	0.02638	0.12395	0.56594	0.02168	0.02018	0.01461	0.04433	0.00671	0.00196	0.00476	0.00584	0.03166	0.00904
27	0.01339	0.01281	0.02183	0.20643	0.59797	0.01339	0.01717	0.01688	0.01266	0.01776	0.01062	0.01441	0.00873	0.00524	0.00568	0.00175	0.00698	0.00509	0.00277	0.00844
28	0.01034	0.00620	0.00825	0.00796	0.00948	0.00568	0.00596	0.01253	0.01472	0.12630	0.43415	0.23709	0.04321	0.01284	0.00680	0.00197	0.00328	0.04133	0.00611	0.00581
29	0.00994	0.00497	0.00745	0.00745	0.00745	0.00497	0.00497	0.00745	0.00745	0.00994	0.00994	0.01739	0.00994	0.01987	0.02235	0.83358	0.00497	0.00497	0.00248	0.00248
30	0.83938	0.01106	0.00841	0.00752	0.01106	0.01283	0.00619	0.01681	0.00973	0.02566	0.00796	0.00929	0.00619	0.00531	0.00354	0.00177	0.00442	0.00310	0.00354	0.00619
31	0.01219	0.17438	0.63082	0.01508	0.02287	0.01504	0.01901	0.01793	0.01199	0.01724	0.00983	0.01153	0.00726	0.00533	0.00510	0.00170	0.00802	0.00401	0.00242	0.00824
32	0.01365	0.00788	0.01089	0.11900	0.01509	0.00777	0.00811	0.01703	0.05189	0.22474	0.37293	0.03269	0.03347	0.00963	0.00635	0.00186	0.00423	0.04999	0.00589	0.00689
33	0.72211	0.01124	0.00905	0.00811	0.01160	0.01303	0.00660	0.01874	0.11537	0.02542	0.01014	0.01100	0.00780	0.00566	0.00386	0.00179	0.00444	0.00358	0.00386	0.00660
34	0.01088	0.01027	0.01717	0.75029	0.03829	0.01293	0.01573	0.01458	0.01132	0.01458	0.01005	0.01513	0.00762	0.00591	0.00631	0.00193	0.04306	0.00508	0.00254	0.00635
35	0.00994	0.00497	0.00745	0.00745	0.00745	0.00497	0.00497	0.00745	0.00745	0.00994	0.00994	0.01739	0.00994	0.01987	0.02235	0.83358	0.00497	0.00497	0.00248	0.00248
36	0.01128	0.00683	0.00864	0.00879	0.01022	0.00665	0.00629	0.01453	0.11377	0.14687	0.02829	0.52313	0.03022	0.04617	0.00771	0.00230	0.00384	0.01276	0.00561	0.00609
37	0.01047	0.00639	0.00828	0.00749	0.00933	0.00577	0.00573	0.01299	0.01593	0.12804	0.59176	0.04054	0.11241	0.01129	0.00661	0.00181	0.00302	0.00985	0.00632	0.00596
38	0.00681	0.00580	0.00586	0.00585	0.00776	0.00485	0.00438	0.00830	0.01315	0.01573	0.08395	0.05459	0.73480	0.01438	0.00676	0.00193	0.00289	0.01201	0.00535	0.00485
39	0.11445	0.00816	0.01026	0.00888	0.01176	0.00757	0.00695	0.01922	0.01426	0.38714	0.13382	0.20820	0.02489	0.01017	0.00601	0.00191	0.00412	0.00865	0.00612	0.00744
40	0.00698	0.00513	0.00656	0.00762	0.00823	0.00470	0.00518	0.00811	0.01146	0.01506	0.06471	0.65966	0.14126	0.01718	0.00720	0.00225	0.00323	0.01543	0.00535	0.00470
41	0.00690	0.00580	0.00599	0.00594	0.00781	0.00489	0.00446	0.00848	0.01337	0.01623	0.13127	0.05376	0.68717	0.01419	0.00676	0.00192	0.00288	0.01189	0.00541	0.00489
42	0.01340	0.01514	0.03216	0.02322	0.02843	0.01476	0.67084	0.01787	0.01303	0.01787	0.01117	0.01514	0.00856	0.00533	0.00793	0.00199	0.08613	0.00658	0.00285	0.00757
43	0.00693	0.00515	0.00646	0.00752	0.00818	0.00468	0.00511	0.00801	0.01138	0.01478	0.03695	0.64323	0.18635	0.01721	0.00719	0.00224	0.00323	0.01540	0.00531	0.00468
44	0.02088	0.00854	0.01147	0.00938	0.01268	0.00752	0.00736	0.02264	0.01461	0.56738	0.02328	0.13193	0.01834	0.10592	0.00884	0.00231	0.00473	0.00756	0.00638	0.00824
45	0.01589	0.01688	0.02153	0.03021	0.58411	0.19682	0.01599	0.01882	0.01379	0.01756	0.01030	0.01323	0.00865	0.00529	0.00554	0.00164	0.00764	0.00476	0.00286	0.00848
46	0.02305	0.01050	0.01466	0.01385	0.12103	0.00964	0.00976	0.02662	0.07906	0.59713	0.02095	0.01887	0.01372	0.00686	0.00575	0.00177	0.00511	0.00572	0.00637	0.00958
47	0.01012	0.00697	0.00843	0.00762	0.00930	0.00670	0.00568	0.08295	0.01578	0.05548	0.46955	0.03945	0.12208	0.12321	0.00978	0.00234	0.00358	0.00953	0.00576	0.00568
48	0.00767	0.00558	0.00708	0.00773	0.00848	0.00509	0.00515	0.00865	0.01061	0.01442	0.02722	0.59460	0.03217	0.14409	0.01056	0.00270	0.00377	0.01370	0.00482	0.08589
49	0.01275	0.01043	0.01617	0.59918	0.03348	0.01250	0.01418	0.01816	0.11731	0.08985	0.01325	0.01653	0.00966	0.00614	0.00574	0.00190	0.00691	0.00535	0.00345	0.00707
50	0.12677	0.00670	0.00777	0.00845	0.00998	0.00679	0.00689	0.01174	0.01214	0.01833	0.02866	0.16924	0.10572	0.01323	0.00651	0.00220	0.00421	0.32855	0.12086	0.00526
51	0.00775	0.00545	0.00689	0.00720	0.00781	0.00517	0.00483	0.00909	0.01212	0.01665	0.29244	0.31064	0.03894	0.23343	0.01318	0.00303	0.00371	0.01190	0.00515	0.00459
52	0.00847	0.00610	0.00773	0.00853	0.00931	0.00598	0.00595	0.08036	0.01257	0.01677	0.02975	0.70165	0.03496	0.01679	0.00716	0.00227	0.00366	0.03151	0.00535	0.00516
53	0.00933	0.00550	0.00710	0.00781	0.00868	0.00511	0.00543	0.01068	0.01163	0.08947	0.02882	0.60907	0.03221	0.01526	0.00668	0.00213	0.00338	0.01368	0.12280	0.00524

[dist]
# distance from previous block
# <min> <max>
0	1

[block]
# block no. 1 follows, 41 sequences, length 8
# corresponding to MSA columns:
# 186-193
name=unknown_B
#
# <colnr> <probs for GDERKNQSTAVLIFYWHMCP>
#	G	D	E	R	K	N	Q	S	T	A	V	L	I	F	Y	W	H	M	C	P
0	0.00905	0.00532	0.00754	0.00763	0.00788	0.00552	0.00518	0.00824	0.00823	0.01120	0.01413	0.07777	0.01488	0.16971	0.18348	0.44405	0.00717	0.00665	0.00299	0.00338
1	0.00958	0.00778	0.01138	0.01398	0.16971	0.00830	0.00825	0.01102	0.01003	0.01403	0.01765	0.16857	0.01912	0.26515	0.17997	0.00469	0.06343	0.00840	0.00352	0.00543
2	0.18989	0.01241	0.01794	0.02426	0.46312	0.01232	0.01312	0.01681	0.01211	0.02017	0.01005	0.01269	0.00834	0.00498	0.00494	0.00156	0.00581	0.00435	0.00309	0.16204
3	0.02139	0.01180	0.01397	0.01124	0.01533	0.01209	0.00911	0.17633	0.24181	0.39120	0.02096	0.01885	0.01425	0.00724	0.00577	0.00181	0.00506	0.00584	0.00642	0.00953
4	0.50821	0.00980	0.00970	0.17313	0.01629	0.01141	0.00785	0.01570	0.01052	0.02250	0.01043	0.01280	0.00808	0.00565	0.00409	0.00172	0.00478	0.00394	0.15735	0.00607
5	0.00693	0.00513	0.00648	0.00757	0.00819	0.00468	0.00513	0.00801	0.01133	0.01476	0.03632	0.66079	0.16919	0.01730	0.00720	0.00225	0.00324	0.01550	0.00531	0.00468
6	0.01465	0.01492	0.02904	0.02111	0.02634	0.01449	0.56227	0.15286	0.01584	0.02140	0.01317	0.06168	0.01062	0.00598	0.00659	0.00191	0.00864	0.00702	0.00356	0.00791
7	0.01667	0.01174	0.01301	0.01133	0.01482	0.01298	0.00892	0.02986	0.59573	0.18260	0.02313	0.02094	0.01676	0.00761	0.00581	0.00190	0.00460	0.00631	0.00609	0.00920

[dist]
# distance from previous block
# <min> <max>
1	3

[block]
# block no. 2 follows, 41 sequences, length 10
# corresponding to MSA columns:
# 197-206
name=unknown_C
#
# <colnr> <probs for GDERKNQSTAVLIFYWHMCP>
#	G	D	E	R	K	N	Q	S	T	A	V	L	I	F	Y	W	H	M	C	P
0	0.01157	0.00899	0.01027	0.00771	0.01187	0.00707	0.00610	0.01414	0.01189	0.01929	0.01224	0.01417	0.00998	0.00483	0.00418	0.00097	0.00385	0.00386	0.20520	0.63182
1	0.21068	0.00804	0.00810	0.00753	0.00958	0.00859	0.00596	0.01110	0.01162	0.01770	0.03858	0.03783	0.46966	0.01161	0.00768	0.00197	0.11505	0.00888	0.00448	0.00537
2	0.00856	0.00671	0.00841	0.00772	0.00969	0.00629	0.00592	0.01123	0.03453	0.01853	0.31283	0.03519	0.17540	0.01868	0.19408	0.00350	0.00609	0.00855	0.00489	0.12321
3	0.01186	0.01017	0.01186	0.00847	0.01356	0.00762	0.00678	0.01440	0.01186	0.01864	0.01017	0.01186	0.00847	0.00424	0.00424	0.00085	0.00424	0.00339	0.00339	0.83395
4	0.12716	0.00769	0.00836	0.00864	0.01025	0.00816	0.00628	0.01471	0.19193	0.01851	0.02809	0.44073	0.08103	0.01340	0.00637	0.00212	0.00374	0.01169	0.00518	0.00595
5	0.01662	0.46645	0.02371	0.01062	0.01539	0.04985	0.00967	0.19433	0.01557	0.01973	0.00971	0.01072	0.00808	0.00532	0.00431	0.00130	0.00606	0.00364	0.00340	0.12550
6	0.01443	0.01006	0.01621	0.59617	0.03335	0.01166	0.01406	0.01785	0.01264	0.19821	0.01319	0.01628	0.00922	0.00605	0.00573	0.00187	0.00695	0.00525	0.00365	0.00718
7	0.08798	0.06278	0.30595	0.06807	0.01809	0.01113	0.01303	0.01471	0.01167	0.01780	0.11785	0.01877	0.01555	0.01544	0.19340	0.00358	0.00873	0.00545	0.00324	0.00677
8	0.05486	0.01315	0.01609	0.01301	0.01697	0.01428	0.09244	0.23367	0.32321	0.09446	0.01940	0.01954	0.03114	0.00734	0.00586	0.00187	0.00562	0.02281	0.00545	0.00884
9	0.01379	0.04887	0.07439	0.01542	0.01970	0.01122	0.31962	0.01689	0.01234	0.12290	0.01435	0.02059	0.01224	0.19887	0.01165	0.00267	0.00732	0.00640	0.00361	0.06718

[dist]
# distance from previous block
# <min> <max>
8	13

[block]
# block no. 3 follows, 41 sequences, length 8
# corresponding to MSA columns:
# 220-227
name=unknown_D
#
# <colnr> <probs for GDERKNQSTAVLIFYWHMCP>
#	G	D	E	R	K	N	Q	S	T	A	V	L	I	F	Y	W	H	M	C	P
0	0.20698	0.06501	0.06760	0.01373	0.01848	0.04078	0.13159	0.34101	0.01847	0.02744	0.01131	0.01249	0.00836	0.00592	0.00523	0.00173	0.00668	0.00471	0.00424	0.00825
1	0.05507	0.12258	0.08727	0.01829	0.10503	0.01466	0.25373	0.01739	0.01221	0.05526	0.01105	0.01387	0.00876	0.00588	0.00734	0.00179	0.11775	0.00517	0.05301	0.03390
2	0.01398	0.23540	0.38203	0.01438	0.02089	0.01646	0.06458	0.09882	0.06702	0.01926	0.01105	0.01237	0.00838	0.00557	0.00510	0.00166	0.00738	0.00434	0.00307	0.00829
3	0.07479	0.01385	0.02343	0.06204	0.02343	0.01410	0.35423	0.12937	0.08430	0.07040	0.01314	0.01524	0.00972	0.00582	0.00650	0.00184	0.03832	0.00582	0.00390	0.04975
4	0.01562	0.01115	0.01227	0.05663	0.01462	0.01196	0.00833	0.34897	0.05323	0.02705	0.01862	0.04134	0.06261	0.00746	0.00527	0.00161	0.00484	0.00594	0.23681	0.05567
5	0.00824	0.00587	0.00791	0.00791	0.00848	0.00645	0.00555	0.00939	0.00881	0.01233	0.01650	0.02899	0.01713	0.37217	0.45091	0.00760	0.01106	0.00708	0.00324	0.00439
6	0.00810	0.00585	0.00765	0.00720	0.00855	0.00540	0.00540	0.01079	0.01619	0.02294	0.76028	0.04273	0.05397	0.01169	0.00675	0.00180	0.00270	0.01034	0.00630	0.00540
7	0.83938	0.01106	0.00841	0.00752	0.01106	0.01283	0.00619	0.01681	0.00973	0.02566	0.00796	0.00929	0.00619	0.00531	0.00354	0.00177	0.00442	0.00310	0.00354	0.00619

[dist]
# distance from previous block
# <min> <max>
15	253

# created by:
# /software/SequenceAnalysis/GenePrediction/augustus/3.0.1/scripts/msa2prfl.pl ./fixed/BUSCOvEOG76MD02.fas
