[name]
unknown

[dist]
# distance from previous block
# <min> <max>
1	114

[block]
# block no. 0 follows, 38 sequences, length 32
# corresponding to MSA columns:
# 121-152
name=unknown_A
#
# <colnr> <probs for GDERKNQSTAVLIFYWHMCP>
#	G	D	E	R	K	N	Q	S	T	A	V	L	I	F	Y	W	H	M	C	P
0	0.00716	0.00610	0.00617	0.00615	0.00816	0.00510	0.00461	0.00874	0.01384	0.01655	0.08712	0.05740	0.72225	0.01512	0.00711	0.00203	0.00304	0.01263	0.00563	0.00510
1	0.01608	0.79220	0.03152	0.01029	0.01544	0.02380	0.01029	0.01801	0.01222	0.01415	0.00836	0.00965	0.00772	0.00515	0.00386	0.00129	0.00643	0.00322	0.00257	0.00772
2	0.01608	0.79220	0.03152	0.01029	0.01544	0.02380	0.01029	0.01801	0.01222	0.01415	0.00836	0.00965	0.00772	0.00515	0.00386	0.00129	0.00643	0.00322	0.00257	0.00772
3	0.07783	0.01706	0.01722	0.01348	0.01807	0.06213	0.01105	0.61742	0.04998	0.03538	0.01406	0.01418	0.01010	0.00708	0.00583	0.00180	0.00667	0.00522	0.00569	0.00976
4	0.00819	0.00599	0.00769	0.00757	0.00887	0.00549	0.00556	0.01061	0.01580	0.02194	0.56559	0.17098	0.11597	0.01367	0.00719	0.00200	0.00297	0.01209	0.00635	0.00549
5	0.02676	0.01060	0.01419	0.01088	0.01554	0.00938	0.00898	0.06794	0.01783	0.71574	0.02322	0.02014	0.01463	0.00743	0.00605	0.00186	0.00520	0.00601	0.00737	0.01024
6	0.02287	0.01685	0.01805	0.01384	0.01866	0.01866	0.01143	0.73100	0.02828	0.03791	0.01444	0.01444	0.01023	0.00722	0.00602	0.00181	0.00662	0.00542	0.00602	0.01023
7	0.00733	0.00524	0.00698	0.00838	0.00873	0.00489	0.00558	0.00838	0.01152	0.01536	0.03316	0.78466	0.03979	0.01885	0.00768	0.00244	0.00349	0.01710	0.00558	0.00489
8	0.00851	0.00615	0.00804	0.00757	0.00899	0.00568	0.00568	0.01135	0.01703	0.02412	0.74788	0.04494	0.05676	0.01230	0.00710	0.00189	0.00284	0.01088	0.00662	0.00568
9	0.00719	0.00610	0.00620	0.00618	0.00817	0.00511	0.00463	0.00878	0.01389	0.01668	0.09876	0.05718	0.71053	0.01507	0.00711	0.00202	0.00304	0.01260	0.00564	0.00511
10	0.02699	0.01024	0.01396	0.01070	0.01536	0.00884	0.00884	0.02932	0.01722	0.75522	0.02373	0.02048	0.01489	0.00745	0.00605	0.00186	0.00512	0.00605	0.00745	0.01024
11	0.01420	0.01623	0.03550	0.02535	0.03144	0.01521	0.72921	0.01927	0.01420	0.01927	0.01217	0.01623	0.00913	0.00507	0.00710	0.00203	0.01014	0.00710	0.00304	0.00811
12	0.00733	0.00524	0.00698	0.00838	0.00873	0.00489	0.00558	0.00838	0.01152	0.01536	0.03316	0.78466	0.03979	0.01885	0.00768	0.00244	0.00349	0.01710	0.00558	0.00489
13	0.00733	0.00524	0.00698	0.00838	0.00873	0.00489	0.00558	0.00838	0.01152	0.01536	0.03316	0.78466	0.03979	0.01885	0.00768	0.00244	0.00349	0.01710	0.00558	0.00489
14	0.00875	0.00583	0.00656	0.00656	0.00656	0.00583	0.00365	0.00875	0.00875	0.01166	0.01895	0.03937	0.02187	0.78858	0.03062	0.00583	0.00583	0.00875	0.00365	0.00365
15	0.00762	0.00569	0.00817	0.00909	0.00967	0.00532	0.03582	0.00883	0.01163	0.01552	0.03228	0.75255	0.03851	0.01827	0.00765	0.00243	0.00377	0.01668	0.00548	0.00502
16	0.01420	0.01623	0.03550	0.02535	0.03144	0.01521	0.72921	0.01927	0.01420	0.01927	0.01217	0.01623	0.00913	0.00507	0.00710	0.00203	0.01014	0.00710	0.00304	0.00811
17	0.02287	0.01685	0.01805	0.01384	0.01866	0.01866	0.01143	0.73100	0.02828	0.03791	0.01444	0.01444	0.01023	0.00722	0.00602	0.00181	0.00662	0.00542	0.00602	0.01023
18	0.01207	0.03112	0.75741	0.01715	0.02604	0.01397	0.02223	0.01905	0.01270	0.01905	0.01080	0.01270	0.00762	0.00572	0.00572	0.00191	0.00889	0.00445	0.00254	0.00889
19	0.02285	0.01732	0.01801	0.01391	0.01865	0.04837	0.01144	0.70283	0.02784	0.03699	0.01424	0.01430	0.01013	0.00718	0.00599	0.00180	0.00679	0.00535	0.00590	0.01010
20	0.02247	0.02867	0.01705	0.01550	0.01860	0.76443	0.01162	0.02402	0.01705	0.01472	0.00930	0.01085	0.00775	0.00620	0.00542	0.00155	0.01085	0.00387	0.00310	0.00697
21	0.01601	0.01643	0.02332	0.03374	0.64236	0.12562	0.01745	0.01929	0.01419	0.01892	0.01102	0.01429	0.00926	0.00548	0.00588	0.00175	0.00770	0.00514	0.00300	0.00915
22	0.01489	0.01429	0.02442	0.03692	0.75106	0.01429	0.01846	0.01846	0.01370	0.01965	0.01132	0.01489	0.00953	0.00536	0.00596	0.00179	0.00715	0.00536	0.00298	0.00953
23	0.01247	0.01069	0.01247	0.00891	0.01426	0.00802	0.00713	0.01515	0.01247	0.01960	0.01069	0.01247	0.00891	0.00446	0.00446	0.00089	0.00446	0.00356	0.00356	0.82536
24	0.00711	0.00609	0.00609	0.00609	0.00813	0.00508	0.00457	0.00863	0.01371	0.01625	0.06094	0.05789	0.74862	0.01524	0.00711	0.00203	0.00305	0.01270	0.00559	0.00508
25	0.01316	0.01316	0.01843	0.01579	0.01579	0.01843	0.01316	0.01448	0.00921	0.01448	0.00790	0.01316	0.00790	0.01053	0.01974	0.00263	0.77757	0.00526	0.00263	0.00658
26	0.00969	0.00692	0.00969	0.01108	0.01246	0.00692	0.00969	0.01246	0.01385	0.01800	0.03185	0.06786	0.03462	0.01662	0.00831	0.00277	0.00554	0.71057	0.00554	0.00554
27	0.00859	0.00645	0.00967	0.00967	0.01074	0.00752	0.00752	0.01074	0.00967	0.01396	0.01611	0.02363	0.01504	0.04512	0.76474	0.00967	0.01611	0.00645	0.00322	0.00537
28	0.00711	0.00609	0.00609	0.00609	0.00813	0.00508	0.00457	0.00863	0.01371	0.01625	0.06094	0.05789	0.74862	0.01524	0.00711	0.00203	0.00305	0.01270	0.00559	0.00508
29	0.02247	0.02867	0.01705	0.01550	0.01860	0.76443	0.01162	0.02402	0.01705	0.01472	0.00930	0.01085	0.00775	0.00620	0.00542	0.00155	0.01085	0.00387	0.00310	0.00697
30	0.02287	0.01685	0.01805	0.01384	0.01866	0.01866	0.01143	0.73100	0.02828	0.03791	0.01444	0.01444	0.01023	0.00722	0.00602	0.00181	0.00662	0.00542	0.00602	0.01023
31	0.01247	0.01069	0.01247	0.00891	0.01426	0.00802	0.00713	0.01515	0.01247	0.01960	0.01069	0.01247	0.00891	0.00446	0.00446	0.00089	0.00446	0.00356	0.00356	0.82536

[dist]
# distance from previous block
# <min> <max>
0	64

[block]
# block no. 1 follows, 38 sequences, length 28
# corresponding to MSA columns:
# 217-244
name=unknown_B
#
# <colnr> <probs for GDERKNQSTAVLIFYWHMCP>
#	G	D	E	R	K	N	Q	S	T	A	V	L	I	F	Y	W	H	M	C	P
0	0.55202	0.00967	0.00807	0.00745	0.00991	0.01089	0.00554	0.01465	0.00973	0.02179	0.01197	0.01982	0.01173	0.27130	0.01285	0.00321	0.00505	0.00512	0.00370	0.00554
1	0.01230	0.01291	0.02673	0.02003	0.02442	0.01260	0.48430	0.01638	0.01266	0.01747	0.01351	0.01874	0.01113	0.01866	0.26421	0.00462	0.01217	0.00688	0.00310	0.00718
2	0.02072	0.00885	0.01195	0.00964	0.01320	0.00777	0.00777	0.02322	0.01715	0.50712	0.26947	0.02878	0.02910	0.00909	0.00640	0.00187	0.00434	0.00769	0.00717	0.00869
3	0.01765	0.01426	0.01511	0.01278	0.01667	0.01622	0.01017	0.26918	0.49860	0.02949	0.02108	0.01973	0.01560	0.00784	0.00609	0.00196	0.00539	0.00633	0.00609	0.00976
4	0.01825	0.53310	0.02661	0.01206	0.01651	0.27514	0.01074	0.02005	0.01386	0.01435	0.00868	0.01006	0.00773	0.00550	0.00439	0.00138	0.00793	0.00344	0.00275	0.00747
5	0.00711	0.00609	0.00609	0.00609	0.00813	0.00508	0.00457	0.00863	0.01371	0.01625	0.06094	0.05789	0.74862	0.01524	0.00711	0.00203	0.00305	0.01270	0.00559	0.00508
6	0.02024	0.00883	0.01129	0.00914	0.01290	0.00756	0.00739	0.02230	0.01603	0.50445	0.03636	0.03317	0.26388	0.01009	0.00641	0.00192	0.00442	0.00831	0.00681	0.00849
7	0.00711	0.00609	0.00609	0.00609	0.00813	0.00508	0.00457	0.00863	0.01371	0.01625	0.06094	0.05789	0.74862	0.01524	0.00711	0.00203	0.00305	0.01270	0.00559	0.00508
8	0.01179	0.01279	0.02552	0.01882	0.02353	0.01177	0.48330	0.01566	0.01403	0.01825	0.02872	0.03037	0.26007	0.00852	0.00710	0.00203	0.00773	0.00900	0.00391	0.00708
9	0.02024	0.00883	0.01129	0.00914	0.01290	0.00756	0.00739	0.02230	0.01603	0.50445	0.03636	0.03317	0.26388	0.01009	0.00641	0.00192	0.00442	0.00831	0.00681	0.00849
10	0.01343	0.28939	0.51108	0.01482	0.02244	0.01731	0.01818	0.01870	0.01254	0.01739	0.00997	0.01167	0.00765	0.00552	0.00509	0.00170	0.00806	0.00403	0.00255	0.00849
11	0.01560	0.03029	0.50617	0.01659	0.02351	0.26864	0.01863	0.02074	0.01418	0.01758	0.01029	0.01207	0.00766	0.00588	0.00562	0.00178	0.00956	0.00425	0.00273	0.00824
12	0.00767	0.00601	0.00625	0.00625	0.00759	0.00533	0.00426	0.00867	0.01203	0.01469	0.04669	0.05161	0.50199	0.27767	0.01509	0.00332	0.00399	0.01136	0.00493	0.00459
13	0.00914	0.00660	0.00901	0.01029	0.01157	0.00647	0.00868	0.01155	0.01348	0.01747	0.03427	0.17579	0.08983	0.01685	0.00812	0.00266	0.00504	0.55222	0.00555	0.00541
14	0.01489	0.01429	0.02442	0.03692	0.75106	0.01429	0.01846	0.01846	0.01370	0.01965	0.01132	0.01489	0.00953	0.00536	0.00596	0.00179	0.00715	0.00536	0.00298	0.00953
15	0.00992	0.00784	0.00923	0.00969	0.01107	0.00831	0.00692	0.01638	0.25879	0.01869	0.03021	0.52600	0.03252	0.01522	0.00715	0.00231	0.00392	0.01361	0.00577	0.00646
16	0.01746	0.01917	0.02192	0.02965	0.50250	0.26885	0.01614	0.02035	0.01483	0.01798	0.01063	0.01352	0.00892	0.00564	0.00578	0.00171	0.00840	0.00486	0.00302	0.00866
17	0.01437	0.01376	0.02348	0.14568	0.64637	0.01416	0.01820	0.01801	0.01345	0.01902	0.01122	0.01506	0.00931	0.00546	0.00596	0.00182	0.00728	0.00536	0.00293	0.00911
18	0.01267	0.01307	0.02674	0.02051	0.02500	0.01240	0.48504	0.01696	0.01408	0.01884	0.01885	0.03375	0.01778	0.00899	0.00751	0.00228	0.00858	0.24582	0.00389	0.00724
19	0.01243	0.01335	0.01023	0.01036	0.01196	0.26268	0.00744	0.01373	0.01381	0.01531	0.03037	0.38309	0.16447	0.01386	0.00680	0.00206	0.00590	0.01177	0.00474	0.00563
20	0.01122	0.01060	0.01053	0.01007	0.01165	0.15164	0.00768	0.01349	0.01358	0.01756	0.26314	0.02842	0.02780	0.02654	0.36243	0.00548	0.01060	0.00746	0.00435	0.00578
21	0.14078	0.02306	0.03333	0.03273	0.01818	0.45761	0.01120	0.14017	0.03379	0.02073	0.01039	0.01178	0.00823	0.00642	0.00568	0.00170	0.02880	0.00419	0.00371	0.00753
22	0.00759	0.00609	0.00678	0.00667	0.00844	0.00528	0.00498	0.00955	0.01477	0.01889	0.29317	0.07653	0.49137	0.01435	0.00712	0.00200	0.00299	0.01222	0.00594	0.00528
23	0.00859	0.00645	0.00967	0.00967	0.01074	0.00752	0.00752	0.01074	0.00967	0.01396	0.01611	0.02363	0.01504	0.04512	0.76474	0.00967	0.01611	0.00645	0.00322	0.00537
24	0.02012	0.00886	0.01179	0.01006	0.01326	0.00797	0.00786	0.05569	0.01581	0.46993	0.02649	0.27951	0.02312	0.01130	0.00660	0.00206	0.00464	0.00977	0.00675	0.00842
25	0.29186	0.01339	0.01913	0.02708	0.50013	0.01402	0.01441	0.01820	0.01252	0.02214	0.01032	0.01315	0.00851	0.00544	0.00520	0.00181	0.00630	0.00465	0.00323	0.00851
26	0.01279	0.01925	0.26920	0.01625	0.01927	0.01691	0.01624	0.01603	0.01040	0.01603	0.00888	0.01301	0.00780	0.00890	0.01498	0.00239	0.51672	0.00499	0.00260	0.00736
27	0.01496	0.01292	0.01360	0.01224	0.01564	0.01496	0.00952	0.03197	0.74019	0.02516	0.02448	0.02244	0.01836	0.00816	0.00612	0.00204	0.00476	0.00680	0.00612	0.00952

[dist]
# distance from previous block
# <min> <max>
0	1

[block]
# block no. 2 follows, 38 sequences, length 6
# corresponding to MSA columns:
# 246-251
name=unknown_C
#
# <colnr> <probs for GDERKNQSTAVLIFYWHMCP>
#	G	D	E	R	K	N	Q	S	T	A	V	L	I	F	Y	W	H	M	C	P
0	0.01368	0.01982	0.20969	0.02337	0.03014	0.01491	0.55862	0.01922	0.01384	0.01922	0.01184	0.01538	0.00876	0.00523	0.00677	0.00200	0.00984	0.00646	0.00292	0.00830
1	0.01991	0.01317	0.01457	0.01161	0.01580	0.04490	0.00931	0.29680	0.04805	0.20370	0.01851	0.10981	0.01495	0.00823	0.00595	0.00174	0.00563	0.00668	0.00578	0.14489
2	0.00733	0.00524	0.00698	0.00838	0.00873	0.00489	0.00558	0.00838	0.01152	0.01536	0.03316	0.78466	0.03979	0.01885	0.00768	0.00244	0.00349	0.01710	0.00558	0.00489
3	0.01452	0.07034	0.15073	0.04510	0.02737	0.04423	0.42080	0.04665	0.05004	0.01939	0.01204	0.01510	0.00914	0.00573	0.00701	0.00196	0.04240	0.00607	0.00317	0.00821
4	0.01313	0.01302	0.01169	0.01069	0.01272	0.19093	0.00815	0.01765	0.12333	0.02140	0.41644	0.03140	0.03620	0.01010	0.00734	0.00188	0.05364	0.00823	0.00545	0.00661
5	0.00831	0.01213	0.18739	0.00876	0.01245	0.00722	0.00883	0.01115	0.01347	0.01693	0.04884	0.04699	0.56982	0.01294	0.00677	0.00200	0.00446	0.01071	0.00485	0.00600

[dist]
# distance from previous block
# <min> <max>
0	80

# created by:
# /software/SequenceAnalysis/GenePrediction/augustus/3.0.1/scripts/msa2prfl.pl ./fixed/BUSCOvEOG79KH55.fas
