[name]
unknown

[dist]
# distance from previous block
# <min> <max>
8	361

[block]
# block no. 0 follows, 41 sequences, length 84
# corresponding to MSA columns:
# 419-502
name=unknown_A
#
# <colnr> <probs for GDERKNQSTAVLIFYWHMCP>
#	G	D	E	R	K	N	Q	S	T	A	V	L	I	F	Y	W	H	M	C	P
0	0.00864	0.00574	0.00716	0.00680	0.00815	0.00538	0.00510	0.01133	0.01531	0.02260	0.60408	0.03822	0.04569	0.01063	0.00617	0.00170	0.00269	0.00929	0.17995	0.00538
1	0.00744	0.00533	0.00697	0.00813	0.00860	0.00506	0.00549	0.03137	0.01146	0.01528	0.03096	0.77040	0.03694	0.01757	0.00725	0.00230	0.00341	0.01591	0.00532	0.00481
2	0.00739	0.00644	0.00636	0.00626	0.00821	0.02071	0.00471	0.00939	0.03685	0.01622	0.10580	0.05220	0.67188	0.01390	0.00670	0.00191	0.00308	0.01160	0.00535	0.00504
3	0.83938	0.01106	0.00841	0.00752	0.01106	0.01283	0.00619	0.01681	0.00973	0.02566	0.00796	0.00929	0.00619	0.00531	0.00354	0.00177	0.00442	0.00310	0.00354	0.00619
4	0.00687	0.00572	0.00601	0.00610	0.00784	0.00485	0.00451	0.00837	0.01306	0.01590	0.10504	0.12508	0.64176	0.01462	0.00681	0.00196	0.00292	0.01235	0.00538	0.00485
5	0.02566	0.00973	0.01327	0.01018	0.01460	0.00841	0.00841	0.02788	0.01637	0.76726	0.02257	0.01947	0.01416	0.00708	0.00575	0.00177	0.00487	0.00575	0.00708	0.00973
6	0.02137	0.02726	0.01621	0.01474	0.01768	0.77602	0.01105	0.02284	0.01621	0.01400	0.00884	0.01031	0.00737	0.00589	0.00516	0.00147	0.01031	0.00368	0.00295	0.00663
7	0.01875	0.01168	0.01337	0.01125	0.01499	0.01247	0.00897	0.08288	0.44331	0.28256	0.02232	0.02012	0.01574	0.00746	0.00579	0.00186	0.00478	0.00612	0.00625	0.00934
8	0.00697	0.00498	0.00664	0.00796	0.00830	0.00465	0.00531	0.00796	0.01095	0.01460	0.03153	0.79525	0.03783	0.01792	0.00730	0.00232	0.00332	0.01626	0.00531	0.00465
9	0.01529	0.80242	0.02997	0.00979	0.01468	0.02263	0.00979	0.01713	0.01162	0.01346	0.00795	0.00918	0.00734	0.00489	0.00367	0.00122	0.00612	0.00306	0.00245	0.00734
10	0.00697	0.00498	0.00664	0.00796	0.00830	0.00465	0.00531	0.00796	0.01095	0.01460	0.03153	0.79525	0.03783	0.01792	0.00730	0.00232	0.00332	0.01626	0.00531	0.00465
11	0.01423	0.01229	0.01293	0.01164	0.01487	0.01423	0.00905	0.03039	0.75297	0.02393	0.02328	0.02134	0.01746	0.00776	0.00582	0.00194	0.00453	0.00647	0.00582	0.00905
12	0.01478	0.69818	0.12970	0.01067	0.01604	0.02137	0.01132	0.01726	0.01168	0.01409	0.00826	0.00957	0.00733	0.00497	0.00391	0.00130	0.00643	0.00322	0.00244	0.00749
13	0.01080	0.01017	0.01716	0.78523	0.03940	0.01271	0.01589	0.01461	0.01144	0.01461	0.01017	0.01525	0.00762	0.00572	0.00572	0.00191	0.00762	0.00508	0.00254	0.00635
14	0.00708	0.00595	0.00617	0.00628	0.00807	0.00517	0.00464	0.00905	0.04172	0.01568	0.05346	0.14154	0.64613	0.01463	0.00679	0.00198	0.00301	0.01235	0.00533	0.00497
15	0.00697	0.00498	0.00664	0.00796	0.00830	0.00465	0.00531	0.00796	0.01095	0.01460	0.03153	0.79525	0.03783	0.01792	0.00730	0.00232	0.00332	0.01626	0.00531	0.00465
16	0.01318	0.01013	0.01200	0.00864	0.01366	0.00770	0.00693	0.01569	0.01229	0.09035	0.01135	0.01259	0.00902	0.00451	0.00438	0.00094	0.00430	0.00362	0.00374	0.75500
17	0.01080	0.01017	0.01716	0.78523	0.03940	0.01271	0.01589	0.01461	0.01144	0.01461	0.01017	0.01525	0.00762	0.00572	0.00572	0.00191	0.00762	0.00508	0.00254	0.00635
18	0.00697	0.00498	0.00664	0.00796	0.00830	0.00465	0.00531	0.00796	0.01095	0.01460	0.03153	0.79525	0.03783	0.01792	0.00730	0.00232	0.00332	0.01626	0.00531	0.00465
19	0.01325	0.01588	0.07517	0.02242	0.02758	0.01481	0.60129	0.01770	0.01278	0.01770	0.01095	0.01484	0.00844	0.00556	0.00829	0.00200	0.11463	0.00637	0.00281	0.00756
20	0.02419	0.01006	0.01323	0.01037	0.01464	0.00916	0.00849	0.02820	0.11148	0.67128	0.02266	0.01971	0.01459	0.00717	0.00576	0.00179	0.00482	0.00584	0.00692	0.00965
21	0.01090	0.01022	0.01692	0.60576	0.05920	0.01185	0.04579	0.01446	0.01164	0.01532	0.01214	0.04457	0.02639	0.00617	0.00570	0.00181	0.00709	0.00557	0.00281	0.08568
22	0.05069	0.02025	0.39805	0.01326	0.03649	0.01121	0.01450	0.01793	0.04416	0.06113	0.01139	0.01274	0.00846	0.00523	0.00500	0.00150	0.00650	0.00411	0.00320	0.27419
23	0.06382	0.01358	0.01989	0.05397	0.43362	0.07515	0.05508	0.01653	0.01238	0.01762	0.01208	0.08830	0.01126	0.00696	0.00717	0.00185	0.09387	0.00601	0.00308	0.00778
24	0.01067	0.00583	0.00612	0.00579	0.00747	0.00563	0.00440	0.01330	0.01187	0.02073	0.01771	0.02047	0.01405	0.00794	0.03626	0.00161	0.00334	0.00518	0.71693	0.08469
25	0.01444	0.01249	0.02125	0.20873	0.49264	0.01292	0.04463	0.01788	0.01299	0.08942	0.01178	0.01497	0.00920	0.00542	0.00573	0.00176	0.00692	0.00522	0.00317	0.00844
26	0.01237	0.01015	0.01191	0.00853	0.01359	0.00765	0.00684	0.01490	0.01203	0.04623	0.01062	0.01214	0.00868	0.00434	0.00429	0.00088	0.00426	0.00348	0.00352	0.80357
27	0.01206	0.01268	0.02499	0.14489	0.06763	0.01300	0.40771	0.01574	0.01232	0.01677	0.01380	0.12804	0.01264	0.00738	0.00775	0.00202	0.08285	0.00760	0.00315	0.00698
28	0.00697	0.00498	0.00664	0.00796	0.00830	0.00465	0.00531	0.00796	0.01095	0.01460	0.03153	0.79525	0.03783	0.01792	0.00730	0.00232	0.00332	0.01626	0.00531	0.00465
29	0.00700	0.00501	0.00667	0.00794	0.00830	0.00467	0.00531	0.00805	0.01112	0.01486	0.05452	0.77150	0.03834	0.01772	0.00728	0.00231	0.00330	0.01607	0.00534	0.00467
30	0.01873	0.02291	0.01654	0.08859	0.01927	0.56334	0.01178	0.02038	0.01438	0.01401	0.00872	0.01119	0.00742	0.00663	0.00772	0.00170	0.15324	0.00406	0.00283	0.00654
31	0.00832	0.00555	0.00624	0.00624	0.00624	0.00555	0.00347	0.00832	0.00832	0.01109	0.01802	0.03743	0.02080	0.79898	0.02911	0.00555	0.00555	0.00832	0.00347	0.00347
32	0.01343	0.01027	0.01213	0.00875	0.01376	0.00796	0.00704	0.03418	0.01267	0.09079	0.01144	0.01264	0.00905	0.00458	0.00442	0.00096	0.00435	0.00366	0.00380	0.73412
33	0.01186	0.01017	0.01186	0.00847	0.01356	0.00762	0.00678	0.01440	0.01186	0.01864	0.01017	0.01186	0.00847	0.00424	0.00424	0.00085	0.00424	0.00339	0.00339	0.83395
34	0.00817	0.00613	0.00919	0.00919	0.01021	0.00715	0.00715	0.01021	0.00919	0.01328	0.01532	0.02247	0.01430	0.04290	0.77631	0.00919	0.01532	0.00613	0.00306	0.00511
35	0.09486	0.01296	0.01340	0.01157	0.01512	0.01484	0.00917	0.18055	0.52772	0.02667	0.01979	0.01857	0.01474	0.00734	0.00558	0.00188	0.00489	0.00586	0.00558	0.00892
36	0.01209	0.01150	0.01939	0.48470	0.30337	0.01319	0.01638	0.01566	0.01193	0.01608	0.01029	0.01476	0.00815	0.00564	0.00614	0.00185	0.03383	0.00509	0.00265	0.00734
37	0.01757	0.11419	0.16392	0.01512	0.01970	0.39049	0.09617	0.02086	0.03168	0.04511	0.02736	0.01246	0.00905	0.00579	0.00530	0.00159	0.00888	0.00436	0.00309	0.00734
38	0.01314	0.01796	0.16530	0.02271	0.02898	0.01425	0.61351	0.01828	0.01325	0.01828	0.01134	0.01483	0.00842	0.00493	0.00651	0.00191	0.00943	0.00630	0.00281	0.00785
39	0.00683	0.00552	0.00607	0.00652	0.00792	0.00477	0.00467	0.00813	0.01234	0.01517	0.04915	0.30137	0.52033	0.01563	0.00694	0.00206	0.00304	0.01347	0.00531	0.00477
40	0.01991	0.01050	0.01252	0.01028	0.01388	0.03562	0.00824	0.05632	0.17664	0.42363	0.14594	0.02323	0.02115	0.00795	0.00591	0.00180	0.00468	0.00658	0.00648	0.00875
41	0.01915	0.03827	0.01366	0.01095	0.01475	0.01203	0.00880	0.02886	0.41263	0.34139	0.02245	0.02012	0.01570	0.00737	0.00572	0.00184	0.00473	0.00604	0.00624	0.00929
42	0.00676	0.00579	0.00579	0.00579	0.00773	0.00483	0.00435	0.00821	0.01304	0.01545	0.05794	0.05505	0.76098	0.01449	0.00676	0.00193	0.00290	0.01207	0.00531	0.00483
43	0.00711	0.00513	0.00674	0.00777	0.00831	0.00476	0.00528	0.00836	0.01175	0.01577	0.13152	0.66120	0.07125	0.01693	0.00720	0.00223	0.00322	0.01528	0.00544	0.00476
44	0.01341	0.01515	0.03220	0.02324	0.02847	0.01476	0.67260	0.01789	0.01305	0.01789	0.01118	0.01515	0.00857	0.00532	0.00790	0.00198	0.08425	0.00658	0.00286	0.00757
45	0.09384	0.64703	0.10405	0.01024	0.01537	0.02073	0.01061	0.01720	0.01149	0.01511	0.00819	0.00949	0.00722	0.00499	0.00384	0.00134	0.00620	0.00318	0.00255	0.00735
46	0.01080	0.01017	0.01716	0.78523	0.03940	0.01271	0.01589	0.01461	0.01144	0.01461	0.01017	0.01525	0.00762	0.00572	0.00572	0.00191	0.00762	0.00508	0.00254	0.00635
47	0.00697	0.00498	0.00664	0.00796	0.00830	0.00465	0.00531	0.00796	0.01095	0.01460	0.03153	0.79525	0.03783	0.01792	0.00730	0.00232	0.00332	0.01626	0.00531	0.00465
48	0.03828	0.09674	0.09031	0.01573	0.08984	0.30873	0.04054	0.09919	0.08086	0.04458	0.03442	0.01356	0.01034	0.00611	0.00530	0.00162	0.00785	0.00459	0.00365	0.00776
49	0.01289	0.01434	0.03067	0.02302	0.05947	0.01347	0.63967	0.01728	0.01323	0.01798	0.01347	0.09105	0.01152	0.00610	0.00676	0.00196	0.00891	0.00760	0.00312	0.00747
50	0.01243	0.00705	0.00921	0.00833	0.01030	0.00634	0.00631	0.01468	0.01604	0.18523	0.52301	0.11024	0.04385	0.01161	0.00681	0.00195	0.00345	0.01004	0.00654	0.00658
51	0.02103	0.01568	0.01856	0.01417	0.01878	0.01677	0.08080	0.60539	0.02462	0.06228	0.01442	0.01540	0.01056	0.02518	0.00656	0.00191	0.00667	0.00554	0.00557	0.03011
52	0.35114	0.02981	0.01427	0.26893	0.08116	0.02731	0.01108	0.03444	0.01221	0.10174	0.01124	0.01369	0.00845	0.00604	0.00501	0.00189	0.00611	0.00446	0.00374	0.00727
53	0.09492	0.50585	0.14763	0.01100	0.01625	0.01874	0.01131	0.01845	0.01239	0.08318	0.02580	0.01209	0.00934	0.00575	0.00446	0.00154	0.00634	0.00384	0.00324	0.00787
54	0.16126	0.01384	0.02564	0.01888	0.02386	0.01319	0.48807	0.01738	0.01277	0.01984	0.01210	0.04529	0.00993	0.00610	0.00655	0.02108	0.00799	0.00627	0.00334	0.08663
55	0.00850	0.00622	0.00784	0.00754	0.00891	0.00565	0.00556	0.01079	0.01585	0.02215	0.64021	0.09981	0.11333	0.01272	0.00702	0.00195	0.00298	0.01106	0.00631	0.00560
56	0.00765	0.00548	0.00714	0.00832	0.00877	0.00506	0.00558	0.00859	0.01164	0.01566	0.07694	0.74238	0.03910	0.01780	0.00749	0.00239	0.00349	0.01597	0.00555	0.00500
57	0.01546	0.72155	0.10102	0.01079	0.01604	0.02194	0.01110	0.01759	0.01202	0.01446	0.00877	0.01027	0.00789	0.00533	0.00410	0.00139	0.00652	0.00337	0.00265	0.00773
58	0.02148	0.03946	0.01618	0.01346	0.01715	0.45074	0.01041	0.13392	0.01767	0.12728	0.01227	0.01310	0.00937	0.00641	0.00545	0.00160	0.00838	0.00436	0.00420	0.08711
59	0.02446	0.01166	0.01447	0.01126	0.01564	0.01111	0.00920	0.20031	0.04263	0.54692	0.03518	0.01932	0.01446	0.00751	0.00601	0.00187	0.00535	0.00589	0.00686	0.00989
60	0.02611	0.01014	0.01365	0.01056	0.01500	0.00874	0.00864	0.02815	0.01669	0.76093	0.02303	0.02019	0.01465	0.00745	0.00599	0.00187	0.00506	0.00593	0.00724	0.01000
61	0.00769	0.00617	0.00673	0.00673	0.00842	0.00530	0.00494	0.00920	0.01388	0.01756	0.21044	0.12363	0.52945	0.01450	0.00704	0.00204	0.00311	0.01221	0.00571	0.00525
62	0.01406	0.01578	0.03394	0.02436	0.03015	0.01474	0.73605	0.01868	0.01384	0.01883	0.01213	0.01619	0.00922	0.00521	0.00698	0.00203	0.00979	0.00692	0.00309	0.00800
63	0.00892	0.00599	0.00668	0.00665	0.00671	0.00590	0.00375	0.00877	0.00871	0.01167	0.01852	0.03799	0.02123	0.79211	0.02914	0.00562	0.00573	0.00847	0.00366	0.00379
64	0.01124	0.00577	0.00578	0.00575	0.00713	0.00569	0.00427	0.01373	0.01235	0.02181	0.01916	0.02203	0.01515	0.00704	0.00426	0.00144	0.00288	0.00551	0.82337	0.00564
65	0.02611	0.01014	0.01365	0.01056	0.01500	0.00874	0.00864	0.02815	0.01669	0.76093	0.02303	0.02019	0.01465	0.00745	0.00599	0.00187	0.00506	0.00593	0.00724	0.01000
66	0.01138	0.01056	0.01750	0.77853	0.03956	0.01300	0.01605	0.01501	0.01180	0.01516	0.01074	0.01601	0.00818	0.00610	0.00596	0.00201	0.00779	0.00526	0.00274	0.00665
67	0.01471	0.01396	0.02350	0.03526	0.75685	0.01387	0.01771	0.01792	0.01337	0.01919	0.01133	0.01493	0.00960	0.00548	0.00590	0.00180	0.00697	0.00528	0.00303	0.00933
68	0.00860	0.00628	0.00793	0.00750	0.00893	0.00571	0.00558	0.01102	0.01627	0.02284	0.70055	0.04418	0.10790	0.01223	0.00698	0.00191	0.00293	0.01061	0.00639	0.00566
69	0.02222	0.01637	0.01751	0.01351	0.01811	0.01798	0.01108	0.73795	0.02711	0.03640	0.01427	0.01451	0.01026	0.00724	0.00596	0.00182	0.00648	0.00533	0.00589	0.00999
70	0.02598	0.01035	0.01378	0.01066	0.01510	0.00905	0.00872	0.05202	0.01704	0.73655	0.02273	0.02000	0.01450	0.00744	0.00599	0.00187	0.00511	0.00591	0.00719	0.01000
71	0.00857	0.00621	0.00793	0.00762	0.00895	0.00568	0.00562	0.01091	0.01599	0.02251	0.67386	0.10223	0.07641	0.01260	0.00702	0.00195	0.00297	0.01100	0.00635	0.00562
72	0.02222	0.01637	0.01751	0.01351	0.01811	0.01798	0.01108	0.73795	0.02711	0.03640	0.01427	0.01451	0.01026	0.00724	0.00596	0.00182	0.00648	0.00533	0.00589	0.00999
73	0.83239	0.01145	0.00883	0.00793	0.01149	0.01312	0.00645	0.01718	0.01011	0.02611	0.00856	0.01011	0.00676	0.00569	0.00380	0.00187	0.00462	0.00330	0.00373	0.00649
74	0.01583	0.79558	0.03020	0.01017	0.01508	0.02283	0.01001	0.01750	0.01198	0.01401	0.00855	0.01000	0.00789	0.00528	0.00393	0.00133	0.00630	0.00326	0.00265	0.00763
75	0.01545	0.00779	0.01013	0.00866	0.01130	0.00689	0.00675	0.01769	0.01635	0.31290	0.41491	0.03508	0.09055	0.01043	0.00659	0.00190	0.00377	0.00882	0.00670	0.00735
76	0.01138	0.01056	0.01750	0.77853	0.03956	0.01300	0.01605	0.01501	0.01180	0.01516	0.01074	0.01601	0.00818	0.00610	0.00596	0.00201	0.00779	0.00526	0.00274	0.00665
77	0.01471	0.01396	0.02350	0.03526	0.75685	0.01387	0.01771	0.01792	0.01337	0.01919	0.01133	0.01493	0.00960	0.00548	0.00590	0.00180	0.00697	0.00528	0.00303	0.00933
78	0.02611	0.01014	0.01365	0.01056	0.01500	0.00874	0.00864	0.02815	0.01669	0.76093	0.02303	0.02019	0.01465	0.00745	0.00599	0.00187	0.00506	0.00593	0.00724	0.01000
79	0.00758	0.00542	0.00707	0.00836	0.00875	0.00501	0.00557	0.00842	0.01132	0.01515	0.03190	0.78888	0.03811	0.01819	0.00753	0.00242	0.00353	0.01634	0.00549	0.00496
80	0.01583	0.79558	0.03020	0.01017	0.01508	0.02283	0.01001	0.01750	0.01198	0.01401	0.00855	0.01000	0.00789	0.00528	0.00393	0.00133	0.00630	0.00326	0.00265	0.00763
81	0.00833	0.00627	0.00756	0.00721	0.00877	0.00560	0.00537	0.01050	0.01563	0.02132	0.55789	0.04668	0.25151	0.01280	0.00698	0.00194	0.00297	0.01096	0.00619	0.00554
82	0.01124	0.00577	0.00578	0.00575	0.00713	0.00569	0.00427	0.01373	0.01235	0.02181	0.01916	0.02203	0.01515	0.00704	0.00426	0.00144	0.00288	0.00551	0.82337	0.00564
83	0.01138	0.01056	0.01750	0.77853	0.03956	0.01300	0.01605	0.01501	0.01180	0.01516	0.01074	0.01601	0.00818	0.00610	0.00596	0.00201	0.00779	0.00526	0.00274	0.00665

[dist]
# distance from previous block
# <min> <max>
0	171

# created by:
# /software/SequenceAnalysis/GenePrediction/augustus/3.0.1/scripts/msa2prfl.pl ./fixed/BUSCOvEOG7CG1NZ.fas
