[name]
unknown

[dist]
# distance from previous block
# <min> <max>
0	128

[block]
# block no. 0 follows, 39 sequences, length 116
# corresponding to MSA columns:
# 132-247
name=unknown_A
#
# <colnr> <probs for GDERKNQSTAVLIFYWHMCP>
#	G	D	E	R	K	N	Q	S	T	A	V	L	I	F	Y	W	H	M	C	P
0	0.01532	0.01460	0.02481	0.03603	0.71782	0.01445	0.04710	0.01865	0.01393	0.01996	0.01190	0.01570	0.01005	0.00576	0.00621	0.00190	0.00737	0.00557	0.00319	0.00966
1	0.01030	0.00737	0.01007	0.01138	0.01280	0.00726	0.00982	0.01279	0.01406	0.01837	0.03181	0.06709	0.03444	0.01671	0.00846	0.00285	0.00569	0.70721	0.00568	0.00584
2	0.00800	0.00577	0.00739	0.00865	0.00914	0.00529	0.00579	0.00883	0.01189	0.01584	0.03432	0.74669	0.07202	0.01871	0.00782	0.00251	0.00368	0.01671	0.00572	0.00522
3	0.02607	0.01145	0.03952	0.01240	0.04972	0.00953	0.00986	0.02834	0.01703	0.69281	0.02295	0.02057	0.01480	0.00765	0.00625	0.00196	0.00550	0.00609	0.00717	0.01033
4	0.01444	0.01650	0.06701	0.07514	0.09743	0.01512	0.56355	0.01897	0.01404	0.01927	0.01237	0.01658	0.00955	0.00573	0.00731	0.00211	0.02655	0.00676	0.00319	0.00838
5	0.01535	0.01453	0.02437	0.03648	0.74693	0.01442	0.01834	0.01862	0.01391	0.01998	0.01186	0.01565	0.01007	0.00577	0.00617	0.00189	0.00726	0.00550	0.00319	0.00972
6	0.02310	0.01701	0.01819	0.01406	0.01881	0.01865	0.01151	0.72744	0.02808	0.03771	0.01490	0.01521	0.01075	0.00758	0.00623	0.00191	0.00674	0.00556	0.00614	0.01040
7	0.82484	0.01194	0.00924	0.00830	0.01199	0.01364	0.00674	0.01786	0.01055	0.02710	0.00901	0.01068	0.00714	0.00599	0.00400	0.00197	0.00483	0.00346	0.00391	0.00679
8	0.02241	0.02785	0.01707	0.01554	0.01864	0.72868	0.01161	0.02434	0.04718	0.01561	0.01052	0.01219	0.00877	0.00667	0.00568	0.00168	0.01060	0.00418	0.00343	0.00734
9	0.00779	0.00656	0.00657	0.00654	0.00859	0.00547	0.00485	0.00907	0.01393	0.01667	0.06007	0.05742	0.74468	0.01536	0.00729	0.00213	0.00327	0.01263	0.00572	0.00540
10	0.00779	0.00656	0.00657	0.00654	0.00859	0.00547	0.00485	0.00907	0.01393	0.01667	0.06007	0.05742	0.74468	0.01536	0.00729	0.00213	0.00327	0.01263	0.00572	0.00540
11	0.02271	0.02849	0.01721	0.01567	0.01876	0.75976	0.01170	0.02402	0.01717	0.01519	0.00991	0.01172	0.00834	0.00659	0.00565	0.00166	0.01085	0.00406	0.00331	0.00724
12	0.01030	0.00737	0.01007	0.01138	0.01280	0.00726	0.00982	0.01279	0.01406	0.01837	0.03181	0.06709	0.03444	0.01671	0.00846	0.00285	0.00569	0.70721	0.00568	0.00584
13	0.02371	0.01602	0.01758	0.01359	0.01832	0.01719	0.01113	0.62023	0.02643	0.14725	0.01629	0.01611	0.01145	0.00761	0.00623	0.00192	0.00652	0.00565	0.00635	0.01040
14	0.02310	0.01701	0.01819	0.01406	0.01881	0.01865	0.01151	0.72744	0.02808	0.03771	0.01490	0.01521	0.01075	0.00758	0.00623	0.00191	0.00674	0.00556	0.00614	0.01040
15	0.00916	0.00662	0.00846	0.00797	0.00942	0.00605	0.00592	0.01171	0.01715	0.02432	0.74403	0.04483	0.05595	0.01251	0.00728	0.00200	0.00307	0.01087	0.00673	0.00598
16	0.02710	0.01059	0.01421	0.01101	0.01561	0.00912	0.00900	0.02916	0.01733	0.75117	0.02393	0.02107	0.01528	0.00780	0.00626	0.00197	0.00529	0.00617	0.00753	0.01041
17	0.02310	0.01701	0.01819	0.01406	0.01881	0.01865	0.01151	0.72744	0.02808	0.03771	0.01490	0.01521	0.01075	0.00758	0.00623	0.00191	0.00674	0.00556	0.00614	0.01040
18	0.02310	0.01701	0.01819	0.01406	0.01881	0.01865	0.01151	0.72744	0.02808	0.03771	0.01490	0.01521	0.01075	0.00758	0.00623	0.00191	0.00674	0.00556	0.00614	0.01040
19	0.00794	0.00655	0.00678	0.00674	0.00869	0.00552	0.00498	0.00934	0.01421	0.01744	0.12978	0.07313	0.65724	0.01515	0.00730	0.00213	0.00326	0.01255	0.00582	0.00545
20	0.01535	0.01453	0.02437	0.03648	0.74693	0.01442	0.01834	0.01862	0.01391	0.01998	0.01186	0.01565	0.01007	0.00577	0.00617	0.00189	0.00726	0.00550	0.00319	0.00972
21	0.82484	0.01194	0.00924	0.00830	0.01199	0.01364	0.00674	0.01786	0.01055	0.02710	0.00901	0.01068	0.00714	0.00599	0.00400	0.00197	0.00483	0.00346	0.00391	0.00679
22	0.00942	0.00689	0.00869	0.00816	0.00969	0.00642	0.00608	0.01255	0.04716	0.02436	0.71400	0.04392	0.05439	0.01234	0.00724	0.00200	0.00315	0.01070	0.00671	0.00613
23	0.00953	0.00933	0.09216	0.00914	0.01137	0.00695	0.00783	0.01247	0.01637	0.02326	0.61326	0.07183	0.04932	0.01217	0.00718	0.00204	0.00383	0.02947	0.00621	0.00629
24	0.02271	0.02849	0.01721	0.01567	0.01876	0.75976	0.01170	0.02402	0.01717	0.01519	0.00991	0.01172	0.00834	0.00659	0.00565	0.00166	0.01085	0.00406	0.00331	0.00724
25	0.01192	0.01103	0.01818	0.76926	0.04094	0.01351	0.01663	0.01562	0.01229	0.01582	0.01126	0.01676	0.00860	0.00641	0.00623	0.00211	0.00810	0.00549	0.00289	0.00695
26	0.01178	0.00609	0.00610	0.00606	0.00750	0.00598	0.00449	0.01430	0.01286	0.02267	0.01993	0.02297	0.01579	0.00737	0.00447	0.00152	0.00304	0.00574	0.81542	0.00591
27	0.00916	0.00662	0.00846	0.00797	0.00942	0.00605	0.00592	0.01171	0.01715	0.02432	0.74403	0.04483	0.05595	0.01251	0.00728	0.00200	0.00307	0.01087	0.00673	0.00598
28	0.00924	0.00690	0.01004	0.01001	0.01113	0.00784	0.00771	0.01112	0.01000	0.01445	0.01652	0.02414	0.01542	0.04439	0.75991	0.00955	0.01596	0.00656	0.00343	0.00568
29	0.09556	0.01655	0.01738	0.01354	0.01820	0.01820	0.01108	0.66331	0.02650	0.03675	0.01437	0.01480	0.01042	0.00744	0.00603	0.00192	0.00657	0.00537	0.00594	0.01007
30	0.01710	0.01282	0.01391	0.01229	0.01585	0.01421	0.00956	0.03137	0.63291	0.12969	0.02455	0.02271	0.01817	0.00839	0.00632	0.00212	0.00499	0.00680	0.00643	0.00981
31	0.01887	0.01491	0.01580	0.01321	0.01720	0.01668	0.01049	0.34422	0.41819	0.03089	0.02027	0.01949	0.01510	0.00808	0.00629	0.00204	0.00575	0.00630	0.00620	0.01002
32	0.01535	0.01453	0.02437	0.03648	0.74693	0.01442	0.01834	0.01862	0.01391	0.01998	0.01186	0.01565	0.01007	0.00577	0.00617	0.00189	0.00726	0.00550	0.00319	0.00972
33	0.02710	0.01059	0.01421	0.01101	0.01561	0.00912	0.00900	0.02916	0.01733	0.75117	0.02393	0.02107	0.01528	0.00780	0.00626	0.00197	0.00529	0.00617	0.00753	0.01041
34	0.02710	0.01059	0.01421	0.01101	0.01561	0.00912	0.00900	0.02916	0.01733	0.75117	0.02393	0.02107	0.01528	0.00780	0.00626	0.00197	0.00529	0.00617	0.00753	0.01041
35	0.00916	0.00662	0.00846	0.00797	0.00942	0.00605	0.00592	0.01171	0.01715	0.02432	0.74403	0.04483	0.05595	0.01251	0.00728	0.00200	0.00307	0.01087	0.00673	0.00598
36	0.00779	0.00656	0.00657	0.00654	0.00859	0.00547	0.00485	0.00907	0.01393	0.01667	0.06007	0.05742	0.74468	0.01536	0.00729	0.00213	0.00327	0.01263	0.00572	0.00540
37	0.82484	0.01194	0.00924	0.00830	0.01199	0.01364	0.00674	0.01786	0.01055	0.02710	0.00901	0.01068	0.00714	0.00599	0.00400	0.00197	0.00483	0.00346	0.00391	0.00679
38	0.00801	0.00573	0.00743	0.00875	0.00917	0.00528	0.00583	0.00882	0.01179	0.01580	0.03308	0.78005	0.03946	0.01887	0.00784	0.00253	0.00370	0.01691	0.00572	0.00521
39	0.01542	0.01319	0.01386	0.01251	0.01589	0.01507	0.00966	0.03174	0.73629	0.02533	0.02466	0.02298	0.01865	0.00849	0.00633	0.00214	0.00494	0.00690	0.00624	0.00971
40	0.01535	0.01453	0.02437	0.03648	0.74693	0.01442	0.01834	0.01862	0.01391	0.01998	0.01186	0.01565	0.01007	0.00577	0.00617	0.00189	0.00726	0.00550	0.00319	0.00972
41	0.02320	0.01686	0.01809	0.01399	0.01874	0.01843	0.01145	0.71080	0.02782	0.05472	0.01512	0.01535	0.01086	0.00759	0.00623	0.00191	0.00671	0.00557	0.00617	0.01040
42	0.00897	0.00656	0.00826	0.00806	0.00946	0.00597	0.00598	0.01124	0.01622	0.02258	0.58581	0.11773	0.11461	0.01355	0.00738	0.00209	0.00326	0.03993	0.00650	0.00585
43	0.02710	0.01059	0.01421	0.01101	0.01561	0.00912	0.00900	0.02916	0.01733	0.75117	0.02393	0.02107	0.01528	0.00780	0.00626	0.00197	0.00529	0.00617	0.00753	0.01041
44	0.02625	0.01098	0.01434	0.01122	0.01575	0.00984	0.00913	0.05529	0.06132	0.68062	0.02363	0.02097	0.01531	0.00783	0.00626	0.00197	0.00532	0.00620	0.00740	0.01037
45	0.01651	0.78684	0.03127	0.01062	0.01569	0.02365	0.01041	0.01818	0.01248	0.01464	0.00900	0.01056	0.00831	0.00557	0.00413	0.00141	0.00656	0.00342	0.00279	0.00796
46	0.00938	0.00633	0.00712	0.00709	0.00720	0.00625	0.00407	0.00925	0.00913	0.01229	0.01919	0.03892	0.02184	0.75902	0.05405	0.00595	0.00631	0.00872	0.00382	0.00406
47	0.00781	0.00650	0.00663	0.00669	0.00863	0.00545	0.00492	0.00905	0.01378	0.01661	0.05817	0.10809	0.69523	0.01561	0.00733	0.00216	0.00330	0.01293	0.00572	0.00538
48	0.01417	0.04487	0.20386	0.02220	0.02836	0.01553	0.48308	0.01897	0.01364	0.01905	0.01195	0.01571	0.00920	0.00603	0.00776	0.00212	0.06568	0.00633	0.00309	0.00840
49	0.01468	0.01640	0.03513	0.02525	0.03123	0.01531	0.72542	0.01940	0.01440	0.01960	0.01269	0.01695	0.00968	0.00549	0.00728	0.00213	0.01016	0.00719	0.00325	0.00834
50	0.82484	0.01194	0.00924	0.00830	0.01199	0.01364	0.00674	0.01786	0.01055	0.02710	0.00901	0.01068	0.00714	0.00599	0.00400	0.00197	0.00483	0.00346	0.00391	0.00679
51	0.00779	0.00656	0.00657	0.00654	0.00859	0.00547	0.00485	0.00907	0.01393	0.01667	0.06007	0.05742	0.74468	0.01536	0.00729	0.00213	0.00327	0.01263	0.00572	0.00540
52	0.01192	0.01103	0.01818	0.76926	0.04094	0.01351	0.01663	0.01562	0.01229	0.01582	0.01126	0.01676	0.00860	0.00641	0.00623	0.00211	0.00810	0.00549	0.00289	0.00695
53	0.01178	0.00609	0.00610	0.00606	0.00750	0.00598	0.00449	0.01430	0.01286	0.02267	0.01993	0.02297	0.01579	0.00737	0.00447	0.00152	0.00304	0.00574	0.81542	0.00591
54	0.02273	0.02810	0.01724	0.01562	0.01876	0.73485	0.01169	0.04766	0.01753	0.01595	0.01007	0.01184	0.00842	0.00662	0.00567	0.00167	0.01071	0.00411	0.00340	0.00734
55	0.01178	0.00609	0.00610	0.00606	0.00750	0.00598	0.00449	0.01430	0.01286	0.02267	0.01993	0.02297	0.01579	0.00737	0.00447	0.00152	0.00304	0.00574	0.81542	0.00591
56	0.00906	0.00661	0.00832	0.00786	0.00936	0.00600	0.00584	0.01152	0.01691	0.02375	0.69305	0.04577	0.10728	0.01272	0.00728	0.00201	0.00309	0.01100	0.00665	0.00593
57	0.01178	0.00609	0.00610	0.00606	0.00750	0.00598	0.00449	0.01430	0.01286	0.02267	0.01993	0.02297	0.01579	0.00737	0.00447	0.00152	0.00304	0.00574	0.81542	0.00591
58	0.01300	0.01103	0.01277	0.00927	0.01454	0.00832	0.00733	0.01540	0.01272	0.01993	0.01126	0.01330	0.00947	0.00489	0.00471	0.00102	0.00464	0.00376	0.00376	0.81887
59	0.78379	0.01270	0.01028	0.00923	0.01300	0.01409	0.00734	0.01900	0.01156	0.05209	0.01074	0.01273	0.00859	0.00685	0.00462	0.00218	0.00526	0.00397	0.00443	0.00753
60	0.01570	0.01332	0.01405	0.01276	0.01610	0.01505	0.00984	0.03137	0.71046	0.02548	0.02521	0.02481	0.01946	0.00901	0.00658	0.00224	0.00511	0.02727	0.00636	0.00981
61	0.00837	0.00604	0.00790	0.00744	0.00883	0.00558	0.00558	0.01116	0.01674	0.02371	0.75216	0.04417	0.05580	0.01209	0.00697	0.00186	0.00279	0.01069	0.00651	0.00558
62	0.01581	0.79572	0.03099	0.01012	0.01518	0.02340	0.01012	0.01771	0.01202	0.01391	0.00822	0.00949	0.00759	0.00506	0.00379	0.00126	0.00632	0.00316	0.00253	0.00759
63	0.01471	0.01270	0.01337	0.01203	0.01538	0.01471	0.00936	0.03142	0.74459	0.02474	0.02407	0.02206	0.01805	0.00802	0.00602	0.00201	0.00468	0.00669	0.00602	0.00936
64	0.01226	0.01051	0.01226	0.00876	0.01401	0.00788	0.00701	0.01489	0.01226	0.01927	0.01051	0.01226	0.00876	0.00438	0.00438	0.00088	0.00438	0.00350	0.00350	0.82832
65	0.02248	0.01656	0.01775	0.01361	0.01834	0.01834	0.01124	0.73556	0.02780	0.03727	0.01420	0.01420	0.01006	0.00710	0.00592	0.00177	0.00651	0.00532	0.00592	0.01006
66	0.00721	0.00515	0.00686	0.00823	0.00858	0.00480	0.00549	0.00823	0.01132	0.01510	0.03259	0.78831	0.03911	0.01853	0.00755	0.00240	0.00343	0.01681	0.00549	0.00480
67	0.01318	0.01435	0.02930	0.21405	0.03222	0.01474	0.49832	0.01762	0.01305	0.01762	0.01128	0.01568	0.00861	0.00563	0.00765	0.00203	0.06790	0.00641	0.00287	0.00751
68	0.11683	0.10837	0.55550	0.01536	0.02294	0.01475	0.05112	0.01846	0.01220	0.01922	0.01012	0.01196	0.00743	0.00551	0.00524	0.00181	0.00801	0.00421	0.00267	0.00829
69	0.01117	0.01051	0.01774	0.77795	0.04073	0.01314	0.01642	0.01511	0.01182	0.01511	0.01051	0.01577	0.00788	0.00591	0.00591	0.00197	0.00788	0.00526	0.00263	0.00657
70	0.00699	0.00599	0.00599	0.00599	0.00799	0.00499	0.00449	0.00849	0.01348	0.01598	0.05991	0.05691	0.75288	0.01498	0.00699	0.00200	0.00300	0.01248	0.00549	0.00499
71	0.01393	0.01629	0.05531	0.02521	0.06380	0.01488	0.68066	0.01890	0.01389	0.01895	0.01189	0.01579	0.00895	0.00502	0.00689	0.00198	0.00980	0.00683	0.00297	0.00806
72	0.02567	0.01051	0.03368	0.01061	0.01522	0.00875	0.00896	0.02809	0.01680	0.72037	0.04190	0.02055	0.01551	0.00740	0.00596	0.00183	0.00507	0.00603	0.00717	0.00991
73	0.01223	0.01187	0.02057	0.61252	0.03791	0.02270	0.13502	0.04556	0.01290	0.01665	0.01089	0.01567	0.00815	0.00581	0.00608	0.00196	0.00821	0.00553	0.00283	0.00695
74	0.11276	0.05330	0.07936	0.00942	0.01465	0.00979	0.00838	0.01551	0.01198	0.01972	0.01070	0.03195	0.00908	0.00503	0.00445	0.00114	0.00487	0.00387	0.00343	0.59060
75	0.02014	0.26683	0.02118	0.01364	0.01732	0.53678	0.01102	0.02178	0.01528	0.01430	0.00886	0.01030	0.00761	0.00577	0.00485	0.00144	0.00932	0.00361	0.00289	0.00708
76	0.01234	0.01058	0.01230	0.00887	0.01406	0.00811	0.00708	0.01543	0.03633	0.01945	0.01096	0.01258	0.00906	0.00450	0.00443	0.00091	0.00439	0.00361	0.00359	0.80141
77	0.01240	0.06318	0.61932	0.01858	0.07877	0.01429	0.07500	0.01866	0.01265	0.01857	0.01064	0.01277	0.00774	0.00552	0.00566	0.00185	0.00860	0.00458	0.00257	0.00868
78	0.01260	0.02555	0.51478	0.02006	0.05727	0.01411	0.23366	0.01877	0.01296	0.01882	0.01104	0.01361	0.00801	0.00542	0.00603	0.00190	0.00904	0.00518	0.00266	0.00854
79	0.05858	0.01003	0.01339	0.01034	0.01481	0.00881	0.00853	0.02797	0.01665	0.71362	0.03887	0.02024	0.01522	0.00735	0.00588	0.00183	0.00496	0.00594	0.00715	0.00982
80	0.00877	0.00722	0.01138	0.17777	0.01717	0.00768	0.05614	0.01075	0.01119	0.01492	0.02336	0.42112	0.02607	0.07494	0.10022	0.00338	0.00650	0.01177	0.00428	0.00537
81	0.01967	0.01828	0.01964	0.02222	0.28883	0.20351	0.01372	0.26607	0.01935	0.05401	0.01217	0.01372	0.00938	0.00619	0.00575	0.00171	0.00768	0.00495	0.00416	0.00901
82	0.01604	0.61016	0.02647	0.01025	0.01474	0.06695	0.00968	0.03491	0.03179	0.03490	0.01022	0.01157	0.00885	0.00672	0.02921	0.00161	0.00659	0.00368	0.05817	0.00750
83	0.00854	0.00571	0.00647	0.00652	0.00654	0.00570	0.00366	0.00859	0.00871	0.01161	0.01919	0.06883	0.02221	0.76107	0.02919	0.00560	0.00564	0.00893	0.00366	0.00363
84	0.00767	0.00548	0.00739	0.00876	0.00931	0.00520	0.00629	0.00903	0.01178	0.01561	0.03234	0.64528	0.03811	0.01809	0.00767	0.00247	0.00383	0.15529	0.00548	0.00493
85	0.01857	0.01378	0.02030	0.02663	0.46602	0.05222	0.01472	0.05127	0.03499	0.22021	0.01480	0.01610	0.01097	0.00602	0.00586	0.00177	0.00659	0.00542	0.00433	0.00945
86	0.01117	0.01051	0.01774	0.77795	0.04073	0.01314	0.01642	0.01511	0.01182	0.01511	0.01051	0.01577	0.00788	0.00591	0.00591	0.00197	0.00788	0.00526	0.00263	0.00657
87	0.01396	0.01595	0.03490	0.02493	0.03091	0.01496	0.73380	0.01894	0.01396	0.01894	0.01196	0.01595	0.00897	0.00499	0.00698	0.00199	0.00997	0.00698	0.00299	0.00798
88	0.01405	0.01346	0.02295	0.16106	0.63508	0.01390	0.01786	0.01764	0.01319	0.01861	0.01102	0.01483	0.00912	0.00538	0.00586	0.00179	0.00717	0.00527	0.00288	0.00890
89	0.01396	0.01202	0.01269	0.01153	0.01471	0.01373	0.00898	0.02911	0.66756	0.02386	0.02708	0.02600	0.07615	0.00879	0.00615	0.00202	0.00457	0.02620	0.00596	0.00891
90	0.83394	0.01144	0.00869	0.00778	0.01144	0.01327	0.00640	0.01738	0.01006	0.02653	0.00823	0.00961	0.00640	0.00549	0.00366	0.00183	0.00457	0.00320	0.00366	0.00640
91	0.01117	0.01051	0.01774	0.77795	0.04073	0.01314	0.01642	0.01511	0.01182	0.01511	0.01051	0.01577	0.00788	0.00591	0.00591	0.00197	0.00788	0.00526	0.00263	0.00657
92	0.00873	0.00597	0.00729	0.00775	0.00813	0.00594	0.00528	0.00952	0.01012	0.01338	0.02303	0.10457	0.02615	0.52937	0.02262	0.00469	0.00548	0.19362	0.00422	0.00416
93	0.02410	0.00935	0.01243	0.00974	0.01381	0.00819	0.00798	0.02646	0.01622	0.64363	0.02270	0.02043	0.01472	0.00725	0.00566	0.00176	0.00467	0.00588	0.13567	0.00935
94	0.01512	0.01291	0.01360	0.01212	0.01553	0.01490	0.00946	0.06822	0.70714	0.02539	0.02355	0.02165	0.01763	0.00797	0.00601	0.00199	0.00478	0.00661	0.00601	0.00940
95	0.02565	0.00997	0.01353	0.01039	0.01490	0.00859	0.00856	0.02796	0.01680	0.71941	0.04275	0.02057	0.01560	0.00737	0.00593	0.00180	0.00495	0.00601	0.00719	0.03207
96	0.01197	0.05243	0.74067	0.01666	0.02530	0.01401	0.02151	0.01870	0.01247	0.01859	0.01054	0.01240	0.00749	0.00560	0.00557	0.00186	0.00867	0.00434	0.00250	0.00871
97	0.01186	0.03059	0.76153	0.01686	0.02560	0.01373	0.02185	0.01873	0.01249	0.01873	0.01061	0.01249	0.00749	0.00562	0.00562	0.00187	0.00874	0.00437	0.00250	0.00874
98	0.00784	0.00602	0.00717	0.00688	0.00851	0.00535	0.00516	0.01013	0.01548	0.02073	0.48551	0.04908	0.32431	0.01320	0.00698	0.00191	0.00287	0.01138	0.00612	0.00535
99	0.02653	0.01006	0.01372	0.01052	0.01510	0.00869	0.00869	0.02882	0.01693	0.75937	0.02333	0.02013	0.01464	0.00732	0.00595	0.00183	0.00503	0.00595	0.00732	0.01006
100	0.00917	0.00760	0.01130	0.01115	0.01202	0.00839	0.05252	0.01088	0.01132	0.01551	0.02519	0.40869	0.02863	0.01809	0.07588	0.00308	0.14497	0.13556	0.00461	0.00545
101	0.00721	0.00515	0.00686	0.00823	0.00858	0.00480	0.00549	0.00823	0.01132	0.01510	0.03259	0.78831	0.03911	0.01853	0.00755	0.00240	0.00343	0.01681	0.00549	0.00480
102	0.01091	0.00552	0.00555	0.00555	0.00687	0.00552	0.00411	0.01354	0.01223	0.02157	0.01926	0.02281	0.01545	0.04271	0.00532	0.00158	0.00289	0.00565	0.78753	0.00542
103	0.00837	0.00604	0.00790	0.00744	0.00883	0.00558	0.00558	0.01116	0.01674	0.02371	0.75216	0.04417	0.05580	0.01209	0.00697	0.00186	0.00279	0.01069	0.00651	0.00558
104	0.00845	0.00634	0.00950	0.00950	0.01056	0.00739	0.00739	0.01056	0.00950	0.01373	0.01584	0.02323	0.01478	0.04435	0.76873	0.00950	0.01584	0.00634	0.00317	0.00528
105	0.00721	0.00515	0.00686	0.00823	0.00858	0.00480	0.00549	0.00823	0.01132	0.01510	0.03259	0.78831	0.03911	0.01853	0.00755	0.00240	0.00343	0.01681	0.00549	0.00480
106	0.02653	0.01006	0.01372	0.01052	0.01510	0.00869	0.00869	0.02882	0.01693	0.75937	0.02333	0.02013	0.01464	0.00732	0.00595	0.00183	0.00503	0.00595	0.00732	0.01006
107	0.02248	0.01656	0.01775	0.01361	0.01834	0.01834	0.01124	0.73556	0.02780	0.03727	0.01420	0.01420	0.01006	0.00710	0.00592	0.00177	0.00651	0.00532	0.00592	0.01006
108	0.01563	0.76082	0.06431	0.01043	0.01565	0.02296	0.01065	0.01775	0.01204	0.01413	0.00833	0.00962	0.00758	0.00508	0.00388	0.00129	0.00643	0.00322	0.00253	0.00764
109	0.01186	0.03059	0.76153	0.01686	0.02560	0.01373	0.02185	0.01873	0.01249	0.01873	0.01061	0.01249	0.00749	0.00562	0.00562	0.00187	0.00874	0.00437	0.00250	0.00874
110	0.02216	0.01691	0.01835	0.01407	0.01880	0.04166	0.03780	0.68697	0.02695	0.03588	0.01396	0.01415	0.00994	0.00699	0.00594	0.00177	0.00676	0.00534	0.00572	0.00988
111	0.02511	0.01082	0.03703	0.01071	0.01540	0.00904	0.00907	0.02809	0.04346	0.68192	0.02249	0.01967	0.01433	0.00718	0.00588	0.00180	0.00511	0.00584	0.00698	0.04007
112	0.00845	0.00631	0.00939	0.00939	0.01041	0.00733	0.00725	0.01049	0.00947	0.01364	0.01594	0.02380	0.01503	0.07194	0.74149	0.00937	0.01547	0.00642	0.00318	0.00522
113	0.00866	0.00646	0.00869	0.00833	0.00994	0.00601	0.02884	0.01133	0.01550	0.02140	0.48187	0.04817	0.14246	0.01281	0.00708	0.00202	0.00351	0.13519	0.03616	0.00555
114	0.01522	0.01339	0.01363	0.01220	0.01558	0.04253	0.00950	0.05315	0.69544	0.02475	0.02321	0.02140	0.01742	0.00792	0.00599	0.00198	0.00496	0.00654	0.00591	0.00929
115	0.83394	0.01144	0.00869	0.00778	0.01144	0.01327	0.00640	0.01738	0.01006	0.02653	0.00823	0.00961	0.00640	0.00549	0.00366	0.00183	0.00457	0.00320	0.00366	0.00640

[dist]
# distance from previous block
# <min> <max>
5	9

[block]
# block no. 1 follows, 39 sequences, length 6
# corresponding to MSA columns:
# 260-265
name=unknown_B
#
# <colnr> <probs for GDERKNQSTAVLIFYWHMCP>
#	G	D	E	R	K	N	Q	S	T	A	V	L	I	F	Y	W	H	M	C	P
0	0.01778	0.56514	0.02707	0.01115	0.01611	0.02190	0.01045	0.23015	0.01669	0.02083	0.00999	0.01088	0.00832	0.00566	0.00442	0.00142	0.00638	0.00380	0.00353	0.00832
1	0.59077	0.01116	0.00975	0.00807	0.01220	0.01167	0.00658	0.01665	0.01071	0.02438	0.00891	0.01039	0.00710	0.00516	0.00387	0.00155	0.00452	0.00329	0.00361	0.24964
2	0.54031	0.01138	0.01079	0.00898	0.01298	0.01225	0.00741	0.06917	0.01329	0.24413	0.01310	0.01303	0.00909	0.00614	0.00449	0.00183	0.00484	0.00416	0.00489	0.00773
3	0.01027	0.00514	0.00770	0.00770	0.00770	0.00514	0.00514	0.00770	0.00770	0.01027	0.01027	0.01798	0.01027	0.02054	0.02311	0.82794	0.00514	0.00514	0.00257	0.00257
4	0.08517	0.01845	0.01607	0.08191	0.01921	0.23879	0.01101	0.34566	0.04988	0.02656	0.01250	0.01356	0.00938	0.00660	0.00550	0.00172	0.00748	0.00476	0.03752	0.00829
5	0.00712	0.00546	0.00653	0.00739	0.00836	0.00487	0.00512	0.00833	0.01213	0.01543	0.04285	0.51364	0.30716	0.01719	0.00734	0.00225	0.00327	0.01519	0.00549	0.00487

[dist]
# distance from previous block
# <min> <max>
0	0

# created by:
# /software/SequenceAnalysis/GenePrediction/augustus/3.0.1/scripts/msa2prfl.pl ./fixed/BUSCOvEOG7J12PX.fas
