[name]
unknown

[dist]
# distance from previous block
# <min> <max>
0	191

[block]
# block no. 0 follows, 41 sequences, length 69
# corresponding to MSA columns:
# 194-262
name=unknown_A
#
# <colnr> <probs for GDERKNQSTAVLIFYWHMCP>
#	G	D	E	R	K	N	Q	S	T	A	V	L	I	F	Y	W	H	M	C	P
0	0.00817	0.00584	0.00801	0.00934	0.01019	0.00568	0.00740	0.01004	0.01213	0.01594	0.03086	0.40516	0.03521	0.01679	0.00762	0.00249	0.00436	0.39450	0.00529	0.00498
1	0.32668	0.06715	0.01476	0.01083	0.01504	0.01624	0.00905	0.42356	0.01946	0.03065	0.01119	0.01177	0.00825	0.00615	0.00477	0.00170	0.00558	0.00424	0.00469	0.00825
2	0.00750	0.00544	0.00706	0.00794	0.00819	0.00542	0.00527	0.00830	0.01031	0.01385	0.02767	0.60489	0.03296	0.17655	0.01227	0.00299	0.03999	0.01412	0.00480	0.00448
3	0.03036	0.00547	0.00540	0.00538	0.00677	0.00551	0.00405	0.01341	0.01194	0.02143	0.01840	0.02104	0.01446	0.00663	0.00399	0.00134	0.00271	0.00528	0.81107	0.00535
4	0.01066	0.00533	0.00533	0.00533	0.00666	0.00533	0.00400	0.01333	0.01200	0.02132	0.01866	0.02132	0.01466	0.00666	0.00400	0.00133	0.00267	0.00533	0.83073	0.00533
5	0.01087	0.01021	0.01720	0.78444	0.03942	0.01274	0.01590	0.01466	0.01148	0.01468	0.01023	0.01534	0.00769	0.00576	0.00575	0.00192	0.00764	0.00510	0.00257	0.00639
6	0.00713	0.00510	0.00677	0.00795	0.00837	0.00475	0.00535	0.00824	0.01141	0.01532	0.08878	0.73543	0.03913	0.01746	0.00728	0.00229	0.00329	0.01581	0.00541	0.00474
7	0.00704	0.00503	0.00669	0.00801	0.00835	0.00469	0.00534	0.00802	0.01099	0.01467	0.03157	0.79450	0.03786	0.01795	0.00733	0.00233	0.00334	0.01627	0.00533	0.00468
8	0.01305	0.01465	0.03165	0.02287	0.02823	0.01373	0.68389	0.01755	0.01334	0.01809	0.01320	0.07673	0.01103	0.00590	0.00682	0.00197	0.00916	0.00752	0.00311	0.00751
9	0.02067	0.02338	0.01688	0.01462	0.01798	0.53962	0.04065	0.18538	0.01842	0.01936	0.01105	0.01373	0.00912	0.00654	0.00550	0.00161	0.00918	0.03528	0.00370	0.00735
10	0.01073	0.00538	0.00538	0.00538	0.00672	0.00537	0.00403	0.01338	0.01204	0.02138	0.01872	0.02141	0.01472	0.00671	0.00403	0.00135	0.00269	0.00535	0.82986	0.00537
11	0.04182	0.02229	0.10228	0.07593	0.05237	0.41332	0.04212	0.07107	0.05734	0.01759	0.01056	0.01227	0.00832	0.00588	0.00534	0.00161	0.00869	0.00429	0.00326	0.04365
12	0.01549	0.68797	0.08718	0.01057	0.01572	0.02159	0.01078	0.06624	0.01273	0.01541	0.00859	0.00981	0.00756	0.00511	0.00398	0.00132	0.00633	0.00331	0.00269	0.00762
13	0.01506	0.74095	0.08804	0.01034	0.01552	0.02192	0.01070	0.01725	0.01170	0.01389	0.00820	0.00950	0.00740	0.00498	0.00384	0.00128	0.00632	0.00317	0.00247	0.00746
14	0.11007	0.01581	0.01624	0.01263	0.01706	0.03606	0.01040	0.64705	0.02480	0.03442	0.01305	0.01326	0.00935	0.00672	0.00550	0.00173	0.00621	0.00491	0.00544	0.00930
15	0.00804	0.00577	0.00740	0.00836	0.00899	0.00557	0.00572	0.05762	0.01207	0.01611	0.03037	0.74184	0.03597	0.01721	0.00722	0.00229	0.00354	0.01552	0.00536	0.00503
16	0.02145	0.02653	0.01631	0.01467	0.01773	0.72414	0.01106	0.07148	0.01697	0.01555	0.00924	0.01064	0.00759	0.00600	0.00522	0.00150	0.01006	0.00381	0.00316	0.00687
17	0.00817	0.00590	0.00770	0.00724	0.00860	0.00544	0.00543	0.01084	0.01623	0.02299	0.75954	0.04279	0.05399	0.01173	0.00677	0.00181	0.00272	0.01036	0.00632	0.00543
18	0.02491	0.01039	0.01361	0.01052	0.01491	0.00943	0.00866	0.08425	0.04901	0.67704	0.02196	0.01918	0.01401	0.00714	0.00578	0.00179	0.00499	0.00576	0.00694	0.00974
19	0.00732	0.00525	0.00694	0.00782	0.00841	0.00488	0.00536	0.00872	0.01230	0.01675	0.21353	0.60661	0.04189	0.01640	0.00719	0.00220	0.00319	0.01479	0.00558	0.00487
20	0.01193	0.01021	0.01191	0.00852	0.01360	0.00766	0.00681	0.01445	0.01190	0.01870	0.01023	0.01195	0.00854	0.00428	0.00427	0.00086	0.00426	0.00341	0.00341	0.83309
21	0.00914	0.00653	0.00909	0.01041	0.01166	0.00649	0.00898	0.01164	0.01306	0.01701	0.03041	0.11379	0.03329	0.01598	0.00789	0.00262	0.00516	0.67631	0.00529	0.00526
22	0.01087	0.01021	0.01720	0.78444	0.03942	0.01274	0.01590	0.01466	0.01148	0.01468	0.01023	0.01534	0.00769	0.00576	0.00575	0.00192	0.00764	0.00510	0.00257	0.00639
23	0.00929	0.00663	0.00927	0.01058	0.01190	0.00662	0.00924	0.01190	0.01321	0.01718	0.03033	0.06456	0.03296	0.01583	0.00793	0.00264	0.00529	0.72405	0.00529	0.00530
24	0.00704	0.00503	0.00669	0.00801	0.00835	0.00469	0.00534	0.00802	0.01099	0.01467	0.03157	0.79450	0.03786	0.01795	0.00733	0.00233	0.00334	0.01627	0.00533	0.00468
25	0.01154	0.02961	0.76857	0.01634	0.02479	0.01332	0.02115	0.01816	0.01212	0.01817	0.01033	0.01217	0.00731	0.00548	0.00546	0.00182	0.00847	0.00425	0.00244	0.00849
26	0.00791	0.00589	0.00734	0.00697	0.00844	0.00533	0.00523	0.01035	0.01562	0.02155	0.62439	0.04516	0.19004	0.01227	0.00678	0.00184	0.00276	0.01069	0.00613	0.00532
27	0.00839	0.00560	0.00629	0.00629	0.00629	0.00559	0.00350	0.00837	0.00836	0.01116	0.01808	0.03750	0.02085	0.79817	0.02912	0.00555	0.00557	0.00834	0.00349	0.00350
28	0.02160	0.01596	0.01710	0.01316	0.01771	0.01767	0.01085	0.72476	0.04597	0.03577	0.01405	0.01402	0.00999	0.00693	0.00575	0.00173	0.00627	0.00521	0.00574	0.00974
29	0.02151	0.01592	0.01705	0.01314	0.01767	0.01763	0.01083	0.71634	0.05453	0.03563	0.01416	0.01411	0.01008	0.00694	0.00575	0.00174	0.00625	0.00522	0.00575	0.00973
30	0.01184	0.02755	0.66127	0.01748	0.02554	0.01349	0.12638	0.01819	0.01233	0.01821	0.01052	0.01266	0.00752	0.00539	0.00566	0.00184	0.00865	0.00462	0.00251	0.00838
31	0.01791	0.06144	0.01730	0.17471	0.07236	0.48207	0.01222	0.03320	0.01500	0.01525	0.03986	0.01301	0.00953	0.00605	0.00534	0.00160	0.00894	0.00436	0.00304	0.00682
32	0.01410	0.01217	0.01280	0.01154	0.01474	0.01402	0.00896	0.02986	0.73348	0.02377	0.02421	0.02228	0.03633	0.00797	0.00587	0.00195	0.00451	0.00663	0.00583	0.00898
33	0.00824	0.00618	0.00924	0.00924	0.01027	0.00719	0.00718	0.01026	0.00924	0.01334	0.01538	0.02255	0.01436	0.04290	0.77551	0.00920	0.01533	0.00615	0.00309	0.00514
34	0.00758	0.00542	0.00705	0.00807	0.00859	0.00514	0.00547	0.02962	0.01175	0.01577	0.07985	0.70386	0.03775	0.03496	0.00774	0.00236	0.00344	0.01537	0.00537	0.00485
35	0.01318	0.01055	0.01219	0.00890	0.01378	0.00851	0.00715	0.08237	0.01353	0.05056	0.01317	0.01433	0.04191	0.00509	0.00458	0.00103	0.00442	0.00405	0.00386	0.68686
36	0.00948	0.00619	0.00796	0.00735	0.00892	0.00565	0.00551	0.01191	0.01569	0.08042	0.62496	0.04146	0.09205	0.04785	0.00773	0.00199	0.00304	0.01001	0.00619	0.00565
37	0.00702	0.00513	0.00658	0.00774	0.00828	0.00471	0.00522	0.00805	0.01126	0.01477	0.03487	0.70192	0.12830	0.01752	0.00726	0.00229	0.00329	0.01575	0.00533	0.00471
38	0.07806	0.01418	0.02790	0.04727	0.02622	0.01356	0.54129	0.01747	0.01280	0.01871	0.01099	0.01448	0.00844	0.00504	0.00659	0.00181	0.03535	0.00594	0.00300	0.11086
39	0.01536	0.80161	0.03000	0.00983	0.01473	0.02266	0.00981	0.01717	0.01166	0.01352	0.00802	0.00927	0.00741	0.00494	0.00370	0.00124	0.00614	0.00308	0.00247	0.00737
40	0.02365	0.01092	0.04811	0.01057	0.01500	0.00920	0.00903	0.05934	0.04658	0.63598	0.05400	0.02005	0.01558	0.00727	0.00581	0.00179	0.00501	0.00591	0.00674	0.00949
41	0.08346	0.08116	0.04780	0.01308	0.01730	0.23345	0.01092	0.39581	0.02076	0.02652	0.01137	0.01209	0.00856	0.00630	0.00525	0.00163	0.00739	0.00439	0.00439	0.00837
42	0.01121	0.00906	0.01056	0.01029	0.02889	0.07126	0.00778	0.09078	0.01212	0.01689	0.01495	0.02029	0.01322	0.03100	0.52378	0.00669	0.01232	0.00573	0.09729	0.00588
43	0.00817	0.00590	0.00770	0.00724	0.00860	0.00544	0.00543	0.01084	0.01623	0.02299	0.75954	0.04279	0.05399	0.01173	0.00677	0.00181	0.00272	0.01036	0.00632	0.00543
44	0.01586	0.00794	0.01038	0.00878	0.01153	0.00727	0.00692	0.01923	0.06534	0.33159	0.40470	0.03172	0.03505	0.00956	0.00630	0.00181	0.00374	0.00820	0.00661	0.00747
45	0.02180	0.01606	0.01721	0.01320	0.01778	0.01777	0.01090	0.74349	0.02692	0.03609	0.01380	0.01382	0.00979	0.00691	0.00575	0.00173	0.00632	0.00517	0.00574	0.00976
46	0.00760	0.00556	0.00712	0.00739	0.00842	0.00510	0.00528	0.00950	0.01391	0.01905	0.40996	0.32860	0.12243	0.01438	0.00698	0.00202	0.00298	0.01278	0.00584	0.00509
47	0.00693	0.00568	0.00609	0.00634	0.00793	0.00486	0.00462	0.00832	0.01278	0.01565	0.08109	0.20527	0.58433	0.01511	0.00690	0.00202	0.00300	0.01287	0.00537	0.00485
48	0.01154	0.02961	0.76857	0.01634	0.02479	0.01332	0.02115	0.01816	0.01212	0.01817	0.01033	0.01217	0.00731	0.00548	0.00546	0.00182	0.00847	0.00425	0.00244	0.00849
49	0.01357	0.01547	0.03377	0.02414	0.02992	0.01450	0.74176	0.01836	0.01354	0.01838	0.01164	0.01552	0.00874	0.00487	0.00678	0.00194	0.00966	0.00677	0.00292	0.00775
50	0.00692	0.00585	0.00597	0.00594	0.00784	0.00491	0.00445	0.00844	0.01329	0.01602	0.10557	0.05426	0.71231	0.01433	0.00679	0.00193	0.00291	0.01197	0.00540	0.00490
51	0.00704	0.00503	0.00669	0.00801	0.00835	0.00469	0.00534	0.00802	0.01099	0.01467	0.03157	0.79450	0.03786	0.01795	0.00733	0.00233	0.00334	0.01627	0.00533	0.00468
52	0.01258	0.01256	0.01756	0.01506	0.01506	0.01755	0.01254	0.01381	0.00881	0.01383	0.00758	0.01261	0.00757	0.01005	0.01879	0.00251	0.78769	0.00503	0.00253	0.00629
53	0.00931	0.00696	0.00987	0.00955	0.01086	0.00802	0.00747	0.06788	0.01063	0.01513	0.01526	0.02187	0.01400	0.04008	0.71502	0.00861	0.01462	0.00607	0.00330	0.00551
54	0.00916	0.00655	0.00909	0.01020	0.01153	0.00649	0.00881	0.01178	0.01355	0.01784	0.11317	0.06208	0.03535	0.01537	0.00780	0.00255	0.00500	0.64297	0.00540	0.00532
55	0.00734	0.00587	0.00655	0.00638	0.00809	0.00509	0.00478	0.00925	0.01428	0.01836	0.32509	0.05041	0.49132	0.01346	0.00678	0.00189	0.00285	0.01143	0.00571	0.00508
56	0.01336	0.01486	0.03035	0.02222	0.02679	0.01514	0.58787	0.01740	0.01254	0.01742	0.01078	0.01490	0.00850	0.00596	0.00931	0.00206	0.17385	0.00640	0.00283	0.00744
57	0.01789	0.01985	0.01901	0.02266	0.31403	0.35790	0.01363	0.06699	0.04713	0.01776	0.01055	0.01273	0.00870	0.00594	0.00604	0.00166	0.04186	0.00454	0.00321	0.00792
58	0.83856	0.01111	0.00846	0.00757	0.01111	0.01287	0.00622	0.01686	0.00978	0.02572	0.00803	0.00939	0.00626	0.00536	0.00357	0.00178	0.00445	0.00312	0.00356	0.00623
59	0.00825	0.00615	0.00911	0.00910	0.01008	0.00712	0.00701	0.01018	0.00920	0.01324	0.01551	0.02324	0.01466	0.07778	0.74105	0.00903	0.01488	0.00625	0.00311	0.00507
60	0.00824	0.00618	0.00924	0.00924	0.01027	0.00719	0.00718	0.01026	0.00924	0.01334	0.01538	0.02255	0.01436	0.04290	0.77551	0.00920	0.01533	0.00615	0.00309	0.00514
61	0.01102	0.01036	0.01746	0.75152	0.07119	0.01278	0.01598	0.01479	0.01155	0.01486	0.01026	0.01529	0.00775	0.00574	0.00574	0.00191	0.00761	0.00511	0.00258	0.00651
62	0.02191	0.01588	0.01709	0.01312	0.01769	0.01750	0.01083	0.72267	0.02661	0.05734	0.01405	0.01399	0.00992	0.00692	0.00575	0.00173	0.00627	0.00519	0.00578	0.00976
63	0.00768	0.00550	0.00714	0.00823	0.00876	0.00525	0.00558	0.03965	0.01168	0.01559	0.03081	0.76092	0.03666	0.01748	0.00726	0.00231	0.00347	0.01579	0.00535	0.00490
64	0.00818	0.00617	0.00910	0.00909	0.01016	0.00709	0.00706	0.01018	0.00940	0.01344	0.01721	0.02395	0.04644	0.04168	0.74245	0.00888	0.01480	0.00640	0.00318	0.00513
65	0.00918	0.00605	0.00759	0.00806	0.00919	0.00562	0.00569	0.04206	0.01267	0.07520	0.06762	0.55464	0.14294	0.01582	0.00703	0.00218	0.00350	0.01406	0.00553	0.00537
66	0.00709	0.00507	0.00673	0.00798	0.00836	0.00472	0.00534	0.00814	0.01122	0.01502	0.06288	0.76217	0.03856	0.01768	0.00730	0.00231	0.00332	0.01602	0.00537	0.00472
67	0.00726	0.00586	0.00643	0.00629	0.00804	0.00505	0.00471	0.00908	0.01408	0.01789	0.28064	0.05119	0.53607	0.01364	0.00678	0.00190	0.00286	0.01154	0.00564	0.00505
68	0.02142	0.02729	0.01625	0.01478	0.01773	0.77523	0.01108	0.02288	0.01625	0.01406	0.00891	0.01041	0.00743	0.00594	0.00519	0.00149	0.01033	0.00371	0.00297	0.00667

[dist]
# distance from previous block
# <min> <max>
0	10

[block]
# block no. 1 follows, 41 sequences, length 81
# corresponding to MSA columns:
# 273-353
name=unknown_B
#
# <colnr> <probs for GDERKNQSTAVLIFYWHMCP>
#	G	D	E	R	K	N	Q	S	T	A	V	L	I	F	Y	W	H	M	C	P
0	0.07294	0.74707	0.02846	0.00963	0.01443	0.02195	0.00954	0.01711	0.01149	0.01431	0.00795	0.00918	0.00726	0.00492	0.00366	0.00126	0.00600	0.00306	0.00252	0.00726
1	0.01103	0.03811	0.00915	0.00847	0.01000	0.00662	0.00621	0.01329	0.05222	0.14511	0.11819	0.48227	0.04846	0.01417	0.00673	0.00209	0.00368	0.01260	0.00565	0.00596
2	0.01900	0.01416	0.01549	0.01185	0.01637	0.01479	0.00969	0.53898	0.02270	0.04332	0.01379	0.04457	0.01064	0.00672	0.00545	0.00155	0.00569	0.00521	0.00520	0.19483
3	0.01299	0.01135	0.01700	0.61159	0.03442	0.01371	0.01469	0.15243	0.04159	0.01899	0.01132	0.01519	0.00838	0.00601	0.00572	0.00187	0.00726	0.00515	0.00326	0.00709
4	0.00789	0.00584	0.00736	0.00698	0.00842	0.00531	0.00523	0.01039	0.01570	0.02178	0.65150	0.04463	0.16347	0.01213	0.00675	0.00182	0.00273	0.01061	0.00614	0.00531
5	0.01188	0.01025	0.01207	0.00871	0.01361	0.00798	0.00698	0.01438	0.01175	0.01846	0.01007	0.01188	0.00844	0.00444	0.00476	0.00091	0.03258	0.00345	0.00336	0.80403
6	0.00702	0.00563	0.00629	0.00667	0.00813	0.00491	0.00491	0.00848	0.01269	0.01573	0.08810	0.24238	0.50067	0.01527	0.00696	0.00206	0.00312	0.05079	0.00536	0.00484
7	0.02566	0.00973	0.01327	0.01018	0.01460	0.00841	0.00841	0.02788	0.01637	0.76726	0.02257	0.01947	0.01416	0.00708	0.00575	0.00177	0.00487	0.00575	0.00708	0.00973
8	0.01573	0.01637	0.05200	0.02886	0.52086	0.11442	0.05488	0.09205	0.01484	0.01979	0.01083	0.01359	0.00881	0.00538	0.00565	0.00169	0.00743	0.00497	0.00313	0.00871
9	0.01016	0.00869	0.00908	0.00848	0.01096	0.00905	0.00650	0.01824	0.34306	0.01965	0.08176	0.03933	0.39000	0.01133	0.00634	0.00193	0.00361	0.00948	0.00559	0.00674
10	0.00697	0.00498	0.00664	0.00796	0.00830	0.00465	0.00531	0.00796	0.01095	0.01460	0.03153	0.79525	0.03783	0.01792	0.00730	0.00232	0.00332	0.01626	0.00531	0.00465
11	0.00697	0.00498	0.00664	0.00796	0.00830	0.00465	0.00531	0.00796	0.01095	0.01460	0.03153	0.79525	0.03783	0.01792	0.00730	0.00232	0.00332	0.01626	0.00531	0.00465
12	0.01147	0.02959	0.76934	0.01630	0.02476	0.01328	0.02113	0.01811	0.01208	0.01811	0.01026	0.01208	0.00725	0.00543	0.00543	0.00181	0.00845	0.00423	0.00242	0.00845
13	0.01938	0.02395	0.01650	0.01480	0.01708	0.60549	0.01138	0.02080	0.01453	0.01395	0.00854	0.01081	0.00740	0.00682	0.00822	0.00170	0.18528	0.00398	0.00285	0.00655
14	0.00818	0.00612	0.00763	0.00732	0.00877	0.00575	0.00546	0.01133	0.05479	0.02150	0.58482	0.09571	0.13658	0.01226	0.00674	0.00186	0.00286	0.01076	0.00608	0.00547
15	0.00707	0.00505	0.00675	0.00804	0.00843	0.00473	0.00545	0.00816	0.01113	0.01485	0.04484	0.75505	0.03795	0.01773	0.00731	0.00232	0.00338	0.04176	0.00533	0.00468
16	0.01392	0.01335	0.02279	0.08758	0.71267	0.01353	0.01744	0.01735	0.01291	0.01840	0.01072	0.01423	0.00896	0.00514	0.00567	0.00171	0.00685	0.00510	0.00281	0.00887
17	0.01186	0.01017	0.01186	0.00847	0.01356	0.00762	0.00678	0.01440	0.01186	0.01864	0.01017	0.01186	0.00847	0.00424	0.00424	0.00085	0.00424	0.00339	0.00339	0.83395
18	0.00697	0.00498	0.00664	0.00796	0.00830	0.00465	0.00531	0.00796	0.01095	0.01460	0.03153	0.79525	0.03783	0.01792	0.00730	0.00232	0.00332	0.01626	0.00531	0.00465
19	0.01213	0.01199	0.01676	0.01452	0.01455	0.01662	0.01201	0.01336	0.00891	0.01382	0.00919	0.06726	0.00963	0.01056	0.01797	0.00249	0.73359	0.00579	0.00270	0.00614
20	0.00832	0.00555	0.00624	0.00624	0.00624	0.00555	0.00347	0.00832	0.00832	0.01109	0.01802	0.03743	0.02080	0.79898	0.02911	0.00555	0.00555	0.00832	0.00347	0.00347
21	0.01482	0.01283	0.01320	0.01174	0.01504	0.03367	0.00916	0.07979	0.67211	0.02439	0.02278	0.02105	0.02808	0.00775	0.00581	0.00191	0.00477	0.00639	0.00573	0.00897
22	0.00817	0.00613	0.00919	0.00919	0.01021	0.00715	0.00715	0.01021	0.00919	0.01328	0.01532	0.02247	0.01430	0.04290	0.77631	0.00919	0.01532	0.00613	0.00306	0.00511
23	0.02007	0.02168	0.01564	0.01355	0.01688	0.46090	0.01047	0.22374	0.07064	0.02124	0.04243	0.01447	0.02973	0.00675	0.00547	0.00160	0.00830	0.00477	0.00412	0.00757
24	0.02174	0.01602	0.01717	0.01316	0.01774	0.01774	0.01087	0.74423	0.02689	0.03605	0.01373	0.01373	0.00973	0.00687	0.00572	0.00172	0.00629	0.00515	0.00572	0.00973
25	0.01066	0.00533	0.00533	0.00533	0.00666	0.00533	0.00400	0.01333	0.01200	0.02132	0.01866	0.02132	0.01466	0.00666	0.00400	0.00133	0.00267	0.00533	0.83073	0.00533
26	0.01216	0.01042	0.01193	0.00900	0.01367	0.00869	0.00714	0.01700	0.13888	0.01946	0.01288	0.03047	0.01065	0.00514	0.00457	0.00107	0.00427	0.00420	0.00385	0.67456
27	0.01177	0.02466	0.56915	0.04553	0.02296	0.01266	0.01793	0.01876	0.08720	0.01863	0.01157	0.01312	0.00845	0.00553	0.00534	0.00171	0.00750	0.00438	0.00289	0.11026
28	0.71898	0.10495	0.01110	0.00786	0.01159	0.01387	0.00668	0.01716	0.01014	0.04481	0.00837	0.00956	0.00655	0.00531	0.00362	0.00171	0.00464	0.00317	0.00351	0.00643
29	0.02494	0.01005	0.01336	0.01034	0.01470	0.00898	0.00851	0.04791	0.05600	0.70725	0.02236	0.01941	0.01421	0.00711	0.00575	0.00178	0.00489	0.00577	0.00697	0.00970
30	0.01130	0.01067	0.01805	0.67433	0.14642	0.01284	0.01613	0.01505	0.01167	0.01522	0.01025	0.01509	0.00784	0.00563	0.00571	0.00188	0.00750	0.00509	0.00258	0.00675
31	0.01456	0.01509	0.02974	0.03822	0.02723	0.01489	0.57223	0.12517	0.01511	0.02051	0.01164	0.01507	0.00878	0.00564	0.00740	0.01590	0.04535	0.00637	0.00328	0.00783
32	0.01354	0.13029	0.02777	0.01846	0.02313	0.01452	0.46855	0.06737	0.01336	0.01772	0.01219	0.01779	0.01043	0.12797	0.00969	0.00237	0.00825	0.00634	0.00311	0.00714
33	0.00776	0.00571	0.00726	0.00713	0.00841	0.00521	0.00525	0.01005	0.01502	0.02076	0.56411	0.15554	0.14060	0.01297	0.00683	0.00189	0.00282	0.01144	0.00603	0.00521
34	0.00935	0.12336	0.00975	0.00676	0.00749	0.00807	0.00440	0.00962	0.00881	0.01144	0.01653	0.03325	0.01881	0.68158	0.02535	0.00491	0.00563	0.00754	0.00332	0.00404
35	0.07609	0.01232	0.01354	0.01132	0.01511	0.01342	0.00910	0.18173	0.36361	0.19666	0.02012	0.01919	0.01453	0.00738	0.00566	0.00185	0.00499	0.01838	0.00592	0.00909
36	0.02372	0.01015	0.01390	0.01089	0.01466	0.00975	0.00901	0.02579	0.01525	0.65586	0.02034	0.01844	0.01318	0.00751	0.00768	0.00188	0.12073	0.00564	0.00640	0.00922
37	0.00832	0.00555	0.00624	0.00624	0.00624	0.00555	0.00347	0.00832	0.00832	0.01109	0.01802	0.03743	0.02080	0.79898	0.02911	0.00555	0.00555	0.00832	0.00347	0.00347
38	0.01332	0.01133	0.01215	0.01098	0.01394	0.01292	0.00851	0.02750	0.64404	0.02378	0.13224	0.02450	0.02286	0.00834	0.00596	0.00192	0.00426	0.00704	0.00589	0.00851
39	0.01336	0.04561	0.56499	0.01755	0.09708	0.01421	0.01897	0.12539	0.01435	0.02070	0.01077	0.01245	0.00780	0.00560	0.00545	0.00177	0.00791	0.00442	0.00295	0.00867
40	0.01144	0.09365	0.57571	0.01437	0.02122	0.01273	0.01753	0.01673	0.01196	0.03275	0.01346	0.12776	0.01192	0.00727	0.00556	0.00183	0.00741	0.00593	0.00294	0.00782
41	0.00883	0.00656	0.00803	0.00772	0.00783	0.00724	0.00506	0.00926	0.00908	0.01250	0.06606	0.08599	0.02217	0.57723	0.02462	0.00463	0.12097	0.00851	0.00364	0.00409
42	0.00751	0.00595	0.00803	0.12238	0.01277	0.00590	0.00666	0.00907	0.01161	0.01498	0.05086	0.49641	0.19632	0.01520	0.00693	0.00216	0.00385	0.01353	0.00492	0.00496
43	0.05966	0.01003	0.01255	0.01015	0.01387	0.00955	0.00818	0.13506	0.03077	0.47868	0.03718	0.13332	0.01749	0.00868	0.00590	0.00185	0.00479	0.00720	0.00640	0.00871
44	0.02342	0.01044	0.01477	0.01386	0.12532	0.00932	0.00975	0.03920	0.01592	0.61746	0.02023	0.01832	0.01313	0.00669	0.00569	0.00173	0.00516	0.00556	0.00630	0.03775
45	0.01210	0.01094	0.01510	0.01078	0.01597	0.00864	0.11556	0.01498	0.01210	0.01859	0.01037	0.01239	0.00850	0.00432	0.00461	0.00101	0.00504	0.00389	0.00332	0.71179
46	0.00819	0.00557	0.00658	0.00661	0.00687	0.00552	0.00401	0.00873	0.00970	0.01317	0.12861	0.09068	0.02666	0.60062	0.05128	0.00490	0.00532	0.00909	0.00400	0.00389
47	0.01423	0.01229	0.01293	0.01164	0.01487	0.01423	0.00905	0.03039	0.75297	0.02393	0.02328	0.02134	0.01746	0.00776	0.00582	0.00194	0.00453	0.00647	0.00582	0.00905
48	0.01354	0.44697	0.37003	0.01278	0.01931	0.01833	0.01501	0.01758	0.01183	0.01560	0.00902	0.01051	0.00730	0.00514	0.00448	0.00149	0.00719	0.00360	0.00243	0.00785
49	0.01253	0.01388	0.02974	0.02172	0.02670	0.01301	0.63353	0.01679	0.01312	0.01777	0.01452	0.13072	0.01299	0.00676	0.00683	0.00199	0.00871	0.00816	0.00325	0.00726
50	0.00923	0.00910	0.00771	0.00744	0.00945	0.11911	0.00558	0.01113	0.02979	0.01622	0.12647	0.06241	0.54020	0.01284	0.00651	0.00186	0.00402	0.01061	0.00508	0.00524
51	0.13118	0.00640	0.00677	0.00664	0.00724	0.00674	0.00414	0.00971	0.00859	0.01340	0.01634	0.03219	0.01817	0.62700	0.07933	0.00525	0.00609	0.00739	0.00345	0.00399
52	0.01417	0.01353	0.01740	0.04431	0.01646	0.04762	0.01234	0.12216	0.01184	0.01710	0.00858	0.01271	0.00784	0.00922	0.01580	0.00232	0.61184	0.00498	0.00300	0.00679
53	0.00845	0.00570	0.00668	0.00687	0.00707	0.00570	0.00432	0.00884	0.00903	0.01198	0.01984	0.04144	0.02259	0.68319	0.02598	0.00511	0.00550	0.11425	0.00373	0.00373
54	0.00739	0.00559	0.00639	0.00656	0.00765	0.00506	0.00452	0.00865	0.01215	0.01566	0.17071	0.18949	0.32958	0.19101	0.01189	0.00279	0.00354	0.01171	0.00507	0.00459
55	0.00708	0.00579	0.00625	0.00617	0.00793	0.00496	0.00462	0.00882	0.01375	0.01722	0.22455	0.06732	0.57786	0.01389	0.00677	0.00191	0.00286	0.01175	0.00555	0.00496
56	0.01186	0.01017	0.01186	0.00847	0.01356	0.00762	0.00678	0.01440	0.01186	0.01864	0.01017	0.01186	0.00847	0.00424	0.00424	0.00085	0.00424	0.00339	0.00339	0.83395
57	0.02566	0.00973	0.01327	0.01018	0.01460	0.00841	0.00841	0.02788	0.01637	0.76726	0.02257	0.01947	0.01416	0.00708	0.00575	0.00177	0.00487	0.00575	0.00708	0.00973
58	0.00783	0.00611	0.00823	0.00896	0.00923	0.00657	0.00632	0.00883	0.01055	0.01438	0.02760	0.65847	0.03287	0.03844	0.00960	0.00244	0.11947	0.01438	0.00484	0.00485
59	0.14514	0.01095	0.01315	0.01028	0.01457	0.01062	0.00847	0.13724	0.03155	0.52970	0.01905	0.01711	0.01236	0.00680	0.00542	0.00176	0.00502	0.00528	0.00632	0.00920
60	0.01406	0.68452	0.02652	0.00952	0.01374	0.01997	0.00913	0.01577	0.01152	0.01363	0.01144	0.12539	0.01185	0.00682	0.00421	0.00139	0.00570	0.00501	0.00287	0.00694
61	0.13718	0.00895	0.01100	0.08677	0.01453	0.00890	0.00775	0.02821	0.05381	0.24015	0.19945	0.05142	0.02290	0.03713	0.00647	0.00189	0.00447	0.00675	0.00536	0.06691
62	0.01181	0.01227	0.02410	0.22278	0.06773	0.01264	0.37138	0.01557	0.01235	0.01662	0.01393	0.13048	0.01268	0.00723	0.00702	0.00199	0.04181	0.00755	0.00314	0.00691
63	0.01280	0.00986	0.01166	0.01077	0.01282	0.01122	0.00830	0.02081	0.34608	0.08926	0.02457	0.22715	0.05267	0.01101	0.00815	0.00211	0.11907	0.00903	0.00529	0.00736
64	0.08748	0.00832	0.00974	0.00832	0.01109	0.00798	0.00658	0.08978	0.01598	0.21837	0.26438	0.04610	0.16215	0.00992	0.00604	0.00180	0.00383	0.00826	0.02694	0.00693
65	0.00918	0.00673	0.00875	0.01051	0.11817	0.00673	0.00555	0.00968	0.00901	0.01221	0.01695	0.03399	0.01906	0.68161	0.02565	0.00498	0.00573	0.00784	0.00337	0.00429
66	0.01220	0.01067	0.01354	0.01241	0.12440	0.00851	0.00837	0.01487	0.01203	0.01865	0.01025	0.01220	0.00856	0.00436	0.00445	0.00097	0.00461	0.00364	0.00331	0.71199
67	0.00804	0.00578	0.00791	0.00811	0.00871	0.00629	0.00575	0.00930	0.00918	0.01280	0.01854	0.14130	0.01977	0.27069	0.43385	0.00706	0.01055	0.00830	0.00352	0.00454
68	0.01245	0.02761	0.68351	0.01634	0.02441	0.01305	0.05888	0.01873	0.01242	0.06425	0.01109	0.01271	0.00775	0.00550	0.00552	0.00182	0.00830	0.00446	0.00273	0.00849
69	0.01472	0.01372	0.12481	0.01095	0.01583	0.04993	0.03870	0.01818	0.03970	0.16177	0.01455	0.06393	0.01180	0.02412	0.00567	0.00148	0.00550	0.00515	0.00412	0.37537
70	0.00809	0.00558	0.00617	0.00617	0.00646	0.00544	0.00360	0.00830	0.00902	0.01174	0.02392	0.04004	0.13023	0.68300	0.02581	0.00501	0.00515	0.00887	0.00374	0.00367
71	0.00697	0.00498	0.00664	0.00796	0.00830	0.00465	0.00531	0.00796	0.01095	0.01460	0.03153	0.79525	0.03783	0.01792	0.00730	0.00232	0.00332	0.01626	0.00531	0.00465
72	0.07636	0.03486	0.01685	0.01705	0.15371	0.34024	0.01145	0.17292	0.04212	0.02044	0.01070	0.01240	0.00858	0.00670	0.00617	0.04604	0.00784	0.00436	0.00362	0.00758
73	0.02246	0.01013	0.01304	0.01020	0.01419	0.00941	0.00834	0.13630	0.01797	0.54396	0.13027	0.02202	0.01936	0.00773	0.00589	0.00177	0.00477	0.00634	0.00675	0.00909
74	0.00697	0.00498	0.00664	0.00796	0.00830	0.00465	0.00531	0.00796	0.01095	0.01460	0.03153	0.79525	0.03783	0.01792	0.00730	0.00232	0.00332	0.01626	0.00531	0.00465
75	0.06677	0.00709	0.01079	0.01003	0.01160	0.00685	0.11936	0.01103	0.01151	0.01710	0.03842	0.49109	0.02798	0.01323	0.00645	0.00207	0.00427	0.01214	0.12687	0.00534
76	0.04313	0.00887	0.01195	0.01374	0.14929	0.00878	0.00865	0.10673	0.01441	0.11192	0.07169	0.34893	0.05475	0.01181	0.00641	0.00199	0.00451	0.01046	0.00512	0.00685
77	0.01176	0.01081	0.04149	0.04225	0.01612	0.01045	0.12716	0.06825	0.20467	0.03675	0.04210	0.16603	0.16025	0.01016	0.00638	0.00195	0.00518	0.00912	0.00489	0.02423
78	0.16283	0.02083	0.45780	0.01242	0.01847	0.01134	0.01468	0.01583	0.01208	0.01943	0.06969	0.02036	0.12706	0.00725	0.00538	0.00182	0.00645	0.00566	0.00334	0.00726
79	0.12761	0.06689	0.01886	0.07130	0.01950	0.03229	0.14458	0.29124	0.01778	0.06540	0.01250	0.01400	0.00923	0.00609	0.00558	0.00173	0.02023	0.00503	0.06211	0.00803
80	0.06712	0.01269	0.01769	0.42908	0.05846	0.04427	0.06017	0.17946	0.01520	0.02064	0.01089	0.01419	0.00815	0.00583	0.00557	0.00180	0.00722	0.00497	0.00340	0.03320

[dist]
# distance from previous block
# <min> <max>
2	16

[block]
# block no. 2 follows, 41 sequences, length 41
# corresponding to MSA columns:
# 370-410
name=unknown_C
#
# <colnr> <probs for GDERKNQSTAVLIFYWHMCP>
#	G	D	E	R	K	N	Q	S	T	A	V	L	I	F	Y	W	H	M	C	P
0	0.00896	0.00661	0.00940	0.00949	0.01050	0.00735	0.00728	0.01068	0.00989	0.01405	0.01745	0.02822	0.01704	0.10758	0.63605	0.00835	0.01370	0.06854	0.00351	0.00533
1	0.00900	0.00606	0.00678	0.00674	0.00685	0.00595	0.00384	0.00890	0.00899	0.01210	0.04060	0.03823	0.02227	0.76780	0.02848	0.00551	0.00568	0.00855	0.00377	0.00389
2	0.00869	0.00627	0.00805	0.00773	0.00904	0.00574	0.00569	0.01104	0.01610	0.02275	0.69022	0.10826	0.05272	0.01260	0.00706	0.00196	0.00300	0.01101	0.00640	0.00568
3	0.00830	0.00612	0.00768	0.00874	0.00938	0.00589	0.00593	0.01042	0.07541	0.01603	0.03125	0.72120	0.03639	0.01735	0.00743	0.00240	0.00366	0.01551	0.00556	0.00538
4	0.01633	0.01357	0.01507	0.01435	0.07955	0.01518	0.01040	0.17034	0.53953	0.02640	0.02085	0.02004	0.01575	0.00777	0.00606	0.00199	0.00529	0.00628	0.00574	0.00950
5	0.01031	0.00664	0.00850	0.00794	0.00958	0.00600	0.00593	0.01255	0.01596	0.09395	0.58477	0.10663	0.08365	0.01230	0.00696	0.00197	0.00322	0.01065	0.00643	0.00607
6	0.76019	0.01172	0.01016	0.01036	0.07647	0.01323	0.00747	0.01730	0.01045	0.02557	0.00888	0.01065	0.00709	0.00573	0.00402	0.00188	0.00486	0.00350	0.00370	0.00678
7	0.01196	0.07238	0.65334	0.01558	0.02310	0.01340	0.01925	0.01759	0.01236	0.01813	0.01262	0.08041	0.01052	0.00692	0.00577	0.00194	0.00806	0.00541	0.00290	0.00838
8	0.01863	0.02038	0.01543	0.01372	0.01656	0.41445	0.02315	0.08319	0.18743	0.01858	0.01405	0.01661	0.01173	0.07545	0.00835	0.00213	0.04337	0.00519	0.00409	0.00751
9	0.05421	0.00729	0.00991	0.03306	0.01152	0.00841	0.00760	0.01175	0.01002	0.01556	0.01530	0.02164	0.01387	0.03381	0.57277	0.00734	0.05760	0.00597	0.09673	0.00565
10	0.00823	0.00639	0.00947	0.00981	0.01068	0.00591	0.06924	0.00937	0.01159	0.01554	0.03024	0.72069	0.03563	0.01710	0.00751	0.00240	0.00410	0.01553	0.00530	0.00527
11	0.78739	0.01177	0.00936	0.00829	0.01191	0.01343	0.00674	0.05639	0.01109	0.02673	0.00895	0.01047	0.00703	0.00583	0.00396	0.00189	0.00475	0.00344	0.00388	0.00672
12	0.05549	0.01286	0.01403	0.01145	0.01539	0.03855	0.00923	0.22835	0.25094	0.25631	0.03416	0.01818	0.01419	0.00721	0.00567	0.00180	0.00528	0.00572	0.00600	0.00917
13	0.00708	0.00503	0.00660	0.00782	0.00812	0.00472	0.00515	0.00799	0.01073	0.01430	0.03038	0.73079	0.03638	0.08436	0.00916	0.00260	0.00351	0.01559	0.00515	0.00455
14	0.02066	0.01540	0.01658	0.01271	0.01729	0.01676	0.01046	0.65867	0.04950	0.03417	0.01374	0.01382	0.00987	0.00667	0.00560	0.00165	0.00606	0.00504	0.00553	0.07982
15	0.01147	0.02959	0.76934	0.01630	0.02476	0.01328	0.02113	0.01811	0.01208	0.01811	0.01026	0.01208	0.00725	0.00543	0.00543	0.00181	0.00845	0.00423	0.00242	0.00845
16	0.01230	0.19690	0.60928	0.01489	0.02257	0.01531	0.01868	0.01790	0.01198	0.01711	0.00976	0.01145	0.00727	0.00532	0.00505	0.00168	0.00795	0.00397	0.00242	0.00821
17	0.83938	0.01106	0.00841	0.00752	0.01106	0.01283	0.00619	0.01681	0.00973	0.02566	0.00796	0.00929	0.00619	0.00531	0.00354	0.00177	0.00442	0.00310	0.00354	0.00619
18	0.00725	0.00531	0.00713	0.00831	0.00866	0.00519	0.00571	0.00831	0.01094	0.01465	0.03060	0.74195	0.03655	0.01756	0.00775	0.00234	0.03243	0.03945	0.00520	0.00473
19	0.00708	0.00503	0.00660	0.00782	0.00812	0.00472	0.00515	0.00799	0.01073	0.01430	0.03038	0.73079	0.03638	0.08436	0.00916	0.00260	0.00351	0.01559	0.00515	0.00455
20	0.00924	0.00625	0.00841	0.00866	0.03418	0.00584	0.00620	0.01155	0.01469	0.06352	0.48630	0.15806	0.04447	0.04640	0.00780	0.00211	0.00340	0.07150	0.00586	0.00556
21	0.00842	0.00650	0.00967	0.00953	0.01049	0.00775	0.00746	0.01042	0.00917	0.01331	0.01487	0.02190	0.01391	0.04100	0.73254	0.00881	0.06000	0.00606	0.00303	0.00517
22	0.00697	0.00498	0.00664	0.00796	0.00830	0.00465	0.00531	0.00796	0.01095	0.01460	0.03153	0.79525	0.03783	0.01792	0.00730	0.00232	0.00332	0.01626	0.00531	0.00465
23	0.04860	0.01303	0.01679	0.55999	0.04883	0.11919	0.01446	0.05047	0.01268	0.01607	0.00996	0.01410	0.00765	0.00594	0.00609	0.00185	0.04009	0.00480	0.00280	0.00660
24	0.01145	0.00661	0.00860	0.00766	0.00967	0.00594	0.00590	0.01394	0.01596	0.16907	0.55507	0.03919	0.10626	0.01102	0.00655	0.00180	0.00314	0.00959	0.00637	0.00620
25	0.00697	0.00498	0.00664	0.00796	0.00830	0.00465	0.00531	0.00796	0.01095	0.01460	0.03153	0.79525	0.03783	0.01792	0.00730	0.00232	0.00332	0.01626	0.00531	0.00465
26	0.01343	0.01505	0.03165	0.02366	0.05996	0.01474	0.63737	0.01783	0.01300	0.01788	0.01113	0.01508	0.00858	0.00536	0.00792	0.00198	0.08842	0.00650	0.00285	0.00762
27	0.01501	0.01111	0.01215	0.01075	0.01398	0.01219	0.00846	0.04546	0.52387	0.12723	0.02722	0.02601	0.10522	0.00865	0.00597	0.00193	0.00445	0.02587	0.00592	0.00857
28	0.00854	0.00591	0.00700	0.00729	0.00767	0.00587	0.00459	0.04908	0.01037	0.01384	0.02302	0.32974	0.02678	0.45233	0.01936	0.00408	0.00472	0.01122	0.00431	0.00427
29	0.00697	0.00498	0.00664	0.00796	0.00830	0.00465	0.00531	0.00796	0.01095	0.01460	0.03153	0.79525	0.03783	0.01792	0.00730	0.00232	0.00332	0.01626	0.00531	0.00465
30	0.01808	0.01358	0.01501	0.01127	0.01604	0.01358	0.00923	0.44258	0.02081	0.05183	0.01264	0.01319	0.00938	0.00587	0.00515	0.00139	0.00546	0.00449	0.00487	0.32555
31	0.01201	0.01298	0.02719	0.07677	0.02633	0.01240	0.54384	0.01601	0.01285	0.01732	0.01540	0.16919	0.01435	0.00747	0.00678	0.00200	0.00825	0.00850	0.00334	0.00701
32	0.00697	0.00498	0.00664	0.00796	0.00830	0.00465	0.00531	0.00796	0.01095	0.01460	0.03153	0.79525	0.03783	0.01792	0.00730	0.00232	0.00332	0.01626	0.00531	0.00465
33	0.01186	0.01017	0.01186	0.00847	0.01356	0.00762	0.00678	0.01440	0.01186	0.01864	0.01017	0.01186	0.00847	0.00424	0.00424	0.00085	0.00424	0.00339	0.00339	0.83395
34	0.01003	0.00628	0.00827	0.00752	0.00921	0.00573	0.00573	0.01268	0.01621	0.10501	0.67894	0.04016	0.04958	0.01118	0.00664	0.00180	0.00294	0.00984	0.00638	0.00588
35	0.02146	0.01563	0.01682	0.01299	0.01749	0.01726	0.01070	0.68380	0.06565	0.05785	0.01452	0.01432	0.01028	0.00692	0.00573	0.00173	0.00616	0.00524	0.00577	0.00969
36	0.01273	0.01444	0.16162	0.01089	0.01614	0.01015	0.01039	0.08949	0.06775	0.02054	0.01322	0.01726	0.01109	0.00598	0.00505	0.00136	0.00538	0.06532	0.00377	0.45743
37	0.02157	0.01113	0.01343	0.01071	0.01471	0.01110	0.00871	0.17249	0.15010	0.42692	0.03928	0.01933	0.01488	0.00725	0.00569	0.00177	0.00492	0.00585	0.05090	0.00926
38	0.31105	0.01479	0.01355	0.05587	0.01613	0.11205	0.00941	0.26610	0.04403	0.02610	0.01177	0.01289	0.02408	0.00650	0.00567	0.00177	0.05206	0.00441	0.00421	0.00755
39	0.01986	0.01225	0.01376	0.01129	0.01513	0.03556	0.00907	0.17351	0.27699	0.29812	0.05686	0.01982	0.01617	0.00747	0.00580	0.00181	0.00510	0.00604	0.00620	0.00919
40	0.05370	0.03592	0.01708	0.16536	0.02141	0.07746	0.01179	0.43004	0.02031	0.02712	0.01171	0.01334	0.00872	0.00671	0.00664	0.00179	0.07333	0.00486	0.00442	0.00830

[dist]
# distance from previous block
# <min> <max>
0	1

[block]
# block no. 3 follows, 41 sequences, length 7
# corresponding to MSA columns:
# 412-418
name=unknown_D
#
# <colnr> <probs for GDERKNQSTAVLIFYWHMCP>
#	G	D	E	R	K	N	Q	S	T	A	V	L	I	F	Y	W	H	M	C	P
0	0.01308	0.01226	0.02100	0.08464	0.02154	0.01289	0.25448	0.01612	0.01169	0.06086	0.01099	0.01459	0.00890	0.00846	0.05409	0.00226	0.20627	0.00537	0.00312	0.17739
1	0.01442	0.58868	0.16777	0.01227	0.01791	0.02017	0.07713	0.01742	0.01187	0.01476	0.00870	0.01027	0.00744	0.00499	0.00427	0.00140	0.00687	0.00360	0.00248	0.00758
2	0.01619	0.01149	0.01290	0.01052	0.01391	0.01203	0.00842	0.34649	0.08361	0.08317	0.19026	0.05882	0.06649	0.00888	0.00602	0.00175	0.00477	0.00732	0.00580	0.05116
3	0.07696	0.01555	0.01410	0.01171	0.01555	0.22156	0.00930	0.09657	0.10030	0.35444	0.01703	0.01592	0.01170	0.00669	0.00545	0.00170	0.00644	0.00503	0.00543	0.00857
4	0.02174	0.01602	0.01717	0.01316	0.01774	0.01774	0.01087	0.74423	0.02689	0.03605	0.01373	0.01373	0.00973	0.00687	0.00572	0.00172	0.00629	0.00515	0.00572	0.00973
5	0.08408	0.73636	0.02817	0.00960	0.01438	0.02181	0.00949	0.01710	0.01146	0.01448	0.00795	0.00919	0.00724	0.00493	0.00366	0.00127	0.00598	0.00306	0.00254	0.00724
6	0.02174	0.01602	0.01717	0.01316	0.01774	0.01774	0.01087	0.74423	0.02689	0.03605	0.01373	0.01373	0.00973	0.00687	0.00572	0.00172	0.00629	0.00515	0.00572	0.00973

[dist]
# distance from previous block
# <min> <max>
9	15

[block]
# block no. 4 follows, 41 sequences, length 62
# corresponding to MSA columns:
# 434-495
name=unknown_E
#
# <colnr> <probs for GDERKNQSTAVLIFYWHMCP>
#	G	D	E	R	K	N	Q	S	T	A	V	L	I	F	Y	W	H	M	C	P
0	0.11544	0.14772	0.50114	0.01393	0.02084	0.04891	0.01664	0.01832	0.01204	0.04208	0.00995	0.01143	0.00736	0.00541	0.00492	0.00170	0.00756	0.00393	0.00273	0.00796
1	0.06609	0.72944	0.02822	0.00980	0.01455	0.04573	0.00961	0.01729	0.01165	0.01422	0.00798	0.00922	0.00727	0.00495	0.00371	0.00126	0.00615	0.00308	0.00253	0.00725
2	0.67351	0.01248	0.04407	0.03478	0.01345	0.01345	0.00777	0.10637	0.01201	0.02623	0.00885	0.01016	0.00673	0.00552	0.00397	0.00177	0.00494	0.00347	0.00372	0.00674
3	0.01090	0.01009	0.01700	0.72583	0.06570	0.01243	0.01552	0.01444	0.01134	0.01458	0.01018	0.01529	0.00777	0.00626	0.00638	0.03487	0.00749	0.00508	0.00255	0.00630
4	0.00706	0.00533	0.00654	0.00737	0.00827	0.00481	0.00517	0.00835	0.01198	0.01548	0.08680	0.50539	0.24985	0.01644	0.00713	0.00218	0.00322	0.03850	0.00537	0.00477
5	0.02153	0.01591	0.01705	0.01312	0.01766	0.01764	0.01082	0.72386	0.04761	0.03570	0.01401	0.01395	0.00995	0.00689	0.00572	0.00172	0.00624	0.00519	0.00572	0.00971
6	0.00906	0.00617	0.00773	0.00726	0.00890	0.00562	0.00547	0.01167	0.02964	0.06978	0.53243	0.08241	0.17790	0.01215	0.00669	0.00185	0.00294	0.01059	0.00611	0.00561
7	0.01310	0.01228	0.01970	0.01448	0.01922	0.01115	0.25748	0.08879	0.01375	0.01981	0.01238	0.06775	0.01067	0.00588	0.00603	0.00147	0.03731	0.00567	0.00355	0.37951
8	0.00804	0.00597	0.00876	0.00892	0.00981	0.00678	0.00677	0.00987	0.00936	0.01333	0.01734	0.11367	0.01735	0.07404	0.65256	0.00822	0.01347	0.00741	0.00335	0.00498
9	0.00697	0.00583	0.00608	0.00610	0.00795	0.00494	0.00462	0.00857	0.01331	0.01616	0.11718	0.05435	0.67255	0.01430	0.00680	0.00195	0.00297	0.03907	0.00539	0.00489
10	0.01490	0.01192	0.01276	0.01132	0.01461	0.01350	0.00885	0.04958	0.64770	0.07557	0.02452	0.02251	0.05052	0.00799	0.00585	0.00192	0.00453	0.00663	0.00588	0.00893
11	0.01158	0.05135	0.74853	0.01612	0.02447	0.01355	0.02081	0.01809	0.01206	0.01798	0.01020	0.01199	0.00725	0.00542	0.00538	0.00179	0.00839	0.00419	0.00242	0.00842
12	0.01147	0.02959	0.76934	0.01630	0.02476	0.01328	0.02113	0.01811	0.01208	0.01811	0.01026	0.01208	0.00725	0.00543	0.00543	0.00181	0.00845	0.00423	0.00242	0.00845
13	0.01066	0.00533	0.00533	0.00533	0.00666	0.00533	0.00400	0.01333	0.01200	0.02132	0.01866	0.02132	0.01466	0.00666	0.00400	0.00133	0.00267	0.00533	0.83073	0.00533
14	0.00710	0.00511	0.00674	0.00780	0.00831	0.00475	0.00529	0.00833	0.01167	0.01567	0.12369	0.67765	0.06260	0.01703	0.00721	0.00224	0.00323	0.01539	0.00543	0.00475
15	0.01384	0.01329	0.02223	0.10129	0.55842	0.01412	0.04536	0.03733	0.01279	0.01821	0.01044	0.01410	0.00875	0.00577	0.00725	0.00182	0.09854	0.00515	0.00285	0.00845
16	0.01416	0.01359	0.02322	0.03511	0.76330	0.01359	0.01755	0.01755	0.01302	0.01869	0.01076	0.01416	0.00906	0.00510	0.00566	0.00170	0.00680	0.00510	0.00283	0.00906
17	0.00697	0.00498	0.00664	0.00796	0.00830	0.00465	0.00531	0.00796	0.01095	0.01460	0.03153	0.79525	0.03783	0.01792	0.00730	0.00232	0.00332	0.01626	0.00531	0.00465
18	0.01529	0.80242	0.02997	0.00979	0.01468	0.02263	0.00979	0.01713	0.01162	0.01346	0.00795	0.00918	0.00734	0.00489	0.00367	0.00122	0.00612	0.00306	0.00245	0.00734
19	0.01482	0.01258	0.01327	0.01176	0.01510	0.01450	0.00920	0.08658	0.69581	0.02488	0.02253	0.02074	0.01685	0.00769	0.00581	0.00192	0.00467	0.00636	0.00581	0.00911
20	0.01416	0.01359	0.02322	0.03511	0.76330	0.01359	0.01755	0.01755	0.01302	0.01869	0.01076	0.01416	0.00906	0.00510	0.00566	0.00170	0.00680	0.00510	0.00283	0.00906
21	0.01345	0.01528	0.03291	0.02363	0.02912	0.01462	0.70454	0.01808	0.01325	0.01808	0.01136	0.01528	0.00862	0.00509	0.00738	0.00196	0.05017	0.00666	0.00287	0.00764
22	0.01350	0.01543	0.03375	0.02411	0.02989	0.01446	0.74253	0.01832	0.01350	0.01832	0.01157	0.01543	0.00868	0.00482	0.00675	0.00193	0.00964	0.00675	0.00289	0.00771
23	0.01423	0.01229	0.01293	0.01164	0.01487	0.01423	0.00905	0.03039	0.75297	0.02393	0.02328	0.02134	0.01746	0.00776	0.00582	0.00194	0.00453	0.00647	0.00582	0.00905
24	0.02140	0.02619	0.01630	0.01458	0.01769	0.70343	0.01103	0.09189	0.01723	0.01611	0.00931	0.01064	0.00759	0.00599	0.00521	0.00150	0.00993	0.00382	0.00321	0.00693
25	0.01620	0.01151	0.01276	0.01121	0.01457	0.01272	0.00878	0.02904	0.57954	0.17007	0.02345	0.05045	0.01759	0.00801	0.00586	0.00192	0.00455	0.00670	0.00605	0.00902
26	0.00697	0.00498	0.00664	0.00796	0.00830	0.00465	0.00531	0.00796	0.01095	0.01460	0.03153	0.79525	0.03783	0.01792	0.00730	0.00232	0.00332	0.01626	0.00531	0.00465
27	0.00697	0.00498	0.00664	0.00796	0.00830	0.00465	0.00531	0.00796	0.01095	0.01460	0.03153	0.79525	0.03783	0.01792	0.00730	0.00232	0.00332	0.01626	0.00531	0.00465
28	0.02093	0.06295	0.01678	0.01409	0.01735	0.61126	0.01082	0.09742	0.04630	0.03578	0.01022	0.01128	0.00818	0.00605	0.00518	0.00151	0.00933	0.00397	0.00343	0.00716
29	0.00755	0.00539	0.00730	0.00863	0.00922	0.00515	0.00632	0.00897	0.01152	0.01525	0.03120	0.60620	0.03656	0.01737	0.00746	0.00240	0.00382	0.19956	0.00530	0.00481
30	0.00804	0.00584	0.00756	0.00713	0.00851	0.00537	0.00535	0.01068	0.01605	0.02260	0.72863	0.04328	0.08583	0.01182	0.00675	0.00180	0.00271	0.01042	0.00625	0.00537
31	0.00994	0.00497	0.00745	0.00745	0.00745	0.00497	0.00497	0.00745	0.00745	0.00994	0.00994	0.01739	0.00994	0.01987	0.02235	0.83358	0.00497	0.00497	0.00248	0.00248
32	0.01080	0.01017	0.01716	0.78523	0.03940	0.01271	0.01589	0.01461	0.01144	0.01461	0.01017	0.01525	0.00762	0.00572	0.00572	0.00191	0.00762	0.00508	0.00254	0.00635
33	0.01529	0.80242	0.02997	0.00979	0.01468	0.02263	0.00979	0.01713	0.01162	0.01346	0.00795	0.00918	0.00734	0.00489	0.00367	0.00122	0.00612	0.00306	0.00245	0.00734
34	0.02174	0.01602	0.01717	0.01316	0.01774	0.01774	0.01087	0.74423	0.02689	0.03605	0.01373	0.01373	0.00973	0.00687	0.00572	0.00172	0.00629	0.00515	0.00572	0.00973
35	0.02566	0.00973	0.01327	0.01018	0.01460	0.00841	0.00841	0.02788	0.01637	0.76726	0.02257	0.01947	0.01416	0.00708	0.00575	0.00177	0.00487	0.00575	0.00708	0.00973
36	0.06170	0.01621	0.01670	0.01294	0.01741	0.04638	0.01065	0.68119	0.02565	0.03470	0.01326	0.01339	0.00946	0.00675	0.00559	0.00171	0.00636	0.00499	0.00551	0.00944
37	0.01157	0.02889	0.73339	0.01668	0.02501	0.01334	0.05640	0.01812	0.01215	0.01812	0.01033	0.01224	0.00732	0.00540	0.00550	0.00182	0.00851	0.00435	0.00244	0.00842
38	0.01181	0.09772	0.70416	0.01573	0.02387	0.01411	0.02013	0.01803	0.01204	0.01770	0.01006	0.01182	0.00725	0.00539	0.00528	0.00176	0.00825	0.00412	0.00242	0.00836
