[name]
unknown

[dist]
# distance from previous block
# <min> <max>
9	189

[block]
# block no. 0 follows, 40 sequences, length 14
# corresponding to MSA columns:
# 190-203
name=unknown_A
#
# <colnr> <probs for GDERKNQSTAVLIFYWHMCP>
#	G	D	E	R	K	N	Q	S	T	A	V	L	I	F	Y	W	H	M	C	P
0	0.01098	0.01034	0.01744	0.78165	0.04005	0.01292	0.01615	0.01486	0.01163	0.01486	0.01034	0.01550	0.00775	0.00581	0.00581	0.00194	0.00775	0.00517	0.00258	0.00646
1	0.83671	0.01125	0.00855	0.00765	0.01125	0.01305	0.00630	0.01709	0.00990	0.02609	0.00810	0.00945	0.00630	0.00540	0.00360	0.00180	0.00450	0.00315	0.00360	0.00630
2	0.02211	0.01629	0.01745	0.01338	0.01803	0.01803	0.01105	0.73997	0.02734	0.03665	0.01396	0.01396	0.00989	0.00698	0.00582	0.00175	0.00640	0.00524	0.00582	0.00989
3	0.02211	0.01629	0.01745	0.01338	0.01803	0.01803	0.01105	0.73997	0.02734	0.03665	0.01396	0.01396	0.00989	0.00698	0.00582	0.00175	0.00640	0.00524	0.00582	0.00989
4	0.01373	0.01569	0.03431	0.02451	0.03039	0.01471	0.73824	0.01863	0.01373	0.01863	0.01176	0.01569	0.00882	0.00490	0.00686	0.00196	0.00980	0.00686	0.00294	0.00784
5	0.01200	0.01034	0.01237	0.05341	0.01530	0.00805	0.00743	0.01466	0.01203	0.01871	0.01034	0.01226	0.00856	0.00439	0.00439	0.00092	0.00451	0.00355	0.00340	0.78339
6	0.02172	0.02772	0.01648	0.01498	0.01798	0.77228	0.01124	0.02322	0.01648	0.01423	0.00899	0.01049	0.00749	0.00599	0.00524	0.00150	0.01049	0.00375	0.00300	0.00674
7	0.00709	0.00506	0.00675	0.00810	0.00843	0.00472	0.00540	0.00810	0.01113	0.01484	0.03205	0.79184	0.03846	0.01822	0.00742	0.00236	0.00337	0.01653	0.00540	0.00472
8	0.02211	0.01629	0.01745	0.01338	0.01803	0.01803	0.01105	0.73997	0.02734	0.03665	0.01396	0.01396	0.00989	0.00698	0.00582	0.00175	0.00640	0.00524	0.00582	0.00989
9	0.01446	0.01249	0.01315	0.01183	0.01512	0.01446	0.00920	0.03090	0.74885	0.02433	0.02367	0.02170	0.01775	0.00789	0.00592	0.00197	0.00460	0.00657	0.00592	0.00920
10	0.02166	0.01607	0.01720	0.01329	0.01786	0.01783	0.01095	0.69887	0.06915	0.03594	0.01452	0.01441	0.01035	0.00703	0.00582	0.00176	0.00629	0.00531	0.00582	0.00985
11	0.00924	0.00761	0.01114	0.01060	0.01142	0.00950	0.00842	0.01115	0.00925	0.01360	0.01389	0.02070	0.01307	0.03653	0.61290	0.00790	0.17863	0.00599	0.00299	0.00544
12	0.02211	0.01629	0.01745	0.01338	0.01803	0.01803	0.01105	0.73997	0.02734	0.03665	0.01396	0.01396	0.00989	0.00698	0.00582	0.00175	0.00640	0.00524	0.00582	0.00989
13	0.01166	0.03008	0.76550	0.01657	0.02517	0.01351	0.02149	0.01842	0.01228	0.01842	0.01044	0.01228	0.00737	0.00552	0.00552	0.00184	0.00859	0.00430	0.00246	0.00859

[dist]
# distance from previous block
# <min> <max>
3	4

[block]
# block no. 1 follows, 40 sequences, length 11
# corresponding to MSA columns:
# 209-219
name=unknown_B
#
# <colnr> <probs for GDERKNQSTAVLIFYWHMCP>
#	G	D	E	R	K	N	Q	S	T	A	V	L	I	F	Y	W	H	M	C	P
0	0.01655	0.01505	0.02398	0.15979	0.60851	0.01507	0.01830	0.01915	0.01468	0.02082	0.01366	0.01842	0.01164	0.00720	0.00697	0.00228	0.00793	0.00608	0.00382	0.01010
1	0.02702	0.01390	0.01660	0.01318	0.01781	0.01317	0.01049	0.25334	0.02156	0.50363	0.02239	0.02156	0.01541	0.00896	0.00703	0.00230	0.00637	0.00652	0.00756	0.01121
2	0.63978	0.01688	0.15950	0.01140	0.01611	0.01457	0.01055	0.01918	0.01222	0.02677	0.01151	0.01407	0.00931	0.00733	0.00527	0.00233	0.00629	0.00436	0.00433	0.00822
3	0.80205	0.01317	0.01063	0.00965	0.01337	0.01448	0.00756	0.01892	0.01175	0.02828	0.01105	0.01351	0.00910	0.00731	0.00490	0.00232	0.00549	0.00414	0.00455	0.00777
4	0.02447	0.01799	0.01913	0.01512	0.01985	0.01924	0.01210	0.70894	0.02841	0.03836	0.01664	0.01782	0.01253	0.00882	0.00701	0.00227	0.00730	0.00613	0.00667	0.01120
5	0.01488	0.01231	0.01398	0.01057	0.01579	0.00942	0.00812	0.01658	0.01382	0.02146	0.01318	0.01601	0.01131	0.00626	0.00557	0.00142	0.00530	0.00442	0.00441	0.79516
6	0.02828	0.01189	0.01535	0.01222	0.01681	0.01018	0.00971	0.02966	0.01820	0.73206	0.02522	0.02339	0.01683	0.00902	0.00704	0.00232	0.00592	0.00672	0.00799	0.01121
7	0.02359	0.01730	0.01841	0.01466	0.01909	0.01844	0.01161	0.66153	0.02718	0.03671	0.01693	0.01939	0.01326	0.05993	0.00856	0.00252	0.00725	0.00634	0.00652	0.01079
8	0.01130	0.00839	0.01139	0.01127	0.01255	0.00896	0.00849	0.01252	0.01123	0.01626	0.01819	0.02630	0.01697	0.04378	0.73893	0.00952	0.01606	0.00708	0.00409	0.00672
9	0.01552	0.01458	0.01947	0.01692	0.01721	0.01903	0.01369	0.01597	0.01081	0.01673	0.01060	0.01664	0.01038	0.01187	0.01968	0.00303	0.75050	0.00599	0.00355	0.00783
10	0.79938	0.04706	0.00954	0.00775	0.01141	0.01350	0.00646	0.01711	0.00998	0.02553	0.00810	0.00944	0.00635	0.00538	0.00360	0.00177	0.00458	0.00315	0.00355	0.00635

[dist]
# distance from previous block
# <min> <max>
1	60

[block]
# block no. 2 follows, 40 sequences, length 17
# corresponding to MSA columns:
# 288-304
name=unknown_C
#
# <colnr> <probs for GDERKNQSTAVLIFYWHMCP>
#	G	D	E	R	K	N	Q	S	T	A	V	L	I	F	Y	W	H	M	C	P
0	0.01446	0.01249	0.01315	0.01183	0.01512	0.01446	0.00920	0.03090	0.74885	0.02433	0.02367	0.02170	0.01775	0.00789	0.00592	0.00197	0.00460	0.00657	0.00592	0.00920
1	0.02211	0.01629	0.01745	0.01338	0.01803	0.01803	0.01105	0.73997	0.02734	0.03665	0.01396	0.01396	0.00989	0.00698	0.00582	0.00175	0.00640	0.00524	0.00582	0.00989
2	0.01173	0.00999	0.01171	0.00858	0.01343	0.00755	0.00679	0.01421	0.01200	0.01868	0.01176	0.06328	0.01057	0.00522	0.00451	0.00096	0.00425	0.00430	0.00357	0.77689
3	0.01323	0.01398	0.01724	0.62099	0.03543	0.17205	0.01512	0.01661	0.01264	0.01473	0.01005	0.01445	0.00770	0.00585	0.00569	0.00185	0.00833	0.00487	0.00267	0.00652
4	0.01197	0.00677	0.00897	0.00795	0.00998	0.00613	0.00613	0.01461	0.01650	0.17840	0.60261	0.03848	0.04639	0.01091	0.00665	0.00182	0.00321	0.00954	0.00657	0.00641
5	0.16583	0.01524	0.01570	0.01230	0.01671	0.01700	0.01013	0.58256	0.05436	0.03427	0.01333	0.01349	0.00958	0.00674	0.00543	0.00176	0.00599	0.00492	0.00543	0.00923
6	0.02211	0.01629	0.01745	0.01338	0.01803	0.01803	0.01105	0.73997	0.02734	0.03665	0.01396	0.01396	0.00989	0.00698	0.00582	0.00175	0.00640	0.00524	0.00582	0.00989
7	0.01166	0.03008	0.76550	0.01657	0.02517	0.01351	0.02149	0.01842	0.01228	0.01842	0.01044	0.01228	0.00737	0.00552	0.00552	0.00184	0.00859	0.00430	0.00246	0.00859
8	0.00709	0.00506	0.00675	0.00810	0.00843	0.00472	0.00540	0.00810	0.01113	0.01484	0.03205	0.79184	0.03846	0.01822	0.00742	0.00236	0.00337	0.01653	0.00540	0.00472
9	0.01166	0.03008	0.76550	0.01657	0.02517	0.01351	0.02149	0.01842	0.01228	0.01842	0.01044	0.01228	0.00737	0.00552	0.00552	0.00184	0.00859	0.00430	0.00246	0.00859
10	0.01373	0.01569	0.03431	0.02451	0.03039	0.01471	0.73824	0.01863	0.01373	0.01863	0.01176	0.01569	0.00882	0.00490	0.00686	0.00196	0.00980	0.00686	0.00294	0.00784
11	0.02609	0.00990	0.01350	0.01035	0.01484	0.00855	0.00855	0.02834	0.01664	0.76338	0.02294	0.01979	0.01439	0.00720	0.00585	0.00180	0.00495	0.00585	0.00720	0.00990
12	0.01098	0.01034	0.01744	0.78165	0.04005	0.01292	0.01615	0.01486	0.01163	0.01486	0.01034	0.01550	0.00775	0.00581	0.00581	0.00194	0.00775	0.00517	0.00258	0.00646
13	0.01206	0.01034	0.01206	0.00861	0.01378	0.00775	0.00689	0.01464	0.01206	0.01895	0.01034	0.01206	0.00861	0.00431	0.00431	0.00086	0.00431	0.00345	0.00345	0.83118
14	0.01373	0.01569	0.03431	0.02451	0.03039	0.01471	0.73824	0.01863	0.01373	0.01863	0.01176	0.01569	0.00882	0.00490	0.00686	0.00196	0.00980	0.00686	0.00294	0.00784
15	0.01446	0.01249	0.01315	0.01183	0.01512	0.01446	0.00920	0.03090	0.74885	0.02433	0.02367	0.02170	0.01775	0.00789	0.00592	0.00197	0.00460	0.00657	0.00592	0.00920
16	0.02211	0.01629	0.01745	0.01338	0.01803	0.01803	0.01105	0.73997	0.02734	0.03665	0.01396	0.01396	0.00989	0.00698	0.00582	0.00175	0.00640	0.00524	0.00582	0.00989

[dist]
# distance from previous block
# <min> <max>
0	1

[block]
# block no. 3 follows, 40 sequences, length 15
# corresponding to MSA columns:
# 306-320
name=unknown_D
#
# <colnr> <probs for GDERKNQSTAVLIFYWHMCP>
#	G	D	E	R	K	N	Q	S	T	A	V	L	I	F	Y	W	H	M	C	P
0	0.01166	0.03008	0.76550	0.01657	0.02517	0.01351	0.02149	0.01842	0.01228	0.01842	0.01044	0.01228	0.00737	0.00552	0.00552	0.00184	0.00859	0.00430	0.00246	0.00859
1	0.01166	0.03008	0.76550	0.01657	0.02517	0.01351	0.02149	0.01842	0.01228	0.01842	0.01044	0.01228	0.00737	0.00552	0.00552	0.00184	0.00859	0.00430	0.00246	0.00859
2	0.01166	0.03008	0.76550	0.01657	0.02517	0.01351	0.02149	0.01842	0.01228	0.01842	0.01044	0.01228	0.00737	0.00552	0.00552	0.00184	0.00859	0.00430	0.00246	0.00859
3	0.00709	0.00506	0.00675	0.00810	0.00843	0.00472	0.00540	0.00810	0.01113	0.01484	0.03205	0.79184	0.03846	0.01822	0.00742	0.00236	0.00337	0.01653	0.00540	0.00472
4	0.01373	0.01569	0.03431	0.02451	0.03039	0.01471	0.73824	0.01863	0.01373	0.01863	0.01176	0.01569	0.00882	0.00490	0.00686	0.00196	0.00980	0.00686	0.00294	0.00784
5	0.00709	0.00506	0.00675	0.00810	0.00843	0.00472	0.00540	0.00810	0.01113	0.01484	0.03205	0.79184	0.03846	0.01822	0.00742	0.00236	0.00337	0.01653	0.00540	0.00472
6	0.01373	0.01569	0.03431	0.02451	0.03039	0.01471	0.73824	0.01863	0.01373	0.01863	0.01176	0.01569	0.00882	0.00490	0.00686	0.00196	0.00980	0.00686	0.00294	0.00784
7	0.00709	0.00506	0.00675	0.00810	0.00843	0.00472	0.00540	0.00810	0.01113	0.01484	0.03205	0.79184	0.03846	0.01822	0.00742	0.00236	0.00337	0.01653	0.00540	0.00472
8	0.02609	0.00990	0.01350	0.01035	0.01484	0.00855	0.00855	0.02834	0.01664	0.76338	0.02294	0.01979	0.01439	0.00720	0.00585	0.00180	0.00495	0.00585	0.00720	0.00990
9	0.00709	0.00506	0.00675	0.00810	0.00843	0.00472	0.00540	0.00810	0.01113	0.01484	0.03205	0.79184	0.03846	0.01822	0.00742	0.00236	0.00337	0.01653	0.00540	0.00472
10	0.02507	0.00967	0.01317	0.01017	0.01449	0.00837	0.00837	0.02735	0.01663	0.72100	0.06494	0.02115	0.01671	0.00747	0.00591	0.00180	0.00482	0.00612	0.00715	0.00964
11	0.00937	0.00669	0.00937	0.01071	0.01205	0.00669	0.00937	0.01205	0.01339	0.01740	0.03079	0.06560	0.03347	0.01606	0.00803	0.00268	0.00535	0.72021	0.00535	0.00535
12	0.02211	0.01629	0.01745	0.01338	0.01803	0.01803	0.01105	0.73997	0.02734	0.03665	0.01396	0.01396	0.00989	0.00698	0.00582	0.00175	0.00640	0.00524	0.00582	0.00989
13	0.01098	0.01034	0.01744	0.78165	0.04005	0.01292	0.01615	0.01486	0.01163	0.01486	0.01034	0.01550	0.00775	0.00581	0.00581	0.00194	0.00775	0.00517	0.00258	0.00646
14	0.01166	0.03008	0.76550	0.01657	0.02517	0.01351	0.02149	0.01842	0.01228	0.01842	0.01044	0.01228	0.00737	0.00552	0.00552	0.00184	0.00859	0.00430	0.00246	0.00859

[dist]
# distance from previous block
# <min> <max>
3	5

[block]
# block no. 4 follows, 40 sequences, length 17
# corresponding to MSA columns:
# 326-342
name=unknown_E
#
# <colnr> <probs for GDERKNQSTAVLIFYWHMCP>
#	G	D	E	R	K	N	Q	S	T	A	V	L	I	F	Y	W	H	M	C	P
0	0.24888	0.02466	0.54786	0.01401	0.02117	0.01337	0.01712	0.01804	0.01159	0.02062	0.00976	0.01146	0.00706	0.00549	0.00497	0.00183	0.00742	0.00397	0.00278	0.00793
1	0.01176	0.05219	0.52308	0.12518	0.02530	0.01294	0.01820	0.01733	0.01214	0.01781	0.01032	0.01260	0.00760	0.00537	0.00533	0.00169	0.00777	0.00426	0.00262	0.12650
2	0.01283	0.01153	0.01750	0.56103	0.03332	0.01436	0.01492	0.11898	0.01350	0.01787	0.01047	0.01488	0.00804	0.00661	0.00772	0.00200	0.11929	0.00517	0.00304	0.00694
3	0.00874	0.00630	0.00749	0.00815	0.00922	0.00630	0.00579	0.01230	0.11758	0.01734	0.03107	0.49012	0.08930	0.01475	0.00670	0.00214	0.00348	0.03405	0.12372	0.00550
4	0.01331	0.01027	0.01610	0.55964	0.03265	0.01155	0.01373	0.01677	0.01241	0.12305	0.01215	0.01563	0.00883	0.00580	0.00560	0.00176	0.00685	0.00502	0.00337	0.12552
5	0.01325	0.01311	0.12442	0.56078	0.03429	0.01238	0.01582	0.01731	0.01244	0.12298	0.01216	0.01566	0.00865	0.00597	0.00578	0.00190	0.00747	0.00514	0.00323	0.00726
6	0.83671	0.01125	0.00855	0.00765	0.01125	0.01305	0.00630	0.01709	0.00990	0.02609	0.00810	0.00945	0.00630	0.00540	0.00360	0.00180	0.00450	0.00315	0.00360	0.00630
7	0.01555	0.79913	0.03047	0.00995	0.01493	0.02301	0.00995	0.01741	0.01182	0.01368	0.00808	0.00933	0.00746	0.00498	0.00373	0.00124	0.00622	0.00311	0.00249	0.00746
8	0.01555	0.79913	0.03047	0.00995	0.01493	0.02301	0.00995	0.01741	0.01182	0.01368	0.00808	0.00933	0.00746	0.00498	0.00373	0.00124	0.00622	0.00311	0.00249	0.00746
9	0.00709	0.00506	0.00675	0.00810	0.00843	0.00472	0.00540	0.00810	0.01113	0.01484	0.03205	0.79184	0.03846	0.01822	0.00742	0.00236	0.00337	0.01653	0.00540	0.00472
10	0.01315	0.01027	0.01687	0.67077	0.03643	0.01229	0.01506	0.01680	0.01235	0.12247	0.01215	0.01612	0.00871	0.00601	0.00582	0.00192	0.00735	0.00527	0.00325	0.00695
11	0.00709	0.00506	0.00675	0.00810	0.00843	0.00472	0.00540	0.00810	0.01113	0.01484	0.03205	0.79184	0.03846	0.01822	0.00742	0.00236	0.00337	0.01653	0.00540	0.00472
12	0.01373	0.01569	0.03431	0.02451	0.03039	0.01471	0.73824	0.01863	0.01373	0.01863	0.01176	0.01569	0.00882	0.00490	0.00686	0.00196	0.00980	0.00686	0.00294	0.00784
13	0.00937	0.00669	0.00937	0.01071	0.01205	0.00669	0.00937	0.01205	0.01339	0.01740	0.03079	0.06560	0.03347	0.01606	0.00803	0.00268	0.00535	0.72021	0.00535	0.00535
14	0.02609	0.00990	0.01350	0.01035	0.01484	0.00855	0.00855	0.02834	0.01664	0.76338	0.02294	0.01979	0.01439	0.00720	0.00585	0.00180	0.00495	0.00585	0.00720	0.00990
15	0.00709	0.00506	0.00675	0.00810	0.00843	0.00472	0.00540	0.00810	0.01113	0.01484	0.03205	0.79184	0.03846	0.01822	0.00742	0.00236	0.00337	0.01653	0.00540	0.00472
16	0.01155	0.02653	0.65623	0.01497	0.02252	0.01234	0.01898	0.01772	0.01227	0.01889	0.01166	0.01363	0.00845	0.00570	0.00531	0.00177	0.00775	0.00446	0.12112	0.00814

[dist]
# distance from previous block
# <min> <max>
4	31

[block]
# block no. 5 follows, 40 sequences, length 6
# corresponding to MSA columns:
# 384-389
name=unknown_F
#
# <colnr> <probs for GDERKNQSTAVLIFYWHMCP>
#	G	D	E	R	K	N	Q	S	T	A	V	L	I	F	Y	W	H	M	C	P
0	0.00812	0.00526	0.00640	0.00718	0.00763	0.00507	0.00471	0.00922	0.01072	0.01533	0.02636	0.46951	0.02993	0.19634	0.01192	0.00293	0.00377	0.01253	0.16248	0.00458
1	0.00911	0.00701	0.00858	0.00921	0.01040	0.00724	0.00673	0.01397	0.18276	0.01776	0.06683	0.49458	0.03394	0.01526	0.00711	0.00228	0.00385	0.09195	0.00556	0.00587
2	0.01635	0.42754	0.06144	0.01138	0.01609	0.01959	0.01058	0.15896	0.18576	0.02079	0.01294	0.01323	0.01031	0.00606	0.00473	0.00154	0.00600	0.00438	0.00392	0.00839
3	0.00709	0.00506	0.00675	0.00810	0.00843	0.00472	0.00540	0.00810	0.01113	0.01484	0.03205	0.79184	0.03846	0.01822	0.00742	0.00236	0.00337	0.01653	0.00540	0.00472
4	0.01055	0.19037	0.01392	0.04957	0.01282	0.01046	0.00846	0.01247	0.01183	0.01505	0.02216	0.09630	0.02409	0.16240	0.01101	0.00285	0.00559	0.33039	0.00420	0.00551
5	0.01484	0.46503	0.02248	0.01018	0.01402	0.01782	0.00911	0.15362	0.01463	0.01835	0.01477	0.19171	0.01512	0.00843	0.00499	0.00160	0.00559	0.00663	0.00380	0.00729

[dist]
# distance from previous block
# <min> <max>
16	70

[block]
# block no. 6 follows, 40 sequences, length 10
# corresponding to MSA columns:
# 465-474
name=unknown_G
#
# <colnr> <probs for GDERKNQSTAVLIFYWHMCP>
#	G	D	E	R	K	N	Q	S	T	A	V	L	I	F	Y	W	H	M	C	P
0	0.01923	0.01466	0.01589	0.01223	0.01685	0.01553	0.01000	0.51658	0.09808	0.03171	0.01420	0.01436	0.01043	0.00652	0.00551	0.00158	0.00578	0.00500	0.00533	0.18052
1	0.04705	0.00699	0.00859	0.00785	0.00997	0.00621	0.00589	0.01222	0.01408	0.06800	0.35074	0.20081	0.07549	0.01154	0.00633	0.00178	0.00338	0.01009	0.00554	0.14743
2	0.01278	0.01007	0.01185	0.00921	0.01351	0.00845	0.00744	0.08843	0.01414	0.04421	0.05289	0.03975	0.03722	0.00692	0.00518	0.00129	0.00451	0.07840	0.00426	0.54951
3	0.01306	0.01241	0.02031	0.02840	0.55386	0.01198	0.03963	0.01620	0.01314	0.01851	0.01778	0.02016	0.11622	0.00645	0.00581	0.00168	0.00619	0.00609	0.00330	0.08882
4	0.14779	0.04475	0.01751	0.01354	0.01749	0.17513	0.11374	0.22655	0.04113	0.05002	0.08457	0.01591	0.01337	0.00667	0.00553	0.00173	0.00698	0.00533	0.00444	0.00782
5	0.05199	0.01415	0.01523	0.01235	0.01624	0.01563	0.01004	0.53376	0.09604	0.03194	0.01727	0.09302	0.01446	0.00855	0.00600	0.00188	0.00580	0.04103	0.00567	0.00895
6	0.01449	0.61037	0.09867	0.00995	0.01476	0.01956	0.01023	0.01696	0.01192	0.01529	0.00987	0.01139	0.00852	0.00529	0.00395	0.00132	0.00595	0.00356	0.12068	0.00728
7	0.01407	0.01027	0.01226	0.00886	0.01393	0.00787	0.00713	0.01660	0.01272	0.12555	0.01214	0.01317	0.00944	0.00472	0.00453	0.00100	0.00440	0.00379	0.00398	0.71358
8	0.01636	0.00980	0.01215	0.01188	0.01250	0.00891	0.00788	0.01244	0.01179	0.01636	0.01624	0.02561	0.01575	0.02285	0.02365	0.75096	0.00712	0.00699	0.00468	0.00606
9	0.08560	0.00939	0.01189	0.00979	0.01337	0.00875	0.00784	0.04624	0.05113	0.49268	0.06874	0.13091	0.01975	0.00895	0.00596	0.00189	0.00458	0.00747	0.00650	0.00856

[dist]
# distance from previous block
# <min> <max>
22	37

[block]
# block no. 7 follows, 40 sequences, length 9
# corresponding to MSA columns:
# 527-535
name=unknown_H
#
# <colnr> <probs for GDERKNQSTAVLIFYWHMCP>
#	G	D	E	R	K	N	Q	S	T	A	V	L	I	F	Y	W	H	M	C	P
0	0.20657	0.01440	0.01447	0.01149	0.01566	0.04930	0.00938	0.41796	0.02076	0.13708	0.01384	0.01440	0.00998	0.03193	0.00606	0.00188	0.00592	0.00489	0.00531	0.00873
1	0.01238	0.00657	0.00798	0.00733	0.00837	0.00625	0.00475	0.01294	0.01044	0.18165	0.02003	0.07003	0.02044	0.57996	0.02316	0.00461	0.00537	0.00825	0.00444	0.00502
2	0.20042	0.42981	0.20808	0.01107	0.01664	0.01839	0.01199	0.01759	0.01150	0.01767	0.00867	0.01009	0.00718	0.00521	0.00415	0.00152	0.00642	0.00341	0.00273	0.00748
3	0.00772	0.00553	0.00700	0.00770	0.00828	0.00513	0.00506	0.00867	0.01079	0.01460	0.05584	0.54753	0.03347	0.19311	0.01224	0.00300	0.00392	0.01372	0.00490	0.05180
4	0.00875	0.00547	0.00665	0.00673	0.00675	0.00545	0.00398	0.00824	0.00842	0.01122	0.01729	0.07866	0.01968	0.57351	0.02671	0.19218	0.00537	0.00817	0.00341	0.00337
5	0.06008	0.01929	0.01676	0.01357	0.01770	0.23171	0.01088	0.50290	0.02345	0.02980	0.01228	0.01277	0.00904	0.00663	0.00555	0.00168	0.00747	0.00472	0.00491	0.00883
6	0.02147	0.02121	0.01595	0.01369	0.01728	0.42104	0.01063	0.18694	0.10549	0.10978	0.01351	0.01371	0.01007	0.00658	0.00552	0.00165	0.00821	0.00467	0.00448	0.00812
7	0.01135	0.00956	0.01494	0.01258	0.01506	0.00936	0.17211	0.13113	0.01424	0.01922	0.02269	0.40636	0.02469	0.06460	0.00838	0.00233	0.00552	0.01142	0.00471	0.03977
8	0.02172	0.02772	0.01648	0.01498	0.01798	0.77228	0.01124	0.02322	0.01648	0.01423	0.00899	0.01049	0.00749	0.00599	0.00524	0.00150	0.01049	0.00375	0.00300	0.00674

[dist]
# distance from previous block
# <min> <max>
0	5

[block]
# block no. 8 follows, 40 sequences, length 18
# corresponding to MSA columns:
# 541-558
name=unknown_I
#
# <colnr> <probs for GDERKNQSTAVLIFYWHMCP>
#	G	D	E	R	K	N	Q	S	T	A	V	L	I	F	Y	W	H	M	C	P
0	0.66724	0.01150	0.00950	0.00851	0.01204	0.01334	0.00690	0.01994	0.16220	0.02573	0.01131	0.01197	0.00866	0.00591	0.00408	0.00184	0.00452	0.00385	0.00408	0.00690
1	0.01473	0.01243	0.01336	0.01133	0.01514	0.01344	0.00891	0.09867	0.52462	0.02445	0.01995	0.01893	0.01508	0.00706	0.00558	0.00172	0.00472	0.00580	0.00540	0.17868
2	0.01222	0.00876	0.00972	0.00851	0.01097	0.02481	0.00663	0.15796	0.01749	0.07998	0.29383	0.06183	0.26132	0.01150	0.00656	0.00186	0.00390	0.00968	0.00593	0.00653
3	0.01335	0.01275	0.02172	0.26426	0.53896	0.01354	0.01733	0.01693	0.01275	0.01773	0.01075	0.01473	0.00876	0.00538	0.00577	0.00179	0.00717	0.00518	0.00279	0.00837
4	0.01612	0.48344	0.17530	0.01199	0.01762	0.02008	0.01249	0.16653	0.01511	0.01937	0.00977	0.01088	0.00794	0.00550	0.00452	0.00147	0.00673	0.00379	0.00317	0.00819
5	0.01497	0.63705	0.02786	0.01105	0.01500	0.02194	0.01052	0.01671	0.01122	0.01375	0.00799	0.01003	0.00750	0.00605	0.00690	0.00151	0.16673	0.00352	0.00250	0.00724
6	0.00839	0.00561	0.00636	0.00643	0.00644	0.00559	0.00361	0.00844	0.00858	0.01145	0.01898	0.07390	0.02197	0.75867	0.02854	0.00548	0.00553	0.00884	0.00361	0.00358
7	0.02211	0.01629	0.01745	0.01338	0.01803	0.01803	0.01105	0.73997	0.02734	0.03665	0.01396	0.01396	0.00989	0.00698	0.00582	0.00175	0.00640	0.00524	0.00582	0.00989
8	0.01232	0.07316	0.57079	0.01781	0.02563	0.01432	0.16852	0.01840	0.01255	0.01818	0.01057	0.01280	0.00767	0.00536	0.00569	0.00183	0.00870	0.00475	0.00256	0.00837
9	0.00846	0.00564	0.00634	0.00634	0.00634	0.00564	0.00352	0.00846	0.00846	0.01128	0.01832	0.03805	0.02114	0.79563	0.02960	0.00564	0.00564	0.00846	0.00352	0.00352
10	0.01406	0.63571	0.02612	0.00983	0.01399	0.01977	0.00940	0.01596	0.01131	0.01364	0.00963	0.01211	0.00892	0.01294	0.16219	0.00291	0.00815	0.00375	0.00262	0.00699
11	0.01997	0.02146	0.01702	0.01460	0.01743	0.40805	0.01149	0.21968	0.01792	0.02039	0.01009	0.01191	0.00818	0.00713	0.00825	0.00178	0.16898	0.00443	0.00368	0.00753
12	0.00706	0.00514	0.00666	0.00788	0.00838	0.00474	0.00530	0.00812	0.01135	0.01493	0.03475	0.71802	0.11053	0.01787	0.00737	0.00232	0.00333	0.01610	0.00540	0.00474
13	0.01098	0.01034	0.01744	0.78165	0.04005	0.01292	0.01615	0.01486	0.01163	0.01486	0.01034	0.01550	0.00775	0.00581	0.00581	0.00194	0.00775	0.00517	0.00258	0.00646
14	0.01847	0.01258	0.01399	0.01177	0.01558	0.01375	0.00938	0.15662	0.45348	0.19492	0.02177	0.01988	0.01559	0.00757	0.00588	0.00189	0.00500	0.00617	0.00619	0.00948
15	0.02208	0.01412	0.01587	0.01235	0.01670	0.01502	0.01012	0.53056	0.02387	0.20239	0.01716	0.06395	0.01271	0.00773	0.00592	0.00180	0.00588	0.00608	0.00611	0.00957
16	0.01826	0.01393	0.01943	0.04164	0.35237	0.01453	0.01375	0.29518	0.01872	0.09997	0.01325	0.01493	0.00999	0.00670	0.00648	0.03553	0.00646	0.00526	0.00442	0.00920
17	0.01359	0.01148	0.01710	0.06827	0.36593	0.02705	0.01275	0.08830	0.01522	0.05123	0.16739	0.09852	0.02171	0.00819	0.00615	0.00182	0.00569	0.00742	0.00431	0.00787

[dist]
# distance from previous block
# <min> <max>
4	9

[block]
# block no. 9 follows, 40 sequences, length 8
# corresponding to MSA columns:
# 569-576
name=unknown_J
#
# <colnr> <probs for GDERKNQSTAVLIFYWHMCP>
#	G	D	E	R	K	N	Q	S	T	A	V	L	I	F	Y	W	H	M	C	P
0	0.02254	0.01230	0.01462	0.01145	0.01584	0.01236	0.00936	0.25086	0.12884	0.39565	0.01973	0.01794	0.01325	0.00712	0.00579	0.00177	0.00532	0.00567	0.00642	0.04318
1	0.02078	0.01494	0.01623	0.01270	0.01715	0.01631	0.01039	0.54118	0.14223	0.09049	0.01608	0.01559	0.01146	0.00704	0.00578	0.00175	0.00591	0.00543	0.00585	0.04272
2	0.00832	0.00638	0.00801	0.00808	0.00969	0.00554	0.00583	0.00996	0.01216	0.01677	0.10572	0.45887	0.09082	0.01432	0.00671	0.00198	0.00356	0.04817	0.00510	0.17400
3	0.01232	0.01038	0.01229	0.04073	0.01480	0.00840	0.00743	0.05753	0.01290	0.01959	0.01184	0.05842	0.01042	0.00535	0.00464	0.00105	0.00452	0.00440	0.00367	0.69934
4	0.02146	0.01494	0.01641	0.01260	0.01722	0.01601	0.01037	0.57373	0.05384	0.11739	0.01509	0.01479	0.01062	0.00683	0.00571	0.00169	0.00600	0.00522	0.00579	0.07430
5	0.01317	0.01499	0.05170	0.02287	0.06846	0.01377	0.57549	0.01758	0.01327	0.01827	0.01279	0.06511	0.01066	0.00593	0.00707	0.00194	0.03301	0.00711	0.00309	0.04372
6	0.06025	0.08202	0.01610	0.04843	0.03511	0.45619	0.01039	0.02119	0.03149	0.08540	0.04618	0.05705	0.01226	0.00696	0.00535	0.00162	0.00824	0.00505	0.00371	0.00700
7	0.02193	0.02164	0.01700	0.01413	0.01801	0.37158	0.01114	0.40400	0.02225	0.02614	0.01163	0.01233	0.00877	0.00652	0.00555	0.00163	0.00832	0.00454	0.00449	0.00841

[dist]
# distance from previous block
# <min> <max>
0	2

[block]
# block no. 10 follows, 40 sequences, length 12
# corresponding to MSA columns:
# 579-590
name=unknown_K
#
# <colnr> <probs for GDERKNQSTAVLIFYWHMCP>
#	G	D	E	R	K	N	Q	S	T	A	V	L	I	F	Y	W	H	M	C	P
0	0.48654	0.01217	0.04361	0.06423	0.01482	0.01295	0.00844	0.15097	0.01354	0.02553	0.01243	0.10819	0.01112	0.00732	0.00473	0.00187	0.00512	0.00540	0.00412	0.00688
1	0.01796	0.01447	0.01476	0.01244	0.01622	0.05886	0.00989	0.26110	0.43490	0.06516	0.01963	0.01844	0.01443	0.00745	0.00584	0.00186	0.00554	0.00594	0.00578	0.00932
2	0.12208	0.01115	0.01171	0.01017	0.01354	0.01213	0.00806	0.09230	0.35394	0.12531	0.02589	0.02435	0.12789	0.00840	0.00570	0.00189	0.00451	0.00675	0.02600	0.00824
3	0.12346	0.01566	0.01634	0.01267	0.01719	0.01741	0.01046	0.65002	0.02517	0.03534	0.01323	0.01340	0.00944	0.00678	0.00554	0.00175	0.00616	0.00498	0.00554	0.00944
4	0.01273	0.01031	0.01200	0.00936	0.01360	0.00880	0.00743	0.12049	0.01426	0.02092	0.01486	0.11998	0.01412	0.00719	0.00514	0.00129	0.00454	0.04306	0.00416	0.55575
5	0.01555	0.79913	0.03047	0.00995	0.01493	0.02301	0.00995	0.01741	0.01182	0.01368	0.00808	0.00933	0.00746	0.00498	0.00373	0.00124	0.00622	0.00311	0.00249	0.00746
6	0.00942	0.00759	0.00920	0.00818	0.01089	0.00617	0.00604	0.01125	0.01186	0.01708	0.04754	0.36252	0.06632	0.01134	0.00592	0.00162	0.00376	0.01001	0.00452	0.38875
7	0.00887	0.00594	0.00664	0.00662	0.00666	0.00588	0.00371	0.00876	0.00872	0.01167	0.01866	0.03843	0.02143	0.79097	0.02961	0.00568	0.00577	0.00856	0.00366	0.00374
8	0.01365	0.31530	0.44585	0.01407	0.02100	0.01729	0.01659	0.01898	0.05329	0.01733	0.01069	0.01224	0.00836	0.00571	0.00505	0.00170	0.00760	0.00411	0.00280	0.00840
9	0.01763	0.01317	0.01441	0.01135	0.01540	0.01366	0.00915	0.41974	0.06370	0.03020	0.10691	0.01877	0.01640	0.00738	0.00572	0.00165	0.00532	0.00577	0.06101	0.16268
10	0.01255	0.01290	0.02507	0.05857	0.06541	0.01202	0.42930	0.01617	0.01313	0.01814	0.01564	0.16073	0.01467	0.00764	0.00669	0.00195	0.00776	0.00818	0.00358	0.10990
11	0.01524	0.01234	0.01403	0.01045	0.01528	0.01120	0.00843	0.21459	0.01639	0.02398	0.01162	0.01315	0.00930	0.00554	0.00546	0.00125	0.03487	0.00413	0.00420	0.56858

[dist]
# distance from previous block
# <min> <max>
0	9

[block]
# block no. 11 follows, 40 sequences, length 18
# corresponding to MSA columns:
# 600-617
name=unknown_L
#
# <colnr> <probs for GDERKNQSTAVLIFYWHMCP>
#	G	D	E	R	K	N	Q	S	T	A	V	L	I	F	Y	W	H	M	C	P
0	0.06809	0.01685	0.01653	0.01318	0.01733	0.10020	0.01072	0.54271	0.07678	0.03189	0.01356	0.01384	0.00991	0.00696	0.00610	0.00177	0.03409	0.00504	0.00527	0.00916
1	0.13661	0.01402	0.01487	0.01151	0.01597	0.01490	0.00945	0.46851	0.02169	0.07220	0.03678	0.01430	0.01087	0.00653	0.00532	0.00163	0.00563	0.00488	0.00525	0.12909
2	0.02242	0.01033	0.01315	0.01052	0.01456	0.00980	0.00854	0.05225	0.15823	0.54200	0.07592	0.02167	0.01782	0.00766	0.00593	0.00183	0.00477	0.00631	0.00684	0.00944
3	0.01111	0.01059	0.01826	0.74509	0.03959	0.01301	0.05102	0.01504	0.01173	0.01504	0.01040	0.01551	0.00780	0.00577	0.00586	0.00194	0.00785	0.00525	0.00260	0.00653
4	0.01439	0.01382	0.02360	0.03569	0.75936	0.01382	0.01785	0.01785	0.01324	0.01900	0.01094	0.01439	0.00921	0.00518	0.00576	0.00173	0.00691	0.00518	0.00288	0.00921
5	0.01446	0.01249	0.01315	0.01183	0.01512	0.01446	0.00920	0.03090	0.74885	0.02433	0.02367	0.02170	0.01775	0.00789	0.00592	0.00197	0.00460	0.00657	0.00592	0.00920
6	0.01206	0.01034	0.01206	0.00861	0.01378	0.00775	0.00689	0.01464	0.01206	0.01895	0.01034	0.01206	0.00861	0.00431	0.00431	0.00086	0.00431	0.00345	0.00345	0.83118
7	0.01166	0.03008	0.76550	0.01657	0.02517	0.01351	0.02149	0.01842	0.01228	0.01842	0.01044	0.01228	0.00737	0.00552	0.00552	0.00184	0.00859	0.00430	0.00246	0.00859
8	0.02211	0.01629	0.01745	0.01338	0.01803	0.01803	0.01105	0.73997	0.02734	0.03665	0.01396	0.01396	0.00989	0.00698	0.00582	0.00175	0.00640	0.00524	0.00582	0.00989
9	0.00846	0.00564	0.00634	0.00634	0.00634	0.00564	0.00352	0.00846	0.00846	0.01128	0.01832	0.03805	0.02114	0.79563	0.02960	0.00564	0.00564	0.00846	0.00352	0.00352
10	0.00709	0.00506	0.00675	0.00810	0.00843	0.00472	0.00540	0.00810	0.01113	0.01484	0.03205	0.79184	0.03846	0.01822	0.00742	0.00236	0.00337	0.01653	0.00540	0.00472
11	0.83671	0.01125	0.00855	0.00765	0.01125	0.01305	0.00630	0.01709	0.00990	0.02609	0.00810	0.00945	0.00630	0.00540	0.00360	0.00180	0.00450	0.00315	0.00360	0.00630
12	0.01279	0.01077	0.01245	0.00896	0.01409	0.00850	0.00719	0.06721	0.01317	0.02023	0.01060	0.01220	0.00871	0.00450	0.00442	0.00093	0.00446	0.00358	0.00362	0.77166
13	0.02172	0.02772	0.01648	0.01498	0.01798	0.77228	0.01124	0.02322	0.01648	0.01423	0.00899	0.01049	0.00749	0.00599	0.00524	0.00150	0.01049	0.00375	0.00300	0.00674
14	0.02609	0.00990	0.01350	0.01035	0.01484	0.00855	0.00855	0.02834	0.01664	0.76338	0.02294	0.01979	0.01439	0.00720	0.00585	0.00180	0.00495	0.00585	0.00720	0.00990
15	0.02609	0.00990	0.01350	0.01035	0.01484	0.00855	0.00855	0.02834	0.01664	0.76338	0.02294	0.01979	0.01439	0.00720	0.00585	0.00180	0.00495	0.00585	0.00720	0.00990
16	0.00709	0.00506	0.00675	0.00810	0.00843	0.00472	0.00540	0.00810	0.01113	0.01484	0.03205	0.79184	0.03846	0.01822	0.00742	0.00236	0.00337	0.01653	0.00540	0.00472
17	0.00823	0.00594	0.00777	0.00732	0.00869	0.00549	0.00549	0.01097	0.01646	0.02332	0.75629	0.04344	0.05487	0.01189	0.00686	0.00183	0.00274	0.01052	0.00640	0.00549

[dist]
# distance from previous block
# <min> <max>
0	147

# created by:
# /software/SequenceAnalysis/GenePrediction/augustus/3.0.1/scripts/msa2prfl.pl ./fixed/BUSCOvEOG7FBK6N.fas
