[name]
unknown

[dist]
# distance from previous block
# <min> <max>
2	476

[block]
# block no. 0 follows, 40 sequences, length 10
# corresponding to MSA columns:
# 505-514
name=unknown_A
#
# <colnr> <probs for GDERKNQSTAVLIFYWHMCP>
#	G	D	E	R	K	N	Q	S	T	A	V	L	I	F	Y	W	H	M	C	P
0	0.00846	0.00564	0.00634	0.00634	0.00634	0.00564	0.00352	0.00846	0.00846	0.01128	0.01832	0.03805	0.02114	0.79563	0.02960	0.00564	0.00564	0.00846	0.00352	0.00352
1	0.01521	0.01364	0.02133	0.16829	0.48926	0.01444	0.01627	0.15194	0.01557	0.02153	0.01139	0.01452	0.00907	0.00563	0.00578	0.00177	0.00697	0.00519	0.00337	0.00883
2	0.00802	0.00578	0.00758	0.00746	0.00864	0.00534	0.00547	0.01044	0.01547	0.02174	0.62125	0.18298	0.05181	0.01307	0.00696	0.00193	0.00286	0.01164	0.00621	0.00534
3	0.16742	0.01328	0.02109	0.07242	0.41340	0.01380	0.11657	0.01868	0.07165	0.02044	0.01151	0.01431	0.00921	0.00544	0.00553	0.00181	0.00673	0.00515	0.00325	0.00831
4	0.01380	0.01305	0.02152	0.09913	0.47626	0.01279	0.07061	0.03729	0.01330	0.01907	0.01092	0.01415	0.00895	0.00511	0.00558	0.00160	0.00671	0.00499	0.00304	0.16213
5	0.01276	0.00861	0.00966	0.00874	0.01121	0.00894	0.00676	0.02017	0.27596	0.10458	0.19529	0.03048	0.11171	0.00932	0.00589	0.00180	0.00367	0.00785	0.15938	0.00722
6	0.01202	0.00643	0.00801	0.00754	0.00924	0.00591	0.00556	0.01394	0.01360	0.16956	0.20065	0.18866	0.08338	0.08876	0.00850	0.00223	0.00361	0.00979	0.15661	0.00598
7	0.40436	0.00976	0.00927	0.00805	0.01105	0.01022	0.00618	0.05332	0.01137	0.06686	0.01346	0.07885	0.01266	0.15381	0.00911	0.00242	0.00472	0.00553	0.00404	0.12495
8	0.06635	0.06970	0.23250	0.01246	0.01764	0.01415	0.01249	0.25465	0.04874	0.08392	0.01618	0.01788	0.05208	0.06720	0.00735	0.00207	0.00646	0.00544	0.00440	0.00834
9	0.17220	0.05934	0.05514	0.01013	0.01431	0.01088	0.00890	0.07631	0.01515	0.33407	0.06629	0.02118	0.01562	0.00748	0.00544	0.00179	0.00511	0.06258	0.00547	0.05260

[dist]
# distance from previous block
# <min> <max>
0	2

[block]
# block no. 1 follows, 40 sequences, length 6
# corresponding to MSA columns:
# 517-522
name=unknown_B
#
# <colnr> <probs for GDERKNQSTAVLIFYWHMCP>
#	G	D	E	R	K	N	Q	S	T	A	V	L	I	F	Y	W	H	M	C	P
0	0.19051	0.26584	0.11203	0.08035	0.08062	0.05495	0.01150	0.03615	0.01264	0.01900	0.07725	0.01399	0.01176	0.00596	0.00470	0.00162	0.00625	0.00439	0.00324	0.00726
1	0.33606	0.01405	0.14429	0.01045	0.01456	0.01196	0.00986	0.08296	0.07752	0.02341	0.03880	0.08372	0.01443	0.00788	0.00517	0.00189	0.00531	0.06227	0.00418	0.05123
2	0.10849	0.01485	0.12919	0.01438	0.02002	0.01127	0.21887	0.01780	0.01271	0.08343	0.01158	0.01349	0.00872	0.00503	0.00527	0.00151	0.00659	0.00472	0.00349	0.30857
3	0.15509	0.01112	0.01294	0.01203	0.07755	0.01125	0.00873	0.07881	0.16270	0.18227	0.09805	0.01903	0.01656	0.00695	0.00537	0.00169	0.00475	0.00561	0.00524	0.12426
4	0.14768	0.01462	0.11201	0.06867	0.01762	0.01343	0.01082	0.30778	0.01817	0.02687	0.07690	0.08647	0.01519	0.00775	0.00558	0.00180	0.00578	0.00616	0.00466	0.05203
5	0.22947	0.00988	0.01128	0.00950	0.01301	0.00983	0.00760	0.06442	0.04276	0.37316	0.02022	0.15087	0.01636	0.00866	0.00555	0.00190	0.00463	0.00700	0.00583	0.00805

[dist]
# distance from previous block
# <min> <max>
0	4

[block]
# block no. 2 follows, 40 sequences, length 9
# corresponding to MSA columns:
# 527-535
name=unknown_C
#
# <colnr> <probs for GDERKNQSTAVLIFYWHMCP>
#	G	D	E	R	K	N	Q	S	T	A	V	L	I	F	Y	W	H	M	C	P
0	0.01310	0.01176	0.03645	0.06327	0.06743	0.01259	0.00997	0.05957	0.44864	0.02196	0.02325	0.15176	0.03626	0.00936	0.00616	0.00200	0.00493	0.00807	0.00528	0.00818
1	0.01619	0.01584	0.05575	0.01386	0.01740	0.14252	0.08205	0.04871	0.33220	0.08304	0.01828	0.04956	0.01448	0.00779	0.00688	0.00193	0.06041	0.02009	0.00478	0.00825
2	0.01424	0.01228	0.01495	0.01275	0.01395	0.04392	0.01046	0.13761	0.01306	0.01956	0.01128	0.01484	0.00963	0.00872	0.01296	0.00210	0.44921	0.00514	0.18659	0.00677
3	0.01369	0.01201	0.01410	0.18295	0.02066	0.01412	0.01075	0.02733	0.58498	0.02222	0.02070	0.02032	0.01553	0.00743	0.00589	0.00196	0.00530	0.00626	0.00518	0.00859
4	0.01711	0.01301	0.01438	0.01121	0.01535	0.01343	0.00908	0.41737	0.06025	0.02980	0.13981	0.01896	0.01766	0.00727	0.00566	0.00157	0.00522	0.00581	0.00539	0.19167
5	0.00879	0.00752	0.01281	0.01145	0.01296	0.00710	0.16798	0.01050	0.01125	0.01508	0.02521	0.49123	0.02893	0.14736	0.01107	0.00283	0.00519	0.01301	0.00453	0.00521
6	0.00908	0.01141	0.17681	0.01034	0.01284	0.00832	0.00966	0.01177	0.00982	0.01414	0.01500	0.02362	0.01430	0.18936	0.44972	0.00692	0.01199	0.00626	0.00305	0.00561
7	0.00835	0.00630	0.00789	0.00842	0.00970	0.00606	0.00645	0.01129	0.06428	0.01813	0.19673	0.27645	0.16160	0.01500	0.00724	0.00222	0.00371	0.17915	0.00565	0.00538
8	0.05750	0.00893	0.01116	0.06226	0.01386	0.00837	0.03649	0.07565	0.01496	0.04732	0.23406	0.03070	0.17543	0.00913	0.00591	0.00164	0.00425	0.00775	0.00496	0.18965

[dist]
# distance from previous block
# <min> <max>
9	35

[block]
# block no. 3 follows, 40 sequences, length 13
# corresponding to MSA columns:
# 571-583
name=unknown_D
#
# <colnr> <probs for GDERKNQSTAVLIFYWHMCP>
#	G	D	E	R	K	N	Q	S	T	A	V	L	I	F	Y	W	H	M	C	P
0	0.01553	0.23099	0.01604	0.00931	0.01230	0.01251	0.00760	0.09112	0.03190	0.17386	0.03825	0.11935	0.01777	0.18601	0.01084	0.00258	0.00534	0.00711	0.00462	0.00698
1	0.11778	0.00771	0.00871	0.00793	0.01049	0.00725	0.00612	0.01554	0.04231	0.20632	0.09062	0.15666	0.27679	0.01172	0.00625	0.00196	0.00377	0.00982	0.00572	0.00653
2	0.00826	0.00679	0.01026	0.00947	0.01095	0.00627	0.09833	0.01006	0.01255	0.01670	0.16994	0.34240	0.16077	0.09819	0.00953	0.00249	0.00424	0.01255	0.00507	0.00517
3	0.05851	0.01475	0.11065	0.07478	0.21988	0.10102	0.01273	0.06099	0.01348	0.01836	0.01674	0.23838	0.01701	0.00927	0.00604	0.00192	0.00642	0.00807	0.00377	0.00722
4	0.01198	0.09451	0.01353	0.00860	0.01330	0.00912	0.00705	0.01451	0.01255	0.01890	0.09833	0.01548	0.01396	0.00528	0.00455	0.00102	0.00433	0.00425	0.00369	0.64507
5	0.01268	0.01494	0.09677	0.20730	0.02226	0.10403	0.01366	0.01532	0.01090	0.01465	0.00978	0.01439	0.00849	0.01232	0.10803	0.00305	0.31723	0.00501	0.00267	0.00652
6	0.00937	0.00693	0.00850	0.00861	0.00997	0.00657	0.00606	0.08747	0.01281	0.01745	0.02668	0.56857	0.03077	0.06437	0.00828	0.00232	0.00395	0.01326	0.00509	0.10296
7	0.01354	0.01484	0.02754	0.02053	0.02510	0.06167	0.50557	0.01852	0.06719	0.01786	0.01272	0.01655	0.01006	0.01041	0.10484	0.00290	0.05307	0.00647	0.00316	0.00745
8	0.01673	0.07125	0.01874	0.01354	0.01771	0.10437	0.09603	0.23974	0.01711	0.02282	0.01137	0.02607	0.00922	0.00634	0.00683	0.00158	0.09287	0.00482	0.00393	0.21893
9	0.30176	0.01467	0.01645	0.08897	0.02019	0.01545	0.06446	0.14788	0.11047	0.02809	0.01837	0.02513	0.01582	0.00990	0.00706	0.00266	0.00703	0.09061	0.00567	0.00936
10	0.36430	0.01471	0.04548	0.01212	0.01604	0.01425	0.00963	0.16082	0.01646	0.08280	0.01520	0.01826	0.01234	0.01004	0.00820	0.09144	0.00644	0.00547	0.02825	0.06777
11	0.02345	0.01766	0.11294	0.01477	0.01983	0.01522	0.01256	0.27656	0.09166	0.23352	0.03430	0.02186	0.01597	0.00939	0.00737	0.00246	0.00714	0.00663	0.00681	0.06993
12	0.01422	0.00897	0.01106	0.01133	0.01273	0.00811	0.00790	0.01443	0.01420	0.12687	0.03122	0.53841	0.03379	0.02169	0.10615	0.00385	0.00660	0.01420	0.00658	0.00768

[dist]
# distance from previous block
# <min> <max>
0	2

[block]
# block no. 4 follows, 40 sequences, length 13
# corresponding to MSA columns:
# 586-598
name=unknown_E
#
# <colnr> <probs for GDERKNQSTAVLIFYWHMCP>
#	G	D	E	R	K	N	Q	S	T	A	V	L	I	F	Y	W	H	M	C	P
0	0.33076	0.01386	0.01717	0.06389	0.01918	0.01518	0.14408	0.28282	0.01713	0.02785	0.01108	0.01266	0.00818	0.00592	0.00516	0.00182	0.00639	0.00474	0.00423	0.00791
1	0.07992	0.01224	0.01482	0.12322	0.01872	0.01412	0.01063	0.12323	0.21289	0.08928	0.01492	0.01605	0.01130	0.00730	0.00799	0.00191	0.14966	0.00529	0.00451	0.08203
2	0.14665	0.01147	0.01187	0.00968	0.01310	0.01239	0.00786	0.33165	0.01883	0.09549	0.01544	0.01623	0.01133	0.00669	0.00491	0.00163	0.00480	0.00502	0.26704	0.00791
3	0.01874	0.01348	0.01583	0.15456	0.02079	0.01504	0.01112	0.40588	0.11861	0.09538	0.01568	0.01624	0.01123	0.00689	0.00573	0.00179	0.00607	0.00547	0.05256	0.00891
4	0.00896	0.00738	0.01014	0.01214	0.14729	0.00685	0.00745	0.01146	0.01490	0.02024	0.40902	0.04183	0.25725	0.01150	0.00666	0.00185	0.00357	0.01006	0.00545	0.00600
5	0.00844	0.00648	0.00788	0.00867	0.00964	0.00654	0.00605	0.01233	0.14771	0.01665	0.03197	0.60907	0.07399	0.01612	0.00711	0.00227	0.00358	0.01446	0.00549	0.00556
6	0.00919	0.15199	0.01094	0.00805	0.00940	0.00821	0.00605	0.01061	0.01141	0.01562	0.02573	0.53576	0.02932	0.01411	0.00625	0.00201	0.00380	0.01244	0.12376	0.00533
7	0.01230	0.01097	0.01704	0.18938	0.06811	0.01296	0.08336	0.07911	0.01213	0.01674	0.01322	0.12700	0.01279	0.01025	0.01151	0.08718	0.21929	0.00695	0.00332	0.00640
8	0.56654	0.01225	0.01155	0.00989	0.01297	0.01465	0.00817	0.12101	0.01223	0.02538	0.00886	0.01071	0.00706	0.00651	0.00678	0.00193	0.14914	0.00381	0.00372	0.00683
9	0.01295	0.01046	0.01271	0.00990	0.01330	0.01000	0.00782	0.06033	0.01214	0.05275	0.01181	0.01642	0.01059	0.12009	0.01086	0.00196	0.14907	0.00470	0.00362	0.46854
10	0.01440	0.01048	0.01298	0.09305	0.01682	0.00916	0.00840	0.08174	0.01395	0.11890	0.01372	0.06315	0.01130	0.00598	0.00501	0.00128	0.00490	0.00494	0.00419	0.50564
11	0.51608	0.01078	0.01028	0.00846	0.01251	0.01116	0.00694	0.01953	0.01189	0.20826	0.01211	0.01240	0.00864	0.00569	0.00426	0.00166	0.00458	0.00386	0.00447	0.12643
12	0.01838	0.01260	0.01376	0.01094	0.01470	0.01338	0.00890	0.46000	0.02233	0.09672	0.07062	0.02316	0.12168	0.00843	0.00589	0.00175	0.00521	0.00667	0.07637	0.00850

[dist]
# distance from previous block
# <min> <max>
0	16

[block]
# block no. 5 follows, 40 sequences, length 46
# corresponding to MSA columns:
# 615-660
name=unknown_F
#
# <colnr> <probs for GDERKNQSTAVLIFYWHMCP>
#	G	D	E	R	K	N	Q	S	T	A	V	L	I	F	Y	W	H	M	C	P
0	0.01557	0.01448	0.01912	0.01650	0.01717	0.01835	0.01331	0.01609	0.01111	0.01719	0.01091	0.01674	0.01055	0.01151	0.01863	0.00293	0.69276	0.00591	0.00365	0.06752
1	0.01092	0.00824	0.01108	0.01124	0.01226	0.00754	0.05965	0.01133	0.01285	0.01752	0.03038	0.59287	0.03486	0.09238	0.05036	0.00351	0.00576	0.01494	0.00583	0.00647
2	0.01078	0.00784	0.00969	0.06576	0.01268	0.00736	0.00719	0.01097	0.01256	0.01701	0.02996	0.56864	0.03455	0.15730	0.01243	0.00343	0.00517	0.01467	0.00577	0.00624
3	0.01713	0.01592	0.02634	0.03510	0.63849	0.01537	0.10536	0.01981	0.01507	0.02156	0.01396	0.01854	0.01194	0.00714	0.00713	0.00230	0.00817	0.00632	0.00391	0.01044
4	0.01225	0.00840	0.01026	0.00956	0.01133	0.00749	0.00699	0.01404	0.01809	0.06332	0.68680	0.04485	0.05343	0.01332	0.00800	0.00236	0.00396	0.01096	0.00730	0.00728
5	0.01696	0.37506	0.02347	0.01334	0.07128	0.01715	0.01046	0.03255	0.01416	0.01949	0.01237	0.01511	0.01095	0.00676	0.00549	0.00170	0.00645	0.00447	0.00401	0.33875
6	0.05673	0.00800	0.00789	0.00772	0.00942	0.00766	0.00559	0.01580	0.01389	0.02439	0.02095	0.02469	0.01696	0.00862	0.00537	0.00194	0.00391	0.00622	0.74721	0.00704
7	0.01927	0.01389	0.01672	0.01364	0.01728	0.01393	0.06344	0.34730	0.02285	0.08087	0.28187	0.02900	0.02889	0.01050	0.00751	0.00234	0.00618	0.00821	0.00679	0.00953
8	0.07500	0.01694	0.01933	0.05443	0.02113	0.02879	0.06529	0.47303	0.07698	0.07184	0.01712	0.01870	0.01298	0.00863	0.00699	0.00233	0.00739	0.00625	0.00622	0.01060
9	0.01161	0.00821	0.01053	0.01228	0.06625	0.00744	0.00780	0.01202	0.01340	0.05044	0.03203	0.66850	0.03666	0.01816	0.00840	0.00280	0.00478	0.01563	0.00620	0.00688
10	0.01409	0.00831	0.00907	0.00983	0.06451	0.00788	0.00649	0.01593	0.01409	0.02396	0.02093	0.02479	0.01699	0.00857	0.00551	0.00194	0.00413	0.00632	0.72938	0.00727
11	0.13036	0.01230	0.01453	0.01184	0.01610	0.01130	0.00934	0.07957	0.01787	0.53268	0.02248	0.02191	0.01559	0.00882	0.00668	0.00230	0.00585	0.00633	0.06366	0.01049
12	0.01823	0.74681	0.04801	0.01207	0.01718	0.02381	0.01134	0.01932	0.01366	0.01664	0.01120	0.01362	0.01032	0.00699	0.00511	0.00182	0.00722	0.00417	0.00353	0.00896
13	0.02073	0.01615	0.01704	0.01441	0.01846	0.01749	0.01121	0.35219	0.39027	0.03224	0.02161	0.02185	0.01657	0.00934	0.00711	0.00240	0.00643	0.00684	0.00675	0.01091
14	0.02325	0.01673	0.01828	0.01448	0.01906	0.01737	0.01154	0.53893	0.02506	0.08788	0.01669	0.01811	0.01271	0.00872	0.00746	0.00222	0.04077	0.00599	0.00638	0.10835
15	0.38984	0.01258	0.01338	0.04344	0.01633	0.01244	0.00906	0.02412	0.01503	0.37013	0.01814	0.01872	0.01303	0.00823	0.00608	0.00234	0.00587	0.00551	0.00622	0.00951
16	0.02779	0.01244	0.01567	0.01253	0.01709	0.01101	0.00993	0.07518	0.03886	0.66441	0.02475	0.02321	0.01673	0.00910	0.00709	0.00234	0.00604	0.00673	0.00790	0.01124
17	0.01674	0.01201	0.01449	0.01244	0.01548	0.01187	0.04680	0.13616	0.16322	0.09689	0.35416	0.03341	0.03482	0.01119	0.00761	0.00238	0.00538	0.00895	0.00697	0.00903
18	0.01170	0.03009	0.76509	0.01659	0.02519	0.01352	0.02149	0.01844	0.01230	0.01845	0.01047	0.01233	0.00740	0.00555	0.00554	0.00185	0.00860	0.00431	0.00247	0.00861
19	0.01771	0.01261	0.06078	0.01149	0.02525	0.04958	0.00950	0.06194	0.24716	0.26173	0.14220	0.02381	0.02139	0.00816	0.00604	0.00186	0.00511	0.01906	0.00599	0.00864
20	0.01387	0.01327	0.02261	0.15791	0.64111	0.01369	0.01758	0.01738	0.01300	0.01835	0.01088	0.01462	0.00901	0.00531	0.00578	0.00177	0.00706	0.00519	0.00284	0.00878
21	0.00720	0.00528	0.00678	0.00794	0.00855	0.00486	0.00547	0.00834	0.01155	0.01512	0.03567	0.65754	0.13595	0.01766	0.00739	0.00233	0.00342	0.04874	0.00541	0.00480
22	0.01506	0.01449	0.02633	0.06073	0.11270	0.01520	0.36754	0.10230	0.01444	0.05323	0.01165	0.01502	0.00901	0.00630	0.00872	0.00201	0.14783	0.00603	0.00338	0.00802
23	0.02367	0.01149	0.01430	0.01124	0.01555	0.01114	0.00930	0.21726	0.03923	0.50147	0.02109	0.02125	0.01453	0.00775	0.00600	0.00185	0.00536	0.05121	0.00669	0.00960
24	0.01439	0.00896	0.01066	0.00944	0.01217	0.00901	0.00733	0.02113	0.24982	0.20208	0.22742	0.08323	0.09928	0.01020	0.00637	0.00192	0.00395	0.00871	0.00629	0.00766
25	0.00849	0.00567	0.00637	0.00637	0.00637	0.00566	0.00354	0.00848	0.00848	0.01131	0.01835	0.03809	0.02117	0.79520	0.02960	0.00564	0.00565	0.00847	0.00354	0.00354
26	0.01917	0.01564	0.07343	0.01579	0.05413	0.01504	0.12916	0.40807	0.02113	0.11425	0.01544	0.06449	0.01188	0.00722	0.00608	0.00184	0.00678	0.00623	0.00512	0.00912
27	0.01144	0.01348	0.11777	0.59706	0.07099	0.01317	0.06293	0.01573	0.01194	0.01580	0.01050	0.01508	0.00787	0.00571	0.00585	0.00192	0.00797	0.00517	0.00262	0.00698
28	0.02585	0.01036	0.01379	0.01058	0.01509	0.00922	0.00873	0.07709	0.01740	0.71322	0.02236	0.01944	0.01412	0.00721	0.00586	0.00180	0.00506	0.00582	0.00711	0.00991
29	0.03401	0.07144	0.22206	0.38649	0.03119	0.06975	0.07195	0.01698	0.01231	0.01631	0.01020	0.01374	0.00769	0.00563	0.00559	0.00184	0.00816	0.00478	0.00264	0.00725
30	0.01436	0.01034	0.01569	0.34944	0.02599	0.01135	0.05803	0.11102	0.01457	0.13923	0.01719	0.16126	0.01507	0.00849	0.00617	0.00197	0.00636	0.00753	0.01870	0.00723
31	0.00991	0.00600	0.00712	0.00722	0.00822	0.00643	0.00539	0.01207	0.01139	0.01869	0.02048	0.18173	0.01927	0.01413	0.10384	0.00268	0.06106	0.00783	0.49122	0.00533
32	0.01239	0.01268	0.02024	0.50318	0.03369	0.06234	0.13453	0.01592	0.01194	0.01536	0.01015	0.01488	0.00793	0.00629	0.00777	0.00200	0.11396	0.00536	0.00268	0.00671
33	0.01209	0.01036	0.01208	0.00864	0.01381	0.00777	0.00691	0.01467	0.01208	0.01898	0.01037	0.01211	0.00865	0.00433	0.00432	0.00087	0.00432	0.00346	0.00346	0.83073
34	0.01351	0.00705	0.00828	0.00736	0.00948	0.00680	0.00571	0.05268	0.02632	0.15557	0.22433	0.02704	0.02573	0.00832	0.00529	0.00160	0.00335	0.00693	0.39810	0.00654
35	0.00894	0.00603	0.00792	0.00759	0.00897	0.00554	0.00563	0.01140	0.01574	0.05664	0.61978	0.14772	0.05068	0.01258	0.00691	0.00191	0.00295	0.01115	0.00631	0.00560
36	0.00712	0.00509	0.00677	0.00812	0.00846	0.00475	0.00541	0.00813	0.01116	0.01488	0.03207	0.79144	0.03848	0.01824	0.00744	0.00237	0.00339	0.01654	0.00541	0.00474
37	0.00718	0.00513	0.00684	0.00819	0.00855	0.00479	0.00551	0.00822	0.01121	0.01494	0.03204	0.77350	0.03836	0.01818	0.00745	0.00238	0.00344	0.03391	0.00541	0.00476
38	0.00727	0.00519	0.00694	0.00829	0.00869	0.00487	0.00567	0.00838	0.01130	0.01504	0.03199	0.74511	0.03816	0.01810	0.00748	0.00239	0.00351	0.06143	0.00541	0.00478
39	0.01309	0.01189	0.01676	0.32491	0.15784	0.01375	0.01355	0.02215	0.32158	0.01961	0.01608	0.01795	0.01225	0.00660	0.00586	0.00192	0.00629	0.00577	0.00405	0.00812
40	0.06444	0.11682	0.01647	0.01180	0.01579	0.27732	0.00957	0.02460	0.01565	0.36836	0.01545	0.01473	0.01072	0.00642	0.00527	0.00163	0.00703	0.00464	0.00496	0.00832
41	0.00767	0.00564	0.00718	0.00751	0.00857	0.00516	0.00539	0.00956	0.01395	0.01897	0.37135	0.33470	0.14096	0.01480	0.00711	0.00207	0.00307	0.02533	0.00587	0.00513
42	0.01391	0.34765	0.19871	0.01527	0.02056	0.01838	0.16391	0.01743	0.01193	0.01588	0.00936	0.01186	0.00778	0.00585	0.00699	0.00172	0.11810	0.00445	0.00259	0.00766
43	0.00742	0.00528	0.00700	0.00817	0.00863	0.00497	0.00560	0.00860	0.01153	0.01543	0.07747	0.65893	0.03837	0.05390	0.00848	0.00251	0.00359	0.06396	0.00538	0.00478
44	0.00714	0.00510	0.00679	0.00806	0.00845	0.00476	0.00540	0.00823	0.01137	0.01523	0.06458	0.75823	0.03920	0.01793	0.00740	0.00234	0.00335	0.01626	0.00544	0.00476
45	0.70246	0.01025	0.00826	0.00772	0.01079	0.01170	0.00615	0.01564	0.01010	0.02427	0.01197	0.13605	0.01150	0.00747	0.00422	0.00189	0.00432	0.00531	0.00389	0.00604

[dist]
# distance from previous block
# <min> <max>
9	30

[block]
# block no. 6 follows, 40 sequences, length 14
# corresponding to MSA columns:
# 691-704
name=unknown_G
#
# <colnr> <probs for GDERKNQSTAVLIFYWHMCP>
#	G	D	E	R	K	N	Q	S	T	A	V	L	I	F	Y	W	H	M	C	P
0	0.01357	0.01134	0.01344	0.08550	0.01707	0.01018	0.00855	0.12090	0.06180	0.02146	0.01172	0.01330	0.00930	0.00507	0.00478	0.00117	0.00497	0.00408	0.00386	0.57795
1	0.00951	0.00590	0.00777	0.00794	0.00904	0.00544	0.00563	0.01119	0.01337	0.09397	0.28192	0.40428	0.04059	0.06508	0.00850	0.00233	0.00346	0.01283	0.00581	0.00544
2	0.08107	0.00710	0.00965	0.00938	0.01112	0.00684	0.05366	0.01190	0.01317	0.05325	0.17312	0.26905	0.10715	0.01370	0.00694	0.00218	0.00420	0.15558	0.00536	0.00560
3	0.01271	0.00785	0.00990	0.00870	0.01095	0.00757	0.00682	0.08877	0.03867	0.14172	0.51057	0.03705	0.04183	0.01072	0.00662	0.00186	0.00364	0.04094	0.00641	0.00674
4	0.09267	0.00653	0.00767	0.00737	0.00906	0.00625	0.00568	0.01127	0.01507	0.02199	0.51922	0.04351	0.15781	0.01197	0.00661	0.00191	0.00314	0.06090	0.00588	0.00547
5	0.22788	0.01230	0.08902	0.01031	0.01500	0.01018	0.00930	0.02451	0.01451	0.50246	0.01794	0.01643	0.01165	0.00658	0.00525	0.00180	0.00521	0.00501	0.00581	0.00886
6	0.01567	0.01318	0.01432	0.01241	0.01565	0.01539	0.00984	0.15491	0.55695	0.02561	0.02056	0.01955	0.01548	0.00793	0.00704	0.00198	0.07265	0.00621	0.00561	0.00908
7	0.01440	0.01094	0.01213	0.01080	0.01383	0.01211	0.00841	0.02673	0.53169	0.09793	0.16768	0.02578	0.02472	0.00861	0.00610	0.00193	0.00427	0.00728	0.00614	0.00854
8	0.01604	0.01422	0.09001	0.04738	0.01624	0.05147	0.01027	0.30785	0.07084	0.02528	0.01449	0.01649	0.01116	0.01053	0.06189	0.07420	0.00669	0.00524	0.14203	0.00767
9	0.01335	0.01186	0.01881	0.45731	0.16266	0.01354	0.05273	0.12178	0.01436	0.01933	0.01149	0.01540	0.00874	0.00587	0.00577	0.00184	0.00725	0.00528	0.04514	0.00747
10	0.01429	0.00873	0.01242	0.01034	0.01329	0.00789	0.06183	0.01644	0.01351	0.22642	0.10111	0.24442	0.02389	0.01033	0.00687	0.00183	0.04478	0.00903	0.00530	0.16727
11	0.07144	0.01270	0.02402	0.23741	0.02874	0.01344	0.36149	0.01618	0.01227	0.01741	0.01254	0.08233	0.01082	0.00675	0.00729	0.00202	0.06632	0.00682	0.00307	0.00696
12	0.06587	0.49658	0.16741	0.01137	0.01681	0.05748	0.01188	0.01883	0.01244	0.08044	0.00987	0.01087	0.00798	0.00535	0.00433	0.00145	0.00668	0.00361	0.00298	0.00778
13	0.00733	0.00532	0.00692	0.00776	0.00845	0.00491	0.00535	0.00877	0.01250	0.01684	0.19886	0.56857	0.09384	0.01653	0.00725	0.00221	0.00320	0.01486	0.00563	0.00491

[dist]
# distance from previous block
# <min> <max>
0	2

[block]
# block no. 7 follows, 40 sequences, length 15
# corresponding to MSA columns:
# 707-721
name=unknown_H
#
# <colnr> <probs for GDERKNQSTAVLIFYWHMCP>
#	G	D	E	R	K	N	Q	S	T	A	V	L	I	F	Y	W	H	M	C	P
0	0.11129	0.40384	0.09013	0.01132	0.01636	0.01951	0.01090	0.23513	0.01631	0.02245	0.01007	0.01100	0.00805	0.00568	0.00451	0.00151	0.00629	0.00386	0.00362	0.00816
1	0.01273	0.00876	0.01039	0.00909	0.01151	0.00875	0.00719	0.19017	0.01838	0.07593	0.37124	0.06463	0.11929	0.01119	0.00663	0.00190	0.00400	0.05537	0.00609	0.00676
2	0.01073	0.01047	0.02035	0.03264	0.01998	0.00994	0.34806	0.01403	0.01310	0.01763	0.07173	0.23776	0.02426	0.01094	0.00719	0.00218	0.00676	0.13160	0.00425	0.00638
3	0.06574	0.01081	0.01268	0.01073	0.01443	0.01109	0.00866	0.04695	0.29519	0.34743	0.02378	0.02390	0.04003	0.00817	0.00592	0.00193	0.00479	0.05251	0.00629	0.00898
4	0.02178	0.00885	0.01175	0.00937	0.01276	0.00784	0.00732	0.02348	0.01464	0.57940	0.02181	0.02426	0.01605	0.20007	0.01166	0.00274	0.00512	0.00649	0.00630	0.00834
5	0.00840	0.00571	0.00669	0.00658	0.00692	0.00560	0.00400	0.00907	0.01041	0.01422	0.19885	0.03937	0.02939	0.60390	0.02404	0.00471	0.00493	0.00896	0.00423	0.00400
6	0.00998	0.00851	0.01134	0.19716	0.01810	0.00796	0.00847	0.01253	0.01247	0.01744	0.10482	0.13570	0.11189	0.00888	0.00574	0.00159	0.00466	0.00769	0.00410	0.31096
7	0.01214	0.01194	0.01778	0.20273	0.02150	0.01610	0.03119	0.01417	0.00971	0.01430	0.00872	0.01389	0.00798	0.01036	0.04667	0.00266	0.54398	0.00520	0.00259	0.00637
8	0.01287	0.02216	0.39786	0.01741	0.02402	0.01404	0.19845	0.02152	0.19283	0.01991	0.01401	0.01544	0.01027	0.00595	0.00596	0.00190	0.00792	0.00550	0.00342	0.00855
9	0.00916	0.00801	0.01389	0.01181	0.01391	0.00746	0.18471	0.01180	0.01386	0.01909	0.31121	0.30837	0.03765	0.01248	0.00706	0.00205	0.00470	0.01181	0.00519	0.00579
10	0.01658	0.02065	0.35147	0.01536	0.06441	0.01350	0.01540	0.22226	0.01714	0.13227	0.01469	0.06455	0.01123	0.00698	0.00579	0.00184	0.00700	0.00563	0.00431	0.00893
11	0.02441	0.00584	0.00686	0.00695	0.00833	0.00550	0.00523	0.01095	0.01381	0.02010	0.29255	0.14124	0.16261	0.01215	0.00627	0.00187	0.00307	0.06005	0.20693	0.00527
12	0.01162	0.01633	0.28487	0.01073	0.01622	0.00928	0.01152	0.01575	0.01217	0.01942	0.01248	0.01449	0.00970	0.00535	0.00469	0.00134	0.00548	0.00424	0.20477	0.32955
13	0.01368	0.00875	0.01065	0.00947	0.01179	0.00875	0.00733	0.18731	0.01769	0.12231	0.28088	0.21703	0.03403	0.01177	0.00665	0.00196	0.00415	0.03276	0.00609	0.00694
14	0.00890	0.00691	0.00864	0.00807	0.01015	0.00585	0.00588	0.01083	0.01272	0.01819	0.20251	0.36761	0.03325	0.01237	0.00632	0.00177	0.00351	0.01101	0.00504	0.26049

[dist]
# distance from previous block
# <min> <max>
0	2

[block]
# block no. 8 follows, 40 sequences, length 7
# corresponding to MSA columns:
# 724-730
name=unknown_I
#
# <colnr> <probs for GDERKNQSTAVLIFYWHMCP>
#	G	D	E	R	K	N	Q	S	T	A	V	L	I	F	Y	W	H	M	C	P
0	0.02206	0.01568	0.01629	0.01283	0.01720	0.07315	0.01046	0.49531	0.09202	0.16063	0.01606	0.01544	0.01123	0.00703	0.00579	0.00176	0.00629	0.00535	0.00585	0.00959
1	0.01190	0.02845	0.68258	0.01747	0.02576	0.01364	0.10276	0.01844	0.01244	0.01844	0.01059	0.01266	0.00753	0.00545	0.00568	0.00186	0.00873	0.00459	0.00251	0.00851
2	0.31838	0.07601	0.24408	0.01152	0.01683	0.01405	0.01200	0.12561	0.01404	0.05835	0.05091	0.01330	0.01025	0.00608	0.00481	0.00176	0.00609	0.00433	0.00381	0.00775
3	0.01235	0.01448	0.07803	0.13646	0.02808	0.01341	0.45179	0.01656	0.01272	0.01733	0.01350	0.10326	0.01185	0.00692	0.00742	0.00203	0.05605	0.00742	0.00311	0.00724
4	0.01143	0.01079	0.01824	0.68467	0.13357	0.01304	0.01637	0.01525	0.01184	0.01540	0.01041	0.01536	0.00794	0.00573	0.00581	0.00191	0.00764	0.00517	0.00262	0.00682
5	0.07158	0.00755	0.01021	0.11684	0.06548	0.00751	0.00800	0.01123	0.01137	0.01652	0.02296	0.47044	0.02589	0.01283	0.00639	0.00202	0.00443	0.01147	0.00445	0.11284
6	0.02156	0.01466	0.01611	0.03681	0.01754	0.06120	0.01065	0.43333	0.02203	0.20250	0.01610	0.01753	0.01172	0.00754	0.00661	0.00184	0.04849	0.03895	0.00567	0.00919

[dist]
# distance from previous block
# <min> <max>
0	2

[block]
# block no. 9 follows, 40 sequences, length 22
# corresponding to MSA columns:
# 733-754
name=unknown_J
#
# <colnr> <probs for GDERKNQSTAVLIFYWHMCP>
#	G	D	E	R	K	N	Q	S	T	A	V	L	I	F	Y	W	H	M	C	P
0	0.01503	0.01223	0.01793	0.17678	0.02275	0.01238	0.13320	0.19576	0.01677	0.06673	0.09017	0.01761	0.01396	0.00635	0.00579	0.00165	0.00636	0.00571	0.00430	0.17854
1	0.23465	0.01140	0.01274	0.01035	0.01438	0.01167	0.00859	0.18203	0.01699	0.34740	0.01775	0.01967	0.01290	0.00743	0.00544	0.00186	0.00519	0.06521	0.00580	0.00858
2	0.01102	0.00606	0.00815	0.00856	0.00976	0.00552	0.00605	0.01229	0.01228	0.16995	0.03016	0.63186	0.03347	0.01593	0.00710	0.00225	0.00370	0.01432	0.00577	0.00580
3	0.01482	0.01196	0.01296	0.01123	0.01442	0.01337	0.00883	0.17992	0.44125	0.02678	0.17338	0.02453	0.02374	0.00852	0.00609	0.00189	0.00461	0.00710	0.00600	0.00858
4	0.02061	0.01228	0.10784	0.12413	0.01946	0.00975	0.01112	0.02400	0.03607	0.49500	0.02008	0.06376	0.01405	0.00745	0.00590	0.00186	0.00571	0.00620	0.00578	0.00890
5	0.06260	0.14263	0.05847	0.04276	0.01667	0.05961	0.01200	0.05655	0.01135	0.01648	0.00856	0.01197	0.00769	0.00791	0.01215	0.00204	0.41317	0.00446	0.00285	0.05007
6	0.01110	0.00610	0.00812	0.00847	0.00965	0.00557	0.00595	0.01231	0.01213	0.16975	0.02940	0.58974	0.03251	0.05937	0.00834	0.00243	0.00383	0.01387	0.00567	0.00573
7	0.01208	0.00961	0.01144	0.00914	0.01240	0.00907	0.00727	0.05185	0.01236	0.01943	0.01342	0.06833	0.01191	0.00678	0.00672	0.00136	0.11849	0.00510	0.17442	0.43880
8	0.00789	0.00615	0.00896	0.16839	0.01499	0.00642	0.00763	0.00950	0.01124	0.01485	0.02755	0.63097	0.03210	0.01565	0.00709	0.00227	0.00428	0.01418	0.00481	0.00508
9	0.66574	0.01515	0.16540	0.00950	0.01413	0.01314	0.00944	0.01737	0.01039	0.02450	0.00858	0.01003	0.00652	0.00542	0.00400	0.00181	0.00535	0.00339	0.00336	0.00677
10	0.01217	0.01208	0.02278	0.18631	0.17020	0.01227	0.28916	0.01555	0.01209	0.01636	0.01265	0.02003	0.01122	0.16901	0.01113	0.00267	0.00793	0.00650	0.00297	0.00692
11	0.01293	0.28176	0.52495	0.01441	0.02182	0.01662	0.01771	0.01809	0.01213	0.01687	0.00967	0.01131	0.00740	0.00534	0.00494	0.00165	0.00782	0.00391	0.00247	0.00822
12	0.00952	0.00730	0.00889	0.00825	0.01002	0.00735	0.00626	0.01510	0.16822	0.02353	0.60448	0.03893	0.04718	0.01106	0.00666	0.00186	0.00313	0.00970	0.00630	0.00626
13	0.02126	0.07689	0.01799	0.01452	0.03556	0.41634	0.01124	0.29397	0.02019	0.02279	0.01085	0.01181	0.00844	0.00628	0.00537	0.00158	0.00856	0.00430	0.00403	0.00804
14	0.00709	0.00506	0.00675	0.00810	0.00843	0.00472	0.00540	0.00810	0.01113	0.01484	0.03205	0.79184	0.03846	0.01822	0.00742	0.00236	0.00337	0.01653	0.00540	0.00472
15	0.07697	0.01477	0.16778	0.01166	0.01677	0.01102	0.01115	0.07910	0.08193	0.38853	0.03885	0.01763	0.01327	0.00680	0.00560	0.00179	0.00566	0.00540	0.00559	0.03973
16	0.01463	0.01648	0.02312	0.15295	0.08808	0.20227	0.28927	0.01801	0.01361	0.01641	0.01204	0.05531	0.01023	0.00833	0.05133	0.00228	0.00938	0.00612	0.00303	0.00712
17	0.00754	0.00546	0.00723	0.00849	0.00914	0.00514	0.00615	0.00893	0.01175	0.01543	0.03365	0.59031	0.08726	0.01753	0.00751	0.00240	0.00375	0.16205	0.00539	0.00487
18	0.02231	0.01535	0.17011	0.01224	0.01762	0.01146	0.01173	0.16789	0.01787	0.46440	0.01856	0.01708	0.01204	0.00681	0.00577	0.00180	0.00599	0.00540	0.00594	0.00963
19	0.01266	0.01205	0.02048	0.41439	0.39420	0.01336	0.01699	0.01633	0.01242	0.01690	0.01063	0.01496	0.00847	0.00550	0.00579	0.00183	0.00734	0.00517	0.00273	0.00781
20	0.01117	0.01050	0.01691	0.32794	0.02600	0.01142	0.10270	0.01420	0.01160	0.01608	0.01340	0.12834	0.01255	0.00769	0.00735	0.00185	0.09314	0.00668	0.00322	0.17726
21	0.01287	0.00885	0.00918	0.00844	0.01075	0.00975	0.00652	0.05557	0.31608	0.02349	0.02066	0.02132	0.01584	0.00724	0.00491	0.00163	0.00367	0.00589	0.45016	0.00719

[dist]
# distance from previous block
# <min> <max>
0	1

[block]
# block no. 10 follows, 40 sequences, length 27
# corresponding to MSA columns:
# 756-782
name=unknown_K
#
# <colnr> <probs for GDERKNQSTAVLIFYWHMCP>
#	G	D	E	R	K	N	Q	S	T	A	V	L	I	F	Y	W	H	M	C	P
0	0.04295	0.01058	0.01369	0.01061	0.01504	0.00972	0.00874	0.08660	0.05356	0.65109	0.02192	0.01918	0.01401	0.00717	0.00580	0.00180	0.00504	0.00577	0.00694	0.00978
1	0.83671	0.01125	0.00855	0.00765	0.01125	0.01305	0.00630	0.01709	0.00990	0.02609	0.00810	0.00945	0.00630	0.00540	0.00360	0.00180	0.00450	0.00315	0.00360	0.00630
2	0.00834	0.00559	0.00638	0.00649	0.00651	0.00556	0.00368	0.00843	0.00868	0.01157	0.01945	0.09989	0.02256	0.73185	0.02778	0.00537	0.00545	0.00912	0.00368	0.00362
3	0.00820	0.00592	0.00774	0.00734	0.00868	0.00546	0.00548	0.01088	0.01630	0.02306	0.73388	0.06660	0.05436	0.01208	0.00688	0.00185	0.00276	0.01070	0.00637	0.00546
4	0.00908	0.00586	0.00776	0.00789	0.00904	0.00539	0.00568	0.01104	0.01416	0.07562	0.38576	0.36721	0.04467	0.01429	0.00703	0.00206	0.00318	0.01278	0.00603	0.00549
5	0.83671	0.01125	0.00855	0.00765	0.01125	0.01305	0.00630	0.01709	0.00990	0.02609	0.00810	0.00945	0.00630	0.00540	0.00360	0.00180	0.00450	0.00315	0.00360	0.00630
6	0.01555	0.79913	0.03047	0.00995	0.01493	0.02301	0.00995	0.01741	0.01182	0.01368	0.00808	0.00933	0.00746	0.00498	0.00373	0.00124	0.00622	0.00311	0.00249	0.00746
7	0.00727	0.00514	0.00669	0.00786	0.00815	0.00485	0.00515	0.00815	0.01078	0.01437	0.03022	0.69110	0.03615	0.12211	0.01039	0.00280	0.00368	0.01545	0.00515	0.00456
8	0.01184	0.00791	0.00956	0.00877	0.01059	0.00872	0.00687	0.15356	0.01378	0.02067	0.01644	0.02106	0.01390	0.04069	0.35283	0.00514	0.00932	0.00582	0.27640	0.00615
9	0.02576	0.01042	0.01382	0.01060	0.01511	0.00933	0.00875	0.08672	0.01752	0.70376	0.02221	0.01931	0.01403	0.00718	0.00585	0.00179	0.00507	0.00580	0.00708	0.00990
10	0.00709	0.00506	0.00675	0.00810	0.00843	0.00472	0.00540	0.00810	0.01113	0.01484	0.03205	0.79184	0.03846	0.01822	0.00742	0.00236	0.00337	0.01653	0.00540	0.00472
11	0.00716	0.00512	0.00682	0.00805	0.00845	0.00477	0.00540	0.00829	0.01149	0.01541	0.08037	0.74191	0.03956	0.01780	0.00738	0.00233	0.00333	0.01613	0.00547	0.00477
12	0.01760	0.01213	0.01353	0.01151	0.01514	0.01326	0.00913	0.12414	0.46339	0.18020	0.05842	0.02134	0.01783	0.00782	0.00594	0.00190	0.00482	0.00644	0.00620	0.00926
13	0.01304	0.01648	0.16231	0.01467	0.01687	0.06483	0.01353	0.05325	0.01117	0.01608	0.01033	0.05245	0.00968	0.01134	0.06167	0.00272	0.45433	0.00550	0.00291	0.00685
14	0.02278	0.01362	0.01554	0.01201	0.01645	0.01427	0.00989	0.45211	0.04523	0.27949	0.01746	0.01645	0.01183	0.00707	0.00576	0.00176	0.00572	0.00549	0.03738	0.00970
15	0.23299	0.01407	0.01413	0.01123	0.01533	0.01569	0.00923	0.49146	0.02154	0.03266	0.01285	0.01343	0.00937	0.00655	0.00509	0.00173	0.00560	0.00471	0.07375	0.00858
16	0.01129	0.01068	0.01786	0.69443	0.08568	0.01322	0.01609	0.01501	0.01160	0.01508	0.01024	0.01529	0.00784	0.00599	0.00648	0.00195	0.04686	0.00516	0.00260	0.00663
17	0.02554	0.00977	0.01332	0.01025	0.01465	0.00845	0.00845	0.02780	0.01664	0.74048	0.04563	0.02052	0.01565	0.00734	0.00588	0.00180	0.00488	0.00599	0.00717	0.00976
18	0.02609	0.00990	0.01350	0.01035	0.01484	0.00855	0.00855	0.02834	0.01664	0.76338	0.02294	0.01979	0.01439	0.00720	0.00585	0.00180	0.00495	0.00585	0.00720	0.00990
19	0.04220	0.00679	0.00743	0.00712	0.00860	0.00747	0.00550	0.01477	0.07200	0.02062	0.01782	0.02077	0.01430	0.01127	0.09352	0.00242	0.05539	0.00550	0.58071	0.00580
20	0.01536	0.01161	0.01419	0.18927	0.02083	0.01324	0.01071	0.02682	0.47167	0.13019	0.02049	0.01999	0.01495	0.00731	0.00588	0.00194	0.00538	0.00614	0.00534	0.00867
21	0.01098	0.01034	0.01744	0.78165	0.04005	0.01292	0.01615	0.01486	0.01163	0.01486	0.01034	0.01550	0.00775	0.00581	0.00581	0.00194	0.00775	0.00517	0.00258	0.00646
22	0.00703	0.00568	0.00625	0.00657	0.00807	0.00490	0.00475	0.00848	0.01294	0.01605	0.10379	0.24638	0.51794	0.01542	0.00701	0.00206	0.00304	0.01325	0.00547	0.00490
23	0.01185	0.01114	0.01875	0.09991	0.40295	0.01113	0.07207	0.01489	0.01307	0.01796	0.06753	0.11711	0.09999	0.00834	0.00626	0.00188	0.00607	0.00786	0.00368	0.00755
24	0.01884	0.02108	0.06528	0.05498	0.01871	0.38573	0.01213	0.07347	0.04555	0.07922	0.01103	0.01280	0.00870	0.00702	0.00811	0.00181	0.16014	0.00452	0.00353	0.00737
25	0.05285	0.01407	0.01508	0.01225	0.01616	0.01559	0.00987	0.47745	0.17336	0.04803	0.01766	0.09047	0.01422	0.00819	0.00590	0.00185	0.00563	0.00653	0.00574	0.00910
26	0.45805	0.00976	0.00891	0.00798	0.01076	0.01096	0.00636	0.09119	0.01215	0.02420	0.04208	0.01489	0.01095	0.00980	0.05577	0.07204	0.00510	0.00441	0.13854	0.00611

[dist]
# distance from previous block
# <min> <max>
0	6

[block]
# block no. 11 follows, 40 sequences, length 34
# corresponding to MSA columns:
# 789-822
name=unknown_L
#
# <colnr> <probs for GDERKNQSTAVLIFYWHMCP>
#	G	D	E	R	K	N	Q	S	T	A	V	L	I	F	Y	W	H	M	C	P
0	0.16358	0.01261	0.01272	0.01072	0.01411	0.05724	0.00862	0.25024	0.09434	0.09377	0.16586	0.02269	0.02059	0.00821	0.00574	0.00184	0.00522	0.03844	0.00551	0.00793
1	0.18709	0.23238	0.34527	0.01244	0.01867	0.01561	0.01413	0.01873	0.01206	0.08009	0.01041	0.01161	0.00782	0.00554	0.00469	0.00168	0.00681	0.00389	0.00312	0.00795
2	0.01188	0.03327	0.36853	0.06020	0.02305	0.01240	0.15415	0.06134	0.01327	0.01866	0.01533	0.17143	0.01421	0.00813	0.00620	0.00197	0.00756	0.00738	0.00339	0.00764
3	0.01187	0.29751	0.10920	0.01165	0.01532	0.01367	0.09379	0.01407	0.01179	0.01532	0.04973	0.22056	0.01832	0.01028	0.00717	0.07607	0.00592	0.00779	0.00352	0.00642
4	0.01256	0.02480	0.52376	0.01661	0.02380	0.01388	0.10551	0.02102	0.16193	0.01971	0.01336	0.01470	0.00972	0.00598	0.00580	0.00190	0.00795	0.00509	0.00324	0.00866
5	0.28908	0.01872	0.33111	0.06045	0.01903	0.01258	0.01366	0.01706	0.01188	0.03965	0.08825	0.01511	0.01228	0.00647	0.00569	0.00188	0.04164	0.00472	0.00341	0.00733
6	0.18088	0.37470	0.27807	0.01180	0.01774	0.01776	0.01319	0.01774	0.01163	0.01790	0.00897	0.01047	0.00727	0.00530	0.00435	0.00158	0.00671	0.00355	0.00273	0.00765
7	0.00729	0.00517	0.00677	0.00799	0.00830	0.00485	0.00526	0.00819	0.01094	0.01459	0.03085	0.72229	0.03692	0.08912	0.00947	0.00267	0.00361	0.01581	0.00525	0.00466
8	0.01092	0.00548	0.00548	0.00548	0.00684	0.00547	0.00410	0.01360	0.01224	0.02174	0.01904	0.02177	0.01497	0.00682	0.00410	0.00137	0.00274	0.00544	0.82694	0.00546
9	0.01919	0.01025	0.01257	0.01049	0.01385	0.01010	0.00831	0.17291	0.08062	0.34192	0.07509	0.17713	0.02156	0.00983	0.00627	0.00193	0.00477	0.00830	0.00640	0.00851
10	0.02220	0.01251	0.01565	0.01234	0.01598	0.01342	0.01021	0.24710	0.01845	0.38417	0.01710	0.01664	0.01168	0.00778	0.00856	0.00195	0.16368	0.00553	0.00584	0.00921
11	0.67052	0.01232	0.01041	0.00886	0.01268	0.01410	0.00730	0.16380	0.01349	0.02829	0.00937	0.01047	0.00710	0.00577	0.00408	0.00180	0.00491	0.00360	0.00407	0.00707
12	0.00842	0.00585	0.00714	0.00690	0.00761	0.00561	0.00457	0.00981	0.01262	0.01755	0.39794	0.04090	0.03855	0.39162	0.01791	0.00369	0.00417	0.00954	0.00503	0.00458
13	0.08612	0.01022	0.01136	0.00910	0.01300	0.00946	0.00718	0.04864	0.14485	0.02227	0.16408	0.02010	0.01955	0.00675	0.00515	0.00139	0.00418	0.00552	0.00463	0.40647
14	0.00860	0.00749	0.01238	0.01108	0.01289	0.00690	0.15398	0.01063	0.01257	0.01670	0.10774	0.44998	0.13683	0.01439	0.00720	0.00218	0.00458	0.01334	0.00503	0.00550
15	0.00954	0.00929	0.07654	0.00999	0.01187	0.00808	0.00806	0.01495	0.19320	0.01773	0.02802	0.48593	0.03030	0.01444	0.00695	0.00225	0.00430	0.05703	0.00528	0.00626
16	0.02149	0.01664	0.04919	0.01368	0.06252	0.25256	0.01044	0.05479	0.01619	0.34439	0.01766	0.08517	0.01357	0.00764	0.00581	0.00176	0.00695	0.00602	0.00517	0.00836
17	0.01136	0.02118	0.41480	0.01702	0.02321	0.01208	0.21028	0.01643	0.01248	0.01782	0.01525	0.17145	0.01414	0.00798	0.00630	0.00199	0.00788	0.00749	0.00321	0.00764
18	0.01695	0.63941	0.02786	0.01070	0.01561	0.02203	0.01020	0.16405	0.01501	0.01841	0.00936	0.01038	0.00803	0.00543	0.00419	0.00136	0.00628	0.00357	0.00319	0.00799
19	0.17647	0.00683	0.00700	0.00685	0.00773	0.00712	0.00441	0.01047	0.00967	0.01564	0.08323	0.07625	0.02221	0.51937	0.02101	0.00434	0.00504	0.00805	0.00393	0.00437
20	0.29216	0.01108	0.02425	0.08181	0.01486	0.04634	0.00841	0.04888	0.12070	0.02166	0.04710	0.01725	0.01284	0.01409	0.16058	0.00334	0.00733	0.00511	0.05553	0.00668
21	0.18275	0.01330	0.03044	0.01483	0.01921	0.01341	0.25030	0.16680	0.04923	0.07539	0.04788	0.03351	0.01251	0.00651	0.00572	0.00185	0.00655	0.00597	0.05595	0.00787
22	0.02615	0.00995	0.01354	0.01040	0.01490	0.00859	0.00858	0.02838	0.01669	0.76255	0.02300	0.01989	0.01446	0.00725	0.00588	0.00181	0.00497	0.00587	0.00722	0.00993
23	0.00763	0.00545	0.00734	0.00868	0.00923	0.00517	0.00624	0.00896	0.01164	0.01544	0.03184	0.64366	0.03748	0.01782	0.00758	0.00244	0.00380	0.15930	0.00541	0.00489
24	0.01247	0.16552	0.43597	0.17173	0.06867	0.01518	0.01810	0.01753	0.01216	0.01693	0.01009	0.01262	0.00764	0.00551	0.00530	0.00176	0.00791	0.00433	0.00254	0.00803
25	0.01178	0.01159	0.02103	0.08571	0.05535	0.01146	0.31398	0.01707	0.10253	0.01997	0.19971	0.04176	0.06532	0.00798	0.00665	0.00194	0.00661	0.00804	0.00434	0.00717
26	0.00835	0.00644	0.00850	0.00864	0.01010	0.00563	0.02105	0.00977	0.01146	0.01587	0.02725	0.60392	0.03174	0.01512	0.00682	0.00207	0.00376	0.02602	0.00497	0.17251
27	0.01295	0.01325	0.02712	0.02010	0.02415	0.01312	0.50961	0.01593	0.01200	0.01646	0.01105	0.01587	0.00902	0.00863	0.01144	0.17019	0.09329	0.00632	0.00284	0.00664
28	0.08877	0.13181	0.11148	0.16808	0.02139	0.01516	0.01223	0.10837	0.18581	0.06173	0.01457	0.01633	0.01112	0.00659	0.00538	0.00182	0.00626	0.02080	0.00415	0.00812
29	0.02080	0.00980	0.01371	0.16686	0.03065	0.00958	0.00987	0.02427	0.05772	0.49072	0.01989	0.01912	0.01321	0.00689	0.00568	0.00180	0.00533	0.00570	0.07966	0.00875
30	0.01153	0.01129	0.01843	0.08378	0.01881	0.01349	0.15740	0.01405	0.01178	0.01695	0.16201	0.06507	0.01926	0.00954	0.01227	0.00222	0.35494	0.00722	0.00358	0.00640
31	0.02072	0.01485	0.01612	0.01276	0.01708	0.01637	0.01041	0.51474	0.19067	0.09897	0.01698	0.01625	0.01208	0.00721	0.00584	0.00180	0.00586	0.00560	0.00596	0.00973
32	0.01417	0.01445	0.02968	0.12113	0.11870	0.01402	0.51760	0.01861	0.01357	0.06112	0.01213	0.01574	0.00906	0.00518	0.00654	0.00192	0.00891	0.00639	0.00313	0.00795
33	0.02324	0.00999	0.01320	0.00999	0.01463	0.00839	0.00821	0.02556	0.01571	0.61236	0.02038	0.01822	0.01322	0.00661	0.00554	0.00161	0.00482	0.00536	0.00644	0.17651

[dist]
# distance from previous block
# <min> <max>
0	2

[block]
# block no. 12 follows, 40 sequences, length 6
# corresponding to MSA columns:
# 825-830
name=unknown_M
#
# <colnr> <probs for GDERKNQSTAVLIFYWHMCP>
#	G	D	E	R	K	N	Q	S	T	A	V	L	I	F	Y	W	H	M	C	P
0	0.02339	0.01047	0.01437	0.01134	0.01493	0.01042	0.00939	0.02545	0.01508	0.61219	0.01985	0.01837	0.01303	0.00780	0.00852	0.00195	0.16233	0.00569	0.00626	0.00918
1	0.01206	0.01034	0.01206	0.00861	0.01378	0.00775	0.00689	0.01464	0.01206	0.01895	0.01034	0.01206	0.00861	0.00431	0.00431	0.00086	0.00431	0.00345	0.00345	0.83118
2	0.01400	0.01342	0.02290	0.12051	0.67757	0.01371	0.01765	0.01751	0.01306	0.01853	0.01087	0.01452	0.00905	0.00525	0.00576	0.00175	0.00700	0.00518	0.00285	0.00890
3	0.00860	0.00723	0.00763	0.00730	0.00944	0.00692	0.00554	0.01328	0.16214	0.01857	0.15462	0.04720	0.50432	0.01293	0.00668	0.00195	0.00325	0.01086	0.00565	0.00586
4	0.01270	0.17239	0.12686	0.01006	0.01569	0.01168	0.00966	0.01576	0.01204	0.01781	0.00990	0.01154	0.00820	0.00462	0.00437	0.00108	0.00532	0.00350	0.00311	0.54370
5	0.02019	0.04607	0.01649	0.01264	0.01679	0.05471	0.01030	0.48928	0.13108	0.07690	0.01639	0.05457	0.01256	0.00757	0.00580	0.00178	0.00609	0.00589	0.00562	0.00927

[dist]
# distance from previous block
# <min> <max>
0	22

[block]
# block no. 13 follows, 40 sequences, length 15
# corresponding to MSA columns:
# 853-867
name=unknown_N
#
# <colnr> <probs for GDERKNQSTAVLIFYWHMCP>
#	G	D	E	R	K	N	Q	S	T	A	V	L	I	F	Y	W	H	M	C	P
0	0.00939	0.00701	0.00833	0.00785	0.00918	0.00711	0.00561	0.01380	0.14307	0.02023	0.42755	0.03816	0.03921	0.22351	0.01285	0.00289	0.00385	0.00927	0.00554	0.00561
