[name]
unknown

[dist]
# distance from previous block
# <min> <max>
12	346

[block]
# block no. 0 follows, 40 sequences, length 7
# corresponding to MSA columns:
# 368-374
name=unknown_A
#
# <colnr> <probs for GDERKNQSTAVLIFYWHMCP>
#	G	D	E	R	K	N	Q	S	T	A	V	L	I	F	Y	W	H	M	C	P
0	0.01175	0.00719	0.00735	0.00702	0.00886	0.00768	0.00535	0.01789	0.19649	0.02234	0.02015	0.02168	0.01562	0.00705	0.00453	0.00151	0.00318	0.00571	0.62226	0.00637
1	0.21578	0.00744	0.00839	0.00853	0.01037	0.00770	0.00691	0.01263	0.01345	0.02152	0.28640	0.09760	0.03475	0.01205	0.00646	0.00213	0.00405	0.23296	0.00530	0.00559
2	0.01645	0.01098	0.01246	0.01081	0.01429	0.01161	0.00857	0.02698	0.44485	0.20802	0.02600	0.02541	0.07513	0.00846	0.00600	0.00191	0.00458	0.03784	0.00607	0.04356
3	0.01206	0.01034	0.01206	0.00861	0.01378	0.00775	0.00689	0.01464	0.01206	0.01895	0.01034	0.01206	0.00861	0.00431	0.00431	0.00086	0.00431	0.00345	0.00345	0.83118
4	0.21887	0.01235	0.01549	0.01336	0.01426	0.01662	0.01112	0.01477	0.00915	0.01702	0.00775	0.01190	0.00730	0.00898	0.01521	0.00236	0.58972	0.00460	0.00281	0.00635
5	0.83671	0.01125	0.00855	0.00765	0.01125	0.01305	0.00630	0.01709	0.00990	0.02609	0.00810	0.00945	0.00630	0.00540	0.00360	0.00180	0.00450	0.00315	0.00360	0.00630
6	0.01758	0.01629	0.01423	0.01258	0.01596	0.20378	0.00975	0.06465	0.47175	0.08033	0.01945	0.01835	0.01452	0.00731	0.00574	0.00183	0.00619	0.00574	0.00528	0.00868

[dist]
# distance from previous block
# <min> <max>
0	18

[block]
# block no. 1 follows, 40 sequences, length 16
# corresponding to MSA columns:
# 393-408
name=unknown_B
#
# <colnr> <probs for GDERKNQSTAVLIFYWHMCP>
#	G	D	E	R	K	N	Q	S	T	A	V	L	I	F	Y	W	H	M	C	P
0	0.01206	0.01034	0.01206	0.00861	0.01378	0.00775	0.00689	0.01464	0.01206	0.01895	0.01034	0.01206	0.00861	0.00431	0.00431	0.00086	0.00431	0.00345	0.00345	0.83118
1	0.00944	0.00790	0.01153	0.01087	0.01164	0.00998	0.00867	0.01131	0.00923	0.01363	0.01353	0.02024	0.01276	0.03500	0.57855	0.00759	0.21371	0.00594	0.00297	0.00549
2	0.00917	0.01237	0.20406	0.01121	0.01419	0.00887	0.01093	0.01245	0.01010	0.01477	0.01425	0.02012	0.01269	0.03381	0.57506	0.00741	0.01378	0.00573	0.00295	0.00607
3	0.01223	0.01095	0.01354	0.01033	0.01416	0.01034	0.00839	0.01448	0.01125	0.01767	0.00964	0.01223	0.00836	0.00582	0.00811	0.00129	0.20534	0.00387	0.00321	0.61878
4	0.01155	0.00897	0.01090	0.00835	0.01218	0.00706	0.00642	0.01282	0.01090	0.01667	0.01028	0.01351	0.00900	0.00840	0.00905	0.21458	0.00450	0.00386	0.00321	0.61779
5	0.01166	0.03008	0.76550	0.01657	0.02517	0.01351	0.02149	0.01842	0.01228	0.01842	0.01044	0.01228	0.00737	0.00552	0.00552	0.00184	0.00859	0.00430	0.00246	0.00859
6	0.00989	0.00784	0.01033	0.00999	0.01160	0.00912	0.00777	0.01567	0.19978	0.01629	0.01766	0.02255	0.01537	0.03441	0.57516	0.00745	0.01275	0.00632	0.00384	0.00623
7	0.01360	0.01122	0.01243	0.01164	0.01450	0.01267	0.00936	0.06783	0.51694	0.02327	0.02493	0.03254	0.02134	0.00994	0.00646	0.00214	0.00490	0.19026	0.00577	0.00825
8	0.01145	0.00811	0.01306	0.01054	0.01304	0.00791	0.19329	0.01469	0.01244	0.02047	0.01694	0.02020	0.01332	0.00819	0.04444	0.00192	0.00520	0.00583	0.57292	0.00603
9	0.01446	0.01249	0.01315	0.01183	0.01512	0.01446	0.00920	0.03090	0.74885	0.02433	0.02367	0.02170	0.01775	0.00789	0.00592	0.00197	0.00460	0.00657	0.00592	0.00920
10	0.01206	0.01034	0.01206	0.00861	0.01378	0.00775	0.00689	0.01464	0.01206	0.01895	0.01034	0.01206	0.00861	0.00431	0.00431	0.00086	0.00431	0.00345	0.00345	0.83118
11	0.01557	0.01279	0.01499	0.01255	0.01522	0.01500	0.01020	0.25564	0.19019	0.02522	0.10313	0.02025	0.01707	0.00875	0.00939	0.00201	0.20594	0.02472	0.00497	0.03641
12	0.01624	0.00935	0.01299	0.20866	0.02010	0.00964	0.01015	0.02052	0.09963	0.29315	0.04196	0.05236	0.08026	0.00905	0.00626	0.00199	0.00540	0.08916	0.00542	0.00771
13	0.01473	0.12393	0.48234	0.01535	0.02206	0.21007	0.01743	0.01953	0.01330	0.01676	0.00977	0.01145	0.00741	0.00558	0.00523	0.00168	0.00879	0.00401	0.00260	0.00798
14	0.09608	0.00992	0.01273	0.01001	0.01420	0.00905	0.00821	0.02651	0.04954	0.62402	0.06181	0.02026	0.01605	0.00733	0.00571	0.00181	0.00477	0.00590	0.00678	0.00931
15	0.01540	0.01770	0.02422	0.03912	0.02292	0.21040	0.31625	0.01835	0.01303	0.01615	0.00986	0.01344	0.00812	0.00662	0.00966	0.00197	0.21964	0.00544	0.00285	0.02885

[dist]
# distance from previous block
# <min> <max>
0	532

# created by:
# /software/SequenceAnalysis/GenePrediction/augustus/3.0.1/scripts/msa2prfl.pl ./fixed/BUSCOvEOG751G4M.fas
