[name]
unknown

[dist]
# distance from previous block
# <min> <max>
4	116

[block]
# block no. 0 follows, 41 sequences, length 50
# corresponding to MSA columns:
# 124-173
name=unknown_A
#
# <colnr> <probs for GDERKNQSTAVLIFYWHMCP>
#	G	D	E	R	K	N	Q	S	T	A	V	L	I	F	Y	W	H	M	C	P
0	0.01511	0.75039	0.02915	0.01013	0.01470	0.02230	0.00997	0.01691	0.01143	0.01348	0.00792	0.00940	0.00735	0.00523	0.00466	0.00131	0.05766	0.00319	0.00245	0.00727
1	0.01463	0.01683	0.02742	0.02064	0.02475	0.14408	0.46755	0.01814	0.01298	0.01665	0.01027	0.01396	0.00821	0.00608	0.00897	0.00197	0.17096	0.00587	0.00282	0.00723
2	0.01925	0.02621	0.14389	0.01492	0.01874	0.56200	0.01282	0.06460	0.01576	0.01600	0.00930	0.01093	0.00750	0.00609	0.00595	0.00160	0.05039	0.00393	0.00300	0.00710
3	0.01146	0.00974	0.01148	0.00847	0.01315	0.00745	0.00672	0.01390	0.01171	0.01822	0.01148	0.05318	0.01023	0.00645	0.03443	0.00125	0.00462	0.00417	0.00348	0.75841
4	0.01568	0.01203	0.01613	0.33963	0.02589	0.01372	0.02374	0.28958	0.01760	0.07244	0.01510	0.04643	0.03944	0.00716	0.00613	0.00185	0.02569	0.00588	0.01816	0.00772
5	0.01014	0.00578	0.00776	0.00834	0.00936	0.00528	0.00583	0.01134	0.01187	0.14208	0.03001	0.66386	0.03382	0.01608	0.00704	0.00223	0.00358	0.01448	0.00561	0.00551
6	0.01390	0.01259	0.01995	0.39255	0.07405	0.01418	0.13746	0.15936	0.08076	0.02050	0.01230	0.01546	0.00917	0.00594	0.00590	0.00186	0.00738	0.00550	0.00353	0.00764
7	0.02012	0.02285	0.01938	0.01599	0.01976	0.48493	0.13490	0.17629	0.01803	0.01944	0.01035	0.01191	0.00809	0.00592	0.00555	0.00160	0.00934	0.00452	0.00353	0.00748
8	0.00994	0.00497	0.00745	0.00745	0.00745	0.00497	0.00497	0.00745	0.00745	0.00994	0.00994	0.01739	0.00994	0.01987	0.02235	0.83358	0.00497	0.00497	0.00248	0.00248
9	0.01824	0.36887	0.04123	0.01431	0.10960	0.17592	0.01110	0.03835	0.01395	0.14257	0.01117	0.01197	0.00877	0.00556	0.00468	0.00145	0.00693	0.00398	0.00346	0.00790
10	0.01420	0.01009	0.01210	0.00876	0.01373	0.00776	0.00705	0.01668	0.01262	0.14543	0.01227	0.01315	0.00944	0.00472	0.00449	0.00100	0.00434	0.00379	0.00401	0.69435
11	0.80267	0.01188	0.04216	0.00791	0.01167	0.01285	0.00686	0.01687	0.00984	0.02533	0.00807	0.00942	0.00624	0.00532	0.00362	0.00177	0.00460	0.00315	0.00349	0.00629
12	0.01323	0.01389	0.02512	0.02256	0.16636	0.01553	0.30558	0.01632	0.01149	0.01654	0.00977	0.01400	0.00828	0.00698	0.01141	0.00212	0.32499	0.00572	0.00272	0.00738
13	0.01473	0.50594	0.02961	0.01704	0.14462	0.01941	0.16276	0.01745	0.01225	0.01535	0.00918	0.01131	0.00791	0.00491	0.00465	0.00145	0.00696	0.00417	0.00260	0.00771
14	0.01700	0.01354	0.04663	0.01416	0.04349	0.01267	0.13385	0.26298	0.03470	0.11859	0.01490	0.06596	0.01176	0.00664	0.00569	0.00163	0.00612	0.00586	0.00468	0.17917
15	0.05917	0.01561	0.14049	0.01846	0.19371	0.05178	0.07405	0.03444	0.06522	0.26671	0.01532	0.01572	0.01078	0.00605	0.00563	0.00177	0.00657	0.00523	0.00447	0.00881
16	0.01430	0.01346	0.02220	0.06699	0.66466	0.01374	0.01680	0.04591	0.05042	0.01943	0.01147	0.01455	0.00944	0.00533	0.00568	0.00172	0.00670	0.00517	0.00308	0.00896
17	0.01504	0.05447	0.02612	0.05004	0.10553	0.01334	0.40066	0.01880	0.01367	0.13396	0.06207	0.01724	0.01239	0.00593	0.00684	0.00186	0.04413	0.00631	0.00370	0.00788
18	0.00885	0.00744	0.01174	0.00982	0.01191	0.00687	0.12999	0.01158	0.01485	0.02045	0.49593	0.03942	0.13820	0.05787	0.00808	0.00206	0.00407	0.00984	0.00542	0.00560
19	0.01112	0.00675	0.00855	0.00780	0.00976	0.00622	0.00595	0.01412	0.05219	0.14744	0.45213	0.09735	0.13496	0.01155	0.00658	0.00186	0.00323	0.01005	0.00620	0.00618
20	0.00701	0.00564	0.00625	0.00645	0.00797	0.00488	0.00470	0.00856	0.01310	0.01644	0.16126	0.20369	0.50448	0.01475	0.00687	0.00199	0.00295	0.01266	0.00546	0.00488
21	0.01371	0.01304	0.02098	0.13920	0.41120	0.01466	0.04039	0.05961	0.01263	0.01795	0.01011	0.01395	0.00851	0.00644	0.00880	0.00193	0.19088	0.00513	0.00289	0.00800
22	0.01305	0.02138	0.39902	0.17332	0.11610	0.01382	0.05224	0.10851	0.01399	0.01974	0.01080	0.01333	0.00792	0.00560	0.00562	0.00181	0.00787	0.00474	0.00293	0.00823
23	0.83938	0.01106	0.00841	0.00752	0.01106	0.01283	0.00619	0.01681	0.00973	0.02566	0.00796	0.00929	0.00619	0.00531	0.00354	0.00177	0.00442	0.00310	0.00354	0.00619
24	0.01511	0.53134	0.07441	0.01099	0.01558	0.02005	0.01061	0.06265	0.13798	0.01690	0.01102	0.01187	0.00920	0.00579	0.00503	0.00148	0.04507	0.00393	0.00321	0.00779
25	0.00910	0.00663	0.01000	0.01014	0.01103	0.00679	0.05099	0.01015	0.01095	0.01461	0.02373	0.28810	0.02650	0.01633	0.01144	0.18007	0.05642	0.24799	0.00436	0.00468
26	0.00847	0.00953	0.13594	0.00876	0.01040	0.00680	0.00739	0.01011	0.00977	0.01349	0.02004	0.23605	0.02233	0.36434	0.10745	0.00447	0.00659	0.00951	0.00374	0.00482
27	0.01259	0.01306	0.01700	0.65474	0.03572	0.14199	0.01507	0.01601	0.01225	0.01451	0.00994	0.01441	0.00758	0.00575	0.00562	0.00183	0.00808	0.00485	0.00261	0.00640
28	0.00697	0.00498	0.00664	0.00796	0.00830	0.00465	0.00531	0.00796	0.01095	0.01460	0.03153	0.79525	0.03783	0.01792	0.00730	0.00232	0.00332	0.01626	0.00531	0.00465
29	0.01452	0.13467	0.13888	0.01282	0.01719	0.09387	0.03977	0.02479	0.40462	0.02003	0.01754	0.01724	0.02583	0.00677	0.00542	0.00176	0.00617	0.00542	0.00435	0.00832
30	0.01858	0.01455	0.06024	0.01245	0.01654	0.01488	0.01069	0.51931	0.02207	0.06351	0.01476	0.01710	0.01134	0.01320	0.13629	0.00302	0.00785	0.02977	0.00512	0.00872
31	0.01589	0.42266	0.02204	0.01053	0.01455	0.01806	0.00937	0.24183	0.01626	0.02068	0.01374	0.14373	0.01325	0.00771	0.00492	0.00156	0.00570	0.00595	0.00395	0.00763
32	0.02002	0.00838	0.01136	0.00938	0.01268	0.00734	0.00746	0.02209	0.01543	0.53469	0.12825	0.15414	0.02379	0.00957	0.00615	0.00187	0.00430	0.00818	0.00667	0.00826
33	0.01300	0.01105	0.01187	0.01102	0.01376	0.01260	0.00842	0.02660	0.62730	0.02235	0.02468	0.15241	0.02091	0.00948	0.00607	0.00200	0.00432	0.00813	0.00573	0.00831
34	0.01032	0.00742	0.00892	0.00814	0.00970	0.00743	0.00600	0.13430	0.01615	0.02232	0.43282	0.12053	0.03932	0.13894	0.01025	0.00245	0.00384	0.00979	0.00563	0.00573
35	0.01629	0.02965	0.01668	0.10122	0.01871	0.24331	0.01178	0.14011	0.01444	0.01767	0.00978	0.01297	0.00830	0.00985	0.06067	0.00241	0.27134	0.00469	0.00322	0.00691
36	0.02174	0.01602	0.01717	0.01316	0.01774	0.01774	0.01087	0.74423	0.02689	0.03605	0.01373	0.01373	0.00973	0.00687	0.00572	0.00172	0.00629	0.00515	0.00572	0.00973
37	0.00689	0.00554	0.00616	0.00655	0.00795	0.00480	0.00470	0.00826	0.01254	0.01556	0.08531	0.28883	0.49601	0.01543	0.00693	0.00205	0.00302	0.01331	0.00536	0.00480
38	0.01020	0.00811	0.00946	0.00899	0.01088	0.00858	0.00675	0.01766	0.29159	0.02190	0.36048	0.16216	0.03755	0.01127	0.00649	0.00194	0.00349	0.00989	0.00595	0.00664
39	0.00699	0.00580	0.00611	0.00603	0.00786	0.00492	0.00452	0.00865	0.01357	0.01672	0.17690	0.05296	0.64124	0.01401	0.00676	0.00191	0.00286	0.01178	0.00548	0.00492
40	0.01377	0.14902	0.05086	0.02179	0.04694	0.01580	0.58122	0.01809	0.01313	0.01750	0.01090	0.01425	0.00843	0.00486	0.00617	0.00180	0.00894	0.00602	0.00280	0.00771
41	0.01752	0.51245	0.05375	0.01105	0.01587	0.06443	0.01043	0.16870	0.01538	0.06800	0.01025	0.01097	0.00828	0.00553	0.00439	0.00140	0.00641	0.00375	0.00346	0.00799
42	0.70090	0.01190	0.00989	0.00848	0.01219	0.01366	0.00699	0.14001	0.01264	0.02742	0.00894	0.01004	0.00679	0.00557	0.00391	0.00176	0.00474	0.00344	0.00391	0.00679
43	0.83938	0.01106	0.00841	0.00752	0.01106	0.01283	0.00619	0.01681	0.00973	0.02566	0.00796	0.00929	0.00619	0.00531	0.00354	0.00177	0.00442	0.00310	0.00354	0.00619
44	0.00908	0.00733	0.01103	0.12401	0.01518	0.00750	0.06417	0.05842	0.01258	0.01680	0.06914	0.52375	0.03024	0.01401	0.00689	0.00216	0.00460	0.01279	0.00480	0.00551
45	0.00721	0.00516	0.00685	0.00780	0.00835	0.00481	0.00533	0.00857	0.01207	0.01638	0.18689	0.63482	0.04127	0.01659	0.00718	0.00221	0.00319	0.01500	0.00552	0.00481
46	0.00810	0.00585	0.00765	0.00720	0.00855	0.00540	0.00540	0.01079	0.01619	0.02294	0.76028	0.04273	0.05397	0.01169	0.00675	0.00180	0.00270	0.01034	0.00630	0.00540
47	0.00832	0.00555	0.00624	0.00624	0.00624	0.00555	0.00347	0.00832	0.00832	0.01109	0.01802	0.03743	0.02080	0.79898	0.02911	0.00555	0.00555	0.00832	0.00347	0.00347
48	0.55398	0.01137	0.03952	0.00869	0.01270	0.01147	0.00746	0.02031	0.01189	0.25613	0.01260	0.01257	0.00871	0.00587	0.00430	0.00177	0.00472	0.00397	0.00460	0.00738
49	0.01529	0.80242	0.02997	0.00979	0.01468	0.02263	0.00979	0.01713	0.01162	0.01346	0.00795	0.00918	0.00734	0.00489	0.00367	0.00122	0.00612	0.00306	0.00245	0.00734

[dist]
# distance from previous block
# <min> <max>
0	2

[block]
# block no. 1 follows, 41 sequences, length 45
# corresponding to MSA columns:
# 176-220
name=unknown_B
#
# <colnr> <probs for GDERKNQSTAVLIFYWHMCP>
#	G	D	E	R	K	N	Q	S	T	A	V	L	I	F	Y	W	H	M	C	P
0	0.01564	0.60454	0.08464	0.01277	0.08383	0.04435	0.01133	0.01799	0.01218	0.05430	0.00919	0.01043	0.00785	0.00510	0.00414	0.00135	0.00643	0.00350	0.00274	0.00769
1	0.83938	0.01106	0.00841	0.00752	0.01106	0.01283	0.00619	0.01681	0.00973	0.02566	0.00796	0.00929	0.00619	0.00531	0.00354	0.00177	0.00442	0.00310	0.00354	0.00619
2	0.02133	0.01582	0.01693	0.01308	0.01758	0.01754	0.01077	0.70493	0.06686	0.03538	0.01426	0.01415	0.01015	0.00692	0.00573	0.00173	0.00620	0.00522	0.00573	0.00969
3	0.01173	0.01111	0.01882	0.57868	0.23873	0.01295	0.01634	0.01542	0.01187	0.01574	0.01033	0.01495	0.00802	0.00555	0.00570	0.00185	0.00740	0.00509	0.00262	0.00710
4	0.02088	0.02648	0.01625	0.04996	0.01868	0.74112	0.01127	0.02246	0.01599	0.01403	0.00890	0.01054	0.00738	0.00589	0.00518	0.00149	0.01019	0.00375	0.00293	0.00662
5	0.00676	0.00579	0.00579	0.00579	0.00773	0.00483	0.00435	0.00821	0.01304	0.01545	0.05794	0.05505	0.76098	0.01449	0.00676	0.00193	0.00290	0.01207	0.00531	0.00483
6	0.01423	0.01229	0.01293	0.01164	0.01487	0.01423	0.00905	0.03039	0.75297	0.02393	0.02328	0.02134	0.01746	0.00776	0.00582	0.00194	0.00453	0.00647	0.00582	0.00905
7	0.00697	0.00498	0.00664	0.00796	0.00830	0.00465	0.00531	0.00796	0.01095	0.01460	0.03153	0.79525	0.03783	0.01792	0.00730	0.00232	0.00332	0.01626	0.00531	0.00465
8	0.01095	0.01046	0.01809	0.74239	0.03886	0.01281	0.05679	0.01482	0.01155	0.01482	0.01025	0.01526	0.00768	0.00567	0.00578	0.00191	0.00774	0.00518	0.00256	0.00643
9	0.01465	0.01250	0.01317	0.01173	0.01503	0.01442	0.00916	0.07058	0.71209	0.02461	0.02274	0.02091	0.01703	0.00771	0.00581	0.00193	0.00463	0.00639	0.00581	0.00909
10	0.01121	0.01073	0.01724	0.59947	0.03352	0.01387	0.01507	0.01441	0.01079	0.01441	0.00953	0.01459	0.00760	0.00675	0.00887	0.00205	0.19596	0.00506	0.00253	0.00633
11	0.00924	0.00760	0.01084	0.01023	0.01088	0.00946	0.00799	0.01084	0.00898	0.01312	0.01377	0.02194	0.01347	0.12970	0.49928	0.00712	0.20127	0.00613	0.00298	0.00518
12	0.00676	0.00579	0.00579	0.00579	0.00773	0.00483	0.00435	0.00821	0.01304	0.01545	0.05794	0.05505	0.76098	0.01449	0.00676	0.00193	0.00290	0.01207	0.00531	0.00483
13	0.00697	0.00498	0.00664	0.00796	0.00830	0.00465	0.00531	0.00796	0.01095	0.01460	0.03153	0.79525	0.03783	0.01792	0.00730	0.00232	0.00332	0.01626	0.00531	0.00465
14	0.00684	0.00582	0.00591	0.00595	0.00787	0.00489	0.00451	0.00833	0.01304	0.01551	0.05701	0.05537	0.73634	0.01453	0.00680	0.00196	0.00298	0.03619	0.00531	0.00484
15	0.01346	0.01716	0.16737	0.02830	0.40702	0.01379	0.23241	0.01789	0.01299	0.01847	0.01091	0.01414	0.00860	0.00508	0.00594	0.00179	0.00795	0.00542	0.00277	0.00855
16	0.01509	0.76121	0.06941	0.01013	0.01522	0.02213	0.01039	0.01718	0.01165	0.01371	0.00808	0.00933	0.00734	0.00492	0.00376	0.00125	0.00624	0.00312	0.00245	0.00740
17	0.79675	0.05200	0.00952	0.00764	0.01125	0.01334	0.00638	0.01683	0.00983	0.02503	0.00796	0.00929	0.00625	0.00529	0.00355	0.00174	0.00451	0.00310	0.00348	0.00625
18	0.83938	0.01106	0.00841	0.00752	0.01106	0.01283	0.00619	0.01681	0.00973	0.02566	0.00796	0.00929	0.00619	0.00531	0.00354	0.00177	0.00442	0.00310	0.00354	0.00619
19	0.02432	0.01064	0.05223	0.01051	0.01502	0.00859	0.00910	0.02677	0.01603	0.70062	0.02222	0.02076	0.01450	0.00732	0.00582	0.00180	0.00507	0.03240	0.00677	0.00950
20	0.00697	0.00498	0.00664	0.00796	0.00830	0.00465	0.00531	0.00796	0.01095	0.01460	0.03153	0.79525	0.03783	0.01792	0.00730	0.00232	0.00332	0.01626	0.00531	0.00465
21	0.01251	0.01251	0.01752	0.01502	0.01502	0.01752	0.01251	0.01377	0.00876	0.01377	0.00751	0.01251	0.00751	0.01001	0.01877	0.00250	0.78851	0.00501	0.00250	0.00626
22	0.00694	0.00580	0.00605	0.00598	0.00784	0.00491	0.00449	0.00856	0.01347	0.01647	0.15342	0.05337	0.66487	0.01411	0.00676	0.00191	0.00287	0.01184	0.00545	0.00491
23	0.83938	0.01106	0.00841	0.00752	0.01106	0.01283	0.00619	0.01681	0.00973	0.02566	0.00796	0.00929	0.00619	0.00531	0.00354	0.00177	0.00442	0.00310	0.00354	0.00619
24	0.02524	0.01042	0.01370	0.01050	0.01494	0.00942	0.00867	0.10551	0.01751	0.68801	0.02161	0.01885	0.01368	0.00706	0.00575	0.00176	0.00502	0.00569	0.00693	0.00973
25	0.01139	0.04132	0.56972	0.01424	0.02155	0.01196	0.01734	0.01685	0.01197	0.01793	0.01132	0.05352	0.00910	0.00586	0.00527	0.00164	0.00733	0.00468	0.00275	0.16427
26	0.01435	0.01403	0.02280	0.05296	0.71694	0.04259	0.01727	0.01768	0.01311	0.01841	0.01067	0.01404	0.00896	0.00514	0.00564	0.00170	0.00695	0.00504	0.00283	0.00890
27	0.01066	0.00533	0.00533	0.00533	0.00666	0.00533	0.00400	0.01333	0.01200	0.02132	0.01866	0.02132	0.01466	0.00666	0.00400	0.00133	0.00267	0.00533	0.83073	0.00533
28	0.01095	0.01022	0.01661	0.68621	0.03613	0.01229	0.01485	0.01457	0.01142	0.01502	0.01011	0.01483	0.00771	0.00566	0.00586	0.00181	0.02515	0.00490	0.00263	0.09306
29	0.00817	0.00613	0.00919	0.00919	0.01021	0.00715	0.00715	0.01021	0.00919	0.01328	0.01532	0.02247	0.01430	0.04290	0.77631	0.00919	0.01532	0.00613	0.00306	0.00511
30	0.01340	0.01246	0.02115	0.26231	0.52650	0.01320	0.01684	0.01690	0.01262	0.03444	0.01085	0.01461	0.00874	0.00533	0.00568	0.00176	0.00700	0.00511	0.00284	0.00825
31	0.02174	0.01602	0.01717	0.01316	0.01774	0.01774	0.01087	0.74423	0.02689	0.03605	0.01373	0.01373	0.00973	0.00687	0.00572	0.00172	0.00629	0.00515	0.00572	0.00973
32	0.01330	0.01271	0.02140	0.14715	0.58563	0.01336	0.01660	0.01656	0.01248	0.01765	0.01122	0.04151	0.00976	0.00591	0.00645	0.00180	0.04983	0.00548	0.00286	0.00834
33	0.02566	0.00973	0.01327	0.01018	0.01460	0.00841	0.00841	0.02788	0.01637	0.76726	0.02257	0.01947	0.01416	0.00708	0.00575	0.00177	0.00487	0.00575	0.00708	0.00973
34	0.01565	0.01250	0.01307	0.01159	0.01493	0.03790	0.00905	0.02989	0.65231	0.10149	0.02275	0.02079	0.01679	0.00763	0.00579	0.00191	0.00475	0.00630	0.00586	0.00905
35	0.00683	0.00580	0.00589	0.00587	0.00777	0.00486	0.00440	0.00835	0.01320	0.01585	0.09520	0.05439	0.72347	0.01434	0.00676	0.00192	0.00289	0.01198	0.00536	0.00486
36	0.01973	0.00989	0.01216	0.00992	0.01363	0.00949	0.00799	0.06205	0.17041	0.43890	0.06730	0.02530	0.11042	0.00839	0.00595	0.00182	0.00450	0.00692	0.00648	0.00874
37	0.00697	0.00498	0.00664	0.00796	0.00830	0.00465	0.00531	0.00796	0.01095	0.01460	0.03153	0.79525	0.03783	0.01792	0.00730	0.00232	0.00332	0.01626	0.00531	0.00465
38	0.00809	0.00599	0.00872	0.00890	0.00987	0.00667	0.00683	0.01006	0.01014	0.01435	0.07801	0.11023	0.02119	0.05389	0.57269	0.00742	0.01224	0.04594	0.00369	0.00505
39	0.83938	0.01106	0.00841	0.00752	0.01106	0.01283	0.00619	0.01681	0.00973	0.02566	0.00796	0.00929	0.00619	0.00531	0.00354	0.00177	0.00442	0.00310	0.00354	0.00619
40	0.01301	0.01242	0.02114	0.29255	0.51486	0.01329	0.01698	0.01655	0.01248	0.01729	0.01056	0.01453	0.00857	0.00531	0.00568	0.00177	0.00708	0.00509	0.00273	0.00813
41	0.02132	0.01588	0.01751	0.01440	0.05971	0.01750	0.01125	0.70332	0.02611	0.03507	0.01357	0.01376	0.00969	0.00677	0.00572	0.00172	0.00632	0.00515	0.00556	0.00969
42	0.01553	0.72935	0.05416	0.01031	0.01520	0.06791	0.01025	0.01751	0.01192	0.01365	0.00808	0.00934	0.00734	0.00497	0.00382	0.00126	0.00645	0.00314	0.00248	0.00734
43	0.01682	0.10519	0.53540	0.01720	0.02437	0.10102	0.01904	0.05935	0.01533	0.02113	0.01339	0.01629	0.01062	0.00773	0.00666	0.00232	0.00926	0.00520	0.00383	0.00982
44	0.57949	0.04386	0.05378	0.02837	0.05678	0.01488	0.00975	0.01996	0.03857	0.06038	0.01293	0.01553	0.01054	0.00779	0.00580	0.00238	0.02125	0.00474	0.00472	0.00851

[dist]
# distance from previous block
# <min> <max>
5	9

[block]
# block no. 2 follows, 41 sequences, length 35
# corresponding to MSA columns:
# 232-266
name=unknown_C
#
# <colnr> <probs for GDERKNQSTAVLIFYWHMCP>
#	G	D	E	R	K	N	Q	S	T	A	V	L	I	F	Y	W	H	M	C	P
0	0.00841	0.00565	0.00654	0.00668	0.00681	0.00565	0.00405	0.00868	0.00881	0.01171	0.01928	0.04020	0.02203	0.71894	0.02695	0.00525	0.00552	0.08155	0.00365	0.00365
1	0.83938	0.01106	0.00841	0.00752	0.01106	0.01283	0.00619	0.01681	0.00973	0.02566	0.00796	0.00929	0.00619	0.00531	0.00354	0.00177	0.00442	0.00310	0.00354	0.00619
2	0.01365	0.01458	0.06384	0.18532	0.47347	0.07532	0.01647	0.01713	0.01291	0.01736	0.01142	0.01646	0.00971	0.00584	0.00573	0.00178	0.00727	0.04078	0.00288	0.00808
3	0.01388	0.01331	0.02272	0.09638	0.70417	0.01352	0.01742	0.01731	0.01289	0.01835	0.01071	0.01425	0.00894	0.00515	0.00567	0.00172	0.00686	0.00510	0.00281	0.00884
4	0.00832	0.00555	0.00624	0.00624	0.00624	0.00555	0.00347	0.00832	0.00832	0.01109	0.01802	0.03743	0.02080	0.79898	0.02911	0.00555	0.00555	0.00832	0.00347	0.00347
5	0.00685	0.00575	0.00595	0.00600	0.00781	0.00485	0.00446	0.00834	0.01310	0.01584	0.09703	0.09698	0.67844	0.01452	0.00679	0.00195	0.00291	0.01221	0.00537	0.00485
6	0.77292	0.01095	0.00880	0.00774	0.01135	0.01247	0.00638	0.01772	0.01028	0.08624	0.00916	0.01012	0.00685	0.00545	0.00372	0.00177	0.00446	0.00331	0.00383	0.00648
7	0.00810	0.00585	0.00765	0.00720	0.00855	0.00540	0.00540	0.01079	0.01619	0.02294	0.76028	0.04273	0.05397	0.01169	0.00675	0.00180	0.00270	0.01034	0.00630	0.00540
8	0.09644	0.02337	0.46628	0.01514	0.04813	0.05712	0.01666	0.10302	0.01395	0.02068	0.01215	0.01661	0.00978	0.00652	0.00549	0.00185	0.00756	0.06802	0.00322	0.00801
9	0.05968	0.01022	0.01331	0.04412	0.01561	0.00925	0.00862	0.06672	0.01601	0.58367	0.01961	0.01773	0.01269	0.00664	0.00550	0.00168	0.00499	0.00533	0.00627	0.09235
10	0.69537	0.07645	0.04316	0.04683	0.01335	0.01365	0.00761	0.01679	0.01007	0.02379	0.00817	0.00970	0.00640	0.00530	0.00374	0.00173	0.00489	0.00324	0.00335	0.00639
11	0.83938	0.01106	0.00841	0.00752	0.01106	0.01283	0.00619	0.01681	0.00973	0.02566	0.00796	0.00929	0.00619	0.00531	0.00354	0.00177	0.00442	0.00310	0.00354	0.00619
12	0.01493	0.01227	0.01306	0.01162	0.01494	0.01406	0.00907	0.04893	0.70163	0.05691	0.02300	0.02106	0.01711	0.00771	0.00581	0.00193	0.00459	0.00640	0.00587	0.00910
13	0.00697	0.00498	0.00664	0.00796	0.00830	0.00465	0.00531	0.00796	0.01095	0.01460	0.03153	0.79525	0.03783	0.01792	0.00730	0.00232	0.00332	0.01626	0.00531	0.00465
14	0.01147	0.02959	0.76934	0.01630	0.02476	0.01328	0.02113	0.01811	0.01208	0.01811	0.01026	0.01208	0.00725	0.00543	0.00543	0.00181	0.00845	0.00423	0.00242	0.00845
15	0.00709	0.00515	0.00670	0.00770	0.00828	0.00475	0.00525	0.00834	0.01177	0.01572	0.12542	0.64259	0.09636	0.01687	0.00719	0.00223	0.00321	0.01519	0.00543	0.00475
16	0.01251	0.01251	0.01752	0.01502	0.01502	0.01752	0.01251	0.01377	0.00876	0.01377	0.00751	0.01251	0.00751	0.01001	0.01877	0.00250	0.78851	0.00501	0.00250	0.00626
17	0.83938	0.01106	0.00841	0.00752	0.01106	0.01283	0.00619	0.01681	0.00973	0.02566	0.00796	0.00929	0.00619	0.00531	0.00354	0.00177	0.00442	0.00310	0.00354	0.00619
18	0.02084	0.01162	0.01394	0.01131	0.01518	0.01208	0.00916	0.13646	0.25406	0.38581	0.02081	0.01890	0.01426	0.00739	0.00633	0.00185	0.03850	0.00586	0.00627	0.00937
19	0.01270	0.01553	0.12952	0.16842	0.02846	0.01318	0.39559	0.04277	0.01295	0.01774	0.01103	0.01480	0.00838	0.00600	0.00711	0.05030	0.00842	0.00575	0.00286	0.04848
20	0.01368	0.01282	0.02089	0.19674	0.52149	0.01359	0.01630	0.04229	0.07083	0.01879	0.01171	0.01494	0.00942	0.00550	0.00569	0.00176	0.00678	0.00520	0.00310	0.00849
21	0.01298	0.00853	0.01025	0.00958	0.01186	0.00879	0.00735	0.01975	0.26392	0.14876	0.17028	0.21048	0.02977	0.01128	0.00646	0.00201	0.00398	0.05081	0.00598	0.00719
22	0.02189	0.01542	0.01675	0.01288	0.01741	0.01689	0.01063	0.66899	0.04312	0.09542	0.01468	0.01438	0.01027	0.00690	0.00573	0.00173	0.00614	0.00523	0.00584	0.00971
23	0.00994	0.00497	0.00745	0.00745	0.00745	0.00497	0.00497	0.00745	0.00745	0.00994	0.00994	0.01739	0.00994	0.01987	0.02235	0.83358	0.00497	0.00497	0.00248	0.00248
24	0.01517	0.01275	0.01346	0.01183	0.01523	0.01467	0.00928	0.11982	0.66201	0.02545	0.02208	0.02039	0.01649	0.00765	0.00581	0.00191	0.00475	0.00630	0.00581	0.00914
25	0.00874	0.00627	0.00785	0.00834	0.00922	0.00616	0.00586	0.08088	0.01299	0.01748	0.11261	0.54453	0.03538	0.07874	0.00885	0.00247	0.00379	0.03936	0.00531	0.00516
26	0.00697	0.00498	0.00664	0.00796	0.00830	0.00465	0.00531	0.00796	0.01095	0.01460	0.03153	0.79525	0.03783	0.01792	0.00730	0.00232	0.00332	0.01626	0.00531	0.00465
27	0.02013	0.07546	0.01450	0.01058	0.01452	0.01176	0.00870	0.09837	0.20476	0.38445	0.07838	0.02035	0.01711	0.00741	0.00567	0.00177	0.00486	0.00601	0.00618	0.00903
28	0.01171	0.01203	0.05621	0.55133	0.22743	0.01297	0.01658	0.01556	0.01188	0.01585	0.01033	0.01481	0.00798	0.00554	0.00569	0.00185	0.00745	0.00504	0.00261	0.00716
29	0.01669	0.01284	0.01382	0.01183	0.01544	0.01447	0.00937	0.17575	0.54475	0.08711	0.02128	0.01964	0.01561	0.00752	0.00579	0.00188	0.00491	0.00614	0.00590	0.00925
30	0.00736	0.00535	0.00698	0.00784	0.00859	0.00497	0.00557	0.00887	0.01236	0.01656	0.18091	0.52323	0.09950	0.01621	0.00719	0.00221	0.00332	0.07260	0.00551	0.00486
31	0.01442	0.01539	0.01514	0.01281	0.01504	0.21421	0.01025	0.01613	0.01160	0.01513	0.00904	0.01233	0.00813	0.00925	0.05500	0.00216	0.32382	0.00428	0.00290	0.23298
32	0.02099	0.01372	0.01532	0.01185	0.01609	0.01451	0.00966	0.50246	0.03828	0.17831	0.01579	0.01649	0.01143	0.05864	0.00719	0.00194	0.00582	0.00542	0.00573	0.05037
33	0.02135	0.01541	0.01666	0.01287	0.01729	0.01696	0.01059	0.69380	0.02597	0.05981	0.01467	0.04194	0.01088	0.00727	0.00578	0.00174	0.00614	0.00557	0.00575	0.00955
34	0.83938	0.01106	0.00841	0.00752	0.01106	0.01283	0.00619	0.01681	0.00973	0.02566	0.00796	0.00929	0.00619	0.00531	0.00354	0.00177	0.00442	0.00310	0.00354	0.00619

[dist]
# distance from previous block
# <min> <max>
0	1

[block]
# block no. 3 follows, 41 sequences, length 42
# corresponding to MSA columns:
# 268-309
name=unknown_D
#
# <colnr> <probs for GDERKNQSTAVLIFYWHMCP>
#	G	D	E	R	K	N	Q	S	T	A	V	L	I	F	Y	W	H	M	C	P
0	0.01634	0.01225	0.05655	0.01064	0.01486	0.01124	0.00898	0.13018	0.22735	0.17619	0.03428	0.02046	0.07385	0.00725	0.00554	0.00164	0.00486	0.00589	0.00534	0.17629
1	0.01343	0.00941	0.01009	0.00895	0.01083	0.03052	0.00643	0.11755	0.17173	0.08387	0.01868	0.02731	0.01717	0.37528	0.03123	0.00366	0.00555	0.00694	0.04509	0.00629
2	0.76809	0.01266	0.07394	0.00828	0.01224	0.01287	0.00748	0.01693	0.00994	0.02501	0.00816	0.00953	0.00629	0.00532	0.00370	0.00177	0.00477	0.00319	0.00344	0.00639
3	0.16491	0.04502	0.01573	0.01181	0.01598	0.01607	0.00983	0.47629	0.02128	0.10999	0.01313	0.01333	0.00938	0.00669	0.00590	0.00175	0.04412	0.00476	0.00520	0.00885
4	0.00849	0.00660	0.00981	0.00963	0.01057	0.00792	0.00755	0.01048	0.00916	0.01331	0.01474	0.02173	0.01379	0.04045	0.71986	0.00869	0.07295	0.00604	0.00302	0.00519
5	0.02212	0.01108	0.01360	0.01085	0.01495	0.01093	0.00882	0.12486	0.18632	0.48162	0.03816	0.01965	0.01521	0.00731	0.00579	0.00180	0.00493	0.00594	0.00659	0.00948
6	0.00832	0.00555	0.00624	0.00624	0.00624	0.00555	0.00347	0.00832	0.00832	0.01109	0.01802	0.03743	0.02080	0.79898	0.02911	0.00555	0.00555	0.00832	0.00347	0.00347
7	0.01210	0.02489	0.54147	0.01917	0.09338	0.01375	0.13156	0.01783	0.01218	0.01794	0.01035	0.01281	0.00765	0.00558	0.00646	0.00186	0.05547	0.00474	0.00253	0.00826
8	0.01359	0.01301	0.02219	0.16198	0.64086	0.01344	0.01727	0.01706	0.01276	0.01800	0.01066	0.01434	0.00882	0.00520	0.00567	0.00173	0.00694	0.00509	0.00278	0.00860
9	0.01717	0.40528	0.04863	0.01168	0.01608	0.21007	0.01042	0.10006	0.05916	0.01716	0.00993	0.01094	0.00828	0.00552	0.00449	0.00139	0.00708	0.00371	0.00319	0.04977
10	0.00832	0.00555	0.00624	0.00624	0.00624	0.00555	0.00347	0.00832	0.00832	0.01109	0.01802	0.03743	0.02080	0.79898	0.02911	0.00555	0.00555	0.00832	0.00347	0.00347
11	0.01982	0.01550	0.01567	0.01244	0.01633	0.07814	0.01002	0.58423	0.02396	0.03154	0.05379	0.03749	0.01328	0.05250	0.00711	0.00194	0.00631	0.00579	0.00539	0.00875
12	0.01080	0.01017	0.01716	0.78523	0.03940	0.01271	0.01589	0.01461	0.01144	0.01461	0.01017	0.01525	0.00762	0.00572	0.00572	0.00191	0.00762	0.00508	0.00254	0.00635
13	0.83938	0.01106	0.00841	0.00752	0.01106	0.01283	0.00619	0.01681	0.00973	0.02566	0.00796	0.00929	0.00619	0.00531	0.00354	0.00177	0.00442	0.00310	0.00354	0.00619
14	0.00704	0.00524	0.00659	0.00764	0.00836	0.00479	0.00531	0.00822	0.01152	0.01492	0.03713	0.59760	0.19268	0.01707	0.00722	0.00226	0.00333	0.05307	0.00531	0.00472
15	0.02036	0.02559	0.01636	0.01477	0.01738	0.68986	0.01122	0.02181	0.01536	0.01397	0.00869	0.01056	0.00738	0.00636	0.00670	0.00159	0.09871	0.00383	0.00290	0.00659
16	0.00790	0.00567	0.00738	0.00728	0.00836	0.00527	0.00527	0.01013	0.01477	0.02071	0.58345	0.17938	0.04906	0.05969	0.00818	0.00212	0.00298	0.01130	0.00595	0.00515
17	0.01080	0.01017	0.01716	0.78523	0.03940	0.01271	0.01589	0.01461	0.01144	0.01461	0.01017	0.01525	0.00762	0.00572	0.00572	0.00191	0.00762	0.00508	0.00254	0.00635
18	0.00798	0.00584	0.00749	0.00708	0.00848	0.00535	0.00531	0.01057	0.01592	0.02230	0.70051	0.04377	0.11414	0.01193	0.00675	0.00181	0.00272	0.01049	0.00621	0.00535
19	0.00706	0.00579	0.00611	0.00604	0.00776	0.00496	0.00446	0.00862	0.01325	0.01635	0.16440	0.05209	0.60736	0.06075	0.00809	0.00213	0.00302	0.01158	0.00535	0.00484
20	0.01529	0.80242	0.02997	0.00979	0.01468	0.02263	0.00979	0.01713	0.01162	0.01346	0.00795	0.00918	0.00734	0.00489	0.00367	0.00122	0.00612	0.00306	0.00245	0.00734
21	0.01341	0.01512	0.03248	0.02320	0.02895	0.01407	0.69992	0.01810	0.01341	0.01834	0.01149	0.01522	0.00867	0.00479	0.00660	0.00187	0.00933	0.00656	0.00292	0.05556
22	0.01545	0.78188	0.02961	0.00992	0.01476	0.04259	0.00982	0.01728	0.01174	0.01347	0.00798	0.00921	0.00734	0.00492	0.00371	0.00123	0.00623	0.00308	0.00246	0.00732
23	0.01423	0.01229	0.01293	0.01164	0.01487	0.01423	0.00905	0.03039	0.75297	0.02393	0.02328	0.02134	0.01746	0.00776	0.00582	0.00194	0.00453	0.00647	0.00582	0.00905
24	0.02509	0.01018	0.01350	0.01040	0.01480	0.00913	0.00857	0.07059	0.03858	0.70196	0.02206	0.01918	0.01399	0.00709	0.00575	0.00177	0.00494	0.00574	0.00696	0.00971
25	0.01591	0.01457	0.08878	0.08585	0.32200	0.03238	0.12085	0.05473	0.01417	0.15019	0.01356	0.03794	0.01045	0.00597	0.00586	0.00179	0.00705	0.00567	0.00374	0.00855
26	0.00729	0.00572	0.00660	0.00658	0.00810	0.00502	0.00486	0.00916	0.01400	0.01820	0.32224	0.13563	0.40855	0.01382	0.00682	0.00193	0.00287	0.01190	0.00569	0.00502
27	0.00697	0.00498	0.00664	0.00796	0.00830	0.00465	0.00531	0.00796	0.01095	0.01460	0.03153	0.79525	0.03783	0.01792	0.00730	0.00232	0.00332	0.01626	0.00531	0.00465
28	0.01212	0.05622	0.46561	0.01356	0.01949	0.05732	0.01555	0.01758	0.05545	0.04367	0.08055	0.06398	0.01489	0.05113	0.00692	0.00201	0.00712	0.00583	0.00339	0.00759
29	0.04570	0.01371	0.01339	0.01099	0.01441	0.10084	0.00881	0.36342	0.02036	0.07100	0.10142	0.02431	0.15447	0.00871	0.00614	0.00176	0.02063	0.00679	0.00533	0.00780
30	0.01196	0.13415	0.45637	0.01308	0.01920	0.01260	0.01538	0.01673	0.01288	0.05700	0.13992	0.05564	0.01711	0.00712	0.00551	0.00175	0.00670	0.00577	0.00347	0.00765
31	0.01141	0.01078	0.01825	0.64973	0.17016	0.01287	0.01619	0.01515	0.01172	0.01535	0.01027	0.01505	0.00788	0.00561	0.00571	0.00187	0.00747	0.00509	0.00259	0.00684
32	0.00830	0.00561	0.00658	0.00658	0.00670	0.00573	0.00389	0.00854	0.00842	0.01134	0.01771	0.03570	0.02004	0.71134	0.11573	0.00597	0.00668	0.00806	0.00342	0.00366
33	0.01529	0.80242	0.02997	0.00979	0.01468	0.02263	0.00979	0.01713	0.01162	0.01346	0.00795	0.00918	0.00734	0.00489	0.00367	0.00122	0.00612	0.00306	0.00245	0.00734
34	0.01423	0.01229	0.01293	0.01164	0.01487	0.01423	0.00905	0.03039	0.75297	0.02393	0.02328	0.02134	0.01746	0.00776	0.00582	0.00194	0.00453	0.00647	0.00582	0.00905
35	0.01153	0.01106	0.01563	0.01369	0.01393	0.01517	0.01130	0.01296	0.00886	0.01365	0.00928	0.01477	0.00905	0.01748	0.19077	0.00402	0.61296	0.00526	0.00263	0.00600
36	0.01196	0.16266	0.60029	0.01469	0.02214	0.01449	0.01832	0.01755	0.01222	0.01756	0.04978	0.01320	0.00975	0.00567	0.00520	0.00171	0.00774	0.00435	0.00263	0.00810
37	0.01258	0.00946	0.01184	0.01048	0.01245	0.01082	0.00827	0.23550	0.01453	0.02011	0.01464	0.02050	0.01307	0.09265	0.43769	0.00624	0.05289	0.00595	0.00388	0.00645
38	0.01282	0.01308	0.02341	0.11937	0.02402	0.01489	0.30819	0.05123	0.01195	0.01678	0.01039	0.01485	0.00861	0.00963	0.06773	0.00265	0.27477	0.00581	0.00287	0.00694
39	0.02007	0.13052	0.05492	0.01415	0.01763	0.63842	0.01138	0.02185	0.01540	0.01413	0.00879	0.01025	0.00736	0.00574	0.00497	0.00146	0.00967	0.00363	0.00285	0.00681
40	0.01248	0.22161	0.56507	0.01489	0.02239	0.01564	0.03811	0.01787	0.01200	0.01696	0.00972	0.01145	0.00731	0.00528	0.00503	0.00167	0.00790	0.00401	0.00244	0.00816
41	0.02174	0.01602	0.01717	0.01316	0.01774	0.01774	0.01087	0.74423	0.02689	0.03605	0.01373	0.01373	0.00973	0.00687	0.00572	0.00172	0.00629	0.00515	0.00572	0.00973

[dist]
# distance from previous block
# <min> <max>
0	1

[block]
# block no. 4 follows, 41 sequences, length 59
# corresponding to MSA columns:
# 311-369
name=unknown_E
#
# <colnr> <probs for GDERKNQSTAVLIFYWHMCP>
#	G	D	E	R	K	N	Q	S	T	A	V	L	I	F	Y	W	H	M	C	P
0	0.01189	0.01156	0.03427	0.59327	0.20572	0.01307	0.01646	0.01557	0.01200	0.01591	0.01060	0.01533	0.00823	0.00577	0.00583	0.00191	0.00754	0.00516	0.00271	0.00717
1	0.00738	0.00525	0.00684	0.00806	0.00839	0.00490	0.00532	0.00822	0.01096	0.01465	0.03082	0.74108	0.03683	0.07047	0.00888	0.00259	0.00358	0.01577	0.00528	0.00473
2	0.06204	0.01581	0.09182	0.02016	0.02565	0.01396	0.49632	0.02051	0.10164	0.07167	0.01370	0.01617	0.01012	0.00561	0.00639	0.00195	0.00838	0.00631	0.00363	0.00814
3	0.01315	0.10378	0.47261	0.01839	0.07065	0.04860	0.15543	0.01842	0.01273	0.01780	0.01054	0.01288	0.00793	0.00546	0.00563	0.00181	0.00851	0.00471	0.00266	0.00830
4	0.00821	0.00564	0.00679	0.00718	0.00738	0.00556	0.00442	0.00857	0.00939	0.01261	0.02224	0.26875	0.02580	0.50552	0.07259	0.00484	0.00562	0.01068	0.00410	0.00411
5	0.00729	0.00521	0.00686	0.00817	0.00853	0.00484	0.00545	0.00820	0.01114	0.01489	0.03172	0.79193	0.03797	0.01806	0.00742	0.00237	0.00343	0.01630	0.00540	0.00481
6	0.01197	0.01126	0.01890	0.58777	0.22667	0.01309	0.01640	0.01558	0.01204	0.01595	0.01062	0.01537	0.00828	0.00576	0.00583	0.00191	0.00750	0.00518	0.00272	0.00721
7	0.01701	0.05962	0.01264	0.00962	0.01258	0.04402	0.00755	0.14443	0.01649	0.24434	0.15555	0.04215	0.06631	0.13028	0.00958	0.00237	0.00510	0.00729	0.00561	0.00744
8	0.01135	0.01174	0.02348	0.05231	0.02279	0.01108	0.44654	0.01470	0.01283	0.01717	0.02062	0.24135	0.06772	0.00946	0.00698	0.00209	0.00737	0.00984	0.00383	0.00673
9	0.01481	0.49038	0.04904	0.01173	0.06531	0.01791	0.01011	0.04911	0.01266	0.01653	0.00933	0.01090	0.00813	0.00505	0.00423	0.00126	0.00588	0.00351	0.00296	0.21117
10	0.01440	0.01006	0.01205	0.00898	0.01364	0.00797	0.00716	0.01720	0.03444	0.15160	0.06513	0.01604	0.01318	0.00556	0.00486	0.00117	0.00435	0.00448	0.00441	0.60332
11	0.83574	0.01126	0.00863	0.00773	0.01129	0.01298	0.00633	0.01701	0.00993	0.02589	0.00827	0.00972	0.00649	0.00551	0.00368	0.00182	0.00453	0.00320	0.00364	0.00635
12	0.01110	0.01037	0.01733	0.78174	0.03948	0.01286	0.01597	0.01482	0.01162	0.01490	0.01047	0.01565	0.00791	0.00592	0.00584	0.00196	0.00771	0.00518	0.00265	0.00651
13	0.00708	0.00602	0.00603	0.00601	0.00797	0.00502	0.00449	0.00844	0.01322	0.01573	0.05802	0.05526	0.75768	0.01464	0.00688	0.00199	0.00301	0.01213	0.00540	0.00499
14	0.00831	0.00607	0.00773	0.00730	0.00872	0.00554	0.00545	0.01082	0.01611	0.02261	0.70304	0.04394	0.10837	0.01208	0.00687	0.00186	0.00283	0.01055	0.00631	0.00551
15	0.02389	0.01013	0.01324	0.01045	0.01464	0.00919	0.00851	0.02774	0.10732	0.64694	0.04806	0.02087	0.01618	0.00751	0.00592	0.00185	0.00485	0.00609	0.00698	0.00964
16	0.00719	0.00581	0.00625	0.00656	0.00805	0.00500	0.00469	0.00839	0.01252	0.01535	0.04993	0.23672	0.55032	0.04664	0.00790	0.00223	0.00322	0.01301	0.00533	0.00489
17	0.02589	0.00994	0.01347	0.01037	0.01481	0.00858	0.00853	0.02802	0.01654	0.76396	0.02281	0.01985	0.01442	0.00727	0.00588	0.00182	0.00497	0.00584	0.00716	0.00987
18	0.00876	0.00644	0.00817	0.00766	0.00914	0.00609	0.00574	0.01214	0.05873	0.02324	0.71462	0.04176	0.05194	0.01164	0.00681	0.00186	0.00292	0.01019	0.00636	0.00577
19	0.83574	0.01126	0.00863	0.00773	0.01129	0.01298	0.00633	0.01701	0.00993	0.02589	0.00827	0.00972	0.00649	0.00551	0.00368	0.00182	0.00453	0.00320	0.00364	0.00635
20	0.01557	0.79885	0.03009	0.00999	0.01489	0.02274	0.00990	0.01732	0.01181	0.01375	0.00826	0.00960	0.00763	0.00510	0.00381	0.00128	0.00621	0.00316	0.00255	0.00749
21	0.02199	0.01620	0.01734	0.01334	0.01793	0.01787	0.01098	0.74096	0.02701	0.03623	0.01402	0.01414	0.01000	0.00706	0.00585	0.00177	0.00639	0.00524	0.00581	0.00987
22	0.02472	0.00968	0.01309	0.01017	0.01440	0.00838	0.00833	0.02687	0.01652	0.71402	0.07231	0.02141	0.01709	0.00758	0.00594	0.00183	0.00482	0.00615	0.00711	0.00958
23	0.01713	0.09660	0.06406	0.00979	0.01342	0.00973	0.00853	0.02042	0.05530	0.33434	0.27521	0.02636	0.02713	0.00855	0.00598	0.00179	0.00458	0.00707	0.00601	0.00799
24	0.01421	0.01354	0.02294	0.08728	0.70967	0.01368	0.01752	0.01754	0.01309	0.01867	0.01101	0.01464	0.00924	0.00534	0.00579	0.00177	0.00695	0.00519	0.00292	0.00901
25	0.02183	0.02110	0.01693	0.01403	0.01791	0.34872	0.01106	0.42619	0.02235	0.02661	0.01188	0.01265	0.00898	0.00664	0.00560	0.00167	0.00814	0.00460	0.00460	0.00851
26	0.00734	0.00523	0.00685	0.00811	0.00846	0.00487	0.00538	0.00821	0.01105	0.01477	0.03126	0.76608	0.03739	0.04470	0.00816	0.00248	0.00350	0.01603	0.00534	0.00477
27	0.00795	0.00736	0.06083	0.00918	0.01040	0.00585	0.03036	0.00959	0.01194	0.01627	0.11912	0.61992	0.03689	0.01601	0.00720	0.00226	0.00391	0.01443	0.00524	0.00526
28	0.01336	0.18739	0.11028	0.01787	0.02326	0.01509	0.39734	0.01713	0.01272	0.01701	0.01273	0.01646	0.03349	0.05106	0.00722	0.00197	0.00810	0.00585	0.00298	0.04868
29	0.47772	0.01928	0.33768	0.01153	0.01721	0.01318	0.01279	0.01757	0.01094	0.02263	0.00927	0.01092	0.00694	0.00556	0.00450	0.00184	0.00627	0.00369	0.00315	0.00733
30	0.01486	0.01241	0.01314	0.01179	0.01507	0.01420	0.00915	0.03045	0.72739	0.04660	0.02350	0.02165	0.01760	0.00793	0.00594	0.00199	0.00464	0.00653	0.00595	0.00922
31	0.00991	0.00898	0.01297	0.15535	0.22331	0.00889	0.01027	0.01227	0.01302	0.01670	0.05747	0.03633	0.39134	0.01037	0.00639	0.00191	0.00494	0.00888	0.00424	0.00646
32	0.01303	0.01582	0.10289	0.02012	0.06386	0.06245	0.42405	0.01735	0.03470	0.01817	0.04790	0.12190	0.01496	0.00733	0.00662	0.00198	0.00818	0.00772	0.00351	0.00746
33	0.01288	0.00882	0.01088	0.01072	0.01301	0.00916	0.00885	0.01941	0.23467	0.10931	0.09251	0.04450	0.02812	0.01215	0.00704	0.00230	0.00487	0.35788	0.00583	0.00710
34	0.00718	0.00601	0.00605	0.00604	0.00787	0.00506	0.00443	0.00845	0.01291	0.01545	0.05541	0.05411	0.70932	0.06589	0.00834	0.00222	0.00318	0.01189	0.00528	0.00490
35	0.01413	0.01747	0.09980	0.02305	0.07576	0.06751	0.53154	0.01849	0.01343	0.01803	0.01127	0.01491	0.00869	0.00547	0.00726	0.00196	0.05426	0.00618	0.00293	0.00786
36	0.04839	0.38408	0.24410	0.01281	0.01831	0.17108	0.01335	0.01875	0.01279	0.01571	0.00912	0.01069	0.00756	0.00547	0.00462	0.00153	0.00768	0.00363	0.00269	0.00763
37	0.01020	0.00897	0.01432	0.40660	0.11742	0.01009	0.01234	0.01295	0.01199	0.01594	0.06591	0.24997	0.02013	0.00987	0.00638	0.00205	0.00600	0.00886	0.00375	0.00627
38	0.00729	0.00521	0.00686	0.00817	0.00853	0.00484	0.00545	0.00820	0.01114	0.01489	0.03172	0.79193	0.03797	0.01806	0.00742	0.00237	0.00343	0.01630	0.00540	0.00481
39	0.83574	0.01126	0.00863	0.00773	0.01129	0.01298	0.00633	0.01701	0.00993	0.02589	0.00827	0.00972	0.00649	0.00551	0.00368	0.00182	0.00453	0.00320	0.00364	0.00635
40	0.02199	0.01620	0.01734	0.01334	0.01793	0.01787	0.01098	0.74096	0.02701	0.03623	0.01402	0.01414	0.01000	0.00706	0.00585	0.00177	0.00639	0.00524	0.00581	0.00987
41	0.01497	0.01740	0.11134	0.12096	0.40070	0.12031	0.06404	0.04709	0.01392	0.01839	0.01083	0.01398	0.00871	0.00558	0.00577	0.00178	0.00785	0.00500	0.00298	0.00839
42	0.00772	0.00545	0.00702	0.00789	0.00824	0.00529	0.00520	0.00850	0.01036	0.01394	0.02700	0.54012	0.03172	0.20259	0.08727	0.00379	0.00511	0.01347	0.00475	0.00458
43	0.00868	0.00629	0.00702	0.00668	0.00864	0.00541	0.00504	0.01044	0.01430	0.06690	0.24858	0.04955	0.51473	0.01339	0.00681	0.00194	0.00308	0.01125	0.00579	0.00547
44	0.01391	0.01412	0.02460	0.14114	0.12604	0.06310	0.34773	0.05868	0.01359	0.01794	0.01157	0.01571	0.00921	0.00848	0.04890	0.06005	0.00886	0.00590	0.00308	0.00737
45	0.63274	0.15116	0.01307	0.00865	0.01220	0.01504	0.00740	0.01685	0.01020	0.02291	0.00824	0.00992	0.00678	0.00576	0.00476	0.00178	0.05928	0.00333	0.00338	0.00656
46	0.00729	0.00521	0.00686	0.00817	0.00853	0.00484	0.00545	0.00820	0.01114	0.01489	0.03172	0.79193	0.03797	0.01806	0.00742	0.00237	0.00343	0.01630	0.00540	0.00481
47	0.35696	0.01339	0.01563	0.01545	0.14744	0.01452	0.06086	0.24119	0.01615	0.02706	0.01222	0.01367	0.02969	0.00618	0.00504	0.00181	0.00584	0.00470	0.00419	0.00801
48	0.00849	0.00635	0.00941	0.00939	0.01044	0.00733	0.00728	0.01044	0.00939	0.01357	0.01560	0.02284	0.01456	0.04292	0.77277	0.00921	0.01537	0.00622	0.00317	0.00527
49	0.01110	0.01037	0.01733	0.78174	0.03948	0.01286	0.01597	0.01482	0.01162	0.01490	0.01047	0.01565	0.00791	0.00592	0.00584	0.00196	0.00771	0.00518	0.00265	0.00651
50	0.01349	0.06145	0.07312	0.02286	0.02874	0.01487	0.66157	0.01824	0.01332	0.01803	0.01129	0.01489	0.00852	0.00486	0.00650	0.00188	0.00938	0.00640	0.00284	0.00773
51	0.02533	0.00974	0.01324	0.01014	0.01458	0.00839	0.00837	0.02755	0.01626	0.74903	0.02226	0.01928	0.01402	0.00701	0.00572	0.00175	0.00485	0.00569	0.00699	0.02980
52	0.00994	0.00497	0.00745	0.00745	0.00745	0.00497	0.00497	0.00745	0.00745	0.00994	0.00994	0.01739	0.00994	0.01987	0.02235	0.83358	0.00497	0.00497	0.00248	0.00248
53	0.02566	0.00973	0.01327	0.01018	0.01460	0.00841	0.00841	0.02788	0.01637	0.76726	0.02257	0.01947	0.01416	0.00708	0.00575	0.00177	0.00487	0.00575	0.00708	0.00973
54	0.00706	0.00502	0.00661	0.00785	0.00816	0.00471	0.00519	0.00799	0.01077	0.01437	0.03062	0.74440	0.03669	0.07033	0.00876	0.00254	0.00347	0.01573	0.00519	0.00457
55	0.00810	0.00585	0.00765	0.00720	0.00855	0.00540	0.00540	0.01079	0.01619	0.02294	0.76028	0.04273	0.05397	0.01169	0.00675	0.00180	0.00270	0.01034	0.00630	0.00540
56	0.61116	0.01227	0.01074	0.00901	0.01284	0.01394	0.00743	0.19961	0.01423	0.04933	0.00983	0.01069	0.00731	0.00575	0.00415	0.00176	0.00491	0.00369	0.00419	0.00718
57	0.00810	0.00585	0.00765	0.00720	0.00855	0.00540	0.00540	0.01079	0.01619	0.02294	0.76028	0.04273	0.05397	0.01169	0.00675	0.00180	0.00270	0.01034	0.00630	0.00540
58	0.00699	0.00572	0.00616	0.00623	0.00791	0.00490	0.00461	0.00858	0.01331	0.01652	0.16349	0.12807	0.57885	0.01440	0.00681	0.00195	0.00291	0.01223	0.00546	0.00490

[dist]
# distance from previous block
# <min> <max>
0	2

[block]
# block no. 5 follows, 41 sequences, length 17
# corresponding to MSA columns:
# 372-388
name=unknown_F
#
# <colnr> <probs for GDERKNQSTAVLIFYWHMCP>
#	G	D	E	R	K	N	Q	S	T	A	V	L	I	F	Y	W	H	M	C	P
0	0.71667	0.01285	0.07644	0.00996	0.05754	0.01292	0.00820	0.01697	0.01014	0.02458	0.00834	0.00983	0.00646	0.00531	0.00383	0.00177	0.00492	0.00332	0.00340	0.00657
1	0.02044	0.02225	0.08297	0.01411	0.01825	0.36424	0.01180	0.32858	0.04252	0.02401	0.01148	0.01225	0.00866	0.00632	0.00544	0.00162	0.00827	0.00444	0.00416	0.00818
2	0.06985	0.08228	0.07177	0.01144	0.01571	0.01393	0.00996	0.12950	0.30677	0.20067	0.01846	0.01729	0.01321	0.00689	0.00543	0.00178	0.00529	0.00543	0.00541	0.00894
3	0.02174	0.01602	0.01717	0.01316	0.01774	0.01774	0.01087	0.74423	0.02689	0.03605	0.01373	0.01373	0.00973	0.00687	0.00572	0.00172	0.00629	0.00515	0.00572	0.00973
4	0.01045	0.00540	0.00567	0.00567	0.00697	0.00549	0.00427	0.01306	0.01175	0.02062	0.01837	0.02142	0.01463	0.00982	0.07128	0.00202	0.00377	0.00540	0.75863	0.00531
