[name]
unknown

[dist]
# distance from previous block
# <min> <max>
0	69

[block]
# block no. 0 follows, 40 sequences, length 8
# corresponding to MSA columns:
# 84-91
name=unknown_A
#
# <colnr> <probs for GDERKNQSTAVLIFYWHMCP>
#	G	D	E	R	K	N	Q	S	T	A	V	L	I	F	Y	W	H	M	C	P
0	0.00838	0.00609	0.00798	0.00790	0.00929	0.00569	0.00618	0.01105	0.01571	0.02179	0.58098	0.04834	0.08684	0.01284	0.00709	0.00200	0.00326	0.14703	0.00615	0.00543
1	0.17096	0.01911	0.29099	0.05825	0.16096	0.01339	0.14399	0.01760	0.01219	0.01975	0.01097	0.03656	0.00873	0.00573	0.00551	0.00185	0.00750	0.00511	0.00294	0.00791
2	0.01207	0.05690	0.44770	0.01564	0.02217	0.01260	0.15380	0.01748	0.01252	0.01887	0.01222	0.01460	0.00910	0.00562	0.00542	0.00174	0.00759	0.00495	0.16122	0.00779
3	0.00709	0.00506	0.00675	0.00810	0.00843	0.00472	0.00540	0.00810	0.01113	0.01484	0.03205	0.79184	0.03846	0.01822	0.00742	0.00236	0.00337	0.01653	0.00540	0.00472
4	0.00733	0.00523	0.00661	0.00762	0.00799	0.00491	0.00497	0.00818	0.01076	0.01422	0.03118	0.59864	0.08229	0.16743	0.01165	0.00297	0.00378	0.01470	0.00504	0.00450
5	0.01549	0.45252	0.02244	0.01079	0.01445	0.17613	0.00939	0.04683	0.01331	0.01497	0.01312	0.16018	0.01353	0.00782	0.00484	0.00153	0.00657	0.00591	0.00329	0.00689
6	0.05993	0.01406	0.01495	0.01366	0.08751	0.06920	0.00999	0.37631	0.02063	0.09391	0.02245	0.02212	0.15348	0.00816	0.00586	0.00177	0.00586	0.00642	0.00526	0.00845
7	0.75791	0.01111	0.00903	0.00791	0.01160	0.01261	0.00652	0.01819	0.01055	0.09776	0.00954	0.01045	0.00708	0.00557	0.00382	0.00180	0.00454	0.00341	0.00395	0.00665

[dist]
# distance from previous block
# <min> <max>
5	11

[block]
# block no. 1 follows, 40 sequences, length 10
# corresponding to MSA columns:
# 103-112
name=unknown_B
#
# <colnr> <probs for GDERKNQSTAVLIFYWHMCP>
#	G	D	E	R	K	N	Q	S	T	A	V	L	I	F	Y	W	H	M	C	P
0	0.01022	0.00511	0.00723	0.00723	0.00745	0.00511	0.00489	0.00854	0.00832	0.01197	0.01153	0.01832	0.01088	0.01803	0.01971	0.69691	0.00467	0.00511	0.13577	0.00299
1	0.01446	0.01249	0.01315	0.01183	0.01512	0.01446	0.00920	0.03090	0.74885	0.02433	0.02367	0.02170	0.01775	0.00789	0.00592	0.00197	0.00460	0.00657	0.00592	0.00920
2	0.01227	0.01013	0.01197	0.00926	0.01377	0.00824	0.00756	0.06064	0.01325	0.01983	0.01387	0.02082	0.01271	0.00638	0.00500	0.00121	0.00461	0.11927	0.00391	0.64531
3	0.00709	0.00506	0.00675	0.00810	0.00843	0.00472	0.00540	0.00810	0.01113	0.01484	0.03205	0.79184	0.03846	0.01822	0.00742	0.00236	0.00337	0.01653	0.00540	0.00472
4	0.00937	0.00669	0.00937	0.01071	0.01205	0.00669	0.00937	0.01205	0.01339	0.01740	0.03079	0.06560	0.03347	0.01606	0.00803	0.00268	0.00535	0.72021	0.00535	0.00535
5	0.00902	0.00597	0.00808	0.00808	0.00915	0.00666	0.00616	0.01116	0.01009	0.01565	0.01668	0.02339	0.01502	0.07635	0.51592	0.00691	0.01142	0.00613	0.23300	0.00516
6	0.02609	0.00990	0.01350	0.01035	0.01484	0.00855	0.00855	0.02834	0.01664	0.76338	0.02294	0.01979	0.01439	0.00720	0.00585	0.00180	0.00495	0.00585	0.00720	0.00990
7	0.02111	0.00862	0.01139	0.00912	0.01267	0.00761	0.00739	0.02351	0.01590	0.53939	0.12561	0.02343	0.02018	0.00779	0.00570	0.00173	0.00428	0.00644	0.13957	0.00855
8	0.02032	0.01649	0.01669	0.01338	0.01741	0.08434	0.01086	0.52180	0.14183	0.03142	0.01474	0.01483	0.01082	0.00722	0.00652	0.00180	0.04951	0.00531	0.00540	0.00930
9	0.00800	0.00594	0.00745	0.00707	0.00854	0.00539	0.00530	0.01052	0.01591	0.02201	0.63660	0.04559	0.17537	0.01238	0.00686	0.00185	0.00278	0.01082	0.00623	0.00539

[dist]
# distance from previous block
# <min> <max>
0	1

[block]
# block no. 2 follows, 40 sequences, length 19
# corresponding to MSA columns:
# 114-132
name=unknown_C
#
# <colnr> <probs for GDERKNQSTAVLIFYWHMCP>
#	G	D	E	R	K	N	Q	S	T	A	V	L	I	F	Y	W	H	M	C	P
0	0.02234	0.01149	0.01414	0.01071	0.01538	0.01062	0.00881	0.19335	0.01825	0.44300	0.01830	0.01687	0.01218	0.00657	0.00553	0.00160	0.00516	0.00522	0.00612	0.17435
1	0.02118	0.02681	0.01656	0.01500	0.01781	0.72656	0.01133	0.02266	0.01602	0.01422	0.00891	0.01062	0.00750	0.00625	0.00608	0.00156	0.05742	0.00383	0.00297	0.00672
2	0.01037	0.00641	0.00879	0.00835	0.00988	0.00637	0.00638	0.01268	0.01347	0.10713	0.32896	0.10109	0.03364	0.02222	0.26051	0.00435	0.00732	0.00889	0.03735	0.00584
3	0.01560	0.12545	0.43176	0.01500	0.02141	0.22092	0.01660	0.02009	0.01358	0.05354	0.01036	0.01179	0.00776	0.00567	0.00524	0.00167	0.00863	0.00407	0.00284	0.00801
4	0.00868	0.00663	0.00816	0.00898	0.00996	0.00677	0.00636	0.01286	0.15897	0.01687	0.03031	0.60107	0.03406	0.01604	0.00715	0.00230	0.00372	0.04996	0.00550	0.00565
5	0.01239	0.00791	0.00967	0.00879	0.01108	0.00777	0.00681	0.01758	0.16246	0.14816	0.35533	0.07415	0.10277	0.01103	0.00658	0.00193	0.00365	0.03882	0.00626	0.00689
6	0.01225	0.01353	0.06327	0.41638	0.09238	0.01365	0.27059	0.01661	0.01253	0.01670	0.01089	0.01531	0.00822	0.00543	0.00616	0.00192	0.00845	0.00572	0.00273	0.00728
7	0.00760	0.00554	0.00709	0.00749	0.00841	0.00510	0.00527	0.00936	0.01351	0.01841	0.34242	0.37553	0.11365	0.04329	0.00793	0.00222	0.00315	0.01327	0.00576	0.00502
8	0.00709	0.00506	0.00675	0.00810	0.00843	0.00472	0.00540	0.00810	0.01113	0.01484	0.03205	0.79184	0.03846	0.01822	0.00742	0.00236	0.00337	0.01653	0.00540	0.00472
9	0.00731	0.00524	0.00695	0.00794	0.00849	0.00488	0.00542	0.00867	0.01220	0.01654	0.17707	0.64198	0.04175	0.01695	0.00731	0.00226	0.00325	0.01533	0.00560	0.00488
10	0.04980	0.74112	0.02910	0.01002	0.01487	0.04721	0.00984	0.01759	0.01189	0.01421	0.00811	0.00937	0.00742	0.00503	0.00378	0.00128	0.00629	0.00313	0.00255	0.00739
11	0.01198	0.01111	0.01698	0.54172	0.07754	0.01354	0.01468	0.01821	0.15920	0.01696	0.01290	0.01653	0.00984	0.00642	0.00653	0.00196	0.04802	0.00545	0.00327	0.00717
12	0.67104	0.01033	0.00871	0.00826	0.01141	0.01177	0.00691	0.01608	0.01060	0.02435	0.01264	0.02069	0.01174	0.00753	0.00449	0.00198	0.00467	0.14673	0.00395	0.00611
13	0.02529	0.01118	0.01429	0.01095	0.01548	0.01045	0.00905	0.17083	0.01879	0.61786	0.02114	0.01863	0.01349	0.00715	0.00584	0.00179	0.00524	0.00573	0.00692	0.00990
14	0.02013	0.02233	0.01618	0.01466	0.03811	0.47096	0.01098	0.14664	0.16489	0.02020	0.01283	0.01343	0.01000	0.00652	0.00549	0.00164	0.00851	0.00461	0.00406	0.00784
15	0.02529	0.01118	0.01429	0.01095	0.01548	0.01045	0.00905	0.17083	0.01879	0.61786	0.02114	0.01863	0.01349	0.00715	0.00584	0.00179	0.00524	0.00573	0.00692	0.00990
16	0.02204	0.01823	0.01729	0.01365	0.01802	0.14645	0.01108	0.61794	0.02549	0.03283	0.01311	0.01337	0.00948	0.00681	0.00572	0.00170	0.00710	0.00498	0.00534	0.00935
17	0.00846	0.00564	0.00634	0.00634	0.00634	0.00564	0.00352	0.00846	0.00846	0.01128	0.01832	0.03805	0.02114	0.79563	0.02960	0.00564	0.00564	0.00846	0.00352	0.00352
18	0.01518	0.27459	0.16920	0.01187	0.01665	0.01597	0.01183	0.15437	0.02933	0.06460	0.01238	0.01438	0.00995	0.01340	0.15861	0.00313	0.00849	0.00461	0.00359	0.00788

[dist]
# distance from previous block
# <min> <max>
0	2

[block]
# block no. 3 follows, 40 sequences, length 11
# corresponding to MSA columns:
# 135-145
name=unknown_D
#
# <colnr> <probs for GDERKNQSTAVLIFYWHMCP>
#	G	D	E	R	K	N	Q	S	T	A	V	L	I	F	Y	W	H	M	C	P
0	0.01503	0.71211	0.02773	0.00945	0.01403	0.02108	0.00931	0.01699	0.01186	0.01456	0.00928	0.01068	0.00828	0.00517	0.00377	0.00126	0.00583	0.00336	0.09298	0.00724
1	0.01370	0.01334	0.02278	0.02760	0.43814	0.01435	0.12202	0.01683	0.01227	0.01797	0.01079	0.01464	0.00914	0.00637	0.00884	0.00192	0.18369	0.00542	0.05204	0.00814
2	0.01116	0.01043	0.01984	0.01552	0.01823	0.01049	0.32145	0.01336	0.01092	0.01500	0.01396	0.06565	0.01333	0.13014	0.12785	0.12377	0.06287	0.00718	0.00311	0.00576
3	0.01554	0.01303	0.01376	0.01205	0.01553	0.01497	0.00947	0.13097	0.64703	0.02607	0.02230	0.02060	0.01664	0.00776	0.00590	0.00194	0.00486	0.00639	0.00590	0.00930
4	0.00760	0.00592	0.00690	0.00666	0.00830	0.00522	0.00499	0.00976	0.01498	0.01981	0.43426	0.04922	0.37909	0.01320	0.00687	0.00189	0.00284	0.01133	0.00594	0.00522
5	0.00709	0.00506	0.00675	0.00810	0.00843	0.00472	0.00540	0.00810	0.01113	0.01484	0.03205	0.79184	0.03846	0.01822	0.00742	0.00236	0.00337	0.01653	0.00540	0.00472
6	0.00810	0.00628	0.00760	0.00825	0.00991	0.00578	0.00684	0.01016	0.01332	0.01654	0.04514	0.06068	0.40262	0.01538	0.00744	0.00231	0.00413	0.35902	0.00538	0.00513
7	0.02043	0.01151	0.01359	0.01123	0.01518	0.01191	0.00901	0.07524	0.35751	0.37334	0.02270	0.02030	0.01566	0.00751	0.00588	0.00188	0.00488	0.00615	0.00651	0.00957
8	0.11439	0.01097	0.01353	0.01049	0.01491	0.01041	0.00866	0.13022	0.01745	0.57724	0.02001	0.01781	0.01285	0.00697	0.00560	0.00179	0.00511	0.00546	0.00660	0.00950
9	0.01084	0.00542	0.00542	0.00542	0.00678	0.00542	0.00407	0.01355	0.01220	0.02168	0.01897	0.02168	0.01491	0.00678	0.00407	0.00136	0.00271	0.00542	0.82791	0.00542
10	0.01936	0.01560	0.01586	0.01292	0.01699	0.06056	0.01041	0.44598	0.28350	0.03096	0.01713	0.01651	0.01255	0.00725	0.00582	0.00181	0.00600	0.00563	0.00569	0.00946

[dist]
# distance from previous block
# <min> <max>
0	1

[block]
# block no. 4 follows, 40 sequences, length 26
# corresponding to MSA columns:
# 147-172
name=unknown_E
#
# <colnr> <probs for GDERKNQSTAVLIFYWHMCP>
#	G	D	E	R	K	N	Q	S	T	A	V	L	I	F	Y	W	H	M	C	P
0	0.02609	0.00990	0.01350	0.01035	0.01484	0.00855	0.00855	0.02834	0.01664	0.76338	0.02294	0.01979	0.01439	0.00720	0.00585	0.00180	0.00495	0.00585	0.00720	0.00990
1	0.01414	0.01207	0.01733	0.37604	0.02770	0.01449	0.04346	0.20012	0.01531	0.02083	0.01153	0.01521	0.00888	0.00757	0.02346	0.00210	0.12533	0.00528	0.05187	0.00729
2	0.44321	0.01062	0.01070	0.00888	0.01268	0.01113	0.00728	0.05877	0.01371	0.28681	0.07164	0.01597	0.01311	0.00662	0.00476	0.00180	0.00462	0.00478	0.00520	0.00770
3	0.09759	0.01490	0.01573	0.01220	0.01673	0.01617	0.01002	0.54541	0.06836	0.03288	0.01359	0.01379	0.00989	0.00658	0.00544	0.00166	0.00587	0.00492	0.00534	0.10293
4	0.01182	0.02902	0.71175	0.01716	0.02555	0.01359	0.07417	0.01843	0.01238	0.01843	0.01053	0.01253	0.00747	0.00548	0.00562	0.00185	0.00868	0.00449	0.00249	0.00854
5	0.04883	0.18461	0.58363	0.01484	0.02249	0.01541	0.01849	0.01816	0.01208	0.01780	0.00986	0.01156	0.00734	0.00541	0.00508	0.00172	0.00793	0.00401	0.00251	0.00826
6	0.01391	0.01381	0.02741	0.08341	0.17666	0.01351	0.42477	0.01801	0.01343	0.05767	0.01340	0.03381	0.01100	0.00615	0.00689	0.00196	0.02824	0.04477	0.00330	0.00789
7	0.00755	0.00631	0.00663	0.00648	0.00843	0.00559	0.00488	0.01014	0.05902	0.01741	0.16439	0.05192	0.60312	0.01387	0.00681	0.00194	0.00302	0.01165	0.00559	0.00526
8	0.01181	0.00673	0.00874	0.00871	0.01025	0.00627	0.00632	0.05170	0.01359	0.16792	0.08635	0.51549	0.05325	0.01480	0.00696	0.00216	0.00379	0.01318	0.00586	0.00611
9	0.01389	0.01337	0.02240	0.10525	0.61142	0.01415	0.01714	0.01715	0.01263	0.01807	0.01053	0.01432	0.00890	0.00577	0.00717	0.00183	0.08937	0.00517	0.00281	0.00865
10	0.01162	0.00645	0.00655	0.00627	0.00792	0.00668	0.00477	0.04693	0.06996	0.02255	0.01911	0.02134	0.01490	0.00687	0.00429	0.00142	0.00302	0.00550	0.72796	0.00591
11	0.00949	0.00625	0.00805	0.00742	0.00909	0.00567	0.00563	0.01208	0.01618	0.07998	0.63611	0.04274	0.11550	0.01178	0.00678	0.00184	0.00293	0.01031	0.00637	0.00578
12	0.01275	0.09050	0.66636	0.01571	0.02380	0.01400	0.01987	0.01887	0.01247	0.05802	0.01092	0.01244	0.00775	0.00557	0.00540	0.00179	0.00821	0.00429	0.00271	0.00857
13	0.00709	0.00506	0.00675	0.00810	0.00843	0.00472	0.00540	0.00810	0.01113	0.01484	0.03205	0.79184	0.03846	0.01822	0.00742	0.00236	0.00337	0.01653	0.00540	0.00472
14	0.00709	0.00506	0.00675	0.00810	0.00843	0.00472	0.00540	0.00810	0.01113	0.01484	0.03205	0.79184	0.03846	0.01822	0.00742	0.00236	0.00337	0.01653	0.00540	0.00472
15	0.00709	0.00506	0.00675	0.00810	0.00843	0.00472	0.00540	0.00810	0.01113	0.01484	0.03205	0.79184	0.03846	0.01822	0.00742	0.00236	0.00337	0.01653	0.00540	0.00472
16	0.02211	0.01629	0.01745	0.01338	0.01803	0.01803	0.01105	0.73997	0.02734	0.03665	0.01396	0.01396	0.00989	0.00698	0.00582	0.00175	0.00640	0.00524	0.00582	0.00989
17	0.01098	0.01034	0.01744	0.78165	0.04005	0.01292	0.01615	0.01486	0.01163	0.01486	0.01034	0.01550	0.00775	0.00581	0.00581	0.00194	0.00775	0.00517	0.00258	0.00646
18	0.02179	0.02580	0.01664	0.01471	0.01799	0.64600	0.01121	0.14322	0.01830	0.01799	0.00982	0.01107	0.00789	0.00616	0.00534	0.00154	0.00980	0.00399	0.00347	0.00727
19	0.02609	0.00990	0.01350	0.01035	0.01484	0.00855	0.00855	0.02834	0.01664	0.76338	0.02294	0.01979	0.01439	0.00720	0.00585	0.00180	0.00495	0.00585	0.00720	0.00990
20	0.01673	0.65461	0.02794	0.01076	0.01550	0.10406	0.01018	0.07404	0.01353	0.01552	0.00864	0.00981	0.00765	0.00524	0.00406	0.00131	0.00670	0.00334	0.00280	0.00757
21	0.01206	0.01034	0.01206	0.00861	0.01378	0.00775	0.00689	0.01464	0.01206	0.01895	0.01034	0.01206	0.00861	0.00431	0.00431	0.00086	0.00431	0.00345	0.00345	0.83118
22	0.02172	0.02772	0.01648	0.01498	0.01798	0.77228	0.01124	0.02322	0.01648	0.01423	0.00899	0.01049	0.00749	0.00599	0.00524	0.00150	0.01049	0.00375	0.00300	0.00674
23	0.01069	0.00695	0.00893	0.00841	0.01028	0.00662	0.00662	0.01432	0.06951	0.10053	0.48796	0.04316	0.07387	0.01184	0.00686	0.00197	0.00351	0.11552	0.00625	0.00618
24	0.09048	0.00947	0.01172	0.00952	0.01319	0.00892	0.00769	0.02396	0.09320	0.45531	0.13049	0.02256	0.01998	0.00773	0.00568	0.00178	0.00441	0.00631	0.05060	0.02701
25	0.01277	0.16777	0.01148	0.00719	0.00943	0.07793	0.00590	0.01520	0.01250	0.01939	0.01587	0.01818	0.01273	0.00634	0.00410	0.00135	0.00412	0.00480	0.58699	0.00595

[dist]
# distance from previous block
# <min> <max>
0	350

# created by:
# /software/SequenceAnalysis/GenePrediction/augustus/3.0.1/scripts/msa2prfl.pl ./fixed/BUSCOvEOG7XSN3Q.fas
