[name]
unknown

[dist]
# distance from previous block
# <min> <max>
3	7

[block]
# block no. 0 follows, 38 sequences, length 158
# corresponding to MSA columns:
# 8-165
name=unknown_A
#
# <colnr> <probs for GDERKNQSTAVLIFYWHMCP>
#	G	D	E	R	K	N	Q	S	T	A	V	L	I	F	Y	W	H	M	C	P
0	0.38882	0.01332	0.06309	0.13166	0.15580	0.01347	0.01168	0.05896	0.01285	0.05517	0.02549	0.01406	0.02081	0.00608	0.00497	0.00187	0.00599	0.00459	0.00372	0.00760
1	0.05281	0.01423	0.02209	0.04941	0.57140	0.01471	0.01649	0.08886	0.07146	0.02209	0.01250	0.01523	0.01011	0.00579	0.00587	0.00182	0.00682	0.00538	0.00355	0.00939
2	0.53545	0.01382	0.09615	0.03771	0.01524	0.01303	0.00927	0.05746	0.01266	0.13000	0.02379	0.01271	0.00894	0.00608	0.00455	0.00187	0.00540	0.00411	0.00425	0.00751
3	0.01648	0.01104	0.01322	0.00978	0.01484	0.00910	0.00794	0.08049	0.01492	0.18173	0.01438	0.01574	0.01096	0.00565	0.00503	0.00123	0.00481	0.02151	0.00467	0.55648
4	0.01504	0.01413	0.02350	0.09977	0.64703	0.01446	0.01790	0.05930	0.01439	0.02033	0.01144	0.01496	0.00944	0.00552	0.00596	0.00181	0.00719	0.00536	0.00313	0.00932
5	0.76072	0.01209	0.00964	0.00843	0.01225	0.01394	0.00694	0.07978	0.01181	0.02794	0.00890	0.01018	0.00684	0.00573	0.00392	0.00186	0.00482	0.00345	0.00392	0.00684
6	0.01438	0.01533	0.08654	0.09006	0.55145	0.01427	0.01767	0.01976	0.09357	0.01987	0.01267	0.01562	0.01022	0.00575	0.00596	0.00184	0.00710	0.00544	0.00326	0.00925
7	0.01489	0.01429	0.02442	0.03692	0.75106	0.01429	0.01846	0.01846	0.01370	0.01965	0.01132	0.01489	0.00953	0.00536	0.00596	0.00179	0.00715	0.00536	0.00298	0.00953
8	0.00774	0.00823	0.07181	0.00738	0.00983	0.00592	0.00631	0.00989	0.01395	0.01751	0.14763	0.09100	0.55309	0.01420	0.00702	0.00202	0.00355	0.01197	0.00546	0.00548
9	0.01455	0.01278	0.01314	0.01201	0.01514	0.03920	0.00925	0.02965	0.65253	0.02396	0.02473	0.08841	0.01987	0.00903	0.00623	0.00206	0.00485	0.00760	0.00597	0.00903
10	0.00802	0.00604	0.00849	0.01082	0.07329	0.00573	0.00666	0.00926	0.01164	0.01564	0.03091	0.69947	0.03672	0.03645	0.00809	0.00247	0.00387	0.01588	0.00531	0.00526
11	0.01734	0.01785	0.02213	0.03010	0.52348	0.19659	0.01628	0.05654	0.01532	0.03153	0.01119	0.01398	0.00922	0.00569	0.00583	0.00173	0.00799	0.00501	0.00324	0.00896
12	0.00949	0.00726	0.00973	0.00928	0.01095	0.00709	0.03543	0.01326	0.07575	0.02116	0.39975	0.04719	0.08065	0.08035	0.00933	0.00245	0.00416	0.16499	0.00588	0.00586
13	0.02555	0.00992	0.01350	0.01046	0.01486	0.00860	0.00860	0.02792	0.01720	0.69832	0.08009	0.02238	0.01815	0.00782	0.00613	0.00186	0.00494	0.00643	0.00738	0.00988
14	0.01476	0.01416	0.02418	0.06437	0.72464	0.01426	0.01840	0.01835	0.01364	0.01949	0.01129	0.01493	0.00947	0.00538	0.00596	0.00179	0.00718	0.00536	0.00297	0.00942
15	0.05773	0.02323	0.01800	0.01946	0.17786	0.50086	0.01266	0.02306	0.03786	0.05879	0.01098	0.01258	0.00881	0.00612	0.00552	0.00165	0.00925	0.00438	0.00344	0.00777
16	0.01612	0.00812	0.00978	0.00914	0.04416	0.00787	0.00673	0.07507	0.01543	0.21052	0.07656	0.02270	0.01782	0.00747	0.00512	0.00161	0.00390	0.00610	0.44842	0.00734
17	0.00723	0.00598	0.00633	0.00649	0.00826	0.00509	0.00478	0.00876	0.01362	0.01661	0.09904	0.15560	0.61039	0.01555	0.00719	0.00208	0.00309	0.01318	0.00565	0.00509
18	0.01493	0.01492	0.02266	0.16376	0.56341	0.07943	0.01756	0.01841	0.01370	0.01848	0.01103	0.01474	0.00911	0.00555	0.00592	0.00180	0.00762	0.00523	0.00294	0.00881
19	0.00769	0.00607	0.00696	0.00704	0.00869	0.00534	0.00529	0.00963	0.01448	0.01859	0.25971	0.12656	0.43322	0.01480	0.00723	0.00207	0.00317	0.05229	0.00589	0.00526
20	0.01570	0.01329	0.01402	0.01239	0.01592	0.01531	0.00970	0.09719	0.67376	0.02635	0.02355	0.02170	0.01760	0.00807	0.00611	0.00202	0.00493	0.00667	0.00611	0.00959
21	0.01102	0.00762	0.01040	0.00887	0.01043	0.00710	0.06774	0.01211	0.01081	0.07185	0.06011	0.04518	0.02109	0.51602	0.02205	0.00437	0.00579	0.00808	0.00408	0.09527
22	0.01577	0.73297	0.08802	0.01083	0.01626	0.02304	0.01122	0.01809	0.01226	0.01453	0.00855	0.00989	0.00771	0.00519	0.00400	0.00133	0.00662	0.00331	0.00257	0.00781
23	0.83108	0.01163	0.00884	0.00791	0.01163	0.01350	0.00651	0.01768	0.01024	0.02699	0.00838	0.00977	0.00651	0.00558	0.00372	0.00186	0.00465	0.00326	0.00372	0.00651
24	0.04570	0.01235	0.02055	0.41112	0.36021	0.01379	0.01709	0.01686	0.01271	0.01777	0.01088	0.01527	0.00864	0.00570	0.00590	0.00190	0.00749	0.00527	0.00285	0.00796
25	0.01284	0.01214	0.02051	0.42514	0.35399	0.01355	0.01709	0.01654	0.01267	0.01715	0.01122	0.01624	0.00910	0.02936	0.00673	0.00202	0.00757	0.00546	0.00284	0.00785
26	0.01226	0.01117	0.01804	0.71495	0.03966	0.01378	0.01630	0.07107	0.01329	0.01712	0.01098	0.01591	0.00819	0.00611	0.00601	0.00199	0.00791	0.00535	0.00293	0.00696
27	0.00742	0.00531	0.00706	0.00831	0.00875	0.00495	0.00559	0.00861	0.01195	0.01604	0.08878	0.72709	0.04111	0.01834	0.00763	0.00240	0.00344	0.01662	0.00567	0.00495
28	0.01654	0.63784	0.02770	0.01028	0.01508	0.02100	0.00986	0.01936	0.05178	0.07982	0.05262	0.01328	0.01170	0.00591	0.00436	0.00141	0.00603	0.00409	0.00342	0.00792
29	0.00733	0.00524	0.00698	0.00838	0.00873	0.00489	0.00558	0.00838	0.01152	0.01536	0.03316	0.78466	0.03979	0.01885	0.00768	0.00244	0.00349	0.01710	0.00558	0.00489
30	0.02287	0.01685	0.01805	0.01384	0.01866	0.01866	0.01143	0.73100	0.02828	0.03791	0.01444	0.01444	0.01023	0.00722	0.00602	0.00181	0.00662	0.00542	0.00602	0.01023
31	0.01710	0.01848	0.02227	0.03068	0.53764	0.23287	0.01647	0.02008	0.01467	0.01822	0.01073	0.01371	0.00901	0.00560	0.00580	0.00172	0.00823	0.00493	0.00301	0.00878
32	0.00951	0.00679	0.00948	0.01087	0.01217	0.00677	0.00937	0.01215	0.01367	0.01780	0.03195	0.12365	0.03502	0.01679	0.00826	0.00274	0.00538	0.65660	0.00554	0.00549
33	0.78468	0.01155	0.00914	0.00807	0.01185	0.01323	0.00665	0.01835	0.01064	0.06901	0.00926	0.01039	0.00700	0.00569	0.00386	0.00186	0.00468	0.00342	0.00394	0.00673
34	0.00714	0.00596	0.00623	0.00646	0.00822	0.00505	0.00473	0.00859	0.01336	0.01611	0.05653	0.17316	0.63619	0.01581	0.00720	0.00210	0.00312	0.01339	0.00559	0.00505
35	0.01670	0.01212	0.01326	0.01155	0.01512	0.01332	0.00909	0.06983	0.51788	0.14428	0.02696	0.02475	0.08090	0.00861	0.00619	0.00200	0.00478	0.00711	0.00628	0.00929
36	0.01531	0.01359	0.01312	0.01182	0.01509	0.08648	0.00915	0.02852	0.56105	0.05221	0.02700	0.02515	0.09770	0.00872	0.00616	0.00198	0.00518	0.00714	0.00582	0.00881
37	0.00867	0.00584	0.00671	0.00672	0.00686	0.00578	0.00390	0.00896	0.00958	0.01290	0.08297	0.06950	0.02562	0.69039	0.02766	0.00535	0.00548	0.00927	0.00398	0.00387
38	0.01247	0.01069	0.01247	0.00891	0.01426	0.00802	0.00713	0.01515	0.01247	0.01960	0.01069	0.01247	0.00891	0.00446	0.00446	0.00089	0.00446	0.00356	0.00356	0.82536
39	0.01458	0.01398	0.02386	0.10110	0.68928	0.01421	0.01831	0.01819	0.01355	0.01928	0.01126	0.01499	0.00940	0.00542	0.00596	0.00181	0.00722	0.00536	0.00295	0.00928
40	0.01100	0.00563	0.00569	0.00569	0.00697	0.00563	0.00416	0.01356	0.01228	0.02149	0.01957	0.02390	0.01598	0.07505	0.00650	0.00179	0.00307	0.00588	0.75074	0.00544
41	0.00718	0.00582	0.00637	0.00681	0.00831	0.00502	0.00489	0.00855	0.01302	0.01597	0.05219	0.28675	0.52541	0.01637	0.00729	0.00216	0.00319	0.01408	0.00559	0.00502
42	0.00752	0.00535	0.00708	0.00840	0.00877	0.00503	0.00566	0.00858	0.01147	0.01527	0.03229	0.70958	0.03853	0.06252	0.00901	0.00265	0.00372	0.04825	0.00547	0.00485
43	0.01339	0.01277	0.02166	0.34367	0.44236	0.01398	0.01764	0.01710	0.01292	0.01778	0.01100	0.01534	0.00887	0.00572	0.00623	0.00189	0.02120	0.00535	0.00284	0.00829
44	0.00772	0.00551	0.00743	0.00882	0.00934	0.00522	0.00626	0.00905	0.01190	0.01579	0.03294	0.66647	0.03894	0.01848	0.00778	0.00250	0.00383	0.13144	0.00558	0.00499
45	0.02089	0.01764	0.01566	0.01406	0.05568	0.24103	0.01050	0.20866	0.10794	0.14404	0.01597	0.01612	0.01170	0.00694	0.00568	0.00173	0.00708	0.00524	0.08475	0.00867
46	0.01594	0.69329	0.04215	0.01048	0.01529	0.06213	0.01020	0.01783	0.01229	0.01413	0.00906	0.01146	0.00852	0.04977	0.00550	0.00157	0.00668	0.00359	0.00266	0.00747
47	0.00834	0.00608	0.00785	0.00760	0.00897	0.00559	0.00567	0.01093	0.01627	0.02272	0.62678	0.11061	0.10118	0.01314	0.00717	0.00197	0.00296	0.02417	0.00644	0.00556
48	0.01613	0.62896	0.12256	0.01162	0.01706	0.08703	0.01193	0.01867	0.01270	0.01483	0.00875	0.01014	0.00771	0.00531	0.00423	0.00139	0.00713	0.00343	0.00261	0.00780
49	0.01207	0.03112	0.75741	0.01715	0.02604	0.01397	0.02223	0.01905	0.01270	0.01905	0.01080	0.01270	0.00762	0.00572	0.00572	0.00191	0.00889	0.00445	0.00254	0.00889
50	0.00732	0.00526	0.00696	0.00832	0.00871	0.00489	0.00556	0.00838	0.01158	0.01538	0.03390	0.76526	0.05871	0.01875	0.00766	0.00243	0.00348	0.01698	0.00558	0.00489
51	0.01632	0.76427	0.03099	0.01048	0.01556	0.05090	0.01034	0.01823	0.01240	0.01417	0.00840	0.00969	0.00772	0.00519	0.00392	0.00130	0.00659	0.00324	0.00259	0.00769
52	0.00740	0.00529	0.00706	0.00846	0.00884	0.00495	0.00571	0.00850	0.01159	0.01544	0.03312	0.76260	0.03963	0.01878	0.00770	0.00245	0.00355	0.03844	0.00558	0.00491
53	0.02287	0.01685	0.01805	0.01384	0.01866	0.01866	0.01143	0.73100	0.02828	0.03791	0.01444	0.01444	0.01023	0.00722	0.00602	0.00181	0.00662	0.00542	0.00602	0.01023
54	0.01136	0.01069	0.01804	0.77412	0.04143	0.01337	0.01671	0.01537	0.01203	0.01537	0.01069	0.01604	0.00802	0.00601	0.00601	0.00200	0.00802	0.00535	0.00267	0.00668
55	0.02247	0.02867	0.01705	0.01550	0.01860	0.76443	0.01162	0.02402	0.01705	0.01472	0.00930	0.01085	0.00775	0.00620	0.00542	0.00155	0.01085	0.00387	0.00310	0.00697
56	0.00885	0.00683	0.01043	0.01075	0.01196	0.00657	0.06998	0.01083	0.01247	0.01649	0.03021	0.42299	0.03442	0.05194	0.00890	0.00268	0.00492	0.26814	0.00526	0.00535
57	0.00715	0.00593	0.00627	0.00654	0.00824	0.00504	0.00477	0.00858	0.01328	0.01608	0.05552	0.19982	0.61020	0.01594	0.00722	0.00211	0.00313	0.01356	0.00559	0.00504
58	0.01317	0.01424	0.06598	0.32723	0.26981	0.01411	0.17309	0.01744	0.01308	0.01783	0.01122	0.01551	0.00873	0.00558	0.00622	0.00193	0.00825	0.00568	0.00285	0.00805
59	0.01482	0.01412	0.02345	0.04961	0.67976	0.01433	0.01773	0.01945	0.07021	0.02000	0.01233	0.01550	0.01019	0.00559	0.00597	0.00181	0.00698	0.00547	0.00322	0.00947
60	0.00723	0.00586	0.00642	0.00678	0.00832	0.00505	0.00489	0.00867	0.01324	0.01632	0.08062	0.25733	0.52608	0.01611	0.00727	0.00214	0.00316	0.01384	0.00563	0.00505
61	0.01247	0.01069	0.01247	0.00891	0.01426	0.00802	0.00713	0.01515	0.01247	0.01960	0.01069	0.01247	0.00891	0.00446	0.00446	0.00089	0.00446	0.00356	0.00356	0.82536
62	0.01482	0.47448	0.30489	0.01309	0.01957	0.04968	0.01485	0.01865	0.01260	0.01602	0.00932	0.01085	0.00768	0.00540	0.00462	0.00153	0.00754	0.00371	0.00258	0.00813
63	0.04404	0.07683	0.01768	0.01284	0.01725	0.09902	0.01057	0.43662	0.02272	0.14779	0.01458	0.01467	0.01042	0.00748	0.00642	0.03449	0.00672	0.00511	0.00546	0.00928
64	0.00754	0.00616	0.00659	0.00667	0.00848	0.00533	0.00505	0.00918	0.01370	0.01676	0.10948	0.05670	0.59128	0.05911	0.00855	0.00230	0.00341	0.07308	0.00555	0.00508
65	0.24346	0.06124	0.06949	0.01317	0.01804	0.03953	0.07198	0.33773	0.01938	0.05384	0.01212	0.01300	0.00887	0.00634	0.00532	0.00181	0.00661	0.00474	0.00465	0.00869
66	0.01721	0.01488	0.02188	0.07345	0.50782	0.05700	0.01621	0.11302	0.01601	0.08555	0.01266	0.01515	0.00990	0.00587	0.00595	0.00179	0.00716	0.00534	0.00375	0.00937
67	0.00843	0.00570	0.00665	0.00696	0.00704	0.00562	0.00408	0.00867	0.00936	0.01248	0.02210	0.20464	0.02584	0.61789	0.02553	0.00508	0.00531	0.01060	0.00408	0.00392
68	0.01420	0.01502	0.04953	0.02011	0.02531	0.01410	0.46789	0.09733	0.07233	0.02179	0.06003	0.02169	0.07704	0.00687	0.00686	0.00199	0.00826	0.00752	0.00402	0.00808
69	0.02229	0.02461	0.01764	0.01587	0.04787	0.51452	0.01184	0.23231	0.02023	0.02176	0.01090	0.01207	0.00855	0.00647	0.00562	0.00163	0.00945	0.00439	0.00396	0.00804
70	0.00733	0.00524	0.00698	0.00838	0.00873	0.00489	0.00558	0.00838	0.01152	0.01536	0.03316	0.78466	0.03979	0.01885	0.00768	0.00244	0.00349	0.01710	0.00558	0.00489
71	0.01257	0.01137	0.01766	0.64863	0.03742	0.01392	0.01567	0.07251	0.07668	0.01798	0.01218	0.01647	0.00909	0.00630	0.00602	0.00199	0.00763	0.00548	0.00323	0.00721
72	0.05522	0.00700	0.00952	0.06803	0.01165	0.00745	0.00675	0.07193	0.01028	0.01439	0.01202	0.06154	0.01172	0.01761	0.01866	0.59788	0.00543	0.00583	0.00314	0.00393
73	0.00733	0.00524	0.00698	0.00838	0.00873	0.00489	0.00558	0.00838	0.01152	0.01536	0.03316	0.78466	0.03979	0.01885	0.00768	0.00244	0.00349	0.01710	0.00558	0.00489
74	0.01608	0.79220	0.03152	0.01029	0.01544	0.02380	0.01029	0.01801	0.01222	0.01415	0.00836	0.00965	0.00772	0.00515	0.00386	0.00129	0.00643	0.00322	0.00257	0.00772
75	0.00739	0.00526	0.00696	0.00829	0.00863	0.00493	0.00550	0.00839	0.01139	0.01519	0.03251	0.75067	0.03897	0.05395	0.00872	0.00260	0.00360	0.01672	0.00550	0.00483
76	0.01316	0.01316	0.01843	0.01579	0.01579	0.01843	0.01316	0.01448	0.00921	0.01448	0.00790	0.01316	0.00790	0.01053	0.01974	0.00263	0.77757	0.00526	0.00263	0.00658
77	0.02287	0.01685	0.01805	0.01384	0.01866	0.01866	0.01143	0.73100	0.02828	0.03791	0.01444	0.01444	0.01023	0.00722	0.00602	0.00181	0.00662	0.00542	0.00602	0.01023
78	0.02247	0.02867	0.01705	0.01550	0.01860	0.76443	0.01162	0.02402	0.01705	0.01472	0.00930	0.01085	0.00775	0.00620	0.00542	0.00155	0.01085	0.00387	0.00310	0.00697
79	0.01143	0.01046	0.01808	0.01983	0.21775	0.01109	0.12293	0.01428	0.01148	0.01635	0.01425	0.04027	0.01306	0.04813	0.35236	0.00559	0.05600	0.00654	0.00317	0.00695
80	0.00719	0.00576	0.00644	0.00698	0.00836	0.00500	0.00496	0.00853	0.01286	0.01590	0.05018	0.33939	0.47407	0.01663	0.00733	0.00219	0.00322	0.01440	0.00559	0.00500
81	0.01392	0.41867	0.34381	0.01310	0.01965	0.01852	0.01519	0.01808	0.01270	0.01684	0.05147	0.01298	0.01047	0.00580	0.00485	0.00159	0.00729	0.00418	0.00279	0.00811
82	0.01688	0.01477	0.05071	0.09413	0.41457	0.01487	0.01601	0.15940	0.01640	0.07980	0.01263	0.01515	0.00978	0.00626	0.00677	0.00187	0.05148	0.00538	0.00386	0.00927
83	0.00746	0.00534	0.00710	0.00829	0.00875	0.00497	0.00559	0.00870	0.01213	0.01632	0.11195	0.70311	0.04166	0.01812	0.00761	0.00238	0.00342	0.01642	0.00570	0.00497
84	0.01247	0.01069	0.01247	0.00891	0.01426	0.00802	0.00713	0.01515	0.01247	0.01960	0.01069	0.01247	0.00891	0.00446	0.00446	0.00089	0.00446	0.00356	0.00356	0.82536
85	0.01358	0.08705	0.56386	0.01794	0.08007	0.01453	0.04369	0.01977	0.02660	0.06131	0.01169	0.01338	0.00844	0.00577	0.00566	0.00185	0.00831	0.00465	0.00294	0.00891
86	0.02248	0.01509	0.01667	0.01304	0.01762	0.01635	0.01069	0.50316	0.12887	0.16601	0.01757	0.01669	0.01225	0.00740	0.00604	0.00185	0.00608	0.00573	0.00629	0.01013
87	0.00719	0.00600	0.00627	0.00641	0.00823	0.00508	0.00473	0.00871	0.01359	0.01646	0.08522	0.14001	0.64038	0.01553	0.00717	0.00207	0.00309	0.01312	0.00563	0.00508
88	0.77883	0.01145	0.00886	0.00791	0.01155	0.01323	0.00650	0.03063	0.01068	0.02698	0.00900	0.01044	0.00699	0.00568	0.00379	0.00184	0.00461	0.00340	0.04109	0.00654
89	0.01555	0.06160	0.06540	0.06434	0.02730	0.07842	0.42786	0.08240	0.07746	0.02049	0.01281	0.01559	0.00968	0.00571	0.00647	0.00192	0.00904	0.00620	0.00350	0.00826
90	0.00835	0.00599	0.00814	0.00950	0.01033	0.00577	0.00735	0.01015	0.01257	0.01652	0.03316	0.45890	0.05201	0.01781	0.00794	0.00258	0.00437	0.31782	0.00556	0.00517
91	0.02581	0.01200	0.01721	0.05708	0.01895	0.01258	0.16239	0.04764	0.30805	0.04524	0.11817	0.02599	0.08359	0.00835	0.00645	0.00197	0.00576	0.00762	0.00522	0.02995
92	0.31255	0.01567	0.01369	0.01159	0.01550	0.11138	0.00929	0.23937	0.16708	0.02838	0.01367	0.01395	0.01025	0.00669	0.00514	0.00184	0.00607	0.00473	0.00484	0.00833
93	0.00733	0.00524	0.00698	0.00838	0.00873	0.00489	0.00558	0.00838	0.01152	0.01536	0.03316	0.78466	0.03979	0.01885	0.00768	0.00244	0.00349	0.01710	0.00558	0.00489
94	0.01024	0.00840	0.01023	0.01017	0.01143	0.00941	0.00752	0.01579	0.21178	0.01804	0.04912	0.37270	0.05482	0.04657	0.04405	0.00279	0.09362	0.01174	0.00524	0.00636
95	0.01159	0.01097	0.01286	0.01188	0.01275	0.09738	0.00931	0.01320	0.01028	0.01397	0.01313	0.02059	0.01273	0.10569	0.37696	0.00621	0.24567	0.00603	0.00307	0.00575
96	0.00733	0.00524	0.00698	0.00838	0.00873	0.00489	0.00558	0.00838	0.01152	0.01536	0.03316	0.78466	0.03979	0.01885	0.00768	0.00244	0.00349	0.01710	0.00558	0.00489
97	0.02247	0.02867	0.01705	0.01550	0.01860	0.76443	0.01162	0.02402	0.01705	0.01472	0.00930	0.01085	0.00775	0.00620	0.00542	0.00155	0.01085	0.00387	0.00310	0.00697
98	0.00833	0.00587	0.00762	0.00785	0.00896	0.00539	0.00563	0.01038	0.01468	0.03470	0.41184	0.33250	0.09385	0.01493	0.00730	0.00211	0.00315	0.01332	0.00617	0.00542
99	0.02002	0.01318	0.01427	0.01130	0.01516	0.01421	0.00922	0.47266	0.02301	0.09610	0.01668	0.01716	0.01206	0.00718	0.00552	0.00170	0.00544	0.00552	0.23063	0.00896
100	0.02247	0.02867	0.01705	0.01550	0.01860	0.76443	0.01162	0.02402	0.01705	0.01472	0.00930	0.01085	0.00775	0.00620	0.00542	0.00155	0.01085	0.00387	0.00310	0.00697
101	0.02247	0.02867	0.01705	0.01550	0.01860	0.76443	0.01162	0.02402	0.01705	0.01472	0.00930	0.01085	0.00775	0.00620	0.00542	0.00155	0.01085	0.00387	0.00310	0.00697
102	0.01241	0.01105	0.01818	0.44089	0.25078	0.01253	0.01544	0.01611	0.01262	0.01768	0.01217	0.01661	0.00954	0.00596	0.00574	0.00185	0.00701	0.00539	0.12068	0.00739
103	0.00732	0.00527	0.00695	0.00829	0.00870	0.00489	0.00554	0.00839	0.01160	0.01539	0.03426	0.75575	0.06798	0.01870	0.00766	0.00243	0.00347	0.01693	0.00558	0.00489
104	0.01493	0.01263	0.01335	0.01191	0.01529	0.01440	0.00932	0.08436	0.61995	0.02539	0.02641	0.02517	0.06960	0.00875	0.00622	0.00204	0.00480	0.02022	0.00606	0.00919
105	0.01976	0.01391	0.01524	0.01243	0.01643	0.01527	0.00995	0.34275	0.28335	0.12808	0.01958	0.01957	0.01446	0.05203	0.00746	0.00213	0.00570	0.00619	0.00611	0.00960
106	0.08462	0.08447	0.01790	0.03824	0.07643	0.37108	0.01140	0.10407	0.01701	0.12268	0.01197	0.01291	0.00909	0.00628	0.00538	0.00166	0.00833	0.00442	0.00403	0.00803
107	0.63226	0.01327	0.01093	0.00938	0.01326	0.04444	0.00767	0.14317	0.03613	0.02836	0.00997	0.01102	0.00758	0.00597	0.00427	0.00184	0.00525	0.00377	0.00417	0.00728
108	0.00732	0.00527	0.00695	0.00829	0.00870	0.00489	0.00554	0.00839	0.01160	0.01539	0.03426	0.75575	0.06798	0.01870	0.00766	0.00243	0.00347	0.01693	0.00558	0.00489
109	0.01247	0.01069	0.01247	0.00891	0.01426	0.00802	0.00713	0.01515	0.01247	0.01960	0.01069	0.01247	0.00891	0.00446	0.00446	0.00089	0.00446	0.00356	0.00356	0.82536
110	0.01344	0.00999	0.04107	0.01012	0.01264	0.00957	0.00831	0.15530	0.01809	0.09469	0.38205	0.09725	0.03678	0.01114	0.00754	0.00199	0.04887	0.02797	0.00607	0.00712
111	0.01449	0.02624	0.55319	0.01582	0.02342	0.01409	0.01884	0.08325	0.09461	0.07866	0.01363	0.01453	0.00960	0.00625	0.00581	0.00191	0.00794	0.00491	0.00362	0.00918
112	0.00747	0.00533	0.00714	0.00853	0.00894	0.00500	0.00582	0.00861	0.01165	0.01551	0.03308	0.74330	0.03949	0.01872	0.00771	0.00246	0.00361	0.05711	0.00558	0.00492
113	0.32763	0.02063	0.01476	0.01501	0.09728	0.39698	0.01045	0.02101	0.01410	0.01991	0.00917	0.01089	0.00748	0.00587	0.00484	0.00169	0.00809	0.00381	0.00332	0.00708
114	0.01481	0.01407	0.04778	0.03015	0.02373	0.01332	0.39525	0.09624	0.01503	0.07738	0.01612	0.11503	0.01421	0.05273	0.00885	0.00229	0.04320	0.00801	0.00403	0.00778
115	0.00733	0.00524	0.00698	0.00838	0.00873	0.00489	0.00558	0.00838	0.01152	0.01536	0.03316	0.78466	0.03979	0.01885	0.00768	0.00244	0.00349	0.01710	0.00558	0.00489
116	0.01438	0.01307	0.02038	0.07209	0.50703	0.01361	0.01544	0.02044	0.15014	0.02068	0.01448	0.01703	0.01162	0.00607	0.00584	0.00181	0.00637	0.00565	0.07485	0.00902
117	0.02116	0.02596	0.01685	0.07417	0.02006	0.64324	0.01180	0.06061	0.01716	0.01606	0.01124	0.01287	0.03028	0.00651	0.00555	0.00161	0.01017	0.00434	0.00330	0.00707
118	0.00737	0.00575	0.00672	0.00745	0.00859	0.00516	0.00521	0.00892	0.02587	0.01593	0.04511	0.45392	0.34830	0.01708	0.00740	0.00226	0.00332	0.01499	0.00560	0.00506
119	0.01222	0.01200	0.02162	0.56940	0.11802	0.01377	0.13438	0.01635	0.01257	0.01649	0.01100	0.01594	0.00837	0.00579	0.00619	0.00198	0.00827	0.00564	0.00277	0.00723
120	0.01643	0.01306	0.01357	0.01161	0.01506	0.03656	0.00917	0.24490	0.32804	0.04058	0.04683	0.05404	0.08865	0.00899	0.00617	0.00193	0.00516	0.00732	0.04317	0.00876
121	0.00770	0.00554	0.00730	0.00807	0.00880	0.00514	0.00559	0.00933	0.01332	0.01817	0.26200	0.53442	0.05881	0.01669	0.00748	0.00226	0.00327	0.01503	0.00592	0.00514
122	0.02247	0.02867	0.01705	0.01550	0.01860	0.76443	0.01162	0.02402	0.01705	0.01472	0.00930	0.01085	0.00775	0.00620	0.00542	0.00155	0.01085	0.00387	0.00310	0.00697
123	0.00740	0.00528	0.00694	0.00823	0.00860	0.00494	0.00546	0.00840	0.01141	0.01518	0.03296	0.72992	0.05329	0.05999	0.00890	0.00262	0.00361	0.01656	0.00548	0.00482
124	0.83108	0.01163	0.00884	0.00791	0.01163	0.01350	0.00651	0.01768	0.01024	0.02699	0.00838	0.00977	0.00651	0.00558	0.00372	0.00186	0.00465	0.00326	0.00372	0.00651
125	0.00773	0.00552	0.00744	0.00883	0.00935	0.00523	0.00627	0.00906	0.01191	0.01580	0.03294	0.66428	0.03892	0.01847	0.00778	0.00250	0.00383	0.13356	0.00558	0.00500
126	0.02247	0.02867	0.01705	0.01550	0.01860	0.76443	0.01162	0.02402	0.01705	0.01472	0.00930	0.01085	0.00775	0.00620	0.00542	0.00155	0.01085	0.00387	0.00310	0.00697
127	0.05041	0.01276	0.01988	0.07520	0.01982	0.01578	0.15339	0.01629	0.03987	0.01726	0.01078	0.01511	0.00924	0.00844	0.01339	0.00229	0.42463	0.00564	0.08291	0.00691
128	0.00726	0.00551	0.00670	0.00765	0.00853	0.00495	0.00526	0.00846	0.01221	0.01564	0.04199	0.55369	0.26506	0.01770	0.00750	0.00231	0.00335	0.01570	0.00558	0.00495
129	0.01590	0.75749	0.06463	0.01061	0.01592	0.02335	0.01084	0.01806	0.01225	0.01438	0.00847	0.00979	0.00772	0.00517	0.00394	0.00131	0.00655	0.00327	0.00257	0.00777
130	0.02009	0.06069	0.01853	0.10091	0.02095	0.12183	0.04433	0.34641	0.06282	0.09078	0.01492	0.01704	0.01128	0.00717	0.00596	0.00183	0.00725	0.03333	0.00500	0.00890
131	0.00785	0.00573	0.00738	0.00779	0.00879	0.00526	0.00553	0.00975	0.01423	0.01943	0.36048	0.37790	0.11654	0.01552	0.00736	0.00215	0.00315	0.01385	0.00606	0.00526
132	0.01247	0.01069	0.01247	0.00891	0.01426	0.00802	0.00713	0.01515	0.01247	0.01960	0.01069	0.01247	0.00891	0.00446	0.00446	0.00089	0.00446	0.00356	0.00356	0.82536
133	0.01494	0.01263	0.01367	0.01143	0.01551	0.01330	0.00900	0.08801	0.47030	0.02469	0.01967	0.01890	0.01495	0.00702	0.00564	0.00169	0.00484	0.00576	0.00538	0.24268
134	0.07848	0.01282	0.01323	0.01191	0.01533	0.01485	0.00929	0.03085	0.68338	0.02531	0.02323	0.02146	0.01744	0.00796	0.00593	0.00203	0.00475	0.00653	0.00593	0.00929
135	0.00752	0.00540	0.00716	0.00841	0.00892	0.00505	0.00578	0.00877	0.01202	0.01603	0.07507	0.68433	0.05941	0.01825	0.00766	0.00242	0.00355	0.05363	0.00564	0.00497
136	0.56128	0.01358	0.07606	0.01098	0.05325	0.01325	0.00912	0.06057	0.01262	0.12463	0.01116	0.01201	0.00811	0.00593	0.00446	0.00186	0.00533	0.00397	0.00421	0.00760
137	0.02548	0.01094	0.01650	0.01243	0.01725	0.00959	0.09372	0.02813	0.01686	0.66851	0.02237	0.01998	0.01421	0.00717	0.00617	0.00188	0.00571	0.00617	0.00693	0.00999
138	0.00733	0.00524	0.00698	0.00838	0.00873	0.00489	0.00558	0.00838	0.01152	0.01536	0.03316	0.78466	0.03979	0.01885	0.00768	0.00244	0.00349	0.01710	0.00558	0.00489
139	0.01436	0.05795	0.12936	0.03048	0.55011	0.01427	0.01769	0.01827	0.01338	0.01927	0.01103	0.01411	0.00911	0.00533	0.00569	0.00171	0.00715	0.00497	0.00294	0.07284
140	0.01363	0.05622	0.52309	0.01483	0.02186	0.05548	0.01770	0.01915	0.01365	0.07653	0.07626	0.01640	0.01289	0.00650	0.00569	0.00183	0.00776	0.00511	0.04704	0.00838
141	0.00733	0.00524	0.00698	0.00838	0.00873	0.00489	0.00558	0.00838	0.01152	0.01536	0.03316	0.78466	0.03979	0.01885	0.00768	0.00244	0.00349	0.01710	0.00558	0.00489
142	0.01360	0.01430	0.02550	0.06494	0.08195	0.01656	0.29127	0.01670	0.01167	0.01680	0.00999	0.01465	0.00851	0.00774	0.01295	0.00229	0.37436	0.00599	0.00282	0.00742
143	0.01238	0.09035	0.70092	0.01661	0.02521	0.01474	0.02130	0.01897	0.01266	0.01867	0.01061	0.01246	0.00763	0.00567	0.00557	0.00186	0.00870	0.00435	0.00254	0.00880
144	0.00812	0.00584	0.00770	0.00797	0.00900	0.00542	0.00577	0.01029	0.01491	0.02072	0.46338	0.31729	0.04985	0.01484	0.00735	0.00212	0.00316	0.03470	0.00621	0.00538
145	0.83108	0.01163	0.00884	0.00791	0.01163	0.01350	0.00651	0.01768	0.01024	0.02699	0.00838	0.00977	0.00651	0.00558	0.00372	0.00186	0.00465	0.00326	0.00372	0.00651
146	0.00887	0.00564	0.00755	0.00853	0.00924	0.00521	0.00584	0.01007	0.01212	0.07213	0.05403	0.70394	0.03840	0.01778	0.00754	0.00238	0.00359	0.01607	0.00576	0.00532
147	0.01071	0.00910	0.01124	0.01023	0.01033	0.02900	0.00741	0.01127	0.00914	0.01281	0.01460	0.02875	0.01626	0.47008	0.03866	0.00462	0.29040	0.00731	0.00325	0.00484
148	0.01645	0.74815	0.03069	0.01059	0.01562	0.06654	0.01037	0.01836	0.01250	0.01419	0.00842	0.00972	0.00772	0.00521	0.00395	0.00130	0.00669	0.00325	0.00260	0.00768
149	0.02247	0.02867	0.01705	0.01550	0.01860	0.76443	0.01162	0.02402	0.01705	0.01472	0.00930	0.01085	0.00775	0.00620	0.00542	0.00155	0.01085	0.00387	0.00310	0.00697
150	0.00834	0.00614	0.00877	0.01004	0.04325	0.00583	0.03476	0.00978	0.01171	0.01618	0.02958	0.62286	0.03435	0.04740	0.00819	0.00244	0.00396	0.01483	0.07635	0.00524
151	0.00772	0.00540	0.00687	0.00788	0.00813	0.00515	0.00505	0.00848	0.01076	0.01434	0.02925	0.57961	0.03486	0.23062	0.01399	0.00338	0.00413	0.01480	0.00505	0.00454
152	0.01686	0.01594	0.01525	0.01470	0.07591	0.14692	0.01060	0.11681	0.42474	0.02402	0.02141	0.02066	0.05372	0.00785	0.00602	0.00190	0.00617	0.00631	0.00529	0.00893
153	0.01820	0.01932	0.13982	0.01605	0.06124	0.12783	0.05445	0.19295	0.19688	0.07251	0.01571	0.01609	0.01159	0.00690	0.00625	0.00187	0.02304	0.00550	0.00471	0.00911
154	0.00767	0.00640	0.00808	0.00788	0.00961	0.00562	0.04362	0.00937	0.01342	0.01685	0.11042	0.25643	0.45202	0.01544	0.00727	0.00213	0.00353	0.01346	0.00554	0.00524
155	0.01247	0.01069	0.01247	0.00891	0.01426	0.00802	0.00713	0.01515	0.01247	0.01960	0.01069	0.01247	0.00891	0.00446	0.00446	0.00089	0.00446	0.00356	0.00356	0.82536
156	0.01621	0.01916	0.15680	0.01805	0.10033	0.16316	0.12461	0.02178	0.11050	0.08711	0.07295	0.01931	0.01488	0.00708	0.00641	0.00189	0.02085	0.02654	0.00412	0.00827
157	0.03324	0.01402	0.01470	0.01177	0.01520	0.03323	0.00921	0.50245	0.02232	0.02993	0.01545	0.02113	0.01331	0.22214	0.01273	0.00291	0.00647	0.00626	0.00525	0.00827

[dist]
# distance from previous block
# <min> <max>
0	3

[block]
# block no. 1 follows, 38 sequences, length 20
# corresponding to MSA columns:
# 169-188
name=unknown_B
#
# <colnr> <probs for GDERKNQSTAVLIFYWHMCP>
#	G	D	E	R	K	N	Q	S	T	A	V	L	I	F	Y	W	H	M	C	P
0	0.00733	0.00524	0.00698	0.00838	0.00873	0.00489	0.00558	0.00838	0.01152	0.01536	0.03316	0.78466	0.03979	0.01885	0.00768	0.00244	0.00349	0.01710	0.00558	0.00489
1	0.01366	0.01188	0.01524	0.06168	0.01793	0.01060	0.06539	0.07480	0.09868	0.02141	0.01272	0.01433	0.01008	0.00526	0.00509	0.00126	0.00535	0.00449	0.00396	0.54621
2	0.01801	0.01706	0.02154	0.02904	0.50027	0.18266	0.01580	0.02098	0.01486	0.10429	0.01231	0.01463	0.00975	0.00579	0.00585	0.00174	0.00774	0.00511	0.00353	0.00904
3	0.00746	0.00537	0.00707	0.00820	0.00873	0.00499	0.00556	0.00873	0.01224	0.01641	0.11752	0.67110	0.06842	0.01795	0.00759	0.00236	0.00340	0.01621	0.00571	0.00499
4	0.10936	0.01333	0.02070	0.02632	0.42556	0.01366	0.08678	0.01965	0.11967	0.02101	0.01690	0.01893	0.06878	0.00655	0.00593	0.00188	0.00649	0.00608	0.00374	0.00868
5	0.01490	0.01413	0.02316	0.03405	0.66533	0.01437	0.01742	0.02004	0.09838	0.02030	0.01285	0.01577	0.01056	0.00569	0.00597	0.00182	0.00687	0.00553	0.00334	0.00953
6	0.00760	0.00544	0.00726	0.00842	0.00896	0.00509	0.00581	0.00897	0.01234	0.01660	0.12327	0.65340	0.04166	0.01790	0.00764	0.00239	0.00352	0.05300	0.00571	0.00502
7	0.02247	0.02867	0.01705	0.01550	0.01860	0.76443	0.01162	0.02402	0.01705	0.01472	0.00930	0.01085	0.00775	0.00620	0.00542	0.00155	0.01085	0.00387	0.00310	0.00697
8	0.01416	0.00932	0.01087	0.00992	0.01269	0.00951	0.00777	0.02153	0.27152	0.16499	0.11431	0.09473	0.15500	0.01127	0.00669	0.00208	0.00427	0.06536	0.00625	0.00775
9	0.01437	0.01633	0.11328	0.06023	0.58728	0.01429	0.06914	0.01848	0.01355	0.01940	0.01129	0.01476	0.00922	0.00541	0.00601	0.00183	0.00760	0.00537	0.00292	0.00925
10	0.01294	0.01250	0.01796	0.66778	0.03824	0.07385	0.01598	0.05896	0.01341	0.01667	0.01081	0.01553	0.00813	0.00610	0.00597	0.00196	0.00816	0.00523	0.00291	0.00692
11	0.02247	0.02867	0.01705	0.01550	0.01860	0.76443	0.01162	0.02402	0.01705	0.01472	0.00930	0.01085	0.00775	0.00620	0.00542	0.00155	0.01085	0.00387	0.00310	0.00697
12	0.01309	0.01050	0.01239	0.00899	0.01415	0.00797	0.00717	0.01569	0.01270	0.05839	0.01206	0.03610	0.01015	0.00505	0.00464	0.00099	0.00446	0.00410	0.00383	0.75759
13	0.00866	0.00579	0.00671	0.00692	0.00741	0.00573	0.00439	0.00945	0.01015	0.01408	0.02491	0.14701	0.09290	0.45197	0.07988	0.00476	0.00568	0.00980	0.09947	0.00433
14	0.01525	0.01232	0.01387	0.01045	0.01536	0.01127	0.00840	0.20449	0.07405	0.02473	0.01344	0.03701	0.01093	0.00591	0.00509	0.00127	0.00502	0.00471	0.00447	0.52195
15	0.04487	0.03363	0.10858	0.02143	0.25630	0.02631	0.06064	0.09719	0.01401	0.02022	0.01203	0.01565	0.01002	0.01326	0.14563	0.00328	0.07071	0.00534	0.00333	0.03758
16	0.14437	0.05896	0.05410	0.01040	0.01468	0.01183	0.00898	0.05817	0.06632	0.13480	0.08179	0.01701	0.01445	0.00675	0.00608	0.00161	0.05615	0.00505	0.00461	0.24389
17	0.05419	0.10582	0.26845	0.10680	0.05666	0.03285	0.20298	0.03072	0.05001	0.01907	0.01149	0.01410	0.00868	0.00566	0.00584	0.00187	0.00836	0.00521	0.00302	0.00822
18	0.17466	0.09564	0.37602	0.06553	0.05277	0.01525	0.03321	0.08477	0.01366	0.02169	0.01048	0.01239	0.00780	0.00577	0.00524	0.00183	0.00751	0.00435	0.00314	0.00830
19	0.01642	0.16281	0.16318	0.01513	0.08874	0.01623	0.01317	0.25262	0.04008	0.02500	0.07154	0.01706	0.01365	0.00685	0.00560	0.00171	0.00656	0.02155	0.00430	0.05780

[dist]
# distance from previous block
# <min> <max>
0	6

[block]
# block no. 2 follows, 38 sequences, length 31
# corresponding to MSA columns:
# 195-225
name=unknown_C
#
# <colnr> <probs for GDERKNQSTAVLIFYWHMCP>
#	G	D	E	R	K	N	Q	S	T	A	V	L	I	F	Y	W	H	M	C	P
0	0.01521	0.62639	0.18967	0.01179	0.01775	0.02166	0.01289	0.01824	0.01233	0.01522	0.00889	0.01031	0.00770	0.00527	0.00426	0.00142	0.00697	0.00348	0.00257	0.00798
1	0.11457	0.01485	0.01740	0.05666	0.16744	0.03096	0.01213	0.32525	0.12165	0.02879	0.01406	0.01504	0.01058	0.00659	0.00568	0.00181	0.00631	0.00524	0.00482	0.04016
2	0.10658	0.00755	0.00767	0.00723	0.00965	0.00707	0.00555	0.05191	0.01417	0.06600	0.04742	0.10754	0.51349	0.01344	0.00663	0.00202	0.00361	0.01111	0.00551	0.00585
3	0.11041	0.07896	0.06518	0.17086	0.31161	0.01493	0.12785	0.01790	0.01287	0.01914	0.01071	0.01416	0.00856	0.00547	0.00570	0.00184	0.00753	0.00515	0.00296	0.00821
4	0.01437	0.01244	0.07855	0.52946	0.03396	0.01288	0.01553	0.01816	0.01287	0.15037	0.01292	0.01641	0.00923	0.00651	0.00677	0.00201	0.05114	0.00540	0.00353	0.00751
5	0.01004	0.01100	0.09654	0.01525	0.11710	0.00865	0.09478	0.01284	0.01294	0.01787	0.09191	0.36524	0.05569	0.01263	0.00699	0.00213	0.00538	0.02569	0.00461	0.03273
6	0.10954	0.17390	0.53065	0.01475	0.02232	0.01579	0.01810	0.01869	0.01232	0.01906	0.01005	0.01177	0.00751	0.00559	0.00513	0.00178	0.00792	0.00407	0.00269	0.00839
7	0.01901	0.11479	0.08032	0.05059	0.03150	0.29666	0.01264	0.13191	0.04834	0.04983	0.01131	0.01291	0.00894	0.00682	0.00714	0.00177	0.09933	0.00456	0.00368	0.00796
8	0.10475	0.00616	0.00731	0.00810	0.00908	0.00602	0.00566	0.00990	0.01224	0.01800	0.13158	0.55534	0.07168	0.01619	0.00710	0.00228	0.00352	0.01439	0.00551	0.00520
9	0.00895	0.00690	0.01007	0.00987	0.01077	0.00820	0.00762	0.01086	0.00956	0.01381	0.01573	0.02416	0.01507	0.10448	0.64763	0.00882	0.07242	0.00655	0.00321	0.00532
10	0.00741	0.00529	0.00705	0.00832	0.00874	0.00494	0.00559	0.00857	0.01187	0.01592	0.07940	0.73680	0.04089	0.01842	0.00764	0.00241	0.00345	0.01670	0.00565	0.00494
11	0.01070	0.00663	0.00874	0.00794	0.00974	0.00605	0.00605	0.01347	0.01705	0.11045	0.66238	0.04205	0.05182	0.01173	0.00697	0.00189	0.00311	0.01031	0.00672	0.00621
12	0.01340	0.19070	0.32156	0.01578	0.05820	0.01623	0.04288	0.01757	0.01209	0.01732	0.00984	0.01233	0.00800	0.00621	0.00758	0.00177	0.13681	0.00436	0.00273	0.10466
13	0.01327	0.06347	0.61893	0.01720	0.02544	0.01425	0.08357	0.01959	0.01306	0.05975	0.01153	0.01331	0.00816	0.00573	0.00577	0.00189	0.00868	0.00471	0.00286	0.00884
14	0.01754	0.09291	0.02299	0.02701	0.44291	0.07840	0.01541	0.18899	0.01731	0.02306	0.01160	0.01393	0.00937	0.00585	0.00572	0.00172	0.00726	0.00504	0.00367	0.00931
15	0.01833	0.46574	0.02522	0.01136	0.01619	0.02097	0.01040	0.28071	0.01817	0.02334	0.01119	0.01208	0.00904	0.00601	0.00467	0.00148	0.00631	0.00415	0.04610	0.00854
16	0.00741	0.00529	0.00707	0.00846	0.00885	0.00495	0.00572	0.00851	0.01159	0.01544	0.03311	0.76150	0.03962	0.01877	0.00770	0.00245	0.00356	0.03951	0.00558	0.00491
17	0.01121	0.00561	0.00561	0.00561	0.00701	0.00561	0.00421	0.01402	0.01262	0.02243	0.01962	0.02243	0.01542	0.00701	0.00421	0.00140	0.00280	0.00561	0.82198	0.00561
18	0.17768	0.01360	0.01623	0.19597	0.08290	0.08169	0.04137	0.12198	0.01550	0.13846	0.01389	0.05098	0.01078	0.00686	0.00564	0.00189	0.00676	0.00555	0.00433	0.00796
19	0.08630	0.05370	0.01471	0.01095	0.01545	0.08645	0.00887	0.09858	0.11420	0.19466	0.01557	0.01538	0.01136	0.00626	0.00523	0.00154	0.00564	0.00477	0.00500	0.24539
20	0.01121	0.00561	0.00561	0.00561	0.00701	0.00561	0.00421	0.01402	0.01262	0.02243	0.01962	0.02243	0.01542	0.00701	0.00421	0.00140	0.00280	0.00561	0.82198	0.00561
21	0.00733	0.00524	0.00698	0.00838	0.00873	0.00489	0.00558	0.00838	0.01152	0.01536	0.03316	0.78466	0.03979	0.01885	0.00768	0.00244	0.00349	0.01710	0.00558	0.00489
22	0.01340	0.01288	0.02245	0.39678	0.27886	0.01414	0.10927	0.04656	0.01355	0.01825	0.01125	0.01561	0.00876	0.00572	0.00614	0.00193	0.00794	0.00558	0.00296	0.00798
23	0.01394	0.01327	0.02228	0.23581	0.53087	0.01407	0.01765	0.01814	0.04074	0.01870	0.01165	0.01549	0.00945	0.00564	0.00598	0.00186	0.00729	0.00541	0.00301	0.00876
24	0.10802	0.00632	0.00599	0.00588	0.00755	0.00654	0.00448	0.01445	0.01233	0.02297	0.01830	0.02093	0.01437	0.00684	0.00415	0.00146	0.00302	0.00533	0.72536	0.00571
25	0.01355	0.01505	0.03202	0.12530	0.03188	0.01456	0.60478	0.01831	0.01380	0.01859	0.01280	0.04666	0.01019	0.00574	0.00698	0.00204	0.00959	0.00726	0.00309	0.00779
26	0.01476	0.10000	0.26498	0.01688	0.02269	0.08078	0.18875	0.02048	0.08327	0.06016	0.01414	0.06323	0.01149	0.00681	0.00634	0.00190	0.02552	0.00605	0.00353	0.00824
27	0.01893	0.01824	0.26227	0.01394	0.01908	0.02959	0.01417	0.02318	0.04291	0.32966	0.01625	0.01642	0.01117	0.00743	0.00842	0.00202	0.14717	0.00535	0.00479	0.00902
28	0.06425	0.01284	0.07928	0.51835	0.03432	0.01293	0.06644	0.01608	0.01218	0.01720	0.01066	0.01495	0.00807	0.00571	0.00574	0.00186	0.00761	0.00505	0.00286	0.10362
29	0.01482	0.35982	0.22470	0.16584	0.02367	0.04900	0.01481	0.01855	0.01275	0.05071	0.01026	0.01232	0.00809	0.00563	0.00497	0.00164	0.00754	0.00414	0.00284	0.00792
30	0.06732	0.01621	0.08208	0.05824	0.47774	0.06645	0.01641	0.02032	0.09934	0.02021	0.01247	0.01504	0.01004	0.00582	0.00578	0.00182	0.00714	0.00522	0.00336	0.00899

[dist]
# distance from previous block
# <min> <max>
5	18

[block]
# block no. 3 follows, 38 sequences, length 24
# corresponding to MSA columns:
# 244-267
name=unknown_D
#
# <colnr> <probs for GDERKNQSTAVLIFYWHMCP>
#	G	D	E	R	K	N	Q	S	T	A	V	L	I	F	Y	W	H	M	C	P
0	0.04125	0.05787	0.15629	0.01401	0.05371	0.01378	0.03689	0.10505	0.20535	0.10508	0.01733	0.01738	0.03003	0.00672	0.00566	0.00176	0.00610	0.00548	0.00471	0.11555
1	0.01369	0.01191	0.06033	0.01246	0.08950	0.00944	0.00926	0.07366	0.01412	0.07375	0.01779	0.06355	0.07213	0.04153	0.00650	0.00159	0.00512	0.00590	0.00421	0.41356
2	0.01248	0.01309	0.06682	0.50112	0.25710	0.01369	0.01759	0.01655	0.01258	0.01691	0.01089	0.01548	0.00845	0.00580	0.00598	0.00193	0.00781	0.00529	0.00276	0.00769
3	0.01421	0.01347	0.02280	0.06685	0.65944	0.01355	0.01734	0.01775	0.01390	0.01983	0.07135	0.01739	0.01331	0.00595	0.00605	0.00180	0.00683	0.00581	0.00326	0.00909
4	0.01707	0.01079	0.01457	0.15225	0.06609	0.01054	0.01042	0.05250	0.08813	0.24255	0.01825	0.08573	0.01437	0.00749	0.00584	0.00174	0.00552	0.00638	0.00509	0.18468
5	0.01290	0.01130	0.01073	0.05783	0.01392	0.11163	0.00782	0.05908	0.11317	0.06893	0.03868	0.06958	0.36280	0.01163	0.00659	0.00197	0.00508	0.02435	0.00529	0.00670
6	0.00873	0.00591	0.00698	0.00698	0.00713	0.00606	0.00417	0.00902	0.00887	0.01197	0.01857	0.03724	0.02095	0.68820	0.12974	0.00635	0.00722	0.00844	0.00359	0.00388
7	0.01874	0.01351	0.01552	0.07397	0.01852	0.01397	0.01020	0.34428	0.09151	0.10721	0.01689	0.01707	0.03658	0.00690	0.00572	0.00165	0.00578	0.00545	0.00535	0.19115
8	0.28066	0.02031	0.01382	0.01240	0.01571	0.38962	0.00955	0.08773	0.03335	0.02113	0.01129	0.05750	0.00977	0.00690	0.00509	0.00174	0.00787	0.00469	0.00380	0.00707
9	0.00738	0.00526	0.00697	0.00831	0.00865	0.00492	0.00552	0.00839	0.01142	0.01523	0.03267	0.75925	0.03918	0.04509	0.00846	0.00256	0.00357	0.01682	0.00552	0.00484
10	0.00824	0.00622	0.00770	0.00781	0.00934	0.00568	0.00607	0.01058	0.01516	0.02020	0.37606	0.09716	0.25392	0.01432	0.00735	0.00212	0.00342	0.13714	0.00606	0.00543
11	0.01962	0.01421	0.01521	0.01242	0.01637	0.04082	0.00998	0.36021	0.20977	0.11692	0.07837	0.04438	0.01755	0.00824	0.00617	0.00189	0.00570	0.00662	0.00615	0.00939
12	0.01247	0.01069	0.01247	0.00891	0.01426	0.00802	0.00713	0.01515	0.01247	0.01960	0.01069	0.01247	0.00891	0.00446	0.00446	0.00089	0.00446	0.00356	0.00356	0.82536
13	0.02247	0.02867	0.01705	0.01550	0.01860	0.76443	0.01162	0.02402	0.01705	0.01472	0.00930	0.01085	0.00775	0.00620	0.00542	0.00155	0.01085	0.00387	0.00310	0.00697
14	0.02287	0.01685	0.01805	0.01384	0.01866	0.01866	0.01143	0.73100	0.02828	0.03791	0.01444	0.01444	0.01023	0.00722	0.00602	0.00181	0.00662	0.00542	0.00602	0.01023
15	0.01100	0.00846	0.01030	0.01024	0.01219	0.00888	0.00822	0.04422	0.19879	0.02215	0.23799	0.10509	0.03644	0.01304	0.00726	0.00227	0.00443	0.24630	0.00602	0.00671
16	0.02699	0.01024	0.01396	0.01070	0.01536	0.00884	0.00884	0.02932	0.01722	0.75522	0.02373	0.02048	0.01489	0.00745	0.00605	0.00186	0.00512	0.00605	0.00745	0.01024
17	0.01695	0.01307	0.02143	0.02846	0.49323	0.01284	0.04708	0.02095	0.04974	0.16571	0.01569	0.01960	0.01251	0.00657	0.00617	0.00188	0.00666	0.04791	0.00417	0.00937
18	0.01343	0.26276	0.34606	0.01281	0.01886	0.01516	0.01458	0.01779	0.01363	0.05788	0.15334	0.01840	0.01755	0.00690	0.00542	0.00171	0.00675	0.00539	0.00360	0.00798
19	0.02131	0.08261	0.01822	0.01372	0.01792	0.21969	0.01109	0.37713	0.11323	0.04544	0.01405	0.01423	0.01049	0.00690	0.00570	0.00173	0.00748	0.00501	0.00500	0.00906
20	0.01414	0.01569	0.03262	0.02359	0.02908	0.03739	0.64682	0.01846	0.01376	0.01839	0.01194	0.01623	0.00920	0.00643	0.00842	0.07062	0.00975	0.00684	0.00301	0.00762
21	0.04591	0.21578	0.45202	0.01475	0.02201	0.01592	0.04160	0.01975	0.01298	0.09019	0.01142	0.01272	0.00837	0.00572	0.00526	0.00175	0.00780	0.00434	0.00309	0.00862
22	0.01388	0.27925	0.22947	0.01255	0.01783	0.01493	0.05552	0.01759	0.01376	0.07916	0.15166	0.05615	0.01921	0.00751	0.00556	0.00172	0.00642	0.00616	0.00391	0.00776
23	0.01045	0.00522	0.00784	0.00784	0.00784	0.00522	0.00522	0.00784	0.00784	0.01045	0.01045	0.01829	0.01045	0.02090	0.02351	0.82497	0.00522	0.00522	0.00261	0.00261

[dist]
# distance from previous block
# <min> <max>
0	11

# created by:
# /software/SequenceAnalysis/GenePrediction/augustus/3.0.1/scripts/msa2prfl.pl ./fixed/BUSCOvEOG7VDRD7.fas
