[name]
unknown

[dist]
# distance from previous block
# <min> <max>
27	140

[block]
# block no. 0 follows, 37 sequences, length 121
# corresponding to MSA columns:
# 141-261
name=unknown_A
#
# <colnr> <probs for GDERKNQSTAVLIFYWHMCP>
#	G	D	E	R	K	N	Q	S	T	A	V	L	I	F	Y	W	H	M	C	P
0	0.00855	0.00625	0.00803	0.00758	0.00908	0.00573	0.00569	0.01134	0.01707	0.02393	0.69075	0.04674	0.11086	0.01275	0.00722	0.00194	0.00290	0.01121	0.00666	0.00573
1	0.01269	0.01088	0.01269	0.00907	0.01451	0.00816	0.00725	0.01541	0.01269	0.01995	0.01088	0.01269	0.00907	0.00453	0.00453	0.00091	0.00453	0.00363	0.00363	0.82229
2	0.13238	0.02716	0.56567	0.01627	0.02416	0.01449	0.05334	0.06170	0.01358	0.02173	0.01092	0.01277	0.00782	0.00586	0.00561	0.00193	0.00834	0.00454	0.00300	0.00874
3	0.08837	0.01056	0.01371	0.01055	0.01526	0.00931	0.00870	0.02799	0.01666	0.64827	0.02209	0.01947	0.01410	0.00724	0.00587	0.00183	0.00513	0.00577	0.00703	0.06207
4	0.01156	0.01088	0.01836	0.77016	0.04216	0.01360	0.01700	0.01564	0.01224	0.01564	0.01088	0.01632	0.00816	0.00612	0.00612	0.00204	0.00816	0.00544	0.00272	0.00680
5	0.00874	0.00656	0.00984	0.00984	0.01093	0.00765	0.00765	0.01093	0.00984	0.01421	0.01640	0.02405	0.01530	0.04591	0.76062	0.00984	0.01640	0.00656	0.00328	0.00547
6	0.82811	0.01184	0.00900	0.00805	0.01184	0.01373	0.00663	0.01799	0.01042	0.02746	0.00852	0.00994	0.00663	0.00568	0.00379	0.00189	0.00474	0.00331	0.00379	0.00663
7	0.01339	0.01339	0.01875	0.01607	0.01607	0.01875	0.01339	0.01473	0.00937	0.01473	0.00804	0.01339	0.00804	0.01071	0.02009	0.00268	0.77367	0.00536	0.00268	0.00670
8	0.01995	0.01549	0.01650	0.01341	0.01772	0.01743	0.01083	0.43965	0.32083	0.03322	0.01892	0.01806	0.01383	0.00774	0.00617	0.00194	0.00595	0.00609	0.00617	0.01011
9	0.00780	0.00631	0.00704	0.00745	0.00924	0.00555	0.00583	0.00958	0.01380	0.01684	0.05350	0.11975	0.53817	0.01610	0.00754	0.00226	0.00367	0.15865	0.00567	0.00525
10	0.02011	0.36104	0.02413	0.01297	0.01752	0.23286	0.01118	0.21353	0.01830	0.02117	0.01047	0.01150	0.00856	0.00612	0.00498	0.00153	0.00788	0.00408	0.00373	0.00834
11	0.00900	0.00806	0.05811	0.00876	0.01074	0.00648	0.00739	0.01209	0.01644	0.02298	0.56606	0.04730	0.08475	0.01280	0.00729	0.00205	0.00368	0.10381	0.00626	0.00595
12	0.00858	0.00625	0.00806	0.00761	0.00909	0.00574	0.00571	0.01139	0.01712	0.02407	0.70248	0.04652	0.09904	0.01269	0.00722	0.00193	0.00290	0.01118	0.00667	0.00574
13	0.01085	0.00985	0.01389	0.01243	0.01388	0.05524	0.07462	0.01300	0.01058	0.01469	0.01450	0.02194	0.01362	0.08134	0.48483	0.00727	0.13195	0.00643	0.00319	0.00590
14	0.02327	0.01715	0.01837	0.01408	0.01898	0.01898	0.01163	0.72628	0.02878	0.03858	0.01470	0.01470	0.01041	0.00735	0.00612	0.00184	0.00674	0.00551	0.00612	0.01041
15	0.01214	0.01174	0.02035	0.61740	0.08468	0.01410	0.07904	0.01614	0.01239	0.01622	0.01090	0.01610	0.00835	0.00624	0.00697	0.00206	0.04970	0.00559	0.00277	0.00711
16	0.82811	0.01184	0.00900	0.00805	0.01184	0.01373	0.00663	0.01799	0.01042	0.02746	0.00852	0.00994	0.00663	0.00568	0.00379	0.00189	0.00474	0.00331	0.00379	0.00663
17	0.01501	0.01440	0.02459	0.06698	0.71841	0.01451	0.01871	0.01866	0.01387	0.01982	0.01149	0.01520	0.00963	0.00548	0.00606	0.00183	0.00731	0.00545	0.00302	0.00958
18	0.02107	0.01687	0.01708	0.01376	0.01815	0.06753	0.01112	0.49203	0.21889	0.03350	0.01711	0.01665	0.01248	0.00754	0.00611	0.00188	0.00651	0.00579	0.00595	0.00999
19	0.01447	0.00798	0.01101	0.03351	0.01391	0.00759	0.00931	0.01716	0.01522	0.21650	0.08836	0.05216	0.05806	0.01365	0.00762	0.00244	0.00528	0.41264	0.00616	0.00696
20	0.43841	0.00926	0.00811	0.00764	0.01038	0.01025	0.00614	0.01626	0.03227	0.02493	0.06240	0.02185	0.03957	0.00768	0.00464	0.00184	0.00409	0.05185	0.23615	0.00628
21	0.00866	0.00626	0.00818	0.00770	0.00914	0.00578	0.00578	0.01155	0.01733	0.02455	0.74346	0.04572	0.05776	0.01251	0.00722	0.00193	0.00289	0.01107	0.00674	0.00578
22	0.00787	0.00578	0.00746	0.00857	0.00941	0.00537	0.00620	0.00938	0.01271	0.01664	0.07293	0.52165	0.14648	0.01793	0.00780	0.00245	0.00378	0.12669	0.00573	0.00515
23	0.00879	0.00595	0.00664	0.00664	0.00678	0.00588	0.00377	0.00889	0.00924	0.01218	0.02214	0.04132	0.07052	0.73344	0.02956	0.00568	0.00575	0.00917	0.00384	0.00381
24	0.82811	0.01184	0.00900	0.00805	0.01184	0.01373	0.00663	0.01799	0.01042	0.02746	0.00852	0.00994	0.00663	0.00568	0.00379	0.00189	0.00474	0.00331	0.00379	0.00663
25	0.82811	0.01184	0.00900	0.00805	0.01184	0.01373	0.00663	0.01799	0.01042	0.02746	0.00852	0.00994	0.00663	0.00568	0.00379	0.00189	0.00474	0.00331	0.00379	0.00663
26	0.01156	0.01088	0.01836	0.77016	0.04216	0.01360	0.01700	0.01564	0.01224	0.01564	0.01088	0.01632	0.00816	0.00612	0.00612	0.00204	0.00816	0.00544	0.00272	0.00680
27	0.02337	0.01698	0.01827	0.01401	0.01890	0.01874	0.01157	0.70913	0.02850	0.05612	0.01493	0.01485	0.01053	0.00735	0.00612	0.00184	0.00670	0.00553	0.00616	0.01041
28	0.00874	0.00656	0.00984	0.00984	0.01093	0.00765	0.00765	0.01093	0.00984	0.01421	0.01640	0.02405	0.01530	0.04591	0.76062	0.00984	0.01640	0.00656	0.00328	0.00547
29	0.00904	0.00675	0.00871	0.00957	0.01117	0.00642	0.00808	0.01151	0.01433	0.01835	0.10052	0.06429	0.23263	0.01615	0.00801	0.00254	0.00471	0.45597	0.00574	0.00552
30	0.01391	0.01160	0.01335	0.00964	0.01502	0.00940	0.00776	0.09709	0.01454	0.02209	0.01132	0.01292	0.00922	0.00486	0.00472	0.00101	0.00479	0.00384	0.00391	0.72901
31	0.01957	0.01317	0.01493	0.01189	0.01600	0.01352	0.00953	0.39769	0.02179	0.13458	0.01875	0.14157	0.01607	0.02344	0.00666	0.00190	0.00568	0.00736	0.00588	0.12002
32	0.23220	0.01338	0.01308	0.01112	0.01507	0.07613	0.00889	0.04054	0.24467	0.25476	0.01888	0.01768	0.01334	0.00720	0.00551	0.00192	0.00549	0.00546	0.00575	0.00891
33	0.01385	0.01920	0.18169	0.02271	0.02863	0.01568	0.48003	0.01888	0.01342	0.01888	0.01149	0.01533	0.00880	0.00607	0.00873	0.00212	0.11694	0.00641	0.00293	0.00820
34	0.01156	0.01088	0.01836	0.77016	0.04216	0.01360	0.01700	0.01564	0.01224	0.01564	0.01088	0.01632	0.00816	0.00612	0.00612	0.00204	0.00816	0.00544	0.00272	0.00680
35	0.01523	0.01315	0.01384	0.01246	0.01592	0.01523	0.00969	0.03253	0.73563	0.02561	0.02491	0.02284	0.01869	0.00830	0.00623	0.00208	0.00484	0.00692	0.00623	0.00969
36	0.01523	0.01315	0.01384	0.01246	0.01592	0.01523	0.00969	0.03253	0.73563	0.02561	0.02491	0.02284	0.01869	0.00830	0.00623	0.00208	0.00484	0.00692	0.00623	0.00969
37	0.01241	0.03075	0.71004	0.01795	0.02682	0.01429	0.06482	0.01940	0.01302	0.01940	0.01107	0.01314	0.00785	0.00578	0.00590	0.00195	0.00912	0.00469	0.00262	0.00900
38	0.01764	0.01731	0.02218	0.06556	0.46769	0.14335	0.01633	0.13601	0.01688	0.02198	0.01165	0.01443	0.00943	0.00594	0.00598	0.00179	0.00787	0.00520	0.00355	0.00923
39	0.01063	0.00532	0.00797	0.00797	0.00797	0.00532	0.00532	0.00797	0.00797	0.01063	0.01063	0.01861	0.01063	0.02127	0.02392	0.82190	0.00532	0.00532	0.00266	0.00266
40	0.02287	0.02917	0.01735	0.01577	0.01892	0.76030	0.01183	0.02444	0.01735	0.01498	0.00946	0.01104	0.00788	0.00631	0.00552	0.00158	0.01104	0.00394	0.00315	0.00710
41	0.02285	0.01770	0.01822	0.02980	0.01940	0.06596	0.01172	0.65344	0.04146	0.03635	0.01448	0.01466	0.01036	0.00728	0.00609	0.00183	0.00700	0.00544	0.00587	0.01011
42	0.00856	0.00623	0.00806	0.00765	0.00910	0.00572	0.00572	0.01134	0.01701	0.02392	0.69143	0.06634	0.09027	0.01284	0.00724	0.00195	0.00292	0.01133	0.00666	0.00572
43	0.01738	0.00951	0.04665	0.00958	0.01299	0.00779	0.00803	0.02042	0.03230	0.35329	0.30387	0.03357	0.09812	0.01013	0.00665	0.00193	0.00430	0.00861	0.00681	0.00807
44	0.01637	0.78856	0.03208	0.01047	0.01571	0.02422	0.01047	0.01833	0.01244	0.01440	0.00851	0.00982	0.00786	0.00524	0.00393	0.00131	0.00655	0.00327	0.00262	0.00786
45	0.01142	0.00599	0.00639	0.04705	0.00903	0.00613	0.00497	0.01434	0.01280	0.02243	0.01948	0.02247	0.01528	0.00708	0.00438	0.00146	0.00314	0.00569	0.77472	0.00576
46	0.00954	0.00887	0.05707	0.01008	0.01250	0.00690	0.02727	0.01174	0.01244	0.01738	0.02611	0.42781	0.02937	0.01416	0.00699	0.00211	0.00462	0.11142	0.00492	0.19870
47	0.01269	0.01088	0.01269	0.00907	0.01451	0.00816	0.00725	0.01541	0.01269	0.01995	0.01088	0.01269	0.00907	0.00453	0.00453	0.00091	0.00453	0.00363	0.00363	0.82229
48	0.01371	0.06539	0.02306	0.04376	0.02049	0.01700	0.19354	0.03982	0.01184	0.01699	0.01135	0.06310	0.01063	0.00913	0.01371	0.00234	0.41255	0.00647	0.01794	0.00717
49	0.00854	0.00625	0.00801	0.00757	0.00907	0.00572	0.00568	0.01131	0.01703	0.02384	0.68329	0.04689	0.11837	0.01278	0.00722	0.00194	0.00291	0.01123	0.00665	0.00572
50	0.00887	0.00607	0.00738	0.00738	0.00762	0.00631	0.00458	0.00935	0.00911	0.01239	0.01865	0.03651	0.02072	0.62132	0.19260	0.00680	0.00825	0.00838	0.00361	0.00410
51	0.00746	0.00533	0.00710	0.00852	0.00888	0.00497	0.00568	0.00852	0.01172	0.01563	0.03374	0.78088	0.04049	0.01918	0.00781	0.00249	0.00355	0.01740	0.00568	0.00497
52	0.00826	0.00617	0.00736	0.00714	0.00852	0.00560	0.00515	0.01029	0.01498	0.02016	0.42304	0.06681	0.25061	0.12652	0.01074	0.00257	0.00341	0.01144	0.00596	0.00528
53	0.01637	0.78856	0.03208	0.01047	0.01571	0.02422	0.01047	0.01833	0.01244	0.01440	0.00851	0.00982	0.00786	0.00524	0.00393	0.00131	0.00655	0.00327	0.00262	0.00786
54	0.00830	0.00568	0.00685	0.00744	0.00759	0.00554	0.00453	0.00874	0.01007	0.01343	0.02528	0.34750	0.02982	0.46710	0.02147	0.00450	0.00495	0.01243	0.00453	0.00423
55	0.01242	0.03070	0.70754	0.01798	0.02684	0.01430	0.06727	0.01940	0.01302	0.01940	0.01107	0.01315	0.00785	0.00577	0.00591	0.00195	0.00913	0.00470	0.00262	0.00900
56	0.00890	0.00595	0.00676	0.00676	0.00679	0.00598	0.00382	0.00896	0.00893	0.01193	0.01921	0.03962	0.02207	0.76479	0.05098	0.00604	0.00622	0.00884	0.00370	0.00376
57	0.82811	0.01184	0.00900	0.00805	0.01184	0.01373	0.00663	0.01799	0.01042	0.02746	0.00852	0.00994	0.00663	0.00568	0.00379	0.00189	0.00474	0.00331	0.00379	0.00663
58	0.01141	0.00571	0.00571	0.00571	0.00713	0.00571	0.00428	0.01426	0.01284	0.02282	0.01997	0.02282	0.01569	0.00713	0.00428	0.00143	0.00285	0.00571	0.81886	0.00571
59	0.02005	0.01123	0.01268	0.01021	0.01380	0.01155	0.00827	0.28592	0.02005	0.21841	0.01908	0.01925	0.01357	0.00733	0.00546	0.00170	0.00493	0.00575	0.30207	0.00870
60	0.01640	0.01373	0.01450	0.01270	0.01637	0.01578	0.00997	0.13400	0.63224	0.02750	0.02342	0.02165	0.01748	0.00816	0.00621	0.00204	0.00512	0.00671	0.00621	0.00979
61	0.02391	0.01535	0.01718	0.01323	0.01800	0.01639	0.01090	0.55059	0.02583	0.20268	0.01727	0.03190	0.01213	0.00764	0.00617	0.00186	0.00632	0.00591	0.00645	0.01030
62	0.00971	0.00793	0.01148	0.01092	0.01172	0.00983	0.00859	0.01159	0.00968	0.01417	0.01485	0.02287	0.01425	0.08566	0.56136	0.00811	0.17204	0.00646	0.00318	0.00561
63	0.01238	0.01118	0.01002	0.00935	0.01192	0.11464	0.00710	0.01747	0.17288	0.05839	0.07740	0.06930	0.37993	0.01218	0.00673	0.00200	0.00473	0.01005	0.00560	0.00674
64	0.00761	0.00539	0.00706	0.00833	0.00864	0.00507	0.00547	0.00856	0.01142	0.01523	0.03220	0.70220	0.03855	0.10050	0.01029	0.00285	0.00380	0.01650	0.00547	0.00484
65	0.01262	0.01088	0.01305	0.05749	0.01627	0.00851	0.00787	0.01543	0.01266	0.01967	0.01088	0.01292	0.00901	0.00463	0.00463	0.00098	0.00476	0.00374	0.00357	0.77041
66	0.01337	0.08111	0.66499	0.01663	0.02518	0.01460	0.02107	0.01988	0.01314	0.05862	0.01153	0.01314	0.00816	0.00587	0.00571	0.00189	0.00867	0.00453	0.00286	0.00904
67	0.00746	0.00533	0.00710	0.00852	0.00888	0.00497	0.00568	0.00852	0.01172	0.01563	0.03374	0.78088	0.04049	0.01918	0.00781	0.00249	0.00355	0.01740	0.00568	0.00497
68	0.01535	0.01619	0.03194	0.02320	0.02896	0.01577	0.57711	0.08623	0.09814	0.02204	0.01403	0.01707	0.01046	0.00572	0.00701	0.00204	0.00936	0.00703	0.00373	0.00862
69	0.01683	0.73699	0.03116	0.01072	0.01593	0.02387	0.01055	0.06566	0.01353	0.01602	0.00892	0.01015	0.00803	0.00538	0.00407	0.00134	0.00656	0.00342	0.00285	0.00803
70	0.82811	0.01184	0.00900	0.00805	0.01184	0.01373	0.00663	0.01799	0.01042	0.02746	0.00852	0.00994	0.00663	0.00568	0.00379	0.00189	0.00474	0.00331	0.00379	0.00663
71	0.00910	0.00781	0.01314	0.01195	0.01365	0.00732	0.15404	0.01105	0.01235	0.01638	0.03010	0.49345	0.07735	0.06713	0.00925	0.00262	0.00518	0.04751	0.00501	0.00561
72	0.02327	0.01715	0.01837	0.01408	0.01898	0.01898	0.01163	0.72628	0.02878	0.03858	0.01470	0.01470	0.01041	0.00735	0.00612	0.00184	0.00674	0.00551	0.00612	0.01041
73	0.00890	0.00593	0.00668	0.00668	0.00668	0.00593	0.00371	0.00890	0.00890	0.01187	0.01929	0.04006	0.02225	0.78487	0.03116	0.00593	0.00593	0.00890	0.00371	0.00371
74	0.01339	0.01339	0.01875	0.01607	0.01607	0.01875	0.01339	0.01473	0.00937	0.01473	0.00804	0.01339	0.00804	0.01071	0.02009	0.00268	0.77367	0.00536	0.00268	0.00670
75	0.00847	0.00610	0.00800	0.00784	0.00910	0.00564	0.00576	0.01105	0.01640	0.02308	0.62669	0.16668	0.05492	0.01361	0.00732	0.00202	0.00300	0.01211	0.00656	0.00564
76	0.02334	0.01499	0.01666	0.01286	0.01750	0.01603	0.01060	0.53493	0.02539	0.18456	0.01700	0.01651	0.01174	0.00738	0.00601	0.00182	0.00616	0.00566	0.06076	0.01010
77	0.00739	0.00595	0.00658	0.00696	0.00850	0.00515	0.00502	0.00888	0.01352	0.01677	0.09596	0.26623	0.49893	0.01638	0.00740	0.00218	0.00322	0.01410	0.00575	0.00515
78	0.02665	0.01060	0.01418	0.01100	0.01565	0.00941	0.00904	0.03001	0.06553	0.70244	0.02420	0.02097	0.01539	0.00762	0.00616	0.00191	0.00518	0.00621	0.00749	0.01037
79	0.01216	0.01149	0.01944	0.64845	0.15921	0.01376	0.01730	0.01616	0.01252	0.01636	0.01099	0.01613	0.00842	0.00601	0.00611	0.00200	0.00801	0.00544	0.00277	0.00728
80	0.02040	0.07722	0.12704	0.01628	0.02061	0.55943	0.05617	0.02302	0.01621	0.01587	0.00980	0.01157	0.00795	0.00610	0.00556	0.00164	0.01042	0.00418	0.00303	0.00750
81	0.01637	0.78856	0.03208	0.01047	0.01571	0.02422	0.01047	0.01833	0.01244	0.01440	0.00851	0.00982	0.00786	0.00524	0.00393	0.00131	0.00655	0.00327	0.00262	0.00786
82	0.01501	0.01217	0.01278	0.01147	0.01468	0.01391	0.00893	0.06336	0.58722	0.02580	0.02364	0.02244	0.01781	0.00807	0.00592	0.00196	0.00462	0.00666	0.13446	0.00910
83	0.00789	0.00617	0.00715	0.00703	0.00870	0.00543	0.00523	0.01001	0.01532	0.02008	0.36644	0.10125	0.38859	0.01440	0.00727	0.00203	0.00304	0.01239	0.00616	0.00543
84	0.00874	0.00656	0.00984	0.00984	0.01093	0.00765	0.00765	0.01093	0.00984	0.01421	0.01640	0.02405	0.01530	0.04591	0.76062	0.00984	0.01640	0.00656	0.00328	0.00547
85	0.00759	0.00610	0.00648	0.00666	0.00822	0.00532	0.00477	0.00889	0.01296	0.01579	0.05173	0.13008	0.54104	0.13311	0.01097	0.00272	0.00365	0.03360	0.00538	0.00494
86	0.00750	0.00558	0.00686	0.00784	0.00859	0.00508	0.00531	0.00861	0.01208	0.01561	0.03969	0.55816	0.21047	0.06700	0.00916	0.00260	0.00359	0.01577	0.00556	0.00494
87	0.82811	0.01184	0.00900	0.00805	0.01184	0.01373	0.00663	0.01799	0.01042	0.02746	0.00852	0.00994	0.00663	0.00568	0.00379	0.00189	0.00474	0.00331	0.00379	0.00663
88	0.82811	0.01184	0.00900	0.00805	0.01184	0.01373	0.00663	0.01799	0.01042	0.02746	0.00852	0.00994	0.00663	0.00568	0.00379	0.00189	0.00474	0.00331	0.00379	0.00663
89	0.01339	0.01339	0.01875	0.01607	0.01607	0.01875	0.01339	0.01473	0.00937	0.01473	0.00804	0.01339	0.00804	0.01071	0.02009	0.00268	0.77367	0.00536	0.00268	0.00670
90	0.02192	0.01630	0.01742	0.01353	0.01819	0.01797	0.01112	0.64980	0.06185	0.03663	0.01803	0.01775	0.05493	0.00788	0.00620	0.00186	0.00643	0.00602	0.00610	0.01006
91	0.00765	0.00559	0.00723	0.00839	0.00906	0.00517	0.00583	0.00898	0.01243	0.01638	0.07530	0.61248	0.12233	0.01825	0.00776	0.00243	0.00360	0.06032	0.00574	0.00508
92	0.07505	0.01296	0.05193	0.01293	0.01788	0.01158	0.08174	0.09059	0.07261	0.47634	0.02055	0.01893	0.01351	0.00716	0.00610	0.00192	0.00599	0.00600	0.00641	0.00984
93	0.02299	0.02543	0.01767	0.01524	0.01894	0.52941	0.01177	0.24304	0.02091	0.02233	0.01109	0.01218	0.00867	0.00663	0.00571	0.00166	0.00970	0.00443	0.00408	0.00813
94	0.02115	0.18521	0.02075	0.01572	0.05323	0.57254	0.01188	0.02291	0.01617	0.01510	0.00936	0.01098	0.00797	0.00605	0.00522	0.00153	0.00993	0.00388	0.00304	0.00738
95	0.01263	0.00975	0.01024	0.00898	0.01174	0.00996	0.00696	0.19318	0.10384	0.02347	0.05715	0.03973	0.36539	0.06095	0.00818	0.00221	0.00439	0.00960	0.05466	0.00699
96	0.01156	0.01088	0.01836	0.77016	0.04216	0.01360	0.01700	0.01564	0.01224	0.01564	0.01088	0.01632	0.00816	0.00612	0.00612	0.00204	0.00816	0.00544	0.00272	0.00680
97	0.01269	0.01088	0.01269	0.00907	0.01451	0.00816	0.00725	0.01541	0.01269	0.01995	0.01088	0.01269	0.00907	0.00453	0.00453	0.00091	0.00453	0.00363	0.00363	0.82229
98	0.02106	0.01101	0.01383	0.01032	0.01536	0.00925	0.00843	0.06570	0.01619	0.40353	0.01805	0.01707	0.01233	0.00629	0.00548	0.00148	0.00502	0.00506	0.00584	0.34869
99	0.02000	0.02411	0.01764	0.20767	0.02484	0.54531	0.01314	0.04586	0.01643	0.01594	0.01000	0.01251	0.00804	0.00630	0.00569	0.00170	0.01016	0.00438	0.00314	0.00713
100	0.00753	0.00539	0.00717	0.00847	0.00890	0.00502	0.00569	0.00872	0.01208	0.01619	0.07889	0.73411	0.04158	0.01875	0.00778	0.00245	0.00351	0.01700	0.00575	0.00502
101	0.00868	0.00643	0.00907	0.00907	0.01003	0.00720	0.00678	0.01045	0.00992	0.01394	0.01964	0.02894	0.06035	0.17291	0.58814	0.00869	0.01377	0.00735	0.00350	0.00514
102	0.01191	0.01124	0.01899	0.69886	0.11073	0.01369	0.01717	0.01595	0.01241	0.01606	0.01094	0.01621	0.00831	0.00606	0.00611	0.00202	0.00807	0.00544	0.00275	0.00708
103	0.00731	0.00590	0.00651	0.00701	0.00848	0.00510	0.00501	0.00869	0.01318	0.01622	0.05222	0.30894	0.50050	0.01678	0.00743	0.00221	0.00326	0.01447	0.00568	0.00510
104	0.01345	0.01248	0.02030	0.34987	0.31060	0.01426	0.01656	0.03602	0.01308	0.01821	0.01138	0.01583	0.00917	0.00642	0.00746	0.00198	0.08692	0.00545	0.04259	0.00796
105	0.00857	0.00625	0.00805	0.00760	0.00909	0.00574	0.00570	0.01137	0.01710	0.02401	0.69790	0.04661	0.10365	0.01271	0.00722	0.00193	0.00290	0.01119	0.00667	0.00574
106	0.01552	0.63233	0.18091	0.01191	0.01794	0.02216	0.01298	0.01855	0.01254	0.01543	0.00902	0.01046	0.00783	0.00536	0.00432	0.00144	0.00706	0.00353	0.00261	0.00810
107	0.00746	0.00533	0.00710	0.00852	0.00888	0.00497	0.00568	0.00852	0.01172	0.01563	0.03374	0.78088	0.04049	0.01918	0.00781	0.00249	0.00355	0.01740	0.00568	0.00497
108	0.01136	0.00947	0.01127	0.00893	0.01307	0.00735	0.00685	0.01366	0.01245	0.01885	0.01670	0.20816	0.01706	0.00826	0.00537	0.00131	0.00428	0.00713	0.00415	0.61433
109	0.00848	0.00696	0.01135	0.01105	0.01226	0.00651	0.11082	0.01014	0.01212	0.01621	0.03061	0.66907	0.03592	0.01713	0.00773	0.00242	0.00454	0.01591	0.00530	0.00545
110	0.82811	0.01184	0.00900	0.00805	0.01184	0.01373	0.00663	0.01799	0.01042	0.02746	0.00852	0.00994	0.00663	0.00568	0.00379	0.00189	0.00474	0.00331	0.00379	0.00663
111	0.02295	0.01699	0.01819	0.01402	0.01886	0.01883	0.01156	0.69890	0.05667	0.03807	0.01510	0.01502	0.01074	0.00739	0.00613	0.00185	0.00666	0.00557	0.00613	0.01038
112	0.01269	0.01088	0.01269	0.00907	0.01451	0.00816	0.00725	0.01541	0.01269	0.01995	0.01088	0.01269	0.00907	0.00453	0.00453	0.00091	0.00453	0.00363	0.00363	0.82229
113	0.02151	0.00970	0.03446	0.01022	0.01398	0.00811	0.00841	0.02390	0.01635	0.51825	0.10283	0.13453	0.02326	0.00974	0.00644	0.00197	0.00475	0.00827	0.03440	0.00892
114	0.00838	0.00606	0.00792	0.00784	0.00907	0.00560	0.00573	0.01087	0.01610	0.02254	0.58253	0.19774	0.06874	0.01395	0.00734	0.00204	0.00303	0.01242	0.00650	0.00560
115	0.06059	0.02188	0.04634	0.01445	0.01863	0.31321	0.01173	0.31970	0.08905	0.02667	0.01313	0.01371	0.00989	0.00688	0.00577	0.00176	0.00827	0.00487	0.00470	0.00879
116	0.01136	0.00571	0.00573	0.00573	0.00712	0.00571	0.00427	0.01415	0.01275	0.02258	0.01995	0.02320	0.01583	0.02423	0.00487	0.00153	0.00292	0.00578	0.80094	0.00566
117	0.01520	0.01569	0.12181	0.01287	0.01713	0.01475	0.01138	0.08610	0.52381	0.02557	0.02171	0.02072	0.01621	0.00778	0.00603	0.00199	0.00548	0.00637	0.06001	0.00939
118	0.01092	0.00876	0.04502	0.00894	0.01132	0.00772	0.00727	0.01596	0.12188	0.07226	0.49113	0.04037	0.11121	0.01153	0.00694	0.00196	0.00365	0.00999	0.00642	0.00676
119	0.00753	0.00545	0.00715	0.00848	0.00898	0.00506	0.00577	0.00870	0.01195	0.01578	0.03549	0.70829	0.08506	0.01886	0.00780	0.00247	0.00360	0.04288	0.00568	0.00501
120	0.01406	0.08348	0.01572	0.01063	0.01523	0.01216	0.00877	0.07050	0.05258	0.02051	0.01136	0.01322	0.00945	0.00578	0.00661	0.00130	0.10009	0.00413	0.00375	0.54068

[dist]
# distance from previous block
# <min> <max>
0	280

# created by:
# /software/SequenceAnalysis/GenePrediction/augustus/3.0.1/scripts/msa2prfl.pl ./fixed/BUSCOvEOG7G1NW6.fas
