[name]
unknown

[dist]
# distance from previous block
# <min> <max>
0	19

[block]
# block no. 0 follows, 41 sequences, length 8
# corresponding to MSA columns:
# 19-26
name=unknown_A
#
# <colnr> <probs for GDERKNQSTAVLIFYWHMCP>
#	G	D	E	R	K	N	Q	S	T	A	V	L	I	F	Y	W	H	M	C	P
0	0.00809	0.00625	0.00916	0.00918	0.01022	0.00584	0.06216	0.00956	0.01135	0.01531	0.07025	0.50148	0.03279	0.11511	0.00993	0.00264	0.00425	0.07378	0.00487	0.03780
1	0.06386	0.00669	0.00732	0.00731	0.00865	0.00678	0.00526	0.08284	0.01257	0.01906	0.02452	0.28398	0.07925	0.08622	0.00835	0.02540	0.00371	0.00963	0.25330	0.00530
2	0.01546	0.01140	0.01252	0.01026	0.01371	0.01175	0.00818	0.34953	0.06287	0.05734	0.04572	0.11077	0.16388	0.00955	0.00599	0.00176	0.00481	0.00784	0.00544	0.09123
3	0.09032	0.01580	0.01542	0.01231	0.01649	0.10081	0.00998	0.45113	0.09148	0.08875	0.01417	0.01408	0.01020	0.00663	0.00543	0.00169	0.00623	0.00492	0.00526	0.03892
4	0.01284	0.00731	0.00863	0.00770	0.00983	0.00719	0.00597	0.04705	0.08487	0.13817	0.29416	0.02865	0.02920	0.00870	0.00553	0.00165	0.00335	0.00735	0.28528	0.00657
5	0.04251	0.01636	0.01542	0.03436	0.01715	0.16387	0.01008	0.35193	0.08281	0.09695	0.01376	0.01396	0.01004	0.00640	0.00540	0.00160	0.00655	0.00478	0.00490	0.10118
6	0.02135	0.01558	0.01680	0.01344	0.01784	0.01656	0.01074	0.49742	0.16305	0.07852	0.01748	0.01775	0.01299	0.00799	0.00637	0.00202	0.00629	0.00586	0.00619	0.06576
7	0.05118	0.48307	0.02869	0.01456	0.01926	0.01989	0.15608	0.01886	0.01459	0.01934	0.09652	0.01913	0.01613	0.00800	0.00619	0.00211	0.00748	0.00582	0.00424	0.00888

[dist]
# distance from previous block
# <min> <max>
0	3

[block]
# block no. 1 follows, 41 sequences, length 43
# corresponding to MSA columns:
# 30-72
name=unknown_B
#
# <colnr> <probs for GDERKNQSTAVLIFYWHMCP>
#	G	D	E	R	K	N	Q	S	T	A	V	L	I	F	Y	W	H	M	C	P
0	0.01888	0.00954	0.01215	0.01005	0.01345	0.00937	0.00811	0.08378	0.10860	0.39998	0.05753	0.02282	0.05732	0.01419	0.14378	0.00313	0.00660	0.00642	0.00595	0.00834
1	0.01156	0.00978	0.01138	0.00828	0.01294	0.00745	0.00650	0.01389	0.01156	0.01800	0.01083	0.01403	0.00952	0.07151	0.00634	0.00124	0.00435	0.00381	0.00340	0.76364
2	0.01420	0.01128	0.01458	0.07754	0.05694	0.01314	0.01048	0.27754	0.01595	0.02200	0.01306	0.01697	0.01093	0.02045	0.29331	0.00461	0.11040	0.00549	0.00390	0.00725
3	0.00824	0.00551	0.00626	0.00633	0.00635	0.00550	0.00357	0.00830	0.00846	0.01128	0.01876	0.07894	0.02173	0.75620	0.02792	0.00537	0.00542	0.00875	0.00357	0.00353
4	0.01067	0.00885	0.01113	0.17112	0.01694	0.00976	0.00871	0.01650	0.20266	0.04589	0.09712	0.07416	0.23992	0.01034	0.00695	0.00196	0.04730	0.00863	0.00486	0.00653
5	0.02208	0.01549	0.01684	0.01291	0.01747	0.01695	0.01066	0.68359	0.02600	0.09795	0.01448	0.01422	0.01010	0.00688	0.00572	0.00172	0.00617	0.00520	0.00584	0.00973
6	0.01168	0.07161	0.72915	0.01595	0.02421	0.01379	0.02052	0.01806	0.01205	0.01786	0.01014	0.01192	0.00725	0.00540	0.00534	0.00178	0.00833	0.00416	0.00242	0.00839
7	0.01186	0.01017	0.01186	0.00847	0.01356	0.00762	0.00678	0.01440	0.01186	0.01864	0.01017	0.01186	0.00847	0.00424	0.00424	0.00085	0.00424	0.00339	0.00339	0.83395
8	0.01017	0.00665	0.00872	0.00894	0.00999	0.00675	0.00648	0.01223	0.05227	0.10875	0.04523	0.54680	0.05763	0.01509	0.00796	0.00222	0.06990	0.01318	0.00534	0.00568
9	0.02174	0.01602	0.01717	0.01316	0.01774	0.01774	0.01087	0.74423	0.02689	0.03605	0.01373	0.01373	0.00973	0.00687	0.00572	0.00172	0.00629	0.00515	0.00572	0.00973
10	0.01829	0.00920	0.03161	0.00965	0.01294	0.00812	0.00785	0.02209	0.09616	0.42759	0.16688	0.12036	0.02502	0.00935	0.00614	0.00186	0.00431	0.00799	0.00644	0.00815
11	0.00849	0.00599	0.00745	0.00700	0.00860	0.00539	0.00528	0.01089	0.01549	0.05075	0.57330	0.04457	0.21119	0.01214	0.00671	0.00183	0.00283	0.01055	0.00611	0.00544
12	0.01295	0.01454	0.03146	0.02274	0.02807	0.01363	0.68012	0.01745	0.01328	0.01801	0.01326	0.08144	0.01115	0.00593	0.00680	0.00196	0.00911	0.00756	0.00310	0.00745
13	0.01482	0.01359	0.02152	0.07025	0.59185	0.01404	0.01614	0.09779	0.06595	0.02074	0.01192	0.01467	0.00964	0.00551	0.00568	0.00173	0.00663	0.00520	0.00334	0.00899
14	0.00945	0.00816	0.01249	0.06439	0.01478	0.00737	0.10906	0.01155	0.01151	0.01607	0.02136	0.40887	0.02360	0.03266	0.00690	0.00194	0.00480	0.01061	0.00423	0.22022
15	0.83938	0.01106	0.00841	0.00752	0.01106	0.01283	0.00619	0.01681	0.00973	0.02566	0.00796	0.00929	0.00619	0.00531	0.00354	0.00177	0.00442	0.00310	0.00354	0.00619
16	0.49483	0.01313	0.04753	0.05167	0.01520	0.01390	0.00878	0.20914	0.01483	0.06837	0.01052	0.01148	0.00769	0.00585	0.00444	0.00177	0.00531	0.00395	0.00420	0.00744
17	0.01382	0.01126	0.01259	0.05156	0.01513	0.05130	0.00792	0.10403	0.01469	0.06182	0.10438	0.01644	0.01448	0.00581	0.00494	0.00121	0.00485	0.00471	0.00417	0.49489
18	0.00932	0.00612	0.00804	0.00740	0.00897	0.00561	0.00561	0.01198	0.01620	0.07473	0.70895	0.04111	0.05120	0.01137	0.00668	0.00180	0.00285	0.01002	0.00635	0.00570
19	0.01075	0.02616	0.01368	0.06596	0.05575	0.01078	0.04884	0.01523	0.11602	0.01991	0.35088	0.02841	0.04184	0.00957	0.00876	0.00195	0.15646	0.00779	0.00476	0.00650
20	0.00697	0.00498	0.00664	0.00796	0.00830	0.00465	0.00531	0.00796	0.01095	0.01460	0.03153	0.79525	0.03783	0.01792	0.00730	0.00232	0.00332	0.01626	0.00531	0.00465
21	0.01257	0.05572	0.01954	0.09231	0.01920	0.01549	0.12631	0.05385	0.01115	0.01585	0.01132	0.09605	0.01103	0.00915	0.01282	0.00222	0.41944	0.00638	0.00304	0.00657
22	0.01066	0.00533	0.00533	0.00533	0.00666	0.00533	0.00400	0.01333	0.01200	0.02132	0.01866	0.02132	0.01466	0.00666	0.00400	0.00133	0.00267	0.00533	0.83073	0.00533
23	0.01885	0.01419	0.01530	0.01234	0.01623	0.01573	0.00996	0.54049	0.15253	0.03163	0.01731	0.09845	0.01408	0.00820	0.00591	0.00182	0.00567	0.00657	0.00570	0.00907
24	0.02374	0.00974	0.01294	0.01014	0.01429	0.00874	0.00830	0.02716	0.07872	0.66368	0.06293	0.02090	0.01661	0.00739	0.00581	0.00179	0.00472	0.00606	0.00693	0.00944
25	0.01486	0.06011	0.16957	0.02353	0.32230	0.01517	0.07383	0.14744	0.01492	0.02095	0.01083	0.01336	0.00857	0.00586	0.00672	0.00178	0.07340	0.00495	0.00322	0.00862
26	0.01186	0.01017	0.01186	0.00847	0.01356	0.00762	0.00678	0.01440	0.01186	0.01864	0.01017	0.01186	0.00847	0.00424	0.00424	0.00085	0.00424	0.00339	0.00339	0.83395
27	0.02821	0.00860	0.01043	0.00856	0.01159	0.00780	0.00672	0.09418	0.01606	0.11378	0.36969	0.04522	0.03158	0.00875	0.00583	0.00156	0.00379	0.00746	0.00552	0.21467
28	0.01593	0.01265	0.01356	0.01173	0.01515	0.01436	0.00923	0.16680	0.55964	0.05254	0.02093	0.01967	0.01558	0.00800	0.00640	0.03212	0.00490	0.00613	0.00573	0.00897
29	0.02368	0.01018	0.01321	0.01043	0.01465	0.00942	0.00852	0.02831	0.14418	0.63829	0.02269	0.01979	0.01473	0.00720	0.00576	0.00180	0.00481	0.00588	0.00686	0.00962
30	0.01231	0.01103	0.01620	0.18936	0.02011	0.01410	0.03474	0.02621	0.01094	0.05634	0.05394	0.01842	0.06306	0.00964	0.02639	0.00234	0.41928	0.00592	0.00324	0.00641
31	0.00712	0.00581	0.00630	0.00617	0.00795	0.00498	0.00463	0.00891	0.01389	0.01748	0.24847	0.05170	0.56919	0.01373	0.00676	0.00190	0.00284	0.01160	0.00558	0.00498
32	0.02142	0.01586	0.01698	0.01310	0.01761	0.01759	0.01079	0.71350	0.05815	0.03553	0.01414	0.01406	0.01006	0.00690	0.00573	0.00173	0.00622	0.00521	0.00573	0.00970
33	0.00994	0.00497	0.00745	0.00745	0.00745	0.00497	0.00497	0.00745	0.00745	0.00994	0.00994	0.01739	0.00994	0.01987	0.02235	0.83358	0.00497	0.00497	0.00248	0.00248
34	0.00801	0.00632	0.00913	0.14746	0.01422	0.00681	0.00759	0.00947	0.01086	0.01447	0.02599	0.59863	0.03026	0.01533	0.00792	0.01703	0.04745	0.01344	0.00461	0.00500
35	0.00991	0.00840	0.01104	0.01016	0.01021	0.01047	0.00752	0.01056	0.00885	0.01268	0.01538	0.12726	0.01746	0.36344	0.02187	0.00384	0.33487	0.00797	0.00330	0.00480
36	0.07616	0.06310	0.01796	0.09906	0.02048	0.53622	0.07310	0.02084	0.01477	0.01522	0.00911	0.01116	0.00742	0.00569	0.00516	0.00157	0.00934	0.00402	0.00291	0.00670
37	0.83938	0.01106	0.00841	0.00752	0.01106	0.01283	0.00619	0.01681	0.00973	0.02566	0.00796	0.00929	0.00619	0.00531	0.00354	0.00177	0.00442	0.00310	0.00354	0.00619
38	0.01274	0.01548	0.14557	0.13870	0.37925	0.01305	0.11787	0.01702	0.02541	0.01781	0.01206	0.05694	0.01021	0.00595	0.00588	0.00182	0.00736	0.00581	0.00292	0.00813
39	0.01176	0.01106	0.02863	0.32809	0.16191	0.01124	0.01286	0.01539	0.03557	0.01690	0.01140	0.04246	0.00955	0.00578	0.00567	0.00158	0.02717	0.00501	0.00305	0.25491
40	0.00703	0.00500	0.00662	0.00788	0.00820	0.00469	0.00522	0.00798	0.01083	0.01444	0.03089	0.75933	0.03702	0.05494	0.00833	0.00248	0.00342	0.01588	0.00522	0.00459
41	0.10233	0.61042	0.05323	0.01031	0.01483	0.05668	0.01003	0.01722	0.01150	0.01496	0.00806	0.00953	0.00723	0.00529	0.00462	0.00138	0.04940	0.00324	0.00259	0.00717
42	0.15046	0.05410	0.01667	0.41819	0.11709	0.01320	0.01311	0.05236	0.01217	0.01831	0.00993	0.01343	0.00772	0.00546	0.00511	0.00172	0.00655	0.00450	0.00297	0.07694

[dist]
# distance from previous block
# <min> <max>
13	42

[block]
# block no. 2 follows, 41 sequences, length 15
# corresponding to MSA columns:
# 115-129
name=unknown_C
#
# <colnr> <probs for GDERKNQSTAVLIFYWHMCP>
#	G	D	E	R	K	N	Q	S	T	A	V	L	I	F	Y	W	H	M	C	P
0	0.02461	0.00997	0.01324	0.01031	0.01463	0.00894	0.00847	0.02811	0.08402	0.69900	0.02263	0.01964	0.01446	0.00714	0.00576	0.00179	0.00484	0.00582	0.00696	0.00967
1	0.01238	0.01064	0.01360	0.21040	0.03732	0.01241	0.01063	0.02159	0.36446	0.03413	0.08292	0.05940	0.03064	0.00836	0.00676	0.00197	0.05186	0.01824	0.00473	0.00755
2	0.00796	0.00584	0.00745	0.00705	0.00846	0.00534	0.00529	0.01053	0.01586	0.02216	0.68754	0.04400	0.12719	0.01198	0.00675	0.00181	0.00272	0.01052	0.00619	0.00534
3	0.02162	0.01391	0.01558	0.01220	0.01654	0.01490	0.00999	0.46200	0.13006	0.21621	0.01732	0.01627	0.01196	0.00705	0.00574	0.00176	0.00568	0.00549	0.00607	0.00963
4	0.01120	0.00792	0.00901	0.00843	0.01082	0.00772	0.00653	0.01641	0.19019	0.10620	0.08867	0.11339	0.30205	0.01194	0.00647	0.00196	0.00375	0.06047	0.00565	0.03121
5	0.13408	0.00991	0.01263	0.00982	0.01413	0.00900	0.00811	0.02640	0.01549	0.66846	0.02062	0.01811	0.01310	0.00684	0.00546	0.00177	0.00481	0.00540	0.00661	0.00926
6	0.04135	0.06778	0.20013	0.01072	0.01457	0.04707	0.01057	0.06636	0.01463	0.05190	0.28658	0.02534	0.04276	0.01176	0.08151	0.00247	0.00638	0.00681	0.00446	0.00682
7	0.00690	0.00524	0.00637	0.00728	0.00812	0.00470	0.00500	0.00804	0.01161	0.01487	0.03989	0.56100	0.26668	0.01683	0.00713	0.00220	0.00319	0.01494	0.00531	0.00470
8	0.41006	0.04028	0.06394	0.01038	0.01466	0.04369	0.00910	0.23414	0.01589	0.09289	0.01116	0.01173	0.00810	0.00595	0.00458	0.00173	0.00557	0.00404	0.00437	0.00776
9	0.01436	0.54651	0.15050	0.01356	0.08512	0.01990	0.01257	0.01709	0.01162	0.01473	0.00856	0.01035	0.00749	0.00536	0.00521	0.00145	0.06195	0.00358	0.00248	0.00761
10	0.00828	0.00569	0.00697	0.00697	0.00723	0.00594	0.00438	0.00879	0.00854	0.01163	0.01735	0.03371	0.01918	0.61087	0.21501	0.00645	0.00798	0.00777	0.00337	0.00387
11	0.34021	0.15850	0.25653	0.01109	0.01654	0.01448	0.01191	0.03526	0.01178	0.08287	0.01005	0.01111	0.00748	0.00546	0.00440	0.00168	0.00610	0.00372	0.00333	0.00750
12	0.01828	0.12610	0.11319	0.01208	0.01708	0.01527	0.01111	0.30841	0.09773	0.12349	0.01431	0.01427	0.01036	0.00627	0.00527	0.00161	0.00597	0.00479	0.00480	0.08962
13	0.17425	0.01344	0.01484	0.01173	0.01585	0.01458	0.04440	0.38001	0.09826	0.07232	0.05839	0.01576	0.01267	0.00676	0.00537	0.00173	0.00553	0.00525	0.00520	0.04367
14	0.02676	0.01064	0.01364	0.17185	0.06329	0.01223	0.01044	0.03201	0.31930	0.05088	0.04606	0.07537	0.04499	0.00877	0.00734	0.02928	0.05819	0.00689	0.00461	0.00748

[dist]
# distance from previous block
# <min> <max>
0	1

[block]
# block no. 3 follows, 41 sequences, length 39
# corresponding to MSA columns:
# 131-169
name=unknown_D
#
# <colnr> <probs for GDERKNQSTAVLIFYWHMCP>
#	G	D	E	R	K	N	Q	S	T	A	V	L	I	F	Y	W	H	M	C	P
0	0.01328	0.01380	0.01736	0.20117	0.02195	0.11930	0.05551	0.01559	0.01119	0.01501	0.00898	0.01295	0.00773	0.00722	0.01082	0.00193	0.32719	0.00470	0.00273	0.13158
1	0.01276	0.00882	0.01030	0.00899	0.01145	0.00892	0.00700	0.16459	0.08835	0.08785	0.33774	0.08677	0.12162	0.01070	0.00640	0.00185	0.00387	0.00913	0.00601	0.00689
2	0.00723	0.00561	0.00646	0.00665	0.00797	0.00497	0.00477	0.00880	0.01307	0.01684	0.22254	0.21567	0.38181	0.06146	0.00821	0.00220	0.00310	0.01235	0.00544	0.00485
3	0.01458	0.01179	0.01263	0.01091	0.01412	0.01311	0.00860	0.19723	0.41986	0.02588	0.11001	0.02534	0.09350	0.00867	0.00600	0.00187	0.00458	0.00716	0.00580	0.00837
4	0.01972	0.00842	0.01137	0.00917	0.01255	0.00739	0.00739	0.02210	0.01631	0.51548	0.27211	0.02734	0.02763	0.00864	0.00609	0.00178	0.00413	0.00731	0.00681	0.00827
5	0.01275	0.06116	0.50661	0.01786	0.02516	0.05960	0.20045	0.01840	0.01266	0.01771	0.01040	0.01268	0.00762	0.00528	0.00567	0.00179	0.00876	0.00477	0.00257	0.00811
6	0.01163	0.02863	0.72474	0.01743	0.06890	0.01330	0.02092	0.01808	0.01213	0.01815	0.01029	0.01220	0.00735	0.00541	0.00545	0.00180	0.00835	0.00428	0.00244	0.00849
7	0.39030	0.01373	0.01590	0.05012	0.29218	0.08950	0.03662	0.01765	0.01180	0.02122	0.00930	0.01165	0.00752	0.00529	0.00469	0.00172	0.00620	0.00410	0.00316	0.00736
8	0.07531	0.06365	0.01727	0.01272	0.01711	0.08171	0.01051	0.59185	0.02395	0.03215	0.01259	0.01288	0.00915	0.00656	0.00541	0.00167	0.00650	0.00477	0.00515	0.00909
9	0.01692	0.01243	0.01358	0.01159	0.01523	0.01378	0.00918	0.13399	0.52728	0.13192	0.02153	0.01978	0.01569	0.00746	0.00577	0.00186	0.00483	0.00611	0.00594	0.02514
10	0.40697	0.01084	0.03573	0.00891	0.01271	0.01069	0.00755	0.04904	0.01350	0.27927	0.09805	0.01681	0.01448	0.00670	0.00481	0.00177	0.00459	0.00494	0.00511	0.00753
11	0.00782	0.00544	0.00659	0.00690	0.00731	0.00523	0.00439	0.00865	0.01068	0.01440	0.15531	0.26218	0.06128	0.39797	0.01783	0.00379	0.00428	0.01117	0.00458	0.00421
12	0.00696	0.00580	0.00607	0.00600	0.00785	0.00491	0.00450	0.00860	0.01351	0.01658	0.16342	0.05320	0.65480	0.01407	0.00676	0.00191	0.00287	0.01181	0.00546	0.00491
13	0.47558	0.01781	0.24553	0.01201	0.05013	0.05143	0.01171	0.03157	0.01137	0.03435	0.00919	0.01067	0.00690	0.00543	0.00438	0.00176	0.00612	0.00365	0.00323	0.00717
14	0.01066	0.00533	0.00533	0.00533	0.00666	0.00533	0.00400	0.01333	0.01200	0.02132	0.01866	0.02132	0.01466	0.00666	0.00400	0.00133	0.00267	0.00533	0.83073	0.00533
15	0.01382	0.01292	0.04094	0.16321	0.24194	0.04964	0.05676	0.01704	0.01275	0.06706	0.01118	0.01382	0.00878	0.00511	0.00527	0.00148	0.00643	0.00461	0.00323	0.26401
16	0.00763	0.00555	0.00718	0.00736	0.00841	0.00511	0.00530	0.00967	0.01423	0.01964	0.46902	0.29515	0.09650	0.01396	0.00693	0.00198	0.00292	0.01244	0.00590	0.00511
17	0.01186	0.01017	0.01186	0.00847	0.01356	0.00762	0.00678	0.01440	0.01186	0.01864	0.01017	0.01186	0.00847	0.00424	0.00424	0.00085	0.00424	0.00339	0.00339	0.83395
18	0.01289	0.20242	0.25086	0.16726	0.06127	0.01540	0.06325	0.01686	0.01181	0.03126	0.00985	0.01252	0.00775	0.00563	0.00614	0.00170	0.06712	0.00438	0.00265	0.04898
19	0.02174	0.01602	0.01717	0.01316	0.01774	0.01774	0.01087	0.74423	0.02689	0.03605	0.01373	0.01373	0.00973	0.00687	0.00572	0.00172	0.00629	0.00515	0.00572	0.00973
20	0.01876	0.07252	0.01634	0.01332	0.01645	0.52145	0.04650	0.02055	0.01551	0.06576	0.06117	0.01706	0.07674	0.00697	0.00542	0.00156	0.00852	0.00509	0.00361	0.00671
21	0.01186	0.01017	0.01186	0.00847	0.01356	0.00762	0.00678	0.01440	0.01186	0.01864	0.01017	0.01186	0.00847	0.00424	0.00424	0.00085	0.00424	0.00339	0.00339	0.83395
22	0.01309	0.01287	0.05575	0.13268	0.33354	0.01177	0.01358	0.04170	0.04244	0.01886	0.01107	0.01377	0.00894	0.00510	0.00523	0.00148	0.00610	0.00458	0.00316	0.26429
23	0.02566	0.00973	0.01327	0.01018	0.01460	0.00841	0.00841	0.02788	0.01637	0.76726	0.02257	0.01947	0.01416	0.00708	0.00575	0.00177	0.00487	0.00575	0.00708	0.00973
24	0.01054	0.01798	0.33345	0.06715	0.02162	0.01114	0.15346	0.01487	0.01202	0.01682	0.01838	0.18674	0.06688	0.00884	0.00665	0.00198	0.03315	0.00796	0.00335	0.00701
25	0.00911	0.00718	0.00875	0.00743	0.01001	0.00602	0.00571	0.01162	0.01450	0.02077	0.44942	0.03454	0.11880	0.00969	0.00597	0.00152	0.00320	0.00838	0.00529	0.26210
26	0.01103	0.01040	0.01757	0.73455	0.08831	0.01277	0.01600	0.01481	0.01154	0.01489	0.01021	0.01518	0.00772	0.00568	0.00571	0.00189	0.00757	0.00508	0.00256	0.00654
27	0.00790	0.00574	0.00803	0.00837	0.00903	0.00624	0.00604	0.00932	0.00948	0.01322	0.01985	0.21839	0.02133	0.16981	0.45237	0.00683	0.01060	0.00905	0.00370	0.00470
28	0.01261	0.01201	0.02042	0.38146	0.42906	0.01318	0.01678	0.01620	0.01229	0.01681	0.01049	0.01466	0.00840	0.00538	0.00569	0.00179	0.00718	0.00509	0.00270	0.00781
29	0.00825	0.00601	0.00691	0.00658	0.00840	0.00524	0.00497	0.01023	0.01447	0.05628	0.33686	0.04833	0.44084	0.01300	0.00670	0.00187	0.00292	0.01106	0.00579	0.00530
30	0.01099	0.01053	0.01832	0.73206	0.03873	0.01283	0.06665	0.01487	0.01158	0.01487	0.01026	0.01526	0.00770	0.00566	0.00579	0.00191	0.00777	0.00520	0.00257	0.00645
31	0.83938	0.01106	0.00841	0.00752	0.01106	0.01283	0.00619	0.01681	0.00973	0.02566	0.00796	0.00929	0.00619	0.00531	0.00354	0.00177	0.00442	0.00310	0.00354	0.00619
32	0.01378	0.10849	0.12308	0.05775	0.51632	0.01462	0.05012	0.01750	0.01269	0.01782	0.01038	0.01339	0.00855	0.00513	0.00545	0.00168	0.00710	0.00482	0.00272	0.00861
33	0.00999	0.00529	0.00806	0.05613	0.00945	0.00545	0.00565	0.00790	0.00770	0.01023	0.00995	0.01725	0.00979	0.01899	0.02131	0.78153	0.00513	0.00497	0.00249	0.00273
34	0.00702	0.00514	0.00660	0.00763	0.00824	0.00472	0.00519	0.00819	0.01159	0.01529	0.08588	0.64634	0.13308	0.01704	0.00719	0.00224	0.00322	0.01530	0.00538	0.00472
35	0.01281	0.07528	0.33895	0.05751	0.30280	0.01396	0.06614	0.01756	0.01249	0.01784	0.01079	0.01411	0.00858	0.00546	0.00555	0.00176	0.00764	0.01971	0.00267	0.00840
36	0.01311	0.01504	0.13426	0.04317	0.02072	0.01430	0.20560	0.01638	0.01161	0.06886	0.05741	0.01590	0.01130	0.00839	0.02728	0.00227	0.31835	0.00576	0.00316	0.00714
37	0.02109	0.01563	0.01682	0.01285	0.01746	0.01707	0.01060	0.69604	0.02590	0.03490	0.01350	0.01361	0.00964	0.00669	0.00562	0.00166	0.00616	0.00503	0.00557	0.06414
38	0.01538	0.01229	0.01359	0.06394	0.01675	0.01403	0.00962	0.08875	0.59362	0.07339	0.02155	0.02017	0.01593	0.00750	0.00580	0.00191	0.00491	0.00622	0.00567	0.00897

[dist]
# distance from previous block
# <min> <max>
0	1

[block]
# block no. 4 follows, 41 sequences, length 52
# corresponding to MSA columns:
# 171-222
name=unknown_E
#
# <colnr> <probs for GDERKNQSTAVLIFYWHMCP>
#	G	D	E	R	K	N	Q	S	T	A	V	L	I	F	Y	W	H	M	C	P
0	0.15025	0.32408	0.35726	0.01241	0.01867	0.01687	0.01431	0.01759	0.01159	0.01768	0.00911	0.01066	0.00722	0.00529	0.00449	0.00160	0.00692	0.00363	0.00266	0.00771
1	0.01858	0.11911	0.09730	0.01755	0.13440	0.48541	0.01300	0.02090	0.01479	0.01521	0.00930	0.01113	0.00773	0.00568	0.00514	0.00154	0.00910	0.00393	0.00285	0.00735
2	0.00830	0.00622	0.00928	0.00927	0.01031	0.00722	0.00720	0.01030	0.00927	0.01339	0.01543	0.02262	0.01440	0.04291	0.77489	0.00920	0.01534	0.00616	0.00311	0.00517
3	0.00716	0.00518	0.00669	0.00782	0.00831	0.00479	0.00525	0.00819	0.01130	0.01498	0.05910	0.69458	0.09016	0.03730	0.00784	0.00238	0.00337	0.01556	0.00534	0.00472
4	0.00708	0.00586	0.00617	0.00617	0.00796	0.00497	0.00459	0.00864	0.01344	0.01652	0.15038	0.08628	0.63342	0.01433	0.00683	0.00195	0.00293	0.01205	0.00548	0.00496
5	0.00710	0.00507	0.00673	0.00805	0.00839	0.00472	0.00536	0.00806	0.01103	0.01472	0.03161	0.79391	0.03789	0.01798	0.00735	0.00234	0.00336	0.01628	0.00535	0.00471
6	0.01198	0.01025	0.01194	0.00855	0.01364	0.00770	0.00683	0.01448	0.01194	0.01874	0.01029	0.01203	0.00859	0.00432	0.00429	0.00087	0.00428	0.00343	0.00343	0.83242
7	0.02184	0.01609	0.01724	0.01323	0.01782	0.01779	0.01092	0.74291	0.02694	0.03612	0.01385	0.01390	0.00984	0.00694	0.00577	0.00174	0.00633	0.00519	0.00576	0.00978
8	0.83792	0.01114	0.00849	0.00761	0.01115	0.01289	0.00625	0.01689	0.00981	0.02576	0.00809	0.00946	0.00631	0.00539	0.00359	0.00179	0.00447	0.00314	0.00358	0.00626
9	0.02104	0.02659	0.01635	0.01482	0.01763	0.73767	0.01117	0.02246	0.01591	0.01410	0.00890	0.01059	0.00749	0.00617	0.00587	0.00155	0.04825	0.00379	0.00297	0.00667
10	0.00710	0.00507	0.00673	0.00805	0.00839	0.00472	0.00536	0.00806	0.01103	0.01472	0.03161	0.79391	0.03789	0.01798	0.00735	0.00234	0.00336	0.01628	0.00535	0.00471
11	0.01356	0.01534	0.03287	0.02365	0.02910	0.01470	0.69981	0.01814	0.01330	0.01817	0.01146	0.01542	0.00873	0.00520	0.00748	0.00198	0.05380	0.00669	0.00291	0.00769
12	0.00693	0.00589	0.00594	0.00592	0.00785	0.00492	0.00443	0.00838	0.01320	0.01579	0.07880	0.05477	0.73869	0.01447	0.00681	0.00195	0.00294	0.01205	0.00538	0.00491
13	0.00725	0.00525	0.00673	0.00770	0.00826	0.00485	0.00520	0.00835	0.01156	0.01537	0.09900	0.62407	0.10225	0.05499	0.00831	0.00242	0.00338	0.01499	0.00535	0.00474
14	0.02158	0.02411	0.01656	0.01436	0.01778	0.55847	0.01104	0.22853	0.01932	0.02040	0.01036	0.01146	0.00816	0.00625	0.00537	0.00157	0.00920	0.00414	0.00378	0.00758
15	0.00822	0.00594	0.00774	0.00728	0.00864	0.00547	0.00545	0.01088	0.01626	0.02304	0.75897	0.04283	0.05400	0.01176	0.00679	0.00182	0.00274	0.01037	0.00633	0.00546
16	0.02141	0.01588	0.01699	0.01315	0.01765	0.01759	0.01081	0.70149	0.06908	0.03542	0.01440	0.01434	0.01029	0.00700	0.00578	0.00175	0.00623	0.00526	0.00576	0.00974
17	0.01294	0.04245	0.01148	0.02927	0.01275	0.00915	0.00760	0.16163	0.01503	0.08735	0.02301	0.38234	0.02421	0.01214	0.00635	0.00195	0.00454	0.04504	0.00517	0.10559
18	0.01199	0.02553	0.57483	0.06583	0.06407	0.01350	0.12740	0.01798	0.01237	0.01807	0.01060	0.01304	0.00769	0.00542	0.00571	0.00185	0.00853	0.00474	0.00256	0.00830
19	0.01475	0.61430	0.02708	0.01110	0.01484	0.02147	0.01048	0.01641	0.01102	0.01365	0.00797	0.01014	0.00750	0.00618	0.00729	0.00155	0.19107	0.00356	0.00250	0.00714
20	0.01357	0.01364	0.02520	0.14836	0.45037	0.01375	0.21447	0.01738	0.01298	0.01806	0.01101	0.01483	0.00885	0.00520	0.00602	0.00182	0.00774	0.00558	0.00284	0.00833
21	0.83792	0.01114	0.00849	0.00761	0.01115	0.01289	0.00625	0.01689	0.00981	0.02576	0.00809	0.00946	0.00631	0.00539	0.00359	0.00179	0.00447	0.00314	0.00358	0.00626
22	0.01747	0.01271	0.01420	0.01200	0.01542	0.01384	0.00987	0.42614	0.10829	0.05293	0.01939	0.02814	0.01692	0.04775	0.00744	0.00217	0.00580	0.17560	0.00560	0.00834
23	0.00830	0.00622	0.00928	0.00927	0.01031	0.00722	0.00720	0.01030	0.00927	0.01339	0.01543	0.02262	0.01440	0.04291	0.77489	0.00920	0.01534	0.00616	0.00311	0.00517
24	0.01381	0.01320	0.02244	0.13856	0.66214	0.01353	0.01736	0.01723	0.01288	0.01823	0.01080	0.01447	0.00898	0.00526	0.00572	0.00175	0.00695	0.00513	0.00283	0.00874
25	0.01078	0.00542	0.00543	0.00542	0.00676	0.00541	0.00406	0.01341	0.01207	0.02143	0.01876	0.02147	0.01476	0.00674	0.00405	0.00136	0.00271	0.00537	0.82919	0.00540
26	0.21807	0.01013	0.01220	0.00963	0.01385	0.00952	0.00793	0.02532	0.01487	0.59067	0.01921	0.01722	0.01238	0.00674	0.00528	0.00179	0.00480	0.00516	0.00628	0.00895
27	0.02234	0.00948	0.01256	0.00989	0.01377	0.00847	0.00805	0.06641	0.01702	0.58857	0.15588	0.02350	0.02122	0.00798	0.00598	0.00179	0.00460	0.00659	0.00689	0.00900
28	0.00832	0.00607	0.00850	0.00845	0.00929	0.00672	0.00625	0.00995	0.00971	0.01379	0.08302	0.02768	0.01938	0.20392	0.54378	0.00775	0.01209	0.00702	0.00348	0.00484
29	0.02147	0.02731	0.01628	0.01481	0.01776	0.77462	0.01110	0.02291	0.01628	0.01411	0.00896	0.01048	0.00748	0.00597	0.00521	0.00150	0.01035	0.00372	0.00299	0.00669
30	0.01198	0.01025	0.01194	0.00855	0.01364	0.00770	0.00683	0.01448	0.01194	0.01874	0.01029	0.01203	0.00859	0.00432	0.00429	0.00087	0.00428	0.00343	0.00343	0.83242
31	0.00811	0.00590	0.00760	0.00725	0.00859	0.00541	0.00540	0.01063	0.01586	0.02229	0.69132	0.07796	0.08769	0.01218	0.00682	0.00185	0.00278	0.01073	0.00624	0.00540
32	0.01434	0.01237	0.01301	0.01172	0.01496	0.01429	0.00910	0.03045	0.75162	0.02402	0.02338	0.02149	0.01756	0.00784	0.00587	0.00196	0.00457	0.00650	0.00586	0.00911
33	0.09803	0.05189	0.03125	0.15396	0.02040	0.05462	0.05495	0.05245	0.01120	0.01673	0.00885	0.01280	0.00767	0.00782	0.01185	0.00214	0.38903	0.00480	0.00286	0.00670
34	0.01230	0.10255	0.58687	0.01757	0.06976	0.01437	0.08191	0.01808	0.01229	0.01782	0.01030	0.01238	0.00761	0.00539	0.00544	0.00178	0.00826	0.00442	0.00253	0.00838
35	0.00895	0.00690	0.00838	0.00908	0.01016	0.00711	0.00649	0.01360	0.18653	0.01707	0.02958	0.56601	0.03277	0.01544	0.00704	0.00227	0.00377	0.05759	0.00546	0.00579
36	0.01315	0.01232	0.02064	0.10224	0.59369	0.01248	0.01582	0.01646	0.01337	0.01897	0.11007	0.01821	0.01498	0.00611	0.00586	0.00175	0.00637	0.00583	0.00330	0.00838
37	0.00884	0.00669	0.00829	0.00772	0.00943	0.00630	0.00580	0.01252	0.08047	0.02200	0.57259	0.08614	0.08149	0.01151	0.00661	0.00182	0.00304	0.01008	0.00602	0.05265
38	0.01254	0.02680	0.58521	0.01777	0.02540	0.05678	0.15798	0.01850	0.01266	0.01803	0.01055	0.01278	0.00764	0.00542	0.00572	0.00184	0.00882	0.00472	0.00258	0.00827
39	0.01345	0.01079	0.01281	0.03717	0.01480	0.00969	0.00792	0.07905	0.05609	0.05413	0.01212	0.01442	0.00995	0.04157	0.00666	0.00141	0.05298	0.00425	0.00386	0.55688
40	0.01244	0.00972	0.01151	0.01004	0.01214	0.01081	0.00803	0.09181	0.10988	0.08114	0.07476	0.03270	0.30319	0.01104	0.00933	0.00205	0.18933	0.00835	0.00500	0.00673
41	0.76208	0.01139	0.00906	0.00804	0.01161	0.01315	0.00658	0.04355	0.05253	0.02603	0.00916	0.01030	0.00708	0.00558	0.00380	0.00180	0.00454	0.00340	0.00379	0.00654
42	0.01208	0.01154	0.01833	0.28631	0.02552	0.01351	0.13582	0.01781	0.15426	0.01783	0.08827	0.01888	0.01446	0.00743	0.00847	0.00204	0.15056	0.00619	0.00364	0.00705
43	0.01427	0.01367	0.02328	0.03514	0.76195	0.01365	0.01759	0.01763	0.01310	0.01879	0.01088	0.01432	0.00917	0.00518	0.00571	0.00172	0.00683	0.00513	0.00287	0.00912
44	0.00717	0.00512	0.00679	0.00800	0.00841	0.00477	0.00537	0.00823	0.01135	0.01523	0.07648	0.74757	0.03888	0.01759	0.00731	0.00231	0.00332	0.01591	0.00541	0.00476
45	0.01016	0.00749	0.00884	0.00876	0.01025	0.00746	0.00638	0.15764	0.01495	0.01985	0.09059	0.47913	0.12647	0.01479	0.00691	0.00213	0.00386	0.01300	0.00551	0.00583
46	0.00809	0.00593	0.00756	0.00714	0.00856	0.00542	0.00535	0.01063	0.01595	0.02231	0.69070	0.04403	0.12272	0.01203	0.00680	0.00183	0.00276	0.01054	0.00624	0.00541
47	0.01898	0.01596	0.01838	0.06603	0.19521	0.08255	0.01273	0.42863	0.05698	0.02819	0.01296	0.01416	0.00972	0.00641	0.00571	0.00174	0.00680	0.00511	0.00464	0.00911
48	0.01233	0.04713	0.01702	0.52399	0.03114	0.01341	0.01381	0.09494	0.01295	0.01714	0.01075	0.01507	0.00843	0.00843	0.05561	0.00231	0.05278	0.00500	0.00301	0.05478
49	0.01709	0.01321	0.01461	0.01099	0.01570	0.01302	0.00896	0.40850	0.01996	0.02795	0.01258	0.03062	0.00982	0.00597	0.00511	0.00135	0.00533	0.00463	0.00469	0.36993
50	0.01804	0.08400	0.05102	0.01180	0.01625	0.01527	0.01013	0.45323	0.04546	0.04476	0.05976	0.04301	0.01333	0.00705	0.00548	0.00161	0.00573	0.00549	0.00507	0.10351
51	0.01839	0.01382	0.01610	0.01253	0.01678	0.01456	0.05111	0.47034	0.07414	0.05758	0.01563	0.07903	0.01255	0.00740	0.00573	0.00168	0.00579	0.00605	0.00528	0.11550

[dist]
# distance from previous block
# <min> <max>
0	6

[block]
# block no. 5 follows, 41 sequences, length 30
# corresponding to MSA columns:
# 229-258
name=unknown_F
#
# <colnr> <probs for GDERKNQSTAVLIFYWHMCP>
#	G	D	E	R	K	N	Q	S	T	A	V	L	I	F	Y	W	H	M	C	P
0	0.00943	0.00683	0.00801	0.00754	0.00867	0.00679	0.00515	0.05116	0.06446	0.01755	0.24152	0.10314	0.03089	0.35995	0.01647	0.00347	0.00441	0.00912	0.00476	0.04070
1	0.01241	0.06535	0.01924	0.23783	0.02323	0.01600	0.07199	0.01578	0.06245	0.01507	0.00974	0.01394	0.00833	0.00785	0.01210	0.00216	0.39196	0.00514	0.00278	0.00667
2	0.00680	0.00580	0.00585	0.00583	0.00775	0.00484	0.00438	0.00828	0.01313	0.01567	0.07798	0.05470	0.74081	0.01441	0.00676	0.00193	0.00289	0.01202	0.00534	0.00484
3	0.00828	0.00606	0.00755	0.00791	0.00897	0.00578	0.00563	0.06050	0.01363	0.01833	0.21975	0.47289	0.11276	0.01520	0.00699	0.00211	0.00333	0.01354	0.00559	0.00521
4	0.01140	0.01088	0.01538	0.01352	0.01379	0.01486	0.01114	0.01286	0.00887	0.01364	0.00951	0.01507	0.00925	0.01844	0.21297	0.00422	0.59030	0.00529	0.00265	0.00596
5	0.01202	0.01031	0.01193	0.00869	0.01364	0.00807	0.00693	0.01548	0.06186	0.01900	0.01105	0.01250	0.00908	0.00447	0.00434	0.00092	0.00426	0.00360	0.00355	0.77830
6	0.01423	0.01096	0.01282	0.06092	0.05097	0.01208	0.00921	0.05643	0.43893	0.09427	0.06423	0.07112	0.06150	0.00863	0.00599	0.00192	0.00467	0.00733	0.00555	0.00826
7	0.01384	0.00960	0.01248	0.02058	0.01331	0.01033	0.03967	0.11024	0.09151	0.13903	0.05078	0.22077	0.06162	0.06099	0.00956	0.00228	0.11233	0.00906	0.00510	0.00692
8	0.01693	0.01256	0.01396	0.01058	0.01508	0.01226	0.00859	0.36228	0.01926	0.06757	0.01568	0.01643	0.05627	0.02436	0.00575	0.00149	0.00520	0.00501	0.00482	0.32593
9	0.01371	0.01432	0.02809	0.06692	0.12363	0.01427	0.47672	0.06845	0.01409	0.01933	0.04463	0.01617	0.01069	0.00568	0.00722	0.00191	0.05685	0.00638	0.00319	0.00776
10	0.02115	0.01105	0.01346	0.01098	0.01492	0.01106	0.00896	0.12410	0.20861	0.42947	0.02204	0.02197	0.01558	0.00777	0.00590	0.00186	0.00500	0.05039	0.00646	0.00928
11	0.00753	0.00536	0.00712	0.00777	0.00851	0.00500	0.00548	0.00914	0.01289	0.01767	0.29968	0.47339	0.04300	0.01559	0.00744	0.01995	0.00320	0.04076	0.00561	0.00490
12	0.03580	0.01149	0.01356	0.01102	0.01493	0.01176	0.00889	0.17938	0.20798	0.36559	0.02110	0.06105	0.01522	0.00777	0.00581	0.00183	0.00499	0.00634	0.00630	0.00921
13	0.00867	0.00599	0.00775	0.00733	0.00875	0.00553	0.00553	0.01117	0.01556	0.04648	0.63703	0.04328	0.08387	0.04673	0.00776	0.00201	0.00302	0.04200	0.00610	0.00542
14	0.01004	0.05451	0.04861	0.01063	0.01329	0.00880	0.08076	0.01400	0.10965	0.01705	0.03317	0.40147	0.02474	0.01173	0.00627	0.00191	0.00465	0.01062	0.00455	0.13352
15	0.01703	0.01270	0.01722	0.01426	0.05253	0.01316	0.11614	0.32405	0.01882	0.10870	0.01862	0.12014	0.05476	0.00842	0.00666	0.00184	0.04082	0.00722	0.00501	0.04189
16	0.01489	0.01349	0.01752	0.20127	0.02203	0.04977	0.02935	0.20782	0.01465	0.01998	0.01008	0.01363	0.00825	0.00836	0.02330	0.00220	0.32773	0.00506	0.00340	0.00723
17	0.06603	0.05925	0.05377	0.01531	0.04420	0.01686	0.13057	0.48802	0.02177	0.02995	0.01248	0.01345	0.00909	0.00621	0.00564	0.00173	0.00684	0.00514	0.00471	0.00899
18	0.01310	0.01057	0.01230	0.00888	0.01390	0.00839	0.00714	0.06767	0.01312	0.04834	0.01090	0.01229	0.00878	0.00453	0.00440	0.00095	0.00441	0.00361	0.00370	0.74305
19	0.00829	0.00559	0.00736	0.00768	0.00867	0.00515	0.00547	0.01011	0.01356	0.05165	0.35478	0.41223	0.05860	0.01461	0.00698	0.00206	0.00310	0.01309	0.00583	0.00521
20	0.01374	0.01177	0.01254	0.01145	0.01452	0.01352	0.00897	0.02869	0.68791	0.02329	0.02446	0.02494	0.03372	0.00844	0.00598	0.00199	0.00454	0.05504	0.00577	0.00871
21	0.00697	0.00498	0.00664	0.00796	0.00830	0.00465	0.00531	0.00796	0.01095	0.01460	0.03153	0.79525	0.03783	0.01792	0.00730	0.00232	0.00332	0.01626	0.00531	0.00465
22	0.01147	0.02959	0.76934	0.01630	0.02476	0.01328	0.02113	0.01811	0.01208	0.01811	0.01026	0.01208	0.00725	0.00543	0.00543	0.00181	0.00845	0.00423	0.00242	0.00845
23	0.01066	0.00533	0.00533	0.00533	0.00666	0.00533	0.00400	0.01333	0.01200	0.02132	0.01866	0.02132	0.01466	0.00666	0.00400	0.00133	0.00267	0.00533	0.83073	0.00533
24	0.00804	0.00584	0.00756	0.00713	0.00851	0.00537	0.00535	0.01068	0.01605	0.02260	0.72852	0.04328	0.08594	0.01182	0.00675	0.00180	0.00271	0.01042	0.00625	0.00537
25	0.00878	0.00596	0.00783	0.00737	0.00879	0.00548	0.00552	0.01136	0.01587	0.05452	0.68334	0.08833	0.05125	0.01188	0.00674	0.00183	0.00283	0.01051	0.00627	0.00554
26	0.06516	0.01463	0.01609	0.06924	0.01853	0.01626	0.01072	0.55741	0.07520	0.06427	0.01449	0.01524	0.01050	0.00692	0.00565	0.00177	0.00609	0.01726	0.00543	0.00916
27	0.72521	0.01094	0.00961	0.11469	0.01497	0.01281	0.00753	0.01651	0.00997	0.02414	0.00827	0.01011	0.00639	0.00537	0.00384	0.00179	0.00487	0.00337	0.00340	0.00622
28	0.07022	0.00867	0.00997	0.00884	0.01112	0.00890	0.00684	0.15541	0.06280	0.05760	0.38612	0.11591	0.05350	0.01061	0.00628	0.00185	0.00380	0.00908	0.00586	0.00662
29	0.01343	0.01036	0.01213	0.00898	0.01370	0.00841	0.00717	0.07986	0.01346	0.07261	0.01258	0.05730	0.01066	0.00545	0.00465	0.00107	0.00441	0.00445	0.00397	0.65536

[dist]
# distance from previous block
# <min> <max>
0	1

[block]
# block no. 6 follows, 41 sequences, length 11
# corresponding to MSA columns:
# 260-270
name=unknown_G
#
# <colnr> <probs for GDERKNQSTAVLIFYWHMCP>
#	G	D	E	R	K	N	Q	S	T	A	V	L	I	F	Y	W	H	M	C	P
0	0.02201	0.01035	0.01332	0.01047	0.01448	0.00979	0.00856	0.07681	0.08148	0.53073	0.06093	0.01973	0.01568	0.00734	0.00631	0.00176	0.04022	0.00585	0.00640	0.05777
1	0.01885	0.01365	0.01515	0.01142	0.01615	0.01375	0.00936	0.45342	0.02123	0.08642	0.01326	0.01357	0.00966	0.00603	0.00524	0.00144	0.00552	0.00463	0.00507	0.27620
2	0.01609	0.01447	0.07702	0.05390	0.07677	0.01320	0.33859	0.04727	0.01393	0.17965	0.01340	0.01555	0.00967	0.00595	0.00733	0.00189	0.07972	0.00587	0.00382	0.02589
3	0.01045	0.00632	0.00836	0.00766	0.00937	0.00576	0.00581	0.01296	0.01585	0.12558	0.60668	0.09246	0.04731	0.01149	0.00665	0.00183	0.00304	0.01012	0.00634	0.00595
4	0.01204	0.01067	0.01718	0.21005	0.10522	0.01262	0.07537	0.03645	0.01127	0.04483	0.01165	0.01647	0.00986	0.01607	0.20435	0.00386	0.18685	0.00550	0.00300	0.00667
5	0.00994	0.00497	0.00745	0.00745	0.00745	0.00497	0.00497	0.00745	0.00745	0.00994	0.00994	0.01739	0.00994	0.01987	0.02235	0.83358	0.00497	0.00497	0.00248	0.00248
6	0.00775	0.00718	0.06536	0.00857	0.00966	0.00579	0.00666	0.00926	0.01076	0.01448	0.02751	0.48787	0.05606	0.12710	0.07425	0.00331	0.00514	0.06377	0.00464	0.00486
7	0.01403	0.01373	0.02214	0.13025	0.63904	0.04580	0.01706	0.01740	0.01296	0.01797	0.01060	0.01413	0.00880	0.00521	0.00565	0.00172	0.00705	0.00503	0.00280	0.00861
8	0.07267	0.55624	0.06380	0.01094	0.01554	0.16952	0.01037	0.01828	0.01242	0.01464	0.00825	0.00956	0.00726	0.00515	0.00404	0.00134	0.00695	0.00324	0.00262	0.00718
9	0.79519	0.05350	0.00956	0.00764	0.01126	0.01336	0.00639	0.01683	0.00984	0.02501	0.00796	0.00929	0.00626	0.00529	0.00355	0.00174	0.00452	0.00310	0.00348	0.00626
10	0.07194	0.01426	0.06853	0.09086	0.11696	0.01366	0.34244	0.01770	0.01253	0.07135	0.01187	0.03447	0.00938	0.00606	0.00745	0.00194	0.09184	0.00597	0.00319	0.00760

[dist]
# distance from previous block
# <min> <max>
0	1

[block]
# block no. 7 follows, 41 sequences, length 6
# corresponding to MSA columns:
# 272-277
name=unknown_H
#
# <colnr> <probs for GDERKNQSTAVLIFYWHMCP>
#	G	D	E	R	K	N	Q	S	T	A	V	L	I	F	Y	W	H	M	C	P
0	0.01753	0.07987	0.01243	0.00898	0.01225	0.00873	0.00732	0.04529	0.01543	0.38345	0.16031	0.09014	0.11494	0.00951	0.00599	0.00179	0.00427	0.00796	0.00611	0.00771
1	0.01410	0.00941	0.05543	0.00961	0.01238	0.00817	0.00798	0.07609	0.06959	0.21089	0.18490	0.19209	0.06048	0.01115	0.00645	0.00196	0.00431	0.05200	0.00587	0.00711
2	0.01246	0.00850	0.01113	0.03780	0.01315	0.00752	0.02917	0.05283	0.01395	0.12585	0.16200	0.20700	0.02514	0.00957	0.00588	0.00163	0.00421	0.00841	0.00501	0.25878
3	0.50569	0.05811	0.01148	0.04044	0.01342	0.01268	0.00746	0.07617	0.01196	0.07847	0.01023	0.01166	0.00788	0.00770	0.05009	0.00210	0.00547	0.00375	0.00383	0.08141
4	0.21314	0.01343	0.01399	0.04384	0.01623	0.01449	0.00920	0.38288	0.05558	0.02915	0.01209	0.01281	0.00897	0.00605	0.00496	0.00160	0.00547	0.00443	0.00468	0.14700
5	0.01624	0.01652	0.01814	0.18381	0.10949	0.21151	0.06614	0.13680	0.05509	0.01952	0.01120	0.01355	0.00874	0.00591	0.00588	0.00166	0.02937	0.00477	0.00347	0.08217

[dist]
# distance from previous block
# <min> <max>
0	5

[block]
# block no. 8 follows, 41 sequences, length 21
# corresponding to MSA columns:
# 283-303
name=unknown_I
#
# <colnr> <probs for GDERKNQSTAVLIFYWHMCP>
#	G	D	E	R	K	N	Q	S	T	A	V	L	I	F	Y	W	H	M	C	P
0	0.01944	0.01714	0.01617	0.07016	0.01878	0.16878	0.01093	0.41049	0.16116	0.02775	0.01430	0.01460	0.01056	0.00676	0.00563	0.00172	0.00686	0.00510	0.00495	0.00873
1	0.01604	0.01839	0.01700	0.01490	0.01608	0.31996	0.01193	0.01738	0.01173	0.01386	0.00804	0.01164	0.00745	0.00837	0.01334	0.00209	0.47822	0.00448	0.00268	0.00641
2	0.00697	0.00498	0.00664	0.00796	0.00830	0.00465	0.00531	0.00796	0.01095	0.01460	0.03153	0.79525	0.03783	0.01792	0.00730	0.00232	0.00332	0.01626	0.00531	0.00465
3	0.01791	0.01019	0.06792	0.00973	0.01340	0.00827	0.00839	0.02174	0.07874	0.40836	0.22040	0.02721	0.06507	0.00865	0.00605	0.00180	0.00442	0.00727	0.00632	0.00816
4	0.01070	0.00870	0.00948	0.00903	0.01093	0.00942	0.00659	0.01881	0.36137	0.01886	0.06788	0.14145	0.11899	0.16898	0.01088	0.00271	0.00425	0.00918	0.00523	0.00655
5	0.07580	0.41569	0.08840	0.01038	0.01476	0.07029	0.00994	0.01841	0.06818	0.06024	0.10479	0.01524	0.01426	0.00624	0.00459	0.00149	0.00587	0.00454	0.00356	0.00733
6	0.04861	0.06976	0.01839	0.11619	0.02062	0.01643	0.05056	0.48292	0.02172	0.07931	0.01312	0.01393	0.00939	0.00642	0.00556	0.00172	0.00648	0.00505	0.00493	0.00888
7	0.00926	0.00616	0.00720	0.00689	0.00877	0.00536	0.00518	0.01106	0.01399	0.10217	0.23026	0.12950	0.41649	0.01332	0.00670	0.00192	0.00312	0.01138	0.00576	0.00551
8	0.05242	0.32732	0.03728	0.01480	0.08580	0.02905	0.12717	0.01937	0.06241	0.11360	0.01306	0.01615	0.01072	0.00615	0.00531	0.00164	0.01953	0.04681	0.00360	0.00780
9	0.01227	0.01011	0.01358	0.26368	0.02201	0.00961	0.00994	0.01591	0.05217	0.05940	0.01219	0.03665	0.00985	0.00547	0.00498	0.00135	0.00537	0.00462	0.00351	0.44734
10	0.11089	0.01274	0.04060	0.01150	0.02953	0.01262	0.00946	0.29964	0.04361	0.26508	0.06713	0.04191	0.01479	0.00738	0.00560	0.00177	0.00532	0.00583	0.00577	0.00881
11	0.01508	0.75916	0.07137	0.01015	0.01524	0.02211	0.01042	0.01718	0.01165	0.01372	0.00808	0.00934	0.00734	0.00492	0.00377	0.00126	0.00625	0.00312	0.00245	0.00740
12	0.07802	0.01679	0.16641	0.01263	0.01788	0.01412	0.01197	0.36465	0.02003	0.21846	0.01489	0.01455	0.01011	0.00652	0.00552	0.00175	0.00623	0.00497	0.00525	0.00923
13	0.83938	0.01106	0.00841	0.00752	0.01106	0.01283	0.00619	0.01681	0.00973	0.02566	0.00796	0.00929	0.00619	0.00531	0.00354	0.00177	0.00442	0.00310	0.00354	0.00619
14	0.01927	0.02371	0.07206	0.07234	0.01965	0.51410	0.01224	0.11192	0.01637	0.01710	0.00957	0.01140	0.00768	0.00626	0.00625	0.00163	0.06404	0.00411	0.00320	0.00711
15	0.00817	0.00613	0.00919	0.00919	0.01021	0.00715	0.00715	0.01021	0.00919	0.01328	0.01532	0.02247	0.01430	0.04290	0.77631	0.00919	0.01532	0.00613	0.00306	0.00511
16	0.02054	0.01484	0.01653	0.06979	0.01887	0.01643	0.01092	0.57978	0.08871	0.08243	0.01490	0.01490	0.01055	0.00687	0.00573	0.00175	0.00614	0.00530	0.00559	0.00942
17	0.01066	0.00533	0.00533	0.00533	0.00666	0.00533	0.00400	0.01333	0.01200	0.02132	0.01866	0.02132	0.01466	0.00666	0.00400	0.00133	0.00267	0.00533	0.83073	0.00533
18	0.01257	0.00823	0.01057	0.06709	0.01339	0.00825	0.00786	0.11880	0.01678	0.11651	0.35787	0.03748	0.07315	0.01073	0.00657	0.00192	0.00425	0.11557	0.00583	0.00659
19	0.01032	0.00632	0.00828	0.00752	0.00918	0.00578	0.00567	0.01281	0.01579	0.11593	0.62749	0.03952	0.04717	0.05354	0.00783	0.00200	0.00312	0.00966	0.00624	0.00584
20	0.39674	0.10243	0.17225	0.01212	0.01727	0.01388	0.11916	0.01717	0.01114	0.02118	0.00913	0.01095	0.00707	0.00514	0.00447	0.00168	0.00621	0.00389	0.00308	0.06506

[dist]
# distance from previous block
# <min> <max>
0	5

[block]
# block no. 9 follows, 41 sequences, length 57
# corresponding to MSA columns:
# 309-365
name=unknown_J
#
# <colnr> <probs for GDERKNQSTAVLIFYWHMCP>
#	G	D	E	R	K	N	Q	S	T	A	V	L	I	F	Y	W	H	M	C	P
0	0.01440	0.33663	0.12701	0.01137	0.01593	0.01610	0.03474	0.02010	0.16629	0.07635	0.10058	0.01709	0.01545	0.00660	0.00522	0.00161	0.01762	0.00514	0.00397	0.00781
1	0.01064	0.00892	0.06051	0.00931	0.01178	0.00743	0.04646	0.04906	0.03589	0.07547	0.33700	0.13019	0.09702	0.05792	0.00783	0.00207	0.00416	0.00958	0.00540	0.03333
2	0.01351	0.01183	0.01922	0.02311	0.36125	0.01175	0.10800	0.01846	0.11263	0.06898	0.06312	0.02385	0.08867	0.00739	0.00611	0.00184	0.00603	0.04202	0.00409	0.00811
3	0.09685	0.01127	0.01520	0.14254	0.01861	0.01394	0.03434	0.13385	0.01254	0.01883	0.01083	0.01508	0.00926	0.01519	0.17522	0.00362	0.25777	0.00515	0.00328	0.00664
4	0.01214	0.00732	0.00919	0.00796	0.01032	0.00666	0.00619	0.05325	0.01620	0.16234	0.45879	0.03685	0.12940	0.01056	0.00639	0.00176	0.00340	0.00908	0.00615	0.04605
