[name]
unknown

[dist]
# distance from previous block
# <min> <max>
0	168

[block]
# block no. 0 follows, 41 sequences, length 144
# corresponding to MSA columns:
# 178-321
name=unknown_A
#
# <colnr> <probs for GDERKNQSTAVLIFYWHMCP>
#	G	D	E	R	K	N	Q	S	T	A	V	L	I	F	Y	W	H	M	C	P
0	0.00939	0.00678	0.00856	0.00807	0.00951	0.00616	0.00596	0.01171	0.01687	0.02394	0.74683	0.04383	0.05424	0.01239	0.00724	0.00202	0.00316	0.01063	0.00666	0.00605
1	0.01034	0.00743	0.00991	0.01111	0.01251	0.00721	0.00942	0.01250	0.01382	0.01810	0.03198	0.09072	0.05518	0.01645	0.00832	0.00281	0.00554	0.66513	0.00565	0.00589
2	0.02650	0.01078	0.01419	0.01108	0.01554	0.00939	0.00898	0.04951	0.01735	0.73220	0.02329	0.02086	0.01508	0.00786	0.00627	0.00199	0.00533	0.00611	0.00738	0.01030
3	0.01709	0.77958	0.03072	0.01106	0.01600	0.02330	0.01053	0.01836	0.01282	0.01531	0.00994	0.01191	0.00919	0.00619	0.00454	0.00159	0.00673	0.00373	0.00312	0.00830
4	0.00750	0.00632	0.00633	0.00630	0.00827	0.00526	0.00467	0.00875	0.01345	0.01609	0.05811	0.05553	0.75341	0.01485	0.00704	0.00205	0.00315	0.01221	0.00552	0.00520
5	0.01149	0.01064	0.01756	0.77722	0.03960	0.01306	0.01608	0.01508	0.01187	0.01527	0.01085	0.01616	0.00828	0.00617	0.00601	0.00203	0.00783	0.00530	0.00278	0.00671
6	0.01216	0.02985	0.76153	0.01669	0.02512	0.01363	0.02127	0.01854	0.01250	0.01873	0.01095	0.01303	0.00791	0.00589	0.00573	0.00194	0.00865	0.00445	0.00266	0.00878
7	0.00770	0.00551	0.00716	0.00844	0.00884	0.00508	0.00562	0.00850	0.01139	0.01525	0.03198	0.78764	0.03816	0.01824	0.00757	0.00244	0.00357	0.01636	0.00552	0.00502
8	0.00750	0.00632	0.00633	0.00630	0.00827	0.00526	0.00467	0.00875	0.01345	0.01609	0.05811	0.05553	0.75341	0.01485	0.00704	0.00205	0.00315	0.01221	0.00552	0.00520
9	0.01249	0.02752	0.64035	0.01798	0.02597	0.01382	0.14012	0.01858	0.01273	0.01876	0.01117	0.01358	0.00815	0.00579	0.00594	0.00196	0.00884	0.00487	0.00274	0.00866
10	0.00878	0.00637	0.00811	0.00765	0.00907	0.00581	0.00568	0.01124	0.01649	0.02331	0.73541	0.04364	0.07160	0.01215	0.00702	0.00193	0.00296	0.01055	0.00647	0.00575
11	0.01594	0.79424	0.03024	0.01024	0.01515	0.02287	0.01005	0.01757	0.01205	0.01412	0.00866	0.01016	0.00800	0.00536	0.00398	0.00135	0.00634	0.00330	0.00269	0.00768
12	0.01594	0.79424	0.03024	0.01024	0.01515	0.02287	0.01005	0.01757	0.01205	0.01412	0.00866	0.01016	0.00800	0.00536	0.00398	0.00135	0.00634	0.00330	0.00269	0.00768
13	0.00882	0.00637	0.00816	0.00768	0.00909	0.00582	0.00571	0.01130	0.01657	0.02350	0.75277	0.04334	0.05412	0.01208	0.00702	0.00192	0.00296	0.01050	0.00650	0.00576
14	0.00993	0.00710	0.00971	0.01098	0.01235	0.00700	0.00949	0.01235	0.01358	0.01774	0.03075	0.06490	0.03330	0.01615	0.00817	0.00275	0.00550	0.71716	0.00548	0.00563
15	0.01216	0.02985	0.76153	0.01669	0.02512	0.01363	0.02127	0.01854	0.01250	0.01873	0.01095	0.01303	0.00791	0.00589	0.00573	0.00194	0.00865	0.00445	0.00266	0.00878
16	0.01594	0.79424	0.03024	0.01024	0.01515	0.02287	0.01005	0.01757	0.01205	0.01412	0.00866	0.01016	0.00800	0.00536	0.00398	0.00135	0.00634	0.00330	0.00269	0.00768
17	0.05893	0.41889	0.05622	0.03872	0.01695	0.06409	0.01067	0.14864	0.01507	0.03882	0.01045	0.01189	0.00863	0.00595	0.00495	0.00155	0.02072	0.00396	0.00355	0.06135
18	0.02062	0.01548	0.01650	0.01312	0.01739	0.01709	0.01063	0.58237	0.16825	0.03380	0.01634	0.01630	0.01197	0.00748	0.00599	0.00188	0.00609	0.00563	0.02325	0.00982
19	0.00770	0.00551	0.00716	0.00844	0.00884	0.00508	0.00562	0.00850	0.01139	0.01525	0.03198	0.78764	0.03816	0.01824	0.00757	0.00244	0.00357	0.01636	0.00552	0.00502
20	0.01212	0.01177	0.02097	0.60693	0.05903	0.01342	0.15766	0.01589	0.01232	0.01611	0.01114	0.01617	0.00853	0.00598	0.00621	0.00203	0.00820	0.00563	0.00286	0.00705
21	0.00904	0.00607	0.00676	0.00673	0.00680	0.00597	0.00380	0.00885	0.00878	0.01178	0.01862	0.03810	0.02131	0.79077	0.02915	0.00563	0.00577	0.00850	0.00370	0.00385
22	0.83102	0.01153	0.00891	0.00800	0.01157	0.01318	0.00650	0.01726	0.01018	0.02619	0.00867	0.01027	0.00687	0.00577	0.00385	0.00189	0.00466	0.00334	0.00377	0.00655
23	0.01254	0.01064	0.01233	0.00894	0.01404	0.00803	0.00708	0.01487	0.01229	0.01925	0.01085	0.01281	0.00912	0.00471	0.00454	0.00098	0.00448	0.00362	0.00362	0.82526
24	0.02194	0.02755	0.01663	0.01514	0.01812	0.76803	0.01130	0.02322	0.01659	0.01466	0.00954	0.01128	0.00803	0.00635	0.00545	0.00160	0.01049	0.00392	0.00318	0.00698
25	0.83102	0.01153	0.00891	0.00800	0.01157	0.01318	0.00650	0.01726	0.01018	0.02619	0.00867	0.01027	0.00687	0.00577	0.00385	0.00189	0.00466	0.00334	0.00377	0.00655
26	0.83102	0.01153	0.00891	0.00800	0.01157	0.01318	0.00650	0.01726	0.01018	0.02619	0.00867	0.01027	0.00687	0.00577	0.00385	0.00189	0.00466	0.00334	0.00377	0.00655
27	0.00770	0.00551	0.00716	0.00844	0.00884	0.00508	0.00562	0.00850	0.01139	0.01525	0.03198	0.78764	0.03816	0.01824	0.00757	0.00244	0.00357	0.01636	0.00552	0.00502
28	0.00875	0.00637	0.00807	0.00761	0.00905	0.00580	0.00566	0.01118	0.01642	0.02314	0.71906	0.04393	0.08806	0.01222	0.00702	0.00193	0.00297	0.01059	0.00645	0.00573
29	0.00903	0.00609	0.00687	0.00684	0.00694	0.00603	0.00393	0.00892	0.00881	0.01186	0.01853	0.03757	0.02108	0.76407	0.05553	0.00576	0.00612	0.00842	0.00368	0.00391
30	0.01136	0.00586	0.00587	0.00584	0.00722	0.00576	0.00433	0.01381	0.01242	0.02190	0.01925	0.02217	0.01524	0.00711	0.00431	0.00146	0.00292	0.00555	0.82193	0.00570
31	0.00993	0.00710	0.00971	0.01098	0.01235	0.00700	0.00949	0.01235	0.01358	0.01774	0.03075	0.06490	0.03330	0.01615	0.00817	0.00275	0.00550	0.71716	0.00548	0.00563
32	0.01216	0.02985	0.76153	0.01669	0.02512	0.01363	0.02127	0.01854	0.01250	0.01873	0.01095	0.01303	0.00791	0.00589	0.00573	0.00194	0.00865	0.00445	0.00266	0.00878
33	0.00889	0.00665	0.00969	0.00966	0.01074	0.00756	0.00744	0.01073	0.00965	0.01394	0.01595	0.02331	0.01489	0.04295	0.76818	0.00924	0.01544	0.00633	0.00330	0.00547
34	0.00899	0.00605	0.00678	0.00679	0.00687	0.00594	0.00386	0.00884	0.00887	0.01190	0.01908	0.06392	0.02189	0.76416	0.02840	0.00552	0.00570	0.00877	0.00376	0.00389
35	0.02556	0.01051	0.01382	0.01078	0.01518	0.00934	0.00879	0.04868	0.05097	0.70467	0.02290	0.02026	0.01477	0.00754	0.00604	0.00190	0.00513	0.00598	0.00717	0.01002
36	0.02196	0.02703	0.01667	0.01507	0.01813	0.73329	0.01129	0.05627	0.01708	0.01567	0.00977	0.01144	0.00814	0.00639	0.00548	0.00161	0.01030	0.00398	0.00331	0.00712
37	0.02194	0.02755	0.01663	0.01514	0.01812	0.76803	0.01130	0.02322	0.01659	0.01466	0.00954	0.01128	0.00803	0.00635	0.00545	0.00160	0.01049	0.00392	0.00318	0.00698
38	0.00899	0.00605	0.00678	0.00679	0.00687	0.00594	0.00386	0.00884	0.00887	0.01190	0.01908	0.06392	0.02189	0.76416	0.02840	0.00552	0.00570	0.00877	0.00376	0.00389
39	0.01608	0.77587	0.02991	0.01036	0.01522	0.04073	0.01008	0.01770	0.01216	0.01413	0.00868	0.01018	0.00800	0.00538	0.00402	0.00136	0.00644	0.00331	0.00270	0.00767
40	0.01064	0.00550	0.00796	0.00793	0.00800	0.00540	0.00529	0.00800	0.00792	0.01064	0.01062	0.01828	0.01057	0.02017	0.02246	0.82462	0.00520	0.00519	0.00273	0.00288
41	0.00770	0.00551	0.00716	0.00844	0.00884	0.00508	0.00562	0.00850	0.01139	0.01525	0.03198	0.78764	0.03816	0.01824	0.00757	0.00244	0.00357	0.01636	0.00552	0.00502
42	0.01227	0.05334	0.73907	0.01649	0.02481	0.01391	0.02093	0.01851	0.01249	0.01859	0.01088	0.01294	0.00791	0.00588	0.00567	0.00192	0.00858	0.00442	0.00266	0.00875
43	0.01965	0.05367	0.17888	0.01515	0.01954	0.50212	0.01341	0.09445	0.01661	0.01774	0.01031	0.01197	0.00824	0.00631	0.00552	0.00169	0.00954	0.00416	0.00333	0.00771
44	0.01315	0.00798	0.00776	0.00716	0.00902	0.03361	0.00545	0.10816	0.01448	0.02355	0.01828	0.02082	0.01436	0.00711	0.00457	0.00152	0.00365	0.00547	0.68760	0.00631
45	0.00770	0.00551	0.00716	0.00844	0.00884	0.00508	0.00562	0.00850	0.01139	0.01525	0.03198	0.78764	0.03816	0.01824	0.00757	0.00244	0.00357	0.01636	0.00552	0.00502
46	0.83102	0.01153	0.00891	0.00800	0.01157	0.01318	0.00650	0.01726	0.01018	0.02619	0.00867	0.01027	0.00687	0.00577	0.00385	0.00189	0.00466	0.00334	0.00377	0.00655
47	0.01319	0.01296	0.01792	0.01542	0.01549	0.01782	0.01275	0.01424	0.00922	0.01443	0.00822	0.01346	0.00817	0.01042	0.01892	0.00262	0.78018	0.00522	0.00274	0.00661
48	0.00903	0.00660	0.00834	0.00784	0.00931	0.00614	0.00584	0.01200	0.04259	0.02353	0.72675	0.04259	0.05283	0.01194	0.00699	0.00193	0.00302	0.01037	0.00648	0.00589
49	0.01216	0.02985	0.76153	0.01669	0.02512	0.01363	0.02127	0.01854	0.01250	0.01873	0.01095	0.01303	0.00791	0.00589	0.00573	0.00194	0.00865	0.00445	0.00266	0.00878
50	0.01594	0.79424	0.03024	0.01024	0.01515	0.02287	0.01005	0.01757	0.01205	0.01412	0.00866	0.01016	0.00800	0.00536	0.00398	0.00135	0.00634	0.00330	0.00269	0.00768
51	0.01594	0.79424	0.03024	0.01024	0.01515	0.02287	0.01005	0.01757	0.01205	0.01412	0.00866	0.01016	0.00800	0.00536	0.00398	0.00135	0.00634	0.00330	0.00269	0.00768
52	0.00889	0.00665	0.00969	0.00966	0.01074	0.00756	0.00744	0.01073	0.00965	0.01394	0.01595	0.02331	0.01489	0.04295	0.76818	0.00924	0.01544	0.00633	0.00330	0.00547
53	0.00753	0.00632	0.00637	0.00633	0.00830	0.00528	0.00470	0.00881	0.01353	0.01628	0.07587	0.05522	0.73553	0.01477	0.00704	0.00205	0.00315	0.01217	0.00555	0.00521
54	0.00770	0.00551	0.00716	0.00844	0.00884	0.00508	0.00562	0.00850	0.01139	0.01525	0.03198	0.78764	0.03816	0.01824	0.00757	0.00244	0.00357	0.01636	0.00552	0.00502
55	0.00904	0.00607	0.00676	0.00673	0.00680	0.00597	0.00380	0.00885	0.00878	0.01178	0.01862	0.03810	0.02131	0.79077	0.02915	0.00563	0.00577	0.00850	0.00370	0.00385
56	0.01594	0.79424	0.03024	0.01024	0.01515	0.02287	0.01005	0.01757	0.01205	0.01412	0.00866	0.01016	0.00800	0.00536	0.00398	0.00135	0.00634	0.00330	0.00269	0.00768
57	0.01136	0.00586	0.00587	0.00584	0.00722	0.00576	0.00433	0.01381	0.01242	0.02190	0.01925	0.02217	0.01524	0.00711	0.00431	0.00146	0.00292	0.00555	0.82193	0.00570
58	0.01254	0.01064	0.01233	0.00894	0.01404	0.00803	0.00708	0.01487	0.01229	0.01925	0.01085	0.01281	0.00912	0.00471	0.00454	0.00098	0.00448	0.00362	0.00362	0.82526
59	0.82263	0.01199	0.00941	0.00849	0.01209	0.01353	0.00680	0.01770	0.01063	0.02673	0.00939	0.01125	0.00755	0.00623	0.00417	0.00202	0.00490	0.00358	0.00400	0.00691
60	0.01417	0.01585	0.03398	0.02441	0.03020	0.01480	0.73475	0.01875	0.01391	0.01894	0.01225	0.01635	0.00933	0.00529	0.00703	0.00205	0.00983	0.00695	0.00313	0.00806
61	0.00750	0.00632	0.00633	0.00630	0.00828	0.00526	0.00467	0.00875	0.01345	0.01610	0.05811	0.05553	0.75338	0.01485	0.00704	0.00206	0.00315	0.01221	0.00552	0.00520
62	0.01216	0.02985	0.76150	0.01669	0.02512	0.01363	0.02128	0.01855	0.01250	0.01873	0.01095	0.01303	0.00791	0.00589	0.00573	0.00194	0.00865	0.00445	0.00266	0.00879
63	0.00771	0.00551	0.00716	0.00844	0.00884	0.00508	0.00562	0.00851	0.01139	0.01526	0.03198	0.78761	0.03816	0.01824	0.00757	0.00244	0.00357	0.01636	0.00552	0.00502
64	0.00890	0.00665	0.00969	0.00966	0.01074	0.00756	0.00744	0.01073	0.00965	0.01395	0.01595	0.02331	0.01489	0.04295	0.76815	0.00924	0.01544	0.00633	0.00330	0.00548
65	0.01489	0.01274	0.01339	0.01208	0.01535	0.01456	0.00933	0.03069	0.74526	0.02448	0.02383	0.02219	0.01801	0.00819	0.00611	0.00206	0.00476	0.00667	0.00603	0.00938
66	0.01319	0.01297	0.01792	0.01542	0.01549	0.01782	0.01275	0.01424	0.00922	0.01443	0.00823	0.01346	0.00817	0.01042	0.01892	0.00262	0.78015	0.00522	0.00275	0.00661
67	0.00771	0.00551	0.00716	0.00844	0.00884	0.00508	0.00562	0.00851	0.01139	0.01526	0.03198	0.78761	0.03816	0.01824	0.00757	0.00244	0.00357	0.01636	0.00552	0.00502
68	0.01254	0.01064	0.01233	0.00895	0.01404	0.00803	0.00708	0.01487	0.01229	0.01925	0.01086	0.01282	0.00913	0.00471	0.00454	0.00098	0.00448	0.00363	0.00362	0.82522
69	0.00882	0.00637	0.00816	0.00768	0.00909	0.00583	0.00571	0.01131	0.01657	0.02350	0.75274	0.04334	0.05412	0.01208	0.00702	0.00192	0.00296	0.01050	0.00650	0.00576
70	0.00993	0.00710	0.00971	0.01099	0.01236	0.00700	0.00949	0.01235	0.01358	0.01774	0.03075	0.06490	0.03330	0.01615	0.00817	0.00275	0.00550	0.71712	0.00548	0.00563
71	0.01463	0.01384	0.02323	0.07604	0.71623	0.01388	0.01764	0.01783	0.01335	0.01907	0.01141	0.01515	0.00963	0.00559	0.00596	0.00184	0.00705	0.00531	0.00305	0.00924
72	0.01395	0.01545	0.03271	0.02366	0.02914	0.01461	0.69074	0.01835	0.01364	0.01864	0.01228	0.01652	0.00950	0.00676	0.03450	0.00232	0.02928	0.00688	0.00313	0.00793
73	0.00771	0.00551	0.00716	0.00844	0.00884	0.00508	0.00562	0.00851	0.01139	0.01526	0.03198	0.78761	0.03816	0.01824	0.00757	0.00244	0.00357	0.01636	0.00552	0.00502
74	0.00874	0.00637	0.00805	0.00760	0.00904	0.00579	0.00565	0.01115	0.01638	0.02305	0.71010	0.04409	0.09705	0.01225	0.00703	0.00193	0.00297	0.01061	0.00644	0.00573
75	0.01355	0.02016	0.25810	0.02203	0.02864	0.01444	0.51496	0.01869	0.01348	0.01887	0.01185	0.01532	0.00889	0.00548	0.00663	0.00202	0.00946	0.00618	0.00299	0.00828
76	0.01404	0.01561	0.03321	0.05944	0.03064	0.01471	0.70131	0.01858	0.01381	0.01876	0.01218	0.01634	0.00928	0.00533	0.00698	0.00205	0.00973	0.00687	0.00312	0.00799
77	0.00771	0.00551	0.00716	0.00844	0.00884	0.00508	0.00562	0.00851	0.01139	0.01526	0.03198	0.78761	0.03816	0.01824	0.00757	0.00244	0.00357	0.01636	0.00552	0.00502
78	0.01278	0.02554	0.53738	0.01907	0.02669	0.01399	0.24107	0.01861	0.01293	0.01879	0.01135	0.01405	0.00835	0.00571	0.00613	0.00197	0.00901	0.00522	0.00280	0.00856
79	0.01417	0.01585	0.03398	0.02441	0.03020	0.01480	0.73475	0.01875	0.01391	0.01894	0.01225	0.01635	0.00933	0.00529	0.00703	0.00205	0.00983	0.00695	0.00313	0.00806
80	0.01067	0.00566	0.00826	0.03157	0.00898	0.00564	0.00562	0.00822	0.00805	0.01078	0.01063	0.01822	0.01050	0.01974	0.02196	0.79931	0.00528	0.00519	0.00273	0.00300
81	0.01216	0.02985	0.76150	0.01669	0.02512	0.01363	0.02128	0.01855	0.01250	0.01873	0.01095	0.01303	0.00791	0.00589	0.00573	0.00194	0.00865	0.00445	0.00266	0.00879
82	0.00904	0.00607	0.00677	0.00674	0.00681	0.00597	0.00380	0.00886	0.00878	0.01178	0.01863	0.03811	0.02131	0.79073	0.02915	0.00563	0.00577	0.00850	0.00370	0.00385
83	0.01150	0.01064	0.01756	0.77718	0.03960	0.01306	0.01608	0.01508	0.01187	0.01527	0.01086	0.01617	0.00829	0.00618	0.00601	0.00203	0.00783	0.00530	0.00278	0.00671
84	0.00879	0.00637	0.00811	0.00765	0.00907	0.00581	0.00568	0.01124	0.01649	0.02331	0.73466	0.04366	0.07232	0.01216	0.00703	0.00193	0.00296	0.01055	0.00647	0.00575
85	0.01136	0.00586	0.00587	0.00584	0.00723	0.00576	0.00433	0.01381	0.01242	0.02190	0.01926	0.02218	0.01525	0.00711	0.00431	0.00146	0.00292	0.00555	0.82189	0.00570
86	0.83099	0.01153	0.00891	0.00801	0.01158	0.01318	0.00650	0.01726	0.01018	0.02620	0.00868	0.01028	0.00687	0.00577	0.00385	0.00190	0.00466	0.00334	0.00377	0.00655
87	0.00882	0.00637	0.00816	0.00768	0.00909	0.00583	0.00571	0.01131	0.01657	0.02350	0.75274	0.04334	0.05412	0.01208	0.00702	0.00192	0.00296	0.01050	0.00650	0.00576
88	0.00904	0.00607	0.00677	0.00674	0.00681	0.00597	0.00380	0.00886	0.00878	0.01178	0.01863	0.03811	0.02131	0.79073	0.02915	0.00563	0.00577	0.00850	0.00370	0.00385
89	0.00771	0.00551	0.00716	0.00844	0.00884	0.00508	0.00562	0.00851	0.01139	0.01526	0.03198	0.78761	0.03816	0.01824	0.00757	0.00244	0.00357	0.01636	0.00552	0.00502
90	0.00882	0.00637	0.00816	0.00768	0.00909	0.00583	0.00571	0.01131	0.01657	0.02350	0.75274	0.04334	0.05412	0.01208	0.00702	0.00192	0.00296	0.01050	0.00650	0.00576
91	0.01594	0.79421	0.03024	0.01025	0.01516	0.02287	0.01005	0.01757	0.01205	0.01412	0.00867	0.01016	0.00801	0.00536	0.00398	0.00135	0.00634	0.00330	0.00269	0.00769
92	0.02232	0.01643	0.01757	0.01358	0.01818	0.01803	0.01113	0.73669	0.02716	0.03647	0.01438	0.01467	0.01037	0.00731	0.00601	0.00184	0.00651	0.00537	0.00593	0.01005
93	0.01417	0.01585	0.03398	0.02441	0.03020	0.01480	0.73475	0.01875	0.01391	0.01894	0.01225	0.01635	0.00933	0.00529	0.00703	0.00205	0.00983	0.00695	0.00313	0.00806
94	0.00904	0.00607	0.00677	0.00674	0.00681	0.00597	0.00380	0.00886	0.00878	0.01178	0.01863	0.03811	0.02131	0.79073	0.02915	0.00563	0.00577	0.00850	0.00370	0.00385
95	0.00993	0.00710	0.00971	0.01099	0.01236	0.00700	0.00949	0.01235	0.01358	0.01774	0.03075	0.06490	0.03330	0.01615	0.00817	0.00275	0.00550	0.71712	0.00548	0.00563
96	0.00882	0.00637	0.00816	0.00768	0.00909	0.00583	0.00571	0.01131	0.01657	0.02350	0.75274	0.04334	0.05412	0.01208	0.00702	0.00192	0.00296	0.01050	0.00650	0.00576
97	0.01216	0.02985	0.76150	0.01669	0.02512	0.01363	0.02128	0.01855	0.01250	0.01873	0.01095	0.01303	0.00791	0.00589	0.00573	0.00194	0.00865	0.00445	0.00266	0.00879
98	0.02185	0.01620	0.01731	0.01349	0.01800	0.01781	0.01101	0.69208	0.07253	0.03571	0.01498	0.01514	0.01085	0.00737	0.00602	0.00186	0.00640	0.00545	0.00594	0.01000
99	0.00904	0.00607	0.00677	0.00674	0.00681	0.00597	0.00380	0.00886	0.00878	0.01178	0.01863	0.03811	0.02131	0.79073	0.02915	0.00563	0.00577	0.00850	0.00370	0.00385
100	0.01482	0.01403	0.02356	0.03529	0.75556	0.01393	0.01774	0.01799	0.01344	0.01930	0.01144	0.01509	0.00971	0.00556	0.00595	0.00183	0.00701	0.00531	0.00307	0.00939
101	0.01014	0.00694	0.00776	0.00787	0.00811	0.00661	0.00466	0.00977	0.00998	0.01351	0.02159	0.14523	0.02462	0.66685	0.02616	0.00533	0.00587	0.00994	0.00437	0.00471
102	0.00978	0.00853	0.01126	0.00995	0.01241	0.00737	0.10851	0.01110	0.01407	0.01757	0.04961	0.11553	0.57148	0.01444	0.00758	0.00231	0.00459	0.01209	0.00556	0.00625
103	0.02182	0.01635	0.01830	0.12224	0.02199	0.01785	0.01228	0.62127	0.02546	0.03422	0.01504	0.01655	0.01121	0.00794	0.00653	0.00209	0.00709	0.00574	0.00586	0.01014
104	0.69967	0.01151	0.00956	0.00893	0.01211	0.01266	0.00692	0.01682	0.01116	0.02560	0.01324	0.12188	0.01250	0.00836	0.00494	0.00220	0.00494	0.00560	0.00443	0.00697
105	0.01232	0.00793	0.00902	0.00830	0.01062	0.00679	0.00621	0.01367	0.01560	0.14407	0.24226	0.04715	0.42484	0.01351	0.00736	0.00221	0.00388	0.01095	0.00646	0.00683
106	0.01068	0.00795	0.00972	0.01055	0.01175	0.00776	0.00783	0.01372	0.11651	0.01845	0.03128	0.45623	0.03450	0.01679	0.00802	0.00269	0.00475	0.21837	0.00596	0.00648
107	0.02461	0.01072	0.01405	0.01138	0.01539	0.00956	0.00907	0.04317	0.01667	0.62350	0.02289	0.02218	0.01572	0.01331	0.11425	0.00316	0.00701	0.00638	0.00702	0.00997
108	0.02505	0.01046	0.01342	0.01077	0.01482	0.00908	0.00857	0.02674	0.01681	0.64183	0.02356	0.02216	0.01587	0.00825	0.00631	0.00206	0.00521	0.00628	0.12273	0.01001
109	0.00965	0.00990	0.11469	0.01047	0.01211	0.00707	0.00840	0.01089	0.01232	0.01691	0.02982	0.66452	0.03448	0.01707	0.00780	0.00258	0.00474	0.01484	0.00550	0.00622
110	0.02389	0.01629	0.01776	0.01392	0.01853	0.01725	0.01124	0.62312	0.02615	0.13941	0.01678	0.01714	0.01213	0.00813	0.00653	0.00208	0.00670	0.00584	0.00649	0.01062
111	0.14087	0.01126	0.01385	0.01107	0.01543	0.01013	0.00888	0.02723	0.01649	0.64244	0.02207	0.02047	0.01469	0.00806	0.00625	0.00212	0.00546	0.00597	0.00712	0.01013
112	0.01295	0.00934	0.01171	0.01216	0.01408	0.00930	0.01021	0.11560	0.01623	0.02151	0.02928	0.05847	0.03075	0.01552	0.00834	0.00283	0.00605	0.60284	0.00592	0.00691
113	0.01185	0.00782	0.00887	0.00822	0.01046	0.00671	0.00613	0.01322	0.01558	0.12451	0.25910	0.04781	0.42842	0.01364	0.00739	0.00221	0.00383	0.01108	0.00644	0.00672
114	0.02309	0.01569	0.01721	0.01369	0.01807	0.01654	0.01102	0.57993	0.02528	0.13822	0.01779	0.04233	0.01364	0.00872	0.00664	0.00212	0.00658	0.02663	0.00646	0.01033
115	0.01109	0.00801	0.00957	0.01003	0.01113	0.00770	0.00696	0.11238	0.01440	0.01942	0.03031	0.66475	0.03482	0.01727	0.00784	0.00257	0.00443	0.01497	0.00596	0.00640
116	0.01328	0.02693	0.64072	0.01585	0.02324	0.01313	0.01913	0.01864	0.01325	0.02028	0.01335	0.01602	0.01014	0.00689	0.00605	0.00209	0.00819	0.00501	0.11886	0.00894
117	0.00956	0.00787	0.00817	0.00760	0.01009	0.00645	0.00562	0.01063	0.01409	0.01785	0.06671	0.05009	0.61955	0.01400	0.00718	0.00212	0.00379	0.01121	0.00565	0.12176
118	0.01362	0.01150	0.01390	0.11836	0.01852	0.00946	0.00888	0.01574	0.01299	0.01977	0.01209	0.01499	0.01017	0.00576	0.00530	0.00137	0.00538	0.00428	0.00392	0.69399
119	0.01513	0.01586	0.03132	0.02276	0.02847	0.01443	0.61805	0.01897	0.01441	0.02007	0.01325	0.01748	0.01046	0.00604	0.00717	0.00212	0.00939	0.00684	0.00363	0.12414
120	0.01060	0.00789	0.00940	0.00853	0.01061	0.00685	0.00631	0.01256	0.01618	0.02311	0.53909	0.04059	0.11628	0.01184	0.00708	0.00201	0.00365	0.00981	0.03547	0.12216
121	0.02097	0.02495	0.01604	0.01492	0.01760	0.64586	0.01095	0.02182	0.01653	0.01592	0.01397	0.12273	0.01348	0.00884	0.00628	0.00195	0.00982	0.00609	0.00394	0.00733
122	0.00966	0.00787	0.00830	0.00770	0.01015	0.00649	0.00569	0.01082	0.01433	0.01840	0.11858	0.04918	0.56733	0.01379	0.00718	0.00211	0.00378	0.01109	0.00573	0.12180
123	0.01350	0.00846	0.01116	0.01174	0.01364	0.00800	0.00986	0.01548	0.01476	0.12370	0.03051	0.05927	0.03137	0.01555	0.00834	0.00284	0.00585	0.60292	0.00611	0.00691
124	0.01582	0.01358	0.01484	0.01334	0.01621	0.01561	0.01030	0.02889	0.62750	0.02404	0.02260	0.02248	0.01761	0.00928	0.00843	0.00236	0.11476	0.00683	0.00593	0.00957
125	0.01517	0.01369	0.02180	0.03158	0.63594	0.01341	0.01609	0.01748	0.01352	0.01932	0.01368	0.02000	0.01250	0.11734	0.00975	0.00259	0.00721	0.00615	0.00359	0.00919
126	0.01142	0.00852	0.01171	0.12007	0.01711	0.00860	0.01091	0.01363	0.01407	0.01851	0.02878	0.05869	0.03045	0.01536	0.00834	0.00286	0.00624	0.60283	0.00548	0.00644
127	0.01593	0.66809	0.02746	0.01081	0.01511	0.02079	0.00990	0.01708	0.01272	0.01547	0.01323	0.12178	0.01345	0.00801	0.00505	0.00174	0.00634	0.00557	0.00352	0.00792
128	0.00971	0.00719	0.00883	0.00937	0.01055	0.00628	0.00639	0.01037	0.01229	0.01699	0.02981	0.66449	0.03465	0.01691	0.00763	0.00245	0.00415	0.01473	0.00563	0.12159
129	0.01078	0.00807	0.01043	0.11873	0.01506	0.00772	0.00819	0.01130	0.01296	0.01750	0.03056	0.65233	0.03508	0.01765	0.00829	0.00280	0.00504	0.01512	0.00586	0.00654
130	0.05188	0.01699	0.01780	0.01415	0.01880	0.03674	0.01121	0.54668	0.02481	0.05277	0.01601	0.01752	0.01231	0.00840	0.00671	0.00215	0.00698	0.00577	0.00620	0.12613
131	0.13210	0.01471	0.02109	0.02836	0.51961	0.01416	0.01527	0.01895	0.01424	0.02236	0.01332	0.01728	0.01145	0.00706	0.00646	0.00215	0.00705	0.00555	0.00407	0.12477
132	0.01659	0.01439	0.02223	0.03175	0.62321	0.01394	0.01646	0.01890	0.01472	0.02176	0.01489	0.01929	0.01271	0.00737	0.00672	0.00221	0.00716	0.00609	0.11960	0.00998
133	0.02633	0.01267	0.01814	0.01414	0.01885	0.01101	0.11226	0.02798	0.01764	0.62885	0.02348	0.02277	0.01601	0.00872	0.00718	0.00235	0.00657	0.00683	0.00735	0.01086
134	0.01709	0.01536	0.02330	0.03263	0.62436	0.01519	0.01717	0.02129	0.11828	0.02212	0.01554	0.01929	0.01310	0.00753	0.00697	0.00229	0.00742	0.00625	0.00431	0.01050
135	0.13272	0.01509	0.02240	0.03140	0.60418	0.01486	0.01653	0.01966	0.01449	0.04201	0.01371	0.01774	0.01166	0.00724	0.00666	0.00227	0.00736	0.00580	0.00410	0.01012
136	0.01458	0.02804	0.62867	0.01693	0.02481	0.01402	0.01976	0.01951	0.01393	0.02092	0.01330	0.01627	0.01037	0.00731	0.00657	0.00223	0.00873	0.00512	0.00363	0.12530
137	0.01277	0.00870	0.00932	0.00880	0.01127	0.00732	0.00653	0.01348	0.01534	0.12344	0.05279	0.05253	0.59806	0.01510	0.00789	0.00248	0.00439	0.03609	0.00650	0.00718
138	0.01506	0.13877	0.63120	0.01711	0.02497	0.01611	0.02018	0.01989	0.01390	0.02019	0.01300	0.01590	0.01022	0.00740	0.00649	0.00228	0.00899	0.00507	0.00350	0.00977
139	0.01600	0.01427	0.02229	0.04786	0.60826	0.01383	0.01661	0.01809	0.01454	0.02073	0.01668	0.12748	0.01592	0.00896	0.00718	0.00235	0.00727	0.00762	0.00423	0.00983
140	0.00946	0.00662	0.00816	0.00811	0.00859	0.00682	0.00533	0.00988	0.00940	0.01301	0.01806	0.03324	0.01935	0.51736	0.29401	0.00698	0.00939	0.00784	0.00371	0.00469
141	0.00887	0.00659	0.00823	0.00883	0.00993	0.00579	0.00604	0.00976	0.01180	0.01625	0.02929	0.67313	0.03427	0.01654	0.00732	0.00231	0.00386	0.01462	0.00539	0.12117
142	0.01636	0.78885	0.03042	0.01055	0.01547	0.02303	0.01023	0.01786	0.01233	0.01456	0.00913	0.01080	0.00844	0.00566	0.00419	0.00144	0.00648	0.00346	0.00285	0.00791
143	0.01437	0.01177	0.01337	0.00991	0.01495	0.00971	0.00784	0.11719	0.01467	0.02208	0.01180	0.01370	0.00973	0.00539	0.00495	0.00119	0.00492	0.00403	0.00410	0.70433

[dist]
# distance from previous block
# <min> <max>
4	92

# created by:
# /software/SequenceAnalysis/GenePrediction/augustus/3.0.1/scripts/msa2prfl.pl ./fixed/BUSCOvEOG7GQRKG.fas
