[name]
unknown

[dist]
# distance from previous block
# <min> <max>
0	243

[block]
# block no. 0 follows, 41 sequences, length 63
# corresponding to MSA columns:
# 296-358
name=unknown_A
#
# <colnr> <probs for GDERKNQSTAVLIFYWHMCP>
#	G	D	E	R	K	N	Q	S	T	A	V	L	I	F	Y	W	H	M	C	P
0	0.00697	0.00498	0.00664	0.00796	0.00830	0.00465	0.00531	0.00796	0.01095	0.01460	0.03153	0.79525	0.03783	0.01792	0.00730	0.00232	0.00332	0.01626	0.00531	0.00465
1	0.00824	0.00554	0.00639	0.00646	0.00652	0.00556	0.00372	0.00838	0.00850	0.01137	0.01864	0.07797	0.02145	0.72449	0.05960	0.00552	0.00584	0.00866	0.00355	0.00360
2	0.00810	0.00585	0.00765	0.00720	0.00855	0.00540	0.00540	0.01079	0.01619	0.02294	0.76028	0.04273	0.05397	0.01169	0.00675	0.00180	0.00270	0.01034	0.00630	0.00540
3	0.01186	0.01017	0.01186	0.00847	0.01356	0.00762	0.00678	0.01440	0.01186	0.01864	0.01017	0.01186	0.00847	0.00424	0.00424	0.00085	0.00424	0.00339	0.00339	0.83395
4	0.01404	0.01517	0.12508	0.16053	0.35845	0.01328	0.06504	0.06545	0.02831	0.05084	0.01156	0.01440	0.00893	0.00545	0.00567	0.00174	0.00710	0.00508	0.00318	0.04068
5	0.03129	0.00996	0.01173	0.00855	0.01338	0.00772	0.00685	0.01550	0.01240	0.08576	0.04302	0.01379	0.01086	0.00483	0.00446	0.00099	0.00423	0.00389	0.00384	0.70694
6	0.00810	0.00585	0.00765	0.00720	0.00855	0.00540	0.00540	0.01079	0.01619	0.02294	0.76028	0.04273	0.05397	0.01169	0.00675	0.00180	0.00270	0.01034	0.00630	0.00540
7	0.00697	0.00498	0.00664	0.00796	0.00830	0.00465	0.00531	0.00796	0.01095	0.01460	0.03153	0.79525	0.03783	0.01792	0.00730	0.00232	0.00332	0.01626	0.00531	0.00465
8	0.01159	0.01115	0.01943	0.59800	0.16556	0.01299	0.06943	0.01540	0.01187	0.01560	0.01037	0.01507	0.00795	0.00554	0.00578	0.00187	0.00763	0.00521	0.00262	0.00693
9	0.02566	0.00973	0.01327	0.01018	0.01460	0.00841	0.00841	0.02788	0.01637	0.76726	0.02257	0.01947	0.01416	0.00708	0.00575	0.00177	0.00487	0.00575	0.00708	0.00973
10	0.00697	0.00498	0.00664	0.00796	0.00830	0.00465	0.00531	0.00796	0.01095	0.01460	0.03153	0.79525	0.03783	0.01792	0.00730	0.00232	0.00332	0.01626	0.00531	0.00465
11	0.02162	0.01550	0.01695	0.03667	0.01823	0.01708	0.01089	0.68294	0.02585	0.07512	0.01410	0.01409	0.00990	0.00684	0.00572	0.00173	0.00626	0.00518	0.00570	0.00962
12	0.01192	0.00928	0.04113	0.00881	0.01038	0.00918	0.00658	0.17187	0.01322	0.03321	0.05662	0.02938	0.01862	0.46688	0.05252	0.00429	0.03927	0.00727	0.00409	0.00547
13	0.00704	0.00503	0.00672	0.00805	0.00841	0.00471	0.00543	0.00809	0.01102	0.01468	0.03149	0.77201	0.03767	0.01785	0.00732	0.00233	0.00338	0.03880	0.00531	0.00467
14	0.83938	0.01106	0.00841	0.00752	0.01106	0.01283	0.00619	0.01681	0.00973	0.02566	0.00796	0.00929	0.00619	0.00531	0.00354	0.00177	0.00442	0.00310	0.00354	0.00619
15	0.00832	0.00555	0.00624	0.00624	0.00624	0.00555	0.00347	0.00832	0.00832	0.01109	0.01802	0.03743	0.02080	0.79898	0.02911	0.00555	0.00555	0.00832	0.00347	0.00347
16	0.05346	0.01557	0.03787	0.01273	0.01732	0.01652	0.01072	0.61200	0.04762	0.09675	0.01446	0.01424	0.01014	0.00681	0.00563	0.00173	0.00611	0.00514	0.00566	0.00953
17	0.02445	0.01047	0.01351	0.01041	0.01473	0.00965	0.00858	0.13263	0.01773	0.62808	0.02110	0.01870	0.01353	0.00703	0.00567	0.00174	0.00498	0.00565	0.04180	0.00955
18	0.01186	0.01017	0.01186	0.00847	0.01356	0.00762	0.00678	0.01440	0.01186	0.01864	0.01017	0.01186	0.00847	0.00424	0.00424	0.00085	0.00424	0.00339	0.00339	0.83395
19	0.01449	0.01242	0.01308	0.01169	0.01497	0.01435	0.00912	0.05494	0.72800	0.02434	0.02295	0.02108	0.01719	0.00773	0.00582	0.00193	0.00459	0.00642	0.00582	0.00908
20	0.01261	0.01014	0.01194	0.00856	0.01361	0.00767	0.00687	0.01513	0.01211	0.05932	0.01084	0.01227	0.00878	0.00439	0.00432	0.00090	0.00427	0.00352	0.00359	0.78916
21	0.00682	0.00580	0.00588	0.00586	0.00776	0.00485	0.00439	0.00833	0.01318	0.01579	0.08968	0.05449	0.72903	0.01436	0.00676	0.00193	0.00289	0.01199	0.00536	0.00485
22	0.01350	0.01543	0.03375	0.02411	0.02989	0.01446	0.74253	0.01832	0.01350	0.01832	0.01157	0.01543	0.00868	0.00482	0.00675	0.00193	0.00964	0.00675	0.00289	0.00771
23	0.02521	0.00963	0.01313	0.01010	0.01445	0.00833	0.00833	0.02743	0.01637	0.74807	0.04159	0.02007	0.01519	0.00720	0.00578	0.00177	0.00481	0.00587	0.00706	0.00962
24	0.00697	0.00498	0.00664	0.00796	0.00830	0.00465	0.00531	0.00796	0.01095	0.01460	0.03153	0.79525	0.03783	0.01792	0.00730	0.00232	0.00332	0.01626	0.00531	0.00465
25	0.01666	0.01102	0.01244	0.01078	0.01414	0.01192	0.00849	0.02802	0.49662	0.21288	0.06297	0.02203	0.01850	0.00776	0.00578	0.00187	0.00444	0.00645	0.03837	0.00888
26	0.00697	0.00498	0.00664	0.00796	0.00830	0.00465	0.00531	0.00796	0.01095	0.01460	0.03153	0.79525	0.03783	0.01792	0.00730	0.00232	0.00332	0.01626	0.00531	0.00465
27	0.01960	0.00973	0.01245	0.00946	0.01390	0.00813	0.00769	0.02235	0.03589	0.44723	0.06165	0.01829	0.01465	0.00640	0.00530	0.00146	0.00452	0.00524	0.00574	0.29031
28	0.01335	0.01105	0.01266	0.00918	0.01419	0.00915	0.00740	0.12465	0.01413	0.02127	0.01071	0.01214	0.00866	0.00463	0.00446	0.00098	0.00455	0.00365	0.00374	0.70944
29	0.02566	0.00973	0.01327	0.01018	0.01460	0.00841	0.00841	0.02788	0.01637	0.76726	0.02257	0.01947	0.01416	0.00708	0.00575	0.00177	0.00487	0.00575	0.00708	0.00973
30	0.00676	0.00579	0.00579	0.00579	0.00773	0.00483	0.00435	0.00821	0.01304	0.01545	0.05794	0.05505	0.76098	0.01449	0.00676	0.00193	0.00290	0.01207	0.00531	0.00483
31	0.01080	0.01017	0.01716	0.78523	0.03940	0.01271	0.01589	0.01461	0.01144	0.01461	0.01017	0.01525	0.00762	0.00572	0.00572	0.00191	0.00762	0.00508	0.00254	0.00635
32	0.01529	0.80242	0.02997	0.00979	0.01468	0.02263	0.00979	0.01713	0.01162	0.01346	0.00795	0.00918	0.00734	0.00489	0.00367	0.00122	0.00612	0.00306	0.00245	0.00734
33	0.01421	0.01396	0.02079	0.22765	0.48049	0.07848	0.01629	0.04738	0.01346	0.01795	0.01056	0.01410	0.00857	0.00540	0.00564	0.00173	0.00729	0.00497	0.00289	0.00818
34	0.00761	0.00544	0.00738	0.00870	0.00931	0.00520	0.00643	0.00908	0.01159	0.01532	0.03117	0.58596	0.03642	0.01731	0.00747	0.00241	0.00388	0.21920	0.00530	0.00482
35	0.01529	0.80242	0.02997	0.00979	0.01468	0.02263	0.00979	0.01713	0.01162	0.01346	0.00795	0.00918	0.00734	0.00489	0.00367	0.00122	0.00612	0.00306	0.00245	0.00734
36	0.00682	0.00580	0.00587	0.00585	0.00776	0.00485	0.00439	0.00832	0.01317	0.01576	0.08708	0.05454	0.73165	0.01437	0.00676	0.00193	0.00289	0.01200	0.00535	0.00485
37	0.00702	0.00501	0.00668	0.00793	0.00831	0.00468	0.00531	0.00808	0.01117	0.01495	0.06242	0.76334	0.03852	0.01766	0.00728	0.00230	0.00329	0.01601	0.00535	0.00468
38	0.83938	0.01106	0.00841	0.00752	0.01106	0.01283	0.00619	0.01681	0.00973	0.02566	0.00796	0.00929	0.00619	0.00531	0.00354	0.00177	0.00442	0.00310	0.00354	0.00619
39	0.02566	0.00973	0.01327	0.01018	0.01460	0.00841	0.00841	0.02788	0.01637	0.76726	0.02257	0.01947	0.01416	0.00708	0.00575	0.00177	0.00487	0.00575	0.00708	0.00973
40	0.02566	0.00973	0.01327	0.01018	0.01460	0.00841	0.00841	0.02788	0.01637	0.76726	0.02257	0.01947	0.01416	0.00708	0.00575	0.00177	0.00487	0.00575	0.00708	0.00973
41	0.01147	0.02959	0.76934	0.01630	0.02476	0.01328	0.02113	0.01811	0.01208	0.01811	0.01026	0.01208	0.00725	0.00543	0.00543	0.00181	0.00845	0.00423	0.00242	0.00845
42	0.01423	0.01229	0.01293	0.01164	0.01487	0.01423	0.00905	0.03039	0.75297	0.02393	0.02328	0.02134	0.01746	0.00776	0.00582	0.00194	0.00453	0.00647	0.00582	0.00905
43	0.83938	0.01106	0.00841	0.00752	0.01106	0.01283	0.00619	0.01681	0.00973	0.02566	0.00796	0.00929	0.00619	0.00531	0.00354	0.00177	0.00442	0.00310	0.00354	0.00619
44	0.02174	0.01602	0.01717	0.01316	0.01774	0.01774	0.01087	0.74423	0.02689	0.03605	0.01373	0.01373	0.00973	0.00687	0.00572	0.00172	0.00629	0.00515	0.00572	0.00973
45	0.83938	0.01106	0.00841	0.00752	0.01106	0.01283	0.00619	0.01681	0.00973	0.02566	0.00796	0.00929	0.00619	0.00531	0.00354	0.00177	0.00442	0.00310	0.00354	0.00619
46	0.01416	0.01359	0.02322	0.03511	0.76330	0.01359	0.01755	0.01755	0.01302	0.01869	0.01076	0.01416	0.00906	0.00510	0.00566	0.00170	0.00680	0.00510	0.00283	0.00906
47	0.01423	0.01229	0.01293	0.01164	0.01487	0.01423	0.00905	0.03039	0.75297	0.02393	0.02328	0.02134	0.01746	0.00776	0.00582	0.00194	0.00453	0.00647	0.00582	0.00905
48	0.00697	0.00498	0.00664	0.00796	0.00830	0.00465	0.00531	0.00796	0.01095	0.01460	0.03153	0.79525	0.03783	0.01792	0.00730	0.00232	0.00332	0.01626	0.00531	0.00465
49	0.02456	0.00995	0.01313	0.01013	0.01440	0.00892	0.00835	0.07942	0.01690	0.67331	0.02171	0.01915	0.01386	0.00704	0.00565	0.00174	0.00485	0.00569	0.05174	0.00949
50	0.00832	0.00555	0.00624	0.00624	0.00624	0.00555	0.00347	0.00832	0.00832	0.01109	0.01802	0.03743	0.02080	0.79898	0.02911	0.00555	0.00555	0.00832	0.00347	0.00347
51	0.18002	0.00999	0.01235	0.00967	0.01393	0.00925	0.00799	0.02578	0.01511	0.62659	0.01980	0.01754	0.01265	0.00674	0.00533	0.00177	0.00478	0.00525	0.00641	0.00906
52	0.00676	0.00579	0.00579	0.00579	0.00773	0.00483	0.00435	0.00821	0.01304	0.01545	0.05794	0.05505	0.76098	0.01449	0.00676	0.00193	0.00290	0.01207	0.00531	0.00483
53	0.01186	0.01017	0.01186	0.00847	0.01356	0.00762	0.00678	0.01440	0.01186	0.01864	0.01017	0.01186	0.00847	0.00424	0.00424	0.00085	0.00424	0.00339	0.00339	0.83395
54	0.00901	0.00648	0.00892	0.01001	0.01135	0.00639	0.00864	0.01160	0.01347	0.01765	0.10604	0.06192	0.06349	0.01533	0.00774	0.00252	0.00491	0.62389	0.00537	0.00526
55	0.00676	0.00579	0.00579	0.00579	0.00773	0.00483	0.00435	0.00821	0.01304	0.01545	0.05794	0.05505	0.76098	0.01449	0.00676	0.00193	0.00290	0.01207	0.00531	0.00483
56	0.01264	0.04859	0.01809	0.01478	0.01500	0.01775	0.01239	0.01392	0.00889	0.01375	0.00753	0.01236	0.00750	0.00978	0.01808	0.00244	0.75278	0.00492	0.00250	0.00631
57	0.02171	0.01139	0.01383	0.01110	0.01512	0.01138	0.00909	0.21252	0.11549	0.41768	0.02105	0.04295	0.01514	0.00790	0.00591	0.00184	0.00517	0.04506	0.00641	0.00925
58	0.00767	0.00583	0.00706	0.00675	0.00829	0.00522	0.00506	0.00998	0.01519	0.02057	0.53837	0.04662	0.27736	0.01258	0.00675	0.00184	0.00276	0.01089	0.00599	0.00522
59	0.00697	0.00498	0.00664	0.00796	0.00830	0.00465	0.00531	0.00796	0.01095	0.01460	0.03153	0.79525	0.03783	0.01792	0.00730	0.00232	0.00332	0.01626	0.00531	0.00465
60	0.01272	0.01834	0.21216	0.10293	0.02964	0.01399	0.48876	0.01788	0.01293	0.01788	0.01110	0.01459	0.00822	0.00507	0.00632	0.00190	0.00914	0.00596	0.00274	0.00775
61	0.00996	0.00498	0.00739	0.00739	0.00743	0.00498	0.00494	0.00762	0.00758	0.01026	0.01019	0.01750	0.01007	0.01949	0.02183	0.80968	0.00490	0.00498	0.02627	0.00257
62	0.01294	0.01394	0.02804	0.11315	0.11143	0.01415	0.47479	0.01703	0.01257	0.01728	0.01108	0.01528	0.00872	0.00704	0.03959	0.00226	0.08429	0.00617	0.00281	0.00746

[dist]
# distance from previous block
# <min> <max>
5	8

[block]
# block no. 1 follows, 41 sequences, length 6
# corresponding to MSA columns:
# 368-373
name=unknown_B
#
# <colnr> <probs for GDERKNQSTAVLIFYWHMCP>
#	G	D	E	R	K	N	Q	S	T	A	V	L	I	F	Y	W	H	M	C	P
0	0.01340	0.01169	0.04014	0.07478	0.12749	0.01104	0.02432	0.10396	0.05828	0.04981	0.02848	0.09505	0.02677	0.00722	0.00621	0.00160	0.04955	0.00605	0.00401	0.26016
1	0.31562	0.08185	0.10776	0.05341	0.01688	0.05125	0.01046	0.20179	0.01542	0.08049	0.01096	0.01188	0.00804	0.00587	0.00470	0.00171	0.00603	0.00409	0.00404	0.00776
2	0.07867	0.15318	0.10329	0.06283	0.01937	0.23007	0.05318	0.14767	0.03483	0.01967	0.01021	0.01183	0.00804	0.00594	0.00560	0.00164	0.03880	0.00424	0.00337	0.00756
3	0.01545	0.07521	0.01520	0.07370	0.09948	0.01244	0.00998	0.02350	0.30958	0.16369	0.08206	0.02113	0.03648	0.00735	0.00567	0.00178	0.00501	0.00618	0.00516	0.03095
4	0.28676	0.03832	0.08969	0.03312	0.01452	0.01225	0.00909	0.07870	0.05688	0.09918	0.01413	0.01636	0.04017	0.06842	0.00751	0.00205	0.05519	0.00484	0.00404	0.06880
5	0.01508	0.01186	0.09254	0.09755	0.08156	0.01014	0.08457	0.01915	0.06077	0.22773	0.08161	0.06540	0.01752	0.01058	0.06632	0.00246	0.00671	0.03602	0.00470	0.00773

[dist]
# distance from previous block
# <min> <max>
19	87

[block]
# block no. 2 follows, 41 sequences, length 8
# corresponding to MSA columns:
# 467-474
name=unknown_C
#
# <colnr> <probs for GDERKNQSTAVLIFYWHMCP>
#	G	D	E	R	K	N	Q	S	T	A	V	L	I	F	Y	W	H	M	C	P
0	0.01453	0.21424	0.07772	0.08647	0.18323	0.05187	0.04277	0.05051	0.02966	0.05829	0.01252	0.07313	0.01093	0.00633	0.00520	0.00160	0.00649	0.00532	0.00335	0.06584
1	0.01564	0.14159	0.08324	0.01675	0.04519	0.01511	0.27065	0.16882	0.01579	0.06210	0.01266	0.04678	0.01010	0.00595	0.00570	0.00169	0.00729	0.00569	0.00374	0.06550
2	0.10583	0.33960	0.15053	0.01181	0.01678	0.11327	0.01159	0.10769	0.06117	0.01908	0.01015	0.01116	0.00814	0.00558	0.00453	0.00152	0.00678	0.00381	0.00324	0.00772
3	0.05458	0.09120	0.40035	0.01511	0.06807	0.08201	0.01565	0.01949	0.05173	0.07579	0.01148	0.01270	0.00849	0.00557	0.00514	0.00166	0.00733	0.00425	0.00315	0.06625
4	0.03377	0.40446	0.18184	0.04423	0.01855	0.09794	0.04069	0.01763	0.01225	0.01548	0.00897	0.01065	0.00746	0.00510	0.00445	0.00141	0.00704	0.00363	0.00262	0.08183
5	0.16900	0.14386	0.19007	0.07258	0.09557	0.01482	0.07313	0.08350	0.01340	0.07790	0.01087	0.01253	0.00815	0.00552	0.00500	0.00170	0.00672	0.00439	0.00338	0.00791
6	0.01440	0.10467	0.25740	0.01501	0.04000	0.14719	0.06523	0.07588	0.01414	0.01840	0.09166	0.01528	0.01276	0.00672	0.00698	0.00176	0.09672	0.00504	0.00326	0.00750
7	0.05804	0.09737	0.35584	0.01406	0.05048	0.06715	0.01463	0.10090	0.01404	0.06042	0.01176	0.01334	0.00881	0.00729	0.03708	0.00198	0.00747	0.00440	0.06699	0.00796

[dist]
# distance from previous block
# <min> <max>
5	34

[block]
# block no. 3 follows, 41 sequences, length 34
# corresponding to MSA columns:
# 515-548
name=unknown_D
#
# <colnr> <probs for GDERKNQSTAVLIFYWHMCP>
#	G	D	E	R	K	N	Q	S	T	A	V	L	I	F	Y	W	H	M	C	P
0	0.12818	0.01172	0.08988	0.03117	0.01474	0.00999	0.00915	0.07077	0.06164	0.31939	0.10692	0.03717	0.01746	0.03025	0.00680	0.03028	0.00506	0.00605	0.00544	0.00793
1	0.08438	0.06084	0.05001	0.03851	0.04628	0.03370	0.01046	0.01428	0.01030	0.03734	0.01156	0.05980	0.01083	0.01519	0.16476	0.00344	0.27578	0.00544	0.00308	0.06402
2	0.01186	0.01115	0.03613	0.15806	0.11041	0.00959	0.03147	0.01493	0.01212	0.01800	0.03425	0.01387	0.00981	0.00491	0.00487	0.00124	0.00541	0.00426	0.00321	0.50446
3	0.01505	0.01390	0.06183	0.12907	0.34052	0.05765	0.01405	0.10982	0.01442	0.06610	0.01230	0.01593	0.00995	0.05233	0.00751	0.02975	0.00676	0.00520	0.02989	0.00797
4	0.01234	0.01210	0.01820	0.58031	0.03425	0.06949	0.07513	0.04643	0.01251	0.01591	0.01042	0.01486	0.00794	0.00592	0.00630	0.00188	0.04215	0.00512	0.02213	0.00660
5	0.01181	0.00996	0.01158	0.00834	0.01326	0.00753	0.00666	0.01436	0.01187	0.01875	0.01053	0.01226	0.00873	0.00434	0.00423	0.00087	0.00417	0.00347	0.03851	0.79877
6	0.00697	0.00498	0.00664	0.00796	0.00830	0.00465	0.00531	0.00796	0.01095	0.01460	0.03153	0.79525	0.03783	0.01792	0.00730	0.00232	0.00332	0.01626	0.00531	0.00465
7	0.00697	0.00498	0.00664	0.00796	0.00830	0.00465	0.00531	0.00796	0.01095	0.01460	0.03153	0.79525	0.03783	0.01792	0.00730	0.00232	0.00332	0.01626	0.00531	0.00465
8	0.83938	0.01106	0.00841	0.00752	0.01106	0.01283	0.00619	0.01681	0.00973	0.02566	0.00796	0.00929	0.00619	0.00531	0.00354	0.00177	0.00442	0.00310	0.00354	0.00619
9	0.00697	0.00498	0.00664	0.00796	0.00830	0.00465	0.00531	0.00796	0.01095	0.01460	0.03153	0.79525	0.03783	0.01792	0.00730	0.00232	0.00332	0.01626	0.00531	0.00465
10	0.00810	0.00585	0.00765	0.00720	0.00855	0.00540	0.00540	0.01079	0.01619	0.02294	0.76028	0.04273	0.05397	0.01169	0.00675	0.00180	0.00270	0.01034	0.00630	0.00540
11	0.00700	0.00505	0.00662	0.00781	0.00827	0.00468	0.00526	0.00808	0.01125	0.01494	0.05792	0.72652	0.08045	0.01751	0.00725	0.00228	0.00327	0.01582	0.00534	0.00468
12	0.01489	0.01214	0.01295	0.01156	0.01486	0.01389	0.00902	0.03025	0.71012	0.06717	0.02324	0.02123	0.01727	0.00772	0.00582	0.00193	0.00455	0.00643	0.00589	0.00909
13	0.01186	0.01017	0.01186	0.00847	0.01356	0.00762	0.00678	0.01440	0.01186	0.01864	0.01017	0.01186	0.00847	0.00424	0.00424	0.00085	0.00424	0.00339	0.00339	0.83395
14	0.01423	0.01229	0.01293	0.01164	0.01487	0.01423	0.00905	0.03039	0.75297	0.02393	0.02328	0.02134	0.01746	0.00776	0.00582	0.00194	0.00453	0.00647	0.00582	0.00905
15	0.01080	0.01017	0.01716	0.78523	0.03940	0.01271	0.01589	0.01461	0.01144	0.01461	0.01017	0.01525	0.00762	0.00572	0.00572	0.00191	0.00762	0.00508	0.00254	0.00635
16	0.01147	0.02959	0.76934	0.01630	0.02476	0.01328	0.02113	0.01811	0.01208	0.01811	0.01026	0.01208	0.00725	0.00543	0.00543	0.00181	0.00845	0.00423	0.00242	0.00845
17	0.00697	0.00498	0.00664	0.00796	0.00830	0.00465	0.00531	0.00796	0.01095	0.01460	0.03153	0.79525	0.03783	0.01792	0.00730	0.00232	0.00332	0.01626	0.00531	0.00465
18	0.02566	0.00973	0.01327	0.01018	0.01460	0.00841	0.00841	0.02788	0.01637	0.76726	0.02257	0.01947	0.01416	0.00708	0.00575	0.00177	0.00487	0.00575	0.00708	0.00973
19	0.00800	0.00580	0.00754	0.00719	0.00851	0.00534	0.00536	0.01058	0.01585	0.02232	0.70453	0.07809	0.07525	0.01207	0.00677	0.00183	0.00273	0.01067	0.00622	0.00534
20	0.01350	0.01543	0.03375	0.02411	0.02989	0.01446	0.74253	0.01832	0.01350	0.01832	0.01157	0.01543	0.00868	0.00482	0.00675	0.00193	0.00964	0.00675	0.00289	0.00771
21	0.00810	0.00585	0.00765	0.00720	0.00855	0.00540	0.00540	0.01079	0.01619	0.02294	0.76028	0.04273	0.05397	0.01169	0.00675	0.00180	0.00270	0.01034	0.00630	0.00540
22	0.01381	0.01324	0.02260	0.11186	0.68923	0.01350	0.01738	0.01725	0.01286	0.01827	0.01070	0.01427	0.00891	0.00516	0.00567	0.00172	0.00688	0.00510	0.00280	0.00878
23	0.01306	0.01481	0.05225	0.02044	0.02414	0.01557	0.44452	0.01661	0.01167	0.01661	0.01000	0.01422	0.00819	0.00679	0.01122	0.00214	0.30183	0.00601	0.00273	0.00719
24	0.01251	0.01251	0.01752	0.01502	0.01502	0.01752	0.01251	0.01377	0.00876	0.01377	0.00751	0.01251	0.00751	0.01001	0.01877	0.00250	0.78851	0.00501	0.00250	0.00626
25	0.00686	0.00580	0.00594	0.00590	0.00779	0.00487	0.00443	0.00841	0.01328	0.01602	0.11139	0.05411	0.70717	0.01427	0.00676	0.00192	0.00288	0.01194	0.00539	0.00487
26	0.01529	0.80242	0.02997	0.00979	0.01468	0.02263	0.00979	0.01713	0.01162	0.01346	0.00795	0.00918	0.00734	0.00489	0.00367	0.00122	0.00612	0.00306	0.00245	0.00734
27	0.02566	0.00973	0.01327	0.01018	0.01460	0.00841	0.00841	0.02788	0.01637	0.76726	0.02257	0.01947	0.01416	0.00708	0.00575	0.00177	0.00487	0.00575	0.00708	0.00973
28	0.00810	0.00585	0.00765	0.00720	0.00855	0.00540	0.00540	0.01079	0.01619	0.02294	0.76028	0.04273	0.05397	0.01169	0.00675	0.00180	0.00270	0.01034	0.00630	0.00540
29	0.02513	0.00985	0.01326	0.01025	0.01461	0.00868	0.00844	0.02799	0.05080	0.73252	0.02260	0.01956	0.01431	0.00711	0.00576	0.00178	0.00485	0.00579	0.00702	0.00970
30	0.01289	0.01252	0.02198	0.30436	0.43639	0.01335	0.08230	0.01656	0.01250	0.01719	0.01062	0.01467	0.00851	0.00530	0.00578	0.00179	0.00735	0.00524	0.00273	0.00796
31	0.00831	0.00559	0.00647	0.00647	0.00655	0.00567	0.00375	0.00847	0.00839	0.01126	0.01781	0.03627	0.02029	0.74036	0.08705	0.00583	0.00630	0.00815	0.00343	0.00359
32	0.01423	0.01229	0.01293	0.01164	0.01487	0.01423	0.00905	0.03039	0.75297	0.02393	0.02328	0.02134	0.01746	0.00776	0.00582	0.00194	0.00453	0.00647	0.00582	0.00905
33	0.66629	0.12430	0.01208	0.00823	0.01203	0.01456	0.00702	0.06626	0.01117	0.02463	0.00835	0.00958	0.00660	0.00536	0.00371	0.00169	0.00479	0.00323	0.00353	0.00660

[dist]
# distance from previous block
# <min> <max>
0	1

[block]
# block no. 4 follows, 41 sequences, length 49
# corresponding to MSA columns:
# 550-598
name=unknown_E
#
# <colnr> <probs for GDERKNQSTAVLIFYWHMCP>
#	G	D	E	R	K	N	Q	S	T	A	V	L	I	F	Y	W	H	M	C	P
0	0.03572	0.01405	0.02243	0.09422	0.61224	0.05391	0.04914	0.01761	0.01300	0.01827	0.01057	0.01397	0.00876	0.00518	0.00563	0.00172	0.00711	0.00504	0.00283	0.00858
1	0.01539	0.01250	0.01332	0.01171	0.01511	0.01427	0.00918	0.09203	0.65698	0.05846	0.02242	0.02060	0.01664	0.00765	0.00581	0.00191	0.00470	0.00632	0.00587	0.00914
2	0.02383	0.01005	0.01479	0.01125	0.01565	0.00880	0.07178	0.02629	0.01611	0.66925	0.05454	0.02016	0.01546	0.00709	0.00588	0.00178	0.00518	0.00604	0.00668	0.00937
3	0.00767	0.00676	0.00667	0.00687	0.00861	0.04063	0.00519	0.00917	0.01295	0.01543	0.05020	0.14007	0.57886	0.01460	0.00685	0.00202	0.00349	0.07383	0.00520	0.00493
4	0.00721	0.00521	0.00682	0.00770	0.00833	0.00482	0.00529	0.00860	0.01220	0.01647	0.19273	0.59667	0.07395	0.01640	0.00715	0.00219	0.00316	0.01477	0.00553	0.00482
5	0.00798	0.00584	0.00749	0.00707	0.00847	0.00535	0.00531	0.01057	0.01592	0.02229	0.69953	0.04379	0.11513	0.01194	0.00675	0.00181	0.00272	0.01049	0.00621	0.00535
6	0.76747	0.01061	0.00834	0.00749	0.01084	0.01219	0.00613	0.01629	0.01029	0.02543	0.07304	0.01218	0.01033	0.00586	0.00382	0.00177	0.00428	0.00372	0.00378	0.00613
7	0.76800	0.01117	0.00880	0.00788	0.01139	0.01295	0.00644	0.01799	0.07403	0.02551	0.00929	0.01033	0.00717	0.00552	0.00374	0.00178	0.00443	0.00339	0.00374	0.00644
8	0.00902	0.00644	0.00899	0.01031	0.01154	0.00642	0.00888	0.01151	0.01298	0.01690	0.03039	0.12773	0.03334	0.01598	0.00785	0.00261	0.00510	0.66351	0.00527	0.00521
9	0.02310	0.01385	0.01582	0.01213	0.01666	0.01452	0.01002	0.49705	0.02326	0.28835	0.01678	0.01571	0.01126	0.00694	0.00573	0.00173	0.00580	0.00536	0.00619	0.00973
10	0.01466	0.01367	0.08157	0.01341	0.01789	0.01251	0.12632	0.04657	0.34351	0.09113	0.01809	0.01895	0.01368	0.00668	0.00574	0.00175	0.00574	0.02638	0.00478	0.13696
11	0.01348	0.01580	0.06016	0.02477	0.09315	0.01435	0.65302	0.01825	0.01341	0.01835	0.01145	0.01519	0.00866	0.00487	0.00661	0.00190	0.00935	0.00651	0.00287	0.00786
12	0.01416	0.01359	0.02322	0.03511	0.76330	0.01359	0.01755	0.01755	0.01302	0.01869	0.01076	0.01416	0.00906	0.00510	0.00566	0.00170	0.00680	0.00510	0.00283	0.00906
13	0.01350	0.01543	0.03375	0.02411	0.02989	0.01446	0.74253	0.01832	0.01350	0.01832	0.01157	0.01543	0.00868	0.00482	0.00675	0.00193	0.00964	0.00675	0.00289	0.00771
14	0.01338	0.01572	0.08213	0.10933	0.02939	0.01447	0.54289	0.05038	0.01355	0.01848	0.01123	0.01496	0.00845	0.00529	0.00704	0.00193	0.04457	0.00623	0.00293	0.00764
15	0.01080	0.01017	0.01716	0.78523	0.03940	0.01271	0.01589	0.01461	0.01144	0.01461	0.01017	0.01525	0.00762	0.00572	0.00572	0.00191	0.00762	0.00508	0.00254	0.00635
16	0.00887	0.00639	0.00874	0.00973	0.01105	0.00626	0.00829	0.01141	0.01356	0.01786	0.14352	0.08182	0.06996	0.01517	0.00765	0.00246	0.00471	0.56186	0.00543	0.00525
17	0.00697	0.00498	0.00664	0.00796	0.00830	0.00465	0.00531	0.00796	0.01095	0.01460	0.03153	0.79525	0.03783	0.01792	0.00730	0.00232	0.00332	0.01626	0.00531	0.00465
18	0.01824	0.04322	0.01784	0.04718	0.17902	0.41439	0.01247	0.08316	0.04149	0.01741	0.01115	0.01450	0.00946	0.00639	0.00580	0.00165	0.02882	0.03705	0.00333	0.00745
19	0.01089	0.01029	0.01717	0.74526	0.03813	0.01296	0.01571	0.01457	0.01130	0.01457	0.01003	0.01511	0.00762	0.00594	0.00640	0.00194	0.04815	0.00508	0.00254	0.00635
20	0.01201	0.01217	0.02274	0.36374	0.08086	0.01346	0.26260	0.01582	0.01194	0.01616	0.01079	0.01536	0.00844	0.00709	0.03440	0.00220	0.07902	0.00569	0.01860	0.00693
21	0.01186	0.01017	0.01186	0.00847	0.01356	0.00762	0.00678	0.01440	0.01186	0.01864	0.01017	0.01186	0.00847	0.00424	0.00424	0.00085	0.00424	0.00339	0.00339	0.83395
22	0.01147	0.02959	0.76934	0.01630	0.02476	0.01328	0.02113	0.01811	0.01208	0.01811	0.01026	0.01208	0.00725	0.00543	0.00543	0.00181	0.00845	0.00423	0.00242	0.00845
23	0.00676	0.00579	0.00579	0.00579	0.00773	0.00483	0.00435	0.00821	0.01304	0.01545	0.05794	0.05505	0.76098	0.01449	0.00676	0.00193	0.00290	0.01207	0.00531	0.00483
24	0.00793	0.00584	0.00742	0.00702	0.00845	0.00533	0.00527	0.01048	0.01581	0.02202	0.67447	0.04423	0.14036	0.01203	0.00675	0.00182	0.00272	0.01056	0.00618	0.00533
25	0.00715	0.00581	0.00634	0.00621	0.00797	0.00500	0.00466	0.00897	0.01397	0.01766	0.26493	0.05142	0.55262	0.01366	0.00676	0.00189	0.00284	0.01156	0.00560	0.00500
26	0.02566	0.00973	0.01327	0.01018	0.01460	0.00841	0.00841	0.02788	0.01637	0.76726	0.02257	0.01947	0.01416	0.00708	0.00575	0.00177	0.00487	0.00575	0.00708	0.00973
27	0.01423	0.01229	0.01293	0.01164	0.01487	0.01423	0.00905	0.03039	0.75297	0.02393	0.02328	0.02134	0.01746	0.00776	0.00582	0.00194	0.00453	0.00647	0.00582	0.00905
28	0.01186	0.01017	0.01186	0.00847	0.01356	0.00762	0.00678	0.01440	0.01186	0.01864	0.01017	0.01186	0.00847	0.00424	0.00424	0.00085	0.00424	0.00339	0.00339	0.83395
29	0.83938	0.01106	0.00841	0.00752	0.01106	0.01283	0.00619	0.01681	0.00973	0.02566	0.00796	0.00929	0.00619	0.00531	0.00354	0.00177	0.00442	0.00310	0.00354	0.00619
30	0.01080	0.01017	0.01716	0.78523	0.03940	0.01271	0.01589	0.01461	0.01144	0.01461	0.01017	0.01525	0.00762	0.00572	0.00572	0.00191	0.00762	0.00508	0.00254	0.00635
31	0.00697	0.00498	0.00664	0.00796	0.00830	0.00465	0.00531	0.00796	0.01095	0.01460	0.03153	0.79525	0.03783	0.01792	0.00730	0.00232	0.00332	0.01626	0.00531	0.00465
32	0.00994	0.00497	0.00745	0.00745	0.00745	0.00497	0.00497	0.00745	0.00745	0.00994	0.00994	0.01739	0.00994	0.01987	0.02235	0.83358	0.00497	0.00497	0.00248	0.00248
33	0.01191	0.11760	0.68514	0.01556	0.02361	0.01435	0.01984	0.01800	0.01202	0.01758	0.01000	0.01175	0.00726	0.00537	0.00523	0.00174	0.00819	0.00409	0.00242	0.00833
34	0.00707	0.00505	0.00675	0.00808	0.00846	0.00473	0.00549	0.00814	0.01105	0.01472	0.03147	0.76205	0.03761	0.01782	0.00733	0.00234	0.00341	0.04846	0.00531	0.00467
35	0.00714	0.00581	0.00633	0.00620	0.00796	0.00499	0.00465	0.00895	0.01394	0.01760	0.25995	0.05150	0.55763	0.01368	0.00676	0.00189	0.00284	0.01157	0.00559	0.00499
36	0.01402	0.01395	0.02306	0.12280	0.58247	0.04759	0.07752	0.01750	0.01302	0.01796	0.01067	0.01422	0.00878	0.00518	0.00574	0.00173	0.00729	0.00517	0.00281	0.00852
37	0.01188	0.02902	0.74761	0.01613	0.02446	0.01314	0.02077	0.01839	0.01220	0.03965	0.01062	0.01229	0.00744	0.00548	0.00544	0.00181	0.00835	0.00427	0.00255	0.00849
38	0.08763	0.01291	0.02134	0.14522	0.56125	0.01342	0.04156	0.01707	0.01251	0.01869	0.01045	0.01393	0.00857	0.00520	0.00552	0.00174	0.00681	0.00497	0.00285	0.00835
39	0.01256	0.01265	0.01827	0.01544	0.01571	0.01738	0.04628	0.01398	0.00898	0.01398	0.00770	0.01265	0.00756	0.00977	0.01822	0.00248	0.75248	0.00509	0.00252	0.00632
40	0.01153	0.00974	0.01228	0.00934	0.01360	0.00814	0.03266	0.04101	0.01193	0.01818	0.01140	0.01423	0.00972	0.01227	0.16251	0.00263	0.00677	0.00413	0.00339	0.60452
41	0.01251	0.01251	0.01752	0.01502	0.01502	0.01752	0.01251	0.01377	0.00876	0.01377	0.00751	0.01251	0.00751	0.01001	0.01877	0.00250	0.78851	0.00501	0.00250	0.00626
42	0.00697	0.00498	0.00664	0.00796	0.00830	0.00465	0.00531	0.00796	0.01095	0.01460	0.03153	0.79525	0.03783	0.01792	0.00730	0.00232	0.00332	0.01626	0.00531	0.00465
43	0.01650	0.01290	0.01628	0.19322	0.02186	0.01436	0.04441	0.42383	0.02031	0.02709	0.03903	0.11420	0.01417	0.00806	0.00600	0.00185	0.00626	0.00678	0.00482	0.00806
44	0.02040	0.08802	0.01724	0.01413	0.01727	0.63124	0.01088	0.05591	0.04938	0.01542	0.00962	0.01092	0.00793	0.00602	0.00536	0.00151	0.02481	0.00385	0.00316	0.00693
45	0.00697	0.00498	0.00664	0.00796	0.00830	0.00465	0.00531	0.00796	0.01095	0.01460	0.03153	0.79525	0.03783	0.01792	0.00730	0.00232	0.00332	0.01626	0.00531	0.00465
46	0.01130	0.01073	0.01831	0.67121	0.13286	0.01286	0.03229	0.01508	0.01169	0.01522	0.01027	0.01511	0.00783	0.00562	0.00573	0.00188	0.00756	0.00512	0.00259	0.00673
47	0.01340	0.01497	0.03145	0.04202	0.07531	0.01460	0.62382	0.01784	0.01306	0.01791	0.01118	0.01512	0.00859	0.00526	0.00758	0.00196	0.06895	0.00647	0.00285	0.00766
48	0.00697	0.00498	0.00664	0.00796	0.00830	0.00465	0.00531	0.00796	0.01095	0.01460	0.03153	0.79525	0.03783	0.01792	0.00730	0.00232	0.00332	0.01626	0.00531	0.00465

[dist]
# distance from previous block
# <min> <max>
2	7

[block]
# block no. 5 follows, 41 sequences, length 51
# corresponding to MSA columns:
# 606-656
name=unknown_F
#
# <colnr> <probs for GDERKNQSTAVLIFYWHMCP>
#	G	D	E	R	K	N	Q	S	T	A	V	L	I	F	Y	W	H	M	C	P
0	0.19303	0.02552	0.60247	0.01438	0.02175	0.01318	0.01786	0.01783	0.01156	0.01977	0.00976	0.01147	0.00702	0.00541	0.00502	0.00180	0.00757	0.00398	0.00266	0.00796
1	0.20411	0.01003	0.01221	0.00959	0.01383	0.00938	0.00792	0.02545	0.01492	0.60463	0.01936	0.01724	0.01241	0.00669	0.00527	0.00177	0.00477	0.00517	0.00630	0.00896
2	0.01506	0.62915	0.02624	0.01019	0.01472	0.02079	0.00963	0.02004	0.17420	0.01575	0.01131	0.01184	0.00956	0.00552	0.00414	0.00138	0.00577	0.00381	0.00319	0.00772
3	0.01320	0.01145	0.01716	0.61592	0.03465	0.01381	0.01479	0.17462	0.01483	0.01931	0.01095	0.01492	0.00809	0.00597	0.00572	0.00186	0.00733	0.00510	0.00324	0.00709
4	0.00872	0.00623	0.00865	0.00997	0.01107	0.00616	0.00836	0.01100	0.01268	0.01657	0.03056	0.22477	0.03400	0.01627	0.00777	0.00257	0.00484	0.56942	0.00528	0.00513
5	0.00814	0.00578	0.00734	0.00699	0.00804	0.00543	0.00497	0.01025	0.01446	0.02034	0.59751	0.04157	0.04669	0.18434	0.01165	0.00262	0.00332	0.00990	0.00568	0.00497
6	0.01156	0.02533	0.60323	0.01459	0.02230	0.01204	0.01799	0.01730	0.01203	0.01823	0.01024	0.01203	0.00751	0.00517	0.00517	0.00160	0.00753	0.00404	0.00263	0.18948
7	0.01190	0.01101	0.01836	0.18022	0.45194	0.01145	0.01453	0.01486	0.01225	0.01697	0.01519	0.18567	0.01508	0.00803	0.00603	0.00188	0.00620	0.00754	0.00332	0.00755
8	0.64080	0.02826	0.00986	0.00847	0.01198	0.01335	0.00690	0.01980	0.17276	0.02502	0.01132	0.01193	0.00869	0.00584	0.00404	0.00180	0.00448	0.00384	0.00402	0.00685
9	0.01540	0.01190	0.01659	0.01396	0.01493	0.01552	0.01161	0.01686	0.01043	0.17901	0.01081	0.01404	0.00897	0.00937	0.01592	0.00234	0.61666	0.00517	0.00351	0.00702
10	0.00831	0.00557	0.00637	0.00637	0.00642	0.00562	0.00363	0.00841	0.00836	0.01119	0.01790	0.03674	0.02050	0.76429	0.06340	0.00571	0.00599	0.00822	0.00345	0.00354
11	0.02338	0.02432	0.01398	0.01066	0.01487	0.01046	0.00876	0.18349	0.01834	0.54297	0.03604	0.05534	0.01502	0.00761	0.00580	0.00178	0.00508	0.00617	0.00660	0.00936
12	0.01147	0.02959	0.76934	0.01630	0.02476	0.01328	0.02113	0.01811	0.01208	0.01811	0.01026	0.01208	0.00725	0.00543	0.00543	0.00181	0.00845	0.00423	0.00242	0.00845
13	0.00746	0.00533	0.00720	0.00853	0.00908	0.00507	0.00617	0.00882	0.01144	0.01515	0.03125	0.63500	0.03675	0.01746	0.00743	0.00239	0.00375	0.17164	0.00530	0.00478
14	0.01972	0.01869	0.16525	0.01378	0.01912	0.01686	0.01289	0.60128	0.02398	0.03252	0.01305	0.01341	0.00924	0.00658	0.00567	0.00174	0.00672	0.00497	0.00507	0.00948
15	0.01343	0.01403	0.02351	0.01802	0.02201	0.08904	0.41144	0.08590	0.01441	0.01865	0.01657	0.21263	0.01604	0.00845	0.00663	0.00196	0.00778	0.00870	0.00378	0.00702
16	0.00780	0.00616	0.00890	0.17830	0.01509	0.00642	0.00758	0.00944	0.01117	0.01465	0.02828	0.58388	0.07059	0.01506	0.00692	0.00221	0.00424	0.01358	0.00470	0.00503
17	0.00703	0.00500	0.00662	0.00789	0.00820	0.00469	0.00523	0.00798	0.01083	0.01444	0.03091	0.76047	0.03705	0.05376	0.00830	0.00247	0.00342	0.01590	0.00523	0.00459
18	0.01073	0.02438	0.60230	0.01431	0.02120	0.01155	0.01768	0.01651	0.01298	0.01917	0.17474	0.01880	0.01749	0.00681	0.00572	0.00181	0.00719	0.00557	0.00327	0.00778
19	0.00945	0.01144	0.17561	0.01145	0.01423	0.00782	0.01133	0.01279	0.01277	0.01722	0.04416	0.12839	0.02832	0.01365	0.00727	0.00240	0.00570	0.47542	0.00467	0.00590
20	0.01107	0.00602	0.00809	0.00845	0.00968	0.00547	0.00599	0.01233	0.01214	0.17966	0.02956	0.62512	0.03264	0.01554	0.00696	0.00220	0.00366	0.01396	0.00570	0.00576
21	0.04481	0.01834	0.01416	0.01253	0.01543	0.34559	0.00958	0.24444	0.01818	0.02139	0.01531	0.18348	0.01475	0.00882	0.00575	0.00175	0.00734	0.00688	0.00435	0.00715
22	0.01402	0.41971	0.05584	0.01082	0.01475	0.04846	0.01015	0.03476	0.12778	0.01663	0.01551	0.02349	0.01457	0.00784	0.00512	0.00169	0.00597	0.16199	0.00368	0.00723
23	0.01670	0.04455	0.01388	0.01070	0.01412	0.01310	0.00868	0.35938	0.10472	0.07383	0.21333	0.02282	0.02275	0.00817	0.00584	0.00173	0.00487	0.00664	0.04600	0.00819
24	0.01200	0.04509	0.02482	0.01804	0.02194	0.01274	0.43364	0.01570	0.01328	0.01838	0.17539	0.02123	0.01874	0.00895	0.04980	0.00233	0.09028	0.00717	0.00359	0.00690
25	0.00818	0.00595	0.00827	0.00817	0.00907	0.00645	0.00604	0.00997	0.01056	0.01497	0.17922	0.02986	0.02428	0.18491	0.46045	0.00685	0.01063	0.00748	0.00385	0.00485
26	0.01847	0.02210	0.01437	0.01302	0.01568	0.57546	0.00980	0.05023	0.01665	0.01688	0.17384	0.01757	0.01769	0.00721	0.00553	0.00156	0.00848	0.00521	0.00380	0.00649
27	0.19420	0.01088	0.01157	0.00867	0.01337	0.00965	0.00701	0.07880	0.01271	0.02170	0.01000	0.01146	0.00808	0.00470	0.00421	0.00113	0.00446	0.00348	0.00363	0.58029
28	0.01576	0.04221	0.06081	0.07331	0.40629	0.03116	0.02718	0.18766	0.06008	0.02247	0.01201	0.01421	0.00943	0.00573	0.00562	0.00172	0.00678	0.00507	0.00363	0.00888
29	0.01312	0.01392	0.01695	0.61626	0.03463	0.18010	0.01483	0.01642	0.01248	0.01448	0.00988	0.01417	0.00757	0.00576	0.00560	0.00181	0.00821	0.00478	0.00263	0.00641
30	0.01232	0.01333	0.02803	0.02040	0.02521	0.01248	0.58087	0.01667	0.01409	0.01933	0.17576	0.02142	0.01861	0.00633	0.00675	0.00190	0.00812	0.00754	0.00364	0.00721
31	0.01261	0.01056	0.01157	0.01061	0.01332	0.01187	0.00826	0.02509	0.55110	0.02334	0.18529	0.02838	0.02631	0.00906	0.00614	0.00195	0.00417	0.04644	0.00589	0.00805
32	0.00847	0.01059	0.17375	0.00914	0.01112	0.00688	0.00808	0.01032	0.01020	0.01404	0.02174	0.33580	0.02466	0.31170	0.01517	0.00343	0.00529	0.01061	0.00397	0.00503
33	0.00805	0.00578	0.00721	0.00689	0.00798	0.00539	0.00490	0.01007	0.01424	0.01981	0.54741	0.04244	0.09712	0.18454	0.01165	0.00263	0.00334	0.01002	0.00561	0.00493
34	0.00832	0.00555	0.00624	0.00624	0.00624	0.00555	0.00347	0.00832	0.00832	0.01109	0.01802	0.03743	0.02080	0.79898	0.02911	0.00555	0.00555	0.00832	0.00347	0.00347
35	0.02174	0.01602	0.01717	0.01316	0.01774	0.01774	0.01087	0.74423	0.02689	0.03605	0.01373	0.01373	0.00973	0.00687	0.00572	0.00172	0.00629	0.00515	0.00572	0.00973
36	0.02566	0.00973	0.01327	0.01018	0.01460	0.00841	0.00841	0.02788	0.01637	0.76726	0.02257	0.01947	0.01416	0.00708	0.00575	0.00177	0.00487	0.00575	0.00708	0.00973
37	0.01423	0.01229	0.01293	0.01164	0.01487	0.01423	0.00905	0.03039	0.75297	0.02393	0.02328	0.02134	0.01746	0.00776	0.00582	0.00194	0.00453	0.00647	0.00582	0.00905
38	0.00697	0.00498	0.00664	0.00796	0.00830	0.00465	0.00531	0.00796	0.01095	0.01460	0.03153	0.79525	0.03783	0.01792	0.00730	0.00232	0.00332	0.01626	0.00531	0.00465
39	0.01423	0.01229	0.01293	0.01164	0.01487	0.01423	0.00905	0.03039	0.75297	0.02393	0.02328	0.02134	0.01746	0.00776	0.00582	0.00194	0.00453	0.00647	0.00582	0.00905
40	0.00740	0.00528	0.00713	0.00845	0.00897	0.00501	0.00605	0.00870	0.01137	0.01508	0.03129	0.65663	0.03690	0.01752	0.00741	0.00238	0.00369	0.15067	0.00530	0.00476
41	0.00924	0.03903	0.00872	0.00735	0.00906	0.00623	0.00565	0.01177	0.01575	0.06245	0.63030	0.04110	0.10892	0.01139	0.00657	0.00178	0.00297	0.00994	0.00610	0.00567
42	0.01308	0.01214	0.01700	0.01455	0.01483	0.01667	0.01211	0.01441	0.00919	0.05478	0.00860	0.01324	0.00810	0.01098	0.04416	0.00269	0.71920	0.00508	0.00277	0.00641
43	0.04101	0.01618	0.07122	0.02134	0.02700	0.01489	0.55812	0.13809	0.01551	0.02147	0.01174	0.01477	0.00869	0.00521	0.00641	0.00188	0.00886	0.00623	0.00335	0.00804
44	0.02066	0.00870	0.01173	0.00965	0.01312	0.00772	0.00778	0.02314	0.03388	0.55112	0.10139	0.11503	0.02198	0.00922	0.00613	0.00188	0.00447	0.03726	0.00668	0.00848
45	0.01186	0.01017	0.01186	0.00847	0.01356	0.00762	0.00678	0.01440	0.01186	0.01864	0.01017	0.01186	0.00847	0.00424	0.00424	0.00085	0.00424	0.00339	0.00339	0.83395
46	0.02260	0.01107	0.01432	0.01122	0.01546	0.01068	0.03406	0.11925	0.13531	0.51583	0.03441	0.01931	0.01465	0.00717	0.00581	0.00180	0.00512	0.00591	0.00655	0.00948
47	0.01080	0.01017	0.01716	0.78523	0.03940	0.01271	0.01589	0.01461	0.01144	0.01461	0.01017	0.01525	0.00762	0.00572	0.00572	0.00191	0.00762	0.00508	0.00254	0.00635
48	0.00704	0.00561	0.00632	0.00656	0.00800	0.00488	0.00476	0.00859	0.01308	0.01653	0.17240	0.23184	0.46454	0.01484	0.00689	0.00200	0.00296	0.01279	0.00548	0.00488
49	0.00733	0.00545	0.00774	0.00852	0.00906	0.00511	0.03588	0.00842	0.01089	0.01453	0.02982	0.71386	0.03552	0.06780	0.00869	0.00251	0.00373	0.01535	0.00509	0.00470
50	0.01288	0.01358	0.02347	0.01835	0.02047	0.01640	0.28015	0.01544	0.01050	0.01544	0.00900	0.01358	0.00794	0.00811	0.01436	0.00229	0.50297	0.00565	0.00265	0.00679

[dist]
# distance from previous block
# <min> <max>
4	7

[block]
# block no. 6 follows, 41 sequences, length 134
# corresponding to MSA columns:
# 665-798
name=unknown_G
#
# <colnr> <probs for GDERKNQSTAVLIFYWHMCP>
#	G	D	E	R	K	N	Q	S	T	A	V	L	I	F	Y	W	H	M	C	P
0	0.00875	0.00615	0.00759	0.00812	0.00969	0.00562	0.00648	0.01059	0.01290	0.05905	0.04137	0.18912	0.33029	0.01514	0.00720	0.00224	0.00393	0.26515	0.00540	0.00523
1	0.01507	0.75805	0.07242	0.01016	0.01526	0.02210	0.01044	0.01718	0.01165	0.01372	0.00808	0.00934	0.00733	0.00492	0.00377	0.00126	0.00625	0.00313	0.00244	0.00740
2	0.01418	0.01405	0.02337	0.06225	0.55828	0.03902	0.11155	0.01864	0.06690	0.01870	0.01169	0.01476	0.00951	0.00531	0.00580	0.00175	0.00715	0.00537	0.00305	0.00869
3	0.01424	0.03955	0.01603	0.16843	0.12751	0.01409	0.01171	0.05434	0.42076	0.04465	0.01793	0.01830	0.01353	0.00681	0.00570	0.00186	0.00561	0.00580	0.00466	0.00851
4	0.05029	0.02910	0.01425	0.01110	0.01525	0.06759	0.00904	0.14159	0.12368	0.44743	0.01945	0.01759	0.01302	0.00695	0.00560	0.00175	0.00546	0.00546	0.00616	0.00924
5	0.01413	0.01367	0.02368	0.03463	0.73107	0.01363	0.04941	0.01759	0.01305	0.01867	0.01079	0.01421	0.00904	0.00508	0.00571	0.00171	0.00692	0.00517	0.00283	0.00900
6	0.00697	0.00498	0.00664	0.00796	0.00830	0.00465	0.00531	0.00796	0.01095	0.01460	0.03153	0.79525	0.03783	0.01792	0.00730	0.00232	0.00332	0.01626	0.00531	0.00465
7	0.01400	0.53915	0.21162	0.01213	0.01782	0.01926	0.05450	0.01722	0.01200	0.01521	0.03483	0.01141	0.00901	0.00526	0.00439	0.00143	0.00678	0.00381	0.00260	0.00757
8	0.00818	0.00632	0.00837	0.00878	0.00990	0.00606	0.03409	0.03520	0.04468	0.01620	0.03370	0.54082	0.14423	0.01592	0.00712	0.00223	0.00379	0.06395	0.00525	0.00520
9	0.00700	0.00499	0.00663	0.00793	0.00825	0.00467	0.00527	0.00797	0.01089	0.01453	0.03123	0.77882	0.03746	0.03485	0.00777	0.00239	0.00337	0.01609	0.00527	0.00462
10	0.00904	0.00647	0.00897	0.01000	0.01133	0.00640	0.00861	0.01168	0.01365	0.01804	0.14606	0.06106	0.03626	0.01515	0.00772	0.00250	0.00486	0.61149	0.00543	0.00529
11	0.01336	0.01847	0.19694	0.02139	0.02741	0.01451	0.50939	0.04993	0.01351	0.01881	0.01115	0.01445	0.00834	0.00533	0.00706	0.00192	0.05124	0.00602	0.00289	0.00789
12	0.01416	0.01359	0.02322	0.03511	0.76330	0.01359	0.01755	0.01755	0.01302	0.01869	0.01076	0.01416	0.00906	0.00510	0.00566	0.00170	0.00680	0.00510	0.00283	0.00906
13	0.00750	0.00605	0.00671	0.00657	0.00835	0.00537	0.00498	0.00986	0.03847	0.01812	0.27489	0.05039	0.49330	0.01343	0.00676	0.00191	0.00296	0.03358	0.00563	0.00516
14	0.83938	0.01106	0.00841	0.00752	0.01106	0.01283	0.00619	0.01681	0.00973	0.02566	0.00796	0.00929	0.00619	0.00531	0.00354	0.00177	0.00442	0.00310	0.00354	0.00619
15	0.00854	0.00633	0.00829	0.00920	0.01064	0.00607	0.00780	0.01088	0.01327	0.01702	0.07857	0.07528	0.20153	0.01530	0.00756	0.00242	0.00454	0.50624	0.00534	0.00516
16	0.01181	0.01119	0.01897	0.56090	0.25589	0.01297	0.01638	0.01549	0.01191	0.01583	0.01034	0.01492	0.00805	0.00553	0.00570	0.00184	0.00738	0.00509	0.00263	0.00716
17	0.60329	0.08492	0.01211	0.00884	0.01270	0.01470	0.00744	0.15935	0.01327	0.02657	0.00909	0.01015	0.00699	0.00558	0.00398	0.00171	0.00495	0.00350	0.00387	0.00699
18	0.01416	0.01359	0.02322	0.03511	0.76330	0.01359	0.01755	0.01755	0.01302	0.01869	0.01076	0.01416	0.00906	0.00510	0.00566	0.00170	0.00680	0.00510	0.00283	0.00906
19	0.01186	0.01017	0.01186	0.00847	0.01356	0.00762	0.00678	0.01440	0.01186	0.01864	0.01017	0.01186	0.00847	0.00424	0.00424	0.00085	0.00424	0.00339	0.00339	0.83395
20	0.01416	0.01359	0.02322	0.03511	0.76330	0.01359	0.01755	0.01755	0.01302	0.01869	0.01076	0.01416	0.00906	0.00510	0.00566	0.00170	0.00680	0.00510	0.00283	0.00906
21	0.00804	0.00584	0.00756	0.00713	0.00851	0.00537	0.00535	0.01068	0.01605	0.02261	0.72942	0.04327	0.08504	0.01182	0.00675	0.00180	0.00271	0.01042	0.00625	0.00537
22	0.00681	0.00574	0.00590	0.00598	0.00779	0.00483	0.00444	0.00827	0.01300	0.01562	0.07700	0.10233	0.69354	0.01462	0.00679	0.00195	0.00292	0.01229	0.00534	0.00483
