[name]
unknown

[dist]
# distance from previous block
# <min> <max>
0	37

[block]
# block no. 0 follows, 40 sequences, length 19
# corresponding to MSA columns:
# 37-55
name=unknown_A
#
# <colnr> <probs for GDERKNQSTAVLIFYWHMCP>
#	G	D	E	R	K	N	Q	S	T	A	V	L	I	F	Y	W	H	M	C	P
0	0.00709	0.00506	0.00675	0.00810	0.00843	0.00472	0.00540	0.00810	0.01113	0.01484	0.03205	0.79184	0.03846	0.01822	0.00742	0.00236	0.00337	0.01653	0.00540	0.00472
1	0.00823	0.00594	0.00777	0.00732	0.00869	0.00549	0.00549	0.01097	0.01646	0.02332	0.75629	0.04344	0.05487	0.01189	0.00686	0.00183	0.00274	0.01052	0.00640	0.00549
2	0.53277	0.01686	0.21507	0.01063	0.01569	0.01366	0.01089	0.08825	0.01225	0.02504	0.00931	0.01066	0.00694	0.00559	0.00434	0.00181	0.00580	0.00367	0.00351	0.00727
3	0.01900	0.01501	0.01442	0.01278	0.03627	0.15259	0.00977	0.09984	0.34468	0.18719	0.02015	0.01888	0.02820	0.00735	0.00578	0.00182	0.00597	0.00583	0.00556	0.00889
4	0.01246	0.07957	0.67715	0.01606	0.02412	0.05557	0.02018	0.01861	0.01248	0.01788	0.01021	0.01199	0.00738	0.00551	0.00539	0.00178	0.00854	0.00419	0.00249	0.00842
5	0.04975	0.35415	0.38049	0.01321	0.01984	0.01776	0.01537	0.05735	0.01280	0.01774	0.00953	0.01100	0.00750	0.00537	0.00470	0.00158	0.00729	0.00380	0.00270	0.00809
6	0.05484	0.05291	0.08062	0.01518	0.08155	0.01215	0.11137	0.06306	0.01516	0.33506	0.05651	0.01767	0.01342	0.00681	0.00664	0.00184	0.05575	0.00572	0.00503	0.00870
7	0.00835	0.00645	0.00899	0.00897	0.00972	0.00646	0.04050	0.00945	0.01041	0.01420	0.02436	0.44415	0.02825	0.20714	0.06202	0.00353	0.04975	0.01223	0.00443	0.04064
8	0.00976	0.00929	0.01755	0.05840	0.01836	0.00888	0.27701	0.01238	0.01212	0.01624	0.02331	0.46043	0.02575	0.01258	0.00712	0.00219	0.00600	0.01231	0.00433	0.00598
9	0.01396	0.01966	0.18402	0.02208	0.02828	0.07748	0.52955	0.01897	0.01366	0.01822	0.01126	0.01455	0.00841	0.00512	0.00645	0.00190	0.00961	0.00607	0.00285	0.00791
10	0.01435	0.01538	0.02866	0.08475	0.17336	0.05234	0.45218	0.04868	0.01413	0.01895	0.01140	0.01498	0.00879	0.00515	0.00637	0.00185	0.00881	0.00608	0.00304	0.03075
11	0.00709	0.00506	0.00675	0.00810	0.00843	0.00472	0.00540	0.00810	0.01113	0.01484	0.03205	0.79184	0.03846	0.01822	0.00742	0.00236	0.00337	0.01653	0.00540	0.00472
12	0.06996	0.00997	0.01323	0.01020	0.01465	0.00879	0.00843	0.02773	0.01628	0.72348	0.02214	0.01923	0.01396	0.00710	0.00573	0.00180	0.00492	0.00570	0.00700	0.00970
13	0.05660	0.40184	0.26507	0.01259	0.01848	0.08148	0.01367	0.05952	0.01314	0.01720	0.00926	0.01065	0.00751	0.00537	0.00455	0.00151	0.00727	0.00367	0.00277	0.00785
14	0.02124	0.01193	0.01433	0.04640	0.01642	0.01212	0.00943	0.28544	0.05682	0.34188	0.05840	0.02106	0.06192	0.00781	0.00595	0.00181	0.00535	0.00627	0.00626	0.00916
15	0.00846	0.00624	0.00817	0.00910	0.01042	0.00596	0.00750	0.01067	0.01330	0.01720	0.09697	0.16207	0.18170	0.01575	0.00762	0.00242	0.00438	0.42141	0.00546	0.00519
16	0.00861	0.00561	0.00746	0.00803	0.00891	0.00517	0.00562	0.01017	0.01293	0.06479	0.22823	0.53937	0.04139	0.01580	0.00717	0.00218	0.00330	0.01422	0.00579	0.00526
17	0.01343	0.01567	0.12595	0.14877	0.48488	0.01371	0.07801	0.01752	0.01290	0.01824	0.01084	0.01438	0.00870	0.00530	0.00583	0.00180	0.00751	0.00520	0.00278	0.00858
18	0.01222	0.04436	0.61757	0.01566	0.02297	0.01372	0.01921	0.01843	0.03623	0.04008	0.01236	0.01405	0.02972	0.00629	0.00667	0.00189	0.07272	0.00469	0.00280	0.00833

[dist]
# distance from previous block
# <min> <max>
0	2

[block]
# block no. 1 follows, 40 sequences, length 20
# corresponding to MSA columns:
# 58-77
name=unknown_B
#
# <colnr> <probs for GDERKNQSTAVLIFYWHMCP>
#	G	D	E	R	K	N	Q	S	T	A	V	L	I	F	Y	W	H	M	C	P
0	0.07083	0.00982	0.01446	0.01567	0.18151	0.01001	0.10835	0.01715	0.08376	0.02122	0.01585	0.01835	0.01245	0.00617	0.00498	0.00161	0.00494	0.00551	0.39033	0.00704
1	0.02067	0.14436	0.01696	0.01098	0.01545	0.01371	0.00925	0.16482	0.13291	0.32368	0.01787	0.01662	0.01245	0.00668	0.00538	0.00165	0.00534	0.00520	0.00566	0.07037
2	0.01573	0.01080	0.01211	0.01012	0.01276	0.01145	0.00772	0.33038	0.04233	0.07759	0.09779	0.08729	0.02069	0.22222	0.01251	0.00287	0.00539	0.00768	0.00533	0.00725
3	0.01358	0.02109	0.31941	0.02097	0.21049	0.07961	0.07038	0.01980	0.10122	0.01886	0.01339	0.01736	0.01082	0.00637	0.00586	0.00186	0.00774	0.04953	0.00324	0.00841
4	0.00739	0.00552	0.00687	0.00736	0.00838	0.00500	0.00521	0.00903	0.01324	0.01764	0.25995	0.39739	0.20476	0.01550	0.00713	0.00211	0.00308	0.01373	0.00571	0.00500
5	0.01637	0.01839	0.02124	0.12748	0.29794	0.28370	0.10055	0.01934	0.01424	0.01667	0.01062	0.01424	0.00880	0.00572	0.00575	0.00172	0.00861	0.01795	0.00293	0.00773
6	0.00912	0.00681	0.00818	0.00779	0.00939	0.00607	0.00576	0.01120	0.01633	0.02246	0.57955	0.04740	0.22046	0.01321	0.00732	0.00207	0.00322	0.01119	0.00650	0.00596
7	0.01362	0.01302	0.01851	0.20260	0.02222	0.01720	0.01402	0.01514	0.01047	0.01550	0.00970	0.01525	0.00896	0.00991	0.01613	0.00263	0.57949	0.00553	0.00303	0.00708
8	0.00913	0.00666	0.00833	0.00931	0.01007	0.00627	0.00642	0.01083	0.05376	0.01737	0.08365	0.64591	0.03886	0.01772	0.00786	0.00255	0.00398	0.04961	0.00591	0.00579
9	0.02618	0.01105	0.01435	0.01135	0.01579	0.00980	0.00915	0.02917	0.07663	0.68876	0.02408	0.02165	0.01582	0.00812	0.00642	0.00206	0.00538	0.00632	0.00747	0.01046
10	0.01541	0.01444	0.02101	0.15305	0.34315	0.05091	0.06372	0.04778	0.07382	0.02024	0.01313	0.01655	0.01073	0.00652	0.00653	0.00195	0.02515	0.00555	0.00373	0.10662
11	0.07863	0.01508	0.01669	0.05707	0.05370	0.01632	0.01102	0.51123	0.02302	0.04716	0.01510	0.01780	0.01183	0.07141	0.00811	0.00231	0.00663	0.00578	0.02167	0.00943
12	0.00853	0.00611	0.00777	0.00903	0.00950	0.00558	0.00601	0.00916	0.01199	0.01612	0.03293	0.77694	0.03910	0.01884	0.00795	0.00259	0.00387	0.01671	0.00581	0.00545
13	0.01339	0.01127	0.01297	0.00954	0.01473	0.00854	0.00747	0.01556	0.01289	0.02014	0.01168	0.01393	0.00989	0.00523	0.00490	0.00113	0.00478	0.00391	0.00390	0.81415
14	0.00853	0.00611	0.00777	0.00903	0.00950	0.00558	0.00601	0.00916	0.01199	0.01612	0.03293	0.77694	0.03910	0.01884	0.00795	0.00259	0.00387	0.01671	0.00581	0.00545
15	0.01339	0.01127	0.01297	0.00954	0.01473	0.00854	0.00747	0.01556	0.01289	0.02014	0.01168	0.01393	0.00989	0.00523	0.00490	0.00113	0.00478	0.00391	0.00390	0.81415
16	0.01949	0.01346	0.01502	0.01249	0.01618	0.01428	0.01000	0.36732	0.13703	0.11432	0.07804	0.02406	0.01839	0.01075	0.04349	0.00245	0.00633	0.05288	0.03464	0.00938
17	0.01790	0.15023	0.29649	0.01616	0.05296	0.18902	0.01556	0.14901	0.01672	0.02119	0.01173	0.01365	0.00924	0.00669	0.00581	0.00189	0.00856	0.00463	0.00368	0.00890
18	0.01486	0.01396	0.01389	0.19609	0.02024	0.19549	0.01050	0.05134	0.01651	0.04464	0.30661	0.02821	0.02842	0.00946	0.00670	0.00203	0.00663	0.02231	0.00503	0.00709
19	0.01862	0.22517	0.16628	0.01550	0.05459	0.29105	0.01358	0.07064	0.05248	0.01845	0.01158	0.01342	0.00952	0.00665	0.00558	0.00180	0.00862	0.00446	0.00356	0.00843

[dist]
# distance from previous block
# <min> <max>
0	2

[block]
# block no. 2 follows, 40 sequences, length 17
# corresponding to MSA columns:
# 80-96
name=unknown_C
#
# <colnr> <probs for GDERKNQSTAVLIFYWHMCP>
#	G	D	E	R	K	N	Q	S	T	A	V	L	I	F	Y	W	H	M	C	P
0	0.01098	0.01034	0.01744	0.78165	0.04005	0.01292	0.01615	0.01486	0.01163	0.01486	0.01034	0.01550	0.00775	0.00581	0.00581	0.00194	0.00775	0.00517	0.00258	0.00646
1	0.01206	0.01034	0.01206	0.00861	0.01378	0.00775	0.00689	0.01464	0.01206	0.01895	0.01034	0.01206	0.00861	0.00431	0.00431	0.00086	0.00431	0.00345	0.00345	0.83118
2	0.01098	0.01034	0.01744	0.78165	0.04005	0.01292	0.01615	0.01486	0.01163	0.01486	0.01034	0.01550	0.00775	0.00581	0.00581	0.00194	0.00775	0.00517	0.00258	0.00646
3	0.00714	0.00587	0.00610	0.00606	0.00779	0.00503	0.00444	0.00860	0.01311	0.01601	0.11909	0.05320	0.62618	0.08508	0.00893	0.00228	0.00317	0.01177	0.00532	0.00484
4	0.01555	0.79913	0.03047	0.00995	0.01493	0.02301	0.00995	0.01741	0.01182	0.01368	0.00808	0.00933	0.00746	0.00498	0.00373	0.00124	0.00622	0.00311	0.00249	0.00746
5	0.00729	0.00521	0.00698	0.00833	0.00876	0.00490	0.00576	0.00845	0.01134	0.01508	0.03194	0.72617	0.03801	0.01802	0.00748	0.00239	0.00355	0.08016	0.00539	0.00478
6	0.00729	0.00587	0.00649	0.00641	0.00813	0.00507	0.00478	0.00912	0.01412	0.01793	0.26505	0.08425	0.51702	0.01404	0.00689	0.00194	0.00290	0.01194	0.00570	0.00507
7	0.00950	0.00626	0.00826	0.00773	0.00931	0.00577	0.00593	0.01220	0.01628	0.07246	0.66178	0.04324	0.05082	0.01184	0.00686	0.00188	0.00305	0.05465	0.00639	0.00577
8	0.00846	0.00564	0.00634	0.00634	0.00634	0.00564	0.00352	0.00846	0.00846	0.01128	0.01832	0.03805	0.02114	0.79563	0.02960	0.00564	0.00564	0.00846	0.00352	0.00352
9	0.00771	0.00578	0.00715	0.00712	0.00845	0.00522	0.00522	0.00984	0.01476	0.02002	0.46333	0.17867	0.21806	0.01368	0.00696	0.00195	0.00290	0.01200	0.00599	0.00522
10	0.00748	0.00586	0.00667	0.00656	0.00813	0.00516	0.00483	0.00934	0.01414	0.01836	0.32187	0.08566	0.41821	0.05223	0.00801	0.00211	0.00302	0.01162	0.00569	0.00505
11	0.02108	0.11287	0.01819	0.01419	0.01764	0.58181	0.01107	0.12349	0.01748	0.01733	0.00959	0.01085	0.00783	0.00602	0.00515	0.00150	0.00943	0.00388	0.00334	0.00727
12	0.00706	0.00515	0.00665	0.00785	0.00837	0.00474	0.00529	0.00813	0.01137	0.01494	0.03507	0.70907	0.11928	0.01783	0.00736	0.00232	0.00333	0.01605	0.00540	0.00474
13	0.01272	0.01250	0.01853	0.01671	0.06605	0.01596	0.08105	0.01593	0.07862	0.01589	0.01166	0.04985	0.01109	0.00970	0.01489	0.00238	0.52403	0.03244	0.00315	0.00685
14	0.02208	0.01691	0.01740	0.01347	0.01803	0.05920	0.01106	0.70085	0.02675	0.03543	0.01369	0.01377	0.00976	0.00693	0.00579	0.00173	0.00662	0.00515	0.00566	0.00972
15	0.01391	0.04611	0.12502	0.05262	0.54491	0.01418	0.08313	0.01789	0.01305	0.01856	0.01082	0.01406	0.00882	0.00521	0.00575	0.00175	0.00740	0.00513	0.00280	0.00886
16	0.00957	0.00805	0.01258	0.04629	0.07815	0.00910	0.04847	0.01161	0.01010	0.01431	0.01599	0.10514	0.01598	0.09846	0.40630	0.00619	0.08742	0.00733	0.00329	0.00566

[dist]
# distance from previous block
# <min> <max>
0	2

[block]
# block no. 3 follows, 40 sequences, length 27
# corresponding to MSA columns:
# 99-125
name=unknown_D
#
# <colnr> <probs for GDERKNQSTAVLIFYWHMCP>
#	G	D	E	R	K	N	Q	S	T	A	V	L	I	F	Y	W	H	M	C	P
0	0.02390	0.01758	0.01872	0.01470	0.01941	0.01895	0.01184	0.71646	0.02815	0.03794	0.01599	0.01689	0.01189	0.00837	0.00672	0.00214	0.00708	0.00591	0.00647	0.01088
1	0.00730	0.00515	0.00669	0.00783	0.00811	0.00486	0.00511	0.00815	0.01072	0.01429	0.02993	0.67559	0.03579	0.13811	0.01084	0.00287	0.00372	0.01529	0.00511	0.00454
2	0.01422	0.01557	0.06766	0.13870	0.08386	0.01469	0.45365	0.10120	0.01487	0.02015	0.01167	0.01518	0.00874	0.00533	0.00643	0.00191	0.00882	0.00616	0.00319	0.00801
3	0.01928	0.02009	0.05065	0.01481	0.05465	0.30574	0.01149	0.26791	0.07844	0.02373	0.05994	0.01505	0.01226	0.00694	0.00610	0.00170	0.03366	0.00506	0.00437	0.00813
4	0.01416	0.00789	0.01001	0.00868	0.01123	0.00744	0.00678	0.01835	0.10440	0.24037	0.42103	0.03446	0.07064	0.01016	0.00645	0.00184	0.00362	0.00875	0.00653	0.00720
5	0.01168	0.02737	0.65666	0.01754	0.06341	0.01315	0.05304	0.01790	0.01234	0.01828	0.01156	0.05000	0.00902	0.00609	0.00569	0.00187	0.00831	0.00505	0.00264	0.00841
6	0.01872	0.01995	0.35834	0.01423	0.04037	0.01202	0.01500	0.10296	0.01575	0.32090	0.01589	0.01555	0.01053	0.00635	0.00569	0.00181	0.00683	0.00505	0.00475	0.00928
7	0.02188	0.01567	0.01693	0.01302	0.01753	0.01721	0.01071	0.68434	0.02627	0.07007	0.01452	0.01497	0.01044	0.03087	0.00654	0.00187	0.00631	0.00536	0.00581	0.00970
8	0.00715	0.00511	0.00681	0.00805	0.00845	0.00477	0.00540	0.00827	0.01146	0.01536	0.07606	0.74636	0.03946	0.01783	0.00739	0.00233	0.00334	0.01617	0.00546	0.00477
9	0.01447	0.01191	0.01741	0.17594	0.16369	0.02814	0.04691	0.06412	0.04859	0.08942	0.01366	0.05112	0.01123	0.00733	0.00814	0.00192	0.14622	0.00583	0.05974	0.03422
10	0.01193	0.01129	0.01607	0.01386	0.01425	0.01516	0.03457	0.01344	0.00929	0.01443	0.00988	0.01573	0.00955	0.05063	0.10578	0.00339	0.58638	0.00546	0.05283	0.00608
11	0.00784	0.00564	0.00745	0.00773	0.00871	0.00524	0.00559	0.00993	0.01435	0.01992	0.45807	0.32516	0.04793	0.01442	0.00711	0.00206	0.00307	0.03857	0.00599	0.00520
12	0.05122	0.71392	0.02870	0.01019	0.01479	0.02224	0.00997	0.01718	0.01154	0.01424	0.00806	0.00955	0.00742	0.00533	0.00472	0.00135	0.05646	0.00324	0.00254	0.00734
13	0.01996	0.01081	0.01426	0.01120	0.01509	0.01047	0.04048	0.10562	0.07283	0.38866	0.10965	0.02089	0.01795	0.00763	0.00669	0.00178	0.05237	0.00619	0.00604	0.08144
14	0.15298	0.06583	0.01619	0.08123	0.05296	0.09986	0.01061	0.25866	0.13282	0.05368	0.01346	0.01412	0.01006	0.00644	0.00527	0.00175	0.00634	0.00481	0.00457	0.00835
15	0.00858	0.00574	0.00686	0.00686	0.00715	0.00594	0.00428	0.00916	0.00887	0.01238	0.01784	0.03407	0.01947	0.59980	0.17108	0.00608	0.00736	0.00783	0.05670	0.00397
16	0.00846	0.00564	0.00634	0.00634	0.00634	0.00564	0.00352	0.00846	0.00846	0.01128	0.01832	0.03805	0.02114	0.79563	0.02960	0.00564	0.00564	0.00846	0.00352	0.00352
17	0.00709	0.00506	0.00675	0.00810	0.00843	0.00472	0.00540	0.00810	0.01113	0.01484	0.03205	0.79184	0.03846	0.01822	0.00742	0.00236	0.00337	0.01653	0.00540	0.00472
18	0.83671	0.01125	0.00855	0.00765	0.01125	0.01305	0.00630	0.01709	0.00990	0.02609	0.00810	0.00945	0.00630	0.00540	0.00360	0.00180	0.00450	0.00315	0.00360	0.00630
19	0.01415	0.01357	0.02317	0.08767	0.70924	0.01375	0.01773	0.01764	0.01313	0.01871	0.01090	0.01447	0.00911	0.00523	0.00576	0.00174	0.00697	0.00518	0.00286	0.00902
20	0.00946	0.00640	0.00830	0.00762	0.00922	0.00595	0.00578	0.03005	0.01674	0.06012	0.70159	0.04154	0.05175	0.01153	0.00678	0.00183	0.00294	0.01015	0.00643	0.00581
21	0.09785	0.00729	0.00734	0.00668	0.00876	0.00756	0.00521	0.08206	0.01363	0.06771	0.01762	0.01959	0.01352	0.00668	0.00429	0.00146	0.00337	0.00519	0.61800	0.00619
22	0.00846	0.00564	0.00634	0.00634	0.00634	0.00564	0.00352	0.00846	0.00846	0.01128	0.01832	0.03805	0.02114	0.79563	0.02960	0.00564	0.00564	0.00846	0.00352	0.00352
23	0.00752	0.00538	0.00722	0.00838	0.00897	0.00508	0.00596	0.00894	0.01199	0.01606	0.10495	0.61480	0.03942	0.01728	0.00745	0.00235	0.00359	0.11429	0.00549	0.00489
24	0.04683	0.00879	0.01144	0.00932	0.01275	0.00798	0.00750	0.02247	0.04978	0.46811	0.24102	0.02739	0.04337	0.00873	0.00610	0.00182	0.00422	0.00732	0.00674	0.00832
25	0.01436	0.01223	0.01293	0.01160	0.01485	0.01401	0.00907	0.06436	0.66126	0.02436	0.02504	0.02396	0.05324	0.00836	0.00601	0.00198	0.00463	0.02295	0.00587	0.00894
26	0.62666	0.06532	0.01149	0.00921	0.01278	0.15995	0.00749	0.01829	0.01129	0.02300	0.00827	0.00964	0.00660	0.00549	0.00392	0.00171	0.00576	0.00326	0.00341	0.00646

[dist]
# distance from previous block
# <min> <max>
0	81

# created by:
# /software/SequenceAnalysis/GenePrediction/augustus/3.0.1/scripts/msa2prfl.pl ./fixed/BUSCOvEOG7T1K2M.fas
