[name]
unknown

[dist]
# distance from previous block
# <min> <max>
0	66

[block]
# block no. 0 follows, 41 sequences, length 55
# corresponding to MSA columns:
# 66-120
name=unknown_A
#
# <colnr> <probs for GDERKNQSTAVLIFYWHMCP>
#	G	D	E	R	K	N	Q	S	T	A	V	L	I	F	Y	W	H	M	C	P
0	0.01564	0.70632	0.05951	0.01047	0.01535	0.08448	0.01036	0.01764	0.01202	0.01370	0.00812	0.00939	0.00734	0.00500	0.00387	0.00127	0.00656	0.00316	0.00249	0.00733
1	0.02221	0.01445	0.05184	0.01227	0.01692	0.01431	0.01048	0.44315	0.05414	0.27485	0.01688	0.01587	0.01140	0.00691	0.00572	0.00175	0.00585	0.00536	0.00601	0.00964
2	0.01178	0.02698	0.64062	0.01721	0.02491	0.01364	0.11027	0.01792	0.01209	0.01792	0.01029	0.01251	0.00744	0.00559	0.00626	0.00186	0.04740	0.00458	0.00248	0.00825
3	0.00689	0.00560	0.00612	0.00651	0.00800	0.00483	0.00474	0.00825	0.01249	0.01527	0.05014	0.25167	0.54816	0.01543	0.00694	0.00206	0.00308	0.03373	0.00531	0.00479
4	0.01481	0.01752	0.11709	0.02126	0.02707	0.05101	0.53048	0.08507	0.01478	0.04564	0.01186	0.01477	0.00873	0.00521	0.00639	0.00187	0.00906	0.00613	0.00324	0.00800
5	0.01416	0.01359	0.02322	0.03511	0.76330	0.01359	0.01755	0.01755	0.01302	0.01869	0.01076	0.01416	0.00906	0.00510	0.00566	0.00170	0.00680	0.00510	0.00283	0.00906
6	0.00704	0.00503	0.00672	0.00805	0.00841	0.00471	0.00544	0.00809	0.01102	0.01469	0.03148	0.77091	0.03767	0.01785	0.00732	0.00233	0.00338	0.03986	0.00531	0.00467
7	0.05146	0.61975	0.07598	0.01074	0.01557	0.11641	0.01054	0.01790	0.01215	0.01436	0.00822	0.00951	0.00729	0.00507	0.00397	0.00132	0.00673	0.00322	0.00255	0.00727
8	0.01299	0.01718	0.15310	0.08756	0.08971	0.01405	0.50315	0.01791	0.01305	0.01801	0.01117	0.01476	0.00838	0.00502	0.00636	0.00189	0.00904	0.00606	0.00278	0.00783
9	0.00890	0.00645	0.00878	0.00983	0.01121	0.00633	0.00846	0.01144	0.01341	0.01745	0.09315	0.06187	0.09992	0.01534	0.00770	0.00250	0.00484	0.60182	0.00536	0.00524
10	0.07734	0.74284	0.02835	0.00962	0.01441	0.02189	0.00952	0.01710	0.01148	0.01438	0.00795	0.00918	0.00725	0.00492	0.00366	0.00126	0.00599	0.00306	0.00253	0.00725
11	0.01189	0.11369	0.68888	0.01559	0.02366	0.01430	0.01990	0.01801	0.01203	0.01761	0.01001	0.01176	0.00726	0.00538	0.00524	0.00175	0.00820	0.00410	0.00242	0.00833
12	0.01529	0.80242	0.02997	0.00979	0.01468	0.02263	0.00979	0.01713	0.01162	0.01346	0.00795	0.00918	0.00734	0.00489	0.00367	0.00122	0.00612	0.00306	0.00245	0.00734
13	0.04795	0.16054	0.61037	0.01481	0.02245	0.01486	0.01855	0.01789	0.01190	0.01765	0.00977	0.01146	0.00722	0.00534	0.00505	0.00171	0.00788	0.00398	0.00247	0.00817
14	0.00706	0.00504	0.00674	0.00806	0.00843	0.00472	0.00546	0.00811	0.01104	0.01470	0.03148	0.76722	0.03764	0.01784	0.00732	0.00233	0.00339	0.04344	0.00531	0.00467
15	0.01199	0.13480	0.66868	0.01542	0.02338	0.01456	0.01959	0.01798	0.01201	0.01748	0.00995	0.01168	0.00726	0.00536	0.00519	0.00173	0.00814	0.00407	0.00242	0.00830
16	0.01055	0.00962	0.01527	0.49297	0.06466	0.01176	0.01329	0.01354	0.01120	0.01502	0.01468	0.11061	0.04134	0.00809	0.00754	0.00200	0.10615	0.00671	0.03883	0.00616
17	0.00697	0.00498	0.00664	0.00796	0.00830	0.00465	0.00531	0.00796	0.01095	0.01460	0.03153	0.79525	0.03783	0.01792	0.00730	0.00232	0.00332	0.01626	0.00531	0.00465
18	0.01416	0.01359	0.02322	0.03511	0.76330	0.01359	0.01755	0.01755	0.01302	0.01869	0.01076	0.01416	0.00906	0.00510	0.00566	0.00170	0.00680	0.00510	0.00283	0.00906
19	0.01161	0.02862	0.71912	0.01684	0.02511	0.01336	0.07039	0.01813	0.01217	0.01813	0.01035	0.01231	0.00734	0.00539	0.00552	0.00182	0.00853	0.00440	0.00245	0.00840
20	0.01326	0.01268	0.02160	0.23512	0.57028	0.01336	0.01711	0.01677	0.01260	0.01760	0.01060	0.01445	0.00868	0.00526	0.00568	0.00175	0.00702	0.00509	0.00275	0.00834
21	0.01080	0.01017	0.01716	0.78523	0.03940	0.01271	0.01589	0.01461	0.01144	0.01461	0.01017	0.01525	0.00762	0.00572	0.00572	0.00191	0.00762	0.00508	0.00254	0.00635
22	0.00697	0.00498	0.00664	0.00796	0.00830	0.00465	0.00531	0.00796	0.01095	0.01460	0.03153	0.79525	0.03783	0.01792	0.00730	0.00232	0.00332	0.01626	0.00531	0.00465
23	0.01276	0.04894	0.57182	0.01849	0.10913	0.01343	0.06961	0.01854	0.01249	0.05647	0.01097	0.01284	0.00791	0.00542	0.00551	0.00179	0.00809	0.00454	0.00274	0.00850
24	0.02566	0.00973	0.01327	0.01018	0.01460	0.00841	0.00841	0.02788	0.01637	0.76726	0.02257	0.01947	0.01416	0.00708	0.00575	0.00177	0.00487	0.00575	0.00708	0.00973
25	0.00697	0.00498	0.00664	0.00796	0.00830	0.00465	0.00531	0.00796	0.01095	0.01460	0.03153	0.79525	0.03783	0.01792	0.00730	0.00232	0.00332	0.01626	0.00531	0.00465
26	0.01244	0.01184	0.02011	0.41929	0.39255	0.01314	0.01670	0.01605	0.01221	0.01660	0.01046	0.01472	0.00833	0.00542	0.00569	0.00181	0.00722	0.00509	0.00268	0.00767
27	0.01401	0.01344	0.02295	0.06826	0.73131	0.01355	0.01748	0.01742	0.01295	0.01851	0.01073	0.01420	0.00900	0.00512	0.00567	0.00171	0.00683	0.00510	0.00282	0.00894
28	0.02481	0.04568	0.01402	0.01021	0.01461	0.00924	0.00849	0.02747	0.04069	0.70840	0.02193	0.01907	0.01396	0.00700	0.00566	0.00175	0.00491	0.00565	0.00683	0.00960
29	0.01350	0.01543	0.03375	0.02411	0.02989	0.01446	0.74253	0.01832	0.01350	0.01832	0.01157	0.01543	0.00868	0.00482	0.00675	0.00193	0.00964	0.00675	0.00289	0.00771
30	0.01364	0.01504	0.03154	0.02642	0.18371	0.01428	0.59048	0.01816	0.01340	0.01840	0.01140	0.01516	0.00876	0.00488	0.00652	0.00188	0.00905	0.00640	0.00288	0.00800
31	0.01350	0.01543	0.03375	0.02411	0.02989	0.01446	0.74253	0.01832	0.01350	0.01832	0.01157	0.01543	0.00868	0.00482	0.00675	0.00193	0.00964	0.00675	0.00289	0.00771
32	0.01416	0.01359	0.02322	0.03511	0.76330	0.01359	0.01755	0.01755	0.01302	0.01869	0.01076	0.01416	0.00906	0.00510	0.00566	0.00170	0.00680	0.00510	0.00283	0.00906
33	0.01342	0.01596	0.06124	0.02382	0.02970	0.01442	0.71557	0.01831	0.01345	0.01831	0.01152	0.01530	0.00863	0.00484	0.00670	0.00192	0.00960	0.00666	0.00288	0.00774
34	0.01181	0.09721	0.70465	0.01573	0.02387	0.01410	0.02014	0.01803	0.01204	0.01771	0.01006	0.01182	0.00725	0.00539	0.00528	0.00176	0.00825	0.00412	0.00242	0.00836
35	0.00994	0.00497	0.00745	0.00745	0.00745	0.00497	0.00497	0.00745	0.00745	0.00994	0.00994	0.01739	0.00994	0.01987	0.02235	0.83358	0.00497	0.00497	0.00248	0.00248
36	0.00696	0.00503	0.00658	0.00782	0.00826	0.00466	0.00525	0.00798	0.01109	0.01466	0.03327	0.74652	0.08544	0.01769	0.00727	0.00230	0.00329	0.01598	0.00531	0.00466
37	0.02137	0.01584	0.01696	0.01308	0.01760	0.01756	0.01078	0.70872	0.06301	0.03545	0.01421	0.01411	0.01011	0.00691	0.00573	0.00173	0.00621	0.00522	0.00573	0.00969
38	0.01416	0.01359	0.02322	0.03511	0.76330	0.01359	0.01755	0.01755	0.01302	0.01869	0.01076	0.01416	0.00906	0.00510	0.00566	0.00170	0.00680	0.00510	0.00283	0.00906
39	0.83938	0.01106	0.00841	0.00752	0.01106	0.01283	0.00619	0.01681	0.00973	0.02566	0.00796	0.00929	0.00619	0.00531	0.00354	0.00177	0.00442	0.00310	0.00354	0.00619
40	0.01251	0.01251	0.01752	0.01502	0.01502	0.01752	0.01251	0.01377	0.00876	0.01377	0.00751	0.01251	0.00751	0.01001	0.01877	0.00250	0.78851	0.00501	0.00250	0.00626
41	0.83938	0.01106	0.00841	0.00752	0.01106	0.01283	0.00619	0.01681	0.00973	0.02566	0.00796	0.00929	0.00619	0.00531	0.00354	0.00177	0.00442	0.00310	0.00354	0.00619
42	0.01147	0.02959	0.76934	0.01630	0.02476	0.01328	0.02113	0.01811	0.01208	0.01811	0.01026	0.01208	0.00725	0.00543	0.00543	0.00181	0.00845	0.00423	0.00242	0.00845
43	0.00817	0.00613	0.00919	0.00919	0.01021	0.00715	0.00715	0.01021	0.00919	0.01328	0.01532	0.02247	0.01430	0.04290	0.77631	0.00919	0.01532	0.00613	0.00306	0.00511
44	0.01093	0.01029	0.01738	0.75720	0.06645	0.01274	0.01595	0.01472	0.01150	0.01477	0.01019	0.01521	0.00768	0.00570	0.00572	0.00190	0.00759	0.00508	0.00255	0.00646
45	0.01147	0.02959	0.76934	0.01630	0.02476	0.01328	0.02113	0.01811	0.01208	0.01811	0.01026	0.01208	0.00725	0.00543	0.00543	0.00181	0.00845	0.00423	0.00242	0.00845
46	0.00682	0.00577	0.00589	0.00591	0.00777	0.00485	0.00441	0.00830	0.01311	0.01572	0.08495	0.07443	0.71367	0.01447	0.00677	0.00194	0.00290	0.01212	0.00535	0.00485
47	0.05573	0.01064	0.01216	0.00886	0.01380	0.00870	0.00714	0.07074	0.01312	0.05756	0.01094	0.01225	0.00873	0.00463	0.00439	0.00101	0.00443	0.00363	0.00376	0.68778
48	0.02174	0.01602	0.01717	0.01316	0.01774	0.01774	0.01087	0.74423	0.02689	0.03605	0.01373	0.01373	0.00973	0.00687	0.00572	0.00172	0.00629	0.00515	0.00572	0.00973
49	0.01147	0.02959	0.76934	0.01630	0.02476	0.01328	0.02113	0.01811	0.01208	0.01811	0.01026	0.01208	0.00725	0.00543	0.00543	0.00181	0.00845	0.00423	0.00242	0.00845
50	0.01151	0.01088	0.01843	0.62791	0.19122	0.01289	0.01624	0.01523	0.01177	0.01547	0.01029	0.01502	0.00793	0.00559	0.00571	0.00186	0.00745	0.00509	0.00260	0.00692
51	0.01488	0.71859	0.11017	0.01049	0.01577	0.02162	0.01102	0.01723	0.01167	0.01396	0.00820	0.00949	0.00733	0.00495	0.00386	0.00129	0.00637	0.00319	0.00244	0.00746
52	0.00832	0.00555	0.00624	0.00624	0.00624	0.00555	0.00347	0.00832	0.00832	0.01109	0.01802	0.03743	0.02080	0.79898	0.02911	0.00555	0.00555	0.00832	0.00347	0.00347
53	0.00832	0.00555	0.00624	0.00624	0.00624	0.00555	0.00347	0.00832	0.00832	0.01109	0.01802	0.03743	0.02080	0.79898	0.02911	0.00555	0.00555	0.00832	0.00347	0.00347
54	0.08802	0.01532	0.05137	0.02090	0.02644	0.01431	0.56687	0.07928	0.01419	0.02048	0.01134	0.01451	0.00849	0.00504	0.00625	0.00185	0.00866	0.00609	0.00319	0.03738

[dist]
# distance from previous block
# <min> <max>
0	2

[block]
# block no. 1 follows, 41 sequences, length 16
# corresponding to MSA columns:
# 123-138
name=unknown_B
#
# <colnr> <probs for GDERKNQSTAVLIFYWHMCP>
#	G	D	E	R	K	N	Q	S	T	A	V	L	I	F	Y	W	H	M	C	P
0	0.01383	0.01317	0.02238	0.03360	0.72263	0.01315	0.01690	0.01719	0.01319	0.01892	0.05115	0.01570	0.01148	0.00545	0.00572	0.00170	0.00657	0.00538	0.00302	0.00886
1	0.06167	0.10785	0.64762	0.01511	0.02290	0.01422	0.01907	0.01793	0.01189	0.01809	0.00989	0.01161	0.00719	0.00537	0.00514	0.00175	0.00797	0.00404	0.00249	0.00820
2	0.02174	0.01602	0.01717	0.01316	0.01774	0.01774	0.01087	0.74423	0.02689	0.03605	0.01373	0.01373	0.00973	0.00687	0.00572	0.00172	0.00629	0.00515	0.00572	0.00973
3	0.01370	0.01540	0.11354	0.06209	0.64542	0.01352	0.01792	0.01751	0.01285	0.01846	0.01068	0.01395	0.00878	0.00516	0.00564	0.00172	0.00703	0.00499	0.00277	0.00888
4	0.01719	0.01892	0.02032	0.02652	0.45089	0.30583	0.01482	0.04566	0.01474	0.01751	0.01013	0.01267	0.00844	0.00547	0.00547	0.00161	0.00813	0.00456	0.00298	0.00815
5	0.00927	0.00611	0.00802	0.00739	0.00895	0.00560	0.00560	0.01193	0.01620	0.07250	0.71116	0.04118	0.05132	0.01139	0.00668	0.00180	0.00284	0.01004	0.00635	0.00569
6	0.00810	0.00585	0.00765	0.00720	0.00855	0.00540	0.00540	0.01079	0.01619	0.02294	0.76028	0.04273	0.05397	0.01169	0.00675	0.00180	0.00270	0.01034	0.00630	0.00540
7	0.01066	0.00533	0.00533	0.00533	0.00666	0.00533	0.00400	0.01333	0.01200	0.02132	0.01866	0.02132	0.01466	0.00666	0.00400	0.00133	0.00267	0.00533	0.83073	0.00533
8	0.01251	0.01251	0.01752	0.01502	0.01502	0.01752	0.01251	0.01377	0.00876	0.01377	0.00751	0.01251	0.00751	0.01001	0.01877	0.00250	0.78851	0.00501	0.00250	0.00626
9	0.00832	0.00555	0.00624	0.00624	0.00624	0.00555	0.00347	0.00832	0.00832	0.01109	0.01802	0.03743	0.02080	0.79898	0.02911	0.00555	0.00555	0.00832	0.00347	0.00347
10	0.00829	0.00609	0.00901	0.00901	0.01005	0.00707	0.00700	0.01036	0.00932	0.01365	0.01548	0.02242	0.01432	0.04122	0.74056	0.00883	0.01474	0.00609	0.04138	0.00512
11	0.01105	0.01041	0.01760	0.73080	0.09192	0.01277	0.01601	0.01483	0.01155	0.01491	0.01021	0.01517	0.00773	0.00567	0.00571	0.00189	0.00756	0.00508	0.00256	0.00655
12	0.01617	0.69096	0.02799	0.01050	0.01511	0.13096	0.00997	0.01795	0.01228	0.01354	0.00808	0.00934	0.00734	0.00504	0.00388	0.00126	0.00672	0.00315	0.00252	0.00724
13	0.01984	0.01507	0.01609	0.01278	0.01701	0.01685	0.01041	0.56324	0.21099	0.03298	0.01615	0.01566	0.01169	0.00709	0.00575	0.00177	0.00585	0.00548	0.00575	0.00956
14	0.01476	0.01217	0.01295	0.01157	0.01486	0.01396	0.00902	0.03028	0.71886	0.05834	0.02325	0.02125	0.01731	0.00773	0.00582	0.00193	0.00454	0.00643	0.00588	0.00909
15	0.00815	0.00552	0.00646	0.00662	0.00671	0.00554	0.00390	0.00839	0.00867	0.01163	0.01942	0.12388	0.02237	0.66347	0.07155	0.00539	0.00588	0.00910	0.00365	0.00370

[dist]
# distance from previous block
# <min> <max>
0	1

[block]
# block no. 2 follows, 41 sequences, length 33
# corresponding to MSA columns:
# 140-172
name=unknown_C
#
# <colnr> <probs for GDERKNQSTAVLIFYWHMCP>
#	G	D	E	R	K	N	Q	S	T	A	V	L	I	F	Y	W	H	M	C	P
0	0.01080	0.01017	0.01716	0.78523	0.03940	0.01271	0.01589	0.01461	0.01144	0.01461	0.01017	0.01525	0.00762	0.00572	0.00572	0.00191	0.00762	0.00508	0.00254	0.00635
1	0.01066	0.00533	0.00533	0.00533	0.00666	0.00533	0.00400	0.01333	0.01200	0.02132	0.01866	0.02132	0.01466	0.00666	0.00400	0.00133	0.00267	0.00533	0.83073	0.00533
2	0.01370	0.01318	0.02280	0.03292	0.67959	0.01311	0.05551	0.01703	0.01293	0.01843	0.01203	0.06035	0.01074	0.00584	0.00582	0.00175	0.00674	0.00584	0.00298	0.00873
3	0.00676	0.00579	0.00579	0.00579	0.00773	0.00483	0.00435	0.00821	0.01304	0.01545	0.05794	0.05505	0.76098	0.01449	0.00676	0.00193	0.00290	0.01207	0.00531	0.00483
4	0.00721	0.00525	0.00671	0.00769	0.00831	0.00487	0.00530	0.00839	0.01148	0.01514	0.07812	0.57680	0.12449	0.06313	0.00852	0.00245	0.00347	0.05273	0.00526	0.00468
5	0.01529	0.80242	0.02997	0.00979	0.01468	0.02263	0.00979	0.01713	0.01162	0.01346	0.00795	0.00918	0.00734	0.00489	0.00367	0.00122	0.00612	0.00306	0.00245	0.00734
6	0.01226	0.01166	0.01979	0.45907	0.35415	0.01309	0.01661	0.01589	0.01213	0.01639	0.01042	0.01477	0.00825	0.00545	0.00569	0.00182	0.00726	0.00509	0.00267	0.00753
7	0.01251	0.01251	0.01752	0.01502	0.01502	0.01752	0.01251	0.01377	0.00876	0.01377	0.00751	0.01251	0.00751	0.01001	0.01877	0.00250	0.78851	0.00501	0.00250	0.00626
8	0.00697	0.00498	0.00664	0.00796	0.00830	0.00465	0.00531	0.00796	0.01095	0.01460	0.03153	0.79525	0.03783	0.01792	0.00730	0.00232	0.00332	0.01626	0.00531	0.00465
9	0.01826	0.00883	0.01140	0.00949	0.01272	0.00827	0.00760	0.02261	0.12083	0.41533	0.24771	0.02800	0.02725	0.00881	0.00612	0.00183	0.00417	0.02596	0.00661	0.00820
10	0.00701	0.00572	0.00620	0.00625	0.00792	0.00491	0.00462	0.00863	0.01338	0.01666	0.17696	0.12534	0.56781	0.01434	0.00681	0.00195	0.00290	0.01218	0.00548	0.00491
11	0.00701	0.00501	0.00668	0.00793	0.00831	0.00467	0.00531	0.00807	0.01115	0.01492	0.05951	0.76635	0.03845	0.01768	0.00728	0.00230	0.00329	0.01603	0.00535	0.00467
12	0.02343	0.01332	0.01549	0.01188	0.01639	0.01373	0.00981	0.43638	0.02237	0.35028	0.01753	0.01620	0.01163	0.00696	0.00573	0.00174	0.00568	0.00541	0.00631	0.00973
13	0.01416	0.01359	0.02322	0.03511	0.76330	0.01359	0.01755	0.01755	0.01302	0.01869	0.01076	0.01416	0.00906	0.00510	0.00566	0.00170	0.00680	0.00510	0.00283	0.00906
14	0.01457	0.01438	0.02281	0.03393	0.72034	0.05752	0.01718	0.01786	0.01321	0.01842	0.01065	0.01394	0.00896	0.00514	0.00563	0.00169	0.00700	0.00502	0.00284	0.00892
15	0.01251	0.01251	0.01752	0.01502	0.01502	0.01752	0.01251	0.01377	0.00876	0.01377	0.00751	0.01251	0.00751	0.01001	0.01877	0.00250	0.78851	0.00501	0.00250	0.00626
16	0.00722	0.00529	0.00679	0.00752	0.00829	0.00485	0.00522	0.00869	0.01249	0.01676	0.21485	0.52277	0.12619	0.01598	0.00710	0.00215	0.00312	0.01431	0.00555	0.00485
17	0.01147	0.02959	0.76934	0.01630	0.02476	0.01328	0.02113	0.01811	0.01208	0.01811	0.01026	0.01208	0.00725	0.00543	0.00543	0.00181	0.00845	0.00423	0.00242	0.00845
18	0.01423	0.01229	0.01293	0.01164	0.01487	0.01423	0.00905	0.03039	0.75297	0.02393	0.02328	0.02134	0.01746	0.00776	0.00582	0.00194	0.00453	0.00647	0.00582	0.00905
19	0.01416	0.01359	0.02322	0.03511	0.76330	0.01359	0.01755	0.01755	0.01302	0.01869	0.01076	0.01416	0.00906	0.00510	0.00566	0.00170	0.00680	0.00510	0.00283	0.00906
20	0.00832	0.00555	0.00624	0.00624	0.00624	0.00555	0.00347	0.00832	0.00832	0.01109	0.01802	0.03743	0.02080	0.79898	0.02911	0.00555	0.00555	0.00832	0.00347	0.00347
21	0.00692	0.00516	0.00645	0.00749	0.00817	0.00469	0.00510	0.00802	0.01141	0.01479	0.03731	0.63329	0.19606	0.01717	0.00718	0.00224	0.00323	0.01534	0.00531	0.00469
22	0.01416	0.01359	0.02322	0.03511	0.76330	0.01359	0.01755	0.01755	0.01302	0.01869	0.01076	0.01416	0.00906	0.00510	0.00566	0.00170	0.00680	0.00510	0.00283	0.00906
23	0.00703	0.00503	0.00670	0.00792	0.00831	0.00469	0.00531	0.00813	0.01125	0.01508	0.07352	0.75189	0.03876	0.01756	0.00727	0.00229	0.00328	0.01592	0.00537	0.00469
24	0.02112	0.05827	0.01676	0.01454	0.01756	0.74588	0.01100	0.02261	0.01603	0.01398	0.00881	0.01027	0.00737	0.00585	0.00510	0.00146	0.01015	0.00366	0.00293	0.00666
25	0.01059	0.00640	0.00845	0.00762	0.00941	0.00583	0.00583	0.01322	0.01622	0.12884	0.65532	0.03942	0.04831	0.01104	0.00660	0.00179	0.00301	0.00969	0.00641	0.00601
26	0.01147	0.02959	0.76934	0.01630	0.02476	0.01328	0.02113	0.01811	0.01208	0.01811	0.01026	0.01208	0.00725	0.00543	0.00543	0.00181	0.00845	0.00423	0.00242	0.00845
27	0.01416	0.01359	0.02322	0.03511	0.76330	0.01359	0.01755	0.01755	0.01302	0.01869	0.01076	0.01416	0.00906	0.00510	0.00566	0.00170	0.00680	0.00510	0.00283	0.00906
28	0.02522	0.01044	0.01371	0.01051	0.01495	0.00946	0.00868	0.10839	0.01755	0.68508	0.02157	0.01882	0.01366	0.00706	0.00575	0.00176	0.00503	0.00568	0.00693	0.00973
29	0.01186	0.01017	0.01186	0.00847	0.01356	0.00762	0.00678	0.01440	0.01186	0.01864	0.01017	0.01186	0.00847	0.00424	0.00424	0.00085	0.00424	0.00339	0.00339	0.83395
30	0.00832	0.00555	0.00624	0.00624	0.00624	0.00555	0.00347	0.00832	0.00832	0.01109	0.01802	0.03743	0.02080	0.79898	0.02911	0.00555	0.00555	0.00832	0.00347	0.00347
31	0.00697	0.00498	0.00664	0.00796	0.00830	0.00465	0.00531	0.00796	0.01095	0.01460	0.03153	0.79525	0.03783	0.01792	0.00730	0.00232	0.00332	0.01626	0.00531	0.00465
32	0.01171	0.00698	0.00714	0.00676	0.00855	0.00739	0.00516	0.04285	0.14681	0.02233	0.01932	0.02105	0.01499	0.00687	0.00439	0.00146	0.00313	0.00553	0.65141	0.00616

[dist]
# distance from previous block
# <min> <max>
0	92

# created by:
# /software/SequenceAnalysis/GenePrediction/augustus/3.0.1/scripts/msa2prfl.pl ./fixed/BUSCOvEOG7MSFD7.fas
