[name]
unknown

[dist]
# distance from previous block
# <min> <max>
0	178

[block]
# block no. 0 follows, 40 sequences, length 47
# corresponding to MSA columns:
# 180-226
name=unknown_A
#
# <colnr> <probs for GDERKNQSTAVLIFYWHMCP>
#	G	D	E	R	K	N	Q	S	T	A	V	L	I	F	Y	W	H	M	C	P
0	0.01555	0.79913	0.03047	0.00995	0.01493	0.02301	0.00995	0.01741	0.01182	0.01368	0.00808	0.00933	0.00746	0.00498	0.00373	0.00124	0.00622	0.00311	0.00249	0.00746
1	0.01166	0.03008	0.76550	0.01657	0.02517	0.01351	0.02149	0.01842	0.01228	0.01842	0.01044	0.01228	0.00737	0.00552	0.00552	0.00184	0.00859	0.00430	0.00246	0.00859
2	0.83671	0.01125	0.00855	0.00765	0.01125	0.01305	0.00630	0.01709	0.00990	0.02609	0.00810	0.00945	0.00630	0.00540	0.00360	0.00180	0.00450	0.00315	0.00360	0.00630
3	0.02053	0.01551	0.01656	0.01306	0.01743	0.01730	0.01067	0.59366	0.17621	0.03411	0.01596	0.01556	0.01151	0.00717	0.00584	0.00179	0.00603	0.00551	0.00584	0.00975
4	0.00846	0.00564	0.00634	0.00634	0.00634	0.00564	0.00352	0.00846	0.00846	0.01128	0.01832	0.03805	0.02114	0.79563	0.02960	0.00564	0.00564	0.00846	0.00352	0.00352
5	0.01272	0.01272	0.01781	0.01527	0.01527	0.01781	0.01272	0.01399	0.00891	0.01399	0.00763	0.01272	0.00763	0.01018	0.01908	0.00254	0.78499	0.00509	0.00254	0.00636
6	0.00709	0.00506	0.00675	0.00810	0.00843	0.00472	0.00540	0.00810	0.01113	0.01484	0.03205	0.79184	0.03846	0.01822	0.00742	0.00236	0.00337	0.01653	0.00540	0.00472
7	0.01439	0.01382	0.02360	0.03569	0.75936	0.01382	0.01785	0.01785	0.01324	0.01900	0.01094	0.01439	0.00921	0.00518	0.00576	0.00173	0.00691	0.00518	0.00288	0.00921
8	0.01516	0.72163	0.10454	0.01062	0.01596	0.02205	0.01111	0.01751	0.01186	0.01416	0.00832	0.00963	0.00745	0.00503	0.00391	0.00130	0.00646	0.00323	0.00248	0.00758
9	0.01653	0.01216	0.01336	0.01150	0.01515	0.01335	0.00907	0.06495	0.55783	0.14029	0.02234	0.02048	0.01633	0.00754	0.00581	0.00187	0.00473	0.00622	0.00598	0.05450
10	0.02609	0.00990	0.01350	0.01035	0.01484	0.00855	0.00855	0.02834	0.01664	0.76338	0.02294	0.01979	0.01439	0.00720	0.00585	0.00180	0.00495	0.00585	0.00720	0.00990
11	0.01439	0.01382	0.02360	0.03569	0.75936	0.01382	0.01785	0.01785	0.01324	0.01900	0.01094	0.01439	0.00921	0.00518	0.00576	0.00173	0.00691	0.00518	0.00288	0.00921
12	0.02462	0.01546	0.01455	0.01185	0.01591	0.23557	0.00945	0.05732	0.01705	0.50995	0.01842	0.01678	0.01215	0.00683	0.00567	0.00171	0.00665	0.00520	0.00589	0.00896
13	0.00714	0.00510	0.00679	0.00806	0.00845	0.00476	0.00540	0.00823	0.01138	0.01523	0.06524	0.75754	0.03921	0.01793	0.00740	0.00234	0.00334	0.01626	0.00544	0.00476
14	0.00709	0.00506	0.00675	0.00810	0.00843	0.00472	0.00540	0.00810	0.01113	0.01484	0.03205	0.79184	0.03846	0.01822	0.00742	0.00236	0.00337	0.01653	0.00540	0.00472
15	0.01282	0.01191	0.01965	0.47178	0.29695	0.01352	0.01648	0.05577	0.01307	0.01754	0.01075	0.01502	0.00839	0.00565	0.00579	0.00185	0.00737	0.00518	0.00287	0.00764
16	0.06048	0.01605	0.01703	0.01311	0.01771	0.01780	0.01083	0.70591	0.02652	0.03615	0.01369	0.01375	0.00972	0.00691	0.00571	0.00175	0.00631	0.00514	0.00571	0.00972
17	0.00709	0.00506	0.00675	0.00810	0.00843	0.00472	0.00540	0.00810	0.01113	0.01484	0.03205	0.79184	0.03846	0.01822	0.00742	0.00236	0.00337	0.01653	0.00540	0.00472
18	0.83671	0.01125	0.00855	0.00765	0.01125	0.01305	0.00630	0.01709	0.00990	0.02609	0.00810	0.00945	0.00630	0.00540	0.00360	0.00180	0.00450	0.00315	0.00360	0.00630
19	0.02211	0.01629	0.01745	0.01338	0.01803	0.01803	0.01105	0.73997	0.02734	0.03665	0.01396	0.01396	0.00989	0.00698	0.00582	0.00175	0.00640	0.00524	0.00582	0.00989
20	0.01362	0.01640	0.07076	0.02411	0.03013	0.01465	0.70251	0.01862	0.01365	0.01862	0.01170	0.01552	0.00875	0.00493	0.00680	0.00195	0.00974	0.00673	0.00292	0.00788
21	0.01987	0.04242	0.01227	0.00935	0.01285	0.00813	0.00759	0.02210	0.01594	0.49638	0.18339	0.06850	0.05728	0.00906	0.00611	0.00182	0.00435	0.00762	0.00664	0.00833
22	0.51642	0.01151	0.01099	0.00909	0.01306	0.01245	0.00750	0.10967	0.01388	0.22695	0.01284	0.01281	0.00893	0.00608	0.00448	0.00179	0.00486	0.00414	0.00485	0.00772
23	0.01224	0.00960	0.01137	0.00881	0.01297	0.00776	0.00689	0.05386	0.01315	0.05138	0.04967	0.13813	0.01586	0.00715	0.00507	0.00123	0.00423	0.00606	0.00419	0.58038
24	0.05139	0.01193	0.01348	0.01087	0.01480	0.06667	0.00879	0.12361	0.06648	0.45879	0.03584	0.02085	0.01498	0.04358	0.00690	0.00199	0.00552	0.02834	0.00624	0.00896
25	0.00709	0.00506	0.00675	0.00810	0.00843	0.00472	0.00540	0.00810	0.01113	0.01484	0.03205	0.79184	0.03846	0.01822	0.00742	0.00236	0.00337	0.01653	0.00540	0.00472
26	0.58997	0.01384	0.01115	0.00953	0.01330	0.08470	0.00775	0.16935	0.01417	0.02720	0.00941	0.01049	0.00716	0.00579	0.00422	0.00176	0.00545	0.00364	0.00401	0.00709
27	0.01010	0.00505	0.00758	0.00758	0.00758	0.00505	0.00505	0.00758	0.00758	0.01010	0.01010	0.01768	0.01010	0.02020	0.02273	0.83081	0.00505	0.00505	0.00253	0.00253
28	0.01098	0.01034	0.01744	0.78165	0.04005	0.01292	0.01615	0.01486	0.01163	0.01486	0.01034	0.01550	0.00775	0.00581	0.00581	0.00194	0.00775	0.00517	0.00258	0.00646
29	0.01555	0.79913	0.03047	0.00995	0.01493	0.02301	0.00995	0.01741	0.01182	0.01368	0.00808	0.00933	0.00746	0.00498	0.00373	0.00124	0.00622	0.00311	0.00249	0.00746
30	0.01245	0.01020	0.01166	0.01139	0.01391	0.01140	0.00927	0.02346	0.45870	0.02159	0.02648	0.03901	0.02395	0.01111	0.00675	0.00225	0.00490	0.28811	0.00570	0.00769
31	0.01010	0.00505	0.00758	0.00758	0.00758	0.00505	0.00505	0.00758	0.00758	0.01010	0.01010	0.01768	0.01010	0.02020	0.02273	0.83081	0.00505	0.00505	0.00253	0.00253
32	0.02169	0.01068	0.01323	0.01077	0.01478	0.01048	0.00869	0.02877	0.26527	0.49350	0.04194	0.02104	0.01657	0.00755	0.00590	0.00186	0.00477	0.00621	0.00674	0.00955
33	0.00817	0.00552	0.00643	0.00670	0.00677	0.00545	0.00391	0.00838	0.00901	0.01201	0.02116	0.19358	0.02472	0.63523	0.02502	0.00496	0.00517	0.01012	0.00391	0.00377
34	0.00823	0.00594	0.00777	0.00732	0.00869	0.00549	0.00549	0.01097	0.01646	0.02332	0.75629	0.04344	0.05487	0.01189	0.00686	0.00183	0.00274	0.01052	0.00640	0.00549
35	0.60313	0.01008	0.00863	0.00775	0.01082	0.01131	0.00624	0.03839	0.01209	0.02573	0.19599	0.01812	0.01860	0.00708	0.00449	0.00181	0.00412	0.00506	0.00437	0.00621
36	0.01233	0.01171	0.01987	0.48737	0.32382	0.01327	0.01682	0.01604	0.01226	0.01649	0.01057	0.01507	0.00833	0.00556	0.00579	0.00185	0.00742	0.00517	0.00270	0.00755
37	0.01439	0.01382	0.02360	0.03569	0.75936	0.01382	0.01785	0.01785	0.01324	0.01900	0.01094	0.01439	0.00921	0.00518	0.00576	0.00173	0.00691	0.00518	0.00288	0.00921
38	0.83671	0.01125	0.00855	0.00765	0.01125	0.01305	0.00630	0.01709	0.00990	0.02609	0.00810	0.00945	0.00630	0.00540	0.00360	0.00180	0.00450	0.00315	0.00360	0.00630
39	0.83671	0.01125	0.00855	0.00765	0.01125	0.01305	0.00630	0.01709	0.00990	0.02609	0.00810	0.00945	0.00630	0.00540	0.00360	0.00180	0.00450	0.00315	0.00360	0.00630
40	0.01311	0.05667	0.08504	0.01393	0.05153	0.01083	0.15979	0.01653	0.01261	0.04206	0.01094	0.01302	0.00869	0.00470	0.00502	0.00126	0.00606	0.00436	0.00329	0.48054
41	0.00817	0.00594	0.00769	0.00725	0.00865	0.00546	0.00544	0.01086	0.01632	0.02298	0.72522	0.04400	0.08615	0.01201	0.00686	0.00183	0.00275	0.01059	0.00636	0.00546
42	0.00762	0.00545	0.00734	0.00813	0.00859	0.00551	0.00557	0.00873	0.01025	0.01393	0.02566	0.47537	0.02961	0.15102	0.20397	0.00466	0.00682	0.01262	0.00452	0.00465
43	0.83671	0.01125	0.00855	0.00765	0.01125	0.01305	0.00630	0.01709	0.00990	0.02609	0.00810	0.00945	0.00630	0.00540	0.00360	0.00180	0.00450	0.00315	0.00360	0.00630
44	0.01166	0.03008	0.76550	0.01657	0.02517	0.01351	0.02149	0.01842	0.01228	0.01842	0.01044	0.01228	0.00737	0.00552	0.00552	0.00184	0.00859	0.00430	0.00246	0.00859
45	0.01439	0.01382	0.02360	0.03569	0.75936	0.01382	0.01785	0.01785	0.01324	0.01900	0.01094	0.01439	0.00921	0.00518	0.00576	0.00173	0.00691	0.00518	0.00288	0.00921
46	0.01272	0.01272	0.01781	0.01527	0.01527	0.01781	0.01272	0.01399	0.00891	0.01399	0.00763	0.01272	0.00763	0.01018	0.01908	0.00254	0.78499	0.00509	0.00254	0.00636

[dist]
# distance from previous block
# <min> <max>
0	5

[block]
# block no. 1 follows, 40 sequences, length 70
# corresponding to MSA columns:
# 232-301
name=unknown_B
#
# <colnr> <probs for GDERKNQSTAVLIFYWHMCP>
#	G	D	E	R	K	N	Q	S	T	A	V	L	I	F	Y	W	H	M	C	P
0	0.02200	0.01562	0.01693	0.01307	0.01765	0.01715	0.01077	0.65013	0.06461	0.08955	0.01514	0.01480	0.01064	0.00704	0.00582	0.00176	0.00620	0.00535	0.00592	0.00985
1	0.01413	0.01355	0.02312	0.09393	0.70320	0.01375	0.01771	0.01761	0.01312	0.01868	0.01089	0.01448	0.00910	0.00523	0.00576	0.00174	0.00697	0.00518	0.00286	0.00900
2	0.02211	0.01629	0.01745	0.01338	0.01803	0.01803	0.01105	0.73997	0.02734	0.03665	0.01396	0.01396	0.00989	0.00698	0.00582	0.00175	0.00640	0.00524	0.00582	0.00989
3	0.01206	0.01034	0.01206	0.00861	0.01378	0.00775	0.00689	0.01464	0.01206	0.01895	0.01034	0.01206	0.00861	0.00431	0.00431	0.00086	0.00431	0.00345	0.00345	0.83118
4	0.02494	0.00987	0.01331	0.01042	0.01474	0.00870	0.00861	0.02777	0.04528	0.70340	0.02330	0.02177	0.01532	0.00759	0.00594	0.00184	0.00495	0.03550	0.00707	0.00968
5	0.00709	0.00506	0.00675	0.00810	0.00843	0.00472	0.00540	0.00810	0.01113	0.01484	0.03205	0.79184	0.03846	0.01822	0.00742	0.00236	0.00337	0.01653	0.00540	0.00472
6	0.02211	0.01629	0.01745	0.01338	0.01803	0.01803	0.01105	0.73997	0.02734	0.03665	0.01396	0.01396	0.00989	0.00698	0.00582	0.00175	0.00640	0.00524	0.00582	0.00989
7	0.01964	0.01506	0.01606	0.01288	0.01709	0.01688	0.01046	0.51108	0.26024	0.03267	0.01710	0.01646	0.01243	0.00727	0.00585	0.00182	0.00582	0.00567	0.00585	0.00967
8	0.01010	0.00505	0.00758	0.00758	0.00758	0.00505	0.00505	0.00758	0.00758	0.01010	0.01010	0.01768	0.01010	0.02020	0.02273	0.83081	0.00505	0.00505	0.00253	0.00253
9	0.83671	0.01125	0.00855	0.00765	0.01125	0.01305	0.00630	0.01709	0.00990	0.02609	0.00810	0.00945	0.00630	0.00540	0.00360	0.00180	0.00450	0.00315	0.00360	0.00630
10	0.01523	0.73702	0.08984	0.01049	0.01575	0.02224	0.01088	0.01749	0.01185	0.01406	0.00827	0.00957	0.00745	0.00502	0.00388	0.00129	0.00641	0.00321	0.00248	0.00755
11	0.01206	0.01034	0.01206	0.00861	0.01378	0.00775	0.00689	0.01464	0.01206	0.01895	0.01034	0.01206	0.00861	0.00431	0.00431	0.00086	0.00431	0.00345	0.00345	0.83118
12	0.00810	0.00594	0.00760	0.00718	0.00861	0.00543	0.00539	0.01073	0.01616	0.02260	0.69042	0.04462	0.12118	0.01216	0.00686	0.00184	0.00276	0.01068	0.00631	0.00543
13	0.00709	0.00506	0.00675	0.00810	0.00843	0.00472	0.00540	0.00810	0.01113	0.01484	0.03205	0.79184	0.03846	0.01822	0.00742	0.00236	0.00337	0.01653	0.00540	0.00472
14	0.00709	0.00506	0.00675	0.00810	0.00843	0.00472	0.00540	0.00810	0.01113	0.01484	0.03205	0.79184	0.03846	0.01822	0.00742	0.00236	0.00337	0.01653	0.00540	0.00472
15	0.01439	0.01382	0.02360	0.03569	0.75936	0.01382	0.01785	0.01785	0.01324	0.01900	0.01094	0.01439	0.00921	0.00518	0.00576	0.00173	0.00691	0.00518	0.00288	0.00921
16	0.01446	0.01249	0.01315	0.01183	0.01512	0.01446	0.00920	0.03090	0.74885	0.02433	0.02367	0.02170	0.01775	0.00789	0.00592	0.00197	0.00460	0.00657	0.00592	0.00920
17	0.01446	0.56063	0.21873	0.01242	0.01837	0.02014	0.05170	0.01773	0.01204	0.01516	0.00888	0.01042	0.00751	0.00511	0.00436	0.00143	0.00702	0.00361	0.00250	0.00777
18	0.00810	0.00594	0.00760	0.00718	0.00861	0.00543	0.00539	0.01073	0.01616	0.02260	0.69042	0.04462	0.12118	0.01216	0.00686	0.00184	0.00276	0.01068	0.00631	0.00543
19	0.01263	0.01219	0.01963	0.01411	0.01934	0.01039	0.24992	0.01594	0.01251	0.01868	0.01072	0.01328	0.00865	0.00469	0.00563	0.00128	0.03128	0.00463	0.00325	0.53122
20	0.00709	0.00506	0.00675	0.00810	0.00843	0.00472	0.00540	0.00810	0.01113	0.01484	0.03205	0.79184	0.03846	0.01822	0.00742	0.00236	0.00337	0.01653	0.00540	0.00472
21	0.01898	0.01454	0.01559	0.01257	0.01662	0.01624	0.01017	0.48058	0.24978	0.03210	0.05790	0.01798	0.01480	0.00753	0.00591	0.00182	0.00564	0.00594	0.00588	0.00943
22	0.02249	0.01446	0.01622	0.01240	0.01705	0.01523	0.01023	0.53242	0.02398	0.20678	0.01588	0.01523	0.01088	0.00688	0.00574	0.00171	0.00594	0.00528	0.00601	0.05518
23	0.02243	0.01042	0.01331	0.01034	0.01450	0.00960	0.00846	0.13676	0.01804	0.51464	0.11394	0.02146	0.01851	0.00760	0.00589	0.00174	0.00486	0.00621	0.00667	0.05463
24	0.01246	0.02897	0.72403	0.01623	0.02460	0.01323	0.02077	0.01896	0.01252	0.05950	0.01113	0.01269	0.00775	0.00562	0.00554	0.00184	0.00839	0.00438	0.00272	0.00867
25	0.01285	0.18595	0.61212	0.01546	0.02331	0.01563	0.01923	0.01846	0.01243	0.01782	0.01036	0.01224	0.00777	0.00568	0.00533	0.00179	0.00823	0.00419	0.00260	0.00856
26	0.02640	0.01018	0.01376	0.01061	0.01512	0.00878	0.00871	0.02853	0.01686	0.75897	0.02326	0.02030	0.01474	0.00745	0.00602	0.00187	0.00508	0.00597	0.00731	0.01008
27	0.01206	0.03023	0.76094	0.01680	0.02538	0.01370	0.02157	0.01867	0.01252	0.01877	0.01084	0.01283	0.00776	0.00579	0.00570	0.00191	0.00871	0.00443	0.00260	0.00879
28	0.01125	0.00573	0.00573	0.00572	0.00710	0.00567	0.00426	0.01383	0.01244	0.02202	0.01932	0.02218	0.01525	0.00704	0.00425	0.00143	0.00286	0.00555	0.82276	0.00563
29	0.01304	0.01288	0.01803	0.04789	0.01659	0.01778	0.01300	0.01431	0.00929	0.01442	0.00817	0.01339	0.00803	0.01023	0.01861	0.00259	0.74728	0.00522	0.00269	0.00657
30	0.01051	0.00536	0.00788	0.00786	0.00790	0.00530	0.00524	0.00789	0.00785	0.01051	0.01050	0.01820	0.01047	0.02038	0.02279	0.82557	0.00519	0.00518	0.00267	0.00276
31	0.02283	0.01034	0.01341	0.01024	0.01488	0.00873	0.00834	0.02537	0.03320	0.56657	0.02032	0.01853	0.01346	0.00679	0.00566	0.00166	0.00493	0.00542	0.00640	0.20294
32	0.01592	0.79435	0.03063	0.01022	0.01520	0.02315	0.01010	0.01767	0.01207	0.01407	0.00850	0.00990	0.00785	0.00525	0.00391	0.00132	0.00635	0.00325	0.00263	0.00766
33	0.01523	0.01356	0.01359	0.01226	0.01555	0.05463	0.00947	0.03067	0.70575	0.02411	0.02321	0.02160	0.01753	0.00804	0.00605	0.00202	0.00505	0.00654	0.00588	0.00926
34	0.01206	0.03023	0.76094	0.01680	0.02538	0.01370	0.02157	0.01867	0.01252	0.01877	0.01084	0.01283	0.00776	0.00579	0.00570	0.00191	0.00871	0.00443	0.00260	0.00879
35	0.00759	0.00542	0.00713	0.00846	0.00886	0.00504	0.00570	0.00853	0.01146	0.01530	0.03227	0.76506	0.03850	0.01834	0.00760	0.00244	0.00358	0.03822	0.00552	0.00496
36	0.02206	0.02788	0.01672	0.01522	0.01823	0.76762	0.01138	0.02344	0.01670	0.01462	0.00940	0.01105	0.00788	0.00626	0.00542	0.00157	0.01059	0.00388	0.00313	0.00695
37	0.01139	0.01061	0.01768	0.77697	0.04017	0.01312	0.01626	0.01513	0.01188	0.01524	0.01074	0.01604	0.00814	0.00608	0.00598	0.00201	0.00787	0.00529	0.00273	0.00667
38	0.01139	0.01061	0.01768	0.77697	0.04017	0.01312	0.01626	0.01513	0.01188	0.01524	0.01074	0.01604	0.00814	0.00608	0.00598	0.00201	0.00787	0.00529	0.00273	0.00667
39	0.01139	0.01061	0.01768	0.77697	0.04017	0.01312	0.01626	0.01513	0.01188	0.01524	0.01074	0.01604	0.00814	0.00608	0.00598	0.00201	0.00787	0.00529	0.00273	0.00667
40	0.01273	0.01201	0.01998	0.46721	0.30622	0.01366	0.01675	0.01620	0.01236	0.01674	0.01085	0.01551	0.00867	0.00603	0.00653	0.00196	0.04078	0.00530	0.00283	0.00768
41	0.01083	0.00993	0.01644	0.58733	0.03345	0.01181	0.04417	0.01404	0.01181	0.01537	0.01469	0.15741	0.01377	0.00840	0.00662	0.00210	0.02474	0.00743	0.00325	0.00641
42	0.00888	0.00595	0.00665	0.00663	0.00667	0.00589	0.00372	0.00877	0.00873	0.01168	0.01867	0.03845	0.02144	0.79083	0.02961	0.00569	0.00577	0.00856	0.00366	0.00375
43	0.01125	0.00573	0.00573	0.00572	0.00710	0.00567	0.00426	0.01383	0.01244	0.02202	0.01932	0.02218	0.01525	0.00704	0.00425	0.00143	0.00286	0.00555	0.82276	0.00563
44	0.06584	0.01626	0.01721	0.01332	0.01793	0.01794	0.01095	0.69708	0.02656	0.03633	0.01403	0.01427	0.01007	0.00716	0.00587	0.00182	0.00642	0.00525	0.00582	0.00988
45	0.01478	0.01407	0.02380	0.03580	0.75486	0.01401	0.01795	0.01810	0.01348	0.01935	0.01134	0.01493	0.00959	0.00545	0.00593	0.00180	0.00703	0.00531	0.00302	0.00940
46	0.00865	0.00625	0.00807	0.00760	0.00900	0.00574	0.00567	0.01127	0.01668	0.02365	0.75191	0.04379	0.05495	0.01212	0.00702	0.00190	0.00289	0.01061	0.00652	0.00570
47	0.01206	0.03023	0.76094	0.01680	0.02538	0.01370	0.02157	0.01867	0.01252	0.01877	0.01084	0.01283	0.00776	0.00579	0.00570	0.00191	0.00871	0.00443	0.00260	0.00879
48	0.83182	0.01152	0.00884	0.00793	0.01155	0.01325	0.00648	0.01735	0.01016	0.02640	0.00851	0.01002	0.00669	0.00567	0.00378	0.00187	0.00464	0.00329	0.00373	0.00651
49	0.00873	0.00653	0.00963	0.00962	0.01069	0.00751	0.00744	0.01069	0.00961	0.01389	0.01594	0.02333	0.01488	0.04364	0.76784	0.00937	0.01564	0.00635	0.00325	0.00541
50	0.83182	0.01152	0.00884	0.00793	0.01155	0.01325	0.00648	0.01735	0.01016	0.02640	0.00851	0.01002	0.00669	0.00567	0.00378	0.00187	0.00464	0.00329	0.00373	0.00651
51	0.02244	0.01653	0.01769	0.01363	0.01829	0.01820	0.01120	0.73559	0.02749	0.03689	0.01434	0.01451	0.01026	0.00724	0.00599	0.00182	0.00653	0.00536	0.00594	0.01007
52	0.00841	0.00624	0.00773	0.00734	0.00885	0.00563	0.00548	0.01079	0.01610	0.02226	0.62487	0.04608	0.18286	0.01263	0.00702	0.00193	0.00293	0.01093	0.00634	0.00559
53	0.01125	0.00573	0.00573	0.00572	0.00710	0.00567	0.00426	0.01383	0.01244	0.02202	0.01932	0.02218	0.01525	0.00704	0.00425	0.00143	0.00286	0.00555	0.82276	0.00563
54	0.06541	0.01626	0.01722	0.01332	0.01793	0.01794	0.01095	0.69746	0.02657	0.03633	0.01403	0.01427	0.01007	0.00716	0.00587	0.00182	0.00643	0.00525	0.00582	0.00989
55	0.01125	0.00573	0.00573	0.00572	0.00710	0.00567	0.00426	0.01383	0.01244	0.02202	0.01932	0.02218	0.01525	0.00704	0.00425	0.00143	0.00286	0.00555	0.82276	0.00563
56	0.04683	0.01370	0.02273	0.09293	0.66931	0.01391	0.01736	0.01784	0.01322	0.01931	0.01118	0.01483	0.00936	0.00551	0.00585	0.00182	0.00700	0.00523	0.00302	0.00907
57	0.01592	0.79435	0.03063	0.01022	0.01520	0.02315	0.01010	0.01767	0.01207	0.01407	0.00850	0.00990	0.00785	0.00525	0.00391	0.00132	0.00635	0.00325	0.00263	0.00766
58	0.01246	0.01061	0.01233	0.00889	0.01406	0.00799	0.00706	0.01492	0.01231	0.01930	0.01074	0.01262	0.00899	0.00458	0.00449	0.00094	0.00445	0.00358	0.00358	0.82610
59	0.01697	0.01228	0.01348	0.01182	0.01535	0.01358	0.00924	0.03060	0.61099	0.15928	0.02385	0.02184	0.01746	0.00802	0.00607	0.00201	0.00480	0.00656	0.00627	0.00952
60	0.01258	0.01073	0.01239	0.00906	0.01414	0.00834	0.00719	0.01577	0.05117	0.01959	0.01144	0.01312	0.00948	0.00477	0.00457	0.00100	0.00446	0.00375	0.00371	0.78275
61	0.00735	0.00620	0.00626	0.00623	0.00820	0.00518	0.00464	0.00875	0.01360	0.01634	0.08229	0.05582	0.72913	0.01484	0.00703	0.00203	0.00309	0.01230	0.00556	0.00515
62	0.01206	0.03023	0.76094	0.01680	0.02538	0.01370	0.02157	0.01867	0.01252	0.01877	0.01084	0.01283	0.00776	0.00579	0.00570	0.00191	0.00871	0.00443	0.00260	0.00879
63	0.00888	0.00595	0.00665	0.00663	0.00667	0.00589	0.00372	0.00877	0.00873	0.01168	0.01867	0.03845	0.02144	0.79083	0.02961	0.00569	0.00577	0.00856	0.00366	0.00375
64	0.02198	0.02050	0.01716	0.01414	0.01815	0.29057	0.01119	0.44666	0.05406	0.02827	0.01295	0.01358	0.00973	0.00692	0.00578	0.00174	0.00793	0.00488	0.00492	0.00891
65	0.01246	0.01061	0.01233	0.00889	0.01406	0.00799	0.00706	0.01492	0.01231	0.01930	0.01074	0.01262	0.00899	0.00458	0.00449	0.00094	0.00445	0.00358	0.00358	0.82610
66	0.01521	0.67779	0.09910	0.01089	0.01601	0.02135	0.01117	0.01747	0.01220	0.01472	0.00998	0.01328	0.00928	0.00591	0.00432	0.00146	0.00652	0.04291	0.00278	0.00765
67	0.01241	0.01054	0.01221	0.00901	0.01396	0.00818	0.00712	0.01540	0.04341	0.01940	0.01197	0.03700	0.01030	0.00516	0.00465	0.00103	0.00443	0.00412	0.00375	0.76595
68	0.00758	0.00542	0.00711	0.00833	0.00877	0.00502	0.00559	0.00857	0.01167	0.01568	0.07090	0.74753	0.03952	0.01807	0.00755	0.00240	0.00349	0.01627	0.00557	0.00498
69	0.01389	0.01154	0.01429	0.01281	0.11048	0.00962	0.00885	0.07467	0.01381	0.03759	0.01140	0.01325	0.00931	0.00498	0.00483	0.00115	0.00497	0.00401	0.00379	0.63479

[dist]
# distance from previous block
# <min> <max>
3	56

[block]
# block no. 2 follows, 40 sequences, length 10
# corresponding to MSA columns:
# 358-367
name=unknown_C
#
# <colnr> <probs for GDERKNQSTAVLIFYWHMCP>
#	G	D	E	R	K	N	Q	S	T	A	V	L	I	F	Y	W	H	M	C	P
0	0.83671	0.01125	0.00855	0.00765	0.01125	0.01305	0.00630	0.01709	0.00990	0.02609	0.00810	0.00945	0.00630	0.00540	0.00360	0.00180	0.00450	0.00315	0.00360	0.00630
1	0.26927	0.00702	0.00732	0.00796	0.00932	0.00735	0.00568	0.01094	0.01074	0.01840	0.02448	0.54458	0.02830	0.01417	0.00621	0.00218	0.00373	0.01230	0.00483	0.00522
2	0.27298	0.01147	0.01571	0.37516	0.15632	0.01332	0.01313	0.04530	0.01200	0.02001	0.00988	0.01333	0.00763	0.00562	0.00510	0.00185	0.00652	0.00453	0.00309	0.00703
3	0.83671	0.01125	0.00855	0.00765	0.01125	0.01305	0.00630	0.01709	0.00990	0.02609	0.00810	0.00945	0.00630	0.00540	0.00360	0.00180	0.00450	0.00315	0.00360	0.00630
4	0.00710	0.00564	0.00639	0.00676	0.00814	0.00492	0.00486	0.00858	0.01297	0.01635	0.13433	0.28701	0.44544	0.01549	0.00704	0.00207	0.00306	0.01341	0.00552	0.00492
5	0.01637	0.01588	0.02898	0.02099	0.02649	0.01576	0.50843	0.24659	0.01803	0.02432	0.01246	0.01514	0.00916	0.00556	0.00653	0.00189	0.00873	0.00635	0.00385	0.00849
6	0.01217	0.01197	0.01769	0.25746	0.02310	0.01627	0.01381	0.01427	0.00977	0.01427	0.00849	0.01360	0.00767	0.00880	0.01489	0.00235	0.53936	0.00511	0.00256	0.00639
7	0.01688	0.01369	0.01451	0.01232	0.01604	0.01559	0.00979	0.25498	0.52083	0.02822	0.02060	0.01925	0.01527	0.00760	0.00589	0.00190	0.00517	0.00615	0.00589	0.00942
8	0.01206	0.01034	0.01206	0.00861	0.01378	0.00775	0.00689	0.01464	0.01206	0.01895	0.01034	0.01206	0.00861	0.00431	0.00431	0.00086	0.00431	0.00345	0.00345	0.83118
9	0.00813	0.00574	0.00574	0.00574	0.00751	0.00507	0.00431	0.00999	0.01292	0.01760	0.04629	0.04513	0.52248	0.01221	0.00599	0.00177	0.00287	0.01011	0.26534	0.00507

[dist]
# distance from previous block
# <min> <max>
0	20

[block]
# block no. 3 follows, 40 sequences, length 16
# corresponding to MSA columns:
# 388-403
name=unknown_D
#
# <colnr> <probs for GDERKNQSTAVLIFYWHMCP>
#	G	D	E	R	K	N	Q	S	T	A	V	L	I	F	Y	W	H	M	C	P
0	0.00764	0.00547	0.00714	0.00846	0.00885	0.00505	0.00564	0.00851	0.01146	0.01534	0.03239	0.78607	0.03871	0.01846	0.00763	0.00245	0.00356	0.01660	0.00556	0.00501
1	0.01110	0.00922	0.01148	0.00988	0.01126	0.00995	0.00731	0.01203	0.00987	0.01455	0.01369	0.02448	0.01440	0.34847	0.04197	0.00374	0.22423	0.00633	0.00339	0.21263
2	0.01258	0.01070	0.01241	0.00897	0.01415	0.00806	0.00712	0.01500	0.01238	0.01941	0.01086	0.01278	0.00911	0.00466	0.00454	0.00096	0.00449	0.00362	0.00362	0.82459
3	0.01343	0.21905	0.38712	0.01487	0.02038	0.01723	0.01649	0.01738	0.01163	0.01658	0.00966	0.01237	0.00796	0.00690	0.00870	0.00196	0.20323	0.00437	0.00267	0.00800
4	0.02203	0.01016	0.01318	0.01010	0.01461	0.00849	0.00818	0.02423	0.01577	0.53190	0.05853	0.01974	0.01550	0.00705	0.00573	0.00166	0.00485	0.00565	0.00636	0.21627
5	0.24059	0.03962	0.01810	0.08115	0.33401	0.08129	0.01314	0.05650	0.04428	0.02163	0.01106	0.01361	0.00898	0.00591	0.00529	0.00183	0.00665	0.00466	0.00351	0.00821
6	0.00957	0.00722	0.00968	0.20173	0.01550	0.00782	0.00719	0.01054	0.00976	0.01294	0.01723	0.06379	0.01861	0.52627	0.05447	0.00479	0.00667	0.00801	0.00352	0.00468
7	0.02220	0.01118	0.01848	0.01377	0.01848	0.00996	0.19176	0.02514	0.01590	0.54390	0.05218	0.01979	0.01476	0.00683	0.00615	0.00184	0.00607	0.00631	0.00609	0.00919
8	0.00794	0.00593	0.00737	0.00701	0.00851	0.00536	0.00526	0.01041	0.01577	0.02167	0.60546	0.04615	0.20673	0.01250	0.00686	0.00186	0.00279	0.01090	0.00618	0.00536
9	0.01272	0.00694	0.00921	0.00808	0.01023	0.00626	0.00626	0.01534	0.01651	0.20928	0.57202	0.03750	0.04470	0.01071	0.00660	0.00182	0.00330	0.00934	0.00660	0.00659
10	0.21554	0.00665	0.00716	0.00788	0.00911	0.00682	0.00558	0.01037	0.01092	0.01771	0.02726	0.56174	0.06310	0.01484	0.00644	0.00220	0.00364	0.01298	0.00495	0.00513
11	0.01218	0.02646	0.58177	0.01857	0.02648	0.01381	0.20158	0.01847	0.01264	0.01847	0.01077	0.01313	0.00773	0.00537	0.00586	0.00187	0.00890	0.00494	0.00258	0.00841
12	0.21897	0.02535	0.57530	0.01433	0.02167	0.01339	0.01767	0.01808	0.01168	0.02034	0.00985	0.01157	0.00710	0.00549	0.00504	0.00183	0.00757	0.00401	0.00274	0.00802
13	0.01342	0.59960	0.02451	0.00948	0.01329	0.01842	0.00881	0.01507	0.01164	0.01397	0.01411	0.20595	0.01525	0.00830	0.00466	0.00152	0.00550	0.00648	0.00322	0.00677
14	0.00709	0.00506	0.00675	0.00810	0.00843	0.00472	0.00540	0.00810	0.01113	0.01484	0.03205	0.79184	0.03846	0.01822	0.00742	0.00236	0.00337	0.01653	0.00540	0.00472
15	0.01555	0.79913	0.03047	0.00995	0.01493	0.02301	0.00995	0.01741	0.01182	0.01368	0.00808	0.00933	0.00746	0.00498	0.00373	0.00124	0.00622	0.00311	0.00249	0.00746

[dist]
# distance from previous block
# <min> <max>
18	192

[block]
# block no. 4 follows, 40 sequences, length 7
# corresponding to MSA columns:
# 597-603
name=unknown_E
#
# <colnr> <probs for GDERKNQSTAVLIFYWHMCP>
#	G	D	E	R	K	N	Q	S	T	A	V	L	I	F	Y	W	H	M	C	P
0	0.01010	0.00505	0.00758	0.00758	0.00758	0.00505	0.00505	0.00758	0.00758	0.01010	0.01010	0.01768	0.01010	0.02020	0.02273	0.83081	0.00505	0.00505	0.00253	0.00253
1	0.01446	0.01249	0.01315	0.01183	0.01512	0.01446	0.00920	0.03090	0.74885	0.02433	0.02367	0.02170	0.01775	0.00789	0.00592	0.00197	0.00460	0.00657	0.00592	0.00920
2	0.01379	0.01860	0.16845	0.02325	0.02964	0.01470	0.60173	0.01887	0.01373	0.01900	0.01197	0.01567	0.00899	0.00533	0.00680	0.00202	0.00970	0.00652	0.00301	0.00821
3	0.00758	0.00542	0.00710	0.00842	0.00880	0.00502	0.00561	0.00846	0.01142	0.01528	0.03235	0.78676	0.03868	0.01843	0.00760	0.00244	0.00354	0.01659	0.00554	0.00497
4	0.02644	0.01022	0.01379	0.01065	0.01516	0.00881	0.00873	0.02855	0.01689	0.75833	0.02331	0.02037	0.01479	0.00749	0.00604	0.00188	0.00510	0.00599	0.00733	0.01011
5	0.01483	0.01411	0.02383	0.03581	0.75422	0.01404	0.01797	0.01814	0.01352	0.01940	0.01139	0.01501	0.00964	0.00549	0.00595	0.00181	0.00705	0.00533	0.00304	0.00943
6	0.01130	0.00577	0.00578	0.00576	0.00715	0.00571	0.00428	0.01387	0.01248	0.02206	0.01937	0.02225	0.01529	0.00707	0.00427	0.00144	0.00288	0.00556	0.82203	0.00566

[dist]
# distance from previous block
# <min> <max>
0	152

# created by:
# /software/SequenceAnalysis/GenePrediction/augustus/3.0.1/scripts/msa2prfl.pl ./fixed/BUSCOvEOG7N05TK.fas
