[name]
unknown

[dist]
# distance from previous block
# <min> <max>
0	284

[block]
# block no. 0 follows, 41 sequences, length 26
# corresponding to MSA columns:
# 285-310
name=unknown_A
#
# <colnr> <probs for GDERKNQSTAVLIFYWHMCP>
#	G	D	E	R	K	N	Q	S	T	A	V	L	I	F	Y	W	H	M	C	P
0	0.02644	0.01765	0.01922	0.01549	0.02017	0.01797	0.01214	0.55571	0.02668	0.17862	0.01988	0.02124	0.01496	0.00995	0.00771	0.00259	0.00752	0.00675	0.00740	0.01191
1	0.77707	0.01099	0.00906	0.06601	0.01319	0.01282	0.00692	0.01665	0.00986	0.02483	0.00813	0.00974	0.00630	0.00534	0.00370	0.00178	0.00467	0.00325	0.00346	0.00621
2	0.02174	0.01602	0.01717	0.01316	0.01774	0.01774	0.01087	0.74423	0.02689	0.03605	0.01373	0.01373	0.00973	0.00687	0.00572	0.00172	0.00629	0.00515	0.00572	0.00973
3	0.01377	0.01189	0.01250	0.01128	0.01444	0.01365	0.00877	0.02904	0.70781	0.02341	0.02540	0.02340	0.06283	0.00817	0.00588	0.00194	0.00443	0.00681	0.00579	0.00880
4	0.01529	0.80242	0.02997	0.00979	0.01468	0.02263	0.00979	0.01713	0.01162	0.01346	0.00795	0.00918	0.00734	0.00489	0.00367	0.00122	0.00612	0.00306	0.00245	0.00734
5	0.67014	0.07123	0.01118	0.00843	0.01221	0.01421	0.00708	0.11227	0.01213	0.02611	0.00872	0.00987	0.00674	0.00548	0.00384	0.00172	0.00480	0.00336	0.00374	0.00674
6	0.01232	0.00685	0.00861	0.00760	0.00991	0.00603	0.00590	0.01456	0.01538	0.21530	0.37760	0.03999	0.23486	0.01124	0.00649	0.00183	0.00332	0.00961	0.00623	0.00638
7	0.00832	0.00555	0.00624	0.00624	0.00624	0.00555	0.00347	0.00832	0.00832	0.01109	0.01802	0.03743	0.02080	0.79898	0.02911	0.00555	0.00555	0.00832	0.00347	0.00347
8	0.77712	0.01245	0.06564	0.00818	0.01209	0.01287	0.00732	0.01691	0.00991	0.02510	0.00814	0.00950	0.00627	0.00532	0.00368	0.00177	0.00473	0.00318	0.00346	0.00636
9	0.01277	0.01014	0.01195	0.00858	0.01362	0.00768	0.00688	0.01529	0.01216	0.06790	0.01098	0.01236	0.00885	0.00442	0.00434	0.00091	0.00428	0.00354	0.00363	0.77971
10	0.00810	0.00585	0.00765	0.00720	0.00855	0.00540	0.00540	0.01079	0.01619	0.02294	0.76028	0.04273	0.05397	0.01169	0.00675	0.00180	0.00270	0.01034	0.00630	0.00540
11	0.01299	0.01240	0.02112	0.29510	0.51240	0.01328	0.01698	0.01654	0.01247	0.01728	0.01055	0.01454	0.00856	0.00531	0.00568	0.00177	0.00708	0.00509	0.00273	0.00812
12	0.02137	0.02726	0.01621	0.01474	0.01768	0.77602	0.01105	0.02284	0.01621	0.01400	0.00884	0.01031	0.00737	0.00589	0.00516	0.00147	0.01031	0.00368	0.00295	0.00663
13	0.01186	0.01017	0.01186	0.00847	0.01356	0.00762	0.00678	0.01440	0.01186	0.01864	0.01017	0.01186	0.00847	0.00424	0.00424	0.00085	0.00424	0.00339	0.00339	0.83395
14	0.00994	0.00497	0.00745	0.00745	0.00745	0.00497	0.00497	0.00745	0.00745	0.00994	0.00994	0.01739	0.00994	0.01987	0.02235	0.83358	0.00497	0.00497	0.00248	0.00248
15	0.12507	0.01549	0.01583	0.01241	0.01675	0.03571	0.01020	0.60018	0.05897	0.03361	0.01333	0.01345	0.00959	0.00669	0.00544	0.00173	0.00607	0.00492	0.00538	0.00917
16	0.00817	0.00613	0.00919	0.00919	0.01021	0.00715	0.00715	0.01021	0.00919	0.01328	0.01532	0.02247	0.01430	0.04290	0.77631	0.00919	0.01532	0.00613	0.00306	0.00511
17	0.02240	0.01496	0.01651	0.01266	0.01721	0.01616	0.01046	0.62341	0.02512	0.15937	0.01522	0.01470	0.01047	0.00690	0.00573	0.00173	0.00605	0.00525	0.00595	0.00973
18	0.01572	0.05342	0.02111	0.12658	0.50459	0.01307	0.01539	0.01889	0.01331	0.14414	0.01253	0.01494	0.00965	0.00550	0.00558	0.00171	0.00654	0.00510	0.00349	0.00873
19	0.01356	0.01381	0.02636	0.01916	0.02429	0.01290	0.48957	0.08973	0.01438	0.01987	0.01305	0.07331	0.01094	0.00591	0.00626	0.00175	0.00792	0.00674	0.00344	0.14704
20	0.00817	0.00613	0.00919	0.00919	0.01021	0.00715	0.00715	0.01021	0.00919	0.01328	0.01532	0.02247	0.01430	0.04290	0.77631	0.00919	0.01532	0.00613	0.00306	0.00511
21	0.06540	0.01029	0.01652	0.63578	0.09438	0.01241	0.01482	0.01469	0.01153	0.01571	0.01239	0.01670	0.04416	0.00607	0.00562	0.00188	0.00712	0.00529	0.00276	0.00649
22	0.08446	0.06491	0.61754	0.01552	0.02307	0.01422	0.01886	0.01918	0.05087	0.01969	0.01158	0.01349	0.00861	0.00615	0.00561	0.00196	0.00806	0.00450	0.00303	0.00869
23	0.01333	0.01424	0.06918	0.16007	0.49297	0.01354	0.11841	0.01720	0.01276	0.01791	0.01074	0.01439	0.00865	0.00518	0.00581	0.00177	0.00743	0.00527	0.00277	0.00838
24	0.07786	0.01176	0.01580	0.39081	0.02729	0.01379	0.03158	0.16596	0.13990	0.02173	0.01326	0.01572	0.00987	0.00627	0.00554	0.00184	0.00647	0.00523	0.03183	0.00749
25	0.11076	0.01249	0.01860	0.14196	0.36915	0.01321	0.03293	0.11501	0.01434	0.04962	0.01320	0.04146	0.03017	0.00621	0.00555	0.00178	0.00636	0.00550	0.00357	0.00812

[dist]
# distance from previous block
# <min> <max>
3	10

[block]
# block no. 1 follows, 41 sequences, length 27
# corresponding to MSA columns:
# 321-347
name=unknown_B
#
# <colnr> <probs for GDERKNQSTAVLIFYWHMCP>
#	G	D	E	R	K	N	Q	S	T	A	V	L	I	F	Y	W	H	M	C	P
0	0.01544	0.69649	0.08310	0.01061	0.01564	0.06953	0.01071	0.01759	0.01198	0.01388	0.00823	0.00953	0.00738	0.00503	0.00392	0.00129	0.00657	0.00320	0.00249	0.00740
1	0.03919	0.01549	0.04066	0.01259	0.01727	0.01613	0.01061	0.58844	0.04665	0.06581	0.01392	0.01397	0.00994	0.00663	0.00556	0.00167	0.00605	0.00501	0.00545	0.07897
2	0.05113	0.41382	0.06832	0.01249	0.01668	0.23647	0.04182	0.01866	0.01280	0.01467	0.00852	0.01024	0.00741	0.00561	0.00538	0.00148	0.06109	0.00361	0.00267	0.00712
3	0.00999	0.00501	0.00749	0.00749	0.00749	0.00500	0.00499	0.00749	0.00749	0.00999	0.00998	0.01745	0.00998	0.01989	0.02236	0.83294	0.00498	0.00498	0.00250	0.00251
4	0.00846	0.00578	0.00750	0.00811	0.00900	0.00549	0.00567	0.01063	0.04933	0.05030	0.19174	0.55556	0.03936	0.01558	0.00706	0.00217	0.00333	0.01401	0.00565	0.00528
5	0.00697	0.00584	0.00605	0.00599	0.00786	0.00493	0.00449	0.00855	0.01344	0.01637	0.14022	0.05364	0.67763	0.01418	0.00678	0.00192	0.00289	0.01188	0.00544	0.00492
6	0.01626	0.01188	0.01303	0.01142	0.01486	0.01324	0.00896	0.02998	0.62469	0.15286	0.02320	0.02108	0.01693	0.00767	0.00583	0.00192	0.00460	0.00636	0.00605	0.00919
7	0.79985	0.01197	0.04423	0.00797	0.01174	0.01288	0.00692	0.01691	0.00988	0.02535	0.00812	0.00949	0.00629	0.00535	0.00365	0.00178	0.00463	0.00317	0.00350	0.00633
8	0.83879	0.01109	0.00844	0.00756	0.01110	0.01286	0.00622	0.01685	0.00977	0.02570	0.00802	0.00936	0.00624	0.00534	0.00356	0.00178	0.00444	0.00311	0.00356	0.00622
9	0.02178	0.01605	0.01719	0.01319	0.01777	0.01776	0.01089	0.74369	0.02691	0.03608	0.01378	0.01380	0.00977	0.00690	0.00574	0.00173	0.00631	0.00517	0.00574	0.00975
10	0.02178	0.01605	0.01719	0.01319	0.01777	0.01776	0.01089	0.74369	0.02691	0.03608	0.01378	0.01380	0.00977	0.00690	0.00574	0.00173	0.00631	0.00517	0.00574	0.00975
11	0.83879	0.01109	0.00844	0.00756	0.01110	0.01286	0.00622	0.01685	0.00977	0.02570	0.00802	0.00936	0.00624	0.00534	0.00356	0.00178	0.00444	0.00311	0.00356	0.00622
12	0.83879	0.01109	0.00844	0.00756	0.01110	0.01286	0.00622	0.01685	0.00977	0.02570	0.00802	0.00936	0.00624	0.00534	0.00356	0.00178	0.00444	0.00311	0.00356	0.00622
13	0.02178	0.01605	0.01719	0.01319	0.01777	0.01776	0.01089	0.74369	0.02691	0.03608	0.01378	0.01380	0.00977	0.00690	0.00574	0.00173	0.00631	0.00517	0.00574	0.00975
14	0.07398	0.00985	0.01302	0.01005	0.01443	0.00870	0.00830	0.02724	0.01600	0.72273	0.02174	0.01893	0.01373	0.00701	0.00564	0.00178	0.00486	0.00561	0.00688	0.00955
15	0.02420	0.00937	0.01265	0.00982	0.01396	0.00815	0.00807	0.02644	0.01614	0.69683	0.04976	0.02050	0.01571	0.00726	0.00571	0.00176	0.00468	0.00591	0.05374	0.00935
16	0.02570	0.00977	0.01331	0.01021	0.01464	0.00844	0.00843	0.02790	0.01640	0.76672	0.02261	0.01953	0.01420	0.00711	0.00577	0.00178	0.00488	0.00577	0.00709	0.00976
17	0.00815	0.00588	0.00768	0.00723	0.00858	0.00543	0.00542	0.01083	0.01622	0.02298	0.75975	0.04277	0.05398	0.01172	0.00677	0.00181	0.00272	0.01036	0.00631	0.00542
18	0.02283	0.01343	0.01546	0.01196	0.01640	0.01399	0.00984	0.42836	0.06598	0.31401	0.01771	0.01644	0.01192	0.00703	0.00576	0.00176	0.00566	0.00547	0.00626	0.00971
19	0.02349	0.01141	0.01412	0.01094	0.01524	0.01105	0.00899	0.22773	0.03790	0.50825	0.05484	0.01907	0.01492	0.00729	0.00581	0.00177	0.00517	0.00583	0.00664	0.00953
20	0.05569	0.00585	0.00672	0.00698	0.00747	0.00580	0.00439	0.00952	0.00962	0.03792	0.02185	0.26977	0.02488	0.46076	0.01936	0.00408	0.00470	0.01032	0.03004	0.00428
21	0.01465	0.01251	0.01318	0.01175	0.01505	0.01443	0.00916	0.06596	0.71626	0.02457	0.02284	0.02102	0.01711	0.00775	0.00584	0.00194	0.00463	0.00642	0.00583	0.00911
22	0.01310	0.00767	0.00792	0.00705	0.00909	0.00803	0.00550	0.17071	0.01523	0.02454	0.01764	0.01975	0.01364	0.00674	0.00439	0.00142	0.00347	0.00531	0.65250	0.00630
23	0.00832	0.00578	0.00727	0.00727	0.00762	0.00612	0.00473	0.00900	0.00865	0.01188	0.01715	0.03243	0.01864	0.54312	0.28139	0.00678	0.00886	0.00759	0.00335	0.00405
24	0.01808	0.00791	0.01069	0.00918	0.01204	0.00698	0.00715	0.02001	0.01490	0.45433	0.13178	0.23387	0.02640	0.01073	0.00634	0.00193	0.00415	0.00929	0.00650	0.00775
25	0.04874	0.01004	0.01330	0.01023	0.01463	0.00892	0.00845	0.05759	0.01662	0.71543	0.02178	0.01894	0.01375	0.00702	0.00569	0.00177	0.00491	0.00565	0.00692	0.00963
26	0.00696	0.00502	0.00659	0.00784	0.00826	0.00466	0.00525	0.00798	0.01107	0.01465	0.03302	0.75330	0.07881	0.01773	0.00727	0.00230	0.00329	0.01602	0.00531	0.00466

[dist]
# distance from previous block
# <min> <max>
0	1

[block]
# block no. 2 follows, 41 sequences, length 15
# corresponding to MSA columns:
# 349-363
name=unknown_C
#
# <colnr> <probs for GDERKNQSTAVLIFYWHMCP>
#	G	D	E	R	K	N	Q	S	T	A	V	L	I	F	Y	W	H	M	C	P
0	0.01796	0.01359	0.01467	0.01133	0.01563	0.01421	0.00926	0.51652	0.02238	0.03019	0.01927	0.01916	0.11406	0.00748	0.00561	0.00160	0.00547	0.00581	0.00526	0.15053
1	0.01467	0.69217	0.02819	0.11770	0.01812	0.02125	0.01064	0.01678	0.01160	0.01362	0.00826	0.01002	0.00738	0.00501	0.00396	0.00132	0.00633	0.00334	0.00246	0.00720
2	0.01467	0.01207	0.01314	0.01156	0.01472	0.01384	0.00910	0.15013	0.52482	0.02453	0.02053	0.02019	0.01569	0.01250	0.11303	0.00291	0.00633	0.00619	0.00542	0.00862
3	0.58184	0.01078	0.01113	0.24926	0.01987	0.01279	0.00921	0.01613	0.01026	0.02223	0.00865	0.01114	0.00664	0.00544	0.00422	0.00181	0.00542	0.00371	0.00323	0.00624
4	0.72408	0.01094	0.00962	0.11575	0.01500	0.01281	0.00754	0.01651	0.00997	0.02413	0.00827	0.01012	0.00639	0.00537	0.00384	0.00179	0.00487	0.00337	0.00340	0.00622
5	0.02174	0.01602	0.01717	0.01316	0.01774	0.01774	0.01087	0.74423	0.02689	0.03605	0.01373	0.01373	0.00973	0.00687	0.00572	0.00172	0.00629	0.00515	0.00572	0.00973
6	0.01423	0.01229	0.01293	0.01164	0.01487	0.01423	0.00905	0.03039	0.75297	0.02393	0.02328	0.02134	0.01746	0.00776	0.00582	0.00194	0.00453	0.00647	0.00582	0.00905
7	0.01268	0.01117	0.01716	0.65270	0.03568	0.01357	0.01502	0.13986	0.01409	0.01829	0.01078	0.01499	0.00799	0.00592	0.00572	0.00187	0.00740	0.00509	0.00309	0.00693
8	0.02137	0.02726	0.01621	0.01474	0.01768	0.77602	0.01105	0.02284	0.01621	0.01400	0.00884	0.01031	0.00737	0.00589	0.00516	0.00147	0.01031	0.00368	0.00295	0.00663
9	0.01186	0.01017	0.01186	0.00847	0.01356	0.00762	0.00678	0.01440	0.01186	0.01864	0.01017	0.01186	0.00847	0.00424	0.00424	0.00085	0.00424	0.00339	0.00339	0.83395
10	0.12761	0.00990	0.01266	0.00984	0.01416	0.00896	0.00813	0.02649	0.01554	0.67435	0.02074	0.01819	0.01316	0.00686	0.00547	0.00177	0.00481	0.00542	0.00664	0.00929
11	0.02525	0.01040	0.01368	0.01049	0.01493	0.00939	0.00867	0.10330	0.01748	0.69027	0.02164	0.01886	0.01369	0.00706	0.00575	0.00176	0.00502	0.00569	0.00694	0.00973
12	0.01172	0.01157	0.01583	0.01389	0.01423	0.03851	0.03379	0.01304	0.00957	0.01408	0.01243	0.16759	0.01355	0.01129	0.01570	0.00242	0.58445	0.00725	0.00308	0.00599
13	0.01023	0.00547	0.00599	0.00599	0.00727	0.00564	0.00454	0.01279	0.01151	0.01994	0.01809	0.02152	0.01460	0.01288	0.13658	0.00268	0.00484	0.00547	0.68865	0.00529
14	0.69726	0.01424	0.13903	0.00903	0.01341	0.01291	0.00876	0.01704	0.01014	0.02437	0.00836	0.00977	0.00638	0.00533	0.00386	0.00178	0.00512	0.00329	0.00335	0.00658

[dist]
# distance from previous block
# <min> <max>
1	14

[block]
# block no. 3 follows, 41 sequences, length 38
# corresponding to MSA columns:
# 378-415
name=unknown_D
#
# <colnr> <probs for GDERKNQSTAVLIFYWHMCP>
#	G	D	E	R	K	N	Q	S	T	A	V	L	I	F	Y	W	H	M	C	P
0	0.68997	0.01082	0.00930	0.00801	0.01171	0.01202	0.00660	0.01884	0.01095	0.16183	0.01065	0.01116	0.00766	0.00563	0.00395	0.00177	0.00451	0.00358	0.00419	0.00684
1	0.00755	0.00524	0.00654	0.00726	0.00753	0.00503	0.00461	0.00827	0.01026	0.01376	0.06920	0.46270	0.03230	0.31474	0.01557	0.00352	0.00413	0.01289	0.00467	0.00424
2	0.01416	0.01359	0.02322	0.03511	0.76330	0.01359	0.01755	0.01755	0.01302	0.01869	0.01076	0.01416	0.00906	0.00510	0.00566	0.00170	0.00680	0.00510	0.00283	0.00906
3	0.01186	0.01017	0.01186	0.00847	0.01356	0.00762	0.00678	0.01440	0.01186	0.01864	0.01017	0.01186	0.00847	0.00424	0.00424	0.00085	0.00424	0.00339	0.00339	0.83395
4	0.01950	0.01573	0.01585	0.01283	0.01689	0.07140	0.01035	0.48185	0.24008	0.03089	0.01619	0.01573	0.01184	0.00706	0.00571	0.00176	0.00606	0.00543	0.00555	0.00931
5	0.00915	0.00684	0.00977	0.00948	0.01076	0.00791	0.00742	0.06316	0.01047	0.01492	0.01521	0.02184	0.01397	0.04030	0.72073	0.00865	0.01467	0.00606	0.00326	0.00544
6	0.77994	0.06814	0.00996	0.00769	0.01132	0.01354	0.00645	0.01684	0.00987	0.02478	0.00796	0.00928	0.00628	0.00528	0.00355	0.00173	0.00455	0.00309	0.00346	0.00628
7	0.00697	0.00498	0.00664	0.00796	0.00830	0.00465	0.00531	0.00796	0.01095	0.01460	0.03153	0.79525	0.03783	0.01792	0.00730	0.00232	0.00332	0.01626	0.00531	0.00465
8	0.00787	0.00570	0.00742	0.00729	0.00848	0.00525	0.00535	0.01024	0.01521	0.02132	0.61742	0.17116	0.07015	0.01283	0.00684	0.00189	0.00281	0.01140	0.00610	0.00525
9	0.02174	0.01602	0.01717	0.01316	0.01774	0.01774	0.01087	0.74423	0.02689	0.03605	0.01373	0.01373	0.00973	0.00687	0.00572	0.00172	0.00629	0.00515	0.00572	0.00973
10	0.01070	0.01000	0.01660	0.68800	0.03598	0.01256	0.01507	0.01425	0.01113	0.01447	0.01040	0.01562	0.00810	0.00863	0.06200	0.00246	0.05001	0.00515	0.00258	0.00626
11	0.01229	0.01218	0.01709	0.01471	0.01477	0.01698	0.01224	0.01358	0.00878	0.01374	0.00791	0.01303	0.00786	0.01172	0.05804	0.00285	0.74843	0.00506	0.00253	0.00620
12	0.83938	0.01106	0.00841	0.00752	0.01106	0.01283	0.00619	0.01681	0.00973	0.02566	0.00796	0.00929	0.00619	0.00531	0.00354	0.00177	0.00442	0.00310	0.00354	0.00619
13	0.00697	0.00498	0.00664	0.00796	0.00830	0.00465	0.00531	0.00796	0.01095	0.01460	0.03153	0.79525	0.03783	0.01792	0.00730	0.00232	0.00332	0.01626	0.00531	0.00465
14	0.00676	0.00579	0.00579	0.00579	0.00773	0.00483	0.00435	0.00821	0.01304	0.01545	0.05794	0.05505	0.76098	0.01449	0.00676	0.00193	0.00290	0.01207	0.00531	0.00483
15	0.01160	0.00989	0.01158	0.00844	0.01327	0.00747	0.00670	0.01406	0.01181	0.01842	0.01131	0.05382	0.01004	0.00497	0.00440	0.00093	0.00419	0.00408	0.00349	0.78952
16	0.00700	0.00500	0.00667	0.00794	0.00830	0.00467	0.00531	0.00805	0.01111	0.01485	0.05313	0.77294	0.03831	0.01774	0.00728	0.00231	0.00330	0.01609	0.00534	0.00467
17	0.00810	0.00585	0.00765	0.00720	0.00855	0.00540	0.00540	0.01079	0.01619	0.02294	0.76028	0.04273	0.05397	0.01169	0.00675	0.00180	0.00270	0.01034	0.00630	0.00540
18	0.02137	0.02726	0.01621	0.01474	0.01768	0.77602	0.01105	0.02284	0.01621	0.01400	0.00884	0.01031	0.00737	0.00589	0.00516	0.00147	0.01031	0.00368	0.00295	0.00663
19	0.02174	0.01602	0.01717	0.01316	0.01774	0.01774	0.01087	0.74423	0.02689	0.03605	0.01373	0.01373	0.00973	0.00687	0.00572	0.00172	0.00629	0.00515	0.00572	0.00973
20	0.01390	0.00998	0.01247	0.01350	0.01518	0.00932	0.01101	0.01513	0.01588	0.02123	0.03337	0.06700	0.03545	0.01808	0.00965	0.00340	0.00678	0.67432	0.00666	0.00768
21	0.01529	0.80242	0.02997	0.00979	0.01468	0.02263	0.00979	0.01713	0.01162	0.01346	0.00795	0.00918	0.00734	0.00489	0.00367	0.00122	0.00612	0.00306	0.00245	0.00734
22	0.00875	0.00599	0.00785	0.00731	0.00877	0.00551	0.00551	0.01143	0.01620	0.05056	0.73291	0.04186	0.05249	0.01152	0.00671	0.00180	0.00278	0.01017	0.00633	0.00556
23	0.01239	0.01048	0.01215	0.00872	0.01378	0.00817	0.00700	0.05350	0.01267	0.01957	0.01036	0.01196	0.00854	0.00438	0.00432	0.00089	0.00435	0.00348	0.00351	0.78980
24	0.77962	0.01100	0.00904	0.06362	0.01311	0.01282	0.00689	0.01666	0.00986	0.02487	0.00812	0.00972	0.00630	0.00534	0.00370	0.00178	0.00466	0.00324	0.00347	0.00621
25	0.00683	0.00580	0.00590	0.00587	0.00777	0.00486	0.00440	0.00835	0.01321	0.01586	0.09623	0.05438	0.72244	0.01433	0.00676	0.00192	0.00289	0.01198	0.00537	0.00486
26	0.00730	0.00529	0.00690	0.00797	0.00860	0.00494	0.00562	0.00859	0.01163	0.01536	0.07697	0.58605	0.10095	0.03648	0.00783	0.00237	0.00352	0.09355	0.00532	0.00475
27	0.01423	0.01229	0.01293	0.01164	0.01487	0.01423	0.00905	0.03039	0.75297	0.02393	0.02328	0.02134	0.01746	0.00776	0.00582	0.00194	0.00453	0.00647	0.00582	0.00905
28	0.01080	0.01017	0.01716	0.78523	0.03940	0.01271	0.01589	0.01461	0.01144	0.01461	0.01017	0.01525	0.00762	0.00572	0.00572	0.00191	0.00762	0.00508	0.00254	0.00635
29	0.01292	0.00776	0.00826	0.00737	0.00940	0.00823	0.00577	0.17515	0.01508	0.02395	0.01730	0.01973	0.01354	0.00958	0.06547	0.00204	0.00447	0.00535	0.58232	0.00629
30	0.00834	0.00610	0.00785	0.00737	0.00880	0.00575	0.00554	0.01157	0.04530	0.02298	0.73116	0.04188	0.05253	0.01154	0.00671	0.00180	0.00277	0.01019	0.00628	0.00554
31	0.06068	0.63802	0.04622	0.01036	0.01506	0.04245	0.01008	0.07045	0.01270	0.01592	0.00845	0.00972	0.00746	0.00525	0.00432	0.00135	0.02802	0.00332	0.00276	0.00743
32	0.01529	0.80242	0.02997	0.00979	0.01468	0.02263	0.00979	0.01713	0.01162	0.01346	0.00795	0.00918	0.00734	0.00489	0.00367	0.00122	0.00612	0.00306	0.00245	0.00734
33	0.02467	0.00996	0.01324	0.01030	0.01463	0.00891	0.00846	0.02809	0.08048	0.70256	0.02263	0.01963	0.01445	0.00714	0.00576	0.00178	0.00484	0.00581	0.00697	0.00968
34	0.02566	0.00973	0.01327	0.01018	0.01460	0.00841	0.00841	0.02788	0.01637	0.76726	0.02257	0.01947	0.01416	0.00708	0.00575	0.00177	0.00487	0.00575	0.00708	0.00973
35	0.00911	0.00729	0.00785	0.00744	0.00960	0.00703	0.00566	0.01393	0.17236	0.03963	0.15974	0.06112	0.45296	0.01247	0.00654	0.00192	0.00328	0.01051	0.00563	0.00596
36	0.00862	0.00598	0.00775	0.00723	0.00871	0.00547	0.00545	0.01125	0.01605	0.04768	0.70181	0.04253	0.08645	0.01167	0.00671	0.00180	0.00278	0.01027	0.00628	0.00552
37	0.00704	0.00501	0.00662	0.00787	0.00818	0.00469	0.00521	0.00798	0.01081	0.01441	0.03079	0.75394	0.03690	0.06049	0.00849	0.00250	0.00344	0.01583	0.00521	0.00458

[dist]
# distance from previous block
# <min> <max>
0	40

[block]
# block no. 4 follows, 41 sequences, length 21
# corresponding to MSA columns:
# 457-477
name=unknown_E
#
# <colnr> <probs for GDERKNQSTAVLIFYWHMCP>
#	G	D	E	R	K	N	Q	S	T	A	V	L	I	F	Y	W	H	M	C	P
0	0.01072	0.02427	0.59888	0.01426	0.02113	0.01152	0.01761	0.01648	0.01300	0.01919	0.17811	0.01894	0.01770	0.00684	0.00573	0.00181	0.00717	0.00560	0.00328	0.00777
1	0.00953	0.00751	0.01003	0.00974	0.01126	0.00873	0.00758	0.01473	0.17564	0.01566	0.01710	0.02222	0.01501	0.03503	0.60388	0.00757	0.01291	0.00620	0.00368	0.00599
2	0.00923	0.00813	0.01061	0.04697	0.01202	0.03349	0.00809	0.01044	0.01050	0.01434	0.02280	0.50543	0.02660	0.01466	0.01050	0.00233	0.23227	0.01205	0.00429	0.00526
3	0.04585	0.01026	0.01227	0.00997	0.01343	0.01022	0.00803	0.18299	0.07761	0.30315	0.21263	0.02511	0.04620	0.00845	0.00597	0.00178	0.00452	0.00697	0.00630	0.00829
4	0.01078	0.01018	0.04634	0.00835	0.01282	0.00749	0.00699	0.01372	0.03683	0.01808	0.02130	0.02185	0.17712	0.00670	0.00491	0.00117	0.00415	0.00547	0.00385	0.58189
5	0.31817	0.01838	0.31802	0.01130	0.01718	0.01185	0.01239	0.01680	0.01116	0.02103	0.00939	0.01100	0.00713	0.00512	0.00446	0.00158	0.00602	0.00362	0.00305	0.19236
6	0.00724	0.00524	0.00721	0.00824	0.00873	0.00521	0.00572	0.00847	0.01056	0.01431	0.02790	0.62231	0.03256	0.02351	0.17940	0.00386	0.00600	0.01399	0.00481	0.00475
7	0.01874	0.01368	0.01472	0.01161	0.01516	0.01501	0.00921	0.57954	0.02274	0.03046	0.01469	0.01904	0.01220	0.18414	0.01096	0.00257	0.00613	0.00586	0.00522	0.00833
8	0.01548	0.01384	0.09380	0.03670	0.01692	0.01259	0.06630	0.32506	0.03203	0.05443	0.02375	0.02379	0.17805	0.00819	0.00587	0.00176	0.00571	0.00675	0.05733	0.02164
9	0.01170	0.07654	0.72443	0.01591	0.02414	0.01385	0.02044	0.01805	0.01205	0.01783	0.01012	0.01190	0.00725	0.00540	0.00533	0.00178	0.00831	0.00416	0.00242	0.00839
10	0.00949	0.00781	0.00859	0.00804	0.01019	0.00790	0.00613	0.01586	0.24140	0.02048	0.27465	0.04070	0.30366	0.01152	0.00647	0.00189	0.00333	0.00979	0.00579	0.00631
11	0.00955	0.00893	0.01637	0.15306	0.02015	0.00894	0.22015	0.01216	0.01178	0.01568	0.02190	0.42909	0.02395	0.01193	0.00686	0.00213	0.00592	0.01149	0.00411	0.00584
12	0.02304	0.01394	0.01588	0.01217	0.01670	0.01464	0.01005	0.50672	0.02340	0.27849	0.01666	0.01563	0.01120	0.00694	0.00573	0.00173	0.00582	0.00535	0.00617	0.00973
13	0.01210	0.01209	0.01389	0.01228	0.01431	0.17928	0.14061	0.01387	0.01261	0.03730	0.03886	0.35780	0.02363	0.09341	0.00892	0.00237	0.00630	0.01044	0.00423	0.00570
14	0.01073	0.00731	0.01334	0.01118	0.01247	0.00709	0.17003	0.00988	0.00881	0.01181	0.01030	0.01695	0.00965	0.01650	0.01886	0.64746	0.00601	0.00537	0.00258	0.00365
15	0.01769	0.01339	0.01423	0.01137	0.01523	0.01452	0.00924	0.51321	0.09123	0.03031	0.02451	0.02369	0.17857	0.00865	0.00596	0.00179	0.00537	0.00682	0.00564	0.00857
16	0.02626	0.02195	0.05714	0.23066	0.32956	0.01989	0.04460	0.02530	0.02094	0.02983	0.02551	0.06991	0.02314	0.01532	0.01171	0.00437	0.01136	0.01008	0.00774	0.01473
17	0.02111	0.01051	0.01308	0.01038	0.01420	0.01015	0.00843	0.18510	0.04711	0.43913	0.13285	0.04517	0.02005	0.00809	0.00595	0.00179	0.00480	0.00666	0.00655	0.00889
18	0.02143	0.00885	0.01160	0.00920	0.01306	0.00761	0.00750	0.02347	0.01563	0.59901	0.03048	0.02743	0.18129	0.00874	0.00598	0.00181	0.00443	0.00717	0.00668	0.00864
19	0.03516	0.64528	0.02717	0.01108	0.03198	0.13993	0.01008	0.01802	0.01233	0.01394	0.00815	0.00947	0.00736	0.00506	0.00394	0.00129	0.00675	0.00320	0.00256	0.00724
20	0.00706	0.00510	0.00671	0.00795	0.00843	0.00475	0.00543	0.00816	0.01118	0.01477	0.03307	0.71610	0.08153	0.01761	0.00730	0.00231	0.00338	0.04915	0.00531	0.00469

[dist]
# distance from previous block
# <min> <max>
0	4

[block]
# block no. 5 follows, 41 sequences, length 8
# corresponding to MSA columns:
# 482-489
name=unknown_F
#
# <colnr> <probs for GDERKNQSTAVLIFYWHMCP>
#	G	D	E	R	K	N	Q	S	T	A	V	L	I	F	Y	W	H	M	C	P
0	0.83938	0.01106	0.00841	0.00752	0.01106	0.01283	0.00619	0.01681	0.00973	0.02566	0.00796	0.00929	0.00619	0.00531	0.00354	0.00177	0.00442	0.00310	0.00354	0.00619
1	0.18168	0.00948	0.01158	0.00926	0.01311	0.00887	0.00758	0.02346	0.01506	0.52419	0.11761	0.02057	0.01789	0.00735	0.00545	0.00177	0.00449	0.00584	0.00629	0.00847
2	0.01381	0.01357	0.02152	0.19801	0.56539	0.05395	0.01684	0.01719	0.01285	0.01755	0.01053	0.01419	0.00866	0.00527	0.00565	0.00173	0.00716	0.00502	0.00277	0.00834
3	0.01021	0.00619	0.00820	0.00774	0.00930	0.00565	0.00578	0.01251	0.01520	0.12007	0.52058	0.18608	0.04555	0.01229	0.00672	0.00190	0.00311	0.01089	0.00621	0.00583
4	0.00828	0.00859	0.07653	0.03423	0.04334	0.00667	0.00730	0.01116	0.03470	0.01842	0.27398	0.06405	0.36750	0.01199	0.00654	0.00188	0.00371	0.01024	0.00518	0.00568
5	0.01256	0.20207	0.52034	0.01571	0.02306	0.01552	0.09946	0.01792	0.01213	0.01709	0.00989	0.01180	0.00743	0.00524	0.00518	0.00169	0.00806	0.00425	0.00248	0.00812
6	0.01047	0.00630	0.00812	0.00741	0.00890	0.00583	0.00542	0.01258	0.01468	0.11939	0.51796	0.03861	0.04223	0.16429	0.01097	0.00252	0.00354	0.00934	0.00585	0.00560
7	0.01912	0.01806	0.16287	0.01333	0.01848	0.01617	0.01248	0.56184	0.02317	0.03173	0.01333	0.01384	0.00952	0.00658	0.00557	0.00171	0.00651	0.00498	0.05145	0.00923

[dist]
# distance from previous block
# <min> <max>
0	6

[block]
# block no. 6 follows, 41 sequences, length 33
# corresponding to MSA columns:
# 496-528
name=unknown_G
#
# <colnr> <probs for GDERKNQSTAVLIFYWHMCP>
#	G	D	E	R	K	N	Q	S	T	A	V	L	I	F	Y	W	H	M	C	P
0	0.02336	0.01718	0.01831	0.01434	0.01897	0.01856	0.01158	0.72312	0.02763	0.03722	0.01555	0.01635	0.01152	0.00811	0.00653	0.00207	0.00691	0.00576	0.00630	0.01062
1	0.00894	0.00710	0.00755	0.00772	0.00943	0.00604	0.00551	0.00979	0.01391	0.01742	0.08497	0.20985	0.55694	0.01608	0.00765	0.00235	0.00369	0.01326	0.00595	0.00586
2	0.01011	0.03166	0.00956	0.00880	0.01020	0.00698	0.00639	0.01183	0.01602	0.02249	0.56436	0.20000	0.04961	0.01388	0.00755	0.00224	0.00366	0.01180	0.00654	0.00633
3	0.01262	0.00682	0.00684	0.00676	0.00824	0.00654	0.00492	0.01468	0.01319	0.02295	0.02033	0.02371	0.01630	0.00791	0.00486	0.00170	0.00339	0.00593	0.80596	0.00636
4	0.01110	0.00892	0.01231	0.01171	0.01268	0.01046	0.00909	0.01240	0.01038	0.01525	0.01547	0.02275	0.01454	0.03619	0.59581	0.00792	0.17654	0.00647	0.00361	0.00638
5	0.01338	0.01212	0.01600	0.01412	0.01432	0.01550	0.01109	0.01381	0.01002	0.01509	0.01238	0.04222	0.01298	0.17554	0.02101	0.00346	0.58024	0.00662	0.00346	0.00663
6	0.01122	0.00931	0.01447	0.01205	0.01449	0.00847	0.15963	0.01373	0.01661	0.02336	0.56565	0.03908	0.06281	0.01143	0.00753	0.00218	0.00487	0.01009	0.00613	0.00689
7	0.00904	0.00647	0.00810	0.00931	0.00982	0.00587	0.00619	0.00948	0.01217	0.01643	0.03280	0.77384	0.03876	0.01882	0.00806	0.00266	0.00402	0.01653	0.00590	0.00569
8	0.01492	0.00904	0.00930	0.00838	0.01055	0.00912	0.00635	0.16676	0.01629	0.02601	0.01930	0.02213	0.01527	0.00796	0.00522	0.00178	0.00415	0.00590	0.63429	0.00727
9	0.01583	0.17698	0.01705	0.01183	0.01508	0.01572	0.00951	0.02470	0.40494	0.04276	0.02170	0.02209	0.04983	0.00872	0.00692	0.00211	0.05785	0.00636	0.08112	0.00891
10	0.02021	0.01322	0.01483	0.01242	0.01597	0.01360	0.00969	0.37406	0.07049	0.16419	0.02162	0.18070	0.01881	0.01050	0.00683	0.00221	0.00582	0.00827	0.02713	0.00941
11	0.01340	0.03033	0.74737	0.01739	0.02578	0.01425	0.02153	0.01932	0.01327	0.01984	0.01219	0.01475	0.00911	0.00672	0.00626	0.00216	0.00900	0.00486	0.00310	0.00938
12	0.00989	0.00714	0.00887	0.00872	0.01001	0.00644	0.00626	0.01164	0.01616	0.02278	0.58752	0.20103	0.05104	0.01409	0.00764	0.00226	0.00355	0.01202	0.00665	0.00627
13	0.02634	0.01239	0.01535	0.01207	0.01659	0.01146	0.00971	0.17784	0.01962	0.59381	0.02228	0.02072	0.01489	0.00827	0.00656	0.00211	0.00582	0.00622	0.00734	0.01062
14	0.02336	0.01718	0.01831	0.01434	0.01897	0.01856	0.01158	0.72312	0.02763	0.03722	0.01555	0.01635	0.01152	0.00811	0.00653	0.00207	0.00691	0.00576	0.00630	0.01062
15	0.02299	0.02807	0.01738	0.01587	0.01892	0.75353	0.01176	0.02390	0.01727	0.01585	0.01081	0.01304	0.00923	0.00717	0.00599	0.00183	0.01080	0.00434	0.00361	0.00762
16	0.01098	0.00788	0.01028	0.01110	0.01258	0.00750	0.00919	0.01303	0.01495	0.02008	0.18349	0.06104	0.03838	0.01592	0.00841	0.00279	0.00538	0.55463	0.00608	0.00632
17	0.02323	0.01040	0.01368	0.01128	0.01503	0.00940	0.00895	0.02517	0.03430	0.57054	0.02263	0.02258	0.01593	0.01579	0.16690	0.00367	0.00769	0.00644	0.00675	0.00965
18	0.01195	0.01042	0.01611	0.60096	0.03350	0.01201	0.01424	0.01455	0.01255	0.01644	0.01654	0.18012	0.01577	0.00954	0.00686	0.00234	0.00730	0.00802	0.00380	0.00699
19	0.01034	0.00702	0.00772	0.00763	0.00783	0.00674	0.00441	0.00983	0.00962	0.01303	0.01971	0.03932	0.02225	0.77588	0.02921	0.00578	0.00618	0.00883	0.00412	0.00455
20	0.01561	0.61366	0.02608	0.01054	0.01473	0.01972	0.00962	0.01705	0.01378	0.01730	0.16649	0.01892	0.01891	0.00761	0.00519	0.00171	0.00602	0.00525	0.00393	0.00790
21	0.60561	0.01114	0.00958	0.04392	0.01288	0.01224	0.00704	0.01723	0.01154	0.02575	0.01229	0.01482	0.00992	0.00690	0.00461	0.00204	0.00488	0.00432	0.17626	0.00702
22	0.00904	0.00647	0.00810	0.00931	0.00982	0.00587	0.00619	0.00948	0.01217	0.01643	0.03280	0.77384	0.03876	0.01882	0.00806	0.00266	0.00402	0.01653	0.00590	0.00569
23	0.01312	0.02267	0.45085	0.01676	0.02289	0.01286	0.15293	0.01732	0.01275	0.01842	0.01405	0.02065	0.01220	0.17172	0.01143	0.00296	0.00862	0.00619	0.00341	0.00821
24	0.01303	0.00962	0.01212	0.01120	0.01308	0.01044	0.00860	0.16431	0.01412	0.01980	0.01687	0.02362	0.01526	0.06655	0.56245	0.00761	0.01338	0.00659	0.00430	0.00704
25	0.81586	0.01237	0.00982	0.00888	0.01250	0.01381	0.00705	0.01806	0.01100	0.02715	0.00996	0.01205	0.00809	0.00660	0.00442	0.00212	0.00510	0.00377	0.00419	0.00720
26	0.01244	0.01241	0.01738	0.01492	0.01494	0.01734	0.01242	0.01371	0.00877	0.01376	0.00764	0.01268	0.00762	0.01057	0.03155	0.00262	0.77547	0.00502	0.00251	0.00624
27	0.01370	0.01215	0.01885	0.75175	0.04024	0.01416	0.01671	0.01657	0.01323	0.01733	0.01303	0.01907	0.01038	0.00762	0.00692	0.00242	0.00847	0.00599	0.00355	0.00783
28	0.02497	0.00824	0.00854	0.00747	0.00963	0.00872	0.00582	0.20587	0.01572	0.02480	0.01718	0.01989	0.01352	0.04286	0.00559	0.00163	0.00378	0.00539	0.56397	0.00642
29	0.03321	0.42626	0.05790	0.01282	0.04696	0.21369	0.02664	0.03981	0.03252	0.04883	0.00968	0.01084	0.00805	0.00542	0.00448	0.00142	0.00728	0.00370	0.00300	0.00748
30	0.00777	0.00684	0.02659	0.03096	0.00994	0.00582	0.00598	0.02373	0.01366	0.01706	0.14180	0.05147	0.52433	0.01363	0.00681	0.00199	0.00351	0.09763	0.00528	0.00519
31	0.01584	0.63103	0.05821	0.01203	0.05563	0.11640	0.01083	0.01791	0.01229	0.01400	0.00831	0.00970	0.00743	0.00505	0.00404	0.00130	0.00678	0.00329	0.00253	0.00739
32	0.01069	0.02381	0.03750	0.00941	0.03190	0.00822	0.00738	0.12774	0.01733	0.02408	0.52994	0.04703	0.05500	0.01067	0.00650	0.00181	0.00376	0.03510	0.00583	0.00631

[dist]
# distance from previous block
# <min> <max>
0	1

[block]
# block no. 7 follows, 41 sequences, length 11
# corresponding to MSA columns:
# 530-540
name=unknown_H
#
# <colnr> <probs for GDERKNQSTAVLIFYWHMCP>
#	G	D	E	R	K	N	Q	S	T	A	V	L	I	F	Y	W	H	M	C	P
0	0.02174	0.01602	0.01717	0.01316	0.01774	0.01774	0.01087	0.74423	0.02689	0.03605	0.01373	0.01373	0.00973	0.00687	0.00572	0.00172	0.00629	0.00515	0.00572	0.00973
1	0.01423	0.01229	0.01293	0.01164	0.01487	0.01423	0.00905	0.03039	0.75297	0.02393	0.02328	0.02134	0.01746	0.00776	0.00582	0.00194	0.00453	0.00647	0.00582	0.00905
2	0.07232	0.19519	0.55446	0.01426	0.02159	0.01527	0.01760	0.01781	0.01181	0.01766	0.00960	0.01125	0.00719	0.00531	0.00492	0.00168	0.00766	0.00389	0.00250	0.00805
3	0.02357	0.01048	0.01347	0.01044	0.01464	0.00973	0.00858	0.14717	0.01813	0.58353	0.08108	0.02039	0.01665	0.00742	0.00583	0.00176	0.00493	0.00602	0.00679	0.00938
4	0.00896	0.00640	0.00893	0.01024	0.01145	0.00636	0.00878	0.01141	0.01292	0.01683	0.03043	0.14701	0.03347	0.01604	0.00783	0.00260	0.00505	0.64482	0.00527	0.00520
5	0.01002	0.00909	0.01018	0.00997	0.01126	0.11484	0.00770	0.01198	0.01018	0.01338	0.01441	0.02077	0.01333	0.03772	0.66831	0.00811	0.01462	0.00579	0.00305	0.00532
6	0.02566	0.00973	0.01327	0.01018	0.01460	0.00841	0.00841	0.02788	0.01637	0.76726	0.02257	0.01947	0.01416	0.00708	0.00575	0.00177	0.00487	0.00575	0.00708	0.00973
7	0.02413	0.01073	0.01372	0.01067	0.01501	0.01008	0.00877	0.11524	0.08569	0.60966	0.02156	0.01894	0.01392	0.00712	0.00575	0.00178	0.00501	0.00574	0.00680	0.00967
8	0.01589	0.01311	0.01387	0.01198	0.01551	0.01500	0.00945	0.18793	0.59273	0.02660	0.02117	0.01966	0.01575	0.00756	0.00580	0.00189	0.00492	0.00618	0.00580	0.00920
9	0.03988	0.00972	0.01581	0.59442	0.08652	0.01165	0.01418	0.01397	0.01142	0.01530	0.01312	0.12421	0.01191	0.00737	0.00586	0.00194	0.00685	0.00658	0.00299	0.00631
10	0.01322	0.01214	0.01914	0.39031	0.02928	0.01396	0.10473	0.01548	0.01245	0.01700	0.01499	0.12690	0.01410	0.00971	0.00981	0.00250	0.17559	0.00754	0.00375	0.00741

[dist]
# distance from previous block
# <min> <max>
0	1

[block]
# block no. 8 follows, 41 sequences, length 89
# corresponding to MSA columns:
# 542-630
name=unknown_I
#
# <colnr> <probs for GDERKNQSTAVLIFYWHMCP>
#	G	D	E	R	K	N	Q	S	T	A	V	L	I	F	Y	W	H	M	C	P
0	0.83938	0.01106	0.00841	0.00752	0.01106	0.01283	0.00619	0.01681	0.00973	0.02566	0.00796	0.00929	0.00619	0.00531	0.00354	0.00177	0.00442	0.00310	0.00354	0.00619
1	0.00826	0.00556	0.00622	0.00622	0.00630	0.00552	0.00350	0.00831	0.00851	0.01126	0.01962	0.03813	0.05035	0.76766	0.02822	0.00540	0.00544	0.00847	0.00354	0.00352
2	0.02138	0.02677	0.01625	0.01467	0.01769	0.74284	0.01104	0.05441	0.01668	0.01496	0.00906	0.01046	0.00747	0.00594	0.00518	0.00148	0.01014	0.00375	0.00307	0.00677
3	0.01589	0.69346	0.06303	0.01032	0.01528	0.05378	0.01030	0.01796	0.01208	0.05144	0.00883	0.00987	0.00768	0.00507	0.00392	0.00129	0.00634	0.00327	0.00270	0.00748
4	0.00810	0.00585	0.00765	0.00720	0.00855	0.00540	0.00540	0.01079	0.01619	0.02294	0.76028	0.04273	0.05397	0.01169	0.00675	0.00180	0.00270	0.01034	0.00630	0.00540
5	0.07089	0.00624	0.00770	0.00722	0.00874	0.00596	0.00546	0.01125	0.01570	0.02314	0.70345	0.04020	0.05036	0.01121	0.00650	0.00180	0.00283	0.00980	0.00609	0.00546
6	0.01100	0.01037	0.01751	0.74129	0.08181	0.01276	0.01598	0.01479	0.01153	0.01485	0.01020	0.01519	0.00771	0.00568	0.00572	0.00189	0.00758	0.00508	0.00256	0.00651
7	0.77078	0.01099	0.00913	0.07191	0.01341	0.01282	0.00700	0.01663	0.00988	0.02475	0.00815	0.00979	0.00631	0.00534	0.00372	0.00178	0.00469	0.00326	0.00346	0.00621
8	0.01080	0.01017	0.01716	0.78523	0.03940	0.01271	0.01589	0.01461	0.01144	0.01461	0.01017	0.01525	0.00762	0.00572	0.00572	0.00191	0.00762	0.00508	0.00254	0.00635
9	0.00676	0.00579	0.00579	0.00579	0.00773	0.00483	0.00435	0.00821	0.01304	0.01545	0.05794	0.05505	0.76098	0.01449	0.00676	0.00193	0.00290	0.01207	0.00531	0.00483
10	0.00696	0.00501	0.00661	0.00789	0.00828	0.00465	0.00528	0.00797	0.01103	0.01463	0.03247	0.76875	0.06372	0.01780	0.00728	0.00231	0.00330	0.01611	0.00531	0.00465
11	0.02128	0.01512	0.01648	0.01259	0.01719	0.01629	0.01038	0.63683	0.02499	0.08809	0.01411	0.01401	0.00996	0.00668	0.00561	0.00165	0.00603	0.00506	0.00564	0.07199
12	0.83938	0.01106	0.00841	0.00752	0.01106	0.01283	0.00619	0.01681	0.00973	0.02566	0.00796	0.00929	0.00619	0.00531	0.00354	0.00177	0.00442	0.00310	0.00354	0.00619
13	0.02130	0.02713	0.01618	0.01471	0.01766	0.76919	0.01103	0.02291	0.02282	0.01409	0.00897	0.01041	0.00746	0.00591	0.00516	0.00148	0.01026	0.00371	0.00297	0.00665
14	0.01324	0.00936	0.01079	0.01057	0.01140	0.00895	0.00693	0.01267	0.01209	0.01697	0.05102	0.03793	0.02379	0.49046	0.24618	0.00704	0.00984	0.00902	0.00506	0.00669
15	0.00832	0.00555	0.00624	0.00624	0.00624	0.00555	0.00347	0.00832	0.00832	0.01109	0.01802	0.03743	0.02080	0.79898	0.02911	0.00555	0.00555	0.00832	0.00347	0.00347
16	0.00696	0.00500	0.00662	0.00791	0.00828	0.00465	0.00529	0.00797	0.01100	0.01462	0.03213	0.77836	0.05433	0.01784	0.00729	0.00231	0.00331	0.01617	0.00531	0.00465
17	0.00697	0.00498	0.00664	0.00796	0.00830	0.00465	0.00531	0.00796	0.01095	0.01460	0.03153	0.79525	0.03783	0.01792	0.00730	0.00232	0.00332	0.01626	0.00531	0.00465
18	0.01412	0.01368	0.02374	0.03456	0.72658	0.01363	0.05385	0.01759	0.01305	0.01867	0.01080	0.01422	0.00904	0.00508	0.00572	0.00171	0.00694	0.00518	0.00283	0.00899
19	0.01281	0.02474	0.52098	0.08698	0.02706	0.01393	0.15982	0.04932	0.01328	0.01911	0.01122	0.01386	0.00821	0.00578	0.00597	0.00194	0.00868	0.00502	0.00286	0.00845
20	0.02184	0.02750	0.01655	0.01507	0.01804	0.76946	0.01126	0.02315	0.01652	0.01454	0.00942	0.01111	0.00791	0.00627	0.00540	0.00158	0.01046	0.00387	0.00314	0.00692
21	0.00909	0.00704	0.01023	0.01001	0.01101	0.00827	0.00780	0.01091	0.00953	0.01386	0.01525	0.02240	0.01427	0.04045	0.71242	0.00872	0.07382	0.00621	0.00322	0.00550
22	0.01275	0.04489	0.66941	0.01680	0.02479	0.03302	0.06439	0.01876	0.01268	0.03238	0.01105	0.01309	0.00801	0.00580	0.00572	0.00190	0.00862	0.00456	0.00274	0.00863
23	0.01845	0.10555	0.01864	0.11419	0.06594	0.46117	0.01224	0.02045	0.02713	0.01500	0.00973	0.01225	0.00823	0.00650	0.00662	0.00173	0.08179	0.00424	0.00304	0.00712
24	0.00876	0.00655	0.00960	0.00957	0.01064	0.00749	0.00739	0.01064	0.00957	0.01382	0.01584	0.02316	0.01478	0.04294	0.76964	0.00923	0.01542	0.00630	0.00326	0.00541
25	0.00891	0.00598	0.00667	0.00665	0.00670	0.00590	0.00374	0.00876	0.00870	0.01166	0.01852	0.03798	0.02122	0.79224	0.02914	0.00561	0.00573	0.00847	0.00366	0.00378
26	0.00805	0.00615	0.00725	0.00716	0.00865	0.00545	0.00525	0.00991	0.01470	0.01960	0.40417	0.13692	0.31763	0.01380	0.00704	0.00201	0.00306	0.01182	0.00597	0.00539
27	0.01470	0.01395	0.02350	0.03526	0.75697	0.01387	0.01770	0.01791	0.01336	0.01918	0.01132	0.01492	0.00959	0.00548	0.00590	0.00180	0.00697	0.00527	0.00303	0.00933
28	0.02610	0.01013	0.01364	0.01055	0.01499	0.00873	0.00864	0.02814	0.01668	0.76105	0.02302	0.02018	0.01464	0.00744	0.00599	0.00187	0.00506	0.00592	0.00724	0.00999
29	0.01389	0.01684	0.08950	0.02377	0.02976	0.01465	0.68168	0.01866	0.01373	0.01881	0.01202	0.01592	0.00910	0.00525	0.00688	0.00202	0.00970	0.00672	0.00305	0.00805
30	0.01453	0.01401	0.02428	0.05844	0.66545	0.01392	0.08503	0.01789	0.01336	0.01902	0.01137	0.01507	0.00951	0.00547	0.00600	0.00183	0.00726	0.00543	0.00302	0.00911
31	0.00874	0.00631	0.00813	0.00774	0.00913	0.00580	0.00582	0.01126	0.01637	0.02315	0.72282	0.04416	0.05319	0.01219	0.00702	0.00194	0.00302	0.04110	0.00642	0.00569
32	0.01137	0.01056	0.01749	0.77865	0.03956	0.01299	0.01605	0.01500	0.01179	0.01515	0.01073	0.01600	0.00817	0.00609	0.00596	0.00201	0.00779	0.00526	0.00274	0.00664
33	0.01629	0.01402	0.02033	0.66569	0.03914	0.01576	0.01717	0.01816	0.01456	0.01959	0.01528	0.02212	0.01272	0.00956	0.00893	0.00291	0.06755	0.00675	0.00441	0.00908
34	0.00757	0.00541	0.00707	0.00836	0.00874	0.00500	0.00557	0.00841	0.01131	0.01514	0.03190	0.78900	0.03810	0.01818	0.00752	0.00242	0.00352	0.01634	0.00548	0.00495
35	0.00737	0.00622	0.00623	0.00621	0.00818	0.00519	0.00461	0.00865	0.01338	0.01598	0.05808	0.05544	0.75476	0.01478	0.00699	0.00203	0.00311	0.01219	0.00548	0.00513
36	0.02495	0.01003	0.01337	0.01046	0.01472	0.00877	0.00852	0.02743	0.03846	0.70485	0.05694	0.02131	0.01657	0.00767	0.00604	0.00188	0.00495	0.00616	0.00716	0.00978
37	0.01944	0.07123	0.11183	0.04623	0.03681	0.49827	0.01271	0.07651	0.04094	0.01715	0.01049	0.01218	0.00846	0.00626	0.00545	0.00166	0.00929	0.00420	0.00333	0.00755
38	0.01582	0.79571	0.03019	0.01016	0.01507	0.02283	0.01000	0.01749	0.01197	0.01400	0.00854	0.00998	0.00788	0.00527	0.00393	0.00133	0.00630	0.00325	0.00265	0.00762
39	0.00891	0.00598	0.00667	0.00665	0.00670	0.00590	0.00374	0.00876	0.00870	0.01166	0.01852	0.03798	0.02122	0.79224	0.02914	0.00561	0.00573	0.00847	0.00366	0.00378
40	0.00996	0.00908	0.07260	0.03441	0.04443	0.00730	0.02966	0.01281	0.01549	0.04674	0.53545	0.06374	0.07297	0.01100	0.00677	0.00193	0.00402	0.00960	0.00573	0.00630
41	0.01869	0.03920	0.01842	0.04353	0.15920	0.40943	0.01276	0.07514	0.02829	0.01724	0.01024	0.01272	0.00861	0.00675	0.00739	0.00180	0.11516	0.00451	0.00329	0.00761
42	0.01161	0.00708	0.00901	0.00803	0.01012	0.00629	0.00612	0.01395	0.01612	0.14420	0.55066	0.03913	0.09918	0.01117	0.00671	0.00187	0.00334	0.00958	0.00640	0.03944
43	0.00891	0.00598	0.00667	0.00665	0.00670	0.00590	0.00374	0.00876	0.00870	0.01166	0.01852	0.03798	0.02122	0.79224	0.02914	0.00561	0.00573	0.00847	0.00366	0.00378
44	0.12808	0.02302	0.03319	0.01382	0.01736	0.48868	0.01082	0.17814	0.01789	0.02092	0.01039	0.01176	0.00827	0.00639	0.00532	0.00168	0.00878	0.00413	0.00381	0.00757
45	0.02241	0.01604	0.01730	0.01336	0.01794	0.01751	0.01096	0.70220	0.02658	0.07300	0.01471	0.01478	0.01047	0.00724	0.00596	0.00182	0.00640	0.00536	0.00596	0.00999
46	0.83252	0.01144	0.00882	0.00792	0.01148	0.01312	0.00644	0.01718	0.01010	0.02610	0.00855	0.01010	0.00675	0.00569	0.00380	0.00187	0.00462	0.00329	0.00373	0.00649
47	0.00857	0.00627	0.00790	0.00747	0.00892	0.00570	0.00556	0.01099	0.01623	0.02275	0.69328	0.04430	0.11534	0.01226	0.00698	0.00191	0.00293	0.01062	0.00638	0.00565
48	0.01564	0.74543	0.02940	0.01050	0.01509	0.02250	0.01018	0.01727	0.01179	0.01402	0.00851	0.01019	0.00790	0.00560	0.00489	0.00141	0.05610	0.00338	0.00265	0.00755
49	0.00856	0.00626	0.00783	0.00742	0.00883	0.00570	0.00548	0.01087	0.01592	0.02225	0.65915	0.04426	0.12254	0.03969	0.00775	0.00204	0.00303	0.01057	0.00627	0.00557
50	0.00760	0.00543	0.00709	0.00834	0.00875	0.00502	0.00557	0.00847	0.01143	0.01533	0.04864	0.77171	0.03847	0.01804	0.00751	0.00241	0.00351	0.01620	0.00551	0.00497
51	0.00757	0.00541	0.00707	0.00836	0.00874	0.00500	0.00557	0.00841	0.01131	0.01514	0.03190	0.78900	0.03810	0.01818	0.00752	0.00242	0.00352	0.01634	0.00548	0.00495
