[name]
unknown

[dist]
# distance from previous block
# <min> <max>
0	655

[block]
# block no. 0 follows, 41 sequences, length 9
# corresponding to MSA columns:
# 720-728
name=unknown_A
#
# <colnr> <probs for GDERKNQSTAVLIFYWHMCP>
#	G	D	E	R	K	N	Q	S	T	A	V	L	I	F	Y	W	H	M	C	P
0	0.00697	0.00498	0.00664	0.00796	0.00830	0.00465	0.00531	0.00796	0.01095	0.01460	0.03153	0.79525	0.03783	0.01792	0.00730	0.00232	0.00332	0.01626	0.00531	0.00465
1	0.01202	0.02631	0.61664	0.02015	0.17591	0.01335	0.02040	0.01800	0.01227	0.01823	0.01037	0.01250	0.00762	0.00537	0.00548	0.00179	0.00811	0.00440	0.00250	0.00858
2	0.00743	0.00531	0.00717	0.00849	0.00902	0.00504	0.00611	0.00876	0.01140	0.01512	0.03127	0.64570	0.03683	0.01749	0.00742	0.00239	0.00372	0.16127	0.00530	0.00477
3	0.00829	0.00566	0.00684	0.00684	0.00705	0.00587	0.00422	0.00871	0.00850	0.01154	0.01747	0.03437	0.01947	0.64424	0.18204	0.00629	0.00755	0.00787	0.00338	0.00380
4	0.02221	0.01527	0.01670	0.01280	0.01736	0.01662	0.01058	0.65869	0.02564	0.12336	0.01479	0.01442	0.01026	0.00689	0.00573	0.00172	0.00612	0.00522	0.00588	0.00973
5	0.01158	0.00843	0.00992	0.00959	0.01124	0.00873	0.00705	0.23780	0.01593	0.02130	0.02597	0.55129	0.02906	0.01447	0.00681	0.00213	0.00425	0.01279	0.00544	0.00623
6	0.00990	0.00804	0.01159	0.01376	0.16305	0.00880	0.00817	0.01123	0.00954	0.01345	0.01480	0.02646	0.01545	0.37056	0.20686	0.00535	0.08776	0.00678	0.00314	0.00530
7	0.00697	0.00498	0.00664	0.00796	0.00830	0.00465	0.00531	0.00796	0.01095	0.01460	0.03153	0.79525	0.03783	0.01792	0.00730	0.00232	0.00332	0.01626	0.00531	0.00465
8	0.00830	0.00560	0.00654	0.00654	0.00664	0.00571	0.00384	0.00851	0.00841	0.01131	0.01775	0.03591	0.02014	0.72216	0.10503	0.00592	0.00654	0.00810	0.00343	0.00363

[dist]
# distance from previous block
# <min> <max>
0	1

[block]
# block no. 1 follows, 41 sequences, length 11
# corresponding to MSA columns:
# 730-740
name=unknown_B
#
# <colnr> <probs for GDERKNQSTAVLIFYWHMCP>
#	G	D	E	R	K	N	Q	S	T	A	V	L	I	F	Y	W	H	M	C	P
0	0.33182	0.49847	0.02169	0.00892	0.01329	0.01887	0.00841	0.01701	0.01090	0.01815	0.00796	0.00922	0.00690	0.00505	0.00362	0.00143	0.00547	0.00307	0.00287	0.00690
1	0.00694	0.00548	0.00626	0.00673	0.00801	0.00480	0.00480	0.00831	0.01248	0.01570	0.10133	0.33841	0.42934	0.01559	0.00697	0.00207	0.00304	0.01355	0.00539	0.00480
2	0.00749	0.00520	0.00648	0.00730	0.00751	0.00499	0.00460	0.00810	0.00994	0.01325	0.02634	0.50418	0.03129	0.31792	0.01568	0.00356	0.00417	0.01321	0.00460	0.00419
3	0.01147	0.02959	0.76934	0.01630	0.02476	0.01328	0.02113	0.01811	0.01208	0.01811	0.01026	0.01208	0.00725	0.00543	0.00543	0.00181	0.00845	0.00423	0.00242	0.00845
4	0.01415	0.00680	0.00919	0.00881	0.01072	0.00609	0.00650	0.01561	0.01303	0.30369	0.02808	0.49728	0.02874	0.01376	0.00671	0.00211	0.00391	0.01222	0.00599	0.00660
5	0.00939	0.00620	0.00820	0.00806	0.00914	0.00707	0.00626	0.01162	0.01024	0.01640	0.01614	0.02144	0.01403	0.02703	0.43468	0.00578	0.05638	0.00576	0.32093	0.00526
6	0.01261	0.49635	0.02086	0.00842	0.01144	0.01607	0.00736	0.01374	0.01035	0.01255	0.01182	0.02003	0.01251	0.30990	0.01344	0.00288	0.00590	0.00508	0.00284	0.00585
7	0.00880	0.00497	0.00714	0.00765	0.00778	0.00484	0.00510	0.00765	0.00880	0.01173	0.01823	0.31616	0.02065	0.01912	0.01657	0.51430	0.00433	0.00931	0.00357	0.00331
8	0.02114	0.02233	0.01663	0.01414	0.01759	0.45305	0.01104	0.29954	0.02000	0.02246	0.01066	0.01172	0.00828	0.00644	0.00594	0.00161	0.04131	0.00430	0.00399	0.00780
9	0.00749	0.00520	0.00648	0.00730	0.00751	0.00499	0.00460	0.00810	0.00994	0.01325	0.02634	0.50418	0.03129	0.31792	0.01568	0.00356	0.00417	0.01321	0.00460	0.00419
10	0.01632	0.01350	0.01799	0.02115	0.31379	0.01428	0.01286	0.29696	0.08881	0.02556	0.01720	0.02023	0.05856	0.00725	0.00590	0.00180	0.00605	0.04843	0.00453	0.00883

[dist]
# distance from previous block
# <min> <max>
0	8

[block]
# block no. 2 follows, 41 sequences, length 17
# corresponding to MSA columns:
# 749-765
name=unknown_C
#
# <colnr> <probs for GDERKNQSTAVLIFYWHMCP>
#	G	D	E	R	K	N	Q	S	T	A	V	L	I	F	Y	W	H	M	C	P
0	0.01475	0.01090	0.01264	0.00952	0.01408	0.00954	0.00764	0.14636	0.03991	0.09551	0.03839	0.04441	0.01221	0.00588	0.00491	0.00122	0.00459	0.00477	0.00442	0.51836
1	0.15020	0.00845	0.00767	0.00708	0.00907	0.05045	0.00545	0.08049	0.01288	0.02217	0.01526	0.01774	0.01206	0.00736	0.00545	0.06088	0.00388	0.00483	0.51289	0.00574
2	0.01066	0.00533	0.00533	0.00533	0.00666	0.00533	0.00400	0.01333	0.01200	0.02132	0.01866	0.02132	0.01466	0.00666	0.00400	0.00133	0.00267	0.00533	0.83073	0.00533
3	0.01209	0.01092	0.01498	0.01070	0.01588	0.00860	0.11158	0.01496	0.01209	0.01859	0.01037	0.01237	0.00850	0.00432	0.00459	0.00100	0.00501	0.00387	0.00332	0.71625
4	0.01133	0.01085	0.01877	0.65732	0.12155	0.01291	0.05640	0.01516	0.01173	0.01529	0.01031	0.01513	0.00785	0.00560	0.00577	0.00188	0.00764	0.00518	0.00259	0.00674
5	0.00832	0.00555	0.00624	0.00624	0.00624	0.00555	0.00347	0.00832	0.00832	0.01109	0.01802	0.03743	0.02080	0.79898	0.02911	0.00555	0.00555	0.00832	0.00347	0.00347
6	0.01251	0.01251	0.01752	0.01502	0.01502	0.01752	0.01251	0.01377	0.00876	0.01377	0.00751	0.01251	0.00751	0.01001	0.01877	0.00250	0.78851	0.00501	0.00250	0.00626
7	0.00832	0.00555	0.00624	0.00624	0.00624	0.00555	0.00347	0.00832	0.00832	0.01109	0.01802	0.03743	0.02080	0.79898	0.02911	0.00555	0.00555	0.00832	0.00347	0.00347
8	0.00906	0.00647	0.00903	0.01035	0.01160	0.00645	0.00894	0.01157	0.01301	0.01694	0.03037	0.11670	0.03327	0.01595	0.00786	0.00261	0.00513	0.67421	0.00527	0.00522
9	0.01186	0.01017	0.01186	0.00847	0.01356	0.00762	0.00678	0.01440	0.01186	0.01864	0.01017	0.01186	0.00847	0.00424	0.00424	0.00085	0.00424	0.00339	0.00339	0.83395
10	0.01080	0.01017	0.01716	0.78523	0.03940	0.01271	0.01589	0.01461	0.01144	0.01461	0.01017	0.01525	0.00762	0.00572	0.00572	0.00191	0.00762	0.00508	0.00254	0.00635
11	0.00832	0.00555	0.00624	0.00624	0.00624	0.00555	0.00347	0.00832	0.00832	0.01109	0.01802	0.03743	0.02080	0.79898	0.02911	0.00555	0.00555	0.00832	0.00347	0.00347
12	0.00810	0.00585	0.00765	0.00720	0.00855	0.00540	0.00540	0.01079	0.01619	0.02294	0.76028	0.04273	0.05397	0.01169	0.00675	0.00180	0.00270	0.01034	0.00630	0.00540
13	0.01080	0.01017	0.01716	0.78523	0.03940	0.01271	0.01589	0.01461	0.01144	0.01461	0.01017	0.01525	0.00762	0.00572	0.00572	0.00191	0.00762	0.00508	0.00254	0.00635
14	0.00832	0.00555	0.00624	0.00624	0.00624	0.00555	0.00347	0.00832	0.00832	0.01109	0.01802	0.03743	0.02080	0.79898	0.02911	0.00555	0.00555	0.00832	0.00347	0.00347
15	0.00697	0.00498	0.00664	0.00796	0.00830	0.00465	0.00531	0.00796	0.01095	0.01460	0.03153	0.79525	0.03783	0.01792	0.00730	0.00232	0.00332	0.01626	0.00531	0.00465
16	0.01186	0.01017	0.01186	0.00847	0.01356	0.00762	0.00678	0.01440	0.01186	0.01864	0.01017	0.01186	0.00847	0.00424	0.00424	0.00085	0.00424	0.00339	0.00339	0.83395

[dist]
# distance from previous block
# <min> <max>
10	719

# created by:
# /software/SequenceAnalysis/GenePrediction/augustus/3.0.1/scripts/msa2prfl.pl ./fixed/BUSCOvEOG7R2573.fas
