[name]
unknown

[dist]
# distance from previous block
# <min> <max>
0	82

[block]
# block no. 0 follows, 41 sequences, length 12
# corresponding to MSA columns:
# 89-100
name=unknown_A
#
# <colnr> <probs for GDERKNQSTAVLIFYWHMCP>
#	G	D	E	R	K	N	Q	S	T	A	V	L	I	F	Y	W	H	M	C	P
0	0.01021	0.00887	0.01412	0.02022	0.34910	0.00868	0.01084	0.01229	0.01189	0.01645	0.02215	0.44267	0.02484	0.01213	0.00656	0.00204	0.00489	0.01122	0.00419	0.00664
1	0.42232	0.01359	0.01287	0.01040	0.01447	0.01533	0.00858	0.38786	0.01849	0.03096	0.01091	0.01156	0.00800	0.00610	0.00465	0.00174	0.00538	0.00414	0.00465	0.00800
2	0.01260	0.01215	0.02110	0.37306	0.39349	0.01324	0.05936	0.01627	0.01234	0.01683	0.01054	0.01472	0.00839	0.00536	0.00575	0.00181	0.00734	0.00519	0.00270	0.00776
3	0.01603	0.00760	0.01019	0.00854	0.01128	0.00676	0.00676	0.01850	0.01627	0.35892	0.42729	0.03223	0.03600	0.00961	0.00630	0.00179	0.00368	0.00827	0.00665	0.00735
4	0.01926	0.01870	0.35456	0.01294	0.01919	0.01061	0.01415	0.02347	0.01443	0.42910	0.01701	0.01613	0.01104	0.00634	0.00561	0.00179	0.00649	0.00506	0.00497	0.00916
5	0.01803	0.45252	0.02376	0.01202	0.01604	0.36270	0.01036	0.01971	0.01369	0.01370	0.00835	0.00969	0.00735	0.00535	0.00434	0.00134	0.00801	0.00334	0.00267	0.00702
6	0.01080	0.00731	0.00944	0.00791	0.01021	0.00617	0.00578	0.01059	0.00944	0.01386	0.01004	0.01489	0.00927	0.01281	0.01418	0.45769	0.00464	0.00426	0.00289	0.37780
7	0.01420	0.01288	0.01758	0.02223	0.35271	0.01394	0.01289	0.02460	0.41896	0.02156	0.01763	0.01810	0.01367	0.00656	0.00575	0.00183	0.00555	0.00585	0.00447	0.00906
8	0.46692	0.01161	0.01045	0.00938	0.01278	0.01346	0.00749	0.02294	0.34522	0.02488	0.01488	0.01473	0.01128	0.00642	0.00457	0.00185	0.00447	0.00462	0.00457	0.00749
9	0.01678	0.00769	0.01026	0.00924	0.01177	0.00694	0.00703	0.01899	0.04260	0.39858	0.02664	0.36972	0.02497	0.01200	0.00645	0.00203	0.00415	0.01052	0.00623	0.00741
10	0.01316	0.01133	0.01245	0.01021	0.01428	0.01125	0.00803	0.02318	0.41844	0.02154	0.01736	0.01706	0.01340	0.00617	0.00511	0.00145	0.00440	0.00508	0.00472	0.38140
11	0.00824	0.00587	0.00786	0.00786	0.00842	0.00643	0.00549	0.00936	0.00880	0.01229	0.01654	0.02922	0.01723	0.38419	0.43904	0.00755	0.01091	0.00712	0.00325	0.00437

[dist]
# distance from previous block
# <min> <max>
0	4

[block]
# block no. 1 follows, 41 sequences, length 12
# corresponding to MSA columns:
# 105-116
name=unknown_B
#
# <colnr> <probs for GDERKNQSTAVLIFYWHMCP>
#	G	D	E	R	K	N	Q	S	T	A	V	L	I	F	Y	W	H	M	C	P
0	0.01101	0.01145	0.02342	0.01796	0.02166	0.01072	0.46157	0.01437	0.01253	0.01690	0.01918	0.31262	0.01979	0.00981	0.00696	0.00208	0.00723	0.01037	0.00381	0.00655
1	0.01489	0.50130	0.02348	0.01049	0.01475	0.01943	0.00951	0.02218	0.29415	0.01745	0.01379	0.01381	0.01120	0.00599	0.00449	0.00150	0.00551	0.00436	0.00373	0.00799
2	0.01416	0.01359	0.02322	0.03511	0.76330	0.01359	0.01755	0.01755	0.01302	0.01869	0.01076	0.01416	0.00906	0.00510	0.00566	0.00170	0.00680	0.00510	0.00283	0.00906
3	0.32657	0.01051	0.01382	0.48885	0.02860	0.01276	0.01219	0.01545	0.01079	0.01882	0.00933	0.01298	0.00708	0.00556	0.00489	0.00185	0.00641	0.00433	0.00292	0.00629
4	0.00983	0.00856	0.01237	0.01141	0.01204	0.01110	0.00919	0.01157	0.00903	0.01346	0.01234	0.01868	0.01171	0.03037	0.48762	0.00664	0.30998	0.00570	0.00285	0.00555
5	0.01423	0.01229	0.01293	0.01164	0.01487	0.01423	0.00905	0.03039	0.75297	0.02393	0.02328	0.02134	0.01746	0.00776	0.00582	0.00194	0.00453	0.00647	0.00582	0.00905
6	0.01799	0.02164	0.01671	0.01484	0.01667	0.48696	0.01161	0.01938	0.01337	0.01391	0.00833	0.01115	0.00742	0.00746	0.01035	0.00187	0.30688	0.00419	0.00278	0.00649
7	0.01705	0.01452	0.02091	0.02674	0.47917	0.01517	0.01501	0.29449	0.01831	0.02530	0.01189	0.01400	0.00931	0.00577	0.00569	0.00171	0.00660	0.00512	0.00393	0.00931
8	0.00817	0.00613	0.00919	0.00919	0.01021	0.00715	0.00715	0.01021	0.00919	0.01328	0.01532	0.02247	0.01430	0.04290	0.77631	0.00919	0.01532	0.00613	0.00306	0.00511
9	0.01783	0.02119	0.30382	0.01436	0.02041	0.01604	0.01478	0.46751	0.02125	0.02921	0.01241	0.01310	0.00878	0.00632	0.00561	0.00175	0.00712	0.00480	0.00446	0.00924
10	0.33334	0.01413	0.01383	0.01101	0.01519	0.01587	0.00909	0.46701	0.02035	0.03209	0.01153	0.01204	0.00838	0.00627	0.00489	0.00174	0.00558	0.00437	0.00489	0.00838
11	0.01101	0.01145	0.02342	0.01796	0.02166	0.01072	0.46157	0.01437	0.01253	0.01690	0.01918	0.31262	0.01979	0.00981	0.00696	0.00208	0.00723	0.01037	0.00381	0.00655

[dist]
# distance from previous block
# <min> <max>
0	1

[block]
# block no. 2 follows, 41 sequences, length 8
# corresponding to MSA columns:
# 118-125
name=unknown_C
#
# <colnr> <probs for GDERKNQSTAVLIFYWHMCP>
#	G	D	E	R	K	N	Q	S	T	A	V	L	I	F	Y	W	H	M	C	P
0	0.51022	0.01207	0.01431	0.01853	0.31112	0.01313	0.01073	0.01711	0.01105	0.02288	0.00908	0.01123	0.00734	0.00522	0.00439	0.00174	0.00537	0.00389	0.00326	0.00734
1	0.47098	0.01080	0.01082	0.00888	0.01283	0.01133	0.00733	0.06021	0.01330	0.32203	0.01410	0.01359	0.00956	0.00610	0.00454	0.00177	0.00470	0.00427	0.00507	0.00780
2	0.83938	0.01106	0.00841	0.00752	0.01106	0.01283	0.00619	0.01681	0.00973	0.02566	0.00796	0.00929	0.00619	0.00531	0.00354	0.00177	0.00442	0.00310	0.00354	0.00619
3	0.02331	0.01351	0.01561	0.01197	0.01649	0.01402	0.00989	0.45849	0.02270	0.32772	0.01726	0.01602	0.01150	0.00695	0.00573	0.00174	0.00572	0.00539	0.00626	0.00973
4	0.01830	0.01300	0.02471	0.01806	0.02300	0.01221	0.41057	0.02189	0.01439	0.31682	0.01574	0.01688	0.01080	0.00600	0.00700	0.00190	0.04948	0.00626	0.00454	0.00844
5	0.01343	0.01456	0.01199	0.01140	0.01319	0.31384	0.00871	0.01525	0.01199	0.01357	0.01274	0.01762	0.01153	0.02814	0.46871	0.00611	0.01332	0.00515	0.00302	0.00571
6	0.02016	0.00991	0.01271	0.00950	0.01418	0.00809	0.00776	0.02250	0.01457	0.46865	0.01762	0.01643	0.01189	0.00595	0.00515	0.00140	0.00462	0.00481	0.00561	0.33850
7	0.01101	0.32376	0.01748	0.00943	0.01200	0.01333	0.00820	0.01297	0.01016	0.01335	0.01238	0.01717	0.01152	0.02774	0.46812	0.00601	0.01165	0.00490	0.00282	0.00600

[dist]
# distance from previous block
# <min> <max>
2	6

[block]
# block no. 3 follows, 41 sequences, length 29
# corresponding to MSA columns:
# 132-160
name=unknown_D
#
# <colnr> <probs for GDERKNQSTAVLIFYWHMCP>
#	G	D	E	R	K	N	Q	S	T	A	V	L	I	F	Y	W	H	M	C	P
0	0.01147	0.02959	0.76934	0.01630	0.02476	0.01328	0.02113	0.01811	0.01208	0.01811	0.01026	0.01208	0.00725	0.00543	0.00543	0.00181	0.00845	0.00423	0.00242	0.00845
1	0.01484	0.48512	0.02726	0.01997	0.31581	0.01900	0.01291	0.01730	0.01219	0.01556	0.00908	0.01118	0.00803	0.00498	0.00447	0.00141	0.00639	0.00388	0.00260	0.00803
2	0.01120	0.02178	0.46678	0.32560	0.03064	0.01305	0.01902	0.01671	0.01182	0.01671	0.01023	0.01335	0.00740	0.00555	0.00555	0.00185	0.00812	0.00457	0.00247	0.00761
3	0.01330	0.01035	0.01191	0.01133	0.01397	0.01141	0.00930	0.10139	0.35889	0.03931	0.02503	0.03783	0.02275	0.01088	0.00664	0.00219	0.00503	0.29525	0.00562	0.00762
4	0.02332	0.01349	0.01560	0.01196	0.01648	0.01398	0.00988	0.45608	0.02266	0.33017	0.01729	0.01604	0.01151	0.00695	0.00573	0.00174	0.00572	0.00539	0.00627	0.00973
5	0.01040	0.00952	0.01731	0.01343	0.01575	0.00913	0.30075	0.01234	0.01040	0.01400	0.01543	0.02858	0.01592	0.47954	0.02012	0.00409	0.00719	0.00769	0.00324	0.00517
6	0.01310	0.01426	0.02722	0.02045	0.02391	0.01569	0.44888	0.01649	0.01159	0.01649	0.00994	0.01426	0.00821	0.00691	0.01159	0.00216	0.32294	0.00605	0.00274	0.00713
7	0.00697	0.00498	0.00664	0.00796	0.00830	0.00465	0.00531	0.00796	0.01095	0.01460	0.03153	0.79525	0.03783	0.01792	0.00730	0.00232	0.00332	0.01626	0.00531	0.00465
8	0.00945	0.01540	0.31403	0.01086	0.01507	0.00857	0.01173	0.01374	0.01454	0.02100	0.45859	0.03040	0.03518	0.00918	0.00622	0.00180	0.00501	0.00788	0.00474	0.00663
9	0.01349	0.48374	0.02482	0.32170	0.02462	0.01864	0.01224	0.01612	0.01155	0.01392	0.00884	0.01162	0.00745	0.00523	0.00449	0.00150	0.00672	0.00387	0.00248	0.00694
10	0.01279	0.00949	0.00988	0.00910	0.01157	0.01065	0.00702	0.02353	0.45492	0.02288	0.02142	0.02133	0.01633	0.00732	0.00509	0.00170	0.00378	0.00601	0.33764	0.00756
11	0.01956	0.01003	0.01269	0.00956	0.01419	0.00837	0.00778	0.02258	0.04980	0.43057	0.01761	0.01650	0.01203	0.00597	0.00515	0.00141	0.00460	0.00484	0.00553	0.34124
12	0.01200	0.01163	0.01823	0.36077	0.14023	0.01478	0.01478	0.01472	0.01060	0.01490	0.00919	0.01398	0.00780	0.00735	0.01096	0.00211	0.32160	0.00505	0.00257	0.00673
13	0.01288	0.01897	0.31702	0.01346	0.01870	0.01348	0.01392	0.02457	0.41956	0.02126	0.01838	0.01968	0.01409	0.00721	0.00576	0.00192	0.00614	0.03993	0.00442	0.00863
14	0.01839	0.01314	0.02551	0.01850	0.02374	0.01203	0.44723	0.02216	0.01466	0.31958	0.01599	0.01705	0.01088	0.00573	0.00635	0.00186	0.00772	0.00635	0.00458	0.00853
15	0.34610	0.01257	0.01726	0.02401	0.46072	0.01329	0.01298	0.01726	0.01170	0.02149	0.00963	0.01220	0.00791	0.00518	0.00481	0.00173	0.00584	0.00429	0.00312	0.00791
16	0.01725	0.01379	0.01464	0.01225	0.01603	0.01564	0.00978	0.31753	0.46091	0.02880	0.01944	0.01828	0.01435	0.00740	0.00578	0.00185	0.00524	0.00594	0.00578	0.00932
17	0.35298	0.01027	0.01132	0.00911	0.01318	0.01019	0.00752	0.02343	0.01370	0.46896	0.01669	0.01538	0.01096	0.00637	0.00486	0.00177	0.00469	0.00468	0.00566	0.00831
18	0.00814	0.00602	0.00857	0.00839	0.00954	0.00644	0.00644	0.01045	0.01201	0.01716	0.31498	0.03062	0.03026	0.03035	0.46676	0.00622	0.01024	0.00782	0.00436	0.00522
19	0.01422	0.33199	0.03223	0.01835	0.02377	0.01775	0.44779	0.01784	0.01274	0.01637	0.01012	0.01291	0.00814	0.00485	0.00551	0.00164	0.00822	0.00527	0.00271	0.00756
20	0.01261	0.32885	0.02231	0.47332	0.02945	0.01670	0.01343	0.01563	0.01151	0.01415	0.00928	0.01281	0.00751	0.00539	0.00489	0.00163	0.00702	0.00427	0.00250	0.00675
21	0.02152	0.02274	0.01659	0.01410	0.01771	0.47100	0.01098	0.31301	0.02051	0.02287	0.01081	0.01169	0.00832	0.00629	0.00538	0.00157	0.00870	0.00427	0.00406	0.00788
22	0.01218	0.01102	0.01546	0.47406	0.02953	0.01332	0.01314	0.02096	0.30971	0.01836	0.01544	0.01770	0.01158	0.00654	0.00576	0.00192	0.00638	0.00564	0.00386	0.00744
23	0.34304	0.00831	0.00877	0.00920	0.01136	0.00900	0.00781	0.01366	0.01168	0.02043	0.02137	0.07726	0.02240	0.01168	0.00612	0.00227	0.00483	0.40060	0.00457	0.00561
24	0.01080	0.01017	0.01716	0.78523	0.03940	0.01271	0.01589	0.01461	0.01144	0.01461	0.01017	0.01525	0.00762	0.00572	0.00572	0.00191	0.00762	0.00508	0.00254	0.00635
25	0.00778	0.00532	0.00640	0.00693	0.00707	0.00518	0.00421	0.00818	0.00938	0.01250	0.02345	0.34226	0.02765	0.48480	0.02034	0.00425	0.00465	0.01151	0.00421	0.00394
26	0.01860	0.00817	0.01101	0.00898	0.01217	0.00720	0.00720	0.02100	0.01630	0.46786	0.31931	0.02882	0.03017	0.00894	0.00615	0.00178	0.00399	0.00760	0.00676	0.00799
27	0.01379	0.01417	0.02538	0.01909	0.02385	0.01437	0.44749	0.02318	0.31095	0.02058	0.01628	0.01781	0.01221	0.00600	0.00638	0.00193	0.00759	0.00664	0.00407	0.00825
28	0.01111	0.01005	0.01683	0.74673	0.03802	0.01242	0.01544	0.01486	0.01168	0.03396	0.02860	0.01602	0.00891	0.00590	0.00574	0.00190	0.00744	0.00523	0.00275	0.00642

[dist]
# distance from previous block
# <min> <max>
10	38

[block]
# block no. 4 follows, 41 sequences, length 10
# corresponding to MSA columns:
# 201-210
name=unknown_E
#
# <colnr> <probs for GDERKNQSTAVLIFYWHMCP>
#	G	D	E	R	K	N	Q	S	T	A	V	L	I	F	Y	W	H	M	C	P
0	0.01132	0.17708	0.30695	0.01261	0.01741	0.01243	0.01393	0.01534	0.01243	0.01676	0.01802	0.03303	0.01781	0.00958	0.00609	0.00203	0.00667	0.29998	0.00359	0.00692
1	0.01218	0.01157	0.01965	0.47710	0.33676	0.01307	0.01657	0.01582	0.01209	0.01629	0.01041	0.01480	0.00821	0.00546	0.00570	0.00182	0.00728	0.00509	0.00266	0.00747
2	0.01478	0.00741	0.00927	0.00825	0.01099	0.00645	0.00657	0.01661	0.01422	0.32435	0.03827	0.11246	0.31612	0.01190	0.00651	0.00197	0.00397	0.07703	0.00603	0.00687
3	0.01080	0.01017	0.01716	0.78523	0.03940	0.01271	0.01589	0.01461	0.01144	0.01461	0.01017	0.01525	0.00762	0.00572	0.00572	0.00191	0.00762	0.00508	0.00254	0.00635
4	0.00752	0.00521	0.00647	0.00726	0.00745	0.00502	0.00455	0.00811	0.00987	0.01316	0.02598	0.48396	0.03083	0.33876	0.01626	0.00365	0.00423	0.01300	0.00455	0.00416
5	0.01239	0.01327	0.02693	0.33676	0.03380	0.01374	0.44404	0.01680	0.01265	0.01680	0.01099	0.01536	0.00825	0.00519	0.00633	0.00192	0.00881	0.00607	0.00275	0.00716
6	0.35314	0.01255	0.01713	0.02378	0.45430	0.01328	0.01289	0.01725	0.01167	0.02155	0.00961	0.01216	0.00788	0.00518	0.00479	0.00173	0.00582	0.00428	0.00312	0.00788
7	0.01727	0.01459	0.02073	0.02609	0.45704	0.01529	0.01481	0.31605	0.01872	0.02582	0.01198	0.01398	0.00933	0.00582	0.00569	0.00171	0.00659	0.00512	0.00402	0.00933
8	0.01383	0.00985	0.01073	0.00908	0.01096	0.01055	0.00651	0.31061	0.01595	0.02134	0.01626	0.02770	0.01625	0.47360	0.01950	0.00397	0.00585	0.00702	0.00439	0.00604
9	0.01689	0.01567	0.02694	0.01961	0.02490	0.01581	0.44198	0.31650	0.01900	0.02560	0.01246	0.01473	0.00911	0.00566	0.00633	0.00184	0.00827	0.00609	0.00406	0.00854

[dist]
# distance from previous block
# <min> <max>
0	1

[block]
# block no. 5 follows, 41 sequences, length 13
# corresponding to MSA columns:
# 212-224
name=unknown_F
#
# <colnr> <probs for GDERKNQSTAVLIFYWHMCP>
#	G	D	E	R	K	N	Q	S	T	A	V	L	I	F	Y	W	H	M	C	P
0	0.01776	0.02043	0.01971	0.02492	0.39049	0.39480	0.01430	0.02020	0.01462	0.01634	0.00980	0.01224	0.00821	0.00550	0.00541	0.00159	0.00856	0.00439	0.00289	0.00785
1	0.42644	0.01325	0.02108	0.01581	0.02048	0.01365	0.37436	0.01757	0.01162	0.02199	0.00977	0.01236	0.00744	0.00507	0.00514	0.00185	0.00703	0.00492	0.00322	0.00695
2	0.00764	0.00526	0.00644	0.00710	0.00727	0.00510	0.00439	0.00814	0.00963	0.01285	0.02477	0.41634	0.02931	0.40845	0.01821	0.00393	0.00443	0.01229	0.00439	0.00406
3	0.43252	0.01040	0.01084	0.00885	0.01283	0.01062	0.00730	0.02234	0.01305	0.39646	0.01527	0.01438	0.01018	0.00619	0.00465	0.00177	0.00465	0.00442	0.00531	0.00796
4	0.00821	0.00570	0.00694	0.00672	0.00739	0.00547	0.00443	0.00956	0.01225	0.01701	0.38915	0.04008	0.03738	0.40534	0.01793	0.00367	0.00412	0.00933	0.00488	0.00443
5	0.01073	0.00775	0.01124	0.39528	0.02303	0.00902	0.00994	0.01397	0.01172	0.01797	0.01441	0.01829	0.01114	0.00619	0.00486	0.00162	0.00515	0.00521	0.41664	0.00584
6	0.01301	0.01397	0.02564	0.01956	0.02246	0.01599	0.37752	0.01604	0.01113	0.01604	0.00954	0.01397	0.00809	0.00742	0.01276	0.00222	0.39908	0.00588	0.00270	0.00699
7	0.01248	0.01188	0.02019	0.41017	0.40135	0.01315	0.01672	0.01608	0.01223	0.01665	0.01046	0.01470	0.00834	0.00541	0.00569	0.00180	0.00721	0.00509	0.00269	0.00771
8	0.00845	0.00497	0.00704	0.00771	0.00787	0.00481	0.00514	0.00771	0.00920	0.01227	0.02073	0.40632	0.02388	0.01890	0.01483	0.41795	0.00414	0.01061	0.00390	0.00356
9	0.42734	0.40674	0.01919	0.00865	0.01287	0.01773	0.00799	0.01697	0.01068	0.01956	0.00796	0.00923	0.00677	0.00510	0.00360	0.00150	0.00527	0.00308	0.00299	0.00677
10	0.01301	0.01397	0.02564	0.01956	0.02246	0.01599	0.37752	0.01604	0.01113	0.01604	0.00954	0.01397	0.00809	0.00742	0.01276	0.00222	0.39908	0.00588	0.00270	0.00699
11	0.01248	0.01188	0.02019	0.41017	0.40135	0.01315	0.01672	0.01608	0.01223	0.01665	0.01046	0.01470	0.00834	0.00541	0.00569	0.00180	0.00721	0.00509	0.00269	0.00771
12	0.01799	0.01415	0.01505	0.01240	0.01631	0.01598	0.00996	0.38731	0.38993	0.02999	0.01851	0.01754	0.01359	0.00731	0.00577	0.00183	0.00541	0.00581	0.00577	0.00939

[dist]
# distance from previous block
# <min> <max>
1	4

[block]
# block no. 6 follows, 41 sequences, length 19
# corresponding to MSA columns:
# 229-247
name=unknown_G
#
# <colnr> <probs for GDERKNQSTAVLIFYWHMCP>
#	G	D	E	R	K	N	Q	S	T	A	V	L	I	F	Y	W	H	M	C	P
0	0.01173	0.01049	0.01699	0.02395	0.46150	0.01031	0.01269	0.01485	0.01429	0.02039	0.31047	0.02558	0.02702	0.00773	0.00610	0.00174	0.00516	0.00719	0.00422	0.00760
1	0.01186	0.01017	0.01186	0.00847	0.01356	0.00762	0.00678	0.01440	0.01186	0.01864	0.01017	0.01186	0.00847	0.00424	0.00424	0.00085	0.00424	0.00339	0.00339	0.83395
2	0.01080	0.01017	0.01716	0.78523	0.03940	0.01271	0.01589	0.01461	0.01144	0.01461	0.01017	0.01525	0.00762	0.00572	0.00572	0.00191	0.00762	0.00508	0.00254	0.00635
3	0.34482	0.48598	0.02135	0.00888	0.01323	0.01871	0.00835	0.01700	0.01087	0.01834	0.00796	0.00922	0.00688	0.00506	0.00362	0.00144	0.00544	0.00307	0.00288	0.00688
4	0.01737	0.01368	0.01716	0.32189	0.02640	0.01573	0.01288	0.45248	0.02071	0.02748	0.01231	0.01434	0.00889	0.00641	0.00572	0.00179	0.00683	0.00512	0.00445	0.00838
5	0.02331	0.01351	0.01561	0.01197	0.01648	0.01401	0.00989	0.45778	0.02269	0.32844	0.01726	0.01603	0.01150	0.00695	0.00573	0.00174	0.00572	0.00539	0.00626	0.00973
6	0.00912	0.00564	0.00672	0.00645	0.00779	0.00537	0.00484	0.01181	0.01451	0.02229	0.46373	0.03417	0.03825	0.00968	0.00565	0.00161	0.00269	0.00834	0.33597	0.00537
7	0.01012	0.02009	0.46476	0.01266	0.01827	0.01013	0.01484	0.01519	0.01372	0.02004	0.31018	0.02433	0.02593	0.00794	0.00596	0.00181	0.00615	0.00667	0.00397	0.00723
8	0.00918	0.00757	0.01145	0.31831	0.02088	0.00832	0.00959	0.01232	0.01429	0.01961	0.46033	0.03174	0.03544	0.00930	0.00634	0.00184	0.00467	0.00824	0.00480	0.00578
9	0.01046	0.00809	0.01328	0.47422	0.02662	0.00961	0.01152	0.01175	0.00984	0.01274	0.01007	0.01610	0.00855	0.01138	0.01237	0.33447	0.00656	0.00504	0.00252	0.00481
10	0.02174	0.01602	0.01717	0.01316	0.01774	0.01774	0.01087	0.74423	0.02689	0.03605	0.01373	0.01373	0.00973	0.00687	0.00572	0.00172	0.00629	0.00515	0.00572	0.00973
11	0.01787	0.48796	0.02485	0.01114	0.01590	0.02068	0.01022	0.30787	0.01773	0.02249	0.01026	0.01100	0.00829	0.00568	0.00449	0.00142	0.00619	0.00389	0.00376	0.00829
12	0.00994	0.00497	0.00745	0.00745	0.00745	0.00497	0.00497	0.00745	0.00745	0.00994	0.00994	0.01739	0.00994	0.01987	0.02235	0.83358	0.00497	0.00497	0.00248	0.00248
13	0.01715	0.02165	0.46701	0.01385	0.02070	0.01133	0.01604	0.02202	0.01379	0.31768	0.01518	0.01503	0.01001	0.00609	0.00556	0.00179	0.00702	0.00484	0.00428	0.00897
14	0.01512	0.00740	0.00990	0.00839	0.01097	0.00660	0.00660	0.01762	0.01626	0.32057	0.46529	0.03343	0.03805	0.00985	0.00635	0.00179	0.00357	0.00851	0.00661	0.00713
15	0.01719	0.01456	0.02080	0.02633	0.46517	0.01525	0.01488	0.30813	0.01857	0.02563	0.01195	0.01399	0.00933	0.00580	0.00569	0.00171	0.00659	0.00512	0.00399	0.00933
16	0.01558	0.02416	0.46857	0.01505	0.02195	0.01506	0.01703	0.30847	0.01800	0.02529	0.01165	0.01274	0.00824	0.00601	0.00555	0.00177	0.00759	0.00460	0.00374	0.00896
17	0.01015	0.02021	0.46538	0.01346	0.01894	0.01083	0.01554	0.01496	0.01092	0.01618	0.01229	0.01623	0.01007	0.02042	0.31369	0.00476	0.01120	0.00499	0.00267	0.00712
18	0.00823	0.00627	0.00785	0.00864	0.01020	0.00588	0.00727	0.01039	0.01312	0.01645	0.04135	0.06073	0.32405	0.01528	0.00744	0.00235	0.00432	0.43980	0.00528	0.00509

[dist]
# distance from previous block
# <min> <max>
0	2

[block]
# block no. 7 follows, 41 sequences, length 17
# corresponding to MSA columns:
# 250-266
name=unknown_H
#
# <colnr> <probs for GDERKNQSTAVLIFYWHMCP>
#	G	D	E	R	K	N	Q	S	T	A	V	L	I	F	Y	W	H	M	C	P
0	0.01473	0.55610	0.03116	0.01427	0.01944	0.02008	0.23913	0.01750	0.01221	0.01498	0.00908	0.01113	0.00776	0.00487	0.00463	0.00144	0.00722	0.00421	0.00259	0.00746
1	0.01017	0.00766	0.00833	0.00793	0.00894	0.00826	0.00521	0.01523	0.24138	0.01511	0.01967	0.03239	0.01975	0.55134	0.02182	0.00442	0.00523	0.00774	0.00420	0.00521
2	0.01618	0.01003	0.01230	0.00901	0.01388	0.00787	0.00729	0.01862	0.01327	0.25295	0.01405	0.01424	0.01025	0.00513	0.00471	0.00114	0.00443	0.00413	0.00454	0.57598
3	0.01304	0.01311	0.02303	0.21329	0.02760	0.01394	0.32862	0.02116	0.24442	0.01914	0.01488	0.01723	0.01116	0.00597	0.00620	0.00193	0.00753	0.00624	0.00372	0.00779
4	0.00697	0.00498	0.00664	0.00796	0.00830	0.00465	0.00531	0.00796	0.01095	0.01460	0.03153	0.79525	0.03783	0.01792	0.00730	0.00232	0.00332	0.01626	0.00531	0.00465
5	0.00838	0.00628	0.00806	0.00897	0.01044	0.00597	0.00757	0.01058	0.01305	0.01651	0.03898	0.08533	0.26095	0.01546	0.00752	0.00240	0.00446	0.47868	0.00528	0.00511
6	0.01416	0.01359	0.02322	0.03511	0.76330	0.01359	0.01755	0.01755	0.01302	0.01869	0.01076	0.01416	0.00906	0.00510	0.00566	0.00170	0.00680	0.00510	0.00283	0.00906
7	0.01436	0.00757	0.01049	0.01042	0.01271	0.00715	0.00896	0.01687	0.01417	0.25190	0.02787	0.05042	0.02705	0.01307	0.00723	0.00236	0.00514	0.49975	0.00583	0.00667
8	0.01411	0.01552	0.01686	0.54408	0.03260	0.25161	0.01437	0.01719	0.01293	0.01442	0.00975	0.01371	0.00754	0.00577	0.00554	0.00177	0.00847	0.00465	0.00267	0.00644
9	0.01242	0.00922	0.01169	0.01043	0.01257	0.01046	0.00831	0.23995	0.01473	0.02040	0.01482	0.01974	0.01287	0.03162	0.53513	0.00685	0.01250	0.00582	0.00390	0.00655
10	0.00731	0.00552	0.00684	0.00775	0.00876	0.00505	0.00572	0.00875	0.01201	0.01532	0.03957	0.43102	0.26328	0.01646	0.00724	0.00226	0.00354	0.14348	0.00530	0.00482
11	0.01151	0.07325	0.48633	0.25655	0.02869	0.01371	0.01876	0.01696	0.01185	0.01672	0.01009	0.01288	0.00737	0.00549	0.00541	0.00180	0.00804	0.00442	0.00246	0.00772
12	0.00810	0.00585	0.00765	0.00720	0.00855	0.00540	0.00540	0.01079	0.01619	0.02294	0.76028	0.04273	0.05397	0.01169	0.00675	0.00180	0.00270	0.01034	0.00630	0.00540
13	0.01979	0.01459	0.01865	0.01971	0.25076	0.01545	0.01270	0.44068	0.02143	0.10830	0.01374	0.01447	0.00999	0.00634	0.00571	0.00172	0.00630	0.00520	0.00496	0.00952
14	0.01210	0.15738	0.64708	0.01523	0.02309	0.01483	0.01926	0.01795	0.01200	0.01734	0.00988	0.01160	0.00726	0.00534	0.00514	0.00171	0.00807	0.00403	0.00242	0.00827
15	0.01033	0.00854	0.01023	0.00831	0.01191	0.00669	0.00632	0.01239	0.01158	0.01737	0.01685	0.25705	0.01766	0.00852	0.00520	0.00131	0.00395	0.00742	0.00399	0.57439
16	0.01092	0.01077	0.02053	0.01575	0.01917	0.01030	0.36009	0.01491	0.03991	0.01977	0.29003	0.09617	0.02831	0.00877	0.00706	0.00193	0.02567	0.00888	0.00446	0.00659

[dist]
# distance from previous block
# <min> <max>
99	366

# created by:
# /software/SequenceAnalysis/GenePrediction/augustus/3.0.1/scripts/msa2prfl.pl ./fixed/BUSCOvEOG72FTX7.fas
