[name]
unknown

[dist]
# distance from previous block
# <min> <max>
23	124

[block]
# block no. 0 follows, 41 sequences, length 13
# corresponding to MSA columns:
# 128-140
name=unknown_A
#
# <colnr> <probs for GDERKNQSTAVLIFYWHMCP>
#	G	D	E	R	K	N	Q	S	T	A	V	L	I	F	Y	W	H	M	C	P
0	0.01080	0.01017	0.01716	0.78523	0.03940	0.01271	0.01589	0.01461	0.01144	0.01461	0.01017	0.01525	0.00762	0.00572	0.00572	0.00191	0.00762	0.00508	0.00254	0.00635
1	0.00681	0.00561	0.00599	0.00629	0.00786	0.00479	0.00457	0.00815	0.01256	0.01526	0.05192	0.22383	0.59609	0.01527	0.00688	0.00202	0.00299	0.01303	0.00531	0.00479
2	0.02566	0.00973	0.01327	0.01018	0.01460	0.00841	0.00841	0.02788	0.01637	0.76726	0.02257	0.01947	0.01416	0.00708	0.00575	0.00177	0.00487	0.00575	0.00708	0.00973
3	0.01080	0.01017	0.01716	0.78523	0.03940	0.01271	0.01589	0.01461	0.01144	0.01461	0.01017	0.01525	0.00762	0.00572	0.00572	0.00191	0.00762	0.00508	0.00254	0.00635
4	0.00697	0.00498	0.00664	0.00796	0.00830	0.00465	0.00531	0.00796	0.01095	0.01460	0.03153	0.79525	0.03783	0.01792	0.00730	0.00232	0.00332	0.01626	0.00531	0.00465
5	0.01297	0.00730	0.01014	0.01045	0.01248	0.00700	0.00903	0.01550	0.01390	0.18817	0.02852	0.05425	0.02864	0.01381	0.00741	0.00244	0.00518	0.56084	0.00568	0.00629
6	0.00781	0.00506	0.00634	0.00736	0.00792	0.00480	0.00501	0.00919	0.01119	0.01613	0.02859	0.61878	0.03255	0.01535	0.00655	0.00210	0.00317	0.01377	0.19353	0.00480
7	0.01045	0.02398	0.59543	0.01440	0.02100	0.01131	0.01753	0.01580	0.01182	0.01731	0.01511	0.19066	0.01422	0.00828	0.00586	0.00193	0.00728	0.00697	0.00308	0.00759
8	0.01775	0.01304	0.01432	0.01176	0.01519	0.01420	0.00937	0.54526	0.02259	0.03025	0.01854	0.22493	0.01732	0.00985	0.00615	0.00188	0.00549	0.00815	0.00561	0.00835
9	0.01237	0.08407	0.54360	0.02010	0.19240	0.01406	0.01946	0.01791	0.01226	0.01789	0.01020	0.01233	0.00767	0.00532	0.00535	0.00174	0.00790	0.00434	0.00251	0.00851
10	0.00829	0.00604	0.00875	0.00875	0.00969	0.00692	0.00667	0.01016	0.00922	0.01340	0.01572	0.02386	0.01494	0.11402	0.67285	0.00852	0.01386	0.00631	0.03709	0.00496
11	0.01080	0.01017	0.01716	0.78523	0.03940	0.01271	0.01589	0.01461	0.01144	0.01461	0.01017	0.01525	0.00762	0.00572	0.00572	0.00191	0.00762	0.00508	0.00254	0.00635
12	0.07980	0.01403	0.01633	0.18865	0.02204	0.01579	0.01155	0.49052	0.02161	0.06473	0.01291	0.01402	0.00920	0.00650	0.00556	0.00177	0.00639	0.00501	0.00490	0.00870

[dist]
# distance from previous block
# <min> <max>
0	211

# created by:
# /software/SequenceAnalysis/GenePrediction/augustus/3.0.1/scripts/msa2prfl.pl ./fixed/BUSCOvEOG7MPK4D.fas
