[name]
unknown

[dist]
# distance from previous block
# <min> <max>
0	131

[block]
# block no. 0 follows, 40 sequences, length 11
# corresponding to MSA columns:
# 136-146
name=unknown_A
#
# <colnr> <probs for GDERKNQSTAVLIFYWHMCP>
#	G	D	E	R	K	N	Q	S	T	A	V	L	I	F	Y	W	H	M	C	P
0	0.01403	0.14604	0.03367	0.02209	0.02782	0.01609	0.61706	0.01843	0.01341	0.01780	0.01115	0.01463	0.00860	0.00491	0.00634	0.00184	0.00921	0.00624	0.00287	0.00778
1	0.01464	0.01143	0.01886	0.40275	0.27748	0.01249	0.01545	0.01811	0.01300	0.14079	0.01264	0.01584	0.00935	0.00583	0.00580	0.00184	0.00700	0.00529	0.00345	0.00796
2	0.01226	0.01164	0.01974	0.50294	0.30881	0.01326	0.01678	0.01597	0.01223	0.01640	0.01056	0.01509	0.00830	0.00558	0.00579	0.00186	0.00744	0.00517	0.00269	0.00749
3	0.00922	0.00590	0.00688	0.00671	0.00737	0.00606	0.00451	0.01058	0.01089	0.01637	0.14077	0.03275	0.02422	0.38066	0.05636	0.00390	0.03185	0.00773	0.23271	0.00456
4	0.01198	0.01152	0.02039	0.51377	0.18689	0.01307	0.10098	0.01569	0.01208	0.01601	0.01062	0.01536	0.00825	0.00603	0.00646	0.02804	0.00773	0.00537	0.00269	0.00707
5	0.01177	0.07111	0.59869	0.14349	0.02705	0.01396	0.01993	0.01777	0.01214	0.01755	0.01028	0.01264	0.00744	0.00554	0.00547	0.00182	0.00832	0.00437	0.00248	0.00817
6	0.01485	0.01293	0.02511	0.09391	0.09917	0.01235	0.39607	0.01868	0.01383	0.14187	0.01750	0.04846	0.06360	0.00660	0.00650	0.00192	0.00778	0.00711	0.00388	0.00786
7	0.04319	0.02569	0.56588	0.02017	0.16236	0.01360	0.05191	0.01827	0.01243	0.01882	0.01050	0.01272	0.00774	0.00543	0.00556	0.00182	0.00818	0.00453	0.00260	0.00859
8	0.01346	0.01134	0.01914	0.37487	0.02886	0.01324	0.12689	0.01663	0.01201	0.10870	0.01265	0.05340	0.01022	0.00733	0.00873	0.00207	0.16407	0.00606	0.00335	0.00700
9	0.06888	0.01592	0.13348	0.03944	0.01883	0.01388	0.03929	0.31251	0.03821	0.21583	0.03560	0.01603	0.01174	0.00675	0.00572	0.00180	0.00629	0.00536	0.00531	0.00914
10	0.01210	0.01227	0.01960	0.62744	0.03722	0.06674	0.11128	0.01595	0.01225	0.01531	0.01043	0.01517	0.00788	0.00571	0.00591	0.00191	0.00822	0.00529	0.00266	0.00666

[dist]
# distance from previous block
# <min> <max>
0	5

[block]
# block no. 1 follows, 40 sequences, length 7
# corresponding to MSA columns:
# 152-158
name=unknown_B
#
# <colnr> <probs for GDERKNQSTAVLIFYWHMCP>
#	G	D	E	R	K	N	Q	S	T	A	V	L	I	F	Y	W	H	M	C	P
0	0.01369	0.01081	0.01281	0.04536	0.01535	0.00914	0.00784	0.10200	0.01405	0.05671	0.01227	0.04461	0.01022	0.00540	0.00476	0.00112	0.00471	0.00439	0.00395	0.62080
1	0.01192	0.01178	0.02196	0.29781	0.14353	0.01236	0.23648	0.01585	0.01323	0.01788	0.10978	0.02124	0.01562	0.00668	0.00636	0.00193	0.00749	0.03758	0.00336	0.00714
2	0.01273	0.01094	0.01236	0.00952	0.01416	0.00964	0.00754	0.01921	0.21898	0.02046	0.01408	0.01477	0.01118	0.00531	0.00476	0.00117	0.00439	0.00432	0.00414	0.60034
3	0.01163	0.00846	0.01004	0.00936	0.01120	0.00868	0.00701	0.21445	0.01719	0.02336	0.23137	0.36216	0.03507	0.01328	0.00681	0.00204	0.00405	0.01166	0.00580	0.00639
4	0.01768	0.01272	0.02077	0.02858	0.55027	0.01234	0.01524	0.02079	0.01420	0.22805	0.01431	0.01591	0.01067	0.00575	0.00578	0.00175	0.00636	0.00537	0.00409	0.00940
5	0.02181	0.00864	0.01123	0.00896	0.01258	0.00767	0.00729	0.02419	0.01539	0.55508	0.02183	0.02032	0.01454	0.00708	0.00535	0.00167	0.00432	0.00573	0.23769	0.00864
6	0.00709	0.00506	0.00675	0.00810	0.00843	0.00472	0.00540	0.00810	0.01113	0.01484	0.03205	0.79184	0.03846	0.01822	0.00742	0.00236	0.00337	0.01653	0.00540	0.00472

[dist]
# distance from previous block
# <min> <max>
0	9

[block]
# block no. 2 follows, 40 sequences, length 9
# corresponding to MSA columns:
# 168-176
name=unknown_C
#
# <colnr> <probs for GDERKNQSTAVLIFYWHMCP>
#	G	D	E	R	K	N	Q	S	T	A	V	L	I	F	Y	W	H	M	C	P
0	0.01143	0.02173	0.46193	0.01504	0.07106	0.01128	0.01615	0.01659	0.01290	0.01926	0.11736	0.01685	0.01454	0.00618	0.00550	0.00164	0.00682	0.00509	0.00324	0.16540
1	0.02211	0.01629	0.01745	0.01338	0.01803	0.01803	0.01105	0.73997	0.02734	0.03665	0.01396	0.01396	0.00989	0.00698	0.00582	0.00175	0.00640	0.00524	0.00582	0.00989
2	0.01115	0.01049	0.01763	0.47699	0.13268	0.01229	0.05094	0.01443	0.01170	0.01556	0.01342	0.12645	0.01240	0.00776	0.00700	0.00201	0.06050	0.00688	0.00304	0.00665
3	0.00791	0.00570	0.00749	0.00753	0.00862	0.00527	0.00546	0.01017	0.01497	0.02095	0.55359	0.25290	0.05028	0.01366	0.00702	0.00198	0.00292	0.01220	0.00612	0.00527
4	0.01277	0.01103	0.01783	0.02579	0.48516	0.01103	0.01398	0.01594	0.01312	0.01903	0.01651	0.02683	0.01543	0.00783	0.00602	0.00189	0.00596	0.16435	0.12169	0.00781
5	0.02125	0.00963	0.01246	0.00973	0.01384	0.00840	0.00786	0.02426	0.05787	0.52534	0.05057	0.02181	0.04212	0.04219	0.00676	0.00185	0.00471	0.00607	0.00633	0.12695
6	0.01508	0.01422	0.05466	0.12995	0.13927	0.01355	0.35851	0.01913	0.01348	0.12467	0.01278	0.01577	0.00941	0.00569	0.00697	0.00192	0.04734	0.00604	0.00345	0.00810
7	0.00736	0.00526	0.00706	0.00841	0.00887	0.00496	0.00588	0.00857	0.01141	0.01515	0.03190	0.70431	0.03786	0.01796	0.00750	0.00240	0.00361	0.10134	0.00539	0.00480
8	0.01366	0.01645	0.08345	0.02531	0.11789	0.01452	0.60198	0.01852	0.01357	0.01866	0.01157	0.01530	0.00877	0.00498	0.00664	0.00192	0.00937	0.00648	0.00290	0.00806

[dist]
# distance from previous block
# <min> <max>
0	158

[block]
# block no. 3 follows, 40 sequences, length 51
# corresponding to MSA columns:
# 354-404
name=unknown_D
#
# <colnr> <probs for GDERKNQSTAVLIFYWHMCP>
#	G	D	E	R	K	N	Q	S	T	A	V	L	I	F	Y	W	H	M	C	P
0	0.01347	0.01494	0.03015	0.02218	0.02658	0.01549	0.55523	0.01746	0.01251	0.01746	0.01072	0.01494	0.00852	0.00623	0.00995	0.00211	0.20534	0.00642	0.00284	0.00747
1	0.01679	0.01676	0.11945	0.14538	0.05723	0.04854	0.07852	0.32308	0.04948	0.02579	0.01298	0.01474	0.00954	0.00630	0.00576	0.00179	0.00717	0.00524	0.04695	0.00852
2	0.01504	0.01519	0.02837	0.02278	0.10854	0.01504	0.47396	0.11901	0.10002	0.02180	0.01334	0.01600	0.01004	0.00556	0.00649	0.00191	0.00841	0.00642	0.00367	0.00843
3	0.00715	0.00511	0.00682	0.00817	0.00854	0.00478	0.00551	0.00821	0.01120	0.01492	0.03202	0.77144	0.03832	0.01816	0.00744	0.00237	0.00343	0.03630	0.00540	0.00474
4	0.00742	0.00541	0.00698	0.00766	0.00846	0.00497	0.00534	0.00900	0.01296	0.01752	0.25634	0.49643	0.10806	0.01597	0.00720	0.00216	0.00314	0.01431	0.00571	0.00497
5	0.01406	0.01185	0.01843	0.42284	0.20188	0.01354	0.01512	0.08410	0.04690	0.06981	0.01219	0.01558	0.00919	0.00611	0.00626	0.00188	0.03377	0.00528	0.00342	0.00777
6	0.01223	0.12078	0.64017	0.01620	0.02422	0.01470	0.05730	0.01831	0.01230	0.01786	0.01023	0.01210	0.00745	0.00543	0.00538	0.00178	0.00837	0.00429	0.00248	0.00842
7	0.00709	0.00506	0.00675	0.00810	0.00843	0.00472	0.00540	0.00810	0.01113	0.01484	0.03205	0.79184	0.03846	0.01822	0.00742	0.00236	0.00337	0.01653	0.00540	0.00472
8	0.00807	0.00616	0.00877	0.00846	0.00974	0.00570	0.04506	0.01027	0.01432	0.01979	0.43422	0.30225	0.07729	0.01383	0.00706	0.00203	0.00335	0.01248	0.00582	0.00532
9	0.01133	0.00829	0.01014	0.03152	0.01227	0.00861	0.00770	0.19352	0.01565	0.02086	0.03913	0.45640	0.02995	0.01462	0.00705	0.00223	0.00453	0.11458	0.00544	0.00618
10	0.00720	0.00515	0.00688	0.00823	0.00862	0.00483	0.00560	0.00830	0.01125	0.01498	0.03199	0.75416	0.03820	0.01811	0.00745	0.00238	0.00348	0.05303	0.00540	0.00476
11	0.01206	0.01034	0.01206	0.00861	0.01378	0.00775	0.00689	0.01464	0.01206	0.01895	0.01034	0.01206	0.00861	0.00431	0.00431	0.00086	0.00431	0.00345	0.00345	0.83118
12	0.01789	0.00824	0.01097	0.00943	0.01233	0.00744	0.00743	0.04712	0.01568	0.40868	0.15785	0.19539	0.02758	0.01080	0.00646	0.00196	0.00427	0.03616	0.00654	0.00779
13	0.49668	0.01117	0.01274	0.26291	0.08458	0.01307	0.01050	0.01643	0.01075	0.02181	0.00907	0.01185	0.00702	0.00552	0.00451	0.00184	0.00577	0.00398	0.00321	0.00660
14	0.02490	0.01040	0.01367	0.01054	0.01492	0.00942	0.00868	0.10302	0.01777	0.65455	0.05351	0.02019	0.01566	0.00738	0.00589	0.00179	0.00501	0.00598	0.00702	0.00971
15	0.01597	0.74597	0.02951	0.01030	0.01514	0.07464	0.01004	0.01781	0.01214	0.01372	0.00815	0.00941	0.00746	0.00505	0.00384	0.00126	0.00651	0.00315	0.00252	0.00741
16	0.06196	0.01543	0.01599	0.01293	0.01683	0.05091	0.01051	0.45894	0.18873	0.03073	0.01520	0.01524	0.01123	0.00728	0.00661	0.00184	0.05973	0.00535	0.00537	0.00916
17	0.00715	0.00510	0.00682	0.00817	0.00853	0.00478	0.00550	0.00820	0.01119	0.01491	0.03202	0.77251	0.03833	0.01816	0.00744	0.00237	0.00343	0.03526	0.00540	0.00474
18	0.01617	0.01326	0.01800	0.37752	0.09470	0.01525	0.01406	0.33359	0.01867	0.02480	0.01198	0.01473	0.00882	0.00627	0.00581	0.00183	0.00708	0.00520	0.00403	0.00821
19	0.01879	0.00829	0.01079	0.00891	0.01226	0.00718	0.00712	0.02083	0.01549	0.47445	0.10117	0.08333	0.18591	0.01009	0.00628	0.00188	0.00418	0.00846	0.00660	0.00801
20	0.01299	0.01403	0.02926	0.19074	0.03144	0.01388	0.54509	0.01756	0.01319	0.01794	0.01178	0.01592	0.00887	0.00519	0.00650	0.00193	0.00902	0.00642	0.04082	0.00743
21	0.27393	0.01569	0.01460	0.01362	0.08383	0.13582	0.00996	0.24880	0.05559	0.07761	0.01219	0.01285	0.00905	0.00623	0.00504	0.00174	0.00632	0.00446	0.00451	0.00817
22	0.01186	0.01129	0.01686	0.31148	0.02433	0.01506	0.01349	0.01423	0.01014	0.01472	0.00943	0.01447	0.00819	0.00898	0.02815	0.00238	0.42806	0.00516	0.04539	0.00633
23	0.01115	0.01052	0.01768	0.73744	0.06683	0.01306	0.01614	0.01495	0.01163	0.01500	0.01030	0.01540	0.00780	0.00588	0.00609	0.00194	0.02386	0.00517	0.00259	0.00656
24	0.02260	0.00991	0.01289	0.01028	0.01429	0.00915	0.00835	0.02706	0.12792	0.57977	0.09368	0.02236	0.01880	0.00775	0.00596	0.00183	0.00468	0.00641	0.00693	0.00937
25	0.01268	0.05654	0.54660	0.01640	0.02379	0.01329	0.12169	0.01850	0.01265	0.05050	0.01166	0.01362	0.00840	0.00557	0.00556	0.00180	0.00811	0.00476	0.05961	0.00828
26	0.00709	0.00506	0.00675	0.00810	0.00843	0.00472	0.00540	0.00810	0.01113	0.01484	0.03205	0.79184	0.03846	0.01822	0.00742	0.00236	0.00337	0.01653	0.00540	0.00472
27	0.01457	0.60537	0.21566	0.01162	0.01751	0.02062	0.01286	0.01767	0.01193	0.01487	0.00868	0.01007	0.00744	0.00511	0.00418	0.00139	0.00682	0.00341	0.00248	0.00775
28	0.01195	0.01078	0.01838	0.42096	0.18751	0.01204	0.08354	0.01564	0.01227	0.01724	0.01203	0.01631	0.00935	0.00575	0.00561	0.00180	0.00693	0.00537	0.13953	0.00701
29	0.01353	0.01294	0.02205	0.22386	0.57791	0.01359	0.01742	0.01709	0.01283	0.01795	0.01079	0.01467	0.00884	0.00534	0.00577	0.00178	0.00712	0.00518	0.00280	0.00852
30	0.00721	0.00515	0.00689	0.00824	0.00863	0.00483	0.00561	0.00831	0.01126	0.01498	0.03198	0.75254	0.03819	0.01810	0.00746	0.00238	0.00348	0.05461	0.00540	0.00476
31	0.01529	0.01080	0.01243	0.01029	0.01328	0.01131	0.00826	0.33988	0.02126	0.06139	0.36529	0.02990	0.03212	0.00962	0.00639	0.00182	0.00457	0.03229	0.00614	0.00766
32	0.01296	0.02106	0.30706	0.02155	0.02844	0.01426	0.47088	0.01855	0.01319	0.01855	0.01127	0.01441	0.00828	0.00513	0.00636	0.00192	0.00935	0.00591	0.00276	0.00812
33	0.00774	0.00593	0.00711	0.00696	0.00852	0.00530	0.00526	0.00996	0.01497	0.01996	0.44122	0.06941	0.31732	0.01332	0.00693	0.00193	0.00296	0.04399	0.00595	0.00524
34	0.01166	0.03008	0.76550	0.01657	0.02517	0.01351	0.02149	0.01842	0.01228	0.01842	0.01044	0.01228	0.00737	0.00552	0.00552	0.00184	0.00859	0.00430	0.00246	0.00859
35	0.01166	0.03008	0.76550	0.01657	0.02517	0.01351	0.02149	0.01842	0.01228	0.01842	0.01044	0.01228	0.00737	0.00552	0.00552	0.00184	0.00859	0.00430	0.00246	0.00859
36	0.02600	0.01004	0.01359	0.01042	0.01492	0.00876	0.00860	0.04466	0.01689	0.74672	0.02274	0.01966	0.01429	0.00719	0.00585	0.00180	0.00498	0.00583	0.00717	0.00990
37	0.00699	0.00580	0.00612	0.00625	0.00798	0.00493	0.00461	0.00850	0.01322	0.01613	0.10377	0.14261	0.62317	0.01495	0.00694	0.00200	0.00298	0.01266	0.00547	0.00493
38	0.01421	0.01363	0.02328	0.07497	0.72148	0.01377	0.01776	0.01769	0.01316	0.01878	0.01091	0.01445	0.00913	0.00521	0.00576	0.00174	0.00695	0.00518	0.00286	0.00907
39	0.00687	0.00589	0.00589	0.00589	0.00785	0.00491	0.00442	0.00835	0.01325	0.01571	0.05891	0.05596	0.75700	0.01473	0.00687	0.00196	0.00295	0.01227	0.00540	0.00491
40	0.00846	0.00564	0.00634	0.00634	0.00634	0.00564	0.00352	0.00846	0.00846	0.01128	0.01832	0.03805	0.02114	0.79563	0.02960	0.00564	0.00564	0.00846	0.00352	0.00352
41	0.02211	0.01629	0.01745	0.01338	0.01803	0.01803	0.01105	0.73997	0.02734	0.03665	0.01396	0.01396	0.00989	0.00698	0.00582	0.00175	0.00640	0.00524	0.00582	0.00989
42	0.01105	0.01048	0.01789	0.76153	0.03979	0.01297	0.03535	0.01496	0.01168	0.01496	0.01037	0.01551	0.00778	0.00579	0.00584	0.00194	0.00781	0.00521	0.00259	0.00650
43	0.01345	0.20965	0.01697	0.00931	0.01430	0.01235	0.00795	0.04374	0.05244	0.01858	0.01063	0.01196	0.00887	0.00477	0.00431	0.00105	0.00488	0.00360	0.00343	0.54776
44	0.01401	0.01380	0.03763	0.10760	0.67518	0.01372	0.01775	0.01757	0.01307	0.01859	0.01087	0.01446	0.00903	0.00525	0.00576	0.00175	0.00702	0.00516	0.00284	0.00893
45	0.00823	0.00594	0.00777	0.00732	0.00869	0.00549	0.00549	0.01097	0.01646	0.02332	0.75629	0.04344	0.05487	0.01189	0.00686	0.00183	0.00274	0.01052	0.00640	0.00549
46	0.00843	0.00573	0.00683	0.00683	0.00699	0.00590	0.00413	0.00877	0.00860	0.01163	0.01788	0.03560	0.02008	0.67440	0.14938	0.00624	0.00724	0.00810	0.00346	0.00379
47	0.00794	0.00593	0.00737	0.00701	0.00851	0.00536	0.00526	0.01041	0.01577	0.02169	0.60704	0.04612	0.20513	0.01250	0.00686	0.00186	0.00279	0.01089	0.00619	0.00536
48	0.01439	0.01382	0.02360	0.03569	0.75936	0.01382	0.01785	0.01785	0.01324	0.01900	0.01094	0.01439	0.00921	0.00518	0.00576	0.00173	0.00691	0.00518	0.00288	0.00921
49	0.01038	0.00876	0.01088	0.01186	0.05257	0.06000	0.02857	0.01354	0.04769	0.01819	0.13334	0.11084	0.06504	0.01362	0.00732	0.00231	0.00523	0.38884	0.00518	0.00585
50	0.01555	0.79913	0.03047	0.00995	0.01493	0.02301	0.00995	0.01741	0.01182	0.01368	0.00808	0.00933	0.00746	0.00498	0.00373	0.00124	0.00622	0.00311	0.00249	0.00746

[dist]
# distance from previous block
# <min> <max>
0	1

# created by:
# /software/SequenceAnalysis/GenePrediction/augustus/3.0.1/scripts/msa2prfl.pl ./fixed/BUSCOvEOG7DFR36.fas
