[name]
unknown

[dist]
# distance from previous block
# <min> <max>
1	224

[block]
# block no. 0 follows, 39 sequences, length 13
# corresponding to MSA columns:
# 231-243
name=unknown_A
#
# <colnr> <probs for GDERKNQSTAVLIFYWHMCP>
#	G	D	E	R	K	N	Q	S	T	A	V	L	I	F	Y	W	H	M	C	P
0	0.01225	0.02307	0.46266	0.12272	0.18492	0.01336	0.01967	0.01778	0.01267	0.01832	0.01180	0.01624	0.00934	0.00615	0.00584	0.00191	0.00808	0.04205	0.00276	0.00841
1	0.01935	0.01434	0.01598	0.05576	0.01799	0.01594	0.01065	0.52878	0.08919	0.03141	0.01538	0.01800	0.01192	0.02610	0.00789	0.06612	0.00625	0.03467	0.00541	0.00888
2	0.01152	0.00697	0.00825	0.00782	0.00925	0.00699	0.00570	0.06841	0.01300	0.07773	0.07696	0.09004	0.05269	0.23249	0.07771	0.00357	0.00540	0.04796	0.19194	0.00560
3	0.00833	0.00646	0.00840	0.00920	0.00975	0.00680	0.00647	0.01064	0.06987	0.01579	0.02966	0.65675	0.03459	0.01695	0.00850	0.00239	0.07392	0.01495	0.00527	0.00532
4	0.01365	0.01358	0.02541	0.14619	0.38345	0.01368	0.23352	0.01733	0.01304	0.01804	0.01123	0.01540	0.00907	0.00614	0.00717	0.04836	0.00794	0.00578	0.00288	0.00813
5	0.01320	0.01117	0.01205	0.01093	0.01384	0.01259	0.00845	0.02667	0.57683	0.02424	0.16811	0.02759	0.05058	0.00906	0.00624	0.00198	0.00425	0.00767	0.00610	0.00847
6	0.01300	0.02861	0.68289	0.01666	0.02501	0.01341	0.04451	0.01947	0.01286	0.07274	0.01158	0.01316	0.00806	0.00572	0.00569	0.00187	0.00851	0.00457	0.00287	0.00881
7	0.00731	0.00519	0.00683	0.00810	0.00842	0.00487	0.00535	0.00826	0.01112	0.01482	0.03155	0.73219	0.03779	0.07644	0.00924	0.00265	0.00360	0.01620	0.00535	0.00471
8	0.01309	0.01307	0.01785	0.07857	0.11344	0.05591	0.01315	0.01503	0.01096	0.01584	0.07585	0.01609	0.01232	0.00926	0.01469	0.00231	0.50713	0.00562	0.00301	0.00679
9	0.00719	0.00521	0.00680	0.00806	0.00853	0.00482	0.00541	0.00825	0.01149	0.01516	0.03468	0.73258	0.09349	0.01826	0.00751	0.00237	0.00340	0.01648	0.00549	0.00482
10	0.01594	0.01207	0.01252	0.06776	0.01527	0.06712	0.00878	0.27009	0.07474	0.02582	0.01617	0.01809	0.01246	0.01023	0.07259	0.00234	0.00634	0.00547	0.27866	0.00757
11	0.01415	0.01324	0.08100	0.01333	0.06889	0.01289	0.01047	0.12425	0.29703	0.03541	0.02292	0.08147	0.07788	0.00890	0.00672	0.00195	0.04636	0.00727	0.06761	0.00825
12	0.07526	0.01970	0.35378	0.01322	0.01912	0.01212	0.01439	0.07623	0.07044	0.16673	0.07456	0.04904	0.01499	0.00729	0.00578	0.00188	0.00653	0.00586	0.00451	0.00856

[dist]
# distance from previous block
# <min> <max>
8	9

[block]
# block no. 1 follows, 39 sequences, length 43
# corresponding to MSA columns:
# 253-295
name=unknown_B
#
# <colnr> <probs for GDERKNQSTAVLIFYWHMCP>
#	G	D	E	R	K	N	Q	S	T	A	V	L	I	F	Y	W	H	M	C	P
0	0.21138	0.00907	0.01002	0.00911	0.01182	0.00929	0.00736	0.01556	0.06415	0.05405	0.17178	0.05789	0.04850	0.00982	0.00645	0.00192	0.03871	0.12900	0.00494	0.12917
1	0.01488	0.01073	0.01271	0.00932	0.01438	0.00862	0.00750	0.04114	0.04306	0.13362	0.01315	0.01393	0.01008	0.00507	0.00474	0.00110	0.00456	0.00407	0.00427	0.64309
2	0.01209	0.00973	0.01150	0.00941	0.01259	0.00897	0.00719	0.10186	0.01331	0.01932	0.01627	0.17231	0.01660	0.10860	0.00951	0.00203	0.05697	0.00717	0.00415	0.40041
3	0.00745	0.00588	0.00676	0.00725	0.00858	0.00528	0.00520	0.00934	0.03499	0.01647	0.09620	0.34522	0.38580	0.01600	0.00720	0.00216	0.00325	0.02629	0.00558	0.00510
4	0.08394	0.01398	0.01510	0.01181	0.01611	0.02766	0.00970	0.44864	0.02252	0.19717	0.01614	0.01579	0.01120	0.00699	0.00559	0.00175	0.00578	0.00529	0.07547	0.00934
5	0.02012	0.01416	0.01531	0.01202	0.01591	0.01545	0.00967	0.56339	0.02384	0.06463	0.01551	0.01811	0.01206	0.10738	0.00889	0.00226	0.00609	0.00578	0.06051	0.00893
6	0.00799	0.00603	0.00738	0.00705	0.00860	0.00542	0.00528	0.01043	0.01585	0.02161	0.56386	0.04764	0.24540	0.01288	0.00698	0.00190	0.00285	0.01118	0.00623	0.00542
7	0.00724	0.00516	0.00685	0.00819	0.00852	0.00483	0.00544	0.00824	0.01125	0.01501	0.03224	0.76945	0.03867	0.03799	0.00812	0.00249	0.00349	0.01661	0.00544	0.00477
8	0.01036	0.01019	0.01995	0.01603	0.01901	0.00954	0.34561	0.01324	0.01255	0.01689	0.02296	0.42762	0.02504	0.01220	0.00728	0.00221	0.00648	0.01222	0.00432	0.00629
9	0.02653	0.01006	0.01372	0.01052	0.01510	0.00869	0.00869	0.02882	0.01693	0.75937	0.02333	0.02013	0.01464	0.00732	0.00595	0.00183	0.00503	0.00595	0.00732	0.01006
10	0.00821	0.00557	0.00657	0.00695	0.00705	0.00547	0.00412	0.00850	0.00936	0.01249	0.02255	0.24917	0.02645	0.57495	0.02377	0.00480	0.00509	0.01091	0.00412	0.00393
11	0.02392	0.01318	0.01550	0.01193	0.01644	0.01343	0.00980	0.38221	0.02211	0.37330	0.01860	0.01776	0.01257	0.03274	0.00672	0.00193	0.00579	0.00572	0.00649	0.00985
12	0.00750	0.00595	0.00678	0.00693	0.00854	0.00523	0.00521	0.00932	0.01397	0.01776	0.21355	0.14545	0.45576	0.01485	0.00713	0.00206	0.00317	0.05997	0.00572	0.00513
13	0.00881	0.00771	0.01350	0.01219	0.01387	0.00721	0.17804	0.01077	0.01195	0.01601	0.02771	0.60532	0.03197	0.01532	0.00741	0.00231	0.00498	0.01448	0.00490	0.00556
14	0.81115	0.01197	0.02956	0.00803	0.01183	0.01328	0.00683	0.01742	0.01013	0.02632	0.00830	0.00969	0.00643	0.00549	0.00371	0.00183	0.00469	0.00323	0.00363	0.00647
15	0.01262	0.17793	0.62085	0.01556	0.02359	0.01560	0.01959	0.01853	0.01240	0.01780	0.01015	0.01191	0.00751	0.00551	0.00527	0.00176	0.00827	0.00414	0.00250	0.00852
16	0.00721	0.00515	0.00686	0.00823	0.00858	0.00480	0.00549	0.00823	0.01132	0.01510	0.03259	0.78831	0.03911	0.01853	0.00755	0.00240	0.00343	0.01681	0.00549	0.00480
17	0.01321	0.01369	0.02132	0.10563	0.02169	0.04050	0.16362	0.01564	0.01076	0.01551	0.00910	0.01380	0.00806	0.00837	0.01426	0.00230	0.47821	0.00546	0.00272	0.03616
18	0.01678	0.01320	0.01486	0.01349	0.04837	0.04657	0.01045	0.23609	0.21124	0.07112	0.01949	0.02396	0.02970	0.01124	0.05870	0.00253	0.07017	0.08835	0.00525	0.00845
19	0.01464	0.01405	0.02400	0.03630	0.75528	0.01405	0.01815	0.01815	0.01347	0.01932	0.01112	0.01464	0.00937	0.00527	0.00585	0.00176	0.00703	0.00527	0.00293	0.00937
20	0.00725	0.00539	0.00663	0.00758	0.00829	0.00491	0.00512	0.00832	0.01164	0.01505	0.03808	0.56227	0.20698	0.07213	0.00900	0.00254	0.00349	0.01521	0.00536	0.00476
21	0.01399	0.01358	0.02370	0.16276	0.58168	0.01396	0.06822	0.01768	0.01322	0.01857	0.01108	0.01492	0.00908	0.00536	0.00594	0.00181	0.00738	0.00539	0.00288	0.00879
22	0.01604	0.01209	0.01457	0.01199	0.01501	0.01288	0.05951	0.39671	0.01986	0.02661	0.01911	0.20163	0.01869	0.13504	0.01024	0.00257	0.00590	0.00869	0.00524	0.00763
23	0.00860	0.00573	0.00645	0.00645	0.00645	0.00573	0.00358	0.00860	0.00860	0.01147	0.01863	0.03870	0.02150	0.79217	0.03010	0.00573	0.00573	0.00860	0.00358	0.00358
24	0.50494	0.01389	0.01273	0.01052	0.01463	0.01559	0.00860	0.30227	0.01750	0.03126	0.01124	0.01231	0.00846	0.00654	0.00484	0.00192	0.00556	0.00426	0.00476	0.00817
25	0.07240	0.01565	0.03116	0.02616	0.16815	0.01496	0.53897	0.01906	0.01396	0.02010	0.01215	0.01608	0.00945	0.00550	0.00678	0.00205	0.00919	0.00657	0.00324	0.00844
26	0.00993	0.00759	0.01022	0.01061	0.01168	0.00799	0.00857	0.01200	0.01374	0.01879	0.19972	0.18032	0.03706	0.01526	0.00945	0.00255	0.10378	0.32939	0.00553	0.00583
27	0.01034	0.00626	0.00821	0.00896	0.00990	0.00570	0.00618	0.01135	0.01243	0.11076	0.03181	0.68333	0.03627	0.01738	0.00759	0.00244	0.00386	0.01550	0.00591	0.00581
28	0.00791	0.00576	0.00720	0.00830	0.00890	0.00526	0.00556	0.00877	0.01187	0.01564	0.03587	0.65478	0.12979	0.05267	0.00872	0.00261	0.00370	0.01598	0.00560	0.00511
29	0.01548	0.01502	0.02180	0.02932	0.52629	0.07084	0.03492	0.01949	0.06540	0.01986	0.01244	0.01543	0.01034	0.00582	0.00593	0.00176	0.00707	0.00527	0.00345	0.11404
30	0.01204	0.01094	0.01180	0.02627	0.01339	0.12360	0.00904	0.01457	0.04232	0.01584	0.01720	0.02667	0.01622	0.02873	0.41616	0.00617	0.06652	0.09660	0.03977	0.00616
31	0.00829	0.00661	0.00754	0.00761	0.00938	0.00596	0.00584	0.00997	0.01374	0.01737	0.13299	0.05261	0.49005	0.01886	0.10467	0.00313	0.00511	0.08928	0.00550	0.00548
32	0.00787	0.00563	0.00733	0.00867	0.00907	0.00520	0.00577	0.00872	0.01171	0.01568	0.03300	0.78145	0.03940	0.01881	0.00779	0.00251	0.00366	0.01689	0.00568	0.00514
33	0.01380	0.11268	0.02235	0.37028	0.32896	0.01513	0.01650	0.01710	0.01291	0.01726	0.01109	0.01533	0.00905	0.00595	0.00588	0.00191	0.00752	0.00519	0.00296	0.00816
34	0.01283	0.01351	0.10839	0.01022	0.01593	0.00900	0.00917	0.01580	0.01267	0.01975	0.01115	0.01315	0.00919	0.00497	0.00481	0.00113	0.00515	0.00383	0.00359	0.71577
35	0.00847	0.00888	0.10373	0.00977	0.01124	0.00634	0.00786	0.01006	0.01186	0.01615	0.03019	0.68235	0.03536	0.01717	0.00755	0.00244	0.00434	0.01530	0.00530	0.00564
36	0.01742	0.00919	0.01129	0.00960	0.01279	0.00852	0.00754	0.02160	0.12309	0.33551	0.20313	0.03359	0.15985	0.01034	0.00665	0.00201	0.00429	0.00856	0.00678	0.00826
37	0.01573	0.01149	0.01296	0.01142	0.01426	0.01228	0.00906	0.32314	0.08040	0.02731	0.07106	0.15845	0.02295	0.01265	0.04015	0.00245	0.00578	0.09693	0.06354	0.00797
38	0.01122	0.00722	0.00874	0.00836	0.00948	0.00810	0.00643	0.01335	0.01151	0.01917	0.01737	0.02229	0.01474	0.03800	0.19482	0.00377	0.11353	0.00594	0.48009	0.00587
39	0.01384	0.01026	0.01231	0.06074	0.01543	0.00837	0.00768	0.01635	0.01302	0.08169	0.01332	0.01527	0.01060	0.00548	0.00486	0.00122	0.00468	0.00430	0.10891	0.59167
40	0.07739	0.01637	0.01728	0.01345	0.01803	0.01801	0.01099	0.66611	0.02646	0.03641	0.01447	0.01521	0.01061	0.02285	0.00650	0.00197	0.00656	0.00544	0.00590	0.00997
41	0.00805	0.00570	0.00728	0.00844	0.00880	0.00532	0.00553	0.00877	0.01137	0.01522	0.03121	0.68570	0.03715	0.11764	0.01067	0.00293	0.00395	0.01584	0.00544	0.00499
42	0.01429	0.01337	0.04871	0.01412	0.01619	0.03471	0.06191	0.14561	0.01412	0.02002	0.04574	0.04056	0.01371	0.05017	0.12219	0.00351	0.30082	0.00636	0.02663	0.00724

[dist]
# distance from previous block
# <min> <max>
5	34

[block]
# block no. 2 follows, 39 sequences, length 11
# corresponding to MSA columns:
# 330-340
name=unknown_C
#
# <colnr> <probs for GDERKNQSTAVLIFYWHMCP>
#	G	D	E	R	K	N	Q	S	T	A	V	L	I	F	Y	W	H	M	C	P
0	0.00728	0.00562	0.00664	0.00719	0.00837	0.00499	0.00508	0.00875	0.01298	0.01666	0.14373	0.37902	0.34023	0.01615	0.00723	0.00216	0.00316	0.01415	0.00563	0.00499
1	0.01123	0.01073	0.01925	0.30743	0.14487	0.01144	0.15505	0.01454	0.01238	0.01654	0.01673	0.21972	0.01659	0.00896	0.00655	0.00205	0.00698	0.00865	0.00350	0.00683
2	0.00788	0.00579	0.00745	0.00842	0.00910	0.00561	0.00578	0.01024	0.06509	0.01674	0.11062	0.65142	0.03941	0.01706	0.00737	0.00231	0.00345	0.01541	0.00564	0.00522
3	0.00874	0.00923	0.10785	0.00875	0.01104	0.00660	0.00773	0.01194	0.01576	0.02239	0.59863	0.09695	0.04811	0.01172	0.00684	0.00190	0.00363	0.01032	0.00590	0.00594
4	0.00731	0.00519	0.00683	0.00810	0.00842	0.00487	0.00535	0.00826	0.01112	0.01482	0.03154	0.73161	0.03778	0.07704	0.00925	0.00265	0.00361	0.01619	0.00535	0.00471
5	0.01263	0.02203	0.40481	0.14893	0.25928	0.01374	0.01978	0.01795	0.01269	0.01832	0.01076	0.01371	0.00815	0.00556	0.00574	0.00185	0.00806	0.00480	0.00266	0.00858
6	0.01157	0.00806	0.00961	0.00893	0.01084	0.00825	0.00667	0.01749	0.20748	0.08435	0.32831	0.09238	0.03597	0.11474	0.00978	0.00247	0.00398	0.02653	0.00596	0.00663
7	0.00826	0.00638	0.00920	0.01191	0.10770	0.00607	0.00718	0.00972	0.01191	0.01614	0.07047	0.64350	0.03611	0.01640	0.00729	0.00229	0.00387	0.01493	0.00521	0.00545
8	0.01347	0.01381	0.02428	0.02157	0.13628	0.01577	0.26447	0.01646	0.01161	0.01704	0.01030	0.01469	0.00879	0.00752	0.01223	0.00219	0.35415	0.00583	0.04212	0.00740
9	0.01476	0.01594	0.11186	0.02843	0.46392	0.01403	0.07822	0.10040	0.01505	0.02116	0.01303	0.01843	0.01108	0.00635	0.00611	0.00187	0.00730	0.05970	0.00342	0.00895
10	0.01300	0.01332	0.02322	0.02058	0.11799	0.01543	0.23849	0.01583	0.01122	0.01633	0.01039	0.01521	0.00911	0.01165	0.09421	0.00303	0.35508	0.00588	0.00282	0.00720

[dist]
# distance from previous block
# <min> <max>
124	419

[block]
# block no. 3 follows, 39 sequences, length 17
# corresponding to MSA columns:
# 772-788
name=unknown_D
#
# <colnr> <probs for GDERKNQSTAVLIFYWHMCP>
#	G	D	E	R	K	N	Q	S	T	A	V	L	I	F	Y	W	H	M	C	P
0	0.03661	0.00739	0.00910	0.00970	0.01152	0.00734	0.00821	0.04234	0.04235	0.01864	0.03682	0.05844	0.21388	0.01493	0.00754	0.00244	0.00481	0.45679	0.00544	0.00571
1	0.01366	0.01040	0.01264	0.01147	0.06527	0.00984	0.00830	0.05847	0.17291	0.08099	0.20285	0.02337	0.02328	0.00757	0.00570	0.00156	0.00440	0.00643	0.00520	0.27570
2	0.00844	0.00583	0.00726	0.00738	0.00768	0.00607	0.00472	0.00906	0.00907	0.01236	0.01916	0.10122	0.02136	0.53388	0.21549	0.00639	0.00809	0.00875	0.00365	0.00412
3	0.04436	0.01803	0.21033	0.05461	0.51901	0.01391	0.01859	0.01817	0.01304	0.01930	0.01087	0.01394	0.00873	0.00539	0.00571	0.00180	0.00740	0.00496	0.00284	0.00901
4	0.01558	0.02538	0.57181	0.01525	0.02293	0.01245	0.01851	0.02129	0.01361	0.20662	0.01384	0.01442	0.00930	0.00605	0.00570	0.00186	0.00780	0.00477	0.00372	0.00908
5	0.00747	0.00567	0.00795	0.00873	0.00946	0.00524	0.03573	0.00870	0.01162	0.01533	0.03416	0.69132	0.10112	0.01765	0.00747	0.00235	0.00366	0.01602	0.00539	0.00495
6	0.01024	0.00745	0.01002	0.01030	0.01188	0.00781	0.00858	0.07578	0.01427	0.01927	0.12707	0.04786	0.03008	0.02203	0.20075	0.00424	0.00780	0.37369	0.00506	0.00583
7	0.00872	0.00649	0.00842	0.00929	0.01080	0.00619	0.00782	0.01108	0.01373	0.01760	0.08931	0.08325	0.22321	0.01575	0.00776	0.00246	0.00456	0.46271	0.00553	0.00532
8	0.00942	0.00745	0.01089	0.20419	0.01820	0.00792	0.00980	0.01235	0.01393	0.01849	0.22283	0.06764	0.07570	0.01253	0.00719	0.00225	0.00514	0.28336	0.00502	0.00572
9	0.00909	0.00741	0.01121	0.01535	0.19801	0.00715	0.00870	0.01075	0.01187	0.01617	0.02715	0.59203	0.03157	0.01516	0.00712	0.00224	0.00434	0.01388	0.00484	0.00596
10	0.01438	0.01645	0.03144	0.10513	0.03085	0.08154	0.59255	0.01894	0.01398	0.01813	0.01156	0.01546	0.00874	0.00518	0.00672	0.00195	0.00981	0.00651	0.00296	0.00773
11	0.02163	0.00882	0.01198	0.00994	0.01344	0.00771	0.00788	0.02360	0.01550	0.57056	0.02568	0.21501	0.02085	0.01016	0.00635	0.00197	0.00463	0.00870	0.00686	0.00873
12	0.01846	0.01671	0.01452	0.01207	0.01570	0.19750	0.00957	0.37784	0.02148	0.02632	0.02456	0.02417	0.19791	0.00885	0.00605	0.00177	0.00663	0.00677	0.00511	0.00799
13	0.00721	0.00515	0.00686	0.00823	0.00858	0.00480	0.00549	0.00823	0.01132	0.01510	0.03259	0.78831	0.03911	0.01853	0.00755	0.00240	0.00343	0.01681	0.00549	0.00480
14	0.01325	0.01457	0.03054	0.21596	0.03340	0.01449	0.55181	0.01797	0.01342	0.01797	0.01160	0.01591	0.00870	0.00522	0.00671	0.00199	0.00944	0.00654	0.00290	0.00762
15	0.01165	0.02423	0.56973	0.01398	0.02085	0.01165	0.01736	0.01747	0.01246	0.01957	0.01281	0.01491	0.00944	0.00594	0.00524	0.00175	0.00722	0.00466	0.21116	0.00792
16	0.00699	0.00599	0.00599	0.00599	0.00799	0.00499	0.00449	0.00849	0.01348	0.01598	0.05991	0.05691	0.75288	0.01498	0.00699	0.00200	0.00300	0.01248	0.00549	0.00499

[dist]
# distance from previous block
# <min> <max>
0	48

# created by:
# /software/SequenceAnalysis/GenePrediction/augustus/3.0.1/scripts/msa2prfl.pl ./fixed/BUSCOvEOG7KSQZ9.fas
