[name]
unknown

[dist]
# distance from previous block
# <min> <max>
0	116

[block]
# block no. 0 follows, 39 sequences, length 16
# corresponding to MSA columns:
# 126-141
name=unknown_A
#
# <colnr> <probs for GDERKNQSTAVLIFYWHMCP>
#	G	D	E	R	K	N	Q	S	T	A	V	L	I	F	Y	W	H	M	C	P
0	0.80078	0.01120	0.00856	0.00769	0.01125	0.01295	0.00631	0.01724	0.01016	0.02635	0.00868	0.01011	0.00676	0.00555	0.00368	0.00181	0.00450	0.00330	0.03676	0.00637
1	0.01922	0.05484	0.17664	0.01592	0.03730	0.53949	0.01382	0.02194	0.01536	0.01547	0.00943	0.01118	0.00764	0.00607	0.00579	0.00163	0.03407	0.00398	0.00289	0.00733
2	0.01178	0.00822	0.00904	0.00809	0.00917	0.00862	0.00534	0.17517	0.01300	0.01738	0.01762	0.03309	0.01888	0.61228	0.02456	0.00483	0.00591	0.00785	0.00412	0.00507
3	0.00792	0.00601	0.00800	0.00967	0.04784	0.00573	0.00624	0.00981	0.04152	0.01606	0.05710	0.64020	0.08775	0.01694	0.00734	0.00231	0.00362	0.01529	0.00541	0.00527
4	0.00969	0.00787	0.01139	0.01390	0.17973	0.00747	0.00831	0.01246	0.01549	0.02171	0.50315	0.03835	0.10399	0.03189	0.00735	0.00195	0.00386	0.00955	0.00552	0.00634
5	0.01546	0.01204	0.01429	0.01046	0.01558	0.01054	0.03000	0.18093	0.01614	0.06514	0.01212	0.01326	0.00939	0.00519	0.00490	0.00117	0.00507	0.00416	0.00426	0.56991
6	0.01284	0.01164	0.01663	0.07138	0.19308	0.01010	0.04831	0.01589	0.01261	0.01897	0.01073	0.01327	0.00885	0.00473	0.00498	0.00122	0.00555	0.00423	0.00328	0.53172
7	0.01191	0.06330	0.47917	0.01520	0.02147	0.01239	0.08742	0.01617	0.01151	0.01656	0.01054	0.01393	0.00828	0.00895	0.00967	0.19113	0.00791	0.00474	0.00256	0.00719
8	0.01286	0.01230	0.02029	0.14095	0.40374	0.03457	0.06579	0.01617	0.01244	0.01723	0.01211	0.01675	0.01030	0.01433	0.18073	0.00357	0.00949	0.00559	0.00295	0.00784
9	0.02034	0.01485	0.01629	0.01234	0.01719	0.01546	0.01014	0.53491	0.02370	0.06943	0.01381	0.01405	0.00999	0.00649	0.00557	0.00157	0.00595	0.00494	0.00543	0.19755
10	0.00846	0.00689	0.00789	0.00725	0.00961	0.00572	0.00542	0.01035	0.01336	0.01784	0.15633	0.17065	0.34614	0.01269	0.00649	0.00179	0.00335	0.01088	0.00520	0.19371
11	0.02042	0.02398	0.01604	0.01441	0.01762	0.55341	0.01094	0.06557	0.18415	0.01811	0.01285	0.01348	0.01015	0.00659	0.00552	0.00165	0.00906	0.00455	0.00389	0.00761
12	0.01448	0.01449	0.02650	0.03369	0.58930	0.01426	0.18213	0.01833	0.01358	0.01923	0.01132	0.01494	0.00928	0.00520	0.00611	0.00181	0.00770	0.00566	0.00294	0.00905
13	0.00725	0.00600	0.00635	0.00626	0.00815	0.00510	0.00470	0.00899	0.01410	0.01744	0.19086	0.05450	0.62101	0.01443	0.00699	0.00197	0.00296	0.01214	0.00568	0.00510
14	0.60836	0.01105	0.01010	0.00854	0.01246	0.01199	0.00704	0.02058	0.01198	0.23128	0.01245	0.01255	0.00871	0.00600	0.00430	0.00183	0.00470	0.00397	0.00468	0.00743
15	0.01504	0.01643	0.01780	0.01546	0.01616	0.19004	0.01259	0.01638	0.01082	0.01429	0.00808	0.01242	0.00773	0.00938	0.01618	0.00234	0.60475	0.00486	0.00269	0.00656

[dist]
# distance from previous block
# <min> <max>
40	192

# created by:
# /software/SequenceAnalysis/GenePrediction/augustus/3.0.1/scripts/msa2prfl.pl ./fixed/BUSCOvEOG75MPKQ.fas
