[name]
unknown

[dist]
# distance from previous block
# <min> <max>
0	231

[block]
# block no. 0 follows, 41 sequences, length 50
# corresponding to MSA columns:
# 242-291
name=unknown_A
#
# <colnr> <probs for GDERKNQSTAVLIFYWHMCP>
#	G	D	E	R	K	N	Q	S	T	A	V	L	I	F	Y	W	H	M	C	P
0	0.00988	0.00708	0.00964	0.01067	0.01216	0.00718	0.00931	0.05074	0.01390	0.01812	0.02941	0.06182	0.03169	0.01533	0.00778	0.00258	0.00532	0.68659	0.00529	0.00550
1	0.00706	0.00588	0.00621	0.00633	0.00818	0.00503	0.00488	0.00867	0.01316	0.01588	0.07943	0.05559	0.66162	0.01452	0.00688	0.00200	0.00313	0.08530	0.00534	0.00489
2	0.83938	0.01106	0.00841	0.00752	0.01106	0.01283	0.00619	0.01681	0.00973	0.02566	0.00796	0.00929	0.00619	0.00531	0.00354	0.00177	0.00442	0.00310	0.00354	0.00619
3	0.01066	0.00533	0.00533	0.00533	0.00666	0.00533	0.00400	0.01333	0.01200	0.02132	0.01866	0.02132	0.01466	0.00666	0.00400	0.00133	0.00267	0.00533	0.83073	0.00533
4	0.00817	0.00613	0.00919	0.00919	0.01021	0.00715	0.00715	0.01021	0.00919	0.01328	0.01532	0.02247	0.01430	0.04290	0.77631	0.00919	0.01532	0.00613	0.00306	0.00511
5	0.01057	0.00701	0.00856	0.00850	0.00994	0.00690	0.00619	0.11627	0.01438	0.06315	0.12128	0.46640	0.05802	0.01406	0.00668	0.00206	0.00370	0.01245	0.05805	0.00582
6	0.00838	0.00626	0.00776	0.00732	0.00881	0.00594	0.00547	0.01176	0.06490	0.02184	0.61472	0.04236	0.12202	0.03835	0.00744	0.00195	0.00294	0.01019	0.00607	0.00552
7	0.00681	0.00580	0.00586	0.00585	0.00776	0.00485	0.00438	0.00830	0.01315	0.01573	0.08403	0.05459	0.73472	0.01438	0.00676	0.00193	0.00289	0.01201	0.00535	0.00485
8	0.00698	0.00580	0.00610	0.00603	0.00786	0.00492	0.00452	0.00864	0.01356	0.01670	0.17475	0.05300	0.64340	0.01402	0.00676	0.00191	0.00286	0.01178	0.00548	0.00492
9	0.01270	0.14361	0.01920	0.01377	0.01514	0.04236	0.05000	0.01436	0.00980	0.01389	0.00898	0.01348	0.00852	0.01352	0.12512	0.00320	0.47848	0.00489	0.00261	0.00636
10	0.02161	0.02012	0.01682	0.01373	0.01772	0.29408	0.01094	0.48133	0.02300	0.02801	0.01195	0.01249	0.00887	0.00651	0.00552	0.00163	0.00776	0.00462	0.00471	0.00860
11	0.00703	0.00500	0.00662	0.00789	0.00820	0.00469	0.00523	0.00798	0.01083	0.01445	0.03093	0.76155	0.03707	0.05265	0.00827	0.00247	0.00342	0.01591	0.00523	0.00459
12	0.00703	0.00531	0.00651	0.00726	0.00816	0.00478	0.00504	0.00835	0.01213	0.01577	0.12029	0.50015	0.24599	0.01625	0.00708	0.00215	0.00313	0.01441	0.00542	0.00478
13	0.01307	0.01276	0.01742	0.11194	0.01832	0.03310	0.01280	0.06048	0.01041	0.01529	0.00827	0.01289	0.00766	0.00918	0.01601	0.00236	0.62383	0.00500	0.00272	0.00650
14	0.83938	0.01106	0.00841	0.00752	0.01106	0.01283	0.00619	0.01681	0.00973	0.02566	0.00796	0.00929	0.00619	0.00531	0.00354	0.00177	0.00442	0.00310	0.00354	0.00619
15	0.01196	0.01157	0.02028	0.51212	0.23764	0.01310	0.08014	0.01575	0.01205	0.01606	0.01045	0.01496	0.00811	0.00547	0.00579	0.00185	0.00757	0.00523	0.00265	0.00722
16	0.01446	0.01277	0.01304	0.01174	0.01496	0.03880	0.00912	0.03015	0.72920	0.02361	0.02281	0.02098	0.01713	0.00770	0.00580	0.00193	0.00471	0.00638	0.00573	0.00898
17	0.02174	0.01602	0.01717	0.01316	0.01774	0.01774	0.01087	0.74423	0.02689	0.03605	0.01373	0.01373	0.00973	0.00687	0.00572	0.00172	0.00629	0.00515	0.00572	0.00973
18	0.01394	0.01337	0.02283	0.08277	0.71730	0.01353	0.01745	0.01737	0.01292	0.01843	0.01072	0.01423	0.00897	0.00514	0.00567	0.00171	0.00685	0.00510	0.00281	0.00889
19	0.00697	0.00498	0.00664	0.00796	0.00830	0.00465	0.00531	0.00796	0.01095	0.01460	0.03153	0.79525	0.03783	0.01792	0.00730	0.00232	0.00332	0.01626	0.00531	0.00465
20	0.01416	0.01359	0.02322	0.03511	0.76330	0.01359	0.01755	0.01755	0.01302	0.01869	0.01076	0.01416	0.00906	0.00510	0.00566	0.00170	0.00680	0.00510	0.00283	0.00906
21	0.01249	0.01054	0.01220	0.00877	0.01382	0.00827	0.00704	0.06078	0.01282	0.01974	0.01039	0.01198	0.00855	0.00440	0.00433	0.00090	0.00437	0.00350	0.00354	0.78158
22	0.01458	0.01439	0.02281	0.03392	0.71979	0.05809	0.01717	0.01786	0.01321	0.01841	0.01065	0.01393	0.00896	0.00514	0.00563	0.00169	0.00700	0.00501	0.00284	0.00892
23	0.01121	0.00654	0.00864	0.00772	0.00962	0.00593	0.00593	0.01382	0.01622	0.15499	0.62940	0.03860	0.04691	0.01087	0.00657	0.00179	0.00308	0.00953	0.00644	0.00617
24	0.01416	0.01359	0.02322	0.03511	0.76330	0.01359	0.01755	0.01755	0.01302	0.01869	0.01076	0.01416	0.00906	0.00510	0.00566	0.00170	0.00680	0.00510	0.00283	0.00906
25	0.01204	0.02593	0.58783	0.01933	0.10013	0.01349	0.12484	0.01809	0.01238	0.01820	0.01050	0.01277	0.00764	0.00531	0.00565	0.00182	0.00846	0.00468	0.00253	0.00841
26	0.01388	0.01331	0.02272	0.09633	0.70422	0.01352	0.01742	0.01731	0.01289	0.01835	0.01071	0.01425	0.00894	0.00515	0.00567	0.00172	0.00686	0.00510	0.00281	0.00884
27	0.02174	0.01602	0.01717	0.01316	0.01774	0.01774	0.01087	0.74423	0.02689	0.03605	0.01373	0.01373	0.00973	0.00687	0.00572	0.00172	0.00629	0.00515	0.00572	0.00973
28	0.00684	0.00580	0.00590	0.00588	0.00777	0.00486	0.00441	0.00836	0.01322	0.01589	0.09893	0.05433	0.71972	0.01432	0.00676	0.00192	0.00289	0.01197	0.00537	0.00486
29	0.01098	0.01035	0.01748	0.74540	0.07783	0.01275	0.01597	0.01477	0.01152	0.01483	0.01020	0.01519	0.00770	0.00569	0.00572	0.00190	0.00758	0.00508	0.00256	0.00650
30	0.00676	0.00579	0.00579	0.00579	0.00773	0.00483	0.00435	0.00821	0.01304	0.01545	0.05794	0.05505	0.76098	0.01449	0.00676	0.00193	0.00290	0.01207	0.00531	0.00483
31	0.00676	0.00579	0.00579	0.00579	0.00773	0.00483	0.00435	0.00821	0.01304	0.01545	0.05794	0.05505	0.76098	0.01449	0.00676	0.00193	0.00290	0.01207	0.00531	0.00483
32	0.00716	0.00583	0.00634	0.00627	0.00804	0.00502	0.00474	0.00894	0.01381	0.01733	0.22908	0.05230	0.56768	0.01384	0.00679	0.00192	0.00291	0.03148	0.00555	0.00498
33	0.01423	0.01229	0.01293	0.01164	0.01487	0.01423	0.00905	0.03039	0.75297	0.02393	0.02328	0.02134	0.01746	0.00776	0.00582	0.00194	0.00453	0.00647	0.00582	0.00905
34	0.00697	0.00498	0.00664	0.00796	0.00830	0.00465	0.00531	0.00796	0.01095	0.01460	0.03153	0.79525	0.03783	0.01792	0.00730	0.00232	0.00332	0.01626	0.00531	0.00465
35	0.00745	0.00574	0.00691	0.00756	0.00886	0.00520	0.00578	0.00910	0.01264	0.01600	0.08394	0.27008	0.34907	0.01561	0.00717	0.00219	0.00354	0.17289	0.00536	0.00491
36	0.00862	0.00595	0.00758	0.00720	0.00869	0.00540	0.00539	0.01100	0.01540	0.05443	0.58121	0.09909	0.14386	0.01232	0.00674	0.00185	0.00287	0.01081	0.00613	0.00546
37	0.01350	0.01543	0.03375	0.02411	0.02989	0.01446	0.74253	0.01832	0.01350	0.01832	0.01157	0.01543	0.00868	0.00482	0.00675	0.00193	0.00964	0.00675	0.00289	0.00771
38	0.00795	0.00580	0.00747	0.00715	0.00848	0.00532	0.00533	0.01048	0.01571	0.02202	0.67696	0.08347	0.09804	0.01220	0.00678	0.00184	0.00274	0.01077	0.00618	0.00532
39	0.00696	0.00503	0.00658	0.00782	0.00826	0.00466	0.00525	0.00798	0.01109	0.01466	0.03323	0.74744	0.08454	0.01770	0.00727	0.00230	0.00329	0.01599	0.00531	0.00466
40	0.00837	0.00588	0.00751	0.00716	0.00853	0.00538	0.00531	0.01074	0.01530	0.04077	0.60404	0.09091	0.11676	0.03886	0.00751	0.00197	0.00291	0.01069	0.00607	0.00534
41	0.01066	0.00533	0.00533	0.00533	0.00666	0.00533	0.00400	0.01333	0.01200	0.02132	0.01866	0.02132	0.01466	0.00666	0.00400	0.00133	0.00267	0.00533	0.83073	0.00533
42	0.00832	0.00555	0.00624	0.00624	0.00624	0.00555	0.00347	0.00832	0.00832	0.01109	0.01802	0.03743	0.02080	0.79898	0.02911	0.00555	0.00555	0.00832	0.00347	0.00347
43	0.00909	0.00673	0.00873	0.00890	0.01039	0.00669	0.00718	0.01304	0.08673	0.02067	0.39896	0.06543	0.04217	0.01299	0.00710	0.00214	0.00385	0.27769	0.00584	0.00569
44	0.01186	0.01017	0.01186	0.00847	0.01356	0.00762	0.00678	0.01440	0.01186	0.01864	0.01017	0.01186	0.00847	0.00424	0.00424	0.00085	0.00424	0.00339	0.00339	0.83395
45	0.00832	0.00555	0.00624	0.00624	0.00624	0.00555	0.00347	0.00832	0.00832	0.01109	0.01802	0.03743	0.02080	0.79898	0.02911	0.00555	0.00555	0.00832	0.00347	0.00347
46	0.01251	0.01251	0.01752	0.01502	0.01502	0.01752	0.01251	0.01377	0.00876	0.01377	0.00751	0.01251	0.00751	0.01001	0.01877	0.00250	0.78851	0.00501	0.00250	0.00626
47	0.00716	0.00593	0.00629	0.00622	0.00804	0.00513	0.00466	0.00914	0.02985	0.01691	0.17813	0.07095	0.60381	0.01394	0.00675	0.00192	0.00291	0.01176	0.00549	0.00502
48	0.01066	0.00533	0.00533	0.00533	0.00666	0.00533	0.00400	0.01333	0.01200	0.02132	0.01866	0.02132	0.01466	0.00666	0.00400	0.00133	0.00267	0.00533	0.83073	0.00533
49	0.00845	0.00605	0.00789	0.00750	0.00788	0.00595	0.04683	0.00886	0.00895	0.01196	0.01935	0.13194	0.02224	0.65391	0.02505	0.00493	0.00550	0.00923	0.00367	0.00386

[dist]
# distance from previous block
# <min> <max>
6	9

[block]
# block no. 1 follows, 41 sequences, length 39
# corresponding to MSA columns:
# 301-339
name=unknown_B
#
# <colnr> <probs for GDERKNQSTAVLIFYWHMCP>
#	G	D	E	R	K	N	Q	S	T	A	V	L	I	F	Y	W	H	M	C	P
0	0.28945	0.12979	0.29732	0.04313	0.01879	0.05397	0.03246	0.01807	0.03653	0.01984	0.00957	0.01118	0.00731	0.00541	0.00460	0.00171	0.00674	0.00383	0.00296	0.00736
1	0.10869	0.15902	0.42998	0.01406	0.03545	0.01443	0.03398	0.01721	0.01168	0.03279	0.01107	0.05876	0.00921	0.00625	0.00554	0.00176	0.03484	0.00476	0.00284	0.00771
2	0.10782	0.06871	0.01588	0.01396	0.05457	0.47841	0.01027	0.07143	0.03158	0.01738	0.03614	0.01227	0.00948	0.00664	0.00577	0.03713	0.00834	0.00411	0.00333	0.00680
3	0.14992	0.03388	0.01543	0.10562	0.01865	0.03179	0.01037	0.46148	0.02070	0.02946	0.01320	0.06014	0.01049	0.00707	0.00540	0.00177	0.00606	0.00540	0.00482	0.00832
4	0.00819	0.00606	0.00883	0.00883	0.00972	0.00695	0.00669	0.00998	0.00908	0.01301	0.01566	0.02432	0.01510	0.13642	0.68389	0.00874	0.01411	0.00640	0.00311	0.00490
5	0.02053	0.06362	0.01732	0.06039	0.01885	0.43359	0.01122	0.26594	0.01929	0.02146	0.01053	0.01171	0.00818	0.00616	0.00530	0.00157	0.00857	0.00423	0.00383	0.00770
6	0.01234	0.01060	0.01208	0.00911	0.01382	0.00896	0.00724	0.01764	0.16191	0.01971	0.01282	0.01378	0.01029	0.00495	0.00456	0.00107	0.00429	0.00401	0.00388	0.66694
7	0.00994	0.00497	0.00745	0.00745	0.00745	0.00497	0.00497	0.00745	0.00745	0.00994	0.00994	0.01739	0.00994	0.01987	0.02235	0.83358	0.00497	0.00497	0.00248	0.00248
8	0.64870	0.01098	0.00969	0.00825	0.01200	0.01214	0.00680	0.04550	0.01167	0.17269	0.01106	0.01147	0.00790	0.00572	0.00406	0.00177	0.00458	0.00370	0.00432	0.00702
9	0.02236	0.00922	0.01241	0.00993	0.01379	0.00818	0.00815	0.02516	0.04299	0.61463	0.10267	0.02476	0.01971	0.00813	0.00599	0.00183	0.00464	0.04963	0.00684	0.00897
10	0.00824	0.00551	0.00626	0.00634	0.00636	0.00549	0.00358	0.00830	0.00848	0.01130	0.01884	0.08312	0.02182	0.75189	0.02780	0.00535	0.00541	0.00880	0.00358	0.00354
11	0.01515	0.01241	0.01320	0.01167	0.01504	0.01420	0.00914	0.07333	0.67867	0.05546	0.02268	0.02080	0.01686	0.00768	0.00581	0.00192	0.00465	0.00636	0.00587	0.00912
12	0.01459	0.01221	0.01294	0.01159	0.01487	0.01404	0.00903	0.03031	0.72952	0.04759	0.02326	0.02128	0.01736	0.00774	0.00582	0.00193	0.00454	0.00644	0.00586	0.00908
13	0.00826	0.00552	0.00626	0.00631	0.00633	0.00551	0.00354	0.00830	0.00843	0.01124	0.01860	0.06985	0.02152	0.76557	0.02818	0.00541	0.00545	0.00866	0.00354	0.00352
14	0.00697	0.00498	0.00664	0.00796	0.00830	0.00465	0.00531	0.00796	0.01095	0.01460	0.03153	0.79525	0.03783	0.01792	0.00730	0.00232	0.00332	0.01626	0.00531	0.00465
15	0.00922	0.00658	0.00922	0.01053	0.01185	0.00658	0.00922	0.01185	0.01317	0.01712	0.03029	0.06452	0.03292	0.01580	0.00790	0.00263	0.00527	0.72480	0.00527	0.00527
16	0.02137	0.02726	0.01621	0.01474	0.01768	0.77602	0.01105	0.02284	0.01621	0.01400	0.00884	0.01031	0.00737	0.00589	0.00516	0.00147	0.01031	0.00368	0.00295	0.00663
17	0.00773	0.00555	0.00718	0.00823	0.00879	0.00532	0.00560	0.04608	0.01178	0.01571	0.03060	0.75479	0.03638	0.01735	0.00722	0.00229	0.00347	0.01569	0.00533	0.00491
18	0.02174	0.01602	0.01717	0.01316	0.01774	0.01774	0.01087	0.74423	0.02689	0.03605	0.01373	0.01373	0.00973	0.00687	0.00572	0.00172	0.00629	0.00515	0.00572	0.00973
19	0.01423	0.01229	0.01293	0.01164	0.01487	0.01423	0.00905	0.03039	0.75297	0.02393	0.02328	0.02134	0.01746	0.00776	0.00582	0.00194	0.00453	0.00647	0.00582	0.00905
20	0.01014	0.00544	0.00580	0.00571	0.00704	0.00534	0.00428	0.01281	0.01284	0.02165	0.16881	0.02566	0.02262	0.00768	0.00455	0.00143	0.00267	0.00635	0.66382	0.00534
21	0.00697	0.00498	0.00664	0.00796	0.00830	0.00465	0.00531	0.00796	0.01095	0.01460	0.03153	0.79525	0.03783	0.01792	0.00730	0.00232	0.00332	0.01626	0.00531	0.00465
22	0.01529	0.80242	0.02997	0.00979	0.01468	0.02263	0.00979	0.01713	0.01162	0.01346	0.00795	0.00918	0.00734	0.00489	0.00367	0.00122	0.00612	0.00306	0.00245	0.00734
23	0.00785	0.00585	0.00731	0.00700	0.00846	0.00531	0.00528	0.01030	0.01548	0.02128	0.59971	0.04577	0.19658	0.01236	0.00678	0.00185	0.00280	0.02868	0.00607	0.00528
24	0.00683	0.00580	0.00589	0.00586	0.00777	0.00486	0.00440	0.00834	0.01319	0.01582	0.09261	0.05444	0.72608	0.01435	0.00676	0.00192	0.00289	0.01199	0.00536	0.00486
25	0.00697	0.00498	0.00664	0.00796	0.00830	0.00465	0.00531	0.00796	0.01095	0.01460	0.03153	0.79525	0.03783	0.01792	0.00730	0.00232	0.00332	0.01626	0.00531	0.00465
26	0.00818	0.00607	0.00892	0.00892	0.00985	0.00700	0.00681	0.01004	0.00911	0.01308	0.01557	0.02384	0.01490	0.11223	0.70780	0.00886	0.01442	0.00633	0.00310	0.00496
27	0.00817	0.00613	0.00919	0.00919	0.01021	0.00715	0.00715	0.01021	0.00919	0.01328	0.01532	0.02247	0.01430	0.04290	0.77631	0.00919	0.01532	0.00613	0.00306	0.00511
28	0.00677	0.00577	0.00582	0.00587	0.00775	0.00482	0.00438	0.00820	0.01296	0.01542	0.05701	0.08128	0.73535	0.01461	0.00678	0.00195	0.00291	0.01222	0.00531	0.00482
29	0.00810	0.00585	0.00765	0.00720	0.00855	0.00540	0.00540	0.01079	0.01619	0.02294	0.76028	0.04273	0.05397	0.01169	0.00675	0.00180	0.00270	0.01034	0.00630	0.00540
30	0.02174	0.01602	0.01717	0.01316	0.01774	0.01774	0.01087	0.74423	0.02689	0.03605	0.01373	0.01373	0.00973	0.00687	0.00572	0.00172	0.00629	0.00515	0.00572	0.00973
31	0.01416	0.01359	0.02322	0.03511	0.76330	0.01359	0.01755	0.01755	0.01302	0.01869	0.01076	0.01416	0.00906	0.00510	0.00566	0.00170	0.00680	0.00510	0.00283	0.00906
32	0.01350	0.01543	0.03375	0.02411	0.02989	0.01446	0.74253	0.01832	0.01350	0.01832	0.01157	0.01543	0.00868	0.00482	0.00675	0.00193	0.00964	0.00675	0.00289	0.00771
33	0.00832	0.00555	0.00624	0.00624	0.00624	0.00555	0.00347	0.00832	0.00832	0.01109	0.01802	0.03743	0.02080	0.79898	0.02911	0.00555	0.00555	0.00832	0.00347	0.00347
34	0.01350	0.01543	0.03375	0.02411	0.02989	0.01446	0.74253	0.01832	0.01350	0.01832	0.01157	0.01543	0.00868	0.00482	0.00675	0.00193	0.00964	0.00675	0.00289	0.00771
35	0.02356	0.17022	0.01665	0.01010	0.01462	0.01129	0.00869	0.02570	0.01541	0.61465	0.01961	0.01738	0.01278	0.00664	0.00533	0.00166	0.00512	0.00521	0.00614	0.00925
36	0.01080	0.01017	0.01716	0.78523	0.03940	0.01271	0.01589	0.01461	0.01144	0.01461	0.01017	0.01525	0.00762	0.00572	0.00572	0.00191	0.00762	0.00508	0.00254	0.00635
37	0.00802	0.00584	0.00755	0.00712	0.00850	0.00537	0.00534	0.01066	0.01602	0.02254	0.72296	0.04338	0.09154	0.01184	0.00675	0.00181	0.00271	0.01044	0.00624	0.00537
38	0.00716	0.00614	0.00617	0.00611	0.00811	0.00533	0.00460	0.00939	0.05236	0.01590	0.05610	0.05326	0.72147	0.01413	0.00671	0.00193	0.00298	0.01177	0.00534	0.00505

[dist]
# distance from previous block
# <min> <max>
13	37

# created by:
# /software/SequenceAnalysis/GenePrediction/augustus/3.0.1/scripts/msa2prfl.pl ./fixed/BUSCOvEOG7BGB9D.fas
