[name]
unknown

[dist]
# distance from previous block
# <min> <max>
0	123

[block]
# block no. 0 follows, 41 sequences, length 49
# corresponding to MSA columns:
# 128-176
name=unknown_A
#
# <colnr> <probs for GDERKNQSTAVLIFYWHMCP>
#	G	D	E	R	K	N	Q	S	T	A	V	L	I	F	Y	W	H	M	C	P
0	0.00834	0.00614	0.00877	0.00887	0.00972	0.00688	0.00662	0.00996	0.00938	0.01333	0.01721	0.08803	0.01727	0.13859	0.61394	0.00817	0.01311	0.00731	0.00338	0.00498
1	0.03853	0.49213	0.02431	0.01161	0.01576	0.27499	0.01019	0.01964	0.03877	0.01454	0.00902	0.01031	0.00789	0.00550	0.00435	0.00139	0.00750	0.00347	0.00284	0.00725
2	0.03358	0.16028	0.57895	0.01522	0.02269	0.04189	0.03448	0.01823	0.01226	0.01758	0.01003	0.01185	0.00750	0.00550	0.00521	0.00174	0.00811	0.00411	0.00256	0.00824
3	0.01184	0.01182	0.01793	0.01490	0.01605	0.01483	0.11868	0.01357	0.01030	0.01493	0.01635	0.05679	0.11161	0.01037	0.01487	0.00237	0.52646	0.00684	0.00316	0.00632
4	0.00786	0.00565	0.00739	0.00769	0.00862	0.00522	0.00547	0.00975	0.01406	0.01954	0.44407	0.36681	0.04708	0.01451	0.00708	0.00207	0.00305	0.01294	0.00594	0.00520
5	0.00742	0.00602	0.00658	0.00683	0.00855	0.00523	0.00523	0.00898	0.01318	0.01616	0.08265	0.11055	0.57572	0.01492	0.00705	0.00209	0.00333	0.10907	0.00542	0.00503
6	0.02194	0.01616	0.01730	0.01330	0.01789	0.01784	0.01096	0.74167	0.02698	0.03619	0.01395	0.01405	0.00994	0.00702	0.00582	0.00176	0.00637	0.00522	0.00579	0.00984
7	0.01209	0.01033	0.01202	0.00863	0.01372	0.00776	0.00688	0.01456	0.01201	0.01885	0.01040	0.01219	0.00869	0.00440	0.00434	0.00089	0.00432	0.00347	0.00347	0.83098
8	0.01438	0.01374	0.02333	0.03517	0.76067	0.01371	0.01762	0.01770	0.01316	0.01889	0.01099	0.01447	0.00928	0.00525	0.00576	0.00174	0.00687	0.00517	0.00291	0.00917
9	0.01171	0.02968	0.76668	0.01643	0.02488	0.01340	0.02118	0.01826	0.01222	0.01832	0.01050	0.01240	0.00747	0.00559	0.00553	0.00185	0.00852	0.00430	0.00250	0.00857
10	0.00856	0.00572	0.00642	0.00641	0.00643	0.00569	0.00358	0.00850	0.00848	0.01133	0.01823	0.03766	0.02097	0.79618	0.02912	0.00557	0.00562	0.00838	0.00354	0.00360
11	0.00834	0.00602	0.00782	0.00736	0.00873	0.00554	0.00550	0.01097	0.01632	0.02313	0.75772	0.04294	0.05402	0.01183	0.00684	0.00184	0.00279	0.01040	0.00636	0.00552
12	0.01230	0.01136	0.01554	0.01350	0.01376	0.01542	0.01113	0.01373	0.00941	0.01509	0.00970	0.01452	0.00905	0.01093	0.04600	0.00263	0.63995	0.00517	0.12461	0.00620
13	0.00720	0.00523	0.00674	0.00794	0.00843	0.00481	0.00533	0.00817	0.01128	0.01490	0.03398	0.72827	0.10085	0.01773	0.00735	0.00233	0.00337	0.01593	0.00538	0.00479
14	0.02565	0.01020	0.01361	0.01048	0.01491	0.00899	0.00862	0.06254	0.01701	0.72941	0.02233	0.01949	0.01415	0.00722	0.00585	0.00181	0.00502	0.00579	0.00708	0.00984
15	0.83653	0.01122	0.00858	0.00769	0.01124	0.01295	0.00630	0.01696	0.00989	0.02584	0.00821	0.00963	0.00642	0.00547	0.00365	0.00181	0.00451	0.00318	0.00362	0.00632
16	0.01438	0.01374	0.02333	0.03517	0.76067	0.01371	0.01762	0.01770	0.01316	0.01889	0.01099	0.01447	0.00928	0.00525	0.00576	0.00174	0.00687	0.00517	0.00291	0.00917
17	0.02194	0.01616	0.01730	0.01330	0.01789	0.01784	0.01096	0.74167	0.02698	0.03619	0.01395	0.01405	0.00994	0.00702	0.00582	0.00176	0.00637	0.00522	0.00579	0.00984
18	0.01445	0.01244	0.01309	0.01179	0.01503	0.01434	0.00915	0.03049	0.75035	0.02411	0.02347	0.02163	0.01765	0.00791	0.00592	0.00198	0.00461	0.00654	0.00589	0.00916
19	0.00722	0.00516	0.00681	0.00813	0.00848	0.00479	0.00542	0.00815	0.01110	0.01482	0.03168	0.79265	0.03794	0.01803	0.00739	0.00236	0.00340	0.01629	0.00538	0.00477
20	0.01438	0.01374	0.02333	0.03517	0.76067	0.01371	0.01762	0.01770	0.01316	0.01889	0.01099	0.01447	0.00928	0.00525	0.00576	0.00174	0.00687	0.00517	0.00291	0.00917
21	0.01551	0.79963	0.03006	0.00994	0.01484	0.02271	0.00988	0.01728	0.01177	0.01368	0.00819	0.00951	0.00757	0.00505	0.00378	0.00127	0.00619	0.00314	0.00253	0.00746
22	0.01017	0.00515	0.00763	0.00762	0.00764	0.00512	0.00508	0.00764	0.00761	0.01017	0.01017	0.01769	0.01015	0.01997	0.02239	0.83052	0.00505	0.00504	0.00257	0.00262
23	0.01438	0.01374	0.02333	0.03517	0.76067	0.01371	0.01762	0.01770	0.01316	0.01889	0.01099	0.01447	0.00928	0.00525	0.00576	0.00174	0.00687	0.00517	0.00291	0.00917
24	0.01104	0.01033	0.01729	0.78250	0.03946	0.01283	0.01595	0.01477	0.01158	0.01484	0.01040	0.01556	0.00785	0.00587	0.00582	0.00195	0.00769	0.00516	0.00262	0.00647
25	0.02584	0.00990	0.01343	0.01033	0.01476	0.00854	0.00850	0.02799	0.01650	0.76468	0.02275	0.01976	0.01436	0.00723	0.00585	0.00181	0.00495	0.00582	0.00714	0.00984
26	0.00701	0.00597	0.00598	0.00597	0.00791	0.00498	0.00446	0.00839	0.01318	0.01567	0.05800	0.05521	0.75840	0.01461	0.00685	0.00197	0.00298	0.01212	0.00538	0.00496
27	0.01104	0.01033	0.01729	0.78250	0.03946	0.01283	0.01595	0.01477	0.01158	0.01484	0.01040	0.01556	0.00785	0.00587	0.00582	0.00195	0.00769	0.00516	0.00262	0.00647
28	0.00904	0.00646	0.00891	0.01021	0.01136	0.00636	0.00858	0.01130	0.01290	0.01686	0.03068	0.20060	0.03396	0.01631	0.00788	0.00262	0.00498	0.59037	0.00535	0.00528
29	0.02156	0.02736	0.01635	0.01487	0.01783	0.77329	0.01114	0.02297	0.01634	0.01422	0.00908	0.01065	0.00759	0.00605	0.00526	0.00152	0.01037	0.00376	0.00303	0.00675
30	0.80602	0.01141	0.00891	0.00790	0.01149	0.01313	0.00647	0.04412	0.01053	0.02623	0.00842	0.00979	0.00656	0.00552	0.00373	0.00181	0.00458	0.00326	0.00370	0.00645
31	0.00865	0.00719	0.00764	0.00731	0.00939	0.00683	0.00553	0.01300	0.15143	0.01862	0.18073	0.04667	0.49002	0.01284	0.00668	0.00195	0.00325	0.01076	0.00566	0.00585
32	0.00946	0.00676	0.00939	0.01069	0.01202	0.00673	0.00931	0.01202	0.01331	0.01733	0.03044	0.06465	0.03305	0.01592	0.00799	0.00267	0.00535	0.72219	0.00534	0.00539
33	0.00722	0.00516	0.00681	0.00813	0.00848	0.00479	0.00542	0.00815	0.01110	0.01482	0.03168	0.79265	0.03794	0.01803	0.00739	0.00236	0.00340	0.01629	0.00538	0.00477
34	0.01252	0.01112	0.01730	0.67774	0.03653	0.01351	0.01527	0.11378	0.01368	0.01774	0.01088	0.01536	0.00814	0.00603	0.00582	0.00192	0.00751	0.00517	0.00306	0.00693
35	0.01407	0.01384	0.02465	0.03362	0.66378	0.01371	0.11593	0.01766	0.01309	0.01864	0.01087	0.01433	0.00901	0.00506	0.00581	0.00173	0.00718	0.00532	0.00284	0.00888
36	0.11974	0.00651	0.00615	0.00603	0.00818	0.00591	0.00460	0.00938	0.01259	0.01684	0.05116	0.04884	0.65856	0.01324	0.00632	0.00191	0.00310	0.01085	0.00507	0.00501
37	0.00943	0.00707	0.01029	0.11565	0.01559	0.00741	0.01012	0.01223	0.01293	0.01678	0.02756	0.05783	0.02949	0.01443	0.00760	0.00253	0.00559	0.62714	0.00490	0.00541
38	0.01468	0.69492	0.02823	0.11501	0.01803	0.02129	0.01061	0.01679	0.01160	0.01361	0.00825	0.01000	0.00738	0.00501	0.00395	0.00132	0.00632	0.00333	0.00246	0.00721
39	0.13269	0.01535	0.01598	0.01240	0.01683	0.01707	0.01024	0.64552	0.02456	0.03464	0.01295	0.01313	0.00925	0.00666	0.00543	0.00172	0.00604	0.00487	0.00543	0.00925
40	0.72741	0.01140	0.01042	0.01127	0.11313	0.01293	0.00774	0.01691	0.01018	0.02472	0.00834	0.00995	0.00658	0.00528	0.00383	0.00176	0.00475	0.00337	0.00344	0.00658
41	0.01114	0.02576	0.63950	0.01560	0.04828	0.01224	0.01861	0.01677	0.01160	0.01718	0.01133	0.01559	0.00915	0.11310	0.00866	0.00231	0.00800	0.00481	0.00257	0.00780
42	0.00697	0.00498	0.00664	0.00796	0.00830	0.00465	0.00531	0.00796	0.01095	0.01460	0.03153	0.79525	0.03783	0.01792	0.00730	0.00232	0.00332	0.01626	0.00531	0.00465
43	0.01498	0.66180	0.05962	0.01032	0.01514	0.02109	0.01018	0.01897	0.11224	0.01508	0.01013	0.01095	0.00871	0.00531	0.00404	0.00135	0.00600	0.00357	0.00290	0.00762
44	0.00832	0.00555	0.00624	0.00624	0.00624	0.00555	0.00347	0.00832	0.00832	0.01109	0.01802	0.03743	0.02080	0.79898	0.02911	0.00555	0.00555	0.00832	0.00347	0.00347
45	0.00818	0.00610	0.00906	0.00906	0.01003	0.00708	0.00698	0.01013	0.00915	0.01318	0.01545	0.02316	0.01460	0.07767	0.74195	0.00902	0.01487	0.00623	0.00308	0.00503
46	0.01452	0.01591	0.05690	0.02205	0.02758	0.01497	0.59420	0.11667	0.01511	0.02057	0.01169	0.01499	0.00873	0.00529	0.00695	0.00191	0.03435	0.00639	0.00325	0.00797
47	0.01265	0.01291	0.01972	0.01625	0.01704	0.01711	0.11157	0.01438	0.00940	0.01438	0.00806	0.01291	0.00767	0.00931	0.01714	0.00242	0.68283	0.00524	0.00256	0.00645
48	0.12760	0.46208	0.02217	0.01002	0.01430	0.01846	0.00920	0.07221	0.10920	0.05088	0.01208	0.01422	0.01020	0.00609	0.00438	0.00152	0.00560	0.03859	0.00361	0.00759

[dist]
# distance from previous block
# <min> <max>
0	1

[block]
# block no. 1 follows, 41 sequences, length 33
# corresponding to MSA columns:
# 178-210
name=unknown_B
#
# <colnr> <probs for GDERKNQSTAVLIFYWHMCP>
#	G	D	E	R	K	N	Q	S	T	A	V	L	I	F	Y	W	H	M	C	P
0	0.00884	0.00706	0.01033	0.23402	0.01745	0.00750	0.00839	0.01170	0.01432	0.01976	0.48547	0.06816	0.03868	0.03524	0.00718	0.00197	0.00425	0.00901	0.00507	0.00558
1	0.01101	0.00674	0.00723	0.00625	0.00867	0.00600	0.00481	0.01364	0.01196	0.02054	0.01618	0.01857	0.01286	0.00596	0.00407	0.00119	0.00312	0.00476	0.58954	0.24690
2	0.02174	0.01602	0.01717	0.01316	0.01774	0.01774	0.01087	0.74423	0.02689	0.03605	0.01373	0.01373	0.00973	0.00687	0.00572	0.00172	0.00629	0.00515	0.00572	0.00973
3	0.01907	0.02381	0.02132	0.01747	0.02124	0.55400	0.22430	0.02152	0.01542	0.01526	0.00964	0.01181	0.00775	0.00558	0.00562	0.00161	0.01012	0.00458	0.00293	0.00695
4	0.01642	0.01338	0.01417	0.01208	0.01571	0.01525	0.00958	0.23850	0.54129	0.02746	0.02050	0.01912	0.01521	0.00750	0.00579	0.00187	0.00504	0.00608	0.00579	0.00925
5	0.01090	0.01240	0.22806	0.00853	0.01194	0.00765	0.00899	0.01472	0.01202	0.02039	0.01621	0.01863	0.01250	0.00631	0.00442	0.00147	0.00435	0.00501	0.58925	0.00624
6	0.01100	0.01583	0.23644	0.56107	0.03513	0.01288	0.01742	0.01563	0.01162	0.01563	0.01020	0.01432	0.00751	0.00564	0.00564	0.00188	0.00787	0.00483	0.00250	0.00697
7	0.26011	0.01458	0.01461	0.01152	0.01579	0.01631	0.00951	0.53217	0.02189	0.03302	0.01205	0.01244	0.00870	0.00641	0.00509	0.00173	0.00575	0.00455	0.00509	0.00870
8	0.01756	0.01154	0.01303	0.01121	0.01479	0.01253	0.00887	0.02966	0.53823	0.24063	0.02307	0.02079	0.01650	0.00756	0.00580	0.00189	0.00463	0.00626	0.00619	0.00925
9	0.01751	0.01247	0.02032	0.02784	0.54503	0.01208	0.01489	0.02056	0.01400	0.23692	0.01420	0.01571	0.01055	0.00567	0.00569	0.00172	0.00623	0.00529	0.00407	0.00926
10	0.24949	0.00733	0.00656	0.00630	0.00870	0.00716	0.00488	0.01072	0.01207	0.01843	0.04337	0.04171	0.54094	0.01181	0.00582	0.00188	0.00334	0.00946	0.00480	0.00523
11	0.01418	0.57712	0.24552	0.01169	0.01762	0.01991	0.01309	0.01742	0.01175	0.01481	0.00863	0.01002	0.00731	0.00505	0.00418	0.00139	0.00680	0.00340	0.00244	0.00766
12	0.01128	0.00820	0.00971	0.00948	0.01105	0.00846	0.00693	0.22261	0.01560	0.02085	0.02634	0.56741	0.02964	0.01470	0.00684	0.00215	0.00419	0.01302	0.00543	0.00613
13	0.01565	0.01209	0.01325	0.01108	0.01436	0.01331	0.00882	0.31412	0.26409	0.02857	0.21448	0.02392	0.02399	0.00844	0.00603	0.00181	0.00476	0.00696	0.00591	0.00836
14	0.57707	0.00974	0.00885	0.00815	0.01098	0.01130	0.00659	0.03267	0.01000	0.02231	0.01025	0.01324	0.00864	0.01631	0.22888	0.00393	0.00765	0.00403	0.00345	0.00596
15	0.26027	0.01126	0.01219	0.00999	0.01394	0.01178	0.00814	0.09841	0.15854	0.33194	0.01754	0.01628	0.01202	0.00667	0.00512	0.00180	0.00482	0.00506	0.00566	0.00857
16	0.01082	0.00957	0.01531	0.39310	0.18899	0.01081	0.01263	0.01343	0.01088	0.01448	0.01259	0.02148	0.01178	0.23684	0.01253	0.00292	0.00684	0.00603	0.00287	0.00611
17	0.05066	0.00933	0.01088	0.00925	0.01185	0.00954	0.00728	0.22619	0.01874	0.09058	0.40345	0.07413	0.03458	0.00996	0.00625	0.00180	0.00405	0.00845	0.00602	0.00703
18	0.01758	0.01257	0.01395	0.01154	0.01487	0.01358	0.00916	0.50317	0.02186	0.05676	0.01925	0.24178	0.01808	0.01010	0.00618	0.00190	0.00537	0.00841	0.00565	0.00825
19	0.00820	0.00541	0.00707	0.00784	0.00859	0.00498	0.00539	0.00944	0.01186	0.05880	0.11126	0.60493	0.07647	0.04125	0.00782	0.00232	0.00339	0.01453	0.00546	0.00499
20	0.09098	0.01202	0.01294	0.01049	0.01388	0.01295	0.00848	0.42210	0.02142	0.03010	0.23340	0.02416	0.06558	0.00857	0.00588	0.00176	0.00488	0.00688	0.00567	0.00786
21	0.04722	0.01316	0.01422	0.01094	0.01532	0.01352	0.00891	0.41381	0.05975	0.02888	0.01335	0.01399	0.01001	0.00608	0.00509	0.00145	0.00527	0.00465	0.06487	0.24953
22	0.01275	0.13990	0.01927	0.01188	0.01708	0.01146	0.15757	0.01565	0.01216	0.01773	0.01009	0.01215	0.00833	0.00446	0.00466	0.00113	0.00565	0.00402	0.00313	0.53092
23	0.01297	0.01082	0.01468	0.01199	0.01496	0.01126	0.13218	0.05895	0.29416	0.04282	0.01827	0.02387	0.01577	0.23760	0.01265	0.00289	0.00578	0.00674	0.00449	0.06715
24	0.01598	0.01160	0.01308	0.01076	0.01418	0.01191	0.00849	0.38269	0.01938	0.05531	0.01868	0.24148	0.01789	0.00967	0.00594	0.00175	0.00504	0.00812	0.00527	0.14277
25	0.06294	0.01210	0.01890	0.01446	0.01894	0.01185	0.22247	0.02512	0.19682	0.32584	0.01875	0.01821	0.01295	0.00649	0.00594	0.00186	0.00615	0.00608	0.00536	0.00879
26	0.01495	0.12319	0.45672	0.01456	0.02144	0.01576	0.01671	0.22967	0.01634	0.02275	0.01098	0.01219	0.00798	0.00578	0.00530	0.00171	0.00753	0.00435	0.00338	0.00868
27	0.25065	0.00764	0.00847	0.00827	0.00996	0.00859	0.00629	0.01263	0.04305	0.01780	0.05553	0.10525	0.01743	0.10333	0.31525	0.00519	0.00868	0.00681	0.00378	0.00540
28	0.00901	0.01279	0.22885	0.00938	0.01308	0.00743	0.00956	0.01194	0.01260	0.04968	0.03854	0.15076	0.40059	0.01203	0.00641	0.00195	0.00467	0.01012	0.00455	0.00608
29	0.01337	0.01057	0.01233	0.00891	0.01392	0.00840	0.00717	0.06817	0.01321	0.06303	0.01114	0.01244	0.00889	0.00459	0.00443	0.00096	0.00442	0.00365	0.00377	0.72662
30	0.01634	0.00747	0.00994	0.00885	0.01141	0.00658	0.00678	0.01808	0.01413	0.39042	0.07120	0.30451	0.08615	0.01188	0.00645	0.00198	0.00402	0.01034	0.00625	0.00724
31	0.01456	0.01347	0.01931	0.01539	0.01946	0.01455	0.22301	0.07870	0.48467	0.02317	0.01917	0.01906	0.01434	0.00684	0.00608	0.00192	0.00615	0.00645	0.00496	0.00871
32	0.01310	0.01027	0.01209	0.00871	0.01373	0.00792	0.00699	0.03253	0.01254	0.07340	0.01115	0.01246	0.00891	0.00450	0.00438	0.00093	0.00433	0.00360	0.00371	0.75474

[dist]
# distance from previous block
# <min> <max>
4	25

[block]
# block no. 2 follows, 41 sequences, length 6
# corresponding to MSA columns:
# 256-261
name=unknown_C
#
# <colnr> <probs for GDERKNQSTAVLIFYWHMCP>
#	G	D	E	R	K	N	Q	S	T	A	V	L	I	F	Y	W	H	M	C	P
0	0.17224	0.00727	0.00821	0.00831	0.00986	0.00723	0.00620	0.01182	0.01357	0.02120	0.33059	0.25796	0.03829	0.01304	0.00669	0.00216	0.00372	0.07029	0.00561	0.00574
1	0.01929	0.02390	0.01640	0.16634	0.02195	0.62583	0.01200	0.02122	0.01527	0.01412	0.00910	0.01129	0.00742	0.00586	0.00527	0.00156	0.00979	0.00396	0.00287	0.00658
2	0.83938	0.01106	0.00841	0.00752	0.01106	0.01283	0.00619	0.01681	0.00973	0.02566	0.00796	0.00929	0.00619	0.00531	0.00354	0.00177	0.00442	0.00310	0.00354	0.00619
3	0.01935	0.01666	0.16535	0.01390	0.01920	0.01380	0.08123	0.28423	0.08037	0.22288	0.01597	0.01571	0.01095	0.00652	0.00578	0.00179	0.00651	0.00539	0.00517	0.00923
4	0.01374	0.00971	0.01151	0.00924	0.01290	0.00863	0.00724	0.13720	0.01509	0.10303	0.08200	0.16985	0.01907	0.00834	0.00547	0.00147	0.00434	0.00709	0.00482	0.36928
5	0.02127	0.00949	0.01232	0.00960	0.01365	0.00831	0.00783	0.06179	0.01625	0.53919	0.08802	0.02300	0.06981	0.00773	0.00577	0.00169	0.00455	0.00635	0.00646	0.08689

[dist]
# distance from previous block
# <min> <max>
7	12

[block]
# block no. 3 follows, 41 sequences, length 21
# corresponding to MSA columns:
# 275-295
name=unknown_D
#
# <colnr> <probs for GDERKNQSTAVLIFYWHMCP>
#	G	D	E	R	K	N	Q	S	T	A	V	L	I	F	Y	W	H	M	C	P
0	0.01574	0.01095	0.01235	0.00959	0.01374	0.01010	0.00766	0.16887	0.06189	0.10016	0.01497	0.01595	0.01142	0.00605	0.00497	0.00137	0.00464	0.00470	0.15059	0.37430
1	0.31482	0.01365	0.01354	0.01104	0.01509	0.01512	0.00898	0.34424	0.10537	0.08233	0.01385	0.01408	0.01012	0.00674	0.00515	0.00185	0.00547	0.00476	0.00519	0.00860
2	0.06118	0.55657	0.21607	0.01163	0.01736	0.01988	0.01264	0.01767	0.01193	0.01578	0.00903	0.01060	0.00771	0.00538	0.00433	0.00149	0.00677	0.00352	0.00267	0.00780
3	0.01058	0.00577	0.00817	0.00787	0.00834	0.00549	0.00534	0.00841	0.00815	0.01115	0.01043	0.01755	0.01025	0.01878	0.02092	0.75814	0.00507	0.00499	0.00273	0.07186
4	0.01198	0.01000	0.01079	0.00991	0.01251	0.01080	0.00759	0.02225	0.45031	0.02259	0.19656	0.03272	0.15733	0.01014	0.00640	0.00199	0.00399	0.00847	0.00598	0.00771
5	0.07288	0.01167	0.01244	0.01121	0.01436	0.01301	0.00867	0.02755	0.56435	0.09392	0.02320	0.08523	0.01844	0.00867	0.00598	0.00203	0.00462	0.00712	0.00588	0.00878
6	0.02255	0.01255	0.01475	0.01172	0.01597	0.01277	0.00951	0.25481	0.16453	0.38519	0.02030	0.01863	0.01382	0.00745	0.00596	0.00187	0.00541	0.00585	0.00654	0.00982
7	0.00753	0.00612	0.00657	0.00663	0.00837	0.00524	0.00492	0.00899	0.01356	0.01685	0.14659	0.11554	0.58431	0.01469	0.00703	0.00205	0.00315	0.03112	0.00559	0.00516
8	0.67373	0.01134	0.00968	0.00850	0.01213	0.01269	0.00689	0.01949	0.07256	0.10907	0.01137	0.01212	0.00849	0.00603	0.00419	0.00187	0.00465	0.00384	0.00429	0.00708
9	0.16028	0.47274	0.20270	0.01126	0.01677	0.01884	0.01204	0.01761	0.01169	0.01718	0.00900	0.01057	0.00758	0.00542	0.00428	0.00155	0.00653	0.00351	0.00280	0.00764
10	0.01414	0.59047	0.09671	0.14726	0.01998	0.02001	0.01192	0.01678	0.01163	0.01410	0.00856	0.01052	0.00738	0.00509	0.00420	0.00140	0.00660	0.00352	0.00246	0.00727
11	0.01618	0.01350	0.01586	0.01618	0.14772	0.01503	0.01103	0.21517	0.43212	0.02618	0.01857	0.01808	0.01395	0.00706	0.00577	0.00184	0.00539	0.00588	0.00527	0.00923
12	0.00814	0.00560	0.00653	0.00661	0.00697	0.00546	0.00410	0.00874	0.01000	0.01340	0.12241	0.09307	0.06859	0.56649	0.02257	0.00451	0.00484	0.03388	0.00414	0.00395
13	0.01717	0.00964	0.01192	0.01032	0.01346	0.00964	0.00841	0.09148	0.16372	0.29219	0.14631	0.03112	0.02435	0.00950	0.00631	0.00196	0.00465	0.13351	0.00625	0.00809
14	0.00832	0.00555	0.00624	0.00624	0.00624	0.00555	0.00347	0.00832	0.00832	0.01109	0.01802	0.03743	0.02080	0.79898	0.02911	0.00555	0.00555	0.00832	0.00347	0.00347
15	0.00938	0.00511	0.00716	0.00716	0.00750	0.00494	0.00486	0.00759	0.00844	0.01091	0.01841	0.02403	0.14249	0.01892	0.01960	0.68680	0.00460	0.00622	0.00298	0.00290
16	0.01183	0.15019	0.02023	0.53392	0.03226	0.01419	0.07993	0.01532	0.01169	0.01514	0.01040	0.01455	0.00808	0.00555	0.00535	0.00175	0.00725	0.00489	0.05088	0.00659
17	0.58389	0.00991	0.00868	0.00765	0.01068	0.01095	0.00601	0.01679	0.01037	0.12226	0.01169	0.01562	0.00984	0.14563	0.00835	0.00244	0.00468	0.00437	0.00400	0.00619
18	0.00742	0.00524	0.00676	0.00751	0.00798	0.00495	0.00500	0.00857	0.01149	0.01558	0.16912	0.51695	0.03792	0.15458	0.01104	0.00279	0.00359	0.01372	0.00517	0.00458
19	0.01365	0.01288	0.02103	0.05361	0.60858	0.01251	0.01560	0.01691	0.01277	0.01855	0.01064	0.01379	0.00891	0.00496	0.00541	0.00155	0.00637	0.00479	0.00292	0.15457
20	0.01389	0.49493	0.28043	0.01283	0.01898	0.01899	0.05638	0.01753	0.01189	0.01532	0.00895	0.01052	0.00739	0.00507	0.00445	0.00146	0.00711	0.00367	0.00246	0.00774

[dist]
# distance from previous block
# <min> <max>
0	1

[block]
# block no. 4 follows, 41 sequences, length 6
# corresponding to MSA columns:
# 297-302
name=unknown_E
#
# <colnr> <probs for GDERKNQSTAVLIFYWHMCP>
#	G	D	E	R	K	N	Q	S	T	A	V	L	I	F	Y	W	H	M	C	P
0	0.02399	0.01655	0.01442	0.01195	0.01580	0.30692	0.00944	0.02592	0.01631	0.47433	0.01723	0.01591	0.01152	0.00662	0.00552	0.00165	0.00699	0.00495	0.00547	0.00853
1	0.52127	0.01736	0.01144	0.01033	0.01364	0.30963	0.00808	0.01916	0.01225	0.02113	0.00831	0.00969	0.00665	0.00554	0.00417	0.00165	0.00672	0.00333	0.00331	0.00636
2	0.00759	0.00545	0.00724	0.00787	0.00868	0.00509	0.00566	0.00938	0.01317	0.01805	0.31483	0.44348	0.04371	0.01533	0.00713	0.00214	0.00324	0.07128	0.00569	0.00499
3	0.00976	0.00833	0.01308	0.01852	0.30191	0.00812	0.01007	0.01169	0.01176	0.01619	0.02345	0.49149	0.02664	0.01293	0.00666	0.00208	0.00467	0.01192	0.00435	0.00636
4	0.01687	0.29070	0.15649	0.01518	0.08578	0.31312	0.01302	0.01956	0.01361	0.01498	0.00897	0.01059	0.00749	0.00540	0.00475	0.00147	0.00823	0.00370	0.00267	0.00742
5	0.01299	0.12056	0.32169	0.02022	0.09269	0.01496	0.29991	0.01802	0.01266	0.01766	0.01052	0.01320	0.00798	0.00510	0.00574	0.00177	0.00847	0.00514	0.00264	0.00808

[dist]
# distance from previous block
# <min> <max>
0	1

[block]
# block no. 5 follows, 41 sequences, length 14
# corresponding to MSA columns:
# 304-317
name=unknown_F
#
# <colnr> <probs for GDERKNQSTAVLIFYWHMCP>
#	G	D	E	R	K	N	Q	S	T	A	V	L	I	F	Y	W	H	M	C	P
0	0.00739	0.00575	0.00676	0.00696	0.00842	0.00512	0.00523	0.00923	0.01360	0.01757	0.24809	0.16903	0.38286	0.01436	0.00694	0.00202	0.00312	0.07696	0.00558	0.00500
1	0.01334	0.11680	0.19888	0.02207	0.14200	0.01515	0.35629	0.01790	0.01276	0.01762	0.01060	0.01362	0.00822	0.00513	0.00616	0.00179	0.02553	0.00541	0.00271	0.00802
2	0.01208	0.29867	0.38808	0.01235	0.01852	0.01525	0.01448	0.01621	0.01207	0.01605	0.01696	0.01782	0.12598	0.00667	0.00502	0.00162	0.00675	0.00505	0.00288	0.00749
3	0.00869	0.00928	0.12646	0.00798	0.00934	0.00668	0.00642	0.00983	0.00915	0.01252	0.01803	0.10225	0.02021	0.60309	0.02340	0.00466	0.00580	0.00839	0.00347	0.00436
4	0.01293	0.01349	0.02452	0.11803	0.14155	0.01514	0.29040	0.01620	0.01156	0.01637	0.00989	0.01422	0.00821	0.00673	0.01052	0.00208	0.27248	0.00569	0.00271	0.00726
5	0.01408	0.01527	0.02841	0.02408	0.15957	0.05060	0.48522	0.01991	0.10610	0.01888	0.01276	0.01570	0.00978	0.00529	0.00636	0.00187	0.00852	0.00627	0.00325	0.00807
6	0.01274	0.05772	0.65912	0.01571	0.02361	0.01413	0.01958	0.09714	0.01367	0.01989	0.01055	0.01215	0.00752	0.00557	0.00540	0.00178	0.00813	0.00428	0.00278	0.00855
7	0.00806	0.00598	0.00818	0.12990	0.01305	0.00608	0.00682	0.00984	0.01165	0.01591	0.06819	0.46665	0.09698	0.01409	0.00662	0.00209	0.00389	0.02614	0.09480	0.00506
8	0.01277	0.01209	0.05176	0.10460	0.23155	0.01133	0.17917	0.01660	0.02687	0.06681	0.12266	0.04738	0.01853	0.00750	0.00630	0.00190	0.00662	0.06417	0.00390	0.00751
9	0.06827	0.12622	0.53041	0.01585	0.02317	0.01461	0.10895	0.01793	0.01204	0.01805	0.00997	0.01193	0.00737	0.00528	0.00524	0.00175	0.00803	0.00432	0.00256	0.00806
10	0.14121	0.00906	0.00970	0.00944	0.01175	0.00989	0.00743	0.01858	0.28593	0.02100	0.08779	0.12865	0.09148	0.01098	0.00617	0.00207	0.00419	0.13270	0.00529	0.00671
11	0.00974	0.00788	0.01204	0.01617	0.21076	0.00777	0.01006	0.01200	0.01235	0.01665	0.02552	0.30907	0.02830	0.01370	0.00709	0.00227	0.00499	0.28296	0.00463	0.00606
12	0.01496	0.01247	0.01946	0.13154	0.44826	0.01302	0.01481	0.02057	0.14544	0.10057	0.01420	0.01617	0.01092	0.00587	0.00571	0.00178	0.00629	0.00541	0.00379	0.00876
13	0.51849	0.01173	0.01075	0.00917	0.01288	0.01318	0.00747	0.11120	0.12966	0.10744	0.01269	0.01285	0.00928	0.00608	0.00441	0.00179	0.00472	0.00417	0.00456	0.00747

[dist]
# distance from previous block
# <min> <max>
1	4

[block]
# block no. 6 follows, 41 sequences, length 50
# corresponding to MSA columns:
# 322-371
name=unknown_G
#
# <colnr> <probs for GDERKNQSTAVLIFYWHMCP>
#	G	D	E	R	K	N	Q	S	T	A	V	L	I	F	Y	W	H	M	C	P
0	0.01145	0.01015	0.01699	0.75127	0.03831	0.01252	0.01556	0.01520	0.01165	0.04760	0.01071	0.01543	0.00791	0.00578	0.00572	0.00190	0.00750	0.00511	0.00274	0.00650
1	0.03187	0.00691	0.00891	0.00789	0.01006	0.00626	0.00610	0.01494	0.01563	0.21017	0.47351	0.06998	0.09318	0.01085	0.00645	0.00182	0.00333	0.00940	0.00632	0.00644
2	0.01393	0.07904	0.06191	0.02013	0.02537	0.01473	0.52087	0.07171	0.01403	0.01933	0.01179	0.01500	0.00899	0.00530	0.00651	0.00182	0.03138	0.00606	0.06444	0.00765
3	0.01501	0.57980	0.13418	0.01211	0.01753	0.03488	0.07085	0.04938	0.01260	0.01551	0.00884	0.01031	0.00754	0.00507	0.00429	0.00139	0.00682	0.00363	0.00263	0.00762
4	0.01205	0.01044	0.01278	0.01063	0.07431	0.00811	0.00765	0.01466	0.01196	0.01864	0.01021	0.01205	0.00852	0.00431	0.00435	0.00092	0.00444	0.00353	0.00334	0.76710
5	0.01205	0.01044	0.01278	0.01063	0.07431	0.00811	0.00765	0.01466	0.01196	0.01864	0.01021	0.01205	0.00852	0.00431	0.00435	0.00092	0.00444	0.00353	0.00334	0.76710
6	0.00758	0.00574	0.00798	0.01004	0.06946	0.00540	0.00626	0.00884	0.01137	0.01523	0.05375	0.67598	0.06774	0.01654	0.00713	0.00224	0.00356	0.01499	0.00514	0.00504
7	0.01272	0.01449	0.05265	0.02285	0.08661	0.01320	0.57412	0.01703	0.01312	0.01791	0.01382	0.10740	0.01211	0.00641	0.00669	0.00195	0.00863	0.00766	0.00316	0.00748
8	0.00754	0.00558	0.00765	0.07074	0.01077	0.00547	0.00610	0.00902	0.01180	0.01592	0.15820	0.56563	0.03749	0.05006	0.00803	0.00234	0.00366	0.01396	0.00518	0.00487
9	0.03701	0.01247	0.07946	0.48586	0.16353	0.01267	0.05998	0.01542	0.01182	0.01618	0.01123	0.04881	0.00919	0.00605	0.00575	0.00188	0.00738	0.00555	0.00276	0.00701
10	0.01472	0.73789	0.02829	0.00974	0.01432	0.02138	0.00957	0.01657	0.01143	0.01344	0.00855	0.01025	0.00790	0.00797	0.06628	0.00187	0.00686	0.00331	0.00250	0.00716
11	0.02436	0.00945	0.01286	0.00996	0.01415	0.00818	0.00818	0.02660	0.01636	0.71190	0.07744	0.02120	0.01712	0.00742	0.00583	0.00177	0.00471	0.00609	0.00702	0.00941
12	0.00995	0.00765	0.00848	0.00784	0.00950	0.06285	0.00592	0.01246	0.01602	0.06212	0.62304	0.03978	0.09005	0.01118	0.00658	0.00178	0.00339	0.00970	0.00603	0.00569
13	0.00697	0.00498	0.00664	0.00796	0.00830	0.00465	0.00531	0.00796	0.01095	0.01460	0.03153	0.79525	0.03783	0.01792	0.00730	0.00232	0.00332	0.01626	0.00531	0.00465
14	0.00697	0.00498	0.00664	0.00796	0.00830	0.00465	0.00531	0.00796	0.01095	0.01460	0.03153	0.79525	0.03783	0.01792	0.00730	0.00232	0.00332	0.01626	0.00531	0.00465
15	0.02091	0.08492	0.01723	0.01437	0.01746	0.71998	0.01096	0.02242	0.01587	0.01396	0.00878	0.01023	0.00737	0.00582	0.00505	0.00145	0.01000	0.00364	0.00291	0.00668
16	0.02137	0.02726	0.01621	0.01474	0.01768	0.77602	0.01105	0.02284	0.01621	0.01400	0.00884	0.01031	0.00737	0.00589	0.00516	0.00147	0.01031	0.00368	0.00295	0.00663
17	0.00725	0.00610	0.00633	0.00627	0.00820	0.00533	0.00475	0.00946	0.04569	0.01641	0.10673	0.05292	0.65835	0.01402	0.00675	0.00194	0.00302	0.03000	0.00540	0.00507
18	0.00810	0.00585	0.00765	0.00720	0.00855	0.00540	0.00540	0.01079	0.01619	0.02294	0.76028	0.04273	0.05397	0.01169	0.00675	0.00180	0.00270	0.01034	0.00630	0.00540
19	0.01347	0.01534	0.03328	0.02384	0.02946	0.01455	0.72111	0.01819	0.01336	0.01819	0.01145	0.01534	0.00864	0.00497	0.00710	0.00195	0.03249	0.00670	0.00288	0.00767
20	0.02137	0.02726	0.01621	0.01474	0.01768	0.77602	0.01105	0.02284	0.01621	0.01400	0.00884	0.01031	0.00737	0.00589	0.00516	0.00147	0.01031	0.00368	0.00295	0.00663
21	0.00832	0.00555	0.00624	0.00624	0.00624	0.00555	0.00347	0.00832	0.00832	0.01109	0.01802	0.03743	0.02080	0.79898	0.02911	0.00555	0.00555	0.00832	0.00347	0.00347
22	0.81382	0.01103	0.00868	0.03151	0.01194	0.01283	0.00649	0.01675	0.00979	0.02532	0.00803	0.00948	0.00624	0.00532	0.00361	0.00177	0.00452	0.00316	0.00351	0.00620
23	0.00916	0.00654	0.00915	0.01047	0.01176	0.00654	0.00912	0.01175	0.01311	0.01705	0.03032	0.08282	0.03304	0.01585	0.00789	0.00263	0.00522	0.70706	0.00527	0.00525
24	0.00697	0.00498	0.00664	0.00796	0.00830	0.00465	0.00531	0.00796	0.01095	0.01460	0.03153	0.79525	0.03783	0.01792	0.00730	0.00232	0.00332	0.01626	0.00531	0.00465
25	0.01529	0.80242	0.02997	0.00979	0.01468	0.02263	0.00979	0.01713	0.01162	0.01346	0.00795	0.00918	0.00734	0.00489	0.00367	0.00122	0.00612	0.00306	0.00245	0.00734
26	0.00697	0.00498	0.00664	0.00796	0.00830	0.00465	0.00531	0.00796	0.01095	0.01460	0.03153	0.79525	0.03783	0.01792	0.00730	0.00232	0.00332	0.01626	0.00531	0.00465
27	0.00836	0.00811	0.08029	0.00800	0.01006	0.00613	0.00685	0.01138	0.01566	0.02215	0.65785	0.04034	0.08053	0.01122	0.00662	0.00181	0.00326	0.00984	0.00588	0.00566
28	0.01416	0.01359	0.02322	0.03511	0.76330	0.01359	0.01755	0.01755	0.01302	0.01869	0.01076	0.01416	0.00906	0.00510	0.00566	0.00170	0.00680	0.00510	0.00283	0.00906
29	0.01416	0.01359	0.02322	0.03511	0.76330	0.01359	0.01755	0.01755	0.01302	0.01869	0.01076	0.01416	0.00906	0.00510	0.00566	0.00170	0.00680	0.00510	0.00283	0.00906
30	0.00799	0.00584	0.00750	0.00708	0.00848	0.00535	0.00531	0.01058	0.01594	0.02233	0.70337	0.04372	0.11126	0.01192	0.00675	0.00181	0.00271	0.01048	0.00622	0.00535
31	0.00697	0.00498	0.00664	0.00796	0.00830	0.00465	0.00531	0.00796	0.01095	0.01460	0.03153	0.79525	0.03783	0.01792	0.00730	0.00232	0.00332	0.01626	0.00531	0.00465
32	0.02566	0.00973	0.01327	0.01018	0.01460	0.00841	0.00841	0.02788	0.01637	0.76726	0.02257	0.01947	0.01416	0.00708	0.00575	0.00177	0.00487	0.00575	0.00708	0.00973
33	0.07780	0.01524	0.01656	0.07020	0.01888	0.01702	0.01092	0.63936	0.02455	0.03373	0.01307	0.01354	0.00933	0.00667	0.00557	0.00173	0.00626	0.00500	0.00533	0.00923
34	0.01251	0.01251	0.01752	0.01502	0.01502	0.01752	0.01251	0.01377	0.00876	0.01377	0.00751	0.01251	0.00751	0.01001	0.01877	0.00250	0.78851	0.00501	0.00250	0.00626
35	0.01416	0.01359	0.02322	0.03511	0.76330	0.01359	0.01755	0.01755	0.01302	0.01869	0.01076	0.01416	0.00906	0.00510	0.00566	0.00170	0.00680	0.00510	0.00283	0.00906
36	0.01401	0.00856	0.00890	0.00770	0.01001	0.00908	0.00607	0.23401	0.01649	0.02577	0.01717	0.01903	0.01317	0.00673	0.00452	0.00145	0.00376	0.00528	0.58164	0.00666
37	0.01350	0.01543	0.03375	0.02411	0.02989	0.01446	0.74253	0.01832	0.01350	0.01832	0.01157	0.01543	0.00868	0.00482	0.00675	0.00193	0.00964	0.00675	0.00289	0.00771
38	0.00922	0.00658	0.00922	0.01053	0.01185	0.00658	0.00922	0.01185	0.01317	0.01712	0.03029	0.06452	0.03292	0.01580	0.00790	0.00263	0.00527	0.72480	0.00527	0.00527
39	0.01493	0.72863	0.10057	0.01041	0.01564	0.02174	0.01087	0.01722	0.01167	0.01390	0.00817	0.00945	0.00733	0.00495	0.00384	0.00128	0.00634	0.00317	0.00244	0.00745
40	0.01103	0.01034	0.01668	0.65378	0.03511	0.01258	0.01476	0.01453	0.01128	0.01494	0.00997	0.01472	0.00770	0.00590	0.00655	0.00185	0.06538	0.00492	0.00262	0.08537
41	0.01813	0.01325	0.01460	0.01169	0.01521	0.01465	0.00942	0.54412	0.02207	0.02986	0.01452	0.01751	0.01160	0.08785	0.12238	0.00318	0.00746	0.00560	0.02858	0.00832
42	0.01112	0.01049	0.01773	0.71361	0.10852	0.01279	0.01604	0.01490	0.01159	0.01500	0.01022	0.01515	0.00776	0.00566	0.00571	0.00189	0.00755	0.00508	0.00257	0.00661
43	0.01242	0.02936	0.69743	0.01615	0.02408	0.08611	0.02017	0.01857	0.01247	0.01772	0.01013	0.01191	0.00726	0.00548	0.00541	0.00178	0.00863	0.00417	0.00247	0.00828
44	0.01429	0.01549	0.03217	0.02306	0.02873	0.01478	0.67267	0.08763	0.01478	0.02001	0.01178	0.01527	0.00878	0.00502	0.00665	0.00191	0.00932	0.00660	0.00316	0.00791
45	0.00817	0.00613	0.00919	0.00919	0.01021	0.00715	0.00715	0.01021	0.00919	0.01328	0.01532	0.02247	0.01430	0.04290	0.77631	0.00919	0.01532	0.00613	0.00306	0.00511
46	0.01979	0.01019	0.01252	0.01049	0.01410	0.01013	0.00834	0.02688	0.27938	0.42946	0.02368	0.09421	0.01760	0.00836	0.00592	0.00188	0.00460	0.00701	0.00646	0.00900
47	0.01100	0.01056	0.01839	0.72862	0.03869	0.01284	0.06993	0.01489	0.01159	0.01489	0.01027	0.01526	0.00770	0.00565	0.00580	0.00191	0.00777	0.00521	0.00257	0.00646
48	0.01607	0.58943	0.09830	0.01101	0.01618	0.02087	0.01106	0.14593	0.01437	0.01790	0.00920	0.01026	0.00775	0.00529	0.00420	0.00137	0.00637	0.00354	0.00302	0.00787
49	0.00776	0.08112	0.00887	0.00814	0.00891	0.00636	0.00574	0.00884	0.01102	0.01449	0.02927	0.72019	0.03492	0.01668	0.00695	0.00222	0.00359	0.01500	0.00504	0.00490

[dist]
# distance from previous block
# <min> <max>
35	224

# created by:
# /software/SequenceAnalysis/GenePrediction/augustus/3.0.1/scripts/msa2prfl.pl ./fixed/BUSCOvEOG7PRV4J.fas
