[name]
unknown

[dist]
# distance from previous block
# <min> <max>
52	541

[block]
# block no. 0 follows, 41 sequences, length 6
# corresponding to MSA columns:
# 568-573
name=unknown_A
#
# <colnr> <probs for GDERKNQSTAVLIFYWHMCP>
#	G	D	E	R	K	N	Q	S	T	A	V	L	I	F	Y	W	H	M	C	P
0	0.00829	0.00596	0.00758	0.00843	0.00914	0.00582	0.00581	0.07376	0.01238	0.01652	0.02994	0.72541	0.03532	0.01693	0.00716	0.00227	0.00358	0.01527	0.00535	0.00510
1	0.00694	0.00508	0.00653	0.00770	0.00823	0.00467	0.00519	0.00799	0.01120	0.01470	0.03474	0.70522	0.12578	0.01750	0.00723	0.00228	0.00327	0.01575	0.00531	0.00467
2	0.01403	0.05774	0.02785	0.02015	0.02453	0.10725	0.48466	0.01763	0.01303	0.01678	0.01185	0.06360	0.01016	0.00638	0.00780	0.00193	0.09787	0.00659	0.00298	0.00720
3	0.02297	0.00966	0.01281	0.00993	0.01407	0.00851	0.00813	0.06032	0.01665	0.61777	0.09829	0.02124	0.01781	0.00741	0.00578	0.00173	0.00468	0.00609	0.00675	0.04941
4	0.07231	0.05973	0.01305	0.00943	0.01345	0.00936	0.00778	0.02284	0.04883	0.46071	0.09614	0.02096	0.04013	0.00727	0.00546	0.00166	0.00455	0.00587	0.00598	0.09449
5	0.01802	0.01454	0.06255	0.01171	0.01609	0.01428	0.01004	0.49474	0.02175	0.03018	0.01427	0.04577	0.01105	0.00685	0.00539	0.00159	0.00566	0.00532	0.09103	0.11917

[dist]
# distance from previous block
# <min> <max>
3	11

[block]
# block no. 1 follows, 41 sequences, length 9
# corresponding to MSA columns:
# 586-594
name=unknown_B
#
# <colnr> <probs for GDERKNQSTAVLIFYWHMCP>
#	G	D	E	R	K	N	Q	S	T	A	V	L	I	F	Y	W	H	M	C	P
0	0.01742	0.09146	0.01554	0.01097	0.01471	0.01465	0.00896	0.45245	0.02054	0.02791	0.01488	0.07176	0.01266	0.06986	0.00724	0.00192	0.00558	0.00588	0.06692	0.06867
1	0.01451	0.12077	0.08259	0.05839	0.41732	0.01416	0.08778	0.01800	0.01310	0.07271	0.03879	0.01493	0.01061	0.00548	0.00553	0.00168	0.00686	0.00516	0.00318	0.00845
2	0.07358	0.01065	0.01152	0.01014	0.01324	0.01142	0.00789	0.09432	0.34555	0.08187	0.02202	0.13033	0.03896	0.00874	0.00566	0.00183	0.00439	0.00728	0.04232	0.07829
3	0.04237	0.08050	0.48226	0.01770	0.02498	0.01427	0.22210	0.01805	0.01236	0.01811	0.01038	0.01271	0.00762	0.00522	0.00561	0.00180	0.00847	0.00481	0.00259	0.00808
4	0.11055	0.01421	0.02012	0.01549	0.01947	0.07694	0.25136	0.14042	0.04874	0.08592	0.08699	0.01712	0.01374	0.00671	0.00685	0.00185	0.06565	0.00594	0.00424	0.00768
5	0.01169	0.11703	0.63434	0.01496	0.02253	0.01384	0.01880	0.01752	0.01229	0.01789	0.05910	0.01375	0.01032	0.00578	0.00532	0.00174	0.00781	0.00449	0.00267	0.00813
6	0.00704	0.00509	0.00666	0.00777	0.00828	0.00471	0.00526	0.00819	0.01148	0.01528	0.08788	0.69181	0.08493	0.01723	0.00722	0.00226	0.00325	0.01555	0.00538	0.00471
7	0.01299	0.01072	0.01158	0.01043	0.01323	0.01191	0.00807	0.09533	0.46613	0.02356	0.11926	0.08303	0.09017	0.00952	0.00612	0.00193	0.00424	0.00805	0.00579	0.00795
8	0.01526	0.05105	0.09169	0.14959	0.02083	0.11887	0.04547	0.18059	0.01542	0.02050	0.01156	0.01419	0.00904	0.00738	0.02397	0.00193	0.10773	0.00485	0.10279	0.00731

[dist]
# distance from previous block
# <min> <max>
0	1

[block]
# block no. 2 follows, 41 sequences, length 7
# corresponding to MSA columns:
# 596-602
name=unknown_C
#
# <colnr> <probs for GDERKNQSTAVLIFYWHMCP>
#	G	D	E	R	K	N	Q	S	T	A	V	L	I	F	Y	W	H	M	C	P
0	0.00697	0.00498	0.00664	0.00796	0.00830	0.00465	0.00531	0.00796	0.01095	0.01460	0.03153	0.79525	0.03783	0.01792	0.00730	0.00232	0.00332	0.01626	0.00531	0.00465
1	0.02309	0.01386	0.01583	0.01213	0.01666	0.01452	0.01002	0.49742	0.02327	0.28798	0.01678	0.01571	0.01125	0.00694	0.00573	0.00173	0.00580	0.00536	0.00619	0.00973
2	0.01167	0.07665	0.67773	0.06237	0.02501	0.01383	0.02011	0.01784	0.01201	0.01761	0.01011	0.01209	0.00727	0.00542	0.00534	0.00178	0.00826	0.00421	0.00242	0.00826
3	0.00758	0.00555	0.00700	0.00771	0.00804	0.00552	0.00511	0.00835	0.01029	0.01369	0.02854	0.50969	0.07917	0.22262	0.01356	0.00315	0.04195	0.01335	0.00469	0.00443
4	0.00817	0.00613	0.00919	0.00919	0.01021	0.00715	0.00715	0.01021	0.00919	0.01328	0.01532	0.02247	0.01430	0.04290	0.77631	0.00919	0.01532	0.00613	0.00306	0.00511
5	0.01293	0.01442	0.03049	0.02221	0.02716	0.01393	0.63301	0.01720	0.01296	0.01771	0.01281	0.07503	0.01083	0.00620	0.00766	0.00200	0.06567	0.00735	0.00305	0.00737
6	0.01248	0.01199	0.04841	0.54178	0.07637	0.01345	0.01490	0.08604	0.10309	0.01816	0.01214	0.01565	0.00909	0.00603	0.00572	0.00188	0.00711	0.00522	0.00325	0.00725

[dist]
# distance from previous block
# <min> <max>
3	13

[block]
# block no. 3 follows, 41 sequences, length 24
# corresponding to MSA columns:
# 616-639
name=unknown_D
#
# <colnr> <probs for GDERKNQSTAVLIFYWHMCP>
#	G	D	E	R	K	N	Q	S	T	A	V	L	I	F	Y	W	H	M	C	P
0	0.04406	0.36662	0.04745	0.04006	0.09532	0.21484	0.05140	0.01829	0.01298	0.01506	0.00976	0.04176	0.00878	0.00574	0.00470	0.00148	0.00743	0.00426	0.00279	0.00721
1	0.03051	0.01552	0.02102	0.14458	0.04873	0.08648	0.18599	0.29174	0.03132	0.02396	0.01178	0.01407	0.00884	0.00621	0.00664	0.00183	0.05336	0.00536	0.00394	0.00811
2	0.12860	0.01286	0.01951	0.16342	0.45913	0.01372	0.01505	0.08558	0.01359	0.02057	0.01055	0.01364	0.00847	0.00540	0.00538	0.00175	0.00657	0.00482	0.00315	0.00824
3	0.01375	0.01331	0.02312	0.11829	0.64220	0.01354	0.05715	0.01727	0.01287	0.01821	0.01074	0.01435	0.00888	0.00515	0.00573	0.00173	0.00704	0.00519	0.00280	0.00868
4	0.01304	0.01245	0.02119	0.28535	0.52180	0.01330	0.01700	0.01657	0.01249	0.01733	0.01056	0.01452	0.00858	0.00530	0.00568	0.00177	0.00707	0.00509	0.00273	0.00816
5	0.01189	0.01096	0.01824	0.56803	0.21021	0.01273	0.01583	0.01545	0.01202	0.01616	0.01098	0.01565	0.00857	0.00581	0.00575	0.00188	0.00729	0.00519	0.04024	0.00710
6	0.60473	0.01019	0.00941	0.00924	0.04148	0.01166	0.00701	0.01546	0.00993	0.02266	0.01013	0.01304	0.00853	0.01444	0.18760	0.00359	0.00721	0.00400	0.00350	0.00620
7	0.01099	0.00667	0.00850	0.00818	0.00985	0.00613	0.00604	0.01342	0.04367	0.13867	0.32554	0.27445	0.09873	0.01314	0.00684	0.00203	0.00344	0.01151	0.00610	0.00611
8	0.01246	0.01137	0.01588	0.01160	0.01640	0.00963	0.12096	0.01516	0.01205	0.01847	0.01047	0.01287	0.00871	0.00498	0.00590	0.00120	0.06683	0.00414	0.00334	0.63760
9	0.04327	0.01094	0.01776	0.52916	0.20875	0.01265	0.01532	0.01552	0.01197	0.01666	0.01100	0.01550	0.00860	0.00580	0.00565	0.00187	0.00711	0.00512	0.05027	0.00708
10	0.21081	0.01219	0.01205	0.01085	0.01417	0.01404	0.00849	0.02729	0.57289	0.02457	0.01987	0.01884	0.01502	0.00736	0.00540	0.00195	0.00460	0.00575	0.00537	0.00851
11	0.01271	0.01087	0.01231	0.00943	0.01408	0.00937	0.00745	0.01841	0.18835	0.02016	0.01358	0.01452	0.01089	0.00528	0.00474	0.00116	0.00441	0.00422	0.00407	0.63401
12	0.00809	0.00606	0.00742	0.00707	0.00858	0.00544	0.00528	0.01040	0.01560	0.02140	0.59000	0.04592	0.22223	0.01252	0.00687	0.00188	0.00286	0.01082	0.00615	0.00542
13	0.01243	0.01173	0.01974	0.48378	0.32711	0.01321	0.01663	0.01598	0.01225	0.01651	0.01069	0.01520	0.00848	0.00567	0.00582	0.00188	0.00738	0.00518	0.00276	0.00758
14	0.01211	0.01307	0.02626	0.04687	0.04990	0.01222	0.51367	0.01594	0.01348	0.01778	0.02281	0.02519	0.18790	0.00736	0.00680	0.00197	0.00795	0.00799	0.00356	0.00717
15	0.01444	0.01378	0.02336	0.03519	0.76002	0.01373	0.01763	0.01774	0.01320	0.01895	0.01105	0.01455	0.00933	0.00529	0.00579	0.00175	0.00689	0.00519	0.00293	0.00920
16	0.00990	0.00766	0.01132	0.19502	0.01862	0.00822	0.01092	0.01272	0.01293	0.01679	0.02570	0.05296	0.02706	0.01355	0.00749	0.00251	0.00593	0.55032	0.00471	0.00568
17	0.01720	0.01860	0.02072	0.02735	0.47540	0.27825	0.01514	0.04499	0.01479	0.01793	0.01049	0.01320	0.00877	0.00563	0.00561	0.00167	0.00809	0.00470	0.00307	0.00838
18	0.01333	0.01109	0.01203	0.01083	0.01368	0.01240	0.00837	0.05290	0.54692	0.02438	0.19848	0.02650	0.02609	0.00885	0.00616	0.00195	0.00426	0.00743	0.00602	0.00835
19	0.00898	0.00642	0.00881	0.01011	0.01122	0.00630	0.00840	0.01114	0.01282	0.01678	0.03078	0.23852	0.03425	0.01645	0.00787	0.00261	0.00490	0.55298	0.00537	0.00528
20	0.01507	0.01119	0.01138	0.00919	0.01262	0.05202	0.00728	0.22503	0.01666	0.02467	0.01459	0.01626	0.01136	0.00619	0.00476	0.00137	0.00468	0.00474	0.31349	0.23744
21	0.01110	0.01037	0.01733	0.78182	0.03948	0.01286	0.01597	0.01481	0.01162	0.01489	0.01046	0.01564	0.00791	0.00591	0.00584	0.00196	0.00771	0.00518	0.00264	0.00650
22	0.02292	0.01470	0.01641	0.01263	0.01718	0.01564	0.01039	0.57061	0.02450	0.21018	0.01611	0.01549	0.01105	0.00711	0.00585	0.00178	0.00605	0.00539	0.00613	0.00986
23	0.00755	0.00541	0.00710	0.00798	0.00859	0.00501	0.00546	0.00887	0.01238	0.01686	0.20509	0.61298	0.04181	0.01658	0.00728	0.00225	0.00328	0.01489	0.00563	0.00498

[dist]
# distance from previous block
# <min> <max>
0	2

[block]
# block no. 4 follows, 41 sequences, length 21
# corresponding to MSA columns:
# 642-662
name=unknown_E
#
# <colnr> <probs for GDERKNQSTAVLIFYWHMCP>
#	G	D	E	R	K	N	Q	S	T	A	V	L	I	F	Y	W	H	M	C	P
0	0.00701	0.00501	0.00667	0.00794	0.00830	0.00467	0.00531	0.00806	0.01113	0.01488	0.05572	0.77026	0.03837	0.01771	0.00728	0.00231	0.00330	0.01606	0.00534	0.00467
1	0.01949	0.26640	0.02046	0.01321	0.01676	0.54360	0.01066	0.02108	0.01479	0.01383	0.00857	0.00996	0.00736	0.00559	0.00470	0.00140	0.00902	0.00349	0.00279	0.00685
2	0.00776	0.00556	0.00727	0.00739	0.00836	0.00517	0.00528	0.00980	0.01419	0.01978	0.49896	0.27462	0.04736	0.05233	0.00802	0.00214	0.00303	0.01207	0.00585	0.00507
3	0.02024	0.00853	0.01154	0.00926	0.01273	0.00748	0.00748	0.02261	0.01632	0.53764	0.25015	0.02664	0.02644	0.00850	0.00606	0.00178	0.00420	0.00717	0.00684	0.00840
4	0.01113	0.01017	0.01552	0.54560	0.03142	0.01114	0.01308	0.01455	0.01157	0.01586	0.01017	0.01420	0.00789	0.00526	0.00526	0.00158	0.00658	0.00456	0.00280	0.26167
5	0.00735	0.00526	0.00694	0.00768	0.00832	0.00490	0.00529	0.00885	0.01250	0.01708	0.25600	0.54367	0.04237	0.03601	0.00769	0.00224	0.00318	0.01423	0.00557	0.00485
6	0.01843	0.02199	0.01487	0.01280	0.01641	0.53897	0.00973	0.02024	0.01487	0.01543	0.00925	0.01079	0.00771	0.00538	0.00487	0.00128	0.00844	0.00359	0.00308	0.26186
7	0.00768	0.00583	0.00707	0.00676	0.00829	0.00522	0.00507	0.01000	0.01522	0.02063	0.54361	0.04653	0.27208	0.01256	0.00675	0.00184	0.00276	0.01088	0.00599	0.00522
8	0.01365	0.01326	0.02146	0.02891	0.53245	0.01480	0.01600	0.01639	0.01171	0.01717	0.00976	0.01365	0.00858	0.00661	0.00971	0.00195	0.24796	0.00507	0.00273	0.00820
9	0.01983	0.00852	0.01097	0.00882	0.01248	0.00730	0.00715	0.02181	0.01534	0.53533	0.03348	0.03044	0.24455	0.00936	0.00606	0.00182	0.00426	0.00770	0.00653	0.00822
10	0.26829	0.01408	0.02593	0.01899	0.02408	0.01396	0.51537	0.01786	0.01234	0.02059	0.01046	0.01354	0.00791	0.00497	0.00576	0.00188	0.00803	0.00562	0.00309	0.00725
11	0.01638	0.01781	0.02106	0.02882	0.53328	0.24880	0.01555	0.01919	0.01401	0.01724	0.01017	0.01297	0.00854	0.00534	0.00551	0.00163	0.00788	0.00466	0.00287	0.00831
12	0.00991	0.03615	0.00914	0.00885	0.01002	0.03497	0.00631	0.06834	0.04894	0.03799	0.02718	0.58251	0.03097	0.05049	0.00783	0.00231	0.00411	0.01331	0.00514	0.00552
13	0.01311	0.01327	0.02450	0.02391	0.25095	0.01390	0.29970	0.01653	0.01220	0.01758	0.01140	0.02852	0.00957	0.00695	0.02199	0.00206	0.16250	0.00595	0.05782	0.00758
14	0.08296	0.01145	0.01534	0.01688	0.24485	0.01027	0.01030	0.03921	0.01284	0.07418	0.01118	0.01297	0.00892	0.00488	0.00477	0.00128	0.00515	0.00412	0.00357	0.42489
15	0.01422	0.41358	0.16708	0.01883	0.24753	0.01808	0.01432	0.01744	0.01214	0.01595	0.00925	0.01126	0.00785	0.00506	0.00462	0.00148	0.00677	0.00391	0.00256	0.00808
16	0.38658	0.01201	0.01427	0.01681	0.24402	0.01285	0.01033	0.09356	0.01329	0.09984	0.01130	0.01273	0.00857	0.00564	0.00466	0.00173	0.00533	0.00428	0.03444	0.00777
17	0.07232	0.04321	0.11491	0.01962	0.24778	0.01514	0.01371	0.29877	0.03907	0.02574	0.01230	0.01440	0.00955	0.00610	0.00546	0.00171	0.00647	0.01954	0.00408	0.03012
18	0.01324	0.01192	0.01765	0.01856	0.24650	0.01076	0.08272	0.07211	0.01350	0.01976	0.01191	0.05516	0.01035	0.00550	0.00520	0.00136	0.00567	0.00507	0.00345	0.38959
19	0.01753	0.26548	0.05459	0.01196	0.01659	0.03123	0.05403	0.25826	0.01752	0.09612	0.03995	0.04215	0.01174	0.00648	0.00512	0.00155	0.00612	0.00506	0.00432	0.05418
20	0.14077	0.01034	0.01117	0.00976	0.01292	0.01107	0.00771	0.03898	0.32686	0.13172	0.15153	0.02396	0.03966	0.00811	0.00562	0.00183	0.00424	0.01754	0.00562	0.04060

[dist]
# distance from previous block
# <min> <max>
20	31

[block]
# block no. 5 follows, 41 sequences, length 23
# corresponding to MSA columns:
# 694-716
name=unknown_F
#
# <colnr> <probs for GDERKNQSTAVLIFYWHMCP>
#	G	D	E	R	K	N	Q	S	T	A	V	L	I	F	Y	W	H	M	C	P
0	0.01262	0.01101	0.01532	0.01930	0.30279	0.01121	0.01111	0.06592	0.16381	0.01996	0.04528	0.10283	0.08346	0.04685	0.00705	0.00197	0.00522	0.00739	0.00430	0.06260
1	0.01559	0.50932	0.05257	0.01064	0.01502	0.01958	0.01009	0.12510	0.06297	0.01822	0.01061	0.01177	0.00887	0.00579	0.00501	0.00144	0.04742	0.00390	0.05842	0.00766
2	0.00800	0.00541	0.00634	0.00667	0.00675	0.00533	0.00392	0.00824	0.00897	0.01196	0.02135	0.22342	0.02498	0.60716	0.02376	0.00476	0.00500	0.01027	0.00392	0.00376
3	0.18284	0.01305	0.01940	0.07535	0.39990	0.01363	0.06211	0.09369	0.01390	0.05725	0.01109	0.01355	0.00868	0.00545	0.00532	0.00175	0.00642	0.00484	0.00347	0.00832
4	0.01677	0.17392	0.01771	0.01174	0.01573	0.01702	0.00977	0.24809	0.37812	0.02555	0.01723	0.01653	0.01303	0.00691	0.00536	0.00173	0.00540	0.00537	0.00511	0.00892
5	0.01159	0.02893	0.73827	0.01709	0.05540	0.01330	0.02099	0.01810	0.01212	0.01815	0.01030	0.01218	0.00733	0.00543	0.00545	0.00181	0.00839	0.00427	0.00244	0.00848
6	0.01474	0.04038	0.43135	0.01576	0.05907	0.16776	0.01638	0.05437	0.01386	0.06180	0.01227	0.06426	0.00993	0.00650	0.00552	0.00175	0.00805	0.00507	0.00318	0.00798
7	0.01224	0.09034	0.54676	0.01748	0.02506	0.01432	0.17845	0.01809	0.01236	0.01778	0.01037	0.01259	0.00758	0.00526	0.00558	0.00179	0.00852	0.00469	0.00253	0.00820
8	0.01013	0.00734	0.00896	0.00920	0.01046	0.00744	0.00671	0.15777	0.01434	0.01914	0.02784	0.58765	0.03180	0.01554	0.00702	0.00222	0.00406	0.06128	0.00539	0.00573
9	0.00768	0.00575	0.00822	0.00856	0.00918	0.00545	0.04894	0.00876	0.01075	0.01440	0.05196	0.56953	0.03318	0.17557	0.01168	0.00294	0.00413	0.01388	0.00483	0.00462
10	0.02075	0.01736	0.01662	0.01443	0.06652	0.17048	0.01091	0.48474	0.02264	0.05728	0.01314	0.01369	0.00964	0.00656	0.00552	0.00165	0.00691	0.00488	0.04745	0.00883
11	0.01058	0.00969	0.01438	0.16931	0.01820	0.01272	0.01122	0.01264	0.00947	0.01377	0.01094	0.01676	0.01005	0.02127	0.29541	0.00485	0.34473	0.00544	0.00272	0.00586
12	0.00713	0.00548	0.00652	0.00697	0.00813	0.00488	0.00496	0.00864	0.01283	0.01663	0.18979	0.35523	0.32156	0.01533	0.00698	0.00207	0.00303	0.01344	0.00551	0.00488
13	0.05746	0.01327	0.01835	0.06327	0.35297	0.06413	0.01371	0.01715	0.06130	0.01765	0.01275	0.01574	0.04090	0.00700	0.00867	0.00191	0.19374	0.00527	0.02711	0.00765
14	0.01377	0.04838	0.30378	0.01365	0.01826	0.01403	0.01415	0.10190	0.09404	0.05826	0.01361	0.05566	0.01104	0.00758	0.00820	0.00194	0.16539	0.00546	0.04300	0.00790
15	0.02002	0.02169	0.01519	0.01328	0.01646	0.48293	0.01021	0.18995	0.05738	0.02039	0.01173	0.01280	0.00918	0.00630	0.00521	0.00154	0.00832	0.00434	0.08571	0.00736
16	0.00941	0.00739	0.00996	0.00970	0.01117	0.00859	0.00754	0.01432	0.16026	0.01545	0.01695	0.02225	0.01495	0.03576	0.61970	0.00772	0.01313	0.00620	0.00363	0.00591
17	0.01520	0.10961	0.10085	0.01945	0.02514	0.01598	0.43796	0.16560	0.01587	0.02134	0.01147	0.01404	0.00861	0.00531	0.00606	0.00179	0.00844	0.00575	0.00337	0.00816
18	0.01362	0.01685	0.17476	0.03129	0.61318	0.01353	0.01828	0.01768	0.01284	0.01858	0.01067	0.01375	0.00870	0.00517	0.00562	0.00172	0.00714	0.00492	0.00275	0.00894
19	0.01496	0.01447	0.16586	0.01169	0.01589	0.01182	0.01081	0.02473	0.36991	0.15764	0.08202	0.02171	0.01801	0.04612	0.00695	0.00205	0.00529	0.00630	0.00529	0.00848
20	0.01085	0.01115	0.16308	0.00963	0.01275	0.00741	0.00919	0.01425	0.01506	0.10648	0.45875	0.05229	0.03817	0.01031	0.00646	0.00187	0.00430	0.05598	0.00551	0.00649
21	0.02116	0.03511	0.10425	0.01171	0.01614	0.16555	0.01036	0.05604	0.03260	0.40680	0.01994	0.01865	0.06150	0.00710	0.00561	0.00172	0.00636	0.00550	0.00537	0.00855
22	0.01596	0.07367	0.23423	0.01360	0.01842	0.20925	0.01313	0.03779	0.22871	0.05789	0.01474	0.01584	0.01130	0.00657	0.00544	0.00174	0.00733	0.02237	0.00393	0.00811

[dist]
# distance from previous block
# <min> <max>
2	3

[block]
# block no. 6 follows, 41 sequences, length 20
# corresponding to MSA columns:
# 720-739
name=unknown_G
#
# <colnr> <probs for GDERKNQSTAVLIFYWHMCP>
#	G	D	E	R	K	N	Q	S	T	A	V	L	I	F	Y	W	H	M	C	P
0	0.01492	0.01201	0.01282	0.02607	0.02441	0.06697	0.00901	0.28957	0.08489	0.02573	0.18866	0.09042	0.02538	0.00990	0.00631	0.00190	0.00527	0.09286	0.00547	0.00743
1	0.00923	0.00914	0.06955	0.01086	0.01302	0.00762	0.10178	0.04900	0.03490	0.01762	0.10052	0.45320	0.07323	0.01358	0.00687	0.00212	0.00463	0.01241	0.00491	0.00581
2	0.01036	0.00811	0.01038	0.06900	0.01284	0.01915	0.00767	0.09094	0.01206	0.01673	0.01896	0.24949	0.01995	0.09590	0.18511	0.00399	0.07254	0.00885	0.04096	0.04701
3	0.01811	0.01379	0.05804	0.01211	0.01617	0.01397	0.01024	0.25836	0.31854	0.14884	0.01968	0.02020	0.01461	0.00763	0.00586	0.00187	0.00542	0.04164	0.00577	0.00916
4	0.15326	0.00934	0.01288	0.01064	0.01313	0.00993	0.13766	0.06576	0.01235	0.02084	0.01489	0.07632	0.01279	0.00799	0.00692	0.04998	0.06157	0.00599	0.31170	0.00606
5	0.01929	0.00915	0.01299	0.01256	0.10929	0.00824	0.00875	0.02179	0.01589	0.46355	0.22656	0.02526	0.02459	0.00811	0.00602	0.00177	0.00451	0.00695	0.00631	0.00844
6	0.01203	0.01251	0.02447	0.22730	0.02828	0.01308	0.39441	0.01568	0.01191	0.01604	0.01171	0.01799	0.00986	0.10769	0.01027	0.00243	0.06845	0.00637	0.00284	0.00669
7	0.01881	0.11680	0.02154	0.01560	0.01956	0.33704	0.15180	0.17983	0.01716	0.01961	0.01028	0.01201	0.00814	0.00596	0.00600	0.00163	0.04260	0.00458	0.00347	0.00759
8	0.01082	0.00806	0.00998	0.01028	0.01201	0.00841	0.00836	0.10728	0.10102	0.01971	0.02823	0.23002	0.04485	0.01420	0.00721	0.00234	0.00479	0.36093	0.00540	0.00612
9	0.00923	0.00709	0.00806	0.00760	0.00953	0.00673	0.00584	0.10388	0.01556	0.02030	0.25333	0.11398	0.35300	0.01307	0.00673	0.00194	0.00344	0.04939	0.00565	0.00563
10	0.01839	0.01288	0.01473	0.11126	0.01840	0.04449	0.01024	0.37926	0.01995	0.13758	0.01686	0.07927	0.01400	0.05063	0.00720	0.00204	0.00609	0.04331	0.00522	0.00821
11	0.01782	0.01247	0.01333	0.01137	0.01491	0.05147	0.00899	0.09828	0.42709	0.20666	0.05831	0.02065	0.01721	0.00761	0.00581	0.00185	0.00499	0.00622	0.00600	0.00898
12	0.00799	0.00886	0.10485	0.00773	0.01016	0.00618	0.00688	0.01052	0.01391	0.01854	0.33014	0.04359	0.33935	0.05686	0.00786	0.00207	0.00368	0.01016	0.00523	0.00544
13	0.01448	0.01438	0.02236	0.07714	0.66731	0.06876	0.01699	0.01777	0.01316	0.01811	0.01059	0.01394	0.00885	0.00519	0.00563	0.00169	0.00710	0.00499	0.00282	0.00873
14	0.02619	0.01004	0.01313	0.05301	0.11083	0.01011	0.00960	0.11070	0.08581	0.19834	0.08372	0.03049	0.12479	0.00929	0.00621	0.00191	0.00500	0.09766	0.00542	0.00775
15	0.11524	0.00623	0.00653	0.00648	0.00695	0.00644	0.00390	0.00940	0.00861	0.01312	0.01731	0.06674	0.01966	0.66288	0.02487	0.00492	0.00530	0.00799	0.00356	0.00387
16	0.00810	0.00635	0.00942	0.00967	0.01048	0.00629	0.05941	0.00952	0.01111	0.01488	0.02773	0.54889	0.03232	0.07637	0.00957	0.00259	0.04187	0.10563	0.00485	0.00493
17	0.05791	0.01167	0.01818	0.02557	0.48893	0.01180	0.01361	0.01755	0.07534	0.05654	0.05088	0.11668	0.01573	0.00740	0.00583	0.00181	0.00574	0.00683	0.00382	0.00820
18	0.01971	0.01319	0.01478	0.01195	0.01585	0.01418	0.00973	0.43890	0.11813	0.15541	0.01861	0.07492	0.01472	0.00828	0.00597	0.00185	0.00555	0.04333	0.00591	0.00904
19	0.07771	0.01711	0.12902	0.10735	0.39219	0.10681	0.05360	0.01795	0.01288	0.01811	0.01022	0.01319	0.00820	0.00531	0.00547	0.00173	0.00752	0.00473	0.00281	0.00810

[dist]
# distance from previous block
# <min> <max>
7	16

[block]
# block no. 7 follows, 41 sequences, length 15
# corresponding to MSA columns:
# 758-772
name=unknown_H
#
# <colnr> <probs for GDERKNQSTAVLIFYWHMCP>
#	G	D	E	R	K	N	Q	S	T	A	V	L	I	F	Y	W	H	M	C	P
0	0.01280	0.01173	0.01920	0.04044	0.03781	0.01252	0.23236	0.13704	0.03165	0.01944	0.01701	0.22160	0.01695	0.03422	0.00915	0.00219	0.12428	0.00868	0.00402	0.00691
1	0.00778	0.00569	0.00732	0.00734	0.00853	0.00523	0.00541	0.01001	0.01471	0.02031	0.51813	0.19788	0.11807	0.01338	0.00690	0.00195	0.00294	0.03727	0.00596	0.00518
2	0.01398	0.01544	0.07271	0.09155	0.45610	0.05591	0.15869	0.01806	0.02830	0.01809	0.01099	0.01429	0.00883	0.00521	0.00584	0.00176	0.00768	0.00531	0.00286	0.00840
3	0.01967	0.04697	0.04272	0.01660	0.09712	0.18589	0.10218	0.21979	0.04403	0.14843	0.01355	0.01423	0.00985	0.00616	0.00564	0.00169	0.00743	0.00505	0.00445	0.00856
4	0.01509	0.05140	0.01575	0.02755	0.01522	0.22634	0.01052	0.08705	0.01405	0.01753	0.13564	0.01733	0.01573	0.00958	0.03502	0.00217	0.28837	0.00550	0.00360	0.00657
5	0.00738	0.00519	0.00666	0.00751	0.00788	0.00492	0.00492	0.00834	0.01093	0.01472	0.10525	0.55216	0.03584	0.18624	0.01196	0.00296	0.00374	0.01392	0.00501	0.00447
6	0.00822	0.00684	0.01137	0.01085	0.01217	0.00643	0.12978	0.00996	0.01152	0.01539	0.02808	0.61632	0.03260	0.01558	0.00725	0.00228	0.00451	0.06075	0.00490	0.00520
7	0.01416	0.01359	0.02322	0.03511	0.76330	0.01359	0.01755	0.01755	0.01302	0.01869	0.01076	0.01416	0.00906	0.00510	0.00566	0.00170	0.00680	0.00510	0.00283	0.00906
8	0.01429	0.01174	0.01266	0.01111	0.01422	0.01325	0.00870	0.13080	0.52334	0.02552	0.14607	0.02384	0.02249	0.00829	0.00596	0.00188	0.00448	0.00693	0.00589	0.00854
9	0.07250	0.01395	0.01464	0.01171	0.01566	0.01552	0.00954	0.49977	0.14655	0.03178	0.01548	0.01552	0.01132	0.00689	0.00542	0.00172	0.00549	0.00526	0.09236	0.00892
10	0.01409	0.01378	0.02432	0.03395	0.68617	0.01368	0.09380	0.01764	0.01307	0.01865	0.01084	0.01429	0.00902	0.00507	0.00578	0.00172	0.00709	0.00527	0.00284	0.00892
11	0.07579	0.01248	0.01363	0.01130	0.01473	0.01361	0.00903	0.42432	0.07631	0.07230	0.01808	0.16628	0.01596	0.01043	0.03679	0.00216	0.00573	0.00733	0.00547	0.00826
12	0.00693	0.00538	0.00623	0.00688	0.00794	0.00477	0.00478	0.00809	0.01180	0.01484	0.04317	0.41751	0.37253	0.05174	0.00804	0.00229	0.00322	0.01396	0.00523	0.00468
13	0.01137	0.01074	0.01818	0.65884	0.16137	0.01286	0.01617	0.01511	0.01170	0.01530	0.01027	0.01507	0.00787	0.00561	0.00571	0.00187	0.00749	0.00509	0.00259	0.00681
14	0.01291	0.01741	0.15664	0.02217	0.02819	0.01389	0.59248	0.01789	0.01316	0.01814	0.01212	0.04501	0.00956	0.00543	0.00655	0.00192	0.00920	0.00669	0.00291	0.00772

[dist]
# distance from previous block
# <min> <max>
6	9

[block]
# block no. 8 follows, 41 sequences, length 12
# corresponding to MSA columns:
# 782-793
name=unknown_I
#
# <colnr> <probs for GDERKNQSTAVLIFYWHMCP>
#	G	D	E	R	K	N	Q	S	T	A	V	L	I	F	Y	W	H	M	C	P
0	0.01341	0.12843	0.44647	0.02017	0.20594	0.05186	0.01831	0.01825	0.01263	0.01769	0.01030	0.01252	0.00799	0.00549	0.00536	0.00174	0.00790	0.00435	0.00265	0.00851
1	0.04321	0.22458	0.05203	0.00993	0.01384	0.05690	0.00878	0.11970	0.03487	0.12087	0.02590	0.02526	0.22435	0.00858	0.00548	0.00170	0.00539	0.00658	0.00461	0.00745
2	0.01268	0.01249	0.05090	0.02822	0.55738	0.01169	0.01500	0.01558	0.01269	0.01799	0.01575	0.19209	0.01580	0.00822	0.00615	0.00190	0.00616	0.00769	0.00348	0.00817
3	0.00851	0.00623	0.00802	0.00801	0.00943	0.00578	0.00628	0.01097	0.01532	0.02103	0.51473	0.04928	0.12615	0.01309	0.00713	0.00206	0.00341	0.17307	0.00604	0.00546
4	0.04238	0.01086	0.01782	0.65111	0.13669	0.01298	0.01583	0.01529	0.01177	0.01585	0.01045	0.01526	0.00804	0.00581	0.00575	0.00192	0.00748	0.00510	0.00272	0.00686
5	0.01176	0.02970	0.76607	0.01646	0.02491	0.01343	0.02119	0.01829	0.01225	0.01837	0.01055	0.01247	0.00752	0.00563	0.00556	0.00186	0.00853	0.00432	0.00252	0.00859
6	0.01082	0.00647	0.00700	0.00623	0.00840	0.00594	0.00478	0.01343	0.01183	0.02033	0.01657	0.01923	0.01324	0.00782	0.04050	0.00159	0.00362	0.00493	0.60353	0.19376
7	0.01518	0.01501	0.02796	0.08678	0.07061	0.01501	0.47236	0.18304	0.01634	0.02206	0.01190	0.01495	0.00885	0.00538	0.00637	0.00187	0.00854	0.00615	0.00350	0.00814
8	0.00799	0.01057	0.18008	0.00986	0.01204	0.00661	0.00891	0.01027	0.01121	0.01540	0.02669	0.61715	0.03088	0.01508	0.00688	0.00221	0.00449	0.01352	0.00465	0.00551
9	0.01253	0.01342	0.02817	0.02102	0.02579	0.01267	0.57576	0.01685	0.01342	0.01805	0.01583	0.02659	0.01419	0.00732	0.00701	0.00209	0.00865	0.17004	0.00343	0.00716
10	0.01012	0.00630	0.00784	0.00718	0.00904	0.00564	0.00548	0.01247	0.01532	0.11508	0.47657	0.04170	0.20809	0.01154	0.00651	0.00181	0.00302	0.00995	0.04055	0.00581
11	0.00814	0.00555	0.00665	0.00689	0.00713	0.00552	0.00430	0.00866	0.00945	0.01270	0.06313	0.15499	0.02563	0.56369	0.05498	0.00485	0.00544	0.04443	0.00398	0.00391

[dist]
# distance from previous block
# <min> <max>
0	1

[block]
# block no. 9 follows, 41 sequences, length 8
# corresponding to MSA columns:
# 795-802
name=unknown_J
#
# <colnr> <probs for GDERKNQSTAVLIFYWHMCP>
#	G	D	E	R	K	N	Q	S	T	A	V	L	I	F	Y	W	H	M	C	P
0	0.00693	0.00515	0.00646	0.00752	0.00818	0.00468	0.00511	0.00801	0.01138	0.01478	0.03697	0.64280	0.18677	0.01721	0.00719	0.00224	0.00323	0.01540	0.00531	0.00468
1	0.01132	0.01088	0.01727	0.55244	0.03203	0.01416	0.01487	0.01436	0.01063	0.01436	0.00936	0.01442	0.00759	0.00702	0.00966	0.00209	0.24364	0.00506	0.00253	0.00632
2	0.00697	0.00498	0.00664	0.00796	0.00830	0.00465	0.00531	0.00796	0.01095	0.01460	0.03153	0.79525	0.03783	0.01792	0.00730	0.00232	0.00332	0.01626	0.00531	0.00465
3	0.01082	0.02464	0.61218	0.01423	0.02094	0.01169	0.01749	0.01610	0.01130	0.01667	0.01186	0.01730	0.01004	0.16887	0.01031	0.00258	0.00785	0.00507	0.00263	0.00743
4	0.00785	0.00565	0.00760	0.00875	0.00957	0.00541	0.00669	0.00958	0.01221	0.01613	0.08320	0.44767	0.06759	0.01657	0.00746	0.00238	0.00396	0.27144	0.00536	0.00493
5	0.00973	0.00527	0.00567	0.00594	0.00697	0.00521	0.00423	0.01186	0.01151	0.01919	0.02126	0.18190	0.01988	0.06717	0.00652	0.00185	0.00301	0.00780	0.59998	0.00505
6	0.01095	0.00970	0.03690	0.14915	0.23964	0.00942	0.03302	0.01354	0.01221	0.04918	0.05040	0.31903	0.02201	0.01054	0.00638	0.00199	0.00546	0.00970	0.00406	0.00671
7	0.01529	0.01473	0.02674	0.05473	0.02564	0.01471	0.46095	0.22035	0.01700	0.02288	0.01330	0.06158	0.01067	0.00622	0.00645	0.00189	0.00824	0.00680	0.00381	0.00803

[dist]
# distance from previous block
# <min> <max>
16	26

[block]
# block no. 10 follows, 41 sequences, length 14
# corresponding to MSA columns:
# 829-842
name=unknown_K
#
# <colnr> <probs for GDERKNQSTAVLIFYWHMCP>
#	G	D	E	R	K	N	Q	S	T	A	V	L	I	F	Y	W	H	M	C	P
0	0.01576	0.01136	0.01442	0.01495	0.15470	0.01140	0.00992	0.02376	0.30764	0.17043	0.02018	0.01958	0.04814	0.00684	0.00555	0.00168	0.00490	0.00581	0.00508	0.14790
1	0.04297	0.32114	0.25138	0.01184	0.01766	0.06881	0.01267	0.01776	0.01223	0.04417	0.00964	0.01098	0.00772	0.00511	0.00448	0.00140	0.00670	0.00362	0.00284	0.14688
2	0.16445	0.01064	0.13601	0.00989	0.01242	0.00809	0.00906	0.01225	0.01143	0.01786	0.02323	0.34418	0.02559	0.01295	0.00642	0.00221	0.00485	0.17826	0.00448	0.00572
3	0.00915	0.15467	0.01080	0.00786	0.00922	0.00814	0.00593	0.01059	0.01125	0.01552	0.02494	0.51742	0.02821	0.01358	0.00606	0.00195	0.00373	0.01194	0.14377	0.00527
4	0.00963	0.00847	0.01358	0.50837	0.02836	0.00996	0.01213	0.01272	0.01215	0.01601	0.14049	0.16624	0.02110	0.00901	0.00619	0.00197	0.00599	0.00807	0.00369	0.00587
5	0.00902	0.00628	0.00754	0.00802	0.00961	0.00598	0.00656	0.01162	0.03541	0.03066	0.05098	0.07972	0.25964	0.01345	0.00674	0.00213	0.00393	0.30305	0.14436	0.00531
6	0.00848	0.00688	0.00886	0.00832	0.00946	0.00726	0.00639	0.01053	0.01384	0.01918	0.43063	0.11257	0.17804	0.01254	0.00883	0.00199	0.13512	0.01034	0.00538	0.00536
7	0.01576	0.01111	0.01186	0.00995	0.01287	0.01233	0.00797	0.30394	0.15677	0.02732	0.01718	0.01802	0.01298	0.00707	0.00557	0.00164	0.03358	0.00546	0.32084	0.00779
8	0.01041	0.00616	0.00850	0.06124	0.01148	0.00585	0.00655	0.01185	0.01205	0.14160	0.05040	0.58895	0.03227	0.01508	0.00692	0.00219	0.00385	0.01355	0.00545	0.00564
9	0.01447	0.16372	0.14380	0.01218	0.01670	0.01588	0.01135	0.07444	0.43966	0.02181	0.01756	0.01698	0.01331	0.00677	0.00535	0.00177	0.00561	0.00536	0.00461	0.00868
10	0.01107	0.01773	0.31893	0.17066	0.18164	0.01161	0.01637	0.01540	0.01194	0.01689	0.01434	0.16010	0.01345	0.00776	0.00589	0.00190	0.00697	0.00684	0.00307	0.00745
11	0.01508	0.65441	0.02871	0.01454	0.15515	0.02094	0.01124	0.01721	0.01189	0.01444	0.00848	0.01011	0.00766	0.00493	0.00404	0.00131	0.00624	0.00344	0.00252	0.00766
12	0.01827	0.16160	0.01789	0.01116	0.01581	0.01547	0.00946	0.37974	0.01960	0.07724	0.01283	0.02969	0.00991	0.00616	0.00504	0.00145	0.00564	0.00464	0.00467	0.19372
13	0.04388	0.00985	0.03043	0.00980	0.01387	0.00841	0.00819	0.04352	0.01614	0.56275	0.13221	0.02201	0.01939	0.00755	0.00576	0.00173	0.00462	0.00621	0.00655	0.04712

[dist]
# distance from previous block
# <min> <max>
6	28

[block]
# block no. 11 follows, 41 sequences, length 15
# corresponding to MSA columns:
# 872-886
name=unknown_L
#
# <colnr> <probs for GDERKNQSTAVLIFYWHMCP>
#	G	D	E	R	K	N	Q	S	T	A	V	L	I	F	Y	W	H	M	C	P
0	0.01242	0.28762	0.39524	0.01304	0.01910	0.01548	0.03873	0.01651	0.01148	0.01563	0.01054	0.01451	0.00909	0.10878	0.00797	0.00210	0.00732	0.00445	0.00258	0.00740
1	0.03035	0.04831	0.55762	0.11758	0.06272	0.01355	0.05638	0.01758	0.01205	0.01773	0.01022	0.01261	0.00744	0.00540	0.00545	0.00181	0.00816	0.00445	0.00250	0.00809
2	0.01073	0.00737	0.00833	0.00762	0.00996	0.00694	0.00587	0.01493	0.13372	0.11657	0.20139	0.04226	0.38871	0.01182	0.00647	0.00188	0.00337	0.00996	0.00584	0.00628
3	0.00719	0.00507	0.00657	0.00769	0.00796	0.00479	0.00501	0.00802	0.01053	0.01403	0.02934	0.67280	0.03508	0.14412	0.01083	0.00284	0.00368	0.01498	0.00501	0.00446
4	0.11709	0.01516	0.20821	0.11613	0.05654	0.01060	0.01213	0.01601	0.01208	0.04161	0.06250	0.01454	0.01112	0.00553	0.00495	0.00149	0.00584	0.00444	0.00333	0.28073
5	0.11236	0.00604	0.00700	0.00743	0.00839	0.00598	0.00518	0.00964	0.01131	0.01675	0.14526	0.37217	0.08303	0.11707	0.01032	0.04495	0.00374	0.02379	0.00486	0.00472
6	0.11898	0.00826	0.00981	0.00905	0.01086	0.00931	0.00700	0.12959	0.01216	0.01871	0.01461	0.02117	0.01334	0.12557	0.41745	0.00616	0.01056	0.00581	0.04581	0.00580
7	0.00729	0.00576	0.00662	0.00704	0.00839	0.00518	0.00512	0.00921	0.03551	0.01622	0.11467	0.30379	0.39553	0.01522	0.00696	0.00208	0.00317	0.04189	0.00542	0.00497
8	0.04975	0.29166	0.01930	0.01122	0.01512	0.16963	0.00944	0.02256	0.26346	0.01797	0.01347	0.01371	0.01080	0.00604	0.00473	0.00151	0.00622	0.00436	0.00380	0.06524
9	0.15403	0.01418	0.01500	0.01171	0.01599	0.01548	0.00963	0.51893	0.02235	0.12589	0.01402	0.01430	0.00998	0.02550	0.00593	0.00182	0.00579	0.00497	0.00549	0.00901
10	0.14392	0.00717	0.00742	0.00682	0.00926	0.00666	0.00530	0.01248	0.01332	0.11611	0.13028	0.04152	0.45597	0.01170	0.00611	0.00187	0.00338	0.00959	0.00538	0.00576
11	0.01467	0.01318	0.01280	0.01002	0.01447	0.13269	0.00788	0.01879	0.10959	0.07066	0.01253	0.01338	0.00986	0.00516	0.00470	0.00116	0.00530	0.00400	0.00389	0.53529
12	0.05373	0.01364	0.05600	0.22062	0.30820	0.01405	0.01483	0.13549	0.08899	0.02127	0.01219	0.01476	0.00941	0.00584	0.00559	0.00179	0.00667	0.00510	0.00354	0.00830
13	0.01154	0.00956	0.01057	0.00966	0.01214	0.01046	0.00743	0.02193	0.44173	0.02296	0.28322	0.03127	0.08437	0.00962	0.00621	0.00189	0.00377	0.00823	0.00595	0.00747
14	0.00831	0.00627	0.00756	0.00823	0.00906	0.00632	0.00563	0.01165	0.13060	0.01569	0.02969	0.53603	0.06679	0.11804	0.00988	0.00266	0.00378	0.01344	0.00515	0.00521

[dist]
# distance from previous block
# <min> <max>
0	7

[block]
# block no. 12 follows, 41 sequences, length 20
# corresponding to MSA columns:
# 894-913
name=unknown_M
#
# <colnr> <probs for GDERKNQSTAVLIFYWHMCP>
#	G	D	E	R	K	N	Q	S	T	A	V	L	I	F	Y	W	H	M	C	P
0	0.54120	0.01109	0.01011	0.00878	0.01240	0.01239	0.00713	0.02134	0.15927	0.14687	0.01342	0.01337	0.00975	0.00609	0.00436	0.00180	0.00452	0.00421	0.00458	0.00735
1	0.01620	0.15306	0.18051	0.01859	0.16807	0.21343	0.05430	0.04611	0.02546	0.03917	0.01030	0.01216	0.00819	0.00561	0.00552	0.00162	0.02646	0.00433	0.00298	0.00792
2	0.00728	0.00529	0.00687	0.00758	0.00833	0.00488	0.00527	0.00881	0.01263	0.01709	0.24585	0.52249	0.09472	0.01586	0.00710	0.00214	0.00311	0.01423	0.00560	0.00488
3	0.00849	0.00695	0.00967	0.00933	0.01039	0.00813	0.00734	0.01031	0.00990	0.01378	0.02275	0.02759	0.16249	0.03264	0.51703	0.00681	0.12060	0.00716	0.00343	0.00521
4	0.01354	0.11614	0.01625	0.01227	0.01388	0.17640	0.01002	0.01527	0.01223	0.01557	0.15880	0.01841	0.01725	0.01132	0.06931	0.00249	0.30562	0.00562	0.00339	0.00622
5	0.01955	0.01339	0.01470	0.01159	0.01546	0.03242	0.00944	0.48035	0.02303	0.13480	0.16395	0.02024	0.01912	0.00784	0.00592	0.00173	0.00547	0.00624	0.00596	0.00879
6	0.00697	0.00516	0.00646	0.00748	0.00812	0.00471	0.00506	0.00802	0.01129	0.01466	0.03638	0.62378	0.18173	0.04159	0.00787	0.00235	0.00330	0.01518	0.00525	0.00465
7	0.56138	0.01067	0.01060	0.11644	0.01572	0.01193	0.00799	0.01872	0.01130	0.17224	0.01119	0.01215	0.00798	0.00572	0.00429	0.00179	0.00496	0.00390	0.00411	0.00692
8	0.01350	0.00874	0.01063	0.00946	0.01109	0.00954	0.00700	0.01759	0.16620	0.16547	0.02017	0.06870	0.03400	0.30544	0.01645	0.00336	0.11414	0.00747	0.00469	0.00637
9	0.01657	0.01101	0.05157	0.01396	0.04185	0.00942	0.18409	0.01975	0.01503	0.30776	0.17646	0.03977	0.02249	0.00815	0.00635	0.00188	0.00577	0.05482	0.00541	0.00786
10	0.00724	0.00562	0.00621	0.00638	0.00761	0.00500	0.00444	0.00846	0.01208	0.01521	0.11778	0.17159	0.42200	0.17145	0.01131	0.00270	0.00347	0.01183	0.00504	0.00458
11	0.01128	0.00967	0.01255	0.16390	0.01848	0.00850	0.00894	0.01409	0.01196	0.01762	0.01297	0.01988	0.01171	0.00614	0.00504	0.00131	0.00506	0.10427	0.00348	0.55316
12	0.01488	0.04353	0.14382	0.01991	0.02587	0.01347	0.47736	0.01944	0.01356	0.12252	0.01273	0.01513	0.00917	0.00521	0.00621	0.00183	0.00848	0.00597	0.00340	0.03750
13	0.12964	0.01181	0.01834	0.17660	0.37279	0.01236	0.03192	0.01786	0.01280	0.11061	0.04285	0.01557	0.01085	0.00576	0.00546	0.00177	0.00629	0.00515	0.00354	0.00802
14	0.17354	0.00642	0.00735	0.00823	0.00934	0.00655	0.00603	0.01027	0.01102	0.01716	0.02665	0.53643	0.03083	0.01511	0.00663	0.00226	0.00381	0.11238	0.00495	0.00504
15	0.13217	0.00835	0.01034	0.00871	0.01174	0.00780	0.00692	0.01949	0.01500	0.37425	0.25405	0.08177	0.02734	0.00908	0.00587	0.00182	0.00401	0.00760	0.00621	0.00750
16	0.39499	0.02675	0.00991	0.00822	0.01117	0.01062	0.00643	0.06629	0.01218	0.16752	0.03695	0.03788	0.01319	0.16478	0.00942	0.00252	0.00482	0.00535	0.00447	0.00654
17	0.01048	0.00738	0.00908	0.00807	0.00998	0.00719	0.00622	0.11344	0.01759	0.04652	0.61284	0.03838	0.06838	0.01097	0.00657	0.00179	0.00327	0.00954	0.00621	0.00611
18	0.00719	0.00515	0.00684	0.00781	0.00835	0.00480	0.00533	0.00853	0.01200	0.01627	0.17708	0.64495	0.04105	0.01668	0.00719	0.00222	0.00319	0.01508	0.00551	0.00480
19	0.01186	0.01017	0.01186	0.00847	0.01356	0.00762	0.00678	0.01440	0.01186	0.01864	0.01017	0.01186	0.00847	0.00424	0.00424	0.00085	0.00424	0.00339	0.00339	0.83395

[dist]
# distance from previous block
# <min> <max>
0	3

[block]
# block no. 13 follows, 41 sequences, length 13
# corresponding to MSA columns:
# 917-929
name=unknown_N
#
# <colnr> <probs for GDERKNQSTAVLIFYWHMCP>
#	G	D	E	R	K	N	Q	S	T	A	V	L	I	F	Y	W	H	M	C	P
0	0.00876	0.00561	0.00655	0.00655	0.00710	0.00576	0.00428	0.00978	0.00947	0.01394	0.01909	0.03173	0.04446	0.45662	0.15740	0.00513	0.00657	0.00738	0.18956	0.00423
1	0.01571	0.01173	0.01271	0.01057	0.01378	0.01247	0.00840	0.44590	0.02090	0.02755	0.02689	0.16394	0.18380	0.01057	0.00624	0.00187	0.00499	0.00871	0.00556	0.00771
2	0.01763	0.62410	0.02622	0.00987	0.01466	0.01943	0.00948	0.01955	0.01269	0.18303	0.01124	0.01149	0.00887	0.00539	0.00414	0.00135	0.00584	0.00366	0.00349	0.00788
3	0.01368	0.50699	0.13552	0.00976	0.01439	0.01734	0.01019	0.01642	0.01177	0.01593	0.01071	0.01234	0.00897	0.00537	0.00401	0.00134	0.00569	0.00375	0.18877	0.00706
4	0.01656	0.01180	0.01362	0.01124	0.01419	0.01305	0.00897	0.44626	0.01941	0.02622	0.01341	0.01636	0.01079	0.01732	0.18207	0.15339	0.00809	0.00534	0.00454	0.00738
5	0.04341	0.00595	0.00797	0.00868	0.00959	0.00589	0.00675	0.01001	0.01157	0.01589	0.10424	0.21180	0.04528	0.01628	0.01069	0.18935	0.00440	0.28301	0.00469	0.00455
6	0.01790	0.01054	0.01220	0.01019	0.01377	0.01072	0.00815	0.09742	0.27175	0.30074	0.02830	0.02595	0.14951	0.00863	0.00595	0.00185	0.00454	0.00708	0.00619	0.00861
7	0.01275	0.01219	0.02360	0.02347	0.26487	0.01177	0.31669	0.01540	0.01206	0.01669	0.03330	0.01627	0.01044	0.00850	0.00990	0.18894	0.00745	0.00591	0.00288	0.00691
8	0.01533	0.15945	0.33147	0.01299	0.01891	0.01428	0.01410	0.02246	0.17944	0.15367	0.01500	0.01498	0.01081	0.00616	0.00526	0.00173	0.00651	0.00480	0.00403	0.00862
9	0.05637	0.02016	0.01642	0.01353	0.01743	0.31111	0.01074	0.43400	0.02203	0.02707	0.01159	0.01222	0.00866	0.00642	0.00541	0.00162	0.00777	0.00449	0.00455	0.00838
10	0.02593	0.01169	0.04581	0.05891	0.20880	0.04153	0.01103	0.14510	0.01527	0.02063	0.07957	0.19630	0.07430	0.00991	0.00621	0.00190	0.00549	0.03005	0.00442	0.00716
11	0.20302	0.01291	0.01330	0.01096	0.01453	0.01427	0.00882	0.44783	0.02016	0.02985	0.01564	0.15365	0.01400	0.00851	0.00552	0.00184	0.00534	0.00669	0.00516	0.00802
12	0.01198	0.01019	0.01171	0.00894	0.01338	0.00863	0.00707	0.01699	0.14585	0.01995	0.07461	0.01612	0.01386	0.00549	0.00473	0.00112	0.00416	0.00452	0.00407	0.61664

[dist]
# distance from previous block
# <min> <max>
15	22

[block]
# block no. 14 follows, 41 sequences, length 13
# corresponding to MSA columns:
# 953-965
name=unknown_O
#
# <colnr> <probs for GDERKNQSTAVLIFYWHMCP>
#	G	D	E	R	K	N	Q	S	T	A	V	L	I	F	Y	W	H	M	C	P
0	0.11482	0.34304	0.04169	0.16076	0.01916	0.03156	0.01024	0.01616	0.01151	0.01643	0.00894	0.01106	0.00750	0.00500	0.00426	0.00136	0.00595	0.00358	0.00281	0.18417
1	0.08785	0.01449	0.09085	0.11242	0.02562	0.01289	0.36405	0.01947	0.01324	0.16446	0.01302	0.01529	0.00924	0.00559	0.00631	0.00188	0.02605	0.00576	0.00367	0.00784
2	0.17111	0.17706	0.01198	0.00827	0.01020	0.01010	0.00644	0.01165	0.01086	0.01651	0.02188	0.47350	0.02513	0.01267	0.00579	0.00198	0.00413	0.01086	0.00435	0.00553
3	0.01170	0.02287	0.47648	0.16743	0.02799	0.01354	0.13153	0.01728	0.01203	0.01728	0.01033	0.01323	0.00755	0.00559	0.00626	0.00188	0.04185	0.00482	0.00252	0.00784
4	0.01745	0.21103	0.28043	0.01279	0.01876	0.01539	0.01364	0.16159	0.01578	0.18102	0.01301	0.01328	0.00923	0.00593	0.00513	0.00164	0.00669	0.00445	0.00407	0.00871
5	0.00852	0.00654	0.00799	0.00875	0.00971	0.00670	0.00611	0.01277	0.16997	0.01660	0.02976	0.62940	0.03347	0.01574	0.00698	0.00224	0.00358	0.01416	0.00542	0.00559
6	0.01240	0.16542	0.02095	0.47324	0.18971	0.01483	0.01505	0.01573	0.01181	0.01526	0.00986	0.01383	0.00788	0.00542	0.00531	0.00173	0.00715	0.00469	0.00259	0.00713
7	0.01462	0.01383	0.01459	0.01579	0.16007	0.13718	0.01033	0.08911	0.24652	0.02203	0.17623	0.02269	0.03658	0.00783	0.00589	0.00177	0.00566	0.00657	0.00485	0.00785
8	0.00971	0.00869	0.01417	0.56431	0.03056	0.01042	0.01288	0.01272	0.01130	0.01461	0.01624	0.23695	0.01621	0.00919	0.00617	0.00202	0.00640	0.00826	0.00333	0.00587
9	0.01561	0.01184	0.01251	0.01015	0.01364	0.01245	0.00820	0.44295	0.02122	0.02762	0.03183	0.03064	0.31724	0.00999	0.00615	0.00180	0.00490	0.00798	0.00555	0.00772
10	0.05892	0.01224	0.01820	0.01362	0.01833	0.01172	0.16611	0.16505	0.01751	0.43077	0.01783	0.01703	0.01176	0.00647	0.00586	0.00179	0.00615	0.00573	0.00576	0.00914
11	0.05731	0.01324	0.02031	0.03646	0.27778	0.07903	0.17834	0.01703	0.06387	0.01714	0.01133	0.01501	0.00940	0.00819	0.00902	0.16401	0.00713	0.00531	0.00303	0.00706
12	0.01565	0.01230	0.01775	0.02204	0.36464	0.06414	0.05082	0.01835	0.01399	0.17813	0.02240	0.02307	0.15667	0.00739	0.00592	0.00176	0.00602	0.00659	0.00424	0.00814

[dist]
# distance from previous block
# <min> <max>
0	9

[block]
# block no. 15 follows, 41 sequences, length 26
# corresponding to MSA columns:
# 975-1000
name=unknown_P
#
# <colnr> <probs for GDERKNQSTAVLIFYWHMCP>
#	G	D	E	R	K	N	Q	S	T	A	V	L	I	F	Y	W	H	M	C	P
