[name]
unknown

[dist]
# distance from previous block
# <min> <max>
0	191

[block]
# block no. 0 follows, 41 sequences, length 10
# corresponding to MSA columns:
# 192-201
name=unknown_A
#
# <colnr> <probs for GDERKNQSTAVLIFYWHMCP>
#	G	D	E	R	K	N	Q	S	T	A	V	L	I	F	Y	W	H	M	C	P
0	0.83938	0.01106	0.00841	0.00752	0.01106	0.01283	0.00619	0.01681	0.00973	0.02566	0.00796	0.00929	0.00619	0.00531	0.00354	0.00177	0.00442	0.00310	0.00354	0.00619
1	0.01529	0.80242	0.02997	0.00979	0.01468	0.02263	0.00979	0.01713	0.01162	0.01346	0.00795	0.00918	0.00734	0.00489	0.00367	0.00122	0.00612	0.00306	0.00245	0.00734
2	0.01257	0.01284	0.02007	0.06098	0.01879	0.01676	0.12848	0.01454	0.00967	0.01454	0.00831	0.01313	0.00770	0.00894	0.01611	0.00238	0.61986	0.00529	0.00257	0.00649
3	0.00771	0.00583	0.00711	0.00679	0.00831	0.00523	0.00509	0.01004	0.01527	0.02076	0.55621	0.04631	0.25940	0.01250	0.00675	0.00184	0.00276	0.01085	0.00601	0.00523
4	0.02566	0.00973	0.01327	0.01018	0.01460	0.00841	0.00841	0.02788	0.01637	0.76726	0.02257	0.01947	0.01416	0.00708	0.00575	0.00177	0.00487	0.00575	0.00708	0.00973
5	0.68372	0.01202	0.04358	0.00845	0.01235	0.01267	0.00731	0.05410	0.01133	0.09666	0.00975	0.01061	0.00718	0.00556	0.00394	0.00177	0.00474	0.00350	0.00394	0.00681
6	0.00922	0.00658	0.00922	0.01053	0.01185	0.00658	0.00922	0.01185	0.01317	0.01712	0.03029	0.06452	0.03292	0.01580	0.00790	0.00263	0.00527	0.72480	0.00527	0.00527
7	0.00697	0.00498	0.00664	0.00796	0.00830	0.00465	0.00531	0.00796	0.01095	0.01460	0.03153	0.79525	0.03783	0.01792	0.00730	0.00232	0.00332	0.01626	0.00531	0.00465
8	0.02566	0.00973	0.01327	0.01018	0.01460	0.00841	0.00841	0.02788	0.01637	0.76726	0.02257	0.01947	0.01416	0.00708	0.00575	0.00177	0.00487	0.00575	0.00708	0.00973
9	0.00810	0.00585	0.00765	0.00720	0.00855	0.00540	0.00540	0.01079	0.01619	0.02294	0.76028	0.04273	0.05397	0.01169	0.00675	0.00180	0.00270	0.01034	0.00630	0.00540

[dist]
# distance from previous block
# <min> <max>
0	1

[block]
# block no. 1 follows, 41 sequences, length 9
# corresponding to MSA columns:
# 203-211
name=unknown_B
#
# <colnr> <probs for GDERKNQSTAVLIFYWHMCP>
#	G	D	E	R	K	N	Q	S	T	A	V	L	I	F	Y	W	H	M	C	P
0	0.00810	0.00585	0.00765	0.00720	0.00855	0.00540	0.00540	0.01079	0.01619	0.02294	0.76028	0.04273	0.05397	0.01169	0.00675	0.00180	0.00270	0.01034	0.00630	0.00540
1	0.02566	0.00973	0.01327	0.01018	0.01460	0.00841	0.00841	0.02788	0.01637	0.76726	0.02257	0.01947	0.01416	0.00708	0.00575	0.00177	0.00487	0.00575	0.00708	0.00973
2	0.02174	0.01602	0.01717	0.01316	0.01774	0.01774	0.01087	0.74423	0.02689	0.03605	0.01373	0.01373	0.00973	0.00687	0.00572	0.00172	0.00629	0.00515	0.00572	0.00973
3	0.02174	0.01602	0.01717	0.01316	0.01774	0.01774	0.01087	0.74423	0.02689	0.03605	0.01373	0.01373	0.00973	0.00687	0.00572	0.00172	0.00629	0.00515	0.00572	0.00973
4	0.01080	0.01017	0.01716	0.78523	0.03940	0.01271	0.01589	0.01461	0.01144	0.01461	0.01017	0.01525	0.00762	0.00572	0.00572	0.00191	0.00762	0.00508	0.00254	0.00635
5	0.01423	0.01229	0.01293	0.01164	0.01487	0.01423	0.00905	0.03039	0.75297	0.02393	0.02328	0.02134	0.01746	0.00776	0.00582	0.00194	0.00453	0.00647	0.00582	0.00905
6	0.00735	0.00538	0.00704	0.00800	0.00871	0.00488	0.00542	0.00847	0.01102	0.01492	0.02986	0.73432	0.03555	0.01686	0.00706	0.00221	0.00339	0.01526	0.00516	0.06915
7	0.01147	0.02959	0.76934	0.01630	0.02476	0.01328	0.02113	0.01811	0.01208	0.01811	0.01026	0.01208	0.00725	0.00543	0.00543	0.00181	0.00845	0.00423	0.00242	0.00845
8	0.00810	0.00585	0.00765	0.00720	0.00855	0.00540	0.00540	0.01079	0.01619	0.02294	0.76028	0.04273	0.05397	0.01169	0.00675	0.00180	0.00270	0.01034	0.00630	0.00540

[dist]
# distance from previous block
# <min> <max>
0	1

[block]
# block no. 2 follows, 41 sequences, length 11
# corresponding to MSA columns:
# 213-223
name=unknown_C
#
# <colnr> <probs for GDERKNQSTAVLIFYWHMCP>
#	G	D	E	R	K	N	Q	S	T	A	V	L	I	F	Y	W	H	M	C	P
0	0.01529	0.80242	0.02997	0.00979	0.01468	0.02263	0.00979	0.01713	0.01162	0.01346	0.00795	0.00918	0.00734	0.00489	0.00367	0.00122	0.00612	0.00306	0.00245	0.00734
1	0.00697	0.00498	0.00664	0.00796	0.00830	0.00465	0.00531	0.00796	0.01095	0.01460	0.03153	0.79525	0.03783	0.01792	0.00730	0.00232	0.00332	0.01626	0.00531	0.00465
2	0.01147	0.02959	0.76934	0.01630	0.02476	0.01328	0.02113	0.01811	0.01208	0.01811	0.01026	0.01208	0.00725	0.00543	0.00543	0.00181	0.00845	0.00423	0.00242	0.00845
3	0.78665	0.01138	0.00897	0.00789	0.01149	0.01315	0.00650	0.06373	0.01084	0.02633	0.00834	0.00958	0.00642	0.00541	0.00368	0.00177	0.00455	0.00323	0.00368	0.00642
4	0.01423	0.01229	0.01293	0.01164	0.01487	0.01423	0.00905	0.03039	0.75297	0.02393	0.02328	0.02134	0.01746	0.00776	0.00582	0.00194	0.00453	0.00647	0.00582	0.00905
5	0.83938	0.01106	0.00841	0.00752	0.01106	0.01283	0.00619	0.01681	0.00973	0.02566	0.00796	0.00929	0.00619	0.00531	0.00354	0.00177	0.00442	0.00310	0.00354	0.00619
6	0.00697	0.00498	0.00664	0.00796	0.00830	0.00465	0.00531	0.00796	0.01095	0.01460	0.03153	0.79525	0.03783	0.01792	0.00730	0.00232	0.00332	0.01626	0.00531	0.00465
7	0.01527	0.01280	0.01352	0.01185	0.01527	0.01471	0.00931	0.12911	0.65256	0.02560	0.02196	0.02029	0.01639	0.00764	0.00581	0.00191	0.00477	0.00628	0.00581	0.00915
8	0.02137	0.02726	0.01621	0.01474	0.01768	0.77602	0.01105	0.02284	0.01621	0.01400	0.00884	0.01031	0.00737	0.00589	0.00516	0.00147	0.01031	0.00368	0.00295	0.00663
9	0.01340	0.01493	0.03098	0.02340	0.06429	0.01484	0.60554	0.01765	0.01282	0.01771	0.01097	0.01496	0.00854	0.00555	0.00836	0.00200	0.11721	0.00643	0.00284	0.00758
10	0.02229	0.01515	0.01663	0.01275	0.01730	0.01645	0.01053	0.64517	0.02544	0.13717	0.01495	0.01453	0.01034	0.00690	0.00573	0.00172	0.00610	0.00523	0.00591	0.00973

[dist]
# distance from previous block
# <min> <max>
0	2

[block]
# block no. 3 follows, 41 sequences, length 42
# corresponding to MSA columns:
# 226-267
name=unknown_D
#
# <colnr> <probs for GDERKNQSTAVLIFYWHMCP>
#	G	D	E	R	K	N	Q	S	T	A	V	L	I	F	Y	W	H	M	C	P
0	0.01282	0.01059	0.01144	0.01050	0.01315	0.01133	0.00798	0.02303	0.45654	0.02350	0.21374	0.03265	0.12642	0.01039	0.00667	0.00212	0.00426	0.00853	0.00623	0.00813
1	0.00858	0.00604	0.00743	0.00834	0.00870	0.00563	0.00538	0.00898	0.01103	0.01482	0.02885	0.58800	0.03403	0.21858	0.01336	0.00335	0.00432	0.01439	0.00520	0.00498
2	0.00823	0.00589	0.00753	0.00879	0.00923	0.00540	0.00585	0.00889	0.01170	0.01572	0.03231	0.78215	0.03840	0.01847	0.00777	0.00253	0.00375	0.01642	0.00567	0.00529
3	0.01640	0.78834	0.03043	0.01057	0.01549	0.02305	0.01024	0.01788	0.01236	0.01460	0.00918	0.01086	0.00848	0.00569	0.00421	0.00145	0.00650	0.00347	0.00286	0.00793
4	0.01044	0.00747	0.01007	0.01131	0.01272	0.00730	0.00968	0.01271	0.01387	0.01819	0.03109	0.06517	0.03358	0.01639	0.00836	0.00283	0.00566	0.71164	0.00563	0.00590
5	0.00934	0.00675	0.00852	0.00803	0.00947	0.00613	0.00594	0.01167	0.01684	0.02390	0.74736	0.04378	0.05423	0.01236	0.00722	0.00201	0.00314	0.01062	0.00664	0.00602
6	0.01290	0.02832	0.66632	0.01792	0.02601	0.01402	0.10922	0.01888	0.01298	0.01919	0.01160	0.01412	0.00856	0.00615	0.00610	0.00204	0.00893	0.00492	0.00289	0.00893
7	0.02157	0.02671	0.01640	0.01477	0.01782	0.72994	0.01112	0.06440	0.01694	0.01547	0.00934	0.01082	0.00771	0.00609	0.00528	0.00153	0.01014	0.00384	0.00318	0.00692
8	0.00840	0.00629	0.00935	0.00934	0.01038	0.00728	0.00724	0.01038	0.00934	0.01349	0.01552	0.02273	0.01448	0.04291	0.77375	0.00921	0.01536	0.00619	0.00314	0.00522
9	0.01208	0.01032	0.01201	0.00862	0.01371	0.00775	0.00687	0.01455	0.01199	0.01883	0.01038	0.01216	0.00868	0.00438	0.00433	0.00089	0.00431	0.00346	0.00346	0.83121
10	0.01443	0.01243	0.01308	0.01178	0.01502	0.01433	0.00914	0.03049	0.75055	0.02410	0.02345	0.02161	0.01763	0.00790	0.00591	0.00198	0.00460	0.00653	0.00588	0.00916
11	0.02225	0.00990	0.01252	0.00978	0.01380	0.00898	0.00798	0.09940	0.01663	0.52714	0.02043	0.01894	0.01359	0.00695	0.00548	0.00168	0.00471	0.00554	0.13212	0.06218
12	0.00720	0.00515	0.00680	0.00811	0.00847	0.00478	0.00541	0.00813	0.01109	0.01481	0.03167	0.79285	0.03793	0.01802	0.00739	0.00236	0.00340	0.01629	0.00538	0.00476
13	0.01143	0.01073	0.01802	0.69181	0.12718	0.01292	0.01615	0.01512	0.01176	0.01531	0.01045	0.01541	0.00801	0.00579	0.00580	0.00192	0.00759	0.00515	0.00265	0.00679
14	0.01774	0.01320	0.01447	0.01163	0.01526	0.01435	0.00938	0.48896	0.09035	0.03172	0.20607	0.02215	0.02197	0.00832	0.00608	0.00180	0.00528	0.00667	0.00594	0.00866
15	0.00720	0.00515	0.00680	0.00811	0.00847	0.00478	0.00541	0.00813	0.01109	0.01481	0.03167	0.79285	0.03793	0.01802	0.00739	0.00236	0.00340	0.01629	0.00538	0.00476
16	0.00814	0.00596	0.00758	0.00727	0.00863	0.00544	0.00539	0.01056	0.01572	0.02196	0.65254	0.08682	0.11748	0.01242	0.00687	0.00188	0.00283	0.01089	0.00621	0.00542
17	0.00720	0.00515	0.00680	0.00811	0.00847	0.00478	0.00541	0.00813	0.01109	0.01481	0.03167	0.79285	0.03793	0.01802	0.00739	0.00236	0.00340	0.01629	0.00538	0.00476
18	0.07136	0.01073	0.01357	0.01054	0.01491	0.00998	0.00866	0.10809	0.03536	0.62214	0.02093	0.01856	0.01347	0.00711	0.00572	0.00181	0.00507	0.00562	0.00675	0.00962
19	0.01169	0.02967	0.76688	0.01642	0.02487	0.01339	0.02118	0.01825	0.01221	0.01831	0.01048	0.01237	0.00745	0.00558	0.00553	0.00185	0.00851	0.00430	0.00249	0.00856
20	0.02155	0.02735	0.01634	0.01486	0.01782	0.77350	0.01113	0.02296	0.01633	0.01421	0.00906	0.01062	0.00758	0.00604	0.00525	0.00151	0.01037	0.00376	0.00302	0.00674
21	0.02000	0.17681	0.06114	0.01303	0.01764	0.13640	0.01133	0.44354	0.02143	0.02722	0.01182	0.01249	0.00894	0.00638	0.00530	0.00162	0.00707	0.00452	0.00452	0.00880
22	0.00707	0.00596	0.00606	0.00603	0.00794	0.00500	0.00451	0.00852	0.01334	0.01607	0.09667	0.05452	0.71966	0.01445	0.00685	0.00196	0.00297	0.01202	0.00543	0.00498
23	0.02215	0.01579	0.01707	0.01312	0.01770	0.01729	0.01081	0.70071	0.02637	0.07818	0.01444	0.01436	0.01018	0.00702	0.00581	0.00176	0.00628	0.00525	0.00587	0.00983
24	0.01157	0.00976	0.01141	0.00867	0.01312	0.00762	0.00677	0.01433	0.03781	0.01853	0.01343	0.10742	0.01255	0.00617	0.00476	0.00111	0.00421	0.00513	0.00378	0.70186
25	0.01193	0.07939	0.71932	0.01601	0.02422	0.01399	0.02045	0.01819	0.01218	0.01801	0.01033	0.01219	0.00746	0.00554	0.00541	0.00181	0.00836	0.00422	0.00249	0.00849
26	0.00720	0.00515	0.00680	0.00811	0.00847	0.00478	0.00541	0.00813	0.01109	0.01481	0.03167	0.79285	0.03793	0.01802	0.00739	0.00236	0.00340	0.01629	0.00538	0.00476
27	0.01371	0.01556	0.03382	0.02420	0.02999	0.01457	0.74009	0.01846	0.01363	0.01851	0.01178	0.01572	0.00888	0.00497	0.00684	0.00197	0.00970	0.00681	0.00297	0.00782
28	0.01371	0.01556	0.03382	0.02420	0.02999	0.01457	0.74009	0.01846	0.01363	0.01851	0.01178	0.01572	0.00888	0.00497	0.00684	0.00197	0.00970	0.00681	0.00297	0.00782
29	0.01371	0.01556	0.03382	0.02420	0.02999	0.01457	0.74009	0.01846	0.01363	0.01851	0.01178	0.01572	0.00888	0.00497	0.00684	0.00197	0.00970	0.00681	0.00297	0.00782
30	0.00699	0.00596	0.00596	0.00595	0.00790	0.00497	0.00445	0.00838	0.01317	0.01565	0.05800	0.05520	0.75860	0.01460	0.00685	0.00197	0.00298	0.01212	0.00538	0.00495
31	0.01455	0.00839	0.00890	0.00771	0.01005	0.00869	0.00606	0.19265	0.01604	0.07308	0.01790	0.01962	0.01361	0.00688	0.00463	0.00150	0.00377	0.00538	0.57379	0.00680
32	0.01550	0.79985	0.03006	0.00993	0.01483	0.02271	0.00987	0.01727	0.01176	0.01367	0.00818	0.00948	0.00755	0.00504	0.00377	0.00126	0.00619	0.00313	0.00252	0.00745
33	0.00720	0.00515	0.00680	0.00811	0.00847	0.00478	0.00541	0.00813	0.01109	0.01481	0.03167	0.79285	0.03793	0.01802	0.00739	0.00236	0.00340	0.01629	0.00538	0.00476
34	0.00697	0.00498	0.00664	0.00796	0.00830	0.00465	0.00531	0.00796	0.01095	0.01460	0.03153	0.79525	0.03783	0.01792	0.00730	0.00232	0.00332	0.01626	0.00531	0.00465
35	0.02174	0.01602	0.01717	0.01316	0.01774	0.01774	0.01087	0.74423	0.02689	0.03605	0.01373	0.01373	0.00973	0.00687	0.00572	0.00172	0.00629	0.00515	0.00572	0.00973
36	0.01147	0.02959	0.76934	0.01630	0.02476	0.01328	0.02113	0.01811	0.01208	0.01811	0.01026	0.01208	0.00725	0.00543	0.00543	0.00181	0.00845	0.00423	0.00242	0.00845
37	0.83938	0.01106	0.00841	0.00752	0.01106	0.01283	0.00619	0.01681	0.00973	0.02566	0.00796	0.00929	0.00619	0.00531	0.00354	0.00177	0.00442	0.00310	0.00354	0.00619
38	0.01163	0.06072	0.73956	0.01604	0.02435	0.01366	0.02068	0.01807	0.01206	0.01793	0.01017	0.01196	0.00725	0.00541	0.00536	0.00179	0.00836	0.00418	0.00242	0.00841
39	0.01165	0.06557	0.73492	0.01600	0.02429	0.01372	0.02061	0.01807	0.01206	0.01790	0.01016	0.01194	0.00725	0.00541	0.00535	0.00178	0.00834	0.00417	0.00242	0.00840
40	0.01208	0.15206	0.65218	0.01527	0.02316	0.01477	0.01934	0.01796	0.01200	0.01738	0.00990	0.01162	0.00726	0.00535	0.00515	0.00172	0.00808	0.00404	0.00242	0.00828
41	0.05746	0.10848	0.65099	0.01515	0.02296	0.01423	0.01914	0.01794	0.01190	0.01805	0.00990	0.01162	0.00720	0.00537	0.00515	0.00175	0.00799	0.00404	0.00248	0.00821

[dist]
# distance from previous block
# <min> <max>
3	85

# created by:
# /software/SequenceAnalysis/GenePrediction/augustus/3.0.1/scripts/msa2prfl.pl ./fixed/BUSCOvEOG7MGTNW.fas
