[name]
unknown

[dist]
# distance from previous block
# <min> <max>
0	610

[block]
# block no. 0 follows, 41 sequences, length 27
# corresponding to MSA columns:
# 621-647
name=unknown_A
#
# <colnr> <probs for GDERKNQSTAVLIFYWHMCP>
#	G	D	E	R	K	N	Q	S	T	A	V	L	I	F	Y	W	H	M	C	P
0	0.01416	0.01359	0.02322	0.03511	0.76330	0.01359	0.01755	0.01755	0.01302	0.01869	0.01076	0.01416	0.00906	0.00510	0.00566	0.00170	0.00680	0.00510	0.00283	0.00906
1	0.00676	0.00579	0.00579	0.00579	0.00773	0.00483	0.00435	0.00821	0.01304	0.01545	0.05794	0.05505	0.76098	0.01449	0.00676	0.00193	0.00290	0.01207	0.00531	0.00483
2	0.01467	0.01322	0.01314	0.01183	0.01505	0.06182	0.00918	0.02992	0.70694	0.02331	0.02238	0.02065	0.01683	0.00764	0.00578	0.00191	0.00489	0.00629	0.00564	0.00890
3	0.01423	0.01229	0.01293	0.01164	0.01487	0.01423	0.00905	0.03039	0.75297	0.02393	0.02328	0.02134	0.01746	0.00776	0.00582	0.00194	0.00453	0.00647	0.00582	0.00905
4	0.01416	0.01359	0.02322	0.03511	0.76330	0.01359	0.01755	0.01755	0.01302	0.01869	0.01076	0.01416	0.00906	0.00510	0.00566	0.00170	0.00680	0.00510	0.00283	0.00906
5	0.02137	0.02726	0.01621	0.01474	0.01768	0.77602	0.01105	0.02284	0.01621	0.01400	0.00884	0.01031	0.00737	0.00589	0.00516	0.00147	0.01031	0.00368	0.00295	0.00663
6	0.02457	0.00949	0.01292	0.00999	0.01422	0.00822	0.00822	0.02681	0.01636	0.72076	0.06865	0.02092	0.01665	0.00737	0.00581	0.00177	0.00473	0.00604	0.00703	0.00946
7	0.00832	0.00555	0.00624	0.00624	0.00624	0.00555	0.00347	0.00832	0.00832	0.01109	0.01802	0.03743	0.02080	0.79898	0.02911	0.00555	0.00555	0.00832	0.00347	0.00347
8	0.83938	0.01106	0.00841	0.00752	0.01106	0.01283	0.00619	0.01681	0.00973	0.02566	0.00796	0.00929	0.00619	0.00531	0.00354	0.00177	0.00442	0.00310	0.00354	0.00619
9	0.00697	0.00498	0.00664	0.00796	0.00830	0.00465	0.00531	0.00796	0.01095	0.01460	0.03153	0.79525	0.03783	0.01792	0.00730	0.00232	0.00332	0.01626	0.00531	0.00465
10	0.01234	0.01223	0.01706	0.01466	0.01466	0.01703	0.01214	0.01354	0.00874	0.01366	0.00794	0.01353	0.00805	0.04228	0.01919	0.00263	0.75649	0.00514	0.00254	0.00614
11	0.00697	0.00498	0.00664	0.00796	0.00830	0.00465	0.00531	0.00796	0.01095	0.01460	0.03153	0.79525	0.03783	0.01792	0.00730	0.00232	0.00332	0.01626	0.00531	0.00465
12	0.00676	0.00579	0.00579	0.00579	0.00773	0.00483	0.00435	0.00821	0.01304	0.01545	0.05794	0.05505	0.76098	0.01449	0.00676	0.00193	0.00290	0.01207	0.00531	0.00483
13	0.01529	0.80242	0.02997	0.00979	0.01468	0.02263	0.00979	0.01713	0.01162	0.01346	0.00795	0.00918	0.00734	0.00489	0.00367	0.00122	0.00612	0.00306	0.00245	0.00734
14	0.00827	0.00575	0.00728	0.00728	0.00764	0.00611	0.00476	0.00899	0.00863	0.01186	0.01707	0.03216	0.01851	0.53267	0.29229	0.00683	0.00899	0.00755	0.00332	0.00404
15	0.00912	0.00652	0.00911	0.01042	0.01170	0.00650	0.00905	0.01168	0.01307	0.01701	0.03034	0.09569	0.03313	0.01589	0.00787	0.00262	0.00518	0.69458	0.00527	0.00524
16	0.05808	0.01394	0.01538	0.01206	0.01639	0.01502	0.00989	0.46368	0.11547	0.19536	0.01663	0.01576	0.01152	0.00696	0.00564	0.00176	0.00567	0.00536	0.00594	0.00949
17	0.01257	0.25117	0.55735	0.01443	0.02187	0.01596	0.01788	0.01783	0.01195	0.01678	0.00960	0.01124	0.00727	0.00528	0.00493	0.00164	0.00778	0.00389	0.00242	0.00813
18	0.00676	0.00579	0.00579	0.00579	0.00773	0.00483	0.00435	0.00821	0.01304	0.01545	0.05794	0.05505	0.76098	0.01449	0.00676	0.00193	0.00290	0.01207	0.00531	0.00483
19	0.00697	0.00498	0.00664	0.00796	0.00830	0.00465	0.00531	0.00796	0.01095	0.01460	0.03153	0.79525	0.03783	0.01792	0.00730	0.00232	0.00332	0.01626	0.00531	0.00465
20	0.01402	0.01355	0.02344	0.05868	0.71142	0.01360	0.04589	0.01749	0.01299	0.01854	0.01077	0.01424	0.00900	0.00511	0.00571	0.00171	0.00693	0.00516	0.00282	0.00892
21	0.01327	0.01658	0.09976	0.02299	0.02877	0.01449	0.64457	0.01810	0.01316	0.01810	0.01127	0.01500	0.00850	0.00511	0.00717	0.00194	0.04423	0.00644	0.00283	0.00772
22	0.01416	0.01359	0.02322	0.03511	0.76330	0.01359	0.01755	0.01755	0.01302	0.01869	0.01076	0.01416	0.00906	0.00510	0.00566	0.00170	0.00680	0.00510	0.00283	0.00906
23	0.01529	0.80242	0.02997	0.00979	0.01468	0.02263	0.00979	0.01713	0.01162	0.01346	0.00795	0.00918	0.00734	0.00489	0.00367	0.00122	0.00612	0.00306	0.00245	0.00734
24	0.01861	0.01343	0.01463	0.01205	0.01596	0.01487	0.00968	0.30946	0.37626	0.12205	0.01945	0.01813	0.01402	0.00732	0.00577	0.00183	0.00526	0.00586	0.00594	0.00940
25	0.01147	0.02959	0.76934	0.01630	0.02476	0.01328	0.02113	0.01811	0.01208	0.01811	0.01026	0.01208	0.00725	0.00543	0.00543	0.00181	0.00845	0.00423	0.00242	0.00845
26	0.00958	0.00781	0.00939	0.00811	0.01108	0.00626	0.00604	0.01143	0.01156	0.01682	0.02163	0.33079	0.06509	0.01037	0.00562	0.00151	0.00379	0.00910	0.00428	0.44973

[dist]
# distance from previous block
# <min> <max>
0	1

[block]
# block no. 1 follows, 41 sequences, length 39
# corresponding to MSA columns:
# 649-687
name=unknown_B
#
# <colnr> <probs for GDERKNQSTAVLIFYWHMCP>
#	G	D	E	R	K	N	Q	S	T	A	V	L	I	F	Y	W	H	M	C	P
0	0.02137	0.02726	0.01621	0.01474	0.01768	0.77602	0.01105	0.02284	0.01621	0.01400	0.00884	0.01031	0.00737	0.00589	0.00516	0.00147	0.01031	0.00368	0.00295	0.00663
1	0.00832	0.00555	0.00624	0.00624	0.00624	0.00555	0.00347	0.00832	0.00832	0.01109	0.01802	0.03743	0.02080	0.79898	0.02911	0.00555	0.00555	0.00832	0.00347	0.00347
2	0.01416	0.01359	0.02322	0.03511	0.76330	0.01359	0.01755	0.01755	0.01302	0.01869	0.01076	0.01416	0.00906	0.00510	0.00566	0.00170	0.00680	0.00510	0.00283	0.00906
3	0.00822	0.00593	0.00782	0.00756	0.00891	0.00553	0.00581	0.01091	0.01586	0.02230	0.68081	0.04510	0.05168	0.01214	0.00687	0.00189	0.00298	0.08813	0.00618	0.00538
4	0.02566	0.00973	0.01327	0.01018	0.01460	0.00841	0.00841	0.02788	0.01637	0.76726	0.02257	0.01947	0.01416	0.00708	0.00575	0.00177	0.00487	0.00575	0.00708	0.00973
5	0.02566	0.00973	0.01327	0.01018	0.01460	0.00841	0.00841	0.02788	0.01637	0.76726	0.02257	0.01947	0.01416	0.00708	0.00575	0.00177	0.00487	0.00575	0.00708	0.00973
6	0.83938	0.01106	0.00841	0.00752	0.01106	0.01283	0.00619	0.01681	0.00973	0.02566	0.00796	0.00929	0.00619	0.00531	0.00354	0.00177	0.00442	0.00310	0.00354	0.00619
7	0.01423	0.01229	0.01293	0.01164	0.01487	0.01423	0.00905	0.03039	0.75297	0.02393	0.02328	0.02134	0.01746	0.00776	0.00582	0.00194	0.00453	0.00647	0.00582	0.00905
8	0.00695	0.00503	0.00658	0.00782	0.00826	0.00466	0.00524	0.00798	0.01109	0.01466	0.03333	0.74472	0.08720	0.01769	0.00726	0.00230	0.00329	0.01597	0.00531	0.00466
9	0.01529	0.80242	0.02997	0.00979	0.01468	0.02263	0.00979	0.01713	0.01162	0.01346	0.00795	0.00918	0.00734	0.00489	0.00367	0.00122	0.00612	0.00306	0.00245	0.00734
10	0.02566	0.00973	0.01327	0.01018	0.01460	0.00841	0.00841	0.02788	0.01637	0.76726	0.02257	0.01947	0.01416	0.00708	0.00575	0.00177	0.00487	0.00575	0.00708	0.00973
11	0.07756	0.01568	0.01657	0.01278	0.01728	0.01740	0.01055	0.69457	0.02572	0.03534	0.01334	0.01343	0.00949	0.00676	0.00557	0.00172	0.00617	0.00501	0.00557	0.00949
12	0.01563	0.01144	0.01263	0.01110	0.01440	0.01270	0.00870	0.02865	0.58517	0.14243	0.07348	0.02250	0.01943	0.00792	0.00587	0.00190	0.00446	0.00662	0.00605	0.00891
13	0.01416	0.01359	0.02322	0.03511	0.76330	0.01359	0.01755	0.01755	0.01302	0.01869	0.01076	0.01416	0.00906	0.00510	0.00566	0.00170	0.00680	0.00510	0.00283	0.00906
14	0.00676	0.00579	0.00579	0.00579	0.00773	0.00483	0.00435	0.00821	0.01304	0.01545	0.05794	0.05505	0.76098	0.01449	0.00676	0.00193	0.00290	0.01207	0.00531	0.00483
15	0.00817	0.00613	0.00919	0.00919	0.01021	0.00715	0.00715	0.01021	0.00919	0.01328	0.01532	0.02247	0.01430	0.04290	0.77631	0.00919	0.01532	0.00613	0.00306	0.00511
16	0.02566	0.00973	0.01327	0.01018	0.01460	0.00841	0.00841	0.02788	0.01637	0.76726	0.02257	0.01947	0.01416	0.00708	0.00575	0.00177	0.00487	0.00575	0.00708	0.00973
17	0.00810	0.00585	0.00765	0.00720	0.00855	0.00540	0.00540	0.01079	0.01619	0.02294	0.76028	0.04273	0.05397	0.01169	0.00675	0.00180	0.00270	0.01034	0.00630	0.00540
18	0.01080	0.01017	0.01716	0.78523	0.03940	0.01271	0.01589	0.01461	0.01144	0.01461	0.01017	0.01525	0.00762	0.00572	0.00572	0.00191	0.00762	0.00508	0.00254	0.00635
19	0.00810	0.00585	0.00765	0.00720	0.00855	0.00540	0.00540	0.01079	0.01619	0.02294	0.76028	0.04273	0.05397	0.01169	0.00675	0.00180	0.00270	0.01034	0.00630	0.00540
20	0.01529	0.80242	0.02997	0.00979	0.01468	0.02263	0.00979	0.01713	0.01162	0.01346	0.00795	0.00918	0.00734	0.00489	0.00367	0.00122	0.00612	0.00306	0.00245	0.00734
21	0.02505	0.00960	0.01308	0.01007	0.01439	0.00830	0.00830	0.02728	0.01637	0.74122	0.04838	0.02028	0.01555	0.00724	0.00579	0.00177	0.00479	0.00591	0.00705	0.00958
22	0.00810	0.00585	0.00765	0.00720	0.00855	0.00540	0.00540	0.01079	0.01619	0.02294	0.76028	0.04273	0.05397	0.01169	0.00675	0.00180	0.00270	0.01034	0.00630	0.00540
23	0.01251	0.01251	0.01752	0.01502	0.01502	0.01752	0.01251	0.01377	0.00876	0.01377	0.00751	0.01251	0.00751	0.01001	0.01877	0.00250	0.78851	0.00501	0.00250	0.00626
24	0.02511	0.00986	0.01326	0.01025	0.01461	0.00869	0.00844	0.02800	0.05228	0.73103	0.02260	0.01956	0.01432	0.00711	0.00576	0.00178	0.00485	0.00579	0.00702	0.00970
25	0.01529	0.80242	0.02997	0.00979	0.01468	0.02263	0.00979	0.01713	0.01162	0.01346	0.00795	0.00918	0.00734	0.00489	0.00367	0.00122	0.00612	0.00306	0.00245	0.00734
26	0.01085	0.00696	0.00885	0.00805	0.00994	0.00665	0.00614	0.01481	0.09208	0.11463	0.56348	0.06820	0.04463	0.01097	0.00655	0.00183	0.00318	0.00962	0.00630	0.00628
27	0.00818	0.00610	0.00905	0.00905	0.01002	0.00707	0.00697	0.01012	0.00915	0.01317	0.01545	0.02320	0.01462	0.07975	0.73989	0.00901	0.01484	0.00624	0.00308	0.00503
28	0.01141	0.01079	0.01826	0.64885	0.17101	0.01287	0.01619	0.01515	0.01173	0.01535	0.01027	0.01505	0.00789	0.00561	0.00571	0.00187	0.00747	0.00509	0.00259	0.00685
29	0.00810	0.00585	0.00765	0.00720	0.00855	0.00540	0.00540	0.01079	0.01619	0.02294	0.76028	0.04273	0.05397	0.01169	0.00675	0.00180	0.00270	0.01034	0.00630	0.00540
30	0.00697	0.00498	0.00664	0.00796	0.00830	0.00465	0.00531	0.00796	0.01095	0.01460	0.03153	0.79525	0.03783	0.01792	0.00730	0.00232	0.00332	0.01626	0.00531	0.00465
31	0.83938	0.01106	0.00841	0.00752	0.01106	0.01283	0.00619	0.01681	0.00973	0.02566	0.00796	0.00929	0.00619	0.00531	0.00354	0.00177	0.00442	0.00310	0.00354	0.00619
32	0.80602	0.01103	0.00876	0.03884	0.01220	0.01283	0.00658	0.01673	0.00980	0.02522	0.00805	0.00953	0.00625	0.00533	0.00363	0.00178	0.00455	0.00318	0.00350	0.00620
33	0.00697	0.00498	0.00664	0.00796	0.00830	0.00465	0.00531	0.00796	0.01095	0.01460	0.03153	0.79525	0.03783	0.01792	0.00730	0.00232	0.00332	0.01626	0.00531	0.00465
34	0.83938	0.01106	0.00841	0.00752	0.01106	0.01283	0.00619	0.01681	0.00973	0.02566	0.00796	0.00929	0.00619	0.00531	0.00354	0.00177	0.00442	0.00310	0.00354	0.00619
35	0.01522	0.01327	0.02190	0.06742	0.63698	0.01338	0.01647	0.05500	0.01390	0.07389	0.01174	0.01457	0.00940	0.00536	0.00567	0.00171	0.00667	0.00515	0.00327	0.00902
36	0.01439	0.56230	0.23846	0.01172	0.01761	0.01986	0.01302	0.03758	0.01217	0.01540	0.00877	0.01012	0.00738	0.00510	0.00423	0.00140	0.00678	0.00345	0.00253	0.00772
37	0.02109	0.01101	0.01375	0.01169	0.04506	0.01088	0.00904	0.12593	0.16764	0.43177	0.07308	0.02048	0.01682	0.00743	0.00583	0.00180	0.00492	0.00611	0.00641	0.00926
38	0.01368	0.01242	0.07543	0.01313	0.10774	0.00934	0.03152	0.03369	0.01284	0.08844	0.01152	0.01302	0.00901	0.00478	0.00476	0.00117	0.00516	0.00403	0.00362	0.54470

[dist]
# distance from previous block
# <min> <max>
19	31

[block]
# block no. 2 follows, 41 sequences, length 25
# corresponding to MSA columns:
# 722-746
name=unknown_C
#
# <colnr> <probs for GDERKNQSTAVLIFYWHMCP>
#	G	D	E	R	K	N	Q	S	T	A	V	L	I	F	Y	W	H	M	C	P
0	0.01364	0.01363	0.02490	0.11509	0.51984	0.01369	0.17939	0.01740	0.01296	0.01816	0.01088	0.01456	0.00882	0.00510	0.00591	0.00177	0.00752	0.00546	0.00281	0.00846
1	0.01547	0.01634	0.02111	0.09711	0.53245	0.18390	0.01595	0.01847	0.01360	0.01728	0.01028	0.01340	0.00855	0.00533	0.00555	0.00167	0.00766	0.00478	0.00283	0.00828
2	0.01367	0.01278	0.02001	0.14274	0.48711	0.01360	0.01540	0.01998	0.17815	0.01925	0.01347	0.01593	0.01072	0.00579	0.00571	0.00178	0.00641	0.00540	0.00346	0.00865
3	0.01099	0.01029	0.01484	0.11299	0.01707	0.01240	0.03998	0.01286	0.01026	0.01498	0.01379	0.18781	0.01449	0.01014	0.01184	0.00211	0.36200	0.00736	0.00328	0.13052
4	0.01392	0.01059	0.01260	0.01069	0.01364	0.01074	0.03249	0.30809	0.01764	0.02404	0.02042	0.33406	0.02103	0.01094	0.00618	0.00184	0.00488	0.00950	0.00511	0.13160
5	0.03927	0.00970	0.01293	0.02569	0.12530	0.01119	0.00955	0.02729	0.17645	0.01792	0.01549	0.01950	0.01321	0.04717	0.25126	0.00433	0.10526	0.00579	0.07589	0.00681
6	0.01277	0.01200	0.01875	0.15819	0.43967	0.04338	0.01513	0.01599	0.01291	0.01744	0.01494	0.02544	0.01407	0.00763	0.00615	0.00193	0.00674	0.16587	0.00333	0.00765
7	0.01591	0.01312	0.01388	0.01198	0.01551	0.01501	0.00946	0.18992	0.59070	0.02664	0.02115	0.01964	0.01573	0.00756	0.00580	0.00189	0.00492	0.00617	0.00580	0.00920
8	0.00698	0.00580	0.00610	0.00602	0.00786	0.00492	0.00452	0.00863	0.01356	0.01668	0.17345	0.05302	0.64471	0.01403	0.00676	0.00191	0.00286	0.01179	0.00547	0.00492
9	0.01233	0.20230	0.60411	0.01485	0.02250	0.01537	0.01860	0.01789	0.01197	0.01707	0.00975	0.01143	0.00727	0.00531	0.00504	0.00168	0.00793	0.00397	0.00242	0.00820
10	0.01186	0.01280	0.02560	0.05085	0.06015	0.01197	0.48890	0.01575	0.01324	0.01756	0.02179	0.02410	0.17677	0.00701	0.00658	0.00188	0.00774	0.00768	0.00343	0.03434
11	0.02145	0.02475	0.01642	0.01438	0.01770	0.60656	0.01101	0.18405	0.01860	0.01893	0.00993	0.01108	0.00790	0.00611	0.00528	0.00153	0.00942	0.00401	0.00357	0.00732
12	0.00735	0.00550	0.00682	0.00715	0.00826	0.00498	0.00511	0.00911	0.01346	0.01800	0.31709	0.33084	0.21597	0.01472	0.00696	0.00203	0.00298	0.01300	0.00569	0.00498
13	0.01899	0.03605	0.01704	0.01435	0.01693	0.38778	0.01137	0.18450	0.01658	0.01894	0.00958	0.01165	0.00794	0.00719	0.00886	0.00180	0.21539	0.00436	0.00345	0.00725
14	0.01897	0.02236	0.01378	0.01263	0.01522	0.60379	0.00948	0.02071	0.01527	0.01564	0.01104	0.01278	0.00900	0.00607	0.00490	0.00144	0.00861	0.00405	0.18794	0.00634
15	0.00685	0.00545	0.00615	0.00670	0.00797	0.00475	0.00475	0.00811	0.01216	0.01510	0.04687	0.36546	0.45772	0.01593	0.00699	0.00210	0.00307	0.01383	0.00531	0.00475
16	0.01939	0.02397	0.01650	0.01480	0.01709	0.60651	0.01138	0.02081	0.01454	0.01395	0.00854	0.01081	0.00740	0.00681	0.00820	0.00170	0.18423	0.00398	0.00285	0.00655
17	0.01042	0.00714	0.00925	0.07171	0.01216	0.00713	0.00685	0.07134	0.02874	0.06886	0.33333	0.23716	0.05902	0.01201	0.00655	0.00193	0.00374	0.01057	0.03612	0.00595
18	0.01821	0.01263	0.01411	0.01150	0.01509	0.01346	0.00919	0.46149	0.04813	0.09977	0.01878	0.18914	0.01667	0.00930	0.00603	0.00184	0.00536	0.00768	0.00569	0.03592
19	0.01159	0.07531	0.52357	0.01447	0.02095	0.01257	0.01735	0.04249	0.01282	0.01822	0.01471	0.02366	0.01308	0.00777	0.00588	0.00195	0.00751	0.16521	0.00317	0.00771
20	0.02291	0.01209	0.01449	0.01129	0.01560	0.01214	0.00927	0.27918	0.08541	0.42909	0.03496	0.01811	0.01373	0.00716	0.00577	0.00177	0.00529	0.00570	0.00647	0.00958
21	0.19879	0.41796	0.19641	0.01097	0.01632	0.04556	0.01167	0.01749	0.01147	0.01729	0.00852	0.00992	0.00706	0.00515	0.00410	0.00149	0.00643	0.00336	0.00270	0.00732
22	0.04800	0.01023	0.01568	0.52357	0.03092	0.01176	0.01340	0.04773	0.01317	0.18423	0.01365	0.01749	0.00993	0.00638	0.00571	0.00189	0.00675	0.02850	0.00382	0.00721
23	0.01290	0.01231	0.02094	0.31669	0.49157	0.01326	0.01693	0.01645	0.01243	0.01716	0.01054	0.01457	0.00852	0.00533	0.00568	0.00178	0.00711	0.00509	0.00272	0.00804
24	0.01110	0.00600	0.00626	0.00600	0.00751	0.00611	0.00457	0.05535	0.01296	0.02198	0.05403	0.02196	0.01626	0.00813	0.03011	0.00164	0.00330	0.00559	0.71555	0.00558

[dist]
# distance from previous block
# <min> <max>
0	1

[block]
# block no. 3 follows, 41 sequences, length 49
# corresponding to MSA columns:
# 748-796
name=unknown_D
#
# <colnr> <probs for GDERKNQSTAVLIFYWHMCP>
#	G	D	E	R	K	N	Q	S	T	A	V	L	I	F	Y	W	H	M	C	P
0	0.06585	0.02713	0.67198	0.02960	0.02368	0.01302	0.01949	0.01841	0.01211	0.05235	0.01067	0.01229	0.00750	0.00551	0.00533	0.00181	0.00801	0.00424	0.00270	0.00833
1	0.00735	0.00582	0.00661	0.00641	0.00809	0.00508	0.00481	0.00935	0.01443	0.01875	0.36742	0.04962	0.44944	0.01326	0.00675	0.00187	0.00281	0.01131	0.00575	0.00508
2	0.01529	0.80242	0.02997	0.00979	0.01468	0.02263	0.00979	0.01713	0.01162	0.01346	0.00795	0.00918	0.00734	0.00489	0.00367	0.00122	0.00612	0.00306	0.00245	0.00734
3	0.01186	0.01017	0.01186	0.00847	0.01356	0.00762	0.00678	0.01440	0.01186	0.01864	0.01017	0.01186	0.00847	0.00424	0.00424	0.00085	0.00424	0.00339	0.00339	0.83395
4	0.00891	0.00637	0.00887	0.01019	0.01137	0.00632	0.00869	0.01132	0.01287	0.01678	0.03045	0.16372	0.03359	0.01609	0.00782	0.00259	0.00500	0.62862	0.00527	0.00518
5	0.00832	0.00555	0.00624	0.00624	0.00624	0.00555	0.00347	0.00832	0.00832	0.01109	0.01802	0.03743	0.02080	0.79898	0.02911	0.00555	0.00555	0.00832	0.00347	0.00347
6	0.01350	0.01543	0.03375	0.02411	0.02989	0.01446	0.74253	0.01832	0.01350	0.01832	0.01157	0.01543	0.00868	0.00482	0.00675	0.00193	0.00964	0.00675	0.00289	0.00771
7	0.01353	0.01311	0.02284	0.16512	0.58953	0.01349	0.06433	0.01709	0.01278	0.01795	0.01071	0.01443	0.00879	0.00519	0.00574	0.00175	0.00712	0.00520	0.00278	0.00850
8	0.01322	0.01115	0.01219	0.01142	0.01427	0.01270	0.00909	0.02668	0.60494	0.02256	0.02468	0.02998	0.02055	0.00937	0.00624	0.00208	0.00467	0.15020	0.00571	0.00830
9	0.02271	0.00909	0.01229	0.00965	0.01357	0.00789	0.00788	0.02497	0.01626	0.64318	0.12777	0.02365	0.03850	0.00792	0.00592	0.00178	0.00451	0.00656	0.00692	0.00900
10	0.02495	0.01087	0.01398	0.01072	0.01517	0.01009	0.00885	0.15735	0.01827	0.63510	0.02097	0.01843	0.01336	0.00704	0.00575	0.00176	0.00513	0.00564	0.00683	0.00973
11	0.02174	0.01602	0.01717	0.01316	0.01774	0.01774	0.01087	0.74423	0.02689	0.03605	0.01373	0.01373	0.00973	0.00687	0.00572	0.00172	0.00629	0.00515	0.00572	0.00973
12	0.00827	0.00552	0.00625	0.00631	0.00632	0.00551	0.00354	0.00830	0.00842	0.01123	0.01855	0.06688	0.02146	0.76863	0.02827	0.00542	0.00546	0.00863	0.00354	0.00351
13	0.01529	0.80242	0.02997	0.00979	0.01468	0.02263	0.00979	0.01713	0.01162	0.01346	0.00795	0.00918	0.00734	0.00489	0.00367	0.00122	0.00612	0.00306	0.00245	0.00734
14	0.01147	0.02959	0.76934	0.01630	0.02476	0.01328	0.02113	0.01811	0.01208	0.01811	0.01026	0.01208	0.00725	0.00543	0.00543	0.00181	0.00845	0.00423	0.00242	0.00845
15	0.09483	0.00801	0.00740	0.00683	0.00874	0.04204	0.00523	0.09010	0.01336	0.02255	0.01661	0.01950	0.01322	0.03882	0.00521	0.00159	0.00368	0.00514	0.59130	0.00586
16	0.02090	0.01520	0.01626	0.01256	0.01689	0.01679	0.01035	0.68833	0.02575	0.03492	0.01411	0.01431	0.01010	0.00685	0.00559	0.00169	0.00602	0.00516	0.06882	0.00939
17	0.01467	0.01219	0.01295	0.01158	0.01486	0.01400	0.00903	0.03030	0.72435	0.05281	0.02325	0.02127	0.01733	0.00773	0.00582	0.00193	0.00454	0.00644	0.00587	0.00908
18	0.02536	0.00980	0.01326	0.01022	0.01461	0.00856	0.00842	0.02794	0.03608	0.74737	0.02258	0.01952	0.01425	0.00710	0.00575	0.00177	0.00486	0.00577	0.00705	0.00972
19	0.83938	0.01106	0.00841	0.00752	0.01106	0.01283	0.00619	0.01681	0.00973	0.02566	0.00796	0.00929	0.00619	0.00531	0.00354	0.00177	0.00442	0.00310	0.00354	0.00619
20	0.00802	0.00584	0.00755	0.00712	0.00850	0.00537	0.00534	0.01065	0.01602	0.02253	0.72226	0.04339	0.09224	0.01184	0.00675	0.00181	0.00271	0.01044	0.00624	0.00537
21	0.00832	0.00555	0.00624	0.00624	0.00624	0.00555	0.00347	0.00832	0.00832	0.01109	0.01802	0.03743	0.02080	0.79898	0.02911	0.00555	0.00555	0.00832	0.00347	0.00347
22	0.00697	0.00498	0.00664	0.00796	0.00830	0.00465	0.00531	0.00796	0.01095	0.01460	0.03153	0.79525	0.03783	0.01792	0.00730	0.00232	0.00332	0.01626	0.00531	0.00465
23	0.02085	0.01558	0.01666	0.01298	0.01740	0.01732	0.01066	0.65924	0.11334	0.03461	0.01487	0.01464	0.01065	0.00697	0.00573	0.00174	0.00608	0.00531	0.00573	0.00965
24	0.01461	0.01284	0.01282	0.01137	0.01443	0.07152	0.00884	0.09803	0.51431	0.02423	0.13120	0.02293	0.02137	0.00812	0.00590	0.00186	0.00487	0.00670	0.00566	0.00839
25	0.00696	0.00500	0.00661	0.00790	0.00828	0.00465	0.00528	0.00797	0.01101	0.01463	0.03227	0.77450	0.05810	0.01782	0.00729	0.00231	0.00331	0.01614	0.00531	0.00465
26	0.01147	0.01037	0.01475	0.14740	0.04759	0.01348	0.01108	0.01321	0.00967	0.01449	0.01082	0.01768	0.01031	0.12645	0.01599	0.00270	0.42300	0.00555	0.08812	0.00588
27	0.01274	0.00775	0.00800	0.00725	0.00929	0.00824	0.00563	0.12443	0.10244	0.02383	0.01847	0.02019	0.01426	0.00682	0.00447	0.00146	0.00343	0.00544	0.60941	0.00643
28	0.01225	0.01466	0.13160	0.01578	0.01890	0.01401	0.17861	0.03287	0.01116	0.01664	0.01053	0.01458	0.00891	0.01070	0.08375	0.00273	0.31765	0.00534	0.05252	0.04681
29	0.01727	0.56185	0.02606	0.01082	0.01562	0.02114	0.01012	0.23956	0.01629	0.02037	0.00972	0.01057	0.00807	0.00550	0.00430	0.00137	0.00617	0.00370	0.00345	0.00807
30	0.01180	0.06088	0.01206	0.01004	0.01201	0.06844	0.00800	0.12133	0.01268	0.01718	0.01429	0.01931	0.01265	0.03026	0.51037	0.00654	0.01231	0.00555	0.04822	0.00607
31	0.03382	0.01026	0.01700	0.54689	0.03208	0.01245	0.06965	0.01439	0.01129	0.01542	0.01173	0.06575	0.00993	0.00688	0.00700	0.00196	0.08130	0.00589	0.04002	0.00629
32	0.02009	0.01443	0.01540	0.01199	0.01609	0.01589	0.00985	0.63516	0.02467	0.03385	0.01447	0.01487	0.01046	0.00684	0.00546	0.00166	0.00575	0.00518	0.12884	0.00907
33	0.01155	0.02912	0.74762	0.01685	0.04626	0.01329	0.02103	0.01810	0.01210	0.01813	0.01028	0.01214	0.00730	0.00542	0.00544	0.00181	0.00841	0.00425	0.00243	0.00847
34	0.00818	0.00529	0.00707	0.00811	0.00871	0.00489	0.00551	0.00926	0.01130	0.06347	0.03094	0.74488	0.03629	0.01722	0.00720	0.00229	0.00342	0.01558	0.00542	0.00498
35	0.00737	0.00552	0.00773	0.08863	0.01152	0.00548	0.00641	0.00865	0.01100	0.01460	0.02931	0.71430	0.03470	0.01665	0.00714	0.00228	0.00377	0.01510	0.00502	0.00482
36	0.00821	0.00550	0.00627	0.00637	0.00640	0.00548	0.00361	0.00829	0.00852	0.01136	0.01906	0.09539	0.02210	0.73925	0.02744	0.00530	0.00538	0.00893	0.00361	0.00356
37	0.07581	0.15881	0.01513	0.00880	0.01361	0.01108	0.00744	0.01508	0.01158	0.01809	0.00952	0.01118	0.00806	0.00458	0.00443	0.00103	0.02366	0.00334	0.00320	0.59557
38	0.02147	0.01549	0.01672	0.01292	0.01741	0.01707	0.01064	0.66571	0.07106	0.07061	0.01475	0.01448	0.01042	0.00693	0.00573	0.00173	0.00612	0.00526	0.00579	0.00969
39	0.01466	0.50918	0.04487	0.01222	0.05541	0.01936	0.01078	0.07182	0.01257	0.01586	0.01026	0.01431	0.00953	0.00768	0.03276	0.00182	0.09614	0.05055	0.00293	0.00731
40	0.00896	0.00613	0.00795	0.00786	0.00937	0.00567	0.00615	0.01138	0.01493	0.05757	0.45455	0.08881	0.13443	0.01295	0.00695	0.00201	0.00336	0.14952	0.00596	0.00548
41	0.01292	0.01328	0.02464	0.10987	0.04635	0.01361	0.40337	0.01973	0.17152	0.01911	0.05440	0.01820	0.01300	0.00695	0.02431	0.00210	0.02878	0.00658	0.00365	0.00765
42	0.01229	0.00972	0.01103	0.00978	0.01273	0.00983	0.00747	0.03549	0.32363	0.05173	0.06902	0.19499	0.02204	0.00946	0.00585	0.00176	0.00412	0.00817	0.00523	0.19566
43	0.00697	0.00498	0.00664	0.00796	0.00830	0.00465	0.00531	0.00796	0.01095	0.01460	0.03153	0.79525	0.03783	0.01792	0.00730	0.00232	0.00332	0.01626	0.00531	0.00465
44	0.01919	0.01518	0.01991	0.01567	0.05305	0.01592	0.14302	0.50401	0.02237	0.04735	0.01312	0.01404	0.00951	0.00621	0.00578	0.00168	0.00672	0.00531	0.00492	0.07705
45	0.01781	0.01375	0.01477	0.01219	0.01608	0.01533	0.00981	0.35551	0.36587	0.04973	0.01870	0.01846	0.01392	0.00741	0.00577	0.00182	0.00535	0.02068	0.00573	0.03132
46	0.35040	0.01443	0.08843	0.05103	0.01628	0.07110	0.04246	0.07865	0.09437	0.07108	0.06046	0.01474	0.01171	0.00629	0.00489	0.00178	0.00576	0.00470	0.00413	0.00731
47	0.04749	0.04361	0.46120	0.01384	0.02045	0.01221	0.03241	0.01901	0.06898	0.08605	0.01318	0.04853	0.01014	0.00616	0.00535	0.00172	0.00695	0.00497	0.00339	0.09436
48	0.01444	0.01209	0.04376	0.01001	0.01487	0.01028	0.00837	0.12660	0.11118	0.06587	0.01314	0.01383	0.01012	0.00531	0.00480	0.00121	0.00479	0.00423	0.00423	0.52087

[dist]
# distance from previous block
# <min> <max>
0	1

[block]
# block no. 4 follows, 41 sequences, length 8
# corresponding to MSA columns:
# 798-805
name=unknown_E
#
# <colnr> <probs for GDERKNQSTAVLIFYWHMCP>
#	G	D	E	R	K	N	Q	S	T	A	V	L	I	F	Y	W	H	M	C	P
0	0.01281	0.05302	0.41670	0.01480	0.04258	0.01314	0.04492	0.12876	0.01506	0.02145	0.14241	0.01781	0.01596	0.00683	0.00607	0.00179	0.02872	0.00555	0.00364	0.00800
1	0.01119	0.00856	0.01228	0.01017	0.01319	0.00736	0.09062	0.01339	0.01218	0.07447	0.05565	0.21667	0.02144	0.07631	0.00791	0.00199	0.00479	0.06370	0.00439	0.29372
2	0.01074	0.00894	0.01065	0.00825	0.01224	0.00695	0.00641	0.01309	0.01223	0.01856	0.09905	0.12527	0.01780	0.00701	0.00495	0.00116	0.00393	0.00599	0.00399	0.62277
3	0.01671	0.26348	0.08534	0.01206	0.01660	0.06401	0.01105	0.24156	0.05698	0.02196	0.01101	0.01209	0.00875	0.00609	0.00588	0.00154	0.06636	0.00421	0.00377	0.09056
4	0.01234	0.01209	0.11768	0.01096	0.01402	0.01007	0.00963	0.12876	0.01382	0.05963	0.01921	0.30987	0.01983	0.01083	0.00755	0.00192	0.09464	0.00898	0.00445	0.13373
5	0.37051	0.07962	0.01841	0.01298	0.01744	0.01386	0.20516	0.07459	0.01315	0.12746	0.01142	0.01270	0.00835	0.00551	0.00489	0.00176	0.00618	0.00461	0.00394	0.00747
6	0.05240	0.01045	0.01099	0.05170	0.01312	0.09619	0.00753	0.09834	0.01413	0.11665	0.11872	0.05111	0.01766	0.02932	0.00957	0.17424	0.00527	0.00608	0.05990	0.05664
7	0.01149	0.00660	0.00873	0.00777	0.00972	0.00598	0.00598	0.01410	0.01623	0.16682	0.61768	0.03823	0.04627	0.01080	0.00655	0.00179	0.00312	0.00946	0.00645	0.00624

[dist]
# distance from previous block
# <min> <max>
0	1

[block]
# block no. 5 follows, 41 sequences, length 9
# corresponding to MSA columns:
# 807-815
name=unknown_F
#
# <colnr> <probs for GDERKNQSTAVLIFYWHMCP>
#	G	D	E	R	K	N	Q	S	T	A	V	L	I	F	Y	W	H	M	C	P
0	0.01423	0.22520	0.30929	0.01579	0.11027	0.01564	0.01495	0.08738	0.01372	0.01912	0.01044	0.01226	0.00828	0.00550	0.00504	0.00158	0.00699	0.00414	0.00306	0.11713
1	0.01448	0.00828	0.01075	0.01019	0.01251	0.00796	0.00833	0.08669	0.01568	0.20486	0.12833	0.13390	0.02977	0.01267	0.00708	0.00225	0.00481	0.28848	0.00603	0.00696
2	0.01843	0.10836	0.01628	0.01176	0.01573	0.01523	0.00960	0.19106	0.36626	0.15432	0.01945	0.01831	0.01423	0.00734	0.00569	0.00184	0.00532	0.00575	0.00573	0.00931
3	0.07004	0.35032	0.13287	0.01036	0.01519	0.01510	0.01017	0.01578	0.01178	0.01670	0.01206	0.10571	0.01157	0.00670	0.00467	0.00147	0.00571	0.00504	0.00322	0.19551
4	0.00767	0.00556	0.00670	0.00747	0.00804	0.00514	0.00490	0.00840	0.01097	0.01433	0.03338	0.48763	0.16178	0.19534	0.01233	0.00306	0.00390	0.01377	0.00501	0.00463
5	0.01259	0.01236	0.05738	0.11996	0.40006	0.01188	0.01460	0.01670	0.07054	0.01825	0.01663	0.11498	0.01584	0.00836	0.00628	0.00200	0.00635	0.08360	0.00370	0.00794
6	0.19404	0.01138	0.02946	0.01021	0.01441	0.01065	0.00842	0.06192	0.07830	0.38135	0.04798	0.01810	0.01403	0.00708	0.00547	0.00182	0.00499	0.00536	0.00585	0.08919
7	0.10730	0.00963	0.01134	0.00936	0.01266	0.00904	0.00735	0.04775	0.01303	0.12990	0.06745	0.15517	0.01769	0.00851	0.00643	0.00164	0.06549	0.00679	0.00463	0.30885
8	0.00743	0.00541	0.00697	0.00815	0.00874	0.00499	0.00564	0.00851	0.01150	0.01515	0.03420	0.66717	0.10794	0.01757	0.00741	0.00236	0.00353	0.06706	0.00540	0.00487

[dist]
# distance from previous block
# <min> <max>
0	1

[block]
# block no. 6 follows, 41 sequences, length 23
# corresponding to MSA columns:
# 817-839
name=unknown_G
#
# <colnr> <probs for GDERKNQSTAVLIFYWHMCP>
#	G	D	E	R	K	N	Q	S	T	A	V	L	I	F	Y	W	H	M	C	P
0	0.01324	0.01439	0.02946	0.11740	0.14536	0.01424	0.51236	0.01757	0.01299	0.01775	0.01111	0.01509	0.00857	0.00518	0.00693	0.00191	0.03971	0.00622	0.00283	0.00770
1	0.01280	0.00778	0.00816	0.00729	0.00935	0.00819	0.00568	0.15341	0.05564	0.02438	0.06705	0.02129	0.01648	0.00710	0.00461	0.00147	0.00346	0.00569	0.57380	0.00638
2	0.01522	0.00884	0.01278	0.01116	0.04129	0.00828	0.06855	0.06561	0.02808	0.25876	0.28313	0.12343	0.03033	0.00980	0.00638	0.00186	0.00446	0.00872	0.00596	0.00736
3	0.01177	0.08027	0.57435	0.01532	0.02235	0.04323	0.05348	0.01721	0.01216	0.01728	0.01228	0.09183	0.01045	0.00666	0.00555	0.00181	0.00790	0.00547	0.00276	0.00788
4	0.01491	0.33860	0.08793	0.05097	0.29969	0.08543	0.01403	0.01778	0.01259	0.01592	0.00937	0.01164	0.00800	0.00514	0.00479	0.00150	0.00701	0.00406	0.00264	0.00798
5	0.06921	0.01081	0.01537	0.41529	0.07915	0.01244	0.01268	0.13263	0.01430	0.06966	0.01244	0.01552	0.00921	0.00603	0.00537	0.00178	0.00638	0.00503	0.09951	0.00718
6	0.01393	0.01463	0.07572	0.01705	0.02245	0.01260	0.36262	0.11738	0.01475	0.02099	0.01176	0.01431	0.00896	0.00508	0.00572	0.00158	0.00734	0.00540	0.04372	0.22400
7	0.00679	0.00569	0.00590	0.00608	0.00780	0.00480	0.00447	0.00818	0.01276	0.01534	0.05449	0.15193	0.66632	0.01494	0.00683	0.00198	0.00295	0.01262	0.00531	0.00480
8	0.01041	0.00541	0.00572	0.00572	0.00703	0.00552	0.00432	0.01301	0.01171	0.02050	0.01832	0.02144	0.01462	0.01036	0.08276	0.00213	0.00396	0.00541	0.74633	0.00531
9	0.01287	0.01076	0.01240	0.00895	0.01398	0.00866	0.00720	0.08883	0.01339	0.02041	0.01053	0.01205	0.00860	0.00450	0.00439	0.00094	0.00445	0.00357	0.00363	0.74990
10	0.02098	0.01564	0.01673	0.01301	0.01745	0.01738	0.01069	0.67143	0.10094	0.03481	0.01471	0.01451	0.01052	0.00696	0.00573	0.00174	0.00611	0.00528	0.00573	0.00966
11	0.00697	0.00498	0.00664	0.00796	0.00830	0.00465	0.00531	0.00796	0.01095	0.01460	0.03153	0.79525	0.03783	0.01792	0.00730	0.00232	0.00332	0.01626	0.00531	0.00465
12	0.02223	0.03162	0.05834	0.01396	0.06669	0.01050	0.09851	0.05593	0.01590	0.53634	0.01904	0.01772	0.01242	0.00652	0.00580	0.00177	0.00586	0.00565	0.00586	0.00932
13	0.44340	0.28490	0.04154	0.00929	0.01345	0.06969	0.00842	0.04284	0.01151	0.02077	0.00830	0.00957	0.00683	0.00527	0.00384	0.00156	0.00561	0.00323	0.00316	0.00682
14	0.00832	0.00555	0.00624	0.00624	0.00624	0.00555	0.00347	0.00832	0.00832	0.01109	0.01802	0.03743	0.02080	0.79898	0.02911	0.00555	0.00555	0.00832	0.00347	0.00347
15	0.01480	0.01437	0.02637	0.08807	0.02629	0.01441	0.44957	0.19268	0.01638	0.02202	0.01336	0.06946	0.01087	0.00631	0.00645	0.00190	0.00821	0.00688	0.00371	0.00787
16	0.00825	0.00552	0.00626	0.00633	0.00634	0.00550	0.00356	0.00830	0.00845	0.01127	0.01872	0.07646	0.02167	0.75875	0.02799	0.00538	0.00543	0.00873	0.00356	0.00353
17	0.01519	0.01221	0.01313	0.01164	0.01496	0.01388	0.00917	0.08574	0.62609	0.06288	0.02279	0.02249	0.01734	0.00800	0.00590	0.00194	0.00472	0.03710	0.00585	0.00898
18	0.01505	0.01590	0.05828	0.07565	0.25337	0.07481	0.22625	0.10632	0.05290	0.02010	0.01167	0.01446	0.00909	0.00566	0.00641	0.00181	0.03521	0.00550	0.00331	0.00825
19	0.00994	0.00497	0.00745	0.00745	0.00745	0.00497	0.00497	0.00745	0.00745	0.00994	0.00994	0.01739	0.00994	0.01987	0.02235	0.83358	0.00497	0.00497	0.00248	0.00248
20	0.01615	0.58017	0.02634	0.01237	0.06473	0.14484	0.01047	0.01882	0.05301	0.01446	0.00912	0.01036	0.00801	0.00523	0.00416	0.00133	0.00676	0.00348	0.00274	0.00743
21	0.07657	0.01387	0.01484	0.03047	0.01647	0.04041	0.00943	0.40074	0.02023	0.10438	0.01311	0.01347	0.00949	0.00608	0.00519	0.00151	0.00569	0.00459	0.00497	0.20846
22	0.01267	0.13819	0.62968	0.01510	0.02286	0.01438	0.01894	0.01842	0.01221	0.05202	0.01050	0.01201	0.00758	0.00543	0.00520	0.00173	0.00796	0.00413	0.00263	0.00835

[dist]
# distance from previous block
# <min> <max>
0	3

[block]
# block no. 7 follows, 41 sequences, length 21
# corresponding to MSA columns:
# 843-863
name=unknown_H
#
# <colnr> <probs for GDERKNQSTAVLIFYWHMCP>
#	G	D	E	R	K	N	Q	S	T	A	V	L	I	F	Y	W	H	M	C	P
0	0.01373	0.02465	0.47781	0.01913	0.02636	0.01443	0.23710	0.01996	0.06649	0.01989	0.01304	0.01576	0.00981	0.00639	0.00647	0.00212	0.00894	0.00562	0.00332	0.00898
1	0.01944	0.01627	0.01578	0.01290	0.01687	0.10879	0.01035	0.44234	0.24353	0.02973	0.01600	0.01560	0.01176	0.00702	0.00568	0.00175	0.00625	0.00537	0.00541	0.00915
2	0.00810	0.00582	0.00779	0.00816	0.00927	0.00551	0.00628	0.01040	0.01429	0.01967	0.42277	0.21881	0.04534	0.01408	0.00714	0.00211	0.00344	0.17999	0.00583	0.00520
3	0.02065	0.01884	0.01629	0.01322	0.01723	0.24974	0.01053	0.45843	0.02227	0.02765	0.01241	0.03064	0.00957	0.00665	0.00549	0.00160	0.00733	0.00484	0.00471	0.06190
4	0.02027	0.01109	0.01900	0.01422	0.01874	0.00996	0.23366	0.02325	0.01521	0.46908	0.04996	0.05783	0.01529	0.00712	0.00618	0.00185	0.00617	0.00677	0.00567	0.00868
5	0.00718	0.00513	0.00688	0.00820	0.00863	0.00483	0.00567	0.00833	0.01116	0.01484	0.03141	0.72707	0.03737	0.01772	0.00736	0.00235	0.00350	0.08236	0.00531	0.00470
6	0.00770	0.00556	0.00730	0.00760	0.00859	0.00516	0.00552	0.00973	0.01402	0.01935	0.43416	0.32040	0.06943	0.01427	0.00701	0.00204	0.00306	0.04816	0.00585	0.00510
7	0.01401	0.54219	0.27894	0.01198	0.01807	0.01948	0.01361	0.01746	0.01178	0.01503	0.00873	0.01015	0.00731	0.00508	0.00426	0.00142	0.00690	0.00345	0.00244	0.00772
8	0.01410	0.01376	0.02420	0.03408	0.69488	0.01367	0.08519	0.01763	0.01307	0.01865	0.01083	0.01428	0.00902	0.00507	0.00576	0.00172	0.00706	0.00525	0.00284	0.00893
9	0.00817	0.00572	0.00671	0.00701	0.00753	0.00556	0.00468	0.00888	0.00996	0.01294	0.02648	0.09339	0.12622	0.50774	0.02103	0.00435	0.00499	0.13046	0.00414	0.00403
10	0.01416	0.01359	0.02322	0.03511	0.76330	0.01359	0.01755	0.01755	0.01302	0.01869	0.01076	0.01416	0.00906	0.00510	0.00566	0.00170	0.00680	0.00510	0.00283	0.00906
11	0.01396	0.01416	0.02645	0.03173	0.53798	0.01386	0.24028	0.01779	0.01317	0.01857	0.01101	0.01455	0.00894	0.00501	0.00600	0.00177	0.00767	0.00560	0.00285	0.00865
12	0.27252	0.01940	0.01425	0.01287	0.04078	0.35259	0.00974	0.17615	0.01641	0.02249	0.00969	0.01087	0.00757	0.00590	0.00480	0.00162	0.00752	0.00387	0.00372	0.00725
13	0.01469	0.43425	0.30985	0.01244	0.01860	0.04039	0.01405	0.01837	0.01224	0.06394	0.00980	0.01098	0.00775	0.00527	0.00452	0.00149	0.00705	0.00370	0.00275	0.00790
14	0.01298	0.01558	0.08982	0.02021	0.02415	0.01546	0.42122	0.01668	0.01169	0.01668	0.01001	0.01411	0.00814	0.00673	0.01093	0.00212	0.28763	0.00592	0.00271	0.00726
15	0.00978	0.00622	0.00819	0.00748	0.00913	0.00569	0.00569	0.01243	0.01621	0.09428	0.68958	0.04050	0.05015	0.01125	0.00665	0.00180	0.00291	0.00990	0.00637	0.00581
16	0.00832	0.00555	0.00624	0.00624	0.00624	0.00555	0.00347	0.00832	0.00832	0.01109	0.01802	0.03743	0.02080	0.79898	0.02911	0.00555	0.00555	0.00832	0.00347	0.00347
17	0.01529	0.80242	0.02997	0.00979	0.01468	0.02263	0.00979	0.01713	0.01162	0.01346	0.00795	0.00918	0.00734	0.00489	0.00367	0.00122	0.00612	0.00306	0.00245	0.00734
18	0.00770	0.00579	0.00676	0.00677	0.00832	0.00510	0.00503	0.00953	0.01383	0.03435	0.28197	0.16086	0.39035	0.01395	0.00684	0.00196	0.00299	0.02713	0.00567	0.00510
19	0.02083	0.09517	0.01742	0.01430	0.01742	0.71001	0.01094	0.02234	0.01581	0.01395	0.00876	0.01022	0.00737	0.00581	0.00503	0.00145	0.00995	0.00363	0.00290	0.00669
20	0.02482	0.01085	0.01342	0.01044	0.01474	0.05053	0.00856	0.05658	0.01672	0.67839	0.02229	0.01958	0.03126	0.00718	0.00574	0.00176	0.00518	0.00576	0.00676	0.00945

[dist]
# distance from previous block
# <min> <max>
16	31

[block]
# block no. 8 follows, 41 sequences, length 6
# corresponding to MSA columns:
# 896-901
name=unknown_I
#
# <colnr> <probs for GDERKNQSTAVLIFYWHMCP>
#	G	D	E	R	K	N	Q	S	T	A	V	L	I	F	Y	W	H	M	C	P
0	0.14493	0.41444	0.22824	0.01154	0.01707	0.06821	0.01241	0.01773	0.01175	0.01670	0.00865	0.01006	0.00714	0.00517	0.00423	0.00149	0.00677	0.00343	0.00264	0.00742
1	0.07644	0.04295	0.14089	0.03068	0.01782	0.06507	0.06058	0.10309	0.01272	0.01858	0.01036	0.03472	0.00894	0.00934	0.04991	0.00235	0.26683	0.00502	0.00315	0.04056
2	0.20696	0.01096	0.01098	0.00969	0.01292	0.01208	0.00772	0.09840	0.30583	0.04674	0.02248	0.02313	0.10335	0.00804	0.00534	0.00184	0.00445	0.03514	0.03852	0.03543
3	0.01816	0.06232	0.05072	0.04677	0.01491	0.00965	0.00889	0.03889	0.06872	0.38546	0.12701	0.06213	0.04568	0.00850	0.00591	0.00181	0.00483	0.02559	0.00590	0.00815
4	0.11241	0.00973	0.01150	0.00947	0.01289	0.00953	0.00752	0.07197	0.10379	0.33984	0.10965	0.04918	0.01919	0.05998	0.00715	0.00201	0.00457	0.00648	0.00586	0.04727
5	0.61061	0.08684	0.10222	0.00926	0.01347	0.06410	0.00864	0.01740	0.01062	0.02287	0.00830	0.00968	0.00650	0.00533	0.00389	0.00171	0.00545	0.00327	0.00327	0.00660

[dist]
# distance from previous block
# <min> <max>
4	13

[block]
# block no. 9 follows, 41 sequences, length 6
# corresponding to MSA columns:
# 915-920
name=unknown_J
#
# <colnr> <probs for GDERKNQSTAVLIFYWHMCP>
#	G	D	E	R	K	N	Q	S	T	A	V	L	I	F	Y	W	H	M	C	P
0	0.01314	0.01366	0.05199	0.12304	0.49043	0.01314	0.13082	0.01684	0.01287	0.01794	0.01331	0.01659	0.04884	0.00564	0.00589	0.00178	0.00720	0.00569	0.00292	0.00827
1	0.01295	0.08883	0.49139	0.01679	0.10127	0.01401	0.01756	0.09646	0.01405	0.02009	0.06432	0.01444	0.01107	0.00596	0.00544	0.00174	0.00743	0.00476	0.00310	0.00835
2	0.10104	0.01072	0.01191	0.00928	0.01323	0.01009	0.00735	0.17540	0.01511	0.11422	0.01505	0.03904	0.03261	0.09243	0.00754	0.00183	0.00486	0.00518	0.00449	0.32862
3	0.04671	0.00779	0.00809	0.00738	0.00930	0.00848	0.00575	0.09380	0.09399	0.02304	0.01770	0.01962	0.01377	0.00690	0.00501	0.00151	0.03791	0.00533	0.58164	0.00628
4	0.01329	0.07197	0.14925	0.08914	0.02170	0.01437	0.16710	0.04806	0.09326	0.04799	0.05000	0.03854	0.01235	0.00717	0.00822	0.00195	0.14872	0.00590	0.00352	0.00752
5	0.03416	0.00797	0.00977	0.00938	0.04145	0.00794	0.00671	0.06824	0.07160	0.09923	0.24385	0.09367	0.04964	0.09617	0.04698	0.00255	0.00459	0.00830	0.06457	0.03322

[dist]
# distance from previous block
# <min> <max>
2	5

[block]
# block no. 10 follows, 41 sequences, length 56
# corresponding to MSA columns:
# 926-981
name=unknown_K
#
# <colnr> <probs for GDERKNQSTAVLIFYWHMCP>
#	G	D	E	R	K	N	Q	S	T	A	V	L	I	F	Y	W	H	M	C	P
0	0.01434	0.01179	0.01242	0.03776	0.14719	0.12041	0.00893	0.11450	0.01473	0.02130	0.01450	0.01690	0.01147	0.00695	0.02119	0.00164	0.00549	0.00496	0.37619	0.03734
1	0.13521	0.01435	0.04716	0.12638	0.10326	0.01363	0.31884	0.01780	0.01336	0.02028	0.01326	0.01898	0.01107	0.00674	0.00650	0.00212	0.00801	0.04819	0.00364	0.07122
2	0.01346	0.05110	0.36084	0.16738	0.15807	0.01382	0.03698	0.01775	0.01316	0.01873	0.01382	0.01699	0.03984	0.00678	0.00618	0.00204	0.00798	0.00538	0.00326	0.04644
3	0.05717	0.21171	0.43100	0.01528	0.02198	0.06492	0.04992	0.01944	0.01331	0.04211	0.01156	0.01375	0.00906	0.00643	0.00566	0.00194	0.00821	0.00455	0.00325	0.00874
4	0.01218	0.00783	0.00984	0.00962	0.01152	0.00718	0.00754	0.01434	0.02917	0.11257	0.32310	0.08282	0.11696	0.01372	0.00762	0.00237	0.00438	0.21411	0.00641	0.00672
5	0.00992	0.05452	0.00944	0.00799	0.01024	0.00788	0.00605	0.01252	0.08443	0.01888	0.16781	0.04826	0.51204	0.01367	0.00714	0.00216	0.00381	0.01106	0.00585	0.00634
6	0.01708	0.01316	0.01547	0.01191	0.01656	0.01215	0.04244	0.26276	0.01813	0.05327	0.01487	0.06522	0.01252	0.00724	0.00582	0.00164	0.00571	0.00560	0.00496	0.41350
7	0.00870	0.00643	0.00766	0.00854	0.00936	0.00575	0.00576	0.00930	0.01233	0.01618	0.03789	0.58277	0.19804	0.04957	0.00870	0.00265	0.00390	0.01523	0.00573	0.00551
8	0.74207	0.01288	0.03661	0.00921	0.01297	0.01374	0.00760	0.01870	0.05461	0.02654	0.01062	0.01240	0.00848	0.00654	0.00447	0.00208	0.00513	0.00390	0.00418	0.00728
9	0.01601	0.53128	0.23711	0.01291	0.01875	0.05499	0.01365	0.01870	0.01296	0.01635	0.01031	0.01234	0.00887	0.00618	0.00496	0.00171	0.00748	0.00398	0.00303	0.00843
10	0.73009	0.01075	0.00910	0.07014	0.01324	0.01246	0.00695	0.01635	0.01022	0.02466	0.04635	0.01151	0.00877	0.00569	0.00389	0.00179	0.00461	0.00364	0.00361	0.00618
11	0.01532	0.80203	0.02999	0.00981	0.01470	0.02264	0.00980	0.01715	0.01164	0.01349	0.00799	0.00922	0.00737	0.00492	0.00369	0.00123	0.00613	0.00307	0.00246	0.00736
12	0.00701	0.00583	0.00612	0.00605	0.00789	0.00494	0.00453	0.00866	0.01357	0.01670	0.17236	0.05306	0.64545	0.01405	0.00677	0.00192	0.00288	0.01180	0.00548	0.00494
13	0.20376	0.01098	0.01546	0.26852	0.02334	0.01219	0.09185	0.06403	0.05749	0.10572	0.01228	0.01489	0.00913	0.00714	0.00681	0.07448	0.00630	0.00498	0.00374	0.00692
14	0.01533	0.01272	0.01350	0.01177	0.01517	0.01454	0.00925	0.15225	0.60206	0.02600	0.04758	0.02083	0.01744	0.00777	0.00585	0.00190	0.00478	0.00639	0.00583	0.00906
