[name]
unknown

[dist]
# distance from previous block
# <min> <max>
0	95

[block]
# block no. 0 follows, 41 sequences, length 48
# corresponding to MSA columns:
# 95-142
name=unknown_A
#
# <colnr> <probs for GDERKNQSTAVLIFYWHMCP>
#	G	D	E	R	K	N	Q	S	T	A	V	L	I	F	Y	W	H	M	C	P
0	0.00879	0.00645	0.00862	0.00971	0.01113	0.00628	0.00837	0.01122	0.01314	0.01683	0.03510	0.06287	0.15977	0.01557	0.00770	0.00251	0.00485	0.60063	0.00527	0.00519
1	0.83938	0.01106	0.00841	0.00752	0.01106	0.01283	0.00619	0.01681	0.00973	0.02566	0.00796	0.00929	0.00619	0.00531	0.00354	0.00177	0.00442	0.00310	0.00354	0.00619
2	0.01420	0.01191	0.01479	0.01653	0.18431	0.01304	0.01068	0.02558	0.48537	0.05783	0.04398	0.02238	0.04348	0.00765	0.00589	0.00189	0.00496	0.02159	0.00519	0.00875
3	0.01186	0.01017	0.01186	0.00847	0.01356	0.00762	0.00678	0.01440	0.01186	0.01864	0.01017	0.01186	0.00847	0.00424	0.00424	0.00085	0.00424	0.00339	0.00339	0.83395
4	0.01325	0.01267	0.02159	0.23693	0.56854	0.01335	0.01711	0.01676	0.01260	0.01759	0.01060	0.01445	0.00867	0.00526	0.00568	0.00175	0.00702	0.00509	0.00275	0.00833
5	0.00808	0.00616	0.00782	0.00808	0.00949	0.00532	0.00564	0.00943	0.01116	0.01552	0.02668	0.61735	0.03116	0.01481	0.00660	0.00199	0.00353	0.01334	0.00487	0.19297
6	0.01277	0.06551	0.55833	0.01466	0.02165	0.01271	0.01775	0.01874	0.04116	0.08257	0.01375	0.01828	0.01087	0.00670	0.00564	0.00187	0.00754	0.07806	0.00324	0.00820
7	0.01241	0.01174	0.01991	0.15919	0.46791	0.01202	0.05341	0.01576	0.01315	0.01827	0.10096	0.02010	0.05721	0.00650	0.00592	0.00177	0.00639	0.00620	0.00333	0.00785
8	0.01265	0.01014	0.01194	0.00857	0.01362	0.00767	0.00687	0.01518	0.01212	0.06162	0.01088	0.01230	0.00880	0.00440	0.00432	0.00090	0.00427	0.00352	0.00360	0.78663
9	0.08322	0.13592	0.03259	0.01372	0.03927	0.47749	0.01068	0.03657	0.04350	0.05570	0.01010	0.01122	0.00812	0.00586	0.00502	0.00152	0.01520	0.00386	0.00329	0.00713
10	0.01159	0.02877	0.72711	0.01675	0.02505	0.01335	0.06255	0.01813	0.01216	0.01813	0.01034	0.01227	0.00733	0.00540	0.00551	0.00182	0.00852	0.00437	0.00244	0.00841
11	0.83938	0.01106	0.00841	0.00752	0.01106	0.01283	0.00619	0.01681	0.00973	0.02566	0.00796	0.00929	0.00619	0.00531	0.00354	0.00177	0.00442	0.00310	0.00354	0.00619
12	0.00818	0.00609	0.00901	0.00901	0.00997	0.00705	0.00693	0.01010	0.00914	0.01315	0.01548	0.02338	0.01469	0.08867	0.73108	0.00897	0.01473	0.00626	0.00309	0.00501
13	0.00712	0.00509	0.00680	0.00808	0.00849	0.00477	0.00552	0.00825	0.01123	0.01498	0.05328	0.73409	0.03805	0.01762	0.00732	0.00232	0.00340	0.05354	0.00534	0.00470
14	0.01147	0.02959	0.76934	0.01630	0.02476	0.01328	0.02113	0.01811	0.01208	0.01811	0.01026	0.01208	0.00725	0.00543	0.00543	0.00181	0.00845	0.00423	0.00242	0.00845
15	0.00832	0.00555	0.00624	0.00624	0.00624	0.00555	0.00347	0.00832	0.00832	0.01109	0.01802	0.03743	0.02080	0.79898	0.02911	0.00555	0.00555	0.00832	0.00347	0.00347
16	0.00832	0.00555	0.00624	0.00624	0.00624	0.00555	0.00347	0.00832	0.00832	0.01109	0.01802	0.03743	0.02080	0.79898	0.02911	0.00555	0.00555	0.00832	0.00347	0.00347
17	0.00810	0.00585	0.00765	0.00720	0.00855	0.00540	0.00540	0.01079	0.01619	0.02294	0.76028	0.04273	0.05397	0.01169	0.00675	0.00180	0.00270	0.01034	0.00630	0.00540
18	0.01529	0.80242	0.02997	0.00979	0.01468	0.02263	0.00979	0.01713	0.01162	0.01346	0.00795	0.00918	0.00734	0.00489	0.00367	0.00122	0.00612	0.00306	0.00245	0.00734
19	0.01121	0.00575	0.00575	0.00573	0.00711	0.00567	0.00426	0.01371	0.01233	0.02178	0.01913	0.02199	0.01512	0.00701	0.00424	0.00143	0.00287	0.00550	0.82380	0.00562
20	0.02219	0.01635	0.01749	0.01349	0.01808	0.01797	0.01107	0.73832	0.02710	0.03638	0.01424	0.01447	0.01023	0.00721	0.00595	0.00182	0.00647	0.00532	0.00588	0.00998
21	0.02608	0.01011	0.01363	0.01053	0.01497	0.00872	0.00863	0.02813	0.01667	0.76130	0.02300	0.02015	0.01462	0.00743	0.00598	0.00187	0.00505	0.00592	0.00723	0.00998
22	0.02187	0.02595	0.01667	0.01484	0.01804	0.66567	0.01122	0.12214	0.01797	0.01754	0.01006	0.01155	0.00821	0.00638	0.00547	0.00161	0.00990	0.00407	0.00351	0.00733
23	0.02608	0.01011	0.01363	0.01053	0.01497	0.00872	0.00863	0.02813	0.01667	0.76130	0.02300	0.02015	0.01462	0.00743	0.00598	0.00187	0.00505	0.00592	0.00723	0.00998
24	0.01536	0.01250	0.01331	0.01190	0.01523	0.01417	0.00923	0.03049	0.70696	0.06469	0.02367	0.02191	0.01772	0.00806	0.00604	0.00203	0.00473	0.00659	0.00605	0.00935
25	0.01240	0.01054	0.01223	0.00884	0.01394	0.00794	0.00701	0.01477	0.01220	0.01912	0.01071	0.01261	0.00898	0.00461	0.00448	0.00095	0.00443	0.00357	0.00357	0.82711
26	0.01212	0.05134	0.74259	0.01643	0.02476	0.01381	0.02093	0.01842	0.01240	0.01847	0.01074	0.01274	0.00777	0.00578	0.00561	0.00189	0.00854	0.00437	0.00261	0.00868
27	0.00888	0.00596	0.00665	0.00663	0.00668	0.00588	0.00373	0.00874	0.00868	0.01163	0.01849	0.03796	0.02120	0.79252	0.02914	0.00561	0.00572	0.00846	0.00365	0.00377
28	0.01201	0.02979	0.76320	0.01661	0.02504	0.01355	0.02124	0.01845	0.01241	0.01860	0.01080	0.01282	0.00777	0.00579	0.00566	0.00191	0.00861	0.00440	0.00261	0.00871
29	0.83281	0.01143	0.00880	0.00790	0.01146	0.01310	0.00643	0.01716	0.01009	0.02608	0.00852	0.01006	0.00673	0.00567	0.00379	0.00187	0.00461	0.00328	0.00372	0.00647
30	0.01135	0.01054	0.01748	0.77893	0.03955	0.01298	0.01604	0.01498	0.01178	0.01513	0.01071	0.01597	0.00814	0.00608	0.00595	0.00200	0.00778	0.00525	0.00273	0.00663
31	0.83281	0.01143	0.00880	0.00790	0.01146	0.01310	0.00643	0.01716	0.01009	0.02608	0.00852	0.01006	0.00673	0.00567	0.00379	0.00187	0.00461	0.00328	0.00372	0.00647
32	0.83281	0.01143	0.00880	0.00790	0.01146	0.01310	0.00643	0.01716	0.01009	0.02608	0.00852	0.01006	0.00673	0.00567	0.00379	0.00187	0.00461	0.00328	0.00372	0.00647
33	0.01455	0.54278	0.27242	0.01228	0.01835	0.01976	0.01371	0.01780	0.01211	0.01551	0.00927	0.01090	0.00783	0.00544	0.00449	0.00152	0.00706	0.00363	0.00263	0.00798
34	0.01423	0.47935	0.33311	0.01282	0.01918	0.01899	0.01464	0.01788	0.01214	0.01589	0.00946	0.01114	0.00782	0.00548	0.00464	0.00157	0.00725	0.00373	0.00262	0.00807
35	0.00755	0.00540	0.00705	0.00834	0.00872	0.00499	0.00556	0.00839	0.01129	0.01511	0.03188	0.78926	0.03809	0.01817	0.00751	0.00242	0.00352	0.01634	0.00548	0.00494
36	0.83281	0.01143	0.00880	0.00790	0.01146	0.01310	0.00643	0.01716	0.01009	0.02608	0.00852	0.01006	0.00673	0.00567	0.00379	0.00187	0.00461	0.00328	0.00372	0.00647
37	0.01499	0.01188	0.01288	0.01163	0.01478	0.01329	0.00907	0.02859	0.62440	0.07480	0.05707	0.02512	0.02012	0.00866	0.00619	0.00206	0.00469	0.04472	0.00606	0.00899
38	0.01201	0.02979	0.76320	0.01661	0.02504	0.01355	0.02124	0.01845	0.01241	0.01860	0.01080	0.01282	0.00777	0.00579	0.00566	0.00191	0.00861	0.00440	0.00261	0.00871
39	0.00739	0.00602	0.00640	0.00668	0.00829	0.00513	0.00482	0.00858	0.01289	0.01576	0.05207	0.22351	0.59080	0.01555	0.00710	0.00212	0.00319	0.01313	0.00548	0.00508
40	0.02479	0.01134	0.01429	0.01113	0.01554	0.01065	0.00909	0.15307	0.05744	0.59461	0.02150	0.01925	0.01402	0.00742	0.00598	0.00187	0.00528	0.00585	0.00693	0.00995
41	0.02129	0.02629	0.01615	0.01466	0.01756	0.71773	0.01093	0.04160	0.01646	0.01498	0.00990	0.01229	0.00851	0.03917	0.00640	0.00175	0.01015	0.00410	0.00323	0.00686
42	0.01453	0.01241	0.01314	0.01194	0.01512	0.01417	0.00928	0.02986	0.71625	0.02408	0.02400	0.02380	0.01854	0.00843	0.00613	0.00207	0.00474	0.03642	0.00596	0.00915
43	0.00760	0.00542	0.00703	0.00828	0.00865	0.00502	0.00549	0.00840	0.01120	0.01499	0.03140	0.76209	0.03748	0.04618	0.00830	0.00253	0.00360	0.01605	0.00541	0.00490
44	0.00932	0.00676	0.00980	0.00968	0.01079	0.00766	0.00747	0.01114	0.00983	0.03645	0.01656	0.05743	0.01564	0.03991	0.69316	0.00853	0.03417	0.00670	0.00346	0.00554
45	0.03438	0.01130	0.01855	0.59618	0.19494	0.01318	0.01614	0.01568	0.01207	0.01630	0.01078	0.01557	0.00841	0.00593	0.00588	0.00196	0.00752	0.00520	0.00282	0.00721
46	0.00769	0.00622	0.00670	0.00656	0.00837	0.00532	0.00488	0.00931	0.01419	0.01793	0.24275	0.05218	0.56911	0.01403	0.00697	0.00199	0.00305	0.01173	0.00574	0.00527
47	0.00888	0.00596	0.00665	0.00663	0.00668	0.00588	0.00373	0.00874	0.00868	0.01163	0.01849	0.03796	0.02120	0.79252	0.02914	0.00561	0.00572	0.00846	0.00365	0.00377

[dist]
# distance from previous block
# <min> <max>
0	1

[block]
# block no. 1 follows, 41 sequences, length 31
# corresponding to MSA columns:
# 144-174
name=unknown_B
#
# <colnr> <probs for GDERKNQSTAVLIFYWHMCP>
#	G	D	E	R	K	N	Q	S	T	A	V	L	I	F	Y	W	H	M	C	P
0	0.02149	0.02678	0.01633	0.01473	0.01776	0.73875	0.01109	0.05703	0.01678	0.01516	0.00919	0.01065	0.00759	0.00602	0.00524	0.00151	0.01016	0.00379	0.00312	0.00684
1	0.03374	0.01611	0.15392	0.11344	0.50866	0.01351	0.04247	0.01741	0.01269	0.01840	0.01068	0.01400	0.00861	0.00530	0.00566	0.00177	0.00725	0.00499	0.00279	0.00860
2	0.10496	0.01474	0.01637	0.07117	0.01845	0.01687	0.01099	0.53023	0.02195	0.03092	0.01228	0.01341	0.00906	0.00705	0.00701	0.00185	0.09403	0.00495	0.00493	0.00877
3	0.02184	0.01609	0.01724	0.01323	0.01781	0.01779	0.01092	0.74292	0.02694	0.03612	0.01385	0.01389	0.00984	0.00694	0.00577	0.00174	0.00633	0.00519	0.00576	0.00978
4	0.00782	0.00583	0.00724	0.00707	0.00844	0.00527	0.00522	0.01004	0.01504	0.02058	0.53436	0.12601	0.19980	0.01301	0.00686	0.00190	0.00285	0.01137	0.00602	0.00526
5	0.01540	0.80100	0.03002	0.00987	0.01476	0.02267	0.00983	0.01720	0.01170	0.01357	0.00808	0.00935	0.00746	0.00497	0.00372	0.00125	0.00616	0.00310	0.00249	0.00740
6	0.00710	0.00507	0.00673	0.00805	0.00839	0.00472	0.00536	0.00806	0.01103	0.01471	0.03160	0.79392	0.03789	0.01798	0.00735	0.00234	0.00336	0.01628	0.00535	0.00471
7	0.01411	0.01401	0.06781	0.13575	0.54335	0.01333	0.03331	0.01814	0.03800	0.04941	0.01170	0.01483	0.00935	0.00545	0.00574	0.00177	0.00696	0.00519	0.00309	0.00870
8	0.01946	0.01428	0.01548	0.01241	0.01639	0.01571	0.01003	0.54270	0.13302	0.05702	0.01725	0.08937	0.01380	0.00813	0.00594	0.00183	0.00574	0.00646	0.00578	0.00920
9	0.00710	0.00507	0.00673	0.00805	0.00839	0.00472	0.00536	0.00806	0.01103	0.01471	0.03160	0.79392	0.03789	0.01798	0.00735	0.00234	0.00336	0.01628	0.00535	0.00471
10	0.01078	0.00542	0.00542	0.00542	0.00676	0.00541	0.00406	0.01341	0.01207	0.02143	0.01876	0.02147	0.01476	0.00674	0.00405	0.00136	0.00271	0.00537	0.82920	0.00539
11	0.00693	0.00589	0.00595	0.00593	0.00785	0.00492	0.00444	0.00839	0.01322	0.01582	0.08172	0.05471	0.73576	0.01445	0.00681	0.00195	0.00293	0.01204	0.00538	0.00491
12	0.02055	0.01570	0.01687	0.01310	0.01738	0.05248	0.04025	0.61753	0.02463	0.03311	0.01394	0.01444	0.01010	0.00680	0.00564	0.00170	0.00635	0.00520	0.07503	0.00918
13	0.01312	0.01101	0.04303	0.00902	0.01419	0.00799	0.00755	0.01577	0.01232	0.08171	0.01133	0.01268	0.00901	0.00461	0.00447	0.00099	0.00450	0.00366	0.00370	0.72934
14	0.20569	0.01046	0.01517	0.60102	0.03277	0.01280	0.01364	0.01521	0.01111	0.01732	0.00977	0.01401	0.00740	0.00570	0.00526	0.00190	0.00691	0.00465	0.00282	0.00638
15	0.01159	0.02963	0.76798	0.01637	0.02482	0.01334	0.02116	0.01819	0.01215	0.01822	0.01038	0.01224	0.00736	0.00551	0.00549	0.00183	0.00849	0.00427	0.00246	0.00851
16	0.01308	0.01333	0.01752	0.01507	0.01523	0.05566	0.01248	0.01430	0.00921	0.01389	0.00770	0.01257	0.00762	0.00988	0.01811	0.00247	0.74798	0.00498	0.00257	0.00634
17	0.01078	0.00542	0.00542	0.00542	0.00676	0.00541	0.00406	0.01341	0.01207	0.02143	0.01876	0.02147	0.01476	0.00674	0.00405	0.00136	0.00271	0.00537	0.82920	0.00539
18	0.01006	0.00506	0.00754	0.00754	0.00755	0.00504	0.00502	0.00755	0.00753	0.01006	0.01006	0.01754	0.01005	0.01992	0.02237	0.83202	0.00501	0.00501	0.00253	0.00255
19	0.00778	0.00589	0.00715	0.00690	0.00839	0.00527	0.00514	0.01001	0.01511	0.02049	0.52244	0.07767	0.26101	0.01284	0.00682	0.00188	0.00283	0.01112	0.00600	0.00526
20	0.00710	0.00507	0.00673	0.00805	0.00839	0.00472	0.00536	0.00806	0.01103	0.01471	0.03160	0.79392	0.03789	0.01798	0.00735	0.00234	0.00336	0.01628	0.00535	0.00471
21	0.00830	0.00622	0.00928	0.00927	0.01030	0.00722	0.00720	0.01030	0.00927	0.01339	0.01543	0.02262	0.01440	0.04291	0.77490	0.00920	0.01534	0.00616	0.00311	0.00517
22	0.00822	0.00594	0.00773	0.00728	0.00864	0.00547	0.00545	0.01088	0.01626	0.02303	0.75897	0.04283	0.05400	0.01176	0.00679	0.00182	0.00274	0.01037	0.00633	0.00546
23	0.01540	0.80100	0.03002	0.00987	0.01476	0.02267	0.00983	0.01720	0.01170	0.01357	0.00808	0.00935	0.00746	0.00497	0.00372	0.00125	0.00616	0.00310	0.00249	0.00740
24	0.00822	0.00594	0.00773	0.00728	0.00864	0.00547	0.00545	0.01088	0.01626	0.02303	0.75897	0.04283	0.05400	0.01176	0.00679	0.00182	0.00274	0.01037	0.00633	0.00546
25	0.00710	0.00507	0.00673	0.00805	0.00839	0.00472	0.00536	0.00806	0.01103	0.01471	0.03160	0.79392	0.03789	0.01798	0.00735	0.00234	0.00336	0.01628	0.00535	0.00471
26	0.00935	0.00671	0.00835	0.00937	0.01000	0.00607	0.00629	0.00990	0.01279	0.01741	0.10208	0.70030	0.04038	0.01832	0.00809	0.00264	0.00403	0.01599	0.00606	0.00587
27	0.01064	0.00767	0.00925	0.00994	0.01087	0.00724	0.00681	0.07950	0.01381	0.01865	0.03124	0.69755	0.03618	0.01787	0.00799	0.00263	0.00438	0.01550	0.00600	0.00628
28	0.01423	0.02622	0.53626	0.02075	0.09692	0.01459	0.15668	0.01943	0.01374	0.02010	0.01268	0.01584	0.00974	0.00670	0.00661	0.00221	0.00912	0.00548	0.00330	0.00940
29	0.01315	0.00763	0.00771	0.00750	0.00918	0.00750	0.00549	0.01644	0.08361	0.02336	0.02093	0.02395	0.01673	0.00814	0.00512	0.00179	0.00364	0.00610	0.72521	0.00681
30	0.53215	0.20969	0.01603	0.01026	0.01417	0.08874	0.00849	0.01883	0.01220	0.02318	0.01024	0.01239	0.00868	0.00668	0.00469	0.00199	0.00614	0.00388	0.00393	0.00762

[dist]
# distance from previous block
# <min> <max>
0	5

[block]
# block no. 2 follows, 41 sequences, length 18
# corresponding to MSA columns:
# 180-197
name=unknown_C
#
# <colnr> <probs for GDERKNQSTAVLIFYWHMCP>
#	G	D	E	R	K	N	Q	S	T	A	V	L	I	F	Y	W	H	M	C	P
0	0.62516	0.00958	0.00761	0.00696	0.00992	0.01089	0.00563	0.01591	0.01032	0.02454	0.01073	0.01240	0.00838	0.00566	0.00366	0.00166	0.00397	0.00367	0.21737	0.00597
1	0.02137	0.02726	0.01621	0.01474	0.01768	0.77602	0.01105	0.02284	0.01621	0.01400	0.00884	0.01031	0.00737	0.00589	0.00516	0.00147	0.01031	0.00368	0.00295	0.00663
2	0.00883	0.00720	0.01092	0.01498	0.20347	0.00696	0.00847	0.01044	0.01149	0.01566	0.02616	0.59333	0.03039	0.01460	0.00688	0.00216	0.00422	0.01337	0.00467	0.00579
3	0.00830	0.00561	0.00655	0.00655	0.00666	0.00572	0.00386	0.00852	0.00841	0.01132	0.01774	0.03584	0.02010	0.71862	0.10853	0.00593	0.00658	0.00809	0.00342	0.00364
4	0.01430	0.60264	0.22110	0.01147	0.01729	0.02022	0.01272	0.01738	0.01174	0.01466	0.00855	0.00993	0.00732	0.00503	0.00413	0.00138	0.00672	0.00336	0.00244	0.00763
5	0.04948	0.01110	0.01563	0.01672	0.20806	0.01064	0.01078	0.02514	0.10915	0.45328	0.01910	0.01798	0.01299	0.00659	0.00566	0.00177	0.00531	0.00558	0.00570	0.00935
6	0.00867	0.00781	0.01030	0.01337	0.20305	0.00709	0.00776	0.01062	0.01303	0.01629	0.04575	0.04448	0.56660	0.01206	0.00648	0.00187	0.00390	0.01027	0.00467	0.00592
7	0.02083	0.01514	0.01619	0.01252	0.01683	0.01672	0.01031	0.68397	0.02566	0.03483	0.01414	0.01436	0.01013	0.00685	0.00558	0.00168	0.00600	0.00516	0.07374	0.00936
8	0.00733	0.00582	0.00658	0.00639	0.00807	0.00507	0.00479	0.00931	0.01438	0.01863	0.35585	0.04982	0.46110	0.01330	0.00675	0.00188	0.00281	0.01134	0.00573	0.00507
9	0.02427	0.01144	0.01427	0.01100	0.01542	0.01101	0.00907	0.21314	0.04354	0.55357	0.02031	0.01805	0.01312	0.00705	0.00575	0.00176	0.00522	0.00562	0.00669	0.00971
10	0.22281	0.00719	0.00759	0.00709	0.00908	0.00724	0.00546	0.01200	0.01409	0.02262	0.46997	0.03576	0.13810	0.01042	0.00592	0.00181	0.00317	0.00871	0.00545	0.00553
11	0.01222	0.01159	0.02025	0.02671	0.47626	0.01139	0.10520	0.01517	0.01255	0.01759	0.01623	0.21623	0.01645	0.00838	0.00622	0.00189	0.00625	0.00819	0.00348	0.00775
12	0.02050	0.01028	0.01533	0.01650	0.20759	0.00959	0.01061	0.02300	0.01461	0.47931	0.01861	0.01847	0.01286	0.01105	0.10225	0.00268	0.00668	0.00563	0.00548	0.00898
13	0.01968	0.00921	0.01306	0.01253	0.10682	0.00828	0.00877	0.02217	0.01591	0.48108	0.21179	0.02482	0.02381	0.00802	0.00600	0.00177	0.00455	0.00686	0.00634	0.00853
14	0.00697	0.00498	0.00664	0.00796	0.00830	0.00465	0.00531	0.00796	0.01095	0.01460	0.03153	0.79525	0.03783	0.01792	0.00730	0.00232	0.00332	0.01626	0.00531	0.00465
15	0.00812	0.00558	0.00618	0.00618	0.00642	0.00546	0.00358	0.00830	0.00891	0.01164	0.02302	0.03964	0.11351	0.70071	0.02631	0.00509	0.00521	0.00879	0.00370	0.00364
16	0.02200	0.02216	0.01609	0.01376	0.01731	0.48385	0.01067	0.20995	0.01899	0.11405	0.01182	0.01235	0.00883	0.00629	0.00538	0.00157	0.00859	0.00432	0.00418	0.00782
17	0.01393	0.01101	0.01211	0.01064	0.01359	0.01221	0.00832	0.11467	0.44905	0.04790	0.21258	0.02586	0.02583	0.00864	0.00605	0.00187	0.00429	0.00728	0.00597	0.00821

[dist]
# distance from previous block
# <min> <max>
0	278

# created by:
# /software/SequenceAnalysis/GenePrediction/augustus/3.0.1/scripts/msa2prfl.pl ./fixed/BUSCOvEOG7WSXR2.fas
