[name]
unknown

[dist]
# distance from previous block
# <min> <max>
0	128

[block]
# block no. 0 follows, 41 sequences, length 8
# corresponding to MSA columns:
# 130-137
name=unknown_A
#
# <colnr> <probs for GDERKNQSTAVLIFYWHMCP>
#	G	D	E	R	K	N	Q	S	T	A	V	L	I	F	Y	W	H	M	C	P
0	0.00906	0.00578	0.00771	0.00856	0.00940	0.00548	0.00628	0.01043	0.01161	0.07192	0.02915	0.48460	0.03311	0.09755	0.00959	0.00269	0.00413	0.18264	0.00524	0.00506
1	0.01143	0.01929	0.35277	0.01695	0.02270	0.01179	0.22311	0.01647	0.01278	0.01790	0.01610	0.02733	0.01466	0.00809	0.00648	0.00207	0.00792	0.20146	0.00333	0.00737
2	0.01334	0.01274	0.02256	0.10642	0.09460	0.01261	0.31241	0.12106	0.01464	0.01998	0.01449	0.13056	0.01306	0.00714	0.00625	0.00184	0.00726	0.00730	0.00366	0.07810
3	0.00906	0.00600	0.00815	0.00889	0.01001	0.00576	0.00691	0.01095	0.01260	0.06234	0.11334	0.35225	0.05488	0.01705	0.04783	0.00269	0.00463	0.25598	0.00540	0.00528
4	0.01210	0.00673	0.00854	0.00829	0.00985	0.00664	0.00639	0.04601	0.01244	0.12934	0.02258	0.11858	0.04033	0.09624	0.07529	0.07397	0.00529	0.14084	0.17490	0.00563
5	0.08052	0.00856	0.01284	0.31286	0.09920	0.00959	0.01113	0.01267	0.01146	0.01621	0.01895	0.27449	0.01995	0.01057	0.00625	0.00208	0.00563	0.07725	0.00382	0.00596
6	0.64523	0.01405	0.12368	0.01118	0.07702	0.01296	0.00940	0.01707	0.01036	0.02394	0.00855	0.01012	0.00660	0.00531	0.00400	0.00177	0.00523	0.00344	0.00331	0.00678
7	0.20853	0.02877	0.06780	0.23368	0.07921	0.01346	0.05197	0.01838	0.09580	0.06492	0.01175	0.01415	0.00893	0.00617	0.00632	0.00189	0.07276	0.00480	0.00346	0.00727

[dist]
# distance from previous block
# <min> <max>
0	8

[block]
# block no. 1 follows, 41 sequences, length 33
# corresponding to MSA columns:
# 146-178
name=unknown_B
#
# <colnr> <probs for GDERKNQSTAVLIFYWHMCP>
#	G	D	E	R	K	N	Q	S	T	A	V	L	I	F	Y	W	H	M	C	P
0	0.02612	0.01026	0.01612	0.38759	0.17124	0.01185	0.01351	0.04151	0.02540	0.01652	0.01453	0.16360	0.01389	0.00826	0.00676	0.00197	0.05363	0.00721	0.00332	0.00672
1	0.00746	0.00583	0.00678	0.00723	0.00845	0.00539	0.00513	0.00970	0.05703	0.01625	0.11312	0.37079	0.31940	0.03094	0.00738	0.00216	0.00321	0.01329	0.00540	0.00503
2	0.01218	0.00784	0.00958	0.00916	0.01088	0.00790	0.00689	0.16240	0.01503	0.08185	0.07241	0.37909	0.02777	0.01367	0.00758	0.05261	0.00422	0.06016	0.05267	0.00611
3	0.06664	0.00881	0.01120	0.00906	0.01259	0.00802	0.00733	0.03780	0.01521	0.51914	0.05102	0.06099	0.01656	0.00767	0.00546	0.00173	0.00434	0.00626	0.14180	0.00837
4	0.01338	0.01562	0.05228	0.02331	0.02879	0.01463	0.67581	0.01802	0.01315	0.01802	0.01127	0.01515	0.00856	0.00518	0.00750	0.00196	0.06030	0.00657	0.00285	0.00764
5	0.00776	0.00539	0.00678	0.00758	0.00789	0.00522	0.00503	0.00855	0.01017	0.01351	0.02606	0.41260	0.03055	0.32548	0.01597	0.00363	0.00442	0.09458	0.00458	0.00425
6	0.09105	0.00728	0.00861	0.00815	0.01027	0.00696	0.00621	0.01475	0.05530	0.16976	0.15456	0.23648	0.15979	0.01222	0.00638	0.00199	0.00369	0.03461	0.00569	0.00625
7	0.34659	0.01161	0.01219	0.00977	0.01388	0.01217	0.00806	0.17780	0.01601	0.31650	0.01489	0.01421	0.01005	0.00633	0.00487	0.00176	0.00500	0.00457	0.00539	0.00833
8	0.02566	0.00973	0.01327	0.01018	0.01460	0.00841	0.00841	0.02788	0.01637	0.76726	0.02257	0.01947	0.01416	0.00708	0.00575	0.00177	0.00487	0.00575	0.00708	0.00973
9	0.00776	0.00535	0.00710	0.00762	0.00836	0.00500	0.00537	0.00894	0.01236	0.01679	0.26176	0.39265	0.07946	0.01593	0.00901	0.10701	0.00337	0.03624	0.00527	0.00464
10	0.08827	0.00707	0.00802	0.00738	0.00943	0.00687	0.00558	0.03450	0.01297	0.17644	0.06465	0.15080	0.06158	0.06381	0.00695	0.00199	0.00370	0.00787	0.27594	0.00618
11	0.02340	0.01336	0.01552	0.01190	0.01641	0.01379	0.00983	0.44119	0.02244	0.34537	0.01747	0.01616	0.01160	0.00696	0.00573	0.00174	0.00569	0.00540	0.00630	0.00973
12	0.01138	0.01103	0.01915	0.61757	0.08414	0.01322	0.08485	0.01511	0.01157	0.01518	0.01018	0.01503	0.00781	0.00585	0.00660	0.00193	0.05491	0.00524	0.00259	0.00665
13	0.01000	0.00689	0.00911	0.00888	0.01014	0.00741	0.00661	0.05046	0.06228	0.05035	0.06432	0.16538	0.02137	0.10311	0.34398	0.05261	0.00912	0.00834	0.00419	0.00546
14	0.01094	0.00640	0.00745	0.00703	0.00831	0.00656	0.00508	0.05275	0.01185	0.06082	0.05991	0.02659	0.01820	0.22880	0.13779	0.00384	0.00585	0.00657	0.32996	0.00529
15	0.01269	0.00781	0.00976	0.00938	0.01172	0.00758	0.00771	0.01694	0.11909	0.17067	0.10790	0.04521	0.16698	0.01222	0.00683	0.00214	0.00437	0.26852	0.00583	0.00664
16	0.15881	0.01083	0.01252	0.07226	0.01542	0.01151	0.00866	0.16307	0.04668	0.13433	0.09756	0.07105	0.01651	0.00776	0.00620	0.00176	0.05249	0.00607	0.00487	0.10165
17	0.06907	0.00941	0.01185	0.00965	0.01273	0.00929	0.00772	0.08797	0.01508	0.40058	0.08199	0.02092	0.01640	0.05653	0.00901	0.05935	0.05571	0.00596	0.05298	0.00779
18	0.00994	0.00639	0.00810	0.00807	0.00956	0.00605	0.00592	0.01259	0.06129	0.10531	0.20500	0.33566	0.13000	0.01550	0.05084	0.00245	0.00406	0.01187	0.00566	0.00576
19	0.00994	0.00497	0.00745	0.00745	0.00745	0.00497	0.00497	0.00745	0.00745	0.00994	0.00994	0.01739	0.00994	0.01987	0.02235	0.83358	0.00497	0.00497	0.00248	0.00248
20	0.03048	0.01412	0.01613	0.07486	0.06966	0.03897	0.01111	0.47669	0.02180	0.07138	0.01553	0.06183	0.01265	0.00779	0.00589	0.00182	0.00622	0.04919	0.00518	0.00871
21	0.00747	0.00564	0.00825	0.00899	0.00968	0.00530	0.04451	0.00878	0.01124	0.01497	0.03039	0.70371	0.03595	0.01708	0.00731	0.00232	0.00379	0.06459	0.00518	0.00485
22	0.68994	0.01251	0.05548	0.02241	0.01291	0.02491	0.00762	0.03996	0.01091	0.06716	0.00916	0.01030	0.00686	0.00548	0.00391	0.00177	0.00490	0.00342	0.00371	0.00665
23	0.00737	0.00533	0.00706	0.00829	0.00892	0.00502	0.00597	0.00871	0.01151	0.01513	0.03312	0.60814	0.08676	0.01729	0.00738	0.00235	0.00365	0.14793	0.00530	0.00477
24	0.01814	0.01349	0.01454	0.01195	0.01582	0.01495	0.00961	0.35192	0.33550	0.08466	0.02051	0.01931	0.04794	0.00761	0.00581	0.00183	0.00528	0.00608	0.00585	0.00921
25	0.01359	0.22998	0.18133	0.04351	0.26759	0.01573	0.07952	0.01731	0.01232	0.01693	0.00987	0.01237	0.00809	0.00512	0.00526	0.00158	0.01737	0.00441	0.00266	0.05545
26	0.01010	0.00701	0.01009	0.00956	0.01107	0.00725	0.04058	0.05553	0.01185	0.06118	0.05324	0.20660	0.06082	0.02544	0.31121	0.06220	0.00876	0.03771	0.00429	0.00550
27	0.01251	0.01251	0.01752	0.01502	0.01502	0.01752	0.01251	0.01377	0.00876	0.01377	0.00751	0.01251	0.00751	0.01001	0.01877	0.00250	0.78851	0.00501	0.00250	0.00626
28	0.05776	0.00766	0.01060	0.07597	0.01333	0.00780	0.04856	0.05273	0.01343	0.06401	0.22179	0.20513	0.05073	0.06952	0.07246	0.00281	0.00535	0.00962	0.00491	0.00581
29	0.07900	0.04782	0.01691	0.26951	0.03333	0.04262	0.04096	0.22314	0.01627	0.05683	0.01150	0.01367	0.00856	0.00582	0.00530	0.00165	0.00655	0.00469	0.00387	0.11200
30	0.01367	0.07684	0.34651	0.01481	0.01978	0.01419	0.05706	0.01768	0.01163	0.10717	0.01123	0.01364	0.00863	0.00882	0.05168	0.00236	0.20872	0.00478	0.00307	0.00774
31	0.05883	0.01146	0.01945	0.40900	0.07854	0.01266	0.15620	0.05735	0.01298	0.06051	0.01257	0.06245	0.01017	0.00636	0.00589	0.00190	0.00729	0.00602	0.00329	0.00707
32	0.02783	0.06052	0.01603	0.04648	0.08762	0.02985	0.01042	0.30104	0.10012	0.07631	0.01768	0.11103	0.03694	0.00833	0.00639	0.00183	0.04169	0.00670	0.00492	0.00826

[dist]
# distance from previous block
# <min> <max>
3	6

[block]
# block no. 2 follows, 41 sequences, length 51
# corresponding to MSA columns:
# 185-235
name=unknown_C
#
# <colnr> <probs for GDERKNQSTAVLIFYWHMCP>
#	G	D	E	R	K	N	Q	S	T	A	V	L	I	F	Y	W	H	M	C	P
0	0.06347	0.01006	0.01419	0.27474	0.12046	0.01125	0.02237	0.05860	0.09257	0.01811	0.06241	0.02265	0.04541	0.14862	0.00990	0.00251	0.00605	0.00634	0.00371	0.00658
1	0.01995	0.19450	0.01955	0.01319	0.01698	0.37071	0.01075	0.23343	0.01818	0.02036	0.01005	0.01112	0.00806	0.00605	0.00529	0.00151	0.02499	0.00401	0.00364	0.00769
2	0.06400	0.01022	0.01164	0.00841	0.01340	0.00795	0.00674	0.01455	0.01173	0.01908	0.01003	0.01170	0.00833	0.00430	0.00419	0.00091	0.00425	0.00337	0.00340	0.78179
3	0.00730	0.00564	0.00673	0.00736	0.00862	0.00507	0.00550	0.00885	0.01253	0.01587	0.08626	0.30963	0.35708	0.01570	0.00712	0.00217	0.00340	0.12494	0.00536	0.00487
4	0.19593	0.01468	0.02230	0.04992	0.02177	0.08390	0.32262	0.01724	0.01179	0.01839	0.00958	0.01296	0.00771	0.00620	0.00849	0.00198	0.17948	0.00521	0.00294	0.00690
5	0.19433	0.00921	0.00974	0.00873	0.01135	0.00986	0.00683	0.04019	0.20683	0.06811	0.31004	0.02800	0.05667	0.00895	0.00571	0.00183	0.00380	0.00737	0.00556	0.00689
6	0.01661	0.31672	0.01979	0.01064	0.01489	0.01652	0.00924	0.07457	0.26997	0.12307	0.01582	0.01529	0.01202	0.00629	0.00488	0.00156	0.00529	0.00478	0.00454	0.05752
7	0.00751	0.00674	0.05468	0.00833	0.00942	0.00537	0.00636	0.00924	0.01216	0.01657	0.17907	0.56947	0.05138	0.01578	0.00707	0.00218	0.00354	0.02475	0.00533	0.00505
8	0.01101	0.00794	0.01010	0.06493	0.01310	0.00726	0.00706	0.06029	0.01298	0.07097	0.06767	0.35522	0.02464	0.02003	0.00632	0.00180	0.00418	0.00988	0.00476	0.23987
9	0.01304	0.01736	0.20329	0.02443	0.32077	0.01336	0.15158	0.01725	0.01247	0.01813	0.01050	0.01354	0.00838	0.00539	0.00659	0.00174	0.06286	0.00502	0.00278	0.09152
10	0.15887	0.00995	0.01248	0.00974	0.01402	0.00913	0.00804	0.02606	0.01528	0.64587	0.02018	0.01780	0.01286	0.00679	0.00539	0.00177	0.00479	0.00532	0.00650	0.00915
11	0.01591	0.00750	0.00970	0.00820	0.01072	0.00672	0.00628	0.01785	0.01457	0.35044	0.23289	0.03169	0.07929	0.14426	0.01004	0.00242	0.00416	0.00792	0.03251	0.00695
12	0.13583	0.00774	0.00843	0.00767	0.01013	0.00756	0.00595	0.01552	0.07602	0.14959	0.15563	0.08637	0.23931	0.01054	0.00589	0.00185	0.00359	0.00874	0.05731	0.00636
13	0.00900	0.00700	0.00824	0.00779	0.00955	0.00687	0.00587	0.02895	0.13008	0.02130	0.43848	0.09455	0.18649	0.01197	0.00662	0.00188	0.00314	0.01039	0.00594	0.00589
14	0.01147	0.02959	0.76934	0.01630	0.02476	0.01328	0.02113	0.01811	0.01208	0.01811	0.01026	0.01208	0.00725	0.00543	0.00543	0.00181	0.00845	0.00423	0.00242	0.00845
15	0.01364	0.00701	0.00927	0.00899	0.01088	0.00649	0.00669	0.01592	0.05330	0.26435	0.02806	0.46892	0.02870	0.01370	0.00673	0.00213	0.00397	0.03873	0.00592	0.00659
16	0.07232	0.00740	0.00870	0.00804	0.01021	0.00698	0.00607	0.05695	0.01400	0.17651	0.12365	0.23306	0.19903	0.04168	0.00723	0.00209	0.00381	0.01042	0.00563	0.00623
17	0.01062	0.00565	0.00579	0.00568	0.00690	0.00570	0.00411	0.03249	0.01186	0.02023	0.01843	0.02347	0.01542	0.12219	0.00771	0.00196	0.00318	0.00576	0.68766	0.00518
18	0.02309	0.01387	0.01583	0.01214	0.01666	0.01454	0.01003	0.49865	0.02329	0.28672	0.01676	0.01570	0.01125	0.00694	0.00573	0.00173	0.00580	0.00536	0.00619	0.00973
19	0.00817	0.00551	0.00637	0.00647	0.00659	0.00545	0.00377	0.00844	0.00908	0.01219	0.06591	0.11406	0.02459	0.67098	0.02551	0.00499	0.00514	0.00924	0.00383	0.00371
20	0.09369	0.00706	0.00779	0.00737	0.00945	0.00674	0.00559	0.01340	0.05989	0.10416	0.16678	0.14151	0.28257	0.02033	0.00644	0.00194	0.00342	0.00999	0.04601	0.00588
21	0.00819	0.00564	0.00695	0.00735	0.00778	0.00553	0.00494	0.00910	0.01047	0.01405	0.10705	0.18099	0.02963	0.44102	0.01918	0.00406	0.00477	0.12468	0.00441	0.00419
22	0.01243	0.01282	0.02200	0.01728	0.01928	0.01526	0.26428	0.01479	0.01036	0.01507	0.00997	0.01603	0.00925	0.08765	0.01565	0.00261	0.44009	0.00594	0.00273	0.00648
23	0.01848	0.01157	0.01313	0.01081	0.01428	0.01220	0.00864	0.31597	0.12107	0.19121	0.01987	0.12119	0.01602	0.00849	0.00578	0.00180	0.00497	0.00697	0.08905	0.00851
24	0.01972	0.00968	0.01223	0.01035	0.01384	0.00937	0.00832	0.02537	0.20236	0.44985	0.02420	0.10125	0.01871	0.00896	0.00608	0.00193	0.00465	0.05795	0.00645	0.00873
25	0.00958	0.00580	0.00754	0.00789	0.00906	0.00533	0.00569	0.01119	0.01274	0.10235	0.15690	0.45907	0.08173	0.01467	0.00683	0.00210	0.00340	0.03964	0.05307	0.00543
26	0.00877	0.00731	0.00885	0.08708	0.01285	0.05178	0.00763	0.01054	0.01208	0.01530	0.03022	0.41136	0.10045	0.01510	0.00712	0.00227	0.00463	0.19666	0.00488	0.00511
27	0.01342	0.01415	0.02071	0.01790	0.06504	0.07057	0.14424	0.01547	0.01041	0.01491	0.00854	0.01299	0.00781	0.00847	0.01481	0.00228	0.54369	0.00523	0.00263	0.00672
28	0.01104	0.00667	0.00811	0.00772	0.00892	0.00643	0.00531	0.05810	0.01235	0.11490	0.11245	0.22042	0.05802	0.32568	0.01559	0.00341	0.00451	0.01012	0.00495	0.00527
29	0.07267	0.01664	0.16787	0.01826	0.04625	0.01405	0.29867	0.01679	0.01177	0.01790	0.01003	0.01332	0.00797	0.00602	0.00851	0.00190	0.17265	0.00524	0.00281	0.09067
30	0.01486	0.02087	0.31179	0.09653	0.17671	0.10893	0.01650	0.07015	0.01400	0.07283	0.01148	0.01359	0.00858	0.00687	0.03022	0.00198	0.00807	0.00466	0.00317	0.00821
31	0.00743	0.00539	0.00680	0.00727	0.00820	0.00491	0.00512	0.00878	0.01263	0.01682	0.24010	0.38331	0.18885	0.01559	0.00798	0.05447	0.00316	0.01303	0.00541	0.00476
32	0.02335	0.15581	0.14231	0.31801	0.07304	0.01440	0.01421	0.06753	0.01280	0.01737	0.01005	0.01299	0.00783	0.00539	0.00510	0.00162	0.00691	0.00436	0.00286	0.10407
33	0.01500	0.01423	0.14407	0.01168	0.01609	0.01165	0.01071	0.03790	0.24809	0.14906	0.01717	0.04559	0.01315	0.00703	0.00638	0.00171	0.06076	0.00555	0.00469	0.17950
34	0.01448	0.01440	0.03288	0.10836	0.44647	0.06852	0.06683	0.06293	0.01386	0.01896	0.01073	0.01379	0.00871	0.00523	0.00557	0.00164	0.00708	0.00493	0.00304	0.09159
35	0.00878	0.00569	0.00761	0.00812	0.00890	0.00555	0.00564	0.00995	0.01066	0.06727	0.02568	0.47988	0.02897	0.12939	0.15248	0.00398	0.00597	0.01233	0.00473	0.01841
36	0.01117	0.01068	0.01849	0.69427	0.08446	0.01286	0.05771	0.01501	0.01166	0.01508	0.01028	0.01519	0.00778	0.00563	0.00577	0.00189	0.00769	0.00518	0.00258	0.00660
37	0.00971	0.00683	0.00785	0.00717	0.00925	0.00622	0.00551	0.06279	0.01547	0.07433	0.32236	0.04480	0.38165	0.01233	0.00661	0.00185	0.00320	0.01046	0.00585	0.00575
38	0.01257	0.01267	0.01882	0.01554	0.01643	0.01662	0.08567	0.01426	0.00942	0.01451	0.00808	0.01277	0.00768	0.00915	0.01670	0.00235	0.66352	0.00509	0.00259	0.05555
39	0.01116	0.00667	0.00843	0.00843	0.00979	0.00643	0.00598	0.01388	0.08663	0.14449	0.08126	0.43049	0.03071	0.11609	0.00968	0.00257	0.00395	0.01201	0.00550	0.00586
40	0.00961	0.00651	0.00931	0.00879	0.01034	0.00595	0.05663	0.01142	0.01308	0.09262	0.20821	0.36038	0.12371	0.04635	0.00781	0.00220	0.00380	0.01228	0.00548	0.00553
41	0.02547	0.01004	0.01346	0.01032	0.01475	0.00886	0.00853	0.06244	0.01688	0.73198	0.02214	0.01919	0.01395	0.00707	0.00575	0.00177	0.00494	0.00572	0.00701	0.00973
42	0.02128	0.00862	0.01172	0.00966	0.01312	0.00753	0.00768	0.02321	0.01510	0.59096	0.02466	0.20119	0.01970	0.00962	0.00611	0.00190	0.00450	0.00821	0.00666	0.00854
43	0.00917	0.00572	0.00758	0.00794	0.00899	0.00524	0.00563	0.01077	0.01301	0.09276	0.23758	0.49268	0.05093	0.01501	0.00698	0.00211	0.00329	0.01346	0.00577	0.00537
44	0.00684	0.00580	0.00590	0.00587	0.00777	0.00486	0.00441	0.00836	0.01322	0.01588	0.09827	0.05434	0.72039	0.01433	0.00676	0.00192	0.00289	0.01197	0.00537	0.00486
45	0.01370	0.01177	0.01255	0.01123	0.01446	0.01328	0.00870	0.02813	0.66281	0.02309	0.02273	0.05861	0.01781	0.00800	0.00578	0.00188	0.00445	0.00672	0.00562	0.06868
46	0.09774	0.00955	0.01044	0.00982	0.01153	0.00942	0.00683	0.01683	0.10868	0.11566	0.02199	0.07158	0.02158	0.39457	0.01819	0.00418	0.00594	0.05321	0.00533	0.00692
47	0.00812	0.00531	0.00709	0.00804	0.00868	0.00492	0.00549	0.00931	0.01164	0.05842	0.08388	0.69612	0.03764	0.01685	0.00717	0.00225	0.00336	0.01523	0.00548	0.00499
48	0.00932	0.00604	0.00778	0.00722	0.00866	0.00559	0.00537	0.01180	0.01543	0.06803	0.62444	0.03985	0.04717	0.06828	0.00817	0.00205	0.00304	0.00967	0.04658	0.00552
49	0.00935	0.00665	0.00921	0.00891	0.00996	0.00749	0.00671	0.06294	0.01019	0.01430	0.01502	0.02330	0.01439	0.13786	0.54578	0.09117	0.01233	0.00623	0.00325	0.00496
50	0.02157	0.01093	0.06615	0.01054	0.01471	0.00899	0.00907	0.02544	0.09327	0.55993	0.02267	0.09725	0.01640	0.00813	0.00589	0.00185	0.00493	0.00678	0.00644	0.00906

[dist]
# distance from previous block
# <min> <max>
3	76

# created by:
# /software/SequenceAnalysis/GenePrediction/augustus/3.0.1/scripts/msa2prfl.pl ./fixed/BUSCOvEOG7C2JRQ.fas
