[name]
unknown

[dist]
# distance from previous block
# <min> <max>
17	178

[block]
# block no. 0 follows, 41 sequences, length 27
# corresponding to MSA columns:
# 268-294
name=unknown_A
#
# <colnr> <probs for GDERKNQSTAVLIFYWHMCP>
#	G	D	E	R	K	N	Q	S	T	A	V	L	I	F	Y	W	H	M	C	P
0	0.01062	0.01071	0.04837	0.71072	0.03710	0.01230	0.01554	0.01440	0.01144	0.01476	0.01133	0.05728	0.00924	0.00637	0.00579	0.00192	0.00743	0.00565	0.00269	0.00635
1	0.00697	0.00498	0.00664	0.00796	0.00830	0.00465	0.00531	0.00796	0.01095	0.01460	0.03153	0.79525	0.03783	0.01792	0.00730	0.00232	0.00332	0.01626	0.00531	0.00465
2	0.01186	0.01017	0.01186	0.00847	0.01356	0.00762	0.00678	0.01440	0.01186	0.01864	0.01017	0.01186	0.00847	0.00424	0.00424	0.00085	0.00424	0.00339	0.00339	0.83395
3	0.00697	0.00498	0.00664	0.00796	0.00830	0.00465	0.00531	0.00796	0.01095	0.01460	0.03153	0.79525	0.03783	0.01792	0.00730	0.00232	0.00332	0.01626	0.00531	0.00465
4	0.00686	0.00580	0.00594	0.00590	0.00779	0.00487	0.00443	0.00841	0.01328	0.01603	0.11244	0.05409	0.70612	0.01427	0.00676	0.00192	0.00288	0.01194	0.00539	0.00487
5	0.02143	0.01587	0.01699	0.01310	0.01762	0.01759	0.01080	0.71453	0.05710	0.03554	0.01413	0.01405	0.01005	0.00690	0.00573	0.00173	0.00622	0.00520	0.00573	0.00970
6	0.00804	0.00584	0.00757	0.00714	0.00851	0.00537	0.00535	0.01069	0.01606	0.02263	0.73106	0.04324	0.08338	0.01181	0.00675	0.00180	0.00271	0.01042	0.00626	0.00537
7	0.02566	0.00973	0.01327	0.01018	0.01460	0.00841	0.00841	0.02788	0.01637	0.76726	0.02257	0.01947	0.01416	0.00708	0.00575	0.00177	0.00487	0.00575	0.00708	0.00973
8	0.00697	0.00498	0.00664	0.00796	0.00830	0.00465	0.00531	0.00796	0.01095	0.01460	0.03153	0.79525	0.03783	0.01792	0.00730	0.00232	0.00332	0.01626	0.00531	0.00465
9	0.00762	0.00583	0.00699	0.00670	0.00825	0.00520	0.00502	0.00988	0.01507	0.02028	0.51066	0.04711	0.30525	0.01269	0.00675	0.00185	0.00277	0.01096	0.00595	0.00520
10	0.01325	0.01715	0.12300	0.02316	0.02927	0.01432	0.65500	0.01830	0.01333	0.01830	0.01141	0.01502	0.00850	0.00490	0.00659	0.00191	0.00950	0.00644	0.00283	0.00780
11	0.83938	0.01106	0.00841	0.00752	0.01106	0.01283	0.00619	0.01681	0.00973	0.02566	0.00796	0.00929	0.00619	0.00531	0.00354	0.00177	0.00442	0.00310	0.00354	0.00619
12	0.01103	0.00878	0.01439	0.38049	0.13908	0.00998	0.01204	0.01265	0.01039	0.01398	0.01054	0.01604	0.00890	0.01032	0.01112	0.27576	0.00641	0.00506	0.03756	0.00545
13	0.02566	0.00973	0.01327	0.01018	0.01460	0.00841	0.00841	0.02788	0.01637	0.76726	0.02257	0.01947	0.01416	0.00708	0.00575	0.00177	0.00487	0.00575	0.00708	0.00973
14	0.00735	0.00525	0.00706	0.00828	0.00881	0.00496	0.00587	0.00867	0.01156	0.01542	0.07223	0.64990	0.03804	0.01727	0.00735	0.00234	0.00356	0.11594	0.00536	0.00478
15	0.83938	0.01106	0.00841	0.00752	0.01106	0.01283	0.00619	0.01681	0.00973	0.02566	0.00796	0.00929	0.00619	0.00531	0.00354	0.00177	0.00442	0.00310	0.00354	0.00619
16	0.82423	0.01191	0.00932	0.00840	0.01199	0.01346	0.00675	0.01762	0.01055	0.02662	0.00925	0.01107	0.00742	0.00614	0.00411	0.00200	0.00486	0.00353	0.00396	0.00684
17	0.82423	0.01191	0.00932	0.00840	0.01199	0.01346	0.00675	0.01762	0.01055	0.02662	0.00925	0.01107	0.00742	0.00614	0.00411	0.00200	0.00486	0.00353	0.00396	0.00684
18	0.02662	0.01060	0.01409	0.01100	0.01546	0.00912	0.00891	0.02846	0.01705	0.75353	0.02356	0.02104	0.01523	0.00788	0.00627	0.00200	0.00529	0.00613	0.00743	0.01031
19	0.01271	0.03006	0.75518	0.01700	0.02541	0.01390	0.02139	0.01889	0.01284	0.01923	0.01151	0.01380	0.00845	0.00626	0.00596	0.00204	0.00881	0.00464	0.00286	0.00905
20	0.00910	0.00638	0.00771	0.00799	0.00860	0.00597	0.00523	0.00984	0.01220	0.01677	0.22529	0.30158	0.03662	0.30084	0.01557	0.00357	0.00441	0.01194	0.00529	0.00510
21	0.01527	0.01282	0.01344	0.01217	0.01539	0.01446	0.00934	0.03022	0.70824	0.02481	0.02407	0.02288	0.01834	0.00850	0.00627	0.00214	0.00488	0.00679	0.04050	0.00949
22	0.01541	0.01311	0.01375	0.01243	0.01573	0.01483	0.00955	0.03093	0.73906	0.02492	0.02427	0.02288	0.01846	0.00854	0.00634	0.00216	0.00496	0.00683	0.00619	0.00964
23	0.02662	0.01060	0.01409	0.01100	0.01546	0.00912	0.00891	0.02846	0.01705	0.75353	0.02356	0.02104	0.01523	0.00788	0.00627	0.00200	0.00529	0.00613	0.00743	0.01031
24	0.01192	0.00629	0.00630	0.00625	0.00768	0.00611	0.00459	0.01420	0.01276	0.02237	0.01974	0.02286	0.01572	0.00747	0.00456	0.00157	0.00313	0.00572	0.81477	0.00599
25	0.01646	0.78759	0.03046	0.01062	0.01554	0.02307	0.01027	0.01792	0.01240	0.01466	0.00924	0.01095	0.00854	0.00573	0.00423	0.00146	0.00652	0.00349	0.00289	0.00796
26	0.00962	0.00650	0.00719	0.00714	0.00726	0.00632	0.00407	0.00929	0.00916	0.01234	0.01911	0.03865	0.02173	0.78409	0.02917	0.00570	0.00596	0.00865	0.00389	0.00416

[dist]
# distance from previous block
# <min> <max>
0	140

# created by:
# /software/SequenceAnalysis/GenePrediction/augustus/3.0.1/scripts/msa2prfl.pl ./fixed/BUSCOvEOG7Q5B43.fas
