[name]
unknown

[dist]
# distance from previous block
# <min> <max>
4	46

[block]
# block no. 0 follows, 41 sequences, length 14
# corresponding to MSA columns:
# 53-66
name=unknown_A
#
# <colnr> <probs for GDERKNQSTAVLIFYWHMCP>
#	G	D	E	R	K	N	Q	S	T	A	V	L	I	F	Y	W	H	M	C	P
0	0.01147	0.02959	0.76934	0.01630	0.02476	0.01328	0.02113	0.01811	0.01208	0.01811	0.01026	0.01208	0.00725	0.00543	0.00543	0.00181	0.00845	0.00423	0.00242	0.00845
1	0.00697	0.00498	0.00664	0.00796	0.00830	0.00465	0.00531	0.00796	0.01095	0.01460	0.03153	0.79525	0.03783	0.01792	0.00730	0.00232	0.00332	0.01626	0.00531	0.00465
2	0.03436	0.01307	0.01429	0.04826	0.05288	0.06552	0.01004	0.22599	0.21493	0.10958	0.05778	0.03737	0.01670	0.00809	0.00593	0.00186	0.00565	0.06394	0.00536	0.00838
3	0.01177	0.00808	0.00971	0.00942	0.01107	0.00822	0.00691	0.19899	0.01535	0.06004	0.02646	0.55247	0.02932	0.01449	0.00681	0.00214	0.00417	0.01284	0.00551	0.00623
4	0.00720	0.00523	0.00689	0.00799	0.00855	0.00479	0.00538	0.00827	0.01099	0.01480	0.03050	0.75754	0.03642	0.01726	0.00715	0.00225	0.00336	0.01564	0.00522	0.04457
5	0.01147	0.02959	0.76934	0.01630	0.02476	0.01328	0.02113	0.01811	0.01208	0.01811	0.01026	0.01208	0.00725	0.00543	0.00543	0.00181	0.00845	0.00423	0.00242	0.00845
6	0.01393	0.01336	0.02280	0.08668	0.71353	0.01353	0.01744	0.01735	0.01292	0.01841	0.01072	0.01423	0.00896	0.00514	0.00567	0.00171	0.00685	0.00510	0.00281	0.00887
7	0.01666	0.01159	0.01294	0.01066	0.01368	0.01264	0.00844	0.40314	0.05052	0.05664	0.01600	0.04282	0.01325	0.09270	0.09625	0.03521	0.00661	0.00602	0.08658	0.00766
8	0.00728	0.00548	0.00794	0.00874	0.00934	0.00512	0.04080	0.00846	0.01107	0.01478	0.03057	0.75771	0.03643	0.01729	0.00727	0.00230	0.00362	0.01580	0.00519	0.00479
9	0.83938	0.01106	0.00841	0.00752	0.01106	0.01283	0.00619	0.01681	0.00973	0.02566	0.00796	0.00929	0.00619	0.00531	0.00354	0.00177	0.00442	0.00310	0.00354	0.00619
10	0.00737	0.00561	0.00828	0.00894	0.00961	0.00524	0.05007	0.00859	0.01111	0.01483	0.03031	0.74790	0.03606	0.01712	0.00727	0.00230	0.00370	0.01568	0.00516	0.00483
11	0.01804	0.01584	0.01920	0.07632	0.23029	0.09616	0.04136	0.35141	0.01958	0.02585	0.01188	0.01359	0.00904	0.00599	0.00563	0.00167	0.00701	0.00497	0.00417	0.04200
12	0.01433	0.01409	0.05345	0.09711	0.54091	0.01364	0.03941	0.08491	0.01410	0.01991	0.01096	0.01406	0.00888	0.00528	0.00563	0.00169	0.00686	0.00504	0.00308	0.04665
13	0.59651	0.01134	0.03030	0.04972	0.01365	0.01214	0.00764	0.01793	0.01083	0.12012	0.01013	0.01124	0.00749	0.00566	0.00454	0.00175	0.03089	0.00366	0.00387	0.05057

[dist]
# distance from previous block
# <min> <max>
4	5

[block]
# block no. 1 follows, 41 sequences, length 6
# corresponding to MSA columns:
# 73-78
name=unknown_B
#
# <colnr> <probs for GDERKNQSTAVLIFYWHMCP>
#	G	D	E	R	K	N	Q	S	T	A	V	L	I	F	Y	W	H	M	C	P
0	0.07336	0.01036	0.01256	0.01028	0.01413	0.01024	0.00829	0.02698	0.23346	0.45978	0.06204	0.02064	0.01679	0.00742	0.00568	0.00182	0.00462	0.00604	0.00644	0.00907
1	0.01350	0.01543	0.03375	0.02411	0.02989	0.01446	0.74253	0.01832	0.01350	0.01832	0.01157	0.01543	0.00868	0.00482	0.00675	0.00193	0.00964	0.00675	0.00289	0.00771
2	0.83938	0.01106	0.00841	0.00752	0.01106	0.01283	0.00619	0.01681	0.00973	0.02566	0.00796	0.00929	0.00619	0.00531	0.00354	0.00177	0.00442	0.00310	0.00354	0.00619
3	0.07598	0.18573	0.48668	0.01371	0.02067	0.01471	0.01644	0.01875	0.01222	0.08986	0.01080	0.01198	0.00785	0.00547	0.00496	0.00168	0.00732	0.00405	0.00296	0.00818
4	0.09207	0.01198	0.01707	0.45123	0.19774	0.06498	0.01445	0.01600	0.01199	0.01687	0.01039	0.01437	0.00812	0.00559	0.00538	0.00179	0.00708	0.00481	0.04116	0.00692
5	0.01378	0.01465	0.02929	0.02876	0.34014	0.01409	0.43585	0.01800	0.01330	0.01848	0.01123	0.01489	0.00884	0.00494	0.00629	0.00183	0.00844	0.00605	0.00287	0.00828

[dist]
# distance from previous block
# <min> <max>
6	75

[block]
# block no. 2 follows, 41 sequences, length 23
# corresponding to MSA columns:
# 154-176
name=unknown_C
#
# <colnr> <probs for GDERKNQSTAVLIFYWHMCP>
#	G	D	E	R	K	N	Q	S	T	A	V	L	I	F	Y	W	H	M	C	P
0	0.01210	0.02542	0.55985	0.01944	0.08793	0.01355	0.16471	0.01811	0.01244	0.01820	0.01057	0.01292	0.00768	0.00528	0.00572	0.00183	0.00855	0.00480	0.00255	0.00836
1	0.01529	0.80242	0.02997	0.00979	0.01468	0.02263	0.00979	0.01713	0.01162	0.01346	0.00795	0.00918	0.00734	0.00489	0.00367	0.00122	0.00612	0.00306	0.00245	0.00734
2	0.01416	0.01359	0.02322	0.03511	0.76330	0.01359	0.01755	0.01755	0.01302	0.01869	0.01076	0.01416	0.00906	0.00510	0.00566	0.00170	0.00680	0.00510	0.00283	0.00906
3	0.00810	0.00585	0.00765	0.00720	0.00855	0.00540	0.00540	0.01079	0.01619	0.02294	0.76028	0.04273	0.05397	0.01169	0.00675	0.00180	0.00270	0.01034	0.00630	0.00540
4	0.00818	0.00608	0.00894	0.00894	0.00988	0.00701	0.00684	0.01005	0.00912	0.01309	0.01555	0.02373	0.01485	0.10652	0.71344	0.00889	0.01450	0.00631	0.00310	0.00497
5	0.00731	0.00521	0.00691	0.00799	0.00848	0.00490	0.00551	0.00855	0.01154	0.01551	0.10812	0.62987	0.03843	0.05218	0.00826	0.00243	0.00349	0.06525	0.00533	0.00472
6	0.01904	0.01121	0.01308	0.01102	0.01476	0.01178	0.00878	0.02933	0.44307	0.33666	0.02298	0.02055	0.01607	0.00747	0.00579	0.00187	0.00467	0.00617	0.00635	0.00934
7	0.83938	0.01106	0.00841	0.00752	0.01106	0.01283	0.00619	0.01681	0.00973	0.02566	0.00796	0.00929	0.00619	0.00531	0.00354	0.00177	0.00442	0.00310	0.00354	0.00619
8	0.01411	0.01557	0.01275	0.01192	0.01365	0.33334	0.00913	0.01579	0.01210	0.01356	0.01203	0.01694	0.01100	0.04519	0.36924	0.00529	0.07455	0.00506	0.00298	0.00580
9	0.01849	0.02171	0.01810	0.01529	0.01861	0.48330	0.12705	0.05520	0.07793	0.01711	0.03444	0.01371	0.01028	0.00623	0.00581	0.00162	0.02672	0.00478	0.03655	0.00705
10	0.00835	0.00575	0.00657	0.00657	0.00686	0.00572	0.00393	0.00916	0.03152	0.01281	0.08265	0.08359	0.04662	0.63861	0.02455	0.00482	0.00506	0.00902	0.00394	0.00391
11	0.01423	0.01229	0.01293	0.01164	0.01487	0.01423	0.00905	0.03039	0.75297	0.02393	0.02328	0.02134	0.01746	0.00776	0.00582	0.00194	0.00453	0.00647	0.00582	0.00905
12	0.00697	0.00498	0.00664	0.00796	0.00830	0.00465	0.00531	0.00796	0.01095	0.01460	0.03153	0.79525	0.03783	0.01792	0.00730	0.00232	0.00332	0.01626	0.00531	0.00465
13	0.02566	0.00973	0.01327	0.01018	0.01460	0.00841	0.00841	0.02788	0.01637	0.76726	0.02257	0.01947	0.01416	0.00708	0.00575	0.00177	0.00487	0.00575	0.00708	0.00973
14	0.01529	0.80242	0.02997	0.00979	0.01468	0.02263	0.00979	0.01713	0.01162	0.01346	0.00795	0.00918	0.00734	0.00489	0.00367	0.00122	0.00612	0.00306	0.00245	0.00734
15	0.00816	0.00641	0.00676	0.00651	0.00858	0.00569	0.00493	0.01079	0.06564	0.04682	0.11650	0.05015	0.61580	0.01347	0.00665	0.00191	0.00307	0.01127	0.00551	0.00537
16	0.00736	0.00528	0.00683	0.00776	0.00827	0.00490	0.00515	0.00835	0.01082	0.01458	0.04895	0.65125	0.03501	0.11092	0.00978	0.00263	0.00361	0.01461	0.00504	0.03890
17	0.00752	0.00545	0.00720	0.00833	0.00907	0.00514	0.00612	0.00901	0.01189	0.01566	0.06953	0.52958	0.09837	0.01684	0.00736	0.00233	0.00370	0.17671	0.00535	0.00484
18	0.00828	0.00605	0.00882	0.00882	0.00979	0.00696	0.00676	0.01021	0.00925	0.01346	0.01565	0.02348	0.01477	0.09472	0.69160	0.00861	0.01411	0.00625	0.03740	0.00500
19	0.00817	0.00613	0.00919	0.00919	0.01021	0.00715	0.00715	0.01021	0.00919	0.01328	0.01532	0.02247	0.01430	0.04290	0.77631	0.00919	0.01532	0.00613	0.00306	0.00511
20	0.83938	0.01106	0.00841	0.00752	0.01106	0.01283	0.00619	0.01681	0.00973	0.02566	0.00796	0.00929	0.00619	0.00531	0.00354	0.00177	0.00442	0.00310	0.00354	0.00619
21	0.00693	0.00513	0.00648	0.00755	0.00819	0.00468	0.00513	0.00801	0.01135	0.01476	0.03656	0.65424	0.17559	0.01727	0.00720	0.00225	0.00324	0.01546	0.00531	0.00468
22	0.01251	0.01251	0.01752	0.01502	0.01502	0.01752	0.01251	0.01377	0.00876	0.01377	0.00751	0.01251	0.00751	0.01001	0.01877	0.00250	0.78851	0.00501	0.00250	0.00626

[dist]
# distance from previous block
# <min> <max>
8	77

# created by:
# /software/SequenceAnalysis/GenePrediction/augustus/3.0.1/scripts/msa2prfl.pl ./fixed/BUSCOvEOG79GMXN.fas
