[name]
unknown

[dist]
# distance from previous block
# <min> <max>
18	330

[block]
# block no. 0 follows, 40 sequences, length 12
# corresponding to MSA columns:
# 375-386
name=unknown_A
#
# <colnr> <probs for GDERKNQSTAVLIFYWHMCP>
#	G	D	E	R	K	N	Q	S	T	A	V	L	I	F	Y	W	H	M	C	P
0	0.01223	0.01223	0.01087	0.01099	0.05133	0.20616	0.00762	0.01489	0.04832	0.01880	0.34168	0.10281	0.05470	0.07209	0.00818	0.00210	0.00536	0.00874	0.00495	0.00594
1	0.00746	0.00535	0.00699	0.00801	0.00853	0.00498	0.00541	0.00856	0.01125	0.01513	0.06313	0.65176	0.03676	0.08159	0.00915	0.00257	0.00362	0.03574	0.00523	0.02878
2	0.01321	0.01750	0.15083	0.02153	0.02678	0.01508	0.48878	0.01775	0.01261	0.01775	0.01079	0.01459	0.00837	0.00597	0.00887	0.00205	0.15095	0.00612	0.00279	0.00770
3	0.01555	0.79913	0.03047	0.00995	0.01493	0.02301	0.00995	0.01741	0.01182	0.01368	0.00808	0.00933	0.00746	0.00498	0.00373	0.00124	0.00622	0.00311	0.00249	0.00746
4	0.02211	0.01629	0.01745	0.01338	0.01803	0.01803	0.01105	0.73997	0.02734	0.03665	0.01396	0.01396	0.00989	0.00698	0.00582	0.00175	0.00640	0.00524	0.00582	0.00989
5	0.83671	0.01125	0.00855	0.00765	0.01125	0.01305	0.00630	0.01709	0.00990	0.02609	0.00810	0.00945	0.00630	0.00540	0.00360	0.00180	0.00450	0.00315	0.00360	0.00630
6	0.00752	0.00592	0.00678	0.00657	0.00825	0.00518	0.00492	0.00959	0.01477	0.01932	0.38943	0.05003	0.42422	0.01338	0.00687	0.00190	0.00285	0.01144	0.00587	0.00518
7	0.06546	0.56715	0.08036	0.01037	0.01545	0.01936	0.01035	0.01925	0.01253	0.13732	0.01069	0.01126	0.00852	0.00540	0.00420	0.00141	0.00608	0.00365	0.00332	0.00787
8	0.00745	0.00537	0.00713	0.00841	0.00899	0.00506	0.00600	0.00876	0.01162	0.01531	0.03328	0.63374	0.07609	0.01768	0.00749	0.00239	0.00367	0.13134	0.00539	0.00484
9	0.14978	0.67033	0.02689	0.00957	0.01432	0.02138	0.00935	0.01736	0.01150	0.01571	0.00809	0.00935	0.00727	0.00504	0.00371	0.00133	0.00594	0.00312	0.00267	0.00727
10	0.06776	0.01498	0.01700	0.05077	0.01815	0.01745	0.01136	0.51564	0.02183	0.03040	0.01216	0.01352	0.00912	0.00748	0.00836	0.00192	0.16337	0.00508	0.00487	0.00880
11	0.00895	0.00640	0.00746	0.00698	0.00790	0.00601	0.00439	0.00955	0.00926	0.01287	0.01771	0.07898	0.01980	0.57872	0.06375	0.00485	0.00581	0.00801	0.00360	0.13898

[dist]
# distance from previous block
# <min> <max>
2	469

# created by:
# /software/SequenceAnalysis/GenePrediction/augustus/3.0.1/scripts/msa2prfl.pl ./fixed/BUSCOvEOG72V9VS.fas
