[name]
unknown

[dist]
# distance from previous block
# <min> <max>
0	0

[block]
# block no. 0 follows, 41 sequences, length 14
# corresponding to MSA columns:
# 0-13
name=unknown_A
#
# <colnr> <probs for GDERKNQSTAVLIFYWHMCP>
#	G	D	E	R	K	N	Q	S	T	A	V	L	I	F	Y	W	H	M	C	P
0	0.00922	0.00658	0.00922	0.01053	0.01185	0.00658	0.00922	0.01185	0.01317	0.01712	0.03029	0.06452	0.03292	0.01580	0.00790	0.00263	0.00527	0.72480	0.00527	0.00527
1	0.01186	0.01017	0.01186	0.00847	0.01356	0.00762	0.00678	0.01440	0.01186	0.01864	0.01017	0.01186	0.00847	0.00424	0.00424	0.00085	0.00424	0.00339	0.00339	0.83395
2	0.02566	0.00973	0.01327	0.01018	0.01460	0.00841	0.00841	0.02788	0.01637	0.76726	0.02257	0.01947	0.01416	0.00708	0.00575	0.00177	0.00487	0.00575	0.00708	0.00973
3	0.01394	0.01337	0.02283	0.08272	0.71736	0.01353	0.01745	0.01737	0.01292	0.01843	0.01072	0.01423	0.00897	0.00514	0.00567	0.00171	0.00685	0.00510	0.00281	0.00889
4	0.01626	0.01183	0.01299	0.01138	0.01483	0.01319	0.00894	0.02995	0.62215	0.15594	0.02315	0.02101	0.01687	0.00764	0.00581	0.00191	0.00459	0.00634	0.00604	0.00917
5	0.01186	0.01017	0.01186	0.00847	0.01356	0.00762	0.00678	0.01440	0.01186	0.01864	0.01017	0.01186	0.00847	0.00424	0.00424	0.00085	0.00424	0.00339	0.00339	0.83395
6	0.00689	0.00584	0.00597	0.00604	0.00794	0.00492	0.00460	0.00840	0.01304	0.01554	0.05650	0.05554	0.72298	0.01455	0.00682	0.00197	0.00302	0.04927	0.00531	0.00485
7	0.00817	0.00613	0.00919	0.00919	0.01021	0.00715	0.00715	0.01021	0.00919	0.01328	0.01532	0.02247	0.01430	0.04290	0.77631	0.00919	0.01532	0.00613	0.00306	0.00511
8	0.00697	0.00498	0.00664	0.00796	0.00830	0.00465	0.00531	0.00796	0.01095	0.01460	0.03153	0.79525	0.03783	0.01792	0.00730	0.00232	0.00332	0.01626	0.00531	0.00465
9	0.01416	0.01359	0.02322	0.03511	0.76330	0.01359	0.01755	0.01755	0.01302	0.01869	0.01076	0.01416	0.00906	0.00510	0.00566	0.00170	0.00680	0.00510	0.00283	0.00906
10	0.02195	0.01021	0.01309	0.01004	0.01445	0.00902	0.00821	0.07285	0.04514	0.53314	0.04284	0.01853	0.01423	0.00673	0.00551	0.00161	0.00477	0.00546	0.00626	0.15594
11	0.02309	0.03683	0.01373	0.01060	0.01462	0.11662	0.00860	0.02573	0.04720	0.56018	0.02239	0.02013	0.05914	0.00733	0.00567	0.00173	0.00554	0.00580	0.00619	0.00889
12	0.02053	0.02445	0.01586	0.01417	0.01719	0.62987	0.01077	0.11222	0.01708	0.01671	0.00989	0.01155	0.00813	0.00849	0.05669	0.00202	0.01015	0.00403	0.00330	0.00692
13	0.02145	0.02492	0.01641	0.01441	0.01769	0.61805	0.01101	0.17312	0.01843	0.01859	0.00986	0.01103	0.00786	0.00610	0.00528	0.00152	0.00948	0.00399	0.00353	0.00728

[dist]
# distance from previous block
# <min> <max>
0	1

[block]
# block no. 1 follows, 41 sequences, length 17
# corresponding to MSA columns:
# 15-31
name=unknown_B
#
# <colnr> <probs for GDERKNQSTAVLIFYWHMCP>
#	G	D	E	R	K	N	Q	S	T	A	V	L	I	F	Y	W	H	M	C	P
0	0.01416	0.01359	0.02322	0.03511	0.76330	0.01359	0.01755	0.01755	0.01302	0.01869	0.01076	0.01416	0.00906	0.00510	0.00566	0.00170	0.00680	0.00510	0.00283	0.00906
1	0.83938	0.01106	0.00841	0.00752	0.01106	0.01283	0.00619	0.01681	0.00973	0.02566	0.00796	0.00929	0.00619	0.00531	0.00354	0.00177	0.00442	0.00310	0.00354	0.00619
2	0.01416	0.01359	0.02322	0.03511	0.76330	0.01359	0.01755	0.01755	0.01302	0.01869	0.01076	0.01416	0.00906	0.00510	0.00566	0.00170	0.00680	0.00510	0.00283	0.00906
3	0.01416	0.01359	0.02322	0.03511	0.76330	0.01359	0.01755	0.01755	0.01302	0.01869	0.01076	0.01416	0.00906	0.00510	0.00566	0.00170	0.00680	0.00510	0.00283	0.00906
4	0.00862	0.00549	0.00612	0.00617	0.00639	0.00548	0.00362	0.00908	0.00899	0.01281	0.01867	0.06603	0.02055	0.64493	0.02435	0.00476	0.00501	0.00818	0.13095	0.00380
5	0.01398	0.01367	0.02208	0.13933	0.63134	0.04473	0.01705	0.01736	0.01293	0.01792	0.01060	0.01415	0.00879	0.00522	0.00565	0.00172	0.00706	0.00504	0.00280	0.00858
6	0.00697	0.00498	0.00664	0.00796	0.00830	0.00465	0.00531	0.00796	0.01095	0.01460	0.03153	0.79525	0.03783	0.01792	0.00730	0.00232	0.00332	0.01626	0.00531	0.00465
7	0.01080	0.01017	0.01716	0.78523	0.03940	0.01271	0.01589	0.01461	0.01144	0.01461	0.01017	0.01525	0.00762	0.00572	0.00572	0.00191	0.00762	0.00508	0.00254	0.00635
8	0.01529	0.80242	0.02997	0.00979	0.01468	0.02263	0.00979	0.01713	0.01162	0.01346	0.00795	0.00918	0.00734	0.00489	0.00367	0.00122	0.00612	0.00306	0.00245	0.00734
9	0.00676	0.00579	0.00579	0.00579	0.00773	0.00483	0.00435	0.00821	0.01304	0.01545	0.05794	0.05505	0.76098	0.01449	0.00676	0.00193	0.00290	0.01207	0.00531	0.00483
10	0.00697	0.00498	0.00664	0.00796	0.00830	0.00465	0.00531	0.00796	0.01095	0.01460	0.03153	0.79525	0.03783	0.01792	0.00730	0.00232	0.00332	0.01626	0.00531	0.00465
11	0.02174	0.01602	0.01717	0.01316	0.01774	0.01774	0.01087	0.74423	0.02689	0.03605	0.01373	0.01373	0.00973	0.00687	0.00572	0.00172	0.00629	0.00515	0.00572	0.00973
12	0.01186	0.01017	0.01186	0.00847	0.01356	0.00762	0.00678	0.01440	0.01186	0.01864	0.01017	0.01186	0.00847	0.00424	0.00424	0.00085	0.00424	0.00339	0.00339	0.83395
13	0.01529	0.80242	0.02997	0.00979	0.01468	0.02263	0.00979	0.01713	0.01162	0.01346	0.00795	0.00918	0.00734	0.00489	0.00367	0.00122	0.00612	0.00306	0.00245	0.00734
14	0.00905	0.00646	0.00902	0.01034	0.01158	0.00644	0.00892	0.01156	0.01300	0.01693	0.03038	0.11946	0.03329	0.01596	0.00786	0.00261	0.00512	0.67153	0.00527	0.00522
15	0.00676	0.00579	0.00579	0.00579	0.00773	0.00483	0.00435	0.00821	0.01304	0.01545	0.05794	0.05505	0.76098	0.01449	0.00676	0.00193	0.00290	0.01207	0.00531	0.00483
16	0.02174	0.01602	0.01717	0.01316	0.01774	0.01774	0.01087	0.74423	0.02689	0.03605	0.01373	0.01373	0.00973	0.00687	0.00572	0.00172	0.00629	0.00515	0.00572	0.00973

[dist]
# distance from previous block
# <min> <max>
0	6

[block]
# block no. 2 follows, 41 sequences, length 16
# corresponding to MSA columns:
# 38-53
name=unknown_C
#
# <colnr> <probs for GDERKNQSTAVLIFYWHMCP>
#	G	D	E	R	K	N	Q	S	T	A	V	L	I	F	Y	W	H	M	C	P
0	0.01080	0.01017	0.01716	0.78523	0.03940	0.01271	0.01589	0.01461	0.01144	0.01461	0.01017	0.01525	0.00762	0.00572	0.00572	0.00191	0.00762	0.00508	0.00254	0.00635
1	0.01251	0.01251	0.01752	0.01502	0.01502	0.01752	0.01251	0.01377	0.00876	0.01377	0.00751	0.01251	0.00751	0.01001	0.01877	0.00250	0.78851	0.00501	0.00250	0.00626
2	0.01423	0.01229	0.01293	0.01164	0.01487	0.01423	0.00905	0.03039	0.75297	0.02393	0.02328	0.02134	0.01746	0.00776	0.00582	0.00194	0.00453	0.00647	0.00582	0.00905
3	0.00767	0.00697	0.00652	0.00640	0.00834	0.04694	0.00480	0.00923	0.01348	0.01601	0.11554	0.05155	0.65920	0.01378	0.00667	0.00190	0.00328	0.01147	0.00527	0.00498
4	0.01251	0.01251	0.01752	0.01502	0.01502	0.01752	0.01251	0.01377	0.00876	0.01377	0.00751	0.01251	0.00751	0.01001	0.01877	0.00250	0.78851	0.00501	0.00250	0.00626
5	0.00676	0.00579	0.00579	0.00579	0.00773	0.00483	0.00435	0.00821	0.01304	0.01545	0.05794	0.05505	0.76098	0.01449	0.00676	0.00193	0.00290	0.01207	0.00531	0.00483
6	0.83938	0.01106	0.00841	0.00752	0.01106	0.01283	0.00619	0.01681	0.00973	0.02566	0.00796	0.00929	0.00619	0.00531	0.00354	0.00177	0.00442	0.00310	0.00354	0.00619
7	0.01387	0.01330	0.02270	0.09948	0.70118	0.01351	0.01741	0.01730	0.01289	0.01834	0.01071	0.01425	0.00894	0.00515	0.00567	0.00172	0.00687	0.00510	0.00281	0.00883
8	0.20844	0.05556	0.55939	0.01396	0.02110	0.01354	0.01714	0.01777	0.01150	0.01973	0.00963	0.01130	0.00700	0.00538	0.00491	0.00178	0.00740	0.00391	0.00268	0.00787
9	0.83938	0.01106	0.00841	0.00752	0.01106	0.01283	0.00619	0.01681	0.00973	0.02566	0.00796	0.00929	0.00619	0.00531	0.00354	0.00177	0.00442	0.00310	0.00354	0.00619
10	0.01298	0.01868	0.20799	0.02190	0.02809	0.01430	0.54234	0.01809	0.01298	0.01809	0.01110	0.01452	0.00829	0.00517	0.00691	0.00192	0.03997	0.00608	0.00276	0.00783
11	0.01215	0.01189	0.01777	0.16214	0.02009	0.01586	0.05258	0.01416	0.00968	0.01453	0.00876	0.01361	0.00793	0.00875	0.01493	0.00230	0.56016	0.00513	0.04127	0.00631
12	0.01529	0.80242	0.02997	0.00979	0.01468	0.02263	0.00979	0.01713	0.01162	0.01346	0.00795	0.00918	0.00734	0.00489	0.00367	0.00122	0.00612	0.00306	0.00245	0.00734
13	0.01227	0.00677	0.00898	0.00790	0.00999	0.00611	0.00611	0.01485	0.01623	0.19989	0.58490	0.03720	0.04451	0.01060	0.00651	0.00179	0.00321	0.00925	0.00648	0.00643
14	0.00832	0.00555	0.00624	0.00624	0.00624	0.00555	0.00347	0.00832	0.00832	0.01109	0.01802	0.03743	0.02080	0.79898	0.02911	0.00555	0.00555	0.00832	0.00347	0.00347
15	0.83938	0.01106	0.00841	0.00752	0.01106	0.01283	0.00619	0.01681	0.00973	0.02566	0.00796	0.00929	0.00619	0.00531	0.00354	0.00177	0.00442	0.00310	0.00354	0.00619

[dist]
# distance from previous block
# <min> <max>
0	6

[block]
# block no. 3 follows, 41 sequences, length 9
# corresponding to MSA columns:
# 60-68
name=unknown_D
#
# <colnr> <probs for GDERKNQSTAVLIFYWHMCP>
#	G	D	E	R	K	N	Q	S	T	A	V	L	I	F	Y	W	H	M	C	P
0	0.83938	0.01106	0.00841	0.00752	0.01106	0.01283	0.00619	0.01681	0.00973	0.02566	0.00796	0.00929	0.00619	0.00531	0.00354	0.00177	0.00442	0.00310	0.00354	0.00619
1	0.01939	0.02385	0.01800	0.06884	0.11194	0.59353	0.04823	0.02142	0.01537	0.01483	0.00930	0.01137	0.00766	0.00573	0.00534	0.00155	0.00967	0.00410	0.00290	0.00697
2	0.00819	0.00605	0.00878	0.00878	0.00966	0.00692	0.00663	0.00995	0.00907	0.01297	0.01570	0.02457	0.01521	0.14898	0.67148	0.00868	0.01395	0.00644	0.00312	0.00488
3	0.01147	0.07628	0.68250	0.01545	0.02325	0.01340	0.01958	0.01751	0.01199	0.01764	0.01126	0.05390	0.00889	0.00607	0.00542	0.00180	0.00803	0.00480	0.00257	0.00818
4	0.00697	0.00498	0.00664	0.00796	0.00830	0.00465	0.00531	0.00796	0.01095	0.01460	0.03153	0.79525	0.03783	0.01792	0.00730	0.00232	0.00332	0.01626	0.00531	0.00465
5	0.00697	0.00498	0.00664	0.00796	0.00830	0.00465	0.00531	0.00796	0.01095	0.01460	0.03153	0.79525	0.03783	0.01792	0.00730	0.00232	0.00332	0.01626	0.00531	0.00465
6	0.01186	0.01017	0.01186	0.00847	0.01356	0.00762	0.00678	0.01440	0.01186	0.01864	0.01017	0.01186	0.00847	0.00424	0.00424	0.00085	0.00424	0.00339	0.00339	0.83395
7	0.83938	0.01106	0.00841	0.00752	0.01106	0.01283	0.00619	0.01681	0.00973	0.02566	0.00796	0.00929	0.00619	0.00531	0.00354	0.00177	0.00442	0.00310	0.00354	0.00619
8	0.01943	0.02314	0.01783	0.01909	0.17903	0.54340	0.01252	0.05340	0.01566	0.01599	0.00942	0.01140	0.00785	0.00595	0.00590	0.00158	0.04401	0.00411	0.00303	0.00728

[dist]
# distance from previous block
# <min> <max>
3	6

[block]
# block no. 4 follows, 41 sequences, length 26
# corresponding to MSA columns:
# 75-100
name=unknown_E
#
# <colnr> <probs for GDERKNQSTAVLIFYWHMCP>
#	G	D	E	R	K	N	Q	S	T	A	V	L	I	F	Y	W	H	M	C	P
0	0.01161	0.00980	0.01180	0.06958	0.01407	0.06667	0.00901	0.05468	0.01274	0.05197	0.07570	0.27208	0.03985	0.01245	0.00939	0.00219	0.17722	0.08876	0.00448	0.00594
1	0.50674	0.01107	0.01028	0.00836	0.01244	0.01148	0.00684	0.06710	0.01198	0.08320	0.01008	0.01106	0.00765	0.00528	0.00404	0.00153	0.00454	0.00352	0.00393	0.21885
2	0.01323	0.01460	0.02969	0.02159	0.02644	0.01444	0.57778	0.01734	0.01266	0.01765	0.01085	0.01473	0.00848	0.00558	0.00841	0.00194	0.12876	0.00624	0.00287	0.06671
3	0.00868	0.00627	0.00831	0.03397	0.00968	0.00682	0.00592	0.03533	0.00972	0.01338	0.01777	0.10411	0.01883	0.34017	0.34877	0.00655	0.00965	0.00793	0.00352	0.00461
4	0.29935	0.03741	0.01194	0.00889	0.01303	0.01114	0.00730	0.04970	0.01159	0.02136	0.00930	0.01102	0.00763	0.00518	0.00513	0.00134	0.06280	0.00348	0.00345	0.41894
5	0.54487	0.01151	0.00928	0.00848	0.01156	0.07191	0.00672	0.01750	0.08053	0.03892	0.04903	0.07374	0.04203	0.00724	0.00449	0.00181	0.00468	0.00521	0.00412	0.00636
6	0.01277	0.01327	0.02173	0.01738	0.01888	0.01673	0.20192	0.01495	0.00999	0.01495	0.00856	0.01327	0.00781	0.00866	0.01565	0.00235	0.58643	0.00546	0.00260	0.00664
7	0.15678	0.01910	0.01517	0.01271	0.01643	0.29630	0.01007	0.33983	0.01968	0.02564	0.01101	0.01195	0.00838	0.00712	0.02386	0.00182	0.00769	0.00429	0.00427	0.00789
8	0.01210	0.12668	0.63441	0.01652	0.06426	0.01449	0.01950	0.01796	0.01207	0.01756	0.01000	0.01182	0.00736	0.00535	0.00522	0.00173	0.00807	0.00413	0.00244	0.00835
9	0.00829	0.00565	0.00675	0.00675	0.00693	0.00582	0.00410	0.00865	0.00847	0.01147	0.01756	0.03485	0.01967	0.66839	0.15817	0.00618	0.00723	0.00794	0.00340	0.00375
10	0.00863	0.00672	0.00951	0.00912	0.01006	0.00662	0.07397	0.01077	0.06652	0.01436	0.02406	0.38444	0.02728	0.30352	0.01517	0.00344	0.00482	0.01170	0.00444	0.00483
11	0.01075	0.00988	0.01662	0.74228	0.03763	0.01228	0.01528	0.01422	0.01122	0.01436	0.01015	0.01537	0.00775	0.00650	0.00664	0.04783	0.00748	0.00508	0.00254	0.00614
12	0.02459	0.00997	0.01324	0.01031	0.01463	0.00895	0.00847	0.02811	0.08537	0.69763	0.02263	0.01964	0.01447	0.00714	0.00576	0.00179	0.00484	0.00582	0.00696	0.00967
13	0.01966	0.02404	0.01529	0.01388	0.01644	0.64387	0.01051	0.02123	0.01523	0.01467	0.00966	0.01152	0.00806	0.00629	0.00613	0.00154	0.07112	0.00394	0.08045	0.00648
14	0.02174	0.01602	0.01717	0.01316	0.01774	0.01774	0.01087	0.74423	0.02689	0.03605	0.01373	0.01373	0.00973	0.00687	0.00572	0.00172	0.00629	0.00515	0.00572	0.00973
15	0.01509	0.01209	0.01296	0.01153	0.01485	0.01379	0.00900	0.03020	0.69708	0.08033	0.02323	0.02120	0.01721	0.00771	0.00581	0.00193	0.00455	0.00641	0.00592	0.00911
16	0.09183	0.01480	0.01553	0.01209	0.01634	0.01639	0.00995	0.62677	0.02430	0.03405	0.01360	0.01391	0.00979	0.00672	0.00540	0.00169	0.00586	0.00499	0.06690	0.00909
17	0.01487	0.71762	0.11111	0.01050	0.01579	0.02161	0.01103	0.01724	0.01167	0.01397	0.00821	0.00949	0.00733	0.00495	0.00386	0.00129	0.00637	0.00319	0.00244	0.00746
18	0.02306	0.01391	0.01586	0.01216	0.01669	0.01461	0.01005	0.50401	0.02336	0.28125	0.01669	0.01566	0.01121	0.00694	0.00573	0.00173	0.00582	0.00535	0.00618	0.00973
19	0.01186	0.00869	0.01066	0.00988	0.01201	0.00909	0.00806	0.18874	0.03430	0.02356	0.28424	0.03956	0.03270	0.01453	0.07889	0.00271	0.00553	0.21297	0.00555	0.00646
20	0.00820	0.00554	0.00649	0.00660	0.00670	0.00560	0.00389	0.00843	0.00859	0.01153	0.01888	0.09620	0.02165	0.67987	0.08408	0.00557	0.00611	0.00878	0.00358	0.00368
21	0.01594	0.01156	0.01281	0.01096	0.01433	0.01260	0.00866	0.13392	0.42852	0.12441	0.11285	0.02304	0.03404	0.00808	0.00590	0.00185	0.00458	0.00670	0.00598	0.02326
22	0.01178	0.06127	0.69699	0.01707	0.06512	0.01369	0.02046	0.01804	0.01211	0.01795	0.01019	0.01207	0.00735	0.00539	0.00537	0.00178	0.00826	0.00423	0.00244	0.00844
23	0.01423	0.01229	0.01293	0.01164	0.01487	0.01423	0.00905	0.03039	0.75297	0.02393	0.02328	0.02134	0.01746	0.00776	0.00582	0.00194	0.00453	0.00647	0.00582	0.00905
24	0.01260	0.01060	0.01226	0.00882	0.01387	0.00838	0.00708	0.06869	0.01298	0.01993	0.01043	0.01200	0.00857	0.00443	0.00435	0.00091	0.00439	0.00352	0.00356	0.77264
25	0.02174	0.01602	0.01717	0.01316	0.01774	0.01774	0.01087	0.74423	0.02689	0.03605	0.01373	0.01373	0.00973	0.00687	0.00572	0.00172	0.00629	0.00515	0.00572	0.00973

[dist]
# distance from previous block
# <min> <max>
0	1

[block]
# block no. 5 follows, 41 sequences, length 22
# corresponding to MSA columns:
# 102-123
name=unknown_F
#
# <colnr> <probs for GDERKNQSTAVLIFYWHMCP>
#	G	D	E	R	K	N	Q	S	T	A	V	L	I	F	Y	W	H	M	C	P
0	0.01260	0.01061	0.01226	0.00882	0.01387	0.00839	0.00709	0.06928	0.01299	0.01995	0.01043	0.01200	0.00857	0.00443	0.00435	0.00091	0.00439	0.00352	0.00356	0.77197
1	0.00810	0.00585	0.00765	0.00720	0.00855	0.00540	0.00540	0.01079	0.01619	0.02294	0.76028	0.04273	0.05397	0.01169	0.00675	0.00180	0.00270	0.01034	0.00630	0.00540
2	0.00697	0.00498	0.00664	0.00796	0.00830	0.00465	0.00531	0.00796	0.01095	0.01460	0.03153	0.79525	0.03783	0.01792	0.00730	0.00232	0.00332	0.01626	0.00531	0.00465
3	0.01416	0.01359	0.02322	0.03511	0.76330	0.01359	0.01755	0.01755	0.01302	0.01869	0.01076	0.01416	0.00906	0.00510	0.00566	0.00170	0.00680	0.00510	0.00283	0.00906
4	0.02137	0.02726	0.01621	0.01474	0.01768	0.77602	0.01105	0.02284	0.01621	0.01400	0.00884	0.01031	0.00737	0.00589	0.00516	0.00147	0.01031	0.00368	0.00295	0.00663
5	0.02566	0.00973	0.01327	0.01018	0.01460	0.00841	0.00841	0.02788	0.01637	0.76726	0.02257	0.01947	0.01416	0.00708	0.00575	0.00177	0.00487	0.00575	0.00708	0.00973
6	0.00676	0.00579	0.00579	0.00579	0.00773	0.00483	0.00435	0.00821	0.01304	0.01545	0.05794	0.05505	0.76098	0.01449	0.00676	0.00193	0.00290	0.01207	0.00531	0.00483
7	0.02174	0.01602	0.01717	0.01316	0.01774	0.01774	0.01087	0.74423	0.02689	0.03605	0.01373	0.01373	0.00973	0.00687	0.00572	0.00172	0.00629	0.00515	0.00572	0.00973
8	0.00697	0.00498	0.00664	0.00796	0.00830	0.00465	0.00531	0.00796	0.01095	0.01460	0.03153	0.79525	0.03783	0.01792	0.00730	0.00232	0.00332	0.01626	0.00531	0.00465
9	0.01290	0.01013	0.01197	0.00860	0.01363	0.00768	0.00690	0.01542	0.01220	0.07493	0.01110	0.01243	0.00890	0.00445	0.00435	0.00092	0.00428	0.00357	0.00367	0.77197
10	0.01671	0.01173	0.01301	0.01132	0.01481	0.01296	0.00891	0.02985	0.59309	0.18527	0.02313	0.02093	0.01674	0.00761	0.00581	0.00190	0.00460	0.00631	0.00609	0.00920
11	0.00749	0.00632	0.00656	0.00651	0.00849	0.00564	0.00497	0.01014	0.06878	0.01641	0.07639	0.05259	0.64665	0.01396	0.00675	0.00196	0.00313	0.04670	0.00538	0.00519
12	0.83938	0.01106	0.00841	0.00752	0.01106	0.01283	0.00619	0.01681	0.00973	0.02566	0.00796	0.00929	0.00619	0.00531	0.00354	0.00177	0.00442	0.00310	0.00354	0.00619
13	0.83938	0.01106	0.00841	0.00752	0.01106	0.01283	0.00619	0.01681	0.00973	0.02566	0.00796	0.00929	0.00619	0.00531	0.00354	0.00177	0.00442	0.00310	0.00354	0.00619
14	0.06124	0.01503	0.01591	0.01234	0.01664	0.01663	0.01016	0.65746	0.02501	0.03451	0.01379	0.01404	0.00990	0.00678	0.00549	0.00169	0.00595	0.00506	0.06312	0.00925
15	0.01350	0.01543	0.03375	0.02411	0.02989	0.01446	0.74253	0.01832	0.01350	0.01832	0.01157	0.01543	0.00868	0.00482	0.00675	0.00193	0.00964	0.00675	0.00289	0.00771
16	0.02566	0.00973	0.01327	0.01018	0.01460	0.00841	0.00841	0.02788	0.01637	0.76726	0.02257	0.01947	0.01416	0.00708	0.00575	0.00177	0.00487	0.00575	0.00708	0.00973
17	0.00697	0.00498	0.00664	0.00796	0.00830	0.00465	0.00531	0.00796	0.01095	0.01460	0.03153	0.79525	0.03783	0.01792	0.00730	0.00232	0.00332	0.01626	0.00531	0.00465
18	0.01033	0.00796	0.00994	0.01047	0.01231	0.00839	0.00881	0.01633	0.20048	0.01894	0.05238	0.05245	0.06622	0.01357	0.00728	0.00240	0.00488	0.48521	0.00544	0.00621
19	0.00697	0.00498	0.00664	0.00796	0.00830	0.00465	0.00531	0.00796	0.01095	0.01460	0.03153	0.79525	0.03783	0.01792	0.00730	0.00232	0.00332	0.01626	0.00531	0.00465
20	0.01186	0.01017	0.01186	0.00847	0.01356	0.00762	0.00678	0.01440	0.01186	0.01864	0.01017	0.01186	0.00847	0.00424	0.00424	0.00085	0.00424	0.00339	0.00339	0.83395
21	0.00713	0.00508	0.00675	0.00796	0.00835	0.00477	0.00538	0.00822	0.01115	0.01491	0.06140	0.71522	0.03778	0.04372	0.00803	0.00242	0.00343	0.03836	0.00529	0.00466

[dist]
# distance from previous block
# <min> <max>
0	2

[block]
# block no. 6 follows, 41 sequences, length 10
# corresponding to MSA columns:
# 126-135
name=unknown_G
#
# <colnr> <probs for GDERKNQSTAVLIFYWHMCP>
#	G	D	E	R	K	N	Q	S	T	A	V	L	I	F	Y	W	H	M	C	P
0	0.01614	0.01294	0.01480	0.01128	0.01591	0.01278	0.03225	0.30311	0.12660	0.02623	0.01354	0.01410	0.01029	0.00580	0.00513	0.00138	0.00526	0.00464	0.00464	0.36318
1	0.01301	0.00940	0.01090	0.00952	0.01208	0.00988	0.00743	0.11915	0.23133	0.07810	0.39070	0.03086	0.03442	0.00956	0.00627	0.00183	0.00388	0.00817	0.00613	0.00737
2	0.01359	0.00961	0.01107	0.00983	0.01255	0.01023	0.00764	0.02296	0.38490	0.12640	0.28944	0.02881	0.03019	0.00909	0.00615	0.00187	0.00391	0.00777	0.00617	0.00783
3	0.00818	0.00549	0.00628	0.00641	0.00645	0.00545	0.00365	0.00828	0.00859	0.01145	0.01940	0.11472	0.02253	0.71933	0.02689	0.00522	0.00532	0.00913	0.00365	0.00359
4	0.01684	0.01714	0.01445	0.01171	0.01575	0.27369	0.00918	0.13730	0.03844	0.01989	0.01061	0.01195	0.00854	0.00554	0.00534	0.00129	0.03320	0.00393	0.00366	0.36155
5	0.01497	0.01077	0.01250	0.01111	0.01388	0.01148	0.00909	0.34086	0.03979	0.04385	0.08148	0.13878	0.02401	0.01132	0.00664	0.00207	0.00522	0.20914	0.00562	0.00741
6	0.01334	0.01259	0.01984	0.02261	0.34689	0.01186	0.10751	0.01802	0.09218	0.01919	0.01202	0.01436	0.00972	0.00507	0.00536	0.00148	0.00610	0.00491	0.00334	0.27360
7	0.01378	0.01257	0.02141	0.04621	0.02128	0.01201	0.29556	0.01790	0.05611	0.07848	0.01220	0.01463	0.00940	0.00558	0.00705	0.00163	0.09078	0.00531	0.00351	0.27460
8	0.01480	0.30196	0.40155	0.01314	0.01976	0.01594	0.01533	0.01911	0.01251	0.12009	0.01114	0.01207	0.00824	0.00547	0.00485	0.00160	0.00713	0.00402	0.00307	0.00823
9	0.01750	0.01453	0.01462	0.01132	0.01583	0.09474	0.00911	0.31807	0.06226	0.04701	0.01262	0.01324	0.00956	0.00579	0.00509	0.00136	0.00577	0.00440	0.00455	0.33261

[dist]
# distance from previous block
# <min> <max>
3	8

[block]
# block no. 7 follows, 41 sequences, length 23
# corresponding to MSA columns:
# 146-168
name=unknown_H
#
# <colnr> <probs for GDERKNQSTAVLIFYWHMCP>
#	G	D	E	R	K	N	Q	S	T	A	V	L	I	F	Y	W	H	M	C	P
0	0.01420	0.01052	0.01239	0.00900	0.01397	0.00841	0.00725	0.06600	0.01343	0.11014	0.01191	0.01291	0.00924	0.00476	0.00452	0.00102	0.00445	0.00379	0.00399	0.67808
1	0.01505	0.01138	0.01629	0.46545	0.02975	0.01289	0.01321	0.17435	0.01541	0.11036	0.01244	0.01517	0.00893	0.00602	0.00561	0.00177	0.00675	0.00505	0.00384	0.07028
2	0.00854	0.00649	0.00820	0.00889	0.00986	0.00664	0.00649	0.01214	0.12169	0.01705	0.09822	0.50541	0.03511	0.01541	0.00734	0.00226	0.01986	0.09949	0.00542	0.00548
3	0.02817	0.01436	0.01821	0.01983	0.26652	0.02435	0.01250	0.38486	0.01989	0.02730	0.01397	0.01524	0.03893	0.00639	0.00580	0.00166	0.01855	0.00522	0.00444	0.07382
4	0.01386	0.00908	0.01197	0.00952	0.01262	0.00873	0.09479	0.11708	0.01457	0.07921	0.01617	0.01802	0.01230	0.00614	0.00474	0.00142	0.00441	0.00522	0.43183	0.12830
5	0.01485	0.17222	0.42718	0.01552	0.07714	0.01480	0.01643	0.06958	0.01362	0.11008	0.01161	0.01270	0.00842	0.00561	0.00517	0.00168	0.00729	0.00432	0.00325	0.00853
6	0.07889	0.01249	0.01337	0.10345	0.01746	0.06880	0.00888	0.11711	0.06581	0.02112	0.01130	0.01287	0.00891	0.00523	0.00475	0.00129	0.00543	0.00405	0.00376	0.43504
7	0.01412	0.00886	0.01074	0.00900	0.01184	0.00855	0.00710	0.12411	0.06782	0.16614	0.37752	0.03063	0.05843	0.00936	0.00615	0.00172	0.00389	0.00797	0.00607	0.06995
8	0.01199	0.16802	0.17774	0.01052	0.01445	0.01094	0.01064	0.01508	0.01314	0.09114	0.09632	0.06310	0.12253	0.01005	0.00603	0.00190	0.00543	0.15987	0.00438	0.00674
9	0.01375	0.14179	0.56850	0.01460	0.02204	0.01408	0.01792	0.01915	0.01253	0.10780	0.01141	0.01254	0.00809	0.00555	0.00521	0.00172	0.00767	0.00424	0.00298	0.00844
10	0.03851	0.01889	0.42787	0.01245	0.01751	0.00980	0.01409	0.01427	0.01225	0.01808	0.11978	0.23154	0.02208	0.00973	0.00606	0.00195	0.00611	0.00834	0.00379	0.00691
11	0.01294	0.02027	0.33219	0.03990	0.39422	0.01351	0.06943	0.01779	0.01264	0.01835	0.01060	0.01340	0.00826	0.00523	0.00564	0.00177	0.00769	0.00485	0.00266	0.00867
12	0.03542	0.00767	0.01010	0.10204	0.01427	0.00724	0.00762	0.01528	0.01340	0.22251	0.06747	0.17449	0.18259	0.01124	0.00633	0.00195	0.00436	0.06359	0.00537	0.04707
13	0.01114	0.01022	0.03012	0.01427	0.01764	0.00908	0.26622	0.01405	0.01250	0.04981	0.02053	0.27273	0.02120	0.01040	0.00664	0.00198	0.00607	0.09587	0.00421	0.12534
14	0.01237	0.02340	0.44988	0.01992	0.04220	0.01378	0.31918	0.01819	0.01268	0.01821	0.01082	0.01350	0.00788	0.00517	0.00598	0.00186	0.00891	0.00529	0.00262	0.00816
15	0.01268	0.04633	0.03344	0.02303	0.36756	0.01205	0.05160	0.01747	0.10227	0.01860	0.01789	0.02957	0.01692	0.00853	0.00630	0.00199	0.00623	0.21584	0.00388	0.00779
16	0.07547	0.27961	0.07972	0.05564	0.01795	0.01830	0.01122	0.33203	0.03810	0.02480	0.01117	0.01206	0.00857	0.00594	0.00486	0.00158	0.00630	0.00426	0.00403	0.00837
17	0.09089	0.01288	0.01593	0.06501	0.10400	0.02625	0.03276	0.21937	0.12607	0.22380	0.01626	0.01613	0.01145	0.00656	0.00557	0.00178	0.00581	0.00534	0.00523	0.00891
18	0.00824	0.00670	0.01009	0.00979	0.01104	0.00635	0.07590	0.00985	0.01154	0.01578	0.07386	0.57824	0.03283	0.01499	0.00744	0.00216	0.03346	0.02400	0.00490	0.06284
19	0.04012	0.00548	0.00692	0.00796	0.00849	0.00535	0.00537	0.00898	0.02966	0.01499	0.02896	0.66836	0.03417	0.07224	0.03188	0.00272	0.00391	0.01463	0.00506	0.00475
20	0.05650	0.02014	0.36686	0.18229	0.07775	0.01376	0.07450	0.01675	0.01159	0.01730	0.00992	0.01307	0.00754	0.00597	0.00712	0.00191	0.10214	0.00470	0.00258	0.00760
21	0.02019	0.10601	0.01819	0.03432	0.01785	0.32675	0.01103	0.31972	0.01967	0.02306	0.01074	0.01183	0.00835	0.00636	0.00584	0.00160	0.04220	0.00432	0.00401	0.00796
22	0.37738	0.01074	0.06096	0.00811	0.01129	0.03600	0.00707	0.01425	0.01176	0.04989	0.02745	0.02949	0.26769	0.00929	0.00523	0.00188	0.00446	0.05679	0.00431	0.00597

[dist]
# distance from previous block
# <min> <max>
42	153

[block]
# block no. 8 follows, 41 sequences, length 36
# corresponding to MSA columns:
# 328-363
name=unknown_I
#
# <colnr> <probs for GDERKNQSTAVLIFYWHMCP>
#	G	D	E	R	K	N	Q	S	T	A	V	L	I	F	Y	W	H	M	C	P
0	0.01419	0.07620	0.02467	0.03215	0.64017	0.01438	0.08008	0.01759	0.01295	0.01824	0.01061	0.01387	0.00889	0.00506	0.00560	0.00168	0.00699	0.00508	0.00281	0.00881
1	0.01547	0.01237	0.01378	0.05189	0.01647	0.01368	0.00964	0.19581	0.40382	0.04082	0.01973	0.02177	0.01549	0.00776	0.00582	0.00184	0.00515	0.06267	0.00540	0.08063
2	0.04436	0.01393	0.04655	0.02775	0.50892	0.04740	0.05434	0.01780	0.05742	0.01865	0.01317	0.05693	0.01174	0.00649	0.00602	0.00181	0.02013	0.03501	0.00325	0.00832
3	0.02010	0.01505	0.01628	0.01238	0.01704	0.01606	0.01019	0.62289	0.02439	0.03315	0.01314	0.01342	0.00952	0.00643	0.00547	0.00157	0.00595	0.00486	0.00533	0.14676
4	0.01208	0.09374	0.55462	0.05696	0.02542	0.01425	0.12889	0.01788	0.01222	0.01756	0.01026	0.01250	0.00749	0.00531	0.00549	0.00178	0.00839	0.00455	0.00250	0.00814
5	0.01263	0.23007	0.49767	0.01488	0.02210	0.01562	0.06876	0.01774	0.01205	0.01693	0.00975	0.01155	0.00741	0.00521	0.00502	0.00163	0.00778	0.00407	0.00249	0.03663
6	0.02130	0.01501	0.01641	0.01253	0.01713	0.01612	0.01033	0.62407	0.02479	0.09835	0.01422	0.01408	0.01001	0.00668	0.00561	0.00165	0.00601	0.00506	0.00566	0.07498
7	0.00701	0.00499	0.00663	0.00792	0.00824	0.00467	0.00526	0.00797	0.01088	0.01450	0.03115	0.77422	0.03736	0.03959	0.00791	0.00241	0.00338	0.01604	0.00526	0.00461
8	0.05049	0.01444	0.01560	0.01210	0.01644	0.01560	0.00992	0.56360	0.05370	0.06578	0.05292	0.01550	0.01232	0.00691	0.00559	0.00167	0.00575	0.00529	0.00556	0.07082
9	0.01464	0.58138	0.06971	0.01303	0.01808	0.02039	0.14786	0.01727	0.01188	0.01463	0.00874	0.01064	0.00759	0.00512	0.00496	0.00144	0.03879	0.00389	0.00253	0.00743
10	0.00710	0.00523	0.00650	0.00749	0.00825	0.00477	0.00519	0.00830	0.01153	0.01506	0.03717	0.58074	0.20209	0.01677	0.00711	0.00222	0.00327	0.03950	0.02699	0.00473
11	0.01634	0.01182	0.01300	0.01137	0.01482	0.01315	0.00893	0.02993	0.61690	0.16123	0.02315	0.02099	0.01685	0.00763	0.00581	0.00191	0.00459	0.00633	0.00605	0.00918
12	0.70256	0.01307	0.07537	0.00873	0.01278	0.01326	0.00787	0.07451	0.01130	0.02583	0.00862	0.00989	0.00657	0.00544	0.00388	0.00177	0.00492	0.00336	0.00361	0.00667
13	0.02088	0.01551	0.01670	0.01275	0.01737	0.01686	0.01052	0.68067	0.02558	0.03453	0.01342	0.01357	0.00962	0.00664	0.00559	0.00164	0.00611	0.00500	0.00552	0.08151
14	0.00715	0.00509	0.00675	0.00802	0.00839	0.00479	0.00543	0.00818	0.01095	0.01458	0.03086	0.72342	0.03682	0.05262	0.00830	0.00248	0.00352	0.05281	0.00523	0.00463
15	0.00709	0.00503	0.00660	0.00781	0.00812	0.00473	0.00515	0.00800	0.01072	0.01429	0.03034	0.72852	0.03633	0.08670	0.00922	0.00261	0.00351	0.01556	0.00515	0.00454
16	0.02115	0.01573	0.01683	0.01304	0.01751	0.01746	0.01073	0.68772	0.08437	0.03509	0.01449	0.01433	0.01034	0.00694	0.00573	0.00173	0.00615	0.00525	0.00573	0.00967
17	0.00697	0.00498	0.00664	0.00796	0.00830	0.00465	0.00531	0.00796	0.01095	0.01460	0.03153	0.79525	0.03783	0.01792	0.00730	0.00232	0.00332	0.01626	0.00531	0.00465
18	0.01304	0.01866	0.20163	0.02233	0.02872	0.01420	0.57789	0.01827	0.01318	0.01827	0.01127	0.01466	0.00835	0.00496	0.00645	0.00190	0.00937	0.00617	0.00278	0.00788
19	0.00697	0.00498	0.00664	0.00796	0.00830	0.00465	0.00531	0.00796	0.01095	0.01460	0.03153	0.79525	0.03783	0.01792	0.00730	0.00232	0.00332	0.01626	0.00531	0.00465
20	0.01529	0.80242	0.02997	0.00979	0.01468	0.02263	0.00979	0.01713	0.01162	0.01346	0.00795	0.00918	0.00734	0.00489	0.00367	0.00122	0.00612	0.00306	0.00245	0.00734
21	0.00702	0.00500	0.00662	0.00791	0.00823	0.00468	0.00525	0.00798	0.01086	0.01448	0.03106	0.76923	0.03725	0.04474	0.00805	0.00243	0.00339	0.01599	0.00525	0.00461
22	0.80230	0.01079	0.00833	0.00754	0.01094	0.01247	0.00616	0.01642	0.00979	0.02517	0.00901	0.04430	0.00760	0.00587	0.00371	0.00179	0.00438	0.00368	0.00362	0.00613
23	0.01186	0.01017	0.01186	0.00847	0.01356	0.00762	0.00678	0.01440	0.01186	0.01864	0.01017	0.01186	0.00847	0.00424	0.00424	0.00085	0.00424	0.00339	0.00339	0.83395
24	0.02174	0.01602	0.01717	0.01316	0.01774	0.01774	0.01087	0.74423	0.02689	0.03605	0.01373	0.01373	0.00973	0.00687	0.00572	0.00172	0.00629	0.00515	0.00572	0.00973
25	0.00716	0.00526	0.00637	0.00717	0.00781	0.00485	0.00477	0.00808	0.01097	0.01418	0.03519	0.49367	0.19988	0.15386	0.01100	0.00280	0.00361	0.01391	0.00499	0.00448
26	0.00697	0.00498	0.00664	0.00796	0.00830	0.00465	0.00531	0.00796	0.01095	0.01460	0.03153	0.79525	0.03783	0.01792	0.00730	0.00232	0.00332	0.01626	0.00531	0.00465
27	0.01529	0.80242	0.02997	0.00979	0.01468	0.02263	0.00979	0.01713	0.01162	0.01346	0.00795	0.00918	0.00734	0.00489	0.00367	0.00122	0.00612	0.00306	0.00245	0.00734
28	0.01215	0.16571	0.63911	0.01516	0.02298	0.01493	0.01913	0.01794	0.01200	0.01729	0.00986	0.01157	0.00726	0.00534	0.00512	0.00171	0.00804	0.00402	0.00242	0.00826
29	0.00810	0.00585	0.00765	0.00720	0.00855	0.00540	0.00540	0.01079	0.01619	0.02294	0.76028	0.04273	0.05397	0.01169	0.00675	0.00180	0.00270	0.01034	0.00630	0.00540
30	0.00697	0.00498	0.00664	0.00796	0.00830	0.00465	0.00531	0.00796	0.01095	0.01460	0.03153	0.79525	0.03783	0.01792	0.00730	0.00232	0.00332	0.01626	0.00531	0.00465
31	0.02070	0.02511	0.01640	0.01462	0.01748	0.64994	0.01115	0.08495	0.01655	0.01590	0.00916	0.01079	0.00758	0.00630	0.00628	0.00158	0.07157	0.00392	0.00315	0.00687
32	0.00779	0.00583	0.00722	0.00688	0.00836	0.00527	0.00516	0.01020	0.01547	0.02123	0.60000	0.04554	0.21532	0.01233	0.00675	0.00183	0.00274	0.01074	0.00607	0.00527
33	0.00933	0.00674	0.00933	0.01044	0.01193	0.00663	0.00911	0.01196	0.01311	0.01719	0.02939	0.06217	0.03183	0.01529	0.00774	0.00255	0.00522	0.69266	0.00518	0.04218
34	0.01562	0.76078	0.02923	0.01005	0.01484	0.06311	0.00986	0.01743	0.01187	0.01349	0.00800	0.00924	0.00734	0.00495	0.00375	0.00124	0.00634	0.00309	0.00247	0.00730
35	0.01416	0.01359	0.02322	0.03511	0.76330	0.01359	0.01755	0.01755	0.01302	0.01869	0.01076	0.01416	0.00906	0.00510	0.00566	0.00170	0.00680	0.00510	0.00283	0.00906

[dist]
# distance from previous block
# <min> <max>
0	3

# created by:
# /software/SequenceAnalysis/GenePrediction/augustus/3.0.1/scripts/msa2prfl.pl ./fixed/BUSCOvEOG7FR26M.fas
