[name]
unknown

[dist]
# distance from previous block
# <min> <max>
0	54

[block]
# block no. 0 follows, 41 sequences, length 16
# corresponding to MSA columns:
# 67-82
name=unknown_A
#
# <colnr> <probs for GDERKNQSTAVLIFYWHMCP>
#	G	D	E	R	K	N	Q	S	T	A	V	L	I	F	Y	W	H	M	C	P
0	0.01080	0.01017	0.01716	0.78523	0.03940	0.01271	0.01589	0.01461	0.01144	0.01461	0.01017	0.01525	0.00762	0.00572	0.00572	0.00191	0.00762	0.00508	0.00254	0.00635
1	0.01385	0.01328	0.02267	0.10263	0.69814	0.01351	0.01740	0.01729	0.01288	0.01832	0.01071	0.01426	0.00893	0.00515	0.00567	0.00172	0.00687	0.00510	0.00281	0.00882
2	0.01178	0.01116	0.01891	0.56764	0.24938	0.01296	0.01637	0.01547	0.01190	0.01580	0.01034	0.01493	0.00804	0.00554	0.00570	0.00185	0.00738	0.00509	0.00263	0.00714
3	0.00832	0.00555	0.00624	0.00624	0.00624	0.00555	0.00347	0.00832	0.00832	0.01109	0.01802	0.03743	0.02080	0.79898	0.02911	0.00555	0.00555	0.00832	0.00347	0.00347
4	0.00817	0.00613	0.00919	0.00919	0.01021	0.00715	0.00715	0.01021	0.00919	0.01328	0.01532	0.02247	0.01430	0.04290	0.77631	0.00919	0.01532	0.00613	0.00306	0.00511
5	0.01320	0.01619	0.09807	0.07492	0.09608	0.01416	0.56394	0.01799	0.01319	0.01809	0.01129	0.01500	0.00851	0.00496	0.00647	0.00190	0.00915	0.00626	0.00282	0.00781
6	0.01983	0.13689	0.01809	0.01391	0.01702	0.60457	0.01085	0.02196	0.04623	0.01433	0.00927	0.01071	0.00779	0.00600	0.00554	0.00150	0.04194	0.00377	0.00298	0.00682
7	0.00810	0.00585	0.00765	0.00720	0.00855	0.00540	0.00540	0.01079	0.01619	0.02294	0.76028	0.04273	0.05397	0.01169	0.00675	0.00180	0.00270	0.01034	0.00630	0.00540
8	0.02127	0.01579	0.01690	0.01307	0.01756	0.01752	0.01076	0.69959	0.07230	0.03529	0.01433	0.01421	0.01021	0.00692	0.00573	0.00173	0.00618	0.00523	0.00573	0.00969
9	0.00676	0.00579	0.00579	0.00579	0.00773	0.00483	0.00435	0.00821	0.01304	0.01545	0.05794	0.05505	0.76098	0.01449	0.00676	0.00193	0.00290	0.01207	0.00531	0.00483
10	0.01759	0.01321	0.01428	0.01198	0.01574	0.01479	0.00956	0.25140	0.46164	0.09459	0.02026	0.01881	0.01477	0.00742	0.00578	0.00186	0.00511	0.00599	0.00590	0.00932
11	0.01335	0.01508	0.03231	0.05396	0.02956	0.01454	0.67845	0.01796	0.01319	0.01796	0.01132	0.01528	0.00858	0.00511	0.00729	0.00196	0.04707	0.00660	0.00286	0.00759
12	0.75508	0.01157	0.00931	0.00810	0.01175	0.01334	0.00668	0.09182	0.01150	0.02673	0.00856	0.00975	0.00656	0.00547	0.00376	0.00176	0.00462	0.00331	0.00376	0.00656
13	0.01147	0.02959	0.76934	0.01630	0.02476	0.01328	0.02113	0.01811	0.01208	0.01811	0.01026	0.01208	0.00725	0.00543	0.00543	0.00181	0.00845	0.00423	0.00242	0.00845
14	0.73040	0.06376	0.01017	0.00785	0.01154	0.01319	0.00658	0.01757	0.01030	0.07408	0.00893	0.00996	0.00680	0.00540	0.00370	0.00173	0.00457	0.00327	0.00370	0.00651
15	0.78423	0.01116	0.00901	0.00802	0.01133	0.01314	0.00662	0.01661	0.00967	0.02487	0.00793	0.00951	0.00628	0.00562	0.00456	0.00182	0.05672	0.00322	0.00347	0.00620

[dist]
# distance from previous block
# <min> <max>
3	16

[block]
# block no. 1 follows, 41 sequences, length 6
# corresponding to MSA columns:
# 99-104
name=unknown_B
#
# <colnr> <probs for GDERKNQSTAVLIFYWHMCP>
#	G	D	E	R	K	N	Q	S	T	A	V	L	I	F	Y	W	H	M	C	P
0	0.01354	0.01311	0.02145	0.07906	0.53651	0.01448	0.01624	0.01645	0.01190	0.01724	0.00994	0.01383	0.00859	0.00632	0.00881	0.00191	0.19460	0.00507	0.00273	0.00821
1	0.00699	0.00527	0.00634	0.00716	0.00798	0.00476	0.00488	0.00807	0.01144	0.01464	0.03905	0.51064	0.26666	0.06759	0.00855	0.00241	0.00333	0.01441	0.00519	0.00463
2	0.00780	0.00555	0.00617	0.00631	0.00681	0.00528	0.00387	0.00825	0.00973	0.01251	0.02904	0.12169	0.20037	0.52809	0.02144	0.00434	0.00467	0.01006	0.00410	0.00392
3	0.21192	0.01157	0.01138	0.01027	0.01349	0.01328	0.00806	0.02569	0.52634	0.02379	0.02186	0.02064	0.06310	0.00761	0.00533	0.00190	0.00440	0.00602	0.00524	0.00809
4	0.01062	0.00845	0.01416	0.01134	0.01406	0.00775	0.18256	0.01366	0.01523	0.07893	0.44891	0.03566	0.11465	0.00998	0.00667	0.00184	0.00456	0.00931	0.00544	0.00623
5	0.01186	0.01017	0.01186	0.00847	0.01356	0.00762	0.00678	0.01440	0.01186	0.01864	0.01017	0.01186	0.00847	0.00424	0.00424	0.00085	0.00424	0.00339	0.00339	0.83395

[dist]
# distance from previous block
# <min> <max>
0	35

[block]
# block no. 2 follows, 41 sequences, length 8
# corresponding to MSA columns:
# 140-147
name=unknown_C
#
# <colnr> <probs for GDERKNQSTAVLIFYWHMCP>
#	G	D	E	R	K	N	Q	S	T	A	V	L	I	F	Y	W	H	M	C	P
0	0.02137	0.02726	0.01621	0.01474	0.01768	0.77602	0.01105	0.02284	0.01621	0.01400	0.00884	0.01031	0.00737	0.00589	0.00516	0.00147	0.01031	0.00368	0.00295	0.00663
1	0.01186	0.01017	0.01186	0.00847	0.01356	0.00762	0.00678	0.01440	0.01186	0.01864	0.01017	0.01186	0.00847	0.00424	0.00424	0.00085	0.00424	0.00339	0.00339	0.83395
2	0.01419	0.01689	0.20071	0.01293	0.01757	0.01430	0.01220	0.08882	0.50688	0.02353	0.01923	0.01839	0.01426	0.00711	0.00572	0.00189	0.00565	0.00580	0.00497	0.00896
3	0.01340	0.04930	0.02877	0.02492	0.20905	0.01439	0.45179	0.01734	0.01288	0.01774	0.01180	0.04794	0.00988	0.00579	0.00714	0.00189	0.05876	0.00647	0.00294	0.00781
4	0.01147	0.01147	0.02127	0.59665	0.03704	0.01314	0.19592	0.01553	0.01195	0.01553	0.01051	0.01529	0.00789	0.00550	0.00597	0.00191	0.00812	0.00550	0.00263	0.00669
5	0.22249	0.13184	0.01606	0.01169	0.01533	0.29162	0.00943	0.12437	0.09127	0.02098	0.01068	0.01152	0.00845	0.00594	0.00469	0.00159	0.00708	0.00394	0.00371	0.00732
6	0.01604	0.01419	0.02172	0.02967	0.57858	0.01462	0.01590	0.19760	0.01646	0.02299	0.01150	0.01405	0.00923	0.00553	0.00568	0.00170	0.00667	0.00511	0.00355	0.00923
7	0.01706	0.44138	0.10591	0.01142	0.01651	0.01692	0.05779	0.01974	0.01314	0.20140	0.03998	0.01369	0.01084	0.00574	0.00469	0.00149	0.00616	0.00436	0.00376	0.00801

[dist]
# distance from previous block
# <min> <max>
18	195

[block]
# block no. 3 follows, 41 sequences, length 11
# corresponding to MSA columns:
# 343-353
name=unknown_D
#
# <colnr> <probs for GDERKNQSTAVLIFYWHMCP>
#	G	D	E	R	K	N	Q	S	T	A	V	L	I	F	Y	W	H	M	C	P
0	0.65985	0.01025	0.00871	0.00770	0.01102	0.01147	0.00627	0.01693	0.01116	0.08745	0.10994	0.01462	0.01326	0.00631	0.00415	0.00177	0.00423	0.00429	0.00421	0.00638
1	0.02068	0.01085	0.01313	0.01081	0.01472	0.01094	0.00869	0.02897	0.33721	0.44349	0.02288	0.02028	0.01560	0.00738	0.00578	0.00184	0.00472	0.00606	0.00653	0.00944
2	0.00801	0.00619	0.00900	0.15740	0.01474	0.00645	0.00786	0.00976	0.01134	0.01494	0.02726	0.54777	0.03138	0.01530	0.00708	0.00228	0.00441	0.10901	0.00477	0.00506
3	0.01013	0.15902	0.01154	0.00722	0.00884	0.00910	0.00512	0.01082	0.00943	0.01256	0.01504	0.02859	0.01656	0.54023	0.02090	0.00409	0.00548	0.00665	0.00326	0.11543
4	0.00749	0.00582	0.00681	0.00656	0.00818	0.00514	0.00492	0.00963	0.01477	0.01957	0.44391	0.04828	0.37245	0.01295	0.00675	0.00186	0.00279	0.01112	0.00585	0.00514
5	0.01437	0.01345	0.01890	0.01547	0.01686	0.01729	0.07719	0.15428	0.01266	0.01845	0.00906	0.01301	0.00804	0.00895	0.01520	0.00230	0.56913	0.00519	0.00316	0.00705
6	0.16682	0.00622	0.00692	0.00765	0.00855	0.00634	0.00523	0.00971	0.01037	0.01625	0.02520	0.54300	0.02948	0.12010	0.00950	0.00265	0.00383	0.01267	0.00472	0.00478
7	0.01307	0.00807	0.00844	0.00765	0.00983	0.00861	0.00594	0.09205	0.17276	0.04895	0.01928	0.02049	0.01474	0.00693	0.00463	0.00152	0.00351	0.00557	0.54123	0.00673
8	0.02111	0.01571	0.01681	0.01303	0.01750	0.01744	0.01072	0.68440	0.08775	0.03503	0.01453	0.01437	0.01038	0.00694	0.00573	0.00174	0.00615	0.00526	0.00573	0.00967
9	0.01207	0.02591	0.59451	0.02025	0.16664	0.01339	0.05156	0.01802	0.01232	0.01823	0.01042	0.01262	0.00766	0.00534	0.00553	0.00179	0.00819	0.00450	0.00252	0.00854
10	0.01891	0.01841	0.16127	0.01449	0.04625	0.03719	0.01301	0.52450	0.02261	0.03049	0.01359	0.01568	0.01023	0.00691	0.00575	0.00177	0.00679	0.03810	0.00488	0.00917

[dist]
# distance from previous block
# <min> <max>
0	11

# created by:
# /software/SequenceAnalysis/GenePrediction/augustus/3.0.1/scripts/msa2prfl.pl ./fixed/BUSCOvEOG70GF5H.fas
