[name]
unknown

[dist]
# distance from previous block
# <min> <max>
9	851

[block]
# block no. 0 follows, 40 sequences, length 28
# corresponding to MSA columns:
# 923-950
name=unknown_A
#
# <colnr> <probs for GDERKNQSTAVLIFYWHMCP>
#	G	D	E	R	K	N	Q	S	T	A	V	L	I	F	Y	W	H	M	C	P
0	0.00739	0.00582	0.00667	0.00664	0.00822	0.00510	0.00491	0.00928	0.01420	0.01839	0.30976	0.12926	0.42556	0.01406	0.00693	0.00196	0.00292	0.01208	0.00576	0.00510
1	0.03851	0.05286	0.40400	0.01357	0.02011	0.01299	0.01520	0.04967	0.12347	0.07286	0.01327	0.01405	0.00968	0.00585	0.00531	0.00168	0.00679	0.00458	0.00363	0.13193
2	0.00811	0.00585	0.00766	0.00740	0.00866	0.00541	0.00548	0.01067	0.01590	0.02242	0.67966	0.12262	0.05313	0.01256	0.00692	0.00189	0.00281	0.01115	0.00630	0.00541
3	0.00955	0.00702	0.00863	0.00810	0.00981	0.00678	0.00623	0.08769	0.01667	0.02289	0.49999	0.09617	0.12315	0.01242	0.00687	0.00193	0.00338	0.06079	0.00609	0.00583
4	0.07583	0.01109	0.01185	0.00973	0.01305	0.01186	0.00785	0.29790	0.06937	0.12209	0.01709	0.01759	0.01249	0.00689	0.00506	0.00164	0.00468	0.00532	0.29058	0.00804
5	0.14284	0.01363	0.01462	0.01149	0.01586	0.01448	0.00948	0.41940	0.03973	0.12173	0.01474	0.01610	0.01093	0.00688	0.00542	0.00171	0.00563	0.03391	0.00539	0.09604
6	0.02104	0.01566	0.01688	0.01288	0.01758	0.01695	0.01061	0.66323	0.02572	0.03478	0.01358	0.01376	0.00975	0.00670	0.00566	0.00165	0.00618	0.00505	0.00557	0.09678
7	0.00867	0.00625	0.00788	0.00866	0.00945	0.00613	0.00600	0.08553	0.01285	0.01715	0.03014	0.70954	0.03544	0.01703	0.00725	0.00230	0.00369	0.01534	0.00544	0.00527
8	0.01206	0.01034	0.01206	0.00861	0.01378	0.00775	0.00689	0.01464	0.01206	0.01895	0.01034	0.01206	0.00861	0.00431	0.00431	0.00086	0.00431	0.00345	0.00345	0.83118
9	0.01288	0.27110	0.53514	0.01450	0.02196	0.01648	0.01787	0.01810	0.01213	0.01693	0.00970	0.01135	0.00740	0.00535	0.00496	0.00165	0.00785	0.00392	0.00247	0.00824
10	0.00779	0.00551	0.00713	0.00789	0.00873	0.00502	0.00545	0.00916	0.01219	0.03238	0.13560	0.59145	0.09258	0.01641	0.00717	0.00220	0.00331	0.01474	0.00552	0.02977
11	0.00831	0.00623	0.00935	0.00935	0.01038	0.00727	0.00727	0.01038	0.00935	0.01350	0.01558	0.02285	0.01454	0.04361	0.77259	0.00935	0.01558	0.00623	0.00312	0.00519
12	0.00831	0.00600	0.00789	0.00756	0.00893	0.00557	0.00576	0.01105	0.01624	0.02290	0.70495	0.04501	0.05336	0.01218	0.00694	0.00189	0.00293	0.06074	0.00633	0.00548
13	0.01195	0.08832	0.62057	0.01618	0.02396	0.01396	0.07053	0.01800	0.01254	0.01829	0.04528	0.01375	0.00970	0.00574	0.00554	0.00180	0.00822	0.00468	0.00268	0.00831
14	0.01391	0.01332	0.02273	0.14117	0.65765	0.01369	0.01761	0.01742	0.01301	0.01841	0.01085	0.01455	0.00900	0.00527	0.00577	0.00176	0.00703	0.00518	0.00284	0.00882
15	0.00887	0.00595	0.00787	0.00805	0.00926	0.00552	0.00600	0.01101	0.01439	0.05768	0.39840	0.28106	0.06052	0.01415	0.00711	0.00209	0.00334	0.08730	0.00599	0.00544
16	0.00709	0.00506	0.00675	0.00810	0.00843	0.00472	0.00540	0.00810	0.01113	0.01484	0.03205	0.79184	0.03846	0.01822	0.00742	0.00236	0.00337	0.01653	0.00540	0.00472
17	0.10122	0.02361	0.48395	0.01534	0.02198	0.04614	0.09737	0.01757	0.01250	0.01914	0.06335	0.01555	0.01135	0.03878	0.00655	0.00199	0.00783	0.00505	0.00298	0.00775
18	0.00846	0.00564	0.00634	0.00634	0.00634	0.00564	0.00352	0.00846	0.00846	0.01128	0.01832	0.03805	0.02114	0.79563	0.02960	0.00564	0.00564	0.00846	0.00352	0.00352
19	0.00720	0.00519	0.00683	0.00792	0.00844	0.00482	0.00537	0.00843	0.01181	0.01582	0.11330	0.67840	0.07018	0.01737	0.00734	0.00229	0.00329	0.01569	0.00551	0.00482
20	0.02483	0.00962	0.01309	0.01013	0.01441	0.00833	0.00833	0.02711	0.01663	0.71101	0.07484	0.02147	0.01726	0.00753	0.00592	0.00180	0.00479	0.00618	0.00714	0.00958
21	0.05520	0.01443	0.01570	0.01240	0.01674	0.01575	0.01014	0.47357	0.15683	0.14300	0.01684	0.01606	0.01185	0.00711	0.00575	0.00180	0.00577	0.00549	0.00595	0.00962
22	0.02026	0.01415	0.01664	0.01285	0.01713	0.01518	0.06133	0.49925	0.05530	0.10782	0.01575	0.01593	0.01121	0.00687	0.00569	0.00173	0.00598	0.00549	0.10224	0.00919
23	0.00802	0.00552	0.00641	0.00672	0.00694	0.00537	0.00403	0.00836	0.00942	0.01243	0.02441	0.21610	0.07725	0.55808	0.02279	0.00461	0.00492	0.01062	0.00410	0.00390
24	0.01166	0.03008	0.76550	0.01657	0.02517	0.01351	0.02149	0.01842	0.01228	0.01842	0.01044	0.01228	0.00737	0.00552	0.00552	0.00184	0.00859	0.00430	0.00246	0.00859
25	0.01177	0.01049	0.07443	0.06915	0.16955	0.00902	0.01050	0.01553	0.04475	0.08693	0.36197	0.03041	0.06334	0.00908	0.00632	0.00183	0.00473	0.00802	0.00508	0.00710
26	0.02211	0.01629	0.01745	0.01338	0.01803	0.01803	0.01105	0.73997	0.02734	0.03665	0.01396	0.01396	0.00989	0.00698	0.00582	0.00175	0.00640	0.00524	0.00582	0.00989
27	0.07397	0.01145	0.01545	0.40039	0.02710	0.04617	0.01262	0.04049	0.01214	0.04820	0.01081	0.01451	0.00842	0.00641	0.00729	0.00184	0.11884	0.00481	0.04519	0.09391

[dist]
# distance from previous block
# <min> <max>
0	258

# created by:
# /software/SequenceAnalysis/GenePrediction/augustus/3.0.1/scripts/msa2prfl.pl ./fixed/BUSCOvEOG7576M0.fas
