[name]
unknown

[dist]
# distance from previous block
# <min> <max>
0	234

[block]
# block no. 0 follows, 40 sequences, length 27
# corresponding to MSA columns:
# 267-293
name=unknown_A
#
# <colnr> <probs for GDERKNQSTAVLIFYWHMCP>
#	G	D	E	R	K	N	Q	S	T	A	V	L	I	F	Y	W	H	M	C	P
0	0.03676	0.70567	0.02944	0.01099	0.01594	0.02282	0.01043	0.07337	0.01374	0.01694	0.00983	0.01148	0.00883	0.00599	0.00446	0.00154	0.00659	0.00371	0.00321	0.00825
1	0.01549	0.01465	0.02256	0.03279	0.65261	0.04981	0.01676	0.01818	0.01378	0.01929	0.01265	0.01771	0.01122	0.06642	0.00808	0.00225	0.00737	0.00576	0.00337	0.00925
2	0.01278	0.01174	0.01909	0.48202	0.25515	0.01342	0.01606	0.07099	0.01331	0.01777	0.01123	0.03061	0.00897	0.00596	0.00583	0.00187	0.00731	0.00540	0.00298	0.00752
3	0.65521	0.18539	0.01339	0.00816	0.01206	0.01525	0.00711	0.01716	0.01032	0.02335	0.00809	0.00942	0.00656	0.00530	0.00363	0.00168	0.00488	0.00314	0.00335	0.00656
4	0.00734	0.00526	0.00697	0.00792	0.00849	0.00489	0.00542	0.00873	0.01231	0.01672	0.19212	0.62642	0.04209	0.01682	0.00730	0.00224	0.00323	0.01520	0.00562	0.00489
5	0.01098	0.01034	0.01744	0.78165	0.04005	0.01292	0.01615	0.01486	0.01163	0.01486	0.01034	0.01550	0.00775	0.00581	0.00581	0.00194	0.00775	0.00517	0.00258	0.00646
6	0.01158	0.00815	0.01146	0.01365	0.17519	0.00753	0.00833	0.01394	0.01453	0.12075	0.24873	0.08543	0.23562	0.01097	0.00652	0.00187	0.00406	0.00958	0.00539	0.00670
7	0.01635	0.01373	0.01653	0.01749	0.18034	0.01521	0.01157	0.20411	0.40708	0.02621	0.01844	0.01816	0.01391	0.00707	0.00586	0.00186	0.00556	0.00593	0.00522	0.00938
8	0.00795	0.00572	0.00752	0.00751	0.00862	0.00530	0.00546	0.01026	0.01514	0.02121	0.57643	0.22930	0.05079	0.01346	0.00700	0.00196	0.00290	0.01201	0.00615	0.00530
9	0.00734	0.00526	0.00697	0.00792	0.00849	0.00489	0.00542	0.00873	0.01231	0.01672	0.19212	0.62642	0.04209	0.01682	0.00730	0.00224	0.00323	0.01520	0.00562	0.00489
10	0.00714	0.00518	0.00675	0.00788	0.00841	0.00479	0.00533	0.00830	0.01164	0.01546	0.08067	0.68753	0.09438	0.01755	0.00734	0.00230	0.00330	0.01582	0.00546	0.00479
11	0.19868	0.01345	0.01353	0.01141	0.01521	0.01531	0.00916	0.25808	0.35126	0.02872	0.01708	0.01648	0.01267	0.00704	0.00537	0.00186	0.00516	0.00538	0.00537	0.00878
12	0.02243	0.01473	0.01636	0.01266	0.01719	0.01586	0.01042	0.54816	0.07154	0.18517	0.01643	0.01566	0.01132	0.00708	0.00583	0.00177	0.00599	0.00545	0.00611	0.00985
13	0.00919	0.00598	0.00686	0.00678	0.00706	0.00595	0.00402	0.02726	0.00939	0.03399	0.01952	0.10153	0.02215	0.68649	0.02642	0.00515	0.00544	0.00899	0.00385	0.00397
14	0.00898	0.00711	0.01039	0.01384	0.17398	0.00692	0.00777	0.01032	0.01106	0.01505	0.02463	0.46859	0.02852	0.17150	0.01151	0.00288	0.00461	0.01240	0.00446	0.00547
15	0.00937	0.00669	0.00937	0.01071	0.01205	0.00669	0.00937	0.01205	0.01339	0.01740	0.03079	0.06560	0.03347	0.01606	0.00803	0.00268	0.00535	0.72021	0.00535	0.00535
16	0.00864	0.00570	0.00710	0.00701	0.00823	0.00536	0.00516	0.01111	0.01472	0.02169	0.48522	0.15034	0.04359	0.01170	0.00633	0.00180	0.00283	0.01029	0.18782	0.00536
17	0.00746	0.00535	0.00708	0.00784	0.00852	0.00497	0.00543	0.00904	0.01287	0.01761	0.26838	0.54762	0.04382	0.01615	0.00724	0.00219	0.00317	0.01457	0.00573	0.00497
18	0.65417	0.00996	0.00786	0.00716	0.01026	0.01136	0.00580	0.01631	0.01040	0.02512	0.01050	0.01215	0.00820	0.00570	0.00370	0.00170	0.00410	0.00365	0.18579	0.00610
19	0.19952	0.01230	0.01284	0.01086	0.01465	0.01357	0.00871	0.13321	0.34063	0.16504	0.01864	0.01748	0.01342	0.00707	0.00538	0.00187	0.00491	0.00548	0.00563	0.00879
20	0.45160	0.00984	0.00927	0.00812	0.01107	0.01067	0.00628	0.01814	0.05767	0.15907	0.01409	0.01846	0.01180	0.18055	0.00991	0.00266	0.00484	0.00504	0.00439	0.00653
21	0.00723	0.00516	0.00691	0.00826	0.00866	0.00485	0.00565	0.00835	0.01128	0.01501	0.03197	0.74580	0.03814	0.01808	0.00746	0.00238	0.00350	0.06114	0.00540	0.00476
22	0.01344	0.01165	0.01744	0.61185	0.03519	0.01405	0.01502	0.17512	0.01510	0.01967	0.01114	0.01516	0.00822	0.00607	0.00581	0.00190	0.00745	0.00518	0.00330	0.00722
23	0.01311	0.00817	0.00861	0.00760	0.00948	0.00860	0.00568	0.19282	0.01513	0.02310	0.01758	0.02338	0.01504	0.18118	0.01014	0.00240	0.00427	0.00605	0.44154	0.00611
24	0.00738	0.00585	0.00664	0.00658	0.00820	0.00510	0.00488	0.00928	0.01426	0.01841	0.31024	0.10760	0.44703	0.01396	0.00691	0.00195	0.00290	0.01196	0.00576	0.00510
25	0.01516	0.01024	0.01238	0.00900	0.01402	0.00793	0.00726	0.01767	0.01307	0.18349	0.01312	0.01377	0.00989	0.00495	0.00465	0.00107	0.00445	0.00398	0.00427	0.64966
26	0.00790	0.00587	0.00746	0.00797	0.00919	0.00543	0.00610	0.00991	0.01372	0.01820	0.26075	0.24636	0.19295	0.01506	0.00727	0.00218	0.00353	0.16931	0.00570	0.00514

[dist]
# distance from previous block
# <min> <max>
0	1

[block]
# block no. 1 follows, 40 sequences, length 14
# corresponding to MSA columns:
# 295-308
name=unknown_B
#
# <colnr> <probs for GDERKNQSTAVLIFYWHMCP>
#	G	D	E	R	K	N	Q	S	T	A	V	L	I	F	Y	W	H	M	C	P
0	0.01957	0.04606	0.05993	0.01495	0.06190	0.01695	0.04260	0.49563	0.11635	0.04500	0.01468	0.01489	0.01066	0.00675	0.00578	0.00177	0.00643	0.00535	0.00525	0.00951
1	0.05275	0.53511	0.10469	0.01120	0.01643	0.02062	0.01122	0.15399	0.01471	0.01907	0.00944	0.01052	0.00786	0.00543	0.00431	0.00143	0.00643	0.00364	0.00316	0.00799
2	0.00791	0.00741	0.05123	0.00989	0.01124	0.00608	0.06978	0.00959	0.01152	0.01541	0.03030	0.64820	0.06645	0.01620	0.00724	0.00228	0.00420	0.01482	0.00502	0.00522
3	0.01136	0.00943	0.06316	0.00969	0.01231	0.02430	0.00832	0.01485	0.05486	0.09184	0.22519	0.07997	0.06195	0.01320	0.05156	0.00241	0.00519	0.17089	0.00529	0.08421
4	0.00821	0.00665	0.01009	0.15486	0.01544	0.00689	0.03857	0.01009	0.01155	0.01533	0.05810	0.50231	0.06298	0.01637	0.05194	0.00263	0.00514	0.01292	0.00467	0.00525
5	0.01206	0.01103	0.01815	0.29616	0.36061	0.01195	0.01454	0.01501	0.01176	0.01606	0.01212	0.01926	0.01094	0.15472	0.01028	0.00254	0.00697	0.00580	0.00290	0.00716
6	0.01149	0.01085	0.01836	0.67049	0.14724	0.01305	0.01640	0.01530	0.01187	0.01547	0.01043	0.01534	0.00797	0.00572	0.00581	0.00191	0.00763	0.00517	0.00263	0.00687
7	0.01166	0.00950	0.01518	0.47101	0.08081	0.01114	0.01293	0.05690	0.01159	0.01517	0.01053	0.01593	0.00863	0.00977	0.01043	0.22826	0.00687	0.00514	0.00278	0.00579
8	0.01005	0.00949	0.00880	0.00950	0.01046	0.14988	0.00674	0.01136	0.01260	0.01539	0.07138	0.55641	0.03331	0.01540	0.00701	0.00218	0.00480	0.05504	0.00500	0.00519
9	0.00968	0.01001	0.00789	0.00761	0.00977	0.14987	0.00571	0.01116	0.01386	0.01543	0.04948	0.04737	0.61541	0.01308	0.00657	0.00188	0.00437	0.01066	0.00495	0.00526
10	0.01497	0.01646	0.01748	0.01520	0.01594	0.20592	0.01235	0.01630	0.01079	0.01405	0.00797	0.01217	0.00760	0.00913	0.01563	0.00228	0.59188	0.00475	0.00266	0.00646
11	0.73773	0.01101	0.00882	0.00784	0.01138	0.01261	0.00642	0.01799	0.03828	0.05897	0.00977	0.01084	0.00742	0.00563	0.00381	0.00179	0.00445	0.00349	0.03521	0.00654
12	0.68073	0.01107	0.01023	0.15386	0.01669	0.01302	0.00816	0.01667	0.01022	0.02397	0.00852	0.01059	0.00657	0.00548	0.00402	0.00183	0.00511	0.00353	0.00341	0.00633
13	0.01264	0.01370	0.02847	0.02080	0.02553	0.01312	0.56346	0.01695	0.01400	0.01928	0.15220	0.02078	0.01746	0.00649	0.00747	0.00197	0.04732	0.00746	0.00357	0.00732

[dist]
# distance from previous block
# <min> <max>
0	1

[block]
# block no. 2 follows, 40 sequences, length 58
# corresponding to MSA columns:
# 310-367
name=unknown_C
#
# <colnr> <probs for GDERKNQSTAVLIFYWHMCP>
#	G	D	E	R	K	N	Q	S	T	A	V	L	I	F	Y	W	H	M	C	P
0	0.00820	0.00593	0.00790	0.00908	0.01003	0.00571	0.00713	0.01001	0.01230	0.01601	0.03339	0.35399	0.10019	0.04397	0.00844	0.00259	0.00436	0.35045	0.00531	0.00500
1	0.00709	0.00506	0.00675	0.00810	0.00843	0.00472	0.00540	0.00810	0.01113	0.01484	0.03205	0.79184	0.03846	0.01822	0.00742	0.00236	0.00337	0.01653	0.00540	0.00472
2	0.01778	0.02059	0.01398	0.01263	0.01525	0.49886	0.00954	0.06535	0.01717	0.01833	0.22888	0.02039	0.02156	0.00779	0.00575	0.00161	0.00795	0.00583	0.00418	0.00657
3	0.54585	0.01079	0.01057	0.05782	0.01414	0.01172	0.00759	0.02026	0.01199	0.24200	0.01260	0.01287	0.00877	0.00595	0.00440	0.00181	0.00484	0.00407	0.00459	0.00737
4	0.00745	0.00533	0.00704	0.00783	0.00846	0.00497	0.00538	0.00895	0.01264	0.01726	0.24455	0.55584	0.04291	0.03297	0.00773	0.00228	0.00324	0.01459	0.00565	0.00492
5	0.01953	0.00819	0.01100	0.00937	0.01245	0.00722	0.00734	0.02145	0.01474	0.49613	0.02537	0.24675	0.02150	0.01041	0.00620	0.00194	0.00434	0.00896	0.05903	0.00809
6	0.59441	0.01098	0.00958	0.00793	0.01199	0.01149	0.00647	0.01637	0.01053	0.02399	0.00875	0.01021	0.00698	0.00508	0.00381	0.00152	0.00444	0.00324	0.00355	0.24866
7	0.01565	0.01246	0.01399	0.01032	0.01530	0.01143	0.00838	0.27403	0.01752	0.02528	0.01163	0.01274	0.00907	0.00526	0.00485	0.00118	0.00505	0.00409	0.00429	0.53747
8	0.01183	0.00983	0.01086	0.01050	0.01273	0.01098	0.00784	0.02275	0.48503	0.02094	0.02667	0.29711	0.02516	0.01158	0.00646	0.00211	0.00416	0.01014	0.00573	0.00760
9	0.00785	0.00571	0.00741	0.00758	0.00869	0.00527	0.00554	0.00999	0.01455	0.02008	0.46713	0.26507	0.09702	0.01411	0.00707	0.00203	0.00305	0.04064	0.00600	0.00522
10	0.00907	0.00656	0.00878	0.00988	0.01102	0.00655	0.00799	0.03118	0.03661	0.01724	0.03055	0.32249	0.03410	0.01632	0.00769	0.00252	0.00465	0.42604	0.00540	0.00538
11	0.01916	0.02097	0.01707	0.01474	0.01719	0.39593	0.01164	0.16750	0.01648	0.01876	0.00961	0.01186	0.00802	0.00742	0.00943	0.00186	0.23721	0.00445	0.00344	0.00728
12	0.02018	0.00816	0.01133	0.00939	0.01230	0.00728	0.00732	0.02095	0.01363	0.49430	0.01975	0.06843	0.01467	0.01172	0.01091	0.24541	0.00488	0.00630	0.00571	0.00740
13	0.14514	0.01503	0.01320	0.01116	0.01482	0.23338	0.00880	0.02386	0.01523	0.38496	0.01720	0.06476	0.01269	0.00728	0.00543	0.00175	0.00641	0.00551	0.00531	0.00810
14	0.01078	0.00890	0.01109	0.00896	0.01267	0.00754	0.00716	0.01323	0.01135	0.01725	0.01318	0.01864	0.01194	0.01661	0.23028	0.00347	0.00768	0.04999	0.00347	0.53580
15	0.00835	0.00564	0.00659	0.00669	0.00679	0.00570	0.00393	0.00858	0.00871	0.01169	0.01908	0.08952	0.02186	0.68526	0.08350	0.00569	0.00622	0.00885	0.00362	0.00373
16	0.00710	0.00536	0.00656	0.00740	0.00828	0.00483	0.00512	0.00835	0.01210	0.01564	0.08615	0.52788	0.25063	0.01679	0.00722	0.00221	0.00321	0.01490	0.00546	0.00483
17	0.01904	0.02034	0.23724	0.01432	0.02013	0.01670	0.01412	0.52796	0.02292	0.03129	0.01293	0.01347	0.00915	0.00655	0.00573	0.00177	0.00704	0.00496	0.00483	0.00951
18	0.01411	0.01353	0.02065	0.01635	0.02053	0.01441	0.26992	0.02618	0.47304	0.02217	0.01954	0.02032	0.01483	0.00696	0.00629	0.00198	0.00648	0.01921	0.00484	0.00865
19	0.01252	0.01044	0.01149	0.01048	0.01317	0.01166	0.00812	0.02464	0.51789	0.02388	0.23908	0.02903	0.02899	0.00924	0.00624	0.00195	0.00407	0.02304	0.00605	0.00803
20	0.01010	0.00505	0.00758	0.00758	0.00758	0.00505	0.00505	0.00758	0.00758	0.01010	0.01010	0.01768	0.01010	0.02020	0.02273	0.83081	0.00505	0.00505	0.00253	0.00253
21	0.00805	0.00547	0.00646	0.00686	0.00696	0.00537	0.00407	0.00835	0.00924	0.01232	0.02236	0.25953	0.02623	0.56721	0.02308	0.00468	0.00497	0.01083	0.00407	0.00388
22	0.02214	0.01853	0.01641	0.01324	0.01741	0.23793	0.01060	0.40239	0.02207	0.12957	0.01359	0.01367	0.00976	0.00661	0.00559	0.00164	0.00732	0.00481	0.00508	0.04164
23	0.02140	0.01188	0.01430	0.01080	0.01551	0.01113	0.00887	0.23399	0.01864	0.36314	0.01714	0.01614	0.01162	0.00641	0.00545	0.00155	0.00521	0.00507	0.00585	0.21589
24	0.25682	0.56764	0.02403	0.00927	0.01384	0.02008	0.00888	0.01732	0.01125	0.01733	0.00809	0.00936	0.00712	0.00510	0.00369	0.00141	0.00571	0.00312	0.00281	0.00712
25	0.01203	0.02752	0.63558	0.01798	0.02610	0.01372	0.14884	0.01845	0.01253	0.01845	0.01067	0.01288	0.00763	0.00541	0.00576	0.00186	0.00881	0.00475	0.00254	0.00846
26	0.01414	0.01544	0.01716	0.55639	0.03357	0.23603	0.01471	0.01732	0.01305	0.01467	0.00994	0.01403	0.00768	0.00587	0.00565	0.00181	0.00856	0.00475	0.00271	0.00654
27	0.02299	0.24179	0.01848	0.01023	0.01487	0.01280	0.00896	0.02513	0.01523	0.54311	0.01858	0.01672	0.01236	0.00654	0.00523	0.00164	0.00532	0.00504	0.00581	0.00918
28	0.01230	0.01031	0.01127	0.01074	0.01316	0.01160	0.00809	0.02420	0.53210	0.02154	0.02613	0.24798	0.02384	0.01092	0.00636	0.00209	0.00424	0.00950	0.00576	0.00789
29	0.02609	0.00990	0.01350	0.01035	0.01484	0.00855	0.00855	0.02834	0.01664	0.76338	0.02294	0.01979	0.01439	0.00720	0.00585	0.00180	0.00495	0.00585	0.00720	0.00990
30	0.01660	0.01696	0.01413	0.01276	0.01596	0.23712	0.00980	0.02864	0.53367	0.02136	0.01936	0.01840	0.01474	0.00733	0.00572	0.00183	0.00633	0.00574	0.00506	0.00848
31	0.02051	0.00848	0.01151	0.00969	0.01296	0.00742	0.00762	0.02239	0.01503	0.54345	0.02562	0.24663	0.02147	0.01044	0.00631	0.00196	0.00449	0.00899	0.00667	0.00838
32	0.00748	0.00591	0.00673	0.00652	0.00822	0.00517	0.00489	0.00951	0.01468	0.01909	0.36838	0.05041	0.44542	0.01347	0.00687	0.00190	0.00286	0.01149	0.00584	0.00517
33	0.02091	0.00865	0.01139	0.00917	0.01235	0.00769	0.00707	0.02250	0.01424	0.54240	0.02158	0.02516	0.01638	0.23885	0.01283	0.00293	0.00515	0.00661	0.00612	0.00802
34	0.01773	0.01317	0.01489	0.01213	0.01566	0.01472	0.00986	0.49579	0.05239	0.02933	0.01484	0.01690	0.01159	0.01778	0.23111	0.00399	0.00902	0.00558	0.00503	0.00848
35	0.25193	0.00766	0.00853	0.00921	0.01098	0.00811	0.00756	0.01262	0.01184	0.01937	0.02441	0.21574	0.02663	0.01342	0.00659	0.00235	0.00465	0.34806	0.00485	0.00549
36	0.00842	0.00673	0.00987	0.23510	0.01749	0.00727	0.00833	0.01025	0.01127	0.01484	0.05539	0.43053	0.04819	0.09809	0.00930	0.00256	0.00487	0.01195	0.00441	0.00514
37	0.01881	0.01469	0.01819	0.01922	0.23491	0.03361	0.01239	0.40737	0.02106	0.05822	0.03366	0.01522	0.01116	0.00645	0.00569	0.00169	0.00628	0.00528	0.03220	0.04388
38	0.00862	0.00637	0.00935	0.00975	0.01087	0.00710	0.00789	0.01087	0.01053	0.01465	0.02005	0.03541	0.02010	0.03552	0.54795	0.00739	0.01257	0.21601	0.00377	0.00524
39	0.00709	0.00506	0.00675	0.00810	0.00843	0.00472	0.00540	0.00810	0.01113	0.01484	0.03205	0.79184	0.03846	0.01822	0.00742	0.00236	0.00337	0.01653	0.00540	0.00472
40	0.59289	0.00967	0.00777	0.00713	0.01025	0.01065	0.00575	0.01452	0.01088	0.02304	0.02303	0.02311	0.22687	0.00814	0.00456	0.00185	0.00404	0.00583	0.00413	0.00589
41	0.45756	0.01011	0.00882	0.00776	0.01079	0.01133	0.00627	0.11922	0.01312	0.02620	0.01239	0.01398	0.00955	0.00606	0.00406	0.00165	0.00420	0.00417	0.26621	0.00653
42	0.02267	0.01066	0.01339	0.01078	0.01493	0.01029	0.00874	0.02909	0.23178	0.54624	0.02316	0.02035	0.01538	0.00740	0.00587	0.00185	0.00485	0.00606	0.00682	0.00969
43	0.04643	0.00623	0.00715	0.00704	0.00866	0.00600	0.00522	0.01431	0.01245	0.13107	0.02296	0.24717	0.02139	0.01014	0.00530	0.00174	0.00332	0.00865	0.42884	0.00592
44	0.01991	0.00943	0.01211	0.01014	0.01344	0.00885	0.00800	0.12910	0.01663	0.43448	0.02427	0.24576	0.02079	0.01040	0.00631	0.00196	0.00470	0.00890	0.00646	0.00838
45	0.00799	0.00571	0.00621	0.00621	0.00679	0.00542	0.00379	0.00842	0.00987	0.01258	0.03025	0.04332	0.23735	0.56619	0.02292	0.00456	0.00485	0.00958	0.00407	0.00393
46	0.00701	0.00537	0.00643	0.00728	0.00822	0.00479	0.00504	0.00819	0.01192	0.01516	0.04195	0.52071	0.30320	0.01693	0.00722	0.00222	0.00322	0.01496	0.00540	0.00479
47	0.00803	0.00595	0.00722	0.00694	0.00851	0.00532	0.00519	0.01029	0.01521	0.03248	0.48974	0.07855	0.27930	0.01299	0.00687	0.00189	0.00287	0.01126	0.00605	0.00534
48	0.59329	0.00969	0.00832	0.00755	0.01049	0.01082	0.00606	0.01530	0.01183	0.02528	0.22793	0.01943	0.02057	0.00731	0.00456	0.00181	0.00398	0.00531	0.00442	0.00606
49	0.01206	0.01034	0.01206	0.00861	0.01378	0.00775	0.00689	0.01464	0.01206	0.01895	0.01034	0.01206	0.00861	0.00431	0.00431	0.00086	0.00431	0.00345	0.00345	0.83118
50	0.00947	0.00760	0.00955	0.00974	0.01113	0.00792	0.03090	0.01515	0.22797	0.01776	0.02891	0.53974	0.03139	0.01474	0.00696	0.00223	0.00395	0.01328	0.00547	0.00614
51	0.00846	0.00605	0.00723	0.00702	0.00865	0.00538	0.00526	0.01049	0.01455	0.05260	0.36146	0.09985	0.32418	0.03414	0.00749	0.00204	0.00311	0.03080	0.00587	0.00535
52	0.00955	0.00794	0.01072	0.00965	0.01062	0.00911	0.00761	0.01186	0.01424	0.02058	0.53632	0.03441	0.04099	0.01139	0.01045	0.00204	0.23258	0.00892	0.00527	0.00574
53	0.01206	0.01034	0.01206	0.00861	0.01378	0.00775	0.00689	0.01464	0.01206	0.01895	0.01034	0.01206	0.00861	0.00431	0.00431	0.00086	0.00431	0.00345	0.00345	0.83118
54	0.04350	0.00867	0.01172	0.00953	0.01269	0.00787	0.00752	0.03928	0.01406	0.50414	0.01854	0.01875	0.01280	0.01096	0.01075	0.24538	0.00500	0.00552	0.00569	0.00763
55	0.01255	0.01191	0.01860	0.01328	0.01866	0.00980	0.22177	0.01581	0.01255	0.01885	0.01076	0.01312	0.00868	0.00448	0.00506	0.00118	0.00592	0.00445	0.00330	0.58927
56	0.01991	0.25437	0.02059	0.01350	0.01708	0.55213	0.01086	0.02151	0.01511	0.01407	0.00872	0.01015	0.00748	0.00569	0.00480	0.00142	0.00923	0.00356	0.00285	0.00695
57	0.44141	0.12629	0.03256	0.01653	0.23203	0.01483	0.01065	0.03283	0.01158	0.02228	0.00911	0.01104	0.00742	0.00531	0.00434	0.00170	0.00558	0.00381	0.00325	0.00745

[dist]
# distance from previous block
# <min> <max>
0	7

[block]
# block no. 3 follows, 40 sequences, length 20
# corresponding to MSA columns:
# 375-394
name=unknown_D
#
# <colnr> <probs for GDERKNQSTAVLIFYWHMCP>
#	G	D	E	R	K	N	Q	S	T	A	V	L	I	F	Y	W	H	M	C	P
0	0.07922	0.00810	0.00833	0.00878	0.00999	0.06829	0.00620	0.04129	0.01235	0.04309	0.02780	0.55392	0.05928	0.03582	0.00737	0.00227	0.00427	0.01314	0.00508	0.00539
1	0.01838	0.01277	0.13235	0.01097	0.01537	0.00952	0.01008	0.05095	0.07848	0.37148	0.10612	0.08219	0.01973	0.00827	0.00597	0.00182	0.00515	0.00692	0.00586	0.04762
2	0.01928	0.01186	0.01388	0.01134	0.01501	0.01256	0.00918	0.22294	0.18052	0.26236	0.02241	0.02135	0.07370	0.00999	0.04751	0.00227	0.04264	0.00634	0.00595	0.00892
3	0.01494	0.05664	0.33949	0.01363	0.01952	0.01285	0.03321	0.05967	0.13108	0.13822	0.01506	0.01586	0.01095	0.00924	0.06766	0.00239	0.00757	0.00509	0.00405	0.04287
4	0.05963	0.01189	0.01173	0.00981	0.01295	0.08605	0.00771	0.19217	0.05524	0.07028	0.07215	0.01965	0.04959	0.00830	0.00668	0.06871	0.00512	0.00560	0.13615	0.11060
5	0.07263	0.01730	0.01678	0.01341	0.01737	0.12533	0.01092	0.53117	0.02314	0.03088	0.01235	0.01308	0.00913	0.00701	0.00671	0.00178	0.07221	0.00488	0.00500	0.00892
6	0.01178	0.13543	0.01777	0.27716	0.02344	0.01262	0.06973	0.03257	0.06227	0.01704	0.05439	0.13991	0.01603	0.00791	0.00572	0.00177	0.00608	0.00698	0.00365	0.09775
7	0.06079	0.02410	0.06720	0.01072	0.01406	0.11891	0.00903	0.02008	0.05994	0.25885	0.03644	0.08540	0.06258	0.01413	0.12816	0.00302	0.00738	0.00676	0.00497	0.00748
8	0.01260	0.01102	0.01603	0.01633	0.13219	0.01355	0.02648	0.01408	0.01013	0.05441	0.01237	0.05543	0.01244	0.16712	0.01755	0.00297	0.40933	0.00640	0.00319	0.00639
9	0.00687	0.00589	0.00589	0.00589	0.00785	0.00491	0.00442	0.00835	0.01325	0.01571	0.05891	0.05596	0.75700	0.01473	0.00687	0.00196	0.00295	0.01227	0.00540	0.00491
10	0.07917	0.01264	0.05367	0.40038	0.31011	0.01330	0.01624	0.01634	0.01213	0.01750	0.01039	0.01444	0.00817	0.00553	0.00560	0.00184	0.00721	0.00497	0.00277	0.00759
11	0.01490	0.52952	0.07174	0.01089	0.01522	0.11177	0.01041	0.01707	0.01202	0.01402	0.00954	0.01181	0.00859	0.01130	0.12672	0.00261	0.00839	0.00376	0.00265	0.00708
12	0.01045	0.00922	0.01467	0.56901	0.03124	0.01110	0.01302	0.02883	0.01141	0.01475	0.01372	0.09170	0.01281	0.13303	0.00976	0.00256	0.00698	0.00676	0.00307	0.00590
13	0.00930	0.00755	0.00774	0.00709	0.00948	0.00700	0.00548	0.12509	0.01550	0.01905	0.05174	0.04926	0.63778	0.01349	0.00670	0.00193	0.00350	0.01115	0.00547	0.00570
14	0.01404	0.04855	0.41656	0.01809	0.02517	0.01487	0.22132	0.13358	0.01507	0.02123	0.01130	0.01341	0.00818	0.00556	0.00589	0.00184	0.00851	0.00513	0.00313	0.00855
15	0.01568	0.01029	0.01179	0.01055	0.01326	0.02295	0.00819	0.13539	0.20612	0.16766	0.02360	0.17959	0.02146	0.07414	0.00828	0.00233	0.00496	0.07027	0.00576	0.00772
16	0.00813	0.00587	0.00769	0.00738	0.00867	0.00542	0.00548	0.01073	0.01601	0.02261	0.69550	0.10625	0.05349	0.01242	0.00691	0.00187	0.00280	0.01102	0.00632	0.00542
17	0.00785	0.00562	0.00758	0.00864	0.00939	0.00535	0.00642	0.00956	0.01256	0.01685	0.14730	0.48788	0.03981	0.01666	0.00749	0.00236	0.00378	0.19437	0.00555	0.00501
18	0.00857	0.05604	0.01026	0.00918	0.01036	0.00786	0.00714	0.01046	0.00979	0.01373	0.01773	0.14470	0.01791	0.03712	0.60200	0.00772	0.01304	0.00768	0.00344	0.00526
19	0.02159	0.01010	0.01288	0.01029	0.01416	0.00952	0.00834	0.08558	0.10034	0.50070	0.13929	0.02329	0.02086	0.00801	0.00601	0.00182	0.00468	0.00662	0.00681	0.00911

[dist]
# distance from previous block
# <min> <max>
0	2

[block]
# block no. 4 follows, 40 sequences, length 8
# corresponding to MSA columns:
# 397-404
name=unknown_E
#
# <colnr> <probs for GDERKNQSTAVLIFYWHMCP>
#	G	D	E	R	K	N	Q	S	T	A	V	L	I	F	Y	W	H	M	C	P
0	0.60685	0.01091	0.00957	0.00822	0.01184	0.01211	0.00674	0.06165	0.01210	0.13467	0.01145	0.01216	0.00835	0.00586	0.00410	0.00176	0.00454	0.00384	0.06630	0.00697
1	0.04238	0.01127	0.01055	0.00955	0.01198	0.15596	0.00739	0.01695	0.01501	0.18141	0.21246	0.03408	0.12371	0.06494	0.00791	0.00212	0.00527	0.07517	0.00539	0.00650
2	0.00750	0.00575	0.00687	0.00693	0.00833	0.00512	0.00507	0.00943	0.01422	0.01881	0.35325	0.19405	0.31529	0.01419	0.00697	0.00198	0.00294	0.01235	0.00583	0.00512
3	0.06861	0.00876	0.01132	0.01283	0.15581	0.00866	0.00802	0.04361	0.01342	0.17198	0.01727	0.02003	0.01342	0.06581	0.00671	0.00188	0.00445	0.00553	0.35472	0.00715
4	0.01141	0.00783	0.00944	0.00888	0.01070	0.00776	0.00663	0.15276	0.01621	0.06509	0.22455	0.33875	0.08997	0.01342	0.00682	0.00204	0.00385	0.01177	0.00585	0.00625
5	0.00800	0.00595	0.00685	0.00713	0.00799	0.00569	0.00475	0.00980	0.05332	0.01504	0.08800	0.25927	0.20799	0.27697	0.01460	0.00330	0.00405	0.01176	0.00488	0.00468
6	0.00916	0.00655	0.00746	0.00679	0.00779	0.00605	0.00418	0.00966	0.00916	0.01277	0.01677	0.03299	0.01870	0.64135	0.02467	0.00471	0.00538	0.00748	0.00351	0.16489
7	0.07421	0.16528	0.01653	0.01050	0.01428	0.01445	0.00879	0.28144	0.01844	0.13685	0.10634	0.04970	0.01718	0.05264	0.00681	0.00192	0.00540	0.00606	0.00515	0.00806

[dist]
# distance from previous block
# <min> <max>
5	137

[block]
# block no. 5 follows, 40 sequences, length 10
# corresponding to MSA columns:
# 544-553
name=unknown_F
#
# <colnr> <probs for GDERKNQSTAVLIFYWHMCP>
#	G	D	E	R	K	N	Q	S	T	A	V	L	I	F	Y	W	H	M	C	P
0	0.01598	0.01297	0.01372	0.01172	0.01528	0.01460	0.00929	0.23616	0.46781	0.02711	0.02418	0.02270	0.08580	0.00827	0.00598	0.00191	0.00497	0.00673	0.00584	0.00900
1	0.00709	0.00506	0.00675	0.00810	0.00843	0.00472	0.00540	0.00810	0.01113	0.01484	0.03205	0.79184	0.03846	0.01822	0.00742	0.00236	0.00337	0.01653	0.00540	0.00472
2	0.00831	0.00623	0.00935	0.00935	0.01038	0.00727	0.00727	0.01038	0.00935	0.01350	0.01558	0.02285	0.01454	0.04361	0.77259	0.00935	0.01558	0.00623	0.00312	0.00519
3	0.01932	0.01141	0.01329	0.01121	0.01501	0.01199	0.00893	0.02983	0.44310	0.33293	0.02337	0.02090	0.01635	0.00760	0.00589	0.00190	0.00475	0.00627	0.00645	0.00949
4	0.01885	0.01455	0.01745	0.23810	0.02447	0.01654	0.01254	0.52787	0.02275	0.03028	0.01290	0.01441	0.00926	0.00664	0.00582	0.00180	0.00679	0.00522	0.00487	0.00889
5	0.01460	0.00904	0.00943	0.00807	0.01053	0.00963	0.00640	0.25579	0.01725	0.02667	0.01730	0.01911	0.01323	0.00684	0.00465	0.00149	0.00394	0.00536	0.55376	0.00691
6	0.00839	0.00719	0.00770	0.00669	0.00959	0.00574	0.00514	0.01019	0.01290	0.01666	0.04470	0.04312	0.53809	0.01168	0.00612	0.00164	0.00334	0.00969	0.00483	0.24659
7	0.00903	0.00817	0.01481	0.01290	0.01486	0.00764	0.21975	0.01118	0.01189	0.01595	0.02612	0.56481	0.02979	0.01432	0.00726	0.00224	0.00525	0.01370	0.00468	0.00564
8	0.00790	0.00569	0.00762	0.00866	0.00950	0.00541	0.00653	0.00966	0.01262	0.01680	0.13292	0.44539	0.06911	0.01657	0.00750	0.00236	0.00385	0.22135	0.00552	0.00502
9	0.59618	0.01200	0.01295	0.01585	0.23007	0.01327	0.00968	0.01731	0.01087	0.02402	0.00893	0.01089	0.00715	0.00533	0.00423	0.00178	0.00520	0.00374	0.00339	0.00715

[dist]
# distance from previous block
# <min> <max>
0	136

# created by:
# /software/SequenceAnalysis/GenePrediction/augustus/3.0.1/scripts/msa2prfl.pl ./fixed/BUSCOvEOG7NZW7H.fas
