[name]
unknown

[dist]
# distance from previous block
# <min> <max>
0	314

[block]
# block no. 0 follows, 40 sequences, length 25
# corresponding to MSA columns:
# 318-342
name=unknown_A
#
# <colnr> <probs for GDERKNQSTAVLIFYWHMCP>
#	G	D	E	R	K	N	Q	S	T	A	V	L	I	F	Y	W	H	M	C	P
0	0.01166	0.03008	0.76550	0.01657	0.02517	0.01351	0.02149	0.01842	0.01228	0.01842	0.01044	0.01228	0.00737	0.00552	0.00552	0.00184	0.00859	0.00430	0.00246	0.00859
1	0.00709	0.00506	0.00675	0.00810	0.00843	0.00472	0.00540	0.00810	0.01113	0.01484	0.03205	0.79184	0.03846	0.01822	0.00742	0.00236	0.00337	0.01653	0.00540	0.00472
2	0.01433	0.01399	0.02460	0.03466	0.69168	0.01390	0.08473	0.01792	0.01329	0.01896	0.01102	0.01451	0.00918	0.00516	0.00586	0.00175	0.00718	0.00534	0.00288	0.00908
3	0.00874	0.00635	0.00789	0.00857	0.00947	0.00621	0.00597	0.08927	0.01304	0.01731	0.03145	0.66701	0.07295	0.01679	0.00722	0.00227	0.00369	0.01506	0.00544	0.00531
4	0.02477	0.01201	0.01481	0.01135	0.01590	0.01169	0.00938	0.26409	0.02019	0.52263	0.01997	0.01786	0.01290	0.00713	0.00584	0.00178	0.00543	0.00565	0.00674	0.00989
5	0.00989	0.00631	0.00830	0.00760	0.00926	0.00577	0.00577	0.01259	0.01648	0.09203	0.68820	0.04124	0.05111	0.01145	0.00676	0.00183	0.00295	0.01008	0.00648	0.00590
6	0.00748	0.00596	0.00673	0.00679	0.00837	0.00530	0.00499	0.00963	0.03497	0.01778	0.23316	0.17192	0.43743	0.01437	0.00693	0.00199	0.00301	0.01235	0.00567	0.00515
7	0.05548	0.01212	0.02293	0.28896	0.02949	0.01268	0.34109	0.01650	0.01257	0.01811	0.01208	0.01614	0.00917	0.00551	0.00593	0.00186	0.00780	0.00587	0.11879	0.00693
8	0.44975	0.00987	0.00958	0.00812	0.01164	0.01040	0.00663	0.02001	0.01237	0.25466	0.01449	0.01466	0.01022	0.00618	0.00437	0.00173	0.00435	0.00436	0.13933	0.00727
9	0.00723	0.00524	0.00684	0.00785	0.00843	0.00484	0.00535	0.00852	0.01201	0.01609	0.13547	0.64170	0.08466	0.01712	0.00731	0.00226	0.00326	0.01543	0.00554	0.00484
10	0.05107	0.16956	0.01801	0.11969	0.01868	0.03025	0.01052	0.31987	0.01816	0.02424	0.01457	0.13271	0.01325	0.00814	0.00587	0.00178	0.02496	0.00642	0.00441	0.00783
11	0.01966	0.01210	0.01388	0.01152	0.01543	0.01287	0.00923	0.12964	0.38763	0.28831	0.02205	0.01993	0.01546	0.00752	0.00588	0.00188	0.00498	0.00613	0.00636	0.00955
12	0.00709	0.00506	0.00675	0.00810	0.00843	0.00472	0.00540	0.00810	0.01113	0.01484	0.03205	0.79184	0.03846	0.01822	0.00742	0.00236	0.00337	0.01653	0.00540	0.00472
13	0.00852	0.00609	0.00838	0.00961	0.01062	0.00595	0.00778	0.01064	0.01281	0.01690	0.07554	0.31096	0.03647	0.01654	0.00775	0.00252	0.00452	0.43781	0.00543	0.00515
14	0.01404	0.01322	0.01776	0.01500	0.01566	0.01784	0.01249	0.11602	0.01150	0.01718	0.00852	0.01290	0.00795	0.00973	0.01722	0.00243	0.67557	0.00511	0.00300	0.00686
15	0.02254	0.01560	0.01702	0.01305	0.01769	0.01701	0.01078	0.66297	0.02618	0.11528	0.01493	0.01459	0.01038	0.00700	0.00582	0.00175	0.00624	0.00530	0.00597	0.00989
16	0.02489	0.01065	0.01385	0.01066	0.01507	0.00977	0.00879	0.12773	0.01814	0.63470	0.04799	0.01982	0.01521	0.00734	0.00588	0.00179	0.00507	0.00593	0.00697	0.00974
17	0.00917	0.00699	0.01111	0.01020	0.01173	0.00770	0.07468	0.01159	0.01015	0.01513	0.01570	0.02202	0.01406	0.03484	0.59349	0.00754	0.01323	0.00618	0.11901	0.00547
18	0.69124	0.01102	0.00958	0.03760	0.01285	0.01241	0.00699	0.01859	0.01091	0.12928	0.01027	0.01113	0.00749	0.00567	0.00400	0.00180	0.00469	0.00361	0.00407	0.00681
19	0.01555	0.79913	0.03047	0.00995	0.01493	0.02301	0.00995	0.01741	0.01182	0.01368	0.00808	0.00933	0.00746	0.00498	0.00373	0.00124	0.00622	0.00311	0.00249	0.00746
20	0.00886	0.00644	0.00679	0.00646	0.00869	0.00550	0.00493	0.01080	0.03292	0.08535	0.05464	0.05170	0.66860	0.01385	0.00675	0.00195	0.00318	0.01153	0.00558	0.00549
21	0.00724	0.00572	0.00653	0.00671	0.00818	0.00501	0.00489	0.00892	0.01356	0.01734	0.21972	0.21266	0.43329	0.01481	0.00699	0.00202	0.00299	0.01278	0.00564	0.00501
22	0.00828	0.00609	0.00770	0.00796	0.00909	0.00550	0.00555	0.00964	0.01156	0.01594	0.10749	0.43128	0.03296	0.14238	0.01058	0.00265	0.00393	0.05569	0.00493	0.12080
23	0.01729	0.01218	0.01500	0.01552	0.13659	0.03086	0.01077	0.11134	0.26571	0.17959	0.02090	0.02506	0.01666	0.00829	0.00615	0.00196	0.00552	0.10626	0.00553	0.00883
24	0.00768	0.00535	0.00653	0.00723	0.00749	0.00514	0.00453	0.00827	0.01004	0.01330	0.02706	0.42915	0.05957	0.36175	0.01720	0.00379	0.00436	0.01279	0.00457	0.00420

[dist]
# distance from previous block
# <min> <max>
0	1

[block]
# block no. 1 follows, 40 sequences, length 32
# corresponding to MSA columns:
# 344-375
name=unknown_B
#
# <colnr> <probs for GDERKNQSTAVLIFYWHMCP>
#	G	D	E	R	K	N	Q	S	T	A	V	L	I	F	Y	W	H	M	C	P
0	0.01250	0.02454	0.49221	0.02064	0.09932	0.01386	0.21698	0.01842	0.01277	0.01853	0.01085	0.01342	0.00795	0.00532	0.00591	0.00186	0.00876	0.00509	0.00263	0.00845
1	0.01153	0.00978	0.01150	0.00856	0.01322	0.00743	0.00673	0.01395	0.01196	0.01852	0.01262	0.09417	0.01176	0.00577	0.00463	0.00102	0.00421	0.00482	0.00365	0.74415
2	0.01934	0.01392	0.01507	0.01192	0.01596	0.01515	0.00971	0.51488	0.09603	0.06438	0.05628	0.01858	0.04218	0.00757	0.00579	0.00174	0.00557	0.00592	0.05596	0.02404
3	0.00935	0.00696	0.00874	0.08468	0.01286	0.00680	0.00744	0.01214	0.04418	0.04926	0.06150	0.08208	0.33025	0.01337	0.00693	0.00215	0.00427	0.21408	0.03732	0.00562
4	0.00750	0.00562	0.00787	0.08956	0.01176	0.00559	0.00653	0.00881	0.01119	0.01485	0.02976	0.71008	0.03523	0.01691	0.00725	0.00232	0.00383	0.01534	0.00510	0.00491
5	0.01206	0.01034	0.01206	0.00861	0.01378	0.00775	0.00689	0.01464	0.01206	0.01895	0.01034	0.01206	0.00861	0.00431	0.00431	0.00086	0.00431	0.00345	0.00345	0.83118
6	0.16142	0.01268	0.08909	0.38861	0.02737	0.01326	0.01345	0.01697	0.08876	0.01817	0.01196	0.04478	0.00969	0.00678	0.00659	0.00198	0.07308	0.00530	0.00321	0.00685
7	0.00709	0.00506	0.00675	0.00810	0.00843	0.00472	0.00540	0.00810	0.01113	0.01484	0.03205	0.79184	0.03846	0.01822	0.00742	0.00236	0.00337	0.01653	0.00540	0.00472
8	0.83671	0.01125	0.00855	0.00765	0.01125	0.01305	0.00630	0.01709	0.00990	0.02609	0.00810	0.00945	0.00630	0.00540	0.00360	0.00180	0.00450	0.00315	0.00360	0.00630
9	0.01166	0.00641	0.00764	0.00707	0.00789	0.00617	0.00444	0.01207	0.00994	0.14791	0.01916	0.03474	0.01992	0.65239	0.02528	0.00494	0.00551	0.00798	0.00419	0.00468
10	0.02494	0.01015	0.01346	0.01049	0.01487	0.00913	0.00861	0.02859	0.08917	0.69017	0.02301	0.01998	0.01473	0.00727	0.00585	0.00182	0.00491	0.00592	0.00707	0.00983
11	0.00792	0.00593	0.00734	0.00699	0.00850	0.00536	0.00524	0.01037	0.01573	0.02158	0.59702	0.04630	0.21522	0.01254	0.00686	0.00186	0.00279	0.01092	0.00617	0.00536
12	0.02135	0.01591	0.01703	0.01323	0.01775	0.01768	0.01087	0.66973	0.09881	0.03543	0.01492	0.01473	0.01067	0.00707	0.00583	0.00177	0.00622	0.00537	0.00583	0.00982
13	0.00706	0.00515	0.00666	0.00786	0.00837	0.00474	0.00529	0.00812	0.01136	0.01494	0.03488	0.71434	0.11413	0.01785	0.00736	0.00232	0.00333	0.01608	0.00540	0.00474
14	0.00709	0.00506	0.00675	0.00810	0.00843	0.00472	0.00540	0.00810	0.01113	0.01484	0.03205	0.79184	0.03846	0.01822	0.00742	0.00236	0.00337	0.01653	0.00540	0.00472
15	0.00709	0.00506	0.00675	0.00810	0.00843	0.00472	0.00540	0.00810	0.01113	0.01484	0.03205	0.79184	0.03846	0.01822	0.00742	0.00236	0.00337	0.01653	0.00540	0.00472
16	0.30644	0.13953	0.01574	0.01209	0.08755	0.01380	0.00908	0.06373	0.04459	0.23551	0.01364	0.01367	0.00979	0.00602	0.00471	0.00171	0.00526	0.00439	0.00461	0.00814
17	0.00733	0.00523	0.00702	0.00837	0.00882	0.00493	0.00582	0.00851	0.01137	0.01511	0.03192	0.71536	0.03794	0.01799	0.00749	0.00239	0.00358	0.09063	0.00539	0.00479
18	0.09536	0.01013	0.01305	0.01018	0.01455	0.00919	0.00838	0.02748	0.04799	0.66770	0.02170	0.01899	0.01384	0.00707	0.00566	0.00181	0.00489	0.00565	0.00683	0.00956
19	0.01166	0.03008	0.76550	0.01657	0.02517	0.01351	0.02149	0.01842	0.01228	0.01842	0.01044	0.01228	0.00737	0.00552	0.00552	0.00184	0.00859	0.00430	0.00246	0.00859
20	0.01399	0.01540	0.02724	0.06548	0.12828	0.09336	0.44878	0.01779	0.01331	0.01728	0.01193	0.01717	0.00990	0.08343	0.00873	0.00224	0.00895	0.00636	0.00298	0.00741
21	0.01185	0.06676	0.73044	0.01626	0.02468	0.01396	0.02094	0.01837	0.01226	0.01819	0.01032	0.01214	0.00737	0.00550	0.00544	0.00181	0.00848	0.00424	0.00246	0.00854
22	0.01390	0.01331	0.02271	0.14334	0.65556	0.01369	0.01760	0.01742	0.01301	0.01840	0.01085	0.01455	0.00900	0.00527	0.00577	0.00176	0.00703	0.00518	0.00284	0.00881
23	0.02201	0.01492	0.01632	0.01258	0.01704	0.01618	0.01037	0.61260	0.02520	0.12696	0.01535	0.01510	0.01072	0.00700	0.00573	0.00173	0.00602	0.00532	0.04918	0.00966
24	0.01293	0.01232	0.02096	0.35595	0.45055	0.01343	0.01712	0.01656	0.01255	0.01722	0.01068	0.01487	0.00858	0.00545	0.00578	0.00182	0.00727	0.00518	0.00275	0.00803
25	0.01396	0.08857	0.12210	0.02133	0.02716	0.01559	0.52150	0.04935	0.01375	0.01873	0.01118	0.01449	0.00852	0.00530	0.00690	0.00190	0.04274	0.00606	0.00295	0.00792
26	0.00713	0.00590	0.00625	0.00616	0.00801	0.00502	0.00462	0.00885	0.01387	0.01717	0.19277	0.05356	0.62222	0.01418	0.00687	0.00194	0.00291	0.01194	0.00559	0.00502
27	0.01393	0.01381	0.02494	0.10755	0.55567	0.01389	0.14855	0.01769	0.01317	0.01852	0.01103	0.01474	0.00900	0.00519	0.00596	0.00179	0.00752	0.00549	0.00286	0.00869
28	0.00977	0.00743	0.00831	0.00821	0.01023	0.00727	0.00625	0.01454	0.17112	0.05696	0.05550	0.18067	0.35881	0.01355	0.00680	0.00208	0.00367	0.06709	0.00562	0.00611
29	0.02387	0.01304	0.12070	0.01136	0.01645	0.00965	0.01049	0.05686	0.01647	0.62677	0.02078	0.01848	0.01321	0.00695	0.00580	0.00180	0.00553	0.00560	0.00646	0.00971
30	0.02584	0.01030	0.01375	0.01054	0.01505	0.00915	0.00871	0.07379	0.01733	0.71696	0.02237	0.01942	0.01411	0.00718	0.00585	0.00180	0.00504	0.00581	0.00711	0.00990
31	0.00714	0.00520	0.00669	0.00779	0.00834	0.00480	0.00526	0.00826	0.01153	0.01523	0.06617	0.66587	0.11448	0.03391	0.00781	0.00237	0.00335	0.01565	0.00540	0.00475

[dist]
# distance from previous block
# <min> <max>
0	1

[block]
# block no. 2 follows, 40 sequences, length 8
# corresponding to MSA columns:
# 377-384
name=unknown_C
#
# <colnr> <probs for GDERKNQSTAVLIFYWHMCP>
#	G	D	E	R	K	N	Q	S	T	A	V	L	I	F	Y	W	H	M	C	P
0	0.01084	0.00542	0.00542	0.00542	0.00678	0.00542	0.00407	0.01355	0.01220	0.02168	0.01897	0.02168	0.01491	0.00678	0.00407	0.00136	0.00271	0.00542	0.82791	0.00542
1	0.00709	0.00506	0.00675	0.00810	0.00843	0.00472	0.00540	0.00810	0.01113	0.01484	0.03205	0.79184	0.03846	0.01822	0.00742	0.00236	0.00337	0.01653	0.00540	0.00472
2	0.01264	0.01550	0.09443	0.02158	0.02694	0.01324	0.57576	0.01717	0.01325	0.01809	0.01441	0.12115	0.01273	0.00677	0.00682	0.00201	0.00882	0.00796	0.00323	0.00748
3	0.01436	0.00867	0.01072	0.00906	0.01166	0.00845	0.00714	0.15189	0.01855	0.17122	0.47220	0.03323	0.03843	0.01004	0.00646	0.00181	0.00387	0.00860	0.00645	0.00718
4	0.00709	0.00506	0.00675	0.00810	0.00843	0.00472	0.00540	0.00810	0.01113	0.01484	0.03205	0.79184	0.03846	0.01822	0.00742	0.00236	0.00337	0.01653	0.00540	0.00472
5	0.00781	0.00583	0.00718	0.00805	0.00878	0.00565	0.00547	0.01011	0.07459	0.01547	0.03305	0.58792	0.11082	0.07919	0.00901	0.00255	0.00362	0.01458	0.00529	0.00503
6	0.00759	0.00527	0.00660	0.00745	0.00767	0.00506	0.00471	0.00823	0.01015	0.01354	0.02701	0.51527	0.03211	0.30345	0.01556	0.00356	0.00420	0.01357	0.00471	0.00428
7	0.01352	0.01507	0.03089	0.02259	0.02726	0.01535	0.58775	0.01767	0.01273	0.01767	0.01091	0.01507	0.00858	0.00600	0.00940	0.00208	0.17059	0.00649	0.00286	0.00754

[dist]
# distance from previous block
# <min> <max>
0	10

[block]
# block no. 3 follows, 40 sequences, length 62
# corresponding to MSA columns:
# 395-456
name=unknown_D
#
# <colnr> <probs for GDERKNQSTAVLIFYWHMCP>
#	G	D	E	R	K	N	Q	S	T	A	V	L	I	F	Y	W	H	M	C	P
0	0.02840	0.38327	0.08124	0.09742	0.07704	0.07850	0.01237	0.14463	0.01501	0.01885	0.00984	0.01153	0.00803	0.00556	0.00474	0.00152	0.00696	0.00401	0.00317	0.00793
1	0.07806	0.04975	0.47337	0.01496	0.02165	0.01348	0.06559	0.05439	0.06166	0.04517	0.01172	0.01347	0.00860	0.00662	0.00649	0.05157	0.00756	0.00464	0.00314	0.00811
2	0.01225	0.06316	0.17446	0.02336	0.01567	0.13008	0.01125	0.03147	0.04689	0.01636	0.01844	0.29950	0.01944	0.01083	0.00743	0.00200	0.08386	0.00885	0.00389	0.02081
3	0.01212	0.07287	0.64039	0.01709	0.02517	0.01419	0.10185	0.01838	0.01241	0.01817	0.01045	0.01249	0.00754	0.00542	0.00557	0.00182	0.00859	0.00452	0.00251	0.00844
4	0.01262	0.01403	0.08322	0.27554	0.03082	0.01300	0.35269	0.01695	0.01299	0.04784	0.01531	0.01866	0.06673	0.00611	0.00636	0.00194	0.00829	0.00647	0.00315	0.00730
5	0.01309	0.01189	0.04370	0.06543	0.28940	0.01156	0.09970	0.07286	0.01385	0.02003	0.01494	0.02148	0.01286	0.00931	0.05766	0.00232	0.00701	0.07703	0.14829	0.00760
6	0.07956	0.01409	0.04187	0.09469	0.02586	0.01365	0.41559	0.09691	0.01469	0.06998	0.01366	0.06765	0.01098	0.00633	0.00633	0.00194	0.00803	0.00675	0.00371	0.00775
7	0.00773	0.00530	0.00690	0.00792	0.00854	0.00501	0.00554	0.00921	0.01197	0.01662	0.10984	0.58559	0.03759	0.01625	0.00707	0.00222	0.00337	0.06147	0.08693	0.00492
8	0.77371	0.01114	0.00893	0.00786	0.01153	0.01270	0.00647	0.01797	0.01042	0.08339	0.00925	0.01025	0.00693	0.00554	0.00377	0.00180	0.00453	0.00336	0.00388	0.00658
9	0.01610	0.54852	0.08443	0.06228	0.01794	0.02072	0.01145	0.14515	0.01459	0.01819	0.00946	0.01079	0.00790	0.00543	0.00438	0.00143	0.00654	0.00371	0.00308	0.00791
10	0.01053	0.00659	0.00824	0.00862	0.00990	0.00646	0.00614	0.01377	0.10509	0.10408	0.02891	0.54440	0.03120	0.01474	0.00679	0.00217	0.00366	0.01316	0.06960	0.00595
11	0.00832	0.00571	0.00697	0.00734	0.00762	0.00573	0.00476	0.00894	0.00950	0.01269	0.02169	0.16158	0.02477	0.52646	0.08141	0.00507	0.00601	0.08739	0.00399	0.00405
12	0.02609	0.00990	0.01350	0.01035	0.01484	0.00855	0.00855	0.02834	0.01664	0.76338	0.02294	0.01979	0.01439	0.00720	0.00585	0.00180	0.00495	0.00585	0.00720	0.00990
13	0.02143	0.01567	0.01682	0.01304	0.01753	0.01733	0.01073	0.66205	0.07558	0.05030	0.01491	0.01477	0.01062	0.00704	0.00579	0.00175	0.00617	0.00534	0.02338	0.00975
14	0.00846	0.00564	0.00634	0.00634	0.00634	0.00564	0.00352	0.00846	0.00846	0.01128	0.01832	0.03805	0.02114	0.79563	0.02960	0.00564	0.00564	0.00846	0.00352	0.00352
15	0.00709	0.00506	0.00675	0.00810	0.00843	0.00472	0.00540	0.00810	0.01113	0.01484	0.03205	0.79184	0.03846	0.01822	0.00742	0.00236	0.00337	0.01653	0.00540	0.00472
16	0.01206	0.01034	0.01206	0.00861	0.01378	0.00775	0.00689	0.01464	0.01206	0.01895	0.01034	0.01206	0.00861	0.00431	0.00431	0.00086	0.00431	0.00345	0.00345	0.83118
17	0.83671	0.01125	0.00855	0.00765	0.01125	0.01305	0.00630	0.01709	0.00990	0.02609	0.00810	0.00945	0.00630	0.00540	0.00360	0.00180	0.00450	0.00315	0.00360	0.00630
18	0.00704	0.00578	0.00620	0.00634	0.00802	0.00494	0.00466	0.00858	0.01328	0.01636	0.12577	0.15725	0.58577	0.01493	0.00695	0.00201	0.00298	0.01269	0.00550	0.00494
19	0.01988	0.01476	0.01575	0.01248	0.01663	0.01641	0.01018	0.55815	0.15290	0.03330	0.01606	0.01593	0.01167	0.00712	0.00570	0.00175	0.00579	0.00549	0.07062	0.00942
20	0.01231	0.01018	0.01165	0.06265	0.01493	0.01130	0.00879	0.06468	0.38509	0.02190	0.07583	0.09099	0.09582	0.01046	0.00644	0.00206	0.00463	0.09714	0.00556	0.00756
21	0.02356	0.01078	0.01366	0.01082	0.01508	0.01027	0.00882	0.06995	0.16231	0.57500	0.02257	0.01983	0.01480	0.00732	0.00586	0.00183	0.00496	0.00596	0.00686	0.00976
22	0.00870	0.00580	0.00758	0.00841	0.00922	0.00552	0.00585	0.01069	0.04823	0.06083	0.07913	0.64601	0.03700	0.01659	0.00723	0.00228	0.00352	0.02649	0.00560	0.00532
23	0.01773	0.01207	0.01333	0.01130	0.01490	0.01320	0.00898	0.14718	0.42839	0.17052	0.02154	0.02003	0.01556	0.00752	0.00574	0.00185	0.00482	0.00612	0.07004	0.00916
24	0.01109	0.01056	0.01787	0.60823	0.05263	0.01287	0.05690	0.01462	0.01154	0.01511	0.01169	0.06775	0.00992	0.00692	0.00701	0.00201	0.06796	0.00603	0.00280	0.00648
25	0.00760	0.00588	0.00692	0.00674	0.00832	0.00521	0.00503	0.00973	0.01486	0.01971	0.42738	0.08043	0.35449	0.01337	0.00689	0.00191	0.00286	0.01152	0.00593	0.00521
26	0.00699	0.00590	0.00605	0.00601	0.00792	0.00496	0.00451	0.00857	0.01352	0.01635	0.11765	0.05491	0.69785	0.01449	0.00687	0.00195	0.00293	0.01213	0.00548	0.00496
27	0.01509	0.01203	0.01295	0.02978	0.01525	0.01371	0.00906	0.07698	0.59419	0.05520	0.02229	0.02095	0.01662	0.00766	0.00576	0.00190	0.00466	0.00633	0.07067	0.00892
28	0.78989	0.01117	0.00883	0.00780	0.01145	0.01279	0.00643	0.01774	0.01029	0.06867	0.00895	0.01004	0.00677	0.00550	0.00373	0.00180	0.00452	0.00330	0.00381	0.00651
29	0.01555	0.79913	0.03047	0.00995	0.01493	0.02301	0.00995	0.01741	0.01182	0.01368	0.00808	0.00933	0.00746	0.00498	0.00373	0.00124	0.00622	0.00311	0.00249	0.00746
30	0.00870	0.00636	0.00738	0.00722	0.00818	0.00608	0.00473	0.01044	0.05322	0.01492	0.10389	0.16946	0.08386	0.40520	0.01810	0.00377	0.00455	0.00989	0.00444	0.06961
31	0.01356	0.01297	0.02210	0.21717	0.58437	0.01360	0.01743	0.01712	0.01285	0.01799	0.01079	0.01466	0.00886	0.00534	0.00577	0.00178	0.00711	0.00518	0.00281	0.00854
32	0.01373	0.01569	0.03431	0.02451	0.03039	0.01471	0.73824	0.01863	0.01373	0.01863	0.01176	0.01569	0.00882	0.00490	0.00686	0.00196	0.00980	0.00686	0.00294	0.00784
33	0.83671	0.01125	0.00855	0.00765	0.01125	0.01305	0.00630	0.01709	0.00990	0.02609	0.00810	0.00945	0.00630	0.00540	0.00360	0.00180	0.00450	0.00315	0.00360	0.00630
34	0.01244	0.01241	0.01826	0.01543	0.01590	0.01677	0.06134	0.01402	0.00927	0.01427	0.00854	0.01372	0.00826	0.01246	0.07764	0.00304	0.67195	0.00530	0.00262	0.00637
35	0.05350	0.01214	0.01481	0.12314	0.01895	0.01283	0.01022	0.30936	0.01991	0.25033	0.09885	0.01905	0.01581	0.00736	0.00585	0.00180	0.00567	0.00591	0.00574	0.00875
36	0.00799	0.00634	0.00724	0.00694	0.00871	0.00579	0.00523	0.01102	0.06155	0.01984	0.38470	0.04789	0.37971	0.01296	0.00681	0.00190	0.00296	0.01108	0.00590	0.00545
37	0.01091	0.00883	0.01004	0.00923	0.01148	0.00942	0.00707	0.01962	0.33931	0.02336	0.39575	0.03452	0.07617	0.01028	0.00644	0.00190	0.00357	0.00887	0.00613	0.00710
38	0.00966	0.00690	0.00859	0.00798	0.00973	0.00658	0.00619	0.06862	0.01676	0.03893	0.55575	0.04359	0.11928	0.01201	0.00685	0.00190	0.00330	0.06533	0.00619	0.00586
39	0.08243	0.01366	0.01634	0.14899	0.07070	0.01536	0.01165	0.43265	0.02042	0.02844	0.01282	0.01481	0.00966	0.01025	0.08357	0.00255	0.00745	0.00516	0.00460	0.00848
40	0.02396	0.01331	0.01561	0.01197	0.01655	0.01362	0.00989	0.40890	0.02236	0.37474	0.01814	0.01667	0.01199	0.00708	0.00583	0.00177	0.00572	0.00552	0.00646	0.00989
41	0.00718	0.00542	0.00667	0.00762	0.00851	0.00491	0.00538	0.00844	0.01191	0.01527	0.03988	0.52593	0.24983	0.01704	0.00730	0.00227	0.00338	0.06285	0.00540	0.00482
42	0.01327	0.01281	0.02139	0.28621	0.47721	0.02650	0.03170	0.01685	0.01277	0.01749	0.01104	0.01555	0.00907	0.00558	0.00583	0.00181	0.00729	0.01666	0.00282	0.00815
43	0.00776	0.00588	0.00704	0.00706	0.00836	0.00536	0.00509	0.00989	0.02837	0.01872	0.35269	0.18281	0.25757	0.06679	0.00848	0.00223	0.00315	0.01192	0.00572	0.00512
44	0.00907	0.00551	0.00695	0.00704	0.00713	0.00551	0.00442	0.00840	0.00849	0.01129	0.01641	0.03309	0.01828	0.48534	0.02588	0.28059	0.00542	0.05455	0.00331	0.00331
45	0.01306	0.00900	0.01170	0.01044	0.01258	0.01009	0.00833	0.18223	0.01415	0.07813	0.01565	0.02029	0.01329	0.03092	0.50529	0.00671	0.02962	0.00593	0.01590	0.00669
46	0.06354	0.01514	0.06304	0.16021	0.46013	0.07341	0.04625	0.01777	0.01298	0.01828	0.01052	0.01392	0.00853	0.00538	0.00563	0.00177	0.00741	0.00496	0.00286	0.00827
47	0.01435	0.01142	0.01216	0.01092	0.01406	0.01286	0.00850	0.02801	0.60699	0.06620	0.02600	0.02416	0.07302	0.00830	0.00587	0.00192	0.00438	0.00689	0.05528	0.00869
48	0.00818	0.00594	0.00771	0.00727	0.00866	0.00547	0.00545	0.01088	0.01635	0.02306	0.73256	0.04386	0.07876	0.01199	0.00686	0.00183	0.00275	0.01058	0.00637	0.00547
49	0.41538	0.01304	0.04848	0.00976	0.01364	0.01364	0.00837	0.25242	0.01628	0.02864	0.05588	0.01406	0.01112	0.00642	0.00465	0.00175	0.00507	0.00451	0.06940	0.00747
50	0.00833	0.00593	0.00705	0.00754	0.00794	0.00594	0.00479	0.01007	0.06797	0.01385	0.02471	0.36430	0.02840	0.39575	0.01810	0.00393	0.00457	0.01182	0.00453	0.00449
51	0.00767	0.00592	0.00700	0.00673	0.00835	0.00525	0.00505	0.00990	0.01515	0.02020	0.47023	0.04858	0.34288	0.01305	0.00686	0.00188	0.00283	0.01124	0.00599	0.00525
52	0.00927	0.00662	0.00926	0.01060	0.01189	0.00661	0.00920	0.01188	0.01329	0.01729	0.03084	0.09678	0.03368	0.01616	0.00801	0.00266	0.00527	0.69000	0.00536	0.00533
53	0.02151	0.01531	0.18932	0.01215	0.01753	0.01091	0.01182	0.08231	0.07337	0.47477	0.01937	0.01773	0.01266	0.00684	0.00578	0.00182	0.00589	0.00549	0.00588	0.00954
54	0.01555	0.79913	0.03047	0.00995	0.01493	0.02301	0.00995	0.01741	0.01182	0.01368	0.00808	0.00933	0.00746	0.00498	0.00373	0.00124	0.00622	0.00311	0.00249	0.00746
55	0.01325	0.05054	0.53633	0.01479	0.03609	0.01221	0.01739	0.01870	0.01335	0.11302	0.10466	0.01704	0.01420	0.00650	0.00567	0.00181	0.00729	0.00524	0.00355	0.00835
56	0.01394	0.01494	0.03072	0.02227	0.02756	0.01445	0.60967	0.07474	0.01436	0.01956	0.01215	0.01605	0.00933	0.00818	0.06654	0.00253	0.02542	0.00665	0.00317	0.00777
57	0.00707	0.00512	0.00669	0.00795	0.00840	0.00474	0.00533	0.00811	0.01127	0.01490	0.03383	0.74300	0.08615	0.01799	0.00739	0.00234	0.00335	0.01625	0.00540	0.00474
58	0.08905	0.01583	0.16082	0.17812	0.15607	0.01331	0.09401	0.07509	0.03419	0.10951	0.01258	0.01473	0.00916	0.00582	0.00567	0.00184	0.00717	0.00513	0.00364	0.00824
59	0.01369	0.01315	0.07749	0.42379	0.18271	0.01314	0.05774	0.05283	0.01332	0.07917	0.01177	0.01531	0.00874	0.00578	0.00584	0.00187	0.00746	0.00526	0.00320	0.00772
60	0.06483	0.02483	0.06778	0.00864	0.01149	0.00880	0.00739	0.05770	0.12355	0.02059	0.17690	0.05370	0.31790	0.01127	0.00631	0.00191	0.00401	0.02072	0.00529	0.00639
61	0.07301	0.01664	0.14819	0.01323	0.01869	0.01386	0.06806	0.30847	0.01859	0.08510	0.01276	0.01358	0.00922	0.00594	0.00540	0.00161	0.00639	0.00475	0.00449	0.17201

[dist]
# distance from previous block
# <min> <max>
9	16

[block]
# block no. 4 follows, 40 sequences, length 59
# corresponding to MSA columns:
# 475-533
name=unknown_E
#
# <colnr> <probs for GDERKNQSTAVLIFYWHMCP>
#	G	D	E	R	K	N	Q	S	T	A	V	L	I	F	Y	W	H	M	C	P
0	0.01198	0.01110	0.01831	0.72152	0.08974	0.01336	0.01648	0.01558	0.01221	0.01586	0.01114	0.01644	0.00858	0.00627	0.00613	0.00206	0.00792	0.00541	0.00287	0.00704
1	0.00856	0.00650	0.00768	0.00736	0.00899	0.00576	0.00546	0.01062	0.01576	0.02128	0.50484	0.04848	0.29987	0.01331	0.00717	0.00201	0.00310	0.01130	0.00627	0.00569
2	0.14975	0.01114	0.01351	0.01068	0.01505	0.01046	0.00871	0.07835	0.03023	0.57667	0.02065	0.01879	0.01355	0.00741	0.00582	0.00194	0.00524	0.00564	0.00674	0.00968
3	0.01362	0.02591	0.54663	0.01903	0.05480	0.01390	0.16357	0.01938	0.01328	0.05453	0.01207	0.01444	0.00880	0.00597	0.00614	0.00200	0.00881	0.00517	0.00306	0.00890
4	0.00790	0.00565	0.00732	0.00862	0.00903	0.00521	0.00574	0.00869	0.01161	0.01556	0.03255	0.78345	0.03882	0.01857	0.00772	0.00249	0.00365	0.01663	0.00563	0.00514
5	0.00945	0.00690	0.00899	0.00990	0.01128	0.00657	0.00815	0.01156	0.01393	0.01826	0.11662	0.13967	0.13345	0.01603	0.00797	0.00258	0.00478	0.46256	0.00572	0.00565
6	0.00886	0.00651	0.00810	0.00767	0.00918	0.00589	0.00570	0.01120	0.01647	0.02297	0.65976	0.04570	0.14389	0.01268	0.00717	0.00198	0.00305	0.01091	0.00650	0.00582
7	0.01291	0.01243	0.01808	0.01661	0.06565	0.01601	0.04934	0.01432	0.01015	0.01533	0.01124	0.07395	0.01133	0.01286	0.06706	0.00303	0.57341	0.00637	0.00311	0.00682
8	0.01175	0.01086	0.01789	0.77282	0.04027	0.01330	0.01637	0.01537	0.01210	0.01558	0.01109	0.01651	0.00848	0.00632	0.00613	0.00207	0.00798	0.00541	0.00285	0.00685
9	0.05507	0.07955	0.43734	0.01636	0.07639	0.01463	0.01692	0.02152	0.16255	0.04079	0.01398	0.01525	0.01049	0.00649	0.00573	0.00195	0.00739	0.00498	0.00365	0.00897
10	0.04295	0.01086	0.01409	0.01194	0.06508	0.00921	0.00891	0.02343	0.01522	0.45414	0.01843	0.01771	0.01268	0.00660	0.00562	0.00164	0.00513	0.00522	0.00586	0.26527
11	0.01682	0.38555	0.18153	0.03072	0.07214	0.07616	0.01352	0.09132	0.01459	0.04936	0.01089	0.01251	0.00884	0.00601	0.00505	0.00166	0.00733	0.00419	0.00335	0.00847
12	0.01088	0.00564	0.00814	0.00811	0.00819	0.00553	0.00540	0.00818	0.00810	0.01088	0.01086	0.01866	0.01080	0.02053	0.02284	0.82092	0.00531	0.00529	0.00279	0.00296
13	0.01088	0.00808	0.01012	0.06053	0.01251	0.00798	0.00720	0.10072	0.01781	0.02482	0.59159	0.03892	0.06223	0.01137	0.00697	0.00197	0.00381	0.00973	0.00627	0.00648
14	0.01495	0.01413	0.02367	0.07314	0.71494	0.01414	0.01796	0.01818	0.01361	0.01946	0.01166	0.01547	0.00985	0.00572	0.00608	0.00188	0.00718	0.00542	0.00313	0.00943
15	0.02138	0.02127	0.01863	0.05101	0.05038	0.36480	0.06077	0.25424	0.01987	0.06084	0.01241	0.01389	0.00952	0.00676	0.00594	0.00180	0.00876	0.00492	0.00435	0.00847
16	0.01551	0.01292	0.01366	0.01228	0.01563	0.01467	0.00949	0.03115	0.72034	0.04518	0.02425	0.02258	0.01827	0.00835	0.00623	0.00210	0.00487	0.00678	0.00618	0.00958
17	0.42930	0.01253	0.01241	0.01018	0.01429	0.01334	0.00830	0.18228	0.01609	0.22546	0.01415	0.01430	0.01000	0.00674	0.00504	0.00193	0.00531	0.00460	0.00531	0.00845
18	0.19624	0.35963	0.07156	0.01179	0.01667	0.03394	0.05907	0.07842	0.01386	0.09130	0.01120	0.01246	0.00889	0.00601	0.00478	0.00170	0.00647	0.00416	0.00376	0.00810
19	0.01452	0.01369	0.02291	0.16550	0.62589	0.01403	0.01775	0.01781	0.01341	0.01895	0.01158	0.01561	0.00967	0.00580	0.00609	0.00190	0.00729	0.00542	0.00309	0.00909
20	0.00790	0.00565	0.00732	0.00862	0.00903	0.00521	0.00574	0.00869	0.01161	0.01556	0.03255	0.78345	0.03882	0.01857	0.00772	0.00249	0.00365	0.01663	0.00563	0.00514
21	0.01937	0.01279	0.01425	0.01193	0.01567	0.01363	0.00945	0.22866	0.30529	0.18999	0.02151	0.05504	0.01620	0.00837	0.00617	0.00199	0.00529	0.00665	0.04822	0.00951
22	0.00826	0.00663	0.00721	0.00718	0.00896	0.00584	0.00527	0.01027	0.04105	0.01818	0.19640	0.13004	0.50369	0.01466	0.00720	0.00211	0.00329	0.01231	0.00585	0.00557
23	0.00845	0.00626	0.00811	0.00893	0.00937	0.00620	0.00611	0.00931	0.01163	0.01583	0.07855	0.62826	0.03664	0.07174	0.01001	0.00270	0.05640	0.01490	0.00538	0.00521
24	0.00776	0.00618	0.00678	0.00722	0.00866	0.00532	0.00512	0.00885	0.01296	0.01611	0.04966	0.31452	0.49671	0.01635	0.00737	0.00224	0.00338	0.01392	0.00563	0.00525
25	0.01501	0.01469	0.05055	0.13921	0.52269	0.01439	0.06583	0.06660	0.01441	0.02022	0.01184	0.01555	0.00967	0.00590	0.00615	0.00192	0.00748	0.00550	0.00329	0.00911
26	0.01463	0.01381	0.02310	0.14141	0.64911	0.01406	0.01780	0.01790	0.01347	0.01908	0.01160	0.01557	0.00972	0.00578	0.00608	0.00190	0.00726	0.00542	0.00310	0.00918
27	0.00785	0.00648	0.00670	0.00661	0.00856	0.00546	0.00490	0.00925	0.01409	0.01731	0.14108	0.05501	0.66610	0.01479	0.00718	0.00208	0.00320	0.01222	0.00575	0.00539
28	0.00999	0.00816	0.00866	0.00818	0.01036	0.00793	0.00612	0.02984	0.17880	0.01979	0.15905	0.04513	0.42273	0.04848	0.00797	0.00224	0.00376	0.01055	0.00583	0.00641
29	0.01585	0.09772	0.48917	0.01531	0.02248	0.01529	0.01761	0.15954	0.01594	0.07592	0.01256	0.01392	0.00911	0.00638	0.00576	0.00190	0.00790	0.00473	0.00372	0.00920
30	0.01211	0.00732	0.00807	0.00763	0.00908	0.00773	0.00577	0.06584	0.01316	0.02163	0.01891	0.06059	0.01608	0.03929	0.05568	0.00232	0.05690	0.00634	0.57945	0.00609
31	0.01191	0.00847	0.00982	0.00888	0.01098	0.00848	0.00676	0.08455	0.12216	0.04162	0.44555	0.03549	0.06296	0.01066	0.00658	0.00193	0.00370	0.00897	0.10362	0.00691
32	0.02182	0.01619	0.01733	0.01360	0.01807	0.01776	0.01106	0.66461	0.07578	0.03570	0.01581	0.03607	0.01188	0.00783	0.00618	0.00192	0.00644	0.00586	0.00604	0.01006
33	0.02754	0.00840	0.01028	0.00896	0.01134	0.00794	0.00692	0.09386	0.01783	0.14957	0.49860	0.03693	0.07520	0.01102	0.00683	0.00196	0.00384	0.00929	0.00660	0.00710
34	0.01366	0.06618	0.01911	0.01535	0.01576	0.01849	0.01279	0.01475	0.00961	0.01470	0.00845	0.01354	0.00835	0.01028	0.01821	0.00259	0.72336	0.00520	0.00281	0.00683
35	0.01325	0.01139	0.01452	0.01071	0.01572	0.00918	0.06978	0.05145	0.01339	0.02030	0.01230	0.04596	0.01066	0.00559	0.00507	0.00121	0.00511	0.00463	0.00386	0.67592
36	0.01347	0.01322	0.01825	0.01571	0.01578	0.01814	0.01298	0.01452	0.00941	0.01472	0.00842	0.01377	0.00836	0.01063	0.01924	0.00267	0.77581	0.00533	0.00281	0.00675
37	0.01088	0.00564	0.00814	0.00811	0.00819	0.00553	0.00540	0.00818	0.00810	0.01088	0.01086	0.01866	0.01080	0.02053	0.02284	0.82092	0.00531	0.00529	0.00279	0.00296
38	0.01468	0.01386	0.02319	0.13059	0.65955	0.01407	0.01783	0.01795	0.01349	0.01914	0.01161	0.01556	0.00974	0.00577	0.00608	0.00189	0.00725	0.00542	0.00310	0.00922
39	0.01097	0.00695	0.00896	0.00818	0.00995	0.00629	0.00617	0.01342	0.01690	0.10439	0.66830	0.04154	0.05063	0.01181	0.00705	0.00196	0.00327	0.01018	0.00671	0.00637
40	0.01175	0.01086	0.01789	0.77282	0.04027	0.01330	0.01637	0.01537	0.01210	0.01558	0.01109	0.01651	0.00848	0.00632	0.00613	0.00207	0.00798	0.00541	0.00285	0.00685
41	0.00846	0.00647	0.00941	0.00990	0.01075	0.00600	0.05875	0.00960	0.01188	0.01593	0.03104	0.70090	0.03650	0.01753	0.00770	0.00248	0.00419	0.04168	0.00545	0.00538
42	0.01496	0.02687	0.61075	0.01599	0.02377	0.01355	0.01929	0.06874	0.01431	0.11520	0.01302	0.01440	0.00916	0.00634	0.00591	0.00197	0.00820	0.00481	0.00355	0.00921
43	0.00849	0.00619	0.00789	0.00898	0.00966	0.00588	0.00624	0.01027	0.04955	0.01657	0.06048	0.65961	0.03803	0.01763	0.00767	0.00248	0.00384	0.06940	0.00569	0.00544
44	0.00896	0.00628	0.00775	0.00724	0.00895	0.00571	0.00548	0.01170	0.03267	0.05873	0.54112	0.04465	0.21449	0.01222	0.00679	0.00186	0.00294	0.01060	0.00620	0.00566
45	0.03484	0.09385	0.55809	0.02853	0.07649	0.06519	0.01890	0.01864	0.01257	0.02693	0.01026	0.01212	0.00758	0.00551	0.00533	0.00176	0.00823	0.00422	0.00261	0.00834
46	0.00741	0.00525	0.00689	0.00808	0.00844	0.00497	0.00546	0.00843	0.01098	0.01460	0.03032	0.64916	0.03603	0.11119	0.01012	0.00278	0.00379	0.06632	0.00517	0.00463
47	0.01319	0.04048	0.01053	0.00844	0.01085	0.00769	0.00666	0.06376	0.01696	0.17923	0.50502	0.03536	0.05761	0.01035	0.00645	0.00180	0.00360	0.00891	0.00634	0.00678
48	0.01295	0.09867	0.38124	0.07276	0.04483	0.04666	0.13905	0.01778	0.01225	0.01708	0.01006	0.01283	0.00773	0.00592	0.00712	0.00187	0.09594	0.00477	0.00259	0.00789
49	0.01588	0.15264	0.01681	0.05051	0.01531	0.01387	0.00982	0.01949	0.09963	0.20202	0.05778	0.07400	0.03343	0.00879	0.00898	0.00196	0.20053	0.00640	0.00458	0.00758
50	0.00709	0.00506	0.00675	0.00810	0.00843	0.00472	0.00540	0.00810	0.01113	0.01484	0.03205	0.79184	0.03846	0.01822	0.00742	0.00236	0.00337	0.01653	0.00540	0.00472
51	0.00707	0.00512	0.00669	0.00794	0.00839	0.00474	0.00533	0.00812	0.01129	0.01491	0.03399	0.73876	0.09029	0.01797	0.00738	0.00233	0.00334	0.01622	0.00540	0.00474
52	0.01289	0.00857	0.01998	0.02853	0.06216	0.00836	0.00790	0.13063	0.01447	0.11357	0.05056	0.37444	0.02560	0.04453	0.00876	0.06199	0.00465	0.01080	0.00518	0.00643
53	0.01470	0.01442	0.02292	0.10628	0.45039	0.05204	0.11317	0.05557	0.06702	0.01951	0.01192	0.01497	0.00956	0.00560	0.00606	0.00180	0.01678	0.00544	0.00323	0.00862
54	0.01084	0.00542	0.00542	0.00542	0.00678	0.00542	0.00407	0.01355	0.01220	0.02168	0.01897	0.02168	0.01491	0.00678	0.00407	0.00136	0.00271	0.00542	0.82791	0.00542
55	0.16222	0.01452	0.01509	0.07850	0.01798	0.04679	0.01022	0.45519	0.03861	0.02991	0.01240	0.01360	0.00918	0.00748	0.00655	0.05760	0.00622	0.00482	0.00482	0.00832
56	0.06872	0.01453	0.02995	0.05721	0.06158	0.01397	0.58703	0.01779	0.01322	0.01879	0.01243	0.05396	0.01010	0.00565	0.00657	0.00196	0.00890	0.00694	0.00309	0.00758
57	0.02237	0.01586	0.01719	0.01318	0.01782	0.01740	0.01088	0.69220	0.02662	0.08542	0.01456	0.01435	0.01019	0.00700	0.00582	0.00175	0.00630	0.00528	0.00591	0.00989
58	0.00716	0.00512	0.00682	0.00804	0.00845	0.00477	0.00540	0.00829	0.01149	0.01541	0.08066	0.74161	0.03956	0.01779	0.00738	0.00233	0.00333	0.01613	0.00547	0.00477

[dist]
# distance from previous block
# <min> <max>
0	1

[block]
# block no. 5 follows, 40 sequences, length 24
# corresponding to MSA columns:
# 535-558
name=unknown_F
#
# <colnr> <probs for GDERKNQSTAVLIFYWHMCP>
#	G	D	E	R	K	N	Q	S	T	A	V	L	I	F	Y	W	H	M	C	P
0	0.14454	0.00802	0.00956	0.00948	0.05120	0.00798	0.00679	0.01516	0.05960	0.10192	0.40584	0.06218	0.07519	0.01013	0.00613	0.00185	0.00364	0.00862	0.00572	0.00646
1	0.07343	0.09989	0.59592	0.01510	0.02269	0.04365	0.01861	0.01863	0.01232	0.03454	0.01026	0.01189	0.00745	0.00552	0.00521	0.00177	0.00807	0.00411	0.00267	0.00828
2	0.01913	0.01239	0.01345	0.01069	0.01434	0.01330	0.00871	0.45106	0.02173	0.10481	0.01636	0.01686	0.01184	0.00694	0.00530	0.00163	0.00515	0.00535	0.25241	0.00855
3	0.01770	0.01008	0.01132	0.00971	0.01259	0.08384	0.00760	0.02042	0.04396	0.34879	0.23667	0.07032	0.02787	0.04077	0.00719	0.00200	0.00480	0.03060	0.00619	0.00758
4	0.75384	0.02879	0.00956	0.00809	0.01175	0.01352	0.00668	0.04613	0.04006	0.02616	0.00895	0.01011	0.00692	0.00555	0.00378	0.00179	0.00462	0.00337	0.00375	0.00658
5	0.01372	0.01386	0.05395	0.01098	0.01530	0.08665	0.00925	0.05991	0.01296	0.01877	0.01002	0.01213	0.00836	0.00560	0.00681	0.00129	0.12450	0.00388	0.00335	0.52871
6	0.00709	0.00506	0.00675	0.00810	0.00843	0.00472	0.00540	0.00810	0.01113	0.01484	0.03205	0.79184	0.03846	0.01822	0.00742	0.00236	0.00337	0.01653	0.00540	0.00472
7	0.00709	0.00506	0.00675	0.00810	0.00843	0.00472	0.00540	0.00810	0.01113	0.01484	0.03205	0.79184	0.03846	0.01822	0.00742	0.00236	0.00337	0.01653	0.00540	0.00472
8	0.01332	0.01780	0.22066	0.10517	0.49183	0.01364	0.01865	0.01770	0.01282	0.01843	0.01074	0.01394	0.00857	0.00534	0.00570	0.00178	0.00744	0.00494	0.00274	0.00877
9	0.06616	0.00956	0.01223	0.00972	0.01373	0.00863	0.00793	0.02521	0.05603	0.58036	0.05395	0.02387	0.08993	0.00807	0.00587	0.00183	0.00462	0.00657	0.00672	0.00900
10	0.00709	0.00506	0.00675	0.00810	0.00843	0.00472	0.00540	0.00810	0.01113	0.01484	0.03205	0.79184	0.03846	0.01822	0.00742	0.00236	0.00337	0.01653	0.00540	0.00472
11	0.00823	0.00594	0.00777	0.00732	0.00869	0.00549	0.00549	0.01097	0.01646	0.02332	0.75629	0.04344	0.05487	0.01189	0.00686	0.00183	0.00274	0.01052	0.00640	0.00549
12	0.68398	0.01219	0.01022	0.00872	0.01252	0.01398	0.00719	0.15262	0.01317	0.02807	0.00920	0.01029	0.00697	0.00569	0.00401	0.00179	0.00485	0.00354	0.00401	0.00697
13	0.01177	0.00689	0.00927	0.00920	0.01037	0.00690	0.00670	0.01302	0.01194	0.17402	0.02694	0.50924	0.02933	0.05659	0.00944	0.00244	0.08196	0.01268	0.00540	0.00592
14	0.00907	0.00678	0.00818	0.00770	0.00944	0.00651	0.00581	0.01320	0.10476	0.03657	0.50914	0.06602	0.17062	0.01200	0.00674	0.00189	0.00307	0.01044	0.00615	0.00590
15	0.02178	0.02596	0.01663	0.01474	0.01799	0.65659	0.01121	0.13316	0.01815	0.01767	0.00975	0.01102	0.00786	0.00614	0.00533	0.00154	0.00986	0.00397	0.00343	0.00722
16	0.01555	0.79913	0.03047	0.00995	0.01493	0.02301	0.00995	0.01741	0.01182	0.01368	0.00808	0.00933	0.00746	0.00498	0.00373	0.00124	0.00622	0.00311	0.00249	0.00746
17	0.01145	0.02861	0.71922	0.01601	0.02416	0.01302	0.02051	0.01796	0.01253	0.01872	0.05599	0.01418	0.01027	0.00591	0.00561	0.00184	0.00824	0.00468	0.00270	0.00840
18	0.01836	0.06132	0.13647	0.13166	0.02237	0.07607	0.01344	0.41868	0.02084	0.02740	0.01213	0.01340	0.00884	0.00638	0.00561	0.00174	0.00727	0.00484	0.00439	0.00878
19	0.01426	0.01062	0.01256	0.02793	0.01458	0.00911	0.00771	0.11876	0.01456	0.08957	0.01419	0.09107	0.01229	0.00638	0.00501	0.00125	0.00465	0.00527	0.00430	0.53591
20	0.01208	0.11665	0.51737	0.15182	0.02681	0.01457	0.04742	0.01768	0.01216	0.01724	0.01019	0.01264	0.00750	0.00549	0.00542	0.00179	0.00821	0.00441	0.00250	0.00805
21	0.00813	0.00594	0.00763	0.00721	0.00862	0.00544	0.00541	0.01077	0.01622	0.02274	0.70338	0.04439	0.10814	0.01210	0.00686	0.00184	0.00276	0.01065	0.00633	0.00544
22	0.01293	0.01398	0.02837	0.23440	0.05824	0.01434	0.47354	0.01731	0.01287	0.01735	0.01112	0.01543	0.00848	0.00545	0.00719	0.00198	0.05055	0.00624	0.00282	0.00743
23	0.02204	0.01368	0.08540	0.01297	0.03898	0.03811	0.05034	0.13017	0.03269	0.45348	0.04790	0.01849	0.01404	0.00698	0.00589	0.00180	0.00593	0.00577	0.00599	0.00934

[dist]
# distance from previous block
# <min> <max>
0	4

[block]
# block no. 6 follows, 40 sequences, length 14
# corresponding to MSA columns:
# 563-576
name=unknown_G
#
# <colnr> <probs for GDERKNQSTAVLIFYWHMCP>
#	G	D	E	R	K	N	Q	S	T	A	V	L	I	F	Y	W	H	M	C	P
0	0.01230	0.01275	0.02464	0.41746	0.06491	0.01383	0.31290	0.01650	0.01248	0.01655	0.01087	0.01545	0.00825	0.00554	0.00663	0.00196	0.03124	0.00586	0.00274	0.00714
1	0.01319	0.00664	0.00709	0.00648	0.00839	0.00662	0.00501	0.06583	0.01371	0.09880	0.01903	0.02095	0.01450	0.00683	0.00437	0.00143	0.00320	0.00545	0.68628	0.00619
2	0.01898	0.06879	0.14145	0.01564	0.02026	0.39226	0.08737	0.15072	0.01720	0.01937	0.01035	0.01187	0.00804	0.00592	0.00547	0.00163	0.00913	0.00439	0.00338	0.00776
3	0.06428	0.01703	0.21587	0.03655	0.33881	0.02580	0.01575	0.01850	0.04288	0.06811	0.08775	0.01708	0.01382	0.00623	0.00568	0.00179	0.00664	0.00544	0.00357	0.00844
4	0.01245	0.00705	0.00916	0.00815	0.01029	0.00646	0.00628	0.01545	0.04242	0.19231	0.50569	0.06846	0.07030	0.01104	0.00662	0.00185	0.00335	0.00962	0.00649	0.00658
5	0.00709	0.00506	0.00675	0.00810	0.00843	0.00472	0.00540	0.00810	0.01113	0.01484	0.03205	0.79184	0.03846	0.01822	0.00742	0.00236	0.00337	0.01653	0.00540	0.00472
6	0.01129	0.06125	0.01776	0.50633	0.09361	0.01243	0.04754	0.01468	0.01186	0.01572	0.01306	0.09503	0.01149	0.00699	0.00578	0.00188	0.00692	0.00630	0.05350	0.00658
7	0.05190	0.11020	0.17612	0.12950	0.02098	0.01616	0.01392	0.10003	0.04163	0.01878	0.01034	0.01320	0.00834	0.00715	0.00926	0.00197	0.23556	0.00469	0.02279	0.00747
8	0.00802	0.00574	0.00677	0.00672	0.00752	0.00540	0.00446	0.00924	0.01208	0.01625	0.26991	0.10001	0.15264	0.35113	0.01672	0.00354	0.00407	0.01037	0.00492	0.00449
9	0.02503	0.01159	0.01455	0.01115	0.01569	0.01107	0.00921	0.21740	0.01949	0.57031	0.02056	0.01824	0.01320	0.00714	0.00584	0.00178	0.00533	0.00569	0.00683	0.00989
10	0.01513	0.37953	0.11406	0.01667	0.09586	0.01769	0.17798	0.01842	0.01277	0.06832	0.01102	0.02835	0.00906	0.00547	0.00508	0.00159	0.00724	0.00478	0.00302	0.00797
11	0.01284	0.01717	0.16599	0.17518	0.07869	0.01407	0.41399	0.01778	0.01301	0.01786	0.01118	0.01493	0.00836	0.00522	0.00633	0.00192	0.00898	0.00594	0.00278	0.00779
12	0.21043	0.01466	0.01920	0.09713	0.33102	0.09613	0.07309	0.05747	0.01345	0.02070	0.01023	0.01299	0.00820	0.00546	0.00529	0.00176	0.00702	0.00468	0.00320	0.00791
13	0.00985	0.00863	0.01426	0.01159	0.01435	0.00785	0.17295	0.01294	0.01480	0.02070	0.39901	0.06998	0.06490	0.01021	0.00671	0.00185	0.00473	0.05890	0.00515	0.09065

[dist]
# distance from previous block
# <min> <max>
1	7

[block]
# block no. 7 follows, 40 sequences, length 87
# corresponding to MSA columns:
# 584-670
name=unknown_H
#
# <colnr> <probs for GDERKNQSTAVLIFYWHMCP>
#	G	D	E	R	K	N	Q	S	T	A	V	L	I	F	Y	W	H	M	C	P
0	0.02395	0.02285	0.01866	0.05952	0.02115	0.36796	0.01249	0.27746	0.04844	0.05459	0.01529	0.01747	0.01221	0.00865	0.00696	0.00226	0.00930	0.00566	0.00539	0.00975
1	0.03665	0.01414	0.02277	0.45731	0.19915	0.01504	0.11217	0.01834	0.01430	0.01972	0.01394	0.01957	0.01139	0.00775	0.00728	0.00249	0.00873	0.00639	0.00390	0.00897
2	0.02546	0.05826	0.01752	0.01351	0.01793	0.04058	0.03949	0.02911	0.13998	0.50373	0.02392	0.02322	0.01694	0.00919	0.00716	0.00240	0.00649	0.00679	0.00732	0.01098
3	0.01136	0.00794	0.00908	0.00952	0.01000	0.00731	0.00596	0.01090	0.01187	0.01618	0.02720	0.36884	0.03116	0.41799	0.02010	0.00462	0.00575	0.01284	0.00546	0.00592
4	0.09924	0.01318	0.01511	0.01277	0.01690	0.01277	0.00991	0.02967	0.25221	0.42255	0.02448	0.02367	0.01758	0.00939	0.00706	0.00246	0.00593	0.00685	0.00739	0.01088
5	0.01819	0.65385	0.09856	0.01302	0.01817	0.02305	0.01241	0.01948	0.01380	0.01735	0.01174	0.01452	0.01068	0.00751	0.00609	0.00199	0.04226	0.00447	0.00367	0.00918
6	0.01083	0.00845	0.00898	0.00872	0.01075	0.00718	0.00629	0.01167	0.01613	0.02090	0.24980	0.05484	0.52889	0.01569	0.00821	0.00253	0.00413	0.01247	0.00670	0.00687
7	0.01066	0.00765	0.00928	0.01042	0.01107	0.00684	0.00692	0.01072	0.01324	0.01800	0.03423	0.75495	0.04003	0.01977	0.00874	0.00294	0.00459	0.01698	0.00642	0.00653
8	0.02227	0.01603	0.01729	0.01326	0.01791	0.01765	0.01095	0.71139	0.02691	0.06583	0.01432	0.01420	0.01007	0.00699	0.00582	0.00175	0.00634	0.00526	0.00587	0.00989
