[name]
unknown

[dist]
# distance from previous block
# <min> <max>
0	213

[block]
# block no. 0 follows, 41 sequences, length 7
# corresponding to MSA columns:
# 220-226
name=unknown_A
#
# <colnr> <probs for GDERKNQSTAVLIFYWHMCP>
#	G	D	E	R	K	N	Q	S	T	A	V	L	I	F	Y	W	H	M	C	P
0	0.00876	0.00628	0.00858	0.00917	0.01050	0.00610	0.00766	0.01142	0.01440	0.01949	0.32830	0.05562	0.04151	0.01412	0.00743	0.00229	0.00422	0.43313	0.00569	0.00532
1	0.01137	0.00819	0.00920	0.00719	0.01074	0.00669	0.00564	0.01396	0.01192	0.01974	0.01363	0.01572	0.01100	0.00523	0.00414	0.00105	0.00359	0.00418	0.34115	0.49567
2	0.01849	0.00815	0.01098	0.00896	0.01213	0.00718	0.00718	0.02090	0.01630	0.46339	0.32374	0.02896	0.03041	0.00896	0.00616	0.00178	0.00398	0.00763	0.00676	0.00796
3	0.01091	0.00851	0.01332	0.42115	0.02546	0.00980	0.05465	0.01431	0.01179	0.01758	0.01372	0.01774	0.01056	0.00605	0.00508	0.00167	0.00572	0.00528	0.34067	0.00602
4	0.01849	0.00815	0.01098	0.00896	0.01213	0.00718	0.00718	0.02090	0.01630	0.46339	0.32374	0.02896	0.03041	0.00896	0.00616	0.00178	0.00398	0.00763	0.00676	0.00796
5	0.01340	0.47701	0.01991	0.00797	0.01141	0.01557	0.00742	0.01558	0.01177	0.01667	0.01232	0.01414	0.01033	0.00562	0.00380	0.00127	0.00471	0.00399	0.34059	0.00652
6	0.00832	0.00555	0.00624	0.00624	0.00624	0.00555	0.00347	0.00832	0.00832	0.01109	0.01802	0.03743	0.02080	0.79898	0.02911	0.00555	0.00555	0.00832	0.00347	0.00347

[dist]
# distance from previous block
# <min> <max>
0	1

[block]
# block no. 1 follows, 41 sequences, length 7
# corresponding to MSA columns:
# 228-234
name=unknown_B
#
# <colnr> <probs for GDERKNQSTAVLIFYWHMCP>
#	G	D	E	R	K	N	Q	S	T	A	V	L	I	F	Y	W	H	M	C	P
0	0.00940	0.00751	0.00794	0.00742	0.00972	0.00707	0.00585	0.12699	0.01528	0.01892	0.04828	0.04927	0.57294	0.01338	0.00670	0.00196	0.00366	0.07669	0.00537	0.00566
1	0.01180	0.02731	0.65096	0.01756	0.02558	0.01347	0.13723	0.01815	0.01231	0.01815	0.01048	0.01262	0.00748	0.00534	0.00565	0.00183	0.00864	0.00463	0.00249	0.00833
2	0.01136	0.01901	0.36718	0.01385	0.01925	0.01146	0.08080	0.01821	0.13270	0.02058	0.22040	0.02264	0.02215	0.00762	0.00606	0.00188	0.00639	0.00658	0.00415	0.00773
3	0.23869	0.00726	0.00716	0.00690	0.00796	0.00778	0.00453	0.01093	0.00889	0.01545	0.01526	0.02898	0.01653	0.53397	0.06437	0.00473	0.00585	0.00680	0.00353	0.00443
4	0.01376	0.51322	0.23278	0.01149	0.01705	0.01854	0.01260	0.01695	0.01229	0.01580	0.07756	0.01333	0.01177	0.00580	0.00453	0.00148	0.00651	0.00412	0.00286	0.00757
5	0.01956	0.02320	0.01542	0.01399	0.01703	0.56273	0.01057	0.02504	0.22037	0.01694	0.01304	0.01365	0.01035	0.00654	0.00543	0.00164	0.00876	0.00452	0.00381	0.00740
6	0.00805	0.00596	0.00863	0.00899	0.00983	0.00657	0.00672	0.00974	0.00981	0.01384	0.01999	0.23674	0.02099	0.03599	0.56099	0.00730	0.01203	0.00899	0.00375	0.00509

[dist]
# distance from previous block
# <min> <max>
0	5

[block]
# block no. 2 follows, 41 sequences, length 18
# corresponding to MSA columns:
# 240-257
name=unknown_C
#
# <colnr> <probs for GDERKNQSTAVLIFYWHMCP>
#	G	D	E	R	K	N	Q	S	T	A	V	L	I	F	Y	W	H	M	C	P
0	0.02327	0.00920	0.01251	0.00977	0.01378	0.00800	0.00800	0.02555	0.01635	0.66577	0.12315	0.02264	0.01959	0.00771	0.00589	0.00177	0.00457	0.00638	0.00697	0.00914
1	0.01375	0.02868	0.66860	0.01939	0.10305	0.01431	0.02117	0.01930	0.01340	0.01996	0.01231	0.01505	0.00937	0.00673	0.00631	0.00216	0.00884	0.00498	0.00316	0.00948
2	0.00994	0.00497	0.00745	0.00745	0.00745	0.00497	0.00497	0.00745	0.00745	0.00994	0.00994	0.01739	0.00994	0.01987	0.02235	0.83358	0.00497	0.00497	0.00248	0.00248
3	0.01529	0.80242	0.02997	0.00979	0.01468	0.02263	0.00979	0.01713	0.01162	0.01346	0.00795	0.00918	0.00734	0.00489	0.00367	0.00122	0.00612	0.00306	0.00245	0.00734
4	0.00697	0.00498	0.00664	0.00796	0.00830	0.00465	0.00531	0.00796	0.01095	0.01460	0.03153	0.79525	0.03783	0.01792	0.00730	0.00232	0.00332	0.01626	0.00531	0.00465
5	0.01130	0.01067	0.01805	0.67450	0.14626	0.01284	0.01613	0.01505	0.01167	0.01522	0.01025	0.01509	0.00784	0.00563	0.00571	0.00188	0.00750	0.00509	0.00258	0.00675
6	0.01529	0.80242	0.02997	0.00979	0.01468	0.02263	0.00979	0.01713	0.01162	0.01346	0.00795	0.00918	0.00734	0.00489	0.00367	0.00122	0.00612	0.00306	0.00245	0.00734
7	0.00676	0.00579	0.00579	0.00579	0.00773	0.00483	0.00435	0.00821	0.01304	0.01545	0.05794	0.05505	0.76098	0.01449	0.00676	0.00193	0.00290	0.01207	0.00531	0.00483
8	0.01499	0.74127	0.08848	0.01030	0.01548	0.02189	0.01068	0.01721	0.01166	0.01383	0.00814	0.00940	0.00733	0.00494	0.00381	0.00127	0.00630	0.00315	0.00244	0.00743
9	0.00832	0.00555	0.00624	0.00624	0.00624	0.00555	0.00347	0.00832	0.00832	0.01109	0.01802	0.03743	0.02080	0.79898	0.02911	0.00555	0.00555	0.00832	0.00347	0.00347
10	0.00949	0.00615	0.00809	0.00743	0.00902	0.00564	0.00564	0.01215	0.01621	0.08184	0.70191	0.04089	0.05082	0.01133	0.00667	0.00180	0.00287	0.00998	0.00636	0.00574
11	0.01232	0.14200	0.58216	0.01731	0.10051	0.01470	0.01908	0.01791	0.01211	0.01749	0.00998	0.01187	0.00745	0.00532	0.00520	0.00171	0.00794	0.00415	0.00246	0.00835
12	0.01529	0.80242	0.02997	0.00979	0.01468	0.02263	0.00979	0.01713	0.01162	0.01346	0.00795	0.00918	0.00734	0.00489	0.00367	0.00122	0.00612	0.00306	0.00245	0.00734
13	0.01529	0.80242	0.02997	0.00979	0.01468	0.02263	0.00979	0.01713	0.01162	0.01346	0.00795	0.00918	0.00734	0.00489	0.00367	0.00122	0.00612	0.00306	0.00245	0.00734
14	0.02051	0.01487	0.01615	0.01256	0.01666	0.01640	0.01025	0.66717	0.02486	0.03332	0.01334	0.01411	0.00975	0.00823	0.00746	0.08872	0.00616	0.00513	0.00538	0.00897
15	0.01529	0.80242	0.02997	0.00979	0.01468	0.02263	0.00979	0.01713	0.01162	0.01346	0.00795	0.00918	0.00734	0.00489	0.00367	0.00122	0.00612	0.00306	0.00245	0.00734
16	0.00696	0.00577	0.00609	0.00608	0.00787	0.00490	0.00453	0.00857	0.01342	0.01651	0.15878	0.08090	0.63148	0.01421	0.00678	0.00193	0.00288	0.01198	0.00545	0.00490
17	0.00697	0.00498	0.00664	0.00796	0.00830	0.00465	0.00531	0.00796	0.01095	0.01460	0.03153	0.79525	0.03783	0.01792	0.00730	0.00232	0.00332	0.01626	0.00531	0.00465

[dist]
# distance from previous block
# <min> <max>
0	1

[block]
# block no. 3 follows, 41 sequences, length 7
# corresponding to MSA columns:
# 259-265
name=unknown_D
#
# <colnr> <probs for GDERKNQSTAVLIFYWHMCP>
#	G	D	E	R	K	N	Q	S	T	A	V	L	I	F	Y	W	H	M	C	P
0	0.02504	0.01042	0.01374	0.01062	0.01514	0.00886	0.00863	0.02700	0.01644	0.68460	0.02211	0.01990	0.01440	0.00740	0.00599	0.00185	0.00512	0.00580	0.00698	0.08996
1	0.00697	0.00498	0.00664	0.00796	0.00830	0.00465	0.00531	0.00796	0.01095	0.01460	0.03153	0.79525	0.03783	0.01792	0.00730	0.00232	0.00332	0.01626	0.00531	0.00465
2	0.01416	0.01359	0.02322	0.03511	0.76330	0.01359	0.01755	0.01755	0.01302	0.01869	0.01076	0.01416	0.00906	0.00510	0.00566	0.00170	0.00680	0.00510	0.00283	0.00906
3	0.00848	0.00620	0.00825	0.00912	0.01042	0.00597	0.00757	0.01079	0.01338	0.01751	0.14458	0.13612	0.13482	0.01522	0.00751	0.00238	0.00436	0.44672	0.00543	0.00516
4	0.02341	0.01296	0.11384	0.01127	0.01624	0.00994	0.01033	0.09450	0.01680	0.59866	0.02010	0.01795	0.01282	0.00684	0.00571	0.00177	0.00548	0.00549	0.00633	0.00956
5	0.11826	0.00654	0.00775	0.00724	0.00888	0.00638	0.00550	0.01159	0.01534	0.02330	0.66058	0.03830	0.04764	0.01085	0.00632	0.00180	0.00293	0.00938	0.00593	0.00550
6	0.00810	0.00585	0.00765	0.00720	0.00855	0.00540	0.00540	0.01079	0.01619	0.02294	0.76028	0.04273	0.05397	0.01169	0.00675	0.00180	0.00270	0.01034	0.00630	0.00540

[dist]
# distance from previous block
# <min> <max>
0	8

[block]
# block no. 4 follows, 41 sequences, length 6
# corresponding to MSA columns:
# 274-279
name=unknown_E
#
# <colnr> <probs for GDERKNQSTAVLIFYWHMCP>
#	G	D	E	R	K	N	Q	S	T	A	V	L	I	F	Y	W	H	M	C	P
0	0.01632	0.02281	0.51110	0.01421	0.02129	0.01162	0.01679	0.02145	0.01354	0.27400	0.01447	0.01460	0.00961	0.00600	0.00554	0.00180	0.00723	0.00475	0.00401	0.00889
1	0.01146	0.01062	0.01754	0.77767	0.03959	0.01304	0.01607	0.01506	0.01184	0.01523	0.01081	0.01611	0.00825	0.00615	0.00599	0.00202	0.00782	0.00529	0.00277	0.00669
2	0.01281	0.02026	0.28500	0.02144	0.02814	0.01406	0.49612	0.01825	0.01301	0.01825	0.01113	0.01428	0.00819	0.00503	0.00630	0.00189	0.00924	0.00589	0.00273	0.00797
3	0.01080	0.01017	0.01716	0.78523	0.03940	0.01271	0.01589	0.01461	0.01144	0.01461	0.01017	0.01525	0.00762	0.00572	0.00572	0.00191	0.00762	0.00508	0.00254	0.00635
4	0.01260	0.01178	0.01961	0.52145	0.28685	0.01334	0.01664	0.01606	0.01238	0.01662	0.01102	0.01574	0.00874	0.00594	0.00597	0.00195	0.00753	0.00529	0.00287	0.00761
5	0.01662	0.01826	0.02082	0.02815	0.50862	0.27401	0.01533	0.01936	0.01411	0.01709	0.01010	0.01284	0.00848	0.00537	0.00549	0.00162	0.00800	0.00461	0.00287	0.00823

[dist]
# distance from previous block
# <min> <max>
7	242

# created by:
# /software/SequenceAnalysis/GenePrediction/augustus/3.0.1/scripts/msa2prfl.pl ./fixed/BUSCOvEOG72BZPK.fas
