[name]
unknown

[dist]
# distance from previous block
# <min> <max>
74	175

[block]
# block no. 0 follows, 39 sequences, length 10
# corresponding to MSA columns:
# 206-215
name=unknown_A
#
# <colnr> <probs for GDERKNQSTAVLIFYWHMCP>
#	G	D	E	R	K	N	Q	S	T	A	V	L	I	F	Y	W	H	M	C	P
0	0.13236	0.00654	0.00778	0.00843	0.00965	0.00646	0.00604	0.01135	0.01180	0.07104	0.04875	0.56320	0.03270	0.01549	0.00686	0.00227	0.00379	0.04466	0.00538	0.00547
1	0.12719	0.00964	0.01221	0.00971	0.01369	0.00881	0.00793	0.02472	0.01602	0.55555	0.13037	0.02238	0.01974	0.00780	0.00581	0.00183	0.00464	0.00631	0.00673	0.00893
2	0.02333	0.00940	0.01246	0.00978	0.01393	0.00809	0.00800	0.02549	0.01636	0.63768	0.02932	0.02615	0.13549	0.00857	0.00612	0.00186	0.00470	0.00702	0.00702	0.00923
3	0.07642	0.00807	0.01026	0.00912	0.01190	0.00732	0.00703	0.01893	0.01414	0.37799	0.02870	0.29488	0.08676	0.01182	0.00644	0.00205	0.00425	0.01017	0.00625	0.00749
4	0.00982	0.00587	0.00752	0.00791	0.00882	0.00564	0.00549	0.01119	0.01161	0.08355	0.05327	0.41399	0.02969	0.13369	0.07634	0.00331	0.00489	0.01201	0.11013	0.00526
5	0.01945	0.00910	0.01180	0.00968	0.01314	0.00838	0.00776	0.02350	0.09958	0.44509	0.22873	0.02830	0.05104	0.00899	0.00628	0.00186	0.00430	0.00758	0.00688	0.00856
6	0.00971	0.00514	0.00755	0.00780	0.00786	0.00508	0.00520	0.00780	0.00837	0.01116	0.01436	0.15904	0.01555	0.02018	0.02026	0.67677	0.00482	0.00727	0.00310	0.00298
7	0.17024	0.01207	0.01279	0.06586	0.01580	0.07660	0.00883	0.11250	0.03790	0.25749	0.12153	0.01972	0.01729	0.00794	0.00625	0.03254	0.00550	0.00580	0.00542	0.00791
8	0.02475	0.01179	0.01466	0.01136	0.01589	0.01140	0.00934	0.19713	0.06968	0.53694	0.02121	0.01885	0.01378	0.00732	0.00594	0.00183	0.00536	0.00585	0.00690	0.01001
9	0.01281	0.07122	0.01404	0.03650	0.01522	0.01014	0.00788	0.01723	0.10599	0.01941	0.01207	0.01343	0.00983	0.00495	0.00460	0.00109	0.00469	0.00395	0.00372	0.63123

[dist]
# distance from previous block
# <min> <max>
16	30

[block]
# block no. 1 follows, 39 sequences, length 17
# corresponding to MSA columns:
# 248-264
name=unknown_B
#
# <colnr> <probs for GDERKNQSTAVLIFYWHMCP>
#	G	D	E	R	K	N	Q	S	T	A	V	L	I	F	Y	W	H	M	C	P
0	0.03779	0.00627	0.00882	0.00900	0.01001	0.00595	0.03442	0.01079	0.01126	0.08079	0.02605	0.50259	0.02931	0.03437	0.01039	0.14084	0.00425	0.02708	0.00496	0.00506
1	0.01224	0.01252	0.02420	0.36322	0.07132	0.01326	0.30855	0.01648	0.01322	0.01766	0.07690	0.01830	0.01265	0.00605	0.00644	0.00196	0.00824	0.00644	0.00314	0.00720
2	0.01679	0.33704	0.10054	0.01766	0.20583	0.01680	0.01309	0.01969	0.01337	0.15038	0.03003	0.01396	0.01048	0.00587	0.00535	0.00160	0.02485	0.00456	0.00359	0.00853
3	0.00769	0.00551	0.00734	0.00827	0.00896	0.00516	0.00586	0.00929	0.01283	0.01740	0.20573	0.54643	0.04269	0.01679	0.00746	0.00230	0.00345	0.07607	0.00573	0.00505
4	0.00758	0.00536	0.00699	0.00807	0.00847	0.00507	0.00543	0.00864	0.01133	0.01516	0.06799	0.60810	0.03725	0.12721	0.01073	0.00286	0.00382	0.04997	0.00527	0.00470
5	0.02164	0.01264	0.08802	0.07954	0.01835	0.01084	0.01093	0.06599	0.05394	0.47697	0.01950	0.01844	0.01291	0.00720	0.00656	0.00188	0.04631	0.00568	0.03343	0.00925
6	0.00953	0.00635	0.00838	0.00791	0.00949	0.00587	0.00610	0.01229	0.01648	0.06639	0.64798	0.04468	0.05153	0.01217	0.00702	0.00193	0.00315	0.07045	0.00647	0.00583
7	0.01297	0.01100	0.01262	0.00930	0.01434	0.00903	0.00743	0.04907	0.08521	0.02062	0.01202	0.01332	0.00973	0.00486	0.00461	0.00103	0.00451	0.00390	0.00386	0.71057
8	0.78568	0.01256	0.05288	0.00831	0.01227	0.01329	0.00731	0.01746	0.01021	0.02607	0.00837	0.00978	0.00647	0.00550	0.00377	0.00183	0.00482	0.00327	0.00359	0.00654
9	0.01471	0.01270	0.01337	0.01203	0.01538	0.01471	0.00936	0.03142	0.74459	0.02474	0.02407	0.02206	0.01805	0.00802	0.00602	0.00201	0.00468	0.00669	0.00602	0.00936
10	0.01003	0.00777	0.00957	0.00933	0.01094	0.00773	0.00682	0.07544	0.05516	0.01866	0.07067	0.48595	0.03068	0.01420	0.00748	0.00210	0.04461	0.01246	0.00520	0.11520
11	0.01027	0.00514	0.00770	0.00770	0.00770	0.00514	0.00514	0.00770	0.00770	0.01027	0.01027	0.01798	0.01027	0.02054	0.02311	0.82794	0.00514	0.00514	0.00257	0.00257
12	0.01535	0.01201	0.01310	0.01181	0.01511	0.01356	0.00931	0.02970	0.62317	0.08933	0.02457	0.02537	0.01899	0.00861	0.00618	0.00205	0.00477	0.06180	0.00609	0.00912
13	0.02085	0.00920	0.01221	0.00975	0.01367	0.00792	0.00797	0.02322	0.01608	0.51269	0.11776	0.02693	0.05704	0.00854	0.00610	0.00180	0.00460	0.04731	0.00664	0.08970
14	0.55388	0.01038	0.00919	0.00824	0.01140	0.01148	0.00653	0.05394	0.01176	0.08959	0.01490	0.09997	0.03681	0.05259	0.00604	0.00212	0.00460	0.00568	0.00436	0.00653
15	0.00994	0.00690	0.00808	0.00767	0.00831	0.00726	0.00498	0.08065	0.01065	0.01439	0.01773	0.03369	0.01924	0.58931	0.15158	0.00598	0.00750	0.00790	0.00374	0.00451
16	0.00863	0.00599	0.00767	0.00725	0.00864	0.00557	0.00544	0.01142	0.01631	0.02355	0.67986	0.04199	0.05179	0.01158	0.00669	0.00181	0.00279	0.01018	0.08726	0.00557

[dist]
# distance from previous block
# <min> <max>
0	5

[block]
# block no. 2 follows, 39 sequences, length 30
# corresponding to MSA columns:
# 270-299
name=unknown_C
#
# <colnr> <probs for GDERKNQSTAVLIFYWHMCP>
#	G	D	E	R	K	N	Q	S	T	A	V	L	I	F	Y	W	H	M	C	P
0	0.00900	0.00641	0.00802	0.00863	0.00933	0.00591	0.00582	0.01004	0.01324	0.01816	0.23082	0.47241	0.04202	0.11691	0.01077	0.00289	0.00399	0.01422	0.00590	0.00552
1	0.01653	0.01318	0.01402	0.01226	0.01568	0.01435	0.00958	0.22230	0.38220	0.02739	0.02759	0.05579	0.11508	0.01014	0.00676	0.00220	0.00536	0.03410	0.00624	0.00923
2	0.00970	0.00717	0.00993	0.00975	0.01100	0.00761	0.00741	0.01163	0.01231	0.01766	0.22082	0.03050	0.02717	0.03548	0.54356	0.00746	0.01243	0.00790	0.00451	0.00601
3	0.01483	0.01384	0.02286	0.24195	0.54393	0.01439	0.01798	0.01807	0.01373	0.01922	0.01215	0.01658	0.01009	0.00626	0.00638	0.00204	0.00763	0.00565	0.00326	0.00916
4	0.23748	0.00787	0.00836	0.00902	0.01043	0.00797	0.00641	0.01183	0.01180	0.01948	0.02660	0.53904	0.03047	0.01541	0.00696	0.00246	0.00425	0.03287	0.00535	0.00592
5	0.59568	0.01187	0.01097	0.00939	0.01335	0.01261	0.00757	0.02132	0.01275	0.23037	0.01367	0.01425	0.00988	0.00681	0.00484	0.00205	0.00512	0.00438	0.00508	0.00804
6	0.01186	0.03059	0.76153	0.01686	0.02560	0.01373	0.02185	0.01873	0.01249	0.01873	0.01061	0.01249	0.00749	0.00562	0.00562	0.00187	0.00874	0.00437	0.00250	0.00874
7	0.01315	0.01433	0.02949	0.23306	0.03303	0.01458	0.50714	0.01770	0.01318	0.01770	0.01140	0.01578	0.00862	0.00545	0.00717	0.00201	0.03938	0.00643	0.00287	0.00753
8	0.83394	0.01144	0.00869	0.00778	0.01144	0.01327	0.00640	0.01738	0.01006	0.02653	0.00823	0.00961	0.00640	0.00549	0.00366	0.00183	0.00457	0.00320	0.00366	0.00640
9	0.24923	0.01116	0.01269	0.01011	0.01440	0.01110	0.00832	0.09149	0.04611	0.45894	0.01833	0.01674	0.01207	0.00682	0.00531	0.00183	0.00503	0.00516	0.00612	0.00902
10	0.33351	0.01255	0.03883	0.00983	0.01330	0.04171	0.00824	0.19586	0.01603	0.02618	0.08007	0.05322	0.09424	0.00859	0.00539	0.00190	0.00513	0.04356	0.00476	0.00709
11	0.37135	0.01391	0.01334	0.01091	0.01502	0.01573	0.00894	0.34473	0.10289	0.03120	0.01277	0.01313	0.00941	0.00651	0.00496	0.00183	0.00546	0.00457	0.00496	0.00840
12	0.23678	0.00736	0.00813	0.00886	0.01041	0.00772	0.00689	0.01191	0.01162	0.01900	0.02549	0.36773	0.02861	0.01430	0.00665	0.00233	0.00432	0.21150	0.00497	0.00543
13	0.23706	0.00730	0.00714	0.00692	0.00801	0.00778	0.00452	0.01112	0.00943	0.01627	0.04579	0.05868	0.01935	0.51425	0.02101	0.00437	0.00521	0.00749	0.00379	0.00449
14	0.23977	0.01077	0.01127	0.00849	0.01330	0.00937	0.00684	0.01558	0.01165	0.02128	0.00988	0.01153	0.00811	0.00469	0.00418	0.00114	0.00443	0.00342	0.00355	0.60074
15	0.01256	0.00651	0.00876	0.00887	0.01038	0.00588	0.00638	0.01393	0.01287	0.22118	0.03003	0.57561	0.03234	0.01542	0.00710	0.00224	0.00387	0.01380	0.00600	0.00626
16	0.01185	0.00848	0.00975	0.00919	0.01065	0.00883	0.00652	0.20973	0.01508	0.02016	0.02338	0.35253	0.02587	0.24390	0.01376	0.00321	0.00496	0.01121	0.00504	0.00590
17	0.00805	0.00514	0.00710	0.00809	0.00834	0.00490	0.00539	0.00809	0.01032	0.01376	0.02641	0.57501	0.03113	0.01909	0.01186	0.23098	0.00390	0.01358	0.00468	0.00418
18	0.00926	0.00761	0.01161	0.01601	0.21533	0.00736	0.00899	0.01098	0.01192	0.01627	0.02665	0.57409	0.03088	0.01486	0.00708	0.00222	0.00443	0.01362	0.00478	0.00607
19	0.01472	0.58387	0.23326	0.01198	0.01806	0.02072	0.01337	0.01799	0.01215	0.01525	0.00888	0.01032	0.00756	0.00521	0.00430	0.00143	0.00699	0.00350	0.00252	0.00791
20	0.02824	0.01236	0.01779	0.10412	0.01853	0.01658	0.03919	0.02742	0.01009	0.01549	0.00927	0.02710	0.00868	0.00948	0.01600	0.00241	0.58854	0.00543	0.03673	0.00653
21	0.69601	0.05300	0.01096	0.00879	0.01211	0.01436	0.00735	0.01704	0.01005	0.02445	0.00818	0.00998	0.00662	0.00603	0.00548	0.00189	0.09432	0.00343	0.00348	0.00647
22	0.01242	0.00809	0.00995	0.00860	0.01157	0.00694	0.00676	0.01494	0.03032	0.13913	0.14377	0.08346	0.12991	0.05158	0.00746	0.00194	0.00417	0.08973	0.00531	0.23394
23	0.24627	0.01470	0.01474	0.01181	0.01609	0.01652	0.00968	0.45544	0.10562	0.03285	0.01369	0.01383	0.00997	0.00676	0.00530	0.00182	0.00576	0.00489	0.00530	0.00897
24	0.01845	0.00928	0.01141	0.00928	0.01306	0.00828	0.00745	0.02219	0.09838	0.40106	0.03235	0.02980	0.21889	0.00925	0.00610	0.00181	0.00437	0.00761	0.00631	0.08468
25	0.01477	0.01144	0.01597	0.11088	0.04818	0.01015	0.07444	0.05942	0.01391	0.11350	0.01251	0.01425	0.00951	0.00520	0.00516	0.00133	0.00564	0.00453	0.00395	0.46529
26	0.01241	0.05830	0.45224	0.01612	0.08978	0.01258	0.01686	0.01757	0.01249	0.01871	0.01052	0.01249	0.00802	0.00522	0.00521	0.00156	0.00726	0.00416	0.00282	0.23568
27	0.00810	0.00518	0.00713	0.00806	0.00835	0.00492	0.00540	0.00820	0.01052	0.01408	0.05286	0.54766	0.03174	0.01885	0.01184	0.23096	0.00388	0.01335	0.00472	0.00421
28	0.60535	0.00994	0.00847	0.00768	0.01072	0.01114	0.00618	0.01566	0.01191	0.02575	0.21422	0.01918	0.02008	0.00732	0.00458	0.00184	0.00408	0.00528	0.00445	0.00618
29	0.00754	0.00530	0.00681	0.00782	0.00813	0.00503	0.00508	0.00841	0.01090	0.01458	0.05219	0.60310	0.03584	0.18534	0.01240	0.00310	0.00391	0.01485	0.00511	0.00456

[dist]
# distance from previous block
# <min> <max>
0	1

[block]
# block no. 3 follows, 39 sequences, length 23
# corresponding to MSA columns:
# 301-323
name=unknown_D
#
# <colnr> <probs for GDERKNQSTAVLIFYWHMCP>
#	G	D	E	R	K	N	Q	S	T	A	V	L	I	F	Y	W	H	M	C	P
0	0.22588	0.02218	0.01459	0.01304	0.01639	0.47760	0.01002	0.07425	0.06066	0.01979	0.01020	0.01136	0.00813	0.00613	0.00500	0.00165	0.00846	0.00394	0.00359	0.00713
1	0.57966	0.01137	0.01141	0.20179	0.01914	0.01333	0.00916	0.04441	0.01132	0.03895	0.00934	0.01154	0.00708	0.00569	0.00436	0.00186	0.00549	0.00386	0.00356	0.00666
2	0.00809	0.00589	0.00713	0.00715	0.00819	0.00547	0.00503	0.00973	0.01335	0.01798	0.32816	0.12966	0.17418	0.20975	0.01291	0.00296	0.00375	0.04032	0.00543	0.00488
3	0.57787	0.00976	0.00832	0.00757	0.01057	0.01084	0.00608	0.01527	0.01191	0.02513	0.19190	0.02119	0.06904	0.00773	0.00469	0.00185	0.00404	0.00565	0.00447	0.00611
4	0.22903	0.01088	0.01269	0.01006	0.01438	0.01060	0.00829	0.06806	0.03824	0.50948	0.01901	0.01719	0.01240	0.00687	0.00537	0.00183	0.00499	0.00524	0.00628	0.00912
5	0.00972	0.00739	0.01083	0.20216	0.01777	0.00779	0.00927	0.01267	0.01448	0.03816	0.34180	0.08577	0.03681	0.01176	0.00699	0.00211	0.00476	0.16863	0.00525	0.00587
6	0.13261	0.00978	0.01258	0.20260	0.01955	0.01043	0.00963	0.06244	0.04528	0.19968	0.13253	0.06782	0.05395	0.00847	0.00591	0.00192	0.00522	0.00705	0.00516	0.00739
7	0.01154	0.20431	0.01218	0.00701	0.00899	0.01001	0.00562	0.01346	0.01152	0.01759	0.01717	0.06761	0.01588	0.15558	0.00916	0.00223	0.00426	0.00618	0.41408	0.00563
8	0.01963	0.01504	0.01775	0.20588	0.02397	0.01703	0.01254	0.55433	0.02379	0.03170	0.01327	0.01459	0.00951	0.00680	0.00592	0.00182	0.00685	0.00531	0.00509	0.00918
9	0.00782	0.00578	0.00642	0.00642	0.00792	0.00503	0.00465	0.00829	0.01203	0.01454	0.04742	0.04712	0.56608	0.01638	0.01105	0.20976	0.00353	0.01063	0.00476	0.00438
10	0.01909	0.00969	0.01186	0.00991	0.01334	0.00951	0.00790	0.02538	0.21170	0.37569	0.11600	0.02396	0.02087	0.00806	0.00587	0.00182	0.00437	0.00670	0.10955	0.00873
11	0.83394	0.01144	0.00869	0.00778	0.01144	0.01327	0.00640	0.01738	0.01006	0.02653	0.00823	0.00961	0.00640	0.00549	0.00366	0.00183	0.00457	0.00320	0.00366	0.00640
12	0.02051	0.01593	0.01932	0.01931	0.20371	0.01726	0.01298	0.55510	0.02420	0.03276	0.01342	0.01431	0.00988	0.00664	0.00590	0.00177	0.00664	0.00531	0.00516	0.00988
13	0.01957	0.01466	0.01827	0.01867	0.20271	0.01570	0.01236	0.45195	0.02198	0.07364	0.01421	0.01600	0.01081	0.03779	0.04247	0.00228	0.00696	0.00552	0.00503	0.00942
14	0.00916	0.00713	0.00853	0.00906	0.01028	0.00735	0.00643	0.01426	0.19619	0.01808	0.07572	0.52315	0.06082	0.01536	0.00711	0.00225	0.00369	0.01373	0.00569	0.00600
15	0.59661	0.01267	0.01118	0.00936	0.01332	0.01435	0.00772	0.19851	0.01481	0.05938	0.01036	0.01119	0.00766	0.00597	0.00432	0.00182	0.00508	0.00385	0.00438	0.00747
16	0.62787	0.01176	0.00987	0.00885	0.01243	0.01363	0.00715	0.02092	0.19483	0.02608	0.01222	0.01274	0.00933	0.00613	0.00425	0.00187	0.00460	0.00408	0.00425	0.00715
17	0.01909	0.01100	0.01322	0.01080	0.01422	0.01125	0.00866	0.20130	0.08441	0.28910	0.10292	0.05863	0.06477	0.03754	0.00770	0.00205	0.04125	0.00733	0.00621	0.00855
18	0.00756	0.00529	0.00676	0.00779	0.00804	0.00504	0.00501	0.00833	0.01064	0.01418	0.02908	0.59975	0.03468	0.21313	0.01322	0.00324	0.00401	0.01475	0.00501	0.00450
19	0.00861	0.00664	0.00834	0.00843	0.01014	0.00571	0.00607	0.01017	0.01180	0.01635	0.02824	0.51450	0.06453	0.01467	0.00676	0.00202	0.00377	0.05625	0.00499	0.21200
20	0.02133	0.01192	0.01434	0.01092	0.01564	0.01119	0.00893	0.20060	0.05595	0.35638	0.01788	0.01678	0.01220	0.00656	0.00555	0.00159	0.00522	0.00522	0.00594	0.21585
21	0.03142	0.01164	0.01905	0.34345	0.14010	0.01202	0.10394	0.01590	0.01233	0.01744	0.01073	0.01464	0.00848	0.00560	0.00595	0.01855	0.00700	0.00498	0.00296	0.21379
22	0.06034	0.01055	0.01522	0.27896	0.02262	0.01354	0.01215	0.01399	0.01028	0.01542	0.01074	0.01678	0.00962	0.06391	0.08700	0.00314	0.29434	0.00541	0.03276	0.02322

[dist]
# distance from previous block
# <min> <max>
1	6

[block]
# block no. 4 follows, 39 sequences, length 7
# corresponding to MSA columns:
# 334-340
name=unknown_E
#
# <colnr> <probs for GDERKNQSTAVLIFYWHMCP>
#	G	D	E	R	K	N	Q	S	T	A	V	L	I	F	Y	W	H	M	C	P
0	0.01138	0.00802	0.00941	0.00793	0.01113	0.00654	0.00607	0.01345	0.01276	0.08428	0.02676	0.17266	0.16584	0.00976	0.00563	0.00153	0.00381	0.00830	0.08721	0.34752
1	0.17471	0.00721	0.00805	0.00810	0.00987	0.00700	0.00588	0.01130	0.01192	0.01909	0.12221	0.43391	0.03099	0.01326	0.00629	0.00202	0.00369	0.01158	0.00501	0.10791
2	0.01543	0.01095	0.01300	0.01109	0.04889	0.01011	0.00832	0.16088	0.05054	0.12208	0.02079	0.09528	0.08807	0.00799	0.00562	0.00154	0.00480	0.00665	0.00499	0.31300
3	0.01169	0.00694	0.00898	0.00916	0.01068	0.00666	0.00671	0.01470	0.08642	0.15293	0.05976	0.49683	0.03290	0.01502	0.00711	0.00225	0.00394	0.05509	0.00592	0.00630
4	0.00980	0.00610	0.00808	0.00882	0.00999	0.00566	0.00657	0.01135	0.01260	0.09834	0.03375	0.49207	0.09921	0.01652	0.00745	0.00237	0.00398	0.15611	0.00568	0.00553
5	0.04054	0.01237	0.07116	0.53181	0.11158	0.01270	0.01560	0.01575	0.01203	0.01668	0.01050	0.01480	0.00806	0.00564	0.00564	0.00181	0.00735	0.00493	0.00278	0.09826
6	0.01560	0.01349	0.01511	0.16601	0.02085	0.06733	0.01059	0.20903	0.10426	0.02340	0.01370	0.03873	0.01090	0.00641	0.00546	0.00157	0.00611	0.00516	0.00430	0.26196

[dist]
# distance from previous block
# <min> <max>
4	11

[block]
# block no. 5 follows, 39 sequences, length 9
# corresponding to MSA columns:
# 352-360
name=unknown_F
#
# <colnr> <probs for GDERKNQSTAVLIFYWHMCP>
#	G	D	E	R	K	N	Q	S	T	A	V	L	I	F	Y	W	H	M	C	P
0	0.01360	0.01485	0.02968	0.02159	0.02659	0.01458	0.53908	0.01775	0.01302	0.01828	0.01116	0.01506	0.00877	0.00572	0.00853	0.00195	0.12480	0.00629	0.00299	0.10571
1	0.01506	0.01370	0.01281	0.01143	0.01444	0.12544	0.00894	0.13360	0.30918	0.02359	0.11192	0.02842	0.10821	0.00937	0.00625	0.00192	0.00548	0.04684	0.00552	0.00790
2	0.01924	0.01269	0.01391	0.01176	0.01463	0.10163	0.00931	0.10338	0.06104	0.29112	0.03879	0.11031	0.01676	0.04167	0.00911	0.00214	0.12186	0.00708	0.00546	0.00808
3	0.00812	0.00636	0.00860	0.00929	0.00963	0.00683	0.00661	0.00928	0.01125	0.01539	0.06429	0.63559	0.03524	0.01699	0.00930	0.00240	0.11987	0.01477	0.00511	0.00509
4	0.00791	0.00566	0.00763	0.00877	0.00949	0.00538	0.00646	0.00956	0.01255	0.01681	0.12325	0.52208	0.04001	0.01719	0.00762	0.00241	0.00383	0.18272	0.00561	0.00505
5	0.01178	0.00786	0.00969	0.00889	0.00977	0.00859	0.00624	0.01374	0.06881	0.10271	0.04442	0.07856	0.02065	0.44331	0.02148	0.00416	0.12145	0.00821	0.00430	0.00539
6	0.01057	0.00921	0.01286	0.02723	0.01290	0.01134	0.02779	0.01277	0.03264	0.01690	0.13167	0.20429	0.02390	0.01351	0.04516	0.00260	0.32732	0.00898	0.06243	0.00594
7	0.00879	0.12383	0.01063	0.00817	0.00946	0.00804	0.00605	0.01001	0.01112	0.01440	0.02844	0.39838	0.11450	0.11702	0.10047	0.00345	0.00558	0.01196	0.00453	0.00515
8	0.01569	0.51545	0.10038	0.01278	0.01819	0.06475	0.09736	0.01847	0.01273	0.03697	0.00952	0.01108	0.00802	0.00519	0.00454	0.00142	0.00711	0.00387	0.00281	0.05366

[dist]
# distance from previous block
# <min> <max>
2	56

[block]
# block no. 6 follows, 39 sequences, length 7
# corresponding to MSA columns:
# 417-423
name=unknown_G
#
# <colnr> <probs for GDERKNQSTAVLIFYWHMCP>
#	G	D	E	R	K	N	Q	S	T	A	V	L	I	F	Y	W	H	M	C	P
0	0.01396	0.01595	0.03490	0.02493	0.03091	0.01496	0.73380	0.01894	0.01396	0.01894	0.01196	0.01595	0.00897	0.00499	0.00698	0.00199	0.00997	0.00698	0.00299	0.00798
1	0.01194	0.01037	0.01625	0.18336	0.09799	0.01112	0.09801	0.10867	0.01398	0.01879	0.01920	0.28800	0.01992	0.03816	0.00794	0.00223	0.03345	0.00966	0.00418	0.00676
2	0.02479	0.00998	0.01336	0.01043	0.01474	0.00885	0.00855	0.02793	0.05832	0.67416	0.06638	0.02166	0.01726	0.00764	0.00601	0.00184	0.00488	0.00627	0.00720	0.00976
3	0.12165	0.10815	0.15104	0.01212	0.05336	0.01254	0.01097	0.01637	0.01182	0.01914	0.00979	0.01179	0.00804	0.00530	0.00557	0.00139	0.06026	0.00379	0.00313	0.37377
4	0.04178	0.01793	0.21446	0.18708	0.02447	0.01527	0.01497	0.20387	0.11292	0.02336	0.01298	0.01488	0.00963	0.00679	0.00693	0.00195	0.07327	0.00515	0.00392	0.00840
5	0.06539	0.01270	0.01734	0.01347	0.01767	0.01311	0.10557	0.15821	0.10573	0.33364	0.01806	0.01751	0.01241	0.00721	0.00711	0.00193	0.07219	0.00584	0.00572	0.00920
6	0.00780	0.00553	0.00659	0.00719	0.00823	0.00504	0.00506	0.00940	0.01271	0.01733	0.12860	0.40269	0.22378	0.01525	0.00688	0.00209	0.00315	0.01342	0.11420	0.00504

[dist]
# distance from previous block
# <min> <max>
0	82

# created by:
# /software/SequenceAnalysis/GenePrediction/augustus/3.0.1/scripts/msa2prfl.pl ./fixed/BUSCOvEOG7B2VBC.fas
