[name]
unknown

[dist]
# distance from previous block
# <min> <max>
0	102

[block]
# block no. 0 follows, 39 sequences, length 42
# corresponding to MSA columns:
# 102-143
name=unknown_A
#
# <colnr> <probs for GDERKNQSTAVLIFYWHMCP>
#	G	D	E	R	K	N	Q	S	T	A	V	L	I	F	Y	W	H	M	C	P
0	0.00849	0.01218	0.21549	0.01062	0.01328	0.00727	0.01001	0.01114	0.01164	0.01610	0.02652	0.57383	0.03037	0.01496	0.00701	0.00226	0.00490	0.01337	0.00466	0.00589
1	0.00839	0.00613	0.00835	0.00801	0.00931	0.00608	0.00608	0.01099	0.01474	0.02095	0.54861	0.03839	0.04446	0.02101	0.21756	0.00397	0.00640	0.00949	0.00559	0.00550
2	0.00837	0.00604	0.00790	0.00744	0.00883	0.00558	0.00558	0.01116	0.01674	0.02371	0.75216	0.04417	0.05580	0.01209	0.00697	0.00186	0.00279	0.01069	0.00651	0.00558
3	0.01225	0.01228	0.01042	0.00978	0.01161	0.21665	0.00729	0.01493	0.03614	0.02054	0.47250	0.09061	0.04019	0.01081	0.00654	0.00181	0.00507	0.00915	0.00546	0.00598
4	0.24652	0.02356	0.01453	0.01317	0.01639	0.55966	0.01004	0.02189	0.01491	0.01781	0.00889	0.01037	0.00728	0.00593	0.00487	0.00161	0.00898	0.00364	0.00322	0.00673
5	0.01294	0.01294	0.01811	0.01553	0.01553	0.01811	0.01294	0.01423	0.00906	0.01423	0.00776	0.01294	0.00776	0.01035	0.01941	0.00259	0.78134	0.00518	0.00259	0.00647
6	0.00950	0.00749	0.01027	0.00930	0.01152	0.00753	0.00729	0.01176	0.01027	0.01526	0.01437	0.02020	0.01312	0.03330	0.55743	0.00712	0.01267	0.00555	0.00326	0.23281
7	0.00745	0.00532	0.00714	0.00851	0.00896	0.00501	0.00591	0.00865	0.01156	0.01537	0.03246	0.71291	0.03858	0.01830	0.00761	0.00244	0.00364	0.08981	0.00548	0.00487
8	0.02531	0.01507	0.01456	0.01182	0.01598	0.21872	0.00945	0.02738	0.01688	0.55345	0.01941	0.01751	0.01270	0.00698	0.00578	0.00175	0.00659	0.00536	0.00614	0.00918
9	0.00860	0.00573	0.00645	0.00645	0.00645	0.00573	0.00358	0.00860	0.00860	0.01147	0.01863	0.03870	0.02150	0.79217	0.03010	0.00573	0.00573	0.00860	0.00358	0.00358
10	0.01396	0.01595	0.03490	0.02493	0.03091	0.01496	0.73380	0.01894	0.01396	0.01894	0.01196	0.01595	0.00897	0.00499	0.00698	0.00199	0.00997	0.00698	0.00299	0.00798
11	0.00856	0.00587	0.00717	0.00717	0.00741	0.00612	0.00448	0.00906	0.00881	0.01200	0.01798	0.03507	0.01992	0.61663	0.20349	0.00662	0.00811	0.00807	0.00349	0.00398
12	0.00860	0.00573	0.00645	0.00645	0.00645	0.00573	0.00358	0.00860	0.00860	0.01147	0.01863	0.03870	0.02150	0.79217	0.03010	0.00573	0.00573	0.00860	0.00358	0.00358
13	0.02653	0.01006	0.01372	0.01052	0.01510	0.00869	0.00869	0.02882	0.01693	0.75937	0.02333	0.02013	0.01464	0.00732	0.00595	0.00183	0.00503	0.00595	0.00732	0.01006
14	0.01498	0.02545	0.49308	0.01666	0.02405	0.01511	0.08048	0.21691	0.01685	0.02387	0.01172	0.01326	0.00833	0.00597	0.00582	0.00186	0.00823	0.00486	0.00348	0.00904
15	0.01480	0.02671	0.55591	0.01596	0.02359	0.01501	0.01892	0.21689	0.01672	0.02385	0.01160	0.01296	0.00820	0.00603	0.00570	0.00185	0.00812	0.00463	0.00344	0.00910
16	0.01016	0.00847	0.01351	0.01691	0.21643	0.00923	0.01037	0.01266	0.01060	0.01527	0.01454	0.02086	0.01329	0.03355	0.55784	0.00736	0.01340	0.00604	0.00310	0.00641
17	0.00920	0.00749	0.01178	0.22194	0.01890	0.00898	0.00989	0.01182	0.01015	0.01411	0.01437	0.02117	0.01288	0.03373	0.55785	0.00742	0.01364	0.00604	0.00302	0.00564
18	0.01621	0.01039	0.01267	0.00925	0.01431	0.00811	0.00747	0.01874	0.01355	0.22387	0.01406	0.01444	0.01038	0.00519	0.00481	0.00114	0.00456	0.00418	0.00456	0.60212
19	0.01356	0.00693	0.00846	0.00758	0.00884	0.00655	0.00500	0.01419	0.01090	0.21822	0.01993	0.03357	0.01960	0.57520	0.02342	0.00465	0.00554	0.00787	0.00462	0.00537
20	0.01820	0.01364	0.01450	0.01150	0.01548	0.01465	0.00938	0.53456	0.02384	0.03138	0.02683	0.02601	0.21541	0.00928	0.00621	0.00184	0.00554	0.00730	0.00580	0.00866
21	0.01295	0.24211	0.55957	0.01499	0.02272	0.01641	0.01861	0.01845	0.01236	0.01740	0.00995	0.01166	0.00752	0.00546	0.00511	0.00170	0.00807	0.00404	0.00251	0.00842
22	0.00855	0.00644	0.00777	0.00742	0.00902	0.00575	0.00552	0.01082	0.01613	0.02201	0.55497	0.04816	0.24861	0.01319	0.00719	0.00200	0.00305	0.01131	0.00638	0.00570
23	0.00786	0.00556	0.00729	0.00859	0.00898	0.00515	0.00572	0.00864	0.01156	0.01547	0.03232	0.76088	0.03855	0.01883	0.00819	0.02557	0.00367	0.01656	0.00557	0.00503
24	0.02179	0.00953	0.01259	0.01012	0.01383	0.00844	0.00813	0.04618	0.01750	0.52766	0.22495	0.02727	0.02633	0.00897	0.00645	0.00193	0.00464	0.00740	0.00720	0.00907
25	0.01053	0.00940	0.01691	0.01413	0.01659	0.00980	0.20843	0.01328	0.01109	0.01569	0.01526	0.02187	0.01363	0.03350	0.55184	0.00746	0.01431	0.00667	0.00330	0.00631
26	0.00872	0.00621	0.00673	0.00671	0.00732	0.00586	0.00410	0.00899	0.01031	0.01325	0.03051	0.04425	0.22408	0.57094	0.02373	0.00476	0.00515	0.00981	0.00429	0.00427
27	0.24169	0.01270	0.01243	0.01120	0.01465	0.01457	0.00875	0.02777	0.53560	0.02566	0.02011	0.01928	0.01526	0.00766	0.00559	0.00205	0.00484	0.00588	0.00553	0.00879
28	0.00887	0.00617	0.00680	0.00681	0.00719	0.00592	0.00404	0.00899	0.00982	0.01282	0.02612	0.06019	0.14073	0.64137	0.02583	0.00511	0.00541	0.00957	0.00412	0.00414
29	0.01156	0.00592	0.00593	0.00591	0.00733	0.00585	0.00439	0.01415	0.01273	0.02249	0.01975	0.02271	0.01561	0.00724	0.00437	0.00148	0.00296	0.00568	0.81814	0.00580
30	0.00778	0.00556	0.00727	0.00861	0.00900	0.00514	0.00573	0.00866	0.01166	0.01560	0.03294	0.78241	0.03936	0.01877	0.00776	0.00249	0.00363	0.01688	0.00565	0.00509
31	0.01082	0.00555	0.00810	0.00808	0.00813	0.00547	0.00538	0.00813	0.00807	0.01082	0.01081	0.01867	0.01077	0.02077	0.02319	0.82097	0.00532	0.00531	0.00276	0.00288
32	0.00773	0.00636	0.00666	0.00665	0.00854	0.00539	0.00491	0.00918	0.01404	0.01727	0.13372	0.09230	0.63590	0.01512	0.00723	0.00210	0.00319	0.01261	0.00577	0.00534
33	0.00825	0.00649	0.00679	0.00671	0.00820	0.00579	0.00466	0.00959	0.02946	0.01578	0.07879	0.05086	0.49666	0.22982	0.01357	0.00312	0.00398	0.01130	0.00519	0.00502
34	0.01279	0.01088	0.01262	0.00913	0.01439	0.00820	0.00724	0.01525	0.01259	0.01974	0.01105	0.01300	0.00927	0.00475	0.00462	0.00098	0.00457	0.00369	0.00368	0.82156
35	0.00910	0.00623	0.00726	0.00711	0.00755	0.00602	0.00440	0.00973	0.01121	0.01539	0.22188	0.04073	0.03138	0.57014	0.02372	0.00473	0.00510	0.00932	0.00457	0.00444
36	0.04980	0.01292	0.01543	0.01195	0.01657	0.01276	0.00980	0.29447	0.02110	0.45985	0.01987	0.01826	0.01312	0.00752	0.00609	0.00191	0.00575	0.00579	0.00683	0.01020
37	0.00878	0.00598	0.00697	0.00733	0.00748	0.00581	0.00437	0.00892	0.00971	0.01301	0.02296	0.24644	0.02677	0.57192	0.02388	0.00488	0.00527	0.01101	0.00429	0.00422
38	0.00916	0.00614	0.00686	0.00684	0.00689	0.00607	0.00384	0.00902	0.00896	0.01200	0.01910	0.03922	0.02190	0.78579	0.03012	0.00580	0.00591	0.00874	0.00376	0.00388
39	0.00855	0.00644	0.00777	0.00742	0.00902	0.00575	0.00552	0.01082	0.01613	0.02201	0.55497	0.04816	0.24861	0.01319	0.00719	0.00200	0.00305	0.01131	0.00638	0.00570
40	0.02292	0.01688	0.01806	0.01393	0.01868	0.01856	0.01144	0.72975	0.02800	0.03759	0.01470	0.01492	0.01055	0.00744	0.00614	0.00187	0.00668	0.00549	0.00608	0.01030
41	0.00810	0.00581	0.00756	0.00839	0.00907	0.00536	0.00576	0.00946	0.01316	0.01798	0.23186	0.57669	0.04397	0.01699	0.00760	0.00234	0.00345	0.01519	0.00594	0.00531

[dist]
# distance from previous block
# <min> <max>
0	52

# created by:
# /software/SequenceAnalysis/GenePrediction/augustus/3.0.1/scripts/msa2prfl.pl ./fixed/BUSCOvEOG72Z653.fas
