[name]
unknown

[dist]
# distance from previous block
# <min> <max>
10	417

[block]
# block no. 0 follows, 41 sequences, length 49
# corresponding to MSA columns:
# 428-476
name=unknown_A
#
# <colnr> <probs for GDERKNQSTAVLIFYWHMCP>
#	G	D	E	R	K	N	Q	S	T	A	V	L	I	F	Y	W	H	M	C	P
0	0.01658	0.69759	0.02845	0.01079	0.01544	0.11827	0.01016	0.01821	0.01255	0.01406	0.00864	0.01011	0.00788	0.00540	0.00411	0.00136	0.00683	0.00333	0.00271	0.00753
1	0.00885	0.00619	0.00777	0.00775	0.00819	0.00649	0.00512	0.00946	0.00902	0.01247	0.01750	0.03236	0.01877	0.50840	0.30973	0.00698	0.00940	0.00764	0.00350	0.00439
2	0.01303	0.02434	0.48798	0.01979	0.06097	0.01385	0.24333	0.01867	0.01298	0.03188	0.01146	0.01411	0.00843	0.00563	0.00609	0.00194	0.00884	0.00526	0.00286	0.00854
3	0.00756	0.00541	0.00706	0.00835	0.00874	0.00500	0.00556	0.00840	0.01130	0.01513	0.03189	0.78908	0.03810	0.01818	0.00752	0.00242	0.00352	0.01634	0.00548	0.00495
4	0.00756	0.00541	0.00706	0.00835	0.00874	0.00500	0.00556	0.00840	0.01130	0.01513	0.03189	0.78908	0.03810	0.01818	0.00752	0.00242	0.00352	0.01634	0.00548	0.00495
5	0.01123	0.00576	0.00577	0.00574	0.00712	0.00568	0.00426	0.01372	0.01234	0.02179	0.01914	0.02201	0.01513	0.00702	0.00425	0.00144	0.00287	0.00550	0.82359	0.00563
6	0.01112	0.01023	0.01654	0.65905	0.03537	0.01207	0.02697	0.01448	0.01191	0.01545	0.01398	0.04506	0.04850	0.00688	0.00600	0.00197	0.00726	0.00596	0.00303	0.04818
7	0.01608	0.76250	0.02960	0.01037	0.01519	0.05518	0.01006	0.01773	0.01217	0.01402	0.00857	0.01002	0.00788	0.00531	0.00399	0.00134	0.00648	0.00328	0.00266	0.00759
8	0.83260	0.01144	0.00881	0.00791	0.01148	0.01311	0.00644	0.01717	0.01010	0.02609	0.00854	0.01009	0.00674	0.00568	0.00379	0.00187	0.00462	0.00329	0.00373	0.00648
9	0.07113	0.01476	0.01560	0.02610	0.01714	0.01647	0.01029	0.45371	0.25556	0.03152	0.01685	0.01664	0.01243	0.00739	0.00585	0.00190	0.00582	0.00561	0.00573	0.00949
10	0.01157	0.01059	0.01700	0.68212	0.03626	0.01304	0.01523	0.01539	0.04337	0.01535	0.01115	0.01619	0.00865	0.00685	0.00714	0.02929	0.04600	0.00531	0.00287	0.00663
11	0.02544	0.01048	0.01379	0.01069	0.01507	0.00931	0.00874	0.07775	0.01741	0.69415	0.03821	0.02027	0.01518	0.00752	0.00601	0.00187	0.00511	0.00598	0.00712	0.00990
12	0.01487	0.39725	0.06777	0.01026	0.01542	0.01614	0.00961	0.05485	0.01299	0.03373	0.01011	0.01160	0.00856	0.00521	0.00439	0.00126	0.00573	0.00361	0.00326	0.31335
13	0.00947	0.00649	0.00808	0.00753	0.00920	0.00582	0.00565	0.01177	0.01599	0.06500	0.59715	0.04390	0.16715	0.01220	0.00692	0.00192	0.00306	0.01049	0.00634	0.00585
14	0.01608	0.01448	0.06177	0.01259	0.01645	0.01513	0.01040	0.17167	0.55584	0.02641	0.02100	0.01993	0.01573	0.00779	0.00601	0.00199	0.00532	0.00623	0.00575	0.00941
15	0.01312	0.17370	0.49044	0.01679	0.02407	0.01555	0.14900	0.01831	0.01259	0.01777	0.01062	0.01290	0.00806	0.00559	0.00557	0.00182	0.00838	0.00464	0.00270	0.00838
16	0.01038	0.00548	0.00799	0.00796	0.00809	0.00547	0.00538	0.00809	0.00796	0.01074	0.01087	0.01846	0.01075	0.02172	0.07505	0.76879	0.00588	0.00523	0.00272	0.00299
17	0.01318	0.01336	0.07174	0.46730	0.11318	0.01381	0.07496	0.08255	0.05624	0.01860	0.01199	0.01588	0.00913	0.00615	0.00602	0.00196	0.00762	0.00542	0.00326	0.00765
18	0.01337	0.01300	0.02100	0.41138	0.08325	0.04429	0.16540	0.05481	0.04496	0.01757	0.01160	0.01582	0.00903	0.00646	0.00710	0.01467	0.05017	0.00561	0.00315	0.00735
19	0.01123	0.00576	0.00577	0.00574	0.00712	0.00568	0.00426	0.01372	0.01234	0.02179	0.01914	0.02201	0.01513	0.00702	0.00425	0.00144	0.00287	0.00550	0.82359	0.00563
20	0.01444	0.01518	0.01764	0.01530	0.01581	0.13631	0.01248	0.01557	0.01030	0.01434	0.00830	0.01294	0.00802	0.00970	0.01676	0.00244	0.66013	0.00498	0.00277	0.00660
21	0.00775	0.00541	0.00711	0.00832	0.00868	0.00502	0.00554	0.00837	0.01108	0.01484	0.03053	0.74010	0.03634	0.01830	0.00847	0.05476	0.00363	0.01563	0.00530	0.00481
22	0.02186	0.00889	0.01205	0.00953	0.01329	0.00775	0.00775	0.02417	0.01633	0.60597	0.18243	0.02451	0.02279	0.00808	0.00597	0.00178	0.00440	0.00675	0.00691	0.00879
23	0.01121	0.01061	0.01792	0.66248	0.09364	0.01258	0.04016	0.01496	0.01165	0.01526	0.01026	0.01500	0.00781	0.00557	0.00567	0.00184	0.00746	0.00506	0.00262	0.04826
24	0.00810	0.00585	0.00765	0.00720	0.00855	0.00540	0.00540	0.01079	0.01619	0.02294	0.76028	0.04273	0.05397	0.01169	0.00675	0.00180	0.00270	0.01034	0.00630	0.00540
25	0.01186	0.01017	0.01186	0.00847	0.01356	0.00762	0.00678	0.01440	0.01186	0.01864	0.01017	0.01186	0.00847	0.00424	0.00424	0.00085	0.00424	0.00339	0.00339	0.83395
26	0.02291	0.01064	0.01335	0.01039	0.01436	0.01012	0.00840	0.18096	0.01777	0.52593	0.02015	0.02019	0.01393	0.09384	0.00831	0.00217	0.00525	0.00590	0.00639	0.00905
27	0.01189	0.01166	0.01739	0.29482	0.02387	0.01577	0.01374	0.01407	0.00973	0.01407	0.00847	0.01351	0.00755	0.00845	0.01403	0.00229	0.50483	0.00503	0.00252	0.00629
28	0.25877	0.01011	0.01188	0.00942	0.01359	0.00967	0.00777	0.02471	0.01447	0.55482	0.01838	0.01655	0.01188	0.00657	0.00512	0.00177	0.00474	0.00499	0.00607	0.00872
29	0.00793	0.00584	0.00742	0.00703	0.00845	0.00533	0.00527	0.01048	0.01581	0.02203	0.67471	0.04423	0.14011	0.01203	0.00675	0.00182	0.00272	0.01055	0.00618	0.00533
30	0.00821	0.00592	0.00781	0.00754	0.00888	0.00552	0.00579	0.01090	0.01588	0.02234	0.68542	0.04496	0.05181	0.01211	0.00686	0.00188	0.00296	0.08361	0.00619	0.00538
31	0.00866	0.00656	0.00807	0.00757	0.00918	0.00634	0.00571	0.01276	0.09856	0.02238	0.61495	0.04143	0.11294	0.01150	0.00664	0.00183	0.00292	0.01006	0.00616	0.00576
32	0.05870	0.01052	0.01670	0.64303	0.03468	0.01332	0.01490	0.01463	0.01100	0.01514	0.00970	0.01456	0.00753	0.00624	0.00724	0.00197	0.10624	0.00496	0.00259	0.00633
33	0.03612	0.02697	0.01383	0.01057	0.01492	0.08850	0.00856	0.10564	0.05253	0.35953	0.02326	0.01600	0.01186	0.00627	0.00526	0.00152	0.00542	0.00489	0.00541	0.20293
34	0.01572	0.74745	0.02900	0.01014	0.01489	0.07606	0.00988	0.01753	0.01195	0.01350	0.00802	0.00926	0.00734	0.00496	0.00378	0.00124	0.00641	0.00310	0.00248	0.00729
35	0.01175	0.00922	0.01033	0.00957	0.01205	0.00981	0.00753	0.04865	0.33200	0.04674	0.18299	0.03625	0.15844	0.01062	0.00641	0.00197	0.00402	0.08868	0.00580	0.00717
36	0.01579	0.57647	0.02554	0.01048	0.01504	0.02060	0.00977	0.09737	0.14625	0.01775	0.01132	0.01185	0.00941	0.00562	0.00428	0.00140	0.00585	0.00389	0.00340	0.00790
37	0.53674	0.01118	0.01017	0.00850	0.01239	0.01201	0.00693	0.05956	0.06345	0.08544	0.01090	0.01162	0.00819	0.00554	0.00411	0.00163	0.00454	0.00371	0.00409	0.13928
38	0.40884	0.02926	0.01329	0.01110	0.03963	0.01522	0.00878	0.32932	0.04916	0.02956	0.01119	0.01188	0.00831	0.00607	0.00465	0.00174	0.00534	0.00419	0.00453	0.00795
39	0.00843	0.00688	0.05060	0.00852	0.00978	0.00559	0.00661	0.01029	0.01259	0.04920	0.19726	0.49860	0.03848	0.01518	0.00704	0.00217	0.00366	0.05838	0.00545	0.00529
40	0.00755	0.00586	0.00689	0.00673	0.00834	0.00520	0.00511	0.00969	0.01463	0.01930	0.41043	0.04930	0.36972	0.01314	0.00681	0.00190	0.00291	0.04556	0.00581	0.00514
41	0.00927	0.00586	0.00723	0.00715	0.00764	0.00593	0.00458	0.00985	0.00921	0.05939	0.01899	0.09879	0.02070	0.54912	0.15708	0.00567	0.00703	0.00845	0.00378	0.00425
42	0.06592	0.01603	0.06129	0.39093	0.06632	0.18834	0.09835	0.01741	0.01278	0.01600	0.00992	0.01353	0.00765	0.00558	0.00555	0.00179	0.00828	0.00478	0.00275	0.00682
43	0.00790	0.00563	0.00763	0.00890	0.00961	0.00544	0.00677	0.00950	0.01171	0.01545	0.03050	0.47891	0.03523	0.04820	0.00840	0.00257	0.00417	0.29340	0.00522	0.00484
44	0.00697	0.00498	0.00664	0.00796	0.00830	0.00465	0.00531	0.00796	0.01095	0.01460	0.03153	0.79525	0.03783	0.01792	0.00730	0.00232	0.00332	0.01626	0.00531	0.00465
45	0.04631	0.02122	0.01551	0.01385	0.01684	0.48894	0.04618	0.06336	0.10576	0.01728	0.01349	0.06423	0.01196	0.00736	0.00557	0.00169	0.00845	0.04132	0.00374	0.00695
46	0.01283	0.09578	0.58268	0.01620	0.02383	0.01396	0.09581	0.01860	0.01243	0.06024	0.01090	0.01259	0.00780	0.00541	0.00543	0.00177	0.00817	0.00448	0.00273	0.00835
47	0.83938	0.01106	0.00841	0.00752	0.01106	0.01283	0.00619	0.01681	0.00973	0.02566	0.00796	0.00929	0.00619	0.00531	0.00354	0.00177	0.00442	0.00310	0.00354	0.00619
48	0.01163	0.01244	0.02598	0.01948	0.02371	0.01165	0.53134	0.01535	0.01277	0.01726	0.01729	0.23882	0.01703	0.00857	0.00691	0.00204	0.00783	0.00947	0.00359	0.00684

[dist]
# distance from previous block
# <min> <max>
1	13

[block]
# block no. 1 follows, 41 sequences, length 18
# corresponding to MSA columns:
# 492-509
name=unknown_B
#
# <colnr> <probs for GDERKNQSTAVLIFYWHMCP>
#	G	D	E	R	K	N	Q	S	T	A	V	L	I	F	Y	W	H	M	C	P
0	0.02235	0.01556	0.01649	0.01276	0.01723	0.05311	0.01048	0.59412	0.02468	0.15239	0.01491	0.01449	0.01032	0.00685	0.00570	0.00171	0.00626	0.00518	0.00581	0.00958
1	0.20588	0.04200	0.01599	0.02699	0.01682	0.06478	0.05562	0.34863	0.03700	0.07074	0.01225	0.01289	0.00896	0.00612	0.00511	0.00167	0.00613	0.00459	0.00465	0.05319
2	0.00832	0.00555	0.00624	0.00624	0.00624	0.00555	0.00347	0.00832	0.00832	0.01109	0.01802	0.03743	0.02080	0.79898	0.02911	0.00555	0.00555	0.00832	0.00347	0.00347
3	0.01422	0.01535	0.02751	0.06608	0.12130	0.07004	0.45190	0.04880	0.01383	0.01847	0.01105	0.01448	0.00856	0.00520	0.00662	0.00180	0.03421	0.00587	0.00301	0.06167
4	0.00913	0.00653	0.00909	0.01027	0.01159	0.00649	0.00891	0.01177	0.01341	0.01758	0.08819	0.06279	0.03459	0.01548	0.00781	0.00257	0.00506	0.66813	0.00535	0.00528
5	0.00832	0.00555	0.00624	0.00624	0.00624	0.00555	0.00347	0.00832	0.00832	0.01109	0.01802	0.03743	0.02080	0.79898	0.02911	0.00555	0.00555	0.00832	0.00347	0.00347
6	0.01922	0.14944	0.09242	0.01281	0.01774	0.01793	0.01159	0.51005	0.06463	0.02980	0.01297	0.01324	0.00953	0.00645	0.00535	0.00166	0.00637	0.00478	0.00485	0.00916
7	0.02174	0.01602	0.01717	0.01316	0.01774	0.01774	0.01087	0.74423	0.02689	0.03605	0.01373	0.01373	0.00973	0.00687	0.00572	0.00172	0.00629	0.00515	0.00572	0.00973
8	0.05138	0.10561	0.34986	0.01445	0.06141	0.01371	0.01481	0.06210	0.08913	0.16272	0.01381	0.01421	0.00982	0.00598	0.00529	0.00174	0.00672	0.00467	0.00392	0.00865
9	0.07674	0.07171	0.01457	0.01019	0.01464	0.01072	0.00853	0.09992	0.01640	0.54171	0.01885	0.01698	0.01233	0.00661	0.00536	0.00167	0.00505	0.00517	0.00614	0.05671
10	0.00819	0.00604	0.00874	0.00874	0.00960	0.00690	0.00658	0.00992	0.00906	0.01294	0.01574	0.02478	0.01530	0.15957	0.66101	0.00863	0.01381	0.00647	0.00313	0.00485
11	0.65147	0.01287	0.01075	0.00935	0.01283	0.09296	0.04677	0.03589	0.01111	0.02383	0.00942	0.04380	0.00791	0.00593	0.00410	0.00177	0.00533	0.00398	0.00357	0.00635
12	0.26380	0.06543	0.03952	0.01651	0.02146	0.01428	0.36947	0.05944	0.01315	0.06845	0.01104	0.01326	0.00822	0.00524	0.00543	0.00181	0.00732	0.00520	0.00347	0.00749
13	0.16527	0.01487	0.07770	0.11062	0.39897	0.05650	0.06092	0.01748	0.01238	0.01918	0.01009	0.01309	0.00811	0.00526	0.00530	0.00175	0.00696	0.00469	0.00291	0.00796
14	0.01947	0.21479	0.01902	0.01284	0.01641	0.45073	0.01032	0.02262	0.09176	0.07465	0.01121	0.01191	0.00895	0.00594	0.00491	0.00148	0.00825	0.00398	0.00345	0.00730
15	0.00718	0.00514	0.00682	0.00782	0.00834	0.00478	0.00533	0.00848	0.01191	0.01613	0.16516	0.65725	0.04079	0.01678	0.00720	0.00223	0.00320	0.01518	0.00549	0.00478
16	0.00718	0.00513	0.00688	0.00820	0.00863	0.00483	0.00567	0.00832	0.01116	0.01483	0.03141	0.72765	0.03738	0.01772	0.00736	0.00235	0.00350	0.08181	0.00531	0.00470
17	0.00832	0.00555	0.00624	0.00624	0.00624	0.00555	0.00347	0.00832	0.00832	0.01109	0.01802	0.03743	0.02080	0.79898	0.02911	0.00555	0.00555	0.00832	0.00347	0.00347

[dist]
# distance from previous block
# <min> <max>
0	1

[block]
# block no. 2 follows, 41 sequences, length 6
# corresponding to MSA columns:
# 511-516
name=unknown_C
#
# <colnr> <probs for GDERKNQSTAVLIFYWHMCP>
#	G	D	E	R	K	N	Q	S	T	A	V	L	I	F	Y	W	H	M	C	P
0	0.01633	0.54048	0.12504	0.01167	0.01683	0.09044	0.01164	0.09637	0.01394	0.01686	0.00928	0.01060	0.00789	0.00548	0.00440	0.00144	0.00693	0.00360	0.00295	0.00783
1	0.01645	0.01160	0.01307	0.01129	0.01430	0.01238	0.00886	0.34610	0.11533	0.08293	0.02187	0.24647	0.02060	0.01083	0.00642	0.00202	0.00514	0.04043	0.00579	0.00810
2	0.01688	0.01366	0.01447	0.01231	0.01599	0.01548	0.00975	0.25478	0.52142	0.02798	0.02053	0.01933	0.01528	0.00767	0.00592	0.00193	0.00519	0.00614	0.00588	0.00941
3	0.01595	0.01258	0.01352	0.01149	0.01487	0.01403	0.00909	0.30071	0.35183	0.02742	0.05247	0.08430	0.04869	0.00870	0.00598	0.00188	0.00496	0.00716	0.00574	0.00862
4	0.06862	0.02019	0.38952	0.01593	0.09552	0.01259	0.01576	0.01960	0.16034	0.01972	0.01540	0.02087	0.01279	0.00722	0.00573	0.00193	0.00680	0.09981	0.00359	0.00806
5	0.00761	0.00525	0.00645	0.00715	0.00732	0.00507	0.00443	0.00813	0.00970	0.01293	0.02512	0.43548	0.02974	0.38872	0.01766	0.00385	0.00438	0.01249	0.00443	0.00409

[dist]
# distance from previous block
# <min> <max>
0	2

[block]
# block no. 3 follows, 41 sequences, length 14
# corresponding to MSA columns:
# 519-532
name=unknown_D
#
# <colnr> <probs for GDERKNQSTAVLIFYWHMCP>
#	G	D	E	R	K	N	Q	S	T	A	V	L	I	F	Y	W	H	M	C	P
0	0.00885	0.00992	0.11602	0.05091	0.07743	0.00738	0.00903	0.01176	0.01377	0.01901	0.32988	0.16191	0.13915	0.01137	0.00651	0.00190	0.00425	0.00999	0.00495	0.00599
1	0.01529	0.01024	0.01427	0.01254	0.08282	0.00881	0.06055	0.04490	0.01364	0.20395	0.01652	0.12429	0.01412	0.00708	0.00541	0.00147	0.00496	0.00624	0.00457	0.34832
2	0.01395	0.00804	0.00953	0.00819	0.01098	0.00743	0.00645	0.07119	0.05380	0.23408	0.18239	0.03755	0.31147	0.01089	0.00634	0.00184	0.00376	0.00911	0.00607	0.00693
3	0.11968	0.01781	0.24534	0.01221	0.01760	0.07722	0.01231	0.04031	0.05003	0.29865	0.01516	0.01482	0.01031	0.00617	0.00528	0.00173	0.00638	0.00471	0.00462	0.03966
4	0.01779	0.01409	0.01474	0.01239	0.01593	0.10699	0.03681	0.19321	0.27997	0.12862	0.01815	0.01865	0.01363	0.01048	0.07609	0.00248	0.00689	0.01932	0.00525	0.00853
5	0.01396	0.25578	0.15167	0.01818	0.02410	0.01684	0.38197	0.03944	0.01310	0.01734	0.01033	0.01294	0.00807	0.00500	0.00557	0.00169	0.00828	0.00518	0.00276	0.00778
6	0.01629	0.18823	0.08293	0.01245	0.01649	0.19409	0.01082	0.06257	0.31816	0.01949	0.01496	0.01493	0.01162	0.00646	0.00516	0.00165	0.00666	0.00482	0.00412	0.00810
7	0.00962	0.00772	0.01024	0.00891	0.01153	0.00734	0.00700	0.01186	0.01024	0.01539	0.01329	0.01829	0.01201	0.02768	0.47233	0.00591	0.01096	0.00505	0.00319	0.33144
8	0.01230	0.01802	0.26666	0.02097	0.20661	0.01257	0.16695	0.01792	0.06925	0.01942	0.11697	0.01830	0.01533	0.00628	0.00598	0.00182	0.00718	0.00600	0.00342	0.00807
9	0.01966	0.08433	0.07093	0.12354	0.14020	0.01172	0.01203	0.04011	0.01465	0.40028	0.01649	0.01641	0.01119	0.00625	0.00552	0.00173	0.00597	0.00518	0.00497	0.00884
10	0.00994	0.00497	0.00745	0.00745	0.00745	0.00497	0.00497	0.00745	0.00745	0.00994	0.00994	0.01739	0.00994	0.01987	0.02235	0.83358	0.00497	0.00497	0.00248	0.00248
11	0.00784	0.00560	0.00764	0.00896	0.00968	0.00540	0.00683	0.00948	0.01181	0.01558	0.03104	0.51076	0.03592	0.01709	0.00753	0.00244	0.00408	0.29211	0.00529	0.00489
12	0.72456	0.01176	0.00964	0.00831	0.01200	0.01352	0.00685	0.11897	0.01214	0.02712	0.00877	0.00992	0.00669	0.00553	0.00385	0.00176	0.00469	0.00339	0.00385	0.00669
13	0.02584	0.08177	0.11180	0.24022	0.09252	0.02760	0.06641	0.01872	0.14382	0.01760	0.01225	0.01477	0.00953	0.00604	0.00630	0.00179	0.05679	0.00501	0.00323	0.05799

[dist]
# distance from previous block
# <min> <max>
0	1

[block]
# block no. 4 follows, 41 sequences, length 7
# corresponding to MSA columns:
# 534-540
name=unknown_E
#
# <colnr> <probs for GDERKNQSTAVLIFYWHMCP>
#	G	D	E	R	K	N	Q	S	T	A	V	L	I	F	Y	W	H	M	C	P
0	0.00855	0.00632	0.00909	0.00908	0.01001	0.00717	0.00687	0.01025	0.00932	0.01335	0.01595	0.02463	0.01535	0.13106	0.68518	0.00879	0.01424	0.00649	0.00323	0.00510
1	0.00924	0.00790	0.00912	0.00962	0.01037	0.06866	0.00700	0.01049	0.01112	0.01461	0.02454	0.47290	0.02794	0.02201	0.17895	0.00386	0.06335	0.03855	0.00452	0.00523
2	0.01506	0.01678	0.02135	0.07525	0.02135	0.19682	0.19111	0.01734	0.01212	0.01533	0.00937	0.01338	0.00810	0.00764	0.01169	0.00213	0.35023	0.00523	0.00283	0.00689
3	0.02249	0.00905	0.01213	0.00953	0.01348	0.00783	0.00779	0.02468	0.01606	0.63733	0.08833	0.02460	0.08384	0.00813	0.00593	0.00179	0.00451	0.00670	0.00686	0.00893
4	0.00867	0.00620	0.00858	0.00978	0.01090	0.00610	0.00816	0.01097	0.01290	0.01696	0.07710	0.21611	0.03529	0.01598	0.00770	0.00252	0.00470	0.53091	0.00534	0.00515
5	0.01550	0.01427	0.02214	0.09028	0.49559	0.05133	0.07320	0.10273	0.01483	0.04799	0.01147	0.01430	0.00910	0.00544	0.00574	0.00173	0.00713	0.00519	0.00331	0.00872
6	0.45412	0.01043	0.01071	0.00878	0.01274	0.01074	0.00724	0.02205	0.01288	0.37678	0.01488	0.01411	0.00997	0.00615	0.00459	0.00177	0.00463	0.00435	0.00522	0.00787

[dist]
# distance from previous block
# <min> <max>
0	1

[block]
# block no. 5 follows, 41 sequences, length 18
# corresponding to MSA columns:
# 542-559
name=unknown_F
#
# <colnr> <probs for GDERKNQSTAVLIFYWHMCP>
#	G	D	E	R	K	N	Q	S	T	A	V	L	I	F	Y	W	H	M	C	P
0	0.01263	0.33660	0.01761	0.00943	0.01214	0.06026	0.00785	0.05366	0.01249	0.03484	0.01880	0.33758	0.02072	0.03302	0.00616	0.00186	0.00517	0.00892	0.00400	0.00626
1	0.01066	0.00533	0.00533	0.00533	0.00666	0.00533	0.00400	0.01333	0.01200	0.02132	0.01866	0.02132	0.01466	0.00666	0.00400	0.00133	0.00267	0.00533	0.83073	0.00533
2	0.07041	0.51556	0.02502	0.01301	0.10301	0.01945	0.01044	0.07201	0.06310	0.04592	0.01030	0.01132	0.00859	0.00537	0.00427	0.00142	0.00594	0.00379	0.00321	0.00785
3	0.01256	0.01076	0.01409	0.06805	0.01687	0.00889	0.06183	0.04154	0.01259	0.03498	0.01067	0.01261	0.00859	0.00455	0.00462	0.00106	0.00498	0.00388	0.00345	0.66343
4	0.04930	0.13641	0.10850	0.01575	0.06609	0.37864	0.06177	0.07355	0.01508	0.01706	0.00949	0.01120	0.00768	0.00569	0.00533	0.00157	0.02241	0.00406	0.00302	0.00738
5	0.06742	0.22239	0.05277	0.38278	0.09394	0.01562	0.01367	0.01682	0.05240	0.01621	0.01037	0.01355	0.00826	0.00562	0.00508	0.00172	0.00685	0.00450	0.00284	0.00717
6	0.00724	0.00536	0.00673	0.00766	0.00842	0.00488	0.00530	0.00844	0.01190	0.01560	0.09127	0.57802	0.17720	0.01682	0.00723	0.00224	0.00330	0.03211	0.00543	0.00484
7	0.01254	0.01026	0.01202	0.00865	0.01371	0.00775	0.00691	0.01502	0.01213	0.04720	0.01080	0.01237	0.00884	0.00445	0.00436	0.00091	0.00432	0.00353	0.00358	0.80065
8	0.05003	0.09802	0.15698	0.06287	0.06439	0.05288	0.01292	0.13170	0.01393	0.01972	0.01062	0.03279	0.00889	0.00676	0.00769	0.00177	0.15226	0.00469	0.00332	0.10776
9	0.01296	0.00911	0.01269	0.01092	0.01313	0.00977	0.06178	0.09972	0.06207	0.10622	0.07218	0.02342	0.01707	0.10831	0.31433	0.00520	0.04355	0.00659	0.00433	0.00662
10	0.00712	0.00516	0.00670	0.00793	0.00838	0.00476	0.00532	0.00811	0.01119	0.01481	0.03342	0.74343	0.08681	0.01776	0.00733	0.00232	0.00335	0.01600	0.00536	0.00474
11	0.01180	0.01169	0.01843	0.65696	0.03666	0.05505	0.06906	0.01542	0.01185	0.01497	0.01026	0.01510	0.00784	0.00592	0.00631	0.00193	0.03637	0.00518	0.00264	0.00655
12	0.01010	0.00509	0.00757	0.00756	0.00758	0.00507	0.00504	0.00758	0.00756	0.01010	0.01009	0.01759	0.01008	0.01994	0.02238	0.83151	0.00502	0.00502	0.00254	0.00258
13	0.01082	0.00545	0.00546	0.00545	0.00679	0.00543	0.00407	0.01344	0.01209	0.02146	0.01880	0.02152	0.01480	0.00677	0.00407	0.00136	0.00273	0.00538	0.82870	0.00542
14	0.00864	0.00636	0.00809	0.00758	0.00906	0.00604	0.00569	0.01211	0.06150	0.02313	0.71331	0.04156	0.05176	0.01154	0.00675	0.00184	0.00287	0.01014	0.00631	0.00571
15	0.00726	0.00525	0.00684	0.00787	0.00842	0.00485	0.00534	0.00844	0.01179	0.01580	0.12115	0.66552	0.07589	0.01707	0.00727	0.00227	0.00328	0.01536	0.00548	0.00483
16	0.02157	0.01542	0.01669	0.01295	0.01742	0.01693	0.01063	0.64165	0.08068	0.08355	0.01518	0.01490	0.01075	0.00705	0.00580	0.00177	0.00612	0.00534	0.00587	0.00975
17	0.01638	0.01344	0.01441	0.04167	0.01647	0.04748	0.00997	0.16517	0.44384	0.06466	0.03272	0.01901	0.01505	0.00773	0.00680	0.00193	0.06301	0.00601	0.00543	0.00882

[dist]
# distance from previous block
# <min> <max>
0	1

[block]
# block no. 6 follows, 41 sequences, length 68
# corresponding to MSA columns:
# 561-628
name=unknown_G
#
# <colnr> <probs for GDERKNQSTAVLIFYWHMCP>
#	G	D	E	R	K	N	Q	S	T	A	V	L	I	F	Y	W	H	M	C	P
0	0.01249	0.02998	0.75779	0.01687	0.02529	0.01379	0.02134	0.01875	0.01270	0.01902	0.01128	0.01348	0.00823	0.00611	0.00587	0.00200	0.00874	0.00456	0.00277	0.00894
1	0.00943	0.00855	0.01253	0.01046	0.01312	0.00754	0.15688	0.01134	0.01386	0.01754	0.11492	0.04572	0.49756	0.04353	0.00804	0.00224	0.00475	0.01087	0.00515	0.00597
2	0.01353	0.01382	0.02730	0.08822	0.02660	0.01374	0.49231	0.01667	0.01274	0.01745	0.01263	0.04604	0.01066	0.00815	0.00987	0.08862	0.08425	0.00690	0.00322	0.00730
3	0.01506	0.01442	0.02474	0.03431	0.68106	0.01418	0.08785	0.01827	0.01368	0.01955	0.01184	0.01565	0.00998	0.00575	0.00620	0.00191	0.00738	0.00558	0.00319	0.00941
4	0.01169	0.00611	0.00612	0.00608	0.00749	0.00596	0.00448	0.01404	0.01262	0.02218	0.01954	0.02258	0.01552	0.00732	0.00445	0.00152	0.00305	0.00565	0.81771	0.00587
5	0.51365	0.01166	0.01112	0.00940	0.01319	0.01240	0.00758	0.09008	0.01395	0.20408	0.04965	0.01522	0.01176	0.00687	0.00490	0.00195	0.00498	0.00463	0.00507	0.00787
6	0.12219	0.64163	0.07230	0.01057	0.01552	0.02116	0.01040	0.01780	0.01204	0.01629	0.00914	0.01082	0.00817	0.00567	0.00422	0.00152	0.00637	0.00349	0.00294	0.00777
7	0.01027	0.00734	0.00995	0.01120	0.01260	0.00720	0.00962	0.01259	0.01377	0.01804	0.03098	0.06508	0.03349	0.01631	0.00829	0.00280	0.00561	0.71350	0.00558	0.00581
8	0.22469	0.01101	0.01290	0.01031	0.01456	0.01042	0.00838	0.05287	0.01571	0.54748	0.01948	0.01805	0.01292	0.00729	0.00564	0.00195	0.00516	0.00539	0.00645	0.00934
9	0.01165	0.00870	0.01138	0.04361	0.01328	0.00864	0.04305	0.01671	0.15967	0.06361	0.46787	0.06520	0.04007	0.01090	0.00690	0.00204	0.00413	0.00940	0.00618	0.00701
10	0.10414	0.01064	0.01337	0.01057	0.01481	0.00964	0.00857	0.05350	0.01667	0.62455	0.05370	0.02056	0.01582	0.00775	0.00601	0.00195	0.00513	0.00598	0.00694	0.00967
11	0.00930	0.00629	0.00704	0.00708	0.00720	0.00612	0.00408	0.00909	0.00917	0.01233	0.01976	0.08611	0.02263	0.73769	0.02779	0.00547	0.00574	0.00909	0.00392	0.00411
12	0.04943	0.01541	0.02176	0.14468	0.10907	0.03867	0.17459	0.32122	0.01924	0.02621	0.01292	0.01551	0.00981	0.00659	0.00627	0.00197	0.00768	0.00568	0.00439	0.00890
13	0.01544	0.04809	0.02052	0.37911	0.05228	0.03993	0.11305	0.17963	0.05208	0.02136	0.01268	0.01613	0.00971	0.00658	0.00618	0.00200	0.00775	0.00558	0.00383	0.00808
14	0.01467	0.01526	0.02984	0.04401	0.30276	0.01459	0.44732	0.01859	0.01388	0.01929	0.01223	0.01630	0.00976	0.00563	0.00674	0.00203	0.00881	0.00640	0.00321	0.00869
15	0.15895	0.01586	0.04655	0.26309	0.09057	0.13129	0.08403	0.10177	0.01465	0.02071	0.01120	0.01444	0.00877	0.00633	0.00577	0.00196	0.00779	0.00498	0.00355	0.00773
16	0.00805	0.00576	0.00741	0.00867	0.00910	0.00529	0.00577	0.00876	0.01159	0.01556	0.03220	0.78400	0.03832	0.01840	0.00770	0.00250	0.00369	0.01640	0.00562	0.00520
17	0.01425	0.04738	0.02061	0.18224	0.40419	0.01414	0.02811	0.01951	0.14155	0.01932	0.01524	0.01813	0.03554	0.00666	0.00610	0.00196	0.00678	0.00582	0.00371	0.00875
18	0.01287	0.01087	0.01255	0.00917	0.01427	0.00822	0.00722	0.01510	0.01249	0.01954	0.01118	0.01327	0.00943	0.00493	0.00469	0.00105	0.00459	0.00374	0.00373	0.82110
19	0.01443	0.02456	0.47025	0.01594	0.04999	0.06732	0.01708	0.08614	0.05474	0.02079	0.01221	0.01406	0.00924	0.00624	0.00575	0.00184	0.00786	0.00466	0.00344	0.11345
20	0.08843	0.00705	0.00706	0.00694	0.00897	0.00629	0.00515	0.01009	0.01356	0.01812	0.12465	0.08224	0.57252	0.01399	0.00688	0.00210	0.00342	0.01142	0.00555	0.00556
21	0.01497	0.01580	0.02958	0.04647	0.02769	0.04340	0.55596	0.05810	0.01463	0.01986	0.01232	0.01609	0.00957	0.00573	0.00698	0.00199	0.02299	0.00643	0.00343	0.08803
22	0.01144	0.00616	0.00635	0.00626	0.00767	0.00597	0.00462	0.01379	0.01303	0.02233	0.09118	0.02465	0.01932	0.00781	0.00472	0.00157	0.00305	0.00613	0.73807	0.00588
23	0.00927	0.00703	0.00911	0.08291	0.01223	0.00667	0.00675	0.01162	0.01593	0.02210	0.59597	0.04240	0.13100	0.01201	0.00706	0.00201	0.00358	0.01027	0.00612	0.00596
24	0.01814	0.01344	0.01518	0.01256	0.01579	0.01479	0.01000	0.48218	0.02131	0.02891	0.01616	0.09200	0.01396	0.01472	0.12433	0.03576	0.05027	0.00668	0.00528	0.00853
25	0.29188	0.01088	0.01235	0.00998	0.01415	0.01043	0.00810	0.02474	0.01476	0.51416	0.01862	0.01743	0.01243	0.00715	0.00546	0.00195	0.00507	0.00520	0.00621	0.00905
26	0.01587	0.17572	0.23732	0.09257	0.15808	0.02938	0.03292	0.01936	0.01329	0.11924	0.01246	0.01465	0.00960	0.00637	0.00618	0.00188	0.03806	0.00486	0.00353	0.00866
27	0.02082	0.01542	0.01659	0.01311	0.01733	0.01677	0.01061	0.61912	0.07015	0.03467	0.08739	0.01837	0.01541	0.00804	0.00625	0.00192	0.00616	0.00605	0.00609	0.00974
28	0.01247	0.01031	0.01247	0.01070	0.05869	0.00839	0.00770	0.03624	0.01362	0.02049	0.12605	0.06083	0.01799	0.00694	0.00536	0.00135	0.00452	0.00565	0.00431	0.57591
29	0.01333	0.01723	0.18851	0.09278	0.02582	0.01343	0.31834	0.01917	0.10575	0.01956	0.04250	0.04820	0.01315	0.00684	0.00655	0.00204	0.00804	0.00664	0.00372	0.04840
30	0.01494	0.16300	0.06674	0.01508	0.01729	0.04661	0.06019	0.01662	0.01110	0.04800	0.00979	0.01367	0.00880	0.00876	0.01349	0.00229	0.46819	0.00501	0.00309	0.00738
31	0.01169	0.00611	0.00612	0.00608	0.00749	0.00596	0.00448	0.01404	0.01262	0.02218	0.01954	0.02258	0.01552	0.00732	0.00445	0.00152	0.00305	0.00565	0.81771	0.00587
32	0.01016	0.00727	0.00982	0.01107	0.01242	0.00710	0.00943	0.01240	0.01367	0.01792	0.03104	0.10062	0.03372	0.01641	0.00826	0.00279	0.00551	0.67903	0.00558	0.00578
33	0.01426	0.02602	0.58944	0.01832	0.10023	0.01334	0.03310	0.01970	0.01327	0.09635	0.01262	0.01452	0.00915	0.00624	0.00595	0.00198	0.00822	0.00485	0.00331	0.00912
34	0.01277	0.01196	0.02125	0.27354	0.18431	0.01238	0.19378	0.01573	0.01273	0.01720	0.01442	0.07679	0.01306	0.00845	0.00770	0.05540	0.00762	0.05015	0.00341	0.00735
35	0.00930	0.00756	0.00768	0.00725	0.00950	0.00672	0.00546	0.08010	0.01499	0.01839	0.05392	0.05177	0.67721	0.01428	0.00707	0.00209	0.00360	0.01161	0.00566	0.00585
36	0.01426	0.01487	0.02922	0.13381	0.20840	0.01449	0.45462	0.01825	0.01370	0.01879	0.01217	0.01645	0.00958	0.00570	0.00675	0.00205	0.00894	0.00641	0.00318	0.00835
37	0.02129	0.04466	0.03991	0.01664	0.16192	0.15132	0.04302	0.02383	0.01526	0.39957	0.01635	0.01597	0.01121	0.00625	0.00558	0.00169	0.00661	0.00514	0.00500	0.00882
38	0.40588	0.05259	0.03616	0.09019	0.18650	0.10867	0.01092	0.01757	0.01161	0.02074	0.00899	0.01118	0.00722	0.00536	0.00450	0.00170	0.00620	0.00385	0.00312	0.00704
39	0.01418	0.04879	0.25463	0.01880	0.07652	0.03251	0.22366	0.01839	0.01247	0.08955	0.01126	0.01382	0.00851	0.00618	0.00811	0.00192	0.14445	0.00524	0.00306	0.00794
40	0.01219	0.00700	0.00826	0.00743	0.00996	0.00608	0.00585	0.01427	0.02690	0.21732	0.11593	0.04419	0.44453	0.01218	0.00653	0.00191	0.00354	0.04376	0.00589	0.00629
41	0.01529	0.80242	0.02997	0.00979	0.01468	0.02263	0.00979	0.01713	0.01162	0.01346	0.00795	0.00918	0.00734	0.00489	0.00367	0.00122	0.00612	0.00306	0.00245	0.00734
42	0.02391	0.00947	0.01279	0.00996	0.01410	0.00830	0.00817	0.02650	0.03428	0.68653	0.08468	0.02147	0.01759	0.00748	0.00584	0.00178	0.00468	0.00616	0.00698	0.00935
43	0.00797	0.00588	0.00747	0.00718	0.00861	0.00538	0.00546	0.01048	0.01558	0.02155	0.62017	0.04567	0.15382	0.01232	0.00681	0.00186	0.00287	0.04953	0.00610	0.00531
44	0.01492	0.01213	0.01295	0.01155	0.01486	0.01388	0.00901	0.03024	0.70843	0.06888	0.02324	0.02123	0.01726	0.00772	0.00582	0.00193	0.00455	0.00642	0.00590	0.00909
45	0.00697	0.00498	0.00664	0.00796	0.00830	0.00465	0.00531	0.00796	0.01095	0.01460	0.03153	0.79525	0.03783	0.01792	0.00730	0.00232	0.00332	0.01626	0.00531	0.00465
46	0.09065	0.24014	0.02061	0.18359	0.09458	0.04416	0.01191	0.21207	0.01581	0.02142	0.01030	0.01228	0.00811	0.00570	0.00491	0.00161	0.00656	0.00429	0.00350	0.00781
47	0.73134	0.01111	0.00919	0.00798	0.01164	0.01258	0.00658	0.04407	0.01099	0.09768	0.00958	0.01043	0.00709	0.00554	0.00383	0.00177	0.00453	0.00343	0.00396	0.00666
48	0.29440	0.02176	0.44782	0.01312	0.01959	0.01286	0.03156	0.01827	0.01157	0.06599	0.01025	0.01165	0.00734	0.00548	0.00484	0.00180	0.00689	0.00399	0.00309	0.00774
49	0.01356	0.60850	0.02491	0.00964	0.01359	0.01886	0.00914	0.01544	0.01103	0.01341	0.00975	0.01241	0.00904	0.01415	0.19183	0.00316	0.00836	0.00381	0.00260	0.00680
50	0.00711	0.00595	0.00621	0.00612	0.00800	0.00512	0.00460	0.00906	0.02993	0.01669	0.15555	0.05257	0.64542	0.01395	0.00674	0.00191	0.00291	0.01171	0.00546	0.00500
51	0.00827	0.00627	0.00937	0.00932	0.01032	0.00737	0.00727	0.01029	0.00918	0.01329	0.01515	0.02225	0.01415	0.04219	0.75987	0.00905	0.03210	0.00610	0.00305	0.00513
52	0.01316	0.01104	0.01285	0.07016	0.05424	0.01241	0.00953	0.04755	0.48096	0.03426	0.04626	0.05450	0.06381	0.00886	0.00608	0.00197	0.00479	0.05410	0.00537	0.00811
53	0.02557	0.00988	0.01337	0.01025	0.01468	0.00863	0.00847	0.04501	0.01662	0.74977	0.02235	0.01933	0.01405	0.00707	0.00575	0.00177	0.00490	0.00574	0.00705	0.00973
54	0.83938	0.01106	0.00841	0.00752	0.01106	0.01283	0.00619	0.01681	0.00973	0.02566	0.00796	0.00929	0.00619	0.00531	0.00354	0.00177	0.00442	0.00310	0.00354	0.00619
55	0.01370	0.01395	0.05120	0.10636	0.63188	0.01353	0.05083	0.01733	0.01286	0.01826	0.01072	0.01424	0.00884	0.00516	0.00571	0.00173	0.00707	0.00514	0.00279	0.00871
56	0.01336	0.14838	0.04155	0.01233	0.07039	0.01329	0.00961	0.04467	0.30120	0.04495	0.12223	0.02607	0.04863	0.00843	0.00576	0.00182	0.00493	0.06969	0.00493	0.00778
57	0.00834	0.00635	0.00939	0.00930	0.01024	0.00748	0.00721	0.01027	0.00914	0.01321	0.01513	0.02268	0.01430	0.07131	0.71825	0.00880	0.04429	0.00617	0.00306	0.00509
58	0.82330	0.01116	0.00858	0.00763	0.01119	0.01293	0.00629	0.03112	0.01007	0.02587	0.00808	0.00938	0.00626	0.00534	0.00358	0.00177	0.00446	0.00314	0.00358	0.00626
59	0.00697	0.00498	0.00664	0.00796	0.00830	0.00465	0.00531	0.00796	0.01095	0.01460	0.03153	0.79525	0.03783	0.01792	0.00730	0.00232	0.00332	0.01626	0.00531	0.00465
60	0.00852	0.00606	0.00772	0.00723	0.00874	0.00559	0.00545	0.01135	0.02963	0.04041	0.66743	0.04284	0.11392	0.01175	0.00671	0.00181	0.00280	0.01031	0.00622	0.00552
61	0.01186	0.01017	0.01186	0.00847	0.01356	0.00762	0.00678	0.01440	0.01186	0.01864	0.01017	0.01186	0.00847	0.00424	0.00424	0.00085	0.00424	0.00339	0.00339	0.83395
62	0.02566	0.00973	0.01327	0.01018	0.01460	0.00841	0.00841	0.02788	0.01637	0.76726	0.02257	0.01947	0.01416	0.00708	0.00575	0.00177	0.00487	0.00575	0.00708	0.00973
63	0.02278	0.00985	0.01285	0.01019	0.01424	0.00907	0.00830	0.02711	0.12598	0.60679	0.07208	0.02130	0.01732	0.00749	0.00583	0.00180	0.00467	0.00617	0.00684	0.00934
64	0.79504	0.01099	0.00867	0.00767	0.01125	0.01259	0.00632	0.01742	0.01010	0.06608	0.00876	0.00985	0.00663	0.00541	0.00366	0.00177	0.00445	0.00324	0.00373	0.00639
65	0.01147	0.02959	0.76934	0.01630	0.02476	0.01328	0.02113	0.01811	0.01208	0.01811	0.01026	0.01208	0.00725	0.00543	0.00543	0.00181	0.00845	0.00423	0.00242	0.00845
66	0.03699	0.01361	0.01686	0.10036	0.01920	0.01581	0.04177	0.40586	0.01920	0.02637	0.01328	0.07719	0.01120	0.00815	0.00849	0.00196	0.16510	0.00603	0.00451	0.00806
67	0.00818	0.00609	0.00901	0.00901	0.00997	0.00705	0.00693	0.01010	0.00914	0.01315	0.01548	0.02338	0.01469	0.08862	0.73113	0.00897	0.01473	0.00626	0.00309	0.00501

[dist]
# distance from previous block
# <min> <max>
3	10

[block]
# block no. 7 follows, 41 sequences, length 15
# corresponding to MSA columns:
# 639-653
name=unknown_H
#
# <colnr> <probs for GDERKNQSTAVLIFYWHMCP>
#	G	D	E	R	K	N	Q	S	T	A	V	L	I	F	Y	W	H	M	C	P
0	0.01646	0.17153	0.01972	0.20324	0.05680	0.10541	0.02732	0.24194	0.03458	0.02143	0.01186	0.04307	0.00967	0.00640	0.00533	0.00167	0.00699	0.00504	0.00376	0.00778
1	0.22590	0.01524	0.01523	0.01292	0.05321	0.05515	0.01004	0.48908	0.02136	0.03146	0.01189	0.01247	0.00869	0.00634	0.00514	0.00172	0.00606	0.00456	0.00489	0.00865
2	0.05961	0.12179	0.01785	0.01333	0.01700	0.43452	0.01061	0.22119	0.01827	0.02058	0.01004	0.01107	0.00796	0.00601	0.00505	0.00152	0.00839	0.00398	0.00368	0.00756
3	0.01977	0.01354	0.01496	0.01185	0.01591	0.01450	0.00978	0.53053	0.02323	0.11985	0.02055	0.02230	0.08999	0.00831	0.00599	0.00181	0.00570	0.05671	0.00581	0.00890
4	0.00851	0.00662	0.00983	0.00964	0.01058	0.00795	0.00756	0.01049	0.00916	0.01332	0.01472	0.02170	0.01378	0.04036	0.71789	0.00868	0.07495	0.00604	0.00302	0.00520
5	0.00832	0.00587	0.00791	0.00791	0.00855	0.00646	0.00561	0.00959	0.00895	0.01271	0.01649	0.02824	0.01683	0.33502	0.45911	0.00750	0.01108	0.00695	0.03243	0.00448
6	0.01763	0.00796	0.01070	0.00881	0.01183	0.00703	0.00703	0.02006	0.01629	0.42686	0.35995	0.03011	0.03237	0.00919	0.00621	0.00178	0.00388	0.00785	0.00672	0.00775
7	0.00810	0.00585	0.00765	0.00720	0.00855	0.00540	0.00540	0.01079	0.01619	0.02294	0.76028	0.04273	0.05397	0.01169	0.00675	0.00180	0.00270	0.01034	0.00630	0.00540
8	0.02566	0.00973	0.01327	0.01018	0.01460	0.00841	0.00841	0.02788	0.01637	0.76726	0.02257	0.01947	0.01416	0.00708	0.00575	0.00177	0.00487	0.00575	0.00708	0.00973
9	0.00783	0.00564	0.00741	0.00738	0.00849	0.00522	0.00538	0.01013	0.01496	0.02097	0.58860	0.22000	0.05017	0.01316	0.00688	0.00192	0.00284	0.01174	0.00606	0.00522
10	0.00865	0.00593	0.00778	0.00735	0.00874	0.00546	0.00550	0.01122	0.01586	0.04883	0.68724	0.09028	0.05152	0.01193	0.00675	0.00183	0.00282	0.01056	0.00626	0.00550
11	0.01359	0.01346	0.02034	0.28506	0.44051	0.07211	0.01624	0.01735	0.03438	0.01711	0.01078	0.01444	0.00869	0.00545	0.00565	0.00176	0.00728	0.00502	0.00283	0.00796
12	0.01153	0.01091	0.01848	0.62148	0.19742	0.01290	0.01625	0.01526	0.01178	0.01550	0.01030	0.01501	0.00794	0.00558	0.00571	0.00186	0.00744	0.00509	0.00260	0.00694
13	0.01918	0.33918	0.02185	0.01220	0.01633	0.28524	0.01038	0.16172	0.01644	0.05392	0.01009	0.01096	0.00814	0.00573	0.00469	0.00143	0.00756	0.00381	0.00348	0.00767
14	0.02001	0.01620	0.01659	0.06994	0.01896	0.09278	0.01089	0.55228	0.02333	0.03068	0.01266	0.01333	0.00922	0.00645	0.00553	0.00163	0.00661	0.00484	0.00500	0.08307

[dist]
# distance from previous block
# <min> <max>
1	4

[block]
# block no. 8 follows, 41 sequences, length 14
# corresponding to MSA columns:
# 658-671
name=unknown_I
#
# <colnr> <probs for GDERKNQSTAVLIFYWHMCP>
#	G	D	E	R	K	N	Q	S	T	A	V	L	I	F	Y	W	H	M	C	P
0	0.02004	0.00926	0.01158	0.00926	0.01300	0.00833	0.00752	0.09274	0.01648	0.48712	0.03150	0.02877	0.22071	0.00911	0.00603	0.00181	0.00446	0.00744	0.00646	0.00837
1	0.00925	0.00731	0.01078	0.15260	0.01456	0.00769	0.07329	0.01040	0.00937	0.01241	0.01597	0.03130	0.01724	0.57904	0.02272	0.00454	0.00631	0.00757	0.00324	0.00439
2	0.01574	0.01512	0.01421	0.08299	0.01782	0.15585	0.01017	0.07467	0.50041	0.02203	0.01877	0.01823	0.01418	0.00717	0.00568	0.00184	0.00600	0.00574	0.00498	0.00840
3	0.00724	0.00535	0.00662	0.00744	0.00820	0.00492	0.00516	0.00843	0.01157	0.01506	0.07491	0.48262	0.19415	0.08808	0.00918	0.00252	0.00351	0.05520	0.00519	0.00465
4	0.01612	0.55404	0.02576	0.01180	0.04431	0.10328	0.01033	0.08380	0.01337	0.01579	0.00895	0.01055	0.00790	0.00684	0.03418	0.00167	0.03746	0.00359	0.00284	0.00742
5	0.01308	0.35505	0.45797	0.01356	0.02051	0.01722	0.01636	0.01770	0.01189	0.01615	0.00929	0.01085	0.00729	0.00521	0.00469	0.00156	0.00747	0.00373	0.00243	0.00798
6	0.00697	0.00498	0.00664	0.00796	0.00830	0.00465	0.00531	0.00796	0.01095	0.01460	0.03153	0.79525	0.03783	0.01792	0.00730	0.00232	0.00332	0.01626	0.00531	0.00465
7	0.01167	0.01124	0.01959	0.57925	0.18300	0.01301	0.07011	0.01548	0.01191	0.01570	0.01039	0.01505	0.00799	0.00553	0.00578	0.00187	0.00761	0.00521	0.00263	0.00699
8	0.74736	0.06672	0.01029	0.00792	0.01160	0.01372	0.00664	0.04733	0.01059	0.02524	0.00821	0.00947	0.00642	0.00535	0.00364	0.00173	0.00462	0.00318	0.00355	0.00642
9	0.07127	0.01264	0.02074	0.11385	0.59612	0.01302	0.01600	0.01673	0.01252	0.01854	0.01147	0.05055	0.01005	0.00578	0.00560	0.00176	0.00656	0.00548	0.00297	0.00836
10	0.01132	0.01051	0.01746	0.62399	0.14164	0.01242	0.01542	0.01499	0.01170	0.01556	0.01051	0.01515	0.00808	0.00560	0.00560	0.00182	0.00723	0.00503	0.02820	0.03777
11	0.02174	0.01602	0.01717	0.01316	0.01774	0.01774	0.01087	0.74423	0.02689	0.03605	0.01373	0.01373	0.00973	0.00687	0.00572	0.00172	0.00629	0.00515	0.00572	0.00973
12	0.01066	0.00533	0.00533	0.00533	0.00666	0.00533	0.00400	0.01333	0.01200	0.02132	0.01866	0.02132	0.01466	0.00666	0.00400	0.00133	0.00267	0.00533	0.83073	0.00533
13	0.01251	0.01251	0.01752	0.01502	0.01502	0.01752	0.01251	0.01377	0.00876	0.01377	0.00751	0.01251	0.00751	0.01001	0.01877	0.00250	0.78851	0.00501	0.00250	0.00626

[dist]
# distance from previous block
# <min> <max>
1	2

[block]
# block no. 9 follows, 41 sequences, length 15
# corresponding to MSA columns:
# 674-688
name=unknown_J
#
# <colnr> <probs for GDERKNQSTAVLIFYWHMCP>
#	G	D	E	R	K	N	Q	S	T	A	V	L	I	F	Y	W	H	M	C	P
0	0.00805	0.00567	0.00735	0.00752	0.00800	0.00591	0.00507	0.00906	0.00960	0.01322	0.07594	0.14697	0.02382	0.37957	0.26309	0.00594	0.00812	0.00897	0.00383	0.00432
1	0.65993	0.01308	0.03365	0.02771	0.01355	0.07149	0.03513	0.01717	0.01043	0.02341	0.00827	0.00999	0.00651	0.00558	0.00465	0.00179	0.04448	0.00346	0.00336	0.00636
2	0.01649	0.01303	0.01636	0.29927	0.02514	0.01491	0.01242	0.40122	0.03849	0.02634	0.01471	0.01796	0.03275	0.00708	0.00585	0.00184	0.00660	0.03692	0.00451	0.00812
3	0.01279	0.01018	0.01205	0.06147	0.01513	0.00955	0.00796	0.01910	0.21989	0.06567	0.04397	0.07625	0.01521	0.00682	0.00520	0.00143	0.00446	0.00575	0.00449	0.40262
4	0.02488	0.01035	0.01357	0.01048	0.01487	0.00940	0.00863	0.08588	0.04756	0.67755	0.02188	0.01908	0.01394	0.00709	0.00575	0.00177	0.00497	0.00573	0.00692	0.00971
5	0.83938	0.01106	0.00841	0.00752	0.01106	0.01283	0.00619	0.01681	0.00973	0.02566	0.00796	0.00929	0.00619	0.00531	0.00354	0.00177	0.00442	0.00310	0.00354	0.00619
6	0.00994	0.00497	0.00745	0.00745	0.00745	0.00497	0.00497	0.00745	0.00745	0.00994	0.00994	0.01739	0.00994	0.01987	0.02235	0.83358	0.00497	0.00497	0.00248	0.00248
7	0.01604	0.41909	0.08331	0.01160	0.01590	0.22124	0.01069	0.01932	0.06987	0.01541	0.06001	0.01289	0.01124	0.00588	0.00458	0.00143	0.00708	0.00407	0.00309	0.00724
8	0.00719	0.00576	0.00643	0.00638	0.00802	0.00499	0.00474	0.00900	0.01388	0.01773	0.27546	0.10084	0.49174	0.01384	0.00679	0.00192	0.00286	0.01181	0.00562	0.00499
9	0.01186	0.01017	0.01186	0.00847	0.01356	0.00762	0.00678	0.01440	0.01186	0.01864	0.01017	0.01186	0.00847	0.00424	0.00424	0.00085	0.00424	0.00339	0.00339	0.83395
10	0.00877	0.00601	0.00767	0.00738	0.00889	0.00547	0.00559	0.01112	0.01518	0.05879	0.52524	0.10204	0.15320	0.01256	0.00680	0.00190	0.00302	0.04882	0.00606	0.00547
11	0.72137	0.01119	0.00931	0.00806	0.01173	0.01267	0.00664	0.05489	0.01123	0.09580	0.00963	0.01047	0.00712	0.00556	0.00386	0.00177	0.00456	0.00345	0.00398	0.00671
12	0.01899	0.00868	0.01135	0.00941	0.01261	0.00791	0.00749	0.05798	0.03127	0.45332	0.14433	0.09848	0.04342	0.03894	0.00702	0.00200	0.00442	0.02788	0.00646	0.00805
13	0.00697	0.00498	0.00664	0.00796	0.00830	0.00465	0.00531	0.00796	0.01095	0.01460	0.03153	0.79525	0.03783	0.01792	0.00730	0.00232	0.00332	0.01626	0.00531	0.00465
14	0.00753	0.00600	0.00685	0.00692	0.00853	0.00543	0.00521	0.00983	0.03948	0.01745	0.21529	0.13092	0.43149	0.01470	0.02458	0.00215	0.00338	0.05363	0.00550	0.00512

[dist]
# distance from previous block
# <min> <max>
7	17

[block]
# block no. 10 follows, 41 sequences, length 38
# corresponding to MSA columns:
# 706-743
name=unknown_K
#
# <colnr> <probs for GDERKNQSTAVLIFYWHMCP>
#	G	D	E	R	K	N	Q	S	T	A	V	L	I	F	Y	W	H	M	C	P
0	0.07213	0.04407	0.01492	0.01125	0.01570	0.01032	0.00910	0.02769	0.01683	0.67385	0.02265	0.02084	0.01503	0.00809	0.00633	0.00209	0.00553	0.00606	0.00721	0.01030
1	0.00940	0.00711	0.03972	0.00787	0.00971	0.00595	0.00636	0.01223	0.01594	0.07045	0.65989	0.04061	0.04884	0.01126	0.00666	0.00182	0.00315	0.03108	0.00615	0.00580
2	0.23631	0.01445	0.01470	0.01155	0.01585	0.01604	0.00954	0.52216	0.02193	0.06531	0.01261	0.01282	0.00899	0.00647	0.00515	0.00173	0.00574	0.00464	0.00521	0.00880
3	0.14297	0.05348	0.45117	0.01558	0.04383	0.04678	0.08744	0.01864	0.01229	0.06191	0.01060	0.01226	0.00768	0.00544	0.00521	0.00177	0.00767	0.00434	0.00294	0.00800
