[name]
unknown

[dist]
# distance from previous block
# <min> <max>
0	197

[block]
# block no. 0 follows, 39 sequences, length 20
# corresponding to MSA columns:
# 204-223
name=unknown_A
#
# <colnr> <probs for GDERKNQSTAVLIFYWHMCP>
#	G	D	E	R	K	N	Q	S	T	A	V	L	I	F	Y	W	H	M	C	P
0	0.01186	0.03059	0.76153	0.01686	0.02560	0.01373	0.02185	0.01873	0.01249	0.01873	0.01061	0.01249	0.00749	0.00562	0.00562	0.00187	0.00874	0.00437	0.00250	0.00874
1	0.00732	0.00519	0.00683	0.00809	0.00840	0.00488	0.00533	0.00826	0.01110	0.01480	0.03146	0.72734	0.03768	0.08145	0.00938	0.00267	0.00362	0.01614	0.00533	0.00470
2	0.00857	0.00585	0.00704	0.00704	0.00724	0.00605	0.00431	0.00898	0.00877	0.01190	0.01810	0.03573	0.02021	0.64860	0.17191	0.00646	0.00767	0.00817	0.00350	0.00391
3	0.00707	0.00585	0.00619	0.00640	0.00811	0.00498	0.00469	0.00852	0.01322	0.01606	0.07584	0.17739	0.61435	0.01548	0.00708	0.00206	0.00306	0.01314	0.00552	0.00498
4	0.00847	0.00570	0.00663	0.00683	0.00729	0.00565	0.00432	0.00921	0.00990	0.01365	0.02433	0.14669	0.09077	0.46669	0.08423	0.00479	0.00570	0.00966	0.08526	0.00423
5	0.01581	0.79572	0.03099	0.01012	0.01518	0.02340	0.01012	0.01771	0.01202	0.01391	0.00822	0.00949	0.00759	0.00506	0.00379	0.00126	0.00632	0.00316	0.00253	0.00759
6	0.02171	0.01618	0.01731	0.01345	0.01805	0.01798	0.01105	0.66574	0.09887	0.03603	0.01518	0.01498	0.01085	0.00719	0.00593	0.00180	0.00633	0.00546	0.00593	0.00999
7	0.07836	0.01021	0.01321	0.01013	0.01472	0.00890	0.00834	0.02639	0.01591	0.62187	0.02079	0.01849	0.01339	0.00684	0.00561	0.00172	0.00492	0.00547	0.00662	0.10811
8	0.83394	0.01144	0.00869	0.00778	0.01144	0.01327	0.00640	0.01738	0.01006	0.02653	0.00823	0.00961	0.00640	0.00549	0.00366	0.00183	0.00457	0.00320	0.00366	0.00640
9	0.01432	0.01381	0.02380	0.09835	0.67376	0.01400	0.03915	0.01792	0.01334	0.01895	0.01110	0.01477	0.00923	0.00531	0.00589	0.00178	0.00718	0.00532	0.00290	0.00909
10	0.01347	0.05872	0.65876	0.01596	0.02415	0.01362	0.02009	0.01969	0.01291	0.09180	0.01178	0.01312	0.00820	0.00576	0.00558	0.00184	0.00828	0.00448	0.00298	0.00883
11	0.00862	0.00671	0.00800	0.00867	0.00981	0.00673	0.00610	0.01272	0.15238	0.01706	0.03451	0.54596	0.12801	0.01605	0.00718	0.00227	0.00361	0.01430	0.00559	0.00570
12	0.00833	0.00562	0.00653	0.00679	0.00686	0.00555	0.00395	0.00853	0.00912	0.01216	0.02131	0.18262	0.02488	0.64364	0.02577	0.00509	0.00529	0.01018	0.00395	0.00382
13	0.02021	0.01338	0.01522	0.01207	0.01606	0.01436	0.00985	0.45796	0.04525	0.15278	0.08469	0.01910	0.01578	0.01131	0.08148	0.00256	0.00679	0.00607	0.00593	0.00915
14	0.01276	0.20398	0.59598	0.01533	0.02323	0.01592	0.01919	0.01850	0.01238	0.01764	0.01007	0.01181	0.00751	0.00549	0.00521	0.00174	0.00819	0.00410	0.00250	0.00848
15	0.09362	0.00832	0.01017	0.01014	0.01235	0.00843	0.00858	0.08095	0.01516	0.08326	0.09996	0.04937	0.07726	0.01313	0.00713	0.00234	0.00500	0.40290	0.00558	0.00634
16	0.00900	0.00599	0.00713	0.00786	0.00878	0.00598	0.00550	0.01206	0.08415	0.01797	0.02808	0.50094	0.03042	0.01428	0.00645	0.00208	0.00337	0.01269	0.23181	0.00545
17	0.01387	0.41916	0.39053	0.01343	0.02031	0.01864	0.01589	0.01821	0.01225	0.01628	0.00940	0.01096	0.00754	0.00533	0.00469	0.00156	0.00751	0.00376	0.00251	0.00816
18	0.01527	0.01545	0.02275	0.08305	0.62283	0.10106	0.01726	0.01858	0.01374	0.01848	0.01085	0.01425	0.00907	0.00541	0.00580	0.00174	0.00750	0.00510	0.00292	0.00889
19	0.00775	0.00554	0.00746	0.00868	0.00930	0.00525	0.00627	0.00925	0.01222	0.01632	0.09288	0.58717	0.03954	0.01757	0.00762	0.00242	0.00376	0.15043	0.00557	0.00499

[dist]
# distance from previous block
# <min> <max>
3	4

[block]
# block no. 1 follows, 39 sequences, length 15
# corresponding to MSA columns:
# 229-243
name=unknown_B
#
# <colnr> <probs for GDERKNQSTAVLIFYWHMCP>
#	G	D	E	R	K	N	Q	S	T	A	V	L	I	F	Y	W	H	M	C	P
0	0.01226	0.01051	0.01226	0.00876	0.01401	0.00788	0.00701	0.01489	0.01226	0.01927	0.01051	0.01226	0.00876	0.00438	0.00438	0.00088	0.00438	0.00350	0.00350	0.82832
1	0.07200	0.04884	0.01703	0.01411	0.01778	0.46719	0.01102	0.24154	0.01958	0.02219	0.01061	0.01165	0.00829	0.00633	0.00536	0.00161	0.00887	0.00422	0.00395	0.00783
2	0.01014	0.00636	0.00828	0.00780	0.00944	0.00578	0.00584	0.01255	0.01579	0.10401	0.52529	0.14611	0.09447	0.01264	0.00694	0.00194	0.00314	0.01114	0.00639	0.00593
3	0.00732	0.00523	0.00696	0.00816	0.00860	0.00488	0.00550	0.00851	0.01184	0.01591	0.10091	0.71766	0.04070	0.01792	0.00749	0.00235	0.00337	0.01623	0.00559	0.00488
4	0.01102	0.00551	0.00551	0.00551	0.00689	0.00551	0.00413	0.01378	0.01240	0.02205	0.01929	0.02205	0.01516	0.00689	0.00413	0.00138	0.00276	0.00551	0.82500	0.00551
5	0.00730	0.00527	0.00692	0.00805	0.00857	0.00489	0.00545	0.00852	0.01194	0.01596	0.10227	0.68117	0.07631	0.01774	0.00747	0.00233	0.00335	0.01602	0.00559	0.00489
6	0.00837	0.00604	0.00790	0.00744	0.00883	0.00558	0.00558	0.01116	0.01674	0.02371	0.75216	0.04417	0.05580	0.01209	0.00697	0.00186	0.00279	0.01069	0.00651	0.00558
7	0.00849	0.00616	0.00860	0.00860	0.00934	0.00690	0.00626	0.00998	0.00924	0.01306	0.01667	0.02781	0.01677	0.26570	0.55010	0.00839	0.01285	0.00701	0.00329	0.00478
8	0.01622	0.74553	0.03006	0.01045	0.01538	0.07212	0.01020	0.01809	0.01233	0.01395	0.00828	0.00956	0.00759	0.00513	0.00390	0.00128	0.00661	0.00320	0.00256	0.00754
9	0.00818	0.00594	0.00771	0.00747	0.00877	0.00547	0.00553	0.01072	0.01600	0.02243	0.64276	0.12874	0.08223	0.01293	0.00704	0.00193	0.00287	0.01146	0.00635	0.00547
10	0.01527	0.01298	0.01369	0.01215	0.01559	0.01497	0.00950	0.08262	0.69248	0.02565	0.02335	0.02149	0.01747	0.00796	0.00601	0.00199	0.00481	0.00659	0.00601	0.00941
11	0.02199	0.02202	0.01752	0.01528	0.04734	0.37655	0.01160	0.36714	0.02196	0.02567	0.01166	0.01253	0.00886	0.00655	0.00563	0.00165	0.00851	0.00460	0.00443	0.00850
12	0.01186	0.03059	0.76153	0.01686	0.02560	0.01373	0.02185	0.01873	0.01249	0.01873	0.01061	0.01249	0.00749	0.00562	0.00562	0.00187	0.00874	0.00437	0.00250	0.00874
13	0.01545	0.01701	0.11046	0.02199	0.02806	0.01444	0.54342	0.06399	0.01493	0.09035	0.01303	0.01587	0.00942	0.00541	0.00667	0.00195	0.00915	0.00650	0.00353	0.00839
14	0.02248	0.01656	0.01775	0.01361	0.01834	0.01834	0.01124	0.73556	0.02780	0.03727	0.01420	0.01420	0.01006	0.00710	0.00592	0.00177	0.00651	0.00532	0.00592	0.01006

[dist]
# distance from previous block
# <min> <max>
0	92

# created by:
# /software/SequenceAnalysis/GenePrediction/augustus/3.0.1/scripts/msa2prfl.pl ./fixed/BUSCOvEOG7BK6JR.fas
