[name]
unknown

[dist]
# distance from previous block
# <min> <max>
0	258

[block]
# block no. 0 follows, 40 sequences, length 77
# corresponding to MSA columns:
# 272-348
name=unknown_A
#
# <colnr> <probs for GDERKNQSTAVLIFYWHMCP>
#	G	D	E	R	K	N	Q	S	T	A	V	L	I	F	Y	W	H	M	C	P
0	0.02174	0.01635	0.01742	0.01407	0.01839	0.01771	0.01121	0.55011	0.17105	0.03491	0.04539	0.01932	0.01499	0.00864	0.00672	0.00216	0.00654	0.00633	0.00646	0.01051
1	0.01053	0.00732	0.00860	0.00851	0.00896	0.00727	0.00539	0.01048	0.01002	0.01382	0.01942	0.03639	0.02107	0.59276	0.20644	0.00676	0.00866	0.00845	0.00410	0.00505
2	0.01743	0.77526	0.03124	0.01129	0.01630	0.02370	0.01072	0.01869	0.01306	0.01562	0.01016	0.01220	0.00940	0.00633	0.00464	0.00163	0.00686	0.00381	0.00320	0.00846
3	0.00986	0.00745	0.00860	0.00823	0.00997	0.00653	0.00602	0.01153	0.01643	0.02227	0.48862	0.04963	0.30275	0.01403	0.00767	0.00224	0.00357	0.01160	0.00663	0.00635
4	0.01530	0.00857	0.01085	0.00958	0.01198	0.00759	0.00725	0.01728	0.01761	0.23036	0.53086	0.03865	0.04406	0.01172	0.00739	0.00219	0.00411	0.00968	0.00721	0.00778
5	0.00944	0.00744	0.00801	0.00779	0.00971	0.00635	0.00569	0.01071	0.01542	0.01987	0.26944	0.05357	0.52342	0.01492	0.00768	0.00228	0.00363	0.01215	0.00632	0.00617
6	0.00789	0.00593	0.00730	0.00696	0.00848	0.00534	0.00522	0.01031	0.01565	0.02139	0.57985	0.04661	0.23251	0.01261	0.00686	0.00186	0.00279	0.01096	0.00615	0.00534
7	0.83671	0.01125	0.00855	0.00765	0.01125	0.01305	0.00630	0.01709	0.00990	0.02609	0.00810	0.00945	0.00630	0.00540	0.00360	0.00180	0.00450	0.00315	0.00360	0.00630
8	0.69318	0.01101	0.00942	0.00813	0.01188	0.01225	0.00670	0.01909	0.01109	0.15663	0.01073	0.01128	0.00773	0.00572	0.00400	0.00180	0.00458	0.00363	0.00424	0.00693
9	0.83671	0.01125	0.00855	0.00765	0.01125	0.01305	0.00630	0.01709	0.00990	0.02609	0.00810	0.00945	0.00630	0.00540	0.00360	0.00180	0.00450	0.00315	0.00360	0.00630
10	0.00687	0.00589	0.00589	0.00589	0.00785	0.00491	0.00442	0.00835	0.01325	0.01571	0.05891	0.05596	0.75700	0.01473	0.00687	0.00196	0.00295	0.01227	0.00540	0.00491
11	0.00823	0.00594	0.00777	0.00732	0.00869	0.00549	0.00549	0.01097	0.01646	0.02332	0.75629	0.04344	0.05487	0.01189	0.00686	0.00183	0.00274	0.01052	0.00640	0.00549
12	0.83671	0.01125	0.00855	0.00765	0.01125	0.01305	0.00630	0.01709	0.00990	0.02609	0.00810	0.00945	0.00630	0.00540	0.00360	0.00180	0.00450	0.00315	0.00360	0.00630
13	0.00709	0.00506	0.00675	0.00810	0.00843	0.00472	0.00540	0.00810	0.01113	0.01484	0.03205	0.79184	0.03846	0.01822	0.00742	0.00236	0.00337	0.01653	0.00540	0.00472
14	0.02609	0.00990	0.01350	0.01035	0.01484	0.00855	0.00855	0.02834	0.01664	0.76338	0.02294	0.01979	0.01439	0.00720	0.00585	0.00180	0.00495	0.00585	0.00720	0.00990
15	0.02127	0.01541	0.01664	0.01300	0.01745	0.01701	0.01066	0.60228	0.12676	0.07518	0.01580	0.01536	0.01123	0.00712	0.00583	0.00178	0.00607	0.00546	0.00591	0.00979
16	0.02553	0.00977	0.01332	0.01025	0.01465	0.00845	0.00845	0.02780	0.01664	0.74020	0.04591	0.02053	0.01566	0.00734	0.00588	0.00180	0.00488	0.00599	0.00717	0.00976
17	0.01098	0.01034	0.01744	0.78165	0.04005	0.01292	0.01615	0.01486	0.01163	0.01486	0.01034	0.01550	0.00775	0.00581	0.00581	0.00194	0.00775	0.00517	0.00258	0.00646
18	0.02047	0.01516	0.19645	0.01274	0.01814	0.01037	0.05882	0.02482	0.05775	0.46513	0.04616	0.01869	0.01401	0.00686	0.00588	0.00183	0.00604	0.00575	0.00567	0.00925
19	0.00709	0.00506	0.00675	0.00810	0.00843	0.00472	0.00540	0.00810	0.01113	0.01484	0.03205	0.79184	0.03846	0.01822	0.00742	0.00236	0.00337	0.01653	0.00540	0.00472
20	0.00783	0.00602	0.00629	0.00614	0.00813	0.00510	0.00463	0.00947	0.01357	0.04393	0.10696	0.05243	0.65063	0.01395	0.00673	0.00192	0.00300	0.01165	0.03646	0.00515
21	0.00797	0.00647	0.01041	0.01028	0.01135	0.00605	0.10270	0.00950	0.01148	0.01535	0.02936	0.68878	0.03453	0.01645	0.00735	0.00231	0.00423	0.01525	0.00507	0.00514
22	0.01127	0.01071	0.01834	0.71425	0.08136	0.01303	0.03937	0.01515	0.01179	0.01522	0.01042	0.01545	0.00787	0.00575	0.00584	0.00193	0.00777	0.00522	0.00261	0.00666
23	0.01272	0.01272	0.01781	0.01527	0.01527	0.01781	0.01272	0.01399	0.00891	0.01399	0.00763	0.01272	0.00763	0.01018	0.01908	0.00254	0.78499	0.00509	0.00254	0.00636
24	0.01292	0.01084	0.01252	0.00902	0.01414	0.00863	0.00725	0.07649	0.01336	0.02046	0.01065	0.01222	0.00872	0.00453	0.00444	0.00094	0.00449	0.00360	0.00365	0.76115
25	0.04454	0.01384	0.03888	0.01177	0.01627	0.06475	0.00987	0.24143	0.04940	0.42003	0.01852	0.01697	0.01227	0.00698	0.00573	0.00177	0.00586	0.00543	0.00619	0.00951
26	0.00709	0.00506	0.00675	0.00810	0.00843	0.00472	0.00540	0.00810	0.01113	0.01484	0.03205	0.79184	0.03846	0.01822	0.00742	0.00236	0.00337	0.01653	0.00540	0.00472
27	0.04993	0.01544	0.01683	0.06500	0.01907	0.01726	0.01110	0.61461	0.07704	0.03392	0.01420	0.01446	0.01018	0.00691	0.00574	0.00178	0.00629	0.00525	0.00553	0.00948
28	0.00746	0.00578	0.00612	0.00614	0.00737	0.00517	0.00416	0.00844	0.01163	0.01436	0.06190	0.06834	0.46832	0.28277	0.01469	0.00323	0.00388	0.01103	0.00478	0.00444
29	0.56427	0.01000	0.00893	0.00784	0.01114	0.01093	0.00636	0.01736	0.01187	0.12422	0.11329	0.01747	0.04208	0.00690	0.00447	0.00180	0.00422	0.00490	0.02534	0.00660
30	0.00788	0.00571	0.00743	0.00747	0.00859	0.00526	0.00542	0.01011	0.01493	0.02078	0.53792	0.24309	0.07628	0.01368	0.00701	0.00198	0.00292	0.01218	0.00610	0.00526
31	0.00718	0.00513	0.00683	0.00804	0.00845	0.00478	0.00541	0.00832	0.01156	0.01552	0.08939	0.73258	0.03976	0.01772	0.00738	0.00232	0.00332	0.01606	0.00548	0.00478
32	0.01166	0.03008	0.76550	0.01657	0.02517	0.01351	0.02149	0.01842	0.01228	0.01842	0.01044	0.01228	0.00737	0.00552	0.00552	0.00184	0.00859	0.00430	0.00246	0.00859
33	0.01427	0.01369	0.02338	0.06273	0.73329	0.01378	0.01779	0.01774	0.01318	0.01885	0.01092	0.01443	0.00916	0.00520	0.00576	0.00173	0.00694	0.00518	0.00287	0.00911
34	0.01164	0.02936	0.73839	0.04430	0.02571	0.01348	0.02129	0.01829	0.01225	0.01829	0.01043	0.01239	0.00738	0.00554	0.00554	0.00185	0.00856	0.00433	0.00246	0.00852
35	0.01414	0.01366	0.02360	0.08538	0.68285	0.01379	0.04557	0.01768	0.01315	0.01871	0.01093	0.01452	0.00910	0.00521	0.00580	0.00175	0.00708	0.00525	0.00286	0.00897
36	0.01422	0.43928	0.26982	0.01271	0.01865	0.03303	0.03961	0.01778	0.01224	0.03443	0.01121	0.01257	0.03482	0.00569	0.00494	0.00154	0.02287	0.00409	0.00273	0.00778
37	0.00712	0.00512	0.00676	0.00800	0.00843	0.00476	0.00537	0.00821	0.01139	0.01518	0.05907	0.74341	0.05986	0.01789	0.00739	0.00233	0.00334	0.01619	0.00543	0.00476
38	0.02581	0.01034	0.01377	0.01056	0.01507	0.00921	0.00872	0.07822	0.01739	0.71245	0.02231	0.01938	0.01408	0.00718	0.00585	0.00180	0.00505	0.00581	0.00710	0.00990
39	0.00941	0.00689	0.00892	0.00921	0.03743	0.00673	0.00653	0.03802	0.03013	0.04486	0.33785	0.25622	0.11719	0.01336	0.00735	0.00203	0.03136	0.02502	0.00571	0.00576
40	0.01272	0.01272	0.01781	0.01527	0.01527	0.01781	0.01272	0.01399	0.00891	0.01399	0.00763	0.01272	0.00763	0.01018	0.01908	0.00254	0.78499	0.00509	0.00254	0.00636
41	0.01373	0.01569	0.03431	0.02451	0.03039	0.01471	0.73824	0.01863	0.01373	0.01863	0.01176	0.01569	0.00882	0.00490	0.00686	0.00196	0.00980	0.00686	0.00294	0.00784
42	0.01656	0.01353	0.01433	0.01226	0.01592	0.01544	0.00971	0.22556	0.55077	0.02771	0.02100	0.01957	0.01559	0.00764	0.00589	0.00191	0.00510	0.00621	0.00589	0.00939
43	0.83671	0.01125	0.00855	0.00765	0.01125	0.01305	0.00630	0.01709	0.00990	0.02609	0.00810	0.00945	0.00630	0.00540	0.00360	0.00180	0.00450	0.00315	0.00360	0.00630
44	0.01267	0.01265	0.01780	0.03986	0.01606	0.01765	0.01283	0.01402	0.00899	0.01402	0.00772	0.01281	0.00764	0.01004	0.01866	0.00253	0.76004	0.00509	0.00255	0.00636
45	0.02172	0.02772	0.01648	0.01498	0.01798	0.77228	0.01124	0.02322	0.01648	0.01423	0.00899	0.01049	0.00749	0.00599	0.00524	0.00150	0.01049	0.00375	0.00300	0.00674
46	0.02211	0.01629	0.01745	0.01338	0.01803	0.01803	0.01105	0.73997	0.02734	0.03665	0.01396	0.01396	0.00989	0.00698	0.00582	0.00175	0.00640	0.00524	0.00582	0.00989
47	0.83671	0.01125	0.00855	0.00765	0.01125	0.01305	0.00630	0.01709	0.00990	0.02609	0.00810	0.00945	0.00630	0.00540	0.00360	0.00180	0.00450	0.00315	0.00360	0.00630
48	0.00823	0.00594	0.00777	0.00732	0.00869	0.00549	0.00549	0.01097	0.01646	0.02332	0.75629	0.04344	0.05487	0.01189	0.00686	0.00183	0.00274	0.01052	0.00640	0.00549
49	0.00687	0.00589	0.00589	0.00589	0.00785	0.00491	0.00442	0.00835	0.01325	0.01571	0.05891	0.05596	0.75700	0.01473	0.00687	0.00196	0.00295	0.01227	0.00540	0.00491
50	0.01272	0.01272	0.01781	0.01527	0.01527	0.01781	0.01272	0.01399	0.00891	0.01399	0.00763	0.01272	0.00763	0.01018	0.01908	0.00254	0.78499	0.00509	0.00254	0.00636
51	0.02186	0.01617	0.01731	0.01333	0.01794	0.01792	0.01099	0.71729	0.05041	0.03626	0.01427	0.01421	0.01014	0.00701	0.00582	0.00175	0.00634	0.00528	0.00582	0.00987
52	0.83671	0.01125	0.00855	0.00765	0.01125	0.01305	0.00630	0.01709	0.00990	0.02609	0.00810	0.00945	0.00630	0.00540	0.00360	0.00180	0.00450	0.00315	0.00360	0.00630
53	0.00692	0.00589	0.00595	0.00594	0.00788	0.00493	0.00445	0.00843	0.01336	0.01595	0.08124	0.05556	0.73451	0.01464	0.00687	0.00196	0.00294	0.01222	0.00543	0.00493
54	0.00901	0.00674	0.00976	0.00955	0.01077	0.00782	0.00746	0.04764	0.01026	0.01468	0.01549	0.02239	0.01430	0.04174	0.73343	0.00896	0.01511	0.00618	0.00325	0.00543
55	0.00831	0.00623	0.00935	0.00935	0.01038	0.00727	0.00727	0.01038	0.00935	0.01350	0.01558	0.02285	0.01454	0.04361	0.77259	0.00935	0.01558	0.00623	0.00312	0.00519
56	0.01379	0.01280	0.01932	0.02679	0.49648	0.01325	0.01440	0.02057	0.21135	0.02016	0.01835	0.01981	0.07364	0.00670	0.00589	0.00181	0.00596	0.00615	0.00391	0.00885
57	0.01206	0.01034	0.01206	0.00861	0.01378	0.00775	0.00689	0.01464	0.01206	0.01895	0.01034	0.01206	0.00861	0.00431	0.00431	0.00086	0.00431	0.00345	0.00345	0.83118
58	0.32269	0.02101	0.40691	0.01261	0.01892	0.01284	0.01450	0.01890	0.01182	0.09515	0.01080	0.01196	0.00766	0.00564	0.00483	0.00182	0.00670	0.00402	0.00335	0.00786
59	0.02183	0.01615	0.01729	0.01332	0.01793	0.01790	0.01099	0.71394	0.05383	0.03620	0.01432	0.01425	0.01018	0.00701	0.00582	0.00175	0.00633	0.00528	0.00582	0.00986
60	0.00709	0.00506	0.00675	0.00810	0.00843	0.00472	0.00540	0.00810	0.01113	0.01484	0.03205	0.79184	0.03846	0.01822	0.00742	0.00236	0.00337	0.01653	0.00540	0.00472
61	0.01439	0.01382	0.02360	0.03569	0.75936	0.01382	0.01785	0.01785	0.01324	0.01900	0.01094	0.01439	0.00921	0.00518	0.00576	0.00173	0.00691	0.00518	0.00288	0.00921
62	0.02512	0.00965	0.01315	0.01023	0.01452	0.00835	0.00839	0.02731	0.01636	0.72516	0.02341	0.05922	0.01562	0.00776	0.00593	0.00183	0.00487	0.00639	0.00711	0.00963
63	0.01413	0.01395	0.02246	0.16983	0.56748	0.05241	0.04024	0.01760	0.01313	0.01799	0.01076	0.01444	0.00885	0.00533	0.00578	0.00176	0.00734	0.00516	0.00283	0.00854
64	0.00709	0.00506	0.00675	0.00810	0.00843	0.00472	0.00540	0.00810	0.01113	0.01484	0.03205	0.79184	0.03846	0.01822	0.00742	0.00236	0.00337	0.01653	0.00540	0.00472
65	0.01084	0.00542	0.00542	0.00542	0.00678	0.00542	0.00407	0.01355	0.01220	0.02168	0.01897	0.02168	0.01491	0.00678	0.00407	0.00136	0.00271	0.00542	0.82791	0.00542
66	0.05054	0.00621	0.00781	0.00733	0.00882	0.00587	0.00553	0.01129	0.01613	0.02346	0.71808	0.04170	0.05239	0.01156	0.00669	0.00183	0.00283	0.01014	0.00626	0.00553
67	0.01291	0.01575	0.09982	0.20066	0.05549	0.01415	0.47838	0.01770	0.01308	0.01774	0.01128	0.01528	0.00845	0.00518	0.00646	0.00194	0.00912	0.00617	0.00281	0.00764
68	0.83671	0.01125	0.00855	0.00765	0.01125	0.01305	0.00630	0.01709	0.00990	0.02609	0.00810	0.00945	0.00630	0.00540	0.00360	0.00180	0.00450	0.00315	0.00360	0.00630
69	0.02594	0.01014	0.01364	0.01046	0.01496	0.00890	0.00864	0.05509	0.01705	0.73607	0.02260	0.01957	0.01423	0.00719	0.00585	0.00180	0.00500	0.00582	0.00715	0.00990
70	0.04046	0.01055	0.01331	0.01063	0.01476	0.01003	0.00864	0.06881	0.13921	0.55420	0.02257	0.04857	0.01543	0.00768	0.00587	0.00185	0.00491	0.00628	0.00676	0.00951
71	0.00709	0.00506	0.00675	0.00810	0.00843	0.00472	0.00540	0.00810	0.01113	0.01484	0.03205	0.79184	0.03846	0.01822	0.00742	0.00236	0.00337	0.01653	0.00540	0.00472
72	0.01119	0.00672	0.00781	0.00747	0.00950	0.00606	0.00565	0.03949	0.01374	0.14186	0.04006	0.21411	0.34276	0.01314	0.00650	0.00197	0.00353	0.02626	0.09623	0.00595
73	0.00831	0.00623	0.00935	0.00935	0.01038	0.00727	0.00727	0.01038	0.00935	0.01350	0.01558	0.02285	0.01454	0.04361	0.77259	0.00935	0.01558	0.00623	0.00312	0.00519
74	0.01188	0.05932	0.71250	0.01659	0.02495	0.01391	0.04515	0.01838	0.01231	0.01824	0.01039	0.01228	0.00742	0.00548	0.00550	0.00182	0.00854	0.00434	0.00247	0.00853
75	0.00831	0.00620	0.00919	0.00919	0.01018	0.00719	0.00708	0.01029	0.00930	0.01339	0.01572	0.02362	0.01488	0.08202	0.73465	0.00916	0.01507	0.00634	0.00314	0.00511
76	0.01084	0.00542	0.00542	0.00542	0.00678	0.00542	0.00407	0.01355	0.01220	0.02168	0.01897	0.02168	0.01491	0.00678	0.00407	0.00136	0.00271	0.00542	0.82791	0.00542

[dist]
# distance from previous block
# <min> <max>
0	1

[block]
# block no. 1 follows, 40 sequences, length 10
# corresponding to MSA columns:
# 350-359
name=unknown_B
#
# <colnr> <probs for GDERKNQSTAVLIFYWHMCP>
#	G	D	E	R	K	N	Q	S	T	A	V	L	I	F	Y	W	H	M	C	P
0	0.01314	0.01387	0.02775	0.08753	0.22932	0.01350	0.42198	0.01724	0.01321	0.01811	0.01309	0.07908	0.01128	0.00615	0.00652	0.00193	0.00832	0.00706	0.00310	0.00785
1	0.01327	0.01223	0.02043	0.03012	0.59275	0.01223	0.01596	0.01655	0.01327	0.01864	0.01536	0.02581	0.01462	0.00761	0.00626	0.00194	0.00656	0.16459	0.00343	0.00835
2	0.61527	0.01018	0.00905	0.00883	0.04410	0.01139	0.00663	0.01576	0.01151	0.02516	0.17502	0.01725	0.01726	0.00684	0.00442	0.00180	0.00421	0.00488	0.00419	0.00625
3	0.00702	0.00580	0.00615	0.00627	0.00799	0.00494	0.00462	0.00855	0.01330	0.01628	0.11708	0.13821	0.61398	0.01487	0.00693	0.00200	0.00298	0.01260	0.00549	0.00494
4	0.01490	0.01155	0.01309	0.01008	0.01421	0.01103	0.00811	0.28076	0.01866	0.02644	0.17797	0.01975	0.01940	0.00698	0.00543	0.00140	0.00473	0.00568	0.00498	0.34485
5	0.00831	0.00623	0.00935	0.00935	0.01038	0.00727	0.00727	0.01038	0.00935	0.01350	0.01558	0.02285	0.01454	0.04361	0.77259	0.00935	0.01558	0.00623	0.00312	0.00519
6	0.01476	0.01475	0.02247	0.09515	0.63519	0.08032	0.01713	0.01807	0.01339	0.01824	0.01072	0.01414	0.00894	0.00530	0.00572	0.00172	0.00729	0.00505	0.00286	0.00877
7	0.01327	0.01457	0.03046	0.16352	0.08517	0.01432	0.55404	0.01788	0.01331	0.01797	0.01144	0.01556	0.00866	0.00509	0.00659	0.00194	0.00922	0.00643	0.00287	0.00769
8	0.01068	0.00534	0.00590	0.00590	0.00695	0.00534	0.00428	0.01222	0.01117	0.01910	0.01699	0.02079	0.01383	0.00977	0.00823	0.18627	0.00323	0.00534	0.64391	0.00477
9	0.65201	0.01006	0.00837	0.00757	0.01068	0.01136	0.00612	0.01573	0.01136	0.02547	0.17490	0.01702	0.01713	0.00685	0.00433	0.00181	0.00411	0.00479	0.00422	0.00612

[dist]
# distance from previous block
# <min> <max>
0	1

[block]
# block no. 2 follows, 40 sequences, length 54
# corresponding to MSA columns:
# 361-414
name=unknown_C
#
# <colnr> <probs for GDERKNQSTAVLIFYWHMCP>
#	G	D	E	R	K	N	Q	S	T	A	V	L	I	F	Y	W	H	M	C	P
0	0.01425	0.01362	0.02321	0.03499	0.73842	0.01362	0.01761	0.01768	0.01325	0.01895	0.01149	0.01583	0.00989	0.00549	0.00582	0.00175	0.00686	0.02521	0.00295	0.00910
1	0.00709	0.00506	0.00675	0.00810	0.00843	0.00472	0.00540	0.00810	0.01113	0.01484	0.03205	0.79184	0.03846	0.01822	0.00742	0.00236	0.00337	0.01653	0.00540	0.00472
2	0.00687	0.00589	0.00589	0.00589	0.00785	0.00491	0.00442	0.00835	0.01325	0.01571	0.05891	0.05596	0.75700	0.01473	0.00687	0.00196	0.00295	0.01227	0.00540	0.00491
3	0.00823	0.00594	0.00777	0.00732	0.00869	0.00549	0.00549	0.01097	0.01646	0.02332	0.75629	0.04344	0.05487	0.01189	0.00686	0.00183	0.00274	0.01052	0.00640	0.00549
4	0.02609	0.00990	0.01350	0.01035	0.01484	0.00855	0.00855	0.02834	0.01664	0.76338	0.02294	0.01979	0.01439	0.00720	0.00585	0.00180	0.00495	0.00585	0.00720	0.00990
5	0.00964	0.00623	0.00819	0.00760	0.00918	0.00570	0.00573	0.01226	0.01623	0.08340	0.66297	0.07602	0.05081	0.01180	0.00680	0.00185	0.00295	0.01041	0.00642	0.00581
6	0.01211	0.09633	0.67209	0.01676	0.05345	0.01434	0.02034	0.01831	0.01228	0.01803	0.01025	0.01210	0.00745	0.00546	0.00538	0.00179	0.00832	0.00423	0.00248	0.00852
7	0.01357	0.01533	0.03286	0.05515	0.03009	0.01478	0.67515	0.01826	0.01342	0.01826	0.01152	0.01554	0.00872	0.00518	0.00738	0.00199	0.04547	0.00671	0.00291	0.00772
8	0.01182	0.05633	0.70973	0.01603	0.02436	0.01361	0.02050	0.01823	0.01225	0.01827	0.01035	0.01217	0.00742	0.00546	0.00541	0.00178	0.00834	0.00422	0.00250	0.04124
9	0.01166	0.03008	0.76550	0.01657	0.02517	0.01351	0.02149	0.01842	0.01228	0.01842	0.01044	0.01228	0.00737	0.00552	0.00552	0.00184	0.00859	0.00430	0.00246	0.00859
10	0.00695	0.00583	0.00605	0.00614	0.00794	0.00492	0.00455	0.00845	0.01323	0.01599	0.08876	0.11551	0.66602	0.01488	0.00692	0.00199	0.00297	0.01254	0.00545	0.00492
11	0.01206	0.01034	0.01206	0.00861	0.01378	0.00775	0.00689	0.01464	0.01206	0.01895	0.01034	0.01206	0.00861	0.00431	0.00431	0.00086	0.00431	0.00345	0.00345	0.83118
12	0.01098	0.01034	0.01744	0.78165	0.04005	0.01292	0.01615	0.01486	0.01163	0.01486	0.01034	0.01550	0.00775	0.00581	0.00581	0.00194	0.00775	0.00517	0.00258	0.00646
13	0.00709	0.00506	0.00675	0.00810	0.00843	0.00472	0.00540	0.00810	0.01113	0.01484	0.03205	0.79184	0.03846	0.01822	0.00742	0.00236	0.00337	0.01653	0.00540	0.00472
14	0.01374	0.01451	0.02877	0.09424	0.30960	0.01421	0.40070	0.01800	0.01336	0.01844	0.01133	0.01518	0.00888	0.00509	0.00635	0.00187	0.00852	0.00607	0.00289	0.00825
15	0.02609	0.00990	0.01350	0.01035	0.01484	0.00855	0.00855	0.02834	0.01664	0.76338	0.02294	0.01979	0.01439	0.00720	0.00585	0.00180	0.00495	0.00585	0.00720	0.00990
16	0.00709	0.00506	0.00675	0.00810	0.00843	0.00472	0.00540	0.00810	0.01113	0.01484	0.03205	0.79184	0.03846	0.01822	0.00742	0.00236	0.00337	0.01653	0.00540	0.00472
17	0.00831	0.00623	0.00935	0.00935	0.01038	0.00727	0.00727	0.01038	0.00935	0.01350	0.01558	0.02285	0.01454	0.04361	0.77259	0.00935	0.01558	0.00623	0.00312	0.00519
18	0.01174	0.02952	0.73729	0.01688	0.02537	0.01355	0.04914	0.01842	0.01233	0.01842	0.01049	0.01241	0.00742	0.00550	0.00558	0.00185	0.00864	0.00440	0.00247	0.00857
19	0.01118	0.01054	0.01781	0.73743	0.08269	0.01297	0.01625	0.01504	0.01172	0.01510	0.01037	0.01544	0.00784	0.00578	0.00581	0.00193	0.00770	0.00517	0.00260	0.00662
20	0.83671	0.01125	0.00855	0.00765	0.01125	0.01305	0.00630	0.01709	0.00990	0.02609	0.00810	0.00945	0.00630	0.00540	0.00360	0.00180	0.00450	0.00315	0.00360	0.00630
21	0.00789	0.00616	0.00939	0.02561	0.01115	0.00586	0.06431	0.00942	0.01155	0.01537	0.02988	0.65056	0.03503	0.01671	0.00740	0.00235	0.00415	0.07701	0.00514	0.00506
22	0.01384	0.01537	0.03251	0.02639	0.15316	0.01456	0.61691	0.01850	0.01364	0.01869	0.01163	0.01547	0.00889	0.00495	0.00668	0.00192	0.00932	0.00658	0.00293	0.00807
23	0.02172	0.02772	0.01648	0.01498	0.01798	0.77228	0.01124	0.02322	0.01648	0.01423	0.00899	0.01049	0.00749	0.00599	0.00524	0.00150	0.01049	0.00375	0.00300	0.00674
24	0.47526	0.08055	0.01372	0.01199	0.06787	0.23244	0.00886	0.01894	0.01219	0.02115	0.00856	0.01010	0.00695	0.00552	0.00424	0.00166	0.00654	0.00347	0.00328	0.00673
25	0.00820	0.00594	0.00772	0.00728	0.00867	0.00547	0.00546	0.01091	0.01638	0.02312	0.73842	0.04376	0.07286	0.01196	0.00686	0.00183	0.00275	0.01056	0.00638	0.00547
26	0.01253	0.01339	0.04031	0.26461	0.03065	0.01297	0.37160	0.01676	0.01275	0.01747	0.01104	0.01496	0.00842	0.00511	0.00608	0.00177	0.00822	0.00570	0.00290	0.14277
27	0.59979	0.23856	0.01487	0.00831	0.01231	0.01592	0.00735	0.01719	0.01045	0.02251	0.00809	0.00941	0.00663	0.00528	0.00364	0.00164	0.00499	0.00314	0.00328	0.00663
28	0.00709	0.00506	0.00675	0.00810	0.00843	0.00472	0.00540	0.00810	0.01113	0.01484	0.03205	0.79184	0.03846	0.01822	0.00742	0.00236	0.00337	0.01653	0.00540	0.00472
29	0.01296	0.01158	0.01792	0.56904	0.11266	0.01375	0.01537	0.11160	0.04429	0.01857	0.01143	0.01544	0.00860	0.00599	0.00581	0.00189	0.00735	0.00524	0.00318	0.00732
30	0.00709	0.00524	0.00664	0.00769	0.00834	0.00479	0.00523	0.00825	0.01171	0.01533	0.06564	0.63540	0.16264	0.01737	0.00731	0.00227	0.00327	0.01556	0.00544	0.00479
31	0.00699	0.00586	0.00608	0.00611	0.00795	0.00495	0.00455	0.00855	0.01342	0.01629	0.11435	0.08876	0.66692	0.01466	0.00690	0.00197	0.00295	0.01233	0.00548	0.00495
32	0.14328	0.21343	0.02822	0.01752	0.02270	0.04116	0.39916	0.01814	0.01270	0.01841	0.01014	0.01285	0.00804	0.00502	0.00545	0.00171	0.00796	0.00515	0.00294	0.02602
33	0.05189	0.01356	0.02422	0.01808	0.03700	0.01287	0.37592	0.08053	0.03948	0.23403	0.01532	0.01651	0.01069	0.00583	0.00621	0.00185	0.00749	0.00612	0.00454	0.03785
34	0.01296	0.04023	0.42084	0.02488	0.34961	0.01386	0.01962	0.01814	0.01269	0.01857	0.01061	0.01315	0.00818	0.00536	0.00559	0.00178	0.00780	0.00466	0.00264	0.00884
35	0.15758	0.48550	0.16425	0.01081	0.01621	0.01890	0.01143	0.01799	0.01177	0.04748	0.00914	0.01033	0.00753	0.00524	0.00413	0.00148	0.00632	0.00345	0.00287	0.00757
36	0.00687	0.00589	0.00589	0.00589	0.00785	0.00491	0.00442	0.00835	0.01325	0.01571	0.05891	0.05596	0.75700	0.01473	0.00687	0.00196	0.00295	0.01227	0.00540	0.00491
37	0.01348	0.01336	0.02419	0.20673	0.45527	0.01378	0.15298	0.01730	0.01296	0.01797	0.01095	0.01489	0.00880	0.00528	0.00598	0.00182	0.00765	0.00549	0.00282	0.00832
38	0.01398	0.01773	0.23889	0.02634	0.43291	0.01279	0.01759	0.01825	0.01320	0.06920	0.01323	0.01832	0.01100	0.00631	0.00588	0.00184	0.00714	0.06339	0.00325	0.00876
39	0.01367	0.01308	0.02230	0.19377	0.60693	0.01363	0.01749	0.01721	0.01290	0.01812	0.01081	0.01463	0.00890	0.00532	0.00577	0.00177	0.00709	0.00518	0.00282	0.00863
40	0.01166	0.03008	0.76550	0.01657	0.02517	0.01351	0.02149	0.01842	0.01228	0.01842	0.01044	0.01228	0.00737	0.00552	0.00552	0.00184	0.00859	0.00430	0.00246	0.00859
41	0.01206	0.01034	0.01206	0.00861	0.01378	0.00775	0.00689	0.01464	0.01206	0.01895	0.01034	0.01206	0.00861	0.00431	0.00431	0.00086	0.00431	0.00345	0.00345	0.83118
42	0.00832	0.00617	0.00902	0.00902	0.00994	0.00709	0.00686	0.01017	0.00925	0.01326	0.01588	0.02451	0.01526	0.12579	0.69140	0.00894	0.01449	0.00647	0.00316	0.00501
43	0.01084	0.00542	0.00542	0.00542	0.00678	0.00542	0.00407	0.01355	0.01220	0.02168	0.01897	0.02168	0.01491	0.00678	0.00407	0.00136	0.00271	0.00542	0.82791	0.00542
44	0.01098	0.01034	0.01744	0.78165	0.04005	0.01292	0.01615	0.01486	0.01163	0.01486	0.01034	0.01550	0.00775	0.00581	0.00581	0.00194	0.00775	0.00517	0.00258	0.00646
45	0.83671	0.01125	0.00855	0.00765	0.01125	0.01305	0.00630	0.01709	0.00990	0.02609	0.00810	0.00945	0.00630	0.00540	0.00360	0.00180	0.00450	0.00315	0.00360	0.00630
46	0.00748	0.00567	0.00760	0.07096	0.01097	0.00548	0.00616	0.00893	0.01189	0.01568	0.09562	0.57428	0.12523	0.01624	0.00718	0.00223	0.00363	0.01457	0.00525	0.00495
47	0.00950	0.00699	0.01003	0.07370	0.01434	0.00720	0.00992	0.01228	0.01324	0.01719	0.02912	0.06150	0.03137	0.01523	0.00785	0.00262	0.00555	0.66179	0.00513	0.00545
48	0.02491	0.01155	0.07494	0.01086	0.01569	0.00895	0.00960	0.02753	0.01629	0.70252	0.02192	0.01918	0.01382	0.00706	0.00582	0.00180	0.00525	0.00572	0.00681	0.00979
49	0.00699	0.00556	0.00628	0.00681	0.00811	0.00485	0.00484	0.00830	0.01247	0.01553	0.06350	0.35272	0.45143	0.01607	0.00709	0.00212	0.00311	0.01395	0.00542	0.00485
50	0.01508	0.70573	0.11974	0.01075	0.01617	0.02186	0.01135	0.01753	0.01187	0.01426	0.00837	0.00969	0.00745	0.00504	0.00395	0.00132	0.00651	0.00325	0.00248	0.00760
51	0.01490	0.00934	0.00976	0.00829	0.01083	0.00997	0.00658	0.27544	0.01766	0.02708	0.01716	0.01890	0.01310	0.00685	0.00470	0.00150	0.00404	0.00535	0.53153	0.00703
52	0.01288	0.01082	0.01250	0.00900	0.01413	0.00859	0.00723	0.07391	0.01331	0.02040	0.01063	0.01221	0.00872	0.00453	0.00443	0.00093	0.00448	0.00359	0.00364	0.76408
53	0.00962	0.00815	0.01185	0.01110	0.01183	0.01039	0.00889	0.01145	0.00922	0.01365	0.01322	0.01985	0.01249	0.03371	0.54928	0.00733	0.24359	0.00589	0.00295	0.00554

[dist]
# distance from previous block
# <min> <max>
5	8

[block]
# block no. 3 follows, 40 sequences, length 21
# corresponding to MSA columns:
# 423-443
name=unknown_D
#
# <colnr> <probs for GDERKNQSTAVLIFYWHMCP>
#	G	D	E	R	K	N	Q	S	T	A	V	L	I	F	Y	W	H	M	C	P
0	0.00872	0.00596	0.00894	0.00894	0.00974	0.00676	0.00676	0.00974	0.00894	0.01272	0.01431	0.02165	0.01351	0.03821	0.59954	0.19892	0.01315	0.00596	0.00298	0.00458
1	0.01200	0.01213	0.02281	0.51166	0.08147	0.01350	0.22996	0.01616	0.01235	0.01623	0.01080	0.01549	0.00816	0.00551	0.00612	0.00193	0.00831	0.00567	0.00271	0.00704
2	0.19141	0.01405	0.05206	0.05476	0.02457	0.01337	0.44250	0.01742	0.01271	0.01993	0.01286	0.01947	0.01077	0.00625	0.00618	0.00200	0.00804	0.08114	0.00330	0.00721
3	0.00954	0.00736	0.00888	0.00825	0.01006	0.00741	0.00626	0.01521	0.17507	0.02330	0.57534	0.03913	0.06916	0.01111	0.00666	0.00186	0.00315	0.00972	0.00626	0.00627
4	0.02305	0.00999	0.01318	0.00997	0.01461	0.00837	0.00819	0.02537	0.01565	0.60206	0.02021	0.01812	0.01314	0.00657	0.00551	0.00160	0.00481	0.00533	0.00638	0.18787
5	0.00798	0.00611	0.00902	0.00910	0.00983	0.00580	0.06795	0.00909	0.01073	0.01433	0.02708	0.54776	0.03184	0.19999	0.01259	0.00310	0.00446	0.01380	0.00475	0.00471
6	0.01896	0.01397	0.01579	0.06558	0.01828	0.01466	0.01025	0.44775	0.06385	0.07519	0.01403	0.01446	0.01019	0.00639	0.00550	0.00158	0.00585	0.00496	0.00517	0.18759
7	0.00876	0.00571	0.00764	0.00764	0.00799	0.00607	0.00513	0.00892	0.00857	0.01178	0.01560	0.02844	0.01649	0.37077	0.28185	0.18572	0.00890	0.00696	0.00317	0.00388
8	0.16162	0.00932	0.01180	0.01095	0.05866	0.00882	0.00805	0.02136	0.01407	0.42768	0.02161	0.18497	0.01789	0.00915	0.00579	0.00192	0.00465	0.00765	0.00592	0.00811
9	0.01315	0.06180	0.06053	0.05147	0.12529	0.01312	0.29887	0.01745	0.03959	0.04115	0.01607	0.02600	0.01447	0.00778	0.00698	0.00205	0.03240	0.16069	0.00362	0.00752
10	0.19327	0.58409	0.06807	0.00983	0.01472	0.02030	0.00982	0.01740	0.01143	0.01664	0.00822	0.00952	0.00720	0.00510	0.00381	0.00140	0.00598	0.00319	0.00273	0.00728
11	0.00846	0.00564	0.00634	0.00634	0.00634	0.00564	0.00352	0.00846	0.00846	0.01128	0.01832	0.03805	0.02114	0.79563	0.02960	0.00564	0.00564	0.00846	0.00352	0.00352
12	0.01277	0.01528	0.10215	0.18701	0.05663	0.01359	0.43855	0.01745	0.01301	0.01799	0.01174	0.01563	0.00883	0.00529	0.00629	0.00190	0.00870	0.00609	0.05359	0.00752
13	0.01287	0.14245	0.60900	0.01553	0.02336	0.01474	0.03639	0.01868	0.01242	0.04794	0.01063	0.01223	0.00770	0.00550	0.00531	0.00175	0.00812	0.00425	0.00266	0.00846
14	0.02144	0.00897	0.01227	0.01025	0.01388	0.00797	0.00855	0.02381	0.01593	0.55909	0.06689	0.03108	0.02086	0.00939	0.00638	0.00199	0.00491	0.16092	0.00675	0.00866
15	0.83671	0.01125	0.00855	0.00765	0.01125	0.01305	0.00630	0.01709	0.00990	0.02609	0.00810	0.00945	0.00630	0.00540	0.00360	0.00180	0.00450	0.00315	0.00360	0.00630
16	0.65876	0.18198	0.01330	0.00815	0.01204	0.01520	0.00709	0.01716	0.01031	0.02340	0.00809	0.00942	0.00655	0.00531	0.00363	0.00168	0.00487	0.00314	0.00336	0.00655
17	0.01765	0.01424	0.01916	0.01482	0.01911	0.01519	0.16760	0.33330	0.19537	0.05790	0.03294	0.01825	0.01327	0.04512	0.00725	0.00204	0.00653	0.00621	0.00518	0.00888
18	0.00864	0.00689	0.00961	0.17492	0.01537	0.00702	0.00765	0.01145	0.01497	0.02044	0.49851	0.03911	0.14143	0.01096	0.00663	0.00187	0.00386	0.00960	0.00544	0.00562
19	0.00837	0.00652	0.00945	0.17566	0.01551	0.00682	0.00794	0.01049	0.01258	0.01694	0.19973	0.38504	0.03503	0.03169	0.00748	0.00224	0.00434	0.05389	0.00498	0.00529
20	0.19255	0.01220	0.01255	0.03211	0.03481	0.01410	0.00899	0.02713	0.54941	0.02431	0.01960	0.01868	0.01477	0.00722	0.00541	0.00193	0.00473	0.00576	0.00524	0.00850

[dist]
# distance from previous block
# <min> <max>
0	1

[block]
# block no. 4 follows, 40 sequences, length 28
# corresponding to MSA columns:
# 445-472
name=unknown_E
#
# <colnr> <probs for GDERKNQSTAVLIFYWHMCP>
#	G	D	E	R	K	N	Q	S	T	A	V	L	I	F	Y	W	H	M	C	P
0	0.04828	0.29091	0.07715	0.01472	0.03445	0.29080	0.10714	0.04342	0.01425	0.01620	0.00932	0.01106	0.00772	0.00546	0.00492	0.00152	0.00836	0.00403	0.00289	0.00741
1	0.01057	0.00675	0.00885	0.10909	0.01207	0.00706	0.00609	0.01153	0.00980	0.08872	0.01745	0.03162	0.01800	0.53202	0.10233	0.00515	0.00689	0.00752	0.00373	0.00474
2	0.01157	0.02748	0.66706	0.11725	0.02713	0.01343	0.02078	0.01795	0.01219	0.01795	0.01042	0.01270	0.00742	0.00556	0.00556	0.00185	0.00848	0.00441	0.00247	0.00831
3	0.01014	0.00749	0.01164	0.00978	0.01195	0.00690	0.10211	0.01313	0.01611	0.07169	0.60977	0.03822	0.04613	0.01066	0.00679	0.00184	0.00382	0.00973	0.00600	0.00609
4	0.01561	0.09813	0.15569	0.02349	0.34682	0.07039	0.01571	0.11748	0.06427	0.02076	0.01168	0.01364	0.00924	0.00571	0.00549	0.00170	0.00718	0.00481	0.00337	0.00883
5	0.05388	0.59569	0.04951	0.01060	0.01545	0.04778	0.01023	0.11265	0.01396	0.01757	0.00915	0.01029	0.00785	0.00534	0.00411	0.00136	0.00633	0.00349	0.01706	0.00770
6	0.00719	0.00599	0.00633	0.00650	0.00839	0.00513	0.00504	0.00881	0.01327	0.01592	0.05535	0.05718	0.66545	0.01490	0.00702	0.00205	0.00325	0.10185	0.00539	0.00497
7	0.03813	0.02090	0.35513	0.01676	0.10330	0.01353	0.04188	0.11851	0.08957	0.02190	0.01229	0.01372	0.00916	0.00574	0.00546	0.00170	0.00706	0.00470	0.00350	0.11705
8	0.00957	0.00724	0.00954	0.01040	0.03425	0.00726	0.00827	0.01359	0.08915	0.01950	0.21352	0.06383	0.08184	0.01379	0.00737	0.00231	0.00449	0.39259	0.00560	0.00586
9	0.12808	0.00973	0.01145	0.00934	0.01291	0.03590	0.00754	0.02223	0.01558	0.45396	0.17657	0.02450	0.05070	0.00820	0.00578	0.00180	0.00455	0.00665	0.00633	0.00818
10	0.04172	0.01597	0.11891	0.05305	0.43175	0.04301	0.04318	0.02006	0.08837	0.06863	0.01281	0.01499	0.00996	0.00569	0.00570	0.00178	0.00696	0.00519	0.00344	0.00884
11	0.01124	0.02686	0.66560	0.01523	0.02269	0.01247	0.01912	0.01711	0.01177	0.01748	0.01147	0.01567	0.00918	0.10949	0.00869	0.00234	0.00821	0.00484	0.00260	0.00793
12	0.06890	0.03917	0.01699	0.01281	0.01728	0.04252	0.01058	0.63403	0.02515	0.03408	0.01444	0.01453	0.02879	0.00700	0.00564	0.00173	0.00633	0.00518	0.00549	0.00938
13	0.01223	0.01035	0.01302	0.00965	0.01407	0.00851	0.05509	0.05825	0.01261	0.01893	0.01206	0.02880	0.01085	0.10887	0.00795	0.00164	0.00496	0.00466	0.00360	0.60389
14	0.02176	0.01434	0.04374	0.01214	0.01683	0.01422	0.01029	0.45093	0.02250	0.23688	0.01777	0.01694	0.03794	0.00713	0.00578	0.00173	0.00585	0.00553	0.00594	0.05178
15	0.37701	0.16674	0.01601	0.27200	0.02186	0.01489	0.01042	0.01661	0.01100	0.03419	0.00915	0.01169	0.00718	0.00549	0.00442	0.00174	0.00596	0.00388	0.00310	0.00665
16	0.02031	0.01489	0.01599	0.01245	0.01650	0.01640	0.01006	0.64371	0.02486	0.03331	0.01454	0.01713	0.01137	0.11076	0.00895	0.00226	0.00630	0.00566	0.00552	0.00905
17	0.01310	0.01205	0.07935	0.01758	0.22757	0.01044	0.03443	0.01818	0.11916	0.09590	0.14815	0.02687	0.12916	0.00832	0.00611	0.00181	0.00523	0.00733	0.00471	0.03455
18	0.01698	0.55584	0.08277	0.01140	0.01649	0.06967	0.03908	0.01936	0.01287	0.11292	0.01042	0.01125	0.00842	0.00537	0.00437	0.00141	0.00665	0.00375	0.00316	0.00784
19	0.78629	0.01240	0.05480	0.00819	0.01210	0.01307	0.00723	0.01717	0.01004	0.02562	0.00824	0.00962	0.00636	0.00541	0.00372	0.00180	0.00475	0.00322	0.00353	0.00644
20	0.01082	0.00946	0.01154	0.01167	0.01351	0.08535	0.05730	0.01379	0.03452	0.01735	0.05064	0.08995	0.05782	0.01399	0.00750	0.00242	0.00588	0.49575	0.00501	0.00573
21	0.01448	0.09579	0.08152	0.02911	0.50988	0.03995	0.08588	0.01850	0.03586	0.01838	0.01102	0.01393	0.00906	0.00527	0.00563	0.00171	0.00729	0.00506	0.00291	0.00877
22	0.00905	0.00925	0.08727	0.01062	0.01234	0.00886	0.00922	0.01153	0.00960	0.01405	0.01433	0.02085	0.01318	0.03668	0.62573	0.00796	0.08490	0.00593	0.00300	0.00565
23	0.01177	0.01003	0.01175	0.00858	0.01347	0.00758	0.00680	0.01426	0.01200	0.01871	0.01160	0.05742	0.01035	0.00512	0.00449	0.00095	0.00425	0.00421	0.00356	0.78310
24	0.00725	0.00579	0.00650	0.00657	0.00815	0.00503	0.00483	0.00899	0.01378	0.01756	0.23546	0.15663	0.47397	0.01449	0.00695	0.00199	0.00295	0.01242	0.00566	0.00503
25	0.01296	0.00761	0.01003	0.00881	0.01086	0.00745	0.00695	0.01528	0.01526	0.20391	0.40035	0.04716	0.11209	0.01103	0.00789	0.00193	0.08319	0.02456	0.00606	0.00659
26	0.00864	0.00813	0.00732	0.00709	0.00904	0.08331	0.00531	0.01036	0.01419	0.01699	0.18462	0.04898	0.54883	0.01330	0.00670	0.00189	0.00368	0.01107	0.00534	0.00520
27	0.01318	0.01323	0.01933	0.46242	0.27019	0.09069	0.01620	0.01668	0.01264	0.01613	0.01039	0.01463	0.00820	0.00563	0.00574	0.00182	0.00776	0.00503	0.00272	0.00738

[dist]
# distance from previous block
# <min> <max>
0	1

[block]
# block no. 5 follows, 40 sequences, length 22
# corresponding to MSA columns:
# 474-495
name=unknown_F
#
# <colnr> <probs for GDERKNQSTAVLIFYWHMCP>
#	G	D	E	R	K	N	Q	S	T	A	V	L	I	F	Y	W	H	M	C	P
0	0.02226	0.05791	0.05066	0.01545	0.01907	0.58785	0.01212	0.12322	0.01839	0.01885	0.01114	0.01298	0.00917	0.00699	0.00588	0.00180	0.01002	0.00442	0.00383	0.00800
1	0.01865	0.05009	0.01668	0.01412	0.04548	0.08463	0.01072	0.24907	0.35023	0.02738	0.01975	0.01974	0.03090	0.00816	0.00630	0.00204	0.00629	0.00617	0.00571	0.02790
2	0.01567	0.01487	0.02523	0.03507	0.67981	0.01458	0.08133	0.01880	0.01412	0.02020	0.01240	0.01640	0.01049	0.00610	0.00644	0.00200	0.00759	0.00577	0.00337	0.00975
3	0.80484	0.01149	0.00894	0.00792	0.01156	0.01327	0.00651	0.04463	0.01061	0.02655	0.00840	0.00972	0.00651	0.00551	0.00372	0.00181	0.00460	0.00325	0.00371	0.00647
4	0.01313	0.05692	0.56543	0.01902	0.13141	0.07760	0.01967	0.01874	0.01280	0.01803	0.01037	0.01243	0.00772	0.00554	0.00550	0.00179	0.00844	0.00436	0.00259	0.00852
5	0.01174	0.03011	0.76467	0.01662	0.02521	0.01354	0.02150	0.01846	0.01232	0.01848	0.01051	0.01238	0.00744	0.00557	0.00556	0.00185	0.00861	0.00432	0.00248	0.00863
6	0.00778	0.00598	0.00710	0.00682	0.00842	0.00531	0.00511	0.01001	0.01526	0.02043	0.48523	0.04836	0.32699	0.01303	0.00689	0.00189	0.00285	0.01121	0.00603	0.00530
7	0.01164	0.01127	0.01981	0.47336	0.03236	0.01329	0.15131	0.01523	0.01165	0.01575	0.01098	0.01593	0.00865	0.00820	0.04703	0.00239	0.10233	0.00557	0.03662	0.00664
8	0.01167	0.00621	0.00629	0.00601	0.00759	0.00632	0.00457	0.06250	0.01326	0.02275	0.01870	0.02125	0.01463	0.00684	0.00422	0.00140	0.00299	0.00543	0.77163	0.00576
9	0.01391	0.01316	0.02578	0.30204	0.06902	0.01350	0.37220	0.01810	0.01323	0.08258	0.01225	0.01601	0.00901	0.00550	0.00636	0.00194	0.00850	0.00609	0.00321	0.00762
10	0.00929	0.00760	0.01036	0.01001	0.01088	0.02874	0.00775	0.01105	0.00945	0.01346	0.01474	0.02270	0.01415	0.10442	0.59404	0.00798	0.10878	0.00624	0.00310	0.00527
11	0.00816	0.00593	0.00766	0.00735	0.00868	0.00545	0.00546	0.01069	0.01596	0.02239	0.66820	0.09726	0.08985	0.01253	0.00693	0.00189	0.00283	0.01105	0.00630	0.00544
12	0.00784	0.00571	0.00736	0.00752	0.00860	0.00525	0.00542	0.00991	0.01455	0.02010	0.47199	0.28620	0.09941	0.01418	0.00707	0.00202	0.00299	0.01260	0.00603	0.00524
13	0.01610	0.01258	0.01353	0.01186	0.01535	0.01423	0.00931	0.08102	0.63268	0.09001	0.02297	0.02107	0.01696	0.00781	0.00593	0.00195	0.00479	0.00644	0.00604	0.00935
14	0.01091	0.00548	0.00548	0.00547	0.00684	0.00547	0.00410	0.01360	0.01224	0.02174	0.01903	0.02177	0.01497	0.00682	0.00410	0.00137	0.00274	0.00544	0.82697	0.00546
15	0.24758	0.01032	0.01219	0.00966	0.01391	0.00982	0.00796	0.02530	0.01484	0.56117	0.01895	0.01706	0.01225	0.00675	0.00526	0.00181	0.00485	0.00513	0.00623	0.00895
16	0.83581	0.01130	0.00860	0.00770	0.01130	0.01308	0.00633	0.01714	0.00994	0.02615	0.00817	0.00955	0.00637	0.00545	0.00363	0.00181	0.00452	0.00317	0.00362	0.00634
17	0.00716	0.00512	0.00680	0.00815	0.00849	0.00477	0.00543	0.00815	0.01118	0.01491	0.03210	0.79102	0.03850	0.01825	0.00745	0.00237	0.00340	0.01654	0.00542	0.00476
18	0.00882	0.00688	0.01007	0.00982	0.01071	0.00825	0.00764	0.01069	0.00931	0.01351	0.01501	0.02271	0.01426	0.07794	0.66169	0.00851	0.08956	0.00625	0.00311	0.00526
19	0.02217	0.01633	0.01750	0.01342	0.01808	0.01806	0.01108	0.73916	0.02737	0.03669	0.01403	0.01406	0.00996	0.00703	0.00585	0.00176	0.00642	0.00526	0.00584	0.00992
20	0.01562	0.79826	0.03050	0.01000	0.01498	0.02304	0.00998	0.01746	0.01186	0.01375	0.00816	0.00943	0.00753	0.00502	0.00376	0.00126	0.00624	0.00314	0.00251	0.00750
21	0.01106	0.01039	0.01749	0.78080	0.04007	0.01296	0.01617	0.01491	0.01167	0.01493	0.01041	0.01560	0.00782	0.00586	0.00584	0.00195	0.00777	0.00519	0.00261	0.00650

[dist]
# distance from previous block
# <min> <max>
3	67

[block]
# block no. 6 follows, 40 sequences, length 22
# corresponding to MSA columns:
# 563-584
name=unknown_G
#
# <colnr> <probs for GDERKNQSTAVLIFYWHMCP>
#	G	D	E	R	K	N	Q	S	T	A	V	L	I	F	Y	W	H	M	C	P
0	0.00838	0.00561	0.00636	0.00644	0.00645	0.00559	0.00362	0.00844	0.00860	0.01146	0.01905	0.07788	0.02206	0.75456	0.02843	0.00546	0.00552	0.00888	0.00362	0.00359
1	0.01439	0.01382	0.02360	0.03569	0.75936	0.01382	0.01785	0.01785	0.01324	0.01900	0.01094	0.01439	0.00921	0.00518	0.00576	0.00173	0.00691	0.00518	0.00288	0.00921
2	0.01098	0.01034	0.01744	0.78165	0.04005	0.01292	0.01615	0.01486	0.01163	0.01486	0.01034	0.01550	0.00775	0.00581	0.00581	0.00194	0.00775	0.00517	0.00258	0.00646
3	0.01166	0.03008	0.76550	0.01657	0.02517	0.01351	0.02149	0.01842	0.01228	0.01842	0.01044	0.01228	0.00737	0.00552	0.00552	0.00184	0.00859	0.00430	0.00246	0.00859
4	0.83671	0.01125	0.00855	0.00765	0.01125	0.01305	0.00630	0.01709	0.00990	0.02609	0.00810	0.00945	0.00630	0.00540	0.00360	0.00180	0.00450	0.00315	0.00360	0.00630
5	0.00831	0.00623	0.00935	0.00935	0.01038	0.00727	0.00727	0.01038	0.00935	0.01350	0.01558	0.02285	0.01454	0.04361	0.77259	0.00935	0.01558	0.00623	0.00312	0.00519
6	0.01329	0.01284	0.02010	0.37420	0.35133	0.04575	0.01642	0.03580	0.01285	0.01719	0.01054	0.01466	0.00843	0.00574	0.00627	0.00185	0.03707	0.00511	0.00281	0.00776
7	0.01109	0.00848	0.01024	0.00831	0.01174	0.00680	0.00631	0.01319	0.01233	0.05382	0.09462	0.17583	0.02063	0.05765	0.00687	0.00161	0.00407	0.00728	0.00434	0.48478
8	0.00853	0.00579	0.00711	0.00711	0.00746	0.00607	0.00457	0.00923	0.00888	0.01239	0.01761	0.03312	0.01904	0.55241	0.23022	0.00643	0.00819	0.00770	0.04405	0.00407
9	0.01555	0.79913	0.03047	0.00995	0.01493	0.02301	0.00995	0.01741	0.01182	0.01368	0.00808	0.00933	0.00746	0.00498	0.00373	0.00124	0.00622	0.00311	0.00249	0.00746
10	0.00846	0.00564	0.00634	0.00634	0.00634	0.00564	0.00352	0.00846	0.00846	0.01128	0.01832	0.03805	0.02114	0.79563	0.02960	0.00564	0.00564	0.00846	0.00352	0.00352
11	0.02127	0.10646	0.01864	0.01342	0.01767	0.21847	0.01098	0.46959	0.02273	0.02815	0.01199	0.01253	0.00898	0.00650	0.00543	0.00162	0.00746	0.00460	0.00470	0.00879
12	0.02251	0.00915	0.01233	0.00974	0.01359	0.00796	0.00786	0.02466	0.01592	0.61150	0.09194	0.05137	0.01929	0.04581	0.00710	0.00198	0.00470	0.00675	0.00679	0.02904
13	0.01240	0.01191	0.01753	0.49030	0.03181	0.04515	0.07027	0.01865	0.15710	0.01724	0.01301	0.01631	0.00985	0.00606	0.00580	0.00186	0.00719	0.00541	0.00334	0.05879
14	0.01555	0.79913	0.03047	0.00995	0.01493	0.02301	0.00995	0.01741	0.01182	0.01368	0.00808	0.00933	0.00746	0.00498	0.00373	0.00124	0.00622	0.00311	0.00249	0.00746
15	0.00969	0.00620	0.00753	0.00717	0.00838	0.00578	0.00505	0.01118	0.01288	0.08049	0.28225	0.04233	0.14119	0.30323	0.01528	0.00330	0.00416	0.04367	0.00520	0.00504
16	0.04190	0.00769	0.01046	0.01171	0.07242	0.00752	0.00882	0.01429	0.03165	0.09439	0.14232	0.07309	0.07700	0.01302	0.00713	0.00227	0.00477	0.36787	0.00546	0.00623
17	0.01544	0.68618	0.10363	0.01085	0.01610	0.05677	0.01117	0.01778	0.01208	0.01418	0.00836	0.00968	0.00745	0.00508	0.00398	0.00132	0.00666	0.00326	0.00251	0.00754
18	0.01543	0.00773	0.00970	0.00829	0.01117	0.00680	0.00653	0.01787	0.03463	0.33112	0.18914	0.06098	0.25479	0.01090	0.00643	0.00188	0.00380	0.00920	0.00638	0.00723
19	0.00756	0.00616	0.00675	0.00686	0.00853	0.00555	0.00504	0.01005	0.05936	0.01708	0.14216	0.18821	0.48683	0.01458	0.00691	0.00202	0.00310	0.01248	0.00556	0.00522
20	0.01295	0.00918	0.01008	0.00883	0.01160	0.00914	0.00690	0.17862	0.08496	0.09256	0.07697	0.10059	0.35086	0.01176	0.00649	0.00193	0.00410	0.00980	0.00577	0.00693
21	0.01483	0.01591	0.01504	0.01771	0.21121	0.28623	0.01067	0.01659	0.01277	0.01472	0.01258	0.01957	0.01207	0.19055	0.12166	0.00363	0.00917	0.00556	0.00310	0.00644

[dist]
# distance from previous block
# <min> <max>
53	110

# created by:
