[name]
unknown

[dist]
# distance from previous block
# <min> <max>
0	125

[block]
# block no. 0 follows, 37 sequences, length 20
# corresponding to MSA columns:
# 128-147
name=unknown_A
#
# <colnr> <probs for GDERKNQSTAVLIFYWHMCP>
#	G	D	E	R	K	N	Q	S	T	A	V	L	I	F	Y	W	H	M	C	P
0	0.01228	0.03166	0.75316	0.01745	0.02649	0.01422	0.02262	0.01939	0.01292	0.01939	0.01099	0.01292	0.00775	0.00582	0.00582	0.00194	0.00905	0.00452	0.00258	0.00905
1	0.00742	0.00546	0.00697	0.00817	0.00879	0.00500	0.00553	0.00856	0.01205	0.01576	0.03798	0.67250	0.14613	0.01863	0.00773	0.00242	0.00348	0.01673	0.00568	0.00500
2	0.01093	0.00580	0.00614	0.00606	0.00749	0.00572	0.00454	0.01378	0.01363	0.02313	0.14781	0.02687	0.02312	0.00808	0.00480	0.00151	0.00286	0.00665	0.67535	0.00572
3	0.01523	0.01315	0.01384	0.01246	0.01592	0.01523	0.00969	0.03253	0.73563	0.02561	0.02491	0.02284	0.01869	0.00830	0.00623	0.00208	0.00484	0.00692	0.00623	0.00969
4	0.01594	0.01875	0.03280	0.02403	0.02968	0.14709	0.59853	0.02046	0.01496	0.01879	0.01187	0.01554	0.00904	0.00536	0.00692	0.00198	0.01045	0.00664	0.00311	0.00805
5	0.02746	0.01042	0.01421	0.01089	0.01563	0.00900	0.00900	0.02983	0.01752	0.75093	0.02415	0.02083	0.01515	0.00758	0.00616	0.00189	0.00521	0.00616	0.00758	0.01042
6	0.01063	0.00532	0.00797	0.00797	0.00797	0.00532	0.00532	0.00797	0.00797	0.01063	0.01063	0.01861	0.01063	0.02127	0.02392	0.82190	0.00532	0.00532	0.00266	0.00266
7	0.01153	0.00588	0.00638	0.00647	0.00787	0.00574	0.00477	0.01404	0.01288	0.05857	0.02261	0.15667	0.02004	0.00928	0.00500	0.00164	0.00310	0.00780	0.63392	0.00582
8	0.01515	0.01454	0.02485	0.03757	0.74669	0.01454	0.01879	0.01879	0.01394	0.02000	0.01151	0.01515	0.00970	0.00545	0.00606	0.00182	0.00727	0.00545	0.00303	0.00970
9	0.00861	0.00598	0.00659	0.00659	0.00696	0.00580	0.00388	0.00888	0.00979	0.01269	0.02684	0.04339	0.14983	0.64892	0.02693	0.00525	0.00543	0.00961	0.00406	0.00397
10	0.01169	0.01092	0.01601	0.01401	0.01465	0.01434	0.04218	0.01342	0.00973	0.01465	0.01150	0.01822	0.01113	0.05466	0.26870	0.00519	0.45383	0.00599	0.00294	0.00623
11	0.01228	0.03166	0.75316	0.01745	0.02649	0.01422	0.02262	0.01939	0.01292	0.01939	0.01099	0.01292	0.00775	0.00582	0.00582	0.00194	0.00905	0.00452	0.00258	0.00905
12	0.00737	0.00623	0.00639	0.00642	0.00844	0.00525	0.00486	0.00900	0.01407	0.01685	0.08301	0.05882	0.69847	0.01545	0.00727	0.00209	0.00318	0.03591	0.00572	0.00520
13	0.00883	0.00568	0.00759	0.00869	0.00934	0.00525	0.00591	0.00999	0.01212	0.06610	0.03308	0.72871	0.03875	0.01838	0.00770	0.00245	0.00367	0.01663	0.00581	0.00535
14	0.17498	0.00700	0.00701	0.00673	0.00851	0.00730	0.00511	0.01396	0.01270	0.02296	0.14467	0.02390	0.02084	0.00907	0.00648	0.07589	0.00346	0.00614	0.43767	0.00563
15	0.01957	0.01666	0.02102	0.01753	0.07064	0.05326	0.13771	0.38400	0.16204	0.03029	0.01580	0.01645	0.01165	0.00697	0.00630	0.00191	0.00725	0.00601	0.00525	0.00968
16	0.00886	0.00609	0.00745	0.00745	0.00772	0.00636	0.00468	0.00940	0.00913	0.01244	0.01858	0.03613	0.02055	0.60357	0.21013	0.00689	0.00850	0.00833	0.00360	0.00414
17	0.01419	0.20672	0.01896	0.01059	0.01591	0.04901	0.04474	0.01679	0.01294	0.01830	0.01029	0.01209	0.00872	0.00483	0.00457	0.00110	0.00565	0.00374	0.00332	0.53752
18	0.00750	0.00554	0.00701	0.00806	0.00879	0.00506	0.00551	0.00877	0.01248	0.01637	0.08535	0.60502	0.16597	0.01809	0.00767	0.00238	0.00343	0.01619	0.00575	0.00506
19	0.00757	0.00589	0.00688	0.00731	0.00864	0.00520	0.00522	0.00918	0.01374	0.01762	0.17219	0.31781	0.36828	0.01630	0.00744	0.00219	0.00323	0.01421	0.00587	0.00520

[dist]
# distance from previous block
# <min> <max>
0	3

[block]
# block no. 1 follows, 37 sequences, length 33
# corresponding to MSA columns:
# 151-183
name=unknown_B
#
# <colnr> <probs for GDERKNQSTAVLIFYWHMCP>
#	G	D	E	R	K	N	Q	S	T	A	V	L	I	F	Y	W	H	M	C	P
0	0.12456	0.01059	0.01357	0.01055	0.01517	0.00957	0.00871	0.02840	0.01666	0.66319	0.02225	0.01951	0.01412	0.00735	0.00587	0.00189	0.00515	0.00581	0.00712	0.00996
1	0.00833	0.00575	0.00703	0.00750	0.00782	0.00556	0.00471	0.00911	0.01105	0.01492	0.11885	0.31665	0.03366	0.39930	0.01935	0.00413	0.00465	0.01235	0.00484	0.00445
2	0.01682	0.01458	0.02961	0.02258	0.06920	0.01359	0.50321	0.02091	0.01466	0.16216	0.01454	0.01739	0.01053	0.00655	0.00788	0.04773	0.00886	0.00681	0.00394	0.00845
3	0.02177	0.07101	0.04186	0.01568	0.04504	0.53645	0.01201	0.05257	0.05922	0.07152	0.01173	0.01274	0.00922	0.00645	0.00557	0.00164	0.00960	0.00438	0.00373	0.00783
4	0.66513	0.01200	0.01019	0.02645	0.01327	0.01335	0.00723	0.05711	0.01176	0.02689	0.00921	0.01069	0.00717	0.00565	0.00406	0.00177	0.00490	0.00352	0.00387	0.10576
5	0.01638	0.01921	0.26200	0.06824	0.30281	0.01333	0.04081	0.02099	0.01422	0.16248	0.01380	0.01564	0.01002	0.00602	0.00604	0.00189	0.00760	0.00534	0.00376	0.00941
6	0.00746	0.00533	0.00710	0.00852	0.00888	0.00497	0.00568	0.00852	0.01172	0.01563	0.03374	0.78088	0.04049	0.01918	0.00781	0.00249	0.00355	0.01740	0.00568	0.00497
7	0.02287	0.02917	0.01735	0.01577	0.01892	0.76030	0.01183	0.02444	0.01735	0.01498	0.00946	0.01104	0.00788	0.00631	0.00552	0.00158	0.01104	0.00394	0.00315	0.00710
8	0.02051	0.01595	0.01815	0.01657	0.10656	0.01761	0.01207	0.48699	0.18337	0.03345	0.01657	0.01655	0.01215	0.00733	0.00614	0.00189	0.00638	0.00582	0.00577	0.01016
9	0.00786	0.00572	0.00740	0.00805	0.00892	0.00527	0.00563	0.00960	0.01385	0.01880	0.28244	0.46645	0.10420	0.01656	0.00756	0.00226	0.00328	0.01484	0.00605	0.00527
10	0.01339	0.01339	0.01875	0.01607	0.01607	0.01875	0.01339	0.01473	0.00937	0.01473	0.00804	0.01339	0.00804	0.01071	0.02009	0.00268	0.77367	0.00536	0.00268	0.00670
11	0.00743	0.00543	0.00699	0.00824	0.00880	0.00500	0.00556	0.00856	0.01199	0.01574	0.03717	0.69332	0.12583	0.01873	0.00774	0.00244	0.00350	0.01686	0.00568	0.00500
12	0.01141	0.00571	0.00571	0.00571	0.00713	0.00571	0.00428	0.01426	0.01284	0.02282	0.01997	0.02282	0.01569	0.00713	0.00428	0.00143	0.00285	0.00571	0.81886	0.00571
13	0.01228	0.03166	0.75316	0.01745	0.02649	0.01422	0.02262	0.01939	0.01292	0.01939	0.01099	0.01292	0.00775	0.00582	0.00582	0.00194	0.00905	0.00452	0.00258	0.00905
14	0.02552	0.00985	0.01317	0.01026	0.01460	0.00860	0.00842	0.02794	0.01695	0.66263	0.02364	0.02108	0.01522	0.00752	0.00593	0.00184	0.00492	0.00610	0.10596	0.00985
15	0.01269	0.01088	0.01269	0.00907	0.01451	0.00816	0.00725	0.01541	0.01269	0.01995	0.01088	0.01269	0.00907	0.00453	0.00453	0.00091	0.00453	0.00363	0.00363	0.82229
16	0.82811	0.01184	0.00900	0.00805	0.01184	0.01373	0.00663	0.01799	0.01042	0.02746	0.00852	0.00994	0.00663	0.00568	0.00379	0.00189	0.00474	0.00331	0.00379	0.00663
17	0.02746	0.01042	0.01421	0.01089	0.01563	0.00900	0.00900	0.02983	0.01752	0.75093	0.02415	0.02083	0.01515	0.00758	0.00616	0.00189	0.00521	0.00616	0.00758	0.01042
18	0.00890	0.00593	0.00668	0.00668	0.00668	0.00593	0.00371	0.00890	0.00890	0.01187	0.01929	0.04006	0.02225	0.78487	0.03116	0.00593	0.00593	0.00890	0.00371	0.00371
19	0.00734	0.00621	0.00635	0.00631	0.00833	0.00521	0.00473	0.00899	0.01420	0.01713	0.11265	0.05793	0.69320	0.01528	0.00723	0.00206	0.00308	0.01278	0.00576	0.00521
20	0.02519	0.01169	0.01471	0.01153	0.01611	0.01120	0.00944	0.12265	0.11994	0.55444	0.02300	0.02030	0.01502	0.00765	0.00616	0.00191	0.00536	0.00618	0.00719	0.01031
21	0.02482	0.01466	0.01683	0.01290	0.01774	0.01529	0.01066	0.46861	0.02461	0.30213	0.01819	0.01697	0.01216	0.00743	0.00614	0.00186	0.00617	0.00575	0.00666	0.01041
22	0.00746	0.00533	0.00710	0.00852	0.00888	0.00497	0.00568	0.00852	0.01172	0.01563	0.03374	0.78088	0.04049	0.01918	0.00781	0.00249	0.00355	0.01740	0.00568	0.00497
23	0.02287	0.02917	0.01735	0.01577	0.01892	0.76030	0.01183	0.02444	0.01735	0.01498	0.00946	0.01104	0.00788	0.00631	0.00552	0.00158	0.01104	0.00394	0.00315	0.00710
24	0.01339	0.01339	0.01875	0.01607	0.01607	0.01875	0.01339	0.01473	0.00937	0.01473	0.00804	0.01339	0.00804	0.01071	0.02009	0.00268	0.77367	0.00536	0.00268	0.00670
25	0.00860	0.00637	0.00932	0.00949	0.01043	0.00723	0.00718	0.01052	0.01001	0.01424	0.01867	0.11677	0.01876	0.08584	0.62671	0.00872	0.01423	0.00801	0.00360	0.00530
26	0.00846	0.00631	0.00800	0.00910	0.00986	0.00625	0.00633	0.01148	0.09543	0.01690	0.03266	0.66220	0.03774	0.01782	0.00766	0.00245	0.00379	0.04627	0.00574	0.00555
27	0.01593	0.01636	0.02458	0.05557	0.58463	0.10503	0.07032	0.01944	0.01434	0.01923	0.01131	0.01479	0.00940	0.00556	0.00608	0.00181	0.00798	0.00540	0.00304	0.00919
28	0.01954	0.01515	0.01611	0.01317	0.01737	0.01704	0.01062	0.41246	0.32930	0.03265	0.01918	0.01837	0.01407	0.00775	0.00612	0.00193	0.00583	0.00612	0.02725	0.00998
29	0.01611	0.01500	0.01898	0.01575	0.01766	0.05061	0.05216	0.16344	0.10206	0.02122	0.01175	0.01488	0.00988	0.00923	0.01419	0.00235	0.44732	0.00562	0.00386	0.00792
30	0.05979	0.05837	0.15745	0.35248	0.02904	0.03563	0.02907	0.01617	0.01192	0.01669	0.01113	0.01563	0.00891	0.01142	0.09849	0.02308	0.04974	0.00514	0.00284	0.00704
31	0.01308	0.14585	0.01297	0.00861	0.01067	0.01042	0.00646	0.07364	0.01290	0.09332	0.02292	0.12304	0.08174	0.33937	0.01667	0.00359	0.00550	0.00871	0.00454	0.00600
32	0.01492	0.01342	0.01380	0.01108	0.01507	0.10155	0.00878	0.01951	0.12086	0.04986	0.01353	0.01499	0.01086	0.00629	0.00675	0.00144	0.09396	0.00458	0.04946	0.42929

[dist]
# distance from previous block
# <min> <max>
0	2

[block]
# block no. 2 follows, 37 sequences, length 54
# corresponding to MSA columns:
# 186-239
name=unknown_C
#
# <colnr> <probs for GDERKNQSTAVLIFYWHMCP>
#	G	D	E	R	K	N	Q	S	T	A	V	L	I	F	Y	W	H	M	C	P
0	0.01086	0.00578	0.00632	0.00623	0.00756	0.00569	0.00463	0.01330	0.01328	0.02222	0.14939	0.02662	0.02288	0.00916	0.00628	0.06303	0.00304	0.00664	0.61160	0.00549
1	0.01496	0.51987	0.23529	0.02780	0.01931	0.02090	0.01419	0.01839	0.01242	0.01585	0.00923	0.01101	0.00784	0.00569	0.00532	0.00157	0.04584	0.00377	0.00261	0.00811
2	0.01006	0.00532	0.00782	0.00807	0.00814	0.00525	0.00538	0.00807	0.00865	0.01153	0.01479	0.15571	0.01600	0.02089	0.02103	0.67452	0.00500	0.00749	0.00320	0.00307
3	0.05358	0.01957	0.02060	0.01617	0.02077	0.21777	0.13950	0.32937	0.02154	0.08176	0.01333	0.01431	0.00973	0.00662	0.00607	0.00181	0.00835	0.00536	0.00479	0.00898
4	0.01063	0.00532	0.00797	0.00797	0.00797	0.00532	0.00532	0.00797	0.00797	0.01063	0.01063	0.01861	0.01063	0.02127	0.02392	0.82190	0.00532	0.00532	0.00266	0.00266
5	0.01038	0.00654	0.00848	0.00807	0.00973	0.00593	0.00602	0.01277	0.01605	0.10172	0.47895	0.17635	0.10858	0.01343	0.00721	0.00203	0.00328	0.01183	0.00655	0.00609
6	0.02746	0.01042	0.01421	0.01089	0.01563	0.00900	0.00900	0.02983	0.01752	0.75093	0.02415	0.02083	0.01515	0.00758	0.00616	0.00189	0.00521	0.00616	0.00758	0.01042
7	0.02152	0.02539	0.01679	0.01505	0.01839	0.57071	0.01143	0.07852	0.14739	0.01866	0.01263	0.01344	0.01002	0.00675	0.00569	0.00169	0.00960	0.00460	0.00393	0.00781
8	0.01704	0.01405	0.01487	0.01283	0.01661	0.01608	0.01013	0.18945	0.57574	0.02854	0.02260	0.02100	0.01681	0.00809	0.00620	0.00202	0.00527	0.00660	0.00620	0.00985
9	0.00746	0.00533	0.00710	0.00852	0.00888	0.00497	0.00568	0.00852	0.01172	0.01563	0.03374	0.78088	0.04049	0.01918	0.00781	0.00249	0.00355	0.01740	0.00568	0.00497
10	0.02287	0.02917	0.01735	0.01577	0.01892	0.76030	0.01183	0.02444	0.01735	0.01498	0.00946	0.01104	0.00788	0.00631	0.00552	0.00158	0.01104	0.00394	0.00315	0.00710
11	0.01269	0.01088	0.01269	0.00907	0.01451	0.00816	0.00725	0.01541	0.01269	0.01995	0.01088	0.01269	0.00907	0.00453	0.00453	0.00091	0.00453	0.00363	0.00363	0.82229
12	0.00874	0.00656	0.00984	0.00984	0.01093	0.00765	0.00765	0.01093	0.00984	0.01421	0.01640	0.02405	0.01530	0.04591	0.76062	0.00984	0.01640	0.00656	0.00328	0.00547
13	0.01266	0.01239	0.01665	0.01463	0.01499	0.04273	0.01202	0.01421	0.00977	0.01462	0.01000	0.01575	0.00970	0.01863	0.18948	0.00428	0.57264	0.00558	0.00283	0.00643
14	0.01228	0.03166	0.75316	0.01745	0.02649	0.01422	0.02262	0.01939	0.01292	0.01939	0.01099	0.01292	0.00775	0.00582	0.00582	0.00194	0.00905	0.00452	0.00258	0.00905
15	0.23149	0.01078	0.01288	0.01017	0.01466	0.01020	0.00839	0.02681	0.01571	0.56657	0.02017	0.01806	0.01298	0.00709	0.00555	0.00189	0.00509	0.00543	0.00661	0.00945
16	0.02287	0.02917	0.01735	0.01577	0.01892	0.76030	0.01183	0.02444	0.01735	0.01498	0.00946	0.01104	0.00788	0.00631	0.00552	0.00158	0.01104	0.00394	0.00315	0.00710
17	0.20661	0.46896	0.02424	0.01056	0.01540	0.02084	0.00979	0.14558	0.01491	0.02179	0.00963	0.01073	0.00803	0.00572	0.00429	0.00154	0.00616	0.00369	0.00352	0.00803
18	0.16650	0.10858	0.01762	0.05092	0.01769	0.29151	0.01110	0.04509	0.06366	0.01873	0.01024	0.01232	0.00852	0.00703	0.00774	0.00187	0.14582	0.00434	0.00341	0.00730
19	0.10182	0.01222	0.01082	0.01081	0.01229	0.16941	0.00792	0.04170	0.01328	0.01762	0.02309	0.44362	0.02617	0.01384	0.00773	0.00222	0.06315	0.01160	0.00472	0.00595
20	0.01282	0.00846	0.01095	0.04561	0.01396	0.00864	0.00899	0.04247	0.10305	0.10150	0.18036	0.04650	0.03273	0.01258	0.00727	0.00230	0.00492	0.30361	0.04636	0.00691
21	0.01090	0.00833	0.01049	0.01091	0.01280	0.00872	0.00909	0.01710	0.18268	0.02114	0.15855	0.05409	0.03543	0.01412	0.00771	0.00248	0.00496	0.41794	0.00597	0.00661
22	0.00741	0.00605	0.00655	0.00676	0.00846	0.00519	0.00494	0.00900	0.01387	0.01714	0.12189	0.18750	0.55220	0.01588	0.00734	0.00213	0.00316	0.01355	0.00578	0.00519
23	0.01663	0.00881	0.01173	0.01111	0.01391	0.00848	0.00938	0.02068	0.08466	0.28129	0.05673	0.04645	0.02735	0.01257	0.00737	0.00238	0.00530	0.36100	0.00643	0.00774
24	0.01563	0.65242	0.16177	0.01173	0.01765	0.02242	0.01266	0.01852	0.01253	0.01530	0.00896	0.01038	0.00784	0.00534	0.00427	0.00142	0.00700	0.00350	0.00261	0.00807
25	0.01637	0.78856	0.03208	0.01047	0.01571	0.02422	0.01047	0.01833	0.01244	0.01440	0.00851	0.00982	0.00786	0.00524	0.00393	0.00131	0.00655	0.00327	0.00262	0.00786
26	0.01078	0.01004	0.01617	0.63276	0.03606	0.01208	0.01478	0.01441	0.01255	0.01580	0.02008	0.02398	0.14054	0.00781	0.00632	0.00204	0.00725	0.00679	0.00325	0.00651
27	0.00751	0.00535	0.00709	0.00846	0.00880	0.00500	0.00562	0.00854	0.01162	0.01550	0.03325	0.75574	0.03987	0.04516	0.00861	0.00260	0.00363	0.01711	0.00562	0.00493
28	0.00764	0.00631	0.00704	0.00711	0.00897	0.00571	0.00545	0.00936	0.01322	0.01621	0.05234	0.05314	0.57793	0.02104	0.14280	0.00350	0.00562	0.04613	0.00525	0.00524
29	0.02432	0.01095	0.01582	0.01553	0.14679	0.00983	0.01060	0.02694	0.01687	0.58345	0.05755	0.02105	0.01628	0.00744	0.00619	0.00188	0.00546	0.00627	0.00672	0.01006
30	0.02049	0.02884	0.14976	0.01609	0.02014	0.58934	0.01385	0.02305	0.01616	0.01576	0.00967	0.01149	0.00787	0.00644	0.00630	0.00170	0.04850	0.00412	0.00303	0.00743
31	0.01523	0.01315	0.01384	0.01246	0.01592	0.01523	0.00969	0.03253	0.73563	0.02561	0.02491	0.02284	0.01869	0.00830	0.00623	0.00208	0.00484	0.00692	0.00623	0.00969
32	0.00769	0.00555	0.00759	0.00876	0.00925	0.00545	0.00604	0.00896	0.01138	0.01537	0.03062	0.64476	0.03596	0.02399	0.14321	0.00381	0.00586	0.01545	0.00525	0.00506
33	0.04137	0.01580	0.14849	0.06499	0.01925	0.02863	0.02727	0.01611	0.01167	0.01793	0.01050	0.03285	0.00914	0.00731	0.00996	0.00185	0.25103	0.00488	0.00311	0.27786
34	0.01306	0.01020	0.01056	0.05277	0.01228	0.14184	0.02202	0.01238	0.01063	0.01336	0.01160	0.01758	0.01058	0.01567	0.01687	0.51124	0.00631	0.00516	0.10170	0.00418
35	0.01063	0.00532	0.00797	0.00797	0.00797	0.00532	0.00532	0.00797	0.00797	0.01063	0.01063	0.01861	0.01063	0.02127	0.02392	0.82190	0.00532	0.00532	0.00266	0.00266
36	0.00969	0.00735	0.00953	0.00915	0.01050	0.00804	0.00692	0.06394	0.01184	0.01610	0.02474	0.03190	0.14696	0.15339	0.43626	0.00706	0.02915	0.00797	0.00398	0.00553
37	0.00938	0.00682	0.00878	0.14400	0.01306	0.00731	0.00610	0.01011	0.00950	0.01255	0.01778	0.03579	0.01972	0.64481	0.02665	0.00523	0.00633	0.00828	0.00353	0.00426
38	0.82811	0.01184	0.00900	0.00805	0.01184	0.01373	0.00663	0.01799	0.01042	0.02746	0.00852	0.00994	0.00663	0.00568	0.00379	0.00189	0.00474	0.00331	0.00379	0.00663
39	0.01516	0.01234	0.01402	0.01023	0.01555	0.01068	0.00827	0.18093	0.01644	0.02428	0.01177	0.01316	0.00938	0.00519	0.00490	0.00112	0.00505	0.00407	0.00421	0.63326
40	0.01626	0.76825	0.05142	0.01066	0.01600	0.02395	0.01080	0.01836	0.01245	0.01454	0.00858	0.00990	0.00785	0.00525	0.00398	0.00133	0.00661	0.00331	0.00262	0.00789
41	0.02153	0.18523	0.02037	0.01468	0.01826	0.60903	0.01155	0.02319	0.01634	0.01486	0.00927	0.01079	0.00788	0.00609	0.00519	0.00152	0.01012	0.00380	0.00304	0.00725
42	0.01667	0.01387	0.01466	0.01275	0.01647	0.01590	0.01004	0.15730	0.60850	0.02794	0.02308	0.02137	0.01720	0.00813	0.00621	0.00203	0.00518	0.00667	0.00621	0.00982
43	0.82811	0.01184	0.00900	0.00805	0.01184	0.01373	0.00663	0.01799	0.01042	0.02746	0.00852	0.00994	0.00663	0.00568	0.00379	0.00189	0.00474	0.00331	0.00379	0.00663
44	0.01814	0.58157	0.02806	0.01192	0.01659	0.22486	0.01084	0.02000	0.01378	0.01456	0.00877	0.01015	0.00786	0.00553	0.00436	0.00138	0.00777	0.00346	0.00276	0.00765
45	0.00737	0.00614	0.00644	0.00650	0.00839	0.00520	0.00482	0.00900	0.01407	0.01714	0.11740	0.11193	0.63351	0.01553	0.00728	0.00209	0.00312	0.01310	0.00577	0.00520
46	0.01005	0.00736	0.00986	0.01072	0.01229	0.00743	0.00912	0.01397	0.06877	0.01999	0.15974	0.06139	0.03804	0.01547	0.00807	0.00260	0.00508	0.52822	0.00588	0.00597
47	0.01655	0.01575	0.01411	0.01270	0.01592	0.16056	0.00977	0.09605	0.43603	0.02359	0.02294	0.08840	0.04271	0.00903	0.00625	0.00199	0.00607	0.00734	0.00555	0.00868
48	0.01224	0.00811	0.01303	0.01162	0.01381	0.00743	0.11980	0.01431	0.01352	0.14891	0.05496	0.45817	0.05539	0.01447	0.00739	0.00229	0.00492	0.02745	0.00565	0.00652
49	0.16123	0.01478	0.04867	0.03089	0.54921	0.01444	0.05578	0.01871	0.01330	0.02130	0.01101	0.01421	0.00905	0.00549	0.00571	0.00185	0.00705	0.00513	0.00315	0.00904
50	0.01080	0.00981	0.01154	0.01076	0.01183	0.06618	0.00839	0.01245	0.01105	0.01492	0.02238	0.02802	0.14465	0.09050	0.29492	0.00541	0.20055	0.00738	0.03276	0.00570
51	0.00746	0.00533	0.00710	0.00852	0.00888	0.00497	0.00568	0.00852	0.01172	0.01563	0.03374	0.78088	0.04049	0.01918	0.00781	0.00249	0.00355	0.01740	0.00568	0.00497
52	0.01512	0.01259	0.01321	0.01195	0.01493	0.03879	0.00918	0.15144	0.41557	0.02526	0.02461	0.19747	0.02191	0.01060	0.00655	0.00211	0.00509	0.00901	0.00598	0.00863
53	0.63862	0.07122	0.07525	0.01035	0.01487	0.01468	0.06207	0.01826	0.01108	0.02523	0.00902	0.01068	0.00701	0.00562	0.00423	0.00187	0.00565	0.00371	0.00355	0.00704

[dist]
# distance from previous block
# <min> <max>
0	30

[block]
# block no. 3 follows, 37 sequences, length 74
# corresponding to MSA columns:
# 270-343
name=unknown_D
#
# <colnr> <probs for GDERKNQSTAVLIFYWHMCP>
#	G	D	E	R	K	N	Q	S	T	A	V	L	I	F	Y	W	H	M	C	P
0	0.02346	0.01083	0.01529	0.17982	0.02165	0.01045	0.01086	0.05743	0.01676	0.54191	0.02053	0.01940	0.01327	0.00718	0.00612	0.00191	0.00592	0.00592	0.00636	0.02493
1	0.00742	0.00548	0.00695	0.00813	0.00877	0.00501	0.00551	0.00857	0.01210	0.01578	0.03854	0.65824	0.16002	0.01855	0.00771	0.00241	0.00347	0.01664	0.00568	0.00501
2	0.00978	0.00743	0.00914	0.00851	0.01030	0.00738	0.00644	0.01511	0.13934	0.02473	0.62141	0.04184	0.05112	0.01180	0.00705	0.00195	0.00322	0.01037	0.00665	0.00644
3	0.02433	0.01545	0.01732	0.01328	0.01814	0.01647	0.01097	0.55084	0.02594	0.21803	0.01708	0.01624	0.01160	0.00741	0.00613	0.00185	0.00635	0.00567	0.00649	0.01041
4	0.01892	0.01476	0.01677	0.01305	0.01711	0.01616	0.01074	0.42861	0.02149	0.03000	0.01295	0.01435	0.00991	0.00731	0.00809	0.00177	0.13640	0.00509	0.03459	0.18194
5	0.00746	0.00533	0.00710	0.00852	0.00888	0.00497	0.00568	0.00852	0.01172	0.01563	0.03374	0.78088	0.04049	0.01918	0.00781	0.00249	0.00355	0.01740	0.00568	0.00497
6	0.01329	0.01287	0.01811	0.01539	0.01650	0.01669	0.06167	0.01769	0.13363	0.01751	0.05415	0.04458	0.01394	0.01032	0.01566	0.00248	0.51815	0.00651	0.00365	0.00720
7	0.00894	0.00674	0.00961	0.00955	0.01036	0.00779	0.00717	0.01065	0.00976	0.01392	0.01744	0.06945	0.01754	0.16806	0.55483	0.00838	0.05363	0.00751	0.00346	0.00520
8	0.01414	0.00651	0.00715	0.00659	0.00857	0.00626	0.00508	0.01691	0.01363	0.14650	0.02068	0.02248	0.01560	0.00721	0.00460	0.00151	0.00325	0.00578	0.68105	0.00651
9	0.01228	0.03166	0.75316	0.01745	0.02649	0.01422	0.02262	0.01939	0.01292	0.01939	0.01099	0.01292	0.00775	0.00582	0.00582	0.00194	0.00905	0.00452	0.00258	0.00905
10	0.01565	0.00834	0.01077	0.00924	0.01199	0.00779	0.00725	0.01977	0.08780	0.26956	0.43051	0.03509	0.03956	0.01044	0.00676	0.00193	0.00386	0.00901	0.00697	0.00772
11	0.00966	0.00687	0.00867	0.00806	0.00978	0.00651	0.00609	0.01347	0.06710	0.04814	0.63403	0.04401	0.08967	0.01222	0.00712	0.00194	0.00311	0.01072	0.00668	0.00617
12	0.01633	0.01106	0.01209	0.01071	0.01392	0.01211	0.00838	0.02804	0.46030	0.14076	0.02369	0.02251	0.01746	0.00793	0.00578	0.00190	0.00446	0.00653	0.18713	0.00892
13	0.07250	0.01029	0.01353	0.01050	0.01503	0.00912	0.00865	0.02846	0.01691	0.67715	0.02307	0.02030	0.01469	0.00745	0.00594	0.00187	0.00508	0.00597	0.04350	0.00999
14	0.00746	0.00533	0.00710	0.00852	0.00888	0.00497	0.00568	0.00852	0.01172	0.01563	0.03374	0.78088	0.04049	0.01918	0.00781	0.00249	0.00355	0.01740	0.00568	0.00497
15	0.14988	0.00933	0.01020	0.01030	0.01250	0.01020	0.00809	0.01872	0.24129	0.02145	0.02689	0.22688	0.04011	0.01283	0.00677	0.00233	0.00465	0.17514	0.00552	0.00691
16	0.01166	0.00960	0.01072	0.01057	0.01267	0.01054	0.00782	0.02154	0.40421	0.02107	0.02998	0.34386	0.05411	0.01315	0.00693	0.00225	0.00424	0.01156	0.00598	0.00754
17	0.00746	0.00533	0.00710	0.00852	0.00888	0.00497	0.00568	0.00852	0.01172	0.01563	0.03374	0.78088	0.04049	0.01918	0.00781	0.00249	0.00355	0.01740	0.00568	0.00497
18	0.49366	0.01359	0.01398	0.01454	0.13840	0.01515	0.00992	0.19093	0.01550	0.02891	0.01054	0.01199	0.00807	0.00605	0.00474	0.00187	0.00565	0.00421	0.00423	0.00807
19	0.01769	0.04634	0.01553	0.01350	0.04836	0.27833	0.01008	0.11859	0.05483	0.04643	0.02114	0.03804	0.13507	0.00837	0.00645	0.00173	0.03774	0.00629	0.00438	0.09111
20	0.77967	0.02775	0.00984	0.00834	0.01220	0.01415	0.00691	0.04619	0.01119	0.02764	0.00877	0.01013	0.00680	0.00574	0.00388	0.00188	0.00485	0.00340	0.00386	0.00680
21	0.82811	0.01184	0.00900	0.00805	0.01184	0.01373	0.00663	0.01799	0.01042	0.02746	0.00852	0.00994	0.00663	0.00568	0.00379	0.00189	0.00474	0.00331	0.00379	0.00663
22	0.02103	0.01491	0.01640	0.01282	0.01712	0.01617	0.01049	0.56508	0.02619	0.07690	0.13903	0.02032	0.01872	0.00824	0.00631	0.00186	0.00599	0.00649	0.00631	0.00962
23	0.00882	0.00590	0.00670	0.00678	0.00680	0.00588	0.00382	0.00888	0.00906	0.01208	0.02011	0.08239	0.02330	0.74112	0.02982	0.00574	0.00580	0.00939	0.00382	0.00378
24	0.00842	0.00625	0.00785	0.00745	0.00900	0.00567	0.00558	0.01108	0.01675	0.02319	0.62771	0.04796	0.17436	0.01302	0.00722	0.00195	0.00292	0.01138	0.00656	0.00567
25	0.00787	0.00562	0.00757	0.00899	0.00952	0.00532	0.00639	0.00923	0.01212	0.01608	0.03351	0.65997	0.03959	0.01879	0.00792	0.00254	0.00391	0.13428	0.00567	0.00508
26	0.01515	0.01454	0.02485	0.03757	0.74669	0.01454	0.01879	0.01879	0.01394	0.02000	0.01151	0.01515	0.00970	0.00545	0.00606	0.00182	0.00727	0.00545	0.00303	0.00970
27	0.00986	0.00705	0.00986	0.01127	0.01268	0.00705	0.00986	0.01268	0.01409	0.01832	0.03241	0.06905	0.03523	0.01691	0.00845	0.00282	0.00564	0.70549	0.00564	0.00564
28	0.00890	0.00593	0.00668	0.00668	0.00668	0.00593	0.00371	0.00890	0.00890	0.01187	0.01929	0.04006	0.02225	0.78487	0.03116	0.00593	0.00593	0.00890	0.00371	0.00371
29	0.01523	0.01315	0.01384	0.01246	0.01592	0.01523	0.00969	0.03253	0.73563	0.02561	0.02491	0.02284	0.01869	0.00830	0.00623	0.00208	0.00484	0.00692	0.00623	0.00969
30	0.00787	0.00562	0.00758	0.00900	0.00953	0.00533	0.00640	0.00924	0.01213	0.01609	0.03351	0.65837	0.03958	0.01879	0.00792	0.00254	0.00391	0.13583	0.00567	0.00509
31	0.00888	0.00603	0.00718	0.00718	0.00736	0.00621	0.00434	0.00923	0.00905	0.01224	0.01883	0.03750	0.02114	0.66692	0.14759	0.00656	0.00760	0.00853	0.00364	0.00399
32	0.01237	0.03099	0.72121	0.01782	0.02674	0.01427	0.05388	0.01940	0.01299	0.01940	0.01105	0.01308	0.00782	0.00579	0.00588	0.00194	0.00910	0.00464	0.00261	0.00901
33	0.01320	0.01650	0.14350	0.01630	0.01784	0.01798	0.01496	0.01552	0.00998	0.01552	0.00854	0.01331	0.00799	0.00988	0.01766	0.00255	0.64379	0.00522	0.00266	0.00710
34	0.01493	0.00910	0.00946	0.00819	0.01065	0.00964	0.00646	0.22535	0.01756	0.02749	0.01841	0.02041	0.01412	0.00720	0.00483	0.00155	0.00400	0.00565	0.57791	0.00710
35	0.02327	0.01715	0.01837	0.01408	0.01898	0.01898	0.01163	0.72628	0.02878	0.03858	0.01470	0.01470	0.01041	0.00735	0.00612	0.00184	0.00674	0.00551	0.00612	0.01041
36	0.00796	0.00632	0.00718	0.00724	0.00889	0.00567	0.00532	0.01037	0.04060	0.01894	0.24518	0.17658	0.40773	0.01504	0.00729	0.00210	0.00318	0.01295	0.00600	0.00547
37	0.02050	0.02215	0.01505	0.01335	0.01643	0.47433	0.01019	0.14150	0.01833	0.02065	0.01258	0.01416	0.00997	0.00666	0.00536	0.00159	0.00857	0.00458	0.17667	0.00736
38	0.00746	0.00533	0.00710	0.00852	0.00888	0.00497	0.00568	0.00852	0.01172	0.01563	0.03374	0.78088	0.04049	0.01918	0.00781	0.00249	0.00355	0.01740	0.00568	0.00497
39	0.00871	0.00622	0.00854	0.00995	0.01086	0.00605	0.00786	0.01069	0.01295	0.01703	0.03305	0.41071	0.03775	0.01800	0.00815	0.00266	0.00464	0.37522	0.00566	0.00532
40	0.00986	0.00762	0.01021	0.00997	0.01136	0.00877	0.00761	0.01440	0.13303	0.01592	0.01813	0.02541	0.01656	0.11195	0.56098	0.00814	0.01341	0.00685	0.00382	0.00601
41	0.00742	0.00548	0.00695	0.00813	0.00877	0.00501	0.00551	0.00857	0.01210	0.01578	0.03854	0.65824	0.16002	0.01855	0.00771	0.00241	0.00347	0.01664	0.00568	0.00501
42	0.00770	0.00543	0.00703	0.00821	0.00850	0.00514	0.00535	0.00859	0.01124	0.01499	0.03128	0.65504	0.03739	0.14924	0.01178	0.00307	0.00396	0.01596	0.00535	0.00476
43	0.15990	0.02481	0.01580	0.01414	0.01755	0.56747	0.01079	0.04880	0.01659	0.05657	0.01026	0.01150	0.00814	0.00631	0.00528	0.00166	0.00951	0.00401	0.00360	0.00731
44	0.01094	0.00580	0.00613	0.00604	0.00747	0.00572	0.00453	0.01380	0.01360	0.02311	0.14286	0.02671	0.02284	0.00805	0.00478	0.00151	0.00286	0.00662	0.68091	0.00572
45	0.01574	0.00988	0.01033	0.00877	0.01146	0.01055	0.00697	0.27431	0.01866	0.02858	0.01804	0.01985	0.01376	0.00721	0.00495	0.00158	0.00427	0.00563	0.52203	0.00742
46	0.00890	0.00593	0.00668	0.00668	0.00668	0.00593	0.00371	0.00890	0.00890	0.01187	0.01929	0.04006	0.02225	0.78487	0.03116	0.00593	0.00593	0.00890	0.00371	0.00371
47	0.01565	0.35463	0.12670	0.10907	0.14544	0.01909	0.03849	0.09026	0.01446	0.01882	0.01041	0.01266	0.00850	0.00567	0.00515	0.00165	0.00735	0.00444	0.00307	0.00848
48	0.01737	0.02152	0.16103	0.02048	0.05070	0.14247	0.29838	0.17025	0.01768	0.02282	0.01209	0.01449	0.00902	0.00595	0.00640	0.00190	0.00934	0.00574	0.00365	0.00871
49	0.00843	0.00610	0.00796	0.00781	0.00908	0.00563	0.00574	0.01098	0.01630	0.02286	0.60814	0.17089	0.06970	0.01371	0.00732	0.00202	0.00301	0.01219	0.00654	0.00563
50	0.01499	0.01822	0.14317	0.01598	0.01835	0.08340	0.01454	0.08108	0.03688	0.01806	0.00983	0.01354	0.00855	0.00911	0.01465	0.00236	0.48144	0.00516	0.00313	0.00757
51	0.00844	0.00625	0.00787	0.00747	0.00901	0.00568	0.00560	0.01112	0.01680	0.02330	0.63730	0.04778	0.16469	0.01298	0.00722	0.00195	0.00292	0.01136	0.00657	0.00568
52	0.00879	0.00600	0.00691	0.00683	0.00717	0.00587	0.00410	0.00935	0.01056	0.01423	0.14420	0.04186	0.06045	0.61940	0.02602	0.00508	0.00529	0.00945	0.00431	0.00413
53	0.01515	0.01454	0.02485	0.03757	0.74669	0.01454	0.01879	0.01879	0.01394	0.02000	0.01151	0.01515	0.00970	0.00545	0.00606	0.00182	0.00727	0.00545	0.00303	0.00970
54	0.01269	0.01088	0.01269	0.00907	0.01451	0.00816	0.00725	0.01541	0.01269	0.01995	0.01088	0.01269	0.00907	0.00453	0.00453	0.00091	0.00453	0.00363	0.00363	0.82229
55	0.10306	0.01126	0.01551	0.01515	0.13944	0.01040	0.01043	0.02681	0.01622	0.55657	0.02049	0.01881	0.01340	0.00703	0.00591	0.00188	0.00551	0.00576	0.00644	0.00993
56	0.01391	0.01182	0.01270	0.01179	0.01472	0.01348	0.00901	0.02845	0.61267	0.02391	0.02641	0.15160	0.02239	0.01015	0.00650	0.00215	0.00462	0.00870	0.00614	0.00889
57	0.02327	0.01715	0.01837	0.01408	0.01898	0.01898	0.01163	0.72628	0.02878	0.03858	0.01470	0.01470	0.01041	0.00735	0.00612	0.00184	0.00674	0.00551	0.00612	0.01041
58	0.01515	0.01454	0.02485	0.03757	0.74669	0.01454	0.01879	0.01879	0.01394	0.02000	0.01151	0.01515	0.00970	0.00545	0.00606	0.00182	0.00727	0.00545	0.00303	0.00970
59	0.02521	0.14319	0.01761	0.01110	0.01594	0.01247	0.00948	0.08941	0.01765	0.56289	0.02066	0.01842	0.01349	0.00716	0.00577	0.00179	0.00557	0.00561	0.00661	0.00998
60	0.69140	0.01274	0.01059	0.00907	0.01305	0.01462	0.00748	0.13830	0.01354	0.02935	0.00957	0.01075	0.00727	0.00597	0.00418	0.00188	0.00508	0.00369	0.00418	0.00727
61	0.02287	0.02917	0.01735	0.01577	0.01892	0.76030	0.01183	0.02444	0.01735	0.01498	0.00946	0.01104	0.00788	0.00631	0.00552	0.00158	0.01104	0.00394	0.00315	0.00710
62	0.02327	0.01715	0.01837	0.01408	0.01898	0.01898	0.01163	0.72628	0.02878	0.03858	0.01470	0.01470	0.01041	0.00735	0.00612	0.00184	0.00674	0.00551	0.00612	0.01041
63	0.01228	0.03166	0.75316	0.01745	0.02649	0.01422	0.02262	0.01939	0.01292	0.01939	0.01099	0.01292	0.00775	0.00582	0.00582	0.00194	0.00905	0.00452	0.00258	0.00905
64	0.00908	0.00620	0.00816	0.00800	0.00932	0.00571	0.00587	0.01154	0.01609	0.04883	0.55965	0.20828	0.05238	0.01382	0.00731	0.00205	0.00312	0.01230	0.00653	0.00576
65	0.00874	0.00656	0.00984	0.00984	0.01093	0.00765	0.00765	0.01093	0.00984	0.01421	0.01640	0.02405	0.01530	0.04591	0.76062	0.00984	0.01640	0.00656	0.00328	0.00547
66	0.00830	0.00621	0.00770	0.00740	0.00894	0.00561	0.00552	0.01082	0.01635	0.02241	0.56369	0.07792	0.20970	0.01344	0.00725	0.00198	0.00296	0.01173	0.00646	0.00561
67	0.00827	0.00621	0.00766	0.00736	0.00892	0.00560	0.00550	0.01077	0.01630	0.02227	0.55117	0.07463	0.22590	0.01348	0.00724	0.00198	0.00296	0.01175	0.00644	0.00560
68	0.19694	0.00736	0.00674	0.00647	0.00851	0.00786	0.00500	0.01575	0.03752	0.02397	0.01754	0.01990	0.01374	0.00684	0.00424	0.00156	0.00335	0.00521	0.60547	0.00605
69	0.00780	0.00599	0.00799	0.07823	0.01184	0.00580	0.00655	0.00922	0.01215	0.01578	0.03644	0.58787	0.15705	0.01735	0.00756	0.00237	0.00390	0.01554	0.00541	0.00517
70	0.06163	0.09068	0.01777	0.11784	0.04819	0.19123	0.02381	0.01726	0.01242	0.01602	0.01052	0.01453	0.00919	0.01198	0.09165	0.03144	0.18689	0.00489	0.03530	0.00675
71	0.00899	0.00681	0.00956	0.00940	0.01024	0.00784	0.00705	0.01065	0.00976	0.01383	0.01812	0.02801	0.04179	0.19777	0.53906	0.00834	0.05701	0.00720	0.00342	0.00516
72	0.01491	0.06970	0.04537	0.02395	0.32288	0.14012	0.07610	0.01784	0.01379	0.01758	0.01425	0.08165	0.01354	0.04417	0.05038	0.00250	0.00828	0.03170	0.00337	0.00793
73	0.70354	0.01219	0.00961	0.00854	0.01229	0.03837	0.00696	0.01899	0.03505	0.06457	0.01178	0.01269	0.03326	0.00623	0.00417	0.00190	0.00492	0.00394	0.00411	0.00689

[dist]
# distance from previous block
# <min> <max>
0	448

# created by:
# /software/SequenceAnalysis/GenePrediction/augustus/3.0.1/scripts/msa2prfl.pl ./fixed/BUSCOvEOG75DZ30.fas
