[name]
unknown

[dist]
# distance from previous block
# <min> <max>
0	180

[block]
# block no. 0 follows, 40 sequences, length 15
# corresponding to MSA columns:
# 244-258
name=unknown_A
#
# <colnr> <probs for GDERKNQSTAVLIFYWHMCP>
#	G	D	E	R	K	N	Q	S	T	A	V	L	I	F	Y	W	H	M	C	P
0	0.01555	0.79913	0.03047	0.00995	0.01493	0.02301	0.00995	0.01741	0.01182	0.01368	0.00808	0.00933	0.00746	0.00498	0.00373	0.00124	0.00622	0.00311	0.00249	0.00746
1	0.00846	0.00564	0.00634	0.00634	0.00634	0.00564	0.00352	0.00846	0.00846	0.01128	0.01832	0.03805	0.02114	0.79563	0.02960	0.00564	0.00564	0.00846	0.00352	0.00352
2	0.01098	0.01034	0.01744	0.78165	0.04005	0.01292	0.01615	0.01486	0.01163	0.01486	0.01034	0.01550	0.00775	0.00581	0.00581	0.00194	0.00775	0.00517	0.00258	0.00646
3	0.00832	0.00620	0.00919	0.00919	0.01017	0.00718	0.00707	0.01028	0.00930	0.01338	0.01572	0.02365	0.01489	0.08326	0.73341	0.00915	0.01505	0.00635	0.00314	0.00510
4	0.01657	0.01283	0.01378	0.01184	0.01544	0.01442	0.00937	0.16825	0.53107	0.08078	0.02284	0.02113	0.03938	0.00788	0.00592	0.00192	0.00493	0.00644	0.00598	0.00925
5	0.01206	0.01034	0.01206	0.00861	0.01378	0.00775	0.00689	0.01464	0.01206	0.01895	0.01034	0.01206	0.00861	0.00431	0.00431	0.00086	0.00431	0.00345	0.00345	0.83118
6	0.02105	0.01540	0.01660	0.01419	0.06381	0.07615	0.01086	0.48400	0.02274	0.13010	0.01471	0.01519	0.01062	0.00967	0.06542	0.00232	0.00728	0.00527	0.00538	0.00923
7	0.00937	0.00669	0.00937	0.01071	0.01205	0.00669	0.00937	0.01205	0.01339	0.01740	0.03079	0.06560	0.03347	0.01606	0.00803	0.00268	0.00535	0.72021	0.00535	0.00535
8	0.00797	0.00635	0.00995	0.00988	0.01084	0.00596	0.09113	0.00936	0.01123	0.01501	0.02861	0.64225	0.03364	0.07713	0.00908	0.00257	0.00430	0.01477	0.00496	0.00500
9	0.01336	0.01414	0.06890	0.19071	0.37829	0.03753	0.11255	0.01718	0.01292	0.01807	0.01145	0.01511	0.00912	0.00545	0.00575	0.00177	0.00737	0.00532	0.06698	0.00802
10	0.01181	0.02509	0.58632	0.01576	0.02299	0.01246	0.06421	0.01766	0.01236	0.04375	0.03831	0.01499	0.01017	0.00980	0.08669	0.00264	0.00907	0.00494	0.00286	0.00812
11	0.01203	0.01192	0.07249	0.00925	0.01469	0.00821	0.00806	0.01495	0.01208	0.01891	0.01034	0.01208	0.00851	0.00440	0.00440	0.00094	0.00465	0.00351	0.00337	0.76520
12	0.02130	0.00929	0.01211	0.00938	0.01350	0.00793	0.00764	0.02368	0.01539	0.52609	0.05373	0.01981	0.01534	0.00689	0.00544	0.00160	0.00450	0.00562	0.09741	0.14334
13	0.00709	0.00506	0.00675	0.00810	0.00843	0.00472	0.00540	0.00810	0.01113	0.01484	0.03205	0.79184	0.03846	0.01822	0.00742	0.00236	0.00337	0.01653	0.00540	0.00472
14	0.01582	0.01374	0.01801	0.17641	0.14102	0.06187	0.06369	0.18918	0.13088	0.04316	0.01543	0.01829	0.02733	0.00720	0.00640	0.02370	0.00680	0.02866	0.00424	0.00817

[dist]
# distance from previous block
# <min> <max>
0	1

[block]
# block no. 1 follows, 40 sequences, length 35
# corresponding to MSA columns:
# 260-294
name=unknown_B
#
# <colnr> <probs for GDERKNQSTAVLIFYWHMCP>
#	G	D	E	R	K	N	Q	S	T	A	V	L	I	F	Y	W	H	M	C	P
0	0.53261	0.06361	0.01335	0.06930	0.10212	0.06895	0.00924	0.01735	0.01098	0.02226	0.00864	0.01068	0.00696	0.00562	0.00479	0.00177	0.03805	0.00366	0.00328	0.00676
1	0.01335	0.01254	0.01987	0.08504	0.52669	0.01289	0.01514	0.01835	0.11113	0.01905	0.01768	0.01986	0.08965	0.00660	0.00590	0.00180	0.00624	0.00612	0.00353	0.00855
2	0.01351	0.01465	0.02750	0.07887	0.07160	0.04567	0.46913	0.01848	0.06643	0.01809	0.01324	0.05956	0.01096	0.00634	0.00740	0.00199	0.05882	0.00692	0.00324	0.00760
3	0.00692	0.00589	0.00595	0.00594	0.00788	0.00493	0.00445	0.00843	0.01336	0.01595	0.08088	0.05557	0.73487	0.01464	0.00687	0.00196	0.00294	0.01222	0.00543	0.00493
4	0.01433	0.31885	0.02265	0.01319	0.01529	0.06254	0.01156	0.01584	0.01046	0.01389	0.00789	0.01128	0.00756	0.00792	0.01234	0.00198	0.43883	0.00424	0.00255	0.00681
5	0.01228	0.01039	0.01178	0.06800	0.01508	0.01169	0.00860	0.02367	0.48242	0.02248	0.15881	0.07633	0.05490	0.00941	0.00622	0.00197	0.00435	0.00806	0.00570	0.00786
6	0.00709	0.00506	0.00675	0.00810	0.00843	0.00472	0.00540	0.00810	0.01113	0.01484	0.03205	0.79184	0.03846	0.01822	0.00742	0.00236	0.00337	0.01653	0.00540	0.00472
7	0.00831	0.00623	0.00935	0.00935	0.01038	0.00727	0.00727	0.01038	0.00935	0.01350	0.01558	0.02285	0.01454	0.04361	0.77259	0.00935	0.01558	0.00623	0.00312	0.00519
8	0.00709	0.00506	0.00675	0.00810	0.00843	0.00472	0.00540	0.00810	0.01113	0.01484	0.03205	0.79184	0.03846	0.01822	0.00742	0.00236	0.00337	0.01653	0.00540	0.00472
9	0.01555	0.79913	0.03047	0.00995	0.01493	0.02301	0.00995	0.01741	0.01182	0.01368	0.00808	0.00933	0.00746	0.00498	0.00373	0.00124	0.00622	0.00311	0.00249	0.00746
10	0.02172	0.02772	0.01648	0.01498	0.01798	0.77228	0.01124	0.02322	0.01648	0.01423	0.00899	0.01049	0.00749	0.00599	0.00524	0.00150	0.01049	0.00375	0.00300	0.00674
11	0.01446	0.01249	0.01315	0.01183	0.01512	0.01446	0.00920	0.03090	0.74885	0.02433	0.02367	0.02170	0.01775	0.00789	0.00592	0.00197	0.00460	0.00657	0.00592	0.00920
12	0.02172	0.02772	0.01648	0.01498	0.01798	0.77228	0.01124	0.02322	0.01648	0.01423	0.00899	0.01049	0.00749	0.00599	0.00524	0.00150	0.01049	0.00375	0.00300	0.00674
13	0.01071	0.00546	0.00561	0.00561	0.00695	0.00551	0.00422	0.01339	0.01205	0.02128	0.01880	0.02174	0.01489	0.00860	0.04210	0.00175	0.00335	0.00546	0.78709	0.00541
14	0.01802	0.23764	0.02008	0.07052	0.01822	0.42861	0.01110	0.01982	0.01406	0.01407	0.00915	0.01135	0.00791	0.00803	0.04898	0.00196	0.04699	0.00388	0.00281	0.00681
15	0.01206	0.01034	0.01206	0.00861	0.01378	0.00775	0.00689	0.01464	0.01206	0.01895	0.01034	0.01206	0.00861	0.00431	0.00431	0.00086	0.00431	0.00345	0.00345	0.83118
16	0.02053	0.06886	0.11559	0.01229	0.01681	0.06771	0.01118	0.09165	0.09390	0.35641	0.01735	0.01653	0.01192	0.00701	0.00661	0.00181	0.06425	0.00527	0.00533	0.00899
17	0.07098	0.00805	0.01248	0.17151	0.01775	0.00859	0.08801	0.01157	0.01111	0.01572	0.02106	0.36933	0.02320	0.05707	0.00902	0.04171	0.02451	0.02880	0.00409	0.00543
18	0.01155	0.02867	0.01059	0.00984	0.05602	0.00770	0.00705	0.01537	0.08073	0.10816	0.44956	0.03519	0.08955	0.01017	0.00636	0.00177	0.00361	0.00883	0.00590	0.05338
19	0.00707	0.00510	0.00671	0.00799	0.00841	0.00473	0.00535	0.00811	0.01124	0.01489	0.03336	0.75611	0.07335	0.01805	0.00740	0.00234	0.00335	0.01632	0.00540	0.00473
20	0.01206	0.01034	0.01206	0.00861	0.01378	0.00775	0.00689	0.01464	0.01206	0.01895	0.01034	0.01206	0.00861	0.00431	0.00431	0.00086	0.00431	0.00345	0.00345	0.83118
21	0.02130	0.01589	0.01700	0.01322	0.01773	0.01766	0.01086	0.66538	0.10323	0.03535	0.01498	0.01478	0.01072	0.00708	0.00583	0.00177	0.00621	0.00538	0.00583	0.00982
22	0.01157	0.01149	0.02107	0.61882	0.03797	0.01330	0.17144	0.01567	0.01208	0.01567	0.01064	0.01554	0.00798	0.00562	0.00604	0.00194	0.00819	0.00553	0.00266	0.00676
23	0.01332	0.01921	0.24458	0.02012	0.02621	0.01408	0.41079	0.07165	0.01403	0.01956	0.01266	0.06168	0.01025	0.00619	0.00675	0.00195	0.02929	0.00653	0.00315	0.00799
24	0.01190	0.02445	0.53439	0.14854	0.05692	0.01352	0.04956	0.01850	0.05396	0.01817	0.01124	0.01359	0.00816	0.00567	0.00566	0.00187	0.00821	0.00472	0.00271	0.00826
25	0.02609	0.00990	0.01350	0.01035	0.01484	0.00855	0.00855	0.02834	0.01664	0.76338	0.02294	0.01979	0.01439	0.00720	0.00585	0.00180	0.00495	0.00585	0.00720	0.00990
26	0.02047	0.01056	0.01293	0.01076	0.01454	0.01053	0.00859	0.02800	0.29282	0.43592	0.02380	0.07037	0.01722	0.00817	0.00598	0.00190	0.00472	0.00681	0.00660	0.00930
27	0.01236	0.01498	0.11056	0.25979	0.02688	0.06005	0.15308	0.01581	0.01173	0.01577	0.01153	0.07215	0.01016	0.00757	0.00918	0.00208	0.19050	0.00613	0.00286	0.00685
28	0.01350	0.01502	0.03211	0.02439	0.07635	0.01416	0.64739	0.01818	0.01367	0.01858	0.01287	0.01864	0.01035	0.00560	0.00686	0.00199	0.00935	0.05013	0.00308	0.00778
29	0.00831	0.00619	0.00646	0.00622	0.00838	0.00518	0.00473	0.00984	0.01351	0.07153	0.05622	0.05326	0.70156	0.01417	0.00680	0.00195	0.00310	0.01179	0.00553	0.00528
30	0.01217	0.00928	0.01374	0.01737	0.26810	0.00891	0.01004	0.01545	0.04196	0.09425	0.30575	0.03197	0.12831	0.00935	0.00635	0.00181	0.00449	0.00831	0.00511	0.00727
31	0.01400	0.05926	0.38825	0.03376	0.04188	0.01385	0.25103	0.01934	0.01317	0.09233	0.01201	0.01410	0.00859	0.00546	0.00591	0.00185	0.00846	0.00526	0.00310	0.00840
32	0.00724	0.00550	0.00700	0.03607	0.00948	0.00511	0.00557	0.00857	0.01196	0.01553	0.07868	0.54463	0.21030	0.01657	0.00720	0.00222	0.00340	0.01475	0.00535	0.00488
33	0.00687	0.00589	0.00589	0.00589	0.00785	0.00491	0.00442	0.00835	0.01325	0.01571	0.05891	0.05596	0.75700	0.01473	0.00687	0.00196	0.00295	0.01227	0.00540	0.00491
34	0.01113	0.01178	0.06388	0.65052	0.03734	0.01288	0.06966	0.01519	0.01174	0.01530	0.01064	0.01559	0.00806	0.00712	0.03417	0.00221	0.00824	0.00528	0.00262	0.00665

[dist]
# distance from previous block
# <min> <max>
0	400

# created by:
# /software/SequenceAnalysis/GenePrediction/augustus/3.0.1/scripts/msa2prfl.pl ./fixed/BUSCOvEOG754BCF.fas
