[name]
unknown

[dist]
# distance from previous block
# <min> <max>
17	104

[block]
# block no. 0 follows, 41 sequences, length 80
# corresponding to MSA columns:
# 108-187
name=unknown_A
#
# <colnr> <probs for GDERKNQSTAVLIFYWHMCP>
#	G	D	E	R	K	N	Q	S	T	A	V	L	I	F	Y	W	H	M	C	P
0	0.01021	0.00693	0.00762	0.00754	0.00772	0.00667	0.00434	0.00973	0.00954	0.01290	0.01960	0.03920	0.02215	0.77740	0.02920	0.00577	0.00614	0.00879	0.00407	0.00448
1	0.02640	0.01147	0.01468	0.01160	0.01605	0.01023	0.00932	0.07225	0.04528	0.67550	0.02350	0.02147	0.01556	0.00825	0.00651	0.00210	0.00555	0.00629	0.00745	0.01054
2	0.00890	0.00638	0.00801	0.00922	0.00972	0.00579	0.00613	0.00938	0.01209	0.01631	0.03272	0.77526	0.03870	0.01877	0.00801	0.00264	0.00398	0.01651	0.00586	0.00562
3	0.00890	0.00638	0.00801	0.00922	0.00972	0.00579	0.00613	0.00938	0.01209	0.01631	0.03272	0.77526	0.03870	0.01877	0.00801	0.00264	0.00398	0.01651	0.00586	0.00562
4	0.81742	0.01228	0.00973	0.00879	0.01241	0.01374	0.00699	0.01798	0.01091	0.02706	0.00983	0.01187	0.00797	0.00652	0.00436	0.00210	0.00505	0.00372	0.00415	0.00713
5	0.81742	0.01228	0.00973	0.00879	0.01241	0.01374	0.00699	0.01798	0.01091	0.02706	0.00983	0.01187	0.00797	0.00652	0.00436	0.00210	0.00505	0.00372	0.00415	0.00713
6	0.01428	0.01370	0.01858	0.01607	0.01625	0.01830	0.01313	0.01502	0.00997	0.01550	0.00939	0.01499	0.00924	0.01108	0.01915	0.00281	0.76663	0.00558	0.00314	0.00719
7	0.01421	0.01175	0.01338	0.00998	0.01507	0.00926	0.00779	0.05710	0.01383	0.02122	0.01217	0.01447	0.01025	0.00562	0.00512	0.00125	0.00498	0.00411	0.00413	0.76429
8	0.01341	0.00773	0.00793	0.00751	0.00926	0.00762	0.00557	0.08469	0.01450	0.02400	0.02024	0.05237	0.01660	0.00828	0.00510	0.00175	0.00372	0.00629	0.69673	0.00669
9	0.01021	0.00693	0.00762	0.00754	0.00772	0.00667	0.00434	0.00973	0.00954	0.01290	0.01960	0.03920	0.02215	0.77740	0.02920	0.00577	0.00614	0.00879	0.00407	0.00448
10	0.00890	0.00638	0.00801	0.00922	0.00972	0.00579	0.00613	0.00938	0.01209	0.01631	0.03272	0.77526	0.03870	0.01877	0.00801	0.00264	0.00398	0.01651	0.00586	0.00562
11	0.01595	0.01347	0.01412	0.01279	0.01611	0.01510	0.00977	0.03117	0.73281	0.02537	0.02471	0.02357	0.01891	0.00890	0.00658	0.00226	0.00515	0.00700	0.00636	0.00991
12	0.01636	0.01350	0.01503	0.03700	0.05935	0.01462	0.01038	0.12389	0.49009	0.02565	0.02193	0.05897	0.01755	0.00884	0.00653	0.00217	0.00553	0.00699	0.00591	0.05972
13	0.01532	0.04946	0.03419	0.02430	0.03006	0.01567	0.69152	0.01939	0.01449	0.01972	0.01318	0.01756	0.01033	0.00605	0.00735	0.00222	0.00997	0.00712	0.00350	0.00859
14	0.01698	0.78093	0.03067	0.01099	0.01592	0.02326	0.01048	0.01828	0.01275	0.01520	0.00982	0.01175	0.00908	0.00611	0.00449	0.00157	0.00669	0.00369	0.00308	0.00824
15	0.00870	0.00717	0.00719	0.00711	0.00917	0.00597	0.00520	0.00962	0.01412	0.01714	0.05838	0.05631	0.74109	0.01543	0.00749	0.00226	0.00357	0.01244	0.00587	0.00580
16	0.01251	0.01251	0.01752	0.01502	0.01502	0.01752	0.01251	0.01377	0.00876	0.01377	0.00751	0.01251	0.00751	0.01001	0.01877	0.00250	0.78851	0.00501	0.00250	0.00626
17	0.00697	0.00498	0.00664	0.00796	0.00830	0.00465	0.00531	0.00796	0.01095	0.01460	0.03153	0.79525	0.03783	0.01792	0.00730	0.00232	0.00332	0.01626	0.00531	0.00465
18	0.83938	0.01106	0.00841	0.00752	0.01106	0.01283	0.00619	0.01681	0.00973	0.02566	0.00796	0.00929	0.00619	0.00531	0.00354	0.00177	0.00442	0.00310	0.00354	0.00619
19	0.00843	0.00618	0.00785	0.00739	0.00883	0.00586	0.00554	0.01169	0.05764	0.02226	0.66276	0.04138	0.08497	0.01184	0.00714	0.02569	0.00288	0.01005	0.00611	0.00549
20	0.02116	0.02687	0.01641	0.01532	0.03909	0.75413	0.01124	0.02269	0.01612	0.01413	0.00890	0.01043	0.00742	0.00587	0.00517	0.00148	0.01021	0.00372	0.00294	0.00670
21	0.01147	0.02959	0.76934	0.01630	0.02476	0.01328	0.02113	0.01811	0.01208	0.01811	0.01026	0.01208	0.00725	0.00543	0.00543	0.00181	0.00845	0.00423	0.00242	0.00845
22	0.02106	0.01563	0.01643	0.01272	0.01707	0.03438	0.01046	0.68336	0.02574	0.03465	0.01392	0.01411	0.00997	0.00683	0.00560	0.00169	0.00617	0.00513	0.05568	0.00939
23	0.00861	0.00620	0.00757	0.00824	0.00917	0.00613	0.00576	0.05751	0.05715	0.01707	0.03026	0.60782	0.06828	0.01564	0.00685	0.00217	0.00352	0.01398	0.06276	0.00530
24	0.01330	0.01134	0.01281	0.04169	0.03743	0.01294	0.00959	0.02647	0.58538	0.02234	0.02352	0.02775	0.01929	0.00888	0.00614	0.00204	0.00483	0.12040	0.00552	0.00835
25	0.01559	0.77967	0.02949	0.00980	0.01468	0.02222	0.00975	0.01744	0.01176	0.03510	0.00837	0.00947	0.00754	0.00496	0.00373	0.00124	0.00608	0.00314	0.00258	0.00741
26	0.01423	0.01229	0.01293	0.01164	0.01487	0.01423	0.00905	0.03039	0.75297	0.02393	0.02328	0.02134	0.01746	0.00776	0.00582	0.00194	0.00453	0.00647	0.00582	0.00905
27	0.02557	0.00989	0.01337	0.01025	0.01468	0.00863	0.00847	0.04526	0.01663	0.74951	0.02235	0.01933	0.01405	0.00707	0.00575	0.00177	0.00490	0.00574	0.00705	0.00973
28	0.01080	0.01017	0.01716	0.78523	0.03940	0.01271	0.01589	0.01461	0.01144	0.01461	0.01017	0.01525	0.00762	0.00572	0.00572	0.00191	0.00762	0.00508	0.00254	0.00635
29	0.00810	0.00585	0.00765	0.00720	0.00855	0.00540	0.00540	0.01079	0.01619	0.02294	0.76028	0.04273	0.05397	0.01169	0.00675	0.00180	0.00270	0.01034	0.00630	0.00540
30	0.00697	0.00498	0.00664	0.00796	0.00830	0.00465	0.00531	0.00796	0.01095	0.01460	0.03153	0.79525	0.03783	0.01792	0.00730	0.00232	0.00332	0.01626	0.00531	0.00465
31	0.02174	0.01602	0.01717	0.01316	0.01774	0.01774	0.01087	0.74423	0.02689	0.03605	0.01373	0.01373	0.00973	0.00687	0.00572	0.00172	0.00629	0.00515	0.00572	0.00973
32	0.25610	0.01442	0.01445	0.01147	0.01568	0.01616	0.00944	0.50074	0.05723	0.03248	0.01254	0.01283	0.00909	0.00646	0.00510	0.00174	0.00567	0.00462	0.00510	0.00868
33	0.00874	0.00623	0.00860	0.00987	0.01094	0.00617	0.00824	0.01096	0.01255	0.01640	0.03006	0.20604	0.03341	0.04612	0.00859	0.00268	0.00490	0.55922	0.00521	0.00508
34	0.01467	0.01115	0.01194	0.01067	0.01375	0.01256	0.00832	0.02790	0.59426	0.08320	0.02260	0.02119	0.01682	0.00756	0.00557	0.00184	0.00430	0.00626	0.11683	0.00861
35	0.01564	0.75838	0.02919	0.01007	0.01485	0.06543	0.00986	0.01745	0.01188	0.01349	0.00800	0.00924	0.00734	0.00495	0.00375	0.00124	0.00636	0.00309	0.00248	0.00730
36	0.02079	0.00867	0.01146	0.00920	0.01287	0.00750	0.00745	0.02287	0.01563	0.56996	0.07780	0.05627	0.13576	0.00897	0.00604	0.00182	0.00435	0.00746	0.00668	0.00847
37	0.00787	0.00584	0.00733	0.00696	0.00840	0.00530	0.00522	0.01035	0.01565	0.02165	0.63969	0.04484	0.17536	0.01217	0.00675	0.00182	0.00273	0.01064	0.00613	0.00530
38	0.00697	0.00498	0.00664	0.00796	0.00830	0.00465	0.00531	0.00796	0.01095	0.01460	0.03153	0.79525	0.03783	0.01792	0.00730	0.00232	0.00332	0.01626	0.00531	0.00465
39	0.02566	0.00973	0.01327	0.01018	0.01460	0.00841	0.00841	0.02788	0.01637	0.76726	0.02257	0.01947	0.01416	0.00708	0.00575	0.00177	0.00487	0.00575	0.00708	0.00973
40	0.01080	0.01017	0.01716	0.78523	0.03940	0.01271	0.01589	0.01461	0.01144	0.01461	0.01017	0.01525	0.00762	0.00572	0.00572	0.00191	0.00762	0.00508	0.00254	0.00635
41	0.00810	0.00585	0.00765	0.00720	0.00855	0.00540	0.00540	0.01079	0.01619	0.02294	0.76028	0.04273	0.05397	0.01169	0.00675	0.00180	0.00270	0.01034	0.00630	0.00540
42	0.00866	0.00689	0.00936	0.00931	0.01037	0.03558	0.00718	0.01063	0.00943	0.01324	0.01516	0.02247	0.01424	0.06405	0.72550	0.00880	0.01484	0.00610	0.00307	0.00511
43	0.01573	0.01505	0.02159	0.05247	0.57426	0.08306	0.01602	0.11565	0.01513	0.02048	0.01097	0.01378	0.00895	0.00542	0.00563	0.00169	0.00707	0.00498	0.00322	0.00885
44	0.01316	0.01441	0.02810	0.02094	0.02472	0.01553	0.48848	0.01674	0.01185	0.01674	0.01016	0.01441	0.00827	0.00663	0.01093	0.00213	0.28069	0.00614	0.00276	0.00721
45	0.06085	0.01596	0.01618	0.01268	0.01697	0.06007	0.01038	0.62309	0.04641	0.03345	0.01362	0.01379	0.00981	0.00676	0.00553	0.00170	0.00626	0.00501	0.03227	0.00922
46	0.01554	0.64850	0.02691	0.01024	0.01489	0.02121	0.00975	0.06300	0.11223	0.01623	0.01036	0.01109	0.00885	0.00540	0.00408	0.00135	0.00591	0.00364	0.00310	0.00772
47	0.00697	0.00498	0.00664	0.00796	0.00830	0.00465	0.00531	0.00796	0.01095	0.01460	0.03153	0.79525	0.03783	0.01792	0.00730	0.00232	0.00332	0.01626	0.00531	0.00465
48	0.01436	0.61412	0.21013	0.01137	0.01714	0.02035	0.01255	0.01737	0.01173	0.01459	0.00852	0.00988	0.00732	0.00503	0.00410	0.00137	0.00669	0.00334	0.00244	0.00761
49	0.00947	0.01070	0.11117	0.00974	0.01230	0.00890	0.00862	0.01434	0.14962	0.01731	0.04829	0.16518	0.28293	0.01222	0.00762	0.00207	0.07387	0.04464	0.00478	0.00623
50	0.00710	0.00507	0.00678	0.00811	0.00850	0.00476	0.00553	0.00819	0.01108	0.01474	0.03146	0.75373	0.03755	0.01780	0.00733	0.00234	0.00343	0.05651	0.00531	0.00468
51	0.02274	0.11435	0.06451	0.01061	0.01529	0.01091	0.00945	0.02599	0.05732	0.57827	0.01991	0.01776	0.01301	0.00673	0.00546	0.00171	0.00524	0.00534	0.00610	0.00930
52	0.01379	0.01349	0.02384	0.10039	0.61869	0.01361	0.09693	0.01738	0.01294	0.01829	0.01080	0.01439	0.00889	0.00512	0.00579	0.00174	0.00718	0.00528	0.00281	0.00867
53	0.01170	0.07645	0.72451	0.01591	0.02415	0.01385	0.02045	0.01805	0.01205	0.01783	0.01012	0.01190	0.00725	0.00540	0.00533	0.00178	0.00831	0.00416	0.00242	0.00839
54	0.02497	0.00989	0.01325	0.01027	0.01462	0.00876	0.00845	0.02803	0.06104	0.72219	0.02261	0.01958	0.01436	0.00712	0.00576	0.00178	0.00485	0.00580	0.00700	0.00969
55	0.02032	0.01531	0.01636	0.01287	0.01719	0.01707	0.01053	0.60884	0.16460	0.03375	0.01554	0.01518	0.01119	0.00704	0.00574	0.00176	0.00596	0.00540	0.00574	0.00960
56	0.00684	0.00580	0.00590	0.00588	0.00777	0.00486	0.00441	0.00836	0.01322	0.01589	0.09903	0.05433	0.71962	0.01432	0.00676	0.00192	0.00289	0.01197	0.00537	0.00486
57	0.01186	0.01017	0.01186	0.00847	0.01356	0.00762	0.00678	0.01440	0.01186	0.01864	0.01017	0.01186	0.00847	0.00424	0.00424	0.00085	0.00424	0.00339	0.00339	0.83395
58	0.00698	0.00580	0.00610	0.00603	0.00786	0.00492	0.00452	0.00864	0.01356	0.01669	0.17454	0.05300	0.64360	0.01402	0.00676	0.00191	0.00286	0.01178	0.00548	0.00492
59	0.00711	0.00581	0.00627	0.00616	0.00794	0.00498	0.00462	0.00888	0.01386	0.01739	0.24018	0.05185	0.57753	0.01376	0.00676	0.00190	0.00285	0.01162	0.00557	0.00498
60	0.02137	0.02726	0.01621	0.01474	0.01768	0.77602	0.01105	0.02284	0.01621	0.01400	0.00884	0.01031	0.00737	0.00589	0.00516	0.00147	0.01031	0.00368	0.00295	0.00663
61	0.83938	0.01106	0.00841	0.00752	0.01106	0.01283	0.00619	0.01681	0.00973	0.02566	0.00796	0.00929	0.00619	0.00531	0.00354	0.00177	0.00442	0.00310	0.00354	0.00619
62	0.00697	0.00498	0.00664	0.00796	0.00830	0.00465	0.00531	0.00796	0.01095	0.01460	0.03153	0.79525	0.03783	0.01792	0.00730	0.00232	0.00332	0.01626	0.00531	0.00465
63	0.02136	0.01565	0.01676	0.01289	0.01736	0.01731	0.01063	0.71897	0.02638	0.03554	0.01390	0.01400	0.00990	0.00686	0.00566	0.00170	0.00617	0.00516	0.03424	0.00958
64	0.01491	0.72606	0.10303	0.01043	0.01568	0.02171	0.01091	0.01722	0.01167	0.01392	0.00818	0.00946	0.00733	0.00495	0.00384	0.00128	0.00635	0.00317	0.00244	0.00745
65	0.00777	0.00560	0.00727	0.00834	0.00892	0.00543	0.00582	0.02397	0.03346	0.01539	0.03014	0.64948	0.03536	0.05512	0.00834	0.00249	0.00371	0.08327	0.00524	0.00488
66	0.00852	0.04480	0.01020	0.00922	0.01043	0.00790	0.00728	0.01055	0.00931	0.01329	0.01496	0.02183	0.01396	0.04105	0.73879	0.00881	0.01487	0.00598	0.00303	0.00522
67	0.01251	0.01251	0.01752	0.01502	0.01502	0.01752	0.01251	0.01377	0.00876	0.01377	0.00751	0.01251	0.00751	0.01001	0.01877	0.00250	0.78851	0.00501	0.00250	0.00626
68	0.01186	0.01017	0.01186	0.00847	0.01356	0.00762	0.00678	0.01440	0.01186	0.01864	0.01017	0.01186	0.00847	0.00424	0.00424	0.00085	0.00424	0.00339	0.00339	0.83395
69	0.00684	0.00575	0.00593	0.00598	0.00780	0.00485	0.00445	0.00832	0.01307	0.01576	0.08991	0.09651	0.68621	0.01455	0.00679	0.00195	0.00291	0.01223	0.00536	0.00485
70	0.01350	0.01543	0.03375	0.02411	0.02989	0.01446	0.74253	0.01832	0.01350	0.01832	0.01157	0.01543	0.00868	0.00482	0.00675	0.00193	0.00964	0.00675	0.00289	0.00771
71	0.00676	0.00579	0.00579	0.00579	0.00773	0.00483	0.00435	0.00821	0.01304	0.01545	0.05794	0.05505	0.76098	0.01449	0.00676	0.00193	0.00290	0.01207	0.00531	0.00483
72	0.00697	0.00498	0.00664	0.00796	0.00830	0.00465	0.00531	0.00796	0.01095	0.01460	0.03153	0.79525	0.03783	0.01792	0.00730	0.00232	0.00332	0.01626	0.00531	0.00465
73	0.02566	0.00973	0.01327	0.01018	0.01460	0.00841	0.00841	0.02788	0.01637	0.76726	0.02257	0.01947	0.01416	0.00708	0.00575	0.00177	0.00487	0.00575	0.00708	0.00973
74	0.01529	0.80242	0.02997	0.00979	0.01468	0.02263	0.00979	0.01713	0.01162	0.01346	0.00795	0.00918	0.00734	0.00489	0.00367	0.00122	0.00612	0.00306	0.00245	0.00734
75	0.00812	0.00596	0.00855	0.00863	0.00945	0.00673	0.00643	0.00977	0.00916	0.01300	0.01675	0.07178	0.01679	0.16537	0.60716	0.00818	0.01299	0.00710	0.00327	0.00481
76	0.00697	0.00498	0.00664	0.00796	0.00830	0.00465	0.00531	0.00796	0.01095	0.01460	0.03153	0.79525	0.03783	0.01792	0.00730	0.00232	0.00332	0.01626	0.00531	0.00465
77	0.01423	0.01229	0.01293	0.01164	0.01487	0.01423	0.00905	0.03039	0.75297	0.02393	0.02328	0.02134	0.01746	0.00776	0.00582	0.00194	0.00453	0.00647	0.00582	0.00905
78	0.00697	0.00498	0.00664	0.00796	0.00830	0.00465	0.00531	0.00796	0.01095	0.01460	0.03153	0.79525	0.03783	0.01792	0.00730	0.00232	0.00332	0.01626	0.00531	0.00465
79	0.01350	0.01543	0.03375	0.02411	0.02989	0.01446	0.74253	0.01832	0.01350	0.01832	0.01157	0.01543	0.00868	0.00482	0.00675	0.00193	0.00964	0.00675	0.00289	0.00771

[dist]
# distance from previous block
# <min> <max>
0	43

[block]
# block no. 1 follows, 41 sequences, length 52
# corresponding to MSA columns:
# 231-282
name=unknown_B
#
# <colnr> <probs for GDERKNQSTAVLIFYWHMCP>
#	G	D	E	R	K	N	Q	S	T	A	V	L	I	F	Y	W	H	M	C	P
0	0.83938	0.01106	0.00841	0.00752	0.01106	0.01283	0.00619	0.01681	0.00973	0.02566	0.00796	0.00929	0.00619	0.00531	0.00354	0.00177	0.00442	0.00310	0.00354	0.00619
1	0.00819	0.00607	0.00891	0.00891	0.00983	0.00699	0.00679	0.01003	0.00911	0.01307	0.01558	0.02393	0.01493	0.11649	0.70359	0.00884	0.01437	0.00634	0.00310	0.00495
2	0.05246	0.02867	0.73167	0.01587	0.02408	0.01326	0.02039	0.01805	0.01196	0.01849	0.01015	0.01194	0.00719	0.00543	0.00534	0.00181	0.00825	0.00417	0.00247	0.00834
3	0.01186	0.01017	0.01186	0.00847	0.01356	0.00762	0.00678	0.01440	0.01186	0.01864	0.01017	0.01186	0.00847	0.00424	0.00424	0.00085	0.00424	0.00339	0.00339	0.83395
4	0.01498	0.73911	0.09054	0.01032	0.01551	0.02187	0.01072	0.01721	0.01166	0.01384	0.00814	0.00941	0.00733	0.00494	0.00381	0.00127	0.00631	0.00315	0.00244	0.00743
5	0.01504	0.01032	0.01305	0.03599	0.06419	0.00872	0.00826	0.05706	0.01361	0.17126	0.01418	0.06002	0.01144	0.00587	0.00495	0.00126	0.00470	0.00489	0.00432	0.49087
6	0.15236	0.03966	0.01541	0.04399	0.01697	0.09269	0.01009	0.42283	0.02062	0.06752	0.01336	0.01573	0.01028	0.00692	0.00537	0.00175	0.00632	0.04486	0.00490	0.00838
7	0.00753	0.00582	0.00686	0.00660	0.00820	0.00515	0.00495	0.00969	0.01485	0.01974	0.46055	0.04798	0.35570	0.01289	0.00675	0.00186	0.00278	0.01108	0.00588	0.00515
8	0.01145	0.00971	0.01038	0.00964	0.01220	0.01061	0.00738	0.02197	0.46498	0.02124	0.09820	0.08596	0.19187	0.01037	0.00622	0.00195	0.00390	0.00879	0.00571	0.00745
9	0.01397	0.01631	0.13679	0.02881	0.47637	0.01379	0.13753	0.05758	0.01372	0.01947	0.01133	0.01493	0.00918	0.00539	0.00585	0.00177	0.00746	0.01804	0.00298	0.00872
10	0.00933	0.01063	0.16003	0.00977	0.01227	0.00710	0.00883	0.01238	0.04377	0.05786	0.09146	0.44307	0.07129	0.01362	0.00671	0.00211	0.00444	0.02443	0.00493	0.00596
11	0.02519	0.00984	0.01326	0.01024	0.01461	0.00865	0.00843	0.02798	0.04689	0.73647	0.02260	0.01955	0.01430	0.00711	0.00575	0.00178	0.00485	0.00578	0.00703	0.00971
12	0.01203	0.02543	0.56174	0.01856	0.05346	0.01370	0.16817	0.01797	0.01228	0.01801	0.01044	0.01286	0.00762	0.00547	0.00622	0.00186	0.03859	0.00481	0.00253	0.00824
13	0.01305	0.05859	0.04495	0.17596	0.06107	0.01451	0.51135	0.01748	0.01293	0.01732	0.01103	0.01492	0.00838	0.00503	0.00630	0.00187	0.00890	0.00609	0.00279	0.00749
14	0.00794	0.00587	0.00852	0.00878	0.00961	0.00656	0.00658	0.00966	0.00950	0.01342	0.01871	0.17798	0.01937	0.07942	0.58134	0.00762	0.01238	0.00828	0.00354	0.00492
15	0.02344	0.01188	0.01443	0.01122	0.01558	0.01177	0.00922	0.24639	0.08558	0.47784	0.01994	0.01789	0.01310	0.00708	0.00575	0.00177	0.00527	0.00563	0.00655	0.00967
16	0.01446	0.01323	0.02245	0.07598	0.69086	0.01332	0.01707	0.01783	0.01308	0.05043	0.01123	0.01444	0.00920	0.00522	0.00567	0.00171	0.00676	0.00512	0.00300	0.00894
17	0.01175	0.02512	0.57102	0.01867	0.09738	0.01303	0.10530	0.01758	0.01228	0.01802	0.01152	0.05145	0.00911	0.00595	0.00570	0.00184	0.00818	0.00521	0.00266	0.00824
18	0.01687	0.01899	0.01462	0.01313	0.01523	0.40519	0.01005	0.05887	0.06648	0.01553	0.01141	0.01541	0.01018	0.08549	0.08484	0.00283	0.14026	0.00486	0.00329	0.00646
19	0.75901	0.01117	0.00858	0.00767	0.01109	0.02778	0.00627	0.03248	0.01036	0.02541	0.00870	0.01008	0.00677	0.00543	0.00364	0.00174	0.00448	0.00328	0.04982	0.00623
20	0.01423	0.01229	0.01293	0.01164	0.01487	0.01423	0.00905	0.03039	0.75297	0.02393	0.02328	0.02134	0.01746	0.00776	0.00582	0.00194	0.00453	0.00647	0.00582	0.00905
21	0.01349	0.01327	0.02358	0.12884	0.50514	0.01330	0.13866	0.01713	0.01284	0.01810	0.01079	0.01439	0.00878	0.00508	0.00577	0.00172	0.00724	0.00528	0.00283	0.05379
22	0.00719	0.00511	0.00674	0.00796	0.00831	0.00482	0.00536	0.00819	0.01085	0.01445	0.03037	0.69596	0.03620	0.08116	0.00910	0.00260	0.00360	0.05229	0.00516	0.00458
23	0.01461	0.01095	0.01304	0.01083	0.01357	0.01157	0.04597	0.35659	0.01886	0.02533	0.10102	0.15823	0.04997	0.13112	0.00979	0.00244	0.00531	0.00849	0.00520	0.00711
24	0.00753	0.00536	0.00718	0.00844	0.00897	0.00512	0.00607	0.00883	0.01130	0.01497	0.03055	0.59597	0.03587	0.05808	0.00857	0.00256	0.00386	0.17086	0.00520	0.00472
25	0.01361	0.01147	0.01240	0.01134	0.01432	0.01307	0.00894	0.04957	0.61441	0.02354	0.06205	0.02675	0.02074	0.00878	0.00608	0.00200	0.00456	0.08209	0.00578	0.00849
26	0.02016	0.02237	0.01591	0.01392	0.01713	0.49566	0.01073	0.18153	0.08989	0.01978	0.01149	0.01256	0.00909	0.00752	0.02955	0.00183	0.02516	0.00438	0.00383	0.00749
27	0.01536	0.70349	0.08240	0.01053	0.01557	0.06408	0.01067	0.01752	0.01191	0.01382	0.00817	0.00945	0.00734	0.00499	0.00388	0.00128	0.00652	0.00318	0.00247	0.00738
28	0.01186	0.01017	0.01186	0.00847	0.01356	0.00762	0.00678	0.01440	0.01186	0.01864	0.01017	0.01186	0.00847	0.00424	0.00424	0.00085	0.00424	0.00339	0.00339	0.83395
29	0.00743	0.00530	0.00711	0.00832	0.00887	0.00503	0.00593	0.00877	0.01154	0.01539	0.06896	0.61900	0.03752	0.03222	0.00779	0.00241	0.00366	0.13466	0.00532	0.00477
30	0.01174	0.08451	0.71680	0.01584	0.02404	0.01395	0.02033	0.01804	0.01204	0.01778	0.01010	0.01187	0.00725	0.00540	0.00531	0.00177	0.00829	0.00414	0.00242	0.00837
31	0.02566	0.00973	0.01327	0.01018	0.01460	0.00841	0.00841	0.02788	0.01637	0.76726	0.02257	0.01947	0.01416	0.00708	0.00575	0.00177	0.00487	0.00575	0.00708	0.00973
32	0.02566	0.00973	0.01327	0.01018	0.01460	0.00841	0.00841	0.02788	0.01637	0.76726	0.02257	0.01947	0.01416	0.00708	0.00575	0.00177	0.00487	0.00575	0.00708	0.00973
33	0.01306	0.01278	0.01758	0.40763	0.07662	0.08774	0.05175	0.04765	0.05317	0.01664	0.01107	0.01490	0.00869	0.00642	0.00737	0.00190	0.11114	0.00511	0.04191	0.00686
34	0.70580	0.08224	0.01030	0.00770	0.01121	0.01319	0.00646	0.01641	0.01036	0.02437	0.06143	0.01166	0.00969	0.00573	0.00378	0.00172	0.00446	0.00361	0.00364	0.00624
35	0.46120	0.01229	0.01180	0.00963	0.01362	0.01352	0.00794	0.23217	0.01590	0.15468	0.01214	0.01232	0.00858	0.00607	0.00456	0.00175	0.00505	0.00415	0.00478	0.00783
36	0.02067	0.11966	0.01796	0.01399	0.01733	0.61336	0.01088	0.09047	0.01667	0.01602	0.00920	0.01050	0.00759	0.00587	0.00503	0.00147	0.00943	0.00375	0.00315	0.00701
37	0.00810	0.00585	0.00765	0.00720	0.00855	0.00540	0.00540	0.01079	0.01619	0.02294	0.76028	0.04273	0.05397	0.01169	0.00675	0.00180	0.00270	0.01034	0.00630	0.00540
38	0.00697	0.00498	0.00664	0.00796	0.00830	0.00465	0.00531	0.00796	0.01095	0.01460	0.03153	0.79525	0.03783	0.01792	0.00730	0.00232	0.00332	0.01626	0.00531	0.00465
39	0.00731	0.00582	0.00655	0.00637	0.00806	0.00506	0.00478	0.00927	0.01433	0.01852	0.34611	0.04999	0.47090	0.01334	0.00675	0.00188	0.00282	0.01136	0.00572	0.00506
40	0.01423	0.01229	0.01293	0.01164	0.01487	0.01423	0.00905	0.03039	0.75297	0.02393	0.02328	0.02134	0.01746	0.00776	0.00582	0.00194	0.00453	0.00647	0.00582	0.00905
41	0.01529	0.80242	0.02997	0.00979	0.01468	0.02263	0.00979	0.01713	0.01162	0.01346	0.00795	0.00918	0.00734	0.00489	0.00367	0.00122	0.00612	0.00306	0.00245	0.00734
42	0.01423	0.01229	0.01293	0.01164	0.01487	0.01423	0.00905	0.03039	0.75297	0.02393	0.02328	0.02134	0.01746	0.00776	0.00582	0.00194	0.00453	0.00647	0.00582	0.00905
43	0.00994	0.00497	0.00745	0.00745	0.00745	0.00497	0.00497	0.00745	0.00745	0.00994	0.00994	0.01739	0.00994	0.01987	0.02235	0.83358	0.00497	0.00497	0.00248	0.00248
44	0.00737	0.00587	0.00665	0.00659	0.00829	0.00514	0.00504	0.00932	0.01408	0.01803	0.28692	0.05167	0.47676	0.01366	0.00684	0.00194	0.00300	0.06216	0.00563	0.00505
45	0.02174	0.01602	0.01717	0.01316	0.01774	0.01774	0.01087	0.74423	0.02689	0.03605	0.01373	0.01373	0.00973	0.00687	0.00572	0.00172	0.00629	0.00515	0.00572	0.00973
46	0.00922	0.00658	0.00922	0.01053	0.01185	0.00658	0.00922	0.01185	0.01317	0.01712	0.03029	0.06452	0.03292	0.01580	0.00790	0.00263	0.00527	0.72480	0.00527	0.00527
47	0.78050	0.01100	0.00903	0.06279	0.01308	0.01282	0.00688	0.01666	0.00986	0.02488	0.00812	0.00972	0.00630	0.00534	0.00369	0.00178	0.00465	0.00324	0.00347	0.00621
48	0.01347	0.01512	0.03202	0.02407	0.06912	0.01463	0.65083	0.01796	0.01314	0.01802	0.01124	0.01515	0.00862	0.00521	0.00754	0.00196	0.06484	0.00654	0.00286	0.00768
49	0.01147	0.02959	0.76934	0.01630	0.02476	0.01328	0.02113	0.01811	0.01208	0.01811	0.01026	0.01208	0.00725	0.00543	0.00543	0.00181	0.00845	0.00423	0.00242	0.00845
50	0.01190	0.11590	0.68677	0.01558	0.02363	0.01433	0.01987	0.01800	0.01203	0.01759	0.01001	0.01175	0.00726	0.00537	0.00524	0.00175	0.00819	0.00410	0.00242	0.00833
51	0.01147	0.02959	0.76934	0.01630	0.02476	0.01328	0.02113	0.01811	0.01208	0.01811	0.01026	0.01208	0.00725	0.00543	0.00543	0.00181	0.00845	0.00423	0.00242	0.00845

[dist]
# distance from previous block
# <min> <max>
0	1

[block]
# block no. 2 follows, 41 sequences, length 14
# corresponding to MSA columns:
# 284-297
name=unknown_C
#
# <colnr> <probs for GDERKNQSTAVLIFYWHMCP>
#	G	D	E	R	K	N	Q	S	T	A	V	L	I	F	Y	W	H	M	C	P
0	0.01424	0.01400	0.02326	0.06217	0.67641	0.03890	0.05175	0.01766	0.01309	0.01836	0.01071	0.01413	0.00893	0.00513	0.00570	0.00171	0.00708	0.00513	0.00283	0.00881
1	0.01303	0.01345	0.06546	0.18986	0.52758	0.01301	0.01697	0.01667	0.01264	0.01772	0.01165	0.01696	0.00993	0.00582	0.00578	0.00180	0.00699	0.04356	0.00288	0.00825
2	0.01080	0.01017	0.01716	0.78523	0.03940	0.01271	0.01589	0.01461	0.01144	0.01461	0.01017	0.01525	0.00762	0.00572	0.00572	0.00191	0.00762	0.00508	0.00254	0.00635
3	0.00703	0.00500	0.00662	0.00788	0.00820	0.00469	0.00522	0.00798	0.01083	0.01444	0.03089	0.75976	0.03703	0.05450	0.00832	0.00247	0.00342	0.01589	0.00522	0.00459
4	0.01362	0.01460	0.02952	0.05743	0.28018	0.01410	0.46725	0.01792	0.01326	0.01830	0.01124	0.01499	0.00877	0.00495	0.00634	0.00185	0.00859	0.00612	0.00286	0.00812
5	0.02238	0.26085	0.01856	0.01005	0.01463	0.01291	0.00884	0.02447	0.01487	0.52847	0.01794	0.01621	0.01200	0.00639	0.00509	0.00160	0.00526	0.00490	0.00561	0.00898
6	0.00832	0.00555	0.00624	0.00624	0.00624	0.00555	0.00347	0.00832	0.00832	0.01109	0.01802	0.03743	0.02080	0.79898	0.02911	0.00555	0.00555	0.00832	0.00347	0.00347
7	0.01385	0.01484	0.02927	0.02258	0.07325	0.01514	0.52577	0.05973	0.01342	0.01858	0.01093	0.01474	0.00856	0.00587	0.00873	0.00200	0.14587	0.00625	0.00299	0.00766
8	0.67562	0.01180	0.01009	0.12052	0.01552	0.05366	0.00786	0.01682	0.01033	0.02344	0.00833	0.01021	0.00646	0.00540	0.00394	0.00177	0.00520	0.00342	0.00336	0.00624
9	0.00894	0.00748	0.01275	0.01135	0.01306	0.00821	0.11363	0.01139	0.00982	0.01401	0.01478	0.02145	0.01349	0.03739	0.66488	0.00814	0.01450	0.00622	0.00304	0.00548
10	0.01380	0.12928	0.03258	0.02269	0.07120	0.01560	0.59342	0.01810	0.01320	0.01764	0.01100	0.01445	0.00851	0.00485	0.00624	0.00181	0.00896	0.00612	0.00282	0.00774
11	0.00760	0.00593	0.00697	0.00699	0.00862	0.00529	0.00543	0.00968	0.01421	0.01842	0.31002	0.05193	0.39778	0.01366	0.00692	0.00198	0.00317	0.11465	0.00566	0.00510
12	0.01381	0.01168	0.01228	0.01093	0.01409	0.01318	0.00853	0.09070	0.58121	0.02378	0.02745	0.02554	0.12443	0.00865	0.00595	0.00192	0.00445	0.00716	0.00574	0.00850
13	0.00976	0.00770	0.00941	0.01049	0.01194	0.04964	0.00904	0.01226	0.01333	0.01685	0.03069	0.06093	0.07386	0.01517	0.00768	0.00253	0.00541	0.64286	0.00514	0.00532

[dist]
# distance from previous block
# <min> <max>
1	5

[block]
# block no. 3 follows, 41 sequences, length 63
# corresponding to MSA columns:
# 303-365
name=unknown_D
#
# <colnr> <probs for GDERKNQSTAVLIFYWHMCP>
#	G	D	E	R	K	N	Q	S	T	A	V	L	I	F	Y	W	H	M	C	P
0	0.03628	0.01800	0.19106	0.02568	0.42337	0.03753	0.01671	0.14458	0.01524	0.02162	0.01104	0.01337	0.00864	0.00551	0.00555	0.00172	0.00713	0.00481	0.00326	0.00889
1	0.00869	0.00610	0.00794	0.00760	0.00899	0.00571	0.00574	0.02661	0.01584	0.03683	0.63437	0.10703	0.04991	0.01222	0.00680	0.00188	0.00299	0.04309	0.00617	0.00550
2	0.02513	0.00960	0.01308	0.01011	0.01442	0.00830	0.00832	0.02731	0.01622	0.74576	0.02282	0.04163	0.01484	0.00739	0.00580	0.00179	0.00482	0.00605	0.00703	0.00959
3	0.02362	0.01176	0.04288	0.01238	0.06672	0.04408	0.00967	0.04868	0.01617	0.60874	0.02003	0.01801	0.01294	0.00674	0.00566	0.00173	0.00541	0.00547	0.00627	0.03305
4	0.01887	0.01399	0.01540	0.01161	0.01634	0.01429	0.00953	0.49381	0.02190	0.05849	0.01298	0.01338	0.00951	0.00607	0.00527	0.00145	0.00561	0.00463	0.00506	0.26182
5	0.01607	0.70335	0.02821	0.01042	0.01506	0.11892	0.00995	0.01786	0.01221	0.01353	0.00807	0.00932	0.00734	0.00502	0.00386	0.00126	0.00665	0.00314	0.00251	0.00725
6	0.00994	0.00497	0.00745	0.00745	0.00745	0.00497	0.00497	0.00745	0.00745	0.00994	0.00994	0.01739	0.00994	0.01987	0.02235	0.83358	0.00497	0.00497	0.00248	0.00248
7	0.01423	0.01229	0.01293	0.01164	0.01487	0.01423	0.00905	0.03039	0.75297	0.02393	0.02328	0.02134	0.01746	0.00776	0.00582	0.00194	0.00453	0.00647	0.00582	0.00905
8	0.00832	0.00555	0.00624	0.00624	0.00624	0.00555	0.00347	0.00832	0.00832	0.01109	0.01802	0.03743	0.02080	0.79898	0.02911	0.00555	0.00555	0.00832	0.00347	0.00347
9	0.00697	0.00498	0.00664	0.00796	0.00830	0.00465	0.00531	0.00796	0.01095	0.01460	0.03153	0.79525	0.03783	0.01792	0.00730	0.00232	0.00332	0.01626	0.00531	0.00465
10	0.01251	0.01251	0.01752	0.01502	0.01502	0.01752	0.01251	0.01377	0.00876	0.01377	0.00751	0.01251	0.00751	0.01001	0.01877	0.00250	0.78851	0.00501	0.00250	0.00626
11	0.01137	0.00701	0.00897	0.01139	0.16061	0.00701	0.00676	0.01419	0.01220	0.02079	0.01705	0.01987	0.01352	0.00635	0.00434	0.00141	0.00351	0.00528	0.66229	0.00609
12	0.00693	0.00514	0.00647	0.00752	0.00818	0.00468	0.00511	0.00801	0.01138	0.01477	0.03690	0.64465	0.18496	0.01722	0.00719	0.00224	0.00323	0.01541	0.00531	0.00468
13	0.01186	0.01017	0.01186	0.00847	0.01356	0.00762	0.00678	0.01440	0.01186	0.01864	0.01017	0.01186	0.00847	0.00424	0.00424	0.00085	0.00424	0.00339	0.00339	0.83395
14	0.01077	0.00918	0.01475	0.62656	0.03274	0.01121	0.01347	0.01435	0.01155	0.01598	0.01189	0.01649	0.00906	0.00591	0.00537	0.00179	0.00662	0.00513	0.17104	0.00615
15	0.01650	0.01281	0.02119	0.03004	0.61097	0.01254	0.01569	0.01965	0.01371	0.17099	0.01316	0.01524	0.01010	0.00550	0.00568	0.00171	0.00640	0.00523	0.00370	0.00920
16	0.18045	0.01031	0.01242	0.00962	0.01402	0.00906	0.05744	0.01527	0.01181	0.04127	0.01232	0.01742	0.01080	0.00581	0.00470	0.00133	0.00477	0.08067	0.00369	0.49681
17	0.01202	0.02633	0.61754	0.02013	0.17502	0.01335	0.02041	0.01800	0.01227	0.01823	0.01037	0.01250	0.00761	0.00537	0.00548	0.00179	0.00812	0.00440	0.00250	0.00858
18	0.01168	0.02611	0.61638	0.01604	0.02277	0.01415	0.01938	0.01723	0.01140	0.01723	0.00970	0.01217	0.00730	0.00637	0.00815	0.00195	0.16716	0.00439	0.00243	0.00801
19	0.00810	0.00585	0.00765	0.00720	0.00855	0.00540	0.00540	0.01079	0.01619	0.02294	0.76028	0.04273	0.05397	0.01169	0.00675	0.00180	0.00270	0.01034	0.00630	0.00540
20	0.01493	0.64230	0.03074	0.01270	0.01778	0.02097	0.15887	0.01737	0.01200	0.01445	0.00869	0.01045	0.00761	0.00488	0.00430	0.00137	0.00683	0.00381	0.00254	0.00742
21	0.01434	0.62220	0.02507	0.00943	0.01328	0.03651	0.00884	0.01529	0.01088	0.01275	0.00838	0.01087	0.00787	0.00796	0.00751	0.17058	0.00598	0.00346	0.00247	0.00634
22	0.01268	0.02420	0.51523	0.02077	0.17525	0.01332	0.09704	0.01833	0.01256	0.04179	0.01089	0.01309	0.00799	0.00535	0.00563	0.00180	0.00813	0.00472	0.00270	0.00854
23	0.00782	0.00584	0.00727	0.00691	0.00838	0.00528	0.00518	0.01027	0.01555	0.02141	0.61739	0.04523	0.19782	0.01226	0.00675	0.00183	0.00274	0.01070	0.00610	0.00528
24	0.00800	0.00560	0.00615	0.00615	0.00654	0.00540	0.00364	0.00830	0.00928	0.01198	0.02614	0.04102	0.17139	0.63937	0.02457	0.00481	0.00501	0.00908	0.00384	0.00374
25	0.00820	0.00601	0.00859	0.00859	0.00941	0.00682	0.00640	0.00983	0.00901	0.01283	0.01587	0.02551	0.01562	0.19673	0.62429	0.00845	0.01333	0.00657	0.00315	0.00477
26	0.02138	0.01803	0.01667	0.01328	0.01744	0.17170	0.01073	0.57869	0.02434	0.03118	0.01286	0.01323	0.00937	0.00666	0.00556	0.00166	0.00702	0.00486	0.02634	0.00898
27	0.01303	0.01116	0.01397	0.01007	0.01515	0.00919	0.05896	0.09262	0.01358	0.02048	0.01065	0.01231	0.00862	0.00456	0.00457	0.00102	0.00484	0.00381	0.00360	0.68782
28	0.01134	0.01100	0.01943	0.64661	0.09098	0.01297	0.09628	0.01524	0.01178	0.01532	0.01036	0.01519	0.00785	0.00557	0.00583	0.00189	0.00779	0.00527	0.00260	0.00670
29	0.02174	0.01602	0.01717	0.01316	0.01774	0.01774	0.01087	0.74423	0.02689	0.03605	0.01373	0.01373	0.00973	0.00687	0.00572	0.00172	0.00629	0.00515	0.00572	0.00973
30	0.00997	0.00722	0.00878	0.00902	0.01022	0.00731	0.00644	0.15776	0.01419	0.01897	0.02791	0.63624	0.03211	0.01567	0.00698	0.00220	0.00392	0.01400	0.00539	0.00568
31	0.00782	0.00584	0.00727	0.00691	0.00838	0.00528	0.00518	0.01027	0.01555	0.02141	0.61739	0.04523	0.19782	0.01226	0.00675	0.00183	0.00274	0.01070	0.00610	0.00528
32	0.01105	0.00768	0.00846	0.00765	0.00858	0.00803	0.00497	0.15805	0.01210	0.01617	0.01715	0.03261	0.01854	0.63782	0.02435	0.00477	0.00570	0.00767	0.00392	0.00474
33	0.01469	0.01311	0.05451	0.01104	0.01620	0.01112	0.04835	0.21893	0.01617	0.02346	0.01124	0.01259	0.00877	0.00507	0.00485	0.00120	0.00533	0.00411	0.00396	0.51530
34	0.01051	0.02475	0.61399	0.01416	0.02129	0.01156	0.01772	0.01610	0.01227	0.01757	0.01997	0.02082	0.16060	0.00728	0.00570	0.00184	0.00732	0.00582	0.00300	0.00772
35	0.02487	0.01101	0.01407	0.01078	0.01524	0.01031	0.00891	0.17362	0.01851	0.61849	0.02077	0.01830	0.01326	0.00704	0.00575	0.00176	0.00516	0.00563	0.00680	0.00973
36	0.01080	0.02481	0.61469	0.01486	0.02180	0.01204	0.01829	0.01651	0.01149	0.01713	0.01129	0.01419	0.00868	0.01306	0.16228	0.00331	0.00985	0.00461	0.00255	0.00777
37	0.01844	0.02273	0.01426	0.01336	0.01577	0.61908	0.00988	0.01981	0.01514	0.01412	0.01346	0.17002	0.01357	0.00834	0.00559	0.00165	0.00889	0.00624	0.00343	0.00623
38	0.01094	0.01412	0.17020	0.62879	0.03642	0.01283	0.01695	0.01533	0.01157	0.01533	0.01019	0.01460	0.00755	0.00566	0.00566	0.00189	0.00779	0.00491	0.00252	0.00678
39	0.01570	0.01409	0.02199	0.03064	0.61161	0.01443	0.01619	0.16540	0.01585	0.02222	0.01136	0.01407	0.00920	0.00546	0.00567	0.00170	0.00669	0.00511	0.00342	0.00920
40	0.00958	0.00520	0.00781	0.00781	0.00801	0.00541	0.00541	0.00801	0.00781	0.01062	0.01103	0.01842	0.01082	0.02456	0.17575	0.66585	0.00707	0.00520	0.00260	0.00302
41	0.01298	0.01098	0.01186	0.01074	0.01359	0.01243	0.00831	0.02641	0.60306	0.02373	0.17323	0.02569	0.02489	0.00856	0.00601	0.00191	0.00415	0.00726	0.00592	0.00831
42	0.00708	0.00574	0.00588	0.00588	0.00742	0.00497	0.00417	0.00823	0.01208	0.01456	0.04982	0.05146	0.61038	0.17410	0.01131	0.00267	0.00344	0.01131	0.00494	0.00455
43	0.00938	0.00677	0.00934	0.01057	0.01195	0.00683	0.00921	0.01245	0.03724	0.01734	0.03006	0.06312	0.03242	0.01554	0.00783	0.00261	0.00524	0.70143	0.00528	0.00539
44	0.19247	0.01001	0.01228	0.00963	0.01388	0.00931	0.00795	0.02561	0.01501	0.61524	0.01957	0.01738	0.01253	0.00672	0.00530	0.00177	0.00478	0.00521	0.00635	0.00901
45	0.00784	0.00567	0.00740	0.00733	0.00848	0.00523	0.00536	0.01016	0.01506	0.02109	0.59747	0.19723	0.06417	0.01302	0.00686	0.00191	0.00283	0.01159	0.00608	0.00523
46	0.00912	0.00655	0.00909	0.01035	0.01169	0.00652	0.00903	0.01171	0.01316	0.01705	0.03134	0.06416	0.06077	0.01575	0.00786	0.00261	0.00518	0.69753	0.00527	0.00525
47	0.00867	0.00597	0.00783	0.00729	0.00874	0.00549	0.00549	0.01135	0.01620	0.04716	0.73628	0.04197	0.05267	0.01154	0.00671	0.00180	0.00277	0.01019	0.00632	0.00554
48	0.02128	0.01526	0.01642	0.01265	0.01705	0.01679	0.01043	0.68314	0.02578	0.05824	0.01427	0.01431	0.01013	0.00686	0.00563	0.00170	0.00606	0.00518	0.04932	0.00950
49	0.00696	0.00502	0.00659	0.00785	0.00827	0.00466	0.00526	0.00798	0.01106	0.01465	0.03292	0.75617	0.07601	0.01774	0.00727	0.00230	0.00330	0.01604	0.00531	0.00466
50	0.00697	0.00498	0.00664	0.00796	0.00830	0.00465	0.00531	0.00796	0.01095	0.01460	0.03153	0.79525	0.03783	0.01792	0.00730	0.00232	0.00332	0.01626	0.00531	0.00465
51	0.01395	0.01199	0.01269	0.01144	0.01459	0.01383	0.00889	0.02950	0.71951	0.02388	0.05675	0.02231	0.01912	0.00794	0.00586	0.00193	0.00444	0.00664	0.00584	0.00889
52	0.01544	0.78404	0.02965	0.00990	0.01475	0.04049	0.00982	0.01726	0.01173	0.01347	0.00797	0.00920	0.00734	0.00492	0.00371	0.00123	0.00622	0.00307	0.00246	0.00732
53	0.00817	0.00613	0.00919	0.00919	0.01021	0.00715	0.00715	0.01021	0.00919	0.01328	0.01532	0.02247	0.01430	0.04290	0.77631	0.00919	0.01532	0.00613	0.00306	0.00511
54	0.02005	0.01462	0.01611	0.05335	0.01807	0.01616	0.01059	0.56222	0.10801	0.07252	0.01650	0.01629	0.03434	0.00716	0.00577	0.00176	0.00598	0.00555	0.00563	0.00932
55	0.01186	0.01017	0.01186	0.00847	0.01356	0.00762	0.00678	0.01440	0.01186	0.01864	0.01017	0.01186	0.00847	0.00424	0.00424	0.00085	0.00424	0.00339	0.00339	0.83395
56	0.01328	0.01481	0.03162	0.05345	0.07857	0.01406	0.64401	0.01790	0.01347	0.01834	0.03414	0.01616	0.01004	0.00508	0.00664	0.00191	0.00917	0.00668	0.00298	0.00768
57	0.00726	0.00546	0.00677	0.00773	0.00849	0.00511	0.00530	0.00903	0.04503	0.01518	0.03598	0.62481	0.16908	0.01683	0.00713	0.00223	0.00330	0.01505	0.00533	0.00488
58	0.01350	0.01439	0.02867	0.02162	0.07098	0.01328	0.54381	0.03975	0.01359	0.01894	0.01134	0.01466	0.00870	0.00480	0.00620	0.00171	0.00839	0.00600	0.00306	0.15661
59	0.01378	0.01266	0.02055	0.02970	0.59358	0.01283	0.01572	0.04505	0.05263	0.01941	0.01418	0.02135	0.01276	0.00676	0.00598	0.00184	0.00645	0.10277	0.00343	0.00857
60	0.01084	0.00909	0.01077	0.00837	0.01246	0.00701	0.00647	0.01306	0.01167	0.01780	0.01461	0.17472	0.01458	0.00708	0.00487	0.00115	0.00405	0.00606	0.00379	0.66154
61	0.01401	0.01326	0.02160	0.06611	0.63268	0.01363	0.01637	0.01910	0.10959	0.01919	0.01237	0.01514	0.01009	0.00547	0.00569	0.00174	0.00654	0.00527	0.00321	0.00894
62	0.00825	0.00552	0.00626	0.00633	0.00635	0.00550	0.00356	0.00830	0.00846	0.01128	0.01874	0.07744	0.02169	0.75775	0.02796	0.00538	0.00543	0.00874	0.00356	0.00353

[dist]
# distance from previous block
# <min> <max>
0	0

# created by:
# /software/SequenceAnalysis/GenePrediction/augustus/3.0.1/scripts/msa2prfl.pl ./fixed/BUSCOvEOG7FBK72.fas
