[name]
unknown

[dist]
# distance from previous block
# <min> <max>
2	105

[block]
# block no. 0 follows, 40 sequences, length 76
# corresponding to MSA columns:
# 111-186
name=unknown_A
#
# <colnr> <probs for GDERKNQSTAVLIFYWHMCP>
#	G	D	E	R	K	N	Q	S	T	A	V	L	I	F	Y	W	H	M	C	P
0	0.01181	0.01007	0.01179	0.00859	0.01351	0.00760	0.00682	0.01431	0.01201	0.01874	0.01142	0.05112	0.01011	0.00500	0.00446	0.00094	0.00426	0.00410	0.00354	0.78978
1	0.00929	0.00654	0.00916	0.01043	0.01166	0.00652	0.00897	0.01164	0.01301	0.01694	0.02990	0.09976	0.03264	0.01636	0.00868	0.04095	0.00524	0.65190	0.00523	0.00519
2	0.05109	0.06557	0.07210	0.23082	0.24949	0.01471	0.10829	0.01665	0.01204	0.01717	0.01014	0.01396	0.00820	0.00593	0.00724	0.00189	0.09922	0.00509	0.00275	0.00766
3	0.05561	0.44850	0.02452	0.01226	0.04610	0.05801	0.04443	0.08065	0.04646	0.11666	0.01157	0.01222	0.00912	0.00564	0.00459	0.00148	0.00633	0.00410	0.00366	0.00806
4	0.02537	0.00974	0.01326	0.01022	0.01460	0.00842	0.00842	0.02764	0.01664	0.73336	0.05269	0.02075	0.01604	0.00739	0.00589	0.00180	0.00486	0.00604	0.00717	0.00972
5	0.01261	0.01076	0.03751	0.00881	0.01389	0.00788	0.00733	0.01532	0.01227	0.05178	0.01129	0.01285	0.00912	0.00459	0.00440	0.00096	0.00441	0.00367	0.04169	0.72885
6	0.01211	0.00617	0.00640	0.00605	0.00771	0.00620	0.00462	0.05062	0.01316	0.05672	0.01890	0.02121	0.01463	0.00680	0.00424	0.00140	0.00300	0.00543	0.74879	0.00585
7	0.00714	0.00510	0.00680	0.00806	0.00845	0.00476	0.00540	0.00824	0.01140	0.01527	0.06833	0.75435	0.03928	0.01790	0.00739	0.00233	0.00334	0.01623	0.00545	0.00476
8	0.00767	0.00578	0.00715	0.00772	0.00872	0.00541	0.00544	0.00993	0.04965	0.01737	0.19829	0.45591	0.16807	0.01567	0.00712	0.00215	0.00322	0.01394	0.00565	0.00515
9	0.01422	0.01364	0.02330	0.07306	0.72333	0.01377	0.01776	0.01770	0.01316	0.01879	0.01091	0.01445	0.00914	0.00521	0.00576	0.00174	0.00695	0.00518	0.00286	0.00907
10	0.01446	0.01249	0.01315	0.01183	0.01512	0.01446	0.00920	0.03090	0.74885	0.02433	0.02367	0.02170	0.01775	0.00789	0.00592	0.00197	0.00460	0.00657	0.00592	0.00920
11	0.01439	0.01382	0.02360	0.03569	0.75936	0.01382	0.01785	0.01785	0.01324	0.01900	0.01094	0.01439	0.00921	0.00518	0.00576	0.00173	0.00691	0.00518	0.00288	0.00921
12	0.01555	0.79913	0.03047	0.00995	0.01493	0.02301	0.00995	0.01741	0.01182	0.01368	0.00808	0.00933	0.00746	0.00498	0.00373	0.00124	0.00622	0.00311	0.00249	0.00746
13	0.01010	0.00505	0.00758	0.00758	0.00758	0.00505	0.00505	0.00758	0.00758	0.01010	0.01010	0.01768	0.01010	0.02020	0.02273	0.83081	0.00505	0.00505	0.00253	0.00253
14	0.01010	0.00505	0.00758	0.00758	0.00758	0.00505	0.00505	0.00758	0.00758	0.01010	0.01010	0.01768	0.01010	0.02020	0.02273	0.83081	0.00505	0.00505	0.00253	0.00253
15	0.01446	0.01249	0.01315	0.01183	0.01512	0.01446	0.00920	0.03090	0.74885	0.02433	0.02367	0.02170	0.01775	0.00789	0.00592	0.00197	0.00460	0.00657	0.00592	0.00920
16	0.00831	0.00623	0.00935	0.00935	0.01038	0.00727	0.00727	0.01038	0.00935	0.01350	0.01558	0.02285	0.01454	0.04361	0.77259	0.00935	0.01558	0.00623	0.00312	0.00519
17	0.01172	0.02972	0.74718	0.01677	0.02530	0.01354	0.03944	0.01842	0.01231	0.01842	0.01047	0.01236	0.00740	0.00551	0.00556	0.00184	0.00862	0.00436	0.00247	0.00858
18	0.00846	0.00564	0.00634	0.00634	0.00634	0.00564	0.00352	0.00846	0.00846	0.01128	0.01832	0.03805	0.02114	0.79563	0.02960	0.00564	0.00564	0.00846	0.00352	0.00352
19	0.01084	0.00542	0.00542	0.00542	0.00678	0.00542	0.00407	0.01355	0.01220	0.02168	0.01897	0.02168	0.01491	0.00678	0.00407	0.00136	0.00271	0.00542	0.82791	0.00542
20	0.00880	0.00695	0.01029	0.01001	0.01093	0.00844	0.00788	0.01079	0.00930	0.01355	0.01469	0.02172	0.01377	0.03989	0.68860	0.00859	0.10134	0.00610	0.00305	0.00532
21	0.83671	0.01125	0.00855	0.00765	0.01125	0.01305	0.00630	0.01709	0.00990	0.02609	0.00810	0.00945	0.00630	0.00540	0.00360	0.00180	0.00450	0.00315	0.00360	0.00630
22	0.01187	0.01146	0.01982	0.56021	0.16779	0.01341	0.06982	0.01564	0.01196	0.01585	0.01044	0.01520	0.00809	0.00581	0.00642	0.00193	0.03928	0.00529	0.00266	0.00705
23	0.01252	0.01239	0.01727	0.01485	0.01485	0.01724	0.01229	0.01373	0.00888	0.01387	0.00814	0.01392	0.00827	0.04727	0.01958	0.00269	0.74818	0.00525	0.00259	0.00623
24	0.00687	0.00589	0.00589	0.00589	0.00785	0.00491	0.00442	0.00835	0.01325	0.01571	0.05891	0.05596	0.75700	0.01473	0.00687	0.00196	0.00295	0.01227	0.00540	0.00491
25	0.01301	0.01429	0.02990	0.22266	0.03292	0.01424	0.54926	0.01764	0.01318	0.01764	0.01139	0.01564	0.00854	0.00514	0.00659	0.00195	0.00927	0.00642	0.00285	0.00748
26	0.01373	0.01569	0.03431	0.02451	0.03039	0.01471	0.73824	0.01863	0.01373	0.01863	0.01176	0.01569	0.00882	0.00490	0.00686	0.00196	0.00980	0.00686	0.00294	0.00784
27	0.00952	0.00711	0.01018	0.01013	0.01126	0.00796	0.00776	0.01125	0.01011	0.01462	0.01664	0.02425	0.01552	0.04368	0.75892	0.00942	0.01577	0.00658	0.00351	0.00581
28	0.01386	0.01348	0.01849	0.01594	0.01606	0.01831	0.01312	0.01480	0.00968	0.01511	0.00884	0.01431	0.00875	0.01086	0.01932	0.00274	0.77099	0.00546	0.00295	0.00696
29	0.00859	0.00620	0.00842	0.00956	0.01070	0.00603	0.00785	0.01080	0.01304	0.01707	0.08049	0.23946	0.08008	0.01623	0.00774	0.00250	0.00456	0.46007	0.00544	0.00518
30	0.01166	0.03008	0.76550	0.01657	0.02517	0.01351	0.02149	0.01842	0.01228	0.01842	0.01044	0.01228	0.00737	0.00552	0.00552	0.00184	0.00859	0.00430	0.00246	0.00859
31	0.03549	0.66611	0.13824	0.01087	0.01634	0.02136	0.01156	0.01755	0.01184	0.01469	0.00843	0.00977	0.00742	0.00507	0.00399	0.00135	0.00653	0.00329	0.00251	0.00760
32	0.02114	0.01516	0.01644	0.01288	0.01726	0.01668	0.01054	0.59587	0.10665	0.08250	0.01609	0.03464	0.01178	0.00738	0.00587	0.00179	0.00603	0.00571	0.00591	0.00968
33	0.01323	0.03067	0.74773	0.01745	0.02599	0.01428	0.02180	0.01939	0.01324	0.01981	0.01200	0.01444	0.00888	0.00657	0.00619	0.00213	0.00903	0.00481	0.00301	0.00935
34	0.00693	0.00589	0.00597	0.00595	0.00789	0.00493	0.00446	0.00845	0.01339	0.01602	0.08779	0.05545	0.72792	0.01461	0.00687	0.00196	0.00294	0.01220	0.00544	0.00493
35	0.01417	0.01359	0.02320	0.08472	0.71208	0.01376	0.01774	0.01765	0.01314	0.01873	0.01090	0.01447	0.00912	0.00522	0.00576	0.00174	0.00696	0.00518	0.00286	0.00903
36	0.78316	0.01158	0.00913	0.00802	0.01169	0.01337	0.00661	0.06461	0.01104	0.02678	0.00848	0.00974	0.00653	0.00550	0.00374	0.00180	0.00462	0.00329	0.00374	0.00653
37	0.01348	0.33048	0.40837	0.01337	0.02022	0.01697	0.01573	0.03603	0.01246	0.01705	0.00960	0.01115	0.00755	0.00527	0.00475	0.00154	0.00732	0.00380	0.00262	0.06225
38	0.00790	0.00593	0.00731	0.00696	0.00848	0.00534	0.00522	0.01033	0.01567	0.02144	0.58414	0.04653	0.22819	0.01259	0.00686	0.00186	0.00279	0.01095	0.00615	0.00534
39	0.00707	0.00512	0.00669	0.00795	0.00840	0.00474	0.00533	0.00811	0.01127	0.01490	0.03382	0.74347	0.08569	0.01799	0.00739	0.00234	0.00335	0.01625	0.00540	0.00474
40	0.00834	0.00609	0.00863	0.00863	0.00942	0.00688	0.00638	0.00993	0.00913	0.01297	0.01623	0.02646	0.01611	0.22214	0.59621	0.00847	0.01322	0.00676	0.00321	0.00480
41	0.00709	0.00506	0.00675	0.00810	0.00843	0.00472	0.00540	0.00810	0.01113	0.01484	0.03205	0.79184	0.03846	0.01822	0.00742	0.00236	0.00337	0.01653	0.00540	0.00472
42	0.83671	0.01125	0.00855	0.00765	0.01125	0.01305	0.00630	0.01709	0.00990	0.02609	0.00810	0.00945	0.00630	0.00540	0.00360	0.00180	0.00450	0.00315	0.00360	0.00630
43	0.00913	0.00731	0.01055	0.01018	0.01120	0.00889	0.00802	0.01179	0.04421	0.01407	0.01499	0.02156	0.01385	0.03787	0.64485	0.00817	0.10852	0.00611	0.00318	0.00552
44	0.00832	0.00619	0.00915	0.00915	0.01012	0.00716	0.00702	0.01026	0.00929	0.01335	0.01576	0.02384	0.01497	0.09304	0.72375	0.00910	0.01492	0.00638	0.00314	0.00508
45	0.04680	0.05243	0.16232	0.02159	0.02770	0.01485	0.53472	0.01838	0.01313	0.01858	0.01113	0.01449	0.00838	0.00514	0.00661	0.00191	0.02504	0.00606	0.00285	0.00787
46	0.02177	0.01612	0.01726	0.01331	0.01791	0.01788	0.01097	0.70880	0.05905	0.03611	0.01439	0.01430	0.01024	0.00702	0.00582	0.00176	0.00632	0.00529	0.00582	0.00986
47	0.02099	0.01643	0.24161	0.01245	0.01814	0.01077	0.01262	0.05886	0.04968	0.46928	0.01876	0.01733	0.01221	0.00671	0.00575	0.00182	0.00611	0.00538	0.00564	0.00947
48	0.00846	0.00564	0.00634	0.00634	0.00634	0.00564	0.00352	0.00846	0.00846	0.01128	0.01832	0.03805	0.02114	0.79563	0.02960	0.00564	0.00564	0.00846	0.00352	0.00352
49	0.01659	0.66885	0.02811	0.01080	0.01544	0.14955	0.01017	0.01839	0.01260	0.01377	0.00824	0.00952	0.00747	0.00515	0.00399	0.00129	0.00694	0.00322	0.00257	0.00734
50	0.01010	0.00505	0.00758	0.00758	0.00758	0.00505	0.00505	0.00758	0.00758	0.01010	0.01010	0.01768	0.01010	0.02020	0.02273	0.83081	0.00505	0.00505	0.00253	0.00253
51	0.01719	0.49956	0.05966	0.01165	0.01632	0.15974	0.01081	0.09966	0.04682	0.01703	0.00970	0.01074	0.00819	0.00554	0.00442	0.00141	0.00706	0.00367	0.00310	0.00773
52	0.01732	0.57748	0.02645	0.01140	0.01580	0.23830	0.01032	0.01908	0.01316	0.01384	0.00834	0.00966	0.00747	0.00527	0.00417	0.00132	0.00745	0.00329	0.00263	0.00726
53	0.01166	0.03008	0.76550	0.01657	0.02517	0.01351	0.02149	0.01842	0.01228	0.01842	0.01044	0.01228	0.00737	0.00552	0.00552	0.00184	0.00859	0.00430	0.00246	0.00859
54	0.01507	0.01267	0.01379	0.01286	0.04607	0.01447	0.00963	0.06309	0.66905	0.04081	0.02268	0.02099	0.01696	0.00772	0.00590	0.00195	0.00479	0.00644	0.00581	0.00925
55	0.02609	0.00990	0.01350	0.01035	0.01484	0.00855	0.00855	0.02834	0.01664	0.76338	0.02294	0.01979	0.01439	0.00720	0.00585	0.00180	0.00495	0.00585	0.00720	0.00990
56	0.01439	0.01382	0.02360	0.03569	0.75936	0.01382	0.01785	0.01785	0.01324	0.01900	0.01094	0.01439	0.00921	0.00518	0.00576	0.00173	0.00691	0.00518	0.00288	0.00921
57	0.02609	0.00990	0.01350	0.01035	0.01484	0.00855	0.00855	0.02834	0.01664	0.76338	0.02294	0.01979	0.01439	0.00720	0.00585	0.00180	0.00495	0.00585	0.00720	0.00990
58	0.02211	0.01629	0.01745	0.01338	0.01803	0.01803	0.01105	0.73997	0.02734	0.03665	0.01396	0.01396	0.00989	0.00698	0.00582	0.00175	0.00640	0.00524	0.00582	0.00989
59	0.01439	0.01382	0.02360	0.03569	0.75936	0.01382	0.01785	0.01785	0.01324	0.01900	0.01094	0.01439	0.00921	0.00518	0.00576	0.00173	0.00691	0.00518	0.00288	0.00921
60	0.01362	0.01537	0.03255	0.02352	0.02877	0.01504	0.66051	0.01813	0.01321	0.01813	0.01132	0.01537	0.00870	0.00547	0.00817	0.00202	0.09286	0.00667	0.00290	0.00768
61	0.01272	0.01272	0.01781	0.01527	0.01527	0.01781	0.01272	0.01399	0.00891	0.01399	0.00763	0.01272	0.00763	0.01018	0.01908	0.00254	0.78499	0.00509	0.00254	0.00636
62	0.01136	0.01072	0.01812	0.69949	0.11928	0.01302	0.01634	0.01519	0.01181	0.01531	0.01040	0.01538	0.00791	0.00574	0.00581	0.00191	0.00766	0.00517	0.00262	0.00676
63	0.00709	0.00506	0.00675	0.00810	0.00843	0.00472	0.00540	0.00810	0.01113	0.01484	0.03205	0.79184	0.03846	0.01822	0.00742	0.00236	0.00337	0.01653	0.00540	0.00472
64	0.01423	0.01365	0.02331	0.07092	0.72539	0.01377	0.01777	0.01771	0.01317	0.01880	0.01091	0.01445	0.00914	0.00521	0.00576	0.00174	0.00695	0.00518	0.00286	0.00908
65	0.01098	0.01034	0.01744	0.78165	0.04005	0.01292	0.01615	0.01486	0.01163	0.01486	0.01034	0.01550	0.00775	0.00581	0.00581	0.00194	0.00775	0.00517	0.00258	0.00646
66	0.00831	0.00623	0.00935	0.00935	0.01038	0.00727	0.00727	0.01038	0.00935	0.01350	0.01558	0.02285	0.01454	0.04361	0.77259	0.00935	0.01558	0.00623	0.00312	0.00519
67	0.01272	0.01272	0.01781	0.01527	0.01527	0.01781	0.01272	0.01399	0.00891	0.01399	0.00763	0.01272	0.00763	0.01018	0.01908	0.00254	0.78499	0.00509	0.00254	0.00636
68	0.02211	0.01629	0.01745	0.01338	0.01803	0.01803	0.01105	0.73997	0.02734	0.03665	0.01396	0.01396	0.00989	0.00698	0.00582	0.00175	0.00640	0.00524	0.00582	0.00989
69	0.01373	0.01569	0.03431	0.02451	0.03039	0.01471	0.73824	0.01863	0.01373	0.01863	0.01176	0.01569	0.00882	0.00490	0.00686	0.00196	0.00980	0.00686	0.00294	0.00784
70	0.01494	0.01241	0.01319	0.01164	0.01497	0.01407	0.00918	0.13919	0.55745	0.02539	0.02477	0.02457	0.06587	0.00854	0.00605	0.00197	0.00480	0.03629	0.00584	0.00887
71	0.00831	0.00623	0.00935	0.00935	0.01038	0.00727	0.00727	0.01038	0.00935	0.01350	0.01558	0.02285	0.01454	0.04361	0.77259	0.00935	0.01558	0.00623	0.00312	0.00519
72	0.54907	0.00941	0.00828	0.00753	0.01036	0.01042	0.00602	0.01497	0.01218	0.02513	0.26786	0.02125	0.02316	0.00765	0.00473	0.00181	0.00389	0.00571	0.00457	0.00602
73	0.02172	0.02772	0.01648	0.01498	0.01798	0.77228	0.01124	0.02322	0.01648	0.01423	0.00899	0.01049	0.00749	0.00599	0.00524	0.00150	0.01049	0.00375	0.00300	0.00674
74	0.83671	0.01125	0.00855	0.00765	0.01125	0.01305	0.00630	0.01709	0.00990	0.02609	0.00810	0.00945	0.00630	0.00540	0.00360	0.00180	0.00450	0.00315	0.00360	0.00630
75	0.02211	0.01629	0.01745	0.01338	0.01803	0.01803	0.01105	0.73997	0.02734	0.03665	0.01396	0.01396	0.00989	0.00698	0.00582	0.00175	0.00640	0.00524	0.00582	0.00989

[dist]
# distance from previous block
# <min> <max>
0	1

[block]
# block no. 1 follows, 40 sequences, length 19
# corresponding to MSA columns:
# 188-206
name=unknown_B
#
# <colnr> <probs for GDERKNQSTAVLIFYWHMCP>
#	G	D	E	R	K	N	Q	S	T	A	V	L	I	F	Y	W	H	M	C	P
0	0.01084	0.00542	0.00542	0.00542	0.00678	0.00542	0.00407	0.01355	0.01220	0.02168	0.01897	0.02168	0.01491	0.00678	0.00407	0.00136	0.00271	0.00542	0.82791	0.00542
1	0.01583	0.76325	0.02982	0.01018	0.01507	0.05786	0.01001	0.01768	0.01203	0.01371	0.00813	0.00938	0.00746	0.00502	0.00380	0.00126	0.00642	0.00314	0.00251	0.00743
2	0.00709	0.00506	0.00675	0.00810	0.00843	0.00472	0.00540	0.00810	0.01113	0.01484	0.03205	0.79184	0.03846	0.01822	0.00742	0.00236	0.00337	0.01653	0.00540	0.00472
3	0.02175	0.02689	0.01655	0.01487	0.01798	0.71763	0.01122	0.07515	0.01727	0.01586	0.00935	0.01074	0.00766	0.00606	0.00529	0.00152	0.01019	0.00385	0.00320	0.00697
4	0.74670	0.01139	0.00928	0.00809	0.01179	0.01299	0.00666	0.05122	0.01114	0.07420	0.00933	0.01032	0.00699	0.00559	0.00385	0.00180	0.00462	0.00342	0.00393	0.00670
5	0.01374	0.01224	0.01811	0.49041	0.17008	0.05618	0.01524	0.04260	0.04325	0.06509	0.01186	0.01549	0.00892	0.00592	0.00578	0.00186	0.00739	0.00519	0.00321	0.00744
6	0.01264	0.01068	0.01237	0.00889	0.01403	0.00835	0.00713	0.05652	0.01294	0.01997	0.01055	0.01217	0.00869	0.00446	0.00439	0.00091	0.00443	0.00355	0.00358	0.78377
7	0.01098	0.01034	0.01744	0.78165	0.04005	0.01292	0.01615	0.01486	0.01163	0.01486	0.01034	0.01550	0.00775	0.00581	0.00581	0.00194	0.00775	0.00517	0.00258	0.00646
8	0.01166	0.03008	0.76550	0.01657	0.02517	0.01351	0.02149	0.01842	0.01228	0.01842	0.01044	0.01228	0.00737	0.00552	0.00552	0.00184	0.00859	0.00430	0.00246	0.00859
9	0.02290	0.01061	0.01340	0.01076	0.01492	0.01017	0.00873	0.02904	0.21777	0.56037	0.02314	0.02032	0.01532	0.00739	0.00587	0.00185	0.00485	0.00605	0.00685	0.00971
10	0.01183	0.06283	0.73420	0.01629	0.02473	0.01391	0.02099	0.01837	0.01226	0.01821	0.01034	0.01215	0.00737	0.00550	0.00545	0.00182	0.00849	0.00425	0.00246	0.00855
11	0.00823	0.00594	0.00777	0.00732	0.00869	0.00549	0.00549	0.01097	0.01646	0.02332	0.75629	0.04344	0.05487	0.01189	0.00686	0.00183	0.00274	0.01052	0.00640	0.00549
12	0.01098	0.01034	0.01744	0.78165	0.04005	0.01292	0.01615	0.01486	0.01163	0.01486	0.01034	0.01550	0.00775	0.00581	0.00581	0.00194	0.00775	0.00517	0.00258	0.00646
13	0.00846	0.00564	0.00634	0.00634	0.00634	0.00564	0.00352	0.00846	0.00846	0.01128	0.01832	0.03805	0.02114	0.79563	0.02960	0.00564	0.00564	0.00846	0.00352	0.00352
14	0.00752	0.00538	0.00720	0.00824	0.00885	0.00506	0.00583	0.00900	0.01228	0.01656	0.15546	0.58868	0.04074	0.01691	0.00739	0.00230	0.00347	0.08865	0.00556	0.00492
15	0.01084	0.00542	0.00542	0.00542	0.00678	0.00542	0.00407	0.01355	0.01220	0.02168	0.01897	0.02168	0.01491	0.00678	0.00407	0.00136	0.00271	0.00542	0.82791	0.00542
16	0.01420	0.53188	0.28590	0.01225	0.01849	0.01971	0.01396	0.01776	0.01198	0.01533	0.00890	0.01035	0.00743	0.00517	0.00435	0.00145	0.00704	0.00352	0.00248	0.00786
17	0.01197	0.05998	0.68294	0.01688	0.02514	0.01397	0.07296	0.01839	0.01236	0.01824	0.01044	0.01241	0.00748	0.00546	0.00555	0.00183	0.00859	0.00444	0.00249	0.00849
18	0.65839	0.01150	0.01023	0.06437	0.01412	0.01315	0.00754	0.07634	0.01187	0.07376	0.00969	0.01092	0.00722	0.00567	0.00408	0.00181	0.00492	0.00364	0.00394	0.00683

[dist]
# distance from previous block
# <min> <max>
2	7

[block]
# block no. 2 follows, 40 sequences, length 58
# corresponding to MSA columns:
# 214-271
name=unknown_C
#
# <colnr> <probs for GDERKNQSTAVLIFYWHMCP>
#	G	D	E	R	K	N	Q	S	T	A	V	L	I	F	Y	W	H	M	C	P
0	0.01555	0.79913	0.03047	0.00995	0.01493	0.02301	0.00995	0.01741	0.01182	0.01368	0.00808	0.00933	0.00746	0.00498	0.00373	0.00124	0.00622	0.00311	0.00249	0.00746
1	0.00831	0.00620	0.00921	0.00921	0.01020	0.00719	0.00709	0.01029	0.00930	0.01340	0.01570	0.02355	0.01485	0.07862	0.73800	0.00917	0.01511	0.00633	0.00313	0.00511
2	0.00687	0.00589	0.00589	0.00589	0.00785	0.00491	0.00442	0.00835	0.01325	0.01571	0.05891	0.05596	0.75700	0.01473	0.00687	0.00196	0.00295	0.01227	0.00540	0.00491
3	0.01887	0.53716	0.02502	0.01022	0.01505	0.01865	0.00960	0.05417	0.01392	0.22899	0.01260	0.01253	0.00956	0.00570	0.00443	0.00143	0.00586	0.00399	0.00399	0.00827
4	0.01098	0.01034	0.01744	0.78165	0.04005	0.01292	0.01615	0.01486	0.01163	0.01486	0.01034	0.01550	0.00775	0.00581	0.00581	0.00194	0.00775	0.00517	0.00258	0.00646
5	0.00823	0.00594	0.00777	0.00732	0.00869	0.00549	0.00549	0.01097	0.01646	0.02332	0.75629	0.04344	0.05487	0.01189	0.00686	0.00183	0.00274	0.01052	0.00640	0.00549
6	0.01555	0.79913	0.03047	0.00995	0.01493	0.02301	0.00995	0.01741	0.01182	0.01368	0.00808	0.00933	0.00746	0.00498	0.00373	0.00124	0.00622	0.00311	0.00249	0.00746
7	0.01166	0.03008	0.76550	0.01657	0.02517	0.01351	0.02149	0.01842	0.01228	0.01842	0.01044	0.01228	0.00737	0.00552	0.00552	0.00184	0.00859	0.00430	0.00246	0.00859
8	0.01206	0.01034	0.01206	0.00861	0.01378	0.00775	0.00689	0.01464	0.01206	0.01895	0.01034	0.01206	0.00861	0.00431	0.00431	0.00086	0.00431	0.00345	0.00345	0.83118
9	0.00987	0.00943	0.01797	0.01469	0.01730	0.00884	0.30340	0.01247	0.01224	0.01649	0.04322	0.42851	0.02624	0.04053	0.00798	0.00230	0.00605	0.01214	0.00436	0.00597
10	0.02211	0.01629	0.01745	0.01338	0.01803	0.01803	0.01105	0.73997	0.02734	0.03665	0.01396	0.01396	0.00989	0.00698	0.00582	0.00175	0.00640	0.00524	0.00582	0.00989
11	0.01084	0.00542	0.00542	0.00542	0.00678	0.00542	0.00407	0.01355	0.01220	0.02168	0.01897	0.02168	0.01491	0.00678	0.00407	0.00136	0.00271	0.00542	0.82791	0.00542
12	0.01980	0.01506	0.01745	0.17240	0.02259	0.01698	0.01211	0.58988	0.02409	0.03214	0.01321	0.01428	0.00945	0.00674	0.00582	0.00179	0.00668	0.00522	0.00515	0.00918
13	0.00831	0.00623	0.00935	0.00935	0.01038	0.00727	0.00727	0.01038	0.00935	0.01350	0.01558	0.02285	0.01454	0.04361	0.77259	0.00935	0.01558	0.00623	0.00312	0.00519
14	0.00823	0.00594	0.00777	0.00732	0.00869	0.00549	0.00549	0.01097	0.01646	0.02332	0.75629	0.04344	0.05487	0.01189	0.00686	0.00183	0.00274	0.01052	0.00640	0.00549
15	0.00709	0.00506	0.00675	0.00810	0.00843	0.00472	0.00540	0.00810	0.01113	0.01484	0.03205	0.79184	0.03846	0.01822	0.00742	0.00236	0.00337	0.01653	0.00540	0.00472
16	0.01474	0.01263	0.01330	0.01189	0.01523	0.01459	0.00927	0.05635	0.72295	0.02477	0.02332	0.02142	0.01747	0.00786	0.00591	0.00196	0.00467	0.00653	0.00591	0.00923
17	0.00744	0.00591	0.00668	0.00649	0.00820	0.00515	0.00486	0.00944	0.01459	0.01889	0.35021	0.05073	0.46371	0.01354	0.00687	0.00191	0.00286	0.01154	0.00582	0.00515
18	0.01156	0.01113	0.01756	0.52698	0.03182	0.01455	0.01501	0.01457	0.01072	0.01457	0.00944	0.01458	0.00771	0.00726	0.01022	0.00214	0.26604	0.00514	0.00257	0.00643
19	0.01446	0.01249	0.01315	0.01183	0.01512	0.01446	0.00920	0.03090	0.74885	0.02433	0.02367	0.02170	0.01775	0.00789	0.00592	0.00197	0.00460	0.00657	0.00592	0.00920
20	0.01526	0.01232	0.01375	0.01039	0.01517	0.01156	0.00838	0.22573	0.10880	0.02472	0.01305	0.01381	0.01013	0.00553	0.00494	0.00126	0.00495	0.00435	0.00444	0.49146
21	0.01098	0.01034	0.01744	0.78165	0.04005	0.01292	0.01615	0.01486	0.01163	0.01486	0.01034	0.01550	0.00775	0.00581	0.00581	0.00194	0.00775	0.00517	0.00258	0.00646
22	0.00859	0.00670	0.00797	0.00859	0.00975	0.00676	0.00606	0.01285	0.16410	0.01692	0.03368	0.54020	0.12422	0.01564	0.00704	0.00223	0.00357	0.01394	0.00551	0.00567
23	0.01084	0.00542	0.00542	0.00542	0.00678	0.00542	0.00407	0.01355	0.01220	0.02168	0.01897	0.02168	0.01491	0.00678	0.00407	0.00136	0.00271	0.00542	0.82791	0.00542
24	0.01303	0.01207	0.01768	0.01300	0.01764	0.01101	0.15923	0.05491	0.01284	0.01923	0.01049	0.01300	0.00860	0.00531	0.00677	0.00135	0.10340	0.00446	0.00336	0.51264
25	0.01272	0.01272	0.01781	0.01527	0.01527	0.01781	0.01272	0.01399	0.00891	0.01399	0.00763	0.01272	0.00763	0.01018	0.01908	0.00254	0.78499	0.00509	0.00254	0.00636
26	0.01206	0.01034	0.01206	0.00861	0.01378	0.00775	0.00689	0.01464	0.01206	0.01895	0.01034	0.01206	0.00861	0.00431	0.00431	0.00086	0.00431	0.00345	0.00345	0.83118
27	0.00805	0.00568	0.00718	0.00792	0.00837	0.00558	0.00524	0.03588	0.01099	0.01471	0.02716	0.53783	0.03192	0.21200	0.05027	0.00349	0.00465	0.01360	0.00484	0.00464
28	0.00709	0.00506	0.00675	0.00810	0.00843	0.00472	0.00540	0.00810	0.01113	0.01484	0.03205	0.79184	0.03846	0.01822	0.00742	0.00236	0.00337	0.01653	0.00540	0.00472
29	0.01104	0.01042	0.01785	0.71622	0.03846	0.01274	0.04765	0.01491	0.01179	0.01513	0.01125	0.01760	0.00887	0.00620	0.00595	0.00197	0.00774	0.03503	0.00272	0.00647
30	0.01206	0.01034	0.01206	0.00861	0.01378	0.00775	0.00689	0.01464	0.01206	0.01895	0.01034	0.01206	0.00861	0.00431	0.00431	0.00086	0.00431	0.00345	0.00345	0.83118
31	0.01226	0.01017	0.01194	0.00864	0.01365	0.00768	0.00689	0.01479	0.01214	0.03714	0.01128	0.03493	0.00962	0.00478	0.00444	0.00093	0.00430	0.00388	0.00359	0.78694
32	0.01629	0.01229	0.01394	0.01031	0.01526	0.01122	0.00838	0.25654	0.01743	0.07202	0.01234	0.01318	0.00940	0.00538	0.00491	0.00121	0.00504	0.00419	0.00447	0.50619
33	0.01992	0.01503	0.01613	0.01278	0.01700	0.01671	0.01042	0.56411	0.16950	0.03356	0.05217	0.01693	0.01364	0.00740	0.00589	0.00179	0.00587	0.00576	0.00587	0.00954
34	0.05822	0.01023	0.01347	0.01037	0.01484	0.00914	0.00857	0.05921	0.01685	0.70202	0.02196	0.01912	0.01387	0.00712	0.00576	0.00180	0.00499	0.00571	0.00699	0.00975
35	0.02152	0.01071	0.01526	0.11262	0.11314	0.01036	0.01077	0.02552	0.08762	0.49966	0.01986	0.01874	0.01321	0.00683	0.00584	0.00182	0.00552	0.00575	0.00593	0.00930
36	0.01206	0.01034	0.01206	0.00861	0.01378	0.00775	0.00689	0.01464	0.01206	0.01895	0.01034	0.01206	0.00861	0.00431	0.00431	0.00086	0.00431	0.00345	0.00345	0.83118
37	0.01373	0.01569	0.03431	0.02451	0.03039	0.01471	0.73824	0.01863	0.01373	0.01863	0.01176	0.01569	0.00882	0.00490	0.00686	0.00196	0.00980	0.00686	0.00294	0.00784
38	0.16115	0.01088	0.01288	0.01007	0.01445	0.01036	0.00827	0.09342	0.04287	0.46896	0.01836	0.01679	0.01215	0.00661	0.00532	0.00171	0.00494	0.00512	0.00604	0.08966
39	0.00687	0.00589	0.00589	0.00589	0.00785	0.00491	0.00442	0.00835	0.01325	0.01571	0.05891	0.05596	0.75700	0.01473	0.00687	0.00196	0.00295	0.01227	0.00540	0.00491
40	0.00855	0.00680	0.01004	0.12514	0.07981	0.00690	0.00812	0.01056	0.01250	0.01697	0.17686	0.45277	0.03471	0.01391	0.00692	0.00213	0.00421	0.01259	0.00496	0.00554
41	0.01084	0.00542	0.00542	0.00542	0.00678	0.00542	0.00407	0.01355	0.01220	0.02168	0.01897	0.02168	0.01491	0.00678	0.00407	0.00136	0.00271	0.00542	0.82791	0.00542
42	0.01292	0.01336	0.02078	0.01688	0.01822	0.03367	0.16259	0.01499	0.01010	0.01493	0.00891	0.01378	0.00821	0.01063	0.05307	0.00273	0.56946	0.00548	0.00266	0.00662
43	0.01206	0.01034	0.01206	0.00861	0.01378	0.00775	0.00689	0.01464	0.01206	0.01895	0.01034	0.01206	0.00861	0.00431	0.00431	0.00086	0.00431	0.00345	0.00345	0.83118
44	0.02400	0.01167	0.01440	0.01121	0.01563	0.01138	0.00921	0.19705	0.09158	0.51826	0.02089	0.01860	0.01366	0.00721	0.00585	0.00180	0.00526	0.00577	0.00674	0.00983
45	0.00709	0.00506	0.00675	0.00810	0.00843	0.00472	0.00540	0.00810	0.01113	0.01484	0.03205	0.79184	0.03846	0.01822	0.00742	0.00236	0.00337	0.01653	0.00540	0.00472
46	0.01615	0.01548	0.02746	0.01997	0.02536	0.01534	0.46067	0.23184	0.04493	0.02417	0.01278	0.01522	0.00946	0.00560	0.00639	0.00184	0.00834	0.00620	0.00393	0.04885
47	0.01496	0.01024	0.01236	0.00897	0.01400	0.00792	0.00723	0.01748	0.01301	0.17304	0.01295	0.01366	0.00981	0.00490	0.00463	0.00106	0.00444	0.00394	0.00422	0.66119
48	0.01357	0.07412	0.50318	0.01726	0.02472	0.01393	0.16800	0.01925	0.01292	0.08194	0.01163	0.01344	0.00828	0.00550	0.00572	0.00182	0.00838	0.00489	0.00296	0.00848
49	0.01243	0.02475	0.49486	0.01951	0.02710	0.01395	0.28678	0.01849	0.01281	0.01849	0.01093	0.01354	0.00791	0.00529	0.00602	0.00189	0.00904	0.00525	0.00264	0.00832
50	0.00831	0.00623	0.00935	0.00935	0.01038	0.00727	0.00727	0.01038	0.00935	0.01350	0.01558	0.02285	0.01454	0.04361	0.77259	0.00935	0.01558	0.00623	0.00312	0.00519
51	0.07133	0.00728	0.00959	0.01070	0.03328	0.00735	0.00872	0.01306	0.02964	0.03476	0.11917	0.08411	0.03287	0.01415	0.00737	0.00243	0.00490	0.49824	0.00534	0.00571
52	0.02167	0.14417	0.14757	0.01149	0.01679	0.01220	0.01114	0.05444	0.01553	0.47929	0.01793	0.01651	0.01184	0.00653	0.00544	0.00171	0.00585	0.00510	0.00553	0.00927
53	0.00831	0.00620	0.00920	0.00920	0.01019	0.00719	0.00709	0.01029	0.00930	0.01339	0.01571	0.02359	0.01486	0.08047	0.73617	0.00916	0.01509	0.00634	0.00314	0.00511
54	0.00776	0.00588	0.00719	0.00721	0.00864	0.00531	0.00542	0.00991	0.01465	0.01960	0.40893	0.13490	0.26650	0.01378	0.00701	0.00199	0.00306	0.06115	0.00591	0.00521
55	0.01381	0.01480	0.02993	0.06534	0.27311	0.01432	0.46345	0.01818	0.01346	0.01857	0.01142	0.01525	0.00890	0.00504	0.00644	0.00188	0.00874	0.00622	0.00290	0.00823
56	0.05497	0.01081	0.01700	0.38434	0.02825	0.01171	0.07684	0.02056	0.04953	0.26492	0.01520	0.01697	0.01048	0.00628	0.00582	0.00189	0.00670	0.00552	0.00436	0.00785
57	0.01373	0.01569	0.03431	0.02451	0.03039	0.01471	0.73824	0.01863	0.01373	0.01863	0.01176	0.01569	0.00882	0.00490	0.00686	0.00196	0.00980	0.00686	0.00294	0.00784

[dist]
# distance from previous block
# <min> <max>
10	448

# created by:
# /software/SequenceAnalysis/GenePrediction/augustus/3.0.1/scripts/msa2prfl.pl ./fixed/BUSCOvEOG7M3BPB.fas
