[name]
unknown

[dist]
# distance from previous block
# <min> <max>
0	153

[block]
# block no. 0 follows, 41 sequences, length 11
# corresponding to MSA columns:
# 153-163
name=unknown_A
#
# <colnr> <probs for GDERKNQSTAVLIFYWHMCP>
#	G	D	E	R	K	N	Q	S	T	A	V	L	I	F	Y	W	H	M	C	P
0	0.83938	0.01106	0.00841	0.00752	0.01106	0.01283	0.00619	0.01681	0.00973	0.02566	0.00796	0.00929	0.00619	0.00531	0.00354	0.00177	0.00442	0.00310	0.00354	0.00619
1	0.01170	0.07699	0.10245	0.01333	0.01497	0.01452	0.01210	0.01384	0.01026	0.01479	0.01316	0.02435	0.01347	0.05384	0.01433	0.00251	0.42983	0.15420	0.00311	0.00624
2	0.01594	0.01023	0.01163	0.01014	0.01301	0.01093	0.00773	0.02517	0.40929	0.21225	0.02201	0.02420	0.01730	0.17166	0.01063	0.00264	0.00483	0.00667	0.00566	0.00807
3	0.00786	0.00567	0.00744	0.00736	0.00849	0.00524	0.00538	0.01021	0.01510	0.02121	0.60916	0.19878	0.05062	0.01298	0.00686	0.00191	0.00283	0.01157	0.00609	0.00524
4	0.01681	0.01876	0.01482	0.10270	0.05940	0.40766	0.01076	0.09341	0.01550	0.01674	0.01431	0.17422	0.01405	0.00842	0.00575	0.00174	0.00794	0.00668	0.00367	0.00664
5	0.01745	0.01785	0.01982	0.04952	0.42492	0.27390	0.01454	0.02011	0.01434	0.07773	0.01104	0.01331	0.00885	0.00555	0.00550	0.00163	0.00787	0.00467	0.00321	0.00820
6	0.00856	0.00604	0.00805	0.00900	0.00986	0.00595	0.00711	0.01035	0.01191	0.01571	0.06586	0.19162	0.03240	0.17838	0.01213	0.00314	0.00483	0.40935	0.00495	0.00479
7	0.01066	0.00933	0.01466	0.47767	0.02843	0.01144	0.01322	0.01385	0.01153	0.01554	0.01467	0.02561	0.01338	0.00837	0.00754	0.00208	0.09636	0.15434	0.06527	0.00604
8	0.08080	0.01357	0.03920	0.08119	0.46795	0.01363	0.09483	0.01886	0.09757	0.01952	0.01200	0.01475	0.00961	0.00544	0.00563	0.00177	0.00675	0.00525	0.00321	0.00848
9	0.01477	0.01381	0.01740	0.01462	0.01568	0.04686	0.01212	0.16559	0.01281	0.01840	0.00885	0.01268	0.00796	0.00920	0.01554	0.00230	0.59624	0.00498	0.00319	0.00699
10	0.02077	0.01474	0.01511	0.01187	0.01614	0.10085	0.00961	0.37865	0.02077	0.19500	0.01532	0.04193	0.01128	0.00685	0.00552	0.00161	0.00606	0.00528	0.00539	0.11725

[dist]
# distance from previous block
# <min> <max>
0	13

[block]
# block no. 1 follows, 41 sequences, length 52
# corresponding to MSA columns:
# 177-228
name=unknown_B
#
# <colnr> <probs for GDERKNQSTAVLIFYWHMCP>
#	G	D	E	R	K	N	Q	S	T	A	V	L	I	F	Y	W	H	M	C	P
0	0.01415	0.55172	0.05180	0.00924	0.01363	0.01758	0.00900	0.01612	0.01228	0.06902	0.01937	0.01946	0.16262	0.00704	0.00452	0.00143	0.00545	0.00515	0.00337	0.00704
1	0.03522	0.01310	0.01446	0.01252	0.06276	0.04015	0.00937	0.22335	0.16837	0.02443	0.01402	0.02531	0.01100	0.00620	0.00555	0.00148	0.02813	0.00486	0.00450	0.29524
2	0.01490	0.08360	0.50400	0.01472	0.02181	0.01455	0.01724	0.16788	0.01540	0.07609	0.01170	0.01274	0.00827	0.00581	0.00538	0.00174	0.00757	0.00444	0.00344	0.00872
3	0.01163	0.00664	0.00870	0.00773	0.00974	0.00598	0.00596	0.01416	0.01605	0.17538	0.56902	0.03865	0.08581	0.01090	0.00654	0.00180	0.00316	0.00950	0.00640	0.00626
4	0.02104	0.01017	0.01341	0.01130	0.03917	0.00987	0.00886	0.14282	0.01653	0.46608	0.01922	0.01896	0.01328	0.01433	0.16400	0.00328	0.00732	0.00571	0.00589	0.00876
5	0.12304	0.03978	0.01086	0.00856	0.01150	0.01089	0.00694	0.22983	0.01635	0.08497	0.01565	0.01695	0.01178	0.00732	0.02173	0.00171	0.00455	0.00495	0.36547	0.00716
6	0.00712	0.00508	0.00681	0.00814	0.00853	0.00477	0.00557	0.00822	0.01110	0.01477	0.03144	0.74668	0.03750	0.01778	0.00734	0.00234	0.00345	0.06335	0.00531	0.00469
7	0.19278	0.01001	0.01227	0.00963	0.01387	0.00932	0.00795	0.02560	0.01501	0.61495	0.01957	0.01738	0.01252	0.00672	0.00530	0.00177	0.00478	0.00521	0.00635	0.00901
8	0.21919	0.01215	0.01692	0.19539	0.19335	0.03123	0.05878	0.01804	0.04413	0.08404	0.01127	0.01384	0.00865	0.00594	0.00618	0.00185	0.06341	0.00478	0.00342	0.00744
9	0.01194	0.05810	0.64353	0.01801	0.08854	0.01373	0.05177	0.01804	0.01220	0.01799	0.01027	0.01229	0.00747	0.00536	0.00544	0.00178	0.00827	0.00437	0.00247	0.00843
10	0.01072	0.01024	0.00926	0.00864	0.01036	0.16362	0.00648	0.01307	0.01595	0.02053	0.55229	0.03701	0.09842	0.01072	0.00642	0.00174	0.00428	0.00911	0.00553	0.00561
11	0.00915	0.02386	0.16598	0.01094	0.01344	0.00913	0.01027	0.01201	0.00992	0.01440	0.01485	0.07586	0.01403	0.03069	0.50150	0.00662	0.06208	0.00636	0.00305	0.00587
12	0.01457	0.01097	0.01268	0.01155	0.03878	0.01209	0.03610	0.05143	0.46834	0.07766	0.02108	0.02046	0.01575	0.00725	0.00547	0.00179	0.00450	0.00610	0.17512	0.00831
13	0.01528	0.12622	0.36360	0.01544	0.02145	0.17105	0.08959	0.01954	0.01321	0.07118	0.01061	0.01223	0.00794	0.00567	0.00575	0.00170	0.03439	0.00436	0.00292	0.00788
14	0.00994	0.00497	0.00745	0.00745	0.00745	0.00497	0.00497	0.00745	0.00745	0.00994	0.00994	0.01739	0.00994	0.01987	0.02235	0.83358	0.00497	0.00497	0.00248	0.00248
15	0.01219	0.01414	0.12221	0.39052	0.31698	0.01313	0.01725	0.01623	0.01214	0.01667	0.01041	0.01439	0.00813	0.00544	0.00566	0.00181	0.00742	0.00497	0.00264	0.00769
16	0.01550	0.01227	0.01508	0.01630	0.16855	0.01344	0.01073	0.02747	0.51819	0.10642	0.02063	0.01965	0.01536	0.00714	0.00578	0.00187	0.00503	0.00611	0.00535	0.00913
17	0.00882	0.00608	0.00728	0.00712	0.00751	0.00636	0.00451	0.03776	0.00923	0.01253	0.01730	0.03342	0.01902	0.61242	0.18165	0.00614	0.00758	0.00774	0.00347	0.00405
18	0.00867	0.00811	0.01229	0.01040	0.01295	0.00748	0.15663	0.01130	0.03676	0.01629	0.04234	0.11102	0.46272	0.01255	0.00711	0.00202	0.02278	0.04822	0.00476	0.00560
19	0.01195	0.02082	0.44395	0.01656	0.13280	0.01124	0.01621	0.01671	0.01273	0.07230	0.02103	0.02176	0.16283	0.00736	0.00576	0.00182	0.00680	0.00608	0.00341	0.00789
20	0.01387	0.04568	0.20253	0.03544	0.42480	0.02654	0.01711	0.01768	0.01242	0.04559	0.01058	0.01344	0.00853	0.00582	0.00701	0.00180	0.09505	0.00480	0.00284	0.00849
21	0.01373	0.01459	0.01677	0.01460	0.01516	0.14429	0.01193	0.01506	0.01004	0.01377	0.00823	0.01278	0.00792	0.01141	0.06467	0.00276	0.60859	0.00486	0.00261	0.00625
22	0.01667	0.01148	0.01487	0.21994	0.03878	0.01254	0.01101	0.28862	0.01813	0.14137	0.04306	0.12624	0.01537	0.00828	0.00598	0.00186	0.00589	0.00698	0.00497	0.00794
23	0.01919	0.20768	0.01901	0.01264	0.01624	0.38144	0.01029	0.16891	0.01694	0.01886	0.01024	0.01148	0.00831	0.00596	0.00504	0.00147	0.01895	0.00396	0.05605	0.00735
24	0.01206	0.01145	0.01942	0.50459	0.31023	0.01304	0.01651	0.01571	0.01203	0.01614	0.01039	0.01484	0.00816	0.00549	0.00570	0.00183	0.00731	0.00509	0.00265	0.00737
25	0.01081	0.00927	0.01061	0.00792	0.01236	0.00705	0.00628	0.01313	0.01210	0.01798	0.01998	0.02073	0.16302	0.00634	0.00475	0.00107	0.00396	0.00517	0.00378	0.66366
26	0.05078	0.01427	0.01516	0.01183	0.01592	0.01570	0.00972	0.60529	0.02404	0.04591	0.01434	0.01470	0.01034	0.00678	0.00541	0.00167	0.00571	0.00511	0.11832	0.00900
27	0.00781	0.00669	0.00704	0.00634	0.00892	0.00540	0.00485	0.00948	0.01280	0.01611	0.04813	0.04618	0.60643	0.01238	0.00624	0.00171	0.00317	0.01029	0.00492	0.17511
28	0.01182	0.02489	0.57069	0.01962	0.17547	0.01288	0.01946	0.01756	0.01252	0.01852	0.05509	0.01433	0.01040	0.00574	0.00556	0.00179	0.00777	0.00477	0.00273	0.00840
29	0.00879	0.01072	0.16408	0.00907	0.01187	0.00702	0.00863	0.01230	0.01535	0.02195	0.60624	0.03643	0.04437	0.01041	0.00648	0.00180	0.00388	0.00909	0.00550	0.00602
30	0.01152	0.01151	0.02097	0.56509	0.03576	0.01340	0.18183	0.01541	0.01175	0.01541	0.01033	0.01513	0.00786	0.00577	0.00674	0.00195	0.05483	0.00546	0.00262	0.00666
31	0.01836	0.01758	0.17029	0.01291	0.01791	0.01540	0.01219	0.51124	0.02214	0.03068	0.01359	0.01426	0.00978	0.00655	0.00547	0.00169	0.00632	0.00498	0.09970	0.00896
32	0.01662	0.64091	0.02734	0.01048	0.01531	0.02163	0.01001	0.16646	0.01476	0.01810	0.00914	0.01011	0.00783	0.00530	0.00409	0.00132	0.00615	0.00349	0.00312	0.00783
33	0.01411	0.01107	0.01492	0.17212	0.11384	0.01071	0.01062	0.09501	0.04154	0.08559	0.01301	0.04375	0.01046	0.00583	0.00519	0.00144	0.00551	0.00495	0.00388	0.33644
34	0.07383	0.01328	0.02323	0.02914	0.51531	0.01319	0.15940	0.01722	0.01308	0.01939	0.05840	0.01587	0.01163	0.00548	0.00579	0.00176	0.00693	0.00561	0.00312	0.00835
35	0.01492	0.01647	0.16900	0.01285	0.01738	0.01462	0.01184	0.14780	0.47882	0.02477	0.01900	0.01816	0.01406	0.00713	0.00572	0.00188	0.00563	0.00579	0.00510	0.00904
36	0.01079	0.02477	0.61323	0.01484	0.02177	0.01202	0.01826	0.01649	0.01148	0.01712	0.01130	0.01421	0.00869	0.01313	0.16376	0.00333	0.00986	0.00462	0.00255	0.00777
37	0.15081	0.01181	0.01364	0.01225	0.06221	0.01241	0.00930	0.16730	0.16913	0.26651	0.01825	0.01893	0.01327	0.00719	0.00551	0.00183	0.00515	0.04009	0.00563	0.00877
38	0.00803	0.00517	0.00667	0.00728	0.00743	0.00502	0.00462	0.00798	0.00934	0.01246	0.02253	0.37952	0.02635	0.28215	0.01776	0.17413	0.00441	0.01126	0.00411	0.00380
39	0.01149	0.01087	0.01840	0.63117	0.18807	0.01289	0.01623	0.01522	0.01176	0.01545	0.01029	0.01503	0.00792	0.00559	0.00571	0.00186	0.00745	0.00509	0.00260	0.00691
40	0.06777	0.01438	0.02198	0.02773	0.48541	0.04305	0.09430	0.10549	0.04685	0.02122	0.01150	0.01410	0.00922	0.00544	0.00564	0.00173	0.00693	0.00516	0.00336	0.00872
41	0.01950	0.18529	0.01964	0.01547	0.08098	0.55593	0.01135	0.02121	0.01499	0.01429	0.00882	0.01041	0.00751	0.00562	0.00490	0.00144	0.00915	0.00368	0.00283	0.00698
42	0.02331	0.01026	0.01320	0.01048	0.01466	0.00960	0.00854	0.02839	0.16765	0.61460	0.02271	0.01985	0.01484	0.00722	0.00577	0.00180	0.00480	0.00590	0.00682	0.00959
43	0.01187	0.01198	0.02236	0.45747	0.07098	0.01318	0.24770	0.01638	0.03981	0.01635	0.01163	0.03363	0.00910	0.00576	0.00609	0.00191	0.00801	0.00593	0.00286	0.00699
44	0.01183	0.01232	0.07306	0.17349	0.41413	0.01156	0.01498	0.01506	0.01222	0.01702	0.01487	0.17464	0.01456	0.00788	0.00599	0.00188	0.00636	0.00732	0.00325	0.00759
45	0.00721	0.00515	0.00692	0.00824	0.00868	0.00486	0.00573	0.00839	0.01119	0.01488	0.03139	0.71573	0.03730	0.01769	0.00737	0.00236	0.00353	0.09336	0.00530	0.00471
46	0.17808	0.00639	0.00715	0.00795	0.00909	0.00648	0.00573	0.01008	0.01097	0.01710	0.02793	0.54341	0.06741	0.01500	0.00654	0.00221	0.00367	0.06485	0.00494	0.00502
47	0.02091	0.01442	0.01564	0.01212	0.01635	0.01572	0.00997	0.61199	0.02452	0.09259	0.01494	0.01497	0.01059	0.00686	0.00555	0.00168	0.00581	0.00522	0.09089	0.00927
48	0.01370	0.05902	0.52782	0.07146	0.02394	0.01456	0.01815	0.16694	0.01505	0.02134	0.01087	0.01252	0.00779	0.00573	0.00544	0.00177	0.00785	0.00443	0.00310	0.00851
49	0.02566	0.00973	0.01327	0.01018	0.01460	0.00841	0.00841	0.02788	0.01637	0.76726	0.02257	0.01947	0.01416	0.00708	0.00575	0.00177	0.00487	0.00575	0.00708	0.00973
50	0.00728	0.00519	0.00656	0.00752	0.00792	0.00489	0.00496	0.00815	0.01061	0.01400	0.03060	0.56955	0.08571	0.17804	0.01176	0.00296	0.00379	0.03116	0.00493	0.00443
51	0.01175	0.05920	0.69336	0.01654	0.02469	0.01373	0.06658	0.01809	0.01215	0.01794	0.01026	0.01217	0.00734	0.00537	0.00545	0.00180	0.00844	0.00434	0.00245	0.00836

[dist]
# distance from previous block
# <min> <max>
0	75

# created by:
# /software/SequenceAnalysis/GenePrediction/augustus/3.0.1/scripts/msa2prfl.pl ./fixed/BUSCOvEOG7CJWZ1.fas
