[name]
unknown

[dist]
# distance from previous block
# <min> <max>
0	199

[block]
# block no. 0 follows, 40 sequences, length 100
# corresponding to MSA columns:
# 218-317
name=unknown_A
#
# <colnr> <probs for GDERKNQSTAVLIFYWHMCP>
#	G	D	E	R	K	N	Q	S	T	A	V	L	I	F	Y	W	H	M	C	P
0	0.01998	0.00854	0.01154	0.00931	0.01274	0.00750	0.00750	0.02239	0.01658	0.51002	0.27400	0.02789	0.02825	0.00880	0.00619	0.00181	0.00419	0.00745	0.00692	0.00839
1	0.00831	0.00623	0.00935	0.00935	0.01038	0.00727	0.00727	0.01038	0.00935	0.01350	0.01558	0.02285	0.01454	0.04361	0.77259	0.00935	0.01558	0.00623	0.00312	0.00519
2	0.77681	0.01135	0.00965	0.00835	0.01207	0.01294	0.03257	0.01757	0.01029	0.05352	0.00879	0.01006	0.00669	0.00545	0.00380	0.00181	0.00471	0.00338	0.00371	0.00649
3	0.01521	0.58485	0.15879	0.01151	0.01694	0.06847	0.01204	0.01846	0.03988	0.01495	0.00914	0.01039	0.00783	0.00525	0.00423	0.00139	0.00685	0.00349	0.00264	0.00768
4	0.00846	0.00564	0.00634	0.00634	0.00634	0.00564	0.00352	0.00846	0.00846	0.01128	0.01832	0.03805	0.02114	0.79563	0.02960	0.00564	0.00564	0.00846	0.00352	0.00352
5	0.02484	0.00988	0.01326	0.01031	0.01463	0.00873	0.00846	0.02782	0.05308	0.69880	0.05053	0.02078	0.01608	0.00741	0.00589	0.00181	0.00485	0.00606	0.00710	0.00970
6	0.01010	0.00505	0.00758	0.00758	0.00758	0.00505	0.00505	0.00758	0.00758	0.01010	0.01010	0.01768	0.01010	0.02020	0.02273	0.83081	0.00505	0.00505	0.00253	0.00253
7	0.02160	0.01604	0.01717	0.01328	0.01784	0.01780	0.01093	0.69294	0.07519	0.03583	0.01461	0.01447	0.01041	0.00704	0.00582	0.00176	0.00628	0.00532	0.00582	0.00984
8	0.02172	0.02772	0.01648	0.01498	0.01798	0.77228	0.01124	0.02322	0.01648	0.01423	0.00899	0.01049	0.00749	0.00599	0.00524	0.00150	0.01049	0.00375	0.00300	0.00674
9	0.01252	0.01061	0.01231	0.00883	0.01398	0.00822	0.00708	0.04780	0.01276	0.01976	0.01050	0.01215	0.00867	0.00443	0.00438	0.00090	0.00440	0.00353	0.00355	0.79364
10	0.00709	0.00506	0.00675	0.00810	0.00843	0.00472	0.00540	0.00810	0.01113	0.01484	0.03205	0.79184	0.03846	0.01822	0.00742	0.00236	0.00337	0.01653	0.00540	0.00472
11	0.01257	0.01250	0.01752	0.01506	0.01510	0.01745	0.01254	0.01387	0.00892	0.01398	0.00791	0.01307	0.00787	0.01133	0.04498	0.00278	0.75855	0.00513	0.00256	0.00632
12	0.01290	0.01053	0.01230	0.00884	0.01397	0.00815	0.00710	0.04101	0.01276	0.04516	0.01090	0.01239	0.00886	0.00450	0.00441	0.00093	0.00440	0.00359	0.00366	0.77364
13	0.01567	0.75548	0.04638	0.01027	0.01526	0.04855	0.01025	0.01763	0.01199	0.01381	0.00817	0.00943	0.00746	0.00502	0.00382	0.00127	0.00642	0.00316	0.00250	0.00746
14	0.00693	0.00589	0.00598	0.00596	0.00789	0.00494	0.00447	0.00847	0.01340	0.01606	0.09079	0.05539	0.72490	0.01460	0.00687	0.00196	0.00294	0.01219	0.00545	0.00494
15	0.00846	0.00564	0.00634	0.00634	0.00634	0.00564	0.00352	0.00846	0.00846	0.01128	0.01832	0.03805	0.02114	0.79563	0.02960	0.00564	0.00564	0.00846	0.00352	0.00352
16	0.01206	0.01034	0.01206	0.00861	0.01378	0.00775	0.00689	0.01464	0.01206	0.01895	0.01034	0.01206	0.00861	0.00431	0.00431	0.00086	0.00431	0.00345	0.00345	0.83118
17	0.83671	0.01125	0.00855	0.00765	0.01125	0.01305	0.00630	0.01709	0.00990	0.02609	0.00810	0.00945	0.00630	0.00540	0.00360	0.00180	0.00450	0.00315	0.00360	0.00630
18	0.00738	0.00533	0.00698	0.00779	0.00847	0.00493	0.00538	0.00887	0.01264	0.01712	0.22453	0.56057	0.07564	0.01639	0.00725	0.00220	0.00319	0.01475	0.00566	0.00493
19	0.01098	0.01034	0.01744	0.78165	0.04005	0.01292	0.01615	0.01486	0.01163	0.01486	0.01034	0.01550	0.00775	0.00581	0.00581	0.00194	0.00775	0.00517	0.00258	0.00646
20	0.01439	0.01382	0.02360	0.03569	0.75936	0.01382	0.01785	0.01785	0.01324	0.01900	0.01094	0.01439	0.00921	0.00518	0.00576	0.00173	0.00691	0.00518	0.00288	0.00921
21	0.00766	0.00607	0.00704	0.00757	0.00920	0.00544	0.00603	0.00946	0.01311	0.01616	0.04790	0.12320	0.47140	0.01544	0.00728	0.00222	0.00372	0.23068	0.00539	0.00503
22	0.01166	0.03008	0.76550	0.01657	0.02517	0.01351	0.02149	0.01842	0.01228	0.01842	0.01044	0.01228	0.00737	0.00552	0.00552	0.00184	0.00859	0.00430	0.00246	0.00859
23	0.02609	0.00990	0.01350	0.01035	0.01484	0.00855	0.00855	0.02834	0.01664	0.76338	0.02294	0.01979	0.01439	0.00720	0.00585	0.00180	0.00495	0.00585	0.00720	0.00990
24	0.01166	0.03008	0.76550	0.01657	0.02517	0.01351	0.02149	0.01842	0.01228	0.01842	0.01044	0.01228	0.00737	0.00552	0.00552	0.00184	0.00859	0.00430	0.00246	0.00859
25	0.00732	0.00591	0.00650	0.00636	0.00813	0.00510	0.00477	0.00920	0.01430	0.01819	0.28638	0.05188	0.52797	0.01380	0.00687	0.00192	0.00288	0.01170	0.00573	0.00510
26	0.00823	0.00594	0.00777	0.00732	0.00869	0.00549	0.00549	0.01097	0.01646	0.02332	0.75629	0.04344	0.05487	0.01189	0.00686	0.00183	0.00274	0.01052	0.00640	0.00549
27	0.01098	0.01034	0.01744	0.78165	0.04005	0.01292	0.01615	0.01486	0.01163	0.01486	0.01034	0.01550	0.00775	0.00581	0.00581	0.00194	0.00775	0.00517	0.00258	0.00646
28	0.00809	0.00628	0.00759	0.00825	0.00990	0.00578	0.00684	0.01015	0.01332	0.01654	0.04517	0.06067	0.40346	0.01538	0.00744	0.00231	0.00412	0.35819	0.00538	0.00513
29	0.04310	0.01041	0.01316	0.01050	0.01461	0.00989	0.00854	0.04748	0.15330	0.55331	0.05598	0.02081	0.01655	0.00749	0.00585	0.00183	0.00481	0.00611	0.00679	0.00948
30	0.01084	0.00542	0.00542	0.00542	0.00678	0.00542	0.00407	0.01355	0.01220	0.02168	0.01897	0.02168	0.01491	0.00678	0.00407	0.00136	0.00271	0.00542	0.82791	0.00542
31	0.02136	0.01595	0.01663	0.01308	0.01747	0.05149	0.01068	0.57529	0.11728	0.07738	0.01549	0.01513	0.01104	0.00706	0.00581	0.00177	0.00627	0.00537	0.00578	0.00966
32	0.00709	0.00506	0.00675	0.00810	0.00843	0.00472	0.00540	0.00810	0.01113	0.01484	0.03205	0.79184	0.03846	0.01822	0.00742	0.00236	0.00337	0.01653	0.00540	0.00472
33	0.00846	0.00564	0.00634	0.00634	0.00634	0.00564	0.00352	0.00846	0.00846	0.01128	0.01832	0.03805	0.02114	0.79563	0.02960	0.00564	0.00564	0.00846	0.00352	0.00352
34	0.02044	0.02420	0.01662	0.01473	0.01756	0.57669	0.01132	0.09781	0.04287	0.01692	0.00988	0.01152	0.00813	0.00666	0.00696	0.00166	0.10140	0.00416	0.00334	0.00712
35	0.83671	0.01125	0.00855	0.00765	0.01125	0.01305	0.00630	0.01709	0.00990	0.02609	0.00810	0.00945	0.00630	0.00540	0.00360	0.00180	0.00450	0.00315	0.00360	0.00630
36	0.83671	0.01125	0.00855	0.00765	0.01125	0.01305	0.00630	0.01709	0.00990	0.02609	0.00810	0.00945	0.00630	0.00540	0.00360	0.00180	0.00450	0.00315	0.00360	0.00630
37	0.01206	0.01034	0.01206	0.00861	0.01378	0.00775	0.00689	0.01464	0.01206	0.01895	0.01034	0.01206	0.00861	0.00431	0.00431	0.00086	0.00431	0.00345	0.00345	0.83118
38	0.01660	0.60515	0.04761	0.01116	0.01581	0.16772	0.01050	0.01896	0.03444	0.01423	0.00878	0.01000	0.00777	0.00527	0.00414	0.00133	0.00706	0.00337	0.00269	0.00741
39	0.02225	0.01606	0.01731	0.01327	0.01792	0.01770	0.01096	0.71456	0.02696	0.06259	0.01428	0.01417	0.01005	0.00699	0.00582	0.00175	0.00635	0.00526	0.00587	0.00989
40	0.01084	0.00542	0.00542	0.00542	0.00678	0.00542	0.00407	0.01355	0.01220	0.02168	0.01897	0.02168	0.01491	0.00678	0.00407	0.00136	0.00271	0.00542	0.82791	0.00542
41	0.83671	0.01125	0.00855	0.00765	0.01125	0.01305	0.00630	0.01709	0.00990	0.02609	0.00810	0.00945	0.00630	0.00540	0.00360	0.00180	0.00450	0.00315	0.00360	0.00630
42	0.01296	0.00799	0.00834	0.00764	0.00978	0.00854	0.00590	0.07167	0.18444	0.04490	0.01981	0.02106	0.01518	0.00706	0.00468	0.00154	0.00349	0.00569	0.55259	0.00676
43	0.00831	0.00600	0.00789	0.00756	0.00893	0.00558	0.00577	0.01105	0.01624	0.02289	0.70308	0.04506	0.05330	0.01219	0.00694	0.00189	0.00294	0.06257	0.00632	0.00548
44	0.01446	0.01249	0.01315	0.01183	0.01512	0.01446	0.00920	0.03090	0.74885	0.02433	0.02367	0.02170	0.01775	0.00789	0.00592	0.00197	0.00460	0.00657	0.00592	0.00920
45	0.02211	0.01629	0.01745	0.01338	0.01803	0.01803	0.01105	0.73997	0.02734	0.03665	0.01396	0.01396	0.00989	0.00698	0.00582	0.00175	0.00640	0.00524	0.00582	0.00989
46	0.83671	0.01125	0.00855	0.00765	0.01125	0.01305	0.00630	0.01709	0.00990	0.02609	0.00810	0.00945	0.00630	0.00540	0.00360	0.00180	0.00450	0.00315	0.00360	0.00630
47	0.83671	0.01125	0.00855	0.00765	0.01125	0.01305	0.00630	0.01709	0.00990	0.02609	0.00810	0.00945	0.00630	0.00540	0.00360	0.00180	0.00450	0.00315	0.00360	0.00630
48	0.01446	0.01249	0.01315	0.01183	0.01512	0.01446	0.00920	0.03090	0.74885	0.02433	0.02367	0.02170	0.01775	0.00789	0.00592	0.00197	0.00460	0.00657	0.00592	0.00920
49	0.01199	0.09463	0.70381	0.01602	0.02431	0.01430	0.02052	0.01833	0.01224	0.01802	0.01024	0.01203	0.00737	0.00548	0.00537	0.00179	0.00839	0.00420	0.00246	0.00850
50	0.02146	0.01597	0.01709	0.01325	0.01779	0.01773	0.01090	0.68045	0.08790	0.03561	0.01478	0.01461	0.01055	0.00706	0.00583	0.00176	0.00625	0.00535	0.00583	0.00983
51	0.00736	0.00646	0.00689	0.00668	0.00848	0.00599	0.00512	0.00882	0.01289	0.01557	0.05461	0.05234	0.69410	0.01435	0.00790	0.00201	0.06859	0.01167	0.00516	0.00503
52	0.00770	0.00568	0.00728	0.00841	0.00900	0.00554	0.00572	0.01001	0.07305	0.01564	0.03135	0.72719	0.03672	0.01735	0.00730	0.00233	0.00348	0.01570	0.00544	0.00510
53	0.00965	0.00720	0.01008	0.01109	0.01232	0.00763	0.00965	0.01221	0.01301	0.01712	0.02885	0.06116	0.03130	0.01557	0.00896	0.00267	0.07079	0.66019	0.00512	0.00544
54	0.02569	0.00981	0.01337	0.01028	0.01471	0.00848	0.00848	0.02795	0.01664	0.74689	0.03929	0.02032	0.01530	0.00730	0.00587	0.00180	0.00490	0.00595	0.00718	0.00980
55	0.01084	0.00542	0.00542	0.00542	0.00678	0.00542	0.00407	0.01355	0.01220	0.02168	0.01897	0.02168	0.01491	0.00678	0.00407	0.00136	0.00271	0.00542	0.82791	0.00542
56	0.01439	0.01382	0.02360	0.03569	0.75936	0.01382	0.01785	0.01785	0.01324	0.01900	0.01094	0.01439	0.00921	0.00518	0.00576	0.00173	0.00691	0.00518	0.00288	0.00921
57	0.02609	0.00990	0.01350	0.01035	0.01484	0.00855	0.00855	0.02834	0.01664	0.76338	0.02294	0.01979	0.01439	0.00720	0.00585	0.00180	0.00495	0.00585	0.00720	0.00990
58	0.00831	0.00623	0.00935	0.00935	0.01038	0.00727	0.00727	0.01038	0.00935	0.01350	0.01558	0.02285	0.01454	0.04361	0.77259	0.00935	0.01558	0.00623	0.00312	0.00519
59	0.01098	0.01034	0.01744	0.78165	0.04005	0.01292	0.01615	0.01486	0.01163	0.01486	0.01034	0.01550	0.00775	0.00581	0.00581	0.00194	0.00775	0.00517	0.00258	0.00646
60	0.01546	0.71105	0.08778	0.01065	0.01584	0.04907	0.01090	0.01770	0.01202	0.01407	0.00830	0.00960	0.00746	0.00505	0.00393	0.00130	0.00656	0.00323	0.00250	0.00753
61	0.00792	0.00596	0.00809	0.00911	0.00958	0.00613	0.00664	0.00922	0.01130	0.01518	0.02980	0.61114	0.03508	0.01720	0.00850	0.00243	0.06929	0.12729	0.00515	0.00496
62	0.02511	0.01011	0.01347	0.01047	0.01487	0.00904	0.00860	0.02856	0.07810	0.70135	0.02300	0.01995	0.01468	0.00726	0.00585	0.00181	0.00492	0.00591	0.00709	0.00984
63	0.00861	0.00650	0.00860	0.00858	0.00897	0.00729	0.00605	0.00960	0.00948	0.01320	0.03445	0.18831	0.02207	0.31868	0.22938	0.00555	0.09714	0.00918	0.00375	0.00460
64	0.01223	0.02815	0.68532	0.01604	0.02409	0.01347	0.02016	0.01969	0.07420	0.03579	0.01183	0.01324	0.00840	0.00576	0.00557	0.00185	0.00818	0.00452	0.00285	0.00867
65	0.01549	0.01658	0.02030	0.15548	0.39079	0.20223	0.01549	0.01835	0.01341	0.01669	0.01007	0.01347	0.00840	0.00591	0.00676	0.00177	0.07325	0.00481	0.00283	0.00789
66	0.83671	0.01125	0.00855	0.00765	0.01125	0.01305	0.00630	0.01709	0.00990	0.02609	0.00810	0.00945	0.00630	0.00540	0.00360	0.00180	0.00450	0.00315	0.00360	0.00630
67	0.00702	0.00590	0.00610	0.00605	0.00795	0.00497	0.00454	0.00864	0.01361	0.01655	0.13574	0.05458	0.67964	0.01441	0.00687	0.00195	0.00292	0.01208	0.00551	0.00497
68	0.01412	0.01346	0.02251	0.09391	0.65935	0.01378	0.01722	0.01835	0.05517	0.01897	0.01162	0.01490	0.00958	0.00539	0.00577	0.00176	0.00684	0.00526	0.00303	0.00899
69	0.01350	0.01207	0.01309	0.01181	0.01417	0.04555	0.00918	0.02462	0.49009	0.02047	0.01964	0.02127	0.01585	0.06935	0.08170	0.00300	0.11548	0.00635	0.00488	0.00791
70	0.01206	0.01034	0.01206	0.00861	0.01378	0.00775	0.00689	0.01464	0.01206	0.01895	0.01034	0.01206	0.00861	0.00431	0.00431	0.00086	0.00431	0.00345	0.00345	0.83118
71	0.01166	0.03008	0.76550	0.01657	0.02517	0.01351	0.02149	0.01842	0.01228	0.01842	0.01044	0.01228	0.00737	0.00552	0.00552	0.00184	0.00859	0.00430	0.00246	0.00859
72	0.00855	0.00701	0.00722	0.00725	0.00927	0.00592	0.00543	0.00970	0.01410	0.01713	0.05725	0.05760	0.69089	0.01555	0.00752	0.00226	0.00363	0.06221	0.00583	0.00569
73	0.00949	0.00688	0.00860	0.00838	0.00972	0.00623	0.00608	0.01150	0.01634	0.02297	0.61307	0.15525	0.07424	0.01370	0.00751	0.00217	0.00337	0.01178	0.00663	0.00610
74	0.02547	0.01050	0.01386	0.01098	0.01522	0.00906	0.00882	0.02734	0.01739	0.67776	0.09368	0.02380	0.01943	0.00854	0.00653	0.00206	0.00521	0.00672	0.00751	0.01012
75	0.01344	0.01130	0.01300	0.00957	0.01477	0.00857	0.00750	0.01560	0.01292	0.02018	0.01173	0.01400	0.00994	0.00527	0.00493	0.00114	0.00480	0.00392	0.00392	0.81352
76	0.01336	0.01445	0.06326	0.02009	0.04476	0.01265	0.46015	0.01714	0.01505	0.02074	0.18150	0.02591	0.06492	0.00803	0.00733	0.00217	0.00805	0.00823	0.00432	0.00791
77	0.02233	0.01662	0.01827	0.07872	0.02077	0.01820	0.01199	0.66389	0.02654	0.03566	0.01497	0.01599	0.01101	0.00778	0.00640	0.00202	0.00695	0.00567	0.00597	0.01024
78	0.02155	0.01012	0.01333	0.01092	0.01429	0.00936	0.00870	0.02342	0.01671	0.49917	0.20703	0.02690	0.02519	0.00952	0.00780	0.00212	0.07034	0.00738	0.00700	0.00914
79	0.01424	0.01362	0.01824	0.01579	0.01621	0.01813	0.01290	0.01638	0.07195	0.01620	0.01044	0.01540	0.00983	0.01081	0.01827	0.00273	0.70257	0.00566	0.00332	0.00732
80	0.02594	0.01127	0.01487	0.01176	0.01592	0.01036	0.00953	0.04543	0.01702	0.66710	0.02255	0.02082	0.01491	0.00834	0.00754	0.00212	0.07093	0.00619	0.00716	0.01024
81	0.02619	0.01109	0.01438	0.01139	0.01583	0.00985	0.00917	0.02920	0.07886	0.68599	0.02412	0.02172	0.01587	0.00815	0.00644	0.00207	0.00539	0.00633	0.00748	0.01048
82	0.00981	0.00666	0.00745	0.00750	0.00767	0.00643	0.00436	0.00952	0.00962	0.01298	0.02069	0.10268	0.02364	0.71370	0.02779	0.00553	0.00591	0.00950	0.00415	0.00441
83	0.01758	0.59009	0.08851	0.01223	0.01723	0.13300	0.01164	0.03416	0.01373	0.01597	0.00998	0.01183	0.00886	0.00616	0.00478	0.00161	0.00749	0.00383	0.00312	0.00820
84	0.01573	0.01471	0.02429	0.03605	0.74372	0.01450	0.01821	0.01873	0.01408	0.02023	0.01232	0.01628	0.01052	0.00612	0.00635	0.00198	0.00734	0.00562	0.00336	0.00987
85	0.02716	0.01087	0.01441	0.01127	0.01581	0.00935	0.00912	0.02899	0.01740	0.74802	0.02406	0.02156	0.01559	0.00809	0.00643	0.00205	0.00542	0.00627	0.00759	0.01054
86	0.02716	0.01087	0.01441	0.01127	0.01581	0.00935	0.00912	0.02899	0.01740	0.74802	0.02406	0.02156	0.01559	0.00809	0.00643	0.00205	0.00542	0.00627	0.00759	0.01054
87	0.01920	0.01898	0.01814	0.01550	0.01774	0.24016	0.01232	0.20786	0.01689	0.02134	0.01115	0.01431	0.00953	0.00894	0.01183	0.00227	0.33652	0.00517	0.00403	0.00812
88	0.00978	0.00729	0.01035	0.01029	0.01145	0.00810	0.00787	0.01143	0.01027	0.01485	0.01686	0.02454	0.01573	0.04370	0.75608	0.00943	0.01581	0.00665	0.00359	0.00594
89	0.00992	0.00671	0.00741	0.00735	0.00749	0.00651	0.00420	0.00955	0.00940	0.01268	0.01954	0.03941	0.02219	0.77895	0.02966	0.00581	0.00610	0.00882	0.00399	0.00431
90	0.81971	0.01219	0.00957	0.00863	0.01229	0.01375	0.00692	0.01799	0.01081	0.02716	0.00954	0.01144	0.00767	0.00633	0.00424	0.00205	0.00498	0.00363	0.00407	0.00702
91	0.01082	0.00774	0.01037	0.01162	0.01307	0.00754	0.00992	0.01306	0.01422	0.01867	0.03173	0.06634	0.03424	0.01676	0.00857	0.00291	0.00582	0.70471	0.00578	0.00610
92	0.01557	0.01455	0.02401	0.07015	0.71084	0.01446	0.01813	0.01859	0.01400	0.02004	0.01229	0.01633	0.01045	0.00615	0.00635	0.00199	0.00738	0.00562	0.00335	0.00974
93	0.00852	0.00678	0.00731	0.00764	0.00927	0.00581	0.00551	0.00952	0.01357	0.01686	0.05154	0.23886	0.53715	0.01637	0.00762	0.00234	0.00366	0.04020	0.00583	0.00563
94	0.00948	0.00732	0.00880	0.00898	0.04054	0.00650	0.00626	0.01137	0.01596	0.02159	0.46435	0.04789	0.30082	0.01340	0.00738	0.00213	0.00351	0.01124	0.00631	0.00618
95	0.01285	0.01193	0.01836	0.56438	0.03395	0.01491	0.01565	0.01558	0.01179	0.01595	0.01102	0.01663	0.00906	0.00788	0.00988	0.00235	0.21201	0.00559	0.00307	0.00715
96	0.00945	0.00697	0.00848	0.00810	0.00964	0.00624	0.00595	0.01150	0.01655	0.02297	0.60704	0.06840	0.16849	0.01332	0.00744	0.00212	0.00332	0.01130	0.00662	0.00611
97	0.03335	0.01127	0.01310	0.00977	0.01484	0.00879	0.00769	0.01736	0.01345	0.11334	0.01326	0.01490	0.01061	0.00565	0.00510	0.00127	0.00488	0.00422	0.00439	0.69276
98	0.00884	0.00649	0.00864	0.00960	0.01026	0.00595	0.02561	0.00962	0.01217	0.01636	0.03238	0.72853	0.03815	0.01843	0.00798	0.00260	0.00413	0.04290	0.00576	0.00559
99	0.01968	0.14863	0.01958	0.01631	0.08857	0.40485	0.01175	0.02413	0.16844	0.01803	0.01351	0.01497	0.01113	0.00707	0.00579	0.00184	0.00858	0.00484	0.00399	0.00832

[dist]
# distance from previous block
# <min> <max>
0	1

[block]
# block no. 1 follows, 40 sequences, length 7
# corresponding to MSA columns:
# 319-325
name=unknown_B
#
# <colnr> <probs for GDERKNQSTAVLIFYWHMCP>
#	G	D	E	R	K	N	Q	S	T	A	V	L	I	F	Y	W	H	M	C	P
0	0.01540	0.11215	0.02329	0.06167	0.55755	0.05470	0.01595	0.01850	0.01335	0.05721	0.01109	0.01389	0.00911	0.00533	0.00548	0.00167	0.00694	0.00488	0.00305	0.00878
1	0.01292	0.01104	0.01232	0.01279	0.05125	0.06335	0.00995	0.05623	0.27522	0.02068	0.02492	0.04106	0.02370	0.01147	0.00686	0.00225	0.00557	0.34588	0.00529	0.00724
2	0.00937	0.00669	0.00937	0.01071	0.01205	0.00669	0.00937	0.01205	0.01339	0.01740	0.03079	0.06560	0.03347	0.01606	0.00803	0.00268	0.00535	0.72021	0.00535	0.00535
3	0.01270	0.02339	0.44319	0.02236	0.17836	0.01385	0.18612	0.01835	0.01281	0.01859	0.01085	0.01350	0.00808	0.00531	0.00588	0.00185	0.00852	0.00507	0.00266	0.00855
4	0.00823	0.00594	0.00777	0.00732	0.00869	0.00549	0.00549	0.01097	0.01646	0.02332	0.75629	0.04344	0.05487	0.01189	0.00686	0.00183	0.00274	0.01052	0.00640	0.00549
5	0.01615	0.72442	0.02912	0.01044	0.01522	0.09557	0.01007	0.01798	0.01227	0.01373	0.00817	0.00944	0.00747	0.00507	0.00388	0.00127	0.00663	0.00317	0.00254	0.00739
6	0.00837	0.00604	0.00797	0.00774	0.00911	0.00564	0.00597	0.01111	0.01608	0.02258	0.66579	0.04620	0.05220	0.01241	0.00701	0.00193	0.00307	0.09904	0.00627	0.00547

[dist]
# distance from previous block
# <min> <max>
0	2

[block]
# block no. 2 follows, 40 sequences, length 33
# corresponding to MSA columns:
# 328-360
name=unknown_C
#
# <colnr> <probs for GDERKNQSTAVLIFYWHMCP>
#	G	D	E	R	K	N	Q	S	T	A	V	L	I	F	Y	W	H	M	C	P
0	0.01197	0.01146	0.01964	0.55452	0.18341	0.01327	0.06363	0.01627	0.03815	0.01627	0.01102	0.01551	0.00847	0.00570	0.00587	0.00190	0.00761	0.00533	0.00278	0.00720
1	0.02609	0.00990	0.01350	0.01035	0.01484	0.00855	0.00855	0.02834	0.01664	0.76338	0.02294	0.01979	0.01439	0.00720	0.00585	0.00180	0.00495	0.00585	0.00720	0.00990
2	0.00937	0.00669	0.00937	0.01071	0.01205	0.00669	0.00937	0.01205	0.01339	0.01740	0.03079	0.06560	0.03347	0.01606	0.00803	0.00268	0.00535	0.72021	0.00535	0.00535
3	0.01160	0.01097	0.01857	0.64561	0.17124	0.01308	0.01646	0.01540	0.01192	0.01561	0.01045	0.01530	0.00802	0.00570	0.00580	0.00190	0.00760	0.00517	0.00264	0.00696
4	0.01098	0.01034	0.01744	0.78165	0.04005	0.01292	0.01615	0.01486	0.01163	0.01486	0.01034	0.01550	0.00775	0.00581	0.00581	0.00194	0.00775	0.00517	0.00258	0.00646
5	0.02609	0.00990	0.01350	0.01035	0.01484	0.00855	0.00855	0.02834	0.01664	0.76338	0.02294	0.01979	0.01439	0.00720	0.00585	0.00180	0.00495	0.00585	0.00720	0.00990
6	0.00687	0.00589	0.00589	0.00589	0.00785	0.00491	0.00442	0.00835	0.01325	0.01571	0.05891	0.05596	0.75700	0.01473	0.00687	0.00196	0.00295	0.01227	0.00540	0.00491
7	0.02183	0.01696	0.01725	0.01344	0.01794	0.07052	0.01101	0.66715	0.04981	0.03469	0.01393	0.01397	0.00998	0.00694	0.00578	0.00174	0.00663	0.00517	0.00562	0.00965
8	0.04081	0.01143	0.01825	0.56394	0.16783	0.01346	0.01575	0.06823	0.01300	0.01758	0.01063	0.01498	0.00812	0.00577	0.00573	0.00188	0.00739	0.00511	0.00291	0.00720
9	0.02172	0.02772	0.01648	0.01498	0.01798	0.77228	0.01124	0.02322	0.01648	0.01423	0.00899	0.01049	0.00749	0.00599	0.00524	0.00150	0.01049	0.00375	0.00300	0.00674
10	0.01446	0.01249	0.01315	0.01183	0.01512	0.01446	0.00920	0.03090	0.74885	0.02433	0.02367	0.02170	0.01775	0.00789	0.00592	0.00197	0.00460	0.00657	0.00592	0.00920
11	0.02609	0.00990	0.01350	0.01035	0.01484	0.00855	0.00855	0.02834	0.01664	0.76338	0.02294	0.01979	0.01439	0.00720	0.00585	0.00180	0.00495	0.00585	0.00720	0.00990
12	0.00937	0.00669	0.00937	0.01071	0.01205	0.00669	0.00937	0.01205	0.01339	0.01740	0.03079	0.06560	0.03347	0.01606	0.00803	0.00268	0.00535	0.72021	0.00535	0.00535
13	0.00709	0.00506	0.00675	0.00810	0.00843	0.00472	0.00540	0.00810	0.01113	0.01484	0.03205	0.79184	0.03846	0.01822	0.00742	0.00236	0.00337	0.01653	0.00540	0.00472
14	0.00823	0.00594	0.00777	0.00732	0.00869	0.00549	0.00549	0.01097	0.01646	0.02332	0.75629	0.04344	0.05487	0.01189	0.00686	0.00183	0.00274	0.01052	0.00640	0.00549
15	0.01084	0.00542	0.00542	0.00542	0.00678	0.00542	0.00407	0.01355	0.01220	0.02168	0.01897	0.02168	0.01491	0.00678	0.00407	0.00136	0.00271	0.00542	0.82791	0.00542
16	0.02101	0.01575	0.01684	0.01316	0.01762	0.01752	0.01079	0.63861	0.13048	0.03489	0.01535	0.01507	0.01101	0.00711	0.00583	0.00178	0.00614	0.00543	0.00583	0.00979
17	0.01890	0.01148	0.01396	0.01173	0.01503	0.01256	0.00944	0.02745	0.34826	0.32043	0.02108	0.01965	0.01495	0.00794	0.00777	0.00198	0.11629	0.00607	0.00595	0.00908
18	0.01240	0.01064	0.01221	0.00907	0.01397	0.00871	0.00722	0.01697	0.11738	0.01972	0.01224	0.01344	0.00992	0.00482	0.00454	0.00102	0.00435	0.00389	0.00380	0.71368
19	0.01358	0.01526	0.03195	0.02319	0.02823	0.01515	0.63453	0.01797	0.01304	0.01797	0.01117	0.01526	0.00865	0.00566	0.00861	0.00204	0.12061	0.00661	0.00288	0.00763
20	0.00931	0.00664	0.00743	0.00724	0.00775	0.00696	0.00448	0.01174	0.11433	0.01322	0.01898	0.03515	0.02041	0.65493	0.05397	0.00525	0.00586	0.00810	0.00385	0.00440
21	0.01331	0.01030	0.01219	0.00877	0.01388	0.00782	0.00704	0.01586	0.01247	0.08520	0.01146	0.01275	0.00913	0.00456	0.00444	0.00094	0.00436	0.00366	0.00378	0.75809
22	0.01272	0.01272	0.01781	0.01527	0.01527	0.01781	0.01272	0.01399	0.00891	0.01399	0.00763	0.01272	0.00763	0.01018	0.01908	0.00254	0.78499	0.00509	0.00254	0.00636
23	0.83671	0.01125	0.00855	0.00765	0.01125	0.01305	0.00630	0.01709	0.00990	0.02609	0.00810	0.00945	0.00630	0.00540	0.00360	0.00180	0.00450	0.00315	0.00360	0.00630
24	0.00766	0.00592	0.00699	0.00672	0.00834	0.00525	0.00504	0.00988	0.01512	0.02014	0.46521	0.04867	0.34793	0.01307	0.00686	0.00189	0.00283	0.01125	0.00598	0.00525
25	0.00738	0.00600	0.00663	0.00692	0.00867	0.00524	0.00540	0.00909	0.01329	0.01624	0.07723	0.09268	0.56716	0.01504	0.00711	0.00211	0.00339	0.14000	0.00543	0.00500
26	0.01555	0.79913	0.03047	0.00995	0.01493	0.02301	0.00995	0.01741	0.01182	0.01368	0.00808	0.00933	0.00746	0.00498	0.00373	0.00124	0.00622	0.00311	0.00249	0.00746
27	0.01206	0.01034	0.01206	0.00861	0.01378	0.00775	0.00689	0.01464	0.01206	0.01895	0.01034	0.01206	0.00861	0.00431	0.00431	0.00086	0.00431	0.00345	0.00345	0.83118
28	0.00877	0.00687	0.00805	0.00759	0.00939	0.00662	0.00574	0.01314	0.12031	0.02147	0.46931	0.04360	0.23306	0.01206	0.00673	0.00188	0.00306	0.01041	0.00607	0.00587
29	0.01264	0.01534	0.17696	0.01164	0.01672	0.01118	0.01118	0.05148	0.03848	0.01918	0.01062	0.01264	0.00859	0.00567	0.00681	0.00140	0.11695	0.00406	0.00331	0.46514
30	0.01206	0.02757	0.65796	0.01590	0.02373	0.01364	0.01973	0.02020	0.11757	0.01926	0.01233	0.01362	0.00885	0.00586	0.00558	0.00186	0.00802	0.00462	0.00295	0.00868
31	0.00887	0.00691	0.00921	0.00845	0.00963	0.00725	0.00652	0.01141	0.01538	0.02199	0.64927	0.03905	0.04812	0.01164	0.00861	0.00193	0.11456	0.00974	0.00585	0.00561
32	0.02443	0.01027	0.01345	0.01056	0.01488	0.00939	0.00864	0.02871	0.12131	0.65774	0.02305	0.02007	0.01487	0.00730	0.00586	0.00182	0.00490	0.00595	0.00701	0.00980

[dist]
# distance from previous block
# <min> <max>
0	2

[block]
# block no. 3 follows, 40 sequences, length 31
# corresponding to MSA columns:
# 363-393
name=unknown_D
#
# <colnr> <probs for GDERKNQSTAVLIFYWHMCP>
#	G	D	E	R	K	N	Q	S	T	A	V	L	I	F	Y	W	H	M	C	P
0	0.01521	0.01541	0.06730	0.03484	0.70517	0.01430	0.01832	0.01852	0.01380	0.01986	0.01192	0.01565	0.01006	0.00589	0.00617	0.00192	0.00732	0.00545	0.00321	0.00966
1	0.00709	0.00506	0.00675	0.00810	0.00843	0.00472	0.00540	0.00810	0.01113	0.01484	0.03205	0.79184	0.03846	0.01822	0.00742	0.00236	0.00337	0.01653	0.00540	0.00472
2	0.02435	0.01028	0.01344	0.01057	0.01489	0.00943	0.00865	0.02872	0.12604	0.65296	0.02305	0.02008	0.01490	0.00730	0.00586	0.00183	0.00490	0.00596	0.00701	0.00979
3	0.00870	0.00684	0.00906	0.00855	0.00960	0.00721	0.00651	0.01095	0.01451	0.02052	0.52211	0.13673	0.07396	0.01257	0.00876	0.00201	0.11971	0.01056	0.00565	0.00549
4	0.01357	0.01277	0.02054	0.21341	0.47336	0.01370	0.01614	0.01907	0.12276	0.01879	0.01269	0.01575	0.01013	0.00574	0.00579	0.00182	0.00677	0.00539	0.00326	0.00854
5	0.00897	0.00720	0.01061	0.01023	0.01111	0.00884	0.00808	0.01092	0.00928	0.01357	0.01439	0.02133	0.01351	0.03862	0.66000	0.00833	0.13053	0.00606	0.00303	0.00537
6	0.01523	0.05387	0.02206	0.04351	0.46596	0.08338	0.05729	0.04007	0.12375	0.01947	0.01264	0.01497	0.01021	0.00570	0.00570	0.00174	0.00703	0.00526	0.00340	0.00878
7	0.00694	0.00582	0.00604	0.00615	0.00794	0.00491	0.00455	0.00842	0.01318	0.01592	0.08307	0.12313	0.66413	0.01494	0.00692	0.00200	0.00298	0.01260	0.00544	0.00491
8	0.01206	0.01034	0.01206	0.00861	0.01378	0.00775	0.00689	0.01464	0.01206	0.01895	0.01034	0.01206	0.00861	0.00431	0.00431	0.00086	0.00431	0.00345	0.00345	0.83118
9	0.00740	0.00523	0.00684	0.00800	0.00835	0.00496	0.00537	0.00837	0.01089	0.01450	0.03010	0.64794	0.03581	0.12437	0.01049	0.00283	0.00379	0.05502	0.00514	0.00459
10	0.01272	0.01272	0.01781	0.01527	0.01527	0.01781	0.01272	0.01399	0.00891	0.01399	0.00763	0.01272	0.00763	0.01018	0.01908	0.00254	0.78499	0.00509	0.00254	0.00636
11	0.00818	0.00594	0.00770	0.00726	0.00865	0.00546	0.00544	0.01087	0.01633	0.02301	0.72820	0.04394	0.08315	0.01200	0.00686	0.00183	0.00275	0.01059	0.00636	0.00546
12	0.01555	0.79913	0.03047	0.00995	0.01493	0.02301	0.00995	0.01741	0.01182	0.01368	0.00808	0.00933	0.00746	0.00498	0.00373	0.00124	0.00622	0.00311	0.00249	0.00746
13	0.02609	0.00990	0.01350	0.01035	0.01484	0.00855	0.00855	0.02834	0.01664	0.76338	0.02294	0.01979	0.01439	0.00720	0.00585	0.00180	0.00495	0.00585	0.00720	0.00990
14	0.01138	0.00648	0.00657	0.00638	0.00802	0.00677	0.00483	0.01614	0.12226	0.02208	0.01967	0.02168	0.01533	0.00694	0.00434	0.00145	0.00299	0.00559	0.70510	0.00599
15	0.00793	0.00621	0.00840	0.00917	0.00946	0.00668	0.00649	0.00898	0.01080	0.01472	0.02840	0.67543	0.03386	0.01702	0.00916	0.00239	0.12016	0.01482	0.00497	0.00497
16	0.71386	0.01143	0.00923	0.00827	0.01183	0.01326	0.00673	0.01916	0.12030	0.02583	0.01042	0.01128	0.00801	0.00577	0.00395	0.00183	0.00451	0.00366	0.00395	0.00673
17	0.71359	0.01147	0.00993	0.00879	0.01185	0.01376	0.00726	0.01663	0.00975	0.02428	0.00803	0.00994	0.00650	0.00611	0.00591	0.00191	0.12111	0.00344	0.00344	0.00631
18	0.00935	0.00666	0.00736	0.00716	0.00765	0.00696	0.00437	0.01181	0.11908	0.01323	0.01912	0.03561	0.02064	0.67793	0.02606	0.00509	0.00548	0.00818	0.00388	0.00437
19	0.00709	0.00506	0.00675	0.00810	0.00843	0.00472	0.00540	0.00810	0.01113	0.01484	0.03205	0.79184	0.03846	0.01822	0.00742	0.00236	0.00337	0.01653	0.00540	0.00472
20	0.00687	0.00589	0.00589	0.00589	0.00785	0.00491	0.00442	0.00835	0.01325	0.01571	0.05891	0.05596	0.75700	0.01473	0.00687	0.00196	0.00295	0.01227	0.00540	0.00491
21	0.03677	0.00641	0.00803	0.00748	0.00909	0.00605	0.00566	0.01211	0.03622	0.04392	0.66230	0.04154	0.07933	0.01154	0.00670	0.00184	0.00292	0.01010	0.00628	0.00572
22	0.00846	0.00564	0.00634	0.00634	0.00634	0.00564	0.00352	0.00846	0.00846	0.01128	0.01832	0.03805	0.02114	0.79563	0.02960	0.00564	0.00564	0.00846	0.00352	0.00352
23	0.00937	0.00669	0.00937	0.01071	0.01205	0.00669	0.00937	0.01205	0.01339	0.01740	0.03079	0.06560	0.03347	0.01606	0.00803	0.00268	0.00535	0.72021	0.00535	0.00535
24	0.01320	0.02677	0.62673	0.01743	0.06719	0.01312	0.04748	0.01928	0.01278	0.08547	0.01164	0.01321	0.00816	0.00563	0.00562	0.00184	0.00821	0.00459	0.00293	0.00872
25	0.01439	0.01382	0.02360	0.03569	0.75936	0.01382	0.01785	0.01785	0.01324	0.01900	0.01094	0.01439	0.00921	0.00518	0.00576	0.00173	0.00691	0.00518	0.00288	0.00921
26	0.02609	0.00990	0.01350	0.01035	0.01484	0.00855	0.00855	0.02834	0.01664	0.76338	0.02294	0.01979	0.01439	0.00720	0.00585	0.00180	0.00495	0.00585	0.00720	0.00990
27	0.83671	0.01125	0.00855	0.00765	0.01125	0.01305	0.00630	0.01709	0.00990	0.02609	0.00810	0.00945	0.00630	0.00540	0.00360	0.00180	0.00450	0.00315	0.00360	0.00630
28	0.00833	0.00614	0.00890	0.00890	0.00979	0.00703	0.00672	0.01010	0.00921	0.01317	0.01598	0.02509	0.01551	0.15455	0.66298	0.00880	0.01411	0.00656	0.00318	0.00495
29	0.01267	0.01077	0.01274	0.00980	0.03975	0.00850	0.00749	0.05302	0.01291	0.01988	0.01055	0.01224	0.00870	0.00448	0.00444	0.00094	0.00451	0.00360	0.00355	0.75947
30	0.00709	0.00506	0.00675	0.00810	0.00843	0.00472	0.00540	0.00810	0.01113	0.01484	0.03205	0.79184	0.03846	0.01822	0.00742	0.00236	0.00337	0.01653	0.00540	0.00472

[dist]
# distance from previous block
# <min> <max>
0	1

[block]
# block no. 4 follows, 40 sequences, length 186
# corresponding to MSA columns:
# 395-580
name=unknown_E
#
# <colnr> <probs for GDERKNQSTAVLIFYWHMCP>
#	G	D	E	R	K	N	Q	S	T	A	V	L	I	F	Y	W	H	M	C	P
0	0.01520	0.01269	0.02299	0.01981	0.11599	0.01308	0.29022	0.01834	0.01291	0.15362	0.01449	0.07181	0.01200	0.00877	0.03708	0.00232	0.16029	0.00679	0.00382	0.00778
1	0.01194	0.01035	0.01275	0.00923	0.01425	0.00792	0.03619	0.01456	0.01209	0.01878	0.01120	0.04129	0.00973	0.00485	0.00453	0.00096	0.00449	0.00407	0.00350	0.76731
2	0.00846	0.00564	0.00634	0.00634	0.00634	0.00564	0.00352	0.00846	0.00846	0.01128	0.01832	0.03805	0.02114	0.79563	0.02960	0.00564	0.00564	0.00846	0.00352	0.00352
3	0.01555	0.79913	0.03047	0.00995	0.01493	0.02301	0.00995	0.01741	0.01182	0.01368	0.00808	0.00933	0.00746	0.00498	0.00373	0.00124	0.00622	0.00311	0.00249	0.00746
4	0.00846	0.00564	0.00634	0.00634	0.00634	0.00564	0.00352	0.00846	0.00846	0.01128	0.01832	0.03805	0.02114	0.79563	0.02960	0.00564	0.00564	0.00846	0.00352	0.00352
5	0.01116	0.01068	0.01852	0.73328	0.03943	0.01303	0.06228	0.01510	0.01176	0.01510	0.01043	0.01552	0.00782	0.00576	0.00588	0.00194	0.00788	0.00528	0.00261	0.00655
6	0.00817	0.00594	0.00769	0.00725	0.00865	0.00546	0.00544	0.01086	0.01632	0.02299	0.72617	0.04398	0.08520	0.01201	0.00686	0.00183	0.00275	0.01059	0.00636	0.00546
7	0.01441	0.01588	0.09389	0.03310	0.66188	0.04207	0.01795	0.01810	0.01327	0.01877	0.01082	0.01405	0.00897	0.00524	0.00572	0.00173	0.00720	0.00504	0.00284	0.00906
8	0.83671	0.01125	0.00855	0.00765	0.01125	0.01305	0.00630	0.01709	0.00990	0.02609	0.00810	0.00945	0.00630	0.00540	0.00360	0.00180	0.00450	0.00315	0.00360	0.00630
9	0.00823	0.00594	0.00777	0.00732	0.00869	0.00549	0.00549	0.01097	0.01646	0.02332	0.75629	0.04344	0.05487	0.01189	0.00686	0.00183	0.00274	0.01052	0.00640	0.00549
10	0.01446	0.01249	0.01315	0.01183	0.01512	0.01446	0.00920	0.03090	0.74885	0.02433	0.02367	0.02170	0.01775	0.00789	0.00592	0.00197	0.00460	0.00657	0.00592	0.00920
11	0.02211	0.01629	0.01745	0.01338	0.01803	0.01803	0.01105	0.73997	0.02734	0.03665	0.01396	0.01396	0.00989	0.00698	0.00582	0.00175	0.00640	0.00524	0.00582	0.00989
12	0.00698	0.00593	0.00604	0.00610	0.00804	0.00499	0.00463	0.00851	0.01326	0.01578	0.05770	0.05638	0.72574	0.01479	0.00692	0.00199	0.00305	0.04285	0.00540	0.00493
13	0.02211	0.01629	0.01745	0.01338	0.01803	0.01803	0.01105	0.73997	0.02734	0.03665	0.01396	0.01396	0.00989	0.00698	0.00582	0.00175	0.00640	0.00524	0.00582	0.00989
14	0.02609	0.00990	0.01350	0.01035	0.01484	0.00855	0.00855	0.02834	0.01664	0.76338	0.02294	0.01979	0.01439	0.00720	0.00585	0.00180	0.00495	0.00585	0.00720	0.00990
15	0.01555	0.79913	0.03047	0.00995	0.01493	0.02301	0.00995	0.01741	0.01182	0.01368	0.00808	0.00933	0.00746	0.00498	0.00373	0.00124	0.00622	0.00311	0.00249	0.00746
16	0.01446	0.01249	0.01315	0.01183	0.01512	0.01446	0.00920	0.03090	0.74885	0.02433	0.02367	0.02170	0.01775	0.00789	0.00592	0.00197	0.00460	0.00657	0.00592	0.00920
17	0.01272	0.01272	0.01781	0.01527	0.01527	0.01781	0.01272	0.01399	0.00891	0.01399	0.00763	0.01272	0.00763	0.01018	0.01908	0.00254	0.78499	0.00509	0.00254	0.00636
18	0.01439	0.01382	0.02360	0.03569	0.75936	0.01382	0.01785	0.01785	0.01324	0.01900	0.01094	0.01439	0.00921	0.00518	0.00576	0.00173	0.00691	0.00518	0.00288	0.00921
19	0.00971	0.00764	0.01096	0.01061	0.01160	0.00903	0.00828	0.01144	0.00984	0.01436	0.01538	0.02263	0.01441	0.03965	0.67238	0.00858	0.10807	0.00634	0.00333	0.00577
20	0.72796	0.01195	0.00970	0.00873	0.01233	0.01363	0.00701	0.01928	0.09913	0.02651	0.01082	0.01210	0.00849	0.00625	0.00425	0.00197	0.00480	0.00385	0.00415	0.00707
21	0.00971	0.00762	0.01090	0.01056	0.01152	0.00900	0.00821	0.01140	0.00982	0.01432	0.01543	0.02292	0.01454	0.05384	0.65836	0.00851	0.10788	0.00638	0.00334	0.00574
22	0.02673	0.01047	0.01403	0.01089	0.01541	0.00902	0.00888	0.02872	0.01709	0.75430	0.02360	0.02084	0.01510	0.00773	0.00619	0.00195	0.00523	0.00610	0.00743	0.01028
23	0.01288	0.01091	0.01262	0.00918	0.01436	0.00824	0.00725	0.01521	0.01257	0.01968	0.01116	0.01320	0.00940	0.00487	0.00467	0.00102	0.00460	0.00373	0.00372	0.82073
24	0.01518	0.01434	0.02401	0.03590	0.75011	0.01422	0.01806	0.01837	0.01374	0.01973	0.01176	0.01551	0.00999	0.00574	0.00610	0.00188	0.00716	0.00544	0.00317	0.00960
25	0.82665	0.01181	0.00915	0.00823	0.01186	0.01346	0.00666	0.01763	0.01044	0.02673	0.00895	0.01063	0.00711	0.00595	0.00398	0.00195	0.00478	0.00344	0.00388	0.00673
26	0.02279	0.01678	0.01794	0.01388	0.01856	0.01838	0.01136	0.73097	0.02765	0.03714	0.01474	0.01508	0.01066	0.00751	0.00616	0.00190	0.00666	0.00550	0.00607	0.01027
27	0.02279	0.01678	0.01794	0.01388	0.01856	0.01838	0.01136	0.73097	0.02765	0.03714	0.01474	0.01508	0.01066	0.00751	0.00616	0.00190	0.00666	0.00550	0.00607	0.01027
28	0.00897	0.00647	0.00827	0.00799	0.00931	0.00591	0.00585	0.01125	0.01630	0.02301	0.66347	0.13077	0.05314	0.01309	0.00726	0.00204	0.00313	0.01140	0.00653	0.00584
29	0.00912	0.00723	0.00896	0.00863	0.00988	0.00722	0.00645	0.01083	0.01435	0.01962	0.36828	0.16514	0.21936	0.01388	0.00875	0.00218	0.09710	0.01146	0.00577	0.00576
30	0.00913	0.00679	0.00846	0.00944	0.01033	0.00666	0.00672	0.01197	0.10048	0.01708	0.03143	0.60146	0.03575	0.01710	0.00764	0.00250	0.00406	0.10148	0.00571	0.00579
31	0.00971	0.00764	0.01096	0.01061	0.01160	0.00903	0.00828	0.01144	0.00984	0.01436	0.01538	0.02263	0.01441	0.03965	0.67238	0.00858	0.10807	0.00634	0.00333	0.00577
32	0.03167	0.01566	0.01753	0.07906	0.04762	0.01730	0.01175	0.54817	0.11217	0.03303	0.01541	0.01609	0.01135	0.00744	0.00614	0.00194	0.00655	0.00562	0.00567	0.00983
33	0.01649	0.55504	0.07229	0.01215	0.01653	0.11252	0.01146	0.01829	0.01257	0.01487	0.00914	0.01124	0.00828	0.00631	0.00624	0.00162	0.10062	0.00378	0.00285	0.00772
34	0.01481	0.01469	0.05605	0.06121	0.61552	0.01408	0.01724	0.01920	0.07442	0.01991	0.01311	0.02889	0.01104	0.00622	0.00614	0.00192	0.00702	0.00570	0.00343	0.00939
35	0.01508	0.01495	0.05168	0.03519	0.72273	0.01421	0.01820	0.01839	0.01370	0.01970	0.01174	0.01543	0.00992	0.00575	0.00610	0.00188	0.00723	0.00541	0.00315	0.00958
36	0.00918	0.00683	0.00982	0.00979	0.01086	0.00770	0.00748	0.01093	0.00986	0.01421	0.01644	0.02443	0.01550	0.07249	0.73434	0.00925	0.01534	0.00656	0.00341	0.00557
37	0.01182	0.01091	0.01793	0.77203	0.04029	0.01334	0.01639	0.01542	0.01214	0.01564	0.01116	0.01660	0.00855	0.00636	0.00616	0.00209	0.00800	0.00543	0.00287	0.00689
38	0.01820	0.01728	0.01918	0.05724	0.05615	0.15843	0.06060	0.24071	0.03427	0.02264	0.01165	0.01446	0.00949	0.00802	0.01012	0.00212	0.24184	0.00531	0.00405	0.00825
39	0.01022	0.00834	0.01175	0.01112	0.01193	0.01014	0.00869	0.01174	0.00974	0.01429	0.01463	0.02234	0.01400	0.07849	0.54421	0.00759	0.19535	0.00634	0.00329	0.00581
40	0.01452	0.01619	0.03458	0.02487	0.03076	0.01510	0.72895	0.01914	0.01421	0.01936	0.01257	0.01678	0.00960	0.00546	0.00720	0.00211	0.01002	0.00710	0.00323	0.00825
41	0.00981	0.00723	0.00890	0.00856	0.00883	0.00791	0.00572	0.01012	0.00923	0.01284	0.01726	0.03303	0.01893	0.55384	0.16436	0.00605	0.10127	0.00786	0.00361	0.00463
42	0.01004	0.00709	0.00779	0.00760	0.00808	0.00721	0.00461	0.01180	0.09788	0.01367	0.01969	0.03689	0.02135	0.69121	0.02679	0.00530	0.00579	0.00845	0.00409	0.00467
43	0.00959	0.00749	0.00947	0.00877	0.01014	0.00757	0.00668	0.01199	0.02775	0.02205	0.56871	0.04150	0.12589	0.01240	0.00865	0.00208	0.09700	0.01018	0.00606	0.00603
44	0.05375	0.20278	0.01806	0.01102	0.01538	0.01412	0.00932	0.08583	0.10445	0.36715	0.04417	0.01844	0.01452	0.00734	0.00563	0.00183	0.00552	0.00553	0.00584	0.00931
45	0.01484	0.01171	0.01314	0.01055	0.01496	0.01088	0.00826	0.02248	0.29674	0.07681	0.01723	0.01749	0.01334	0.00647	0.00541	0.00152	0.00476	0.00511	0.00495	0.44333
46	0.01680	0.72923	0.02970	0.01089	0.01573	0.08164	0.01037	0.01839	0.01269	0.01452	0.00901	0.01060	0.00826	0.00561	0.00422	0.00142	0.00682	0.00345	0.00282	0.00782
47	0.01095	0.00569	0.00819	0.00816	0.00824	0.00557	0.00543	0.00823	0.00815	0.01095	0.01093	0.01875	0.01086	0.02056	0.02285	0.82003	0.00533	0.00531	0.00282	0.00300
48	0.01442	0.01584	0.03314	0.02384	0.02968	0.01465	0.68176	0.01888	0.01411	0.01938	0.01248	0.01655	0.00959	0.00542	0.00703	0.00204	0.00967	0.00688	0.00326	0.06138
49	0.82665	0.01181	0.00915	0.00823	0.01186	0.01346	0.00666	0.01763	0.01044	0.02673	0.00895	0.01063	0.00711	0.00595	0.00398	0.00195	0.00478	0.00344	0.00388	0.00673
50	0.82665	0.01181	0.00915	0.00823	0.01186	0.01346	0.00666	0.01763	0.01044	0.02673	0.00895	0.01063	0.00711	0.00595	0.00398	0.00195	0.00478	0.00344	0.00388	0.00673
51	0.00782	0.00649	0.00663	0.00663	0.00857	0.00545	0.00489	0.00909	0.01380	0.01675	0.08574	0.08155	0.69523	0.01517	0.00722	0.00212	0.00326	0.01252	0.00569	0.00537
52	0.01708	0.01255	0.01534	0.01498	0.01672	0.01224	0.01084	0.01664	0.01486	0.02159	0.02323	0.03298	0.02166	0.04411	0.67395	0.00986	0.01700	0.00872	0.00598	0.00966
53	0.02512	0.01081	0.01455	0.01148	0.01546	0.01013	0.00938	0.02700	0.01617	0.66435	0.02176	0.01999	0.01429	0.00808	0.00778	0.00204	0.09886	0.00601	0.00687	0.00985
54	0.02188	0.01633	0.01742	0.01370	0.01821	0.01795	0.01113	0.64586	0.11425	0.03567	0.01591	0.01601	0.01160	0.00762	0.00618	0.00192	0.00644	0.00566	0.00608	0.01019
55	0.01296	0.01119	0.01331	0.00998	0.01454	0.00944	0.00795	0.01513	0.01219	0.01908	0.01084	0.01328	0.00928	0.00558	0.00645	0.00123	0.09830	0.00393	0.00362	0.72173
56	0.01838	0.01425	0.01521	0.01284	0.01669	0.01587	0.01015	0.27814	0.45909	0.05878	0.02091	0.01994	0.01554	0.00807	0.00623	0.00203	0.00553	0.00632	0.00618	0.00986
57	0.00816	0.00650	0.00716	0.00742	0.00911	0.00564	0.00556	0.00955	0.01370	0.01710	0.10299	0.15796	0.52002	0.01558	0.00741	0.00223	0.00356	0.08923	0.00572	0.00542
58	0.02673	0.01047	0.01403	0.01089	0.01541	0.00902	0.00888	0.02872	0.01709	0.75430	0.02360	0.02084	0.01510	0.00773	0.00619	0.00195	0.00523	0.00610	0.00743	0.01028
59	0.82665	0.01181	0.00915	0.00823	0.01186	0.01346	0.00666	0.01763	0.01044	0.02673	0.00895	0.01063	0.00711	0.00595	0.00398	0.00195	0.00478	0.00344	0.00388	0.00673
60	0.02279	0.01678	0.01794	0.01388	0.01856	0.01838	0.01136	0.73097	0.02765	0.03714	0.01474	0.01508	0.01066	0.00751	0.00616	0.00190	0.00666	0.00550	0.00607	0.01027
61	0.01182	0.01091	0.01793	0.77203	0.04029	0.01334	0.01639	0.01542	0.01214	0.01564	0.01116	0.01660	0.00855	0.00636	0.00616	0.00209	0.00800	0.00543	0.00287	0.00689
62	0.01288	0.01091	0.01262	0.00918	0.01436	0.00824	0.00725	0.01521	0.01257	0.01968	0.01116	0.01320	0.00940	0.00487	0.00467	0.00102	0.00460	0.00373	0.00372	0.82073
63	0.82665	0.01181	0.00915	0.00823	0.01186	0.01346	0.00666	0.01763	0.01044	0.02673	0.00895	0.01063	0.00711	0.00595	0.00398	0.00195	0.00478	0.00344	0.00388	0.00673
64	0.82665	0.01181	0.00915	0.00823	0.01186	0.01346	0.00666	0.01763	0.01044	0.02673	0.00895	0.01063	0.00711	0.00595	0.00398	0.00195	0.00478	0.00344	0.00388	0.00673
65	0.00847	0.00730	0.00800	0.00772	0.00943	0.00697	0.00585	0.00966	0.01313	0.01623	0.05167	0.08621	0.62392	0.01478	0.00870	0.00220	0.09714	0.01178	0.00531	0.00552
