[name]
unknown

[dist]
# distance from previous block
# <min> <max>
120	426

[block]
# block no. 0 follows, 40 sequences, length 28
# corresponding to MSA columns:
# 516-543
name=unknown_A
#
# <colnr> <probs for GDERKNQSTAVLIFYWHMCP>
#	G	D	E	R	K	N	Q	S	T	A	V	L	I	F	Y	W	H	M	C	P
0	0.01474	0.06959	0.69597	0.01786	0.02617	0.01541	0.02149	0.02016	0.01403	0.02075	0.01320	0.01613	0.01017	0.00743	0.00666	0.00234	0.00929	0.00519	0.00348	0.00993
1	0.08769	0.01187	0.05081	0.49369	0.06497	0.01299	0.01425	0.07082	0.03771	0.06386	0.02949	0.01578	0.00969	0.00612	0.00563	0.00189	0.00696	0.00517	0.00341	0.00720
2	0.04964	0.13651	0.60833	0.01508	0.02283	0.01468	0.01884	0.01848	0.01222	0.03804	0.01034	0.01194	0.00752	0.00549	0.00520	0.00175	0.00798	0.00412	0.00264	0.00837
3	0.15904	0.01150	0.01237	0.01118	0.03959	0.02813	0.00855	0.06201	0.28631	0.17667	0.05742	0.02171	0.05023	0.00775	0.00558	0.00186	0.00480	0.02214	0.00554	0.02762
4	0.01387	0.00935	0.01109	0.00986	0.01244	0.00924	0.00749	0.20006	0.03920	0.10359	0.04251	0.37275	0.02478	0.01201	0.00641	0.00194	0.00446	0.01046	0.00552	0.10296
5	0.00921	0.00670	0.00834	0.00868	0.00981	0.00653	0.00615	0.09800	0.01371	0.01855	0.10636	0.59107	0.03573	0.01571	0.00706	0.00218	0.00371	0.01408	0.00549	0.03295
6	0.01267	0.01032	0.01212	0.00869	0.01383	0.00779	0.00696	0.01524	0.01226	0.05133	0.01088	0.01240	0.00886	0.00443	0.00437	0.00090	0.00433	0.00355	0.00361	0.79546
7	0.06395	0.01878	0.01547	0.01308	0.01652	0.29701	0.01032	0.30312	0.01920	0.02378	0.01169	0.01337	0.00924	0.01084	0.09625	0.00254	0.02979	0.00462	0.00416	0.03628
8	0.00709	0.00506	0.00675	0.00810	0.00843	0.00472	0.00540	0.00810	0.01113	0.01484	0.03205	0.79184	0.03846	0.01822	0.00742	0.00236	0.00337	0.01653	0.00540	0.00472
9	0.00708	0.00510	0.00671	0.00800	0.00841	0.00473	0.00535	0.00811	0.01123	0.01488	0.03329	0.75789	0.07161	0.01806	0.00740	0.00234	0.00335	0.01634	0.00540	0.00473
10	0.00903	0.00612	0.00803	0.00745	0.00896	0.00562	0.00562	0.01175	0.01647	0.05655	0.72336	0.04238	0.05305	0.01168	0.00681	0.00183	0.00284	0.01031	0.00644	0.00568
11	0.00719	0.00514	0.00684	0.00803	0.00846	0.00479	0.00541	0.00836	0.01162	0.01562	0.09800	0.72369	0.03996	0.01764	0.00737	0.00231	0.00332	0.01598	0.00549	0.00479
12	0.01084	0.00542	0.00542	0.00542	0.00678	0.00542	0.00407	0.01355	0.01220	0.02168	0.01897	0.02168	0.01491	0.00678	0.00407	0.00136	0.00271	0.00542	0.82791	0.00542
13	0.80855	0.01120	0.00872	0.00774	0.01137	0.01289	0.00638	0.01748	0.01013	0.05170	0.00861	0.00981	0.00658	0.00546	0.00368	0.00180	0.00451	0.00324	0.00372	0.00642
14	0.01555	0.79913	0.03047	0.00995	0.01493	0.02301	0.00995	0.01741	0.01182	0.01368	0.00808	0.00933	0.00746	0.00498	0.00373	0.00124	0.00622	0.00311	0.00249	0.00746
15	0.01272	0.01272	0.01781	0.01527	0.01527	0.01781	0.01272	0.01399	0.00891	0.01399	0.00763	0.01272	0.00763	0.01018	0.01908	0.00254	0.78499	0.00509	0.00254	0.00636
16	0.83671	0.01125	0.00855	0.00765	0.01125	0.01305	0.00630	0.01709	0.00990	0.02609	0.00810	0.00945	0.00630	0.00540	0.00360	0.00180	0.00450	0.00315	0.00360	0.00630
17	0.00937	0.00669	0.00937	0.01071	0.01205	0.00669	0.00937	0.01205	0.01339	0.01740	0.03079	0.06560	0.03347	0.01606	0.00803	0.00268	0.00535	0.72021	0.00535	0.00535
18	0.02181	0.01614	0.01728	0.01332	0.01792	0.01789	0.01098	0.71226	0.05554	0.03617	0.01434	0.01426	0.01020	0.00702	0.00582	0.00175	0.00633	0.00529	0.00582	0.00986
19	0.01199	0.08158	0.69365	0.01637	0.02464	0.01418	0.04248	0.01835	0.01229	0.01810	0.01032	0.01218	0.00742	0.00547	0.00544	0.00180	0.00847	0.00429	0.00247	0.00850
20	0.01638	0.01207	0.01318	0.01149	0.01499	0.01343	0.00904	0.06308	0.57945	0.13868	0.02418	0.02209	0.03955	0.00795	0.00593	0.00193	0.00469	0.00657	0.00609	0.00921
21	0.83671	0.01125	0.00855	0.00765	0.01125	0.01305	0.00630	0.01709	0.00990	0.02609	0.00810	0.00945	0.00630	0.00540	0.00360	0.00180	0.00450	0.00315	0.00360	0.00630
22	0.26190	0.01480	0.01483	0.01169	0.01604	0.01657	0.00965	0.52717	0.02221	0.03354	0.01224	0.01263	0.00883	0.00651	0.00516	0.00176	0.00584	0.00462	0.00516	0.00883
23	0.01272	0.01272	0.01781	0.01527	0.01527	0.01781	0.01272	0.01399	0.00891	0.01399	0.00763	0.01272	0.00763	0.01018	0.01908	0.00254	0.78499	0.00509	0.00254	0.00636
24	0.83671	0.01125	0.00855	0.00765	0.01125	0.01305	0.00630	0.01709	0.00990	0.02609	0.00810	0.00945	0.00630	0.00540	0.00360	0.00180	0.00450	0.00315	0.00360	0.00630
25	0.29306	0.01034	0.01187	0.00946	0.01366	0.01003	0.00781	0.02464	0.01442	0.52056	0.01805	0.01639	0.01173	0.00660	0.00511	0.00180	0.00480	0.00496	0.00601	0.00871
26	0.02225	0.01606	0.01731	0.01327	0.01792	0.01770	0.01096	0.71478	0.02696	0.06237	0.01428	0.01417	0.01005	0.00699	0.00582	0.00175	0.00635	0.00526	0.00587	0.00989
27	0.02211	0.01629	0.01745	0.01338	0.01803	0.01803	0.01105	0.73997	0.02734	0.03665	0.01396	0.01396	0.00989	0.00698	0.00582	0.00175	0.00640	0.00524	0.00582	0.00989

[dist]
# distance from previous block
# <min> <max>
0	1

[block]
# block no. 1 follows, 40 sequences, length 17
# corresponding to MSA columns:
# 545-561
name=unknown_B
#
# <colnr> <probs for GDERKNQSTAVLIFYWHMCP>
#	G	D	E	R	K	N	Q	S	T	A	V	L	I	F	Y	W	H	M	C	P
0	0.08744	0.07006	0.49512	0.01457	0.02181	0.01320	0.05706	0.01766	0.01208	0.01893	0.01014	0.01200	0.00755	0.00526	0.00513	0.00166	0.00748	0.00413	0.00274	0.13598
1	0.01166	0.03008	0.76550	0.01657	0.02517	0.01351	0.02149	0.01842	0.01228	0.01842	0.01044	0.01228	0.00737	0.00552	0.00552	0.00184	0.00859	0.00430	0.00246	0.00859
2	0.00803	0.00585	0.00756	0.00732	0.00861	0.00537	0.00542	0.01052	0.01571	0.02198	0.63902	0.12518	0.09219	0.01273	0.00692	0.00189	0.00282	0.01127	0.00624	0.00537
3	0.01986	0.02258	0.01833	0.06615	0.02035	0.47613	0.07425	0.15101	0.01743	0.01868	0.01013	0.01203	0.00806	0.00631	0.00634	0.00167	0.05540	0.00446	0.00345	0.00736
4	0.01446	0.01249	0.01315	0.01183	0.01512	0.01446	0.00920	0.03090	0.74885	0.02433	0.02367	0.02170	0.01775	0.00789	0.00592	0.00197	0.00460	0.00657	0.00592	0.00920
5	0.01679	0.01019	0.01254	0.00920	0.01414	0.00802	0.00745	0.01926	0.01360	0.26999	0.01459	0.01467	0.01056	0.00528	0.00483	0.00118	0.00452	0.00426	0.00471	0.55422
6	0.00722	0.00516	0.00690	0.00825	0.00865	0.00484	0.00563	0.00833	0.01127	0.01500	0.03198	0.74905	0.03817	0.01809	0.00746	0.00238	0.00349	0.05799	0.00540	0.00476
7	0.00752	0.00573	0.00692	0.00702	0.00836	0.00512	0.00511	0.00946	0.01420	0.01889	0.36267	0.21684	0.28253	0.01426	0.00699	0.00199	0.00295	0.01246	0.00584	0.00512
8	0.00727	0.00514	0.00669	0.00786	0.00815	0.00485	0.00514	0.00815	0.01077	0.01435	0.03016	0.68817	0.03608	0.12513	0.01047	0.00281	0.00369	0.01542	0.00514	0.00456
9	0.00768	0.00604	0.00631	0.00616	0.00817	0.00509	0.00465	0.00928	0.01363	0.04340	0.11212	0.05367	0.67520	0.01423	0.00683	0.00195	0.00300	0.01190	0.00554	0.00514
10	0.02211	0.01629	0.01745	0.01338	0.01803	0.01803	0.01105	0.73997	0.02734	0.03665	0.01396	0.01396	0.00989	0.00698	0.00582	0.00175	0.00640	0.00524	0.00582	0.00989
11	0.02048	0.01532	0.01658	0.01261	0.01734	0.01637	0.01038	0.62229	0.02486	0.03378	0.01337	0.01365	0.00968	0.00655	0.00557	0.00160	0.00606	0.00495	0.00543	0.14314
12	0.02445	0.05308	0.01424	0.01032	0.01465	0.00949	0.00856	0.05233	0.01650	0.65981	0.02225	0.05659	0.01503	0.00760	0.00581	0.00179	0.00499	0.00620	0.00680	0.00951
13	0.00846	0.00564	0.00634	0.00634	0.00634	0.00564	0.00352	0.00846	0.00846	0.01128	0.01832	0.03805	0.02114	0.79563	0.02960	0.00564	0.00564	0.00846	0.00352	0.00352
14	0.01248	0.02537	0.53394	0.08703	0.11563	0.04855	0.03951	0.01814	0.01248	0.01787	0.01038	0.01285	0.00768	0.00564	0.00597	0.00184	0.02923	0.00455	0.00256	0.00831
15	0.01210	0.01191	0.04243	0.60019	0.11363	0.01340	0.05137	0.05514	0.01278	0.01678	0.01067	0.01521	0.00806	0.00576	0.00585	0.00190	0.00772	0.00523	0.00281	0.00707
16	0.01418	0.01341	0.02252	0.14024	0.63195	0.01384	0.01737	0.04260	0.01350	0.01903	0.01096	0.01453	0.00903	0.00533	0.00577	0.00176	0.00701	0.00518	0.00294	0.00885

[dist]
# distance from previous block
# <min> <max>
3	6

[block]
# block no. 2 follows, 40 sequences, length 37
# corresponding to MSA columns:
# 569-605
name=unknown_C
#
# <colnr> <probs for GDERKNQSTAVLIFYWHMCP>
#	G	D	E	R	K	N	Q	S	T	A	V	L	I	F	Y	W	H	M	C	P
0	0.01240	0.01540	0.17172	0.42432	0.12900	0.01355	0.03616	0.05332	0.05450	0.01786	0.01141	0.01497	0.00857	0.00582	0.00578	0.00188	0.00762	0.00512	0.00296	0.00762
1	0.01265	0.01130	0.01700	0.16930	0.07730	0.01344	0.05317	0.01572	0.04614	0.05333	0.01259	0.07351	0.01135	0.00978	0.04115	0.00237	0.29172	0.00609	0.00331	0.07877
2	0.01180	0.01012	0.01197	0.00883	0.01353	0.00795	0.00702	0.01425	0.01189	0.01854	0.01147	0.05618	0.01027	0.00531	0.00502	0.00101	0.03258	0.00424	0.00352	0.75451
3	0.08837	0.05621	0.17649	0.02298	0.34069	0.01425	0.02842	0.05415	0.09897	0.04621	0.01248	0.01429	0.00967	0.00573	0.00546	0.00177	0.00670	0.00493	0.00348	0.00876
4	0.01024	0.01012	0.04813	0.15279	0.01761	0.01131	0.02509	0.01249	0.01139	0.01599	0.13404	0.12275	0.06450	0.05103	0.03545	0.00258	0.25676	0.00807	0.00377	0.00590
5	0.00811	0.00594	0.00760	0.00719	0.00861	0.00543	0.00539	0.01074	0.01617	0.02263	0.69332	0.04457	0.11827	0.01214	0.00686	0.00184	0.00276	0.01068	0.00631	0.00543
6	0.01339	0.05789	0.18392	0.02215	0.02855	0.01488	0.55490	0.01852	0.01333	0.01834	0.01131	0.01467	0.00846	0.00503	0.00643	0.00190	0.00938	0.00615	0.00282	0.00798
7	0.01373	0.01569	0.03431	0.02451	0.03039	0.01471	0.73824	0.01863	0.01373	0.01863	0.01176	0.01569	0.00882	0.00490	0.00686	0.00196	0.00980	0.00686	0.00294	0.00784
8	0.01319	0.01115	0.01205	0.01091	0.01380	0.01262	0.00844	0.02682	0.59880	0.02412	0.17376	0.02615	0.02536	0.00871	0.00611	0.00194	0.00422	0.00738	0.00602	0.00844
9	0.01555	0.79913	0.03047	0.00995	0.01493	0.02301	0.00995	0.01741	0.01182	0.01368	0.00808	0.00933	0.00746	0.00498	0.00373	0.00124	0.00622	0.00311	0.00249	0.00746
10	0.00720	0.00526	0.00678	0.00776	0.00840	0.00484	0.00530	0.00847	0.01201	0.01597	0.12277	0.62058	0.11910	0.01707	0.00729	0.00225	0.00325	0.01534	0.00552	0.00484
11	0.02456	0.01023	0.01367	0.01069	0.01489	0.00944	0.00880	0.02785	0.07243	0.67102	0.02227	0.01960	0.01433	0.00739	0.00648	0.00185	0.04206	0.00587	0.00688	0.00968
12	0.02081	0.01025	0.01306	0.00986	0.01447	0.00872	0.00806	0.06365	0.01580	0.46156	0.04495	0.01789	0.01378	0.00645	0.00540	0.00150	0.00475	0.00523	0.00591	0.26790
13	0.01446	0.01249	0.01315	0.01183	0.01512	0.01446	0.00920	0.03090	0.74885	0.02433	0.02367	0.02170	0.01775	0.00789	0.00592	0.00197	0.00460	0.00657	0.00592	0.00920
14	0.00709	0.00506	0.00675	0.00810	0.00843	0.00472	0.00540	0.00810	0.01113	0.01484	0.03205	0.79184	0.03846	0.01822	0.00742	0.00236	0.00337	0.01653	0.00540	0.00472
15	0.02571	0.01051	0.01388	0.01064	0.01515	0.00946	0.00879	0.09670	0.01767	0.69357	0.02208	0.01923	0.01396	0.00718	0.00585	0.00179	0.00509	0.00579	0.00706	0.00990
16	0.00721	0.00570	0.00650	0.00672	0.00817	0.00499	0.00488	0.00884	0.01342	0.01711	0.19992	0.23065	0.43536	0.01497	0.00700	0.00203	0.00301	0.01293	0.00561	0.00499
17	0.65151	0.01132	0.00991	0.00844	0.01226	0.01258	0.00696	0.06190	0.01207	0.15119	0.01095	0.01146	0.00788	0.00580	0.00411	0.00180	0.00469	0.00373	0.00434	0.00712
18	0.00709	0.00506	0.00675	0.00810	0.00843	0.00472	0.00540	0.00810	0.01113	0.01484	0.03205	0.79184	0.03846	0.01822	0.00742	0.00236	0.00337	0.01653	0.00540	0.00472
19	0.79976	0.01147	0.00895	0.00791	0.01155	0.01327	0.00651	0.04988	0.01069	0.02657	0.00836	0.00965	0.00646	0.00547	0.00370	0.00180	0.00458	0.00324	0.00370	0.00646
20	0.00714	0.00510	0.00679	0.00806	0.00845	0.00476	0.00540	0.00823	0.01138	0.01523	0.06490	0.75789	0.03921	0.01793	0.00740	0.00234	0.00335	0.01626	0.00544	0.00476
21	0.01206	0.01034	0.01206	0.00861	0.01378	0.00775	0.00689	0.01464	0.01206	0.01895	0.01034	0.01206	0.00861	0.00431	0.00431	0.00086	0.00431	0.00345	0.00345	0.83118
22	0.00694	0.00589	0.00598	0.00596	0.00789	0.00494	0.00447	0.00847	0.01340	0.01606	0.09120	0.05538	0.72449	0.01460	0.00687	0.00196	0.00294	0.01219	0.00545	0.00494
23	0.01545	0.01235	0.01388	0.01022	0.01522	0.01122	0.00830	0.25954	0.01722	0.02493	0.01156	0.01270	0.00904	0.00521	0.00482	0.00116	0.00501	0.00405	0.00425	0.55389
24	0.05226	0.01343	0.04098	0.17558	0.35457	0.01338	0.19003	0.01696	0.01276	0.01823	0.01188	0.05165	0.01004	0.00588	0.00601	0.00186	0.00753	0.00601	0.00298	0.00798
25	0.01983	0.21718	0.02010	0.01359	0.01711	0.48092	0.01097	0.09023	0.01603	0.01624	0.00918	0.01063	0.00772	0.00602	0.00553	0.00150	0.04309	0.00379	0.00312	0.00721
26	0.02204	0.01828	0.01728	0.01366	0.01802	0.14927	0.01108	0.61525	0.02545	0.03275	0.01310	0.01336	0.00947	0.00681	0.00572	0.00170	0.00711	0.00498	0.00533	0.00934
27	0.00841	0.00627	0.00787	0.00759	0.00902	0.00594	0.00564	0.01176	0.06333	0.02188	0.57602	0.12490	0.10430	0.01254	0.00686	0.00191	0.00295	0.01105	0.00618	0.00560
28	0.83671	0.01125	0.00855	0.00765	0.01125	0.01305	0.00630	0.01709	0.00990	0.02609	0.00810	0.00945	0.00630	0.00540	0.00360	0.00180	0.00450	0.00315	0.00360	0.00630
29	0.04594	0.01503	0.01658	0.21281	0.04946	0.10895	0.01220	0.31709	0.01866	0.02437	0.01431	0.01619	0.05307	0.00712	0.00667	0.00184	0.06226	0.00537	0.00419	0.00792
30	0.00730	0.00526	0.00673	0.00768	0.00821	0.00489	0.00515	0.00841	0.01153	0.01534	0.09793	0.59204	0.09817	0.09097	0.00943	0.00259	0.00350	0.01487	0.00531	0.00469
31	0.00715	0.00548	0.00658	0.00732	0.00836	0.00491	0.00518	0.00850	0.01232	0.01576	0.08504	0.44668	0.30800	0.01646	0.00720	0.00219	0.00325	0.03929	0.00546	0.00486
32	0.00929	0.00707	0.00902	0.00798	0.00951	0.00642	0.03656	0.01038	0.01021	0.01436	0.05145	0.12838	0.02143	0.43063	0.03904	0.00393	0.00537	0.00836	0.00384	0.18680
33	0.07938	0.01095	0.01361	0.03302	0.01562	0.00925	0.05084	0.04766	0.01301	0.08110	0.01143	0.01289	0.00894	0.00483	0.00464	0.00115	0.00489	0.00395	0.00381	0.58902
34	0.00943	0.00696	0.00846	0.00783	0.00962	0.00673	0.00594	0.03035	0.09462	0.03822	0.55707	0.04151	0.13766	0.01161	0.00671	0.00186	0.00310	0.01009	0.00623	0.00601
35	0.00793	0.00584	0.00737	0.00729	0.00857	0.00535	0.00539	0.01018	0.01494	0.02050	0.51054	0.13799	0.15669	0.04010	0.00775	0.00208	0.00305	0.03721	0.00599	0.00523
36	0.05854	0.02746	0.64369	0.01693	0.02495	0.01361	0.09807	0.01836	0.01230	0.01887	0.01045	0.01249	0.00746	0.00545	0.00556	0.00185	0.00849	0.00451	0.00257	0.00838

[dist]
# distance from previous block
# <min> <max>
0	9

[block]
# block no. 3 follows, 40 sequences, length 22
# corresponding to MSA columns:
# 615-636
name=unknown_D
#
# <colnr> <probs for GDERKNQSTAVLIFYWHMCP>
#	G	D	E	R	K	N	Q	S	T	A	V	L	I	F	Y	W	H	M	C	P
0	0.00972	0.00665	0.00769	0.00786	0.00817	0.00648	0.00493	0.00979	0.00997	0.01341	0.02147	0.09404	0.02426	0.62767	0.04886	0.00538	0.00616	0.07871	0.00423	0.00452
1	0.00709	0.00506	0.00675	0.00810	0.00843	0.00472	0.00540	0.00810	0.01113	0.01484	0.03205	0.79184	0.03846	0.01822	0.00742	0.00236	0.00337	0.01653	0.00540	0.00472
2	0.01282	0.01301	0.01942	0.01617	0.01674	0.01751	0.08350	0.01445	0.00938	0.01445	0.00804	0.01301	0.00775	0.00966	0.01789	0.00249	0.70936	0.00526	0.00258	0.00651
3	0.00716	0.00521	0.00677	0.00799	0.00853	0.00482	0.00547	0.00829	0.01144	0.01504	0.03462	0.68942	0.10835	0.01779	0.00739	0.00234	0.00342	0.04579	0.00540	0.00477
4	0.02172	0.02772	0.01648	0.01498	0.01798	0.77228	0.01124	0.02322	0.01648	0.01423	0.00899	0.01049	0.00749	0.00599	0.00524	0.00150	0.01049	0.00375	0.00300	0.00674
5	0.39524	0.01158	0.01122	0.00969	0.01338	0.01289	0.00781	0.04610	0.25842	0.15459	0.01607	0.01548	0.01165	0.00659	0.00483	0.00186	0.00467	0.00483	0.00507	0.00801
6	0.00984	0.00834	0.01125	0.01015	0.01085	0.00995	0.00793	0.01171	0.01272	0.01841	0.38220	0.06324	0.03374	0.08708	0.01352	0.00248	0.28775	0.00860	0.00468	0.00558
7	0.01373	0.01569	0.03431	0.02451	0.03039	0.01471	0.73824	0.01863	0.01373	0.01863	0.01176	0.01569	0.00882	0.00490	0.00686	0.00196	0.00980	0.00686	0.00294	0.00784
8	0.00709	0.00506	0.00675	0.00810	0.00843	0.00472	0.00540	0.00810	0.01113	0.01484	0.03205	0.79184	0.03846	0.01822	0.00742	0.00236	0.00337	0.01653	0.00540	0.00472
9	0.02100	0.01537	0.01644	0.01276	0.01713	0.01701	0.01049	0.66000	0.05618	0.03510	0.01471	0.01482	0.01056	0.00700	0.00570	0.00173	0.00607	0.00530	0.06306	0.00955
10	0.01277	0.01127	0.01871	0.13860	0.34807	0.01165	0.08420	0.01677	0.04387	0.01898	0.01443	0.01999	0.01212	0.00644	0.00571	0.00179	0.00629	0.05524	0.16548	0.00765
11	0.00709	0.00506	0.00675	0.00810	0.00843	0.00472	0.00540	0.00810	0.01113	0.01484	0.03205	0.79184	0.03846	0.01822	0.00742	0.00236	0.00337	0.01653	0.00540	0.00472
12	0.00709	0.00506	0.00675	0.00810	0.00843	0.00472	0.00540	0.00810	0.01113	0.01484	0.03205	0.79184	0.03846	0.01822	0.00742	0.00236	0.00337	0.01653	0.00540	0.00472
13	0.08656	0.01459	0.02947	0.10420	0.08179	0.01431	0.54512	0.01804	0.01313	0.01892	0.01123	0.01502	0.00851	0.00506	0.00638	0.00193	0.00891	0.00623	0.00296	0.00766
14	0.03318	0.20174	0.42413	0.01439	0.02113	0.01492	0.06645	0.01868	0.01281	0.08392	0.04806	0.01399	0.01045	0.00582	0.00526	0.00171	0.00742	0.00462	0.00314	0.00819
15	0.02131	0.02322	0.01684	0.05252	0.01909	0.49493	0.01142	0.25056	0.01969	0.02139	0.01064	0.01184	0.00827	0.00630	0.00545	0.00160	0.00905	0.00429	0.00387	0.00773
16	0.01022	0.00888	0.00917	0.00869	0.01044	0.08141	0.00654	0.01444	0.11206	0.02135	0.47590	0.09076	0.08972	0.01150	0.00664	0.00188	0.00385	0.02470	0.00585	0.00600
17	0.01397	0.01191	0.06490	0.00956	0.01487	0.00867	0.00826	0.04698	0.01321	0.10023	0.01186	0.01299	0.00921	0.00482	0.00462	0.00107	0.00476	0.00384	0.00388	0.65038
18	0.05993	0.09927	0.08291	0.01201	0.01639	0.01434	0.01061	0.29643	0.01958	0.16727	0.08879	0.05053	0.01703	0.00829	0.00601	0.00191	0.00593	0.02832	0.00556	0.00891
19	0.00945	0.00709	0.00976	0.00942	0.01076	0.00756	0.00710	0.01109	0.00997	0.01444	0.01613	0.02465	0.01545	0.13158	0.60519	0.00819	0.01349	0.00648	0.00345	0.07874
20	0.01333	0.02390	0.45620	0.01921	0.11459	0.03062	0.04508	0.01854	0.03877	0.01846	0.01122	0.01408	0.00880	0.00692	0.00846	0.00210	0.15322	0.00497	0.00294	0.00857
21	0.01481	0.01398	0.02342	0.10212	0.68710	0.01410	0.01789	0.01805	0.01355	0.01929	0.01163	0.01550	0.00978	0.00574	0.00608	0.00188	0.00721	0.00542	0.00311	0.00932

[dist]
# distance from previous block
# <min> <max>
0	2

[block]
# block no. 4 follows, 40 sequences, length 65
# corresponding to MSA columns:
# 639-703
name=unknown_E
#
# <colnr> <probs for GDERKNQSTAVLIFYWHMCP>
#	G	D	E	R	K	N	Q	S	T	A	V	L	I	F	Y	W	H	M	C	P
0	0.01694	0.42409	0.35263	0.01504	0.02167	0.02000	0.01626	0.01996	0.01407	0.01894	0.01253	0.01534	0.01061	0.00745	0.00601	0.00214	0.00831	0.00478	0.00364	0.00961
1	0.01320	0.04992	0.01313	0.00937	0.01348	0.00926	0.00760	0.01552	0.01245	0.09296	0.06178	0.05437	0.01362	0.00640	0.00616	0.00127	0.07839	0.00496	0.00398	0.53218
2	0.83671	0.01125	0.00855	0.00765	0.01125	0.01305	0.00630	0.01709	0.00990	0.02609	0.00810	0.00945	0.00630	0.00540	0.00360	0.00180	0.00450	0.00315	0.00360	0.00630
3	0.00843	0.00570	0.00667	0.00664	0.00682	0.00575	0.00395	0.00879	0.00912	0.01235	0.07372	0.03735	0.02320	0.68149	0.08231	0.00562	0.00615	0.00845	0.00371	0.00379
4	0.01178	0.02924	0.72280	0.01704	0.02547	0.01358	0.06334	0.01843	0.01236	0.01843	0.01051	0.01248	0.00745	0.00549	0.00560	0.00185	0.00866	0.00445	0.00248	0.00855
5	0.01342	0.01511	0.03233	0.02336	0.02870	0.01450	0.66912	0.01796	0.01335	0.01822	0.01230	0.04504	0.00988	0.00571	0.00758	0.00201	0.05363	0.00713	0.00301	0.00764
6	0.00846	0.00564	0.00634	0.00634	0.00634	0.00564	0.00352	0.00846	0.00846	0.01128	0.01832	0.03805	0.02114	0.79563	0.02960	0.00564	0.00564	0.00846	0.00352	0.00352
7	0.01344	0.01275	0.02165	0.19527	0.57144	0.01331	0.01711	0.01695	0.01290	0.01804	0.01168	0.01689	0.00997	0.00580	0.00587	0.00181	0.00702	0.03674	0.00292	0.00845
8	0.00885	0.00661	0.00893	0.00988	0.04013	0.00632	0.00769	0.01143	0.01448	0.01939	0.29558	0.05436	0.12987	0.01396	0.00737	0.00224	0.00417	0.34760	0.00564	0.00550
9	0.02367	0.01318	0.01545	0.01191	0.01644	0.01349	0.00982	0.38261	0.04982	0.37358	0.01850	0.01696	0.01228	0.00712	0.00584	0.00178	0.00566	0.00557	0.00646	0.00987
10	0.01166	0.03008	0.76550	0.01657	0.02517	0.01351	0.02149	0.01842	0.01228	0.01842	0.01044	0.01228	0.00737	0.00552	0.00552	0.00184	0.00859	0.00430	0.00246	0.00859
11	0.01229	0.01168	0.01981	0.49461	0.31683	0.01327	0.01680	0.01601	0.01225	0.01645	0.01057	0.01508	0.00831	0.00557	0.00579	0.00186	0.00743	0.00517	0.00270	0.00752
12	0.01323	0.00799	0.00992	0.00947	0.01135	0.00786	0.00700	0.14693	0.01511	0.15163	0.02709	0.51117	0.02891	0.01419	0.00685	0.00215	0.00421	0.01255	0.00579	0.00660
13	0.01272	0.01272	0.01781	0.01527	0.01527	0.01781	0.01272	0.01399	0.00891	0.01399	0.00763	0.01272	0.00763	0.01018	0.01908	0.00254	0.78499	0.00509	0.00254	0.00636
14	0.75096	0.01114	0.00933	0.06074	0.01335	0.01287	0.00705	0.01735	0.01026	0.05190	0.00879	0.01023	0.00669	0.00549	0.00383	0.00181	0.00474	0.00338	0.00366	0.00644
15	0.05067	0.02545	0.01634	0.01449	0.01775	0.63412	0.01103	0.12872	0.01785	0.01796	0.00969	0.01096	0.00780	0.00612	0.00527	0.00155	0.00967	0.00394	0.00343	0.00719
16	0.01010	0.00505	0.00758	0.00758	0.00758	0.00505	0.00505	0.00758	0.00758	0.01010	0.01010	0.01768	0.01010	0.02020	0.02273	0.83081	0.00505	0.00505	0.00253	0.00253
17	0.00769	0.00602	0.00705	0.00721	0.00885	0.00537	0.00562	0.00970	0.01406	0.01803	0.24150	0.08228	0.41146	0.01433	0.00710	0.00207	0.00333	0.13752	0.00566	0.00514
18	0.01279	0.01218	0.02071	0.38643	0.42115	0.01340	0.01705	0.01644	0.01248	0.01705	0.01066	0.01492	0.00853	0.00548	0.00578	0.00183	0.00731	0.00518	0.00274	0.00792
19	0.00720	0.00521	0.00706	0.03051	0.00935	0.00496	0.00571	0.00829	0.01115	0.01485	0.03142	0.76934	0.03757	0.01786	0.00738	0.00235	0.00350	0.01620	0.00532	0.00477
20	0.00884	0.00699	0.01026	0.00996	0.01083	0.00848	0.00780	0.01075	0.00926	0.01348	0.01471	0.02214	0.01393	0.06488	0.65711	0.00840	0.10765	0.00617	0.00306	0.00528
21	0.00714	0.00511	0.00680	0.00806	0.00845	0.00476	0.00540	0.00824	0.01140	0.01527	0.06874	0.75392	0.03929	0.01790	0.00739	0.00233	0.00334	0.01623	0.00545	0.00476
22	0.01186	0.06904	0.72826	0.01624	0.02465	0.01399	0.02090	0.01837	0.01225	0.01818	0.01032	0.01213	0.00737	0.00550	0.00543	0.00181	0.00847	0.00424	0.00246	0.00854
23	0.33265	0.05047	0.44464	0.01286	0.01939	0.01367	0.01516	0.01787	0.01133	0.02123	0.00944	0.01107	0.00695	0.00546	0.00471	0.00180	0.00692	0.00381	0.00290	0.00766
24	0.02056	0.05854	0.01814	0.01722	0.11316	0.54699	0.01201	0.11228	0.01722	0.01764	0.00982	0.01137	0.00801	0.00597	0.00531	0.00155	0.00933	0.00409	0.00331	0.00749
25	0.01648	0.01720	0.01650	0.04832	0.05512	0.24086	0.02383	0.08189	0.19400	0.01884	0.01313	0.01497	0.01061	0.00878	0.03629	0.00219	0.18444	0.00514	0.00382	0.00760
26	0.02233	0.01593	0.01723	0.01321	0.01785	0.01749	0.01091	0.69951	0.02673	0.07796	0.01447	0.01429	0.01015	0.00699	0.00582	0.00175	0.00632	0.00527	0.00590	0.00989
27	0.04837	0.08767	0.67626	0.01568	0.02378	0.01421	0.01994	0.01828	0.01214	0.01840	0.01015	0.01193	0.00733	0.00548	0.00530	0.00179	0.00823	0.00416	0.00251	0.00841
28	0.00989	0.00667	0.00833	0.00766	0.00948	0.00623	0.00583	0.01330	0.06293	0.08199	0.55707	0.04182	0.14311	0.01163	0.00672	0.00185	0.00307	0.01012	0.00630	0.00600
29	0.00712	0.00509	0.00678	0.00807	0.00844	0.00475	0.00540	0.00819	0.01130	0.01512	0.05525	0.76786	0.03899	0.01802	0.00740	0.00234	0.00335	0.01634	0.00543	0.00475
30	0.04070	0.00831	0.00938	0.00887	0.01051	0.00873	0.00636	0.10268	0.13772	0.04633	0.06591	0.24730	0.04308	0.22266	0.01269	0.00302	0.00461	0.00999	0.00509	0.00608
31	0.06596	0.02616	0.01611	0.01449	0.01762	0.68753	0.01096	0.06428	0.01675	0.01617	0.00923	0.01063	0.00756	0.00602	0.00519	0.00153	0.00993	0.00380	0.00319	0.00690
32	0.00758	0.00545	0.00728	0.00852	0.00916	0.00515	0.00617	0.00900	0.01184	0.01566	0.05515	0.59307	0.06528	0.01745	0.00751	0.00239	0.00374	0.15929	0.00542	0.00488
33	0.83671	0.01125	0.00855	0.00765	0.01125	0.01305	0.00630	0.01709	0.00990	0.02609	0.00810	0.00945	0.00630	0.00540	0.00360	0.00180	0.00450	0.00315	0.00360	0.00630
34	0.01813	0.01294	0.01736	0.06627	0.23354	0.01364	0.01237	0.16246	0.19764	0.17856	0.01712	0.01730	0.01243	0.00665	0.00583	0.00182	0.00589	0.00567	0.00508	0.00931
35	0.01439	0.01382	0.02360	0.03569	0.75936	0.01382	0.01785	0.01785	0.01324	0.01900	0.01094	0.01439	0.00921	0.00518	0.00576	0.00173	0.00691	0.00518	0.00288	0.00921
36	0.00925	0.00617	0.00810	0.00749	0.00904	0.00566	0.00566	0.01196	0.01647	0.06539	0.71460	0.04209	0.05257	0.01162	0.00680	0.00183	0.00287	0.01025	0.00645	0.00574
37	0.00919	0.00703	0.01050	0.26074	0.01902	0.00758	0.00900	0.01121	0.01164	0.04793	0.02578	0.47060	0.06019	0.01352	0.00680	0.00218	0.00485	0.01215	0.00456	0.00553
38	0.01202	0.01140	0.01932	0.55415	0.25943	0.01319	0.01667	0.01577	0.01212	0.01612	0.01052	0.01516	0.00820	0.00562	0.00580	0.00187	0.00749	0.00517	0.00267	0.00730
39	0.01370	0.01560	0.03383	0.02424	0.02995	0.01480	0.71682	0.01849	0.01358	0.01849	0.01164	0.01560	0.00879	0.00506	0.00722	0.00198	0.03268	0.00681	0.00293	0.00780
40	0.00831	0.00623	0.00935	0.00935	0.01038	0.00727	0.00727	0.01038	0.00935	0.01350	0.01558	0.02285	0.01454	0.04361	0.77259	0.00935	0.01558	0.00623	0.00312	0.00519
41	0.00708	0.00508	0.00672	0.00804	0.00842	0.00473	0.00537	0.00810	0.01119	0.01487	0.03281	0.77116	0.05865	0.01812	0.00741	0.00235	0.00336	0.01641	0.00540	0.00473
42	0.14272	0.42601	0.19370	0.01118	0.01650	0.03260	0.01187	0.01750	0.01166	0.02995	0.00933	0.01100	0.00778	0.00742	0.04790	0.00194	0.00709	0.00363	0.00278	0.00744
43	0.02543	0.01004	0.01348	0.01043	0.01486	0.00888	0.00858	0.02849	0.05827	0.72137	0.02298	0.01990	0.01459	0.00724	0.00585	0.00181	0.00493	0.00589	0.00712	0.00986
44	0.00709	0.00506	0.00675	0.00810	0.00843	0.00472	0.00540	0.00810	0.01113	0.01484	0.03205	0.79184	0.03846	0.01822	0.00742	0.00236	0.00337	0.01653	0.00540	0.00472
45	0.04434	0.01221	0.02033	0.26899	0.37336	0.01288	0.05050	0.01823	0.01306	0.11223	0.01220	0.01532	0.00928	0.00563	0.00576	0.00182	0.00698	0.00527	0.00336	0.00825
46	0.01805	0.01298	0.01358	0.01176	0.01531	0.07038	0.00934	0.07767	0.42949	0.20044	0.02209	0.02220	0.01647	0.00795	0.00596	0.00192	0.00530	0.04412	0.00596	0.00902
47	0.00758	0.00541	0.00731	0.00866	0.00921	0.00515	0.00625	0.00895	0.01162	0.01540	0.03178	0.63541	0.03739	0.01775	0.00755	0.00243	0.00380	0.16810	0.00539	0.00486
48	0.02112	0.01586	0.01766	0.04215	0.04248	0.01770	0.01152	0.66429	0.02565	0.03447	0.01350	0.01399	0.00971	0.00700	0.00629	0.00178	0.03448	0.00523	0.00549	0.00962
49	0.01278	0.00949	0.01249	0.01113	0.01338	0.00970	0.06707	0.22875	0.01653	0.04501	0.04028	0.43955	0.02699	0.01324	0.00685	0.00212	0.00488	0.02763	0.00540	0.00671
50	0.02328	0.01440	0.01628	0.01248	0.01709	0.01523	0.01031	0.52970	0.02418	0.25138	0.01662	0.01568	0.01122	0.00704	0.00583	0.00176	0.00597	0.00542	0.00623	0.00989
51	0.00709	0.00506	0.00675	0.00810	0.00843	0.00472	0.00540	0.00810	0.01113	0.01484	0.03205	0.79184	0.03846	0.01822	0.00742	0.00236	0.00337	0.01653	0.00540	0.00472
52	0.05432	0.01595	0.01694	0.01309	0.01766	0.01770	0.01080	0.68530	0.05293	0.03578	0.01408	0.01406	0.01003	0.00695	0.00573	0.00176	0.00626	0.00520	0.00573	0.00972
53	0.01439	0.01194	0.01802	0.28014	0.25951	0.01313	0.01436	0.06060	0.13482	0.07794	0.01482	0.01863	0.01164	0.00658	0.00591	0.00189	0.00656	0.03702	0.00389	0.00820
54	0.01344	0.01509	0.03211	0.09017	0.03057	0.01469	0.64321	0.01809	0.01333	0.01809	0.01146	0.01554	0.00868	0.00521	0.00731	0.00198	0.04384	0.00664	0.00289	0.00766
55	0.01008	0.00763	0.05125	0.00843	0.01041	0.00618	0.00691	0.01261	0.01489	0.09757	0.41116	0.16510	0.09693	0.01261	0.00686	0.00199	0.00362	0.06387	0.00594	0.00594
56	0.16934	0.01002	0.01245	0.00978	0.01403	0.00926	0.00806	0.02584	0.01544	0.61118	0.04156	0.01864	0.01413	0.00701	0.00548	0.00180	0.00480	0.00550	0.00654	0.00913
57	0.01370	0.01575	0.06058	0.02562	0.15855	0.01469	0.53778	0.01820	0.01329	0.01840	0.01131	0.01514	0.00876	0.00530	0.00736	0.00195	0.05636	0.00635	0.00289	0.00803
58	0.00831	0.00621	0.00924	0.00924	0.01024	0.00721	0.00713	0.01031	0.00931	0.01342	0.01568	0.02339	0.01478	0.07067	0.74585	0.00921	0.01522	0.00631	0.00313	0.00513
59	0.01555	0.79913	0.03047	0.00995	0.01493	0.02301	0.00995	0.01741	0.01182	0.01368	0.00808	0.00933	0.00746	0.00498	0.00373	0.00124	0.00622	0.00311	0.00249	0.00746
60	0.00961	0.00649	0.00835	0.00867	0.01035	0.00604	0.00710	0.01189	0.01410	0.07179	0.18460	0.09221	0.21542	0.01436	0.00732	0.00225	0.00410	0.31408	0.00571	0.00557
61	0.00831	0.00623	0.00935	0.00935	0.01038	0.00727	0.00727	0.01038	0.00935	0.01350	0.01558	0.02285	0.01454	0.04361	0.77259	0.00935	0.01558	0.00623	0.00312	0.00519
62	0.02211	0.01629	0.01745	0.01338	0.01803	0.01803	0.01105	0.73997	0.02734	0.03665	0.01396	0.01396	0.00989	0.00698	0.00582	0.00175	0.00640	0.00524	0.00582	0.00989
63	0.00937	0.00669	0.00937	0.01071	0.01205	0.00669	0.00937	0.01205	0.01339	0.01740	0.03079	0.06560	0.03347	0.01606	0.00803	0.00268	0.00535	0.72021	0.00535	0.00535
64	0.01482	0.00777	0.01002	0.00908	0.01166	0.00710	0.00731	0.04553	0.01534	0.27552	0.15117	0.10846	0.15324	0.01193	0.00675	0.00205	0.00424	0.14483	0.00619	0.00699

[dist]
# distance from previous block
# <min> <max>
0	8

[block]
# block no. 5 follows, 40 sequences, length 23
# corresponding to MSA columns:
# 712-734
name=unknown_F
#
# <colnr> <probs for GDERKNQSTAVLIFYWHMCP>
#	G	D	E	R	K	N	Q	S	T	A	V	L	I	F	Y	W	H	M	C	P
0	0.00930	0.00610	0.00788	0.00755	0.00905	0.00555	0.00561	0.01161	0.01531	0.07831	0.51878	0.16590	0.11124	0.01282	0.00687	0.00193	0.00304	0.01130	0.00621	0.00565
1	0.00756	0.00550	0.00710	0.00824	0.00873	0.00531	0.00554	0.00940	0.05288	0.01525	0.03106	0.71971	0.03663	0.04697	0.00817	0.00246	0.00353	0.01566	0.00536	0.00493
2	0.01465	0.00876	0.01049	0.00951	0.01197	0.00881	0.00718	0.03530	0.21416	0.21789	0.06557	0.21254	0.06591	0.07942	0.00843	0.00233	0.00433	0.00947	0.00592	0.00738
3	0.00727	0.00521	0.00692	0.00797	0.00848	0.00485	0.00541	0.00857	0.01201	0.01624	0.15125	0.66866	0.04116	0.01718	0.00733	0.00227	0.00327	0.01554	0.00556	0.00485
4	0.00718	0.00510	0.00672	0.00798	0.00829	0.00479	0.00527	0.00812	0.01095	0.01460	0.03110	0.73977	0.03727	0.07192	0.00895	0.00259	0.00353	0.01597	0.00527	0.00464
5	0.00714	0.00508	0.00673	0.00803	0.00835	0.00476	0.00533	0.00811	0.01103	0.01471	0.03152	0.76278	0.03779	0.04818	0.00828	0.00249	0.00346	0.01622	0.00533	0.00468
6	0.00709	0.00506	0.00675	0.00810	0.00843	0.00472	0.00540	0.00810	0.01113	0.01484	0.03205	0.79184	0.03846	0.01822	0.00742	0.00236	0.00337	0.01653	0.00540	0.00472
7	0.04879	0.01488	0.01640	0.01261	0.01720	0.01603	0.01041	0.57827	0.02470	0.17796	0.01553	0.01495	0.01065	0.00697	0.00575	0.00176	0.00606	0.00529	0.00602	0.00978
8	0.04340	0.00773	0.00881	0.00865	0.01068	0.00785	0.00687	0.01508	0.17403	0.02036	0.22534	0.04537	0.22868	0.01240	0.00677	0.00207	0.00383	0.16024	0.00569	0.00615
9	0.01206	0.01034	0.01206	0.00861	0.01378	0.00775	0.00689	0.01464	0.01206	0.01895	0.01034	0.01206	0.00861	0.00431	0.00431	0.00086	0.00431	0.00345	0.00345	0.83118
10	0.02966	0.03782	0.18693	0.05455	0.18233	0.03870	0.29507	0.01803	0.01286	0.01807	0.01071	0.01402	0.00834	0.00554	0.00695	0.00189	0.06221	0.00549	0.00278	0.00806
11	0.02439	0.00952	0.01295	0.01006	0.01426	0.00826	0.00826	0.02669	0.01663	0.69299	0.09270	0.02204	0.01824	0.00764	0.00594	0.00180	0.00474	0.00629	0.00712	0.00948
12	0.00709	0.00506	0.00675	0.00810	0.00843	0.00472	0.00540	0.00810	0.01113	0.01484	0.03205	0.79184	0.03846	0.01822	0.00742	0.00236	0.00337	0.01653	0.00540	0.00472
13	0.08996	0.01256	0.01441	0.13669	0.01869	0.01436	0.01026	0.36872	0.01906	0.02772	0.01335	0.01518	0.01001	0.00684	0.00623	0.00176	0.06090	0.00506	0.16032	0.00792
14	0.15439	0.01331	0.01623	0.27062	0.02450	0.05536	0.05279	0.20345	0.03181	0.04368	0.01153	0.01381	0.00857	0.00597	0.00536	0.00176	0.00671	0.00478	0.00390	0.07149
15	0.03666	0.03822	0.06741	0.13486	0.30251	0.05612	0.03327	0.05236	0.03457	0.16752	0.01345	0.01522	0.00995	0.00589	0.00566	0.00177	0.00686	0.00515	0.00390	0.00863
16	0.02609	0.00990	0.01350	0.01035	0.01484	0.00855	0.00855	0.02834	0.01664	0.76338	0.02294	0.01979	0.01439	0.00720	0.00585	0.00180	0.00495	0.00585	0.00720	0.00990
17	0.01382	0.04220	0.50370	0.01592	0.06132	0.01254	0.03197	0.01968	0.04442	0.12353	0.03619	0.04431	0.01155	0.00649	0.00570	0.00184	0.00741	0.00533	0.00354	0.00855
18	0.00757	0.00535	0.00690	0.00762	0.00813	0.00505	0.00510	0.00879	0.01185	0.01610	0.18969	0.49711	0.03911	0.15027	0.01110	0.00281	0.00362	0.01382	0.00530	0.00469
19	0.01364	0.42071	0.39216	0.01321	0.01997	0.01833	0.01563	0.01791	0.01204	0.01601	0.00924	0.01078	0.00742	0.00525	0.00461	0.00154	0.00739	0.00369	0.00247	0.00802
20	0.00800	0.00587	0.00753	0.00746	0.00877	0.00540	0.00559	0.01037	0.01523	0.02101	0.54005	0.14107	0.13192	0.01327	0.00700	0.00196	0.00301	0.05507	0.00610	0.00532
21	0.01241	0.01054	0.01225	0.00878	0.01393	0.00811	0.00704	0.04006	0.01259	0.01957	0.01046	0.01213	0.00866	0.00440	0.00436	0.00089	0.00438	0.00351	0.00353	0.80240
22	0.00721	0.00520	0.00683	0.00790	0.00844	0.00482	0.00536	0.00845	0.01186	0.01588	0.11834	0.66925	0.07429	0.01731	0.00733	0.00228	0.00328	0.01562	0.00552	0.00482

[dist]
# distance from previous block
# <min> <max>
0	1

[block]
# block no. 6 follows, 40 sequences, length 65
# corresponding to MSA columns:
# 736-800
name=unknown_G
#
# <colnr> <probs for GDERKNQSTAVLIFYWHMCP>
#	G	D	E	R	K	N	Q	S	T	A	V	L	I	F	Y	W	H	M	C	P
0	0.02123	0.01595	0.01784	0.01357	0.01830	0.01735	0.04007	0.67207	0.02597	0.03498	0.01368	0.01393	0.00978	0.00675	0.00578	0.00171	0.00642	0.00521	0.00557	0.05385
1	0.01498	0.01129	0.01309	0.00956	0.01459	0.00954	0.00773	0.13732	0.01502	0.08784	0.01206	0.01306	0.00934	0.00501	0.00470	0.00109	0.00471	0.00396	0.00417	0.62091
2	0.10045	0.00701	0.00846	0.00835	0.00998	0.00686	0.00619	0.04305	0.01384	0.09776	0.23546	0.36010	0.03582	0.01332	0.00663	0.00207	0.00366	0.02940	0.00569	0.00589
3	0.00840	0.00548	0.00633	0.00665	0.00688	0.00540	0.00402	0.00894	0.00950	0.01326	0.02160	0.21210	0.02449	0.52690	0.02160	0.00440	0.00479	0.01000	0.09525	0.00401
4	0.02166	0.01602	0.01721	0.01317	0.01784	0.01757	0.01087	0.70760	0.02666	0.03586	0.01380	0.01388	0.00983	0.00686	0.00575	0.00171	0.00631	0.00516	0.00571	0.04654
5	0.00709	0.00506	0.00675	0.00810	0.00843	0.00472	0.00540	0.00810	0.01113	0.01484	0.03205	0.79184	0.03846	0.01822	0.00742	0.00236	0.00337	0.01653	0.00540	0.00472
6	0.00802	0.00606	0.00775	0.00819	0.00944	0.00529	0.00568	0.00933	0.01131	0.01562	0.02795	0.64471	0.03283	0.01559	0.00683	0.00208	0.00355	0.01406	0.00503	0.16066
7	0.00859	0.00563	0.00629	0.00629	0.00637	0.00563	0.00355	0.00874	0.00867	0.01186	0.01836	0.03714	0.02079	0.75162	0.02817	0.00540	0.00547	0.00829	0.04952	0.00363
8	0.04527	0.00645	0.00931	0.00927	0.01042	0.00753	0.00723	0.01068	0.00937	0.01406	0.01524	0.02225	0.01417	0.04191	0.73827	0.00901	0.01508	0.00609	0.00314	0.00524
9	0.00728	0.00520	0.00694	0.00816	0.00862	0.00487	0.00558	0.00849	0.01164	0.01560	0.08703	0.70208	0.03948	0.01764	0.00741	0.00234	0.00342	0.04794	0.00547	0.00481
10	0.00876	0.00654	0.00838	0.00909	0.01026	0.00652	0.00697	0.01230	0.09619	0.01807	0.15039	0.35374	0.05533	0.01530	0.00732	0.00231	0.00397	0.21740	0.00561	0.00554
11	0.00931	0.00607	0.00673	0.00659	0.00775	0.00578	0.00451	0.02863	0.01153	0.01695	0.05612	0.13442	0.11525	0.26367	0.01327	0.00295	0.00395	0.00885	0.24683	0.05084
12	0.00709	0.00506	0.00675	0.00810	0.00843	0.00472	0.00540	0.00810	0.01113	0.01484	0.03205	0.79184	0.03846	0.01822	0.00742	0.00236	0.00337	0.01653	0.00540	0.00472
13	0.07521	0.00664	0.00815	0.00795	0.00958	0.00633	0.00602	0.01242	0.01406	0.09280	0.33931	0.17768	0.08757	0.05425	0.00792	0.00221	0.00362	0.07682	0.00576	0.00569
14	0.05112	0.00539	0.00684	0.00807	0.00858	0.00517	0.00545	0.00857	0.01107	0.01544	0.03078	0.75031	0.03675	0.01754	0.00722	0.00233	0.00343	0.01582	0.00530	0.00481
15	0.02001	0.01237	0.01416	0.01125	0.01494	0.01302	0.00909	0.41802	0.02131	0.18620	0.05768	0.03710	0.01439	0.00880	0.00739	0.07886	0.00546	0.00594	0.05546	0.00856
16	0.02555	0.01076	0.01403	0.01076	0.01528	0.00983	0.00889	0.12484	0.01809	0.66484	0.02172	0.01900	0.01378	0.00717	0.00584	0.00179	0.00515	0.00576	0.00701	0.00990
17	0.00764	0.00573	0.00710	0.00733	0.00857	0.00520	0.00538	0.00960	0.01409	0.01888	0.35460	0.24813	0.22422	0.01449	0.00707	0.00205	0.00309	0.04588	0.00583	0.00513
18	0.01272	0.01272	0.01781	0.01527	0.01527	0.01781	0.01272	0.01399	0.00891	0.01399	0.00763	0.01272	0.00763	0.01018	0.01908	0.00254	0.78499	0.00509	0.00254	0.00636
19	0.00825	0.00598	0.00780	0.00744	0.00882	0.00553	0.00564	0.01096	0.01623	0.02284	0.70419	0.04480	0.07203	0.01216	0.00691	0.00187	0.00287	0.04388	0.00633	0.00547
20	0.00791	0.00625	0.00720	0.00733	0.00887	0.00580	0.00540	0.01079	0.07161	0.01805	0.21602	0.22075	0.34636	0.01435	0.00695	0.00204	0.00319	0.03008	0.00568	0.00535
21	0.00817	0.00594	0.00769	0.00726	0.00865	0.00546	0.00544	0.01086	0.01633	0.02300	0.72681	0.04397	0.08455	0.01201	0.00686	0.00183	0.00275	0.01059	0.00636	0.00546
22	0.01084	0.00542	0.00542	0.00542	0.00678	0.00542	0.00407	0.01355	0.01220	0.02168	0.01897	0.02168	0.01491	0.00678	0.00407	0.00136	0.00271	0.00542	0.82791	0.00542
23	0.01446	0.01249	0.01315	0.01183	0.01512	0.01446	0.00920	0.03090	0.74885	0.02433	0.02367	0.02170	0.01775	0.00789	0.00592	0.00197	0.00460	0.00657	0.00592	0.00920
24	0.02241	0.01580	0.01715	0.01315	0.01779	0.01731	0.01086	0.68546	0.02652	0.09231	0.01465	0.01441	0.01023	0.00700	0.00582	0.00175	0.00629	0.00528	0.00592	0.00989
25	0.02191	0.02890	0.01379	0.01072	0.01475	0.01061	0.00879	0.11277	0.12316	0.47643	0.07299	0.02223	0.01760	0.00783	0.00595	0.00183	0.00496	0.02888	0.00662	0.00929
26	0.15564	0.08527	0.55899	0.01440	0.02171	0.01418	0.01766	0.01842	0.02989	0.01953	0.01017	0.01179	0.00744	0.00552	0.00506	0.00179	0.00760	0.00406	0.00274	0.00812
27	0.08760	0.01520	0.01700	0.08615	0.05311	0.01695	0.01145	0.57974	0.02379	0.03293	0.01300	0.01376	0.00936	0.00666	0.00563	0.00177	0.00639	0.00506	0.00520	0.00924
28	0.01952	0.01410	0.01544	0.01222	0.01636	0.01525	0.00992	0.50598	0.10810	0.07604	0.04998	0.05661	0.01451	0.00776	0.00588	0.00176	0.00567	0.00615	0.00579	0.05294
29	0.01066	0.00540	0.00548	0.00555	0.00685	0.00539	0.00413	0.01329	0.01215	0.02136	0.01958	0.05783	0.01601	0.00731	0.00422	0.00140	0.00274	0.00594	0.78930	0.00539
30	0.00832	0.00618	0.00908	0.00908	0.01003	0.00713	0.00694	0.01022	0.00927	0.01330	0.01582	0.02418	0.01512	0.10945	0.70754	0.00902	0.01471	0.00643	0.00315	0.00505
31	0.00788	0.00539	0.00651	0.00708	0.00722	0.00525	0.00431	0.00831	0.00958	0.01278	0.02410	0.35525	0.02843	0.46849	0.02027	0.00426	0.00469	0.01185	0.00431	0.00403
32	0.01084	0.00542	0.00542	0.00542	0.00678	0.00542	0.00407	0.01355	0.01220	0.02168	0.01897	0.02168	0.01491	0.00678	0.00407	0.00136	0.00271	0.00542	0.82791	0.00542
33	0.20481	0.01544	0.01543	0.01213	0.01651	0.03576	0.00999	0.55991	0.02316	0.03372	0.01252	0.01286	0.00902	0.00660	0.00531	0.00175	0.00607	0.00473	0.00525	0.00901
34	0.00730	0.00533	0.00691	0.00797	0.00863	0.00494	0.00557	0.00861	0.01192	0.01576	0.08979	0.60459	0.11887	0.01721	0.00736	0.00230	0.00341	0.06322	0.00547	0.00484
35	0.01890	0.01392	0.01538	0.01167	0.01636	0.01417	0.00954	0.47062	0.02185	0.06490	0.01377	0.03379	0.01046	0.00648	0.00541	0.00150	0.00563	0.00502	0.00516	0.25547
36	0.01010	0.00505	0.00758	0.00758	0.00758	0.00505	0.00505	0.00758	0.00758	0.01010	0.01010	0.01768	0.01010	0.02020	0.02273	0.83081	0.00505	0.00505	0.00253	0.00253
37	0.12034	0.00664	0.00772	0.00796	0.00941	0.00632	0.00565	0.01040	0.01151	0.01758	0.09697	0.49353	0.03155	0.03980	0.00720	0.00216	0.00365	0.01229	0.00496	0.10435
38	0.01501	0.00841	0.01068	0.00996	0.01244	0.00827	0.00786	0.01991	0.16053	0.25250	0.08057	0.21078	0.02710	0.01185	0.00670	0.00213	0.00442	0.13732	0.00613	0.00741
39	0.02241	0.00908	0.01231	0.00972	0.01357	0.00792	0.00792	0.02476	0.01661	0.61066	0.17428	0.02467	0.02275	0.00817	0.00606	0.00181	0.00449	0.00681	0.00703	0.00899
40	0.51133	0.00903	0.00780	0.00731	0.00968	0.01004	0.00550	0.01385	0.01023	0.02151	0.06660	0.07318	0.03912	0.18217	0.00996	0.00270	0.00450	0.00605	0.00396	0.00547
41	0.60881	0.01146	0.01011	0.00870	0.01245	0.01286	0.00712	0.05825	0.08220	0.12310	0.01184	0.01221	0.00864	0.00596	0.00423	0.00181	0.00467	0.00394	0.00441	0.00724
