[name]
unknown

[dist]
# distance from previous block
# <min> <max>
0	461

[block]
# block no. 0 follows, 41 sequences, length 12
# corresponding to MSA columns:
# 498-509
name=unknown_A
#
# <colnr> <probs for GDERKNQSTAVLIFYWHMCP>
#	G	D	E	R	K	N	Q	S	T	A	V	L	I	F	Y	W	H	M	C	P
0	0.00848	0.00635	0.00820	0.00912	0.01062	0.00606	0.00776	0.01076	0.01313	0.01662	0.03853	0.06170	0.25000	0.01541	0.00756	0.00242	0.00456	0.51229	0.00528	0.00514
1	0.00999	0.00888	0.01432	0.55325	0.03020	0.01053	0.01276	0.01348	0.01285	0.01710	0.23382	0.02344	0.02144	0.00750	0.00603	0.00187	0.00616	0.00665	0.00366	0.00607
2	0.25853	0.06594	0.50240	0.01333	0.02013	0.01366	0.01606	0.01767	0.01135	0.02011	0.00945	0.01109	0.00694	0.00537	0.00477	0.00177	0.00713	0.00383	0.00275	0.00772
3	0.02539	0.01018	0.01355	0.01039	0.01482	0.00906	0.00858	0.07812	0.01711	0.71597	0.02195	0.01907	0.01385	0.00706	0.00575	0.00177	0.00497	0.00571	0.00698	0.00973
4	0.01647	0.01340	0.01420	0.01209	0.01573	0.01527	0.00960	0.24323	0.53648	0.02754	0.02043	0.01907	0.01515	0.00749	0.00579	0.00187	0.00505	0.00607	0.00579	0.00925
5	0.01606	0.01613	0.01377	0.01243	0.01559	0.20974	0.00957	0.02846	0.56388	0.02138	0.01957	0.01851	0.01487	0.00728	0.00565	0.00182	0.00601	0.00575	0.00508	0.00843
6	0.00747	0.00531	0.00689	0.00752	0.00811	0.00498	0.00511	0.00885	0.01219	0.01665	0.24713	0.47665	0.04052	0.11318	0.00985	0.00257	0.00341	0.01351	0.00537	0.00472
7	0.02268	0.01108	0.01347	0.01048	0.01458	0.01082	0.00861	0.23970	0.01898	0.45894	0.01946	0.01798	0.01290	0.00697	0.00553	0.00170	0.00503	0.00552	0.10638	0.00920
8	0.01924	0.02280	0.01523	0.01381	0.01685	0.54888	0.01046	0.02509	0.23588	0.01696	0.01315	0.01360	0.01038	0.00645	0.00536	0.00161	0.00859	0.00451	0.00380	0.00735
9	0.83938	0.01106	0.00841	0.00752	0.01106	0.01283	0.00619	0.01681	0.00973	0.02566	0.00796	0.00929	0.00619	0.00531	0.00354	0.00177	0.00442	0.00310	0.00354	0.00619
10	0.00890	0.00713	0.01048	0.23918	0.01774	0.00758	0.00852	0.01193	0.01477	0.02046	0.53663	0.03453	0.04015	0.00991	0.00644	0.00183	0.00417	0.00878	0.00518	0.00568
11	0.00697	0.00498	0.00664	0.00796	0.00830	0.00465	0.00531	0.00796	0.01095	0.01460	0.03153	0.79525	0.03783	0.01792	0.00730	0.00232	0.00332	0.01626	0.00531	0.00465

[dist]
# distance from previous block
# <min> <max>
0	3

[block]
# block no. 1 follows, 41 sequences, length 43
# corresponding to MSA columns:
# 513-555
name=unknown_B
#
# <colnr> <probs for GDERKNQSTAVLIFYWHMCP>
#	G	D	E	R	K	N	Q	S	T	A	V	L	I	F	Y	W	H	M	C	P
0	0.01985	0.00852	0.01097	0.00883	0.01249	0.00731	0.00716	0.02183	0.01535	0.53617	0.03344	0.03040	0.24372	0.00936	0.00606	0.00182	0.00426	0.00769	0.00654	0.00823
1	0.01757	0.01298	0.01472	0.01194	0.01543	0.01448	0.00973	0.51861	0.02145	0.02905	0.01422	0.01642	0.01113	0.01794	0.24259	0.00401	0.00907	0.00545	0.00491	0.00831
2	0.00738	0.00515	0.00651	0.00743	0.00766	0.00492	0.00474	0.00807	0.01014	0.01352	0.02738	0.56231	0.03259	0.25800	0.01401	0.00331	0.00400	0.01382	0.00474	0.00428
3	0.02137	0.02726	0.01621	0.01474	0.01768	0.77602	0.01105	0.02284	0.01621	0.01400	0.00884	0.01031	0.00737	0.00589	0.00516	0.00147	0.01031	0.00368	0.00295	0.00663
4	0.00697	0.00498	0.00664	0.00796	0.00830	0.00465	0.00531	0.00796	0.01095	0.01460	0.03153	0.79525	0.03783	0.01792	0.00730	0.00232	0.00332	0.01626	0.00531	0.00465
5	0.01257	0.01122	0.01535	0.01666	0.24401	0.00946	0.01009	0.01537	0.01222	0.01865	0.01035	0.01257	0.00865	0.00450	0.00467	0.00111	0.00502	0.00391	0.00322	0.58039
6	0.02215	0.01052	0.01317	0.01063	0.01469	0.01020	0.00861	0.02865	0.24279	0.53878	0.02279	0.02004	0.01517	0.00729	0.00577	0.00182	0.00476	0.00597	0.00669	0.00953
7	0.02033	0.00845	0.01111	0.00897	0.01203	0.00753	0.00689	0.02186	0.01390	0.53483	0.02117	0.02499	0.01620	0.25049	0.01293	0.00293	0.00508	0.00654	0.00597	0.00781
8	0.00728	0.00556	0.00609	0.00634	0.00738	0.00501	0.00426	0.00820	0.01119	0.01395	0.04068	0.18947	0.39685	0.25627	0.01373	0.00312	0.00379	0.01171	0.00474	0.00438
9	0.01230	0.02467	0.54000	0.02208	0.25177	0.01338	0.02003	0.01794	0.01237	0.01829	0.01042	0.01272	0.00780	0.00533	0.00550	0.00178	0.00794	0.00449	0.00254	0.00864
10	0.01273	0.55730	0.02280	0.00923	0.01272	0.01710	0.00841	0.01431	0.01142	0.01381	0.01520	0.25080	0.01671	0.00890	0.00479	0.00156	0.00526	0.00712	0.00333	0.00651
11	0.00728	0.00562	0.00664	0.00680	0.00815	0.00498	0.00494	0.00905	0.01364	0.01786	0.29629	0.22854	0.34097	0.01434	0.00689	0.00198	0.00293	0.01248	0.00565	0.00498
12	0.01757	0.01298	0.01472	0.01194	0.01543	0.01448	0.00973	0.51861	0.02145	0.02905	0.01422	0.01642	0.01113	0.01794	0.24259	0.00401	0.00907	0.00545	0.00491	0.00831
13	0.83938	0.01106	0.00841	0.00752	0.01106	0.01283	0.00619	0.01681	0.00973	0.02566	0.00796	0.00929	0.00619	0.00531	0.00354	0.00177	0.00442	0.00310	0.00354	0.00619
14	0.01310	0.55766	0.02359	0.00960	0.01331	0.01787	0.00898	0.01500	0.01088	0.01340	0.01022	0.01326	0.00948	0.01658	0.24116	0.00367	0.00895	0.00400	0.00264	0.00665
15	0.01402	0.01085	0.01204	0.01048	0.01341	0.01191	0.00822	0.14591	0.37719	0.05152	0.24817	0.02655	0.02725	0.00879	0.00609	0.00185	0.00428	0.00741	0.00599	0.00807
16	0.00868	0.00568	0.00665	0.00641	0.00784	0.00529	0.00481	0.01117	0.01442	0.02129	0.42404	0.03805	0.15089	0.01058	0.00590	0.00168	0.00272	0.00907	0.25956	0.00529
17	0.01257	0.01122	0.01535	0.01666	0.24401	0.00946	0.01009	0.01537	0.01222	0.01865	0.01035	0.01257	0.00865	0.00450	0.00467	0.00111	0.00502	0.00391	0.00322	0.58039
18	0.01370	0.01486	0.03051	0.02749	0.25533	0.01420	0.51968	0.01809	0.01335	0.01843	0.01132	0.01504	0.00880	0.00491	0.00642	0.00186	0.00877	0.00624	0.00287	0.00813
19	0.01941	0.01527	0.01903	0.01991	0.24691	0.01646	0.01293	0.52086	0.02263	0.03071	0.01282	0.01386	0.00952	0.00632	0.00570	0.00171	0.00645	0.00513	0.00483	0.00952
20	0.00717	0.00581	0.00636	0.00623	0.00798	0.00500	0.00467	0.00900	0.01401	0.01775	0.27383	0.05126	0.54366	0.01363	0.00676	0.00189	0.00284	0.01154	0.00561	0.00500
21	0.01241	0.25083	0.01483	0.00887	0.01123	0.01075	0.00716	0.01385	0.01199	0.13029	0.02290	0.43402	0.02481	0.01224	0.00595	0.00190	0.00442	0.01058	0.00470	0.00626
22	0.01170	0.03880	0.15501	0.01171	0.01511	0.04449	0.02858	0.01981	0.29883	0.01904	0.03406	0.25681	0.02141	0.01026	0.00614	0.00199	0.00530	0.00890	0.00472	0.00733
23	0.01232	0.01130	0.01891	0.02714	0.53182	0.01161	0.01436	0.01530	0.01185	0.01702	0.01216	0.01671	0.01067	0.01672	0.24254	0.00400	0.00942	0.00541	0.00290	0.00785
24	0.02205	0.01553	0.01686	0.01293	0.01749	0.01701	0.01068	0.68829	0.02607	0.09314	0.01442	0.01418	0.01007	0.00688	0.00572	0.00172	0.00618	0.00520	0.00583	0.00973
25	0.01571	0.01631	0.01625	0.22695	0.10963	0.24762	0.01251	0.02191	0.20622	0.03774	0.01388	0.01605	0.01083	0.00642	0.00560	0.00177	0.00744	0.01592	0.00372	0.00753
26	0.01773	0.01183	0.01307	0.01104	0.01418	0.04274	0.00867	0.33835	0.03754	0.16361	0.02087	0.25506	0.01928	0.01029	0.00619	0.00191	0.00524	0.00865	0.00574	0.00802
27	0.00797	0.00581	0.00749	0.00713	0.00848	0.00533	0.00532	0.01052	0.01580	0.02214	0.68770	0.06970	0.10098	0.01210	0.00677	0.00183	0.00273	0.01067	0.00620	0.00533
28	0.00773	0.00593	0.00651	0.00638	0.00765	0.00545	0.00442	0.00944	0.03547	0.01581	0.17920	0.04621	0.37455	0.25488	0.01360	0.00302	0.00372	0.01041	0.00495	0.00465
29	0.04750	0.02034	0.37571	0.01481	0.04107	0.01182	0.09704	0.04124	0.01259	0.01924	0.01041	0.01238	0.00787	0.00503	0.00515	0.00152	0.00700	0.00426	0.00294	0.26207
30	0.01577	0.01504	0.02663	0.02014	0.04930	0.01520	0.43608	0.24085	0.01731	0.02346	0.01279	0.04392	0.01006	0.00616	0.00691	0.00189	0.03996	0.00649	0.00384	0.00820
31	0.58522	0.01151	0.01121	0.00983	0.01228	0.01427	0.00814	0.01588	0.00943	0.02201	0.00782	0.01028	0.00660	0.00675	0.00822	0.00200	0.24544	0.00368	0.00322	0.00621
32	0.58552	0.01240	0.01620	0.01262	0.01685	0.01333	0.23253	0.01728	0.01089	0.02341	0.00907	0.01118	0.00696	0.00516	0.00453	0.00182	0.00603	0.00422	0.00334	0.00666
33	0.00687	0.00564	0.00605	0.00628	0.00787	0.00482	0.00458	0.00829	0.01280	0.01567	0.08837	0.19426	0.58871	0.01499	0.00686	0.00200	0.00297	0.01278	0.00536	0.00482
34	0.01145	0.01208	0.02466	0.01872	0.02256	0.01159	0.48182	0.01493	0.01250	0.01697	0.01752	0.25499	0.01758	0.00909	0.00748	0.00208	0.04408	0.00959	0.00362	0.00670
35	0.01563	0.01347	0.01369	0.01199	0.01541	0.04719	0.00940	0.13452	0.61534	0.02528	0.02127	0.01976	0.01590	0.00755	0.00578	0.00189	0.00503	0.00616	0.00568	0.00905
36	0.00773	0.00592	0.00759	0.00740	0.00882	0.00577	0.00563	0.00987	0.01313	0.01780	0.32829	0.04006	0.24614	0.02209	0.24330	0.00411	0.00664	0.00955	0.00502	0.00514
37	0.01195	0.41155	0.16222	0.00979	0.01445	0.01539	0.01026	0.01457	0.01214	0.01495	0.02376	0.02382	0.23898	0.00794	0.00495	0.00155	0.00557	0.00605	0.00332	0.00678
38	0.01188	0.01238	0.02512	0.01954	0.06566	0.01163	0.47411	0.01596	0.01430	0.01976	0.24166	0.02375	0.02262	0.00695	0.00669	0.00188	0.00734	0.00776	0.00394	0.00708
39	0.00810	0.00509	0.00624	0.00716	0.00779	0.00486	0.00491	0.00961	0.01127	0.01667	0.02757	0.55736	0.03071	0.01446	0.00629	0.00202	0.00312	0.01290	0.25903	0.00486
40	0.00685	0.00581	0.00589	0.00592	0.00780	0.00489	0.00445	0.00830	0.01295	0.01541	0.05646	0.05494	0.72812	0.03005	0.00723	0.00202	0.00301	0.02982	0.00527	0.00481
41	0.01345	0.01293	0.02225	0.18994	0.59374	0.01343	0.03684	0.01697	0.01271	0.01783	0.01066	0.01442	0.00875	0.00522	0.00570	0.00175	0.00704	0.00514	0.00277	0.00846
42	0.01154	0.24568	0.32150	0.01162	0.01686	0.01356	0.01302	0.01558	0.01321	0.01825	0.24014	0.02066	0.02164	0.00720	0.00533	0.00164	0.00601	0.00577	0.00362	0.00719

[dist]
# distance from previous block
# <min> <max>
4	6

[block]
# block no. 2 follows, 41 sequences, length 47
# corresponding to MSA columns:
# 562-608
name=unknown_C
#
# <colnr> <probs for GDERKNQSTAVLIFYWHMCP>
#	G	D	E	R	K	N	Q	S	T	A	V	L	I	F	Y	W	H	M	C	P
0	0.00718	0.00509	0.00670	0.00791	0.00825	0.00480	0.00530	0.00815	0.01080	0.01439	0.03026	0.69848	0.03611	0.08796	0.00928	0.00262	0.00360	0.04340	0.00514	0.00456
1	0.01361	0.01496	0.03064	0.02224	0.02765	0.01443	0.63275	0.02013	0.12417	0.01916	0.01332	0.01631	0.00999	0.00526	0.00661	0.00193	0.00888	0.00671	0.00333	0.00791
2	0.08519	0.01025	0.01637	0.71541	0.03685	0.01272	0.01502	0.01481	0.01128	0.01561	0.00997	0.01471	0.00750	0.00568	0.00552	0.00189	0.00734	0.00490	0.00263	0.00634
3	0.02140	0.02625	0.01630	0.01459	0.01769	0.70794	0.01104	0.08761	0.01717	0.01598	0.00928	0.01062	0.00758	0.00598	0.00521	0.00150	0.00995	0.00382	0.00320	0.00691
4	0.01081	0.00999	0.01659	0.66385	0.08606	0.01213	0.01488	0.01425	0.01127	0.01458	0.01091	0.01717	0.00891	0.07690	0.00782	0.00222	0.00738	0.00537	0.00264	0.00628
5	0.01140	0.02741	0.70075	0.01532	0.02313	0.01257	0.01959	0.01768	0.01207	0.01840	0.01102	0.01291	0.00791	0.00554	0.00531	0.00177	0.00793	0.00433	0.07678	0.00817
6	0.00690	0.00577	0.00583	0.00583	0.00759	0.00489	0.00427	0.00822	0.01261	0.01506	0.05436	0.05347	0.69452	0.08492	0.00877	0.00226	0.00313	0.01173	0.00515	0.00471
7	0.00697	0.00498	0.00664	0.00796	0.00830	0.00465	0.00531	0.00796	0.01095	0.01460	0.03153	0.79525	0.03783	0.01792	0.00730	0.00232	0.00332	0.01626	0.00531	0.00465
8	0.01437	0.69508	0.06207	0.00992	0.01457	0.02059	0.00991	0.01635	0.01158	0.01378	0.01018	0.07988	0.01007	0.00609	0.00408	0.00135	0.00597	0.00430	0.00270	0.00715
9	0.01171	0.02815	0.70236	0.01799	0.09106	0.01331	0.02081	0.01806	0.01216	0.01817	0.01031	0.01226	0.00741	0.00540	0.00545	0.00180	0.00830	0.00430	0.00245	0.00851
10	0.02188	0.01612	0.01727	0.01326	0.01785	0.01781	0.01093	0.74238	0.02696	0.03615	0.01389	0.01396	0.00988	0.00698	0.00579	0.00175	0.00635	0.00520	0.00577	0.00981
11	0.00723	0.00517	0.00684	0.00802	0.00845	0.00481	0.00539	0.00831	0.01145	0.01539	0.08673	0.73649	0.03913	0.01753	0.00733	0.00231	0.00333	0.01584	0.00544	0.00479
12	0.01182	0.01115	0.01879	0.59330	0.22277	0.01302	0.01636	0.01547	0.01194	0.01581	0.01049	0.01520	0.00815	0.00567	0.00578	0.00188	0.00746	0.00514	0.00267	0.00713
13	0.00771	0.00551	0.00725	0.00843	0.00901	0.00523	0.00604	0.00894	0.01140	0.01507	0.03126	0.56522	0.05823	0.07184	0.00899	0.00263	0.00393	0.16330	0.00522	0.00479
14	0.00715	0.00511	0.00677	0.00808	0.00843	0.00475	0.00539	0.00810	0.01106	0.01476	0.03164	0.79337	0.03791	0.01800	0.00737	0.00235	0.00338	0.01628	0.00536	0.00474
15	0.01542	0.77620	0.02952	0.00996	0.01480	0.02243	0.00983	0.01764	0.03444	0.01394	0.00860	0.00979	0.00781	0.00510	0.00381	0.00128	0.00612	0.00322	0.00261	0.00748
16	0.01232	0.16694	0.63608	0.01524	0.02306	0.01503	0.01915	0.01804	0.01210	0.01744	0.01002	0.01179	0.00743	0.00545	0.00519	0.00174	0.00809	0.00407	0.00248	0.00834
17	0.01164	0.02965	0.76742	0.01640	0.02485	0.01337	0.02117	0.01822	0.01218	0.01827	0.01043	0.01231	0.00741	0.00555	0.00551	0.00184	0.00850	0.00428	0.00248	0.00853
18	0.01164	0.02965	0.76742	0.01640	0.02485	0.01337	0.02117	0.01822	0.01218	0.01827	0.01043	0.01231	0.00741	0.00555	0.00551	0.00184	0.00850	0.00428	0.00248	0.00853
19	0.02339	0.01039	0.01331	0.01060	0.01478	0.00973	0.00861	0.02848	0.17134	0.60911	0.02285	0.02008	0.01500	0.00733	0.00584	0.00184	0.00485	0.00595	0.00686	0.00967
20	0.01492	0.01266	0.01334	0.01186	0.01519	0.01456	0.00925	0.08079	0.69989	0.02492	0.02274	0.02101	0.01705	0.00780	0.00588	0.00195	0.00471	0.00642	0.00586	0.00918
21	0.01545	0.80041	0.03004	0.00990	0.01480	0.02269	0.00985	0.01724	0.01173	0.01362	0.00813	0.00942	0.00750	0.00501	0.00375	0.00126	0.00617	0.00312	0.00251	0.00742
22	0.02153	0.02678	0.01636	0.01476	0.01779	0.73647	0.01110	0.05869	0.01683	0.01525	0.00926	0.01072	0.00765	0.00605	0.00526	0.00152	0.01016	0.00381	0.00314	0.00687
23	0.01426	0.55931	0.26069	0.01193	0.01794	0.01978	0.01339	0.01754	0.01187	0.01507	0.00885	0.01032	0.00747	0.00518	0.00430	0.00144	0.00690	0.00348	0.00250	0.00777
24	0.00715	0.00511	0.00677	0.00808	0.00843	0.00475	0.00539	0.00810	0.01106	0.01476	0.03164	0.79337	0.03791	0.01800	0.00737	0.00235	0.00338	0.01628	0.00536	0.00474
25	0.01140	0.01072	0.01803	0.68727	0.13208	0.01291	0.01615	0.01511	0.01175	0.01530	0.01041	0.01534	0.00797	0.00575	0.00578	0.00191	0.00757	0.00514	0.00264	0.00679
26	0.07659	0.01155	0.01358	0.01080	0.01499	0.03454	0.00879	0.11278	0.10888	0.51420	0.02036	0.01829	0.01346	0.00710	0.00567	0.00181	0.00519	0.00558	0.00645	0.00940
27	0.01432	0.01370	0.02330	0.03515	0.76140	0.01367	0.01760	0.01766	0.01313	0.01884	0.01093	0.01438	0.00922	0.00521	0.00573	0.00173	0.00685	0.00515	0.00289	0.00914
28	0.00850	0.00567	0.00637	0.00636	0.00638	0.00565	0.00355	0.00845	0.00843	0.01126	0.01817	0.03760	0.02092	0.79696	0.02912	0.00557	0.00560	0.00836	0.00352	0.00356
29	0.01562	0.01563	0.02184	0.03089	0.61035	0.11750	0.01622	0.04901	0.03252	0.01905	0.01110	0.01402	0.00923	0.00546	0.00567	0.00171	0.00725	0.00499	0.00310	0.00884
30	0.01235	0.09749	0.56944	0.01719	0.02484	0.01443	0.14829	0.01817	0.01239	0.01788	0.01046	0.01264	0.00767	0.00539	0.00558	0.00181	0.00850	0.00462	0.00256	0.00830
31	0.01097	0.01028	0.01726	0.78326	0.03945	0.01279	0.01593	0.01473	0.01154	0.01477	0.01034	0.01547	0.00779	0.00583	0.00579	0.00194	0.00767	0.00514	0.00260	0.00644
32	0.01011	0.00510	0.00758	0.00757	0.00759	0.00507	0.00505	0.00759	0.00757	0.01011	0.01011	0.01761	0.01009	0.01994	0.02238	0.83137	0.00502	0.00502	0.00254	0.00258
33	0.01508	0.01717	0.03073	0.02245	0.02780	0.11820	0.61067	0.04932	0.01453	0.01862	0.01146	0.01489	0.00870	0.00517	0.00656	0.00189	0.00964	0.00632	0.00308	0.00773
34	0.01097	0.01028	0.01726	0.78326	0.03945	0.01279	0.01593	0.01473	0.01154	0.01477	0.01034	0.01547	0.00779	0.00583	0.00579	0.00194	0.00767	0.00514	0.00260	0.00644
35	0.01439	0.01240	0.01305	0.01175	0.01499	0.01431	0.00912	0.03047	0.75108	0.02406	0.02341	0.02155	0.01760	0.00787	0.00589	0.00197	0.00459	0.00652	0.00587	0.00913
36	0.01265	0.01026	0.01204	0.00866	0.01372	0.00776	0.00692	0.01512	0.01217	0.05240	0.01089	0.01244	0.00889	0.00448	0.00438	0.00092	0.00432	0.00355	0.00361	0.79480
37	0.02188	0.01612	0.01727	0.01326	0.01785	0.01781	0.01093	0.74238	0.02696	0.03615	0.01389	0.01396	0.00988	0.00698	0.00579	0.00175	0.00635	0.00520	0.00577	0.00981
38	0.16623	0.02219	0.01465	0.01306	0.01628	0.51109	0.01000	0.09499	0.04916	0.01894	0.01105	0.01216	0.02407	0.00627	0.00506	0.00161	0.00849	0.00409	0.00357	0.00702
39	0.01301	0.30676	0.50231	0.01406	0.02123	0.01672	0.01710	0.01787	0.01202	0.01660	0.00960	0.01127	0.00744	0.00535	0.00487	0.00163	0.00766	0.00386	0.00249	0.00814
40	0.00715	0.00511	0.00677	0.00808	0.00843	0.00475	0.00539	0.00810	0.01106	0.01476	0.03164	0.79337	0.03791	0.01800	0.00737	0.00235	0.00338	0.01628	0.00536	0.00474
41	0.00835	0.00626	0.00931	0.00931	0.01034	0.00725	0.00722	0.01034	0.00930	0.01344	0.01548	0.02268	0.01444	0.04291	0.77431	0.00920	0.01535	0.00618	0.00312	0.00520
42	0.01432	0.01370	0.02330	0.03515	0.76140	0.01367	0.01760	0.01766	0.01313	0.01884	0.01093	0.01438	0.00922	0.00521	0.00573	0.00173	0.00685	0.00515	0.00289	0.00914
43	0.01270	0.01068	0.01234	0.00891	0.01396	0.00841	0.00713	0.06434	0.01299	0.01998	0.01058	0.01222	0.00872	0.00453	0.00441	0.00094	0.00444	0.00357	0.00361	0.77555
44	0.00715	0.00511	0.00677	0.00808	0.00843	0.00475	0.00539	0.00810	0.01106	0.01476	0.03164	0.79337	0.03791	0.01800	0.00737	0.00235	0.00338	0.01628	0.00536	0.00474
45	0.01097	0.01028	0.01726	0.78326	0.03945	0.01279	0.01593	0.01473	0.01154	0.01477	0.01034	0.01547	0.00779	0.00583	0.00579	0.00194	0.00767	0.00514	0.00260	0.00644
46	0.02370	0.01056	0.01350	0.01067	0.01490	0.00990	0.00869	0.06046	0.14071	0.60775	0.02243	0.01974	0.01466	0.00729	0.00583	0.00183	0.00493	0.00590	0.00685	0.00970

[dist]
# distance from previous block
# <min> <max>
0	3

[block]
# block no. 3 follows, 41 sequences, length 72
# corresponding to MSA columns:
# 612-683
name=unknown_D
#
# <colnr> <probs for GDERKNQSTAVLIFYWHMCP>
#	G	D	E	R	K	N	Q	S	T	A	V	L	I	F	Y	W	H	M	C	P
0	0.01147	0.02959	0.76934	0.01630	0.02476	0.01328	0.02113	0.01811	0.01208	0.01811	0.01026	0.01208	0.00725	0.00543	0.00543	0.00181	0.00845	0.00423	0.00242	0.00845
1	0.83938	0.01106	0.00841	0.00752	0.01106	0.01283	0.00619	0.01681	0.00973	0.02566	0.00796	0.00929	0.00619	0.00531	0.00354	0.00177	0.00442	0.00310	0.00354	0.00619
2	0.02029	0.01425	0.01399	0.01177	0.01550	0.14315	0.00932	0.09008	0.29377	0.29552	0.01971	0.01810	0.01385	0.00711	0.00567	0.00178	0.00580	0.00561	0.00578	0.00895
3	0.02057	0.02542	0.01679	0.01647	0.08491	0.67193	0.01159	0.04034	0.03220	0.01518	0.00945	0.01099	0.00780	0.00589	0.00523	0.00151	0.00977	0.00391	0.00307	0.00698
4	0.00831	0.00559	0.00647	0.00647	0.00656	0.00567	0.00376	0.00847	0.00839	0.01127	0.01781	0.03624	0.02028	0.73866	0.08872	0.00584	0.00633	0.00814	0.00343	0.00360
5	0.05290	0.01048	0.01726	0.68830	0.03661	0.01298	0.03873	0.01481	0.01130	0.01526	0.00999	0.01484	0.00758	0.00585	0.00620	0.00193	0.04096	0.00503	0.00260	0.00639
6	0.08779	0.01549	0.01371	0.01172	0.01530	0.20122	0.00922	0.10028	0.23555	0.20356	0.01816	0.01723	0.03150	0.00701	0.00546	0.00175	0.00617	0.00533	0.00520	0.00834
7	0.00840	0.00645	0.00841	0.00871	0.05223	0.00601	0.00604	0.01130	0.03444	0.02160	0.59322	0.04236	0.15595	0.01163	0.00666	0.00182	0.00301	0.01020	0.00594	0.00562
8	0.00697	0.00498	0.00664	0.00796	0.00830	0.00465	0.00531	0.00796	0.01095	0.01460	0.03153	0.79525	0.03783	0.01792	0.00730	0.00232	0.00332	0.01626	0.00531	0.00465
9	0.01555	0.76924	0.02938	0.01000	0.01481	0.05488	0.00984	0.01737	0.01182	0.01348	0.00799	0.00922	0.00734	0.00494	0.00373	0.00123	0.00630	0.00309	0.00247	0.00731
10	0.01374	0.01332	0.02333	0.03244	0.64935	0.01320	0.08635	0.01724	0.01325	0.01890	0.05418	0.01593	0.01162	0.00545	0.00583	0.00173	0.00683	0.00556	0.00304	0.00872
11	0.02566	0.00973	0.01327	0.01018	0.01460	0.00841	0.00841	0.02788	0.01637	0.76726	0.02257	0.01947	0.01416	0.00708	0.00575	0.00177	0.00487	0.00575	0.00708	0.00973
12	0.00831	0.00619	0.00778	0.00737	0.00884	0.00584	0.00552	0.01164	0.05840	0.02217	0.64201	0.06384	0.10671	0.01186	0.00671	0.00183	0.00284	0.01042	0.00616	0.00554
13	0.05134	0.01499	0.03123	0.02259	0.02779	0.01464	0.64777	0.01787	0.01293	0.01828	0.01107	0.01490	0.00847	0.00528	0.00761	0.00197	0.07442	0.00644	0.00289	0.00752
14	0.02566	0.00973	0.01327	0.01018	0.01460	0.00841	0.00841	0.02788	0.01637	0.76726	0.02257	0.01947	0.01416	0.00708	0.00575	0.00177	0.00487	0.00575	0.00708	0.00973
15	0.01529	0.80242	0.02997	0.00979	0.01468	0.02263	0.00979	0.01713	0.01162	0.01346	0.00795	0.00918	0.00734	0.00489	0.00367	0.00122	0.00612	0.00306	0.00245	0.00734
16	0.58960	0.01187	0.01393	0.01243	0.07032	0.01285	0.12606	0.01786	0.01104	0.07413	0.00974	0.01133	0.00735	0.00533	0.00437	0.00179	0.00547	0.00402	0.00362	0.00689
17	0.01171	0.01219	0.02480	0.01885	0.04367	0.01143	0.47832	0.01576	0.01427	0.01969	0.24437	0.03950	0.02333	0.00723	0.00673	0.00189	0.00728	0.00801	0.00400	0.00697
18	0.00810	0.00585	0.00765	0.00720	0.00855	0.00540	0.00540	0.01079	0.01619	0.02294	0.76028	0.04273	0.05397	0.01169	0.00675	0.00180	0.00270	0.01034	0.00630	0.00540
19	0.01317	0.01258	0.02143	0.25593	0.55019	0.01333	0.01706	0.01669	0.01256	0.01749	0.01058	0.01448	0.00864	0.00528	0.00568	0.00176	0.00704	0.00509	0.00275	0.00826
20	0.01202	0.14005	0.66366	0.01537	0.02332	0.01462	0.01951	0.01797	0.01201	0.01745	0.00993	0.01166	0.00726	0.00536	0.00518	0.00173	0.00812	0.00406	0.00242	0.00829
21	0.04625	0.00948	0.01501	0.63524	0.03328	0.01161	0.01369	0.01452	0.01145	0.01609	0.01134	0.01590	0.00862	0.00584	0.00537	0.00181	0.00675	0.00504	0.12652	0.00619
22	0.00818	0.00609	0.00902	0.00902	0.00998	0.00706	0.00694	0.01010	0.00914	0.01315	0.01548	0.02334	0.01468	0.08662	0.73310	0.00898	0.01476	0.00626	0.00309	0.00501
23	0.01494	0.01561	0.02743	0.02033	0.02518	0.08371	0.50421	0.04846	0.07954	0.05276	0.01338	0.03766	0.01042	0.00590	0.00684	0.00190	0.03389	0.00655	0.00351	0.00777
24	0.02072	0.01403	0.01541	0.01212	0.01633	0.01524	0.00991	0.49666	0.13203	0.14424	0.01671	0.01607	0.01177	0.00702	0.00566	0.00174	0.00565	0.00544	0.04383	0.00943
25	0.01286	0.01318	0.01761	0.01504	0.01545	0.06081	0.03668	0.01428	0.00937	0.01391	0.00808	0.01294	0.00785	0.01109	0.05186	0.00273	0.68239	0.00504	0.00257	0.00628
26	0.01077	0.00911	0.01456	0.61423	0.03222	0.01109	0.01328	0.01433	0.01156	0.01609	0.01203	0.01658	0.00917	0.00593	0.00534	0.00178	0.00654	0.00514	0.18413	0.00613
27	0.01538	0.70644	0.09119	0.01035	0.01552	0.02129	0.01068	0.01763	0.01185	0.04362	0.00872	0.00982	0.00760	0.00503	0.00390	0.00129	0.00626	0.00326	0.00263	0.00753
28	0.01372	0.01090	0.01212	0.01126	0.01414	0.01220	0.00902	0.04607	0.52197	0.05675	0.02518	0.03116	0.03489	0.00960	0.00629	0.00208	0.00472	0.16401	0.00574	0.00819
29	0.00676	0.00579	0.00579	0.00579	0.00773	0.00483	0.00435	0.00821	0.01304	0.01545	0.05794	0.05505	0.76098	0.01449	0.00676	0.00193	0.00290	0.01207	0.00531	0.00483
30	0.02258	0.00956	0.01263	0.00996	0.01391	0.00862	0.00812	0.04667	0.05925	0.60530	0.11913	0.02246	0.01944	0.00772	0.00589	0.00178	0.00460	0.00638	0.00686	0.00913
31	0.00696	0.00502	0.00660	0.00786	0.00827	0.00465	0.00527	0.00798	0.01105	0.01464	0.03274	0.76126	0.07104	0.01776	0.00728	0.00230	0.00330	0.01607	0.00531	0.00465
32	0.00697	0.00498	0.00664	0.00796	0.00830	0.00465	0.00531	0.00796	0.01095	0.01460	0.03153	0.79525	0.03783	0.01792	0.00730	0.00232	0.00332	0.01626	0.00531	0.00465
33	0.01116	0.00581	0.00587	0.00569	0.00717	0.00589	0.00431	0.04640	0.01267	0.02199	0.01844	0.02098	0.01444	0.00667	0.00408	0.00135	0.00283	0.00532	0.79341	0.00553
34	0.01416	0.01359	0.02322	0.03511	0.76330	0.01359	0.01755	0.01755	0.01302	0.01869	0.01076	0.01416	0.00906	0.00510	0.00566	0.00170	0.00680	0.00510	0.00283	0.00906
35	0.01281	0.01049	0.01221	0.00879	0.01383	0.00823	0.00706	0.05698	0.01285	0.04033	0.01072	0.01218	0.00870	0.00447	0.00436	0.00092	0.00437	0.00356	0.00363	0.76351
36	0.01147	0.02959	0.76934	0.01630	0.02476	0.01328	0.02113	0.01811	0.01208	0.01811	0.01026	0.01208	0.00725	0.00543	0.00543	0.00181	0.00845	0.00423	0.00242	0.00845
37	0.06309	0.01298	0.01264	0.00998	0.01416	0.13261	0.00788	0.05017	0.01353	0.10702	0.01248	0.05261	0.01037	0.00586	0.00511	0.00127	0.02472	0.00448	0.00394	0.45512
38	0.01147	0.02959	0.76934	0.01630	0.02476	0.01328	0.02113	0.01811	0.01208	0.01811	0.01026	0.01208	0.00725	0.00543	0.00543	0.00181	0.00845	0.00423	0.00242	0.00845
39	0.00697	0.00498	0.00664	0.00796	0.00830	0.00465	0.00531	0.00796	0.01095	0.01460	0.03153	0.79525	0.03783	0.01792	0.00730	0.00232	0.00332	0.01626	0.00531	0.00465
40	0.02138	0.02684	0.01625	0.01468	0.01768	0.74738	0.01104	0.05009	0.01661	0.01483	0.00903	0.01044	0.00746	0.00593	0.00518	0.00148	0.01016	0.00374	0.00305	0.00675
41	0.02566	0.00973	0.01327	0.01018	0.01460	0.00841	0.00841	0.02788	0.01637	0.76726	0.02257	0.01947	0.01416	0.00708	0.00575	0.00177	0.00487	0.00575	0.00708	0.00973
42	0.02566	0.00973	0.01327	0.01018	0.01460	0.00841	0.00841	0.02788	0.01637	0.76726	0.02257	0.01947	0.01416	0.00708	0.00575	0.00177	0.00487	0.00575	0.00708	0.00973
43	0.00676	0.00579	0.00579	0.00579	0.00773	0.00483	0.00435	0.00821	0.01304	0.01545	0.05794	0.05505	0.76098	0.01449	0.00676	0.00193	0.00290	0.01207	0.00531	0.00483
44	0.01186	0.01017	0.01186	0.00847	0.01356	0.00762	0.00678	0.01440	0.01186	0.01864	0.01017	0.01186	0.00847	0.00424	0.00424	0.00085	0.00424	0.00339	0.00339	0.83395
45	0.02174	0.01602	0.01717	0.01316	0.01774	0.01774	0.01087	0.74423	0.02689	0.03605	0.01373	0.01373	0.00973	0.00687	0.00572	0.00172	0.00629	0.00515	0.00572	0.00973
46	0.02566	0.00973	0.01327	0.01018	0.01460	0.00841	0.00841	0.02788	0.01637	0.76726	0.02257	0.01947	0.01416	0.00708	0.00575	0.00177	0.00487	0.00575	0.00708	0.00973
47	0.02137	0.02726	0.01621	0.01474	0.01768	0.77602	0.01105	0.02284	0.01621	0.01400	0.00884	0.01031	0.00737	0.00589	0.00516	0.00147	0.01031	0.00368	0.00295	0.00663
48	0.01186	0.01017	0.01186	0.00847	0.01356	0.00762	0.00678	0.01440	0.01186	0.01864	0.01017	0.01186	0.00847	0.00424	0.00424	0.00085	0.00424	0.00339	0.00339	0.83395
49	0.02425	0.01005	0.01323	0.01036	0.01464	0.00913	0.00849	0.02819	0.10746	0.67534	0.02265	0.01970	0.01457	0.00716	0.00576	0.00179	0.00483	0.00584	0.00692	0.00965
50	0.01387	0.01330	0.02270	0.09863	0.70200	0.01352	0.01741	0.01731	0.01289	0.01834	0.01071	0.01425	0.00894	0.00515	0.00567	0.00172	0.00687	0.00510	0.00281	0.00883
51	0.01423	0.01229	0.01293	0.01164	0.01487	0.01423	0.00905	0.03039	0.75297	0.02393	0.02328	0.02134	0.01746	0.00776	0.00582	0.00194	0.00453	0.00647	0.00582	0.00905
52	0.00836	0.00597	0.00823	0.00955	0.01049	0.00584	0.00773	0.01037	0.01232	0.01616	0.03076	0.34343	0.03479	0.01661	0.00767	0.00251	0.00452	0.45436	0.00528	0.00503
53	0.01350	0.01543	0.03375	0.02411	0.02989	0.01446	0.74253	0.01832	0.01350	0.01832	0.01157	0.01543	0.00868	0.00482	0.00675	0.00193	0.00964	0.00675	0.00289	0.00771
54	0.83938	0.01106	0.00841	0.00752	0.01106	0.01283	0.00619	0.01681	0.00973	0.02566	0.00796	0.00929	0.00619	0.00531	0.00354	0.00177	0.00442	0.00310	0.00354	0.00619
55	0.02155	0.01624	0.01704	0.01317	0.01767	0.03861	0.01083	0.70669	0.04451	0.03514	0.01383	0.01383	0.00985	0.00686	0.00571	0.00172	0.00636	0.00514	0.00565	0.00963
56	0.01147	0.02959	0.76934	0.01630	0.02476	0.01328	0.02113	0.01811	0.01208	0.01811	0.01026	0.01208	0.00725	0.00543	0.00543	0.00181	0.00845	0.00423	0.00242	0.00845
57	0.00905	0.00654	0.00832	0.00784	0.00926	0.00596	0.00581	0.01147	0.01669	0.02368	0.75037	0.04354	0.05417	0.01221	0.00711	0.00196	0.00304	0.01055	0.00656	0.00588
58	0.00905	0.00654	0.00832	0.00784	0.00926	0.00596	0.00581	0.01147	0.01669	0.02368	0.75037	0.04354	0.05417	0.01221	0.00711	0.00196	0.00304	0.01055	0.00656	0.00588
59	0.02161	0.02585	0.01671	0.01503	0.01807	0.66183	0.01132	0.07147	0.05057	0.01678	0.01071	0.01237	0.00886	0.00674	0.00595	0.00171	0.02921	0.00425	0.00356	0.00740
60	0.00905	0.00654	0.00832	0.00784	0.00926	0.00596	0.00581	0.01147	0.01669	0.02368	0.75037	0.04354	0.05417	0.01221	0.00711	0.00196	0.00304	0.01055	0.00656	0.00588
61	0.00794	0.00568	0.00733	0.00859	0.00901	0.00522	0.00572	0.00868	0.01153	0.01546	0.03212	0.78521	0.03827	0.01834	0.00766	0.00248	0.00365	0.01639	0.00559	0.00514
62	0.01419	0.01332	0.02217	0.22055	0.57440	0.01382	0.01738	0.01740	0.01318	0.01848	0.01151	0.01565	0.00956	0.00586	0.00606	0.00192	0.00728	0.00538	0.00307	0.00882
63	0.02218	0.01640	0.01752	0.01365	0.01820	0.01797	0.01113	0.70377	0.05832	0.03608	0.01500	0.01529	0.01090	0.00749	0.00611	0.00189	0.00651	0.00549	0.00600	0.01012
64	0.00852	0.00660	0.00972	0.01002	0.01092	0.00609	0.07088	0.00959	0.01175	0.01579	0.03036	0.71628	0.03569	0.01719	0.00761	0.00245	0.00421	0.01555	0.00537	0.00541
65	0.00794	0.00568	0.00733	0.00859	0.00901	0.00522	0.00572	0.00868	0.01153	0.01546	0.03212	0.78521	0.03827	0.01834	0.00766	0.00248	0.00365	0.01639	0.00559	0.00514
66	0.02014	0.01384	0.01450	0.01212	0.01595	0.07061	0.00958	0.18697	0.28904	0.23279	0.02212	0.02091	0.04759	0.00810	0.00615	0.00197	0.00569	0.00628	0.00618	0.00945
67	0.04651	0.02299	0.02124	0.01738	0.02129	0.47209	0.20518	0.08547	0.01672	0.01833	0.01089	0.01322	0.00876	0.00627	0.00597	0.00179	0.00982	0.00491	0.00351	0.00764
68	0.00794	0.00568	0.00733	0.00859	0.00901	0.00522	0.00572	0.00868	0.01153	0.01546	0.03212	0.78521	0.03827	0.01834	0.00766	0.00248	0.00365	0.01639	0.00559	0.00514
69	0.01627	0.72603	0.05890	0.01087	0.01584	0.05667	0.01064	0.01801	0.01241	0.01454	0.00902	0.01064	0.00821	0.00557	0.00422	0.00143	0.00669	0.00345	0.00279	0.00781
70	0.03074	0.12645	0.61133	0.01550	0.02316	0.01466	0.01893	0.01902	0.01275	0.05641	0.01145	0.01328	0.00846	0.00605	0.00557	0.00190	0.00815	0.00443	0.00300	0.00877
71	0.00899	0.00657	0.00824	0.00789	0.00936	0.00597	0.00592	0.01130	0.01627	0.02276	0.65461	0.04567	0.11231	0.01265	0.00717	0.00202	0.00318	0.04686	0.00643	0.00582

[dist]
# distance from previous block
# <min> <max>
0	1

[block]
# block no. 4 follows, 41 sequences, length 20
# corresponding to MSA columns:
# 685-704
name=unknown_E
#
# <colnr> <probs for GDERKNQSTAVLIFYWHMCP>
#	G	D	E	R	K	N	Q	S	T	A	V	L	I	F	Y	W	H	M	C	P
0	0.01469	0.01281	0.02158	0.13139	0.60470	0.01303	0.01656	0.01805	0.01310	0.08178	0.01168	0.01475	0.00931	0.00535	0.00568	0.00173	0.00674	0.00515	0.00315	0.00876
1	0.01138	0.02798	0.70838	0.01614	0.02416	0.01295	0.04487	0.01778	0.01232	0.01835	0.04576	0.01364	0.00950	0.00571	0.00554	0.00181	0.00822	0.00460	0.00261	0.00828
2	0.01080	0.01017	0.01716	0.78523	0.03940	0.01271	0.01589	0.01461	0.01144	0.01461	0.01017	0.01525	0.00762	0.00572	0.00572	0.00191	0.00762	0.00508	0.00254	0.00635
3	0.01147	0.02959	0.76934	0.01630	0.02476	0.01328	0.02113	0.01811	0.01208	0.01811	0.01026	0.01208	0.00725	0.00543	0.00543	0.00181	0.00845	0.00423	0.00242	0.00845
4	0.35977	0.01231	0.01450	0.07742	0.01742	0.03947	0.11991	0.05769	0.14677	0.02324	0.06815	0.01569	0.01254	0.00630	0.00504	0.00183	0.00568	0.00510	0.00407	0.00710
5	0.00719	0.00518	0.00684	0.00798	0.00852	0.00483	0.00553	0.00843	0.01156	0.01539	0.08348	0.66101	0.07169	0.01719	0.00728	0.00229	0.00338	0.06212	0.00538	0.00475
6	0.01147	0.02959	0.76934	0.01630	0.02476	0.01328	0.02113	0.01811	0.01208	0.01811	0.01026	0.01208	0.00725	0.00543	0.00543	0.00181	0.00845	0.00423	0.00242	0.00845
7	0.21888	0.02160	0.06679	0.01278	0.01644	0.42138	0.01046	0.09774	0.05031	0.01992	0.00993	0.01107	0.00780	0.00591	0.00488	0.00162	0.00806	0.00387	0.00348	0.00709
8	0.01410	0.56098	0.26096	0.01182	0.01783	0.01971	0.01333	0.01744	0.01176	0.01491	0.00867	0.01008	0.00731	0.00506	0.00422	0.00141	0.00685	0.00342	0.00244	0.00769
9	0.00709	0.00528	0.00660	0.00739	0.00821	0.00479	0.00511	0.00843	0.01216	0.01599	0.14260	0.52723	0.19568	0.01628	0.00710	0.00216	0.00314	0.01450	0.00545	0.00479
10	0.01416	0.01359	0.02322	0.03511	0.76330	0.01359	0.01755	0.01755	0.01302	0.01869	0.01076	0.01416	0.00906	0.00510	0.00566	0.00170	0.00680	0.00510	0.00283	0.00906
11	0.02314	0.01378	0.01578	0.01210	0.01662	0.01441	0.00999	0.48908	0.02315	0.29649	0.01688	0.01578	0.01131	0.00694	0.00573	0.00174	0.00579	0.00536	0.00621	0.00973
12	0.01045	0.00682	0.00872	0.00799	0.00981	0.00650	0.00615	0.01424	0.07873	0.09875	0.59737	0.03928	0.04608	0.01103	0.00661	0.00184	0.00316	0.03403	0.00630	0.00615
13	0.01833	0.02113	0.01482	0.01324	0.01645	0.47271	0.01006	0.02448	0.24601	0.01749	0.01346	0.01389	0.01061	0.00634	0.00529	0.00157	0.00799	0.00453	0.00388	0.07771
14	0.00832	0.00555	0.00624	0.00624	0.00624	0.00555	0.00347	0.00832	0.00832	0.01109	0.01802	0.03743	0.02080	0.79898	0.02911	0.00555	0.00555	0.00832	0.00347	0.00347
15	0.01529	0.80242	0.02997	0.00979	0.01468	0.02263	0.00979	0.01713	0.01162	0.01346	0.00795	0.00918	0.00734	0.00489	0.00367	0.00122	0.00612	0.00306	0.00245	0.00734
16	0.00905	0.00646	0.00902	0.01034	0.01158	0.00644	0.00892	0.01156	0.01300	0.01693	0.03038	0.11924	0.03329	0.01596	0.00786	0.00261	0.00512	0.67174	0.00527	0.00522
17	0.01582	0.01267	0.01408	0.07761	0.01746	0.01447	0.00993	0.15831	0.52467	0.05931	0.02040	0.01936	0.01507	0.00739	0.00579	0.00189	0.00513	0.00608	0.00558	0.00898
18	0.01979	0.01407	0.01505	0.01203	0.01610	0.03410	0.00977	0.44328	0.16727	0.12767	0.01955	0.01861	0.06103	0.00755	0.00580	0.00178	0.00564	0.00590	0.00582	0.00920
19	0.01551	0.01415	0.02106	0.05545	0.56107	0.05657	0.01569	0.06975	0.06279	0.05421	0.01220	0.01466	0.00975	0.00555	0.00565	0.00171	0.00675	0.00514	0.00342	0.00891

[dist]
# distance from previous block
# <min> <max>
0	1

[block]
# block no. 5 follows, 41 sequences, length 104
# corresponding to MSA columns:
# 706-809
name=unknown_F
#
# <colnr> <probs for GDERKNQSTAVLIFYWHMCP>
#	G	D	E	R	K	N	Q	S	T	A	V	L	I	F	Y	W	H	M	C	P
0	0.00706	0.00505	0.00670	0.00803	0.00837	0.00470	0.00535	0.00803	0.01101	0.01468	0.03158	0.79427	0.03787	0.01796	0.00734	0.00234	0.00335	0.01627	0.00534	0.00469
1	0.01549	0.01214	0.01351	0.01264	0.04972	0.01364	0.00942	0.02957	0.64164	0.10037	0.02269	0.02092	0.01680	0.00762	0.00584	0.00193	0.00470	0.00636	0.00584	0.00917
2	0.02562	0.00997	0.01344	0.01032	0.01475	0.00871	0.00851	0.04746	0.01671	0.74634	0.02240	0.01942	0.01411	0.00713	0.00579	0.00178	0.00494	0.00576	0.00707	0.00977
3	0.00721	0.00515	0.00687	0.00819	0.00860	0.00483	0.00560	0.00828	0.01115	0.01485	0.03150	0.74712	0.03756	0.01782	0.00737	0.00236	0.00348	0.06200	0.00533	0.00473
4	0.02463	0.01137	0.06230	0.01077	0.01546	0.00920	0.00938	0.06029	0.01663	0.68426	0.02144	0.01884	0.01358	0.00702	0.00577	0.00179	0.00519	0.00565	0.00674	0.00969
5	0.01359	0.01548	0.03378	0.02415	0.02993	0.01451	0.74154	0.01838	0.01355	0.01840	0.01166	0.01555	0.00876	0.00488	0.00679	0.00194	0.00967	0.00678	0.00292	0.00776
6	0.01537	0.80137	0.03001	0.00985	0.01474	0.02266	0.00982	0.01718	0.01168	0.01354	0.00804	0.00930	0.00743	0.00495	0.00371	0.00124	0.00615	0.00309	0.00248	0.00738
7	0.78484	0.01106	0.00904	0.05777	0.01296	0.01287	0.00686	0.01673	0.00990	0.02502	0.00820	0.00980	0.00637	0.00539	0.00372	0.00179	0.00466	0.00326	0.00350	0.00625
8	0.01675	0.00827	0.01079	0.00895	0.01185	0.00756	0.00711	0.06565	0.01701	0.34912	0.38877	0.03077	0.03374	0.00942	0.00628	0.00180	0.00391	0.00802	0.00663	0.00762
9	0.00695	0.00584	0.00601	0.00601	0.00787	0.00492	0.00449	0.00845	0.01325	0.01603	0.10576	0.07428	0.69162	0.01443	0.00681	0.00195	0.00293	0.01208	0.00541	0.00491
10	0.02110	0.02673	0.01631	0.01480	0.01764	0.74576	0.01114	0.02254	0.01597	0.01407	0.00888	0.01052	0.00746	0.00611	0.00572	0.00153	0.04033	0.00376	0.00296	0.00666
11	0.01156	0.02962	0.76834	0.01635	0.02480	0.01333	0.02115	0.01817	0.01213	0.01819	0.01035	0.01220	0.00733	0.00549	0.00547	0.00183	0.00848	0.00426	0.00245	0.00850
12	0.01156	0.02962	0.76834	0.01635	0.02480	0.01333	0.02115	0.01817	0.01213	0.01819	0.01035	0.01220	0.00733	0.00549	0.00547	0.00183	0.00848	0.00426	0.00245	0.00850
13	0.02214	0.01017	0.01558	0.01186	0.01614	0.00898	0.11052	0.02474	0.01600	0.58168	0.10054	0.02152	0.01776	0.00732	0.00604	0.00181	0.00533	0.00641	0.00644	0.00903
14	0.00716	0.00536	0.00666	0.00763	0.00845	0.00488	0.00536	0.00835	0.01169	0.01507	0.03834	0.55462	0.22481	0.01693	0.00723	0.00226	0.00337	0.06170	0.00533	0.00478
15	0.02090	0.01542	0.01648	0.01281	0.01718	0.01707	0.01052	0.66823	0.07402	0.03474	0.01463	0.01464	0.01051	0.00697	0.00570	0.00173	0.00607	0.00527	0.03755	0.00955
16	0.00885	0.00640	0.00813	0.00781	0.00917	0.00611	0.00578	0.05843	0.01587	0.02217	0.56163	0.19443	0.04779	0.01270	0.00683	0.00192	0.00309	0.01123	0.00608	0.00557
17	0.05468	0.01312	0.01372	0.01184	0.01539	0.01499	0.00936	0.18882	0.55538	0.02678	0.02050	0.01919	0.01528	0.00750	0.00573	0.00190	0.00495	0.00604	0.00572	0.00911
18	0.01200	0.02665	0.61778	0.01845	0.05964	0.01353	0.13493	0.01818	0.01240	0.01825	0.01058	0.01282	0.00764	0.00538	0.00569	0.00184	0.00859	0.00469	0.00254	0.00841
19	0.00706	0.00505	0.00670	0.00803	0.00837	0.00470	0.00535	0.00803	0.01101	0.01468	0.03158	0.79427	0.03787	0.01796	0.00734	0.00234	0.00335	0.01627	0.00534	0.00469
20	0.01537	0.80137	0.03001	0.00985	0.01474	0.02266	0.00982	0.01718	0.01168	0.01354	0.00804	0.00930	0.00743	0.00495	0.00371	0.00124	0.00615	0.00309	0.00248	0.00738
21	0.01242	0.01127	0.02034	0.57804	0.03586	0.01283	0.16367	0.01630	0.01224	0.06486	0.01136	0.01568	0.00835	0.00568	0.00597	0.00192	0.00788	0.00550	0.00294	0.00690
22	0.00862	0.00716	0.00951	0.05917	0.01205	0.00675	0.05347	0.04421	0.01421	0.01842	0.22446	0.13373	0.36124	0.01268	0.00674	0.00195	0.00383	0.01103	0.00527	0.00551
23	0.00826	0.00619	0.00926	0.00925	0.01028	0.00720	0.00719	0.01028	0.00925	0.01336	0.01540	0.02258	0.01437	0.04290	0.77527	0.00920	0.01534	0.00615	0.00309	0.00515
24	0.83831	0.01112	0.00847	0.00758	0.01113	0.01288	0.00623	0.01687	0.00979	0.02573	0.00806	0.00942	0.00628	0.00537	0.00358	0.00179	0.00446	0.00313	0.00357	0.00624
25	0.52483	0.01269	0.01272	0.01031	0.01432	0.01411	0.05513	0.21560	0.01501	0.06226	0.01053	0.01149	0.00777	0.00584	0.00448	0.00178	0.00532	0.00404	0.00428	0.00746
26	0.00784	0.00594	0.00829	0.00891	0.00946	0.00641	0.00645	0.00919	0.01026	0.01418	0.02445	0.47782	0.02781	0.02601	0.27187	0.00471	0.05901	0.01206	0.00438	0.00496
27	0.01624	0.01638	0.01387	0.01253	0.01569	0.21970	0.00963	0.02839	0.55331	0.02132	0.01946	0.01848	0.01481	0.00731	0.00568	0.00183	0.00612	0.00574	0.00507	0.00844
28	0.04649	0.04582	0.01899	0.03555	0.01876	0.01403	0.19325	0.05943	0.29467	0.06978	0.01676	0.01877	0.01309	0.06153	0.00846	0.00218	0.06384	0.00616	0.00446	0.00799
29	0.01442	0.01353	0.02249	0.18588	0.60704	0.01390	0.01748	0.01759	0.01330	0.01874	0.01161	0.01570	0.00969	0.00588	0.00609	0.00192	0.00727	0.00540	0.00311	0.00898
30	0.00913	0.00659	0.00838	0.00789	0.00932	0.00601	0.00584	0.01152	0.01673	0.02374	0.74955	0.04360	0.05419	0.01225	0.00714	0.00198	0.00307	0.01057	0.00658	0.00592
31	0.01483	0.01605	0.03330	0.02403	0.02977	0.01509	0.69743	0.05270	0.01471	0.02002	0.01263	0.01665	0.00965	0.00558	0.00710	0.00210	0.00975	0.00696	0.00336	0.00829
32	0.01552	0.03867	0.51014	0.04832	0.02397	0.01301	0.06566	0.02057	0.01361	0.17161	0.01379	0.01524	0.00972	0.00639	0.00598	0.00198	0.00800	0.00504	0.00375	0.00903
33	0.02148	0.01761	0.01704	0.01376	0.01796	0.11982	0.01101	0.53806	0.12577	0.03201	0.01531	0.01565	0.01138	0.00749	0.00607	0.00189	0.00690	0.00544	0.00566	0.00967
34	0.00802	0.00574	0.00738	0.00865	0.00907	0.00527	0.00576	0.00874	0.01157	0.01553	0.03217	0.78437	0.03830	0.01838	0.00769	0.00249	0.00368	0.01640	0.00561	0.00518
35	0.01464	0.01351	0.02197	0.21416	0.54408	0.01406	0.01710	0.05128	0.01388	0.01939	0.01173	0.01572	0.00967	0.00599	0.00609	0.00193	0.00727	0.00541	0.00324	0.00891
36	0.01474	0.01364	0.02143	0.11245	0.55646	0.01408	0.01629	0.01988	0.12998	0.01994	0.01364	0.01673	0.01115	0.00624	0.00611	0.00194	0.00683	0.00562	0.00361	0.00923
37	0.01445	0.01603	0.03407	0.02454	0.03033	0.01493	0.73146	0.01893	0.01408	0.01919	0.01253	0.01673	0.00961	0.00549	0.00715	0.00210	0.00990	0.00703	0.00323	0.00820
38	0.01245	0.02996	0.75818	0.01686	0.02527	0.01377	0.02133	0.01873	0.01268	0.01899	0.01124	0.01343	0.00819	0.00609	0.00585	0.00199	0.00873	0.00455	0.00276	0.00893
39	0.27170	0.09141	0.45588	0.01354	0.02012	0.01444	0.01568	0.01823	0.01191	0.02095	0.01032	0.01231	0.00787	0.00600	0.00511	0.00193	0.00727	0.00410	0.00312	0.00812
40	0.00802	0.00574	0.00738	0.00865	0.00907	0.00527	0.00576	0.00874	0.01157	0.01553	0.03217	0.78437	0.03830	0.01838	0.00769	0.00249	0.00368	0.01640	0.00561	0.00518
41	0.00800	0.00579	0.00732	0.00850	0.00903	0.00528	0.00569	0.00875	0.01172	0.01559	0.03400	0.73325	0.08825	0.01814	0.00765	0.00247	0.00365	0.01611	0.00561	0.00519
