[name]
unknown

[dist]
# distance from previous block
# <min> <max>
48	734

[block]
# block no. 0 follows, 41 sequences, length 8
# corresponding to MSA columns:
# 761-768
name=unknown_A
#
# <colnr> <probs for GDERKNQSTAVLIFYWHMCP>
#	G	D	E	R	K	N	Q	S	T	A	V	L	I	F	Y	W	H	M	C	P
0	0.13540	0.31032	0.26035	0.01213	0.03889	0.01585	0.01273	0.01771	0.01215	0.06786	0.05951	0.01317	0.01073	0.00573	0.00462	0.00158	0.00633	0.00416	0.00317	0.00761
1	0.02120	0.01142	0.01375	0.01081	0.01478	0.01140	0.00883	0.27210	0.04960	0.37330	0.13080	0.02108	0.01877	0.00773	0.00589	0.00176	0.00502	0.00627	0.00644	0.00905
2	0.02083	0.00909	0.01277	0.10689	0.01670	0.00840	0.00884	0.02321	0.01537	0.54975	0.09387	0.07302	0.01882	0.00808	0.00595	0.00183	0.00490	0.00682	0.00632	0.00855
3	0.00797	0.00584	0.00747	0.00706	0.00847	0.00534	0.00530	0.01055	0.01589	0.02222	0.69264	0.04391	0.12206	0.01196	0.00675	0.00181	0.00272	0.01051	0.00620	0.00534
4	0.09686	0.01208	0.01323	0.01103	0.01442	0.01309	0.00880	0.37123	0.08236	0.10248	0.01843	0.16825	0.01617	0.01024	0.03267	0.00213	0.00555	0.00734	0.00548	0.00817
5	0.02332	0.00914	0.01244	0.00990	0.01381	0.00794	0.00802	0.02538	0.01569	0.67292	0.02369	0.11671	0.01713	0.00844	0.00595	0.00184	0.00467	0.00707	0.00686	0.00910
6	0.00708	0.00507	0.00674	0.00789	0.00832	0.00472	0.00532	0.00825	0.01148	0.01544	0.10474	0.71964	0.03945	0.01729	0.00725	0.00227	0.00326	0.01567	0.00541	0.00472
7	0.02358	0.01189	0.01446	0.01122	0.01560	0.01176	0.00922	0.25145	0.07531	0.48308	0.01987	0.01782	0.01303	0.00706	0.00575	0.00177	0.00529	0.00562	0.00656	0.00968

[dist]
# distance from previous block
# <min> <max>
0	1

[block]
# block no. 1 follows, 41 sequences, length 7
# corresponding to MSA columns:
# 770-776
name=unknown_B
#
# <colnr> <probs for GDERKNQSTAVLIFYWHMCP>
#	G	D	E	R	K	N	Q	S	T	A	V	L	I	F	Y	W	H	M	C	P
0	0.02566	0.00973	0.01327	0.01018	0.01460	0.00841	0.00841	0.02788	0.01637	0.76726	0.02257	0.01947	0.01416	0.00708	0.00575	0.00177	0.00487	0.00575	0.00708	0.00973
1	0.00984	0.00575	0.00770	0.00824	0.00926	0.00526	0.00578	0.01114	0.01212	0.12774	0.07999	0.62780	0.03539	0.01587	0.00703	0.00220	0.00351	0.01428	0.00564	0.00546
2	0.01131	0.00619	0.00651	0.00621	0.00776	0.00640	0.00475	0.06806	0.01291	0.02184	0.01804	0.02084	0.01426	0.00936	0.06128	0.00194	0.00388	0.00538	0.70744	0.00565
3	0.04078	0.07569	0.11646	0.05901	0.01862	0.09098	0.01179	0.39483	0.01981	0.02639	0.01198	0.01327	0.00896	0.00697	0.00619	0.04340	0.00679	0.00466	0.03518	0.00825
4	0.01115	0.02474	0.58819	0.01565	0.02280	0.01221	0.08472	0.01704	0.01282	0.01885	0.12256	0.01697	0.01436	0.00631	0.00575	0.00182	0.00770	0.00537	0.00304	0.00793
5	0.00899	0.00742	0.01235	0.01091	0.01246	0.00796	0.11649	0.01109	0.00968	0.01365	0.01523	0.02404	0.01460	0.16986	0.53012	0.00747	0.01276	0.00661	0.00311	0.00521
6	0.00864	0.00649	0.00947	0.00930	0.01028	0.00771	0.00728	0.01067	0.00936	0.01389	0.01504	0.02173	0.01388	0.03814	0.67106	0.00819	0.06553	0.00600	0.06216	0.00520

[dist]
# distance from previous block
# <min> <max>
9	13

[block]
# block no. 2 follows, 41 sequences, length 48
# corresponding to MSA columns:
# 790-837
name=unknown_C
#
# <colnr> <probs for GDERKNQSTAVLIFYWHMCP>
#	G	D	E	R	K	N	Q	S	T	A	V	L	I	F	Y	W	H	M	C	P
0	0.09835	0.04035	0.34639	0.01389	0.04620	0.01146	0.04780	0.01851	0.01310	0.15813	0.07503	0.07650	0.01491	0.00728	0.00566	0.00186	0.00650	0.00601	0.00405	0.00798
1	0.00720	0.00514	0.00680	0.00811	0.00847	0.00478	0.00541	0.00813	0.01109	0.01480	0.03167	0.79287	0.03793	0.01802	0.00739	0.00236	0.00340	0.01629	0.00538	0.00476
2	0.00803	0.00616	0.00735	0.00720	0.00878	0.00559	0.00546	0.01047	0.03128	0.01987	0.42420	0.07017	0.29981	0.01317	0.00691	0.00196	0.00308	0.05925	0.00590	0.00536
3	0.02935	0.01498	0.08978	0.08319	0.13943	0.01409	0.08558	0.21253	0.13214	0.02373	0.01358	0.01529	0.01035	0.00655	0.00622	0.02646	0.00657	0.00529	0.00414	0.08074
4	0.01375	0.01535	0.03031	0.04786	0.06827	0.04989	0.58950	0.01796	0.01340	0.01791	0.01216	0.04417	0.00984	0.00573	0.00712	0.00197	0.03734	0.00681	0.00303	0.00763
5	0.00848	0.00623	0.00904	0.00903	0.01002	0.00712	0.00691	0.01035	0.00936	0.01359	0.01579	0.02365	0.01491	0.08994	0.70330	0.00874	0.01436	0.00631	0.02774	0.00512
6	0.00791	0.00601	0.00731	0.00803	0.00899	0.00575	0.00560	0.01044	0.07960	0.01644	0.09147	0.54227	0.15639	0.01605	0.00712	0.00222	0.00339	0.01425	0.00550	0.00525
7	0.02211	0.01408	0.12295	0.01180	0.01673	0.01135	0.01080	0.18688	0.03338	0.45373	0.04267	0.01817	0.01370	0.00709	0.00582	0.00181	0.00570	0.00562	0.00611	0.00949
8	0.23414	0.09779	0.45840	0.01317	0.01978	0.01394	0.01552	0.01825	0.01173	0.05376	0.01020	0.01168	0.00749	0.00557	0.00486	0.00178	0.00705	0.00395	0.00301	0.00790
9	0.00720	0.00514	0.00680	0.00811	0.00847	0.00478	0.00541	0.00813	0.01109	0.01480	0.03167	0.79287	0.03793	0.01802	0.00739	0.00236	0.00340	0.01629	0.00538	0.00476
10	0.01392	0.01519	0.02722	0.17145	0.12650	0.08249	0.42664	0.01786	0.01331	0.01732	0.01113	0.01508	0.00863	0.00552	0.00661	0.01578	0.00892	0.00597	0.00289	0.00755
11	0.02169	0.01830	0.01723	0.01407	0.03378	0.16640	0.01113	0.58495	0.02458	0.03149	0.01291	0.01336	0.00945	0.00678	0.00570	0.00171	0.00716	0.00493	0.00518	0.00921
12	0.01333	0.01100	0.01296	0.00983	0.01421	0.00983	0.00789	0.05216	0.08079	0.04668	0.01196	0.01346	0.00968	0.00549	0.00599	0.00122	0.07929	0.00407	0.00385	0.60632
13	0.01198	0.02763	0.66100	0.01755	0.02561	0.01356	0.12504	0.01828	0.01241	0.01834	0.01067	0.01286	0.00766	0.00549	0.00571	0.00187	0.00869	0.00466	0.00256	0.00845
14	0.01087	0.02305	0.54765	0.01451	0.02095	0.01138	0.03349	0.01625	0.01278	0.01862	0.10523	0.06319	0.01716	0.00794	0.00604	0.00195	0.00727	0.07060	0.00339	0.00767
15	0.00886	0.00631	0.00861	0.00985	0.01088	0.00620	0.00808	0.01090	0.01253	0.01641	0.03013	0.23839	0.03362	0.05482	0.00888	0.00274	0.00489	0.51751	0.00525	0.00514
16	0.01476	0.01096	0.01206	0.01071	0.01382	0.01198	0.00834	0.02654	0.52464	0.12084	0.10392	0.02596	0.07256	0.00869	0.00606	0.00194	0.00434	0.00724	0.00606	0.00856
17	0.01102	0.01031	0.01728	0.78273	0.03946	0.01282	0.01595	0.01476	0.01157	0.01482	0.01038	0.01554	0.00783	0.00586	0.00581	0.00194	0.00769	0.00515	0.00262	0.00646
18	0.01173	0.00632	0.00641	0.00609	0.00769	0.00642	0.00463	0.06985	0.01328	0.02264	0.01846	0.02100	0.01446	0.00682	0.00423	0.00140	0.00303	0.00538	0.76435	0.00578
19	0.77371	0.01159	0.00924	0.00811	0.01174	0.01332	0.00665	0.07306	0.01120	0.02663	0.00863	0.00994	0.00668	0.00557	0.00381	0.00180	0.00464	0.00333	0.00378	0.00658
20	0.01170	0.00801	0.00874	0.00785	0.00899	0.00836	0.00525	0.17161	0.01287	0.01767	0.01731	0.03108	0.01800	0.55611	0.02189	0.00438	0.00554	0.00743	0.07209	0.00512
21	0.02376	0.01321	0.01547	0.01190	0.01641	0.01346	0.00980	0.40669	0.02205	0.37833	0.01807	0.01671	0.01200	0.00710	0.00583	0.00178	0.00569	0.00550	0.00642	0.00983
22	0.00929	0.00683	0.00876	0.05082	0.01146	0.00688	0.00685	0.09653	0.01314	0.01750	0.02832	0.61781	0.03268	0.01593	0.00714	0.00228	0.00409	0.05289	0.00527	0.00549
23	0.02583	0.00988	0.01341	0.01032	0.01475	0.00853	0.00849	0.02798	0.01649	0.76490	0.02274	0.01974	0.01434	0.00722	0.00584	0.00181	0.00494	0.00582	0.00714	0.00983
24	0.00720	0.00514	0.00680	0.00811	0.00847	0.00478	0.00541	0.00813	0.01109	0.01480	0.03167	0.79287	0.03793	0.01802	0.00739	0.00236	0.00340	0.01629	0.00538	0.00476
25	0.83677	0.01121	0.00856	0.00767	0.01122	0.01294	0.00629	0.01695	0.00987	0.02583	0.00819	0.00960	0.00641	0.00545	0.00364	0.00181	0.00450	0.00317	0.00361	0.00631
26	0.02182	0.00956	0.01201	0.00956	0.01329	0.00888	0.00777	0.09079	0.03795	0.51098	0.02108	0.01968	0.01414	0.00713	0.00545	0.00171	0.00457	0.00569	0.18909	0.00884
27	0.00726	0.00517	0.00678	0.00803	0.00837	0.00482	0.00532	0.00815	0.01096	0.01464	0.03103	0.75737	0.03714	0.05461	0.00841	0.00251	0.00350	0.01592	0.00529	0.00471
28	0.01207	0.01031	0.01201	0.00862	0.01371	0.00775	0.00687	0.01455	0.01199	0.01883	0.01038	0.01216	0.00868	0.00438	0.00433	0.00089	0.00431	0.00346	0.00346	0.83124
29	0.25781	0.02471	0.01513	0.16779	0.15880	0.01253	0.03114	0.06210	0.01278	0.07916	0.01159	0.01395	0.00888	0.00583	0.00517	0.00175	0.01845	0.00458	0.06304	0.04481
30	0.00895	0.00601	0.00674	0.00650	0.00700	0.00579	0.00389	0.00934	0.00921	0.01294	0.03937	0.03487	0.02064	0.66013	0.02490	0.00483	0.00522	0.00788	0.06742	0.05837
31	0.00800	0.00568	0.00753	0.00867	0.00929	0.00545	0.00636	0.00935	0.01157	0.01535	0.04441	0.49183	0.03515	0.09447	0.00970	0.00276	0.00417	0.22023	0.00520	0.00484
32	0.00865	0.00569	0.00714	0.00781	0.00877	0.00514	0.00540	0.00973	0.01180	0.07289	0.03549	0.56569	0.17232	0.04468	0.00795	0.00236	0.00352	0.01440	0.00545	0.00515
33	0.01393	0.01396	0.02178	0.23198	0.34702	0.06874	0.09963	0.03325	0.01295	0.01737	0.01055	0.01446	0.00859	0.00590	0.00699	0.00187	0.07503	0.00524	0.00288	0.00788
34	0.65190	0.01255	0.01017	0.00890	0.01250	0.04807	0.00721	0.09321	0.06926	0.02624	0.01000	0.01103	0.00769	0.00583	0.00411	0.00180	0.00497	0.00367	0.00399	0.00691
35	0.01213	0.01148	0.01931	0.47569	0.27061	0.01309	0.03101	0.01564	0.01217	0.01642	0.03278	0.01591	0.00969	0.00597	0.00630	0.00190	0.03441	0.00534	0.00283	0.00733
36	0.00726	0.00517	0.00678	0.00803	0.00837	0.00482	0.00532	0.00815	0.01096	0.01464	0.03104	0.75773	0.03714	0.05424	0.00840	0.00251	0.00350	0.01592	0.00529	0.00471
37	0.01352	0.01454	0.02939	0.10250	0.17020	0.01437	0.49477	0.01772	0.01311	0.01800	0.01130	0.01532	0.00879	0.00535	0.00708	0.00195	0.04507	0.00625	0.00290	0.00787
38	0.01331	0.01573	0.06666	0.02308	0.02874	0.01405	0.67212	0.01796	0.01344	0.01833	0.01266	0.05209	0.01018	0.00561	0.00680	0.00198	0.00935	0.00714	0.00306	0.00771
39	0.00771	0.00583	0.00711	0.00679	0.00831	0.00523	0.00509	0.01005	0.01528	0.02077	0.55723	0.04629	0.25837	0.01250	0.00675	0.00184	0.00276	0.01084	0.00601	0.00523
40	0.00703	0.00507	0.00655	0.00770	0.00814	0.00471	0.00514	0.00800	0.01097	0.01448	0.03283	0.69736	0.09259	0.05981	0.00844	0.00247	0.00341	0.01551	0.00521	0.00460
41	0.08387	0.04353	0.28592	0.01397	0.05897	0.01292	0.01364	0.08021	0.13050	0.19744	0.01525	0.01520	0.01069	0.00626	0.00539	0.00179	0.00633	0.00493	0.00443	0.00876
42	0.73186	0.01171	0.00956	0.00826	0.01194	0.01348	0.00681	0.11248	0.01199	0.02703	0.00872	0.00988	0.00666	0.00551	0.00383	0.00176	0.00467	0.00337	0.00383	0.00666
43	0.00718	0.00526	0.00721	0.05023	0.00999	0.00508	0.00588	0.00833	0.01098	0.01460	0.03036	0.75283	0.03619	0.01726	0.00721	0.00230	0.00355	0.01565	0.00516	0.00474
44	0.18014	0.01242	0.05690	0.29714	0.12095	0.01319	0.04608	0.04961	0.04850	0.03259	0.01197	0.01558	0.02149	0.00626	0.00608	0.00189	0.04908	0.01972	0.00328	0.00714
45	0.08273	0.01135	0.02940	0.06226	0.07881	0.01052	0.11520	0.02265	0.04870	0.38284	0.04095	0.01770	0.01294	0.00637	0.00566	0.00175	0.00579	0.00562	0.00521	0.05353
46	0.00991	0.00654	0.00842	0.00801	0.00964	0.00620	0.00621	0.01297	0.04855	0.08116	0.49511	0.04321	0.07141	0.05466	0.00801	0.00213	0.00349	0.11262	0.00600	0.00577
47	0.01288	0.01004	0.01057	0.00976	0.01233	0.01134	0.00750	0.02463	0.51527	0.02273	0.02250	0.06342	0.01782	0.00802	0.00542	0.00180	0.00397	0.00670	0.22549	0.00782

[dist]
# distance from previous block
# <min> <max>
0	1

[block]
# block no. 3 follows, 41 sequences, length 22
# corresponding to MSA columns:
# 839-860
name=unknown_D
#
# <colnr> <probs for GDERKNQSTAVLIFYWHMCP>
#	G	D	E	R	K	N	Q	S	T	A	V	L	I	F	Y	W	H	M	C	P
0	0.07137	0.01085	0.01451	0.13030	0.01790	0.01284	0.04027	0.07398	0.09797	0.08688	0.06676	0.05806	0.01471	0.00836	0.00914	0.00201	0.21370	0.00619	0.05716	0.00703
1	0.01026	0.00922	0.06618	0.00833	0.01097	0.00780	0.00697	0.02764	0.14987	0.06524	0.15783	0.03938	0.33903	0.06624	0.00796	0.00214	0.00395	0.00938	0.00534	0.00627
2	0.05425	0.04692	0.01550	0.03420	0.01651	0.01507	0.00972	0.40984	0.13747	0.08934	0.01531	0.01524	0.01111	0.00665	0.00539	0.00167	0.00556	0.00511	0.03853	0.06660
3	0.03860	0.01248	0.01868	0.01351	0.01868	0.01109	0.21602	0.11434	0.01430	0.02112	0.01098	0.01305	0.00863	0.00479	0.00513	0.00130	0.00605	0.00457	0.00357	0.46310
4	0.03689	0.01887	0.26819	0.05469	0.41285	0.02788	0.04869	0.01764	0.01264	0.01841	0.01085	0.01427	0.00871	0.00544	0.00561	0.00177	0.00746	0.01789	0.00275	0.00851
5	0.08150	0.49288	0.17649	0.01124	0.01657	0.05294	0.01179	0.01841	0.04742	0.03137	0.00950	0.01062	0.00786	0.00526	0.00423	0.00144	0.00654	0.00355	0.00281	0.00757
6	0.14137	0.00860	0.06933	0.00833	0.01052	0.00727	0.00712	0.01222	0.01417	0.02185	0.46134	0.09379	0.03952	0.01099	0.00627	0.00191	0.00371	0.07062	0.00538	0.00570
7	0.06562	0.01723	0.01608	0.01295	0.01706	0.14344	0.01045	0.50885	0.10085	0.03053	0.01361	0.01372	0.00996	0.00671	0.00552	0.00170	0.00668	0.00493	0.00515	0.00895
8	0.00811	0.00546	0.00630	0.00650	0.00655	0.00541	0.00374	0.00826	0.00871	0.01162	0.02005	0.15150	0.02336	0.68141	0.02583	0.00506	0.00521	0.00951	0.00374	0.00364
9	0.07810	0.01039	0.01255	0.01023	0.01414	0.01021	0.00826	0.02675	0.22475	0.45467	0.05472	0.02017	0.01621	0.00729	0.00563	0.00180	0.00463	0.00592	0.00636	0.02721
10	0.01182	0.06092	0.66969	0.01675	0.02481	0.01379	0.08776	0.01809	0.01219	0.01794	0.01029	0.01227	0.00738	0.00535	0.00548	0.00180	0.00847	0.00441	0.00246	0.00834
11	0.05873	0.01280	0.01493	0.01149	0.01595	0.01306	0.00949	0.37003	0.02112	0.38568	0.01771	0.01629	0.01170	0.00690	0.00564	0.00174	0.00553	0.00535	0.00628	0.00958
12	0.01080	0.01017	0.01716	0.78523	0.03940	0.01271	0.01589	0.01461	0.01144	0.01461	0.01017	0.01525	0.00762	0.00572	0.00572	0.00191	0.00762	0.00508	0.00254	0.00635
13	0.01158	0.01071	0.01762	0.69115	0.09341	0.01302	0.01577	0.04983	0.01230	0.01595	0.01038	0.01509	0.00783	0.00573	0.00571	0.00188	0.00750	0.00509	0.00272	0.00672
14	0.01529	0.80242	0.02997	0.00979	0.01468	0.02263	0.00979	0.01713	0.01162	0.01346	0.00795	0.00918	0.00734	0.00489	0.00367	0.00122	0.00612	0.00306	0.00245	0.00734
15	0.22264	0.01098	0.01250	0.00984	0.01409	0.01080	0.00810	0.12056	0.03060	0.42079	0.01696	0.01572	0.01129	0.00643	0.00510	0.00170	0.00490	0.00487	0.00575	0.06636
16	0.00871	0.00561	0.00733	0.00781	0.00882	0.00513	0.00551	0.01020	0.01268	0.07724	0.19012	0.51387	0.09440	0.01544	0.00701	0.00214	0.00328	0.01382	0.00567	0.00523
17	0.01297	0.01215	0.01928	0.23757	0.41789	0.01312	0.01527	0.01841	0.12861	0.01826	0.01431	0.01710	0.03791	0.00603	0.00574	0.00180	0.00652	0.00557	0.00331	0.00815
18	0.02515	0.01055	0.01378	0.01057	0.01501	0.00962	0.00873	0.12131	0.01774	0.67189	0.02141	0.01872	0.01358	0.00705	0.00575	0.00176	0.00505	0.00567	0.00690	0.00973
19	0.00703	0.00586	0.00617	0.00625	0.00810	0.00500	0.00480	0.00864	0.01322	0.01599	0.09390	0.05514	0.66375	0.01444	0.00685	0.00198	0.00308	0.06953	0.00536	0.00489
20	0.02228	0.01164	0.01412	0.01096	0.01526	0.01135	0.00896	0.25656	0.03967	0.42522	0.01928	0.05210	0.01349	0.00732	0.00571	0.00172	0.00520	0.00589	0.00627	0.06699
21	0.03491	0.01288	0.05027	0.37062	0.09964	0.01323	0.24354	0.03708	0.01273	0.01731	0.01161	0.01710	0.00923	0.00585	0.00607	0.00191	0.00798	0.03795	0.00292	0.00715

[dist]
# distance from previous block
# <min> <max>
0	441

# created by:
# /software/SequenceAnalysis/GenePrediction/augustus/3.0.1/scripts/msa2prfl.pl ./fixed/BUSCOvEOG7H47H2.fas
