[name]
unknown

[dist]
# distance from previous block
# <min> <max>
43	532

[block]
# block no. 0 follows, 40 sequences, length 11
# corresponding to MSA columns:
# 686-696
name=unknown_A
#
# <colnr> <probs for GDERKNQSTAVLIFYWHMCP>
#	G	D	E	R	K	N	Q	S	T	A	V	L	I	F	Y	W	H	M	C	P
0	0.04666	0.01953	0.34131	0.07214	0.02177	0.01280	0.06350	0.12061	0.05449	0.04854	0.01529	0.10202	0.01308	0.00771	0.00594	0.00194	0.00708	0.03375	0.00382	0.00800
1	0.07129	0.17033	0.24842	0.01348	0.01855	0.27378	0.01343	0.04056	0.01419	0.01748	0.05930	0.01306	0.01060	0.00604	0.00506	0.00161	0.00806	0.00425	0.00309	0.00743
2	0.13366	0.01424	0.04476	0.01324	0.08106	0.06194	0.01001	0.31248	0.04871	0.02754	0.09418	0.01921	0.05507	0.00744	0.00552	0.00175	0.00568	0.00581	0.04965	0.00806
3	0.09374	0.27874	0.08573	0.01092	0.01506	0.03494	0.05829	0.01773	0.05673	0.07501	0.19609	0.02003	0.02031	0.00714	0.00519	0.00164	0.00557	0.00573	0.00416	0.00725
4	0.01339	0.01022	0.03461	0.01356	0.07837	0.00963	0.05261	0.01760	0.08907	0.12479	0.06635	0.04603	0.03377	0.01009	0.00722	0.00204	0.04777	0.23086	0.00492	0.10710
5	0.39111	0.15433	0.08019	0.00894	0.01243	0.01272	0.00809	0.01505	0.01115	0.02070	0.06314	0.16942	0.01633	0.00835	0.00478	0.00182	0.00484	0.00643	0.00384	0.00634
6	0.01974	0.07445	0.12678	0.01342	0.01789	0.36245	0.01179	0.05644	0.03245	0.15129	0.01232	0.01289	0.00914	0.00604	0.00526	0.00156	0.00813	0.00427	0.00387	0.06980
7	0.03520	0.31367	0.12734	0.01218	0.01704	0.19238	0.01152	0.08282	0.01469	0.05814	0.03086	0.01210	0.00940	0.00575	0.00475	0.00147	0.00724	0.00399	0.00334	0.05610
8	0.01419	0.01649	0.25257	0.01299	0.04566	0.01132	0.01252	0.04363	0.18530	0.13644	0.11015	0.02311	0.07793	0.00787	0.00593	0.00185	0.00571	0.00652	0.00486	0.02497
9	0.02274	0.01694	0.01575	0.01274	0.01682	0.20241	0.01021	0.33339	0.02106	0.24226	0.01586	0.03708	0.01142	0.00712	0.00573	0.00172	0.00691	0.00537	0.00551	0.00896
10	0.08022	0.01336	0.01316	0.01080	0.01470	0.10484	0.00860	0.13363	0.15140	0.19405	0.01789	0.01739	0.03527	0.00679	0.00532	0.00163	0.00548	0.00524	0.04800	0.13223

[dist]
# distance from previous block
# <min> <max>
10	31

[block]
# block no. 1 follows, 40 sequences, length 8
# corresponding to MSA columns:
# 740-747
name=unknown_B
#
# <colnr> <probs for GDERKNQSTAVLIFYWHMCP>
#	G	D	E	R	K	N	Q	S	T	A	V	L	I	F	Y	W	H	M	C	P
0	0.01306	0.01676	0.13228	0.13832	0.07256	0.01422	0.48919	0.01798	0.01318	0.01805	0.01132	0.01511	0.00848	0.00514	0.00646	0.00193	0.00916	0.00616	0.00282	0.00782
1	0.01740	0.06329	0.02018	0.10493	0.30759	0.31699	0.01424	0.05564	0.01498	0.01723	0.01009	0.01265	0.00830	0.00565	0.00545	0.00163	0.00836	0.00449	0.00302	0.00787
2	0.06888	0.00844	0.01122	0.17893	0.01705	0.00922	0.00878	0.04679	0.01258	0.01813	0.12427	0.25902	0.04005	0.02758	0.00778	0.00207	0.06859	0.00936	0.00437	0.07688
3	0.39139	0.17812	0.06891	0.01002	0.01426	0.03702	0.00914	0.10306	0.01327	0.06859	0.03026	0.01184	0.00893	0.00595	0.00474	0.00169	0.02775	0.00391	0.00380	0.00734
4	0.01238	0.01373	0.06586	0.27705	0.03037	0.01278	0.32224	0.01662	0.01264	0.01740	0.01095	0.01478	0.00834	0.00514	0.00597	0.00175	0.00805	0.00553	0.00288	0.15553
5	0.01410	0.01152	0.01457	0.01063	0.01559	0.00986	0.06736	0.12692	0.01459	0.04656	0.01170	0.01375	0.00943	0.03050	0.00562	0.00127	0.00514	0.00424	0.00390	0.58273
6	0.01280	0.00888	0.01059	0.03331	0.01261	0.00905	0.00745	0.18305	0.05126	0.06719	0.05802	0.37642	0.02601	0.01226	0.00643	0.00198	0.00436	0.01071	0.05222	0.05537
7	0.01543	0.01529	0.07510	0.09102	0.48951	0.05015	0.05144	0.05245	0.01412	0.07226	0.01180	0.01457	0.00926	0.00551	0.00578	0.00176	0.00725	0.00518	0.00328	0.00884

[dist]
# distance from previous block
# <min> <max>
11	32

[block]
# block no. 2 follows, 40 sequences, length 24
# corresponding to MSA columns:
# 783-806
name=unknown_C
#
# <colnr> <probs for GDERKNQSTAVLIFYWHMCP>
#	G	D	E	R	K	N	Q	S	T	A	V	L	I	F	Y	W	H	M	C	P
0	0.01471	0.58302	0.02680	0.01377	0.13187	0.03647	0.01073	0.01681	0.01235	0.01490	0.02935	0.01428	0.06253	0.00589	0.00438	0.00139	0.00611	0.00428	0.00286	0.00749
1	0.01429	0.57288	0.12299	0.01010	0.01498	0.01899	0.01054	0.01693	0.01194	0.01557	0.01011	0.01167	0.00863	0.00533	0.00402	0.00134	0.00598	0.00363	0.13280	0.00729
2	0.01342	0.01148	0.01242	0.01095	0.01432	0.01245	0.00847	0.02609	0.55593	0.02257	0.02201	0.08491	0.01788	0.00812	0.00576	0.00181	0.00445	0.00686	0.00543	0.15467
3	0.01157	0.01035	0.01157	0.01148	0.04097	0.11466	0.00855	0.07396	0.01200	0.01576	0.01435	0.02005	0.01296	0.03382	0.57182	0.00732	0.01376	0.00576	0.00332	0.00596
4	0.08176	0.01161	0.01882	0.45901	0.28583	0.01324	0.01590	0.01608	0.01204	0.01723	0.01036	0.01461	0.00813	0.00556	0.00561	0.00185	0.00719	0.00500	0.00277	0.00740
5	0.14780	0.01393	0.01604	0.21355	0.02272	0.01591	0.01164	0.43606	0.02047	0.02928	0.01209	0.01365	0.00876	0.00643	0.00547	0.00180	0.00645	0.00489	0.00462	0.00842
6	0.01159	0.01085	0.01830	0.55223	0.20579	0.01272	0.01591	0.01523	0.01184	0.01573	0.01085	0.01577	0.00858	0.00837	0.06074	0.00242	0.00812	0.00525	0.00269	0.00701
7	0.00709	0.00506	0.00675	0.00810	0.00843	0.00472	0.00540	0.00810	0.01113	0.01484	0.03205	0.79184	0.03846	0.01822	0.00742	0.00236	0.00337	0.01653	0.00540	0.00472
8	0.01098	0.01034	0.01744	0.78165	0.04005	0.01292	0.01615	0.01486	0.01163	0.01486	0.01034	0.01550	0.00775	0.00581	0.00581	0.00194	0.00775	0.00517	0.00258	0.00646
9	0.01406	0.13924	0.03294	0.02301	0.08018	0.01595	0.57164	0.01838	0.01339	0.01787	0.01112	0.01459	0.00864	0.00493	0.00629	0.00183	0.00903	0.00615	0.00287	0.00788
10	0.01096	0.00956	0.01554	0.65910	0.03480	0.01174	0.01424	0.01465	0.01172	0.01593	0.01170	0.01648	0.00888	0.00597	0.00554	0.00185	0.00696	0.00521	0.13289	0.00630
11	0.01857	0.01367	0.01508	0.01221	0.01587	0.01502	0.00984	0.56292	0.02327	0.03126	0.01695	0.13752	0.01479	0.01184	0.07071	0.00248	0.00670	0.00710	0.00552	0.00868
12	0.00811	0.00597	0.00762	0.00743	0.00885	0.00549	0.00566	0.01062	0.01561	0.02153	0.57866	0.06833	0.14911	0.01281	0.00698	0.00193	0.00301	0.07075	0.00615	0.00537
13	0.17265	0.01782	0.01421	0.06721	0.01734	0.30963	0.00991	0.09736	0.05711	0.13546	0.03902	0.01426	0.01087	0.00647	0.00523	0.00170	0.00729	0.00462	0.00431	0.00755
14	0.01209	0.02751	0.64837	0.01959	0.14108	0.01355	0.02091	0.01833	0.01243	0.01851	0.01052	0.01261	0.00766	0.00547	0.00556	0.00182	0.00833	0.00444	0.00252	0.00869
15	0.83671	0.01125	0.00855	0.00765	0.01125	0.01305	0.00630	0.01709	0.00990	0.02609	0.00810	0.00945	0.00630	0.00540	0.00360	0.00180	0.00450	0.00315	0.00360	0.00630
16	0.70298	0.03855	0.00995	0.00808	0.01184	0.01281	0.00672	0.01856	0.01084	0.12125	0.01002	0.01078	0.00739	0.00562	0.00389	0.00178	0.00462	0.00350	0.00403	0.00680
17	0.00831	0.00623	0.00935	0.00935	0.01038	0.00727	0.00727	0.01038	0.00935	0.01350	0.01558	0.02285	0.01454	0.04361	0.77259	0.00935	0.01558	0.00623	0.00312	0.00519
18	0.01067	0.00666	0.00754	0.00689	0.00927	0.00566	0.00532	0.01243	0.01425	0.15866	0.12843	0.04772	0.53896	0.01299	0.00668	0.00192	0.00330	0.01086	0.00585	0.00592
19	0.01073	0.00976	0.01617	0.65994	0.03563	0.01194	0.01508	0.01441	0.01191	0.01526	0.01357	0.02341	0.01181	0.00743	0.00616	0.00205	0.00737	0.11806	0.00302	0.00629
20	0.00709	0.00506	0.00675	0.00810	0.00843	0.00472	0.00540	0.00810	0.01113	0.01484	0.03205	0.79184	0.03846	0.01822	0.00742	0.00236	0.00337	0.01653	0.00540	0.00472
21	0.01272	0.01272	0.01781	0.01527	0.01527	0.01781	0.01272	0.01399	0.00891	0.01399	0.00763	0.01272	0.00763	0.01018	0.01908	0.00254	0.78499	0.00509	0.00254	0.00636
22	0.01254	0.01140	0.01891	0.14693	0.45020	0.01181	0.01536	0.01586	0.01302	0.01793	0.01604	0.02797	0.01533	0.00813	0.00636	0.00201	0.00663	0.19232	0.00348	0.00777
23	0.83671	0.01125	0.00855	0.00765	0.01125	0.01305	0.00630	0.01709	0.00990	0.02609	0.00810	0.00945	0.00630	0.00540	0.00360	0.00180	0.00450	0.00315	0.00360	0.00630

[dist]
# distance from previous block
# <min> <max>
34	81

[block]
# block no. 3 follows, 40 sequences, length 58
# corresponding to MSA columns:
# 896-953
name=unknown_D
#
# <colnr> <probs for GDERKNQSTAVLIFYWHMCP>
#	G	D	E	R	K	N	Q	S	T	A	V	L	I	F	Y	W	H	M	C	P
0	0.09948	0.02227	0.45216	0.01505	0.04776	0.01239	0.01625	0.01858	0.01403	0.07723	0.14503	0.02016	0.01769	0.00772	0.00621	0.00209	0.00720	0.00591	0.00416	0.00862
1	0.01526	0.11366	0.56798	0.01597	0.02358	0.01508	0.01890	0.05508	0.01422	0.08259	0.01284	0.01467	0.00949	0.00664	0.00598	0.00203	0.00833	0.00482	0.00353	0.00934
2	0.14165	0.01234	0.04992	0.01129	0.01554	0.01111	0.00939	0.04192	0.11815	0.43837	0.06765	0.02139	0.01704	0.00817	0.00619	0.00209	0.00540	0.00620	0.00659	0.00960
3	0.01859	0.01980	0.21102	0.01612	0.02189	0.01590	0.11400	0.35518	0.03512	0.04716	0.03564	0.01679	0.01194	0.00730	0.00646	0.00203	0.00762	0.00579	0.00494	0.04669
4	0.01383	0.01314	0.01780	0.01544	0.01559	0.01752	0.01253	0.01458	0.00984	0.01518	0.00995	0.01662	0.01004	0.06990	0.02017	0.00302	0.70902	0.00580	0.00313	0.00690
5	0.01634	0.01431	0.02271	0.05404	0.61930	0.01426	0.01694	0.02034	0.07537	0.06198	0.01408	0.01729	0.01153	0.00651	0.00639	0.00202	0.00708	0.00579	0.00387	0.00985
6	0.01084	0.00542	0.00542	0.00542	0.00678	0.00542	0.00407	0.01355	0.01220	0.02168	0.01897	0.02168	0.01491	0.00678	0.00407	0.00136	0.00271	0.00542	0.82791	0.00542
7	0.45529	0.01436	0.01264	0.01176	0.05954	0.11294	0.00883	0.13232	0.03332	0.06614	0.01052	0.01161	0.00799	0.00605	0.00505	0.00178	0.03443	0.00399	0.00405	0.00738
8	0.01192	0.08662	0.66895	0.05849	0.02523	0.01419	0.02033	0.01814	0.01221	0.01786	0.01025	0.01224	0.00740	0.00550	0.00541	0.00180	0.00837	0.00426	0.00247	0.00839
9	0.01084	0.00542	0.00542	0.00542	0.00678	0.00542	0.00407	0.01355	0.01220	0.02168	0.01897	0.02168	0.01491	0.00678	0.00407	0.00136	0.00271	0.00542	0.82791	0.00542
10	0.83671	0.01125	0.00855	0.00765	0.01125	0.01305	0.00630	0.01709	0.00990	0.02609	0.00810	0.00945	0.00630	0.00540	0.00360	0.00180	0.00450	0.00315	0.00360	0.00630
11	0.01023	0.00683	0.00951	0.01049	0.01201	0.00673	0.00910	0.01289	0.01375	0.05910	0.07306	0.06175	0.03367	0.01533	0.00784	0.00258	0.00518	0.63884	0.00552	0.00561
12	0.01052	0.03028	0.00989	0.00854	0.01048	0.00799	0.00668	0.11246	0.03416	0.02376	0.50429	0.05644	0.06958	0.02717	0.00716	0.00196	0.00367	0.06282	0.00600	0.00615
13	0.00846	0.00564	0.00634	0.00634	0.00634	0.00564	0.00352	0.00846	0.00846	0.01128	0.01832	0.03805	0.02114	0.79563	0.02960	0.00564	0.00564	0.00846	0.00352	0.00352
14	0.01364	0.01542	0.03323	0.02373	0.02958	0.01437	0.70250	0.01843	0.01364	0.01864	0.01169	0.01551	0.00881	0.00487	0.00674	0.00191	0.00954	0.00670	0.00297	0.04807
15	0.01127	0.01060	0.01773	0.71885	0.08364	0.01301	0.01610	0.01540	0.02803	0.01532	0.01067	0.01557	0.00806	0.00582	0.00581	0.00193	0.00763	0.00520	0.00268	0.00669
16	0.01098	0.01034	0.01744	0.78165	0.04005	0.01292	0.01615	0.01486	0.01163	0.01486	0.01034	0.01550	0.00775	0.00581	0.00581	0.00194	0.00775	0.00517	0.00258	0.00646
17	0.00847	0.00615	0.00894	0.00894	0.00994	0.00707	0.00686	0.01047	0.00947	0.01388	0.01594	0.02362	0.01493	0.08304	0.68425	0.00865	0.01424	0.00630	0.05375	0.00511
18	0.02443	0.01103	0.01401	0.01091	0.01531	0.01042	0.00896	0.12715	0.08788	0.59232	0.02177	0.01917	0.01409	0.00723	0.00585	0.00181	0.00512	0.00583	0.00688	0.00983
19	0.00720	0.00511	0.00671	0.00795	0.00825	0.00480	0.00524	0.00813	0.01090	0.01454	0.03086	0.72660	0.03696	0.08550	0.00934	0.00265	0.00357	0.01583	0.00524	0.00462
20	0.00687	0.00589	0.00589	0.00589	0.00785	0.00491	0.00442	0.00835	0.01325	0.01571	0.05891	0.05596	0.75700	0.01473	0.00687	0.00196	0.00295	0.01227	0.00540	0.00491
21	0.00986	0.00735	0.01051	0.01258	0.06730	0.00739	0.00999	0.01290	0.02993	0.01768	0.02916	0.06083	0.03132	0.01508	0.00782	0.00259	0.00545	0.65136	0.00518	0.00573
22	0.01272	0.01272	0.01781	0.01527	0.01527	0.01781	0.01272	0.01399	0.00891	0.01399	0.00763	0.01272	0.00763	0.01018	0.01908	0.00254	0.78499	0.00509	0.00254	0.00636
23	0.01483	0.01208	0.01475	0.01594	0.15714	0.01314	0.01062	0.07869	0.41812	0.06429	0.02346	0.02458	0.07080	0.00822	0.00606	0.00194	0.00512	0.04614	0.00533	0.00877
24	0.00717	0.00513	0.00682	0.00804	0.00845	0.00478	0.00540	0.00831	0.01153	0.01548	0.08633	0.73575	0.03969	0.01774	0.00738	0.00232	0.00333	0.01608	0.00547	0.00478
25	0.01393	0.01333	0.02252	0.03387	0.71324	0.01327	0.01702	0.01726	0.01324	0.01880	0.01388	0.01694	0.05510	0.00577	0.00583	0.00174	0.00667	0.00562	0.00303	0.00895
26	0.01272	0.01272	0.01781	0.01527	0.01527	0.01781	0.01272	0.01399	0.00891	0.01399	0.00763	0.01272	0.00763	0.01018	0.01908	0.00254	0.78499	0.00509	0.00254	0.00636
27	0.01166	0.03008	0.76550	0.01657	0.02517	0.01351	0.02149	0.01842	0.01228	0.01842	0.01044	0.01228	0.00737	0.00552	0.00552	0.00184	0.00859	0.00430	0.00246	0.00859
28	0.01198	0.01135	0.01924	0.56369	0.25022	0.01318	0.01665	0.01573	0.01210	0.01607	0.01051	0.01518	0.00818	0.00563	0.00580	0.00188	0.00751	0.00517	0.00267	0.00726
29	0.02394	0.01156	0.01431	0.01117	0.01556	0.01125	0.00916	0.18229	0.10000	0.52464	0.02108	0.01874	0.01379	0.00723	0.00585	0.00181	0.00522	0.00580	0.00676	0.00982
30	0.01183	0.01121	0.01898	0.59520	0.21984	0.01314	0.01657	0.01560	0.01203	0.01589	0.01049	0.01523	0.00812	0.00566	0.00580	0.00189	0.00754	0.00517	0.00266	0.00715
31	0.08945	0.50943	0.11122	0.01050	0.01550	0.04649	0.01061	0.01799	0.01229	0.06924	0.01228	0.01307	0.04951	0.00582	0.00431	0.00145	0.00623	0.00398	0.00310	0.00750
32	0.00833	0.00615	0.00895	0.00895	0.00986	0.00706	0.00678	0.01013	0.00923	0.01321	0.01593	0.02483	0.01540	0.14178	0.67560	0.00886	0.01428	0.00652	0.00317	0.00497
33	0.01439	0.01382	0.02360	0.03569	0.75936	0.01382	0.01785	0.01785	0.01324	0.01900	0.01094	0.01439	0.00921	0.00518	0.00576	0.00173	0.00691	0.00518	0.00288	0.00921
34	0.01084	0.00542	0.00542	0.00542	0.00678	0.00542	0.00407	0.01355	0.01220	0.02168	0.01897	0.02168	0.01491	0.00678	0.00407	0.00136	0.00271	0.00542	0.82791	0.00542
35	0.01424	0.01163	0.01323	0.00965	0.01471	0.00999	0.00779	0.17222	0.01538	0.02279	0.01112	0.01247	0.00889	0.00489	0.00463	0.00105	0.00476	0.00383	0.00396	0.65276
36	0.00707	0.00511	0.00670	0.00797	0.00840	0.00473	0.00534	0.00811	0.01125	0.01489	0.03354	0.75093	0.07841	0.01802	0.00739	0.00234	0.00335	0.01629	0.00540	0.00473
37	0.01084	0.00542	0.00542	0.00542	0.00678	0.00542	0.00407	0.01355	0.01220	0.02168	0.01897	0.02168	0.01491	0.00678	0.00407	0.00136	0.00271	0.00542	0.82791	0.00542
38	0.01586	0.01652	0.06690	0.02806	0.49748	0.09850	0.01597	0.09616	0.07017	0.02071	0.01197	0.01433	0.00962	0.00569	0.00570	0.00173	0.00718	0.00508	0.00341	0.00897
39	0.01439	0.01382	0.02360	0.03569	0.75936	0.01382	0.01785	0.01785	0.01324	0.01900	0.01094	0.01439	0.00921	0.00518	0.00576	0.00173	0.00691	0.00518	0.00288	0.00921
40	0.01276	0.02241	0.37592	0.02080	0.02795	0.01414	0.40338	0.01853	0.01305	0.01853	0.01114	0.01409	0.00814	0.00519	0.00624	0.00191	0.00924	0.00566	0.00271	0.00819
41	0.00846	0.00564	0.00634	0.00634	0.00634	0.00564	0.00352	0.00846	0.00846	0.01128	0.01832	0.03805	0.02114	0.79563	0.02960	0.00564	0.00564	0.00846	0.00352	0.00352
42	0.01506	0.01653	0.03476	0.02511	0.03100	0.01537	0.72266	0.01948	0.01454	0.01986	0.01312	0.01753	0.01013	0.00584	0.00742	0.00221	0.01017	0.00726	0.00342	0.00853
43	0.00976	0.00728	0.01034	0.01028	0.01144	0.00809	0.00786	0.01142	0.01026	0.01484	0.01685	0.02453	0.01572	0.04370	0.75621	0.00943	0.01581	0.00664	0.00359	0.00593
44	0.07451	0.01446	0.01661	0.08547	0.01968	0.01518	0.01105	0.41280	0.02230	0.23723	0.01706	0.01733	0.01200	0.00772	0.00627	0.00204	0.00644	0.00570	0.00617	0.00998
45	0.02715	0.01086	0.01440	0.01126	0.01580	0.00934	0.00911	0.02898	0.01740	0.74814	0.02405	0.02154	0.01558	0.00809	0.00643	0.00205	0.00542	0.00627	0.00758	0.01053
46	0.02326	0.01712	0.01827	0.01423	0.01892	0.01862	0.01156	0.72487	0.02786	0.03748	0.01527	0.01584	0.01117	0.00787	0.00640	0.00200	0.00684	0.00567	0.00623	0.01053
47	0.00857	0.00614	0.00780	0.00906	0.00953	0.00560	0.00603	0.00919	0.01201	0.01616	0.03296	0.77651	0.03911	0.01886	0.00797	0.00260	0.00388	0.01672	0.00582	0.00548
48	0.01251	0.01155	0.01908	0.72874	0.03998	0.01371	0.05161	0.01598	0.01260	0.01635	0.01179	0.01736	0.00914	0.00669	0.00645	0.00219	0.00826	0.00569	0.00309	0.00724
49	0.07689	0.01095	0.01410	0.01109	0.01558	0.00962	0.00897	0.02829	0.01698	0.70290	0.02314	0.02091	0.01508	0.00798	0.00629	0.00205	0.00539	0.00610	0.00736	0.01031
50	0.01408	0.01363	0.01862	0.01607	0.01621	0.01840	0.01319	0.01495	0.00983	0.01533	0.00908	0.01463	0.00897	0.01100	0.01937	0.00278	0.76821	0.00553	0.00303	0.00708
51	0.01012	0.00726	0.00890	0.01007	0.01068	0.00653	0.00669	0.01033	0.01293	0.01753	0.03390	0.76047	0.03980	0.01954	0.00854	0.00285	0.00441	0.01691	0.00627	0.00626
52	0.01382	0.00884	0.00980	0.00900	0.01158	0.00748	0.00669	0.01477	0.01601	0.16442	0.13918	0.04933	0.49446	0.01439	0.00782	0.00242	0.00436	0.01138	0.00674	0.00748
53	0.01384	0.01230	0.01911	0.74861	0.04086	0.01435	0.01696	0.01678	0.01340	0.01754	0.01317	0.01928	0.01048	0.00769	0.00701	0.00245	0.00859	0.00606	0.00358	0.00792
54	0.01551	0.01458	0.01947	0.01691	0.01720	0.01902	0.01369	0.01596	0.01080	0.01672	0.01059	0.01662	0.01037	0.01186	0.01968	0.00303	0.75064	0.00599	0.00354	0.00783
55	0.01839	0.01483	0.01803	0.01976	0.20739	0.01559	0.01264	0.08176	0.43337	0.06843	0.02188	0.02264	0.01706	0.00888	0.00705	0.00239	0.00632	0.00691	0.00605	0.01063
56	0.01458	0.01343	0.02193	0.54523	0.09205	0.01494	0.11691	0.01748	0.01366	0.01833	0.01326	0.01907	0.01073	0.00776	0.00788	0.00247	0.05202	0.00629	0.00365	0.00831
57	0.01677	0.01567	0.02591	0.07823	0.48621	0.01537	0.15765	0.02058	0.07006	0.02157	0.01482	0.01909	0.01235	0.00728	0.00718	0.00232	0.00822	0.00651	0.00408	0.01011

[dist]
# distance from previous block
# <min> <max>
0	3

[block]
# block no. 4 follows, 40 sequences, length 10
# corresponding to MSA columns:
# 957-966
name=unknown_E
#
# <colnr> <probs for GDERKNQSTAVLIFYWHMCP>
#	G	D	E	R	K	N	Q	S	T	A	V	L	I	F	Y	W	H	M	C	P
0	0.11179	0.01535	0.01526	0.05449	0.06961	0.11544	0.01062	0.22767	0.25220	0.04561	0.01557	0.01572	0.01163	0.00678	0.00552	0.00180	0.00622	0.00524	0.00488	0.00861
1	0.01788	0.07790	0.22361	0.01655	0.10456	0.01668	0.01460	0.40647	0.02046	0.02794	0.01222	0.01321	0.00894	0.00623	0.00558	0.00173	0.00704	0.00482	0.00431	0.00928
2	0.01708	0.01245	0.01832	0.01404	0.01812	0.01254	0.18292	0.23508	0.06705	0.14984	0.18595	0.02262	0.02123	0.00771	0.00632	0.00184	0.00601	0.00703	0.00550	0.00835
3	0.01593	0.01620	0.10169	0.19658	0.02318	0.08109	0.01271	0.23501	0.11457	0.02350	0.01308	0.01461	0.00976	0.00623	0.00555	0.00170	0.00683	0.00493	0.00412	0.11272
4	0.01955	0.01200	0.01396	0.01104	0.01498	0.01224	0.00896	0.31391	0.07505	0.23565	0.15166	0.02141	0.01982	0.00784	0.00593	0.00174	0.00508	0.00636	0.00618	0.05663
5	0.02125	0.01736	0.01541	0.01254	0.01665	0.23895	0.00996	0.24345	0.06301	0.18763	0.01462	0.01446	0.01049	0.00648	0.00548	0.00159	0.00695	0.00480	0.00501	0.10388
6	0.01812	0.01169	0.01342	0.01099	0.01446	0.01229	0.00878	0.31040	0.11736	0.17507	0.14616	0.07657	0.02184	0.02727	0.00669	0.00194	0.00501	0.00731	0.00612	0.00853
7	0.01786	0.07986	0.01391	0.01036	0.01393	0.01151	0.00840	0.02542	0.28788	0.29924	0.14451	0.02353	0.02180	0.00804	0.00586	0.00182	0.00456	0.00666	0.00617	0.00869
8	0.09059	0.01490	0.10097	0.06747	0.06123	0.01368	0.01155	0.27923	0.05685	0.13375	0.01431	0.01487	0.01023	0.00635	0.00542	0.00171	0.00601	0.00496	0.03291	0.07298
9	0.01541	0.01709	0.10937	0.01454	0.09806	0.20318	0.01122	0.04443	0.10820	0.07187	0.13072	0.02154	0.06711	0.00760	0.00579	0.00170	0.00652	0.00613	0.00439	0.05513

[dist]
# distance from previous block
# <min> <max>
2	19

[block]
# block no. 5 follows, 40 sequences, length 41
# corresponding to MSA columns:
# 986-1026
name=unknown_F
#
# <colnr> <probs for GDERKNQSTAVLIFYWHMCP>
#	G	D	E	R	K	N	Q	S	T	A	V	L	I	F	Y	W	H	M	C	P
0	0.04705	0.14334	0.05238	0.01237	0.01722	0.01731	0.01085	0.47993	0.02217	0.10265	0.01345	0.01351	0.00968	0.00650	0.00536	0.00165	0.00622	0.00480	0.00513	0.02844
1	0.02093	0.05297	0.01820	0.01337	0.01795	0.01637	0.05888	0.48254	0.10323	0.13172	0.01581	0.01549	0.01117	0.00687	0.00580	0.00177	0.00622	0.00547	0.00566	0.00956
2	0.01502	0.02195	0.45883	0.01511	0.05665	0.01189	0.01648	0.05465	0.01439	0.17794	0.08697	0.01714	0.01376	0.00656	0.00575	0.00182	0.00705	0.00533	0.00404	0.00866
3	0.01606	0.01344	0.02161	0.08072	0.56657	0.01365	0.01616	0.08865	0.01483	0.09347	0.01237	0.01495	0.00969	0.00560	0.00578	0.00175	0.00672	0.00525	0.00357	0.00916
4	0.62327	0.01092	0.00956	0.00823	0.01178	0.01213	0.00667	0.05313	0.01163	0.13375	0.01124	0.01309	0.00865	0.05836	0.00577	0.00205	0.00473	0.00400	0.00423	0.00681
5	0.05002	0.01011	0.01673	0.63228	0.03506	0.01228	0.04436	0.01454	0.01148	0.01547	0.01164	0.05319	0.00960	0.00851	0.04952	0.00237	0.00792	0.00575	0.00281	0.00635
6	0.01446	0.01249	0.01315	0.01183	0.01512	0.01446	0.00920	0.03090	0.74885	0.02433	0.02367	0.02170	0.01775	0.00789	0.00592	0.00197	0.00460	0.00657	0.00592	0.00920
7	0.01397	0.01339	0.02284	0.12788	0.67046	0.01371	0.01764	0.01748	0.01304	0.01849	0.01086	0.01453	0.00903	0.00526	0.00576	0.00175	0.00701	0.00518	0.00284	0.00887
8	0.01098	0.01034	0.01744	0.78165	0.04005	0.01292	0.01615	0.01486	0.01163	0.01486	0.01034	0.01550	0.00775	0.00581	0.00581	0.00194	0.00775	0.00517	0.00258	0.00646
9	0.01176	0.02940	0.73073	0.01695	0.02542	0.01356	0.05557	0.01843	0.01235	0.01843	0.01050	0.01244	0.00744	0.00550	0.00559	0.00185	0.00865	0.00442	0.00248	0.00856
10	0.00846	0.00564	0.00634	0.00634	0.00634	0.00564	0.00352	0.00846	0.00846	0.01128	0.01832	0.03805	0.02114	0.79563	0.02960	0.00564	0.00564	0.00846	0.00352	0.00352
11	0.00723	0.00590	0.00638	0.00626	0.00807	0.00506	0.00470	0.00903	0.01409	0.01770	0.24136	0.05269	0.57331	0.01398	0.00687	0.00193	0.00289	0.01181	0.00566	0.00506
12	0.01084	0.00542	0.00542	0.00542	0.00678	0.00542	0.00407	0.01355	0.01220	0.02168	0.01897	0.02168	0.01491	0.00678	0.00407	0.00136	0.00271	0.00542	0.82791	0.00542
13	0.05848	0.29819	0.02172	0.01187	0.01659	0.01959	0.01043	0.44517	0.02092	0.02787	0.01156	0.01208	0.00884	0.00618	0.00496	0.00157	0.00624	0.00437	0.00451	0.00884
14	0.00687	0.00589	0.00589	0.00589	0.00785	0.00491	0.00442	0.00835	0.01325	0.01571	0.05891	0.05596	0.75700	0.01473	0.00687	0.00196	0.00295	0.01227	0.00540	0.00491
15	0.01084	0.00542	0.00542	0.00542	0.00678	0.00542	0.00407	0.01355	0.01220	0.02168	0.01897	0.02168	0.01491	0.00678	0.00407	0.00136	0.00271	0.00542	0.82791	0.00542
16	0.83671	0.01125	0.00855	0.00765	0.01125	0.01305	0.00630	0.01709	0.00990	0.02609	0.00810	0.00945	0.00630	0.00540	0.00360	0.00180	0.00450	0.00315	0.00360	0.00630
17	0.01203	0.01140	0.01933	0.55298	0.26055	0.01319	0.01667	0.01577	0.01212	0.01613	0.01052	0.01516	0.00820	0.00562	0.00580	0.00187	0.00749	0.00517	0.00267	0.00730
18	0.01491	0.01271	0.01340	0.01192	0.01529	0.01467	0.00931	0.07236	0.70666	0.02505	0.02310	0.02124	0.01729	0.00784	0.00591	0.00196	0.00471	0.00650	0.00591	0.00924
19	0.00724	0.00517	0.00692	0.00827	0.00868	0.00485	0.00566	0.00836	0.01128	0.01502	0.03197	0.74347	0.03813	0.01808	0.00746	0.00238	0.00351	0.06339	0.00540	0.00477
20	0.01206	0.01034	0.01206	0.00861	0.01378	0.00775	0.00689	0.01464	0.01206	0.01895	0.01034	0.01206	0.00861	0.00431	0.00431	0.00086	0.00431	0.00345	0.00345	0.83118
21	0.01439	0.01382	0.02360	0.03569	0.75936	0.01382	0.01785	0.01785	0.01324	0.01900	0.01094	0.01439	0.00921	0.00518	0.00576	0.00173	0.00691	0.00518	0.00288	0.00921
22	0.00709	0.00506	0.00675	0.00810	0.00843	0.00472	0.00540	0.00810	0.01113	0.01484	0.03205	0.79184	0.03846	0.01822	0.00742	0.00236	0.00337	0.01653	0.00540	0.00472
23	0.00831	0.00623	0.00935	0.00935	0.01038	0.00727	0.00727	0.01038	0.00935	0.01350	0.01558	0.02285	0.01454	0.04361	0.77259	0.00935	0.01558	0.00623	0.00312	0.00519
24	0.02176	0.01612	0.01726	0.01331	0.01790	0.01787	0.01097	0.70810	0.05976	0.03610	0.01440	0.01431	0.01024	0.00702	0.00582	0.00176	0.00632	0.00530	0.00582	0.00986
25	0.00709	0.00506	0.00675	0.00810	0.00843	0.00472	0.00540	0.00810	0.01113	0.01484	0.03205	0.79184	0.03846	0.01822	0.00742	0.00236	0.00337	0.01653	0.00540	0.00472
26	0.01098	0.01034	0.01744	0.78165	0.04005	0.01292	0.01615	0.01486	0.01163	0.01486	0.01034	0.01550	0.00775	0.00581	0.00581	0.00194	0.00775	0.00517	0.00258	0.00646
27	0.00687	0.00589	0.00589	0.00589	0.00785	0.00491	0.00442	0.00835	0.01325	0.01571	0.05891	0.05596	0.75700	0.01473	0.00687	0.00196	0.00295	0.01227	0.00540	0.00491
28	0.01272	0.01272	0.01781	0.01527	0.01527	0.01781	0.01272	0.01399	0.00891	0.01399	0.00763	0.01272	0.00763	0.01018	0.01908	0.00254	0.78499	0.00509	0.00254	0.00636
29	0.00937	0.00669	0.00937	0.01071	0.01205	0.00669	0.00937	0.01205	0.01339	0.01740	0.03079	0.06560	0.03347	0.01606	0.00803	0.00268	0.00535	0.72021	0.00535	0.00535
30	0.00709	0.00506	0.00675	0.00810	0.00843	0.00472	0.00540	0.00810	0.01113	0.01484	0.03205	0.79184	0.03846	0.01822	0.00742	0.00236	0.00337	0.01653	0.00540	0.00472
31	0.01574	0.01643	0.02127	0.06361	0.53292	0.16902	0.01593	0.01956	0.05575	0.01814	0.01124	0.01406	0.00928	0.00553	0.00566	0.00170	0.00755	0.00497	0.00306	0.00858
32	0.01272	0.01272	0.01781	0.01527	0.01527	0.01781	0.01272	0.01399	0.00891	0.01399	0.00763	0.01272	0.00763	0.01018	0.01908	0.00254	0.78499	0.00509	0.00254	0.00636
33	0.01446	0.01249	0.01315	0.01183	0.01512	0.01446	0.00920	0.03090	0.74885	0.02433	0.02367	0.02170	0.01775	0.00789	0.00592	0.00197	0.00460	0.00657	0.00592	0.00920
34	0.83671	0.01125	0.00855	0.00765	0.01125	0.01305	0.00630	0.01709	0.00990	0.02609	0.00810	0.00945	0.00630	0.00540	0.00360	0.00180	0.00450	0.00315	0.00360	0.00630
35	0.00823	0.00594	0.00777	0.00732	0.00869	0.00549	0.00549	0.01097	0.01646	0.02332	0.75629	0.04344	0.05487	0.01189	0.00686	0.00183	0.00274	0.01052	0.00640	0.00549
36	0.01350	0.01291	0.02199	0.23085	0.57117	0.01358	0.01740	0.01706	0.01282	0.01792	0.01078	0.01468	0.00883	0.00535	0.00577	0.00178	0.00713	0.00518	0.00280	0.00849
37	0.01206	0.01034	0.01206	0.00861	0.01378	0.00775	0.00689	0.01464	0.01206	0.01895	0.01034	0.01206	0.00861	0.00431	0.00431	0.00086	0.00431	0.00345	0.00345	0.83118
38	0.01382	0.01345	0.01847	0.01592	0.01603	0.01829	0.01310	0.01477	0.00965	0.01507	0.00880	0.01426	0.00871	0.01084	0.01932	0.00274	0.77142	0.00544	0.00294	0.00694
39	0.02509	0.01134	0.01427	0.01128	0.01561	0.01047	0.00911	0.11009	0.05999	0.58940	0.02265	0.02074	0.01505	0.00791	0.00623	0.00199	0.00537	0.00614	0.04712	0.01015
40	0.01197	0.00628	0.00630	0.00625	0.00769	0.00612	0.00460	0.01433	0.01288	0.02262	0.01994	0.02306	0.01585	0.00750	0.00457	0.00157	0.00313	0.00577	0.81355	0.00602

[dist]
# distance from previous block
# <min> <max>
0	2

[block]
# block no. 6 follows, 40 sequences, length 164
# corresponding to MSA columns:
# 1029-1192
name=unknown_G
#
# <colnr> <probs for GDERKNQSTAVLIFYWHMCP>
#	G	D	E	R	K	N	Q	S	T	A	V	L	I	F	Y	W	H	M	C	P
0	0.01503	0.01843	0.15103	0.02694	0.23028	0.01498	0.40674	0.01931	0.01425	0.02003	0.01279	0.01678	0.01012	0.00610	0.00695	0.00215	0.00921	0.00642	0.00337	0.00908
1	0.00902	0.00655	0.00829	0.00783	0.00929	0.00596	0.00581	0.01146	0.01677	0.02366	0.71858	0.04467	0.08417	0.01246	0.00718	0.00198	0.00305	0.01077	0.00659	0.00589
2	0.10709	0.00671	0.00641	0.00627	0.00795	0.00680	0.00471	0.01452	0.01242	0.02286	0.01841	0.02126	0.01459	0.00714	0.00437	0.00156	0.00322	0.00541	0.72235	0.00595
3	0.73190	0.01209	0.01088	0.01145	0.09829	0.01354	0.00799	0.01770	0.01081	0.02589	0.00926	0.01117	0.00743	0.00591	0.00421	0.00194	0.00506	0.00366	0.00379	0.00705
4	0.01477	0.01393	0.02329	0.12210	0.66723	0.01411	0.01786	0.01801	0.01354	0.01923	0.01167	0.01561	0.00980	0.00580	0.00610	0.00190	0.00725	0.00543	0.00312	0.00927
5	0.01753	0.01396	0.01483	0.01272	0.01644	0.01566	0.01000	0.21908	0.53120	0.04588	0.02171	0.02059	0.01623	0.00814	0.00623	0.00205	0.00536	0.00644	0.00616	0.00978
6	0.00930	0.00625	0.00696	0.00692	0.00701	0.00614	0.00392	0.00908	0.00900	0.01208	0.01902	0.03884	0.02174	0.78603	0.02963	0.00574	0.00590	0.00867	0.00379	0.00398
7	0.01276	0.00827	0.00911	0.00824	0.01097	0.00753	0.00633	0.01630	0.11955	0.17089	0.04669	0.04421	0.49035	0.01263	0.00685	0.00208	0.00389	0.01030	0.00609	0.00698
8	0.01085	0.00918	0.01183	0.01140	0.01253	0.04331	0.00903	0.01314	0.03881	0.01526	0.01674	0.02645	0.01605	0.03177	0.48349	0.00684	0.14491	0.08868	0.00365	0.00606
9	0.01497	0.01420	0.02333	0.03354	0.66437	0.01467	0.01746	0.01791	0.01322	0.01913	0.01135	0.01528	0.00978	0.00630	0.00764	0.00197	0.09707	0.00542	0.00312	0.00926
10	0.01363	0.01359	0.02019	0.01680	0.01756	0.01780	0.09683	0.01509	0.01000	0.01530	0.00895	0.01417	0.00855	0.01005	0.01784	0.00261	0.68567	0.00555	0.00287	0.00695
11	0.56430	0.01218	0.01071	0.00924	0.01267	0.01362	0.00731	0.16473	0.01383	0.02716	0.01131	0.01483	0.00954	0.09758	0.00742	0.00238	0.00530	0.00447	0.00431	0.00713
12	0.00808	0.00579	0.00748	0.00857	0.00910	0.00532	0.00578	0.00906	0.01226	0.01659	0.11627	0.69646	0.04074	0.01786	0.00767	0.00244	0.00359	0.01594	0.00576	0.00525
13	0.01508	0.01454	0.02524	0.03461	0.66612	0.01431	0.10130	0.01844	0.01378	0.01966	0.01183	0.01563	0.00992	0.00569	0.00622	0.00190	0.00749	0.00563	0.00317	0.00943
14	0.00953	0.00722	0.01015	0.01269	0.09701	0.00692	0.00848	0.01113	0.01261	0.01691	0.02973	0.45933	0.03385	0.01639	0.00774	0.00253	0.00471	0.24184	0.00534	0.00588
15	0.01284	0.01246	0.01690	0.01465	0.01496	0.01666	0.01204	0.01390	0.00995	0.01497	0.01440	0.01883	0.09500	0.01118	0.01784	0.00261	0.68488	0.00617	0.00316	0.00661
16	0.01315	0.01381	0.02782	0.17804	0.03010	0.01353	0.49378	0.01710	0.01346	0.01812	0.01468	0.10935	0.01290	0.00722	0.00704	0.00215	0.00883	0.00790	0.00344	0.00758
17	0.02192	0.01304	0.01510	0.01192	0.01603	0.01327	0.00965	0.38175	0.02240	0.27545	0.13382	0.02159	0.01916	0.00834	0.00633	0.00192	0.00560	0.00652	0.00661	0.00957
18	0.00810	0.00575	0.00731	0.00845	0.00883	0.00534	0.00555	0.00877	0.01133	0.01519	0.03099	0.69584	0.03684	0.10843	0.01030	0.00288	0.00393	0.01571	0.00543	0.00502
19	0.01284	0.01246	0.01690	0.01465	0.01496	0.01666	0.01204	0.01390	0.00995	0.01497	0.01440	0.01883	0.09500	0.01118	0.01784	0.00261	0.68488	0.00617	0.00316	0.00661
20	0.10963	0.17859	0.15276	0.01860	0.02449	0.01640	0.37585	0.01866	0.01313	0.01915	0.01115	0.01416	0.00877	0.00562	0.00595	0.00192	0.00847	0.00547	0.00312	0.00811
21	0.01988	0.01471	0.01602	0.01290	0.01649	0.04865	0.01043	0.44077	0.02227	0.09752	0.09541	0.02030	0.04890	0.00871	0.00782	0.00200	0.09613	0.00634	0.00573	0.00902
22	0.01421	0.01475	0.02730	0.02061	0.02490	0.01517	0.46142	0.02001	0.13588	0.01939	0.01464	0.04690	0.01201	0.00731	0.00904	0.00222	0.13525	0.00713	0.00374	0.00811
23	0.01432	0.01332	0.02205	0.03271	0.66358	0.01316	0.01662	0.01723	0.01348	0.01923	0.01417	0.10531	0.01335	0.00723	0.00629	0.00195	0.00675	0.00675	0.00345	0.00907
24	0.01363	0.01474	0.03074	0.05186	0.02858	0.01387	0.61695	0.01776	0.01382	0.01876	0.01484	0.10643	0.01297	0.00702	0.00721	0.00215	0.00919	0.00815	0.00349	0.00783
25	0.00930	0.00625	0.00696	0.00692	0.00701	0.00614	0.00392	0.00908	0.00900	0.01208	0.01902	0.03884	0.02174	0.78603	0.02963	0.00574	0.00590	0.00867	0.00379	0.00398
26	0.01597	0.01517	0.03028	0.02418	0.11366	0.01439	0.53290	0.01998	0.01430	0.10527	0.01359	0.01696	0.01023	0.00595	0.00741	0.00208	0.03870	0.00671	0.00369	0.00858
27	0.01165	0.00604	0.00605	0.00601	0.00743	0.00592	0.00445	0.01411	0.01269	0.02235	0.01966	0.02267	0.01559	0.00730	0.00443	0.00151	0.00301	0.00567	0.81760	0.00585
28	0.05027	0.08536	0.55250	0.01558	0.02300	0.01516	0.01844	0.10264	0.04249	0.02144	0.01187	0.01360	0.00879	0.00627	0.00570	0.00193	0.00806	0.00462	0.00331	0.00897
29	0.00935	0.00727	0.01017	0.01230	0.09642	0.00724	0.00781	0.01062	0.01185	0.01625	0.05472	0.50199	0.03180	0.04746	0.07375	0.00314	0.04025	0.04679	0.00500	0.00581
30	0.01296	0.00730	0.00744	0.00693	0.00873	0.00738	0.00526	0.09805	0.01444	0.02408	0.01908	0.02178	0.01501	0.00732	0.00463	0.00155	0.00344	0.00565	0.72261	0.00636
31	0.04788	0.04414	0.11656	0.01162	0.07093	0.00931	0.00939	0.04536	0.01569	0.02238	0.40751	0.03475	0.11986	0.01047	0.00659	0.00196	0.00459	0.00875	0.00538	0.00688
32	0.01446	0.01345	0.02235	0.03285	0.66381	0.01345	0.01683	0.01749	0.01327	0.01907	0.01227	0.01645	0.01058	0.01016	0.09471	0.00275	0.00816	0.00556	0.00319	0.00913
33	0.02124	0.01601	0.01706	0.01356	0.01796	0.01766	0.01098	0.58917	0.17217	0.03466	0.01666	0.01660	0.01221	0.00768	0.00618	0.00194	0.00629	0.00576	0.00608	0.01012
34	0.00930	0.00625	0.00696	0.00692	0.00701	0.00614	0.00392	0.00908	0.00900	0.01208	0.01902	0.03884	0.02174	0.78603	0.02963	0.00574	0.00590	0.00867	0.00379	0.00398
35	0.00894	0.00645	0.00825	0.00798	0.00929	0.00590	0.00584	0.01124	0.01629	0.02299	0.66383	0.13063	0.05314	0.01308	0.00725	0.00204	0.00312	0.01140	0.00652	0.00583
36	0.01565	0.01279	0.01366	0.01217	0.01538	0.01432	0.00939	0.14682	0.53435	0.02593	0.02365	0.11039	0.01948	0.00944	0.00641	0.00212	0.00504	0.00774	0.00608	0.00918
37	0.01509	0.01443	0.02206	0.06451	0.59747	0.04945	0.01640	0.01811	0.01367	0.01929	0.01155	0.01507	0.00975	0.00569	0.00591	0.00177	0.00706	0.00517	0.00322	0.10433
38	0.01179	0.01089	0.01792	0.77228	0.04028	0.01333	0.01638	0.01540	0.01213	0.01562	0.01114	0.01657	0.00853	0.00635	0.00615	0.00208	0.00799	0.00542	0.00287	0.00687
39	0.02181	0.01670	0.01987	0.01516	0.01997	0.01799	0.09538	0.64785	0.02607	0.03505	0.01447	0.01525	0.01051	0.00726	0.00628	0.00192	0.00705	0.00568	0.00573	0.01002
40	0.00918	0.00682	0.00854	0.00952	0.01045	0.00669	0.00687	0.01202	0.09726	0.01713	0.03140	0.57287	0.03561	0.01704	0.00767	0.00251	0.00414	0.13281	0.00570	0.00578
41	0.01561	0.02009	0.18490	0.02392	0.03038	0.01560	0.56448	0.02006	0.01484	0.02071	0.01383	0.01817	0.01078	0.00665	0.00755	0.00237	0.01018	0.00703	0.00367	0.00918
42	0.01389	0.02976	0.65085	0.01676	0.02458	0.10170	0.02020	0.03777	0.01364	0.01911	0.01116	0.01323	0.00822	0.00615	0.00584	0.00195	0.00898	0.00452	0.00289	0.00880
43	0.01323	0.01244	0.01752	0.01508	0.01531	0.01660	0.03050	0.01393	0.00941	0.01444	0.00886	0.01448	0.00872	0.01168	0.01936	0.09838	0.66547	0.00538	0.00284	0.00637
44	0.01110	0.00848	0.01062	0.01140	0.02672	0.00870	0.00917	0.01620	0.16452	0.01957	0.06480	0.07273	0.06109	0.03415	0.00829	0.00265	0.00523	0.45233	0.00568	0.00657
45	0.02202	0.10723	0.01943	0.01348	0.01819	0.01895	0.01122	0.64771	0.02585	0.03448	0.01404	0.01452	0.01035	0.00727	0.00591	0.00183	0.00663	0.00524	0.00567	0.00998
46	0.00879	0.00952	0.09491	0.00853	0.01111	0.00692	0.00736	0.01133	0.04821	0.01713	0.04660	0.15933	0.48823	0.01433	0.00713	0.00218	0.00414	0.04293	0.00533	0.00597
47	0.01275	0.01218	0.01671	0.01468	0.01480	0.01633	0.01192	0.01373	0.00969	0.01480	0.01157	0.10450	0.01231	0.03150	0.01817	0.00274	0.66517	0.00675	0.00318	0.00652
48	0.01438	0.01216	0.01294	0.01191	0.01490	0.01372	0.00908	0.02861	0.65464	0.02387	0.02527	0.11168	0.02079	0.00959	0.00643	0.00216	0.00474	0.00796	0.00610	0.00907
49	0.82692	0.01179	0.00914	0.00821	0.01185	0.01345	0.00665	0.01761	0.01042	0.02671	0.00893	0.01060	0.00709	0.00594	0.00397	0.00195	0.00478	0.00343	0.00387	0.00671
50	0.01247	0.03038	0.75637	0.01703	0.02559	0.01390	0.02165	0.01892	0.01277	0.01913	0.01124	0.01339	0.00814	0.00606	0.00587	0.00199	0.00882	0.00456	0.00274	0.00898
51	0.02277	0.01677	0.01793	0.01387	0.01855	0.01837	0.01135	0.73120	0.02764	0.03713	0.01472	0.01505	0.01064	0.00750	0.00616	0.00189	0.00665	0.00549	0.00606	0.01026
52	0.01516	0.01433	0.02400	0.03590	0.75035	0.01421	0.01805	0.01835	0.01372	0.01971	0.01173	0.01548	0.00997	0.00572	0.00610	0.00187	0.00716	0.00543	0.00316	0.00959
53	0.00915	0.00684	0.00992	0.00989	0.01100	0.00775	0.00761	0.01099	0.00988	0.01428	0.01631	0.02382	0.01522	0.04366	0.76308	0.00940	0.01571	0.00647	0.00339	0.00562
54	0.00822	0.00600	0.00762	0.00864	0.00908	0.00571	0.00580	0.00895	0.01145	0.01533	0.03185	0.66840	0.06634	0.08064	0.00985	0.00275	0.02739	0.01547	0.00541	0.00512
55	0.01165	0.00604	0.00605	0.00601	0.00743	0.00592	0.00445	0.01411	0.01269	0.02235	0.01966	0.02267	0.01559	0.00730	0.00443	0.00151	0.00301	0.00567	0.81760	0.00585
56	0.02104	0.01773	0.01686	0.01349	0.01785	0.14270	0.01078	0.48092	0.07186	0.03053	0.01411	0.01477	0.01061	0.00709	0.00589	0.00176	0.00697	0.00512	0.00532	0.10459
57	0.01171	0.00920	0.01118	0.00981	0.01221	0.00918	0.03734	0.09894	0.13550	0.02435	0.40897	0.03796	0.14657	0.01127	0.00691	0.00201	0.00409	0.00957	0.00620	0.00703
58	0.01165	0.00604	0.00605	0.00601	0.00743	0.00592	0.00445	0.01411	0.01269	0.02235	0.01966	0.02267	0.01559	0.00730	0.00443	0.00151	0.00301	0.00567	0.81760	0.00585
59	0.82692	0.01179	0.00914	0.00821	0.01185	0.01345	0.00665	0.01761	0.01042	0.02671	0.00893	0.01060	0.00709	0.00594	0.00397	0.00195	0.00478	0.00343	0.00387	0.00671
60	0.01709	0.04815	0.02267	0.03069	0.59781	0.01377	0.01621	0.02002	0.01421	0.13934	0.01354	0.01613	0.01072	0.00604	0.00602	0.00187	0.00681	0.00545	0.00384	0.00962
61	0.02127	0.01559	0.01680	0.01327	0.01773	0.01690	0.01075	0.54913	0.14679	0.06882	0.01661	0.01654	0.01211	0.00755	0.00611	0.00190	0.00620	0.00567	0.00604	0.04422
62	0.00930	0.00625	0.00696	0.00692	0.00701	0.00614	0.00392	0.00908	0.00900	0.01208	0.01902	0.03884	0.02174	0.78603	0.02963	0.00574	0.00590	0.00867	0.00379	0.00398
63	0.01333	0.01298	0.01793	0.01549	0.01561	0.01772	0.01277	0.01440	0.00946	0.01475	0.00880	0.01425	0.00869	0.01204	0.05052	0.00296	0.74332	0.00539	0.00285	0.00673
64	0.01179	0.01089	0.01792	0.77228	0.04028	0.01333	0.01638	0.01540	0.01213	0.01562	0.01114	0.01657	0.00853	0.00635	0.00615	0.00208	0.00799	0.00542	0.00287	0.00687
65	0.45132	0.01117	0.01143	0.00946	0.01351	0.01137	0.00770	0.02282	0.01355	0.36834	0.01581	0.01539	0.01084	0.00677	0.00501	0.00195	0.00499	0.00468	0.00554	0.00838
66	0.02277	0.01677	0.01793	0.01387	0.01855	0.01837	0.01135	0.73120	0.02764	0.03713	0.01472	0.01505	0.01064	0.00750	0.00616	0.00189	0.00665	0.00549	0.00606	0.01026
67	0.69177	0.01157	0.00996	0.00866	0.01245	0.01270	0.00703	0.01949	0.01155	0.14963	0.01141	0.01232	0.00844	0.00624	0.00434	0.00195	0.00485	0.00388	0.00447	0.00731
68	0.00795	0.00568	0.00736	0.00866	0.00907	0.00523	0.00577	0.00873	0.01164	0.01561	0.03258	0.78294	0.03884	0.01859	0.00774	0.00250	0.00367	0.01664	0.00565	0.00516
69	0.02277	0.01677	0.01793	0.01387	0.01855	0.01837	0.01135	0.73120	0.02764	0.03713	0.01472	0.01505	0.01064	0.00750	0.00616	0.00189	0.00665	0.00549	0.00606	0.01026
70	0.01516	0.01433	0.02400	0.03590	0.75035	0.01421	0.01805	0.01835	0.01372	0.01971	0.01173	0.01548	0.00997	0.00572	0.00610	0.00187	0.00716	0.00543	0.00316	0.00959
71	0.01351	0.01325	0.01828	0.01573	0.01582	0.01816	0.01300	0.01455	0.00944	0.01477	0.00847	0.01383	0.00841	0.01066	0.01925	0.00268	0.77525	0.00534	0.00283	0.00678
72	0.00859	0.00638	0.00811	0.00876	0.00949	0.00602	0.02120	0.01002	0.04382	0.01565	0.03166	0.57266	0.08479	0.12980	0.01082	0.00292	0.00415	0.01454	0.00535	0.00526
73	0.01516	0.01433	0.02400	0.03590	0.75035	0.01421	0.01805	0.01835	0.01372	0.01971	0.01173	0.01548	0.00997	0.00572	0.00610	0.00187	0.00716	0.00543	0.00316	0.00959
74	0.01477	0.01393	0.02329	0.12210	0.66723	0.01411	0.01786	0.01801	0.01354	0.01923	0.01167	0.01561	0.00980	0.00580	0.00610	0.00190	0.00725	0.00543	0.00312	0.00927
75	0.01351	0.01325	0.01828	0.01573	0.01582	0.01816	0.01300	0.01455	0.00944	0.01477	0.00847	0.01383	0.00841	0.01066	0.01925	0.00268	0.77525	0.00534	0.00283	0.00678
76	0.01429	0.01565	0.03288	0.02462	0.06435	0.01463	0.66222	0.01875	0.01430	0.01957	0.04584	0.01794	0.01166	0.00577	0.00713	0.00209	0.00956	0.00718	0.00337	0.00820
77	0.01286	0.01089	0.01260	0.00917	0.01435	0.00822	0.00724	0.01519	0.01256	0.01966	0.01114	0.01317	0.00938	0.00486	0.00466	0.00102	0.00459	0.00372	0.00372	0.82101
78	0.01502	0.01419	0.02375	0.06640	0.72094	0.01417	0.01799	0.01823	0.01366	0.01954	0.01171	0.01552	0.00991	0.00575	0.00610	0.00188	0.00719	0.00543	0.00315	0.00948
79	0.01267	0.01068	0.01240	0.00910	0.01411	0.00812	0.00717	0.01502	0.01276	0.01987	0.04653	0.01466	0.01157	0.00522	0.00478	0.00107	0.00451	0.00406	0.00386	0.78184
80	0.01320	0.09332	0.66504	0.01642	0.02445	0.04617	0.02028	0.01903	0.01291	0.01857	0.01099	0.01307	0.00816	0.00604	0.00571	0.00192	0.00870	0.00444	0.00277	0.00881
81	0.00932	0.00687	0.00855	0.00804	0.00959	0.00639	0.00599	0.01241	0.05151	0.02370	0.68383	0.04364	0.08241	0.01227	0.00714	0.00199	0.00314	0.01059	0.00657	0.00607
