[name]
unknown

[dist]
# distance from previous block
# <min> <max>
0	239

[block]
# block no. 0 follows, 40 sequences, length 25
# corresponding to MSA columns:
# 275-299
name=unknown_A
#
# <colnr> <probs for GDERKNQSTAVLIFYWHMCP>
#	G	D	E	R	K	N	Q	S	T	A	V	L	I	F	Y	W	H	M	C	P
0	0.00929	0.00663	0.00928	0.01061	0.01192	0.00662	0.00923	0.01190	0.01331	0.01731	0.03084	0.09198	0.03365	0.01614	0.00801	0.00267	0.00528	0.69465	0.00536	0.00533
1	0.02109	0.02375	0.01636	0.01433	0.01771	0.53475	0.01100	0.17887	0.09086	0.02007	0.01151	0.01234	0.00902	0.00639	0.00543	0.00160	0.00902	0.00435	0.00389	0.00766
2	0.01415	0.00946	0.01183	0.01137	0.01384	0.00979	0.00973	0.20181	0.01729	0.08844	0.02574	0.04818	0.02568	0.01293	0.00727	0.00236	0.00559	0.47198	0.00564	0.00693
3	0.00709	0.00506	0.00675	0.00810	0.00843	0.00472	0.00540	0.00810	0.01113	0.01484	0.03205	0.79184	0.03846	0.01822	0.00742	0.00236	0.00337	0.01653	0.00540	0.00472
4	0.01166	0.03008	0.76550	0.01657	0.02517	0.01351	0.02149	0.01842	0.01228	0.01842	0.01044	0.01228	0.00737	0.00552	0.00552	0.00184	0.00859	0.00430	0.00246	0.00859
5	0.00927	0.00702	0.00869	0.00817	0.00984	0.00697	0.00623	0.01421	0.13379	0.02326	0.61190	0.04077	0.04812	0.01140	0.00675	0.00188	0.00314	0.03621	0.00628	0.00608
6	0.00832	0.00558	0.00638	0.00652	0.00655	0.00555	0.00371	0.00842	0.00872	0.01163	0.01967	0.11220	0.02285	0.71917	0.02742	0.00532	0.00542	0.00925	0.00371	0.00364
7	0.00858	0.00595	0.00783	0.00761	0.00892	0.00550	0.00567	0.01107	0.01564	0.04164	0.61500	0.14643	0.05088	0.01276	0.00695	0.00193	0.00297	0.03293	0.00625	0.00550
8	0.02254	0.01442	0.01621	0.01257	0.01705	0.01537	0.01040	0.54484	0.02429	0.20603	0.01672	0.01735	0.01187	0.00739	0.00591	0.00179	0.00602	0.03340	0.00612	0.00971
9	0.02211	0.01629	0.01745	0.01338	0.01803	0.01803	0.01105	0.73997	0.02734	0.03665	0.01396	0.01396	0.00989	0.00698	0.00582	0.00175	0.00640	0.00524	0.00582	0.00989
10	0.00709	0.00506	0.00675	0.00810	0.00843	0.00472	0.00540	0.00810	0.01113	0.01484	0.03205	0.79184	0.03846	0.01822	0.00742	0.00236	0.00337	0.01653	0.00540	0.00472
11	0.01205	0.10717	0.69182	0.01591	0.02414	0.01446	0.02033	0.01832	0.01223	0.01794	0.01020	0.01198	0.00738	0.00547	0.00535	0.00178	0.00836	0.00418	0.00246	0.00848
12	0.01174	0.05785	0.59262	0.01715	0.09053	0.01314	0.01910	0.01759	0.01276	0.01876	0.08375	0.01542	0.01221	0.00610	0.00560	0.00181	0.00777	0.00494	0.00288	0.00830
13	0.00846	0.00564	0.00634	0.00634	0.00634	0.00564	0.00352	0.00846	0.00846	0.01128	0.01832	0.03805	0.02114	0.79563	0.02960	0.00564	0.00564	0.00846	0.00352	0.00352
14	0.01413	0.01673	0.08777	0.02288	0.02873	0.01493	0.61389	0.06915	0.01444	0.01975	0.01171	0.01523	0.00876	0.00524	0.00701	0.00195	0.03007	0.00651	0.00310	0.00800
15	0.01218	0.01071	0.01362	0.00973	0.01495	0.00824	0.05825	0.01492	0.01218	0.01893	0.01044	0.01231	0.00863	0.00435	0.00449	0.00094	0.00469	0.00369	0.00341	0.77336
16	0.01521	0.67747	0.07225	0.01286	0.08874	0.02156	0.01139	0.01751	0.01198	0.01448	0.00850	0.01000	0.00763	0.00503	0.00403	0.00133	0.00642	0.00338	0.00252	0.00770
17	0.00709	0.00506	0.00675	0.00810	0.00843	0.00472	0.00540	0.00810	0.01113	0.01484	0.03205	0.79184	0.03846	0.01822	0.00742	0.00236	0.00337	0.01653	0.00540	0.00472
18	0.00812	0.00586	0.00767	0.00739	0.00866	0.00541	0.00548	0.01069	0.01594	0.02249	0.68505	0.11705	0.05326	0.01251	0.00691	0.00188	0.00281	0.01111	0.00630	0.00541
19	0.00823	0.00594	0.00777	0.00732	0.00869	0.00549	0.00549	0.01097	0.01646	0.02332	0.75629	0.04344	0.05487	0.01189	0.00686	0.00183	0.00274	0.01052	0.00640	0.00549
20	0.00709	0.00506	0.00675	0.00810	0.00843	0.00472	0.00540	0.00810	0.01113	0.01484	0.03205	0.79184	0.03846	0.01822	0.00742	0.00236	0.00337	0.01653	0.00540	0.00472
21	0.02115	0.01554	0.01667	0.01289	0.01721	0.01716	0.01052	0.68859	0.02602	0.03487	0.01427	0.01565	0.01068	0.06237	0.00749	0.00202	0.00635	0.00546	0.00566	0.00944
22	0.83671	0.01125	0.00855	0.00765	0.01125	0.01305	0.00630	0.01709	0.00990	0.02609	0.00810	0.00945	0.00630	0.00540	0.00360	0.00180	0.00450	0.00315	0.00360	0.00630
23	0.00716	0.00509	0.00672	0.00800	0.00831	0.00478	0.00529	0.00812	0.01098	0.01464	0.03126	0.74830	0.03746	0.06312	0.00870	0.00255	0.00350	0.01607	0.00529	0.00465
24	0.01272	0.01272	0.01781	0.01527	0.01527	0.01781	0.01272	0.01399	0.00891	0.01399	0.00763	0.01272	0.00763	0.01018	0.01908	0.00254	0.78499	0.00509	0.00254	0.00636

[dist]
# distance from previous block
# <min> <max>
0	1

[block]
# block no. 1 follows, 40 sequences, length 19
# corresponding to MSA columns:
# 301-319
name=unknown_B
#
# <colnr> <probs for GDERKNQSTAVLIFYWHMCP>
#	G	D	E	R	K	N	Q	S	T	A	V	L	I	F	Y	W	H	M	C	P
0	0.00949	0.00678	0.00945	0.01078	0.01213	0.00676	0.00941	0.01213	0.01345	0.01750	0.03086	0.06565	0.03353	0.01612	0.00807	0.00270	0.00539	0.71898	0.00539	0.00541
1	0.01198	0.07082	0.72534	0.01629	0.02469	0.01406	0.02090	0.01843	0.01232	0.01826	0.01042	0.01228	0.00748	0.00557	0.00548	0.00183	0.00850	0.00427	0.00250	0.00859
2	0.77712	0.01265	0.06205	0.00836	0.01231	0.01313	0.00742	0.01726	0.01014	0.02563	0.00838	0.00981	0.00648	0.00548	0.00379	0.00182	0.00483	0.00327	0.00356	0.00652
3	0.01291	0.01408	0.02985	0.02198	0.02701	0.01323	0.61098	0.01727	0.01356	0.01832	0.01525	0.07877	0.01355	0.00706	0.00706	0.00208	0.00892	0.07729	0.00340	0.00742
4	0.25684	0.01465	0.01466	0.01169	0.01595	0.01640	0.00960	0.48313	0.07013	0.03285	0.01302	0.01332	0.00948	0.00666	0.00523	0.00180	0.00577	0.00476	0.00522	0.00886
5	0.01377	0.01293	0.02138	0.24965	0.50512	0.01377	0.01692	0.04149	0.03371	0.01864	0.01133	0.01505	0.00915	0.00557	0.00583	0.00182	0.00711	0.00525	0.00301	0.00849
6	0.01206	0.11194	0.64112	0.01558	0.02336	0.01420	0.01956	0.01801	0.01236	0.01794	0.01147	0.01519	0.00899	0.00615	0.00552	0.00185	0.00818	0.04552	0.00267	0.00834
7	0.00886	0.00584	0.00732	0.00784	0.00890	0.00532	0.00552	0.01014	0.01228	0.07154	0.08658	0.45247	0.17341	0.07564	0.00892	0.00249	0.00366	0.04257	0.00549	0.00519
8	0.01235	0.01181	0.02362	0.12957	0.02475	0.01182	0.39592	0.01480	0.01155	0.01556	0.01105	0.01628	0.00910	0.00970	0.01174	0.24126	0.03413	0.00607	0.00279	0.00611
9	0.03704	0.01759	0.26752	0.35950	0.07692	0.01341	0.06333	0.01652	0.01202	0.01701	0.01087	0.01530	0.00839	0.00608	0.00635	0.00195	0.03967	0.02037	0.00271	0.00745
10	0.07602	0.06234	0.13382	0.07868	0.43978	0.07503	0.01646	0.01815	0.01298	0.01857	0.01040	0.01332	0.00848	0.00542	0.00545	0.00174	0.00732	0.00470	0.00287	0.00847
11	0.01109	0.01041	0.01751	0.78036	0.04008	0.01298	0.01618	0.01493	0.01170	0.01496	0.01045	0.01565	0.00786	0.00589	0.00586	0.00196	0.00778	0.00520	0.00262	0.00652
12	0.00730	0.00519	0.00680	0.00805	0.00837	0.00486	0.00532	0.00821	0.01102	0.01470	0.03116	0.73740	0.03729	0.07314	0.00903	0.00261	0.00357	0.01598	0.00530	0.00470
13	0.00999	0.00845	0.01282	0.07285	0.16902	0.00857	0.03594	0.01318	0.07105	0.01687	0.02461	0.43534	0.02707	0.01318	0.00690	0.00219	0.00493	0.05602	0.00465	0.00636
14	0.01194	0.02897	0.70563	0.01727	0.02565	0.01366	0.07896	0.01850	0.01246	0.01853	0.01065	0.01270	0.00759	0.00555	0.00568	0.00187	0.00872	0.00454	0.00253	0.00859
15	0.01867	0.00895	0.01157	0.00974	0.01271	0.00788	0.00752	0.02057	0.01680	0.39662	0.32642	0.03239	0.03267	0.05869	0.00830	0.00229	0.00454	0.00835	0.00702	0.00830
16	0.01096	0.00658	0.00861	0.00783	0.00972	0.00597	0.00605	0.01355	0.01617	0.13730	0.57096	0.04142	0.09111	0.01150	0.00675	0.00187	0.00320	0.03790	0.00642	0.00613
17	0.01679	0.01101	0.01244	0.01066	0.01398	0.01173	0.00836	0.08339	0.38462	0.20564	0.05412	0.02488	0.06952	0.05693	0.00746	0.00213	0.00471	0.00696	0.00606	0.00863
18	0.02112	0.01308	0.01487	0.01170	0.01567	0.01375	0.00945	0.45106	0.02204	0.22227	0.01776	0.06545	0.01373	0.07095	0.00783	0.00211	0.00577	0.00635	0.00597	0.00906

[dist]
# distance from previous block
# <min> <max>
8	11

[block]
# block no. 2 follows, 40 sequences, length 17
# corresponding to MSA columns:
# 331-347
name=unknown_C
#
# <colnr> <probs for GDERKNQSTAVLIFYWHMCP>
#	G	D	E	R	K	N	Q	S	T	A	V	L	I	F	Y	W	H	M	C	P
0	0.01169	0.00854	0.01000	0.00964	0.01136	0.00882	0.00710	0.23275	0.01618	0.02157	0.02746	0.52682	0.05532	0.01464	0.00691	0.00216	0.00429	0.01291	0.00553	0.00632
1	0.01063	0.02276	0.53340	0.01436	0.02063	0.01159	0.01712	0.01595	0.01138	0.01691	0.01201	0.01552	0.00957	0.01722	0.24098	0.00415	0.01074	0.00489	0.00266	0.00755
2	0.26174	0.00696	0.00730	0.00796	0.00930	0.00728	0.00567	0.01086	0.01075	0.01830	0.02470	0.55168	0.02859	0.01428	0.00625	0.00219	0.00372	0.01242	0.00485	0.00521
3	0.02487	0.01186	0.01471	0.01128	0.01582	0.01146	0.00932	0.24678	0.01993	0.54031	0.02019	0.01800	0.01301	0.00713	0.00584	0.00178	0.00539	0.00566	0.00677	0.00989
4	0.02199	0.01980	0.01715	0.01387	0.01802	0.24955	0.01111	0.51996	0.02401	0.02977	0.01244	0.01290	0.00915	0.00668	0.00564	0.00167	0.00765	0.00478	0.00495	0.00892
5	0.01020	0.00781	0.01020	0.01007	0.01258	0.00702	0.00861	0.01284	0.01298	0.01788	0.02451	0.04916	0.02584	0.01246	0.00689	0.00212	0.00503	0.50020	0.00477	0.25884
6	0.01669	0.01716	0.01417	0.01280	0.01600	0.24708	0.00983	0.02854	0.52405	0.02123	0.01916	0.01826	0.01460	0.00731	0.00571	0.00183	0.00641	0.00571	0.00502	0.00845
7	0.01961	0.29139	0.02126	0.01326	0.01693	0.51618	0.01080	0.02124	0.01489	0.01404	0.00868	0.01009	0.00748	0.00564	0.00473	0.00141	0.00903	0.00353	0.00282	0.00699
8	0.05513	0.01150	0.01653	0.30903	0.10510	0.01300	0.05151	0.02020	0.23818	0.01927	0.01546	0.03350	0.01233	0.00677	0.00580	0.00190	0.00631	0.02593	0.00389	0.04868
9	0.01362	0.24565	0.32696	0.02054	0.24759	0.01633	0.01706	0.01795	0.01244	0.01724	0.00992	0.01208	0.00796	0.00526	0.00508	0.00164	0.00740	0.00423	0.00259	0.00846
10	0.00732	0.00552	0.00675	0.00737	0.00825	0.00519	0.00511	0.00849	0.01127	0.01455	0.03680	0.39014	0.25423	0.10713	0.10077	0.00344	0.00495	0.01310	0.00492	0.00470
11	0.01040	0.00854	0.01196	0.01211	0.01304	0.01011	0.01040	0.01265	0.01201	0.01636	0.02368	0.04937	0.02554	0.01426	0.01142	0.00264	0.24466	0.50070	0.00449	0.00566
12	0.02013	0.02110	0.01675	0.11095	0.02064	0.39664	0.01170	0.25269	0.05583	0.02201	0.01149	0.01279	0.00880	0.00638	0.00553	0.00166	0.00854	0.00454	0.00400	0.00784
13	0.31260	0.01529	0.05137	0.07370	0.01767	0.06061	0.01025	0.32831	0.03369	0.02859	0.01130	0.01234	0.00833	0.00621	0.00497	0.00178	0.00614	0.00437	0.00443	0.00806
14	0.00835	0.01328	0.23909	0.00926	0.01319	0.00754	0.00970	0.01143	0.01287	0.01651	0.04295	0.07219	0.49796	0.01204	0.00648	0.00194	0.00470	0.01000	0.00450	0.00603
15	0.00926	0.01342	0.24037	0.01060	0.01419	0.00804	0.01091	0.01300	0.01405	0.01961	0.29856	0.08195	0.10713	0.01126	0.00667	0.00201	0.00501	0.12279	0.00486	0.00632
16	0.01270	0.01299	0.02075	0.01685	0.01811	0.01663	0.16085	0.01476	0.00991	0.01492	0.00889	0.01385	0.00823	0.01083	0.05549	0.00278	0.58670	0.00551	0.00266	0.00660

[dist]
# distance from previous block
# <min> <max>
1	2

[block]
# block no. 3 follows, 40 sequences, length 50
# corresponding to MSA columns:
# 350-399
name=unknown_D
#
# <colnr> <probs for GDERKNQSTAVLIFYWHMCP>
#	G	D	E	R	K	N	Q	S	T	A	V	L	I	F	Y	W	H	M	C	P
0	0.00823	0.00594	0.00777	0.00732	0.00869	0.00549	0.00549	0.01097	0.01646	0.02332	0.75629	0.04344	0.05487	0.01189	0.00686	0.00183	0.00274	0.01052	0.00640	0.00549
1	0.00849	0.00576	0.00687	0.00720	0.00745	0.00574	0.00463	0.00901	0.00948	0.01257	0.02147	0.10366	0.02456	0.60515	0.02427	0.00489	0.00541	0.12549	0.00397	0.00392
2	0.01269	0.01077	0.01256	0.00910	0.01409	0.00868	0.00732	0.05917	0.01291	0.01989	0.01048	0.01219	0.00866	0.00464	0.00483	0.00096	0.02707	0.00360	0.00356	0.75682
3	0.01655	0.00802	0.01015	0.00870	0.01160	0.00718	0.00678	0.01916	0.05185	0.36904	0.10761	0.11473	0.18689	0.04535	0.00740	0.00208	0.00412	0.00907	0.00629	0.00746
4	0.00817	0.00594	0.00769	0.00725	0.00865	0.00546	0.00544	0.01086	0.01632	0.02298	0.72554	0.04399	0.08583	0.01201	0.00686	0.00183	0.00275	0.01059	0.00636	0.00546
5	0.01807	0.08901	0.01624	0.01238	0.01615	0.12928	0.00994	0.18440	0.36489	0.07139	0.01783	0.01704	0.01331	0.00709	0.00559	0.00177	0.00605	0.00549	0.00522	0.00887
6	0.02211	0.01629	0.01745	0.01338	0.01803	0.01803	0.01105	0.73997	0.02734	0.03665	0.01396	0.01396	0.00989	0.00698	0.00582	0.00175	0.00640	0.00524	0.00582	0.00989
7	0.00720	0.00541	0.00670	0.00758	0.00846	0.00491	0.00532	0.00851	0.01212	0.01570	0.08197	0.51578	0.23316	0.01680	0.00727	0.00224	0.00331	0.04726	0.00546	0.00485
8	0.83671	0.01125	0.00855	0.00765	0.01125	0.01305	0.00630	0.01709	0.00990	0.02609	0.00810	0.00945	0.00630	0.00540	0.00360	0.00180	0.00450	0.00315	0.00360	0.00630
9	0.00709	0.00506	0.00675	0.00810	0.00843	0.00472	0.00540	0.00810	0.01113	0.01484	0.03205	0.79184	0.03846	0.01822	0.00742	0.00236	0.00337	0.01653	0.00540	0.00472
10	0.02172	0.02772	0.01648	0.01498	0.01798	0.77228	0.01124	0.02322	0.01648	0.01423	0.00899	0.01049	0.00749	0.00599	0.00524	0.00150	0.01049	0.00375	0.00300	0.00674
11	0.01166	0.03008	0.76550	0.01657	0.02517	0.01351	0.02149	0.01842	0.01228	0.01842	0.01044	0.01228	0.00737	0.00552	0.00552	0.00184	0.00859	0.00430	0.00246	0.00859
12	0.01373	0.01569	0.03431	0.02451	0.03039	0.01471	0.73824	0.01863	0.01373	0.01863	0.01176	0.01569	0.00882	0.00490	0.00686	0.00196	0.00980	0.00686	0.00294	0.00784
13	0.01166	0.03008	0.76550	0.01657	0.02517	0.01351	0.02149	0.01842	0.01228	0.01842	0.01044	0.01228	0.00737	0.00552	0.00552	0.00184	0.00859	0.00430	0.00246	0.00859
14	0.00709	0.00506	0.00675	0.00810	0.00843	0.00472	0.00540	0.00810	0.01113	0.01484	0.03205	0.79184	0.03846	0.01822	0.00742	0.00236	0.00337	0.01653	0.00540	0.00472
15	0.00709	0.00506	0.00675	0.00810	0.00843	0.00472	0.00540	0.00810	0.01113	0.01484	0.03205	0.79184	0.03846	0.01822	0.00742	0.00236	0.00337	0.01653	0.00540	0.00472
16	0.00846	0.00564	0.00634	0.00634	0.00634	0.00564	0.00352	0.00846	0.00846	0.01128	0.01832	0.03805	0.02114	0.79563	0.02960	0.00564	0.00564	0.00846	0.00352	0.00352
17	0.00707	0.00512	0.00669	0.00795	0.00840	0.00474	0.00533	0.00811	0.01127	0.01490	0.03381	0.74359	0.08557	0.01799	0.00739	0.00234	0.00335	0.01625	0.00540	0.00474
18	0.02022	0.01535	0.01639	0.01300	0.01731	0.01715	0.01060	0.56478	0.20560	0.03360	0.01636	0.01587	0.01183	0.00721	0.00584	0.00180	0.00596	0.00557	0.00584	0.00972
19	0.01360	0.01544	0.03354	0.05919	0.03083	0.01462	0.70516	0.01845	0.01363	0.01845	0.01170	0.01568	0.00877	0.00494	0.00681	0.00196	0.00971	0.00679	0.00292	0.00778
20	0.02345	0.01413	0.01612	0.01236	0.01696	0.01483	0.01021	0.49994	0.02373	0.28178	0.01699	0.01593	0.01141	0.00705	0.00583	0.00176	0.00591	0.00544	0.00628	0.00989
21	0.20620	0.01062	0.01265	0.00994	0.01425	0.01017	0.00821	0.07249	0.01584	0.55168	0.01905	0.01711	0.01230	0.00678	0.00535	0.00180	0.00494	0.00521	0.00631	0.00910
22	0.11189	0.06334	0.10464	0.01282	0.01783	0.01696	0.01160	0.51127	0.02240	0.05305	0.01281	0.01315	0.00918	0.00652	0.00541	0.00173	0.00639	0.00478	0.00502	0.00919
23	0.83671	0.01125	0.00855	0.00765	0.01125	0.01305	0.00630	0.01709	0.00990	0.02609	0.00810	0.00945	0.00630	0.00540	0.00360	0.00180	0.00450	0.00315	0.00360	0.00630
24	0.01206	0.01034	0.01206	0.00861	0.01378	0.00775	0.00689	0.01464	0.01206	0.01895	0.01034	0.01206	0.00861	0.00431	0.00431	0.00086	0.00431	0.00345	0.00345	0.83118
25	0.01257	0.01250	0.01753	0.01507	0.01510	0.01746	0.01254	0.01387	0.00892	0.01398	0.00790	0.01306	0.00787	0.01130	0.04445	0.00277	0.75909	0.00513	0.00256	0.00632
26	0.02313	0.01465	0.01644	0.01260	0.01722	0.01560	0.01041	0.55732	0.02460	0.22317	0.01627	0.01546	0.01105	0.00704	0.00583	0.00176	0.00603	0.00539	0.00617	0.00989
27	0.02039	0.05361	0.10506	0.01327	0.01827	0.01680	0.01192	0.55949	0.02377	0.07572	0.01431	0.03564	0.01055	0.00704	0.00573	0.00175	0.00648	0.00538	0.00534	0.00948
28	0.00718	0.00524	0.00678	0.00794	0.00852	0.00484	0.00545	0.00835	0.01158	0.01524	0.05172	0.66440	0.11743	0.01760	0.00737	0.00232	0.00339	0.04442	0.00542	0.00479
29	0.01905	0.01355	0.01524	0.03078	0.01678	0.01394	0.00967	0.42318	0.05552	0.10521	0.04448	0.01572	0.01220	0.00661	0.00553	0.00157	0.00558	0.00517	0.00537	0.19485
30	0.02315	0.01462	0.01642	0.01259	0.01720	0.01555	0.01040	0.55395	0.02455	0.22662	0.01631	0.01549	0.01107	0.00704	0.00583	0.00176	0.00602	0.00540	0.00618	0.00989
31	0.01010	0.00505	0.00758	0.00758	0.00758	0.00505	0.00505	0.00758	0.00758	0.01010	0.01010	0.01768	0.01010	0.02020	0.02273	0.83081	0.00505	0.00505	0.00253	0.00253
32	0.01916	0.10493	0.01924	0.04358	0.14878	0.41151	0.01232	0.10769	0.04683	0.01814	0.01048	0.01210	0.00851	0.00593	0.00529	0.00158	0.00858	0.00427	0.00337	0.00772
33	0.83671	0.01125	0.00855	0.00765	0.01125	0.01305	0.00630	0.01709	0.00990	0.02609	0.00810	0.00945	0.00630	0.00540	0.00360	0.00180	0.00450	0.00315	0.00360	0.00630
34	0.00853	0.05794	0.00901	0.00730	0.00899	0.00656	0.00564	0.01105	0.01573	0.02169	0.61546	0.04285	0.14416	0.01181	0.00666	0.00181	0.00300	0.01026	0.00601	0.00554
35	0.01206	0.01034	0.01206	0.00861	0.01378	0.00775	0.00689	0.01464	0.01206	0.01895	0.01034	0.01206	0.00861	0.00431	0.00431	0.00086	0.00431	0.00345	0.00345	0.83118
36	0.01515	0.71351	0.06168	0.01015	0.01530	0.02159	0.01026	0.01728	0.01185	0.01424	0.00834	0.00964	0.00753	0.00496	0.00385	0.00125	0.00620	0.00318	0.00255	0.06151
37	0.00823	0.00594	0.00777	0.00732	0.00869	0.00549	0.00549	0.01097	0.01646	0.02332	0.75629	0.04344	0.05487	0.01189	0.00686	0.00183	0.00274	0.01052	0.00640	0.00549
38	0.83671	0.01125	0.00855	0.00765	0.01125	0.01305	0.00630	0.01709	0.00990	0.02609	0.00810	0.00945	0.00630	0.00540	0.00360	0.00180	0.00450	0.00315	0.00360	0.00630
39	0.00979	0.00743	0.01076	0.18142	0.01759	0.00782	0.00997	0.01261	0.01339	0.03600	0.10641	0.05001	0.09905	0.01299	0.00725	0.00233	0.00537	0.39925	0.00490	0.00569
40	0.00823	0.00594	0.00777	0.00732	0.00869	0.00549	0.00549	0.01097	0.01646	0.02332	0.75629	0.04344	0.05487	0.01189	0.00686	0.00183	0.00274	0.01052	0.00640	0.00549
41	0.06981	0.01581	0.01673	0.01297	0.01750	0.01757	0.01069	0.66435	0.05986	0.03545	0.01407	0.01405	0.01004	0.00693	0.00569	0.00176	0.00620	0.00517	0.00569	0.00965
42	0.01555	0.79913	0.03047	0.00995	0.01493	0.02301	0.00995	0.01741	0.01182	0.01368	0.00808	0.00933	0.00746	0.00498	0.00373	0.00124	0.00622	0.00311	0.00249	0.00746
43	0.00687	0.00589	0.00589	0.00589	0.00785	0.00491	0.00442	0.00835	0.01325	0.01571	0.05891	0.05596	0.75700	0.01473	0.00687	0.00196	0.00295	0.01227	0.00540	0.00491
44	0.00707	0.00512	0.00669	0.00795	0.00840	0.00474	0.00533	0.00811	0.01127	0.01490	0.03381	0.74359	0.08557	0.01799	0.00739	0.00234	0.00335	0.01625	0.00540	0.00474
45	0.00822	0.00558	0.00659	0.00681	0.00692	0.00558	0.00405	0.00851	0.00895	0.01199	0.02041	0.16041	0.02358	0.62415	0.06981	0.00532	0.00585	0.00965	0.00381	0.00382
46	0.01010	0.00505	0.00758	0.00758	0.00758	0.00505	0.00505	0.00758	0.00758	0.01010	0.01010	0.01768	0.01010	0.02020	0.02273	0.83081	0.00505	0.00505	0.00253	0.00253
47	0.00702	0.00590	0.00609	0.00604	0.00794	0.00497	0.00453	0.00862	0.01359	0.01651	0.13248	0.05464	0.68293	0.01443	0.00687	0.00195	0.00292	0.01209	0.00551	0.00497
48	0.00709	0.00506	0.00675	0.00810	0.00843	0.00472	0.00540	0.00810	0.01113	0.01484	0.03205	0.79184	0.03846	0.01822	0.00742	0.00236	0.00337	0.01653	0.00540	0.00472
49	0.01386	0.01682	0.15545	0.03152	0.57810	0.01382	0.06941	0.01800	0.01311	0.01887	0.01091	0.01411	0.00886	0.00522	0.00579	0.00176	0.00741	0.00514	0.00281	0.00901

[dist]
# distance from previous block
# <min> <max>
3	7

[block]
# block no. 4 follows, 40 sequences, length 37
# corresponding to MSA columns:
# 407-443
name=unknown_E
#
# <colnr> <probs for GDERKNQSTAVLIFYWHMCP>
#	G	D	E	R	K	N	Q	S	T	A	V	L	I	F	Y	W	H	M	C	P
0	0.14840	0.05671	0.04400	0.01291	0.01743	0.09242	0.03197	0.47195	0.02181	0.03042	0.01206	0.01267	0.00884	0.00642	0.00533	0.00171	0.00668	0.00467	0.00482	0.00879
1	0.06466	0.01152	0.01697	0.51868	0.07094	0.01353	0.01430	0.13494	0.01451	0.06802	0.01164	0.01510	0.00852	0.00604	0.00568	0.00188	0.00710	0.00510	0.00349	0.00738
2	0.02283	0.01319	0.13666	0.01131	0.01634	0.00946	0.01059	0.04327	0.01618	0.59061	0.05328	0.01947	0.01493	0.00713	0.00584	0.00181	0.00548	0.00579	0.00635	0.00949
3	0.02264	0.01543	0.01692	0.01297	0.01761	0.01677	0.01072	0.64479	0.02591	0.13384	0.01516	0.01474	0.01049	0.00701	0.00582	0.00175	0.00621	0.00532	0.00600	0.00989
4	0.01532	0.71851	0.06031	0.01034	0.01537	0.02209	0.01039	0.01828	0.05708	0.01453	0.00914	0.01021	0.00809	0.00518	0.00394	0.00131	0.00622	0.00337	0.00270	0.00762
5	0.00709	0.00506	0.00675	0.00810	0.00843	0.00472	0.00540	0.00810	0.01113	0.01484	0.03205	0.79184	0.03846	0.01822	0.00742	0.00236	0.00337	0.01653	0.00540	0.00472
6	0.01484	0.01268	0.01336	0.01191	0.01526	0.01464	0.00929	0.06562	0.71352	0.02493	0.02319	0.02132	0.01737	0.00785	0.00591	0.00196	0.00469	0.00651	0.00591	0.00924
7	0.01098	0.01034	0.01744	0.78165	0.04005	0.01292	0.01615	0.01486	0.01163	0.01486	0.01034	0.01550	0.00775	0.00581	0.00581	0.00194	0.00775	0.00517	0.00258	0.00646
8	0.00696	0.00589	0.00601	0.00598	0.00791	0.00494	0.00448	0.00851	0.01345	0.01618	0.10172	0.05520	0.71389	0.01455	0.00687	0.00196	0.00293	0.01217	0.00546	0.00494
9	0.01272	0.01272	0.01781	0.01527	0.01527	0.01781	0.01272	0.01399	0.00891	0.01399	0.00763	0.01272	0.00763	0.01018	0.01908	0.00254	0.78499	0.00509	0.00254	0.00636
10	0.00846	0.00564	0.00634	0.00634	0.00634	0.00564	0.00352	0.00846	0.00846	0.01128	0.01832	0.03805	0.02114	0.79563	0.02960	0.00564	0.00564	0.00846	0.00352	0.00352
11	0.01272	0.01272	0.01781	0.01527	0.01527	0.01781	0.01272	0.01399	0.00891	0.01399	0.00763	0.01272	0.00763	0.01018	0.01908	0.00254	0.78499	0.00509	0.00254	0.00636
12	0.01446	0.01249	0.01315	0.01183	0.01512	0.01446	0.00920	0.03090	0.74885	0.02433	0.02367	0.02170	0.01775	0.00789	0.00592	0.00197	0.00460	0.00657	0.00592	0.00920
13	0.00709	0.00506	0.00675	0.00810	0.00843	0.00472	0.00540	0.00810	0.01113	0.01484	0.03205	0.79184	0.03846	0.01822	0.00742	0.00236	0.00337	0.01653	0.00540	0.00472
14	0.01733	0.00796	0.01069	0.00886	0.01182	0.00705	0.00705	0.01982	0.01655	0.40026	0.38276	0.03139	0.03425	0.00950	0.00634	0.00181	0.00387	0.00814	0.00681	0.00773
15	0.00832	0.00619	0.00915	0.00915	0.01012	0.00716	0.00703	0.01026	0.00929	0.01335	0.01575	0.02383	0.01497	0.09252	0.72427	0.00910	0.01493	0.00638	0.00314	0.00508
16	0.01272	0.01272	0.01781	0.01527	0.01527	0.01781	0.01272	0.01399	0.00891	0.01399	0.00763	0.01272	0.00763	0.01018	0.01908	0.00254	0.78499	0.00509	0.00254	0.00636
17	0.00687	0.00589	0.00589	0.00589	0.00785	0.00491	0.00442	0.00835	0.01325	0.01571	0.05891	0.05596	0.75700	0.01473	0.00687	0.00196	0.00295	0.01227	0.00540	0.00491
18	0.00709	0.00506	0.00675	0.00810	0.00843	0.00472	0.00540	0.00810	0.01113	0.01484	0.03205	0.79184	0.03846	0.01822	0.00742	0.00236	0.00337	0.01653	0.00540	0.00472
19	0.02421	0.00948	0.01289	0.01003	0.01419	0.00822	0.00822	0.02651	0.01662	0.68526	0.10035	0.02229	0.01867	0.00769	0.00595	0.00180	0.00472	0.00634	0.00711	0.00943
20	0.01446	0.01249	0.01315	0.01183	0.01512	0.01446	0.00920	0.03090	0.74885	0.02433	0.02367	0.02170	0.01775	0.00789	0.00592	0.00197	0.00460	0.00657	0.00592	0.00920
21	0.00811	0.00594	0.00760	0.00719	0.00861	0.00543	0.00539	0.01074	0.01617	0.02263	0.69354	0.04457	0.11804	0.01214	0.00686	0.00184	0.00276	0.01067	0.00631	0.00543
22	0.01555	0.79913	0.03047	0.00995	0.01493	0.02301	0.00995	0.01741	0.01182	0.01368	0.00808	0.00933	0.00746	0.00498	0.00373	0.00124	0.00622	0.00311	0.00249	0.00746
23	0.78301	0.01119	0.00913	0.05798	0.01312	0.01304	0.00694	0.01695	0.01001	0.02536	0.00824	0.00984	0.00639	0.00543	0.00374	0.00181	0.00471	0.00328	0.00353	0.00631
24	0.01201	0.01133	0.01571	0.01369	0.01400	0.01534	0.01122	0.03380	0.00948	0.01439	0.00977	0.01597	0.00966	0.06378	0.14284	0.00383	0.58881	0.00549	0.00279	0.00610
25	0.01010	0.00505	0.00758	0.00758	0.00758	0.00505	0.00505	0.00758	0.00758	0.01010	0.01010	0.01768	0.01010	0.02020	0.02273	0.83081	0.00505	0.00505	0.00253	0.00253
26	0.33060	0.02851	0.01185	0.00927	0.01332	0.01062	0.00766	0.02340	0.03083	0.42962	0.03844	0.01639	0.01244	0.00662	0.00498	0.00179	0.00474	0.00492	0.00568	0.00834
27	0.02172	0.02772	0.01648	0.01498	0.01798	0.77228	0.01124	0.02322	0.01648	0.01423	0.00899	0.01049	0.00749	0.00599	0.00524	0.00150	0.01049	0.00375	0.00300	0.00674
28	0.01373	0.01569	0.03431	0.02451	0.03039	0.01471	0.73824	0.01863	0.01373	0.01863	0.01176	0.01569	0.00882	0.00490	0.00686	0.00196	0.00980	0.00686	0.00294	0.00784
29	0.01101	0.00616	0.00825	0.00840	0.00973	0.00561	0.00603	0.01256	0.01314	0.16286	0.15660	0.51015	0.03661	0.01496	0.00702	0.00216	0.00357	0.01339	0.00593	0.00587
30	0.02559	0.01070	0.01400	0.01073	0.01525	0.00975	0.00886	0.11830	0.01800	0.67151	0.02181	0.01906	0.01383	0.00717	0.00584	0.00179	0.00513	0.00577	0.00702	0.00990
31	0.02595	0.01013	0.01364	0.01046	0.01496	0.00889	0.00864	0.05391	0.01703	0.73727	0.02262	0.01958	0.01423	0.00719	0.00585	0.00180	0.00500	0.00583	0.00715	0.00990
32	0.00823	0.00594	0.00777	0.00732	0.00869	0.00549	0.00549	0.01097	0.01646	0.02332	0.75629	0.04344	0.05487	0.01189	0.00686	0.00183	0.00274	0.01052	0.00640	0.00549
33	0.02384	0.00947	0.01294	0.01040	0.01447	0.00830	0.00866	0.02615	0.01621	0.66292	0.02400	0.02596	0.01696	0.00839	0.00614	0.00192	0.00500	0.10206	0.00695	0.00928
34	0.02609	0.00990	0.01350	0.01035	0.01484	0.00855	0.00855	0.02834	0.01664	0.76338	0.02294	0.01979	0.01439	0.00720	0.00585	0.00180	0.00495	0.00585	0.00720	0.00990
35	0.80076	0.01147	0.00894	0.00790	0.01155	0.01327	0.00651	0.04900	0.01067	0.02656	0.00836	0.00965	0.00646	0.00547	0.00370	0.00180	0.00458	0.00324	0.00370	0.00646
36	0.02591	0.01018	0.01367	0.01048	0.01499	0.00897	0.00866	0.05975	0.01712	0.73131	0.02255	0.01954	0.01420	0.00719	0.00585	0.00180	0.00501	0.00582	0.00714	0.00990

[dist]
# distance from previous block
# <min> <max>
0	7

[block]
# block no. 5 follows, 40 sequences, length 16
# corresponding to MSA columns:
# 451-466
name=unknown_F
#
# <colnr> <probs for GDERKNQSTAVLIFYWHMCP>
#	G	D	E	R	K	N	Q	S	T	A	V	L	I	F	Y	W	H	M	C	P
0	0.01084	0.00542	0.00542	0.00542	0.00678	0.00542	0.00407	0.01355	0.01220	0.02168	0.01897	0.02168	0.01491	0.00678	0.00407	0.00136	0.00271	0.00542	0.82791	0.00542
1	0.35762	0.01057	0.01145	0.00931	0.01338	0.01065	0.00766	0.02385	0.04667	0.42828	0.01689	0.01564	0.01123	0.00649	0.00493	0.00181	0.00475	0.00477	0.00567	0.00839
2	0.01249	0.00974	0.01100	0.01026	0.01243	0.01080	0.00771	0.06506	0.40229	0.02099	0.07257	0.15624	0.02215	0.01196	0.00904	0.14021	0.00445	0.00824	0.00529	0.00710
3	0.01281	0.16477	0.39597	0.09248	0.08145	0.01538	0.12289	0.01787	0.01241	0.01728	0.01023	0.01271	0.00777	0.00534	0.00544	0.00175	0.00813	0.00461	0.00258	0.00812
4	0.01598	0.01347	0.01375	0.01208	0.01554	0.04855	0.00946	0.10295	0.61630	0.05138	0.02199	0.02034	0.01637	0.00769	0.00587	0.00192	0.00506	0.00629	0.00582	0.00919
5	0.14552	0.00671	0.00680	0.00669	0.00864	0.00636	0.00504	0.01031	0.01314	0.01890	0.18925	0.11666	0.42015	0.01293	0.00638	0.00195	0.00320	0.01081	0.00530	0.00524
6	0.01409	0.52795	0.07514	0.01039	0.01457	0.07601	0.00993	0.01615	0.01225	0.01457	0.03777	0.14124	0.01424	0.00753	0.00469	0.00151	0.00612	0.00573	0.00314	0.00696
7	0.01559	0.01028	0.01295	0.13878	0.01801	0.01078	0.00939	0.03914	0.25142	0.20355	0.12216	0.02375	0.04925	0.00794	0.00594	0.00183	0.00491	0.00670	0.00556	0.06208
8	0.09434	0.04276	0.01704	0.04956	0.01788	0.09494	0.01112	0.42023	0.02028	0.02779	0.01149	0.01290	0.00875	0.00714	0.00770	0.00185	0.13651	0.00479	0.00451	0.00840
9	0.01288	0.01139	0.01968	0.52735	0.17330	0.01293	0.07370	0.01665	0.01244	0.06733	0.01143	0.01560	0.00857	0.00572	0.00589	0.00189	0.00756	0.00535	0.00298	0.00733
10	0.01048	0.00957	0.00922	0.00859	0.01024	0.13333	0.00645	0.01302	0.01646	0.02180	0.63169	0.03794	0.04697	0.01091	0.00659	0.00177	0.00403	0.00939	0.00583	0.00570
11	0.01543	0.01631	0.16694	0.01305	0.01681	0.01458	0.01205	0.29703	0.06205	0.02398	0.01412	0.04849	0.01221	0.11859	0.01138	0.00248	0.13632	0.00601	0.00426	0.00789
12	0.00781	0.00600	0.00860	0.13702	0.01372	0.00614	0.00720	0.00941	0.01156	0.01540	0.07586	0.61339	0.03442	0.01574	0.00712	0.00226	0.00406	0.01424	0.00499	0.00506
13	0.01299	0.01258	0.02101	0.27217	0.37953	0.01422	0.04026	0.01627	0.01201	0.01682	0.01022	0.01451	0.00847	0.00621	0.00803	0.00194	0.13700	0.00522	0.00273	0.00780
14	0.08815	0.01113	0.01655	0.01258	0.01717	0.01030	0.13007	0.02598	0.06042	0.53502	0.01994	0.01840	0.01302	0.00671	0.00584	0.00184	0.00570	0.00585	0.00612	0.00922
15	0.01166	0.00991	0.01163	0.00857	0.01335	0.00751	0.00677	0.01412	0.01198	0.01862	0.01207	0.07443	0.01100	0.00542	0.00456	0.00098	0.00423	0.00449	0.00360	0.76508

[dist]
# distance from previous block
# <min> <max>
0	5

[block]
# block no. 6 follows, 40 sequences, length 9
# corresponding to MSA columns:
# 472-480
name=unknown_G
#
# <colnr> <probs for GDERKNQSTAVLIFYWHMCP>
#	G	D	E	R	K	N	Q	S	T	A	V	L	I	F	Y	W	H	M	C	P
0	0.02127	0.01563	0.01677	0.01295	0.01731	0.01727	0.01059	0.69494	0.02618	0.03509	0.01423	0.01544	0.01058	0.05553	0.00728	0.00198	0.00635	0.00543	0.00568	0.00950
1	0.09303	0.01178	0.01772	0.11484	0.06754	0.01440	0.10151	0.01449	0.01050	0.01614	0.01294	0.01782	0.05967	0.05935	0.01331	0.00243	0.35724	0.00584	0.00298	0.00646
2	0.05541	0.01334	0.05394	0.01139	0.01526	0.01327	0.00957	0.36231	0.09161	0.10054	0.02247	0.10872	0.09842	0.00910	0.00601	0.00188	0.00538	0.00737	0.00558	0.00843
3	0.06396	0.07910	0.52096	0.01510	0.02241	0.01349	0.05645	0.01970	0.01281	0.12559	0.01200	0.01316	0.00840	0.00569	0.00540	0.00180	0.00772	0.00451	0.00323	0.00852
4	0.08870	0.12485	0.06429	0.01005	0.01486	0.01128	0.00899	0.03879	0.01430	0.33310	0.03969	0.01579	0.01215	0.00611	0.00501	0.00151	0.00515	0.00472	0.00499	0.19567
5	0.41279	0.01148	0.01221	0.17476	0.01877	0.01294	0.00926	0.08916	0.06290	0.07233	0.01134	0.01288	0.00843	0.00585	0.00465	0.00177	0.00541	0.00422	0.00398	0.06485
6	0.01769	0.01669	0.14879	0.01280	0.01764	0.01451	0.01180	0.44436	0.02134	0.04922	0.04214	0.09121	0.01392	0.00783	0.00586	0.00177	0.00618	0.00627	0.00507	0.06492
7	0.01260	0.01199	0.02074	0.51433	0.14397	0.01364	0.11803	0.06280	0.01318	0.01742	0.01086	0.01526	0.00826	0.00567	0.00595	0.00190	0.00783	0.00541	0.00289	0.00729
8	0.00735	0.00573	0.00667	0.00682	0.00824	0.00505	0.00497	0.00913	0.01382	0.01794	0.27450	0.20983	0.38002	0.01458	0.00699	0.00201	0.00297	0.01263	0.00572	0.00505

[dist]
# distance from previous block
# <min> <max>
0	11

[block]
# block no. 7 follows, 40 sequences, length 11
# corresponding to MSA columns:
# 492-502
name=unknown_H
#
# <colnr> <probs for GDERKNQSTAVLIFYWHMCP>
#	G	D	E	R	K	N	Q	S	T	A	V	L	I	F	Y	W	H	M	C	P
0	0.01229	0.00885	0.01095	0.08448	0.05383	0.00929	0.00812	0.09794	0.10852	0.05033	0.20756	0.02953	0.09133	0.00904	0.00589	0.00178	0.00427	0.02694	0.17222	0.00685
1	0.00736	0.00553	0.00670	0.00719	0.00819	0.00500	0.00502	0.00881	0.01273	0.01671	0.19606	0.37240	0.24611	0.06421	0.00852	0.00234	0.00326	0.01351	0.00550	0.00487
2	0.01888	0.10082	0.05994	0.01926	0.19161	0.40606	0.01319	0.09026	0.01608	0.01768	0.00991	0.01172	0.00812	0.00577	0.00528	0.00157	0.00873	0.00419	0.00316	0.00780
3	0.01341	0.01029	0.01220	0.00878	0.01388	0.00783	0.00705	0.01596	0.01250	0.09075	0.01155	0.01280	0.00917	0.00459	0.00446	0.00095	0.00437	0.00368	0.00381	0.75196
4	0.01798	0.11766	0.04490	0.03843	0.18889	0.21699	0.08290	0.11580	0.04093	0.06404	0.01166	0.01331	0.00909	0.00582	0.00548	0.00165	0.00786	0.00477	0.00360	0.00824
5	0.01328	0.08125	0.36734	0.08060	0.13017	0.01428	0.16451	0.01841	0.01279	0.04720	0.01108	0.01359	0.00824	0.00540	0.00573	0.00181	0.00821	0.00498	0.00281	0.00833
6	0.01490	0.01025	0.01235	0.00896	0.01400	0.00791	0.00723	0.01742	0.01299	0.16991	0.01289	0.01363	0.00979	0.00489	0.00462	0.00105	0.00444	0.00393	0.00421	0.66463
7	0.01097	0.01036	0.00954	0.00887	0.01057	0.16099	0.00665	0.01346	0.01646	0.02148	0.60474	0.03676	0.04526	0.01069	0.00653	0.00176	0.00431	0.00914	0.00571	0.00574
8	0.01744	0.01038	0.01233	0.01017	0.01350	0.01049	0.00813	0.18165	0.12697	0.24374	0.23848	0.02720	0.05592	0.00894	0.00619	0.00183	0.00449	0.00745	0.00639	0.00829
9	0.01175	0.01694	0.29608	0.16981	0.04812	0.01113	0.04177	0.01626	0.01353	0.06664	0.20668	0.02179	0.02047	0.00744	0.00635	0.00187	0.02581	0.00635	0.00385	0.00737
10	0.00995	0.00538	0.00794	0.00821	0.00848	0.00538	0.00593	0.00848	0.00875	0.01158	0.01430	0.02739	0.01484	0.01936	0.01975	0.66287	0.00511	0.15008	0.00310	0.00310

[dist]
# distance from previous block
# <min> <max>
0	1

[block]
# block no. 8 follows, 40 sequences, length 14
# corresponding to MSA columns:
# 504-517
name=unknown_I
#
# <colnr> <probs for GDERKNQSTAVLIFYWHMCP>
#	G	D	E	R	K	N	Q	S	T	A	V	L	I	F	Y	W	H	M	C	P
0	0.07330	0.01315	0.02065	0.12295	0.02188	0.01612	0.17033	0.06107	0.01156	0.01743	0.00934	0.01359	0.00795	0.00788	0.01262	0.00223	0.40276	0.00535	0.00292	0.00691
1	0.01098	0.01034	0.01744	0.78165	0.04005	0.01292	0.01615	0.01486	0.01163	0.01486	0.01034	0.01550	0.00775	0.00581	0.00581	0.00194	0.00775	0.00517	0.00258	0.00646
2	0.36934	0.06402	0.39730	0.01234	0.01858	0.01383	0.01427	0.01779	0.01122	0.02148	0.00929	0.01089	0.00691	0.00544	0.00459	0.00179	0.00669	0.00373	0.00295	0.00754
3	0.46700	0.04918	0.01270	0.01077	0.01418	0.32764	0.00849	0.01964	0.01270	0.02069	0.00847	0.00987	0.00684	0.00563	0.00428	0.00165	0.00704	0.00339	0.00331	0.00653
4	0.00751	0.00592	0.00677	0.00656	0.00824	0.00518	0.00492	0.00958	0.01476	0.01927	0.38561	0.05010	0.42807	0.01340	0.00687	0.00190	0.00285	0.01145	0.00587	0.00518
5	0.01653	0.01245	0.01364	0.01165	0.01493	0.01372	0.00916	0.33438	0.25262	0.04978	0.02125	0.18568	0.01873	0.00972	0.00620	0.00195	0.00513	0.00813	0.00580	0.00855
6	0.00816	0.00551	0.00643	0.00672	0.00680	0.00544	0.00393	0.00838	0.00904	0.01205	0.02131	0.20191	0.02491	0.62664	0.02478	0.00493	0.00515	0.01021	0.00393	0.00378
7	0.01102	0.01036	0.01449	0.01307	0.01325	0.01383	0.01054	0.01232	0.00944	0.01413	0.01380	0.18317	0.01508	0.01554	0.09804	0.00324	0.53187	0.00770	0.00323	0.00588
8	0.00914	0.00711	0.00907	0.00875	0.00887	0.00821	0.00605	0.00970	0.00907	0.01261	0.01823	0.16273	0.02085	0.44861	0.06413	0.00460	0.17520	0.00901	0.00361	0.00444
9	0.01502	0.01277	0.01346	0.01195	0.01533	0.01472	0.00934	0.08254	0.69631	0.02522	0.02296	0.02113	0.01718	0.00782	0.00591	0.00196	0.00473	0.00648	0.00591	0.00925
10	0.01405	0.01141	0.01302	0.00958	0.01445	0.00987	0.00773	0.17212	0.01560	0.02301	0.04826	0.01403	0.01119	0.00527	0.00476	0.00110	0.00468	0.00419	0.00411	0.61155
11	0.00794	0.00593	0.00736	0.00701	0.00851	0.00536	0.00525	0.01040	0.01576	0.02167	0.60470	0.04616	0.20749	0.01251	0.00686	0.00186	0.00279	0.01090	0.00618	0.00536
12	0.18742	0.00641	0.00714	0.00800	0.00905	0.00653	0.00559	0.01005	0.01086	0.01729	0.02684	0.62177	0.03147	0.01543	0.00659	0.00224	0.00362	0.01362	0.00501	0.00507
13	0.00814	0.00594	0.00765	0.00723	0.00864	0.00545	0.00542	0.01081	0.01626	0.02284	0.71236	0.04423	0.09909	0.01207	0.00686	0.00184	0.00276	0.01063	0.00634	0.00545

[dist]
# distance from previous block
# <min> <max>
0	31

# created by:
# /software/SequenceAnalysis/GenePrediction/augustus/3.0.1/scripts/msa2prfl.pl ./fixed/BUSCOvEOG7S7M42.fas
