[name]
unknown

[dist]
# distance from previous block
# <min> <max>
0	4

[block]
# block no. 0 follows, 39 sequences, length 34
# corresponding to MSA columns:
# 4-37
name=unknown_A
#
# <colnr> <probs for GDERKNQSTAVLIFYWHMCP>
#	G	D	E	R	K	N	Q	S	T	A	V	L	I	F	Y	W	H	M	C	P
0	0.00953	0.00681	0.00953	0.01089	0.01225	0.00681	0.00953	0.01225	0.01361	0.01770	0.03131	0.06671	0.03403	0.01634	0.00817	0.00272	0.00545	0.71547	0.00545	0.00545
1	0.05483	0.01181	0.01328	0.01137	0.01511	0.01273	0.00902	0.02997	0.48086	0.25816	0.02313	0.02090	0.01645	0.00769	0.00589	0.00194	0.00479	0.00630	0.00633	0.00945
2	0.00898	0.00620	0.00793	0.00759	0.00914	0.00565	0.00575	0.01148	0.01586	0.05469	0.55548	0.09117	0.14088	0.01283	0.00702	0.00195	0.00307	0.04237	0.00631	0.00565
3	0.01339	0.01485	0.03142	0.17736	0.03290	0.01459	0.58858	0.01817	0.01353	0.01817	0.01167	0.01591	0.00875	0.00517	0.00676	0.00199	0.00955	0.00663	0.00292	0.00769
4	0.01315	0.01253	0.02132	0.35414	0.44906	0.01366	0.01741	0.01685	0.01276	0.01752	0.01086	0.01512	0.00873	0.00554	0.00588	0.00185	0.00739	0.00526	0.00280	0.00817
5	0.00729	0.00521	0.00693	0.00818	0.00860	0.00486	0.00550	0.00844	0.01170	0.01569	0.08247	0.73673	0.04027	0.01808	0.00751	0.00236	0.00339	0.01639	0.00556	0.00486
6	0.00837	0.00604	0.00790	0.00744	0.00883	0.00558	0.00558	0.01116	0.01674	0.02371	0.75216	0.04417	0.05580	0.01209	0.00697	0.00186	0.00279	0.01069	0.00651	0.00558
7	0.02435	0.01181	0.08369	0.01098	0.01580	0.00903	0.00979	0.02709	0.01650	0.65707	0.05458	0.02048	0.01580	0.00737	0.00596	0.00184	0.00528	0.00601	0.00683	0.00974
8	0.01717	0.01044	0.01228	0.01066	0.01389	0.01081	0.00835	0.06822	0.30491	0.25140	0.07577	0.13045	0.03998	0.00967	0.00629	0.00198	0.00455	0.00821	0.00636	0.00862
9	0.02653	0.01006	0.01372	0.01052	0.01510	0.00869	0.00869	0.02882	0.01693	0.75937	0.02333	0.02013	0.01464	0.00732	0.00595	0.00183	0.00503	0.00595	0.00732	0.01006
10	0.01078	0.00658	0.00868	0.00785	0.00967	0.00599	0.00599	0.01350	0.01676	0.12127	0.65551	0.04099	0.05034	0.01146	0.00684	0.00186	0.00309	0.01007	0.00662	0.00617
11	0.01268	0.00657	0.00884	0.00884	0.01042	0.00593	0.00639	0.01414	0.01314	0.22447	0.06193	0.53958	0.03298	0.01509	0.00707	0.00222	0.00385	0.01349	0.00605	0.00632
12	0.00920	0.00623	0.00817	0.00758	0.00912	0.00572	0.00572	0.01197	0.01675	0.05743	0.71875	0.04307	0.05391	0.01187	0.00693	0.00186	0.00289	0.01048	0.00655	0.00579
13	0.02653	0.01006	0.01372	0.01052	0.01510	0.00869	0.00869	0.02882	0.01693	0.75937	0.02333	0.02013	0.01464	0.00732	0.00595	0.00183	0.00503	0.00595	0.00732	0.01006
14	0.00721	0.00515	0.00686	0.00823	0.00858	0.00480	0.00549	0.00823	0.01132	0.01510	0.03259	0.78831	0.03911	0.01853	0.00755	0.00240	0.00343	0.01681	0.00549	0.00480
15	0.00925	0.00610	0.00796	0.00778	0.00916	0.00557	0.00572	0.01152	0.01529	0.07108	0.49612	0.22407	0.08090	0.01346	0.00705	0.00200	0.00311	0.01194	0.00627	0.00567
16	0.02248	0.01656	0.01775	0.01361	0.01834	0.01834	0.01124	0.73556	0.02780	0.03727	0.01420	0.01420	0.01006	0.00710	0.00592	0.00177	0.00651	0.00532	0.00592	0.01006
17	0.00721	0.00515	0.00686	0.00823	0.00858	0.00480	0.00549	0.00823	0.01132	0.01510	0.03259	0.78831	0.03911	0.01853	0.00755	0.00240	0.00343	0.01681	0.00549	0.00480
18	0.00779	0.00602	0.00710	0.00683	0.00848	0.00533	0.00512	0.01004	0.01537	0.02047	0.46155	0.04952	0.34843	0.01330	0.00698	0.00192	0.00288	0.01144	0.00608	0.00533
19	0.00721	0.00515	0.00686	0.00823	0.00858	0.00480	0.00549	0.00823	0.01132	0.01510	0.03259	0.78831	0.03911	0.01853	0.00755	0.00240	0.00343	0.01681	0.00549	0.00480
20	0.02209	0.02819	0.01676	0.01524	0.01828	0.76843	0.01143	0.02361	0.01676	0.01447	0.00914	0.01066	0.00762	0.00609	0.00533	0.00152	0.01066	0.00381	0.00305	0.00686
21	0.02161	0.02627	0.01658	0.01487	0.01800	0.66934	0.01126	0.08998	0.01752	0.01659	0.00987	0.01147	0.00812	0.00763	0.03412	0.00185	0.01047	0.00405	0.00332	0.00710
22	0.01635	0.00781	0.01046	0.00879	0.01159	0.00695	0.00695	0.01892	0.01682	0.34682	0.43205	0.03361	0.03772	0.00999	0.00652	0.00185	0.00377	0.00861	0.00687	0.00755
23	0.02653	0.01006	0.01372	0.01052	0.01510	0.00869	0.00869	0.02882	0.01693	0.75937	0.02333	0.02013	0.01464	0.00732	0.00595	0.00183	0.00503	0.00595	0.00732	0.01006
24	0.02542	0.01031	0.01369	0.01066	0.01512	0.00926	0.00875	0.02906	0.08526	0.69038	0.02340	0.02031	0.01496	0.00739	0.00595	0.00185	0.00500	0.00602	0.00720	0.01000
25	0.00859	0.00575	0.00651	0.00649	0.00655	0.00573	0.00366	0.00870	0.00893	0.01197	0.04857	0.03892	0.02290	0.76033	0.02916	0.00558	0.00561	0.00869	0.00370	0.00366
26	0.01544	0.01307	0.01378	0.01218	0.01566	0.01505	0.00954	0.09755	0.67728	0.02592	0.02314	0.02133	0.01730	0.00794	0.00601	0.00198	0.00485	0.00656	0.00601	0.00943
27	0.01495	0.01213	0.01370	0.01011	0.01516	0.01079	0.00817	0.19882	0.04289	0.02405	0.01194	0.01311	0.00943	0.00520	0.00483	0.00115	0.00493	0.00408	0.00421	0.59033
28	0.09783	0.05298	0.01675	0.01408	0.01743	0.51485	0.01093	0.14327	0.01755	0.01944	0.00983	0.01120	0.00792	0.00632	0.00573	0.00162	0.03730	0.00403	0.00356	0.00737
29	0.01027	0.00514	0.00770	0.00770	0.00770	0.00514	0.00514	0.00770	0.00770	0.01027	0.01027	0.01798	0.01027	0.02054	0.02311	0.82794	0.00514	0.00514	0.00257	0.00257
30	0.00837	0.00604	0.00790	0.00744	0.00883	0.00558	0.00558	0.01116	0.01674	0.02371	0.75216	0.04417	0.05580	0.01209	0.00697	0.00186	0.00279	0.01069	0.00651	0.00558
31	0.00892	0.00636	0.00876	0.00891	0.00977	0.00718	0.00674	0.01083	0.01043	0.01558	0.01996	0.20833	0.02027	0.02902	0.39490	0.00584	0.06423	0.00866	0.15002	0.00529
32	0.01396	0.01595	0.03490	0.02493	0.03091	0.01496	0.73380	0.01894	0.01396	0.01894	0.01196	0.01595	0.00897	0.00499	0.00698	0.00199	0.00997	0.00698	0.00299	0.00798
33	0.01433	0.01228	0.04209	0.07460	0.01715	0.01311	0.01003	0.02705	0.52345	0.06992	0.09094	0.02424	0.02054	0.00830	0.00613	0.00199	0.00496	0.02447	0.00572	0.00870

[dist]
# distance from previous block
# <min> <max>
0	1

[block]
# block no. 1 follows, 39 sequences, length 16
# corresponding to MSA columns:
# 39-54
name=unknown_B
#
# <colnr> <probs for GDERKNQSTAVLIFYWHMCP>
#	G	D	E	R	K	N	Q	S	T	A	V	L	I	F	Y	W	H	M	C	P
0	0.01249	0.12964	0.62553	0.01643	0.02453	0.01506	0.06014	0.01861	0.01251	0.01811	0.01038	0.01229	0.00759	0.00551	0.00546	0.00180	0.00849	0.00436	0.00253	0.00855
1	0.07657	0.69426	0.07039	0.01032	0.01549	0.02210	0.01050	0.01774	0.01190	0.01512	0.00836	0.00966	0.00750	0.00512	0.00389	0.00134	0.00633	0.00323	0.00261	0.00757
2	0.83394	0.01144	0.00869	0.00778	0.01144	0.01327	0.00640	0.01738	0.01006	0.02653	0.00823	0.00961	0.00640	0.00549	0.00366	0.00183	0.00457	0.00320	0.00366	0.00640
3	0.01117	0.01051	0.01774	0.77795	0.04073	0.01314	0.01642	0.01511	0.01182	0.01511	0.01051	0.01577	0.00788	0.00591	0.00591	0.00197	0.00788	0.00526	0.00263	0.00657
4	0.01328	0.01267	0.02155	0.32668	0.47551	0.01369	0.01747	0.01696	0.01282	0.01767	0.01088	0.01508	0.00879	0.00552	0.00588	0.00184	0.00736	0.00526	0.00281	0.00827
5	0.01117	0.01051	0.01774	0.77795	0.04073	0.01314	0.01642	0.01511	0.01182	0.01511	0.01051	0.01577	0.00788	0.00591	0.00591	0.00197	0.00788	0.00526	0.00263	0.00657
6	0.05965	0.01633	0.01733	0.01334	0.01802	0.01811	0.01102	0.70266	0.02699	0.03678	0.01393	0.01399	0.00989	0.00703	0.00581	0.00178	0.00642	0.00523	0.00581	0.00989
7	0.00846	0.00610	0.00803	0.00770	0.00909	0.00567	0.00587	0.01124	0.01651	0.02327	0.69843	0.04585	0.05418	0.01241	0.00706	0.00192	0.00299	0.06322	0.00643	0.00557
8	0.83394	0.01144	0.00869	0.00778	0.01144	0.01327	0.00640	0.01738	0.01006	0.02653	0.00823	0.00961	0.00640	0.00549	0.00366	0.00183	0.00457	0.00320	0.00366	0.00640
9	0.00721	0.00515	0.00686	0.00823	0.00858	0.00480	0.00549	0.00823	0.01132	0.01510	0.03259	0.78831	0.03911	0.01853	0.00755	0.00240	0.00343	0.01681	0.00549	0.00480
10	0.01027	0.00514	0.00770	0.00770	0.00770	0.00514	0.00514	0.00770	0.00770	0.01027	0.01027	0.01798	0.01027	0.02054	0.02311	0.82794	0.00514	0.00514	0.00257	0.00257
11	0.01269	0.01187	0.02013	0.41158	0.36057	0.01321	0.01672	0.01616	0.01239	0.01680	0.01078	0.01535	0.00865	0.00625	0.00662	0.03720	0.00738	0.00526	0.00276	0.00766
12	0.02088	0.01393	0.01598	0.01396	0.01756	0.01413	0.01132	0.35104	0.02234	0.13425	0.02418	0.03732	0.02176	0.01221	0.00791	0.00264	0.00683	0.25517	0.00681	0.00976
13	0.01392	0.00772	0.00775	0.00763	0.00923	0.00730	0.00550	0.01578	0.01416	0.02444	0.02175	0.02557	0.01758	0.00874	0.00542	0.00192	0.00383	0.00640	0.78833	0.00703
14	0.01336	0.00839	0.01080	0.01017	0.01104	0.00799	0.00701	0.01125	0.01068	0.01500	0.04930	0.02328	0.01546	0.06262	0.02113	0.57887	0.04936	0.00635	0.00392	0.08402
15	0.04084	0.01019	0.01231	0.01195	0.01388	0.03332	0.04304	0.01663	0.07885	0.11636	0.02992	0.48132	0.03173	0.01593	0.00813	0.00273	0.00544	0.03332	0.00639	0.00774

[dist]
# distance from previous block
# <min> <max>
0	1

[block]
# block no. 2 follows, 39 sequences, length 6
# corresponding to MSA columns:
# 56-61
name=unknown_C
#
# <colnr> <probs for GDERKNQSTAVLIFYWHMCP>
#	G	D	E	R	K	N	Q	S	T	A	V	L	I	F	Y	W	H	M	C	P
0	0.15057	0.36117	0.19635	0.01377	0.08288	0.01801	0.01291	0.01891	0.06404	0.01839	0.01017	0.01156	0.00827	0.00549	0.00454	0.00160	0.00654	0.00389	0.00299	0.00795
1	0.10738	0.06285	0.14849	0.28902	0.13986	0.01388	0.01498	0.01795	0.08360	0.01840	0.01154	0.01462	0.00894	0.00643	0.00613	0.03343	0.00701	0.00487	0.00309	0.00755
2	0.25987	0.01106	0.01320	0.13784	0.01787	0.01271	0.00980	0.04660	0.04337	0.13705	0.07809	0.01672	0.01329	0.00738	0.00757	0.00195	0.13642	0.00521	0.00432	0.03968
3	0.15802	0.01105	0.01621	0.28490	0.10892	0.01252	0.06781	0.01688	0.08378	0.01935	0.05750	0.08553	0.01449	0.00752	0.00622	0.00198	0.03011	0.00651	0.00369	0.00702
4	0.34439	0.04982	0.01436	0.21574	0.02079	0.01410	0.01053	0.07315	0.01263	0.10071	0.01087	0.01306	0.00815	0.00638	0.00623	0.00191	0.08180	0.00440	0.00379	0.00719
5	0.36655	0.19989	0.10325	0.01017	0.01485	0.01554	0.00972	0.08807	0.01336	0.08427	0.03876	0.01255	0.00974	0.00596	0.00446	0.00170	0.00563	0.00405	0.00389	0.00758

[dist]
# distance from previous block
# <min> <max>
0	13

[block]
# block no. 3 follows, 39 sequences, length 41
# corresponding to MSA columns:
# 79-119
name=unknown_D
#
# <colnr> <probs for GDERKNQSTAVLIFYWHMCP>
#	G	D	E	R	K	N	Q	S	T	A	V	L	I	F	Y	W	H	M	C	P
0	0.01812	0.06739	0.16083	0.01431	0.01946	0.01260	0.12425	0.04178	0.10743	0.26662	0.03582	0.05564	0.03227	0.00774	0.00627	0.00198	0.00661	0.00664	0.00522	0.00903
1	0.01266	0.01223	0.02069	0.50734	0.06638	0.01436	0.12087	0.01685	0.04670	0.01674	0.01164	0.01648	0.00912	0.00672	0.00783	0.00214	0.09514	0.00574	0.00305	0.00731
2	0.03672	0.38238	0.24687	0.01427	0.02021	0.01861	0.08885	0.01883	0.01273	0.05181	0.01059	0.01254	0.00856	0.00599	0.00583	0.00174	0.04779	0.00435	0.00303	0.00828
3	0.01160	0.00595	0.00595	0.00593	0.00735	0.00587	0.00440	0.01417	0.01275	0.02252	0.01978	0.02274	0.01564	0.00726	0.00439	0.00149	0.00297	0.00569	0.81775	0.00581
4	0.01273	0.02826	0.64339	0.01723	0.02508	0.01435	0.05432	0.01951	0.05079	0.01932	0.01179	0.01395	0.00867	0.00634	0.00666	0.00203	0.04893	0.00484	0.00291	0.00889
5	0.09199	0.01097	0.01379	0.04676	0.01623	0.01029	0.00905	0.09305	0.01723	0.50530	0.06870	0.02042	0.01613	0.00762	0.00598	0.00189	0.00528	0.00600	0.00659	0.04672
6	0.00820	0.00601	0.00759	0.00863	0.00930	0.00565	0.00587	0.00988	0.04390	0.01663	0.07858	0.66474	0.07661	0.01775	0.00764	0.00243	0.00363	0.01584	0.00575	0.00537
7	0.67705	0.01277	0.01078	0.00925	0.01313	0.01449	0.00755	0.15051	0.01371	0.02895	0.00992	0.01126	0.00764	0.00617	0.00433	0.00192	0.00513	0.00379	0.00427	0.00737
8	0.01085	0.00558	0.00813	0.00810	0.00816	0.00549	0.00540	0.00815	0.00809	0.01085	0.01084	0.01871	0.01080	0.02079	0.02319	0.82056	0.00533	0.00532	0.00277	0.00290
9	0.82706	0.01182	0.00911	0.00817	0.01186	0.01355	0.00665	0.01775	0.01043	0.02696	0.00882	0.01042	0.00696	0.00587	0.00392	0.00193	0.00477	0.00340	0.00385	0.00670
10	0.02260	0.01673	0.01788	0.01388	0.01856	0.01841	0.01136	0.69744	0.06057	0.03704	0.01518	0.01532	0.01094	0.00751	0.00616	0.00189	0.00660	0.00556	0.00609	0.01029
11	0.01268	0.07928	0.70883	0.01674	0.02523	0.01463	0.02122	0.01901	0.01280	0.01893	0.01103	0.01308	0.00805	0.00596	0.00574	0.00194	0.00875	0.00448	0.00270	0.00894
12	0.01839	0.01024	0.01266	0.01051	0.01388	0.00981	0.00825	0.13870	0.03782	0.29137	0.07338	0.09749	0.01963	0.05378	0.09316	0.00296	0.00633	0.00739	0.00594	0.08831
13	0.02624	0.01081	0.01425	0.01099	0.01561	0.00949	0.00899	0.06534	0.01763	0.68904	0.02285	0.02025	0.01467	0.00757	0.00613	0.00190	0.00528	0.00600	0.00727	0.03969
14	0.82706	0.01182	0.00911	0.00817	0.01186	0.01355	0.00665	0.01775	0.01043	0.02696	0.00882	0.01042	0.00696	0.00587	0.00392	0.00193	0.00477	0.00340	0.00385	0.00670
15	0.00982	0.00679	0.00795	0.00778	0.00826	0.00694	0.00493	0.04711	0.01026	0.01391	0.01920	0.07463	0.02123	0.59166	0.13901	0.00599	0.00736	0.00866	0.00393	0.00456
16	0.01450	0.01629	0.03507	0.02517	0.03115	0.01522	0.72746	0.01929	0.01429	0.01944	0.01252	0.01670	0.00951	0.00537	0.00721	0.00210	0.01012	0.00714	0.00319	0.00825
17	0.01243	0.03080	0.75512	0.01717	0.02589	0.01401	0.02196	0.01908	0.01283	0.01923	0.01118	0.01327	0.00804	0.00600	0.00586	0.00198	0.00890	0.00456	0.00270	0.00901
18	0.02371	0.01569	0.01733	0.01338	0.01809	0.01677	0.01097	0.59739	0.02598	0.17250	0.01644	0.01607	0.01144	0.00750	0.00616	0.00189	0.00641	0.00562	0.00635	0.01032
19	0.01174	0.01090	0.01807	0.77137	0.04089	0.01342	0.01658	0.01549	0.01218	0.01564	0.01108	0.01652	0.00843	0.00629	0.00615	0.00207	0.00805	0.00543	0.00283	0.00686
20	0.49276	0.01454	0.01278	0.01066	0.01470	0.05465	0.00866	0.27656	0.01717	0.03020	0.01101	0.01212	0.00834	0.00648	0.00482	0.00190	0.00578	0.00419	0.00463	0.00804
21	0.01525	0.01307	0.01374	0.01239	0.01576	0.01498	0.00958	0.03166	0.73831	0.02519	0.02451	0.02276	0.01850	0.00838	0.00625	0.00211	0.00488	0.00685	0.00619	0.00963
22	0.00897	0.00648	0.00833	0.00784	0.00928	0.00593	0.00584	0.01158	0.01705	0.02417	0.74600	0.04467	0.05591	0.01241	0.00720	0.00196	0.00300	0.01082	0.00667	0.00588
23	0.01518	0.01441	0.02428	0.03644	0.74896	0.01433	0.01829	0.01850	0.01380	0.01982	0.01168	0.01540	0.00990	0.00565	0.00609	0.00186	0.00720	0.00545	0.00312	0.00963
24	0.00878	0.00629	0.00798	0.00926	0.00974	0.00574	0.00616	0.00939	0.01225	0.01649	0.03355	0.77207	0.03979	0.01921	0.00813	0.00266	0.00397	0.01700	0.00594	0.00560
25	0.01483	0.01650	0.03518	0.02531	0.03130	0.01538	0.72365	0.01950	0.01449	0.01974	0.01285	0.01716	0.00983	0.00560	0.00734	0.00216	0.01021	0.00724	0.00330	0.00842
26	0.00955	0.00643	0.00714	0.00711	0.00720	0.00630	0.00402	0.00931	0.00921	0.01238	0.01942	0.03957	0.02217	0.78137	0.03013	0.00584	0.00603	0.00884	0.00389	0.00409
27	0.01726	0.71180	0.02997	0.01121	0.01609	0.09472	0.01059	0.01885	0.01303	0.01484	0.00925	0.01090	0.00847	0.00577	0.00435	0.00146	0.00703	0.00354	0.00290	0.00797
28	0.01047	0.00749	0.01018	0.01148	0.01292	0.00735	0.00989	0.01291	0.01415	0.01852	0.03192	0.06717	0.03453	0.01679	0.00852	0.00287	0.00575	0.70546	0.00572	0.00593
29	0.01047	0.00749	0.01018	0.01148	0.01292	0.00735	0.00989	0.01291	0.01415	0.01852	0.03192	0.06717	0.03453	0.01679	0.00852	0.00287	0.00575	0.70546	0.00572	0.00593
30	0.01208	0.01114	0.01827	0.76742	0.04098	0.01359	0.01668	0.01572	0.01239	0.01597	0.01142	0.01697	0.00875	0.00651	0.00629	0.00213	0.00815	0.00554	0.00295	0.00704
31	0.02722	0.01070	0.01431	0.01112	0.01572	0.00921	0.00906	0.02923	0.01742	0.74944	0.02405	0.02127	0.01541	0.00790	0.00633	0.00199	0.00534	0.00622	0.00757	0.01048
32	0.01194	0.00621	0.00622	0.00618	0.00763	0.00608	0.00457	0.01441	0.01296	0.02280	0.02007	0.02316	0.01592	0.00748	0.00454	0.00155	0.00310	0.00579	0.81339	0.00599
33	0.02209	0.02819	0.01676	0.01524	0.01828	0.76843	0.01143	0.02361	0.01676	0.01447	0.00914	0.01066	0.00762	0.00609	0.00533	0.00152	0.01066	0.00381	0.00305	0.00686
34	0.00738	0.00527	0.00706	0.00843	0.00885	0.00495	0.00579	0.00853	0.01149	0.01529	0.03250	0.73464	0.03874	0.01836	0.00759	0.00243	0.00358	0.06877	0.00549	0.00485
35	0.00810	0.00613	0.00754	0.00745	0.00903	0.00556	0.00577	0.01049	0.01534	0.02057	0.44673	0.05101	0.26525	0.01353	0.00714	0.00201	0.00320	0.10372	0.00606	0.00538
36	0.02653	0.01006	0.01372	0.01052	0.01510	0.00869	0.00869	0.02882	0.01693	0.75937	0.02333	0.02013	0.01464	0.00732	0.00595	0.00183	0.00503	0.00595	0.00732	0.01006
37	0.01471	0.01270	0.01337	0.01203	0.01538	0.01471	0.00936	0.03142	0.74459	0.02474	0.02407	0.02206	0.01805	0.00802	0.00602	0.00201	0.00468	0.00669	0.00602	0.00936
38	0.01842	0.00827	0.01112	0.00914	0.01230	0.00730	0.00730	0.02093	0.01684	0.43058	0.34907	0.03088	0.03304	0.00945	0.00641	0.00184	0.00403	0.00807	0.00696	0.00806
39	0.02653	0.01006	0.01372	0.01052	0.01510	0.00869	0.00869	0.02882	0.01693	0.75937	0.02333	0.02013	0.01464	0.00732	0.00595	0.00183	0.00503	0.00595	0.00732	0.01006
40	0.00721	0.00515	0.00686	0.00823	0.00858	0.00480	0.00549	0.00823	0.01132	0.01510	0.03259	0.78831	0.03911	0.01853	0.00755	0.00240	0.00343	0.01681	0.00549	0.00480

[dist]
# distance from previous block
# <min> <max>
0	1

[block]
# block no. 4 follows, 39 sequences, length 34
# corresponding to MSA columns:
# 121-154
name=unknown_E
#
# <colnr> <probs for GDERKNQSTAVLIFYWHMCP>
#	G	D	E	R	K	N	Q	S	T	A	V	L	I	F	Y	W	H	M	C	P
0	0.02300	0.00930	0.01262	0.01001	0.01396	0.00811	0.00819	0.02538	0.01681	0.61472	0.14713	0.02546	0.02214	0.00837	0.00618	0.00186	0.00466	0.02580	0.00713	0.00918
1	0.83394	0.01144	0.00869	0.00778	0.01144	0.01327	0.00640	0.01738	0.01006	0.02653	0.00823	0.00961	0.00640	0.00549	0.00366	0.00183	0.00457	0.00320	0.00366	0.00640
2	0.01396	0.01595	0.03490	0.02493	0.03091	0.01496	0.73380	0.01894	0.01396	0.01894	0.01196	0.01595	0.00897	0.00499	0.00698	0.00199	0.00997	0.00698	0.00299	0.00798
3	0.00719	0.00519	0.00681	0.00811	0.00855	0.00481	0.00544	0.00825	0.01144	0.01514	0.03408	0.74851	0.07795	0.01833	0.00752	0.00238	0.00341	0.01658	0.00549	0.00481
4	0.01195	0.00979	0.01043	0.00964	0.01236	0.01049	0.00741	0.02190	0.41739	0.04508	0.06290	0.07223	0.26234	0.01096	0.00645	0.00201	0.00401	0.00922	0.00588	0.00758
5	0.00859	0.00577	0.00666	0.00666	0.00673	0.00584	0.00384	0.00873	0.00866	0.01162	0.01845	0.03766	0.02105	0.74194	0.07971	0.00599	0.00641	0.00845	0.00356	0.00370
6	0.00830	0.00588	0.00741	0.00763	0.00888	0.00534	0.00555	0.01023	0.01418	0.04184	0.32952	0.29890	0.18365	0.01481	0.00718	0.00210	0.00320	0.03412	0.00596	0.00534
7	0.00756	0.00538	0.00716	0.00845	0.00890	0.00509	0.00587	0.00873	0.01145	0.01521	0.03168	0.66172	0.03755	0.06050	0.00885	0.00262	0.00380	0.09931	0.00538	0.00481
8	0.83394	0.01144	0.00869	0.00778	0.01144	0.01327	0.00640	0.01738	0.01006	0.02653	0.00823	0.00961	0.00640	0.00549	0.00366	0.00183	0.00457	0.00320	0.00366	0.00640
9	0.00721	0.00515	0.00686	0.00823	0.00858	0.00480	0.00549	0.00823	0.01132	0.01510	0.03259	0.78831	0.03911	0.01853	0.00755	0.00240	0.00343	0.01681	0.00549	0.00480
10	0.01157	0.00839	0.01003	0.00968	0.01180	0.00868	0.00758	0.01828	0.23784	0.07364	0.21774	0.13049	0.08043	0.01223	0.00689	0.00213	0.00409	0.13556	0.00604	0.00690
11	0.51383	0.06504	0.22983	0.01163	0.04370	0.01405	0.01157	0.01782	0.01102	0.02322	0.00903	0.01063	0.00690	0.00549	0.00432	0.00181	0.00599	0.00362	0.00322	0.00727
12	0.00719	0.00522	0.00679	0.00804	0.00853	0.00482	0.00540	0.00826	0.01151	0.01517	0.03497	0.72480	0.10109	0.01822	0.00750	0.00237	0.00339	0.01644	0.00549	0.00482
13	0.01321	0.01109	0.01276	0.00927	0.01442	0.00898	0.00744	0.07677	0.03553	0.02097	0.01123	0.01272	0.00915	0.00472	0.00456	0.00099	0.00457	0.00375	0.00378	0.73408
14	0.00770	0.00581	0.00726	0.00795	0.00852	0.00571	0.00542	0.00866	0.01115	0.01463	0.03389	0.49794	0.16147	0.13930	0.01165	0.00286	0.04618	0.01411	0.00503	0.00474
15	0.00800	0.00601	0.00756	0.00835	0.00961	0.00557	0.00650	0.00987	0.01321	0.01701	0.10868	0.27090	0.24941	0.01617	0.00753	0.00233	0.00389	0.23870	0.00557	0.00514
16	0.02053	0.01545	0.01661	0.01302	0.01748	0.01699	0.01063	0.58617	0.12341	0.03412	0.01582	0.03497	0.01182	0.00738	0.00590	0.00178	0.00608	0.00571	0.00580	0.05035
17	0.01320	0.01271	0.02063	0.01486	0.02016	0.01108	0.26340	0.03856	0.01322	0.01952	0.01103	0.01365	0.00884	0.00490	0.00591	0.00136	0.03557	0.00485	0.00336	0.48320
18	0.01467	0.57469	0.24203	0.01207	0.01819	0.02061	0.01351	0.01800	0.01215	0.01530	0.00891	0.01035	0.00756	0.00522	0.00432	0.00144	0.00702	0.00351	0.00252	0.00792
19	0.02129	0.01438	0.01598	0.01260	0.01692	0.01560	0.01030	0.47925	0.12761	0.15409	0.03434	0.01727	0.01316	0.00850	0.02885	0.00205	0.00620	0.00578	0.00609	0.00971
20	0.01382	0.01545	0.05732	0.02105	0.02696	0.01362	0.53964	0.04130	0.01401	0.01959	0.01170	0.01503	0.00891	0.00496	0.00638	0.00176	0.00870	0.00614	0.00317	0.17049
21	0.01073	0.00537	0.00637	0.00637	0.00721	0.00537	0.00452	0.01141	0.01057	0.01746	0.01578	0.02046	0.01325	0.01221	0.01153	0.32358	0.00368	0.00537	0.50441	0.00436
22	0.01027	0.00514	0.00770	0.00770	0.00770	0.00514	0.00514	0.00770	0.00770	0.01027	0.01027	0.01798	0.01027	0.02054	0.02311	0.82794	0.00514	0.00514	0.00257	0.00257
23	0.01186	0.03059	0.76153	0.01686	0.02560	0.01373	0.02185	0.01873	0.01249	0.01873	0.01061	0.01249	0.00749	0.00562	0.00562	0.00187	0.00874	0.00437	0.00250	0.00874
24	0.01186	0.03059	0.76153	0.01686	0.02560	0.01373	0.02185	0.01873	0.01249	0.01873	0.01061	0.01249	0.00749	0.00562	0.00562	0.00187	0.00874	0.00437	0.00250	0.00874
25	0.02653	0.01006	0.01372	0.01052	0.01510	0.00869	0.00869	0.02882	0.01693	0.75937	0.02333	0.02013	0.01464	0.00732	0.00595	0.00183	0.00503	0.00595	0.00732	0.01006
26	0.00892	0.00682	0.00852	0.00928	0.01096	0.00658	0.00781	0.01192	0.04977	0.01746	0.04068	0.06116	0.27785	0.01546	0.00766	0.00244	0.00457	0.44115	0.00549	0.00549
27	0.02653	0.01006	0.01372	0.01052	0.01510	0.00869	0.00869	0.02882	0.01693	0.75937	0.02333	0.02013	0.01464	0.00732	0.00595	0.00183	0.00503	0.00595	0.00732	0.01006
28	0.02653	0.01006	0.01372	0.01052	0.01510	0.00869	0.00869	0.02882	0.01693	0.75937	0.02333	0.02013	0.01464	0.00732	0.00595	0.00183	0.00503	0.00595	0.00732	0.01006
29	0.01917	0.00828	0.01121	0.00951	0.01259	0.00729	0.00746	0.02124	0.01556	0.47055	0.13556	0.20724	0.02670	0.01072	0.00648	0.00197	0.00431	0.00926	0.00676	0.00813
30	0.00860	0.00573	0.00645	0.00645	0.00645	0.00573	0.00358	0.00860	0.00860	0.01147	0.01863	0.03870	0.02150	0.79217	0.03010	0.00573	0.00573	0.00860	0.00358	0.00358
31	0.01396	0.01595	0.03490	0.02493	0.03091	0.01496	0.73380	0.01894	0.01396	0.01894	0.01196	0.01595	0.00897	0.00499	0.00698	0.00199	0.00997	0.00698	0.00299	0.00798
32	0.00721	0.00515	0.00686	0.00823	0.00858	0.00480	0.00549	0.00823	0.01132	0.01510	0.03259	0.78831	0.03911	0.01853	0.00755	0.00240	0.00343	0.01681	0.00549	0.00480
33	0.02653	0.01006	0.01372	0.01052	0.01510	0.00869	0.00869	0.02882	0.01693	0.75937	0.02333	0.02013	0.01464	0.00732	0.00595	0.00183	0.00503	0.00595	0.00732	0.01006

[dist]
# distance from previous block
# <min> <max>
0	111

# created by:
# /software/SequenceAnalysis/GenePrediction/augustus/3.0.1/scripts/msa2prfl.pl ./fixed/BUSCOvEOG7RR7Z9.fas
