[name]
unknown

[dist]
# distance from previous block
# <min> <max>
0	109

[block]
# block no. 0 follows, 40 sequences, length 25
# corresponding to MSA columns:
# 115-139
name=unknown_A
#
# <colnr> <probs for GDERKNQSTAVLIFYWHMCP>
#	G	D	E	R	K	N	Q	S	T	A	V	L	I	F	Y	W	H	M	C	P
0	0.08068	0.01087	0.01326	0.01051	0.01457	0.01056	0.00857	0.15971	0.04882	0.46787	0.06694	0.04877	0.01658	0.00777	0.00581	0.00182	0.00498	0.00627	0.00651	0.00914
1	0.01085	0.00793	0.00933	0.00898	0.01058	0.00804	0.00657	0.18170	0.01568	0.02099	0.12419	0.41076	0.08830	0.05775	0.00816	0.00230	0.00410	0.01229	0.00552	0.00599
2	0.00905	0.00675	0.00897	0.18981	0.01432	0.00736	0.00651	0.00997	0.00921	0.01212	0.01643	0.03272	0.01797	0.60874	0.02397	0.00476	0.00614	0.00768	0.00330	0.00422
3	0.00812	0.00639	0.00938	0.19107	0.01594	0.00674	0.00795	0.00997	0.01176	0.01566	0.09617	0.53657	0.03276	0.01468	0.00699	0.00221	0.00435	0.01327	0.00483	0.00521
4	0.01017	0.01221	0.18691	0.00936	0.01185	0.00837	0.00850	0.06311	0.01147	0.01592	0.08671	0.03076	0.02031	0.47760	0.02004	0.00410	0.00611	0.00744	0.00371	0.00536
5	0.20352	0.00661	0.00731	0.00812	0.00929	0.00679	0.00581	0.01043	0.01096	0.01764	0.02632	0.56943	0.03059	0.01507	0.00655	0.00224	0.00374	0.04948	0.00497	0.00513
6	0.01538	0.01181	0.01474	0.19412	0.02108	0.01319	0.01137	0.34667	0.01916	0.02540	0.01834	0.09947	0.01703	0.00967	0.00643	0.00204	0.00621	0.15533	0.00492	0.00764
7	0.05248	0.01065	0.01246	0.01026	0.01358	0.01085	0.00809	0.19157	0.10461	0.27689	0.09035	0.06221	0.01928	0.09953	0.00869	0.00228	0.00502	0.00698	0.00598	0.00824
8	0.02276	0.02350	0.01577	0.01388	0.01724	0.59156	0.01060	0.02443	0.01652	0.19150	0.01229	0.01269	0.00912	0.00628	0.00539	0.00157	0.00918	0.00424	0.00399	0.00749
9	0.21468	0.00961	0.01136	0.00923	0.01297	0.00923	0.00752	0.02284	0.03067	0.44969	0.14175	0.02133	0.01930	0.00757	0.00549	0.00181	0.00447	0.00600	0.00619	0.00829
10	0.01064	0.00772	0.00928	0.00935	0.01071	0.00787	0.00674	0.18128	0.01497	0.02000	0.02777	0.60777	0.03170	0.01556	0.00704	0.00222	0.00409	0.01386	0.00550	0.00595
11	0.83671	0.01125	0.00855	0.00765	0.01125	0.01305	0.00630	0.01709	0.00990	0.02609	0.00810	0.00945	0.00630	0.00540	0.00360	0.00180	0.00450	0.00315	0.00360	0.00630
12	0.02181	0.02501	0.01671	0.01460	0.01799	0.59380	0.01119	0.19283	0.01905	0.01954	0.01017	0.01131	0.00806	0.00623	0.00538	0.00156	0.00952	0.00410	0.00366	0.00749
13	0.01157	0.00861	0.01126	0.01030	0.01219	0.00982	0.00816	0.18303	0.01360	0.01898	0.01519	0.02074	0.01344	0.03495	0.59114	0.00755	0.01340	0.00600	0.00375	0.00630
14	0.01319	0.00714	0.00879	0.00768	0.01025	0.00620	0.00600	0.01527	0.01524	0.24808	0.25353	0.04114	0.32134	0.01157	0.00655	0.00187	0.00350	0.00978	0.00625	0.00661
15	0.00874	0.00665	0.00855	0.00876	0.01045	0.00585	0.00658	0.01047	0.01182	0.01635	0.02665	0.45593	0.03036	0.01448	0.00681	0.00207	0.00401	0.16011	0.00493	0.20042
16	0.01150	0.00948	0.01055	0.00966	0.01211	0.01030	0.00742	0.02156	0.41224	0.02332	0.31054	0.03257	0.08476	0.00993	0.00635	0.00192	0.00376	0.00851	0.00607	0.00746
17	0.00695	0.00570	0.00614	0.00645	0.00801	0.00488	0.00468	0.00835	0.01283	0.01568	0.06890	0.22980	0.57051	0.01549	0.00700	0.00205	0.00304	0.01324	0.00542	0.00488
18	0.01471	0.01334	0.02300	0.09047	0.10909	0.01359	0.29359	0.18707	0.01592	0.02150	0.01334	0.07053	0.01125	0.00792	0.00795	0.08117	0.00756	0.00664	0.00372	0.00763
19	0.01666	0.01895	0.01631	0.01605	0.08696	0.37406	0.01155	0.03668	0.01346	0.01508	0.01008	0.01354	0.00893	0.01322	0.13688	0.00309	0.19416	0.00465	0.00297	0.00671
20	0.01671	0.01311	0.01455	0.01088	0.01576	0.01263	0.00885	0.34612	0.03920	0.02717	0.01236	0.01319	0.00945	0.00563	0.00504	0.00130	0.00527	0.00435	0.00460	0.43385
21	0.01553	0.01093	0.01291	0.00944	0.01444	0.00904	0.00764	0.09846	0.01454	0.14541	0.01285	0.01357	0.00972	0.00509	0.00473	0.00112	0.00465	0.00405	0.00434	0.60154
22	0.01388	0.44696	0.29398	0.01284	0.01865	0.01909	0.01437	0.01745	0.01170	0.01542	0.00889	0.01072	0.00744	0.00567	0.00585	0.00158	0.08154	0.00373	0.00248	0.00776
23	0.09418	0.29784	0.03829	0.00998	0.01463	0.01591	0.00898	0.16709	0.01496	0.02159	0.01068	0.01191	0.00866	0.00542	0.00436	0.00133	0.00545	0.00383	0.06225	0.20266
24	0.01369	0.04412	0.01645	0.01314	0.01603	0.08197	0.18017	0.01596	0.01326	0.14022	0.02216	0.34780	0.02263	0.01126	0.00663	0.00203	0.00601	0.02234	0.00473	0.01941

[dist]
# distance from previous block
# <min> <max>
8	28

[block]
# block no. 1 follows, 40 sequences, length 14
# corresponding to MSA columns:
# 181-194
name=unknown_B
#
# <colnr> <probs for GDERKNQSTAVLIFYWHMCP>
#	G	D	E	R	K	N	Q	S	T	A	V	L	I	F	Y	W	H	M	C	P
0	0.01509	0.01447	0.01452	0.01107	0.01581	0.14980	0.04179	0.10125	0.01474	0.02014	0.01058	0.01216	0.00857	0.00496	0.00477	0.00113	0.00594	0.00387	0.00362	0.54572
1	0.31249	0.01353	0.01288	0.01022	0.01454	0.04837	0.00832	0.26820	0.01680	0.02746	0.01073	0.01171	0.00817	0.00571	0.00462	0.00154	0.00539	0.00398	0.00430	0.21105
2	0.01427	0.01310	0.02055	0.15926	0.11064	0.01412	0.19138	0.04977	0.29695	0.04332	0.01641	0.01788	0.01232	0.00640	0.00611	0.00192	0.00681	0.00615	0.00425	0.00841
3	0.01306	0.01271	0.01857	0.01953	0.19864	0.01565	0.01330	0.01502	0.01034	0.01581	0.00876	0.01306	0.00814	0.00826	0.01407	0.00215	0.50173	0.00492	0.00273	0.10356
4	0.00991	0.00768	0.01073	0.01371	0.19227	0.00773	0.00722	0.01086	0.00968	0.01328	0.01638	0.03156	0.01791	0.56831	0.05566	0.00483	0.00638	0.00755	0.00335	0.00500
5	0.00991	0.00533	0.00575	0.00608	0.00718	0.00525	0.00439	0.01221	0.01193	0.01999	0.02220	0.21166	0.02072	0.00960	0.00489	0.00160	0.00287	0.00816	0.62502	0.00525
6	0.01098	0.01008	0.01621	0.33624	0.18839	0.01167	0.01347	0.01375	0.01154	0.01567	0.01551	0.20644	0.01564	0.00924	0.00775	0.00207	0.09741	0.00796	0.00334	0.00663
7	0.00911	0.00798	0.01389	0.01189	0.01394	0.00744	0.18620	0.01165	0.01355	0.01861	0.26878	0.35058	0.03663	0.01282	0.00710	0.00208	0.00475	0.01214	0.00513	0.00575
8	0.01104	0.01150	0.19291	0.00817	0.01131	0.00741	0.00836	0.01475	0.01222	0.02088	0.01686	0.01936	0.01305	0.00647	0.00443	0.00148	0.00416	0.00514	0.62429	0.00620
9	0.02318	0.01072	0.01545	0.06262	0.13462	0.00991	0.01056	0.04494	0.01608	0.57903	0.02001	0.01851	0.01304	0.00679	0.00583	0.00180	0.00547	0.00568	0.00619	0.00957
10	0.01174	0.01111	0.01880	0.61672	0.19909	0.01312	0.01653	0.01552	0.01198	0.01577	0.01047	0.01526	0.00807	0.00567	0.00580	0.00189	0.00757	0.00517	0.00265	0.00707
11	0.01264	0.00692	0.00918	0.00806	0.01021	0.00624	0.00624	0.01526	0.01651	0.20588	0.57539	0.03761	0.04489	0.01073	0.00661	0.00182	0.00329	0.00937	0.00660	0.00657
12	0.01037	0.00852	0.00952	0.00947	0.01151	0.00904	0.00723	0.01808	0.31819	0.01927	0.03436	0.22438	0.18815	0.01291	0.00675	0.00215	0.00402	0.09378	0.00561	0.00670
13	0.10465	0.00651	0.00871	0.00899	0.01005	0.00640	0.05262	0.00985	0.01099	0.01618	0.02708	0.60321	0.03171	0.06441	0.00832	0.00247	0.00406	0.01384	0.00491	0.00503

[dist]
# distance from previous block
# <min> <max>
0	11

[block]
# block no. 2 follows, 40 sequences, length 31
# corresponding to MSA columns:
# 206-236
name=unknown_C
#
# <colnr> <probs for GDERKNQSTAVLIFYWHMCP>
#	G	D	E	R	K	N	Q	S	T	A	V	L	I	F	Y	W	H	M	C	P
0	0.01156	0.01330	0.11162	0.57782	0.14275	0.01312	0.01706	0.01574	0.01194	0.01590	0.01044	0.01494	0.00792	0.00569	0.00577	0.00190	0.00773	0.00506	0.00261	0.00713
1	0.01231	0.01479	0.11668	0.19230	0.02412	0.01574	0.10512	0.01534	0.01057	0.01534	0.00913	0.01367	0.00777	0.00792	0.01276	0.00224	0.40951	0.00523	0.00259	0.00686
2	0.01491	0.60146	0.12124	0.01411	0.11267	0.02063	0.01241	0.01759	0.01206	0.01496	0.00875	0.01035	0.00768	0.00507	0.00422	0.00138	0.00660	0.00353	0.00253	0.00783
3	0.01196	0.01184	0.01627	0.01405	0.01431	0.01614	0.01165	0.01326	0.00947	0.01422	0.01428	0.01833	0.10474	0.01077	0.01750	0.00247	0.68364	0.00602	0.00291	0.00617
4	0.01394	0.01318	0.01777	0.01502	0.01563	0.01784	0.01251	0.10807	0.01129	0.01693	0.00845	0.01288	0.00793	0.00976	0.01736	0.00244	0.68409	0.00511	0.00297	0.00682
5	0.01035	0.00537	0.00559	0.00577	0.00699	0.00533	0.00424	0.01284	0.01206	0.02079	0.02067	0.12149	0.01796	0.00826	0.00450	0.00149	0.00280	0.00686	0.72132	0.00533
6	0.00924	0.00653	0.00722	0.00705	0.00748	0.00678	0.00426	0.01137	0.10440	0.01297	0.01902	0.03594	0.02070	0.69355	0.02653	0.00516	0.00550	0.00821	0.00383	0.00426
7	0.01023	0.00702	0.00778	0.00725	0.00786	0.00724	0.00450	0.10325	0.01090	0.01456	0.01776	0.03493	0.01968	0.69343	0.02652	0.00513	0.00574	0.00804	0.00382	0.00435
8	0.01597	0.01216	0.01319	0.01164	0.01509	0.01370	0.00912	0.03057	0.65396	0.12010	0.02357	0.02145	0.01732	0.00780	0.00591	0.00195	0.00465	0.00648	0.00608	0.00929
9	0.83671	0.01125	0.00855	0.00765	0.01125	0.01305	0.00630	0.01709	0.00990	0.02609	0.00810	0.00945	0.00630	0.00540	0.00360	0.00180	0.00450	0.00315	0.00360	0.00630
10	0.02029	0.02473	0.01552	0.01412	0.01707	0.64027	0.01063	0.02371	0.10760	0.01586	0.01131	0.01243	0.00913	0.00627	0.00527	0.00155	0.00937	0.00418	0.04372	0.00698
11	0.01084	0.00542	0.00542	0.00542	0.00678	0.00542	0.00407	0.01355	0.01220	0.02168	0.01897	0.02168	0.01491	0.00678	0.00407	0.00136	0.00271	0.00542	0.82791	0.00542
12	0.00687	0.00589	0.00589	0.00589	0.00785	0.00491	0.00442	0.00835	0.01325	0.01571	0.05891	0.05596	0.75700	0.01473	0.00687	0.00196	0.00295	0.01227	0.00540	0.00491
13	0.83671	0.01125	0.00855	0.00765	0.01125	0.01305	0.00630	0.01709	0.00990	0.02609	0.00810	0.00945	0.00630	0.00540	0.00360	0.00180	0.00450	0.00315	0.00360	0.00630
14	0.06291	0.01722	0.01711	0.11026	0.05668	0.15295	0.01181	0.44712	0.02182	0.02847	0.01216	0.01331	0.00897	0.00649	0.00559	0.00173	0.00723	0.00485	0.00465	0.00867
15	0.01287	0.01159	0.01835	0.57553	0.14368	0.01369	0.01577	0.10572	0.01383	0.01819	0.01088	0.01515	0.00823	0.00587	0.00581	0.00188	0.00746	0.00518	0.00303	0.00729
16	0.02172	0.02772	0.01648	0.01498	0.01798	0.77228	0.01124	0.02322	0.01648	0.01423	0.00899	0.01049	0.00749	0.00599	0.00524	0.00150	0.01049	0.00375	0.00300	0.00674
17	0.00909	0.00649	0.00904	0.01038	0.01160	0.00645	0.00888	0.01156	0.01311	0.01708	0.03095	0.15616	0.03409	0.01633	0.00796	0.00264	0.00511	0.63247	0.00536	0.00528
18	0.01098	0.01034	0.01744	0.78165	0.04005	0.01292	0.01615	0.01486	0.01163	0.01486	0.01034	0.01550	0.00775	0.00581	0.00581	0.00194	0.00775	0.00517	0.00258	0.00646
19	0.01869	0.02136	0.01497	0.01349	0.01624	0.50284	0.01030	0.10966	0.01620	0.01686	0.01112	0.01375	0.00941	0.01474	0.18124	0.00333	0.01114	0.00450	0.00338	0.00678
20	0.00846	0.00564	0.00634	0.00634	0.00634	0.00564	0.00352	0.00846	0.00846	0.01128	0.01832	0.03805	0.02114	0.79563	0.02960	0.00564	0.00564	0.00846	0.00352	0.00352
21	0.00757	0.00592	0.00685	0.00662	0.00828	0.00520	0.00496	0.00969	0.01489	0.01960	0.41560	0.04956	0.39788	0.01328	0.00687	0.00189	0.00284	0.01137	0.00591	0.00520
22	0.00804	0.00574	0.00784	0.00919	0.00994	0.00555	0.00706	0.00975	0.01207	0.01591	0.03153	0.48891	0.03638	0.01732	0.00768	0.00249	0.00420	0.31005	0.00538	0.00499
23	0.00846	0.00564	0.00634	0.00634	0.00634	0.00564	0.00352	0.00846	0.00846	0.01128	0.01832	0.03805	0.02114	0.79563	0.02960	0.00564	0.00564	0.00846	0.00352	0.00352
24	0.01142	0.00598	0.00604	0.00583	0.00736	0.00607	0.00443	0.05116	0.01298	0.02246	0.01871	0.02128	0.01465	0.00679	0.00416	0.00138	0.00290	0.00541	0.78535	0.00565
25	0.00705	0.00521	0.00659	0.00770	0.00833	0.00476	0.00522	0.00814	0.01152	0.01500	0.03690	0.65913	0.16804	0.01759	0.00732	0.00229	0.00330	0.01576	0.00540	0.00476
26	0.00896	0.00720	0.01061	0.01023	0.01111	0.00884	0.00808	0.01092	0.00928	0.01357	0.01439	0.02134	0.01351	0.03863	0.66037	0.00833	0.13016	0.00606	0.00303	0.00537
27	0.01591	0.01217	0.01319	0.01165	0.01509	0.01373	0.00912	0.03058	0.65754	0.11649	0.02358	0.02146	0.01733	0.00780	0.00591	0.00195	0.00465	0.00648	0.00608	0.00929
28	0.02211	0.01629	0.01745	0.01338	0.01803	0.01803	0.01105	0.73997	0.02734	0.03665	0.01396	0.01396	0.00989	0.00698	0.00582	0.00175	0.00640	0.00524	0.00582	0.00989
29	0.00887	0.00578	0.00702	0.00765	0.00852	0.00563	0.00536	0.04751	0.01250	0.01812	0.06324	0.51989	0.03182	0.01443	0.00646	0.00205	0.00333	0.01284	0.21379	0.00520
30	0.02348	0.01144	0.01415	0.01106	0.01537	0.01113	0.00907	0.18837	0.08757	0.50452	0.04664	0.01948	0.01511	0.00738	0.00588	0.00180	0.00517	0.00594	0.00674	0.00968

[dist]
# distance from previous block
# <min> <max>
23	134

# created by:
# /software/SequenceAnalysis/GenePrediction/augustus/3.0.1/scripts/msa2prfl.pl ./fixed/BUSCOvEOG7JDJN9.fas
