[name]
unknown

[dist]
# distance from previous block
# <min> <max>
1	172

[block]
# block no. 0 follows, 41 sequences, length 77
# corresponding to MSA columns:
# 176-252
name=unknown_A
#
# <colnr> <probs for GDERKNQSTAVLIFYWHMCP>
#	G	D	E	R	K	N	Q	S	T	A	V	L	I	F	Y	W	H	M	C	P
0	0.01922	0.01468	0.01550	0.01255	0.01643	0.04380	0.01014	0.43096	0.23546	0.07280	0.01669	0.01651	0.01225	0.02096	0.00659	0.00187	0.03326	0.00556	0.00558	0.00919
1	0.01950	0.02115	0.04942	0.01482	0.04309	0.43024	0.04938	0.06493	0.10063	0.10315	0.01285	0.01373	0.00981	0.00752	0.03300	0.00190	0.00874	0.00464	0.00388	0.00761
2	0.02596	0.01076	0.01492	0.01153	0.01605	0.00931	0.04214	0.02796	0.01684	0.72118	0.02295	0.02067	0.01485	0.00768	0.00626	0.00198	0.00546	0.00613	0.00720	0.01015
3	0.00880	0.00640	0.00788	0.00879	0.00955	0.00595	0.00599	0.04223	0.01254	0.01668	0.03356	0.68823	0.09512	0.01766	0.00762	0.00245	0.00382	0.01557	0.00567	0.00549
4	0.01424	0.01363	0.07880	0.04166	0.01868	0.01417	0.12243	0.01706	0.04460	0.09295	0.01514	0.04545	0.03887	0.01216	0.07642	0.00296	0.33303	0.00644	0.00380	0.00750
5	0.00813	0.00588	0.00742	0.00860	0.00913	0.00535	0.00576	0.00884	0.01177	0.01569	0.03378	0.74026	0.08018	0.01824	0.00770	0.00249	0.00369	0.01617	0.00565	0.00525
6	0.01528	0.04242	0.03059	0.05268	0.13043	0.01535	0.51984	0.07698	0.01502	0.02047	0.01253	0.01636	0.00977	0.00580	0.00682	0.00205	0.00908	0.00652	0.00346	0.00854
7	0.01755	0.09371	0.01616	0.01183	0.01597	0.18548	0.00943	0.14547	0.05008	0.04890	0.03868	0.01670	0.01239	0.00681	0.00548	0.00157	0.00656	0.02987	0.00438	0.28298
8	0.42300	0.04941	0.11074	0.10865	0.07811	0.01379	0.01117	0.04977	0.01251	0.06024	0.02442	0.01364	0.00928	0.00635	0.00499	0.00196	0.00606	0.00438	0.00386	0.00767
9	0.01701	0.60387	0.08764	0.01170	0.01673	0.08162	0.01131	0.07566	0.01391	0.01672	0.00980	0.01143	0.00858	0.00591	0.00459	0.00154	0.00700	0.00375	0.00313	0.00811
10	0.05318	0.01351	0.02167	0.11084	0.58196	0.01360	0.01643	0.01872	0.01363	0.07853	0.01259	0.01595	0.01021	0.00607	0.00604	0.00193	0.00696	0.00540	0.00355	0.00922
11	0.05712	0.02266	0.01674	0.01629	0.07733	0.50231	0.01160	0.02305	0.11633	0.01729	0.01194	0.01381	0.00990	0.00711	0.00678	0.00186	0.07188	0.00463	0.00370	0.00767
12	0.05467	0.00726	0.00784	0.04238	0.00993	0.00770	0.00585	0.01437	0.01228	0.02157	0.01779	0.02109	0.01427	0.00753	0.00571	0.00168	0.06531	0.00552	0.67116	0.00608
13	0.00903	0.00686	0.00913	0.04456	0.01120	0.00714	0.00697	0.00993	0.01104	0.01511	0.02607	0.51859	0.02998	0.08330	0.11651	0.00372	0.06762	0.01298	0.00484	0.00542
14	0.01446	0.01045	0.01214	0.01148	0.01330	0.00917	0.00816	0.01528	0.01952	0.02787	0.69411	0.04814	0.05532	0.01513	0.00919	0.00290	0.00496	0.01175	0.00806	0.00861
15	0.13720	0.01147	0.01381	0.01091	0.01527	0.01081	0.00886	0.11612	0.01738	0.56272	0.02035	0.01875	0.01346	0.00752	0.00591	0.00196	0.00536	0.00565	0.00673	0.00976
16	0.01161	0.01052	0.01698	0.71116	0.03727	0.01263	0.01537	0.01484	0.01209	0.01565	0.01295	0.07817	0.01106	0.00741	0.00631	0.00214	0.00761	0.00631	0.00315	0.00679
17	0.02215	0.07865	0.01883	0.01357	0.01820	0.01859	0.01119	0.67493	0.02611	0.03494	0.01431	0.01486	0.01056	0.00742	0.00602	0.00188	0.00663	0.00533	0.00579	0.01005
18	0.01454	0.07576	0.02334	0.19730	0.50772	0.01468	0.04229	0.01760	0.01324	0.01834	0.01152	0.01553	0.00963	0.00595	0.00602	0.00192	0.00736	0.00534	0.00312	0.00880
19	0.01296	0.00652	0.00681	0.00652	0.00819	0.00626	0.00487	0.01524	0.01302	0.08103	0.01992	0.02254	0.01555	0.00741	0.00463	0.00158	0.00325	0.00571	0.75174	0.00626
20	0.00952	0.00665	0.00875	0.00871	0.00936	0.00704	0.00609	0.01012	0.00946	0.01327	0.01690	0.02894	0.01730	0.32084	0.42751	0.07287	0.01108	0.00718	0.00354	0.00488
21	0.00875	0.00651	0.00794	0.00881	0.00965	0.00615	0.00603	0.01074	0.07051	0.01682	0.06602	0.62933	0.09550	0.01708	0.00755	0.00243	0.00375	0.01504	0.00573	0.00564
22	0.01465	0.01371	0.02259	0.08037	0.54227	0.01379	0.07476	0.01880	0.07193	0.01968	0.01399	0.01929	0.01201	0.00668	0.00636	0.00201	0.00715	0.04731	0.00357	0.00907
23	0.00928	0.00670	0.00874	0.00992	0.01095	0.00635	0.00776	0.01083	0.01290	0.01698	0.03314	0.36642	0.07767	0.01715	0.00801	0.00265	0.00469	0.37866	0.00563	0.00557
24	0.76042	0.01133	0.00907	0.00833	0.01166	0.01274	0.00661	0.01683	0.01055	0.02564	0.01096	0.07279	0.00977	0.00704	0.00434	0.00201	0.00472	0.00452	0.00405	0.00664
25	0.05085	0.43217	0.17263	0.01339	0.01868	0.01829	0.11296	0.01748	0.01231	0.01645	0.01084	0.01441	0.00958	0.06832	0.00694	0.00201	0.00729	0.00460	0.00302	0.00780
26	0.01131	0.00820	0.00969	0.00925	0.01113	0.00764	0.00657	0.03839	0.09317	0.05130	0.05058	0.38377	0.02758	0.11079	0.00961	0.00256	0.00443	0.01111	0.00527	0.14765
27	0.01303	0.05296	0.51548	0.01850	0.09608	0.01355	0.08735	0.01809	0.01294	0.03062	0.01332	0.07584	0.01114	0.00707	0.00614	0.00203	0.00817	0.00584	0.00319	0.00865
28	0.01765	0.01817	0.01805	0.10852	0.23435	0.30336	0.02437	0.04609	0.01494	0.04295	0.01241	0.01657	0.01059	0.06895	0.00775	0.00214	0.00829	0.00522	0.03182	0.00780
29	0.02332	0.01391	0.01597	0.01237	0.01696	0.01399	0.01005	0.41224	0.02227	0.30326	0.01772	0.01718	0.01227	0.00745	0.00608	0.00187	0.00596	0.00558	0.00637	0.07518
30	0.00814	0.00583	0.00747	0.00873	0.00916	0.00534	0.00581	0.00883	0.01165	0.01564	0.03225	0.78307	0.03836	0.01843	0.00774	0.00251	0.00372	0.01641	0.00565	0.00524
31	0.01471	0.01552	0.11136	0.09874	0.46016	0.02676	0.02723	0.04413	0.01409	0.04177	0.01596	0.01887	0.07022	0.00682	0.00620	0.00195	0.00713	0.00592	0.00357	0.00890
32	0.01632	0.78933	0.03040	0.01052	0.01544	0.02302	0.01021	0.01783	0.01231	0.01452	0.00909	0.01074	0.00840	0.00564	0.00417	0.00143	0.00647	0.00344	0.00283	0.00789
33	0.02591	0.01037	0.01380	0.01080	0.01515	0.00894	0.00875	0.02781	0.01697	0.72979	0.04858	0.02165	0.01646	0.00794	0.00625	0.00197	0.00517	0.00624	0.00736	0.01009
34	0.01257	0.03001	0.75684	0.01692	0.02534	0.01383	0.02136	0.01880	0.01275	0.01909	0.01136	0.01359	0.00831	0.00617	0.00590	0.00201	0.00876	0.00459	0.00280	0.00898
35	0.02452	0.05166	0.04074	0.01133	0.01587	0.01075	0.00951	0.05945	0.06901	0.60672	0.02195	0.01996	0.01456	0.00766	0.00610	0.00195	0.00547	0.00592	0.00684	0.01003
36	0.02266	0.01668	0.01782	0.01383	0.01844	0.01821	0.01128	0.73222	0.02731	0.03672	0.01477	0.01522	0.01075	0.00757	0.00618	0.00192	0.00664	0.00550	0.00605	0.01023
37	0.00814	0.00583	0.00747	0.00873	0.00916	0.00534	0.00581	0.00883	0.01165	0.01564	0.03225	0.78307	0.03836	0.01843	0.00774	0.00251	0.00372	0.01641	0.00565	0.00524
38	0.01415	0.01438	0.02774	0.03795	0.18619	0.01372	0.45004	0.01843	0.04060	0.01999	0.07319	0.01921	0.01393	0.00636	0.00681	0.00205	0.00830	0.00691	0.03174	0.00831
39	0.26879	0.07899	0.14610	0.01158	0.01625	0.09147	0.01087	0.20231	0.01589	0.05114	0.02274	0.01372	0.03445	0.00637	0.00494	0.00174	0.00635	0.00445	0.00406	0.00781
40	0.01565	0.73886	0.05472	0.01039	0.01532	0.05579	0.01032	0.01756	0.01199	0.01387	0.00831	0.00966	0.00756	0.00511	0.00390	0.00130	0.00646	0.00321	0.00255	0.00746
41	0.01329	0.01233	0.01652	0.01781	0.25000	0.04350	0.03551	0.01606	0.01262	0.01865	0.01058	0.01296	0.00884	0.00476	0.00491	0.00123	0.00557	0.00413	0.00326	0.50748
42	0.01449	0.04083	0.09313	0.01151	0.01499	0.04669	0.00972	0.02518	0.45951	0.07285	0.02015	0.02183	0.01600	0.11669	0.00899	0.00241	0.00550	0.00626	0.00505	0.00821
43	0.00854	0.00574	0.00655	0.00656	0.00664	0.00575	0.00377	0.00858	0.00855	0.01147	0.01829	0.04742	0.02092	0.75192	0.06195	0.00569	0.00603	0.00839	0.00355	0.00369
44	0.01055	0.00637	0.00685	0.00640	0.00788	0.00610	0.00452	0.01277	0.03752	0.01834	0.01757	0.02440	0.01561	0.20545	0.01113	0.03158	0.00381	0.00595	0.46528	0.10194
45	0.01395	0.01631	0.14326	0.03215	0.64197	0.01366	0.01819	0.01779	0.01301	0.01880	0.01091	0.01414	0.00899	0.00531	0.00572	0.00176	0.00713	0.00503	0.00285	0.00907
46	0.83653	0.01122	0.00858	0.00769	0.01124	0.01295	0.00630	0.01696	0.00989	0.02584	0.00821	0.00963	0.00642	0.00547	0.00365	0.00181	0.00451	0.00318	0.00362	0.00632
47	0.00719	0.00571	0.00640	0.00678	0.00816	0.00496	0.00485	0.00852	0.01276	0.01600	0.10584	0.29321	0.46818	0.01549	0.00703	0.00209	0.00310	0.01333	0.00546	0.00494
48	0.00770	0.00562	0.00785	0.00862	0.00925	0.00580	0.00616	0.00906	0.01039	0.01429	0.02515	0.48113	0.02846	0.02810	0.31739	0.00513	0.00824	0.01221	0.00448	0.00496
49	0.01344	0.01511	0.03264	0.02350	0.02905	0.01415	0.70762	0.01801	0.01353	0.01837	0.01267	0.04987	0.01018	0.00555	0.00687	0.00199	0.00943	0.00723	0.00308	0.00770
50	0.01438	0.01374	0.02333	0.03517	0.76067	0.01371	0.01762	0.01770	0.01316	0.01889	0.01099	0.01447	0.00928	0.00525	0.00576	0.00174	0.00687	0.00517	0.00291	0.00917
51	0.02584	0.00990	0.01343	0.01033	0.01476	0.00854	0.00850	0.02799	0.01650	0.76468	0.02275	0.01976	0.01436	0.00723	0.00585	0.00181	0.00495	0.00582	0.00714	0.00984
52	0.01171	0.02968	0.76668	0.01643	0.02488	0.01340	0.02118	0.01826	0.01222	0.01832	0.01050	0.01240	0.00747	0.00559	0.00553	0.00185	0.00852	0.00430	0.00250	0.00857
53	0.01846	0.01128	0.01303	0.01110	0.01472	0.01189	0.00878	0.02890	0.45341	0.29849	0.04823	0.02166	0.01767	0.00779	0.00592	0.00191	0.00467	0.00640	0.00637	0.00929
54	0.00722	0.00516	0.00681	0.00813	0.00848	0.00479	0.00542	0.00815	0.01110	0.01482	0.03168	0.79265	0.03794	0.01803	0.00739	0.00236	0.00340	0.01629	0.00538	0.00477
55	0.00843	0.00627	0.00919	0.00918	0.01016	0.00720	0.00704	0.01028	0.00930	0.01338	0.01569	0.02362	0.01488	0.08664	0.73033	0.00900	0.01480	0.00633	0.00317	0.00514
56	0.01429	0.01134	0.01237	0.01108	0.01406	0.01284	0.00865	0.07521	0.52857	0.04940	0.02207	0.02170	0.02789	0.01222	0.10137	0.00283	0.00595	0.00640	0.05329	0.00846
57	0.00926	0.00670	0.00911	0.01031	0.01169	0.00658	0.00892	0.01173	0.01330	0.01720	0.03266	0.06389	0.09148	0.01581	0.00790	0.00262	0.00515	0.66500	0.00534	0.00536
58	0.79896	0.01118	0.00897	0.04295	0.01252	0.01294	0.00674	0.01687	0.00996	0.02534	0.00831	0.00990	0.00649	0.00548	0.00375	0.00182	0.00465	0.00327	0.00357	0.00632
59	0.01482	0.65909	0.16452	0.01113	0.01667	0.02101	0.01194	0.01746	0.01185	0.01453	0.00861	0.01004	0.00755	0.00515	0.00410	0.00138	0.00662	0.00335	0.00252	0.00766
60	0.00851	0.00570	0.00643	0.00647	0.00651	0.00566	0.00365	0.00849	0.00857	0.01145	0.01872	0.06522	0.02159	0.76778	0.02833	0.00546	0.00554	0.00867	0.00361	0.00364
61	0.01147	0.02959	0.76934	0.01630	0.02476	0.01328	0.02113	0.01811	0.01208	0.01811	0.01026	0.01208	0.00725	0.00543	0.00543	0.00181	0.00845	0.00423	0.00242	0.00845
62	0.00832	0.00555	0.00624	0.00624	0.00624	0.00555	0.00347	0.00832	0.00832	0.01109	0.01802	0.03743	0.02080	0.79898	0.02911	0.00555	0.00555	0.00832	0.00347	0.00347
63	0.02566	0.00973	0.01327	0.01018	0.01460	0.00841	0.00841	0.02788	0.01637	0.76726	0.02257	0.01947	0.01416	0.00708	0.00575	0.00177	0.00487	0.00575	0.00708	0.00973
64	0.00697	0.00498	0.00664	0.00796	0.00830	0.00465	0.00531	0.00796	0.01095	0.01460	0.03153	0.79525	0.03783	0.01792	0.00730	0.00232	0.00332	0.01626	0.00531	0.00465
65	0.00810	0.00585	0.00765	0.00720	0.00855	0.00540	0.00540	0.01079	0.01619	0.02294	0.76028	0.04273	0.05397	0.01169	0.00675	0.00180	0.00270	0.01034	0.00630	0.00540
66	0.00845	0.00583	0.00686	0.00677	0.00685	0.00608	0.00406	0.00865	0.00840	0.01135	0.01745	0.03541	0.01983	0.71275	0.08733	0.00573	0.03307	0.00803	0.00340	0.00369
67	0.00817	0.00612	0.00913	0.00913	0.01014	0.00712	0.00708	0.01018	0.00918	0.01324	0.01537	0.02277	0.01443	0.05777	0.76161	0.00912	0.01513	0.00617	0.00307	0.00507
68	0.01238	0.01233	0.01749	0.07683	0.01697	0.01713	0.01278	0.01383	0.00897	0.01383	0.00772	0.01273	0.00752	0.00967	0.01772	0.00245	0.72584	0.00501	0.00251	0.00626
69	0.01080	0.01017	0.01716	0.78523	0.03940	0.01271	0.01589	0.01461	0.01144	0.01461	0.01017	0.01525	0.00762	0.00572	0.00572	0.00191	0.00762	0.00508	0.00254	0.00635
70	0.83938	0.01106	0.00841	0.00752	0.01106	0.01283	0.00619	0.01681	0.00973	0.02566	0.00796	0.00929	0.00619	0.00531	0.00354	0.00177	0.00442	0.00310	0.00354	0.00619
71	0.00925	0.00755	0.01117	0.03955	0.05524	0.00901	0.00859	0.01121	0.00973	0.01416	0.01563	0.10923	0.01541	0.02996	0.46716	0.00636	0.13469	0.00699	0.03359	0.00552
72	0.01382	0.01387	0.05001	0.04707	0.69680	0.01332	0.01736	0.01732	0.01297	0.01854	0.01141	0.01587	0.00980	0.00550	0.00573	0.00174	0.00682	0.03030	0.00290	0.00886
73	0.00701	0.00501	0.00667	0.00794	0.00831	0.00467	0.00531	0.00807	0.01114	0.01490	0.05756	0.76836	0.03841	0.01770	0.00728	0.00230	0.00330	0.01605	0.00534	0.00467
74	0.01080	0.01017	0.01716	0.78523	0.03940	0.01271	0.01589	0.01461	0.01144	0.01461	0.01017	0.01525	0.00762	0.00572	0.00572	0.00191	0.00762	0.00508	0.00254	0.00635
75	0.01191	0.01035	0.01232	0.00900	0.01367	0.00842	0.00724	0.01435	0.01161	0.01825	0.00995	0.01191	0.00839	0.00470	0.00540	0.00098	0.06718	0.00352	0.00332	0.76752
76	0.01387	0.43830	0.24209	0.01425	0.02033	0.01847	0.14629	0.01763	0.01209	0.01567	0.00927	0.01114	0.00756	0.00504	0.00473	0.00152	0.00743	0.00406	0.00252	0.00773

[dist]
# distance from previous block
# <min> <max>
0	1

[block]
# block no. 1 follows, 41 sequences, length 20
# corresponding to MSA columns:
# 254-273
name=unknown_B
#
# <colnr> <probs for GDERKNQSTAVLIFYWHMCP>
#	G	D	E	R	K	N	Q	S	T	A	V	L	I	F	Y	W	H	M	C	P
0	0.01128	0.01207	0.05613	0.40860	0.03150	0.01225	0.23584	0.01537	0.01276	0.01707	0.11561	0.01900	0.01442	0.00627	0.00616	0.00189	0.00759	0.00629	0.00317	0.00673
1	0.04837	0.02626	0.61878	0.01887	0.14001	0.01331	0.01991	0.01797	0.01212	0.01854	0.01024	0.01228	0.00748	0.00538	0.00539	0.00179	0.00802	0.00431	0.00253	0.00845
2	0.00854	0.00546	0.00641	0.00641	0.00641	0.00546	0.00368	0.00820	0.00820	0.01093	0.01689	0.03462	0.01927	0.68991	0.02817	0.12147	0.00546	0.00785	0.00333	0.00333
3	0.01226	0.01165	0.01978	0.46028	0.35299	0.01309	0.01661	0.01589	0.01212	0.01638	0.01042	0.01478	0.00825	0.00545	0.00569	0.00182	0.00727	0.00509	0.00267	0.00753
4	0.00750	0.00542	0.00709	0.00753	0.00840	0.00501	0.00532	0.00933	0.01352	0.01861	0.38094	0.41278	0.06752	0.01484	0.00702	0.00206	0.00301	0.01330	0.00578	0.00501
5	0.83938	0.01106	0.00841	0.00752	0.01106	0.01283	0.00619	0.01681	0.00973	0.02566	0.00796	0.00929	0.00619	0.00531	0.00354	0.00177	0.00442	0.00310	0.00354	0.00619
6	0.00676	0.00579	0.00579	0.00579	0.00773	0.00483	0.00435	0.00821	0.01304	0.01545	0.05794	0.05505	0.76098	0.01449	0.00676	0.00193	0.00290	0.01207	0.00531	0.00483
7	0.01336	0.01502	0.03148	0.02284	0.02781	0.01489	0.64033	0.01768	0.01284	0.01768	0.01100	0.01502	0.00852	0.00555	0.00843	0.00201	0.11868	0.00651	0.00284	0.00751
8	0.01416	0.01359	0.02322	0.03511	0.76330	0.01359	0.01755	0.01755	0.01302	0.01869	0.01076	0.01416	0.00906	0.00510	0.00566	0.00170	0.00680	0.00510	0.00283	0.00906
9	0.02456	0.01025	0.01336	0.01030	0.01461	0.00932	0.00849	0.10804	0.01737	0.65191	0.02140	0.01890	0.01368	0.00704	0.00567	0.00174	0.00493	0.00567	0.04322	0.00954
10	0.01311	0.01708	0.13490	0.02199	0.02750	0.01464	0.55918	0.01778	0.01277	0.01778	0.01093	0.01463	0.00835	0.00549	0.00792	0.00198	0.09734	0.00620	0.00278	0.00765
11	0.01158	0.02897	0.74052	0.01703	0.05328	0.01330	0.02100	0.01809	0.01211	0.01814	0.01028	0.01216	0.00732	0.00542	0.00544	0.00181	0.00839	0.00426	0.00243	0.00848
12	0.02566	0.00973	0.01327	0.01018	0.01460	0.00841	0.00841	0.02788	0.01637	0.76726	0.02257	0.01947	0.01416	0.00708	0.00575	0.00177	0.00487	0.00575	0.00708	0.00973
13	0.00679	0.00568	0.00591	0.00610	0.00781	0.00480	0.00448	0.00817	0.01275	0.01533	0.05425	0.15867	0.65974	0.01497	0.00684	0.00199	0.00296	0.01266	0.00531	0.00480
14	0.01556	0.07154	0.14614	0.01243	0.01621	0.39978	0.01104	0.01795	0.01439	0.01505	0.02145	0.02186	0.19786	0.00792	0.00552	0.00163	0.00785	0.00586	0.00342	0.00654
15	0.13565	0.05594	0.01567	0.01353	0.01664	0.63910	0.01032	0.02177	0.01512	0.01561	0.00868	0.01013	0.00720	0.00577	0.00487	0.00151	0.00932	0.00358	0.00301	0.00660
16	0.02049	0.01482	0.01583	0.01228	0.01649	0.01634	0.01010	0.66178	0.02521	0.03439	0.01429	0.01459	0.01028	0.00684	0.00553	0.00167	0.00588	0.00517	0.09879	0.00923
17	0.00794	0.00584	0.00744	0.00704	0.00845	0.00533	0.00528	0.01050	0.01584	0.02209	0.68106	0.04412	0.13372	0.01201	0.00675	0.00181	0.00272	0.01054	0.00619	0.00533
18	0.83938	0.01106	0.00841	0.00752	0.01106	0.01283	0.00619	0.01681	0.00973	0.02566	0.00796	0.00929	0.00619	0.00531	0.00354	0.00177	0.00442	0.00310	0.00354	0.00619
19	0.02078	0.01550	0.01664	0.01284	0.01735	0.01703	0.01056	0.66276	0.07425	0.03443	0.01420	0.01415	0.01018	0.00680	0.00566	0.00169	0.00608	0.00515	0.00562	0.04832

[dist]
# distance from previous block
# <min> <max>
1	4

[block]
# block no. 2 follows, 41 sequences, length 19
# corresponding to MSA columns:
# 278-296
name=unknown_C
#
# <colnr> <probs for GDERKNQSTAVLIFYWHMCP>
#	G	D	E	R	K	N	Q	S	T	A	V	L	I	F	Y	W	H	M	C	P
0	0.01412	0.01369	0.02376	0.03454	0.72531	0.01364	0.05511	0.01759	0.01305	0.01867	0.01080	0.01422	0.00904	0.00508	0.00572	0.00171	0.00694	0.00518	0.00283	0.00899
1	0.00768	0.00574	0.00740	0.00804	0.00906	0.00508	0.00552	0.00891	0.01108	0.01519	0.02841	0.68079	0.03354	0.01592	0.00685	0.00211	0.00345	0.01438	0.00503	0.12581
2	0.01169	0.02418	0.54100	0.01850	0.11260	0.01273	0.08854	0.01741	0.01269	0.01863	0.07743	0.01539	0.01177	0.00589	0.00571	0.00181	0.00785	0.00512	0.00286	0.00818
3	0.01757	0.02140	0.01363	0.01250	0.01508	0.56527	0.00937	0.01922	0.01580	0.01549	0.12488	0.02074	0.11010	0.00784	0.00559	0.00158	0.00826	0.00572	0.00374	0.00622
4	0.01297	0.01346	0.07686	0.08731	0.51097	0.01250	0.01613	0.01706	0.04291	0.01831	0.01404	0.02173	0.01264	0.00684	0.00598	0.00187	0.00667	0.11024	0.00325	0.00825
5	0.67922	0.01286	0.08680	0.00858	0.01274	0.01244	0.00785	0.01732	0.01037	0.05732	0.00895	0.01015	0.00676	0.00535	0.00386	0.00173	0.00485	0.00334	0.00357	0.04592
6	0.01549	0.77669	0.02952	0.00995	0.01478	0.04764	0.00983	0.01732	0.01177	0.01348	0.00798	0.00921	0.00734	0.00493	0.00372	0.00123	0.00626	0.00308	0.00246	0.00732
7	0.00706	0.00509	0.00669	0.00779	0.00829	0.00472	0.00527	0.00823	0.01151	0.01538	0.09692	0.69384	0.07362	0.01721	0.00723	0.00226	0.00324	0.01554	0.00540	0.00472
8	0.01865	0.01370	0.01560	0.01229	0.01618	0.01499	0.04194	0.51100	0.07828	0.04486	0.02594	0.01656	0.01192	0.02404	0.04599	0.00217	0.00633	0.00554	0.08530	0.00874
9	0.00930	0.00642	0.00749	0.00719	0.00768	0.00669	0.00456	0.06382	0.00984	0.01328	0.01731	0.03347	0.01902	0.62907	0.13653	0.00579	0.00703	0.00776	0.00358	0.00418
10	0.00722	0.00517	0.00647	0.00741	0.00783	0.00484	0.00485	0.00806	0.01064	0.01399	0.03148	0.57097	0.10654	0.17268	0.01158	0.00292	0.00372	0.01427	0.00494	0.00443
11	0.01776	0.01784	0.12728	0.01415	0.01854	0.08824	0.06745	0.37858	0.03576	0.02662	0.01262	0.01392	0.00940	0.00669	0.00674	0.00177	0.07679	0.00503	0.06638	0.00844
12	0.01363	0.01634	0.12999	0.11844	0.46364	0.08108	0.01662	0.01728	0.01298	0.01753	0.01287	0.01574	0.04717	0.00577	0.00565	0.00173	0.00725	0.00520	0.00287	0.00821
13	0.19157	0.07623	0.13547	0.01830	0.02393	0.01456	0.42266	0.01788	0.01234	0.01951	0.01033	0.01314	0.00783	0.00502	0.00563	0.00182	0.00808	0.00531	0.00293	0.00747
14	0.06020	0.01181	0.10346	0.01177	0.04088	0.00906	0.06492	0.02067	0.01468	0.38105	0.09016	0.02485	0.12501	0.00805	0.00591	0.00181	0.00522	0.00682	0.00555	0.00812
15	0.01367	0.02370	0.53489	0.01471	0.02156	0.01252	0.01743	0.01887	0.01239	0.12722	0.01181	0.01318	0.00837	0.00599	0.00658	0.00179	0.07728	0.00446	0.00318	0.07039
16	0.01853	0.01665	0.01845	0.05668	0.12816	0.15818	0.06657	0.31024	0.02975	0.05023	0.01215	0.01349	0.00915	0.00600	0.00555	0.00162	0.00719	0.00486	0.00424	0.08232
17	0.01082	0.00876	0.01391	0.10934	0.12725	0.00883	0.07536	0.01389	0.03802	0.05545	0.04529	0.21043	0.07515	0.01156	0.00677	0.00213	0.00544	0.17072	0.00451	0.00637
18	0.01340	0.01310	0.01875	0.10614	0.45380	0.08033	0.01437	0.01729	0.06894	0.01764	0.01451	0.12860	0.01360	0.00731	0.00587	0.00181	0.00652	0.00670	0.00340	0.00791

[dist]
# distance from previous block
# <min> <max>
6	21

[block]
# block no. 3 follows, 41 sequences, length 36
# corresponding to MSA columns:
# 321-356
name=unknown_D
#
# <colnr> <probs for GDERKNQSTAVLIFYWHMCP>
#	G	D	E	R	K	N	Q	S	T	A	V	L	I	F	Y	W	H	M	C	P
0	0.01316	0.01435	0.08795	0.06178	0.46591	0.01266	0.10764	0.01693	0.01299	0.01863	0.05054	0.01549	0.01112	0.00539	0.00571	0.00168	0.00689	0.00535	0.00302	0.08280
1	0.36361	0.10508	0.10188	0.01455	0.16555	0.01344	0.01072	0.03007	0.01201	0.04735	0.07714	0.01403	0.01167	0.00590	0.00461	0.00170	0.00546	0.00441	0.00355	0.00728
2	0.01754	0.01360	0.01474	0.01150	0.01586	0.01424	0.00934	0.42180	0.14598	0.02907	0.01631	0.01626	0.04125	0.00671	0.00543	0.00156	0.00537	0.00524	0.00517	0.20303
3	0.01081	0.05925	0.05192	0.00988	0.01247	0.00789	0.05355	0.01293	0.01220	0.08202	0.06188	0.32192	0.03666	0.04850	0.00739	0.00208	0.00468	0.07447	0.00466	0.12484
4	0.01372	0.01314	0.02242	0.13358	0.66827	0.01347	0.01734	0.01717	0.01282	0.01815	0.01068	0.01430	0.00887	0.00518	0.00567	0.00173	0.00690	0.00509	0.00279	0.00871
5	0.07275	0.01729	0.01569	0.01274	0.01668	0.17230	0.01024	0.46992	0.06877	0.02947	0.04843	0.01460	0.01161	0.00685	0.00552	0.00169	0.00672	0.00505	0.00505	0.00862
6	0.01193	0.05605	0.62706	0.01728	0.02518	0.01382	0.13335	0.01811	0.01228	0.01797	0.01038	0.01249	0.00747	0.00532	0.00557	0.00181	0.00855	0.00458	0.00249	0.00830
7	0.01363	0.01306	0.02227	0.15203	0.65047	0.01345	0.01729	0.01710	0.01278	0.01805	0.01067	0.01433	0.00884	0.00519	0.00567	0.00173	0.00692	0.00509	0.00279	0.00864
8	0.01407	0.01123	0.01197	0.01065	0.01381	0.01247	0.00832	0.06048	0.54946	0.06985	0.02853	0.02645	0.14016	0.00879	0.00597	0.00192	0.00436	0.00729	0.00581	0.00843
9	0.01322	0.00969	0.04088	0.00944	0.01228	0.00920	0.00770	0.05389	0.22361	0.13838	0.31496	0.03151	0.09197	0.00962	0.00623	0.00184	0.00397	0.00819	0.00602	0.00738
10	0.01148	0.01086	0.01838	0.63318	0.18613	0.01289	0.01622	0.01521	0.01176	0.01544	0.01029	0.01503	0.00792	0.00559	0.00571	0.00186	0.00746	0.00509	0.00260	0.00690
11	0.01291	0.01449	0.03131	0.02265	0.02795	0.01358	0.67614	0.01739	0.01327	0.01799	0.01337	0.08565	0.01130	0.00600	0.00680	0.00196	0.00907	0.00761	0.00311	0.00744
12	0.00697	0.00498	0.00664	0.00796	0.00830	0.00465	0.00531	0.00796	0.01095	0.01460	0.03153	0.79525	0.03783	0.01792	0.00730	0.00232	0.00332	0.01626	0.00531	0.00465
13	0.00697	0.00498	0.00664	0.00796	0.00830	0.00465	0.00531	0.00796	0.01095	0.01460	0.03153	0.79525	0.03783	0.01792	0.00730	0.00232	0.00332	0.01626	0.00531	0.00465
14	0.83938	0.01106	0.00841	0.00752	0.01106	0.01283	0.00619	0.01681	0.00973	0.02566	0.00796	0.00929	0.00619	0.00531	0.00354	0.00177	0.00442	0.00310	0.00354	0.00619
15	0.08602	0.02792	0.70082	0.01551	0.02352	0.01324	0.01979	0.01800	0.01187	0.01879	0.01006	0.01183	0.00715	0.00542	0.00526	0.00181	0.00809	0.00412	0.00252	0.00825
16	0.00721	0.00508	0.00656	0.00765	0.00792	0.00481	0.00498	0.00803	0.01047	0.01396	0.02908	0.65779	0.03474	0.15959	0.01126	0.00291	0.00372	0.01482	0.00498	0.00443
17	0.00817	0.00613	0.00919	0.00919	0.01021	0.00715	0.00715	0.01021	0.00919	0.01328	0.01532	0.02247	0.01430	0.04290	0.77631	0.00919	0.01532	0.00613	0.00306	0.00511
18	0.01363	0.01026	0.01302	0.01070	0.01352	0.03805	0.07354	0.17188	0.04819	0.08323	0.41674	0.03014	0.03405	0.00930	0.00635	0.00178	0.00462	0.00814	0.00578	0.00707
19	0.01504	0.73129	0.02885	0.01026	0.01471	0.02217	0.01003	0.01682	0.01136	0.01349	0.00791	0.00948	0.00736	0.00535	0.00503	0.00134	0.07657	0.00323	0.00245	0.00724
20	0.01394	0.01337	0.02283	0.08300	0.71708	0.01353	0.01745	0.01737	0.01292	0.01843	0.01072	0.01423	0.00897	0.00514	0.00567	0.00171	0.00685	0.00510	0.00281	0.00889
21	0.08675	0.02454	0.56312	0.01690	0.10010	0.01278	0.01830	0.01805	0.01229	0.04911	0.03912	0.01351	0.00940	0.00569	0.00535	0.00179	0.00755	0.00451	0.00290	0.00825
22	0.00820	0.00602	0.00863	0.00863	0.00945	0.00684	0.00645	0.00985	0.00903	0.01286	0.01584	0.02533	0.01554	0.18729	0.63362	0.00850	0.01345	0.00655	0.00314	0.00479
23	0.00697	0.00498	0.00664	0.00796	0.00830	0.00465	0.00531	0.00796	0.01095	0.01460	0.03153	0.79525	0.03783	0.01792	0.00730	0.00232	0.00332	0.01626	0.00531	0.00465
24	0.01164	0.02857	0.72171	0.01750	0.07191	0.01330	0.02090	0.01808	0.01214	0.01815	0.01030	0.01221	0.00736	0.00541	0.00545	0.00180	0.00835	0.00428	0.00244	0.00849
25	0.01515	0.01490	0.02214	0.04665	0.64155	0.08343	0.01657	0.05657	0.01402	0.01910	0.01073	0.01380	0.00891	0.00528	0.00562	0.00168	0.00711	0.00497	0.00299	0.00882
26	0.00697	0.00498	0.00664	0.00796	0.00830	0.00465	0.00531	0.00796	0.01095	0.01460	0.03153	0.79525	0.03783	0.01792	0.00730	0.00232	0.00332	0.01626	0.00531	0.00465
27	0.00708	0.00506	0.00677	0.00809	0.00848	0.00474	0.00551	0.00816	0.01106	0.01473	0.03146	0.75818	0.03758	0.01781	0.00733	0.00234	0.00342	0.05220	0.00531	0.00468
28	0.01086	0.00967	0.01655	0.08899	0.25938	0.00960	0.10375	0.01340	0.01210	0.03178	0.02014	0.35631	0.02158	0.01077	0.00652	0.00202	0.00567	0.01020	0.00398	0.00673
29	0.01529	0.80242	0.02997	0.00979	0.01468	0.02263	0.00979	0.01713	0.01162	0.01346	0.00795	0.00918	0.00734	0.00489	0.00367	0.00122	0.00612	0.00306	0.00245	0.00734
30	0.01164	0.02858	0.72241	0.01749	0.07121	0.01330	0.02091	0.01808	0.01214	0.01815	0.01030	0.01221	0.00736	0.00541	0.00545	0.00180	0.00835	0.00428	0.00244	0.00849
31	0.01508	0.65331	0.07396	0.01003	0.01486	0.02003	0.01011	0.01730	0.01224	0.05447	0.06404	0.01236	0.01112	0.00554	0.00412	0.00133	0.00595	0.00381	0.00297	0.00739
32	0.03661	0.00547	0.00694	0.00809	0.00864	0.00530	0.00548	0.00913	0.03914	0.01535	0.03038	0.73808	0.03594	0.01709	0.00711	0.00229	0.00340	0.01542	0.00527	0.00487
33	0.00898	0.00740	0.03438	0.00761	0.00973	0.00634	0.00618	0.01209	0.06977	0.05348	0.19387	0.04702	0.39208	0.04271	0.00756	0.00210	0.00361	0.08401	0.00546	0.00562
34	0.01382	0.01457	0.05991	0.09680	0.56877	0.05367	0.04235	0.01727	0.01295	0.01789	0.01140	0.04371	0.00983	0.00569	0.00573	0.00174	0.00711	0.00546	0.00289	0.00845
35	0.57072	0.01079	0.00941	0.00827	0.01154	0.01219	0.00676	0.11852	0.01296	0.02630	0.07260	0.01556	0.01221	0.00654	0.00431	0.00177	0.00447	0.03159	0.05696	0.00654

[dist]
# distance from previous block
# <min> <max>
4	6

[block]
# block no. 4 follows, 41 sequences, length 9
# corresponding to MSA columns:
# 363-371
name=unknown_E
#
# <colnr> <probs for GDERKNQSTAVLIFYWHMCP>
#	G	D	E	R	K	N	Q	S	T	A	V	L	I	F	Y	W	H	M	C	P
0	0.13176	0.01157	0.01421	0.13362	0.14512	0.01313	0.01082	0.02276	0.35966	0.02169	0.01664	0.01745	0.01273	0.00657	0.00534	0.00183	0.00526	0.00547	0.05637	0.00800
1	0.01069	0.00803	0.00955	0.00880	0.01069	0.00824	0.00667	0.11812	0.11805	0.02342	0.41784	0.17410	0.03964	0.01161	0.00657	0.00190	0.00358	0.01016	0.00597	0.00638
2	0.06102	0.01689	0.28038	0.01634	0.08177	0.01126	0.14346	0.01497	0.01180	0.01747	0.01624	0.23264	0.01619	0.00901	0.00672	0.00200	0.04326	0.00810	0.00342	0.00706
3	0.13487	0.48076	0.04037	0.00985	0.01439	0.01811	0.00931	0.06236	0.01284	0.12031	0.01068	0.01151	0.00855	0.00698	0.03647	0.00175	0.00615	0.00372	0.00346	0.00758
4	0.00771	0.00864	0.11142	0.00854	0.01042	0.00598	0.00725	0.00974	0.01206	0.01611	0.11679	0.43119	0.18144	0.03601	0.00746	0.00220	0.00393	0.01287	0.00497	0.00526
5	0.00708	0.00565	0.00608	0.00625	0.00765	0.00493	0.00442	0.00834	0.01227	0.01517	0.08973	0.15802	0.51421	0.12266	0.00991	0.00248	0.00331	0.01206	0.00512	0.00465
6	0.00966	0.00784	0.01223	0.01192	0.04149	0.00801	0.09545	0.01180	0.04254	0.01577	0.05399	0.24689	0.06768	0.01424	0.01019	0.12144	0.06327	0.15587	0.00436	0.00535
7	0.14202	0.01429	0.05890	0.05678	0.01644	0.09640	0.00964	0.05873	0.17383	0.02073	0.01256	0.01371	0.00984	0.00602	0.00573	0.00157	0.05490	0.00439	0.00385	0.23967
8	0.38072	0.01391	0.11494	0.01003	0.01410	0.01295	0.00926	0.19576	0.01447	0.02584	0.01130	0.01293	0.00864	0.00864	0.06189	0.00227	0.00608	0.00420	0.08485	0.00721

[dist]
# distance from previous block
# <min> <max>
9	469

# created by:
# /software/SequenceAnalysis/GenePrediction/augustus/3.0.1/scripts/msa2prfl.pl ./fixed/BUSCOvEOG7KWM75.fas
