[name]
unknown

[dist]
# distance from previous block
# <min> <max>
0	50

[block]
# block no. 0 follows, 40 sequences, length 8
# corresponding to MSA columns:
# 50-57
name=unknown_A
#
# <colnr> <probs for GDERKNQSTAVLIFYWHMCP>
#	G	D	E	R	K	N	Q	S	T	A	V	L	I	F	Y	W	H	M	C	P
0	0.77255	0.01118	0.00924	0.06779	0.01348	0.01304	0.00706	0.01692	0.01003	0.02522	0.00827	0.00992	0.00641	0.00543	0.00377	0.00181	0.00475	0.00331	0.00352	0.00631
1	0.77024	0.07502	0.01032	0.00783	0.01154	0.01385	0.00659	0.01712	0.01005	0.02509	0.00810	0.00944	0.00639	0.00536	0.00361	0.00175	0.00464	0.00315	0.00351	0.00639
2	0.01206	0.01034	0.01206	0.00861	0.01378	0.00775	0.00689	0.01464	0.01206	0.01895	0.01034	0.01206	0.00861	0.00431	0.00431	0.00086	0.00431	0.00345	0.00345	0.83118
3	0.01777	0.01480	0.01497	0.01260	0.01639	0.05907	0.01002	0.29847	0.43433	0.02841	0.01916	0.01813	0.01419	0.00744	0.00584	0.00186	0.00562	0.00591	0.00571	0.00932
4	0.02609	0.00990	0.01350	0.01035	0.01484	0.00855	0.00855	0.02834	0.01664	0.76338	0.02294	0.01979	0.01439	0.00720	0.00585	0.00180	0.00495	0.00585	0.00720	0.00990
5	0.01206	0.01034	0.01206	0.00861	0.01378	0.00775	0.00689	0.01464	0.01206	0.01895	0.01034	0.01206	0.00861	0.00431	0.00431	0.00086	0.00431	0.00345	0.00345	0.83118
6	0.00744	0.00552	0.00708	0.00797	0.00879	0.00496	0.00544	0.00860	0.01136	0.01521	0.03243	0.67892	0.08977	0.01692	0.00715	0.00222	0.00341	0.01524	0.00525	0.06631
7	0.00704	0.00524	0.00656	0.00762	0.00831	0.00476	0.00519	0.00815	0.01159	0.01503	0.03788	0.63225	0.19429	0.01746	0.00730	0.00228	0.00328	0.01561	0.00540	0.00476

[dist]
# distance from previous block
# <min> <max>
0	1

[block]
# block no. 1 follows, 40 sequences, length 6
# corresponding to MSA columns:
# 59-64
name=unknown_B
#
# <colnr> <probs for GDERKNQSTAVLIFYWHMCP>
#	G	D	E	R	K	N	Q	S	T	A	V	L	I	F	Y	W	H	M	C	P
0	0.01203	0.10207	0.69670	0.01595	0.02421	0.01439	0.02041	0.01832	0.01223	0.01797	0.01022	0.01200	0.00738	0.00547	0.00536	0.00179	0.00837	0.00419	0.00246	0.00849
1	0.01439	0.01382	0.02360	0.03569	0.75936	0.01382	0.01785	0.01785	0.01324	0.01900	0.01094	0.01439	0.00921	0.00518	0.00576	0.00173	0.00691	0.00518	0.00288	0.00921
2	0.02028	0.01765	0.01702	0.06167	0.01904	0.16231	0.01140	0.46748	0.06817	0.02880	0.01299	0.01380	0.00965	0.00697	0.00654	0.00177	0.05576	0.00502	0.00488	0.00881
3	0.75233	0.01115	0.00946	0.08674	0.01419	0.01303	0.00730	0.01687	0.01007	0.02494	0.00833	0.01007	0.00645	0.00544	0.00383	0.00181	0.00483	0.00336	0.00350	0.00631
4	0.07027	0.01019	0.01397	0.01118	0.01509	0.00955	0.07528	0.02315	0.10528	0.39013	0.04671	0.07023	0.04161	0.00817	0.00595	0.00185	0.00506	0.03051	0.00593	0.05988
5	0.01159	0.00984	0.01156	0.00856	0.01328	0.00747	0.00675	0.01403	0.01197	0.01856	0.01237	0.08505	0.01141	0.00561	0.00460	0.00100	0.00422	0.00467	0.00363	0.75382

[dist]
# distance from previous block
# <min> <max>
0	7

[block]
# block no. 2 follows, 40 sequences, length 6
# corresponding to MSA columns:
# 72-77
name=unknown_C
#
# <colnr> <probs for GDERKNQSTAVLIFYWHMCP>
#	G	D	E	R	K	N	Q	S	T	A	V	L	I	F	Y	W	H	M	C	P
0	0.01820	0.01892	0.27732	0.01323	0.01929	0.01304	0.01363	0.23706	0.01779	0.19691	0.01439	0.01450	0.00990	0.00621	0.00554	0.00169	0.00658	0.00484	0.00468	0.10628
1	0.01398	0.01058	0.01237	0.00925	0.01408	0.00875	0.00739	0.01840	0.11257	0.10417	0.01358	0.01424	0.01051	0.00512	0.00470	0.00112	0.00442	0.00414	0.00421	0.62642
2	0.07894	0.00883	0.01124	0.08664	0.01487	0.00887	0.00823	0.01908	0.10150	0.22255	0.25938	0.02982	0.02797	0.00913	0.00613	0.00188	0.00445	0.06286	0.00579	0.03183
3	0.01438	0.00892	0.01249	0.20203	0.01928	0.00934	0.00987	0.01888	0.10127	0.21029	0.20211	0.03072	0.02560	0.00924	0.00638	0.00198	0.00511	0.09936	0.00546	0.00728
4	0.01642	0.01330	0.01267	0.01163	0.01452	0.15961	0.00926	0.02346	0.26421	0.15257	0.07347	0.03019	0.02114	0.00944	0.00630	0.00199	0.00585	0.16074	0.00549	0.00775
5	0.07959	0.01282	0.02164	0.01609	0.02101	0.01219	0.31357	0.02240	0.11382	0.22078	0.01597	0.01677	0.01132	0.00590	0.00596	0.00180	0.00683	0.00592	0.00459	0.09102

[dist]
# distance from previous block
# <min> <max>
0	1

[block]
# block no. 3 follows, 40 sequences, length 8
# corresponding to MSA columns:
# 79-86
name=unknown_D
#
# <colnr> <probs for GDERKNQSTAVLIFYWHMCP>
#	G	D	E	R	K	N	Q	S	T	A	V	L	I	F	Y	W	H	M	C	P
0	0.01262	0.01100	0.01412	0.01022	0.01527	0.00892	0.07262	0.06229	0.01327	0.01993	0.01298	0.01457	0.04384	0.00502	0.00476	0.00107	0.00487	0.00428	0.00365	0.66469
1	0.01386	0.01237	0.02067	0.01497	0.02010	0.01082	0.28740	0.05192	0.01402	0.06880	0.05890	0.01603	0.01205	0.00533	0.00562	0.00145	0.00646	0.00544	0.00380	0.36999
2	0.71430	0.01104	0.00929	0.00805	0.01179	0.01237	0.00664	0.01879	0.01092	0.13742	0.01034	0.01101	0.00752	0.00567	0.00394	0.00180	0.00457	0.00356	0.00414	0.00684
3	0.01285	0.00976	0.01350	0.01247	0.01488	0.05654	0.09704	0.01596	0.03327	0.10977	0.06112	0.04657	0.04395	0.01238	0.00760	0.00233	0.02697	0.41147	0.00513	0.00643
4	0.01522	0.01325	0.01369	0.01027	0.01513	0.07865	0.00823	0.18111	0.01595	0.02257	0.01104	0.01235	0.00880	0.00507	0.00474	0.00112	0.00534	0.00388	0.00395	0.56964
5	0.00740	0.00534	0.00683	0.00790	0.00844	0.00500	0.00542	0.00848	0.01122	0.01474	0.03301	0.57674	0.10567	0.10500	0.00991	0.00272	0.00375	0.07259	0.00518	0.00466
6	0.01335	0.00999	0.01192	0.00878	0.01360	0.00767	0.00699	0.01581	0.01252	0.10231	0.01299	0.05745	0.01097	0.00543	0.00466	0.00105	0.00433	0.00446	0.00398	0.69177
7	0.01284	0.01080	0.01248	0.00898	0.01411	0.00855	0.00721	0.07080	0.01324	0.02032	0.01062	0.01221	0.00871	0.00451	0.00442	0.00093	0.00447	0.00358	0.00363	0.76760

[dist]
# distance from previous block
# <min> <max>
0	1

[block]
# block no. 4 follows, 40 sequences, length 9
# corresponding to MSA columns:
# 88-96
name=unknown_E
#
# <colnr> <probs for GDERKNQSTAVLIFYWHMCP>
#	G	D	E	R	K	N	Q	S	T	A	V	L	I	F	Y	W	H	M	C	P
0	0.01511	0.71339	0.11242	0.01069	0.01607	0.02195	0.01124	0.01752	0.01187	0.01421	0.00835	0.00966	0.00745	0.00504	0.00393	0.00131	0.00648	0.00324	0.00248	0.00759
1	0.00771	0.00589	0.00657	0.00657	0.00811	0.00549	0.00487	0.00930	0.01195	0.01551	0.04260	0.04425	0.46803	0.08770	0.16022	0.00368	0.00566	0.01003	0.09096	0.00490
2	0.76581	0.01113	0.00898	0.00788	0.01156	0.01265	0.00649	0.01808	0.01049	0.09058	0.00940	0.01035	0.00701	0.00556	0.00380	0.00180	0.00454	0.00338	0.00391	0.00661
3	0.01206	0.01034	0.01206	0.00861	0.01378	0.00775	0.00689	0.01464	0.01206	0.01895	0.01034	0.01206	0.00861	0.00431	0.00431	0.00086	0.00431	0.00345	0.00345	0.83118
4	0.01206	0.01034	0.01206	0.00861	0.01378	0.00775	0.00689	0.01464	0.01206	0.01895	0.01034	0.01206	0.00861	0.00431	0.00431	0.00086	0.00431	0.00345	0.00345	0.83118
5	0.01206	0.01034	0.01206	0.00861	0.01378	0.00775	0.00689	0.01464	0.01206	0.01895	0.01034	0.01206	0.00861	0.00431	0.00431	0.00086	0.00431	0.00345	0.00345	0.83118
6	0.00831	0.00623	0.00935	0.00935	0.01038	0.00727	0.00727	0.01038	0.00935	0.01350	0.01558	0.02285	0.01454	0.04361	0.77259	0.00935	0.01558	0.00623	0.00312	0.00519
7	0.01207	0.11066	0.68849	0.01588	0.02410	0.01450	0.02028	0.01831	0.01223	0.01792	0.01019	0.01197	0.00738	0.00547	0.00534	0.00178	0.00835	0.00417	0.00246	0.00848
8	0.06337	0.01028	0.01221	0.00898	0.01389	0.00825	0.00726	0.01814	0.01306	0.20159	0.01329	0.01380	0.00989	0.00508	0.00464	0.00115	0.00447	0.00402	0.00437	0.58226

[dist]
# distance from previous block
# <min> <max>
0	6

[block]
# block no. 5 follows, 40 sequences, length 8
# corresponding to MSA columns:
# 103-110
name=unknown_F
#
# <colnr> <probs for GDERKNQSTAVLIFYWHMCP>
#	G	D	E	R	K	N	Q	S	T	A	V	L	I	F	Y	W	H	M	C	P
0	0.01489	0.01734	0.03057	0.02248	0.02756	0.13080	0.58238	0.01905	0.01385	0.01767	0.01109	0.01471	0.00855	0.00539	0.00737	0.00193	0.05760	0.00628	0.00293	0.00758
1	0.01206	0.01034	0.01206	0.00861	0.01378	0.00775	0.00689	0.01464	0.01206	0.01895	0.01034	0.01206	0.00861	0.00431	0.00431	0.00086	0.00431	0.00345	0.00345	0.83118
2	0.74137	0.01245	0.00954	0.00840	0.01204	0.05430	0.00686	0.06303	0.01135	0.02612	0.00852	0.00979	0.00659	0.00553	0.00383	0.00178	0.00494	0.00331	0.00371	0.00655
3	0.00841	0.00580	0.00718	0.00718	0.00747	0.00609	0.00457	0.00900	0.00871	0.01190	0.01755	0.03380	0.01929	0.58527	0.23743	0.00668	0.00842	0.00783	0.00341	0.00399
4	0.00761	0.00594	0.00698	0.00721	0.00876	0.00531	0.00554	0.00954	0.01385	0.01777	0.22519	0.13043	0.39751	0.01459	0.00710	0.00208	0.00331	0.12052	0.00564	0.00510
5	0.01471	0.01082	0.01324	0.00992	0.01431	0.00958	0.00806	0.04730	0.01301	0.13296	0.01208	0.01341	0.00943	0.00561	0.00648	0.00126	0.10344	0.00410	0.00401	0.56630
6	0.01218	0.01073	0.01371	0.00979	0.01501	0.00827	0.06121	0.01494	0.01218	0.01893	0.01044	0.01233	0.00863	0.00435	0.00450	0.00094	0.00471	0.00370	0.00341	0.77003
7	0.01339	0.01405	0.01621	0.01431	0.01482	0.13158	0.01157	0.01466	0.01035	0.01414	0.01094	0.11113	0.01152	0.01056	0.01549	0.00236	0.56743	0.00633	0.00298	0.00621

[dist]
# distance from previous block
# <min> <max>
0	7

[block]
# block no. 6 follows, 40 sequences, length 6
# corresponding to MSA columns:
# 118-123
name=unknown_G
#
# <colnr> <probs for GDERKNQSTAVLIFYWHMCP>
#	G	D	E	R	K	N	Q	S	T	A	V	L	I	F	Y	W	H	M	C	P
0	0.05768	0.00640	0.00777	0.00795	0.00952	0.00609	0.00631	0.01089	0.01428	0.01983	0.33147	0.09127	0.19761	0.01355	0.00700	0.00211	0.00361	0.19564	0.00569	0.00533
1	0.05584	0.01682	0.01428	0.01187	0.01585	0.23151	0.00929	0.13825	0.17534	0.02196	0.01332	0.01388	0.01037	0.00605	0.00514	0.00147	0.00650	0.00449	0.00424	0.24353
2	0.15451	0.00907	0.01063	0.00880	0.01193	0.00870	0.00682	0.02038	0.04928	0.35237	0.07085	0.02341	0.01726	0.17795	0.01062	0.00260	0.00482	0.00621	0.00550	0.04831
3	0.01386	0.44427	0.20230	0.01125	0.01713	0.01743	0.01205	0.01705	0.01198	0.01596	0.00913	0.01063	0.00769	0.00496	0.00429	0.00130	0.00637	0.00347	0.00269	0.18621
4	0.59953	0.01045	0.00901	0.00798	0.01117	0.01176	0.00646	0.06694	0.01255	0.02624	0.17062	0.01713	0.01708	0.00692	0.00446	0.00180	0.00425	0.00489	0.00436	0.00638
5	0.07596	0.01280	0.01391	0.01125	0.01542	0.01352	0.00906	0.22848	0.27708	0.11970	0.01750	0.01679	0.01276	0.00677	0.00545	0.00169	0.00510	0.00534	0.00547	0.14594

[dist]
# distance from previous block
# <min> <max>
19	42

[block]
# block no. 7 follows, 40 sequences, length 8
# corresponding to MSA columns:
# 175-182
name=unknown_H
#
# <colnr> <probs for GDERKNQSTAVLIFYWHMCP>
#	G	D	E	R	K	N	Q	S	T	A	V	L	I	F	Y	W	H	M	C	P
0	0.69777	0.01131	0.00950	0.00816	0.01195	0.01265	0.00672	0.04904	0.01131	0.08846	0.00970	0.01063	0.00724	0.00557	0.00391	0.00176	0.00461	0.00348	0.00399	0.04224
1	0.54525	0.01110	0.01054	0.00878	0.01271	0.01193	0.00724	0.05900	0.01289	0.25232	0.01295	0.01285	0.00897	0.00603	0.00441	0.00180	0.00474	0.00409	0.00482	0.00759
2	0.01303	0.01363	0.02286	0.01810	0.01990	0.01686	0.23478	0.01541	0.01038	0.01541	0.00890	0.01363	0.00800	0.00856	0.01534	0.00237	0.54772	0.00563	0.00267	0.00681
3	0.26675	0.01197	0.01176	0.01047	0.01392	0.01372	0.00828	0.02654	0.48371	0.06419	0.01886	0.01785	0.01407	0.00709	0.00520	0.00191	0.00459	0.00549	0.00528	0.00835
4	0.02253	0.01069	0.01339	0.01080	0.01493	0.01036	0.00875	0.02912	0.24075	0.53718	0.02316	0.02038	0.01542	0.00741	0.00587	0.00185	0.00484	0.00607	0.00681	0.00968
5	0.01802	0.01170	0.01326	0.01138	0.01504	0.01265	0.00900	0.03012	0.52474	0.25053	0.02345	0.02111	0.01672	0.00768	0.00590	0.00192	0.00471	0.00635	0.00631	0.00942
6	0.00823	0.00594	0.00777	0.00732	0.00869	0.00549	0.00549	0.01097	0.01646	0.02332	0.75629	0.04344	0.05487	0.01189	0.00686	0.00183	0.00274	0.01052	0.00640	0.00549
7	0.00701	0.00536	0.00644	0.00730	0.00822	0.00479	0.00504	0.00819	0.01190	0.01516	0.04180	0.52466	0.29934	0.01695	0.00722	0.00222	0.00322	0.01499	0.00540	0.00479

[dist]
# distance from previous block
# <min> <max>
4	7

[block]
# block no. 8 follows, 40 sequences, length 10
# corresponding to MSA columns:
# 191-200
name=unknown_I
#
# <colnr> <probs for GDERKNQSTAVLIFYWHMCP>
#	G	D	E	R	K	N	Q	S	T	A	V	L	I	F	Y	W	H	M	C	P
0	0.01446	0.01249	0.01315	0.01183	0.01512	0.01446	0.00920	0.03090	0.74885	0.02433	0.02367	0.02170	0.01775	0.00789	0.00592	0.00197	0.00460	0.00657	0.00592	0.00920
1	0.01446	0.01249	0.01315	0.01183	0.01512	0.01446	0.00920	0.03090	0.74885	0.02433	0.02367	0.02170	0.01775	0.00789	0.00592	0.00197	0.00460	0.00657	0.00592	0.00920
2	0.00823	0.00594	0.00777	0.00732	0.00869	0.00549	0.00549	0.01097	0.01646	0.02332	0.75629	0.04344	0.05487	0.01189	0.00686	0.00183	0.00274	0.01052	0.00640	0.00549
3	0.01446	0.01249	0.01315	0.01183	0.01512	0.01446	0.00920	0.03090	0.74885	0.02433	0.02367	0.02170	0.01775	0.00789	0.00592	0.00197	0.00460	0.00657	0.00592	0.00920
4	0.00823	0.00594	0.00777	0.00732	0.00869	0.00549	0.00549	0.01097	0.01646	0.02332	0.75629	0.04344	0.05487	0.01189	0.00686	0.00183	0.00274	0.01052	0.00640	0.00549
5	0.01068	0.01063	0.00914	0.00979	0.01078	0.19342	0.00683	0.01182	0.01245	0.01469	0.02638	0.59975	0.03085	0.01521	0.00689	0.00215	0.00512	0.01339	0.00481	0.00522
6	0.01579	0.01583	0.03017	0.02177	0.02735	0.01552	0.55947	0.19596	0.01707	0.02306	0.01230	0.01526	0.00909	0.00541	0.00661	0.00191	0.00897	0.00646	0.00365	0.00835
7	0.63457	0.01155	0.00968	0.00868	0.01220	0.01339	0.00701	0.02049	0.19156	0.02566	0.01193	0.01246	0.00911	0.00601	0.00417	0.00184	0.00452	0.00399	0.00417	0.00701
8	0.01235	0.02576	0.58055	0.01541	0.02270	0.01374	0.01847	0.02149	0.19335	0.01987	0.01369	0.01459	0.00992	0.00611	0.00562	0.00187	0.00761	0.00486	0.00331	0.00874
9	0.00727	0.00580	0.00659	0.00710	0.00858	0.00511	0.00535	0.00880	0.01275	0.01573	0.04840	0.23821	0.47971	0.01577	0.00717	0.00216	0.00339	0.11180	0.00539	0.00493

[dist]
# distance from previous block
# <min> <max>
0	5

[block]
# block no. 9 follows, 40 sequences, length 37
# corresponding to MSA columns:
# 206-242
name=unknown_J
#
# <colnr> <probs for GDERKNQSTAVLIFYWHMCP>
#	G	D	E	R	K	N	Q	S	T	A	V	L	I	F	Y	W	H	M	C	P
0	0.00828	0.00629	0.01854	0.00745	0.00892	0.00560	0.00571	0.01108	0.01640	0.02325	0.74569	0.04300	0.05419	0.01180	0.00684	0.00183	0.00283	0.01043	0.00635	0.00553
1	0.01458	0.01623	0.03460	0.02490	0.03078	0.01513	0.72823	0.01918	0.01425	0.01942	0.01263	0.01687	0.00966	0.00551	0.00722	0.00212	0.01004	0.00712	0.00325	0.00828
2	0.01531	0.01308	0.01373	0.01240	0.01573	0.01489	0.00956	0.03128	0.73893	0.02503	0.02437	0.02279	0.01847	0.00845	0.00629	0.00213	0.00491	0.00684	0.00618	0.00962
3	0.00917	0.00662	0.00844	0.00795	0.00939	0.00604	0.00589	0.01163	0.01695	0.02404	0.74658	0.04423	0.05506	0.01239	0.00722	0.00199	0.00308	0.01072	0.00666	0.00596
4	0.01174	0.00611	0.00612	0.00608	0.00750	0.00598	0.00449	0.01417	0.01274	0.02243	0.01974	0.02278	0.01566	0.00735	0.00446	0.00152	0.00304	0.00570	0.81650	0.00589
5	0.01309	0.01108	0.01273	0.00942	0.01449	0.00869	0.00742	0.01625	0.05813	0.02007	0.01205	0.01389	0.01002	0.00514	0.00480	0.00111	0.00464	0.00394	0.00390	0.76913
6	0.01415	0.01423	0.01825	0.01577	0.01604	0.06481	0.01293	0.01518	0.00997	0.01486	0.00865	0.01381	0.00848	0.01045	0.01841	0.00263	0.72635	0.00529	0.00289	0.00684
7	0.01174	0.00611	0.00612	0.00608	0.00750	0.00598	0.00449	0.01417	0.01274	0.02243	0.01974	0.02278	0.01566	0.00735	0.00446	0.00152	0.00304	0.00570	0.81650	0.00589
8	0.01458	0.01623	0.03460	0.02490	0.03078	0.01513	0.72823	0.01918	0.01425	0.01942	0.01263	0.01687	0.00966	0.00551	0.00722	0.00212	0.01004	0.00712	0.00325	0.00828
9	0.01458	0.01623	0.03460	0.02490	0.03078	0.01513	0.72823	0.01918	0.01425	0.01942	0.01263	0.01687	0.00966	0.00551	0.00722	0.00212	0.01004	0.00712	0.00325	0.00828
10	0.02506	0.01074	0.01402	0.01081	0.01542	0.00922	0.00879	0.04609	0.01689	0.64876	0.02197	0.01987	0.01437	0.00743	0.00604	0.00185	0.00522	0.00583	0.00698	0.10465
11	0.00787	0.00657	0.00664	0.00659	0.00859	0.00549	0.00487	0.00912	0.01389	0.01678	0.08071	0.05619	0.72546	0.01510	0.00723	0.00212	0.00327	0.01240	0.00570	0.00541
12	0.01372	0.01160	0.01227	0.01119	0.01417	0.01279	0.00857	0.02643	0.57384	0.02376	0.09281	0.02941	0.12373	0.00974	0.00650	0.00212	0.00452	0.00796	0.00615	0.00871
13	0.01531	0.01308	0.01373	0.01240	0.01573	0.01489	0.00956	0.03128	0.73893	0.02503	0.02437	0.02279	0.01847	0.00845	0.00629	0.00213	0.00491	0.00684	0.00618	0.00962
14	0.01448	0.01360	0.02266	0.20362	0.58768	0.01405	0.01770	0.01774	0.01341	0.01885	0.01168	0.01584	0.00972	0.00592	0.00614	0.00194	0.00737	0.00546	0.00312	0.00901
15	0.00783	0.00657	0.00658	0.00654	0.00857	0.00547	0.00484	0.00904	0.01379	0.01654	0.05911	0.05658	0.74721	0.01519	0.00723	0.00212	0.00328	0.01245	0.00567	0.00539
16	0.02223	0.01629	0.01746	0.01370	0.01824	0.01782	0.01114	0.64411	0.09581	0.05533	0.01596	0.01606	0.01158	0.00765	0.00620	0.00193	0.00647	0.00566	0.00613	0.01023
17	0.01073	0.00909	0.01284	0.01194	0.01271	0.01135	0.00949	0.01227	0.00979	0.01453	0.01372	0.02052	0.01297	0.03240	0.50826	0.00711	0.27489	0.00611	0.00323	0.00606
18	0.01367	0.25083	0.54473	0.01517	0.02270	0.01667	0.01836	0.01868	0.01269	0.01785	0.01065	0.01266	0.00826	0.00596	0.00539	0.00183	0.00816	0.00425	0.00278	0.00870
19	0.00801	0.00658	0.00683	0.00673	0.00868	0.00555	0.00498	0.00939	0.01422	0.01756	0.15257	0.05490	0.65312	0.01481	0.00723	0.00211	0.00325	0.01222	0.00581	0.00547
20	0.82587	0.01185	0.00920	0.00827	0.01191	0.01349	0.00669	0.01767	0.01048	0.02677	0.00902	0.01072	0.00717	0.00599	0.00400	0.00196	0.00481	0.00346	0.00390	0.00676
21	0.00804	0.00575	0.00742	0.00872	0.00914	0.00529	0.00581	0.00880	0.01170	0.01569	0.03263	0.78199	0.03888	0.01863	0.00777	0.00252	0.00370	0.01665	0.00567	0.00521
22	0.01029	0.00736	0.01001	0.01129	0.01270	0.00723	0.00972	0.01269	0.01392	0.01821	0.03139	0.06607	0.03396	0.01651	0.00837	0.00283	0.00565	0.71034	0.00563	0.00583
23	0.02248	0.02771	0.01705	0.01545	0.01855	0.73708	0.01155	0.04734	0.01732	0.01582	0.01006	0.01186	0.00843	0.00661	0.00564	0.00167	0.01058	0.00410	0.00340	0.00730
24	0.01142	0.00839	0.00911	0.00857	0.00963	0.00879	0.00561	0.05011	0.17731	0.01636	0.02009	0.03404	0.02049	0.56829	0.02312	0.00473	0.00573	0.00811	0.00448	0.00562
25	0.00884	0.00634	0.00807	0.00823	0.00927	0.00583	0.00586	0.01061	0.01477	0.02058	0.46039	0.28367	0.04760	0.05389	0.00857	0.00237	0.00349	0.02982	0.00617	0.00561
26	0.00840	0.00593	0.00739	0.00829	0.00869	0.00553	0.00539	0.00903	0.01139	0.01535	0.06803	0.57495	0.03591	0.19085	0.01267	0.00321	0.00417	0.01454	0.00531	0.00498
27	0.54769	0.00989	0.00814	0.00752	0.01040	0.01092	0.00594	0.01647	0.01125	0.02529	0.01268	0.01484	0.01007	0.00646	0.00416	0.00181	0.00420	0.00422	0.28156	0.00646
28	0.00928	0.00623	0.00722	0.00755	0.00787	0.00603	0.00472	0.00958	0.01014	0.01393	0.02285	0.20668	0.02592	0.52232	0.02199	0.00460	0.00523	0.04808	0.05527	0.00450
29	0.00932	0.00629	0.00705	0.00707	0.00718	0.00614	0.00405	0.00913	0.00919	0.01235	0.01979	0.07678	0.02268	0.74595	0.02852	0.00558	0.00582	0.00910	0.00392	0.00408
30	0.01174	0.00611	0.00612	0.00608	0.00750	0.00598	0.00449	0.01417	0.01274	0.02243	0.01974	0.02278	0.01566	0.00735	0.00446	0.00152	0.00304	0.00570	0.81650	0.00589
31	0.01120	0.00615	0.00632	0.00628	0.00741	0.00603	0.00437	0.01303	0.01190	0.02009	0.01959	0.02646	0.01706	0.18470	0.01020	0.00249	0.00370	0.00638	0.63117	0.00547
32	0.00939	0.00632	0.00702	0.00699	0.00708	0.00619	0.00396	0.00915	0.00906	0.01217	0.01910	0.03892	0.02181	0.78500	0.02963	0.00575	0.00593	0.00869	0.00382	0.00402
33	0.00987	0.00708	0.00942	0.01004	0.01146	0.00679	0.00829	0.01229	0.01505	0.02040	0.29968	0.05788	0.04187	0.01496	0.00794	0.00251	0.00469	0.44788	0.00602	0.00588
34	0.82587	0.01185	0.00920	0.00827	0.01191	0.01349	0.00669	0.01767	0.01048	0.02677	0.00902	0.01072	0.00717	0.00599	0.00400	0.00196	0.00481	0.00346	0.00390	0.00676
35	0.01100	0.00579	0.00622	0.00676	0.04001	0.00579	0.00467	0.01374	0.01224	0.02156	0.01862	0.02136	0.01465	0.00670	0.00414	0.00137	0.00290	0.00541	0.79148	0.00559
36	0.01582	0.76507	0.02985	0.01017	0.01506	0.05609	0.01001	0.01767	0.01202	0.01371	0.00812	0.00938	0.00746	0.00502	0.00380	0.00126	0.00641	0.00314	0.00251	0.00743

[dist]
# distance from previous block
# <min> <max>
0	109

# created by:
# /software/SequenceAnalysis/GenePrediction/augustus/3.0.1/scripts/msa2prfl.pl ./fixed/BUSCOvEOG754BF0.fas
