[name]
unknown

[dist]
# distance from previous block
# <min> <max>
0	125

[block]
# block no. 0 follows, 38 sequences, length 75
# corresponding to MSA columns:
# 132-206
name=unknown_A
#
# <colnr> <probs for GDERKNQSTAVLIFYWHMCP>
#	G	D	E	R	K	N	Q	S	T	A	V	L	I	F	Y	W	H	M	C	P
0	0.01247	0.01069	0.01247	0.00891	0.01426	0.00802	0.00713	0.01515	0.01247	0.01960	0.01069	0.01247	0.00891	0.00446	0.00446	0.00089	0.00446	0.00356	0.00356	0.82536
1	0.00875	0.00583	0.00656	0.00656	0.00656	0.00583	0.00365	0.00875	0.00875	0.01166	0.01895	0.03937	0.02187	0.78858	0.03062	0.00583	0.00583	0.00875	0.00365	0.00365
2	0.02287	0.01685	0.01805	0.01384	0.01866	0.01866	0.01143	0.73100	0.02828	0.03791	0.01444	0.01444	0.01023	0.00722	0.00602	0.00181	0.00662	0.00542	0.00602	0.01023
3	0.83108	0.01163	0.00884	0.00791	0.01163	0.01350	0.00651	0.01768	0.01024	0.02699	0.00838	0.00977	0.00651	0.00558	0.00372	0.00186	0.00465	0.00326	0.00372	0.00651
4	0.00888	0.00656	0.00723	0.00709	0.00912	0.00573	0.00540	0.02689	0.01437	0.05976	0.11236	0.11015	0.54077	0.01470	0.00713	0.00207	0.00339	0.04707	0.00579	0.00555
5	0.00902	0.00709	0.01047	0.01025	0.01119	0.00854	0.00803	0.01105	0.00968	0.01406	0.01578	0.04456	0.01504	0.04088	0.66797	0.00875	0.09231	0.00663	0.00323	0.00548
6	0.00733	0.00524	0.00698	0.00838	0.00873	0.00489	0.00558	0.00838	0.01152	0.01536	0.03316	0.78466	0.03979	0.01885	0.00768	0.00244	0.00349	0.01710	0.00558	0.00489
7	0.02179	0.05054	0.01752	0.01573	0.03613	0.69377	0.01166	0.02403	0.04609	0.01525	0.00993	0.01138	0.00822	0.00623	0.00542	0.00157	0.01038	0.00401	0.00320	0.00716
8	0.02037	0.02470	0.01706	0.01529	0.01791	0.57089	0.01173	0.03612	0.06709	0.01585	0.01023	0.01213	0.00857	0.00709	0.00792	0.00177	0.14050	0.00435	0.00329	0.00715
9	0.01578	0.01539	0.05209	0.02654	0.43780	0.07481	0.01507	0.04340	0.13972	0.05006	0.01444	0.01738	0.01177	0.05090	0.00735	0.00205	0.00694	0.00567	0.00383	0.00901
10	0.01250	0.04823	0.72347	0.01684	0.02555	0.01408	0.02164	0.01926	0.01279	0.03592	0.01104	0.01281	0.00779	0.00574	0.00568	0.00189	0.00875	0.00445	0.00265	0.00889
11	0.01783	0.01177	0.01425	0.03864	0.03973	0.01149	0.00936	0.21565	0.05473	0.17570	0.11967	0.02152	0.01844	0.00755	0.00588	0.00166	0.00522	0.02621	0.00560	0.19909
12	0.83108	0.01163	0.00884	0.00791	0.01163	0.01350	0.00651	0.01768	0.01024	0.02699	0.00838	0.00977	0.00651	0.00558	0.00372	0.00186	0.00465	0.00326	0.00372	0.00651
13	0.01007	0.00735	0.00997	0.01116	0.01269	0.00750	0.00968	0.01386	0.06575	0.01851	0.03133	0.06461	0.03346	0.01601	0.00815	0.00272	0.00548	0.66028	0.00558	0.00582
14	0.01089	0.00791	0.01082	0.01073	0.01200	0.00857	0.00814	0.01248	0.01120	0.01651	0.01819	0.02597	0.01677	0.04247	0.68683	0.00919	0.01549	0.00698	0.06241	0.00646
15	0.01316	0.01316	0.01843	0.01579	0.01579	0.01843	0.01316	0.01448	0.00921	0.01448	0.00790	0.01316	0.00790	0.01053	0.01974	0.00263	0.77757	0.00526	0.00263	0.00658
16	0.01121	0.00561	0.00561	0.00561	0.00701	0.00561	0.00421	0.01402	0.01262	0.02243	0.01962	0.02243	0.01542	0.00701	0.00421	0.00140	0.00280	0.00561	0.82198	0.00561
17	0.00847	0.00612	0.00800	0.00760	0.00898	0.00565	0.00567	0.01125	0.01683	0.02381	0.72261	0.07110	0.05616	0.01253	0.00712	0.00191	0.00286	0.01110	0.00659	0.00565
18	0.01159	0.00597	0.00601	0.00587	0.00738	0.00603	0.00444	0.03709	0.01312	0.02293	0.01946	0.02217	0.01525	0.00702	0.00426	0.00141	0.00293	0.00560	0.79572	0.00576
19	0.01116	0.00558	0.00577	0.00577	0.00707	0.00558	0.00428	0.01358	0.01227	0.02157	0.01897	0.02213	0.01506	0.00800	0.00558	0.06025	0.00298	0.00558	0.76343	0.00539
20	0.01673	0.68001	0.05265	0.01091	0.01614	0.02291	0.01080	0.09936	0.01407	0.01702	0.00913	0.01029	0.00800	0.00540	0.00416	0.00137	0.00653	0.00351	0.00297	0.00804
21	0.04258	0.01559	0.01632	0.01291	0.01730	0.06910	0.01057	0.47158	0.03637	0.17078	0.03755	0.01812	0.01319	0.00764	0.00604	0.00184	0.00641	0.03049	0.00603	0.00960
22	0.01247	0.01069	0.01247	0.00891	0.01426	0.00802	0.00713	0.01515	0.01247	0.01960	0.01069	0.01247	0.00891	0.00446	0.00446	0.00089	0.00446	0.00356	0.00356	0.82536
23	0.00738	0.00527	0.00702	0.00834	0.00874	0.00492	0.00559	0.00850	0.01175	0.01572	0.06266	0.75412	0.04049	0.01858	0.00765	0.00242	0.00346	0.01684	0.00563	0.00492
24	0.00875	0.00583	0.00656	0.00656	0.00656	0.00583	0.00365	0.00875	0.00875	0.01166	0.01895	0.03937	0.02187	0.78858	0.03062	0.00583	0.00583	0.00875	0.00365	0.00365
25	0.02240	0.01660	0.01805	0.04461	0.01958	0.01844	0.01165	0.70204	0.02763	0.03700	0.01429	0.01451	0.01014	0.00717	0.00602	0.00181	0.00668	0.00541	0.00588	0.01009
26	0.02287	0.01685	0.01805	0.01384	0.01866	0.01866	0.01143	0.73100	0.02828	0.03791	0.01444	0.01444	0.01023	0.00722	0.00602	0.00181	0.00662	0.00542	0.00602	0.01023
27	0.01220	0.05711	0.73263	0.01691	0.02567	0.01431	0.02182	0.01902	0.01268	0.01888	0.01071	0.01260	0.00762	0.00570	0.00565	0.00188	0.00881	0.00440	0.00254	0.00885
28	0.01738	0.01332	0.02140	0.02928	0.52918	0.01333	0.01575	0.02138	0.05588	0.17443	0.01456	0.01644	0.01111	0.00614	0.00646	0.00185	0.03289	0.00558	0.00409	0.00958
29	0.01543	0.01532	0.02389	0.03539	0.69872	0.06789	0.01797	0.01886	0.01394	0.01930	0.01117	0.01460	0.00940	0.00542	0.00592	0.00177	0.00741	0.00525	0.00299	0.00935
30	0.00862	0.00635	0.00919	0.00919	0.01010	0.00726	0.00693	0.01044	0.00953	0.01361	0.01655	0.02603	0.01608	0.15861	0.65268	0.00908	0.01454	0.00680	0.00329	0.00511
31	0.01352	0.17262	0.01249	0.00763	0.01012	0.03499	0.00633	0.07297	0.01382	0.02139	0.01628	0.01862	0.01301	0.00695	0.00480	0.02177	0.00419	0.00502	0.53708	0.00639
32	0.02303	0.01659	0.01789	0.01372	0.01852	0.01826	0.01133	0.70292	0.02784	0.06662	0.01481	0.01468	0.01042	0.00723	0.00602	0.00181	0.00656	0.00544	0.00608	0.01023
33	0.81318	0.01167	0.00905	0.00808	0.01172	0.01360	0.00666	0.01761	0.01022	0.02672	0.00837	0.00985	0.00655	0.00569	0.00407	0.00188	0.02156	0.00330	0.00370	0.00652
34	0.01571	0.01295	0.01377	0.01224	0.01573	0.01484	0.00956	0.05573	0.68694	0.05482	0.02411	0.02209	0.01795	0.00810	0.00611	0.00203	0.00484	0.00672	0.00617	0.00957
35	0.83108	0.01163	0.00884	0.00791	0.01163	0.01350	0.00651	0.01768	0.01024	0.02699	0.00838	0.00977	0.00651	0.00558	0.00372	0.00186	0.00465	0.00326	0.00372	0.00651
36	0.01051	0.00562	0.00857	0.06259	0.01024	0.00581	0.00605	0.00838	0.00814	0.01080	0.01047	0.01813	0.01028	0.01984	0.02226	0.76617	0.00542	0.00523	0.00262	0.00290
37	0.01247	0.01069	0.01247	0.00891	0.01426	0.00802	0.00713	0.01515	0.01247	0.01960	0.01069	0.01247	0.00891	0.00446	0.00446	0.00089	0.00446	0.00356	0.00356	0.82536
38	0.02312	0.01527	0.01695	0.01309	0.01773	0.01642	0.01077	0.57957	0.02572	0.16822	0.01674	0.04033	0.01203	0.00764	0.00608	0.00184	0.00624	0.00591	0.00626	0.01006
39	0.00875	0.00583	0.00656	0.00656	0.00656	0.00583	0.00365	0.00875	0.00875	0.01166	0.01895	0.03937	0.02187	0.78858	0.03062	0.00583	0.00583	0.00875	0.00365	0.00365
40	0.01999	0.01530	0.01672	0.01440	0.06108	0.03775	0.01101	0.52359	0.07475	0.03247	0.01578	0.04301	0.01222	0.00972	0.04943	0.00227	0.00692	0.00595	0.03824	0.00939
41	0.01230	0.07469	0.71585	0.01675	0.02543	0.01453	0.02154	0.01899	0.01267	0.01877	0.01066	0.01253	0.00763	0.00568	0.00561	0.00187	0.00875	0.00437	0.00254	0.00882
42	0.02699	0.01024	0.01396	0.01070	0.01536	0.00884	0.00884	0.02932	0.01722	0.75522	0.02373	0.02048	0.01489	0.00745	0.00605	0.00186	0.00512	0.00605	0.00745	0.01024
43	0.01275	0.01262	0.01821	0.01555	0.01588	0.01723	0.03946	0.01429	0.00944	0.01461	0.00886	0.01431	0.00865	0.01373	0.09252	0.00330	0.67392	0.00545	0.00271	0.00652
44	0.78414	0.01129	0.00866	0.00778	0.01137	0.01304	0.00638	0.01747	0.01037	0.02673	0.00902	0.01050	0.00702	0.00567	0.00375	0.00184	0.00455	0.00339	0.05057	0.00646
45	0.01662	0.01229	0.01354	0.01199	0.01550	0.01370	0.00948	0.04833	0.57493	0.13160	0.02454	0.02455	0.01858	0.00852	0.00623	0.00205	0.00491	0.04695	0.00628	0.00942
46	0.01801	0.01315	0.01644	0.01400	0.05276	0.01421	0.05859	0.39966	0.02032	0.04580	0.01469	0.05582	0.01201	0.01004	0.00960	0.14161	0.03743	0.00612	0.05168	0.00807
47	0.70146	0.03750	0.10570	0.00917	0.01360	0.01386	0.00865	0.01787	0.01061	0.02559	0.00869	0.01015	0.00669	0.00559	0.00398	0.00185	0.00525	0.00341	0.00354	0.00686
48	0.04368	0.01494	0.01707	0.09100	0.04928	0.01654	0.01158	0.49361	0.07839	0.07402	0.01522	0.01570	0.01092	0.00706	0.00590	0.00183	0.00638	0.00549	0.03184	0.00954
49	0.01608	0.79220	0.03152	0.01029	0.01544	0.02380	0.01029	0.01801	0.01222	0.01415	0.00836	0.00965	0.00772	0.00515	0.00386	0.00129	0.00643	0.00322	0.00257	0.00772
50	0.01207	0.03112	0.75741	0.01715	0.02604	0.01397	0.02223	0.01905	0.01270	0.01905	0.01080	0.01270	0.00762	0.00572	0.00572	0.00191	0.00889	0.00445	0.00254	0.00889
51	0.02096	0.01583	0.01805	0.13979	0.02243	0.01778	0.01231	0.61245	0.02559	0.03418	0.01382	0.01471	0.00986	0.00702	0.00602	0.00184	0.00685	0.00540	0.00546	0.00964
52	0.01706	0.14792	0.02165	0.01657	0.05638	0.27946	0.06346	0.01895	0.01304	0.01512	0.00895	0.01208	0.00799	0.00746	0.01049	0.00194	0.28691	0.00458	0.00283	0.00717
53	0.01877	0.01337	0.01412	0.01213	0.01590	0.05655	0.00957	0.06719	0.48332	0.20545	0.02291	0.02088	0.01648	0.00782	0.00606	0.00196	0.00529	0.00638	0.00627	0.00959
54	0.52201	0.01517	0.01167	0.01012	0.01382	0.14174	0.00813	0.14016	0.01457	0.02658	0.01003	0.01127	0.00773	0.00603	0.00442	0.00178	0.00597	0.00383	0.03778	0.00719
55	0.00721	0.00610	0.00624	0.00620	0.00819	0.00512	0.00465	0.00883	0.01396	0.01683	0.11148	0.05694	0.69771	0.01502	0.00711	0.00202	0.00303	0.01256	0.00566	0.00512
56	0.00771	0.00567	0.00727	0.00834	0.00899	0.00537	0.00569	0.00957	0.04211	0.01642	0.08360	0.65893	0.08241	0.01774	0.00754	0.00236	0.00347	0.01599	0.00568	0.00514
57	0.01152	0.01101	0.01904	0.73125	0.04086	0.01347	0.05750	0.01559	0.01215	0.01559	0.01078	0.01605	0.00808	0.00596	0.00608	0.00201	0.00814	0.00545	0.00269	0.00676
58	0.06993	0.01076	0.01739	0.71938	0.03930	0.01337	0.01598	0.01554	0.01190	0.01620	0.01053	0.01559	0.00791	0.00598	0.00585	0.00199	0.00778	0.00520	0.00275	0.00667
59	0.01007	0.00747	0.00934	0.00842	0.01087	0.00628	0.00624	0.01219	0.01352	0.04608	0.21742	0.30188	0.03320	0.01190	0.00639	0.00176	0.00369	0.01054	0.00526	0.27747
60	0.01608	0.79220	0.03152	0.01029	0.01544	0.02380	0.01029	0.01801	0.01222	0.01415	0.00836	0.00965	0.00772	0.00515	0.00386	0.00129	0.00643	0.00322	0.00257	0.00772
61	0.01732	0.01811	0.01502	0.01352	0.01662	0.26149	0.01043	0.02832	0.45945	0.02110	0.01852	0.01809	0.01426	0.00766	0.00669	0.00191	0.05230	0.00575	0.00492	0.00851
62	0.02287	0.01685	0.01805	0.01384	0.01866	0.01866	0.01143	0.73100	0.02828	0.03791	0.01444	0.01444	0.01023	0.00722	0.00602	0.00181	0.00662	0.00542	0.00602	0.01023
63	0.00913	0.00658	0.00826	0.00901	0.00988	0.00648	0.00626	0.09219	0.01346	0.01797	0.03099	0.69532	0.03636	0.01750	0.00749	0.00237	0.00385	0.01575	0.00563	0.00551
64	0.83108	0.01163	0.00884	0.00791	0.01163	0.01350	0.00651	0.01768	0.01024	0.02699	0.00838	0.00977	0.00651	0.00558	0.00372	0.00186	0.00465	0.00326	0.00372	0.00651
65	0.01688	0.01197	0.01370	0.01201	0.03653	0.01257	0.00912	0.37769	0.02049	0.06290	0.02061	0.25239	0.01973	0.01059	0.00635	0.00193	0.00529	0.00895	0.04634	0.05397
66	0.02064	0.01132	0.01363	0.01110	0.01523	0.01121	0.00892	0.05678	0.27325	0.37908	0.05336	0.02134	0.01724	0.00766	0.00599	0.00185	0.00490	0.00630	0.00658	0.07360
67	0.17771	0.01131	0.01620	0.55137	0.03328	0.01386	0.01423	0.05678	0.01251	0.01898	0.01035	0.01459	0.00784	0.00614	0.00599	0.00198	0.03203	0.00493	0.00308	0.00685
68	0.01441	0.01231	0.01317	0.01203	0.01523	0.01414	0.00942	0.03001	0.66877	0.02464	0.04589	0.02625	0.02060	0.00887	0.00630	0.00209	0.00476	0.05589	0.00610	0.00913
69	0.01227	0.02991	0.70504	0.01856	0.07784	0.01399	0.02196	0.01901	0.01277	0.01909	0.01083	0.01286	0.00776	0.00569	0.00573	0.00190	0.00877	0.00451	0.00257	0.00894
70	0.00851	0.00615	0.00804	0.00757	0.00899	0.00568	0.00568	0.01135	0.01703	0.02412	0.74788	0.04494	0.05676	0.01230	0.00710	0.00189	0.00284	0.01088	0.00662	0.00568
71	0.00803	0.00597	0.00748	0.00744	0.00878	0.00542	0.00545	0.01028	0.01537	0.02100	0.48496	0.18570	0.18379	0.01408	0.00721	0.00202	0.00300	0.01238	0.00623	0.00542
72	0.01121	0.00561	0.00561	0.00561	0.00701	0.00561	0.00421	0.01402	0.01262	0.02243	0.01962	0.02243	0.01542	0.00701	0.00421	0.00140	0.00280	0.00561	0.82198	0.00561
73	0.01469	0.01550	0.07679	0.03551	0.69925	0.01427	0.01873	0.01850	0.01363	0.01961	0.01128	0.01473	0.00939	0.00539	0.00594	0.00180	0.00727	0.00529	0.00295	0.00948
74	0.01442	0.01699	0.05332	0.09221	0.02922	0.09516	0.50476	0.01878	0.01404	0.01810	0.01352	0.01712	0.03930	0.00594	0.00728	0.00200	0.04040	0.00666	0.00309	0.00770

[dist]
# distance from previous block
# <min> <max>
0	43

# created by:
# /software/SequenceAnalysis/GenePrediction/augustus/3.0.1/scripts/msa2prfl.pl ./fixed/BUSCOvEOG7ZSBJ1.fas
