[name]
unknown

[dist]
# distance from previous block
# <min> <max>
1	562

[block]
# block no. 0 follows, 40 sequences, length 12
# corresponding to MSA columns:
# 595-606
name=unknown_A
#
# <colnr> <probs for GDERKNQSTAVLIFYWHMCP>
#	G	D	E	R	K	N	Q	S	T	A	V	L	I	F	Y	W	H	M	C	P
0	0.00831	0.00623	0.00935	0.00935	0.01038	0.00727	0.00727	0.01038	0.00935	0.01350	0.01558	0.02285	0.01454	0.04361	0.77259	0.00935	0.01558	0.00623	0.00312	0.00519
1	0.01042	0.02136	0.49174	0.01323	0.01921	0.01061	0.01571	0.01573	0.01379	0.02019	0.27990	0.02354	0.02453	0.00782	0.00601	0.00184	0.00648	0.00654	0.00388	0.00747
2	0.02211	0.01629	0.01745	0.01338	0.01803	0.01803	0.01105	0.73997	0.02734	0.03665	0.01396	0.01396	0.00989	0.00698	0.00582	0.00175	0.00640	0.00524	0.00582	0.00989
3	0.01112	0.01053	0.01747	0.72028	0.03807	0.01331	0.01588	0.01479	0.01141	0.01479	0.01012	0.01528	0.00774	0.00616	0.00688	0.00199	0.07000	0.00516	0.00258	0.00645
4	0.04115	0.00872	0.01113	0.07963	0.01450	0.00844	0.00779	0.02154	0.06587	0.35635	0.06455	0.02097	0.01623	0.00716	0.00532	0.00168	0.00441	0.00586	0.22759	0.03111
5	0.16801	0.00693	0.00675	0.00629	0.00836	0.00715	0.00490	0.01558	0.01217	0.09061	0.01728	0.01920	0.01323	0.00655	0.00414	0.00148	0.00325	0.00503	0.59708	0.00600
6	0.02211	0.01629	0.01745	0.01338	0.01803	0.01803	0.01105	0.73997	0.02734	0.03665	0.01396	0.01396	0.00989	0.00698	0.00582	0.00175	0.00640	0.00524	0.00582	0.00989
7	0.01523	0.73695	0.08991	0.01049	0.01575	0.02224	0.01088	0.01749	0.01185	0.01406	0.00827	0.00957	0.00745	0.00502	0.00388	0.00129	0.00641	0.00321	0.00248	0.00755
8	0.02211	0.01629	0.01745	0.01338	0.01803	0.01803	0.01105	0.73997	0.02734	0.03665	0.01396	0.01396	0.00989	0.00698	0.00582	0.00175	0.00640	0.00524	0.00582	0.00989
9	0.01276	0.24634	0.55881	0.01471	0.02229	0.01618	0.01824	0.01813	0.01215	0.01708	0.00977	0.01145	0.00739	0.00537	0.00502	0.00167	0.00793	0.00396	0.00246	0.00828
10	0.01362	0.18968	0.49356	0.01458	0.02171	0.01598	0.01731	0.08526	0.06098	0.01947	0.01112	0.01242	0.00829	0.00569	0.00520	0.00172	0.00764	0.00428	0.00299	0.00851
11	0.02211	0.01629	0.01745	0.01338	0.01803	0.01803	0.01105	0.73997	0.02734	0.03665	0.01396	0.01396	0.00989	0.00698	0.00582	0.00175	0.00640	0.00524	0.00582	0.00989

[dist]
# distance from previous block
# <min> <max>
5	8

[block]
# block no. 1 follows, 40 sequences, length 7
# corresponding to MSA columns:
# 615-621
name=unknown_B
#
# <colnr> <probs for GDERKNQSTAVLIFYWHMCP>
#	G	D	E	R	K	N	Q	S	T	A	V	L	I	F	Y	W	H	M	C	P
0	0.01448	0.20105	0.49860	0.01424	0.02147	0.01499	0.01714	0.01952	0.01276	0.11731	0.01158	0.01262	0.00833	0.00563	0.00516	0.00170	0.00757	0.00424	0.00310	0.00851
1	0.01335	0.01084	0.01335	0.01068	0.01380	0.01102	0.00858	0.09117	0.01296	0.05744	0.01414	0.07563	0.03429	0.03569	0.00949	0.00175	0.20144	0.00564	0.00388	0.37487
2	0.00906	0.00699	0.01041	0.03317	0.01181	0.00679	0.08338	0.03873	0.01259	0.01740	0.12343	0.42565	0.03206	0.08872	0.00905	0.00245	0.00439	0.01231	0.06627	0.00535
3	0.01993	0.01300	0.01449	0.01139	0.01538	0.01373	0.00931	0.46492	0.02277	0.15887	0.08141	0.02101	0.07160	0.00801	0.00591	0.00176	0.00540	0.00633	0.04585	0.00893
4	0.07735	0.33855	0.05597	0.01165	0.01555	0.13283	0.01049	0.11427	0.01400	0.01800	0.00988	0.01196	0.00846	0.00995	0.08700	0.00238	0.06719	0.00403	0.00316	0.00732
5	0.09089	0.01062	0.01428	0.16874	0.12400	0.01178	0.02962	0.05177	0.19834	0.02001	0.01894	0.20076	0.01777	0.00919	0.00603	0.00200	0.00548	0.00808	0.00439	0.00731
6	0.10073	0.00995	0.01327	0.10293	0.01606	0.01141	0.02598	0.01598	0.01227	0.11870	0.13132	0.01952	0.01682	0.00811	0.00919	0.00192	0.22275	0.00582	0.08922	0.06806

[dist]
# distance from previous block
# <min> <max>
1	12

[block]
# block no. 2 follows, 40 sequences, length 9
# corresponding to MSA columns:
# 634-642
name=unknown_C
#
# <colnr> <probs for GDERKNQSTAVLIFYWHMCP>
#	G	D	E	R	K	N	Q	S	T	A	V	L	I	F	Y	W	H	M	C	P
0	0.01417	0.20073	0.01786	0.08736	0.01717	0.01384	0.00938	0.12996	0.01421	0.01968	0.01129	0.04908	0.00983	0.00594	0.00531	0.00134	0.03747	0.00451	0.00356	0.34731
1	0.03370	0.01129	0.10865	0.01006	0.05044	0.05097	0.00833	0.01618	0.05728	0.07032	0.05276	0.06784	0.08660	0.00818	0.00521	0.00166	0.00452	0.00671	0.34271	0.00658
2	0.06044	0.01145	0.01713	0.37195	0.17822	0.01330	0.01408	0.06546	0.07052	0.01852	0.01297	0.06920	0.01103	0.00703	0.00659	0.00194	0.05350	0.00596	0.00338	0.00733
3	0.01380	0.01135	0.01292	0.00981	0.01452	0.01005	0.00791	0.13373	0.08886	0.02229	0.01322	0.01584	0.01090	0.00565	0.00489	0.00120	0.00472	0.03753	0.00417	0.57663
4	0.06293	0.06355	0.06558	0.09403	0.01614	0.01000	0.05121	0.04741	0.01255	0.06235	0.04770	0.29427	0.02165	0.04797	0.00758	0.00214	0.02548	0.00931	0.00433	0.05382
5	0.01199	0.01121	0.09491	0.06533	0.01505	0.00989	0.00958	0.08698	0.05713	0.05058	0.16902	0.07374	0.07252	0.01036	0.00835	0.05806	0.06978	0.03404	0.03847	0.05301
6	0.01319	0.01779	0.21250	0.19043	0.29053	0.04268	0.06010	0.01850	0.06402	0.01811	0.01154	0.01453	0.00892	0.00561	0.00577	0.00182	0.00767	0.00509	0.00293	0.00828
7	0.01150	0.02516	0.60641	0.01459	0.02186	0.01188	0.01813	0.01725	0.01282	0.04767	0.06271	0.01925	0.09182	0.00698	0.00577	0.00185	0.00747	0.00561	0.00321	0.00805
8	0.01263	0.16110	0.33212	0.20061	0.12236	0.01516	0.04360	0.01732	0.01222	0.01680	0.01010	0.01291	0.00777	0.00543	0.00535	0.00175	0.00779	0.00450	0.00256	0.00793

[dist]
# distance from previous block
# <min> <max>
1	13

[block]
# block no. 3 follows, 40 sequences, length 8
# corresponding to MSA columns:
# 656-663
name=unknown_D
#
# <colnr> <probs for GDERKNQSTAVLIFYWHMCP>
#	G	D	E	R	K	N	Q	S	T	A	V	L	I	F	Y	W	H	M	C	P
0	0.12100	0.35814	0.22699	0.01231	0.01777	0.14420	0.01286	0.01862	0.01247	0.01667	0.00888	0.01035	0.00729	0.00535	0.00446	0.00152	0.00736	0.00355	0.00271	0.00750
1	0.12842	0.01420	0.05795	0.04976	0.01790	0.01432	0.07283	0.37838	0.01963	0.02808	0.01789	0.05957	0.08033	0.00777	0.00573	0.00183	0.00605	0.00631	0.02491	0.00813
2	0.06009	0.08691	0.12019	0.12781	0.01940	0.01227	0.01106	0.08991	0.05556	0.05933	0.01485	0.05096	0.04203	0.00653	0.00519	0.00157	0.00578	0.00524	0.00385	0.22148
3	0.04325	0.01451	0.06000	0.02966	0.15234	0.05108	0.08512	0.08979	0.28534	0.03417	0.03716	0.02037	0.02870	0.00721	0.00596	0.00189	0.00623	0.03412	0.00458	0.00851
4	0.01241	0.01312	0.11849	0.12114	0.01882	0.01015	0.01041	0.05054	0.07626	0.01983	0.01247	0.01440	0.00975	0.00536	0.00488	0.00134	0.00538	0.00435	0.08031	0.41058
5	0.01355	0.09344	0.34441	0.10390	0.16504	0.01424	0.05842	0.01913	0.05716	0.05915	0.01187	0.01394	0.00887	0.00564	0.00555	0.00179	0.00758	0.00482	0.00305	0.00844
6	0.01343	0.08895	0.19528	0.01101	0.01515	0.01067	0.01096	0.07858	0.01562	0.12184	0.27085	0.04644	0.02753	0.00908	0.00611	0.00184	0.00531	0.05894	0.00503	0.00738
7	0.14342	0.01308	0.09123	0.08394	0.01805	0.01155	0.01055	0.12039	0.03945	0.36521	0.03471	0.01690	0.01230	0.00673	0.00550	0.00182	0.00566	0.00527	0.00548	0.00877

[dist]
# distance from previous block
# <min> <max>
14	58

[block]
# block no. 4 follows, 40 sequences, length 12
# corresponding to MSA columns:
# 722-733
name=unknown_E
#
# <colnr> <probs for GDERKNQSTAVLIFYWHMCP>
#	G	D	E	R	K	N	Q	S	T	A	V	L	I	F	Y	W	H	M	C	P
0	0.01908	0.01927	0.08653	0.01327	0.01769	0.21116	0.01131	0.36478	0.02051	0.02595	0.01290	0.05453	0.01042	0.00689	0.00556	0.00162	0.00727	0.00517	0.00448	0.10161
1	0.01354	0.05493	0.61466	0.01581	0.02362	0.01460	0.01934	0.13885	0.01478	0.02129	0.01094	0.01245	0.00779	0.00575	0.00551	0.00180	0.00814	0.00441	0.00302	0.00877
2	0.04618	0.01114	0.01373	0.01071	0.01487	0.01079	0.00879	0.21044	0.01920	0.47028	0.10318	0.02066	0.01758	0.00762	0.00589	0.00179	0.00506	0.00614	0.00665	0.00929
3	0.01940	0.01986	0.21128	0.01421	0.01988	0.01686	0.01376	0.55301	0.02344	0.03192	0.01305	0.01353	0.00924	0.00660	0.00574	0.00177	0.00697	0.00499	0.00495	0.00955
4	0.01476	0.57261	0.22043	0.01184	0.01769	0.04702	0.01298	0.01788	0.01210	0.01493	0.00873	0.01013	0.00744	0.00515	0.00425	0.00141	0.00699	0.00344	0.00250	0.00773
5	0.01940	0.01986	0.21128	0.01421	0.01988	0.01686	0.01376	0.55301	0.02344	0.03192	0.01305	0.01353	0.00924	0.00660	0.00574	0.00177	0.00697	0.00499	0.00495	0.00955
6	0.01733	0.00772	0.01033	0.00869	0.01143	0.00701	0.00685	0.01930	0.01487	0.37883	0.21092	0.02609	0.02454	0.01143	0.04621	0.08029	0.00467	0.00695	0.09922	0.00732
7	0.23107	0.02040	0.01586	0.01471	0.05644	0.41114	0.04718	0.02007	0.01360	0.01776	0.00885	0.01094	0.00736	0.00621	0.00649	0.00173	0.09635	0.00398	0.00309	0.00677
8	0.01883	0.01326	0.01369	0.01173	0.01539	0.08424	0.00925	0.04964	0.44091	0.24409	0.02179	0.01985	0.01556	0.00748	0.00583	0.00187	0.00531	0.00605	0.00602	0.00920
9	0.01319	0.18505	0.41809	0.01397	0.02044	0.01573	0.01591	0.02144	0.20303	0.01897	0.01338	0.01411	0.01008	0.00602	0.00525	0.00175	0.00707	0.00464	0.00336	0.00852
10	0.23221	0.01475	0.01461	0.01149	0.01587	0.03731	0.00943	0.46382	0.02107	0.03160	0.01196	0.01251	0.00877	0.00629	0.00508	0.00167	0.00583	0.00448	0.00494	0.08629
11	0.01427	0.01250	0.01822	0.42497	0.02988	0.01512	0.04498	0.20276	0.01534	0.02052	0.01089	0.01466	0.00833	0.00679	0.00803	0.00199	0.13468	0.00524	0.00343	0.00739

[dist]
# distance from previous block
# <min> <max>
3	32

[block]
# block no. 5 follows, 40 sequences, length 6
# corresponding to MSA columns:
# 766-771
name=unknown_F
#
# <colnr> <probs for GDERKNQSTAVLIFYWHMCP>
#	G	D	E	R	K	N	Q	S	T	A	V	L	I	F	Y	W	H	M	C	P
0	0.02211	0.01629	0.01745	0.01338	0.01803	0.01803	0.01105	0.73997	0.02734	0.03665	0.01396	0.01396	0.00989	0.00698	0.00582	0.00175	0.00640	0.00524	0.00582	0.00989
1	0.02089	0.01512	0.01615	0.01252	0.01682	0.01667	0.01030	0.66159	0.02571	0.03503	0.01450	0.01479	0.01043	0.00696	0.00563	0.00170	0.00600	0.00526	0.09451	0.00941
2	0.01453	0.32635	0.38323	0.01359	0.02027	0.01778	0.01566	0.11196	0.01406	0.01895	0.00998	0.01135	0.00773	0.00550	0.00487	0.00160	0.00739	0.00396	0.00291	0.00832
3	0.02128	0.01588	0.01699	0.01321	0.01772	0.01765	0.01085	0.66346	0.10519	0.03532	0.01501	0.01480	0.01074	0.00708	0.00583	0.00177	0.00621	0.00538	0.00583	0.00982
4	0.00826	0.00598	0.00803	0.00915	0.01017	0.00575	0.00727	0.01023	0.01274	0.01671	0.08110	0.33410	0.09052	0.01649	0.00764	0.00245	0.00427	0.35860	0.00544	0.00509
5	0.01614	0.64532	0.07837	0.01084	0.01602	0.02172	0.01087	0.11155	0.01387	0.01699	0.00901	0.01013	0.00777	0.00527	0.00412	0.00135	0.00640	0.00347	0.00292	0.00785

[dist]
# distance from previous block
# <min> <max>
0	1

[block]
# block no. 6 follows, 40 sequences, length 9
# corresponding to MSA columns:
# 773-781
name=unknown_G
#
# <colnr> <probs for GDERKNQSTAVLIFYWHMCP>
#	G	D	E	R	K	N	Q	S	T	A	V	L	I	F	Y	W	H	M	C	P
0	0.10864	0.01003	0.01299	0.01007	0.01448	0.00901	0.00832	0.02719	0.01596	0.68830	0.02143	0.01874	0.01357	0.00701	0.00562	0.00180	0.00490	0.00557	0.00683	0.00953
1	0.00709	0.00506	0.00675	0.00810	0.00843	0.00472	0.00540	0.00810	0.01113	0.01484	0.03205	0.79184	0.03846	0.01822	0.00742	0.00236	0.00337	0.01653	0.00540	0.00472
2	0.01245	0.18535	0.61710	0.01524	0.02310	0.01542	0.01916	0.01821	0.01218	0.01746	0.00996	0.01168	0.00739	0.00541	0.00516	0.00172	0.00811	0.00406	0.00246	0.00837
3	0.01196	0.08893	0.70926	0.01607	0.02438	0.01423	0.02060	0.01834	0.01224	0.01805	0.01026	0.01205	0.00737	0.00548	0.00539	0.00180	0.00841	0.00421	0.00246	0.00851
4	0.01687	0.64107	0.02784	0.01064	0.01555	0.02201	0.01017	0.16330	0.01495	0.01832	0.00927	0.01026	0.00795	0.00538	0.00415	0.00135	0.00626	0.00354	0.00316	0.00795
5	0.01658	0.60140	0.06777	0.01133	0.01610	0.17377	0.01084	0.01864	0.01278	0.01405	0.00840	0.00972	0.00746	0.00521	0.00413	0.00133	0.00721	0.00330	0.00259	0.00738
6	0.01100	0.00607	0.00809	0.00845	0.00961	0.00555	0.00593	0.01220	0.01210	0.16578	0.02945	0.59422	0.03264	0.05904	0.00833	0.00243	0.00382	0.01393	0.00566	0.00570
7	0.01651	0.33611	0.11653	0.01056	0.01514	0.01451	0.01031	0.01903	0.01327	0.22336	0.01811	0.09631	0.04914	0.00783	0.00521	0.00167	0.00570	0.02855	0.00432	0.00782
8	0.02161	0.01172	0.01397	0.01130	0.01541	0.01194	0.00914	0.13563	0.26305	0.40759	0.02184	0.01956	0.01484	0.00740	0.00587	0.00185	0.00505	0.00600	0.00656	0.00966

[dist]
# distance from previous block
# <min> <max>
3	17

[block]
# block no. 7 follows, 40 sequences, length 6
# corresponding to MSA columns:
# 799-804
name=unknown_H
#
# <colnr> <probs for GDERKNQSTAVLIFYWHMCP>
#	G	D	E	R	K	N	Q	S	T	A	V	L	I	F	Y	W	H	M	C	P
0	0.01505	0.01162	0.01370	0.01126	0.01434	0.01236	0.00910	0.23615	0.04651	0.04697	0.01532	0.02269	0.01379	0.09829	0.01047	0.00222	0.12396	0.08962	0.00449	0.20209
1	0.15949	0.04758	0.10354	0.10256	0.01888	0.01406	0.01135	0.14646	0.06143	0.04989	0.01152	0.01324	0.00882	0.00633	0.00660	0.00174	0.09518	0.00448	0.00383	0.13303
2	0.01327	0.01033	0.01017	0.00907	0.01047	0.08859	0.00631	0.18000	0.01355	0.01731	0.01508	0.02647	0.01542	0.41174	0.02048	0.12977	0.00623	0.00670	0.00385	0.00519
3	0.20155	0.00797	0.00878	0.00836	0.00928	0.00917	0.00597	0.01135	0.00924	0.01569	0.01596	0.12359	0.01757	0.35996	0.05143	0.00402	0.12402	0.00765	0.00361	0.00483
4	0.01384	0.18602	0.01863	0.05200	0.01574	0.01501	0.03562	0.01563	0.01118	0.10022	0.01376	0.13174	0.01331	0.01022	0.03073	0.00223	0.29552	0.00653	0.00355	0.02852
5	0.10783	0.00817	0.00897	0.00778	0.01003	0.00771	0.00557	0.05477	0.01178	0.01815	0.09310	0.09337	0.02044	0.29408	0.01404	0.00299	0.00469	0.00723	0.00411	0.22519

[dist]
# distance from previous block
# <min> <max>
0	3

[block]
# block no. 8 follows, 40 sequences, length 10
# corresponding to MSA columns:
# 808-817
name=unknown_I
#
# <colnr> <probs for GDERKNQSTAVLIFYWHMCP>
#	G	D	E	R	K	N	Q	S	T	A	V	L	I	F	Y	W	H	M	C	P
0	0.27426	0.10439	0.01556	0.01131	0.01480	0.07396	0.04167	0.09645	0.10669	0.07366	0.01238	0.01364	0.00965	0.00873	0.05321	0.00226	0.07129	0.00455	0.00406	0.00747
1	0.00916	0.00643	0.00775	0.00779	0.00845	0.00654	0.00517	0.06955	0.01136	0.01534	0.06361	0.25857	0.02664	0.38421	0.08960	0.00447	0.00580	0.01049	0.00440	0.00468
2	0.01390	0.01225	0.01750	0.01628	0.12079	0.01295	0.08313	0.09659	0.05603	0.03885	0.01326	0.07957	0.01182	0.00761	0.00879	0.00180	0.18803	0.00596	0.00377	0.21112
3	0.01342	0.08487	0.48920	0.01593	0.07275	0.01409	0.01736	0.11037	0.01423	0.02073	0.01154	0.01329	0.00853	0.00576	0.00530	0.00173	0.00746	0.00449	0.08052	0.00842
4	0.05874	0.03979	0.08454	0.06863	0.01742	0.02820	0.01060	0.18440	0.10086	0.02300	0.01639	0.06150	0.01450	0.00799	0.00570	0.00177	0.00578	0.10166	0.00445	0.16409
5	0.03130	0.08299	0.01195	0.01045	0.05702	0.05192	0.00741	0.01492	0.05161	0.10885	0.13557	0.24965	0.08581	0.04865	0.00735	0.00208	0.00454	0.00981	0.00506	0.02307
6	0.13322	0.26633	0.05879	0.13148	0.02008	0.01659	0.07134	0.13682	0.01439	0.02029	0.01381	0.01540	0.06634	0.00628	0.00498	0.00166	0.00640	0.00488	0.00348	0.00743
7	0.01570	0.07548	0.05292	0.01307	0.01685	0.05352	0.10002	0.26750	0.08647	0.02357	0.01657	0.12534	0.01509	0.08218	0.00817	0.00218	0.00641	0.00712	0.00457	0.02727
8	0.06928	0.24125	0.02034	0.01244	0.01623	0.15150	0.01059	0.24032	0.01711	0.05258	0.01060	0.01183	0.00845	0.00655	0.00668	0.00167	0.10650	0.00424	0.00387	0.00797
9	0.03969	0.01450	0.05203	0.05046	0.15621	0.03350	0.01163	0.29605	0.01824	0.02578	0.01211	0.01368	0.00929	0.00581	0.00528	0.00152	0.00606	0.00466	0.03819	0.20531

[dist]
# distance from previous block
# <min> <max>
4	24

[block]
# block no. 9 follows, 40 sequences, length 17
# corresponding to MSA columns:
# 844-860
name=unknown_J
#
# <colnr> <probs for GDERKNQSTAVLIFYWHMCP>
#	G	D	E	R	K	N	Q	S	T	A	V	L	I	F	Y	W	H	M	C	P
0	0.14481	0.03191	0.01391	0.02168	0.01517	0.13000	0.00895	0.27733	0.01774	0.02542	0.01206	0.01353	0.00938	0.00835	0.05203	0.00201	0.00669	0.00444	0.07148	0.13310
1	0.07474	0.01342	0.13904	0.40234	0.02851	0.01175	0.01395	0.03202	0.01200	0.01744	0.01188	0.07161	0.01004	0.00645	0.00549	0.00177	0.00676	0.00545	0.00306	0.13228
2	0.06420	0.00990	0.07306	0.00936	0.03429	0.00776	0.00777	0.01646	0.02492	0.20576	0.08452	0.05657	0.23539	0.00957	0.00585	0.00176	0.00425	0.00792	0.06644	0.07425
3	0.04224	0.08640	0.40093	0.01456	0.02030	0.06115	0.01607	0.01967	0.06698	0.08039	0.01168	0.01323	0.00875	0.00653	0.00742	0.00188	0.12594	0.00455	0.00320	0.00812
4	0.01498	0.11816	0.01617	0.01132	0.01494	0.03526	0.06958	0.05542	0.23716	0.11761	0.13345	0.02431	0.08012	0.00809	0.00583	0.00176	0.00513	0.00684	0.00522	0.03864
5	0.05525	0.28711	0.02152	0.06835	0.01782	0.08413	0.01109	0.23123	0.01627	0.02124	0.01000	0.01177	0.00818	0.00653	0.00696	0.00169	0.12520	0.00425	0.00358	0.00782
6	0.31101	0.08142	0.01563	0.01093	0.01544	0.01420	0.06772	0.20271	0.01540	0.03769	0.01059	0.01179	0.00812	0.00554	0.00462	0.00156	0.00554	0.00409	0.00405	0.17194
7	0.00920	0.00631	0.00725	0.00722	0.00763	0.00638	0.00446	0.06272	0.01039	0.01387	0.02074	0.18653	0.02376	0.58208	0.02341	0.00470	0.00524	0.00983	0.00407	0.00424
8	0.00764	0.00535	0.00679	0.00749	0.00789	0.00509	0.00489	0.00863	0.01120	0.01515	0.13849	0.46964	0.03617	0.23207	0.01346	0.00319	0.00390	0.01338	0.00503	0.00451
9	0.01243	0.00787	0.00887	0.00799	0.00953	0.00888	0.00631	0.10166	0.01346	0.02212	0.01655	0.01941	0.01318	0.00826	0.02628	0.00179	0.12255	0.00537	0.58139	0.00610
10	0.00770	0.00532	0.00657	0.00731	0.00750	0.00513	0.00456	0.00826	0.00994	0.01325	0.02591	0.45468	0.03071	0.36594	0.01734	0.00383	0.00439	0.01292	0.00456	0.00419
11	0.01233	0.00744	0.01078	0.01279	0.12412	0.00694	0.00798	0.01398	0.01265	0.17811	0.02686	0.50577	0.02878	0.01384	0.00683	0.00214	0.00425	0.01248	0.00541	0.00653
12	0.04024	0.29033	0.16810	0.01315	0.01841	0.01648	0.09093	0.12781	0.01476	0.08028	0.01306	0.07790	0.01110	0.00669	0.00522	0.00167	0.00670	0.00542	0.00370	0.00803
13	0.00858	0.00718	0.01145	0.01059	0.01224	0.00654	0.11707	0.01043	0.01193	0.01629	0.07173	0.56211	0.03245	0.01463	0.00704	0.00214	0.00439	0.01359	0.00492	0.07468
14	0.03780	0.01496	0.12875	0.01181	0.01708	0.01205	0.01090	0.23347	0.01814	0.28397	0.01577	0.01529	0.01077	0.00631	0.00546	0.00162	0.00580	0.00493	0.00531	0.15982
15	0.01436	0.01601	0.07045	0.20049	0.07397	0.07631	0.30810	0.07913	0.04902	0.01907	0.01172	0.01500	0.00888	0.00570	0.00649	0.00189	0.02670	0.00576	0.00320	0.00776
16	0.06024	0.05948	0.01442	0.19658	0.03797	0.03666	0.01019	0.17682	0.03257	0.06680	0.02240	0.10798	0.13631	0.00898	0.00590	0.00187	0.00571	0.00742	0.00452	0.00718

[dist]
# distance from previous block
# <min> <max>
24	49

[block]
# block no. 10 follows, 40 sequences, length 23
# corresponding to MSA columns:
# 912-934
name=unknown_K
#
# <colnr> <probs for GDERKNQSTAVLIFYWHMCP>
#	G	D	E	R	K	N	Q	S	T	A	V	L	I	F	Y	W	H	M	C	P
0	0.01037	0.08630	0.04917	0.00921	0.01157	0.00917	0.00783	0.04706	0.01186	0.05126	0.02491	0.02809	0.18562	0.02767	0.40676	0.00573	0.01042	0.00716	0.00388	0.00597
1	0.05553	0.22245	0.41905	0.01511	0.02190	0.06663	0.08735	0.01844	0.01246	0.01735	0.00975	0.01160	0.00749	0.00535	0.00508	0.00168	0.00803	0.00415	0.00261	0.00799
2	0.37448	0.05754	0.01418	0.01091	0.01492	0.10727	0.00896	0.30150	0.01764	0.02813	0.01051	0.01134	0.00791	0.00607	0.00468	0.00171	0.00606	0.00404	0.00434	0.00782
3	0.07388	0.13286	0.01782	0.01232	0.01652	0.09016	0.01021	0.37015	0.17050	0.02785	0.01420	0.01422	0.01067	0.00667	0.00532	0.00170	0.00627	0.00491	0.00492	0.00885
4	0.01430	0.01156	0.01635	0.23020	0.02310	0.01225	0.07237	0.10360	0.10042	0.07883	0.04908	0.01697	0.01231	0.00645	0.00633	0.00171	0.04695	0.00544	0.01546	0.17631
5	0.01203	0.02133	0.01125	0.12443	0.01568	0.00936	0.00866	0.01703	0.16538	0.08666	0.02364	0.03632	0.06147	0.18594	0.01169	0.00291	0.00544	0.17748	0.00475	0.01853
6	0.01362	0.34070	0.26849	0.01306	0.01856	0.03993	0.06189	0.01734	0.01209	0.01639	0.01030	0.01235	0.00837	0.00621	0.01703	0.00169	0.04625	0.00414	0.08404	0.00755
7	0.00886	0.00705	0.01092	0.16734	0.01635	0.00838	0.00898	0.01125	0.00979	0.01372	0.01458	0.02176	0.01333	0.05648	0.59528	0.00773	0.01370	0.00607	0.00302	0.00541
8	0.00806	0.00599	0.00881	0.00909	0.00999	0.00675	0.00689	0.00992	0.00971	0.01377	0.01895	0.18025	0.01943	0.03842	0.61597	0.00792	0.01308	0.00834	0.00358	0.00510
9	0.01963	0.01660	0.01650	0.01370	0.05260	0.12458	0.01055	0.45353	0.02197	0.02895	0.01236	0.01309	0.00925	0.00620	0.00542	0.00153	0.00659	0.00465	0.00478	0.17751
10	0.00702	0.00531	0.00649	0.00742	0.00826	0.00478	0.00510	0.00817	0.01178	0.01511	0.04026	0.56681	0.25818	0.01715	0.00725	0.00224	0.00324	0.01523	0.00540	0.00478
11	0.01157	0.00714	0.00914	0.01162	0.16082	0.00714	0.00689	0.01443	0.01241	0.02113	0.01733	0.02019	0.01374	0.00645	0.00441	0.00143	0.00357	0.00537	0.65904	0.00620
12	0.01920	0.01399	0.01644	0.17000	0.02168	0.01565	0.01153	0.48281	0.05347	0.07536	0.01442	0.01534	0.01030	0.00678	0.00574	0.00178	0.00633	0.00533	0.04490	0.00894
13	0.04182	0.02019	0.01809	0.01843	0.16957	0.31662	0.01239	0.28844	0.01968	0.02385	0.01121	0.01255	0.00870	0.00618	0.00552	0.00164	0.00808	0.00458	0.00404	0.00841
14	0.00915	0.00754	0.01055	0.01277	0.16213	0.00705	0.00775	0.01173	0.01501	0.02055	0.43061	0.04060	0.21982	0.01122	0.00664	0.00184	0.00365	0.00986	0.00543	0.00611
15	0.01888	0.01496	0.01778	0.01761	0.16914	0.01640	0.01204	0.43926	0.18004	0.03038	0.01544	0.01572	0.01145	0.00681	0.00583	0.00179	0.00612	0.00551	0.00524	0.00960
16	0.01226	0.01038	0.01187	0.00931	0.01362	0.00903	0.00730	0.03116	0.16307	0.01999	0.01525	0.08990	0.01341	0.00644	0.00497	0.00125	0.00432	0.00539	0.00419	0.56691
17	0.05106	0.18016	0.01653	0.00970	0.01436	0.01160	0.00832	0.02206	0.01428	0.38755	0.03018	0.01580	0.01202	0.00607	0.00497	0.00146	0.00501	0.00469	0.00516	0.19900
18	0.11347	0.01438	0.01532	0.02661	0.01681	0.01526	0.00975	0.49438	0.02190	0.03139	0.01248	0.01308	0.00917	0.00623	0.00525	0.00157	0.00578	0.00463	0.00501	0.17752
19	0.01619	0.01311	0.01700	0.01761	0.16730	0.06453	0.01204	0.10664	0.01394	0.12948	0.01404	0.04592	0.02754	0.01053	0.05802	0.00250	0.26609	0.00582	0.00395	0.00776
20	0.04799	0.00677	0.00955	0.13305	0.01440	0.00698	0.02142	0.01089	0.01285	0.01800	0.23001	0.35620	0.03568	0.01343	0.00685	0.00213	0.00421	0.05914	0.00509	0.00539
21	0.01806	0.01769	0.15866	0.01301	0.01852	0.01507	0.01219	0.45423	0.02135	0.02956	0.01255	0.01325	0.00915	0.00616	0.00545	0.00158	0.00639	0.00469	0.00469	0.17775
22	0.01329	0.29211	0.01892	0.04903	0.07039	0.06962	0.00949	0.06316	0.01406	0.01787	0.16557	0.13401	0.02210	0.00876	0.00583	0.00169	0.02616	0.00712	0.00402	0.00681

[dist]
# distance from previous block
# <min> <max>
30	46

[block]
# block no. 11 follows, 40 sequences, length 21
# corresponding to MSA columns:
# 993-1013
name=unknown_L
#
# <colnr> <probs for GDERKNQSTAVLIFYWHMCP>
#	G	D	E	R	K	N	Q	S	T	A	V	L	I	F	Y	W	H	M	C	P
0	0.39230	0.01331	0.01263	0.01049	0.01442	0.01512	0.00856	0.28428	0.14757	0.02964	0.01301	0.01328	0.00965	0.00642	0.00482	0.00181	0.00521	0.00452	0.00482	0.00813
1	0.02129	0.01737	0.07623	0.01363	0.01859	0.01768	0.01187	0.68327	0.02616	0.03522	0.01368	0.01383	0.00969	0.00687	0.00579	0.00175	0.00657	0.00516	0.00555	0.00979
2	0.02211	0.01629	0.01745	0.01338	0.01803	0.01803	0.01105	0.73997	0.02734	0.03665	0.01396	0.01396	0.00989	0.00698	0.00582	0.00175	0.00640	0.00524	0.00582	0.00989
3	0.01450	0.59149	0.22893	0.01174	0.01769	0.02044	0.01306	0.01768	0.01194	0.01496	0.00872	0.01012	0.00744	0.00512	0.00422	0.00141	0.00686	0.00343	0.00248	0.00777
4	0.01249	0.19381	0.60901	0.01516	0.02299	0.01553	0.01903	0.01820	0.01218	0.01741	0.00994	0.01165	0.00739	0.00541	0.00514	0.00171	0.00809	0.00404	0.00246	0.00835
5	0.01166	0.03008	0.76550	0.01657	0.02517	0.01351	0.02149	0.01842	0.01228	0.01842	0.01044	0.01228	0.00737	0.00552	0.00552	0.00184	0.00859	0.00430	0.00246	0.00859
6	0.00839	0.00591	0.00771	0.00771	0.00819	0.00638	0.00523	0.00934	0.00886	0.01229	0.01707	0.03112	0.01813	0.45262	0.36849	0.00733	0.01017	0.00744	0.00334	0.00428
7	0.00836	0.00601	0.00825	0.00825	0.00890	0.00667	0.00590	0.00968	0.00902	0.01269	0.01658	0.02842	0.01696	0.31902	0.50048	0.00799	0.01194	0.00705	0.00326	0.00458
8	0.01555	0.79913	0.03047	0.00995	0.01493	0.02301	0.00995	0.01741	0.01182	0.01368	0.00808	0.00933	0.00746	0.00498	0.00373	0.00124	0.00622	0.00311	0.00249	0.00746
9	0.02609	0.00990	0.01350	0.01035	0.01484	0.00855	0.00855	0.02834	0.01664	0.76338	0.02294	0.01979	0.01439	0.00720	0.00585	0.00180	0.00495	0.00585	0.00720	0.00990
10	0.02042	0.03844	0.01639	0.04317	0.01732	0.01041	0.10745	0.02444	0.09994	0.44859	0.02136	0.02036	0.04532	0.00784	0.00685	0.04536	0.00564	0.00618	0.00580	0.00871
11	0.01506	0.70324	0.12212	0.01078	0.01620	0.02182	0.01139	0.01754	0.01187	0.01427	0.00838	0.00970	0.00745	0.00504	0.00395	0.00132	0.00652	0.00326	0.00248	0.00760
12	0.01276	0.01215	0.02066	0.39235	0.41544	0.01339	0.01704	0.01642	0.01247	0.01702	0.01065	0.01492	0.00851	0.00548	0.00578	0.00183	0.00731	0.00517	0.00274	0.00790
13	0.00770	0.00536	0.00679	0.00769	0.00798	0.00516	0.00504	0.00849	0.01039	0.01382	0.02737	0.49014	0.03232	0.27843	0.01489	0.00348	0.00427	0.06155	0.00477	0.00436
14	0.01520	0.01286	0.01356	0.01198	0.01540	0.01481	0.00938	0.09938	0.67917	0.02552	0.02273	0.02095	0.01699	0.00780	0.00591	0.00195	0.00478	0.00645	0.00591	0.00927
15	0.01418	0.01160	0.01320	0.00962	0.01468	0.00993	0.00777	0.16812	0.01529	0.02269	0.01110	0.01246	0.00888	0.00487	0.00463	0.00105	0.00475	0.00382	0.00395	0.65740
16	0.01240	0.01047	0.01205	0.00908	0.01372	0.00871	0.00720	0.04181	0.09800	0.02031	0.04758	0.03283	0.01258	0.00550	0.00474	0.00110	0.00432	0.00451	0.00400	0.64910
17	0.13354	0.31517	0.22708	0.01223	0.01769	0.03977	0.04717	0.04922	0.01295	0.01881	0.06799	0.01338	0.01117	0.00585	0.00474	0.00160	0.00666	0.00432	0.00313	0.00755
18	0.01599	0.07916	0.09722	0.06344	0.01762	0.01255	0.01051	0.10312	0.16331	0.14451	0.01672	0.03148	0.02649	0.00658	0.00536	0.00160	0.00553	0.00529	0.00467	0.18888
19	0.01170	0.07089	0.01257	0.01075	0.06253	0.00908	0.00760	0.07865	0.01314	0.03615	0.01949	0.31428	0.02077	0.03699	0.00660	0.00179	0.00452	0.00898	0.00439	0.26912
20	0.01881	0.01245	0.01398	0.01117	0.01498	0.01297	0.00893	0.36936	0.08148	0.15868	0.01958	0.06361	0.04888	0.06988	0.00773	0.00206	0.00545	0.00655	0.00568	0.06778

[dist]
# distance from previous block
# <min> <max>
31	51

[block]
# block no. 12 follows, 40 sequences, length 17
# corresponding to MSA columns:
# 1069-1085
name=unknown_M
#
# <colnr> <probs for GDERKNQSTAVLIFYWHMCP>
#	G	D	E	R	K	N	Q	S	T	A	V	L	I	F	Y	W	H	M	C	P
0	0.30285	0.01448	0.15050	0.06065	0.09896	0.01212	0.01159	0.01989	0.04977	0.16848	0.01306	0.01419	0.00948	0.00772	0.04129	0.00217	0.00633	0.00456	0.00406	0.00786
1	0.01391	0.09497	0.06131	0.01226	0.02664	0.01216	0.08703	0.19236	0.02825	0.05148	0.19586	0.14391	0.02536	0.00954	0.00623	0.00186	0.00543	0.01903	0.00503	0.00737
2	0.06439	0.01261	0.01955	0.06093	0.50834	0.01279	0.01457	0.06756	0.01354	0.01989	0.01235	0.05423	0.01106	0.04623	0.00684	0.00192	0.00636	0.00569	0.00331	0.05783
3	0.06448	0.01376	0.02029	0.02448	0.39485	0.06587	0.09387	0.01729	0.01325	0.01926	0.04804	0.01495	0.01104	0.00538	0.00548	0.00158	0.00661	0.00507	0.00323	0.17123
4	0.00980	0.00798	0.01148	0.16249	0.01634	0.00945	0.00904	0.04560	0.01077	0.01485	0.01652	0.14217	0.01680	0.12252	0.28697	0.00520	0.09530	0.00774	0.00348	0.00551
5	0.02062	0.05133	0.05868	0.13244	0.02036	0.06652	0.01129	0.20092	0.01786	0.30887	0.01590	0.01582	0.01082	0.00654	0.00562	0.00173	0.00638	0.00514	0.00521	0.03796
6	0.01394	0.01281	0.02013	0.12869	0.47110	0.01275	0.01504	0.06020	0.01364	0.01950	0.01092	0.01405	0.00894	0.00520	0.00548	0.00158	0.00648	0.00484	0.00313	0.17159
7	0.01452	0.01320	0.01690	0.23528	0.16974	0.05943	0.01306	0.10754	0.22859	0.02141	0.05000	0.01792	0.01342	0.00673	0.00585	0.00185	0.00643	0.00576	0.00420	0.00818
8	0.01114	0.00809	0.00980	0.00973	0.01134	0.00826	0.00740	0.17536	0.01513	0.02020	0.02641	0.41067	0.02931	0.05898	0.00836	0.00244	0.00460	0.15250	0.00533	0.02495
9	0.01190	0.01127	0.01910	0.58125	0.23329	0.01316	0.01661	0.01566	0.01206	0.01597	0.01050	0.01521	0.00814	0.00564	0.00580	0.00188	0.00753	0.00517	0.00266	0.00720
10	0.01439	0.01382	0.02360	0.03569	0.75936	0.01382	0.01785	0.01785	0.01324	0.01900	0.01094	0.01439	0.00921	0.00518	0.00576	0.00173	0.00691	0.00518	0.00288	0.00921
11	0.01189	0.16648	0.02002	0.62889	0.03508	0.01492	0.01492	0.01536	0.01167	0.01463	0.00989	0.01428	0.00769	0.00565	0.00540	0.00180	0.00745	0.00476	0.00256	0.00666
12	0.01318	0.01151	0.01744	0.62957	0.03569	0.01393	0.01514	0.15839	0.01474	0.01917	0.01105	0.01520	0.00818	0.00604	0.00581	0.00190	0.00748	0.00518	0.00322	0.00714
13	0.02004	0.01902	0.16553	0.01401	0.01945	0.01714	0.01312	0.59713	0.02436	0.03304	0.01326	0.01363	0.00939	0.00669	0.00576	0.00176	0.00683	0.00505	0.00515	0.00963
14	0.00814	0.00550	0.00644	0.00675	0.00683	0.00542	0.00396	0.00837	0.00908	0.01211	0.02153	0.21389	0.02518	0.61428	0.02443	0.00487	0.00511	0.01034	0.00396	0.00380
15	0.00762	0.00545	0.00733	0.00850	0.00912	0.00516	0.00613	0.00911	0.01208	0.01617	0.10494	0.58341	0.03920	0.01719	0.00748	0.00237	0.00367	0.14466	0.00549	0.00492
16	0.01332	0.01928	0.23908	0.02520	0.22106	0.01413	0.34485	0.01836	0.01319	0.01867	0.01117	0.01438	0.00851	0.00515	0.00619	0.00187	0.00870	0.00569	0.00279	0.00842

[dist]
# distance from previous block
# <min> <max>
0	1

[block]
# block no. 13 follows, 40 sequences, length 9
# corresponding to MSA columns:
# 1087-1095
name=unknown_N
#
# <colnr> <probs for GDERKNQSTAVLIFYWHMCP>
#	G	D	E	R	K	N	Q	S	T	A	V	L	I	F	Y	W	H	M	C	P
0	0.01597	0.62354	0.05705	0.01090	0.01568	0.10242	0.01049	0.01914	0.07037	0.01477	0.00950	0.01054	0.00827	0.00534	0.00414	0.00135	0.00665	0.00350	0.00281	0.00757
1	0.01146	0.00871	0.01131	0.01028	0.01185	0.01010	0.00803	0.15754	0.01283	0.01795	0.01493	0.02202	0.01382	0.12181	0.46999	0.00683	0.07463	0.00620	0.00366	0.00604
2	0.01446	0.01249	0.01315	0.01183	0.01512	0.01446	0.00920	0.03090	0.74885	0.02433	0.02367	0.02170	0.01775	0.00789	0.00592	0.00197	0.00460	0.00657	0.00592	0.00920
3	0.02002	0.01666	0.01511	0.01228	0.01602	0.16785	0.00985	0.46606	0.02245	0.02946	0.01385	0.01464	0.01030	0.00674	0.00539	0.00163	0.00657	0.00497	0.15169	0.00846
4	0.01283	0.01397	0.02914	0.08451	0.02821	0.01362	0.56186	0.01717	0.01323	0.01788	0.01386	0.05294	0.01191	0.00663	0.00737	0.00206	0.03905	0.06324	0.00319	0.00734
5	0.00800	0.00577	0.00757	0.00747	0.00864	0.00533	0.00547	0.01039	0.01539	0.02161	0.61027	0.19433	0.05156	0.01316	0.00697	0.00194	0.00287	0.01173	0.00620	0.00533
6	0.01753	0.01332	0.01450	0.01180	0.01547	0.01467	0.00950	0.42753	0.19352	0.03109	0.16589	0.02171	0.02079	0.00818	0.00605	0.00182	0.00524	0.00661	0.00596	0.00884
7	0.00930	0.00711	0.00890	0.00839	0.00847	0.00823	0.00569	0.00973	0.00862	0.01201	0.01594	0.03170	0.01788	0.57555	0.08846	0.00532	0.16358	0.00759	0.00329	0.00423
8	0.01206	0.01034	0.01206	0.00861	0.01378	0.00775	0.00689	0.01464	0.01206	0.01895	0.01034	0.01206	0.00861	0.00431	0.00431	0.00086	0.00431	0.00345	0.00345	0.83118

[dist]
# distance from previous block
# <min> <max>
0	1

[block]
# block no. 14 follows, 40 sequences, length 7
# corresponding to MSA columns:
# 1097-1103
name=unknown_O
#
# <colnr> <probs for GDERKNQSTAVLIFYWHMCP>
#	G	D	E	R	K	N	Q	S	T	A	V	L	I	F	Y	W	H	M	C	P
0	0.01426	0.01113	0.05628	0.01194	0.01552	0.00992	0.10107	0.04895	0.14680	0.15538	0.15092	0.11827	0.02396	0.00915	0.00628	0.00187	0.00514	0.03089	0.00537	0.07690
1	0.01327	0.14964	0.01819	0.01164	0.01565	0.01244	0.09265	0.03422	0.01232	0.04954	0.01281	0.09840	0.01189	0.00694	0.00675	0.00149	0.10061	0.00557	0.00355	0.34245
2	0.01705	0.01359	0.01835	0.10466	0.11115	0.01384	0.07829	0.30340	0.01859	0.06240	0.01260	0.01421	0.00940	0.00585	0.00557	0.00159	0.00639	0.00500	0.00436	0.19373
3	0.20333	0.01387	0.07577	0.01105	0.01480	0.10355	0.03366	0.04956	0.01396	0.24243	0.01736	0.08761	0.03511	0.02439	0.00631	0.00192	0.02953	0.00606	0.02217	0.00756
4	0.01769	0.01320	0.01443	0.01195	0.01543	0.01448	0.00951	0.48788	0.10301	0.03011	0.01933	0.19969	0.01755	0.00975	0.00621	0.00192	0.00548	0.00807	0.00573	0.00859
5	0.01073	0.00991	0.01296	0.01381	0.10162	0.07785	0.07132	0.01280	0.01248	0.01640	0.02300	0.38169	0.02552	0.01252	0.00669	0.00204	0.00535	0.09761	0.00443	0.10127
6	0.01495	0.02348	0.41689	0.01723	0.02421	0.01499	0.15783	0.21772	0.01672	0.02349	0.01167	0.01340	0.00835	0.00581	0.00587	0.00184	0.00822	0.00505	0.00348	0.00881

[dist]
# distance from previous block
# <min> <max>
1	31

[block]
# block no. 15 follows, 40 sequences, length 16
# corresponding to MSA columns:
# 1137-1152
name=unknown_P
#
# <colnr> <probs for GDERKNQSTAVLIFYWHMCP>
#	G	D	E	R	K	N	Q	S	T	A	V	L	I	F	Y	W	H	M	C	P
0	0.01547	0.01302	0.01787	0.01343	0.01782	0.01293	0.13950	0.23334	0.01684	0.04318	0.01496	0.01646	0.05867	0.00657	0.00692	0.00159	0.08438	0.00541	0.00421	0.27743
1	0.01883	0.12234	0.01928	0.01620	0.14929	0.01685	0.01150	0.44744	0.02135	0.02902	0.01306	0.01408	0.00988	0.00637	0.00537	0.00164	0.00614	0.00495	0.07738	0.00904
2	0.01147	0.00971	0.01143	0.00855	0.01314	0.00739	0.00671	0.01386	0.01195	0.01846	0.01293	0.10508	0.01217	0.00597	0.00468	0.00104	0.00420	0.00501	0.00368	0.73259
3	0.01541	0.01495	0.14770	0.01201	0.01669	0.01247	0.01098	0.02604	0.40400	0.13547	0.01936	0.01840	0.01413	0.00687	0.00562	0.00177	0.00533	0.00563	0.00515	0.12203
4	0.01398	0.00914	0.01094	0.00942	0.01206	0.00928	0.00738	0.11726	0.14906	0.13842	0.41121	0.03189	0.03587	0.00978	0.00639	0.00184	0.00391	0.00837	0.00636	0.00743
5	0.01660	0.01229	0.01505	0.01530	0.14763	0.01282	0.01031	0.35131	0.01973	0.07545	0.02337	0.12762	0.12816	0.00940	0.00619	0.00186	0.00545	0.00789	0.00526	0.00830
6	0.01846	0.12164	0.01723	0.01164	0.01567	0.01618	0.00974	0.49353	0.02291	0.03077	0.14613	0.01878	0.01772	0.00758	0.00568	0.00168	0.00563	0.00589	0.02446	0.00867
7	0.00976	0.00803	0.01219	0.01673	0.24582	0.00787	0.00931	0.01150	0.01154	0.01578	0.02319	0.38267	0.02623	0.13275	0.01032	0.00268	0.00497	0.05833	0.00431	0.00600
8	0.01392	0.12146	0.02483	0.02062	0.18637	0.01437	0.25741	0.01907	0.10275	0.01878	0.01227	0.01461	0.00978	0.00523	0.00561	0.00161	0.00705	0.00532	0.00332	0.15562
9	0.01589	0.29276	0.13482	0.01171	0.01652	0.06744	0.01137	0.01859	0.01259	0.11833	0.01090	0.01216	0.00863	0.00589	0.00619	0.00150	0.09217	0.00399	0.00334	0.15522
10	0.01164	0.01122	0.11377	0.01036	0.01367	0.00854	0.00934	0.05534	0.06645	0.06885	0.09910	0.16830	0.05867	0.01104	0.00642	0.00195	0.00488	0.14279	0.00497	0.13271
11	0.01535	0.01902	0.26969	0.02104	0.14856	0.01313	0.23346	0.02006	0.01358	0.15181	0.01310	0.01501	0.00938	0.00568	0.00632	0.00187	0.02525	0.00551	0.00352	0.00866
12	0.45369	0.01227	0.01158	0.00935	0.01353	0.01314	0.00767	0.19564	0.01488	0.05859	0.01057	0.01147	0.00794	0.00567	0.00437	0.00162	0.00495	0.00383	0.00427	0.15497
13	0.01313	0.14228	0.41713	0.01833	0.15362	0.01515	0.01739	0.01987	0.11348	0.01861	0.01198	0.01350	0.00914	0.00570	0.00535	0.00175	0.00738	0.00459	0.00301	0.00862
14	0.01359	0.01125	0.01288	0.00934	0.01443	0.00932	0.00753	0.12548	0.01439	0.02165	0.01089	0.01235	0.00881	0.00472	0.00454	0.00100	0.00463	0.00372	0.00381	0.70567
15	0.26099	0.13186	0.01813	0.01199	0.01635	0.01323	0.13860	0.03663	0.01338	0.24689	0.01450	0.04968	0.01095	0.00642	0.00511	0.00177	0.00584	0.00529	0.00454	0.00786

[dist]
# distance from previous block
# <min> <max>
6	29

[block]
# block no. 16 follows, 40 sequences, length 25
# corresponding to MSA columns:
# 1182-1206
name=unknown_Q
#
# <colnr> <probs for GDERKNQSTAVLIFYWHMCP>
#	G	D	E	R	K	N	Q	S	T	A	V	L	I	F	Y	W	H	M	C	P
0	0.01772	0.06409	0.01446	0.01210	0.05184	0.07535	0.00911	0.02455	0.25667	0.24447	0.03918	0.08472	0.01696	0.00797	0.00575	0.00179	0.00525	0.00659	0.00551	0.05595
1	0.01707	0.01312	0.01903	0.02313	0.36808	0.01326	0.02629	0.16062	0.07487	0.12607	0.01514	0.05029	0.01201	0.00656	0.00582	0.00175	0.00612	0.00585	0.00444	0.05050
2	0.04482	0.01860	0.16206	0.01336	0.01848	0.08933	0.01241	0.33996	0.06284	0.15829	0.01476	0.01464	0.01031	0.00664	0.00565	0.00176	0.00681	0.00503	0.00507	0.00918
3	0.07040	0.01342	0.01767	0.04971	0.23974	0.01447	0.03894	0.23818	0.14205	0.02490	0.01446	0.01726	0.01161	0.07254	0.00770	0.00212	0.00624	0.00564	0.00438	0.00859
4	0.01730	0.01915	0.01767	0.08139	0.05722	0.33087	0.07255	0.04976	0.20615	0.01833	0.01335	0.01474	0.01048	0.00665	0.00656	0.00179	0.05949	0.00508	0.00379	0.00767
5	0.01467	0.01018	0.01302	0.10750	0.01706	0.00972	0.00889	0.03993	0.08158	0.16395	0.01640	0.10135	0.01377	0.00735	0.00617	0.00157	0.04872	0.00602	0.00454	0.32763
6	0.02154	0.01310	0.01679	0.08653	0.11270	0.01358	0.01148	0.32294	0.02021	0.29613	0.01650	0.01628	0.01124	0.00672	0.00582	0.00178	0.00606	0.00544	0.00565	0.00949
7	0.01958	0.01528	0.01917	0.01688	0.11915	0.01614	0.07259	0.50695	0.02280	0.04496	0.01323	0.01411	0.00969	0.00634	0.00577	0.00169	0.00655	0.00523	0.00500	0.07890
8	0.06930	0.16865	0.07240	0.26553	0.02733	0.09206	0.17249	0.03590	0.01294	0.01694	0.01002	0.01317	0.00784	0.00545	0.00541	0.00174	0.00798	0.00480	0.00283	0.00721
9	0.01203	0.01159	0.11315	0.07492	0.01553	0.00960	0.00969	0.15454	0.01655	0.04999	0.26537	0.16240	0.05954	0.01061	0.00645	0.00192	0.00487	0.00915	0.00524	0.00685
10	0.00879	0.00637	0.00859	0.00947	0.01080	0.00618	0.00794	0.01127	0.01383	0.01825	0.17475	0.10844	0.09868	0.01528	0.00767	0.00243	0.00451	0.47589	0.00557	0.00530
11	0.01242	0.18010	0.62212	0.01528	0.02317	0.01536	0.01924	0.01822	0.01219	0.01749	0.00998	0.01170	0.00739	0.00542	0.00518	0.00173	0.00813	0.00407	0.00246	0.00837
12	0.00888	0.00654	0.00869	0.00977	0.01123	0.00635	0.00840	0.01133	0.01336	0.01707	0.03628	0.06372	0.17460	0.01580	0.00781	0.00254	0.00488	0.58212	0.00536	0.00527
13	0.01220	0.02691	0.62078	0.02030	0.16839	0.01357	0.02078	0.01831	0.01247	0.01853	0.01053	0.01269	0.00773	0.00546	0.00557	0.00182	0.00827	0.00447	0.00254	0.00871
14	0.01206	0.01034	0.01206	0.00861	0.01378	0.00775	0.00689	0.01464	0.01206	0.01895	0.01034	0.01206	0.00861	0.00431	0.00431	0.00086	0.00431	0.00345	0.00345	0.83118
15	0.17416	0.33401	0.32385	0.01218	0.01836	0.01722	0.01391	0.01776	0.01163	0.01802	0.00904	0.01055	0.00720	0.00528	0.00443	0.00159	0.00685	0.00360	0.00269	0.00769
16	0.01817	0.01320	0.01440	0.01206	0.01590	0.01466	0.00963	0.22837	0.44830	0.12795	0.02086	0.01928	0.01510	0.00754	0.00588	0.00189	0.00515	0.00610	0.00606	0.00949
17	0.00892	0.00637	0.00886	0.01020	0.01134	0.00631	0.00860	0.01128	0.01295	0.01690	0.03104	0.20726	0.03444	0.01648	0.00791	0.00262	0.00497	0.58295	0.00536	0.00523
18	0.01166	0.03008	0.76550	0.01657	0.02517	0.01351	0.02149	0.01842	0.01228	0.01842	0.01044	0.01228	0.00737	0.00552	0.00552	0.00184	0.00859	0.00430	0.00246	0.00859
19	0.01521	0.01200	0.01279	0.01099	0.01398	0.01341	0.00845	0.22981	0.36929	0.02502	0.02124	0.02398	0.04545	0.15970	0.01049	0.00261	0.00525	0.00678	0.00541	0.00814
20	0.01386	0.01699	0.16832	0.03196	0.61614	0.01376	0.01856	0.01796	0.01305	0.01888	0.01084	0.01398	0.00885	0.00525	0.00571	0.00175	0.00724	0.00501	0.00280	0.00909
21	0.02211	0.01629	0.01745	0.01338	0.01803	0.01803	0.01105	0.73997	0.02734	0.03665	0.01396	0.01396	0.00989	0.00698	0.00582	0.00175	0.00640	0.00524	0.00582	0.00989
22	0.00822	0.00584	0.00745	0.00716	0.00822	0.00548	0.00510	0.01035	0.01466	0.02059	0.57996	0.07584	0.04756	0.16505	0.01132	0.00260	0.00334	0.01038	0.00580	0.00507
23	0.01078	0.00898	0.00986	0.00952	0.01193	0.00951	0.00755	0.01916	0.33951	0.02014	0.06361	0.04219	0.26215	0.01185	0.00667	0.00210	0.00414	0.14778	0.00566	0.00692
24	0.01466	0.68215	0.09058	0.01038	0.01536	0.02100	0.01062	0.01688	0.01181	0.01416	0.00986	0.06126	0.00950	0.00590	0.00413	0.00137	0.00623	0.00410	0.00268	0.00738

[dist]
# distance from previous block
# <min> <max>
3	7

[block]
# block no. 17 follows, 40 sequences, length 11
# corresponding to MSA columns:
# 1216-1226
name=unknown_R
#
# <colnr> <probs for GDERKNQSTAVLIFYWHMCP>
#	G	D	E	R	K	N	Q	S	T	A	V	L	I	F	Y	W	H	M	C	P
0	0.01663	0.01253	0.01414	0.01125	0.01508	0.01320	0.00910	0.40174	0.03659	0.02735	0.01401	0.01625	0.01111	0.03185	0.15709	0.00315	0.00764	0.00519	0.02452	0.17158
1	0.01668	0.01308	0.01441	0.01145	0.01576	0.01345	0.00931	0.32992	0.16600	0.02754	0.01596	0.01846	0.01268	0.00698	0.00553	0.00159	0.00534	0.05374	0.00509	0.25702
2	0.00718	0.00584	0.00598	0.00598	0.00756	0.00505	0.00424	0.00837	0.01231	0.01484	0.05091	0.05244	0.61203	0.16857	0.01135	0.00269	0.00348	0.01152	0.00503	0.00464
