[name]
unknown

[dist]
# distance from previous block
# <min> <max>
0	240

[block]
# block no. 0 follows, 41 sequences, length 6
# corresponding to MSA columns:
# 254-259
name=unknown_A
#
# <colnr> <probs for GDERKNQSTAVLIFYWHMCP>
#	G	D	E	R	K	N	Q	S	T	A	V	L	I	F	Y	W	H	M	C	P
0	0.57341	0.00960	0.00780	0.00718	0.01005	0.01073	0.00572	0.01604	0.01076	0.02468	0.01183	0.01376	0.00933	0.00606	0.00391	0.00172	0.00404	0.00397	0.26324	0.00618
1	0.00925	0.00805	0.05850	0.00938	0.01122	0.00666	0.00807	0.01203	0.01507	0.02086	0.43515	0.04924	0.04321	0.01308	0.00729	0.00220	0.00421	0.27493	0.00580	0.00581
2	0.01247	0.01187	0.02017	0.41251	0.39909	0.01315	0.01671	0.01608	0.01223	0.01664	0.01046	0.01471	0.00834	0.00541	0.00569	0.00180	0.00721	0.00509	0.00269	0.00770
3	0.01609	0.01561	0.02855	0.02067	0.02608	0.01549	0.51296	0.24608	0.01770	0.02388	0.01225	0.01490	0.00901	0.00546	0.00643	0.00186	0.00859	0.00625	0.00378	0.00835
4	0.02133	0.00987	0.01283	0.00964	0.01427	0.00816	0.00790	0.02365	0.01496	0.53238	0.01868	0.01708	0.01237	0.00619	0.00528	0.00148	0.00467	0.00501	0.00592	0.26834
5	0.01129	0.25613	0.01584	0.00944	0.01188	0.01110	0.04618	0.01286	0.01181	0.06962	0.02385	0.40989	0.06438	0.01215	0.00599	0.00190	0.00462	0.01061	0.00441	0.00604

[dist]
# distance from previous block
# <min> <max>
1	37

[block]
# block no. 1 follows, 41 sequences, length 7
# corresponding to MSA columns:
# 297-303
name=unknown_B
#
# <colnr> <probs for GDERKNQSTAVLIFYWHMCP>
#	G	D	E	R	K	N	Q	S	T	A	V	L	I	F	Y	W	H	M	C	P
0	0.01888	0.01412	0.01614	0.01554	0.13509	0.06238	0.01073	0.39878	0.02011	0.10024	0.01414	0.01671	0.01107	0.08074	0.03204	0.02787	0.00666	0.00542	0.00483	0.00849
1	0.01373	0.01355	0.01672	0.01408	0.01523	0.07106	0.01160	0.06660	0.01096	0.01596	0.00837	0.01236	0.00777	0.00879	0.01511	0.00217	0.58215	0.00473	0.00287	0.10619
2	0.02501	0.01077	0.01392	0.01067	0.01512	0.00995	0.00881	0.14634	0.01811	0.64634	0.02111	0.01852	0.01343	0.00704	0.00575	0.00176	0.00510	0.00565	0.00685	0.00973
3	0.01042	0.00884	0.01356	0.48597	0.02785	0.01006	0.01182	0.01356	0.01150	0.01601	0.01407	0.11605	0.01257	0.00724	0.00551	0.00175	0.00599	0.00635	0.11525	0.10564
4	0.00731	0.00512	0.00654	0.00753	0.00778	0.00487	0.00485	0.00805	0.01029	0.01372	0.02815	0.60585	0.03357	0.21313	0.01275	0.00313	0.00388	0.01428	0.00485	0.00435
5	0.00994	0.00497	0.00745	0.00745	0.00745	0.00497	0.00497	0.00745	0.00745	0.00994	0.00994	0.01739	0.00994	0.01987	0.02235	0.83358	0.00497	0.00497	0.00248	0.00248
6	0.01211	0.14176	0.17737	0.01402	0.01717	0.01557	0.06546	0.01491	0.01088	0.01546	0.04268	0.04240	0.05365	0.00845	0.01112	0.00204	0.33954	0.00566	0.00291	0.00683

[dist]
# distance from previous block
# <min> <max>
0	7

[block]
# block no. 2 follows, 41 sequences, length 11
# corresponding to MSA columns:
# 311-321
name=unknown_C
#
# <colnr> <probs for GDERKNQSTAVLIFYWHMCP>
#	G	D	E	R	K	N	Q	S	T	A	V	L	I	F	Y	W	H	M	C	P
0	0.01263	0.01093	0.01816	0.59323	0.17175	0.01271	0.01577	0.01618	0.01220	0.06467	0.01132	0.01563	0.00854	0.00585	0.00581	0.00190	0.00736	0.00520	0.00297	0.00719
1	0.01358	0.13113	0.52941	0.01545	0.04045	0.01508	0.01790	0.11359	0.01416	0.02004	0.01118	0.01366	0.00853	0.00597	0.00540	0.00178	0.00779	0.02335	0.00302	0.00851
2	0.01539	0.01456	0.06043	0.14276	0.12805	0.08872	0.01219	0.11687	0.21599	0.04538	0.02794	0.01724	0.01248	0.00670	0.00565	0.00180	0.00632	0.00548	0.06785	0.00821
3	0.00947	0.00778	0.00916	0.00903	0.00997	0.06597	0.00662	0.01088	0.00967	0.01301	0.01571	0.02558	0.01560	0.22990	0.52671	0.00770	0.01252	0.00656	0.00324	0.00494
4	0.01302	0.00808	0.00881	0.00762	0.00990	0.00803	0.00586	0.14813	0.01433	0.02253	0.01579	0.01849	0.01257	0.00811	0.00664	0.10071	0.00391	0.00507	0.46732	0.11507
5	0.01452	0.01581	0.11421	0.01403	0.10555	0.09361	0.01100	0.11985	0.01463	0.02055	0.01061	0.01226	0.00844	0.00505	0.00487	0.00127	0.00605	0.00399	0.00348	0.42022
6	0.01177	0.10356	0.01300	0.01073	0.05640	0.01083	0.00799	0.01851	0.24828	0.04588	0.26130	0.04993	0.08726	0.00965	0.00606	0.00183	0.00415	0.04044	0.00536	0.00708
7	0.00725	0.00550	0.00676	0.00764	0.00866	0.00501	0.00559	0.00865	0.01199	0.01528	0.04016	0.43481	0.27866	0.01644	0.00721	0.00224	0.00348	0.12457	0.00530	0.00480
8	0.01087	0.00733	0.01131	0.00995	0.01195	0.00678	0.09391	0.01326	0.01420	0.11770	0.33281	0.21268	0.03707	0.04094	0.00764	0.00212	0.00422	0.05368	0.00560	0.00599
9	0.01200	0.24792	0.12165	0.11402	0.01888	0.03489	0.05501	0.01466	0.01139	0.01484	0.01410	0.19000	0.01440	0.00869	0.00707	0.00185	0.10190	0.00696	0.00315	0.00662
10	0.06946	0.09992	0.01706	0.04782	0.01761	0.35265	0.01050	0.18858	0.01762	0.10965	0.01153	0.01224	0.00866	0.00612	0.00514	0.00158	0.00784	0.00423	0.00405	0.00775

[dist]
# distance from previous block
# <min> <max>
0	6

[block]
# block no. 3 follows, 41 sequences, length 16
# corresponding to MSA columns:
# 328-343
name=unknown_D
#
# <colnr> <probs for GDERKNQSTAVLIFYWHMCP>
#	G	D	E	R	K	N	Q	S	T	A	V	L	I	F	Y	W	H	M	C	P
0	0.01700	0.01676	0.12292	0.01422	0.05881	0.05745	0.01201	0.33353	0.18931	0.02711	0.04374	0.01859	0.01375	0.00732	0.00581	0.00181	0.00626	0.03983	0.00496	0.00881
1	0.01135	0.01420	0.12977	0.01859	0.05467	0.01131	0.37634	0.01529	0.01264	0.01732	0.01754	0.20615	0.01730	0.00889	0.00673	0.00205	0.00750	0.06182	0.00358	0.00696
2	0.01365	0.01222	0.01580	0.01261	0.01618	0.05381	0.15747	0.21435	0.06745	0.02224	0.03028	0.03123	0.28268	0.00954	0.00636	0.00187	0.00581	0.03445	0.00483	0.00716
3	0.01328	0.00962	0.01063	0.00947	0.01197	0.05078	0.00715	0.14916	0.01530	0.09777	0.07830	0.32160	0.04151	0.02731	0.00666	0.00191	0.00454	0.00981	0.00519	0.12803
4	0.06132	0.01185	0.01801	0.07942	0.36649	0.01215	0.04479	0.07713	0.03582	0.09940	0.01357	0.01578	0.01041	0.00580	0.00538	0.00169	0.00595	0.00520	0.12159	0.00823
5	0.01073	0.00971	0.01350	0.05505	0.01354	0.01275	0.00971	0.01196	0.00888	0.01311	0.01140	0.02013	0.01174	0.20032	0.14366	0.00427	0.43535	0.00597	0.00282	0.00542
6	0.01209	0.01092	0.01498	0.01070	0.01588	0.00860	0.11162	0.01496	0.01209	0.01859	0.01037	0.01237	0.00850	0.00432	0.00459	0.00100	0.00501	0.00387	0.00332	0.71621
7	0.01883	0.01636	0.19238	0.01255	0.01755	0.01279	0.01204	0.30203	0.01888	0.22714	0.01717	0.09706	0.01329	0.00775	0.00583	0.00182	0.00610	0.00626	0.00527	0.00889
8	0.00715	0.00526	0.00651	0.00731	0.00799	0.00483	0.00494	0.00826	0.01147	0.01502	0.08935	0.51648	0.17714	0.09891	0.00945	0.00255	0.00343	0.01418	0.00519	0.00461
9	0.15445	0.00989	0.01119	0.00960	0.01271	0.01016	0.00765	0.08758	0.12021	0.26722	0.02035	0.02557	0.03180	0.12078	0.00897	0.00242	0.00497	0.08146	0.00544	0.00758
10	0.01333	0.01212	0.01907	0.43997	0.10270	0.01386	0.09232	0.12092	0.09198	0.01944	0.01226	0.01559	0.00921	0.00594	0.00583	0.00187	0.00725	0.00542	0.00341	0.00753
11	0.00985	0.00888	0.01455	0.59276	0.03169	0.01071	0.01327	0.01297	0.01132	0.01461	0.01546	0.20840	0.01510	0.00874	0.00611	0.00201	0.00656	0.00785	0.00323	0.00593
12	0.01113	0.00894	0.01027	0.00944	0.01161	0.00944	0.00770	0.15611	0.04357	0.02002	0.03678	0.04310	0.35222	0.01253	0.00802	0.00210	0.08673	0.15901	0.00511	0.00620
13	0.01152	0.00779	0.00954	0.00870	0.01049	0.00801	0.03814	0.15147	0.01450	0.02131	0.05627	0.23821	0.02212	0.05208	0.04262	0.00231	0.00458	0.00885	0.28550	0.00598
14	0.01931	0.00941	0.01174	0.00957	0.01315	0.00882	0.00771	0.06005	0.11523	0.44163	0.10805	0.02704	0.12515	0.00872	0.00601	0.00182	0.00438	0.00722	0.00650	0.00847
15	0.01235	0.02178	0.40312	0.09156	0.16819	0.01354	0.17224	0.01773	0.01250	0.01795	0.01063	0.01347	0.00793	0.00527	0.00578	0.00182	0.00831	0.00500	0.00261	0.00822

[dist]
# distance from previous block
# <min> <max>
2	7

[block]
# block no. 4 follows, 41 sequences, length 8
# corresponding to MSA columns:
# 352-359
name=unknown_E
#
# <colnr> <probs for GDERKNQSTAVLIFYWHMCP>
#	G	D	E	R	K	N	Q	S	T	A	V	L	I	F	Y	W	H	M	C	P
0	0.01558	0.01473	0.01479	0.09434	0.07476	0.16148	0.01091	0.13506	0.24626	0.02176	0.05594	0.02248	0.01616	0.00789	0.00592	0.00186	0.00641	0.08122	0.00464	0.00782
1	0.00957	0.00696	0.00825	0.00828	0.00947	0.00692	0.00585	0.12506	0.01372	0.01823	0.08490	0.43537	0.10308	0.12467	0.01001	0.00260	0.00401	0.01253	0.00519	0.00536
2	0.01791	0.01113	0.01315	0.01074	0.01410	0.01173	0.00869	0.30680	0.05764	0.19423	0.10280	0.02056	0.01721	0.01369	0.13789	0.00302	0.00687	0.00613	0.03749	0.00823
3	0.01932	0.00962	0.01204	0.01020	0.01360	0.00936	0.00805	0.02515	0.21790	0.43392	0.02430	0.15297	0.01912	0.00912	0.00604	0.00191	0.00451	0.00775	0.00643	0.00867
4	0.01436	0.01074	0.01178	0.01034	0.01343	0.01168	0.00812	0.09689	0.41222	0.09984	0.06007	0.02714	0.14526	0.01045	0.03936	0.00221	0.00485	0.00738	0.00575	0.00814
5	0.00947	0.00513	0.00710	0.00710	0.00710	0.00513	0.00454	0.00770	0.00770	0.01027	0.01225	0.02314	0.01305	0.24331	0.02429	0.59612	0.00513	0.00593	0.00277	0.00277
6	0.01658	0.01813	0.04494	0.18362	0.07541	0.25894	0.06856	0.12452	0.06393	0.01876	0.01108	0.01348	0.00865	0.00626	0.00653	0.00177	0.06316	0.00483	0.00339	0.00747
7	0.01189	0.10214	0.01967	0.56719	0.16064	0.01400	0.01547	0.01541	0.01173	0.01518	0.01001	0.01436	0.00784	0.00552	0.00547	0.00179	0.00731	0.00485	0.00258	0.00693

[dist]
# distance from previous block
# <min> <max>
5	21

[block]
# block no. 5 follows, 41 sequences, length 35
# corresponding to MSA columns:
# 384-418
name=unknown_F
#
# <colnr> <probs for GDERKNQSTAVLIFYWHMCP>
#	G	D	E	R	K	N	Q	S	T	A	V	L	I	F	Y	W	H	M	C	P
0	0.01252	0.01047	0.01318	0.01061	0.05483	0.00852	0.02936	0.02647	0.01234	0.04707	0.01268	0.01423	0.04013	0.00505	0.00501	0.00107	0.02817	0.00411	0.00357	0.66057
1	0.01299	0.01219	0.08215	0.01078	0.01551	0.00953	0.05886	0.01827	0.13347	0.07556	0.08530	0.01720	0.01463	0.00589	0.00513	0.00135	0.00494	0.00504	0.00422	0.42702
2	0.00719	0.00575	0.00643	0.00640	0.00802	0.00499	0.00475	0.00899	0.01385	0.01769	0.27248	0.10952	0.48599	0.01390	0.00680	0.00192	0.00287	0.01187	0.00562	0.00499
3	0.02416	0.01019	0.01320	0.01021	0.01444	0.00933	0.00840	0.11364	0.01735	0.62759	0.02123	0.01890	0.01366	0.00703	0.00563	0.00173	0.00489	0.00565	0.06336	0.00943
4	0.21628	0.01472	0.01494	0.01177	0.01605	0.01645	0.00970	0.54745	0.04670	0.03318	0.01267	0.01293	0.00914	0.00652	0.00521	0.00174	0.00579	0.00470	0.00521	0.00886
5	0.01190	0.01357	0.11080	0.36848	0.18380	0.01276	0.03322	0.01566	0.01175	0.01639	0.01014	0.01404	0.00799	0.00567	0.00648	0.00177	0.06426	0.00482	0.00269	0.10380
6	0.01275	0.10595	0.53507	0.01671	0.02416	0.01468	0.13447	0.05764	0.01306	0.01865	0.01042	0.01240	0.00762	0.00536	0.00548	0.00176	0.00829	0.00456	0.00268	0.00829
7	0.01178	0.02744	0.65769	0.01749	0.02554	0.01346	0.13063	0.01815	0.01229	0.01815	0.01046	0.01259	0.00746	0.00534	0.00563	0.00183	0.00863	0.00461	0.00249	0.00834
8	0.00772	0.00583	0.00712	0.00680	0.00831	0.00524	0.00510	0.01006	0.01530	0.02081	0.56075	0.04623	0.25483	0.01249	0.00675	0.00184	0.00275	0.01084	0.00602	0.00524
9	0.01285	0.02067	0.39098	0.01712	0.02346	0.01219	0.23471	0.01788	0.01276	0.08592	0.01425	0.10487	0.01186	0.00685	0.00608	0.00190	0.00789	0.00652	0.00332	0.00791
10	0.08781	0.08331	0.06622	0.01035	0.01503	0.01038	0.00923	0.02536	0.01512	0.58896	0.01924	0.01722	0.01244	0.00663	0.00537	0.00172	0.00519	0.00519	0.00606	0.00915
11	0.01423	0.01229	0.01293	0.01164	0.01487	0.01423	0.00905	0.03039	0.75297	0.02393	0.02328	0.02134	0.01746	0.00776	0.00582	0.00194	0.00453	0.00647	0.00582	0.00905
12	0.01604	0.01508	0.14114	0.05881	0.37684	0.01238	0.01524	0.06900	0.01455	0.16575	0.04898	0.01624	0.01189	0.00600	0.00570	0.00175	0.00650	0.00534	0.00394	0.00884
13	0.01927	0.24535	0.06080	0.01272	0.01677	0.37096	0.01087	0.05563	0.04595	0.09534	0.01095	0.01168	0.00860	0.00583	0.00487	0.00148	0.00801	0.00394	0.00346	0.00751
14	0.01247	0.01258	0.01877	0.06851	0.01786	0.01695	0.07022	0.01418	0.00932	0.01418	0.00801	0.01293	0.00761	0.00931	0.01693	0.00242	0.67368	0.00515	0.00254	0.00638
15	0.00918	0.00870	0.06869	0.05081	0.01222	0.00743	0.00760	0.01378	0.10183	0.02195	0.54904	0.03675	0.06858	0.01051	0.00648	0.00183	0.00364	0.00918	0.00570	0.00610
16	0.00697	0.00498	0.00664	0.00796	0.00830	0.00465	0.00531	0.00796	0.01095	0.01460	0.03153	0.79525	0.03783	0.01792	0.00730	0.00232	0.00332	0.01626	0.00531	0.00465
17	0.01180	0.09588	0.70592	0.01574	0.02389	0.01409	0.02016	0.01803	0.01204	0.01771	0.01007	0.01183	0.00725	0.00539	0.00528	0.00176	0.00825	0.00413	0.00242	0.00836
18	0.01638	0.07038	0.01485	0.01162	0.01528	0.01491	0.00933	0.13858	0.52777	0.08536	0.02064	0.01913	0.01527	0.00736	0.00564	0.00184	0.00494	0.00596	0.00566	0.00909
19	0.00806	0.00544	0.00631	0.00657	0.00663	0.00537	0.00382	0.00825	0.00882	0.01176	0.02060	0.18196	0.02404	0.65002	0.02495	0.00493	0.00512	0.00983	0.00382	0.00369
20	0.00911	0.00666	0.00931	0.00907	0.01024	0.00761	0.00698	0.05539	0.01031	0.01480	0.01556	0.02307	0.01454	0.09891	0.64240	0.00816	0.01354	0.00621	0.03286	0.00527
21	0.01186	0.01017	0.01186	0.00847	0.01356	0.00762	0.00678	0.01440	0.01186	0.01864	0.01017	0.01186	0.00847	0.00424	0.00424	0.00085	0.00424	0.00339	0.00339	0.83395
22	0.00700	0.00570	0.00620	0.00629	0.00793	0.00490	0.00464	0.00859	0.01327	0.01654	0.16660	0.14753	0.55594	0.01448	0.00683	0.00196	0.00292	0.01233	0.00547	0.00490
23	0.02260	0.01464	0.01631	0.01251	0.01705	0.01569	0.01033	0.58705	0.02458	0.19649	0.01567	0.01499	0.01070	0.00691	0.00573	0.00173	0.00598	0.00528	0.00602	0.00973
24	0.01186	0.01017	0.01186	0.00847	0.01356	0.00762	0.00678	0.01440	0.01186	0.01864	0.01017	0.01186	0.00847	0.00424	0.00424	0.00085	0.00424	0.00339	0.00339	0.83395
25	0.01414	0.01157	0.01272	0.01199	0.04542	0.01297	0.00893	0.02759	0.60940	0.06355	0.03918	0.02401	0.07669	0.00822	0.00590	0.00192	0.00448	0.00689	0.00573	0.00869
26	0.00738	0.00592	0.00610	0.00598	0.00797	0.00496	0.00451	0.00891	0.01327	0.03841	0.08542	0.05347	0.70974	0.01415	0.00673	0.00192	0.00295	0.01181	0.00540	0.00500
27	0.05106	0.63895	0.02680	0.01046	0.01503	0.12073	0.00984	0.04428	0.01270	0.01486	0.00828	0.00950	0.00738	0.00511	0.00393	0.00130	0.00660	0.00322	0.00268	0.00729
28	0.00697	0.00498	0.00664	0.00796	0.00830	0.00465	0.00531	0.00796	0.01095	0.01460	0.03153	0.79525	0.03783	0.01792	0.00730	0.00232	0.00332	0.01626	0.00531	0.00465
29	0.01315	0.01600	0.08544	0.02236	0.02769	0.01454	0.60424	0.01771	0.01285	0.01776	0.01115	0.01503	0.00857	0.00610	0.02247	0.00211	0.08604	0.00638	0.00282	0.00758
30	0.01165	0.02426	0.55911	0.01730	0.09020	0.01244	0.06824	0.01740	0.01243	0.01863	0.04237	0.01450	0.01004	0.00572	0.00549	0.00177	0.00769	0.00482	0.06786	0.00808
31	0.01082	0.00703	0.00813	0.06384	0.01093	0.00740	0.00608	0.04062	0.10285	0.02209	0.21262	0.02622	0.02460	0.00805	0.00512	0.00158	0.00339	0.00676	0.42583	0.00603
32	0.01826	0.05077	0.01661	0.01404	0.01644	0.44668	0.01102	0.09313	0.01497	0.01612	0.00948	0.01199	0.00814	0.00957	0.06450	0.00228	0.18181	0.00428	0.00312	0.00678
33	0.00785	0.00581	0.00733	0.00701	0.00841	0.00528	0.00523	0.01030	0.01553	0.02151	0.62829	0.06938	0.16217	0.01233	0.00677	0.00184	0.00275	0.01080	0.00611	0.00528
34	0.00817	0.00613	0.00919	0.00919	0.01021	0.00715	0.00715	0.01021	0.00919	0.01328	0.01532	0.02247	0.01430	0.04290	0.77631	0.00919	0.01532	0.00613	0.00306	0.00511

[dist]
# distance from previous block
# <min> <max>
0	1

[block]
# block no. 6 follows, 41 sequences, length 7
# corresponding to MSA columns:
# 420-426
name=unknown_G
#
# <colnr> <probs for GDERKNQSTAVLIFYWHMCP>
#	G	D	E	R	K	N	Q	S	T	A	V	L	I	F	Y	W	H	M	C	P
0	0.01386	0.42780	0.22689	0.01447	0.04565	0.01853	0.10374	0.01737	0.01187	0.01550	0.00909	0.01108	0.00755	0.00532	0.00542	0.00155	0.05011	0.00400	0.00251	0.00768
1	0.04057	0.01373	0.24892	0.01040	0.01420	0.00832	0.01072	0.01399	0.01417	0.05560	0.36757	0.06445	0.05570	0.00984	0.00625	0.00187	0.00486	0.04741	0.00487	0.00654
2	0.01290	0.01419	0.09514	0.11828	0.44168	0.04186	0.01560	0.01641	0.01286	0.01790	0.04210	0.04583	0.01264	0.00646	0.00577	0.00176	0.00671	0.04148	0.00314	0.04729
3	0.01777	0.43240	0.05697	0.01212	0.01643	0.30105	0.01083	0.06408	0.01428	0.01526	0.00874	0.01001	0.00749	0.00541	0.00443	0.00137	0.00779	0.00347	0.00283	0.00727
4	0.01485	0.48491	0.05879	0.01091	0.01490	0.09602	0.01019	0.01805	0.07206	0.01497	0.01024	0.01191	0.00887	0.00763	0.04389	0.00184	0.06677	0.00386	0.04218	0.00717
5	0.01396	0.01185	0.01255	0.01122	0.01437	0.01352	0.00874	0.06631	0.64229	0.02411	0.06033	0.02363	0.05523	0.00823	0.00591	0.00192	0.00445	0.00686	0.00581	0.00870
6	0.77566	0.07225	0.01007	0.00770	0.01134	0.01359	0.00647	0.01684	0.00988	0.02472	0.00796	0.00928	0.00628	0.00528	0.00355	0.00173	0.00456	0.00309	0.00346	0.00628

[dist]
# distance from previous block
# <min> <max>
0	3

[block]
# block no. 7 follows, 41 sequences, length 7
# corresponding to MSA columns:
# 430-436
name=unknown_H
#
# <colnr> <probs for GDERKNQSTAVLIFYWHMCP>
#	G	D	E	R	K	N	Q	S	T	A	V	L	I	F	Y	W	H	M	C	P
0	0.01171	0.01414	0.12399	0.37415	0.08115	0.01298	0.19752	0.01580	0.01195	0.01614	0.01109	0.03674	0.00885	0.00628	0.00681	0.02534	0.02998	0.00569	0.00271	0.00700
1	0.09289	0.09699	0.35382	0.01520	0.10275	0.01323	0.01482	0.04793	0.01250	0.01932	0.01000	0.01178	0.00771	0.00515	0.00487	0.00154	0.00670	0.00397	0.00291	0.17590
2	0.60656	0.18315	0.06352	0.00859	0.01275	0.01498	0.00796	0.01697	0.01030	0.02253	0.00811	0.00945	0.00651	0.00523	0.00369	0.00165	0.00506	0.00316	0.00323	0.00659
3	0.00991	0.00739	0.01023	0.00978	0.01121	0.00846	0.00765	0.09274	0.01131	0.01603	0.01533	0.02174	0.01396	0.03887	0.68742	0.00837	0.01434	0.00608	0.00343	0.00573
4	0.01139	0.00960	0.01128	0.00854	0.01298	0.00734	0.00667	0.01366	0.01186	0.01827	0.01329	0.11925	0.01268	0.00625	0.00475	0.00109	0.00418	0.00522	0.00372	0.71798
5	0.00853	0.00620	0.00893	0.00892	0.00991	0.00706	0.00682	0.01041	0.00942	0.01377	0.01587	0.02365	0.01492	0.09110	0.68167	0.00853	0.01401	0.00629	0.04884	0.00512
6	0.01299	0.01132	0.01515	0.01107	0.01601	0.00952	0.10771	0.06461	0.04035	0.02024	0.01159	0.01345	0.00933	0.00485	0.00482	0.00115	0.00514	0.00422	0.03392	0.60255

[dist]
# distance from previous block
# <min> <max>
0	1

[block]
# block no. 8 follows, 41 sequences, length 11
# corresponding to MSA columns:
# 438-448
name=unknown_I
#
# <colnr> <probs for GDERKNQSTAVLIFYWHMCP>
#	G	D	E	R	K	N	Q	S	T	A	V	L	I	F	Y	W	H	M	C	P
0	0.01457	0.00981	0.01159	0.00873	0.01317	0.00804	0.00702	0.06559	0.01398	0.17188	0.02020	0.02010	0.12410	0.00655	0.00503	0.00126	0.00430	0.00531	0.00459	0.48420
1	0.01225	0.01216	0.01746	0.13209	0.01872	0.01679	0.01303	0.01389	0.00917	0.01389	0.00791	0.01293	0.00753	0.00936	0.01679	0.00241	0.66982	0.00502	0.00251	0.00627
2	0.01309	0.01130	0.01185	0.01075	0.01379	0.01280	0.00834	0.02702	0.64050	0.02264	0.02855	0.02646	0.13048	0.00878	0.00596	0.00194	0.00428	0.00732	0.00574	0.00841
3	0.00720	0.00520	0.00682	0.00771	0.00833	0.00482	0.00529	0.00858	0.01216	0.01643	0.18989	0.60388	0.06956	0.01644	0.00716	0.00219	0.00317	0.01482	0.00552	0.00482
4	0.00884	0.00704	0.01018	0.00980	0.01057	0.00858	0.00762	0.01058	0.00905	0.01315	0.01439	0.02235	0.01387	0.10833	0.59156	0.00784	0.13194	0.00616	0.00302	0.00513
5	0.00784	0.00548	0.00650	0.00674	0.00717	0.00526	0.00425	0.00859	0.01046	0.01398	0.13192	0.21572	0.09105	0.43838	0.01895	0.00395	0.00440	0.01077	0.00446	0.00413
6	0.00969	0.00621	0.00817	0.00889	0.00999	0.00598	0.00658	0.01207	0.05880	0.09008	0.02989	0.53449	0.03329	0.01581	0.00716	0.00230	0.00391	0.14564	0.00551	0.00554
7	0.01256	0.23957	0.49172	0.01374	0.02089	0.01529	0.01660	0.01748	0.01193	0.01689	0.00962	0.01126	0.00739	0.00517	0.00483	0.00155	0.00740	0.00382	0.00252	0.08977
8	0.05892	0.01215	0.01564	0.15563	0.10356	0.01358	0.01158	0.16287	0.13999	0.05229	0.01432	0.01766	0.01143	0.00706	0.00688	0.00184	0.08324	0.04223	0.00421	0.08494
9	0.06406	0.00978	0.01230	0.00978	0.01357	0.00929	0.00799	0.11034	0.01643	0.49789	0.04576	0.01943	0.01467	0.00935	0.05421	0.00219	0.00540	0.00569	0.08318	0.00870
10	0.01883	0.15364	0.01891	0.05174	0.03474	0.41186	0.02719	0.10844	0.08920	0.01776	0.01087	0.01206	0.00872	0.00598	0.00511	0.00154	0.00833	0.00420	0.00346	0.00743

[dist]
# distance from previous block
# <min> <max>
1	3

[block]
# block no. 9 follows, 41 sequences, length 11
# corresponding to MSA columns:
# 452-462
name=unknown_J
#
# <colnr> <probs for GDERKNQSTAVLIFYWHMCP>
#	G	D	E	R	K	N	Q	S	T	A	V	L	I	F	Y	W	H	M	C	P
0	0.01502	0.01180	0.01456	0.02766	0.01459	0.05781	0.03861	0.10961	0.01337	0.09808	0.01317	0.03114	0.01076	0.00874	0.02575	0.00208	0.29959	0.00536	0.17205	0.03025
1	0.04142	0.01180	0.01927	0.46361	0.23024	0.01341	0.05047	0.06972	0.01305	0.01785	0.01058	0.01465	0.00817	0.00558	0.00568	0.00183	0.00729	0.00510	0.00291	0.00739
2	0.00814	0.00580	0.00751	0.08114	0.01041	0.00591	0.00559	0.00908	0.00994	0.01336	0.02299	0.32993	0.02640	0.36455	0.01679	0.00370	0.00477	0.03750	0.03216	0.00433
3	0.01246	0.01222	0.02291	0.23644	0.15030	0.01285	0.27345	0.01606	0.01235	0.03799	0.01313	0.09504	0.01151	0.00687	0.00712	0.00196	0.06017	0.00684	0.00313	0.00720
4	0.01186	0.01017	0.01186	0.00847	0.01356	0.00762	0.00678	0.01440	0.01186	0.01864	0.01017	0.01186	0.00847	0.00424	0.00424	0.00085	0.00424	0.00339	0.00339	0.83395
5	0.01332	0.39949	0.38100	0.01283	0.01943	0.01752	0.01505	0.01748	0.01185	0.01590	0.00915	0.01067	0.00735	0.00512	0.00453	0.00149	0.00715	0.00363	0.00247	0.04457
6	0.01338	0.01490	0.03081	0.02327	0.06268	0.01488	0.59843	0.01760	0.01277	0.01766	0.01092	0.01493	0.00852	0.00561	0.00850	0.00200	0.12632	0.00641	0.00283	0.00756
7	0.00718	0.00507	0.00657	0.00769	0.00797	0.00479	0.00502	0.00802	0.01053	0.01404	0.02938	0.67470	0.03512	0.14216	0.01077	0.00284	0.00367	0.01500	0.00502	0.00446
8	0.01074	0.00978	0.01644	0.72761	0.03703	0.01213	0.01508	0.01408	0.01114	0.01427	0.01015	0.01541	0.00780	0.00677	0.00695	0.06353	0.00743	0.00507	0.00254	0.00607
9	0.02477	0.00993	0.01325	0.01029	0.01462	0.00886	0.00846	0.02807	0.07361	0.70950	0.02262	0.01961	0.01442	0.00713	0.00576	0.00178	0.00484	0.00581	0.00698	0.00968
10	0.01409	0.01377	0.02422	0.03406	0.69353	0.01367	0.08652	0.01763	0.01307	0.01865	0.01084	0.01428	0.00902	0.00507	0.00577	0.00172	0.00707	0.00525	0.00284	0.00893

[dist]
# distance from previous block
# <min> <max>
0	1

[block]
# block no. 10 follows, 41 sequences, length 15
# corresponding to MSA columns:
# 464-478
name=unknown_K
#
# <colnr> <probs for GDERKNQSTAVLIFYWHMCP>
#	G	D	E	R	K	N	Q	S	T	A	V	L	I	F	Y	W	H	M	C	P
0	0.00698	0.00570	0.00620	0.00654	0.00813	0.00492	0.00488	0.00842	0.01265	0.01541	0.05098	0.19519	0.57231	0.01523	0.00694	0.00206	0.00315	0.06418	0.00531	0.00483
1	0.00811	0.00579	0.00795	0.00927	0.01010	0.00563	0.00730	0.00994	0.01208	0.01588	0.03089	0.42351	0.03533	0.01684	0.00761	0.00248	0.00431	0.37671	0.00529	0.00496
2	0.00819	0.00549	0.00628	0.00640	0.00643	0.00546	0.00364	0.00829	0.00856	0.01142	0.01927	0.10750	0.02237	0.72676	0.02710	0.00525	0.00534	0.00905	0.00364	0.00357
3	0.02203	0.00941	0.01207	0.00965	0.01347	0.00868	0.00784	0.02606	0.10794	0.56479	0.02208	0.01998	0.01465	0.00710	0.00550	0.00173	0.00450	0.00578	0.12774	0.00900
4	0.00830	0.00560	0.00651	0.00651	0.00661	0.00569	0.00381	0.00849	0.00840	0.01129	0.01777	0.03605	0.02019	0.72907	0.09820	0.00588	0.00645	0.00812	0.00343	0.00362
5	0.70528	0.01084	0.00921	0.00796	0.01165	0.01210	0.00656	0.01864	0.01083	0.14788	0.01037	0.01097	0.00751	0.00560	0.00390	0.00177	0.00450	0.00353	0.00412	0.00678
6	0.02057	0.02347	0.01605	0.01405	0.01721	0.55533	0.01080	0.17818	0.01814	0.01882	0.01179	0.01289	0.03752	0.00658	0.00581	0.00158	0.03598	0.00438	0.00363	0.00722
7	0.02566	0.00973	0.01327	0.01018	0.01460	0.00841	0.00841	0.02788	0.01637	0.76726	0.02257	0.01947	0.01416	0.00708	0.00575	0.00177	0.00487	0.00575	0.00708	0.00973
8	0.00697	0.00498	0.00664	0.00796	0.00830	0.00465	0.00531	0.00796	0.01095	0.01460	0.03153	0.79525	0.03783	0.01792	0.00730	0.00232	0.00332	0.01626	0.00531	0.00465
9	0.02076	0.00905	0.01265	0.09631	0.01626	0.00832	0.00869	0.02319	0.01563	0.54696	0.13432	0.04550	0.02022	0.00795	0.00595	0.00181	0.00480	0.00669	0.00640	0.00854
10	0.01436	0.01330	0.02597	0.19675	0.15087	0.01325	0.37671	0.01842	0.01328	0.10128	0.01235	0.01563	0.00912	0.00532	0.00623	0.00187	0.00818	0.00599	0.00327	0.00785
11	0.02412	0.00978	0.01312	0.00999	0.01448	0.00832	0.00822	0.02637	0.01587	0.68356	0.02118	0.01862	0.01352	0.00676	0.00558	0.00167	0.00480	0.00549	0.00667	0.10189
12	0.01127	0.01054	0.01740	0.44848	0.13273	0.01250	0.04284	0.01446	0.01184	0.01604	0.09384	0.01789	0.01309	0.00714	0.00790	0.02202	0.10473	0.00573	0.00301	0.00657
13	0.04595	0.01038	0.01279	0.09910	0.10885	0.07998	0.00964	0.01585	0.02855	0.14011	0.04411	0.28841	0.02107	0.01064	0.00700	0.00199	0.05523	0.00909	0.00456	0.00669
14	0.01576	0.01075	0.01243	0.01300	0.01428	0.00937	0.00873	0.01485	0.01577	0.07269	0.03555	0.66438	0.03959	0.02047	0.00997	0.00350	0.00599	0.01651	0.00759	0.00881

[dist]
# distance from previous block
# <min> <max>
0	34

[block]
# block no. 11 follows, 41 sequences, length 6
# corresponding to MSA columns:
# 514-519
name=unknown_L
#
# <colnr> <probs for GDERKNQSTAVLIFYWHMCP>
#	G	D	E	R	K	N	Q	S	T	A	V	L	I	F	Y	W	H	M	C	P
0	0.01388	0.01313	0.02201	0.20190	0.41973	0.01406	0.08692	0.07884	0.01365	0.01892	0.01077	0.01440	0.00866	0.00565	0.00655	0.00182	0.05266	0.00525	0.00300	0.00821
1	0.00802	0.00611	0.00741	0.00725	0.00871	0.00570	0.00537	0.01102	0.05946	0.02019	0.45920	0.14607	0.20835	0.01293	0.00677	0.00191	0.00294	0.01130	0.00591	0.00539
2	0.00851	0.00613	0.00774	0.00851	0.00928	0.00601	0.00589	0.08489	0.01262	0.01684	0.02967	0.71360	0.03489	0.01677	0.00714	0.00226	0.00363	0.01510	0.00535	0.00518
3	0.01322	0.14775	0.52637	0.01523	0.05363	0.01411	0.01752	0.01843	0.01234	0.07076	0.01079	0.01222	0.00790	0.00539	0.00512	0.00166	0.00753	0.00414	0.00282	0.05307
4	0.01281	0.01528	0.10252	0.16195	0.05617	0.03897	0.39412	0.01716	0.01276	0.01759	0.01152	0.01524	0.00878	0.00543	0.00650	0.00186	0.03471	0.00584	0.07351	0.00730
5	0.01186	0.01017	0.01186	0.00847	0.01356	0.00762	0.00678	0.01440	0.01186	0.01864	0.01017	0.01186	0.00847	0.00424	0.00424	0.00085	0.00424	0.00339	0.00339	0.83395

[dist]
# distance from previous block
# <min> <max>
0	1

[block]
# block no. 12 follows, 41 sequences, length 65
# corresponding to MSA columns:
# 521-585
name=unknown_M
#
# <colnr> <probs for GDERKNQSTAVLIFYWHMCP>
#	G	D	E	R	K	N	Q	S	T	A	V	L	I	F	Y	W	H	M	C	P
0	0.01055	0.00787	0.00948	0.00898	0.01064	0.00750	0.00661	0.01430	0.10922	0.02388	0.60194	0.09071	0.04871	0.01255	0.00734	0.00215	0.00359	0.01063	0.00666	0.00669
1	0.00985	0.00712	0.00889	0.00838	0.00986	0.00644	0.00616	0.01203	0.01711	0.02430	0.74204	0.04422	0.05434	0.01264	0.00742	0.00210	0.00332	0.01073	0.00678	0.00628
2	0.01470	0.01523	0.03125	0.02291	0.02804	0.01416	0.63824	0.01810	0.01379	0.01883	0.01301	0.01787	0.01040	0.00769	0.00923	0.09862	0.00954	0.00703	0.00342	0.00793
3	0.04262	0.01531	0.01649	0.01319	0.01747	0.01636	0.01058	0.51554	0.10945	0.11254	0.01743	0.01772	0.01278	0.00802	0.00630	0.00204	0.00625	0.00585	0.04392	0.01013
4	0.00961	0.00711	0.00855	0.00812	0.00971	0.00633	0.00597	0.01156	0.01654	0.02294	0.61474	0.04645	0.18249	0.01315	0.00742	0.00213	0.00336	0.01104	0.00660	0.00618
5	0.73948	0.01206	0.01010	0.00895	0.01265	0.01324	0.00715	0.01897	0.01147	0.09949	0.01112	0.01267	0.00861	0.00660	0.00452	0.00207	0.00505	0.00394	0.00445	0.00740
6	0.01582	0.01339	0.01403	0.01270	0.01602	0.01503	0.00972	0.03111	0.73433	0.02526	0.02460	0.02340	0.01880	0.00881	0.00652	0.00224	0.00510	0.00696	0.00632	0.00984
7	0.01781	0.66081	0.02846	0.01168	0.01630	0.14154	0.01063	0.01909	0.01338	0.01515	0.00982	0.01174	0.00895	0.00618	0.00466	0.00158	0.00731	0.00374	0.00311	0.00806
8	0.72304	0.01209	0.01064	0.09883	0.01559	0.01366	0.00806	0.01764	0.01102	0.02567	0.00995	0.01236	0.00800	0.00647	0.00455	0.00209	0.00537	0.00391	0.00398	0.00708
9	0.01306	0.01232	0.02048	0.57111	0.03575	0.01435	0.11659	0.01616	0.01246	0.01661	0.01172	0.01718	0.00936	0.00720	0.00808	0.00228	0.09890	0.00583	0.00317	0.00739
10	0.01019	0.00774	0.00927	0.00884	0.01033	0.00746	0.00654	0.01252	0.04904	0.02166	0.44543	0.10757	0.16953	0.01318	0.00811	0.00220	0.05485	0.01082	0.03836	0.00634
11	0.01007	0.00682	0.00752	0.00744	0.00761	0.00658	0.00428	0.00962	0.00944	0.01277	0.01948	0.03906	0.02205	0.77903	0.02919	0.00575	0.00609	0.00876	0.00403	0.00440
12	0.01480	0.01552	0.02913	0.02194	0.02590	0.01624	0.49111	0.01791	0.01298	0.01835	0.01191	0.01672	0.00988	0.00760	0.01125	0.00241	0.25827	0.00668	0.00335	0.00807
13	0.01007	0.00682	0.00752	0.00744	0.00761	0.00658	0.00428	0.00962	0.00944	0.01277	0.01948	0.03906	0.02205	0.77903	0.02919	0.00575	0.00609	0.00876	0.00403	0.00440
14	0.00907	0.00650	0.00826	0.00938	0.01004	0.00597	0.00653	0.00988	0.01254	0.01691	0.07056	0.65241	0.03890	0.01813	0.00800	0.00262	0.00412	0.09864	0.00587	0.00566
15	0.01001	0.00722	0.00911	0.00885	0.01032	0.00660	0.00670	0.01218	0.01668	0.02348	0.63919	0.04729	0.05138	0.01322	0.00758	0.00222	0.00369	0.11140	0.00664	0.00626
16	0.00945	0.00656	0.00770	0.00824	0.00856	0.00617	0.00512	0.00946	0.01065	0.01438	0.02569	0.38723	0.02987	0.42018	0.01917	0.00427	0.00507	0.01241	0.00487	0.00494
17	0.01511	0.01644	0.03430	0.02484	0.03064	0.01526	0.72372	0.01936	0.01449	0.01981	0.01320	0.01765	0.01025	0.00595	0.00742	0.00223	0.01008	0.00723	0.00347	0.00854
18	0.00875	0.00627	0.00790	0.00912	0.00961	0.00571	0.00607	0.00928	0.01201	0.01618	0.03263	0.77677	0.03863	0.01870	0.00796	0.00261	0.00393	0.01649	0.00582	0.00555
19	0.02277	0.02796	0.01722	0.01572	0.01875	0.75660	0.01166	0.02376	0.01713	0.01560	0.01054	0.01267	0.00898	0.00699	0.00587	0.00179	0.01074	0.00425	0.00352	0.00748
20	0.01582	0.01339	0.01403	0.01270	0.01602	0.01503	0.00972	0.03111	0.73433	0.02526	0.02460	0.02340	0.01880	0.00881	0.00652	0.00224	0.00510	0.00696	0.00632	0.00984
21	0.01534	0.01291	0.01362	0.01246	0.01559	0.01441	0.00947	0.02964	0.68584	0.02465	0.02514	0.07398	0.02013	0.00948	0.00662	0.00226	0.00502	0.00760	0.00629	0.00955
22	0.01651	0.70451	0.09182	0.01169	0.01694	0.02229	0.02454	0.01830	0.01273	0.01554	0.00993	0.01191	0.00897	0.00606	0.00463	0.00160	0.00691	0.00380	0.00304	0.00827
23	0.00875	0.00627	0.00790	0.00912	0.00961	0.00571	0.00607	0.00928	0.01201	0.01618	0.03263	0.77677	0.03863	0.01870	0.00796	0.00261	0.00393	0.01649	0.00582	0.00555
24	0.02089	0.16393	0.01851	0.01215	0.01637	0.01385	0.04777	0.11103	0.09554	0.32410	0.09295	0.02121	0.01777	0.00812	0.00621	0.00199	0.00584	0.00626	0.00606	0.00943
25	0.10825	0.01608	0.01682	0.01327	0.01775	0.01732	0.01072	0.60859	0.02488	0.03504	0.01465	0.01559	0.01095	0.00767	0.00611	0.00199	0.00648	0.00540	0.02090	0.04153
26	0.02046	0.18644	0.09053	0.01441	0.01873	0.30276	0.01232	0.21854	0.01851	0.02187	0.01179	0.01358	0.00961	0.00711	0.00608	0.00186	0.02805	0.00460	0.00411	0.00864
27	0.03253	0.20732	0.36582	0.01760	0.11907	0.04631	0.01665	0.05741	0.04231	0.01974	0.01203	0.01429	0.00962	0.00655	0.00574	0.00195	0.00789	0.00471	0.00341	0.00905
28	0.72303	0.01153	0.00927	0.00844	0.01180	0.01280	0.00668	0.01749	0.01109	0.02645	0.01093	0.01307	0.00882	0.00658	0.00435	0.00202	0.00480	0.00394	0.09997	0.00696
29	0.10567	0.00770	0.00825	0.00787	0.00983	0.00708	0.00584	0.01172	0.01513	0.02169	0.38069	0.04515	0.32479	0.01299	0.00705	0.00215	0.00360	0.01057	0.00608	0.00615
30	0.01575	0.01465	0.02404	0.03555	0.74458	0.01441	0.01799	0.01861	0.01403	0.02016	0.01241	0.01641	0.01062	0.00622	0.00637	0.00200	0.00731	0.00562	0.00341	0.00985
31	0.02281	0.02666	0.01733	0.01553	0.01876	0.66872	0.01164	0.10736	0.01836	0.01815	0.01111	0.01306	0.00925	0.00711	0.00594	0.00181	0.01027	0.00442	0.00384	0.00784
32	0.00942	0.00742	0.01069	0.01067	0.01184	0.00675	0.08328	0.01038	0.01241	0.01663	0.03226	0.64666	0.08284	0.01710	0.00787	0.00255	0.00456	0.01522	0.00557	0.00588
33	0.01188	0.00673	0.00885	0.00794	0.00996	0.00608	0.00616	0.01437	0.01592	0.18178	0.53065	0.05181	0.07663	0.01112	0.00661	0.00185	0.00330	0.03569	0.00638	0.00631
34	0.00999	0.00501	0.00749	0.00749	0.00749	0.00500	0.00499	0.00749	0.00749	0.00999	0.00999	0.01746	0.00998	0.01989	0.02236	0.83290	0.00499	0.00498	0.00250	0.00251
35	0.00825	0.00610	0.00780	0.00793	0.00927	0.00576	0.00611	0.01098	0.03732	0.02003	0.42989	0.14571	0.12447	0.01348	0.00703	0.00205	0.00335	0.14324	0.00587	0.00535
36	0.01452	0.63582	0.18878	0.01122	0.01688	0.02064	0.01224	0.01737	0.01175	0.01451	0.00850	0.00987	0.00737	0.00505	0.00407	0.00136	0.00664	0.00333	0.00246	0.00761
37	0.05048	0.01817	0.15492	0.01399	0.01924	0.01647	0.04586	0.52228	0.05122	0.03113	0.01320	0.01371	0.00944	0.00652	0.00566	0.00176	0.00672	0.00504	0.00492	0.00927
38	0.01452	0.70951	0.02759	0.00975	0.01420	0.02086	0.00950	0.01636	0.01137	0.01349	0.00886	0.01079	0.00820	0.00933	0.09324	0.00216	0.00720	0.00343	0.00254	0.00711
39	0.01288	0.01411	0.02981	0.02250	0.06545	0.01326	0.60785	0.01733	0.01386	0.01899	0.10930	0.01900	0.01466	0.00577	0.00671	0.00191	0.00860	0.00715	0.00335	0.00751
40	0.00936	0.00950	0.08803	0.00945	0.01137	0.03304	0.00763	0.05820	0.01235	0.01665	0.02549	0.56000	0.02918	0.02847	0.00710	0.00215	0.00442	0.01270	0.00479	0.07010
41	0.00703	0.00502	0.00668	0.00800	0.00834	0.00468	0.00533	0.00801	0.01098	0.01465	0.03156	0.79467	0.03786	0.01794	0.00732	0.00233	0.00334	0.01627	0.00533	0.00467
42	0.00980	0.00731	0.01015	0.00969	0.01113	0.00841	0.00760	0.09532	0.01128	0.01597	0.01519	0.02152	0.01381	0.03873	0.68638	0.00833	0.01428	0.00603	0.00339	0.00567
43	0.01378	0.15548	0.14765	0.05261	0.04248	0.01506	0.31186	0.06491	0.01355	0.01851	0.01067	0.01329	0.00827	0.00508	0.00558	0.00165	0.00784	0.00510	0.00298	0.10366
44	0.01347	0.04301	0.01660	0.01354	0.01445	0.01636	0.01111	0.10559	0.04505	0.01678	0.01018	0.01562	0.00968	0.09204	0.01705	0.00266	0.54166	0.00538	0.00317	0.00660
45	0.01474	0.00712	0.00886	0.00772	0.00935	0.00663	0.00530	0.01553	0.01131	0.28851	0.01973	0.03089	0.01840	0.50788	0.02055	0.00417	0.00531	0.00739	0.00481	0.00579
46	0.01082	0.00782	0.01322	0.15559	0.09461	0.00818	0.07208	0.01097	0.00973	0.01309	0.04446	0.01771	0.01136	0.01406	0.01548	0.48219	0.00597	0.00542	0.00276	0.00450
47	0.01104	0.00613	0.00706	0.00681	0.00831	0.00616	0.00515	0.04147	0.01286	0.05954	0.09723	0.09384	0.02067	0.01248	0.09428	0.00243	0.00447	0.00698	0.49740	0.00568
48	0.00897	0.00740	0.01144	0.30440	0.02068	0.00819	0.02464	0.01146	0.01196	0.01615	0.12763	0.31242	0.02628	0.01264	0.03588	0.00231	0.00545	0.01014	0.03642	0.00554
49	0.01354	0.01015	0.01206	0.00871	0.01372	0.00775	0.00699	0.01602	0.01242	0.10672	0.01168	0.01283	0.00919	0.00461	0.00444	0.00097	0.00433	0.00368	0.00384	0.73636
50	0.00909	0.00868	0.06527	0.01118	0.08813	0.00739	0.00808	0.01175	0.01429	0.02016	0.46035	0.10900	0.07302	0.03799	0.00800	0.00202	0.04478	0.00967	0.00523	0.00591
51	0.00711	0.00586	0.00624	0.00619	0.00801	0.00500	0.00468	0.00878	0.01361	0.01682	0.17703	0.05323	0.62111	0.01407	0.00681	0.00194	0.00294	0.03011	0.00549	0.00497
52	0.01387	0.01331	0.02254	0.09462	0.67597	0.01370	0.01724	0.01721	0.01277	0.01822	0.01064	0.01425	0.00893	0.00537	0.00619	0.00176	0.03674	0.00511	0.00281	0.00876
53	0.01349	0.01289	0.02195	0.19562	0.60782	0.01343	0.01721	0.01696	0.01272	0.01786	0.01068	0.01446	0.00880	0.00526	0.00570	0.00175	0.00699	0.00511	0.00279	0.00851
54	0.01337	0.01277	0.02174	0.22114	0.58320	0.01340	0.01715	0.01686	0.01266	0.01772	0.01066	0.01450	0.00875	0.00529	0.00570	0.00176	0.00702	0.00511	0.00278	0.00841
55	0.01026	0.10135	0.08678	0.00964	0.01257	0.00891	0.05971	0.01327	0.01490	0.04788	0.47312	0.03390	0.08554	0.00985	0.00625	0.00176	0.00426	0.00860	0.00521	0.00624
56	0.10447	0.00647	0.00775	0.00729	0.00887	0.00628	0.00551	0.01148	0.01537	0.02314	0.65865	0.05322	0.04814	0.01110	0.00641	0.00182	0.00293	0.00963	0.00597	0.00550
57	0.01011	0.00927	0.06105	0.01300	0.12924	0.00797	0.04201	0.01371	0.03994	0.02148	0.42896	0.03239	0.03547	0.00935	0.00619	0.00177	0.00418	0.02662	0.10087	0.00642
58	0.01025	0.01818	0.37888	0.01442	0.09557	0.01004	0.01422	0.01483	0.01358	0.01948	0.25512	0.02594	0.08938	0.00821	0.00600	0.00181	0.00594	0.00698	0.00396	0.00721
59	0.01186	0.01030	0.01169	0.00891	0.01349	0.03198	0.00720	0.01438	0.01215	0.01831	0.01246	0.01791	0.01127	0.00563	0.00469	0.00107	0.00455	0.08701	0.00359	0.71155
60	0.01545	0.00800	0.01038	0.00929	0.03505	0.00747	0.00701	0.04596	0.04125	0.28313	0.33908	0.02937	0.03114	0.00897	0.00598	0.00173	0.00378	0.00766	0.10197	0.00731
61	0.71686	0.01033	0.00857	0.03229	0.01155	0.01192	0.00636	0.01566	0.00952	0.02349	0.00826	0.01042	0.00667	0.00701	0.00579	0.09818	0.00459	0.00338	0.00339	0.00577
62	0.01154	0.00816	0.00997	0.00834	0.01138	0.00688	0.00637	0.01345	0.01231	0.10401	0.06991	0.19292	0.08667	0.04540	0.00708	0.00171	0.02893	0.00802	0.00458	0.36239
63	0.01382	0.10174	0.01341	0.00980	0.01270	0.01208	0.00797	0.11318	0.21617	0.07483	0.15229	0.02556	0.09322	0.00983	0.03252	0.00202	0.03526	0.00694	0.05923	0.00745
64	0.55828	0.13297	0.01225	0.00826	0.01167	0.01378	0.00694	0.06706	0.01097	0.02269	0.00860	0.01053	0.00705	0.00704	0.00589	0.09809	0.00488	0.00345	0.00340	0.00619

[dist]
# distance from previous block
# <min> <max>
6	11

[block]
# block no. 13 follows, 41 sequences, length 8
# corresponding to MSA columns:
# 598-605
name=unknown_N
#
# <colnr> <probs for GDERKNQSTAVLIFYWHMCP>
#	G	D	E	R	K	N	Q	S	T	A	V	L	I	F	Y	W	H	M	C	P
0	0.01416	0.01359	0.02322	0.03511	0.76330	0.01359	0.01755	0.01755	0.01302	0.01869	0.01076	0.01416	0.00906	0.00510	0.00566	0.00170	0.00680	0.00510	0.00283	0.00906
1	0.00862	0.00544	0.00646	0.00646	0.00646	0.00544	0.00374	0.00816	0.00816	0.01088	0.01653	0.03373	0.01879	0.65531	0.02787	0.15824	0.00544	0.00770	0.00328	0.00328
2	0.00729	0.00501	0.00668	0.00783	0.00812	0.00472	0.00518	0.00794	0.01052	0.01403	0.02903	0.69104	0.03463	0.05904	0.00969	0.07138	0.00357	0.01491	0.00498	0.00440
3	0.02226	0.00929	0.01218	0.00961	0.01322	0.00837	0.00762	0.06184	0.01544	0.58947	0.02126	0.02248	0.01515	0.15310	0.01006	0.00246	0.00507	0.00619	0.00634	0.00858
4	0.00854	0.00672	0.00989	0.01311	0.14773	0.00649	0.00781	0.01007	0.01141	0.01541	0.02702	0.55862	0.03140	0.04840	0.00797	0.00237	0.00422	0.07258	0.00477	0.00546
5	0.00820	0.00601	0.00862	0.00862	0.00944	0.00684	0.00643	0.00984	0.00902	0.01285	0.01585	0.02538	0.01556	0.19006	0.63088	0.00848	0.01342	0.00655	0.00314	0.00479
6	0.00945	0.00561	0.00752	0.00826	0.00913	0.00514	0.00572	0.01060	0.01167	0.11438	0.03034	0.69240	0.03469	0.01648	0.00710	0.00225	0.00352	0.01487	0.00554	0.00532
7	0.01248	0.01171	0.01724	0.01772	0.15200	0.01513	0.01244	0.01363	0.00937	0.01417	0.00843	0.01346	0.00812	0.01041	0.01683	0.11253	0.54048	0.00502	0.00256	0.00627

[dist]
# distance from previous block
# <min> <max>
0	3

# created by:
# /software/SequenceAnalysis/GenePrediction/augustus/3.0.1/scripts/msa2prfl.pl ./fixed/BUSCOvEOG7KH485.fas
