[name]
unknown

[dist]
# distance from previous block
# <min> <max>
0	517

[block]
# block no. 0 follows, 41 sequences, length 33
# corresponding to MSA columns:
# 542-574
name=unknown_A
#
# <colnr> <probs for GDERKNQSTAVLIFYWHMCP>
#	G	D	E	R	K	N	Q	S	T	A	V	L	I	F	Y	W	H	M	C	P
0	0.00922	0.00658	0.00922	0.01053	0.01185	0.00658	0.00922	0.01185	0.01317	0.01712	0.03029	0.06452	0.03292	0.01580	0.00790	0.00263	0.00527	0.72480	0.00527	0.00527
1	0.83938	0.01106	0.00841	0.00752	0.01106	0.01283	0.00619	0.01681	0.00973	0.02566	0.00796	0.00929	0.00619	0.00531	0.00354	0.00177	0.00442	0.00310	0.00354	0.00619
2	0.00832	0.00555	0.00624	0.00624	0.00624	0.00555	0.00347	0.00832	0.00832	0.01109	0.01802	0.03743	0.02080	0.79898	0.02911	0.00555	0.00555	0.00832	0.00347	0.00347
3	0.01186	0.01017	0.01186	0.00847	0.01356	0.00762	0.00678	0.01440	0.01186	0.01864	0.01017	0.01186	0.00847	0.00424	0.00424	0.00085	0.00424	0.00339	0.00339	0.83395
4	0.00692	0.00516	0.00644	0.00747	0.00817	0.00469	0.00509	0.00802	0.01143	0.01480	0.03757	0.62581	0.20337	0.01713	0.00718	0.00223	0.00322	0.01530	0.00531	0.00469
5	0.00688	0.00580	0.00596	0.00592	0.00780	0.00488	0.00444	0.00844	0.01332	0.01613	0.12142	0.05393	0.69708	0.01423	0.00676	0.00192	0.00288	0.01192	0.00540	0.00488
6	0.00907	0.00618	0.00884	0.00862	0.00987	0.00676	0.00668	0.01128	0.01098	0.04814	0.15420	0.02603	0.02168	0.03327	0.55131	0.00700	0.01173	0.00684	0.05614	0.00537
7	0.00810	0.00585	0.00765	0.00720	0.00855	0.00540	0.00540	0.01079	0.01619	0.02294	0.76028	0.04273	0.05397	0.01169	0.00675	0.00180	0.00270	0.01034	0.00630	0.00540
8	0.01213	0.16314	0.64157	0.01518	0.02302	0.01490	0.01917	0.01794	0.01200	0.01731	0.00987	0.01157	0.00726	0.00534	0.00513	0.00171	0.00805	0.00402	0.00242	0.00826
9	0.02207	0.01261	0.05967	0.01330	0.01818	0.01093	0.13628	0.10825	0.03253	0.49575	0.01897	0.01773	0.01238	0.00659	0.00590	0.00180	0.00605	0.00578	0.00591	0.00930
10	0.01147	0.06210	0.69782	0.01555	0.02348	0.01329	0.01983	0.01769	0.01227	0.01816	0.04881	0.01353	0.00966	0.00573	0.00542	0.00179	0.00805	0.00449	0.00262	0.00825
11	0.01354	0.01533	0.03316	0.02473	0.07104	0.01442	0.70186	0.01828	0.01347	0.01834	0.01153	0.01536	0.00870	0.00484	0.00669	0.00192	0.00948	0.00666	0.00289	0.00779
12	0.01044	0.00972	0.01705	0.01540	0.10131	0.00944	0.21059	0.01367	0.01454	0.02032	0.39277	0.03099	0.07022	0.00910	0.00724	0.00187	0.04559	0.00856	0.00471	0.00647
13	0.24376	0.04745	0.53389	0.01365	0.02062	0.01344	0.01661	0.01772	0.01141	0.02009	0.00955	0.01121	0.00695	0.00538	0.00485	0.00178	0.00725	0.00388	0.00273	0.00779
14	0.01557	0.68571	0.04735	0.01097	0.01593	0.03793	0.04790	0.05481	0.01262	0.01500	0.00851	0.00983	0.00753	0.00503	0.00401	0.00130	0.00646	0.00340	0.00265	0.00749
15	0.01549	0.70938	0.07064	0.01037	0.01544	0.02180	0.01049	0.06313	0.01261	0.01515	0.00845	0.00963	0.00749	0.00505	0.00390	0.00129	0.00626	0.00326	0.00265	0.00755
16	0.01086	0.01013	0.01697	0.68444	0.08728	0.01231	0.01534	0.01458	0.01185	0.01542	0.05761	0.01691	0.01065	0.00605	0.00578	0.00189	0.00726	0.00542	0.00280	0.00648
17	0.00732	0.00542	0.00683	0.00732	0.00828	0.00494	0.00517	0.00898	0.01312	0.01762	0.28683	0.40516	0.17165	0.01517	0.00701	0.00207	0.00303	0.01348	0.00565	0.00494
18	0.00696	0.00502	0.00660	0.00786	0.00827	0.00465	0.00526	0.00798	0.01105	0.01464	0.03279	0.75988	0.07238	0.01776	0.00727	0.00230	0.00330	0.01606	0.00531	0.00465
19	0.01283	0.01224	0.02083	0.33073	0.47801	0.01324	0.01690	0.01640	0.01240	0.01708	0.01053	0.01459	0.00849	0.00534	0.00568	0.00178	0.00712	0.00509	0.00272	0.00799
20	0.00695	0.00506	0.00656	0.00776	0.00824	0.00466	0.00522	0.00799	0.01115	0.01468	0.03403	0.72514	0.10633	0.01759	0.00725	0.00229	0.00328	0.01586	0.00531	0.00466
21	0.02080	0.01532	0.01651	0.01275	0.01711	0.01689	0.01049	0.69374	0.02616	0.03515	0.06512	0.01573	0.01277	0.00720	0.00579	0.00172	0.00605	0.00551	0.00576	0.00943
22	0.01350	0.01543	0.03375	0.02411	0.02989	0.01446	0.74253	0.01832	0.01350	0.01832	0.01157	0.01543	0.00868	0.00482	0.00675	0.00193	0.00964	0.00675	0.00289	0.00771
23	0.01320	0.01262	0.02149	0.24833	0.55753	0.01334	0.01708	0.01672	0.01257	0.01753	0.01059	0.01447	0.00865	0.00527	0.00568	0.00176	0.00703	0.00509	0.00275	0.00829
24	0.01416	0.01359	0.02322	0.03511	0.76330	0.01359	0.01755	0.01755	0.01302	0.01869	0.01076	0.01416	0.00906	0.00510	0.00566	0.00170	0.00680	0.00510	0.00283	0.00906
25	0.00832	0.00555	0.00624	0.00624	0.00624	0.00555	0.00347	0.00832	0.00832	0.01109	0.01802	0.03743	0.02080	0.79898	0.02911	0.00555	0.00555	0.00832	0.00347	0.00347
26	0.01115	0.00580	0.00585	0.00567	0.00715	0.00587	0.00430	0.04524	0.01265	0.02197	0.01844	0.02099	0.01445	0.00667	0.00407	0.00135	0.00282	0.00532	0.79472	0.00552
27	0.02566	0.00973	0.01327	0.01018	0.01460	0.00841	0.00841	0.02788	0.01637	0.76726	0.02257	0.01947	0.01416	0.00708	0.00575	0.00177	0.00487	0.00575	0.00708	0.00973
28	0.10277	0.01553	0.01630	0.01260	0.01708	0.01725	0.01041	0.67214	0.02519	0.03502	0.01316	0.01329	0.00938	0.00671	0.00551	0.00172	0.00611	0.00495	0.00551	0.00938
29	0.83938	0.01106	0.00841	0.00752	0.01106	0.01283	0.00619	0.01681	0.00973	0.02566	0.00796	0.00929	0.00619	0.00531	0.00354	0.00177	0.00442	0.00310	0.00354	0.00619
30	0.01419	0.01100	0.01273	0.00927	0.01424	0.00916	0.00748	0.12268	0.01436	0.06851	0.01147	0.01262	0.00902	0.00480	0.00455	0.00103	0.00458	0.00380	0.00397	0.66054
31	0.00932	0.00769	0.01110	0.05002	0.01258	0.00922	0.00834	0.01124	0.00936	0.01366	0.01348	0.02043	0.01272	0.07166	0.51495	0.00692	0.15087	0.00582	0.00298	0.05766
32	0.02921	0.01241	0.01131	0.01101	0.05057	0.19525	0.00789	0.04446	0.05120	0.05579	0.37075	0.05098	0.03183	0.00919	0.00601	0.00171	0.00515	0.00766	0.04120	0.00642

[dist]
# distance from previous block
# <min> <max>
0	3

[block]
# block no. 1 follows, 41 sequences, length 20
# corresponding to MSA columns:
# 578-597
name=unknown_B
#
# <colnr> <probs for GDERKNQSTAVLIFYWHMCP>
#	G	D	E	R	K	N	Q	S	T	A	V	L	I	F	Y	W	H	M	C	P
0	0.69948	0.03537	0.03318	0.00836	0.01220	0.01331	0.00718	0.06912	0.01134	0.05487	0.00902	0.01009	0.00682	0.00548	0.00384	0.00175	0.00475	0.00338	0.00377	0.00669
1	0.01501	0.10460	0.45727	0.01508	0.02152	0.21565	0.01680	0.05823	0.01392	0.01753	0.00985	0.01141	0.00742	0.00558	0.00520	0.00166	0.00860	0.00402	0.00274	0.00793
2	0.01482	0.47812	0.07493	0.01196	0.01569	0.05935	0.01136	0.03915	0.01161	0.01458	0.00821	0.01045	0.00745	0.00639	0.00791	0.00163	0.21288	0.00375	0.00259	0.00717
3	0.01120	0.00615	0.00645	0.00617	0.00766	0.00634	0.00467	0.06501	0.01274	0.02147	0.01807	0.02148	0.01452	0.03972	0.05365	0.00202	0.00383	0.00548	0.68781	0.00556
4	0.01062	0.00881	0.01097	0.00871	0.01244	0.00747	0.00690	0.01300	0.01097	0.01684	0.01189	0.01542	0.01042	0.01719	0.26291	0.00364	0.00795	0.00431	0.00328	0.55626
5	0.01334	0.01809	0.22128	0.01810	0.02358	0.03579	0.32721	0.10544	0.01443	0.01975	0.01359	0.06549	0.01147	0.00856	0.04760	0.00230	0.00868	0.03424	0.00337	0.00769
6	0.01105	0.00724	0.01161	0.01475	0.20684	0.00724	0.00829	0.01012	0.00892	0.01224	0.01015	0.01653	0.00970	0.01597	0.01795	0.61414	0.00545	0.00500	0.00258	0.00422
7	0.01052	0.00843	0.01291	0.01702	0.21008	0.00843	0.01142	0.01336	0.01313	0.01753	0.02513	0.05123	0.02662	0.01298	0.00731	0.00239	0.00567	0.53495	0.00462	0.00627
8	0.00801	0.00584	0.00753	0.00711	0.00849	0.00536	0.00533	0.01063	0.01599	0.02247	0.71613	0.04350	0.09841	0.01187	0.00675	0.00181	0.00271	0.01045	0.00623	0.00536
9	0.01249	0.01073	0.01214	0.00931	0.01390	0.00937	0.00738	0.01862	0.20736	0.02003	0.01363	0.01436	0.01084	0.00517	0.00465	0.00114	0.00431	0.00420	0.00403	0.61635
10	0.00726	0.00589	0.00687	0.00683	0.00846	0.00550	0.00519	0.00899	0.01233	0.01561	0.11536	0.04525	0.49489	0.02171	0.20976	0.00383	0.00616	0.01034	0.00482	0.00496
11	0.01707	0.01370	0.01453	0.01221	0.01596	0.01555	0.00974	0.30019	0.47854	0.02851	0.01967	0.01847	0.01454	0.00742	0.00578	0.00186	0.00519	0.00597	0.00578	0.00931
12	0.00886	0.00751	0.00785	0.00747	0.00969	0.00736	0.00569	0.01430	0.20852	0.01839	0.11479	0.04500	0.49842	0.01245	0.00651	0.00192	0.00331	0.01043	0.00554	0.00600
13	0.01330	0.00899	0.00937	0.00804	0.01061	0.00930	0.00636	0.25368	0.01720	0.02464	0.02739	0.02771	0.20990	0.00879	0.00530	0.00162	0.00393	0.00705	0.34017	0.00665
14	0.01231	0.01036	0.01127	0.01067	0.01314	0.01170	0.00807	0.02448	0.55723	0.02147	0.02546	0.22549	0.02283	0.01044	0.00621	0.00204	0.00421	0.00905	0.00569	0.00789
15	0.01800	0.01299	0.01396	0.01106	0.01493	0.01383	0.00902	0.51163	0.02267	0.06985	0.02587	0.02494	0.20814	0.00889	0.00600	0.00178	0.00532	0.00701	0.00569	0.00844
16	0.01170	0.10606	0.49286	0.21845	0.02755	0.01412	0.01855	0.01709	0.01186	0.01670	0.00999	0.01261	0.00736	0.00545	0.00532	0.00177	0.00799	0.00433	0.00245	0.00778
17	0.01345	0.51475	0.04328	0.00973	0.01349	0.01728	0.00900	0.06654	0.01255	0.01550	0.01465	0.21694	0.01555	0.00849	0.00482	0.00156	0.00546	0.00672	0.00343	0.00683
18	0.01500	0.01505	0.01335	0.01042	0.01491	0.21096	0.00817	0.06303	0.01396	0.01852	0.01004	0.01157	0.00826	0.00484	0.00457	0.00107	0.00597	0.00358	0.00342	0.56330
19	0.23569	0.06564	0.01515	0.01324	0.07676	0.18982	0.00977	0.14390	0.10422	0.07602	0.01225	0.01285	0.00929	0.00608	0.00490	0.00167	0.00644	0.00434	0.00417	0.00780

[dist]
# distance from previous block
# <min> <max>
0	1

[block]
# block no. 2 follows, 41 sequences, length 14
# corresponding to MSA columns:
# 599-612
name=unknown_C
#
# <colnr> <probs for GDERKNQSTAVLIFYWHMCP>
#	G	D	E	R	K	N	Q	S	T	A	V	L	I	F	Y	W	H	M	C	P
0	0.02292	0.01346	0.01388	0.01128	0.01525	0.14556	0.00904	0.07315	0.10366	0.48305	0.03569	0.01820	0.01392	0.00704	0.00567	0.00173	0.00584	0.00553	0.00609	0.00901
1	0.01378	0.01265	0.02086	0.03093	0.65070	0.01273	0.01574	0.01763	0.04361	0.01919	0.01213	0.01523	0.01001	0.00538	0.00549	0.00167	0.00626	0.00518	0.09219	0.00866
2	0.00915	0.00806	0.04079	0.00941	0.01087	0.00778	0.00752	0.01239	0.09041	0.02977	0.06177	0.32845	0.15881	0.01414	0.00823	0.00222	0.08846	0.10106	0.00501	0.00568
3	0.01239	0.01177	0.02037	0.12731	0.47361	0.01196	0.07595	0.01554	0.01249	0.01740	0.01443	0.15272	0.01394	0.00743	0.00605	0.00186	0.00653	0.00721	0.00324	0.00781
4	0.00718	0.00558	0.00653	0.00679	0.00811	0.00493	0.00490	0.00884	0.01329	0.01722	0.23948	0.26270	0.36455	0.01471	0.00691	0.00201	0.00296	0.01280	0.00558	0.00493
5	0.00721	0.00508	0.00657	0.00766	0.00793	0.00481	0.00498	0.00803	0.01048	0.01398	0.02913	0.66105	0.03481	0.15623	0.01116	0.00289	0.00371	0.01485	0.00498	0.00444
6	0.00838	0.00604	0.00846	0.00955	0.01053	0.00612	0.00772	0.01043	0.01182	0.01571	0.02799	0.26895	0.03105	0.02121	0.14380	0.00370	0.00648	0.39209	0.00489	0.00506
7	0.01446	0.59356	0.09377	0.01129	0.01564	0.02089	0.01128	0.01662	0.01116	0.01393	0.00808	0.01003	0.00736	0.00585	0.00650	0.00150	0.14487	0.00351	0.00245	0.00725
8	0.10136	0.01142	0.01832	0.12480	0.42467	0.01184	0.04298	0.01542	0.01211	0.01817	0.01409	0.15214	0.01364	0.00746	0.00577	0.00185	0.00615	0.00692	0.00331	0.00756
9	0.01389	0.01144	0.01365	0.01058	0.01507	0.01069	0.04339	0.06722	0.24253	0.05278	0.01504	0.01541	0.01158	0.00564	0.00501	0.00133	0.00475	0.00472	0.00442	0.45086
10	0.01170	0.10852	0.50474	0.01364	0.02019	0.06313	0.01627	0.01657	0.01247	0.01687	0.01836	0.01926	0.14074	0.00701	0.00546	0.00175	0.00734	0.00545	0.00297	0.00757
11	0.01132	0.00754	0.00966	0.01003	0.01177	0.00767	0.00808	0.01594	0.14771	0.09855	0.02850	0.24246	0.02936	0.01395	0.00713	0.00233	0.00458	0.33157	0.00557	0.00628
12	0.01804	0.01981	0.06476	0.01341	0.01703	0.31770	0.01099	0.15790	0.24090	0.02151	0.01524	0.01700	0.01208	0.00708	0.00561	0.00174	0.00745	0.03935	0.00441	0.00799
13	0.00768	0.00571	0.00715	0.00705	0.00836	0.00518	0.00519	0.00990	0.01483	0.02031	0.52218	0.15774	0.18132	0.01314	0.00683	0.00190	0.00283	0.01155	0.00597	0.00518

[dist]
# distance from previous block
# <min> <max>
6	8

[block]
# block no. 3 follows, 41 sequences, length 49
# corresponding to MSA columns:
# 622-670
name=unknown_D
#
# <colnr> <probs for GDERKNQSTAVLIFYWHMCP>
#	G	D	E	R	K	N	Q	S	T	A	V	L	I	F	Y	W	H	M	C	P
0	0.01326	0.01493	0.03207	0.02307	0.02842	0.01422	0.68692	0.01776	0.01312	0.01787	0.01169	0.01621	0.00912	0.03684	0.00807	0.00209	0.03720	0.00675	0.00290	0.00749
1	0.00994	0.00497	0.00745	0.00745	0.00745	0.00497	0.00497	0.00745	0.00745	0.00994	0.00994	0.01739	0.00994	0.01987	0.02235	0.83358	0.00497	0.00497	0.00248	0.00248
2	0.00788	0.00582	0.00737	0.00710	0.00849	0.00531	0.00533	0.01033	0.01545	0.02137	0.61075	0.07522	0.15667	0.01245	0.00680	0.00186	0.00281	0.02763	0.00609	0.00528
3	0.01387	0.01325	0.02255	0.03402	0.73303	0.01323	0.01706	0.01717	0.01294	0.01852	0.01159	0.04547	0.01021	0.00561	0.00573	0.00172	0.00666	0.00554	0.00293	0.00888
4	0.00702	0.00516	0.00658	0.00758	0.00823	0.00473	0.00517	0.00821	0.01165	0.01534	0.08879	0.62847	0.14819	0.01695	0.00718	0.00223	0.00321	0.01520	0.00538	0.00473
5	0.02137	0.02726	0.01621	0.01474	0.01768	0.77602	0.01105	0.02284	0.01621	0.01400	0.00884	0.01031	0.00737	0.00589	0.00516	0.00147	0.01031	0.00368	0.00295	0.00663
6	0.00814	0.00616	0.00790	0.00826	0.00963	0.00540	0.00590	0.00957	0.01130	0.01561	0.02706	0.58129	0.03146	0.01496	0.00672	0.00204	0.00365	0.06542	0.00491	0.17464
7	0.83938	0.01106	0.00841	0.00752	0.01106	0.01283	0.00619	0.01681	0.00973	0.02566	0.00796	0.00929	0.00619	0.00531	0.00354	0.00177	0.00442	0.00310	0.00354	0.00619
8	0.01423	0.01229	0.01293	0.01164	0.01487	0.01423	0.00905	0.03039	0.75297	0.02393	0.02328	0.02134	0.01746	0.00776	0.00582	0.00194	0.00453	0.00647	0.00582	0.00905
9	0.00810	0.00585	0.00765	0.00720	0.00855	0.00540	0.00540	0.01079	0.01619	0.02294	0.76028	0.04273	0.05397	0.01169	0.00675	0.00180	0.00270	0.01034	0.00630	0.00540
10	0.83938	0.01106	0.00841	0.00752	0.01106	0.01283	0.00619	0.01681	0.00973	0.02566	0.00796	0.00929	0.00619	0.00531	0.00354	0.00177	0.00442	0.00310	0.00354	0.00619
11	0.00832	0.00555	0.00624	0.00624	0.00624	0.00555	0.00347	0.00832	0.00832	0.01109	0.01802	0.03743	0.02080	0.79898	0.02911	0.00555	0.00555	0.00832	0.00347	0.00347
12	0.00818	0.00611	0.00911	0.00911	0.01010	0.00710	0.00704	0.01016	0.00917	0.01322	0.01540	0.02290	0.01448	0.06445	0.75501	0.00909	0.01504	0.00619	0.00308	0.00506
13	0.01080	0.01017	0.01716	0.78523	0.03940	0.01271	0.01589	0.01461	0.01144	0.01461	0.01017	0.01525	0.00762	0.00572	0.00572	0.00191	0.00762	0.00508	0.00254	0.00635
14	0.01289	0.01109	0.01167	0.01066	0.01360	0.01253	0.00824	0.02638	0.61943	0.02237	0.02863	0.05276	0.12682	0.00909	0.00601	0.00195	0.00425	0.00762	0.00573	0.00829
15	0.01347	0.01534	0.03326	0.02383	0.02945	0.01456	0.72054	0.01818	0.01336	0.01818	0.01145	0.01534	0.00864	0.00498	0.00711	0.00195	0.03311	0.00670	0.00288	0.00767
16	0.00817	0.00613	0.00919	0.00919	0.01021	0.00715	0.00715	0.01021	0.00919	0.01328	0.01532	0.02247	0.01430	0.04290	0.77631	0.00919	0.01532	0.00613	0.00306	0.00511
17	0.02174	0.01602	0.01717	0.01316	0.01774	0.01774	0.01087	0.74423	0.02689	0.03605	0.01373	0.01373	0.00973	0.00687	0.00572	0.00172	0.00629	0.00515	0.00572	0.00973
18	0.02078	0.01448	0.01591	0.01230	0.01678	0.01552	0.01010	0.53838	0.08812	0.12145	0.01535	0.01494	0.01084	0.00676	0.00562	0.00167	0.00581	0.00520	0.00571	0.07428
19	0.02365	0.04995	0.01458	0.01066	0.01504	0.03339	0.00882	0.11044	0.05015	0.56730	0.02008	0.01788	0.01309	0.00686	0.00559	0.00171	0.00522	0.00545	0.00641	0.03372
20	0.00922	0.00658	0.00922	0.01053	0.01185	0.00658	0.00922	0.01185	0.01317	0.01712	0.03029	0.06452	0.03292	0.01580	0.00790	0.00263	0.00527	0.72480	0.00527	0.00527
21	0.00697	0.00498	0.00664	0.00796	0.00830	0.00465	0.00531	0.00796	0.01095	0.01460	0.03153	0.79525	0.03783	0.01792	0.00730	0.00232	0.00332	0.01626	0.00531	0.00465
22	0.01147	0.02959	0.76934	0.01630	0.02476	0.01328	0.02113	0.01811	0.01208	0.01811	0.01026	0.01208	0.00725	0.00543	0.00543	0.00181	0.00845	0.00423	0.00242	0.00845
23	0.02172	0.01684	0.01710	0.01328	0.01773	0.07317	0.01088	0.69149	0.02611	0.03444	0.01338	0.01348	0.00955	0.00680	0.00568	0.00170	0.00659	0.00504	0.00552	0.00950
24	0.00697	0.00498	0.00664	0.00796	0.00830	0.00465	0.00531	0.00796	0.01095	0.01460	0.03153	0.79525	0.03783	0.01792	0.00730	0.00232	0.00332	0.01626	0.00531	0.00465
25	0.00696	0.00502	0.00660	0.00786	0.00827	0.00465	0.00526	0.00798	0.01105	0.01464	0.03282	0.75899	0.07326	0.01775	0.00727	0.00230	0.00330	0.01606	0.00531	0.00465
26	0.01186	0.01017	0.01186	0.00847	0.01356	0.00762	0.00678	0.01440	0.01186	0.01864	0.01017	0.01186	0.00847	0.00424	0.00424	0.00085	0.00424	0.00339	0.00339	0.83395
27	0.77518	0.01096	0.00879	0.00773	0.01134	0.01248	0.00637	0.01769	0.01026	0.08418	0.00912	0.01009	0.00682	0.00545	0.00371	0.00177	0.00446	0.00331	0.00382	0.00647
28	0.00684	0.00580	0.00591	0.00588	0.00778	0.00486	0.00441	0.00837	0.01324	0.01592	0.10229	0.05427	0.71633	0.01431	0.00676	0.00192	0.00288	0.01196	0.00537	0.00486
29	0.01097	0.01033	0.01745	0.74848	0.07486	0.01275	0.01597	0.01476	0.01152	0.01481	0.01020	0.01520	0.00770	0.00569	0.00572	0.00190	0.00758	0.00508	0.00256	0.00649
30	0.01529	0.80242	0.02997	0.00979	0.01468	0.02263	0.00979	0.01713	0.01162	0.01346	0.00795	0.00918	0.00734	0.00489	0.00367	0.00122	0.00612	0.00306	0.00245	0.00734
31	0.00714	0.00516	0.00682	0.00798	0.00848	0.00475	0.00536	0.00819	0.01098	0.01474	0.03078	0.76773	0.03680	0.01744	0.00719	0.00227	0.00335	0.01581	0.00524	0.03378
32	0.02090	0.01557	0.01670	0.01290	0.01740	0.01715	0.01061	0.67182	0.07393	0.03464	0.01423	0.01417	0.01019	0.00683	0.00568	0.00170	0.00611	0.00517	0.00565	0.03864
33	0.00697	0.00498	0.00664	0.00796	0.00830	0.00465	0.00531	0.00796	0.01095	0.01460	0.03153	0.79525	0.03783	0.01792	0.00730	0.00232	0.00332	0.01626	0.00531	0.00465
34	0.01167	0.01023	0.01320	0.00964	0.01447	0.00796	0.06318	0.01429	0.01193	0.01835	0.01166	0.06304	0.01040	0.00517	0.00463	0.00103	0.00459	0.00448	0.00348	0.71661
35	0.01186	0.01017	0.01186	0.00847	0.01356	0.00762	0.00678	0.01440	0.01186	0.01864	0.01017	0.01186	0.00847	0.00424	0.00424	0.00085	0.00424	0.00339	0.00339	0.83395
36	0.00810	0.00585	0.00765	0.00720	0.00855	0.00540	0.00540	0.01079	0.01619	0.02294	0.76028	0.04273	0.05397	0.01169	0.00675	0.00180	0.00270	0.01034	0.00630	0.00540
37	0.01529	0.80242	0.02997	0.00979	0.01468	0.02263	0.00979	0.01713	0.01162	0.01346	0.00795	0.00918	0.00734	0.00489	0.00367	0.00122	0.00612	0.00306	0.00245	0.00734
38	0.01080	0.01017	0.01716	0.78523	0.03940	0.01271	0.01589	0.01461	0.01144	0.01461	0.01017	0.01525	0.00762	0.00572	0.00572	0.00191	0.00762	0.00508	0.00254	0.00635
39	0.00697	0.00498	0.00664	0.00796	0.00830	0.00465	0.00531	0.00796	0.01095	0.01460	0.03153	0.79525	0.03783	0.01792	0.00730	0.00232	0.00332	0.01626	0.00531	0.00465
40	0.77961	0.01142	0.00905	0.00793	0.01155	0.01319	0.00654	0.06999	0.01099	0.02642	0.00839	0.00962	0.00645	0.00542	0.00370	0.00177	0.00456	0.00325	0.00370	0.00645
41	0.00697	0.00498	0.00664	0.00796	0.00830	0.00465	0.00531	0.00796	0.01095	0.01460	0.03153	0.79525	0.03783	0.01792	0.00730	0.00232	0.00332	0.01626	0.00531	0.00465
42	0.01350	0.01543	0.03375	0.02411	0.02989	0.01446	0.74253	0.01832	0.01350	0.01832	0.01157	0.01543	0.00868	0.00482	0.00675	0.00193	0.00964	0.00675	0.00289	0.00771
43	0.02137	0.02726	0.01621	0.01474	0.01768	0.77602	0.01105	0.02284	0.01621	0.01400	0.00884	0.01031	0.00737	0.00589	0.00516	0.00147	0.01031	0.00368	0.00295	0.00663
44	0.01529	0.80242	0.02997	0.00979	0.01468	0.02263	0.00979	0.01713	0.01162	0.01346	0.00795	0.00918	0.00734	0.00489	0.00367	0.00122	0.00612	0.00306	0.00245	0.00734
45	0.00707	0.00502	0.00661	0.00784	0.00815	0.00471	0.00517	0.00799	0.01076	0.01434	0.03054	0.73985	0.03659	0.07502	0.00890	0.00256	0.00348	0.01568	0.00517	0.00456
46	0.00832	0.00555	0.00624	0.00624	0.00624	0.00555	0.00347	0.00832	0.00832	0.01109	0.01802	0.03743	0.02080	0.79898	0.02911	0.00555	0.00555	0.00832	0.00347	0.00347
47	0.02203	0.01556	0.01688	0.01294	0.01751	0.01706	0.01069	0.69186	0.02612	0.08951	0.01438	0.01415	0.01005	0.00688	0.00572	0.00172	0.00619	0.00519	0.00582	0.00973
48	0.00697	0.00498	0.00664	0.00796	0.00830	0.00465	0.00531	0.00796	0.01095	0.01460	0.03153	0.79525	0.03783	0.01792	0.00730	0.00232	0.00332	0.01626	0.00531	0.00465

[dist]
# distance from previous block
# <min> <max>
8	150

[block]
# block no. 4 follows, 41 sequences, length 34
# corresponding to MSA columns:
# 821-854
name=unknown_E
#
# <colnr> <probs for GDERKNQSTAVLIFYWHMCP>
#	G	D	E	R	K	N	Q	S	T	A	V	L	I	F	Y	W	H	M	C	P
0	0.01147	0.02959	0.76934	0.01630	0.02476	0.01328	0.02113	0.01811	0.01208	0.01811	0.01026	0.01208	0.00725	0.00543	0.00543	0.00181	0.00845	0.00423	0.00242	0.00845
1	0.01147	0.02959	0.76934	0.01630	0.02476	0.01328	0.02113	0.01811	0.01208	0.01811	0.01026	0.01208	0.00725	0.00543	0.00543	0.00181	0.00845	0.00423	0.00242	0.00845
2	0.01439	0.01374	0.02334	0.03517	0.76059	0.01371	0.01762	0.01771	0.01317	0.01890	0.01100	0.01448	0.00929	0.00526	0.00576	0.00174	0.00687	0.00517	0.00292	0.00917
3	0.02157	0.02736	0.01636	0.01488	0.01784	0.77320	0.01114	0.02297	0.01634	0.01423	0.00909	0.01066	0.00760	0.00605	0.00526	0.00152	0.01038	0.00377	0.00303	0.00675
4	0.01105	0.01033	0.01730	0.78241	0.03947	0.01283	0.01595	0.01478	0.01159	0.01484	0.01041	0.01557	0.00786	0.00588	0.00582	0.00195	0.00770	0.00516	0.00263	0.00648
5	0.00702	0.00598	0.00598	0.00597	0.00792	0.00498	0.00446	0.00840	0.01318	0.01568	0.05800	0.05522	0.75831	0.01461	0.00686	0.00197	0.00299	0.01212	0.00539	0.00496
6	0.01171	0.02968	0.76659	0.01644	0.02488	0.01340	0.02118	0.01827	0.01223	0.01833	0.01051	0.01241	0.00748	0.00560	0.00554	0.00186	0.00852	0.00431	0.00250	0.00857
7	0.01105	0.01033	0.01730	0.78241	0.03947	0.01283	0.01595	0.01478	0.01159	0.01484	0.01041	0.01557	0.00786	0.00588	0.00582	0.00195	0.00770	0.00516	0.00263	0.00648
8	0.00835	0.00603	0.00783	0.00737	0.00874	0.00555	0.00551	0.01097	0.01632	0.02313	0.75764	0.04294	0.05402	0.01183	0.00684	0.00184	0.00279	0.01040	0.00637	0.00553
9	0.00723	0.00517	0.00682	0.00813	0.00849	0.00480	0.00542	0.00815	0.01110	0.01483	0.03169	0.79257	0.03795	0.01803	0.00740	0.00236	0.00341	0.01629	0.00538	0.00478
10	0.83644	0.01123	0.00858	0.00769	0.01124	0.01295	0.00630	0.01697	0.00989	0.02585	0.00821	0.00964	0.00643	0.00547	0.00365	0.00181	0.00451	0.00318	0.00362	0.00632
11	0.02585	0.00990	0.01343	0.01034	0.01477	0.00855	0.00851	0.02799	0.01650	0.76460	0.02276	0.01977	0.01437	0.00723	0.00585	0.00181	0.00495	0.00583	0.00715	0.00985
12	0.01198	0.01025	0.01075	0.00993	0.01268	0.01120	0.00762	0.02309	0.50345	0.02126	0.03395	0.06317	0.23599	0.01030	0.00626	0.00200	0.00408	0.00858	0.00572	0.00775
13	0.01283	0.00898	0.01061	0.00970	0.01198	0.00884	0.00725	0.20485	0.01575	0.06629	0.02395	0.44780	0.02566	0.01286	0.00653	0.00200	0.00439	0.01122	0.00538	0.10313
14	0.01769	0.01287	0.05985	0.01196	0.01583	0.01205	0.04248	0.31843	0.01896	0.16535	0.01928	0.19819	0.01710	0.00933	0.00615	0.00188	0.00557	0.00786	0.00550	0.05367
15	0.01293	0.01109	0.01374	0.00993	0.01502	0.00893	0.05148	0.06904	0.01323	0.02013	0.01076	0.01255	0.00881	0.00463	0.00461	0.00102	0.00480	0.00380	0.00361	0.71989
16	0.01341	0.37256	0.43856	0.01355	0.02041	0.01755	0.01615	0.01783	0.01202	0.01626	0.00948	0.01112	0.00752	0.00536	0.00475	0.00159	0.00749	0.00379	0.00251	0.00808
17	0.00723	0.00517	0.00682	0.00813	0.00849	0.00480	0.00542	0.00815	0.01110	0.01483	0.03169	0.79257	0.03795	0.01803	0.00740	0.00236	0.00341	0.01629	0.00538	0.00478
18	0.00702	0.00598	0.00598	0.00597	0.00792	0.00498	0.00446	0.00840	0.01318	0.01568	0.05800	0.05522	0.75831	0.01461	0.00686	0.00197	0.00299	0.01212	0.00539	0.00496
19	0.01345	0.01495	0.03185	0.02408	0.07309	0.01404	0.65968	0.01791	0.01349	0.01837	0.01275	0.05426	0.01037	0.00565	0.00681	0.00198	0.00922	0.00719	0.00309	0.00776
20	0.01412	0.01347	0.02285	0.09514	0.70272	0.01364	0.01748	0.01747	0.01304	0.01857	0.01095	0.01457	0.00917	0.00531	0.00577	0.00176	0.00694	0.00517	0.00289	0.00896
21	0.00835	0.00603	0.00783	0.00737	0.00874	0.00555	0.00551	0.01097	0.01632	0.02313	0.75764	0.04294	0.05402	0.01183	0.00684	0.00184	0.00279	0.01040	0.00637	0.00553
22	0.00723	0.00517	0.00682	0.00813	0.00849	0.00480	0.00542	0.00815	0.01110	0.01483	0.03169	0.79257	0.03795	0.01803	0.00740	0.00236	0.00341	0.01629	0.00538	0.00478
23	0.01645	0.01349	0.01351	0.01184	0.01524	0.07347	0.00925	0.09047	0.53854	0.09130	0.02262	0.02108	0.04086	0.00785	0.00589	0.00191	0.00519	0.00633	0.00576	0.00896
24	0.00853	0.00571	0.00644	0.00647	0.00651	0.00567	0.00364	0.00850	0.00857	0.01145	0.01868	0.06276	0.02154	0.77023	0.02840	0.00547	0.00555	0.00864	0.00361	0.00364
25	0.02526	0.01085	0.01402	0.01079	0.01524	0.00995	0.00888	0.13588	0.01809	0.65447	0.02143	0.01891	0.01370	0.00720	0.00585	0.00181	0.00516	0.00574	0.00694	0.00984
26	0.00723	0.00517	0.00682	0.00813	0.00849	0.00480	0.00542	0.00815	0.01110	0.01483	0.03169	0.79257	0.03795	0.01803	0.00740	0.00236	0.00341	0.01629	0.00538	0.00478
27	0.02195	0.01617	0.01731	0.01331	0.01789	0.01784	0.01096	0.74159	0.02699	0.03620	0.01396	0.01406	0.00995	0.00702	0.00582	0.00176	0.00637	0.00523	0.00579	0.00984
28	0.01365	0.08610	0.62896	0.01652	0.02406	0.01447	0.01975	0.01883	0.01341	0.01954	0.01379	0.01899	0.01135	0.00762	0.00639	0.00221	0.00861	0.06325	0.00338	0.00912
29	0.01493	0.14118	0.57763	0.01628	0.02383	0.01603	0.01909	0.07814	0.01449	0.02075	0.01229	0.01467	0.00947	0.00686	0.00609	0.00210	0.00853	0.00482	0.00342	0.00940
30	0.01171	0.00775	0.00965	0.00891	0.01067	0.00694	0.00659	0.01372	0.01735	0.08498	0.67772	0.04270	0.05121	0.01250	0.00751	0.00217	0.00365	0.01045	0.00697	0.00685
31	0.01411	0.01157	0.01807	0.69811	0.03800	0.01341	0.01588	0.01711	0.01314	0.07761	0.01325	0.01836	0.01015	0.00721	0.00660	0.00227	0.00802	0.00579	0.00364	0.00770
32	0.01392	0.01161	0.01327	0.00990	0.01503	0.00885	0.00768	0.01583	0.01315	0.02048	0.01225	0.01474	0.01044	0.00566	0.00516	0.00126	0.00496	0.00410	0.00409	0.80762
33	0.01498	0.01585	0.03224	0.02371	0.02907	0.01467	0.65930	0.01878	0.01453	0.01987	0.01522	0.08142	0.01301	0.00729	0.00764	0.00233	0.00968	0.00812	0.00381	0.00849

[dist]
# distance from previous block
# <min> <max>
6	150

# created by:
# /software/SequenceAnalysis/GenePrediction/augustus/3.0.1/scripts/msa2prfl.pl ./fixed/BUSCOvEOG7P5MPG.fas
