[name]
unknown

[dist]
# distance from previous block
# <min> <max>
0	160

[block]
# block no. 0 follows, 39 sequences, length 34
# corresponding to MSA columns:
# 166-199
name=unknown_A
#
# <colnr> <probs for GDERKNQSTAVLIFYWHMCP>
#	G	D	E	R	K	N	Q	S	T	A	V	L	I	F	Y	W	H	M	C	P
0	0.00953	0.00681	0.00953	0.01089	0.01225	0.00681	0.00953	0.01225	0.01361	0.01770	0.03131	0.06671	0.03403	0.01634	0.00817	0.00272	0.00545	0.71547	0.00545	0.00545
1	0.00837	0.00604	0.00790	0.00744	0.00883	0.00558	0.00558	0.01116	0.01674	0.02371	0.75216	0.04417	0.05580	0.01209	0.00697	0.00186	0.00279	0.01069	0.00651	0.00558
2	0.01395	0.01307	0.07442	0.00992	0.01529	0.04875	0.00861	0.01684	0.01291	0.08106	0.01152	0.01286	0.00909	0.00482	0.00466	0.00107	0.00513	0.00380	0.00372	0.64854
3	0.02437	0.01108	0.01737	0.01300	0.01782	0.00977	0.13366	0.02712	0.01641	0.63176	0.02137	0.01941	0.01366	0.00692	0.00612	0.00186	0.00588	0.00612	0.00657	0.00970
4	0.79541	0.01156	0.00941	0.00912	0.04642	0.01330	0.00696	0.01742	0.01022	0.02619	0.00837	0.00984	0.00654	0.00548	0.00376	0.00183	0.00469	0.00330	0.00363	0.00654
5	0.01183	0.01092	0.01885	0.48943	0.12302	0.01273	0.07788	0.01490	0.01158	0.01535	0.01054	0.01575	0.00844	0.00771	0.00874	0.09906	0.04863	0.00539	0.00269	0.00656
6	0.83394	0.01144	0.00869	0.00778	0.01144	0.01327	0.00640	0.01738	0.01006	0.02653	0.00823	0.00961	0.00640	0.00549	0.00366	0.00183	0.00457	0.00320	0.00366	0.00640
7	0.00728	0.00518	0.00684	0.00814	0.00846	0.00485	0.00539	0.00825	0.01118	0.01490	0.03185	0.74857	0.03818	0.05953	0.00874	0.00258	0.00355	0.01638	0.00539	0.00474
8	0.00699	0.00599	0.00599	0.00599	0.00799	0.00499	0.00449	0.00849	0.01348	0.01598	0.05991	0.05691	0.75288	0.01498	0.00699	0.00200	0.00300	0.01248	0.00549	0.00499
9	0.00925	0.00630	0.00833	0.00797	0.00949	0.00585	0.00617	0.01201	0.01638	0.05300	0.63772	0.04584	0.05156	0.01239	0.00707	0.00196	0.00319	0.09333	0.00642	0.00575
10	0.00894	0.00682	0.00832	0.00788	0.00958	0.00657	0.00600	0.01313	0.09839	0.02257	0.55062	0.04420	0.14517	0.01217	0.00691	0.00193	0.00313	0.03547	0.00628	0.00592
11	0.00713	0.00600	0.00618	0.00614	0.00807	0.00505	0.00460	0.00875	0.01380	0.01675	0.12893	0.05564	0.68338	0.01469	0.00699	0.00198	0.00297	0.01230	0.00559	0.00505
12	0.02248	0.01656	0.01775	0.01361	0.01834	0.01834	0.01124	0.73556	0.02780	0.03727	0.01420	0.01420	0.01006	0.00710	0.00592	0.00177	0.00651	0.00532	0.00592	0.01006
13	0.02248	0.01656	0.01775	0.01361	0.01834	0.01834	0.01124	0.73556	0.02780	0.03727	0.01420	0.01420	0.01006	0.00710	0.00592	0.00177	0.00651	0.00532	0.00592	0.01006
14	0.00990	0.00771	0.00878	0.00772	0.01059	0.00646	0.00599	0.01216	0.02969	0.04630	0.05421	0.05491	0.33557	0.06223	0.00778	0.00197	0.00395	0.07658	0.00487	0.25264
15	0.73724	0.01133	0.00976	0.09830	0.01488	0.01325	0.00758	0.01712	0.01027	0.02519	0.00850	0.01033	0.00658	0.00554	0.00392	0.00185	0.00496	0.00344	0.00354	0.00642
16	0.65090	0.01423	0.09814	0.00946	0.01384	0.01386	0.00873	0.09403	0.01224	0.02676	0.00915	0.01043	0.00692	0.00568	0.00413	0.00183	0.00527	0.00357	0.00376	0.00707
17	0.00742	0.00531	0.00708	0.00823	0.00874	0.00496	0.00564	0.00872	0.01204	0.01620	0.11712	0.67556	0.04090	0.01769	0.00750	0.00235	0.00343	0.04058	0.00561	0.00492
18	0.01337	0.01448	0.02918	0.16803	0.08134	0.01487	0.47504	0.01768	0.01302	0.01776	0.01121	0.01552	0.00867	0.00572	0.00795	0.00203	0.08723	0.00635	0.00288	0.00765
19	0.00871	0.00673	0.01001	0.00986	0.01085	0.00802	0.00772	0.01078	0.00948	0.01376	0.01536	0.02263	0.01437	0.04235	0.72457	0.00910	0.06095	0.00627	0.00313	0.00535
20	0.00874	0.00593	0.00786	0.00870	0.00953	0.00568	0.00645	0.01034	0.01240	0.03889	0.11474	0.38480	0.03668	0.11648	0.01051	0.00284	0.00425	0.20470	0.00541	0.00507
21	0.00921	0.00588	0.00670	0.00659	0.00674	0.00583	0.00376	0.00928	0.00888	0.03670	0.01879	0.03807	0.02127	0.76569	0.02929	0.00560	0.00571	0.00851	0.00371	0.00380
22	0.04643	0.05869	0.01712	0.01476	0.01795	0.69689	0.01122	0.04054	0.01663	0.01537	0.00920	0.01067	0.00764	0.00606	0.00523	0.00153	0.01020	0.00380	0.00311	0.00695
23	0.01069	0.00671	0.00874	0.00793	0.00976	0.00621	0.00605	0.01381	0.03752	0.11021	0.64573	0.04072	0.04989	0.01141	0.00683	0.00186	0.00311	0.01002	0.00659	0.00621
24	0.02185	0.01600	0.01779	0.01436	0.01963	0.01309	0.01069	0.07703	0.01849	0.10602	0.01951	0.02344	0.01645	0.00995	0.00793	0.00250	0.00718	0.00642	0.00658	0.58509
25	0.00875	0.00624	0.00903	0.00903	0.01013	0.00717	0.00701	0.01094	0.00984	0.01471	0.01625	0.02309	0.01483	0.03995	0.67887	0.00855	0.01430	0.00624	0.09976	0.00531
26	0.83394	0.01144	0.00869	0.00778	0.01144	0.01327	0.00640	0.01738	0.01006	0.02653	0.00823	0.00961	0.00640	0.00549	0.00366	0.00183	0.00457	0.00320	0.00366	0.00640
27	0.00905	0.00683	0.00846	0.00791	0.00956	0.00663	0.00597	0.01342	0.10213	0.02347	0.63403	0.04218	0.08414	0.01175	0.00686	0.00188	0.00302	0.01031	0.00640	0.00600
28	0.83394	0.01144	0.00869	0.00778	0.01144	0.01327	0.00640	0.01738	0.01006	0.02653	0.00823	0.00961	0.00640	0.00549	0.00366	0.00183	0.00457	0.00320	0.00366	0.00640
29	0.01464	0.01405	0.02400	0.03630	0.75528	0.01405	0.01815	0.01815	0.01347	0.01932	0.01112	0.01464	0.00937	0.00527	0.00585	0.00176	0.00703	0.00527	0.00293	0.00937
30	0.02514	0.01037	0.01368	0.01070	0.01513	0.00940	0.00877	0.02913	0.10245	0.67303	0.02342	0.02036	0.01504	0.00740	0.00596	0.00185	0.00499	0.00603	0.00717	0.00998
31	0.02653	0.01006	0.01372	0.01052	0.01510	0.00869	0.00869	0.02882	0.01693	0.75937	0.02333	0.02013	0.01464	0.00732	0.00595	0.00183	0.00503	0.00595	0.00732	0.01006
32	0.01102	0.00551	0.00551	0.00551	0.00689	0.00551	0.00413	0.01378	0.01240	0.02205	0.01929	0.02205	0.01516	0.00689	0.00413	0.00138	0.00276	0.00551	0.82500	0.00551
33	0.01581	0.79572	0.03099	0.01012	0.01518	0.02340	0.01012	0.01771	0.01202	0.01391	0.00822	0.00949	0.00759	0.00506	0.00379	0.00126	0.00632	0.00316	0.00253	0.00759

[dist]
# distance from previous block
# <min> <max>
0	177

# created by:
# /software/SequenceAnalysis/GenePrediction/augustus/3.0.1/scripts/msa2prfl.pl ./fixed/BUSCOvEOG7S4QWM.fas
