[name]
unknown

[dist]
# distance from previous block
# <min> <max>
2	81

[block]
# block no. 0 follows, 40 sequences, length 13
# corresponding to MSA columns:
# 95-107
name=unknown_A
#
# <colnr> <probs for GDERKNQSTAVLIFYWHMCP>
#	G	D	E	R	K	N	Q	S	T	A	V	L	I	F	Y	W	H	M	C	P
0	0.02279	0.02282	0.01779	0.01554	0.01921	0.38841	0.01180	0.22972	0.15445	0.02504	0.01585	0.01735	0.01267	0.00841	0.00670	0.00216	0.00894	0.00560	0.00527	0.00947
1	0.01117	0.00829	0.01130	0.01118	0.01245	0.00889	0.00843	0.01242	0.01114	0.01613	0.01807	0.02615	0.01686	0.04378	0.74046	0.00951	0.01604	0.00704	0.00405	0.00665
2	0.60082	0.01288	0.01118	0.00995	0.01349	0.01394	0.00777	0.09918	0.01406	0.02881	0.03513	0.01614	0.01174	0.00774	0.00523	0.00224	0.00541	0.00479	0.09151	0.00799
3	0.01307	0.00855	0.00950	0.00893	0.01130	0.00727	0.00657	0.01398	0.01563	0.13995	0.12967	0.10746	0.47288	0.01488	0.00784	0.00244	0.00429	0.01192	0.00664	0.00723
4	0.01825	0.01317	0.01466	0.01231	0.01652	0.01268	0.00945	0.02655	0.36599	0.14871	0.02153	0.02172	0.01652	0.00837	0.00654	0.00208	0.00551	0.00627	0.00617	0.26700
5	0.01439	0.01382	0.02360	0.03569	0.75936	0.01382	0.01785	0.01785	0.01324	0.01900	0.01094	0.01439	0.00921	0.00518	0.00576	0.00173	0.00691	0.00518	0.00288	0.00921
6	0.03106	0.00902	0.01035	0.00925	0.01163	0.00940	0.00713	0.09300	0.20984	0.02437	0.39321	0.07583	0.03626	0.01020	0.00635	0.00185	0.00376	0.00879	0.00596	0.04273
7	0.01360	0.19089	0.52774	0.01501	0.02222	0.10041	0.01792	0.01874	0.01265	0.01696	0.00978	0.01146	0.00740	0.00546	0.00512	0.00168	0.00831	0.00399	0.00252	0.00815
8	0.44980	0.05332	0.28891	0.01146	0.01693	0.05766	0.01234	0.01795	0.01124	0.02204	0.00901	0.01055	0.00681	0.00546	0.00441	0.00177	0.00643	0.00360	0.00309	0.00722
9	0.01566	0.25639	0.03153	0.01910	0.02458	0.01785	0.43258	0.09441	0.01488	0.01946	0.01137	0.01424	0.00900	0.00549	0.00600	0.00181	0.00848	0.00569	0.00328	0.00820
10	0.01635	0.01220	0.01381	0.01063	0.01532	0.01132	0.00850	0.16415	0.14003	0.09651	0.01505	0.01553	0.01146	0.00608	0.00526	0.00142	0.00502	0.00474	0.00488	0.44173
11	0.00772	0.00556	0.00719	0.00832	0.00884	0.00512	0.00561	0.00873	0.01195	0.01602	0.08935	0.70163	0.06599	0.01784	0.00756	0.00240	0.00350	0.01598	0.00563	0.00507
12	0.01306	0.01283	0.01808	0.08828	0.01797	0.01757	0.01322	0.01443	0.00951	0.01457	0.00843	0.01370	0.00814	0.01007	0.01793	0.00257	0.70500	0.00526	0.00273	0.00664

[dist]
# distance from previous block
# <min> <max>
0	5

[block]
# block no. 1 follows, 40 sequences, length 9
# corresponding to MSA columns:
# 113-121
name=unknown_B
#
# <colnr> <probs for GDERKNQSTAVLIFYWHMCP>
#	G	D	E	R	K	N	Q	S	T	A	V	L	I	F	Y	W	H	M	C	P
0	0.02032	0.01074	0.01329	0.01019	0.01477	0.00958	0.00828	0.07224	0.09491	0.40971	0.01860	0.01727	0.01271	0.00638	0.00539	0.00153	0.00481	0.00516	0.00583	0.25829
1	0.00892	0.00647	0.00879	0.01000	0.01131	0.00634	0.00853	0.01133	0.01317	0.01700	0.03364	0.13105	0.10432	0.01613	0.00786	0.00258	0.00494	0.58701	0.00536	0.00525
2	0.01480	0.65026	0.17275	0.01123	0.01691	0.02117	0.01218	0.01761	0.01191	0.01460	0.00854	0.00990	0.00744	0.00508	0.00408	0.00136	0.00668	0.00334	0.00248	0.00768
3	0.05657	0.02233	0.01598	0.01389	0.01736	0.46066	0.01073	0.20316	0.10566	0.02155	0.01193	0.01264	0.00925	0.00644	0.00539	0.00163	0.00851	0.00443	0.00407	0.00780
4	0.01084	0.00542	0.00542	0.00542	0.00678	0.00542	0.00407	0.01355	0.01220	0.02168	0.01897	0.02168	0.01491	0.00678	0.00407	0.00136	0.00271	0.00542	0.82791	0.00542
5	0.01694	0.01653	0.01168	0.01056	0.01301	0.34693	0.00803	0.09977	0.01580	0.02007	0.01398	0.01585	0.01105	0.00645	0.00479	0.00146	0.00657	0.00466	0.36936	0.00651
6	0.02118	0.01911	0.01672	0.01367	0.01771	0.23102	0.01091	0.46135	0.10146	0.02899	0.01359	0.01381	0.01005	0.00680	0.00567	0.00170	0.00736	0.00496	0.00503	0.00893
7	0.00733	0.00524	0.00703	0.00838	0.00882	0.00494	0.00583	0.00852	0.01138	0.01512	0.03192	0.71354	0.03792	0.01799	0.00749	0.00240	0.00359	0.09239	0.00539	0.00479
8	0.01277	0.01028	0.01697	0.69029	0.03707	0.01240	0.01525	0.01645	0.01222	0.10352	0.01183	0.01601	0.00854	0.00598	0.00582	0.00192	0.00742	0.00525	0.00313	0.00687

[dist]
# distance from previous block
# <min> <max>
0	1

[block]
# block no. 2 follows, 40 sequences, length 10
# corresponding to MSA columns:
# 123-132
name=unknown_C
#
# <colnr> <probs for GDERKNQSTAVLIFYWHMCP>
#	G	D	E	R	K	N	Q	S	T	A	V	L	I	F	Y	W	H	M	C	P
0	0.22592	0.01503	0.01522	0.01195	0.01634	0.01679	0.00986	0.55910	0.02298	0.03401	0.01249	0.01283	0.00899	0.00658	0.00526	0.00176	0.00592	0.00471	0.00526	0.00899
1	0.21917	0.01103	0.01160	0.00874	0.01348	0.00988	0.00707	0.07170	0.01271	0.02211	0.01006	0.01155	0.00813	0.00479	0.00425	0.00116	0.00452	0.00351	0.00367	0.56087
2	0.19629	0.00998	0.01076	0.00911	0.01201	0.01051	0.00727	0.19591	0.01774	0.07790	0.35478	0.02692	0.03010	0.00890	0.00581	0.00180	0.00420	0.00725	0.00569	0.00707
3	0.01382	0.01267	0.01851	0.02389	0.41593	0.01244	0.01328	0.01980	0.16800	0.02011	0.01347	0.01535	0.01086	0.00553	0.00543	0.00156	0.00577	0.00504	0.00366	0.21487
4	0.59345	0.01179	0.01040	0.00893	0.01268	0.01333	0.00730	0.09565	0.09028	0.09136	0.01165	0.01212	0.00859	0.00598	0.00427	0.00181	0.00475	0.00397	0.00439	0.00730
5	0.18776	0.00837	0.00998	0.00966	0.01227	0.00835	0.00816	0.01689	0.01339	0.20572	0.02546	0.06284	0.05863	0.01159	0.00648	0.00223	0.00490	0.33521	0.00545	0.00665
6	0.01435	0.01214	0.01866	0.01344	0.01872	0.01037	0.20918	0.06099	0.01385	0.08490	0.01205	0.01385	0.00925	0.00489	0.00524	0.00130	0.00601	0.00471	0.00378	0.48234
7	0.01234	0.19192	0.41893	0.20656	0.02667	0.01542	0.01765	0.01731	0.01201	0.01650	0.00990	0.01245	0.00748	0.00548	0.00521	0.00174	0.00787	0.00426	0.00249	0.00781
8	0.01483	0.01448	0.02580	0.03116	0.51927	0.01437	0.19756	0.07424	0.01446	0.02028	0.01138	0.01468	0.00917	0.00525	0.00604	0.00179	0.00759	0.00561	0.00312	0.00892
9	0.35562	0.20836	0.01526	0.00929	0.01301	0.01536	0.00793	0.04619	0.16736	0.02276	0.07688	0.01513	0.01337	0.00644	0.00449	0.00170	0.00487	0.00458	0.00414	0.00726

[dist]
# distance from previous block
# <min> <max>
0	43

[block]
# block no. 3 follows, 40 sequences, length 61
# corresponding to MSA columns:
# 176-236
name=unknown_D
#
# <colnr> <probs for GDERKNQSTAVLIFYWHMCP>
#	G	D	E	R	K	N	Q	S	T	A	V	L	I	F	Y	W	H	M	C	P
0	0.01378	0.01153	0.01323	0.00980	0.01500	0.00877	0.00764	0.01582	0.01313	0.02048	0.01207	0.01446	0.01025	0.00550	0.00508	0.00120	0.00491	0.00404	0.00403	0.80927
1	0.01612	0.79189	0.03070	0.01036	0.01534	0.02322	0.01018	0.01780	0.01219	0.01427	0.00871	0.01020	0.00805	0.00539	0.00401	0.00136	0.00641	0.00332	0.00270	0.00777
2	0.00887	0.00641	0.00823	0.00775	0.00917	0.00587	0.00576	0.01142	0.01679	0.02381	0.74965	0.04398	0.05500	0.01223	0.00710	0.00194	0.00297	0.01066	0.00658	0.00581
3	0.00895	0.00669	0.00978	0.00976	0.01085	0.00763	0.00753	0.01084	0.00975	0.01409	0.01613	0.02358	0.01506	0.04365	0.76540	0.00938	0.01568	0.00641	0.00332	0.00552
4	0.00887	0.00641	0.00823	0.00775	0.00917	0.00587	0.00576	0.01142	0.01679	0.02381	0.74965	0.04398	0.05500	0.01223	0.00710	0.00194	0.00297	0.01066	0.00658	0.00581
5	0.01160	0.01076	0.01780	0.77457	0.04023	0.01323	0.01632	0.01527	0.01201	0.01543	0.01094	0.01631	0.00834	0.00622	0.00607	0.00205	0.00793	0.00536	0.00280	0.00677
6	0.01227	0.03031	0.75860	0.01692	0.02549	0.01381	0.02161	0.01879	0.01265	0.01896	0.01104	0.01312	0.00796	0.00593	0.00578	0.00195	0.00877	0.00450	0.00267	0.00889
7	0.01431	0.01606	0.03451	0.02477	0.03066	0.01500	0.73140	0.01900	0.01409	0.01917	0.01236	0.01649	0.00940	0.00531	0.00711	0.00207	0.00996	0.00704	0.00315	0.00814
8	0.00774	0.00553	0.00721	0.00852	0.00892	0.00511	0.00568	0.00858	0.01152	0.01542	0.03245	0.78511	0.03875	0.01850	0.00766	0.00247	0.00360	0.01661	0.00558	0.00505
9	0.02656	0.01032	0.01389	0.01075	0.01526	0.00890	0.00879	0.02862	0.01698	0.75669	0.02343	0.02056	0.01492	0.00759	0.00610	0.00191	0.00515	0.00603	0.00737	0.01018
10	0.00806	0.00577	0.00758	0.00889	0.00943	0.00539	0.00624	0.00914	0.01184	0.01579	0.03227	0.68133	0.03803	0.01819	0.00775	0.00251	0.00388	0.11717	0.00558	0.00514
11	0.01160	0.01076	0.01780	0.77457	0.04023	0.01323	0.01632	0.01527	0.01201	0.01543	0.01094	0.01631	0.00834	0.00622	0.00607	0.00205	0.00793	0.00536	0.00280	0.00677
12	0.01504	0.01289	0.01355	0.01222	0.01554	0.01476	0.00945	0.03116	0.74207	0.02481	0.02415	0.02245	0.01824	0.00827	0.00617	0.00208	0.00481	0.00675	0.00610	0.00949
13	0.01227	0.03031	0.75860	0.01692	0.02549	0.01381	0.02161	0.01879	0.01265	0.01896	0.01104	0.01312	0.00796	0.00593	0.00578	0.00195	0.00877	0.00450	0.00267	0.00889
14	0.00774	0.00553	0.00721	0.00852	0.00892	0.00511	0.00568	0.00858	0.01152	0.01542	0.03245	0.78511	0.03875	0.01850	0.00766	0.00247	0.00360	0.01661	0.00558	0.00505
15	0.01504	0.01289	0.01355	0.01222	0.01554	0.01476	0.00945	0.03116	0.74207	0.02481	0.02415	0.02245	0.01824	0.00827	0.00617	0.00208	0.00481	0.00675	0.00610	0.00949
16	0.01227	0.03031	0.75860	0.01692	0.02549	0.01381	0.02161	0.01879	0.01265	0.01896	0.01104	0.01312	0.00796	0.00593	0.00578	0.00195	0.00877	0.00450	0.00267	0.00889
17	0.02656	0.01032	0.01389	0.01075	0.01526	0.00890	0.00879	0.02862	0.01698	0.75669	0.02343	0.02056	0.01492	0.00759	0.00610	0.00191	0.00515	0.00603	0.00737	0.01018
18	0.01160	0.01076	0.01780	0.77457	0.04023	0.01323	0.01632	0.01527	0.01201	0.01543	0.01094	0.01631	0.00834	0.00622	0.00607	0.00205	0.00793	0.00536	0.00280	0.00677
19	0.00887	0.00641	0.00823	0.00775	0.00917	0.00587	0.00576	0.01142	0.01679	0.02381	0.74965	0.04398	0.05500	0.01223	0.00710	0.00194	0.00297	0.01066	0.00658	0.00581
20	0.01431	0.01606	0.03451	0.02477	0.03066	0.01500	0.73140	0.01900	0.01409	0.01917	0.01236	0.01649	0.00940	0.00531	0.00711	0.00207	0.00996	0.00704	0.00315	0.00814
21	0.01132	0.01093	0.00977	0.00907	0.01082	0.18122	0.00680	0.01378	0.01647	0.02124	0.58502	0.03589	0.04401	0.01054	0.00649	0.00175	0.00452	0.00896	0.00562	0.00577
22	0.01010	0.00505	0.00758	0.00758	0.00758	0.00505	0.00505	0.00758	0.00758	0.01010	0.01010	0.01768	0.01010	0.02020	0.02273	0.83081	0.00505	0.00505	0.00253	0.00253
23	0.00904	0.00671	0.00889	0.18403	0.01407	0.00731	0.00642	0.00992	0.00918	0.01210	0.01649	0.03289	0.01807	0.61462	0.02415	0.00479	0.00612	0.00770	0.00331	0.00420
24	0.01350	0.01501	0.03053	0.02239	0.02693	0.01542	0.57196	0.01757	0.01262	0.01757	0.01082	0.01501	0.00855	0.00611	0.00966	0.00209	0.18746	0.00646	0.00285	0.00750
25	0.02172	0.02772	0.01648	0.01498	0.01798	0.77228	0.01124	0.02322	0.01648	0.01423	0.00899	0.01049	0.00749	0.00599	0.00524	0.00150	0.01049	0.00375	0.00300	0.00674
26	0.01176	0.01113	0.01885	0.61070	0.20490	0.01313	0.01654	0.01554	0.01200	0.01581	0.01047	0.01525	0.00809	0.00567	0.00580	0.00189	0.00756	0.00517	0.00265	0.00709
27	0.01176	0.01113	0.01885	0.61070	0.20490	0.01313	0.01654	0.01554	0.01200	0.01581	0.01047	0.01525	0.00809	0.00567	0.00580	0.00189	0.00756	0.00517	0.00265	0.00709
28	0.02341	0.01080	0.01581	0.01616	0.18547	0.00975	0.01068	0.02594	0.01586	0.59279	0.02019	0.01856	0.01321	0.00674	0.00583	0.00178	0.00540	0.00570	0.00621	0.00974
29	0.01267	0.01200	0.01954	0.02886	0.58713	0.01178	0.01477	0.01567	0.01324	0.01824	0.02193	0.02392	0.18059	0.00737	0.00601	0.00178	0.00600	0.00681	0.00346	0.00823
30	0.01010	0.00505	0.00758	0.00758	0.00758	0.00505	0.00505	0.00758	0.00758	0.01010	0.01010	0.01768	0.01010	0.02020	0.02273	0.83081	0.00505	0.00505	0.00253	0.00253
31	0.01161	0.01156	0.02131	0.60813	0.03784	0.01333	0.18164	0.01572	0.01211	0.01572	0.01066	0.01555	0.00800	0.00560	0.00605	0.00194	0.00822	0.00556	0.00267	0.00678
32	0.01607	0.01700	0.02197	0.03095	0.58945	0.18764	0.01633	0.01908	0.01398	0.01791	0.01049	0.01350	0.00882	0.00537	0.00564	0.00167	0.00773	0.00485	0.00291	0.00865
33	0.01161	0.01156	0.02131	0.60813	0.03784	0.01333	0.18164	0.01572	0.01211	0.01572	0.01066	0.01555	0.00800	0.00560	0.00605	0.00194	0.00822	0.00556	0.00267	0.00678
34	0.01057	0.02454	0.59142	0.01413	0.02120	0.01154	0.01757	0.01611	0.01250	0.01780	0.02155	0.02229	0.17916	0.00763	0.00583	0.00187	0.00730	0.00612	0.00313	0.00775
35	0.01098	0.01034	0.01744	0.78165	0.04005	0.01292	0.01615	0.01486	0.01163	0.01486	0.01034	0.01550	0.00775	0.00581	0.00581	0.00194	0.00775	0.00517	0.00258	0.00646
36	0.00831	0.00623	0.00935	0.00935	0.01038	0.00727	0.00727	0.01038	0.00935	0.01350	0.01558	0.02285	0.01454	0.04361	0.77259	0.00935	0.01558	0.00623	0.00312	0.00519
37	0.64825	0.01184	0.01200	0.01407	0.18270	0.01322	0.00894	0.01727	0.01066	0.02447	0.00875	0.01058	0.00697	0.00535	0.00409	0.00178	0.00505	0.00361	0.00343	0.00697
38	0.01248	0.01352	0.02859	0.02103	0.02581	0.01300	0.57071	0.01674	0.01272	0.01745	0.01264	0.01733	0.01013	0.01377	0.18235	0.00365	0.01113	0.00672	0.00298	0.00724
39	0.00688	0.00586	0.00593	0.00598	0.00788	0.00490	0.00446	0.00834	0.01317	0.01567	0.05780	0.08624	0.72743	0.01487	0.00690	0.00198	0.00296	0.01245	0.00540	0.00490
40	0.01565	0.01582	0.03045	0.02196	0.02756	0.01547	0.57158	0.18394	0.01685	0.02276	0.01227	0.01529	0.00907	0.00538	0.00662	0.00191	0.00902	0.00649	0.00360	0.00831
41	0.01389	0.01495	0.02946	0.02160	0.02689	0.01465	0.57116	0.02144	0.18220	0.01993	0.01449	0.01706	0.01087	0.00559	0.00665	0.00196	0.00861	0.00680	0.00362	0.00816
42	0.02200	0.00899	0.01218	0.00965	0.01343	0.00785	0.00785	0.02436	0.01660	0.59378	0.19101	0.02521	0.02367	0.00827	0.00608	0.00181	0.00444	0.00692	0.00702	0.00889
43	0.01439	0.01382	0.02360	0.03569	0.75936	0.01382	0.01785	0.01785	0.01324	0.01900	0.01094	0.01439	0.00921	0.00518	0.00576	0.00173	0.00691	0.00518	0.00288	0.00921
44	0.02170	0.01875	0.01705	0.01368	0.01790	0.19074	0.01102	0.54653	0.05454	0.03100	0.01322	0.01348	0.00966	0.00679	0.00569	0.00170	0.00726	0.00495	0.00517	0.00914
45	0.01487	0.01354	0.01773	0.01483	0.01590	0.01786	0.01234	0.18037	0.01313	0.01919	0.00908	0.01301	0.00815	0.00945	0.01604	0.00236	0.60655	0.00512	0.00329	0.00717
46	0.00846	0.00564	0.00634	0.00634	0.00634	0.00564	0.00352	0.00846	0.00846	0.01128	0.01832	0.03805	0.02114	0.79563	0.02960	0.00564	0.00564	0.00846	0.00352	0.00352
47	0.02287	0.01000	0.01317	0.00995	0.01460	0.00836	0.00817	0.02520	0.01559	0.59278	0.02005	0.01802	0.01307	0.00653	0.00549	0.00158	0.00480	0.00530	0.00634	0.19812
48	0.02152	0.00910	0.01217	0.00971	0.01345	0.00809	0.00787	0.02447	0.04673	0.56337	0.19104	0.02529	0.02381	0.00830	0.00608	0.00181	0.00443	0.00695	0.00696	0.00886
49	0.01480	0.01242	0.01316	0.01179	0.01511	0.01429	0.00919	0.03083	0.72764	0.04573	0.02365	0.02164	0.01765	0.00787	0.00592	0.00197	0.00461	0.00655	0.00595	0.00922
50	0.00831	0.00623	0.00935	0.00935	0.01038	0.00727	0.00727	0.01038	0.00935	0.01350	0.01558	0.02285	0.01454	0.04361	0.77259	0.00935	0.01558	0.00623	0.00312	0.00519
51	0.20374	0.61856	0.02545	0.00942	0.01408	0.02073	0.00911	0.01734	0.01138	0.01653	0.00809	0.00936	0.00720	0.00507	0.00370	0.00137	0.00582	0.00312	0.00274	0.00720
52	0.00721	0.00581	0.00642	0.00647	0.00811	0.00502	0.00478	0.00892	0.01375	0.01735	0.21564	0.13783	0.51335	0.01448	0.00693	0.00198	0.00295	0.01236	0.00563	0.00502
53	0.01980	0.01492	0.01622	0.01229	0.01706	0.01568	0.01010	0.57374	0.02384	0.03259	0.01313	0.01353	0.00960	0.00637	0.00547	0.00154	0.00592	0.00483	0.00527	0.19811
54	0.00826	0.00597	0.00782	0.00741	0.00878	0.00552	0.00559	0.01100	0.01638	0.02316	0.73615	0.04405	0.05428	0.01200	0.00689	0.00185	0.00282	0.03021	0.00637	0.00548
55	0.00740	0.00519	0.00665	0.00770	0.00796	0.00493	0.00497	0.00818	0.01052	0.01403	0.02891	0.61909	0.03449	0.19638	0.01250	0.00311	0.00389	0.01468	0.00497	0.00445
56	0.01118	0.00933	0.01108	0.00832	0.01261	0.00723	0.00657	0.01380	0.01307	0.01995	0.18129	0.01925	0.01921	0.00604	0.00489	0.00108	0.00395	0.00507	0.00412	0.64195
57	0.01095	0.00921	0.01469	0.60376	0.03243	0.01120	0.01338	0.01456	0.01176	0.01642	0.01231	0.01692	0.00939	0.00603	0.00541	0.00180	0.00660	0.00523	0.19173	0.00622
58	0.01377	0.01075	0.01187	0.01087	0.01367	0.01186	0.00832	0.05704	0.48384	0.06770	0.02477	0.19749	0.02171	0.01008	0.00621	0.00201	0.00442	0.00867	0.00581	0.02916
59	0.01696	0.62234	0.02727	0.01110	0.01562	0.19473	0.01024	0.01874	0.01288	0.01381	0.00829	0.00959	0.00747	0.00521	0.00408	0.00130	0.00720	0.00326	0.00260	0.00730
60	0.02209	0.01683	0.01741	0.01346	0.01803	0.05400	0.01106	0.70579	0.02682	0.03558	0.01372	0.01380	0.00978	0.00693	0.00579	0.00173	0.00659	0.00516	0.00568	0.00974

[dist]
# distance from previous block
# <min> <max>
3	118

# created by:
# /software/SequenceAnalysis/GenePrediction/augustus/3.0.1/scripts/msa2prfl.pl ./fixed/BUSCOvEOG73BP33.fas
