[name]
unknown

[dist]
# distance from previous block
# <min> <max>
0	604

[block]
# block no. 0 follows, 40 sequences, length 17
# corresponding to MSA columns:
# 750-766
name=unknown_A
#
# <colnr> <probs for GDERKNQSTAVLIFYWHMCP>
#	G	D	E	R	K	N	Q	S	T	A	V	L	I	F	Y	W	H	M	C	P
0	0.00806	0.00576	0.00787	0.00922	0.00998	0.00557	0.00710	0.00979	0.01210	0.01594	0.03151	0.48068	0.03632	0.01730	0.00768	0.00250	0.00422	0.31802	0.00538	0.00499
1	0.37674	0.01421	0.06670	0.06268	0.02180	0.01387	0.30703	0.01758	0.01169	0.02155	0.00986	0.01263	0.00752	0.00536	0.00560	0.00190	0.02810	0.00491	0.00317	0.00708
2	0.01439	0.01382	0.02360	0.03569	0.75936	0.01382	0.01785	0.01785	0.01324	0.01900	0.01094	0.01439	0.00921	0.00518	0.00576	0.00173	0.00691	0.00518	0.00288	0.00921
3	0.00823	0.00594	0.00777	0.00732	0.00869	0.00549	0.00549	0.01097	0.01646	0.02332	0.75629	0.04344	0.05487	0.01189	0.00686	0.00183	0.00274	0.01052	0.00640	0.00549
4	0.00838	0.00690	0.01103	0.06183	0.04358	0.00670	0.08219	0.01015	0.01175	0.01578	0.05920	0.59621	0.03290	0.01522	0.00717	0.00224	0.00444	0.01406	0.00490	0.00538
5	0.02053	0.01511	0.04515	0.01302	0.05047	0.16709	0.01014	0.02652	0.20380	0.33259	0.04159	0.01853	0.01454	0.00711	0.00576	0.00178	0.00617	0.00565	0.00559	0.00885
6	0.00709	0.00506	0.00675	0.00810	0.00843	0.00472	0.00540	0.00810	0.01113	0.01484	0.03205	0.79184	0.03846	0.01822	0.00742	0.00236	0.00337	0.01653	0.00540	0.00472
7	0.01191	0.07874	0.71899	0.01616	0.02452	0.01411	0.02076	0.01835	0.01225	0.01812	0.01029	0.01209	0.00737	0.00549	0.00541	0.00180	0.00844	0.00422	0.00246	0.00852
8	0.01414	0.01278	0.01699	0.13214	0.01964	0.04509	0.05756	0.16777	0.01409	0.01922	0.01264	0.06603	0.01180	0.05803	0.01248	0.00239	0.29827	0.02840	0.00362	0.00692
9	0.00844	0.00541	0.00723	0.00826	0.00889	0.00500	0.00562	0.00954	0.01153	0.06820	0.03140	0.73681	0.03675	0.01743	0.00731	0.00232	0.00349	0.01577	0.00553	0.00509
10	0.00709	0.00506	0.00675	0.00810	0.00843	0.00472	0.00540	0.00810	0.01113	0.01484	0.03205	0.79184	0.03846	0.01822	0.00742	0.00236	0.00337	0.01653	0.00540	0.00472
11	0.02035	0.01051	0.01588	0.23170	0.11554	0.01045	0.01187	0.02321	0.01480	0.45811	0.01787	0.01790	0.01186	0.00655	0.00583	0.00183	0.00599	0.00557	0.00535	0.00884
12	0.01305	0.01268	0.02013	0.31206	0.25333	0.06661	0.10494	0.01612	0.01236	0.01628	0.01080	0.01519	0.00872	0.00689	0.00743	0.07955	0.00756	0.00528	0.02393	0.00710
13	0.01148	0.01048	0.01741	0.47243	0.19994	0.01201	0.01532	0.01504	0.01231	0.01626	0.01414	0.02423	0.01270	0.00751	0.00620	0.00202	0.00713	0.13336	0.00315	0.00689
14	0.00749	0.00535	0.00722	0.00857	0.00908	0.00508	0.00611	0.00881	0.01154	0.01530	0.03183	0.66164	0.03757	0.01783	0.00753	0.00242	0.00373	0.14268	0.00539	0.00484
15	0.01305	0.01284	0.02044	0.14392	0.26605	0.01557	0.04875	0.01562	0.01100	0.01600	0.00935	0.01385	0.00823	0.00759	0.01200	0.00215	0.36830	0.00521	0.00268	0.00739
16	0.01531	0.01291	0.01363	0.01201	0.01544	0.01486	0.00941	0.10961	0.66876	0.02569	0.02259	0.02084	0.01688	0.00779	0.00591	0.00195	0.00480	0.00643	0.00591	0.00928

[dist]
# distance from previous block
# <min> <max>
0	284

# created by:
# /software/SequenceAnalysis/GenePrediction/augustus/3.0.1/scripts/msa2prfl.pl ./fixed/BUSCOvEOG7ZCVHZ.fas
