[name]
unknown

[dist]
# distance from previous block
# <min> <max>
0	39

[block]
# block no. 0 follows, 38 sequences, length 107
# corresponding to MSA columns:
# 39-145
name=unknown_A
#
# <colnr> <probs for GDERKNQSTAVLIFYWHMCP>
#	G	D	E	R	K	N	Q	S	T	A	V	L	I	F	Y	W	H	M	C	P
0	0.00962	0.00687	0.00961	0.01099	0.01234	0.00686	0.00956	0.01233	0.01377	0.01792	0.03189	0.09078	0.03479	0.01669	0.00829	0.00276	0.00547	0.68839	0.00554	0.00552
1	0.35616	0.01033	0.00995	0.00860	0.01165	0.01104	0.00669	0.11214	0.01349	0.07328	0.03148	0.06208	0.01385	0.12518	0.00865	0.00238	0.00486	0.00574	0.06949	0.06297
2	0.02110	0.01203	0.01416	0.01163	0.01571	0.01245	0.00935	0.11336	0.31648	0.35143	0.04045	0.02116	0.01678	0.00783	0.00610	0.00193	0.00509	0.00640	0.00671	0.00983
3	0.02239	0.01641	0.01763	0.01365	0.01836	0.01815	0.01123	0.66334	0.07965	0.05432	0.01540	0.01517	0.01093	0.00730	0.00603	0.00182	0.00645	0.00553	0.00606	0.01018
4	0.01248	0.01183	0.02007	0.54025	0.26656	0.01366	0.01726	0.01635	0.01256	0.01673	0.01089	0.01567	0.00850	0.00581	0.00600	0.00194	0.00774	0.00535	0.00277	0.00759
5	0.00732	0.00527	0.00695	0.00829	0.00870	0.00489	0.00555	0.00839	0.01160	0.01539	0.03419	0.75760	0.06617	0.01871	0.00766	0.00243	0.00347	0.01694	0.00558	0.00489
6	0.00864	0.00632	0.00881	0.00906	0.00991	0.00691	0.00665	0.02738	0.01048	0.01462	0.02074	0.21821	0.02204	0.12911	0.46405	0.00717	0.01142	0.00940	0.00394	0.00515
7	0.01520	0.01304	0.01374	0.01229	0.01573	0.01508	0.00958	0.05328	0.71848	0.02555	0.02418	0.02220	0.01812	0.00813	0.00612	0.00203	0.00482	0.00676	0.00612	0.00954
8	0.00733	0.00524	0.00698	0.00838	0.00873	0.00489	0.00558	0.00838	0.01152	0.01536	0.03316	0.78466	0.03979	0.01885	0.00768	0.00244	0.00349	0.01710	0.00558	0.00489
9	0.00851	0.00615	0.00804	0.00757	0.00899	0.00568	0.00568	0.01135	0.01703	0.02412	0.74788	0.04494	0.05676	0.01230	0.00710	0.00189	0.00284	0.01088	0.00662	0.00568
10	0.00743	0.00528	0.00695	0.00825	0.00858	0.00495	0.00545	0.00840	0.01133	0.01511	0.03219	0.73409	0.03857	0.07108	0.00923	0.00267	0.00365	0.01653	0.00545	0.00480
11	0.00851	0.00615	0.00804	0.00757	0.00899	0.00568	0.00568	0.01135	0.01703	0.02412	0.74788	0.04494	0.05676	0.01230	0.00710	0.00189	0.00284	0.01088	0.00662	0.00568
12	0.00777	0.00561	0.00737	0.00814	0.00892	0.00521	0.00573	0.00945	0.01337	0.01817	0.25258	0.50455	0.07147	0.01663	0.00750	0.00227	0.00335	0.04085	0.00590	0.00516
13	0.01413	0.01697	0.07909	0.02593	0.09836	0.01505	0.61908	0.01918	0.01406	0.01929	0.01201	0.01588	0.00907	0.00514	0.00691	0.00200	0.00978	0.00677	0.00301	0.00829
14	0.01266	0.01084	0.01292	0.05206	0.01589	0.00858	0.00777	0.03246	0.01283	0.01981	0.01078	0.01272	0.00889	0.00461	0.00458	0.00098	0.00471	0.00371	0.00357	0.75962
15	0.10966	0.01590	0.07067	0.02098	0.02686	0.01413	0.52255	0.01860	0.01345	0.02020	0.01148	0.01485	0.00871	0.00510	0.00633	0.00187	0.00878	0.00610	0.00315	0.10063
16	0.01164	0.01230	0.06108	0.66883	0.03973	0.01355	0.07670	0.01590	0.01225	0.01590	0.01082	0.01587	0.00809	0.00592	0.00609	0.00200	0.00825	0.00544	0.00270	0.00693
17	0.00839	0.00612	0.00788	0.00749	0.00892	0.00562	0.00560	0.01109	0.01667	0.02337	0.68362	0.06470	0.10267	0.01266	0.00711	0.00192	0.00287	0.01116	0.00653	0.00562
18	0.00733	0.00524	0.00698	0.00838	0.00873	0.00489	0.00558	0.00838	0.01152	0.01536	0.03316	0.78466	0.03979	0.01885	0.00768	0.00244	0.00349	0.01710	0.00558	0.00489
19	0.00733	0.00524	0.00698	0.00838	0.00873	0.00489	0.00558	0.00838	0.01152	0.01536	0.03316	0.78466	0.03979	0.01885	0.00768	0.00244	0.00349	0.01710	0.00558	0.00489
20	0.83108	0.01163	0.00884	0.00791	0.01163	0.01350	0.00651	0.01768	0.01024	0.02699	0.00838	0.00977	0.00651	0.00558	0.00372	0.00186	0.00465	0.00326	0.00372	0.00651
21	0.00947	0.00678	0.00951	0.01081	0.01211	0.00682	0.00929	0.01209	0.01345	0.01759	0.03106	0.11467	0.03388	0.01837	0.05080	0.00314	0.00599	0.62327	0.00541	0.00549
22	0.01489	0.01429	0.02442	0.03692	0.75106	0.01429	0.01846	0.01846	0.01370	0.01965	0.01132	0.01489	0.00953	0.00536	0.00596	0.00179	0.00715	0.00536	0.00298	0.00953
23	0.01489	0.01429	0.02442	0.03692	0.75106	0.01429	0.01846	0.01846	0.01370	0.01965	0.01132	0.01489	0.00953	0.00536	0.00596	0.00179	0.00715	0.00536	0.00298	0.00953
24	0.01146	0.01083	0.01806	0.73148	0.03999	0.01365	0.01651	0.01532	0.01187	0.01532	0.01054	0.01588	0.00801	0.00627	0.00679	0.00204	0.05129	0.00534	0.00267	0.00668
25	0.83108	0.01163	0.00884	0.00791	0.01163	0.01350	0.00651	0.01768	0.01024	0.02699	0.00838	0.00977	0.00651	0.00558	0.00372	0.00186	0.00465	0.00326	0.00372	0.00651
26	0.00875	0.00583	0.00656	0.00656	0.00656	0.00583	0.00365	0.00875	0.00875	0.01166	0.01895	0.03937	0.02187	0.78858	0.03062	0.00583	0.00583	0.00875	0.00365	0.00365
27	0.83108	0.01163	0.00884	0.00791	0.01163	0.01350	0.00651	0.01768	0.01024	0.02699	0.00838	0.00977	0.00651	0.00558	0.00372	0.00186	0.00465	0.00326	0.00372	0.00651
28	0.02467	0.01001	0.01342	0.01045	0.01473	0.00884	0.00857	0.05363	0.01761	0.64259	0.10820	0.02311	0.01962	0.00801	0.00617	0.00186	0.00491	0.00659	0.00730	0.00970
29	0.83108	0.01163	0.00884	0.00791	0.01163	0.01350	0.00651	0.01768	0.01024	0.02699	0.00838	0.00977	0.00651	0.00558	0.00372	0.00186	0.00465	0.00326	0.00372	0.00651
30	0.01182	0.01109	0.01867	0.59130	0.17601	0.01309	0.01645	0.01559	0.01232	0.01619	0.01202	0.05717	0.01002	0.00658	0.00609	0.00199	0.00761	0.00598	0.00289	0.00713
31	0.01045	0.00522	0.00784	0.00784	0.00784	0.00522	0.00522	0.00784	0.00784	0.01045	0.01045	0.01829	0.01045	0.02090	0.02351	0.82497	0.00522	0.00522	0.00261	0.00261
32	0.02205	0.02786	0.01746	0.01670	0.05979	0.72225	0.01201	0.02371	0.01686	0.01500	0.00941	0.01108	0.00785	0.00615	0.00545	0.00156	0.01064	0.00396	0.00309	0.00712
33	0.83108	0.01163	0.00884	0.00791	0.01163	0.01350	0.00651	0.01768	0.01024	0.02699	0.00838	0.00977	0.00651	0.00558	0.00372	0.00186	0.00465	0.00326	0.00372	0.00651
34	0.00875	0.00583	0.00656	0.00656	0.00656	0.00583	0.00365	0.00875	0.00875	0.01166	0.01895	0.03937	0.02187	0.78858	0.03062	0.00583	0.00583	0.00875	0.00365	0.00365
35	0.83108	0.01163	0.00884	0.00791	0.01163	0.01350	0.00651	0.01768	0.01024	0.02699	0.00838	0.00977	0.00651	0.00558	0.00372	0.00186	0.00465	0.00326	0.00372	0.00651
36	0.83108	0.01163	0.00884	0.00791	0.01163	0.01350	0.00651	0.01768	0.01024	0.02699	0.00838	0.00977	0.00651	0.00558	0.00372	0.00186	0.00465	0.00326	0.00372	0.00651
37	0.01489	0.01429	0.02442	0.03692	0.75106	0.01429	0.01846	0.01846	0.01370	0.01965	0.01132	0.01489	0.00953	0.00536	0.00596	0.00179	0.00715	0.00536	0.00298	0.00953
38	0.00847	0.00615	0.00798	0.00752	0.00896	0.00566	0.00564	0.01127	0.01693	0.02388	0.72694	0.04533	0.07786	0.01239	0.00710	0.00190	0.00284	0.01093	0.00659	0.00566
39	0.01389	0.01790	0.12265	0.02390	0.03004	0.01521	0.60915	0.01902	0.01378	0.01902	0.01180	0.01565	0.00889	0.00541	0.00753	0.00204	0.04633	0.00669	0.00296	0.00814
40	0.03445	0.14649	0.36586	0.01377	0.02046	0.03719	0.01534	0.06847	0.06151	0.03892	0.01176	0.01301	0.00888	0.00575	0.00522	0.00164	0.00724	0.00433	0.00335	0.13637
41	0.83108	0.01163	0.00884	0.00791	0.01163	0.01350	0.00651	0.01768	0.01024	0.02699	0.00838	0.00977	0.00651	0.00558	0.00372	0.00186	0.00465	0.00326	0.00372	0.00651
42	0.01207	0.03112	0.75741	0.01715	0.02604	0.01397	0.02223	0.01905	0.01270	0.01905	0.01080	0.01270	0.00762	0.00572	0.00572	0.00191	0.00889	0.00445	0.00254	0.00889
43	0.01498	0.01277	0.01344	0.01199	0.01540	0.01462	0.00935	0.07125	0.65799	0.02540	0.02595	0.02397	0.05896	0.00850	0.00617	0.00203	0.00477	0.00705	0.00609	0.00931
44	0.00742	0.00628	0.00645	0.00643	0.00845	0.00539	0.00486	0.00941	0.03149	0.01686	0.08956	0.05671	0.68322	0.01497	0.00711	0.00204	0.00314	0.02934	0.00564	0.00522
45	0.01207	0.03112	0.75741	0.01715	0.02604	0.01397	0.02223	0.01905	0.01270	0.01905	0.01080	0.01270	0.00762	0.00572	0.00572	0.00191	0.00889	0.00445	0.00254	0.00889
46	0.01539	0.49426	0.23275	0.01314	0.01936	0.01980	0.05755	0.01894	0.01272	0.05260	0.01004	0.01144	0.00813	0.00541	0.00468	0.00153	0.00728	0.00394	0.00283	0.00819
47	0.62946	0.01128	0.01013	0.00861	0.01257	0.01233	0.00710	0.02060	0.01199	0.20959	0.01223	0.01246	0.00862	0.00605	0.00431	0.00186	0.00477	0.00396	0.00466	0.00745
48	0.02699	0.01024	0.01396	0.01070	0.01536	0.00884	0.00884	0.02932	0.01722	0.75522	0.02373	0.02048	0.01489	0.00745	0.00605	0.00186	0.00512	0.00605	0.00745	0.01024
49	0.01363	0.01301	0.02214	0.30023	0.49760	0.01396	0.01784	0.01736	0.01310	0.01812	0.01109	0.01530	0.00899	0.00559	0.00598	0.00186	0.00746	0.00536	0.00287	0.00851
50	0.01136	0.01069	0.01804	0.77412	0.04143	0.01337	0.01671	0.01537	0.01203	0.01537	0.01069	0.01604	0.00802	0.00601	0.00601	0.00200	0.00802	0.00535	0.00267	0.00668
51	0.01207	0.03112	0.75741	0.01715	0.02604	0.01397	0.02223	0.01905	0.01270	0.01905	0.01080	0.01270	0.00762	0.00572	0.00572	0.00191	0.00889	0.00445	0.00254	0.00889
52	0.00733	0.00524	0.00698	0.00838	0.00873	0.00489	0.00558	0.00838	0.01152	0.01536	0.03316	0.78466	0.03979	0.01885	0.00768	0.00244	0.00349	0.01710	0.00558	0.00489
53	0.01201	0.01343	0.06967	0.05259	0.05157	0.01185	0.40454	0.01566	0.01297	0.01764	0.01730	0.21362	0.01695	0.00953	0.00793	0.04493	0.00789	0.00927	0.00362	0.00704
54	0.01207	0.03112	0.75741	0.01715	0.02604	0.01397	0.02223	0.01905	0.01270	0.01905	0.01080	0.01270	0.00762	0.00572	0.00572	0.00191	0.00889	0.00445	0.00254	0.00889
55	0.01207	0.03112	0.75741	0.01715	0.02604	0.01397	0.02223	0.01905	0.01270	0.01905	0.01080	0.01270	0.00762	0.00572	0.00572	0.00191	0.00889	0.00445	0.00254	0.00889
56	0.02180	0.01582	0.01692	0.01309	0.01759	0.01746	0.01077	0.66546	0.02685	0.03650	0.01492	0.01517	0.01070	0.00720	0.00585	0.00177	0.00627	0.00543	0.08061	0.00981
57	0.77494	0.01172	0.00917	0.00821	0.01191	0.01360	0.00672	0.01867	0.06044	0.02686	0.00948	0.01064	0.00733	0.00576	0.00389	0.00187	0.00466	0.00350	0.00389	0.00672
58	0.00733	0.00524	0.00698	0.00838	0.00873	0.00489	0.00558	0.00838	0.01152	0.01536	0.03316	0.78466	0.03979	0.01885	0.00768	0.00244	0.00349	0.01710	0.00558	0.00489
59	0.01494	0.01333	0.04152	0.02849	0.01636	0.01446	0.00999	0.04526	0.63744	0.04224	0.02480	0.02304	0.04466	0.00825	0.00614	0.00202	0.00497	0.00685	0.00592	0.00930
60	0.01048	0.00794	0.05075	0.00841	0.01055	0.00645	0.00691	0.01350	0.01680	0.09368	0.63726	0.04079	0.05000	0.01146	0.00692	0.00189	0.00340	0.01006	0.00647	0.00629
61	0.03631	0.69569	0.06941	0.01085	0.01607	0.05813	0.01091	0.01835	0.01243	0.01476	0.00854	0.00987	0.00769	0.00524	0.00403	0.00135	0.00673	0.00332	0.00262	0.00772
62	0.01904	0.01173	0.01384	0.01210	0.03523	0.01231	0.00934	0.07309	0.36819	0.27566	0.08304	0.02292	0.01960	0.00812	0.00617	0.00195	0.00491	0.00675	0.00652	0.00949
63	0.00733	0.00524	0.00698	0.00838	0.00873	0.00489	0.00558	0.00838	0.01152	0.01536	0.03316	0.78466	0.03979	0.01885	0.00768	0.00244	0.00349	0.01710	0.00558	0.00489
64	0.01349	0.11379	0.09973	0.01721	0.02017	0.01755	0.17638	0.01632	0.01115	0.01602	0.00991	0.03440	0.00900	0.00834	0.01309	0.00225	0.40550	0.00566	0.00279	0.00726
65	0.01489	0.01429	0.02442	0.03692	0.75106	0.01429	0.01846	0.01846	0.01370	0.01965	0.01132	0.01489	0.00953	0.00536	0.00596	0.00179	0.00715	0.00536	0.00298	0.00953
66	0.00833	0.00638	0.00767	0.00738	0.00905	0.00584	0.00559	0.01122	0.03999	0.02147	0.48339	0.04904	0.27261	0.01323	0.00711	0.00197	0.00306	0.03482	0.00624	0.00561
67	0.83108	0.01163	0.00884	0.00791	0.01163	0.01350	0.00651	0.01768	0.01024	0.02699	0.00838	0.00977	0.00651	0.00558	0.00372	0.00186	0.00465	0.00326	0.00372	0.00651
68	0.01503	0.01676	0.02584	0.07878	0.07669	0.13194	0.31713	0.01834	0.01307	0.01698	0.01038	0.01444	0.00852	0.00684	0.01015	0.00210	0.22076	0.00584	0.00291	0.00751
69	0.00711	0.00609	0.00609	0.00609	0.00813	0.00508	0.00457	0.00863	0.01371	0.01625	0.06094	0.05789	0.74862	0.01524	0.00711	0.00203	0.00305	0.01270	0.00559	0.00508
70	0.01270	0.01114	0.03134	0.01625	0.17643	0.01129	0.01061	0.05046	0.24005	0.02350	0.26196	0.03089	0.02973	0.00942	0.00655	0.00197	0.00488	0.05737	0.00546	0.00798
71	0.00875	0.00583	0.00656	0.00656	0.00656	0.00583	0.00365	0.00875	0.00875	0.01166	0.01895	0.03937	0.02187	0.78858	0.03062	0.00583	0.00583	0.00875	0.00365	0.00365
72	0.01207	0.03112	0.75741	0.01715	0.02604	0.01397	0.02223	0.01905	0.01270	0.01905	0.01080	0.01270	0.00762	0.00572	0.00572	0.00191	0.00889	0.00445	0.00254	0.00889
73	0.00875	0.00583	0.00656	0.00656	0.00656	0.00583	0.00365	0.00875	0.00875	0.01166	0.01895	0.03937	0.02187	0.78858	0.03062	0.00583	0.00583	0.00875	0.00365	0.00365
74	0.00895	0.00688	0.02850	0.00791	0.00957	0.00592	0.00617	0.01175	0.01651	0.04095	0.65094	0.08542	0.07274	0.01245	0.00707	0.00193	0.00310	0.01099	0.00644	0.00581
75	0.83108	0.01163	0.00884	0.00791	0.01163	0.01350	0.00651	0.01768	0.01024	0.02699	0.00838	0.00977	0.00651	0.00558	0.00372	0.00186	0.00465	0.00326	0.00372	0.00651
76	0.01594	0.10688	0.39568	0.01532	0.02171	0.19193	0.01664	0.08952	0.03223	0.01966	0.03334	0.01333	0.00966	0.00617	0.00554	0.00175	0.00860	0.00453	0.00322	0.00837
77	0.01442	0.01173	0.01363	0.01127	0.04267	0.01074	0.00861	0.08366	0.17499	0.04595	0.01522	0.01705	0.01219	0.00606	0.00520	0.00135	0.00488	0.02816	0.00452	0.48771
78	0.01220	0.03018	0.71222	0.01766	0.02637	0.01405	0.06648	0.01906	0.01279	0.01906	0.01088	0.01292	0.00771	0.00568	0.00580	0.00191	0.00897	0.00461	0.00257	0.00884
79	0.00786	0.00600	0.00834	0.04533	0.01103	0.00569	0.02361	0.00927	0.01184	0.01569	0.03290	0.64115	0.08538	0.01724	0.00748	0.00235	0.00392	0.03423	0.00533	0.02535
80	0.00916	0.00654	0.00908	0.01047	0.01162	0.00646	0.00877	0.01154	0.01332	0.01741	0.03215	0.22953	0.03579	0.01712	0.00817	0.00270	0.00508	0.55416	0.00555	0.00539
81	0.01581	0.74126	0.08011	0.01075	0.01615	0.02315	0.01109	0.01808	0.01226	0.01448	0.00853	0.00985	0.00771	0.00518	0.00398	0.00133	0.00660	0.00330	0.00257	0.00780
82	0.00856	0.00618	0.00811	0.00771	0.00913	0.00573	0.00584	0.01140	0.01690	0.02388	0.71914	0.04586	0.05587	0.01247	0.00714	0.00193	0.00295	0.03896	0.00658	0.00567
83	0.01316	0.01316	0.01843	0.01579	0.01579	0.01843	0.01316	0.01448	0.00921	0.01448	0.00790	0.01316	0.00790	0.01053	0.01974	0.00263	0.77757	0.00526	0.00263	0.00658
84	0.00756	0.00611	0.00672	0.00657	0.00840	0.00527	0.00492	0.00950	0.01477	0.01877	0.28051	0.05375	0.52747	0.01430	0.00711	0.00199	0.00298	0.01212	0.00592	0.00527
85	0.00875	0.00583	0.00656	0.00656	0.00656	0.00583	0.00365	0.00875	0.00875	0.01166	0.01895	0.03937	0.02187	0.78858	0.03062	0.00583	0.00583	0.00875	0.00365	0.00365
86	0.01164	0.00871	0.01266	0.39457	0.02512	0.01020	0.01102	0.04530	0.01282	0.01904	0.01469	0.01893	0.01143	0.00870	0.04887	0.00220	0.00637	0.00552	0.32588	0.00634
87	0.01803	0.01189	0.01348	0.01157	0.01522	0.01283	0.00915	0.05615	0.47059	0.22052	0.07366	0.02316	0.01977	0.00822	0.00617	0.00197	0.00479	0.00683	0.00651	0.00948
88	0.01571	0.72146	0.09900	0.01093	0.01643	0.02289	0.01140	0.01811	0.01227	0.01461	0.00859	0.00993	0.00771	0.00520	0.00403	0.00134	0.00666	0.00333	0.00257	0.00783
89	0.01985	0.03899	0.01877	0.05323	0.03901	0.03862	0.03594	0.48382	0.04489	0.03066	0.01341	0.01465	0.01002	0.00737	0.00760	0.00190	0.10076	0.00539	0.02592	0.00921
90	0.00846	0.00615	0.00796	0.00772	0.00885	0.00607	0.00561	0.01049	0.01353	0.01883	0.38848	0.04019	0.09832	0.16749	0.18104	0.00439	0.00639	0.00963	0.00521	0.00517
91	0.01509	0.01733	0.04833	0.05765	0.02647	0.11103	0.41216	0.03985	0.01379	0.01805	0.01087	0.01474	0.00863	0.00649	0.00942	0.00208	0.17125	0.00610	0.00302	0.00766
92	0.78482	0.01133	0.00880	0.00789	0.01149	0.01306	0.00647	0.01733	0.01062	0.02683	0.04996	0.01175	0.00934	0.00596	0.00391	0.00186	0.00455	0.00369	0.00389	0.00647
93	0.01400	0.09609	0.17734	0.01277	0.01747	0.01509	0.01209	0.02641	0.46623	0.02220	0.02190	0.02100	0.05600	0.00772	0.00586	0.00193	0.00574	0.00625	0.00495	0.00895
94	0.01247	0.01069	0.01247	0.00891	0.01426	0.00802	0.00713	0.01515	0.01247	0.01960	0.01069	0.01247	0.00891	0.00446	0.00446	0.00089	0.00446	0.00356	0.00356	0.82536
95	0.01310	0.01054	0.01419	0.03850	0.14482	0.01107	0.02678	0.02098	0.26403	0.06127	0.25498	0.03025	0.02930	0.00926	0.00653	0.00197	0.00485	0.04398	0.00559	0.00800
96	0.01207	0.03112	0.75741	0.01715	0.02604	0.01397	0.02223	0.01905	0.01270	0.01905	0.01080	0.01270	0.00762	0.00572	0.00572	0.00191	0.00889	0.00445	0.00254	0.00889
97	0.02232	0.01658	0.01775	0.01373	0.01845	0.01840	0.01130	0.68292	0.07725	0.03704	0.01513	0.01499	0.01079	0.00729	0.00603	0.00182	0.00649	0.00551	0.00603	0.01018
98	0.01489	0.56558	0.24766	0.01233	0.01860	0.02088	0.01385	0.01832	0.01237	0.01561	0.00909	0.01056	0.00769	0.00532	0.00441	0.00147	0.00717	0.00358	0.00256	0.00807
99	0.06840	0.02978	0.70593	0.01651	0.02505	0.01394	0.02115	0.01896	0.01253	0.01960	0.01063	0.01250	0.00754	0.00571	0.00558	0.00190	0.00860	0.00436	0.00262	0.00873
100	0.01005	0.00743	0.01071	0.01286	0.06327	0.00743	0.01030	0.01288	0.01384	0.01812	0.03044	0.06421	0.03290	0.01584	0.00815	0.00270	0.00565	0.66206	0.00536	0.00581
101	0.01172	0.01069	0.01790	0.61084	0.08615	0.01285	0.03951	0.01557	0.01222	0.01645	0.01158	0.01652	0.00886	0.00612	0.00614	0.00195	0.02229	0.00543	0.08040	0.00682
102	0.01221	0.01040	0.01228	0.00896	0.01401	0.00798	0.00716	0.01484	0.01228	0.01921	0.01107	0.01324	0.00933	0.00725	0.05675	0.00149	0.00526	0.00376	0.00354	0.76896
103	0.01348	0.01423	0.02908	0.10603	0.02879	0.01417	0.52049	0.01793	0.01344	0.01885	0.01253	0.01667	0.00961	0.00577	0.00754	0.00200	0.06231	0.00661	0.09289	0.00757
104	0.01130	0.00602	0.00854	0.00825	0.00858	0.00615	0.00565	0.05758	0.00924	0.01234	0.01072	0.01802	0.01043	0.01996	0.02231	0.76836	0.00532	0.00524	0.00285	0.00314
105	0.00865	0.00579	0.00659	0.00669	0.00671	0.00577	0.00378	0.00872	0.00894	0.01192	0.01993	0.09063	0.02310	0.73564	0.02904	0.00560	0.00567	0.00932	0.00378	0.00373
106	0.01428	0.16458	0.07807	0.05161	0.09103	0.01625	0.41900	0.01858	0.01351	0.01818	0.01115	0.01443	0.00874	0.00516	0.00611	0.00180	0.00871	0.00578	0.00293	0.05010

[dist]
# distance from previous block
# <min> <max>
0	49

# created by:
# /software/SequenceAnalysis/GenePrediction/augustus/3.0.1/scripts/msa2prfl.pl ./fixed/BUSCOvEOG7V70XV.fas
