[name]
unknown

[dist]
# distance from previous block
# <min> <max>
66	712

[block]
# block no. 0 follows, 39 sequences, length 11
# corresponding to MSA columns:
# 853-863
name=unknown_A
#
# <colnr> <probs for GDERKNQSTAVLIFYWHMCP>
#	G	D	E	R	K	N	Q	S	T	A	V	L	I	F	Y	W	H	M	C	P
0	0.01875	0.01616	0.08205	0.01287	0.01767	0.01581	0.01119	0.44999	0.15164	0.03106	0.01540	0.01547	0.01126	0.00684	0.00569	0.00172	0.00605	0.00530	0.02946	0.09563
1	0.10190	0.58320	0.09234	0.01089	0.01596	0.08189	0.01088	0.01824	0.01224	0.01571	0.00851	0.00986	0.00746	0.00524	0.00407	0.00140	0.00671	0.00333	0.00269	0.00751
2	0.01225	0.08137	0.07426	0.04131	0.06474	0.07130	0.03136	0.01533	0.05491	0.06104	0.02171	0.36002	0.02292	0.01152	0.00634	0.00198	0.00553	0.01013	0.00447	0.04751
3	0.01431	0.17560	0.36495	0.01674	0.05119	0.01580	0.11272	0.01895	0.01268	0.07729	0.01112	0.01310	0.00838	0.00597	0.00670	0.00182	0.07664	0.00471	0.00298	0.00834
4	0.00835	0.00677	0.01002	0.00970	0.01109	0.00629	0.08197	0.02702	0.01281	0.01693	0.09811	0.50875	0.14790	0.01571	0.00731	0.00223	0.00407	0.01429	0.00533	0.00536
5	0.01003	0.00704	0.00983	0.13380	0.01493	0.00685	0.00770	0.01191	0.01230	0.07643	0.07079	0.47172	0.02987	0.01367	0.00678	0.00209	0.00435	0.01226	0.00503	0.09264
6	0.01388	0.01442	0.06750	0.15483	0.05588	0.01460	0.25791	0.10941	0.01418	0.01963	0.01215	0.04413	0.00999	0.00724	0.00883	0.01966	0.13398	0.00622	0.02800	0.00754
7	0.26112	0.01268	0.06227	0.30282	0.06973	0.01312	0.05717	0.01846	0.05430	0.07814	0.01175	0.01435	0.00869	0.00590	0.00529	0.00190	0.00661	0.00483	0.00353	0.00734
8	0.01063	0.00797	0.00976	0.01001	0.01118	0.00796	0.00711	0.08669	0.03548	0.01881	0.02897	0.60360	0.03315	0.01653	0.00820	0.00245	0.04286	0.01433	0.00564	0.03866
9	0.01200	0.01170	0.01684	0.41833	0.07313	0.07270	0.05820	0.01532	0.01286	0.01669	0.07273	0.08016	0.01456	0.00720	0.00599	0.00183	0.00704	0.00645	0.00334	0.09293
10	0.01643	0.06245	0.16628	0.01174	0.01629	0.01023	0.05244	0.02031	0.03458	0.28100	0.23640	0.02489	0.02478	0.00814	0.00611	0.00183	0.00547	0.00695	0.00551	0.00816

[dist]
# distance from previous block
# <min> <max>
6	48

[block]
# block no. 1 follows, 39 sequences, length 35
# corresponding to MSA columns:
# 927-961
name=unknown_B
#
# <colnr> <probs for GDERKNQSTAVLIFYWHMCP>
#	G	D	E	R	K	N	Q	S	T	A	V	L	I	F	Y	W	H	M	C	P
0	0.69334	0.04285	0.01129	0.05641	0.01427	0.01391	0.02948	0.04575	0.01107	0.02552	0.00872	0.01036	0.00677	0.00555	0.00400	0.00182	0.00509	0.00353	0.00362	0.00665
1	0.01089	0.00987	0.01402	0.02859	0.01354	0.01306	0.01025	0.01246	0.00926	0.01387	0.01165	0.01869	0.01139	0.07630	0.30690	0.00544	0.41929	0.00585	0.00288	0.00582
2	0.02248	0.01656	0.01775	0.01361	0.01834	0.01834	0.01124	0.73556	0.02780	0.03727	0.01420	0.01420	0.01006	0.00710	0.00592	0.00177	0.00651	0.00532	0.00592	0.01006
3	0.01138	0.00979	0.01260	0.06144	0.01552	0.00799	0.03664	0.01397	0.01235	0.01857	0.04442	0.12382	0.01495	0.00683	0.00514	0.00125	0.00464	0.00594	0.00383	0.58890
4	0.01210	0.07618	0.71800	0.01645	0.02497	0.01431	0.02115	0.01867	0.01246	0.01844	0.01047	0.01231	0.00750	0.00559	0.00551	0.00184	0.00860	0.00430	0.00250	0.00867
5	0.00721	0.00515	0.00686	0.00823	0.00858	0.00480	0.00549	0.00823	0.01132	0.01510	0.03259	0.78831	0.03911	0.01853	0.00755	0.00240	0.00343	0.01681	0.00549	0.00480
6	0.02267	0.01068	0.01321	0.01044	0.01448	0.01027	0.00852	0.14609	0.06921	0.47670	0.03443	0.01995	0.01491	0.00736	0.00573	0.00177	0.00492	0.00592	0.11339	0.00934
7	0.01328	0.04122	0.23528	0.14725	0.11557	0.01244	0.01484	0.04549	0.02418	0.08312	0.02667	0.11147	0.01391	0.03773	0.00764	0.00210	0.04976	0.00665	0.00367	0.00773
8	0.02473	0.00967	0.01315	0.01022	0.01448	0.00838	0.00838	0.02707	0.01691	0.68640	0.09562	0.02251	0.01872	0.00779	0.00605	0.00183	0.00481	0.00642	0.00724	0.00962
9	0.00721	0.00515	0.00686	0.00823	0.00858	0.00480	0.00549	0.00823	0.01132	0.01510	0.03259	0.78831	0.03911	0.01853	0.00755	0.00240	0.00343	0.01681	0.00549	0.00480
10	0.01189	0.05691	0.10719	0.55494	0.07950	0.01394	0.06157	0.01610	0.01214	0.01596	0.01052	0.01498	0.00798	0.00573	0.00582	0.00191	0.00798	0.00514	0.00265	0.00714
11	0.06062	0.01290	0.01341	0.01191	0.01536	0.01488	0.00932	0.07840	0.65530	0.02569	0.02252	0.02084	0.01686	0.00782	0.00588	0.00198	0.00480	0.00640	0.00588	0.00924
12	0.52650	0.00931	0.00786	0.00728	0.00958	0.01046	0.00535	0.01411	0.00952	0.02092	0.01211	0.02044	0.01203	0.29853	0.01351	0.00328	0.00501	0.00521	0.00363	0.00535
13	0.01242	0.04418	0.04009	0.20366	0.02221	0.04209	0.12121	0.01708	0.09417	0.01827	0.05530	0.04780	0.01430	0.00773	0.00737	0.02513	0.06949	0.00628	0.14444	0.00679
14	0.00717	0.00577	0.00639	0.00672	0.00822	0.00499	0.00485	0.00865	0.01319	0.01642	0.11309	0.25083	0.50166	0.01567	0.00714	0.00209	0.00309	0.01348	0.00558	0.00499
15	0.01226	0.01051	0.01226	0.00876	0.01401	0.00788	0.00701	0.01489	0.01226	0.01927	0.01051	0.01226	0.00876	0.00438	0.00438	0.00088	0.00438	0.00350	0.00350	0.82832
16	0.01671	0.62636	0.02813	0.01190	0.03859	0.14310	0.01066	0.01858	0.01274	0.01418	0.00845	0.00993	0.00765	0.00538	0.00453	0.00136	0.02825	0.00339	0.00263	0.00750
17	0.01899	0.00921	0.01114	0.00910	0.01234	0.00887	0.00732	0.13364	0.01722	0.33194	0.10426	0.02255	0.01880	0.00770	0.00550	0.00168	0.00430	0.00626	0.26106	0.00813
18	0.01414	0.01484	0.02896	0.02276	0.08308	0.01486	0.49304	0.06680	0.03739	0.01971	0.01315	0.05841	0.01091	0.00654	0.00808	0.00204	0.08689	0.00709	0.00338	0.00794
19	0.07051	0.06664	0.06642	0.01073	0.01525	0.01079	0.00945	0.03808	0.07652	0.48513	0.07280	0.02001	0.01632	0.00733	0.00572	0.00181	0.00519	0.00587	0.00624	0.00920
20	0.01608	0.72871	0.06319	0.01044	0.01564	0.02236	0.01059	0.01821	0.01224	0.04501	0.00896	0.01006	0.00788	0.00518	0.00397	0.00132	0.00638	0.00333	0.00273	0.00774
21	0.01186	0.03059	0.76153	0.01686	0.02560	0.01373	0.02185	0.01873	0.01249	0.01873	0.01061	0.01249	0.00749	0.00562	0.00562	0.00187	0.00874	0.00437	0.00250	0.00874
22	0.01478	0.39088	0.07320	0.01283	0.01736	0.02958	0.10477	0.06572	0.01381	0.04070	0.01460	0.06298	0.01389	0.00776	0.00543	0.00174	0.00671	0.11221	0.00358	0.00747
23	0.02086	0.01203	0.07198	0.01111	0.01538	0.01028	0.00966	0.10666	0.08744	0.42925	0.10811	0.04011	0.01969	0.00822	0.00613	0.00188	0.00517	0.02044	0.00648	0.00915
24	0.00721	0.00515	0.00686	0.00823	0.00858	0.00480	0.00549	0.00823	0.01132	0.01510	0.03259	0.78831	0.03911	0.01853	0.00755	0.00240	0.00343	0.01681	0.00549	0.00480
25	0.02138	0.00973	0.01212	0.00980	0.01349	0.00922	0.00799	0.10088	0.05101	0.45179	0.02177	0.02179	0.01516	0.00757	0.00562	0.00176	0.00467	0.03280	0.19261	0.00882
26	0.01427	0.01608	0.07236	0.05932	0.11042	0.01447	0.55526	0.01905	0.01384	0.04696	0.01216	0.01577	0.00910	0.00518	0.00669	0.00195	0.00929	0.00653	0.00310	0.00819
27	0.01367	0.01643	0.08246	0.02330	0.02909	0.01459	0.63333	0.01857	0.01364	0.01890	0.01203	0.01587	0.00908	0.00527	0.00717	0.00198	0.03400	0.00669	0.03605	0.00788
28	0.00860	0.00573	0.00645	0.00645	0.00645	0.00573	0.00358	0.00860	0.00860	0.01147	0.01863	0.03870	0.02150	0.79217	0.03010	0.00573	0.00573	0.00860	0.00358	0.00358
29	0.01424	0.38048	0.33400	0.01479	0.04313	0.01816	0.06724	0.01848	0.01251	0.03324	0.00991	0.01159	0.00786	0.00534	0.00489	0.00160	0.00758	0.00406	0.00267	0.00820
30	0.01288	0.01323	0.02570	0.31842	0.15207	0.01383	0.31841	0.01701	0.01287	0.01727	0.01122	0.01572	0.00865	0.00583	0.00684	0.02519	0.00854	0.00598	0.00283	0.00750
31	0.01177	0.00999	0.01173	0.00871	0.01348	0.00758	0.00686	0.01424	0.01217	0.01886	0.01268	0.08833	0.01173	0.00577	0.00469	0.00103	0.00429	0.00481	0.00370	0.74760
32	0.01564	0.76315	0.06209	0.01041	0.01562	0.02299	0.01062	0.01775	0.01204	0.01412	0.00832	0.00961	0.00759	0.00508	0.00387	0.00129	0.00643	0.00321	0.00253	0.00764
33	0.01296	0.01242	0.02016	0.06443	0.11865	0.01090	0.20167	0.01641	0.01284	0.01893	0.01098	0.01377	0.00884	0.00475	0.00536	0.00136	0.00643	0.00477	0.00324	0.45112
34	0.03684	0.01745	0.01586	0.01479	0.07751	0.24343	0.01074	0.16588	0.13463	0.16615	0.01638	0.04665	0.01252	0.00726	0.00578	0.00177	0.00708	0.00562	0.00502	0.00863

[dist]
# distance from previous block
# <min> <max>
0	1

[block]
# block no. 2 follows, 39 sequences, length 18
# corresponding to MSA columns:
# 963-980
name=unknown_C
#
# <colnr> <probs for GDERKNQSTAVLIFYWHMCP>
#	G	D	E	R	K	N	Q	S	T	A	V	L	I	F	Y	W	H	M	C	P
0	0.01227	0.01163	0.01919	0.51611	0.21789	0.01375	0.01640	0.01635	0.03616	0.01643	0.01093	0.01550	0.00858	0.00611	0.00679	0.00196	0.05847	0.00530	0.00281	0.00736
1	0.01027	0.00514	0.00770	0.00770	0.00770	0.00514	0.00514	0.00770	0.00770	0.01027	0.01027	0.01798	0.01027	0.02054	0.02311	0.82794	0.00514	0.00514	0.00257	0.00257
2	0.01117	0.01051	0.01774	0.77795	0.04073	0.01314	0.01642	0.01511	0.01182	0.01511	0.01051	0.01577	0.00788	0.00591	0.00591	0.00197	0.00788	0.00526	0.00263	0.00657
3	0.01186	0.03059	0.76153	0.01686	0.02560	0.01373	0.02185	0.01873	0.01249	0.01873	0.01061	0.01249	0.00749	0.00562	0.00562	0.00187	0.00874	0.00437	0.00250	0.00874
4	0.83394	0.01144	0.00869	0.00778	0.01144	0.01327	0.00640	0.01738	0.01006	0.02653	0.00823	0.00961	0.00640	0.00549	0.00366	0.00183	0.00457	0.00320	0.00366	0.00640
5	0.00808	0.00611	0.00742	0.00736	0.00874	0.00564	0.00537	0.01066	0.04042	0.02006	0.41700	0.17131	0.21571	0.03979	0.00781	0.00212	0.00311	0.01194	0.00598	0.00538
6	0.00961	0.00672	0.00826	0.00811	0.00976	0.00638	0.00608	0.01300	0.08035	0.06532	0.32799	0.20410	0.17127	0.01354	0.00701	0.00205	0.00340	0.04506	0.00606	0.00592
7	0.01464	0.01405	0.02400	0.03630	0.75528	0.01405	0.01815	0.01815	0.01347	0.01932	0.01112	0.01464	0.00937	0.00527	0.00585	0.00176	0.00703	0.00527	0.00293	0.00937
8	0.02275	0.01614	0.01748	0.01340	0.01813	0.01770	0.01107	0.68904	0.02709	0.08480	0.01480	0.01459	0.01036	0.00711	0.00592	0.00178	0.00641	0.00537	0.00601	0.01006
9	0.02248	0.01656	0.01775	0.01361	0.01834	0.01834	0.01124	0.73556	0.02780	0.03727	0.01420	0.01420	0.01006	0.00710	0.00592	0.00177	0.00651	0.00532	0.00592	0.01006
10	0.00860	0.00573	0.00645	0.00645	0.00645	0.00573	0.00358	0.00860	0.00860	0.01147	0.01863	0.03870	0.02150	0.79217	0.03010	0.00573	0.00573	0.00860	0.00358	0.00358
11	0.01670	0.01688	0.01429	0.01290	0.01616	0.21813	0.00992	0.02932	0.54816	0.02197	0.02004	0.01899	0.01524	0.00750	0.00583	0.00188	0.00630	0.00591	0.00522	0.00868
12	0.00845	0.00634	0.00950	0.00950	0.01056	0.00739	0.00739	0.01056	0.00950	0.01373	0.01584	0.02323	0.01478	0.04435	0.76873	0.00950	0.01584	0.00634	0.00317	0.00528
13	0.00721	0.00515	0.00686	0.00823	0.00858	0.00480	0.00549	0.00823	0.01132	0.01510	0.03259	0.78831	0.03911	0.01853	0.00755	0.00240	0.00343	0.01681	0.00549	0.00480
14	0.00721	0.00515	0.00686	0.00823	0.00858	0.00480	0.00549	0.00823	0.01132	0.01510	0.03259	0.78831	0.03911	0.01853	0.00755	0.00240	0.00343	0.01681	0.00549	0.00480
15	0.00732	0.00523	0.00700	0.00837	0.00876	0.00490	0.00569	0.00844	0.01144	0.01523	0.03253	0.75224	0.03886	0.01842	0.00758	0.00242	0.00353	0.05173	0.00549	0.00484
16	0.01551	0.73762	0.08647	0.01063	0.01597	0.02267	0.01101	0.01779	0.01205	0.01428	0.00840	0.00971	0.00758	0.00510	0.00393	0.00131	0.00651	0.00325	0.00253	0.00768
17	0.01304	0.01097	0.01268	0.00913	0.01434	0.00868	0.00733	0.06962	0.01344	0.02064	0.01079	0.01241	0.00886	0.00459	0.00450	0.00094	0.00454	0.00364	0.00369	0.76618

[dist]
# distance from previous block
# <min> <max>
1	159

# created by:
# /software/SequenceAnalysis/GenePrediction/augustus/3.0.1/scripts/msa2prfl.pl ./fixed/BUSCOvEOG737STK.fas
