[name]
unknown

[dist]
# distance from previous block
# <min> <max>
0	2

[block]
# block no. 0 follows, 41 sequences, length 18
# corresponding to MSA columns:
# 2-19
name=unknown_A
#
# <colnr> <probs for GDERKNQSTAVLIFYWHMCP>
#	G	D	E	R	K	N	Q	S	T	A	V	L	I	F	Y	W	H	M	C	P
0	0.00706	0.00559	0.00636	0.00662	0.00803	0.00489	0.00479	0.00863	0.01308	0.01662	0.18143	0.24513	0.44182	0.01486	0.00690	0.00201	0.00297	0.01284	0.00549	0.00489
1	0.00697	0.00498	0.00664	0.00796	0.00830	0.00465	0.00531	0.00796	0.01095	0.01460	0.03153	0.79525	0.03783	0.01792	0.00730	0.00232	0.00332	0.01626	0.00531	0.00465
2	0.01569	0.01659	0.02141	0.05633	0.56818	0.18756	0.01601	0.01866	0.01370	0.01748	0.01030	0.01332	0.00862	0.00530	0.00555	0.00165	0.00763	0.00477	0.00285	0.00841
3	0.02263	0.01356	0.01580	0.04620	0.01759	0.01425	0.01023	0.46094	0.02252	0.29138	0.01667	0.01581	0.01119	0.00689	0.00573	0.00174	0.00585	0.00536	0.00606	0.00958
4	0.20041	0.02536	0.59569	0.01430	0.02163	0.01318	0.01772	0.01782	0.01154	0.01984	0.00974	0.01144	0.00701	0.00541	0.00500	0.00180	0.00753	0.00397	0.00267	0.00794
5	0.00683	0.00580	0.00590	0.00587	0.00777	0.00486	0.00440	0.00835	0.01321	0.01587	0.09689	0.05436	0.72178	0.01433	0.00676	0.00192	0.00289	0.01198	0.00537	0.00486
6	0.20346	0.01059	0.06949	0.00959	0.01274	0.00944	0.00808	0.08902	0.01371	0.20871	0.02046	0.28183	0.01947	0.01024	0.00575	0.00196	0.00466	0.00857	0.00516	0.00708
7	0.01157	0.01095	0.01854	0.61404	0.20460	0.01291	0.01627	0.01529	0.01180	0.01554	0.01030	0.01500	0.00795	0.00558	0.00571	0.00186	0.00744	0.00509	0.00261	0.00697
8	0.01252	0.01162	0.01943	0.02891	0.59100	0.01155	0.01476	0.01537	0.01255	0.01775	0.01550	0.19241	0.01563	0.00802	0.00604	0.00184	0.00600	0.00764	0.00340	0.00805
9	0.01321	0.01407	0.01694	0.60940	0.03444	0.18691	0.01478	0.01649	0.01253	0.01447	0.00986	0.01412	0.00757	0.00576	0.00559	0.00181	0.00824	0.00476	0.00263	0.00642
10	0.01350	0.01455	0.02965	0.07865	0.23810	0.01410	0.48825	0.01785	0.01323	0.01817	0.01125	0.01506	0.00872	0.00496	0.00637	0.00186	0.00870	0.00617	0.00285	0.00800
11	0.01015	0.18840	0.01478	0.01000	0.01205	0.01023	0.06905	0.04734	0.01211	0.01572	0.02358	0.51115	0.02701	0.01329	0.00635	0.00201	0.00464	0.01189	0.00447	0.00577
12	0.00770	0.00560	0.00725	0.00734	0.00843	0.00515	0.00531	0.00984	0.01452	0.02013	0.51246	0.25813	0.08954	0.01363	0.00691	0.00196	0.00289	0.01213	0.00596	0.00515
13	0.01388	0.02756	0.52603	0.01627	0.02294	0.18761	0.05410	0.01900	0.01294	0.01698	0.00988	0.01186	0.00736	0.00572	0.00606	0.00177	0.04532	0.00426	0.00256	0.00790
14	0.01294	0.42040	0.18457	0.01031	0.01528	0.01596	0.01096	0.01574	0.01224	0.04550	0.02046	0.02069	0.17959	0.00729	0.00484	0.00154	0.00584	0.00548	0.00328	0.00711
15	0.01217	0.01156	0.01962	0.47975	0.33420	0.01307	0.01656	0.01581	0.01208	0.01627	0.01041	0.01480	0.00821	0.00547	0.00570	0.00182	0.00729	0.00509	0.00266	0.00746
16	0.01715	0.10489	0.14267	0.01956	0.20434	0.30245	0.03481	0.02012	0.01404	0.05767	0.01027	0.01213	0.00818	0.00563	0.00552	0.00161	0.02387	0.00429	0.00300	0.00780
17	0.00692	0.00516	0.00644	0.00747	0.00817	0.00469	0.00509	0.00802	0.01143	0.01480	0.03755	0.62632	0.20286	0.01714	0.00718	0.00223	0.00322	0.01530	0.00531	0.00469

[dist]
# distance from previous block
# <min> <max>
0	2

[block]
# block no. 1 follows, 41 sequences, length 11
# corresponding to MSA columns:
# 22-32
name=unknown_B
#
# <colnr> <probs for GDERKNQSTAVLIFYWHMCP>
#	G	D	E	R	K	N	Q	S	T	A	V	L	I	F	Y	W	H	M	C	P
0	0.00732	0.00530	0.00697	0.00768	0.00841	0.00496	0.00535	0.00885	0.01245	0.01692	0.23508	0.51853	0.07911	0.01694	0.03575	0.00241	0.00357	0.01402	0.00550	0.00488
1	0.11820	0.15392	0.05706	0.02790	0.02891	0.05972	0.00822	0.01494	0.01413	0.05536	0.36752	0.02616	0.02978	0.00841	0.00551	0.00167	0.00467	0.00686	0.00468	0.00641
2	0.07120	0.21694	0.44642	0.01399	0.02079	0.01627	0.01626	0.09873	0.01372	0.01988	0.01036	0.01197	0.00790	0.00575	0.00509	0.00173	0.00749	0.00411	0.00302	0.00838
3	0.01994	0.02107	0.04726	0.01366	0.01764	0.36128	0.01097	0.25448	0.06637	0.02284	0.01200	0.01299	0.00932	0.00642	0.00548	0.00161	0.00801	0.00447	0.00420	0.10000
4	0.01509	0.01380	0.02216	0.10701	0.60387	0.01418	0.01676	0.09828	0.01467	0.02060	0.01147	0.01481	0.00941	0.00565	0.00586	0.00180	0.00696	0.00524	0.00328	0.00908
5	0.01538	0.01288	0.02089	0.13894	0.52990	0.01314	0.01595	0.01927	0.05421	0.10195	0.01311	0.01590	0.01030	0.00585	0.00588	0.00183	0.00671	0.00538	0.00358	0.00896
6	0.00885	0.00627	0.00856	0.00855	0.00940	0.00692	0.00628	0.01035	0.00950	0.01381	0.01658	0.02627	0.01616	0.20949	0.54680	0.00782	0.01228	0.00669	0.06442	0.00499
7	0.00878	0.00588	0.00658	0.00656	0.00660	0.00582	0.00368	0.00866	0.00862	0.01154	0.01841	0.03786	0.02113	0.79369	0.02913	0.00560	0.00569	0.00844	0.00361	0.00371
8	0.01439	0.01368	0.02310	0.07652	0.71848	0.01376	0.01758	0.01767	0.01320	0.01885	0.01116	0.01481	0.00940	0.00543	0.00585	0.00179	0.00698	0.00524	0.00297	0.00912
9	0.01102	0.01005	0.01664	0.73970	0.03766	0.01241	0.01529	0.01469	0.01161	0.01519	0.01085	0.01588	0.00822	0.00592	0.00572	0.00191	0.00742	0.00517	0.04824	0.00641
10	0.02290	0.01460	0.01633	0.01256	0.01710	0.01552	0.01034	0.56449	0.02437	0.21718	0.01613	0.01545	0.01103	0.00706	0.00582	0.00177	0.00601	0.00537	0.00612	0.00983

[dist]
# distance from previous block
# <min> <max>
0	1

[block]
# block no. 2 follows, 41 sequences, length 16
# corresponding to MSA columns:
# 34-49
name=unknown_C
#
# <colnr> <probs for GDERKNQSTAVLIFYWHMCP>
#	G	D	E	R	K	N	Q	S	T	A	V	L	I	F	Y	W	H	M	C	P
0	0.00703	0.00500	0.00662	0.00788	0.00820	0.00469	0.00522	0.00798	0.01083	0.01444	0.03090	0.76033	0.03705	0.05391	0.00831	0.00247	0.00342	0.01589	0.00522	0.00459
1	0.02273	0.01017	0.01307	0.01033	0.01439	0.00950	0.00842	0.07491	0.10416	0.57458	0.07734	0.02105	0.01724	0.00749	0.00583	0.00179	0.00476	0.00614	0.00678	0.00933
2	0.01339	0.01369	0.05127	0.17212	0.55233	0.01347	0.06598	0.01708	0.01273	0.01789	0.01069	0.01436	0.00870	0.00521	0.00574	0.00176	0.00720	0.00517	0.00277	0.00845
3	0.01416	0.01359	0.02322	0.03511	0.76330	0.01359	0.01755	0.01755	0.01302	0.01869	0.01076	0.01416	0.00906	0.00510	0.00566	0.00170	0.00680	0.00510	0.00283	0.00906
4	0.01147	0.02959	0.76934	0.01630	0.02476	0.01328	0.02113	0.01811	0.01208	0.01811	0.01026	0.01208	0.00725	0.00543	0.00543	0.00181	0.00845	0.00423	0.00242	0.00845
5	0.01163	0.02608	0.61871	0.09851	0.06488	0.01329	0.05253	0.01773	0.01212	0.01779	0.01034	0.01267	0.00744	0.00542	0.00553	0.00182	0.00833	0.00447	0.00247	0.00823
6	0.01315	0.02724	0.67994	0.01558	0.02356	0.01271	0.01963	0.01927	0.01258	0.10670	0.01172	0.01295	0.00806	0.00563	0.00547	0.00181	0.00803	0.00441	0.00297	0.00860
7	0.02127	0.12979	0.16873	0.01136	0.01667	0.01148	0.01118	0.02433	0.01481	0.50531	0.01794	0.01647	0.01176	0.00643	0.00538	0.00170	0.00578	0.00505	0.00546	0.00912
8	0.00817	0.00613	0.00919	0.00919	0.01021	0.00715	0.00715	0.01021	0.00919	0.01328	0.01532	0.02247	0.01430	0.04290	0.77631	0.00919	0.01532	0.00613	0.00306	0.00511
9	0.00814	0.00556	0.00671	0.00687	0.00705	0.00567	0.00421	0.00855	0.00875	0.01182	0.01923	0.12489	0.02188	0.59811	0.13377	0.00569	0.00668	0.00894	0.00363	0.00384
10	0.01181	0.02511	0.57409	0.09727	0.12144	0.01330	0.04235	0.01769	0.01218	0.01784	0.01036	0.01277	0.00756	0.00540	0.00553	0.00181	0.00819	0.00450	0.00250	0.00829
11	0.01120	0.01057	0.01787	0.69653	0.12500	0.01281	0.01608	0.01496	0.01162	0.01510	0.01024	0.01512	0.00779	0.00565	0.00571	0.00188	0.00753	0.00508	0.00258	0.00667
12	0.01066	0.00533	0.00533	0.00533	0.00666	0.00533	0.00400	0.01333	0.01200	0.02132	0.01866	0.02132	0.01466	0.00666	0.00400	0.00133	0.00267	0.00533	0.83073	0.00533
13	0.83938	0.01106	0.00841	0.00752	0.01106	0.01283	0.00619	0.01681	0.00973	0.02566	0.00796	0.00929	0.00619	0.00531	0.00354	0.00177	0.00442	0.00310	0.00354	0.00619
14	0.00817	0.00613	0.00919	0.00919	0.01021	0.00715	0.00715	0.01021	0.00919	0.01328	0.01532	0.02247	0.01430	0.04290	0.77631	0.00919	0.01532	0.00613	0.00306	0.00511
15	0.01400	0.01343	0.02294	0.06967	0.72995	0.01355	0.01748	0.01742	0.01295	0.01850	0.01073	0.01421	0.00899	0.00513	0.00567	0.00171	0.00683	0.00510	0.00282	0.00894

[dist]
# distance from previous block
# <min> <max>
0	14

[block]
# block no. 3 follows, 41 sequences, length 6
# corresponding to MSA columns:
# 64-69
name=unknown_D
#
# <colnr> <probs for GDERKNQSTAVLIFYWHMCP>
#	G	D	E	R	K	N	Q	S	T	A	V	L	I	F	Y	W	H	M	C	P
0	0.01452	0.01477	0.08370	0.02744	0.43044	0.01298	0.18174	0.01835	0.01323	0.07555	0.01176	0.01453	0.00918	0.00515	0.00580	0.00171	0.00726	0.00534	0.00317	0.06338
1	0.01368	0.15930	0.45336	0.01395	0.02058	0.01509	0.01621	0.14418	0.01489	0.02080	0.06620	0.01414	0.01117	0.00606	0.00528	0.00169	0.00724	0.00464	0.00329	0.00826
2	0.01222	0.08336	0.58495	0.01911	0.15297	0.01402	0.01968	0.01794	0.01221	0.01787	0.01018	0.01223	0.00757	0.00534	0.00535	0.00175	0.00799	0.00429	0.00249	0.00848
3	0.01412	0.34540	0.38445	0.01347	0.01986	0.10067	0.01539	0.01823	0.01234	0.01576	0.00916	0.01070	0.00730	0.00526	0.00468	0.00153	0.00770	0.00369	0.00249	0.00780
4	0.01410	0.01584	0.19933	0.01773	0.08062	0.01137	0.25625	0.01752	0.01242	0.12209	0.01241	0.01532	0.00935	0.00791	0.00885	0.14703	0.00746	0.00545	0.00331	0.03563
5	0.01270	0.01149	0.01789	0.02250	0.38267	0.01088	0.04871	0.05075	0.01309	0.01879	0.01443	0.15004	0.01396	0.00721	0.00567	0.00162	0.00571	0.00673	0.00354	0.20162

[dist]
# distance from previous block
# <min> <max>
0	1

[block]
# block no. 4 follows, 41 sequences, length 7
# corresponding to MSA columns:
# 71-77
name=unknown_E
#
# <colnr> <probs for GDERKNQSTAVLIFYWHMCP>
#	G	D	E	R	K	N	Q	S	T	A	V	L	I	F	Y	W	H	M	C	P
0	0.01074	0.00809	0.00955	0.00916	0.01088	0.00840	0.00680	0.13080	0.12721	0.02162	0.21536	0.35800	0.03438	0.01299	0.00668	0.00203	0.00382	0.01146	0.00571	0.00633
1	0.01636	0.01257	0.01370	0.01139	0.01517	0.01364	0.00907	0.21170	0.40436	0.07354	0.05149	0.01914	0.01585	0.00727	0.00565	0.00174	0.00489	0.00591	0.00562	0.10093
2	0.02205	0.01552	0.01686	0.01292	0.01749	0.01700	0.01068	0.68731	0.02606	0.09415	0.01443	0.01419	0.01008	0.00688	0.00572	0.00172	0.00618	0.00520	0.00583	0.00973
3	0.02196	0.01456	0.01613	0.01248	0.01694	0.01571	0.01027	0.55733	0.07614	0.17454	0.01609	0.01536	0.01112	0.00697	0.00573	0.00174	0.00590	0.00536	0.00599	0.00968
4	0.01832	0.22480	0.01881	0.01262	0.01589	0.49594	0.01010	0.02003	0.01502	0.01485	0.09225	0.01363	0.01255	0.00628	0.00495	0.00145	0.00838	0.00426	0.00319	0.00668
5	0.01155	0.00892	0.01018	0.00766	0.01178	0.00703	0.00606	0.01413	0.01190	0.01933	0.01236	0.01430	0.01007	0.00486	0.00417	0.00097	0.00383	0.00389	0.21677	0.62024
6	0.00780	0.00562	0.00739	0.00739	0.00848	0.00520	0.00537	0.01006	0.01484	0.02079	0.57233	0.23681	0.04981	0.01330	0.00689	0.00193	0.00286	0.01187	0.00604	0.00520

[dist]
# distance from previous block
# <min> <max>
0	3

[block]
# block no. 5 follows, 41 sequences, length 18
# corresponding to MSA columns:
# 81-98
name=unknown_F
#
# <colnr> <probs for GDERKNQSTAVLIFYWHMCP>
#	G	D	E	R	K	N	Q	S	T	A	V	L	I	F	Y	W	H	M	C	P
0	0.00858	0.00707	0.01083	0.30636	0.02045	0.00786	0.00961	0.01075	0.01127	0.01476	0.02325	0.45133	0.02594	0.01311	0.00673	0.00218	0.00509	0.05525	0.00424	0.00534
1	0.01250	0.02345	0.48306	0.02352	0.30813	0.01340	0.01976	0.01790	0.01244	0.01833	0.01045	0.01287	0.00794	0.00530	0.00552	0.00177	0.00782	0.00456	0.00257	0.00869
2	0.01269	0.01367	0.01053	0.01078	0.01220	0.30078	0.00785	0.01401	0.01316	0.01459	0.02272	0.43117	0.02572	0.01312	0.00653	0.00202	0.00617	0.07243	0.00440	0.00546
3	0.01147	0.02959	0.76934	0.01630	0.02476	0.01328	0.02113	0.01811	0.01208	0.01811	0.01026	0.01208	0.00725	0.00543	0.00543	0.00181	0.00845	0.00423	0.00242	0.00845
4	0.01414	0.00680	0.00918	0.00881	0.01072	0.00609	0.00650	0.01560	0.01303	0.30339	0.02809	0.49759	0.02875	0.01376	0.00671	0.00211	0.00391	0.01223	0.00599	0.00660
5	0.33616	0.01063	0.01136	0.00938	0.01328	0.01098	0.00766	0.02401	0.12505	0.37047	0.01707	0.01585	0.01160	0.00650	0.00491	0.00180	0.00465	0.00484	0.00553	0.00827
6	0.01122	0.02214	0.48073	0.31134	0.03037	0.01306	0.01912	0.01677	0.01183	0.01677	0.01023	0.01329	0.00739	0.00554	0.00554	0.00185	0.00814	0.00456	0.00246	0.00765
7	0.01253	0.02295	0.47911	0.01451	0.02096	0.01365	0.01650	0.02283	0.29635	0.02034	0.01526	0.01563	0.01117	0.00633	0.00558	0.00186	0.00695	0.00509	0.00372	0.00868
8	0.01390	0.01430	0.02726	0.03089	0.48190	0.01393	0.29572	0.01785	0.01321	0.01855	0.01107	0.01464	0.00891	0.00499	0.00608	0.00179	0.00789	0.00573	0.00285	0.00854
9	0.00975	0.00778	0.00905	0.00937	0.01082	0.00832	0.00675	0.01657	0.29566	0.01818	0.02836	0.49830	0.03001	0.01402	0.00673	0.00218	0.00378	0.01250	0.00551	0.00634
10	0.01186	0.01017	0.01186	0.00847	0.01356	0.00762	0.00678	0.01440	0.01186	0.01864	0.01017	0.01186	0.00847	0.00424	0.00424	0.00085	0.00424	0.00339	0.00339	0.83395
11	0.00879	0.00630	0.00861	0.00925	0.01058	0.00613	0.00775	0.01145	0.01433	0.01935	0.31038	0.05616	0.04100	0.01422	0.00746	0.00231	0.00428	0.45067	0.00566	0.00532
12	0.01190	0.00971	0.01078	0.01032	0.01252	0.01077	0.00773	0.06539	0.42391	0.02109	0.02586	0.31782	0.02480	0.01160	0.00638	0.00207	0.00417	0.01014	0.00562	0.00740
13	0.00783	0.00559	0.00763	0.00895	0.00966	0.00539	0.00681	0.00946	0.01180	0.01557	0.03105	0.51487	0.03595	0.01711	0.00753	0.00244	0.00407	0.28812	0.00529	0.00488
14	0.01694	0.01240	0.01412	0.01215	0.01548	0.01346	0.01024	0.46322	0.02163	0.02878	0.02008	0.03322	0.01863	0.01029	0.00656	0.00207	0.00590	0.28128	0.00555	0.00802
15	0.01209	0.01148	0.01948	0.49741	0.31715	0.01305	0.01653	0.01574	0.01205	0.01618	0.01039	0.01483	0.00818	0.00548	0.00570	0.00183	0.00731	0.00509	0.00265	0.00739
16	0.01350	0.01543	0.03375	0.02411	0.02989	0.01446	0.74253	0.01832	0.01350	0.01832	0.01157	0.01543	0.00868	0.00482	0.00675	0.00193	0.00964	0.00675	0.00289	0.00771
17	0.01250	0.02345	0.48306	0.02352	0.30813	0.01340	0.01976	0.01790	0.01244	0.01833	0.01045	0.01287	0.00794	0.00530	0.00552	0.00177	0.00782	0.00456	0.00257	0.00869

[dist]
# distance from previous block
# <min> <max>
5	8

[block]
# block no. 6 follows, 41 sequences, length 17
# corresponding to MSA columns:
# 107-123
name=unknown_G
#
# <colnr> <probs for GDERKNQSTAVLIFYWHMCP>
#	G	D	E	R	K	N	Q	S	T	A	V	L	I	F	Y	W	H	M	C	P
0	0.01230	0.02463	0.53835	0.02212	0.25340	0.01338	0.02003	0.01794	0.01237	0.01829	0.01042	0.01272	0.00781	0.00533	0.00550	0.00178	0.00794	0.00450	0.00254	0.00864
1	0.00999	0.00892	0.01469	0.54498	0.03036	0.01099	0.01318	0.01325	0.01074	0.01420	0.01176	0.01749	0.00969	0.01723	0.24428	0.00416	0.01001	0.00541	0.00270	0.00597
2	0.74520	0.01099	0.00896	0.00788	0.01148	0.01252	0.00647	0.01817	0.03509	0.08634	0.00967	0.01053	0.00722	0.00554	0.00380	0.00178	0.00446	0.00343	0.00391	0.00658
3	0.01266	0.26885	0.54045	0.01429	0.02164	0.01618	0.01762	0.01781	0.01194	0.01667	0.00955	0.01118	0.00728	0.00527	0.00489	0.00163	0.00773	0.00387	0.00243	0.00811
4	0.01613	0.01003	0.01230	0.00900	0.01388	0.00787	0.00728	0.01857	0.01326	0.25040	0.01401	0.01422	0.01023	0.00512	0.00471	0.00113	0.00443	0.00412	0.00453	0.57878
5	0.00698	0.00583	0.00610	0.00609	0.00795	0.00494	0.00461	0.00859	0.01336	0.01626	0.12786	0.05412	0.66540	0.01425	0.00680	0.00194	0.00296	0.03566	0.00541	0.00490
6	0.00962	0.00856	0.01390	0.54460	0.02977	0.01021	0.01261	0.01256	0.01129	0.01461	0.01678	0.25673	0.01698	0.00950	0.00621	0.00204	0.00629	0.00854	0.00340	0.00583
7	0.00815	0.00512	0.00627	0.00712	0.00780	0.00488	0.00491	0.00972	0.01145	0.01696	0.05189	0.53051	0.03120	0.01423	0.00626	0.00200	0.00310	0.01268	0.26088	0.00488
8	0.00882	0.00537	0.00661	0.00661	0.00661	0.00537	0.00393	0.00805	0.00805	0.01073	0.01552	0.03123	0.01743	0.55778	0.02702	0.26189	0.00537	0.00728	0.00316	0.00316
9	0.83938	0.01106	0.00841	0.00752	0.01106	0.01283	0.00619	0.01681	0.00973	0.02566	0.00796	0.00929	0.00619	0.00531	0.00354	0.00177	0.00442	0.00310	0.00354	0.00619
10	0.01043	0.02224	0.53353	0.01348	0.01974	0.01084	0.01626	0.01585	0.01335	0.01961	0.24246	0.02157	0.02171	0.00737	0.00584	0.00181	0.00667	0.00612	0.00362	0.00751
11	0.01395	0.01054	0.01104	0.00985	0.01265	0.01186	0.00769	0.10352	0.44382	0.02445	0.02080	0.02050	0.01574	0.00732	0.00525	0.00173	0.00414	0.00597	0.26119	0.00798
12	0.01306	0.55581	0.02306	0.00898	0.01278	0.01730	0.00843	0.01517	0.01304	0.01639	0.24086	0.01956	0.02178	0.00700	0.00462	0.00140	0.00506	0.00531	0.00364	0.00674
13	0.00817	0.00613	0.00919	0.00919	0.01021	0.00715	0.00715	0.01021	0.00919	0.01328	0.01532	0.02247	0.01430	0.04290	0.77631	0.00919	0.01532	0.00613	0.00306	0.00511
14	0.01381	0.50266	0.31676	0.01231	0.01859	0.01901	0.01419	0.01751	0.01180	0.01526	0.00885	0.01030	0.00730	0.00510	0.00435	0.00145	0.00702	0.00351	0.00243	0.00777
15	0.02139	0.01092	0.01479	0.01183	0.01489	0.01171	0.00981	0.06051	0.01456	0.49622	0.01745	0.01702	0.01187	0.00798	0.00978	0.00199	0.24755	0.00549	0.00559	0.00866
16	0.00832	0.00555	0.00624	0.00624	0.00624	0.00555	0.00347	0.00832	0.00832	0.01109	0.01802	0.03743	0.02080	0.79898	0.02911	0.00555	0.00555	0.00832	0.00347	0.00347

[dist]
# distance from previous block
# <min> <max>
0	1

[block]
# block no. 7 follows, 41 sequences, length 27
# corresponding to MSA columns:
# 125-151
name=unknown_H
#
# <colnr> <probs for GDERKNQSTAVLIFYWHMCP>
#	G	D	E	R	K	N	Q	S	T	A	V	L	I	F	Y	W	H	M	C	P
0	0.01472	0.01619	0.03416	0.02466	0.03046	0.01507	0.72834	0.01910	0.01425	0.01944	0.01280	0.01710	0.00987	0.00567	0.00726	0.00215	0.00998	0.00711	0.00333	0.00834
1	0.01207	0.01104	0.01790	0.77055	0.03977	0.01335	0.01625	0.01547	0.01222	0.01581	0.01142	0.01693	0.00883	0.00655	0.00625	0.00213	0.00800	0.00548	0.00298	0.00700
2	0.00831	0.00595	0.00759	0.00884	0.00929	0.00545	0.00588	0.00895	0.01175	0.01579	0.03236	0.78131	0.03843	0.01851	0.00780	0.00254	0.00378	0.01643	0.00570	0.00533
3	0.01207	0.01104	0.01790	0.77055	0.03977	0.01335	0.01625	0.01547	0.01222	0.01581	0.01142	0.01693	0.00883	0.00655	0.00625	0.00213	0.00800	0.00548	0.00298	0.00700
4	0.01537	0.01416	0.02203	0.03130	0.61730	0.01432	0.01639	0.02061	0.14416	0.02072	0.01421	0.01712	0.01172	0.00641	0.00622	0.00197	0.00678	0.00574	0.00379	0.00965
5	0.00835	0.00676	0.00709	0.00696	0.00888	0.00572	0.00513	0.00965	0.01435	0.01795	0.18200	0.05375	0.62253	0.01465	0.00727	0.00213	0.00333	0.01202	0.00587	0.00561
6	0.01190	0.02588	0.62049	0.01516	0.02242	0.01242	0.01843	0.01715	0.01302	0.01877	0.01992	0.02139	0.14127	0.00787	0.00620	0.00206	0.00783	0.00602	0.00337	0.00842
7	0.00811	0.00675	0.00677	0.00671	0.00873	0.00562	0.00494	0.00919	0.01379	0.01663	0.05825	0.05593	0.74710	0.01514	0.00727	0.00216	0.00336	0.01233	0.00570	0.00551
8	0.00828	0.00610	0.00744	0.00846	0.00919	0.00548	0.00572	0.00900	0.01212	0.01594	0.03701	0.65088	0.16586	0.01790	0.00770	0.00247	0.00370	0.01570	0.00570	0.00536
9	0.01849	0.01535	0.01439	0.01276	0.01619	0.14815	0.00980	0.02921	0.49301	0.14033	0.02162	0.02066	0.01617	0.00812	0.00622	0.00206	0.00603	0.00623	0.00589	0.00933
10	0.01225	0.01012	0.01179	0.00925	0.01352	0.00784	0.00706	0.01413	0.01248	0.01904	0.01519	0.15164	0.01484	0.00751	0.00533	0.00135	0.00451	0.00609	0.00415	0.67190
11	0.01321	0.02702	0.62175	0.01619	0.02368	0.01408	0.01926	0.02106	0.14340	0.02026	0.01381	0.01545	0.01026	0.00668	0.00604	0.00206	0.00812	0.00504	0.00346	0.00917
12	0.00937	0.00680	0.00851	0.00803	0.00950	0.00616	0.00593	0.01162	0.01676	0.02367	0.71864	0.04434	0.08232	0.01252	0.00726	0.00203	0.00318	0.01070	0.00662	0.00604
13	0.02115	0.02538	0.01821	0.01906	0.14987	0.62703	0.01266	0.02260	0.01634	0.01603	0.01046	0.01277	0.00888	0.00658	0.00579	0.00175	0.01001	0.00436	0.00336	0.00770
14	0.01489	0.01721	0.15531	0.03213	0.61904	0.01416	0.01852	0.01845	0.01361	0.01970	0.01192	0.01549	0.00992	0.00600	0.00615	0.00195	0.00748	0.00534	0.00319	0.00955
15	0.83208	0.01147	0.00885	0.00794	0.01151	0.01313	0.00646	0.01720	0.01013	0.02613	0.00859	0.01015	0.00678	0.00571	0.00381	0.00188	0.00463	0.00331	0.00374	0.00651
16	0.00697	0.00498	0.00664	0.00796	0.00830	0.00465	0.00531	0.00796	0.01095	0.01460	0.03153	0.79525	0.03783	0.01792	0.00730	0.00232	0.00332	0.01626	0.00531	0.00465
17	0.01080	0.01017	0.01716	0.78523	0.03940	0.01271	0.01589	0.01461	0.01144	0.01461	0.01017	0.01525	0.00762	0.00572	0.00572	0.00191	0.00762	0.00508	0.00254	0.00635
18	0.02137	0.02726	0.01621	0.01474	0.01768	0.77602	0.01105	0.02284	0.01621	0.01400	0.00884	0.01031	0.00737	0.00589	0.00516	0.00147	0.01031	0.00368	0.00295	0.00663
19	0.01529	0.80242	0.02997	0.00979	0.01468	0.02263	0.00979	0.01713	0.01162	0.01346	0.00795	0.00918	0.00734	0.00489	0.00367	0.00122	0.00612	0.00306	0.00245	0.00734
20	0.00697	0.00498	0.00664	0.00796	0.00830	0.00465	0.00531	0.00796	0.01095	0.01460	0.03153	0.79525	0.03783	0.01792	0.00730	0.00232	0.00332	0.01626	0.00531	0.00465
21	0.01416	0.01359	0.02322	0.03511	0.76330	0.01359	0.01755	0.01755	0.01302	0.01869	0.01076	0.01416	0.00906	0.00510	0.00566	0.00170	0.00680	0.00510	0.00283	0.00906
22	0.02566	0.00973	0.01327	0.01018	0.01460	0.00841	0.00841	0.02788	0.01637	0.76726	0.02257	0.01947	0.01416	0.00708	0.00575	0.00177	0.00487	0.00575	0.00708	0.00973
23	0.02566	0.00973	0.01327	0.01018	0.01460	0.00841	0.00841	0.02788	0.01637	0.76726	0.02257	0.01947	0.01416	0.00708	0.00575	0.00177	0.00487	0.00575	0.00708	0.00973
24	0.00724	0.00517	0.00695	0.00828	0.00873	0.00488	0.00578	0.00843	0.01122	0.01491	0.03138	0.70688	0.03724	0.01766	0.00737	0.00236	0.00355	0.10195	0.00530	0.00472
25	0.01529	0.80242	0.02997	0.00979	0.01468	0.02263	0.00979	0.01713	0.01162	0.01346	0.00795	0.00918	0.00734	0.00489	0.00367	0.00122	0.00612	0.00306	0.00245	0.00734
26	0.01416	0.01359	0.02322	0.03511	0.76330	0.01359	0.01755	0.01755	0.01302	0.01869	0.01076	0.01416	0.00906	0.00510	0.00566	0.00170	0.00680	0.00510	0.00283	0.00906

[dist]
# distance from previous block
# <min> <max>
0	1

[block]
# block no. 8 follows, 41 sequences, length 40
# corresponding to MSA columns:
# 153-192
name=unknown_I
#
# <colnr> <probs for GDERKNQSTAVLIFYWHMCP>
#	G	D	E	R	K	N	Q	S	T	A	V	L	I	F	Y	W	H	M	C	P
0	0.01529	0.80242	0.02997	0.00979	0.01468	0.02263	0.00979	0.01713	0.01162	0.01346	0.00795	0.00918	0.00734	0.00489	0.00367	0.00122	0.00612	0.00306	0.00245	0.00734
1	0.01302	0.01465	0.03174	0.02291	0.02829	0.01374	0.68778	0.01755	0.01331	0.01805	0.01305	0.07334	0.01084	0.00579	0.00679	0.00196	0.00917	0.00746	0.00307	0.00749
2	0.01355	0.01529	0.03297	0.02492	0.08436	0.01440	0.68869	0.01827	0.01347	0.01835	0.01151	0.01533	0.00871	0.00484	0.00667	0.00191	0.00943	0.00663	0.00289	0.00781
3	0.00817	0.00613	0.00919	0.00919	0.01021	0.00715	0.00715	0.01021	0.00919	0.01328	0.01532	0.02247	0.01430	0.04290	0.77631	0.00919	0.01532	0.00613	0.00306	0.00511
4	0.00697	0.00498	0.00664	0.00796	0.00830	0.00465	0.00531	0.00796	0.01095	0.01460	0.03153	0.79525	0.03783	0.01792	0.00730	0.00232	0.00332	0.01626	0.00531	0.00465
5	0.02137	0.02726	0.01621	0.01474	0.01768	0.77602	0.01105	0.02284	0.01621	0.01400	0.00884	0.01031	0.00737	0.00589	0.00516	0.00147	0.01031	0.00368	0.00295	0.00663
6	0.01147	0.02959	0.76934	0.01630	0.02476	0.01328	0.02113	0.01811	0.01208	0.01811	0.01026	0.01208	0.00725	0.00543	0.00543	0.00181	0.00845	0.00423	0.00242	0.00845
7	0.00681	0.00561	0.00599	0.00629	0.00786	0.00479	0.00457	0.00815	0.01256	0.01526	0.05188	0.22506	0.59488	0.01527	0.00688	0.00202	0.00299	0.01303	0.00531	0.00479
8	0.00810	0.00585	0.00765	0.00720	0.00855	0.00540	0.00540	0.01079	0.01619	0.02294	0.76028	0.04273	0.05397	0.01169	0.00675	0.00180	0.00270	0.01034	0.00630	0.00540
9	0.77611	0.01096	0.00879	0.00773	0.01134	0.01249	0.00637	0.01767	0.01025	0.08332	0.00910	0.01008	0.00681	0.00545	0.00371	0.00177	0.00446	0.00330	0.00381	0.00647
10	0.83938	0.01106	0.00841	0.00752	0.01106	0.01283	0.00619	0.01681	0.00973	0.02566	0.00796	0.00929	0.00619	0.00531	0.00354	0.00177	0.00442	0.00310	0.00354	0.00619
11	0.01462	0.01485	0.02930	0.02146	0.02674	0.01431	0.57598	0.02111	0.14011	0.05722	0.01451	0.01717	0.01083	0.00571	0.00670	0.00199	0.00864	0.00677	0.00374	0.00824
12	0.01187	0.02974	0.76480	0.01653	0.02497	0.01348	0.02122	0.01836	0.01232	0.01847	0.01066	0.01263	0.00763	0.00570	0.00560	0.00188	0.00857	0.00436	0.00256	0.00865
13	0.05582	0.01122	0.01384	0.01025	0.01515	0.00950	0.05395	0.06185	0.04204	0.08724	0.01237	0.01367	0.00968	0.00515	0.00483	0.00122	0.00492	0.00416	0.00407	0.57908
14	0.76184	0.01131	0.00912	0.00809	0.01168	0.01286	0.00659	0.01815	0.03902	0.06312	0.00970	0.01084	0.00742	0.00576	0.00392	0.00185	0.00459	0.00350	0.00394	0.00669
15	0.01215	0.08562	0.71134	0.01606	0.02424	0.01416	0.02039	0.01829	0.01229	0.01813	0.01050	0.01242	0.00764	0.00566	0.00548	0.00184	0.00840	0.00427	0.00256	0.00857
16	0.01137	0.06882	0.55427	0.01424	0.02095	0.01229	0.01713	0.01658	0.01265	0.01847	0.09402	0.07826	0.01521	0.00731	0.00576	0.00186	0.00726	0.00589	0.00324	0.03442
17	0.01567	0.79767	0.03013	0.01005	0.01496	0.02277	0.00994	0.01738	0.01187	0.01384	0.00837	0.00975	0.00773	0.00516	0.00385	0.00130	0.00624	0.00320	0.00259	0.00754
18	0.01533	0.01291	0.01360	0.01204	0.01542	0.01476	0.00939	0.09905	0.67884	0.02541	0.02268	0.02110	0.01704	0.00793	0.00598	0.00199	0.00483	0.00646	0.00593	0.00931
19	0.01389	0.01567	0.03388	0.02428	0.03007	0.01466	0.73803	0.01857	0.01374	0.01868	0.01196	0.01596	0.00906	0.00509	0.00691	0.00200	0.00975	0.00687	0.00303	0.00791
20	0.01940	0.02359	0.01679	0.01504	0.01725	0.57414	0.01158	0.02070	0.01449	0.01432	0.00890	0.01145	0.00779	0.00723	0.00887	0.00182	0.21277	0.00416	0.00297	0.00674
21	0.01567	0.79767	0.03013	0.01005	0.01496	0.02277	0.00994	0.01738	0.01187	0.01384	0.00837	0.00975	0.00773	0.00516	0.00385	0.00130	0.00624	0.00320	0.00259	0.00754
22	0.00740	0.00529	0.00694	0.00824	0.00861	0.00490	0.00549	0.00828	0.01120	0.01498	0.03179	0.79083	0.03802	0.01811	0.00746	0.00239	0.00346	0.01632	0.00543	0.00486
23	0.01454	0.01384	0.02341	0.03521	0.75882	0.01379	0.01766	0.01781	0.01326	0.01904	0.01115	0.01470	0.00943	0.00536	0.00583	0.00177	0.00692	0.00522	0.00297	0.00925
24	0.00852	0.00615	0.00794	0.00748	0.00886	0.00565	0.00558	0.01109	0.01641	0.02326	0.75592	0.04308	0.05406	0.01192	0.00691	0.00187	0.00285	0.01044	0.00641	0.00561
25	0.01291	0.01278	0.01775	0.01525	0.01529	0.01769	0.01265	0.01404	0.00903	0.01415	0.00792	0.01306	0.00789	0.01025	0.01886	0.00257	0.78367	0.00513	0.00264	0.00646
26	0.01187	0.02974	0.76480	0.01653	0.02497	0.01348	0.02122	0.01836	0.01232	0.01847	0.01066	0.01263	0.00763	0.00570	0.00560	0.00188	0.00857	0.00436	0.00256	0.00865
27	0.01187	0.02974	0.76480	0.01653	0.02497	0.01348	0.02122	0.01836	0.01232	0.01847	0.01066	0.01263	0.00763	0.00570	0.00560	0.00188	0.00857	0.00436	0.00256	0.00865
28	0.02074	0.02582	0.01659	0.01500	0.01765	0.68865	0.01136	0.02207	0.01562	0.01436	0.00910	0.01112	0.00777	0.00661	0.00681	0.00166	0.09529	0.00396	0.00304	0.00679
29	0.01461	0.01255	0.01320	0.01189	0.01515	0.01442	0.00921	0.03057	0.74851	0.02425	0.02360	0.02183	0.01778	0.00801	0.00599	0.00201	0.00466	0.00658	0.00594	0.00924
30	0.01461	0.01255	0.01320	0.01189	0.01515	0.01442	0.00921	0.03057	0.74851	0.02425	0.02360	0.02183	0.01778	0.00801	0.00599	0.00201	0.00466	0.00658	0.00594	0.00924
31	0.00719	0.00610	0.00610	0.00609	0.00805	0.00508	0.00453	0.00852	0.01328	0.01582	0.05804	0.05533	0.75658	0.01469	0.00692	0.00200	0.00305	0.01215	0.00543	0.00504
32	0.01187	0.02974	0.76480	0.01653	0.02497	0.01348	0.02122	0.01836	0.01232	0.01847	0.01066	0.01263	0.00763	0.00570	0.00560	0.00188	0.00857	0.00436	0.00256	0.00865
33	0.01187	0.02974	0.76480	0.01653	0.02497	0.01348	0.02122	0.01836	0.01232	0.01847	0.01066	0.01263	0.00763	0.00570	0.00560	0.00188	0.00857	0.00436	0.00256	0.00865
34	0.00740	0.00529	0.00694	0.00824	0.00861	0.00490	0.00549	0.00828	0.01120	0.01498	0.03179	0.79083	0.03802	0.01811	0.00746	0.00239	0.00346	0.01632	0.00543	0.00486
35	0.01187	0.02974	0.76480	0.01653	0.02497	0.01348	0.02122	0.01836	0.01232	0.01847	0.01066	0.01263	0.00763	0.00570	0.00560	0.00188	0.00857	0.00436	0.00256	0.00865
36	0.02561	0.01009	0.01352	0.01049	0.01489	0.00882	0.00859	0.02814	0.04015	0.73908	0.02291	0.02003	0.01461	0.00736	0.00592	0.00185	0.00499	0.00590	0.00715	0.00990
37	0.00740	0.00529	0.00694	0.00824	0.00861	0.00490	0.00549	0.00828	0.01120	0.01498	0.03179	0.79083	0.03802	0.01811	0.00746	0.00239	0.00346	0.01632	0.00543	0.00486
38	0.77299	0.01127	0.00935	0.06556	0.01346	0.01302	0.00709	0.01691	0.01012	0.02515	0.00854	0.01030	0.00669	0.00561	0.00388	0.00185	0.00480	0.00338	0.00360	0.00641
39	0.01358	0.02703	0.59898	0.01792	0.09515	0.06991	0.01948	0.01915	0.01294	0.05582	0.01122	0.01307	0.00816	0.00578	0.00562	0.00185	0.00836	0.00448	0.00287	0.00863

[dist]
# distance from previous block
# <min> <max>
0	1

[block]
# block no. 9 follows, 41 sequences, length 103
# corresponding to MSA columns:
# 194-296
name=unknown_J
#
# <colnr> <probs for GDERKNQSTAVLIFYWHMCP>
#	G	D	E	R	K	N	Q	S	T	A	V	L	I	F	Y	W	H	M	C	P
0	0.00848	0.00608	0.00771	0.00895	0.00942	0.00555	0.00596	0.00908	0.01185	0.01595	0.03246	0.77955	0.03851	0.01858	0.00786	0.00257	0.00384	0.01646	0.00575	0.00541
1	0.82213	0.01202	0.00944	0.00852	0.01212	0.01355	0.00682	0.01773	0.01066	0.02676	0.00943	0.01131	0.00759	0.00626	0.00418	0.00203	0.00492	0.00359	0.00402	0.00693
2	0.01537	0.01432	0.02273	0.05004	0.50026	0.01448	0.08991	0.02107	0.16491	0.02086	0.01478	0.01769	0.01203	0.00658	0.00640	0.00204	0.00708	0.00599	0.00393	0.00952
3	0.82213	0.01202	0.00944	0.00852	0.01212	0.01355	0.00682	0.01773	0.01066	0.02676	0.00943	0.01131	0.00759	0.00626	0.00418	0.00203	0.00492	0.00359	0.00402	0.00693
4	0.01706	0.72915	0.02952	0.01109	0.01588	0.07793	0.01043	0.01845	0.01284	0.01487	0.00948	0.01128	0.00871	0.00592	0.00442	0.00151	0.00688	0.00360	0.00298	0.00800
5	0.01662	0.78554	0.03052	0.01073	0.01566	0.02313	0.01033	0.01803	0.01250	0.01483	0.00942	0.01120	0.00871	0.00585	0.00431	0.00149	0.00657	0.00355	0.00295	0.00805
6	0.01502	0.07624	0.04817	0.01501	0.01642	0.04369	0.01265	0.07976	0.01220	0.01760	0.03890	0.01539	0.01084	0.00992	0.01530	0.00249	0.55407	0.00545	0.00344	0.00744
7	0.15150	0.01353	0.02046	0.05856	0.55330	0.01377	0.01541	0.01781	0.01306	0.02063	0.01193	0.01577	0.01015	0.00820	0.04853	0.00239	0.00735	0.00527	0.00344	0.00893
8	0.01662	0.78554	0.03052	0.01073	0.01566	0.02313	0.01033	0.01803	0.01250	0.01483	0.00942	0.01120	0.00871	0.00585	0.00431	0.00149	0.00657	0.00355	0.00295	0.00805
9	0.01139	0.00911	0.01429	0.01371	0.01587	0.00874	0.13103	0.01395	0.01407	0.01860	0.02815	0.05718	0.02970	0.01470	0.00826	0.00276	0.00646	0.59029	0.00531	0.00643
10	0.05024	0.72299	0.05846	0.01089	0.01590	0.02236	0.01063	0.01806	0.01245	0.01551	0.00951	0.01132	0.00866	0.00589	0.00438	0.00154	0.00659	0.00360	0.00299	0.00804
11	0.00850	0.00688	0.00720	0.00706	0.00899	0.00582	0.00519	0.00974	0.01441	0.01801	0.17441	0.05400	0.62845	0.01477	0.00733	0.00216	0.00339	0.01208	0.00591	0.00569
12	0.00828	0.00687	0.00689	0.00683	0.00886	0.00572	0.00502	0.00932	0.01389	0.01678	0.05828	0.05604	0.74535	0.01523	0.00733	0.00219	0.00342	0.01236	0.00575	0.00559
13	0.01716	0.07726	0.01550	0.01249	0.01601	0.07050	0.00977	0.02918	0.56136	0.08698	0.02206	0.02116	0.01677	0.00823	0.00619	0.00209	0.00559	0.00635	0.00587	0.00947
14	0.01551	0.01449	0.02392	0.03548	0.74740	0.01429	0.01793	0.01845	0.01388	0.01994	0.01216	0.01607	0.01039	0.00605	0.00626	0.00196	0.00723	0.00554	0.00332	0.00973
15	0.00977	0.00668	0.00754	0.00741	0.00776	0.00640	0.00445	0.00980	0.01048	0.01433	0.13317	0.03963	0.02695	0.66122	0.02575	0.00514	0.00557	0.00900	0.00438	0.00456
16	0.00848	0.00608	0.00771	0.00895	0.00942	0.00555	0.00596	0.00908	0.01185	0.01595	0.03246	0.77955	0.03851	0.01858	0.00786	0.00257	0.00384	0.01646	0.00575	0.00541
17	0.01512	0.01410	0.02322	0.12247	0.66345	0.01419	0.01773	0.01811	0.01369	0.01947	0.01209	0.01619	0.01022	0.00612	0.00627	0.00198	0.00733	0.00554	0.00329	0.00942
18	0.00832	0.00555	0.00624	0.00624	0.00624	0.00555	0.00347	0.00832	0.00832	0.01109	0.01802	0.03743	0.02080	0.79898	0.02911	0.00555	0.00555	0.00832	0.00347	0.00347
19	0.00696	0.00501	0.00660	0.00788	0.00827	0.00465	0.00527	0.00797	0.01103	0.01464	0.03258	0.76583	0.06657	0.01778	0.00728	0.00231	0.00330	0.01609	0.00531	0.00465
20	0.00697	0.00498	0.00664	0.00796	0.00830	0.00465	0.00531	0.00796	0.01095	0.01460	0.03153	0.79525	0.03783	0.01792	0.00730	0.00232	0.00332	0.01626	0.00531	0.00465
21	0.83938	0.01106	0.00841	0.00752	0.01106	0.01283	0.00619	0.01681	0.00973	0.02566	0.00796	0.00929	0.00619	0.00531	0.00354	0.00177	0.00442	0.00310	0.00354	0.00619
22	0.00810	0.00585	0.00765	0.00720	0.00855	0.00540	0.00540	0.01079	0.01619	0.02294	0.76028	0.04273	0.05397	0.01169	0.00675	0.00180	0.00270	0.01034	0.00630	0.00540
23	0.00994	0.00497	0.00745	0.00745	0.00745	0.00497	0.00497	0.00745	0.00745	0.00994	0.00994	0.01739	0.00994	0.01987	0.02235	0.83358	0.00497	0.00497	0.00248	0.00248
24	0.02566	0.00973	0.01327	0.01018	0.01460	0.00841	0.00841	0.02788	0.01637	0.76726	0.02257	0.01947	0.01416	0.00708	0.00575	0.00177	0.00487	0.00575	0.00708	0.00973
25	0.01416	0.01359	0.02322	0.03511	0.76330	0.01359	0.01755	0.01755	0.01302	0.01869	0.01076	0.01416	0.00906	0.00510	0.00566	0.00170	0.00680	0.00510	0.00283	0.00906
26	0.01249	0.23508	0.57275	0.01457	0.02208	0.01577	0.01812	0.01785	0.01196	0.01688	0.00965	0.01130	0.00727	0.00529	0.00497	0.00166	0.00783	0.00392	0.00242	0.00816
27	0.00697	0.00498	0.00664	0.00796	0.00830	0.00465	0.00531	0.00796	0.01095	0.01460	0.03153	0.79525	0.03783	0.01792	0.00730	0.00232	0.00332	0.01626	0.00531	0.00465
28	0.02137	0.02726	0.01621	0.01474	0.01768	0.77602	0.01105	0.02284	0.01621	0.01400	0.00884	0.01031	0.00737	0.00589	0.00516	0.00147	0.01031	0.00368	0.00295	0.00663
29	0.06107	0.01121	0.01393	0.01073	0.01515	0.01071	0.00886	0.18880	0.01845	0.56943	0.01992	0.01772	0.01281	0.00695	0.00565	0.00176	0.00517	0.00550	0.00662	0.00957
30	0.01080	0.01017	0.01716	0.78523	0.03940	0.01271	0.01589	0.01461	0.01144	0.01461	0.01017	0.01525	0.00762	0.00572	0.00572	0.00191	0.00762	0.00508	0.00254	0.00635
31	0.01147	0.02959	0.76934	0.01630	0.02476	0.01328	0.02113	0.01811	0.01208	0.01811	0.01026	0.01208	0.00725	0.00543	0.00543	0.00181	0.00845	0.00423	0.00242	0.00845
32	0.01529	0.80242	0.02997	0.00979	0.01468	0.02263	0.00979	0.01713	0.01162	0.01346	0.00795	0.00918	0.00734	0.00489	0.00367	0.00122	0.00612	0.00306	0.00245	0.00734
33	0.00906	0.00743	0.01089	0.01038	0.01119	0.00927	0.00824	0.01094	0.00910	0.01338	0.01373	0.02044	0.01291	0.03619	0.62169	0.00783	0.17314	0.00590	0.00295	0.00534
34	0.00826	0.00608	0.00776	0.00734	0.00876	0.00570	0.00550	0.01139	0.04520	0.02245	0.68335	0.06345	0.07947	0.01182	0.00673	0.00182	0.00280	0.01042	0.00621	0.00550
35	0.01416	0.01359	0.02322	0.03511	0.76330	0.01359	0.01755	0.01755	0.01302	0.01869	0.01076	0.01416	0.00906	0.00510	0.00566	0.00170	0.00680	0.00510	0.00283	0.00906
36	0.01080	0.00997	0.01669	0.75424	0.03809	0.01241	0.01541	0.01456	0.01146	0.01488	0.01050	0.01549	0.00790	0.00576	0.00565	0.00188	0.00743	0.00509	0.03545	0.00631
37	0.06697	0.01575	0.01668	0.01285	0.01737	0.01747	0.01061	0.70400	0.02594	0.03547	0.01341	0.01349	0.00953	0.00678	0.00560	0.00172	0.00619	0.00504	0.00560	0.00953
38	0.00810	0.00585	0.00765	0.00720	0.00855	0.00540	0.00540	0.01079	0.01619	0.02294	0.76028	0.04273	0.05397	0.01169	0.00675	0.00180	0.00270	0.01034	0.00630	0.00540
39	0.01347	0.01533	0.03320	0.02380	0.02939	0.01457	0.71772	0.01817	0.01334	0.01817	0.01143	0.01533	0.00864	0.00500	0.00716	0.00195	0.03611	0.00669	0.00288	0.00767
40	0.83938	0.01106	0.00841	0.00752	0.01106	0.01283	0.00619	0.01681	0.00973	0.02566	0.00796	0.00929	0.00619	0.00531	0.00354	0.00177	0.00442	0.00310	0.00354	0.00619
41	0.01416	0.01359	0.02322	0.03511	0.76330	0.01359	0.01755	0.01755	0.01302	0.01869	0.01076	0.01416	0.00906	0.00510	0.00566	0.00170	0.00680	0.00510	0.00283	0.00906
42	0.00697	0.00498	0.00664	0.00796	0.00830	0.00465	0.00531	0.00796	0.01095	0.01460	0.03153	0.79525	0.03783	0.01792	0.00730	0.00232	0.00332	0.01626	0.00531	0.00465
43	0.02256	0.02239	0.01539	0.01347	0.01683	0.56275	0.01032	0.02424	0.01625	0.22328	0.01265	0.01286	0.00925	0.00622	0.00532	0.00156	0.00880	0.00426	0.00410	0.00749
44	0.02174	0.01602	0.01717	0.01316	0.01774	0.01774	0.01087	0.74423	0.02689	0.03605	0.01373	0.01373	0.00973	0.00687	0.00572	0.00172	0.00629	0.00515	0.00572	0.00973
45	0.02566	0.00973	0.01327	0.01018	0.01460	0.00841	0.00841	0.02788	0.01637	0.76726	0.02257	0.01947	0.01416	0.00708	0.00575	0.00177	0.00487	0.00575	0.00708	0.00973
46	0.01423	0.01229	0.01293	0.01164	0.01487	0.01423	0.00905	0.03039	0.75297	0.02393	0.02328	0.02134	0.01746	0.00776	0.00582	0.00194	0.00453	0.00647	0.00582	0.00905
47	0.01330	0.01483	0.03042	0.02224	0.02684	0.01509	0.59281	0.01739	0.01253	0.01739	0.01074	0.01483	0.00844	0.00589	0.00922	0.00205	0.16938	0.00639	0.00281	0.00742
48	0.01541	0.01399	0.02222	0.03148	0.64002	0.01428	0.01645	0.13771	0.01532	0.02156	0.01125	0.01409	0.00917	0.00539	0.00567	0.00170	0.00671	0.00511	0.00331	0.00917
49	0.01350	0.01543	0.03375	0.02411	0.02989	0.01446	0.74253	0.01832	0.01350	0.01832	0.01157	0.01543	0.00868	0.00482	0.00675	0.00193	0.00964	0.00675	0.00289	0.00771
50	0.01423	0.01229	0.01293	0.01164	0.01487	0.01423	0.00905	0.03039	0.75297	0.02393	0.02328	0.02134	0.01746	0.00776	0.00582	0.00194	0.00453	0.00647	0.00582	0.00905
51	0.01147	0.02959	0.76934	0.01630	0.02476	0.01328	0.02113	0.01811	0.01208	0.01811	0.01026	0.01208	0.00725	0.00543	0.00543	0.00181	0.00845	0.00423	0.00242	0.00845
52	0.02144	0.01587	0.01699	0.01310	0.01762	0.01759	0.01080	0.71498	0.05664	0.03555	0.01412	0.01404	0.01004	0.00690	0.00573	0.00173	0.00622	0.00520	0.00573	0.00970
53	0.00817	0.00613	0.00919	0.00919	0.01021	0.00715	0.00715	0.01021	0.00919	0.01328	0.01532	0.02247	0.01430	0.04290	0.77631	0.00919	0.01532	0.00613	0.00306	0.00511
54	0.00697	0.00498	0.00664	0.00796	0.00830	0.00465	0.00531	0.00796	0.01095	0.01460	0.03153	0.79525	0.03783	0.01792	0.00730	0.00232	0.00332	0.01626	0.00531	0.00465
55	0.01150	0.01249	0.08296	0.57521	0.17705	0.01293	0.01666	0.01548	0.01180	0.01570	0.01029	0.01477	0.00787	0.00557	0.00568	0.00186	0.00754	0.00501	0.00259	0.00705
56	0.01186	0.01017	0.01186	0.00847	0.01356	0.00762	0.00678	0.01440	0.01186	0.01864	0.01017	0.01186	0.00847	0.00424	0.00424	0.00085	0.00424	0.00339	0.00339	0.83395
57	0.00697	0.00498	0.00664	0.00796	0.00830	0.00465	0.00531	0.00796	0.01095	0.01460	0.03153	0.79525	0.03783	0.01792	0.00730	0.00232	0.00332	0.01626	0.00531	0.00465
58	0.00832	0.00555	0.00624	0.00624	0.00624	0.00555	0.00347	0.00832	0.00832	0.01109	0.01802	0.03743	0.02080	0.79898	0.02911	0.00555	0.00555	0.00832	0.00347	0.00347
59	0.01096	0.01033	0.01744	0.74985	0.07354	0.01275	0.01596	0.01475	0.01151	0.01481	0.01019	0.01520	0.00769	0.00569	0.00572	0.00190	0.00759	0.00508	0.00256	0.00648
60	0.01416	0.01359	0.02322	0.03511	0.76330	0.01359	0.01755	0.01755	0.01302	0.01869	0.01076	0.01416	0.00906	0.00510	0.00566	0.00170	0.00680	0.00510	0.00283	0.00906
61	0.00697	0.00498	0.00664	0.00796	0.00830	0.00465	0.00531	0.00796	0.01095	0.01460	0.03153	0.79525	0.03783	0.01792	0.00730	0.00232	0.00332	0.01626	0.00531	0.00465
62	0.01080	0.01017	0.01716	0.78523	0.03940	0.01271	0.01589	0.01461	0.01144	0.01461	0.01017	0.01525	0.00762	0.00572	0.00572	0.00191	0.00762	0.00508	0.00254	0.00635
63	0.01416	0.01359	0.02322	0.03511	0.76330	0.01359	0.01755	0.01755	0.01302	0.01869	0.01076	0.01416	0.00906	0.00510	0.00566	0.00170	0.00680	0.00510	0.00283	0.00906
64	0.01173	0.01112	0.01884	0.57682	0.24052	0.01295	0.01635	0.01543	0.01188	0.01575	0.01033	0.01495	0.00802	0.00555	0.00570	0.00185	0.00739	0.00509	0.00262	0.00711
65	0.02151	0.02531	0.01655	0.01488	0.01804	0.62965	0.01120	0.08091	0.09041	0.01765	0.01165	0.01305	0.00949	0.00680	0.00569	0.00172	0.00967	0.00440	0.00379	0.00761
66	0.00801	0.00574	0.00738	0.00864	0.00907	0.00527	0.00576	0.00873	0.01157	0.01553	0.03217	0.78441	0.03830	0.01838	0.00769	0.00249	0.00368	0.01640	0.00561	0.00518
67	0.01289	0.01104	0.01336	0.00974	0.01487	0.00846	0.03533	0.01522	0.01253	0.01949	0.01120	0.01335	0.00941	0.00493	0.00477	0.00108	0.00478	0.00385	0.00370	0.78999
68	0.02623	0.01071	0.01410	0.01096	0.01542	0.00941	0.00892	0.06213	0.01740	0.72199	0.02293	0.02043	0.01479	0.00770	0.00616	0.00195	0.00527	0.00602	0.00729	0.01019
69	0.01621	0.79077	0.03035	0.01044	0.01535	0.02297	0.01016	0.01775	0.01223	0.01440	0.00896	0.01057	0.00828	0.00555	0.00411	0.00141	0.00643	0.00340	0.00279	0.00783
