[name]
unknown

[dist]
# distance from previous block
# <min> <max>
0	68

[block]
# block no. 0 follows, 39 sequences, length 26
# corresponding to MSA columns:
# 68-93
name=unknown_A
#
# <colnr> <probs for GDERKNQSTAVLIFYWHMCP>
#	G	D	E	R	K	N	Q	S	T	A	V	L	I	F	Y	W	H	M	C	P
0	0.01295	0.01173	0.01877	0.75744	0.04122	0.01403	0.01692	0.01630	0.01292	0.01678	0.01228	0.01812	0.00958	0.00708	0.00665	0.00229	0.00840	0.00581	0.00325	0.00748
1	0.01340	0.11950	0.66471	0.01668	0.02495	0.01539	0.02071	0.01928	0.01310	0.01914	0.01142	0.01364	0.00856	0.00628	0.00587	0.00200	0.00877	0.00459	0.00289	0.00913
2	0.00943	0.00668	0.00751	0.00746	0.00805	0.00644	0.00467	0.00963	0.01032	0.01361	0.02686	0.04152	0.15567	0.56078	0.10095	0.00556	0.00662	0.00937	0.00426	0.00463
3	0.00904	0.00686	0.00805	0.00771	0.00940	0.00606	0.00570	0.01104	0.01620	0.02192	0.50074	0.04954	0.29728	0.01370	0.00742	0.00211	0.00327	0.01156	0.00647	0.00595
4	0.01206	0.02735	0.62527	0.01661	0.02375	0.01454	0.02022	0.01790	0.01186	0.01790	0.01009	0.01257	0.00754	0.00649	0.00815	0.00200	0.15034	0.00452	0.00251	0.00832
5	0.01197	0.02059	0.36864	0.30405	0.03119	0.01368	0.08590	0.01814	0.05589	0.01774	0.01150	0.01462	0.00841	0.00581	0.00588	0.00193	0.00829	0.00509	0.00280	0.00789
6	0.18129	0.02245	0.31148	0.06201	0.09544	0.15215	0.02915	0.01891	0.01273	0.01921	0.00982	0.01206	0.00754	0.00583	0.00576	0.00182	0.03744	0.00425	0.00290	0.00775
7	0.00935	0.00628	0.00813	0.00753	0.00915	0.00573	0.00570	0.01203	0.01656	0.06629	0.66838	0.04353	0.09482	0.01198	0.00692	0.00187	0.00293	0.01052	0.00650	0.00581
8	0.01268	0.15235	0.01350	0.00897	0.01180	0.01067	0.00739	0.01737	0.13527	0.10336	0.29519	0.03402	0.12741	0.01014	0.00617	0.00182	0.00413	0.03517	0.00562	0.00699
9	0.01470	0.59714	0.02550	0.00973	0.01365	0.03411	0.00901	0.01623	0.01147	0.02646	0.01040	0.01516	0.01027	0.14955	0.00919	0.00214	0.03133	0.00428	0.00282	0.00685
10	0.00858	0.00582	0.00688	0.00688	0.00703	0.00597	0.00412	0.00888	0.00873	0.01179	0.01824	0.03651	0.02055	0.68611	0.13485	0.00627	0.00717	0.00828	0.00352	0.00382
11	0.02653	0.01006	0.01372	0.01052	0.01510	0.00869	0.00869	0.02882	0.01693	0.75937	0.02333	0.02013	0.01464	0.00732	0.00595	0.00183	0.00503	0.00595	0.00732	0.01006
12	0.01180	0.01113	0.01646	0.47282	0.12694	0.05265	0.01392	0.01475	0.01163	0.01494	0.01192	0.01945	0.01056	0.15009	0.01074	0.00263	0.03253	0.00579	0.00286	0.00640
13	0.01496	0.01330	0.01906	0.34450	0.11094	0.04756	0.07449	0.18085	0.04740	0.02106	0.01205	0.01547	0.00921	0.00700	0.00700	0.05098	0.00747	0.00541	0.00360	0.00769
14	0.02291	0.02486	0.01620	0.01437	0.01770	0.62918	0.01093	0.02457	0.01679	0.15100	0.01174	0.01240	0.00890	0.00632	0.00544	0.00158	0.00963	0.00420	0.00383	0.00744
15	0.01414	0.01162	0.01327	0.00965	0.01481	0.00980	0.00778	0.14698	0.01511	0.02257	0.01119	0.01262	0.00900	0.00488	0.00466	0.00104	0.00477	0.00384	0.00395	0.67835
16	0.60126	0.01291	0.01129	0.00945	0.01342	0.01472	0.00779	0.22331	0.01515	0.02961	0.00994	0.01092	0.00745	0.00595	0.00431	0.00181	0.00513	0.00381	0.00431	0.00745
17	0.01196	0.01134	0.01040	0.00962	0.01172	0.14705	0.00727	0.01701	0.15189	0.02163	0.42898	0.03487	0.09187	0.01045	0.00650	0.00184	0.00460	0.00882	0.00571	0.00647
18	0.00816	0.00588	0.00771	0.00759	0.00879	0.00544	0.00556	0.01062	0.01575	0.02214	0.62027	0.18056	0.05274	0.01327	0.00708	0.00196	0.00291	0.01182	0.00632	0.00544
19	0.00751	0.00577	0.00687	0.00710	0.00843	0.00513	0.00513	0.00931	0.01396	0.01830	0.28257	0.25733	0.32124	0.01501	0.00714	0.00206	0.00305	0.01310	0.00583	0.00513
20	0.00848	0.00623	0.00894	0.00894	0.00981	0.00709	0.00669	0.01020	0.00934	0.01331	0.01635	0.02607	0.01602	0.18141	0.63335	0.00881	0.01399	0.00675	0.00324	0.00497
21	0.00814	0.00597	0.00764	0.00736	0.00873	0.00546	0.00547	0.01067	0.01600	0.02229	0.62889	0.10279	0.12278	0.01287	0.00702	0.00192	0.00286	0.01134	0.00633	0.00546
22	0.01846	0.01956	0.01481	0.01304	0.01569	0.37427	0.00985	0.15348	0.08538	0.01912	0.01315	0.01767	0.01161	0.15078	0.01087	0.00245	0.05351	0.00532	0.00393	0.00706
23	0.01793	0.01159	0.01370	0.01021	0.01514	0.01023	0.00830	0.15485	0.03427	0.21341	0.01484	0.01489	0.01075	0.00574	0.00511	0.00132	0.00496	0.00455	0.00500	0.44322
24	0.01261	0.01326	0.05266	0.37186	0.09849	0.04535	0.09470	0.01626	0.01238	0.01678	0.01052	0.01451	0.00827	0.00572	0.00650	0.00177	0.05280	0.00502	0.00287	0.15770
25	0.01558	0.01294	0.01595	0.01374	0.08760	0.01229	0.04011	0.21332	0.08761	0.02469	0.01295	0.01412	0.01008	0.00558	0.00521	0.00136	0.00548	0.00462	0.00433	0.41242

[dist]
# distance from previous block
# <min> <max>
17	195

# created by:
# /software/SequenceAnalysis/GenePrediction/augustus/3.0.1/scripts/msa2prfl.pl ./fixed/BUSCOvEOG73R52W.fas
