[name]
unknown

[dist]
# distance from previous block
# <min> <max>
0	101

[block]
# block no. 0 follows, 41 sequences, length 78
# corresponding to MSA columns:
# 110-187
name=unknown_A
#
# <colnr> <probs for GDERKNQSTAVLIFYWHMCP>
#	G	D	E	R	K	N	Q	S	T	A	V	L	I	F	Y	W	H	M	C	P
0	0.83938	0.01106	0.00841	0.00752	0.01106	0.01283	0.00619	0.01681	0.00973	0.02566	0.00796	0.00929	0.00619	0.00531	0.00354	0.00177	0.00442	0.00310	0.00354	0.00619
1	0.01916	0.01461	0.01564	0.01256	0.01662	0.01632	0.01018	0.52260	0.22559	0.03197	0.01697	0.04314	0.01283	0.00750	0.00580	0.00180	0.00571	0.00590	0.00573	0.00936
2	0.01416	0.01359	0.02322	0.03511	0.76330	0.01359	0.01755	0.01755	0.01302	0.01869	0.01076	0.01416	0.00906	0.00510	0.00566	0.00170	0.00680	0.00510	0.00283	0.00906
3	0.00751	0.00539	0.00725	0.00854	0.00915	0.00512	0.00624	0.00892	0.01154	0.01524	0.03183	0.59980	0.05326	0.01732	0.00743	0.00239	0.00378	0.18918	0.00530	0.00480
4	0.01147	0.02959	0.76934	0.01630	0.02476	0.01328	0.02113	0.01811	0.01208	0.01811	0.01026	0.01208	0.00725	0.00543	0.00543	0.00181	0.00845	0.00423	0.00242	0.00845
5	0.00704	0.00521	0.00660	0.00767	0.00836	0.00478	0.00531	0.00820	0.01146	0.01489	0.03661	0.61585	0.17828	0.01715	0.00722	0.00226	0.00333	0.04976	0.00531	0.00471
6	0.01186	0.01017	0.01186	0.00847	0.01356	0.00762	0.00678	0.01440	0.01186	0.01864	0.01017	0.01186	0.00847	0.00424	0.00424	0.00085	0.00424	0.00339	0.00339	0.83395
7	0.00707	0.00505	0.00676	0.00808	0.00846	0.00474	0.00549	0.00815	0.01105	0.01472	0.03147	0.76101	0.03760	0.01782	0.00733	0.00234	0.00341	0.04946	0.00531	0.00468
8	0.00994	0.00497	0.00745	0.00745	0.00745	0.00497	0.00497	0.00745	0.00745	0.00994	0.00994	0.01739	0.00994	0.01987	0.02235	0.83358	0.00497	0.00497	0.00248	0.00248
9	0.00697	0.00498	0.00664	0.00796	0.00830	0.00465	0.00531	0.00796	0.01095	0.01460	0.03153	0.79525	0.03783	0.01792	0.00730	0.00232	0.00332	0.01626	0.00531	0.00465
10	0.02464	0.00985	0.01309	0.01014	0.01442	0.00876	0.00834	0.04884	0.04036	0.69453	0.02218	0.01942	0.01415	0.00708	0.00569	0.00176	0.00482	0.00574	0.03662	0.00955
11	0.01416	0.01359	0.02322	0.03511	0.76330	0.01359	0.01755	0.01755	0.01302	0.01869	0.01076	0.01416	0.00906	0.00510	0.00566	0.00170	0.00680	0.00510	0.00283	0.00906
12	0.83938	0.01106	0.00841	0.00752	0.01106	0.01283	0.00619	0.01681	0.00973	0.02566	0.00796	0.00929	0.00619	0.00531	0.00354	0.00177	0.00442	0.00310	0.00354	0.00619
13	0.00697	0.00498	0.00664	0.00796	0.00830	0.00465	0.00531	0.00796	0.01095	0.01460	0.03153	0.79525	0.03783	0.01792	0.00730	0.00232	0.00332	0.01626	0.00531	0.00465
14	0.00847	0.00606	0.00774	0.00762	0.00796	0.00663	0.00510	0.00920	0.00863	0.01194	0.01664	0.03135	0.01804	0.51347	0.27425	0.00660	0.04545	0.00744	0.00329	0.00414
15	0.01492	0.61653	0.16631	0.01127	0.01671	0.06230	0.01196	0.01762	0.01196	0.01435	0.00843	0.00978	0.00732	0.00505	0.00408	0.00135	0.00678	0.00331	0.00247	0.00751
16	0.01895	0.02269	0.01674	0.13057	0.04757	0.54751	0.01210	0.05461	0.01538	0.01528	0.00925	0.01150	0.00759	0.00616	0.00621	0.00163	0.06241	0.00410	0.00298	0.00680
17	0.01402	0.01345	0.02297	0.06561	0.73387	0.01355	0.01749	0.01743	0.01296	0.01852	0.01073	0.01420	0.00900	0.00512	0.00566	0.00171	0.00683	0.00510	0.00282	0.00895
18	0.01095	0.01046	0.01807	0.74341	0.03887	0.01280	0.05582	0.01482	0.01155	0.01482	0.01024	0.01526	0.00768	0.00567	0.00578	0.00191	0.00774	0.00517	0.00256	0.00643
19	0.01122	0.01059	0.01790	0.69276	0.12863	0.01282	0.01609	0.01498	0.01163	0.01512	0.01024	0.01511	0.00780	0.00564	0.00571	0.00188	0.00752	0.00508	0.00258	0.00669
20	0.00708	0.00577	0.00627	0.00623	0.00795	0.00495	0.00464	0.00880	0.01368	0.01717	0.22174	0.08684	0.56096	0.01399	0.00678	0.00192	0.00287	0.01186	0.00554	0.00495
21	0.00702	0.00514	0.00661	0.00764	0.00824	0.00472	0.00520	0.00820	0.01158	0.01530	0.08660	0.65125	0.12736	0.01706	0.00720	0.00224	0.00322	0.01533	0.00538	0.00472
22	0.02174	0.01602	0.01717	0.01316	0.01774	0.01774	0.01087	0.74423	0.02689	0.03605	0.01373	0.01373	0.00973	0.00687	0.00572	0.00172	0.00629	0.00515	0.00572	0.00973
23	0.00850	0.00594	0.00772	0.00722	0.00867	0.00545	0.00543	0.01113	0.01607	0.04181	0.71405	0.04261	0.08037	0.01168	0.00672	0.00180	0.00276	0.01029	0.00628	0.00549
24	0.01183	0.10198	0.70009	0.01569	0.02381	0.01416	0.02007	0.01802	0.01203	0.01768	0.01005	0.01180	0.00725	0.00538	0.00527	0.00176	0.00823	0.00412	0.00242	0.00835
25	0.00697	0.00498	0.00664	0.00796	0.00830	0.00465	0.00531	0.00796	0.01095	0.01460	0.03153	0.79525	0.03783	0.01792	0.00730	0.00232	0.00332	0.01626	0.00531	0.00465
26	0.01186	0.01017	0.01186	0.00847	0.01356	0.00762	0.00678	0.01440	0.01186	0.01864	0.01017	0.01186	0.00847	0.00424	0.00424	0.00085	0.00424	0.00339	0.00339	0.83395
27	0.01402	0.01338	0.02240	0.06480	0.69228	0.01359	0.01702	0.01814	0.05362	0.01881	0.01142	0.01460	0.00946	0.00527	0.00567	0.00172	0.00670	0.00517	0.00298	0.00895
28	0.00799	0.00643	0.00706	0.00687	0.00874	0.00584	0.00524	0.03553	0.04247	0.01825	0.21248	0.06901	0.49395	0.01348	0.00675	0.00194	0.00315	0.04395	0.00557	0.00531
29	0.00817	0.00613	0.00919	0.00919	0.01021	0.00715	0.00715	0.01021	0.00919	0.01328	0.01532	0.02247	0.01430	0.04290	0.77631	0.00919	0.01532	0.00613	0.00306	0.00511
30	0.01314	0.01398	0.02806	0.17311	0.20574	0.01392	0.43076	0.01743	0.01299	0.01770	0.01111	0.01509	0.00857	0.00506	0.00629	0.00187	0.00858	0.00604	0.00281	0.00777
31	0.01177	0.02751	0.66135	0.01745	0.02551	0.01346	0.12704	0.01814	0.01229	0.01814	0.01046	0.01257	0.00746	0.00534	0.00563	0.00183	0.00863	0.00460	0.00249	0.00834
32	0.71932	0.01121	0.00934	0.00808	0.01176	0.01269	0.00666	0.05781	0.01129	0.09471	0.00963	0.01048	0.00712	0.00556	0.00386	0.00177	0.00457	0.00346	0.00399	0.00672
33	0.00994	0.00497	0.00745	0.00745	0.00745	0.00497	0.00497	0.00745	0.00745	0.00994	0.00994	0.01739	0.00994	0.01987	0.02235	0.83358	0.00497	0.00497	0.00248	0.00248
34	0.01080	0.01017	0.01716	0.78523	0.03940	0.01271	0.01589	0.01461	0.01144	0.01461	0.01017	0.01525	0.00762	0.00572	0.00572	0.00191	0.00762	0.00508	0.00254	0.00635
35	0.01423	0.01229	0.01293	0.01164	0.01487	0.01423	0.00905	0.03039	0.75297	0.02393	0.02328	0.02134	0.01746	0.00776	0.00582	0.00194	0.00453	0.00647	0.00582	0.00905
36	0.00804	0.00584	0.00758	0.00714	0.00851	0.00538	0.00536	0.01070	0.01607	0.02265	0.73344	0.04320	0.08099	0.01180	0.00675	0.00180	0.00271	0.01041	0.00626	0.00538
37	0.00832	0.00555	0.00624	0.00624	0.00624	0.00555	0.00347	0.00832	0.00832	0.01109	0.01802	0.03743	0.02080	0.79898	0.02911	0.00555	0.00555	0.00832	0.00347	0.00347
38	0.06104	0.01642	0.01652	0.01294	0.01731	0.06945	0.01059	0.63379	0.05144	0.03360	0.01346	0.01356	0.00967	0.00676	0.00558	0.00171	0.00642	0.00500	0.00543	0.00932
39	0.02566	0.00973	0.01327	0.01018	0.01460	0.00841	0.00841	0.02788	0.01637	0.76726	0.02257	0.01947	0.01416	0.00708	0.00575	0.00177	0.00487	0.00575	0.00708	0.00973
40	0.01529	0.80242	0.02997	0.00979	0.01468	0.02263	0.00979	0.01713	0.01162	0.01346	0.00795	0.00918	0.00734	0.00489	0.00367	0.00122	0.00612	0.00306	0.00245	0.00734
41	0.02212	0.00985	0.01291	0.00974	0.01433	0.00821	0.00799	0.02442	0.01521	0.57509	0.01938	0.01752	0.01270	0.00635	0.00536	0.00153	0.00471	0.00515	0.00613	0.22131
42	0.02074	0.02596	0.01592	0.01447	0.01744	0.70958	0.01088	0.02350	0.08046	0.01486	0.01010	0.01128	0.00825	0.00606	0.00522	0.00151	0.00981	0.00393	0.00320	0.00684
43	0.00810	0.00585	0.00765	0.00720	0.00855	0.00540	0.00540	0.01079	0.01619	0.02294	0.76028	0.04273	0.05397	0.01169	0.00675	0.00180	0.00270	0.01034	0.00630	0.00540
44	0.00810	0.00585	0.00765	0.00720	0.00855	0.00540	0.00540	0.01079	0.01619	0.02294	0.76028	0.04273	0.05397	0.01169	0.00675	0.00180	0.00270	0.01034	0.00630	0.00540
45	0.01529	0.80242	0.02997	0.00979	0.01468	0.02263	0.00979	0.01713	0.01162	0.01346	0.00795	0.00918	0.00734	0.00489	0.00367	0.00122	0.00612	0.00306	0.00245	0.00734
46	0.00697	0.00498	0.00664	0.00796	0.00830	0.00465	0.00531	0.00796	0.01095	0.01460	0.03153	0.79525	0.03783	0.01792	0.00730	0.00232	0.00332	0.01626	0.00531	0.00465
47	0.01230	0.01220	0.01712	0.01473	0.01478	0.01702	0.01225	0.01359	0.00878	0.01374	0.00789	0.01300	0.00784	0.01160	0.05546	0.00283	0.75107	0.00506	0.00253	0.00620
48	0.01416	0.01359	0.02322	0.03511	0.76330	0.01359	0.01755	0.01755	0.01302	0.01869	0.01076	0.01416	0.00906	0.00510	0.00566	0.00170	0.00680	0.00510	0.00283	0.00906
49	0.00874	0.00628	0.00865	0.00991	0.01109	0.00619	0.00836	0.01105	0.01278	0.01662	0.03155	0.18893	0.06152	0.01611	0.00775	0.00255	0.00484	0.57663	0.00528	0.00514
50	0.83938	0.01106	0.00841	0.00752	0.01106	0.01283	0.00619	0.01681	0.00973	0.02566	0.00796	0.00929	0.00619	0.00531	0.00354	0.00177	0.00442	0.00310	0.00354	0.00619
51	0.01186	0.01017	0.01186	0.00847	0.01356	0.00762	0.00678	0.01440	0.01186	0.01864	0.01017	0.01186	0.00847	0.00424	0.00424	0.00085	0.00424	0.00339	0.00339	0.83395
52	0.01095	0.01022	0.01452	0.01292	0.01329	0.01379	0.01058	0.01249	0.00892	0.01359	0.01032	0.01610	0.00995	0.02185	0.29142	0.00491	0.51023	0.00541	0.00270	0.00584
53	0.00826	0.00578	0.00745	0.00745	0.00787	0.00620	0.00498	0.00910	0.00868	0.01199	0.01691	0.03129	0.01813	0.48858	0.33587	0.00704	0.00956	0.00742	0.00330	0.00414
54	0.00817	0.00613	0.00919	0.00919	0.01021	0.00715	0.00715	0.01021	0.00919	0.01328	0.01532	0.02247	0.01430	0.04290	0.77631	0.00919	0.01532	0.00613	0.00306	0.00511
55	0.79467	0.01099	0.00867	0.00767	0.01126	0.01259	0.00632	0.01742	0.01010	0.06642	0.00877	0.00985	0.00663	0.00541	0.00366	0.00177	0.00445	0.00324	0.00373	0.00639
56	0.00807	0.00544	0.00631	0.00656	0.00662	0.00538	0.00381	0.00825	0.00881	0.01174	0.02053	0.17794	0.02395	0.65416	0.02507	0.00495	0.00513	0.00979	0.00381	0.00368
57	0.83938	0.01106	0.00841	0.00752	0.01106	0.01283	0.00619	0.01681	0.00973	0.02566	0.00796	0.00929	0.00619	0.00531	0.00354	0.00177	0.00442	0.00310	0.00354	0.00619
58	0.02174	0.01602	0.01717	0.01316	0.01774	0.01774	0.01087	0.74423	0.02689	0.03605	0.01373	0.01373	0.00973	0.00687	0.00572	0.00172	0.00629	0.00515	0.00572	0.00973
59	0.01350	0.01543	0.03375	0.02411	0.02989	0.01446	0.74253	0.01832	0.01350	0.01832	0.01157	0.01543	0.00868	0.00482	0.00675	0.00193	0.00964	0.00675	0.00289	0.00771
60	0.00751	0.00536	0.00726	0.00858	0.00915	0.00511	0.00625	0.00890	0.01148	0.01521	0.03123	0.61960	0.03665	0.01741	0.00744	0.00240	0.00379	0.18657	0.00530	0.00480
61	0.00697	0.00498	0.00664	0.00796	0.00830	0.00465	0.00531	0.00796	0.01095	0.01460	0.03153	0.79525	0.03783	0.01792	0.00730	0.00232	0.00332	0.01626	0.00531	0.00465
62	0.01337	0.01407	0.01741	0.01495	0.01558	0.11201	0.03986	0.01480	0.00996	0.01399	0.00885	0.03993	0.00875	0.01031	0.03323	0.00250	0.61615	0.00532	0.00268	0.00628
63	0.00832	0.00555	0.00624	0.00624	0.00624	0.00555	0.00347	0.00832	0.00832	0.01109	0.01802	0.03743	0.02080	0.79898	0.02911	0.00555	0.00555	0.00832	0.00347	0.00347
64	0.01501	0.74466	0.08524	0.01027	0.01543	0.02193	0.01064	0.01720	0.01166	0.01381	0.00812	0.00939	0.00733	0.00493	0.00380	0.00127	0.00629	0.00315	0.00244	0.00742
65	0.03887	0.01644	0.01694	0.01312	0.01760	0.05317	0.01078	0.69517	0.02603	0.03480	0.01338	0.01348	0.00954	0.00679	0.00565	0.00171	0.00644	0.00504	0.00555	0.00951
66	0.01207	0.01021	0.01188	0.00863	0.01353	0.00791	0.00688	0.04207	0.01240	0.01916	0.01105	0.03931	0.00955	0.00481	0.00440	0.00093	0.00428	0.00391	0.00355	0.77346
67	0.01147	0.02959	0.76934	0.01630	0.02476	0.01328	0.02113	0.01811	0.01208	0.01811	0.01026	0.01208	0.00725	0.00543	0.00543	0.00181	0.00845	0.00423	0.00242	0.00845
68	0.02120	0.02691	0.01613	0.01466	0.01762	0.75825	0.01101	0.02302	0.03339	0.01423	0.00918	0.01057	0.00760	0.00594	0.00517	0.00148	0.01018	0.00375	0.00301	0.00669
69	0.01935	0.01032	0.01277	0.00991	0.01428	0.00924	0.00802	0.03875	0.13391	0.39874	0.03460	0.01793	0.01379	0.00646	0.00534	0.00153	0.00461	0.00526	0.00576	0.24942
70	0.01398	0.51529	0.27557	0.01292	0.04664	0.01918	0.01386	0.01747	0.01183	0.01521	0.00883	0.01033	0.00737	0.00508	0.00433	0.00144	0.00692	0.00352	0.00245	0.00778
71	0.00681	0.00575	0.00589	0.00595	0.00778	0.00483	0.00443	0.00826	0.01301	0.01560	0.07498	0.09540	0.70263	0.01460	0.00679	0.00195	0.00292	0.01226	0.00534	0.00483
72	0.02310	0.01385	0.01582	0.01213	0.01665	0.01451	0.01002	0.49637	0.02325	0.28905	0.01679	0.01572	0.01126	0.00694	0.00573	0.00174	0.00580	0.00536	0.00619	0.00973
73	0.01384	0.01609	0.04745	0.02381	0.07249	0.05138	0.62149	0.01832	0.01340	0.01796	0.01121	0.01493	0.00856	0.00509	0.00702	0.00191	0.03807	0.00638	0.00287	0.00770
74	0.01891	0.01392	0.01493	0.01204	0.01598	0.01546	0.00975	0.45641	0.23592	0.05983	0.01720	0.01671	0.01250	0.00712	0.00563	0.00176	0.00546	0.00557	0.06570	0.00921
75	0.00693	0.00512	0.00649	0.00759	0.00820	0.00468	0.00514	0.00801	0.01131	0.01475	0.03612	0.66641	0.16370	0.01732	0.00721	0.00225	0.00325	0.01553	0.00531	0.00468
76	0.00697	0.00498	0.00664	0.00796	0.00830	0.00465	0.00531	0.00796	0.01095	0.01460	0.03153	0.79525	0.03783	0.01792	0.00730	0.00232	0.00332	0.01626	0.00531	0.00465
77	0.01352	0.01538	0.03349	0.02438	0.04835	0.01444	0.72428	0.01830	0.01349	0.01833	0.01155	0.01540	0.00869	0.00483	0.00672	0.00192	0.00957	0.00671	0.00289	0.00775

[dist]
# distance from previous block
# <min> <max>
0	4

[block]
# block no. 1 follows, 41 sequences, length 10
# corresponding to MSA columns:
# 192-201
name=unknown_B
#
# <colnr> <probs for GDERKNQSTAVLIFYWHMCP>
#	G	D	E	R	K	N	Q	S	T	A	V	L	I	F	Y	W	H	M	C	P
0	0.01890	0.01124	0.01307	0.01104	0.01476	0.01185	0.00879	0.02936	0.45171	0.32794	0.02299	0.02057	0.01611	0.00748	0.00579	0.00187	0.00467	0.00617	0.00634	0.00933
1	0.01381	0.00983	0.01071	0.00907	0.01094	0.01053	0.00649	0.30930	0.01592	0.02130	0.01627	0.02774	0.01627	0.47501	0.01955	0.00398	0.00585	0.00702	0.00439	0.00603
2	0.00745	0.00594	0.00734	0.00730	0.00881	0.00583	0.00558	0.00925	0.01173	0.01519	0.09947	0.04069	0.39624	0.02587	0.32150	0.00489	0.00796	0.00950	0.00448	0.00499
3	0.74813	0.01176	0.00919	0.00809	0.01168	0.03985	0.00662	0.04324	0.01084	0.05599	0.00880	0.00990	0.00669	0.00546	0.00376	0.00176	0.00472	0.00330	0.00374	0.00648
4	0.00923	0.00804	0.01285	0.46734	0.02668	0.00941	0.01156	0.01189	0.01124	0.01461	0.01890	0.33426	0.01998	0.01071	0.00637	0.00208	0.00586	0.00965	0.00367	0.00566
5	0.00777	0.00531	0.00640	0.00694	0.00708	0.00518	0.00422	0.00817	0.00939	0.01253	0.02355	0.34737	0.02776	0.47953	0.02019	0.00423	0.00463	0.01157	0.00422	0.00395
6	0.34968	0.01053	0.01358	0.46716	0.02781	0.01276	0.01192	0.01551	0.01074	0.01913	0.00927	0.01281	0.00704	0.00555	0.00483	0.00185	0.00632	0.00427	0.00295	0.00629
7	0.01108	0.01811	0.32479	0.47075	0.03341	0.01294	0.01803	0.01605	0.01170	0.01605	0.01021	0.01395	0.00747	0.00560	0.00560	0.00187	0.00796	0.00473	0.00249	0.00721
8	0.00804	0.00681	0.00716	0.00753	0.00896	0.03288	0.00540	0.01064	0.07947	0.01582	0.04226	0.35314	0.37107	0.01498	0.00684	0.00208	0.00348	0.01298	0.00527	0.00520
9	0.00830	0.00593	0.00816	0.00948	0.01040	0.00579	0.00762	0.01026	0.01226	0.01609	0.03079	0.36338	0.03493	0.01667	0.00766	0.00251	0.00447	0.43501	0.00528	0.00501

[dist]
# distance from previous block
# <min> <max>
6	66

# created by:
# /software/SequenceAnalysis/GenePrediction/augustus/3.0.1/scripts/msa2prfl.pl ./fixed/BUSCOvEOG72JQ67.fas
