[name]
unknown

[dist]
# distance from previous block
# <min> <max>
0	317

[block]
# block no. 0 follows, 41 sequences, length 23
# corresponding to MSA columns:
# 340-362
name=unknown_A
#
# <colnr> <probs for GDERKNQSTAVLIFYWHMCP>
#	G	D	E	R	K	N	Q	S	T	A	V	L	I	F	Y	W	H	M	C	P
0	0.00923	0.00748	0.01145	0.29089	0.02095	0.00832	0.01065	0.01187	0.01198	0.01558	0.02330	0.23066	0.02498	0.01268	0.00696	0.00229	0.00563	0.28532	0.00429	0.00550
1	0.02006	0.01478	0.06904	0.01330	0.05367	0.02505	0.01087	0.38993	0.09358	0.17965	0.01628	0.01592	0.01142	0.00678	0.00561	0.00173	0.00586	0.00532	0.05188	0.00925
2	0.01873	0.08999	0.11841	0.01536	0.06594	0.37882	0.01256	0.15449	0.05836	0.01941	0.01079	0.01195	0.00846	0.00598	0.00524	0.00158	0.00842	0.00422	0.00350	0.00780
3	0.00726	0.00525	0.00691	0.00803	0.00863	0.00490	0.00565	0.00857	0.01167	0.01550	0.08485	0.62267	0.08367	0.01705	0.00729	0.00229	0.00344	0.08622	0.00538	0.00477
4	0.01179	0.09468	0.70707	0.01575	0.02391	0.01407	0.02018	0.01803	0.01204	0.01772	0.01007	0.01183	0.00725	0.00539	0.00529	0.00176	0.00826	0.00413	0.00242	0.00836
5	0.02152	0.01342	0.01524	0.01193	0.01610	0.01416	0.00975	0.49217	0.02275	0.22732	0.01758	0.08199	0.01330	0.00787	0.00586	0.00178	0.00566	0.00626	0.00605	0.00930
6	0.01109	0.01032	0.01410	0.01250	0.01253	0.01376	0.00992	0.01206	0.00889	0.01330	0.01208	0.09571	0.01328	0.17405	0.01977	0.00311	0.54822	0.00681	0.00298	0.00552
7	0.01747	0.01428	0.01851	0.02091	0.29277	0.01532	0.01292	0.35727	0.11777	0.02734	0.01447	0.03969	0.01140	0.00668	0.00576	0.00176	0.00615	0.00566	0.00465	0.00923
8	0.09825	0.07803	0.01459	0.01052	0.01456	0.01259	0.00871	0.16931	0.12901	0.32620	0.06549	0.01826	0.01499	0.00708	0.00543	0.00174	0.00503	0.00555	0.00584	0.00882
9	0.05942	0.01166	0.01047	0.00925	0.01193	0.11875	0.00718	0.19431	0.01688	0.02150	0.09257	0.08104	0.32113	0.01083	0.00612	0.00182	0.00490	0.00877	0.00506	0.00642
10	0.00718	0.00521	0.00682	0.00804	0.00860	0.00485	0.00562	0.00837	0.01135	0.01492	0.03366	0.65918	0.09910	0.01742	0.00731	0.00232	0.00348	0.08654	0.00531	0.00472
11	0.01390	0.27399	0.35382	0.01581	0.09635	0.01691	0.01582	0.07953	0.01313	0.01799	0.00973	0.01152	0.00769	0.00558	0.00558	0.00164	0.04604	0.00406	0.00275	0.00816
12	0.01617	0.01682	0.02769	0.02197	0.08796	0.14994	0.47749	0.02002	0.01423	0.09225	0.01211	0.01481	0.00902	0.00526	0.00627	0.00181	0.00905	0.00596	0.00331	0.00784
13	0.01375	0.01318	0.02248	0.12600	0.67559	0.01348	0.01735	0.01720	0.01283	0.01819	0.01069	0.01429	0.00889	0.00517	0.00567	0.00172	0.00690	0.00509	0.00280	0.00873
14	0.01421	0.07555	0.01217	0.00952	0.01195	0.00988	0.00744	0.17640	0.01590	0.13928	0.10373	0.27641	0.02578	0.06187	0.00775	0.00217	0.00460	0.03314	0.00543	0.00684
15	0.01920	0.01779	0.01653	0.01637	0.13167	0.25791	0.01127	0.28765	0.01915	0.06520	0.01398	0.09094	0.01192	0.00740	0.00569	0.00170	0.00728	0.00581	0.00442	0.00813
16	0.26933	0.04629	0.24488	0.01184	0.01707	0.01416	0.01215	0.21911	0.01575	0.02560	0.06374	0.01375	0.01094	0.00622	0.00496	0.00175	0.00612	0.00453	0.00396	0.00785
17	0.00822	0.06259	0.01019	0.00876	0.01014	0.00674	0.05274	0.00995	0.01255	0.01676	0.19925	0.45235	0.09928	0.01442	0.00683	0.00207	0.00374	0.01299	0.00518	0.00522
18	0.01748	0.25892	0.02037	0.01372	0.06915	0.19650	0.01066	0.14297	0.17830	0.02003	0.01270	0.01323	0.01009	0.00610	0.00498	0.00156	0.00683	0.00445	0.00388	0.00807
19	0.05416	0.15212	0.50228	0.01387	0.02072	0.01402	0.01664	0.01825	0.01208	0.08054	0.01111	0.01270	0.00821	0.00768	0.05032	0.00214	0.00797	0.00422	0.00291	0.00807
20	0.01186	0.10804	0.69428	0.01564	0.02373	0.01423	0.01998	0.01801	0.01203	0.01764	0.01003	0.01178	0.00726	0.00538	0.00526	0.00175	0.00822	0.00411	0.00242	0.00834
21	0.00929	0.00884	0.01223	0.01071	0.01283	0.06144	0.14191	0.01138	0.01308	0.01658	0.12887	0.28386	0.24058	0.01284	0.00682	0.00201	0.00478	0.01163	0.00482	0.00551
22	0.05495	0.08884	0.41497	0.01356	0.02017	0.01359	0.01539	0.11421	0.01453	0.13836	0.01234	0.01306	0.00868	0.00577	0.00522	0.00169	0.00701	0.00439	0.00369	0.04956

[dist]
# distance from previous block
# <min> <max>
0	1

[block]
# block no. 1 follows, 41 sequences, length 24
# corresponding to MSA columns:
# 364-387
name=unknown_B
#
# <colnr> <probs for GDERKNQSTAVLIFYWHMCP>
#	G	D	E	R	K	N	Q	S	T	A	V	L	I	F	Y	W	H	M	C	P
0	0.01936	0.01169	0.01507	0.26324	0.02327	0.05701	0.01133	0.02293	0.07861	0.35428	0.06479	0.02058	0.01536	0.00763	0.00625	0.00202	0.00631	0.00610	0.00551	0.00864
1	0.01439	0.00926	0.01103	0.00975	0.01230	0.00909	0.00749	0.06117	0.16432	0.15806	0.37904	0.05183	0.06096	0.01070	0.00680	0.00204	0.00412	0.01336	0.00657	0.00772
2	0.15834	0.02409	0.52787	0.01453	0.02123	0.01302	0.01695	0.01797	0.01309	0.02137	0.10024	0.01731	0.01406	0.00717	0.00590	0.00208	0.00749	0.00525	0.00361	0.00843
3	0.01152	0.00912	0.01224	0.15560	0.01727	0.00995	0.02244	0.14392	0.01478	0.01981	0.08190	0.29447	0.04290	0.01234	0.00752	0.00219	0.05013	0.08066	0.00486	0.00637
4	0.01245	0.02166	0.38436	0.01903	0.02544	0.01367	0.30493	0.01758	0.01262	0.01808	0.01229	0.06115	0.01005	0.00647	0.00701	0.00200	0.05415	0.00612	0.00292	0.00799
5	0.01199	0.00813	0.00921	0.00868	0.01049	0.00837	0.00651	0.18414	0.01540	0.02207	0.04465	0.28300	0.06457	0.01365	0.05541	0.00238	0.00472	0.00966	0.23065	0.00631
6	0.01171	0.02514	0.58695	0.19842	0.02843	0.01334	0.01997	0.01753	0.01217	0.01764	0.01063	0.01337	0.00771	0.00576	0.00567	0.00191	0.00837	0.00456	0.00258	0.00815
7	0.04570	0.01520	0.01424	0.01220	0.01583	0.15621	0.00957	0.11378	0.33883	0.18628	0.01910	0.01805	0.01388	0.00732	0.00576	0.00185	0.00603	0.00564	0.00559	0.00892
8	0.00783	0.00597	0.00718	0.00777	0.00903	0.00538	0.00581	0.00936	0.01298	0.01670	0.12648	0.29717	0.31302	0.01571	0.00729	0.00223	0.00356	0.13586	0.00554	0.00512
9	0.01592	0.01439	0.02280	0.03056	0.58313	0.01460	0.05210	0.15395	0.01588	0.02227	0.01174	0.01467	0.00953	0.00568	0.00589	0.00179	0.00696	0.00531	0.00351	0.00930
10	0.01393	0.16241	0.03021	0.06811	0.02605	0.01643	0.46893	0.01757	0.01269	0.01699	0.01071	0.01442	0.00859	0.00577	0.00769	0.00193	0.10124	0.00586	0.00288	0.00758
11	0.01237	0.02674	0.62513	0.02005	0.16330	0.01354	0.02054	0.01825	0.01250	0.01857	0.01075	0.01301	0.00796	0.00563	0.00564	0.00186	0.00825	0.00452	0.00263	0.00876
12	0.01691	0.02303	0.15958	0.13211	0.02383	0.37968	0.10143	0.02082	0.05595	0.01631	0.01085	0.01317	0.00849	0.00602	0.00569	0.00176	0.00926	0.00465	0.00308	0.00740
13	0.01651	0.06225	0.05947	0.01616	0.15557	0.10504	0.01131	0.05063	0.22226	0.12702	0.01971	0.05732	0.05574	0.00772	0.00584	0.00184	0.00607	0.00630	0.00475	0.00848
14	0.01172	0.01408	0.15370	0.59836	0.06464	0.01297	0.01688	0.01587	0.01195	0.02925	0.01082	0.01523	0.00811	0.00593	0.00583	0.00195	0.00781	0.00506	0.00275	0.00710
15	0.01009	0.00946	0.00873	0.00951	0.01036	0.14938	0.00656	0.01106	0.01218	0.01486	0.02754	0.64388	0.03231	0.01585	0.00705	0.00223	0.00477	0.01396	0.00499	0.00523
16	0.01392	0.01489	0.03018	0.02713	0.24422	0.01417	0.50910	0.01810	0.01354	0.01869	0.01217	0.03338	0.00983	0.00547	0.00660	0.00194	0.00877	0.00660	0.00307	0.00823
17	0.01634	0.01791	0.01798	0.01845	0.15659	0.29744	0.05308	0.04806	0.01417	0.01691	0.05423	0.06343	0.01285	0.00796	0.00871	0.00192	0.17759	0.00577	0.00342	0.00720
18	0.00766	0.00605	0.00684	0.00722	0.00859	0.00542	0.00515	0.00950	0.04160	0.01644	0.10378	0.32564	0.40413	0.01547	0.00708	0.00214	0.00325	0.01334	0.00553	0.00518
19	0.00881	0.01026	0.14988	0.00912	0.01147	0.00683	0.00818	0.01127	0.01289	0.01806	0.22162	0.27752	0.10610	0.06518	0.00817	0.00228	0.00433	0.01094	0.05134	0.00575
20	0.01509	0.57323	0.06561	0.01440	0.06117	0.02033	0.14355	0.01767	0.01231	0.01524	0.00928	0.01129	0.00806	0.00518	0.00460	0.00148	0.00703	0.00404	0.00269	0.00776
21	0.01996	0.02404	0.01555	0.01414	0.01714	0.60782	0.01064	0.02407	0.15434	0.01627	0.01328	0.01415	0.03011	0.00674	0.00549	0.00165	0.00913	0.00457	0.00368	0.00724
22	0.01266	0.01371	0.02880	0.02126	0.02602	0.01281	0.60002	0.01663	0.01326	0.01797	0.01569	0.16202	0.01451	0.00754	0.00701	0.00207	0.00856	0.00865	0.00348	0.00733
23	0.01588	0.01640	0.02210	0.03140	0.61924	0.15659	0.01644	0.01879	0.01386	0.01816	0.01079	0.01397	0.00911	0.00551	0.00573	0.00173	0.00758	0.00496	0.00299	0.00879

[dist]
# distance from previous block
# <min> <max>
0	1

[block]
# block no. 2 follows, 41 sequences, length 48
# corresponding to MSA columns:
# 389-436
name=unknown_C
#
# <colnr> <probs for GDERKNQSTAVLIFYWHMCP>
#	G	D	E	R	K	N	Q	S	T	A	V	L	I	F	Y	W	H	M	C	P
0	0.00825	0.00585	0.00777	0.00777	0.00829	0.00638	0.00537	0.00930	0.00877	0.01223	0.01664	0.02973	0.01745	0.40927	0.41416	0.00743	0.01059	0.00719	0.00326	0.00432
1	0.01793	0.01497	0.02013	0.01543	0.01997	0.01610	0.18657	0.39534	0.20071	0.02883	0.01555	0.01601	0.01137	0.00660	0.00600	0.00182	0.00667	0.00586	0.00507	0.00908
2	0.01087	0.00920	0.01276	0.01451	0.19188	0.00850	0.00889	0.01459	0.06396	0.02083	0.33668	0.02707	0.04021	0.00807	0.00581	0.00156	0.00419	0.00715	0.00471	0.20854
3	0.02471	0.01108	0.06421	0.01059	0.01529	0.00874	0.00927	0.02722	0.01609	0.71671	0.02174	0.01898	0.01370	0.00697	0.00573	0.00177	0.00511	0.00565	0.00677	0.00965
4	0.01676	0.61572	0.02666	0.01098	0.01541	0.20400	0.01009	0.01851	0.01273	0.01360	0.00817	0.00946	0.00735	0.00514	0.00403	0.00129	0.00713	0.00321	0.00257	0.00717
5	0.00735	0.00582	0.00661	0.00641	0.00809	0.00508	0.00481	0.00934	0.01442	0.01872	0.36400	0.04968	0.45280	0.01327	0.00676	0.00188	0.00281	0.01132	0.00574	0.00508
6	0.01258	0.21456	0.54100	0.01601	0.07208	0.01556	0.01816	0.01784	0.01204	0.01704	0.00975	0.01153	0.00740	0.00529	0.00503	0.00166	0.00778	0.00401	0.00245	0.00823
7	0.01081	0.01017	0.01716	0.78514	0.03940	0.01271	0.01589	0.01462	0.01144	0.01462	0.01017	0.01526	0.00763	0.00572	0.00572	0.00191	0.00763	0.00509	0.00254	0.00636
8	0.00710	0.00576	0.00630	0.00628	0.00797	0.00496	0.00467	0.00882	0.01366	0.01720	0.22525	0.10195	0.54198	0.01405	0.00680	0.00193	0.00288	0.01194	0.00555	0.00496
9	0.01784	0.02571	0.19838	0.01747	0.10513	0.47681	0.01428	0.02077	0.01458	0.01553	0.00936	0.01127	0.00755	0.00585	0.00578	0.00162	0.03790	0.00403	0.00279	0.00734
10	0.01039	0.00954	0.01339	0.19967	0.01842	0.01198	0.01054	0.01244	0.01069	0.01487	0.02143	0.02450	0.18974	0.01139	0.04789	0.00246	0.31902	0.00680	0.05901	0.00582
11	0.01395	0.02632	0.58818	0.01555	0.02307	0.01436	0.01866	0.19292	0.01565	0.02244	0.01111	0.01249	0.00785	0.00578	0.00551	0.00179	0.00794	0.00445	0.00321	0.00876
12	0.01050	0.01043	0.05134	0.31764	0.21355	0.01049	0.01324	0.01350	0.01187	0.01588	0.01869	0.20528	0.06600	0.00908	0.00615	0.00195	0.00610	0.00821	0.00347	0.00663
13	0.01773	0.07377	0.01896	0.12849	0.20006	0.43347	0.01322	0.02002	0.01446	0.01519	0.00944	0.01187	0.00782	0.00562	0.00526	0.00157	0.00881	0.00418	0.00283	0.00723
14	0.01498	0.04188	0.57091	0.01469	0.02209	0.01232	0.01782	0.02045	0.01311	0.19837	0.01318	0.01380	0.00892	0.00582	0.00548	0.00179	0.00754	0.00457	0.00354	0.00874
15	0.00698	0.00520	0.00643	0.00738	0.00809	0.00473	0.00501	0.00804	0.01136	0.01469	0.03740	0.58927	0.21130	0.04564	0.00797	0.00235	0.00330	0.01496	0.00525	0.00465
16	0.01519	0.01509	0.02850	0.02072	0.02596	0.01480	0.53192	0.19260	0.01661	0.02242	0.01303	0.05140	0.01030	0.00593	0.00653	0.00190	0.00854	0.00681	0.00369	0.00806
17	0.01311	0.01417	0.02848	0.02035	0.02596	0.01282	0.56532	0.01738	0.01311	0.01841	0.01124	0.01458	0.00864	0.00469	0.00615	0.00167	0.00834	0.00594	0.00302	0.20662
18	0.01670	0.01352	0.01433	0.01214	0.01582	0.01538	0.00965	0.26447	0.51479	0.02791	0.02016	0.01886	0.01493	0.00747	0.00579	0.00187	0.00511	0.00604	0.00579	0.00928
19	0.00723	0.00574	0.00603	0.00600	0.00743	0.00504	0.00421	0.00842	0.01212	0.01491	0.09564	0.04998	0.53508	0.20316	0.01214	0.00279	0.00352	0.01105	0.00494	0.00454
20	0.01750	0.01734	0.01414	0.01296	0.04215	0.34037	0.00966	0.08409	0.05095	0.09121	0.19217	0.02010	0.02000	0.00780	0.00652	0.00170	0.05387	0.00588	0.00450	0.00709
21	0.06454	0.01362	0.02122	0.06541	0.58203	0.01408	0.01588	0.11711	0.01466	0.02131	0.01098	0.01387	0.00892	0.00539	0.00555	0.00172	0.00663	0.00499	0.00326	0.00886
22	0.00806	0.01091	0.19025	0.00998	0.01227	0.00673	0.00912	0.01041	0.01123	0.01545	0.02641	0.60662	0.03047	0.01492	0.00685	0.00220	0.00456	0.01336	0.00462	0.00557
23	0.01505	0.01719	0.19587	0.01307	0.01782	0.01470	0.01232	0.16820	0.43134	0.02492	0.01827	0.01762	0.01348	0.00703	0.00571	0.00187	0.00582	0.00567	0.00498	0.00905
24	0.01348	0.01751	0.20310	0.02907	0.51408	0.01360	0.06158	0.01821	0.03987	0.01873	0.01115	0.01401	0.00891	0.00526	0.00568	0.00175	0.00728	0.00504	0.00285	0.00884
25	0.01534	0.30141	0.32264	0.01322	0.01946	0.01770	0.01459	0.19481	0.01553	0.02084	0.01029	0.01146	0.00789	0.00560	0.00488	0.00158	0.00710	0.00404	0.00324	0.00837
26	0.00698	0.00498	0.00664	0.00797	0.00830	0.00465	0.00531	0.00797	0.01096	0.01461	0.03153	0.79516	0.03783	0.01792	0.00730	0.00232	0.00332	0.01626	0.00531	0.00465
27	0.01240	0.06204	0.52243	0.02086	0.20230	0.01386	0.05101	0.01795	0.01235	0.01805	0.01034	0.01259	0.00776	0.00531	0.00547	0.00176	0.00800	0.00449	0.00254	0.00852
28	0.02091	0.10811	0.12968	0.01205	0.01708	0.04908	0.01124	0.20610	0.03242	0.33177	0.01616	0.01532	0.01096	0.00649	0.00543	0.00169	0.00616	0.00498	0.00528	0.00911
29	0.06438	0.26322	0.35664	0.01271	0.01898	0.01552	0.01443	0.01965	0.04694	0.12021	0.01172	0.01247	0.00864	0.00560	0.00484	0.00163	0.00682	0.00412	0.00329	0.00818
30	0.01208	0.01624	0.18444	0.01970	0.05949	0.01228	0.37721	0.01669	0.01310	0.01801	0.01577	0.02648	0.01423	0.00761	0.00670	0.00206	0.00820	0.17900	0.00336	0.00735
31	0.01242	0.01299	0.02610	0.02048	0.05111	0.01280	0.47830	0.01636	0.01301	0.01767	0.01571	0.02697	0.01444	0.00791	0.00800	0.00214	0.07369	0.17941	0.00343	0.00706
32	0.01276	0.01340	0.02424	0.02032	0.09155	0.01509	0.31980	0.01570	0.01129	0.01621	0.01097	0.06085	0.00997	0.00784	0.01179	0.00218	0.33970	0.00643	0.00287	0.00704
33	0.00835	0.00642	0.00933	0.04736	0.04579	0.00631	0.04059	0.00974	0.01103	0.01480	0.06897	0.40726	0.03020	0.20364	0.01238	0.00302	0.00462	0.06075	0.00456	0.00489
34	0.01270	0.01034	0.00957	0.00921	0.00992	0.19059	0.00644	0.01116	0.00957	0.01092	0.00968	0.01569	0.00932	0.01651	0.01822	0.63316	0.00626	0.00466	0.00260	0.00349
35	0.01831	0.04344	0.19755	0.01474	0.01906	0.50358	0.01336	0.05553	0.01549	0.01618	0.01041	0.01342	0.00865	0.00627	0.00535	0.00162	0.00935	0.03749	0.00305	0.00717
36	0.01197	0.02618	0.59217	0.01819	0.02600	0.01357	0.19480	0.01817	0.01242	0.01817	0.01059	0.01289	0.00760	0.00529	0.00575	0.00184	0.00874	0.00484	0.00253	0.00828
37	0.01173	0.02548	0.58826	0.01600	0.02242	0.01431	0.01906	0.01707	0.01128	0.01707	0.00961	0.01219	0.00732	0.00654	0.00865	0.00198	0.19624	0.00442	0.00244	0.00793
38	0.01047	0.01057	0.00883	0.00911	0.01046	0.19043	0.00650	0.01177	0.01296	0.01514	0.07520	0.40896	0.18008	0.01395	0.00664	0.00201	0.00488	0.01202	0.00480	0.00521
39	0.01497	0.01214	0.01759	0.02346	0.39996	0.05696	0.01351	0.01852	0.04956	0.11965	0.01756	0.02713	0.01581	0.00812	0.00619	0.00193	0.00627	0.17843	0.00415	0.00810
40	0.00797	0.00575	0.00791	0.00815	0.00881	0.00619	0.00582	0.00933	0.00964	0.01343	0.05065	0.18279	0.02229	0.21856	0.40881	0.00662	0.01002	0.00888	0.00375	0.00464
41	0.02153	0.01161	0.01831	0.01367	0.01833	0.01071	0.18523	0.10110	0.01667	0.47725	0.02048	0.01939	0.04385	0.00683	0.00603	0.00181	0.00609	0.00620	0.00585	0.00904
42	0.01201	0.01140	0.01934	0.51588	0.29924	0.01303	0.01649	0.01568	0.01201	0.01608	0.01039	0.01487	0.00815	0.00550	0.00570	0.00183	0.00733	0.00509	0.00265	0.00733
43	0.32225	0.00903	0.00894	0.00851	0.01090	0.02193	0.00659	0.02809	0.08367	0.06967	0.12385	0.20780	0.02354	0.01014	0.00554	0.00196	0.00412	0.04231	0.00492	0.00624
44	0.01312	0.01243	0.02108	0.21450	0.55253	0.01304	0.01675	0.01658	0.01265	0.01764	0.01157	0.01687	0.00988	0.00577	0.00579	0.00180	0.00692	0.03997	0.00288	0.00823
45	0.01213	0.02574	0.58963	0.02083	0.20255	0.01336	0.02027	0.01798	0.01231	0.01826	0.01039	0.01259	0.00769	0.00536	0.00549	0.00179	0.00806	0.00444	0.00252	0.00860
46	0.03289	0.01178	0.01540	0.01615	0.17590	0.01206	0.01068	0.06056	0.27088	0.30139	0.01961	0.01854	0.01386	0.00685	0.00572	0.00181	0.00523	0.00579	0.00561	0.00930
47	0.01131	0.00633	0.00781	0.00724	0.00908	0.00559	0.00540	0.01201	0.01243	0.16141	0.08022	0.07416	0.35692	0.01433	0.01034	0.20212	0.00379	0.00923	0.00504	0.00525

[dist]
# distance from previous block
# <min> <max>
0	247

# created by:
# /software/SequenceAnalysis/GenePrediction/augustus/3.0.1/scripts/msa2prfl.pl ./fixed/BUSCOvEOG7SQZ9B.fas
