[name]
unknown

[dist]
# distance from previous block
# <min> <max>
4	60

[block]
# block no. 0 follows, 40 sequences, length 9
# corresponding to MSA columns:
# 63-71
name=unknown_A
#
# <colnr> <probs for GDERKNQSTAVLIFYWHMCP>
#	G	D	E	R	K	N	Q	S	T	A	V	L	I	F	Y	W	H	M	C	P
0	0.00787	0.00622	0.00946	0.08428	0.01284	0.00613	0.05092	0.00939	0.01134	0.01508	0.02871	0.66928	0.03368	0.01620	0.00723	0.00230	0.00419	0.01484	0.00498	0.00508
1	0.01059	0.00832	0.00929	0.00857	0.01087	0.00836	0.00673	0.11100	0.12130	0.02188	0.22484	0.04308	0.30225	0.01210	0.00670	0.00197	0.00382	0.07616	0.00578	0.00638
2	0.01084	0.00542	0.00542	0.00542	0.00678	0.00542	0.00407	0.01355	0.01220	0.02168	0.01897	0.02168	0.01491	0.00678	0.00407	0.00136	0.00271	0.00542	0.82791	0.00542
3	0.01955	0.01358	0.01493	0.01191	0.01579	0.01464	0.00961	0.51131	0.05349	0.10280	0.01913	0.09032	0.04754	0.03918	0.00695	0.00198	0.00571	0.00685	0.00581	0.00891
4	0.00992	0.00571	0.00773	0.00835	0.00922	0.00527	0.00579	0.01077	0.01154	0.11508	0.02878	0.61571	0.03258	0.01692	0.00864	0.07964	0.00374	0.01402	0.00537	0.00521
5	0.01233	0.02543	0.52951	0.01914	0.02685	0.01389	0.25282	0.01848	0.01274	0.01848	0.01086	0.01338	0.00784	0.00532	0.00596	0.00188	0.00898	0.00513	0.00261	0.00835
6	0.01084	0.00542	0.00542	0.00542	0.00678	0.00542	0.00407	0.01355	0.01220	0.02168	0.01897	0.02168	0.01491	0.00678	0.00407	0.00136	0.00271	0.00542	0.82791	0.00542
7	0.01295	0.09413	0.17891	0.01982	0.02572	0.01438	0.45128	0.01772	0.01351	0.01856	0.08350	0.01707	0.01287	0.00571	0.00629	0.00185	0.00852	0.00633	0.00314	0.00773
8	0.34124	0.05715	0.09680	0.01027	0.01480	0.01276	0.00939	0.06330	0.08105	0.23902	0.01443	0.01414	0.01009	0.00623	0.00481	0.00179	0.00530	0.00449	0.00479	0.00814

[dist]
# distance from previous block
# <min> <max>
0	6

[block]
# block no. 1 follows, 40 sequences, length 8
# corresponding to MSA columns:
# 78-85
name=unknown_B
#
# <colnr> <probs for GDERKNQSTAVLIFYWHMCP>
#	G	D	E	R	K	N	Q	S	T	A	V	L	I	F	Y	W	H	M	C	P
0	0.01222	0.02637	0.59077	0.01721	0.02491	0.01377	0.11946	0.01967	0.08450	0.01902	0.01191	0.01367	0.00858	0.00567	0.00575	0.00187	0.00837	0.00487	0.00286	0.00855
1	0.00923	0.00505	0.00734	0.00773	0.00782	0.00496	0.00515	0.00773	0.00860	0.01147	0.01645	0.24159	0.01830	0.01963	0.01830	0.59119	0.00457	0.00837	0.00336	0.00316
2	0.04515	0.17401	0.48179	0.01788	0.13489	0.01535	0.01813	0.01809	0.01224	0.01790	0.00997	0.01193	0.00763	0.00536	0.00514	0.00171	0.00772	0.00416	0.00257	0.00838
3	0.01636	0.01215	0.01745	0.35431	0.12784	0.01357	0.01374	0.17600	0.05515	0.13509	0.01384	0.01600	0.00996	0.00630	0.00582	0.00185	0.00675	0.00536	0.00421	0.00825
4	0.13708	0.00631	0.00590	0.00576	0.00746	0.00659	0.00441	0.01409	0.01184	0.02235	0.01731	0.01981	0.01359	0.00656	0.00399	0.00142	0.00298	0.00507	0.70191	0.00555
5	0.03943	0.01470	0.09636	0.25637	0.06041	0.01363	0.28232	0.07013	0.01379	0.05834	0.01176	0.01519	0.00869	0.00591	0.00651	0.02178	0.00814	0.00569	0.00323	0.00763
6	0.24262	0.01295	0.04745	0.06484	0.10967	0.01245	0.08567	0.10924	0.01379	0.02272	0.01293	0.01476	0.04693	0.00581	0.00503	0.00163	0.00586	0.00477	0.00367	0.17721
7	0.01593	0.00894	0.01075	0.00941	0.01189	0.00889	0.00705	0.08700	0.12661	0.25366	0.02380	0.16307	0.04140	0.19081	0.01163	0.00281	0.00485	0.00860	0.00565	0.00726

[dist]
# distance from previous block
# <min> <max>
14	30

[block]
# block no. 2 follows, 40 sequences, length 7
# corresponding to MSA columns:
# 119-125
name=unknown_C
#
# <colnr> <probs for GDERKNQSTAVLIFYWHMCP>
#	G	D	E	R	K	N	Q	S	T	A	V	L	I	F	Y	W	H	M	C	P
0	0.06563	0.01220	0.17192	0.01039	0.01358	0.00839	0.00969	0.04752	0.01207	0.01772	0.02015	0.30597	0.02156	0.01236	0.00773	0.07686	0.00516	0.06980	0.00416	0.10713
1	0.07498	0.02157	0.41312	0.01656	0.02312	0.01262	0.18663	0.01826	0.01268	0.07684	0.01339	0.07992	0.01083	0.00658	0.00588	0.00191	0.00784	0.00598	0.00328	0.00802
2	0.09033	0.19835	0.36190	0.01331	0.01945	0.01565	0.01494	0.05410	0.04303	0.08298	0.01134	0.01248	0.00845	0.00592	0.00566	0.00173	0.04463	0.00423	0.00328	0.00822
3	0.05787	0.07448	0.01997	0.01491	0.06601	0.01339	0.16447	0.18048	0.01613	0.05630	0.03004	0.01418	0.01017	0.00552	0.00534	0.00149	0.00627	0.00493	0.00401	0.25405
4	0.01123	0.01169	0.07541	0.08654	0.01966	0.01083	0.17235	0.04042	0.05909	0.01713	0.01384	0.01842	0.01160	0.02149	0.32762	0.00495	0.01101	0.00587	0.00328	0.07758
5	0.15128	0.09747	0.05261	0.03967	0.04499	0.01477	0.01038	0.22841	0.09658	0.18552	0.01496	0.01482	0.01065	0.00648	0.00524	0.00175	0.00574	0.00490	0.00502	0.00877
6	0.07511	0.09696	0.38158	0.01345	0.01917	0.06181	0.01492	0.04435	0.04107	0.04057	0.01453	0.08385	0.01290	0.00767	0.00560	0.00187	0.00711	0.06632	0.00347	0.00769

[dist]
# distance from previous block
# <min> <max>
0	13

[block]
# block no. 3 follows, 40 sequences, length 13
# corresponding to MSA columns:
# 139-151
name=unknown_D
#
# <colnr> <probs for GDERKNQSTAVLIFYWHMCP>
#	G	D	E	R	K	N	Q	S	T	A	V	L	I	F	Y	W	H	M	C	P
0	0.00849	0.00676	0.00956	0.00921	0.01084	0.00597	0.05322	0.01014	0.01180	0.01636	0.07188	0.55409	0.03217	0.01445	0.00679	0.00203	0.00392	0.01317	0.00495	0.15421
1	0.01983	0.00959	0.02788	0.08746	0.01630	0.00870	0.00896	0.02304	0.05503	0.47821	0.10924	0.09145	0.02073	0.00861	0.00610	0.00188	0.00488	0.00730	0.00631	0.00850
2	0.01346	0.01277	0.02137	0.05288	0.61715	0.01313	0.01623	0.01654	0.01271	0.01815	0.01284	0.09241	0.01201	0.00682	0.00676	0.00185	0.05500	0.00632	0.00310	0.00850
3	0.06981	0.01069	0.01293	0.24005	0.02041	0.07864	0.01026	0.01365	0.01152	0.01601	0.01613	0.24248	0.01676	0.00978	0.00747	0.00195	0.09901	0.00802	0.00363	0.11079
4	0.03949	0.01009	0.01362	0.01157	0.01432	0.01082	0.07374	0.19529	0.03808	0.06713	0.01874	0.07343	0.05028	0.02287	0.31599	0.00492	0.00982	0.01837	0.00443	0.00701
5	0.46782	0.01333	0.05502	0.08884	0.01576	0.08816	0.00874	0.01720	0.01182	0.04580	0.07636	0.01389	0.01140	0.00608	0.00451	0.00173	0.00552	0.00425	0.00372	0.06006
6	0.28815	0.01148	0.01159	0.00907	0.01352	0.01118	0.00734	0.10065	0.06546	0.02376	0.01096	0.01209	0.00864	0.00523	0.00436	0.00136	0.00463	0.00378	0.00395	0.40279
7	0.08324	0.00657	0.00728	0.00720	0.00786	0.00680	0.00461	0.04225	0.01006	0.01467	0.03750	0.14185	0.02231	0.52201	0.05814	0.00473	0.00565	0.00894	0.00395	0.00436
8	0.00862	0.00657	0.00797	0.00857	0.00971	0.00653	0.00612	0.01219	0.13332	0.01651	0.03238	0.49164	0.11814	0.01581	0.00777	0.03952	0.00372	0.04828	0.00532	0.02131
9	0.01383	0.01583	0.11285	0.06537	0.54726	0.01385	0.10979	0.01788	0.01312	0.01870	0.01096	0.01436	0.00888	0.00521	0.00587	0.00178	0.00751	0.00529	0.00282	0.00884
10	0.01403	0.02059	0.35492	0.07391	0.13080	0.06160	0.01610	0.01937	0.06507	0.09257	0.01331	0.01645	0.01036	0.07682	0.00778	0.00216	0.00749	0.00515	0.00338	0.00813
11	0.00906	0.00724	0.01052	0.01027	0.01156	0.00728	0.05886	0.01077	0.01177	0.03060	0.02905	0.43438	0.09066	0.01500	0.00843	0.00229	0.08268	0.12239	0.00488	0.04230
12	0.01228	0.12740	0.39686	0.01317	0.01873	0.06638	0.01472	0.01651	0.01270	0.04101	0.06094	0.16224	0.01649	0.00835	0.00572	0.00183	0.00693	0.00686	0.00346	0.00742

[dist]
# distance from previous block
# <min> <max>
0	125

[block]
# block no. 4 follows, 40 sequences, length 7
# corresponding to MSA columns:
# 296-302
name=unknown_E
#
# <colnr> <probs for GDERKNQSTAVLIFYWHMCP>
#	G	D	E	R	K	N	Q	S	T	A	V	L	I	F	Y	W	H	M	C	P
0	0.00797	0.00572	0.00767	0.00840	0.00931	0.00541	0.00629	0.00993	0.01343	0.01827	0.27714	0.38033	0.04293	0.01561	0.00736	0.00225	0.00359	0.16755	0.00573	0.00512
1	0.01135	0.01034	0.01562	0.51976	0.03115	0.01117	0.01301	0.01478	0.01177	0.01624	0.01034	0.01434	0.00804	0.00530	0.00530	0.00157	0.00658	0.00458	0.00288	0.28586
2	0.01068	0.00855	0.01410	0.51941	0.02905	0.01025	0.01239	0.01239	0.01026	0.01325	0.01026	0.01624	0.00855	0.01069	0.01154	0.28275	0.00684	0.00513	0.00256	0.00513
3	0.00702	0.00590	0.00609	0.00604	0.00794	0.00497	0.00453	0.00862	0.01359	0.01651	0.13222	0.05465	0.68318	0.01443	0.00687	0.00195	0.00292	0.01209	0.00551	0.00497
4	0.01610	0.01019	0.01610	0.52035	0.03151	0.01144	0.01357	0.01943	0.01333	0.26845	0.01461	0.01696	0.01000	0.00628	0.00583	0.00189	0.00680	0.00540	0.00415	0.00762
5	0.01206	0.01034	0.01206	0.00861	0.01378	0.00775	0.00689	0.01464	0.01206	0.01895	0.01034	0.01206	0.00861	0.00431	0.00431	0.00086	0.00431	0.00345	0.00345	0.83118
6	0.01701	0.01465	0.02152	0.02813	0.50821	0.01525	0.01555	0.26249	0.01802	0.02498	0.01196	0.01425	0.00944	0.00579	0.00578	0.00173	0.00674	0.00520	0.00387	0.00944

[dist]
# distance from previous block
# <min> <max>
2	38

# created by:
# /software/SequenceAnalysis/GenePrediction/augustus/3.0.1/scripts/msa2prfl.pl ./fixed/BUSCOvEOG7C8971.fas
