[name]
unknown

[dist]
# distance from previous block
# <min> <max>
0	267

[block]
# block no. 0 follows, 41 sequences, length 31
# corresponding to MSA columns:
# 320-350
name=unknown_A
#
# <colnr> <probs for GDERKNQSTAVLIFYWHMCP>
#	G	D	E	R	K	N	Q	S	T	A	V	L	I	F	Y	W	H	M	C	P
0	0.00936	0.00689	0.01006	0.01100	0.01247	0.00685	0.03428	0.01207	0.01318	0.01716	0.02965	0.06284	0.03209	0.01543	0.00786	0.00261	0.00542	0.70026	0.00519	0.00535
1	0.00697	0.00498	0.00664	0.00796	0.00830	0.00465	0.00531	0.00796	0.01095	0.01460	0.03153	0.79525	0.03783	0.01792	0.00730	0.00232	0.00332	0.01626	0.00531	0.00465
2	0.22297	0.10277	0.47026	0.01372	0.02045	0.01417	0.04564	0.01769	0.01149	0.01957	0.00950	0.01121	0.00705	0.00532	0.00483	0.00175	0.00724	0.00392	0.00272	0.00773
3	0.00770	0.00615	0.00696	0.00700	0.00859	0.00566	0.00515	0.01051	0.07089	0.01775	0.21919	0.19232	0.39348	0.01395	0.00679	0.00198	0.00306	0.01203	0.00559	0.00526
4	0.00908	0.00606	0.00796	0.00736	0.00888	0.00557	0.00557	0.01175	0.01620	0.06458	0.71901	0.04143	0.05174	0.01144	0.00669	0.00180	0.00282	0.01009	0.00634	0.00564
5	0.01423	0.01229	0.01293	0.01164	0.01487	0.01423	0.00905	0.03039	0.75297	0.02393	0.02328	0.02134	0.01746	0.00776	0.00582	0.00194	0.00453	0.00647	0.00582	0.00905
6	0.01186	0.01017	0.01186	0.00847	0.01356	0.00762	0.00678	0.01440	0.01186	0.01864	0.01017	0.01186	0.00847	0.00424	0.00424	0.00085	0.00424	0.00339	0.00339	0.83395
7	0.01607	0.01134	0.01223	0.01050	0.01373	0.01253	0.00831	0.16544	0.38907	0.09762	0.02041	0.01968	0.01507	0.00730	0.00542	0.00176	0.00452	0.00591	0.17460	0.00849
8	0.02108	0.01569	0.01679	0.01303	0.01749	0.01743	0.01071	0.68122	0.09098	0.03498	0.01458	0.01440	0.01041	0.00695	0.00573	0.00174	0.00614	0.00527	0.00573	0.00967
9	0.00697	0.00498	0.00664	0.00796	0.00830	0.00465	0.00531	0.00796	0.01095	0.01460	0.03153	0.79525	0.03783	0.01792	0.00730	0.00232	0.00332	0.01626	0.00531	0.00465
10	0.02238	0.01499	0.01653	0.01267	0.01723	0.01621	0.01047	0.62707	0.02517	0.15563	0.01518	0.01467	0.01045	0.00690	0.00573	0.00173	0.00606	0.00525	0.00594	0.00973
11	0.01951	0.01418	0.01511	0.01192	0.01592	0.01567	0.00974	0.57762	0.08887	0.03289	0.01527	0.01548	0.01111	0.00692	0.00549	0.00168	0.00562	0.00529	0.12267	0.00904
12	0.00707	0.00505	0.00673	0.00790	0.00832	0.00471	0.00532	0.00821	0.01141	0.01534	0.09585	0.72883	0.03926	0.01737	0.00725	0.00228	0.00326	0.01574	0.00540	0.00471
13	0.02178	0.01537	0.01672	0.01280	0.01738	0.01673	0.01057	0.66843	0.02566	0.09239	0.01432	0.01413	0.01004	0.00681	0.00568	0.00170	0.00613	0.00515	0.00576	0.03247
14	0.02081	0.02610	0.01595	0.01450	0.01746	0.71682	0.01090	0.02343	0.07346	0.01477	0.00996	0.01117	0.00815	0.00604	0.00521	0.00151	0.00987	0.00390	0.00317	0.00682
15	0.01742	0.01196	0.01374	0.01044	0.01496	0.01130	0.00846	0.28476	0.01806	0.14422	0.01468	0.05848	0.01152	0.00644	0.00520	0.00140	0.00504	0.00515	0.00495	0.35185
16	0.01151	0.00802	0.00894	0.00785	0.01023	0.00780	0.00613	0.15689	0.01675	0.06419	0.23646	0.03848	0.30983	0.01110	0.00625	0.00179	0.00361	0.00927	0.07862	0.00628
17	0.02456	0.00989	0.01321	0.01019	0.01447	0.00878	0.00839	0.06718	0.01695	0.68875	0.05925	0.02032	0.01592	0.00730	0.00580	0.00177	0.00484	0.00595	0.00696	0.00952
18	0.01957	0.02521	0.12411	0.01525	0.01939	0.50961	0.05420	0.13116	0.01709	0.01817	0.00994	0.01137	0.00778	0.00592	0.00537	0.00158	0.00940	0.00416	0.00329	0.00742
19	0.01512	0.01243	0.01327	0.01154	0.01486	0.01412	0.00908	0.16490	0.54937	0.02615	0.08651	0.02178	0.01921	0.00794	0.00588	0.00188	0.00470	0.00656	0.00584	0.00886
20	0.00847	0.00609	0.00832	0.00945	0.01054	0.00594	0.00775	0.01065	0.01283	0.01687	0.08829	0.24875	0.06119	0.01598	0.00762	0.00247	0.00449	0.46384	0.00536	0.00510
21	0.01199	0.02598	0.58185	0.01829	0.02607	0.01358	0.20501	0.01817	0.01244	0.01817	0.01060	0.01293	0.00761	0.00528	0.00577	0.00184	0.00876	0.00487	0.00254	0.00827
22	0.01251	0.01251	0.01752	0.01502	0.01502	0.01752	0.01251	0.01377	0.00876	0.01377	0.00751	0.01251	0.00751	0.01001	0.01877	0.00250	0.78851	0.00501	0.00250	0.00626
23	0.00697	0.00498	0.00664	0.00796	0.00830	0.00465	0.00531	0.00796	0.01095	0.01460	0.03153	0.79525	0.03783	0.01792	0.00730	0.00232	0.00332	0.01626	0.00531	0.00465
24	0.02174	0.01602	0.01717	0.01316	0.01774	0.01774	0.01087	0.74423	0.02689	0.03605	0.01373	0.01373	0.00973	0.00687	0.00572	0.00172	0.00629	0.00515	0.00572	0.00973
25	0.00697	0.00498	0.00664	0.00796	0.00830	0.00465	0.00531	0.00796	0.01095	0.01460	0.03153	0.79525	0.03783	0.01792	0.00730	0.00232	0.00332	0.01626	0.00531	0.00465
26	0.00695	0.00505	0.00656	0.00777	0.00824	0.00466	0.00522	0.00799	0.01114	0.01468	0.03393	0.72795	0.10358	0.01761	0.00725	0.00229	0.00328	0.01588	0.00531	0.00466
27	0.01529	0.80242	0.02997	0.00979	0.01468	0.02263	0.00979	0.01713	0.01162	0.01346	0.00795	0.00918	0.00734	0.00489	0.00367	0.00122	0.00612	0.00306	0.00245	0.00734
28	0.01964	0.02334	0.01655	0.01465	0.01716	0.55828	0.01133	0.08471	0.01567	0.01590	0.00901	0.01105	0.00760	0.00680	0.00791	0.00170	0.16468	0.00408	0.00310	0.00683
29	0.01794	0.02095	0.02097	0.01705	0.02036	0.39862	0.19772	0.07626	0.01513	0.01678	0.00970	0.01224	0.00791	0.00637	0.00784	0.00178	0.13743	0.00480	0.00308	0.00709
30	0.00815	0.00712	0.00716	0.00733	0.00900	0.04515	0.00546	0.01041	0.05142	0.01613	0.08293	0.19732	0.46252	0.01430	0.00680	0.00202	0.00357	0.05277	0.00526	0.00516

[dist]
# distance from previous block
# <min> <max>
2	8

[block]
# block no. 1 follows, 41 sequences, length 50
# corresponding to MSA columns:
# 359-408
name=unknown_B
#
# <colnr> <probs for GDERKNQSTAVLIFYWHMCP>
#	G	D	E	R	K	N	Q	S	T	A	V	L	I	F	Y	W	H	M	C	P
0	0.00697	0.00498	0.00664	0.00796	0.00830	0.00465	0.00531	0.00796	0.01095	0.01460	0.03153	0.79525	0.03783	0.01792	0.00730	0.00232	0.00332	0.01626	0.00531	0.00465
1	0.00697	0.00575	0.00611	0.00613	0.00788	0.00490	0.00456	0.00857	0.01336	0.01648	0.15778	0.09902	0.61413	0.01429	0.00679	0.00194	0.00289	0.01208	0.00545	0.00490
2	0.01683	0.01383	0.01438	0.01220	0.01587	0.03199	0.00969	0.26278	0.50036	0.02766	0.01986	0.01862	0.01472	0.00743	0.00577	0.00186	0.00523	0.00598	0.00573	0.00922
3	0.02040	0.01027	0.01288	0.01002	0.01440	0.00921	0.00813	0.02508	0.14106	0.46101	0.01972	0.01797	0.01336	0.00651	0.00540	0.00158	0.00466	0.00531	0.00598	0.20706
4	0.01128	0.00807	0.00968	0.00863	0.01070	0.00812	0.00664	0.13235	0.07371	0.04969	0.48804	0.08765	0.06056	0.01095	0.00651	0.00183	0.00355	0.00950	0.00610	0.00646
5	0.01147	0.02959	0.76934	0.01630	0.02476	0.01328	0.02113	0.01811	0.01208	0.01811	0.01026	0.01208	0.00725	0.00543	0.00543	0.00181	0.00845	0.00423	0.00242	0.00845
6	0.00710	0.00508	0.00677	0.00796	0.00839	0.00474	0.00540	0.00826	0.01140	0.01529	0.08709	0.72224	0.03896	0.01740	0.00727	0.00229	0.00331	0.03093	0.00538	0.00472
7	0.01210	0.15576	0.64863	0.01524	0.02311	0.01481	0.01928	0.01795	0.01200	0.01735	0.00989	0.01160	0.00726	0.00535	0.00515	0.00172	0.00807	0.00404	0.00242	0.00827
8	0.01091	0.01037	0.01781	0.75521	0.03902	0.01278	0.04455	0.01476	0.01152	0.01476	0.01022	0.01526	0.00767	0.00568	0.00576	0.00191	0.00770	0.00515	0.00256	0.00641
9	0.00789	0.00542	0.00631	0.00665	0.00684	0.00528	0.00398	0.00822	0.00925	0.01222	0.02372	0.22823	0.06791	0.55797	0.02236	0.00453	0.00483	0.01052	0.00403	0.00384
10	0.01287	0.00807	0.01002	0.00860	0.01092	0.00785	0.00673	0.13301	0.01796	0.13305	0.53139	0.03462	0.04097	0.01024	0.00643	0.00178	0.00360	0.00883	0.00632	0.00673
11	0.08316	0.02501	0.01570	0.01420	0.01699	0.66564	0.01078	0.02176	0.01520	0.01487	0.00868	0.01039	0.00729	0.00613	0.00597	0.00157	0.06338	0.00373	0.00296	0.00657
12	0.00697	0.00498	0.00664	0.00796	0.00830	0.00465	0.00531	0.00796	0.01095	0.01460	0.03153	0.79525	0.03783	0.01792	0.00730	0.00232	0.00332	0.01626	0.00531	0.00465
13	0.01210	0.01129	0.01706	0.44192	0.02854	0.01463	0.01412	0.05938	0.01143	0.01576	0.00958	0.01428	0.00785	0.00737	0.01044	0.00210	0.29176	0.00506	0.01882	0.00651
14	0.02174	0.01602	0.01717	0.01316	0.01774	0.01774	0.01087	0.74423	0.02689	0.03605	0.01373	0.01373	0.00973	0.00687	0.00572	0.00172	0.00629	0.00515	0.00572	0.00973
15	0.00697	0.00498	0.00664	0.00796	0.00830	0.00465	0.00531	0.00796	0.01095	0.01460	0.03153	0.79525	0.03783	0.01792	0.00730	0.00232	0.00332	0.01626	0.00531	0.00465
16	0.02539	0.01017	0.01354	0.01038	0.01482	0.00905	0.00858	0.07714	0.01709	0.71698	0.02196	0.01907	0.01385	0.00706	0.00575	0.00177	0.00497	0.00571	0.00699	0.00973
17	0.00697	0.00498	0.00664	0.00796	0.00830	0.00465	0.00531	0.00796	0.01095	0.01460	0.03153	0.79525	0.03783	0.01792	0.00730	0.00232	0.00332	0.01626	0.00531	0.00465
18	0.01529	0.80242	0.02997	0.00979	0.01468	0.02263	0.00979	0.01713	0.01162	0.01346	0.00795	0.00918	0.00734	0.00489	0.00367	0.00122	0.00612	0.00306	0.00245	0.00734
19	0.00832	0.00555	0.00624	0.00624	0.00624	0.00555	0.00347	0.00832	0.00832	0.01109	0.01802	0.03743	0.02080	0.79898	0.02911	0.00555	0.00555	0.00832	0.00347	0.00347
20	0.01257	0.00678	0.00710	0.00655	0.00841	0.00693	0.00505	0.07085	0.05325	0.06577	0.01876	0.02064	0.01441	0.00676	0.00433	0.00142	0.00317	0.00540	0.67574	0.00612
21	0.01529	0.80242	0.02997	0.00979	0.01468	0.02263	0.00979	0.01713	0.01162	0.01346	0.00795	0.00918	0.00734	0.00489	0.00367	0.00122	0.00612	0.00306	0.00245	0.00734
22	0.00814	0.00547	0.00629	0.00647	0.00651	0.00542	0.00371	0.00827	0.00867	0.01156	0.01983	0.13911	0.02308	0.69418	0.02619	0.00511	0.00525	0.00938	0.00371	0.00362
23	0.01423	0.01229	0.01293	0.01164	0.01487	0.01423	0.00905	0.03039	0.75297	0.02393	0.02328	0.02134	0.01746	0.00776	0.00582	0.00194	0.00453	0.00647	0.00582	0.00905
24	0.07424	0.01145	0.01390	0.01069	0.01513	0.01104	0.00882	0.21041	0.01843	0.49508	0.01876	0.01697	0.01224	0.00677	0.00553	0.00171	0.00517	0.00531	0.00632	0.05202
25	0.01184	0.10453	0.69765	0.01567	0.02378	0.01419	0.02003	0.01802	0.01203	0.01766	0.01004	0.01179	0.00725	0.00538	0.00526	0.00175	0.00823	0.00411	0.00242	0.00835
26	0.00894	0.00654	0.00876	0.00989	0.01110	0.00656	0.00818	0.01199	0.05836	0.01690	0.03069	0.23671	0.04749	0.01579	0.00761	0.00250	0.00471	0.49662	0.00531	0.00534
27	0.02092	0.00857	0.01094	0.00877	0.01225	0.00774	0.00712	0.04501	0.01534	0.51521	0.02109	0.01987	0.01418	0.00694	0.00521	0.00163	0.00423	0.00560	0.26099	0.00838
28	0.16133	0.01033	0.01557	0.64395	0.03425	0.01273	0.01412	0.01501	0.01113	0.01662	0.00977	0.01417	0.00737	0.00564	0.00532	0.00188	0.00704	0.00472	0.00272	0.00633
29	0.00771	0.00558	0.00728	0.00739	0.00844	0.00515	0.00534	0.00984	0.01448	0.02014	0.51393	0.27512	0.07080	0.01370	0.00692	0.00196	0.00290	0.01222	0.00596	0.00515
30	0.00697	0.00498	0.00664	0.00796	0.00830	0.00465	0.00531	0.00796	0.01095	0.01460	0.03153	0.79525	0.03783	0.01792	0.00730	0.00232	0.00332	0.01626	0.00531	0.00465
31	0.01993	0.01126	0.01329	0.01102	0.01488	0.01166	0.00883	0.06184	0.37445	0.37297	0.02251	0.02012	0.01556	0.00740	0.00578	0.00185	0.00477	0.00607	0.00641	0.00940
32	0.01692	0.47016	0.04636	0.01091	0.01542	0.08388	0.01010	0.19156	0.01571	0.01960	0.01022	0.01129	0.00842	0.00559	0.00436	0.00139	0.00635	0.00380	0.06023	0.00775
33	0.07553	0.03990	0.01641	0.01381	0.07337	0.12513	0.01038	0.39345	0.02020	0.02730	0.01165	0.01252	0.00882	0.00599	0.00518	0.00153	0.00644	0.00444	0.00447	0.14348
34	0.01852	0.09004	0.01888	0.14082	0.02190	0.52870	0.06754	0.02066	0.01483	0.01438	0.00919	0.01141	0.00751	0.00570	0.00524	0.00156	0.00946	0.00409	0.00283	0.00673
35	0.01199	0.01179	0.01741	0.25249	0.02253	0.01604	0.01355	0.01403	0.00959	0.01403	0.00833	0.01336	0.00754	0.00869	0.01475	0.00232	0.54775	0.00503	0.00251	0.00629
36	0.01092	0.00705	0.00894	0.00812	0.01005	0.00677	0.00624	0.01506	0.09844	0.11251	0.57496	0.03796	0.04469	0.01078	0.00655	0.00183	0.00321	0.02328	0.00632	0.00632
37	0.01186	0.01017	0.01186	0.00847	0.01356	0.00762	0.00678	0.01440	0.01186	0.01864	0.01017	0.01186	0.00847	0.00424	0.00424	0.00085	0.00424	0.00339	0.00339	0.83395
38	0.00697	0.00498	0.00664	0.00796	0.00830	0.00465	0.00531	0.00796	0.01095	0.01460	0.03153	0.79525	0.03783	0.01792	0.00730	0.00232	0.00332	0.01626	0.00531	0.00465
39	0.01255	0.01335	0.02481	0.01901	0.02197	0.01490	0.38001	0.01561	0.01130	0.01610	0.01125	0.06264	0.01016	0.00877	0.03243	0.00238	0.32641	0.00661	0.00289	0.00686
40	0.01080	0.01017	0.01716	0.78523	0.03940	0.01271	0.01589	0.01461	0.01144	0.01461	0.01017	0.01525	0.00762	0.00572	0.00572	0.00191	0.00762	0.00508	0.00254	0.00635
41	0.00697	0.00498	0.00664	0.00796	0.00830	0.00465	0.00531	0.00796	0.01095	0.01460	0.03153	0.79525	0.03783	0.01792	0.00730	0.00232	0.00332	0.01626	0.00531	0.00465
42	0.02174	0.01602	0.01717	0.01316	0.01774	0.01774	0.01087	0.74423	0.02689	0.03605	0.01373	0.01373	0.00973	0.00687	0.00572	0.00172	0.00629	0.00515	0.00572	0.00973
43	0.00701	0.00500	0.00662	0.00791	0.00823	0.00467	0.00525	0.00798	0.01087	0.01449	0.03111	0.77187	0.03731	0.04201	0.00797	0.00242	0.00339	0.01602	0.00525	0.00461
44	0.00703	0.00505	0.00668	0.00786	0.00830	0.00470	0.00529	0.00815	0.01133	0.01514	0.07732	0.72786	0.05922	0.01744	0.00725	0.00228	0.00327	0.01578	0.00537	0.00470
45	0.00881	0.00582	0.00765	0.00759	0.00883	0.00534	0.00554	0.01093	0.01452	0.06623	0.47606	0.27355	0.06056	0.01338	0.00686	0.00196	0.00303	0.01192	0.00602	0.00542
46	0.01524	0.01706	0.01712	0.01493	0.01584	0.25138	0.01206	0.01656	0.01106	0.01384	0.00792	0.01184	0.00747	0.00874	0.01457	0.00219	0.54858	0.00460	0.00264	0.00637
47	0.21090	0.02193	0.06076	0.01276	0.01635	0.46741	0.01034	0.04610	0.01483	0.07518	0.00994	0.01100	0.00769	0.00585	0.00486	0.00159	0.00828	0.00379	0.00346	0.00698
48	0.01467	0.00742	0.00962	0.00823	0.01073	0.00668	0.00639	0.01722	0.03244	0.29835	0.36321	0.03431	0.09662	0.05879	0.00774	0.00203	0.00374	0.00857	0.00632	0.00693
49	0.02146	0.01442	0.01592	0.01243	0.01681	0.01562	0.01020	0.52369	0.11947	0.16479	0.01655	0.01574	0.01152	0.00702	0.00574	0.00176	0.00581	0.00543	0.00598	0.00964

[dist]
# distance from previous block
# <min> <max>
3	8

[block]
# block no. 2 follows, 41 sequences, length 6
# corresponding to MSA columns:
# 417-422
name=unknown_C
#
# <colnr> <probs for GDERKNQSTAVLIFYWHMCP>
#	G	D	E	R	K	N	Q	S	T	A	V	L	I	F	Y	W	H	M	C	P
0	0.01107	0.00884	0.01047	0.01062	0.01276	0.00956	0.00878	0.01911	0.31373	0.01976	0.02955	0.04626	0.08211	0.01243	0.00697	0.00230	0.00479	0.37865	0.00550	0.00677
1	0.01747	0.00999	0.01244	0.00916	0.01398	0.00794	0.00744	0.01988	0.01369	0.32279	0.01520	0.01495	0.01078	0.00539	0.00485	0.00122	0.00449	0.00435	0.00489	0.49908
2	0.01735	0.05552	0.17023	0.01343	0.01783	0.27606	0.01219	0.02443	0.23805	0.09599	0.01489	0.01491	0.01110	0.00644	0.00541	0.00170	0.00743	0.00482	0.00411	0.00809
3	0.01397	0.53500	0.28582	0.01204	0.01817	0.01940	0.01371	0.01747	0.01178	0.01507	0.00875	0.01018	0.00731	0.00508	0.00428	0.00143	0.00693	0.00346	0.00244	0.00773
4	0.01311	0.36160	0.45170	0.01350	0.02043	0.01730	0.01626	0.01769	0.01188	0.01611	0.00927	0.01083	0.00729	0.00520	0.00468	0.00156	0.00745	0.00372	0.00243	0.00798
5	0.01524	0.36439	0.02281	0.01266	0.01532	0.14827	0.01106	0.01679	0.01129	0.01367	0.00793	0.01066	0.00741	0.00705	0.00979	0.00176	0.31063	0.00392	0.00255	0.00680

[dist]
# distance from previous block
# <min> <max>
0	5

[block]
# block no. 3 follows, 41 sequences, length 65
# corresponding to MSA columns:
# 428-492
name=unknown_D
#
# <colnr> <probs for GDERKNQSTAVLIFYWHMCP>
#	G	D	E	R	K	N	Q	S	T	A	V	L	I	F	Y	W	H	M	C	P
0	0.01221	0.01145	0.01939	0.69123	0.05206	0.01343	0.08075	0.01574	0.01233	0.01605	0.01139	0.01670	0.00879	0.00635	0.00627	0.00210	0.00811	0.00558	0.00296	0.00709
1	0.01411	0.01355	0.01824	0.12224	0.38015	0.10370	0.01381	0.01677	0.01455	0.01947	0.18522	0.03614	0.02061	0.00777	0.00635	0.00193	0.00665	0.00669	0.00403	0.00801
2	0.02266	0.01668	0.01781	0.01383	0.01844	0.01820	0.01127	0.73228	0.02731	0.03671	0.01476	0.01521	0.01074	0.00757	0.00618	0.00192	0.00664	0.00549	0.00605	0.01023
3	0.04023	0.01261	0.02753	0.01175	0.01567	0.01278	0.00937	0.06246	0.41586	0.22903	0.02188	0.02062	0.01592	0.00785	0.00607	0.00199	0.00513	0.00617	0.00619	0.07089
4	0.06755	0.02173	0.01688	0.01427	0.01804	0.37721	0.01110	0.35039	0.02130	0.02569	0.01213	0.01335	0.00943	0.00702	0.00579	0.00180	0.00844	0.00469	0.00462	0.00857
5	0.00847	0.00605	0.00764	0.00874	0.00924	0.00562	0.00583	0.02225	0.01182	0.01587	0.03133	0.73546	0.03709	0.05269	0.00867	0.00264	0.00387	0.01586	0.00557	0.00528
6	0.01190	0.01092	0.01780	0.77247	0.03972	0.01326	0.01620	0.01536	0.01212	0.01565	0.01126	0.01671	0.00867	0.00644	0.00618	0.00210	0.00795	0.00543	0.00293	0.00692
7	0.00925	0.00668	0.00846	0.00797	0.00941	0.00608	0.00590	0.01160	0.01679	0.02383	0.74833	0.04370	0.05421	0.01231	0.00719	0.00200	0.00311	0.01060	0.00662	0.00598
8	0.00932	0.00696	0.00998	0.00993	0.01104	0.00780	0.00762	0.01103	0.00992	0.01434	0.01632	0.02380	0.01523	0.04298	0.76337	0.00926	0.01551	0.00646	0.00344	0.00569
9	0.00831	0.00666	0.00719	0.00726	0.00907	0.00573	0.00544	0.00967	0.01399	0.01748	0.13989	0.09041	0.56846	0.01499	0.00732	0.00219	0.00349	0.07119	0.00576	0.00552
10	0.01024	0.00737	0.00986	0.01105	0.01248	0.00717	0.00944	0.01249	0.01382	0.01804	0.03220	0.06472	0.06434	0.01629	0.00827	0.00279	0.00553	0.68246	0.00561	0.00583
11	0.06960	0.01058	0.01374	0.01086	0.01503	0.00955	0.00881	0.02681	0.01631	0.66708	0.04094	0.02063	0.01543	0.00792	0.00662	0.00200	0.03526	0.00603	0.00700	0.00980
12	0.00920	0.00631	0.00733	0.00766	0.00792	0.00607	0.00474	0.00928	0.00993	0.01333	0.02276	0.21519	0.02621	0.56291	0.02297	0.00478	0.00538	0.04923	0.00436	0.00445
13	0.01651	0.59706	0.20180	0.01279	0.01855	0.02125	0.01327	0.01879	0.01312	0.01670	0.01080	0.01304	0.00948	0.00653	0.00509	0.00179	0.00737	0.00411	0.00323	0.00872
14	0.00987	0.00768	0.00843	0.00817	0.01006	0.00670	0.00599	0.01148	0.03235	0.02052	0.31574	0.05149	0.44529	0.01450	0.00766	0.00230	0.00374	0.02530	0.00637	0.00635
15	0.01638	0.19727	0.02542	0.04857	0.50545	0.01697	0.01603	0.01859	0.01377	0.01908	0.01213	0.01596	0.01064	0.00684	0.00686	0.00205	0.04967	0.00533	0.00349	0.00950
16	0.09024	0.01770	0.01771	0.01418	0.01862	0.06845	0.01133	0.61275	0.02564	0.03510	0.01505	0.01618	0.01136	0.00812	0.00645	0.00211	0.00712	0.00559	0.00603	0.01027
17	0.08345	0.14883	0.41205	0.01576	0.02245	0.01658	0.05609	0.12797	0.01549	0.02268	0.01253	0.01491	0.00979	0.00701	0.00607	0.00211	0.00813	0.00496	0.00382	0.00932
18	0.01651	0.59706	0.20180	0.01279	0.01855	0.02125	0.01327	0.01879	0.01312	0.01670	0.01080	0.01304	0.00948	0.00653	0.00509	0.00179	0.00737	0.00411	0.00323	0.00872
19	0.01080	0.00774	0.00999	0.01117	0.01234	0.00731	0.00884	0.01221	0.01379	0.01834	0.03221	0.30234	0.03576	0.01761	0.00857	0.00291	0.00538	0.47047	0.00597	0.00626
20	0.00941	0.00673	0.00832	0.00946	0.00999	0.00610	0.00627	0.00974	0.01227	0.01660	0.03252	0.74335	0.03830	0.04690	0.00897	0.00283	0.00421	0.01629	0.00593	0.00582
21	0.01488	0.01358	0.02178	0.35139	0.43352	0.01432	0.01744	0.01774	0.01370	0.01895	0.01273	0.01764	0.01055	0.00686	0.00663	0.00220	0.00784	0.00580	0.00349	0.00898
22	0.00958	0.00752	0.00810	0.00787	0.00977	0.00642	0.00573	0.01077	0.01537	0.01989	0.27837	0.05275	0.51495	0.01478	0.00766	0.00229	0.00367	0.01199	0.00631	0.00621
23	0.00936	0.00671	0.00834	0.00952	0.01007	0.00607	0.00633	0.00972	0.01237	0.01672	0.03300	0.77045	0.03891	0.01897	0.00819	0.00271	0.00413	0.01657	0.00600	0.00586
24	0.01629	0.01502	0.02433	0.03570	0.73818	0.01469	0.01814	0.01897	0.01437	0.02066	0.01298	0.01718	0.01116	0.00660	0.00661	0.00211	0.00749	0.00580	0.00361	0.01012
25	0.01408	0.01172	0.01337	0.01001	0.01514	0.00894	0.00775	0.01593	0.01325	0.02062	0.01240	0.01496	0.01059	0.00577	0.00523	0.00129	0.00502	0.00416	0.00415	0.80563
26	0.02361	0.01736	0.01849	0.01453	0.01917	0.01869	0.01170	0.71977	0.02774	0.03741	0.01584	0.01677	0.01180	0.00831	0.00666	0.00213	0.00700	0.00585	0.00640	0.01076
27	0.00934	0.00733	0.00790	0.00811	0.00979	0.00627	0.00579	0.01013	0.01407	0.01779	0.08976	0.22731	0.51428	0.01633	0.00781	0.00243	0.00387	0.02960	0.00605	0.00604
28	0.01408	0.01172	0.01337	0.01001	0.01514	0.00894	0.00775	0.01593	0.01325	0.02062	0.01240	0.01496	0.01059	0.00577	0.00523	0.00129	0.00502	0.00416	0.00415	0.80563
29	0.00936	0.00671	0.00834	0.00952	0.01007	0.00607	0.00633	0.00972	0.01237	0.01672	0.03300	0.77045	0.03891	0.01897	0.00819	0.00271	0.00413	0.01657	0.00600	0.00586
30	0.01371	0.03044	0.74388	0.01756	0.02594	0.01440	0.02159	0.01951	0.01345	0.02011	0.01250	0.01517	0.00941	0.00693	0.00639	0.00222	0.00909	0.00496	0.00321	0.00953
31	0.01306	0.01172	0.01848	0.75911	0.04006	0.01384	0.01653	0.01614	0.01284	0.01674	0.01240	0.01823	0.00977	0.00720	0.00666	0.00231	0.00829	0.00579	0.00333	0.00751
32	0.00927	0.00731	0.00781	0.00800	0.00969	0.00623	0.00568	0.01003	0.01405	0.01770	0.08588	0.22718	0.53536	0.01632	0.00779	0.00242	0.00382	0.01342	0.00605	0.00602
33	0.01471	0.01398	0.01883	0.01632	0.01655	0.01848	0.01328	0.01532	0.01026	0.01592	0.00984	0.01559	0.00966	0.01134	0.01925	0.00288	0.76137	0.00572	0.00329	0.00741
34	0.01028	0.00710	0.00807	0.00835	0.00867	0.00668	0.00508	0.00996	0.01058	0.01434	0.02383	0.25587	0.02734	0.54933	0.02300	0.00490	0.00565	0.01118	0.00475	0.00506
35	0.01739	0.77576	0.03084	0.01128	0.01622	0.02341	0.01065	0.01856	0.01302	0.01562	0.01027	0.01237	0.00950	0.00641	0.00468	0.00165	0.00683	0.00384	0.00324	0.00846
36	0.02361	0.01736	0.01849	0.01453	0.01917	0.01869	0.01170	0.71977	0.02774	0.03741	0.01584	0.01677	0.01180	0.00831	0.00666	0.00213	0.00700	0.00585	0.00640	0.01076
37	0.01053	0.00781	0.01072	0.01062	0.01180	0.00844	0.00801	0.01184	0.01065	0.01539	0.01745	0.02561	0.01639	0.06402	0.72909	0.00923	0.01544	0.00686	0.00384	0.00626
38	0.01360	0.01041	0.01093	0.00965	0.01238	0.01000	0.00731	0.22019	0.01839	0.02382	0.09731	0.04321	0.44016	0.04341	0.00823	0.00240	0.00478	0.01028	0.00612	0.00743
39	0.01672	0.01377	0.01456	0.01313	0.01649	0.01520	0.01010	0.08859	0.63061	0.02635	0.02463	0.02571	0.01943	0.00951	0.00686	0.00236	0.00548	0.04408	0.00645	0.00997
40	0.04328	0.00781	0.00837	0.00802	0.00990	0.00726	0.00585	0.01545	0.01349	0.08301	0.02205	0.14085	0.01942	0.00969	0.00564	0.00193	0.00393	0.00755	0.53695	0.04956
41	0.01045	0.00755	0.00931	0.00878	0.01031	0.00679	0.00642	0.01245	0.01742	0.02476	0.73581	0.04473	0.05447	0.01296	0.00765	0.00221	0.00354	0.01086	0.00695	0.00658
42	0.02147	0.01630	0.01728	0.01410	0.01835	0.01769	0.01118	0.51607	0.23493	0.03395	0.01857	0.01894	0.01401	0.00856	0.00669	0.00219	0.00650	0.00623	0.00642	0.01057
43	0.57697	0.23840	0.01620	0.00974	0.01377	0.01676	0.00821	0.01835	0.01173	0.02391	0.01028	0.01245	0.00872	0.00669	0.00460	0.00202	0.00568	0.00386	0.00398	0.00768
44	0.21761	0.01161	0.01360	0.01103	0.01532	0.01073	0.00880	0.02634	0.01604	0.56922	0.02095	0.01992	0.01421	0.00810	0.00617	0.00218	0.00552	0.00581	0.00688	0.00994
45	0.01339	0.00882	0.00983	0.00900	0.01154	0.00787	0.00674	0.01596	0.08705	0.14970	0.17154	0.04505	0.41190	0.01324	0.00740	0.00228	0.00419	0.01059	0.00653	0.00739
46	0.01009	0.00734	0.00894	0.00885	0.01019	0.00658	0.00632	0.01160	0.01597	0.02227	0.51430	0.21966	0.10409	0.01461	0.00778	0.00234	0.00370	0.01236	0.00665	0.00637
47	0.01630	0.55522	0.24183	0.01314	0.01910	0.02075	0.01389	0.01884	0.01315	0.01695	0.01093	0.01320	0.00947	0.00656	0.00519	0.00182	0.00750	0.00417	0.00323	0.00878
48	0.00936	0.00671	0.00834	0.00952	0.01007	0.00607	0.00633	0.00972	0.01237	0.01672	0.03300	0.77045	0.03891	0.01897	0.00819	0.00271	0.00413	0.01657	0.00600	0.00586
49	0.00927	0.00750	0.00768	0.00754	0.00958	0.00629	0.00549	0.01017	0.01464	0.01815	0.11573	0.05561	0.67867	0.01543	0.00766	0.00232	0.00371	0.01239	0.00608	0.00608
50	0.02393	0.01685	0.01817	0.01429	0.01892	0.01793	0.01150	0.66137	0.02689	0.09701	0.01656	0.01723	0.01216	0.00833	0.00667	0.00213	0.00689	0.00590	0.00651	0.01076
51	0.01380	0.01303	0.02287	0.51411	0.03620	0.01407	0.22349	0.01694	0.01328	0.01763	0.01280	0.01836	0.01016	0.00745	0.00755	0.03205	0.00877	0.00626	0.00343	0.00776
52	0.01601	0.01682	0.03378	0.02463	0.03038	0.01568	0.68633	0.05044	0.01539	0.02106	0.01385	0.01833	0.01084	0.00642	0.00761	0.00232	0.01009	0.00733	0.00379	0.00891
53	0.01057	0.00784	0.01080	0.01076	0.01198	0.00846	0.00820	0.01196	0.01084	0.01561	0.01801	0.02697	0.01700	0.04191	0.71729	0.00906	0.01528	0.03722	0.00393	0.00631
54	0.04954	0.48872	0.02554	0.01272	0.01659	0.13478	0.01104	0.01951	0.04462	0.01666	0.01099	0.01351	0.00991	0.00739	0.00704	0.00191	0.11346	0.00434	0.00350	0.00823
55	0.01642	0.01473	0.02374	0.07482	0.68011	0.01451	0.01781	0.01909	0.01437	0.04013	0.01325	0.01737	0.01122	0.00669	0.00661	0.00212	0.00748	0.00582	0.00370	0.00999
56	0.01235	0.00918	0.00986	0.00940	0.01055	0.00941	0.00615	0.01636	0.22232	0.01700	0.02148	0.03503	0.02152	0.54643	0.02257	0.00479	0.00599	0.00838	0.00489	0.00632
57	0.00936	0.00671	0.00834	0.00952	0.01007	0.00607	0.00633	0.00972	0.01237	0.01672	0.03300	0.77045	0.03891	0.01897	0.00819	0.00271	0.00413	0.01657	0.00600	0.00586
58	0.01668	0.01392	0.01459	0.01313	0.01653	0.01545	0.01002	0.06115	0.69765	0.02622	0.02465	0.02379	0.01894	0.00913	0.00675	0.00233	0.00537	0.00707	0.00649	0.01014
59	0.01364	0.01326	0.01819	0.01568	0.01580	0.01801	0.01291	0.01456	0.00953	0.01487	0.00870	0.01409	0.00861	0.01069	0.01901	0.00270	0.77463	0.00537	0.00291	0.00685
60	0.00941	0.00638	0.00715	0.00721	0.00735	0.00618	0.00417	0.00918	0.00931	0.01253	0.02012	0.10033	0.02304	0.72162	0.02739	0.00542	0.00574	0.00927	0.00400	0.00420
61	0.00823	0.00665	0.00706	0.00729	0.00896	0.00576	0.00523	0.00963	0.03279	0.01655	0.05119	0.22611	0.56150	0.01570	0.00732	0.00223	0.00346	0.01313	0.00568	0.00552
62	0.00823	0.00589	0.00755	0.00881	0.00926	0.00541	0.00590	0.00893	0.01171	0.01573	0.03226	0.76985	0.03829	0.01842	0.00776	0.00253	0.00377	0.02874	0.00566	0.00528
63	0.00999	0.02091	0.00980	0.01068	0.01192	0.00711	0.00878	0.01187	0.01331	0.01751	0.03096	0.23315	0.03425	0.01668	0.00813	0.00273	0.00521	0.53566	0.00558	0.00577
64	0.01870	0.02258	0.04596	0.23520	0.02473	0.50217	0.01314	0.02073	0.01532	0.01558	0.02351	0.01397	0.00935	0.00668	0.00585	0.00183	0.00963	0.00461	0.00326	0.00719

[dist]
# distance from previous block
# <min> <max>
0	5

[block]
# block no. 4 follows, 41 sequences, length 7
# corresponding to MSA columns:
# 498-504
name=unknown_E
#
# <colnr> <probs for GDERKNQSTAVLIFYWHMCP>
#	G	D	E	R	K	N	Q	S	T	A	V	L	I	F	Y	W	H	M	C	P
0	0.01529	0.80242	0.02997	0.00979	0.01468	0.02263	0.00979	0.01713	0.01162	0.01346	0.00795	0.00918	0.00734	0.00489	0.00367	0.00122	0.00612	0.00306	0.00245	0.00734
1	0.08187	0.17650	0.01479	0.01013	0.01307	0.01368	0.00837	0.02104	0.33344	0.01935	0.01932	0.02650	0.01725	0.09649	0.00811	0.00229	0.00508	0.12093	0.00457	0.00722
2	0.11721	0.01325	0.01403	0.01110	0.01514	0.01420	0.00896	0.40043	0.10213	0.06323	0.01435	0.01571	0.01097	0.06120	0.00690	0.00190	0.00549	0.00507	0.00508	0.11363
3	0.57188	0.08446	0.01170	0.00897	0.01196	0.04600	0.00743	0.01612	0.01015	0.02185	0.00957	0.06403	0.00869	0.00673	0.00571	0.00183	0.09903	0.00426	0.00341	0.00622
4	0.00858	0.00613	0.00781	0.09348	0.01041	0.00654	0.00529	0.00925	0.00877	0.01175	0.01682	0.03316	0.01855	0.61960	0.11635	0.00558	0.00695	0.00769	0.00331	0.00399
5	0.01186	0.01017	0.01186	0.00847	0.01356	0.00762	0.00678	0.01440	0.01186	0.01864	0.01017	0.01186	0.00847	0.00424	0.00424	0.00085	0.00424	0.00339	0.00339	0.83395
6	0.01529	0.80242	0.02997	0.00979	0.01468	0.02263	0.00979	0.01713	0.01162	0.01346	0.00795	0.00918	0.00734	0.00489	0.00367	0.00122	0.00612	0.00306	0.00245	0.00734

[dist]
# distance from previous block
# <min> <max>
0	2

[block]
# block no. 5 follows, 41 sequences, length 81
# corresponding to MSA columns:
# 507-587
name=unknown_F
#
# <colnr> <probs for GDERKNQSTAVLIFYWHMCP>
#	G	D	E	R	K	N	Q	S	T	A	V	L	I	F	Y	W	H	M	C	P
0	0.01435	0.58323	0.02446	0.00963	0.01375	0.01864	0.00897	0.03766	0.01332	0.01638	0.12279	0.01932	0.08225	0.00728	0.00478	0.00152	0.00557	0.00524	0.00361	0.00726
1	0.02179	0.05080	0.01706	0.01501	0.01805	0.74511	0.01128	0.02306	0.01647	0.01467	0.00955	0.01129	0.00806	0.00634	0.00542	0.00160	0.01037	0.00391	0.00318	0.00702
2	0.01164	0.01088	0.01827	0.74506	0.03921	0.01314	0.04647	0.01526	0.01197	0.01545	0.01094	0.01621	0.00836	0.00616	0.00606	0.00204	0.00792	0.00538	0.00281	0.00678
3	0.02180	0.02720	0.01657	0.01508	0.01807	0.74951	0.01127	0.02341	0.03418	0.01492	0.00992	0.01159	0.00830	0.00641	0.00548	0.00162	0.01036	0.00399	0.00326	0.00705
4	0.01219	0.02986	0.76120	0.01671	0.02513	0.01364	0.02128	0.01856	0.01252	0.01875	0.01098	0.01307	0.00794	0.00591	0.00574	0.00194	0.00866	0.00446	0.00267	0.00880
5	0.01596	0.79390	0.03025	0.01026	0.01517	0.02288	0.01006	0.01759	0.01207	0.01415	0.00869	0.01020	0.00803	0.00538	0.00399	0.00136	0.00635	0.00331	0.00270	0.00770
6	0.01257	0.01066	0.01234	0.00896	0.01406	0.00805	0.00709	0.01489	0.01230	0.01927	0.01088	0.01285	0.00915	0.00473	0.00455	0.00099	0.00449	0.00363	0.00363	0.82489
7	0.00773	0.00553	0.00718	0.00846	0.00886	0.00510	0.00564	0.00853	0.01140	0.01528	0.03200	0.78732	0.03817	0.01826	0.00758	0.00245	0.00358	0.01636	0.00553	0.00503
8	0.00885	0.00639	0.00818	0.00770	0.00911	0.00584	0.00572	0.01132	0.01658	0.02352	0.75246	0.04337	0.05413	0.01210	0.00704	0.00193	0.00297	0.01051	0.00651	0.00578
9	0.00773	0.00553	0.00718	0.00846	0.00886	0.00510	0.00564	0.00853	0.01140	0.01528	0.03200	0.78732	0.03817	0.01826	0.00758	0.00245	0.00358	0.01636	0.00553	0.00503
10	0.00773	0.00553	0.00718	0.00846	0.00886	0.00510	0.00564	0.00853	0.01140	0.01528	0.03200	0.78732	0.03817	0.01826	0.00758	0.00245	0.00358	0.01636	0.00553	0.00503
11	0.02549	0.01063	0.01390	0.01085	0.01525	0.00951	0.00884	0.05963	0.05278	0.69154	0.02279	0.02021	0.01474	0.00756	0.00605	0.00191	0.00516	0.00598	0.00716	0.01003
12	0.01067	0.00552	0.00799	0.00796	0.00803	0.00542	0.00530	0.00802	0.00794	0.01067	0.01065	0.01832	0.01060	0.02018	0.02247	0.82424	0.00521	0.00520	0.00274	0.00290
13	0.01186	0.01100	0.01818	0.70201	0.11186	0.01316	0.01626	0.01539	0.01204	0.01570	0.01094	0.01609	0.00846	0.00613	0.00601	0.00201	0.00775	0.00531	0.00282	0.00699
14	0.01139	0.00588	0.00589	0.00586	0.00725	0.00578	0.00434	0.01383	0.01244	0.02193	0.01928	0.02221	0.01527	0.00713	0.00432	0.00147	0.00293	0.00555	0.82156	0.00571
15	0.01437	0.01227	0.01353	0.01315	0.05558	0.01380	0.00962	0.02825	0.64215	0.02352	0.02382	0.06076	0.01912	0.00885	0.00626	0.00210	0.00487	0.03311	0.00583	0.00904
16	0.01457	0.01451	0.02332	0.12257	0.45239	0.05575	0.11521	0.01766	0.01308	0.01803	0.01108	0.01506	0.00926	0.00615	0.00739	0.00195	0.08506	0.00546	0.00303	0.00847
17	0.00773	0.00553	0.00718	0.00846	0.00886	0.00510	0.00564	0.00853	0.01140	0.01528	0.03200	0.78732	0.03817	0.01826	0.00758	0.00245	0.00358	0.01636	0.00553	0.00503
18	0.02229	0.01447	0.01646	0.05475	0.01849	0.01540	0.01074	0.49297	0.06003	0.20645	0.01676	0.01651	0.01170	0.00736	0.00603	0.00188	0.00617	0.00558	0.00609	0.00984
19	0.00806	0.00580	0.00756	0.00835	0.00902	0.00541	0.00576	0.00931	0.01254	0.01717	0.20228	0.56861	0.04069	0.01815	0.04922	0.00270	0.00409	0.01442	0.00564	0.00524
20	0.00773	0.00553	0.00718	0.00846	0.00886	0.00510	0.00564	0.00853	0.01140	0.01528	0.03200	0.78732	0.03817	0.01826	0.00758	0.00245	0.00358	0.01636	0.00553	0.00503
21	0.02107	0.00911	0.01203	0.00972	0.01330	0.00792	0.00778	0.02315	0.01656	0.54377	0.20257	0.02769	0.06042	0.00901	0.00634	0.00192	0.00449	0.00738	0.00701	0.00878
22	0.00779	0.00635	0.00671	0.00659	0.00846	0.00539	0.00489	0.00927	0.01408	0.01757	0.19375	0.05317	0.61655	0.01432	0.00705	0.00203	0.00312	0.01188	0.00572	0.00532
23	0.01322	0.01298	0.01794	0.01543	0.01551	0.01783	0.01276	0.01426	0.00924	0.01445	0.00825	0.01350	0.00820	0.01044	0.01892	0.00262	0.77983	0.00523	0.00275	0.00663
24	0.81664	0.01233	0.00977	0.00883	0.01246	0.01377	0.00702	0.01802	0.01095	0.02711	0.00990	0.01196	0.00803	0.00656	0.00439	0.00211	0.00507	0.00375	0.00417	0.00716
25	0.00938	0.00700	0.01002	0.00997	0.01109	0.00784	0.00764	0.01108	0.00995	0.01439	0.01638	0.02387	0.01528	0.04298	0.76267	0.00927	0.01552	0.00647	0.00346	0.00572
26	0.01505	0.01274	0.01349	0.01231	0.01550	0.01437	0.00952	0.02988	0.69992	0.02448	0.02457	0.02511	0.01923	0.00892	0.00642	0.00218	0.00496	0.04582	0.00613	0.00939
27	0.00924	0.00672	0.00841	0.00794	0.00941	0.00609	0.00587	0.01152	0.01667	0.02350	0.71208	0.04438	0.09007	0.01249	0.00721	0.00202	0.00314	0.01070	0.00658	0.00598
28	0.01126	0.00630	0.00941	0.00896	0.00932	0.00609	0.03634	0.00882	0.00850	0.01146	0.01116	0.01880	0.01095	0.01975	0.02188	0.78377	0.00555	0.00541	0.00291	0.00337
29	0.02563	0.01202	0.01494	0.01164	0.01613	0.01126	0.00946	0.19667	0.01947	0.58282	0.02142	0.01958	0.01410	0.00777	0.00623	0.00197	0.00559	0.00596	0.00708	0.01026
30	0.01364	0.01327	0.01820	0.01569	0.01580	0.01802	0.01291	0.01456	0.00953	0.01487	0.00871	0.01410	0.00862	0.01070	0.01902	0.00270	0.77454	0.00537	0.00291	0.00685
31	0.02208	0.06015	0.01748	0.01521	0.01830	0.73111	0.01142	0.02323	0.01665	0.01508	0.00998	0.01189	0.00848	0.00661	0.00559	0.00168	0.01043	0.00405	0.00332	0.00725
32	0.00820	0.00587	0.00751	0.00877	0.00921	0.00538	0.00584	0.00887	0.01168	0.01569	0.03229	0.78248	0.03838	0.01846	0.00776	0.00252	0.00374	0.01642	0.00566	0.00527
33	0.00831	0.00668	0.00712	0.00696	0.00884	0.00569	0.00514	0.00972	0.01447	0.01829	0.22318	0.05296	0.58222	0.01443	0.00722	0.00211	0.00328	0.01190	0.00590	0.00558
34	0.02655	0.01054	0.01403	0.01094	0.01540	0.00907	0.00888	0.02842	0.01700	0.75456	0.02349	0.02093	0.01515	0.00782	0.00624	0.00198	0.00526	0.00610	0.00740	0.01027
35	0.00803	0.00667	0.00673	0.00667	0.00867	0.00557	0.00492	0.00918	0.01381	0.01673	0.07694	0.05552	0.72943	0.01501	0.00723	0.00213	0.00332	0.01226	0.00569	0.00547
36	0.02563	0.01202	0.01494	0.01164	0.01613	0.01126	0.00946	0.19667	0.01947	0.58282	0.02142	0.01958	0.01410	0.00777	0.00623	0.00197	0.00559	0.00596	0.00708	0.01026
37	0.01196	0.01096	0.01784	0.77178	0.03974	0.01329	0.01622	0.01540	0.01216	0.01571	0.01132	0.01678	0.00873	0.00648	0.00620	0.00211	0.00797	0.00545	0.00295	0.00695
38	0.00820	0.00587	0.00751	0.00877	0.00921	0.00538	0.00584	0.00887	0.01168	0.01569	0.03229	0.78248	0.03838	0.01846	0.00776	0.00252	0.00374	0.01642	0.00566	0.00527
39	0.01080	0.01017	0.01716	0.78523	0.03940	0.01271	0.01589	0.01461	0.01144	0.01461	0.01017	0.01525	0.00762	0.00572	0.00572	0.00191	0.00762	0.00508	0.00254	0.00635
40	0.83938	0.01106	0.00841	0.00752	0.01106	0.01283	0.00619	0.01681	0.00973	0.02566	0.00796	0.00929	0.00619	0.00531	0.00354	0.00177	0.00442	0.00310	0.00354	0.00619
41	0.02084	0.01549	0.01668	0.01273	0.01736	0.01682	0.01050	0.67764	0.02552	0.03446	0.01341	0.01356	0.00961	0.00663	0.00559	0.00164	0.00611	0.00499	0.00551	0.08493
42	0.01754	0.52309	0.02523	0.01126	0.01576	0.15059	0.01021	0.15378	0.01526	0.01777	0.00918	0.01022	0.00779	0.00543	0.00431	0.00136	0.00687	0.00356	0.00314	0.00766
43	0.00697	0.00498	0.00664	0.00796	0.00830	0.00465	0.00531	0.00796	0.01095	0.01460	0.03153	0.79525	0.03783	0.01792	0.00730	0.00232	0.00332	0.01626	0.00531	0.00465
44	0.01353	0.01295	0.02209	0.17508	0.62823	0.01343	0.01724	0.01701	0.01273	0.01793	0.01065	0.01436	0.00879	0.00521	0.00567	0.00174	0.00695	0.00509	0.00278	0.00856
45	0.00822	0.00644	0.02595	0.00754	0.00905	0.00563	0.00591	0.01101	0.01598	0.02261	0.71585	0.04278	0.05209	0.01169	0.00676	0.00183	0.00293	0.03609	0.00617	0.00547
46	0.00697	0.00498	0.00664	0.00796	0.00830	0.00465	0.00531	0.00796	0.01095	0.01460	0.03153	0.79525	0.03783	0.01792	0.00730	0.00232	0.00332	0.01626	0.00531	0.00465
47	0.01262	0.02584	0.60805	0.01557	0.02304	0.01320	0.03863	0.02028	0.11302	0.05689	0.01269	0.01380	0.00902	0.00582	0.00554	0.00183	0.00777	0.00468	0.00313	0.00858
48	0.00810	0.00585	0.00765	0.00720	0.00855	0.00540	0.00540	0.01079	0.01619	0.02294	0.76028	0.04273	0.05397	0.01169	0.00675	0.00180	0.00270	0.01034	0.00630	0.00540
49	0.01561	0.01297	0.01371	0.01192	0.01540	0.01487	0.00939	0.16186	0.61924	0.02616	0.02152	0.01994	0.01604	0.00760	0.00580	0.00190	0.00485	0.00622	0.00580	0.00918
50	0.01147	0.02959	0.76934	0.01630	0.02476	0.01328	0.02113	0.01811	0.01208	0.01811	0.01026	0.01208	0.00725	0.00543	0.00543	0.00181	0.00845	0.00423	0.00242	0.00845
51	0.01165	0.06490	0.73556	0.01601	0.02430	0.01371	0.02061	0.01807	0.01206	0.01790	0.01016	0.01194	0.00725	0.00541	0.00535	0.00178	0.00835	0.00417	0.00242	0.00840
52	0.02174	0.01602	0.01717	0.01316	0.01774	0.01774	0.01087	0.74423	0.02689	0.03605	0.01373	0.01373	0.00973	0.00687	0.00572	0.00172	0.00629	0.00515	0.00572	0.00973
53	0.00682	0.00580	0.00588	0.00586	0.00776	0.00486	0.00439	0.00833	0.01318	0.01580	0.09062	0.05447	0.72809	0.01436	0.00676	0.00193	0.00289	0.01199	0.00536	0.00486
54	0.01529	0.80242	0.02997	0.00979	0.01468	0.02263	0.00979	0.01713	0.01162	0.01346	0.00795	0.00918	0.00734	0.00489	0.00367	0.00122	0.00612	0.00306	0.00245	0.00734
55	0.00832	0.00555	0.00624	0.00624	0.00624	0.00555	0.00347	0.00832	0.00832	0.01109	0.01802	0.03743	0.02080	0.79898	0.02911	0.00555	0.00555	0.00832	0.00347	0.00347
56	0.01529	0.80242	0.02997	0.00979	0.01468	0.02263	0.00979	0.01713	0.01162	0.01346	0.00795	0.00918	0.00734	0.00489	0.00367	0.00122	0.00612	0.00306	0.00245	0.00734
57	0.01305	0.01397	0.02769	0.01978	0.02537	0.01257	0.53896	0.01724	0.01305	0.01841	0.01118	0.01444	0.00862	0.00466	0.00605	0.00163	0.00815	0.00582	0.00303	0.23632
58	0.53678	0.23120	0.05602	0.00883	0.01305	0.01575	0.00817	0.04334	0.01101	0.02225	0.00830	0.00957	0.00670	0.00526	0.00376	0.00162	0.00518	0.00322	0.00326	0.00676
59	0.01195	0.02626	0.59658	0.01814	0.02596	0.01356	0.19057	0.01816	0.01241	0.01816	0.01057	0.01286	0.00758	0.00529	0.00574	0.00184	0.00873	0.00482	0.00253	0.00828
60	0.00984	0.00701	0.00862	0.00890	0.00999	0.00707	0.00632	0.14354	0.01371	0.01831	0.02715	0.61188	0.03124	0.01598	0.00777	0.04435	0.00395	0.01364	0.00524	0.00547
61	0.02025	0.00871	0.01151	0.00935	0.01280	0.00782	0.00752	0.02322	0.05319	0.52047	0.15520	0.05993	0.02260	0.00842	0.00591	0.00179	0.00427	0.00708	0.05153	0.00845
62	0.05860	0.57235	0.02358	0.00918	0.01312	0.01830	0.00869	0.01577	0.01120	0.01480	0.00998	0.01220	0.00894	0.01060	0.11610	0.00242	0.00706	0.00371	0.07663	0.00677
63	0.01217	0.01296	0.02611	0.01949	0.02371	0.01271	0.49952	0.01609	0.01325	0.01809	0.08788	0.02410	0.05145	0.00744	0.00801	0.00203	0.08312	0.07137	0.00352	0.00699
64	0.01440	0.62091	0.20363	0.01132	0.01705	0.02044	0.01245	0.01736	0.01173	0.01455	0.00850	0.00986	0.00732	0.00502	0.00408	0.00136	0.00667	0.00333	0.00244	0.00760
65	0.20355	0.00838	0.04923	0.00785	0.01010	0.00760	0.00653	0.01263	0.01438	0.02318	0.52536	0.03373	0.03971	0.00995	0.00595	0.00181	0.00348	0.02543	0.00541	0.00575
66	0.01529	0.80242	0.02997	0.00979	0.01468	0.02263	0.00979	0.01713	0.01162	0.01346	0.00795	0.00918	0.00734	0.00489	0.00367	0.00122	0.00612	0.00306	0.00245	0.00734
67	0.01186	0.01017	0.01186	0.00847	0.01356	0.00762	0.00678	0.01440	0.01186	0.01864	0.01017	0.01186	0.00847	0.00424	0.00424	0.00085	0.00424	0.00339	0.00339	0.83395
68	0.00820	0.00592	0.00780	0.00752	0.00886	0.00551	0.00576	0.01090	0.01590	0.02238	0.69012	0.04482	0.05195	0.01209	0.00686	0.00188	0.00295	0.07902	0.00620	0.00538
69	0.01254	0.01259	0.01796	0.01527	0.01542	0.01744	0.03253	0.01389	0.00889	0.01389	0.00762	0.01259	0.00754	0.00987	0.01844	0.00249	0.76716	0.00505	0.00251	0.00630
70	0.02137	0.02726	0.01621	0.01474	0.01768	0.77602	0.01105	0.02284	0.01621	0.01400	0.00884	0.01031	0.00737	0.00589	0.00516	0.00147	0.01031	0.00368	0.00295	0.00663
71	0.00697	0.00498	0.00664	0.00796	0.00830	0.00465	0.00531	0.00796	0.01095	0.01460	0.03153	0.79525	0.03783	0.01792	0.00730	0.00232	0.00332	0.01626	0.00531	0.00465
72	0.00708	0.00579	0.00625	0.00617	0.00793	0.00496	0.00461	0.00881	0.01373	0.01719	0.22231	0.06873	0.57873	0.01391	0.00677	0.00191	0.00286	0.01176	0.00554	0.00496
73	0.01210	0.02583	0.59410	0.02072	0.19822	0.01336	0.02029	0.01798	0.01230	0.01825	0.01038	0.01256	0.00767	0.00535	0.00549	0.00178	0.00806	0.00443	0.00251	0.00860
74	0.01302	0.01875	0.20652	0.02227	0.02869	0.01419	0.57309	0.01827	0.01317	0.01827	0.01126	0.01464	0.00834	0.00497	0.00644	0.00190	0.00936	0.00616	0.00278	0.00789
75	0.00810	0.00585	0.00765	0.00720	0.00855	0.00540	0.00540	0.01079	0.01619	0.02294	0.76028	0.04273	0.05397	0.01169	0.00675	0.00180	0.00270	0.01034	0.00630	0.00540
76	0.02137	0.01566	0.01676	0.01289	0.01736	0.01732	0.01064	0.71938	0.02639	0.03555	0.01390	0.01399	0.00990	0.00686	0.00566	0.00170	0.00617	0.00516	0.03377	0.00958
