[name]
unknown

[dist]
# distance from previous block
# <min> <max>
0	511

[block]
# block no. 0 follows, 41 sequences, length 18
# corresponding to MSA columns:
# 549-566
name=unknown_A
#
# <colnr> <probs for GDERKNQSTAVLIFYWHMCP>
#	G	D	E	R	K	N	Q	S	T	A	V	L	I	F	Y	W	H	M	C	P
0	0.00904	0.00519	0.00736	0.00766	0.00794	0.00508	0.00527	0.00821	0.00942	0.01267	0.09107	0.17689	0.02184	0.05851	0.01727	0.49174	0.00446	0.05330	0.00365	0.00343
1	0.01327	0.00761	0.00970	0.00864	0.01085	0.00724	0.00664	0.06443	0.05171	0.19815	0.37948	0.15926	0.03716	0.01113	0.00649	0.00188	0.00364	0.00971	0.00626	0.00676
2	0.01726	0.05417	0.19677	0.01772	0.13345	0.10319	0.05182	0.26689	0.04295	0.04329	0.01208	0.01331	0.00899	0.00599	0.00555	0.00171	0.00741	0.00481	0.00393	0.00874
3	0.01963	0.02383	0.01642	0.14264	0.02129	0.60918	0.01185	0.05957	0.01598	0.01527	0.00932	0.01132	0.00754	0.00592	0.00528	0.00156	0.00966	0.00399	0.00303	0.00675
4	0.01967	0.01084	0.01340	0.05947	0.01615	0.01080	0.00911	0.13600	0.14236	0.36527	0.02210	0.02225	0.05322	0.00773	0.00583	0.00180	0.00509	0.04045	0.00599	0.05246
5	0.01329	0.01559	0.20981	0.10612	0.14023	0.01176	0.01379	0.13655	0.01504	0.05953	0.04629	0.08170	0.07818	0.00817	0.00598	0.00187	0.00631	0.03801	0.00403	0.00772
6	0.67756	0.01001	0.00795	0.00723	0.01041	0.01128	0.00585	0.01512	0.01022	0.02352	0.01632	0.01712	0.13168	0.00725	0.00461	0.02538	0.00419	0.00464	0.00380	0.00586
7	0.01308	0.01382	0.10799	0.06294	0.35713	0.01242	0.01459	0.08592	0.04931	0.01932	0.01355	0.01883	0.01161	0.01242	0.13381	0.00304	0.00820	0.05063	0.00338	0.00801
8	0.01465	0.01080	0.01323	0.07257	0.06563	0.01164	0.00939	0.13596	0.25640	0.09987	0.21911	0.02477	0.02444	0.00827	0.00603	0.00183	0.00474	0.00703	0.00560	0.00803
9	0.04828	0.01094	0.01306	0.06194	0.01591	0.05728	0.00863	0.02343	0.05040	0.45175	0.05057	0.01811	0.01398	0.00662	0.00543	0.00162	0.00516	0.00533	0.00569	0.14588
10	0.00736	0.00567	0.00672	0.00677	0.00817	0.00503	0.00496	0.00925	0.01398	0.01843	0.34697	0.18255	0.33567	0.01393	0.00685	0.00195	0.00289	0.01210	0.00572	0.00503
11	0.06959	0.01327	0.01412	0.01311	0.06523	0.05016	0.00970	0.14629	0.41543	0.09930	0.01965	0.01863	0.02545	0.00722	0.00562	0.00184	0.00525	0.00582	0.00544	0.00887
12	0.02256	0.00894	0.01217	0.00981	0.01355	0.00778	0.00789	0.02457	0.01547	0.64224	0.02405	0.14833	0.01809	0.00888	0.00601	0.00186	0.00461	0.00750	0.00679	0.00889
13	0.05349	0.01437	0.01285	0.06050	0.01556	0.20718	0.00897	0.05356	0.12623	0.01848	0.05247	0.06727	0.06403	0.00899	0.03218	0.00191	0.04774	0.00602	0.00404	0.14416
14	0.00719	0.00507	0.00657	0.00768	0.00795	0.00480	0.00500	0.00802	0.01051	0.01402	0.02928	0.66937	0.03500	0.14766	0.01092	0.00286	0.00369	0.01494	0.00500	0.00445
15	0.01476	0.39474	0.06121	0.01427	0.13891	0.01672	0.01100	0.01863	0.09011	0.07770	0.01489	0.01584	0.05775	0.00786	0.04141	0.00188	0.00631	0.00476	0.00346	0.00779
16	0.00754	0.00577	0.00691	0.00673	0.00823	0.00514	0.00501	0.00967	0.01471	0.01968	0.45804	0.09532	0.31029	0.01311	0.00679	0.00188	0.00281	0.01135	0.00587	0.00514
17	0.01235	0.01233	0.02265	0.40233	0.23776	0.01336	0.18350	0.01628	0.01235	0.01660	0.01065	0.01499	0.00826	0.00534	0.00594	0.00185	0.00786	0.00547	0.00270	0.00742

[dist]
# distance from previous block
# <min> <max>
0	3

[block]
# block no. 1 follows, 41 sequences, length 15
# corresponding to MSA columns:
# 570-584
name=unknown_B
#
# <colnr> <probs for GDERKNQSTAVLIFYWHMCP>
#	G	D	E	R	K	N	Q	S	T	A	V	L	I	F	Y	W	H	M	C	P
0	0.01548	0.35034	0.02356	0.01461	0.07220	0.19310	0.09665	0.01782	0.01325	0.01510	0.01220	0.01900	0.01154	0.00680	0.00517	0.00161	0.00742	0.11406	0.00307	0.00703
1	0.11529	0.13114	0.01512	0.05475	0.01538	0.01115	0.00838	0.02073	0.01343	0.33032	0.01474	0.01452	0.01035	0.00573	0.00479	0.00146	0.00501	0.00439	0.00475	0.21858
2	0.01467	0.01096	0.01195	0.01064	0.01352	0.01222	0.00812	0.02673	0.55266	0.10929	0.02239	0.02358	0.01758	0.12857	0.00937	0.00247	0.00472	0.00667	0.00561	0.00828
3	0.01276	0.01166	0.01744	0.24216	0.28860	0.05057	0.02536	0.02709	0.01198	0.01621	0.01036	0.01451	0.00863	0.00750	0.00805	0.12875	0.00667	0.00483	0.00282	0.10404
4	0.00753	0.00592	0.00781	0.09861	0.01184	0.00575	0.00632	0.00922	0.01231	0.01604	0.14247	0.40561	0.22010	0.01470	0.00690	0.00210	0.00363	0.01302	0.00513	0.00500
5	0.01126	0.01033	0.05708	0.18733	0.01903	0.01006	0.04792	0.12137	0.04435	0.02011	0.17684	0.14306	0.04808	0.06810	0.00799	0.00219	0.00544	0.00848	0.00454	0.00643
6	0.01197	0.04199	0.01293	0.10355	0.12874	0.00903	0.00918	0.04771	0.01485	0.09935	0.31282	0.09529	0.07008	0.00967	0.00623	0.00182	0.00451	0.00849	0.00508	0.00672
7	0.01570	0.01209	0.01626	0.01240	0.01670	0.01160	0.12040	0.23459	0.03997	0.08664	0.03149	0.09102	0.01367	0.01909	0.00597	0.00162	0.00564	0.00620	0.00465	0.25430
8	0.01198	0.01055	0.01345	0.00960	0.01474	0.00812	0.06004	0.01469	0.01198	0.01862	0.01027	0.01212	0.00849	0.00428	0.00442	0.00093	0.00463	0.00363	0.00335	0.77413
9	0.01387	0.01869	0.19745	0.05354	0.24796	0.12900	0.07314	0.01800	0.03171	0.01760	0.01147	0.04443	0.00958	0.00578	0.00552	0.00165	0.00749	0.00509	0.00298	0.10505
10	0.01829	0.16282	0.01772	0.01284	0.01601	0.44725	0.01021	0.09154	0.01537	0.01598	0.01016	0.01231	0.00866	0.01146	0.12277	0.00263	0.00992	0.00409	0.00315	0.00683
11	0.01247	0.01004	0.01161	0.00911	0.01303	0.00887	0.00717	0.12550	0.04875	0.02173	0.11716	0.09581	0.01833	0.00721	0.00519	0.00131	0.00426	0.00606	0.00445	0.47194
12	0.01248	0.01205	0.02047	0.34516	0.04565	0.01401	0.17788	0.06904	0.01238	0.01676	0.01071	0.01592	0.00880	0.05286	0.00984	0.00222	0.15844	0.00564	0.00291	0.00678
13	0.00995	0.00769	0.00896	0.00775	0.01019	0.00705	0.00599	0.09687	0.01602	0.02200	0.38672	0.03761	0.21422	0.01067	0.00625	0.00168	0.00340	0.00909	0.00554	0.13236
14	0.01384	0.04920	0.01454	0.06850	0.01644	0.12738	0.05158	0.13193	0.01485	0.01920	0.01694	0.17916	0.04475	0.00838	0.00559	0.00160	0.00590	0.00709	0.00404	0.21909

[dist]
# distance from previous block
# <min> <max>
0	7

[block]
# block no. 2 follows, 41 sequences, length 6
# corresponding to MSA columns:
# 592-597
name=unknown_C
#
# <colnr> <probs for GDERKNQSTAVLIFYWHMCP>
#	G	D	E	R	K	N	Q	S	T	A	V	L	I	F	Y	W	H	M	C	P
0	0.01354	0.08074	0.01806	0.05691	0.07593	0.01481	0.05964	0.12838	0.05015	0.01866	0.01289	0.01899	0.01156	0.01269	0.10806	0.00297	0.23926	0.06609	0.00352	0.00712
1	0.01066	0.00533	0.00533	0.00533	0.00666	0.00533	0.00400	0.01333	0.01200	0.02132	0.01866	0.02132	0.01466	0.00666	0.00400	0.00133	0.00267	0.00533	0.83073	0.00533
2	0.01271	0.06129	0.35215	0.04995	0.08837	0.01421	0.16995	0.04972	0.01264	0.01797	0.01074	0.01419	0.00847	0.04131	0.00780	0.00202	0.07080	0.00510	0.00276	0.00786
3	0.01742	0.01298	0.05730	0.01101	0.01507	0.01239	0.00938	0.34861	0.05251	0.13453	0.12155	0.02263	0.08910	0.00808	0.00586	0.00171	0.00518	0.00651	0.00562	0.06258
4	0.01430	0.02082	0.35800	0.01892	0.13803	0.01360	0.10630	0.11426	0.05509	0.06134	0.03576	0.01489	0.01042	0.00590	0.00575	0.00180	0.00747	0.00519	0.00353	0.00863
5	0.01021	0.00649	0.00834	0.00893	0.05222	0.00684	0.00613	0.04535	0.01124	0.01746	0.01707	0.07267	0.01552	0.07069	0.22681	0.07649	0.00710	0.00642	0.32872	0.00527

[dist]
# distance from previous block
# <min> <max>
0	8

[block]
# block no. 3 follows, 41 sequences, length 9
# corresponding to MSA columns:
# 606-614
name=unknown_D
#
# <colnr> <probs for GDERKNQSTAVLIFYWHMCP>
#	G	D	E	R	K	N	Q	S	T	A	V	L	I	F	Y	W	H	M	C	P
0	0.01251	0.01531	0.17928	0.09242	0.24878	0.01175	0.04145	0.06955	0.01327	0.01889	0.01361	0.12037	0.01243	0.00699	0.00569	0.00172	0.00648	0.00627	0.00335	0.11990
1	0.00722	0.00521	0.00657	0.00743	0.00797	0.00485	0.00496	0.00825	0.01122	0.01485	0.08778	0.55228	0.11717	0.12391	0.01018	0.00268	0.00353	0.01426	0.00513	0.00456
2	0.01337	0.00994	0.01120	0.00979	0.01231	0.01042	0.00759	0.30398	0.04709	0.02533	0.17582	0.21857	0.10788	0.01146	0.00644	0.00192	0.00438	0.00978	0.00570	0.00702
3	0.01061	0.00620	0.00932	0.01095	0.11074	0.00620	0.00656	0.00963	0.00883	0.01268	0.01123	0.01748	0.01046	0.01606	0.01758	0.60696	0.00491	0.00503	0.11481	0.00377
4	0.03053	0.01433	0.10141	0.19264	0.02292	0.02873	0.07115	0.19263	0.13244	0.02195	0.01386	0.01628	0.01061	0.01129	0.11115	0.00284	0.00811	0.00543	0.00394	0.00777
5	0.01263	0.01210	0.01977	0.18824	0.44842	0.01323	0.01546	0.01567	0.01211	0.01690	0.01399	0.01745	0.06902	0.00665	0.00754	0.00187	0.11263	0.00564	0.00293	0.00777
6	0.16000	0.40464	0.02458	0.01394	0.07666	0.10563	0.10926	0.01793	0.01219	0.01674	0.00877	0.01058	0.00746	0.00509	0.00440	0.00148	0.00684	0.00380	0.00279	0.00725
7	0.59307	0.19570	0.01394	0.00853	0.01235	0.06659	0.00736	0.01729	0.01061	0.02205	0.00802	0.00933	0.00654	0.00525	0.00368	0.00162	0.00521	0.00313	0.00325	0.00649
8	0.03292	0.18918	0.26454	0.01408	0.06782	0.03204	0.01362	0.01824	0.11244	0.01764	0.04101	0.01770	0.04231	0.00762	0.02047	0.00191	0.06464	0.03085	0.00333	0.00764

[dist]
# distance from previous block
# <min> <max>
4	8

[block]
# block no. 4 follows, 41 sequences, length 18
# corresponding to MSA columns:
# 623-640
name=unknown_E
#
# <colnr> <probs for GDERKNQSTAVLIFYWHMCP>
#	G	D	E	R	K	N	Q	S	T	A	V	L	I	F	Y	W	H	M	C	P
0	0.01630	0.48022	0.08264	0.01155	0.01618	0.05992	0.01110	0.16226	0.01481	0.01845	0.00980	0.01180	0.00839	0.00593	0.00529	0.00149	0.05307	0.01985	0.00319	0.00775
1	0.39246	0.01308	0.04454	0.12527	0.01702	0.06373	0.00918	0.14300	0.01355	0.02343	0.02860	0.01433	0.00954	0.07277	0.00667	0.00208	0.00585	0.00446	0.00374	0.00671
2	0.01264	0.01323	0.09666	0.55680	0.06668	0.01355	0.01577	0.12307	0.01386	0.01833	0.01073	0.01464	0.00796	0.00583	0.00569	0.00186	0.00748	0.00500	0.00301	0.00719
3	0.00817	0.00850	0.08781	0.00864	0.01079	0.00668	0.00763	0.01054	0.01197	0.01580	0.09190	0.04146	0.28528	0.05580	0.21312	0.00411	0.00725	0.11481	0.00440	0.00533
4	0.01258	0.00997	0.01133	0.01242	0.12204	0.07279	0.00808	0.05780	0.03901	0.09693	0.10616	0.06789	0.24561	0.07774	0.00823	0.00216	0.00487	0.03296	0.00492	0.00651
5	0.00814	0.00652	0.00840	0.12223	0.01306	0.00644	0.00694	0.01017	0.01278	0.01636	0.15968	0.07464	0.31054	0.09569	0.00916	0.00241	0.00423	0.12267	0.00487	0.00507
6	0.01339	0.30316	0.31865	0.01658	0.06605	0.01688	0.15521	0.01777	0.01224	0.01652	0.00972	0.01180	0.00766	0.00510	0.00507	0.00162	0.00774	0.00434	0.00254	0.00795
7	0.40209	0.10128	0.05136	0.09006	0.01446	0.01210	0.00824	0.01547	0.01086	0.02103	0.01235	0.04980	0.01087	0.00673	0.00439	0.00174	0.00491	0.05021	0.12583	0.00621
8	0.12103	0.22388	0.01642	0.00936	0.01344	0.03852	0.00811	0.02170	0.01373	0.35654	0.01575	0.01520	0.01107	0.00614	0.00469	0.00155	0.00509	0.00455	0.09196	0.02126
9	0.01309	0.01279	0.01272	0.01184	0.03176	0.19188	0.06980	0.01746	0.12535	0.01852	0.11844	0.13032	0.02227	0.01000	0.02244	0.00196	0.00598	0.05021	0.12677	0.00640
10	0.00714	0.00511	0.00679	0.00785	0.00833	0.00476	0.00532	0.00838	0.01173	0.01583	0.13936	0.68390	0.04022	0.01700	0.00722	0.00225	0.00323	0.01539	0.00546	0.00476
11	0.01355	0.01321	0.08878	0.01273	0.01675	0.01196	0.13347	0.10845	0.22481	0.02201	0.01641	0.01868	0.01292	0.06418	0.00719	0.00196	0.00576	0.00578	0.12661	0.09479
12	0.00713	0.00581	0.00631	0.00618	0.00795	0.00499	0.00464	0.00893	0.01391	0.01753	0.25253	0.05163	0.56510	0.01371	0.00676	0.00189	0.00284	0.01159	0.00558	0.00499
13	0.01469	0.01069	0.01289	0.07563	0.01563	0.01128	0.04029	0.29814	0.01846	0.05107	0.06293	0.02754	0.15482	0.00887	0.00589	0.00179	0.00508	0.04963	0.12738	0.00729
14	0.01749	0.08720	0.01520	0.01241	0.01512	0.51729	0.00951	0.01931	0.01582	0.01622	0.19911	0.01843	0.01917	0.00728	0.00543	0.00153	0.00803	0.00532	0.00375	0.00638
15	0.00829	0.00569	0.00710	0.00689	0.00819	0.00529	0.00511	0.01076	0.01492	0.02151	0.54359	0.10382	0.09260	0.01166	0.00639	0.00178	0.00276	0.01021	0.12814	0.00529
16	0.01457	0.01392	0.04534	0.01146	0.01446	0.12177	0.00924	0.14208	0.28460	0.02294	0.12917	0.10405	0.02228	0.00913	0.00605	0.00187	0.00545	0.02869	0.00524	0.00767
17	0.00990	0.00747	0.01001	0.12366	0.01424	0.00803	0.00781	0.07904	0.01263	0.03278	0.05428	0.35577	0.08752	0.04422	0.03405	0.03894	0.04611	0.02342	0.00460	0.00550

[dist]
# distance from previous block
# <min> <max>
0	9

[block]
# block no. 5 follows, 41 sequences, length 25
# corresponding to MSA columns:
# 650-674
name=unknown_F
#
# <colnr> <probs for GDERKNQSTAVLIFYWHMCP>
#	G	D	E	R	K	N	Q	S	T	A	V	L	I	F	Y	W	H	M	C	P
0	0.20665	0.02014	0.40691	0.01242	0.01820	0.01206	0.01416	0.06257	0.01320	0.02189	0.14323	0.01697	0.01546	0.00661	0.00524	0.00179	0.00634	0.00511	0.00358	0.00746
1	0.01422	0.54331	0.02826	0.14975	0.02136	0.01964	0.12103	0.01686	0.01187	0.01439	0.00889	0.01120	0.00759	0.00503	0.00450	0.00145	0.00692	0.00397	0.00253	0.00722
2	0.03851	0.01486	0.09823	0.01985	0.03752	0.01273	0.49300	0.01682	0.01363	0.01928	0.14430	0.01969	0.01650	0.00622	0.00673	0.00190	0.02250	0.00697	0.00346	0.00732
3	0.69211	0.01004	0.00786	0.00713	0.01028	0.01150	0.00580	0.01619	0.01014	0.02489	0.00987	0.01143	0.00770	0.00555	0.00362	0.00169	0.00411	0.00349	0.15055	0.00604
4	0.00835	0.00651	0.00839	0.06181	0.01112	0.00654	0.00641	0.01132	0.05299	0.01843	0.33001	0.06301	0.19073	0.04926	0.12330	0.00315	0.00530	0.03285	0.00513	0.00539
5	0.00864	0.00587	0.00793	0.00793	0.00881	0.00651	0.00587	0.01040	0.00952	0.01428	0.01644	0.02517	0.01563	0.18337	0.49387	0.00709	0.01117	0.00641	0.15023	0.00483
6	0.01544	0.01097	0.01233	0.01010	0.01357	0.01128	0.00805	0.21442	0.18335	0.09087	0.15818	0.02177	0.02045	0.00759	0.00558	0.00163	0.00449	0.00623	0.07139	0.13232
7	0.13525	0.00619	0.00579	0.00566	0.00733	0.00646	0.00433	0.01385	0.01166	0.02198	0.01705	0.01952	0.01339	0.00646	0.00393	0.00140	0.00293	0.00500	0.70638	0.00546
8	0.01177	0.00895	0.01037	0.00891	0.01151	0.00879	0.00687	0.16878	0.06283	0.02325	0.28316	0.11508	0.08348	0.02581	0.00684	0.01468	0.00399	0.00861	0.00541	0.13091
9	0.05299	0.00911	0.01162	0.00911	0.01282	0.00796	0.00720	0.02193	0.01400	0.49073	0.01931	0.02111	0.01417	0.14731	0.00959	0.00230	0.00488	0.00575	0.00574	0.13239
10	0.01502	0.01556	0.01888	0.15975	0.02264	0.17272	0.13489	0.09508	0.01406	0.01788	0.01037	0.02393	0.00850	0.00637	0.00771	0.00174	0.13536	0.00497	0.00319	0.13138
11	0.01505	0.01263	0.01432	0.12821	0.01907	0.01462	0.01040	0.15488	0.51245	0.02468	0.01961	0.01907	0.01461	0.00729	0.00579	0.00190	0.00531	0.00602	0.00531	0.00877
12	0.01881	0.03004	0.01403	0.01067	0.01500	0.01168	0.00868	0.19146	0.14844	0.25432	0.01757	0.03338	0.01273	0.00667	0.00539	0.00157	0.00499	0.00535	0.00552	0.20370
13	0.00878	0.00720	0.00941	0.00914	0.01028	0.00745	0.00678	0.01021	0.01123	0.01580	0.08727	0.44538	0.05751	0.01379	0.00881	0.00207	0.14293	0.01166	0.00461	0.12968
14	0.01602	0.54391	0.02582	0.01117	0.01527	0.02099	0.01039	0.14584	0.01391	0.01752	0.00891	0.01049	0.00779	0.00601	0.00631	0.00150	0.12377	0.00372	0.00304	0.00760
15	0.01648	0.01583	0.06946	0.07754	0.15490	0.03025	0.18167	0.28168	0.07102	0.02483	0.01281	0.01469	0.00956	0.00595	0.00593	0.00179	0.00734	0.00551	0.00406	0.00870
16	0.01573	0.16140	0.01617	0.01106	0.01384	0.14876	0.00909	0.01911	0.09125	0.13124	0.15260	0.02088	0.05063	0.00814	0.00745	0.00176	0.12336	0.00596	0.00444	0.00713
17	0.01829	0.01178	0.01492	0.15848	0.04186	0.01266	0.01076	0.21494	0.14303	0.22809	0.04841	0.01966	0.01438	0.00728	0.00585	0.00184	0.00569	0.02800	0.00543	0.00864
18	0.01807	0.33597	0.06714	0.01010	0.01508	0.01440	0.00948	0.02047	0.01335	0.27840	0.01360	0.01344	0.00992	0.00558	0.00461	0.00138	0.00549	0.00413	0.00423	0.15515
19	0.02484	0.06963	0.09471	0.01162	0.03700	0.14658	0.01835	0.04907	0.08398	0.02702	0.09349	0.02439	0.11783	0.00800	0.00558	0.00163	0.00589	0.04496	0.00415	0.13129
20	0.01703	0.01059	0.01207	0.01024	0.01372	0.01096	0.00814	0.07515	0.33846	0.25806	0.02855	0.02621	0.14802	0.00868	0.00596	0.00187	0.00447	0.00715	0.00612	0.00856
21	0.01066	0.01003	0.01828	0.08445	0.01927	0.01008	0.27297	0.01295	0.01176	0.01558	0.04409	0.06029	0.14640	0.03632	0.01069	0.12716	0.06413	0.03563	0.00352	0.00574
22	0.00909	0.00744	0.00969	0.00893	0.01035	0.00766	0.00680	0.01099	0.01267	0.01810	0.28803	0.23732	0.06272	0.01207	0.00866	0.00193	0.14276	0.01002	0.00488	0.12989
23	0.01251	0.01060	0.01147	0.03485	0.01399	0.01180	0.00829	0.05351	0.49324	0.02213	0.05821	0.03017	0.16466	0.00948	0.00612	0.00195	0.00434	0.03920	0.00561	0.00786
24	0.01374	0.00712	0.00932	0.00805	0.01046	0.00633	0.00629	0.01616	0.01597	0.26644	0.45482	0.03621	0.10478	0.01043	0.00642	0.00180	0.00343	0.00899	0.00646	0.00677

[dist]
# distance from previous block
# <min> <max>
4	16

[block]
# block no. 6 follows, 41 sequences, length 13
# corresponding to MSA columns:
# 696-708
name=unknown_G
#
# <colnr> <probs for GDERKNQSTAVLIFYWHMCP>
#	G	D	E	R	K	N	Q	S	T	A	V	L	I	F	Y	W	H	M	C	P
0	0.01618	0.68908	0.02796	0.01051	0.01512	0.13279	0.00997	0.01796	0.01229	0.01354	0.00808	0.00934	0.00734	0.00504	0.00389	0.00126	0.00673	0.00315	0.00252	0.00724
1	0.01676	0.01163	0.01341	0.01018	0.01482	0.01077	0.00824	0.17961	0.10362	0.15560	0.01470	0.01474	0.01082	0.00574	0.00502	0.00133	0.00484	0.00456	0.00484	0.40877
2	0.01281	0.01149	0.01144	0.00876	0.01305	0.09817	0.00688	0.01525	0.01239	0.01848	0.01123	0.01304	0.00923	0.00478	0.00431	0.00099	0.00473	0.00370	0.12211	0.61715
3	0.05602	0.04079	0.41973	0.01748	0.12757	0.01274	0.05449	0.01781	0.06258	0.01867	0.01514	0.01888	0.05254	0.00669	0.00566	0.00185	0.00721	0.05303	0.00315	0.00798
4	0.01598	0.10874	0.09420	0.01358	0.05853	0.25365	0.01110	0.10457	0.01470	0.01782	0.01072	0.01301	0.00891	0.01102	0.11865	0.00257	0.00883	0.00424	0.00324	0.12595
5	0.00730	0.00526	0.00711	0.00798	0.00857	0.00507	0.00554	0.00871	0.01164	0.01586	0.15369	0.57573	0.03780	0.01981	0.09816	0.00305	0.00463	0.01406	0.00521	0.00483
6	0.01185	0.01277	0.06272	0.04937	0.06972	0.01271	0.24329	0.01653	0.08849	0.01782	0.08746	0.03684	0.05145	0.01023	0.06279	0.00252	0.14594	0.00686	0.00359	0.00705
7	0.00727	0.00531	0.00691	0.00808	0.00874	0.00495	0.00576	0.00855	0.01152	0.01506	0.03448	0.60250	0.12294	0.01721	0.00732	0.00232	0.00355	0.11748	0.00530	0.00476
8	0.01920	0.01274	0.01423	0.01138	0.01496	0.01361	0.00907	0.47853	0.02154	0.13586	0.01734	0.09784	0.01457	0.10172	0.00866	0.00224	0.00569	0.00676	0.00561	0.00846
9	0.13121	0.11786	0.39229	0.01601	0.09631	0.01496	0.01608	0.01717	0.01134	0.01811	0.00933	0.01159	0.00733	0.00593	0.00675	0.00181	0.11142	0.00411	0.00264	0.00776
10	0.01132	0.01057	0.01710	0.23038	0.19965	0.01146	0.06128	0.01411	0.01159	0.01615	0.01437	0.17040	0.01415	0.00830	0.00746	0.00190	0.09733	0.00725	0.00327	0.09196
11	0.01484	0.05926	0.09053	0.05784	0.06218	0.05039	0.26200	0.01840	0.01319	0.12459	0.01441	0.02055	0.01192	0.00711	0.00740	0.00196	0.08163	0.09060	0.00365	0.00757
12	0.06052	0.13468	0.01713	0.01239	0.01607	0.37065	0.00994	0.13171	0.01674	0.12605	0.01343	0.01380	0.04012	0.00640	0.00510	0.00155	0.00771	0.00443	0.00402	0.00756

[dist]
# distance from previous block
# <min> <max>
0	1

[block]
# block no. 7 follows, 41 sequences, length 13
# corresponding to MSA columns:
# 710-722
name=unknown_H
#
# <colnr> <probs for GDERKNQSTAVLIFYWHMCP>
#	G	D	E	R	K	N	Q	S	T	A	V	L	I	F	Y	W	H	M	C	P
0	0.14079	0.01046	0.01524	0.51102	0.06282	0.01198	0.01304	0.01506	0.01131	0.01714	0.00985	0.01375	0.00759	0.00540	0.00515	0.00171	0.00657	0.00451	0.00284	0.13377
1	0.06203	0.01473	0.01604	0.13131	0.02024	0.07254	0.01103	0.42855	0.02119	0.14500	0.01391	0.01438	0.00974	0.00657	0.00557	0.00174	0.00648	0.00502	0.00513	0.00880
2	0.01077	0.00640	0.00816	0.00740	0.00907	0.00584	0.00548	0.01287	0.01475	0.13699	0.47306	0.03928	0.10059	0.13232	0.01003	0.00238	0.00349	0.00946	0.00590	0.00573
3	0.01227	0.01186	0.01988	0.29455	0.24217	0.01353	0.08600	0.01604	0.03981	0.01666	0.03902	0.01597	0.01041	0.00734	0.02693	0.00212	0.12968	0.00551	0.00293	0.00729
4	0.00697	0.00498	0.00664	0.00796	0.00830	0.00465	0.00531	0.00796	0.01095	0.01460	0.03153	0.79525	0.03783	0.01792	0.00730	0.00232	0.00332	0.01626	0.00531	0.00465
5	0.01861	0.01474	0.01727	0.01528	0.08799	0.01624	0.04182	0.44845	0.22486	0.03032	0.01599	0.01594	0.01175	0.00686	0.00579	0.00179	0.00600	0.00557	0.00536	0.00939
6	0.01186	0.00926	0.01032	0.12825	0.01397	0.12683	0.00760	0.01096	0.00944	0.01129	0.00980	0.01595	0.00918	0.01551	0.01710	0.57540	0.00621	0.00478	0.00257	0.00373
7	0.01173	0.03408	0.28333	0.01642	0.15596	0.04373	0.01387	0.05244	0.04433	0.01817	0.02118	0.14157	0.12165	0.00881	0.00594	0.00186	0.00630	0.00750	0.00370	0.00744
8	0.01970	0.01044	0.01286	0.01012	0.01442	0.00959	0.00817	0.02528	0.18901	0.41457	0.01980	0.01811	0.01359	0.00657	0.00541	0.00159	0.00464	0.00536	0.00591	0.20488
9	0.51691	0.01125	0.00954	0.00860	0.01173	0.07344	0.00680	0.01768	0.01149	0.13907	0.01395	0.13189	0.01240	0.00757	0.00460	0.00183	0.00481	0.00559	0.00432	0.00655
10	0.01417	0.27007	0.12686	0.01091	0.01495	0.07544	0.01043	0.07130	0.01386	0.06669	0.12863	0.01800	0.01632	0.01226	0.12369	0.00272	0.00760	0.00522	0.00373	0.00713
11	0.01818	0.38480	0.02271	0.01142	0.01599	0.03794	0.01016	0.31024	0.07874	0.04109	0.01189	0.01227	0.00929	0.00600	0.00475	0.00150	0.00613	0.00426	0.00416	0.00848
12	0.01404	0.01331	0.01735	0.13526	0.01936	0.04911	0.01273	0.12667	0.01229	0.01734	0.00894	0.01304	0.00786	0.00868	0.01414	0.00224	0.51280	0.00498	0.00302	0.00682

[dist]
# distance from previous block
# <min> <max>
4	6

[block]
# block no. 8 follows, 41 sequences, length 11
# corresponding to MSA columns:
# 730-740
name=unknown_I
#
# <colnr> <probs for GDERKNQSTAVLIFYWHMCP>
#	G	D	E	R	K	N	Q	S	T	A	V	L	I	F	Y	W	H	M	C	P
0	0.01848	0.01523	0.01553	0.06210	0.01797	0.08084	0.01047	0.42431	0.20779	0.02886	0.01737	0.01721	0.04313	0.00726	0.00574	0.00177	0.00613	0.00565	0.00529	0.00887
1	0.01234	0.05592	0.55166	0.02081	0.21064	0.01375	0.01979	0.01796	0.01232	0.01811	0.01034	0.01255	0.00775	0.00536	0.00544	0.00177	0.00796	0.00441	0.00254	0.00858
2	0.00972	0.01230	0.20016	0.01006	0.01273	0.00859	0.00945	0.04460	0.01041	0.01473	0.01505	0.02522	0.01483	0.32071	0.26118	0.00560	0.00945	0.00645	0.00319	0.00555
3	0.00706	0.00563	0.00631	0.00658	0.00803	0.00489	0.00476	0.00856	0.01300	0.01639	0.15553	0.23992	0.47321	0.01496	0.00691	0.00202	0.00299	0.01288	0.00547	0.00489
4	0.00905	0.00823	0.01366	0.01112	0.01371	0.00750	0.19100	0.01180	0.01431	0.01913	0.32302	0.08141	0.25046	0.01116	0.00680	0.00191	0.00456	0.01029	0.00510	0.00579
5	0.22030	0.02493	0.57696	0.01411	0.02132	0.01319	0.01737	0.01781	0.01151	0.02006	0.00973	0.01143	0.00702	0.00543	0.00497	0.00181	0.00745	0.00396	0.00271	0.00790
6	0.00959	0.00594	0.00765	0.00769	0.00841	0.00595	0.00519	0.01047	0.00994	0.08232	0.02131	0.22376	0.02313	0.36827	0.17967	0.00516	0.00701	0.00963	0.00419	0.00471
7	0.01221	0.02473	0.51542	0.01902	0.02655	0.01371	0.26969	0.01821	0.01259	0.01822	0.01076	0.01329	0.00778	0.00525	0.00591	0.00186	0.00888	0.00511	0.00259	0.00822
8	0.29685	0.01740	0.24954	0.08906	0.20767	0.01317	0.01462	0.01723	0.01148	0.02057	0.00963	0.01199	0.00742	0.00536	0.00488	0.00179	0.00659	0.00415	0.00293	0.00766
9	0.05831	0.01988	0.01791	0.01911	0.20545	0.33194	0.01243	0.22605	0.01816	0.02203	0.01072	0.01227	0.00845	0.00597	0.00539	0.00162	0.00802	0.00444	0.00375	0.00812
10	0.01581	0.01780	0.02059	0.17775	0.21589	0.27649	0.10859	0.01866	0.01361	0.01592	0.00992	0.01317	0.00808	0.00581	0.00650	0.00175	0.05868	0.00483	0.00281	0.00734

[dist]
# distance from previous block
# <min> <max>
4	7

[block]
# block no. 9 follows, 41 sequences, length 13
# corresponding to MSA columns:
# 748-760
name=unknown_J
#
# <colnr> <probs for GDERKNQSTAVLIFYWHMCP>
#	G	D	E	R	K	N	Q	S	T	A	V	L	I	F	Y	W	H	M	C	P
0	0.01194	0.19859	0.51955	0.01383	0.02070	0.01447	0.01685	0.01707	0.01244	0.01762	0.09400	0.01487	0.01251	0.00602	0.00519	0.00168	0.00729	0.00465	0.00286	0.00786
1	0.00974	0.00664	0.01011	0.00969	0.01114	0.00623	0.08836	0.01159	0.01191	0.07099	0.02664	0.49501	0.02910	0.01386	0.00667	0.00211	0.00415	0.05216	0.12839	0.00550
2	0.01606	0.01150	0.01552	0.01529	0.12696	0.01187	0.06243	0.10366	0.23606	0.16470	0.04894	0.05380	0.05117	0.00822	0.00609	0.00189	0.00535	0.04670	0.00534	0.00845
3	0.13509	0.01114	0.01794	0.52005	0.07394	0.01302	0.09596	0.01596	0.03220	0.01717	0.01039	0.01449	0.00788	0.00558	0.00551	0.00188	0.00724	0.00501	0.00284	0.00671
4	0.00903	0.00609	0.00773	0.00718	0.00881	0.00551	0.00543	0.01151	0.01573	0.06969	0.60799	0.04307	0.15696	0.01181	0.00668	0.00182	0.00287	0.01031	0.00620	0.00559
5	0.01489	0.01343	0.02310	0.03728	0.02259	0.01265	0.35482	0.10036	0.06770	0.07525	0.01307	0.01508	0.00975	0.00531	0.00585	0.00163	0.00717	0.00561	0.00384	0.21063
6	0.66592	0.01020	0.00859	0.00763	0.01090	0.01145	0.00621	0.01659	0.01110	0.07025	0.12116	0.01490	0.01381	0.00637	0.00415	0.00177	0.00419	0.00434	0.00417	0.00629
7	0.01714	0.01932	0.06364	0.10544	0.19395	0.30581	0.01336	0.12736	0.01627	0.01925	0.05584	0.01435	0.01096	0.00616	0.00554	0.00165	0.00802	0.00483	0.00346	0.00767
8	0.01337	0.04161	0.19923	0.11816	0.06719	0.09858	0.06587	0.01760	0.04524	0.03339	0.01188	0.01459	0.00927	0.00637	0.00706	0.00179	0.11023	0.00488	0.12648	0.00722
9	0.04637	0.01421	0.01380	0.05897	0.01663	0.12937	0.00981	0.02668	0.47467	0.07457	0.01880	0.01823	0.01413	0.00734	0.00634	0.00188	0.04917	0.00570	0.00501	0.00831
10	0.01659	0.16287	0.01770	0.01184	0.01582	0.01590	0.03824	0.17293	0.36252	0.07814	0.01875	0.01793	0.03163	0.00703	0.00545	0.00175	0.00538	0.00565	0.00512	0.00876
11	0.01322	0.00705	0.00893	0.00784	0.01008	0.00654	0.00609	0.01635	0.04834	0.21335	0.40867	0.03295	0.05535	0.00966	0.00604	0.00173	0.00334	0.00829	0.12953	0.00665
12	0.01054	0.00900	0.06358	0.00895	0.01179	0.00707	0.00757	0.01377	0.05153	0.07327	0.19138	0.14671	0.10267	0.01089	0.00625	0.00181	0.00411	0.09836	0.00508	0.17567

[dist]
# distance from previous block
# <min> <max>
0	1

[block]
# block no. 10 follows, 41 sequences, length 23
# corresponding to MSA columns:
# 762-784
name=unknown_K
#
# <colnr> <probs for GDERKNQSTAVLIFYWHMCP>
#	G	D	E	R	K	N	Q	S	T	A	V	L	I	F	Y	W	H	M	C	P
0	0.01492	0.01204	0.01487	0.02854	0.12867	0.01128	0.00956	0.21273	0.01600	0.03527	0.01182	0.01418	0.00959	0.04474	0.00615	0.00148	0.00532	0.00444	0.00399	0.41440
1	0.00692	0.00518	0.00643	0.00744	0.00816	0.00469	0.00508	0.00802	0.01146	0.01481	0.03792	0.61611	0.21284	0.01709	0.00717	0.00223	0.00322	0.01525	0.00531	0.00469
2	0.01783	0.01012	0.01394	0.01155	0.01383	0.01136	0.00950	0.01967	0.01290	0.36384	0.05950	0.01973	0.04076	0.01141	0.06934	0.00261	0.29343	0.00599	0.00498	0.00768
3	0.17928	0.01118	0.01391	0.01473	0.19450	0.01012	0.00927	0.01565	0.01171	0.02007	0.00987	0.01190	0.00816	0.00466	0.00444	0.00124	0.00489	0.00374	0.00328	0.46740
4	0.01103	0.04920	0.01202	0.00982	0.01198	0.07637	0.00770	0.01284	0.01044	0.01448	0.01263	0.01869	0.01191	0.10135	0.33225	0.00506	0.08804	0.00521	0.00309	0.20589
5	0.01261	0.00709	0.00923	0.00825	0.01037	0.00658	0.00634	0.01583	0.05966	0.20236	0.47024	0.10561	0.04066	0.01092	0.00650	0.00185	0.00339	0.00955	0.00637	0.00659
6	0.01362	0.12966	0.01879	0.46199	0.05295	0.14296	0.01367	0.02852	0.02419	0.01512	0.00990	0.01342	0.00781	0.00560	0.00526	0.00168	0.00763	0.00450	0.00274	0.03997
7	0.01146	0.00852	0.01112	0.01015	0.01203	0.00971	0.00805	0.18785	0.01348	0.01879	0.01494	0.02036	0.01319	0.03418	0.58982	0.00738	0.01314	0.00589	0.00371	0.00623
8	0.01330	0.01384	0.02595	0.13324	0.05057	0.01412	0.43562	0.02068	0.19214	0.01915	0.01417	0.01679	0.01066	0.00567	0.00634	0.00192	0.00802	0.00639	0.00355	0.00788
9	0.00793	0.00562	0.00619	0.00617	0.00669	0.00537	0.00376	0.00839	0.00978	0.01262	0.05750	0.04191	0.20126	0.57750	0.02281	0.00452	0.00479	0.00931	0.00403	0.00387
10	0.01096	0.01487	0.19919	0.59914	0.03585	0.01285	0.01716	0.01546	0.01159	0.01546	0.01019	0.01448	0.00753	0.00565	0.00565	0.00188	0.00783	0.00488	0.00251	0.00686
11	0.00837	0.00603	0.00803	0.00800	0.00935	0.00568	0.00632	0.01105	0.01546	0.02153	0.58361	0.04800	0.04888	0.01269	0.00703	0.00200	0.00332	0.18325	0.00605	0.00537
12	0.01167	0.01001	0.01553	0.03484	0.03148	0.00983	0.18497	0.08705	0.05719	0.05231	0.05431	0.03169	0.26914	0.04256	0.07872	0.00270	0.00651	0.00839	0.00450	0.00661
13	0.04352	0.00932	0.01156	0.00919	0.01303	0.00834	0.00748	0.07670	0.01597	0.47486	0.02948	0.02701	0.19408	0.00868	0.00586	0.00176	0.00446	0.00705	0.00628	0.04538
14	0.04163	0.00620	0.00792	0.00813	0.00952	0.00594	0.00645	0.01094	0.01444	0.02021	0.41496	0.10545	0.09516	0.01329	0.00699	0.00209	0.00357	0.21609	0.00574	0.00529
15	0.01821	0.02201	0.01380	0.01268	0.01491	0.58955	0.00922	0.01933	0.01430	0.01330	0.01106	0.01688	0.01062	0.19783	0.01096	0.00246	0.00916	0.00481	0.00307	0.00587
16	0.01444	0.01801	0.35487	0.01262	0.01789	0.01034	0.01360	0.06671	0.01382	0.19623	0.01856	0.20348	0.01645	0.00894	0.00598	0.00192	0.00621	0.00756	0.00444	0.00792
17	0.00760	0.00563	0.00709	0.00715	0.00835	0.00512	0.00520	0.00968	0.01440	0.01967	0.46691	0.22690	0.16785	0.01367	0.00688	0.00195	0.00288	0.01206	0.00589	0.00512
18	0.83938	0.01106	0.00841	0.00752	0.01106	0.01283	0.00619	0.01681	0.00973	0.02566	0.00796	0.00929	0.00619	0.00531	0.00354	0.00177	0.00442	0.00310	0.00354	0.00619
19	0.01235	0.01131	0.01677	0.38680	0.16538	0.01277	0.01370	0.01896	0.19123	0.01800	0.01345	0.01621	0.01035	0.00596	0.00560	0.00178	0.00641	0.00526	0.00347	0.08426
20	0.21588	0.01215	0.01250	0.01054	0.01384	0.01338	0.00839	0.39015	0.01889	0.02835	0.01664	0.20179	0.01567	0.00917	0.00558	0.00188	0.00512	0.00734	0.00509	0.00764
21	0.01413	0.01620	0.03675	0.11541	0.02344	0.19706	0.27138	0.01725	0.01323	0.01620	0.01314	0.07233	0.03185	0.00670	0.00671	0.00178	0.05360	0.00618	0.00312	0.08352
22	0.01255	0.01033	0.01206	0.00866	0.01371	0.00795	0.00695	0.03653	0.01244	0.04034	0.01062	0.01213	0.00867	0.00439	0.00432	0.00090	0.00432	0.00351	0.00356	0.78607

[dist]
# distance from previous block
# <min> <max>
0	1

[block]
# block no. 11 follows, 41 sequences, length 20
# corresponding to MSA columns:
# 786-805
name=unknown_L
#
# <colnr> <probs for GDERKNQSTAVLIFYWHMCP>
#	G	D	E	R	K	N	Q	S	T	A	V	L	I	F	Y	W	H	M	C	P
0	0.05173	0.01384	0.09780	0.01677	0.07907	0.01147	0.22236	0.03894	0.01310	0.01919	0.01588	0.17658	0.01529	0.00837	0.00672	0.00194	0.03176	0.00765	0.00385	0.16768
1	0.01573	0.01114	0.01320	0.00992	0.01467	0.00929	0.00791	0.05461	0.03171	0.15011	0.01362	0.01477	0.01056	0.00576	0.00550	0.00131	0.03126	0.00433	0.00448	0.59013
2	0.01843	0.01386	0.01500	0.01248	0.01606	0.01508	0.00985	0.47130	0.15346	0.03047	0.01957	0.16077	0.01713	0.00965	0.00641	0.00203	0.00572	0.00772	0.00593	0.00908
3	0.03928	0.23160	0.35464	0.01325	0.01882	0.01455	0.01474	0.01674	0.01270	0.01774	0.03295	0.04583	0.01488	0.00832	0.00582	0.00198	0.00707	0.13787	0.00348	0.00774
4	0.01216	0.01140	0.01755	0.50745	0.03105	0.01450	0.01480	0.01482	0.01109	0.01516	0.01040	0.01582	0.00867	0.00886	0.03491	0.00249	0.25390	0.00538	0.00286	0.00675
5	0.01152	0.01033	0.01431	0.01291	0.01338	0.01335	0.01034	0.01274	0.00956	0.01438	0.01235	0.04117	0.01221	0.05288	0.29045	0.00516	0.44750	0.00615	0.00314	0.00616
6	0.01357	0.03468	0.27335	0.15387	0.18536	0.01456	0.03490	0.01742	0.01226	0.03948	0.01109	0.01464	0.00886	0.00688	0.00839	0.00208	0.15227	0.00509	0.00301	0.00825
7	0.01497	0.01278	0.01348	0.01206	0.01543	0.01435	0.00930	0.03003	0.70795	0.02440	0.02337	0.02200	0.01776	0.00816	0.00612	0.00205	0.00482	0.00659	0.00597	0.04839
8	0.01185	0.00983	0.01150	0.00900	0.01322	0.00760	0.00690	0.01383	0.01225	0.01869	0.01501	0.15792	0.01475	0.00738	0.00520	0.00130	0.00438	0.00608	0.00405	0.66926
9	0.01585	0.01069	0.01279	0.00947	0.01443	0.00833	0.00753	0.01804	0.01343	0.18710	0.01384	0.01481	0.01060	0.00549	0.00498	0.00123	0.00469	0.00423	0.00452	0.63796
10	0.01985	0.00926	0.01213	0.01057	0.01374	0.00839	0.00847	0.05805	0.01584	0.45115	0.02584	0.17153	0.02234	0.01116	0.00679	0.00218	0.00503	0.13264	0.00662	0.00843
11	0.16402	0.00971	0.01179	0.00990	0.01344	0.00900	0.00782	0.02270	0.01471	0.48959	0.02241	0.16224	0.01792	0.00935	0.00603	0.00204	0.00481	0.00751	0.00639	0.00860
12	0.15537	0.01032	0.01126	0.00831	0.01312	0.00853	0.00668	0.01482	0.01149	0.01986	0.00978	0.01142	0.00808	0.00442	0.00412	0.00101	0.00427	0.00334	0.00341	0.69039
13	0.01564	0.48400	0.05489	0.00948	0.01355	0.01660	0.00887	0.01741	0.01185	0.14395	0.01245	0.01631	0.01101	0.15208	0.00881	0.00214	0.00590	0.00455	0.00344	0.00709
14	0.01268	0.01155	0.01782	0.12500	0.39846	0.01217	0.01365	0.01837	0.15014	0.01985	0.14298	0.02058	0.01821	0.00682	0.00589	0.00179	0.00577	0.00626	0.00395	0.00807
15	0.01907	0.02355	0.01472	0.01343	0.01610	0.64237	0.01007	0.02075	0.01621	0.01555	0.13916	0.01594	0.01545	0.00690	0.00543	0.00153	0.00899	0.00484	0.00353	0.00642
16	0.01608	0.01117	0.01309	0.00963	0.01451	0.00963	0.00782	0.15165	0.01542	0.15169	0.01298	0.01353	0.00969	0.00522	0.00477	0.00117	0.00473	0.00412	0.00446	0.53865
17	0.01230	0.01913	0.27627	0.16200	0.02961	0.01381	0.35140	0.01747	0.01254	0.01747	0.01079	0.01421	0.00798	0.00530	0.00638	0.00190	0.02553	0.00556	0.00266	0.00768
18	0.02005	0.02449	0.01560	0.01416	0.01716	0.63520	0.01068	0.02424	0.15240	0.01583	0.01151	0.01235	0.00923	0.00624	0.00528	0.00156	0.00925	0.00420	0.00348	0.00708
19	0.00885	0.00773	0.00920	0.15094	0.01485	0.00794	0.00734	0.01334	0.14119	0.01705	0.07009	0.04137	0.46561	0.01159	0.00640	0.00192	0.00405	0.00974	0.00493	0.00587

[dist]
# distance from previous block
# <min> <max>
0	1

[block]
# block no. 12 follows, 41 sequences, length 6
# corresponding to MSA columns:
# 807-812
name=unknown_M
#
# <colnr> <probs for GDERKNQSTAVLIFYWHMCP>
#	G	D	E	R	K	N	Q	S	T	A	V	L	I	F	Y	W	H	M	C	P
0	0.01191	0.01129	0.01915	0.53825	0.27775	0.01300	0.01643	0.01558	0.01196	0.01596	0.01036	0.01489	0.00810	0.00551	0.00570	0.00184	0.00735	0.00509	0.00264	0.00725
1	0.10365	0.00818	0.00914	0.00798	0.01052	0.00800	0.00627	0.10486	0.01600	0.11684	0.30340	0.03574	0.22631	0.01054	0.00614	0.00182	0.00367	0.00877	0.00576	0.00642
2	0.11705	0.05850	0.28188	0.01784	0.02371	0.01452	0.30221	0.01761	0.01203	0.01854	0.01014	0.01294	0.00771	0.00555	0.00678	0.00188	0.07563	0.00509	0.00275	0.00763
3	0.29413	0.01068	0.01141	0.00933	0.01333	0.01082	0.00758	0.02293	0.14368	0.29406	0.01625	0.01544	0.01136	0.00625	0.00483	0.00168	0.00458	0.00469	0.00521	0.11174
4	0.01684	0.01353	0.01585	0.01303	0.01582	0.01607	0.01067	0.37910	0.11111	0.02608	0.01345	0.01533	0.01061	0.01180	0.09447	0.00278	0.21529	0.00538	0.00458	0.00821
5	0.01183	0.01214	0.07079	0.11299	0.05817	0.01149	0.19455	0.09445	0.01330	0.01809	0.01697	0.22387	0.01704	0.05918	0.00866	0.00225	0.05512	0.00863	0.00378	0.00671

[dist]
# distance from previous block
# <min> <max>
0	1

[block]
# block no. 13 follows, 41 sequences, length 11
# corresponding to MSA columns:
# 814-824
name=unknown_N
#
# <colnr> <probs for GDERKNQSTAVLIFYWHMCP>
#	G	D	E	R	K	N	Q	S	T	A	V	L	I	F	Y	W	H	M	C	P
0	0.01487	0.01507	0.01791	0.02046	0.27573	0.15108	0.01268	0.05354	0.01309	0.01752	0.00996	0.01299	0.00856	0.00752	0.03575	0.00193	0.16438	0.00455	0.00304	0.15936
1	0.01487	0.02434	0.48164	0.01582	0.02286	0.01478	0.06529	0.24918	0.01688	0.02383	0.01145	0.01282	0.00813	0.00585	0.00561	0.00179	0.00784	0.00469	0.00350	0.00881
2	0.00970	0.00724	0.00970	0.01016	0.01216	0.00677	0.00877	0.01232	0.01293	0.01740	0.02659	0.05485	0.02843	0.01368	0.00723	0.00231	0.00508	0.59238	0.00492	0.15738
3	0.01128	0.11695	0.06197	0.04817	0.01320	0.14201	0.00810	0.01345	0.01373	0.01647	0.18295	0.03311	0.26596	0.04048	0.00680	0.00186	0.00527	0.00805	0.00433	0.00586
4	0.00975	0.00763	0.00829	0.00784	0.00999	0.00732	0.00609	0.14359	0.01531	0.01926	0.04392	0.14794	0.46393	0.01366	0.00674	0.00200	0.00378	0.07184	0.00538	0.00574
5	0.01333	0.01211	0.01570	0.01962	0.30816	0.07509	0.01138	0.09897	0.04455	0.02167	0.25231	0.02522	0.06152	0.00804	0.00603	0.00173	0.00545	0.00706	0.00452	0.00755
6	0.00972	0.00505	0.00729	0.00729	0.00729	0.00505	0.00477	0.00757	0.00757	0.01009	0.01102	0.02009	0.01140	0.12478	0.02326	0.72209	0.00505	0.00542	0.00262	0.00262
7	0.01242	0.06232	0.49739	0.02049	0.16053	0.01395	0.11706	0.01799	0.01242	0.01802	0.01042	0.01277	0.00778	0.00526	0.00557	0.00178	0.00820	0.00467	0.00256	0.00841
8	0.01202	0.01041	0.01266	0.01035	0.06640	0.00805	0.00754	0.01462	0.01194	0.01864	0.01021	0.01202	0.00851	0.00430	0.00434	0.00091	0.00442	0.00351	0.00335	0.77581
9	0.00799	0.00636	0.00863	0.00926	0.00953	0.00701	0.00663	0.00903	0.01055	0.01445	0.02712	0.65157	0.03227	0.01647	0.00941	0.00236	0.14745	0.01419	0.00479	0.00494
10	0.01517	0.01486	0.07238	0.02512	0.43308	0.04305	0.01473	0.17978	0.01597	0.02192	0.01357	0.09864	0.01214	0.00694	0.00582	0.00177	0.00656	0.00621	0.00372	0.00859

[dist]
# distance from previous block
# <min> <max>
0	10

[block]
# block no. 14 follows, 41 sequences, length 9
# corresponding to MSA columns:
# 835-843
name=unknown_O
#
# <colnr> <probs for GDERKNQSTAVLIFYWHMCP>
#	G	D	E	R	K	N	Q	S	T	A	V	L	I	F	Y	W	H	M	C	P
0	0.00819	0.00605	0.00881	0.00881	0.00971	0.00694	0.00668	0.00997	0.00908	0.01300	0.01567	0.02438	0.01513	0.13963	0.68072	0.00873	0.01407	0.00641	0.00312	0.00490
1	0.01406	0.01468	0.01925	0.35824	0.30666	0.15747	0.01560	0.01727	0.01294	0.01602	0.01014	0.01391	0.00811	0.00552	0.00559	0.00175	0.00782	0.00482	0.00273	0.00742
2	0.00869	0.00662	0.00807	0.00717	0.00911	0.00578	0.00530	0.01088	0.01403	0.01981	0.44859	0.03752	0.11641	0.11130	0.00913	0.00211	0.00337	0.00895	0.00528	0.16187
3	0.01656	0.11518	0.01816	0.04776	0.05484	0.04810	0.01119	0.25057	0.18667	0.02343	0.01350	0.01462	0.01056	0.00723	0.00792	0.00185	0.15412	0.00509	0.00432	0.00830
4	0.00929	0.00539	0.00809	0.00809	0.00847	0.00577	0.00577	0.00847	0.00809	0.01116	0.01192	0.01926	0.01154	0.02834	0.29950	0.53054	0.00877	0.00539	0.00270	0.00345
5	0.01456	0.01105	0.01812	0.42787	0.23805	0.01214	0.01494	0.01795	0.01282	0.15817	0.01268	0.01574	0.00926	0.00580	0.00571	0.00182	0.00687	0.00521	0.00348	0.00775
6	0.01198	0.01130	0.01712	0.13608	0.07690	0.01147	0.10145	0.01476	0.01146	0.01687	0.01082	0.04749	0.00951	0.00630	0.00778	0.00159	0.15400	0.00507	0.00307	0.34498
7	0.16892	0.01308	0.02441	0.01887	0.04773	0.01302	0.45128	0.01649	0.01223	0.01904	0.01321	0.11304	0.01187	0.00683	0.00673	0.00197	0.04386	0.00713	0.00330	0.00702
8	0.42508	0.09960	0.16778	0.15672	0.01961	0.01395	0.01146	0.01670	0.01074	0.02072	0.00885	0.01098	0.00680	0.00537	0.00435	0.00175	0.00603	0.00370	0.00300	0.00681

[dist]
# distance from previous block
# <min> <max>
4	11

[block]
# block no. 15 follows, 41 sequences, length 23
# corresponding to MSA columns:
# 855-877
name=unknown_P
#
# <colnr> <probs for GDERKNQSTAVLIFYWHMCP>
#	G	D	E	R	K	N	Q	S	T	A	V	L	I	F	Y	W	H	M	C	P
0	0.00859	0.00596	0.00741	0.00711	0.00841	0.00551	0.00522	0.01062	0.01420	0.04461	0.46205	0.04406	0.15032	0.14855	0.01065	0.00251	0.00344	0.05002	0.00563	0.00512
1	0.01417	0.01260	0.01588	0.07137	0.17452	0.05280	0.03839	0.12747	0.24236	0.02161	0.01854	0.15153	0.01652	0.00847	0.00602	0.00190	0.00577	0.00745	0.00460	0.00802
2	0.01335	0.04099	0.05523	0.20757	0.08592	0.20218	0.01128	0.01601	0.01284	0.01613	0.01445	0.13001	0.01335	0.00763	0.00542	0.00171	0.00672	0.00632	0.14653	0.00638
3	0.01412	0.01418	0.01515	0.01330	0.01457	0.15281	0.01061	0.09250	0.01255	0.01652	0.01268	0.14780	0.01301	0.01008	0.01237	0.00214	0.39802	0.00667	0.00345	0.03747
4	0.01345	0.01078	0.01315	0.14485	0.01795	0.01226	0.00969	0.18449	0.22623	0.02290	0.11202	0.02206	0.01833	0.04240	0.12078	0.00307	0.00687	0.00644	0.00480	0.00748
5	0.00737	0.00518	0.00668	0.00760	0.00789	0.00501	0.00495	0.00818	0.01019	0.01365	0.02724	0.56260	0.03226	0.21459	0.05573	0.00351	0.00455	0.01371	0.00472	0.00438
6	0.00956	0.00817	0.01141	0.27127	0.01993	0.00838	0.00915	0.01268	0.03468	0.01762	0.19182	0.09567	0.12650	0.00920	0.00599	0.00174	0.00477	0.00800	0.00428	0.14920
7	0.01048	0.00964	0.00940	0.00856	0.01068	0.11967	0.00640	0.01265	0.01452	0.01926	0.37593	0.14064	0.07640	0.01059	0.00616	0.00167	0.00419	0.00909	0.00510	0.14896
8	0.01674	0.01270	0.01557	0.06724	0.11945	0.09296	0.03851	0.15913	0.01659	0.15049	0.01873	0.02904	0.01657	0.00895	0.00632	0.00198	0.00647	0.21001	0.00482	0.00774
9	0.01704	0.01833	0.01348	0.01247	0.01512	0.39016	0.00937	0.02265	0.22504	0.05165	0.01751	0.14984	0.01583	0.00856	0.00574	0.00177	0.00720	0.00675	0.00436	0.00712
