[name]
unknown

[dist]
# distance from previous block
# <min> <max>
0	181

[block]
# block no. 0 follows, 38 sequences, length 7
# corresponding to MSA columns:
# 181-187
name=unknown_A
#
# <colnr> <probs for GDERKNQSTAVLIFYWHMCP>
#	G	D	E	R	K	N	Q	S	T	A	V	L	I	F	Y	W	H	M	C	P
0	0.00846	0.00642	0.00789	0.00814	0.00947	0.00612	0.00597	0.01161	0.07304	0.01960	0.29481	0.29466	0.16585	0.01489	0.00728	0.00216	0.00339	0.04863	0.00600	0.00561
1	0.01378	0.26386	0.33934	0.01412	0.01977	0.06445	0.01554	0.01772	0.01231	0.01642	0.01115	0.06581	0.00995	0.00709	0.00701	0.00182	0.10420	0.00502	0.00281	0.00783
2	0.02428	0.00944	0.01252	0.00983	0.01392	0.00829	0.00804	0.02669	0.01643	0.62916	0.02303	0.02081	0.01498	0.00737	0.00573	0.00178	0.00472	0.00597	0.14758	0.00944
3	0.00784	0.00552	0.00707	0.00784	0.00829	0.00523	0.00517	0.00897	0.01185	0.01604	0.15187	0.49387	0.03872	0.18780	0.01265	0.00310	0.00390	0.01420	0.00533	0.00475
4	0.01284	0.09911	0.15224	0.37141	0.16507	0.01489	0.06726	0.01714	0.01263	0.01695	0.01068	0.01457	0.00827	0.00568	0.00580	0.00187	0.00799	0.00508	0.00272	0.00780
5	0.01257	0.12649	0.66645	0.01629	0.02471	0.01520	0.02073	0.01892	0.01264	0.01844	0.01049	0.01232	0.00763	0.00564	0.00548	0.00183	0.00858	0.00429	0.00254	0.00874
6	0.00717	0.00585	0.00634	0.00673	0.00829	0.00502	0.00485	0.00856	0.01310	0.01600	0.05318	0.26083	0.55069	0.01624	0.00727	0.00215	0.00317	0.01393	0.00559	0.00502

[dist]
# distance from previous block
# <min> <max>
6	12

[block]
# block no. 1 follows, 38 sequences, length 20
# corresponding to MSA columns:
# 203-222
name=unknown_B
#
# <colnr> <probs for GDERKNQSTAVLIFYWHMCP>
#	G	D	E	R	K	N	Q	S	T	A	V	L	I	F	Y	W	H	M	C	P
0	0.01671	0.06977	0.07902	0.02004	0.02562	0.01619	0.40571	0.16749	0.01684	0.06732	0.01280	0.01528	0.00945	0.00596	0.00708	0.00194	0.04415	0.00615	0.00384	0.00864
1	0.01827	0.01160	0.01485	0.06331	0.01718	0.01151	0.00977	0.09134	0.03365	0.25706	0.01518	0.01585	0.01099	0.00684	0.00767	0.00167	0.12617	0.00502	0.00492	0.27715
2	0.06035	0.05139	0.05918	0.01133	0.01385	0.01039	0.10986	0.01408	0.06175	0.01729	0.08916	0.07891	0.10449	0.22394	0.01394	0.00307	0.05838	0.00845	0.00417	0.00602
3	0.01837	0.01357	0.08894	0.01428	0.01868	0.01180	0.14263	0.08330	0.05456	0.28563	0.08613	0.06659	0.01782	0.00821	0.00734	0.00199	0.05886	0.00714	0.00545	0.00868
4	0.01054	0.00527	0.00758	0.00758	0.00774	0.00527	0.00511	0.00855	0.00839	0.01183	0.01151	0.01876	0.01102	0.01930	0.02129	0.73004	0.00495	0.00527	0.09706	0.00296
5	0.01386	0.01299	0.02123	0.10284	0.54870	0.01339	0.01630	0.01844	0.07807	0.01934	0.01445	0.08693	0.01297	0.00692	0.00614	0.00189	0.00668	0.00657	0.00347	0.00883
6	0.01425	0.01347	0.02200	0.16960	0.53583	0.01420	0.01711	0.01945	0.09714	0.01950	0.01272	0.01597	0.01027	0.00580	0.00599	0.00186	0.00703	0.00552	0.00328	0.00900
7	0.01486	0.01609	0.06564	0.18560	0.40578	0.10061	0.01671	0.01974	0.08093	0.01866	0.01214	0.01523	0.00971	0.00587	0.00591	0.00184	0.00764	0.00526	0.00319	0.00860
8	0.01815	0.00831	0.01079	0.00921	0.01242	0.00725	0.00737	0.02023	0.01564	0.41706	0.08356	0.10462	0.19472	0.01123	0.00666	0.00201	0.00435	0.05182	0.00666	0.00792
9	0.00878	0.00599	0.00761	0.00781	0.00907	0.00543	0.00562	0.01065	0.01428	0.05761	0.31040	0.34232	0.16162	0.01515	0.00728	0.00213	0.00325	0.01342	0.00608	0.00550
10	0.01481	0.00873	0.00991	0.00859	0.01146	0.00847	0.00676	0.08406	0.09967	0.18744	0.09382	0.03383	0.23980	0.01018	0.00613	0.00185	0.00398	0.00840	0.15473	0.00738
11	0.00890	0.00705	0.00770	0.00729	0.00933	0.00646	0.00552	0.07611	0.01569	0.02001	0.21229	0.09493	0.47886	0.01404	0.00704	0.00200	0.00336	0.01187	0.00586	0.00568
12	0.00773	0.00589	0.00711	0.00729	0.00863	0.00527	0.00528	0.00966	0.01447	0.01919	0.33092	0.24426	0.28246	0.01500	0.00725	0.00208	0.00308	0.01312	0.00600	0.00527
13	0.01045	0.00522	0.00784	0.00784	0.00784	0.00522	0.00522	0.00784	0.00784	0.01045	0.01045	0.01829	0.01045	0.02090	0.02351	0.82497	0.00522	0.00522	0.00261	0.00261
14	0.02039	0.00952	0.01204	0.01004	0.01343	0.00895	0.00796	0.10787	0.03054	0.41778	0.02410	0.17769	0.01959	0.00973	0.00617	0.00193	0.00469	0.00822	0.10076	0.00859
15	0.01455	0.01395	0.02381	0.10768	0.68295	0.01420	0.01829	0.01817	0.01354	0.01924	0.01126	0.01500	0.00938	0.00542	0.00596	0.00181	0.00723	0.00536	0.00295	0.00926
16	0.00928	0.00670	0.00836	0.00819	0.00969	0.00643	0.00604	0.01297	0.08495	0.04207	0.44772	0.21241	0.09518	0.01347	0.00711	0.00204	0.00325	0.01190	0.00629	0.00595
17	0.00733	0.00524	0.00698	0.00838	0.00873	0.00489	0.00558	0.00838	0.01152	0.01536	0.03316	0.78466	0.03979	0.01885	0.00768	0.00244	0.00349	0.01710	0.00558	0.00489
18	0.01313	0.11730	0.01989	0.01347	0.01699	0.01195	0.24668	0.05366	0.01365	0.02007	0.01611	0.06526	0.01381	0.04777	0.00681	0.00191	0.00614	0.00663	0.30194	0.00683
19	0.08961	0.01253	0.01271	0.09671	0.01688	0.09697	0.00869	0.05471	0.06380	0.02116	0.06257	0.01640	0.01306	0.00612	0.00503	0.00143	0.00548	0.00479	0.08249	0.32887

[dist]
# distance from previous block
# <min> <max>
1	9

[block]
# block no. 2 follows, 38 sequences, length 68
# corresponding to MSA columns:
# 232-299
name=unknown_C
#
# <colnr> <probs for GDERKNQSTAVLIFYWHMCP>
#	G	D	E	R	K	N	Q	S	T	A	V	L	I	F	Y	W	H	M	C	P
0	0.06661	0.01390	0.01430	0.05702	0.01733	0.07565	0.00979	0.11155	0.33224	0.10818	0.01839	0.01789	0.01358	0.00705	0.00568	0.00179	0.00568	0.00560	0.00534	0.11243
1	0.06469	0.01274	0.05425	0.12091	0.06465	0.01170	0.01103	0.08208	0.01413	0.11381	0.01236	0.01422	0.00941	0.00598	0.00635	0.00156	0.06703	0.00457	0.00400	0.32453
2	0.01601	0.01810	0.23366	0.01514	0.07895	0.01353	0.01363	0.26657	0.01841	0.06098	0.07222	0.06031	0.01578	0.06966	0.00803	0.00219	0.00670	0.00646	0.00462	0.01906
3	0.01721	0.60675	0.02797	0.01113	0.01603	0.06169	0.01046	0.10945	0.05842	0.01786	0.01015	0.01109	0.00868	0.00565	0.00435	0.00141	0.00659	0.00375	0.00325	0.00811
4	0.01111	0.00852	0.00978	0.00927	0.01146	0.00881	0.00707	0.01830	0.26113	0.05134	0.24468	0.13293	0.15123	0.01216	0.00684	0.00207	0.00380	0.03638	0.00615	0.00696
5	0.01422	0.28450	0.45769	0.01473	0.02192	0.07591	0.01742	0.01909	0.01288	0.01708	0.00987	0.01154	0.00766	0.00556	0.00507	0.00167	0.00822	0.00399	0.00259	0.00835
6	0.01444	0.05489	0.01778	0.11328	0.10941	0.02391	0.06756	0.02471	0.38363	0.04287	0.02001	0.06001	0.02537	0.00775	0.00613	0.00197	0.00598	0.00683	0.00483	0.00864
7	0.01473	0.01210	0.05350	0.43697	0.13293	0.01262	0.01514	0.01923	0.05636	0.14602	0.01444	0.03585	0.01081	0.00660	0.00605	0.00196	0.00713	0.00580	0.00382	0.00793
8	0.01045	0.00522	0.00784	0.00784	0.00784	0.00522	0.00522	0.00784	0.00784	0.01045	0.01045	0.01829	0.01045	0.02090	0.02351	0.82497	0.00522	0.00522	0.00261	0.00261
9	0.01340	0.01366	0.02600	0.20373	0.28373	0.01390	0.27517	0.01749	0.01337	0.01828	0.01266	0.05733	0.01067	0.00614	0.00648	0.00196	0.00824	0.00662	0.00307	0.00810
10	0.01238	0.09061	0.70067	0.01661	0.02521	0.01474	0.02129	0.01897	0.01266	0.01867	0.01061	0.01246	0.00763	0.00567	0.00557	0.00186	0.00870	0.00435	0.00254	0.00880
11	0.06652	0.52520	0.06608	0.01174	0.01652	0.19600	0.01102	0.01946	0.01326	0.01533	0.00871	0.01010	0.00765	0.00545	0.00432	0.00142	0.00749	0.00344	0.00276	0.00754
12	0.01151	0.00771	0.00951	0.00821	0.01099	0.00649	0.00628	0.01381	0.01466	0.11322	0.27134	0.13492	0.13639	0.01097	0.00636	0.00172	0.00366	0.00948	0.00565	0.21712
13	0.00863	0.00578	0.00660	0.00671	0.00674	0.00575	0.00381	0.00872	0.00898	0.01197	0.02013	0.10103	0.02335	0.72490	0.02872	0.00555	0.00564	0.00944	0.00381	0.00375
14	0.00875	0.00583	0.00656	0.00656	0.00656	0.00583	0.00365	0.00875	0.00875	0.01166	0.01895	0.03937	0.02187	0.78858	0.03062	0.00583	0.00583	0.00875	0.00365	0.00365
15	0.02132	0.07939	0.01792	0.01250	0.01740	0.01648	0.01044	0.49236	0.02349	0.11477	0.01447	0.01446	0.01037	0.00669	0.00562	0.00164	0.00613	0.00505	0.00555	0.12394
16	0.00850	0.00733	0.04848	0.00849	0.01006	0.00602	0.00679	0.01114	0.01531	0.02143	0.49749	0.21771	0.04879	0.01374	0.00723	0.00207	0.00348	0.05419	0.00609	0.00566
17	0.38316	0.01614	0.12257	0.01519	0.02043	0.01440	0.23802	0.07405	0.01334	0.02425	0.02077	0.01308	0.00849	0.00566	0.00530	0.00192	0.00711	0.00492	0.00356	0.00763
18	0.06651	0.02600	0.01653	0.01474	0.01807	0.63342	0.01120	0.07488	0.01750	0.05293	0.01032	0.01152	0.00821	0.00630	0.00541	0.00160	0.00993	0.00406	0.00355	0.00734
19	0.11087	0.00977	0.01145	0.01131	0.01376	0.01046	0.00965	0.15579	0.05560	0.02339	0.02521	0.04792	0.02557	0.01299	0.00719	0.00243	0.00560	0.44881	0.00545	0.00680
20	0.00719	0.00580	0.00640	0.00689	0.00833	0.00501	0.00492	0.00854	0.01295	0.01594	0.05130	0.30996	0.50277	0.01649	0.00731	0.00217	0.00320	0.01422	0.00559	0.00501
21	0.01247	0.01069	0.01247	0.00891	0.01426	0.00802	0.00713	0.01515	0.01247	0.01960	0.01069	0.01247	0.00891	0.00446	0.00446	0.00089	0.00446	0.00356	0.00356	0.82536
22	0.01548	0.12074	0.21058	0.01660	0.11564	0.05600	0.01417	0.02441	0.27716	0.06487	0.01621	0.01649	0.01223	0.00661	0.00566	0.00184	0.00672	0.00533	0.00423	0.00903
23	0.00750	0.00614	0.00665	0.00668	0.00854	0.00529	0.00508	0.00930	0.01422	0.01762	0.16966	0.06884	0.58070	0.01491	0.00719	0.00206	0.00317	0.05549	0.00575	0.00520
24	0.02252	0.02711	0.01718	0.01528	0.01861	0.66588	0.01160	0.11745	0.01853	0.01779	0.00998	0.01132	0.00808	0.00633	0.00550	0.00158	0.01029	0.00408	0.00349	0.00740
25	0.01271	0.01267	0.01967	0.24332	0.02470	0.01666	0.07107	0.01512	0.01045	0.01512	0.00907	0.01427	0.00803	0.00875	0.01463	0.00240	0.48652	0.00543	0.00268	0.00673
26	0.01504	0.01126	0.01259	0.01098	0.01435	0.01208	0.00858	0.02671	0.47158	0.10906	0.14799	0.02527	0.02380	0.00849	0.00614	0.00190	0.00445	0.00715	0.00615	0.07644
27	0.00841	0.00615	0.00790	0.00746	0.00893	0.00563	0.00560	0.01116	0.01679	0.02356	0.69872	0.04586	0.10628	0.01251	0.00710	0.00190	0.00285	0.01101	0.00655	0.00563
28	0.00733	0.00524	0.00698	0.00838	0.00873	0.00489	0.00558	0.00838	0.01152	0.01536	0.03316	0.78466	0.03979	0.01885	0.00768	0.00244	0.00349	0.01710	0.00558	0.00489
29	0.00856	0.00580	0.00683	0.00715	0.00730	0.00574	0.00435	0.00891	0.00954	0.01269	0.02220	0.16963	0.02575	0.60829	0.02529	0.00506	0.00541	0.05344	0.00410	0.00398
30	0.01207	0.03112	0.75741	0.01715	0.02604	0.01397	0.02223	0.01905	0.01270	0.01905	0.01080	0.01270	0.00762	0.00572	0.00572	0.00191	0.00889	0.00445	0.00254	0.00889
31	0.00740	0.00529	0.00704	0.00833	0.00874	0.00493	0.00559	0.00856	0.01185	0.01589	0.07630	0.74000	0.04081	0.01845	0.00764	0.00241	0.00345	0.01673	0.00565	0.00493
32	0.00783	0.00567	0.00724	0.00777	0.00860	0.00525	0.00538	0.00945	0.01337	0.01815	0.27936	0.41268	0.10285	0.07647	0.00922	0.00249	0.00341	0.01395	0.00579	0.00508
33	0.01448	0.01372	0.02327	0.03490	0.69332	0.01372	0.01778	0.01799	0.01371	0.01952	0.01292	0.01903	0.01149	0.00624	0.00614	0.00186	0.00702	0.06049	0.00318	0.00922
34	0.02169	0.01633	0.06078	0.01343	0.01827	0.01664	0.01149	0.50659	0.12103	0.12592	0.01674	0.01617	0.01175	0.00729	0.00602	0.00185	0.00632	0.00562	0.00601	0.01006
35	0.01146	0.00743	0.00980	0.05499	0.01298	0.00747	0.00782	0.01507	0.10157	0.11385	0.02932	0.42983	0.03119	0.01493	0.00728	0.00234	0.00446	0.12613	0.00571	0.00636
36	0.10656	0.02140	0.32476	0.01580	0.07834	0.07180	0.01536	0.08055	0.01520	0.19349	0.01379	0.01438	0.00958	0.00624	0.00560	0.00184	0.00737	0.00480	0.00418	0.00896
37	0.02395	0.01117	0.05359	0.01080	0.01522	0.00924	0.00918	0.02722	0.05992	0.60976	0.02268	0.02174	0.01528	0.07202	0.00807	0.00220	0.00536	0.00623	0.00679	0.00958
38	0.02298	0.01364	0.01583	0.01205	0.01688	0.01370	0.00993	0.38234	0.02219	0.29507	0.01731	0.01637	0.01174	0.00694	0.00582	0.00170	0.00579	0.00540	0.00621	0.11810
39	0.39213	0.07555	0.05693	0.09498	0.01949	0.01459	0.10933	0.07676	0.01299	0.03294	0.01012	0.01219	0.00776	0.00562	0.00482	0.00179	0.00631	0.00431	0.00359	0.05780
40	0.00740	0.00561	0.00671	0.00744	0.00840	0.00505	0.00512	0.00864	0.01239	0.01590	0.07955	0.45110	0.28303	0.06369	0.00884	0.00248	0.00344	0.01476	0.00552	0.00492
41	0.00892	0.00590	0.00693	0.00693	0.00719	0.00605	0.00424	0.00945	0.00919	0.01285	0.01860	0.03579	0.02039	0.62094	0.13279	0.00603	0.00705	0.00817	0.06855	0.00405
42	0.06287	0.00822	0.00961	0.00837	0.01128	0.00761	0.00658	0.01779	0.07201	0.24275	0.17919	0.03839	0.28907	0.01117	0.00651	0.00194	0.00386	0.00931	0.00628	0.00719
43	0.01379	0.02012	0.24504	0.06790	0.02885	0.01511	0.39603	0.05623	0.01407	0.01966	0.01154	0.01490	0.00860	0.00576	0.00733	0.00202	0.05579	0.00601	0.00300	0.00827
44	0.00758	0.00534	0.00691	0.00806	0.00835	0.00505	0.00525	0.00844	0.01103	0.01471	0.03067	0.65441	0.03666	0.15337	0.01169	0.00304	0.00390	0.01564	0.00525	0.00467
45	0.00733	0.00524	0.00698	0.00838	0.00873	0.00489	0.00558	0.00838	0.01152	0.01536	0.03316	0.78466	0.03979	0.01885	0.00768	0.00244	0.00349	0.01710	0.00558	0.00489
46	0.00920	0.00664	0.00869	0.00970	0.01073	0.00657	0.00743	0.05377	0.02391	0.01778	0.03145	0.47749	0.03589	0.01721	0.00778	0.00251	0.00441	0.25773	0.00560	0.00550
47	0.02103	0.00968	0.01308	0.09563	0.01688	0.00918	0.00905	0.06615	0.01656	0.46564	0.07856	0.06879	0.01869	0.00832	0.00607	0.00187	0.00506	0.00695	0.07404	0.00877
48	0.00745	0.00528	0.00695	0.00823	0.00855	0.00496	0.00542	0.00841	0.01129	0.01505	0.03198	0.72300	0.03831	0.08253	0.00958	0.00272	0.00368	0.01641	0.00542	0.00478
49	0.01262	0.01115	0.01438	0.01027	0.01568	0.00861	0.06687	0.01549	0.01262	0.01958	0.01081	0.01278	0.00893	0.00451	0.00467	0.00099	0.00493	0.00386	0.00352	0.75774
50	0.01463	0.05962	0.07385	0.06049	0.06176	0.01369	0.01134	0.04309	0.24318	0.07348	0.07421	0.01912	0.01586	0.00752	0.00733	0.00185	0.09284	0.00586	0.00463	0.11565
51	0.12094	0.10444	0.06050	0.01149	0.01601	0.02772	0.00993	0.12516	0.25759	0.07194	0.01609	0.01591	0.01210	0.00661	0.00527	0.00171	0.00554	0.00505	0.00486	0.12114
52	0.00973	0.01055	0.07491	0.05846	0.01633	0.00875	0.13229	0.01359	0.05781	0.01874	0.15662	0.09688	0.29817	0.01149	0.00691	0.00203	0.00516	0.01028	0.00492	0.00637
53	0.03316	0.00690	0.00888	0.08051	0.01218	0.00689	0.04498	0.01244	0.01239	0.01889	0.02781	0.07507	0.18680	0.01051	0.00694	0.06710	0.00404	0.00792	0.37113	0.00547
54	0.01392	0.00988	0.01518	0.31775	0.02459	0.01136	0.05473	0.01709	0.01270	0.12175	0.01470	0.01806	0.01105	0.00699	0.00730	0.00190	0.10203	0.00561	0.22643	0.00696
55	0.01916	0.01400	0.13441	0.07162	0.01874	0.01117	0.01172	0.09742	0.07841	0.32960	0.08565	0.02354	0.01798	0.00809	0.00623	0.00195	0.00590	0.04959	0.00582	0.00898
56	0.07709	0.02957	0.69799	0.01641	0.02489	0.01393	0.02098	0.01894	0.01251	0.01968	0.01060	0.01247	0.00753	0.00570	0.00556	0.00190	0.00855	0.00435	0.00263	0.00870
57	0.00889	0.00563	0.00753	0.00856	0.00925	0.00520	0.00584	0.01004	0.01197	0.07409	0.03241	0.72399	0.03781	0.01794	0.00755	0.00240	0.00362	0.01622	0.00573	0.00531
58	0.06430	0.02468	0.44700	0.05443	0.08432	0.05959	0.03825	0.06228	0.07158	0.02076	0.01194	0.01373	0.00879	0.00599	0.00570	0.00188	0.00813	0.00478	0.00319	0.00868
59	0.01417	0.01122	0.01620	0.38348	0.02773	0.01333	0.01319	0.13543	0.01474	0.07687	0.01518	0.12492	0.01342	0.00871	0.00797	0.00210	0.10296	0.00707	0.00402	0.00729
60	0.00801	0.00552	0.00678	0.00751	0.00769	0.00534	0.00466	0.00855	0.01020	0.01359	0.02638	0.42900	0.03124	0.38617	0.01863	0.00406	0.00461	0.01312	0.00466	0.00429
61	0.00841	0.00618	0.00793	0.00820	0.00929	0.00591	0.00587	0.01136	0.05926	0.02046	0.39951	0.35796	0.04718	0.01483	0.00728	0.00214	0.00323	0.01327	0.00615	0.00558
62	0.01297	0.18171	0.47277	0.09878	0.02600	0.01599	0.07534	0.01846	0.01265	0.01768	0.01040	0.01273	0.00780	0.00558	0.00548	0.00180	0.00840	0.00451	0.00260	0.00835
63	0.01258	0.01231	0.01732	0.01502	0.01515	0.01704	0.01245	0.01400	0.00927	0.01441	0.00894	0.01449	0.00880	0.01491	0.11407	0.00352	0.68116	0.00541	0.00271	0.00643
64	0.00982	0.00659	0.00866	0.00853	0.01018	0.00614	0.00680	0.01250	0.01597	0.06604	0.46835	0.05029	0.10356	0.01333	0.00734	0.00212	0.00368	0.18792	0.00632	0.00587
65	0.05485	0.01090	0.01313	0.14405	0.01861	0.01210	0.00981	0.07785	0.27411	0.11927	0.06354	0.06770	0.01843	0.00840	0.00600	0.00196	0.00518	0.01563	0.07033	0.00816
66	0.01375	0.01363	0.11279	0.05914	0.07395	0.01200	0.01122	0.21064	0.01779	0.02449	0.15343	0.02743	0.14034	0.00919	0.00690	0.00190	0.04290	0.00747	0.05337	0.00766
67	0.01584	0.41971	0.26742	0.01313	0.01942	0.03223	0.01439	0.11972	0.01474	0.01914	0.01004	0.01135	0.00804	0.00565	0.00480	0.00157	0.00734	0.00394	0.00306	0.00845

[dist]
# distance from previous block
# <min> <max>
0	1

[block]
# block no. 3 follows, 38 sequences, length 19
# corresponding to MSA columns:
# 301-319
name=unknown_D
#
# <colnr> <probs for GDERKNQSTAVLIFYWHMCP>
#	G	D	E	R	K	N	Q	S	T	A	V	L	I	F	Y	W	H	M	C	P
0	0.05228	0.01268	0.01331	0.01185	0.01523	0.01454	0.00926	0.07362	0.61650	0.02598	0.06910	0.02280	0.01976	0.00825	0.00607	0.00201	0.00475	0.00681	0.00604	0.00918
1	0.13867	0.01563	0.01644	0.01277	0.01741	0.01721	0.01054	0.57850	0.02491	0.08803	0.01425	0.01421	0.01004	0.00700	0.00569	0.00182	0.00623	0.00515	0.00579	0.00970
2	0.01735	0.01893	0.20854	0.01489	0.02058	0.01500	0.08315	0.35041	0.02033	0.04527	0.04404	0.04819	0.01263	0.00713	0.00605	0.00182	0.00707	0.00593	0.00470	0.06800
3	0.10244	0.10308	0.21516	0.08485	0.21119	0.01510	0.04627	0.07027	0.01405	0.06651	0.01153	0.01367	0.00875	0.00576	0.00549	0.00181	0.00730	0.00478	0.00337	0.00863
4	0.01608	0.79220	0.03152	0.01029	0.01544	0.02380	0.01029	0.01801	0.01222	0.01415	0.00836	0.00965	0.00772	0.00515	0.00386	0.00129	0.00643	0.00322	0.00257	0.00772
5	0.00842	0.00619	0.00791	0.00759	0.00908	0.00568	0.00577	0.01110	0.01647	0.02288	0.62927	0.04769	0.13542	0.01287	0.00716	0.00196	0.00301	0.04950	0.00644	0.00560
6	0.12096	0.04342	0.01595	0.12934	0.10525	0.01228	0.01107	0.04071	0.09699	0.33692	0.01764	0.01746	0.01217	0.00674	0.00566	0.00187	0.00579	0.00547	0.00535	0.00897
7	0.00845	0.00571	0.00665	0.00695	0.00702	0.00563	0.00406	0.00867	0.00933	0.01245	0.02196	0.19705	0.02566	0.62572	0.02577	0.00512	0.00534	0.01052	0.00406	0.00391
8	0.00839	0.00571	0.00680	0.00715	0.00728	0.00567	0.00429	0.00874	0.00948	0.01268	0.02238	0.22494	0.02606	0.56475	0.05597	0.00515	0.00568	0.01074	0.00411	0.00403
9	0.00733	0.00524	0.00698	0.00838	0.00873	0.00489	0.00558	0.00838	0.01152	0.01536	0.03316	0.78466	0.03979	0.01885	0.00768	0.00244	0.00349	0.01710	0.00558	0.00489
10	0.01608	0.54088	0.17885	0.01221	0.01801	0.05289	0.01289	0.07602	0.01382	0.01710	0.00939	0.01071	0.00790	0.00548	0.00448	0.00147	0.00714	0.00367	0.00287	0.00813
11	0.00844	0.00615	0.00794	0.00749	0.00894	0.00565	0.00562	0.01121	0.01686	0.02372	0.71301	0.04559	0.09188	0.01245	0.00710	0.00190	0.00285	0.01097	0.00657	0.00565
12	0.01045	0.00522	0.00784	0.00784	0.00784	0.00522	0.00522	0.00784	0.00784	0.01045	0.01045	0.01829	0.01045	0.02090	0.02351	0.82497	0.00522	0.00522	0.00261	0.00261
13	0.01051	0.00561	0.00856	0.06191	0.01021	0.00580	0.00603	0.00837	0.00813	0.01080	0.01047	0.01813	0.01028	0.01985	0.02228	0.76690	0.00542	0.00523	0.00262	0.00290
14	0.01207	0.03112	0.75741	0.01715	0.02604	0.01397	0.02223	0.01905	0.01270	0.01905	0.01080	0.01270	0.00762	0.00572	0.00572	0.00191	0.00889	0.00445	0.00254	0.00889
15	0.00899	0.00669	0.00863	0.00944	0.01074	0.00657	0.00748	0.01217	0.06487	0.01843	0.13225	0.26166	0.10737	0.01592	0.00770	0.00244	0.00430	0.30300	0.00575	0.00561
16	0.00951	0.00640	0.00890	0.00983	0.01091	0.00630	0.00807	0.01108	0.01276	0.01674	0.08051	0.10088	0.06017	0.01722	0.01110	0.16283	0.00506	0.45177	0.00505	0.00492
17	0.01420	0.01359	0.02318	0.18032	0.61303	0.01411	0.01812	0.01786	0.01337	0.01882	0.01119	0.01511	0.00924	0.00549	0.00597	0.00183	0.00732	0.00536	0.00292	0.00898
18	0.22391	0.01435	0.06903	0.01431	0.01642	0.01668	0.05133	0.04521	0.01078	0.01924	0.00873	0.01248	0.00768	0.00848	0.01338	0.00232	0.45085	0.00480	0.00307	0.00696

[dist]
# distance from previous block
# <min> <max>
0	4

[block]
# block no. 4 follows, 38 sequences, length 19
# corresponding to MSA columns:
# 324-342
name=unknown_E
#
# <colnr> <probs for GDERKNQSTAVLIFYWHMCP>
#	G	D	E	R	K	N	Q	S	T	A	V	L	I	F	Y	W	H	M	C	P
0	0.01351	0.01602	0.14387	0.11319	0.49169	0.01344	0.01785	0.01764	0.01362	0.01944	0.07105	0.01710	0.01289	0.00606	0.00601	0.00184	0.00718	0.00566	0.00317	0.00879
1	0.21918	0.11371	0.06223	0.17728	0.02067	0.01421	0.01106	0.10836	0.01480	0.11637	0.07600	0.01632	0.01297	0.00666	0.00525	0.00182	0.00603	0.00507	0.00429	0.00773
2	0.36378	0.17561	0.10605	0.01132	0.01561	0.13704	0.01050	0.01867	0.01200	0.02042	0.00882	0.01056	0.00723	0.00595	0.00543	0.00174	0.06231	0.00364	0.00316	0.02016
3	0.09411	0.01502	0.11529	0.01630	0.03254	0.01223	0.27046	0.01916	0.05733	0.07051	0.01401	0.03554	0.01088	0.00596	0.00580	0.00176	0.00705	0.00583	0.06661	0.14363
4	0.01278	0.02224	0.37074	0.02041	0.04527	0.01380	0.30974	0.01848	0.01345	0.01905	0.01343	0.01960	0.01093	0.00651	0.00654	0.00204	0.00903	0.07466	0.00305	0.00826
5	0.09571	0.58016	0.11716	0.01119	0.01654	0.06299	0.01146	0.01844	0.01236	0.01604	0.00871	0.01010	0.00759	0.00532	0.00416	0.00143	0.00681	0.00341	0.00271	0.00770
6	0.01536	0.01487	0.10162	0.05701	0.01783	0.05687	0.01056	0.12104	0.10897	0.07852	0.01885	0.01924	0.08289	0.00696	0.00558	0.00158	0.00584	0.00556	0.00454	0.26631
7	0.01019	0.00727	0.00879	0.00884	0.01059	0.00687	0.00637	0.01373	0.11224	0.06744	0.03252	0.46387	0.11872	0.01476	0.00697	0.00215	0.00382	0.01308	0.00559	0.08621
8	0.01118	0.07405	0.22588	0.01130	0.01508	0.00991	0.01118	0.01529	0.05659	0.06281	0.12642	0.30492	0.02772	0.01175	0.00654	0.00206	0.00535	0.01021	0.00477	0.00697
9	0.01590	0.08919	0.01844	0.01583	0.10754	0.01471	0.06594	0.24339	0.12650	0.02530	0.05908	0.11280	0.01865	0.00901	0.00630	0.00194	0.00601	0.04996	0.00504	0.00845
10	0.01303	0.01086	0.01932	0.01558	0.01893	0.01046	0.26836	0.06024	0.01494	0.07968	0.09297	0.17696	0.02506	0.01103	0.00748	0.00222	0.01809	0.14285	0.00489	0.00705
11	0.00875	0.00583	0.00656	0.00656	0.00656	0.00583	0.00365	0.00875	0.00875	0.01166	0.01895	0.03937	0.02187	0.78858	0.03062	0.00583	0.00583	0.00875	0.00365	0.00365
12	0.11928	0.01222	0.01540	0.23269	0.02322	0.01338	0.01147	0.18010	0.07287	0.23556	0.01606	0.01668	0.01110	0.00681	0.00575	0.00190	0.00621	0.00542	0.00518	0.00869
13	0.07643	0.01722	0.01557	0.01297	0.01698	0.18068	0.01032	0.26085	0.18695	0.13601	0.01659	0.01607	0.01200	0.00713	0.00576	0.00182	0.00677	0.00534	0.00545	0.00910
14	0.01080	0.01295	0.13582	0.01507	0.01877	0.00983	0.20267	0.01463	0.01380	0.01884	0.10623	0.14412	0.02678	0.01161	0.00734	0.00229	0.00670	0.23053	0.00452	0.00669
15	0.01506	0.00787	0.00989	0.00875	0.01093	0.00744	0.00662	0.05913	0.01501	0.23571	0.18186	0.07991	0.02819	0.18653	0.01194	0.00282	0.00462	0.05227	0.06868	0.00677
16	0.01812	0.01355	0.06126	0.07544	0.01856	0.02624	0.02767	0.11412	0.01470	0.23113	0.01453	0.01731	0.01111	0.05688	0.01218	0.00237	0.26646	0.00570	0.00454	0.00812
17	0.01387	0.01492	0.08285	0.25453	0.28844	0.01463	0.11534	0.06043	0.01378	0.01904	0.01118	0.01511	0.00880	0.00598	0.00696	0.00195	0.05536	0.00552	0.00302	0.00828
18	0.00985	0.00739	0.01001	0.00987	0.01096	0.00839	0.00752	0.06591	0.01177	0.01675	0.02043	0.24110	0.02124	0.02955	0.38246	0.00592	0.07286	0.00929	0.05300	0.00572

[dist]
# distance from previous block
# <min> <max>
0	8

[block]
# block no. 5 follows, 38 sequences, length 14
# corresponding to MSA columns:
# 351-364
name=unknown_F
#
# <colnr> <probs for GDERKNQSTAVLIFYWHMCP>
#	G	D	E	R	K	N	Q	S	T	A	V	L	I	F	Y	W	H	M	C	P
0	0.07816	0.04834	0.01445	0.01142	0.01496	0.01403	0.00912	0.34388	0.09743	0.04405	0.01936	0.20224	0.01794	0.00981	0.00609	0.00192	0.00536	0.00807	0.00551	0.04787
1	0.07812	0.53889	0.08321	0.01126	0.01653	0.02137	0.01113	0.14339	0.01493	0.01967	0.00962	0.01074	0.00806	0.00559	0.00437	0.00147	0.00652	0.00370	0.00326	0.00816
2	0.01322	0.20137	0.40924	0.01353	0.02015	0.01452	0.01572	0.01792	0.01305	0.05123	0.06711	0.04940	0.01320	0.00665	0.00540	0.00171	0.00712	0.00522	0.00329	0.07097
3	0.05729	0.00997	0.01077	0.00917	0.01124	0.01053	0.00660	0.24624	0.01579	0.02202	0.05180	0.02875	0.01837	0.41985	0.01887	0.00390	0.00582	0.00725	0.00457	0.04119
4	0.05510	0.01225	0.01385	0.01096	0.01499	0.01228	0.00891	0.25373	0.01743	0.02551	0.01435	0.05755	0.01247	0.00742	0.00645	0.00158	0.06312	0.04250	0.04273	0.32682
5	0.01344	0.01418	0.02546	0.07394	0.02431	0.01613	0.32232	0.01665	0.01174	0.01688	0.01009	0.01466	0.00849	0.00753	0.01249	0.00223	0.35009	0.00597	0.00286	0.05055
6	0.01738	0.01111	0.01338	0.00984	0.01495	0.00919	0.00798	0.08249	0.01518	0.22332	0.01461	0.01485	0.01067	0.00552	0.00503	0.00124	0.00483	0.00441	0.00485	0.52917
7	0.01724	0.01134	0.01352	0.00995	0.01506	0.00952	0.00807	0.10638	0.01556	0.19890	0.01429	0.01464	0.01051	0.00551	0.00503	0.00124	0.00488	0.00439	0.00480	0.52916
8	0.01489	0.01429	0.02442	0.03692	0.75106	0.01429	0.01846	0.01846	0.01370	0.01965	0.01132	0.01489	0.00953	0.00536	0.00596	0.00179	0.00715	0.00536	0.00298	0.00953
9	0.01136	0.01069	0.01804	0.77412	0.04143	0.01337	0.01671	0.01537	0.01203	0.01537	0.01069	0.01604	0.00802	0.00601	0.00601	0.00200	0.00802	0.00535	0.00267	0.00668
10	0.00830	0.00565	0.00669	0.00713	0.00724	0.00554	0.00425	0.00863	0.00962	0.01282	0.02340	0.27269	0.02748	0.54761	0.02344	0.00477	0.00510	0.01136	0.00425	0.00403
11	0.01422	0.01361	0.02321	0.17712	0.61611	0.01412	0.01813	0.01787	0.01338	0.01884	0.01120	0.01511	0.00924	0.00548	0.00597	0.00183	0.00731	0.00536	0.00292	0.00899
12	0.06231	0.01333	0.01465	0.01184	0.01574	0.01413	0.00950	0.44464	0.02200	0.08296	0.01820	0.16692	0.01612	0.00924	0.00611	0.00187	0.00562	0.00752	0.00572	0.07158
13	0.01580	0.73762	0.08358	0.01078	0.01620	0.02310	0.01115	0.01809	0.01226	0.01450	0.00854	0.00987	0.00771	0.00519	0.00399	0.00133	0.00661	0.00330	0.00257	0.00780

[dist]
# distance from previous block
# <min> <max>
6	15

[block]
# block no. 6 follows, 38 sequences, length 35
# corresponding to MSA columns:
# 381-415
name=unknown_G
#
# <colnr> <probs for GDERKNQSTAVLIFYWHMCP>
#	G	D	E	R	K	N	Q	S	T	A	V	L	I	F	Y	W	H	M	C	P
0	0.00758	0.00581	0.00699	0.00763	0.00883	0.00522	0.00554	0.00916	0.01320	0.01696	0.12928	0.36250	0.31046	0.01651	0.00744	0.00225	0.00341	0.07042	0.00571	0.00511
1	0.00782	0.00573	0.00749	0.00835	0.00917	0.00519	0.00571	0.00913	0.01203	0.01639	0.08888	0.66602	0.03879	0.01722	0.00738	0.00228	0.00351	0.01556	0.00551	0.06784
2	0.06386	0.01231	0.01421	0.01172	0.01486	0.07206	0.00951	0.08597	0.01537	0.29336	0.06505	0.01873	0.01465	0.01158	0.08182	0.00267	0.14559	0.00574	0.00521	0.05573
3	0.00875	0.00644	0.00824	0.00867	0.01008	0.00609	0.00698	0.01109	0.01444	0.01911	0.26262	0.05652	0.17779	0.07416	0.00941	0.00259	0.00423	0.30171	0.00575	0.00535
4	0.00745	0.00529	0.00694	0.00822	0.00854	0.00497	0.00541	0.00841	0.01127	0.01503	0.03191	0.71921	0.03821	0.08644	0.00969	0.00274	0.00370	0.01637	0.00541	0.00478
5	0.00899	0.00580	0.00751	0.00826	0.00889	0.00549	0.00562	0.01005	0.01158	0.05804	0.05430	0.50120	0.03461	0.18844	0.01269	0.00316	0.00422	0.06085	0.00530	0.00499
6	0.01452	0.09392	0.27683	0.08123	0.03316	0.12018	0.08517	0.02024	0.09320	0.01786	0.01167	0.01394	0.00907	0.00651	0.00733	0.00192	0.09715	0.00495	0.00309	0.00806
7	0.54474	0.01161	0.01059	0.00917	0.01300	0.01291	0.00746	0.02226	0.13816	0.15774	0.01394	0.01390	0.01008	0.00637	0.00456	0.00189	0.00476	0.00437	0.00481	0.00771
8	0.00733	0.00524	0.00698	0.00838	0.00873	0.00489	0.00558	0.00838	0.01152	0.01536	0.03316	0.78466	0.03979	0.01885	0.00768	0.00244	0.00349	0.01710	0.00558	0.00489
9	0.01393	0.01302	0.02009	0.13414	0.42525	0.03963	0.01547	0.01743	0.05393	0.01779	0.01211	0.01703	0.01041	0.00792	0.00893	0.08168	0.07469	0.02544	0.00312	0.00799
10	0.05791	0.18778	0.02794	0.07981	0.17238	0.01611	0.28896	0.01781	0.01312	0.01809	0.01205	0.05880	0.01045	0.00605	0.00591	0.00183	0.00786	0.00612	0.00308	0.00793
11	0.00852	0.00674	0.00786	0.00820	0.00998	0.00631	0.00652	0.01153	0.06261	0.01805	0.11511	0.10196	0.38705	0.01509	0.00742	0.00225	0.00387	0.20968	0.00571	0.00555
12	0.01350	0.01340	0.02460	0.09753	0.23145	0.01391	0.26682	0.01788	0.05973	0.01815	0.01242	0.01661	0.01011	0.00947	0.05929	0.05036	0.06768	0.00612	0.00314	0.00785
13	0.07092	0.18144	0.12632	0.05915	0.04625	0.12183	0.07576	0.11049	0.01491	0.02004	0.01077	0.01297	0.00858	0.00624	0.00633	0.00175	0.06666	0.00460	0.04713	0.00786
14	0.04177	0.01118	0.01433	0.17196	0.03406	0.03845	0.03144	0.11122	0.01403	0.02013	0.01753	0.06896	0.06852	0.00894	0.00874	0.01368	0.15678	0.00664	0.15492	0.00675
15	0.00751	0.00604	0.00670	0.00668	0.00841	0.00523	0.00495	0.00935	0.01444	0.01832	0.24580	0.11278	0.50322	0.01473	0.00715	0.00203	0.00303	0.01256	0.00587	0.00523
16	0.01797	0.01057	0.01261	0.01094	0.01411	0.01081	0.00852	0.14569	0.18131	0.25554	0.02496	0.23662	0.02193	0.01080	0.00652	0.00206	0.00484	0.00924	0.00637	0.00856
17	0.12356	0.01325	0.01378	0.01128	0.01522	0.01453	0.00911	0.31331	0.19819	0.05527	0.01687	0.01688	0.01247	0.00706	0.00544	0.00177	0.00527	0.00542	0.10493	0.05640
18	0.01757	0.01203	0.01315	0.01059	0.01466	0.07568	0.00839	0.07752	0.06225	0.21921	0.02642	0.07033	0.01436	0.01010	0.06374	0.00215	0.00620	0.00588	0.00509	0.28470
19	0.24660	0.13434	0.14968	0.06839	0.18204	0.06403	0.01371	0.04313	0.01293	0.02083	0.00988	0.01206	0.00787	0.00562	0.00494	0.00175	0.00692	0.00418	0.00314	0.00796
20	0.00851	0.00631	0.00887	0.07454	0.01274	0.00632	0.00787	0.01049	0.01267	0.01678	0.07702	0.43941	0.03650	0.01661	0.00770	0.00248	0.00450	0.23999	0.00539	0.00530
21	0.01384	0.01139	0.01733	0.20812	0.31159	0.01223	0.01364	0.08558	0.01442	0.02109	0.01363	0.01709	0.01076	0.00613	0.00552	0.00174	0.00618	0.00543	0.21643	0.00787
22	0.01076	0.00671	0.00903	0.00813	0.00973	0.00667	0.07473	0.01329	0.01201	0.01973	0.01938	0.07099	0.01705	0.10302	0.06895	0.00271	0.00498	0.00690	0.52967	0.00555
23	0.01091	0.00883	0.01524	0.01240	0.01489	0.00880	0.20588	0.01392	0.01228	0.01849	0.07510	0.02433	0.01747	0.08568	0.21020	0.00421	0.00865	0.00694	0.23970	0.00607
24	0.02545	0.01126	0.01441	0.01121	0.01577	0.01054	0.00921	0.11251	0.08201	0.60631	0.02270	0.01994	0.01465	0.00748	0.00605	0.00187	0.00526	0.00604	0.00716	0.01017
25	0.00735	0.00534	0.00694	0.00815	0.00868	0.00493	0.00550	0.00850	0.01190	0.01574	0.06037	0.69520	0.10262	0.01830	0.00761	0.00239	0.00343	0.01650	0.00562	0.00493
26	0.07800	0.01166	0.01411	0.01103	0.01535	0.01140	0.00905	0.20948	0.01961	0.44885	0.09044	0.02056	0.01717	0.00773	0.00599	0.00185	0.00526	0.00617	0.00674	0.00954
27	0.01835	0.02243	0.01420	0.01304	0.01578	0.55426	0.00978	0.02002	0.01645	0.01591	0.09015	0.02262	0.14584	0.00842	0.00589	0.00167	0.00867	0.00614	0.00389	0.00651
28	0.01243	0.00791	0.00962	0.00930	0.01104	0.00787	0.00685	0.14114	0.01560	0.09234	0.08257	0.45404	0.03140	0.01420	0.00690	0.00215	0.00411	0.01253	0.07154	0.00649
29	0.01759	0.00789	0.01066	0.00953	0.01218	0.00699	0.00728	0.01942	0.01484	0.39892	0.07616	0.33954	0.02804	0.01251	0.00680	0.00211	0.00429	0.01096	0.00662	0.00771
30	0.07793	0.61455	0.14216	0.01117	0.01679	0.02149	0.01185	0.01815	0.01215	0.01590	0.00874	0.01013	0.00761	0.00527	0.00414	0.00143	0.00668	0.00341	0.00266	0.00781
31	0.01477	0.00832	0.01092	0.01045	0.01291	0.00808	0.00862	0.01895	0.09876	0.22358	0.12535	0.09444	0.03062	0.01267	0.00723	0.00229	0.00483	0.29364	0.00628	0.00727
32	0.00731	0.00532	0.00689	0.00816	0.00867	0.00490	0.00549	0.00840	0.01173	0.01544	0.03585	0.71425	0.10846	0.01850	0.00762	0.00240	0.00345	0.01667	0.00558	0.00490
33	0.01343	0.01052	0.01245	0.01118	0.01356	0.01218	0.00884	0.13448	0.24416	0.02216	0.01829	0.02102	0.01491	0.02181	0.28909	0.00482	0.05683	0.00625	0.07645	0.00757
34	0.01196	0.00947	0.01076	0.00973	0.01215	0.01007	0.00749	0.08165	0.27597	0.02494	0.36019	0.06077	0.07859	0.01077	0.00667	0.00196	0.00389	0.00927	0.00629	0.00739

[dist]
# distance from previous block
# <min> <max>
0	1

[block]
# block no. 7 follows, 38 sequences, length 28
# corresponding to MSA columns:
# 417-444
name=unknown_H
#
# <colnr> <probs for GDERKNQSTAVLIFYWHMCP>
#	G	D	E	R	K	N	Q	S	T	A	V	L	I	F	Y	W	H	M	C	P
0	0.02370	0.01322	0.01553	0.01216	0.01670	0.01357	0.00996	0.30717	0.12140	0.37078	0.02016	0.01836	0.01353	0.00746	0.00605	0.00186	0.00566	0.00590	0.00670	0.01014
1	0.00939	0.00823	0.05653	0.00850	0.00995	0.00700	0.00639	0.04874	0.01145	0.01551	0.02451	0.23591	0.07888	0.32220	0.08495	0.00425	0.00609	0.01037	0.00433	0.04680
2	0.00997	0.00645	0.00850	0.00926	0.01041	0.00618	0.00688	0.01235	0.04964	0.08271	0.05235	0.50005	0.04903	0.01659	0.00755	0.00241	0.00408	0.15403	0.00580	0.00576
3	0.05422	0.01755	0.32118	0.01181	0.01717	0.00988	0.01287	0.01664	0.01332	0.12072	0.02674	0.10028	0.19032	0.00946	0.00612	0.00193	0.00597	0.00779	0.00437	0.05165
4	0.01620	0.39634	0.07310	0.01300	0.07651	0.01805	0.01108	0.08394	0.07021	0.05667	0.01235	0.01341	0.00994	0.00584	0.00470	0.00149	0.00608	0.00430	0.06552	0.06130
5	0.01569	0.30765	0.08784	0.13810	0.02448	0.07559	0.16714	0.08306	0.01448	0.01805	0.01038	0.01287	0.00829	0.00559	0.00537	0.00168	0.00804	0.00475	0.00304	0.00790
6	0.06875	0.01336	0.06994	0.01072	0.01489	0.06540	0.00919	0.11319	0.02985	0.12498	0.15253	0.02049	0.01912	0.00928	0.04651	0.00202	0.00599	0.00583	0.00494	0.21303
7	0.06714	0.07210	0.08089	0.05323	0.02011	0.01242	0.20387	0.01922	0.08045	0.10711	0.19666	0.02320	0.02202	0.00756	0.00625	0.00190	0.00640	0.00704	0.00467	0.00774
8	0.01228	0.09393	0.20625	0.01122	0.01582	0.01149	0.01123	0.10720	0.01557	0.02157	0.17512	0.08768	0.09400	0.00913	0.00601	0.00177	0.00552	0.00757	0.00453	0.10209
9	0.00763	0.00547	0.00725	0.00817	0.00879	0.00509	0.00561	0.00914	0.01293	0.01760	0.21621	0.59520	0.04414	0.01717	0.00753	0.00230	0.00332	0.01551	0.00585	0.00509
10	0.01605	0.01289	0.01437	0.01082	0.01580	0.01211	0.00874	0.24634	0.08898	0.02602	0.01325	0.01408	0.01026	0.00571	0.00512	0.00130	0.00518	0.00448	0.00460	0.48390
11	0.01717	0.00867	0.01070	0.00901	0.01229	0.00785	0.00717	0.02076	0.08710	0.35602	0.13781	0.03547	0.24340	0.01056	0.00653	0.00193	0.00413	0.00882	0.00664	0.00796
12	0.01437	0.01837	0.24428	0.01824	0.13418	0.01365	0.06904	0.02329	0.24906	0.06913	0.06157	0.01896	0.01501	0.00698	0.00627	0.00195	0.01624	0.00606	0.00438	0.00900
13	0.01185	0.01726	0.29182	0.01257	0.01741	0.01084	0.01325	0.07554	0.07033	0.02227	0.21411	0.04348	0.02597	0.00935	0.00644	0.00197	0.00601	0.09556	0.00469	0.04928
14	0.01113	0.00960	0.01560	0.02063	0.30858	0.01024	0.01192	0.01385	0.01129	0.01625	0.01418	0.02012	0.01282	0.02912	0.45947	0.00650	0.01251	0.00601	0.00312	0.00704
15	0.00756	0.00540	0.00725	0.00864	0.00909	0.00509	0.00599	0.00878	0.01175	0.01562	0.03303	0.71430	0.03928	0.01863	0.00774	0.00248	0.00369	0.08517	0.00558	0.00495
16	0.01503	0.38105	0.08701	0.06170	0.01981	0.01822	0.11546	0.01800	0.01293	0.06421	0.06619	0.01497	0.01213	0.00646	0.00656	0.00171	0.08261	0.00498	0.00327	0.00770
17	0.01300	0.01202	0.02091	0.02553	0.39472	0.01178	0.13734	0.01633	0.01369	0.01963	0.11614	0.02229	0.01773	0.08329	0.00861	0.00221	0.00661	0.00679	0.06352	0.00788
18	0.00771	0.00558	0.00715	0.00804	0.00872	0.00520	0.00555	0.00906	0.01238	0.01650	0.13488	0.51672	0.10471	0.08107	0.00947	0.00262	0.00366	0.05046	0.00557	0.00495
19	0.02084	0.01119	0.01307	0.01057	0.01438	0.01135	0.00855	0.18869	0.12873	0.32193	0.02082	0.01980	0.01445	0.00741	0.00566	0.00178	0.00492	0.00592	0.18079	0.00914
20	0.01521	0.01416	0.06390	0.08759	0.20118	0.01424	0.01314	0.12278	0.27588	0.03638	0.07743	0.02007	0.01652	0.00731	0.00611	0.00192	0.00602	0.00629	0.00485	0.00902
21	0.01053	0.00694	0.00886	0.00827	0.01013	0.00652	0.00640	0.01398	0.05553	0.08943	0.53779	0.04422	0.09983	0.01218	0.00704	0.00198	0.00337	0.06425	0.00651	0.00624
22	0.00832	0.00651	0.00760	0.00752	0.00915	0.00605	0.00556	0.01150	0.07068	0.02000	0.33285	0.16313	0.30089	0.01406	0.00712	0.00204	0.00316	0.01219	0.00605	0.00563
23	0.07268	0.01816	0.01824	0.01447	0.01891	0.14287	0.06355	0.46231	0.07811	0.03100	0.01379	0.01428	0.01011	0.00686	0.00586	0.00180	0.00732	0.00525	0.00517	0.00924
24	0.00968	0.00611	0.00779	0.00795	0.00915	0.00568	0.00576	0.01156	0.01379	0.07274	0.25985	0.29655	0.07586	0.07829	0.00901	0.00242	0.00363	0.04988	0.06877	0.00553
25	0.01155	0.00814	0.01296	0.17672	0.15529	0.00871	0.01009	0.01196	0.01023	0.01423	0.01142	0.01751	0.01017	0.01364	0.01487	0.42581	0.00598	0.00531	0.07038	0.00503
26	0.08177	0.02385	0.20506	0.01674	0.08618	0.29538	0.01434	0.12145	0.01671	0.06730	0.01143	0.01272	0.00858	0.00618	0.00554	0.00174	0.00858	0.00446	0.00368	0.00832
27	0.01916	0.01851	0.13065	0.01895	0.15243	0.07219	0.05936	0.30532	0.03632	0.09323	0.01418	0.02765	0.01055	0.00668	0.00602	0.00183	0.00737	0.00553	0.00466	0.00942

[dist]
# distance from previous block
# <min> <max>
4	11

[block]
# block no. 8 follows, 38 sequences, length 12
# corresponding to MSA columns:
# 456-467
name=unknown_I
#
# <colnr> <probs for GDERKNQSTAVLIFYWHMCP>
#	G	D	E	R	K	N	Q	S	T	A	V	L	I	F	Y	W	H	M	C	P
0	0.01637	0.07423	0.01279	0.00939	0.01287	0.00915	0.00754	0.01961	0.06728	0.27726	0.12354	0.12304	0.08797	0.00970	0.00609	0.00178	0.00441	0.00818	0.00588	0.12291
1	0.01463	0.15263	0.54383	0.01520	0.02294	0.01492	0.01857	0.02020	0.01320	0.11246	0.01205	0.01320	0.00857	0.00584	0.00546	0.00180	0.00801	0.00445	0.00317	0.00887
2	0.01316	0.01036	0.01652	0.02286	0.36824	0.01015	0.01284	0.01586	0.01351	0.08386	0.02154	0.21348	0.02202	0.01091	0.00682	0.00213	0.00578	0.13776	0.00448	0.00772
3	0.00773	0.00601	0.00703	0.00701	0.00856	0.00531	0.00517	0.00974	0.01483	0.01945	0.34638	0.14545	0.36684	0.01446	0.00718	0.00203	0.00302	0.01250	0.00602	0.00531
4	0.01328	0.01291	0.02272	0.35756	0.37088	0.01398	0.08728	0.01719	0.01302	0.01775	0.01113	0.01552	0.00883	0.00562	0.00609	0.00191	0.00782	0.00552	0.00285	0.00815
5	0.01206	0.08524	0.63955	0.01582	0.02379	0.01399	0.01993	0.01831	0.01304	0.01912	0.07377	0.01524	0.01184	0.00624	0.00570	0.00186	0.00819	0.00491	0.00289	0.00853
6	0.02699	0.01024	0.01396	0.01070	0.01536	0.00884	0.00884	0.02932	0.01722	0.75522	0.02373	0.02048	0.01489	0.00745	0.00605	0.00186	0.00512	0.00605	0.00745	0.01024
7	0.01206	0.02312	0.44139	0.08577	0.02704	0.01333	0.19311	0.01773	0.01289	0.01841	0.01331	0.08943	0.01117	0.00687	0.00627	0.00200	0.00859	0.00641	0.00297	0.00811
8	0.01145	0.01061	0.01772	0.54946	0.15917	0.01244	0.01558	0.01501	0.01225	0.01610	0.01367	0.11421	0.01234	0.00754	0.00622	0.00202	0.00729	0.00685	0.00310	0.00694
9	0.01551	0.62577	0.06092	0.01088	0.01577	0.02129	0.01077	0.04098	0.05053	0.01603	0.01151	0.01559	0.01065	0.00638	0.00451	0.00150	0.00639	0.06413	0.00312	0.00776
10	0.00789	0.00582	0.00740	0.00783	0.00893	0.00534	0.00567	0.00982	0.01419	0.01914	0.32303	0.33589	0.15966	0.01554	0.00739	0.00217	0.00326	0.04976	0.00600	0.00527
11	0.01899	0.01482	0.01990	0.22097	0.02617	0.03552	0.10486	0.36461	0.02079	0.09274	0.01383	0.01555	0.00984	0.00661	0.00614	0.00189	0.00743	0.00563	0.00478	0.00891

[dist]
# distance from previous block
# <min> <max>
0	3

[block]
# block no. 9 follows, 38 sequences, length 29
# corresponding to MSA columns:
# 471-499
name=unknown_J
#
# <colnr> <probs for GDERKNQSTAVLIFYWHMCP>
#	G	D	E	R	K	N	Q	S	T	A	V	L	I	F	Y	W	H	M	C	P
0	0.01215	0.00836	0.01063	0.01152	0.07327	0.00829	0.00768	0.05995	0.10228	0.10229	0.03047	0.37639	0.10830	0.04933	0.00804	0.00234	0.00439	0.01199	0.00558	0.00675
1	0.01510	0.01235	0.01330	0.01091	0.01503	0.03663	0.00857	0.09491	0.28277	0.05685	0.01825	0.06954	0.01488	0.00729	0.00556	0.00158	0.00497	0.00600	0.00506	0.32045
2	0.02389	0.01522	0.01704	0.01307	0.01784	0.01623	0.01079	0.55767	0.02555	0.21510	0.01674	0.01593	0.01138	0.00728	0.00603	0.00182	0.00625	0.00557	0.00637	0.01023
3	0.01057	0.01189	0.09622	0.11129	0.07952	0.04579	0.05229	0.01343	0.01301	0.01732	0.07376	0.27215	0.09415	0.01144	0.00667	0.00203	0.00573	0.02049	0.00433	0.05791
4	0.01811	0.04883	0.01199	0.00927	0.01203	0.00914	0.00700	0.02117	0.09449	0.35142	0.02120	0.02737	0.01758	0.30614	0.01534	0.00337	0.00542	0.00702	0.00560	0.00751
5	0.01387	0.01393	0.02572	0.20939	0.39939	0.01431	0.19862	0.01793	0.01343	0.01854	0.01138	0.01550	0.00907	0.00544	0.00626	0.00190	0.00812	0.00580	0.00292	0.00849
6	0.01060	0.00762	0.00952	0.00874	0.01125	0.00633	0.00639	0.01235	0.01227	0.06761	0.02410	0.44307	0.02652	0.01268	0.00636	0.00182	0.00396	0.01127	0.00495	0.31259
7	0.06686	0.07619	0.01303	0.00913	0.01301	0.01087	0.00735	0.14152	0.01489	0.02269	0.01436	0.06468	0.01260	0.04474	0.00608	0.00158	0.00474	0.00531	0.14296	0.32742
