[name]
unknown

[dist]
# distance from previous block
# <min> <max>
0	121

[block]
# block no. 0 follows, 38 sequences, length 74
# corresponding to MSA columns:
# 132-205
name=unknown_A
#
# <colnr> <probs for GDERKNQSTAVLIFYWHMCP>
#	G	D	E	R	K	N	Q	S	T	A	V	L	I	F	Y	W	H	M	C	P
0	0.01107	0.00793	0.01047	0.01174	0.01309	0.00762	0.00968	0.01302	0.01447	0.01910	0.03320	0.18784	0.03639	0.01783	0.00886	0.00300	0.00577	0.57651	0.00607	0.00634
1	0.81032	0.01279	0.01009	0.00911	0.01290	0.01435	0.00727	0.01877	0.01135	0.02828	0.01015	0.01222	0.00820	0.00673	0.00450	0.00217	0.00525	0.00385	0.00430	0.00740
2	0.12844	0.02188	0.35200	0.01589	0.04191	0.01388	0.04402	0.07392	0.01574	0.20485	0.01570	0.01692	0.01122	0.00734	0.00634	0.00219	0.00770	0.00544	0.00480	0.00981
3	0.00955	0.00688	0.00870	0.00992	0.01067	0.00632	0.00701	0.01041	0.01307	0.01744	0.03512	0.61817	0.06755	0.01912	0.00843	0.00278	0.00444	0.13240	0.00610	0.00593
4	0.81032	0.01279	0.01009	0.00911	0.01290	0.01435	0.00727	0.01877	0.01135	0.02828	0.01015	0.01222	0.00820	0.00673	0.00450	0.00217	0.00525	0.00385	0.00430	0.00740
5	0.00936	0.00672	0.00846	0.00943	0.01012	0.00611	0.00638	0.01021	0.01351	0.01843	0.15304	0.64291	0.04338	0.01854	0.00825	0.00265	0.00401	0.01628	0.00628	0.00595
6	0.00977	0.00700	0.00898	0.01026	0.01104	0.00650	0.00742	0.01077	0.01319	0.01765	0.03391	0.58110	0.03923	0.01905	0.00851	0.00282	0.00464	0.19606	0.00609	0.00598
7	0.02813	0.01168	0.01523	0.01195	0.01665	0.01020	0.00963	0.05703	0.01856	0.70901	0.02473	0.02239	0.01617	0.00853	0.00676	0.00217	0.00576	0.00654	0.00786	0.01102
8	0.01108	0.00798	0.01041	0.01132	0.01283	0.00760	0.00935	0.01321	0.01529	0.02037	0.15105	0.09211	0.06667	0.01679	0.00869	0.00287	0.00549	0.52420	0.00624	0.00643
9	0.01695	0.51528	0.20352	0.01319	0.01903	0.04049	0.01367	0.01958	0.01358	0.04046	0.01153	0.01374	0.00986	0.00808	0.03440	0.00211	0.00801	0.00434	0.00336	0.00882
10	0.00848	0.00615	0.00799	0.00753	0.00896	0.00566	0.00565	0.01128	0.01694	0.02391	0.72905	0.04529	0.07573	0.01238	0.00710	0.00190	0.00284	0.01093	0.00659	0.00566
11	0.01247	0.01069	0.01247	0.00891	0.01426	0.00802	0.00713	0.01515	0.01247	0.01960	0.01069	0.01247	0.00891	0.00446	0.00446	0.00089	0.00446	0.00356	0.00356	0.82536
12	0.01207	0.03112	0.75741	0.01715	0.02604	0.01397	0.02223	0.01905	0.01270	0.01905	0.01080	0.01270	0.00762	0.00572	0.00572	0.00191	0.00889	0.00445	0.00254	0.00889
13	0.01301	0.06161	0.61211	0.01754	0.05286	0.01470	0.04395	0.05095	0.04201	0.01994	0.01145	0.01323	0.00828	0.00582	0.00572	0.00188	0.00850	0.00465	0.00287	0.00892
14	0.00772	0.00545	0.00710	0.00811	0.00844	0.00528	0.00534	0.00864	0.01081	0.01450	0.02894	0.57386	0.03422	0.17757	0.07113	0.00369	0.00495	0.01457	0.00501	0.00467
15	0.51810	0.01450	0.01254	0.01110	0.03855	0.07388	0.00867	0.21462	0.01586	0.02879	0.01022	0.01131	0.00773	0.00608	0.00456	0.00182	0.00576	0.00397	0.00428	0.00767
16	0.83108	0.01163	0.00884	0.00791	0.01163	0.01350	0.00651	0.01768	0.01024	0.02699	0.00838	0.00977	0.00651	0.00558	0.00372	0.00186	0.00465	0.00326	0.00372	0.00651
17	0.02643	0.01036	0.01394	0.01078	0.01537	0.00913	0.00887	0.02944	0.05103	0.72108	0.02377	0.02057	0.01505	0.00748	0.00605	0.00187	0.00510	0.00608	0.00738	0.01020
18	0.78890	0.01173	0.00922	0.00814	0.01191	0.01351	0.00670	0.03656	0.01089	0.04641	0.00894	0.01018	0.00683	0.00568	0.00384	0.00186	0.00472	0.00339	0.00388	0.00671
19	0.00772	0.00552	0.00743	0.00883	0.00935	0.00522	0.00627	0.00906	0.01190	0.01580	0.03294	0.66552	0.03893	0.01848	0.00778	0.00250	0.00383	0.13236	0.00558	0.00499
20	0.01608	0.79220	0.03152	0.01029	0.01544	0.02380	0.01029	0.01801	0.01222	0.01415	0.00836	0.00965	0.00772	0.00515	0.00386	0.00129	0.00643	0.00322	0.00257	0.00772
21	0.00859	0.00645	0.00967	0.00967	0.01074	0.00752	0.00752	0.01074	0.00967	0.01396	0.01611	0.02363	0.01504	0.04512	0.76474	0.00967	0.01611	0.00645	0.00322	0.00537
22	0.00733	0.00524	0.00698	0.00838	0.00873	0.00489	0.00558	0.00838	0.01152	0.01536	0.03316	0.78466	0.03979	0.01885	0.00768	0.00244	0.00349	0.01710	0.00558	0.00489
23	0.02699	0.01024	0.01396	0.01070	0.01536	0.00884	0.00884	0.02932	0.01722	0.75522	0.02373	0.02048	0.01489	0.00745	0.00605	0.00186	0.00512	0.00605	0.00745	0.01024
24	0.00859	0.00645	0.00967	0.00967	0.01074	0.00752	0.00752	0.01074	0.00967	0.01396	0.01611	0.02363	0.01504	0.04512	0.76474	0.00967	0.01611	0.00645	0.00322	0.00537
25	0.02364	0.01337	0.01556	0.01203	0.01653	0.01373	0.00990	0.39399	0.02278	0.32882	0.03856	0.01809	0.01363	0.00744	0.00598	0.00181	0.00574	0.00583	0.04266	0.00990
26	0.00715	0.00592	0.00628	0.00656	0.00825	0.00504	0.00478	0.00858	0.01326	0.01607	0.05526	0.20659	0.60359	0.01597	0.00723	0.00212	0.00314	0.01360	0.00559	0.00504
27	0.02699	0.01024	0.01396	0.01070	0.01536	0.00884	0.00884	0.02932	0.01722	0.75522	0.02373	0.02048	0.01489	0.00745	0.00605	0.00186	0.00512	0.00605	0.00745	0.01024
28	0.00925	0.00662	0.00913	0.01014	0.01144	0.00650	0.00853	0.01189	0.01429	0.01901	0.17621	0.12456	0.03952	0.01594	0.00801	0.00256	0.00482	0.51029	0.00576	0.00551
29	0.01207	0.03112	0.75741	0.01715	0.02604	0.01397	0.02223	0.01905	0.01270	0.01905	0.01080	0.01270	0.00762	0.00572	0.00572	0.00191	0.00889	0.00445	0.00254	0.00889
30	0.01207	0.03112	0.75741	0.01715	0.02604	0.01397	0.02223	0.01905	0.01270	0.01905	0.01080	0.01270	0.00762	0.00572	0.00572	0.00191	0.00889	0.00445	0.00254	0.00889
31	0.00712	0.00606	0.00613	0.00619	0.00815	0.00507	0.00462	0.00862	0.01361	0.01621	0.05971	0.09000	0.71731	0.01539	0.00713	0.00205	0.00307	0.01289	0.00559	0.00507
32	0.02287	0.01685	0.01805	0.01384	0.01866	0.01866	0.01143	0.73100	0.02828	0.03791	0.01444	0.01444	0.01023	0.00722	0.00602	0.00181	0.00662	0.00542	0.00602	0.01023
33	0.01136	0.01069	0.01804	0.77412	0.04143	0.01337	0.01671	0.01537	0.01203	0.01537	0.01069	0.01604	0.00802	0.00601	0.00601	0.00200	0.00802	0.00535	0.00267	0.00668
34	0.80723	0.01159	0.00899	0.00799	0.01174	0.01336	0.00658	0.01803	0.01044	0.04858	0.00883	0.01009	0.00676	0.00564	0.00379	0.00186	0.00467	0.00334	0.00383	0.00663
35	0.01121	0.00561	0.00561	0.00561	0.00701	0.00561	0.00421	0.01402	0.01262	0.02243	0.01962	0.02243	0.01542	0.00701	0.00421	0.00140	0.00280	0.00561	0.82198	0.00561
36	0.02699	0.01024	0.01396	0.01070	0.01536	0.00884	0.00884	0.02932	0.01722	0.75522	0.02373	0.02048	0.01489	0.00745	0.00605	0.00186	0.00512	0.00605	0.00745	0.01024
37	0.02287	0.01685	0.01805	0.01384	0.01866	0.01866	0.01143	0.73100	0.02828	0.03791	0.01444	0.01444	0.01023	0.00722	0.00602	0.00181	0.00662	0.00542	0.00602	0.01023
38	0.01529	0.01285	0.01361	0.01220	0.01564	0.01479	0.00950	0.03189	0.72035	0.04520	0.02446	0.02239	0.01827	0.00814	0.00612	0.00204	0.00477	0.00678	0.00616	0.00954
39	0.83108	0.01163	0.00884	0.00791	0.01163	0.01350	0.00651	0.01768	0.01024	0.02699	0.00838	0.00977	0.00651	0.00558	0.00372	0.00186	0.00465	0.00326	0.00372	0.00651
40	0.01008	0.00650	0.00851	0.00780	0.00952	0.00594	0.00592	0.01284	0.01697	0.08705	0.66890	0.04314	0.06973	0.01195	0.00701	0.00189	0.00304	0.01051	0.00667	0.00606
41	0.00728	0.00610	0.00633	0.00627	0.00823	0.00515	0.00471	0.00897	0.01412	0.01721	0.14477	0.05631	0.66419	0.01488	0.00711	0.00201	0.00302	0.01247	0.00571	0.00515
42	0.01007	0.00690	0.00956	0.01048	0.01198	0.00678	0.00900	0.01284	0.01449	0.04338	0.15059	0.06248	0.03765	0.01560	0.00803	0.00259	0.00508	0.57099	0.00578	0.00572
43	0.02287	0.01685	0.01805	0.01384	0.01866	0.01866	0.01143	0.73100	0.02828	0.03791	0.01444	0.01444	0.01023	0.00722	0.00602	0.00181	0.00662	0.00542	0.00602	0.01023
44	0.00851	0.00615	0.00804	0.00757	0.00899	0.00568	0.00568	0.01135	0.01703	0.02412	0.74788	0.04494	0.05676	0.01230	0.00710	0.00189	0.00284	0.01088	0.00662	0.00568
45	0.02247	0.02867	0.01705	0.01550	0.01860	0.76443	0.01162	0.02402	0.01705	0.01472	0.00930	0.01085	0.00775	0.00620	0.00542	0.00155	0.01085	0.00387	0.00310	0.00697
46	0.02247	0.02867	0.01705	0.01550	0.01860	0.76443	0.01162	0.02402	0.01705	0.01472	0.00930	0.01085	0.00775	0.00620	0.00542	0.00155	0.01085	0.00387	0.00310	0.00697
47	0.02256	0.01670	0.01788	0.01378	0.01854	0.01851	0.01136	0.70356	0.05623	0.03741	0.01484	0.01476	0.01055	0.00726	0.00602	0.00181	0.00655	0.00547	0.00602	0.01020
48	0.00733	0.00524	0.00698	0.00838	0.00873	0.00489	0.00558	0.00838	0.01152	0.01536	0.03316	0.78466	0.03979	0.01885	0.00768	0.00244	0.00349	0.01710	0.00558	0.00489
49	0.00859	0.00645	0.00967	0.00967	0.01074	0.00752	0.00752	0.01074	0.00967	0.01396	0.01611	0.02363	0.01504	0.04512	0.76474	0.00967	0.01611	0.00645	0.00322	0.00537
50	0.00729	0.00538	0.00683	0.00800	0.00863	0.00492	0.00542	0.00842	0.01188	0.01551	0.03777	0.66387	0.15760	0.01825	0.00758	0.00237	0.00342	0.01637	0.00558	0.00492
51	0.80464	0.01159	0.00901	0.00800	0.01176	0.01334	0.00659	0.01807	0.01047	0.05093	0.00888	0.01012	0.00679	0.00565	0.00380	0.00186	0.00467	0.00335	0.00385	0.00664
52	0.01247	0.01069	0.01247	0.00891	0.01426	0.00802	0.00713	0.01515	0.01247	0.01960	0.01069	0.01247	0.00891	0.00446	0.00446	0.00089	0.00446	0.00356	0.00356	0.82536
53	0.00717	0.00607	0.00619	0.00621	0.00818	0.00510	0.00464	0.00873	0.01378	0.01654	0.08717	0.07667	0.70266	0.01522	0.00712	0.00204	0.00305	0.01274	0.00563	0.00510
54	0.00749	0.00535	0.00716	0.00855	0.00897	0.00502	0.00586	0.00865	0.01167	0.01553	0.03307	0.73740	0.03945	0.01870	0.00772	0.00246	0.00363	0.06283	0.00558	0.00493
55	0.01514	0.01437	0.02422	0.03619	0.72784	0.01443	0.01824	0.04105	0.01416	0.02023	0.01141	0.01487	0.00955	0.00542	0.00596	0.00179	0.00713	0.00536	0.00307	0.00955
56	0.00891	0.00617	0.00729	0.00719	0.00728	0.00647	0.00435	0.00914	0.00885	0.01197	0.01828	0.03698	0.02073	0.69407	0.09333	0.00604	0.03703	0.00841	0.00357	0.00391
57	0.81088	0.01160	0.00897	0.00798	0.01173	0.01338	0.00657	0.01798	0.01041	0.04528	0.00876	0.01004	0.00673	0.00563	0.00378	0.00186	0.00467	0.00333	0.00382	0.00661
58	0.02168	0.01682	0.01735	0.01368	0.01821	0.05298	0.01116	0.59432	0.13328	0.03494	0.01569	0.01546	0.01132	0.00731	0.00601	0.00183	0.00654	0.00555	0.00590	0.00997
59	0.01470	0.01956	0.25621	0.02706	0.38371	0.01395	0.08312	0.03646	0.01394	0.05822	0.01194	0.01454	0.00917	0.00558	0.00596	0.00183	0.00779	0.00522	0.00317	0.02789
60	0.01261	0.02930	0.67783	0.01809	0.04992	0.01393	0.05988	0.01927	0.01292	0.03553	0.01118	0.01314	0.00793	0.00571	0.00581	0.00191	0.00882	0.00465	0.00269	0.00890
61	0.01420	0.01623	0.03550	0.02535	0.03144	0.01521	0.72921	0.01927	0.01420	0.01927	0.01217	0.01623	0.00913	0.00507	0.00710	0.00203	0.01014	0.00710	0.00304	0.00811
62	0.01489	0.01429	0.02442	0.03692	0.75106	0.01429	0.01846	0.01846	0.01370	0.01965	0.01132	0.01489	0.00953	0.00536	0.00596	0.00179	0.00715	0.00536	0.00298	0.00953
63	0.01395	0.04466	0.02957	0.07242	0.19356	0.01511	0.42006	0.01809	0.01343	0.01844	0.01212	0.04070	0.01002	0.00605	0.00758	0.00200	0.06445	0.00664	0.00304	0.00812
64	0.01426	0.01482	0.02971	0.08690	0.23919	0.01439	0.43342	0.01865	0.01388	0.03444	0.01261	0.03630	0.01009	0.00564	0.00668	0.00196	0.00883	0.00670	0.00315	0.00837
65	0.01045	0.00522	0.00784	0.00784	0.00784	0.00522	0.00522	0.00784	0.00784	0.01045	0.01045	0.01829	0.01045	0.02090	0.02351	0.82497	0.00522	0.00522	0.00261	0.00261
66	0.00764	0.00612	0.00683	0.00665	0.00845	0.00531	0.00499	0.00966	0.01497	0.01924	0.32146	0.05298	0.48623	0.01412	0.00710	0.00198	0.00297	0.01201	0.00598	0.00531
67	0.01638	0.01353	0.01506	0.01291	0.01665	0.01534	0.03640	0.13090	0.59293	0.04605	0.02258	0.02102	0.01677	0.00789	0.00614	0.00200	0.00523	0.00660	0.00603	0.00959
68	0.01247	0.01069	0.01247	0.00891	0.01426	0.00802	0.00713	0.01515	0.01247	0.01960	0.01069	0.01247	0.00891	0.00446	0.00446	0.00089	0.00446	0.00356	0.00356	0.82536
69	0.00875	0.00583	0.00656	0.00656	0.00656	0.00583	0.00365	0.00875	0.00875	0.01166	0.01895	0.03937	0.02187	0.78858	0.03062	0.00583	0.00583	0.00875	0.00365	0.00365
70	0.01482	0.01264	0.01329	0.01198	0.01530	0.01460	0.00931	0.03126	0.71161	0.02506	0.02429	0.02244	0.01825	0.00812	0.00605	0.00202	0.00468	0.00675	0.03817	0.00937
71	0.11469	0.01647	0.01603	0.01294	0.01723	0.08653	0.01048	0.44386	0.13922	0.05990	0.01524	0.01509	0.01106	0.00710	0.00572	0.00183	0.00643	0.00527	0.00555	0.00939
72	0.83108	0.01163	0.00884	0.00791	0.01163	0.01350	0.00651	0.01768	0.01024	0.02699	0.00838	0.00977	0.00651	0.00558	0.00372	0.00186	0.00465	0.00326	0.00372	0.00651
73	0.01546	0.67483	0.14347	0.01135	0.01707	0.02229	0.01213	0.01817	0.01230	0.01491	0.00874	0.01012	0.00770	0.00523	0.00415	0.00138	0.00681	0.00341	0.00257	0.00790

[dist]
# distance from previous block
# <min> <max>
0	1

[block]
# block no. 1 follows, 38 sequences, length 12
# corresponding to MSA columns:
# 207-218
name=unknown_B
#
# <colnr> <probs for GDERKNQSTAVLIFYWHMCP>
#	G	D	E	R	K	N	Q	S	T	A	V	L	I	F	Y	W	H	M	C	P
0	0.00730	0.00606	0.00639	0.00639	0.00827	0.00515	0.00476	0.00897	0.01403	0.01722	0.14812	0.09110	0.62546	0.01503	0.00714	0.00203	0.00304	0.01267	0.00572	0.00515
1	0.83108	0.01163	0.00884	0.00791	0.01163	0.01350	0.00651	0.01768	0.01024	0.02699	0.00838	0.00977	0.00651	0.00558	0.00372	0.00186	0.00465	0.00326	0.00372	0.00651
2	0.01121	0.00561	0.00561	0.00561	0.00701	0.00561	0.00421	0.01402	0.01262	0.02243	0.01962	0.02243	0.01542	0.00701	0.00421	0.00140	0.00280	0.00561	0.82198	0.00561
3	0.00875	0.00583	0.00656	0.00656	0.00656	0.00583	0.00365	0.00875	0.00875	0.01166	0.01895	0.03937	0.02187	0.78858	0.03062	0.00583	0.00583	0.00875	0.00365	0.00365
4	0.02699	0.01024	0.01396	0.01070	0.01536	0.00884	0.00884	0.02932	0.01722	0.75522	0.02373	0.02048	0.01489	0.00745	0.00605	0.00186	0.00512	0.00605	0.00745	0.01024
5	0.00733	0.00524	0.00698	0.00838	0.00873	0.00489	0.00558	0.00838	0.01152	0.01536	0.03316	0.78466	0.03979	0.01885	0.00768	0.00244	0.00349	0.01710	0.00558	0.00489
6	0.02287	0.01685	0.01805	0.01384	0.01866	0.01866	0.01143	0.73100	0.02828	0.03791	0.01444	0.01444	0.01023	0.00722	0.00602	0.00181	0.00662	0.00542	0.00602	0.01023
7	0.01207	0.03112	0.75741	0.01715	0.02604	0.01397	0.02223	0.01905	0.01270	0.01905	0.01080	0.01270	0.00762	0.00572	0.00572	0.00191	0.00889	0.00445	0.00254	0.00889
8	0.01247	0.01069	0.01247	0.00891	0.01426	0.00802	0.00713	0.01515	0.01247	0.01960	0.01069	0.01247	0.00891	0.00446	0.00446	0.00089	0.00446	0.00356	0.00356	0.82536
9	0.73684	0.10189	0.01146	0.00819	0.01207	0.01469	0.00695	0.01772	0.01047	0.02551	0.00837	0.00976	0.00665	0.00553	0.00374	0.00179	0.00486	0.00325	0.00359	0.00665
10	0.02083	0.02569	0.01695	0.01529	0.01805	0.62189	0.01164	0.02351	0.07044	0.01548	0.01028	0.01199	0.00856	0.00685	0.00713	0.00171	0.09905	0.00425	0.00327	0.00712
11	0.67634	0.01233	0.01026	0.00892	0.01275	0.01420	0.00731	0.10124	0.06714	0.02812	0.01029	0.01126	0.00783	0.00597	0.00417	0.00187	0.00489	0.00377	0.00417	0.00717

[dist]
# distance from previous block
# <min> <max>
5	9

[block]
# block no. 2 follows, 38 sequences, length 6
# corresponding to MSA columns:
# 231-236
name=unknown_C
#
# <colnr> <probs for GDERKNQSTAVLIFYWHMCP>
#	G	D	E	R	K	N	Q	S	T	A	V	L	I	F	Y	W	H	M	C	P
0	0.17241	0.01072	0.01272	0.00993	0.01448	0.00986	0.00813	0.02468	0.05158	0.44761	0.01852	0.01712	0.01241	0.00658	0.00533	0.00169	0.00489	0.00511	0.00597	0.16026
1	0.01996	0.01422	0.01572	0.01227	0.01690	0.01487	0.00998	0.38809	0.15574	0.11522	0.01668	0.01626	0.01203	0.00691	0.00575	0.00169	0.00570	0.00540	0.00575	0.16085
2	0.01310	0.01126	0.01340	0.15228	0.01918	0.01295	0.01014	0.02508	0.47178	0.02316	0.15572	0.02542	0.02355	0.00853	0.00628	0.00201	0.00501	0.00729	0.00558	0.00829
3	0.01261	0.01029	0.01135	0.01000	0.01286	0.01068	0.00756	0.04863	0.32878	0.02119	0.06075	0.05367	0.04545	0.15289	0.01055	0.00255	0.00480	0.03154	0.00516	0.15869
4	0.02699	0.01024	0.01396	0.01070	0.01536	0.00884	0.00884	0.02932	0.01722	0.75522	0.02373	0.02048	0.01489	0.00745	0.00605	0.00186	0.00512	0.00605	0.00745	0.01024
5	0.01094	0.00904	0.01430	0.25757	0.04365	0.01029	0.06616	0.01354	0.01192	0.01707	0.04516	0.16031	0.01743	0.01005	0.00854	0.04922	0.08591	0.00791	0.15492	0.00606

[dist]
# distance from previous block
# <min> <max>
0	9

[block]
# block no. 3 follows, 38 sequences, length 14
# corresponding to MSA columns:
# 246-259
name=unknown_D
#
# <colnr> <probs for GDERKNQSTAVLIFYWHMCP>
#	G	D	E	R	K	N	Q	S	T	A	V	L	I	F	Y	W	H	M	C	P
0	0.83108	0.01163	0.00884	0.00791	0.01163	0.01350	0.00651	0.01768	0.01024	0.02699	0.00838	0.00977	0.00651	0.00558	0.00372	0.00186	0.00465	0.00326	0.00372	0.00651
1	0.01411	0.01305	0.01814	0.01424	0.01876	0.01312	0.16819	0.02456	0.38075	0.02234	0.01799	0.01835	0.01374	0.00647	0.00588	0.00172	0.00587	0.00598	0.00474	0.23200
2	0.01180	0.01018	0.01592	0.02213	0.38348	0.01008	0.01159	0.01424	0.01308	0.01846	0.17646	0.02823	0.02336	0.22078	0.01294	0.00291	0.00583	0.00751	0.00397	0.00707
3	0.42442	0.01117	0.01158	0.00944	0.01364	0.01150	0.00779	0.04934	0.01417	0.36880	0.01580	0.01496	0.01058	0.00652	0.00490	0.00186	0.00494	0.00465	0.00555	0.00840
4	0.00977	0.00531	0.00711	0.00749	0.00790	0.00522	0.00510	0.00935	0.00990	0.01444	0.01868	0.22849	0.01956	0.01726	0.01491	0.41804	0.00422	0.00855	0.18481	0.00390
5	0.00965	0.01395	0.21268	0.00974	0.01437	0.00816	0.00996	0.01292	0.01316	0.01776	0.03612	0.03550	0.38251	0.01025	0.00614	0.00174	0.00495	0.00842	0.00431	0.18770
6	0.01413	0.01130	0.01183	0.01077	0.01373	0.01289	0.00834	0.02799	0.57913	0.02456	0.02341	0.02244	0.01771	0.00791	0.00570	0.00190	0.00433	0.00654	0.18673	0.00866
7	0.02204	0.02015	0.01544	0.01347	0.01706	0.39218	0.01040	0.02723	0.17718	0.21925	0.01660	0.01604	0.01205	0.00697	0.00575	0.00174	0.00794	0.00512	0.00496	0.00843
8	0.24400	0.01347	0.01409	0.01117	0.01550	0.01450	0.00920	0.34884	0.02022	0.19453	0.01508	0.01486	0.01048	0.00682	0.00532	0.00182	0.00558	0.00498	0.04053	0.00902
9	0.01066	0.00533	0.00723	0.00723	0.00761	0.00533	0.00495	0.00952	0.00914	0.01372	0.01295	0.01942	0.01181	0.01711	0.01824	0.60007	0.00456	0.00533	0.22637	0.00343
10	0.01310	0.14396	0.27408	0.01385	0.01893	0.01545	0.01449	0.01677	0.01162	0.01714	0.00959	0.01229	0.00800	0.00666	0.00897	0.00178	0.21743	0.00428	0.00280	0.18881
11	0.24657	0.01062	0.01256	0.00994	0.01434	0.01011	0.00821	0.02614	0.01531	0.55636	0.01954	0.01755	0.01260	0.00694	0.00541	0.00186	0.00499	0.00529	0.00643	0.00922
12	0.01788	0.01405	0.01712	0.22161	0.04285	0.01601	0.01256	0.34334	0.18076	0.04817	0.01582	0.01683	0.01154	0.00706	0.00604	0.00191	0.00656	0.00572	0.00509	0.00909
13	0.42457	0.01093	0.01143	0.00932	0.01352	0.01114	0.00769	0.02356	0.01377	0.39515	0.01614	0.01518	0.01075	0.00653	0.00490	0.00186	0.00489	0.00467	0.00560	0.00840

[dist]
# distance from previous block
# <min> <max>
0	1

[block]
# block no. 4 follows, 38 sequences, length 10
# corresponding to MSA columns:
# 261-270
name=unknown_E
#
# <colnr> <probs for GDERKNQSTAVLIFYWHMCP>
#	G	D	E	R	K	N	Q	S	T	A	V	L	I	F	Y	W	H	M	C	P
0	0.19536	0.00752	0.00802	0.00739	0.00954	0.00758	0.00572	0.01423	0.01452	0.06692	0.36941	0.03179	0.06424	0.00961	0.00572	0.00179	0.00338	0.00794	0.16323	0.00609
1	0.01059	0.00843	0.01006	0.00881	0.01144	0.00795	0.00674	0.01603	0.15519	0.02285	0.40506	0.07181	0.03769	0.01007	0.00634	0.00172	0.00361	0.00877	0.00578	0.19103
2	0.00890	0.00605	0.00729	0.00766	0.00798	0.00604	0.00509	0.00957	0.01002	0.01325	0.02248	0.07808	0.02552	0.58132	0.02460	0.00500	0.00566	0.16721	0.00416	0.00413
3	0.02326	0.01182	0.01460	0.01106	0.01589	0.01089	0.00910	0.18466	0.01880	0.45175	0.01913	0.01757	0.01269	0.00682	0.00573	0.00166	0.00533	0.00543	0.00638	0.16745
4	0.01705	0.01419	0.01847	0.16531	0.18736	0.01581	0.01360	0.27350	0.18375	0.02655	0.01530	0.01667	0.01150	0.00678	0.00603	0.00189	0.00659	0.00570	0.00471	0.00923
5	0.01833	0.01445	0.01542	0.01279	0.01676	0.01628	0.01024	0.35172	0.38463	0.03097	0.04896	0.01968	0.01618	0.00790	0.00611	0.00193	0.00554	0.00633	0.00609	0.00969
6	0.19920	0.39343	0.02055	0.00970	0.01341	0.05627	0.00858	0.04514	0.01183	0.01732	0.00906	0.01160	0.00808	0.00842	0.00779	0.16032	0.00604	0.00374	0.00301	0.00653
7	0.01623	0.01248	0.02194	0.29009	0.19500	0.01291	0.15275	0.01997	0.01400	0.18377	0.01406	0.01681	0.01012	0.00601	0.00622	0.00193	0.00758	0.00585	0.00389	0.00841
8	0.03563	0.01117	0.01376	0.15818	0.03581	0.01212	0.01008	0.22733	0.04839	0.12950	0.01752	0.06275	0.01361	0.00761	0.00566	0.00181	0.00552	0.00623	0.18925	0.00806
9	0.00926	0.00747	0.01047	0.03574	0.01248	0.00664	0.04871	0.01135	0.01297	0.01823	0.16394	0.39653	0.03321	0.01309	0.00675	0.00195	0.00413	0.01186	0.00508	0.19012

[dist]
# distance from previous block
# <min> <max>
0	3

[block]
# block no. 5 follows, 38 sequences, length 7
# corresponding to MSA columns:
# 274-280
name=unknown_F
#
# <colnr> <probs for GDERKNQSTAVLIFYWHMCP>
#	G	D	E	R	K	N	Q	S	T	A	V	L	I	F	Y	W	H	M	C	P
0	0.11281	0.01428	0.02540	0.02310	0.19284	0.01421	0.32559	0.01797	0.01295	0.01991	0.01095	0.01441	0.00877	0.00561	0.00723	0.00187	0.07644	0.00564	0.00314	0.10691
1	0.01722	0.02020	0.01626	0.10641	0.01954	0.41511	0.01185	0.01895	0.01402	0.01482	0.01204	0.10554	0.01169	0.00867	0.00897	0.00195	0.18096	0.00596	0.00324	0.00660
2	0.01446	0.01656	0.11437	0.03314	0.57642	0.01437	0.10484	0.01863	0.01364	0.01953	0.01136	0.01479	0.00925	0.00537	0.00606	0.00183	0.00772	0.00546	0.00293	0.00928
3	0.67065	0.01267	0.01067	0.00909	0.01303	0.01452	0.00749	0.15927	0.01382	0.02916	0.00958	0.01070	0.00725	0.00591	0.00418	0.00185	0.00504	0.00369	0.00418	0.00725
4	0.00711	0.00609	0.00609	0.00609	0.00813	0.00508	0.00457	0.00863	0.01371	0.01625	0.06094	0.05789	0.74862	0.01524	0.00711	0.00203	0.00305	0.01270	0.00559	0.00508
5	0.02033	0.01582	0.01779	0.01411	0.01786	0.01833	0.01163	0.53512	0.07915	0.03228	0.01391	0.01480	0.01039	0.00795	0.00875	0.00199	0.15950	0.00549	0.00535	0.00945
6	0.02617	0.01155	0.01477	0.01133	0.01601	0.01079	0.00936	0.16859	0.01941	0.61284	0.02189	0.01928	0.01397	0.00740	0.00604	0.00185	0.00542	0.00592	0.00716	0.01024

[dist]
# distance from previous block
# <min> <max>
0	1

[block]
# block no. 6 follows, 38 sequences, length 52
# corresponding to MSA columns:
# 282-333
name=unknown_G
#
# <colnr> <probs for GDERKNQSTAVLIFYWHMCP>
#	G	D	E	R	K	N	Q	S	T	A	V	L	I	F	Y	W	H	M	C	P
0	0.00733	0.00524	0.00698	0.00838	0.00873	0.00489	0.00558	0.00838	0.01152	0.01536	0.03316	0.78466	0.03979	0.01885	0.00768	0.00244	0.00349	0.01710	0.00558	0.00489
1	0.00839	0.00615	0.00791	0.00749	0.00896	0.00567	0.00563	0.01109	0.01653	0.02314	0.66611	0.04551	0.11767	0.01347	0.02797	0.00212	0.00322	0.01092	0.00644	0.00561
2	0.01246	0.01143	0.03940	0.00921	0.01468	0.00823	0.00767	0.01529	0.01248	0.01958	0.01070	0.01248	0.00886	0.00450	0.00450	0.00093	0.00462	0.00360	0.00353	0.79585
3	0.00969	0.00692	0.00969	0.01108	0.01246	0.00692	0.00969	0.01246	0.01385	0.01800	0.03185	0.06786	0.03462	0.01662	0.00831	0.00277	0.00554	0.71057	0.00554	0.00554
4	0.01247	0.01069	0.01247	0.00891	0.01426	0.00802	0.00713	0.01515	0.01247	0.01960	0.01069	0.01247	0.00891	0.00446	0.00446	0.00089	0.00446	0.00356	0.00356	0.82536
5	0.01452	0.01279	0.01428	0.01279	0.01558	0.01530	0.01013	0.02853	0.59922	0.02320	0.02197	0.02221	0.01711	0.00879	0.00842	0.00216	0.13192	0.02662	0.00553	0.00892
6	0.01321	0.01084	0.01267	0.00910	0.01441	0.00833	0.00730	0.03486	0.01305	0.04333	0.01121	0.01278	0.00913	0.00462	0.00455	0.00095	0.00453	0.00369	0.00375	0.77768
7	0.83108	0.01163	0.00884	0.00791	0.01163	0.01350	0.00651	0.01768	0.01024	0.02699	0.00838	0.00977	0.00651	0.00558	0.00372	0.00186	0.00465	0.00326	0.00372	0.00651
8	0.00733	0.00524	0.00698	0.00838	0.00873	0.00489	0.00558	0.00838	0.01152	0.01536	0.03316	0.78466	0.03979	0.01885	0.00768	0.00244	0.00349	0.01710	0.00558	0.00489
9	0.01804	0.01445	0.01534	0.01287	0.01682	0.01640	0.01027	0.30431	0.46283	0.03013	0.02057	0.01933	0.01519	0.00780	0.00608	0.00195	0.00549	0.00626	0.00608	0.00980
10	0.00733	0.00524	0.00698	0.00838	0.00873	0.00489	0.00558	0.00838	0.01152	0.01536	0.03316	0.78466	0.03979	0.01885	0.00768	0.00244	0.00349	0.01710	0.00558	0.00489
11	0.83108	0.01163	0.00884	0.00791	0.01163	0.01350	0.00651	0.01768	0.01024	0.02699	0.00838	0.00977	0.00651	0.00558	0.00372	0.00186	0.00465	0.00326	0.00372	0.00651
12	0.01489	0.01429	0.02442	0.03692	0.75106	0.01429	0.01846	0.01846	0.01370	0.01965	0.01132	0.01489	0.00953	0.00536	0.00596	0.00179	0.00715	0.00536	0.00298	0.00953
13	0.01489	0.01429	0.02442	0.03692	0.75106	0.01429	0.01846	0.01846	0.01370	0.01965	0.01132	0.01489	0.00953	0.00536	0.00596	0.00179	0.00715	0.00536	0.00298	0.00953
14	0.01207	0.03112	0.75741	0.01715	0.02604	0.01397	0.02223	0.01905	0.01270	0.01905	0.01080	0.01270	0.00762	0.00572	0.00572	0.00191	0.00889	0.00445	0.00254	0.00889
15	0.01591	0.75849	0.06368	0.01060	0.01591	0.02337	0.01082	0.01806	0.01224	0.01437	0.00847	0.00979	0.00772	0.00517	0.00394	0.00131	0.00654	0.00327	0.00257	0.00777
16	0.01489	0.01429	0.02442	0.03692	0.75106	0.01429	0.01846	0.01846	0.01370	0.01965	0.01132	0.01489	0.00953	0.00536	0.00596	0.00179	0.00715	0.00536	0.00298	0.00953
17	0.00749	0.00535	0.00717	0.00856	0.00898	0.00503	0.00587	0.00866	0.01168	0.01554	0.03307	0.73511	0.03943	0.01869	0.00772	0.00247	0.00363	0.06504	0.00558	0.00493
18	0.83108	0.01163	0.00884	0.00791	0.01163	0.01350	0.00651	0.01768	0.01024	0.02699	0.00838	0.00977	0.00651	0.00558	0.00372	0.00186	0.00465	0.00326	0.00372	0.00651
19	0.00711	0.00609	0.00609	0.00609	0.00813	0.00508	0.00457	0.00863	0.01371	0.01625	0.06094	0.05789	0.74862	0.01524	0.00711	0.00203	0.00305	0.01270	0.00559	0.00508
20	0.01153	0.01086	0.01834	0.73973	0.07454	0.01341	0.01679	0.01551	0.01211	0.01557	0.01072	0.01598	0.00809	0.00598	0.00601	0.00199	0.00798	0.00535	0.00269	0.00682
21	0.13957	0.01043	0.01324	0.01031	0.01484	0.00949	0.00852	0.02769	0.01624	0.65327	0.02158	0.01898	0.01372	0.00719	0.00572	0.00186	0.00505	0.00566	0.00692	0.00972
22	0.02287	0.01685	0.01805	0.01384	0.01866	0.01866	0.01143	0.73100	0.02828	0.03791	0.01444	0.01444	0.01023	0.00722	0.00602	0.00181	0.00662	0.00542	0.00602	0.01023
23	0.02287	0.01685	0.01805	0.01384	0.01866	0.01866	0.01143	0.73100	0.02828	0.03791	0.01444	0.01444	0.01023	0.00722	0.00602	0.00181	0.00662	0.00542	0.00602	0.01023
24	0.01496	0.01292	0.01360	0.01224	0.01564	0.01496	0.00952	0.03197	0.74019	0.02516	0.02448	0.02244	0.01836	0.00816	0.00612	0.00204	0.00476	0.00680	0.00612	0.00952
25	0.02699	0.01024	0.01396	0.01070	0.01536	0.00884	0.00884	0.02932	0.01722	0.75522	0.02373	0.02048	0.01489	0.00745	0.00605	0.00186	0.00512	0.00605	0.00745	0.01024
26	0.02248	0.02831	0.01708	0.01545	0.01860	0.74193	0.01162	0.04536	0.01739	0.01542	0.00945	0.01096	0.00782	0.00623	0.00544	0.00156	0.01072	0.00392	0.00319	0.00707
27	0.00729	0.00538	0.00683	0.00800	0.00863	0.00492	0.00542	0.00842	0.01188	0.01550	0.03773	0.66509	0.15640	0.01825	0.00758	0.00238	0.00342	0.01638	0.00558	0.00492
28	0.00711	0.00609	0.00609	0.00609	0.00813	0.00508	0.00457	0.00863	0.01371	0.01625	0.06094	0.05789	0.74862	0.01524	0.00711	0.00203	0.00305	0.01270	0.00559	0.00508
29	0.00851	0.00573	0.00663	0.00686	0.00692	0.00568	0.00396	0.00869	0.00920	0.01227	0.02129	0.16198	0.02482	0.66195	0.02684	0.00527	0.00545	0.01012	0.00396	0.00385
30	0.01207	0.03112	0.75741	0.01715	0.02604	0.01397	0.02223	0.01905	0.01270	0.01905	0.01080	0.01270	0.00762	0.00572	0.00572	0.00191	0.00889	0.00445	0.00254	0.00889
31	0.01608	0.79220	0.03152	0.01029	0.01544	0.02380	0.01029	0.01801	0.01222	0.01415	0.00836	0.00965	0.00772	0.00515	0.00386	0.00129	0.00643	0.00322	0.00257	0.00772
32	0.01121	0.00561	0.00561	0.00561	0.00701	0.00561	0.00421	0.01402	0.01262	0.02243	0.01962	0.02243	0.01542	0.00701	0.00421	0.00140	0.00280	0.00561	0.82198	0.00561
33	0.01159	0.01097	0.01826	0.69888	0.06069	0.01375	0.01651	0.01540	0.01188	0.01543	0.01051	0.01580	0.00806	0.00631	0.00698	0.00204	0.06214	0.00534	0.00268	0.00676
34	0.00711	0.00609	0.00609	0.00609	0.00813	0.00508	0.00457	0.00863	0.01371	0.01625	0.06094	0.05789	0.74862	0.01524	0.00711	0.00203	0.00305	0.01270	0.00559	0.00508
35	0.01247	0.01069	0.01247	0.00891	0.01426	0.00802	0.00713	0.01515	0.01247	0.01960	0.01069	0.01247	0.00891	0.00446	0.00446	0.00089	0.00446	0.00356	0.00356	0.82536
36	0.01330	0.01245	0.02093	0.10416	0.55969	0.01266	0.01617	0.01650	0.01318	0.01853	0.01485	0.14164	0.01436	0.00764	0.00624	0.00192	0.00663	0.00729	0.00338	0.00849
37	0.11206	0.43645	0.15088	0.01230	0.01761	0.07063	0.03802	0.01883	0.01252	0.04014	0.00945	0.01098	0.00785	0.00564	0.00504	0.00157	0.03557	0.00378	0.00291	0.00778
38	0.02166	0.02340	0.01710	0.01473	0.01817	0.46811	0.01144	0.24696	0.02000	0.02202	0.01117	0.01262	0.00885	0.00836	0.03882	0.00202	0.03810	0.00452	0.00401	0.00792
39	0.00840	0.00585	0.00750	0.00839	0.00940	0.00539	0.00611	0.00990	0.01268	0.04362	0.06619	0.49141	0.16920	0.01718	0.00758	0.00237	0.00373	0.11415	0.00569	0.00524
40	0.00733	0.00524	0.00698	0.00838	0.00873	0.00489	0.00558	0.00838	0.01152	0.01536	0.03316	0.78466	0.03979	0.01885	0.00768	0.00244	0.00349	0.01710	0.00558	0.00489
41	0.83108	0.01163	0.00884	0.00791	0.01163	0.01350	0.00651	0.01768	0.01024	0.02699	0.00838	0.00977	0.00651	0.00558	0.00372	0.00186	0.00465	0.00326	0.00372	0.00651
42	0.04540	0.02643	0.55773	0.01669	0.02461	0.01375	0.08863	0.05021	0.01342	0.02027	0.01099	0.01298	0.00795	0.00560	0.00567	0.00182	0.00835	0.00462	0.00288	0.08201
43	0.01162	0.01058	0.03446	0.13510	0.01832	0.00889	0.00902	0.01497	0.04124	0.01849	0.01454	0.12674	0.01363	0.00701	0.00529	0.00138	0.00504	0.00600	0.00379	0.51391
44	0.83108	0.01163	0.00884	0.00791	0.01163	0.01350	0.00651	0.01768	0.01024	0.02699	0.00838	0.00977	0.00651	0.00558	0.00372	0.00186	0.00465	0.00326	0.00372	0.00651
45	0.01204	0.00811	0.01135	0.01154	0.01355	0.00808	0.03601	0.04565	0.04354	0.08605	0.02944	0.10983	0.03056	0.01478	0.00783	0.00257	0.00554	0.51150	0.00567	0.00637
46	0.83108	0.01163	0.00884	0.00791	0.01163	0.01350	0.00651	0.01768	0.01024	0.02699	0.00838	0.00977	0.00651	0.00558	0.00372	0.00186	0.00465	0.00326	0.00372	0.00651
47	0.00875	0.00583	0.00656	0.00656	0.00656	0.00583	0.00365	0.00875	0.00875	0.01166	0.01895	0.03937	0.02187	0.78858	0.03062	0.00583	0.00583	0.00875	0.00365	0.00365
48	0.01489	0.01429	0.02442	0.03692	0.75106	0.01429	0.01846	0.01846	0.01370	0.01965	0.01132	0.01489	0.00953	0.00536	0.00596	0.00179	0.00715	0.00536	0.00298	0.00953
49	0.00711	0.00609	0.00609	0.00609	0.00813	0.00508	0.00457	0.00863	0.01371	0.01625	0.06094	0.05789	0.74862	0.01524	0.00711	0.00203	0.00305	0.01270	0.00559	0.00508
50	0.02699	0.01024	0.01396	0.01070	0.01536	0.00884	0.00884	0.02932	0.01722	0.75522	0.02373	0.02048	0.01489	0.00745	0.00605	0.00186	0.00512	0.00605	0.00745	0.01024
51	0.00969	0.00692	0.00969	0.01108	0.01246	0.00692	0.00969	0.01246	0.01385	0.01800	0.03185	0.06786	0.03462	0.01662	0.00831	0.00277	0.00554	0.71057	0.00554	0.00554

[dist]
# distance from previous block
# <min> <max>
0	24

[block]
# block no. 7 follows, 38 sequences, length 7
# corresponding to MSA columns:
# 358-364
name=unknown_H
#
# <colnr> <probs for GDERKNQSTAVLIFYWHMCP>
#	G	D	E	R	K	N	Q	S	T	A	V	L	I	F	Y	W	H	M	C	P
0	0.01460	0.01744	0.09129	0.02395	0.03018	0.01534	0.62636	0.06595	0.01500	0.02048	0.01221	0.01583	0.00908	0.00526	0.00692	0.00200	0.00981	0.00678	0.00320	0.00831
1	0.01566	0.01327	0.01400	0.01238	0.01591	0.01529	0.00969	0.09405	0.67697	0.02630	0.02359	0.02173	0.01764	0.00808	0.00611	0.00202	0.00493	0.00668	0.00611	0.00958
2	0.00733	0.00524	0.00698	0.00838	0.00873	0.00489	0.00558	0.00838	0.01152	0.01536	0.03316	0.78466	0.03979	0.01885	0.00768	0.00244	0.00349	0.01710	0.00558	0.00489
3	0.01608	0.79220	0.03152	0.01029	0.01544	0.02380	0.01029	0.01801	0.01222	0.01415	0.00836	0.00965	0.00772	0.00515	0.00386	0.00129	0.00643	0.00322	0.00257	0.00772
4	0.10419	0.00914	0.01106	0.01109	0.01345	0.00957	0.00948	0.10130	0.04944	0.06976	0.02627	0.04976	0.02651	0.01327	0.00727	0.00246	0.00551	0.46822	0.00555	0.00670
5	0.83108	0.01163	0.00884	0.00791	0.01163	0.01350	0.00651	0.01768	0.01024	0.02699	0.00838	0.00977	0.00651	0.00558	0.00372	0.00186	0.00465	0.00326	0.00372	0.00651
6	0.01136	0.01069	0.01804	0.77412	0.04143	0.01337	0.01671	0.01537	0.01203	0.01537	0.01069	0.01604	0.00802	0.00601	0.00601	0.00200	0.00802	0.00535	0.00267	0.00668

[dist]
# distance from previous block
# <min> <max>
0	6

[block]
# block no. 8 follows, 38 sequences, length 10
# corresponding to MSA columns:
# 371-380
name=unknown_I
#
# <colnr> <probs for GDERKNQSTAVLIFYWHMCP>
#	G	D	E	R	K	N	Q	S	T	A	V	L	I	F	Y	W	H	M	C	P
0	0.02787	0.01104	0.01471	0.01146	0.01615	0.00950	0.00931	0.02984	0.01784	0.74260	0.02465	0.02193	0.01588	0.00819	0.00653	0.00207	0.00551	0.00640	0.00776	0.01077
1	0.00733	0.00524	0.00698	0.00838	0.00873	0.00489	0.00558	0.00838	0.01152	0.01536	0.03316	0.78466	0.03979	0.01885	0.00768	0.00244	0.00349	0.01710	0.00558	0.00489
2	0.83108	0.01163	0.00884	0.00791	0.01163	0.01350	0.00651	0.01768	0.01024	0.02699	0.00838	0.00977	0.00651	0.00558	0.00372	0.00186	0.00465	0.00326	0.00372	0.00651
3	0.00711	0.00609	0.00609	0.00609	0.00813	0.00508	0.00457	0.00863	0.01371	0.01625	0.06094	0.05789	0.74862	0.01524	0.00711	0.00203	0.00305	0.01270	0.00559	0.00508
4	0.08619	0.01070	0.01380	0.01067	0.01526	0.00971	0.00881	0.06608	0.01730	0.66295	0.02210	0.01936	0.01402	0.00730	0.00588	0.00186	0.00516	0.00581	0.00709	0.00996
5	0.01420	0.01623	0.03550	0.02535	0.03144	0.01521	0.72921	0.01927	0.01420	0.01927	0.01217	0.01623	0.00913	0.00507	0.00710	0.00203	0.01014	0.00710	0.00304	0.00811
6	0.02497	0.01069	0.01390	0.01096	0.01540	0.00987	0.00896	0.02976	0.13870	0.63255	0.02386	0.02081	0.01547	0.00757	0.00606	0.00189	0.00506	0.00618	0.00722	0.01012
7	0.02636	0.01125	0.01459	0.01118	0.01586	0.01034	0.00924	0.13644	0.01891	0.64571	0.02231	0.01955	0.01418	0.00741	0.00604	0.00185	0.00535	0.00595	0.00723	0.01024
8	0.00733	0.00524	0.00698	0.00838	0.00873	0.00489	0.00558	0.00838	0.01152	0.01536	0.03316	0.78466	0.03979	0.01885	0.00768	0.00244	0.00349	0.01710	0.00558	0.00489
9	0.01568	0.71555	0.10464	0.01098	0.01651	0.02281	0.01150	0.01812	0.01227	0.01465	0.00861	0.00996	0.00771	0.00520	0.00405	0.00135	0.00668	0.00334	0.00257	0.00784

[dist]
# distance from previous block
# <min> <max>
0	25

[block]
# block no. 9 follows, 38 sequences, length 99
# corresponding to MSA columns:
# 406-504
name=unknown_J
#
# <colnr> <probs for GDERKNQSTAVLIFYWHMCP>
#	G	D	E	R	K	N	Q	S	T	A	V	L	I	F	Y	W	H	M	C	P
0	0.00860	0.00616	0.00788	0.00920	0.00966	0.00564	0.00613	0.00931	0.01226	0.01648	0.03391	0.77161	0.04032	0.01939	0.00814	0.00265	0.00392	0.01725	0.00595	0.00553
1	0.02789	0.01106	0.01473	0.01148	0.01617	0.00952	0.00932	0.02985	0.01786	0.74226	0.02467	0.02197	0.01590	0.00821	0.00655	0.00208	0.00552	0.00641	0.00777	0.01078
2	0.01719	0.77815	0.03196	0.01108	0.01625	0.02420	0.01075	0.01876	0.01296	0.01530	0.00959	0.01135	0.00887	0.00595	0.00440	0.00151	0.00681	0.00363	0.00299	0.00831
3	0.01092	0.00781	0.01054	0.01185	0.01333	0.00764	0.01016	0.01332	0.01455	0.01907	0.03263	0.06845	0.03526	0.01720	0.00876	0.00297	0.00593	0.69752	0.00590	0.00617
4	0.02789	0.01106	0.01473	0.01148	0.01617	0.00952	0.00932	0.02985	0.01786	0.74226	0.02467	0.02197	0.01590	0.00821	0.00655	0.00208	0.00552	0.00641	0.00777	0.01078
5	0.00885	0.00635	0.00810	0.00903	0.00972	0.00580	0.00614	0.00992	0.01340	0.01828	0.18116	0.61921	0.04382	0.01804	0.00802	0.00253	0.00379	0.01597	0.00616	0.00569
6	0.02789	0.01106	0.01473	0.01148	0.01617	0.00952	0.00932	0.02985	0.01786	0.74226	0.02467	0.02197	0.01590	0.00821	0.00655	0.00208	0.00552	0.00641	0.00777	0.01078
7	0.00857	0.00629	0.00774	0.00883	0.00957	0.00567	0.00596	0.00935	0.01262	0.01662	0.03837	0.65516	0.15390	0.01881	0.00805	0.00258	0.00385	0.01654	0.00595	0.00556
8	0.01325	0.03155	0.74404	0.01780	0.02664	0.01455	0.02245	0.01978	0.01343	0.02010	0.01198	0.01434	0.00877	0.00651	0.00622	0.00212	0.00922	0.00484	0.00296	0.00946
9	0.05779	0.01733	0.01836	0.01431	0.01911	0.01893	0.01166	0.68822	0.02795	0.03814	0.01530	0.01585	0.01117	0.00792	0.00642	0.00202	0.00691	0.00570	0.00628	0.01062
10	0.02776	0.01127	0.01485	0.01158	0.01627	0.00982	0.00940	0.05126	0.01819	0.72038	0.02439	0.02178	0.01576	0.00820	0.00655	0.00208	0.00557	0.00639	0.00773	0.01078
11	0.01256	0.01151	0.01873	0.76038	0.04175	0.01396	0.01704	0.01617	0.01277	0.01649	0.01188	0.01762	0.00916	0.00680	0.00651	0.00222	0.00837	0.00572	0.00309	0.00729
12	0.00860	0.00616	0.00788	0.00920	0.00966	0.00564	0.00613	0.00931	0.01226	0.01648	0.03391	0.77161	0.04032	0.01939	0.00814	0.00265	0.00392	0.01725	0.00595	0.00553
13	0.00860	0.00616	0.00788	0.00920	0.00966	0.00564	0.00613	0.00931	0.01226	0.01648	0.03391	0.77161	0.04032	0.01939	0.00814	0.00265	0.00392	0.01725	0.00595	0.00553
14	0.01609	0.01370	0.01438	0.01299	0.01645	0.01553	0.00999	0.03245	0.72707	0.02610	0.02541	0.02390	0.01931	0.00891	0.00662	0.00225	0.00517	0.00715	0.00647	0.01008
15	0.01166	0.00615	0.00872	0.00867	0.00879	0.00597	0.00577	0.00878	0.00865	0.01166	0.01164	0.01982	0.01154	0.02140	0.02368	0.80953	0.00562	0.00560	0.00303	0.00330
16	0.01312	0.01209	0.01976	0.64226	0.15545	0.01411	0.01732	0.01666	0.01303	0.01718	0.01198	0.01743	0.00940	0.00670	0.00650	0.00218	0.00823	0.00572	0.00314	0.00775
17	0.02789	0.01106	0.01473	0.01148	0.01617	0.00952	0.00932	0.02985	0.01786	0.74226	0.02467	0.02197	0.01590	0.00821	0.00655	0.00208	0.00552	0.00641	0.00777	0.01078
18	0.02758	0.01156	0.01504	0.01172	0.01641	0.01026	0.00952	0.08243	0.01869	0.68851	0.02397	0.02152	0.01555	0.00819	0.00654	0.00207	0.00563	0.00636	0.00767	0.01078
19	0.01048	0.00750	0.01002	0.01124	0.01255	0.00725	0.00929	0.01261	0.01434	0.01897	0.06995	0.18211	0.03723	0.01734	0.00860	0.00287	0.00546	0.55014	0.00597	0.00607
20	0.00867	0.00621	0.00796	0.00928	0.00978	0.00570	0.00625	0.00943	0.01234	0.01656	0.03387	0.74985	0.04017	0.01932	0.00816	0.00266	0.00399	0.03830	0.00595	0.00555
21	0.01560	0.01462	0.02424	0.12424	0.65409	0.01476	0.01855	0.01884	0.01421	0.02019	0.01242	0.01662	0.01046	0.00624	0.00646	0.00203	0.00761	0.00573	0.00335	0.00975
22	0.01719	0.77815	0.03196	0.01108	0.01625	0.02420	0.01075	0.01876	0.01296	0.01530	0.00959	0.01135	0.00887	0.00595	0.00440	0.00151	0.00681	0.00363	0.00299	0.00831
23	0.02360	0.04902	0.01808	0.01599	0.03936	0.58684	0.01186	0.05464	0.01794	0.10450	0.01246	0.01389	0.00989	0.00712	0.00600	0.00182	0.01005	0.00462	0.00413	0.00820
24	0.11758	0.01477	0.02336	0.03327	0.62583	0.01480	0.03703	0.01913	0.01399	0.02159	0.01215	0.01589	0.01026	0.00618	0.00621	0.00202	0.00728	0.00552	0.00348	0.00967
25	0.01582	0.01491	0.02497	0.07509	0.68096	0.01485	0.03855	0.01907	0.01433	0.02046	0.01248	0.01659	0.01055	0.00619	0.00649	0.00202	0.00764	0.00578	0.00338	0.00990
26	0.01479	0.01147	0.01339	0.00986	0.01517	0.00878	0.00777	0.01706	0.01358	0.07841	0.01290	0.01475	0.01050	0.00551	0.00511	0.00120	0.00492	0.00417	0.00427	0.74637
27	0.00998	0.00678	0.00766	0.00761	0.00779	0.00667	0.00446	0.00979	0.00960	0.01299	0.01981	0.03955	0.02234	0.72959	0.07497	0.00620	0.00684	0.00892	0.00402	0.00442
28	0.03798	0.01170	0.01214	0.01109	0.01416	0.01260	0.00848	0.04447	0.46551	0.02404	0.05636	0.03367	0.21948	0.01086	0.00684	0.00223	0.00469	0.00874	0.00627	0.00868
29	0.01602	0.01504	0.02499	0.03721	0.73787	0.01487	0.01876	0.01920	0.01440	0.02069	0.01249	0.01649	0.01064	0.00616	0.00645	0.00200	0.00751	0.00573	0.00339	0.01008
30	0.01325	0.03155	0.74404	0.01780	0.02664	0.01455	0.02245	0.01978	0.01343	0.02010	0.01198	0.01434	0.00877	0.00651	0.00622	0.00212	0.00922	0.00484	0.00296	0.00946
31	0.02758	0.01155	0.01503	0.01172	0.01641	0.01025	0.00951	0.08187	0.01868	0.68908	0.02398	0.02152	0.01556	0.00819	0.00654	0.00207	0.00563	0.00636	0.00767	0.01078
32	0.02789	0.01106	0.01473	0.01148	0.01617	0.00952	0.00932	0.02985	0.01786	0.74226	0.02467	0.02197	0.01590	0.00821	0.00655	0.00208	0.00552	0.00641	0.00777	0.01078
33	0.01092	0.00781	0.01054	0.01185	0.01333	0.00764	0.01016	0.01332	0.01455	0.01907	0.03263	0.06845	0.03526	0.01720	0.00876	0.00297	0.00593	0.69752	0.00590	0.00617
34	0.02773	0.01132	0.01489	0.01160	0.01629	0.00990	0.00942	0.05679	0.01828	0.71472	0.02431	0.02174	0.01572	0.00820	0.00654	0.00208	0.00558	0.00638	0.00772	0.01078
35	0.01602	0.01504	0.02499	0.03721	0.73787	0.01487	0.01876	0.01920	0.01440	0.02069	0.01249	0.01649	0.01064	0.00616	0.00645	0.00200	0.00751	0.00573	0.00339	0.01008
36	0.00860	0.00616	0.00788	0.00920	0.00966	0.00564	0.00613	0.00931	0.01226	0.01648	0.03391	0.77161	0.04032	0.01939	0.00814	0.00265	0.00392	0.01725	0.00595	0.00553
37	0.02776	0.01127	0.01486	0.01158	0.01627	0.00983	0.00940	0.05158	0.01820	0.72006	0.02438	0.02178	0.01576	0.00820	0.00655	0.00208	0.00557	0.00639	0.00773	0.01078
