[name]
unknown

[dist]
# distance from previous block
# <min> <max>
7	108

[block]
# block no. 0 follows, 40 sequences, length 11
# corresponding to MSA columns:
# 108-118
name=unknown_A
#
# <colnr> <probs for GDERKNQSTAVLIFYWHMCP>
#	G	D	E	R	K	N	Q	S	T	A	V	L	I	F	Y	W	H	M	C	P
0	0.02363	0.01177	0.01440	0.01146	0.01576	0.01149	0.00928	0.14263	0.15854	0.50052	0.02206	0.01988	0.01476	0.00763	0.00607	0.00192	0.00529	0.00605	0.00688	0.01000
1	0.01136	0.00582	0.00582	0.00580	0.00720	0.00574	0.00431	0.01391	0.01251	0.02211	0.01942	0.02232	0.01534	0.00711	0.00430	0.00145	0.00290	0.00558	0.82129	0.00569
2	0.01996	0.00957	0.01221	0.01033	0.01364	0.00892	0.00809	0.07119	0.07546	0.43750	0.06369	0.19928	0.02249	0.01036	0.00648	0.00203	0.00471	0.00873	0.00669	0.00865
3	0.00803	0.00631	0.00712	0.00690	0.00864	0.00549	0.00513	0.00991	0.01498	0.01955	0.36672	0.05079	0.44153	0.01374	0.00707	0.00200	0.00305	0.01160	0.00600	0.00544
4	0.01136	0.00582	0.00582	0.00580	0.00720	0.00574	0.00431	0.01391	0.01251	0.02211	0.01942	0.02232	0.01534	0.00711	0.00430	0.00145	0.00290	0.00558	0.82129	0.00569
5	0.01430	0.01166	0.01325	0.01016	0.01442	0.01103	0.00810	0.17607	0.08694	0.02262	0.01284	0.01521	0.01058	0.05890	0.00723	0.00157	0.04327	0.00457	0.00417	0.47310
6	0.01307	0.01223	0.01669	0.01432	0.01491	0.01647	0.01186	0.08438	0.01076	0.01614	0.00927	0.01415	0.00874	0.01417	0.11488	0.00334	0.60986	0.00525	0.00294	0.00655
7	0.01098	0.01034	0.01744	0.78165	0.04005	0.01292	0.01615	0.01486	0.01163	0.01486	0.01034	0.01550	0.00775	0.00581	0.00581	0.00194	0.00775	0.00517	0.00258	0.00646
8	0.01206	0.01034	0.01206	0.00861	0.01378	0.00775	0.00689	0.01464	0.01206	0.01895	0.01034	0.01206	0.00861	0.00431	0.00431	0.00086	0.00431	0.00345	0.00345	0.83118
9	0.00821	0.00703	0.04194	0.00755	0.00933	0.00578	0.00608	0.01098	0.01586	0.02212	0.63326	0.04363	0.14248	0.01196	0.00680	0.00185	0.00303	0.01046	0.00609	0.00555
10	0.00773	0.00533	0.00656	0.00728	0.00746	0.00515	0.00452	0.00826	0.00988	0.01318	0.02564	0.44002	0.03038	0.38106	0.01777	0.00389	0.00443	0.01276	0.00452	0.00416

[dist]
# distance from previous block
# <min> <max>
0	1

[block]
# block no. 1 follows, 40 sequences, length 6
# corresponding to MSA columns:
# 120-125
name=unknown_B
#
# <colnr> <probs for GDERKNQSTAVLIFYWHMCP>
#	G	D	E	R	K	N	Q	S	T	A	V	L	I	F	Y	W	H	M	C	P
0	0.01446	0.01249	0.01315	0.01183	0.01512	0.01446	0.00920	0.03090	0.74885	0.02433	0.02367	0.02170	0.01775	0.00789	0.00592	0.00197	0.00460	0.00657	0.00592	0.00920
1	0.00730	0.00536	0.00686	0.00765	0.00841	0.00491	0.00529	0.00875	0.01255	0.01678	0.19100	0.53669	0.13421	0.01641	0.00723	0.00220	0.00318	0.01469	0.00561	0.00491
2	0.01918	0.31187	0.13184	0.01122	0.01643	0.01516	0.01105	0.02290	0.06306	0.31931	0.01550	0.01484	0.01095	0.00615	0.00500	0.00161	0.00595	0.00463	0.00462	0.00874
3	0.00963	0.00707	0.00945	0.01030	0.01181	0.00717	0.00878	0.01347	0.07571	0.01887	0.13819	0.05860	0.03533	0.01476	0.00768	0.00249	0.00490	0.55455	0.00556	0.00570
4	0.00709	0.00506	0.00675	0.00810	0.00843	0.00472	0.00540	0.00810	0.01113	0.01484	0.03205	0.79184	0.03846	0.01822	0.00742	0.00236	0.00337	0.01653	0.00540	0.00472
5	0.01640	0.01196	0.01318	0.01142	0.01487	0.01325	0.00900	0.08899	0.52725	0.13531	0.07443	0.02229	0.01921	0.00799	0.00596	0.00192	0.00467	0.00663	0.00613	0.00910

[dist]
# distance from previous block
# <min> <max>
0	45

[block]
# block no. 2 follows, 40 sequences, length 30
# corresponding to MSA columns:
# 171-200
name=unknown_C
#
# <colnr> <probs for GDERKNQSTAVLIFYWHMCP>
#	G	D	E	R	K	N	Q	S	T	A	V	L	I	F	Y	W	H	M	C	P
0	0.10910	0.01432	0.01920	0.02345	0.37250	0.01466	0.01361	0.19623	0.05381	0.02521	0.01286	0.01512	0.01029	0.00632	0.00579	0.00184	0.00643	0.00516	0.00421	0.08989
1	0.14622	0.05753	0.01441	0.01088	0.01482	0.01291	0.00884	0.21318	0.04824	0.26874	0.07092	0.03338	0.01587	0.00788	0.00578	0.00192	0.00534	0.00594	0.04826	0.00896
2	0.01634	0.02231	0.38469	0.01508	0.02180	0.01398	0.04457	0.19661	0.01689	0.07777	0.01317	0.01462	0.00962	0.00643	0.00590	0.00185	0.00751	0.00493	0.00411	0.12182
3	0.02609	0.00990	0.01350	0.01035	0.01484	0.00855	0.00855	0.02834	0.01664	0.76338	0.02294	0.01979	0.01439	0.00720	0.00585	0.00180	0.00495	0.00585	0.00720	0.00990
4	0.01206	0.01034	0.01206	0.00861	0.01378	0.00775	0.00689	0.01464	0.01206	0.01895	0.01034	0.01206	0.00861	0.00431	0.00431	0.00086	0.00431	0.00345	0.00345	0.83118
5	0.00709	0.00506	0.00675	0.00810	0.00843	0.00472	0.00540	0.00810	0.01113	0.01484	0.03205	0.79184	0.03846	0.01822	0.00742	0.00236	0.00337	0.01653	0.00540	0.00472
6	0.00709	0.00506	0.00675	0.00810	0.00843	0.00472	0.00540	0.00810	0.01113	0.01484	0.03205	0.79184	0.03846	0.01822	0.00742	0.00236	0.00337	0.01653	0.00540	0.00472
7	0.01533	0.01108	0.05040	0.01071	0.01401	0.01071	0.00884	0.02430	0.35291	0.19405	0.10537	0.08186	0.04867	0.00935	0.00621	0.00197	0.00457	0.03535	0.00601	0.00830
8	0.01386	0.01532	0.03242	0.07892	0.03060	0.01471	0.65684	0.04721	0.01412	0.01908	0.01175	0.01560	0.00879	0.00505	0.00674	0.00195	0.00952	0.00667	0.00303	0.00782
9	0.01446	0.01249	0.01315	0.01183	0.01512	0.01446	0.00920	0.03090	0.74885	0.02433	0.02367	0.02170	0.01775	0.00789	0.00592	0.00197	0.00460	0.00657	0.00592	0.00920
10	0.01112	0.01061	0.01829	0.74350	0.03956	0.01301	0.05254	0.01505	0.01173	0.01505	0.01041	0.01551	0.00781	0.00577	0.00587	0.00194	0.00786	0.00525	0.00260	0.00653
11	0.00994	0.00853	0.01329	0.11229	0.24723	0.00865	0.01046	0.01202	0.01176	0.01594	0.02292	0.37126	0.05367	0.06513	0.00818	0.00232	0.00516	0.01085	0.00413	0.00627
12	0.00759	0.00638	0.00667	0.00673	0.00859	0.00575	0.00499	0.01036	0.07976	0.01637	0.05206	0.15285	0.59222	0.01458	0.00686	0.00202	0.00315	0.01233	0.00545	0.00527
13	0.01531	0.01230	0.01317	0.01173	0.01510	0.01404	0.00916	0.03072	0.69580	0.07787	0.02362	0.02156	0.01751	0.00784	0.00591	0.00196	0.00463	0.00652	0.00601	0.00925
14	0.01344	0.01484	0.02961	0.02188	0.02608	0.01559	0.53163	0.01731	0.01235	0.01731	0.01059	0.01484	0.00848	0.00640	0.01034	0.00213	0.23056	0.00636	0.00283	0.00742
15	0.01900	0.01699	0.01741	0.01425	0.01713	0.14032	0.01162	0.38822	0.01960	0.02566	0.01110	0.01300	0.00877	0.00786	0.01003	0.00196	0.25961	0.00495	0.00430	0.00823
16	0.02609	0.00990	0.01350	0.01035	0.01484	0.00855	0.00855	0.02834	0.01664	0.76338	0.02294	0.01979	0.01439	0.00720	0.00585	0.00180	0.00495	0.00585	0.00720	0.00990
17	0.00709	0.00506	0.00675	0.00810	0.00843	0.00472	0.00540	0.00810	0.01113	0.01484	0.03205	0.79184	0.03846	0.01822	0.00742	0.00236	0.00337	0.01653	0.00540	0.00472
18	0.01019	0.00928	0.01296	0.04250	0.01326	0.01190	0.00966	0.01145	0.00999	0.01440	0.01841	0.35316	0.02110	0.01352	0.01346	0.00244	0.41278	0.01009	0.00379	0.00565
19	0.01234	0.01172	0.01989	0.48555	0.32557	0.01328	0.01682	0.01604	0.01227	0.01650	0.01058	0.01506	0.00833	0.00556	0.00579	0.00185	0.00742	0.00517	0.00270	0.00755
20	0.02303	0.01090	0.01364	0.01088	0.01510	0.01054	0.00885	0.07010	0.19576	0.54120	0.02260	0.01992	0.01495	0.00735	0.00586	0.00184	0.00495	0.00599	0.00681	0.00973
21	0.01412	0.00965	0.01165	0.00895	0.01318	0.00803	0.00713	0.01776	0.07174	0.15534	0.14525	0.01976	0.01854	0.00645	0.00516	0.00129	0.00417	0.00538	0.00484	0.47160
22	0.01297	0.04146	0.01583	0.01220	0.01495	0.05611	0.02429	0.01494	0.01093	0.01624	0.00916	0.01246	0.00822	0.00781	0.02743	0.00184	0.33918	0.00428	0.00298	0.36671
23	0.00831	0.00623	0.00935	0.00935	0.01038	0.00727	0.00727	0.01038	0.00935	0.01350	0.01558	0.02285	0.01454	0.04361	0.77259	0.00935	0.01558	0.00623	0.00312	0.00519
24	0.02177	0.02643	0.01659	0.01480	0.01798	0.68757	0.01122	0.10372	0.01770	0.01675	0.00955	0.01088	0.00776	0.00610	0.00531	0.00153	0.01003	0.00391	0.00331	0.00710
25	0.02211	0.01629	0.01745	0.01338	0.01803	0.01803	0.01105	0.73997	0.02734	0.03665	0.01396	0.01396	0.00989	0.00698	0.00582	0.00175	0.00640	0.00524	0.00582	0.00989
26	0.01085	0.00568	0.00604	0.04576	0.00850	0.00581	0.00469	0.01362	0.01217	0.02133	0.01852	0.02136	0.01453	0.00673	0.00416	0.00139	0.00297	0.00541	0.78502	0.00547
27	0.01155	0.00736	0.00855	0.00786	0.00899	0.00856	0.00621	0.03205	0.01183	0.02031	0.01626	0.01944	0.01312	0.00756	0.00753	0.00164	0.18095	0.00534	0.61913	0.00575
28	0.01222	0.01132	0.01844	0.59981	0.10318	0.01345	0.04369	0.05802	0.05062	0.01713	0.01134	0.01564	0.00856	0.00589	0.00585	0.00191	0.00751	0.00531	0.00298	0.00711
29	0.01186	0.01127	0.01887	0.56747	0.20242	0.01341	0.01634	0.01549	0.01184	0.01575	0.01032	0.01509	0.00808	0.00592	0.00657	0.00193	0.05249	0.00517	0.00265	0.00708

[dist]
# distance from previous block
# <min> <max>
35	129

# created by:
# /software/SequenceAnalysis/GenePrediction/augustus/3.0.1/scripts/msa2prfl.pl ./fixed/BUSCOvEOG7D2851.fas
