[name]
unknown

[dist]
# distance from previous block
# <min> <max>
0	74

[block]
# block no. 0 follows, 39 sequences, length 208
# corresponding to MSA columns:
# 80-287
name=unknown_A
#
# <colnr> <probs for GDERKNQSTAVLIFYWHMCP>
#	G	D	E	R	K	N	Q	S	T	A	V	L	I	F	Y	W	H	M	C	P
0	0.01485	0.00951	0.01192	0.01208	0.01391	0.00908	0.00948	0.01679	0.08099	0.09862	0.02861	0.09123	0.04177	0.01695	0.01151	0.15177	0.00611	0.36140	0.00610	0.00732
1	0.00814	0.00556	0.00669	0.00715	0.00730	0.00549	0.00435	0.00855	0.00953	0.01274	0.02313	0.28498	0.02706	0.51072	0.04905	0.00477	0.00534	0.01122	0.00420	0.00405
2	0.01245	0.01042	0.01139	0.01048	0.01313	0.01158	0.00804	0.02434	0.50059	0.02350	0.19057	0.07568	0.06288	0.00992	0.00637	0.00200	0.00410	0.00849	0.00607	0.00802
3	0.00786	0.00549	0.00691	0.00752	0.00794	0.00524	0.00489	0.00886	0.01138	0.01542	0.15280	0.41796	0.03633	0.26654	0.01471	0.00338	0.00406	0.01311	0.00505	0.00455
4	0.00886	0.00554	0.00720	0.00804	0.00881	0.00516	0.00555	0.01026	0.01209	0.06195	0.07209	0.61659	0.03602	0.01623	0.00705	0.00223	0.00342	0.01459	0.09307	0.00525
5	0.02264	0.01511	0.01670	0.01294	0.01754	0.01633	0.01064	0.55659	0.07835	0.16651	0.01657	0.01584	0.01147	0.00721	0.00593	0.00180	0.00611	0.00554	0.00618	0.01001
6	0.02179	0.01413	0.01589	0.01233	0.01667	0.01503	0.01012	0.51554	0.02443	0.18167	0.09476	0.01859	0.01586	0.00768	0.00604	0.00179	0.00581	0.00602	0.00626	0.00958
7	0.06217	0.00790	0.00941	0.00829	0.01056	0.00767	0.00644	0.09033	0.01722	0.09857	0.48857	0.03765	0.11021	0.01095	0.00656	0.00186	0.00354	0.00936	0.00626	0.00650
8	0.01494	0.01107	0.01216	0.01070	0.01389	0.01201	0.00838	0.06921	0.44392	0.11167	0.10558	0.02812	0.11420	0.00920	0.00623	0.00195	0.00442	0.00768	0.00615	0.00853
9	0.02653	0.01006	0.01372	0.01052	0.01510	0.00869	0.00869	0.02882	0.01693	0.75937	0.02333	0.02013	0.01464	0.00732	0.00595	0.00183	0.00503	0.00595	0.00732	0.01006
10	0.02396	0.01079	0.01357	0.01057	0.01481	0.01019	0.00868	0.15464	0.03017	0.53870	0.02127	0.01930	0.01392	0.00725	0.00575	0.00177	0.00505	0.00580	0.09426	0.00957
11	0.00890	0.00595	0.00779	0.00783	0.00906	0.00546	0.00568	0.01101	0.01475	0.06043	0.43781	0.30184	0.07269	0.01417	0.00712	0.00205	0.00314	0.01263	0.00616	0.00553
12	0.02248	0.01656	0.01775	0.01361	0.01834	0.01834	0.01124	0.73556	0.02780	0.03727	0.01420	0.01420	0.01006	0.00710	0.00592	0.00177	0.00651	0.00532	0.00592	0.01006
13	0.83394	0.01144	0.00869	0.00778	0.01144	0.01327	0.00640	0.01738	0.01006	0.02653	0.00823	0.00961	0.00640	0.00549	0.00366	0.00183	0.00457	0.00320	0.00366	0.00640
14	0.00736	0.00521	0.00682	0.00803	0.00834	0.00491	0.00528	0.00828	0.01102	0.01469	0.03102	0.70392	0.03713	0.10562	0.01009	0.00278	0.00369	0.01589	0.00528	0.00467
15	0.00762	0.00545	0.00734	0.00871	0.00924	0.00516	0.00622	0.00896	0.01174	0.01557	0.03236	0.65824	0.03820	0.01813	0.00766	0.00246	0.00379	0.14274	0.00548	0.00492
16	0.00840	0.00604	0.00805	0.00830	0.00950	0.00569	0.00638	0.01086	0.01512	0.02091	0.47301	0.18297	0.04828	0.01413	0.00733	0.00214	0.00346	0.15792	0.00611	0.00541
17	0.83394	0.01144	0.00869	0.00778	0.01144	0.01327	0.00640	0.01738	0.01006	0.02653	0.00823	0.00961	0.00640	0.00549	0.00366	0.00183	0.00457	0.00320	0.00366	0.00640
18	0.00845	0.00634	0.00950	0.00950	0.01056	0.00739	0.00739	0.01056	0.00950	0.01373	0.01584	0.02323	0.01478	0.04435	0.76873	0.00950	0.01584	0.00634	0.00317	0.00528
19	0.01186	0.03059	0.76153	0.01686	0.02560	0.01373	0.02185	0.01873	0.01249	0.01873	0.01061	0.01249	0.00749	0.00562	0.00562	0.00187	0.00874	0.00437	0.00250	0.00874
20	0.00786	0.00566	0.00759	0.00890	0.00961	0.00539	0.00661	0.00940	0.01207	0.01588	0.03338	0.55028	0.06790	0.01775	0.00770	0.00248	0.00399	0.21708	0.00548	0.00500
21	0.74738	0.01198	0.00966	0.00840	0.01217	0.01381	0.00692	0.09399	0.01196	0.02768	0.00887	0.01010	0.00679	0.00566	0.00390	0.00182	0.00478	0.00343	0.00390	0.00679
22	0.00719	0.00544	0.00664	0.00752	0.00841	0.00489	0.00519	0.00843	0.01220	0.01573	0.07135	0.53558	0.25568	0.01718	0.00735	0.00226	0.00327	0.01524	0.00553	0.00489
23	0.00838	0.00720	0.00732	0.00708	0.00932	0.00674	0.00537	0.01262	0.14526	0.01756	0.05345	0.05063	0.62043	0.01372	0.00681	0.00200	0.00330	0.01144	0.00559	0.00578
24	0.02248	0.01656	0.01775	0.01361	0.01834	0.01834	0.01124	0.73556	0.02780	0.03727	0.01420	0.01420	0.01006	0.00710	0.00592	0.00177	0.00651	0.00532	0.00592	0.01006
25	0.83394	0.01144	0.00869	0.00778	0.01144	0.01327	0.00640	0.01738	0.01006	0.02653	0.00823	0.00961	0.00640	0.00549	0.00366	0.00183	0.00457	0.00320	0.00366	0.00640
26	0.02326	0.00934	0.01268	0.00997	0.01397	0.00813	0.00813	0.02564	0.01689	0.62678	0.15470	0.02446	0.02206	0.00818	0.00613	0.00184	0.00463	0.00680	0.00717	0.00926
27	0.00725	0.00518	0.00691	0.00820	0.00859	0.00484	0.00549	0.00836	0.01155	0.01546	0.06309	0.75677	0.03982	0.01825	0.00752	0.00238	0.00340	0.01655	0.00553	0.00484
28	0.00721	0.00515	0.00686	0.00823	0.00858	0.00480	0.00549	0.00823	0.01132	0.01510	0.03259	0.78831	0.03911	0.01853	0.00755	0.00240	0.00343	0.01681	0.00549	0.00480
29	0.01396	0.01595	0.03490	0.02493	0.03091	0.01496	0.73380	0.01894	0.01396	0.01894	0.01196	0.01595	0.00897	0.00499	0.00698	0.00199	0.00997	0.00698	0.00299	0.00798
30	0.00719	0.00560	0.00656	0.00730	0.00844	0.00496	0.00518	0.00850	0.01240	0.01560	0.04510	0.42568	0.36707	0.01682	0.00731	0.00223	0.00330	0.04036	0.00549	0.00491
31	0.01298	0.01211	0.01992	0.48458	0.19063	0.01408	0.05041	0.06945	0.01332	0.01780	0.01084	0.01526	0.00841	0.00606	0.00668	0.00194	0.04974	0.00534	0.00295	0.00749
32	0.14493	0.09669	0.01535	0.01143	0.01529	0.01596	0.00932	0.16000	0.40089	0.04214	0.01803	0.01725	0.01353	0.00712	0.00539	0.00185	0.00519	0.00549	0.00529	0.00885
33	0.00765	0.00681	0.04983	0.00841	0.00954	0.00546	0.00636	0.00934	0.01247	0.01682	0.15437	0.56153	0.09646	0.01643	0.00730	0.00225	0.00359	0.01474	0.00549	0.00517
34	0.00729	0.00518	0.00684	0.00813	0.00845	0.00486	0.00537	0.00826	0.01116	0.01487	0.03174	0.74235	0.03803	0.06595	0.00893	0.00261	0.00357	0.01631	0.00537	0.00473
35	0.02199	0.01352	0.09026	0.01170	0.01637	0.02749	0.01035	0.12137	0.10653	0.44251	0.05959	0.01988	0.01576	0.00743	0.00596	0.00184	0.00557	0.00600	0.00635	0.00953
36	0.00721	0.00515	0.00686	0.00823	0.00858	0.00480	0.00549	0.00823	0.01132	0.01510	0.03259	0.78831	0.03911	0.01853	0.00755	0.00240	0.00343	0.01681	0.00549	0.00480
37	0.03621	0.01454	0.01538	0.01270	0.01672	0.01643	0.01020	0.37044	0.38326	0.03082	0.01897	0.01800	0.01395	0.00752	0.00592	0.00189	0.00556	0.00595	0.00592	0.00963
38	0.01102	0.00551	0.00551	0.00551	0.00689	0.00551	0.00413	0.01378	0.01240	0.02205	0.01929	0.02205	0.01516	0.00689	0.00413	0.00138	0.00276	0.00551	0.82500	0.00551
39	0.01280	0.01288	0.02121	0.16790	0.05066	0.01522	0.16703	0.01562	0.01115	0.01613	0.00962	0.01413	0.00821	0.00751	0.01200	0.00213	0.35303	0.00540	0.00279	0.09458
40	0.01233	0.02733	0.59976	0.01865	0.02678	0.01401	0.18034	0.01878	0.01281	0.01878	0.01091	0.01326	0.00782	0.00548	0.00592	0.00190	0.00901	0.00495	0.00261	0.00857
41	0.01396	0.01595	0.03490	0.02493	0.03091	0.01496	0.73380	0.01894	0.01396	0.01894	0.01196	0.01595	0.00897	0.00499	0.00698	0.00199	0.00997	0.00698	0.00299	0.00798
42	0.01186	0.03059	0.76153	0.01686	0.02560	0.01373	0.02185	0.01873	0.01249	0.01873	0.01061	0.01249	0.00749	0.00562	0.00562	0.00187	0.00874	0.00437	0.00250	0.00874
43	0.00937	0.00741	0.01146	0.01150	0.01322	0.00716	0.08563	0.01192	0.01323	0.01722	0.03189	0.19053	0.09281	0.01541	0.00783	0.00253	0.00536	0.45477	0.00520	0.00556
44	0.00813	0.00588	0.00768	0.00756	0.00877	0.00543	0.00554	0.01058	0.01570	0.02201	0.60905	0.17855	0.06630	0.01331	0.00708	0.00196	0.00291	0.01183	0.00631	0.00543
45	0.00837	0.00604	0.00790	0.00744	0.00883	0.00558	0.00558	0.01116	0.01674	0.02371	0.75216	0.04417	0.05580	0.01209	0.00697	0.00186	0.00279	0.01069	0.00651	0.00558
46	0.10904	0.01602	0.01678	0.01298	0.01760	0.01780	0.01072	0.65895	0.02591	0.03613	0.01356	0.01371	0.00967	0.00693	0.00568	0.00178	0.00630	0.00510	0.00568	0.00967
47	0.02315	0.01549	0.01708	0.01309	0.01780	0.01674	0.01082	0.61819	0.02600	0.15719	0.01571	0.01518	0.01082	0.00714	0.00592	0.00178	0.00626	0.00543	0.00615	0.01006
48	0.00830	0.00674	0.00992	0.01012	0.01077	0.00701	0.05102	0.00960	0.01121	0.01523	0.02838	0.64874	0.03354	0.01672	0.00892	0.00240	0.09636	0.01483	0.00499	0.00520
49	0.00730	0.00522	0.00694	0.00817	0.00860	0.00486	0.00550	0.00846	0.01174	0.01576	0.08839	0.73060	0.04041	0.01803	0.00750	0.00236	0.00338	0.01634	0.00557	0.00486
50	0.00715	0.00575	0.00632	0.00673	0.00817	0.00499	0.00483	0.00848	0.01268	0.01559	0.05009	0.26625	0.50959	0.04443	0.00801	0.00226	0.00326	0.02510	0.00542	0.00489
51	0.83394	0.01144	0.00869	0.00778	0.01144	0.01327	0.00640	0.01738	0.01006	0.02653	0.00823	0.00961	0.00640	0.00549	0.00366	0.00183	0.00457	0.00320	0.00366	0.00640
52	0.02653	0.01006	0.01372	0.01052	0.01510	0.00869	0.00869	0.02882	0.01693	0.75937	0.02333	0.02013	0.01464	0.00732	0.00595	0.00183	0.00503	0.00595	0.00732	0.01006
53	0.00771	0.00536	0.00671	0.00759	0.00781	0.00514	0.00480	0.00837	0.01034	0.01379	0.02758	0.51883	0.03278	0.29664	0.01566	0.00360	0.00426	0.01386	0.00480	0.00436
54	0.00733	0.00522	0.00689	0.00810	0.00848	0.00489	0.00539	0.00839	0.01144	0.01532	0.06616	0.71360	0.03899	0.05872	0.00870	0.00255	0.00352	0.01609	0.00544	0.00478
55	0.02082	0.00886	0.01170	0.00957	0.01317	0.00775	0.00767	0.02316	0.02884	0.53337	0.07083	0.10800	0.11019	0.00974	0.00631	0.00192	0.00448	0.00819	0.00683	0.00861
56	0.02042	0.01457	0.01554	0.01215	0.01628	0.01603	0.00996	0.60546	0.02503	0.03453	0.01512	0.01561	0.01098	0.00706	0.00559	0.00170	0.00583	0.00536	0.15355	0.00924
57	0.00721	0.00515	0.00686	0.00823	0.00858	0.00480	0.00549	0.00823	0.01132	0.01510	0.03259	0.78831	0.03911	0.01853	0.00755	0.00240	0.00343	0.01681	0.00549	0.00480
58	0.10223	0.01088	0.01161	0.01027	0.01345	0.01189	0.00806	0.03974	0.40670	0.11164	0.10440	0.02575	0.08348	0.00867	0.00590	0.00193	0.00436	0.00711	0.02368	0.00827
59	0.83394	0.01144	0.00869	0.00778	0.01144	0.01327	0.00640	0.01738	0.01006	0.02653	0.00823	0.00961	0.00640	0.00549	0.00366	0.00183	0.00457	0.00320	0.00366	0.00640
60	0.83394	0.01144	0.00869	0.00778	0.01144	0.01327	0.00640	0.01738	0.01006	0.02653	0.00823	0.00961	0.00640	0.00549	0.00366	0.00183	0.00457	0.00320	0.00366	0.00640
61	0.01048	0.00814	0.00946	0.00841	0.01062	0.00794	0.00630	0.04893	0.13500	0.02178	0.35608	0.03553	0.09357	0.11086	0.00943	0.00227	0.00387	0.00877	0.00557	0.10697
62	0.00732	0.00538	0.00676	0.00771	0.00837	0.00494	0.00522	0.00848	0.01186	0.01556	0.08048	0.57663	0.15901	0.06213	0.00872	0.00249	0.00345	0.01524	0.00544	0.00481
63	0.00705	0.00575	0.00624	0.00663	0.00816	0.00494	0.00478	0.00841	0.01286	0.01572	0.05207	0.26676	0.54809	0.01600	0.00715	0.00211	0.00312	0.01372	0.00549	0.00494
64	0.01581	0.79572	0.03099	0.01012	0.01518	0.02340	0.01012	0.01771	0.01202	0.01391	0.00822	0.00949	0.00759	0.00506	0.00379	0.00126	0.00632	0.00316	0.00253	0.00759
65	0.01147	0.01096	0.01846	0.58758	0.06625	0.01341	0.05460	0.01503	0.01169	0.01540	0.01138	0.05225	0.00948	0.00691	0.00749	0.00205	0.09025	0.00589	0.00279	0.00667
66	0.00885	0.00649	0.00937	0.00928	0.01036	0.00747	0.00714	0.02623	0.00995	0.01439	0.01609	0.02390	0.01509	0.08585	0.68281	0.00884	0.01460	0.00642	0.03159	0.00529
67	0.83394	0.01144	0.00869	0.00778	0.01144	0.01327	0.00640	0.01738	0.01006	0.02653	0.00823	0.00961	0.00640	0.00549	0.00366	0.00183	0.00457	0.00320	0.00366	0.00640
68	0.01117	0.01051	0.01774	0.77795	0.04073	0.01314	0.01642	0.01511	0.01182	0.01511	0.01051	0.01577	0.00788	0.00591	0.00591	0.00197	0.00788	0.00526	0.00263	0.00657
69	0.01143	0.01078	0.01821	0.72160	0.09502	0.01321	0.01655	0.01534	0.01195	0.01543	0.01056	0.01568	0.00800	0.00586	0.00591	0.00195	0.00782	0.00526	0.00265	0.00678
70	0.01371	0.00841	0.00957	0.00870	0.01099	0.00857	0.00653	0.01961	0.21614	0.15392	0.05743	0.08469	0.09552	0.12165	0.00937	0.00242	0.00420	0.00812	0.15345	0.00703
71	0.02199	0.01163	0.01395	0.01118	0.01536	0.01163	0.00908	0.15570	0.18781	0.41808	0.02384	0.02151	0.05474	0.00786	0.00601	0.00187	0.00511	0.00636	0.00666	0.00962
72	0.00703	0.00584	0.00615	0.00640	0.00809	0.00496	0.00467	0.00844	0.01309	0.01582	0.05499	0.18874	0.62423	0.01562	0.00709	0.00207	0.00307	0.01326	0.00549	0.00496
73	0.00716	0.00587	0.00633	0.00663	0.00829	0.00504	0.00490	0.00864	0.01315	0.01602	0.06496	0.18895	0.58250	0.01563	0.00714	0.00210	0.00317	0.04302	0.00551	0.00499
74	0.00741	0.00531	0.00698	0.00820	0.00866	0.00498	0.00558	0.00854	0.01150	0.01526	0.04680	0.67220	0.06441	0.05503	0.00863	0.00255	0.00362	0.05412	0.00542	0.00480
75	0.02101	0.01552	0.01669	0.01317	0.01760	0.01723	0.01075	0.56278	0.17699	0.06105	0.01659	0.01606	0.01189	0.00730	0.00594	0.00183	0.00607	0.00563	0.00599	0.00991
76	0.02364	0.01470	0.01659	0.01272	0.01741	0.01557	0.01051	0.53279	0.02468	0.24445	0.01682	0.01590	0.01137	0.00716	0.00592	0.00179	0.00608	0.00550	0.00632	0.01006
77	0.01259	0.00649	0.00727	0.00685	0.00866	0.00627	0.00520	0.04101	0.01371	0.11206	0.06520	0.10620	0.05497	0.00888	0.00509	0.00161	0.00326	0.00739	0.52116	0.00614
78	0.00721	0.00515	0.00686	0.00823	0.00858	0.00480	0.00549	0.00823	0.01132	0.01510	0.03259	0.78831	0.03911	0.01853	0.00755	0.00240	0.00343	0.01681	0.00549	0.00480
79	0.00790	0.00538	0.00688	0.00770	0.00833	0.00507	0.00526	0.00937	0.01227	0.01719	0.16011	0.53170	0.03861	0.05818	0.00831	0.00238	0.00337	0.01406	0.09298	0.00495
80	0.43040	0.00880	0.00820	0.00753	0.01012	0.00948	0.00594	0.01420	0.01315	0.02474	0.33417	0.02719	0.06844	0.00887	0.00528	0.00185	0.00371	0.00696	0.00500	0.00597
81	0.15646	0.00643	0.00732	0.00809	0.00910	0.00651	0.00568	0.01021	0.01129	0.01748	0.06634	0.53087	0.03276	0.06761	0.00835	0.00250	0.00383	0.03901	0.00509	0.00508
82	0.79526	0.01168	0.00912	0.00805	0.01177	0.01351	0.00664	0.05161	0.01091	0.02704	0.00852	0.00983	0.00658	0.00557	0.00377	0.00183	0.00467	0.00330	0.00377	0.00658
83	0.02071	0.01625	0.01671	0.01333	0.01767	0.05327	0.01083	0.54276	0.18900	0.03336	0.01618	0.01580	0.01174	0.00726	0.00591	0.00181	0.00629	0.00556	0.00580	0.00975
84	0.00765	0.00550	0.00702	0.00793	0.00856	0.00518	0.00539	0.00922	0.02727	0.01633	0.11863	0.58163	0.08294	0.05913	0.00857	0.00246	0.00346	0.01492	0.02328	0.00495
85	0.00790	0.00590	0.00735	0.00726	0.00862	0.00534	0.00534	0.01016	0.01523	0.02078	0.49787	0.16165	0.19746	0.01368	0.00707	0.00197	0.00293	0.01201	0.00614	0.00534
86	0.00933	0.00681	0.00846	0.00892	0.01004	0.00662	0.00627	0.09845	0.01340	0.01804	0.02927	0.65563	0.03408	0.01644	0.00720	0.00225	0.00386	0.01476	0.00545	0.04470
87	0.00753	0.00602	0.00676	0.00676	0.00850	0.00526	0.00513	0.00943	0.01429	0.01814	0.24406	0.08081	0.49452	0.01441	0.00708	0.00202	0.00311	0.05525	0.00576	0.00517
88	0.01144	0.00643	0.00817	0.00813	0.00969	0.00583	0.00588	0.01303	0.01278	0.15046	0.06413	0.39920	0.08089	0.05621	0.00795	0.00227	0.00378	0.02470	0.09310	0.03592
89	0.03050	0.01255	0.01403	0.02627	0.01518	0.01375	0.00928	0.42649	0.03392	0.02940	0.13874	0.06989	0.05529	0.04315	0.02425	0.00221	0.03399	0.00739	0.00559	0.00811
90	0.01185	0.00871	0.03707	0.00954	0.01157	0.00811	0.00737	0.08411	0.09916	0.09421	0.13947	0.37601	0.04741	0.02757	0.00729	0.00219	0.00416	0.01181	0.00579	0.00661
91	0.02248	0.01656	0.01775	0.01361	0.01834	0.01834	0.01124	0.73556	0.02780	0.03727	0.01420	0.01420	0.01006	0.00710	0.00592	0.00177	0.00651	0.00532	0.00592	0.01006
92	0.00832	0.00609	0.00868	0.00885	0.00964	0.00680	0.00653	0.00995	0.00958	0.01352	0.01835	0.11957	0.01887	0.16406	0.55405	0.00801	0.01266	0.00799	0.00352	0.00494
93	0.11779	0.01018	0.02346	0.00966	0.01268	0.01037	0.00765	0.02114	0.27303	0.11373	0.12103	0.02463	0.07390	0.00976	0.00763	0.08997	0.00443	0.00673	0.00533	0.05692
94	0.01501	0.00801	0.01025	0.00883	0.01139	0.00746	0.00686	0.05173	0.04258	0.25959	0.36326	0.07282	0.06221	0.04367	0.00757	0.00205	0.00392	0.00906	0.00651	0.00722
95	0.00734	0.00520	0.00682	0.00806	0.00837	0.00489	0.00530	0.00827	0.01106	0.01474	0.03124	0.71558	0.03740	0.09359	0.00974	0.00272	0.00365	0.01602	0.00530	0.00469
96	0.00856	0.00719	0.00759	0.00731	0.00944	0.00682	0.00553	0.01296	0.14563	0.01853	0.14170	0.06490	0.51545	0.01343	0.00682	0.00199	0.00328	0.01130	0.00572	0.00585
97	0.04036	0.00679	0.00870	0.00829	0.01005	0.00636	0.00629	0.01368	0.02814	0.12650	0.41191	0.18823	0.05808	0.01267	0.00687	0.00201	0.00348	0.04921	0.00623	0.00614
98	0.83394	0.01144	0.00869	0.00778	0.01144	0.01327	0.00640	0.01738	0.01006	0.02653	0.00823	0.00961	0.00640	0.00549	0.00366	0.00183	0.00457	0.00320	0.00366	0.00640
99	0.01117	0.01051	0.01774	0.77795	0.04073	0.01314	0.01642	0.01511	0.01182	0.01511	0.01051	0.01577	0.00788	0.00591	0.00591	0.00197	0.00788	0.00526	0.00263	0.00657
100	0.00752	0.00599	0.00680	0.00702	0.00866	0.00526	0.00533	0.00932	0.01380	0.01738	0.17213	0.14037	0.47439	0.01504	0.00718	0.00210	0.00327	0.08766	0.00566	0.00512
101	0.01927	0.00840	0.01124	0.00932	0.01258	0.00736	0.00741	0.02149	0.01609	0.47189	0.19014	0.10959	0.06905	0.01003	0.00641	0.00191	0.00424	0.00855	0.00684	0.00820
102	0.00742	0.00595	0.00663	0.00659	0.00829	0.00516	0.00489	0.00927	0.01430	0.01824	0.26662	0.10659	0.49049	0.01437	0.00703	0.00199	0.00297	0.01226	0.00580	0.00516
103	0.83394	0.01144	0.00869	0.00778	0.01144	0.01327	0.00640	0.01738	0.01006	0.02653	0.00823	0.00961	0.00640	0.00549	0.00366	0.00183	0.00457	0.00320	0.00366	0.00640
104	0.00852	0.00626	0.00812	0.00824	0.00971	0.00586	0.00657	0.01113	0.01542	0.02099	0.45622	0.05228	0.13930	0.01368	0.00732	0.00213	0.00358	0.21313	0.00607	0.00547
105	0.16824	0.01525	0.01571	0.01230	0.01667	0.01697	0.01010	0.58015	0.02392	0.03441	0.01328	0.01425	0.00981	0.03484	0.00637	0.00193	0.00613	0.00506	0.00543	0.00917
106	0.00853	0.00721	0.00753	0.00723	0.00941	0.00681	0.00549	0.01291	0.14560	0.01838	0.12729	0.04927	0.54608	0.01342	0.00681	0.00198	0.00328	0.01125	0.00570	0.00584
107	0.02243	0.01543	0.01695	0.01296	0.01770	0.01657	0.01069	0.60842	0.02561	0.12617	0.01513	0.01483	0.01056	0.00698	0.00584	0.00173	0.00621	0.00530	0.00596	0.05454
108	0.00721	0.00515	0.00686	0.00823	0.00858	0.00480	0.00549	0.00823	0.01132	0.01510	0.03259	0.78831	0.03911	0.01853	0.00755	0.00240	0.00343	0.01681	0.00549	0.00480
109	0.02248	0.01656	0.01775	0.01361	0.01834	0.01834	0.01124	0.73556	0.02780	0.03727	0.01420	0.01420	0.01006	0.00710	0.00592	0.00177	0.00651	0.00532	0.00592	0.01006
110	0.25465	0.01421	0.01432	0.01137	0.01564	0.01570	0.00936	0.45630	0.02142	0.06745	0.01541	0.01549	0.04961	0.00708	0.00533	0.00181	0.00569	0.00513	0.00531	0.00873
111	0.01065	0.00902	0.00932	0.00861	0.01125	0.00926	0.00664	0.05638	0.28111	0.02033	0.04434	0.04187	0.44429	0.01201	0.00658	0.00199	0.00380	0.00998	0.00571	0.00686
112	0.02653	0.01006	0.01372	0.01052	0.01510	0.00869	0.00869	0.02882	0.01693	0.75937	0.02333	0.02013	0.01464	0.00732	0.00595	0.00183	0.00503	0.00595	0.00732	0.01006
113	0.01767	0.01264	0.01390	0.01193	0.01564	0.01401	0.00944	0.10606	0.53698	0.15849	0.02288	0.02088	0.01658	0.00780	0.00599	0.00195	0.00494	0.00641	0.00624	0.00956
114	0.01102	0.00551	0.00551	0.00551	0.00689	0.00551	0.00413	0.01378	0.01240	0.02205	0.01929	0.02205	0.01516	0.00689	0.00413	0.00138	0.00276	0.00551	0.82500	0.00551
115	0.00796	0.00578	0.00750	0.00759	0.00872	0.00533	0.00549	0.01018	0.01501	0.02082	0.50808	0.25836	0.08891	0.01409	0.00714	0.00202	0.00299	0.01255	0.00616	0.00533
116	0.00845	0.00634	0.00950	0.00950	0.01056	0.00739	0.00739	0.01056	0.00950	0.01373	0.01584	0.02323	0.01478	0.04435	0.76873	0.00950	0.01584	0.00634	0.00317	0.00528
117	0.00908	0.00641	0.00683	0.00652	0.00876	0.00538	0.00496	0.01065	0.01381	0.09525	0.05549	0.06686	0.66060	0.01423	0.00689	0.00199	0.00322	0.01187	0.00569	0.00553
118	0.02653	0.01006	0.01372	0.01052	0.01510	0.00869	0.00869	0.02882	0.01693	0.75937	0.02333	0.02013	0.01464	0.00732	0.00595	0.00183	0.00503	0.00595	0.00732	0.01006
119	0.01186	0.03059	0.76153	0.01686	0.02560	0.01373	0.02185	0.01873	0.01249	0.01873	0.01061	0.01249	0.00749	0.00562	0.00562	0.00187	0.00874	0.00437	0.00250	0.00874
120	0.00714	0.00600	0.00620	0.00615	0.00808	0.00506	0.00461	0.00877	0.01383	0.01680	0.13375	0.05555	0.67852	0.01467	0.00699	0.00198	0.00297	0.01229	0.00560	0.00506
121	0.02561	0.01155	0.01464	0.01122	0.01584	0.01089	0.00927	0.18989	0.01941	0.59480	0.02125	0.01878	0.01359	0.00727	0.00594	0.00182	0.00537	0.00581	0.00700	0.01006
122	0.01217	0.01041	0.01216	0.00875	0.01391	0.00783	0.00698	0.01477	0.01225	0.01919	0.01092	0.02655	0.00932	0.00464	0.00444	0.00090	0.00436	0.00375	0.00354	0.81316
123	0.01499	0.01399	0.02814	0.15813	0.02995	0.01353	0.48123	0.01934	0.01388	0.11269	0.01309	0.01629	0.00949	0.00542	0.00655	0.00192	0.00873	0.00639	0.00350	0.04275
124	0.01419	0.01581	0.15164	0.01523	0.01730	0.01632	0.01409	0.01660	0.01051	0.09452	0.00994	0.01362	0.00845	0.00917	0.01549	0.00238	0.55928	0.00511	0.00308	0.00726
125	0.01155	0.01042	0.01752	0.59455	0.13475	0.01241	0.01546	0.01473	0.01161	0.01517	0.01057	0.01585	0.00834	0.00739	0.00774	0.09004	0.00747	0.00524	0.00266	0.00652
126	0.01117	0.01051	0.01774	0.77795	0.04073	0.01314	0.01642	0.01511	0.01182	0.01511	0.01051	0.01577	0.00788	0.00591	0.00591	0.00197	0.00788	0.00526	0.00263	0.00657
127	0.83394	0.01144	0.00869	0.00778	0.01144	0.01327	0.00640	0.01738	0.01006	0.02653	0.00823	0.00961	0.00640	0.00549	0.00366	0.00183	0.00457	0.00320	0.00366	0.00640
128	0.00814	0.00640	0.00966	0.09133	0.01335	0.00636	0.04640	0.00975	0.01157	0.01535	0.02875	0.61332	0.03352	0.03307	0.00786	0.00242	0.00441	0.04817	0.00501	0.00517
129	0.00761	0.00519	0.00672	0.00794	0.00840	0.00488	0.00535	0.00883	0.01144	0.01584	0.03118	0.70657	0.03656	0.01729	0.00718	0.00229	0.00336	0.01561	0.09290	0.00488
130	0.00837	0.00604	0.00790	0.00744	0.00883	0.00558	0.00558	0.01116	0.01674	0.02371	0.75216	0.04417	0.05580	0.01209	0.00697	0.00186	0.00279	0.01069	0.00651	0.00558
131	0.01986	0.01469	0.01565	0.01246	0.01658	0.01632	0.01014	0.53165	0.15536	0.03339	0.01652	0.01645	0.01204	0.00724	0.00574	0.00177	0.00578	0.00559	0.09330	0.00945
132	0.00733	0.00524	0.00697	0.00815	0.00860	0.00489	0.00550	0.00855	0.01190	0.01602	0.10935	0.70893	0.04089	0.01784	0.00749	0.00234	0.00336	0.01616	0.00560	0.00489
133	0.01818	0.02192	0.01468	0.01359	0.01607	0.55008	0.01027	0.01987	0.01468	0.01426	0.01106	0.01427	0.00967	0.01707	0.22436	0.00381	0.01215	0.00453	0.00308	0.00640
134	0.01186	0.03059	0.76153	0.01686	0.02560	0.01373	0.02185	0.01873	0.01249	0.01873	0.01061	0.01249	0.00749	0.00562	0.00562	0.00187	0.00874	0.00437	0.00250	0.00874
135	0.00721	0.00515	0.00686	0.00823	0.00858	0.00480	0.00549	0.00823	0.01132	0.01510	0.03259	0.78831	0.03911	0.01853	0.00755	0.00240	0.00343	0.01681	0.00549	0.00480
136	0.00953	0.00681	0.00953	0.01089	0.01225	0.00681	0.00953	0.01225	0.01361	0.01770	0.03131	0.06671	0.03403	0.01634	0.00817	0.00272	0.00545	0.71547	0.00545	0.00545
137	0.00721	0.00585	0.00639	0.00658	0.00820	0.00503	0.00481	0.00878	0.01351	0.01681	0.14387	0.18711	0.53472	0.01525	0.00709	0.00205	0.00305	0.01303	0.00562	0.00503
138	0.00829	0.00604	0.00780	0.00736	0.00879	0.00555	0.00552	0.01101	0.01656	0.02329	0.71453	0.04487	0.09369	0.01225	0.00698	0.00187	0.00280	0.01079	0.00645	0.00555
139	0.00837	0.00671	0.00758	0.00749	0.00923	0.00634	0.00555	0.01205	0.10490	0.01912	0.24678	0.15800	0.35845	0.01383	0.00695	0.00202	0.00321	0.01190	0.00584	0.00567
140	0.83394	0.01144	0.00869	0.00778	0.01144	0.01327	0.00640	0.01738	0.01006	0.02653	0.00823	0.00961	0.00640	0.00549	0.00366	0.00183	0.00457	0.00320	0.00366	0.00640
141	0.00751	0.00609	0.00671	0.00677	0.00860	0.00529	0.00523	0.00937	0.01408	0.01755	0.18163	0.05566	0.55056	0.01460	0.00711	0.00205	0.00322	0.08714	0.00567	0.00515
142	0.00762	0.00545	0.00734	0.00871	0.00924	0.00516	0.00622	0.00896	0.01174	0.01557	0.03236	0.65824	0.03820	0.01813	0.00766	0.00246	0.00379	0.14274	0.00548	0.00492
143	0.00931	0.00649	0.00767	0.00785	0.00843	0.00652	0.00508	0.07581	0.01150	0.01536	0.02398	0.34575	0.02771	0.40019	0.01855	0.00399	0.00486	0.01169	0.00459	0.00469
144	0.25818	0.01046	0.01228	0.00973	0.01405	0.01000	0.00804	0.02554	0.01496	0.54912	0.01900	0.01711	0.01228	0.00679	0.00529	0.00183	0.00490	0.00516	0.00627	0.00901
145	0.00849	0.00616	0.00863	0.00863	0.00938	0.00692	0.00630	0.01000	0.00924	0.01308	0.01664	0.02767	0.01671	0.25891	0.55681	0.00842	0.01294	0.00699	0.00329	0.00479
146	0.14485	0.00819	0.00800	0.00731	0.00988	0.00803	0.00570	0.09926	0.01488	0.02082	0.09020	0.04309	0.49446	0.01227	0.00631	0.00193	0.00367	0.00996	0.00531	0.00588
147	0.01747	0.01226	0.01326	0.01085	0.01417	0.01328	0.00870	0.45410	0.02193	0.03070	0.05744	0.10019	0.01681	0.00854	0.00574	0.00176	0.00512	0.00688	0.19257	0.00822
148	0.02220	0.02485	0.01704	0.01477	0.01830	0.55322	0.01137	0.22788	0.01993	0.02101	0.01059	0.01168	0.00832	0.00638	0.00550	0.00160	0.00947	0.00424	0.00387	0.00777
149	0.00864	0.00621	0.00931	0.00931	0.01026	0.00715	0.00715	0.01026	0.00931	0.01336	0.01525	0.02267	0.01430	0.04181	0.68920	0.09680	0.01470	0.00621	0.00310	0.00499
150	0.02417	0.00948	0.01290	0.01022	0.01430	0.00823	0.00830	0.02634	0.01635	0.66753	0.04004	0.09902	0.01803	0.00857	0.00613	0.00189	0.00482	0.00716	0.00712	0.00943
151	0.00860	0.00573	0.00645	0.00645	0.00645	0.00573	0.00358	0.00860	0.00860	0.01147	0.01863	0.03870	0.02150	0.79217	0.03010	0.00573	0.00573	0.00860	0.00358	0.00358
152	0.02581	0.01023	0.01370	0.01061	0.01511	0.00906	0.00873	0.02898	0.06153	0.71434	0.02338	0.02025	0.01485	0.00736	0.00595	0.00184	0.00501	0.00599	0.00724	0.01002
153	0.10805	0.02036	0.01549	0.01332	0.01698	0.35649	0.01040	0.19757	0.11752	0.06836	0.01317	0.01354	0.00993	0.00661	0.00543	0.00170	0.00785	0.00463	0.00448	0.00812
154	0.00859	0.00639	0.00804	0.00767	0.00916	0.00605	0.00573	0.01203	0.06079	0.02270	0.61394	0.08934	0.10228	0.01244	0.00695	0.00191	0.00296	0.01095	0.00634	0.00572
155	0.01717	0.01336	0.01413	0.01105	0.01508	0.04483	0.00872	0.34439	0.04733	0.04173	0.01418	0.01771	0.01175	0.12764	0.00919	0.00213	0.00585	0.00531	0.00477	0.24366
156	0.01490	0.09926	0.01922	0.01484	0.01616	0.16752	0.02777	0.01642	0.01103	0.01433	0.00852	0.01262	0.00804	0.01026	0.04642	0.00251	0.49605	0.00478	0.00271	0.00665
157	0.83394	0.01144	0.00869	0.00778	0.01144	0.01327	0.00640	0.01738	0.01006	0.02653	0.00823	0.00961	0.00640	0.00549	0.00366	0.00183	0.00457	0.00320	0.00366	0.00640
158	0.01027	0.00514	0.00770	0.00770	0.00770	0.00514	0.00514	0.00770	0.00770	0.01027	0.01027	0.01798	0.01027	0.02054	0.02311	0.82794	0.00514	0.00514	0.00257	0.00257
159	0.01533	0.01283	0.02174	0.10997	0.50591	0.01286	0.05498	0.01877	0.01393	0.10983	0.05532	0.01720	0.01251	0.00597	0.00600	0.00181	0.00679	0.00576	0.00364	0.00886
160	0.00846	0.00627	0.00918	0.00918	0.01012	0.00722	0.00699	0.01035	0.00941	0.01349	0.01614	0.02488	0.01550	0.12412	0.68994	0.00910	0.01476	0.00658	0.00321	0.00510
161	0.01102	0.00850	0.01063	0.01122	0.01315	0.00907	0.00948	0.01775	0.22334	0.01972	0.02923	0.05390	0.02945	0.01395	0.00755	0.00252	0.00523	0.51212	0.00561	0.00657
162	0.00935	0.00632	0.00706	0.00684	0.00710	0.00642	0.00400	0.04812	0.00964	0.01287	0.01839	0.03737	0.02088	0.74949	0.02879	0.00552	0.00578	0.00842	0.00371	0.00394
163	0.79955	0.01165	0.00908	0.00802	0.01173	0.01348	0.00661	0.04782	0.01082	0.02699	0.00849	0.00980	0.00656	0.00556	0.00376	0.00183	0.00466	0.00329	0.00376	0.00656
164	0.09539	0.00582	0.00706	0.00819	0.00888	0.00571	0.00559	0.00921	0.01119	0.01632	0.03000	0.70525	0.03562	0.01714	0.00713	0.00234	0.00355	0.01536	0.00529	0.00497
165	0.01024	0.00647	0.00843	0.00770	0.00946	0.00588	0.00586	0.01292	0.01660	0.10182	0.64142	0.04222	0.08463	0.01172	0.00687	0.00186	0.00304	0.01027	0.00655	0.00603
166	0.00704	0.00590	0.00612	0.00626	0.00807	0.00498	0.00462	0.00852	0.01332	0.01604	0.07143	0.13466	0.66221	0.01530	0.00705	0.00204	0.00304	0.01291	0.00551	0.00498
167	0.01145	0.00965	0.01139	0.00867	0.01314	0.00739	0.00676	0.01382	0.01211	0.01860	0.01407	0.13723	0.01365	0.00666	0.00489	0.00112	0.00423	0.00565	0.00382	0.69571
168	0.00895	0.00699	0.00870	0.00838	0.01040	0.00587	0.00598	0.01051	0.01160	0.01646	0.02482	0.51085	0.02846	0.02672	0.00685	0.00194	0.00379	0.01213	0.00478	0.28582
169	0.51992	0.01090	0.01065	0.00884	0.01286	0.01149	0.00729	0.02183	0.01273	0.31156	0.01411	0.01370	0.00961	0.00620	0.00455	0.00183	0.00475	0.00427	0.00508	0.00783
170	0.00937	0.00611	0.00778	0.00769	0.00911	0.00554	0.00561	0.01136	0.01454	0.08179	0.36621	0.25741	0.14969	0.03092	0.00756	0.00212	0.00326	0.01227	0.00607	0.00560
171	0.00725	0.00518	0.00691	0.00820	0.00859	0.00484	0.00549	0.00836	0.01155	0.01546	0.06309	0.75677	0.03982	0.01825	0.00752	0.00238	0.00340	0.01655	0.00553	0.00484
172	0.01396	0.01595	0.03490	0.02493	0.03091	0.01496	0.73380	0.01894	0.01396	0.01894	0.01196	0.01595	0.00897	0.00499	0.00698	0.00199	0.00997	0.00698	0.00299	0.00798
173	0.02332	0.00943	0.01276	0.01031	0.01434	0.00825	0.00855	0.02562	0.01632	0.62559	0.02642	0.02796	0.05957	0.00887	0.00628	0.00195	0.00497	0.09331	0.00698	0.00921
174	0.19481	0.00747	0.00714	0.00672	0.00923	0.00711	0.00522	0.01183	0.01303	0.06420	0.07032	0.04354	0.51473	0.01227	0.00617	0.00194	0.00347	0.00992	0.00523	0.00564
175	0.05461	0.00969	0.01292	0.01009	0.01429	0.00853	0.00827	0.02651	0.01665	0.65366	0.10051	0.02230	0.01872	0.00776	0.00597	0.00183	0.00478	0.00635	0.00710	0.00945
176	0.00901	0.00644	0.00894	0.01030	0.01143	0.00636	0.00863	0.01136	0.01310	0.01712	0.03160	0.22735	0.03517	0.01682	0.00803	0.00265	0.00500	0.55994	0.00546	0.00530
177	0.00869	0.00667	0.00934	0.00902	0.01055	0.00704	0.00696	0.01080	0.01058	0.01514	0.06397	0.07219	0.06069	0.03484	0.54994	0.00725	0.01232	0.00730	0.00368	0.09304
178	0.00850	0.00567	0.00648	0.00662	0.00668	0.00563	0.00380	0.00865	0.00896	0.01205	0.02013	0.11836	0.02326	0.69542	0.02722	0.00530	0.00543	0.00942	0.01867	0.00375
179	0.00721	0.00515	0.00686	0.00823	0.00858	0.00480	0.00549	0.00823	0.01132	0.01510	0.03259	0.78831	0.03911	0.01853	0.00755	0.00240	0.00343	0.01681	0.00549	0.00480
180	0.01205	0.01028	0.01203	0.00874	0.01378	0.00775	0.00694	0.01461	0.01222	0.01909	0.01145	0.04515	0.01005	0.00498	0.00451	0.00094	0.00434	0.00407	0.00359	0.79342
181	0.01272	0.09453	0.01534	0.00967	0.01494	0.00988	0.04198	0.01538	0.01232	0.01868	0.01034	0.01214	0.00864	0.00448	0.00444	0.00097	0.00485	0.00363	0.00338	0.70168
182	0.02248	0.01656	0.01775	0.01361	0.01834	0.01834	0.01124	0.73556	0.02780	0.03727	0.01420	0.01420	0.01006	0.00710	0.00592	0.00177	0.00651	0.00532	0.00592	0.01006
183	0.01226	0.01051	0.01226	0.00876	0.01401	0.00788	0.00701	0.01489	0.01226	0.01927	0.01051	0.01226	0.00876	0.00438	0.00438	0.00088	0.00438	0.00350	0.00350	0.82832
184	0.01117	0.01051	0.01774	0.77795	0.04073	0.01314	0.01642	0.01511	0.01182	0.01511	0.01051	0.01577	0.00788	0.00591	0.00591	0.00197	0.00788	0.00526	0.00263	0.00657
185	0.00860	0.00573	0.00645	0.00645	0.00645	0.00573	0.00358	0.00860	0.00860	0.01147	0.01863	0.03870	0.02150	0.79217	0.03010	0.00573	0.00573	0.00860	0.00358	0.00358
186	0.00721	0.00515	0.00686	0.00823	0.00858	0.00480	0.00549	0.00823	0.01132	0.01510	0.03259	0.78831	0.03911	0.01853	0.00755	0.00240	0.00343	0.01681	0.00549	0.00480
187	0.00810	0.00594	0.00760	0.00738	0.00872	0.00544	0.00546	0.01058	0.01583	0.02201	0.60478	0.12485	0.12514	0.01307	0.00704	0.00193	0.00288	0.01153	0.00630	0.00544
188	0.01296	0.00807	0.01069	0.01097	0.01310	0.00809	0.00937	0.01733	0.10377	0.14043	0.02911	0.05358	0.02889	0.01384	0.00754	0.00249	0.00528	0.51199	0.00582	0.00668
189	0.01420	0.01411	0.02536	0.09399	0.49230	0.01422	0.17899	0.01880	0.05318	0.01918	0.01197	0.01543	0.00963	0.00541	0.00612	0.00184	0.00763	0.00573	0.00308	0.00882
190	0.67233	0.05516	0.01299	0.01001	0.01397	0.04160	0.08438	0.01780	0.01083	0.02460	0.00866	0.01032	0.00679	0.00543	0.00408	0.00181	0.00547	0.00363	0.00350	0.00665
191	0.01318	0.01324	0.02258	0.10287	0.18362	0.04128	0.22807	0.01643	0.01225	0.01713	0.01170	0.01668	0.00992	0.04215	0.05880	0.00264	0.14661	0.00593	0.04759	0.00733
192	0.01244	0.15180	0.46513	0.01396	0.02046	0.05488	0.01642	0.01746	0.01341	0.01860	0.14380	0.01761	0.01622	0.00672	0.00555	0.00175	0.00738	0.00528	0.00326	0.00788
193	0.08865	0.06262	0.53374	0.01826	0.10194	0.01426	0.06310	0.01851	0.01243	0.01930	0.01042	0.01252	0.00769	0.00550	0.00546	0.00183	0.00813	0.00446	0.00268	0.00849
194	0.02172	0.01344	0.09650	0.05739	0.01976	0.01100	0.09958	0.07661	0.02878	0.46879	0.03240	0.01859	0.01326	0.00685	0.00605	0.00186	0.00626	0.00592	0.00587	0.00937
195	0.02653	0.01006	0.01372	0.01052	0.01510	0.00869	0.00869	0.02882	0.01693	0.75937	0.02333	0.02013	0.01464	0.00732	0.00595	0.00183	0.00503	0.00595	0.00732	0.01006
196	0.11813	0.01375	0.01637	0.14725	0.06295	0.01584	0.01174	0.36414	0.01917	0.02777	0.01224	0.01423	0.00922	0.00692	0.00698	0.00188	0.08898	0.00504	0.04906	0.00833
197	0.01507	0.01270	0.02127	0.02908	0.53804	0.01257	0.04581	0.01838	0.01416	0.09867	0.10324	0.01886	0.01557	0.00642	0.00634	0.00181	0.02325	0.00608	0.00383	0.00886
198	0.00900	0.00675	0.00842	0.00788	0.00950	0.00653	0.00594	0.01322	0.09426	0.02354	0.64919	0.04228	0.07725	0.01176	0.00687	0.00188	0.00300	0.01033	0.00642	0.00596
199	0.00721	0.00515	0.00686	0.00823	0.00858	0.00480	0.00549	0.00823	0.01132	0.01510	0.03259	0.78831	0.03911	0.01853	0.00755	0.00240	0.00343	0.01681	0.00549	0.00480
200	0.27798	0.01159	0.05386	0.22017	0.02182	0.01164	0.05789	0.01802	0.01230	0.15337	0.01455	0.09681	0.01201	0.00730	0.00542	0.00194	0.00601	0.00602	0.00413	0.00717
201	0.01206	0.01142	0.01934	0.58789	0.22384	0.01337	0.01687	0.01589	0.01225	0.01619	0.01067	0.01548	0.00826	0.00575	0.00590	0.00192	0.00766	0.00526	0.00270	0.00729
202	0.00762	0.00545	0.00734	0.00871	0.00924	0.00516	0.00622	0.00896	0.01174	0.01557	0.03236	0.65824	0.03820	0.01813	0.00766	0.00246	0.00379	0.14274	0.00548	0.00492
203	0.01117	0.01051	0.01774	0.77795	0.04073	0.01314	0.01642	0.01511	0.01182	0.01511	0.01051	0.01577	0.00788	0.00591	0.00591	0.00197	0.00788	0.00526	0.00263	0.00657
204	0.20171	0.01143	0.04004	0.01026	0.01469	0.01045	0.00874	0.07571	0.01603	0.49417	0.04497	0.01798	0.01372	0.00701	0.00547	0.00183	0.00509	0.00541	0.00621	0.00905
205	0.19926	0.00858	0.00869	0.00820	0.01069	0.00889	0.00629	0.01606	0.14519	0.06343	0.09974	0.13831	0.24230	0.01133	0.00607	0.00199	0.00382	0.00937	0.00537	0.00643
206	0.02023	0.01462	0.01577	0.01243	0.01671	0.01593	0.01016	0.53796	0.10371	0.07790	0.02071	0.01998	0.09044	0.00805	0.00604	0.00183	0.00584	0.00627	0.00597	0.00944
207	0.01560	0.53589	0.07351	0.01668	0.18294	0.05621	0.01271	0.01815	0.01260	0.01546	0.00907	0.01089	0.00799	0.00519	0.00444	0.00143	0.00684	0.00374	0.00264	0.00803

[dist]
# distance from previous block
# <min> <max>
0	4

[block]
# block no. 1 follows, 39 sequences, length 134
# corresponding to MSA columns:
# 292-425
name=unknown_B
#
# <colnr> <probs for GDERKNQSTAVLIFYWHMCP>
#	G	D	E	R	K	N	Q	S	T	A	V	L	I	F	Y	W	H	M	C	P
0	0.01233	0.00996	0.01094	0.01004	0.01269	0.01081	0.00771	0.02283	0.43362	0.04475	0.17540	0.07493	0.12230	0.01030	0.00641	0.00198	0.00402	0.00878	0.00604	0.01417
1	0.01559	0.07580	0.16796	0.01280	0.01753	0.01468	0.01202	0.06524	0.42150	0.08883	0.01965	0.01940	0.01466	0.00735	0.00580	0.00191	0.00578	0.01925	0.00513	0.00912
2	0.01276	0.16281	0.46810	0.01742	0.08690	0.01510	0.07266	0.01807	0.01285	0.01823	0.05332	0.01424	0.01059	0.00582	0.00550	0.00176	0.00791	0.00480	0.00281	0.00835
3	0.01186	0.03059	0.76153	0.01686	0.02560	0.01373	0.02185	0.01873	0.01249	0.01873	0.01061	0.01249	0.00749	0.00562	0.00562	0.00187	0.00874	0.00437	0.00250	0.00874
4	0.00721	0.00515	0.00686	0.00823	0.00858	0.00480	0.00549	0.00823	0.01132	0.01510	0.03259	0.78831	0.03911	0.01853	0.00755	0.00240	0.00343	0.01681	0.00549	0.00480
5	0.01468	0.01301	0.01430	0.16607	0.02050	0.07107	0.01092	0.02636	0.47422	0.04762	0.02060	0.02243	0.01601	0.00791	0.00607	0.00200	0.00584	0.04688	0.00512	0.00841
6	0.05786	0.10065	0.05333	0.00964	0.01294	0.01034	0.00830	0.08538	0.01619	0.18833	0.27345	0.08295	0.04572	0.00964	0.00609	0.00183	0.00457	0.01970	0.00570	0.00739
7	0.00699	0.00599	0.00599	0.00599	0.00799	0.00499	0.00449	0.00849	0.01348	0.01598	0.05991	0.05691	0.75288	0.01498	0.00699	0.00200	0.00300	0.01248	0.00549	0.00499
8	0.01384	0.01500	0.08041	0.14227	0.51402	0.01399	0.09819	0.01784	0.01321	0.01862	0.01109	0.01479	0.00896	0.00536	0.00597	0.00182	0.00761	0.00539	0.00286	0.00875
9	0.01909	0.01415	0.01543	0.01235	0.01624	0.01550	0.00999	0.54927	0.06628	0.03306	0.09891	0.08701	0.01822	0.00873	0.00619	0.00185	0.00571	0.00703	0.00595	0.00905
10	0.16019	0.01512	0.01586	0.01234	0.01688	0.01662	0.01019	0.55100	0.02383	0.09983	0.01400	0.01395	0.00985	0.00685	0.00554	0.00179	0.00605	0.00502	0.00566	0.00944
11	0.00740	0.00534	0.00705	0.00835	0.00887	0.00499	0.00580	0.00861	0.01164	0.01538	0.03396	0.68445	0.07724	0.01814	0.00757	0.00241	0.00359	0.07886	0.00549	0.00487
12	0.08767	0.01382	0.02264	0.03376	0.68897	0.01398	0.01710	0.01808	0.01316	0.01996	0.01087	0.01419	0.00910	0.00529	0.00566	0.00176	0.00681	0.00508	0.00299	0.00910
13	0.01659	0.49425	0.15163	0.01331	0.07324	0.01895	0.01251	0.01951	0.01291	0.12189	0.01101	0.01191	0.00872	0.00549	0.00457	0.00149	0.00660	0.00393	0.00324	0.00827
14	0.01216	0.08880	0.70595	0.01634	0.02480	0.01447	0.02096	0.01865	0.01245	0.01836	0.01043	0.01226	0.00750	0.00558	0.00548	0.00183	0.00856	0.00428	0.00250	0.00865
15	0.01198	0.00968	0.01369	0.10840	0.07267	0.01129	0.01041	0.13470	0.01316	0.01835	0.01392	0.01933	0.01217	0.02768	0.42914	0.00614	0.07127	0.00586	0.00350	0.00665
16	0.01279	0.01705	0.15408	0.07936	0.02876	0.01371	0.49379	0.01766	0.01331	0.01827	0.01346	0.08420	0.01133	0.00637	0.00672	0.00201	0.00902	0.00728	0.00310	0.00772
17	0.00937	0.00769	0.01127	0.01074	0.01158	0.00959	0.00853	0.01131	0.00941	0.01383	0.01419	0.02113	0.01335	0.03740	0.61544	0.00809	0.17244	0.00610	0.00305	0.00552
18	0.09306	0.01520	0.01644	0.07160	0.01911	0.01707	0.01099	0.53576	0.10689	0.03318	0.01451	0.01481	0.01048	0.00697	0.00573	0.00182	0.00623	0.00529	0.00547	0.00938
19	0.00860	0.00573	0.00645	0.00645	0.00645	0.00573	0.00358	0.00860	0.00860	0.01147	0.01863	0.03870	0.02150	0.79217	0.03010	0.00573	0.00573	0.00860	0.00358	0.00358
20	0.04552	0.00561	0.00769	0.02525	0.00876	0.00565	0.00543	0.00859	0.00910	0.01273	0.03827	0.20215	0.01909	0.07753	0.01824	0.49038	0.00475	0.00825	0.00350	0.00352
21	0.01514	0.66622	0.15464	0.01126	0.01694	0.02176	0.01210	0.01788	0.01210	0.01473	0.00863	0.00999	0.00757	0.00515	0.00410	0.00137	0.00673	0.00337	0.00252	0.00778
22	0.00721	0.00515	0.00686	0.00823	0.00858	0.00480	0.00549	0.00823	0.01132	0.01510	0.03259	0.78831	0.03911	0.01853	0.00755	0.00240	0.00343	0.01681	0.00549	0.00480
23	0.00860	0.00573	0.00645	0.00645	0.00645	0.00573	0.00358	0.00860	0.00860	0.01147	0.01863	0.03870	0.02150	0.79217	0.03010	0.00573	0.00573	0.00860	0.00358	0.00358
24	0.01363	0.01196	0.01828	0.46680	0.03182	0.01398	0.07823	0.13854	0.07045	0.02029	0.01272	0.01628	0.00951	0.00633	0.00618	0.00192	0.02216	0.00554	0.04792	0.00744
25	0.02232	0.01597	0.01730	0.01328	0.01799	0.01746	0.01095	0.66342	0.04113	0.07846	0.01484	0.01465	0.01045	0.00707	0.00588	0.00176	0.00634	0.00534	0.00594	0.02945
26	0.01414	0.01354	0.02311	0.14250	0.65296	0.01392	0.01790	0.01771	0.01323	0.01872	0.01104	0.01480	0.00915	0.00536	0.00586	0.00179	0.00715	0.00527	0.00288	0.00897
27	0.01781	0.63981	0.02764	0.01034	0.01526	0.04317	0.00992	0.01977	0.01299	0.14010	0.01081	0.01132	0.00878	0.00547	0.00420	0.00137	0.00624	0.00365	0.00336	0.00799
28	0.02209	0.02819	0.01676	0.01524	0.01828	0.76843	0.01143	0.02361	0.01676	0.01447	0.00914	0.01066	0.00762	0.00609	0.00533	0.00152	0.01066	0.00381	0.00305	0.00686
29	0.00914	0.00653	0.00908	0.01044	0.01163	0.00647	0.00885	0.01157	0.01323	0.01726	0.03153	0.18884	0.03489	0.01671	0.00806	0.00267	0.00510	0.59722	0.00545	0.00534
30	0.01081	0.01003	0.01677	0.70933	0.03786	0.01240	0.01545	0.01450	0.01178	0.01511	0.01248	0.08464	0.01067	0.00704	0.00606	0.00201	0.00749	0.00629	0.00288	0.00641
31	0.01729	0.01291	0.01579	0.01299	0.01687	0.01400	0.07396	0.14803	0.41594	0.13013	0.06057	0.02111	0.01745	0.00772	0.00613	0.00193	0.00541	0.00659	0.00594	0.00925
32	0.01117	0.01051	0.01774	0.77795	0.04073	0.01314	0.01642	0.01511	0.01182	0.01511	0.01051	0.01577	0.00788	0.00591	0.00591	0.00197	0.00788	0.00526	0.00263	0.00657
