[name]
unknown

[dist]
# distance from previous block
# <min> <max>
4	150

[block]
# block no. 0 follows, 41 sequences, length 9
# corresponding to MSA columns:
# 168-176
name=unknown_A
#
# <colnr> <probs for GDERKNQSTAVLIFYWHMCP>
#	G	D	E	R	K	N	Q	S	T	A	V	L	I	F	Y	W	H	M	C	P
0	0.01052	0.00758	0.00875	0.00795	0.00987	0.04700	0.00601	0.01291	0.01537	0.08879	0.51494	0.09411	0.07512	0.01105	0.00644	0.00176	0.00346	0.00962	0.00587	0.06288
1	0.01821	0.01945	0.01544	0.01612	0.13836	0.40905	0.01077	0.11182	0.01625	0.01895	0.01163	0.01345	0.00932	0.00603	0.00509	0.00152	0.00778	0.00441	0.15915	0.00718
2	0.01708	0.01236	0.01363	0.01139	0.01494	0.01356	0.00909	0.25139	0.35042	0.11016	0.11339	0.02145	0.01929	0.00790	0.00590	0.00183	0.00489	0.00646	0.00599	0.00888
3	0.01108	0.01072	0.01889	0.70567	0.03840	0.01289	0.09185	0.01500	0.01165	0.01500	0.01031	0.01527	0.00774	0.00562	0.00583	0.00191	0.00784	0.00526	0.00258	0.00650
4	0.00956	0.00618	0.00739	0.00730	0.00909	0.00543	0.00551	0.01125	0.01345	0.11292	0.14073	0.20725	0.37119	0.01397	0.00681	0.00202	0.00336	0.05539	0.00567	0.00552
5	0.00774	0.00602	0.00797	0.00866	0.00902	0.00636	0.00609	0.00874	0.01065	0.01436	0.02921	0.61513	0.07298	0.05666	0.00986	0.00249	0.10424	0.01418	0.00486	0.00480
6	0.01491	0.01517	0.02201	0.07015	0.63121	0.11145	0.01664	0.01809	0.01335	0.01788	0.01048	0.01372	0.00877	0.00523	0.00560	0.00168	0.00729	0.00491	0.00283	0.00861
7	0.01171	0.00751	0.00750	0.00710	0.00879	0.03252	0.00537	0.04951	0.10761	0.02106	0.01846	0.02154	0.01486	0.05143	0.05301	0.00214	0.00426	0.00562	0.56406	0.00594
8	0.00785	0.00565	0.00763	0.00889	0.00968	0.00542	0.00682	0.00952	0.01192	0.01564	0.03220	0.47213	0.06773	0.01693	0.00752	0.00243	0.00407	0.29777	0.00529	0.00490

[dist]
# distance from previous block
# <min> <max>
0	32

[block]
# block no. 1 follows, 41 sequences, length 9
# corresponding to MSA columns:
# 209-217
name=unknown_B
#
# <colnr> <probs for GDERKNQSTAVLIFYWHMCP>
#	G	D	E	R	K	N	Q	S	T	A	V	L	I	F	Y	W	H	M	C	P
0	0.01231	0.01152	0.01920	0.56679	0.24413	0.01324	0.01652	0.01582	0.01223	0.01629	0.01089	0.01568	0.00856	0.00591	0.00594	0.00195	0.00755	0.00526	0.00282	0.00740
1	0.00991	0.00540	0.00770	0.00794	0.00807	0.00525	0.00529	0.00799	0.00854	0.01144	0.01482	0.17416	0.01604	0.01972	0.01942	0.65959	0.00482	0.00741	0.00325	0.00324
2	0.00744	0.00533	0.00712	0.00803	0.00869	0.00501	0.00570	0.00899	0.01237	0.01677	0.19964	0.55149	0.04109	0.01628	0.00723	0.00223	0.00336	0.08281	0.00553	0.00488
3	0.00787	0.00546	0.00691	0.00707	0.00806	0.00499	0.00503	0.00882	0.01243	0.01652	0.26425	0.21447	0.21986	0.01548	0.01001	0.16882	0.00335	0.01107	0.00506	0.00450
4	0.18549	0.01076	0.01220	0.01008	0.01397	0.01103	0.00816	0.02641	0.23516	0.39635	0.01985	0.01799	0.01355	0.00693	0.00533	0.00182	0.00468	0.00543	0.00599	0.00882
5	0.01130	0.01050	0.01013	0.01034	0.01199	0.16058	0.00839	0.01373	0.01472	0.01831	0.25368	0.04685	0.03436	0.01253	0.00699	0.00214	0.00548	0.35729	0.00512	0.00558
6	0.00832	0.00555	0.00624	0.00624	0.00624	0.00555	0.00347	0.00832	0.00832	0.01109	0.01802	0.03743	0.02080	0.79898	0.02911	0.00555	0.00555	0.00832	0.00347	0.00347
7	0.01437	0.56987	0.09835	0.01146	0.01571	0.02071	0.01142	0.01655	0.01109	0.01397	0.00808	0.01012	0.00737	0.00597	0.00687	0.00154	0.16330	0.00356	0.00246	0.00723
8	0.00838	0.00573	0.00697	0.00732	0.00764	0.00575	0.00486	0.00904	0.00947	0.01259	0.02120	0.09905	0.02403	0.55620	0.06054	0.00494	0.00581	0.14261	0.00392	0.00397

[dist]
# distance from previous block
# <min> <max>
0	10

[block]
# block no. 2 follows, 41 sequences, length 29
# corresponding to MSA columns:
# 228-256
name=unknown_C
#
# <colnr> <probs for GDERKNQSTAVLIFYWHMCP>
#	G	D	E	R	K	N	Q	S	T	A	V	L	I	F	Y	W	H	M	C	P
0	0.01022	0.00796	0.01172	0.01302	0.09685	0.00865	0.00889	0.01202	0.01049	0.01515	0.01599	0.02310	0.01481	0.03869	0.67330	0.00842	0.01458	0.00640	0.00348	0.00625
1	0.54646	0.01227	0.01018	0.00878	0.01230	0.05418	0.00713	0.15310	0.01369	0.02583	0.01478	0.01539	0.09276	0.00668	0.00440	0.00176	0.00492	0.00454	0.00412	0.00673
2	0.00821	0.00560	0.00657	0.00662	0.00681	0.00567	0.00398	0.00852	0.00866	0.01160	0.01945	0.06192	0.04426	0.66153	0.11264	0.00574	0.00650	0.00846	0.00354	0.00374
3	0.00789	0.00548	0.00625	0.00649	0.00679	0.00530	0.00390	0.00824	0.00937	0.01225	0.02536	0.17290	0.11575	0.56414	0.02250	0.00453	0.00482	0.01018	0.00402	0.00384
4	0.00880	0.00634	0.00752	0.00724	0.00724	0.00691	0.00449	0.00894	0.00837	0.01139	0.01683	0.03460	0.01928	0.70925	0.02794	0.00520	0.09459	0.00794	0.00336	0.00378
5	0.11548	0.01213	0.01288	0.01035	0.01420	0.08229	0.00836	0.14229	0.01682	0.41423	0.02930	0.01758	0.01276	0.03357	0.00615	0.00184	0.00543	0.00529	0.05054	0.00852
6	0.01653	0.01196	0.01296	0.01053	0.01335	0.01301	0.00806	0.46016	0.01978	0.02649	0.01570	0.04011	0.01439	0.29486	0.01425	0.00312	0.00595	0.00655	0.00489	0.00734
7	0.00768	0.00569	0.00737	0.00792	0.00893	0.00509	0.00549	0.00908	0.01177	0.01619	0.12807	0.60395	0.03668	0.01552	0.00688	0.00208	0.00334	0.01399	0.00523	0.09906
8	0.01347	0.01517	0.03904	0.01939	0.02419	0.07888	0.48343	0.01920	0.11409	0.01838	0.01818	0.02024	0.09529	0.00642	0.00647	0.00189	0.00822	0.00701	0.00356	0.00749
9	0.01335	0.51798	0.17071	0.01096	0.01590	0.01821	0.01156	0.01616	0.01130	0.01434	0.00964	0.01197	0.00849	0.01138	0.13373	0.00268	0.00812	0.00380	0.00254	0.00718
10	0.01358	0.47243	0.22412	0.01127	0.01698	0.01770	0.01228	0.01681	0.01196	0.01569	0.04075	0.01168	0.00942	0.00525	0.00434	0.00136	0.00638	0.00372	0.00271	0.10156
11	0.02140	0.01425	0.01525	0.01419	0.09647	0.14247	0.01024	0.14153	0.07967	0.34616	0.03629	0.01781	0.01328	0.00693	0.00570	0.00173	0.00616	0.01603	0.00554	0.00890
12	0.00789	0.00603	0.00865	0.01118	0.09433	0.00576	0.00689	0.00924	0.01129	0.01519	0.02910	0.67110	0.03432	0.01636	0.00714	0.00227	0.00381	0.04924	0.00503	0.00518
13	0.01116	0.00637	0.00680	0.00650	0.00798	0.00629	0.00483	0.04835	0.01368	0.02236	0.15848	0.02634	0.02254	0.04160	0.00591	0.00172	0.00317	0.00656	0.59357	0.00577
14	0.01138	0.00949	0.01077	0.00819	0.01251	0.00731	0.00642	0.01356	0.01243	0.01865	0.02011	0.02120	0.15095	0.00666	0.00494	0.00118	0.00410	0.00530	0.04392	0.63094
15	0.00958	0.00765	0.01071	0.01021	0.01093	0.00918	0.00784	0.01101	0.00934	0.01357	0.01475	0.02350	0.01446	0.15011	0.51524	0.00742	0.15951	0.00641	0.00321	0.00537
16	0.00995	0.01089	0.15133	0.00922	0.01218	0.00723	0.00856	0.01285	0.01480	0.06197	0.39007	0.07941	0.18566	0.01147	0.00670	0.00195	0.00418	0.00973	0.00551	0.00635
17	0.01121	0.00575	0.00575	0.00573	0.00711	0.00567	0.00426	0.01371	0.01233	0.02178	0.01913	0.02200	0.01512	0.00702	0.00424	0.00144	0.00287	0.00550	0.82377	0.00562
18	0.01193	0.01155	0.01562	0.02997	0.01453	0.01526	0.01123	0.01311	0.00999	0.01462	0.01763	0.02133	0.14988	0.01109	0.01635	0.00248	0.61743	0.00651	0.00322	0.00627
19	0.00768	0.00548	0.00711	0.00823	0.00868	0.00508	0.00551	0.00861	0.01160	0.01562	0.08565	0.70921	0.03875	0.04250	0.00817	0.00248	0.00354	0.01564	0.00549	0.00496
20	0.00797	0.00570	0.00754	0.00883	0.00939	0.00536	0.00629	0.00912	0.01171	0.01559	0.03165	0.65167	0.03717	0.01778	0.00763	0.00248	0.00388	0.14972	0.00547	0.00506
21	0.00956	0.00774	0.01115	0.01066	0.01153	0.00943	0.00839	0.01129	0.00947	0.01390	0.01435	0.02126	0.01348	0.03675	0.62727	0.00797	0.16098	0.00608	0.00314	0.00561
22	0.00859	0.00682	0.00910	0.00967	0.00999	0.00741	0.00691	0.00948	0.01088	0.01496	0.02736	0.64187	0.03238	0.01669	0.00967	0.00245	0.15134	0.01422	0.00495	0.00524
23	0.00751	0.00555	0.00689	0.00793	0.00862	0.00503	0.00538	0.00844	0.01169	0.01528	0.03686	0.64988	0.17423	0.01753	0.00741	0.00234	0.00344	0.01555	0.00548	0.00498
24	0.01616	0.01335	0.01409	0.01227	0.01579	0.01515	0.00961	0.16501	0.61021	0.02664	0.02191	0.02058	0.01644	0.00793	0.00603	0.00200	0.00505	0.00638	0.00596	0.00944
25	0.01287	0.01165	0.01865	0.18738	0.43542	0.01218	0.01439	0.01599	0.03824	0.01706	0.01298	0.01976	0.01177	0.15514	0.01032	0.00257	0.00682	0.00592	0.00318	0.00769
26	0.01547	0.01375	0.02120	0.17291	0.48001	0.01447	0.01612	0.15415	0.01566	0.02167	0.01174	0.01502	0.00942	0.00591	0.00591	0.00184	0.00703	0.00528	0.00351	0.00893
27	0.01180	0.06732	0.58002	0.01517	0.02207	0.01280	0.01839	0.01722	0.01259	0.01816	0.01445	0.02254	0.01261	0.00772	0.00603	0.00203	0.00788	0.14000	0.00315	0.00805
28	0.01804	0.02077	0.01460	0.01346	0.01572	0.49571	0.01009	0.05644	0.01528	0.01596	0.01408	0.15954	0.01397	0.00896	0.00701	0.00184	0.07832	0.00648	0.02713	0.00662

[dist]
# distance from previous block
# <min> <max>
0	1

[block]
# block no. 3 follows, 41 sequences, length 13
# corresponding to MSA columns:
# 258-270
name=unknown_D
#
# <colnr> <probs for GDERKNQSTAVLIFYWHMCP>
#	G	D	E	R	K	N	Q	S	T	A	V	L	I	F	Y	W	H	M	C	P
0	0.00811	0.00591	0.00801	0.00767	0.00894	0.00582	0.00582	0.01066	0.01452	0.02063	0.58248	0.03789	0.04450	0.01914	0.19042	0.00356	0.00571	0.00934	0.00553	0.00533
1	0.01511	0.01611	0.01999	0.17616	0.39573	0.19564	0.01535	0.01800	0.01320	0.01646	0.00998	0.01335	0.00828	0.00572	0.00639	0.00174	0.05749	0.00475	0.00278	0.00777
2	0.01071	0.00839	0.01017	0.00808	0.01160	0.00672	0.00628	0.01318	0.01332	0.04187	0.25236	0.07905	0.02535	0.00771	0.00531	0.00129	0.00370	0.00662	0.00457	0.48374
3	0.00794	0.00564	0.00632	0.00632	0.00685	0.00548	0.00391	0.00841	0.00950	0.01227	0.02738	0.04068	0.19705	0.56368	0.07128	0.00491	0.00553	0.00907	0.00388	0.00390
4	0.01096	0.01480	0.19668	0.60171	0.03590	0.01285	0.01714	0.01545	0.01159	0.01545	0.01019	0.01449	0.00753	0.00565	0.00565	0.00188	0.00782	0.00488	0.00251	0.00686
5	0.01168	0.01107	0.00971	0.00897	0.01084	0.18937	0.00675	0.01397	0.01595	0.04228	0.50396	0.03527	0.09714	0.01039	0.00634	0.00173	0.00460	0.00875	0.00544	0.00578
6	0.20856	0.01038	0.01507	0.59961	0.03263	0.01274	0.01357	0.01514	0.01103	0.01725	0.00964	0.01383	0.00728	0.00562	0.00520	0.00187	0.00686	0.00461	0.00278	0.00632
7	0.01391	0.01323	0.02195	0.08985	0.64997	0.01357	0.01676	0.01834	0.07096	0.01879	0.01170	0.01480	0.00961	0.00535	0.00568	0.00173	0.00668	0.00520	0.00304	0.00886
8	0.00697	0.00498	0.00664	0.00796	0.00830	0.00465	0.00531	0.00796	0.01095	0.01460	0.03153	0.79525	0.03783	0.01792	0.00730	0.00232	0.00332	0.01626	0.00531	0.00465
9	0.00701	0.00524	0.00654	0.00755	0.00831	0.00477	0.00524	0.00818	0.01154	0.01491	0.03778	0.58810	0.21022	0.01701	0.00720	0.00224	0.00330	0.04482	0.00531	0.00472
10	0.03432	0.37919	0.16785	0.01096	0.01528	0.07536	0.01095	0.01557	0.01186	0.01500	0.01410	0.19745	0.01457	0.00820	0.00500	0.00163	0.00619	0.00649	0.00319	0.00683
11	0.00755	0.00566	0.00749	0.00784	0.00853	0.00530	0.03392	0.00850	0.01065	0.01394	0.03092	0.45888	0.13488	0.22336	0.01297	0.00310	0.00410	0.01319	0.00473	0.00448
12	0.01343	0.01522	0.03257	0.02345	0.02881	0.01469	0.68933	0.01799	0.01316	0.01799	0.01128	0.01522	0.00859	0.00520	0.00763	0.00197	0.06639	0.00662	0.00286	0.00761

[dist]
# distance from previous block
# <min> <max>
0	3

[block]
# block no. 4 follows, 41 sequences, length 13
# corresponding to MSA columns:
# 274-286
name=unknown_E
#
# <colnr> <probs for GDERKNQSTAVLIFYWHMCP>
#	G	D	E	R	K	N	Q	S	T	A	V	L	I	F	Y	W	H	M	C	P
0	0.83938	0.01106	0.00841	0.00752	0.01106	0.01283	0.00619	0.01681	0.00973	0.02566	0.00796	0.00929	0.00619	0.00531	0.00354	0.00177	0.00442	0.00310	0.00354	0.00619
1	0.01037	0.00825	0.01240	0.18242	0.05963	0.00848	0.02774	0.01320	0.01260	0.03422	0.02304	0.09053	0.04018	0.01157	0.00682	0.00218	0.00569	0.36448	0.00435	0.08186
2	0.01331	0.01673	0.10125	0.02339	0.02942	0.01436	0.67633	0.01830	0.01337	0.01830	0.01145	0.01512	0.00855	0.00488	0.00663	0.00192	0.00953	0.00652	0.00285	0.00778
3	0.01220	0.01021	0.01181	0.00853	0.01345	0.00793	0.00683	0.04294	0.01245	0.01943	0.01064	0.01230	0.00876	0.00443	0.00428	0.00090	0.00426	0.00353	0.03588	0.76922
4	0.01128	0.01045	0.01428	0.01238	0.01298	0.01352	0.00997	0.01257	0.00904	0.01376	0.01030	0.01738	0.01042	0.12888	0.11703	0.00366	0.50218	0.00549	0.00280	0.08165
5	0.00697	0.00498	0.00664	0.00796	0.00830	0.00465	0.00531	0.00796	0.01095	0.01460	0.03153	0.79525	0.03783	0.01792	0.00730	0.00232	0.00332	0.01626	0.00531	0.00465
6	0.01221	0.01298	0.02607	0.01955	0.02382	0.01260	0.50961	0.01701	0.07025	0.01784	0.01632	0.17203	0.01516	0.00788	0.00725	0.00203	0.03809	0.00857	0.00359	0.00715
7	0.07534	0.01054	0.01482	0.01147	0.01555	0.01004	0.06560	0.05164	0.01538	0.55968	0.01924	0.01796	0.01264	0.00825	0.03404	0.00209	0.05510	0.00560	0.00604	0.00897
8	0.00697	0.00498	0.00664	0.00796	0.00830	0.00465	0.00531	0.00796	0.01095	0.01460	0.03153	0.79525	0.03783	0.01792	0.00730	0.00232	0.00332	0.01626	0.00531	0.00465
9	0.00697	0.00498	0.00664	0.00796	0.00830	0.00465	0.00531	0.00796	0.01095	0.01460	0.03153	0.79525	0.03783	0.01792	0.00730	0.00232	0.00332	0.01626	0.00531	0.00465
10	0.02030	0.01423	0.01562	0.01232	0.01638	0.01547	0.01002	0.60164	0.02419	0.09032	0.01652	0.10646	0.01339	0.00819	0.00591	0.00179	0.00583	0.00651	0.00578	0.00913
11	0.00700	0.00506	0.00662	0.00780	0.00827	0.00469	0.00525	0.00809	0.01129	0.01498	0.06176	0.71827	0.08488	0.01746	0.00724	0.00228	0.00327	0.01576	0.00535	0.00469
12	0.00817	0.00613	0.00919	0.00919	0.01021	0.00715	0.00715	0.01021	0.00919	0.01328	0.01532	0.02247	0.01430	0.04290	0.77631	0.00919	0.01532	0.00613	0.00306	0.00511

[dist]
# distance from previous block
# <min> <max>
0	1

[block]
# block no. 5 follows, 41 sequences, length 10
# corresponding to MSA columns:
# 288-297
name=unknown_F
#
# <colnr> <probs for GDERKNQSTAVLIFYWHMCP>
#	G	D	E	R	K	N	Q	S	T	A	V	L	I	F	Y	W	H	M	C	P
0	0.01416	0.01359	0.02322	0.03511	0.76330	0.01359	0.01755	0.01755	0.01302	0.01869	0.01076	0.01416	0.00906	0.00510	0.00566	0.00170	0.00680	0.00510	0.00283	0.00906
1	0.00947	0.00670	0.00784	0.00747	0.00845	0.00668	0.00507	0.08942	0.01296	0.01756	0.21312	0.14422	0.06146	0.36539	0.01675	0.00355	0.00447	0.00978	0.00478	0.00487
2	0.00831	0.00560	0.00650	0.00650	0.00659	0.00569	0.00379	0.00848	0.00839	0.01128	0.01779	0.03613	0.02023	0.73298	0.09433	0.00586	0.00640	0.00813	0.00343	0.00361
3	0.01662	0.03098	0.01030	0.05065	0.01226	0.00752	0.00683	0.01911	0.01430	0.33082	0.10891	0.02340	0.04051	0.00756	0.00522	0.00162	0.00397	0.00622	0.29593	0.00727
4	0.01186	0.01017	0.01186	0.00847	0.01356	0.00762	0.00678	0.01440	0.01186	0.01864	0.01017	0.01186	0.00847	0.00424	0.00424	0.00085	0.00424	0.00339	0.00339	0.83395
5	0.01550	0.09650	0.28435	0.01320	0.01858	0.08043	0.01352	0.02373	0.25426	0.11904	0.01579	0.01564	0.01151	0.00640	0.00541	0.00176	0.00663	0.00500	0.00420	0.00855
6	0.00726	0.00518	0.00697	0.00829	0.00875	0.00489	0.00581	0.00846	0.01124	0.01492	0.03137	0.70133	0.03720	0.01765	0.00738	0.00236	0.00357	0.10733	0.00530	0.00473
7	0.00737	0.00582	0.00663	0.00643	0.00810	0.00509	0.00482	0.00938	0.01447	0.01885	0.37663	0.04946	0.44017	0.01322	0.00675	0.00187	0.00281	0.01129	0.00576	0.00509
8	0.01958	0.01469	0.01588	0.01272	0.01682	0.01630	0.01046	0.57597	0.13645	0.03266	0.01653	0.01902	0.01279	0.00773	0.00591	0.00183	0.00594	0.06377	0.00570	0.00926
9	0.00762	0.00558	0.00715	0.00728	0.00838	0.00511	0.00526	0.00967	0.01428	0.01964	0.46692	0.27007	0.12408	0.01386	0.00691	0.00197	0.00291	0.01230	0.00590	0.00511

[dist]
# distance from previous block
# <min> <max>
0	1

[block]
# block no. 6 follows, 41 sequences, length 7
# corresponding to MSA columns:
# 299-305
name=unknown_G
#
# <colnr> <probs for GDERKNQSTAVLIFYWHMCP>
#	G	D	E	R	K	N	Q	S	T	A	V	L	I	F	Y	W	H	M	C	P
0	0.00691	0.00520	0.00641	0.00737	0.00814	0.00470	0.00505	0.00803	0.01152	0.01483	0.03873	0.59345	0.23498	0.01698	0.00715	0.00222	0.00320	0.01512	0.00531	0.00470
1	0.01346	0.01181	0.01612	0.01164	0.01677	0.01010	0.12647	0.11363	0.01416	0.02094	0.01088	0.01269	0.00868	0.00469	0.00484	0.00114	0.00539	0.00417	0.00362	0.58881
2	0.01413	0.01049	0.01312	0.01086	0.01365	0.01094	0.06334	0.23573	0.09415	0.05834	0.19338	0.02913	0.04268	0.13686	0.00997	0.00245	0.00520	0.04315	0.00532	0.00713
3	0.01300	0.01268	0.01788	0.41659	0.21071	0.07260	0.01481	0.01853	0.13228	0.01707	0.01233	0.01558	0.00955	0.00591	0.00568	0.00183	0.00713	0.00520	0.00317	0.00747
4	0.01414	0.01304	0.01639	0.13410	0.28562	0.13448	0.01270	0.01675	0.01331	0.07419	0.01771	0.06728	0.06199	0.03320	0.00673	0.00197	0.00669	0.07877	0.00370	0.00723
5	0.01432	0.01412	0.02234	0.09175	0.66402	0.05797	0.01705	0.01764	0.01309	0.01810	0.01060	0.01402	0.00885	0.00519	0.00564	0.00170	0.00706	0.00501	0.00282	0.00871
6	0.01406	0.00964	0.01075	0.00932	0.01232	0.00988	0.00735	0.12242	0.21309	0.14253	0.05637	0.03249	0.27764	0.01164	0.04214	0.00221	0.00471	0.00823	0.00572	0.00748

[dist]
# distance from previous block
# <min> <max>
0	8

[block]
# block no. 7 follows, 41 sequences, length 17
# corresponding to MSA columns:
# 314-330
name=unknown_H
#
# <colnr> <probs for GDERKNQSTAVLIFYWHMCP>
#	G	D	E	R	K	N	Q	S	T	A	V	L	I	F	Y	W	H	M	C	P
0	0.00994	0.00497	0.00745	0.00745	0.00745	0.00497	0.00497	0.00745	0.00745	0.00994	0.00994	0.01739	0.00994	0.01987	0.02235	0.83358	0.00497	0.00497	0.00248	0.00248
1	0.01416	0.01451	0.04163	0.09518	0.43827	0.05935	0.09122	0.01976	0.13169	0.01883	0.01267	0.01525	0.01009	0.00561	0.00577	0.00177	0.00706	0.00538	0.00329	0.00852
2	0.01541	0.01366	0.09120	0.01186	0.01569	0.01293	0.01038	0.23580	0.24874	0.06098	0.06572	0.05700	0.01856	0.00869	0.00605	0.00191	0.00538	0.08473	0.00538	0.02992
3	0.02280	0.01080	0.06861	0.01032	0.01473	0.00846	0.00904	0.02539	0.01604	0.63508	0.09776	0.02132	0.01775	0.00743	0.00583	0.00178	0.00491	0.00611	0.00665	0.00919
4	0.00746	0.00558	0.00684	0.00756	0.00848	0.00515	0.00526	0.03107	0.01233	0.01609	0.09193	0.54212	0.20649	0.01631	0.00708	0.00217	0.00327	0.01450	0.00540	0.00490
5	0.04770	0.00904	0.00927	0.06591	0.01232	0.07710	0.00692	0.08170	0.01345	0.01734	0.04914	0.27068	0.22112	0.05129	0.03869	0.00244	0.00507	0.01056	0.00470	0.00554
6	0.02321	0.01131	0.06896	0.01059	0.01516	0.00912	0.00927	0.04339	0.05137	0.62862	0.02291	0.02032	0.04395	0.00729	0.00577	0.00179	0.00507	0.00592	0.00657	0.00941
7	0.00789	0.00579	0.00721	0.00708	0.00832	0.00533	0.00521	0.01000	0.01440	0.01971	0.48995	0.09163	0.16308	0.09394	0.00915	0.00228	0.00319	0.04507	0.00573	0.00505
8	0.01343	0.01182	0.02129	0.26356	0.22411	0.01229	0.19089	0.01714	0.01278	0.07295	0.01246	0.01594	0.00947	0.00553	0.00578	0.00179	0.00718	0.00557	0.08847	0.00755
9	0.01268	0.01218	0.02192	0.08620	0.19227	0.01206	0.27200	0.06984	0.01333	0.01825	0.01438	0.10837	0.01341	0.08855	0.00862	0.00224	0.00722	0.00727	0.00342	0.03579
10	0.05872	0.01071	0.01752	0.63349	0.14123	0.01284	0.01557	0.01516	0.01157	0.01583	0.01013	0.01475	0.00775	0.00561	0.00559	0.00187	0.00732	0.00497	0.00264	0.00673
11	0.02036	0.02292	0.01533	0.01360	0.01671	0.56577	0.01036	0.09693	0.04881	0.06027	0.04603	0.01432	0.03066	0.00663	0.00539	0.00156	0.00880	0.00460	0.00381	0.00713
12	0.08526	0.03208	0.02118	0.09370	0.05165	0.01210	0.29017	0.01756	0.02908	0.10525	0.01353	0.01757	0.01069	0.01132	0.12039	0.00294	0.01962	0.02654	0.00356	0.03581
13	0.42498	0.01050	0.03735	0.07167	0.01447	0.01094	0.02664	0.01524	0.01111	0.04038	0.04556	0.07397	0.01449	0.00799	0.00545	0.00191	0.03213	0.09776	0.00391	0.05355
14	0.01327	0.01223	0.04736	0.04791	0.01554	0.08540	0.04894	0.05752	0.01305	0.07046	0.01628	0.14365	0.03390	0.05676	0.00772	0.00183	0.05046	0.00672	0.00395	0.26706
15	0.03836	0.01187	0.01429	0.01114	0.01480	0.04731	0.08334	0.20959	0.01651	0.02309	0.13625	0.02068	0.01768	0.09932	0.00824	0.00196	0.00554	0.00594	0.00444	0.22964
16	0.01466	0.01001	0.01190	0.00935	0.01347	0.00871	0.00739	0.06278	0.09158	0.15917	0.01681	0.11471	0.01432	0.00705	0.00517	0.00138	0.00439	0.00591	0.00472	0.43653

[dist]
# distance from previous block
# <min> <max>
0	1

[block]
# block no. 8 follows, 41 sequences, length 6
# corresponding to MSA columns:
# 332-337
name=unknown_I
#
# <colnr> <probs for GDERKNQSTAVLIFYWHMCP>
#	G	D	E	R	K	N	Q	S	T	A	V	L	I	F	Y	W	H	M	C	P
0	0.09604	0.17338	0.01713	0.01044	0.01485	0.01478	0.00890	0.22723	0.01577	0.02300	0.01036	0.01165	0.00832	0.00562	0.00545	0.00138	0.05733	0.00391	0.00383	0.29061
1	0.00999	0.00894	0.01307	0.04647	0.08455	0.04297	0.11418	0.01230	0.01257	0.01699	0.08028	0.28738	0.12117	0.01131	0.00638	0.00192	0.00495	0.01033	0.08028	0.03399
2	0.01573	0.01493	0.06374	0.09010	0.23722	0.04721	0.03373	0.22697	0.01676	0.02307	0.01136	0.01343	0.00881	0.00555	0.00540	0.00156	0.00656	0.00471	0.00373	0.16942
3	0.00878	0.08166	0.01064	0.00863	0.01052	0.00722	0.03360	0.01030	0.01145	0.01537	0.02747	0.49528	0.09543	0.01364	0.00638	0.00193	0.00393	0.01216	0.00463	0.14097
4	0.01477	0.01052	0.01150	0.01020	0.01306	0.08093	0.02352	0.09359	0.04929	0.16758	0.07160	0.06138	0.16184	0.01067	0.00640	0.00194	0.00512	0.15723	0.00542	0.04346
5	0.00919	0.05942	0.00914	0.00797	0.00935	0.00733	0.00580	0.08063	0.01315	0.01725	0.10794	0.38515	0.14928	0.10044	0.00915	0.00243	0.00391	0.01213	0.00506	0.00530

[dist]
# distance from previous block
# <min> <max>
2	7

[block]
# block no. 9 follows, 41 sequences, length 6
# corresponding to MSA columns:
# 345-350
name=unknown_J
#
# <colnr> <probs for GDERKNQSTAVLIFYWHMCP>
#	G	D	E	R	K	N	Q	S	T	A	V	L	I	F	Y	W	H	M	C	P
0	0.04733	0.00788	0.00910	0.00802	0.01041	0.00753	0.00616	0.06400	0.07066	0.06471	0.33073	0.06283	0.15765	0.03512	0.00687	0.00186	0.00359	0.00884	0.00555	0.09115
1	0.04525	0.01253	0.01839	0.34237	0.06096	0.06697	0.10939	0.04214	0.01246	0.04347	0.01071	0.01448	0.00838	0.00742	0.03702	0.00211	0.08578	0.00505	0.00303	0.07208
2	0.01533	0.01222	0.01372	0.01012	0.01502	0.01117	0.00821	0.27036	0.01713	0.02474	0.01142	0.01252	0.00891	0.00516	0.00476	0.00115	0.00496	0.00401	0.00421	0.54489
3	0.03541	0.00864	0.01354	0.24076	0.13183	0.00917	0.04286	0.01251	0.01239	0.01697	0.12533	0.22200	0.08521	0.01028	0.00633	0.00197	0.00530	0.00929	0.00410	0.00612
4	0.01410	0.01394	0.02182	0.15069	0.60226	0.06277	0.01687	0.01744	0.01298	0.01775	0.01054	0.01408	0.00873	0.00524	0.00564	0.00172	0.00715	0.00500	0.00279	0.00848
5	0.07646	0.01060	0.01710	0.64521	0.11313	0.01281	0.01530	0.01510	0.01147	0.01591	0.01006	0.01467	0.00766	0.00562	0.00554	0.00187	0.00729	0.00493	0.00265	0.00663

[dist]
# distance from previous block
# <min> <max>
1	4

[block]
# block no. 10 follows, 41 sequences, length 11
# corresponding to MSA columns:
# 355-365
name=unknown_K
#
# <colnr> <probs for GDERKNQSTAVLIFYWHMCP>
#	G	D	E	R	K	N	Q	S	T	A	V	L	I	F	Y	W	H	M	C	P
0	0.06031	0.01342	0.01457	0.01168	0.01537	0.01497	0.00954	0.45812	0.09746	0.06804	0.01515	0.01562	0.01114	0.00808	0.02864	0.00196	0.04565	0.00525	0.09634	0.00868
1	0.01392	0.05230	0.01704	0.05261	0.01672	0.12354	0.05611	0.07803	0.01237	0.01637	0.01148	0.05873	0.01088	0.02202	0.05740	0.00253	0.32395	0.02531	0.01507	0.03363
2	0.01374	0.01005	0.01150	0.01020	0.01277	0.01042	0.00793	0.31067	0.01776	0.02420	0.02184	0.32485	0.02255	0.01163	0.00630	0.00193	0.00472	0.06057	0.04240	0.07397
3	0.01006	0.08993	0.09544	0.00957	0.01257	0.00860	0.05991	0.01277	0.01384	0.05647	0.27610	0.11210	0.19875	0.01086	0.00630	0.00183	0.00439	0.00944	0.00495	0.00611
4	0.00809	0.00676	0.00879	0.00803	0.00996	0.00604	0.05739	0.01026	0.03298	0.01678	0.15208	0.17224	0.36066	0.06651	0.00820	0.00216	0.00372	0.01123	0.00507	0.05306
5	0.01186	0.01017	0.01186	0.00847	0.01356	0.00762	0.00678	0.01440	0.01186	0.01864	0.01017	0.01186	0.00847	0.00424	0.00424	0.00085	0.00424	0.00339	0.00339	0.83395
6	0.05262	0.06184	0.01122	0.00943	0.04454	0.00840	0.00703	0.05136	0.01519	0.12499	0.35545	0.07607	0.08535	0.00999	0.00607	0.00175	0.00386	0.02065	0.00553	0.04867
7	0.00927	0.00667	0.00832	0.00841	0.00961	0.00666	0.00617	0.05547	0.01253	0.01788	0.08246	0.44458	0.02993	0.01359	0.00715	0.00202	0.04892	0.04185	0.12074	0.06777
8	0.01875	0.04487	0.01602	0.01400	0.05286	0.32122	0.01049	0.22699	0.14027	0.02219	0.01601	0.01629	0.06102	0.00699	0.00551	0.00165	0.00741	0.00518	0.00435	0.00793
9	0.02084	0.01452	0.01601	0.01219	0.01682	0.01531	0.01004	0.56435	0.02366	0.11579	0.01424	0.01412	0.01005	0.00653	0.00552	0.00160	0.00585	0.00498	0.00556	0.12203
10	0.04934	0.01287	0.01399	0.02899	0.01546	0.07705	0.03925	0.24295	0.10713	0.14376	0.12526	0.02193	0.06084	0.00788	0.00581	0.00176	0.00549	0.00641	0.02574	0.00808

[dist]
# distance from previous block
# <min> <max>
4	18

[block]
# block no. 11 follows, 41 sequences, length 23
# corresponding to MSA columns:
# 384-406
name=unknown_L
#
# <colnr> <probs for GDERKNQSTAVLIFYWHMCP>
#	G	D	E	R	K	N	Q	S	T	A	V	L	I	F	Y	W	H	M	C	P
0	0.08931	0.01545	0.01623	0.02779	0.04990	0.07400	0.01071	0.45436	0.02080	0.02881	0.01179	0.01288	0.00887	0.00666	0.00664	0.00171	0.08201	0.00471	0.00465	0.07273
1	0.01678	0.01486	0.01781	0.11718	0.02075	0.11729	0.11678	0.26597	0.05070	0.04167	0.05664	0.01635	0.01224	0.00675	0.00639	0.00177	0.04589	0.00556	0.06080	0.00781
2	0.04268	0.09226	0.07836	0.11587	0.08124	0.18315	0.01215	0.16472	0.03760	0.02026	0.01218	0.01383	0.03160	0.00611	0.00545	0.00161	0.02095	0.00459	0.00356	0.07184
3	0.18060	0.01301	0.08902	0.19817	0.20684	0.01248	0.04384	0.01709	0.06173	0.01940	0.01264	0.01789	0.01054	0.00637	0.00540	0.00186	0.00639	0.06063	0.02880	0.00732
4	0.08444	0.01175	0.01284	0.01060	0.01389	0.01267	0.00846	0.34815	0.09388	0.07688	0.16802	0.07095	0.02162	0.03182	0.00655	0.00191	0.00493	0.00701	0.00566	0.00798
5	0.00801	0.00553	0.00677	0.00694	0.00731	0.00546	0.00441	0.00883	0.01031	0.01406	0.15575	0.18018	0.02962	0.45731	0.07125	0.00450	0.00526	0.01004	0.00430	0.00415
6	0.01211	0.01037	0.01248	0.07258	0.01583	0.00839	0.00767	0.03949	0.01234	0.01891	0.01029	0.01220	0.00845	0.00445	0.00441	0.00096	0.00459	0.00359	0.00340	0.73750
7	0.03612	0.00574	0.00721	0.00776	0.00880	0.00533	0.00553	0.00938	0.01236	0.01718	0.19301	0.47953	0.09130	0.01516	0.00690	0.00211	0.00332	0.04634	0.00538	0.04153
8	0.01258	0.02440	0.55769	0.01613	0.02338	0.01245	0.11163	0.01834	0.01291	0.07665	0.06895	0.01543	0.01155	0.00596	0.00573	0.00182	0.00789	0.00514	0.00314	0.00822
9	0.01320	0.01597	0.09178	0.08422	0.11555	0.01413	0.54201	0.01793	0.01317	0.01806	0.01126	0.01499	0.00852	0.00497	0.00643	0.00189	0.00906	0.00622	0.00282	0.00783
10	0.00694	0.00508	0.00653	0.00770	0.00823	0.00467	0.00519	0.00799	0.01121	0.01471	0.03480	0.70363	0.12734	0.01749	0.00723	0.00227	0.00327	0.01574	0.00531	0.00467
11	0.01314	0.01398	0.02698	0.10510	0.15658	0.01472	0.39609	0.01691	0.01227	0.01710	0.01049	0.01462	0.00841	0.00598	0.00879	0.00200	0.16061	0.00594	0.00277	0.00752
12	0.01885	0.01460	0.01581	0.05538	0.01800	0.03156	0.01068	0.49888	0.17499	0.03080	0.01638	0.01829	0.01252	0.00749	0.00586	0.00182	0.00602	0.04752	0.00548	0.00908
13	0.00823	0.00551	0.00627	0.00635	0.00638	0.00548	0.00359	0.00829	0.00850	0.01133	0.01893	0.08847	0.02194	0.74638	0.02764	0.00533	0.00540	0.00885	0.00359	0.00355
14	0.01465	0.01098	0.01355	0.01162	0.07564	0.00978	0.00849	0.12106	0.01484	0.09977	0.07017	0.01553	0.01280	0.00574	0.00536	0.00126	0.02831	0.00462	0.00427	0.47156
15	0.01310	0.01621	0.09332	0.02288	0.02869	0.01401	0.65633	0.01793	0.01329	0.01817	0.01219	0.04352	0.00962	0.00535	0.00666	0.00193	0.00932	0.00689	0.00294	0.00766
16	0.00697	0.00498	0.00664	0.00796	0.00830	0.00465	0.00531	0.00796	0.01095	0.01460	0.03153	0.79525	0.03783	0.01792	0.00730	0.00232	0.00332	0.01626	0.00531	0.00465
17	0.00697	0.00498	0.00664	0.00796	0.00830	0.00465	0.00531	0.00796	0.01095	0.01460	0.03153	0.79525	0.03783	0.01792	0.00730	0.00232	0.00332	0.01626	0.00531	0.00465
18	0.01268	0.05482	0.38098	0.02091	0.09978	0.01416	0.29811	0.01810	0.01270	0.01806	0.01072	0.01345	0.00798	0.00514	0.00589	0.00182	0.00865	0.00524	0.00264	0.00818
19	0.02138	0.02682	0.01625	0.01467	0.01768	0.74635	0.01104	0.05107	0.01663	0.01486	0.00903	0.01045	0.00746	0.00593	0.00518	0.00148	0.01016	0.00374	0.00306	0.00675
20	0.00787	0.00599	0.00655	0.00665	0.00851	0.00516	0.00511	0.00944	0.01304	0.04876	0.05143	0.11192	0.59560	0.01456	0.00688	0.00203	0.00327	0.08678	0.00538	0.00508
21	0.01257	0.01268	0.01847	0.01555	0.01589	0.01734	0.05525	0.01403	0.00904	0.01403	0.00775	0.01268	0.00758	0.00971	0.01807	0.00247	0.74292	0.00511	0.00253	0.00634
22	0.01203	0.00970	0.00980	0.14041	0.01448	0.11592	0.00769	0.01450	0.01219	0.01812	0.01608	0.07821	0.01375	0.00749	0.00571	0.00161	0.05757	0.00588	0.45316	0.00570

[dist]
# distance from previous block
# <min> <max>
1	5

[block]
# block no. 12 follows, 41 sequences, length 20
# corresponding to MSA columns:
# 412-431
name=unknown_M
#
# <colnr> <probs for GDERKNQSTAVLIFYWHMCP>
#	G	D	E	R	K	N	Q	S	T	A	V	L	I	F	Y	W	H	M	C	P
0	0.00717	0.00506	0.00658	0.00771	0.00800	0.00478	0.00504	0.00802	0.01057	0.01409	0.02955	0.68461	0.03534	0.13195	0.01049	0.00279	0.00364	0.01510	0.00504	0.00447
1	0.01203	0.01078	0.01335	0.01019	0.01394	0.01023	0.00829	0.01423	0.01105	0.01736	0.00947	0.01203	0.00822	0.00576	0.00806	0.00128	0.21056	0.00381	0.00316	0.61620
2	0.05098	0.01347	0.01586	0.01265	0.01586	0.01544	0.01046	0.37371	0.01909	0.15347	0.01349	0.01442	0.00989	0.00764	0.00901	0.00191	0.21163	0.00512	0.02940	0.01649
3	0.01343	0.01929	0.22674	0.05541	0.02923	0.01437	0.51433	0.01848	0.01340	0.01864	0.01176	0.01534	0.00883	0.00543	0.00660	0.00201	0.00940	0.00619	0.00296	0.00815
4	0.00901	0.00650	0.00866	0.00986	0.01097	0.00626	0.00798	0.01089	0.01285	0.01681	0.03278	0.28458	0.07968	0.01666	0.00788	0.00260	0.00474	0.46044	0.00547	0.00538
5	0.54716	0.01091	0.01017	0.00866	0.01235	0.01165	0.00703	0.03860	0.01245	0.22123	0.01322	0.01367	0.00948	0.00630	0.00448	0.00185	0.00469	0.00419	0.05441	0.00748
6	0.02000	0.01384	0.01690	0.21617	0.02332	0.01518	0.01202	0.43098	0.02137	0.14784	0.01478	0.01587	0.01045	0.00699	0.00598	0.00189	0.00661	0.00542	0.00528	0.00912
7	0.00889	0.00643	0.00839	0.00867	0.00996	0.00603	0.00678	0.01115	0.01490	0.02045	0.42451	0.13439	0.07310	0.01408	0.00740	0.00222	0.00378	0.22728	0.00601	0.00557
8	0.00793	0.00575	0.00777	0.00871	0.00928	0.00569	0.00607	0.00903	0.01087	0.01483	0.02766	0.58524	0.03193	0.02477	0.20985	0.00424	0.00670	0.01368	0.00491	0.00510
9	0.17743	0.02308	0.21372	0.01592	0.08946	0.31706	0.01352	0.02055	0.04317	0.01877	0.01042	0.01224	0.00825	0.00606	0.00525	0.00177	0.00827	0.00416	0.00323	0.00766
10	0.02011	0.02020	0.01600	0.01380	0.01735	0.34104	0.01069	0.24162	0.21357	0.02381	0.01473	0.01509	0.01131	0.00708	0.00576	0.00178	0.00774	0.00506	0.00474	0.00851
11	0.01666	0.01250	0.01383	0.01144	0.01493	0.01297	0.00898	0.41168	0.04936	0.02781	0.01885	0.22018	0.01781	0.00982	0.00618	0.00187	0.00534	0.00806	0.00547	0.12627
12	0.00900	0.00590	0.00774	0.00846	0.00894	0.00565	0.00573	0.03859	0.01107	0.01483	0.02551	0.55176	0.02963	0.01826	0.01144	0.22108	0.00410	0.01292	0.00477	0.00461
13	0.01044	0.00617	0.00810	0.00872	0.00973	0.00560	0.00605	0.01145	0.01215	0.12886	0.03057	0.67136	0.03455	0.01657	0.00731	0.00234	0.00377	0.01476	0.00576	0.00574
14	0.00797	0.00560	0.00699	0.00793	0.00823	0.00527	0.00510	0.00853	0.01064	0.01425	0.02837	0.58918	0.03364	0.22368	0.01328	0.00328	0.00413	0.01425	0.00501	0.00466
15	0.01205	0.01149	0.01711	0.01463	0.01547	0.01478	0.07525	0.01365	0.00969	0.01462	0.01055	0.01622	0.00998	0.01857	0.21714	0.00432	0.50954	0.00565	0.00290	0.00640
16	0.00885	0.00643	0.00885	0.00882	0.00963	0.00709	0.00644	0.01017	0.00936	0.01329	0.01659	0.02714	0.01653	0.24185	0.57258	0.00827	0.01285	0.00689	0.00338	0.00500
17	0.00799	0.00611	0.00719	0.00739	0.00877	0.00542	0.00539	0.00960	0.01392	0.01828	0.27592	0.22903	0.32557	0.01478	0.00717	0.00212	0.00325	0.04096	0.00581	0.00531
18	0.01908	0.14066	0.01779	0.01353	0.01688	0.45477	0.01056	0.02430	0.20967	0.01711	0.01312	0.01390	0.01060	0.00663	0.00537	0.00167	0.00831	0.00453	0.00384	0.00768
19	0.01114	0.00581	0.00582	0.00579	0.00720	0.00569	0.00430	0.01357	0.01241	0.02163	0.02058	0.02327	0.04167	0.00733	0.00437	0.00147	0.00290	0.00576	0.79366	0.00564

[dist]
# distance from previous block
# <min> <max>
0	1

[block]
# block no. 13 follows, 41 sequences, length 17
# corresponding to MSA columns:
# 433-449
name=unknown_N
#
# <colnr> <probs for GDERKNQSTAVLIFYWHMCP>
#	G	D	E	R	K	N	Q	S	T	A	V	L	I	F	Y	W	H	M	C	P
0	0.00823	0.00613	0.00727	0.00689	0.00830	0.00568	0.00503	0.03428	0.01458	0.01970	0.44366	0.04423	0.23347	0.12588	0.00994	0.00237	0.00328	0.01033	0.00561	0.00511
1	0.01422	0.01320	0.02195	0.24299	0.35847	0.01405	0.10729	0.12168	0.01464	0.01999	0.01112	0.01457	0.00870	0.00549	0.00582	0.00179	0.00732	0.00531	0.00317	0.00822
2	0.01557	0.76688	0.02934	0.01001	0.01482	0.05717	0.00985	0.01739	0.01183	0.01348	0.00799	0.00923	0.00734	0.00494	0.00374	0.00123	0.00631	0.00309	0.00247	0.00731
3	0.01361	0.16392	0.51487	0.01512	0.02209	0.12501	0.03402	0.01863	0.01263	0.01671	0.00968	0.01139	0.00731	0.00539	0.00512	0.00166	0.00834	0.00400	0.00251	0.00798
4	0.01767	0.01355	0.01527	0.01225	0.01588	0.01513	0.00999	0.46372	0.08796	0.02867	0.01409	0.01546	0.01083	0.01219	0.11782	0.00281	0.06717	0.00527	0.00493	0.06934
5	0.01031	0.00653	0.00833	0.00750	0.00946	0.00580	0.00572	0.01274	0.01546	0.11519	0.52458	0.06290	0.12828	0.01124	0.00651	0.00178	0.00309	0.00979	0.00610	0.04869
6	0.00765	0.00537	0.00706	0.00796	0.00839	0.00524	0.00536	0.02406	0.01072	0.01438	0.02750	0.60172	0.03235	0.10670	0.07168	0.03592	0.00465	0.01388	0.00482	0.00458
7	0.00880	0.00646	0.00845	0.00865	0.00971	0.00645	0.03965	0.01200	0.10221	0.01662	0.02670	0.49425	0.02933	0.07424	0.00829	0.00236	0.00384	0.01243	0.12424	0.00534
8	0.01083	0.00983	0.01525	0.57807	0.03203	0.01194	0.01360	0.01607	0.11839	0.01596	0.01468	0.11199	0.01276	0.00751	0.00593	0.00196	0.00665	0.00666	0.00335	0.00653
9	0.00790	0.00530	0.00643	0.00714	0.00764	0.00509	0.00475	0.00892	0.01055	0.01459	0.02753	0.40817	0.07081	0.23906	0.01311	0.00311	0.00394	0.04529	0.10623	0.00443
10	0.01164	0.01108	0.01134	0.01051	0.01233	0.14449	0.00808	0.04098	0.01166	0.01516	0.01522	0.12943	0.01505	0.02408	0.34614	0.00501	0.07019	0.00670	0.00347	0.10744
11	0.00907	0.00737	0.01022	0.00981	0.01028	0.00895	0.00742	0.01036	0.00917	0.01314	0.01634	0.13463	0.01738	0.18439	0.33287	0.00586	0.19665	0.00776	0.00334	0.00498
12	0.00957	0.00497	0.00735	0.00751	0.00756	0.00493	0.00501	0.00751	0.00788	0.01051	0.01259	0.11299	0.01336	0.01963	0.02050	0.73142	0.00477	0.00636	0.00283	0.00275
13	0.00927	0.00814	0.00857	0.00922	0.01017	0.10010	0.00675	0.01080	0.01201	0.01527	0.08204	0.44256	0.03134	0.01932	0.11804	0.00321	0.00610	0.09725	0.00477	0.00509
14	0.18893	0.01573	0.01467	0.10682	0.01861	0.16722	0.01025	0.26823	0.01797	0.12064	0.01226	0.01306	0.00884	0.00624	0.00516	0.00171	0.00670	0.00450	0.00450	0.00797
15	0.01176	0.01166	0.02093	0.01625	0.01943	0.01215	0.32595	0.01657	0.10345	0.01818	0.12200	0.05705	0.01847	0.05106	0.06035	0.00268	0.11395	0.00747	0.00384	0.00681
16	0.01586	0.01212	0.01321	0.01133	0.01470	0.01351	0.00895	0.17351	0.46713	0.07914	0.10670	0.02213	0.01988	0.00799	0.00590	0.00187	0.00470	0.00660	0.00594	0.00882

[dist]
# distance from previous block
# <min> <max>
0	1

[block]
# block no. 14 follows, 41 sequences, length 8
# corresponding to MSA columns:
# 451-458
name=unknown_O
#
# <colnr> <probs for GDERKNQSTAVLIFYWHMCP>
#	G	D	E	R	K	N	Q	S	T	A	V	L	I	F	Y	W	H	M	C	P
0	0.01594	0.01637	0.02516	0.04810	0.08141	0.13459	0.34314	0.01899	0.01345	0.06890	0.01160	0.01505	0.00920	0.00665	0.00894	0.00205	0.16353	0.00585	0.00331	0.00776
1	0.01221	0.02561	0.59221	0.01904	0.14010	0.01305	0.01961	0.01772	0.01253	0.01852	0.01244	0.06734	0.01025	0.00666	0.00587	0.00194	0.00802	0.00540	0.00290	0.00859
2	0.07780	0.02803	0.58481	0.01573	0.02291	0.13351	0.01852	0.01915	0.01293	0.01861	0.01049	0.01245	0.00779	0.00592	0.00551	0.00187	0.00861	0.00426	0.00281	0.00829
3	0.00999	0.00539	0.00559	0.00559	0.00654	0.00539	0.00385	0.01190	0.01095	0.01841	0.01848	0.02591	0.01641	0.23242	0.01115	0.00253	0.00349	0.00618	0.59502	0.00480
4	0.00907	0.00731	0.00790	0.00767	0.00961	0.02421	0.00565	0.01231	0.10094	0.03693	0.08303	0.23107	0.33311	0.03142	0.00704	0.00201	0.00358	0.01122	0.00523	0.07071
5	0.00945	0.00507	0.00719	0.00728	0.00730	0.00504	0.00473	0.00764	0.00785	0.01046	0.01284	0.07572	0.01376	0.15317	0.02245	0.63310	0.00495	0.00634	0.00285	0.00280
6	0.00984	0.00682	0.00898	0.00859	0.00957	0.00806	0.00675	0.01200	0.01023	0.01653	0.01541	0.02045	0.01337	0.02344	0.35269	0.00504	0.13193	0.00564	0.32929	0.00538
7	0.11349	0.01279	0.01776	0.05501	0.36350	0.04078	0.02966	0.05341	0.01323	0.02017	0.03423	0.01387	0.00991	0.00528	0.00513	0.00152	0.00601	0.00462	0.00329	0.19634

[dist]
# distance from previous block
# <min> <max>
1	3

[block]
# block no. 15 follows, 41 sequences, length 42
# corresponding to MSA columns:
# 462-503
name=unknown_P
#
# <colnr> <probs for GDERKNQSTAVLIFYWHMCP>
#	G	D	E	R	K	N	Q	S	T	A	V	L	I	F	Y	W	H	M	C	P
0	0.02039	0.14995	0.01827	0.01375	0.04611	0.42582	0.01057	0.08306	0.01611	0.12024	0.01113	0.01189	0.00861	0.00589	0.00503	0.00148	0.00819	0.00404	0.00368	0.03581
1	0.01331	0.07854	0.01495	0.01293	0.07111	0.07653	0.03009	0.15499	0.01393	0.01851	0.01385	0.04827	0.01250	0.04016	0.32183	0.00485	0.04062	0.00580	0.02053	0.00669
2	0.02937	0.07900	0.33836	0.07619	0.06414	0.01339	0.15863	0.01742	0.03467	0.01781	0.01153	0.04350	0.00924	0.00573	0.00554	0.00173	0.00760	0.00519	0.00287	0.07810
3	0.05209	0.04590	0.01810	0.01446	0.01689	0.16716	0.11470	0.07330	0.06056	0.01739	0.01102	0.01451	0.00944	0.03018	0.07532	0.00266	0.24547	0.00512	0.01889	0.00684
4	0.30180	0.01736	0.20398	0.01428	0.10363	0.04315	0.01230	0.11948	0.05116	0.02347	0.01061	0.01197	0.00803	0.00562	0.00479	0.00171	0.00620	0.00411	0.00356	0.05279
5	0.01300	0.05248	0.21889	0.03394	0.34236	0.01316	0.04417	0.05394	0.04243	0.01885	0.01353	0.10229	0.01210	0.00682	0.00575	0.00180	0.00682	0.00616	0.00325	0.00826
6	0.01162	0.04194	0.71393	0.01628	0.02429	0.01363	0.03333	0.01793	0.01196	0.01787	0.01014	0.01210	0.00728	0.00560	0.00595	0.00183	0.03928	0.00428	0.00243	0.00833
7	0.01207	0.00650	0.00777	0.00708	0.00822	0.00613	0.00464	0.01267	0.01048	0.18014	0.02211	0.03478	0.07624	0.56197	0.02218	0.00443	0.00519	0.00803	0.00441	0.00497
8	0.01435	0.01149	0.07043	0.03557	0.06636	0.01070	0.00962	0.04232	0.27699	0.14566	0.05572	0.12004	0.04580	0.00881	0.00591	0.00187	0.00479	0.00753	0.04720	0.01886
9	0.04329	0.02122	0.11137	0.05425	0.02070	0.33616	0.10976	0.10960	0.01605	0.07629	0.01113	0.01262	0.00836	0.00581	0.00546	0.00164	0.00853	0.00454	0.00355	0.03967
10	0.00815	0.00551	0.00625	0.00636	0.00646	0.00545	0.00365	0.00829	0.00871	0.01154	0.02066	0.09782	0.05141	0.70644	0.02651	0.00515	0.00527	0.00909	0.00368	0.00361
11	0.00697	0.00498	0.00664	0.00796	0.00830	0.00465	0.00531	0.00796	0.01095	0.01460	0.03153	0.79525	0.03783	0.01792	0.00730	0.00232	0.00332	0.01626	0.00531	0.00465
12	0.01655	0.46237	0.13848	0.01209	0.01700	0.21914	0.01181	0.01903	0.01301	0.03186	0.00888	0.01016	0.00749	0.00529	0.00438	0.00139	0.00755	0.00346	0.00268	0.00738
13	0.01362	0.01162	0.01357	0.11909	0.04343	0.01331	0.01009	0.08225	0.48949	0.02252	0.02193	0.06440	0.03917	0.00824	0.00594	0.00194	0.00507	0.02082	0.00520	0.00829
14	0.00731	0.00567	0.00665	0.00670	0.00814	0.00501	0.00491	0.00915	0.01388	0.01816	0.32160	0.17796	0.36631	0.01401	0.00685	0.00195	0.00289	0.01213	0.00569	0.00501
15	0.03439	0.00655	0.00714	0.00723	0.00884	0.02347	0.00535	0.01093	0.01237	0.07367	0.03857	0.22975	0.33581	0.04502	0.03063	0.00234	0.00394	0.04337	0.07537	0.00526
16	0.01483	0.01494	0.03838	0.37739	0.09991	0.15255	0.01382	0.14197	0.01499	0.01851	0.01100	0.01502	0.00874	0.04610	0.00679	0.00196	0.00772	0.00498	0.00324	0.00716
17	0.02121	0.00977	0.01261	0.01027	0.01403	0.00918	0.00840	0.06173	0.10700	0.51398	0.08953	0.02498	0.01938	0.00824	0.00601	0.00186	0.00473	0.06152	0.00665	0.00891
18	0.01267	0.02125	0.33607	0.02090	0.02778	0.01398	0.44604	0.01824	0.01292	0.01824	0.01103	0.01405	0.00809	0.00507	0.00621	0.00188	0.00915	0.00571	0.00270	0.00802
19	0.01205	0.04489	0.01491	0.01142	0.01373	0.01046	0.16296	0.03483	0.01212	0.01934	0.01461	0.01786	0.01172	0.00738	0.02046	0.00180	0.13578	0.00548	0.44198	0.00620
20	0.00829	0.00553	0.00625	0.00627	0.00628	0.00553	0.00350	0.00831	0.00837	0.01116	0.01830	0.05296	0.02114	0.78298	0.02867	0.00548	0.00550	0.00848	0.00350	0.00349
21	0.00697	0.00498	0.00664	0.00796	0.00830	0.00465	0.00531	0.00796	0.01095	0.01460	0.03153	0.79525	0.03783	0.01792	0.00730	0.00232	0.00332	0.01626	0.00531	0.00465
