[name]
unknown

[dist]
# distance from previous block
# <min> <max>
9	312

[block]
# block no. 0 follows, 41 sequences, length 20
# corresponding to MSA columns:
# 319-338
name=unknown_A
#
# <colnr> <probs for GDERKNQSTAVLIFYWHMCP>
#	G	D	E	R	K	N	Q	S	T	A	V	L	I	F	Y	W	H	M	C	P
0	0.42969	0.00841	0.00802	0.00790	0.01016	0.00907	0.00599	0.01391	0.01073	0.07566	0.01894	0.34025	0.02007	0.01074	0.00528	0.00200	0.00399	0.00882	0.00454	0.00580
1	0.00732	0.00583	0.00661	0.00676	0.00838	0.00512	0.00515	0.00912	0.01355	0.01713	0.20025	0.11110	0.47967	0.01431	0.00692	0.00201	0.00314	0.08716	0.00551	0.00498
2	0.01829	0.02002	0.01485	0.01329	0.01647	0.39515	0.01017	0.07391	0.33668	0.01977	0.01543	0.01533	0.01190	0.00677	0.00548	0.00169	0.00754	0.00499	0.00438	0.00789
3	0.04558	0.01399	0.01511	0.01312	0.04584	0.01574	0.01012	0.35248	0.36973	0.02926	0.01794	0.01720	0.01324	0.00717	0.00569	0.00182	0.00541	0.00570	0.00558	0.00926
4	0.01457	0.01013	0.01108	0.02979	0.01218	0.03654	0.00705	0.22652	0.02705	0.08974	0.03701	0.02720	0.01696	0.37145	0.01651	0.00348	0.00579	0.02446	0.00458	0.02790
5	0.75204	0.01097	0.00933	0.08950	0.01405	0.01282	0.00722	0.01658	0.00991	0.02450	0.00820	0.00992	0.00635	0.00535	0.00377	0.00178	0.00476	0.00331	0.00343	0.00621
6	0.00848	0.00549	0.00636	0.00636	0.00636	0.00549	0.00361	0.00823	0.00823	0.01098	0.01723	0.03547	0.01973	0.72288	0.02845	0.08642	0.00549	0.00799	0.00337	0.00337
7	0.02359	0.01307	0.01534	0.01176	0.01626	0.01335	0.00971	0.40763	0.02195	0.37963	0.01788	0.01643	0.01181	0.00697	0.00574	0.00174	0.00562	0.00543	0.00636	0.00973
8	0.01701	0.01173	0.01328	0.01078	0.01417	0.01246	0.00868	0.36442	0.09328	0.10575	0.25631	0.02441	0.02520	0.00853	0.00606	0.00177	0.00482	0.00702	0.00606	0.00827
9	0.00731	0.00529	0.00692	0.00763	0.00835	0.00489	0.00530	0.00887	0.01269	0.01726	0.26203	0.52633	0.07425	0.01581	0.00710	0.00214	0.00311	0.01422	0.00562	0.00489
10	0.01515	0.01172	0.01273	0.01128	0.01456	0.01321	0.00882	0.02923	0.64164	0.10224	0.05690	0.02212	0.01878	0.00787	0.00586	0.00192	0.00448	0.00657	0.00597	0.00896
11	0.00832	0.00555	0.00624	0.00624	0.00624	0.00555	0.00347	0.00832	0.00832	0.01109	0.01802	0.03743	0.02080	0.79898	0.02911	0.00555	0.00555	0.00832	0.00347	0.00347
12	0.06853	0.31337	0.31669	0.01293	0.01892	0.09155	0.01421	0.07191	0.01326	0.01781	0.00938	0.01077	0.00741	0.00538	0.00465	0.00155	0.00735	0.00374	0.00280	0.00781
13	0.83938	0.01106	0.00841	0.00752	0.01106	0.01283	0.00619	0.01681	0.00973	0.02566	0.00796	0.00929	0.00619	0.00531	0.00354	0.00177	0.00442	0.00310	0.00354	0.00619
14	0.01370	0.01050	0.01193	0.07059	0.01532	0.01157	0.00860	0.02444	0.46351	0.10028	0.07515	0.02689	0.12534	0.00875	0.00600	0.00191	0.00445	0.00734	0.00566	0.00807
15	0.00827	0.00983	0.13716	0.00902	0.01148	0.00650	0.00801	0.01068	0.01233	0.01696	0.14645	0.38216	0.12866	0.01327	0.00658	0.00199	0.00411	0.01170	0.00482	0.07001
16	0.69443	0.08980	0.06976	0.00843	0.01248	0.01382	0.00771	0.01695	0.01010	0.02388	0.00814	0.00950	0.00639	0.00528	0.00370	0.00172	0.00490	0.00318	0.00335	0.00648
17	0.08316	0.09496	0.01551	0.01070	0.01506	0.01271	0.00898	0.18459	0.06964	0.41869	0.01804	0.01649	0.01210	0.00672	0.00537	0.00171	0.00526	0.00519	0.00594	0.00917
18	0.07406	0.01062	0.01192	0.00895	0.01355	0.00907	0.00715	0.10450	0.01350	0.02105	0.01184	0.06292	0.01037	0.00553	0.00457	0.00112	0.00445	0.00442	0.00381	0.61660
19	0.00740	0.00576	0.00677	0.00690	0.00838	0.00512	0.00518	0.00928	0.01378	0.01788	0.27992	0.15549	0.37647	0.01416	0.00692	0.00200	0.00307	0.06489	0.00563	0.00502

[dist]
# distance from previous block
# <min> <max>
0	1

[block]
# block no. 1 follows, 41 sequences, length 28
# corresponding to MSA columns:
# 340-367
name=unknown_B
#
# <colnr> <probs for GDERKNQSTAVLIFYWHMCP>
#	G	D	E	R	K	N	Q	S	T	A	V	L	I	F	Y	W	H	M	C	P
0	0.01207	0.01019	0.01185	0.00866	0.01350	0.00793	0.00689	0.04626	0.01248	0.01922	0.01131	0.04797	0.00988	0.00498	0.00444	0.00095	0.00428	0.00406	0.00358	0.75950
1	0.01080	0.01017	0.01716	0.78523	0.03940	0.01271	0.01589	0.01461	0.01144	0.01461	0.01017	0.01525	0.00762	0.00572	0.00572	0.00191	0.00762	0.00508	0.00254	0.00635
2	0.01541	0.01246	0.01329	0.01169	0.01509	0.01422	0.00917	0.08816	0.65701	0.06232	0.02247	0.02063	0.01667	0.00765	0.00581	0.00191	0.00469	0.00632	0.00588	0.00914
3	0.01946	0.01427	0.01547	0.01237	0.01636	0.01573	0.01002	0.54957	0.13045	0.05765	0.01703	0.08540	0.01353	0.00800	0.00588	0.00181	0.00572	0.00636	0.00575	0.00917
4	0.02173	0.01641	0.01713	0.01322	0.01774	0.04397	0.01088	0.71927	0.02652	0.03529	0.01356	0.01361	0.00965	0.00683	0.00570	0.00171	0.00643	0.00510	0.00563	0.00962
5	0.01390	0.01333	0.02275	0.09292	0.70751	0.01352	0.01743	0.01733	0.01290	0.01837	0.01071	0.01424	0.00895	0.00514	0.00567	0.00171	0.00686	0.00510	0.00281	0.00885
6	0.01369	0.01049	0.01165	0.04562	0.01369	0.04589	0.00825	0.22051	0.08520	0.02274	0.05420	0.02062	0.03292	0.01746	0.22385	0.00380	0.00804	0.00594	0.14850	0.00695
7	0.00915	0.00634	0.00757	0.00732	0.00783	0.00667	0.00473	0.05583	0.00970	0.01316	0.01717	0.03269	0.01869	0.58551	0.18847	0.00609	0.00770	0.00764	0.00352	0.00422
8	0.01756	0.01961	0.01622	0.03695	0.01737	0.38765	0.04421	0.07964	0.11735	0.01716	0.01179	0.01457	0.00991	0.05759	0.00897	0.00201	0.12603	0.00487	0.00352	0.00700
9	0.00819	0.00553	0.00646	0.00658	0.00667	0.00557	0.00386	0.00841	0.00860	0.01153	0.01901	0.10173	0.02185	0.68330	0.07509	0.00550	0.00598	0.00886	0.00360	0.00367
10	0.06679	0.11004	0.05373	0.01147	0.01487	0.01503	0.00972	0.04116	0.46225	0.02185	0.05534	0.01879	0.01583	0.00749	0.00648	0.00187	0.06845	0.00576	0.00484	0.00823
11	0.01651	0.10384	0.09960	0.01210	0.01679	0.01273	0.06651	0.05591	0.20195	0.19728	0.01710	0.03937	0.01278	0.00658	0.00542	0.00166	0.00562	0.00551	0.00479	0.11795
12	0.01318	0.10768	0.48066	0.01613	0.03928	0.01445	0.08301	0.01856	0.02873	0.06541	0.01100	0.01283	0.00812	0.00584	0.00648	0.00181	0.07122	0.00456	0.00285	0.00820
13	0.01548	0.67758	0.08815	0.01071	0.01573	0.08298	0.01080	0.01767	0.01203	0.01387	0.00821	0.00950	0.00733	0.00502	0.00393	0.00129	0.00664	0.00320	0.00248	0.00737
14	0.01267	0.07783	0.08188	0.09524	0.11602	0.01519	0.12905	0.03167	0.01127	0.01598	0.00994	0.01408	0.00853	0.01024	0.07950	0.00267	0.27325	0.00518	0.00272	0.00710
15	0.01398	0.01344	0.02111	0.22162	0.51433	0.04715	0.01654	0.05046	0.01340	0.01826	0.01066	0.01424	0.00866	0.00537	0.00566	0.00174	0.00714	0.00503	0.00290	0.00830
16	0.01099	0.00823	0.01052	0.08313	0.01456	0.00870	0.00892	0.01666	0.18155	0.05719	0.08863	0.04494	0.10762	0.01210	0.00689	0.00222	0.00483	0.32057	0.00532	0.00642
17	0.00810	0.00585	0.00765	0.00720	0.00855	0.00540	0.00540	0.01079	0.01619	0.02294	0.76028	0.04273	0.05397	0.01169	0.00675	0.00180	0.00270	0.01034	0.00630	0.00540
18	0.01211	0.02856	0.68361	0.01672	0.02472	0.05247	0.06682	0.01837	0.01238	0.01792	0.01028	0.01220	0.00734	0.00542	0.00550	0.00180	0.00863	0.00436	0.00247	0.00831
19	0.01758	0.01729	0.30198	0.01244	0.01802	0.01065	0.01310	0.02303	0.09380	0.34054	0.07777	0.01873	0.01510	0.00690	0.00572	0.00181	0.00603	0.00562	0.00510	0.00882
20	0.00697	0.00498	0.00664	0.00796	0.00830	0.00465	0.00531	0.00796	0.01095	0.01460	0.03153	0.79525	0.03783	0.01792	0.00730	0.00232	0.00332	0.01626	0.00531	0.00465
21	0.01080	0.01017	0.01716	0.78523	0.03940	0.01271	0.01589	0.01461	0.01144	0.01461	0.01017	0.01525	0.00762	0.00572	0.00572	0.00191	0.00762	0.00508	0.00254	0.00635
22	0.01228	0.00945	0.01314	0.01082	0.01380	0.00930	0.11346	0.06542	0.14955	0.09282	0.23493	0.03357	0.19757	0.00986	0.00642	0.00187	0.00453	0.00873	0.00552	0.00697
23	0.00994	0.00497	0.00745	0.00745	0.00745	0.00497	0.00497	0.00745	0.00745	0.00994	0.00994	0.01739	0.00994	0.01987	0.02235	0.83358	0.00497	0.00497	0.00248	0.00248
24	0.02447	0.00943	0.01285	0.01004	0.01420	0.00817	0.00821	0.02660	0.01602	0.71909	0.02314	0.06912	0.01567	0.00777	0.00585	0.00181	0.00477	0.00642	0.00697	0.00941
25	0.02377	0.01277	0.01515	0.01162	0.01611	0.01291	0.00960	0.37345	0.02145	0.41451	0.01830	0.01670	0.01202	0.00698	0.00574	0.00174	0.00556	0.00546	0.00642	0.00973
26	0.01688	0.01644	0.01588	0.01433	0.05495	0.19982	0.05696	0.13352	0.34526	0.02258	0.01673	0.01677	0.01272	0.00680	0.00561	0.00175	0.00656	0.00549	0.04263	0.00831
27	0.01447	0.01608	0.02113	0.01713	0.01908	0.16440	0.18619	0.01662	0.01134	0.01490	0.00874	0.01278	0.00776	0.00797	0.01326	0.00217	0.45146	0.00516	0.00268	0.00668

[dist]
# distance from previous block
# <min> <max>
3	6

[block]
# block no. 2 follows, 41 sequences, length 33
# corresponding to MSA columns:
# 374-406
name=unknown_C
#
# <colnr> <probs for GDERKNQSTAVLIFYWHMCP>
#	G	D	E	R	K	N	Q	S	T	A	V	L	I	F	Y	W	H	M	C	P
0	0.10760	0.08361	0.01471	0.01078	0.01437	0.01395	0.00879	0.28612	0.12991	0.12175	0.01570	0.05513	0.01234	0.00856	0.00708	0.08563	0.00534	0.00557	0.00503	0.00803
1	0.01505	0.01204	0.01371	0.01129	0.01501	0.06488	0.05424	0.07117	0.23575	0.11014	0.01944	0.08891	0.03590	0.00770	0.00563	0.00165	0.00521	0.01919	0.00492	0.20818
2	0.01263	0.01063	0.03740	0.05417	0.01477	0.07796	0.05435	0.02791	0.12210	0.10548	0.02372	0.36186	0.02412	0.01189	0.00652	0.00206	0.00524	0.03563	0.00498	0.00659
3	0.01038	0.00699	0.00859	0.00812	0.00992	0.00676	0.00609	0.01451	0.11937	0.09528	0.37891	0.17385	0.11455	0.01208	0.00662	0.00192	0.00331	0.01058	0.00603	0.00616
4	0.01434	0.01346	0.02174	0.02593	0.42485	0.01347	0.10946	0.08323	0.04003	0.02011	0.01131	0.01412	0.00920	0.00547	0.00634	0.00166	0.05025	0.00512	0.00327	0.12665
5	0.00696	0.00503	0.00658	0.00783	0.00826	0.00466	0.00525	0.00798	0.01108	0.01465	0.03318	0.74881	0.08320	0.01770	0.00727	0.00230	0.00329	0.01600	0.00531	0.00466
6	0.01599	0.01074	0.01168	0.05291	0.01382	0.01171	0.00797	0.36451	0.01912	0.02802	0.01582	0.01734	0.01190	0.00671	0.00492	0.00155	0.00469	0.00523	0.38788	0.00750
7	0.01788	0.51333	0.02469	0.01073	0.01526	0.05173	0.00990	0.12513	0.01463	0.12450	0.01091	0.01148	0.00867	0.00572	0.00486	0.00143	0.03374	0.00384	0.00361	0.00796
8	0.01010	0.00632	0.00814	0.00741	0.00920	0.00570	0.00565	0.01260	0.01588	0.11298	0.59551	0.04120	0.12436	0.01143	0.00663	0.00181	0.00298	0.00997	0.00629	0.00587
9	0.01359	0.01598	0.06429	0.02465	0.08373	0.01441	0.65697	0.01834	0.01348	0.01846	0.01159	0.01537	0.00877	0.00496	0.00667	0.00193	0.00942	0.00656	0.00291	0.00791
10	0.01332	0.01070	0.01242	0.00900	0.01402	0.00853	0.00722	0.07215	0.01330	0.05006	0.01108	0.01250	0.00893	0.00465	0.00447	0.00098	0.00447	0.00367	0.00376	0.73477
11	0.01078	0.00946	0.01279	0.01357	0.08172	0.04816	0.05047	0.01315	0.01271	0.01675	0.02490	0.11343	0.07036	0.01259	0.00816	0.00227	0.07646	0.35686	0.00447	0.06094
12	0.01389	0.05377	0.02611	0.01903	0.02367	0.01337	0.45569	0.05858	0.05239	0.04930	0.01625	0.02502	0.01409	0.00736	0.00672	0.00203	0.00802	0.14330	0.00385	0.00756
13	0.00834	0.00612	0.00872	0.00872	0.00955	0.00692	0.00650	0.00995	0.00911	0.01299	0.01596	0.02550	0.01566	0.18770	0.63163	0.00850	0.01347	0.00659	0.00319	0.00486
14	0.00845	0.00569	0.00655	0.00654	0.00663	0.00574	0.00379	0.00856	0.00847	0.01138	0.01795	0.03650	0.02044	0.74382	0.08204	0.00582	0.00628	0.00820	0.00348	0.00366
15	0.01530	0.74854	0.03028	0.01083	0.01578	0.02214	0.05851	0.01729	0.01183	0.01391	0.00833	0.00978	0.00756	0.00498	0.00394	0.00130	0.00639	0.00335	0.00252	0.00743
16	0.00723	0.00513	0.00670	0.00790	0.00822	0.00481	0.00520	0.00810	0.01080	0.01441	0.03039	0.72516	0.03635	0.08869	0.00933	0.00264	0.00357	0.01556	0.00518	0.00461
17	0.01357	0.05562	0.01321	0.01109	0.01417	0.01368	0.00867	0.02716	0.62546	0.02243	0.02484	0.07112	0.05660	0.00867	0.00590	0.00195	0.00450	0.00722	0.00561	0.00853
18	0.01080	0.00543	0.00544	0.00543	0.00677	0.00542	0.00406	0.01342	0.01208	0.02144	0.01878	0.02149	0.01477	0.00675	0.00406	0.00136	0.00272	0.00537	0.82901	0.00540
19	0.01363	0.01551	0.03380	0.02417	0.02995	0.01453	0.74101	0.01841	0.01358	0.01844	0.01170	0.01561	0.00881	0.00491	0.00680	0.00195	0.00968	0.00679	0.00294	0.00778
20	0.00719	0.00514	0.00681	0.00801	0.00842	0.00478	0.00538	0.00826	0.01138	0.01528	0.08002	0.74377	0.03897	0.01757	0.00732	0.00231	0.00333	0.01589	0.00542	0.00477
21	0.00746	0.00535	0.00705	0.00782	0.00848	0.00497	0.00540	0.00895	0.01267	0.01733	0.25901	0.55895	0.04293	0.01604	0.00718	0.00218	0.00317	0.01443	0.00566	0.00495
22	0.55587	0.01043	0.00986	0.00838	0.01199	0.01118	0.00683	0.01958	0.01162	0.23965	0.01244	0.01288	0.00884	0.00672	0.00529	0.04816	0.00463	0.00402	0.00455	0.00708
23	0.01420	0.01359	0.02312	0.05498	0.74265	0.01363	0.01755	0.01756	0.01306	0.01870	0.01088	0.01437	0.00915	0.00520	0.00572	0.00173	0.00686	0.00514	0.00287	0.00905
24	0.02565	0.01001	0.01347	0.01035	0.01478	0.00875	0.00853	0.04858	0.01675	0.74471	0.02242	0.01947	0.01415	0.00716	0.00581	0.00179	0.00495	0.00578	0.00708	0.00980
25	0.01235	0.02095	0.40223	0.01688	0.09573	0.01218	0.08682	0.05437	0.01350	0.01975	0.07863	0.01562	0.01223	0.00589	0.00560	0.00169	0.00719	0.00508	0.00322	0.13009
26	0.00827	0.00605	0.00780	0.00764	0.00904	0.00560	0.00590	0.01081	0.01555	0.02154	0.59096	0.04707	0.11583	0.01261	0.00697	0.00195	0.00313	0.11180	0.00610	0.00540
27	0.01517	0.72931	0.02890	0.01035	0.01480	0.02222	0.01009	0.01691	0.01145	0.01362	0.00805	0.00967	0.00749	0.00545	0.00510	0.00136	0.07699	0.00328	0.00250	0.00731
28	0.54864	0.01309	0.01131	0.05300	0.01458	0.06174	0.00810	0.15038	0.05151	0.02622	0.01012	0.01131	0.00770	0.00587	0.00434	0.00178	0.00537	0.00384	0.00401	0.00709
29	0.09463	0.01206	0.01360	0.01100	0.01492	0.01264	0.00891	0.23704	0.17348	0.27481	0.07115	0.01907	0.01576	0.00741	0.00568	0.00182	0.00507	0.00585	0.00608	0.00902
30	0.01865	0.01301	0.01382	0.01098	0.01462	0.01421	0.00893	0.53142	0.02264	0.03187	0.01528	0.01611	0.01128	0.00689	0.00528	0.00163	0.00529	0.00524	0.24431	0.00852
31	0.00898	0.00678	0.00782	0.00759	0.00871	0.00698	0.00526	0.01210	0.11656	0.01534	0.09710	0.03658	0.15694	0.34560	0.13875	0.00461	0.00625	0.00862	0.00439	0.00503
32	0.00718	0.00513	0.00680	0.00801	0.00842	0.00477	0.00538	0.00823	0.01133	0.01520	0.07256	0.75148	0.03880	0.01763	0.00732	0.00232	0.00333	0.01595	0.00541	0.00476

[dist]
# distance from previous block
# <min> <max>
0	52

[block]
# block no. 3 follows, 41 sequences, length 18
# corresponding to MSA columns:
# 459-476
name=unknown_D
#
# <colnr> <probs for GDERKNQSTAVLIFYWHMCP>
#	G	D	E	R	K	N	Q	S	T	A	V	L	I	F	Y	W	H	M	C	P
0	0.00697	0.00498	0.00664	0.00796	0.00830	0.00465	0.00531	0.00796	0.01095	0.01460	0.03153	0.79525	0.03783	0.01792	0.00730	0.00232	0.00332	0.01626	0.00531	0.00465
1	0.01410	0.01375	0.02414	0.03414	0.69890	0.01367	0.08121	0.01762	0.01307	0.01865	0.01083	0.01427	0.00903	0.00507	0.00576	0.00172	0.00705	0.00524	0.00284	0.00894
2	0.00907	0.00724	0.00863	0.00764	0.01008	0.00625	0.00577	0.01193	0.04978	0.01935	0.29307	0.13849	0.15873	0.01075	0.00608	0.00163	0.00334	0.00931	0.00515	0.23770
3	0.83938	0.01106	0.00841	0.00752	0.01106	0.01283	0.00619	0.01681	0.00973	0.02566	0.00796	0.00929	0.00619	0.00531	0.00354	0.00177	0.00442	0.00310	0.00354	0.00619
4	0.01871	0.09647	0.01702	0.11783	0.01903	0.01526	0.01056	0.41251	0.02073	0.11120	0.06075	0.01622	0.01266	0.00682	0.00551	0.00169	0.00593	0.00532	0.03723	0.00857
5	0.00813	0.00576	0.00719	0.00719	0.00770	0.00602	0.00477	0.00894	0.00902	0.01220	0.02063	0.03399	0.08362	0.47787	0.27642	0.00644	0.00857	0.00792	0.00349	0.00413
6	0.00713	0.00514	0.00649	0.00750	0.00795	0.00479	0.00495	0.00804	0.01081	0.01421	0.03248	0.61246	0.11239	0.12483	0.01024	0.00272	0.00358	0.01472	0.00506	0.00450
7	0.01017	0.00939	0.01592	0.58411	0.03250	0.01115	0.05375	0.01346	0.01145	0.01482	0.01462	0.17501	0.01387	0.00817	0.00610	0.00199	0.00685	0.00746	0.00313	0.00608
8	0.00709	0.00565	0.00597	0.00612	0.00750	0.00495	0.00428	0.00820	0.01189	0.01451	0.04724	0.13426	0.53649	0.16723	0.01116	0.00268	0.00346	0.01181	0.00495	0.00454
9	0.00847	0.00652	0.00957	0.00940	0.01029	0.00775	0.00728	0.01033	0.00911	0.01317	0.01496	0.02274	0.01425	0.08822	0.67822	0.00851	0.06688	0.00619	0.00305	0.00508
10	0.01977	0.01849	0.01533	0.01276	0.01614	0.27985	0.00992	0.39221	0.02063	0.02495	0.01262	0.01580	0.01043	0.11532	0.00874	0.00216	0.00759	0.00507	0.00445	0.00779
11	0.00701	0.00519	0.00655	0.00751	0.00821	0.00473	0.00514	0.00820	0.01169	0.01532	0.08562	0.60658	0.17364	0.01686	0.00716	0.00221	0.00320	0.01508	0.00538	0.00473
12	0.01163	0.01125	0.01632	0.14169	0.01839	0.01530	0.01234	0.01342	0.00926	0.01384	0.00902	0.01433	0.00846	0.01382	0.12065	0.00332	0.55308	0.00517	0.00259	0.00612
13	0.01773	0.01130	0.01422	0.01409	0.11718	0.01171	0.00979	0.06544	0.31263	0.25995	0.08552	0.02122	0.01804	0.00747	0.00585	0.00183	0.00488	0.00632	0.00585	0.00899
14	0.01295	0.01218	0.01977	0.02898	0.59352	0.01217	0.01491	0.01676	0.05716	0.01842	0.01781	0.06345	0.09288	0.00701	0.00588	0.00177	0.00604	0.00657	0.00342	0.00835
15	0.12282	0.00772	0.00933	0.00872	0.01091	0.00733	0.04186	0.01211	0.05570	0.01763	0.02671	0.37978	0.11866	0.01226	0.00610	0.00191	0.00395	0.01076	0.00466	0.14107
16	0.11485	0.01312	0.02247	0.01738	0.02047	0.01475	0.31068	0.01661	0.01140	0.05413	0.01101	0.01603	0.00932	0.00743	0.01084	0.00215	0.29880	0.03846	0.00314	0.00697
17	0.01939	0.01449	0.01660	0.01403	0.05950	0.01578	0.02881	0.46279	0.18456	0.07515	0.01603	0.01576	0.01159	0.00684	0.00572	0.00175	0.00587	0.00546	0.00552	0.03434

[dist]
# distance from previous block
# <min> <max>
8	17

[block]
# block no. 4 follows, 41 sequences, length 30
# corresponding to MSA columns:
# 497-526
name=unknown_E
#
# <colnr> <probs for GDERKNQSTAVLIFYWHMCP>
#	G	D	E	R	K	N	Q	S	T	A	V	L	I	F	Y	W	H	M	C	P
0	0.01540	0.01196	0.01793	0.04085	0.17193	0.01337	0.07017	0.11648	0.01381	0.12567	0.01290	0.01586	0.01026	0.01186	0.11080	0.00291	0.20016	0.00545	0.02448	0.00775
1	0.00705	0.00508	0.00669	0.00782	0.00830	0.00471	0.00528	0.00820	0.01145	0.01530	0.09064	0.70800	0.06570	0.01730	0.00724	0.00227	0.00325	0.01563	0.00539	0.00471
2	0.10212	0.01886	0.38718	0.06715	0.01938	0.01097	0.01411	0.01786	0.01226	0.10631	0.01318	0.01478	0.00950	0.00589	0.00499	0.00171	0.00634	0.00457	0.17526	0.00756
3	0.00799	0.00560	0.00615	0.00615	0.00655	0.00540	0.00365	0.00830	0.00930	0.01200	0.02632	0.04109	0.17464	0.63592	0.02447	0.00479	0.00499	0.00910	0.00385	0.00375
4	0.01154	0.01240	0.06936	0.01390	0.01471	0.01506	0.01201	0.01334	0.00909	0.01397	0.00933	0.01455	0.00890	0.01652	0.17528	0.00384	0.57222	0.00518	0.00261	0.00617
5	0.00720	0.00516	0.00685	0.00780	0.00835	0.00480	0.00533	0.00855	0.01204	0.01633	0.18300	0.63883	0.04119	0.01663	0.00719	0.00221	0.00319	0.01503	0.00551	0.00480
6	0.01251	0.01251	0.01752	0.01502	0.01502	0.01752	0.01251	0.01377	0.00876	0.01377	0.00751	0.01251	0.00751	0.01001	0.01877	0.00250	0.78851	0.00501	0.00250	0.00626
7	0.66936	0.01443	0.01003	0.00902	0.01244	0.17146	0.00720	0.01807	0.01108	0.02324	0.00815	0.00950	0.00644	0.00543	0.00388	0.00171	0.00565	0.00322	0.00342	0.00629
8	0.66787	0.01132	0.00935	0.00838	0.01185	0.01312	0.00679	0.01964	0.16422	0.02530	0.01115	0.01180	0.00854	0.00582	0.00401	0.00181	0.00445	0.00380	0.00401	0.00679
9	0.01300	0.01089	0.01154	0.01052	0.01308	0.01242	0.00789	0.02581	0.59819	0.02126	0.02219	0.02469	0.01815	0.17222	0.01066	0.00269	0.00474	0.00685	0.00533	0.00789
10	0.07537	0.01147	0.01266	0.01074	0.01396	0.01235	0.00889	0.37168	0.01983	0.06248	0.06379	0.02696	0.01784	0.00889	0.00587	0.00187	0.00521	0.15496	0.10743	0.00774
11	0.00945	0.00734	0.00964	0.00937	0.01073	0.00844	0.00713	0.01419	0.16369	0.01524	0.01728	0.02393	0.01569	0.12119	0.53157	0.00727	0.01197	0.00645	0.00368	0.00574
12	0.77197	0.01147	0.00913	0.00799	0.01161	0.01324	0.00658	0.07678	0.01115	0.02652	0.00844	0.00966	0.00649	0.00544	0.00372	0.00177	0.00458	0.00327	0.00372	0.00649
13	0.18303	0.01035	0.01534	0.62358	0.03351	0.01273	0.01387	0.01507	0.01108	0.01691	0.00971	0.01401	0.00733	0.00563	0.00527	0.00188	0.00696	0.00467	0.00275	0.00632
14	0.83938	0.01106	0.00841	0.00752	0.01106	0.01283	0.00619	0.01681	0.00973	0.02566	0.00796	0.00929	0.00619	0.00531	0.00354	0.00177	0.00442	0.00310	0.00354	0.00619
15	0.00703	0.00556	0.00620	0.00652	0.00784	0.00488	0.00463	0.00836	0.01239	0.01551	0.10401	0.25228	0.45696	0.07109	0.00850	0.00228	0.00318	0.01280	0.00526	0.00473
16	0.04251	0.01101	0.01556	0.47466	0.04871	0.01325	0.01325	0.02013	0.26315	0.01829	0.01455	0.01707	0.01095	0.00638	0.00567	0.00191	0.00643	0.00548	0.00370	0.00733
17	0.00889	0.00641	0.00780	0.00726	0.00857	0.00615	0.00526	0.05529	0.01498	0.02074	0.50867	0.04074	0.09601	0.17524	0.01133	0.00258	0.00353	0.00973	0.00560	0.00522
18	0.01004	0.00727	0.00883	0.00904	0.01026	0.00737	0.00647	0.16100	0.01426	0.01906	0.02783	0.63281	0.03199	0.01562	0.00697	0.00220	0.00394	0.01395	0.00540	0.00570
19	0.01296	0.01082	0.01245	0.00899	0.01402	0.00875	0.00723	0.09525	0.01353	0.02057	0.01056	0.01207	0.00861	0.00453	0.00440	0.00094	0.00446	0.00358	0.00365	0.74264
20	0.01549	0.05286	0.45040	0.01522	0.02194	0.07515	0.04551	0.16999	0.01579	0.06752	0.01160	0.01276	0.00826	0.00583	0.00548	0.00175	0.00789	0.00453	0.00345	0.00858
21	0.01732	0.07998	0.06206	0.01237	0.01591	0.19965	0.01028	0.30184	0.03004	0.02313	0.01571	0.17499	0.01477	0.00870	0.00573	0.00175	0.00675	0.00690	0.00450	0.00764
22	0.01702	0.01848	0.01539	0.17372	0.02086	0.36227	0.01139	0.08226	0.08742	0.01756	0.01164	0.01375	0.00920	0.00648	0.00626	0.00169	0.06368	0.00460	0.06939	0.00695
23	0.01447	0.01190	0.04248	0.01055	0.01425	0.01132	0.00864	0.28075	0.06990	0.02442	0.01722	0.17662	0.01596	0.00955	0.02852	0.00185	0.00527	0.00709	0.02612	0.22313
24	0.01660	0.70261	0.02787	0.00984	0.01467	0.02084	0.00961	0.01848	0.01222	0.10837	0.00979	0.01047	0.00820	0.00517	0.00393	0.00129	0.00596	0.00340	0.00303	0.00764
25	0.00970	0.00596	0.00736	0.00696	0.00851	0.00551	0.00523	0.01216	0.01476	0.07453	0.45263	0.08398	0.09837	0.01093	0.00614	0.00174	0.00290	0.00948	0.17757	0.00560
26	0.01569	0.21604	0.10019	0.05011	0.07288	0.04068	0.11625	0.01874	0.01347	0.17253	0.06715	0.06404	0.01428	0.00677	0.00547	0.00168	0.00646	0.00587	0.00397	0.00776
27	0.01330	0.04132	0.25920	0.02031	0.02672	0.01433	0.44006	0.06276	0.01378	0.01914	0.01159	0.02941	0.00884	0.00540	0.00621	0.00187	0.00885	0.00596	0.00295	0.00800
28	0.00704	0.00503	0.00672	0.00805	0.00841	0.00471	0.00544	0.00809	0.01102	0.01469	0.03148	0.77088	0.03767	0.01785	0.00732	0.00233	0.00338	0.03989	0.00531	0.00467
29	0.01369	0.01388	0.02598	0.09156	0.47946	0.01379	0.24091	0.01756	0.01304	0.01825	0.01096	0.01464	0.00883	0.00506	0.00600	0.00179	0.00774	0.00561	0.00283	0.00843

[dist]
# distance from previous block
# <min> <max>
0	54

[block]
# block no. 5 follows, 41 sequences, length 17
# corresponding to MSA columns:
# 587-603
name=unknown_F
#
# <colnr> <probs for GDERKNQSTAVLIFYWHMCP>
#	G	D	E	R	K	N	Q	S	T	A	V	L	I	F	Y	W	H	M	C	P
0	0.00864	0.00738	0.01203	0.23333	0.01914	0.00782	0.07249	0.01078	0.01131	0.01493	0.02364	0.50266	0.02659	0.01326	0.00680	0.00217	0.00511	0.01221	0.00430	0.00541
1	0.01471	0.01219	0.01397	0.07084	0.07050	0.01385	0.01003	0.12382	0.48802	0.02430	0.01974	0.01933	0.01485	0.00721	0.00565	0.00184	0.00502	0.00600	0.06948	0.00865
2	0.05012	0.35103	0.01731	0.00808	0.01151	0.01359	0.00726	0.01730	0.01239	0.12986	0.01416	0.01528	0.01106	0.00590	0.00410	0.00137	0.00456	0.00432	0.31391	0.00690
3	0.06382	0.07392	0.14218	0.01438	0.01715	0.01548	0.06547	0.01612	0.01051	0.07177	0.00984	0.01324	0.00830	0.00969	0.05165	0.00250	0.39917	0.00485	0.00295	0.00700
4	0.01300	0.01468	0.05361	0.01986	0.02322	0.01575	0.39787	0.01633	0.01138	0.01633	0.00975	0.01404	0.00812	0.00711	0.01194	0.00217	0.34914	0.00590	0.00271	0.00711
5	0.01374	0.22020	0.01887	0.01200	0.01466	0.08057	0.06632	0.01578	0.01130	0.07038	0.01177	0.01536	0.01023	0.01739	0.23673	0.00394	0.14685	0.00491	0.02241	0.00658
6	0.00822	0.00591	0.00767	0.00845	0.00925	0.00582	0.00608	0.01068	0.07616	0.01640	0.11951	0.49291	0.03547	0.01616	0.00826	0.06228	0.00369	0.09675	0.00527	0.00504
7	0.08821	0.06749	0.27363	0.01779	0.05054	0.01408	0.26969	0.05838	0.01318	0.01965	0.01058	0.01297	0.00795	0.00516	0.00555	0.00173	0.00788	0.00496	0.00296	0.06762
8	0.01229	0.01179	0.01645	0.13377	0.21688	0.06768	0.06621	0.01639	0.08676	0.01720	0.01837	0.08259	0.06806	0.04695	0.00713	0.00200	0.00627	0.05069	0.00369	0.06883
9	0.01210	0.00999	0.01092	0.00998	0.01255	0.01098	0.00767	0.05784	0.44007	0.02288	0.18375	0.08627	0.09108	0.00990	0.00621	0.00193	0.00399	0.00845	0.00583	0.00761
10	0.01522	0.01173	0.01311	0.01041	0.01459	0.01159	0.00832	0.16853	0.23810	0.06982	0.05760	0.01728	0.01432	0.00642	0.00525	0.00146	0.00470	0.00521	0.00498	0.32135
11	0.00696	0.00503	0.00659	0.00784	0.00826	0.00466	0.00525	0.00798	0.01107	0.01465	0.03309	0.75141	0.08066	0.01772	0.00727	0.00230	0.00329	0.01601	0.00531	0.00466
12	0.01747	0.04992	0.01273	0.01079	0.05454	0.05739	0.00810	0.14692	0.07353	0.19760	0.01750	0.01789	0.01278	0.00666	0.00500	0.00157	0.00483	0.00526	0.29172	0.00781
13	0.01822	0.05006	0.17630	0.01395	0.01922	0.01179	0.13219	0.02366	0.11354	0.33208	0.01784	0.01832	0.01247	0.00660	0.00583	0.00183	0.00643	0.02588	0.00498	0.00881
14	0.00756	0.00583	0.00690	0.00663	0.00822	0.00517	0.00498	0.00976	0.01493	0.01993	0.47853	0.04767	0.33760	0.01281	0.00675	0.00185	0.00278	0.01104	0.00590	0.00517
15	0.00964	0.00832	0.01274	0.01786	0.29145	0.00803	0.00977	0.01159	0.01201	0.01625	0.02726	0.40349	0.12350	0.01265	0.00661	0.00204	0.00457	0.01151	0.00438	0.00633
16	0.01415	0.01471	0.02265	0.19809	0.40291	0.10287	0.12694	0.01764	0.01312	0.01717	0.01053	0.01414	0.00848	0.00529	0.00578	0.00175	0.00783	0.00518	0.00279	0.00797

[dist]
# distance from previous block
# <min> <max>
0	1

[block]
# block no. 6 follows, 41 sequences, length 37
# corresponding to MSA columns:
# 605-641
name=unknown_G
#
# <colnr> <probs for GDERKNQSTAVLIFYWHMCP>
#	G	D	E	R	K	N	Q	S	T	A	V	L	I	F	Y	W	H	M	C	P
0	0.06074	0.01365	0.05460	0.07529	0.32155	0.03452	0.01355	0.05598	0.17274	0.02061	0.06096	0.01700	0.01328	0.00657	0.00642	0.00182	0.05312	0.00553	0.00382	0.00824
1	0.02009	0.08521	0.01468	0.00999	0.01437	0.01020	0.00834	0.02282	0.04167	0.44044	0.01731	0.01628	0.01186	0.00631	0.00579	0.00152	0.04197	0.00488	0.00543	0.22084
2	0.23982	0.01041	0.01091	0.00821	0.01287	0.00906	0.00662	0.01507	0.01128	0.02057	0.00956	0.01115	0.00784	0.00453	0.00404	0.00110	0.00429	0.00331	0.00343	0.60592
3	0.06217	0.01329	0.02614	0.14197	0.04356	0.01354	0.45875	0.01651	0.01240	0.01757	0.01234	0.07402	0.01050	0.00637	0.00728	0.00198	0.06465	0.00683	0.00303	0.00710
4	0.01299	0.01365	0.05887	0.05429	0.09294	0.01279	0.34877	0.07280	0.08456	0.02036	0.10143	0.06852	0.01666	0.00699	0.00641	0.00190	0.00727	0.00728	0.00389	0.00763
5	0.00930	0.00736	0.01034	0.00981	0.01053	0.00903	0.00765	0.01100	0.00922	0.01376	0.01421	0.02190	0.01359	0.11515	0.47631	0.00678	0.17696	0.00607	0.06585	0.00519
6	0.01140	0.01078	0.01676	0.47978	0.02937	0.01407	0.01417	0.01426	0.01052	0.01462	0.00961	0.01456	0.00790	0.00727	0.01023	0.00209	0.28182	0.00507	0.03947	0.00627
7	0.00729	0.00582	0.00653	0.00635	0.00805	0.00506	0.00477	0.00924	0.01430	0.01844	0.33807	0.05013	0.47900	0.01337	0.00675	0.00188	0.00282	0.01138	0.00570	0.00506
8	0.01170	0.01068	0.01721	0.67401	0.07302	0.01291	0.01535	0.06122	0.01264	0.01635	0.01198	0.01647	0.03024	0.00612	0.00581	0.00191	0.00740	0.00534	0.00289	0.00673
9	0.02472	0.00960	0.01303	0.01009	0.01434	0.00831	0.00829	0.02692	0.01644	0.72089	0.06704	0.02105	0.01668	0.00745	0.00587	0.00180	0.00479	0.00607	0.00707	0.00954
10	0.01370	0.01376	0.02543	0.12629	0.46874	0.01379	0.21709	0.01749	0.01304	0.01821	0.01105	0.01484	0.00891	0.00520	0.00603	0.00182	0.00773	0.00560	0.00286	0.00842
11	0.00724	0.00532	0.00678	0.00778	0.00845	0.00488	0.00536	0.00844	0.01179	0.01556	0.09062	0.61318	0.13979	0.01698	0.00726	0.00226	0.00332	0.03475	0.00543	0.00483
12	0.01150	0.01068	0.01780	0.52890	0.21106	0.01230	0.01534	0.01506	0.01236	0.01652	0.08156	0.01779	0.01251	0.00623	0.00586	0.00187	0.00700	0.00563	0.00302	0.00699
13	0.02023	0.01518	0.01676	0.01453	0.07379	0.03278	0.01099	0.51041	0.14788	0.07380	0.01566	0.01550	0.01132	0.00697	0.00579	0.00178	0.00609	0.00542	0.00558	0.00956
14	0.00834	0.00618	0.00902	0.00901	0.00995	0.00708	0.00686	0.01014	0.00921	0.01321	0.01571	0.02408	0.01505	0.11510	0.70323	0.00885	0.01441	0.00638	0.00315	0.00503
15	0.01241	0.01788	0.26806	0.02420	0.35767	0.01237	0.06331	0.01668	0.01282	0.01844	0.04638	0.07583	0.01347	0.00687	0.00596	0.00186	0.00708	0.02732	0.00316	0.00823
16	0.01201	0.01027	0.01196	0.00857	0.01366	0.00771	0.00684	0.01450	0.01195	0.01877	0.01031	0.01206	0.00861	0.00434	0.00430	0.00088	0.00429	0.00344	0.00344	0.83209
17	0.01172	0.01251	0.05677	0.43777	0.05829	0.01312	0.19937	0.01564	0.01227	0.01645	0.05564	0.01680	0.01084	0.00616	0.00683	0.00195	0.05222	0.00582	0.00291	0.00691
18	0.01333	0.01344	0.02026	0.31955	0.17147	0.08463	0.13852	0.04338	0.01332	0.01721	0.01304	0.01649	0.04555	0.00594	0.00585	0.00178	0.00761	0.00552	0.00306	0.06006
19	0.00727	0.00528	0.00702	0.00824	0.00858	0.00506	0.00556	0.00823	0.01099	0.01472	0.03102	0.77386	0.03714	0.01779	0.00765	0.00235	0.02319	0.01600	0.00528	0.00477
20	0.00953	0.00772	0.01030	0.00963	0.01008	0.00923	0.00714	0.01053	0.00899	0.01291	0.01505	0.06000	0.01601	0.31399	0.24829	0.00562	0.21125	0.00709	0.00323	0.02342
21	0.01293	0.01557	0.08528	0.09498	0.02946	0.01382	0.58374	0.01756	0.01317	0.01791	0.01243	0.05234	0.00999	0.00567	0.00664	0.00196	0.00910	0.00690	0.00299	0.00757
22	0.02161	0.01309	0.01475	0.01148	0.01563	0.01373	0.00942	0.45718	0.02225	0.23579	0.01690	0.01643	0.01168	0.00700	0.00558	0.00171	0.00551	0.00538	0.10559	0.00927
23	0.00781	0.00565	0.00734	0.00753	0.00855	0.00521	0.00540	0.00983	0.01433	0.01989	0.48008	0.30770	0.07097	0.01405	0.00700	0.00201	0.00298	0.01251	0.00596	0.00519
24	0.01430	0.01368	0.02329	0.03515	0.76165	0.01366	0.01759	0.01765	0.01311	0.01882	0.01090	0.01436	0.00920	0.00520	0.00572	0.00173	0.00684	0.00514	0.00288	0.00913
25	0.00713	0.00509	0.00675	0.00807	0.00841	0.00474	0.00538	0.00808	0.01104	0.01474	0.03162	0.79362	0.03790	0.01799	0.00736	0.00235	0.00337	0.01628	0.00535	0.00473
26	0.01001	0.00858	0.01185	0.01092	0.01131	0.01088	0.00848	0.01123	0.00902	0.01322	0.01365	0.05549	0.01412	0.18498	0.28887	0.00552	0.31690	0.00662	0.00307	0.00528
27	0.01081	0.00544	0.00545	0.00544	0.00678	0.00542	0.00407	0.01343	0.01209	0.02145	0.01879	0.02151	0.01479	0.00676	0.00406	0.00136	0.00272	0.00538	0.82885	0.00541
28	0.01393	0.01091	0.01233	0.00927	0.01370	0.00966	0.00743	0.17853	0.01556	0.02316	0.04912	0.01491	0.01174	0.00553	0.00474	0.00117	0.00453	0.00436	0.08253	0.52690
29	0.01512	0.01500	0.04735	0.03105	0.59257	0.03852	0.06694	0.08677	0.01453	0.02027	0.01117	0.01421	0.00912	0.00538	0.00578	0.00174	0.00716	0.00519	0.00315	0.00900
30	0.01081	0.00544	0.00545	0.00544	0.00678	0.00542	0.00407	0.01343	0.01209	0.02145	0.01879	0.02151	0.01479	0.00676	0.00406	0.00136	0.00272	0.00538	0.82885	0.00541
31	0.01487	0.01434	0.01857	0.07998	0.11744	0.07977	0.03643	0.12844	0.01323	0.01824	0.00963	0.01340	0.00833	0.00858	0.02357	0.00224	0.39740	0.00505	0.00316	0.00731
32	0.01866	0.01167	0.01337	0.01109	0.01455	0.01223	0.00885	0.31687	0.11096	0.20128	0.02059	0.14652	0.01715	0.00910	0.00602	0.00188	0.00511	0.02036	0.04514	0.00859
33	0.00783	0.00566	0.00752	0.00875	0.00951	0.00537	0.00656	0.00934	0.01189	0.01560	0.03291	0.51282	0.08247	0.01709	0.00752	0.00242	0.00397	0.24249	0.00534	0.00494
34	0.09178	0.01473	0.02974	0.02292	0.08307	0.01440	0.58147	0.01789	0.01287	0.01882	0.01097	0.01461	0.00841	0.00515	0.00696	0.00192	0.04756	0.00619	0.00293	0.00760
35	0.01232	0.18946	0.50440	0.01386	0.02068	0.05227	0.01666	0.01720	0.01228	0.01668	0.01423	0.01545	0.07872	0.00620	0.00518	0.00168	0.00753	0.00470	0.00272	0.00779
36	0.00780	0.00576	0.00729	0.00707	0.00840	0.00524	0.00524	0.01016	0.01524	0.02108	0.59079	0.11582	0.15352	0.01268	0.00680	0.00187	0.00279	0.01115	0.00606	0.00524

[dist]
# distance from previous block
# <min> <max>
0	1

[block]
# block no. 7 follows, 41 sequences, length 18
# corresponding to MSA columns:
# 643-660
name=unknown_H
#
# <colnr> <probs for GDERKNQSTAVLIFYWHMCP>
#	G	D	E	R	K	N	Q	S	T	A	V	L	I	F	Y	W	H	M	C	P
0	0.01179	0.00992	0.01160	0.00860	0.01325	0.00773	0.00680	0.04014	0.01232	0.01891	0.01216	0.08036	0.01108	0.00553	0.00456	0.00101	0.00423	0.00458	0.00364	0.73180
1	0.02644	0.31561	0.02216	0.02276	0.01590	0.07226	0.02915	0.10660	0.01281	0.01671	0.00893	0.01161	0.00793	0.00815	0.03328	0.00202	0.27335	0.00424	0.00295	0.00713
2	0.07066	0.23659	0.51661	0.01393	0.02108	0.01577	0.01703	0.01776	0.01179	0.01739	0.00948	0.01110	0.00720	0.00528	0.00483	0.00165	0.00754	0.00383	0.00250	0.00799
3	0.22516	0.17220	0.15398	0.01097	0.01591	0.05926	0.01071	0.11548	0.01380	0.04828	0.01118	0.01276	0.02082	0.00578	0.00458	0.00157	0.00608	0.01602	0.00355	0.09192
4	0.01683	0.26806	0.08483	0.01131	0.01543	0.11294	0.01019	0.13774	0.04710	0.10469	0.01415	0.08145	0.01233	0.05117	0.00642	0.00182	0.00640	0.00547	0.00403	0.00764
5	0.00779	0.00550	0.00709	0.00779	0.00848	0.00524	0.00538	0.00933	0.04184	0.01574	0.13719	0.49256	0.08682	0.03588	0.00921	0.08714	0.00350	0.02369	0.00514	0.00471
6	0.01605	0.40974	0.12773	0.01086	0.01575	0.06655	0.01078	0.05873	0.01363	0.11832	0.01575	0.01600	0.08532	0.00642	0.00473	0.00150	0.00623	0.00467	0.00358	0.00765
7	0.01295	0.01229	0.05403	0.02919	0.07852	0.09138	0.00907	0.15117	0.04427	0.03275	0.02672	0.16166	0.18283	0.06596	0.00783	0.00215	0.00548	0.02048	0.00462	0.00668
8	0.00838	0.00720	0.00836	0.00776	0.00992	0.00678	0.03715	0.01240	0.13006	0.01764	0.12144	0.08255	0.50341	0.01289	0.00664	0.00194	0.00345	0.01098	0.00539	0.00567
9	0.00788	0.00595	0.00759	0.00808	0.00840	0.00621	0.00549	0.00867	0.01016	0.01364	0.02720	0.46510	0.07748	0.22492	0.01425	0.00317	0.08403	0.01272	0.00453	0.00451
10	0.01357	0.01555	0.10274	0.06463	0.04445	0.01366	0.43994	0.11105	0.01470	0.02002	0.01362	0.09314	0.01154	0.00652	0.00645	0.00192	0.00826	0.00710	0.00343	0.00770
11	0.07079	0.20610	0.41890	0.01314	0.01935	0.06189	0.01520	0.01734	0.01248	0.01779	0.08604	0.01422	0.01197	0.00597	0.00501	0.00165	0.00715	0.00447	0.00293	0.00761
12	0.21624	0.01367	0.01250	0.01044	0.01399	0.12583	0.00832	0.17374	0.06450	0.19175	0.01476	0.01545	0.01083	0.03885	0.00597	0.00185	0.00572	0.00480	0.06296	0.00781
13	0.02175	0.01154	0.01400	0.01124	0.01529	0.01156	0.00929	0.24171	0.08695	0.40262	0.02077	0.02252	0.01505	0.00797	0.00597	0.00186	0.00531	0.07904	0.00637	0.00921
14	0.04366	0.06137	0.01631	0.04922	0.12259	0.01384	0.01069	0.15025	0.25294	0.19224	0.01767	0.01717	0.01276	0.00673	0.00556	0.00178	0.00547	0.00550	0.00524	0.00901
15	0.01409	0.15077	0.05086	0.03189	0.28667	0.01470	0.02419	0.06672	0.15735	0.01946	0.01378	0.01556	0.02096	0.00814	0.05304	0.00210	0.00666	0.00507	0.00359	0.05440
16	0.01452	0.01220	0.05943	0.05420	0.01556	0.04568	0.00964	0.05061	0.24798	0.11237	0.01800	0.01892	0.02672	0.01091	0.08524	0.00255	0.07214	0.00566	0.09000	0.04766
17	0.04523	0.01405	0.12769	0.01118	0.01666	0.01024	0.05437	0.09539	0.01382	0.06708	0.01134	0.01269	0.00870	0.00495	0.00480	0.00124	0.00547	0.00405	0.00370	0.48734

[dist]
# distance from previous block
# <min> <max>
1	5

[block]
# block no. 8 follows, 41 sequences, length 9
# corresponding to MSA columns:
# 666-674
name=unknown_I
#
# <colnr> <probs for GDERKNQSTAVLIFYWHMCP>
#	G	D	E	R	K	N	Q	S	T	A	V	L	I	F	Y	W	H	M	C	P
0	0.01269	0.01631	0.15023	0.01837	0.02406	0.01278	0.39406	0.01703	0.01256	0.01807	0.01075	0.01380	0.00831	0.00511	0.00668	0.00168	0.05789	0.00539	0.00291	0.21131
1	0.05194	0.04031	0.01764	0.01368	0.01789	0.27819	0.09102	0.22142	0.01765	0.02199	0.01071	0.01206	0.00834	0.00567	0.00520	0.00147	0.00758	0.00433	0.00381	0.16909
2	0.01153	0.00869	0.01004	0.00958	0.01139	0.00954	0.00716	0.01900	0.37328	0.01792	0.02268	0.09007	0.06987	0.01320	0.01117	0.25651	0.00448	0.04301	0.00469	0.00619
3	0.08754	0.01187	0.01326	0.01055	0.01459	0.01197	0.00850	0.27450	0.07377	0.16440	0.01665	0.09234	0.01338	0.00741	0.00541	0.00163	0.00502	0.00594	0.00528	0.17599
4	0.00974	0.00555	0.00750	0.00796	0.00865	0.00521	0.00542	0.01010	0.01064	0.09681	0.02513	0.49033	0.02826	0.08697	0.01201	0.16405	0.00401	0.01219	0.00479	0.00468
5	0.01168	0.00860	0.01044	0.00948	0.01138	0.00955	0.00732	0.15578	0.09579	0.02005	0.07939	0.02388	0.01783	0.10802	0.34093	0.00536	0.00936	0.00651	0.06233	0.00631
6	0.12994	0.26225	0.10030	0.01423	0.09671	0.04137	0.03851	0.10012	0.12820	0.02053	0.01168	0.01269	0.00924	0.00572	0.00478	0.00161	0.00624	0.00432	0.00355	0.00800
7	0.01979	0.01554	0.01902	0.01452	0.01912	0.01691	0.11233	0.56668	0.10304	0.03228	0.01446	0.01479	0.01041	0.00668	0.00588	0.00177	0.00657	0.00551	0.00534	0.00938
8	0.01447	0.02578	0.09332	0.01512	0.14794	0.03646	0.01104	0.07817	0.01461	0.13081	0.15552	0.06421	0.01998	0.00822	0.00718	0.00182	0.08943	0.00665	0.07177	0.00750

[dist]
# distance from previous block
# <min> <max>
6	11

[block]
# block no. 9 follows, 41 sequences, length 11
# corresponding to MSA columns:
# 687-697
name=unknown_J
#
# <colnr> <probs for GDERKNQSTAVLIFYWHMCP>
#	G	D	E	R	K	N	Q	S	T	A	V	L	I	F	Y	W	H	M	C	P
0	0.01152	0.01090	0.01845	0.62510	0.19393	0.01290	0.01624	0.01524	0.01178	0.01548	0.01029	0.01502	0.00793	0.00559	0.00571	0.00186	0.00745	0.00509	0.00260	0.00693
1	0.01731	0.01400	0.01964	0.05984	0.21781	0.02810	0.09124	0.23547	0.11465	0.09398	0.01430	0.01554	0.01064	0.00635	0.00628	0.00180	0.03418	0.00550	0.00446	0.00889
2	0.00770	0.00558	0.00685	0.00696	0.00788	0.00518	0.00481	0.00926	0.01288	0.01746	0.33724	0.21101	0.14624	0.18155	0.01165	0.00273	0.00347	0.01148	0.00533	0.00473
3	0.01768	0.01169	0.01519	0.01570	0.17417	0.01172	0.01038	0.17631	0.10800	0.21560	0.06672	0.02115	0.07235	0.00741	0.00580	0.00173	0.00522	0.00622	0.00535	0.05160
4	0.00757	0.00571	0.00704	0.00725	0.00854	0.00518	0.00541	0.00955	0.01393	0.01855	0.34458	0.20870	0.24802	0.01416	0.00697	0.00202	0.00311	0.07294	0.00572	0.00507
5	0.01103	0.00943	0.01281	0.01152	0.01198	0.01234	0.00932	0.01268	0.00970	0.01538	0.01302	0.08074	0.01254	0.01473	0.12476	0.00321	0.44329	0.00617	0.17962	0.00576
6	0.18541	0.00662	0.00691	0.00698	0.00792	0.00689	0.00462	0.01026	0.00988	0.01599	0.08209	0.20067	0.02430	0.38853	0.01689	0.00370	0.00457	0.00915	0.00413	0.00448
7	0.01105	0.00794	0.00941	0.00860	0.01026	0.00810	0.00645	0.16736	0.01608	0.02199	0.31732	0.10739	0.03427	0.17962	0.01144	0.00269	0.00433	0.06446	0.00540	0.00583
8	0.01522	0.01328	0.01877	0.02402	0.41386	0.01391	0.01361	0.17422	0.14649	0.02307	0.01724	0.01849	0.06869	0.00667	0.00579	0.00176	0.00599	0.00589	0.00417	0.00888
9	0.01704	0.15195	0.11358	0.04188	0.01965	0.20434	0.08076	0.17349	0.01589	0.01952	0.01005	0.01199	0.00800	0.00626	0.00686	0.00171	0.10157	0.00445	0.00332	0.00768
10	0.02817	0.06007	0.07217	0.01210	0.01414	0.17172	0.01019	0.01545	0.01181	0.05359	0.01522	0.12837	0.01548	0.07625	0.03377	0.00254	0.20149	0.06774	0.00357	0.00617

[dist]
# distance from previous block
# <min> <max>
1	2

[block]
# block no. 10 follows, 41 sequences, length 9
# corresponding to MSA columns:
# 700-708
name=unknown_K
#
# <colnr> <probs for GDERKNQSTAVLIFYWHMCP>
#	G	D	E	R	K	N	Q	S	T	A	V	L	I	F	Y	W	H	M	C	P
0	0.13577	0.00761	0.00844	0.00839	0.00988	0.00820	0.00633	0.08520	0.01258	0.01997	0.02191	0.34928	0.02318	0.01190	0.00656	0.00199	0.04967	0.04391	0.18358	0.00566
1	0.01347	0.01867	0.21200	0.01742	0.09367	0.10038	0.18297	0.01755	0.01291	0.01790	0.01042	0.01279	0.00814	0.00495	0.00537	0.00150	0.00752	0.00458	0.00292	0.25486
2	0.09737	0.09159	0.01529	0.08295	0.10252	0.09222	0.01007	0.08707	0.04881	0.05208	0.01598	0.19387	0.01555	0.00883	0.00624	0.00184	0.04583	0.00719	0.00403	0.02068
3	0.11220	0.01314	0.01524	0.01461	0.13099	0.01372	0.01017	0.30580	0.09239	0.02708	0.04613	0.01499	0.01173	0.00622	0.00524	0.00158	0.00543	0.00494	0.00462	0.16379
4	0.01606	0.02143	0.19113	0.01608	0.09297	0.27597	0.01349	0.10890	0.01522	0.01830	0.01479	0.01626	0.08378	0.00710	0.00683	0.00175	0.08403	0.00511	0.00335	0.00747
5	0.01363	0.33172	0.17046	0.09321	0.13500	0.05504	0.01385	0.01691	0.01229	0.01568	0.01128	0.01657	0.01011	0.00623	0.00502	0.00163	0.00696	0.07409	0.00281	0.00749
6	0.01324	0.13440	0.09124	0.01083	0.01448	0.01223	0.08008	0.11075	0.09100	0.02185	0.10134	0.01944	0.01641	0.00681	0.00509	0.00159	0.00513	0.00568	0.25128	0.00715
