[name]
unknown

[dist]
# distance from previous block
# <min> <max>
1	642

[block]
# block no. 0 follows, 39 sequences, length 8
# corresponding to MSA columns:
# 958-965
name=unknown_A
#
# <colnr> <probs for GDERKNQSTAVLIFYWHMCP>
#	G	D	E	R	K	N	Q	S	T	A	V	L	I	F	Y	W	H	M	C	P
0	0.49451	0.01441	0.12035	0.05910	0.01784	0.01309	0.11553	0.01744	0.01123	0.02332	0.00995	0.01210	0.00757	0.00555	0.00459	0.00184	0.00605	0.00419	0.05441	0.00692
1	0.01202	0.01208	0.07036	0.01481	0.10569	0.01088	0.08297	0.05899	0.17574	0.02033	0.04159	0.13071	0.15289	0.00993	0.00642	0.00195	0.00539	0.02698	0.00475	0.05550
2	0.01362	0.11242	0.14527	0.07808	0.04180	0.01528	0.33640	0.03324	0.01315	0.01814	0.01082	0.01402	0.00842	0.00550	0.00679	0.00181	0.05650	0.00547	0.00291	0.08035
3	0.01424	0.01466	0.06964	0.01458	0.10541	0.10579	0.01071	0.10066	0.20622	0.02101	0.02283	0.06743	0.11534	0.01120	0.06079	0.00240	0.00670	0.00707	0.00460	0.03873
4	0.01519	0.01421	0.02373	0.10408	0.52307	0.01458	0.08937	0.10557	0.01511	0.02107	0.01152	0.01483	0.00927	0.00553	0.00598	0.00180	0.00734	0.00545	0.00327	0.00904
5	0.01428	0.01406	0.05120	0.20678	0.50702	0.01413	0.01740	0.06897	0.01407	0.01960	0.01118	0.01478	0.00900	0.00556	0.00586	0.00181	0.00726	0.00523	0.00306	0.00874
6	0.02101	0.01928	0.01729	0.08630	0.02033	0.23890	0.01172	0.43148	0.04952	0.02799	0.01272	0.01360	0.00943	0.00672	0.00575	0.00173	0.00780	0.00492	0.00476	0.00876
7	0.01903	0.01359	0.01499	0.01214	0.01594	0.01477	0.00977	0.47790	0.09664	0.07697	0.07302	0.11216	0.01811	0.00897	0.00621	0.00188	0.00558	0.00730	0.00601	0.00901

[dist]
# distance from previous block
# <min> <max>
0	1

[block]
# block no. 1 follows, 39 sequences, length 15
# corresponding to MSA columns:
# 967-981
name=unknown_B
#
# <colnr> <probs for GDERKNQSTAVLIFYWHMCP>
#	G	D	E	R	K	N	Q	S	T	A	V	L	I	F	Y	W	H	M	C	P
0	0.01404	0.01339	0.02251	0.16253	0.60352	0.01392	0.01751	0.01815	0.04206	0.01881	0.01153	0.01512	0.00946	0.00549	0.00587	0.00180	0.00708	0.00532	0.00300	0.00889
1	0.01441	0.01395	0.02418	0.07698	0.68034	0.01404	0.05283	0.01802	0.01340	0.01907	0.01113	0.01476	0.00927	0.00529	0.00591	0.00178	0.00722	0.00535	0.00291	0.00914
2	0.01203	0.00875	0.01151	0.01256	0.07112	0.00897	0.00940	0.07344	0.10146	0.05663	0.10443	0.13061	0.03023	0.01309	0.00724	0.00231	0.00503	0.32886	0.00556	0.00676
3	0.02168	0.02456	0.01675	0.01466	0.01810	0.55113	0.01125	0.18253	0.06790	0.02023	0.01126	0.01221	0.00886	0.00645	0.00551	0.00161	0.00934	0.00434	0.00388	0.00774
4	0.01304	0.02894	0.70133	0.01635	0.02475	0.01333	0.02079	0.01954	0.01284	0.07835	0.01164	0.01310	0.00807	0.00576	0.00564	0.00187	0.00844	0.00450	0.00289	0.00885
5	0.01471	0.01270	0.01337	0.01203	0.01538	0.01471	0.00936	0.03142	0.74459	0.02474	0.02407	0.02206	0.01805	0.00802	0.00602	0.00201	0.00468	0.00669	0.00602	0.00936
6	0.00723	0.00600	0.00633	0.00625	0.00814	0.00510	0.00469	0.00896	0.01406	0.01734	0.18221	0.05466	0.62972	0.01447	0.00699	0.00197	0.00296	0.01217	0.00567	0.00510
7	0.00860	0.00573	0.00645	0.00645	0.00645	0.00573	0.00358	0.00860	0.00860	0.01147	0.01863	0.03870	0.02150	0.79217	0.03010	0.00573	0.00573	0.00860	0.00358	0.00358
8	0.01102	0.00551	0.00551	0.00551	0.00689	0.00551	0.00413	0.01378	0.01240	0.02205	0.01929	0.02205	0.01516	0.00689	0.00413	0.00138	0.00276	0.00551	0.82500	0.00551
9	0.00721	0.00515	0.00686	0.00823	0.00858	0.00480	0.00549	0.00823	0.01132	0.01510	0.03259	0.78831	0.03911	0.01853	0.00755	0.00240	0.00343	0.01681	0.00549	0.00480
10	0.00837	0.00604	0.00790	0.00744	0.00883	0.00558	0.00558	0.01116	0.01674	0.02371	0.75216	0.04417	0.05580	0.01209	0.00697	0.00186	0.00279	0.01069	0.00651	0.00558
11	0.02248	0.01656	0.01775	0.01361	0.01834	0.01834	0.01124	0.73556	0.02780	0.03727	0.01420	0.01420	0.01006	0.00710	0.00592	0.00177	0.00651	0.00532	0.00592	0.01006
12	0.00735	0.00600	0.00649	0.00637	0.00821	0.00515	0.00478	0.00918	0.01433	0.01799	0.24043	0.05359	0.57110	0.01422	0.00699	0.00196	0.00294	0.01202	0.00576	0.00515
13	0.01226	0.01051	0.01226	0.00876	0.01401	0.00788	0.00701	0.01489	0.01226	0.01927	0.01051	0.01226	0.00876	0.00438	0.00438	0.00088	0.00438	0.00350	0.00350	0.82832
14	0.00818	0.00595	0.00770	0.00745	0.00877	0.00547	0.00552	0.01072	0.01601	0.02243	0.64298	0.12262	0.08821	0.01290	0.00704	0.00192	0.00287	0.01142	0.00635	0.00547

[dist]
# distance from previous block
# <min> <max>
3	11

[block]
# block no. 2 follows, 39 sequences, length 6
# corresponding to MSA columns:
# 993-998
name=unknown_C
#
# <colnr> <probs for GDERKNQSTAVLIFYWHMCP>
#	G	D	E	R	K	N	Q	S	T	A	V	L	I	F	Y	W	H	M	C	P
0	0.01222	0.00967	0.01241	0.19353	0.01947	0.01062	0.01023	0.06295	0.18504	0.05306	0.02877	0.03680	0.16132	0.01065	0.00666	0.00213	0.00542	0.16698	0.00503	0.00704
1	0.01473	0.61776	0.02525	0.00908	0.01331	0.01937	0.00877	0.01682	0.01210	0.01575	0.01071	0.01232	0.00929	0.00547	0.00387	0.00129	0.00552	0.00369	0.18776	0.00712
2	0.01388	0.01301	0.01820	0.11902	0.18662	0.06038	0.08812	0.04723	0.18983	0.02008	0.01824	0.02678	0.01604	0.00830	0.00645	0.00205	0.00678	0.14677	0.00426	0.00794
3	0.02084	0.18065	0.01959	0.01422	0.01767	0.62043	0.01117	0.02244	0.01582	0.01436	0.00896	0.01043	0.00761	0.00589	0.00503	0.00147	0.00980	0.00368	0.00294	0.00700
4	0.02209	0.02819	0.01676	0.01524	0.01828	0.76843	0.01143	0.02361	0.01676	0.01447	0.00914	0.01066	0.00762	0.00609	0.00533	0.00152	0.01066	0.00381	0.00305	0.00686
5	0.02041	0.02500	0.01839	0.01998	0.18426	0.59853	0.01294	0.02238	0.01602	0.01557	0.00959	0.01156	0.00801	0.00591	0.00545	0.00158	0.00985	0.00414	0.00302	0.00742

[dist]
# distance from previous block
# <min> <max>
17	40

[block]
# block no. 3 follows, 39 sequences, length 10
# corresponding to MSA columns:
# 1040-1049
name=unknown_D
#
# <colnr> <probs for GDERKNQSTAVLIFYWHMCP>
#	G	D	E	R	K	N	Q	S	T	A	V	L	I	F	Y	W	H	M	C	P
0	0.01657	0.01205	0.01344	0.01089	0.01420	0.01289	0.00876	0.42651	0.02289	0.03141	0.29730	0.02603	0.02781	0.00900	0.00624	0.00179	0.00492	0.00739	0.04174	0.00814
1	0.01915	0.01866	0.01500	0.01323	0.01667	0.30333	0.01022	0.07590	0.35051	0.08880	0.01761	0.01698	0.01320	0.00716	0.00574	0.00179	0.00713	0.00542	0.00499	0.00851
2	0.01394	0.43248	0.37781	0.01332	0.02012	0.01881	0.01569	0.01819	0.01224	0.01620	0.00936	0.01091	0.00754	0.00532	0.00466	0.00155	0.00747	0.00374	0.00251	0.00814
3	0.00889	0.00592	0.00716	0.00758	0.00895	0.00523	0.00540	0.01021	0.01266	0.08347	0.04222	0.43772	0.31049	0.01614	0.00719	0.00219	0.00341	0.01416	0.00566	0.00536
4	0.01202	0.02289	0.47431	0.01375	0.02116	0.01149	0.01616	0.01726	0.01240	0.01894	0.01057	0.01240	0.00798	0.00514	0.00514	0.00149	0.00707	0.00404	0.00288	0.32291
5	0.00712	0.00547	0.00653	0.00737	0.00835	0.00488	0.00511	0.00833	0.01215	0.01543	0.04306	0.50794	0.31272	0.01717	0.00733	0.00225	0.00326	0.01515	0.00549	0.00488
6	0.01422	0.01522	0.03072	0.02929	0.30858	0.01461	0.45947	0.01864	0.01377	0.01909	0.01164	0.01545	0.00912	0.00509	0.00655	0.00190	0.00884	0.00632	0.00297	0.00851
7	0.02418	0.01273	0.01524	0.01181	0.01636	0.01280	0.00971	0.29991	0.07040	0.43279	0.01988	0.01799	0.01311	0.00728	0.00594	0.00182	0.00557	0.00576	0.00669	0.01001
8	0.00940	0.00813	0.01118	0.01103	0.01124	0.00991	0.00834	0.01053	0.01045	0.01477	0.02308	0.49108	0.02710	0.01539	0.01209	0.00247	0.30163	0.01235	0.00438	0.00544
9	0.01188	0.00977	0.01157	0.01097	0.01327	0.01125	0.00862	0.02183	0.40185	0.01993	0.02152	0.02623	0.01813	0.02264	0.29857	0.00494	0.00902	0.06566	0.00488	0.00747

[dist]
# distance from previous block
# <min> <max>
0	1

[block]
# block no. 4 follows, 39 sequences, length 14
# corresponding to MSA columns:
# 1051-1064
name=unknown_E
#
# <colnr> <probs for GDERKNQSTAVLIFYWHMCP>
#	G	D	E	R	K	N	Q	S	T	A	V	L	I	F	Y	W	H	M	C	P
0	0.67509	0.01208	0.01046	0.05419	0.01411	0.01395	0.00765	0.11471	0.01258	0.02731	0.00918	0.01059	0.00699	0.00573	0.00410	0.00183	0.00503	0.00361	0.00390	0.00691
1	0.04799	0.01590	0.01711	0.05883	0.01876	0.05916	0.01144	0.51114	0.02270	0.03062	0.01385	0.01492	0.02936	0.00757	0.00767	0.00189	0.11180	0.00534	0.00502	0.00892
2	0.07463	0.00691	0.00891	0.00968	0.01119	0.00706	0.00811	0.01181	0.01280	0.01787	0.06662	0.09161	0.09823	0.01905	0.11081	0.00344	0.00632	0.42446	0.00505	0.00543
3	0.07326	0.01133	0.01352	0.11477	0.01796	0.05257	0.00969	0.07925	0.06770	0.32128	0.09237	0.02312	0.01787	0.00795	0.00596	0.00188	0.00558	0.05048	0.00571	0.02776
4	0.31937	0.01512	0.01290	0.01109	0.01464	0.13098	0.00880	0.19590	0.14201	0.02601	0.01269	0.01354	0.00973	0.00731	0.00604	0.05119	0.00604	0.00453	0.00446	0.00765
5	0.01411	0.01265	0.01931	0.33388	0.18675	0.01419	0.05988	0.11973	0.11406	0.02078	0.01377	0.01783	0.01081	0.00651	0.00606	0.00193	0.00712	0.02881	0.00373	0.00810
6	0.01554	0.01349	0.01421	0.05883	0.06191	0.08761	0.01001	0.12007	0.30453	0.05150	0.06220	0.02297	0.07493	0.00805	0.00598	0.00183	0.00562	0.01626	0.00519	0.05926
7	0.01458	0.04601	0.37652	0.08721	0.02270	0.01358	0.01602	0.02294	0.20104	0.11716	0.01566	0.01617	0.01118	0.00647	0.00573	0.00189	0.00705	0.00522	0.00405	0.00883
8	0.01304	0.00930	0.01068	0.00969	0.01179	0.00958	0.00712	0.19816	0.07370	0.04965	0.02282	0.30782	0.02382	0.16334	0.01113	0.00274	0.00488	0.01026	0.00522	0.05526
9	0.01485	0.01433	0.04690	0.13968	0.07173	0.01396	0.27221	0.15911	0.03493	0.02231	0.01261	0.01545	0.00952	0.00570	0.00602	0.00177	0.00760	0.00572	0.04624	0.09936
10	0.01360	0.01291	0.01851	0.20414	0.32787	0.06027	0.01483	0.01895	0.12255	0.01861	0.01553	0.02283	0.01355	0.00739	0.00617	0.00196	0.00689	0.10176	0.00367	0.00801
11	0.01550	0.01410	0.02488	0.12206	0.02635	0.01430	0.35066	0.14486	0.01583	0.06677	0.01305	0.03543	0.01006	0.00623	0.00709	0.00190	0.05106	0.00628	0.00381	0.06977
12	0.15397	0.19394	0.17239	0.01260	0.01714	0.11850	0.01227	0.06267	0.01346	0.05756	0.03483	0.01270	0.00952	0.00649	0.00655	0.00176	0.09839	0.00427	0.00338	0.00761
13	0.01030	0.00836	0.01188	0.07142	0.01472	0.00818	0.05844	0.07082	0.01282	0.01773	0.02178	0.37071	0.02356	0.01669	0.10999	0.00299	0.00635	0.01053	0.00446	0.14830

[dist]
# distance from previous block
# <min> <max>
4	10

[block]
# block no. 5 follows, 39 sequences, length 13
# corresponding to MSA columns:
# 1075-1087
name=unknown_F
#
# <colnr> <probs for GDERKNQSTAVLIFYWHMCP>
#	G	D	E	R	K	N	Q	S	T	A	V	L	I	F	Y	W	H	M	C	P
0	0.01505	0.64765	0.02789	0.07091	0.01708	0.02089	0.01028	0.01719	0.01203	0.01459	0.00865	0.01029	0.00774	0.00505	0.00403	0.00128	0.00624	0.00337	0.00264	0.09714
1	0.01134	0.00727	0.00892	0.00861	0.01045	0.00675	0.00626	0.06938	0.01334	0.08772	0.02559	0.45241	0.02751	0.03042	0.00697	0.00206	0.00393	0.01171	0.09489	0.11448
2	0.01259	0.01130	0.01676	0.60317	0.03463	0.04394	0.01468	0.08201	0.01313	0.01670	0.01078	0.01562	0.00830	0.00740	0.00750	0.07921	0.00761	0.00519	0.00295	0.00653
3	0.00940	0.03634	0.00843	0.00717	0.00852	0.00691	0.00490	0.01099	0.03535	0.01517	0.09061	0.03503	0.10263	0.41300	0.05617	0.00409	0.00534	0.00812	0.04729	0.09452
4	0.01108	0.00786	0.00915	0.00812	0.01077	0.00693	0.00618	0.06897	0.01453	0.08311	0.10429	0.19431	0.27213	0.01215	0.00643	0.00182	0.00378	0.01038	0.00540	0.16258
5	0.01362	0.05523	0.05133	0.04807	0.15776	0.03768	0.09726	0.02899	0.01174	0.01691	0.01009	0.01405	0.00875	0.00851	0.03434	0.00226	0.31050	0.00517	0.03067	0.05707
6	0.01213	0.00841	0.01018	0.00848	0.01184	0.00680	0.00645	0.01409	0.01265	0.11472	0.02360	0.22145	0.09911	0.03411	0.00650	0.00167	0.00411	0.00844	0.00474	0.39052
7	0.01748	0.01555	0.01376	0.05224	0.01661	0.22475	0.00966	0.02425	0.24843	0.13836	0.04552	0.02237	0.06274	0.00797	0.00590	0.00180	0.00643	0.03234	0.00505	0.04881
8	0.12166	0.01494	0.08991	0.02577	0.41730	0.01391	0.04742	0.01745	0.01237	0.01964	0.01032	0.01346	0.00856	0.00580	0.00696	0.00181	0.09135	0.00484	0.00299	0.07354
9	0.01267	0.08530	0.01800	0.01393	0.01485	0.01678	0.01169	0.01420	0.00959	0.01447	0.00886	0.01370	0.00858	0.01318	0.09881	0.00311	0.57520	0.00501	0.00270	0.05936
10	0.01273	0.07399	0.02029	0.43145	0.24207	0.01423	0.01578	0.01666	0.03465	0.01664	0.01084	0.01493	0.00862	0.00580	0.00608	0.00184	0.03014	0.00508	0.00284	0.03535
11	0.05514	0.06609	0.55073	0.01483	0.02229	0.01323	0.01801	0.01997	0.01314	0.13322	0.03160	0.01419	0.00980	0.00601	0.00551	0.00183	0.00768	0.00466	0.00340	0.00869
12	0.00743	0.00536	0.00704	0.00819	0.00870	0.00495	0.00548	0.00849	0.01127	0.01513	0.03134	0.73560	0.03744	0.04342	0.00817	0.00246	0.00354	0.01606	0.00536	0.03457

[dist]
# distance from previous block
# <min> <max>
0	1

[block]
# block no. 6 follows, 39 sequences, length 19
# corresponding to MSA columns:
# 1089-1107
name=unknown_G
#
# <colnr> <probs for GDERKNQSTAVLIFYWHMCP>
#	G	D	E	R	K	N	Q	S	T	A	V	L	I	F	Y	W	H	M	C	P
0	0.08098	0.01331	0.03758	0.11098	0.40574	0.01314	0.07051	0.01990	0.03735	0.13376	0.01318	0.01551	0.00999	0.00575	0.00579	0.00183	0.00681	0.00537	0.00373	0.00881
1	0.01053	0.02714	0.01101	0.00992	0.01118	0.00890	0.00780	0.01221	0.01016	0.05387	0.01562	0.06785	0.01465	0.02996	0.43780	0.06236	0.11508	0.00649	0.05134	0.03613
2	0.08549	0.01480	0.01591	0.01218	0.01691	0.01568	0.01003	0.52057	0.02326	0.07805	0.01370	0.01389	0.00984	0.00655	0.00549	0.00164	0.00593	0.00491	0.00544	0.13973
3	0.77695	0.01180	0.00933	0.00819	0.01192	0.01362	0.00674	0.06782	0.01131	0.02729	0.00865	0.00993	0.00666	0.00560	0.00382	0.00183	0.00471	0.00335	0.00382	0.00666
4	0.01941	0.01429	0.01565	0.01223	0.01659	0.01517	0.00995	0.50406	0.06836	0.05669	0.03965	0.05914	0.01365	0.00759	0.00584	0.00170	0.00576	0.00600	0.00563	0.12265
5	0.01027	0.00514	0.00770	0.00770	0.00770	0.00514	0.00514	0.00770	0.00770	0.01027	0.01027	0.01798	0.01027	0.02054	0.02311	0.82794	0.00514	0.00514	0.00257	0.00257
6	0.01226	0.01051	0.01226	0.00876	0.01401	0.00788	0.00701	0.01489	0.01226	0.01927	0.01051	0.01226	0.00876	0.00438	0.00438	0.00088	0.00438	0.00350	0.00350	0.82832
7	0.74203	0.01162	0.00947	0.00825	0.01202	0.01325	0.00680	0.05522	0.01141	0.07244	0.00948	0.01050	0.00710	0.00569	0.00392	0.00183	0.00470	0.00348	0.00400	0.00682
8	0.01493	0.14284	0.02097	0.01515	0.01681	0.13868	0.05428	0.01657	0.01105	0.01449	0.00830	0.01219	0.00778	0.00850	0.01389	0.00217	0.48718	0.00473	0.00268	0.00680
9	0.01351	0.01502	0.03145	0.12535	0.03118	0.01493	0.58853	0.01811	0.01334	0.01811	0.01148	0.01572	0.00874	0.00547	0.00768	0.00203	0.06212	0.00663	0.00291	0.00768
10	0.00857	0.00645	0.00935	0.00932	0.01019	0.00747	0.00708	0.01036	0.00948	0.01357	0.01672	0.06412	0.01653	0.12474	0.61957	0.00846	0.04252	0.00709	0.00331	0.00511
11	0.01168	0.01103	0.01866	0.66861	0.14607	0.01327	0.01668	0.01556	0.01207	0.01573	0.01060	0.01560	0.00810	0.00582	0.00590	0.00194	0.00776	0.00526	0.00267	0.00698
12	0.01631	0.73482	0.02986	0.01052	0.01542	0.08251	0.01022	0.01818	0.01239	0.01396	0.00829	0.00958	0.00759	0.00514	0.00392	0.00129	0.00667	0.00321	0.00257	0.00753
13	0.01396	0.01595	0.03490	0.02493	0.03091	0.01496	0.73380	0.01894	0.01396	0.01894	0.01196	0.01595	0.00897	0.00499	0.00698	0.00199	0.00997	0.00698	0.00299	0.00798
14	0.01359	0.01851	0.16204	0.02351	0.02998	0.01474	0.60922	0.01891	0.01370	0.01891	0.01173	0.01535	0.00871	0.00510	0.00674	0.00197	0.00975	0.00652	0.00290	0.00811
15	0.01471	0.01270	0.01337	0.01203	0.01538	0.01471	0.00936	0.03142	0.74459	0.02474	0.02407	0.02206	0.01805	0.00802	0.00602	0.00201	0.00468	0.00669	0.00602	0.00936
16	0.01396	0.01595	0.03490	0.02493	0.03091	0.01496	0.73380	0.01894	0.01396	0.01894	0.01196	0.01595	0.00897	0.00499	0.00698	0.00199	0.00997	0.00698	0.00299	0.00798
17	0.01471	0.01270	0.01337	0.01203	0.01538	0.01471	0.00936	0.03142	0.74459	0.02474	0.02407	0.02206	0.01805	0.00802	0.00602	0.00201	0.00468	0.00669	0.00602	0.00936
18	0.08405	0.01461	0.01472	0.01193	0.01592	0.05781	0.00965	0.41227	0.12230	0.06824	0.04048	0.02009	0.08581	0.00797	0.00586	0.00182	0.00581	0.00615	0.00564	0.00886

[dist]
# distance from previous block
# <min> <max>
32	77

[block]
# block no. 7 follows, 39 sequences, length 10
# corresponding to MSA columns:
# 1189-1198
name=unknown_H
#
# <colnr> <probs for GDERKNQSTAVLIFYWHMCP>
#	G	D	E	R	K	N	Q	S	T	A	V	L	I	F	Y	W	H	M	C	P
0	0.04277	0.01303	0.01768	0.41403	0.17605	0.08433	0.01466	0.05487	0.03999	0.01787	0.01420	0.01756	0.05525	0.00649	0.00584	0.00187	0.00736	0.00556	0.00324	0.00734
1	0.01440	0.05227	0.01721	0.01209	0.01714	0.01159	0.11279	0.08944	0.10387	0.04230	0.01299	0.01427	0.01016	0.00530	0.00512	0.00131	0.00555	0.00463	0.00403	0.46353
2	0.11599	0.04599	0.01441	0.01263	0.05704	0.09522	0.02815	0.15995	0.06045	0.02122	0.01373	0.01885	0.01212	0.13827	0.09966	0.00334	0.05655	0.00558	0.03383	0.00702
3	0.14306	0.01026	0.01233	0.05817	0.01541	0.01047	0.00867	0.02413	0.16276	0.34114	0.09912	0.02327	0.01893	0.00800	0.00582	0.00192	0.00485	0.03719	0.00604	0.00846
4	0.01218	0.01018	0.01409	0.12839	0.01753	0.01133	0.04638	0.08131	0.01233	0.01789	0.01300	0.01917	0.01165	0.11981	0.10434	0.00327	0.14894	0.00566	0.07803	0.14452
5	0.04385	0.01560	0.01496	0.01239	0.01581	0.17458	0.00996	0.16745	0.01607	0.04766	0.01240	0.01635	0.01052	0.00827	0.02932	0.00189	0.12687	0.04897	0.00402	0.22304
6	0.00834	0.00635	0.00793	0.00821	0.00970	0.00562	0.00601	0.00997	0.01231	0.01661	0.08108	0.40578	0.13294	0.04337	0.00785	0.00224	0.00380	0.09868	0.00519	0.12802
7	0.01444	0.01384	0.02298	0.06516	0.55963	0.01418	0.07084	0.02003	0.12099	0.01990	0.01306	0.01588	0.01055	0.00568	0.00597	0.00182	0.00694	0.00561	0.00337	0.00914
8	0.71299	0.01291	0.06021	0.00875	0.01283	0.01336	0.00775	0.04984	0.01127	0.05301	0.00921	0.01039	0.00694	0.00564	0.00398	0.00183	0.00496	0.00348	0.00381	0.00686
9	0.01334	0.01474	0.03081	0.02242	0.02742	0.01436	0.59906	0.01778	0.01377	0.01896	0.08134	0.01834	0.01328	0.00615	0.00812	0.00204	0.08003	0.00716	0.00329	0.00761

[dist]
# distance from previous block
# <min> <max>
0	4

[block]
# block no. 8 follows, 39 sequences, length 10
# corresponding to MSA columns:
# 1203-1212
name=unknown_I
#
# <colnr> <probs for GDERKNQSTAVLIFYWHMCP>
#	G	D	E	R	K	N	Q	S	T	A	V	L	I	F	Y	W	H	M	C	P
0	0.10981	0.01553	0.01626	0.01407	0.05908	0.06019	0.01080	0.43824	0.08766	0.03071	0.04445	0.01540	0.01198	0.00724	0.00646	0.00184	0.05080	0.00534	0.00517	0.00897
1	0.01218	0.01069	0.01404	0.01242	0.09615	0.00860	0.03769	0.01488	0.01239	0.01892	0.01243	0.07569	0.01130	0.00565	0.00491	0.00114	0.00482	0.00492	0.00358	0.63759
2	0.02075	0.01349	0.01478	0.01158	0.01563	0.01449	0.00949	0.49704	0.02328	0.13159	0.01644	0.01656	0.01169	0.00709	0.00557	0.00170	0.00556	0.00545	0.16866	0.00916
3	0.20753	0.01539	0.01553	0.03976	0.01748	0.03788	0.01027	0.50569	0.04292	0.03303	0.01284	0.01333	0.00930	0.00669	0.00539	0.00179	0.00618	0.00483	0.00520	0.00899
4	0.18219	0.05572	0.01557	0.01337	0.01645	0.53682	0.01030	0.02138	0.01473	0.01681	0.00909	0.01089	0.00761	0.00731	0.03007	0.00187	0.03616	0.00379	0.00313	0.00673
5	0.18353	0.01555	0.01595	0.01245	0.01697	0.01733	0.01028	0.59303	0.02428	0.03514	0.01301	0.01329	0.00933	0.00678	0.00547	0.00179	0.00612	0.00490	0.00547	0.00933
6	0.02163	0.01002	0.01283	0.01039	0.01427	0.00945	0.00839	0.02685	0.16132	0.50996	0.12613	0.02390	0.02111	0.00813	0.00611	0.00187	0.00465	0.00676	0.00695	0.00929
7	0.00826	0.00585	0.00670	0.00670	0.00721	0.00577	0.00418	0.00879	0.00967	0.01261	0.02652	0.04061	0.16591	0.55530	0.10712	0.00541	0.00631	0.00912	0.00392	0.00405
8	0.02110	0.01553	0.01676	0.01312	0.01746	0.01712	0.01072	0.66978	0.02631	0.03527	0.01586	0.08421	0.01268	0.00813	0.00606	0.00183	0.00623	0.00636	0.00588	0.00958
9	0.19677	0.01117	0.01547	0.47689	0.05644	0.01332	0.01331	0.08060	0.01291	0.01983	0.01129	0.04679	0.00912	0.00643	0.00547	0.00193	0.00680	0.00529	0.00329	0.00687

[dist]
# distance from previous block
# <min> <max>
18	44

[block]
# block no. 9 follows, 39 sequences, length 7
# corresponding to MSA columns:
# 1263-1269
name=unknown_J
#
# <colnr> <probs for GDERKNQSTAVLIFYWHMCP>
#	G	D	E	R	K	N	Q	S	T	A	V	L	I	F	Y	W	H	M	C	P
0	0.01474	0.01260	0.01804	0.18935	0.21651	0.01330	0.03319	0.19108	0.03515	0.02246	0.01413	0.09087	0.01227	0.00712	0.00591	0.00178	0.00645	0.00629	0.00399	0.10476
1	0.25170	0.05384	0.01405	0.06093	0.01625	0.14998	0.00924	0.15174	0.01539	0.07091	0.01168	0.01329	0.00903	0.00889	0.06173	0.00224	0.00714	0.00434	0.02892	0.05871
2	0.01615	0.14750	0.33641	0.01598	0.04843	0.07549	0.05401	0.19741	0.01667	0.02228	0.01110	0.01255	0.00830	0.00589	0.00546	0.00173	0.00795	0.00454	0.00344	0.00872
3	0.01013	0.00711	0.00957	0.00991	0.06514	0.00646	0.00676	0.01265	0.01539	0.07183	0.47552	0.12637	0.08120	0.01164	0.00671	0.00185	0.00345	0.01029	0.00592	0.06208
4	0.01114	0.01131	0.07008	0.01325	0.11769	0.06048	0.00922	0.01545	0.10025	0.02010	0.30890	0.07150	0.05595	0.09804	0.00912	0.00231	0.00499	0.00863	0.00497	0.00661
5	0.01318	0.01762	0.22153	0.02779	0.47396	0.01301	0.01773	0.01752	0.01357	0.01966	0.09447	0.01738	0.01409	0.00613	0.00592	0.00180	0.00701	0.00564	0.00321	0.00877
6	0.34507	0.10650	0.09853	0.01058	0.01518	0.01469	0.00980	0.16985	0.01538	0.10396	0.05045	0.01382	0.01090	0.00633	0.00479	0.00176	0.00561	0.00446	0.00441	0.00792

[dist]
# distance from previous block
# <min> <max>
0	2

[block]
# block no. 10 follows, 39 sequences, length 41
# corresponding to MSA columns:
# 1272-1312
name=unknown_K
#
# <colnr> <probs for GDERKNQSTAVLIFYWHMCP>
#	G	D	E	R	K	N	Q	S	T	A	V	L	I	F	Y	W	H	M	C	P
0	0.01570	0.01419	0.07057	0.01567	0.09454	0.01302	0.09122	0.14117	0.18696	0.07224	0.04209	0.01818	0.01366	0.00662	0.00581	0.00171	0.00602	0.01840	0.00470	0.16752
1	0.03831	0.01338	0.04670	0.01150	0.01555	0.03136	0.00952	0.12464	0.30113	0.07840	0.05784	0.01862	0.01541	0.00716	0.00606	0.00171	0.03122	0.00567	0.00519	0.18064
2	0.35172	0.01180	0.01210	0.00971	0.01399	0.01219	0.00796	0.13328	0.04274	0.22264	0.01410	0.01396	0.00993	0.00618	0.00481	0.00170	0.00498	0.00444	0.00506	0.11673
3	0.01416	0.01205	0.08643	0.01032	0.01485	0.00897	0.03571	0.05486	0.01328	0.12583	0.01466	0.04692	0.01260	0.12225	0.00884	0.00198	0.00539	0.00543	0.00415	0.40132
4	0.09840	0.00803	0.00795	0.00714	0.00933	0.00852	0.00559	0.13825	0.01481	0.02513	0.01727	0.01941	0.01337	0.00678	0.00439	0.00149	0.00359	0.00524	0.59893	0.00639
5	0.10973	0.02367	0.08890	0.04268	0.01865	0.47754	0.01162	0.04514	0.01531	0.01752	0.00955	0.01120	0.00768	0.00583	0.00512	0.00155	0.00890	0.00387	0.00319	0.09234
6	0.11107	0.01847	0.09026	0.01445	0.05089	0.09498	0.01207	0.47957	0.02255	0.03109	0.01252	0.01317	0.00912	0.00659	0.00557	0.00176	0.00697	0.00484	0.00490	0.00916
7	0.01389	0.01401	0.02565	0.08539	0.34703	0.01368	0.26232	0.01835	0.04088	0.01907	0.01179	0.01521	0.00938	0.00523	0.00610	0.00177	0.00774	0.00573	0.00310	0.09367
8	0.01242	0.02100	0.33578	0.01991	0.02649	0.01344	0.36447	0.01780	0.01308	0.01847	0.01343	0.09066	0.01133	0.00659	0.00647	0.00198	0.00881	0.00686	0.00303	0.00798
9	0.01025	0.00847	0.00891	0.00886	0.01037	0.08471	0.00635	0.01196	0.01350	0.04399	0.21002	0.40082	0.03590	0.02945	0.00726	0.00207	0.00421	0.01206	0.00533	0.08550
10	0.01004	0.00686	0.00762	0.00719	0.00768	0.00704	0.00438	0.08405	0.01059	0.01414	0.01817	0.03616	0.02031	0.71069	0.02759	0.00532	0.00581	0.00826	0.00383	0.00426
11	0.83394	0.01144	0.00869	0.00778	0.01144	0.01327	0.00640	0.01738	0.01006	0.02653	0.00823	0.00961	0.00640	0.00549	0.00366	0.00183	0.00457	0.00320	0.00366	0.00640
12	0.01396	0.01595	0.03490	0.02493	0.03091	0.01496	0.73380	0.01894	0.01396	0.01894	0.01196	0.01595	0.00897	0.00499	0.00698	0.00199	0.00997	0.00698	0.00299	0.00798
13	0.00860	0.00573	0.00645	0.00645	0.00645	0.00573	0.00358	0.00860	0.00860	0.01147	0.01863	0.03870	0.02150	0.79217	0.03010	0.00573	0.00573	0.00860	0.00358	0.00358
14	0.00721	0.00515	0.00686	0.00823	0.00858	0.00480	0.00549	0.00823	0.01132	0.01510	0.03259	0.78831	0.03911	0.01853	0.00755	0.00240	0.00343	0.01681	0.00549	0.00480
15	0.00721	0.00515	0.00686	0.00823	0.00858	0.00480	0.00549	0.00823	0.01132	0.01510	0.03259	0.78831	0.03911	0.01853	0.00755	0.00240	0.00343	0.01681	0.00549	0.00480
16	0.01464	0.01405	0.02400	0.03630	0.75528	0.01405	0.01815	0.01815	0.01347	0.01932	0.01112	0.01464	0.00937	0.00527	0.00585	0.00176	0.00703	0.00527	0.00293	0.00937
17	0.01226	0.01051	0.01226	0.00876	0.01401	0.00788	0.00701	0.01489	0.01226	0.01927	0.01051	0.01226	0.00876	0.00438	0.00438	0.00088	0.00438	0.00350	0.00350	0.82832
18	0.00822	0.00604	0.00769	0.00728	0.00874	0.00551	0.00546	0.01086	0.01638	0.02286	0.67536	0.04559	0.13313	0.01241	0.00698	0.00188	0.00281	0.01089	0.00640	0.00551
19	0.05006	0.01705	0.01600	0.01281	0.01690	0.13365	0.01036	0.52426	0.02386	0.03176	0.01373	0.01430	0.01008	0.00686	0.00556	0.00170	0.00670	0.00503	0.09040	0.00896
20	0.01148	0.01111	0.01964	0.69441	0.03964	0.01334	0.09601	0.01553	0.01206	0.01553	0.01067	0.01579	0.00800	0.00581	0.00603	0.00197	0.00811	0.00545	0.00267	0.00673
21	0.01117	0.01051	0.01774	0.77795	0.04073	0.01314	0.01642	0.01511	0.01182	0.01511	0.01051	0.01577	0.00788	0.00591	0.00591	0.00197	0.00788	0.00526	0.00263	0.00657
22	0.01226	0.01051	0.01226	0.00876	0.01401	0.00788	0.00701	0.01489	0.01226	0.01927	0.01051	0.01226	0.00876	0.00438	0.00438	0.00088	0.00438	0.00350	0.00350	0.82832
23	0.01035	0.00517	0.00749	0.00749	0.00762	0.00517	0.00504	0.00830	0.00817	0.01143	0.01116	0.01838	0.01075	0.01920	0.02124	0.74644	0.00490	0.00517	0.08366	0.00286
24	0.01581	0.79572	0.03099	0.01012	0.01518	0.02340	0.01012	0.01771	0.01202	0.01391	0.00822	0.00949	0.00759	0.00506	0.00379	0.00126	0.00632	0.00316	0.00253	0.00759
25	0.01555	0.00816	0.01042	0.00951	0.01188	0.00767	0.00719	0.09607	0.01529	0.27325	0.04605	0.39288	0.05488	0.01312	0.00678	0.00211	0.00429	0.01149	0.00619	0.00722
26	0.00714	0.00600	0.00620	0.00615	0.00808	0.00506	0.00461	0.00878	0.01384	0.01683	0.13671	0.05550	0.67554	0.01466	0.00699	0.00198	0.00297	0.01228	0.00560	0.00506
27	0.10052	0.01724	0.09474	0.01589	0.10017	0.01689	0.01263	0.51076	0.02287	0.03230	0.01290	0.01362	0.00935	0.00658	0.00566	0.00179	0.00661	0.00501	0.00501	0.00948
28	0.01421	0.10803	0.28716	0.02082	0.02767	0.01585	0.39715	0.01923	0.01371	0.01902	0.01187	0.01510	0.00907	0.00576	0.00648	0.00202	0.00935	0.00588	0.00305	0.00860
29	0.00882	0.00697	0.01058	0.01065	0.01169	0.00644	0.08666	0.01006	0.01212	0.01629	0.03083	0.69373	0.03614	0.01740	0.00780	0.00250	0.00445	0.01583	0.00546	0.00559
30	0.01307	0.11030	0.67659	0.01661	0.02493	0.01513	0.02079	0.01912	0.01293	0.01894	0.01117	0.01329	0.00828	0.00610	0.00577	0.00196	0.00871	0.00451	0.00279	0.00901
31	0.02192	0.01607	0.01684	0.01352	0.01789	0.04992	0.01088	0.47459	0.17668	0.10906	0.01775	0.01740	0.01285	0.00779	0.00625	0.00197	0.00641	0.00586	0.00620	0.01014
32	0.00903	0.00641	0.00715	0.00713	0.00778	0.00603	0.00447	0.00947	0.01115	0.01471	0.10968	0.07694	0.17470	0.50450	0.02189	0.00450	0.00502	0.01019	0.00465	0.00460
33	0.02276	0.02851	0.01724	0.01570	0.01879	0.75909	0.01172	0.02405	0.01720	0.01524	0.00996	0.01180	0.00840	0.00663	0.00568	0.00167	0.01087	0.00408	0.00333	0.00727
34	0.01540	0.01456	0.02440	0.03650	0.74629	0.01444	0.01835	0.01866	0.01395	0.02003	0.01192	0.01572	0.01012	0.00581	0.00619	0.00190	0.00727	0.00552	0.00321	0.00975
35	0.01266	0.03089	0.75241	0.01730	0.02601	0.01413	0.02201	0.01923	0.01298	0.01944	0.01142	0.01360	0.00827	0.00616	0.00596	0.00202	0.00897	0.00464	0.00278	0.00913
36	0.01037	0.00647	0.00843	0.00921	0.01016	0.00596	0.00650	0.01142	0.01252	0.09320	0.03141	0.59538	0.03567	0.05175	0.00876	0.00266	0.00419	0.08432	0.00584	0.00580
37	0.01453	0.01788	0.10679	0.02447	0.03073	0.01522	0.65458	0.01942	0.01429	0.01963	0.01262	0.01668	0.00959	0.00559	0.00717	0.00213	0.01006	0.00695	0.00322	0.00845
38	0.03660	0.22407	0.52134	0.01524	0.02274	0.01673	0.01825	0.04302	0.01331	0.01906	0.01087	0.01282	0.00835	0.00606	0.00545	0.00186	0.00816	0.00433	0.00294	0.00881
39	0.04171	0.03687	0.33110	0.01982	0.02658	0.01491	0.32195	0.02050	0.08570	0.02030	0.01319	0.01586	0.00991	0.00611	0.00648	0.00207	0.00890	0.00591	0.00338	0.00876
40	0.01382	0.02330	0.48448	0.01496	0.03861	0.01198	0.01689	0.01875	0.01353	0.09612	0.01760	0.01879	0.08272	0.00708	0.00597	0.00189	0.00740	0.00551	0.00372	0.11687

[dist]
# distance from previous block
# <min> <max>
0	15

[block]
# block no. 11 follows, 39 sequences, length 7
# corresponding to MSA columns:
# 1334-1340
name=unknown_L
#
# <colnr> <probs for GDERKNQSTAVLIFYWHMCP>
#	G	D	E	R	K	N	Q	S	T	A	V	L	I	F	Y	W	H	M	C	P
0	0.05584	0.07384	0.14086	0.03434	0.01775	0.09102	0.01171	0.30056	0.01879	0.02496	0.01827	0.08887	0.08154	0.00829	0.00580	0.00182	0.00662	0.00649	0.00453	0.00810
1	0.01270	0.15041	0.33886	0.06810	0.02037	0.01392	0.01467	0.09109	0.01469	0.02019	0.13026	0.02036	0.06553	0.00735	0.00567	0.00177	0.00672	0.00587	0.00370	0.00778
2	0.05853	0.21099	0.12966	0.01393	0.07430	0.08668	0.01195	0.14155	0.01562	0.02093	0.08896	0.06457	0.01512	0.00742	0.00587	0.00172	0.03492	0.00567	0.00386	0.00777
3	0.07162	0.09069	0.14316	0.09319	0.04998	0.04108	0.04149	0.28725	0.01829	0.02508	0.01545	0.01664	0.06699	0.00686	0.00562	0.00178	0.00690	0.00538	0.00417	0.00838
4	0.08960	0.09084	0.26571	0.09201	0.01941	0.01326	0.01335	0.06145	0.01246	0.01890	0.01305	0.07119	0.01160	0.06821	0.00832	0.00217	0.06735	0.00568	0.06830	0.00715
5	0.04627	0.01446	0.15081	0.08727	0.12926	0.01164	0.01266	0.02089	0.15362	0.14467	0.03970	0.02194	0.09641	0.00751	0.00588	0.00186	0.00588	0.00630	0.00458	0.03840
6	0.17103	0.02133	0.33558	0.09492	0.02389	0.07205	0.11103	0.01918	0.01278	0.06937	0.01107	0.01311	0.00801	0.00569	0.00545	0.00186	0.00792	0.00465	0.00317	0.00791

[dist]
# distance from previous block
# <min> <max>
4	715

# created by:
# /software/SequenceAnalysis/GenePrediction/augustus/3.0.1/scripts/msa2prfl.pl ./fixed/BUSCOvEOG7CZCVG.fas
