[name]
unknown

[dist]
# distance from previous block
# <min> <max>
27	139

[block]
# block no. 0 follows, 39 sequences, length 34
# corresponding to MSA columns:
# 142-175
name=unknown_A
#
# <colnr> <probs for GDERKNQSTAVLIFYWHMCP>
#	G	D	E	R	K	N	Q	S	T	A	V	L	I	F	Y	W	H	M	C	P
0	0.12932	0.00679	0.00784	0.00881	0.00973	0.00663	0.00605	0.01030	0.01172	0.01765	0.02963	0.66399	0.03475	0.01705	0.00734	0.00248	0.00394	0.01494	0.00551	0.00554
1	0.19962	0.01504	0.01552	0.01214	0.01663	0.01663	0.01003	0.53513	0.02326	0.07976	0.01347	0.01357	0.00955	0.00676	0.00543	0.00179	0.00599	0.00490	0.00551	0.00926
2	0.00699	0.00599	0.00599	0.00599	0.00799	0.00499	0.00449	0.00849	0.01348	0.01598	0.05991	0.05691	0.75288	0.01498	0.00699	0.00200	0.00300	0.01248	0.00549	0.00499
3	0.00845	0.00634	0.00950	0.00950	0.01056	0.00739	0.00739	0.01056	0.00950	0.01373	0.01584	0.02323	0.01478	0.04435	0.76873	0.00950	0.01584	0.00634	0.00317	0.00528
4	0.02242	0.01827	0.01760	0.01385	0.01833	0.12823	0.01127	0.63126	0.02619	0.03393	0.01346	0.01368	0.00970	0.00695	0.00583	0.00174	0.00712	0.00510	0.00550	0.00959
5	0.00699	0.00599	0.00599	0.00599	0.00799	0.00499	0.00449	0.00849	0.01348	0.01598	0.05991	0.05691	0.75288	0.01498	0.00699	0.00200	0.00300	0.01248	0.00549	0.00499
6	0.01038	0.00519	0.00738	0.00738	0.00758	0.00519	0.00499	0.00859	0.00839	0.01200	0.01159	0.01857	0.01099	0.01854	0.02033	0.70685	0.00479	0.00519	0.12306	0.00300
7	0.00860	0.00573	0.00645	0.00645	0.00645	0.00573	0.00358	0.00860	0.00860	0.01147	0.01863	0.03870	0.02150	0.79217	0.03010	0.00573	0.00573	0.00860	0.00358	0.00358
8	0.00895	0.00989	0.11968	0.01058	0.01276	0.00832	0.00951	0.01176	0.00994	0.01446	0.01507	0.02166	0.01372	0.03868	0.65693	0.00839	0.01480	0.00605	0.00307	0.00579
9	0.01614	0.75497	0.03023	0.01039	0.01534	0.06296	0.01019	0.01802	0.01227	0.01394	0.00827	0.00955	0.00759	0.00511	0.00388	0.00128	0.00655	0.00320	0.00256	0.00755
10	0.01452	0.01393	0.02379	0.06191	0.73061	0.01402	0.01809	0.01804	0.01341	0.01917	0.01110	0.01468	0.00932	0.00529	0.00586	0.00176	0.00706	0.00527	0.00292	0.00927
11	0.01840	0.04727	0.01699	0.18821	0.05193	0.42006	0.01221	0.05375	0.01566	0.05383	0.01361	0.01546	0.05448	0.00664	0.00559	0.00168	0.00878	0.00489	0.00343	0.00711
12	0.01581	0.79572	0.03099	0.01012	0.01518	0.02340	0.01012	0.01771	0.01202	0.01391	0.00822	0.00949	0.00759	0.00506	0.00379	0.00126	0.00632	0.00316	0.00253	0.00759
13	0.01102	0.00551	0.00551	0.00551	0.00689	0.00551	0.00413	0.01378	0.01240	0.02205	0.01929	0.02205	0.01516	0.00689	0.00413	0.00138	0.00276	0.00551	0.82500	0.00551
14	0.01221	0.01223	0.01998	0.01617	0.01781	0.01482	0.18171	0.01458	0.01146	0.01678	0.11913	0.05940	0.01675	0.00977	0.01402	0.00233	0.44379	0.00703	0.00341	0.00661
15	0.01117	0.01051	0.01774	0.77795	0.04073	0.01314	0.01642	0.01511	0.01182	0.01511	0.01051	0.01577	0.00788	0.00591	0.00591	0.00197	0.00788	0.00526	0.00263	0.00657
16	0.00699	0.00599	0.00599	0.00599	0.00799	0.00499	0.00449	0.00849	0.01348	0.01598	0.05991	0.05691	0.75288	0.01498	0.00699	0.00200	0.00300	0.01248	0.00549	0.00499
17	0.02653	0.01006	0.01372	0.01052	0.01510	0.00869	0.00869	0.02882	0.01693	0.75937	0.02333	0.02013	0.01464	0.00732	0.00595	0.00183	0.00503	0.00595	0.00732	0.01006
18	0.01394	0.01405	0.02604	0.14187	0.45422	0.01416	0.21191	0.01792	0.01336	0.01860	0.01126	0.01516	0.00904	0.00529	0.00617	0.00185	0.00795	0.00573	0.00290	0.00858
19	0.00741	0.00523	0.00680	0.00797	0.00827	0.00494	0.00521	0.00829	0.01092	0.01456	0.03055	0.67849	0.03653	0.13187	0.01085	0.00289	0.00377	0.01561	0.00521	0.00462
20	0.00953	0.00681	0.00953	0.01089	0.01225	0.00681	0.00953	0.01225	0.01361	0.01770	0.03131	0.06671	0.03403	0.01634	0.00817	0.00272	0.00545	0.71547	0.00545	0.00545
21	0.01844	0.00902	0.01195	0.01082	0.05184	0.00840	0.00786	0.03629	0.06061	0.38894	0.14413	0.06564	0.02360	0.12360	0.00974	0.00244	0.00479	0.00768	0.00620	0.00802
22	0.01516	0.27046	0.16278	0.02091	0.22752	0.09186	0.09640	0.01875	0.01320	0.01695	0.00999	0.01234	0.00823	0.00532	0.00522	0.00162	0.00781	0.00447	0.00274	0.00827
23	0.01073	0.00662	0.00834	0.00758	0.00957	0.00591	0.00580	0.01316	0.01606	0.12980	0.49448	0.04343	0.20173	0.01202	0.00683	0.00189	0.00316	0.01039	0.00641	0.00611
24	0.00837	0.00604	0.00790	0.00744	0.00883	0.00558	0.00558	0.01116	0.01674	0.02371	0.75216	0.04417	0.05580	0.01209	0.00697	0.00186	0.00279	0.01069	0.00651	0.00558
25	0.01265	0.02208	0.39431	0.13368	0.18759	0.01388	0.11575	0.01810	0.01280	0.01836	0.01089	0.01390	0.00816	0.00550	0.00590	0.00188	0.00841	0.00505	0.00268	0.00846
26	0.01228	0.02187	0.37945	0.01940	0.02614	0.01336	0.32086	0.01777	0.01299	0.01846	0.01337	0.09129	0.01127	0.00664	0.00639	0.00198	0.00873	0.00671	0.00300	0.00802
27	0.01186	0.03059	0.76153	0.01686	0.02560	0.01373	0.02185	0.01873	0.01249	0.01873	0.01061	0.01249	0.00749	0.00562	0.00562	0.00187	0.00874	0.00437	0.00250	0.00874
28	0.01799	0.01260	0.01394	0.01190	0.01566	0.01389	0.00944	0.11042	0.51546	0.17575	0.02280	0.02078	0.01645	0.00778	0.00599	0.00194	0.00496	0.00638	0.00627	0.00958
29	0.01238	0.10965	0.06691	0.47734	0.03290	0.04738	0.09725	0.01612	0.01232	0.01560	0.01146	0.05388	0.00952	0.00633	0.00581	0.00188	0.00788	0.00566	0.00281	0.00691
30	0.01071	0.00993	0.01642	0.53782	0.03214	0.01213	0.04042	0.01396	0.01149	0.01511	0.01382	0.12906	0.01281	0.00989	0.04286	0.00244	0.07254	0.00706	0.00308	0.00629
31	0.01954	0.01235	0.01439	0.01153	0.01526	0.01308	0.00939	0.38873	0.02133	0.18375	0.09320	0.02007	0.01659	0.01312	0.11775	0.00292	0.00709	0.00617	0.02498	0.00879
32	0.01355	0.01492	0.03053	0.02352	0.07264	0.01492	0.55180	0.01773	0.01309	0.01811	0.01220	0.04933	0.01014	0.00638	0.00876	0.00208	0.12251	0.00704	0.00304	0.00770
33	0.01405	0.01473	0.02945	0.08374	0.05788	0.01443	0.53165	0.05250	0.05969	0.02002	0.01304	0.01649	0.00983	0.00546	0.00659	0.00194	0.00883	0.00660	0.04509	0.00798

[dist]
# distance from previous block
# <min> <max>
0	8

[block]
# block no. 1 follows, 39 sequences, length 11
# corresponding to MSA columns:
# 184-194
name=unknown_B
#
# <colnr> <probs for GDERKNQSTAVLIFYWHMCP>
#	G	D	E	R	K	N	Q	S	T	A	V	L	I	F	Y	W	H	M	C	P
0	0.06956	0.01234	0.02181	0.29287	0.23811	0.01319	0.16911	0.01639	0.01231	0.01755	0.01082	0.01523	0.00862	0.00662	0.00728	0.06485	0.00765	0.00548	0.00286	0.00735
1	0.07387	0.01255	0.01900	0.01662	0.08814	0.05610	0.21586	0.06820	0.01449	0.08313	0.05204	0.18190	0.01797	0.00866	0.00631	0.00191	0.00654	0.00819	0.00435	0.06416
2	0.02091	0.05304	0.04804	0.06542	0.01852	0.12623	0.01096	0.28178	0.02007	0.21518	0.06790	0.01715	0.01377	0.00712	0.00580	0.00175	0.00666	0.00550	0.00536	0.00885
3	0.01564	0.01495	0.01366	0.01073	0.01519	0.17237	0.00846	0.13288	0.01583	0.02092	0.01440	0.01547	0.06273	0.00596	0.00502	0.00124	0.00597	0.00452	0.00394	0.46013
4	0.18330	0.01588	0.01865	0.01448	0.01889	0.09564	0.16466	0.30905	0.01905	0.02722	0.01525	0.01633	0.06197	0.00678	0.00570	0.00182	0.00705	0.00560	0.00450	0.00817
5	0.01592	0.01627	0.02293	0.24567	0.12300	0.17531	0.21982	0.01946	0.01409	0.07332	0.01169	0.01491	0.00884	0.00571	0.00609	0.00184	0.00875	0.00549	0.00322	0.00766
6	0.01652	0.01049	0.01228	0.01011	0.01397	0.01013	0.00802	0.02393	0.27134	0.23261	0.07904	0.02362	0.07129	0.00786	0.00579	0.00170	0.00445	0.00652	0.00585	0.18448
7	0.02075	0.19269	0.01981	0.01414	0.01762	0.60875	0.01115	0.02235	0.01574	0.01435	0.00894	0.01041	0.00761	0.00587	0.00500	0.00147	0.00973	0.00367	0.00294	0.00701
8	0.61000	0.22612	0.01480	0.00842	0.01246	0.01604	0.00742	0.01747	0.01060	0.02308	0.00823	0.00957	0.00673	0.00537	0.00370	0.00168	0.00505	0.00319	0.00335	0.00673
9	0.01152	0.17522	0.01203	0.04349	0.01066	0.00972	0.00629	0.01416	0.01317	0.02031	0.16444	0.02352	0.02139	0.00750	0.00472	0.00148	0.00377	0.00604	0.44454	0.00602
10	0.07780	0.18071	0.01775	0.01128	0.01525	0.03703	0.00954	0.17615	0.12559	0.17267	0.06815	0.01721	0.01447	0.00721	0.00602	0.00175	0.04233	0.00537	0.00513	0.00858

[dist]
# distance from previous block
# <min> <max>
0	5

[block]
# block no. 2 follows, 39 sequences, length 14
# corresponding to MSA columns:
# 200-213
name=unknown_C
#
# <colnr> <probs for GDERKNQSTAVLIFYWHMCP>
#	G	D	E	R	K	N	Q	S	T	A	V	L	I	F	Y	W	H	M	C	P
0	0.07215	0.74171	0.02945	0.00996	0.01492	0.02270	0.00986	0.01769	0.01188	0.01478	0.00822	0.00949	0.00751	0.00509	0.00379	0.00130	0.00620	0.00316	0.00261	0.00751
1	0.00714	0.00600	0.00620	0.00615	0.00808	0.00506	0.00461	0.00878	0.01384	0.01682	0.13549	0.05552	0.67676	0.01466	0.00699	0.00198	0.00297	0.01229	0.00560	0.00506
2	0.00721	0.00515	0.00686	0.00823	0.00858	0.00480	0.00549	0.00823	0.01132	0.01510	0.03259	0.78831	0.03911	0.01853	0.00755	0.00240	0.00343	0.01681	0.00549	0.00480
3	0.01186	0.03059	0.76153	0.01686	0.02560	0.01373	0.02185	0.01873	0.01249	0.01873	0.01061	0.01249	0.00749	0.00562	0.00562	0.00187	0.00874	0.00437	0.00250	0.00874
4	0.00902	0.00644	0.00894	0.01030	0.01144	0.00636	0.00864	0.01137	0.01311	0.01712	0.03159	0.22597	0.03516	0.01682	0.00803	0.00265	0.00500	0.56127	0.00546	0.00530
5	0.00721	0.00515	0.00686	0.00823	0.00858	0.00480	0.00549	0.00823	0.01132	0.01510	0.03259	0.78831	0.03911	0.01853	0.00755	0.00240	0.00343	0.01681	0.00549	0.00480
6	0.02094	0.01542	0.01667	0.01293	0.01730	0.01695	0.01062	0.65646	0.02660	0.03579	0.09477	0.01747	0.01505	0.00764	0.00603	0.00178	0.00610	0.00591	0.00598	0.00957
7	0.01285	0.01223	0.02078	0.41830	0.38724	0.01358	0.01726	0.01658	0.01262	0.01715	0.01081	0.01522	0.00860	0.00560	0.00588	0.00187	0.00747	0.00526	0.00277	0.00793
8	0.02653	0.01006	0.01372	0.01052	0.01510	0.00869	0.00869	0.02882	0.01693	0.75937	0.02333	0.02013	0.01464	0.00732	0.00595	0.00183	0.00503	0.00595	0.00732	0.01006
9	0.01410	0.01350	0.02303	0.15109	0.64468	0.01391	0.01788	0.01768	0.01321	0.01867	0.01103	0.01481	0.00914	0.00537	0.00586	0.00179	0.00716	0.00527	0.00288	0.00893
10	0.01423	0.46262	0.26319	0.01227	0.01817	0.04701	0.01360	0.01777	0.01270	0.01621	0.06429	0.01307	0.01114	0.00580	0.00467	0.00151	0.00700	0.00413	0.00283	0.00778
11	0.01186	0.03059	0.76153	0.01686	0.02560	0.01373	0.02185	0.01873	0.01249	0.01873	0.01061	0.01249	0.00749	0.00562	0.00562	0.00187	0.00874	0.00437	0.00250	0.00874
12	0.00845	0.00634	0.00950	0.00950	0.01056	0.00739	0.00739	0.01056	0.00950	0.01373	0.01584	0.02323	0.01478	0.04435	0.76873	0.00950	0.01584	0.00634	0.00317	0.00528
13	0.01227	0.02720	0.60028	0.01815	0.02597	0.01417	0.14154	0.01853	0.01256	0.01853	0.01069	0.01309	0.00776	0.00576	0.00656	0.00193	0.04908	0.00485	0.00259	0.00849

[dist]
# distance from previous block
# <min> <max>
17	60

[block]
# block no. 3 follows, 39 sequences, length 9
# corresponding to MSA columns:
# 277-285
name=unknown_D
#
# <colnr> <probs for GDERKNQSTAVLIFYWHMCP>
#	G	D	E	R	K	N	Q	S	T	A	V	L	I	F	Y	W	H	M	C	P
0	0.00753	0.00540	0.00716	0.00801	0.00865	0.00502	0.00552	0.00906	0.01285	0.01753	0.23549	0.57848	0.04382	0.01671	0.00739	0.00225	0.00325	0.01509	0.00578	0.00502
1	0.01373	0.01143	0.01304	0.00960	0.01466	0.00968	0.00771	0.10780	0.06382	0.02193	0.01190	0.01317	0.00955	0.00497	0.00469	0.00107	0.00467	0.00395	0.00398	0.66866
2	0.01431	0.01602	0.11166	0.03399	0.66856	0.01401	0.01859	0.01822	0.01335	0.01925	0.01106	0.01438	0.00914	0.00531	0.00583	0.00177	0.00723	0.00516	0.00288	0.00929
3	0.01322	0.29362	0.51039	0.01454	0.02201	0.01706	0.01782	0.01838	0.01232	0.01707	0.00979	0.01145	0.00752	0.00543	0.00499	0.00166	0.00791	0.00395	0.00251	0.00834
4	0.01366	0.10699	0.02722	0.01826	0.02339	0.01449	0.39928	0.01735	0.01285	0.01799	0.01076	0.01398	0.00864	0.00534	0.00711	0.00168	0.08019	0.00549	0.00303	0.21229
5	0.01476	0.01135	0.01310	0.00974	0.01461	0.00973	0.00782	0.14985	0.01539	0.06634	0.01306	0.05184	0.01087	0.00577	0.00492	0.00118	0.00477	0.00465	0.00428	0.58597
6	0.01585	0.00877	0.01112	0.00980	0.01278	0.00810	0.00766	0.03729	0.09117	0.27088	0.04990	0.24122	0.02401	0.01106	0.00641	0.00196	0.00445	0.06585	0.00595	0.11577
7	0.01245	0.00853	0.01142	0.00923	0.01254	0.00719	0.04464	0.01503	0.01459	0.12993	0.27522	0.08843	0.06404	0.00916	0.00603	0.00159	0.00407	0.00804	0.00534	0.27251
8	0.01538	0.01107	0.01155	0.01026	0.01296	0.09981	0.00803	0.05279	0.10964	0.16987	0.23567	0.06051	0.02891	0.03663	0.00722	0.00202	0.00505	0.07592	0.00580	0.04091

[dist]
# distance from previous block
# <min> <max>
20	182

[block]
# block no. 4 follows, 39 sequences, length 7
# corresponding to MSA columns:
# 475-481
name=unknown_E
#
# <colnr> <probs for GDERKNQSTAVLIFYWHMCP>
#	G	D	E	R	K	N	Q	S	T	A	V	L	I	F	Y	W	H	M	C	P
0	0.00931	0.00776	0.01003	0.00947	0.01087	0.00800	0.00712	0.01089	0.01174	0.01657	0.09417	0.37042	0.08597	0.01351	0.00915	0.00208	0.15279	0.01125	0.00467	0.15421
1	0.33184	0.01270	0.01235	0.01079	0.01343	0.07413	0.00864	0.09153	0.01276	0.04453	0.01268	0.11529	0.01192	0.00844	0.00790	0.00198	0.16492	0.00580	0.00397	0.05440
2	0.01492	0.01183	0.01932	0.02723	0.49896	0.01161	0.01468	0.01795	0.01374	0.11753	0.01714	0.09474	0.01577	0.00809	0.00630	0.00194	0.00623	0.08938	0.00405	0.00857
3	0.23394	0.01195	0.01242	0.00972	0.01424	0.01176	0.00788	0.13868	0.08409	0.06724	0.01255	0.01326	0.00957	0.00565	0.00469	0.00144	0.00485	0.00417	0.00441	0.34747
4	0.05199	0.01040	0.01387	0.01126	0.01460	0.01027	0.07657	0.13333	0.07087	0.17975	0.10571	0.02509	0.06797	0.01012	0.00844	0.11214	0.00529	0.03740	0.00530	0.04963
5	0.01286	0.00780	0.00977	0.00929	0.01136	0.00748	0.00720	0.09780	0.01557	0.15016	0.13617	0.27654	0.10798	0.01361	0.00702	0.00215	0.00422	0.11046	0.00600	0.00656
6	0.01963	0.00993	0.01246	0.01029	0.01375	0.00956	0.00820	0.11807	0.08467	0.38623	0.14434	0.11321	0.02404	0.00946	0.00631	0.00191	0.00464	0.00799	0.00666	0.00864

[dist]
# distance from previous block
# <min> <max>
0	3

[block]
# block no. 5 follows, 39 sequences, length 6
# corresponding to MSA columns:
# 485-490
name=unknown_F
#
# <colnr> <probs for GDERKNQSTAVLIFYWHMCP>
#	G	D	E	R	K	N	Q	S	T	A	V	L	I	F	Y	W	H	M	C	P
0	0.01547	0.01101	0.01301	0.00949	0.01459	0.00899	0.00767	0.08462	0.01445	0.13738	0.01287	0.01368	0.00981	0.00510	0.00477	0.00111	0.00468	0.00406	0.00433	0.62292
1	0.13813	0.01853	0.01610	0.01412	0.05091	0.21993	0.01075	0.34789	0.08155	0.02769	0.01266	0.01326	0.00951	0.00659	0.00544	0.00173	0.00722	0.00472	0.00469	0.00858
2	0.01028	0.00726	0.00813	0.00757	0.00855	0.00727	0.00490	0.09792	0.01163	0.01557	0.02115	0.09809	0.06164	0.54893	0.02269	0.00452	0.00542	0.00885	0.00413	0.04552
3	0.09022	0.01090	0.01187	0.01007	0.01322	0.01142	0.00803	0.29061	0.01822	0.06940	0.01883	0.15015	0.01697	0.00915	0.00568	0.00180	0.00485	0.04267	0.15079	0.06512
4	0.01560	0.01128	0.01312	0.00995	0.01458	0.00995	0.00797	0.17131	0.01605	0.10536	0.01474	0.08386	0.01245	0.00658	0.00517	0.00131	0.00483	0.00537	0.00463	0.48589
5	0.02280	0.01175	0.01436	0.01111	0.01547	0.01138	0.00911	0.24783	0.02007	0.42475	0.08770	0.02009	0.01672	0.00754	0.00595	0.00176	0.00525	0.00606	0.00660	0.05369

[dist]
# distance from previous block
# <min> <max>
0	108

[block]
# block no. 6 follows, 39 sequences, length 17
# corresponding to MSA columns:
# 654-670
name=unknown_G
#
# <colnr> <probs for GDERKNQSTAVLIFYWHMCP>
#	G	D	E	R	K	N	Q	S	T	A	V	L	I	F	Y	W	H	M	C	P
0	0.02096	0.01566	0.01693	0.01288	0.01770	0.01678	0.01061	0.62824	0.02549	0.03459	0.01365	0.01391	0.00986	0.00669	0.00569	0.00164	0.00619	0.00505	0.00556	0.13191
1	0.00823	0.00600	0.00774	0.00739	0.00877	0.00551	0.00551	0.01086	0.01629	0.02284	0.67601	0.07964	0.09792	0.01257	0.00700	0.00189	0.00283	0.01109	0.00640	0.00551
2	0.00725	0.00518	0.00690	0.00820	0.00859	0.00483	0.00549	0.00835	0.01154	0.01545	0.06187	0.75803	0.03979	0.01827	0.00752	0.00238	0.00340	0.01656	0.00553	0.00483
3	0.00789	0.00531	0.00725	0.00841	0.00881	0.00505	0.00583	0.00855	0.01101	0.01463	0.02914	0.60312	0.03432	0.01861	0.00993	0.12537	0.00388	0.08330	0.00505	0.00453
4	0.02295	0.01581	0.01728	0.01325	0.01797	0.01723	0.01095	0.65402	0.02655	0.12058	0.01525	0.01488	0.01059	0.00712	0.00592	0.00178	0.00634	0.00540	0.00608	0.01006
5	0.01226	0.01051	0.01226	0.00876	0.01401	0.00788	0.00701	0.01489	0.01226	0.01927	0.01051	0.01226	0.00876	0.00438	0.00438	0.00088	0.00438	0.00350	0.00350	0.82832
6	0.02077	0.01492	0.01593	0.01240	0.01663	0.01643	0.01018	0.62807	0.02551	0.03500	0.01496	0.01537	0.01082	0.00707	0.00565	0.00172	0.00595	0.00535	0.12789	0.00938
7	0.01174	0.00681	0.00903	0.00815	0.01012	0.00620	0.00631	0.01443	0.01664	0.15782	0.58924	0.04071	0.04738	0.01139	0.00684	0.00189	0.00331	0.03897	0.00661	0.00639
8	0.00860	0.00573	0.00645	0.00645	0.00645	0.00573	0.00358	0.00860	0.00860	0.01147	0.01863	0.03870	0.02150	0.79217	0.03010	0.00573	0.00573	0.00860	0.00358	0.00358
9	0.01386	0.01566	0.03326	0.02401	0.02941	0.01526	0.66340	0.01848	0.01348	0.01848	0.01155	0.01566	0.00885	0.00551	0.00819	0.00205	0.08530	0.00680	0.00295	0.00783
10	0.01513	0.01577	0.03080	0.02238	0.02763	0.01575	0.56016	0.12523	0.01557	0.02124	0.01191	0.01541	0.00902	0.00579	0.00796	0.00202	0.08012	0.00657	0.00339	0.00815
11	0.01698	0.01357	0.01463	0.01197	0.01604	0.01472	0.00957	0.28615	0.34884	0.02848	0.04264	0.01846	0.01500	0.00728	0.00577	0.00175	0.00524	0.00585	0.00562	0.13145
12	0.01240	0.00831	0.01016	0.00866	0.01145	0.00760	0.00669	0.03089	0.09038	0.11991	0.36240	0.05432	0.05718	0.02708	0.00675	0.00178	0.00376	0.00834	0.00584	0.16611
13	0.01701	0.01460	0.01630	0.01324	0.01726	0.08725	0.08018	0.19244	0.26660	0.06106	0.01866	0.04974	0.03024	0.00746	0.00591	0.00178	0.00611	0.00626	0.00515	0.10276
14	0.13512	0.01375	0.09056	0.37317	0.20863	0.01367	0.01565	0.04896	0.01275	0.01919	0.01050	0.01418	0.00809	0.00572	0.00553	0.00188	0.00720	0.00487	0.00299	0.00760
15	0.01853	0.01499	0.08758	0.01219	0.01645	0.01423	0.01051	0.37650	0.10622	0.10451	0.01649	0.01916	0.01288	0.12391	0.00945	0.00238	0.00617	0.00588	0.00531	0.03667
16	0.01690	0.01275	0.01504	0.01368	0.08777	0.01297	0.00991	0.19338	0.22882	0.09669	0.04005	0.01756	0.01387	0.00670	0.00560	0.00163	0.00525	0.00550	0.00521	0.21072

[dist]
# distance from previous block
# <min> <max>
14	28

[block]
# block no. 7 follows, 39 sequences, length 34
# corresponding to MSA columns:
# 700-733
name=unknown_H
#
# <colnr> <probs for GDERKNQSTAVLIFYWHMCP>
#	G	D	E	R	K	N	Q	S	T	A	V	L	I	F	Y	W	H	M	C	P
0	0.01831	0.01436	0.01840	0.07565	0.05335	0.01500	0.08499	0.37488	0.07069	0.05998	0.01400	0.01500	0.01027	0.00633	0.00578	0.00168	0.00645	0.00531	0.00489	0.14469
1	0.01346	0.00848	0.00958	0.00845	0.01121	0.00807	0.00655	0.07363	0.10431	0.17777	0.05726	0.06875	0.36933	0.04673	0.00762	0.00212	0.00405	0.00976	0.00592	0.00696
2	0.01086	0.00700	0.00828	0.00747	0.00992	0.00596	0.00571	0.01281	0.01436	0.13373	0.18694	0.11147	0.35777	0.01248	0.00662	0.00187	0.00345	0.01062	0.00579	0.08691
3	0.00815	0.00531	0.00674	0.00771	0.00833	0.00514	0.00532	0.00964	0.01144	0.01657	0.02845	0.56335	0.03205	0.01768	0.05908	0.00266	0.00413	0.01355	0.18969	0.00500
4	0.02246	0.01725	0.01769	0.01370	0.01834	0.06274	0.01125	0.69341	0.02715	0.03592	0.01390	0.01399	0.00991	0.00704	0.00588	0.00176	0.00675	0.00523	0.00575	0.00987
5	0.01362	0.01301	0.02217	0.25367	0.54585	0.01378	0.01764	0.01726	0.01298	0.01809	0.01094	0.01497	0.00893	0.00546	0.00587	0.00182	0.00728	0.00527	0.00284	0.00855
6	0.02253	0.01445	0.01619	0.01264	0.01716	0.01546	0.01037	0.47045	0.11410	0.21722	0.01772	0.01667	0.01220	0.00727	0.00594	0.00182	0.00591	0.00565	0.00628	0.00997
7	0.01389	0.01667	0.07704	0.02535	0.08832	0.01481	0.63462	0.01887	0.01383	0.01896	0.01182	0.01564	0.00892	0.00505	0.00681	0.00197	0.00966	0.00669	0.00296	0.00813
8	0.00721	0.00515	0.00686	0.00823	0.00858	0.00480	0.00549	0.00823	0.01132	0.01510	0.03259	0.78831	0.03911	0.01853	0.00755	0.00240	0.00343	0.01681	0.00549	0.00480
9	0.01396	0.01595	0.03490	0.02493	0.03091	0.01496	0.73380	0.01894	0.01396	0.01894	0.01196	0.01595	0.00897	0.00499	0.00698	0.00199	0.00997	0.00698	0.00299	0.00798
10	0.01467	0.57433	0.24237	0.01207	0.01819	0.02060	0.01351	0.01800	0.01215	0.01531	0.00891	0.01035	0.00756	0.00522	0.00432	0.00144	0.00702	0.00351	0.00252	0.00792
11	0.01520	0.01213	0.01299	0.01158	0.01495	0.01370	0.00904	0.02995	0.64728	0.08154	0.02600	0.02385	0.05857	0.00835	0.00607	0.00199	0.00461	0.00695	0.00609	0.00917
12	0.00721	0.00515	0.00686	0.00823	0.00858	0.00480	0.00549	0.00823	0.01132	0.01510	0.03259	0.78831	0.03911	0.01853	0.00755	0.00240	0.00343	0.01681	0.00549	0.00480
13	0.00713	0.00600	0.00619	0.00614	0.00808	0.00505	0.00461	0.00876	0.01382	0.01678	0.13183	0.05559	0.68046	0.01468	0.00699	0.00198	0.00297	0.01230	0.00560	0.00505
14	0.01294	0.01294	0.01811	0.01553	0.01553	0.01811	0.01294	0.01423	0.00906	0.01423	0.00776	0.01294	0.00776	0.01035	0.01941	0.00259	0.78134	0.00518	0.00259	0.00647
15	0.00721	0.00515	0.00686	0.00823	0.00858	0.00480	0.00549	0.00823	0.01132	0.01510	0.03259	0.78831	0.03911	0.01853	0.00755	0.00240	0.00343	0.01681	0.00549	0.00480
16	0.00700	0.00594	0.00604	0.00612	0.00802	0.00498	0.00455	0.00847	0.01335	0.01592	0.05829	0.10021	0.71062	0.01519	0.00702	0.00202	0.00302	0.01274	0.00549	0.00498
17	0.01444	0.01509	0.06560	0.03452	0.67027	0.01409	0.06233	0.01823	0.01344	0.01926	0.01115	0.01460	0.00924	0.00527	0.00591	0.00178	0.00730	0.00532	0.00291	0.00925
18	0.02150	0.02695	0.01649	0.01498	0.01805	0.70836	0.01126	0.02424	0.07476	0.01529	0.01033	0.01157	0.00845	0.00625	0.00539	0.00156	0.01019	0.00404	0.00328	0.00706
19	0.01581	0.79572	0.03099	0.01012	0.01518	0.02340	0.01012	0.01771	0.01202	0.01391	0.00822	0.00949	0.00759	0.00506	0.00379	0.00126	0.00632	0.00316	0.00253	0.00759
20	0.02008	0.01514	0.03896	0.01298	0.01798	0.01506	0.04433	0.47146	0.02259	0.09792	0.01408	0.01438	0.01009	0.00643	0.00565	0.00161	0.00617	0.00506	0.00532	0.17472
21	0.11806	0.12945	0.01935	0.03686	0.01835	0.08546	0.06012	0.35258	0.02007	0.08611	0.01262	0.01328	0.00926	0.00635	0.00536	0.00171	0.00679	0.00478	0.00470	0.00872
22	0.00860	0.00573	0.00645	0.00645	0.00645	0.00573	0.00358	0.00860	0.00860	0.01147	0.01863	0.03870	0.02150	0.79217	0.03010	0.00573	0.00573	0.00860	0.00358	0.00358
23	0.00728	0.00520	0.00693	0.00819	0.00859	0.00485	0.00550	0.00841	0.01166	0.01563	0.07681	0.74258	0.04014	0.01813	0.00751	0.00237	0.00339	0.01644	0.00555	0.00485
24	0.09525	0.01883	0.01670	0.01346	0.01771	0.19351	0.01085	0.50438	0.02363	0.03097	0.01248	0.01296	0.00916	0.00672	0.00558	0.00172	0.00731	0.00478	0.00504	0.00898
25	0.01619	0.01196	0.01309	0.01149	0.01495	0.01324	0.00905	0.06077	0.54691	0.13134	0.02587	0.02448	0.06268	0.00848	0.00611	0.00198	0.00473	0.02136	0.00616	0.00915
26	0.00712	0.00547	0.00653	0.00737	0.00835	0.00488	0.00510	0.00833	0.01216	0.01544	0.04314	0.50581	0.31480	0.01716	0.00733	0.00225	0.00326	0.01514	0.00549	0.00488
27	0.01294	0.01294	0.01811	0.01553	0.01553	0.01811	0.01294	0.01423	0.00906	0.01423	0.00776	0.01294	0.00776	0.01035	0.01941	0.00259	0.78134	0.00518	0.00259	0.00647
28	0.01297	0.17551	0.60455	0.01542	0.02336	0.01545	0.01930	0.01878	0.01250	0.03578	0.01047	0.01210	0.00768	0.00555	0.00528	0.00176	0.00819	0.00418	0.00262	0.00855
29	0.01432	0.00772	0.01005	0.00869	0.01119	0.00715	0.00679	0.01792	0.06681	0.24725	0.48073	0.03535	0.04070	0.01036	0.00660	0.00186	0.00360	0.00898	0.00672	0.00720
30	0.00845	0.00634	0.00950	0.00950	0.01056	0.00739	0.00739	0.01056	0.00950	0.01373	0.01584	0.02323	0.01478	0.04435	0.76873	0.00950	0.01584	0.00634	0.00317	0.00528
31	0.00760	0.00564	0.00780	0.06952	0.01116	0.00552	0.00637	0.00898	0.01173	0.01569	0.08028	0.67561	0.03777	0.01708	0.00738	0.00233	0.00374	0.01547	0.00533	0.00500
32	0.01396	0.01595	0.03490	0.02493	0.03091	0.01496	0.73380	0.01894	0.01396	0.01894	0.01196	0.01595	0.00897	0.00499	0.00698	0.00199	0.00997	0.00698	0.00299	0.00798
33	0.01230	0.00909	0.01052	0.00911	0.01151	0.00922	0.00711	0.22345	0.01935	0.02638	0.41969	0.07023	0.12572	0.01126	0.00669	0.00188	0.00394	0.00961	0.00617	0.00679

[dist]
# distance from previous block
# <min> <max>
0	1

[block]
# block no. 8 follows, 39 sequences, length 9
# corresponding to MSA columns:
# 735-743
name=unknown_I
#
# <colnr> <probs for GDERKNQSTAVLIFYWHMCP>
#	G	D	E	R	K	N	Q	S	T	A	V	L	I	F	Y	W	H	M	C	P
0	0.01789	0.01319	0.01435	0.01218	0.01598	0.01472	0.00968	0.18196	0.49799	0.12134	0.02186	0.02013	0.01590	0.00774	0.00599	0.00193	0.00512	0.00630	0.00616	0.00960
1	0.01464	0.01405	0.02400	0.03630	0.75528	0.01405	0.01815	0.01815	0.01347	0.01932	0.01112	0.01464	0.00937	0.00527	0.00585	0.00176	0.00703	0.00527	0.00293	0.00937
2	0.11767	0.17220	0.01869	0.01311	0.01688	0.41854	0.01055	0.13225	0.01676	0.01934	0.00964	0.01086	0.00785	0.00598	0.00493	0.00155	0.00846	0.00385	0.00347	0.00744
3	0.01314	0.01038	0.01619	0.05484	0.35630	0.01038	0.01218	0.01601	0.03676	0.08328	0.01836	0.14550	0.01810	0.12990	0.01002	0.00255	0.00594	0.04867	0.00406	0.00746
4	0.12144	0.42806	0.08553	0.01148	0.01640	0.10115	0.01094	0.12968	0.01477	0.01960	0.00945	0.01061	0.00782	0.00559	0.00442	0.00149	0.00680	0.00367	0.00325	0.00784
5	0.07782	0.02512	0.01637	0.01445	0.01782	0.59274	0.01105	0.14080	0.01812	0.01907	0.00991	0.01118	0.00794	0.00622	0.00531	0.00159	0.00956	0.00402	0.00356	0.00735
6	0.05846	0.00864	0.01133	0.01081	0.01170	0.01032	0.00866	0.01190	0.01168	0.01703	0.11805	0.17882	0.09423	0.01434	0.03645	0.00261	0.26729	0.11754	0.00445	0.00569
7	0.07454	0.01920	0.01990	0.02271	0.28909	0.28007	0.05510	0.10531	0.04258	0.02041	0.01111	0.01319	0.00892	0.00587	0.00560	0.00170	0.00816	0.00477	0.00349	0.00828
8	0.00721	0.00515	0.00686	0.00823	0.00858	0.00480	0.00549	0.00823	0.01132	0.01510	0.03259	0.78831	0.03911	0.01853	0.00755	0.00240	0.00343	0.01681	0.00549	0.00480

[dist]
# distance from previous block
# <min> <max>
0	0

# created by:
# /software/SequenceAnalysis/GenePrediction/augustus/3.0.1/scripts/msa2prfl.pl ./fixed/BUSCOvEOG7KD80T.fas
