[name]
unknown

[dist]
# distance from previous block
# <min> <max>
4	217

[block]
# block no. 0 follows, 40 sequences, length 29
# corresponding to MSA columns:
# 221-249
name=unknown_A
#
# <colnr> <probs for GDERKNQSTAVLIFYWHMCP>
#	G	D	E	R	K	N	Q	S	T	A	V	L	I	F	Y	W	H	M	C	P
0	0.13730	0.01080	0.01637	0.43287	0.18954	0.01247	0.01396	0.01573	0.01177	0.01807	0.01089	0.01489	0.00848	0.00570	0.00531	0.00182	0.00663	0.00489	0.07559	0.00694
1	0.00870	0.00616	0.00778	0.00767	0.00802	0.00672	0.00513	0.00948	0.00892	0.01251	0.01728	0.04747	0.01868	0.49594	0.23762	0.00629	0.05003	0.00770	0.03362	0.00424
2	0.01359	0.01124	0.01288	0.00934	0.01443	0.00932	0.00752	0.12496	0.01438	0.02164	0.01089	0.01235	0.00881	0.00471	0.00454	0.00100	0.00462	0.00372	0.00381	0.70627
3	0.01971	0.02436	0.01494	0.01367	0.01621	0.65569	0.01006	0.02098	0.01526	0.01378	0.01041	0.01468	0.00957	0.12609	0.00895	0.00213	0.00975	0.00446	0.00308	0.00625
4	0.00704	0.00567	0.00627	0.00659	0.00808	0.00490	0.00476	0.00849	0.01294	0.01607	0.10638	0.25236	0.50922	0.01544	0.00702	0.00206	0.00304	0.01328	0.00548	0.00490
5	0.01485	0.01373	0.02143	0.03025	0.58706	0.01417	0.01595	0.06216	0.14169	0.02095	0.01332	0.01563	0.01073	0.00576	0.00579	0.00177	0.00648	0.00543	0.00358	0.00925
6	0.00792	0.00582	0.00743	0.00734	0.00863	0.00533	0.00543	0.01025	0.01519	0.02098	0.54571	0.15928	0.13613	0.01329	0.00697	0.00195	0.00292	0.02803	0.00610	0.00530
7	0.00744	0.00594	0.00662	0.00689	0.00850	0.00524	0.00525	0.00905	0.01303	0.01609	0.09095	0.10880	0.51153	0.06028	0.00841	0.00231	0.00349	0.11993	0.00534	0.00492
8	0.01225	0.02030	0.33410	0.13451	0.02667	0.01455	0.18460	0.01704	0.01184	0.01704	0.01017	0.01364	0.00781	0.00635	0.00857	0.00202	0.16308	0.00518	0.00260	0.00765
9	0.02182	0.01781	0.01706	0.01346	0.01780	0.13249	0.01094	0.61618	0.02538	0.03294	0.01331	0.01359	0.00963	0.00683	0.00569	0.00170	0.00695	0.00501	0.02211	0.00932
10	0.36059	0.01393	0.03968	0.01010	0.01417	0.12672	0.00844	0.02203	0.01349	0.28878	0.01374	0.01352	0.00951	0.00610	0.00475	0.00172	0.00572	0.00426	0.00475	0.03799
11	0.00804	0.00579	0.00760	0.00745	0.00864	0.00536	0.00547	0.01049	0.01556	0.02188	0.63346	0.17036	0.05209	0.01296	0.00695	0.00192	0.00285	0.01154	0.00623	0.00536
12	0.01299	0.01247	0.01858	0.16912	0.42807	0.06138	0.01433	0.01579	0.01242	0.01659	0.01393	0.01977	0.04346	0.12599	0.00941	0.00236	0.00693	0.00589	0.00304	0.00748
13	0.01452	0.01560	0.07966	0.04835	0.07239	0.01510	0.34349	0.14240	0.01503	0.02075	0.01222	0.04913	0.01003	0.00675	0.00836	0.00201	0.12647	0.00638	0.00344	0.00793
14	0.00828	0.00625	0.00779	0.00861	0.00947	0.00625	0.00598	0.01175	0.12368	0.01684	0.07792	0.62599	0.03638	0.01624	0.00716	0.00227	0.00352	0.01463	0.00554	0.00545
15	0.01354	0.06361	0.02057	0.11350	0.39532	0.03180	0.05624	0.01670	0.01258	0.01806	0.01165	0.01515	0.00961	0.00587	0.00645	0.00173	0.06637	0.00514	0.12828	0.00784
16	0.07317	0.01467	0.01842	0.01417	0.01873	0.01572	0.12082	0.40872	0.12640	0.10591	0.01556	0.01564	0.01108	0.00671	0.00585	0.00182	0.00639	0.00560	0.00539	0.00925
17	0.01488	0.08777	0.19652	0.08340	0.20194	0.01327	0.08896	0.01928	0.03392	0.13164	0.06129	0.01657	0.01245	0.00609	0.00573	0.00178	0.00698	0.00544	0.00370	0.00840
18	0.01471	0.06460	0.41308	0.01689	0.04626	0.01524	0.10609	0.18404	0.04441	0.02261	0.01181	0.01336	0.00859	0.00583	0.00568	0.00180	0.00791	0.00488	0.00343	0.00878
19	0.01506	0.01288	0.01808	0.01505	0.01616	0.03713	0.05430	0.01670	0.01057	0.12824	0.01024	0.01391	0.00873	0.00930	0.01598	0.00237	0.59974	0.00527	0.00329	0.00700
20	0.01325	0.00980	0.05406	0.01131	0.10020	0.00904	0.00804	0.12724	0.01485	0.02348	0.01761	0.05376	0.01435	0.00728	0.00493	0.00160	0.00429	0.00590	0.51210	0.00691
21	0.00757	0.00605	0.00669	0.00678	0.00840	0.00523	0.00496	0.00915	0.01385	0.01755	0.20589	0.16119	0.49617	0.01481	0.00709	0.00206	0.00309	0.01259	0.00572	0.00519
22	0.00911	0.01030	0.13005	0.00993	0.01212	0.00731	0.05007	0.01122	0.01199	0.01649	0.14628	0.25419	0.07043	0.21856	0.01292	0.00306	0.00517	0.01070	0.00457	0.00553
23	0.01479	0.01272	0.01338	0.01205	0.01536	0.01463	0.00934	0.03105	0.74498	0.02460	0.02394	0.02212	0.01803	0.00811	0.00606	0.00203	0.00472	0.00668	0.00602	0.00937
24	0.09346	0.04070	0.54364	0.01470	0.02202	0.01297	0.01762	0.02021	0.01301	0.14861	0.01268	0.01373	0.00882	0.00602	0.00551	0.00188	0.00762	0.00455	0.00351	0.00874
25	0.05985	0.75280	0.02943	0.01006	0.01497	0.02260	0.00989	0.01762	0.01193	0.01468	0.00844	0.00983	0.00774	0.00523	0.00388	0.00134	0.00624	0.00323	0.00267	0.00757
26	0.78850	0.05368	0.00998	0.00801	0.01170	0.01375	0.00665	0.01733	0.01023	0.02569	0.00846	0.00994	0.00670	0.00561	0.00376	0.00183	0.00471	0.00327	0.00366	0.00654
27	0.08110	0.03276	0.01843	0.12485	0.04879	0.16330	0.08287	0.22814	0.06570	0.06689	0.01298	0.01455	0.00973	0.00653	0.00592	0.00183	0.01789	0.00512	0.00432	0.00830
28	0.01251	0.01672	0.17499	0.14277	0.04247	0.01328	0.36569	0.01712	0.01340	0.01844	0.06694	0.01912	0.04482	0.00642	0.00671	0.00199	0.01909	0.00662	0.00326	0.00765

[dist]
# distance from previous block
# <min> <max>
5	23

[block]
# block no. 1 follows, 40 sequences, length 11
# corresponding to MSA columns:
# 273-283
name=unknown_B
#
# <colnr> <probs for GDERKNQSTAVLIFYWHMCP>
#	G	D	E	R	K	N	Q	S	T	A	V	L	I	F	Y	W	H	M	C	P
0	0.00869	0.00676	0.01006	0.04133	0.01173	0.00806	0.00780	0.01070	0.00938	0.01349	0.01500	0.02257	0.01412	0.07099	0.66566	0.00848	0.06064	0.00621	0.00308	0.00525
1	0.00823	0.00594	0.00777	0.00732	0.00869	0.00549	0.00549	0.01097	0.01646	0.02332	0.75629	0.04344	0.05487	0.01189	0.00686	0.00183	0.00274	0.01052	0.00640	0.00549
2	0.00716	0.00512	0.00681	0.00805	0.00845	0.00477	0.00540	0.00828	0.01147	0.01538	0.07790	0.74446	0.03950	0.01782	0.00739	0.00233	0.00333	0.01615	0.00546	0.00477
3	0.83671	0.01125	0.00855	0.00765	0.01125	0.01305	0.00630	0.01709	0.00990	0.02609	0.00810	0.00945	0.00630	0.00540	0.00360	0.00180	0.00450	0.00315	0.00360	0.00630
4	0.00700	0.00590	0.00607	0.00602	0.00793	0.00496	0.00452	0.00859	0.01355	0.01642	0.12362	0.05480	0.69185	0.01446	0.00687	0.00195	0.00293	0.01211	0.00549	0.00496
5	0.01098	0.01034	0.01744	0.78165	0.04005	0.01292	0.01615	0.01486	0.01163	0.01486	0.01034	0.01550	0.00775	0.00581	0.00581	0.00194	0.00775	0.00517	0.00258	0.00646
6	0.01555	0.79913	0.03047	0.00995	0.01493	0.02301	0.00995	0.01741	0.01182	0.01368	0.00808	0.00933	0.00746	0.00498	0.00373	0.00124	0.00622	0.00311	0.00249	0.00746
7	0.01446	0.01249	0.01315	0.01183	0.01512	0.01446	0.00920	0.03090	0.74885	0.02433	0.02367	0.02170	0.01775	0.00789	0.00592	0.00197	0.00460	0.00657	0.00592	0.00920
8	0.01537	0.74935	0.02967	0.01029	0.01495	0.02268	0.01013	0.01720	0.01163	0.01370	0.00806	0.00954	0.00747	0.00530	0.00470	0.00133	0.05552	0.00323	0.00249	0.00739
9	0.02211	0.01629	0.01745	0.01338	0.01803	0.01803	0.01105	0.73997	0.02734	0.03665	0.01396	0.01396	0.00989	0.00698	0.00582	0.00175	0.00640	0.00524	0.00582	0.00989
10	0.02387	0.00966	0.01295	0.01014	0.01429	0.00855	0.00829	0.02685	0.05216	0.65885	0.09102	0.02208	0.01831	0.00767	0.00595	0.00181	0.00473	0.00632	0.00706	0.00945

[dist]
# distance from previous block
# <min> <max>
2	369

# created by:
# /software/SequenceAnalysis/GenePrediction/augustus/3.0.1/scripts/msa2prfl.pl ./fixed/BUSCOvEOG7H73RC.fas
