[name]
unknown

[dist]
# distance from previous block
# <min> <max>
0	180

[block]
# block no. 0 follows, 41 sequences, length 26
# corresponding to MSA columns:
# 277-302
name=unknown_A
#
# <colnr> <probs for GDERKNQSTAVLIFYWHMCP>
#	G	D	E	R	K	N	Q	S	T	A	V	L	I	F	Y	W	H	M	C	P
0	0.01266	0.15358	0.49322	0.01912	0.17586	0.01489	0.01852	0.01784	0.01220	0.01747	0.00999	0.01203	0.00764	0.00528	0.00519	0.00169	0.00773	0.00421	0.00251	0.00840
1	0.31652	0.04451	0.01297	0.01394	0.16697	0.01215	0.00901	0.01814	0.14824	0.02243	0.12248	0.01983	0.05710	0.00712	0.00504	0.00178	0.00467	0.00566	0.00426	0.00717
2	0.00717	0.00575	0.00601	0.00598	0.00747	0.00502	0.00423	0.00841	0.01227	0.01505	0.09689	0.05058	0.56036	0.17657	0.01138	0.00267	0.00343	0.01118	0.00500	0.00458
3	0.01083	0.00882	0.01429	0.05515	0.06535	0.00848	0.13857	0.01446	0.04641	0.06582	0.40288	0.03309	0.09287	0.00947	0.00652	0.00184	0.00471	0.00876	0.00520	0.00648
4	0.01712	0.01455	0.06401	0.02369	0.39420	0.09548	0.01416	0.02016	0.01413	0.19709	0.01499	0.01913	0.01200	0.00658	0.00580	0.00178	0.00669	0.06580	0.00404	0.00860
5	0.01631	0.59446	0.07269	0.01121	0.01592	0.17789	0.01075	0.01837	0.01260	0.01386	0.00828	0.00959	0.00734	0.00513	0.00409	0.00131	0.00713	0.00326	0.00255	0.00726
6	0.00876	0.00638	0.00887	0.00968	0.01097	0.00649	0.00816	0.01121	0.01263	0.01679	0.09833	0.05322	0.07113	0.02094	0.16667	0.00387	0.00697	0.46880	0.00491	0.00522
7	0.01277	0.13349	0.60286	0.01481	0.02235	0.01406	0.01841	0.01838	0.01238	0.06290	0.03002	0.01292	0.00888	0.00562	0.00525	0.00173	0.00777	0.00432	0.00280	0.00830
8	0.00892	0.00678	0.00779	0.00731	0.00907	0.02127	0.00553	0.01203	0.05984	0.04477	0.47472	0.04358	0.25296	0.01199	0.00663	0.00184	0.00309	0.01032	0.00594	0.00562
9	0.00962	0.00510	0.00715	0.00715	0.00718	0.00510	0.00463	0.00778	0.00774	0.01046	0.01182	0.02163	0.01230	0.18070	0.02330	0.64164	0.00503	0.00567	0.02325	0.00276
10	0.01464	0.02398	0.53814	0.01626	0.05216	0.01236	0.06281	0.02012	0.01309	0.17311	0.01291	0.01389	0.00884	0.00572	0.00559	0.00181	0.00772	0.00473	0.00343	0.00870
11	0.01882	0.01491	0.01818	0.01863	0.20976	0.01622	0.01236	0.46475	0.11685	0.03001	0.01420	0.01482	0.01055	0.00652	0.00572	0.00174	0.00620	0.00531	0.00499	0.00947
12	0.01894	0.01398	0.01552	0.01234	0.01618	0.01555	0.01010	0.59240	0.02323	0.03134	0.01406	0.01554	0.01067	0.01432	0.16511	0.00326	0.00816	0.00535	0.00517	0.00877
13	0.62255	0.01484	0.16628	0.05212	0.01545	0.01292	0.00982	0.01696	0.01031	0.02349	0.00856	0.01020	0.00649	0.00536	0.00405	0.00179	0.00543	0.00344	0.00325	0.00667
14	0.01238	0.01345	0.02835	0.02061	0.02548	0.01259	0.59006	0.01676	0.01406	0.01928	0.16644	0.02108	0.01805	0.00624	0.00675	0.00190	0.00821	0.00749	0.00360	0.00724
15	0.00928	0.00514	0.00711	0.00711	0.00751	0.00494	0.00484	0.00761	0.00861	0.01108	0.01987	0.02518	0.16528	0.01876	0.01913	0.66156	0.00454	0.00644	0.00307	0.00297
16	0.07874	0.00724	0.00944	0.01028	0.04762	0.00710	0.00796	0.01212	0.01320	0.01897	0.20098	0.04614	0.04894	0.01289	0.00769	0.04790	0.00452	0.35682	0.00498	0.05646
17	0.00953	0.00721	0.00975	0.01221	0.16283	0.00721	0.00638	0.01023	0.00929	0.01266	0.01652	0.03262	0.01837	0.63477	0.02426	0.00475	0.00580	0.00765	0.00333	0.00462
18	0.02174	0.01602	0.01717	0.01316	0.01774	0.01774	0.01087	0.74423	0.02689	0.03605	0.01373	0.01373	0.00973	0.00687	0.00572	0.00172	0.00629	0.00515	0.00572	0.00973
19	0.01044	0.00626	0.00759	0.00702	0.00867	0.00598	0.00534	0.02537	0.03096	0.07333	0.45477	0.03365	0.03771	0.00967	0.00580	0.00166	0.00294	0.00833	0.25869	0.00582
20	0.00817	0.00613	0.00919	0.00919	0.01021	0.00715	0.00715	0.01021	0.00919	0.01328	0.01532	0.02247	0.01430	0.04290	0.77631	0.00919	0.01532	0.00613	0.00306	0.00511
21	0.01976	0.01432	0.01562	0.01244	0.01655	0.01584	0.01014	0.51084	0.17546	0.08152	0.01638	0.01614	0.01186	0.00891	0.04521	0.00215	0.00629	0.00551	0.00570	0.00935
22	0.01293	0.00955	0.01113	0.00874	0.01230	0.00838	0.00675	0.10786	0.01364	0.06563	0.05514	0.02180	0.01508	0.17004	0.00996	0.00212	0.00477	0.03592	0.00417	0.42409
23	0.01292	0.00891	0.05565	0.00933	0.01186	0.00765	0.00785	0.04034	0.06478	0.17530	0.31298	0.06864	0.03354	0.05112	0.00770	0.00214	0.00428	0.11244	0.00584	0.00672
24	0.01533	0.01651	0.01965	0.07879	0.37828	0.21771	0.05142	0.01895	0.05854	0.01722	0.01417	0.01645	0.05953	0.00613	0.00567	0.00170	0.00755	0.00535	0.00319	0.00786
25	0.06451	0.06683	0.10116	0.09056	0.37673	0.01378	0.01493	0.04310	0.07504	0.06964	0.01251	0.01505	0.00985	0.00575	0.00543	0.00174	0.00650	0.01495	0.00344	0.00848

[dist]
# distance from previous block
# <min> <max>
0	2

[block]
# block no. 1 follows, 41 sequences, length 38
# corresponding to MSA columns:
# 305-342
name=unknown_B
#
# <colnr> <probs for GDERKNQSTAVLIFYWHMCP>
#	G	D	E	R	K	N	Q	S	T	A	V	L	I	F	Y	W	H	M	C	P
0	0.01894	0.02213	0.01603	0.01404	0.01718	0.52658	0.05402	0.06412	0.06264	0.01691	0.01291	0.04382	0.02800	0.00678	0.00546	0.00160	0.00874	0.00494	0.03544	0.03971
1	0.00727	0.00592	0.00623	0.00621	0.00800	0.00504	0.00462	0.00883	0.01348	0.01676	0.15071	0.08202	0.61682	0.01417	0.00680	0.00195	0.00296	0.01189	0.02530	0.00502
2	0.02097	0.01558	0.01678	0.01284	0.01747	0.01686	0.01056	0.67185	0.02553	0.03450	0.01359	0.01384	0.00980	0.00675	0.00567	0.00167	0.00616	0.00505	0.00556	0.08899
3	0.83684	0.01120	0.00856	0.00767	0.01122	0.01294	0.00629	0.01695	0.00987	0.02582	0.00818	0.00959	0.00640	0.00545	0.00363	0.00181	0.00450	0.00317	0.00361	0.00630
4	0.00854	0.00571	0.00640	0.00639	0.00641	0.00567	0.00357	0.00848	0.00846	0.01130	0.01820	0.03764	0.02095	0.79649	0.02912	0.00557	0.00561	0.00837	0.00354	0.00358
5	0.09532	0.01182	0.01353	0.01151	0.01509	0.01285	0.04747	0.05433	0.44963	0.14302	0.02295	0.02155	0.05983	0.00776	0.00578	0.00192	0.00489	0.00639	0.00568	0.00869
6	0.01489	0.67937	0.14540	0.01094	0.01640	0.02125	0.01164	0.01742	0.01182	0.01439	0.00853	0.00993	0.00753	0.00512	0.00404	0.00135	0.00655	0.00331	0.00252	0.00762
7	0.00736	0.00568	0.00627	0.00662	0.00774	0.00506	0.00452	0.00833	0.01163	0.01452	0.04264	0.25140	0.41099	0.17710	0.01159	0.00282	0.00363	0.01247	0.00500	0.00461
8	0.02047	0.01492	0.01602	0.01254	0.01671	0.01639	0.01024	0.65905	0.02523	0.03415	0.01517	0.05594	0.01171	0.00758	0.00579	0.00176	0.00598	0.00582	0.05523	0.00929
9	0.01350	0.01060	0.01352	0.00977	0.01483	0.00825	0.05343	0.01609	0.01253	0.09071	0.01165	0.01311	0.00923	0.00469	0.00463	0.00105	0.00471	0.00390	0.00378	0.70003
10	0.01168	0.02967	0.76697	0.01642	0.02487	0.01339	0.02118	0.01824	0.01220	0.01830	0.01047	0.01236	0.00745	0.00557	0.00552	0.00185	0.00851	0.00430	0.00249	0.00855
11	0.01168	0.02967	0.76697	0.01642	0.02487	0.01339	0.02118	0.01824	0.01220	0.01830	0.01047	0.01236	0.00745	0.00557	0.00552	0.00185	0.00851	0.00430	0.00249	0.00855
12	0.00730	0.00522	0.00689	0.00804	0.00849	0.00485	0.00541	0.00840	0.01159	0.01560	0.10166	0.72065	0.03948	0.01742	0.00733	0.00231	0.00334	0.01572	0.00547	0.00483
13	0.01101	0.01031	0.01728	0.78280	0.03946	0.01281	0.01595	0.01476	0.01157	0.01481	0.01038	0.01553	0.00783	0.00586	0.00581	0.00194	0.00769	0.00515	0.00261	0.00646
14	0.00719	0.00514	0.00680	0.00811	0.00846	0.00478	0.00541	0.00813	0.01108	0.01480	0.03166	0.79294	0.03793	0.01802	0.00738	0.00236	0.00339	0.01629	0.00537	0.00476
15	0.01234	0.02809	0.69589	0.01663	0.02477	0.01327	0.06181	0.01863	0.01245	0.04719	0.01102	0.01284	0.00780	0.00560	0.00561	0.00185	0.00844	0.00450	0.00270	0.00856
16	0.00839	0.00629	0.00934	0.00933	0.01037	0.00727	0.00724	0.01037	0.00933	0.01348	0.01551	0.02272	0.01448	0.04291	0.77384	0.00921	0.01536	0.00619	0.00314	0.00522
17	0.01096	0.00943	0.01309	0.01182	0.01255	0.01215	0.00956	0.03820	0.00994	0.01501	0.01219	0.01791	0.01132	0.02472	0.36072	0.00547	0.35826	0.00561	0.05518	0.00591
18	0.02140	0.02424	0.01608	0.01424	0.01748	0.60208	0.01084	0.10189	0.06167	0.06001	0.01123	0.01216	0.00882	0.00632	0.00538	0.00158	0.00928	0.00420	0.00373	0.00740
19	0.01197	0.00836	0.00925	0.00837	0.00981	0.00905	0.00599	0.13110	0.09300	0.01904	0.01770	0.02709	0.01673	0.35283	0.05552	0.00377	0.03333	0.00682	0.17449	0.00577
20	0.01064	0.00912	0.01426	0.22178	0.05002	0.00966	0.09029	0.08217	0.01318	0.01746	0.02210	0.36382	0.04838	0.01158	0.00666	0.00211	0.00566	0.01056	0.00430	0.00623
21	0.01939	0.06116	0.01429	0.01103	0.01489	0.01237	0.00891	0.02857	0.38879	0.34140	0.02217	0.02003	0.01558	0.00742	0.00574	0.00186	0.00484	0.00601	0.00621	0.00934
22	0.02087	0.01957	0.08887	0.01389	0.01853	0.16103	0.01196	0.53603	0.02354	0.03029	0.01267	0.01321	0.00924	0.00668	0.00568	0.00172	0.00733	0.00485	0.00494	0.00912
23	0.28864	0.02157	0.01403	0.01322	0.04212	0.49709	0.00977	0.02080	0.01409	0.01818	0.00884	0.01041	0.00725	0.00581	0.00474	0.00162	0.00832	0.00361	0.00321	0.00668
24	0.02013	0.23674	0.01995	0.01323	0.01684	0.50752	0.01064	0.04129	0.01538	0.05462	0.00967	0.01088	0.00799	0.00585	0.00489	0.00147	0.00883	0.00373	0.00318	0.00718
25	0.00821	0.00623	0.00770	0.00832	0.00937	0.00592	0.00579	0.01081	0.08281	0.01642	0.06991	0.58975	0.07852	0.01573	0.00700	0.00219	0.00350	0.01405	0.00537	0.05238
26	0.09266	0.01454	0.02984	0.02169	0.02695	0.01385	0.62754	0.01772	0.01312	0.01900	0.01256	0.05945	0.01029	0.00575	0.00656	0.00197	0.00884	0.00700	0.00316	0.00750
27	0.07580	0.01610	0.01580	0.01373	0.05882	0.13293	0.01043	0.42472	0.02075	0.02783	0.01255	0.01393	0.00964	0.00995	0.07950	0.00239	0.00763	0.00483	0.00465	0.05804
28	0.00840	0.00626	0.00922	0.00921	0.01021	0.00721	0.00709	0.01029	0.00930	0.01339	0.01562	0.02333	0.01474	0.07338	0.74373	0.00906	0.01496	0.00628	0.00315	0.00515
29	0.00755	0.00584	0.00695	0.00753	0.00869	0.00545	0.00540	0.00986	0.05897	0.01630	0.10433	0.41438	0.26901	0.01554	0.00701	0.00214	0.00328	0.04126	0.00543	0.00507
30	0.02105	0.02673	0.01626	0.01475	0.01759	0.74855	0.01110	0.02251	0.01594	0.01399	0.00879	0.01039	0.00737	0.00604	0.00565	0.00151	0.03850	0.00373	0.00293	0.00662
31	0.12933	0.01383	0.01481	0.01172	0.01580	0.01514	0.00961	0.51320	0.02209	0.10261	0.01461	0.04562	0.01104	0.00891	0.04365	0.00212	0.00624	0.00543	0.00541	0.00883
32	0.00757	0.00575	0.00687	0.00673	0.00814	0.00515	0.00494	0.00958	0.01433	0.01918	0.43028	0.10463	0.28975	0.05209	0.00790	0.00207	0.00295	0.01128	0.00575	0.00505
33	0.01535	0.01811	0.02770	0.02072	0.02546	0.21775	0.51026	0.01904	0.01397	0.01681	0.01116	0.01515	0.00893	0.04443	0.00743	0.00199	0.00962	0.00601	0.00294	0.00721
34	0.01300	0.01452	0.03089	0.06252	0.02871	0.01401	0.63858	0.01743	0.01307	0.01776	0.01232	0.05391	0.01002	0.00573	0.00721	0.00197	0.04088	0.00706	0.00298	0.00743
35	0.00827	0.00533	0.00702	0.00795	0.00851	0.00496	0.00534	0.00925	0.01106	0.06175	0.02975	0.67827	0.03481	0.08738	0.00916	0.00258	0.00362	0.01488	0.00526	0.00486
36	0.05582	0.00632	0.00737	0.00744	0.02106	0.00579	0.00536	0.01073	0.01343	0.06301	0.24671	0.17953	0.30602	0.03675	0.00726	0.00205	0.00327	0.01122	0.00550	0.00536
37	0.01948	0.04360	0.01775	0.01467	0.01807	0.48658	0.08077	0.13345	0.05618	0.01819	0.01106	0.01323	0.00906	0.04528	0.00658	0.00177	0.00897	0.00457	0.00354	0.00720

[dist]
# distance from previous block
# <min> <max>
112	344

# created by:
# /software/SequenceAnalysis/GenePrediction/augustus/3.0.1/scripts/msa2prfl.pl ./fixed/BUSCOvEOG7B004J.fas
