[name]
unknown

[dist]
# distance from previous block
# <min> <max>
0	310

[block]
# block no. 0 follows, 38 sequences, length 36
# corresponding to MSA columns:
# 316-351
name=unknown_A
#
# <colnr> <probs for GDERKNQSTAVLIFYWHMCP>
#	G	D	E	R	K	N	Q	S	T	A	V	L	I	F	Y	W	H	M	C	P
0	0.00851	0.00615	0.00804	0.00757	0.00899	0.00568	0.00568	0.01135	0.01703	0.02412	0.74788	0.04494	0.05676	0.01230	0.00710	0.00189	0.00284	0.01088	0.00662	0.00568
1	0.00732	0.00529	0.00693	0.00823	0.00869	0.00490	0.00552	0.00839	0.01165	0.01541	0.03488	0.73947	0.08386	0.01862	0.00764	0.00242	0.00346	0.01683	0.00558	0.00490
2	0.06605	0.01720	0.25900	0.01268	0.01868	0.01079	0.01313	0.02529	0.01535	0.47247	0.01862	0.01732	0.01203	0.00677	0.00581	0.00188	0.00634	0.00537	0.00562	0.00959
3	0.02699	0.01024	0.01396	0.01070	0.01536	0.00884	0.00884	0.02932	0.01722	0.75522	0.02373	0.02048	0.01489	0.00745	0.00605	0.00186	0.00512	0.00605	0.00745	0.01024
4	0.01397	0.01190	0.01615	0.01389	0.01484	0.01555	0.01145	0.08285	0.01167	0.05741	0.01125	0.01586	0.01003	0.01605	0.14902	0.00371	0.50035	0.00554	0.03164	0.00688
5	0.01243	0.01213	0.02159	0.53082	0.17977	0.01379	0.11052	0.01649	0.01264	0.01672	0.01101	0.01584	0.00846	0.00576	0.00615	0.00196	0.00813	0.00558	0.00278	0.00743
6	0.01189	0.00912	0.01479	0.19295	0.02025	0.00972	0.14882	0.01538	0.01268	0.01989	0.01568	0.01941	0.01220	0.00650	0.00568	0.00171	0.02934	0.00583	0.44179	0.00638
7	0.78555	0.01193	0.00936	0.00825	0.01203	0.01379	0.00679	0.05786	0.01125	0.02761	0.00872	0.01004	0.00672	0.00568	0.00385	0.00186	0.00476	0.00338	0.00385	0.00672
8	0.00790	0.00548	0.00681	0.00765	0.00786	0.00527	0.00480	0.00853	0.01040	0.01387	0.02745	0.48509	0.03259	0.32824	0.01690	0.00381	0.00443	0.01374	0.00480	0.00439
9	0.01319	0.01148	0.01695	0.48114	0.03127	0.01413	0.01428	0.11445	0.03556	0.01905	0.01198	0.01627	0.00928	0.00805	0.03057	0.00225	0.10432	0.00544	0.05320	0.00714
10	0.01247	0.01069	0.01247	0.00891	0.01426	0.00802	0.00713	0.01515	0.01247	0.01960	0.01069	0.01247	0.00891	0.00446	0.00446	0.00089	0.00446	0.00356	0.00356	0.82536
11	0.02640	0.01037	0.01394	0.01078	0.01537	0.00914	0.00888	0.02945	0.05281	0.71928	0.02377	0.02057	0.01506	0.00748	0.00605	0.00187	0.00510	0.00609	0.00738	0.01020
12	0.00837	0.00614	0.00786	0.00753	0.00898	0.00563	0.00567	0.01103	0.01646	0.02293	0.63988	0.06561	0.12702	0.01288	0.00714	0.00194	0.00295	0.02993	0.00646	0.00559
13	0.83108	0.01163	0.00884	0.00791	0.01163	0.01350	0.00651	0.01768	0.01024	0.02699	0.00838	0.00977	0.00651	0.00558	0.00372	0.00186	0.00465	0.00326	0.00372	0.00651
14	0.00859	0.00645	0.00967	0.00967	0.01074	0.00752	0.00752	0.01074	0.00967	0.01396	0.01611	0.02363	0.01504	0.04512	0.76474	0.00967	0.01611	0.00645	0.00322	0.00537
15	0.01207	0.03112	0.75741	0.01715	0.02604	0.01397	0.02223	0.01905	0.01270	0.01905	0.01080	0.01270	0.00762	0.00572	0.00572	0.00191	0.00889	0.00445	0.00254	0.00889
16	0.00733	0.00524	0.00698	0.00838	0.00873	0.00489	0.00558	0.00838	0.01152	0.01536	0.03316	0.78466	0.03979	0.01885	0.00768	0.00244	0.00349	0.01710	0.00558	0.00489
17	0.02247	0.02867	0.01705	0.01550	0.01860	0.76443	0.01162	0.02402	0.01705	0.01472	0.00930	0.01085	0.00775	0.00620	0.00542	0.00155	0.01085	0.00387	0.00310	0.00697
18	0.01247	0.01069	0.01247	0.00891	0.01426	0.00802	0.00713	0.01515	0.01247	0.01960	0.01069	0.01247	0.00891	0.00446	0.00446	0.00089	0.00446	0.00356	0.00356	0.82536
19	0.01049	0.00525	0.00771	0.00771	0.00779	0.00525	0.00517	0.00819	0.00811	0.01112	0.01097	0.01852	0.01073	0.02012	0.02242	0.77858	0.00509	0.00525	0.04876	0.00278
20	0.00733	0.00524	0.00698	0.00838	0.00873	0.00489	0.00558	0.00838	0.01152	0.01536	0.03316	0.78466	0.03979	0.01885	0.00768	0.00244	0.00349	0.01710	0.00558	0.00489
21	0.00819	0.00594	0.00772	0.00769	0.00889	0.00547	0.00561	0.01057	0.01564	0.02181	0.55757	0.21293	0.08164	0.01390	0.00723	0.00202	0.00299	0.01236	0.00634	0.00547
22	0.32494	0.01012	0.01231	0.24335	0.02076	0.01143	0.00980	0.01724	0.01150	0.13452	0.01181	0.01471	0.00890	0.00842	0.00790	0.13147	0.00585	0.00464	0.00381	0.00653
23	0.00755	0.00553	0.00758	0.04957	0.01049	0.00534	0.00618	0.00875	0.01155	0.01536	0.03195	0.74330	0.03808	0.01816	0.00759	0.00242	0.00373	0.01647	0.00543	0.00498
24	0.02500	0.01152	0.01457	0.01125	0.01575	0.01092	0.00926	0.18932	0.01975	0.54944	0.06239	0.02047	0.01618	0.00767	0.00610	0.00185	0.00533	0.00618	0.00707	0.00998
25	0.05635	0.01197	0.01728	0.49890	0.03232	0.06626	0.05248	0.01574	0.01205	0.01611	0.01074	0.01554	0.00850	0.00872	0.04845	0.03304	0.03489	0.00518	0.00286	0.05266
26	0.00784	0.00558	0.00713	0.00792	0.00836	0.00545	0.00524	0.00876	0.01069	0.01427	0.02896	0.46046	0.07097	0.22431	0.10149	0.00415	0.00555	0.01343	0.00480	0.00463
27	0.01273	0.01265	0.01693	0.10990	0.01837	0.05689	0.01264	0.01453	0.01007	0.01452	0.00961	0.01504	0.00902	0.01514	0.13394	0.00360	0.51986	0.00538	0.00276	0.00643
28	0.02699	0.01024	0.01396	0.01070	0.01536	0.00884	0.00884	0.02932	0.01722	0.75522	0.02373	0.02048	0.01489	0.00745	0.00605	0.00186	0.00512	0.00605	0.00745	0.01024
29	0.01051	0.00556	0.00847	0.05548	0.00993	0.00573	0.00594	0.00831	0.00810	0.01076	0.01046	0.01815	0.01030	0.01997	0.02242	0.77380	0.00540	0.00523	0.00262	0.00287
30	0.01174	0.01108	0.01872	0.69544	0.11717	0.01346	0.01689	0.01570	0.01221	0.01583	0.01076	0.01592	0.00818	0.00594	0.00601	0.00198	0.00793	0.00535	0.00271	0.00699
31	0.02699	0.01024	0.01396	0.01070	0.01536	0.00884	0.00884	0.02932	0.01722	0.75522	0.02373	0.02048	0.01489	0.00745	0.00605	0.00186	0.00512	0.00605	0.00745	0.01024
32	0.78704	0.01158	0.00934	0.04907	0.01323	0.01349	0.00706	0.01756	0.01033	0.02637	0.00850	0.01011	0.00660	0.00561	0.00385	0.00187	0.00483	0.00337	0.00367	0.00652
33	0.01107	0.00691	0.00834	0.04868	0.01039	0.00781	0.00638	0.01360	0.01185	0.01998	0.01800	0.05851	0.01522	0.01113	0.06900	0.00232	0.10453	0.00618	0.56439	0.00574
34	0.01947	0.01128	0.01610	0.05371	0.01743	0.01207	0.05490	0.09386	0.01539	0.34155	0.03654	0.01900	0.01347	0.01267	0.10444	0.00301	0.15530	0.00604	0.00529	0.00848
35	0.55502	0.04967	0.04911	0.03626	0.01498	0.01392	0.03031	0.05123	0.01217	0.10339	0.01059	0.01177	0.00786	0.00597	0.00479	0.00186	0.02581	0.00395	0.00403	0.00731

[dist]
# distance from previous block
# <min> <max>
12	140

# created by:
# /software/SequenceAnalysis/GenePrediction/augustus/3.0.1/scripts/msa2prfl.pl ./fixed/BUSCOvEOG7T4F9B.fas
