[name]
unknown

[dist]
# distance from previous block
# <min> <max>
1	399

[block]
# block no. 0 follows, 39 sequences, length 33
# corresponding to MSA columns:
# 427-459
name=unknown_A
#
# <colnr> <probs for GDERKNQSTAVLIFYWHMCP>
#	G	D	E	R	K	N	Q	S	T	A	V	L	I	F	Y	W	H	M	C	P
0	0.01643	0.01103	0.01314	0.00964	0.01469	0.00913	0.00781	0.09165	0.01487	0.18310	0.01369	0.01418	0.01018	0.00530	0.00488	0.00118	0.00474	0.00422	0.00459	0.56554
1	0.01486	0.16890	0.47199	0.01563	0.04953	0.01485	0.03599	0.01997	0.01311	0.12428	0.01205	0.01320	0.00864	0.00573	0.00537	0.00175	0.00773	0.00447	0.00322	0.00872
2	0.01256	0.00729	0.00946	0.00836	0.01054	0.00678	0.00646	0.01609	0.06049	0.17826	0.55538	0.03780	0.04489	0.01084	0.00670	0.00186	0.00337	0.00946	0.00665	0.00675
3	0.00736	0.00524	0.00690	0.00808	0.00847	0.00491	0.00538	0.00844	0.01150	0.01543	0.07743	0.69606	0.03911	0.06458	0.00887	0.00257	0.00353	0.01593	0.00544	0.00478
4	0.07623	0.01563	0.01669	0.01295	0.01754	0.01720	0.01067	0.61096	0.05616	0.08431	0.01483	0.01462	0.01046	0.00705	0.00577	0.00179	0.00620	0.00528	0.00586	0.00979
5	0.01154	0.01124	0.02003	0.67751	0.03942	0.01338	0.11211	0.01562	0.01211	0.01562	0.01070	0.01579	0.00803	0.00579	0.00605	0.00197	0.00816	0.00549	0.00268	0.00676
6	0.00725	0.00531	0.00682	0.00790	0.00852	0.00487	0.00537	0.00844	0.01192	0.01573	0.07975	0.65069	0.13032	0.01769	0.00744	0.00232	0.00334	0.01589	0.00555	0.00487
7	0.00850	0.00560	0.00739	0.00839	0.00916	0.00518	0.00587	0.00974	0.01195	0.06002	0.03377	0.64787	0.08465	0.01748	0.00745	0.00236	0.00363	0.06021	0.00560	0.00517
8	0.83394	0.01144	0.00869	0.00778	0.01144	0.01327	0.00640	0.01738	0.01006	0.02653	0.00823	0.00961	0.00640	0.00549	0.00366	0.00183	0.00457	0.00320	0.00366	0.00640
9	0.02162	0.08530	0.01782	0.01485	0.01805	0.71298	0.01133	0.02318	0.01641	0.01443	0.00907	0.01058	0.00762	0.00602	0.00522	0.00150	0.01034	0.00376	0.00301	0.00691
10	0.00726	0.00519	0.00691	0.00820	0.00859	0.00484	0.00549	0.00837	0.01157	0.01549	0.06545	0.75433	0.03988	0.01823	0.00752	0.00238	0.00340	0.01653	0.00554	0.00484
11	0.00832	0.00604	0.00783	0.00739	0.00880	0.00556	0.00554	0.01106	0.01662	0.02343	0.72685	0.04464	0.08128	0.01220	0.00698	0.00186	0.00280	0.01076	0.00647	0.00556
12	0.00883	0.00662	0.00835	0.00874	0.01000	0.00654	0.00655	0.01257	0.10051	0.01955	0.27365	0.31736	0.06389	0.01468	0.00725	0.00221	0.00365	0.11745	0.00589	0.00571
13	0.01472	0.01404	0.02153	0.06157	0.56488	0.03521	0.01622	0.02070	0.15229	0.02004	0.01350	0.01598	0.01091	0.00584	0.00587	0.00181	0.00672	0.00550	0.00350	0.00918
14	0.02182	0.02434	0.01709	0.01480	0.01818	0.52965	0.01144	0.22061	0.01950	0.02078	0.01049	0.01174	0.00830	0.00655	0.00607	0.00164	0.04117	0.00429	0.00382	0.00773
15	0.01431	0.01372	0.02341	0.10611	0.68802	0.01397	0.01799	0.01786	0.01331	0.01892	0.01107	0.01474	0.00923	0.00533	0.00586	0.00178	0.00711	0.00527	0.00290	0.00910
16	0.01438	0.01379	0.02354	0.09149	0.70210	0.01398	0.01802	0.01792	0.01334	0.01901	0.01108	0.01472	0.00926	0.00532	0.00586	0.00177	0.00709	0.00527	0.00291	0.00916
17	0.02528	0.01034	0.01369	0.01068	0.01513	0.00933	0.00876	0.02910	0.09395	0.68161	0.02341	0.02033	0.01500	0.00739	0.00595	0.00185	0.00499	0.00603	0.00718	0.00999
18	0.01358	0.01522	0.03259	0.12629	0.03223	0.01471	0.63724	0.01843	0.01367	0.01843	0.01177	0.01593	0.00883	0.00511	0.00684	0.00199	0.00969	0.00675	0.00294	0.00779
19	0.00860	0.00573	0.00645	0.00645	0.00645	0.00573	0.00358	0.00860	0.00860	0.01147	0.01863	0.03870	0.02150	0.79217	0.03010	0.00573	0.00573	0.00860	0.00358	0.00358
20	0.00824	0.00594	0.00779	0.00753	0.00881	0.00549	0.00557	0.01083	0.01613	0.02275	0.67127	0.12783	0.05392	0.01281	0.00704	0.00192	0.00286	0.01138	0.00640	0.00549
21	0.00860	0.00620	0.00832	0.00936	0.01045	0.00600	0.00752	0.01070	0.01313	0.01727	0.10479	0.25320	0.08475	0.04477	0.00861	0.00261	0.00450	0.38855	0.00550	0.00519
22	0.01471	0.01270	0.01337	0.01203	0.01538	0.01471	0.00936	0.03142	0.74459	0.02474	0.02407	0.02206	0.01805	0.00802	0.00602	0.00201	0.00468	0.00669	0.00602	0.00936
23	0.01255	0.01269	0.02232	0.34510	0.08494	0.01495	0.18338	0.01600	0.01171	0.01609	0.01017	0.01498	0.00822	0.00682	0.00973	0.00212	0.21281	0.00564	0.00272	0.00708
24	0.01464	0.01405	0.02400	0.03630	0.75528	0.01405	0.01815	0.01815	0.01347	0.01932	0.01112	0.01464	0.00937	0.00527	0.00585	0.00176	0.00703	0.00527	0.00293	0.00937
25	0.00771	0.00550	0.00717	0.00827	0.00898	0.00516	0.00591	0.00917	0.01215	0.01629	0.07716	0.56481	0.09122	0.01715	0.00743	0.00234	0.00360	0.10886	0.03614	0.00498
26	0.00719	0.00520	0.00681	0.00809	0.00854	0.00482	0.00543	0.00825	0.01146	0.01515	0.03433	0.74189	0.08441	0.01830	0.00751	0.00238	0.00340	0.01654	0.00549	0.00482
27	0.00801	0.00548	0.00662	0.00721	0.00735	0.00534	0.00439	0.00844	0.00976	0.01301	0.02456	0.35687	0.02898	0.46380	0.02053	0.00432	0.00476	0.01209	0.00439	0.00410
28	0.00782	0.00595	0.00877	0.00936	0.01011	0.00560	0.05185	0.00915	0.01150	0.01533	0.03063	0.66821	0.03618	0.05021	0.00850	0.00253	0.00405	0.05402	0.00525	0.00499
29	0.01398	0.01590	0.03457	0.02527	0.05265	0.01493	0.71232	0.01892	0.01394	0.01895	0.01194	0.01591	0.00898	0.00499	0.00695	0.00199	0.00988	0.00693	0.00299	0.00802
30	0.01040	0.00802	0.01112	0.01044	0.01184	0.00948	0.00827	0.09373	0.01156	0.01646	0.01502	0.02139	0.01369	0.03744	0.62294	0.00808	0.07463	0.00613	0.00344	0.00592
31	0.12300	0.01329	0.01998	0.32687	0.14821	0.04604	0.11691	0.07262	0.01350	0.01952	0.01064	0.01435	0.00824	0.00589	0.00624	0.00191	0.03700	0.00517	0.00314	0.00748
32	0.00968	0.00747	0.01025	0.00993	0.01065	0.00901	0.00771	0.01149	0.01029	0.01560	0.01811	0.18241	0.01836	0.02440	0.29909	0.00497	0.18893	0.00814	0.14802	0.00550

[dist]
# distance from previous block
# <min> <max>
118	291

[block]
# block no. 1 follows, 39 sequences, length 42
# corresponding to MSA columns:
# 783-824
name=unknown_B
#
# <colnr> <probs for GDERKNQSTAVLIFYWHMCP>
#	G	D	E	R	K	N	Q	S	T	A	V	L	I	F	Y	W	H	M	C	P
0	0.01365	0.16394	0.27309	0.02062	0.11467	0.01609	0.25368	0.01840	0.01289	0.01784	0.01059	0.01336	0.00824	0.00542	0.00620	0.00181	0.03336	0.00514	0.00272	0.00828
1	0.00856	0.00644	0.00946	0.00940	0.01034	0.00751	0.00721	0.01049	0.00942	0.01356	0.01588	0.02425	0.01517	0.10444	0.69120	0.00904	0.03280	0.00649	0.00319	0.00517
2	0.00734	0.00515	0.00690	0.00821	0.00854	0.00482	0.00547	0.00821	0.01117	0.01489	0.03163	0.75491	0.03786	0.01861	0.00822	0.03819	0.00350	0.01631	0.00536	0.00471
3	0.01476	0.01217	0.01293	0.01160	0.01491	0.01384	0.00903	0.02990	0.66714	0.05702	0.02624	0.02412	0.06308	0.00842	0.00607	0.00200	0.00459	0.00701	0.00604	0.00912
4	0.02065	0.01457	0.01593	0.01270	0.01698	0.01598	0.01033	0.45795	0.20661	0.11818	0.03593	0.01761	0.01373	0.00748	0.00597	0.00184	0.00578	0.00587	0.00612	0.00977
5	0.01328	0.02069	0.27015	0.02231	0.02919	0.01456	0.50330	0.01887	0.01348	0.01887	0.01153	0.01483	0.00849	0.00519	0.00654	0.00195	0.00957	0.00613	0.00283	0.00822
6	0.00860	0.00573	0.00645	0.00645	0.00645	0.00573	0.00358	0.00860	0.00860	0.01147	0.01863	0.03870	0.02150	0.79217	0.03010	0.00573	0.00573	0.00860	0.00358	0.00358
7	0.00931	0.00696	0.01001	0.00976	0.01104	0.00807	0.00763	0.05513	0.01063	0.01518	0.01574	0.02268	0.01449	0.04206	0.72183	0.00903	0.01527	0.00627	0.00334	0.00557
8	0.10590	0.01204	0.01432	0.01112	0.01562	0.01192	0.00918	0.22137	0.03427	0.47307	0.01933	0.01749	0.01263	0.00709	0.00571	0.00182	0.00538	0.00552	0.00654	0.00968
9	0.00737	0.00535	0.00697	0.00807	0.00868	0.00495	0.00555	0.00864	0.01204	0.01600	0.09679	0.64070	0.09800	0.01761	0.00747	0.00233	0.00341	0.03957	0.00558	0.00491
10	0.02209	0.02819	0.01676	0.01524	0.01828	0.76843	0.01143	0.02361	0.01676	0.01447	0.00914	0.01066	0.00762	0.00609	0.00533	0.00152	0.01066	0.00381	0.00305	0.00686
11	0.00846	0.00628	0.00921	0.00921	0.01017	0.00723	0.00703	0.01037	0.00942	0.01351	0.01611	0.02471	0.01543	0.11571	0.69825	0.00914	0.01488	0.00655	0.00321	0.00512
12	0.02248	0.01656	0.01775	0.01361	0.01834	0.01834	0.01124	0.73556	0.02780	0.03727	0.01420	0.01420	0.01006	0.00710	0.00592	0.00177	0.00651	0.00532	0.00592	0.01006
13	0.00721	0.00515	0.00686	0.00823	0.00858	0.00480	0.00549	0.00823	0.01132	0.01510	0.03259	0.78831	0.03911	0.01853	0.00755	0.00240	0.00343	0.01681	0.00549	0.00480
14	0.06175	0.01057	0.01718	0.73060	0.03893	0.01315	0.01581	0.01525	0.01172	0.01581	0.01037	0.01539	0.00779	0.00589	0.00577	0.00196	0.00768	0.00513	0.00269	0.00656
15	0.01396	0.01595	0.03490	0.02493	0.03091	0.01496	0.73380	0.01894	0.01396	0.01894	0.01196	0.01595	0.00897	0.00499	0.00698	0.00199	0.00997	0.00698	0.00299	0.00798
16	0.01117	0.01051	0.01774	0.77795	0.04073	0.01314	0.01642	0.01511	0.01182	0.01511	0.01051	0.01577	0.00788	0.00591	0.00591	0.00197	0.00788	0.00526	0.00263	0.00657
17	0.00897	0.00645	0.00886	0.01016	0.01136	0.00634	0.00853	0.01131	0.01316	0.01712	0.03279	0.20639	0.06594	0.01670	0.00800	0.00263	0.00495	0.54959	0.00546	0.00530
18	0.01581	0.79572	0.03099	0.01012	0.01518	0.02340	0.01012	0.01771	0.01202	0.01391	0.00822	0.00949	0.00759	0.00506	0.00379	0.00126	0.00632	0.00316	0.00253	0.00759
19	0.00715	0.00603	0.00622	0.00628	0.00823	0.00510	0.00478	0.00874	0.01356	0.01624	0.07412	0.05713	0.69991	0.01498	0.00705	0.00203	0.00312	0.04879	0.00551	0.00503
20	0.00721	0.00515	0.00686	0.00823	0.00858	0.00480	0.00549	0.00823	0.01132	0.01510	0.03259	0.78831	0.03911	0.01853	0.00755	0.00240	0.00343	0.01681	0.00549	0.00480
21	0.01504	0.64717	0.17283	0.01143	0.01720	0.02152	0.01240	0.01791	0.01211	0.01485	0.00869	0.01007	0.00757	0.00517	0.00415	0.00138	0.00679	0.00340	0.00252	0.00781
22	0.00837	0.00604	0.00790	0.00744	0.00883	0.00558	0.00558	0.01116	0.01674	0.02371	0.75216	0.04417	0.05580	0.01209	0.00697	0.00186	0.00279	0.01069	0.00651	0.00558
23	0.00721	0.00515	0.00686	0.00823	0.00858	0.00480	0.00549	0.00823	0.01132	0.01510	0.03259	0.78831	0.03911	0.01853	0.00755	0.00240	0.00343	0.01681	0.00549	0.00480
24	0.01858	0.01110	0.01297	0.01093	0.01457	0.01153	0.00870	0.06507	0.34858	0.29281	0.09260	0.02419	0.04477	0.00833	0.00611	0.00192	0.00467	0.00692	0.00651	0.00915
25	0.00826	0.00593	0.00771	0.00871	0.00941	0.00572	0.00614	0.04719	0.01263	0.01687	0.06340	0.65369	0.03789	0.01745	0.00749	0.00237	0.00373	0.07468	0.00555	0.00517
26	0.02632	0.01040	0.01393	0.01068	0.01526	0.00919	0.00882	0.06537	0.01749	0.72203	0.02286	0.01982	0.01440	0.00731	0.00595	0.00183	0.00511	0.00591	0.00725	0.01006
27	0.02653	0.01006	0.01372	0.01052	0.01510	0.00869	0.00869	0.02882	0.01693	0.75937	0.02333	0.02013	0.01464	0.00732	0.00595	0.00183	0.00503	0.00595	0.00732	0.01006
28	0.01385	0.01575	0.03425	0.05345	0.03128	0.01489	0.70662	0.01880	0.01388	0.01880	0.01191	0.01595	0.00893	0.00502	0.00694	0.00199	0.00989	0.00691	0.00298	0.00792
29	0.01324	0.02870	0.68054	0.01633	0.02463	0.01370	0.02056	0.05722	0.01354	0.06094	0.01151	0.01300	0.00803	0.00579	0.00565	0.00187	0.00842	0.00451	0.00295	0.00888
30	0.00721	0.00515	0.00686	0.00823	0.00858	0.00480	0.00549	0.00823	0.01132	0.01510	0.03259	0.78831	0.03911	0.01853	0.00755	0.00240	0.00343	0.01681	0.00549	0.00480
31	0.02248	0.01656	0.01775	0.01361	0.01834	0.01834	0.01124	0.73556	0.02780	0.03727	0.01420	0.01420	0.01006	0.00710	0.00592	0.00177	0.00651	0.00532	0.00592	0.01006
32	0.04412	0.01334	0.09056	0.42761	0.10442	0.01308	0.08451	0.04138	0.01307	0.06344	0.01188	0.01558	0.00881	0.00588	0.00583	0.00190	0.00754	0.00531	0.03427	0.00748
33	0.01227	0.01058	0.01276	0.01020	0.05312	0.00814	0.00756	0.01491	0.01231	0.01918	0.01105	0.03010	0.00948	0.00475	0.00453	0.00096	0.00450	0.00390	0.00352	0.76619
34	0.39809	0.04559	0.01225	0.04698	0.08699	0.01214	0.00837	0.06042	0.01303	0.05102	0.09417	0.01879	0.07366	0.00706	0.00488	0.00177	0.00485	0.00531	0.00421	0.05041
35	0.04585	0.01107	0.01428	0.28374	0.02330	0.01248	0.01112	0.14375	0.10278	0.07173	0.01493	0.01706	0.01111	0.00660	0.00573	0.00177	0.02126	0.00534	0.13801	0.05809
36	0.10569	0.03936	0.05754	0.05731	0.01380	0.04238	0.00869	0.01281	0.01144	0.03122	0.02100	0.39701	0.02331	0.01253	0.00779	0.00213	0.09266	0.01047	0.00431	0.04856
37	0.27223	0.01549	0.14970	0.04415	0.12646	0.01301	0.05221	0.04845	0.07227	0.02235	0.01343	0.01501	0.04164	0.00606	0.00511	0.00177	0.00611	0.00482	0.00362	0.08611
38	0.01307	0.01207	0.01856	0.34407	0.25305	0.01375	0.01509	0.04164	0.12742	0.01862	0.01465	0.01776	0.03763	0.00661	0.00654	0.00193	0.04042	0.00575	0.00346	0.00791
39	0.06171	0.02751	0.01421	0.03291	0.03970	0.03426	0.00930	0.07957	0.20499	0.29539	0.01948	0.03956	0.01411	0.00721	0.00566	0.00177	0.00525	0.00584	0.00574	0.09584
40	0.09393	0.04609	0.01593	0.01280	0.06861	0.01087	0.07657	0.07065	0.01424	0.15843	0.01455	0.06158	0.01171	0.00629	0.00523	0.00150	0.00539	0.00535	0.02043	0.29986
41	0.01524	0.01483	0.06560	0.05325	0.02559	0.01355	0.42149	0.04218	0.01414	0.11677	0.01462	0.01719	0.03469	0.00614	0.00746	0.00193	0.06613	0.00641	0.00370	0.05909

[dist]
# distance from previous block
# <min> <max>
12	25

[block]
# block no. 2 follows, 39 sequences, length 25
# corresponding to MSA columns:
# 851-875
name=unknown_C
#
# <colnr> <probs for GDERKNQSTAVLIFYWHMCP>
#	G	D	E	R	K	N	Q	S	T	A	V	L	I	F	Y	W	H	M	C	P
0	0.01556	0.01330	0.06964	0.01220	0.05288	0.01166	0.00988	0.21695	0.06304	0.06725	0.12628	0.01886	0.01714	0.00684	0.00556	0.00152	0.00524	0.00560	0.00490	0.27570
1	0.04883	0.35764	0.02223	0.01155	0.01533	0.04603	0.01027	0.04689	0.04123	0.17815	0.01229	0.01317	0.00961	0.00681	0.00747	0.00172	0.15449	0.00440	0.00391	0.00800
2	0.01027	0.00514	0.00770	0.00770	0.00770	0.00514	0.00514	0.00770	0.00770	0.01027	0.01027	0.01798	0.01027	0.02054	0.02311	0.82794	0.00514	0.00514	0.00257	0.00257
3	0.01157	0.01109	0.01927	0.68201	0.08397	0.01332	0.06452	0.01555	0.01207	0.01562	0.01065	0.01571	0.00805	0.00581	0.00598	0.00196	0.00797	0.00537	0.00267	0.00684
4	0.01617	0.01145	0.04853	0.05466	0.11304	0.03860	0.07956	0.01930	0.01566	0.24928	0.25907	0.02601	0.02604	0.00820	0.00633	0.00184	0.00556	0.00733	0.00544	0.00793
5	0.01083	0.00749	0.03652	0.00808	0.01023	0.00624	0.00650	0.01354	0.01618	0.12359	0.54128	0.05487	0.11833	0.01161	0.00680	0.00188	0.00335	0.01010	0.00635	0.00624
6	0.04733	0.01282	0.01439	0.01370	0.01585	0.01127	0.00972	0.01778	0.02101	0.03045	0.59585	0.05157	0.05459	0.01691	0.01037	0.00346	0.00621	0.04773	0.00884	0.01016
7	0.02129	0.17116	0.47929	0.02100	0.02854	0.01980	0.07327	0.02387	0.01776	0.02549	0.01884	0.02406	0.01592	0.01120	0.00903	0.00333	0.01079	0.00716	0.00558	0.01260
8	0.01187	0.02196	0.42795	0.04337	0.12940	0.03241	0.05349	0.01710	0.02690	0.01808	0.01478	0.14767	0.01354	0.00784	0.00607	0.00195	0.00758	0.00685	0.00319	0.00800
9	0.01141	0.01084	0.01779	0.67328	0.03727	0.01382	0.01595	0.01499	0.01144	0.01499	0.01013	0.01538	0.00787	0.00652	0.00777	0.00206	0.11407	0.00524	0.00262	0.00656
10	0.00718	0.00588	0.00633	0.00647	0.00817	0.00504	0.00476	0.00877	0.01357	0.01676	0.13723	0.15583	0.57325	0.01513	0.00706	0.00204	0.00303	0.01287	0.00561	0.00504
11	0.01267	0.04729	0.05863	0.50531	0.08804	0.01381	0.12896	0.01674	0.01251	0.04387	0.01117	0.01543	0.00838	0.00572	0.00597	0.00192	0.00802	0.00542	0.00287	0.00728
12	0.04679	0.12390	0.01916	0.10034	0.02023	0.09725	0.01154	0.45632	0.02207	0.02878	0.01223	0.01321	0.00909	0.00653	0.00549	0.00170	0.00701	0.00479	0.00470	0.00886
13	0.01416	0.01357	0.02314	0.13812	0.65718	0.01393	0.01791	0.01773	0.01324	0.01874	0.01104	0.01479	0.00916	0.00536	0.00586	0.00179	0.00714	0.00527	0.00289	0.00898
14	0.01420	0.01172	0.01229	0.01114	0.01421	0.01345	0.00864	0.02900	0.64407	0.02437	0.02341	0.02206	0.01765	0.00787	0.00576	0.00192	0.00442	0.00652	0.11846	0.00883
15	0.01319	0.01188	0.01885	0.56845	0.12302	0.01400	0.03092	0.11446	0.01426	0.01874	0.01112	0.01542	0.00838	0.00598	0.00593	0.00192	0.00764	0.00530	0.00312	0.00741
16	0.01130	0.01007	0.01651	0.61853	0.03470	0.01236	0.03265	0.01498	0.01183	0.01612	0.01163	0.01651	0.00890	0.00622	0.00630	0.00192	0.04214	0.00533	0.11554	0.00646
17	0.00813	0.00569	0.00668	0.00688	0.00735	0.00545	0.00432	0.00887	0.01077	0.01433	0.12648	0.18405	0.10894	0.45352	0.02013	0.00416	0.00459	0.01087	0.00455	0.00424
18	0.01991	0.01265	0.01464	0.04541	0.01641	0.01355	0.00963	0.39182	0.06064	0.16275	0.01602	0.01678	0.01158	0.00897	0.00818	0.11521	0.00578	0.00550	0.05603	0.00856
19	0.01448	0.01448	0.02647	0.03373	0.59147	0.01426	0.17998	0.01833	0.01358	0.01924	0.01131	0.01493	0.00928	0.00520	0.00611	0.00181	0.00769	0.00566	0.00294	0.00905
20	0.74079	0.01196	0.01026	0.03159	0.04153	0.01350	0.00755	0.01823	0.01097	0.05288	0.00972	0.01141	0.00759	0.00606	0.00423	0.00197	0.00504	0.00370	0.00398	0.00704
21	0.21559	0.01280	0.01435	0.06538	0.01704	0.01372	0.02949	0.24869	0.01775	0.10041	0.05724	0.01722	0.01309	0.02021	0.00649	0.00197	0.03463	0.00540	0.04558	0.06297
22	0.01835	0.01273	0.01447	0.01133	0.01593	0.01217	0.00905	0.20311	0.13794	0.15321	0.01710	0.03320	0.01298	0.00699	0.00571	0.00163	0.00532	0.00545	0.00548	0.31788
23	0.09442	0.01227	0.02077	0.44921	0.06999	0.01357	0.16547	0.01710	0.01272	0.04555	0.01183	0.01635	0.00907	0.00658	0.00668	0.02410	0.00799	0.00567	0.00325	0.00739
24	0.01358	0.01237	0.03196	0.21111	0.02592	0.01156	0.21592	0.01698	0.01358	0.06140	0.05214	0.04618	0.01357	0.00675	0.00626	0.00183	0.00713	0.01780	0.00385	0.23013

[dist]
# distance from previous block
# <min> <max>
0	1

[block]
# block no. 3 follows, 39 sequences, length 25
# corresponding to MSA columns:
# 877-901
name=unknown_D
#
# <colnr> <probs for GDERKNQSTAVLIFYWHMCP>
#	G	D	E	R	K	N	Q	S	T	A	V	L	I	F	Y	W	H	M	C	P
0	0.01444	0.01017	0.01296	0.04101	0.01528	0.00871	0.03139	0.01825	0.07519	0.15025	0.06941	0.05961	0.01566	0.00663	0.00530	0.00138	0.00468	0.00564	0.00467	0.44937
1	0.04603	0.11532	0.01707	0.03992	0.11575	0.01219	0.01022	0.05132	0.06242	0.35963	0.06954	0.01882	0.01525	0.00691	0.00560	0.00173	0.00541	0.00565	0.00549	0.03572
2	0.30786	0.01133	0.01149	0.00946	0.01326	0.04600	0.00766	0.07017	0.01448	0.30547	0.02968	0.01580	0.01157	0.00701	0.00555	0.02986	0.00503	0.00479	0.05586	0.03768
3	0.25072	0.01263	0.04741	0.05723	0.01592	0.01297	0.00931	0.18494	0.10338	0.10216	0.12828	0.01907	0.01725	0.00740	0.00544	0.00185	0.00520	0.00572	0.00516	0.00796
4	0.01348	0.01047	0.01239	0.00891	0.01411	0.00795	0.00715	0.01608	0.01266	0.08231	0.01160	0.01293	0.00926	0.00463	0.00451	0.00096	0.00444	0.00371	0.00383	0.75863
5	0.02214	0.02658	0.01690	0.01501	0.01829	0.66500	0.01140	0.12178	0.01828	0.01762	0.00984	0.01115	0.00795	0.00623	0.00541	0.00156	0.01009	0.00402	0.00344	0.00730
6	0.03078	0.01960	0.33719	0.35095	0.08398	0.01354	0.04779	0.01708	0.01227	0.01738	0.01060	0.01415	0.00783	0.00569	0.00577	0.00191	0.00820	0.00490	0.00263	0.00775
7	0.00845	0.00583	0.00722	0.00733	0.00762	0.00605	0.00466	0.00904	0.00905	0.01231	0.01913	0.09788	0.02137	0.54771	0.20554	0.00636	0.00797	0.00875	0.00364	0.00409
8	0.05049	0.02016	0.01607	0.01353	0.01723	0.36419	0.01064	0.19235	0.01890	0.19109	0.01351	0.01372	0.00977	0.00675	0.00606	0.00170	0.03613	0.00469	0.00471	0.00832
9	0.01848	0.01293	0.01461	0.01133	0.01570	0.01293	0.00917	0.38077	0.02068	0.11127	0.03309	0.08655	0.01397	0.00757	0.00569	0.00160	0.00541	0.00610	0.00541	0.22674
10	0.00890	0.00612	0.00804	0.00759	0.00903	0.00564	0.00568	0.01157	0.01642	0.04761	0.68459	0.08823	0.05343	0.01232	0.00698	0.00189	0.00290	0.01091	0.00648	0.00568
11	0.02501	0.00973	0.01324	0.01026	0.01457	0.00843	0.00843	0.02734	0.01691	0.69765	0.08448	0.02215	0.01809	0.00772	0.00603	0.00183	0.00484	0.00635	0.00725	0.00969
12	0.83394	0.01144	0.00869	0.00778	0.01144	0.01327	0.00640	0.01738	0.01006	0.02653	0.00823	0.00961	0.00640	0.00549	0.00366	0.00183	0.00457	0.00320	0.00366	0.00640
13	0.01046	0.00864	0.01213	0.01116	0.01173	0.01103	0.00886	0.01194	0.00943	0.01430	0.01293	0.01979	0.01228	0.06681	0.34083	0.05363	0.30039	0.00588	0.07229	0.00550
14	0.00860	0.00573	0.00645	0.00645	0.00645	0.00573	0.00358	0.00860	0.00860	0.01147	0.01863	0.03870	0.02150	0.79217	0.03010	0.00573	0.00573	0.00860	0.00358	0.00358
15	0.00860	0.00573	0.00645	0.00645	0.00645	0.00573	0.00358	0.00860	0.00860	0.01147	0.01863	0.03870	0.02150	0.79217	0.03010	0.00573	0.00573	0.00860	0.00358	0.00358
16	0.00854	0.00571	0.00647	0.00652	0.00654	0.00569	0.00366	0.00858	0.00871	0.01162	0.01922	0.06999	0.02224	0.75988	0.02916	0.00559	0.00564	0.00894	0.00366	0.00363
17	0.01226	0.01051	0.01226	0.00876	0.01401	0.00788	0.00701	0.01489	0.01226	0.01927	0.01051	0.01226	0.00876	0.00438	0.00438	0.00088	0.00438	0.00350	0.00350	0.82832
18	0.00721	0.00515	0.00686	0.00823	0.00858	0.00480	0.00549	0.00823	0.01132	0.01510	0.03259	0.78831	0.03911	0.01853	0.00755	0.00240	0.00343	0.01681	0.00549	0.00480
19	0.00717	0.00561	0.00640	0.00700	0.00817	0.00495	0.00488	0.00838	0.01227	0.01535	0.04571	0.37729	0.40041	0.05784	0.00846	0.00237	0.00333	0.01418	0.00539	0.00483
20	0.01365	0.01462	0.02963	0.19141	0.05955	0.01472	0.50318	0.04414	0.01385	0.01866	0.01159	0.01572	0.00876	0.00542	0.00698	0.00199	0.02896	0.00643	0.00300	0.00775
21	0.04982	0.01672	0.01722	0.21606	0.02293	0.22763	0.01307	0.05557	0.01299	0.01627	0.00924	0.01297	0.00782	0.00761	0.01052	0.00205	0.28704	0.00474	0.00295	0.00679
22	0.00876	0.00619	0.00765	0.00754	0.00777	0.00665	0.00485	0.00929	0.00882	0.01209	0.01753	0.03410	0.01939	0.59041	0.19451	0.00644	0.04253	0.00794	0.00345	0.00409
23	0.01581	0.79572	0.03099	0.01012	0.01518	0.02340	0.01012	0.01771	0.01202	0.01391	0.00822	0.00949	0.00759	0.00506	0.00379	0.00126	0.00632	0.00316	0.00253	0.00759
24	0.01170	0.03792	0.01886	0.67280	0.11569	0.01359	0.01639	0.01552	0.01201	0.01552	0.01050	0.01543	0.00803	0.00581	0.00583	0.00192	0.00774	0.00518	0.00266	0.00690

[dist]
# distance from previous block
# <min> <max>
0	133

# created by:
# /software/SequenceAnalysis/GenePrediction/augustus/3.0.1/scripts/msa2prfl.pl ./fixed/BUSCOvEOG7SBGBD.fas
