[name]
unknown

[dist]
# distance from previous block
# <min> <max>
0	174

[block]
# block no. 0 follows, 41 sequences, length 7
# corresponding to MSA columns:
# 206-212
name=unknown_A
#
# <colnr> <probs for GDERKNQSTAVLIFYWHMCP>
#	G	D	E	R	K	N	Q	S	T	A	V	L	I	F	Y	W	H	M	C	P
0	0.00765	0.00581	0.00719	0.00797	0.00922	0.00535	0.00620	0.00939	0.01261	0.01605	0.07251	0.27349	0.29112	0.01578	0.00727	0.00226	0.00375	0.23612	0.00534	0.00494
1	0.01296	0.01020	0.01137	0.01038	0.01284	0.01117	0.00793	0.16760	0.30606	0.02357	0.10568	0.24802	0.02588	0.01098	0.00634	0.00199	0.00433	0.00949	0.00570	0.00750
2	0.01297	0.08222	0.01267	0.00948	0.01238	0.01060	0.00740	0.01881	0.27395	0.04538	0.01502	0.01688	0.01220	0.01022	0.01009	0.24433	0.00475	0.00500	0.00404	0.19162
3	0.52574	0.01059	0.01063	0.07979	0.01470	0.01153	0.00773	0.01984	0.01183	0.24107	0.01243	0.01281	0.00865	0.00586	0.00439	0.00178	0.00485	0.00405	0.00448	0.00724
4	0.01213	0.00902	0.01152	0.01035	0.01241	0.01024	0.00824	0.22443	0.01436	0.01992	0.01486	0.01992	0.01297	0.03238	0.55143	0.00701	0.01269	0.00584	0.00384	0.00646
5	0.01120	0.00743	0.00889	0.00816	0.00910	0.00889	0.00648	0.01346	0.01105	0.01912	0.01541	0.01875	0.01257	0.00764	0.00831	0.00167	0.23200	0.00524	0.58903	0.00560
6	0.00698	0.00576	0.00616	0.00642	0.00812	0.00495	0.00484	0.00847	0.01280	0.01548	0.05268	0.14242	0.61904	0.01499	0.00691	0.00203	0.00313	0.06867	0.00531	0.00484

[dist]
# distance from previous block
# <min> <max>
0	3

[block]
# block no. 1 follows, 41 sequences, length 8
# corresponding to MSA columns:
# 216-223
name=unknown_B
#
# <colnr> <probs for GDERKNQSTAVLIFYWHMCP>
#	G	D	E	R	K	N	Q	S	T	A	V	L	I	F	Y	W	H	M	C	P
0	0.01268	0.14854	0.64868	0.01565	0.02354	0.01503	0.01952	0.01835	0.01239	0.01796	0.01053	0.01249	0.00786	0.00577	0.00543	0.00183	0.00827	0.00425	0.00264	0.00858
1	0.01066	0.00533	0.00533	0.00533	0.00666	0.00533	0.00400	0.01333	0.01200	0.02132	0.01866	0.02132	0.01466	0.00666	0.00400	0.00133	0.00267	0.00533	0.83073	0.00533
2	0.01754	0.52622	0.02538	0.01110	0.01575	0.08146	0.01018	0.21572	0.01615	0.01966	0.00960	0.01051	0.00799	0.00551	0.00435	0.00138	0.00650	0.00368	0.00338	0.00793
3	0.00795	0.00539	0.00635	0.00671	0.00680	0.00530	0.00397	0.00822	0.00904	0.01205	0.02170	0.24394	0.02544	0.58614	0.02317	0.00467	0.00494	0.01048	0.00397	0.00379
4	0.01251	0.24019	0.56786	0.01453	0.02201	0.01583	0.01804	0.01785	0.01195	0.01685	0.00963	0.01129	0.00727	0.00529	0.00495	0.00165	0.00782	0.00391	0.00242	0.00815
5	0.01420	0.02268	0.45275	0.01749	0.02460	0.01286	0.21576	0.01967	0.01312	0.13325	0.01251	0.01413	0.00870	0.00552	0.00584	0.00184	0.00823	0.00515	0.00326	0.00845
6	0.01866	0.02106	0.01781	0.01979	0.22045	0.44310	0.01256	0.04223	0.05112	0.03827	0.01060	0.01237	0.00862	0.00590	0.00573	0.00158	0.03109	0.00434	0.00325	0.03146
7	0.01639	0.01574	0.01722	0.01447	0.01617	0.13409	0.01184	0.21422	0.01485	0.01987	0.00941	0.01251	0.00809	0.00852	0.01312	0.00213	0.45581	0.00484	0.00345	0.00726

[dist]
# distance from previous block
# <min> <max>
0	1

[block]
# block no. 2 follows, 41 sequences, length 18
# corresponding to MSA columns:
# 225-242
name=unknown_C
#
# <colnr> <probs for GDERKNQSTAVLIFYWHMCP>
#	G	D	E	R	K	N	Q	S	T	A	V	L	I	F	Y	W	H	M	C	P
0	0.00697	0.00498	0.00664	0.00796	0.00830	0.00465	0.00531	0.00796	0.01095	0.01460	0.03153	0.79525	0.03783	0.01792	0.00730	0.00232	0.00332	0.01626	0.00531	0.00465
1	0.01066	0.00533	0.00533	0.00533	0.00666	0.00533	0.00400	0.01333	0.01200	0.02132	0.01866	0.02132	0.01466	0.00666	0.00400	0.00133	0.00267	0.00533	0.83073	0.00533
2	0.64059	0.01551	0.19112	0.00963	0.01435	0.01294	0.00978	0.01713	0.01030	0.02385	0.00852	0.00996	0.00645	0.00534	0.00399	0.00178	0.00539	0.00337	0.00327	0.00674
3	0.00827	0.00574	0.00724	0.00724	0.00758	0.00609	0.00471	0.00896	0.00861	0.01183	0.01711	0.03238	0.01860	0.54363	0.28146	0.00678	0.00885	0.00758	0.00333	0.00402
4	0.01518	0.01315	0.01190	0.04770	0.01413	0.21929	0.00842	0.06304	0.01640	0.12182	0.31452	0.04400	0.02919	0.00923	0.00613	0.00176	0.00571	0.04662	0.00519	0.00663
5	0.02146	0.02456	0.01644	0.01436	0.01770	0.59395	0.01101	0.19605	0.01877	0.01929	0.01002	0.01114	0.00793	0.00613	0.00529	0.00153	0.00935	0.00404	0.00361	0.00737
6	0.01265	0.01296	0.02468	0.31570	0.03134	0.01395	0.35367	0.05292	0.01293	0.01732	0.01097	0.01528	0.00841	0.00675	0.02972	0.00216	0.06273	0.00589	0.00288	0.00711
7	0.00994	0.00497	0.00745	0.00745	0.00745	0.00497	0.00497	0.00745	0.00745	0.00994	0.00994	0.01739	0.00994	0.01987	0.02235	0.83358	0.00497	0.00497	0.00248	0.00248
8	0.01965	0.02367	0.01542	0.01399	0.01701	0.59310	0.01057	0.02465	0.19311	0.01638	0.01231	0.01296	0.00979	0.00634	0.00532	0.00159	0.00893	0.00435	0.00364	0.00721
9	0.01313	0.01129	0.01575	0.01788	0.27364	0.00996	0.01064	0.01661	0.04824	0.04555	0.03798	0.01447	0.01092	0.00507	0.00495	0.00126	0.00511	0.00446	0.00355	0.44955
10	0.02005	0.02230	0.01569	0.01376	0.01690	0.51177	0.01059	0.19470	0.01802	0.01922	0.01071	0.01243	0.00868	0.01008	0.08772	0.00236	0.00988	0.00430	0.00363	0.00721
11	0.00765	0.00574	0.00709	0.00694	0.00832	0.00518	0.00514	0.00987	0.01487	0.02025	0.51375	0.12612	0.22201	0.01303	0.00681	0.00189	0.00281	0.01139	0.00595	0.00518
12	0.01883	0.02316	0.01644	0.19974	0.02290	0.59274	0.01221	0.02087	0.01506	0.01415	0.00916	0.01150	0.00743	0.00585	0.00529	0.00158	0.00967	0.00402	0.00285	0.00656
13	0.00922	0.00497	0.00726	0.00757	0.00765	0.00489	0.00505	0.00757	0.00829	0.01106	0.01512	0.20416	0.01663	0.01940	0.01874	0.63399	0.00457	0.00768	0.00316	0.00300
14	0.00856	0.00612	0.00784	0.08993	0.01037	0.00655	0.00533	0.00927	0.00878	0.01179	0.01679	0.03286	0.01843	0.60320	0.13630	0.00569	0.00720	0.00765	0.00331	0.00402
15	0.00947	0.00739	0.00878	0.00816	0.01001	0.00748	0.00620	0.01531	0.19287	0.02264	0.53276	0.03848	0.09610	0.01095	0.00652	0.00184	0.00315	0.00954	0.00611	0.00623
16	0.64306	0.01225	0.01051	0.00888	0.01266	0.01401	0.00732	0.19147	0.01385	0.02816	0.00935	0.01036	0.00704	0.00568	0.00406	0.00176	0.00487	0.00359	0.00406	0.00704
17	0.75118	0.01133	0.00999	0.01047	0.09146	0.01291	0.00741	0.01689	0.01009	0.02492	0.00826	0.00981	0.00650	0.00529	0.00377	0.00176	0.00468	0.00331	0.00346	0.00650

[dist]
# distance from previous block
# <min> <max>
1	11

[block]
# block no. 3 follows, 41 sequences, length 7
# corresponding to MSA columns:
# 254-260
name=unknown_D
#
# <colnr> <probs for GDERKNQSTAVLIFYWHMCP>
#	G	D	E	R	K	N	Q	S	T	A	V	L	I	F	Y	W	H	M	C	P
0	0.01173	0.05226	0.10330	0.04533	0.04342	0.03605	0.19584	0.06002	0.03814	0.01862	0.10678	0.20564	0.02133	0.01002	0.02331	0.00208	0.00657	0.00866	0.00407	0.00683
1	0.01494	0.44157	0.02126	0.01001	0.01331	0.18294	0.00854	0.01626	0.01183	0.01301	0.01057	0.01622	0.01058	0.19612	0.01011	0.00232	0.00690	0.00446	0.00280	0.00625
2	0.01368	0.01897	0.19815	0.01528	0.01779	0.13756	0.01435	0.01626	0.01075	0.01485	0.00838	0.01206	0.00742	0.00825	0.01339	0.00217	0.47668	0.00461	0.00255	0.00685
3	0.01741	0.01288	0.01399	0.01183	0.01553	0.01437	0.00941	0.20179	0.48947	0.11650	0.02090	0.01928	0.01520	0.00746	0.00579	0.00187	0.00499	0.00606	0.00595	0.00930
4	0.00948	0.00818	0.00830	0.00835	0.00925	0.09845	0.00583	0.01085	0.01194	0.01547	0.19840	0.22014	0.03042	0.21231	0.12322	0.00388	0.00630	0.00989	0.00448	0.00484
5	0.01537	0.01601	0.01639	0.05989	0.18294	0.24867	0.03120	0.08630	0.01581	0.01943	0.19056	0.01981	0.01924	0.00737	0.00646	0.00171	0.04577	0.00597	0.00394	0.00716
6	0.21764	0.09606	0.01593	0.01210	0.01581	0.31781	0.00971	0.21214	0.01704	0.02260	0.00984	0.01086	0.00771	0.00591	0.00477	0.00158	0.00742	0.00387	0.00378	0.00742

[dist]
# distance from previous block
# <min> <max>
0	2

[block]
# block no. 4 follows, 41 sequences, length 40
# corresponding to MSA columns:
# 263-302
name=unknown_E
#
# <colnr> <probs for GDERKNQSTAVLIFYWHMCP>
#	G	D	E	R	K	N	Q	S	T	A	V	L	I	F	Y	W	H	M	C	P
0	0.83938	0.01106	0.00841	0.00752	0.01106	0.01283	0.00619	0.01681	0.00973	0.02566	0.00796	0.00929	0.00619	0.00531	0.00354	0.00177	0.00442	0.00310	0.00354	0.00619
1	0.01235	0.01239	0.01831	0.01540	0.01590	0.01671	0.06852	0.01392	0.00915	0.01409	0.00825	0.01329	0.00797	0.01142	0.05959	0.00283	0.68584	0.00520	0.00256	0.00631
2	0.00821	0.00599	0.00849	0.00849	0.00927	0.00677	0.00628	0.00976	0.00898	0.01276	0.01596	0.02602	0.01584	0.22242	0.59890	0.00833	0.01300	0.00665	0.00316	0.00472
3	0.00922	0.00658	0.00922	0.01053	0.01185	0.00658	0.00922	0.01185	0.01317	0.01712	0.03029	0.06452	0.03292	0.01580	0.00790	0.00263	0.00527	0.72480	0.00527	0.00527
4	0.00817	0.00613	0.00919	0.00919	0.01021	0.00715	0.00715	0.01021	0.00919	0.01328	0.01532	0.02247	0.01430	0.04290	0.77631	0.00919	0.01532	0.00613	0.00306	0.00511
5	0.00810	0.00585	0.00765	0.00720	0.00855	0.00540	0.00540	0.01079	0.01619	0.02294	0.76028	0.04273	0.05397	0.01169	0.00675	0.00180	0.00270	0.01034	0.00630	0.00540
6	0.01557	0.76707	0.02935	0.01001	0.01482	0.05700	0.00984	0.01739	0.01183	0.01348	0.00799	0.00923	0.00734	0.00494	0.00374	0.00123	0.00631	0.00309	0.00247	0.00731
7	0.02174	0.01602	0.01717	0.01316	0.01774	0.01774	0.01087	0.74423	0.02689	0.03605	0.01373	0.01373	0.00973	0.00687	0.00572	0.00172	0.00629	0.00515	0.00572	0.00973
8	0.00900	0.00684	0.00818	0.00761	0.00935	0.00660	0.00577	0.04995	0.07286	0.02210	0.51631	0.05951	0.18051	0.01181	0.00664	0.00184	0.00308	0.01024	0.00602	0.00578
9	0.00872	0.06754	0.01080	0.00924	0.01056	0.00834	0.00735	0.01075	0.00938	0.01329	0.01475	0.02145	0.01376	0.03997	0.71672	0.00858	0.01461	0.00589	0.00302	0.00528
10	0.01317	0.00753	0.00962	0.00830	0.01063	0.00703	0.00648	0.07123	0.01694	0.19628	0.50562	0.03555	0.06751	0.01035	0.00644	0.00179	0.00349	0.00894	0.00640	0.00672
11	0.01413	0.01360	0.02313	0.03332	0.68877	0.01367	0.05016	0.01829	0.05366	0.01896	0.01148	0.01461	0.00950	0.00523	0.00572	0.00172	0.00680	0.00525	0.00300	0.00900
12	0.07685	0.01290	0.01612	0.01395	0.01479	0.04382	0.01149	0.01667	0.11406	0.01612	0.00982	0.01343	0.00881	0.00918	0.01528	0.00233	0.58964	0.00502	0.00307	0.00666
13	0.00826	0.00556	0.00641	0.00646	0.00653	0.00560	0.00373	0.00841	0.00846	0.01134	0.01836	0.06371	0.02105	0.72955	0.06934	0.00563	0.00600	0.00848	0.00351	0.00360
14	0.01360	0.01510	0.03173	0.02444	0.09435	0.01437	0.63984	0.01888	0.05197	0.01865	0.01211	0.01562	0.00917	0.00500	0.00661	0.00191	0.00912	0.00659	0.00304	0.00790
15	0.01147	0.02959	0.76934	0.01630	0.02476	0.01328	0.02113	0.01811	0.01208	0.01811	0.01026	0.01208	0.00725	0.00543	0.00543	0.00181	0.00845	0.00423	0.00242	0.00845
16	0.00810	0.00585	0.00765	0.00720	0.00855	0.00540	0.00540	0.01079	0.01619	0.02294	0.76028	0.04273	0.05397	0.01169	0.00675	0.00180	0.00270	0.01034	0.00630	0.00540
17	0.02566	0.00973	0.01327	0.01018	0.01460	0.00841	0.00841	0.02788	0.01637	0.76726	0.02257	0.01947	0.01416	0.00708	0.00575	0.00177	0.00487	0.00575	0.00708	0.00973
18	0.01368	0.01493	0.03087	0.02711	0.23030	0.01423	0.54442	0.01811	0.01337	0.01842	0.01135	0.01508	0.00878	0.00490	0.00645	0.00187	0.00886	0.00630	0.00288	0.00808
19	0.00697	0.00498	0.00664	0.00796	0.00830	0.00465	0.00531	0.00796	0.01095	0.01460	0.03153	0.79525	0.03783	0.01792	0.00730	0.00232	0.00332	0.01626	0.00531	0.00465
20	0.00761	0.00617	0.00679	0.00658	0.00839	0.00553	0.00495	0.01028	0.05484	0.01837	0.28586	0.04916	0.48866	0.01320	0.00670	0.00189	0.00292	0.01120	0.00566	0.00525
21	0.02174	0.01602	0.01717	0.01316	0.01774	0.01774	0.01087	0.74423	0.02689	0.03605	0.01373	0.01373	0.00973	0.00687	0.00572	0.00172	0.00629	0.00515	0.00572	0.00973
22	0.01186	0.01017	0.01186	0.00847	0.01356	0.00762	0.00678	0.01440	0.01186	0.01864	0.01017	0.01186	0.00847	0.00424	0.00424	0.00085	0.00424	0.00339	0.00339	0.83395
23	0.00911	0.00695	0.01014	0.10589	0.04371	0.00716	0.00931	0.01165	0.01289	0.01705	0.10298	0.17784	0.03189	0.01408	0.00732	0.00237	0.00502	0.41425	0.00495	0.00546
24	0.01459	0.01196	0.01273	0.01139	0.01464	0.01364	0.00888	0.02958	0.69198	0.06238	0.02430	0.02227	0.04003	0.00793	0.00585	0.00193	0.00449	0.00660	0.00587	0.00896
25	0.01385	0.01213	0.01354	0.01193	0.01522	0.01381	0.04155	0.02884	0.68623	0.02329	0.02434	0.02261	0.05098	0.00794	0.00590	0.00194	0.00468	0.00674	0.00567	0.00880
26	0.02157	0.00952	0.01242	0.00995	0.01377	0.00877	0.00806	0.02576	0.11697	0.55849	0.12894	0.02307	0.02034	0.00784	0.00590	0.00180	0.00451	0.00651	0.00679	0.00902
27	0.01215	0.01033	0.01201	0.00861	0.01368	0.00792	0.00690	0.03541	0.01229	0.01914	0.01027	0.01191	0.00851	0.00431	0.00428	0.00087	0.00430	0.00344	0.00346	0.81023
28	0.00883	0.00639	0.00872	0.00993	0.01122	0.00628	0.00850	0.01124	0.01299	0.01678	0.03275	0.12007	0.09568	0.01585	0.00776	0.00255	0.00491	0.60908	0.00527	0.00518
29	0.02250	0.01480	0.01641	0.01258	0.01713	0.01593	0.01039	0.60549	0.02486	0.17766	0.01544	0.01484	0.01059	0.00691	0.00573	0.00173	0.00602	0.00527	0.00598	0.00973
30	0.83938	0.01106	0.00841	0.00752	0.01106	0.01283	0.00619	0.01681	0.00973	0.02566	0.00796	0.00929	0.00619	0.00531	0.00354	0.00177	0.00442	0.00310	0.00354	0.00619
31	0.01066	0.00533	0.00533	0.00533	0.00666	0.00533	0.00400	0.01333	0.01200	0.02132	0.01866	0.02132	0.01466	0.00666	0.00400	0.00133	0.00267	0.00533	0.83073	0.00533
32	0.00697	0.00498	0.00664	0.00796	0.00830	0.00465	0.00531	0.00796	0.01095	0.01460	0.03153	0.79525	0.03783	0.01792	0.00730	0.00232	0.00332	0.01626	0.00531	0.00465
33	0.05728	0.01506	0.01612	0.01256	0.01686	0.01660	0.01031	0.65604	0.02503	0.05025	0.01464	0.05655	0.01121	0.00741	0.00571	0.00175	0.00602	0.00568	0.00563	0.00929
34	0.00832	0.00555	0.00624	0.00624	0.00624	0.00555	0.00347	0.00832	0.00832	0.01109	0.01802	0.03743	0.02080	0.79898	0.02911	0.00555	0.00555	0.00832	0.00347	0.00347
35	0.00933	0.00816	0.01455	0.01245	0.01451	0.00875	0.16758	0.01198	0.01013	0.01438	0.01450	0.02093	0.01307	0.03459	0.60843	0.00761	0.01408	0.00626	0.00303	0.00568
36	0.00817	0.00613	0.00919	0.00919	0.01021	0.00715	0.00715	0.01021	0.00919	0.01328	0.01532	0.02247	0.01430	0.04290	0.77631	0.00919	0.01532	0.00613	0.00306	0.00511
37	0.01387	0.01596	0.03239	0.04163	0.02945	0.05639	0.68500	0.01848	0.01360	0.01800	0.01139	0.01514	0.00858	0.00490	0.00664	0.00190	0.00963	0.00654	0.00289	0.00762
38	0.00828	0.00698	0.01075	0.16130	0.01600	0.00707	0.06412	0.01032	0.01193	0.01564	0.08503	0.42217	0.13110	0.01357	0.00683	0.00212	0.00455	0.01230	0.00466	0.00530
39	0.05061	0.05784	0.02837	0.02043	0.04086	0.01464	0.51195	0.08764	0.01409	0.01962	0.01161	0.01511	0.00901	0.00809	0.06591	0.00243	0.02489	0.00611	0.00317	0.00762

[dist]
# distance from previous block
# <min> <max>
0	1

[block]
# block no. 5 follows, 41 sequences, length 24
# corresponding to MSA columns:
# 304-327
name=unknown_F
#
# <colnr> <probs for GDERKNQSTAVLIFYWHMCP>
#	G	D	E	R	K	N	Q	S	T	A	V	L	I	F	Y	W	H	M	C	P
0	0.40389	0.08534	0.20203	0.03850	0.07056	0.04413	0.01168	0.01789	0.01134	0.05505	0.00951	0.01103	0.00722	0.00541	0.00442	0.00172	0.00611	0.00373	0.00322	0.00725
1	0.05656	0.02144	0.01549	0.07503	0.01860	0.48174	0.01081	0.12873	0.01670	0.01833	0.01056	0.01338	0.00876	0.00626	0.00525	0.00156	0.00860	0.03189	0.00348	0.06681
2	0.26804	0.44362	0.05111	0.00972	0.01431	0.01873	0.00925	0.09674	0.01274	0.01985	0.00868	0.00982	0.00725	0.00526	0.00392	0.00147	0.00571	0.00335	0.00314	0.00730
3	0.01903	0.02329	0.01600	0.01419	0.01701	0.59192	0.03932	0.04598	0.01566	0.01507	0.01384	0.01517	0.08129	0.00701	0.00633	0.00162	0.06268	0.00477	0.00324	0.00658
4	0.00945	0.00678	0.00852	0.06368	0.01141	0.00648	0.00642	0.04462	0.01485	0.06126	0.33123	0.10599	0.25266	0.01231	0.00667	0.00192	0.00356	0.04090	0.00563	0.00567
5	0.00832	0.00555	0.00624	0.00624	0.00624	0.00555	0.00347	0.00832	0.00832	0.01109	0.01802	0.03743	0.02080	0.79898	0.02911	0.00555	0.00555	0.00832	0.00347	0.00347
6	0.01879	0.01397	0.01516	0.01227	0.01615	0.01549	0.00991	0.49304	0.18695	0.05260	0.01740	0.07018	0.01366	0.00881	0.02668	0.00201	0.00590	0.00626	0.00568	0.00910
7	0.00750	0.00544	0.00707	0.00747	0.00838	0.00502	0.00530	0.00934	0.01358	0.01865	0.38249	0.39158	0.08742	0.01474	0.00700	0.00205	0.00300	0.01318	0.00578	0.00502
8	0.00850	0.00648	0.00929	0.00911	0.00990	0.00761	0.00692	0.01015	0.00902	0.01295	0.01522	0.02423	0.01489	0.16455	0.60115	0.00813	0.06749	0.00641	0.00309	0.00492
9	0.01414	0.01191	0.01275	0.01153	0.01462	0.01363	0.00903	0.07544	0.63263	0.02396	0.02339	0.05432	0.01866	0.00857	0.00599	0.00198	0.00464	0.04834	0.00576	0.00870
10	0.01080	0.01017	0.01716	0.78523	0.03940	0.01271	0.01589	0.01461	0.01144	0.01461	0.01017	0.01525	0.00762	0.00572	0.00572	0.00191	0.00762	0.00508	0.00254	0.00635
11	0.01529	0.80242	0.02997	0.00979	0.01468	0.02263	0.00979	0.01713	0.01162	0.01346	0.00795	0.00918	0.00734	0.00489	0.00367	0.00122	0.00612	0.00306	0.00245	0.00734
12	0.11702	0.00963	0.01481	0.04571	0.04587	0.00948	0.15010	0.01631	0.03510	0.13183	0.13779	0.09421	0.06543	0.00941	0.00626	0.00197	0.00538	0.09206	0.00483	0.00678
13	0.01826	0.01081	0.01251	0.01071	0.01365	0.05432	0.00841	0.07715	0.13612	0.32847	0.02175	0.16687	0.01821	0.03211	0.00760	0.00204	0.05945	0.00773	0.00577	0.00805
14	0.83938	0.01106	0.00841	0.00752	0.01106	0.01283	0.00619	0.01681	0.00973	0.02566	0.00796	0.00929	0.00619	0.00531	0.00354	0.00177	0.00442	0.00310	0.00354	0.00619
15	0.00975	0.00825	0.01327	0.01162	0.01335	0.00822	0.15254	0.06168	0.01232	0.01668	0.05195	0.40922	0.02669	0.10452	0.04070	0.00283	0.03471	0.01163	0.00449	0.00558
16	0.00817	0.00613	0.00919	0.00919	0.01021	0.00715	0.00715	0.01021	0.00919	0.01328	0.01532	0.02247	0.01430	0.04290	0.77631	0.00919	0.01532	0.00613	0.00306	0.00511
17	0.01205	0.08116	0.60494	0.01705	0.02484	0.01412	0.13115	0.01808	0.01226	0.01782	0.01030	0.01239	0.00747	0.00530	0.00551	0.00179	0.00847	0.00453	0.00249	0.00826
18	0.01147	0.02959	0.76934	0.01630	0.02476	0.01328	0.02113	0.01811	0.01208	0.01811	0.01026	0.01208	0.00725	0.00543	0.00543	0.00181	0.00845	0.00423	0.00242	0.00845
19	0.00692	0.00556	0.00618	0.00653	0.00795	0.00482	0.00470	0.00832	0.01265	0.01574	0.10098	0.27109	0.49793	0.01529	0.00692	0.00204	0.00301	0.01317	0.00538	0.00482
20	0.00994	0.00497	0.00745	0.00745	0.00745	0.00497	0.00497	0.00745	0.00745	0.00994	0.00994	0.01739	0.00994	0.01987	0.02235	0.83358	0.00497	0.00497	0.00248	0.00248
21	0.01406	0.01395	0.02159	0.17189	0.57597	0.06855	0.01678	0.01739	0.01296	0.01760	0.01051	0.01408	0.00867	0.00527	0.00564	0.00172	0.00720	0.00499	0.00279	0.00839
22	0.01664	0.00889	0.01151	0.03222	0.01381	0.00855	0.00840	0.02123	0.13010	0.32381	0.11260	0.03329	0.03922	0.00976	0.00634	0.00197	0.00466	0.17239	0.00607	0.03854
23	0.30061	0.27032	0.08015	0.01073	0.03076	0.06215	0.00973	0.08741	0.01311	0.07484	0.00987	0.01081	0.00770	0.00549	0.00425	0.00157	0.00592	0.00364	0.00351	0.00743

[dist]
# distance from previous block
# <min> <max>
2	12

[block]
# block no. 6 follows, 41 sequences, length 72
# corresponding to MSA columns:
# 340-411
name=unknown_G
#
# <colnr> <probs for GDERKNQSTAVLIFYWHMCP>
#	G	D	E	R	K	N	Q	S	T	A	V	L	I	F	Y	W	H	M	C	P
0	0.01756	0.06836	0.01730	0.01428	0.04868	0.36781	0.05669	0.08035	0.07863	0.01781	0.01116	0.01271	0.00904	0.00725	0.03733	0.00178	0.00829	0.00431	0.00346	0.13721
1	0.19220	0.01255	0.03580	0.01195	0.06125	0.04381	0.00930	0.11969	0.04903	0.35387	0.01625	0.01545	0.01104	0.00639	0.00520	0.00172	0.00538	0.00489	0.00539	0.03884
2	0.09750	0.09308	0.18026	0.01071	0.01540	0.01093	0.01061	0.03261	0.01445	0.29971	0.15733	0.02014	0.01868	0.00720	0.00545	0.00173	0.00535	0.00575	0.00507	0.00804
3	0.00994	0.00497	0.00745	0.00745	0.00745	0.00497	0.00497	0.00745	0.00745	0.00994	0.00994	0.01739	0.00994	0.01987	0.02235	0.83358	0.00497	0.00497	0.00248	0.00248
4	0.01668	0.01994	0.01324	0.01239	0.02692	0.49621	0.00917	0.01908	0.05614	0.01559	0.07517	0.02316	0.17659	0.00829	0.00567	0.00163	0.00776	0.00619	0.00387	0.00632
5	0.00954	0.00746	0.01000	0.00943	0.01126	0.00692	0.04678	0.07930	0.01275	0.01751	0.02519	0.54790	0.02868	0.01387	0.00661	0.00200	0.00410	0.01254	0.00490	0.14324
6	0.05460	0.00856	0.01129	0.00912	0.01254	0.00764	0.00736	0.02201	0.01603	0.50046	0.25522	0.02639	0.02641	0.00846	0.00597	0.00178	0.00416	0.00709	0.00668	0.00821
7	0.01264	0.05799	0.53567	0.01757	0.02507	0.01418	0.17827	0.05821	0.01319	0.01896	0.01065	0.01278	0.00770	0.00536	0.00567	0.00181	0.00850	0.00478	0.00270	0.00832
8	0.00837	0.00592	0.00765	0.00717	0.00862	0.00542	0.00539	0.01098	0.01600	0.03777	0.70109	0.04302	0.09747	0.01177	0.00673	0.00181	0.00276	0.01036	0.00625	0.00545
9	0.01341	0.42077	0.39510	0.01300	0.01966	0.01802	0.01539	0.01761	0.01185	0.01576	0.00909	0.01061	0.00729	0.00516	0.00454	0.00151	0.00727	0.00364	0.00243	0.00789
10	0.00785	0.00546	0.00637	0.00664	0.00698	0.00526	0.00408	0.00837	0.00982	0.01299	0.06770	0.21008	0.09830	0.50170	0.02075	0.00425	0.00462	0.01059	0.00422	0.00397
11	0.01927	0.01744	0.01889	0.02041	0.25348	0.16399	0.01302	0.37406	0.02043	0.02627	0.01184	0.01320	0.00906	0.00612	0.00559	0.00166	0.00724	0.00485	0.00427	0.00891
12	0.02566	0.00973	0.01327	0.01018	0.01460	0.00841	0.00841	0.02788	0.01637	0.76726	0.02257	0.01947	0.01416	0.00708	0.00575	0.00177	0.00487	0.00575	0.00708	0.00973
13	0.01186	0.01017	0.01186	0.00847	0.01356	0.00762	0.00678	0.01440	0.01186	0.01864	0.01017	0.01186	0.00847	0.00424	0.00424	0.00085	0.00424	0.00339	0.00339	0.83395
14	0.00879	0.00703	0.01029	0.00990	0.01080	0.00853	0.00781	0.01076	0.00958	0.01396	0.06152	0.02233	0.01584	0.03620	0.61874	0.00776	0.12545	0.00624	0.00319	0.00529
15	0.01238	0.01048	0.01214	0.00872	0.01378	0.00816	0.00699	0.05303	0.01266	0.01956	0.01036	0.01196	0.00854	0.00438	0.00431	0.00089	0.00434	0.00348	0.00351	0.79032
16	0.00894	0.00659	0.00908	0.01032	0.03815	0.00649	0.00805	0.01175	0.03534	0.01825	0.18963	0.17387	0.03699	0.01461	0.00741	0.00235	0.00443	0.40687	0.00543	0.00545
17	0.01179	0.02736	0.65379	0.01753	0.02556	0.01347	0.13445	0.01815	0.01230	0.01815	0.01047	0.01260	0.00747	0.00534	0.00564	0.00183	0.00864	0.00462	0.00249	0.00834
18	0.00844	0.00613	0.00783	0.00756	0.00887	0.00560	0.00557	0.01076	0.01579	0.02217	0.65072	0.12058	0.08240	0.01272	0.00700	0.00195	0.00295	0.01114	0.00630	0.00555
19	0.00769	0.00618	0.00674	0.00658	0.00836	0.00531	0.00490	0.00938	0.01429	0.01819	0.27222	0.05163	0.54003	0.01389	0.00695	0.00198	0.00302	0.01164	0.00576	0.00526
20	0.00883	0.00592	0.00661	0.00659	0.00664	0.00585	0.00370	0.00870	0.00865	0.01158	0.01845	0.03791	0.02116	0.79316	0.02914	0.00560	0.00571	0.00845	0.00363	0.00374
21	0.01196	0.02977	0.76381	0.01658	0.02501	0.01353	0.02123	0.01842	0.01238	0.01855	0.01075	0.01275	0.00772	0.00576	0.00564	0.00190	0.00859	0.00439	0.00259	0.00869
22	0.00861	0.00622	0.00801	0.00754	0.00893	0.00570	0.00562	0.01115	0.01646	0.02333	0.75496	0.04316	0.05408	0.01197	0.00694	0.00189	0.00288	0.01046	0.00644	0.00566
23	0.11451	0.01022	0.01306	0.01021	0.01455	0.00917	0.00836	0.02690	0.01592	0.68127	0.02137	0.01898	0.01371	0.00720	0.00572	0.00186	0.00498	0.00561	0.00683	0.00957
24	0.00883	0.00592	0.00661	0.00659	0.00664	0.00585	0.00370	0.00870	0.00865	0.01158	0.01845	0.03791	0.02116	0.79316	0.02914	0.00560	0.00571	0.00845	0.00363	0.00374
25	0.02178	0.02747	0.01650	0.01502	0.01799	0.77035	0.01123	0.02311	0.01648	0.01447	0.00934	0.01100	0.00784	0.00622	0.00537	0.00156	0.01044	0.00385	0.00312	0.00688
26	0.60033	0.01281	0.01126	0.00947	0.01333	0.01448	0.00774	0.22454	0.01494	0.02900	0.01011	0.01125	0.00768	0.00608	0.00438	0.00184	0.00513	0.00385	0.00433	0.00745
27	0.01520	0.01043	0.01338	0.00992	0.01470	0.00830	0.04959	0.01758	0.01334	0.18607	0.01654	0.01718	0.05801	0.00589	0.00510	0.00128	0.00477	0.00483	0.00447	0.54341
28	0.01369	0.01327	0.02197	0.23916	0.45126	0.02862	0.06283	0.01697	0.01271	0.01758	0.01089	0.01502	0.00897	0.00590	0.00676	0.00191	0.05603	0.00532	0.00291	0.00824
29	0.78178	0.01131	0.00907	0.00803	0.01165	0.01280	0.00655	0.01783	0.01047	0.07314	0.00940	0.01063	0.00718	0.00575	0.00390	0.00186	0.00462	0.00343	0.00393	0.00667
30	0.83346	0.01139	0.00876	0.00786	0.01142	0.01308	0.00641	0.01713	0.01005	0.02604	0.00847	0.00999	0.00667	0.00564	0.00376	0.00186	0.00459	0.00327	0.00370	0.00645
31	0.00919	0.00719	0.01056	0.09533	0.01369	0.00840	0.00826	0.01107	0.00967	0.01373	0.01507	0.02309	0.01422	0.10249	0.58568	0.00779	0.04969	0.00630	0.00318	0.00542
32	0.00851	0.00621	0.00787	0.00744	0.00887	0.00566	0.00554	0.01097	0.01623	0.02280	0.70443	0.04405	0.10495	0.01217	0.00694	0.00190	0.00290	0.01058	0.00637	0.00561
33	0.02428	0.01005	0.01382	0.01175	0.05770	0.00880	0.00895	0.02645	0.01643	0.67248	0.06815	0.02122	0.01676	0.00756	0.00601	0.00186	0.00501	0.00615	0.00692	0.00965
34	0.00759	0.00549	0.00706	0.00811	0.00867	0.00504	0.00549	0.00864	0.01190	0.01594	0.10571	0.67422	0.07959	0.01734	0.00741	0.00233	0.00341	0.01551	0.00556	0.00499
35	0.01575	0.79662	0.03016	0.01011	0.01502	0.02280	0.00997	0.01744	0.01193	0.01393	0.00846	0.00987	0.00781	0.00522	0.00389	0.00132	0.00627	0.00323	0.00262	0.00758
36	0.01575	0.79662	0.03016	0.01011	0.01502	0.02280	0.00997	0.01744	0.01193	0.01393	0.00846	0.00987	0.00781	0.00522	0.00389	0.00132	0.00627	0.00323	0.00262	0.00758
37	0.00728	0.00617	0.00617	0.00615	0.00812	0.00514	0.00458	0.00859	0.01333	0.01591	0.05806	0.05539	0.75561	0.01474	0.00696	0.00202	0.00308	0.01217	0.00546	0.00509
38	0.02187	0.01584	0.01705	0.01325	0.01776	0.01737	0.01085	0.66890	0.06849	0.06512	0.01510	0.01506	0.01080	0.00724	0.00593	0.00182	0.00629	0.00540	0.00593	0.00991
39	0.00883	0.00592	0.00661	0.00659	0.00664	0.00585	0.00370	0.00870	0.00865	0.01158	0.01845	0.03791	0.02116	0.79316	0.02914	0.00560	0.00571	0.00845	0.00363	0.00374
40	0.02215	0.01631	0.01745	0.01346	0.01805	0.01795	0.01105	0.73891	0.02708	0.03634	0.01419	0.01439	0.01018	0.00718	0.00593	0.00181	0.00645	0.00530	0.00587	0.00995
41	0.01405	0.01151	0.01311	0.00962	0.01462	0.00966	0.00770	0.14080	0.01476	0.02208	0.01127	0.01286	0.00915	0.00502	0.00471	0.00109	0.00476	0.00386	0.00396	0.68542
42	0.00987	0.01238	0.17923	0.01116	0.01454	0.00831	0.07888	0.01349	0.01529	0.02183	0.51792	0.03379	0.03944	0.00993	0.00665	0.00190	0.00481	0.00876	0.00526	0.00655
43	0.01225	0.01032	0.01303	0.02466	0.01267	0.01248	0.00878	0.08333	0.03895	0.01604	0.01339	0.02289	0.01358	0.29350	0.04300	0.00370	0.32360	0.00638	0.00351	0.04394
44	0.01115	0.00571	0.00571	0.00569	0.00706	0.00563	0.00423	0.01367	0.01230	0.02173	0.01908	0.02193	0.01507	0.00698	0.00422	0.00142	0.00285	0.00548	0.82449	0.00559
45	0.01938	0.06767	0.02906	0.02154	0.02643	0.08476	0.40720	0.12056	0.05676	0.02375	0.01581	0.01997	0.01290	0.00842	0.00855	0.00259	0.05284	0.00711	0.00481	0.00989
46	0.12655	0.02443	0.01772	0.01682	0.05388	0.49618	0.01203	0.04225	0.09744	0.02122	0.01469	0.01743	0.01241	0.00872	0.00683	0.00235	0.00973	0.00540	0.00481	0.00913
47	0.01744	0.13983	0.06436	0.08477	0.02993	0.01750	0.49367	0.02038	0.01542	0.02091	0.01486	0.01976	0.01220	0.00771	0.00779	0.00255	0.00997	0.00713	0.00420	0.00961
48	0.01810	0.01519	0.01696	0.01505	0.01865	0.01622	0.05727	0.03139	0.66010	0.02686	0.02579	0.02604	0.02021	0.01016	0.00760	0.00268	0.00627	0.00769	0.00686	0.01091
49	0.17041	0.06949	0.49988	0.01722	0.03613	0.01581	0.04571	0.02038	0.01421	0.02295	0.01387	0.01723	0.01111	0.00809	0.00678	0.00252	0.00875	0.00541	0.00410	0.00993
50	0.00915	0.00753	0.01010	0.06136	0.01298	0.00678	0.03736	0.01133	0.02598	0.01618	0.02542	0.33359	0.09931	0.03693	0.00698	0.00195	0.00430	0.05571	0.00444	0.23262
51	0.01268	0.01019	0.01161	0.02570	0.01349	0.00999	0.00759	0.13154	0.17115	0.02113	0.01837	0.17569	0.01733	0.05870	0.00704	0.00184	0.00459	0.00730	0.00465	0.28940
52	0.00832	0.00555	0.00624	0.00624	0.00624	0.00555	0.00347	0.00832	0.00832	0.01109	0.01802	0.03743	0.02080	0.79898	0.02911	0.00555	0.00555	0.00832	0.00347	0.00347
53	0.01909	0.33823	0.02238	0.01183	0.01649	0.04282	0.01043	0.42468	0.02032	0.02613	0.01122	0.01176	0.00868	0.00603	0.00487	0.00151	0.00634	0.00425	0.00430	0.00866
54	0.02005	0.01007	0.01276	0.00969	0.01426	0.00855	0.00789	0.02338	0.06732	0.45426	0.01831	0.01696	0.01242	0.00614	0.00523	0.00146	0.00462	0.00498	0.00571	0.29595
55	0.01424	0.00959	0.01187	0.05953	0.03214	0.00986	0.00848	0.20003	0.03961	0.11869	0.24805	0.07234	0.07364	0.01007	0.00637	0.00189	0.00461	0.06607	0.00572	0.00722
56	0.02735	0.05613	0.43567	0.01335	0.03091	0.01117	0.04568	0.01530	0.01286	0.01836	0.13092	0.02380	0.13929	0.00782	0.00579	0.00180	0.00650	0.00649	0.00353	0.00727
57	0.02484	0.00975	0.01314	0.01017	0.01448	0.00857	0.00837	0.02761	0.04514	0.72242	0.03825	0.02004	0.01513	0.00720	0.00578	0.00178	0.00481	0.00588	0.00701	0.00962
58	0.11357	0.01902	0.01588	0.01302	0.01697	0.25696	0.01040	0.43431	0.02159	0.02791	0.01154	0.01215	0.00858	0.00638	0.00530	0.00165	0.00736	0.00446	0.00460	0.00835
59	0.01066	0.00533	0.00533	0.00533	0.00666	0.00533	0.00400	0.01333	0.01200	0.02132	0.01866	0.02132	0.01466	0.00666	0.00400	0.00133	0.00267	0.00533	0.83073	0.00533
60	0.01834	0.41378	0.02307	0.01227	0.01619	0.40036	0.01042	0.01999	0.01392	0.01373	0.00840	0.00975	0.00735	0.00540	0.00442	0.00135	0.00822	0.00337	0.00270	0.00698
61	0.00832	0.00555	0.00624	0.00624	0.00624	0.00555	0.00347	0.00832	0.00832	0.01109	0.01802	0.03743	0.02080	0.79898	0.02911	0.00555	0.00555	0.00832	0.00347	0.00347
62	0.01147	0.02959	0.76934	0.01630	0.02476	0.01328	0.02113	0.01811	0.01208	0.01811	0.01026	0.01208	0.00725	0.00543	0.00543	0.00181	0.00845	0.00423	0.00242	0.00845
63	0.01475	0.09100	0.36172	0.01592	0.03697	0.05702	0.10615	0.17718	0.01581	0.02150	0.02732	0.01398	0.02308	0.00594	0.00555	0.00173	0.00777	0.00490	0.00337	0.00832
64	0.25759	0.48418	0.02219	0.00957	0.01395	0.05472	0.00886	0.06348	0.01225	0.01850	0.00836	0.00955	0.00716	0.00519	0.00383	0.00143	0.00583	0.00323	0.00300	0.00712
65	0.00738	0.00519	0.00672	0.00779	0.00812	0.00495	0.00520	0.00828	0.01058	0.01407	0.02880	0.60028	0.03418	0.17089	0.01161	0.00297	0.00388	0.05971	0.00495	0.00445
66	0.01066	0.00533	0.00533	0.00533	0.00666	0.00533	0.00400	0.01333	0.01200	0.02132	0.01866	0.02132	0.01466	0.00666	0.00400	0.00133	0.00267	0.00533	0.83073	0.00533
67	0.01744	0.02106	0.01600	0.01431	0.01662	0.50527	0.05585	0.01901	0.01421	0.01433	0.01234	0.13234	0.01218	0.00825	0.00746	0.00177	0.11597	0.00600	0.00325	0.00634
68	0.00828	0.00571	0.00705	0.00705	0.00733	0.00599	0.00448	0.00884	0.00856	0.01169	0.01728	0.03332	0.01901	0.59145	0.23421	0.00655	0.00823	0.00772	0.00336	0.00392
69	0.00963	0.00784	0.01067	0.01014	0.01141	0.00938	0.00798	0.01384	0.12641	0.01561	0.06197	0.02237	0.01646	0.03153	0.51749	0.00680	0.10464	0.00631	0.00363	0.00588
70	0.01350	0.01543	0.03375	0.02411	0.02989	0.01446	0.74253	0.01832	0.01350	0.01832	0.01157	0.01543	0.00868	0.00482	0.00675	0.00193	0.00964	0.00675	0.00289	0.00771
71	0.01512	0.62443	0.10841	0.01100	0.01598	0.02102	0.01124	0.06226	0.01246	0.01538	0.00854	0.00996	0.00749	0.00537	0.00486	0.00139	0.05146	0.00343	0.00265	0.00755

[dist]
# distance from previous block
# <min> <max>
0	2

[block]
# block no. 7 follows, 41 sequences, length 82
# corresponding to MSA columns:
# 414-495
name=unknown_H
#
# <colnr> <probs for GDERKNQSTAVLIFYWHMCP>
#	G	D	E	R	K	N	Q	S	T	A	V	L	I	F	Y	W	H	M	C	P
0	0.01404	0.19400	0.45374	0.01499	0.02188	0.05178	0.07705	0.01890	0.01263	0.07470	0.01075	0.01221	0.00792	0.00542	0.00517	0.00167	0.00786	0.00427	0.00285	0.00816
1	0.55831	0.01197	0.05766	0.00880	0.01247	0.01215	0.00763	0.08523	0.01198	0.08198	0.02826	0.01216	0.00868	0.00696	0.00567	0.07076	0.00489	0.00390	0.00393	0.00662
2	0.01671	0.01217	0.01450	0.01220	0.07209	0.01137	0.00908	0.25095	0.01729	0.11002	0.01316	0.02745	0.01010	0.00572	0.00505	0.00132	0.00515	0.00459	0.00455	0.39653
3	0.49889	0.01054	0.00978	0.00843	0.01182	0.01143	0.00679	0.09557	0.01288	0.08675	0.06923	0.07778	0.01362	0.00708	0.00456	0.00175	0.00443	0.00519	0.00442	0.05907
4	0.00994	0.00497	0.00745	0.00745	0.00745	0.00497	0.00497	0.00745	0.00745	0.00994	0.00994	0.01739	0.00994	0.01987	0.02235	0.83358	0.00497	0.00497	0.00248	0.00248
5	0.01584	0.01327	0.01567	0.18591	0.08293	0.05550	0.01160	0.18743	0.26750	0.05344	0.01617	0.01749	0.01224	0.03186	0.00646	0.00194	0.00617	0.00562	0.00464	0.00833
6	0.01049	0.00983	0.01629	0.72581	0.03698	0.01211	0.01501	0.01413	0.01156	0.01468	0.01381	0.01828	0.06506	0.00639	0.00580	0.00191	0.00726	0.00562	0.00275	0.00624
7	0.00943	0.00614	0.00807	0.00742	0.00901	0.00563	0.00563	0.01210	0.01620	0.07969	0.70404	0.04095	0.05093	0.01134	0.00667	0.00180	0.00286	0.00999	0.00636	0.00573
8	0.01723	0.01381	0.01999	0.05858	0.42311	0.01438	0.01446	0.23570	0.04085	0.08595	0.01300	0.01475	0.00989	0.00590	0.00570	0.00173	0.00645	0.00521	0.00413	0.00920
9	0.00807	0.00583	0.00762	0.00721	0.00854	0.00538	0.00540	0.01073	0.01608	0.02276	0.74475	0.05877	0.05363	0.01183	0.00676	0.00181	0.00271	0.01047	0.00628	0.00538
10	0.01416	0.01359	0.02322	0.03511	0.76330	0.01359	0.01755	0.01755	0.01302	0.01869	0.01076	0.01416	0.00906	0.00510	0.00566	0.00170	0.00680	0.00510	0.00283	0.00906
11	0.01228	0.00998	0.01189	0.02745	0.01406	0.00769	0.00702	0.01479	0.01202	0.05119	0.01139	0.03713	0.00963	0.00483	0.00444	0.00096	0.00432	0.00394	0.00359	0.75139
12	0.02137	0.02726	0.01621	0.01474	0.01768	0.77602	0.01105	0.02284	0.01621	0.01400	0.00884	0.01031	0.00737	0.00589	0.00516	0.00147	0.01031	0.00368	0.00295	0.00663
13	0.01130	0.00676	0.00878	0.00888	0.01081	0.00623	0.00729	0.01341	0.01367	0.15211	0.07855	0.12719	0.20522	0.01389	0.00711	0.00223	0.00428	0.31073	0.00567	0.00591
14	0.00835	0.00622	0.00882	0.00873	0.00949	0.00715	0.00651	0.00991	0.00898	0.01281	0.01565	0.02547	0.01552	0.21063	0.58323	0.00815	0.03988	0.00658	0.00313	0.00478
15	0.01080	0.01013	0.01730	0.68504	0.03668	0.01229	0.05035	0.01457	0.01168	0.01500	0.01188	0.01930	0.00975	0.00650	0.00595	0.00197	0.00753	0.06418	0.00278	0.00633
16	0.01911	0.01362	0.01289	0.01100	0.01449	0.18049	0.00869	0.02382	0.15680	0.30461	0.03892	0.02278	0.07172	0.00788	0.00575	0.00174	0.00580	0.04053	0.00547	0.05388
17	0.83938	0.01106	0.00841	0.00752	0.01106	0.01283	0.00619	0.01681	0.00973	0.02566	0.00796	0.00929	0.00619	0.00531	0.00354	0.00177	0.00442	0.00310	0.00354	0.00619
18	0.01529	0.80242	0.02997	0.00979	0.01468	0.02263	0.00979	0.01713	0.01162	0.01346	0.00795	0.00918	0.00734	0.00489	0.00367	0.00122	0.00612	0.00306	0.00245	0.00734
19	0.01251	0.01251	0.01752	0.01502	0.01502	0.01752	0.01251	0.01377	0.00876	0.01377	0.00751	0.01251	0.00751	0.01001	0.01877	0.00250	0.78851	0.00501	0.00250	0.00626
20	0.01423	0.01229	0.01293	0.01164	0.01487	0.01423	0.00905	0.03039	0.75297	0.02393	0.02328	0.02134	0.01746	0.00776	0.00582	0.00194	0.00453	0.00647	0.00582	0.00905
21	0.01598	0.01316	0.01392	0.01199	0.01554	0.01505	0.00948	0.19687	0.58363	0.02675	0.02105	0.01957	0.01566	0.00755	0.00580	0.00189	0.00494	0.00616	0.00580	0.00921
22	0.83938	0.01106	0.00841	0.00752	0.01106	0.01283	0.00619	0.01681	0.00973	0.02566	0.00796	0.00929	0.00619	0.00531	0.00354	0.00177	0.00442	0.00310	0.00354	0.00619
23	0.01420	0.00799	0.00980	0.00915	0.01129	0.01813	0.00685	0.02777	0.11189	0.24593	0.03723	0.32555	0.05529	0.06397	0.00800	0.00228	0.00426	0.02780	0.00578	0.00684
24	0.83938	0.01106	0.00841	0.00752	0.01106	0.01283	0.00619	0.01681	0.00973	0.02566	0.00796	0.00929	0.00619	0.00531	0.00354	0.00177	0.00442	0.00310	0.00354	0.00619
25	0.01348	0.01030	0.01306	0.07005	0.01538	0.01187	0.00940	0.27684	0.01576	0.02166	0.01401	0.01832	0.01184	0.02556	0.40500	0.00563	0.04531	0.00564	0.00396	0.00693
26	0.00825	0.00580	0.00755	0.00755	0.00801	0.00626	0.00511	0.00916	0.00871	0.01206	0.01682	0.03077	0.01790	0.46231	0.36183	0.00717	0.00990	0.00734	0.00329	0.00420
27	0.00710	0.00507	0.00678	0.00808	0.00847	0.00475	0.00550	0.00820	0.01115	0.01487	0.04394	0.74716	0.03787	0.01771	0.00732	0.00233	0.00340	0.05030	0.00532	0.00469
28	0.00722	0.00521	0.00687	0.00800	0.00856	0.00486	0.00557	0.00849	0.01162	0.01547	0.08827	0.64625	0.07353	0.01712	0.00728	0.00229	0.00340	0.06987	0.00538	0.00476
29	0.02495	0.01051	0.01371	0.01055	0.01497	0.00961	0.00870	0.11008	0.03446	0.66638	0.02157	0.01885	0.01373	0.00707	0.00575	0.00177	0.00502	0.00570	0.00689	0.00972
30	0.01936	0.03878	0.01811	0.01546	0.01826	0.59220	0.07190	0.02108	0.01485	0.01431	0.00886	0.01103	0.00750	0.00636	0.00717	0.00165	0.11944	0.00411	0.00287	0.00668
31	0.01677	0.01303	0.01398	0.01192	0.01555	0.01471	0.00945	0.20302	0.53060	0.07390	0.02092	0.01938	0.01538	0.00750	0.00579	0.00188	0.00498	0.00610	0.00588	0.00926
32	0.01261	0.01201	0.02042	0.38129	0.42922	0.01318	0.01678	0.01620	0.01229	0.01681	0.01049	0.01466	0.00840	0.00538	0.00569	0.00179	0.00718	0.00509	0.00270	0.00781
33	0.00797	0.00545	0.00652	0.00680	0.00702	0.00535	0.00415	0.00848	0.00963	0.01297	0.08278	0.22010	0.02750	0.52819	0.03912	0.00454	0.00500	0.01035	0.00414	0.00395
34	0.13070	0.01242	0.01265	0.01119	0.01457	0.01432	0.00880	0.08702	0.58908	0.02516	0.02035	0.01903	0.01524	0.00734	0.00549	0.00190	0.00466	0.00589	0.00549	0.00871
35	0.05659	0.01273	0.01389	0.01102	0.01499	0.01317	0.00885	0.42967	0.02019	0.02827	0.01547	0.13677	0.01372	0.00795	0.00553	0.00162	0.00527	0.00642	0.00503	0.19284
36	0.08162	0.01433	0.02932	0.12959	0.02967	0.01408	0.57943	0.01768	0.01290	0.01841	0.01108	0.01489	0.00832	0.00499	0.00634	0.00191	0.00893	0.00621	0.00290	0.00740
37	0.01403	0.01129	0.01279	0.00947	0.01410	0.00994	0.00756	0.19068	0.01528	0.02238	0.01153	0.01393	0.00956	0.05517	0.00617	0.00135	0.00482	0.00413	0.00396	0.58189
38	0.77157	0.01147	0.00913	0.00799	0.01162	0.01324	0.00658	0.07715	0.01116	0.02652	0.00844	0.00966	0.00649	0.00544	0.00372	0.00177	0.00458	0.00327	0.00372	0.00649
39	0.00817	0.00613	0.00919	0.00919	0.01021	0.00715	0.00715	0.01021	0.00919	0.01328	0.01532	0.02247	0.01430	0.04290	0.77631	0.00919	0.01532	0.00613	0.00306	0.00511
40	0.00747	0.00588	0.00667	0.00652	0.00810	0.00523	0.00481	0.00956	0.02617	0.01821	0.32261	0.07243	0.42030	0.05122	0.00783	0.00207	0.00299	0.01127	0.00561	0.00504
41	0.58973	0.01258	0.01108	0.00924	0.01310	0.01433	0.00762	0.23892	0.01497	0.02883	0.00973	0.01065	0.00727	0.00578	0.00421	0.00175	0.00500	0.00372	0.00421	0.00727
42	0.01165	0.01062	0.01716	0.72569	0.03772	0.01310	0.01550	0.07088	0.01263	0.01627	0.01044	0.01513	0.00779	0.00581	0.00572	0.00189	0.00752	0.00509	0.00279	0.00661
43	0.00706	0.00504	0.00671	0.00791	0.00832	0.00470	0.00532	0.00818	0.01136	0.01524	0.08773	0.73722	0.03908	0.01744	0.00726	0.00228	0.00327	0.01580	0.00539	0.00470
44	0.00831	0.00650	0.00898	0.00875	0.00977	0.00734	0.00672	0.01010	0.01021	0.01424	0.08272	0.02919	0.12244	0.09581	0.48541	0.00675	0.07068	0.00741	0.00364	0.00505
45	0.66998	0.01209	0.01022	0.00869	0.01244	0.01385	0.00716	0.16752	0.01329	0.02781	0.00916	0.01021	0.00693	0.00563	0.00399	0.00176	0.00481	0.00352	0.00399	0.00693
46	0.01186	0.01017	0.01186	0.00847	0.01356	0.00762	0.00678	0.01440	0.01186	0.01864	0.01017	0.01186	0.00847	0.00424	0.00424	0.00085	0.00424	0.00339	0.00339	0.83395
47	0.01727	0.01300	0.01407	0.01157	0.01510	0.01421	0.00925	0.47863	0.11649	0.02949	0.02120	0.14230	0.07313	0.00933	0.00607	0.00186	0.00533	0.00762	0.00564	0.00845
48	0.00715	0.00511	0.00685	0.00818	0.00859	0.00480	0.00563	0.00828	0.01113	0.01481	0.03142	0.73533	0.03743	0.01775	0.00735	0.00235	0.00348	0.07436	0.00531	0.00470
49	0.01271	0.01014	0.01205	0.02296	0.01410	0.00777	0.00705	0.01526	0.01214	0.06594	0.01095	0.01241	0.00882	0.00444	0.00436	0.00093	0.00434	0.00357	0.00361	0.76646
50	0.83938	0.01106	0.00841	0.00752	0.01106	0.01283	0.00619	0.01681	0.00973	0.02566	0.00796	0.00929	0.00619	0.00531	0.00354	0.00177	0.00442	0.00310	0.00354	0.00619
51	0.02140	0.02634	0.01629	0.01461	0.01769	0.71384	0.01104	0.08199	0.01709	0.01581	0.00924	0.01060	0.00756	0.00597	0.00520	0.00149	0.00999	0.00380	0.00317	0.00688
52	0.00925	0.00769	0.01130	0.01088	0.01229	0.00797	0.08123	0.01246	0.08669	0.01630	0.02752	0.39087	0.06395	0.01443	0.00831	0.01638	0.06432	0.14769	0.00485	0.00561
53	0.01375	0.01448	0.02874	0.08581	0.25354	0.01417	0.44255	0.04084	0.01362	0.01871	0.01128	0.01497	0.00875	0.00504	0.00631	0.00185	0.00851	0.00607	0.00294	0.00808
54	0.00819	0.00607	0.00889	0.00889	0.00981	0.00699	0.00678	0.01002	0.00910	0.01306	0.01560	0.02399	0.01496	0.11962	0.70049	0.00882	0.01433	0.00635	0.00310	0.00494
55	0.01066	0.00533	0.00533	0.00533	0.00666	0.00533	0.00400	0.01333	0.01200	0.02132	0.01866	0.02132	0.01466	0.00666	0.00400	0.00133	0.00267	0.00533	0.83073	0.00533
56	0.00702	0.00502	0.00668	0.00793	0.00831	0.00468	0.00531	0.00809	0.01118	0.01497	0.06343	0.76230	0.03854	0.01765	0.00728	0.00230	0.00329	0.01600	0.00535	0.00468
