[name]
unknown

[dist]
# distance from previous block
# <min> <max>
0	257

[block]
# block no. 0 follows, 41 sequences, length 7
# corresponding to MSA columns:
# 298-304
name=unknown_A
#
# <colnr> <probs for GDERKNQSTAVLIFYWHMCP>
#	G	D	E	R	K	N	Q	S	T	A	V	L	I	F	Y	W	H	M	C	P
0	0.00985	0.01304	0.22264	0.01215	0.01547	0.00846	0.01256	0.01361	0.01286	0.01740	0.02466	0.04980	0.02571	0.01289	0.00721	0.00240	0.00616	0.52248	0.00447	0.00616
1	0.83938	0.01106	0.00841	0.00752	0.01106	0.01283	0.00619	0.01681	0.00973	0.02566	0.00796	0.00929	0.00619	0.00531	0.00354	0.00177	0.00442	0.00310	0.00354	0.00619
2	0.02089	0.23305	0.01815	0.01046	0.01486	0.01380	0.00904	0.06940	0.11991	0.40533	0.01802	0.01649	0.01244	0.00655	0.00518	0.00164	0.00526	0.00506	0.00552	0.00897
3	0.01685	0.01264	0.01389	0.01127	0.01475	0.01378	0.00908	0.43729	0.12662	0.03065	0.22470	0.02295	0.02324	0.00835	0.00602	0.00177	0.00503	0.00679	0.00590	0.00842
4	0.00822	0.00691	0.00762	0.00685	0.00944	0.00559	0.00517	0.00991	0.01241	0.01623	0.04079	0.14765	0.44737	0.01209	0.00613	0.00168	0.00333	0.01023	0.00477	0.23760
5	0.01251	0.01251	0.01752	0.01502	0.01502	0.01752	0.01251	0.01377	0.00876	0.01377	0.00751	0.01251	0.00751	0.01001	0.01877	0.00250	0.78851	0.00501	0.00250	0.00626
6	0.00691	0.00521	0.00640	0.00736	0.00814	0.00470	0.00504	0.00803	0.01154	0.01484	0.03894	0.58742	0.24088	0.01696	0.00715	0.00221	0.00320	0.01508	0.00531	0.00470

[dist]
# distance from previous block
# <min> <max>
0	3

[block]
# block no. 1 follows, 41 sequences, length 9
# corresponding to MSA columns:
# 308-316
name=unknown_B
#
# <colnr> <probs for GDERKNQSTAVLIFYWHMCP>
#	G	D	E	R	K	N	Q	S	T	A	V	L	I	F	Y	W	H	M	C	P
0	0.02174	0.01602	0.01717	0.01316	0.01774	0.01774	0.01087	0.74423	0.02689	0.03605	0.01373	0.01373	0.00973	0.00687	0.00572	0.00172	0.00629	0.00515	0.00572	0.00973
1	0.00898	0.00719	0.00820	0.00771	0.00963	0.00709	0.00585	0.01414	0.17078	0.02085	0.38965	0.04198	0.26272	0.01172	0.00655	0.00187	0.00315	0.01005	0.00589	0.00600
2	0.01762	0.02079	0.01429	0.01315	0.01573	0.51152	0.00996	0.02119	0.11353	0.01518	0.01215	0.01436	0.01018	0.01396	0.16806	0.00317	0.01060	0.00457	0.00336	0.00663
3	0.01237	0.01247	0.01896	0.11914	0.01965	0.01659	0.07981	0.01430	0.00955	0.01430	0.00824	0.01315	0.00763	0.00896	0.01592	0.00237	0.61248	0.00518	0.00254	0.00640
4	0.01151	0.01089	0.01844	0.62686	0.19223	0.01289	0.01624	0.01524	0.01177	0.01547	0.01029	0.01502	0.00793	0.00559	0.00571	0.00186	0.00745	0.00509	0.00260	0.00693
5	0.00697	0.00498	0.00664	0.00796	0.00830	0.00465	0.00531	0.00796	0.01095	0.01460	0.03153	0.79525	0.03783	0.01792	0.00730	0.00232	0.00332	0.01626	0.00531	0.00465
6	0.00770	0.00523	0.00617	0.00693	0.00783	0.00483	0.00482	0.00915	0.01163	0.01621	0.03467	0.46764	0.19337	0.01478	0.00648	0.00203	0.00309	0.01302	0.17958	0.00483
7	0.00786	0.00543	0.00629	0.00660	0.00686	0.00527	0.00398	0.00822	0.00937	0.01232	0.02486	0.21756	0.09258	0.54316	0.02193	0.00446	0.00478	0.01053	0.00407	0.00387
8	0.01709	0.01266	0.01396	0.01162	0.01515	0.01365	0.00965	0.49089	0.02214	0.02929	0.02316	0.03000	0.11537	0.00977	0.00632	0.00194	0.00562	0.15802	0.00557	0.00813

[dist]
# distance from previous block
# <min> <max>
0	1

[block]
# block no. 2 follows, 41 sequences, length 63
# corresponding to MSA columns:
# 318-380
name=unknown_C
#
# <colnr> <probs for GDERKNQSTAVLIFYWHMCP>
#	G	D	E	R	K	N	Q	S	T	A	V	L	I	F	Y	W	H	M	C	P
0	0.00817	0.00613	0.00919	0.00919	0.01021	0.00715	0.00715	0.01021	0.00919	0.01328	0.01532	0.02247	0.01430	0.04290	0.77631	0.00919	0.01532	0.00613	0.00306	0.00511
1	0.01357	0.01524	0.03265	0.02526	0.10686	0.01437	0.66645	0.01824	0.01345	0.01836	0.01149	0.01530	0.00872	0.00485	0.00664	0.00190	0.00934	0.00658	0.00289	0.00786
2	0.01088	0.01041	0.01260	0.01167	0.01237	0.05890	0.00915	0.01306	0.05883	0.01487	0.02121	0.25525	0.09643	0.01248	0.01234	0.00229	0.36834	0.00918	0.00389	0.00582
3	0.01191	0.01181	0.01629	0.01405	0.01425	0.01619	0.01166	0.01318	0.00921	0.01394	0.01280	0.01698	0.08658	0.01048	0.01751	0.00244	0.70607	0.00575	0.00280	0.00611
4	0.00711	0.00504	0.00660	0.00778	0.00808	0.00474	0.00512	0.00800	0.01067	0.01423	0.03011	0.71572	0.03604	0.09989	0.00959	0.00266	0.00355	0.01543	0.00512	0.00452
5	0.01895	0.01400	0.01503	0.01175	0.01592	0.01515	0.00959	0.53274	0.08993	0.03173	0.01478	0.01504	0.01083	0.00667	0.00541	0.00161	0.00556	0.00512	0.09209	0.08810
6	0.00790	0.00570	0.00747	0.00733	0.00850	0.00527	0.00538	0.01031	0.01530	0.02152	0.63631	0.17074	0.05122	0.01275	0.00684	0.00189	0.00280	0.01135	0.00613	0.00527
7	0.01054	0.00968	0.01601	0.70348	0.03592	0.01196	0.01458	0.01395	0.01111	0.01424	0.01099	0.01758	0.00901	0.08896	0.00817	0.00229	0.00741	0.00542	0.00264	0.00605
8	0.01279	0.07688	0.64381	0.01556	0.02338	0.01434	0.01934	0.09425	0.01360	0.01970	0.01048	0.01207	0.00751	0.00555	0.00535	0.00176	0.00808	0.00425	0.00276	0.00852
9	0.01986	0.02492	0.01520	0.01403	0.01670	0.69507	0.01045	0.02128	0.01566	0.01406	0.01122	0.09269	0.01056	0.00716	0.00538	0.00156	0.00958	0.00500	0.00320	0.00642
10	0.01186	0.01017	0.01186	0.00847	0.01356	0.00762	0.00678	0.01440	0.01186	0.01864	0.01017	0.01186	0.00847	0.00424	0.00424	0.00085	0.00424	0.00339	0.00339	0.83395
11	0.00681	0.00571	0.00593	0.00606	0.00781	0.00482	0.00447	0.00825	0.01290	0.01555	0.07230	0.13242	0.66785	0.01478	0.00682	0.00197	0.00294	0.01247	0.00534	0.00482
12	0.09453	0.00647	0.00662	0.00674	0.00874	0.00595	0.00533	0.00970	0.01271	0.01679	0.04823	0.05178	0.56415	0.01374	0.00661	0.00203	0.00344	0.12628	0.00512	0.00504
13	0.01433	0.01458	0.02215	0.15342	0.52324	0.09351	0.06101	0.01768	0.01313	0.01751	0.01051	0.01401	0.00863	0.00526	0.00569	0.00172	0.00747	0.00505	0.00280	0.00829
14	0.02074	0.11399	0.01795	0.01390	0.01735	0.56088	0.01088	0.14490	0.01750	0.01769	0.00957	0.01077	0.00777	0.00595	0.00508	0.00149	0.00915	0.00386	0.00336	0.00724
15	0.00696	0.00503	0.00658	0.00782	0.00826	0.00466	0.00525	0.00798	0.01109	0.01466	0.03325	0.74701	0.08496	0.01770	0.00727	0.00230	0.00329	0.01599	0.00531	0.00466
16	0.01453	0.01342	0.02140	0.02954	0.58508	0.01334	0.02971	0.07722	0.03794	0.02027	0.01136	0.01414	0.00932	0.00523	0.00554	0.00162	0.00647	0.00500	0.00322	0.09565
17	0.01175	0.01017	0.01242	0.08999	0.01627	0.00816	0.00773	0.01442	0.01182	0.01822	0.01017	0.01222	0.00838	0.00439	0.00439	0.00096	0.00459	0.00357	0.00330	0.74710
18	0.01422	0.02393	0.52117	0.01537	0.03803	0.01325	0.01759	0.08832	0.01378	0.10524	0.01183	0.01315	0.00837	0.00601	0.00633	0.00181	0.05850	0.00453	0.00331	0.03524
19	0.01775	0.01212	0.01350	0.01147	0.01514	0.01327	0.00911	0.11144	0.49818	0.19865	0.02202	0.02003	0.01581	0.00750	0.00579	0.00187	0.00481	0.00615	0.00610	0.00929
20	0.00784	0.08866	0.00909	0.00816	0.00897	0.00653	0.00578	0.00893	0.01102	0.01448	0.02905	0.71276	0.03463	0.01655	0.00692	0.00221	0.00361	0.01488	0.00501	0.00493
21	0.00824	0.00673	0.00698	0.00687	0.00881	0.00567	0.00506	0.00950	0.01418	0.01755	0.14814	0.05432	0.65700	0.01477	0.00725	0.00213	0.00333	0.01210	0.00581	0.00556
22	0.01644	0.78786	0.03045	0.01060	0.01552	0.02306	0.01026	0.01791	0.01238	0.01464	0.00922	0.01092	0.00852	0.00572	0.00422	0.00146	0.00651	0.00348	0.00288	0.00795
23	0.02148	0.01575	0.01684	0.01325	0.01742	0.01709	0.01061	0.66042	0.02558	0.03440	0.01530	0.01766	0.01192	0.08348	0.00848	0.00231	0.00661	0.00584	0.00587	0.00969
24	0.00960	0.00648	0.00717	0.00712	0.00725	0.00630	0.00406	0.00927	0.00914	0.01232	0.01909	0.03863	0.02171	0.78436	0.02917	0.00569	0.00595	0.00864	0.00388	0.00415
25	0.01269	0.03006	0.75543	0.01699	0.02540	0.01389	0.02138	0.01888	0.01283	0.01921	0.01149	0.01377	0.00843	0.00625	0.00595	0.00203	0.00880	0.00463	0.00285	0.00904
26	0.00828	0.00593	0.00757	0.00881	0.00926	0.00542	0.00587	0.00893	0.01173	0.01576	0.03233	0.78170	0.03842	0.01849	0.00778	0.00253	0.00376	0.01643	0.00569	0.00531
27	0.00828	0.00593	0.00757	0.00881	0.00926	0.00542	0.00587	0.00893	0.01173	0.01576	0.03233	0.78170	0.03842	0.01849	0.00778	0.00253	0.00376	0.01643	0.00569	0.00531
28	0.00982	0.00760	0.01139	0.01071	0.01205	0.00820	0.05524	0.01148	0.01020	0.01458	0.01646	0.02493	0.01560	0.11288	0.64016	0.00845	0.01423	0.00674	0.00351	0.00577
29	0.00946	0.00705	0.01007	0.01002	0.01114	0.00788	0.00767	0.01113	0.01000	0.01446	0.01644	0.02396	0.01534	0.04299	0.76184	0.00927	0.01553	0.00649	0.00348	0.00576
30	0.00946	0.00705	0.01007	0.01002	0.01114	0.00788	0.00767	0.01113	0.01000	0.01446	0.01644	0.02396	0.01534	0.04299	0.76184	0.00927	0.01553	0.00649	0.00348	0.00576
31	0.01644	0.78786	0.03045	0.01060	0.01552	0.02306	0.01026	0.01791	0.01238	0.01464	0.00922	0.01092	0.00852	0.00572	0.00422	0.00146	0.00651	0.00348	0.00288	0.00795
32	0.01306	0.10403	0.68466	0.01637	0.02444	0.01479	0.02030	0.01878	0.01279	0.01876	0.01126	0.01349	0.00844	0.00620	0.00579	0.00198	0.00858	0.00452	0.00285	0.00894
33	0.01199	0.00996	0.01287	0.01180	0.01348	0.03560	0.03275	0.06195	0.08267	0.01721	0.01593	0.02158	0.01421	0.03129	0.50624	0.00688	0.09674	0.00628	0.00385	0.00670
34	0.00708	0.00506	0.00673	0.00789	0.00832	0.00472	0.00532	0.00824	0.01145	0.01540	0.10128	0.72321	0.03938	0.01732	0.00725	0.00227	0.00326	0.01569	0.00540	0.00472
35	0.83938	0.01106	0.00841	0.00752	0.01106	0.01283	0.00619	0.01681	0.00973	0.02566	0.00796	0.00929	0.00619	0.00531	0.00354	0.00177	0.00442	0.00310	0.00354	0.00619
36	0.01215	0.01202	0.01681	0.01456	0.01458	0.01668	0.01204	0.01339	0.00890	0.01382	0.00907	0.06352	0.00948	0.01053	0.01802	0.00249	0.73734	0.00574	0.00269	0.00615
37	0.01365	0.00903	0.00996	0.00895	0.01121	0.00955	0.00706	0.26089	0.01699	0.02476	0.02034	0.15760	0.01876	0.00957	0.00553	0.00176	0.00426	0.07604	0.32738	0.00670
38	0.00951	0.00681	0.00936	0.01051	0.01189	0.00685	0.00912	0.03422	0.01350	0.01760	0.02982	0.09143	0.03240	0.01561	0.00781	0.00259	0.00522	0.67507	0.00528	0.00538
39	0.01154	0.00601	0.00847	0.00826	0.00858	0.00587	0.00559	0.02311	0.00871	0.03463	0.01128	0.01852	0.01087	0.01961	0.02166	0.78038	0.00529	0.00527	0.00300	0.00335
40	0.00909	0.00679	0.00982	0.00978	0.01088	0.00767	0.00752	0.01087	0.00977	0.01413	0.01613	0.02354	0.01505	0.04296	0.76594	0.00925	0.01547	0.00639	0.00336	0.00558
41	0.00799	0.00647	0.00687	0.00674	0.00860	0.00551	0.00499	0.00946	0.01425	0.01789	0.21050	0.05299	0.59796	0.01434	0.00711	0.00206	0.00318	0.01188	0.00579	0.00542
42	0.01186	0.01017	0.01186	0.00847	0.01356	0.00762	0.00678	0.01440	0.01186	0.01864	0.01017	0.01186	0.00847	0.00424	0.00424	0.00085	0.00424	0.00339	0.00339	0.83395
43	0.00823	0.00553	0.00636	0.00645	0.00650	0.00554	0.00371	0.00836	0.00852	0.01139	0.01881	0.08633	0.02169	0.72346	0.05202	0.00545	0.00572	0.00876	0.00357	0.00360
44	0.00831	0.00556	0.00633	0.00633	0.00637	0.00560	0.00359	0.00838	0.00835	0.01116	0.01793	0.03694	0.02058	0.77439	0.05341	0.00566	0.00586	0.00825	0.00345	0.00352
45	0.00699	0.00505	0.00662	0.00783	0.00827	0.00468	0.00526	0.00806	0.01122	0.01490	0.05523	0.73433	0.07529	0.01755	0.00726	0.00229	0.00328	0.01587	0.00534	0.00468
46	0.00689	0.00578	0.00599	0.00598	0.00782	0.00488	0.00447	0.00845	0.01329	0.01615	0.12449	0.07295	0.67466	0.01431	0.00677	0.00193	0.00289	0.01201	0.00541	0.00488
47	0.00711	0.00506	0.00666	0.00781	0.00818	0.00474	0.00519	0.00813	0.01105	0.01480	0.06790	0.70746	0.03755	0.06844	0.00869	0.00251	0.00343	0.01544	0.00524	0.00461
48	0.00829	0.00554	0.00639	0.00641	0.00661	0.00548	0.00379	0.00872	0.00944	0.01289	0.10183	0.07630	0.02520	0.64796	0.02477	0.00484	0.00503	0.00886	0.02784	0.00380
49	0.00820	0.00604	0.00792	0.00893	0.01014	0.00577	0.00727	0.01023	0.01273	0.01640	0.05839	0.22713	0.17627	0.01590	0.00751	0.00240	0.00429	0.40411	0.00532	0.00505
50	0.00819	0.00607	0.00891	0.00891	0.00983	0.00700	0.00680	0.01003	0.00911	0.01307	0.01558	0.02390	0.01492	0.11527	0.70479	0.00884	0.01439	0.00634	0.00310	0.00495
51	0.00832	0.00555	0.00624	0.00624	0.00624	0.00555	0.00347	0.00832	0.00832	0.01109	0.01802	0.03743	0.02080	0.79898	0.02911	0.00555	0.00555	0.00832	0.00347	0.00347
52	0.01991	0.01620	0.01606	0.01295	0.01705	0.08948	0.01045	0.50405	0.19993	0.03103	0.01555	0.01523	0.01136	0.00699	0.00569	0.00175	0.00626	0.00533	0.00548	0.00927
53	0.78200	0.01109	0.00882	0.00777	0.01137	0.01270	0.00640	0.03142	0.01040	0.06377	0.00882	0.00990	0.00667	0.00543	0.00369	0.00177	0.00448	0.00327	0.00376	0.00644
54	0.01066	0.00533	0.00533	0.00533	0.00666	0.00533	0.00400	0.01333	0.01200	0.02132	0.01866	0.02132	0.01466	0.00666	0.00400	0.00133	0.00267	0.00533	0.83073	0.00533
55	0.00832	0.00555	0.00624	0.00624	0.00624	0.00555	0.00347	0.00832	0.00832	0.01109	0.01802	0.03743	0.02080	0.79898	0.02911	0.00555	0.00555	0.00832	0.00347	0.00347
56	0.01511	0.01265	0.01335	0.01169	0.01509	0.01447	0.00918	0.13457	0.62491	0.02546	0.02288	0.02120	0.03786	0.00782	0.00583	0.00191	0.00474	0.00644	0.00579	0.00903
57	0.01615	0.05068	0.01447	0.08594	0.08770	0.00984	0.00929	0.01937	0.05070	0.24617	0.01766	0.01788	0.05961	0.00621	0.00519	0.00146	0.00502	0.00514	0.00458	0.28695
58	0.01543	0.02764	0.01315	0.08448	0.01609	0.01249	0.00900	0.24018	0.19720	0.07474	0.06994	0.02298	0.09346	0.00804	0.00571	0.00177	0.00494	0.00654	0.08827	0.00796
59	0.01383	0.05614	0.13284	0.07299	0.55612	0.01406	0.01742	0.03618	0.01308	0.01855	0.01059	0.01365	0.00864	0.00522	0.00553	0.00170	0.00704	0.00486	0.00281	0.00875
60	0.06342	0.02979	0.12921	0.02919	0.01795	0.01034	0.08067	0.02441	0.01490	0.51287	0.01834	0.01714	0.01190	0.00645	0.00564	0.00178	0.00593	0.00541	0.00560	0.00904
61	0.02607	0.06234	0.58095	0.01751	0.05097	0.01398	0.11422	0.01795	0.01215	0.01797	0.01024	0.01242	0.00749	0.00543	0.00583	0.00181	0.02740	0.00453	0.00252	0.00824
62	0.01906	0.01859	0.12860	0.02882	0.09092	0.07871	0.03431	0.47581	0.02187	0.02908	0.01242	0.01332	0.00904	0.00633	0.00566	0.00172	0.00711	0.00493	0.00460	0.00911

[dist]
# distance from previous block
# <min> <max>
0	1

[block]
# block no. 3 follows, 41 sequences, length 10
# corresponding to MSA columns:
# 382-391
name=unknown_D
#
# <colnr> <probs for GDERKNQSTAVLIFYWHMCP>
#	G	D	E	R	K	N	Q	S	T	A	V	L	I	F	Y	W	H	M	C	P
0	0.01466	0.01162	0.01582	0.25474	0.10479	0.01305	0.01211	0.24196	0.03609	0.04681	0.05144	0.09789	0.01442	0.00812	0.00672	0.01993	0.03141	0.00659	0.00427	0.00757
1	0.00910	0.00635	0.00848	0.00936	0.01076	0.00610	0.00783	0.01136	0.01314	0.04260	0.07018	0.14748	0.13956	0.01536	0.00753	0.00242	0.00455	0.47716	0.00539	0.00529
2	0.01186	0.01017	0.01186	0.00847	0.01356	0.00762	0.00678	0.01440	0.01186	0.01864	0.01017	0.01186	0.00847	0.00424	0.00424	0.00085	0.00424	0.00339	0.00339	0.83395
3	0.41008	0.00909	0.00924	0.05546	0.01261	0.00974	0.00696	0.01534	0.01137	0.09938	0.05336	0.17945	0.01747	0.00891	0.00509	0.00189	0.00438	0.03992	0.00443	0.04586
4	0.01884	0.01214	0.01401	0.01078	0.01513	0.01196	0.00878	0.30689	0.05575	0.20224	0.07443	0.01730	0.01435	0.00671	0.00546	0.00154	0.00509	0.00534	0.00553	0.20773
5	0.16708	0.00996	0.01243	0.00972	0.01399	0.00918	0.00802	0.02595	0.01522	0.63838	0.02003	0.01770	0.01277	0.00677	0.00537	0.00177	0.00479	0.00529	0.00646	0.00912
6	0.00800	0.00506	0.00667	0.00748	0.00791	0.00480	0.00505	0.00832	0.01032	0.01410	0.02680	0.49182	0.07441	0.01721	0.01066	0.20536	0.00364	0.01229	0.07592	0.00419
7	0.00803	0.00554	0.00725	0.00801	0.00889	0.00506	0.00563	0.00938	0.01185	0.04313	0.09460	0.59988	0.07321	0.01619	0.00708	0.00220	0.00343	0.04864	0.00538	0.03662
8	0.00697	0.00498	0.00664	0.00796	0.00830	0.00465	0.00531	0.00796	0.01095	0.01460	0.03153	0.79525	0.03783	0.01792	0.00730	0.00232	0.00332	0.01626	0.00531	0.00465
9	0.00860	0.00597	0.00762	0.00773	0.00894	0.00561	0.00559	0.01117	0.04798	0.05039	0.37287	0.32916	0.08884	0.01387	0.00687	0.00201	0.00312	0.01234	0.00587	0.00542

[dist]
# distance from previous block
# <min> <max>
0	213

# created by:
# /software/SequenceAnalysis/GenePrediction/augustus/3.0.1/scripts/msa2prfl.pl ./fixed/BUSCOvEOG7Z6436.fas
