[name]
unknown

[dist]
# distance from previous block
# <min> <max>
0	54

[block]
# block no. 0 follows, 39 sequences, length 8
# corresponding to MSA columns:
# 54-61
name=unknown_A
#
# <colnr> <probs for GDERKNQSTAVLIFYWHMCP>
#	G	D	E	R	K	N	Q	S	T	A	V	L	I	F	Y	W	H	M	C	P
0	0.00758	0.00542	0.00728	0.00856	0.00909	0.00512	0.00605	0.00894	0.01192	0.01591	0.07043	0.65035	0.03930	0.01789	0.00760	0.00242	0.00367	0.11200	0.00554	0.00493
1	0.00923	0.00811	0.01181	0.01031	0.01301	0.00715	0.11132	0.01157	0.01315	0.01708	0.03753	0.13285	0.32176	0.01276	0.00692	0.00203	0.00471	0.14582	0.00485	0.11804
2	0.01568	0.01376	0.01953	0.11353	0.35638	0.01489	0.01454	0.15194	0.19408	0.02342	0.01477	0.01650	0.01144	0.00635	0.00591	0.00185	0.00646	0.00562	0.00419	0.00916
3	0.01399	0.02336	0.46163	0.01829	0.12838	0.01353	0.01803	0.02171	0.14088	0.08189	0.01410	0.01511	0.01021	0.00613	0.00575	0.00188	0.00747	0.00504	0.00358	0.00905
4	0.01226	0.01051	0.01226	0.00876	0.01401	0.00788	0.00701	0.01489	0.01226	0.01927	0.01051	0.01226	0.00876	0.00438	0.00438	0.00088	0.00438	0.00350	0.00350	0.82832
5	0.01089	0.00662	0.00859	0.00777	0.00967	0.00598	0.00594	0.01350	0.01651	0.12942	0.59206	0.04171	0.10500	0.01163	0.00683	0.00187	0.00313	0.01015	0.00655	0.00618
6	0.13877	0.01544	0.01859	0.01417	0.01891	0.01669	0.10920	0.50070	0.02284	0.06704	0.01346	0.01405	0.00960	0.00659	0.00574	0.00182	0.00663	0.00527	0.00526	0.00925
7	0.01471	0.01270	0.01337	0.01203	0.01538	0.01471	0.00936	0.03142	0.74459	0.02474	0.02407	0.02206	0.01805	0.00802	0.00602	0.00201	0.00468	0.00669	0.00602	0.00936

[dist]
# distance from previous block
# <min> <max>
115	1374

[block]
# block no. 1 follows, 39 sequences, length 32
# corresponding to MSA columns:
# 1620-1651
name=unknown_B
#
# <colnr> <probs for GDERKNQSTAVLIFYWHMCP>
#	G	D	E	R	K	N	Q	S	T	A	V	L	I	F	Y	W	H	M	C	P
0	0.01676	0.01303	0.01398	0.01247	0.01595	0.01445	0.00963	0.03115	0.64599	0.09709	0.02562	0.02397	0.03398	0.00880	0.00650	0.00219	0.00506	0.00706	0.00646	0.00986
1	0.01482	0.01805	0.10611	0.02461	0.03087	0.01536	0.65192	0.01961	0.01447	0.01990	0.01292	0.01709	0.00988	0.00580	0.00729	0.00218	0.01014	0.00704	0.00333	0.00860
2	0.01396	0.01595	0.03490	0.02493	0.03091	0.01496	0.73380	0.01894	0.01396	0.01894	0.01196	0.01595	0.00897	0.00499	0.00698	0.00199	0.00997	0.00698	0.00299	0.00798
3	0.01215	0.01151	0.01951	0.56834	0.24268	0.01340	0.01691	0.01597	0.01229	0.01630	0.01068	0.01545	0.00830	0.00573	0.00590	0.00191	0.00764	0.00526	0.00271	0.00736
4	0.01505	0.52818	0.02612	0.01116	0.01570	0.04148	0.07983	0.01727	0.01303	0.05444	0.05771	0.01760	0.08754	0.00663	0.00478	0.00148	0.00620	0.00509	0.00338	0.00735
5	0.01760	0.01450	0.13349	0.01224	0.01673	0.01241	0.01108	0.02771	0.37373	0.24758	0.02133	0.01998	0.01518	0.00896	0.03822	0.00225	0.00591	0.00607	0.00573	0.00930
6	0.00940	0.00677	0.00935	0.01064	0.01204	0.00672	0.00928	0.01206	0.01361	0.01761	0.03275	0.06622	0.07014	0.01627	0.00811	0.00269	0.00532	0.68016	0.00545	0.00542
7	0.01402	0.01577	0.03386	0.02601	0.09970	0.01487	0.66583	0.01887	0.01391	0.01898	0.01188	0.01583	0.00901	0.00501	0.00687	0.00197	0.00969	0.00682	0.00298	0.00811
8	0.03083	0.41297	0.02556	0.01765	0.20655	0.09959	0.01228	0.06096	0.01368	0.01698	0.00968	0.01174	0.00842	0.00676	0.03064	0.00176	0.01898	0.00404	0.00293	0.00800
9	0.01850	0.14656	0.21126	0.01480	0.01969	0.42706	0.01391	0.05158	0.01539	0.01645	0.00959	0.01110	0.00768	0.00585	0.00519	0.00158	0.00932	0.00392	0.00295	0.00759
10	0.00721	0.00515	0.00686	0.00823	0.00858	0.00480	0.00549	0.00823	0.01132	0.01510	0.03259	0.78831	0.03911	0.01853	0.00755	0.00240	0.00343	0.01681	0.00549	0.00480
11	0.00917	0.00799	0.01174	0.01378	0.15616	0.00742	0.05105	0.01138	0.01356	0.01786	0.15278	0.20196	0.29673	0.01278	0.00688	0.00201	0.00426	0.01139	0.00500	0.00608
12	0.01363	0.01302	0.02219	0.25153	0.54791	0.01379	0.01765	0.01727	0.01299	0.01810	0.01095	0.01496	0.00894	0.00546	0.00587	0.00182	0.00727	0.00527	0.00284	0.00856
13	0.00719	0.00522	0.00679	0.00804	0.00853	0.00482	0.00540	0.00826	0.01151	0.01517	0.03494	0.72542	0.10049	0.01822	0.00750	0.00237	0.00339	0.01644	0.00549	0.00482
14	0.09351	0.01863	0.19180	0.02209	0.06667	0.01447	0.46768	0.01870	0.01323	0.01966	0.01126	0.01450	0.00842	0.00519	0.00630	0.00194	0.00902	0.00594	0.00294	0.00807
15	0.01467	0.01677	0.04611	0.02434	0.14381	0.08870	0.43347	0.01862	0.01345	0.01792	0.01095	0.01473	0.00870	0.00588	0.00830	0.00199	0.11466	0.00609	0.00292	0.00790
16	0.01072	0.02368	0.55128	0.01504	0.03646	0.01144	0.01755	0.01601	0.01221	0.01780	0.01630	0.21282	0.01569	0.00894	0.00612	0.00201	0.00733	0.00760	0.00328	0.00774
17	0.00939	0.00676	0.00934	0.01063	0.01202	0.00671	0.00926	0.01205	0.01361	0.01761	0.03284	0.06618	0.07257	0.01626	0.00811	0.00268	0.00531	0.67779	0.00545	0.00542
18	0.02457	0.05187	0.01420	0.01026	0.01462	0.00924	0.00853	0.02687	0.01665	0.66302	0.07839	0.02140	0.01742	0.00756	0.00591	0.00180	0.00493	0.00616	0.00700	0.00959
19	0.01115	0.01524	0.24558	0.01311	0.01718	0.00992	0.09115	0.01477	0.01297	0.06653	0.10494	0.22068	0.07892	0.01076	0.00745	0.00207	0.05695	0.00936	0.00433	0.00693
20	0.00755	0.00549	0.00712	0.00781	0.00861	0.00506	0.00544	0.00917	0.01318	0.01785	0.25902	0.50025	0.09903	0.01625	0.00733	0.00220	0.00320	0.01457	0.00581	0.00506
21	0.01384	0.02659	0.56909	0.01586	0.02343	0.01457	0.01893	0.13511	0.08635	0.02229	0.01250	0.01369	0.00893	0.00609	0.00571	0.00187	0.00799	0.00475	0.00339	0.00901
22	0.02275	0.01536	0.20678	0.01216	0.01781	0.00999	0.01209	0.02622	0.01578	0.56817	0.02005	0.01816	0.01279	0.00688	0.00586	0.00184	0.00599	0.00554	0.00607	0.00972
23	0.00978	0.00633	0.00826	0.00762	0.00917	0.00583	0.00570	0.01236	0.01627	0.07938	0.65255	0.04201	0.05060	0.05824	0.00828	0.00209	0.00314	0.01021	0.00640	0.00580
24	0.00721	0.00515	0.00686	0.00823	0.00858	0.00480	0.00549	0.00823	0.01132	0.01510	0.03259	0.78831	0.03911	0.01853	0.00755	0.00240	0.00343	0.01681	0.00549	0.00480
25	0.01270	0.02504	0.49504	0.02102	0.10503	0.01408	0.20525	0.01872	0.01297	0.01885	0.01102	0.01361	0.00807	0.00542	0.00600	0.00189	0.00887	0.00514	0.00267	0.00861
26	0.07711	0.01848	0.18071	0.03625	0.02850	0.01454	0.51855	0.01871	0.01332	0.01942	0.01137	0.01475	0.00845	0.00517	0.00642	0.00196	0.00926	0.00612	0.00294	0.00798
27	0.12549	0.01350	0.01943	0.04616	0.20788	0.03360	0.06165	0.01624	0.01093	0.01757	0.00910	0.01317	0.00807	0.00777	0.01215	0.00218	0.37991	0.00502	0.00286	0.00732
28	0.45370	0.01740	0.23878	0.01117	0.01643	0.01337	0.01158	0.03637	0.06793	0.06797	0.01121	0.01217	0.00820	0.00587	0.00463	0.00186	0.00592	0.00404	0.00376	0.00765
29	0.06357	0.06281	0.09268	0.01494	0.02008	0.04258	0.11035	0.43375	0.05252	0.02973	0.01312	0.01396	0.00957	0.00647	0.00577	0.00179	0.00714	0.00522	0.00477	0.00917
30	0.09390	0.01388	0.02476	0.01834	0.02296	0.01385	0.40745	0.09084	0.01467	0.02134	0.05833	0.01877	0.05450	0.00663	0.00735	0.00193	0.06708	0.00665	0.00371	0.05306
31	0.01531	0.09588	0.01527	0.01005	0.01482	0.04324	0.00830	0.09684	0.01455	0.08186	0.02896	0.01354	0.01029	0.00544	0.00520	0.00120	0.03000	0.00411	0.00401	0.50113

[dist]
# distance from previous block
# <min> <max>
52	456

# created by:
# /software/SequenceAnalysis/GenePrediction/augustus/3.0.1/scripts/msa2prfl.pl ./fixed/BUSCOvEOG74TQN3.fas
