[name]
unknown

[dist]
# distance from previous block
# <min> <max>
6	420

[block]
# block no. 0 follows, 41 sequences, length 31
# corresponding to MSA columns:
# 423-453
name=unknown_A
#
# <colnr> <probs for GDERKNQSTAVLIFYWHMCP>
#	G	D	E	R	K	N	Q	S	T	A	V	L	I	F	Y	W	H	M	C	P
0	0.01578	0.03718	0.02293	0.11132	0.60993	0.01416	0.01702	0.01867	0.01382	0.05996	0.01261	0.01626	0.01042	0.00619	0.00619	0.00196	0.00718	0.00550	0.00350	0.00941
1	0.04517	0.00636	0.00784	0.00898	0.00961	0.00594	0.00610	0.00955	0.01184	0.01647	0.03135	0.72262	0.03694	0.01794	0.00770	0.00255	0.00393	0.03798	0.00565	0.00548
2	0.01311	0.02346	0.45858	0.01832	0.02506	0.01351	0.23126	0.01801	0.01295	0.01867	0.01282	0.01759	0.01040	0.08863	0.00886	0.00248	0.00889	0.00584	0.00315	0.00838
3	0.01547	0.01447	0.02390	0.03547	0.74790	0.01427	0.01791	0.01842	0.01385	0.01990	0.01212	0.01601	0.01035	0.00602	0.00624	0.00195	0.00722	0.00553	0.00331	0.00971
4	0.01564	0.01749	0.03238	0.02374	0.02924	0.09426	0.65104	0.01964	0.01460	0.01909	0.01263	0.01672	0.00984	0.00586	0.00714	0.00213	0.01008	0.00683	0.00337	0.00828
5	0.00844	0.00604	0.00768	0.00892	0.00938	0.00552	0.00594	0.00904	0.01182	0.01590	0.03243	0.78004	0.03849	0.01856	0.00784	0.00256	0.00382	0.01645	0.00573	0.00539
6	0.01411	0.01740	0.14032	0.02118	0.02710	0.01383	0.51060	0.01840	0.01405	0.01975	0.04565	0.01759	0.01174	0.00608	0.00685	0.00204	0.00896	0.00658	0.00350	0.09426
7	0.01472	0.01357	0.02217	0.03265	0.66944	0.01334	0.01664	0.01743	0.01363	0.01947	0.01428	0.09718	0.01334	0.00735	0.00641	0.00202	0.00686	0.00669	0.00356	0.00925
8	0.01569	0.70329	0.02799	0.01029	0.01490	0.02126	0.00975	0.01708	0.01262	0.01499	0.01457	0.01590	0.08698	0.00682	0.00461	0.00156	0.00622	0.00447	0.00323	0.00777
9	0.01540	0.01465	0.02494	0.03438	0.67546	0.01435	0.08952	0.01850	0.01390	0.01986	0.01220	0.01613	0.01031	0.00599	0.00635	0.00197	0.00750	0.00569	0.00331	0.00958
10	0.01256	0.02635	0.61217	0.01723	0.06396	0.01314	0.04076	0.01792	0.01311	0.01910	0.01665	0.01865	0.08704	0.00725	0.00621	0.00207	0.00821	0.00562	0.00324	0.00875
11	0.01547	0.01447	0.02390	0.03547	0.74790	0.01427	0.01791	0.01842	0.01385	0.01990	0.01212	0.01601	0.01035	0.00602	0.00624	0.00195	0.00722	0.00553	0.00331	0.00971
12	0.00784	0.00568	0.00740	0.00731	0.00847	0.00524	0.00535	0.01018	0.01509	0.02112	0.60022	0.18860	0.07009	0.01297	0.00685	0.00190	0.00282	0.01154	0.00608	0.00524
13	0.01147	0.02959	0.76934	0.01630	0.02476	0.01328	0.02113	0.01811	0.01208	0.01811	0.01026	0.01208	0.00725	0.00543	0.00543	0.00181	0.00845	0.00423	0.00242	0.00845
14	0.02972	0.06333	0.72006	0.01582	0.02401	0.01369	0.02031	0.01804	0.01200	0.01807	0.01011	0.01189	0.00723	0.00541	0.00531	0.00178	0.00826	0.00415	0.00244	0.00835
15	0.00793	0.00553	0.00674	0.00694	0.00739	0.00539	0.00446	0.00882	0.01060	0.01438	0.16556	0.19713	0.05458	0.41520	0.06109	0.00423	0.00499	0.01038	0.00444	0.00422
16	0.01324	0.01345	0.05433	0.21189	0.53926	0.01338	0.01709	0.01722	0.03194	0.01783	0.01092	0.01451	0.00886	0.00533	0.00567	0.00176	0.00701	0.00509	0.00282	0.00839
17	0.17076	0.01672	0.01527	0.01232	0.01641	0.13380	0.00998	0.47414	0.04838	0.03031	0.01227	0.01267	0.00900	0.00646	0.00524	0.00170	0.00651	0.00460	0.00490	0.00858
18	0.00740	0.00582	0.00668	0.00647	0.00812	0.00510	0.00485	0.00945	0.01455	0.01905	0.39530	0.04913	0.42138	0.01314	0.00675	0.00187	0.00280	0.01124	0.00578	0.00510
19	0.01186	0.01017	0.01186	0.00847	0.01356	0.00762	0.00678	0.01440	0.01186	0.01864	0.01017	0.01186	0.00847	0.00424	0.00424	0.00085	0.00424	0.00339	0.00339	0.83395
20	0.05310	0.01021	0.01312	0.01009	0.01452	0.00912	0.00829	0.05948	0.04156	0.60298	0.02036	0.01811	0.01319	0.00673	0.00552	0.00168	0.00484	0.00541	0.00646	0.09523
21	0.01706	0.01610	0.02051	0.04435	0.44716	0.12459	0.01486	0.20481	0.01701	0.02237	0.01123	0.01352	0.00895	0.00568	0.00561	0.00168	0.00719	0.00491	0.00358	0.00882
22	0.02174	0.01602	0.01717	0.01316	0.01774	0.01774	0.01087	0.74423	0.02689	0.03605	0.01373	0.01373	0.00973	0.00687	0.00572	0.00172	0.00629	0.00515	0.00572	0.00973
23	0.01335	0.02597	0.54884	0.01839	0.10466	0.07822	0.06000	0.01890	0.01280	0.05083	0.01081	0.01267	0.00784	0.00547	0.00552	0.00178	0.00834	0.00448	0.00274	0.00838
24	0.01732	0.01865	0.01952	0.02256	0.30425	0.28891	0.05300	0.07779	0.10649	0.01898	0.01189	0.01369	0.00952	0.00584	0.00556	0.00166	0.00790	0.00485	0.00347	0.00816
25	0.01056	0.00809	0.00820	0.00759	0.00995	0.04241	0.00582	0.01420	0.11442	0.09605	0.10964	0.04356	0.48369	0.01215	0.00645	0.00188	0.00365	0.01010	0.00554	0.00605
26	0.00676	0.00579	0.00579	0.00579	0.00773	0.00483	0.00435	0.00821	0.01304	0.01545	0.05794	0.05505	0.76098	0.01449	0.00676	0.00193	0.00290	0.01207	0.00531	0.00483
27	0.01748	0.01514	0.01483	0.04035	0.04973	0.13756	0.01025	0.15151	0.39027	0.08350	0.01822	0.01756	0.01351	0.00706	0.00568	0.00180	0.00601	0.00562	0.00519	0.00874
28	0.01165	0.06554	0.73495	0.01600	0.02429	0.01372	0.02061	0.01807	0.01206	0.01790	0.01016	0.01194	0.00725	0.00541	0.00535	0.00178	0.00834	0.00417	0.00242	0.00840
29	0.01773	0.01172	0.03773	0.03149	0.01564	0.01189	0.00945	0.04123	0.41253	0.27048	0.02246	0.02235	0.01643	0.00780	0.00589	0.00191	0.00492	0.04332	0.00601	0.00901
30	0.01456	0.01245	0.01312	0.01171	0.01500	0.01438	0.00913	0.06215	0.72067	0.02447	0.02286	0.02100	0.01712	0.00772	0.00582	0.00193	0.00461	0.00641	0.00582	0.00908

[dist]
# distance from previous block
# <min> <max>
0	16

[block]
# block no. 1 follows, 41 sequences, length 160
# corresponding to MSA columns:
# 470-629
name=unknown_B
#
# <colnr> <probs for GDERKNQSTAVLIFYWHMCP>
#	G	D	E	R	K	N	Q	S	T	A	V	L	I	F	Y	W	H	M	C	P
0	0.00696	0.00500	0.00662	0.00791	0.00828	0.00465	0.00529	0.00797	0.01100	0.01462	0.03214	0.77807	0.05462	0.01784	0.00729	0.00231	0.00331	0.01616	0.00531	0.00465
1	0.01456	0.01379	0.05062	0.07247	0.65252	0.01322	0.01706	0.01803	0.01310	0.06302	0.01141	0.01445	0.00922	0.00526	0.00566	0.00172	0.00679	0.00510	0.00305	0.00893
2	0.01244	0.09197	0.54220	0.01610	0.02339	0.01367	0.11469	0.01807	0.01259	0.04641	0.04760	0.01406	0.01001	0.00568	0.00553	0.00177	0.00799	0.00482	0.00285	0.00816
3	0.00810	0.00585	0.00765	0.00720	0.00855	0.00540	0.00540	0.01079	0.01619	0.02294	0.76028	0.04273	0.05397	0.01169	0.00675	0.00180	0.00270	0.01034	0.00630	0.00540
4	0.00922	0.00658	0.00922	0.01053	0.01185	0.00658	0.00922	0.01185	0.01317	0.01712	0.03029	0.06452	0.03292	0.01580	0.00790	0.00263	0.00527	0.72480	0.00527	0.00527
5	0.01473	0.55387	0.21817	0.01167	0.01745	0.01993	0.01276	0.06450	0.01273	0.01611	0.00892	0.01021	0.00747	0.00516	0.00425	0.00141	0.00673	0.00349	0.00265	0.00778
6	0.02174	0.01602	0.01717	0.01316	0.01774	0.01774	0.01087	0.74423	0.02689	0.03605	0.01373	0.01373	0.00973	0.00687	0.00572	0.00172	0.00629	0.00515	0.00572	0.00973
7	0.00697	0.00498	0.00664	0.00796	0.00830	0.00465	0.00531	0.00796	0.01095	0.01460	0.03153	0.79525	0.03783	0.01792	0.00730	0.00232	0.00332	0.01626	0.00531	0.00465
8	0.01411	0.01371	0.02390	0.03440	0.71577	0.01365	0.06454	0.01760	0.01306	0.01866	0.01081	0.01424	0.00904	0.00508	0.00573	0.00171	0.00698	0.00520	0.00284	0.00897
9	0.01270	0.01893	0.24429	0.03844	0.08752	0.01371	0.43647	0.01779	0.01293	0.01810	0.01173	0.03888	0.00919	0.00545	0.00628	0.00189	0.00883	0.00615	0.00282	0.00791
10	0.01147	0.02959	0.76934	0.01630	0.02476	0.01328	0.02113	0.01811	0.01208	0.01811	0.01026	0.01208	0.00725	0.00543	0.00543	0.00181	0.00845	0.00423	0.00242	0.00845
11	0.01423	0.01229	0.01293	0.01164	0.01487	0.01423	0.00905	0.03039	0.75297	0.02393	0.02328	0.02134	0.01746	0.00776	0.00582	0.00194	0.00453	0.00647	0.00582	0.00905
12	0.01470	0.01488	0.02820	0.07228	0.09828	0.01494	0.47249	0.13734	0.01531	0.02083	0.01158	0.01488	0.00877	0.00548	0.00695	0.00190	0.04371	0.00614	0.00331	0.00802
13	0.69521	0.04641	0.11033	0.00878	0.01303	0.01330	0.00833	0.01700	0.01012	0.02415	0.00827	0.00966	0.00638	0.00531	0.00380	0.00175	0.00503	0.00325	0.00335	0.00654
14	0.00696	0.00503	0.00658	0.00782	0.00826	0.00466	0.00525	0.00798	0.01109	0.01466	0.03324	0.74728	0.08470	0.01770	0.00727	0.00230	0.00329	0.01599	0.00531	0.00466
15	0.01350	0.01543	0.03375	0.02411	0.02989	0.01446	0.74253	0.01832	0.01350	0.01832	0.01157	0.01543	0.00868	0.00482	0.00675	0.00193	0.00964	0.00675	0.00289	0.00771
16	0.01336	0.01651	0.15684	0.07807	0.46517	0.01362	0.13747	0.01759	0.01283	0.01826	0.01077	0.01407	0.00858	0.00515	0.00580	0.00177	0.00761	0.00521	0.00275	0.00856
17	0.01233	0.20287	0.60357	0.01484	0.02250	0.01538	0.01859	0.01789	0.01197	0.01707	0.00975	0.01143	0.00727	0.00531	0.00504	0.00168	0.00793	0.00396	0.00242	0.00820
18	0.01416	0.01359	0.02322	0.03511	0.76330	0.01359	0.01755	0.01755	0.01302	0.01869	0.01076	0.01416	0.00906	0.00510	0.00566	0.00170	0.00680	0.00510	0.00283	0.00906
19	0.01147	0.02959	0.76934	0.01630	0.02476	0.01328	0.02113	0.01811	0.01208	0.01811	0.01026	0.01208	0.00725	0.00543	0.00543	0.00181	0.00845	0.00423	0.00242	0.00845
20	0.07227	0.01472	0.01587	0.01498	0.11962	0.07524	0.01064	0.41711	0.02092	0.06379	0.04197	0.01648	0.04008	0.00691	0.00553	0.00169	0.00607	0.00538	0.04213	0.00862
21	0.01255	0.01232	0.02208	0.33846	0.33944	0.01320	0.13001	0.01630	0.01241	0.01689	0.01104	0.02956	0.00896	0.00555	0.00589	0.00183	0.00751	0.00556	0.00277	0.00766
22	0.01147	0.02959	0.76934	0.01630	0.02476	0.01328	0.02113	0.01811	0.01208	0.01811	0.01026	0.01208	0.00725	0.00543	0.00543	0.00181	0.00845	0.00423	0.00242	0.00845
23	0.01429	0.01384	0.02309	0.03473	0.74942	0.02779	0.01743	0.01765	0.01308	0.01860	0.01072	0.01409	0.00903	0.00511	0.00565	0.00169	0.00686	0.00507	0.00283	0.00902
24	0.01147	0.02959	0.76934	0.01630	0.02476	0.01328	0.02113	0.01811	0.01208	0.01811	0.01026	0.01208	0.00725	0.00543	0.00543	0.00181	0.00845	0.00423	0.00242	0.00845
25	0.00697	0.00498	0.00664	0.00796	0.00830	0.00465	0.00531	0.00796	0.01095	0.01460	0.03153	0.79525	0.03783	0.01792	0.00730	0.00232	0.00332	0.01626	0.00531	0.00465
26	0.00898	0.00642	0.00895	0.01027	0.01148	0.00638	0.00881	0.01144	0.01294	0.01685	0.03041	0.14089	0.03343	0.01602	0.00784	0.00260	0.00506	0.65075	0.00527	0.00520
27	0.36676	0.07301	0.37923	0.01201	0.01802	0.01373	0.01374	0.01772	0.02514	0.02115	0.00937	0.01086	0.00700	0.00539	0.00451	0.00176	0.00649	0.00371	0.00296	0.00742
28	0.00790	0.00540	0.00633	0.00669	0.00685	0.00528	0.00399	0.00822	0.00920	0.01219	0.02311	0.24206	0.05223	0.56028	0.02243	0.00455	0.00485	0.01059	0.00403	0.00383
29	0.02098	0.01657	0.01629	0.01283	0.01701	0.10075	0.01045	0.61712	0.02475	0.03266	0.01351	0.01385	0.00979	0.00675	0.00555	0.00166	0.00650	0.00500	0.05888	0.00910
30	0.01416	0.01359	0.02322	0.03511	0.76330	0.01359	0.01755	0.01755	0.01302	0.01869	0.01076	0.01416	0.00906	0.00510	0.00566	0.00170	0.00680	0.00510	0.00283	0.00906
31	0.05686	0.01293	0.01437	0.01159	0.01552	0.01388	0.00938	0.37884	0.14532	0.18662	0.01842	0.08005	0.01412	0.00790	0.00578	0.00182	0.00537	0.00632	0.00589	0.00904
32	0.00810	0.00585	0.00765	0.00720	0.00855	0.00540	0.00540	0.01079	0.01619	0.02294	0.76028	0.04273	0.05397	0.01169	0.00675	0.00180	0.00270	0.01034	0.00630	0.00540
33	0.02137	0.02726	0.01621	0.01474	0.01768	0.77602	0.01105	0.02284	0.01621	0.01400	0.00884	0.01031	0.00737	0.00589	0.00516	0.00147	0.01031	0.00368	0.00295	0.00663
34	0.01190	0.11606	0.68662	0.01557	0.02363	0.01433	0.01986	0.01800	0.01203	0.01759	0.01001	0.01175	0.00726	0.00537	0.00524	0.00175	0.00819	0.00410	0.00242	0.00833
35	0.02258	0.01042	0.01318	0.01057	0.01467	0.00997	0.00858	0.02855	0.21465	0.56717	0.02276	0.01997	0.01505	0.00726	0.00577	0.00182	0.00478	0.00594	0.00674	0.00955
36	0.01080	0.01017	0.01716	0.78523	0.03940	0.01271	0.01589	0.01461	0.01144	0.01461	0.01017	0.01525	0.00762	0.00572	0.00572	0.00191	0.00762	0.00508	0.00254	0.00635
37	0.02174	0.01602	0.01717	0.01316	0.01774	0.01774	0.01087	0.74423	0.02689	0.03605	0.01373	0.01373	0.00973	0.00687	0.00572	0.00172	0.00629	0.00515	0.00572	0.00973
38	0.01359	0.05022	0.02299	0.16466	0.56528	0.01390	0.05256	0.01706	0.01270	0.01771	0.01056	0.01418	0.00871	0.00518	0.00563	0.00172	0.00705	0.00508	0.00277	0.00844
39	0.00917	0.00653	0.00908	0.01033	0.01159	0.00653	0.00895	0.01168	0.01294	0.01683	0.02971	0.06324	0.03235	0.05267	0.00890	0.00277	0.00528	0.69107	0.00518	0.00518
40	0.01497	0.73721	0.09236	0.01034	0.01553	0.02184	0.01074	0.01721	0.01166	0.01385	0.00815	0.00942	0.00733	0.00494	0.00382	0.00127	0.00631	0.00316	0.00244	0.00743
41	0.00790	0.00574	0.00744	0.00722	0.00848	0.00528	0.00534	0.01034	0.01543	0.02161	0.64157	0.13024	0.08689	0.01255	0.00681	0.00187	0.00278	0.01111	0.00613	0.00528
42	0.02566	0.00973	0.01327	0.01018	0.01460	0.00841	0.00841	0.02788	0.01637	0.76726	0.02257	0.01947	0.01416	0.00708	0.00575	0.00177	0.00487	0.00575	0.00708	0.00973
43	0.01353	0.01534	0.03326	0.02463	0.06442	0.01442	0.70839	0.01829	0.01348	0.01834	0.01153	0.01537	0.00870	0.00483	0.00670	0.00192	0.00951	0.00667	0.00289	0.00778
44	0.02200	0.01561	0.01691	0.01297	0.01753	0.01713	0.01071	0.69780	0.02621	0.08344	0.01431	0.01410	0.01001	0.00688	0.00572	0.00172	0.00620	0.00519	0.00581	0.00973
45	0.01147	0.02959	0.76934	0.01630	0.02476	0.01328	0.02113	0.01811	0.01208	0.01811	0.01026	0.01208	0.00725	0.00543	0.00543	0.00181	0.00845	0.00423	0.00242	0.00845
46	0.00697	0.00498	0.00664	0.00796	0.00830	0.00465	0.00531	0.00796	0.01095	0.01460	0.03153	0.79525	0.03783	0.01792	0.00730	0.00232	0.00332	0.01626	0.00531	0.00465
47	0.05418	0.76508	0.02896	0.00968	0.01451	0.02217	0.00962	0.01711	0.01153	0.01403	0.00795	0.00918	0.00729	0.00491	0.00366	0.00125	0.00604	0.00306	0.00250	0.00729
48	0.00678	0.00572	0.00587	0.00600	0.00778	0.00481	0.00444	0.00819	0.01284	0.01537	0.05545	0.12483	0.69280	0.01481	0.00681	0.00197	0.00294	0.01247	0.00531	0.00481
49	0.00817	0.00613	0.00919	0.00919	0.01021	0.00715	0.00715	0.01021	0.00919	0.01328	0.01532	0.02247	0.01430	0.04290	0.77631	0.00919	0.01532	0.00613	0.00306	0.00511
50	0.00697	0.00498	0.00664	0.00796	0.00830	0.00465	0.00531	0.00796	0.01095	0.01460	0.03153	0.79525	0.03783	0.01792	0.00730	0.00232	0.00332	0.01626	0.00531	0.00465
51	0.02105	0.01567	0.01689	0.02754	0.01796	0.01742	0.01085	0.68428	0.07366	0.03486	0.01428	0.01425	0.01019	0.00690	0.00573	0.00173	0.00620	0.00523	0.00567	0.00962
52	0.03876	0.01043	0.01745	0.65875	0.03586	0.01274	0.05829	0.01483	0.01142	0.01541	0.01037	0.01517	0.00788	0.00584	0.00612	0.00190	0.03598	0.00512	0.03128	0.00639
53	0.01213	0.01195	0.01679	0.01450	0.01459	0.01661	0.01204	0.01345	0.00880	0.01372	0.00820	0.01339	0.00811	0.01291	0.08545	0.00309	0.72046	0.00510	0.00255	0.00616
54	0.02101	0.02659	0.01655	0.01574	0.05436	0.73851	0.01137	0.02258	0.01605	0.01423	0.00894	0.01050	0.00745	0.00586	0.00518	0.00148	0.01014	0.00375	0.00294	0.00675
55	0.01505	0.01401	0.01331	0.01200	0.01520	0.10203	0.00928	0.02952	0.66804	0.02278	0.02162	0.02007	0.01630	0.00755	0.00574	0.00189	0.00519	0.00615	0.00549	0.00877
56	0.02566	0.00973	0.01327	0.01018	0.01460	0.00841	0.00841	0.02788	0.01637	0.76726	0.02257	0.01947	0.01416	0.00708	0.00575	0.00177	0.00487	0.00575	0.00708	0.00973
57	0.00812	0.00576	0.00739	0.00732	0.00859	0.00527	0.00539	0.01033	0.01476	0.03622	0.51172	0.19511	0.12492	0.01321	0.00686	0.00193	0.00293	0.02291	0.00599	0.00528
58	0.02048	0.01608	0.01641	0.01300	0.01726	0.06230	0.01058	0.58373	0.14583	0.03274	0.01501	0.01478	0.01086	0.00696	0.00570	0.00174	0.00624	0.00528	0.00557	0.00943
59	0.01350	0.01543	0.03375	0.02411	0.02989	0.01446	0.74253	0.01832	0.01350	0.01832	0.01157	0.01543	0.00868	0.00482	0.00675	0.00193	0.00964	0.00675	0.00289	0.00771
60	0.00697	0.00498	0.00664	0.00796	0.00830	0.00465	0.00531	0.00796	0.01095	0.01460	0.03153	0.79525	0.03783	0.01792	0.00730	0.00232	0.00332	0.01626	0.00531	0.00465
61	0.03474	0.07085	0.05230	0.02976	0.01778	0.28554	0.01111	0.27658	0.12435	0.02356	0.01264	0.01318	0.00961	0.00640	0.00535	0.00164	0.00755	0.00460	0.00428	0.00818
62	0.01442	0.01492	0.09728	0.02751	0.48631	0.01346	0.05924	0.02025	0.13341	0.05628	0.01337	0.01545	0.01047	0.00564	0.00573	0.00177	0.00667	0.00536	0.00349	0.00895
63	0.02566	0.00973	0.01327	0.01018	0.01460	0.00841	0.00841	0.02788	0.01637	0.76726	0.02257	0.01947	0.01416	0.00708	0.00575	0.00177	0.00487	0.00575	0.00708	0.00973
64	0.01449	0.01429	0.02310	0.03389	0.71164	0.05047	0.03267	0.01783	0.01319	0.01845	0.01068	0.01400	0.00897	0.00513	0.00566	0.00169	0.00703	0.00506	0.00284	0.00891
65	0.05157	0.04036	0.52566	0.01754	0.05130	0.01392	0.13826	0.06128	0.01311	0.01950	0.01055	0.01261	0.00765	0.00539	0.00555	0.00181	0.00822	0.00465	0.00276	0.00830
66	0.02378	0.01015	0.01322	0.01042	0.01465	0.00937	0.00851	0.02829	0.13767	0.64485	0.02268	0.01978	0.01470	0.00719	0.00576	0.00180	0.00481	0.00587	0.00687	0.00962
67	0.00697	0.00498	0.00664	0.00796	0.00830	0.00465	0.00531	0.00796	0.01095	0.01460	0.03153	0.79525	0.03783	0.01792	0.00730	0.00232	0.00332	0.01626	0.00531	0.00465
68	0.01140	0.01056	0.01578	0.01300	0.01621	0.03745	0.20655	0.01656	0.14432	0.04156	0.03173	0.05098	0.25278	0.01039	0.00668	0.00202	0.00571	0.11497	0.00471	0.00664
69	0.01969	0.01206	0.05813	0.01120	0.01533	0.01131	0.00945	0.02842	0.34671	0.38904	0.02215	0.01987	0.01523	0.00729	0.00576	0.00185	0.00493	0.00598	0.00624	0.00935
70	0.02148	0.01067	0.01315	0.01071	0.01470	0.01053	0.00864	0.02880	0.28556	0.49561	0.02283	0.02015	0.01537	0.00733	0.00578	0.00183	0.00474	0.00601	0.00662	0.00949
71	0.02066	0.01514	0.01634	0.01268	0.01701	0.01668	0.01042	0.65581	0.05872	0.04764	0.05876	0.01590	0.01279	0.00720	0.00579	0.00173	0.00598	0.00553	0.00578	0.00944
72	0.05227	0.20117	0.50645	0.01414	0.02117	0.04948	0.01697	0.01840	0.01221	0.04441	0.01002	0.01148	0.00747	0.00539	0.00495	0.00166	0.00769	0.00394	0.00267	0.00806
73	0.01423	0.01229	0.01293	0.01164	0.01487	0.01423	0.00905	0.03039	0.75297	0.02393	0.02328	0.02134	0.01746	0.00776	0.00582	0.00194	0.00453	0.00647	0.00582	0.00905
74	0.00696	0.00501	0.00660	0.00787	0.00827	0.00465	0.00527	0.00798	0.01104	0.01464	0.03271	0.76196	0.07035	0.01777	0.00728	0.00231	0.00330	0.01607	0.00531	0.00465
75	0.01354	0.01309	0.02269	0.16419	0.60213	0.01348	0.05293	0.01708	0.01277	0.01797	0.01070	0.01441	0.00879	0.00519	0.00573	0.00175	0.00708	0.00518	0.00278	0.00853
76	0.01178	0.06343	0.68842	0.01652	0.02464	0.01378	0.06738	0.01808	0.01215	0.01792	0.01025	0.01216	0.00734	0.00537	0.00544	0.00179	0.00843	0.00434	0.00245	0.00836
77	0.01080	0.01017	0.01716	0.78523	0.03940	0.01271	0.01589	0.01461	0.01144	0.01461	0.01017	0.01525	0.00762	0.00572	0.00572	0.00191	0.00762	0.00508	0.00254	0.00635
78	0.01278	0.01218	0.02055	0.26286	0.50661	0.01291	0.01642	0.01622	0.01254	0.01729	0.01280	0.01642	0.04402	0.00573	0.00573	0.00177	0.00687	0.00542	0.00286	0.00803
79	0.02337	0.00987	0.01300	0.01013	0.01438	0.00881	0.00829	0.02691	0.08439	0.63815	0.04523	0.02000	0.01544	0.00715	0.00572	0.00174	0.00474	0.00585	0.00676	0.05008
80	0.02512	0.00985	0.01326	0.01025	0.01461	0.00868	0.00844	0.02799	0.05105	0.73226	0.02260	0.01956	0.01431	0.00711	0.00576	0.00178	0.00485	0.00579	0.00702	0.00970
81	0.00676	0.00579	0.00579	0.00579	0.00773	0.00483	0.00435	0.00821	0.01304	0.01545	0.05794	0.05505	0.76098	0.01449	0.00676	0.00193	0.00290	0.01207	0.00531	0.00483
82	0.19076	0.01203	0.01823	0.25165	0.38671	0.01317	0.01461	0.01652	0.01185	0.01898	0.00998	0.01343	0.00802	0.00533	0.00522	0.00178	0.00653	0.00466	0.00290	0.00764
83	0.01472	0.61382	0.18283	0.01132	0.01688	0.04820	0.01219	0.01754	0.01188	0.01444	0.00846	0.00982	0.00732	0.00504	0.00409	0.00135	0.00675	0.00332	0.00246	0.00755
84	0.00690	0.00547	0.00623	0.00681	0.00806	0.00479	0.00486	0.00819	0.01216	0.01513	0.04620	0.36652	0.44029	0.01596	0.00701	0.00211	0.00313	0.03009	0.00531	0.00476
85	0.01252	0.07664	0.53968	0.01744	0.02490	0.04340	0.16991	0.01827	0.01250	0.01770	0.01033	0.01252	0.00755	0.00529	0.00558	0.00178	0.00862	0.00465	0.00254	0.00816
86	0.11590	0.01037	0.04693	0.00989	0.02555	0.00942	0.00814	0.05490	0.09359	0.30933	0.15387	0.02546	0.09565	0.00839	0.00575	0.00181	0.00446	0.00685	0.00585	0.00790
87	0.01402	0.01346	0.02264	0.04617	0.70029	0.01378	0.01712	0.01756	0.02677	0.01848	0.01083	0.01423	0.00912	0.00540	0.00631	0.00175	0.04522	0.00512	0.00287	0.00888
88	0.00691	0.00520	0.00641	0.00738	0.00814	0.00470	0.00505	0.00803	0.01151	0.01483	0.03864	0.59600	0.23249	0.01700	0.00716	0.00222	0.00321	0.01513	0.00531	0.00470
89	0.01186	0.01017	0.01186	0.00847	0.01356	0.00762	0.00678	0.01440	0.01186	0.01864	0.01017	0.01186	0.00847	0.00424	0.00424	0.00085	0.00424	0.00339	0.00339	0.83395
90	0.01408	0.01472	0.06620	0.02097	0.08640	0.01349	0.44008	0.04164	0.06154	0.06351	0.01360	0.05054	0.01082	0.00604	0.00685	0.00189	0.03943	0.00658	0.00350	0.03811
91	0.01656	0.04161	0.01612	0.03756	0.08171	0.04776	0.05362	0.13999	0.28944	0.12126	0.02101	0.02044	0.07234	0.00740	0.00580	0.00181	0.00564	0.00621	0.00514	0.00858
92	0.01155	0.02904	0.74112	0.01660	0.02495	0.01333	0.04881	0.01812	0.01213	0.01812	0.01031	0.01220	0.00730	0.00541	0.00548	0.00182	0.00850	0.00432	0.00243	0.00842
93	0.01198	0.01355	0.06844	0.08465	0.06041	0.01312	0.35758	0.01558	0.01219	0.01693	0.04039	0.11656	0.01374	0.00776	0.00862	0.00205	0.13883	0.00745	0.00320	0.00698
94	0.01205	0.12138	0.63693	0.01599	0.02385	0.01447	0.06272	0.01801	0.01211	0.01757	0.01007	0.01193	0.00734	0.00533	0.00530	0.00175	0.00824	0.00424	0.00245	0.00828
95	0.00697	0.00498	0.00664	0.00796	0.00830	0.00465	0.00531	0.00796	0.01095	0.01460	0.03153	0.79525	0.03783	0.01792	0.00730	0.00232	0.00332	0.01626	0.00531	0.00465
96	0.01397	0.01351	0.02340	0.07001	0.69615	0.01359	0.05008	0.01745	0.01297	0.01848	0.01077	0.01427	0.00898	0.00511	0.00571	0.00172	0.00696	0.00517	0.00282	0.00887
97	0.01256	0.02300	0.46195	0.02254	0.26683	0.01347	0.04573	0.01852	0.04740	0.01858	0.01109	0.01332	0.00838	0.00541	0.00558	0.00178	0.00777	0.00471	0.00273	0.00865
98	0.01435	0.18886	0.02560	0.02857	0.53590	0.01567	0.07634	0.01752	0.01275	0.01750	0.01020	0.01316	0.00865	0.00503	0.00531	0.00161	0.00688	0.00478	0.00275	0.00857
99	0.01157	0.02889	0.73316	0.01669	0.02501	0.01334	0.05662	0.01812	0.01215	0.01812	0.01033	0.01224	0.00732	0.00540	0.00550	0.00182	0.00851	0.00435	0.00244	0.00842
100	0.05369	0.01632	0.07919	0.11807	0.40551	0.13593	0.01535	0.04433	0.01374	0.01852	0.03876	0.01434	0.01006	0.00565	0.00551	0.00170	0.00731	0.00491	0.00305	0.00804
101	0.01234	0.02682	0.64437	0.01814	0.09564	0.01317	0.04429	0.01844	0.01238	0.04661	0.01082	0.01267	0.00773	0.00544	0.00551	0.00180	0.00820	0.00445	0.00265	0.00854
102	0.00697	0.00498	0.00664	0.00796	0.00830	0.00465	0.00531	0.00796	0.01095	0.01460	0.03153	0.79525	0.03783	0.01792	0.00730	0.00232	0.00332	0.01626	0.00531	0.00465
103	0.01252	0.02227	0.38904	0.02034	0.02741	0.01389	0.39410	0.01822	0.01281	0.01822	0.01094	0.01381	0.00799	0.00512	0.00611	0.00187	0.00907	0.00553	0.00266	0.00807
104	0.01453	0.01478	0.03733	0.03130	0.56662	0.04173	0.14547	0.04425	0.01371	0.01907	0.01093	0.01419	0.00892	0.00515	0.00584	0.00173	0.00744	0.00532	0.00294	0.00875
105	0.00703	0.00512	0.00663	0.00776	0.00831	0.00473	0.00529	0.00815	0.01138	0.01500	0.05719	0.68032	0.11382	0.01732	0.00724	0.00227	0.00329	0.02912	0.00534	0.00470
106	0.01314	0.01059	0.01224	0.01214	0.06185	0.01161	0.00883	0.06592	0.42189	0.04586	0.08614	0.10121	0.05585	0.00967	0.00621	0.00198	0.00450	0.05685	0.00559	0.00794
107	0.01395	0.01554	0.07264	0.02774	0.32867	0.01416	0.37696	0.04433	0.01371	0.01910	0.01124	0.01465	0.00879	0.00504	0.00619	0.00182	0.00829	0.00587	0.00294	0.00838
108	0.01209	0.02438	0.56648	0.01530	0.02237	0.01244	0.06117	0.01870	0.06335	0.05268	0.08408	0.01620	0.01284	0.00623	0.00568	0.00182	0.00754	0.00519	0.00326	0.00821
109	0.01267	0.16567	0.61086	0.01493	0.02260	0.01476	0.01866	0.01830	0.01215	0.04464	0.01030	0.01183	0.00751	0.00540	0.00513	0.00171	0.00791	0.00408	0.00259	0.00830
110	0.01250	0.01107	0.01039	0.01052	0.05608	0.13927	0.00747	0.04256	0.06813	0.07942	0.03590	0.11606	0.34291	0.01146	0.00632	0.00188	0.00493	0.03188	0.00496	0.00629
111	0.04399	0.12775	0.10486	0.01659	0.09299	0.42968	0.05607	0.03429	0.01465	0.01590	0.00930	0.01108	0.00761	0.00557	0.00510	0.00154	0.00889	0.00400	0.00288	0.00728
112	0.01153	0.00816	0.00866	0.00824	0.00974	0.04353	0.00576	0.01508	0.14242	0.09776	0.02580	0.15562	0.10647	0.30428	0.01476	0.00329	0.00480	0.00915	0.01928	0.00567
113	0.01325	0.04159	0.02251	0.23539	0.49357	0.01374	0.06381	0.01680	0.01258	0.01738	0.01055	0.01435	0.00859	0.00524	0.00568	0.00175	0.00718	0.00513	0.00274	0.00818
114	0.07171	0.06818	0.10358	0.01272	0.01718	0.08010	0.01139	0.39415	0.02019	0.07183	0.04597	0.01426	0.01100	0.00678	0.00606	0.00172	0.04499	0.00491	0.00470	0.00857
115	0.00837	0.00714	0.03666	0.00937	0.01072	0.00632	0.05014	0.03655	0.01269	0.01733	0.16945	0.49801	0.03590	0.01622	0.04325	0.00249	0.00447	0.02444	0.00516	0.00533
116	0.00810	0.00585	0.00765	0.00720	0.00855	0.00540	0.00540	0.01079	0.01619	0.02294	0.76028	0.04273	0.05397	0.01169	0.00675	0.00180	0.00270	0.01034	0.00630	0.00540
117	0.06127	0.01158	0.01826	0.42651	0.02927	0.01440	0.08108	0.04254	0.01137	0.01619	0.00956	0.01410	0.00768	0.00684	0.00929	0.00206	0.22358	0.00510	0.00274	0.00657
118	0.01467	0.54670	0.22567	0.01184	0.01755	0.06897	0.01289	0.01776	0.01204	0.01473	0.00862	0.01002	0.00732	0.00510	0.00424	0.00140	0.00701	0.00341	0.00247	0.00759
119	0.00779	0.00533	0.00709	0.00823	0.00885	0.00498	0.00579	0.00901	0.01144	0.03858	0.03211	0.66477	0.06401	0.01722	0.00730	0.00232	0.00356	0.09139	0.00536	0.00488
120	0.00940	0.00769	0.01164	0.29402	0.01975	0.00856	0.04452	0.01110	0.00990	0.01298	0.01573	0.07969	0.01651	0.41479	0.01792	0.00381	0.00636	0.00759	0.00322	0.00482
121	0.01340	0.01520	0.03278	0.04144	0.02957	0.01453	0.69918	0.01807	0.01328	0.01807	0.01139	0.01532	0.00861	0.00503	0.00716	0.00195	0.03785	0.00665	0.00287	0.00763
122	0.01416	0.01359	0.02322	0.03511	0.76330	0.01359	0.01755	0.01755	0.01302	0.01869	0.01076	0.01416	0.00906	0.00510	0.00566	0.00170	0.00680	0.00510	0.00283	0.00906
123	0.00807	0.00583	0.00762	0.00721	0.00854	0.00538	0.00540	0.01073	0.01607	0.02275	0.74366	0.05989	0.05360	0.01184	0.00676	0.00181	0.00271	0.01048	0.00627	0.00538
124	0.01277	0.11920	0.63747	0.01517	0.02297	0.01409	0.01904	0.01858	0.01228	0.06217	0.01073	0.01218	0.00767	0.00547	0.00525	0.00174	0.00797	0.00418	0.00270	0.00840
125	0.01147	0.02959	0.76934	0.01630	0.02476	0.01328	0.02113	0.01811	0.01208	0.01811	0.01026	0.01208	0.00725	0.00543	0.00543	0.00181	0.00845	0.00423	0.00242	0.00845
126	0.02566	0.00973	0.01327	0.01018	0.01460	0.00841	0.00841	0.02788	0.01637	0.76726	0.02257	0.01947	0.01416	0.00708	0.00575	0.00177	0.00487	0.00575	0.00708	0.00973
127	0.01388	0.01331	0.02271	0.09763	0.70296	0.01352	0.01742	0.01731	0.01289	0.01835	0.01071	0.01425	0.00894	0.00515	0.00567	0.00172	0.00686	0.00510	0.00281	0.00883
128	0.02174	0.01602	0.01717	0.01316	0.01774	0.01774	0.01087	0.74423	0.02689	0.03605	0.01373	0.01373	0.00973	0.00687	0.00572	0.00172	0.00629	0.00515	0.00572	0.00973
129	0.02174	0.01602	0.01717	0.01316	0.01774	0.01774	0.01087	0.74423	0.02689	0.03605	0.01373	0.01373	0.00973	0.00687	0.00572	0.00172	0.00629	0.00515	0.00572	0.00973
130	0.00730	0.00549	0.00793	0.00871	0.00932	0.00512	0.04010	0.00850	0.01116	0.01492	0.04335	0.74526	0.03674	0.01719	0.00727	0.00230	0.00361	0.01571	0.00521	0.00480
131	0.02464	0.01137	0.01429	0.01095	0.01542	0.01084	0.00905	0.21447	0.01911	0.57679	0.02026	0.01797	0.01300	0.00702	0.00574	0.00176	0.00524	0.00560	0.00673	0.00973
132	0.01421	0.01015	0.01318	0.01163	0.01448	0.01051	0.05650	0.19332	0.08771	0.08569	0.11685	0.03820	0.03683	0.01088	0.00675	0.00211	0.00533	0.27285	0.00556	0.00725
133	0.02079	0.02631	0.01629	0.01475	0.01751	0.72686	0.01115	0.02225	0.01573	0.01398	0.00876	0.01046	0.00738	0.00616	0.00604	0.00154	0.06075	0.00377	0.00292	0.00661
134	0.01115	0.01061	0.01776	0.67380	0.07132	0.01317	0.02844	0.01475	0.01133	0.01480	0.01000	0.01498	0.00770	0.00602	0.00680	0.00195	0.07125	0.00511	0.00256	0.00650
135	0.02174	0.01602	0.01717	0.01316	0.01774	0.01774	0.01087	0.74423	0.02689	0.03605	0.01373	0.01373	0.00973	0.00687	0.00572	0.00172	0.00629	0.00515	0.00572	0.00973
136	0.01080	0.01017	0.01716	0.78523	0.03940	0.01271	0.01589	0.01461	0.01144	0.01461	0.01017	0.01525	0.00762	0.00572	0.00572	0.00191	0.00762	0.00508	0.00254	0.00635
137	0.79071	0.01136	0.00893	0.00786	0.01146	0.01312	0.00647	0.06012	0.01076	0.02628	0.00831	0.00956	0.00640	0.00540	0.00367	0.00177	0.00454	0.00322	0.00367	0.00640
138	0.01382	0.01325	0.02261	0.11056	0.69048	0.01350	0.01739	0.01726	0.01286	0.01828	0.01070	0.01427	0.00892	0.00516	0.00567	0.00172	0.00688	0.00510	0.00280	0.00879
139	0.00810	0.00585	0.00765	0.00720	0.00855	0.00540	0.00540	0.01079	0.01619	0.02294	0.76028	0.04273	0.05397	0.01169	0.00675	0.00180	0.00270	0.01034	0.00630	0.00540
140	0.00697	0.00498	0.00664	0.00796	0.00830	0.00465	0.00531	0.00796	0.01095	0.01460	0.03153	0.79525	0.03783	0.01792	0.00730	0.00232	0.00332	0.01626	0.00531	0.00465
141	0.01479	0.62687	0.17035	0.01121	0.01671	0.04836	0.01200	0.01752	0.01188	0.01436	0.00843	0.00977	0.00732	0.00503	0.00406	0.00134	0.00672	0.00330	0.00246	0.00753
142	0.02498	0.00989	0.01325	0.01026	0.01462	0.00875	0.00845	0.02803	0.06022	0.72301	0.02261	0.01958	0.01436	0.00712	0.00576	0.00178	0.00485	0.00579	0.00700	0.00969
143	0.00693	0.00544	0.00628	0.00684	0.00803	0.00478	0.00483	0.00826	0.01231	0.01553	0.08915	0.38023	0.39943	0.01583	0.00700	0.00210	0.00307	0.01381	0.00537	0.00478
144	0.00755	0.00599	0.00693	0.00743	0.00907	0.00537	0.00595	0.00934	0.01294	0.01592	0.04748	0.10601	0.48385	0.01512	0.00716	0.00218	0.00367	0.23776	0.00530	0.00496
145	0.01394	0.01608	0.08046	0.02294	0.02884	0.01410	0.66113	0.01876	0.01354	0.05365	0.01201	0.01540	0.00884	0.00497	0.00662	0.00191	0.00934	0.00654	0.00306	0.00786
146	0.01214	0.02220	0.41102	0.01930	0.02619	0.01337	0.33496	0.01771	0.01264	0.01803	0.01188	0.05207	0.00938	0.00578	0.00610	0.00189	0.00872	0.00592	0.00277	0.00794
147	0.01416	0.01359	0.02322	0.03511	0.76330	0.01359	0.01755	0.01755	0.01302	0.01869	0.01076	0.01416	0.00906	0.00510	0.00566	0.00170	0.00680	0.00510	0.00283	0.00906
148	0.01410	0.01328	0.02218	0.12734	0.63810	0.01368	0.01703	0.05148	0.01348	0.01900	0.01083	0.01427	0.00891	0.00526	0.00567	0.00173	0.00687	0.00510	0.00293	0.00876
149	0.02174	0.01602	0.01717	0.01316	0.01774	0.01774	0.01087	0.74423	0.02689	0.03605	0.01373	0.01373	0.00973	0.00687	0.00572	0.00172	0.00629	0.00515	0.00572	0.00973
150	0.83938	0.01106	0.00841	0.00752	0.01106	0.01283	0.00619	0.01681	0.00973	0.02566	0.00796	0.00929	0.00619	0.00531	0.00354	0.00177	0.00442	0.00310	0.00354	0.00619
151	0.01297	0.01182	0.01874	0.46901	0.22254	0.01373	0.01560	0.09697	0.01345	0.01802	0.01059	0.01467	0.00822	0.00589	0.00632	0.00186	0.04411	0.00509	0.00297	0.00742
152	0.00676	0.00579	0.00579	0.00579	0.00773	0.00483	0.00435	0.00821	0.01304	0.01545	0.05794	0.05505	0.76098	0.01449	0.00676	0.00193	0.00290	0.01207	0.00531	0.00483
153	0.01250	0.01055	0.01220	0.00878	0.01383	0.00828	0.00704	0.06170	0.01284	0.01977	0.01040	0.01198	0.00855	0.00441	0.00433	0.00090	0.00437	0.00350	0.00354	0.78053
154	0.83938	0.01106	0.00841	0.00752	0.01106	0.01283	0.00619	0.01681	0.00973	0.02566	0.00796	0.00929	0.00619	0.00531	0.00354	0.00177	0.00442	0.00310	0.00354	0.00619
155	0.00676	0.00579	0.00579	0.00579	0.00773	0.00483	0.00435	0.00821	0.01304	0.01545	0.05794	0.05505	0.76098	0.01449	0.00676	0.00193	0.00290	0.01207	0.00531	0.00483
156	0.00834	0.00636	0.00917	0.00915	0.00993	0.00740	0.00694	0.01002	0.00927	0.01324	0.01681	0.10575	0.01700	0.11146	0.57265	0.00767	0.06320	0.00735	0.00331	0.00497
157	0.83938	0.01106	0.00841	0.00752	0.01106	0.01283	0.00619	0.01681	0.00973	0.02566	0.00796	0.00929	0.00619	0.00531	0.00354	0.00177	0.00442	0.00310	0.00354	0.00619
158	0.01080	0.01017	0.01716	0.78523	0.03940	0.01271	0.01589	0.01461	0.01144	0.01461	0.01017	0.01525	0.00762	0.00572	0.00572	0.00191	0.00762	0.00508	0.00254	0.00635
159	0.00697	0.00498	0.00664	0.00796	0.00830	0.00465	0.00531	0.00796	0.01095	0.01460	0.03153	0.79525	0.03783	0.01792	0.00730	0.00232	0.00332	0.01626	0.00531	0.00465

[dist]
# distance from previous block
# <min> <max>
0	56

[block]
# block no. 2 follows, 41 sequences, length 37
# corresponding to MSA columns:
# 686-722
name=unknown_C
#
# <colnr> <probs for GDERKNQSTAVLIFYWHMCP>
#	G	D	E	R	K	N	Q	S	T	A	V	L	I	F	Y	W	H	M	C	P
0	0.00905	0.00653	0.00899	0.01022	0.01157	0.00647	0.00889	0.01161	0.01316	0.01701	0.03214	0.06388	0.08180	0.01571	0.00782	0.00259	0.00511	0.67695	0.00527	0.00524
1	0.02008	0.01143	0.01669	0.01906	0.27523	0.01101	0.01168	0.02463	0.11658	0.40442	0.01855	0.01788	0.01284	0.00648	0.00573	0.00177	0.00549	0.00562	0.00543	0.00941
2	0.00810	0.00585	0.00765	0.00720	0.00855	0.00540	0.00540	0.01079	0.01619	0.02294	0.76028	0.04273	0.05397	0.01169	0.00675	0.00180	0.00270	0.01034	0.00630	0.00540
3	0.00974	0.00497	0.00740	0.00749	0.00751	0.00495	0.00499	0.00749	0.00769	0.01025	0.01138	0.06961	0.01181	0.01974	0.02134	0.77778	0.00486	0.00573	0.00267	0.00263
4	0.01830	0.01822	0.31452	0.01540	0.08531	0.01116	0.04424	0.02276	0.02900	0.35896	0.01622	0.01594	0.01081	0.00617	0.00566	0.00179	0.00665	0.00514	0.00466	0.00907
5	0.01440	0.01458	0.02261	0.11446	0.56816	0.08273	0.06465	0.01776	0.01317	0.01779	0.01057	0.01401	0.00872	0.00522	0.00569	0.00172	0.00739	0.00508	0.00281	0.00846
6	0.04348	0.01721	0.01993	0.02538	0.42041	0.21126	0.01449	0.09228	0.01486	0.01913	0.01026	0.01285	0.00849	0.00582	0.00635	0.00170	0.06006	0.00467	0.00316	0.00822
7	0.00888	0.00634	0.00883	0.01015	0.01132	0.00629	0.00863	0.01127	0.01283	0.01674	0.03047	0.17459	0.03366	0.01612	0.00781	0.00259	0.00497	0.61807	0.00527	0.00517
8	0.09453	0.03977	0.01555	0.01253	0.01628	0.10857	0.07376	0.05920	0.36068	0.13160	0.01797	0.01730	0.01320	0.00680	0.00552	0.00181	0.00587	0.00555	0.00506	0.00844
9	0.01430	0.01488	0.09496	0.02592	0.46141	0.01298	0.02985	0.09650	0.01425	0.02051	0.01095	0.01352	0.00884	0.00517	0.00542	0.00157	0.00651	0.00475	0.00321	0.15451
10	0.00685	0.00574	0.00596	0.00602	0.00781	0.00485	0.00447	0.00834	0.01308	0.01582	0.09604	0.10404	0.67230	0.01456	0.00680	0.00195	0.00291	0.01225	0.00537	0.00485
11	0.01337	0.01406	0.02747	0.11327	0.02789	0.01362	0.50194	0.04776	0.05559	0.01895	0.01200	0.01528	0.00907	0.00512	0.00625	0.00180	0.00838	0.00610	0.00319	0.09890
12	0.01423	0.01229	0.01293	0.01164	0.01487	0.01423	0.00905	0.03039	0.75297	0.02393	0.02328	0.02134	0.01746	0.00776	0.00582	0.00194	0.00453	0.00647	0.00582	0.00905
13	0.01186	0.01017	0.01186	0.00847	0.01356	0.00762	0.00678	0.01440	0.01186	0.01864	0.01017	0.01186	0.00847	0.00424	0.00424	0.00085	0.00424	0.00339	0.00339	0.83395
14	0.05490	0.02862	0.72943	0.01584	0.02404	0.01326	0.02035	0.01805	0.01195	0.01851	0.01014	0.01193	0.00719	0.00543	0.00533	0.00181	0.00824	0.00417	0.00247	0.00833
15	0.02084	0.09631	0.01750	0.01420	0.01742	0.66525	0.01093	0.06328	0.01640	0.01520	0.00904	0.01041	0.00750	0.00586	0.00506	0.00146	0.00971	0.00371	0.00306	0.00687
16	0.01459	0.01089	0.01169	0.01032	0.01341	0.01201	0.00808	0.07490	0.48095	0.08918	0.02564	0.02413	0.09309	0.00821	0.00571	0.00184	0.00431	0.00677	0.09597	0.00832
17	0.01232	0.01044	0.01211	0.00869	0.01375	0.00810	0.00697	0.04836	0.01256	0.01945	0.01033	0.01195	0.00853	0.00436	0.00431	0.00089	0.00433	0.00347	0.00350	0.79559
18	0.01080	0.01017	0.01716	0.78523	0.03940	0.01271	0.01589	0.01461	0.01144	0.01461	0.01017	0.01525	0.00762	0.00572	0.00572	0.00191	0.00762	0.00508	0.00254	0.00635
19	0.00697	0.00498	0.00664	0.00796	0.00830	0.00465	0.00531	0.00796	0.01095	0.01460	0.03153	0.79525	0.03783	0.01792	0.00730	0.00232	0.00332	0.01626	0.00531	0.00465
20	0.00818	0.00557	0.00620	0.00620	0.00637	0.00548	0.00354	0.00831	0.00873	0.01148	0.02154	0.03899	0.08610	0.72977	0.02714	0.00523	0.00531	0.00865	0.00363	0.00359
21	0.01529	0.80242	0.02997	0.00979	0.01468	0.02263	0.00979	0.01713	0.01162	0.01346	0.00795	0.00918	0.00734	0.00489	0.00367	0.00122	0.00612	0.00306	0.00245	0.00734
22	0.00765	0.00547	0.00742	0.00875	0.00938	0.00523	0.00650	0.00915	0.01162	0.01537	0.03115	0.57311	0.03634	0.01728	0.00748	0.00242	0.00391	0.23165	0.00530	0.00483
23	0.00801	0.00584	0.00753	0.00711	0.00849	0.00536	0.00533	0.01063	0.01599	0.02245	0.71485	0.04352	0.09971	0.01187	0.00675	0.00181	0.00271	0.01046	0.00623	0.00536
24	0.01359	0.01317	0.02173	0.19854	0.58748	0.03142	0.01704	0.01704	0.01275	0.01769	0.01058	0.01430	0.00871	0.00525	0.00566	0.00174	0.00706	0.00506	0.00277	0.00841
25	0.00810	0.00585	0.00765	0.00720	0.00855	0.00540	0.00540	0.01079	0.01619	0.02294	0.76028	0.04273	0.05397	0.01169	0.00675	0.00180	0.00270	0.01034	0.00630	0.00540
26	0.01498	0.01702	0.08801	0.03045	0.58825	0.12593	0.01691	0.01838	0.01341	0.01795	0.01043	0.01341	0.00865	0.00524	0.00557	0.00168	0.00746	0.00481	0.00281	0.00865
27	0.01559	0.76434	0.02930	0.01003	0.01483	0.05965	0.00985	0.01741	0.01185	0.01348	0.00800	0.00923	0.00734	0.00494	0.00374	0.00124	0.00632	0.00309	0.00247	0.00731
28	0.04432	0.15936	0.54795	0.01651	0.08767	0.01489	0.01830	0.01785	0.01199	0.01766	0.00982	0.01166	0.00738	0.00531	0.00508	0.00170	0.00775	0.00406	0.00250	0.00823
29	0.01587	0.01688	0.14036	0.06516	0.33492	0.05398	0.02841	0.18021	0.01628	0.05102	0.03411	0.01467	0.01028	0.00589	0.00567	0.00173	0.00703	0.00511	0.00367	0.00873
30	0.00719	0.00578	0.00624	0.00614	0.00777	0.00502	0.00450	0.00878	0.01331	0.01670	0.20790	0.05080	0.54118	0.08309	0.00873	0.00222	0.00309	0.01136	0.00536	0.00483
31	0.01177	0.01068	0.01716	0.71712	0.03748	0.01315	0.01544	0.07899	0.01280	0.01651	0.01048	0.01512	0.00781	0.00582	0.00572	0.00189	0.00751	0.00509	0.00282	0.00665
32	0.01271	0.01313	0.02456	0.06943	0.02450	0.01182	0.42214	0.01663	0.01276	0.01819	0.01096	0.01410	0.00853	0.00467	0.00575	0.00153	0.00751	0.00540	0.00305	0.31263
33	0.02566	0.00973	0.01327	0.01018	0.01460	0.00841	0.00841	0.02788	0.01637	0.76726	0.02257	0.01947	0.01416	0.00708	0.00575	0.00177	0.00487	0.00575	0.00708	0.00973
34	0.00832	0.00555	0.00624	0.00624	0.00624	0.00555	0.00347	0.00832	0.00832	0.01109	0.01802	0.03743	0.02080	0.79898	0.02911	0.00555	0.00555	0.00832	0.00347	0.00347
35	0.00817	0.00613	0.00919	0.00919	0.01021	0.00715	0.00715	0.01021	0.00919	0.01328	0.01532	0.02247	0.01430	0.04290	0.77631	0.00919	0.01532	0.00613	0.00306	0.00511
36	0.00832	0.00555	0.00624	0.00624	0.00624	0.00555	0.00347	0.00832	0.00832	0.01109	0.01802	0.03743	0.02080	0.79898	0.02911	0.00555	0.00555	0.00832	0.00347	0.00347

[dist]
# distance from previous block
# <min> <max>
3	6

[block]
# block no. 3 follows, 41 sequences, length 36
# corresponding to MSA columns:
# 729-764
name=unknown_D
#
# <colnr> <probs for GDERKNQSTAVLIFYWHMCP>
#	G	D	E	R	K	N	Q	S	T	A	V	L	I	F	Y	W	H	M	C	P
0	0.00805	0.00585	0.00759	0.00715	0.00852	0.00538	0.00536	0.01071	0.01609	0.02270	0.73828	0.04311	0.07612	0.01178	0.00675	0.00180	0.00270	0.01040	0.00627	0.00538
1	0.02427	0.00956	0.01292	0.01003	0.01424	0.00838	0.00824	0.02689	0.03611	0.70144	0.06807	0.02095	0.01670	0.00738	0.00582	0.00178	0.00472	0.00605	0.00700	0.00945
2	0.01581	0.44292	0.06236	0.05494	0.08456	0.16593	0.06802	0.01828	0.01279	0.01469	0.00888	0.01078	0.00761	0.00517	0.00456	0.00143	0.00745	0.00381	0.00262	0.00739
3	0.02001	0.20301	0.01940	0.01351	0.01700	0.55732	0.01075	0.06645	0.01583	0.01525	0.00894	0.01027	0.00751	0.00573	0.00485	0.00143	0.00911	0.00363	0.00301	0.00699
4	0.00728	0.00520	0.00700	0.00832	0.00879	0.00492	0.00585	0.00850	0.01126	0.01495	0.03135	0.69368	0.03715	0.01763	0.00738	0.00237	0.00359	0.11475	0.00530	0.00473
5	0.01414	0.57002	0.25232	0.01175	0.01771	0.01982	0.01320	0.01742	0.01176	0.01486	0.00865	0.01005	0.00731	0.00506	0.00420	0.00140	0.00682	0.00341	0.00244	0.00768
6	0.01361	0.06395	0.03352	0.02323	0.02896	0.01497	0.69735	0.01825	0.01338	0.01802	0.01135	0.01504	0.00860	0.00483	0.00656	0.00189	0.00943	0.00652	0.00287	0.00769
7	0.02566	0.00973	0.01327	0.01018	0.01460	0.00841	0.00841	0.02788	0.01637	0.76726	0.02257	0.01947	0.01416	0.00708	0.00575	0.00177	0.00487	0.00575	0.00708	0.00973
8	0.01423	0.01229	0.01293	0.01164	0.01487	0.01423	0.00905	0.03039	0.75297	0.02393	0.02328	0.02134	0.01746	0.00776	0.00582	0.00194	0.00453	0.00647	0.00582	0.00905
9	0.01091	0.01028	0.01736	0.76022	0.06354	0.01274	0.01594	0.01471	0.01149	0.01475	0.01019	0.01521	0.00767	0.00570	0.00572	0.00190	0.00760	0.00508	0.00255	0.00644
