[name]
unknown

[dist]
# distance from previous block
# <min> <max>
0	242

[block]
# block no. 0 follows, 41 sequences, length 51
# corresponding to MSA columns:
# 251-301
name=unknown_A
#
# <colnr> <probs for GDERKNQSTAVLIFYWHMCP>
#	G	D	E	R	K	N	Q	S	T	A	V	L	I	F	Y	W	H	M	C	P
0	0.01728	0.04344	0.07261	0.01014	0.01365	0.09229	0.00873	0.02024	0.03248	0.31964	0.27598	0.02560	0.02651	0.00835	0.00593	0.00173	0.00504	0.00691	0.00577	0.00767
1	0.01266	0.01379	0.02860	0.26059	0.03285	0.01392	0.51676	0.01717	0.01286	0.01717	0.01114	0.01537	0.00835	0.00510	0.00643	0.00192	0.00902	0.00623	0.00278	0.00729
2	0.01849	0.01898	0.01503	0.01316	0.01653	0.32030	0.01019	0.16007	0.32261	0.02220	0.01572	0.01551	0.01198	0.00685	0.00554	0.00171	0.00718	0.00511	0.00465	0.00821
3	0.01636	0.21124	0.18906	0.01513	0.02080	0.04695	0.14889	0.24370	0.01700	0.02243	0.01097	0.01244	0.00831	0.00565	0.00533	0.00165	0.00751	0.00468	0.00356	0.00837
4	0.00816	0.00659	0.00991	0.24946	0.01796	0.00715	0.00860	0.01003	0.01110	0.01461	0.02489	0.55290	0.02845	0.01413	0.00681	0.00219	0.00466	0.01279	0.00445	0.00518
5	0.00679	0.00580	0.00584	0.00583	0.00774	0.00484	0.00437	0.00827	0.01311	0.01562	0.07367	0.05477	0.74515	0.01442	0.00676	0.00193	0.00289	0.01203	0.00533	0.00484
6	0.00901	0.00497	0.00720	0.00761	0.00771	0.00487	0.00507	0.00761	0.00854	0.01139	0.01664	0.25907	0.01860	0.01926	0.01768	0.57531	0.00446	0.00848	0.00336	0.00316
7	0.18851	0.01807	0.01328	0.01127	0.01496	0.34935	0.00874	0.02988	0.01350	0.01820	0.00912	0.01069	0.00751	0.00537	0.00485	0.00137	0.02494	0.00352	0.00324	0.26363
8	0.00816	0.00573	0.00587	0.00589	0.00757	0.00515	0.00439	0.01026	0.02494	0.01767	0.07140	0.07220	0.46142	0.01197	0.00591	0.00176	0.00286	0.00998	0.26182	0.00507
9	0.01227	0.01118	0.01838	0.02644	0.52880	0.01104	0.01378	0.01545	0.01401	0.02001	0.24364	0.02303	0.02301	0.00715	0.00600	0.00173	0.00552	0.00673	0.00391	0.00792
10	0.01730	0.55809	0.02599	0.01084	0.01563	0.02111	0.01012	0.24304	0.01637	0.02048	0.00975	0.01059	0.00808	0.00551	0.00431	0.00138	0.00617	0.00371	0.00346	0.00808
11	0.01260	0.02221	0.40209	0.02222	0.16365	0.01371	0.24461	0.01807	0.01269	0.01829	0.01076	0.01350	0.00803	0.00518	0.00589	0.00183	0.00851	0.00517	0.00264	0.00834
12	0.00922	0.00725	0.00859	0.00911	0.01034	0.00762	0.00647	0.01493	0.24150	0.01750	0.02896	0.55479	0.03150	0.01476	0.00684	0.00220	0.00369	0.01322	0.00547	0.00602
13	0.01172	0.01071	0.01770	0.07168	0.48529	0.01076	0.01365	0.01440	0.01228	0.01717	0.01718	0.25691	0.01791	0.00912	0.00617	0.00191	0.00576	0.00856	0.00358	0.00753
14	0.01651	0.01435	0.02134	0.02829	0.53165	0.01488	0.01548	0.24333	0.01733	0.02408	0.01168	0.01402	0.00927	0.00565	0.00568	0.00170	0.00664	0.00511	0.00373	0.00927
15	0.01726	0.01095	0.01256	0.01031	0.01330	0.03890	0.00819	0.24315	0.01844	0.20583	0.21042	0.02470	0.02321	0.07175	0.03730	0.00235	0.03109	0.00688	0.00572	0.00771
16	0.01154	0.00847	0.01416	0.01117	0.01388	0.00817	0.23346	0.01488	0.01246	0.02039	0.01646	0.01949	0.01280	0.00609	0.00485	0.00152	0.00483	0.00577	0.57352	0.00607
17	0.01888	0.01493	0.01728	0.01374	0.01689	0.01767	0.01138	0.51727	0.02126	0.02913	0.01180	0.01335	0.00904	0.00784	0.00978	0.00196	0.24933	0.00510	0.00472	0.00865
18	0.01244	0.00975	0.01093	0.00986	0.01246	0.01059	0.00766	0.04871	0.40220	0.05161	0.27756	0.03047	0.05942	0.00947	0.00621	0.00189	0.00393	0.02124	0.00600	0.00761
19	0.02148	0.02377	0.01651	0.01425	0.01770	0.54042	0.01100	0.24698	0.01953	0.02085	0.01036	0.01138	0.00810	0.00620	0.00533	0.00155	0.00907	0.00414	0.00381	0.00759
20	0.01730	0.55809	0.02599	0.01084	0.01563	0.02111	0.01012	0.24304	0.01637	0.02048	0.00975	0.01059	0.00808	0.00551	0.00431	0.00138	0.00617	0.00371	0.00346	0.00808
21	0.00781	0.00545	0.00699	0.00791	0.00832	0.00529	0.00546	0.00880	0.01055	0.01398	0.02710	0.42395	0.03162	0.26020	0.01419	0.00338	0.00437	0.14551	0.00473	0.00439
22	0.01192	0.01091	0.01807	0.02667	0.52872	0.01081	0.01375	0.01457	0.01238	0.01742	0.01721	0.25684	0.01800	0.00908	0.00617	0.00189	0.00571	0.00857	0.00360	0.00769
23	0.01466	0.02537	0.53564	0.01533	0.02258	0.01467	0.01795	0.24372	0.01668	0.02369	0.01134	0.01259	0.00802	0.00588	0.00552	0.00178	0.00778	0.00451	0.00344	0.00885
24	0.00697	0.00498	0.00664	0.00796	0.00830	0.00465	0.00531	0.00796	0.01095	0.01460	0.03153	0.79525	0.03783	0.01792	0.00730	0.00232	0.00332	0.01626	0.00531	0.00465
25	0.00690	0.00523	0.00638	0.00729	0.00812	0.00470	0.00501	0.00804	0.01160	0.01487	0.03973	0.56527	0.26251	0.01685	0.00713	0.00220	0.00319	0.01496	0.00531	0.00470
26	0.00683	0.00554	0.00606	0.00647	0.00790	0.00477	0.00465	0.00813	0.01239	0.01519	0.04974	0.28503	0.53630	0.01555	0.00693	0.00205	0.00303	0.01337	0.00531	0.00477
27	0.01549	0.00934	0.01369	0.01643	0.24404	0.00893	0.00937	0.01723	0.01227	0.24715	0.01717	0.02465	0.01510	0.30758	0.01461	0.00318	0.00572	0.00652	0.00439	0.00714
28	0.01689	0.02034	0.01324	0.01263	0.01477	0.53635	0.00927	0.01822	0.01458	0.01419	0.01589	0.25420	0.01683	0.00963	0.00582	0.00174	0.00814	0.00759	0.00368	0.00601
29	0.10479	0.01390	0.03553	0.02945	0.56931	0.01387	0.05639	0.07324	0.01374	0.02075	0.01072	0.01363	0.00874	0.00525	0.00549	0.00172	0.00669	0.00496	0.00313	0.00871
30	0.01594	0.01911	0.02830	0.02120	0.02610	0.25108	0.51526	0.01973	0.01434	0.01698	0.01072	0.01384	0.00827	0.00515	0.00626	0.00179	0.00985	0.00580	0.00291	0.00738
31	0.01353	0.04355	0.20325	0.01763	0.02321	0.01426	0.30368	0.02216	0.24290	0.03399	0.01499	0.01633	0.01112	0.00593	0.00603	0.00188	0.00756	0.00592	0.00375	0.00833
32	0.00997	0.00785	0.00925	0.00855	0.01049	0.00813	0.00651	0.01683	0.24504	0.02309	0.51677	0.03634	0.05724	0.01053	0.00646	0.00185	0.00327	0.00918	0.00613	0.00652
33	0.01186	0.01017	0.01186	0.00847	0.01356	0.00762	0.00678	0.01440	0.01186	0.01864	0.01017	0.01186	0.00847	0.00424	0.00424	0.00085	0.00424	0.00339	0.00339	0.83395
34	0.01974	0.26036	0.02115	0.01211	0.01679	0.01926	0.01053	0.51832	0.02215	0.02903	0.01194	0.01232	0.00899	0.00625	0.00508	0.00156	0.00624	0.00450	0.00470	0.00899
35	0.83938	0.01106	0.00841	0.00752	0.01106	0.01283	0.00619	0.01681	0.00973	0.02566	0.00796	0.00929	0.00619	0.00531	0.00354	0.00177	0.00442	0.00310	0.00354	0.00619
36	0.01219	0.04274	0.52401	0.01858	0.02612	0.01386	0.24501	0.01816	0.01251	0.01807	0.01062	0.01305	0.00769	0.00523	0.00580	0.00183	0.00877	0.00498	0.00256	0.00820
37	0.01827	0.01489	0.01692	0.01365	0.01666	0.03428	0.01124	0.44447	0.07872	0.02767	0.01245	0.01388	0.00960	0.00789	0.00977	0.00197	0.24928	0.00518	0.00467	0.00853
38	0.02068	0.01426	0.01521	0.01263	0.01537	0.17150	0.01024	0.02244	0.01397	0.37589	0.01502	0.01540	0.01067	0.00774	0.00967	0.00194	0.24948	0.00509	0.00479	0.00801
39	0.00687	0.00574	0.00599	0.00606	0.00783	0.00486	0.00449	0.00838	0.01311	0.01592	0.10620	0.10942	0.65643	0.01454	0.00680	0.00195	0.00291	0.01226	0.00538	0.00486
40	0.00714	0.00511	0.00679	0.00785	0.00833	0.00476	0.00532	0.00840	0.01175	0.01588	0.14311	0.68003	0.04030	0.01697	0.00722	0.00224	0.00322	0.01535	0.00546	0.00476
41	0.01730	0.55809	0.02599	0.01084	0.01563	0.02111	0.01012	0.24304	0.01637	0.02048	0.00975	0.01059	0.00808	0.00551	0.00431	0.00138	0.00617	0.00371	0.00346	0.00808
42	0.01081	0.00942	0.01367	0.40775	0.02570	0.01059	0.03248	0.09238	0.01370	0.01757	0.02576	0.02768	0.24221	0.00858	0.00601	0.00187	0.00589	0.00732	0.03435	0.00625
43	0.00796	0.00559	0.00702	0.00704	0.00778	0.00530	0.00478	0.00950	0.01277	0.01771	0.39418	0.18098	0.04066	0.25746	0.01380	0.00306	0.00370	0.01081	0.00523	0.00466
44	0.27824	0.01054	0.01201	0.00954	0.01370	0.01037	0.00787	0.06929	0.01497	0.49106	0.01748	0.01595	0.01141	0.00652	0.00506	0.00177	0.00482	0.00489	0.00589	0.00863
45	0.27134	0.55655	0.02327	0.00908	0.01356	0.01959	0.00867	0.01703	0.01104	0.01725	0.00796	0.00921	0.00698	0.00502	0.00363	0.00139	0.00559	0.00307	0.00279	0.00698
46	0.77494	0.01078	0.00847	0.00754	0.01102	0.01236	0.00619	0.01710	0.01008	0.05421	0.00895	0.01016	0.00684	0.00543	0.00364	0.00175	0.00437	0.00329	0.03655	0.00630
47	0.00973	0.01367	0.24513	0.01197	0.01555	0.00853	0.01255	0.01352	0.01282	0.01730	0.02617	0.04750	0.08044	0.01248	0.00705	0.00232	0.00608	0.44659	0.00438	0.00622
48	0.01719	0.00986	0.01481	0.01714	0.24558	0.00919	0.01047	0.01991	0.01523	0.32640	0.21342	0.02468	0.02337	0.00782	0.00602	0.00177	0.00490	0.01840	0.00552	0.00831
49	0.00832	0.00555	0.00624	0.00624	0.00624	0.00555	0.00347	0.00832	0.00832	0.01109	0.01802	0.03743	0.02080	0.79898	0.02911	0.00555	0.00555	0.00832	0.00347	0.00347
50	0.58298	0.01185	0.01301	0.01609	0.24478	0.01307	0.00972	0.01704	0.01076	0.02350	0.00883	0.01080	0.00708	0.00524	0.00420	0.00175	0.00516	0.00372	0.00332	0.00708

[dist]
# distance from previous block
# <min> <max>
0	1

[block]
# block no. 1 follows, 41 sequences, length 23
# corresponding to MSA columns:
# 303-325
name=unknown_B
#
# <colnr> <probs for GDERKNQSTAVLIFYWHMCP>
#	G	D	E	R	K	N	Q	S	T	A	V	L	I	F	Y	W	H	M	C	P
0	0.00881	0.00719	0.01089	0.01493	0.20195	0.00694	0.00845	0.01042	0.01148	0.01565	0.02620	0.59490	0.03045	0.01463	0.00688	0.00216	0.00421	0.01340	0.00467	0.00578
1	0.00999	0.01090	0.11025	0.01171	0.03805	0.00903	0.04626	0.01589	0.20162	0.01778	0.02492	0.42864	0.02616	0.01259	0.00659	0.00212	0.00474	0.01132	0.00486	0.00658
2	0.01348	0.01042	0.01224	0.00884	0.01385	0.00819	0.00711	0.05166	0.01297	0.08064	0.01136	0.01257	0.00900	0.00460	0.00443	0.00097	0.00439	0.00367	0.00381	0.72581
3	0.01066	0.00533	0.00533	0.00533	0.00666	0.00533	0.00400	0.01333	0.01200	0.02132	0.01866	0.02132	0.01466	0.00666	0.00400	0.00133	0.00267	0.00533	0.83073	0.00533
4	0.03259	0.02076	0.36861	0.02447	0.36508	0.01317	0.01849	0.01832	0.01268	0.05667	0.01107	0.01335	0.00841	0.00536	0.00551	0.00176	0.00741	0.00468	0.00287	0.00875
5	0.01192	0.04258	0.53448	0.01567	0.02170	0.01462	0.01826	0.01738	0.03556	0.01708	0.00993	0.01243	0.00765	0.00667	0.00883	0.00198	0.20835	0.00447	0.00255	0.00788
6	0.01066	0.00533	0.00533	0.00533	0.00666	0.00533	0.00400	0.01333	0.01200	0.02132	0.01866	0.02132	0.01466	0.00666	0.00400	0.00133	0.00267	0.00533	0.83073	0.00533
7	0.01953	0.01869	0.01907	0.01907	0.18504	0.23545	0.04872	0.33756	0.02004	0.02492	0.01155	0.01293	0.00885	0.00609	0.00560	0.00165	0.00773	0.00479	0.00413	0.00858
8	0.62771	0.01171	0.01221	0.01460	0.20401	0.01303	0.00911	0.01700	0.01058	0.02387	0.00868	0.01054	0.00693	0.00525	0.00408	0.00175	0.00503	0.00361	0.00336	0.00693
9	0.01350	0.01543	0.03375	0.02411	0.02989	0.01446	0.74253	0.01832	0.01350	0.01832	0.01157	0.01543	0.00868	0.00482	0.00675	0.00193	0.00964	0.00675	0.00289	0.00771
10	0.00711	0.00504	0.00659	0.00778	0.00808	0.00474	0.00511	0.00800	0.01067	0.01423	0.03009	0.71439	0.03601	0.10126	0.00963	0.00267	0.00356	0.01541	0.00511	0.00452
11	0.00838	0.00604	0.00805	0.00805	0.00939	0.00570	0.00638	0.01107	0.01542	0.02144	0.57304	0.04832	0.04857	0.01275	0.00704	0.00201	0.00336	0.19360	0.00603	0.00536
12	0.01176	0.00823	0.00904	0.00801	0.00919	0.00867	0.00537	0.19708	0.01308	0.01749	0.01692	0.03135	0.01796	0.59580	0.02311	0.00456	0.00574	0.00751	0.00404	0.00507
13	0.01597	0.01408	0.02142	0.05936	0.54323	0.01462	0.01577	0.20383	0.01652	0.02298	0.01150	0.01409	0.00917	0.00558	0.00568	0.00171	0.00670	0.00511	0.00356	0.00912
14	0.19418	0.01464	0.01494	0.01172	0.01598	0.01631	0.00967	0.56738	0.02280	0.03339	0.01267	0.01303	0.00914	0.00653	0.00521	0.00172	0.00578	0.00472	0.03136	0.00884
15	0.01462	0.56475	0.21892	0.01171	0.01742	0.05857	0.01276	0.01767	0.01197	0.01468	0.00859	0.00998	0.00732	0.00508	0.00420	0.00139	0.00693	0.00339	0.00246	0.00759
16	0.02025	0.00857	0.01190	0.00981	0.01316	0.00790	0.00793	0.02236	0.01426	0.53658	0.02115	0.05867	0.01537	0.01680	0.20348	0.00370	0.00747	0.00637	0.00596	0.00830
17	0.00781	0.00604	0.00832	0.00832	0.00958	0.00655	0.00643	0.00970	0.01018	0.01384	0.02625	0.03083	0.20582	0.03561	0.57892	0.00733	0.01213	0.00765	0.00364	0.00504
18	0.01156	0.01155	0.01099	0.01061	0.01213	0.20436	0.00815	0.01345	0.01099	0.01346	0.01366	0.01935	0.01252	0.03341	0.57851	0.00721	0.01404	0.00550	0.00303	0.00550
19	0.01066	0.00533	0.00533	0.00533	0.00666	0.00533	0.00400	0.01333	0.01200	0.02132	0.01866	0.02132	0.01466	0.00666	0.00400	0.00133	0.00267	0.00533	0.83073	0.00533
20	0.01375	0.01134	0.01191	0.01043	0.01359	0.01249	0.00819	0.16116	0.42438	0.02407	0.03035	0.02853	0.20669	0.00931	0.00604	0.00190	0.00445	0.00765	0.00567	0.00810
21	0.62582	0.00971	0.00774	0.00708	0.01021	0.01078	0.00572	0.01461	0.01058	0.02304	0.02078	0.02103	0.19980	0.00766	0.00437	0.00181	0.00403	0.00540	0.00399	0.00584
22	0.01725	0.56225	0.02601	0.01090	0.01561	0.05876	0.01013	0.20391	0.01577	0.01928	0.00948	0.01040	0.00795	0.00545	0.00427	0.00136	0.00637	0.00363	0.00331	0.00792

[dist]
# distance from previous block
# <min> <max>
0	1

[block]
# block no. 2 follows, 41 sequences, length 47
# corresponding to MSA columns:
# 327-373
name=unknown_C
#
# <colnr> <probs for GDERKNQSTAVLIFYWHMCP>
#	G	D	E	R	K	N	Q	S	T	A	V	L	I	F	Y	W	H	M	C	P
0	0.01520	0.01668	0.17214	0.01293	0.01753	0.01476	0.01196	0.17538	0.44780	0.02522	0.01858	0.01783	0.01372	0.00709	0.00572	0.00187	0.00571	0.00573	0.00509	0.00907
1	0.02536	0.00974	0.01324	0.01014	0.01458	0.00839	0.00837	0.02758	0.01627	0.75078	0.02229	0.01930	0.01403	0.00702	0.00572	0.00175	0.00485	0.00570	0.00700	0.02788
2	0.00994	0.00497	0.00745	0.00745	0.00745	0.00497	0.00497	0.00745	0.00745	0.00994	0.00994	0.01739	0.00994	0.01987	0.02235	0.83358	0.00497	0.00497	0.00248	0.00248
3	0.01266	0.01093	0.01144	0.01042	0.01338	0.01226	0.00807	0.02575	0.59809	0.02215	0.03054	0.02840	0.17309	0.00917	0.00602	0.00194	0.00419	0.00764	0.00571	0.00817
4	0.01417	0.01332	0.02106	0.03020	0.60664	0.01372	0.01577	0.02024	0.16791	0.01978	0.01338	0.01566	0.01082	0.00565	0.00570	0.00175	0.00632	0.00538	0.00346	0.00906
5	0.01066	0.00533	0.00533	0.00533	0.00666	0.00533	0.00400	0.01333	0.01200	0.02132	0.01866	0.02132	0.01466	0.00666	0.00400	0.00133	0.00267	0.00533	0.83073	0.00533
6	0.01160	0.00846	0.01048	0.01007	0.01212	0.00872	0.00837	0.16524	0.03382	0.02305	0.25457	0.04610	0.03428	0.01247	0.00704	0.00217	0.00466	0.33476	0.00570	0.00633
7	0.01018	0.00624	0.00800	0.00733	0.00878	0.00577	0.00535	0.01226	0.01459	0.10782	0.51430	0.03915	0.05464	0.16769	0.01108	0.00254	0.00352	0.00943	0.00581	0.00551
8	0.01247	0.01148	0.01871	0.12189	0.47939	0.01180	0.01440	0.01638	0.04856	0.01932	0.16817	0.02061	0.01868	0.00668	0.00590	0.00176	0.00593	0.00626	0.00366	0.00796
9	0.01662	0.01175	0.01300	0.01133	0.01482	0.01301	0.00892	0.02987	0.59878	0.17952	0.02313	0.02095	0.01677	0.00762	0.00581	0.00190	0.00460	0.00632	0.00608	0.00920
10	0.01607	0.01379	0.02712	0.02136	0.09592	0.01288	0.47361	0.02046	0.03528	0.17530	0.01409	0.01620	0.01011	0.00539	0.00633	0.00184	0.00804	0.00626	0.00386	0.03609
11	0.01504	0.01303	0.01337	0.01185	0.01519	0.03685	0.00926	0.08765	0.67289	0.02461	0.02209	0.02040	0.01654	0.00763	0.00579	0.00191	0.00484	0.00628	0.00573	0.00904
12	0.01186	0.01017	0.01186	0.00847	0.01356	0.00762	0.00678	0.01440	0.01186	0.01864	0.01017	0.01186	0.00847	0.00424	0.00424	0.00085	0.00424	0.00339	0.00339	0.83395
13	0.03718	0.03830	0.01612	0.01339	0.01611	0.29897	0.01065	0.20749	0.01702	0.04571	0.04652	0.03605	0.01130	0.00763	0.00824	0.00180	0.17117	0.00506	0.00394	0.00736
14	0.01137	0.01127	0.02063	0.62592	0.03741	0.01308	0.16798	0.01539	0.01187	0.01539	0.01046	0.01529	0.00785	0.00553	0.00593	0.00191	0.00805	0.00543	0.00262	0.00664
15	0.01357	0.01270	0.02015	0.05365	0.54655	0.01234	0.01484	0.01740	0.04780	0.01879	0.01121	0.01405	0.00929	0.00506	0.00537	0.00154	0.00618	0.00480	0.00308	0.18163
16	0.01491	0.19058	0.41866	0.01419	0.02081	0.05306	0.01609	0.17012	0.01528	0.02068	0.01043	0.01172	0.00779	0.00564	0.00511	0.00165	0.00760	0.00415	0.00314	0.00840
17	0.01004	0.00608	0.00942	0.17020	0.01408	0.00662	0.00718	0.00899	0.00833	0.01097	0.01037	0.01791	0.00998	0.05456	0.01920	0.61948	0.00555	0.00515	0.00254	0.00334
18	0.00869	0.00692	0.00959	0.17003	0.01509	0.00710	0.00758	0.01185	0.03443	0.02047	0.51295	0.03765	0.11453	0.01062	0.00651	0.00184	0.00380	0.00931	0.00540	0.00564
19	0.01110	0.00951	0.00997	0.00921	0.01185	0.01023	0.00709	0.02102	0.43643	0.02066	0.07206	0.03517	0.30151	0.01050	0.00622	0.00193	0.00382	0.00878	0.00565	0.00727
20	0.01186	0.01017	0.01186	0.00847	0.01356	0.00762	0.00678	0.01440	0.01186	0.01864	0.01017	0.01186	0.00847	0.00424	0.00424	0.00085	0.00424	0.00339	0.00339	0.83395
21	0.01345	0.01287	0.02195	0.19212	0.61177	0.01341	0.01720	0.01694	0.01269	0.01783	0.01064	0.01439	0.00876	0.00523	0.00567	0.00174	0.00697	0.00509	0.00277	0.00849
22	0.18634	0.02479	0.50116	0.01409	0.02077	0.09796	0.01646	0.01869	0.01219	0.04405	0.01003	0.01154	0.00727	0.00551	0.00502	0.00176	0.00770	0.00398	0.00286	0.00782
23	0.00786	0.00545	0.00627	0.00655	0.00683	0.00528	0.00395	0.00823	0.00939	0.01231	0.02529	0.19802	0.10678	0.54814	0.02206	0.00447	0.00478	0.01040	0.00406	0.00386
24	0.01216	0.01138	0.01747	0.33628	0.12854	0.01282	0.03608	0.03345	0.01172	0.01652	0.00990	0.01386	0.00807	0.00610	0.00780	0.00176	0.14843	0.00477	0.00284	0.18007
25	0.01409	0.02275	0.52612	0.01390	0.02057	0.01140	0.01650	0.01907	0.01256	0.17414	0.01370	0.01645	0.01020	0.09414	0.00814	0.00222	0.00738	0.00500	0.00351	0.00817
26	0.00801	0.00676	0.00889	0.16958	0.01478	0.00684	0.00726	0.01024	0.01285	0.01639	0.17056	0.04086	0.39194	0.01531	0.09223	0.00271	0.00523	0.00963	0.00466	0.00528
27	0.01588	0.01278	0.01505	0.01203	0.01532	0.01418	0.00984	0.32563	0.04188	0.02462	0.01214	0.01429	0.00975	0.01099	0.09393	0.00253	0.17052	0.00489	0.00424	0.18952
28	0.00930	0.00723	0.01020	0.00968	0.01018	0.00878	0.00735	0.01030	0.00875	0.01261	0.01358	0.02257	0.01358	0.17220	0.39668	0.09892	0.17422	0.00617	0.00296	0.00475
29	0.00724	0.00523	0.00716	0.00819	0.00866	0.00519	0.00566	0.00844	0.01054	0.01426	0.02790	0.62010	0.03260	0.03696	0.16865	0.00382	0.00587	0.01400	0.00481	0.00472
30	0.01556	0.01398	0.02132	0.02828	0.52392	0.01490	0.01559	0.16924	0.01545	0.02177	0.01102	0.01389	0.00903	0.00601	0.00713	0.00179	0.09373	0.00510	0.00340	0.00889
31	0.01500	0.01386	0.02254	0.03266	0.68028	0.01405	0.01681	0.09847	0.01457	0.02062	0.01109	0.01411	0.00913	0.00529	0.00567	0.00170	0.00674	0.00510	0.00315	0.00913
32	0.00733	0.00532	0.00634	0.00699	0.00756	0.00495	0.00455	0.00812	0.01060	0.01372	0.03299	0.41230	0.18407	0.25220	0.01375	0.00321	0.00390	0.01299	0.00476	0.00433
33	0.01416	0.01359	0.02322	0.03511	0.76330	0.01359	0.01755	0.01755	0.01302	0.01869	0.01076	0.01416	0.00906	0.00510	0.00566	0.00170	0.00680	0.00510	0.00283	0.00906
34	0.00855	0.00626	0.00707	0.00714	0.00836	0.00611	0.00502	0.01158	0.09443	0.01710	0.13846	0.19740	0.20092	0.16417	0.01077	0.00263	0.00362	0.01062	0.09466	0.00514
35	0.01491	0.01377	0.02238	0.05310	0.66056	0.01403	0.01676	0.09839	0.01453	0.02051	0.01107	0.01414	0.00910	0.00531	0.00567	0.00171	0.00676	0.00510	0.00315	0.00906
36	0.05354	0.01324	0.02290	0.12846	0.55273	0.01354	0.09752	0.01723	0.01272	0.01846	0.01064	0.01420	0.00870	0.00516	0.00569	0.00175	0.00710	0.00518	0.00284	0.00843
37	0.01289	0.01397	0.02843	0.02437	0.18094	0.01321	0.50858	0.01704	0.01335	0.01808	0.01657	0.01957	0.09253	0.00596	0.00652	0.00188	0.00830	0.00700	0.00315	0.00767
38	0.01488	0.50492	0.05313	0.01702	0.17348	0.03814	0.09341	0.01752	0.01225	0.01526	0.00904	0.01104	0.00785	0.00497	0.00453	0.00143	0.00683	0.00395	0.00259	0.00776
39	0.01133	0.01048	0.01754	0.54196	0.18785	0.01221	0.01549	0.01492	0.01196	0.01575	0.01253	0.02051	0.01074	0.00671	0.00595	0.00194	0.00719	0.08522	0.00291	0.00680
40	0.00846	0.00601	0.00691	0.00669	0.00848	0.00522	0.00501	0.01027	0.01396	0.06937	0.25013	0.11735	0.44440	0.01351	0.00674	0.00192	0.00302	0.01154	0.00571	0.00531
41	0.00849	0.00583	0.00719	0.00746	0.00785	0.00594	0.00508	0.00927	0.00943	0.01259	0.02029	0.04144	0.02261	0.55132	0.10742	0.00534	0.00657	0.15805	0.00380	0.00402
42	0.01092	0.00847	0.01025	0.00837	0.01175	0.00685	0.00634	0.01291	0.03094	0.03394	0.01558	0.18929	0.01561	0.00922	0.00702	0.09395	0.00413	0.00660	0.00387	0.51399
43	0.01331	0.01154	0.01572	0.17654	0.15708	0.01106	0.01118	0.10743	0.01389	0.02001	0.01073	0.01323	0.00856	0.00504	0.00500	0.00134	0.00568	0.00428	0.00340	0.40499
44	0.01405	0.14773	0.44071	0.01392	0.02050	0.01514	0.01604	0.16949	0.01530	0.02143	0.04637	0.01363	0.01017	0.00597	0.00524	0.00169	0.00722	0.00455	0.02251	0.00833
45	0.01938	0.01341	0.05057	0.01223	0.01607	0.01380	0.01033	0.22556	0.21519	0.24593	0.01804	0.01725	0.01274	0.00745	0.00720	0.00188	0.09260	0.00562	0.00563	0.00910
46	0.03957	0.01246	0.01443	0.01159	0.01532	0.02725	0.04350	0.36146	0.02936	0.07978	0.01738	0.17747	0.01567	0.00869	0.00583	0.00174	0.00545	0.00729	0.00517	0.12059

[dist]
# distance from previous block
# <min> <max>
17	26

[block]
# block no. 3 follows, 41 sequences, length 20
# corresponding to MSA columns:
# 402-421
name=unknown_D
#
# <colnr> <probs for GDERKNQSTAVLIFYWHMCP>
#	G	D	E	R	K	N	Q	S	T	A	V	L	I	F	Y	W	H	M	C	P
0	0.22152	0.01449	0.03493	0.01157	0.01583	0.01564	0.00969	0.43419	0.10743	0.05958	0.01368	0.01371	0.00987	0.00656	0.00519	0.00176	0.00563	0.00480	0.00516	0.00875
1	0.04021	0.00822	0.01060	0.00887	0.01182	0.00759	0.00705	0.02012	0.06703	0.36313	0.35088	0.02967	0.03190	0.00913	0.00614	0.00179	0.00386	0.00777	0.00654	0.00765
2	0.01251	0.01059	0.01259	0.00912	0.01409	0.00844	0.02213	0.06751	0.01297	0.01982	0.01089	0.02813	0.00917	0.00472	0.00446	0.00096	0.00448	0.00385	0.00359	0.73998
3	0.01518	0.00989	0.05132	0.00918	0.01266	0.00816	0.02282	0.06013	0.03464	0.25271	0.02625	0.02820	0.17471	0.13773	0.00958	0.00230	0.00483	0.00711	0.00512	0.12749
4	0.12167	0.37802	0.21171	0.01346	0.01920	0.01769	0.13206	0.01753	0.01180	0.01701	0.00912	0.01094	0.00739	0.00507	0.00460	0.00156	0.00705	0.00396	0.00265	0.00753
5	0.01247	0.01144	0.01738	0.02362	0.45017	0.01088	0.01270	0.04192	0.01335	0.01862	0.02094	0.02258	0.17104	0.00704	0.00567	0.00161	0.00552	0.00632	0.00356	0.14317
6	0.01311	0.01066	0.01231	0.00996	0.01407	0.00835	0.00747	0.01461	0.01310	0.01982	0.01709	0.18391	0.01700	0.00878	0.00593	0.00162	0.00485	0.00696	0.00459	0.62579
7	0.01050	0.00782	0.00948	0.00950	0.01105	0.00677	0.00663	0.01146	0.01370	0.01926	0.18662	0.47909	0.03762	0.01543	0.00760	0.00237	0.00418	0.01320	0.00592	0.14179
8	0.01566	0.01237	0.01303	0.01063	0.01398	0.03575	0.00823	0.29590	0.17104	0.02463	0.01591	0.02001	0.01344	0.17731	0.01052	0.00244	0.00555	0.00577	0.00479	0.14303
9	0.12940	0.01993	0.01656	0.01670	0.13884	0.35171	0.01142	0.20928	0.01761	0.02207	0.01031	0.01170	0.00810	0.00594	0.00517	0.00161	0.00790	0.00422	0.00373	0.00778
10	0.01182	0.00808	0.01030	0.01013	0.01212	0.00818	0.00848	0.13219	0.01615	0.06142	0.18454	0.07615	0.03284	0.01307	0.00716	0.00225	0.00479	0.38845	0.00566	0.00624
11	0.01241	0.01454	0.14197	0.02602	0.47977	0.01177	0.01552	0.01619	0.01355	0.01951	0.17221	0.01997	0.01844	0.00657	0.00586	0.00174	0.00618	0.00609	0.00351	0.00817
12	0.00939	0.00719	0.00810	0.00787	0.00963	0.00692	0.00584	0.12879	0.01483	0.01914	0.09865	0.30555	0.32818	0.01421	0.00678	0.00202	0.00358	0.01226	0.00546	0.00561
13	0.00987	0.00713	0.00892	0.00937	0.01061	0.00721	0.00706	0.12930	0.01404	0.01865	0.02835	0.50986	0.03217	0.01565	0.00717	0.00229	0.00423	0.16714	0.00537	0.00561
14	0.01398	0.01038	0.01083	0.00980	0.01247	0.03900	0.00757	0.02395	0.42081	0.08595	0.08364	0.04424	0.01983	0.00801	0.00552	0.00178	0.00418	0.00666	0.18363	0.00779
15	0.00793	0.00626	0.00899	0.17526	0.01500	0.00649	0.00755	0.00979	0.01187	0.01576	0.12554	0.48725	0.07208	0.01428	0.00686	0.00214	0.00414	0.01284	0.00484	0.00512
16	0.66078	0.00983	0.00774	0.00705	0.01011	0.01122	0.00572	0.01606	0.01022	0.02473	0.01027	0.01189	0.00802	0.00560	0.00364	0.00168	0.00405	0.00358	0.18181	0.00601
17	0.01689	0.01877	0.02056	0.02738	0.48058	0.30268	0.01509	0.01956	0.01423	0.01691	0.01003	0.01270	0.00842	0.00540	0.00547	0.00161	0.00813	0.00456	0.00288	0.00814
18	0.00886	0.00781	0.01334	0.17812	0.01853	0.00799	0.12824	0.01109	0.01147	0.01521	0.02366	0.49952	0.02655	0.01315	0.00687	0.00217	0.00528	0.01230	0.00432	0.00552
19	0.01900	0.01450	0.01602	0.01282	0.04181	0.01525	0.01013	0.52803	0.05822	0.03113	0.01332	0.01371	0.00981	0.00628	0.00540	0.00154	0.00578	0.00483	0.00513	0.18730

[dist]
# distance from previous block
# <min> <max>
0	3

[block]
# block no. 4 follows, 41 sequences, length 8
# corresponding to MSA columns:
# 425-432
name=unknown_E
#
# <colnr> <probs for GDERKNQSTAVLIFYWHMCP>
#	G	D	E	R	K	N	Q	S	T	A	V	L	I	F	Y	W	H	M	C	P
0	0.01077	0.01005	0.01694	0.22627	0.17891	0.01044	0.12338	0.01349	0.01170	0.01545	0.01970	0.02592	0.13032	0.16990	0.01084	0.00262	0.00658	0.00712	0.00329	0.00630
1	0.01802	0.02110	0.01545	0.01535	0.08332	0.50971	0.01083	0.05742	0.01504	0.01542	0.01060	0.01334	0.00907	0.01348	0.16375	0.00309	0.01082	0.00439	0.00311	0.00670
2	0.01233	0.01180	0.02083	0.13435	0.38880	0.01192	0.12984	0.01587	0.01352	0.01892	0.16487	0.02039	0.01803	0.00650	0.00607	0.00179	0.00652	0.00644	0.00351	0.00771
3	0.01252	0.34371	0.18638	0.01442	0.13424	0.01548	0.01239	0.01558	0.01224	0.01572	0.01918	0.02003	0.16251	0.00702	0.00501	0.00157	0.00608	0.00549	0.00309	0.00734
4	0.08639	0.12509	0.44602	0.01240	0.01847	0.01284	0.01477	0.01688	0.01179	0.01884	0.01148	0.01334	0.00869	0.00560	0.00474	0.00163	0.00659	0.00420	0.17279	0.00746
5	0.00842	0.00596	0.00762	0.00756	0.00899	0.00562	0.00572	0.01046	0.01348	0.04898	0.30903	0.14208	0.21431	0.01816	0.12894	0.00311	0.00505	0.04583	0.00540	0.00529
6	0.01254	0.01152	0.01825	0.02533	0.48940	0.01095	0.01340	0.01538	0.01246	0.01803	0.01393	0.13761	0.01350	0.00695	0.00563	0.00162	0.00572	0.00652	0.00334	0.17792
7	0.02212	0.01287	0.01501	0.01244	0.04613	0.03761	0.00972	0.30307	0.06216	0.35481	0.05086	0.01787	0.01397	0.00712	0.00577	0.00175	0.00556	0.00567	0.00614	0.00937

[dist]
# distance from previous block
# <min> <max>
0	1

[block]
# block no. 5 follows, 41 sequences, length 13
# corresponding to MSA columns:
# 434-446
name=unknown_F
#
# <colnr> <probs for GDERKNQSTAVLIFYWHMCP>
#	G	D	E	R	K	N	Q	S	T	A	V	L	I	F	Y	W	H	M	C	P
0	0.00942	0.00696	0.02358	0.00850	0.01006	0.00637	0.00657	0.01241	0.07967	0.06761	0.07446	0.31930	0.17977	0.04201	0.00775	0.00230	0.00391	0.12835	0.00540	0.00561
1	0.00769	0.00588	0.00680	0.00690	0.00829	0.00534	0.00517	0.00936	0.01301	0.01670	0.20769	0.05078	0.36940	0.14219	0.01058	0.00260	0.00364	0.11796	0.00523	0.00480
2	0.01124	0.02328	0.53307	0.01812	0.14293	0.01204	0.01818	0.01650	0.01206	0.01768	0.01353	0.12988	0.01213	0.00725	0.00575	0.00187	0.00741	0.00617	0.00292	0.00798
3	0.03981	0.04688	0.27105	0.02369	0.35174	0.01443	0.01709	0.13053	0.01471	0.02122	0.01087	0.01307	0.00841	0.00548	0.00546	0.00172	0.00717	0.00468	0.00315	0.00881
4	0.00783	0.00923	0.13128	0.00918	0.01115	0.00622	0.00802	0.00993	0.01160	0.01548	0.03193	0.50527	0.14095	0.01522	0.00696	0.00220	0.00423	0.06315	0.00483	0.00534
5	0.45399	0.01415	0.12971	0.01379	0.13660	0.01236	0.01070	0.01880	0.01163	0.13458	0.01097	0.01205	0.00802	0.00556	0.00451	0.00176	0.00550	0.00400	0.00378	0.00754
6	0.71073	0.01092	0.00977	0.12828	0.01546	0.01281	0.00770	0.01647	0.01000	0.02395	0.00831	0.01022	0.00642	0.00537	0.00388	0.00179	0.00492	0.00341	0.00338	0.00622
7	0.01343	0.01324	0.02372	0.17374	0.51399	0.01356	0.12981	0.01712	0.01280	0.01787	0.01077	0.01456	0.00873	0.00517	0.00584	0.00177	0.00739	0.00535	0.00279	0.00835
8	0.01121	0.00758	0.01102	0.25161	0.01910	0.00791	0.00913	0.01352	0.01267	0.13225	0.07668	0.25015	0.12350	0.01144	0.00648	0.00203	0.00489	0.03799	0.00478	0.00607
9	0.01269	0.01402	0.13555	0.01185	0.01550	0.01264	0.01047	0.02502	0.52065	0.02158	0.02239	0.13590	0.01885	0.00890	0.00598	0.00198	0.00499	0.00757	0.00519	0.00829
10	0.47195	0.01128	0.01271	0.12901	0.13863	0.01255	0.00975	0.01762	0.04016	0.06116	0.01020	0.01209	0.00783	0.00548	0.00445	0.00175	0.00531	0.00400	0.00354	0.04053
11	0.01865	0.01626	0.01531	0.01279	0.01657	0.13406	0.01017	0.34436	0.31803	0.02774	0.01682	0.01627	0.01248	0.00708	0.00567	0.00177	0.00621	0.00545	0.00533	0.00897
12	0.01652	0.01209	0.12882	0.01002	0.01448	0.00853	0.00929	0.02004	0.04942	0.32823	0.07651	0.02472	0.13718	0.00796	0.00571	0.00167	0.00484	0.00655	0.00540	0.13201

[dist]
# distance from previous block
# <min> <max>
0	2

[block]
# block no. 6 follows, 41 sequences, length 36
# corresponding to MSA columns:
# 449-484
name=unknown_G
#
# <colnr> <probs for GDERKNQSTAVLIFYWHMCP>
#	G	D	E	R	K	N	Q	S	T	A	V	L	I	F	Y	W	H	M	C	P
0	0.03770	0.02298	0.01654	0.01503	0.04949	0.51271	0.01118	0.19194	0.03424	0.01983	0.01033	0.01156	0.00819	0.00623	0.00565	0.00158	0.02947	0.00417	0.00366	0.00750
1	0.18144	0.01097	0.01580	0.05078	0.39646	0.01143	0.01171	0.01503	0.01114	0.01810	0.01194	0.01891	0.01130	0.19972	0.01098	0.00266	0.00604	0.00548	0.00312	0.00700
2	0.02049	0.00859	0.01159	0.00956	0.01301	0.00745	0.00758	0.02242	0.01485	0.55062	0.02423	0.20926	0.01972	0.00961	0.00607	0.00187	0.00446	0.00823	0.00649	0.04393
3	0.01720	0.04290	0.01453	0.01148	0.01493	0.04261	0.00916	0.42983	0.05296	0.04466	0.01816	0.20534	0.01682	0.00939	0.00595	0.00181	0.00551	0.00773	0.00533	0.04369
4	0.00699	0.00500	0.00666	0.00795	0.00830	0.00466	0.00531	0.00803	0.01107	0.01479	0.04813	0.77810	0.03820	0.01778	0.00729	0.00231	0.00330	0.01613	0.00533	0.00466
5	0.01329	0.01071	0.00800	0.00764	0.00936	0.19420	0.00573	0.01566	0.01303	0.01953	0.01625	0.01863	0.01287	0.00648	0.00428	0.00137	0.00454	0.00493	0.62787	0.00565
6	0.01220	0.01054	0.13113	0.00878	0.01223	0.00707	0.00816	0.01466	0.01359	0.20021	0.05392	0.10065	0.38141	0.01144	0.00634	0.00190	0.00431	0.00957	0.00530	0.00661
7	0.01712	0.01294	0.01433	0.01105	0.01523	0.01327	0.00898	0.44685	0.02148	0.02966	0.13350	0.01796	0.01657	0.00700	0.00552	0.00152	0.00521	0.00556	0.00524	0.21102
8	0.01533	0.01327	0.01353	0.01193	0.01530	0.04340	0.00933	0.10914	0.64474	0.02489	0.02168	0.02008	0.01622	0.00759	0.00578	0.00190	0.00494	0.00622	0.00570	0.00904
9	0.21561	0.01148	0.01710	0.06947	0.31133	0.01194	0.08208	0.01616	0.01153	0.04716	0.01173	0.01712	0.01032	0.13353	0.00904	0.00238	0.00627	0.00531	0.00326	0.00718
10	0.01538	0.01398	0.02224	0.03156	0.64281	0.01426	0.01647	0.13499	0.01527	0.02149	0.01124	0.01409	0.00917	0.00538	0.00567	0.00170	0.00671	0.00511	0.00330	0.00917
11	0.01197	0.02612	0.58907	0.01822	0.02602	0.01357	0.19792	0.01817	0.01243	0.01817	0.01059	0.01290	0.00760	0.00528	0.00576	0.00184	0.00874	0.00485	0.00253	0.00827
12	0.01205	0.00675	0.00856	0.00763	0.00983	0.00597	0.00589	0.01427	0.01530	0.20329	0.38838	0.06833	0.20827	0.01145	0.00653	0.00184	0.00330	0.00984	0.00622	0.00630
13	0.01424	0.09791	0.38854	0.01275	0.01938	0.01203	0.01444	0.01868	0.01267	0.13885	0.01200	0.01293	0.00867	0.00535	0.00502	0.00151	0.00661	0.00415	0.00341	0.21085
14	0.01592	0.01694	0.02150	0.03012	0.58057	0.20044	0.01596	0.01885	0.01380	0.01754	0.01029	0.01322	0.00865	0.00529	0.00554	0.00164	0.00766	0.00475	0.00286	0.00846
15	0.00930	0.00758	0.01248	0.01203	0.01380	0.00733	0.12666	0.01184	0.01262	0.01663	0.02760	0.25592	0.03034	0.01460	0.00755	0.00243	0.00544	0.41548	0.00489	0.00549
16	0.03744	0.01388	0.01172	0.01081	0.01296	0.20985	0.00797	0.13441	0.12047	0.01898	0.01871	0.20916	0.01879	0.13741	0.00970	0.00245	0.00619	0.00813	0.00449	0.00647
17	0.01311	0.01227	0.02058	0.04533	0.62711	0.01225	0.01556	0.01640	0.01350	0.01929	0.13187	0.01880	0.01629	0.00617	0.00584	0.00172	0.00615	0.00594	0.00339	0.00842
18	0.01417	0.01327	0.02070	0.02936	0.57988	0.01375	0.01547	0.02070	0.19436	0.01997	0.01383	0.01592	0.01112	0.00575	0.00570	0.00176	0.00624	0.00543	0.00356	0.00906
19	0.00890	0.00599	0.00796	0.00906	0.01014	0.00591	0.00742	0.01114	0.01243	0.01718	0.02871	0.23662	0.03117	0.01484	0.00712	0.00235	0.00437	0.43489	0.13868	0.00513
20	0.01330	0.02341	0.41526	0.20469	0.02720	0.13635	0.04896	0.01824	0.01274	0.03286	0.01033	0.01287	0.00757	0.00559	0.00552	0.00178	0.00852	0.00449	0.00265	0.00764
21	0.01333	0.04299	0.44268	0.01370	0.02061	0.01286	0.01566	0.13452	0.01441	0.02102	0.01074	0.01221	0.00795	0.00536	0.00514	0.00154	0.00701	0.00414	0.00319	0.21093
22	0.00925	0.00741	0.00992	0.00923	0.01016	0.00828	0.00713	0.01125	0.01339	0.03213	0.41484	0.15705	0.06968	0.01233	0.00977	0.00206	0.19542	0.00999	0.00518	0.00554
23	0.01430	0.01239	0.01798	0.14158	0.34597	0.01305	0.01352	0.19367	0.01618	0.02179	0.01902	0.02083	0.13051	0.00714	0.00586	0.00177	0.00617	0.00623	0.00390	0.00812
24	0.01504	0.09450	0.32357	0.01275	0.01907	0.01180	0.04111	0.01920	0.01295	0.17741	0.01269	0.01345	0.00908	0.00542	0.00509	0.00151	0.00648	0.00433	0.00367	0.21089
25	0.06000	0.00923	0.01155	0.00899	0.01282	0.00797	0.00710	0.02086	0.01363	0.42466	0.01807	0.02000	0.01344	0.13427	0.00905	0.00215	0.00480	0.00546	0.00541	0.21053
26	0.15538	0.01973	0.01494	0.01342	0.02942	0.38774	0.03754	0.05422	0.19599	0.01956	0.01258	0.01325	0.00983	0.00624	0.00514	0.00167	0.00766	0.00447	0.00386	0.00737
27	0.00758	0.00581	0.00694	0.00669	0.00824	0.00517	0.00501	0.00979	0.01493	0.02002	0.48738	0.06141	0.31460	0.01284	0.00676	0.00186	0.00278	0.01109	0.00591	0.00517
28	0.00946	0.00815	0.01281	0.46886	0.02642	0.00957	0.01129	0.01197	0.01081	0.01404	0.01667	0.20999	0.01716	0.13690	0.00989	0.00260	0.00623	0.00835	0.00337	0.00547
29	0.00759	0.00569	0.00703	0.00698	0.00830	0.00514	0.00513	0.00970	0.01457	0.01976	0.47039	0.16736	0.22463	0.01338	0.00684	0.00192	0.00285	0.01172	0.00590	0.00514
30	0.00918	0.00748	0.01007	0.00911	0.01013	0.00837	0.00714	0.01152	0.01437	0.02069	0.57580	0.03532	0.04258	0.01128	0.00969	0.00197	0.19528	0.00904	0.00537	0.00561
31	0.01668	0.01208	0.01488	0.20112	0.02101	0.01340	0.01085	0.37587	0.01939	0.08026	0.01650	0.14101	0.01420	0.00838	0.00594	0.00186	0.00594	0.00698	0.02570	0.00797
32	0.01312	0.05960	0.42405	0.01278	0.01869	0.01252	0.01472	0.13424	0.01443	0.02157	0.01277	0.01447	0.00947	0.00594	0.00504	0.00165	0.00657	0.00459	0.20595	0.00784
33	0.14786	0.35534	0.12150	0.01089	0.01558	0.03861	0.01059	0.02062	0.19319	0.01864	0.01205	0.01260	0.00962	0.00576	0.00445	0.00157	0.00588	0.00407	0.00346	0.00771
34	0.00888	0.00691	0.00887	0.01080	0.12895	0.00667	0.00596	0.00978	0.01024	0.01339	0.02663	0.03799	0.20029	0.47843	0.01985	0.00404	0.00510	0.00872	0.00382	0.00470
35	0.00730	0.00512	0.00654	0.00754	0.00779	0.00487	0.00486	0.00805	0.01031	0.01374	0.02822	0.60953	0.03366	0.20933	0.01265	0.00311	0.00386	0.01431	0.00486	0.00436

[dist]
# distance from previous block
# <min> <max>
3	5

[block]
# block no. 7 follows, 41 sequences, length 9
# corresponding to MSA columns:
# 490-498
name=unknown_H
#
# <colnr> <probs for GDERKNQSTAVLIFYWHMCP>
#	G	D	E	R	K	N	Q	S	T	A	V	L	I	F	Y	W	H	M	C	P
0	0.01940	0.01466	0.01590	0.01214	0.01676	0.01552	0.00996	0.56410	0.05592	0.03197	0.01343	0.01369	0.00981	0.00637	0.00542	0.00155	0.00580	0.00485	0.00525	0.17750
1	0.14453	0.01103	0.01147	0.00980	0.01311	0.01181	0.00759	0.07300	0.33699	0.04606	0.01724	0.01933	0.01393	0.11043	0.00823	0.00218	0.00473	0.00554	0.00477	0.14822
2	0.04299	0.01262	0.02029	0.09846	0.52029	0.01274	0.01526	0.04274	0.01379	0.14641	0.01272	0.01499	0.00972	0.00556	0.00562	0.00173	0.00645	0.00514	0.00364	0.00885
3	0.07859	0.01490	0.01695	0.03612	0.11531	0.03559	0.01133	0.49198	0.02218	0.10047	0.01354	0.01396	0.00969	0.00649	0.00555	0.00172	0.00623	0.00501	0.00516	0.00922
4	0.00787	0.00602	0.00743	0.00766	0.00903	0.00524	0.00535	0.00919	0.01142	0.01549	0.05299	0.50701	0.12737	0.05099	0.00770	0.00215	0.00350	0.01298	0.00493	0.14567
5	0.01226	0.01348	0.02770	0.02007	0.02516	0.01242	0.57343	0.01637	0.01332	0.01785	0.01938	0.02196	0.13661	0.00643	0.00660	0.00187	0.00818	0.00746	0.00333	0.05613
6	0.01171	0.14500	0.42433	0.01301	0.01936	0.01299	0.01507	0.01629	0.01159	0.01684	0.01055	0.01295	0.00839	0.01006	0.10603	0.00252	0.00827	0.00415	0.00267	0.14823
7	0.00699	0.00512	0.00657	0.00765	0.00823	0.00470	0.00519	0.00812	0.01145	0.01507	0.06660	0.66555	0.13335	0.01720	0.00721	0.00225	0.00324	0.01545	0.00535	0.00470
8	0.00992	0.00715	0.00852	0.00833	0.00957	0.00718	0.00592	0.13378	0.01427	0.01925	0.16538	0.36302	0.05719	0.15064	0.01070	0.00267	0.00408	0.01173	0.00525	0.00545

[dist]
# distance from previous block
# <min> <max>
0	1

[block]
# block no. 8 follows, 41 sequences, length 6
# corresponding to MSA columns:
# 500-505
name=unknown_I
#
# <colnr> <probs for GDERKNQSTAVLIFYWHMCP>
#	G	D	E	R	K	N	Q	S	T	A	V	L	I	F	Y	W	H	M	C	P
0	0.01458	0.00890	0.01254	0.01030	0.01329	0.00822	0.07890	0.01815	0.08939	0.23244	0.12320	0.13233	0.02294	0.10339	0.00883	0.00223	0.00479	0.00807	0.00533	0.10218
1	0.01172	0.01137	0.01633	0.10279	0.01716	0.01554	0.01216	0.01337	0.00913	0.01380	0.00889	0.01420	0.00846	0.01404	0.12143	0.00335	0.59240	0.00517	0.00258	0.00611
2	0.09403	0.00844	0.00959	0.00856	0.01101	0.00838	0.00662	0.13629	0.01577	0.12892	0.18269	0.18392	0.16051	0.01134	0.00623	0.00191	0.00394	0.00960	0.00567	0.00657
3	0.00719	0.00536	0.00669	0.00732	0.00823	0.00486	0.00512	0.00868	0.01263	0.01674	0.20811	0.45925	0.19748	0.01572	0.00705	0.00212	0.00308	0.01397	0.00554	0.00486
4	0.02117	0.01530	0.01874	0.01416	0.01886	0.01638	0.09805	0.58305	0.02420	0.10991	0.01439	0.01453	0.01006	0.00664	0.00585	0.00175	0.00655	0.00540	0.00552	0.00949
5	0.01413	0.01156	0.01306	0.00969	0.01454	0.01024	0.00781	0.17085	0.06676	0.02271	0.01184	0.01292	0.00937	0.00504	0.00466	0.00111	0.00469	0.00398	0.00406	0.60098

[dist]
# distance from previous block
# <min> <max>
0	1

[block]
# block no. 9 follows, 41 sequences, length 7
# corresponding to MSA columns:
# 507-513
name=unknown_J
#
# <colnr> <probs for GDERKNQSTAVLIFYWHMCP>
#	G	D	E	R	K	N	Q	S	T	A	V	L	I	F	Y	W	H	M	C	P
0	0.00994	0.00497	0.00745	0.00745	0.00745	0.00497	0.00497	0.00745	0.00745	0.00994	0.00994	0.01739	0.00994	0.01987	0.02235	0.83358	0.00497	0.00497	0.00248	0.00248
1	0.48962	0.01339	0.15923	0.00937	0.01317	0.01110	0.00897	0.01510	0.01047	0.02170	0.01366	0.18475	0.01344	0.00814	0.00475	0.00190	0.00498	0.00625	0.00371	0.00630
2	0.20165	0.00939	0.01068	0.00879	0.01210	0.00915	0.00687	0.02081	0.06094	0.35454	0.01765	0.02040	0.01355	0.16391	0.00981	0.00247	0.00484	0.00556	0.00525	0.06165
3	0.01408	0.04849	0.35305	0.18791	0.07431	0.16489	0.01692	0.01854	0.01295	0.04221	0.01034	0.01273	0.00771	0.00561	0.00541	0.00174	0.00833	0.00438	0.00274	0.00767
4	0.19278	0.00700	0.00739	0.00694	0.00892	0.00692	0.00533	0.01154	0.01403	0.02181	0.43061	0.03813	0.20667	0.01092	0.00604	0.00182	0.00313	0.00913	0.00546	0.00544
5	0.19713	0.01235	0.01872	0.17804	0.45205	0.01325	0.01469	0.01681	0.01198	0.01943	0.01002	0.01329	0.00814	0.00527	0.00520	0.00176	0.00643	0.00465	0.00293	0.00788
6	0.01814	0.01213	0.01693	0.01664	0.16452	0.01223	0.06615	0.18265	0.09835	0.22475	0.10962	0.01994	0.01708	0.00712	0.00593	0.00178	0.00562	0.00622	0.00538	0.00883

[dist]
# distance from previous block
# <min> <max>
12	17

[block]
# block no. 10 follows, 41 sequences, length 8
# corresponding to MSA columns:
# 534-541
name=unknown_K
#
# <colnr> <probs for GDERKNQSTAVLIFYWHMCP>
#	G	D	E	R	K	N	Q	S	T	A	V	L	I	F	Y	W	H	M	C	P
0	0.01852	0.01187	0.01540	0.01475	0.13575	0.01175	0.01025	0.15992	0.07607	0.25447	0.03824	0.01667	0.01261	0.00657	0.00618	0.00164	0.04591	0.00528	0.00513	0.15303
1	0.01294	0.01050	0.01743	0.01680	0.13681	0.01023	0.17094	0.06377	0.01379	0.09124	0.06445	0.23457	0.02095	0.00981	0.00694	0.00196	0.03548	0.03285	0.00444	0.04410
2	0.01995	0.01503	0.01682	0.01584	0.13711	0.08677	0.01110	0.35980	0.02022	0.14460	0.01377	0.01416	0.00995	0.00621	0.00549	0.00160	0.00629	0.00489	0.00493	0.10548
3	0.05763	0.01138	0.01660	0.16673	0.27038	0.01169	0.01275	0.04494	0.06802	0.05673	0.01390	0.01933	0.01172	0.00647	0.00556	0.00172	0.00598	0.07353	0.00368	0.14125
4	0.01561	0.01406	0.02206	0.03091	0.62061	0.01438	0.01628	0.15663	0.01568	0.02201	0.01133	0.01408	0.00919	0.00544	0.00567	0.00170	0.00670	0.00511	0.00338	0.00919
5	0.01894	0.01552	0.02132	0.01880	0.14042	0.01644	0.15198	0.48799	0.02209	0.02985	0.01284	0.01413	0.00942	0.00619	0.00591	0.00175	0.00702	0.00545	0.00471	0.00923
6	0.01430	0.01513	0.13956	0.16831	0.27272	0.01335	0.01522	0.05904	0.15292	0.07172	0.01390	0.01573	0.01046	0.00600	0.00568	0.00181	0.00663	0.00526	0.00372	0.00853
7	0.48660	0.01042	0.01095	0.01236	0.13234	0.01138	0.00811	0.04063	0.01135	0.05212	0.01370	0.16105	0.01315	0.00781	0.00476	0.00186	0.00468	0.00611	0.00398	0.00662

[dist]
# distance from previous block
# <min> <max>
10	13

[block]
