[name]
unknown

[dist]
# distance from previous block
# <min> <max>
0	98

[block]
# block no. 0 follows, 40 sequences, length 55
# corresponding to MSA columns:
# 99-153
name=unknown_A
#
# <colnr> <probs for GDERKNQSTAVLIFYWHMCP>
#	G	D	E	R	K	N	Q	S	T	A	V	L	I	F	Y	W	H	M	C	P
0	0.01206	0.01034	0.01206	0.00861	0.01378	0.00775	0.00689	0.01464	0.01206	0.01895	0.01034	0.01206	0.00861	0.00431	0.00431	0.00086	0.00431	0.00345	0.00345	0.83118
1	0.01246	0.01032	0.01210	0.00866	0.01381	0.00777	0.00694	0.01503	0.01219	0.04021	0.01070	0.01228	0.00878	0.00439	0.00435	0.00089	0.00432	0.00351	0.00355	0.80772
2	0.05087	0.01594	0.01650	0.01301	0.01738	0.04137	0.01063	0.59215	0.12660	0.03384	0.01494	0.01476	0.01077	0.00702	0.00573	0.00177	0.00621	0.00530	0.00566	0.00956
3	0.01272	0.01272	0.01781	0.01527	0.01527	0.01781	0.01272	0.01399	0.00891	0.01399	0.00763	0.01272	0.00763	0.01018	0.01908	0.00254	0.78499	0.00509	0.00254	0.00636
4	0.01771	0.01968	0.02009	0.05327	0.38659	0.33466	0.01469	0.05211	0.01518	0.01762	0.01023	0.01276	0.00846	0.00563	0.00554	0.00164	0.00843	0.00458	0.00305	0.00810
5	0.00722	0.00618	0.00623	0.00620	0.00819	0.00534	0.00465	0.00936	0.04640	0.01608	0.05688	0.06657	0.71179	0.01448	0.00684	0.00197	0.00303	0.01209	0.00542	0.00510
6	0.00834	0.00633	0.00773	0.00731	0.00891	0.00591	0.00550	0.01165	0.05969	0.02189	0.57613	0.04458	0.18986	0.01220	0.00681	0.00186	0.00289	0.01062	0.00618	0.00560
7	0.00810	0.00594	0.00759	0.00718	0.00861	0.00543	0.00538	0.01072	0.01615	0.02258	0.68810	0.04466	0.12352	0.01217	0.00686	0.00184	0.00276	0.01069	0.00630	0.00543
8	0.02172	0.02772	0.01648	0.01498	0.01798	0.77228	0.01124	0.02322	0.01648	0.01423	0.00899	0.01049	0.00749	0.00599	0.00524	0.00150	0.01049	0.00375	0.00300	0.00674
9	0.81357	0.01121	0.00869	0.00772	0.01135	0.01292	0.00636	0.01742	0.01009	0.04714	0.00852	0.00974	0.00653	0.00545	0.00366	0.00180	0.00451	0.00323	0.00370	0.00640
10	0.01439	0.01382	0.02360	0.03569	0.75936	0.01382	0.01785	0.01785	0.01324	0.01900	0.01094	0.01439	0.00921	0.00518	0.00576	0.00173	0.00691	0.00518	0.00288	0.00921
11	0.01235	0.05130	0.57783	0.01991	0.14228	0.01394	0.06534	0.01831	0.01251	0.01837	0.01052	0.01273	0.00775	0.00541	0.00559	0.00181	0.00832	0.00456	0.00255	0.00861
12	0.01084	0.00542	0.00542	0.00542	0.00678	0.00542	0.00407	0.01355	0.01220	0.02168	0.01897	0.02168	0.01491	0.00678	0.00407	0.00136	0.00271	0.00542	0.82791	0.00542
13	0.00727	0.00591	0.00644	0.00631	0.00810	0.00508	0.00473	0.00912	0.01420	0.01794	0.26350	0.05229	0.55101	0.01389	0.00687	0.00192	0.00289	0.01176	0.00569	0.00508
14	0.02172	0.02772	0.01648	0.01498	0.01798	0.77228	0.01124	0.02322	0.01648	0.01423	0.00899	0.01049	0.00749	0.00599	0.00524	0.00150	0.01049	0.00375	0.00300	0.00674
15	0.00846	0.00564	0.00634	0.00634	0.00634	0.00564	0.00352	0.00846	0.00846	0.01128	0.01832	0.03805	0.02114	0.79563	0.02960	0.00564	0.00564	0.00846	0.00352	0.00352
16	0.02609	0.00990	0.01350	0.01035	0.01484	0.00855	0.00855	0.02834	0.01664	0.76338	0.02294	0.01979	0.01439	0.00720	0.00585	0.00180	0.00495	0.00585	0.00720	0.00990
17	0.02211	0.01629	0.01745	0.01338	0.01803	0.01803	0.01105	0.73997	0.02734	0.03665	0.01396	0.01396	0.00989	0.00698	0.00582	0.00175	0.00640	0.00524	0.00582	0.00989
18	0.00846	0.00564	0.00634	0.00634	0.00634	0.00564	0.00352	0.00846	0.00846	0.01128	0.01832	0.03805	0.02114	0.79563	0.02960	0.00564	0.00564	0.00846	0.00352	0.00352
19	0.02172	0.02772	0.01648	0.01498	0.01798	0.77228	0.01124	0.02322	0.01648	0.01423	0.00899	0.01049	0.00749	0.00599	0.00524	0.00150	0.01049	0.00375	0.00300	0.00674
20	0.00846	0.00564	0.00634	0.00634	0.00634	0.00564	0.00352	0.00846	0.00846	0.01128	0.01832	0.03805	0.02114	0.79563	0.02960	0.00564	0.00564	0.00846	0.00352	0.00352
21	0.00709	0.00506	0.00675	0.00810	0.00843	0.00472	0.00540	0.00810	0.01113	0.01484	0.03205	0.79184	0.03846	0.01822	0.00742	0.00236	0.00337	0.01653	0.00540	0.00472
22	0.83671	0.01125	0.00855	0.00765	0.01125	0.01305	0.00630	0.01709	0.00990	0.02609	0.00810	0.00945	0.00630	0.00540	0.00360	0.00180	0.00450	0.00315	0.00360	0.00630
23	0.00709	0.00506	0.00675	0.00810	0.00843	0.00472	0.00540	0.00810	0.01113	0.01484	0.03205	0.79184	0.03846	0.01822	0.00742	0.00236	0.00337	0.01653	0.00540	0.00472
24	0.00709	0.00506	0.00675	0.00810	0.00843	0.00472	0.00540	0.00810	0.01113	0.01484	0.03205	0.79184	0.03846	0.01822	0.00742	0.00236	0.00337	0.01653	0.00540	0.00472
25	0.01655	0.72418	0.02886	0.00999	0.01492	0.02164	0.00982	0.01845	0.01227	0.08487	0.00950	0.01032	0.00812	0.00519	0.00393	0.00130	0.00610	0.00337	0.00293	0.00769
26	0.02141	0.06771	0.01724	0.01467	0.01782	0.70828	0.01116	0.04647	0.01659	0.01494	0.00910	0.01054	0.00757	0.00597	0.00518	0.00149	0.01013	0.00376	0.00306	0.00688
27	0.01302	0.06403	0.18308	0.01059	0.01648	0.01005	0.01047	0.01648	0.01237	0.06276	0.01097	0.01240	0.00860	0.00479	0.00464	0.00116	0.00543	0.00376	0.00339	0.54553
28	0.01110	0.01046	0.01766	0.75507	0.06569	0.01295	0.01621	0.01496	0.01169	0.01501	0.01036	0.01546	0.00780	0.00579	0.00581	0.00193	0.00772	0.00517	0.00259	0.00656
29	0.00802	0.00585	0.00754	0.00730	0.00861	0.00537	0.00541	0.01050	0.01570	0.02195	0.63584	0.12182	0.09886	0.01273	0.00692	0.00189	0.00282	0.01125	0.00623	0.00537
30	0.01439	0.01382	0.02360	0.03569	0.75936	0.01382	0.01785	0.01785	0.01324	0.01900	0.01094	0.01439	0.00921	0.00518	0.00576	0.00173	0.00691	0.00518	0.00288	0.00921
31	0.02364	0.01414	0.06875	0.01331	0.01805	0.06556	0.08148	0.06914	0.01711	0.51104	0.02049	0.03842	0.01408	0.00770	0.00635	0.00200	0.00647	0.00623	0.00631	0.00972
32	0.02464	0.01132	0.01573	0.01503	0.13142	0.01018	0.01044	0.02728	0.04323	0.60937	0.02193	0.02033	0.01459	0.00757	0.00627	0.00198	0.00559	0.00609	0.00677	0.01024
33	0.02689	0.01062	0.01417	0.01103	0.01556	0.00914	0.00897	0.02882	0.01721	0.75200	0.02377	0.02110	0.01528	0.00786	0.00628	0.00199	0.00530	0.00616	0.00749	0.01037
34	0.00878	0.00671	0.00960	0.00995	0.01079	0.00620	0.06131	0.00973	0.01182	0.01589	0.03032	0.67397	0.03561	0.06676	0.00919	0.00272	0.00438	0.01543	0.00541	0.00545
35	0.02487	0.01081	0.01399	0.01117	0.01542	0.00975	0.00904	0.05378	0.06855	0.62854	0.04461	0.02320	0.01713	0.00833	0.00639	0.00203	0.00528	0.02980	0.00726	0.01005
36	0.02297	0.01691	0.01806	0.01401	0.01869	0.01847	0.01143	0.72870	0.02773	0.03727	0.01494	0.01536	0.01085	0.00765	0.00625	0.00193	0.00673	0.00556	0.00613	0.01037
37	0.00819	0.00586	0.00753	0.00882	0.00925	0.00538	0.00587	0.00891	0.01179	0.01582	0.03273	0.78040	0.03895	0.01870	0.00783	0.00254	0.00375	0.01667	0.00572	0.00529
38	0.01486	0.01471	0.05317	0.12580	0.63091	0.01420	0.01805	0.01816	0.01363	0.01938	0.01187	0.01584	0.00993	0.00597	0.00619	0.00195	0.00740	0.00547	0.00318	0.00934
39	0.01538	0.01442	0.02372	0.03505	0.71956	0.01435	0.01779	0.01899	0.04175	0.02011	0.01245	0.01607	0.01051	0.00598	0.00620	0.00193	0.00714	0.00556	0.00335	0.00970
40	0.00940	0.00701	0.01009	0.01004	0.01117	0.00788	0.00771	0.01116	0.01003	0.01450	0.01652	0.02410	0.01542	0.04368	0.76036	0.00941	0.01575	0.00654	0.00347	0.00575
41	0.82412	0.01195	0.00930	0.00837	0.01202	0.01357	0.00676	0.01776	0.01057	0.02689	0.00917	0.01092	0.00732	0.00609	0.00407	0.00199	0.00486	0.00351	0.00395	0.00683
42	0.00932	0.00673	0.00854	0.00805	0.00950	0.00613	0.00596	0.01174	0.01703	0.02416	0.74501	0.04435	0.05509	0.01247	0.00728	0.00202	0.00313	0.01075	0.00670	0.00604
43	0.82412	0.01195	0.00930	0.00837	0.01202	0.01357	0.00676	0.01776	0.01057	0.02689	0.00917	0.01092	0.00732	0.00609	0.00407	0.00199	0.00486	0.00351	0.00395	0.00683
44	0.01609	0.01325	0.01401	0.01251	0.01594	0.01494	0.00967	0.05975	0.68751	0.04667	0.02407	0.02261	0.01817	0.00849	0.00634	0.00214	0.00504	0.00680	0.00626	0.00974
45	0.01189	0.00622	0.00623	0.00618	0.00762	0.00607	0.00456	0.01427	0.01283	0.02255	0.01986	0.02296	0.01578	0.00745	0.00453	0.00155	0.00310	0.00574	0.81465	0.00597
46	0.82412	0.01195	0.00930	0.00837	0.01202	0.01357	0.00676	0.01776	0.01057	0.02689	0.00917	0.01092	0.00732	0.00609	0.00407	0.00199	0.00486	0.00351	0.00395	0.00683
47	0.01308	0.01105	0.01276	0.00932	0.01451	0.00836	0.00734	0.01535	0.01270	0.01986	0.01137	0.01349	0.00959	0.00502	0.00477	0.00107	0.00467	0.00380	0.00380	0.81810
48	0.01203	0.01105	0.01805	0.76960	0.04035	0.01344	0.01645	0.01556	0.01227	0.01584	0.01137	0.01688	0.00875	0.00650	0.00625	0.00212	0.00806	0.00549	0.00295	0.00699
49	0.82412	0.01195	0.00930	0.00837	0.01202	0.01357	0.00676	0.01776	0.01057	0.02689	0.00917	0.01092	0.00732	0.00609	0.00407	0.00199	0.00486	0.00351	0.00395	0.00683
50	0.00954	0.00643	0.00714	0.00709	0.00719	0.00628	0.00403	0.00926	0.00916	0.01231	0.01923	0.03906	0.02192	0.78328	0.02964	0.00576	0.00598	0.00873	0.00387	0.00411
51	0.00940	0.00701	0.01009	0.01004	0.01117	0.00788	0.00771	0.01116	0.01003	0.01450	0.01652	0.02410	0.01542	0.04368	0.76036	0.00941	0.01575	0.00654	0.00347	0.00575
52	0.82412	0.01195	0.00930	0.00837	0.01202	0.01357	0.00676	0.01776	0.01057	0.02689	0.00917	0.01092	0.00732	0.00609	0.00407	0.00199	0.00486	0.00351	0.00395	0.00683
53	0.01545	0.01317	0.01383	0.01249	0.01583	0.01496	0.00961	0.03134	0.73732	0.02515	0.02448	0.02297	0.01858	0.00854	0.00635	0.00216	0.00496	0.00688	0.00623	0.00969
54	0.00954	0.00643	0.00714	0.00709	0.00719	0.00628	0.00403	0.00926	0.00916	0.01231	0.01923	0.03906	0.02192	0.78328	0.02964	0.00576	0.00598	0.00873	0.00387	0.00411

[dist]
# distance from previous block
# <min> <max>
0	2

[block]
# block no. 1 follows, 40 sequences, length 63
# corresponding to MSA columns:
# 156-218
name=unknown_B
#
# <colnr> <probs for GDERKNQSTAVLIFYWHMCP>
#	G	D	E	R	K	N	Q	S	T	A	V	L	I	F	Y	W	H	M	C	P
0	0.01618	0.79107	0.03073	0.01040	0.01539	0.02324	0.01021	0.01784	0.01224	0.01434	0.00879	0.01030	0.00812	0.00543	0.00404	0.00137	0.00644	0.00335	0.00273	0.00780
1	0.00894	0.00646	0.00828	0.00780	0.00922	0.00591	0.00580	0.01148	0.01683	0.02387	0.74890	0.04404	0.05501	0.01227	0.00713	0.00195	0.00300	0.01067	0.00660	0.00585
2	0.01339	0.01317	0.01821	0.01566	0.01573	0.01810	0.01295	0.01446	0.00936	0.01465	0.00834	0.01365	0.00829	0.01058	0.01923	0.00266	0.77678	0.00530	0.00278	0.00671
3	0.00781	0.00559	0.00726	0.00857	0.00897	0.00515	0.00571	0.00863	0.01156	0.01549	0.03249	0.78434	0.03878	0.01853	0.00769	0.00248	0.00362	0.01662	0.00561	0.00509
4	0.01494	0.54509	0.26582	0.01252	0.01867	0.02020	0.01390	0.01817	0.01238	0.01585	0.00954	0.01124	0.00809	0.00561	0.00461	0.00156	0.00720	0.00373	0.00272	0.00816
5	0.00781	0.00559	0.00726	0.00857	0.00897	0.00515	0.00571	0.00863	0.01156	0.01549	0.03249	0.78434	0.03878	0.01853	0.00769	0.00248	0.00362	0.01662	0.00561	0.00509
6	0.01234	0.03033	0.75781	0.01695	0.02552	0.01384	0.02162	0.01884	0.01269	0.01902	0.01111	0.01321	0.00802	0.00598	0.00581	0.00196	0.00878	0.00452	0.00270	0.00892
7	0.01600	0.51903	0.20386	0.01242	0.01818	0.04693	0.01308	0.07568	0.01374	0.01730	0.00984	0.01141	0.00829	0.00576	0.00468	0.00156	0.00716	0.00382	0.00300	0.00824
8	0.01167	0.01080	0.01784	0.77376	0.04025	0.01326	0.01634	0.01532	0.01205	0.01550	0.01101	0.01641	0.00840	0.00626	0.00610	0.00206	0.00795	0.00538	0.00282	0.00681
9	0.00781	0.00559	0.00726	0.00857	0.00897	0.00515	0.00571	0.00863	0.01156	0.01549	0.03249	0.78434	0.03878	0.01853	0.00769	0.00248	0.00362	0.01662	0.00561	0.00509
10	0.02648	0.01057	0.01406	0.01089	0.01541	0.00924	0.00890	0.05125	0.01735	0.73285	0.02320	0.02046	0.01483	0.00762	0.00613	0.00192	0.00522	0.00603	0.00734	0.01021
11	0.01492	0.01413	0.02372	0.06181	0.72676	0.01412	0.01796	0.01817	0.01359	0.01945	0.01159	0.01535	0.00980	0.00566	0.00604	0.00186	0.00715	0.00539	0.00310	0.00943
12	0.00917	0.00616	0.00686	0.00683	0.00690	0.00606	0.00385	0.00899	0.00891	0.01196	0.01891	0.03871	0.02165	0.78754	0.02963	0.00572	0.00586	0.00863	0.00375	0.00390
13	0.01007	0.00720	0.00986	0.01115	0.01254	0.00710	0.00964	0.01254	0.01379	0.01802	0.03125	0.06596	0.03384	0.01640	0.00829	0.00279	0.00558	0.71270	0.00556	0.00572
14	0.01477	0.01403	0.02373	0.09186	0.67968	0.01410	0.03552	0.01807	0.01354	0.01927	0.01158	0.01542	0.00973	0.00568	0.00607	0.00187	0.00725	0.00544	0.00309	0.00929
15	0.01542	0.01287	0.01360	0.01222	0.01558	0.01463	0.00946	0.03112	0.72149	0.04486	0.02418	0.02248	0.01820	0.00830	0.00620	0.00209	0.00485	0.00675	0.00615	0.00954
16	0.01234	0.03033	0.75781	0.01695	0.02552	0.01384	0.02162	0.01884	0.01269	0.01902	0.01111	0.01321	0.00802	0.00598	0.00581	0.00196	0.00878	0.00452	0.00270	0.00892
17	0.01234	0.03033	0.75781	0.01695	0.02552	0.01384	0.02162	0.01884	0.01269	0.01902	0.01111	0.01321	0.00802	0.00598	0.00581	0.00196	0.00878	0.00452	0.00270	0.00892
18	0.02661	0.01037	0.01394	0.01079	0.01531	0.00894	0.00882	0.02865	0.01701	0.75593	0.02348	0.02065	0.01497	0.00763	0.00613	0.00192	0.00518	0.00605	0.00739	0.01021
19	0.00760	0.00641	0.00642	0.00639	0.00840	0.00534	0.00474	0.00888	0.01366	0.01634	0.05906	0.05643	0.74955	0.01508	0.00715	0.00209	0.00320	0.01241	0.00561	0.00528
20	0.00761	0.00637	0.00646	0.00649	0.00842	0.00533	0.00479	0.00886	0.01356	0.01630	0.05779	0.09131	0.71549	0.01525	0.00717	0.00210	0.00322	0.01261	0.00561	0.00527
21	0.00902	0.00674	0.00983	0.00980	0.01090	0.00767	0.00756	0.01089	0.00979	0.01416	0.01620	0.02367	0.01512	0.04365	0.76458	0.00939	0.01569	0.00643	0.00335	0.00555
22	0.02267	0.01669	0.01785	0.01379	0.01847	0.01832	0.01130	0.73259	0.02759	0.03706	0.01460	0.01488	0.01052	0.00742	0.00610	0.00187	0.00661	0.00545	0.00602	0.01020
23	0.00902	0.00674	0.00983	0.00980	0.01090	0.00767	0.00756	0.01089	0.00979	0.01416	0.01620	0.02367	0.01512	0.04365	0.76458	0.00939	0.01569	0.00643	0.00335	0.00555
24	0.82846	0.01170	0.00904	0.00812	0.01175	0.01339	0.00660	0.01753	0.01034	0.02661	0.00880	0.01041	0.00696	0.00585	0.00391	0.00192	0.00473	0.00338	0.00383	0.00665
25	0.00917	0.00616	0.00686	0.00683	0.00690	0.00606	0.00385	0.00899	0.00891	0.01196	0.01891	0.03871	0.02165	0.78754	0.02963	0.00572	0.00586	0.00863	0.00375	0.00390
26	0.02625	0.01095	0.01430	0.01107	0.01560	0.00980	0.00905	0.09351	0.01799	0.68970	0.02266	0.02012	0.01456	0.00761	0.00613	0.00192	0.00531	0.00600	0.00726	0.01021
27	0.01511	0.01294	0.01359	0.01226	0.01558	0.01479	0.00947	0.03119	0.74130	0.02487	0.02420	0.02253	0.01829	0.00832	0.00620	0.00209	0.00484	0.00677	0.00612	0.00952
28	0.00789	0.00650	0.00682	0.00694	0.00888	0.00554	0.00531	0.00930	0.01368	0.01654	0.05582	0.05754	0.66618	0.01523	0.00728	0.00217	0.00347	0.09398	0.00560	0.00533
29	0.02661	0.01037	0.01394	0.01079	0.01531	0.00894	0.00882	0.02865	0.01701	0.75593	0.02348	0.02065	0.01497	0.00763	0.00613	0.00192	0.00518	0.00605	0.00739	0.01021
30	0.02267	0.01669	0.01785	0.01379	0.01847	0.01832	0.01130	0.73259	0.02759	0.03706	0.01460	0.01488	0.01052	0.00742	0.00610	0.00187	0.00661	0.00545	0.00602	0.01020
31	0.02661	0.01037	0.01394	0.01079	0.01531	0.00894	0.00882	0.02865	0.01701	0.75593	0.02348	0.02065	0.01497	0.00763	0.00613	0.00192	0.00518	0.00605	0.00739	0.01021
32	0.00760	0.00641	0.00642	0.00639	0.00840	0.00534	0.00474	0.00888	0.01366	0.01634	0.05906	0.05643	0.74955	0.01508	0.00715	0.00209	0.00320	0.01241	0.00561	0.00528
33	0.01273	0.01080	0.01252	0.00908	0.01426	0.00815	0.00718	0.01510	0.01248	0.01955	0.01101	0.01300	0.00926	0.00477	0.00461	0.00099	0.00454	0.00368	0.00367	0.82261
34	0.02661	0.01037	0.01394	0.01079	0.01531	0.00894	0.00882	0.02865	0.01701	0.75593	0.02348	0.02065	0.01497	0.00763	0.00613	0.00192	0.00518	0.00605	0.00739	0.01021
35	0.00902	0.00674	0.00983	0.00980	0.01090	0.00767	0.00756	0.01089	0.00979	0.01416	0.01620	0.02367	0.01512	0.04365	0.76458	0.00939	0.01569	0.00643	0.00335	0.00555
36	0.02267	0.01669	0.01785	0.01379	0.01847	0.01832	0.01130	0.73259	0.02759	0.03706	0.01460	0.01488	0.01052	0.00742	0.00610	0.00187	0.00661	0.00545	0.00602	0.01020
37	0.01504	0.01425	0.02394	0.03587	0.75177	0.01415	0.01802	0.01827	0.01365	0.01960	0.01161	0.01531	0.00985	0.00564	0.00604	0.00185	0.00712	0.00539	0.00311	0.00953
38	0.01167	0.01080	0.01784	0.77376	0.04025	0.01326	0.01634	0.01532	0.01205	0.01550	0.01101	0.01641	0.00840	0.00626	0.00610	0.00206	0.00795	0.00538	0.00282	0.00681
39	0.82846	0.01170	0.00904	0.00812	0.01175	0.01339	0.00660	0.01753	0.01034	0.02661	0.00880	0.01041	0.00696	0.00585	0.00391	0.00192	0.00473	0.00338	0.00383	0.00665
40	0.01618	0.79107	0.03073	0.01040	0.01539	0.02324	0.01021	0.01784	0.01224	0.01434	0.00879	0.01030	0.00812	0.00543	0.00404	0.00137	0.00644	0.00335	0.00273	0.00780
41	0.00769	0.00641	0.00656	0.00662	0.00856	0.00540	0.00494	0.00900	0.01360	0.01638	0.05729	0.07813	0.70326	0.01523	0.00720	0.00212	0.00329	0.03742	0.00561	0.00529
42	0.00869	0.00645	0.00793	0.00753	0.00907	0.00580	0.00560	0.01099	0.01624	0.02245	0.61920	0.04637	0.18560	0.01280	0.00713	0.00198	0.00304	0.01100	0.00641	0.00574
43	0.00917	0.00616	0.00686	0.00683	0.00690	0.00606	0.00385	0.00899	0.00891	0.01196	0.01891	0.03871	0.02165	0.78754	0.02963	0.00572	0.00586	0.00863	0.00375	0.00390
44	0.00956	0.00660	0.00848	0.00790	0.00943	0.00602	0.00590	0.01208	0.01684	0.04961	0.72339	0.04322	0.05360	0.01211	0.00710	0.00195	0.00307	0.01051	0.00663	0.00600
45	0.01497	0.72508	0.02850	0.01002	0.01466	0.02149	0.00990	0.01691	0.01196	0.01403	0.01021	0.01459	0.00989	0.00601	0.00413	0.00138	0.00614	0.07012	0.00276	0.00727
46	0.01288	0.01633	0.19805	0.37509	0.17969	0.01372	0.01729	0.08469	0.01359	0.01860	0.01082	0.01436	0.00816	0.00573	0.00573	0.00185	0.00766	0.00497	0.00292	0.00785
47	0.02433	0.01027	0.01406	0.08260	0.01736	0.00948	0.00941	0.06713	0.01675	0.64684	0.02132	0.01941	0.01366	0.00712	0.00586	0.00182	0.00530	0.01108	0.00667	0.00954
48	0.02445	0.01033	0.01528	0.01159	0.01613	0.00904	0.07665	0.02696	0.01637	0.67349	0.04201	0.02006	0.01498	0.00711	0.00597	0.00182	0.00534	0.00607	0.00678	0.00958
49	0.01084	0.00542	0.00542	0.00542	0.00678	0.00542	0.00407	0.01355	0.01220	0.02168	0.01897	0.02168	0.01491	0.00678	0.00407	0.00136	0.00271	0.00542	0.82791	0.00542
50	0.00875	0.00625	0.00745	0.00732	0.00734	0.00670	0.00453	0.00895	0.00871	0.01182	0.01842	0.09605	0.02127	0.65998	0.02684	0.00509	0.07828	0.00879	0.00358	0.00388
51	0.02377	0.01079	0.01375	0.01078	0.01497	0.01014	0.00880	0.16952	0.01835	0.55761	0.02187	0.08044	0.01542	0.00804	0.00597	0.00183	0.00511	0.00658	0.00678	0.00948
52	0.00848	0.00714	0.00790	0.07898	0.01168	0.00671	0.00605	0.06754	0.01423	0.01731	0.05077	0.04882	0.62716	0.01327	0.00669	0.00194	0.00367	0.01105	0.00517	0.00545
53	0.01325	0.01476	0.03139	0.15589	0.03207	0.01440	0.61294	0.01797	0.01336	0.01797	0.01152	0.01565	0.00864	0.00506	0.00668	0.00196	0.00945	0.00657	0.00288	0.00760
54	0.08133	0.01324	0.02145	0.03108	0.62988	0.01326	0.01605	0.01877	0.01329	0.08913	0.01183	0.01450	0.00946	0.00539	0.00559	0.00174	0.00653	0.00508	0.00334	0.00904
55	0.69315	0.01060	0.00866	0.00777	0.01119	0.01184	0.00626	0.01606	0.01019	0.02447	0.01051	0.08277	0.00949	0.00651	0.00401	0.00178	0.00438	0.00442	0.00375	0.07220
56	0.00729	0.00524	0.00705	0.00812	0.00861	0.00500	0.00556	0.00855	0.01149	0.01553	0.09841	0.66033	0.03808	0.01966	0.06864	0.00287	0.00429	0.01514	0.00531	0.00483
57	0.01518	0.01579	0.03139	0.02258	0.02825	0.01528	0.61206	0.14379	0.01609	0.02175	0.01215	0.01539	0.00901	0.00526	0.00668	0.00192	0.00921	0.00658	0.00344	0.00820
58	0.02278	0.00912	0.01226	0.00978	0.01369	0.00790	0.00792	0.02485	0.01586	0.63357	0.02667	0.09483	0.07611	0.00883	0.00608	0.00187	0.00464	0.00736	0.00689	0.00901
59	0.09823	0.01582	0.01662	0.01284	0.01740	0.01757	0.01061	0.67242	0.02571	0.03566	0.01341	0.01354	0.00955	0.00683	0.00561	0.00175	0.00622	0.00504	0.00561	0.00955
60	0.01109	0.01021	0.01639	0.64788	0.03535	0.01261	0.01479	0.01600	0.08034	0.01563	0.01200	0.01667	0.00923	0.00903	0.06722	0.00253	0.00808	0.00538	0.00294	0.00661
61	0.02181	0.01564	0.01843	0.01399	0.01873	0.01688	0.06905	0.61571	0.02525	0.10312	0.01462	0.01464	0.01023	0.00683	0.00590	0.00177	0.00654	0.00542	0.00572	0.00973
62	0.01491	0.51130	0.04178	0.01017	0.01439	0.09502	0.00935	0.03274	0.01248	0.01486	0.02816	0.03790	0.01087	0.07142	0.00636	0.00168	0.00634	0.00433	0.00296	0.07297

[dist]
# distance from previous block
# <min> <max>
0	5

[block]
# block no. 2 follows, 40 sequences, length 18
# corresponding to MSA columns:
# 224-241
name=unknown_C
#
# <colnr> <probs for GDERKNQSTAVLIFYWHMCP>
#	G	D	E	R	K	N	Q	S	T	A	V	L	I	F	Y	W	H	M	C	P
0	0.01164	0.01114	0.01574	0.01382	0.01407	0.01524	0.01139	0.01311	0.00901	0.01387	0.00957	0.01519	0.00932	0.01834	0.20311	0.00421	0.59708	0.00537	0.00268	0.00608
1	0.01827	0.02084	0.01746	0.01932	0.19839	0.41363	0.01239	0.02367	0.18329	0.01771	0.01282	0.01401	0.01026	0.00623	0.00552	0.00166	0.00827	0.00474	0.00364	0.00791
2	0.01772	0.40211	0.02707	0.01376	0.01878	0.04203	0.18754	0.02040	0.01354	0.18647	0.01241	0.01331	0.00938	0.00550	0.00503	0.00155	0.00694	0.00467	0.00369	0.00809
3	0.00964	0.01211	0.19323	0.01091	0.01372	0.00803	0.01073	0.01271	0.01220	0.01665	0.07260	0.04476	0.02574	0.19160	0.01227	0.00309	0.00603	0.33394	0.00430	0.00574
4	0.01884	0.06989	0.27444	0.01314	0.01902	0.01346	0.01362	0.18676	0.03638	0.25676	0.03088	0.01573	0.01142	0.00654	0.00561	0.00177	0.00656	0.00511	0.00489	0.00918
5	0.01460	0.61131	0.20998	0.01157	0.01743	0.02069	0.01277	0.01766	0.01193	0.01484	0.00866	0.01005	0.00744	0.00511	0.00417	0.00139	0.00680	0.00340	0.00248	0.00774
6	0.00835	0.00648	0.00927	0.19662	0.01568	0.00693	0.00759	0.00983	0.01064	0.01403	0.02361	0.42974	0.02700	0.19309	0.01210	0.00301	0.00496	0.01191	0.00428	0.00487
7	0.20054	0.06765	0.36495	0.20098	0.02500	0.01383	0.01601	0.01718	0.01155	0.01902	0.00973	0.01224	0.00722	0.00553	0.00505	0.00182	0.00731	0.00417	0.00275	0.00748
8	0.01113	0.01060	0.01807	0.73282	0.03901	0.01312	0.04249	0.01497	0.01163	0.01497	0.01031	0.01543	0.00779	0.00590	0.00622	0.00196	0.02925	0.00523	0.00260	0.00651
9	0.00730	0.00547	0.00677	0.00738	0.00835	0.00494	0.00518	0.00882	0.01287	0.01700	0.20435	0.44085	0.21770	0.01592	0.00716	0.00214	0.00312	0.01412	0.00563	0.00494
10	0.00709	0.00506	0.00675	0.00810	0.00843	0.00472	0.00540	0.00810	0.01113	0.01484	0.03205	0.79184	0.03846	0.01822	0.00742	0.00236	0.00337	0.01653	0.00540	0.00472
11	0.01340	0.01285	0.01903	0.19878	0.37662	0.04900	0.01446	0.01664	0.01274	0.01781	0.01056	0.01389	0.00865	0.00515	0.00539	0.00155	0.00664	0.00468	0.00296	0.20921
12	0.01131	0.01954	0.40868	0.18893	0.02408	0.01140	0.01601	0.01641	0.01211	0.01840	0.01250	0.01531	0.00930	0.00590	0.00523	0.00174	0.00696	0.00477	0.20408	0.00733
13	0.01334	0.01446	0.02922	0.02087	0.02659	0.01311	0.57087	0.01772	0.01334	0.01870	0.01144	0.01486	0.00878	0.00477	0.00628	0.00171	0.00855	0.00608	0.00306	0.19626
14	0.21244	0.01952	0.38517	0.01252	0.01815	0.01159	0.03575	0.01640	0.01270	0.02142	0.18059	0.01882	0.01802	0.00693	0.00540	0.00183	0.00629	0.00552	0.00365	0.00730
15	0.00920	0.00767	0.00963	0.00900	0.01028	0.00837	0.00705	0.01136	0.03216	0.03035	0.22264	0.10631	0.28288	0.01300	0.00971	0.00212	0.18206	0.03558	0.00505	0.00559
16	0.01484	0.02299	0.41303	0.02017	0.19144	0.01468	0.01810	0.19451	0.01618	0.02300	0.01141	0.01317	0.00840	0.00580	0.00565	0.00179	0.00767	0.00473	0.00337	0.00905
17	0.01323	0.42548	0.02186	0.01042	0.01304	0.01776	0.00916	0.01453	0.01034	0.01321	0.01032	0.01673	0.01063	0.18718	0.01340	0.00257	0.19628	0.00482	0.00274	0.00629

[dist]
# distance from previous block
# <min> <max>
0	1

[block]
# block no. 3 follows, 40 sequences, length 35
# corresponding to MSA columns:
# 243-277
name=unknown_D
#
# <colnr> <probs for GDERKNQSTAVLIFYWHMCP>
#	G	D	E	R	K	N	Q	S	T	A	V	L	I	F	Y	W	H	M	C	P
0	0.01371	0.01548	0.03131	0.02270	0.02803	0.04251	0.63293	0.01813	0.01349	0.01817	0.01212	0.04098	0.00970	0.00557	0.00721	0.00194	0.03991	0.00688	0.00303	0.03619
1	0.01412	0.01338	0.02282	0.06254	0.70646	0.01348	0.01734	0.01738	0.01298	0.01854	0.01089	0.01455	0.00919	0.00573	0.00635	0.03048	0.00688	0.00518	0.00286	0.00888
2	0.02178	0.02774	0.01652	0.01502	0.01802	0.77153	0.01126	0.02326	0.01652	0.01429	0.00906	0.01058	0.00755	0.00604	0.00527	0.00151	0.01050	0.00377	0.00302	0.00677
3	0.01212	0.01038	0.01210	0.00866	0.01383	0.00779	0.00692	0.01469	0.01210	0.01901	0.01040	0.01215	0.00867	0.00435	0.00434	0.00087	0.00433	0.00347	0.00347	0.83036
4	0.01105	0.01038	0.01748	0.78090	0.04007	0.01295	0.01617	0.01490	0.01167	0.01492	0.01040	0.01559	0.00781	0.00586	0.00584	0.00195	0.00777	0.00519	0.00261	0.00649
5	0.01445	0.01386	0.02364	0.03571	0.75863	0.01385	0.01786	0.01789	0.01328	0.01906	0.01100	0.01448	0.00927	0.00523	0.00578	0.00174	0.00693	0.00520	0.00290	0.00924
6	0.02614	0.00994	0.01354	0.01039	0.01489	0.00858	0.00857	0.02837	0.01668	0.76267	0.02299	0.01988	0.01445	0.00724	0.00588	0.00181	0.00497	0.00587	0.00722	0.00993
7	0.01174	0.01081	0.01772	0.71325	0.06726	0.01324	0.01598	0.05118	0.01252	0.01617	0.01061	0.01547	0.00798	0.00589	0.00584	0.00193	0.00767	0.00519	0.00278	0.00677
8	0.00830	0.00599	0.00782	0.00736	0.00874	0.00553	0.00552	0.01102	0.01650	0.02337	0.75558	0.04350	0.05488	0.01193	0.00688	0.00184	0.00277	0.01053	0.00642	0.00552
9	0.01422	0.01227	0.01290	0.01164	0.01488	0.01411	0.00904	0.03003	0.71869	0.02403	0.02513	0.02315	0.04738	0.00820	0.00598	0.00198	0.00456	0.00682	0.00592	0.00906
10	0.01105	0.01038	0.01748	0.78090	0.04007	0.01295	0.01617	0.01490	0.01167	0.01492	0.01040	0.01559	0.00781	0.00586	0.00584	0.00195	0.00777	0.00519	0.00261	0.00649
11	0.01143	0.01077	0.01816	0.69825	0.11976	0.01305	0.01636	0.01523	0.01185	0.01538	0.01047	0.01547	0.00798	0.00579	0.00584	0.00193	0.00768	0.00519	0.00264	0.00680
12	0.00852	0.00569	0.00639	0.00639	0.00640	0.00568	0.00356	0.00851	0.00850	0.01134	0.01838	0.03812	0.02119	0.79485	0.02960	0.00565	0.00566	0.00847	0.00355	0.00356
13	0.00694	0.00594	0.00594	0.00594	0.00791	0.00495	0.00445	0.00840	0.01329	0.01577	0.05892	0.05601	0.75628	0.01476	0.00690	0.00198	0.00297	0.01229	0.00542	0.00494
14	0.00803	0.00590	0.00750	0.00727	0.00862	0.00539	0.00538	0.01044	0.01561	0.02166	0.60388	0.11750	0.13535	0.01287	0.00694	0.00191	0.00285	0.01132	0.00621	0.00538
15	0.01085	0.00656	0.00864	0.00780	0.00962	0.00597	0.00595	0.01351	0.01652	0.12922	0.65069	0.04011	0.04909	0.01125	0.00674	0.00184	0.00308	0.00986	0.00653	0.00615
16	0.01173	0.03010	0.76476	0.01661	0.02520	0.01354	0.02150	0.01846	0.01232	0.01847	0.01050	0.01237	0.00743	0.00557	0.00555	0.00185	0.00861	0.00432	0.00248	0.00863
17	0.83591	0.01129	0.00859	0.00769	0.01129	0.01308	0.00633	0.01714	0.00994	0.02614	0.00816	0.00954	0.00636	0.00544	0.00363	0.00181	0.00452	0.00317	0.00362	0.00633
18	0.00725	0.00521	0.00689	0.00820	0.00863	0.00486	0.00557	0.00833	0.01133	0.01504	0.03278	0.73907	0.05803	0.01806	0.00746	0.00238	0.00347	0.04725	0.00542	0.00479
19	0.00838	0.00626	0.00928	0.00928	0.01028	0.00725	0.00716	0.01036	0.00936	0.01348	0.01574	0.02349	0.01484	0.07151	0.74426	0.00921	0.01522	0.00633	0.00315	0.00517
20	0.00899	0.00657	0.00879	0.00981	0.01125	0.00639	0.00840	0.01147	0.01360	0.01758	0.08143	0.06276	0.14398	0.01563	0.00781	0.00253	0.00485	0.56739	0.00545	0.00533
21	0.02178	0.02774	0.01652	0.01502	0.01802	0.77153	0.01126	0.02326	0.01652	0.01429	0.00906	0.01058	0.00755	0.00604	0.00527	0.00151	0.01050	0.00377	0.00302	0.00677
22	0.01453	0.01253	0.01319	0.01188	0.01517	0.01450	0.00923	0.03093	0.74812	0.02438	0.02372	0.02178	0.01780	0.00793	0.00594	0.00198	0.00462	0.00659	0.00594	0.00924
23	0.68179	0.01103	0.00954	0.00821	0.01198	0.01222	0.00675	0.01927	0.01122	0.16632	0.01099	0.01151	0.00790	0.00578	0.00406	0.00181	0.00461	0.00368	0.00430	0.00702
24	0.01651	0.25338	0.01894	0.01146	0.01542	0.05843	0.00963	0.06857	0.38951	0.07233	0.01753	0.01680	0.01340	0.00684	0.00523	0.00171	0.00557	0.00525	0.00481	0.00866
25	0.00713	0.00593	0.00622	0.00619	0.00803	0.00502	0.00462	0.00874	0.01367	0.01677	0.15212	0.07453	0.64198	0.01447	0.00691	0.00197	0.00295	0.01217	0.00555	0.00502
26	0.01091	0.00547	0.00547	0.00547	0.00683	0.00546	0.00410	0.01360	0.01224	0.02173	0.01903	0.02176	0.01496	0.00682	0.00409	0.00137	0.00273	0.00544	0.82708	0.00545
27	0.01212	0.01038	0.01210	0.00866	0.01383	0.00779	0.00692	0.01469	0.01210	0.01901	0.01040	0.01215	0.00867	0.00435	0.00434	0.00087	0.00433	0.00347	0.00347	0.83036
28	0.00715	0.00511	0.00680	0.00814	0.00849	0.00476	0.00543	0.00815	0.01117	0.01491	0.03209	0.79112	0.03849	0.01825	0.00745	0.00237	0.00340	0.01654	0.00542	0.00476
29	0.01212	0.01038	0.01210	0.00866	0.01383	0.00779	0.00692	0.01469	0.01210	0.01901	0.01040	0.01215	0.00867	0.00435	0.00434	0.00087	0.00433	0.00347	0.00347	0.83036
30	0.01186	0.02929	0.72777	0.01756	0.06181	0.01355	0.02132	0.01843	0.01237	0.01850	0.01053	0.01247	0.00752	0.00555	0.00556	0.00185	0.00853	0.00436	0.00250	0.00866
31	0.00715	0.00511	0.00680	0.00814	0.00849	0.00476	0.00543	0.00815	0.01117	0.01491	0.03209	0.79112	0.03849	0.01825	0.00745	0.00237	0.00340	0.01654	0.00542	0.00476
32	0.00968	0.00702	0.00876	0.00832	0.00979	0.00635	0.00611	0.01188	0.01699	0.02401	0.69804	0.06880	0.07429	0.01299	0.00746	0.00211	0.00331	0.01109	0.00676	0.00621
33	0.01571	0.01551	0.06110	0.06718	0.63461	0.01462	0.03525	0.04085	0.01443	0.02059	0.01243	0.01631	0.01042	0.00625	0.00639	0.00201	0.00753	0.00563	0.00344	0.00973
34	0.00932	0.00667	0.00835	0.00938	0.01005	0.00624	0.00644	0.03202	0.01259	0.01692	0.03175	0.66580	0.03714	0.05244	0.00896	0.00276	0.00424	0.06751	0.00577	0.00566

[dist]
# distance from previous block
# <min> <max>
0	3

[block]
# block no. 4 follows, 40 sequences, length 7
# corresponding to MSA columns:
# 281-287
name=unknown_E
#
# <colnr> <probs for GDERKNQSTAVLIFYWHMCP>
#	G	D	E	R	K	N	Q	S	T	A	V	L	I	F	Y	W	H	M	C	P
0	0.01245	0.01149	0.01913	0.02837	0.56008	0.01140	0.01454	0.01526	0.01268	0.01790	0.01654	0.22070	0.01697	0.00864	0.00620	0.00190	0.00597	0.00819	0.00355	0.00802
1	0.00833	0.00597	0.00799	0.00787	0.00868	0.00629	0.00563	0.00994	0.01096	0.01541	0.21300	0.03305	0.02730	0.26938	0.33801	0.00620	0.00908	0.00806	0.00411	0.00475
2	0.01374	0.01411	0.02540	0.02679	0.33489	0.01515	0.24082	0.01707	0.01224	0.01756	0.01032	0.01435	0.00867	0.00642	0.00964	0.00202	0.21429	0.00568	0.00281	0.00803
3	0.01385	0.00737	0.01064	0.00966	0.01177	0.00767	0.00767	0.01598	0.01162	0.24702	0.01787	0.02189	0.01449	0.03227	0.53382	0.00700	0.01227	0.00611	0.00439	0.00666
4	0.01157	0.01044	0.01704	0.22481	0.33471	0.01098	0.01355	0.01491	0.01382	0.01925	0.24288	0.02373	0.02304	0.00744	0.00612	0.00181	0.00584	0.00684	0.00390	0.00732
5	0.01805	0.00792	0.01071	0.00929	0.01212	0.00699	0.00720	0.01997	0.01491	0.44231	0.11296	0.26302	0.02670	0.01119	0.00646	0.00198	0.00420	0.00973	0.00654	0.00776
6	0.01277	0.01284	0.02384	0.34843	0.26148	0.01367	0.20830	0.01679	0.01269	0.01715	0.01090	0.01521	0.00849	0.00537	0.00607	0.00188	0.00803	0.00562	0.00277	0.00768

[dist]
# distance from previous block
# <min> <max>
0	3

[block]
# block no. 5 follows, 40 sequences, length 8
# corresponding to MSA columns:
# 291-298
name=unknown_F
#
# <colnr> <probs for GDERKNQSTAVLIFYWHMCP>
#	G	D	E	R	K	N	Q	S	T	A	V	L	I	F	Y	W	H	M	C	P
0	0.00768	0.00587	0.00671	0.00653	0.00792	0.00526	0.00469	0.00941	0.01369	0.01796	0.32794	0.04791	0.35192	0.14854	0.01079	0.00255	0.00333	0.01092	0.00547	0.00490
1	0.00837	0.00576	0.00691	0.00673	0.00727	0.00558	0.00430	0.00945	0.01163	0.01604	0.31043	0.04019	0.03449	0.48540	0.02060	0.00413	0.00449	0.00927	0.00466	0.00430
2	0.00763	0.00529	0.00659	0.00740	0.00761	0.00509	0.00466	0.00824	0.01007	0.01343	0.02662	0.49346	0.03161	0.32594	0.01620	0.00366	0.00427	0.01334	0.00466	0.00425
3	0.01028	0.01699	0.33574	0.14472	0.02029	0.01029	0.01345	0.01386	0.01065	0.01497	0.01354	0.02304	0.01289	0.31833	0.01510	0.00336	0.00728	0.00609	0.00290	0.00622
4	0.01600	0.02666	0.34267	0.01732	0.02322	0.31406	0.14128	0.02035	0.01419	0.01680	0.01009	0.01216	0.00767	0.00560	0.00564	0.00173	0.00955	0.00452	0.00275	0.00773
5	0.01908	0.01479	0.01575	0.01277	0.01688	0.01662	0.01032	0.45929	0.31294	0.03177	0.01780	0.01702	0.01300	0.00734	0.00586	0.00184	0.00569	0.00577	0.00586	0.00962
6	0.00716	0.00550	0.00659	0.00741	0.00846	0.00493	0.00529	0.00847	0.01213	0.01537	0.04259	0.44973	0.32253	0.01669	0.00725	0.00223	0.00334	0.06409	0.00540	0.00484
7	0.01834	0.01088	0.01201	0.00970	0.01303	0.01140	0.00785	0.32946	0.01950	0.15630	0.01750	0.01802	0.01265	0.00694	0.00513	0.00160	0.00469	0.00541	0.33147	0.00812

[dist]
# distance from previous block
# <min> <max>
0	235

# created by:
# /software/SequenceAnalysis/GenePrediction/augustus/3.0.1/scripts/msa2prfl.pl ./fixed/BUSCOvEOG72NKDC.fas
