[name]
unknown

[dist]
# distance from previous block
# <min> <max>
70	238

[block]
# block no. 0 follows, 40 sequences, length 7
# corresponding to MSA columns:
# 251-257
name=unknown_A
#
# <colnr> <probs for GDERKNQSTAVLIFYWHMCP>
#	G	D	E	R	K	N	Q	S	T	A	V	L	I	F	Y	W	H	M	C	P
0	0.01607	0.00820	0.01190	0.01056	0.01332	0.00748	0.04863	0.01846	0.01478	0.32620	0.11040	0.14575	0.02740	0.01160	0.00684	0.00213	0.00485	0.20203	0.00611	0.00730
1	0.00956	0.00754	0.01073	0.01018	0.01103	0.00934	0.00808	0.01153	0.00958	0.01455	0.01425	0.02052	0.01308	0.03211	0.52049	0.00695	0.18094	0.00589	0.09818	0.00547
2	0.65765	0.01105	0.01048	0.17549	0.01749	0.01302	0.00843	0.01661	0.01027	0.02365	0.00858	0.01076	0.00661	0.00549	0.00408	0.00183	0.00520	0.00359	0.00338	0.00633
3	0.01536	0.01620	0.02094	0.16620	0.46841	0.17813	0.01611	0.01847	0.01365	0.01722	0.01041	0.01375	0.00857	0.00547	0.00566	0.00172	0.00784	0.00487	0.00285	0.00818
4	0.00709	0.00506	0.00675	0.00810	0.00843	0.00472	0.00540	0.00810	0.01113	0.01484	0.03205	0.79184	0.03846	0.01822	0.00742	0.00236	0.00337	0.01653	0.00540	0.00472
5	0.01439	0.01382	0.02360	0.03569	0.75936	0.01382	0.01785	0.01785	0.01324	0.01900	0.01094	0.01439	0.00921	0.00518	0.00576	0.00173	0.00691	0.00518	0.00288	0.00921
6	0.01858	0.01918	0.05521	0.01288	0.01617	0.35991	0.01027	0.02367	0.17447	0.13235	0.01707	0.10463	0.01435	0.00798	0.00575	0.00177	0.00743	0.00619	0.00453	0.00763

[dist]
# distance from previous block
# <min> <max>
0	49

[block]
# block no. 1 follows, 40 sequences, length 6
# corresponding to MSA columns:
# 307-312
name=unknown_B
#
# <colnr> <probs for GDERKNQSTAVLIFYWHMCP>
#	G	D	E	R	K	N	Q	S	T	A	V	L	I	F	Y	W	H	M	C	P
0	0.00722	0.00527	0.00680	0.00776	0.00841	0.00485	0.00531	0.00851	0.01208	0.01608	0.13265	0.61296	0.11670	0.01699	0.00729	0.00225	0.00324	0.01527	0.00553	0.00485
1	0.00744	0.00534	0.00707	0.00785	0.00851	0.00496	0.00543	0.00899	0.01279	0.01748	0.25762	0.55874	0.04357	0.01625	0.00725	0.00220	0.00318	0.01466	0.00571	0.00496
2	0.00771	0.00583	0.00651	0.00639	0.00760	0.00528	0.00441	0.00905	0.01258	0.01626	0.22356	0.04720	0.34931	0.25722	0.01395	0.00307	0.00373	0.01064	0.00507	0.00462
3	0.01272	0.01272	0.01781	0.01527	0.01527	0.01781	0.01272	0.01399	0.00891	0.01399	0.00763	0.01272	0.00763	0.01018	0.01908	0.00254	0.78499	0.00509	0.00254	0.00636
4	0.01231	0.02560	0.53777	0.01905	0.02680	0.01388	0.24472	0.01848	0.01273	0.01848	0.01085	0.01334	0.00782	0.00533	0.00594	0.00188	0.00897	0.00510	0.00261	0.00836
5	0.02053	0.00867	0.01171	0.00940	0.01293	0.00759	0.00759	0.02293	0.01659	0.53288	0.25135	0.02716	0.02700	0.00866	0.00616	0.00181	0.00426	0.00730	0.00695	0.00852

[dist]
# distance from previous block
# <min> <max>
5	93

# created by:
# /software/SequenceAnalysis/GenePrediction/augustus/3.0.1/scripts/msa2prfl.pl ./fixed/BUSCOvEOG7TTHZ6.fas
