[name]
unknown

[dist]
# distance from previous block
# <min> <max>
0	194

[block]
# block no. 0 follows, 40 sequences, length 19
# corresponding to MSA columns:
# 209-227
name=unknown_A
#
# <colnr> <probs for GDERKNQSTAVLIFYWHMCP>
#	G	D	E	R	K	N	Q	S	T	A	V	L	I	F	Y	W	H	M	C	P
0	0.00846	0.00564	0.00634	0.00634	0.00634	0.00564	0.00352	0.00846	0.00846	0.01128	0.01832	0.03805	0.02114	0.79563	0.02960	0.00564	0.00564	0.00846	0.00352	0.00352
1	0.01713	0.07238	0.01373	0.00990	0.01334	0.00933	0.04597	0.06227	0.01635	0.32619	0.24166	0.02902	0.09970	0.00903	0.00613	0.00179	0.00454	0.00767	0.00610	0.00779
2	0.01476	0.01429	0.04393	0.07570	0.63648	0.01410	0.01729	0.07715	0.01428	0.02020	0.01114	0.01436	0.00913	0.00538	0.00576	0.00174	0.00696	0.00516	0.00309	0.00909
3	0.01010	0.00505	0.00758	0.00758	0.00758	0.00505	0.00505	0.00758	0.00758	0.01010	0.01010	0.01768	0.01010	0.02020	0.02273	0.83081	0.00505	0.00505	0.00253	0.00253
4	0.01495	0.01238	0.01316	0.01177	0.01511	0.01422	0.00918	0.03079	0.71838	0.05508	0.02364	0.02162	0.01761	0.00786	0.00591	0.00197	0.00462	0.00654	0.00597	0.00923
5	0.01206	0.01034	0.01206	0.00861	0.01378	0.00775	0.00689	0.01464	0.01206	0.01895	0.01034	0.01206	0.00861	0.00431	0.00431	0.00086	0.00431	0.00345	0.00345	0.83118
6	0.83671	0.01125	0.00855	0.00765	0.01125	0.01305	0.00630	0.01709	0.00990	0.02609	0.00810	0.00945	0.00630	0.00540	0.00360	0.00180	0.00450	0.00315	0.00360	0.00630
7	0.00885	0.00638	0.00874	0.01001	0.01121	0.00627	0.00843	0.01118	0.01300	0.01688	0.03252	0.18746	0.07326	0.01636	0.00787	0.00259	0.00489	0.56352	0.00536	0.00522
8	0.01098	0.01034	0.01744	0.78165	0.04005	0.01292	0.01615	0.01486	0.01163	0.01486	0.01034	0.01550	0.00775	0.00581	0.00581	0.00194	0.00775	0.00517	0.00258	0.00646
9	0.00887	0.00607	0.00789	0.00736	0.00876	0.00560	0.00548	0.01143	0.01598	0.04869	0.68565	0.04228	0.05140	0.05927	0.00820	0.00206	0.00300	0.01023	0.00625	0.00552
10	0.01540	0.01348	0.02273	0.03350	0.69505	0.01336	0.01704	0.01875	0.01354	0.08330	0.01198	0.01486	0.00966	0.00536	0.00576	0.00173	0.00674	0.00524	0.00325	0.00927
11	0.01459	0.03994	0.14128	0.01197	0.01603	0.05353	0.01084	0.02485	0.38841	0.09051	0.12484	0.02203	0.02010	0.00780	0.00587	0.00187	0.00542	0.00642	0.00525	0.00845
12	0.00846	0.00564	0.00634	0.00634	0.00634	0.00564	0.00352	0.00846	0.00846	0.01128	0.01832	0.03805	0.02114	0.79563	0.02960	0.00564	0.00564	0.00846	0.00352	0.00352
13	0.01272	0.01272	0.01781	0.01527	0.01527	0.01781	0.01272	0.01399	0.00891	0.01399	0.00763	0.01272	0.00763	0.01018	0.01908	0.00254	0.78499	0.00509	0.00254	0.00636
14	0.83671	0.01125	0.00855	0.00765	0.01125	0.01305	0.00630	0.01709	0.00990	0.02609	0.00810	0.00945	0.00630	0.00540	0.00360	0.00180	0.00450	0.00315	0.00360	0.00630
15	0.01398	0.01103	0.01242	0.00966	0.01407	0.01007	0.00770	0.10048	0.16385	0.06184	0.01845	0.01855	0.07739	0.00642	0.00512	0.00134	0.00452	0.00520	0.00459	0.45332
16	0.04939	0.01591	0.01609	0.01262	0.01687	0.06258	0.01032	0.61161	0.02483	0.03369	0.01387	0.01423	0.01003	0.00685	0.00556	0.00170	0.00628	0.00509	0.07326	0.00921
17	0.01377	0.01316	0.02215	0.03324	0.69747	0.01308	0.01674	0.01706	0.01324	0.01873	0.01489	0.01782	0.07079	0.00597	0.00585	0.00175	0.00658	0.00577	0.00309	0.00886
18	0.09808	0.38619	0.02205	0.01202	0.05431	0.09255	0.00995	0.06029	0.09361	0.10302	0.01203	0.01251	0.00948	0.00581	0.00457	0.00152	0.00620	0.00409	0.00376	0.00797

[dist]
# distance from previous block
# <min> <max>
0	1

[block]
# block no. 1 follows, 40 sequences, length 122
# corresponding to MSA columns:
# 229-350
name=unknown_B
#
# <colnr> <probs for GDERKNQSTAVLIFYWHMCP>
#	G	D	E	R	K	N	Q	S	T	A	V	L	I	F	Y	W	H	M	C	P
0	0.01098	0.01034	0.01744	0.78165	0.04005	0.01292	0.01615	0.01486	0.01163	0.01486	0.01034	0.01550	0.00775	0.00581	0.00581	0.00194	0.00775	0.00517	0.00258	0.00646
1	0.01500	0.01345	0.01313	0.01181	0.01504	0.07848	0.00916	0.02921	0.63899	0.03883	0.02393	0.02219	0.04884	0.00801	0.00590	0.00193	0.00504	0.00657	0.00567	0.00882
2	0.01109	0.01040	0.01749	0.69319	0.09451	0.01266	0.01585	0.01482	0.01173	0.01518	0.01124	0.04621	0.00908	0.00626	0.00587	0.00194	0.00751	0.00562	0.00272	0.00660
3	0.02179	0.02584	0.01664	0.01472	0.01799	0.64871	0.01121	0.14065	0.01826	0.01790	0.00980	0.01106	0.00788	0.00615	0.00534	0.00154	0.00982	0.00399	0.00346	0.00726
4	0.00709	0.00506	0.00675	0.00810	0.00843	0.00472	0.00540	0.00810	0.01113	0.01484	0.03205	0.79184	0.03846	0.01822	0.00742	0.00236	0.00337	0.01653	0.00540	0.00472
5	0.01626	0.02332	0.29310	0.03188	0.02013	0.22675	0.01445	0.14008	0.07843	0.02071	0.01281	0.03939	0.01006	0.00658	0.00554	0.00174	0.00798	0.00497	0.03780	0.00803
6	0.01220	0.01107	0.01834	0.52882	0.17768	0.01286	0.03075	0.05111	0.01250	0.01651	0.01065	0.01536	0.00833	0.00670	0.00697	0.05784	0.00738	0.00520	0.00281	0.00693
7	0.00707	0.00590	0.00616	0.00610	0.00798	0.00499	0.00457	0.00873	0.01372	0.01681	0.15995	0.05415	0.65527	0.01432	0.00687	0.00194	0.00292	0.01202	0.00555	0.00499
8	0.01373	0.01569	0.03431	0.02451	0.03039	0.01471	0.73824	0.01863	0.01373	0.01863	0.01176	0.01569	0.00882	0.00490	0.00686	0.00196	0.00980	0.00686	0.00294	0.00784
9	0.01258	0.01343	0.02704	0.33366	0.03399	0.01405	0.42667	0.01698	0.01276	0.01698	0.01109	0.01554	0.00836	0.00539	0.00671	0.00196	0.02662	0.00613	0.00279	0.00724
10	0.01159	0.01088	0.01834	0.60729	0.17927	0.01286	0.01623	0.01534	0.01201	0.01576	0.01122	0.01716	0.00900	0.00607	0.00589	0.00192	0.00750	0.03197	0.00275	0.00696
11	0.14986	0.02196	0.01516	0.01342	0.01658	0.47347	0.01036	0.10497	0.06964	0.01942	0.01042	0.01165	0.00833	0.00635	0.00577	0.00166	0.04609	0.00409	0.00361	0.00719
12	0.83671	0.01125	0.00855	0.00765	0.01125	0.01305	0.00630	0.01709	0.00990	0.02609	0.00810	0.00945	0.00630	0.00540	0.00360	0.00180	0.00450	0.00315	0.00360	0.00630
13	0.00805	0.00594	0.00752	0.00713	0.00858	0.00541	0.00534	0.01062	0.01603	0.02231	0.66346	0.04511	0.14833	0.01227	0.00686	0.00185	0.00277	0.01075	0.00627	0.00541
14	0.00780	0.00598	0.00650	0.00643	0.00828	0.00511	0.00480	0.00944	0.01364	0.04515	0.14860	0.11311	0.57603	0.01435	0.00688	0.00197	0.00303	0.01214	0.00560	0.00516
15	0.00688	0.00585	0.00593	0.00600	0.00788	0.00490	0.00447	0.00833	0.01315	0.01567	0.05761	0.09155	0.72225	0.01490	0.00690	0.00198	0.00297	0.01248	0.00540	0.00490
16	0.01446	0.01249	0.01315	0.01183	0.01512	0.01446	0.00920	0.03090	0.74885	0.02433	0.02367	0.02170	0.01775	0.00789	0.00592	0.00197	0.00460	0.00657	0.00592	0.00920
17	0.01483	0.01267	0.01335	0.01191	0.01526	0.01463	0.00929	0.06442	0.71474	0.02491	0.02321	0.02133	0.01738	0.00785	0.00591	0.00196	0.00469	0.00651	0.00591	0.00924
18	0.00831	0.00623	0.00935	0.00935	0.01038	0.00727	0.00727	0.01038	0.00935	0.01350	0.01558	0.02285	0.01454	0.04361	0.77259	0.00935	0.01558	0.00623	0.00312	0.00519
19	0.01410	0.01593	0.03209	0.02322	0.02880	0.04474	0.65708	0.01969	0.06659	0.01886	0.01251	0.01591	0.00941	0.00516	0.00673	0.00194	0.00946	0.00672	0.00316	0.00790
20	0.00937	0.00669	0.00937	0.01071	0.01205	0.00669	0.00937	0.01205	0.01339	0.01740	0.03079	0.06560	0.03347	0.01606	0.00803	0.00268	0.00535	0.72021	0.00535	0.00535
21	0.00719	0.00514	0.00684	0.00803	0.00846	0.00479	0.00541	0.00835	0.01160	0.01559	0.09580	0.72596	0.03991	0.01766	0.00737	0.00231	0.00332	0.01600	0.00549	0.00479
22	0.00709	0.00584	0.00626	0.00654	0.00824	0.00502	0.00492	0.00859	0.01298	0.01572	0.05327	0.15402	0.60819	0.01529	0.00703	0.00207	0.00318	0.06543	0.00540	0.00492
23	0.02174	0.02715	0.01653	0.01490	0.01798	0.73476	0.01123	0.05888	0.01702	0.01535	0.00924	0.01066	0.00761	0.00604	0.00527	0.00151	0.01028	0.00382	0.00314	0.00690
24	0.02172	0.02772	0.01648	0.01498	0.01798	0.77228	0.01124	0.02322	0.01648	0.01423	0.00899	0.01049	0.00749	0.00599	0.00524	0.00150	0.01049	0.00375	0.00300	0.00674
25	0.01003	0.00509	0.00764	0.00764	0.00768	0.00513	0.00513	0.00768	0.00764	0.01023	0.01030	0.01787	0.01026	0.02106	0.05035	0.80055	0.00544	0.00509	0.00255	0.00262
26	0.01362	0.01601	0.06036	0.04188	0.06488	0.01458	0.66144	0.01850	0.01360	0.01855	0.01164	0.01550	0.00876	0.00496	0.00674	0.00194	0.00958	0.00665	0.00291	0.00790
27	0.01373	0.01569	0.03431	0.02451	0.03039	0.01471	0.73824	0.01863	0.01373	0.01863	0.01176	0.01569	0.00882	0.00490	0.00686	0.00196	0.00980	0.00686	0.00294	0.00784
28	0.00709	0.00506	0.00675	0.00810	0.00843	0.00472	0.00540	0.00810	0.01113	0.01484	0.03205	0.79184	0.03846	0.01822	0.00742	0.00236	0.00337	0.01653	0.00540	0.00472
29	0.05317	0.01441	0.01608	0.01237	0.01694	0.01534	0.01022	0.52527	0.02387	0.22832	0.01612	0.01534	0.01095	0.00698	0.00574	0.00176	0.00595	0.00532	0.00610	0.00976
30	0.02105	0.01590	0.01768	0.01366	0.01823	0.01756	0.03858	0.64447	0.09602	0.03478	0.01481	0.01477	0.01060	0.00699	0.00587	0.00178	0.00636	0.00543	0.00572	0.00975
31	0.00898	0.00688	0.00797	0.00824	0.00864	0.03462	0.00563	0.00982	0.01016	0.01369	0.02232	0.28398	0.02547	0.34016	0.04600	0.00394	0.06515	0.05074	0.04311	0.00451
32	0.08859	0.06975	0.01747	0.12025	0.02057	0.49524	0.03666	0.02060	0.01451	0.01544	0.00908	0.01131	0.00748	0.00602	0.00580	0.00163	0.04593	0.00402	0.00294	0.00673
33	0.74997	0.01220	0.00946	0.00840	0.01186	0.05004	0.00687	0.03234	0.01054	0.02529	0.00825	0.00971	0.00648	0.00564	0.00429	0.00181	0.03358	0.00329	0.00358	0.00640
34	0.01332	0.01520	0.06584	0.14138	0.13579	0.01424	0.46313	0.01835	0.03872	0.01829	0.01177	0.01551	0.00895	0.00522	0.00644	0.00192	0.00883	0.00622	0.00296	0.00791
35	0.01302	0.06275	0.58542	0.01524	0.02264	0.02925	0.03349	0.01874	0.01302	0.07823	0.06421	0.01498	0.01134	0.00608	0.00558	0.00180	0.00784	0.00485	0.00314	0.00837
36	0.00846	0.00564	0.00634	0.00634	0.00634	0.00564	0.00352	0.00846	0.00846	0.01128	0.01832	0.03805	0.02114	0.79563	0.02960	0.00564	0.00564	0.00846	0.00352	0.00352
37	0.00940	0.00789	0.03730	0.00934	0.03775	0.00719	0.00703	0.01391	0.10825	0.02226	0.51107	0.09706	0.04361	0.01130	0.00662	0.00189	0.00345	0.02411	0.03441	0.00615
38	0.01010	0.00505	0.00758	0.00758	0.00758	0.00505	0.00505	0.00758	0.00758	0.01010	0.01010	0.01768	0.01010	0.02020	0.02273	0.83081	0.00505	0.00505	0.00253	0.00253
39	0.01555	0.79913	0.03047	0.00995	0.01493	0.02301	0.00995	0.01741	0.01182	0.01368	0.00808	0.00933	0.00746	0.00498	0.00373	0.00124	0.00622	0.00311	0.00249	0.00746
40	0.00831	0.00623	0.00935	0.00935	0.01038	0.00727	0.00727	0.01038	0.00935	0.01350	0.01558	0.02285	0.01454	0.04361	0.77259	0.00935	0.01558	0.00623	0.00312	0.00519
41	0.00903	0.00615	0.00801	0.00781	0.00930	0.00567	0.00601	0.01150	0.01541	0.05709	0.51746	0.10402	0.10854	0.01290	0.00700	0.00198	0.00323	0.09715	0.00615	0.00558
42	0.00694	0.00589	0.00598	0.00596	0.00790	0.00494	0.00447	0.00848	0.01341	0.01609	0.09361	0.05534	0.72206	0.01459	0.00687	0.00196	0.00294	0.01219	0.00545	0.00494
43	0.00714	0.00508	0.00673	0.00803	0.00835	0.00476	0.00532	0.00811	0.01103	0.01470	0.03151	0.76217	0.03778	0.04881	0.00830	0.00249	0.00346	0.01621	0.00532	0.00468
44	0.01555	0.79913	0.03047	0.00995	0.01493	0.02301	0.00995	0.01741	0.01182	0.01368	0.00808	0.00933	0.00746	0.00498	0.00373	0.00124	0.00622	0.00311	0.00249	0.00746
45	0.01166	0.03008	0.76550	0.01657	0.02517	0.01351	0.02149	0.01842	0.01228	0.01842	0.01044	0.01228	0.00737	0.00552	0.00552	0.00184	0.00859	0.00430	0.00246	0.00859
46	0.02609	0.00990	0.01350	0.01035	0.01484	0.00855	0.00855	0.02834	0.01664	0.76338	0.02294	0.01979	0.01439	0.00720	0.00585	0.00180	0.00495	0.00585	0.00720	0.00990
47	0.01272	0.01272	0.01781	0.01527	0.01527	0.01781	0.01272	0.01399	0.00891	0.01399	0.00763	0.01272	0.00763	0.01018	0.01908	0.00254	0.78499	0.00509	0.00254	0.00636
48	0.01439	0.01382	0.02360	0.03569	0.75936	0.01382	0.01785	0.01785	0.01324	0.01900	0.01094	0.01439	0.00921	0.00518	0.00576	0.00173	0.00691	0.00518	0.00288	0.00921
49	0.00687	0.00589	0.00589	0.00589	0.00785	0.00491	0.00442	0.00835	0.01325	0.01571	0.05891	0.05596	0.75700	0.01473	0.00687	0.00196	0.00295	0.01227	0.00540	0.00491
50	0.01439	0.01382	0.02360	0.03569	0.75936	0.01382	0.01785	0.01785	0.01324	0.01900	0.01094	0.01439	0.00921	0.00518	0.00576	0.00173	0.00691	0.00518	0.00288	0.00921
51	0.01664	0.01419	0.01405	0.01213	0.01563	0.07119	0.00955	0.19768	0.48849	0.02637	0.02005	0.01903	0.01499	0.00748	0.00576	0.00185	0.00538	0.00599	0.04453	0.00901
52	0.02036	0.01494	0.01621	0.01259	0.01711	0.01615	0.01030	0.54757	0.11670	0.06740	0.01526	0.01503	0.01097	0.00685	0.00569	0.00169	0.00590	0.00526	0.00567	0.08834
53	0.02198	0.01590	0.01714	0.01320	0.01780	0.01753	0.01089	0.68563	0.05372	0.06479	0.01468	0.01448	0.01036	0.00702	0.00582	0.00176	0.00628	0.00531	0.00588	0.00986
54	0.01567	0.01324	0.01349	0.01197	0.01536	0.05014	0.00934	0.05832	0.65043	0.06007	0.02256	0.02077	0.01679	0.00773	0.00588	0.00193	0.00497	0.00635	0.00584	0.00915
55	0.01439	0.01382	0.02360	0.03569	0.75936	0.01382	0.01785	0.01785	0.01324	0.01900	0.01094	0.01439	0.00921	0.00518	0.00576	0.00173	0.00691	0.00518	0.00288	0.00921
56	0.01958	0.01503	0.01603	0.01287	0.01707	0.01685	0.01044	0.50540	0.26603	0.03257	0.01717	0.01652	0.01249	0.00728	0.00585	0.00182	0.00580	0.00568	0.00585	0.00966
57	0.02463	0.01071	0.01381	0.01076	0.01515	0.00995	0.00883	0.09111	0.08760	0.62886	0.02222	0.01946	0.01432	0.00724	0.00585	0.00181	0.00504	0.00586	0.00695	0.00983
58	0.01028	0.00929	0.01308	0.01745	0.28593	0.00893	0.00980	0.01365	0.06795	0.01790	0.07060	0.05425	0.37680	0.01064	0.00640	0.00188	0.00453	0.00925	0.00455	0.00684
59	0.01380	0.00855	0.00898	0.00783	0.01013	0.00904	0.00617	0.21945	0.01644	0.02543	0.01896	0.02083	0.04175	0.00837	0.03037	0.00176	0.00420	0.00566	0.53562	0.00666
60	0.02381	0.00935	0.01265	0.00987	0.01395	0.00814	0.00809	0.02613	0.01646	0.66482	0.09292	0.02212	0.01828	0.00763	0.00588	0.00179	0.00465	0.00628	0.03788	0.00931
61	0.01086	0.01010	0.01622	0.52694	0.03107	0.01287	0.01415	0.01400	0.01080	0.01449	0.01070	0.01619	0.00881	0.01257	0.12979	0.00322	0.14301	0.00532	0.00266	0.00624
62	0.02520	0.01022	0.01349	0.01039	0.01478	0.00916	0.00857	0.08245	0.01730	0.67929	0.02210	0.01942	0.01407	0.00716	0.00578	0.00178	0.00497	0.00578	0.03836	0.00973
63	0.00718	0.00590	0.00632	0.00622	0.00805	0.00504	0.00466	0.00895	0.01399	0.01745	0.21875	0.05309	0.59607	0.01408	0.00687	0.00193	0.00290	0.01187	0.00563	0.00504
64	0.01206	0.01034	0.01206	0.00861	0.01378	0.00775	0.00689	0.01464	0.01206	0.01895	0.01034	0.01206	0.00861	0.00431	0.00431	0.00086	0.00431	0.00345	0.00345	0.83118
65	0.02470	0.01057	0.01375	0.01063	0.01500	0.00969	0.00874	0.11321	0.03270	0.63297	0.04982	0.02003	0.01546	0.00736	0.00588	0.00180	0.00503	0.00597	0.00698	0.00971
66	0.01645	0.01414	0.01950	0.16172	0.30090	0.03116	0.01446	0.27559	0.01789	0.02419	0.01283	0.01523	0.02601	0.00637	0.00633	0.00180	0.03748	0.00532	0.00392	0.00869
67	0.02063	0.02594	0.01619	0.01471	0.01747	0.69856	0.01111	0.02215	0.01577	0.01418	0.00925	0.01121	0.00785	0.00806	0.04408	0.00194	0.04735	0.00393	0.00298	0.00665
68	0.01098	0.01034	0.01744	0.78165	0.04005	0.01292	0.01615	0.01486	0.01163	0.01486	0.01034	0.01550	0.00775	0.00581	0.00581	0.00194	0.00775	0.00517	0.00258	0.00646
69	0.00709	0.00564	0.00637	0.00673	0.00813	0.00492	0.00484	0.00857	0.01297	0.01631	0.12988	0.28137	0.45572	0.01548	0.00704	0.00207	0.00305	0.01339	0.00551	0.00492
70	0.00709	0.00506	0.00675	0.00810	0.00843	0.00472	0.00540	0.00810	0.01113	0.01484	0.03205	0.79184	0.03846	0.01822	0.00742	0.00236	0.00337	0.01653	0.00540	0.00472
71	0.00709	0.00506	0.00675	0.00810	0.00843	0.00472	0.00540	0.00810	0.01113	0.01484	0.03205	0.79184	0.03846	0.01822	0.00742	0.00236	0.00337	0.01653	0.00540	0.00472
72	0.01446	0.01249	0.01315	0.01183	0.01512	0.01446	0.00920	0.03090	0.74885	0.02433	0.02367	0.02170	0.01775	0.00789	0.00592	0.00197	0.00460	0.00657	0.00592	0.00920
73	0.83671	0.01125	0.00855	0.00765	0.01125	0.01305	0.00630	0.01709	0.00990	0.02609	0.00810	0.00945	0.00630	0.00540	0.00360	0.00180	0.00450	0.00315	0.00360	0.00630
74	0.01446	0.01249	0.01315	0.01183	0.01512	0.01446	0.00920	0.03090	0.74885	0.02433	0.02367	0.02170	0.01775	0.00789	0.00592	0.00197	0.00460	0.00657	0.00592	0.00920
75	0.01206	0.01034	0.01206	0.00861	0.01378	0.00775	0.00689	0.01464	0.01206	0.01895	0.01034	0.01206	0.00861	0.00431	0.00431	0.00086	0.00431	0.00345	0.00345	0.83118
76	0.00730	0.00587	0.00652	0.00644	0.00814	0.00508	0.00480	0.00915	0.01415	0.01803	0.27406	0.08686	0.50513	0.01401	0.00689	0.00194	0.00290	0.01193	0.00571	0.00508
77	0.01373	0.01569	0.03431	0.02451	0.03039	0.01471	0.73824	0.01863	0.01373	0.01863	0.01176	0.01569	0.00882	0.00490	0.00686	0.00196	0.00980	0.00686	0.00294	0.00784
78	0.02172	0.02772	0.01648	0.01498	0.01798	0.77228	0.01124	0.02322	0.01648	0.01423	0.00899	0.01049	0.00749	0.00599	0.00524	0.00150	0.01049	0.00375	0.00300	0.00674
79	0.02172	0.02772	0.01648	0.01498	0.01798	0.77228	0.01124	0.02322	0.01648	0.01423	0.00899	0.01049	0.00749	0.00599	0.00524	0.00150	0.01049	0.00375	0.00300	0.00674
80	0.00709	0.00506	0.00675	0.00810	0.00843	0.00472	0.00540	0.00810	0.01113	0.01484	0.03205	0.79184	0.03846	0.01822	0.00742	0.00236	0.00337	0.01653	0.00540	0.00472
81	0.01344	0.01412	0.02820	0.17617	0.09512	0.01415	0.46601	0.05338	0.01377	0.01861	0.01166	0.01572	0.00891	0.00669	0.03568	0.00221	0.00919	0.00627	0.00301	0.00769
82	0.01166	0.03008	0.76550	0.01657	0.02517	0.01351	0.02149	0.01842	0.01228	0.01842	0.01044	0.01228	0.00737	0.00552	0.00552	0.00184	0.00859	0.00430	0.00246	0.00859
83	0.00773	0.00552	0.00749	0.00884	0.00946	0.00528	0.00652	0.00921	0.01177	0.01557	0.03169	0.58647	0.03705	0.01761	0.00759	0.00245	0.00393	0.21552	0.00539	0.00490
84	0.01010	0.00505	0.00758	0.00758	0.00758	0.00505	0.00505	0.00758	0.00758	0.01010	0.01010	0.01768	0.01010	0.02020	0.02273	0.83081	0.00505	0.00505	0.00253	0.00253
85	0.02264	0.01488	0.01651	0.01272	0.01730	0.01602	0.01049	0.57346	0.05019	0.18119	0.01609	0.01539	0.01106	0.00706	0.00583	0.00176	0.00605	0.00540	0.00610	0.00987
86	0.00709	0.00506	0.00675	0.00810	0.00843	0.00472	0.00540	0.00810	0.01113	0.01484	0.03205	0.79184	0.03846	0.01822	0.00742	0.00236	0.00337	0.01653	0.00540	0.00472
87	0.00845	0.00566	0.00646	0.00646	0.00649	0.00570	0.00366	0.00853	0.00849	0.01136	0.01822	0.03748	0.02089	0.76745	0.05744	0.00578	0.00601	0.00837	0.00351	0.00359
88	0.01555	0.79913	0.03047	0.00995	0.01493	0.02301	0.00995	0.01741	0.01182	0.01368	0.00808	0.00933	0.00746	0.00498	0.00373	0.00124	0.00622	0.00311	0.00249	0.00746
89	0.00845	0.00565	0.00640	0.00638	0.00643	0.00563	0.00360	0.00856	0.00877	0.01175	0.04736	0.03827	0.02247	0.76479	0.02870	0.00549	0.00552	0.00854	0.00364	0.00360
90	0.02609	0.00990	0.01350	0.01035	0.01484	0.00855	0.00855	0.02834	0.01664	0.76338	0.02294	0.01979	0.01439	0.00720	0.00585	0.00180	0.00495	0.00585	0.00720	0.00990
91	0.01084	0.00542	0.00542	0.00542	0.00678	0.00542	0.00407	0.01355	0.01220	0.02168	0.01897	0.02168	0.01491	0.00678	0.00407	0.00136	0.00271	0.00542	0.82791	0.00542
92	0.01404	0.01616	0.03361	0.02413	0.02990	0.04476	0.70940	0.01881	0.01383	0.01845	0.01165	0.01548	0.00877	0.00495	0.00680	0.00194	0.00983	0.00674	0.00294	0.00780
93	0.83671	0.01125	0.00855	0.00765	0.01125	0.01305	0.00630	0.01709	0.00990	0.02609	0.00810	0.00945	0.00630	0.00540	0.00360	0.00180	0.00450	0.00315	0.00360	0.00630
94	0.02059	0.01553	0.01660	0.01307	0.01746	0.01732	0.01069	0.59910	0.17068	0.03420	0.01589	0.01550	0.01145	0.00716	0.00584	0.00179	0.00604	0.00550	0.00584	0.00975
95	0.00709	0.00506	0.00675	0.00810	0.00843	0.00472	0.00540	0.00810	0.01113	0.01484	0.03205	0.79184	0.03846	0.01822	0.00742	0.00236	0.00337	0.01653	0.00540	0.00472
96	0.00709	0.00506	0.00675	0.00810	0.00843	0.00472	0.00540	0.00810	0.01113	0.01484	0.03205	0.79184	0.03846	0.01822	0.00742	0.00236	0.00337	0.01653	0.00540	0.00472
97	0.83671	0.01125	0.00855	0.00765	0.01125	0.01305	0.00630	0.01709	0.00990	0.02609	0.00810	0.00945	0.00630	0.00540	0.00360	0.00180	0.00450	0.00315	0.00360	0.00630
98	0.01484	0.01268	0.01336	0.01191	0.01527	0.01464	0.00930	0.06618	0.71295	0.02494	0.02319	0.02131	0.01736	0.00784	0.00591	0.00196	0.00469	0.00651	0.00591	0.00924
99	0.01324	0.00817	0.01010	0.00965	0.01156	0.00811	0.00723	0.15899	0.01538	0.13816	0.02690	0.47743	0.02864	0.01410	0.00688	0.00216	0.00433	0.04659	0.00577	0.00662
100	0.01425	0.01362	0.02294	0.06570	0.70023	0.01381	0.01744	0.01824	0.04212	0.01904	0.01141	0.01473	0.00949	0.00531	0.00577	0.00175	0.00685	0.00524	0.00299	0.00910
101	0.01446	0.01249	0.01315	0.01183	0.01512	0.01446	0.00920	0.03090	0.74885	0.02433	0.02367	0.02170	0.01775	0.00789	0.00592	0.00197	0.00460	0.00657	0.00592	0.00920
102	0.00846	0.00564	0.00634	0.00634	0.00634	0.00564	0.00352	0.00846	0.00846	0.01128	0.01832	0.03805	0.02114	0.79563	0.02960	0.00564	0.00564	0.00846	0.00352	0.00352
103	0.01393	0.01334	0.02277	0.13685	0.66181	0.01370	0.01762	0.01744	0.01302	0.01844	0.01086	0.01454	0.00901	0.00527	0.00576	0.00176	0.00702	0.00518	0.00284	0.00884
104	0.01109	0.00790	0.01020	0.01076	0.01262	0.00812	0.00920	0.05081	0.09593	0.04677	0.03002	0.05605	0.05949	0.01432	0.00756	0.00249	0.00521	0.54978	0.00551	0.00616
105	0.01175	0.02947	0.73469	0.01691	0.02539	0.01356	0.05169	0.01843	0.01234	0.01843	0.01049	0.01242	0.00743	0.00550	0.00558	0.00185	0.00865	0.00441	0.00248	0.00856
106	0.00831	0.00623	0.00935	0.00935	0.01038	0.00727	0.00727	0.01038	0.00935	0.01350	0.01558	0.02285	0.01454	0.04361	0.77259	0.00935	0.01558	0.00623	0.00312	0.00519
107	0.01166	0.03008	0.76550	0.01657	0.02517	0.01351	0.02149	0.01842	0.01228	0.01842	0.01044	0.01228	0.00737	0.00552	0.00552	0.00184	0.00859	0.00430	0.00246	0.00859
108	0.02111	0.02653	0.01633	0.01482	0.01776	0.71319	0.01116	0.02340	0.05546	0.01477	0.00974	0.01114	0.00804	0.00620	0.00562	0.00155	0.02923	0.00393	0.00314	0.00686
109	0.01243	0.01056	0.01226	0.00879	0.01394	0.00813	0.00705	0.04158	0.01263	0.01961	0.01047	0.01213	0.00866	0.00441	0.00436	0.00089	0.00438	0.00351	0.00353	0.80068
110	0.00687	0.00589	0.00589	0.00589	0.00785	0.00491	0.00442	0.00835	0.01325	0.01571	0.05891	0.05596	0.75700	0.01473	0.00687	0.00196	0.00295	0.01227	0.00540	0.00491
111	0.01319	0.01132	0.01197	0.01091	0.01392	0.01280	0.00848	0.02700	0.61642	0.02306	0.05279	0.02764	0.11321	0.00905	0.00611	0.00198	0.00434	0.02149	0.00586	0.00846
112	0.01118	0.01053	0.01779	0.73903	0.08115	0.01297	0.01625	0.01503	0.01172	0.01509	0.01037	0.01544	0.00784	0.00578	0.00581	0.00193	0.00770	0.00517	0.00260	0.00662
113	0.05320	0.00994	0.01333	0.01026	0.01472	0.00870	0.00847	0.02796	0.01642	0.73872	0.02245	0.01945	0.01412	0.00714	0.00577	0.00180	0.00493	0.00576	0.00708	0.00978
114	0.01098	0.01034	0.01744	0.78165	0.04005	0.01292	0.01615	0.01486	0.01163	0.01486	0.01034	0.01550	0.00775	0.00581	0.00581	0.00194	0.00775	0.00517	0.00258	0.00646
115	0.01241	0.02878	0.71259	0.01645	0.02479	0.01329	0.03708	0.01890	0.01252	0.05445	0.01107	0.01272	0.00774	0.00559	0.00557	0.00184	0.00845	0.00443	0.00270	0.00864
116	0.01422	0.01364	0.02330	0.07281	0.72357	0.01377	0.01776	0.01770	0.01316	0.01879	0.01091	0.01445	0.00914	0.00521	0.00576	0.00174	0.00695	0.00518	0.00286	0.00907
117	0.01555	0.79913	0.03047	0.00995	0.01493	0.02301	0.00995	0.01741	0.01182	0.01368	0.00808	0.00933	0.00746	0.00498	0.00373	0.00124	0.00622	0.00311	0.00249	0.00746
118	0.02609	0.00990	0.01350	0.01035	0.01484	0.00855	0.00855	0.02834	0.01664	0.76338	0.02294	0.01979	0.01439	0.00720	0.00585	0.00180	0.00495	0.00585	0.00720	0.00990
119	0.01446	0.01249	0.01315	0.01183	0.01512	0.01446	0.00920	0.03090	0.74885	0.02433	0.02367	0.02170	0.01775	0.00789	0.00592	0.00197	0.00460	0.00657	0.00592	0.00920
120	0.01260	0.01025	0.01231	0.00900	0.01383	0.00805	0.02169	0.03911	0.01304	0.04895	0.04810	0.01566	0.03959	0.00528	0.00469	0.00104	0.00439	0.00434	0.00388	0.68422
121	0.81806	0.01135	0.00913	0.00803	0.01168	0.01308	0.02288	0.01713	0.00998	0.02592	0.00818	0.00959	0.00636	0.00539	0.00367	0.00180	0.00462	0.00323	0.00358	0.00633

[dist]
# distance from previous block
# <min> <max>
0	1

[block]
# block no. 2 follows, 40 sequences, length 28
# corresponding to MSA columns:
# 352-379
name=unknown_C
#
# <colnr> <probs for GDERKNQSTAVLIFYWHMCP>
#	G	D	E	R	K	N	Q	S	T	A	V	L	I	F	Y	W	H	M	C	P
0	0.01439	0.01382	0.02360	0.03569	0.75936	0.01382	0.01785	0.01785	0.01324	0.01900	0.01094	0.01439	0.00921	0.00518	0.00576	0.00173	0.00691	0.00518	0.00288	0.00921
1	0.02609	0.00990	0.01350	0.01035	0.01484	0.00855	0.00855	0.02834	0.01664	0.76338	0.02294	0.01979	0.01439	0.00720	0.00585	0.00180	0.00495	0.00585	0.00720	0.00990
2	0.00709	0.00506	0.00675	0.00810	0.00843	0.00472	0.00540	0.00810	0.01113	0.01484	0.03205	0.79184	0.03846	0.01822	0.00742	0.00236	0.00337	0.01653	0.00540	0.00472
3	0.83671	0.01125	0.00855	0.00765	0.01125	0.01305	0.00630	0.01709	0.00990	0.02609	0.00810	0.00945	0.00630	0.00540	0.00360	0.00180	0.00450	0.00315	0.00360	0.00630
4	0.00865	0.00579	0.00681	0.00715	0.00756	0.00573	0.00452	0.03485	0.01042	0.01436	0.02321	0.30969	0.02650	0.41798	0.01852	0.00394	0.00459	0.01102	0.07436	0.00435
5	0.01375	0.01316	0.02245	0.17545	0.62459	0.01365	0.01753	0.01729	0.01294	0.01822	0.01083	0.01460	0.00894	0.00530	0.00577	0.00177	0.00707	0.00518	0.00282	0.00870
6	0.00732	0.00603	0.00652	0.00676	0.00861	0.00523	0.00531	0.00901	0.01328	0.01601	0.05387	0.05769	0.62725	0.01497	0.00708	0.00209	0.00338	0.13922	0.00539	0.00499
7	0.02211	0.01629	0.01745	0.01338	0.01803	0.01803	0.01105	0.73997	0.02734	0.03665	0.01396	0.01396	0.00989	0.00698	0.00582	0.00175	0.00640	0.00524	0.00582	0.00989
8	0.01180	0.02912	0.71674	0.01710	0.02552	0.01359	0.06928	0.01843	0.01237	0.01843	0.01052	0.01250	0.00746	0.00548	0.00561	0.00185	0.00867	0.00447	0.00249	0.00854
9	0.02174	0.02731	0.01651	0.01492	0.01798	0.74527	0.01123	0.04889	0.01687	0.01504	0.00917	0.01061	0.00758	0.00603	0.00526	0.00151	0.01034	0.00380	0.00310	0.00685
10	0.00709	0.00506	0.00675	0.00810	0.00843	0.00472	0.00540	0.00810	0.01113	0.01484	0.03205	0.79184	0.03846	0.01822	0.00742	0.00236	0.00337	0.01653	0.00540	0.00472
11	0.00971	0.00708	0.00962	0.01078	0.01225	0.00721	0.00936	0.01331	0.06243	0.01786	0.03031	0.06267	0.03242	0.01552	0.00789	0.00263	0.00530	0.67263	0.00539	0.00561
12	0.02034	0.06596	0.10053	0.01260	0.04459	0.01230	0.01085	0.07007	0.16865	0.38501	0.01933	0.01791	0.01321	0.00698	0.00598	0.00181	0.02326	0.00556	0.00572	0.00934
13	0.00689	0.00583	0.00595	0.00604	0.00789	0.00490	0.00448	0.00833	0.01311	0.01565	0.05710	0.10566	0.70847	0.01496	0.00691	0.00199	0.00297	0.01256	0.00540	0.00490
14	0.00687	0.00589	0.00589	0.00589	0.00785	0.00491	0.00442	0.00835	0.01325	0.01571	0.05891	0.05596	0.75700	0.01473	0.00687	0.00196	0.00295	0.01227	0.00540	0.00491
15	0.01421	0.01373	0.02373	0.06869	0.69941	0.01381	0.04516	0.01774	0.01319	0.01880	0.01094	0.01449	0.00913	0.00520	0.00580	0.00175	0.00706	0.00524	0.00287	0.00904
16	0.01250	0.01060	0.01229	0.00882	0.01397	0.00820	0.00707	0.04632	0.01273	0.01972	0.01049	0.01214	0.00867	0.00442	0.00437	0.00090	0.00440	0.00352	0.00355	0.79531
17	0.00862	0.00669	0.00995	0.00977	0.01073	0.00802	0.00766	0.01064	0.00931	0.01353	0.01501	0.02213	0.01405	0.04124	0.71908	0.00886	0.07022	0.00615	0.00307	0.00528
18	0.00846	0.00564	0.00634	0.00634	0.00634	0.00564	0.00352	0.00846	0.00846	0.01128	0.01832	0.03805	0.02114	0.79563	0.02960	0.00564	0.00564	0.00846	0.00352	0.00352
19	0.00709	0.00506	0.00675	0.00810	0.00843	0.00472	0.00540	0.00810	0.01113	0.01484	0.03205	0.79184	0.03846	0.01822	0.00742	0.00236	0.00337	0.01653	0.00540	0.00472
20	0.01098	0.01034	0.01744	0.78165	0.04005	0.01292	0.01615	0.01486	0.01163	0.01486	0.01034	0.01550	0.00775	0.00581	0.00581	0.00194	0.00775	0.00517	0.00258	0.00646
21	0.01098	0.01034	0.01744	0.78165	0.04005	0.01292	0.01615	0.01486	0.01163	0.01486	0.01034	0.01550	0.00775	0.00581	0.00581	0.00194	0.00775	0.00517	0.00258	0.00646
22	0.01493	0.01273	0.01341	0.01193	0.01530	0.01468	0.00932	0.07452	0.70447	0.02508	0.02307	0.02122	0.01727	0.00783	0.00591	0.00196	0.00471	0.00649	0.00591	0.00925
23	0.01439	0.01382	0.02360	0.03569	0.75936	0.01382	0.01785	0.01785	0.01324	0.01900	0.01094	0.01439	0.00921	0.00518	0.00576	0.00173	0.00691	0.00518	0.00288	0.00921
24	0.01483	0.09880	0.52714	0.01489	0.02224	0.01436	0.01777	0.10160	0.01444	0.10310	0.01201	0.01303	0.00845	0.00583	0.00543	0.00177	0.00771	0.00446	0.00337	0.00878
25	0.01284	0.26259	0.54327	0.01457	0.02207	0.01638	0.01800	0.01811	0.01214	0.01698	0.00972	0.01139	0.00740	0.00536	0.00498	0.00166	0.00788	0.00394	0.00247	0.00825
26	0.00805	0.00589	0.00756	0.00725	0.00861	0.00539	0.00540	0.01059	0.01588	0.02219	0.65637	0.09047	0.10960	0.01250	0.00689	0.00187	0.00280	0.01103	0.00626	0.00539
27	0.01376	0.01541	0.03276	0.02526	0.09865	0.01472	0.64630	0.01840	0.01352	0.01851	0.01155	0.01547	0.00882	0.00510	0.00716	0.00196	0.03516	0.00665	0.00292	0.00792

[dist]
# distance from previous block
# <min> <max>
0	1

[block]
# block no. 3 follows, 40 sequences, length 8
# corresponding to MSA columns:
# 381-388
name=unknown_D
#
# <colnr> <probs for GDERKNQSTAVLIFYWHMCP>
#	G	D	E	R	K	N	Q	S	T	A	V	L	I	F	Y	W	H	M	C	P
0	0.01538	0.07169	0.02133	0.08029	0.45337	0.13235	0.01513	0.01997	0.09954	0.01821	0.01188	0.01436	0.00971	0.00565	0.00556	0.00170	0.00720	0.00497	0.00320	0.00851
1	0.01436	0.01281	0.01938	0.08361	0.42043	0.01362	0.01445	0.11516	0.06687	0.02166	0.09915	0.01823	0.01504	0.00674	0.00669	0.00182	0.05174	0.00590	0.00386	0.00849
2	0.01854	0.01290	0.01332	0.01122	0.01471	0.10001	0.00881	0.17154	0.13170	0.22157	0.02021	0.15310	0.01697	0.00884	0.00594	0.00181	0.00552	0.00729	0.00562	0.07039
3	0.07505	0.07092	0.09112	0.01372	0.05563	0.17391	0.01119	0.24580	0.05065	0.02345	0.01425	0.10392	0.01248	0.00764	0.00552	0.00175	0.00684	0.00592	0.02232	0.00791
4	0.04304	0.08452	0.10568	0.14563	0.07704	0.22782	0.06376	0.01825	0.03461	0.01645	0.01335	0.05550	0.04010	0.00664	0.00550	0.00170	0.00779	0.00539	0.00316	0.04408
5	0.01491	0.01404	0.08989	0.01440	0.07429	0.01166	0.09554	0.11790	0.08709	0.07493	0.01371	0.03027	0.01065	0.00577	0.00537	0.00148	0.00591	0.00505	0.00412	0.32300
6	0.05277	0.09263	0.33513	0.05235	0.21310	0.01439	0.04738	0.01743	0.01238	0.01831	0.03949	0.01394	0.00976	0.00588	0.00621	0.00180	0.05127	0.00479	0.00281	0.00817
7	0.05879	0.02497	0.01280	0.06525	0.01531	0.05407	0.00864	0.18316	0.08937	0.10478	0.19488	0.02525	0.08158	0.00850	0.00590	0.00176	0.00504	0.00693	0.00540	0.04760

[dist]
# distance from previous block
# <min> <max>
2	15

[block]
# block no. 4 follows, 40 sequences, length 78
# corresponding to MSA columns:
# 404-481
name=unknown_E
#
# <colnr> <probs for GDERKNQSTAVLIFYWHMCP>
#	G	D	E	R	K	N	Q	S	T	A	V	L	I	F	Y	W	H	M	C	P
0	0.09597	0.02944	0.05659	0.01097	0.07357	0.00868	0.00825	0.01578	0.04500	0.11635	0.35369	0.06504	0.04520	0.00939	0.00603	0.00179	0.00416	0.00803	0.00538	0.04069
1	0.11670	0.42488	0.05988	0.08017	0.01739	0.03316	0.01042	0.04814	0.04284	0.05481	0.01019	0.01146	0.00828	0.00542	0.00434	0.00147	0.00611	0.00376	0.00321	0.05737
2	0.02109	0.06886	0.04850	0.01153	0.01593	0.01181	0.03960	0.16663	0.04326	0.39772	0.07803	0.03874	0.01642	0.00750	0.00584	0.00178	0.00546	0.00617	0.00605	0.00907
3	0.19627	0.00818	0.00828	0.00743	0.01016	0.00799	0.00580	0.02907	0.04109	0.13954	0.05205	0.03642	0.37456	0.05005	0.00706	0.00208	0.00388	0.00861	0.00524	0.00623
4	0.01317	0.00755	0.00843	0.00724	0.00982	0.02180	0.00564	0.01573	0.01290	0.12347	0.04952	0.02025	0.01513	0.00855	0.04641	0.00178	0.00420	0.00531	0.44942	0.17368
5	0.01161	0.04431	0.48333	0.04122	0.03892	0.01221	0.03111	0.04652	0.01374	0.01993	0.15908	0.01869	0.01706	0.00679	0.00576	0.00179	0.00710	0.00562	0.00343	0.03178
6	0.00937	0.00669	0.00937	0.01071	0.01205	0.00669	0.00937	0.01205	0.01339	0.01740	0.03079	0.06560	0.03347	0.01606	0.00803	0.00268	0.00535	0.72021	0.00535	0.00535
7	0.01185	0.01009	0.01178	0.00854	0.01346	0.00763	0.00676	0.01433	0.01194	0.01864	0.01104	0.02997	0.00962	0.02677	0.00508	0.00103	0.00432	0.00387	0.00349	0.78979
8	0.02104	0.01587	0.01774	0.01519	0.08073	0.01748	0.01153	0.64052	0.06504	0.03449	0.01423	0.01442	0.01026	0.00688	0.00582	0.00176	0.00635	0.00530	0.00557	0.00980
9	0.00709	0.00506	0.00675	0.00810	0.00843	0.00472	0.00540	0.00810	0.01113	0.01484	0.03205	0.79184	0.03846	0.01822	0.00742	0.00236	0.00337	0.01653	0.00540	0.00472
10	0.01922	0.01467	0.01623	0.01390	0.05691	0.01617	0.01068	0.44789	0.24176	0.05184	0.01685	0.01641	0.01229	0.00708	0.00580	0.00179	0.00579	0.00560	0.00566	0.03347
11	0.01098	0.01034	0.01744	0.78165	0.04005	0.01292	0.01615	0.01486	0.01163	0.01486	0.01034	0.01550	0.00775	0.00581	0.00581	0.00194	0.00775	0.00517	0.00258	0.00646
12	0.01439	0.01382	0.02360	0.03569	0.75936	0.01382	0.01785	0.01785	0.01324	0.01900	0.01094	0.01439	0.00921	0.00518	0.00576	0.00173	0.00691	0.00518	0.00288	0.00921
13	0.02172	0.02772	0.01648	0.01498	0.01798	0.77228	0.01124	0.02322	0.01648	0.01423	0.00899	0.01049	0.00749	0.00599	0.00524	0.00150	0.01049	0.00375	0.00300	0.00674
14	0.01535	0.76062	0.06728	0.01028	0.01544	0.02253	0.01053	0.01746	0.01184	0.01392	0.00820	0.00948	0.00746	0.00500	0.00382	0.00127	0.00634	0.00317	0.00249	0.00752
15	0.00742	0.00520	0.00665	0.00767	0.00792	0.00495	0.00494	0.00819	0.01048	0.01397	0.02868	0.60697	0.03421	0.20888	0.01286	0.00317	0.00393	0.01455	0.00494	0.00443
16	0.00702	0.00590	0.00609	0.00604	0.00794	0.00497	0.00453	0.00863	0.01360	0.01653	0.13386	0.05462	0.68153	0.01442	0.00687	0.00195	0.00292	0.01208	0.00551	0.00497
17	0.00743	0.00591	0.00666	0.00648	0.00820	0.00515	0.00486	0.00942	0.01457	0.01883	0.34495	0.05083	0.46901	0.01356	0.00687	0.00191	0.00286	0.01155	0.00581	0.00515
18	0.01010	0.00505	0.00758	0.00758	0.00758	0.00505	0.00505	0.00758	0.00758	0.01010	0.01010	0.01768	0.01010	0.02020	0.02273	0.83081	0.00505	0.00505	0.00253	0.00253
19	0.00860	0.00711	0.00769	0.00733	0.00939	0.00680	0.00556	0.01312	0.14814	0.01921	0.22897	0.04655	0.44457	0.01276	0.00670	0.00193	0.00320	0.01079	0.00575	0.00584
20	0.01002	0.00886	0.01453	0.50353	0.02937	0.01088	0.01295	0.01325	0.01081	0.01437	0.01222	0.01815	0.01020	0.01943	0.28195	0.00461	0.01057	0.00555	0.00278	0.00600
21	0.00709	0.00506	0.00675	0.00810	0.00843	0.00472	0.00540	0.00810	0.01113	0.01484	0.03205	0.79184	0.03846	0.01822	0.00742	0.00236	0.00337	0.01653	0.00540	0.00472
22	0.01453	0.00951	0.01148	0.02776	0.01292	0.00967	0.00774	0.21109	0.03757	0.12400	0.40247	0.05209	0.03486	0.00988	0.00641	0.00182	0.00421	0.00842	0.00622	0.00735
23	0.01458	0.01112	0.01289	0.00948	0.01445	0.00936	0.00764	0.10542	0.04481	0.08446	0.01240	0.01335	0.00964	0.00503	0.00469	0.00110	0.00463	0.00400	0.00416	0.62683
24	0.00734	0.00537	0.00690	0.00765	0.00843	0.00493	0.00531	0.00883	0.01269	0.01703	0.21329	0.52375	0.12449	0.01626	0.00722	0.00219	0.00317	0.01457	0.00565	0.00493
25	0.01373	0.01569	0.03431	0.02451	0.03039	0.01471	0.73824	0.01863	0.01373	0.01863	0.01176	0.01569	0.00882	0.00490	0.00686	0.00196	0.00980	0.00686	0.00294	0.00784
26	0.01166	0.03008	0.76550	0.01657	0.02517	0.01351	0.02149	0.01842	0.01228	0.01842	0.01044	0.01228	0.00737	0.00552	0.00552	0.00184	0.00859	0.00430	0.00246	0.00859
27	0.01299	0.21927	0.48510	0.01744	0.11915	0.01591	0.01814	0.01809	0.01229	0.01731	0.00992	0.01182	0.00763	0.00534	0.00511	0.00168	0.00778	0.00412	0.00252	0.00839
28	0.00693	0.00589	0.00597	0.00595	0.00789	0.00493	0.00446	0.00845	0.01339	0.01602	0.08777	0.05545	0.72794	0.01461	0.00687	0.00196	0.00294	0.01220	0.00544	0.00493
29	0.00831	0.00623	0.00935	0.00935	0.01038	0.00727	0.00727	0.01038	0.00935	0.01350	0.01558	0.02285	0.01454	0.04361	0.77259	0.00935	0.01558	0.00623	0.00312	0.00519
30	0.01157	0.01121	0.01761	0.72247	0.06394	0.04605	0.01599	0.01533	0.01190	0.01497	0.01030	0.01525	0.00779	0.00580	0.00579	0.00191	0.00784	0.00511	0.00261	0.00657
31	0.01471	0.01500	0.02516	0.03236	0.57916	0.05984	0.15123	0.01832	0.01353	0.01864	0.01097	0.01440	0.00904	0.00518	0.00593	0.00176	0.00766	0.00541	0.00290	0.00881
32	0.00846	0.00564	0.00634	0.00634	0.00634	0.00564	0.00352	0.00846	0.00846	0.01128	0.01832	0.03805	0.02114	0.79563	0.02960	0.00564	0.00564	0.00846	0.00352	0.00352
33	0.00777	0.00583	0.00719	0.00706	0.00845	0.00526	0.00521	0.01000	0.01506	0.02048	0.50207	0.13211	0.22555	0.01331	0.00693	0.00192	0.00287	0.01164	0.00604	0.00526
34	0.02142	0.01563	0.01672	0.01290	0.01735	0.01727	0.01063	0.69605	0.02643	0.03574	0.01426	0.01443	0.01019	0.00697	0.00571	0.00172	0.00618	0.00525	0.05552	0.00962
35	0.00709	0.00506	0.00675	0.00810	0.00843	0.00472	0.00540	0.00810	0.01113	0.01484	0.03205	0.79184	0.03846	0.01822	0.00742	0.00236	0.00337	0.01653	0.00540	0.00472
36	0.01565	0.71904	0.06940	0.01056	0.01563	0.06002	0.01064	0.01776	0.01207	0.01396	0.00826	0.00955	0.00746	0.00506	0.00390	0.00129	0.00656	0.00321	0.00251	0.00749
37	0.01270	0.01289	0.01970	0.01628	0.01709	0.01704	0.10829	0.01448	0.00956	0.01459	0.00845	0.01346	0.00803	0.01064	0.04350	0.00270	0.65610	0.00536	0.00262	0.00652
38	0.00695	0.00589	0.00600	0.00598	0.00791	0.00494	0.00448	0.00850	0.01345	0.01617	0.10107	0.05521	0.71455	0.01456	0.00687	0.00196	0.00293	0.01217	0.00546	0.00494
39	0.01424	0.01366	0.02333	0.06831	0.72790	0.01378	0.01777	0.01772	0.01317	0.01882	0.01091	0.01444	0.00915	0.00521	0.00576	0.00174	0.00695	0.00518	0.00287	0.00909
40	0.01168	0.02878	0.71070	0.01675	0.02503	0.01337	0.05699	0.01825	0.01245	0.01854	0.02840	0.01320	0.00858	0.00565	0.00562	0.00185	0.00851	0.00457	0.00257	0.00848
41	0.00715	0.00511	0.00681	0.00805	0.00845	0.00477	0.00540	0.00827	0.01146	0.01536	0.07584	0.74659	0.03945	0.01784	0.00739	0.00233	0.00334	0.01617	0.00546	0.00477
42	0.00720	0.00514	0.00688	0.00823	0.00862	0.00482	0.00560	0.00830	0.01125	0.01497	0.03199	0.75547	0.03821	0.01811	0.00745	0.00238	0.00347	0.05177	0.00540	0.00475
43	0.00978	0.00731	0.00955	0.01049	0.01206	0.00749	0.00893	0.01405	0.10518	0.01807	0.03136	0.09138	0.06795	0.01507	0.00768	0.00254	0.00505	0.56482	0.00543	0.00579
44	0.01267	0.02375	0.49456	0.01487	0.02155	0.01385	0.01706	0.02291	0.27754	0.02054	0.01520	0.01567	0.01111	0.00638	0.00567	0.00189	0.00716	0.00512	0.00370	0.00881
45	0.01446	0.01249	0.01315	0.01183	0.01512	0.01446	0.00920	0.03090	0.74885	0.02433	0.02367	0.02170	0.01775	0.00789	0.00592	0.00197	0.00460	0.00657	0.00592	0.00920
46	0.01124	0.01068	0.01807	0.70812	0.06852	0.01316	0.03177	0.01503	0.01165	0.01508	0.01030	0.01537	0.00783	0.00592	0.00629	0.00195	0.03461	0.00520	0.00260	0.00660
47	0.02211	0.01629	0.01745	0.01338	0.01803	0.01803	0.01105	0.73997	0.02734	0.03665	0.01396	0.01396	0.00989	0.00698	0.00582	0.00175	0.00640	0.00524	0.00582	0.00989
48	0.01206	0.01034	0.01206	0.00861	0.01378	0.00775	0.00689	0.01464	0.01206	0.01895	0.01034	0.01206	0.00861	0.00431	0.00431	0.00086	0.00431	0.00345	0.00345	0.83118
49	0.00709	0.00506	0.00675	0.00810	0.00843	0.00472	0.00540	0.00810	0.01113	0.01484	0.03205	0.79184	0.03846	0.01822	0.00742	0.00236	0.00337	0.01653	0.00540	0.00472
50	0.02609	0.00990	0.01350	0.01035	0.01484	0.00855	0.00855	0.02834	0.01664	0.76338	0.02294	0.01979	0.01439	0.00720	0.00585	0.00180	0.00495	0.00585	0.00720	0.00990
51	0.01166	0.03008	0.76550	0.01657	0.02517	0.01351	0.02149	0.01842	0.01228	0.01842	0.01044	0.01228	0.00737	0.00552	0.00552	0.00184	0.00859	0.00430	0.00246	0.00859
52	0.00709	0.00506	0.00675	0.00810	0.00843	0.00472	0.00540	0.00810	0.01113	0.01484	0.03205	0.79184	0.03846	0.01822	0.00742	0.00236	0.00337	0.01653	0.00540	0.00472
53	0.50130	0.01570	0.01130	0.01018	0.01358	0.21001	0.00802	0.02077	0.12323	0.02275	0.01068	0.01157	0.00834	0.00593	0.00438	0.00175	0.00607	0.00382	0.00379	0.00685
54	0.00822	0.00624	0.00760	0.00721	0.00880	0.00578	0.00542	0.01132	0.05017	0.02165	0.56461	0.04524	0.21143	0.01234	0.00682	0.00187	0.00288	0.01073	0.00615	0.00553
55	0.00721	0.00515	0.00689	0.00824	0.00863	0.00483	0.00561	0.00831	0.01126	0.01498	0.03198	0.75269	0.03819	0.01810	0.00746	0.00238	0.00348	0.05447	0.00540	0.00476
56	0.01439	0.01382	0.02360	0.03569	0.75936	0.01382	0.01785	0.01785	0.01324	0.01900	0.01094	0.01439	0.00921	0.00518	0.00576	0.00173	0.00691	0.00518	0.00288	0.00921
57	0.01439	0.01382	0.02360	0.03569	0.75936	0.01382	0.01785	0.01785	0.01324	0.01900	0.01094	0.01439	0.00921	0.00518	0.00576	0.00173	0.00691	0.00518	0.00288	0.00921
58	0.00709	0.00506	0.00675	0.00810	0.00843	0.00472	0.00540	0.00810	0.01113	0.01484	0.03205	0.79184	0.03846	0.01822	0.00742	0.00236	0.00337	0.01653	0.00540	0.00472
59	0.01084	0.00542	0.00542	0.00542	0.00678	0.00542	0.00407	0.01355	0.01220	0.02168	0.01897	0.02168	0.01491	0.00678	0.00407	0.00136	0.00271	0.00542	0.82791	0.00542
