[name]
unknown

[dist]
# distance from previous block
# <min> <max>
0	271

[block]
# block no. 0 follows, 40 sequences, length 15
# corresponding to MSA columns:
# 300-314
name=unknown_A
#
# <colnr> <probs for GDERKNQSTAVLIFYWHMCP>
#	G	D	E	R	K	N	Q	S	T	A	V	L	I	F	Y	W	H	M	C	P
0	0.00721	0.00590	0.00636	0.00625	0.00806	0.00505	0.00469	0.00901	0.01406	0.01762	0.23410	0.05282	0.58062	0.01401	0.00687	0.00193	0.00289	0.01183	0.00565	0.00505
1	0.02609	0.00990	0.01350	0.01035	0.01484	0.00855	0.00855	0.02834	0.01664	0.76338	0.02294	0.01979	0.01439	0.00720	0.00585	0.00180	0.00495	0.00585	0.00720	0.00990
2	0.01086	0.00595	0.00671	0.08864	0.01034	0.00622	0.00536	0.01369	0.01213	0.02095	0.01804	0.02102	0.01414	0.00667	0.00425	0.00142	0.00325	0.00539	0.73943	0.00553
3	0.00800	0.00588	0.00749	0.00719	0.00857	0.00537	0.00535	0.01049	0.01576	0.02190	0.62933	0.09034	0.13745	0.01261	0.00689	0.00188	0.00281	0.01109	0.00622	0.00537
4	0.02129	0.01588	0.01699	0.01321	0.01772	0.01765	0.01085	0.66394	0.10470	0.03533	0.01500	0.01479	0.01073	0.00708	0.00583	0.00177	0.00621	0.00538	0.00583	0.00982
5	0.02493	0.01016	0.01346	0.01050	0.01487	0.00914	0.00861	0.02860	0.08995	0.68939	0.02301	0.01998	0.01473	0.00727	0.00585	0.00182	0.00491	0.00592	0.00707	0.00983
6	0.01206	0.01034	0.01206	0.00861	0.01378	0.00775	0.00689	0.01464	0.01206	0.01895	0.01034	0.01206	0.00861	0.00431	0.00431	0.00086	0.00431	0.00345	0.00345	0.83118
7	0.02211	0.01629	0.01745	0.01338	0.01803	0.01803	0.01105	0.73997	0.02734	0.03665	0.01396	0.01396	0.00989	0.00698	0.00582	0.00175	0.00640	0.00524	0.00582	0.00989
8	0.00900	0.00614	0.00788	0.00733	0.00892	0.00559	0.00554	0.01160	0.01616	0.06015	0.65111	0.04346	0.12122	0.01193	0.00681	0.00184	0.00288	0.01045	0.00634	0.00565
9	0.00831	0.00623	0.00935	0.00935	0.01038	0.00727	0.00727	0.01038	0.00935	0.01350	0.01558	0.02285	0.01454	0.04361	0.77259	0.00935	0.01558	0.00623	0.00312	0.00519
10	0.01352	0.01529	0.03305	0.08109	0.03111	0.01457	0.68427	0.01835	0.01357	0.01835	0.01166	0.01567	0.00874	0.00497	0.00678	0.00196	0.00965	0.00674	0.00291	0.00774
11	0.01462	0.01489	0.07868	0.03334	0.67728	0.01360	0.01778	0.01827	0.01329	0.04616	0.01134	0.01443	0.00926	0.00528	0.00574	0.00174	0.00696	0.00514	0.00300	0.00919
12	0.00770	0.00569	0.00739	0.00810	0.00903	0.00510	0.00556	0.00900	0.01160	0.01586	0.07916	0.65715	0.03638	0.01629	0.00705	0.00216	0.00343	0.01472	0.00526	0.09338
13	0.01166	0.01103	0.01868	0.63235	0.18402	0.01310	0.01649	0.01546	0.01195	0.01569	0.01046	0.01528	0.00804	0.00569	0.00580	0.00190	0.00758	0.00517	0.00264	0.00701
14	0.06932	0.02484	0.52821	0.01668	0.02408	0.01356	0.12849	0.03763	0.03180	0.05500	0.01150	0.01325	0.00818	0.00560	0.00563	0.00186	0.00817	0.00477	0.00301	0.00843

[dist]
# distance from previous block
# <min> <max>
0	3

[block]
# block no. 1 follows, 40 sequences, length 40
# corresponding to MSA columns:
# 318-357
name=unknown_B
#
# <colnr> <probs for GDERKNQSTAVLIFYWHMCP>
#	G	D	E	R	K	N	Q	S	T	A	V	L	I	F	Y	W	H	M	C	P
0	0.00882	0.07156	0.04562	0.05446	0.01333	0.00792	0.06299	0.01074	0.01174	0.01561	0.05385	0.53763	0.03100	0.01454	0.00690	0.00218	0.00462	0.03625	0.00472	0.00551
1	0.17232	0.01207	0.01369	0.05487	0.01486	0.07131	0.02673	0.03563	0.01144	0.05435	0.01117	0.01425	0.00919	0.00768	0.01013	0.00199	0.30452	0.00476	0.16253	0.00650
2	0.15841	0.01338	0.01580	0.41620	0.02841	0.08687	0.01292	0.16401	0.01500	0.02121	0.01056	0.01365	0.00791	0.00600	0.00537	0.00183	0.00717	0.00469	0.00346	0.00716
3	0.08518	0.20567	0.45154	0.01425	0.02110	0.05334	0.03698	0.01857	0.01233	0.03737	0.00998	0.01155	0.00753	0.00544	0.00497	0.00168	0.00772	0.00401	0.00273	0.00805
4	0.07054	0.40447	0.02298	0.17175	0.02045	0.11089	0.01113	0.05268	0.01324	0.05970	0.00981	0.01160	0.00797	0.00553	0.00457	0.00151	0.00688	0.00388	0.00308	0.00735
5	0.00840	0.00594	0.00699	0.00688	0.00763	0.00571	0.00452	0.02542	0.01196	0.01613	0.23757	0.10720	0.11399	0.39617	0.01801	0.00375	0.00432	0.01011	0.00478	0.00449
6	0.02167	0.01579	0.01722	0.01332	0.01772	0.01757	0.01100	0.66270	0.04043	0.06441	0.01421	0.01429	0.01012	0.00716	0.00645	0.00179	0.04345	0.00528	0.00572	0.00971
7	0.01410	0.00785	0.00980	0.00851	0.01113	0.00731	0.00665	0.01801	0.09714	0.24564	0.34417	0.03586	0.14887	0.01048	0.00645	0.00186	0.00365	0.00895	0.00643	0.00714
8	0.00977	0.00664	0.00916	0.00849	0.01003	0.00696	0.04084	0.03240	0.01244	0.01907	0.16760	0.02608	0.02248	0.02223	0.30711	0.00463	0.00822	0.00684	0.27343	0.00559
9	0.00714	0.00574	0.00637	0.00656	0.00811	0.00497	0.00479	0.00873	0.01336	0.01679	0.16786	0.19940	0.49990	0.01495	0.00698	0.00202	0.00300	0.01283	0.00556	0.00497
10	0.00790	0.00540	0.00651	0.00705	0.00719	0.00527	0.00428	0.00831	0.00954	0.01272	0.02388	0.34327	0.02815	0.48085	0.02062	0.00431	0.00472	0.01173	0.00428	0.00401
11	0.01166	0.03008	0.76550	0.01657	0.02517	0.01351	0.02149	0.01842	0.01228	0.01842	0.01044	0.01228	0.00737	0.00552	0.00552	0.00184	0.00859	0.00430	0.00246	0.00859
12	0.00896	0.00665	0.00949	0.00930	0.01042	0.00764	0.00715	0.04394	0.01011	0.01440	0.01572	0.02363	0.01484	0.10077	0.67901	0.00870	0.01437	0.00636	0.00327	0.00528
13	0.01555	0.79913	0.03047	0.00995	0.01493	0.02301	0.00995	0.01741	0.01182	0.01368	0.00808	0.00933	0.00746	0.00498	0.00373	0.00124	0.00622	0.00311	0.00249	0.00746
14	0.01255	0.01256	0.03550	0.40391	0.30067	0.01354	0.08718	0.01636	0.01237	0.01678	0.01064	0.01499	0.00838	0.00559	0.00619	0.00188	0.02523	0.00532	0.00272	0.00764
15	0.01098	0.01034	0.01744	0.78165	0.04005	0.01292	0.01615	0.01486	0.01163	0.01486	0.01034	0.01550	0.00775	0.00581	0.00581	0.00194	0.00775	0.00517	0.00258	0.00646
16	0.00846	0.00564	0.00634	0.00634	0.00634	0.00564	0.00352	0.00846	0.00846	0.01128	0.01832	0.03805	0.02114	0.79563	0.02960	0.00564	0.00564	0.00846	0.00352	0.00352
17	0.02500	0.01091	0.01403	0.01084	0.01530	0.01015	0.00893	0.12782	0.05197	0.62776	0.02172	0.01907	0.01392	0.00720	0.00585	0.00180	0.00513	0.00580	0.00695	0.00986
18	0.01195	0.00720	0.00882	0.00815	0.01047	0.00653	0.00652	0.04039	0.01523	0.16612	0.21323	0.04580	0.29989	0.01249	0.00681	0.00200	0.00380	0.12231	0.00600	0.00629
19	0.00831	0.00623	0.00935	0.00935	0.01038	0.00727	0.00727	0.01038	0.00935	0.01350	0.01558	0.02285	0.01454	0.04361	0.77259	0.00935	0.01558	0.00623	0.00312	0.00519
20	0.80098	0.01119	0.00877	0.00777	0.01140	0.01285	0.00640	0.01759	0.01019	0.05858	0.00875	0.00990	0.00665	0.00548	0.00370	0.00180	0.00452	0.00327	0.00376	0.00646
21	0.01339	0.22466	0.50808	0.01423	0.02155	0.01544	0.01727	0.01849	0.01237	0.05431	0.01045	0.01189	0.00779	0.00542	0.00503	0.00164	0.00762	0.00403	0.00274	0.04358
22	0.01306	0.30721	0.50063	0.01419	0.02148	0.01693	0.01733	0.01805	0.01211	0.01671	0.00959	0.01121	0.00740	0.00533	0.00488	0.00163	0.00774	0.00387	0.00247	0.00819
23	0.00845	0.00568	0.00655	0.00655	0.00662	0.00575	0.00378	0.00859	0.00852	0.01143	0.01813	0.03699	0.02068	0.74315	0.08145	0.00590	0.00633	0.00830	0.00350	0.00364
24	0.00726	0.00587	0.00645	0.00638	0.00811	0.00506	0.00476	0.00906	0.01405	0.01778	0.25085	0.08559	0.53022	0.01410	0.00689	0.00194	0.00291	0.01198	0.00568	0.00506
25	0.00844	0.00569	0.00660	0.00660	0.00669	0.00578	0.00384	0.00862	0.00853	0.01147	0.01809	0.03675	0.02058	0.73111	0.09334	0.00596	0.00649	0.00827	0.00349	0.00367
26	0.00842	0.00619	0.00916	0.00916	0.01022	0.00718	0.00712	0.01053	0.00948	0.01388	0.01573	0.02279	0.01455	0.04191	0.73708	0.00898	0.01498	0.00619	0.04122	0.00520
27	0.01555	0.79913	0.03047	0.00995	0.01493	0.02301	0.00995	0.01741	0.01182	0.01368	0.00808	0.00933	0.00746	0.00498	0.00373	0.00124	0.00622	0.00311	0.00249	0.00746
28	0.00831	0.00623	0.00935	0.00935	0.01038	0.00727	0.00727	0.01038	0.00935	0.01350	0.01558	0.02285	0.01454	0.04361	0.77259	0.00935	0.01558	0.00623	0.00312	0.00519
29	0.02098	0.02624	0.01676	0.01607	0.06177	0.69492	0.01154	0.02323	0.04764	0.01495	0.00973	0.01120	0.00803	0.00603	0.00530	0.00153	0.01002	0.00395	0.00311	0.00699
30	0.01845	0.06436	0.14391	0.04842	0.04083	0.50221	0.01340	0.02099	0.01473	0.01506	0.00921	0.01121	0.00754	0.00611	0.00619	0.00164	0.06180	0.00400	0.00283	0.00712
31	0.01206	0.01034	0.01206	0.00861	0.01378	0.00775	0.00689	0.01464	0.01206	0.01895	0.01034	0.01206	0.00861	0.00431	0.00431	0.00086	0.00431	0.00345	0.00345	0.83118
32	0.00718	0.00513	0.00683	0.00803	0.00846	0.00479	0.00541	0.00833	0.01157	0.01554	0.09132	0.73059	0.03980	0.01770	0.00738	0.00232	0.00332	0.01604	0.00548	0.00479
33	0.01702	0.44400	0.06174	0.01248	0.05138	0.13477	0.01088	0.07766	0.04375	0.05056	0.01066	0.01171	0.00875	0.00562	0.00451	0.00144	0.00678	0.00389	0.03460	0.00779
34	0.00714	0.00508	0.00673	0.00803	0.00835	0.00476	0.00532	0.00811	0.01103	0.01470	0.03150	0.76167	0.03777	0.04933	0.00831	0.00249	0.00346	0.01621	0.00532	0.00468
35	0.01206	0.01034	0.01206	0.00861	0.01378	0.00775	0.00689	0.01464	0.01206	0.01895	0.01034	0.01206	0.00861	0.00431	0.00431	0.00086	0.00431	0.00345	0.00345	0.83118
36	0.04997	0.05118	0.43761	0.01459	0.03389	0.03399	0.03530	0.05120	0.01379	0.12876	0.04208	0.01454	0.01051	0.00599	0.00545	0.00174	0.00729	0.00474	0.00360	0.05379
37	0.06694	0.04401	0.01856	0.16805	0.23036	0.08388	0.01345	0.11499	0.03443	0.05356	0.01134	0.01389	0.00892	0.00618	0.00661	0.00178	0.07354	0.00484	0.00353	0.04114
38	0.00795	0.00585	0.00676	0.00690	0.00844	0.00511	0.00503	0.00957	0.01343	0.04695	0.17811	0.24126	0.41412	0.01480	0.00697	0.00203	0.00310	0.01279	0.00566	0.00517
39	0.02339	0.01334	0.05238	0.01486	0.07210	0.01124	0.04356	0.05178	0.03712	0.46008	0.02394	0.07263	0.03685	0.00951	0.00715	0.00233	0.00633	0.00740	0.00685	0.04716

[dist]
# distance from previous block
# <min> <max>
0	2

[block]
# block no. 2 follows, 40 sequences, length 79
# corresponding to MSA columns:
# 360-438
name=unknown_C
#
# <colnr> <probs for GDERKNQSTAVLIFYWHMCP>
#	G	D	E	R	K	N	Q	S	T	A	V	L	I	F	Y	W	H	M	C	P
0	0.06623	0.01281	0.01814	0.06874	0.01777	0.01699	0.05522	0.05078	0.01036	0.01624	0.00841	0.01294	0.00774	0.00909	0.01578	0.00238	0.59586	0.00508	0.00280	0.00663
1	0.02212	0.01576	0.01706	0.01314	0.01774	0.01731	0.01083	0.67179	0.04935	0.08310	0.01485	0.01458	0.01043	0.00702	0.00582	0.00176	0.00625	0.00532	0.00591	0.00987
2	0.00846	0.00564	0.00634	0.00634	0.00634	0.00564	0.00352	0.00846	0.00846	0.01128	0.01832	0.03805	0.02114	0.79563	0.02960	0.00564	0.00564	0.00846	0.00352	0.00352
3	0.01555	0.79913	0.03047	0.00995	0.01493	0.02301	0.00995	0.01741	0.01182	0.01368	0.00808	0.00933	0.00746	0.00498	0.00373	0.00124	0.00622	0.00311	0.00249	0.00746
4	0.00704	0.00588	0.00614	0.00611	0.00797	0.00497	0.00457	0.00865	0.01359	0.01659	0.14131	0.07207	0.65621	0.01447	0.00688	0.00196	0.00293	0.01217	0.00552	0.00497
5	0.00817	0.00594	0.00769	0.00726	0.00865	0.00546	0.00544	0.01086	0.01633	0.02300	0.72675	0.04397	0.08461	0.01201	0.00686	0.00183	0.00275	0.01059	0.00636	0.00546
6	0.00723	0.00572	0.00651	0.00671	0.00817	0.00500	0.00488	0.00889	0.01352	0.01726	0.21221	0.21661	0.43699	0.01485	0.00699	0.00202	0.00299	0.01282	0.00563	0.00500
7	0.02494	0.00964	0.01313	0.01015	0.01445	0.00835	0.00835	0.02722	0.01663	0.71569	0.07021	0.02132	0.01700	0.00750	0.00591	0.00180	0.00481	0.00615	0.00715	0.00961
8	0.01555	0.79913	0.03047	0.00995	0.01493	0.02301	0.00995	0.01741	0.01182	0.01368	0.00808	0.00933	0.00746	0.00498	0.00373	0.00124	0.00622	0.00311	0.00249	0.00746
9	0.01206	0.01034	0.01206	0.00861	0.01378	0.00775	0.00689	0.01464	0.01206	0.01895	0.01034	0.01206	0.00861	0.00431	0.00431	0.00086	0.00431	0.00345	0.00345	0.83118
10	0.01206	0.01034	0.01206	0.00861	0.01378	0.00775	0.00689	0.01464	0.01206	0.01895	0.01034	0.01206	0.00861	0.00431	0.00431	0.00086	0.00431	0.00345	0.00345	0.83118
11	0.00831	0.00623	0.00935	0.00935	0.01038	0.00727	0.00727	0.01038	0.00935	0.01350	0.01558	0.02285	0.01454	0.04361	0.77259	0.00935	0.01558	0.00623	0.00312	0.00519
12	0.00709	0.00506	0.00675	0.00810	0.00843	0.00472	0.00540	0.00810	0.01113	0.01484	0.03205	0.79184	0.03846	0.01822	0.00742	0.00236	0.00337	0.01653	0.00540	0.00472
13	0.02236	0.01588	0.01720	0.01318	0.01783	0.01742	0.01089	0.69410	0.02665	0.08349	0.01454	0.01434	0.01018	0.00699	0.00582	0.00175	0.00631	0.00528	0.00591	0.00989
14	0.01167	0.04990	0.64522	0.01712	0.07312	0.01324	0.01987	0.01768	0.01225	0.01809	0.01179	0.06258	0.00950	0.00630	0.00561	0.00185	0.00807	0.00511	0.00267	0.00835
15	0.01178	0.05242	0.74414	0.01638	0.02487	0.01378	0.02115	0.01839	0.01226	0.01828	0.01037	0.01219	0.00737	0.00551	0.00547	0.00182	0.00853	0.00426	0.00246	0.00856
16	0.01352	0.00746	0.00749	0.00738	0.00894	0.00708	0.00533	0.01541	0.01383	0.02390	0.02126	0.02495	0.01715	0.00849	0.00525	0.00186	0.00371	0.00625	0.79389	0.00683
17	0.00709	0.00506	0.00675	0.00810	0.00843	0.00472	0.00540	0.00810	0.01113	0.01484	0.03205	0.79184	0.03846	0.01822	0.00742	0.00236	0.00337	0.01653	0.00540	0.00472
18	0.01387	0.01229	0.01917	0.50878	0.07125	0.01426	0.07534	0.17711	0.01539	0.02025	0.01129	0.01512	0.00839	0.00597	0.00590	0.00189	0.00758	0.00533	0.00335	0.00748
19	0.01469	0.01444	0.02313	0.04940	0.70812	0.05167	0.01748	0.01806	0.01337	0.01868	0.01083	0.01422	0.00910	0.00523	0.00573	0.00172	0.00710	0.00511	0.00288	0.00903
20	0.01240	0.01036	0.01139	0.01060	0.01328	0.01153	0.00833	0.02411	0.50045	0.02281	0.14300	0.03242	0.07310	0.00991	0.00637	0.00203	0.00429	0.08984	0.00590	0.00789
21	0.02192	0.01439	0.01601	0.01251	0.01695	0.01550	0.01026	0.48956	0.12392	0.19145	0.01723	0.01628	0.01194	0.00715	0.00584	0.00179	0.00584	0.00555	0.00613	0.00980
22	0.01203	0.02527	0.54175	0.01834	0.02588	0.01347	0.21048	0.01806	0.01261	0.01833	0.01165	0.04431	0.00899	0.00587	0.00595	0.00189	0.00871	0.00546	0.00270	0.00824
23	0.01446	0.01249	0.01315	0.01183	0.01512	0.01446	0.00920	0.03090	0.74885	0.02433	0.02367	0.02170	0.01775	0.00789	0.00592	0.00197	0.00460	0.00657	0.00592	0.00920
24	0.00729	0.00591	0.00647	0.00633	0.00811	0.00509	0.00475	0.00916	0.01425	0.01807	0.27510	0.05208	0.53933	0.01385	0.00687	0.00192	0.00288	0.01173	0.00571	0.00509
25	0.01415	0.01384	0.02442	0.07210	0.64674	0.01386	0.09325	0.01778	0.01321	0.01875	0.01099	0.01458	0.00910	0.00518	0.00588	0.00176	0.00725	0.00536	0.00287	0.00893
26	0.00844	0.00642	0.00944	0.00939	0.01032	0.00751	0.00724	0.01035	0.00936	0.01347	0.01604	0.05369	0.01552	0.07574	0.67804	0.00863	0.04536	0.00670	0.00320	0.00514
27	0.00709	0.00506	0.00675	0.00810	0.00843	0.00472	0.00540	0.00810	0.01113	0.01484	0.03205	0.79184	0.03846	0.01822	0.00742	0.00236	0.00337	0.01653	0.00540	0.00472
28	0.01701	0.01321	0.01417	0.01210	0.01578	0.01491	0.00959	0.19603	0.53262	0.07569	0.02136	0.01977	0.01570	0.00763	0.00589	0.00191	0.00504	0.00621	0.00598	0.00941
29	0.01555	0.01475	0.02548	0.29719	0.28823	0.01503	0.20289	0.01866	0.01438	0.01978	0.01357	0.01870	0.01109	0.00712	0.00718	0.00235	0.00877	0.00644	0.00371	0.00914
30	0.75811	0.01096	0.00887	0.02675	0.01195	0.01259	0.00657	0.01710	0.01041	0.04680	0.04026	0.01133	0.00862	0.00573	0.00386	0.00180	0.00452	0.00359	0.00380	0.00637
31	0.01439	0.01382	0.02360	0.03569	0.75936	0.01382	0.01785	0.01785	0.01324	0.01900	0.01094	0.01439	0.00921	0.00518	0.00576	0.00173	0.00691	0.00518	0.00288	0.00921
32	0.00715	0.00590	0.00628	0.00619	0.00803	0.00503	0.00464	0.00889	0.01392	0.01728	0.20288	0.05338	0.61205	0.01414	0.00687	0.00194	0.00290	0.01191	0.00561	0.00503
33	0.00707	0.00510	0.00670	0.00799	0.00841	0.00473	0.00535	0.00811	0.01124	0.01489	0.03339	0.75509	0.07434	0.01804	0.00739	0.00234	0.00335	0.01632	0.00540	0.00473
34	0.00718	0.00513	0.00686	0.00821	0.00859	0.00481	0.00557	0.00826	0.01123	0.01495	0.03200	0.76108	0.03825	0.01813	0.00745	0.00238	0.00346	0.04633	0.00540	0.00475
35	0.01084	0.00542	0.00542	0.00542	0.00678	0.00542	0.00407	0.01355	0.01220	0.02168	0.01897	0.02168	0.01491	0.00678	0.00407	0.00136	0.00271	0.00542	0.82791	0.00542
36	0.01446	0.01249	0.01315	0.01183	0.01512	0.01446	0.00920	0.03090	0.74885	0.02433	0.02367	0.02170	0.01775	0.00789	0.00592	0.00197	0.00460	0.00657	0.00592	0.00920
37	0.83671	0.01125	0.00855	0.00765	0.01125	0.01305	0.00630	0.01709	0.00990	0.02609	0.00810	0.00945	0.00630	0.00540	0.00360	0.00180	0.00450	0.00315	0.00360	0.00630
38	0.02552	0.01015	0.01357	0.01048	0.01493	0.00901	0.00863	0.04500	0.04676	0.71633	0.02276	0.01974	0.01443	0.00722	0.00585	0.00181	0.00497	0.00586	0.00711	0.00987
39	0.00774	0.00615	0.00698	0.00673	0.00848	0.00550	0.00506	0.01030	0.04092	0.01935	0.36335	0.04925	0.42283	0.01324	0.00683	0.00190	0.00292	0.01130	0.00586	0.00532
40	0.00937	0.00669	0.00937	0.01071	0.01205	0.00669	0.00937	0.01205	0.01339	0.01740	0.03079	0.06560	0.03347	0.01606	0.00803	0.00268	0.00535	0.72021	0.00535	0.00535
41	0.01229	0.02897	0.72044	0.01648	0.02485	0.01333	0.03506	0.01883	0.01248	0.04881	0.01097	0.01265	0.00768	0.00558	0.00556	0.00184	0.00847	0.00441	0.00266	0.00863
42	0.01389	0.08216	0.58195	0.01595	0.04116	0.06564	0.01881	0.01948	0.01292	0.07943	0.01122	0.01262	0.00801	0.00565	0.00541	0.00177	0.00821	0.00433	0.00290	0.00851
43	0.01451	0.01458	0.15419	0.01493	0.01934	0.01148	0.19032	0.01808	0.01323	0.16279	0.06579	0.07862	0.01515	0.00768	0.00776	0.00191	0.10598	0.00670	0.03005	0.06692
44	0.02609	0.00990	0.01350	0.01035	0.01484	0.00855	0.00855	0.02834	0.01664	0.76338	0.02294	0.01979	0.01439	0.00720	0.00585	0.00180	0.00495	0.00585	0.00720	0.00990
45	0.05509	0.01199	0.06280	0.05139	0.06764	0.01037	0.01043	0.07805	0.03011	0.51558	0.02012	0.01860	0.02677	0.00695	0.00575	0.00181	0.00550	0.00565	0.00606	0.00934
46	0.01317	0.04394	0.23553	0.11132	0.32261	0.01407	0.12215	0.01807	0.02992	0.01826	0.01105	0.01411	0.00861	0.00537	0.00579	0.00181	0.00782	0.00514	0.00279	0.00847
47	0.00742	0.00551	0.00725	0.00827	0.00866	0.00543	0.00564	0.00842	0.01101	0.01469	0.03158	0.68412	0.07206	0.05035	0.00892	0.00249	0.04283	0.01540	0.00518	0.00476
48	0.00709	0.00506	0.00675	0.00810	0.00843	0.00472	0.00540	0.00810	0.01113	0.01484	0.03205	0.79184	0.03846	0.01822	0.00742	0.00236	0.00337	0.01653	0.00540	0.00472
49	0.76078	0.08410	0.01057	0.00786	0.01159	0.01397	0.00664	0.01712	0.01007	0.02494	0.00810	0.00944	0.00641	0.00536	0.00361	0.00175	0.00466	0.00315	0.00350	0.00641
50	0.00805	0.00581	0.00761	0.00744	0.00865	0.00537	0.00547	0.01053	0.01564	0.02201	0.64453	0.15893	0.05234	0.01287	0.00695	0.00191	0.00284	0.01144	0.00625	0.00537
51	0.01425	0.01340	0.02233	0.15118	0.60957	0.01389	0.01724	0.05375	0.01370	0.01924	0.01100	0.01454	0.00902	0.00537	0.00577	0.00176	0.00701	0.00518	0.00298	0.00882
52	0.01045	0.00770	0.01074	0.12723	0.01625	0.00810	0.00992	0.01416	0.06420	0.04793	0.04477	0.05193	0.07956	0.01340	0.00735	0.00241	0.00542	0.46746	0.00507	0.00595
53	0.01132	0.00588	0.00593	0.00576	0.00725	0.00595	0.00436	0.04431	0.01284	0.02231	0.01876	0.02135	0.01469	0.00678	0.00414	0.00137	0.00287	0.00541	0.79310	0.00561
54	0.06799	0.01317	0.01940	0.12581	0.40064	0.01419	0.01466	0.09742	0.11046	0.03741	0.01283	0.01520	0.01009	0.00602	0.00605	0.00182	0.02926	0.00525	0.00368	0.00866
55	0.00846	0.00564	0.00634	0.00634	0.00634	0.00564	0.00352	0.00846	0.00846	0.01128	0.01832	0.03805	0.02114	0.79563	0.02960	0.00564	0.00564	0.00846	0.00352	0.00352
56	0.00710	0.00568	0.00636	0.00666	0.00812	0.00493	0.00481	0.00862	0.01311	0.01646	0.14179	0.24855	0.47679	0.01528	0.00702	0.00205	0.00303	0.01317	0.00553	0.00493
57	0.01206	0.01034	0.01206	0.00861	0.01378	0.00775	0.00689	0.01464	0.01206	0.01895	0.01034	0.01206	0.00861	0.00431	0.00431	0.00086	0.00431	0.00345	0.00345	0.83118
58	0.01338	0.01596	0.14658	0.14994	0.46731	0.01368	0.03450	0.01814	0.04989	0.01850	0.01142	0.01461	0.00909	0.00547	0.00576	0.00180	0.00728	0.00514	0.00292	0.00864
59	0.01272	0.01272	0.01781	0.01527	0.01527	0.01781	0.01272	0.01399	0.00891	0.01399	0.00763	0.01272	0.00763	0.01018	0.01908	0.00254	0.78499	0.00509	0.00254	0.00636
60	0.01653	0.01516	0.01424	0.05120	0.01705	0.14529	0.01000	0.07612	0.50705	0.05308	0.01978	0.01885	0.01481	0.00737	0.00579	0.00187	0.00591	0.00590	0.00529	0.00871
61	0.01127	0.01066	0.01785	0.70297	0.08542	0.01317	0.01612	0.01502	0.01162	0.01509	0.01027	0.01532	0.00784	0.00595	0.00634	0.00195	0.03874	0.00517	0.00260	0.00663
62	0.02063	0.02372	0.01582	0.01415	0.01735	0.56904	0.01076	0.06058	0.14694	0.04770	0.01241	0.01303	0.00971	0.00643	0.00542	0.00161	0.00901	0.00441	0.00383	0.00746
63	0.00709	0.00506	0.00675	0.00810	0.00843	0.00472	0.00540	0.00810	0.01113	0.01484	0.03205	0.79184	0.03846	0.01822	0.00742	0.00236	0.00337	0.01653	0.00540	0.00472
64	0.13778	0.04304	0.01397	0.01032	0.01473	0.01089	0.00859	0.11082	0.01678	0.54411	0.01921	0.01724	0.01245	0.00683	0.00545	0.00177	0.00511	0.00529	0.00634	0.00930
65	0.02172	0.02772	0.01648	0.01498	0.01798	0.77228	0.01124	0.02322	0.01648	0.01423	0.00899	0.01049	0.00749	0.00599	0.00524	0.00150	0.01049	0.00375	0.00300	0.00674
66	0.01186	0.06882	0.72848	0.01624	0.02465	0.01398	0.02090	0.01837	0.01225	0.01818	0.01032	0.01213	0.00737	0.00550	0.00543	0.00181	0.00847	0.00424	0.00246	0.00854
67	0.00846	0.00564	0.00634	0.00634	0.00634	0.00564	0.00352	0.00846	0.00846	0.01128	0.01832	0.03805	0.02114	0.79563	0.02960	0.00564	0.00564	0.00846	0.00352	0.00352
68	0.01098	0.01019	0.01709	0.75910	0.03908	0.01270	0.01580	0.01482	0.01164	0.01506	0.01059	0.01568	0.00796	0.00584	0.00576	0.00192	0.00761	0.00518	0.02656	0.00643
69	0.01084	0.00542	0.00542	0.00542	0.00678	0.00542	0.00407	0.01355	0.01220	0.02168	0.01897	0.02168	0.01491	0.00678	0.00407	0.00136	0.00271	0.00542	0.82791	0.00542
70	0.00834	0.00610	0.00868	0.00868	0.00948	0.00691	0.00643	0.00995	0.00915	0.01300	0.01619	0.02624	0.01601	0.21125	0.60696	0.00852	0.01336	0.00673	0.00321	0.00482
71	0.01107	0.00752	0.00935	0.00846	0.01045	0.00738	0.00653	0.05099	0.09770	0.08288	0.55924	0.03832	0.04469	0.01095	0.00666	0.00186	0.00338	0.02976	0.00635	0.00646
72	0.02120	0.02610	0.01625	0.01465	0.01767	0.69247	0.01106	0.06889	0.01689	0.01565	0.00958	0.01121	0.00793	0.00759	0.03658	0.00183	0.01043	0.00394	0.00318	0.00688
73	0.00831	0.00621	0.00926	0.00926	0.01027	0.00722	0.00716	0.01033	0.00932	0.01344	0.01565	0.02328	0.01473	0.06514	0.75132	0.00924	0.01529	0.00629	0.00313	0.00514
74	0.01620	0.51281	0.11399	0.01124	0.01646	0.07983	0.01120	0.05475	0.01329	0.05358	0.00964	0.01072	0.00800	0.00529	0.00432	0.00136	0.00666	0.00357	0.00299	0.06409
75	0.02112	0.01561	0.01678	0.01307	0.01746	0.01726	0.01071	0.68111	0.04923	0.03517	0.01517	0.05305	0.01156	0.00757	0.00590	0.00178	0.00619	0.00584	0.00580	0.00961
76	0.57073	0.03957	0.01272	0.11527	0.01696	0.01343	0.05864	0.01795	0.04758	0.04670	0.00990	0.01164	0.00754	0.00559	0.00432	0.00182	0.00539	0.00394	0.00360	0.00673
77	0.00709	0.00506	0.00675	0.00810	0.00843	0.00472	0.00540	0.00810	0.01113	0.01484	0.03205	0.79184	0.03846	0.01822	0.00742	0.00236	0.00337	0.01653	0.00540	0.00472
78	0.01370	0.58046	0.04636	0.00985	0.01385	0.03708	0.00930	0.01551	0.01179	0.01409	0.01352	0.18403	0.01438	0.00797	0.00464	0.00152	0.00576	0.00615	0.00315	0.00687

[dist]
# distance from previous block
# <min> <max>
0	14

# created by:
# /software/SequenceAnalysis/GenePrediction/augustus/3.0.1/scripts/msa2prfl.pl ./fixed/BUSCOvEOG74J400.fas
