[name]
unknown

[dist]
# distance from previous block
# <min> <max>
0	48

[block]
# block no. 0 follows, 40 sequences, length 53
# corresponding to MSA columns:
# 51-103
name=unknown_A
#
# <colnr> <probs for GDERKNQSTAVLIFYWHMCP>
#	G	D	E	R	K	N	Q	S	T	A	V	L	I	F	Y	W	H	M	C	P
0	0.00927	0.00662	0.00925	0.01059	0.01188	0.00660	0.00919	0.01187	0.01328	0.01729	0.03085	0.09875	0.03370	0.01616	0.00800	0.00266	0.00526	0.68809	0.00536	0.00533
1	0.01206	0.01034	0.01206	0.00861	0.01378	0.00775	0.00689	0.01464	0.01206	0.01895	0.01034	0.01206	0.00861	0.00431	0.00431	0.00086	0.00431	0.00345	0.00345	0.83118
2	0.02121	0.01482	0.01601	0.01240	0.01672	0.01621	0.01020	0.62500	0.02519	0.07831	0.01500	0.01508	0.01066	0.00697	0.00564	0.00171	0.00594	0.00529	0.08818	0.00944
3	0.00714	0.00510	0.00679	0.00806	0.00845	0.00476	0.00540	0.00823	0.01137	0.01522	0.06450	0.75831	0.03920	0.01794	0.00740	0.00234	0.00335	0.01626	0.00544	0.00476
4	0.01206	0.01034	0.01206	0.00861	0.01378	0.00775	0.00689	0.01464	0.01206	0.01895	0.01034	0.01206	0.00861	0.00431	0.00431	0.00086	0.00431	0.00345	0.00345	0.83118
5	0.01166	0.03008	0.76550	0.01657	0.02517	0.01351	0.02149	0.01842	0.01228	0.01842	0.01044	0.01228	0.00737	0.00552	0.00552	0.00184	0.00859	0.00430	0.00246	0.00859
6	0.00937	0.00669	0.00937	0.01071	0.01205	0.00669	0.00937	0.01205	0.01339	0.01740	0.03079	0.06560	0.03347	0.01606	0.00803	0.00268	0.00535	0.72021	0.00535	0.00535
7	0.00878	0.00627	0.00869	0.01003	0.01111	0.00618	0.00834	0.01103	0.01280	0.01674	0.03112	0.25322	0.03476	0.01662	0.00787	0.00260	0.00484	0.53841	0.00537	0.00519
8	0.00846	0.00564	0.00634	0.00634	0.00634	0.00564	0.00352	0.00846	0.00846	0.01128	0.01832	0.03805	0.02114	0.79563	0.02960	0.00564	0.00564	0.00846	0.00352	0.00352
9	0.83671	0.01125	0.00855	0.00765	0.01125	0.01305	0.00630	0.01709	0.00990	0.02609	0.00810	0.00945	0.00630	0.00540	0.00360	0.00180	0.00450	0.00315	0.00360	0.00630
10	0.01572	0.77788	0.03009	0.01009	0.01501	0.04365	0.00999	0.01757	0.01194	0.01370	0.00811	0.00936	0.00746	0.00500	0.00377	0.00125	0.00634	0.00313	0.00250	0.00744
11	0.02172	0.02772	0.01648	0.01498	0.01798	0.77228	0.01124	0.02322	0.01648	0.01423	0.00899	0.01049	0.00749	0.00599	0.00524	0.00150	0.01049	0.00375	0.00300	0.00674
12	0.00811	0.00594	0.00761	0.00719	0.00862	0.00544	0.00539	0.01074	0.01618	0.02266	0.69543	0.04453	0.11614	0.01214	0.00686	0.00184	0.00276	0.01067	0.00631	0.00544
13	0.00709	0.00506	0.00675	0.00810	0.00843	0.00472	0.00540	0.00810	0.01113	0.01484	0.03205	0.79184	0.03846	0.01822	0.00742	0.00236	0.00337	0.01653	0.00540	0.00472
14	0.01098	0.01034	0.01744	0.78165	0.04005	0.01292	0.01615	0.01486	0.01163	0.01486	0.01034	0.01550	0.00775	0.00581	0.00581	0.00194	0.00775	0.00517	0.00258	0.00646
15	0.00687	0.00589	0.00589	0.00589	0.00785	0.00491	0.00442	0.00835	0.01325	0.01571	0.05891	0.05596	0.75700	0.01473	0.00687	0.00196	0.00295	0.01227	0.00540	0.00491
16	0.01351	0.01505	0.03273	0.02350	0.02904	0.01413	0.69470	0.01797	0.01336	0.01812	0.01167	0.01580	0.00890	0.00581	0.00780	0.05118	0.00952	0.00676	0.00292	0.00753
17	0.01272	0.01272	0.01781	0.01527	0.01527	0.01781	0.01272	0.01399	0.00891	0.01399	0.00763	0.01272	0.00763	0.01018	0.01908	0.00254	0.78499	0.00509	0.00254	0.00636
18	0.46356	0.01298	0.07345	0.00955	0.01349	0.01295	0.00841	0.09309	0.11604	0.05962	0.03158	0.01391	0.01047	0.00625	0.00452	0.00180	0.00492	0.00438	0.05166	0.00736
19	0.02005	0.16538	0.05188	0.01294	0.01764	0.01878	0.01135	0.54374	0.02303	0.03063	0.01245	0.01296	0.00923	0.00666	0.00592	0.00169	0.03671	0.00479	0.00491	0.00924
20	0.77855	0.01110	0.00870	0.00782	0.01130	0.01280	0.00638	0.03532	0.01040	0.02586	0.00932	0.04461	0.00783	0.00601	0.00383	0.00182	0.00450	0.00380	0.00374	0.00632
21	0.00844	0.00572	0.00673	0.00673	0.00687	0.00585	0.00401	0.00871	0.00857	0.01157	0.01796	0.03607	0.02028	0.69749	0.12656	0.00612	0.00693	0.00817	0.00347	0.00374
22	0.83671	0.01125	0.00855	0.00765	0.01125	0.01305	0.00630	0.01709	0.00990	0.02609	0.00810	0.00945	0.00630	0.00540	0.00360	0.00180	0.00450	0.00315	0.00360	0.00630
23	0.00687	0.00589	0.00589	0.00589	0.00785	0.00491	0.00442	0.00835	0.01325	0.01571	0.05891	0.05596	0.75700	0.01473	0.00687	0.00196	0.00295	0.01227	0.00540	0.00491
24	0.01166	0.03008	0.76550	0.01657	0.02517	0.01351	0.02149	0.01842	0.01228	0.01842	0.01044	0.01228	0.00737	0.00552	0.00552	0.00184	0.00859	0.00430	0.00246	0.00859
25	0.00846	0.00564	0.00634	0.00634	0.00634	0.00564	0.00352	0.00846	0.00846	0.01128	0.01832	0.03805	0.02114	0.79563	0.02960	0.00564	0.00564	0.00846	0.00352	0.00352
26	0.02172	0.02772	0.01648	0.01498	0.01798	0.77228	0.01124	0.02322	0.01648	0.01423	0.00899	0.01049	0.00749	0.00599	0.00524	0.00150	0.01049	0.00375	0.00300	0.00674
27	0.02609	0.00990	0.01350	0.01035	0.01484	0.00855	0.00855	0.02834	0.01664	0.76338	0.02294	0.01979	0.01439	0.00720	0.00585	0.00180	0.00495	0.00585	0.00720	0.00990
28	0.01308	0.01137	0.01289	0.01311	0.08671	0.01261	0.00919	0.02547	0.53724	0.02254	0.06287	0.02688	0.12330	0.00879	0.00608	0.00194	0.00450	0.00744	0.00557	0.00842
29	0.01555	0.79913	0.03047	0.00995	0.01493	0.02301	0.00995	0.01741	0.01182	0.01368	0.00808	0.00933	0.00746	0.00498	0.00373	0.00124	0.00622	0.00311	0.00249	0.00746
30	0.02609	0.00990	0.01350	0.01035	0.01484	0.00855	0.00855	0.02834	0.01664	0.76338	0.02294	0.01979	0.01439	0.00720	0.00585	0.00180	0.00495	0.00585	0.00720	0.00990
31	0.00709	0.00506	0.00675	0.00810	0.00843	0.00472	0.00540	0.00810	0.01113	0.01484	0.03205	0.79184	0.03846	0.01822	0.00742	0.00236	0.00337	0.01653	0.00540	0.00472
32	0.01192	0.01130	0.01914	0.57577	0.23858	0.01317	0.01662	0.01568	0.01207	0.01600	0.01050	0.01520	0.00815	0.00564	0.00580	0.00188	0.00752	0.00517	0.00267	0.00722
33	0.01072	0.00638	0.00783	0.15292	0.01320	0.00685	0.00644	0.01366	0.01232	0.02048	0.05810	0.02171	0.01576	0.00688	0.00455	0.00149	0.00367	0.00565	0.62578	0.00562
34	0.00823	0.00594	0.00777	0.00732	0.00869	0.00549	0.00549	0.01097	0.01646	0.02332	0.75629	0.04344	0.05487	0.01189	0.00686	0.00183	0.00274	0.01052	0.00640	0.00549
35	0.02134	0.02639	0.01692	0.01605	0.05897	0.69384	0.01159	0.05762	0.01683	0.01558	0.00934	0.01087	0.00770	0.00600	0.00530	0.00152	0.01009	0.00390	0.00313	0.00703
36	0.02174	0.02708	0.01653	0.01489	0.01798	0.73058	0.01123	0.06285	0.01708	0.01547	0.00926	0.01068	0.00762	0.00605	0.00528	0.00151	0.01026	0.00383	0.00315	0.00692
37	0.01042	0.00826	0.01015	0.00996	0.01143	0.05021	0.00786	0.07514	0.01206	0.01647	0.01817	0.07258	0.01765	0.03179	0.48799	0.00665	0.01193	0.09976	0.03582	0.00569
38	0.01317	0.01711	0.12855	0.02277	0.02877	0.01412	0.61340	0.01815	0.01343	0.01844	0.01246	0.04839	0.00990	0.00555	0.00671	0.00196	0.00937	0.00694	0.00298	0.00781
39	0.60067	0.14875	0.05757	0.00873	0.01291	0.01455	0.00796	0.01785	0.01074	0.06425	0.00905	0.01017	0.00701	0.00543	0.00386	0.00171	0.00506	0.00336	0.00354	0.00683
40	0.01256	0.00877	0.01117	0.01111	0.01324	0.00912	0.00950	0.16448	0.01632	0.04859	0.04497	0.05075	0.02759	0.01491	0.04011	0.00271	0.00593	0.49623	0.00545	0.00646
41	0.00739	0.00534	0.00700	0.00779	0.00848	0.00494	0.00538	0.00890	0.01269	0.01723	0.23399	0.55565	0.07093	0.01633	0.00724	0.00220	0.00318	0.01470	0.00568	0.00494
42	0.01439	0.01382	0.02360	0.03569	0.75936	0.01382	0.01785	0.01785	0.01324	0.01900	0.01094	0.01439	0.00921	0.00518	0.00576	0.00173	0.00691	0.00518	0.00288	0.00921
43	0.00823	0.00594	0.00777	0.00732	0.00869	0.00549	0.00549	0.01097	0.01646	0.02332	0.75629	0.04344	0.05487	0.01189	0.00686	0.00183	0.00274	0.01052	0.00640	0.00549
44	0.02609	0.00990	0.01350	0.01035	0.01484	0.00855	0.00855	0.02834	0.01664	0.76338	0.02294	0.01979	0.01439	0.00720	0.00585	0.00180	0.00495	0.00585	0.00720	0.00990
45	0.01084	0.00542	0.00542	0.00542	0.00678	0.00542	0.00407	0.01355	0.01220	0.02168	0.01897	0.02168	0.01491	0.00678	0.00407	0.00136	0.00271	0.00542	0.82791	0.00542
46	0.02609	0.00990	0.01350	0.01035	0.01484	0.00855	0.00855	0.02834	0.01664	0.76338	0.02294	0.01979	0.01439	0.00720	0.00585	0.00180	0.00495	0.00585	0.00720	0.00990
47	0.01238	0.06081	0.54550	0.01856	0.04276	0.01422	0.18759	0.01841	0.01262	0.01827	0.01065	0.01299	0.00775	0.00535	0.00576	0.00184	0.00873	0.00486	0.00258	0.00838
48	0.01206	0.02952	0.74479	0.01640	0.02488	0.01337	0.02113	0.01869	0.01240	0.03894	0.01078	0.01248	0.00756	0.00557	0.00553	0.00184	0.00849	0.00434	0.00259	0.00863
49	0.01010	0.00505	0.00758	0.00758	0.00758	0.00505	0.00505	0.00758	0.00758	0.01010	0.01010	0.01768	0.01010	0.02020	0.02273	0.83081	0.00505	0.00505	0.00253	0.00253
50	0.01373	0.01569	0.03431	0.02451	0.03039	0.01471	0.73824	0.01863	0.01373	0.01863	0.01176	0.01569	0.00882	0.00490	0.00686	0.00196	0.00980	0.00686	0.00294	0.00784
51	0.01189	0.07575	0.72185	0.01618	0.02456	0.01407	0.02080	0.01836	0.01225	0.01814	0.01030	0.01210	0.00737	0.00549	0.00542	0.00181	0.00845	0.00423	0.00246	0.00853
52	0.02211	0.01629	0.01745	0.01338	0.01803	0.01803	0.01105	0.73997	0.02734	0.03665	0.01396	0.01396	0.00989	0.00698	0.00582	0.00175	0.00640	0.00524	0.00582	0.00989

[dist]
# distance from previous block
# <min> <max>
0	3

[block]
# block no. 1 follows, 40 sequences, length 9
# corresponding to MSA columns:
# 107-115
name=unknown_B
#
# <colnr> <probs for GDERKNQSTAVLIFYWHMCP>
#	G	D	E	R	K	N	Q	S	T	A	V	L	I	F	Y	W	H	M	C	P
0	0.01383	0.01186	0.01744	0.58473	0.03441	0.01423	0.01484	0.20072	0.01566	0.02044	0.01127	0.01511	0.00830	0.00611	0.00581	0.00189	0.00741	0.00519	0.00341	0.00734
1	0.01790	0.01260	0.01390	0.01179	0.01553	0.01390	0.00937	0.14274	0.49437	0.16777	0.02199	0.02011	0.01586	0.00761	0.00589	0.00190	0.00495	0.00622	0.00615	0.00945
2	0.01148	0.13051	0.41512	0.01385	0.01989	0.01287	0.06797	0.01638	0.01339	0.01903	0.20138	0.02010	0.01966	0.00703	0.00571	0.00176	0.00685	0.00591	0.00351	0.00758
3	0.33810	0.01114	0.01049	0.00888	0.01239	0.01200	0.00717	0.19494	0.05271	0.02560	0.02348	0.02325	0.20031	0.00825	0.00514	0.00179	0.00457	0.00619	0.00472	0.04886
4	0.01194	0.08533	0.71269	0.01610	0.02443	0.01419	0.02066	0.01834	0.01224	0.01808	0.01027	0.01207	0.00737	0.00549	0.00540	0.00180	0.00842	0.00421	0.00246	0.00851
5	0.01317	0.01266	0.01662	0.01439	0.01523	0.01695	0.01182	0.01833	0.19857	0.01664	0.01174	0.01502	0.01023	0.00959	0.01571	0.00240	0.58496	0.00547	0.00341	0.00709
6	0.02206	0.01478	0.01579	0.01248	0.01681	0.05802	0.01017	0.41961	0.12285	0.21996	0.01731	0.01632	0.01199	0.00710	0.00581	0.00178	0.00601	0.00549	0.00602	0.00962
7	0.01635	0.01444	0.02175	0.02774	0.48245	0.01498	0.04777	0.20393	0.07045	0.02389	0.01268	0.01487	0.00999	0.00583	0.00583	0.00176	0.00674	0.00537	0.00386	0.00932
8	0.01475	0.13046	0.47699	0.01530	0.02198	0.20925	0.01734	0.01952	0.01329	0.01672	0.00976	0.01143	0.00741	0.00557	0.00522	0.00168	0.00877	0.00400	0.00260	0.00797

[dist]
# distance from previous block
# <min> <max>
0	5

[block]
# block no. 2 follows, 40 sequences, length 14
# corresponding to MSA columns:
# 121-134
name=unknown_C
#
# <colnr> <probs for GDERKNQSTAVLIFYWHMCP>
#	G	D	E	R	K	N	Q	S	T	A	V	L	I	F	Y	W	H	M	C	P
0	0.00919	0.00624	0.00760	0.00708	0.00890	0.00554	0.00537	0.01147	0.01541	0.07909	0.46697	0.04573	0.28480	0.01246	0.00678	0.00187	0.00298	0.01073	0.00613	0.00564
1	0.00836	0.00573	0.00619	0.00615	0.00774	0.00518	0.00459	0.01046	0.01354	0.01911	0.19676	0.07483	0.35166	0.01188	0.00605	0.00177	0.00285	0.01002	0.25194	0.00518
2	0.01307	0.01247	0.02121	0.32525	0.48014	0.01347	0.01719	0.01669	0.01261	0.01739	0.01070	0.01482	0.00864	0.00543	0.00578	0.00181	0.00724	0.00518	0.00276	0.00814
3	0.01197	0.01034	0.01248	0.06951	0.01585	0.00816	0.00762	0.01466	0.01202	0.01863	0.01034	0.01233	0.00855	0.00443	0.00443	0.00095	0.00458	0.00358	0.00338	0.76621
4	0.00835	0.00605	0.00845	0.00845	0.00917	0.00678	0.00615	0.00981	0.00908	0.01283	0.01640	0.02740	0.01652	0.26882	0.55008	0.00824	0.01260	0.00690	0.00324	0.00469
5	0.01500	0.56451	0.03162	0.01431	0.01956	0.02052	0.22805	0.01778	0.01239	0.01516	0.00919	0.01123	0.00787	0.00495	0.00467	0.00146	0.00729	0.00423	0.00262	0.00758
6	0.01010	0.00505	0.00758	0.00758	0.00758	0.00505	0.00505	0.00758	0.00758	0.01010	0.01010	0.01768	0.01010	0.02020	0.02273	0.83081	0.00505	0.00505	0.00253	0.00253
7	0.26071	0.01212	0.01177	0.01058	0.01396	0.01404	0.00833	0.02677	0.52755	0.02485	0.01901	0.01803	0.01432	0.00714	0.00522	0.00192	0.00457	0.00555	0.00522	0.00833
8	0.00832	0.00619	0.00916	0.00916	0.01014	0.00717	0.00704	0.01027	0.00929	0.01336	0.01574	0.02377	0.01494	0.08913	0.72762	0.00912	0.01497	0.00637	0.00314	0.00509
9	0.01342	0.01185	0.01443	0.24238	0.02259	0.01400	0.01128	0.02610	0.52807	0.02149	0.01968	0.01984	0.01476	0.00727	0.00589	0.00196	0.00555	0.00615	0.00492	0.00838
10	0.26071	0.01212	0.01177	0.01058	0.01396	0.01404	0.00833	0.02677	0.52755	0.02485	0.01901	0.01803	0.01432	0.00714	0.00522	0.00192	0.00457	0.00555	0.00522	0.00833
11	0.01301	0.56133	0.02337	0.00940	0.01298	0.01753	0.00859	0.01462	0.01161	0.01403	0.01526	0.24367	0.01675	0.00894	0.00484	0.00158	0.00537	0.00713	0.00336	0.00664
12	0.01048	0.24368	0.01567	0.00953	0.01174	0.01198	0.00807	0.01249	0.01009	0.01355	0.01333	0.01880	0.01242	0.03204	0.54233	0.00692	0.01277	0.00530	0.00293	0.00587
13	0.01284	0.01223	0.02080	0.37527	0.43191	0.01341	0.01707	0.01649	0.01251	0.01711	0.01066	0.01490	0.00855	0.00547	0.00578	0.00182	0.00729	0.00518	0.00274	0.00796

[dist]
# distance from previous block
# <min> <max>
5	8

[block]
# block no. 3 follows, 40 sequences, length 16
# corresponding to MSA columns:
# 143-158
name=unknown_D
#
# <colnr> <probs for GDERKNQSTAVLIFYWHMCP>
#	G	D	E	R	K	N	Q	S	T	A	V	L	I	F	Y	W	H	M	C	P
0	0.01586	0.01476	0.02452	0.02656	0.36383	0.01499	0.20735	0.17241	0.05997	0.02297	0.01256	0.01508	0.00976	0.00565	0.00607	0.00181	0.00743	0.00572	0.00370	0.00899
1	0.00880	0.00767	0.01287	0.01163	0.01352	0.00715	0.16167	0.01097	0.01239	0.01631	0.04834	0.41465	0.12627	0.01449	0.00730	0.00225	0.00494	0.10835	0.00489	0.00551
2	0.01731	0.01367	0.02016	0.02710	0.49549	0.05652	0.01476	0.02149	0.07616	0.17749	0.01445	0.01593	0.01093	0.00589	0.00576	0.00175	0.00650	0.00536	0.00406	0.00921
3	0.01001	0.00638	0.00837	0.00766	0.00933	0.00583	0.00581	0.01268	0.01652	0.09346	0.68598	0.04127	0.05105	0.01149	0.00679	0.00184	0.00298	0.01009	0.00650	0.00595
4	0.01198	0.00848	0.00952	0.00842	0.01066	0.00871	0.00654	0.15234	0.08674	0.02499	0.32453	0.03233	0.09777	0.00979	0.00601	0.00175	0.00366	0.00823	0.18090	0.00665
5	0.01263	0.01351	0.11236	0.01243	0.08607	0.00946	0.01002	0.03922	0.01275	0.01953	0.01060	0.01248	0.00862	0.00469	0.00469	0.00112	0.00521	0.00381	0.00337	0.61742
6	0.01394	0.01628	0.17321	0.01289	0.01731	0.01430	0.01185	0.02828	0.59131	0.02313	0.02092	0.01979	0.01561	0.00744	0.00587	0.00196	0.00548	0.00611	0.00520	0.00911
7	0.01977	0.01184	0.01370	0.01143	0.01531	0.01247	0.00913	0.08970	0.39853	0.31674	0.02263	0.02039	0.01583	0.00759	0.00591	0.00190	0.00492	0.00620	0.00644	0.00957
8	0.01471	0.61715	0.20353	0.01156	0.01739	0.02080	0.01270	0.01770	0.01197	0.01487	0.00872	0.01014	0.00752	0.00516	0.00419	0.00140	0.00680	0.00342	0.00251	0.00777
9	0.01148	0.01064	0.01565	0.23751	0.06357	0.01360	0.01209	0.01335	0.00991	0.01403	0.01097	0.01912	0.01071	0.17572	0.01671	0.00299	0.34730	0.00586	0.00281	0.00599
10	0.00700	0.00577	0.00613	0.00642	0.00804	0.00492	0.00466	0.00835	0.01285	0.01560	0.05322	0.21253	0.60330	0.01551	0.00702	0.00206	0.00307	0.01319	0.00542	0.00491
11	0.19084	0.55973	0.02455	0.00998	0.01448	0.08977	0.00932	0.01793	0.01189	0.01645	0.00825	0.00957	0.00729	0.00521	0.00388	0.00140	0.00627	0.00320	0.00280	0.00719
12	0.01227	0.01446	0.17189	0.01235	0.01611	0.01187	0.01156	0.02246	0.37720	0.02090	0.02309	0.09378	0.02060	0.01000	0.00643	0.00214	0.00553	0.15437	0.00504	0.00794
13	0.01396	0.02718	0.60550	0.01594	0.02369	0.01451	0.01928	0.17193	0.01553	0.02236	0.01126	0.01275	0.00798	0.00589	0.00562	0.00184	0.00815	0.00452	0.00320	0.00891
14	0.01447	0.01387	0.02364	0.03571	0.75847	0.01386	0.01787	0.01790	0.01329	0.01907	0.01102	0.01450	0.00929	0.00523	0.00579	0.00174	0.00693	0.00521	0.00291	0.00925
15	0.00717	0.00512	0.00681	0.00815	0.00850	0.00477	0.00543	0.00816	0.01118	0.01492	0.03210	0.79096	0.03850	0.01826	0.00745	0.00238	0.00340	0.01654	0.00542	0.00477

[dist]
# distance from previous block
# <min> <max>
0	19

[block]
# block no. 4 follows, 40 sequences, length 16
# corresponding to MSA columns:
# 178-193
name=unknown_E
#
# <colnr> <probs for GDERKNQSTAVLIFYWHMCP>
#	G	D	E	R	K	N	Q	S	T	A	V	L	I	F	Y	W	H	M	C	P
0	0.01439	0.01382	0.02360	0.03569	0.75936	0.01382	0.01785	0.01785	0.01324	0.01900	0.01094	0.01439	0.00921	0.00518	0.00576	0.00173	0.00691	0.00518	0.00288	0.00921
1	0.02214	0.01078	0.01338	0.01085	0.01494	0.01056	0.00877	0.02921	0.26541	0.51229	0.02319	0.02044	0.01554	0.00743	0.00587	0.00186	0.00483	0.00609	0.00676	0.00966
2	0.01214	0.01152	0.01954	0.52822	0.28443	0.01322	0.01673	0.01587	0.01218	0.01626	0.01054	0.01513	0.00825	0.00560	0.00579	0.00187	0.00747	0.00517	0.00268	0.00739
3	0.01143	0.02337	0.51135	0.27651	0.03023	0.01331	0.01967	0.01721	0.01206	0.01721	0.01040	0.01337	0.00750	0.00562	0.00562	0.00187	0.00831	0.00459	0.00250	0.00787
4	0.01430	0.28172	0.03228	0.01915	0.02447	0.01766	0.45866	0.01801	0.01286	0.01674	0.01033	0.01339	0.00831	0.00516	0.00634	0.00174	0.04293	0.00551	0.00277	0.00765
5	0.00694	0.00561	0.00618	0.00664	0.00805	0.00485	0.00475	0.00826	0.01253	0.01542	0.04979	0.30597	0.51288	0.01591	0.00706	0.00210	0.00309	0.01372	0.00540	0.00485
6	0.01755	0.01132	0.01785	0.02301	0.38451	0.01086	0.01330	0.02047	0.01442	0.27164	0.01825	0.02458	0.01493	0.00764	0.00616	0.00191	0.00599	0.12205	0.00475	0.00881
7	0.00846	0.00564	0.00634	0.00634	0.00634	0.00564	0.00352	0.00846	0.00846	0.01128	0.01832	0.03805	0.02114	0.79563	0.02960	0.00564	0.00564	0.00846	0.00352	0.00352
8	0.00846	0.00564	0.00634	0.00634	0.00634	0.00564	0.00352	0.00846	0.00846	0.01128	0.01832	0.03805	0.02114	0.79563	0.02960	0.00564	0.00564	0.00846	0.00352	0.00352
9	0.01093	0.09282	0.43968	0.01249	0.01783	0.01171	0.01432	0.01494	0.01094	0.01555	0.01290	0.02076	0.01206	0.27391	0.01354	0.00308	0.00737	0.00560	0.00282	0.00677
10	0.01535	0.05281	0.48515	0.01525	0.02238	0.01538	0.01753	0.26352	0.01738	0.02444	0.01155	0.01274	0.00823	0.00600	0.00556	0.00179	0.00776	0.00457	0.00360	0.00899
11	0.00784	0.00564	0.00742	0.00758	0.00860	0.00523	0.00546	0.01000	0.01465	0.02044	0.51023	0.29770	0.04930	0.01404	0.00705	0.00201	0.00296	0.01256	0.00606	0.00523
12	0.00755	0.00526	0.00661	0.00750	0.00772	0.00503	0.00476	0.00822	0.01022	0.01363	0.02739	0.53574	0.03258	0.28234	0.01496	0.00347	0.00414	0.01379	0.00476	0.00432
13	0.00709	0.00506	0.00675	0.00810	0.00843	0.00472	0.00540	0.00810	0.01113	0.01484	0.03205	0.79184	0.03846	0.01822	0.00742	0.00236	0.00337	0.01653	0.00540	0.00472
14	0.00799	0.00544	0.00648	0.00694	0.00705	0.00533	0.00416	0.00833	0.00937	0.01249	0.02299	0.29415	0.02703	0.53151	0.02206	0.00452	0.00487	0.01120	0.00416	0.00393
15	0.01236	0.02519	0.51708	0.01927	0.02694	0.01391	0.26500	0.01849	0.01277	0.01849	0.01089	0.01344	0.00786	0.00531	0.00598	0.00188	0.00901	0.00517	0.00262	0.00834

[dist]
# distance from previous block
# <min> <max>
0	15

[block]
# block no. 5 follows, 40 sequences, length 32
# corresponding to MSA columns:
# 209-240
name=unknown_F
#
# <colnr> <probs for GDERKNQSTAVLIFYWHMCP>
#	G	D	E	R	K	N	Q	S	T	A	V	L	I	F	Y	W	H	M	C	P
0	0.01098	0.01034	0.01744	0.78165	0.04005	0.01292	0.01615	0.01486	0.01163	0.01486	0.01034	0.01550	0.00775	0.00581	0.00581	0.00194	0.00775	0.00517	0.00258	0.00646
1	0.00900	0.00611	0.00802	0.00745	0.00895	0.00562	0.00562	0.01172	0.01647	0.05515	0.72474	0.04242	0.05313	0.01169	0.00682	0.00183	0.00284	0.01032	0.00644	0.00568
2	0.00937	0.00669	0.00937	0.01071	0.01205	0.00669	0.00937	0.01205	0.01339	0.01740	0.03079	0.06560	0.03347	0.01606	0.00803	0.00268	0.00535	0.72021	0.00535	0.00535
3	0.01206	0.01034	0.01206	0.00861	0.01378	0.00775	0.00689	0.01464	0.01206	0.01895	0.01034	0.01206	0.00861	0.00431	0.00431	0.00086	0.00431	0.00345	0.00345	0.83118
4	0.02087	0.01567	0.01676	0.01313	0.01756	0.01746	0.01075	0.62533	0.14399	0.03466	0.01553	0.01521	0.01116	0.00713	0.00583	0.00178	0.00611	0.00545	0.00583	0.00978
5	0.02211	0.01629	0.01745	0.01338	0.01803	0.01803	0.01105	0.73997	0.02734	0.03665	0.01396	0.01396	0.00989	0.00698	0.00582	0.00175	0.00640	0.00524	0.00582	0.00989
6	0.00846	0.00564	0.00634	0.00634	0.00634	0.00564	0.00352	0.00846	0.00846	0.01128	0.01832	0.03805	0.02114	0.79563	0.02960	0.00564	0.00564	0.00846	0.00352	0.00352
7	0.00846	0.00564	0.00634	0.00634	0.00634	0.00564	0.00352	0.00846	0.00846	0.01128	0.01832	0.03805	0.02114	0.79563	0.02960	0.00564	0.00564	0.00846	0.00352	0.00352
8	0.00723	0.00518	0.00688	0.00799	0.00847	0.00482	0.00541	0.00847	0.01183	0.01595	0.12685	0.69388	0.04061	0.01739	0.00735	0.00229	0.00329	0.01574	0.00553	0.00482
9	0.00709	0.00506	0.00675	0.00810	0.00843	0.00472	0.00540	0.00810	0.01113	0.01484	0.03205	0.79184	0.03846	0.01822	0.00742	0.00236	0.00337	0.01653	0.00540	0.00472
10	0.00719	0.00513	0.00687	0.00822	0.00860	0.00481	0.00558	0.00828	0.01124	0.01496	0.03199	0.75904	0.03824	0.01812	0.00745	0.00238	0.00346	0.04831	0.00540	0.00475
11	0.01098	0.01034	0.01744	0.78165	0.04005	0.01292	0.01615	0.01486	0.01163	0.01486	0.01034	0.01550	0.00775	0.00581	0.00581	0.00194	0.00775	0.00517	0.00258	0.00646
12	0.00845	0.00566	0.00647	0.00647	0.00651	0.00571	0.00368	0.00854	0.00849	0.01137	0.01821	0.03742	0.02087	0.76427	0.06058	0.00579	0.00605	0.00836	0.00351	0.00359
13	0.00846	0.00564	0.00634	0.00634	0.00634	0.00564	0.00352	0.00846	0.00846	0.01128	0.01832	0.03805	0.02114	0.79563	0.02960	0.00564	0.00564	0.00846	0.00352	0.00352
14	0.00709	0.00506	0.00675	0.00810	0.00843	0.00472	0.00540	0.00810	0.01113	0.01484	0.03205	0.79184	0.03846	0.01822	0.00742	0.00236	0.00337	0.01653	0.00540	0.00472
15	0.01098	0.01034	0.01744	0.78165	0.04005	0.01292	0.01615	0.01486	0.01163	0.01486	0.01034	0.01550	0.00775	0.00581	0.00581	0.00194	0.00775	0.00517	0.00258	0.00646
16	0.00732	0.00591	0.00651	0.00636	0.00813	0.00510	0.00477	0.00921	0.01431	0.01822	0.28931	0.05183	0.52502	0.01379	0.00687	0.00192	0.00288	0.01169	0.00573	0.00510
17	0.01555	0.79913	0.03047	0.00995	0.01493	0.02301	0.00995	0.01741	0.01182	0.01368	0.00808	0.00933	0.00746	0.00498	0.00373	0.00124	0.00622	0.00311	0.00249	0.00746
18	0.83671	0.01125	0.00855	0.00765	0.01125	0.01305	0.00630	0.01709	0.00990	0.02609	0.00810	0.00945	0.00630	0.00540	0.00360	0.00180	0.00450	0.00315	0.00360	0.00630
19	0.00823	0.00594	0.00777	0.00732	0.00869	0.00549	0.00549	0.01097	0.01646	0.02332	0.75629	0.04344	0.05487	0.01189	0.00686	0.00183	0.00274	0.01052	0.00640	0.00549
20	0.00715	0.00515	0.00680	0.00808	0.00853	0.00480	0.00549	0.00824	0.01130	0.01497	0.03321	0.73474	0.07053	0.01799	0.00742	0.00235	0.00342	0.03968	0.00540	0.00475
21	0.00687	0.00589	0.00589	0.00589	0.00785	0.00491	0.00442	0.00835	0.01325	0.01571	0.05891	0.05596	0.75700	0.01473	0.00687	0.00196	0.00295	0.01227	0.00540	0.00491
22	0.01098	0.01034	0.01744	0.78165	0.04005	0.01292	0.01615	0.01486	0.01163	0.01486	0.01034	0.01550	0.00775	0.00581	0.00581	0.00194	0.00775	0.00517	0.00258	0.00646
23	0.00900	0.00658	0.00886	0.01000	0.01143	0.00643	0.00865	0.01151	0.01337	0.01715	0.03491	0.06419	0.13943	0.01587	0.00786	0.00257	0.00500	0.61653	0.00536	0.00529
24	0.02172	0.02772	0.01648	0.01498	0.01798	0.77228	0.01124	0.02322	0.01648	0.01423	0.00899	0.01049	0.00749	0.00599	0.00524	0.00150	0.01049	0.00375	0.00300	0.00674
25	0.01555	0.79913	0.03047	0.00995	0.01493	0.02301	0.00995	0.01741	0.01182	0.01368	0.00808	0.00933	0.00746	0.00498	0.00373	0.00124	0.00622	0.00311	0.00249	0.00746
26	0.01446	0.01249	0.01315	0.01183	0.01512	0.01446	0.00920	0.03090	0.74885	0.02433	0.02367	0.02170	0.01775	0.00789	0.00592	0.00197	0.00460	0.00657	0.00592	0.00920
27	0.01098	0.01034	0.01744	0.78165	0.04005	0.01292	0.01615	0.01486	0.01163	0.01486	0.01034	0.01550	0.00775	0.00581	0.00581	0.00194	0.00775	0.00517	0.00258	0.00646
28	0.00709	0.00506	0.00675	0.00810	0.00843	0.00472	0.00540	0.00810	0.01113	0.01484	0.03205	0.79184	0.03846	0.01822	0.00742	0.00236	0.00337	0.01653	0.00540	0.00472
29	0.00850	0.00651	0.00971	0.00960	0.01059	0.00772	0.00750	0.01054	0.00933	0.01352	0.01523	0.02241	0.01424	0.04218	0.74017	0.00905	0.04867	0.00618	0.00309	0.00524
30	0.01270	0.01263	0.01760	0.01502	0.01521	0.01744	0.01251	0.01402	0.00902	0.01418	0.00773	0.01270	0.00767	0.00996	0.01854	0.00248	0.75608	0.00503	0.00258	0.03690
31	0.01166	0.03008	0.76550	0.01657	0.02517	0.01351	0.02149	0.01842	0.01228	0.01842	0.01044	0.01228	0.00737	0.00552	0.00552	0.00184	0.00859	0.00430	0.00246	0.00859

[dist]
# distance from previous block
# <min> <max>
0	3

[block]
# block no. 6 follows, 40 sequences, length 21
# corresponding to MSA columns:
# 244-264
name=unknown_G
#
# <colnr> <probs for GDERKNQSTAVLIFYWHMCP>
#	G	D	E	R	K	N	Q	S	T	A	V	L	I	F	Y	W	H	M	C	P
0	0.02085	0.00882	0.01182	0.00985	0.01323	0.00785	0.00779	0.04772	0.01554	0.53691	0.02508	0.22703	0.02070	0.01015	0.00627	0.00195	0.00458	0.00870	0.00667	0.00851
1	0.21444	0.34790	0.04386	0.01112	0.01530	0.23272	0.00983	0.03684	0.01308	0.01753	0.00856	0.00989	0.00725	0.00543	0.00424	0.00148	0.00710	0.00339	0.00298	0.00707
2	0.01616	0.01707	0.02064	0.02838	0.51657	0.21713	0.01527	0.01904	0.01405	0.01787	0.01088	0.01377	0.00908	0.00549	0.00552	0.00164	0.00763	0.00481	0.05069	0.00833
3	0.01374	0.08230	0.05788	0.01311	0.07487	0.05504	0.00988	0.06970	0.26688	0.04611	0.02123	0.22517	0.01988	0.00986	0.00605	0.00194	0.00530	0.00842	0.00490	0.00774
4	0.00869	0.00669	0.00967	0.00946	0.01028	0.00793	0.00725	0.01044	0.00920	0.01327	0.01527	0.02390	0.01479	0.13358	0.61962	0.00833	0.07704	0.00641	0.00312	0.00508
5	0.00895	0.00647	0.00921	0.01019	0.01139	0.00673	0.00857	0.01137	0.01217	0.01620	0.02678	0.09731	0.02868	0.02359	0.21343	0.00445	0.00798	0.48651	0.00476	0.00527
6	0.00770	0.00550	0.00745	0.00880	0.00941	0.00525	0.00647	0.00916	0.01174	0.01553	0.03171	0.59670	0.03712	0.01764	0.00759	0.00245	0.00391	0.20561	0.00539	0.00489
7	0.01504	0.01022	0.01638	0.57441	0.03328	0.01174	0.01411	0.01848	0.01298	0.21598	0.01372	0.01666	0.00954	0.00619	0.00582	0.00190	0.00700	0.00535	0.00382	0.00738
8	0.01074	0.02359	0.56190	0.01409	0.02074	0.01135	0.01719	0.01642	0.01340	0.01973	0.21084	0.02065	0.02013	0.00723	0.00588	0.00184	0.00702	0.00597	0.00352	0.00776
9	0.00838	0.00594	0.00785	0.00785	0.00838	0.00646	0.00541	0.00943	0.00890	0.01240	0.01694	0.03040	0.01782	0.41709	0.40360	0.00750	0.01064	0.00734	0.00332	0.00436
10	0.01400	0.01125	0.01228	0.01114	0.01390	0.01256	0.00855	0.16579	0.40714	0.02423	0.02399	0.22709	0.02175	0.01048	0.00630	0.00203	0.00463	0.00898	0.00576	0.00814
11	0.01831	0.01440	0.01532	0.01261	0.01659	0.01626	0.01013	0.38782	0.38566	0.03053	0.01878	0.01780	0.01379	0.00743	0.00587	0.00186	0.00551	0.00590	0.00587	0.00955
12	0.01055	0.00947	0.01540	0.50622	0.09659	0.01100	0.01344	0.01408	0.01307	0.01751	0.21082	0.02291	0.02054	0.00739	0.00609	0.00189	0.00633	0.00661	0.00364	0.00645
13	0.01240	0.02571	0.56616	0.02171	0.22244	0.01359	0.02051	0.01826	0.01254	0.01857	0.01057	0.01285	0.00786	0.00543	0.00559	0.00181	0.00814	0.00453	0.00257	0.00876
14	0.02211	0.01629	0.01745	0.01338	0.01803	0.01803	0.01105	0.73997	0.02734	0.03665	0.01396	0.01396	0.00989	0.00698	0.00582	0.00175	0.00640	0.00524	0.00582	0.00989
15	0.01418	0.01924	0.22223	0.04534	0.48580	0.07551	0.01825	0.01837	0.01321	0.01836	0.01063	0.01353	0.00854	0.00535	0.00565	0.00174	0.00767	0.00483	0.00277	0.00878
16	0.00827	0.00583	0.00622	0.00629	0.00798	0.00524	0.00482	0.01028	0.01327	0.01814	0.10914	0.04640	0.43497	0.01244	0.00621	0.00185	0.00306	0.06795	0.22649	0.00514
17	0.01984	0.01015	0.01234	0.00990	0.01313	0.00994	0.00770	0.19241	0.01699	0.36452	0.04256	0.02405	0.01640	0.21914	0.01225	0.00282	0.00541	0.00655	0.00586	0.00804
18	0.01787	0.15433	0.08439	0.01326	0.01733	0.30063	0.01136	0.09326	0.21315	0.01939	0.01339	0.01380	0.01046	0.00638	0.00525	0.00164	0.00761	0.00459	0.00392	0.00800
19	0.00745	0.00522	0.00664	0.00763	0.00787	0.00497	0.00489	0.00819	0.01041	0.01389	0.02836	0.58930	0.03381	0.22711	0.01338	0.00324	0.00398	0.01436	0.00489	0.00440
20	0.01293	0.01125	0.01623	0.01820	0.19197	0.01184	0.07077	0.04346	0.24459	0.02068	0.02175	0.03394	0.02001	0.00971	0.00666	0.00214	0.00588	0.24540	0.00476	0.00783

[dist]
# distance from previous block
# <min> <max>
0	2

[block]
# block no. 7 follows, 40 sequences, length 29
# corresponding to MSA columns:
# 267-295
name=unknown_H
#
# <colnr> <probs for GDERKNQSTAVLIFYWHMCP>
#	G	D	E	R	K	N	Q	S	T	A	V	L	I	F	Y	W	H	M	C	P
0	0.01427	0.08155	0.01869	0.01477	0.01563	0.12810	0.01227	0.01563	0.01026	0.01400	0.00787	0.01211	0.00760	0.00913	0.01577	0.00228	0.60623	0.00473	0.00261	0.00651
1	0.00811	0.00594	0.00761	0.00719	0.00861	0.00544	0.00539	0.01074	0.01618	0.02265	0.69488	0.04454	0.11669	0.01214	0.00686	0.00184	0.00276	0.01067	0.00631	0.00544
2	0.01473	0.01192	0.01349	0.00988	0.01491	0.01049	0.00800	0.20769	0.01613	0.02366	0.01130	0.01257	0.00895	0.00502	0.00471	0.00110	0.00486	0.00392	0.00408	0.61259
3	0.01529	0.01023	0.01239	0.00901	0.01403	0.00794	0.00727	0.01780	0.01311	0.19042	0.01324	0.01384	0.00995	0.00497	0.00466	0.00108	0.00445	0.00400	0.00431	0.64201
4	0.02017	0.01295	0.01463	0.01121	0.01564	0.01311	0.00918	0.39763	0.02105	0.18502	0.01562	0.01550	0.01103	0.00653	0.00540	0.00156	0.00540	0.00506	0.07534	0.15798
5	0.00781	0.00588	0.00827	0.01037	0.07209	0.00556	0.00646	0.00918	0.01178	0.01594	0.09403	0.66006	0.03743	0.01656	0.00723	0.00226	0.00362	0.01504	0.00527	0.00517
6	0.00841	0.00583	0.00734	0.00734	0.00768	0.00618	0.00476	0.00909	0.00875	0.01201	0.01741	0.03302	0.01895	0.54661	0.27562	0.00687	0.00893	0.00772	0.00339	0.00408
7	0.01446	0.01249	0.01315	0.01183	0.01512	0.01446	0.00920	0.03090	0.74885	0.02433	0.02367	0.02170	0.01775	0.00789	0.00592	0.00197	0.00460	0.00657	0.00592	0.00920
8	0.01303	0.30098	0.50659	0.01424	0.02156	0.01685	0.01742	0.01806	0.01211	0.01675	0.00961	0.01124	0.00740	0.00533	0.00489	0.00163	0.00776	0.00388	0.00247	0.00820
9	0.01206	0.01034	0.01206	0.00861	0.01378	0.00775	0.00689	0.01464	0.01206	0.01895	0.01034	0.01206	0.00861	0.00431	0.00431	0.00086	0.00431	0.00345	0.00345	0.83118
10	0.02172	0.02772	0.01648	0.01498	0.01798	0.77228	0.01124	0.02322	0.01648	0.01423	0.00899	0.01049	0.00749	0.00599	0.00524	0.00150	0.01049	0.00375	0.00300	0.00674
11	0.01166	0.03008	0.76550	0.01657	0.02517	0.01351	0.02149	0.01842	0.01228	0.01842	0.01044	0.01228	0.00737	0.00552	0.00552	0.00184	0.00859	0.00430	0.00246	0.00859
12	0.00705	0.00592	0.00614	0.00616	0.00806	0.00501	0.00467	0.00865	0.01347	0.01628	0.10469	0.05547	0.68397	0.01458	0.00691	0.00198	0.00302	0.03752	0.00547	0.00496
13	0.02351	0.01404	0.01606	0.01231	0.01691	0.01469	0.01017	0.48929	0.02357	0.29264	0.01712	0.01602	0.01148	0.00706	0.00583	0.00176	0.00589	0.00545	0.00630	0.00989
14	0.01358	0.01522	0.03235	0.02311	0.02893	0.01409	0.67384	0.01828	0.01358	0.01866	0.01164	0.01537	0.00881	0.00485	0.00664	0.00186	0.00932	0.00656	0.00299	0.08034
15	0.00915	0.00747	0.01096	0.01048	0.01132	0.00928	0.00831	0.01107	0.00926	0.01359	0.01406	0.02091	0.01322	0.03724	0.62885	0.00805	0.16235	0.00601	0.00301	0.00542
16	0.00709	0.00506	0.00675	0.00810	0.00843	0.00472	0.00540	0.00810	0.01113	0.01484	0.03205	0.79184	0.03846	0.01822	0.00742	0.00236	0.00337	0.01653	0.00540	0.00472
17	0.01261	0.01083	0.01231	0.00936	0.01409	0.00930	0.00742	0.01839	0.18177	0.02019	0.01341	0.01428	0.01072	0.00513	0.00468	0.00112	0.00437	0.00417	0.00401	0.64185
18	0.00710	0.00560	0.00641	0.00684	0.00815	0.00491	0.00489	0.00855	0.01285	0.01624	0.12652	0.31812	0.42191	0.01566	0.00707	0.00209	0.00308	0.01360	0.00551	0.00491
19	0.01396	0.01328	0.02211	0.12942	0.61732	0.01375	0.01705	0.01834	0.06257	0.01883	0.01172	0.01503	0.00960	0.00544	0.00578	0.00177	0.00686	0.00527	0.00305	0.00886
20	0.01026	0.02065	0.46463	0.01403	0.01963	0.01054	0.04472	0.01499	0.01208	0.01732	0.01815	0.24288	0.01823	0.00990	0.00630	0.00205	0.00691	0.05599	0.00353	0.00722
21	0.02058	0.01133	0.01356	0.01116	0.01507	0.01156	0.00904	0.11259	0.26855	0.37832	0.03840	0.02209	0.01665	0.00786	0.00598	0.00189	0.00497	0.03452	0.00650	0.00938
22	0.00941	0.01226	0.18595	0.01179	0.07613	0.00802	0.01024	0.01298	0.01471	0.02065	0.40740	0.03595	0.13162	0.01032	0.00649	0.00186	0.00456	0.02819	0.00502	0.00645
23	0.01171	0.00695	0.00783	0.03475	0.00980	0.00740	0.00579	0.09473	0.01343	0.02182	0.01756	0.02078	0.01403	0.01260	0.12612	0.00269	0.00534	0.00552	0.57525	0.00592
24	0.01166	0.03008	0.76550	0.01657	0.02517	0.01351	0.02149	0.01842	0.01228	0.01842	0.01044	0.01228	0.00737	0.00552	0.00552	0.00184	0.00859	0.00430	0.00246	0.00859
25	0.01412	0.01354	0.02312	0.09426	0.70288	0.01375	0.01771	0.01761	0.01311	0.01867	0.01089	0.01448	0.00910	0.00523	0.00576	0.00174	0.00697	0.00518	0.00286	0.00900
26	0.00709	0.00506	0.00675	0.00810	0.00843	0.00472	0.00540	0.00810	0.01113	0.01484	0.03205	0.79184	0.03846	0.01822	0.00742	0.00236	0.00337	0.01653	0.00540	0.00472
27	0.00937	0.01778	0.38285	0.01159	0.01658	0.00918	0.01309	0.01348	0.01269	0.01744	0.07729	0.13585	0.23880	0.01046	0.00628	0.00195	0.00579	0.00879	0.00401	0.00675
28	0.00809	0.00548	0.00645	0.00682	0.00691	0.00539	0.00403	0.00836	0.00918	0.01224	0.02203	0.24164	0.02582	0.58567	0.02361	0.00475	0.00503	0.01064	0.00403	0.00385

[dist]
# distance from previous block
# <min> <max>
0	22

# created by:
# /software/SequenceAnalysis/GenePrediction/augustus/3.0.1/scripts/msa2prfl.pl ./fixed/BUSCOvEOG754BD8.fas
