[name]
unknown

[dist]
# distance from previous block
# <min> <max>
4	191

[block]
# block no. 0 follows, 41 sequences, length 17
# corresponding to MSA columns:
# 246-262
name=unknown_A
#
# <colnr> <probs for GDERKNQSTAVLIFYWHMCP>
#	G	D	E	R	K	N	Q	S	T	A	V	L	I	F	Y	W	H	M	C	P
0	0.01431	0.01334	0.02211	0.03283	0.69102	0.01324	0.01653	0.01720	0.01303	0.01864	0.01206	0.01707	0.01070	0.07328	0.00795	0.00215	0.00690	0.00559	0.00312	0.00891
1	0.62134	0.01152	0.02144	0.00858	0.01200	0.01276	0.00698	0.01905	0.12375	0.02544	0.01196	0.01318	0.00933	0.00626	0.00427	0.00188	0.00459	0.00406	0.07467	0.00695
2	0.00886	0.00652	0.00704	0.00690	0.00854	0.00594	0.00506	0.01105	0.04386	0.01852	0.18943	0.04521	0.38527	0.07977	0.00851	0.00226	0.00342	0.02691	0.13145	0.00546
3	0.02124	0.02403	0.01884	0.02004	0.18154	0.52527	0.01307	0.08415	0.01735	0.01852	0.01140	0.01382	0.00956	0.00691	0.00604	0.00186	0.00963	0.00469	0.00374	0.00829
4	0.00937	0.00631	0.00700	0.00696	0.00706	0.00617	0.00395	0.00910	0.00899	0.01209	0.01890	0.03841	0.02155	0.78703	0.02916	0.00567	0.00587	0.00858	0.00380	0.00403
5	0.00910	0.00656	0.00838	0.00821	0.00952	0.00602	0.00609	0.01130	0.01598	0.02248	0.62320	0.12570	0.05108	0.01320	0.00729	0.00209	0.00331	0.05823	0.00641	0.00584
6	0.01029	0.00768	0.00967	0.01052	0.01189	0.00773	0.00832	0.01414	0.12586	0.01825	0.03030	0.29531	0.03271	0.01576	0.00777	0.00260	0.00486	0.37449	0.00567	0.00618
7	0.00903	0.00657	0.00825	0.00786	0.00928	0.00596	0.00579	0.01127	0.01635	0.02299	0.68032	0.07629	0.09180	0.01268	0.00717	0.00201	0.00311	0.01092	0.00649	0.00586
8	0.02221	0.02768	0.01682	0.01532	0.01832	0.76438	0.01142	0.02339	0.01676	0.01496	0.00986	0.01172	0.00833	0.00655	0.00559	0.00166	0.01057	0.00402	0.00329	0.00714
9	0.02143	0.01605	0.01711	0.01354	0.01794	0.01763	0.01096	0.62445	0.13799	0.03481	0.01613	0.01625	0.01183	0.00765	0.00616	0.00193	0.00634	0.00567	0.00604	0.01009
10	0.01016	0.00764	0.00930	0.00880	0.01051	0.00744	0.00666	0.01459	0.12889	0.02352	0.58892	0.04179	0.04724	0.01193	0.00708	0.00206	0.00352	0.05701	0.00645	0.00648
11	0.02644	0.01043	0.01393	0.01084	0.01529	0.00898	0.00881	0.02834	0.01692	0.75624	0.02337	0.02073	0.01502	0.00772	0.00617	0.00195	0.00521	0.00606	0.00736	0.01020
12	0.00826	0.00591	0.00765	0.00891	0.00943	0.00547	0.00615	0.00913	0.01180	0.01579	0.03206	0.71315	0.03783	0.01818	0.00775	0.00253	0.00387	0.08526	0.00561	0.00525
13	0.01436	0.14383	0.40749	0.01790	0.11252	0.08234	0.01737	0.01847	0.01274	0.01754	0.01055	0.01316	0.00849	0.00651	0.00702	0.00193	0.09194	0.00452	0.00288	0.00845
14	0.70096	0.01456	0.12517	0.00956	0.01390	0.01341	0.00892	0.01766	0.01074	0.02528	0.00935	0.01114	0.00734	0.00600	0.00428	0.00196	0.00539	0.00362	0.00370	0.00706
15	0.01589	0.74545	0.02919	0.01050	0.01521	0.02207	0.01014	0.01747	0.01233	0.01463	0.01025	0.01374	0.00975	0.00619	0.00436	0.00149	0.00639	0.04428	0.00296	0.00772
16	0.66634	0.04551	0.01119	0.03365	0.01342	0.01381	0.00758	0.04399	0.01148	0.06758	0.01009	0.01173	0.00789	0.00627	0.00472	0.00195	0.02788	0.00379	0.00405	0.00709

[dist]
# distance from previous block
# <min> <max>
0	1

[block]
# block no. 1 follows, 41 sequences, length 11
# corresponding to MSA columns:
# 264-274
name=unknown_B
#
# <colnr> <probs for GDERKNQSTAVLIFYWHMCP>
#	G	D	E	R	K	N	Q	S	T	A	V	L	I	F	Y	W	H	M	C	P
0	0.01429	0.09329	0.00968	0.00683	0.00919	0.00786	0.00555	0.01678	0.01287	0.17594	0.01830	0.01961	0.01376	0.00656	0.00433	0.00141	0.00350	0.00517	0.56861	0.00647
1	0.08121	0.07864	0.01583	0.02978	0.01604	0.07103	0.00975	0.31799	0.08608	0.02557	0.01453	0.01653	0.03371	0.00704	0.00604	0.00168	0.05010	0.03353	0.00454	0.10037
2	0.00866	0.00805	0.00742	0.00733	0.00905	0.08914	0.00541	0.01032	0.01379	0.01675	0.19578	0.13720	0.44378	0.01338	0.00665	0.00190	0.00372	0.01130	0.00526	0.00512
3	0.00989	0.00526	0.00560	0.00588	0.00700	0.00519	0.00427	0.01221	0.01178	0.01992	0.02134	0.18264	0.01949	0.00901	0.00469	0.00154	0.00280	0.00761	0.65869	0.00519
4	0.01785	0.01433	0.02001	0.07253	0.20526	0.01518	0.09427	0.37935	0.01994	0.05671	0.01346	0.04067	0.01042	0.00650	0.00588	0.00177	0.00673	0.00571	0.00451	0.00893
5	0.03054	0.01825	0.24003	0.03714	0.04773	0.04332	0.16600	0.09447	0.03828	0.15495	0.04326	0.01584	0.01129	0.00620	0.00616	0.00182	0.02689	0.00547	0.00402	0.00835
6	0.01704	0.01034	0.03708	0.01475	0.16930	0.00928	0.00985	0.02084	0.07903	0.32578	0.13828	0.02579	0.10091	0.00820	0.00599	0.00179	0.00480	0.00703	0.00563	0.00829
7	0.01190	0.02664	0.61602	0.01793	0.02583	0.01353	0.17150	0.01816	0.01237	0.01816	0.01054	0.01278	0.00754	0.00531	0.00571	0.00184	0.00870	0.00475	0.00251	0.00830
8	0.02130	0.01374	0.07223	0.03482	0.08171	0.04020	0.01103	0.17521	0.07653	0.38573	0.01798	0.01695	0.01210	0.00671	0.00570	0.00176	0.00585	0.00542	0.00570	0.00932
9	0.01462	0.04831	0.33135	0.02104	0.22053	0.01471	0.07281	0.16929	0.01551	0.02186	0.01114	0.01313	0.00836	0.00558	0.00559	0.00175	0.00757	0.00480	0.00325	0.00879
10	0.00708	0.00511	0.00671	0.00778	0.00830	0.00474	0.00528	0.00828	0.01162	0.01555	0.11227	0.68034	0.07157	0.01709	0.00722	0.00225	0.00323	0.01543	0.00542	0.00474

[dist]
# distance from previous block
# <min> <max>
5	188

# created by:
# /software/SequenceAnalysis/GenePrediction/augustus/3.0.1/scripts/msa2prfl.pl ./fixed/BUSCOvEOG7T4F8M.fas
