[name]
unknown

[dist]
# distance from previous block
# <min> <max>
28	224

[block]
# block no. 0 follows, 41 sequences, length 6
# corresponding to MSA columns:
# 250-255
name=unknown_A
#
# <colnr> <probs for GDERKNQSTAVLIFYWHMCP>
#	G	D	E	R	K	N	Q	S	T	A	V	L	I	F	Y	W	H	M	C	P
0	0.06292	0.01171	0.01305	0.01086	0.01464	0.01242	0.00869	0.13706	0.33923	0.22629	0.02199	0.02030	0.05040	0.00750	0.00565	0.00181	0.00480	0.00605	0.00591	0.03872
1	0.59229	0.01101	0.00954	0.00830	0.01177	0.01236	0.00673	0.06847	0.07544	0.02562	0.07595	0.01372	0.01174	0.00613	0.00421	0.00173	0.00440	0.00418	0.00412	0.05230
2	0.01225	0.01024	0.01183	0.00895	0.01346	0.00848	0.00707	0.06372	0.06235	0.01980	0.01316	0.08149	0.01174	0.00585	0.00471	0.00111	0.00431	0.00484	0.00388	0.65075
3	0.01590	0.01174	0.01292	0.01120	0.01475	0.01287	0.00880	0.02896	0.58771	0.14207	0.02232	0.02043	0.01635	0.00742	0.00571	0.00184	0.00456	0.00615	0.00586	0.06242
4	0.01913	0.01406	0.01530	0.01224	0.01606	0.01542	0.00989	0.61374	0.02407	0.03225	0.01689	0.15224	0.01471	0.00883	0.00600	0.00182	0.00577	0.00712	0.00565	0.00883
5	0.01361	0.01120	0.01280	0.00930	0.01430	0.00942	0.00750	0.14375	0.01453	0.02172	0.01080	0.01219	0.00869	0.00470	0.00450	0.00100	0.00460	0.00370	0.00380	0.68787

[dist]
# distance from previous block
# <min> <max>
7	16

[block]
# block no. 1 follows, 41 sequences, length 32
# corresponding to MSA columns:
# 272-303
name=unknown_B
#
# <colnr> <probs for GDERKNQSTAVLIFYWHMCP>
#	G	D	E	R	K	N	Q	S	T	A	V	L	I	F	Y	W	H	M	C	P
0	0.01818	0.01072	0.01327	0.01107	0.01427	0.01141	0.00892	0.02512	0.26929	0.32890	0.07577	0.02068	0.01720	0.00797	0.00759	0.00190	0.11180	0.00617	0.00585	0.03394
1	0.01338	0.01503	0.03211	0.02293	0.02867	0.01395	0.68728	0.01803	0.01338	0.01835	0.01147	0.01516	0.00866	0.00478	0.00656	0.00185	0.00924	0.00650	0.00293	0.06976
2	0.01193	0.01023	0.01189	0.00856	0.01359	0.00782	0.00684	0.01487	0.03359	0.01879	0.01055	0.01214	0.00874	0.00434	0.00428	0.00088	0.00424	0.00348	0.00346	0.80976
3	0.01370	0.01312	0.02239	0.13776	0.66424	0.01347	0.01733	0.01715	0.01281	0.01813	0.01068	0.01431	0.00886	0.00518	0.00567	0.00173	0.00691	0.00509	0.00279	0.00869
4	0.01370	0.01312	0.02239	0.13776	0.66424	0.01347	0.01733	0.01715	0.01281	0.01813	0.01068	0.01431	0.00886	0.00518	0.00567	0.00173	0.00691	0.00509	0.00279	0.00869
5	0.00705	0.00590	0.00611	0.00605	0.00792	0.00497	0.00453	0.00861	0.01348	0.01643	0.13902	0.05371	0.67801	0.01423	0.00681	0.00194	0.00292	0.01190	0.00546	0.00496
6	0.01057	0.00968	0.01555	0.46586	0.14906	0.01098	0.01355	0.01369	0.01203	0.01561	0.01934	0.08125	0.11436	0.00822	0.00611	0.00196	0.00646	0.03592	0.00333	0.00648
7	0.83785	0.01115	0.00850	0.00761	0.01116	0.01290	0.00625	0.01690	0.00982	0.02576	0.00810	0.00947	0.00632	0.00539	0.00360	0.00179	0.00447	0.00314	0.00358	0.00626
8	0.00770	0.00590	0.00688	0.00664	0.00814	0.00525	0.00488	0.00965	0.01438	0.01909	0.41618	0.04748	0.34040	0.07203	0.00848	0.00216	0.00304	0.01093	0.00572	0.00509
9	0.83785	0.01115	0.00850	0.00761	0.01116	0.01290	0.00625	0.01690	0.00982	0.02576	0.00810	0.00947	0.00632	0.00539	0.00360	0.00179	0.00447	0.00314	0.00358	0.00626
10	0.00844	0.00569	0.00655	0.00655	0.00664	0.00574	0.00380	0.00856	0.00847	0.01138	0.01793	0.03645	0.02041	0.74152	0.08441	0.00583	0.00631	0.00819	0.00348	0.00366
11	0.83785	0.01115	0.00850	0.00761	0.01116	0.01290	0.00625	0.01690	0.00982	0.02576	0.00810	0.00947	0.00632	0.00539	0.00360	0.00179	0.00447	0.00314	0.00358	0.00626
12	0.01624	0.69484	0.02814	0.01055	0.01518	0.12577	0.01001	0.01799	0.01233	0.01365	0.00820	0.00951	0.00747	0.00512	0.00393	0.00128	0.00673	0.00319	0.00256	0.00731
13	0.00690	0.00589	0.00589	0.00589	0.00783	0.00491	0.00441	0.00831	0.01311	0.01557	0.05797	0.05514	0.75959	0.01455	0.00681	0.00195	0.00294	0.01210	0.00535	0.00490
14	0.00845	0.00564	0.00634	0.00633	0.00634	0.00562	0.00353	0.00842	0.00840	0.01122	0.01813	0.03755	0.02089	0.79747	0.02912	0.00556	0.00559	0.00835	0.00351	0.00354
15	0.01340	0.01277	0.02169	0.23237	0.57155	0.01342	0.01715	0.01686	0.01268	0.01773	0.01073	0.01461	0.00880	0.00534	0.00573	0.00178	0.00705	0.00513	0.00280	0.00841
16	0.07390	0.23738	0.51154	0.01396	0.02108	0.01584	0.01698	0.01783	0.01186	0.01753	0.00959	0.01126	0.00732	0.00536	0.00487	0.00167	0.00756	0.00387	0.00255	0.00805
17	0.70996	0.01241	0.06521	0.00848	0.01246	0.01257	0.00754	0.01790	0.01053	0.08592	0.00946	0.01051	0.00705	0.00555	0.00392	0.00180	0.00480	0.00344	0.00379	0.00672
18	0.01950	0.01452	0.01571	0.01208	0.01640	0.01551	0.00981	0.58852	0.02351	0.03190	0.01368	0.01540	0.01049	0.06520	0.00730	0.00190	0.00600	0.00518	0.00527	0.12211
19	0.00820	0.00594	0.00784	0.00747	0.00877	0.00560	0.00560	0.01075	0.01553	0.02199	0.67559	0.06423	0.05026	0.01451	0.06983	0.00244	0.00380	0.01021	0.00604	0.00542
20	0.01411	0.01350	0.02298	0.07207	0.72624	0.01361	0.01751	0.01749	0.01302	0.01860	0.01085	0.01438	0.00911	0.00521	0.00572	0.00173	0.00688	0.00514	0.00286	0.00899
21	0.00769	0.00578	0.00809	0.01027	0.07021	0.00546	0.00637	0.00885	0.01120	0.01506	0.02991	0.72989	0.03554	0.01693	0.00722	0.00229	0.00365	0.01536	0.00515	0.00508
22	0.01153	0.01086	0.01831	0.65014	0.16838	0.01293	0.01622	0.01522	0.01180	0.01546	0.01040	0.01522	0.00800	0.00569	0.00576	0.00189	0.00751	0.00513	0.00264	0.00690
23	0.01349	0.01150	0.01289	0.01158	0.01450	0.01297	0.00924	0.04314	0.49966	0.02206	0.02154	0.02558	0.01780	0.00876	0.00706	0.00199	0.06888	0.10435	0.00527	0.08773
24	0.01275	0.01175	0.01950	0.57703	0.03525	0.01368	0.11469	0.11215	0.01385	0.01809	0.01096	0.01524	0.00817	0.00583	0.00591	0.00191	0.00776	0.00536	0.00306	0.00705
25	0.01297	0.01025	0.01142	0.01029	0.01303	0.01092	0.00793	0.11933	0.32387	0.03465	0.08467	0.18163	0.05277	0.01032	0.00621	0.00193	0.00436	0.02818	0.00558	0.06969
26	0.01839	0.01622	0.01792	0.01483	0.05592	0.11937	0.07063	0.37097	0.01980	0.02619	0.01179	0.01319	0.00903	0.00635	0.00651	0.00164	0.06558	0.00481	0.00437	0.14648
27	0.12077	0.01433	0.01491	0.01169	0.01606	0.02875	0.00954	0.45309	0.08160	0.06054	0.01370	0.01389	0.01001	0.00646	0.00530	0.00164	0.00569	0.00480	0.00518	0.12203
28	0.01854	0.01570	0.01521	0.01201	0.01632	0.12087	0.00964	0.39167	0.07511	0.02749	0.01310	0.01369	0.00988	0.00622	0.00530	0.00150	0.00617	0.00465	0.02310	0.21382
29	0.01346	0.22149	0.43958	0.01393	0.02057	0.01606	0.01612	0.05665	0.11418	0.01876	0.01177	0.01287	0.00892	0.00577	0.00511	0.00170	0.00725	0.00433	0.00310	0.00838
30	0.01406	0.01531	0.15638	0.01560	0.13368	0.01283	0.01226	0.13646	0.22733	0.03495	0.05626	0.03343	0.07777	0.00762	0.00584	0.00182	0.00569	0.00635	0.00463	0.04175
31	0.01263	0.13527	0.62833	0.01540	0.02308	0.05352	0.01909	0.01830	0.01230	0.01738	0.01000	0.01176	0.00739	0.00547	0.00523	0.00174	0.00826	0.00408	0.00249	0.00827

[dist]
# distance from previous block
# <min> <max>
0	14

[block]
# block no. 2 follows, 41 sequences, length 11
# corresponding to MSA columns:
# 318-328
name=unknown_C
#
# <colnr> <probs for GDERKNQSTAVLIFYWHMCP>
#	G	D	E	R	K	N	Q	S	T	A	V	L	I	F	Y	W	H	M	C	P
0	0.01474	0.01593	0.08018	0.03212	0.62453	0.05590	0.05379	0.01821	0.01342	0.01876	0.01109	0.01445	0.00922	0.00545	0.00586	0.00179	0.00739	0.00517	0.00296	0.00902
1	0.01122	0.00943	0.01114	0.00825	0.01270	0.00725	0.00654	0.01379	0.01260	0.01937	0.13788	0.01712	0.01622	0.00551	0.00466	0.00101	0.00397	0.00457	0.00388	0.69288
2	0.00948	0.00679	0.00792	0.00782	0.00931	0.00662	0.00574	0.10628	0.01454	0.01985	0.16886	0.32981	0.17218	0.01347	0.00654	0.00197	0.00345	0.01175	0.09208	0.00556
3	0.01177	0.00967	0.01106	0.00943	0.01266	0.06071	0.03598	0.01437	0.02986	0.07103	0.07401	0.05356	0.16841	0.00955	0.00592	0.00165	0.00470	0.12916	0.00461	0.28189
4	0.01272	0.00968	0.01044	0.00951	0.01195	0.04517	0.00733	0.16471	0.06381	0.06389	0.05770	0.24358	0.15541	0.01194	0.00642	0.00194	0.00452	0.05671	0.00534	0.05722
5	0.01191	0.01256	0.02134	0.07160	0.02150	0.06179	0.32652	0.01495	0.01243	0.01645	0.03826	0.16172	0.05655	0.00879	0.00823	0.00202	0.11302	0.00826	0.00351	0.02859
6	0.01518	0.01162	0.01310	0.01030	0.01439	0.01121	0.00820	0.27519	0.05992	0.04400	0.01560	0.12621	0.01382	0.00742	0.00534	0.00146	0.00487	0.00611	0.00473	0.35133
7	0.01178	0.00875	0.01010	0.00924	0.01137	0.00885	0.00697	0.23086	0.01666	0.02237	0.11639	0.35430	0.10464	0.01282	0.00656	0.00197	0.00414	0.01114	0.00546	0.04564
8	0.49741	0.01089	0.01176	0.01279	0.14391	0.01167	0.00850	0.01830	0.01189	0.14599	0.06793	0.01436	0.01163	0.00605	0.00452	0.00176	0.00478	0.00443	0.00421	0.00722
9	0.08030	0.01129	0.01279	0.01015	0.01398	0.01132	0.00815	0.23045	0.07679	0.19772	0.09404	0.01944	0.01618	0.05261	0.00679	0.00184	0.00493	0.00569	0.00544	0.14013
10	0.01304	0.01224	0.02018	0.11232	0.55184	0.01223	0.01537	0.01622	0.01258	0.01795	0.01211	0.06969	0.01089	0.00599	0.00564	0.00168	0.00637	0.00571	0.00303	0.09492

[dist]
# distance from previous block
# <min> <max>
14	26

[block]
# block no. 3 follows, 41 sequences, length 9
# corresponding to MSA columns:
# 360-368
name=unknown_D
#
# <colnr> <probs for GDERKNQSTAVLIFYWHMCP>
#	G	D	E	R	K	N	Q	S	T	A	V	L	I	F	Y	W	H	M	C	P
0	0.02237	0.01043	0.01312	0.01024	0.01432	0.00978	0.00839	0.16637	0.01816	0.52060	0.06408	0.02254	0.07703	0.00790	0.00588	0.00177	0.00487	0.00641	0.00662	0.00909
1	0.01292	0.01219	0.02087	0.02886	0.56466	0.01204	0.06461	0.01628	0.01368	0.01950	0.15840	0.01987	0.01788	0.00638	0.00595	0.00173	0.00618	0.00624	0.00352	0.00825
2	0.01201	0.02618	0.62040	0.01538	0.02281	0.01347	0.01875	0.02053	0.15796	0.01926	0.01283	0.01390	0.00926	0.00589	0.00551	0.00184	0.00768	0.00467	0.00309	0.00857
3	0.00859	0.00611	0.00867	0.00893	0.00996	0.00677	0.00703	0.01066	0.01014	0.01454	0.01874	0.03173	0.01846	0.08865	0.50790	0.00699	0.01160	0.14773	0.07176	0.00504
4	0.01066	0.00533	0.00533	0.00533	0.00666	0.00533	0.00400	0.01333	0.01200	0.02132	0.01866	0.02132	0.01466	0.00666	0.00400	0.00133	0.00267	0.00533	0.83073	0.00533
5	0.01151	0.01064	0.01773	0.30441	0.34959	0.01151	0.01453	0.01459	0.01203	0.01639	0.01463	0.16836	0.01420	0.00785	0.00601	0.00190	0.00641	0.00729	0.00321	0.00720
6	0.01418	0.00912	0.01085	0.00952	0.01224	0.00939	0.00743	0.02188	0.29582	0.18233	0.32301	0.02964	0.03161	0.00922	0.00618	0.00185	0.00386	0.00789	0.00628	0.00771
7	0.00942	0.00694	0.00906	0.01046	0.06354	0.00691	0.00686	0.01297	0.12188	0.05004	0.05240	0.54482	0.05275	0.01471	0.00686	0.00217	0.00378	0.01323	0.00532	0.00587
8	0.00852	0.00611	0.00773	0.00758	0.00787	0.00669	0.00503	0.00917	0.00859	0.01187	0.01665	0.03175	0.01818	0.53894	0.24029	0.00640	0.05371	0.00751	0.00330	0.00409

[dist]
# distance from previous block
# <min> <max>
6	7

[block]
# block no. 4 follows, 41 sequences, length 49
# corresponding to MSA columns:
# 377-425
name=unknown_E
#
# <colnr> <probs for GDERKNQSTAVLIFYWHMCP>
#	G	D	E	R	K	N	Q	S	T	A	V	L	I	F	Y	W	H	M	C	P
0	0.01588	0.75334	0.02965	0.01057	0.01523	0.02265	0.01023	0.01746	0.01196	0.01423	0.00874	0.01046	0.00810	0.00568	0.00478	0.00144	0.04578	0.00343	0.00272	0.00768
1	0.01225	0.02989	0.76048	0.01674	0.02517	0.01367	0.02129	0.01860	0.01256	0.01881	0.01104	0.01315	0.00800	0.00595	0.00577	0.00195	0.00867	0.00448	0.00269	0.00883
2	0.00780	0.00558	0.00723	0.00851	0.00891	0.00514	0.00567	0.00858	0.01144	0.01534	0.03204	0.78661	0.03820	0.01829	0.00761	0.00246	0.00360	0.01637	0.00555	0.00507
3	0.01862	0.05235	0.01625	0.01284	0.01677	0.04720	0.01028	0.34446	0.35955	0.02900	0.01838	0.01793	0.01379	0.00765	0.00598	0.00193	0.00588	0.00584	0.00574	0.00954
4	0.00870	0.00600	0.00692	0.00725	0.00751	0.00575	0.00438	0.00883	0.00978	0.01303	0.02429	0.24324	0.06211	0.54091	0.02218	0.00460	0.00507	0.01085	0.00432	0.00429
5	0.01516	0.01470	0.02298	0.06377	0.68549	0.05539	0.01734	0.01822	0.01360	0.01896	0.01140	0.01504	0.00964	0.00569	0.00597	0.00184	0.00726	0.00527	0.00310	0.00919
6	0.01225	0.02989	0.76048	0.01674	0.02517	0.01367	0.02129	0.01860	0.01256	0.01881	0.01104	0.01315	0.00800	0.00595	0.00577	0.00195	0.00867	0.00448	0.00269	0.00883
7	0.78685	0.05292	0.01010	0.00819	0.01183	0.01374	0.00673	0.01733	0.01034	0.02563	0.00877	0.01040	0.00702	0.00581	0.00390	0.00188	0.00478	0.00337	0.00374	0.00666
8	0.01347	0.27675	0.52430	0.01466	0.02195	0.01666	0.01767	0.01829	0.01241	0.01732	0.01030	0.01223	0.00803	0.00578	0.00520	0.00177	0.00793	0.00411	0.00270	0.00847
9	0.00781	0.00635	0.00673	0.00671	0.00851	0.00540	0.00493	0.00919	0.01385	0.01725	0.16212	0.09974	0.60111	0.01469	0.00711	0.00208	0.00318	0.01223	0.00570	0.00532
10	0.00782	0.00640	0.00671	0.00660	0.00849	0.00542	0.00489	0.00926	0.01404	0.01745	0.17752	0.05350	0.63220	0.01442	0.00707	0.00205	0.00315	0.01194	0.00572	0.00535
11	0.01257	0.01224	0.01853	0.03626	0.01720	0.01547	0.10666	0.01414	0.01021	0.01519	0.01176	0.09340	0.01183	0.01226	0.05678	0.00289	0.53618	0.00668	0.00314	0.00663
12	0.00780	0.00589	0.00701	0.00776	0.00874	0.00524	0.00536	0.00881	0.01241	0.01607	0.08025	0.50490	0.27434	0.01683	0.00740	0.00230	0.00343	0.01468	0.00560	0.00517
13	0.00803	0.00650	0.00698	0.00723	0.00886	0.00575	0.00521	0.00987	0.05023	0.01638	0.04939	0.24988	0.52345	0.01546	0.00717	0.00218	0.00338	0.01306	0.00558	0.00541
14	0.02236	0.01741	0.01755	0.01377	0.01823	0.08004	0.01117	0.67676	0.02632	0.03472	0.01407	0.01451	0.01026	0.00729	0.00600	0.00184	0.00687	0.00528	0.00573	0.00983
15	0.01490	0.01409	0.02360	0.03531	0.75455	0.01397	0.01776	0.01805	0.01349	0.01938	0.01153	0.01521	0.00979	0.00562	0.00599	0.00184	0.00704	0.00534	0.00310	0.00943
16	0.01367	0.33284	0.44547	0.01386	0.02068	0.04779	0.01634	0.01811	0.01225	0.01639	0.00961	0.01129	0.00758	0.00544	0.00486	0.00162	0.00770	0.00385	0.00256	0.00809
17	0.01452	0.01249	0.01314	0.01184	0.01508	0.01437	0.00918	0.03053	0.74955	0.02417	0.02352	0.02172	0.01771	0.00795	0.00595	0.00199	0.00463	0.00656	0.00591	0.00920
18	0.83566	0.01127	0.00863	0.00774	0.01129	0.01299	0.00633	0.01701	0.00993	0.02590	0.00828	0.00973	0.00650	0.00551	0.00368	0.00183	0.00453	0.00320	0.00364	0.00635
19	0.01220	0.11520	0.68407	0.01575	0.02380	0.01447	0.01994	0.01820	0.01221	0.01787	0.01031	0.01218	0.00755	0.00558	0.00537	0.00180	0.00828	0.00420	0.00253	0.00848
20	0.01832	0.01072	0.01392	0.01070	0.01513	0.00949	0.04727	0.05117	0.09545	0.32485	0.03879	0.03393	0.01402	0.00662	0.00549	0.00155	0.00494	0.00551	0.00545	0.28669
21	0.83566	0.01127	0.00863	0.00774	0.01129	0.01299	0.00633	0.01701	0.00993	0.02590	0.00828	0.00973	0.00650	0.00551	0.00368	0.00183	0.00453	0.00320	0.00364	0.00635
22	0.01025	0.00520	0.00768	0.00767	0.00770	0.00516	0.00511	0.00769	0.00766	0.01025	0.01024	0.01778	0.01022	0.02000	0.02240	0.82959	0.00507	0.00506	0.00259	0.00266
23	0.01025	0.00520	0.00768	0.00767	0.00770	0.00516	0.00511	0.00769	0.00766	0.01025	0.01024	0.01778	0.01022	0.02000	0.02240	0.82959	0.00507	0.00506	0.00259	0.00266
24	0.01323	0.01354	0.06133	0.27496	0.48800	0.01344	0.01729	0.01683	0.01265	0.01762	0.01085	0.01481	0.00879	0.00552	0.00580	0.00183	0.00724	0.00514	0.00282	0.00830
25	0.83566	0.01127	0.00863	0.00774	0.01129	0.01299	0.00633	0.01701	0.00993	0.02590	0.00828	0.00973	0.00650	0.00551	0.00368	0.00183	0.00453	0.00320	0.00364	0.00635
26	0.01178	0.02970	0.76586	0.01648	0.02492	0.01344	0.02120	0.01831	0.01226	0.01839	0.01057	0.01250	0.00754	0.00564	0.00556	0.00187	0.00854	0.00433	0.00252	0.00860
27	0.00746	0.00544	0.00695	0.00783	0.00852	0.00498	0.00537	0.00869	0.01221	0.01634	0.15371	0.59385	0.11370	0.01670	0.00728	0.00225	0.00329	0.01491	0.00557	0.00495
28	0.15687	0.02471	0.01510	0.01372	0.01678	0.64627	0.01036	0.02201	0.01531	0.01622	0.00901	0.01058	0.00747	0.00600	0.00502	0.00158	0.00942	0.00369	0.00315	0.00672
29	0.83566	0.01127	0.00863	0.00774	0.01129	0.01299	0.00633	0.01701	0.00993	0.02590	0.00828	0.00973	0.00650	0.00551	0.00368	0.00183	0.00453	0.00320	0.00364	0.00635
30	0.01392	0.01324	0.02241	0.15408	0.64513	0.01360	0.01737	0.01728	0.01296	0.01831	0.01097	0.01474	0.00912	0.00540	0.00580	0.00179	0.00702	0.00519	0.00289	0.00878
31	0.01280	0.11305	0.56957	0.05708	0.02446	0.01473	0.05318	0.05594	0.01302	0.01863	0.01055	0.01259	0.00777	0.00564	0.00546	0.00181	0.00818	0.00441	0.00273	0.00840
32	0.83566	0.01127	0.00863	0.00774	0.01129	0.01299	0.00633	0.01701	0.00993	0.02590	0.00828	0.00973	0.00650	0.00551	0.00368	0.00183	0.00453	0.00320	0.00364	0.00635
33	0.00842	0.00608	0.00787	0.00741	0.00879	0.00559	0.00554	0.01102	0.01636	0.02319	0.75694	0.04300	0.05404	0.01187	0.00687	0.00185	0.00281	0.01042	0.00639	0.00556
34	0.00864	0.00578	0.00647	0.00646	0.00649	0.00574	0.00361	0.00856	0.00852	0.01140	0.01829	0.03773	0.02102	0.79532	0.02913	0.00558	0.00565	0.00840	0.00357	0.00364
35	0.01216	0.01038	0.01207	0.00868	0.01377	0.00780	0.00691	0.01461	0.01205	0.01891	0.01047	0.01228	0.00876	0.00445	0.00437	0.00091	0.00434	0.00349	0.00349	0.83008
36	0.01596	0.75060	0.02924	0.01030	0.01508	0.06956	0.00998	0.01768	0.01210	0.01379	0.00832	0.00968	0.00764	0.00516	0.00390	0.00130	0.00648	0.00320	0.00259	0.00745
37	0.02162	0.02739	0.01640	0.01492	0.01788	0.77246	0.01116	0.02301	0.01638	0.01429	0.00915	0.01075	0.00766	0.00610	0.00529	0.00153	0.01039	0.00379	0.00305	0.00679
38	0.00864	0.00578	0.00647	0.00646	0.00649	0.00574	0.00361	0.00856	0.00852	0.01140	0.01829	0.03773	0.02102	0.79532	0.02913	0.00558	0.00565	0.00840	0.00357	0.00364
39	0.01942	0.00852	0.01140	0.00928	0.01258	0.00747	0.00742	0.02172	0.01647	0.48950	0.29477	0.02843	0.02910	0.00898	0.00625	0.00184	0.00417	0.00754	0.00688	0.00828
40	0.01171	0.00775	0.00925	0.00832	0.01047	0.00746	0.00634	0.04944	0.10114	0.11398	0.38539	0.05262	0.15798	0.04287	0.00750	0.00205	0.00362	0.00947	0.00610	0.00654
41	0.01160	0.01203	0.02404	0.01832	0.02238	0.01122	0.46761	0.01514	0.01321	0.01759	0.02207	0.14213	0.10056	0.00925	0.00708	0.00212	0.00755	0.08540	0.00389	0.00682
42	0.00733	0.00594	0.00643	0.00651	0.00817	0.00509	0.00478	0.00884	0.01348	0.01686	0.16946	0.14252	0.55500	0.01460	0.00695	0.00201	0.00303	0.01236	0.00557	0.00506
43	0.01919	0.01901	0.01759	0.01432	0.01827	0.29183	0.08342	0.22668	0.08664	0.04257	0.01263	0.01370	0.00970	0.00637	0.00585	0.00165	0.02297	0.00481	0.00425	0.09855
44	0.01227	0.12971	0.67019	0.01563	0.02361	0.01465	0.01973	0.01818	0.01221	0.01778	0.01027	0.01212	0.00755	0.00557	0.00534	0.00179	0.00824	0.00418	0.00253	0.00846
45	0.01315	0.00881	0.01229	0.01081	0.01320	0.00842	0.08014	0.08592	0.05412	0.14078	0.02443	0.39787	0.02513	0.04299	0.00756	0.00221	0.00480	0.01103	0.00535	0.05099
46	0.01455	0.59073	0.22913	0.01175	0.01760	0.02022	0.01296	0.01759	0.01193	0.01501	0.00889	0.01039	0.00761	0.00525	0.00428	0.00144	0.00684	0.00348	0.00255	0.00779
47	0.01445	0.01379	0.02337	0.03519	0.75987	0.01374	0.01763	0.01775	0.01321	0.01896	0.01106	0.01457	0.00935	0.00530	0.00579	0.00175	0.00689	0.00519	0.00294	0.00920
48	0.01438	0.55521	0.26311	0.01204	0.01807	0.01979	0.01348	0.01763	0.01196	0.01522	0.00900	0.01053	0.00761	0.00527	0.00436	0.00147	0.00695	0.00353	0.00254	0.00784

[dist]
# distance from previous block
# <min> <max>
1	20

[block]
# block no. 5 follows, 41 sequences, length 6
# corresponding to MSA columns:
# 446-451
name=unknown_F
#
# <colnr> <probs for GDERKNQSTAVLIFYWHMCP>
#	G	D	E	R	K	N	Q	S	T	A	V	L	I	F	Y	W	H	M	C	P
0	0.01186	0.01017	0.01186	0.00847	0.01356	0.00762	0.00678	0.01440	0.01186	0.01864	0.01017	0.01186	0.00847	0.00424	0.00424	0.00085	0.00424	0.00339	0.00339	0.83395
1	0.01381	0.01324	0.02260	0.11172	0.68936	0.01350	0.01738	0.01725	0.01286	0.01827	0.01070	0.01427	0.00891	0.00516	0.00567	0.00172	0.00688	0.00510	0.00280	0.00878
2	0.01416	0.01359	0.02322	0.03511	0.76330	0.01359	0.01755	0.01755	0.01302	0.01869	0.01076	0.01416	0.00906	0.00510	0.00566	0.00170	0.00680	0.00510	0.00283	0.00906
3	0.01186	0.01017	0.01186	0.00847	0.01356	0.00762	0.00678	0.01440	0.01186	0.01864	0.01017	0.01186	0.00847	0.00424	0.00424	0.00085	0.00424	0.00339	0.00339	0.83395
4	0.01287	0.01076	0.01240	0.00895	0.01398	0.00866	0.00720	0.08894	0.01340	0.02042	0.01053	0.01205	0.00860	0.00450	0.00439	0.00094	0.00445	0.00357	0.00363	0.74976
5	0.01186	0.01017	0.01186	0.00847	0.01356	0.00762	0.00678	0.01440	0.01186	0.01864	0.01017	0.01186	0.00847	0.00424	0.00424	0.00085	0.00424	0.00339	0.00339	0.83395

[dist]
# distance from previous block
# <min> <max>
0	4

[block]
# block no. 6 follows, 41 sequences, length 6
# corresponding to MSA columns:
# 456-461
name=unknown_G
#
# <colnr> <probs for GDERKNQSTAVLIFYWHMCP>
#	G	D	E	R	K	N	Q	S	T	A	V	L	I	F	Y	W	H	M	C	P
0	0.01286	0.01097	0.01316	0.01003	0.01463	0.00939	0.03751	0.04677	0.12188	0.02029	0.01374	0.05160	0.01166	0.00583	0.00496	0.00124	0.00469	0.00481	0.00405	0.59990
1	0.25480	0.01012	0.01133	0.00935	0.01311	0.00995	0.00756	0.02285	0.07071	0.40279	0.06537	0.02086	0.06159	0.00763	0.00542	0.00187	0.00460	0.00585	0.00593	0.00830
2	0.01165	0.00902	0.01086	0.00962	0.01260	0.00829	0.00771	0.12711	0.01435	0.02009	0.02061	0.20066	0.02144	0.01064	0.00608	0.00177	0.00462	0.18961	0.00466	0.30861
3	0.01563	0.01374	0.02086	0.13129	0.47592	0.01452	0.01563	0.20155	0.01633	0.02254	0.01143	0.01420	0.00903	0.00563	0.00569	0.00173	0.00678	0.00511	0.00353	0.00886
4	0.01244	0.01104	0.01474	0.01523	0.20381	0.00914	0.00951	0.01520	0.01216	0.01865	0.01032	0.01244	0.00862	0.00445	0.00460	0.00106	0.00489	0.00382	0.00325	0.62463
5	0.01258	0.14646	0.46743	0.01727	0.02449	0.01504	0.20242	0.01801	0.01237	0.01744	0.01024	0.01247	0.00762	0.00519	0.00549	0.00175	0.00839	0.00468	0.00254	0.00809

[dist]
# distance from previous block
# <min> <max>
0	2

[block]
# block no. 7 follows, 41 sequences, length 6
# corresponding to MSA columns:
# 464-469
name=unknown_H
#
# <colnr> <probs for GDERKNQSTAVLIFYWHMCP>
#	G	D	E	R	K	N	Q	S	T	A	V	L	I	F	Y	W	H	M	C	P
0	0.07030	0.01295	0.01350	0.01109	0.01496	0.08023	0.00891	0.16032	0.18852	0.30678	0.02080	0.01924	0.05174	0.00737	0.00563	0.00178	0.00541	0.00579	0.00586	0.00883
1	0.10682	0.01069	0.01353	0.01420	0.14710	0.01091	0.00947	0.05024	0.17784	0.22732	0.12510	0.02215	0.04472	0.00759	0.00568	0.00180	0.00477	0.00635	0.00543	0.00829
2	0.01280	0.19806	0.47208	0.01822	0.15452	0.01541	0.01798	0.01780	0.01214	0.01718	0.00984	0.01180	0.00759	0.00525	0.00508	0.00166	0.00764	0.00412	0.00250	0.00832
3	0.01364	0.01307	0.02229	0.14994	0.65249	0.01346	0.01730	0.01710	0.01278	0.01806	0.01067	0.01432	0.00884	0.00519	0.00567	0.00173	0.00692	0.00509	0.00279	0.00865
4	0.01551	0.01402	0.02214	0.03119	0.63005	0.01433	0.01636	0.14743	0.01550	0.02179	0.01129	0.01408	0.00918	0.00541	0.00567	0.00170	0.00671	0.00511	0.00335	0.00918
5	0.01130	0.00883	0.01116	0.00966	0.01186	0.02888	0.04085	0.08110	0.03508	0.03655	0.01561	0.04956	0.01488	0.20201	0.27595	0.00506	0.00895	0.00641	0.00372	0.14257

[dist]
# distance from previous block
# <min> <max>
0	5

[block]
# block no. 8 follows, 41 sequences, length 7
# corresponding to MSA columns:
# 475-481
name=unknown_I
#
# <colnr> <probs for GDERKNQSTAVLIFYWHMCP>
#	G	D	E	R	K	N	Q	S	T	A	V	L	I	F	Y	W	H	M	C	P
0	0.01501	0.01228	0.01389	0.01087	0.01483	0.06625	0.05083	0.19382	0.01584	0.05906	0.01440	0.09510	0.01289	0.06314	0.00698	0.00170	0.00553	0.00583	0.00429	0.33747
1	0.01010	0.00707	0.00844	0.00797	0.00979	0.00670	0.00587	0.03653	0.08305	0.07204	0.22285	0.21732	0.15801	0.06990	0.00818	0.00217	0.00362	0.01063	0.00551	0.05424
2	0.01303	0.01244	0.02118	0.28756	0.51968	0.01329	0.01699	0.01656	0.01249	0.01732	0.01056	0.01452	0.00858	0.00531	0.00568	0.00177	0.00707	0.00509	0.00273	0.00815
3	0.01509	0.14682	0.01627	0.01011	0.01466	0.03694	0.00848	0.12079	0.03681	0.06428	0.01125	0.01240	0.00898	0.00536	0.00530	0.00123	0.04695	0.00391	0.00379	0.43059
4	0.01253	0.14758	0.52662	0.01849	0.14913	0.01480	0.01875	0.01786	0.01217	0.01748	0.00999	0.01198	0.00757	0.00529	0.00520	0.00170	0.00781	0.00419	0.00249	0.00838
5	0.01226	0.20954	0.46574	0.14588	0.02486	0.01540	0.01755	0.01728	0.01186	0.01641	0.00970	0.01193	0.00733	0.00535	0.00506	0.00169	0.00776	0.00410	0.00244	0.00783
6	0.01303	0.01254	0.02072	0.22093	0.45306	0.01404	0.01627	0.01617	0.01190	0.01682	0.01006	0.01415	0.00843	0.00609	0.00791	0.00189	0.14031	0.00508	0.00270	0.00790

[dist]
# distance from previous block
# <min> <max>
2	366

# created by:
# /software/SequenceAnalysis/GenePrediction/augustus/3.0.1/scripts/msa2prfl.pl ./fixed/BUSCOvEOG7XKWMP.fas
