[name]
unknown

[dist]
# distance from previous block
# <min> <max>
14	162

[block]
# block no. 0 follows, 40 sequences, length 7
# corresponding to MSA columns:
# 166-172
name=unknown_A
#
# <colnr> <probs for GDERKNQSTAVLIFYWHMCP>
#	G	D	E	R	K	N	Q	S	T	A	V	L	I	F	Y	W	H	M	C	P
0	0.00888	0.00842	0.00752	0.00725	0.00920	0.09362	0.00544	0.01063	0.01432	0.01719	0.20412	0.04800	0.51847	0.01310	0.00668	0.00188	0.00377	0.01091	0.00534	0.00525
1	0.01228	0.02520	0.54544	0.01774	0.10892	0.04698	0.01867	0.01853	0.04800	0.01899	0.07383	0.01552	0.01208	0.00615	0.00567	0.00182	0.00780	0.00501	0.00303	0.00835
2	0.01985	0.01927	0.17939	0.01407	0.01958	0.01705	0.01331	0.58376	0.02408	0.03270	0.01320	0.01360	0.00934	0.00667	0.00575	0.00177	0.00687	0.00503	0.00509	0.00961
3	0.01262	0.01406	0.12729	0.11083	0.25431	0.01253	0.01424	0.04969	0.12821	0.01884	0.01393	0.01717	0.01129	0.01413	0.17177	0.00346	0.00875	0.00550	0.00344	0.00795
4	0.34416	0.01348	0.01493	0.01582	0.17561	0.01488	0.01050	0.24562	0.06848	0.02775	0.01166	0.01281	0.00887	0.00603	0.00493	0.00178	0.00563	0.00449	0.00431	0.00826
5	0.02096	0.02549	0.01667	0.01488	0.01774	0.64612	0.01135	0.07943	0.01668	0.01599	0.00927	0.01096	0.00769	0.00644	0.00650	0.00161	0.07808	0.00398	0.00318	0.00696
6	0.01459	0.02475	0.37166	0.02046	0.13827	0.17801	0.13306	0.01940	0.01357	0.01763	0.01041	0.01276	0.00791	0.00547	0.00571	0.00177	0.00894	0.00472	0.00272	0.00817

[dist]
# distance from previous block
# <min> <max>
2	87

[block]
# block no. 1 follows, 40 sequences, length 6
# corresponding to MSA columns:
# 261-266
name=unknown_B
#
# <colnr> <probs for GDERKNQSTAVLIFYWHMCP>
#	G	D	E	R	K	N	Q	S	T	A	V	L	I	F	Y	W	H	M	C	P
0	0.01101	0.00766	0.05884	0.00880	0.01035	0.00611	0.00676	0.01232	0.01165	0.14421	0.02619	0.47009	0.02860	0.11869	0.01067	0.04065	0.00437	0.01226	0.00513	0.00562
1	0.83671	0.01125	0.00855	0.00765	0.01125	0.01305	0.00630	0.01709	0.00990	0.02609	0.00810	0.00945	0.00630	0.00540	0.00360	0.00180	0.00450	0.00315	0.00360	0.00630
2	0.72713	0.01047	0.00813	0.00735	0.01065	0.01203	0.00600	0.01662	0.01020	0.02551	0.00954	0.01107	0.00744	0.00558	0.00366	0.00174	0.00426	0.00345	0.11297	0.00618
3	0.01411	0.01473	0.02628	0.23835	0.09580	0.05675	0.37286	0.07410	0.01431	0.01876	0.01130	0.01509	0.00856	0.00541	0.00630	0.00189	0.00874	0.00593	0.00306	0.00767
4	0.00687	0.00589	0.00589	0.00589	0.00785	0.00491	0.00442	0.00835	0.01325	0.01571	0.05891	0.05596	0.75700	0.01473	0.00687	0.00196	0.00295	0.01227	0.00540	0.00491
5	0.02105	0.09605	0.01802	0.01277	0.01721	0.07089	0.01059	0.49741	0.08783	0.08840	0.01457	0.01438	0.01052	0.00680	0.00558	0.00170	0.00640	0.00508	0.00539	0.00936

[dist]
# distance from previous block
# <min> <max>
0	21

[block]
# block no. 2 follows, 40 sequences, length 14
# corresponding to MSA columns:
# 288-301
name=unknown_C
#
# <colnr> <probs for GDERKNQSTAVLIFYWHMCP>
#	G	D	E	R	K	N	Q	S	T	A	V	L	I	F	Y	W	H	M	C	P
0	0.08161	0.00659	0.00804	0.00742	0.00912	0.00625	0.00561	0.01157	0.01537	0.02291	0.62988	0.03809	0.04689	0.01124	0.00699	0.02979	0.00305	0.00935	0.00588	0.04436
1	0.83671	0.01125	0.00855	0.00765	0.01125	0.01305	0.00630	0.01709	0.00990	0.02609	0.00810	0.00945	0.00630	0.00540	0.00360	0.00180	0.00450	0.00315	0.00360	0.00630
2	0.01307	0.01248	0.01549	0.01323	0.01491	0.05025	0.02967	0.04457	0.13641	0.01725	0.01496	0.01780	0.05958	0.01153	0.06734	0.00266	0.39223	0.00575	0.00358	0.07726
3	0.00753	0.00566	0.00797	0.09619	0.01203	0.00566	0.00662	0.00887	0.01119	0.01485	0.02958	0.70343	0.03496	0.01681	0.00724	0.00231	0.00387	0.01524	0.00508	0.00492
4	0.02211	0.01629	0.01745	0.01338	0.01803	0.01803	0.01105	0.73997	0.02734	0.03665	0.01396	0.01396	0.00989	0.00698	0.00582	0.00175	0.00640	0.00524	0.00582	0.00989
5	0.01722	0.10330	0.01642	0.01317	0.06465	0.08130	0.00993	0.08259	0.34385	0.12169	0.01794	0.01726	0.01339	0.00679	0.00547	0.00171	0.00563	0.00541	0.00506	0.06722
6	0.05489	0.01648	0.01662	0.01310	0.01748	0.06735	0.01070	0.59602	0.09389	0.03357	0.01431	0.01427	0.01032	0.00694	0.00570	0.00175	0.00642	0.00518	0.00555	0.00947
7	0.00709	0.00506	0.00675	0.00810	0.00843	0.00472	0.00540	0.00810	0.01113	0.01484	0.03205	0.79184	0.03846	0.01822	0.00742	0.00236	0.00337	0.01653	0.00540	0.00472
8	0.00846	0.00564	0.00634	0.00634	0.00634	0.00564	0.00352	0.00846	0.00846	0.01128	0.01832	0.03805	0.02114	0.79563	0.02960	0.00564	0.00564	0.00846	0.00352	0.00352
9	0.01446	0.01249	0.01315	0.01183	0.01512	0.01446	0.00920	0.03090	0.74885	0.02433	0.02367	0.02170	0.01775	0.00789	0.00592	0.00197	0.00460	0.00657	0.00592	0.00920
10	0.00846	0.00564	0.00634	0.00634	0.00634	0.00564	0.00352	0.00846	0.00846	0.01128	0.01832	0.03805	0.02114	0.79563	0.02960	0.00564	0.00564	0.00846	0.00352	0.00352
11	0.01440	0.01367	0.02241	0.03298	0.67461	0.01389	0.01686	0.01933	0.09701	0.01960	0.01239	0.01522	0.01018	0.00549	0.00578	0.00176	0.00665	0.00534	0.00322	0.00921
12	0.01446	0.01249	0.01315	0.01183	0.01512	0.01446	0.00920	0.03090	0.74885	0.02433	0.02367	0.02170	0.01775	0.00789	0.00592	0.00197	0.00460	0.00657	0.00592	0.00920
13	0.02075	0.06895	0.01822	0.03774	0.01836	0.10408	0.01126	0.54697	0.02355	0.03062	0.01254	0.01324	0.00926	0.00688	0.00636	0.00173	0.05053	0.00491	0.00499	0.00906

[dist]
# distance from previous block
# <min> <max>
5	10

[block]
# block no. 3 follows, 40 sequences, length 13
# corresponding to MSA columns:
# 312-324
name=unknown_D
#
# <colnr> <probs for GDERKNQSTAVLIFYWHMCP>
#	G	D	E	R	K	N	Q	S	T	A	V	L	I	F	Y	W	H	M	C	P
0	0.75726	0.01174	0.00942	0.00821	0.01191	0.01353	0.00676	0.08759	0.01160	0.02712	0.00867	0.00989	0.00665	0.00555	0.00382	0.00179	0.00468	0.00335	0.00382	0.00665
1	0.23385	0.00739	0.00798	0.00741	0.00938	0.00755	0.00571	0.01264	0.01467	0.02407	0.55253	0.03418	0.04164	0.01012	0.00597	0.00182	0.00322	0.00851	0.00564	0.00571
2	0.00729	0.00591	0.00648	0.00633	0.00811	0.00509	0.00475	0.00916	0.01425	0.01807	0.27529	0.05208	0.53914	0.01385	0.00687	0.00192	0.00288	0.01173	0.00571	0.00509
3	0.02190	0.01173	0.01387	0.06079	0.01652	0.06860	0.00917	0.10399	0.01715	0.46371	0.07691	0.01945	0.01570	0.00715	0.00576	0.00171	0.00550	0.00577	0.00609	0.06852
4	0.01595	0.74901	0.02956	0.01028	0.01512	0.07169	0.01003	0.01779	0.01212	0.01372	0.00814	0.00940	0.00746	0.00504	0.00383	0.00126	0.00650	0.00315	0.00252	0.00742
5	0.01689	0.01159	0.01329	0.01048	0.01458	0.01124	0.00834	0.22285	0.10255	0.14314	0.01694	0.07630	0.01380	0.04031	0.00647	0.00171	0.00502	0.00592	0.00516	0.27342
6	0.01373	0.01569	0.03431	0.02451	0.03039	0.01471	0.73824	0.01863	0.01373	0.01863	0.01176	0.01569	0.00882	0.00490	0.00686	0.00196	0.00980	0.00686	0.00294	0.00784
7	0.00700	0.00567	0.00622	0.00657	0.00806	0.00489	0.00474	0.00841	0.01284	0.01587	0.08777	0.25571	0.52490	0.01553	0.00702	0.00207	0.00305	0.01334	0.00545	0.00489
8	0.01716	0.01481	0.01460	0.01252	0.01616	0.07942	0.00988	0.22335	0.49053	0.02683	0.01979	0.01864	0.01474	0.00748	0.00583	0.00187	0.00559	0.00597	0.00564	0.00918
9	0.02431	0.01018	0.01341	0.01039	0.01466	0.00919	0.00854	0.09339	0.01763	0.63724	0.07988	0.02111	0.01716	0.00755	0.00592	0.00180	0.00491	0.00616	0.00701	0.00955
10	0.02211	0.01629	0.01745	0.01338	0.01803	0.01803	0.01105	0.73997	0.02734	0.03665	0.01396	0.01396	0.00989	0.00698	0.00582	0.00175	0.00640	0.00524	0.00582	0.00989
11	0.02211	0.01629	0.01745	0.01338	0.01803	0.01803	0.01105	0.73997	0.02734	0.03665	0.01396	0.01396	0.00989	0.00698	0.00582	0.00175	0.00640	0.00524	0.00582	0.00989
12	0.01069	0.00792	0.03751	0.00823	0.01025	0.00698	0.00655	0.06854	0.01638	0.07615	0.53366	0.03822	0.06587	0.07719	0.00858	0.00215	0.00366	0.00942	0.00599	0.00608

[dist]
# distance from previous block
# <min> <max>
5	11

[block]
# block no. 4 follows, 40 sequences, length 31
# corresponding to MSA columns:
# 336-366
name=unknown_E
#
# <colnr> <probs for GDERKNQSTAVLIFYWHMCP>
#	G	D	E	R	K	N	Q	S	T	A	V	L	I	F	Y	W	H	M	C	P
0	0.01842	0.01302	0.01422	0.01148	0.01515	0.03428	0.00926	0.38874	0.10458	0.11351	0.19047	0.02233	0.02179	0.00823	0.00606	0.00179	0.00529	0.00666	0.00604	0.00869
1	0.01010	0.00505	0.00758	0.00758	0.00758	0.00505	0.00505	0.00758	0.00758	0.01010	0.01010	0.01768	0.01010	0.02020	0.02273	0.83081	0.00505	0.00505	0.00253	0.00253
2	0.13142	0.01379	0.01946	0.05046	0.47557	0.05560	0.01447	0.04301	0.03323	0.09091	0.01199	0.01421	0.00940	0.00560	0.00544	0.00175	0.00653	0.00492	0.00356	0.00866
3	0.01415	0.01048	0.01292	0.01042	0.05692	0.00821	0.00775	0.01674	0.01277	0.12272	0.01213	0.01327	0.00945	0.00476	0.00461	0.00104	0.00455	0.00388	0.00394	0.66929
4	0.01451	0.02455	0.49629	0.01628	0.05704	0.01443	0.01784	0.16988	0.07641	0.03909	0.01256	0.01367	0.00899	0.00604	0.00564	0.00183	0.00765	0.00476	0.00357	0.00897
5	0.25340	0.01314	0.01818	0.12168	0.42274	0.04162	0.01403	0.01745	0.01218	0.02036	0.00996	0.01295	0.00811	0.00535	0.00512	0.00177	0.00645	0.00454	0.00305	0.00792
6	0.02609	0.00990	0.01350	0.01035	0.01484	0.00855	0.00855	0.02834	0.01664	0.76338	0.02294	0.01979	0.01439	0.00720	0.00585	0.00180	0.00495	0.00585	0.00720	0.00990
7	0.01098	0.01034	0.01744	0.78165	0.04005	0.01292	0.01615	0.01486	0.01163	0.01486	0.01034	0.01550	0.00775	0.00581	0.00581	0.00194	0.00775	0.00517	0.00258	0.00646
8	0.00709	0.00506	0.00675	0.00810	0.00843	0.00472	0.00540	0.00810	0.01113	0.01484	0.03205	0.79184	0.03846	0.01822	0.00742	0.00236	0.00337	0.01653	0.00540	0.00472
9	0.01459	0.01438	0.02282	0.08106	0.67275	0.05646	0.01737	0.01796	0.01332	0.01847	0.01079	0.01424	0.00902	0.00527	0.00573	0.00173	0.00716	0.00510	0.00287	0.00890
10	0.01397	0.01325	0.02163	0.12367	0.55247	0.01382	0.03193	0.01930	0.11483	0.01922	0.01264	0.01557	0.01021	0.00563	0.00581	0.00179	0.00676	0.00541	0.00326	0.00884
11	0.01370	0.01187	0.04301	0.01056	0.01554	0.00959	0.04984	0.07594	0.01356	0.06203	0.01173	0.02705	0.00951	0.00524	0.00532	0.00118	0.03394	0.00426	0.00379	0.59236
12	0.83671	0.01125	0.00855	0.00765	0.01125	0.01305	0.00630	0.01709	0.00990	0.02609	0.00810	0.00945	0.00630	0.00540	0.00360	0.00180	0.00450	0.00315	0.00360	0.00630
13	0.01111	0.00947	0.01171	0.07286	0.01498	0.00838	0.00773	0.01425	0.05620	0.01787	0.01555	0.17532	0.01527	0.00780	0.00581	0.00140	0.03777	0.00657	0.00389	0.50605
14	0.01309	0.01095	0.01261	0.00910	0.01422	0.00881	0.00732	0.08945	0.01363	0.02077	0.01071	0.01225	0.00874	0.00458	0.00446	0.00095	0.00452	0.00363	0.00369	0.74648
15	0.01010	0.00505	0.00758	0.00758	0.00758	0.00505	0.00505	0.00758	0.00758	0.01010	0.01010	0.01768	0.01010	0.02020	0.02273	0.83081	0.00505	0.00505	0.00253	0.00253
16	0.02507	0.00967	0.01317	0.01017	0.01449	0.00837	0.00837	0.02735	0.01663	0.72113	0.06481	0.02114	0.01671	0.00747	0.00591	0.00180	0.00482	0.00611	0.00715	0.00964
17	0.02343	0.01045	0.01355	0.01028	0.01491	0.00913	0.00846	0.07943	0.01668	0.58380	0.02015	0.01806	0.01309	0.00670	0.00559	0.00164	0.00495	0.00540	0.00646	0.14786
18	0.01441	0.00975	0.01041	0.00917	0.01102	0.05491	0.00658	0.16545	0.01434	0.12127	0.01881	0.10581	0.01859	0.36893	0.04198	0.00383	0.00609	0.00789	0.00466	0.00611
19	0.01828	0.08892	0.05693	0.05438	0.01627	0.07339	0.03742	0.02129	0.04590	0.32994	0.06343	0.06542	0.04087	0.05283	0.00715	0.00200	0.00582	0.00661	0.00523	0.00794
20	0.01586	0.01309	0.01367	0.01205	0.01531	0.04637	0.00960	0.22070	0.39362	0.02592	0.02169	0.06715	0.01815	0.00909	0.00619	0.00199	0.00536	0.08993	0.00567	0.00859
21	0.01627	0.70849	0.02883	0.01054	0.01528	0.11105	0.01010	0.01810	0.01236	0.01375	0.00819	0.00946	0.00747	0.00509	0.00391	0.00127	0.00672	0.00318	0.00255	0.00738
22	0.01280	0.02437	0.50435	0.06203	0.06964	0.01394	0.08692	0.05985	0.07414	0.01978	0.01188	0.01379	0.00864	0.00574	0.00573	0.00186	0.00810	0.00488	0.00301	0.00856
23	0.01080	0.00868	0.01416	0.04219	0.07609	0.00941	0.09198	0.01373	0.03510	0.05688	0.01646	0.09393	0.01527	0.02747	0.41821	0.00596	0.04673	0.00710	0.00357	0.00628
24	0.01356	0.01688	0.09473	0.02385	0.02996	0.01461	0.67901	0.01861	0.01361	0.01861	0.01165	0.01540	0.00870	0.00495	0.00675	0.00195	0.00970	0.00665	0.00290	0.00791
25	0.01010	0.00505	0.00758	0.00758	0.00758	0.00505	0.00505	0.00758	0.00758	0.01010	0.01010	0.01768	0.01010	0.02020	0.02273	0.83081	0.00505	0.00505	0.00253	0.00253
26	0.00707	0.00513	0.00668	0.00791	0.00839	0.00474	0.00532	0.00812	0.01131	0.01492	0.03427	0.73103	0.09783	0.01793	0.00738	0.00233	0.00334	0.01618	0.00540	0.00474
27	0.01373	0.01569	0.03431	0.02451	0.03039	0.01471	0.73824	0.01863	0.01373	0.01863	0.01176	0.01569	0.00882	0.00490	0.00686	0.00196	0.00980	0.00686	0.00294	0.00784
28	0.00742	0.00591	0.00665	0.00647	0.00819	0.00514	0.00485	0.00941	0.01456	0.01880	0.34185	0.05088	0.47212	0.01358	0.00687	0.00191	0.00286	0.01156	0.00581	0.00514
29	0.01555	0.79913	0.03047	0.00995	0.01493	0.02301	0.00995	0.01741	0.01182	0.01368	0.00808	0.00933	0.00746	0.00498	0.00373	0.00124	0.00622	0.00311	0.00249	0.00746
30	0.00730	0.00519	0.00688	0.00815	0.00853	0.00490	0.00553	0.00836	0.01112	0.01479	0.03118	0.70450	0.03716	0.06292	0.00874	0.00257	0.00362	0.05857	0.00529	0.00469

[dist]
# distance from previous block
# <min> <max>
0	1

[block]
# block no. 5 follows, 40 sequences, length 95
# corresponding to MSA columns:
# 368-462
name=unknown_F
#
# <colnr> <probs for GDERKNQSTAVLIFYWHMCP>
#	G	D	E	R	K	N	Q	S	T	A	V	L	I	F	Y	W	H	M	C	P
0	0.01989	0.02226	0.01928	0.08622	0.22022	0.44007	0.01387	0.06869	0.01658	0.01821	0.01120	0.01392	0.00931	0.00663	0.00599	0.00184	0.00933	0.00476	0.00354	0.00821
1	0.01486	0.01388	0.02294	0.18889	0.59827	0.01423	0.01781	0.01800	0.01364	0.01923	0.01202	0.01627	0.01006	0.00613	0.00628	0.00199	0.00746	0.00556	0.00324	0.00922
2	0.01261	0.02755	0.65023	0.01616	0.02393	0.01314	0.01967	0.01824	0.01294	0.01931	0.01306	0.06502	0.01067	0.00709	0.00608	0.00203	0.00830	0.00544	0.00315	0.06538
3	0.01554	0.01457	0.02389	0.03395	0.66715	0.01449	0.04472	0.01954	0.06447	0.02043	0.01305	0.01659	0.01093	0.00618	0.00632	0.00198	0.00724	0.00573	0.00351	0.00973
4	0.01449	0.01351	0.02228	0.26860	0.52141	0.01414	0.01763	0.01769	0.01347	0.01878	0.01196	0.01639	0.00990	0.00620	0.00629	0.00202	0.00755	0.00556	0.00321	0.00893
5	0.00827	0.00683	0.00695	0.00687	0.00888	0.00572	0.00506	0.00946	0.01418	0.01730	0.10085	0.05605	0.70162	0.01519	0.00736	0.00217	0.00339	0.01241	0.00583	0.00560
6	0.01563	0.01329	0.01395	0.01261	0.01596	0.01505	0.00969	0.03142	0.73525	0.02530	0.02463	0.02320	0.01873	0.00866	0.00643	0.00219	0.00502	0.00693	0.00628	0.00978
7	0.75307	0.01196	0.00986	0.00873	0.01246	0.01328	0.00703	0.01883	0.01127	0.08959	0.01062	0.01207	0.00819	0.00637	0.00435	0.00202	0.00496	0.00380	0.00431	0.00724
8	0.00687	0.00589	0.00589	0.00589	0.00785	0.00491	0.00442	0.00835	0.01325	0.01571	0.05891	0.05596	0.75700	0.01473	0.00687	0.00196	0.00295	0.01227	0.00540	0.00491
9	0.00887	0.00682	0.00760	0.00722	0.00923	0.00634	0.00547	0.01252	0.10194	0.04542	0.26086	0.06121	0.41929	0.01287	0.00673	0.00193	0.00316	0.01093	0.00582	0.00577
10	0.01446	0.01249	0.01315	0.01183	0.01512	0.01446	0.00920	0.03090	0.74885	0.02433	0.02367	0.02170	0.01775	0.00789	0.00592	0.00197	0.00460	0.00657	0.00592	0.00920
11	0.01492	0.01272	0.01341	0.01193	0.01530	0.01468	0.00931	0.07326	0.70574	0.02506	0.02309	0.02123	0.01728	0.00784	0.00591	0.00196	0.00471	0.00649	0.00591	0.00925
12	0.83671	0.01125	0.00855	0.00765	0.01125	0.01305	0.00630	0.01709	0.00990	0.02609	0.00810	0.00945	0.00630	0.00540	0.00360	0.00180	0.00450	0.00315	0.00360	0.00630
13	0.02211	0.01629	0.01745	0.01338	0.01803	0.01803	0.01105	0.73997	0.02734	0.03665	0.01396	0.01396	0.00989	0.00698	0.00582	0.00175	0.00640	0.00524	0.00582	0.00989
14	0.01520	0.07909	0.01464	0.01159	0.01509	0.01486	0.00923	0.02962	0.64607	0.06404	0.02231	0.02054	0.01669	0.00760	0.00573	0.00190	0.00476	0.00624	0.00570	0.00909
15	0.00885	0.00661	0.00948	0.07576	0.02839	0.00671	0.00880	0.01110	0.01249	0.01637	0.02907	0.30095	0.03245	0.01569	0.00760	0.00249	0.00493	0.41187	0.00508	0.00532
16	0.01224	0.06030	0.01208	0.08901	0.01428	0.00944	0.00786	0.11488	0.01671	0.07319	0.38388	0.03196	0.09033	0.00964	0.00620	0.00175	0.00425	0.00820	0.00549	0.04831
17	0.06846	0.02772	0.66495	0.01721	0.07231	0.01349	0.02020	0.01829	0.01218	0.01898	0.01031	0.01222	0.00741	0.00549	0.00541	0.00183	0.00820	0.00428	0.00256	0.00848
18	0.01107	0.01127	0.05563	0.01299	0.01377	0.01363	0.01097	0.01280	0.00919	0.01391	0.01086	0.01738	0.01056	0.07136	0.24394	0.00474	0.46159	0.00561	0.00277	0.00595
19	0.01740	0.02069	0.01862	0.01660	0.05937	0.43712	0.13495	0.03305	0.01489	0.01569	0.01363	0.01597	0.05993	0.00993	0.07531	0.00237	0.03922	0.00524	0.00319	0.00684
20	0.00859	0.00604	0.00868	0.00868	0.00955	0.00684	0.00653	0.01015	0.00928	0.01347	0.01569	0.02410	0.01498	0.12291	0.59696	0.06487	0.01305	0.00635	0.04845	0.00484
21	0.00832	0.00618	0.00909	0.00909	0.01004	0.00713	0.00695	0.01022	0.00927	0.01331	0.01581	0.02414	0.01510	0.10742	0.70954	0.00903	0.01473	0.00642	0.00315	0.00505
22	0.00823	0.00594	0.00777	0.00732	0.00869	0.00549	0.00549	0.01097	0.01646	0.02332	0.75629	0.04344	0.05487	0.01189	0.00686	0.00183	0.00274	0.01052	0.00640	0.00549
23	0.02145	0.01608	0.01797	0.01527	0.08093	0.01768	0.01163	0.67869	0.02615	0.03515	0.01371	0.01400	0.00983	0.00683	0.00581	0.00174	0.00644	0.00523	0.00557	0.00983
24	0.02514	0.01047	0.01373	0.01063	0.01507	0.00952	0.00875	0.07512	0.06109	0.67162	0.02240	0.01952	0.01430	0.00722	0.00585	0.00181	0.00502	0.00585	0.00703	0.00985
25	0.00831	0.00623	0.00935	0.00935	0.01038	0.00727	0.00727	0.01038	0.00935	0.01350	0.01558	0.02285	0.01454	0.04361	0.77259	0.00935	0.01558	0.00623	0.00312	0.00519
26	0.01168	0.01201	0.05644	0.59729	0.17980	0.01312	0.01675	0.01562	0.01198	0.01585	0.01046	0.01512	0.00802	0.00568	0.00579	0.00189	0.00763	0.00513	0.00264	0.00711
27	0.00753	0.00592	0.00680	0.00658	0.00826	0.00519	0.00494	0.00962	0.01481	0.01939	0.39648	0.04990	0.41713	0.01335	0.00687	0.00190	0.00285	0.01142	0.00588	0.00519
28	0.00833	0.00538	0.00719	0.00824	0.00885	0.00497	0.00560	0.00942	0.01149	0.06389	0.03145	0.74125	0.03688	0.01750	0.00732	0.00232	0.00348	0.01583	0.00552	0.00506
29	0.00832	0.00618	0.00909	0.00909	0.01004	0.00713	0.00695	0.01022	0.00927	0.01331	0.01581	0.02414	0.01510	0.10742	0.70954	0.00903	0.01473	0.00642	0.00315	0.00505
30	0.02211	0.01629	0.01745	0.01338	0.01803	0.01803	0.01105	0.73997	0.02734	0.03665	0.01396	0.01396	0.00989	0.00698	0.00582	0.00175	0.00640	0.00524	0.00582	0.00989
31	0.01597	0.41742	0.07260	0.01367	0.07890	0.16029	0.01140	0.01815	0.01281	0.03899	0.01076	0.06438	0.00997	0.00646	0.00540	0.00153	0.04635	0.00459	0.00297	0.00739
32	0.01555	0.79913	0.03047	0.00995	0.01493	0.02301	0.00995	0.01741	0.01182	0.01368	0.00808	0.00933	0.00746	0.00498	0.00373	0.00124	0.00622	0.00311	0.00249	0.00746
33	0.74880	0.01110	0.00908	0.00794	0.01164	0.01256	0.00654	0.01831	0.01063	0.10605	0.00971	0.01057	0.00718	0.00559	0.00384	0.00180	0.00455	0.00344	0.00399	0.00669
34	0.01227	0.01302	0.02638	0.02213	0.12719	0.01228	0.46775	0.01610	0.01320	0.01786	0.01811	0.14702	0.06282	0.00780	0.00680	0.00199	0.00788	0.00859	0.00350	0.00732
35	0.01330	0.01468	0.08667	0.20043	0.43246	0.01371	0.11924	0.01733	0.01286	0.01796	0.01088	0.01465	0.00867	0.00531	0.00591	0.00182	0.00765	0.00534	0.00279	0.00835
36	0.01010	0.00505	0.00758	0.00758	0.00758	0.00505	0.00505	0.00758	0.00758	0.01010	0.01010	0.01768	0.01010	0.02020	0.02273	0.83081	0.00505	0.00505	0.00253	0.00253
37	0.01419	0.01206	0.01380	0.01315	0.05236	0.01391	0.00986	0.09016	0.48917	0.02323	0.02179	0.07534	0.01811	0.00906	0.00725	0.00206	0.07106	0.04958	0.00540	0.00849
38	0.05661	0.00728	0.00889	0.00803	0.00997	0.00708	0.00608	0.01504	0.07834	0.11754	0.49549	0.03621	0.04095	0.07708	0.00840	0.00216	0.00353	0.00900	0.00606	0.00625
39	0.00898	0.00723	0.01065	0.01025	0.01113	0.00889	0.00811	0.01094	0.00928	0.01358	0.01436	0.02129	0.01348	0.03848	0.65695	0.00830	0.13366	0.00606	0.00303	0.00537
40	0.01151	0.01101	0.01900	0.65783	0.12207	0.01311	0.05283	0.01539	0.01192	0.01552	0.01048	0.01539	0.00797	0.00570	0.00586	0.00191	0.00776	0.00526	0.00264	0.00685
41	0.01136	0.02844	0.71579	0.01602	0.02407	0.01293	0.02043	0.01774	0.01220	0.01818	0.01185	0.06335	0.00940	0.00636	0.00565	0.00188	0.00825	0.00510	0.00265	0.00834
42	0.09790	0.01015	0.01124	0.00876	0.01282	0.00905	0.00688	0.05533	0.07544	0.02110	0.09422	0.01787	0.01514	0.05755	0.00639	0.00152	0.00438	0.00489	0.00413	0.48525
43	0.53556	0.06883	0.01256	0.00981	0.01353	0.14735	0.00801	0.10874	0.01337	0.02448	0.00899	0.01019	0.00704	0.00567	0.00417	0.00170	0.00590	0.00351	0.00369	0.00691
44	0.01413	0.01113	0.06083	0.01005	0.01321	0.01026	0.00850	0.22801	0.04684	0.08540	0.36785	0.03065	0.06934	0.00965	0.00635	0.00182	0.00446	0.00812	0.00597	0.00745
45	0.01421	0.22340	0.37831	0.01353	0.01988	0.01602	0.01529	0.10553	0.06483	0.03477	0.05240	0.01423	0.01116	0.00610	0.00521	0.00168	0.00705	0.00463	0.00342	0.00836
46	0.01353	0.01507	0.03197	0.05345	0.08899	0.01444	0.62472	0.01813	0.01346	0.01835	0.01195	0.03024	0.00935	0.00531	0.00698	0.00196	0.02449	0.00681	0.00296	0.00781
47	0.01564	0.72968	0.04371	0.01032	0.01519	0.06038	0.01019	0.01759	0.01201	0.01380	0.00832	0.00971	0.00760	0.00579	0.01882	0.00143	0.00666	0.00323	0.00252	0.00740
48	0.01439	0.01382	0.02360	0.03569	0.75936	0.01382	0.01785	0.01785	0.01324	0.01900	0.01094	0.01439	0.00921	0.00518	0.00576	0.00173	0.00691	0.00518	0.00288	0.00921
49	0.00718	0.00590	0.00632	0.00622	0.00805	0.00504	0.00466	0.00895	0.01399	0.01745	0.21868	0.05309	0.59614	0.01408	0.00687	0.00193	0.00290	0.01187	0.00563	0.00504
50	0.00846	0.00564	0.00634	0.00634	0.00634	0.00564	0.00352	0.00846	0.00846	0.01128	0.01832	0.03805	0.02114	0.79563	0.02960	0.00564	0.00564	0.00846	0.00352	0.00352
51	0.01373	0.01569	0.03431	0.02451	0.03039	0.01471	0.73824	0.01863	0.01373	0.01863	0.01176	0.01569	0.00882	0.00490	0.00686	0.00196	0.00980	0.00686	0.00294	0.00784
52	0.83671	0.01125	0.00855	0.00765	0.01125	0.01305	0.00630	0.01709	0.00990	0.02609	0.00810	0.00945	0.00630	0.00540	0.00360	0.00180	0.00450	0.00315	0.00360	0.00630
53	0.02172	0.02772	0.01648	0.01498	0.01798	0.77228	0.01124	0.02322	0.01648	0.01423	0.00899	0.01049	0.00749	0.00599	0.00524	0.00150	0.01049	0.00375	0.00300	0.00674
54	0.01320	0.01236	0.01678	0.03696	0.35121	0.05366	0.01278	0.01917	0.18083	0.01926	0.02211	0.02722	0.10762	0.00836	0.00618	0.00192	0.00591	0.09226	0.00418	0.00802
55	0.04758	0.53768	0.04824	0.01143	0.01578	0.18594	0.01058	0.01853	0.01263	0.01443	0.00833	0.00985	0.00743	0.00549	0.00489	0.00140	0.04651	0.00339	0.00264	0.00724
56	0.01002	0.00827	0.01024	0.00994	0.01130	0.06033	0.00771	0.05478	0.01096	0.01497	0.01553	0.04479	0.01450	0.03807	0.65091	0.00814	0.01431	0.00631	0.00334	0.00556
57	0.05758	0.01223	0.01634	0.01416	0.01527	0.06390	0.07249	0.01420	0.01040	0.01533	0.01248	0.08408	0.01268	0.01324	0.08095	0.00298	0.43712	0.05520	0.00315	0.00620
58	0.01378	0.12570	0.07533	0.02147	0.05440	0.01608	0.49043	0.01793	0.01285	0.01746	0.01071	0.01424	0.00844	0.00551	0.00757	0.00191	0.08972	0.00594	0.00281	0.00773
59	0.01389	0.42277	0.32592	0.01480	0.08221	0.01840	0.01527	0.01785	0.01212	0.01604	0.00927	0.01095	0.00757	0.00521	0.00463	0.00153	0.00723	0.00376	0.00251	0.00807
60	0.00823	0.00594	0.00777	0.00732	0.00869	0.00549	0.00549	0.01097	0.01646	0.02332	0.75629	0.04344	0.05487	0.01189	0.00686	0.00183	0.00274	0.01052	0.00640	0.00549
61	0.01098	0.01034	0.01744	0.78165	0.04005	0.01292	0.01615	0.01486	0.01163	0.01486	0.01034	0.01550	0.00775	0.00581	0.00581	0.00194	0.00775	0.00517	0.00258	0.00646
62	0.02172	0.02772	0.01648	0.01498	0.01798	0.77228	0.01124	0.02322	0.01648	0.01423	0.00899	0.01049	0.00749	0.00599	0.00524	0.00150	0.01049	0.00375	0.00300	0.00674
63	0.02172	0.02772	0.01648	0.01498	0.01798	0.77228	0.01124	0.02322	0.01648	0.01423	0.00899	0.01049	0.00749	0.00599	0.00524	0.00150	0.01049	0.00375	0.00300	0.00674
64	0.00846	0.00564	0.00634	0.00634	0.00634	0.00564	0.00352	0.00846	0.00846	0.01128	0.01832	0.03805	0.02114	0.79563	0.02960	0.00564	0.00564	0.00846	0.00352	0.00352
65	0.00697	0.00550	0.00630	0.00693	0.00813	0.00482	0.00488	0.00823	0.01225	0.01530	0.04623	0.40328	0.41787	0.01638	0.00713	0.00215	0.00315	0.01428	0.00540	0.00482
66	0.01206	0.01034	0.01206	0.00861	0.01378	0.00775	0.00689	0.01464	0.01206	0.01895	0.01034	0.01206	0.00861	0.00431	0.00431	0.00086	0.00431	0.00345	0.00345	0.83118
67	0.01206	0.01034	0.01206	0.00861	0.01378	0.00775	0.00689	0.01464	0.01206	0.01895	0.01034	0.01206	0.00861	0.00431	0.00431	0.00086	0.00431	0.00345	0.00345	0.83118
68	0.00687	0.00589	0.00589	0.00589	0.00785	0.00491	0.00442	0.00835	0.01325	0.01571	0.05891	0.05596	0.75700	0.01473	0.00687	0.00196	0.00295	0.01227	0.00540	0.00491
69	0.00866	0.01208	0.18840	0.00900	0.01255	0.00762	0.00894	0.01246	0.05741	0.01791	0.14029	0.04175	0.43767	0.01173	0.00649	0.00192	0.00437	0.00978	0.00486	0.00613
70	0.02609	0.00990	0.01350	0.01035	0.01484	0.00855	0.00855	0.02834	0.01664	0.76338	0.02294	0.01979	0.01439	0.00720	0.00585	0.00180	0.00495	0.00585	0.00720	0.00990
71	0.01098	0.01034	0.01744	0.78165	0.04005	0.01292	0.01615	0.01486	0.01163	0.01486	0.01034	0.01550	0.00775	0.00581	0.00581	0.00194	0.00775	0.00517	0.00258	0.00646
72	0.00839	0.00569	0.00674	0.00679	0.00694	0.00581	0.00408	0.00869	0.00867	0.01170	0.01849	0.06451	0.02095	0.66980	0.12414	0.00599	0.00683	0.00848	0.00354	0.00378
73	0.00740	0.00587	0.00665	0.00654	0.00820	0.00512	0.00487	0.00933	0.01437	0.01856	0.32260	0.08839	0.45383	0.01382	0.00690	0.00193	0.00289	0.01182	0.00578	0.00512
74	0.01121	0.01056	0.01785	0.73278	0.08718	0.01298	0.01626	0.01505	0.01173	0.01513	0.01038	0.01543	0.00785	0.00577	0.00581	0.00192	0.00770	0.00517	0.00260	0.00664
75	0.00754	0.00592	0.00682	0.00659	0.00826	0.00519	0.00494	0.00964	0.01483	0.01946	0.40221	0.04980	0.41136	0.01333	0.00687	0.00190	0.00285	0.01141	0.00589	0.00519
76	0.02058	0.02561	0.01601	0.01452	0.01723	0.68411	0.01097	0.02213	0.01577	0.01459	0.00940	0.01120	0.00787	0.00631	0.00609	0.00156	0.06084	0.00392	0.04465	0.00665
77	0.01206	0.01034	0.01206	0.00861	0.01378	0.00775	0.00689	0.01464	0.01206	0.01895	0.01034	0.01206	0.00861	0.00431	0.00431	0.00086	0.00431	0.00345	0.00345	0.83118
78	0.01203	0.01033	0.01229	0.01112	0.01378	0.01130	0.05143	0.02279	0.45896	0.02155	0.08482	0.16724	0.07660	0.01041	0.00639	0.00203	0.00442	0.00914	0.00565	0.00770
79	0.01343	0.01432	0.02935	0.02269	0.07665	0.01363	0.56118	0.05696	0.01413	0.01919	0.01427	0.10880	0.01247	0.00664	0.00680	0.00198	0.00865	0.00782	0.00339	0.00767
80	0.01010	0.00505	0.00758	0.00758	0.00758	0.00505	0.00505	0.00758	0.00758	0.01010	0.01010	0.01768	0.01010	0.02020	0.02273	0.83081	0.00505	0.00505	0.00253	0.00253
81	0.01312	0.01417	0.02398	0.03162	0.02221	0.07834	0.35632	0.01633	0.01197	0.01614	0.01121	0.01584	0.00945	0.01337	0.15002	0.00341	0.19670	0.00603	0.00288	0.00688
82	0.01367	0.01532	0.03228	0.02431	0.06913	0.01493	0.63509	0.01818	0.01328	0.01824	0.01136	0.01536	0.00874	0.00538	0.00787	0.00200	0.07755	0.00661	0.00290	0.00779
83	0.01339	0.01279	0.02179	0.25524	0.54765	0.01355	0.01735	0.01697	0.01277	0.01778	0.01076	0.01472	0.00878	0.00537	0.00577	0.00179	0.00716	0.00518	0.00279	0.00840
84	0.00687	0.00589	0.00589	0.00589	0.00785	0.00491	0.00442	0.00835	0.01325	0.01571	0.05891	0.05596	0.75700	0.01473	0.00687	0.00196	0.00295	0.01227	0.00540	0.00491
85	0.02579	0.01112	0.01370	0.01066	0.01506	0.06096	0.00873	0.02799	0.01663	0.71197	0.02198	0.01915	0.01392	0.00711	0.00581	0.00178	0.00533	0.00570	0.00691	0.00968
86	0.00865	0.00618	0.00855	0.00989	0.01091	0.00608	0.00812	0.01081	0.01268	0.01660	0.03119	0.29349	0.03503	0.01674	0.00784	0.00258	0.00473	0.49940	0.00537	0.00516
87	0.01439	0.01382	0.02360	0.03569	0.75936	0.01382	0.01785	0.01785	0.01324	0.01900	0.01094	0.01439	0.00921	0.00518	0.00576	0.00173	0.00691	0.00518	0.00288	0.00921
88	0.00832	0.00599	0.00804	0.00866	0.00978	0.00571	0.00680	0.01060	0.01403	0.01904	0.31290	0.23387	0.05709	0.01494	0.00741	0.00226	0.00381	0.25973	0.00577	0.00524
89	0.01166	0.03008	0.76550	0.01657	0.02517	0.01351	0.02149	0.01842	0.01228	0.01842	0.01044	0.01228	0.00737	0.00552	0.00552	0.00184	0.00859	0.00430	0.00246	0.00859
90	0.00717	0.00510	0.00672	0.00799	0.00831	0.00478	0.00529	0.00812	0.01097	0.01463	0.03123	0.74680	0.03743	0.06466	0.00875	0.00256	0.00351	0.01605	0.00529	0.00465
91	0.00720	0.00511	0.00671	0.00795	0.00826	0.00480	0.00524	0.00813	0.01091	0.01454	0.03089	0.72788	0.03699	0.08418	0.00930	0.00264	0.00357	0.01585	0.00524	0.00462
92	0.83671	0.01125	0.00855	0.00765	0.01125	0.01305	0.00630	0.01709	0.00990	0.02609	0.00810	0.00945	0.00630	0.00540	0.00360	0.00180	0.00450	0.00315	0.00360	0.00630
93	0.01084	0.00542	0.00542	0.00542	0.00678	0.00542	0.00407	0.01355	0.01220	0.02168	0.01897	0.02168	0.01491	0.00678	0.00407	0.00136	0.00271	0.00542	0.82791	0.00542
94	0.01374	0.01483	0.03082	0.02235	0.02768	0.01409	0.62615	0.06723	0.01444	0.01954	0.01364	0.08142	0.01141	0.00617	0.00684	0.00198	0.00902	0.00757	0.00335	0.00772

[dist]
# distance from previous block
# <min> <max>
16	53

[block]
# block no. 6 follows, 40 sequences, length 42
# corresponding to MSA columns:
# 523-564
name=unknown_G
#
# <colnr> <probs for GDERKNQSTAVLIFYWHMCP>
#	G	D	E	R	K	N	Q	S	T	A	V	L	I	F	Y	W	H	M	C	P
0	0.01093	0.00852	0.00996	0.03365	0.01101	0.00953	0.00665	0.07638	0.12782	0.01647	0.02074	0.08725	0.06112	0.39129	0.01896	0.00382	0.08792	0.00824	0.00421	0.00554
1	0.08466	0.01097	0.01223	0.00901	0.01395	0.00924	0.00725	0.07533	0.03278	0.02118	0.01080	0.01225	0.00876	0.00472	0.00441	0.00105	0.00450	0.00365	0.00372	0.66955
2	0.01619	0.00881	0.01120	0.00920	0.01270	0.00758	0.00721	0.01907	0.05155	0.30296	0.10340	0.16294	0.02197	0.00901	0.00584	0.00166	0.00422	0.00773	0.00569	0.23106
3	0.01390	0.01428	0.06044	0.08611	0.02555	0.01409	0.39884	0.01765	0.01263	0.08000	0.01272	0.05442	0.01039	0.00693	0.00909	0.00208	0.16346	0.00664	0.00329	0.00748
4	0.01269	0.01123	0.01416	0.01224	0.01513	0.01241	0.07016	0.02262	0.41081	0.02057	0.02070	0.12577	0.01790	0.01064	0.04457	0.00232	0.07324	0.00751	0.00492	0.09040
5	0.04798	0.22081	0.34337	0.01353	0.01979	0.07183	0.01490	0.10290	0.01450	0.08325	0.01112	0.01213	0.00825	0.00573	0.00504	0.00165	0.00740	0.00415	0.00334	0.00834
6	0.03969	0.01588	0.09638	0.08902	0.18346	0.01436	0.40024	0.01785	0.01296	0.01838	0.01103	0.01474	0.00854	0.00537	0.00691	0.00192	0.04654	0.00592	0.00285	0.00796
7	0.01487	0.01200	0.01282	0.01144	0.01475	0.01360	0.00893	0.02963	0.66387	0.07348	0.02534	0.02324	0.05357	0.00818	0.00596	0.00196	0.00454	0.00680	0.00598	0.00904
8	0.01435	0.01322	0.04447	0.01203	0.01554	0.01442	0.00972	0.03038	0.71818	0.02408	0.02312	0.02130	0.01732	0.00779	0.00590	0.00197	0.00477	0.00648	0.00577	0.00918
9	0.01817	0.00998	0.01311	0.01084	0.01336	0.01058	0.00864	0.03987	0.04287	0.35247	0.01804	0.02235	0.01436	0.15321	0.01329	0.00267	0.18617	0.02512	0.00516	0.03975
10	0.01519	0.01256	0.01346	0.01158	0.01525	0.01391	0.00910	0.09988	0.57468	0.04052	0.02112	0.01975	0.01582	0.00736	0.00572	0.00182	0.00475	0.00606	0.00564	0.10583
11	0.01206	0.01034	0.01206	0.00861	0.01378	0.00775	0.00689	0.01464	0.01206	0.01895	0.01034	0.01206	0.00861	0.00431	0.00431	0.00086	0.00431	0.00345	0.00345	0.83118
12	0.01517	0.48875	0.17887	0.01261	0.03985	0.11244	0.01254	0.01808	0.01272	0.01529	0.03992	0.01165	0.00947	0.00551	0.00448	0.00144	0.00711	0.00380	0.00272	0.00758
13	0.00692	0.00589	0.00595	0.00594	0.00788	0.00493	0.00445	0.00843	0.01336	0.01596	0.08227	0.05554	0.73347	0.01463	0.00687	0.00196	0.00294	0.01221	0.00543	0.00493
14	0.01289	0.01229	0.02090	0.36335	0.44341	0.01342	0.01710	0.01653	0.01253	0.01718	0.01067	0.01488	0.00857	0.00546	0.00578	0.00182	0.00728	0.00518	0.00275	0.00800
15	0.02172	0.02772	0.01648	0.01498	0.01798	0.77228	0.01124	0.02322	0.01648	0.01423	0.00899	0.01049	0.00749	0.00599	0.00524	0.00150	0.01049	0.00375	0.00300	0.00674
16	0.01511	0.01281	0.01351	0.01196	0.01537	0.01477	0.00936	0.09072	0.68799	0.02537	0.02285	0.02104	0.01709	0.00781	0.00591	0.00195	0.00475	0.00646	0.00591	0.00926
17	0.01446	0.01249	0.01315	0.01183	0.01512	0.01446	0.00920	0.03090	0.74885	0.02433	0.02367	0.02170	0.01775	0.00789	0.00592	0.00197	0.00460	0.00657	0.00592	0.00920
18	0.00849	0.00615	0.00814	0.00818	0.00957	0.00579	0.00650	0.01117	0.01551	0.02144	0.53455	0.04990	0.07429	0.01312	0.00718	0.00206	0.00346	0.20298	0.00608	0.00543
19	0.01381	0.01191	0.01285	0.01096	0.01476	0.01264	0.00858	0.02649	0.54910	0.02287	0.02005	0.01908	0.01527	0.00692	0.00548	0.00167	0.00452	0.00573	0.00525	0.23204
20	0.01206	0.01034	0.01206	0.00861	0.01378	0.00775	0.00689	0.01464	0.01206	0.01895	0.01034	0.01206	0.00861	0.00431	0.00431	0.00086	0.00431	0.00345	0.00345	0.83118
21	0.01827	0.04349	0.01725	0.01428	0.01683	0.28690	0.01143	0.18081	0.08016	0.02002	0.01094	0.01288	0.00896	0.00761	0.00956	0.00190	0.24272	0.00471	0.00373	0.00757
22	0.03700	0.00767	0.00882	0.00814	0.01009	0.00774	0.00620	0.07473	0.10379	0.02310	0.40313	0.08833	0.12144	0.01120	0.00641	0.00186	0.00340	0.00963	0.06112	0.00621
23	0.12913	0.01278	0.01350	0.01172	0.01499	0.01487	0.00933	0.12373	0.46660	0.04550	0.01883	0.01815	0.01416	0.00760	0.00669	0.00196	0.07067	0.00578	0.00533	0.00868
24	0.01449	0.08006	0.02418	0.03352	0.69656	0.01459	0.01718	0.01781	0.01312	0.01855	0.01070	0.01397	0.00906	0.00516	0.00559	0.00169	0.00685	0.00501	0.00285	0.00906
25	0.01522	0.73425	0.09248	0.01051	0.01579	0.02221	0.01092	0.01750	0.01185	0.01408	0.00828	0.00958	0.00745	0.00502	0.00388	0.00129	0.00642	0.00321	0.00248	0.00756
26	0.00810	0.00587	0.00764	0.00735	0.00865	0.00541	0.00546	0.01067	0.01593	0.02242	0.67819	0.10879	0.06867	0.01250	0.00691	0.00188	0.00280	0.01108	0.00629	0.00541
27	0.02322	0.00977	0.01297	0.01005	0.01435	0.00850	0.00822	0.02608	0.04476	0.62022	0.07106	0.02078	0.01674	0.00729	0.00578	0.00173	0.00473	0.00598	0.00677	0.08099
28	0.00709	0.00506	0.00675	0.00810	0.00843	0.00472	0.00540	0.00810	0.01113	0.01484	0.03205	0.79184	0.03846	0.01822	0.00742	0.00236	0.00337	0.01653	0.00540	0.00472
29	0.02043	0.00869	0.01169	0.00954	0.01307	0.00763	0.00778	0.02277	0.01622	0.52754	0.17322	0.02940	0.06005	0.00911	0.00625	0.00187	0.00443	0.05502	0.00683	0.00846
30	0.02508	0.01012	0.01347	0.01048	0.01487	0.00906	0.00860	0.02856	0.08032	0.69912	0.02301	0.01996	0.01469	0.00726	0.00585	0.00181	0.00492	0.00591	0.00709	0.00984
31	0.00811	0.00594	0.00761	0.00719	0.00862	0.00544	0.00539	0.01075	0.01618	0.02266	0.69564	0.04453	0.11593	0.01214	0.00686	0.00184	0.00276	0.01067	0.00631	0.00544
32	0.00709	0.00506	0.00675	0.00810	0.00843	0.00472	0.00540	0.00810	0.01113	0.01484	0.03205	0.79184	0.03846	0.01822	0.00742	0.00236	0.00337	0.01653	0.00540	0.00472
33	0.00820	0.00594	0.00773	0.00728	0.00867	0.00547	0.00546	0.01091	0.01638	0.02313	0.73846	0.04376	0.07281	0.01196	0.00686	0.00183	0.00275	0.01056	0.00638	0.00547
34	0.01206	0.01034	0.01206	0.00861	0.01378	0.00775	0.00689	0.01464	0.01206	0.01895	0.01034	0.01206	0.00861	0.00431	0.00431	0.00086	0.00431	0.00345	0.00345	0.83118
35	0.00823	0.00594	0.00777	0.00732	0.00869	0.00549	0.00549	0.01097	0.01646	0.02332	0.75629	0.04344	0.05487	0.01189	0.00686	0.00183	0.00274	0.01052	0.00640	0.00549
36	0.00836	0.00539	0.00720	0.00825	0.00886	0.00498	0.00561	0.00945	0.01150	0.06505	0.03144	0.74005	0.03685	0.01748	0.00732	0.00232	0.00348	0.01582	0.00552	0.00507
37	0.00823	0.00594	0.00777	0.00732	0.00869	0.00549	0.00549	0.01097	0.01646	0.02332	0.75629	0.04344	0.05487	0.01189	0.00686	0.00183	0.00274	0.01052	0.00640	0.00549
38	0.00920	0.00658	0.00913	0.01020	0.01154	0.00651	0.00878	0.01189	0.01385	0.01830	0.14065	0.06224	0.03671	0.01543	0.00785	0.00255	0.00496	0.61274	0.00551	0.00537
39	0.01170	0.00671	0.00888	0.00790	0.00988	0.00608	0.00608	0.01435	0.01650	0.16711	0.61380	0.03884	0.04701	0.01098	0.00666	0.00182	0.00317	0.00961	0.00656	0.00634
40	0.00718	0.00510	0.00672	0.00798	0.00830	0.00478	0.00527	0.00812	0.01096	0.01461	0.03114	0.74157	0.03731	0.07006	0.00890	0.00258	0.00352	0.01599	0.00527	0.00464
41	0.01466	0.01259	0.01326	0.01187	0.01519	0.01455	0.00925	0.04871	0.73073	0.02464	0.02342	0.02150	0.01755	0.00787	0.00591	0.00197	0.00465	0.00654	0.00591	0.00922

[dist]
# distance from previous block
# <min> <max>
0	1

[block]
# block no. 7 follows, 40 sequences, length 14
# corresponding to MSA columns:
# 566-579
name=unknown_H
#
# <colnr> <probs for GDERKNQSTAVLIFYWHMCP>
#	G	D	E	R	K	N	Q	S	T	A	V	L	I	F	Y	W	H	M	C	P
0	0.00780	0.00588	0.00748	0.00804	0.00918	0.00518	0.00556	0.00907	0.01139	0.01550	0.03046	0.63394	0.07664	0.01597	0.00693	0.00212	0.00349	0.01436	0.00511	0.12589
1	0.00707	0.00590	0.00617	0.00610	0.00798	0.00499	0.00457	0.00873	0.01372	0.01683	0.16115	0.05413	0.65406	0.01431	0.00687	0.00194	0.00292	0.01202	0.00555	0.00499
2	0.00709	0.00506	0.00675	0.00810	0.00843	0.00472	0.00540	0.00810	0.01113	0.01484	0.03205	0.79184	0.03846	0.01822	0.00742	0.00236	0.00337	0.01653	0.00540	0.00472
3	0.00861	0.00707	0.00773	0.00748	0.00944	0.00681	0.00563	0.01313	0.15113	0.01898	0.20833	0.10047	0.40750	0.01306	0.00673	0.00196	0.00324	0.01112	0.00572	0.00583
4	0.00933	0.00625	0.00820	0.00857	0.00974	0.00595	0.00639	0.03909	0.01394	0.05737	0.24235	0.39629	0.04016	0.01504	0.00720	0.00220	0.00368	0.11694	0.00579	0.00551
5	0.01037	0.00642	0.00846	0.00768	0.00943	0.00585	0.00585	0.01306	0.01648	0.11203	0.66838	0.04060	0.05002	0.01133	0.00674	0.00183	0.00301	0.00996	0.00650	0.00602
6	0.01084	0.00542	0.00542	0.00542	0.00678	0.00542	0.00407	0.01355	0.01220	0.02168	0.01897	0.02168	0.01491	0.00678	0.00407	0.00136	0.00271	0.00542	0.82791	0.00542
7	0.04446	0.01053	0.01324	0.01043	0.01449	0.00999	0.00852	0.13041	0.05457	0.51151	0.10917	0.02159	0.01854	0.00771	0.00591	0.00180	0.00487	0.00628	0.00674	0.00924
8	0.01022	0.00511	0.00723	0.00723	0.00745	0.00511	0.00489	0.00854	0.00832	0.01198	0.01154	0.01832	0.01088	0.01803	0.01971	0.69655	0.00467	0.00511	0.13612	0.00299
9	0.01190	0.01160	0.01619	0.01422	0.01427	0.01589	0.01165	0.01313	0.00923	0.01412	0.01121	0.12694	0.01215	0.01136	0.01737	0.00252	0.67040	0.00677	0.00296	0.00612
10	0.01019	0.00534	0.00794	0.04610	0.00915	0.00547	0.00555	0.00829	0.00805	0.01102	0.01064	0.01781	0.01027	0.01869	0.02078	0.74030	0.00505	0.00508	0.05141	0.00289
11	0.01173	0.01110	0.01879	0.61829	0.19758	0.01312	0.01652	0.01551	0.01198	0.01576	0.01047	0.01526	0.00807	0.00568	0.00580	0.00189	0.00757	0.00517	0.00265	0.00706
12	0.02176	0.02671	0.01657	0.01484	0.01798	0.70573	0.01122	0.08647	0.01744	0.01621	0.00943	0.01079	0.00770	0.00608	0.00529	0.00152	0.01013	0.00388	0.00325	0.00702
13	0.01139	0.01075	0.01818	0.69224	0.12628	0.01303	0.01635	0.01522	0.01182	0.01535	0.01041	0.01537	0.00793	0.00574	0.00581	0.00191	0.00765	0.00517	0.00262	0.00679

[dist]
# distance from previous block
# <min> <max>
0	1

[block]
# block no. 8 follows, 40 sequences, length 15
# corresponding to MSA columns:
# 581-595
name=unknown_I
#
# <colnr> <probs for GDERKNQSTAVLIFYWHMCP>
#	G	D	E	R	K	N	Q	S	T	A	V	L	I	F	Y	W	H	M	C	P
0	0.07087	0.01345	0.02222	0.07520	0.66784	0.01371	0.01696	0.01763	0.01292	0.01926	0.01071	0.01411	0.00893	0.00523	0.00561	0.00174	0.00679	0.00504	0.00291	0.00886
1	0.01626	0.01428	0.02106	0.02788	0.50477	0.01490	0.01533	0.19362	0.09127	0.02380	0.01296	0.01503	0.01024	0.00589	0.00579	0.00176	0.00655	0.00534	0.00390	0.00937
2	0.01713	0.01284	0.01400	0.01174	0.01560	0.01404	0.00934	0.17773	0.46054	0.10618	0.02050	0.01911	0.01502	0.00734	0.00576	0.00182	0.00499	0.00597	0.00584	0.07452
3	0.01182	0.02914	0.72262	0.01768	0.06760	0.01352	0.02128	0.01838	0.01233	0.01845	0.01046	0.01240	0.00747	0.00551	0.00554	0.00184	0.00850	0.00435	0.00248	0.00863
4	0.71424	0.01212	0.06065	0.00824	0.01200	0.01248	0.00728	0.01670	0.01058	0.02534	0.06751	0.01233	0.01022	0.00592	0.00399	0.00180	0.00464	0.00381	0.00374	0.00639
5	0.01503	0.01237	0.01317	0.01176	0.01511	0.01418	0.00917	0.03078	0.71325	0.06026	0.02363	0.02160	0.01759	0.00786	0.00591	0.00196	0.00462	0.00654	0.00598	0.00924
6	0.00831	0.00623	0.00935	0.00935	0.01038	0.00727	0.00727	0.01038	0.00935	0.01350	0.01558	0.02285	0.01454	0.04361	0.77259	0.00935	0.01558	0.00623	0.00312	0.00519
7	0.07068	0.74623	0.02900	0.00980	0.01468	0.02234	0.00971	0.01739	0.01169	0.01451	0.00809	0.00934	0.00738	0.00500	0.00372	0.00128	0.00610	0.00311	0.00256	0.00738
8	0.00706	0.00514	0.00666	0.00788	0.00838	0.00474	0.00530	0.00812	0.01134	0.01493	0.03465	0.72064	0.10798	0.01788	0.00737	0.00232	0.00333	0.01612	0.00540	0.00474
