[name]
unknown

[dist]
# distance from previous block
# <min> <max>
0	109

[block]
# block no. 0 follows, 40 sequences, length 7
# corresponding to MSA columns:
# 111-117
name=unknown_A
#
# <colnr> <probs for GDERKNQSTAVLIFYWHMCP>
#	G	D	E	R	K	N	Q	S	T	A	V	L	I	F	Y	W	H	M	C	P
0	0.01138	0.00583	0.00584	0.00582	0.00721	0.00576	0.00432	0.01393	0.01253	0.02213	0.01943	0.02234	0.01536	0.00712	0.00431	0.00146	0.00291	0.00559	0.82101	0.00571
1	0.01599	0.01290	0.01380	0.01193	0.01534	0.01459	0.00938	0.23396	0.47124	0.02701	0.02164	0.09131	0.01741	0.00859	0.00603	0.00194	0.00501	0.00712	0.00584	0.00898
2	0.02576	0.01042	0.01382	0.01059	0.01511	0.00932	0.00875	0.08662	0.01752	0.70386	0.02221	0.01932	0.01403	0.00718	0.00585	0.00179	0.00507	0.00580	0.00708	0.00990
3	0.01179	0.06317	0.60707	0.01632	0.02396	0.01348	0.08664	0.01784	0.01270	0.01857	0.06519	0.01474	0.01099	0.00591	0.00566	0.00182	0.00817	0.00494	0.00279	0.00824
4	0.00801	0.00584	0.00754	0.00733	0.00861	0.00536	0.00541	0.01048	0.01563	0.02186	0.62865	0.13378	0.09411	0.01281	0.00693	0.00190	0.00283	0.01134	0.00622	0.00536
5	0.00906	0.00650	0.00806	0.00855	0.00945	0.00643	0.00594	0.09593	0.01321	0.01773	0.07443	0.59631	0.03480	0.07353	0.00882	0.00249	0.00386	0.01421	0.00537	0.00530
6	0.00836	0.00604	0.00836	0.00836	0.00905	0.00673	0.00604	0.00975	0.00905	0.01277	0.01648	0.02786	0.01671	0.29133	0.52784	0.00812	0.01230	0.00696	0.00325	0.00464

[dist]
# distance from previous block
# <min> <max>
0	3

[block]
# block no. 1 follows, 40 sequences, length 13
# corresponding to MSA columns:
# 121-133
name=unknown_B
#
# <colnr> <probs for GDERKNQSTAVLIFYWHMCP>
#	G	D	E	R	K	N	Q	S	T	A	V	L	I	F	Y	W	H	M	C	P
0	0.08546	0.01223	0.01593	0.02942	0.07707	0.01305	0.07100	0.19530	0.06081	0.02299	0.01502	0.13203	0.01377	0.00822	0.00725	0.00184	0.09475	0.00670	0.00429	0.13289
1	0.26518	0.01132	0.01192	0.01119	0.04378	0.01251	0.00866	0.13751	0.18241	0.05568	0.07809	0.02431	0.01777	0.00833	0.00556	0.00195	0.00493	0.10620	0.00508	0.00761
2	0.40276	0.10299	0.05070	0.01148	0.07473	0.04909	0.00903	0.01904	0.01203	0.13406	0.01092	0.01182	0.00820	0.00554	0.00436	0.00164	0.00543	0.00383	0.00386	0.07850
3	0.08191	0.01446	0.06006	0.01988	0.08869	0.01339	0.36867	0.01839	0.01293	0.08312	0.01176	0.01457	0.00893	0.00560	0.00715	0.00183	0.07757	0.00565	0.00336	0.10209
4	0.14058	0.12156	0.09917	0.06985	0.10187	0.07836	0.13681	0.01743	0.01191	0.01769	0.00942	0.01241	0.00775	0.00617	0.00763	0.00186	0.14471	0.00465	0.00283	0.00734
5	0.08569	0.01176	0.01402	0.01186	0.01518	0.01282	0.06820	0.14080	0.32726	0.05516	0.10426	0.08965	0.02069	0.00863	0.00602	0.00193	0.00501	0.00739	0.00552	0.00816
6	0.02161	0.01037	0.01323	0.01006	0.01458	0.00905	0.00823	0.08749	0.01653	0.49028	0.05576	0.01867	0.01468	0.00675	0.00554	0.00158	0.00482	0.00547	0.00617	0.19913
7	0.01366	0.01029	0.01222	0.00881	0.01390	0.00784	0.00708	0.01621	0.01258	0.10409	0.01178	0.01294	0.00927	0.00464	0.00448	0.00097	0.00438	0.00372	0.00387	0.73725
8	0.01323	0.16408	0.46985	0.01663	0.02391	0.01563	0.14437	0.05353	0.01318	0.01850	0.01042	0.01243	0.00776	0.00539	0.00545	0.00175	0.00827	0.00458	0.00271	0.00832
9	0.00823	0.00594	0.00777	0.00732	0.00869	0.00549	0.00549	0.01097	0.01646	0.02332	0.75629	0.04344	0.05487	0.01189	0.00686	0.00183	0.00274	0.01052	0.00640	0.00549
10	0.01657	0.06638	0.02166	0.01918	0.13110	0.23157	0.15641	0.05141	0.12281	0.01820	0.01200	0.01409	0.00964	0.00639	0.00726	0.00181	0.09709	0.00518	0.00343	0.00783
11	0.01019	0.00665	0.00798	0.00765	0.00870	0.00670	0.00521	0.01244	0.07430	0.07588	0.08800	0.08221	0.07406	0.40538	0.10563	0.00464	0.00605	0.00877	0.00449	0.00507
12	0.01619	0.01487	0.06715	0.01335	0.01751	0.01533	0.05607	0.21149	0.46702	0.02673	0.01952	0.01869	0.01446	0.00731	0.00592	0.00190	0.00566	0.00609	0.00547	0.00925

[dist]
# distance from previous block
# <min> <max>
5	7

[block]
# block no. 2 follows, 40 sequences, length 16
# corresponding to MSA columns:
# 141-156
name=unknown_C
#
# <colnr> <probs for GDERKNQSTAVLIFYWHMCP>
#	G	D	E	R	K	N	Q	S	T	A	V	L	I	F	Y	W	H	M	C	P
0	0.08293	0.01170	0.06436	0.08382	0.34090	0.01072	0.01262	0.01444	0.01258	0.01809	0.02412	0.08861	0.19437	0.00870	0.00597	0.00187	0.00561	0.00763	0.00372	0.00727
1	0.02007	0.14172	0.01871	0.01421	0.01730	0.58006	0.01116	0.03862	0.01542	0.01466	0.00886	0.01058	0.00756	0.00621	0.00617	0.00155	0.07350	0.00380	0.00295	0.00689
2	0.01346	0.01048	0.01183	0.00976	0.01363	0.00998	0.00764	0.02110	0.29176	0.08227	0.02109	0.07006	0.06447	0.00751	0.00542	0.00153	0.00432	0.00627	0.00495	0.34246
3	0.01431	0.40904	0.06233	0.01648	0.12896	0.01798	0.12031	0.01810	0.05915	0.01644	0.01213	0.01685	0.01083	0.00617	0.00510	0.00162	0.00679	0.06656	0.00308	0.00776
4	0.01535	0.09042	0.43291	0.01521	0.05911	0.01356	0.01643	0.07952	0.01422	0.13920	0.01255	0.01346	0.00889	0.00577	0.00538	0.00171	0.00726	0.00451	0.00358	0.06094
5	0.01394	0.03956	0.46078	0.01899	0.08866	0.01343	0.16080	0.01946	0.01311	0.09862	0.01204	0.01388	0.00857	0.00554	0.00581	0.00184	0.00824	0.00502	0.00310	0.00862
6	0.06793	0.53245	0.23489	0.01166	0.01755	0.01970	0.01294	0.01767	0.01182	0.01582	0.00874	0.01016	0.00736	0.00516	0.00422	0.00145	0.00677	0.00344	0.00255	0.00770
7	0.01725	0.02696	0.28843	0.01727	0.08492	0.41111	0.01547	0.02122	0.03432	0.01643	0.01008	0.01178	0.00787	0.00580	0.00541	0.00166	0.00933	0.00415	0.00287	0.00769
8	0.01809	0.01475	0.14202	0.01432	0.07379	0.01216	0.03453	0.02650	0.28518	0.28528	0.01983	0.01868	0.01387	0.00694	0.00584	0.00187	0.00574	0.00583	0.00546	0.00930
9	0.00816	0.00551	0.00643	0.00672	0.00680	0.00544	0.00393	0.00838	0.00904	0.01205	0.02130	0.20141	0.02490	0.62715	0.02479	0.00493	0.00515	0.01021	0.00393	0.00378
10	0.00831	0.00623	0.00935	0.00935	0.01038	0.00727	0.00727	0.01038	0.00935	0.01350	0.01558	0.02285	0.01454	0.04361	0.77259	0.00935	0.01558	0.00623	0.00312	0.00519
11	0.01484	0.01821	0.06986	0.01965	0.02405	0.19093	0.40181	0.01841	0.01365	0.01687	0.01234	0.07789	0.01076	0.00675	0.00753	0.00193	0.07756	0.00662	0.00309	0.00724
12	0.01281	0.01243	0.02196	0.40548	0.27006	0.01362	0.12483	0.03711	0.01291	0.01738	0.01085	0.01513	0.00844	0.00551	0.00595	0.00187	0.00775	0.00543	0.00282	0.00765
13	0.00795	0.00616	0.00827	0.00876	0.00963	0.00648	0.00656	0.00949	0.01103	0.01477	0.03021	0.34348	0.14895	0.02405	0.22243	0.00429	0.05778	0.07011	0.00457	0.00504
14	0.01474	0.01425	0.02175	0.11965	0.52326	0.06451	0.03920	0.06337	0.01418	0.01923	0.01179	0.01643	0.00997	0.00587	0.00586	0.00179	0.00724	0.03520	0.00314	0.00856
15	0.01934	0.01614	0.01559	0.01291	0.01683	0.11462	0.01030	0.35783	0.29487	0.05375	0.01724	0.01659	0.01266	0.00720	0.00578	0.00180	0.00621	0.00556	0.00553	0.00922

[dist]
# distance from previous block
# <min> <max>
0	1

[block]
# block no. 3 follows, 40 sequences, length 11
# corresponding to MSA columns:
# 158-168
name=unknown_D
#
# <colnr> <probs for GDERKNQSTAVLIFYWHMCP>
#	G	D	E	R	K	N	Q	S	T	A	V	L	I	F	Y	W	H	M	C	P
0	0.01413	0.01218	0.01246	0.05586	0.01527	0.11740	0.00948	0.19641	0.04852	0.02188	0.07099	0.16619	0.02406	0.01153	0.00668	0.00209	0.00592	0.19707	0.00508	0.00681
1	0.01459	0.07844	0.05023	0.02838	0.44839	0.01496	0.17010	0.04959	0.05256	0.01951	0.01167	0.01455	0.00940	0.00534	0.00583	0.00176	0.00738	0.00542	0.00313	0.00879
2	0.01452	0.07424	0.31962	0.03574	0.06632	0.08010	0.05363	0.07993	0.17913	0.02050	0.01350	0.01456	0.01012	0.00613	0.00558	0.00180	0.00746	0.00497	0.00361	0.00854
3	0.01082	0.00970	0.03856	0.00885	0.01267	0.00758	0.00714	0.01425	0.06203	0.01921	0.11976	0.14952	0.02075	0.00802	0.00535	0.00136	0.00411	0.00690	0.00432	0.48909
4	0.00790	0.00607	0.00850	0.11682	0.01316	0.00611	0.00718	0.00963	0.01197	0.01581	0.08940	0.51183	0.08334	0.01555	0.00716	0.00226	0.00408	0.07307	0.00508	0.00509
5	0.01447	0.03729	0.35477	0.01425	0.02015	0.01415	0.03034	0.20035	0.11991	0.02397	0.06020	0.01876	0.01379	0.00715	0.00586	0.00187	0.00693	0.04298	0.00419	0.00860
6	0.12895	0.01291	0.11854	0.01087	0.01583	0.00983	0.01007	0.02549	0.01516	0.56329	0.01926	0.01740	0.01236	0.00673	0.00551	0.00181	0.00540	0.00528	0.00607	0.00925
7	0.01272	0.01728	0.17046	0.02116	0.04533	0.01391	0.46028	0.01731	0.01281	0.01789	0.01278	0.07765	0.01085	0.00656	0.00767	0.00201	0.07569	0.00696	0.00301	0.00764
8	0.01753	0.17912	0.01916	0.12212	0.05155	0.41731	0.01162	0.01956	0.01412	0.01435	0.00963	0.01216	0.00819	0.00888	0.06928	0.00218	0.00951	0.00409	0.00284	0.00682
9	0.00694	0.00563	0.00616	0.00658	0.00803	0.00485	0.00472	0.00827	0.01260	0.01544	0.05058	0.28432	0.53402	0.01581	0.00704	0.00209	0.00308	0.01359	0.00540	0.00485
10	0.01206	0.01034	0.01206	0.00861	0.01378	0.00775	0.00689	0.01464	0.01206	0.01895	0.01034	0.01206	0.00861	0.00431	0.00431	0.00086	0.00431	0.00345	0.00345	0.83118

[dist]
# distance from previous block
# <min> <max>
0	1

[block]
# block no. 4 follows, 40 sequences, length 51
# corresponding to MSA columns:
# 170-220
name=unknown_E
#
# <colnr> <probs for GDERKNQSTAVLIFYWHMCP>
#	G	D	E	R	K	N	Q	S	T	A	V	L	I	F	Y	W	H	M	C	P
0	0.01601	0.74702	0.07230	0.01081	0.01600	0.02272	0.01088	0.01793	0.01229	0.01465	0.00897	0.01053	0.00816	0.00550	0.00416	0.00142	0.00659	0.00343	0.00274	0.00789
1	0.04100	0.01804	0.01690	0.01507	0.07481	0.19331	0.01120	0.45628	0.02237	0.02857	0.01349	0.05711	0.01085	0.00724	0.00573	0.00173	0.00719	0.00549	0.00487	0.00874
2	0.00903	0.00687	0.00887	0.00858	0.00884	0.00786	0.00596	0.00976	0.00897	0.01253	0.01721	0.09229	0.01903	0.44379	0.18927	0.00571	0.12942	0.00811	0.00345	0.00446
3	0.78951	0.01136	0.00911	0.00811	0.01151	0.01334	0.00668	0.01695	0.00987	0.02545	0.00812	0.00970	0.00642	0.00570	0.00450	0.00185	0.04864	0.00328	0.00356	0.00633
4	0.01918	0.02352	0.01622	0.01468	0.01694	0.58067	0.01122	0.02059	0.01472	0.01427	0.01008	0.05517	0.00932	0.00754	0.00810	0.00176	0.16165	0.00475	0.00306	0.00658
5	0.00813	0.00607	0.00760	0.00748	0.00898	0.00555	0.00578	0.01056	0.01537	0.02088	0.50479	0.04919	0.20912	0.01310	0.00704	0.00198	0.00315	0.10382	0.00606	0.00537
6	0.01781	0.06141	0.01644	0.01315	0.06796	0.01405	0.01005	0.33757	0.01926	0.09100	0.04675	0.01569	0.01208	0.00868	0.04933	0.00202	0.03726	0.00511	0.00482	0.16957
7	0.01439	0.01114	0.01525	0.01208	0.05784	0.00908	0.08139	0.02773	0.01315	0.11674	0.01227	0.01367	0.00949	0.00487	0.00489	0.00117	0.00514	0.00425	0.00391	0.58157
8	0.06495	0.08015	0.55793	0.01531	0.02259	0.01358	0.05713	0.01805	0.01228	0.04276	0.01187	0.05646	0.00942	0.00625	0.00549	0.00184	0.00783	0.00504	0.00290	0.00818
9	0.00950	0.00693	0.00984	0.01160	0.04165	0.00690	0.00952	0.01211	0.01329	0.01738	0.03010	0.10171	0.03279	0.01577	0.00793	0.00263	0.00533	0.65424	0.00527	0.00550
10	0.01335	0.01969	0.29464	0.02324	0.30004	0.02740	0.05292	0.01992	0.12134	0.01944	0.01348	0.01680	0.01076	0.00618	0.00585	0.00186	0.00735	0.03370	0.00329	0.00874
11	0.01148	0.00971	0.01143	0.00858	0.01314	0.00740	0.00672	0.01385	0.01197	0.01848	0.01312	0.11015	0.01241	0.00609	0.00472	0.00106	0.00421	0.00511	0.00371	0.72665
12	0.00808	0.00587	0.00704	0.00683	0.00791	0.00544	0.00476	0.00977	0.01355	0.01841	0.40596	0.05751	0.17516	0.23323	0.01329	0.00295	0.00363	0.01038	0.00540	0.00484
13	0.01034	0.00798	0.01307	0.36086	0.02340	0.00917	0.03463	0.01148	0.01013	0.01327	0.01303	0.11392	0.01256	0.01274	0.01252	0.30667	0.01980	0.00662	0.00295	0.00487
14	0.01353	0.01273	0.01813	0.01531	0.01588	0.01714	0.04130	0.01549	0.03430	0.05146	0.00914	0.01356	0.00840	0.00977	0.01752	0.00247	0.68897	0.00526	0.00292	0.00672
15	0.00714	0.00510	0.00679	0.00813	0.00847	0.00476	0.00542	0.00814	0.01117	0.01489	0.03208	0.79127	0.03849	0.01824	0.00744	0.00237	0.00339	0.01654	0.00541	0.00475
16	0.13463	0.01051	0.01311	0.01020	0.01459	0.00976	0.00842	0.07063	0.01642	0.61920	0.02044	0.01811	0.01307	0.00698	0.00557	0.00181	0.00499	0.00546	0.00664	0.00944
17	0.13306	0.00616	0.00740	0.00739	0.00830	0.00622	0.00519	0.00922	0.00924	0.01394	0.02006	0.09832	0.13586	0.01691	0.01576	0.48821	0.00447	0.00710	0.00346	0.00373
18	0.01002	0.00632	0.00832	0.00772	0.00934	0.00578	0.00582	0.01258	0.01613	0.09804	0.63018	0.09373	0.04961	0.01189	0.00682	0.00187	0.00303	0.01048	0.00643	0.00591
19	0.05294	0.01053	0.01370	0.01055	0.01503	0.00954	0.00871	0.08911	0.01736	0.67571	0.02171	0.01901	0.01378	0.00715	0.00579	0.00180	0.00508	0.00572	0.00697	0.00980
20	0.01592	0.00943	0.01012	0.00851	0.01123	0.00988	0.00678	0.25459	0.01761	0.09037	0.01770	0.01903	0.01325	0.00691	0.00482	0.00153	0.00414	0.00541	0.48546	0.00731
21	0.54296	0.01281	0.01161	0.00961	0.01358	0.01444	0.00792	0.24538	0.01573	0.06264	0.01067	0.01141	0.00784	0.00601	0.00442	0.00179	0.00514	0.00395	0.00448	0.00762
22	0.00840	0.00610	0.00854	0.00853	0.00928	0.00684	0.00624	0.00988	0.00913	0.01292	0.01640	0.02719	0.01644	0.25536	0.56278	0.00830	0.01279	0.00687	0.00325	0.00475
23	0.00738	0.00595	0.00655	0.00640	0.00817	0.00513	0.00479	0.00925	0.01434	0.01827	0.28894	0.05187	0.52486	0.01382	0.00689	0.00193	0.00290	0.01170	0.00575	0.00513
24	0.00822	0.00663	0.00811	0.00921	0.04883	0.00604	0.00690	0.01023	0.01338	0.01665	0.05795	0.05699	0.45180	0.01468	0.00724	0.00221	0.00401	0.26030	0.00528	0.00533
25	0.00930	0.00509	0.00738	0.00776	0.00786	0.00499	0.00517	0.00776	0.00861	0.01149	0.01633	0.23572	0.01813	0.01967	0.01843	0.59688	0.00460	0.00830	0.00335	0.00317
26	0.01419	0.01587	0.03028	0.09030	0.12172	0.06777	0.53422	0.01856	0.01371	0.01809	0.01139	0.01521	0.00873	0.00513	0.00654	0.00191	0.00933	0.00630	0.00292	0.00784
27	0.01810	0.02714	0.22696	0.01506	0.01953	0.50957	0.01386	0.02106	0.01504	0.01552	0.01167	0.01315	0.04124	0.00636	0.00567	0.00164	0.02394	0.00433	0.00296	0.00720
28	0.02215	0.01632	0.01748	0.01341	0.01807	0.01806	0.01107	0.73941	0.02736	0.03668	0.01401	0.01403	0.00994	0.00701	0.00584	0.00175	0.00642	0.00525	0.00583	0.00991
29	0.01566	0.01309	0.01383	0.01210	0.01559	0.01502	0.00950	0.13706	0.64028	0.02621	0.02226	0.02060	0.01662	0.00779	0.00592	0.00195	0.00489	0.00639	0.00592	0.00933
30	0.01171	0.03010	0.76492	0.01660	0.02520	0.01353	0.02150	0.01845	0.01231	0.01846	0.01049	0.01235	0.00742	0.00556	0.00555	0.00185	0.00861	0.00431	0.00247	0.00862
31	0.02009	0.23709	0.02031	0.01365	0.01718	0.56835	0.01091	0.02167	0.01524	0.01413	0.00880	0.01024	0.00753	0.00575	0.00485	0.00144	0.00934	0.00359	0.00288	0.00696
32	0.01498	0.01242	0.01320	0.01181	0.01515	0.01425	0.00920	0.03082	0.71913	0.05379	0.02368	0.02168	0.01766	0.00789	0.00594	0.00197	0.00463	0.00656	0.00598	0.00926
33	0.00960	0.00771	0.07317	0.00981	0.04629	0.00619	0.00711	0.00935	0.00940	0.01288	0.01683	0.23051	0.01831	0.05814	0.01625	0.43256	0.00499	0.00834	0.01844	0.00411
34	0.00843	0.00620	0.00904	0.00904	0.01000	0.00712	0.00690	0.01032	0.00936	0.01353	0.01593	0.02419	0.01516	0.10743	0.69197	0.00886	0.01446	0.00642	0.02055	0.00508
35	0.01699	0.01899	0.02115	0.06652	0.40607	0.29935	0.05074	0.01978	0.01443	0.01701	0.01026	0.01311	0.00852	0.00554	0.00564	0.00167	0.00846	0.00474	0.00293	0.00809
36	0.00895	0.00641	0.00882	0.00985	0.01108	0.00628	0.00825	0.01143	0.01368	0.01816	0.15554	0.14842	0.03777	0.01563	0.00778	0.00250	0.00469	0.51389	0.00556	0.00533
37	0.05176	0.00865	0.01119	0.00918	0.01253	0.00778	0.00736	0.02169	0.03438	0.45496	0.22669	0.04231	0.06778	0.00910	0.00615	0.00184	0.00419	0.00762	0.00668	0.00817
38	0.03442	0.01414	0.02680	0.02894	0.40230	0.01375	0.31177	0.01782	0.01356	0.01930	0.05039	0.01639	0.01142	0.00546	0.00623	0.00184	0.00783	0.00611	0.00312	0.00841
39	0.00736	0.00595	0.00652	0.00638	0.00816	0.00512	0.00478	0.00921	0.01430	0.01815	0.27864	0.05205	0.53522	0.01386	0.00689	0.00193	0.00290	0.01173	0.00573	0.00512
40	0.01609	0.01416	0.05915	0.02127	0.12360	0.01270	0.38419	0.02005	0.01431	0.18108	0.06147	0.01802	0.01298	0.00608	0.00676	0.00190	0.02727	0.00650	0.00407	0.00835
41	0.01763	0.01565	0.01527	0.03219	0.01705	0.11565	0.01040	0.24544	0.37625	0.02606	0.01768	0.01732	0.01329	0.00745	0.00646	0.00188	0.04444	0.00570	0.00527	0.00890
42	0.00810	0.00598	0.00756	0.00716	0.00862	0.00544	0.00537	0.01066	0.01607	0.02236	0.66376	0.04514	0.14748	0.01229	0.00688	0.00186	0.00279	0.01076	0.00628	0.00544
43	0.01684	0.01506	0.02191	0.02962	0.52131	0.01525	0.01607	0.02313	0.22189	0.02274	0.01704	0.01988	0.01400	0.00766	0.00687	0.00226	0.00704	0.00638	0.00462	0.01041
44	0.01372	0.01607	0.05219	0.02434	0.03029	0.01470	0.72015	0.01865	0.01372	0.01867	0.01178	0.01567	0.00884	0.00495	0.00685	0.00197	0.00979	0.00681	0.00295	0.00789
45	0.00882	0.00716	0.01128	0.00988	0.01168	0.00665	0.10690	0.01151	0.01507	0.02105	0.51098	0.18609	0.04530	0.01219	0.00699	0.00196	0.00386	0.01120	0.00574	0.00569
46	0.01522	0.01532	0.08962	0.03507	0.17119	0.01346	0.34537	0.02070	0.08392	0.11250	0.01397	0.01614	0.01030	0.00559	0.00624	0.00186	0.00787	0.00605	0.00371	0.02590
47	0.01196	0.01094	0.01623	0.56490	0.03303	0.01335	0.01419	0.01938	0.21921	0.01752	0.01409	0.01725	0.01057	0.00640	0.00584	0.00195	0.00687	0.00556	0.00352	0.00723
48	0.01857	0.02595	0.20261	0.01602	0.05299	0.44776	0.01396	0.08373	0.05227	0.01791	0.01059	0.01196	0.00825	0.00602	0.00542	0.00164	0.00922	0.00421	0.00324	0.00770
49	0.01551	0.54192	0.18215	0.01196	0.01745	0.11492	0.01252	0.01835	0.01250	0.01474	0.00869	0.01009	0.00745	0.00522	0.00430	0.00140	0.00725	0.00344	0.00254	0.00761
50	0.01565	0.64461	0.06517	0.01281	0.07956	0.06955	0.01128	0.01787	0.01226	0.01441	0.00850	0.00998	0.00761	0.00508	0.00409	0.00133	0.00667	0.00339	0.00255	0.00762

[dist]
# distance from previous block
# <min> <max>
0	1

[block]
# block no. 5 follows, 40 sequences, length 15
# corresponding to MSA columns:
# 222-236
name=unknown_F
#
# <colnr> <probs for GDERKNQSTAVLIFYWHMCP>
#	G	D	E	R	K	N	Q	S	T	A	V	L	I	F	Y	W	H	M	C	P
0	0.01234	0.00874	0.01390	0.01136	0.01329	0.00879	0.14814	0.01393	0.01082	0.12402	0.01675	0.02772	0.01616	0.39275	0.10285	0.00457	0.05707	0.00730	0.00384	0.00567
1	0.00698	0.00546	0.00633	0.00703	0.00815	0.00481	0.00492	0.00822	0.01216	0.01526	0.04506	0.43549	0.38641	0.01653	0.00716	0.00217	0.00317	0.01447	0.00540	0.00481
2	0.01161	0.02618	0.61980	0.06444	0.06855	0.01299	0.02005	0.01769	0.01238	0.01816	0.01196	0.01653	0.00942	0.00630	0.00574	0.00190	0.00820	0.05713	0.00270	0.00826
3	0.00773	0.00533	0.00656	0.00727	0.00745	0.00516	0.00451	0.00827	0.00987	0.01316	0.02556	0.43546	0.03027	0.38576	0.01791	0.00391	0.00444	0.01271	0.00451	0.00416
4	0.01571	0.50306	0.07161	0.01341	0.07081	0.06701	0.01171	0.06540	0.01293	0.01596	0.00883	0.01066	0.00777	0.00583	0.00601	0.00152	0.09761	0.00375	0.00277	0.00765
5	0.00863	0.00609	0.00866	0.00866	0.00967	0.00693	0.00663	0.01065	0.00964	0.01436	0.01618	0.02371	0.01502	0.08898	0.62889	0.00812	0.01334	0.00628	0.10446	0.00511
6	0.01340	0.12813	0.01585	0.01158	0.01422	0.01515	0.00947	0.02279	0.39426	0.02038	0.09984	0.02140	0.03780	0.00853	0.00831	0.00196	0.15793	0.00635	0.00479	0.00787
7	0.00803	0.00634	0.00733	0.00731	0.00899	0.00585	0.00557	0.01094	0.06100	0.01882	0.27966	0.10473	0.36550	0.01374	0.00695	0.00201	0.00322	0.07284	0.00576	0.00540
8	0.00709	0.00506	0.00675	0.00810	0.00843	0.00472	0.00540	0.00810	0.01113	0.01484	0.03205	0.79184	0.03846	0.01822	0.00742	0.00236	0.00337	0.01653	0.00540	0.00472
9	0.00707	0.00513	0.00667	0.00791	0.00838	0.00474	0.00531	0.00812	0.01132	0.01492	0.03437	0.72823	0.10057	0.01792	0.00737	0.00233	0.00334	0.01616	0.00540	0.00474
10	0.01272	0.01272	0.01781	0.01527	0.01527	0.01781	0.01272	0.01399	0.00891	0.01399	0.00763	0.01272	0.00763	0.01018	0.01908	0.00254	0.78499	0.00509	0.00254	0.00636
11	0.01458	0.44887	0.30555	0.01284	0.01902	0.07897	0.01439	0.01825	0.01236	0.01550	0.00904	0.01053	0.00743	0.00526	0.00453	0.00149	0.00745	0.00361	0.00252	0.00783
12	0.00872	0.00720	0.00786	0.00831	0.00987	0.03941	0.00657	0.01083	0.02878	0.01621	0.05711	0.09991	0.34079	0.07233	0.00889	0.00249	0.00438	0.26002	0.00517	0.00514
13	0.03624	0.00780	0.01011	0.00850	0.01133	0.00694	0.00672	0.01807	0.01604	0.32068	0.37717	0.03288	0.07880	0.00978	0.00629	0.00180	0.00373	0.00835	0.00650	0.03228
14	0.02211	0.01629	0.01745	0.01338	0.01803	0.01803	0.01105	0.73997	0.02734	0.03665	0.01396	0.01396	0.00989	0.00698	0.00582	0.00175	0.00640	0.00524	0.00582	0.00989

[dist]
# distance from previous block
# <min> <max>
1	11

[block]
# block no. 6 follows, 40 sequences, length 6
# corresponding to MSA columns:
# 249-254
name=unknown_G
#
# <colnr> <probs for GDERKNQSTAVLIFYWHMCP>
#	G	D	E	R	K	N	Q	S	T	A	V	L	I	F	Y	W	H	M	C	P
0	0.00748	0.00609	0.00674	0.00707	0.00888	0.00535	0.00563	0.00925	0.01329	0.01612	0.05203	0.05832	0.57985	0.01505	0.00716	0.00214	0.00354	0.18560	0.00539	0.00502
1	0.00823	0.00660	0.00720	0.00682	0.00866	0.00589	0.00491	0.01045	0.05251	0.01635	0.10939	0.08525	0.40037	0.15877	0.01083	0.00255	0.00368	0.01045	0.00498	0.08612
2	0.01279	0.01170	0.01549	0.01198	0.01593	0.01151	0.08024	0.01795	0.14895	0.01902	0.01247	0.01433	0.01016	0.00610	0.00754	0.00148	0.14669	0.00466	0.00369	0.44731
3	0.01341	0.00790	0.00999	0.00983	0.01019	0.00739	0.00640	0.01055	0.01018	0.01394	0.01518	0.02606	0.01542	0.16623	0.02454	0.63092	0.00636	0.00681	0.00396	0.00476
4	0.01344	0.01437	0.02781	0.07585	0.15108	0.01510	0.41142	0.01724	0.01247	0.01744	0.01064	0.01482	0.00856	0.00615	0.00923	0.00205	0.17578	0.00608	0.00282	0.00766
5	0.00855	0.00633	0.00826	0.00933	0.01045	0.00622	0.00739	0.01126	0.05401	0.01666	0.03354	0.33743	0.10315	0.01629	0.00757	0.00245	0.00433	0.34608	0.00541	0.00529

[dist]
# distance from previous block
# <min> <max>
0	6

[block]
# block no. 7 follows, 40 sequences, length 6
# corresponding to MSA columns:
# 261-266
name=unknown_H
#
# <colnr> <probs for GDERKNQSTAVLIFYWHMCP>
#	G	D	E	R	K	N	Q	S	T	A	V	L	I	F	Y	W	H	M	C	P
0	0.01185	0.01380	0.08632	0.01962	0.06901	0.01188	0.40661	0.01628	0.04442	0.01787	0.01753	0.22272	0.01702	0.00865	0.00679	0.00204	0.00758	0.00911	0.00368	0.00722
1	0.01166	0.00813	0.00963	0.00862	0.01067	0.00824	0.00651	0.06912	0.14714	0.07727	0.40219	0.03546	0.06427	0.10427	0.00926	0.00231	0.00386	0.00890	0.00595	0.00654
2	0.01051	0.00774	0.00899	0.00890	0.01014	0.00807	0.00623	0.11874	0.10107	0.01833	0.02507	0.40327	0.02760	0.20292	0.01236	0.00301	0.00451	0.01173	0.00507	0.00573
3	0.01225	0.00706	0.00934	0.00861	0.00945	0.00737	0.00612	0.13852	0.01111	0.01485	0.01079	0.01701	0.01006	0.01784	0.01970	0.68258	0.00529	0.00508	0.00311	0.00384
4	0.01466	0.07801	0.01698	0.01290	0.01480	0.01610	0.01075	0.20749	0.01542	0.02168	0.14321	0.01826	0.01667	0.00920	0.01208	0.00209	0.37243	0.00593	0.00410	0.00724
5	0.01206	0.01034	0.01206	0.00861	0.01378	0.00775	0.00689	0.01464	0.01206	0.01895	0.01034	0.01206	0.00861	0.00431	0.00431	0.00086	0.00431	0.00345	0.00345	0.83118

[dist]
# distance from previous block
# <min> <max>
0	174

# created by:
# /software/SequenceAnalysis/GenePrediction/augustus/3.0.1/scripts/msa2prfl.pl ./fixed/BUSCOvEOG7ZPG94.fas
