[name]
unknown

[dist]
# distance from previous block
# <min> <max>
2	6

[block]
# block no. 0 follows, 40 sequences, length 16
# corresponding to MSA columns:
# 6-21
name=unknown_A
#
# <colnr> <probs for GDERKNQSTAVLIFYWHMCP>
#	G	D	E	R	K	N	Q	S	T	A	V	L	I	F	Y	W	H	M	C	P
0	0.00831	0.00600	0.00823	0.00934	0.05537	0.00567	0.00606	0.00980	0.01292	0.01780	0.30782	0.33457	0.05390	0.05684	0.00957	0.07184	0.00361	0.01202	0.00529	0.00505
1	0.01339	0.01037	0.01117	0.00978	0.01274	0.06080	0.00758	0.09486	0.08456	0.08287	0.09196	0.18285	0.06233	0.01017	0.00607	0.00176	0.00469	0.05289	0.00513	0.19403
2	0.01168	0.01134	0.01900	0.37787	0.06442	0.01314	0.11562	0.01489	0.01149	0.01577	0.01155	0.06776	0.01012	0.00719	0.00843	0.00198	0.15292	0.00602	0.00291	0.07590
3	0.14867	0.01143	0.01250	0.05898	0.01544	0.01306	0.00896	0.05710	0.37645	0.07451	0.08139	0.02109	0.03730	0.00791	0.00635	0.00194	0.04739	0.00622	0.00526	0.00805
4	0.05584	0.00866	0.01000	0.00933	0.01156	0.00907	0.00730	0.06236	0.19689	0.05099	0.30374	0.09232	0.05843	0.01109	0.00652	0.00199	0.00395	0.08727	0.00590	0.00680
5	0.01221	0.00893	0.01030	0.00971	0.01147	0.00938	0.00711	0.23513	0.04964	0.02162	0.02456	0.43292	0.02677	0.10036	0.00931	0.00252	0.00461	0.01169	0.00534	0.00639
6	0.06938	0.01016	0.01742	0.42893	0.02940	0.01147	0.13621	0.01415	0.01149	0.01594	0.01352	0.12668	0.01241	0.00848	0.00733	0.06379	0.00704	0.00694	0.00312	0.00614
7	0.00980	0.00896	0.01246	0.25846	0.02057	0.06074	0.04947	0.01207	0.01200	0.01531	0.04174	0.40691	0.02514	0.01243	0.00673	0.00214	0.00566	0.02957	0.00422	0.00563
8	0.01878	0.00928	0.01186	0.00971	0.01299	0.00872	0.00776	0.12380	0.01775	0.38270	0.24543	0.07895	0.02771	0.00935	0.00626	0.00184	0.00438	0.00791	0.00663	0.00820
9	0.01489	0.01310	0.01550	0.06526	0.06762	0.12927	0.04388	0.05615	0.01346	0.09969	0.05340	0.11364	0.01554	0.01117	0.05696	0.00245	0.18073	0.00682	0.01517	0.02531
10	0.08980	0.01004	0.01455	0.42029	0.02741	0.01141	0.01217	0.01863	0.06765	0.17963	0.01570	0.08153	0.01239	0.00727	0.00576	0.00193	0.00624	0.00619	0.00417	0.00725
11	0.01413	0.01064	0.01200	0.01099	0.01374	0.01174	0.00862	0.07760	0.42864	0.07341	0.05477	0.09140	0.02165	0.01039	0.00719	0.04539	0.00469	0.08927	0.00573	0.00798
12	0.01237	0.00982	0.01180	0.29442	0.02095	0.06645	0.00962	0.06009	0.01309	0.01898	0.01429	0.01831	0.01136	0.03887	0.00598	0.00176	0.00558	0.00522	0.33710	0.04394
13	0.05596	0.00852	0.01011	0.00958	0.01155	0.00876	0.00741	0.11062	0.03356	0.01966	0.04317	0.31988	0.08033	0.01294	0.00743	0.00208	0.05791	0.09812	0.00498	0.09743
14	0.01177	0.02844	0.24741	0.08922	0.01869	0.01116	0.01254	0.11867	0.05459	0.02110	0.14650	0.12497	0.07217	0.00929	0.00616	0.00191	0.00585	0.00786	0.00441	0.00728
15	0.05751	0.00932	0.01096	0.00934	0.01238	0.00884	0.00719	0.13372	0.01428	0.09006	0.01885	0.23433	0.01861	0.04221	0.07100	0.00246	0.00546	0.00806	0.00472	0.24070

[dist]
# distance from previous block
# <min> <max>
22	31

[block]
# block no. 1 follows, 40 sequences, length 10
# corresponding to MSA columns:
# 58-67
name=unknown_B
#
# <colnr> <probs for GDERKNQSTAVLIFYWHMCP>
#	G	D	E	R	K	N	Q	S	T	A	V	L	I	F	Y	W	H	M	C	P
0	0.01270	0.01020	0.01378	0.02331	0.01516	0.00909	0.09361	0.02879	0.10785	0.08106	0.05049	0.06795	0.11924	0.00773	0.00564	0.00153	0.00483	0.00680	0.00455	0.33571
1	0.09670	0.01304	0.02398	0.12598	0.06836	0.01277	0.36174	0.01897	0.01333	0.13140	0.01317	0.03051	0.00985	0.00567	0.00606	0.00186	0.00769	0.00602	0.00367	0.04925
2	0.01485	0.01413	0.05590	0.14081	0.32551	0.06907	0.09228	0.01845	0.02755	0.09646	0.01403	0.07952	0.01187	0.00667	0.00599	0.00184	0.00715	0.00625	0.00355	0.00813
3	0.01358	0.01351	0.02435	0.24032	0.15186	0.01434	0.28184	0.06176	0.07468	0.01901	0.01219	0.01571	0.00934	0.00577	0.00668	0.00192	0.03612	0.00591	0.00323	0.00786
4	0.01096	0.00949	0.09105	0.08642	0.01484	0.00795	0.06884	0.03418	0.01018	0.01422	0.01222	0.05377	0.01123	0.01430	0.01506	0.45593	0.00585	0.00572	0.07322	0.00458
5	0.00917	0.00563	0.00753	0.00828	0.00913	0.00518	0.00574	0.01044	0.01208	0.09462	0.08049	0.65910	0.03703	0.01662	0.00722	0.00227	0.00350	0.01499	0.00566	0.00532
6	0.01533	0.01401	0.01833	0.01507	0.01670	0.03806	0.05398	0.19629	0.01409	0.02013	0.00978	0.01337	0.00845	0.00887	0.01430	0.00225	0.50438	0.00520	0.02409	0.00732
7	0.01323	0.00996	0.03822	0.01262	0.09136	0.00954	0.00887	0.09505	0.13048	0.10931	0.13885	0.26781	0.02767	0.01125	0.00649	0.00200	0.00454	0.00990	0.00553	0.00733
8	0.06033	0.01445	0.01655	0.01285	0.01735	0.01546	0.05397	0.43279	0.14334	0.05895	0.01508	0.01513	0.01098	0.00663	0.00562	0.00170	0.00592	0.00527	0.00533	0.10228
9	0.02150	0.01088	0.01347	0.01056	0.01466	0.01038	0.00861	0.17465	0.05502	0.43249	0.11605	0.02128	0.01855	0.00762	0.00588	0.00174	0.00491	0.00622	0.00651	0.05902

[dist]
# distance from previous block
# <min> <max>
32	52

[block]
# block no. 2 follows, 40 sequences, length 50
# corresponding to MSA columns:
# 123-172
name=unknown_C
#
# <colnr> <probs for GDERKNQSTAVLIFYWHMCP>
#	G	D	E	R	K	N	Q	S	T	A	V	L	I	F	Y	W	H	M	C	P
0	0.03621	0.01271	0.02024	0.02792	0.53555	0.01251	0.01488	0.04589	0.01436	0.13704	0.05371	0.01663	0.01247	0.00591	0.00574	0.00172	0.00623	0.00548	0.00389	0.03089
1	0.05708	0.02393	0.54247	0.01454	0.02149	0.01223	0.01744	0.03926	0.01303	0.10153	0.01398	0.06624	0.01118	0.00697	0.00568	0.00190	0.00745	0.03188	0.00344	0.00828
2	0.01232	0.16080	0.64056	0.01545	0.02343	0.01512	0.01952	0.01825	0.01220	0.01761	0.01004	0.01178	0.00738	0.00543	0.00522	0.00174	0.00819	0.00410	0.00246	0.00840
3	0.01093	0.00914	0.01054	0.00870	0.01225	0.00794	0.00670	0.01542	0.13068	0.01928	0.08154	0.13343	0.08744	0.00849	0.00546	0.00144	0.00396	0.00725	0.00455	0.43486
4	0.01555	0.79913	0.03047	0.00995	0.01493	0.02301	0.00995	0.01741	0.01182	0.01368	0.00808	0.00933	0.00746	0.00498	0.00373	0.00124	0.00622	0.00311	0.00249	0.00746
5	0.01206	0.01034	0.01206	0.00861	0.01378	0.00775	0.00689	0.01464	0.01206	0.01895	0.01034	0.01206	0.00861	0.00431	0.00431	0.00086	0.00431	0.00345	0.00345	0.83118
6	0.00709	0.00506	0.00675	0.00810	0.00843	0.00472	0.00540	0.00810	0.01113	0.01484	0.03205	0.79184	0.03846	0.01822	0.00742	0.00236	0.00337	0.01653	0.00540	0.00472
7	0.01373	0.01569	0.03431	0.02451	0.03039	0.01471	0.73824	0.01863	0.01373	0.01863	0.01176	0.01569	0.00882	0.00490	0.00686	0.00196	0.00980	0.00686	0.00294	0.00784
8	0.01555	0.79913	0.03047	0.00995	0.01493	0.02301	0.00995	0.01741	0.01182	0.01368	0.00808	0.00933	0.00746	0.00498	0.00373	0.00124	0.00622	0.00311	0.00249	0.00746
9	0.01449	0.01372	0.02318	0.10931	0.60001	0.01404	0.05674	0.06285	0.01399	0.01966	0.01111	0.01455	0.00908	0.00534	0.00583	0.00176	0.00712	0.00528	0.00304	0.00890
10	0.02211	0.01629	0.01745	0.01338	0.01803	0.01803	0.01105	0.73997	0.02734	0.03665	0.01396	0.01396	0.00989	0.00698	0.00582	0.00175	0.00640	0.00524	0.00582	0.00989
11	0.00749	0.00628	0.00640	0.00623	0.00827	0.00542	0.00471	0.03547	0.01391	0.01680	0.08638	0.05389	0.70008	0.01432	0.00683	0.00195	0.00306	0.01194	0.00546	0.00512
12	0.22351	0.01569	0.01519	0.01205	0.01635	0.05974	0.00989	0.52042	0.02241	0.03276	0.01223	0.01265	0.00886	0.00653	0.00524	0.00174	0.00616	0.00463	0.00511	0.00882
13	0.00727	0.00538	0.00687	0.00786	0.00859	0.00487	0.00535	0.00840	0.01142	0.01512	0.03426	0.67397	0.12050	0.01723	0.00723	0.00225	0.00336	0.01549	0.00532	0.03927
14	0.06012	0.00635	0.00840	0.00836	0.00946	0.00695	0.00625	0.01040	0.01037	0.01533	0.10827	0.07011	0.05033	0.14096	0.45430	0.00676	0.01075	0.00768	0.00382	0.00503
15	0.01363	0.01649	0.07956	0.02463	0.07002	0.01458	0.65382	0.01857	0.01361	0.01863	0.01164	0.01540	0.00875	0.00496	0.00672	0.00194	0.00957	0.00661	0.00291	0.00797
16	0.01098	0.01034	0.01744	0.78165	0.04005	0.01292	0.01615	0.01486	0.01163	0.01486	0.01034	0.01550	0.00775	0.00581	0.00581	0.00194	0.00775	0.00517	0.00258	0.00646
17	0.00846	0.00564	0.00634	0.00634	0.00634	0.00564	0.00352	0.00846	0.00846	0.01128	0.01832	0.03805	0.02114	0.79563	0.02960	0.00564	0.00564	0.00846	0.00352	0.00352
18	0.01439	0.01382	0.02360	0.03569	0.75936	0.01382	0.01785	0.01785	0.01324	0.01900	0.01094	0.01439	0.00921	0.00518	0.00576	0.00173	0.00691	0.00518	0.00288	0.00921
19	0.01374	0.01309	0.02198	0.17870	0.58940	0.01367	0.01716	0.01782	0.04366	0.01842	0.01135	0.01491	0.00929	0.00542	0.00577	0.00178	0.00697	0.00524	0.00295	0.00868
20	0.01426	0.01231	0.01295	0.01167	0.01493	0.01421	0.00908	0.03029	0.72909	0.02409	0.02462	0.02262	0.03761	0.00807	0.00594	0.00197	0.00456	0.00673	0.00590	0.00909
21	0.00842	0.00562	0.00635	0.00639	0.00640	0.00561	0.00358	0.00845	0.00853	0.01138	0.01872	0.05994	0.02164	0.77306	0.02895	0.00554	0.00557	0.00869	0.00358	0.00356
22	0.01220	0.01158	0.01965	0.51440	0.29776	0.01324	0.01676	0.01593	0.01221	0.01634	0.01055	0.01511	0.00827	0.00559	0.00579	0.00186	0.00745	0.00517	0.00269	0.00745
23	0.01625	0.01727	0.03515	0.02564	0.03154	0.01595	0.70882	0.02025	0.01527	0.02095	0.01432	0.01916	0.01130	0.00668	0.00792	0.00243	0.01049	0.00762	0.00385	0.00913
24	0.00855	0.00659	0.00981	0.00967	0.01065	0.00785	0.00757	0.01058	0.00932	0.01353	0.01514	0.02229	0.01416	0.04178	0.73128	0.00897	0.05775	0.00617	0.00308	0.00526
25	0.78565	0.01156	0.00911	0.00801	0.01167	0.01336	0.00660	0.06241	0.01099	0.02675	0.00846	0.00973	0.00652	0.00550	0.00374	0.00180	0.00462	0.00328	0.00374	0.00652
26	0.01429	0.01375	0.02324	0.03441	0.71271	0.01407	0.01753	0.01761	0.01297	0.01868	0.01073	0.01429	0.00911	0.00549	0.00659	0.00178	0.05568	0.00518	0.00286	0.00903
27	0.00823	0.00594	0.00777	0.00732	0.00869	0.00549	0.00549	0.01097	0.01646	0.02332	0.75629	0.04344	0.05487	0.01189	0.00686	0.00183	0.00274	0.01052	0.00640	0.00549
28	0.00769	0.00549	0.00744	0.00879	0.00939	0.00525	0.00645	0.00914	0.01173	0.01552	0.03172	0.59944	0.03714	0.01765	0.00758	0.00245	0.00390	0.20295	0.00539	0.00489
29	0.00695	0.00589	0.00599	0.00597	0.00790	0.00494	0.00448	0.00849	0.01343	0.01611	0.09603	0.05530	0.71963	0.01458	0.00687	0.00196	0.00293	0.01218	0.00545	0.00494
30	0.01206	0.01034	0.01206	0.00861	0.01378	0.00775	0.00689	0.01464	0.01206	0.01895	0.01034	0.01206	0.00861	0.00431	0.00431	0.00086	0.00431	0.00345	0.00345	0.83118
31	0.00823	0.00594	0.00777	0.00732	0.00869	0.00549	0.00549	0.01097	0.01646	0.02332	0.75629	0.04344	0.05487	0.01189	0.00686	0.00183	0.00274	0.01052	0.00640	0.00549
32	0.01272	0.01272	0.01781	0.01527	0.01527	0.01781	0.01272	0.01399	0.00891	0.01399	0.00763	0.01272	0.00763	0.01018	0.01908	0.00254	0.78499	0.00509	0.00254	0.00636
33	0.00707	0.00510	0.00670	0.00798	0.00840	0.00473	0.00535	0.00811	0.01125	0.01489	0.03348	0.75267	0.07670	0.01803	0.00739	0.00234	0.00335	0.01631	0.00540	0.00473
34	0.00787	0.00595	0.00676	0.00665	0.00836	0.00517	0.00495	0.00970	0.01414	0.03985	0.26623	0.11596	0.45973	0.01396	0.00689	0.00195	0.00298	0.01193	0.00576	0.00521
35	0.01467	0.01259	0.01326	0.01188	0.01520	0.01456	0.00925	0.04978	0.72963	0.02465	0.02341	0.02149	0.01754	0.00787	0.00591	0.00197	0.00465	0.00654	0.00591	0.00922
36	0.02211	0.01629	0.01745	0.01338	0.01803	0.01803	0.01105	0.73997	0.02734	0.03665	0.01396	0.01396	0.00989	0.00698	0.00582	0.00175	0.00640	0.00524	0.00582	0.00989
37	0.42939	0.01278	0.01202	0.00995	0.01384	0.01437	0.00815	0.26266	0.07671	0.06003	0.01238	0.01287	0.00911	0.00626	0.00465	0.00178	0.00510	0.00433	0.03576	0.00787
38	0.00799	0.00589	0.00737	0.00708	0.00842	0.00538	0.00521	0.01033	0.01534	0.02119	0.58344	0.07289	0.15857	0.05552	0.00813	0.00208	0.00296	0.01089	0.00605	0.00526
39	0.01010	0.00505	0.00758	0.00758	0.00758	0.00505	0.00505	0.00758	0.00758	0.01010	0.01010	0.01768	0.01010	0.02020	0.02273	0.83081	0.00505	0.00505	0.00253	0.00253
40	0.00840	0.00562	0.00636	0.00641	0.00642	0.00560	0.00360	0.00844	0.00856	0.01142	0.01886	0.06766	0.02182	0.76510	0.02873	0.00551	0.00555	0.00877	0.00360	0.00357
41	0.83671	0.01125	0.00855	0.00765	0.01125	0.01305	0.00630	0.01709	0.00990	0.02609	0.00810	0.00945	0.00630	0.00540	0.00360	0.00180	0.00450	0.00315	0.00360	0.00630
42	0.01621	0.01291	0.01386	0.01204	0.01556	0.01463	0.00956	0.17144	0.54697	0.05400	0.02200	0.02192	0.01672	0.00802	0.00598	0.00195	0.00500	0.03609	0.00592	0.00921
43	0.00846	0.00564	0.00634	0.00634	0.00634	0.00564	0.00352	0.00846	0.00846	0.01128	0.01832	0.03805	0.02114	0.79563	0.02960	0.00564	0.00564	0.00846	0.00352	0.00352
44	0.00831	0.00623	0.00935	0.00935	0.01038	0.00727	0.00727	0.01038	0.00935	0.01350	0.01558	0.02285	0.01454	0.04361	0.77259	0.00935	0.01558	0.00623	0.00312	0.00519
45	0.00831	0.00623	0.00935	0.00935	0.01038	0.00727	0.00727	0.01038	0.00935	0.01350	0.01558	0.02285	0.01454	0.04361	0.77259	0.00935	0.01558	0.00623	0.00312	0.00519
46	0.02609	0.00990	0.01350	0.01035	0.01484	0.00855	0.00855	0.02834	0.01664	0.76338	0.02294	0.01979	0.01439	0.00720	0.00585	0.00180	0.00495	0.00585	0.00720	0.00990
47	0.02547	0.01050	0.01382	0.01064	0.01512	0.00949	0.00877	0.08788	0.03589	0.68412	0.02221	0.01935	0.01410	0.00720	0.00585	0.00180	0.00506	0.00581	0.00705	0.00988
48	0.00840	0.00640	0.00777	0.00839	0.00989	0.00601	0.00668	0.03667	0.01339	0.01693	0.04145	0.20790	0.31726	0.01564	0.00737	0.00230	0.00405	0.27289	0.00540	0.00522
49	0.01439	0.01382	0.02360	0.03569	0.75936	0.01382	0.01785	0.01785	0.01324	0.01900	0.01094	0.01439	0.00921	0.00518	0.00576	0.00173	0.00691	0.00518	0.00288	0.00921

[dist]
# distance from previous block
# <min> <max>
0	1

[block]
# block no. 3 follows, 40 sequences, length 37
# corresponding to MSA columns:
# 174-210
name=unknown_D
#
# <colnr> <probs for GDERKNQSTAVLIFYWHMCP>
#	G	D	E	R	K	N	Q	S	T	A	V	L	I	F	Y	W	H	M	C	P
0	0.83671	0.01125	0.00855	0.00765	0.01125	0.01305	0.00630	0.01709	0.00990	0.02609	0.00810	0.00945	0.00630	0.00540	0.00360	0.00180	0.00450	0.00315	0.00360	0.00630
1	0.00827	0.00597	0.00782	0.00743	0.00880	0.00553	0.00561	0.01101	0.01636	0.02313	0.73286	0.04415	0.05418	0.01202	0.00690	0.00186	0.00283	0.03344	0.00637	0.00548
2	0.02172	0.02772	0.01648	0.01498	0.01798	0.77228	0.01124	0.02322	0.01648	0.01423	0.00899	0.01049	0.00749	0.00599	0.00524	0.00150	0.01049	0.00375	0.00300	0.00674
3	0.00809	0.00583	0.00765	0.00741	0.00866	0.00539	0.00548	0.01062	0.01580	0.02227	0.66633	0.13640	0.05283	0.01267	0.00693	0.00190	0.00282	0.01126	0.00628	0.00539
4	0.00798	0.00593	0.00742	0.00705	0.00853	0.00538	0.00529	0.01048	0.01586	0.02189	0.62561	0.04579	0.18644	0.01242	0.00686	0.00185	0.00278	0.01085	0.00621	0.00538
5	0.01206	0.01034	0.01206	0.00861	0.01378	0.00775	0.00689	0.01464	0.01206	0.01895	0.01034	0.01206	0.00861	0.00431	0.00431	0.00086	0.00431	0.00345	0.00345	0.83118
6	0.00846	0.00564	0.00634	0.00634	0.00634	0.00564	0.00352	0.00846	0.00846	0.01128	0.01832	0.03805	0.02114	0.79563	0.02960	0.00564	0.00564	0.00846	0.00352	0.00352
7	0.00709	0.00506	0.00675	0.00810	0.00843	0.00472	0.00540	0.00810	0.01113	0.01484	0.03205	0.79184	0.03846	0.01822	0.00742	0.00236	0.00337	0.01653	0.00540	0.00472
8	0.01166	0.03008	0.76550	0.01657	0.02517	0.01351	0.02149	0.01842	0.01228	0.01842	0.01044	0.01228	0.00737	0.00552	0.00552	0.00184	0.00859	0.00430	0.00246	0.00859
9	0.00776	0.00547	0.00711	0.00795	0.00837	0.00535	0.00541	0.00879	0.01064	0.01426	0.04565	0.45559	0.03210	0.21866	0.07462	0.00377	0.00509	0.07411	0.00476	0.00453
10	0.00724	0.00607	0.00632	0.00630	0.00819	0.00526	0.00471	0.00929	0.03766	0.01656	0.11255	0.08806	0.64278	0.01444	0.00687	0.00197	0.00300	0.01214	0.00550	0.00509
11	0.83671	0.01125	0.00855	0.00765	0.01125	0.01305	0.00630	0.01709	0.00990	0.02609	0.00810	0.00945	0.00630	0.00540	0.00360	0.00180	0.00450	0.00315	0.00360	0.00630
12	0.00724	0.00518	0.00682	0.00808	0.00849	0.00485	0.00547	0.00829	0.01118	0.01483	0.03215	0.70729	0.05724	0.05136	0.00839	0.00251	0.00355	0.04707	0.00532	0.00470
13	0.01206	0.01034	0.01206	0.00861	0.01378	0.00775	0.00689	0.01464	0.01206	0.01895	0.01034	0.01206	0.00861	0.00431	0.00431	0.00086	0.00431	0.00345	0.00345	0.83118
14	0.01479	0.64930	0.17368	0.01124	0.01692	0.02116	0.01220	0.01761	0.01191	0.01460	0.00854	0.00990	0.00744	0.00508	0.00408	0.00136	0.00668	0.00334	0.00248	0.00768
15	0.04092	0.01536	0.01651	0.01280	0.01713	0.01696	0.01051	0.66807	0.02573	0.03484	0.03734	0.01495	0.01125	0.00766	0.00651	0.03694	0.00618	0.00535	0.00564	0.00935
16	0.00761	0.00587	0.00686	0.00670	0.00822	0.00521	0.00494	0.00961	0.01450	0.01916	0.39325	0.08096	0.35389	0.04791	0.00789	0.00208	0.00298	0.01144	0.00580	0.00512
17	0.00814	0.00587	0.00769	0.00738	0.00867	0.00543	0.00548	0.01074	0.01603	0.02264	0.69808	0.10359	0.05355	0.01240	0.00690	0.00187	0.00279	0.01100	0.00632	0.00543
18	0.15177	0.10124	0.01682	0.01299	0.01660	0.42963	0.01028	0.15932	0.01704	0.02038	0.00971	0.01087	0.00776	0.00598	0.00494	0.00157	0.00831	0.00387	0.00358	0.00735
19	0.00691	0.00576	0.00603	0.00625	0.00795	0.00488	0.00458	0.00831	0.01291	0.01557	0.05456	0.17507	0.64070	0.01529	0.00696	0.00203	0.00301	0.01296	0.00540	0.00488
20	0.00709	0.00506	0.00675	0.00810	0.00843	0.00472	0.00540	0.00810	0.01113	0.01484	0.03205	0.79184	0.03846	0.01822	0.00742	0.00236	0.00337	0.01653	0.00540	0.00472
21	0.01342	0.01283	0.02185	0.24805	0.55459	0.01356	0.01736	0.01700	0.01278	0.01782	0.01077	0.01471	0.00880	0.00536	0.00577	0.00179	0.00715	0.00518	0.00279	0.00843
22	0.02063	0.12643	0.01832	0.01434	0.01750	0.65105	0.01112	0.02217	0.01563	0.01415	0.00883	0.01041	0.00749	0.00600	0.00551	0.00150	0.03548	0.00371	0.00292	0.00682
23	0.02211	0.01629	0.01745	0.01338	0.01803	0.01803	0.01105	0.73997	0.02734	0.03665	0.01396	0.01396	0.00989	0.00698	0.00582	0.00175	0.00640	0.00524	0.00582	0.00989
24	0.01508	0.01578	0.03158	0.02271	0.02839	0.01524	0.62054	0.13538	0.01593	0.02154	0.01212	0.01541	0.00900	0.00524	0.00669	0.00193	0.00925	0.00660	0.00341	0.00817
25	0.08268	0.01591	0.01679	0.01295	0.01753	0.01766	0.01070	0.68621	0.02604	0.03586	0.01353	0.01363	0.00962	0.00686	0.00565	0.00175	0.00626	0.00508	0.00565	0.00962
26	0.83671	0.01125	0.00855	0.00765	0.01125	0.01305	0.00630	0.01709	0.00990	0.02609	0.00810	0.00945	0.00630	0.00540	0.00360	0.00180	0.00450	0.00315	0.00360	0.00630
27	0.01826	0.02212	0.01513	0.01385	0.01621	0.55535	0.01054	0.01986	0.01441	0.01406	0.01023	0.01319	0.00894	0.01402	0.16313	0.00319	0.07377	0.00436	0.00298	0.00639
28	0.02609	0.00990	0.01350	0.01035	0.01484	0.00855	0.00855	0.02834	0.01664	0.76338	0.02294	0.01979	0.01439	0.00720	0.00585	0.00180	0.00495	0.00585	0.00720	0.00990
29	0.00707	0.00513	0.00668	0.00792	0.00839	0.00474	0.00532	0.00812	0.01130	0.01491	0.03421	0.73269	0.09621	0.01794	0.00738	0.00233	0.00334	0.01619	0.00540	0.00474
30	0.01505	0.01372	0.01342	0.01209	0.01535	0.07537	0.00937	0.03028	0.68999	0.02351	0.02249	0.02080	0.01693	0.00774	0.00586	0.00193	0.00508	0.00635	0.00568	0.00901
31	0.02609	0.00990	0.01350	0.01035	0.01484	0.00855	0.00855	0.02834	0.01664	0.76338	0.02294	0.01979	0.01439	0.00720	0.00585	0.00180	0.00495	0.00585	0.00720	0.00990
32	0.00831	0.00623	0.00935	0.00935	0.01038	0.00727	0.00727	0.01038	0.00935	0.01350	0.01558	0.02285	0.01454	0.04361	0.77259	0.00935	0.01558	0.00623	0.00312	0.00519
33	0.02609	0.00990	0.01350	0.01035	0.01484	0.00855	0.00855	0.02834	0.01664	0.76338	0.02294	0.01979	0.01439	0.00720	0.00585	0.00180	0.00495	0.00585	0.00720	0.00990
34	0.00833	0.00595	0.00818	0.00952	0.01040	0.00580	0.00756	0.01025	0.01236	0.01624	0.03136	0.39586	0.03574	0.01704	0.00775	0.00253	0.00445	0.40021	0.00537	0.00507
35	0.00836	0.00584	0.00745	0.00750	0.00789	0.00620	0.00496	0.00915	0.00887	0.01221	0.01777	0.05734	0.01930	0.49492	0.30065	0.00689	0.00920	0.00791	0.00344	0.00417
36	0.01439	0.01382	0.02360	0.03569	0.75936	0.01382	0.01785	0.01785	0.01324	0.01900	0.01094	0.01439	0.00921	0.00518	0.00576	0.00173	0.00691	0.00518	0.00288	0.00921

[dist]
# distance from previous block
# <min> <max>
0	14

[block]
# block no. 4 follows, 40 sequences, length 53
# corresponding to MSA columns:
# 225-277
name=unknown_E
#
# <colnr> <probs for GDERKNQSTAVLIFYWHMCP>
#	G	D	E	R	K	N	Q	S	T	A	V	L	I	F	Y	W	H	M	C	P
0	0.00794	0.00660	0.00670	0.00672	0.00867	0.00552	0.00493	0.00910	0.01374	0.01658	0.05775	0.09437	0.70934	0.01542	0.00730	0.00216	0.00333	0.01269	0.00570	0.00543
1	0.02685	0.01058	0.01414	0.01100	0.01552	0.00911	0.00895	0.02880	0.01718	0.75256	0.02373	0.02104	0.01524	0.00783	0.00626	0.00198	0.00528	0.00615	0.00747	0.01035
2	0.01508	0.01277	0.01356	0.01239	0.01560	0.01444	0.00961	0.03012	0.69122	0.02467	0.02490	0.02569	0.01954	0.00903	0.00646	0.00219	0.00499	0.05215	0.00618	0.00942
3	0.01303	0.01102	0.01272	0.00929	0.01448	0.00833	0.00732	0.01531	0.01267	0.01982	0.01132	0.01342	0.00955	0.00498	0.00474	0.00106	0.00465	0.00378	0.00378	0.81874
4	0.02659	0.01099	0.01439	0.01119	0.01572	0.00971	0.00911	0.07395	0.01786	0.70645	0.02316	0.02067	0.01495	0.00781	0.00626	0.00198	0.00537	0.00611	0.00738	0.01035
5	0.01116	0.01068	0.01851	0.73361	0.03944	0.01303	0.06197	0.01510	0.01176	0.01510	0.01043	0.01552	0.00782	0.00576	0.00588	0.00194	0.00788	0.00528	0.00261	0.00655
6	0.00831	0.00623	0.00935	0.00935	0.01038	0.00727	0.00727	0.01038	0.00935	0.01350	0.01558	0.02285	0.01454	0.04361	0.77259	0.00935	0.01558	0.00623	0.00312	0.00519
7	0.01490	0.01221	0.01307	0.01173	0.01503	0.01397	0.00918	0.03027	0.69355	0.06021	0.02382	0.02277	0.01801	0.00807	0.00597	0.00198	0.00464	0.02552	0.00596	0.00914
8	0.00930	0.00618	0.00812	0.00750	0.00906	0.00567	0.00567	0.01201	0.01647	0.06764	0.71236	0.04202	0.05245	0.01161	0.00680	0.00183	0.00288	0.01024	0.00645	0.00575
9	0.01446	0.01249	0.01315	0.01183	0.01512	0.01446	0.00920	0.03090	0.74885	0.02433	0.02367	0.02170	0.01775	0.00789	0.00592	0.00197	0.00460	0.00657	0.00592	0.00920
10	0.00752	0.00548	0.00722	0.00826	0.00896	0.00502	0.00570	0.00872	0.01131	0.01524	0.03061	0.70512	0.03631	0.01723	0.00726	0.00228	0.00353	0.05178	0.00527	0.05720
11	0.80826	0.01190	0.03464	0.00796	0.01173	0.01306	0.00682	0.01714	0.00998	0.02583	0.00818	0.00954	0.00633	0.00540	0.00367	0.00180	0.00464	0.00319	0.00356	0.00638
12	0.83671	0.01125	0.00855	0.00765	0.01125	0.01305	0.00630	0.01709	0.00990	0.02609	0.00810	0.00945	0.00630	0.00540	0.00360	0.00180	0.00450	0.00315	0.00360	0.00630
13	0.01446	0.01249	0.01315	0.01183	0.01512	0.01446	0.00920	0.03090	0.74885	0.02433	0.02367	0.02170	0.01775	0.00789	0.00592	0.00197	0.00460	0.00657	0.00592	0.00920
14	0.02211	0.01629	0.01745	0.01338	0.01803	0.01803	0.01105	0.73997	0.02734	0.03665	0.01396	0.01396	0.00989	0.00698	0.00582	0.00175	0.00640	0.00524	0.00582	0.00989
15	0.00789	0.00558	0.00664	0.00694	0.00744	0.00538	0.00444	0.00866	0.01045	0.01384	0.08846	0.22409	0.12485	0.40186	0.05461	0.00421	0.00496	0.01100	0.00445	0.00424
16	0.01597	0.01301	0.01393	0.01213	0.01561	0.01478	0.00967	0.20260	0.52046	0.02684	0.02181	0.02293	0.01695	0.00825	0.00604	0.00197	0.00509	0.05701	0.00585	0.00910
17	0.00818	0.00594	0.00771	0.00727	0.00866	0.00547	0.00545	0.01088	0.01635	0.02305	0.73187	0.04388	0.07946	0.01199	0.00686	0.00183	0.00275	0.01058	0.00637	0.00547
18	0.01409	0.01404	0.02553	0.06883	0.57431	0.01396	0.16685	0.01787	0.01326	0.01872	0.01108	0.01471	0.00906	0.00515	0.00599	0.00179	0.00755	0.00553	0.00288	0.00880
19	0.00831	0.00623	0.00935	0.00935	0.01038	0.00727	0.00727	0.01038	0.00935	0.01350	0.01558	0.02285	0.01454	0.04361	0.77259	0.00935	0.01558	0.00623	0.00312	0.00519
20	0.00715	0.00511	0.00683	0.00818	0.00854	0.00478	0.00552	0.00822	0.01120	0.01492	0.03201	0.76965	0.03831	0.01815	0.00744	0.00237	0.00343	0.03803	0.00540	0.00474
21	0.01098	0.01034	0.01744	0.78165	0.04005	0.01292	0.01615	0.01486	0.01163	0.01486	0.01034	0.01550	0.00775	0.00581	0.00581	0.00194	0.00775	0.00517	0.00258	0.00646
22	0.03811	0.01492	0.01901	0.08921	0.23295	0.01624	0.01335	0.44969	0.02145	0.02935	0.01263	0.01412	0.00942	0.00632	0.00575	0.00176	0.00662	0.00516	0.00463	0.00930
23	0.01226	0.01223	0.01814	0.27999	0.02446	0.03700	0.04907	0.01465	0.01031	0.01451	0.00910	0.01414	0.00798	0.00954	0.04146	0.00253	0.42838	0.00521	0.00261	0.00644
24	0.80196	0.04458	0.00947	0.00774	0.01140	0.01347	0.00645	0.01711	0.00998	0.02557	0.00810	0.00944	0.00635	0.00538	0.00360	0.00178	0.00457	0.00315	0.00355	0.00635
25	0.00831	0.00621	0.00925	0.00925	0.01026	0.00722	0.00715	0.01033	0.00932	0.01343	0.01566	0.02331	0.01474	0.06659	0.74989	0.00923	0.01527	0.00630	0.00313	0.00514
26	0.00875	0.00624	0.00859	0.00989	0.01093	0.00615	0.00815	0.01091	0.01264	0.01654	0.03071	0.25283	0.03436	0.04197	0.00858	0.00269	0.00485	0.51478	0.00531	0.00513
27	0.02230	0.01598	0.01726	0.01324	0.01788	0.01758	0.01093	0.70614	0.02683	0.07119	0.01439	0.01424	0.01010	0.00699	0.00582	0.00175	0.00633	0.00526	0.00588	0.00989
28	0.01446	0.01249	0.01315	0.01183	0.01512	0.01446	0.00920	0.03090	0.74885	0.02433	0.02367	0.02170	0.01775	0.00789	0.00592	0.00197	0.00460	0.00657	0.00592	0.00920
29	0.01206	0.01034	0.01206	0.00861	0.01378	0.00775	0.00689	0.01464	0.01206	0.01895	0.01034	0.01206	0.00861	0.00431	0.00431	0.00086	0.00431	0.00345	0.00345	0.83118
30	0.01206	0.01034	0.01206	0.00861	0.01378	0.00775	0.00689	0.01464	0.01206	0.01895	0.01034	0.01206	0.00861	0.00431	0.00431	0.00086	0.00431	0.00345	0.00345	0.83118
31	0.01187	0.01014	0.01186	0.00859	0.01358	0.00764	0.00684	0.01440	0.01202	0.01880	0.01114	0.04098	0.00972	0.00482	0.00442	0.00092	0.00427	0.00393	0.00352	0.80053
32	0.00818	0.00594	0.00771	0.00727	0.00866	0.00547	0.00545	0.01088	0.01635	0.02306	0.73225	0.04387	0.07907	0.01199	0.00686	0.00183	0.00275	0.01058	0.00637	0.00547
33	0.01440	0.01372	0.02282	0.03389	0.70324	0.01387	0.01720	0.01883	0.06871	0.01940	0.01190	0.01494	0.00986	0.00539	0.00577	0.00175	0.00673	0.00529	0.00311	0.00921
34	0.01236	0.16724	0.63441	0.01539	0.02334	0.01520	0.01943	0.01824	0.01220	0.01757	0.01002	0.01175	0.00738	0.00543	0.00520	0.00173	0.00817	0.00409	0.00246	0.00839
35	0.00826	0.00614	0.00907	0.00913	0.01008	0.00706	0.00699	0.01018	0.00939	0.01345	0.01650	0.06017	0.01601	0.08096	0.69812	0.00882	0.01449	0.00683	0.00324	0.00508
36	0.00748	0.00553	0.00696	0.00775	0.00856	0.00500	0.00525	0.00857	0.01124	0.01495	0.03275	0.60399	0.11735	0.07299	0.00876	0.00246	0.00355	0.01463	0.00514	0.05710
37	0.01373	0.01569	0.03431	0.02451	0.03039	0.01471	0.73824	0.01863	0.01373	0.01863	0.01176	0.01569	0.00882	0.00490	0.00686	0.00196	0.00980	0.00686	0.00294	0.00784
38	0.05037	0.76571	0.02954	0.00985	0.01477	0.02259	0.00980	0.01740	0.01173	0.01421	0.00809	0.00933	0.00741	0.00499	0.00373	0.00127	0.00615	0.00311	0.00253	0.00741
39	0.01190	0.01128	0.01911	0.58003	0.23447	0.01316	0.01661	0.01567	0.01206	0.01598	0.01050	0.01520	0.00815	0.00564	0.00580	0.00188	0.00752	0.00517	0.00266	0.00720
40	0.00937	0.00669	0.00937	0.01071	0.01205	0.00669	0.00937	0.01205	0.01339	0.01740	0.03079	0.06560	0.03347	0.01606	0.00803	0.00268	0.00535	0.72021	0.00535	0.00535
41	0.01166	0.03008	0.76550	0.01657	0.02517	0.01351	0.02149	0.01842	0.01228	0.01842	0.01044	0.01228	0.00737	0.00552	0.00552	0.00184	0.00859	0.00430	0.00246	0.00859
42	0.01237	0.02909	0.72880	0.01627	0.02466	0.01326	0.02085	0.01890	0.01249	0.05478	0.01105	0.01264	0.00771	0.00561	0.00554	0.00184	0.00842	0.00437	0.00269	0.00866
43	0.01446	0.01249	0.01315	0.01183	0.01512	0.01446	0.00920	0.03090	0.74885	0.02433	0.02367	0.02170	0.01775	0.00789	0.00592	0.00197	0.00460	0.00657	0.00592	0.00920
44	0.01422	0.01364	0.02329	0.07394	0.72248	0.01377	0.01776	0.01769	0.01316	0.01879	0.01091	0.01445	0.00914	0.00521	0.00576	0.00174	0.00695	0.00518	0.00286	0.00907
45	0.01189	0.07541	0.72218	0.01618	0.02457	0.01407	0.02081	0.01836	0.01225	0.01814	0.01030	0.01210	0.00737	0.00549	0.00542	0.00181	0.00845	0.00423	0.00246	0.00853
46	0.00818	0.00648	0.00956	0.13591	0.06120	0.00664	0.00794	0.00982	0.01135	0.01511	0.02717	0.61602	0.03160	0.01537	0.00705	0.00225	0.00431	0.01396	0.00478	0.00529
47	0.00718	0.00542	0.00640	0.00712	0.00797	0.00490	0.00483	0.00823	0.01152	0.01469	0.03952	0.44560	0.28220	0.11438	0.01001	0.00264	0.00351	0.01406	0.00516	0.00464
48	0.01600	0.01325	0.01401	0.01214	0.01571	0.01518	0.00958	0.17331	0.60394	0.02680	0.02172	0.02014	0.01617	0.00771	0.00590	0.00193	0.00496	0.00631	0.00590	0.00934
49	0.04657	0.02928	0.73347	0.01620	0.02458	0.01349	0.02084	0.01836	0.01218	0.01874	0.01034	0.01216	0.00732	0.00552	0.00544	0.00184	0.00842	0.00425	0.00250	0.00850
50	0.01426	0.01368	0.02336	0.06504	0.73106	0.01378	0.01778	0.01773	0.01318	0.01884	0.01091	0.01444	0.00915	0.00521	0.00576	0.00174	0.00694	0.00518	0.00287	0.00910
51	0.00923	0.00659	0.00920	0.01054	0.01182	0.00657	0.00912	0.01180	0.01324	0.01724	0.03087	0.11168	0.03378	0.01620	0.00799	0.00266	0.00523	0.67556	0.00536	0.00531
52	0.05449	0.02910	0.72621	0.01611	0.02445	0.01348	0.02070	0.01835	0.01215	0.01881	0.01031	0.01213	0.00731	0.00552	0.00542	0.00184	0.00838	0.00424	0.00251	0.00848

[dist]
# distance from previous block
# <min> <max>
0	29

[block]
# block no. 5 follows, 40 sequences, length 13
# corresponding to MSA columns:
# 307-319
name=unknown_F
#
# <colnr> <probs for GDERKNQSTAVLIFYWHMCP>
#	G	D	E	R	K	N	Q	S	T	A	V	L	I	F	Y	W	H	M	C	P
0	0.01166	0.03008	0.76550	0.01657	0.02517	0.01351	0.02149	0.01842	0.01228	0.01842	0.01044	0.01228	0.00737	0.00552	0.00552	0.00184	0.00859	0.00430	0.00246	0.00859
1	0.01446	0.01249	0.01315	0.01183	0.01512	0.01446	0.00920	0.03090	0.74885	0.02433	0.02367	0.02170	0.01775	0.00789	0.00592	0.00197	0.00460	0.00657	0.00592	0.00920
2	0.01439	0.01382	0.02360	0.03569	0.75936	0.01382	0.01785	0.01785	0.01324	0.01900	0.01094	0.01439	0.00921	0.00518	0.00576	0.00173	0.00691	0.00518	0.00288	0.00921
3	0.04999	0.70203	0.09047	0.01040	0.01562	0.02180	0.01075	0.01748	0.01177	0.01460	0.00828	0.00958	0.00741	0.00504	0.00387	0.00132	0.00634	0.00321	0.00253	0.00751
4	0.01180	0.01117	0.01891	0.60361	0.21173	0.01313	0.01655	0.01557	0.01201	0.01585	0.01048	0.01524	0.00810	0.00566	0.00580	0.00189	0.00755	0.00517	0.00265	0.00712
5	0.00719	0.00525	0.00658	0.00758	0.00813	0.00485	0.00506	0.00817	0.01119	0.01461	0.03476	0.60215	0.14673	0.09708	0.00960	0.00264	0.00354	0.01505	0.00521	0.00463
6	0.01650	0.01350	0.01430	0.01225	0.01590	0.01542	0.00970	0.21980	0.55663	0.02761	0.02108	0.01964	0.01566	0.00765	0.00589	0.00191	0.00508	0.00622	0.00589	0.00939
7	0.05693	0.02905	0.72397	0.01608	0.02440	0.01348	0.02065	0.01834	0.01215	0.01884	0.01031	0.01212	0.00731	0.00552	0.00542	0.00184	0.00837	0.00423	0.00252	0.00847
8	0.01439	0.01382	0.02360	0.03569	0.75936	0.01382	0.01785	0.01785	0.01324	0.01900	0.01094	0.01439	0.00921	0.00518	0.00576	0.00173	0.00691	0.00518	0.00288	0.00921
9	0.00706	0.00514	0.00666	0.00788	0.00838	0.00474	0.00530	0.00812	0.01135	0.01493	0.03473	0.71833	0.11024	0.01787	0.00737	0.00232	0.00333	0.01611	0.00540	0.00474
10	0.01367	0.01552	0.03341	0.02400	0.02956	0.01488	0.69843	0.01837	0.01346	0.01837	0.01154	0.01552	0.00876	0.00519	0.00753	0.00199	0.05233	0.00677	0.00292	0.00776
11	0.06426	0.02888	0.71724	0.01601	0.02428	0.01348	0.02052	0.01833	0.01213	0.01891	0.01029	0.01210	0.00730	0.00552	0.00540	0.00184	0.00833	0.00422	0.00253	0.00845
12	0.01446	0.01249	0.01315	0.01183	0.01512	0.01446	0.00920	0.03090	0.74885	0.02433	0.02367	0.02170	0.01775	0.00789	0.00592	0.00197	0.00460	0.00657	0.00592	0.00920

[dist]
# distance from previous block
# <min> <max>
0	10

[block]
# block no. 6 follows, 40 sequences, length 6
# corresponding to MSA columns:
# 330-335
name=unknown_G
#
# <colnr> <probs for GDERKNQSTAVLIFYWHMCP>
#	G	D	E	R	K	N	Q	S	T	A	V	L	I	F	Y	W	H	M	C	P
0	0.00832	0.00558	0.00638	0.00652	0.00656	0.00554	0.00372	0.00842	0.00873	0.01164	0.01973	0.11550	0.02292	0.71576	0.02732	0.00530	0.00541	0.00929	0.00372	0.00365
1	0.01273	0.01210	0.02031	0.27949	0.46864	0.01289	0.01633	0.01618	0.01271	0.01740	0.01416	0.01772	0.06205	0.00607	0.00586	0.00181	0.00690	0.00568	0.00296	0.00800
2	0.01439	0.01382	0.02360	0.03569	0.75936	0.01382	0.01785	0.01785	0.01324	0.01900	0.01094	0.01439	0.00921	0.00518	0.00576	0.00173	0.00691	0.00518	0.00288	0.00921
3	0.01354	0.01292	0.02173	0.09137	0.64430	0.01305	0.01666	0.01687	0.01312	0.01842	0.01466	0.01775	0.06791	0.00598	0.00585	0.00176	0.00666	0.00574	0.00305	0.00866
4	0.01235	0.01046	0.01388	0.01722	0.24680	0.07085	0.01020	0.01519	0.01532	0.06345	0.38605	0.03121	0.03333	0.00921	0.00637	0.00181	0.00493	0.03935	0.00501	0.00701
5	0.05640	0.21564	0.49947	0.01440	0.02149	0.06442	0.01723	0.01841	0.01231	0.01740	0.00965	0.01130	0.00734	0.00541	0.00497	0.00167	0.00792	0.00391	0.00256	0.00808

[dist]
# distance from previous block
# <min> <max>
0	5

# created by:
# /software/SequenceAnalysis/GenePrediction/augustus/3.0.1/scripts/msa2prfl.pl ./fixed/BUSCOvEOG7FTXF7.fas
