[name]
unknown

[dist]
# distance from previous block
# <min> <max>
0	135

[block]
# block no. 0 follows, 41 sequences, length 37
# corresponding to MSA columns:
# 135-171
name=unknown_A
#
# <colnr> <probs for GDERKNQSTAVLIFYWHMCP>
#	G	D	E	R	K	N	Q	S	T	A	V	L	I	F	Y	W	H	M	C	P
0	0.00878	0.00497	0.00713	0.00765	0.00778	0.00484	0.00510	0.00765	0.00881	0.01175	0.01834	0.32036	0.02080	0.01911	0.01649	0.50981	0.00433	0.00937	0.00358	0.00333
1	0.01789	0.01374	0.01510	0.01133	0.01611	0.01380	0.00928	0.45996	0.02104	0.02927	0.01234	0.01300	0.00924	0.00584	0.00514	0.00138	0.00549	0.00446	0.00481	0.33076
2	0.01549	0.00748	0.01002	0.00845	0.01110	0.00666	0.00666	0.01799	0.01627	0.33641	0.44959	0.03293	0.03720	0.00975	0.00633	0.00179	0.00361	0.00841	0.00663	0.00722
3	0.00975	0.00541	0.00568	0.00568	0.00650	0.00541	0.00379	0.01138	0.01056	0.01734	0.01841	0.02760	0.01705	0.31527	0.01378	0.00297	0.00379	0.00649	0.50851	0.00460
4	0.00810	0.00585	0.00765	0.00720	0.00855	0.00540	0.00540	0.01079	0.01619	0.02294	0.76028	0.04273	0.05397	0.01169	0.00675	0.00180	0.00270	0.01034	0.00630	0.00540
5	0.01379	0.01011	0.01206	0.00871	0.01370	0.00773	0.00701	0.01628	0.01249	0.12318	0.01190	0.01292	0.00927	0.00463	0.00445	0.00098	0.00432	0.00372	0.00390	0.71886
6	0.01821	0.01595	0.01507	0.01269	0.01640	0.12818	0.01006	0.30732	0.36128	0.02718	0.01743	0.01675	0.01296	0.00714	0.00568	0.00178	0.00607	0.00554	0.00536	0.00896
7	0.02007	0.01758	0.10413	0.01334	0.01823	0.03739	0.01186	0.61702	0.02444	0.03272	0.01460	0.01476	0.03315	0.00691	0.00571	0.00173	0.00655	0.00522	0.00525	0.00934
8	0.51516	0.00869	0.00772	0.00769	0.00998	0.00964	0.00585	0.01337	0.01021	0.02135	0.01714	0.31542	0.01852	0.01022	0.00500	0.00199	0.00399	0.00822	0.00423	0.00559
9	0.01933	0.49367	0.02347	0.00994	0.01465	0.01709	0.00925	0.02131	0.01347	0.30706	0.01364	0.01318	0.01000	0.00574	0.00448	0.00144	0.00563	0.00411	0.00425	0.00827
10	0.00975	0.00541	0.00568	0.00568	0.00650	0.00541	0.00379	0.01138	0.01056	0.01734	0.01841	0.02760	0.01705	0.31527	0.01378	0.00297	0.00379	0.00649	0.50851	0.00460
11	0.52077	0.01737	0.01145	0.01033	0.01364	0.31009	0.00809	0.01916	0.01226	0.02112	0.00831	0.00969	0.00665	0.00554	0.00417	0.00165	0.00672	0.00333	0.00331	0.00636
12	0.01272	0.00928	0.01074	0.00999	0.01197	0.00975	0.00748	0.29474	0.01716	0.02296	0.02460	0.49085	0.02688	0.01361	0.00669	0.00209	0.00448	0.01193	0.00547	0.00663
13	0.52091	0.01299	0.01182	0.00972	0.01366	0.01474	0.00802	0.30014	0.01642	0.02971	0.01021	0.01102	0.00757	0.00592	0.00439	0.00175	0.00515	0.00390	0.00439	0.00757
14	0.01715	0.01374	0.01458	0.01223	0.01599	0.01559	0.00976	0.30843	0.47016	0.02865	0.01956	0.01838	0.01445	0.00741	0.00578	0.00185	0.00522	0.00595	0.00578	0.00932
15	0.01121	0.01017	0.01509	0.48269	0.02933	0.01073	0.01234	0.01453	0.01160	0.01618	0.01017	0.01393	0.00795	0.00514	0.00514	0.00149	0.00630	0.00442	0.00287	0.32870
16	0.01162	0.02202	0.47431	0.01325	0.02039	0.01108	0.01554	0.01667	0.01199	0.01832	0.01023	0.01199	0.00772	0.00497	0.00497	0.00144	0.00681	0.00390	0.00279	0.32998
17	0.51568	0.00891	0.00756	0.00702	0.00918	0.00999	0.00513	0.01350	0.00918	0.01999	0.01188	0.02025	0.01188	0.31444	0.01350	0.00324	0.00486	0.00513	0.00351	0.00513
18	0.01193	0.00966	0.01033	0.00954	0.01151	0.01085	0.00688	0.02180	0.46293	0.01893	0.02123	0.02761	0.01876	0.31594	0.01489	0.00334	0.00492	0.00719	0.00490	0.00688
19	0.00983	0.00837	0.01290	0.48182	0.02648	0.00992	0.01105	0.01216	0.01022	0.01324	0.01323	0.02389	0.01275	0.31469	0.01483	0.00332	0.00681	0.00634	0.00290	0.00523
20	0.03498	0.00960	0.01070	0.01016	0.01242	0.01051	0.00764	0.07733	0.35789	0.05022	0.02529	0.32178	0.02435	0.01155	0.00632	0.00206	0.00421	0.01006	0.00560	0.00734
21	0.52091	0.01299	0.01182	0.00972	0.01366	0.01474	0.00802	0.30014	0.01642	0.02971	0.01021	0.01102	0.00757	0.00592	0.00439	0.00175	0.00515	0.00390	0.00439	0.00757
22	0.02215	0.01258	0.01473	0.01192	0.03313	0.03118	0.00949	0.30558	0.05353	0.36645	0.06450	0.01842	0.01477	0.00724	0.00579	0.00175	0.00545	0.00577	0.00624	0.00934
23	0.01573	0.11021	0.39800	0.01501	0.02094	0.31135	0.01601	0.01985	0.01364	0.01602	0.00947	0.01108	0.00730	0.00556	0.00514	0.00162	0.00893	0.00389	0.00263	0.00763
24	0.00969	0.00564	0.00684	0.00684	0.00805	0.00604	0.00523	0.01212	0.01090	0.01819	0.01736	0.02177	0.01452	0.02078	0.30481	0.00439	0.00759	0.00564	0.50836	0.00524
25	0.01136	0.01024	0.01676	0.02454	0.46923	0.01011	0.01278	0.01382	0.01222	0.01710	0.01885	0.31839	0.02027	0.01009	0.00630	0.00194	0.00544	0.00944	0.00380	0.00734
26	0.01271	0.02094	0.32026	0.02107	0.02789	0.01400	0.46154	0.01824	0.01295	0.01824	0.01106	0.01412	0.00812	0.00506	0.00624	0.00188	0.00918	0.00577	0.00271	0.00800
27	0.01868	0.01129	0.01307	0.01107	0.01477	0.01196	0.00880	0.02941	0.46606	0.31346	0.02300	0.02061	0.01617	0.00750	0.00579	0.00187	0.00466	0.00619	0.00631	0.00932
28	0.01537	0.00783	0.01036	0.00965	0.01232	0.00722	0.00809	0.01804	0.03456	0.30940	0.05102	0.04384	0.13058	0.01188	0.00681	0.00215	0.00468	0.30310	0.00602	0.00705
29	0.01311	0.01982	0.31383	0.02778	0.47564	0.01347	0.01895	0.01777	0.01265	0.01846	0.01057	0.01335	0.00835	0.00523	0.00557	0.00174	0.00744	0.00476	0.00267	0.00882
30	0.01423	0.01229	0.01293	0.01164	0.01487	0.01423	0.00905	0.03039	0.75297	0.02393	0.02328	0.02134	0.01746	0.00776	0.00582	0.00194	0.00453	0.00647	0.00582	0.00905
31	0.01671	0.01566	0.02729	0.01984	0.02516	0.01574	0.45755	0.30106	0.01872	0.02523	0.01241	0.01477	0.00909	0.00562	0.00635	0.00185	0.00834	0.00613	0.00399	0.00850
32	0.01149	0.01045	0.01559	0.42095	0.08891	0.01080	0.01248	0.01477	0.01173	0.01652	0.01022	0.01384	0.00807	0.00509	0.00514	0.00148	0.00624	0.00442	0.00290	0.32892
33	0.00922	0.00519	0.00584	0.00636	0.00730	0.00506	0.00451	0.01124	0.01159	0.01871	0.02367	0.32277	0.02369	0.01105	0.00528	0.00172	0.00292	0.00959	0.50923	0.00506
34	0.01188	0.01046	0.01660	0.02386	0.46843	0.01046	0.01207	0.01396	0.01119	0.01573	0.01359	0.02322	0.01363	0.31431	0.01480	0.00320	0.00631	0.00635	0.00308	0.00688
35	0.00737	0.00570	0.00597	0.00597	0.00715	0.00511	0.00400	0.00825	0.01120	0.01375	0.04239	0.04819	0.47268	0.32005	0.01547	0.00334	0.00393	0.01061	0.00459	0.00430
36	0.01186	0.01017	0.01186	0.00847	0.01356	0.00762	0.00678	0.01440	0.01186	0.01864	0.01017	0.01186	0.00847	0.00424	0.00424	0.00085	0.00424	0.00339	0.00339	0.83395

[dist]
# distance from previous block
# <min> <max>
0	1

[block]
# block no. 1 follows, 41 sequences, length 20
# corresponding to MSA columns:
# 173-192
name=unknown_B
#
# <colnr> <probs for GDERKNQSTAVLIFYWHMCP>
#	G	D	E	R	K	N	Q	S	T	A	V	L	I	F	Y	W	H	M	C	P
0	0.01991	0.02484	0.01642	0.01478	0.01724	0.65137	0.01129	0.02135	0.01499	0.01396	0.00862	0.01068	0.00739	0.00657	0.00739	0.00164	0.13820	0.00390	0.00287	0.00657
1	0.00965	0.00516	0.00774	0.00774	0.00791	0.00533	0.00533	0.00791	0.00774	0.01048	0.01082	0.01822	0.01065	0.02366	0.14626	0.69811	0.00667	0.00516	0.00258	0.00291
2	0.01317	0.01236	0.02091	0.03085	0.63954	0.01253	0.01584	0.01635	0.01239	0.01780	0.01151	0.01552	0.00992	0.01131	0.13231	0.00293	0.00820	0.00527	0.00287	0.00841
3	0.01334	0.01244	0.02092	0.03107	0.63981	0.01244	0.01618	0.01662	0.01305	0.01843	0.01397	0.02243	0.01298	0.00686	0.00603	0.00185	0.00654	0.12337	0.00323	0.00844
4	0.01325	0.01753	0.15337	0.02415	0.11726	0.01417	0.53678	0.01820	0.01321	0.01833	0.01126	0.01473	0.00849	0.00496	0.00640	0.00188	0.00911	0.00614	0.00281	0.00800
5	0.00832	0.00555	0.00624	0.00624	0.00624	0.00555	0.00347	0.00832	0.00832	0.01109	0.01802	0.03743	0.02080	0.79898	0.02911	0.00555	0.00555	0.00832	0.00347	0.00347
6	0.70259	0.01006	0.00812	0.00759	0.01061	0.01149	0.00605	0.01536	0.00993	0.02385	0.01184	0.13845	0.01139	0.00738	0.00416	0.00186	0.00424	0.00526	0.00383	0.00594
7	0.16264	0.01041	0.01211	0.00980	0.01347	0.01026	0.00794	0.14032	0.01708	0.36278	0.16996	0.02191	0.02047	0.00788	0.00569	0.00182	0.00468	0.00623	0.00617	0.00837
8	0.01245	0.05121	0.58934	0.02012	0.17590	0.01380	0.02010	0.01816	0.01244	0.01835	0.01059	0.01283	0.00791	0.00555	0.00555	0.00182	0.00812	0.00447	0.00261	0.00869
9	0.18075	0.00674	0.00620	0.00600	0.00781	0.00706	0.00459	0.01425	0.01172	0.02247	0.01673	0.01923	0.01318	0.00658	0.00404	0.00148	0.00314	0.00497	0.65739	0.00567
10	0.01397	0.01308	0.02104	0.02973	0.60631	0.01252	0.01543	0.01710	0.01297	0.01894	0.01094	0.01409	0.00922	0.00512	0.00550	0.00158	0.00636	0.00484	0.00305	0.17820
11	0.00849	0.00636	0.00941	0.00940	0.01044	0.00733	0.00728	0.01044	0.00939	0.01357	0.01560	0.02284	0.01456	0.04292	0.77274	0.00921	0.01537	0.00622	0.00317	0.00527
12	0.01377	0.07184	0.08583	0.02268	0.02860	0.01510	0.63647	0.01841	0.01345	0.01823	0.01152	0.01515	0.00877	0.00507	0.00656	0.00193	0.00939	0.00640	0.00293	0.00789
13	0.00882	0.00599	0.00708	0.00734	0.00764	0.00595	0.00479	0.00928	0.00952	0.01263	0.02080	0.04328	0.02351	0.63492	0.02478	0.00499	0.00559	0.15518	0.00394	0.00400
14	0.18299	0.01472	0.02866	0.02084	0.02617	0.01427	0.58827	0.01820	0.01291	0.02009	0.01113	0.01457	0.00846	0.00513	0.00621	0.00195	0.00865	0.00609	0.00313	0.00755
15	0.02240	0.04462	0.01500	0.16914	0.01989	0.01008	0.01012	0.02483	0.01532	0.57685	0.01963	0.01854	0.01278	0.00690	0.00578	0.00183	0.00559	0.00559	0.00603	0.00908
16	0.01024	0.00520	0.00768	0.00766	0.00769	0.00516	0.00511	0.00769	0.00766	0.01024	0.01024	0.01778	0.01021	0.02000	0.02240	0.82964	0.00507	0.00506	0.00259	0.00266
17	0.66540	0.01020	0.00847	0.00767	0.01077	0.01146	0.00617	0.01578	0.01125	0.02534	0.16240	0.01657	0.01628	0.00682	0.00433	0.00183	0.00418	0.00469	0.00421	0.00619
18	0.01256	0.18803	0.61443	0.01514	0.02285	0.01535	0.01887	0.01810	0.01217	0.01743	0.01009	0.01190	0.00756	0.00553	0.00520	0.00175	0.00806	0.00409	0.00253	0.00837
19	0.01097	0.00556	0.00557	0.00555	0.00691	0.00552	0.00414	0.01354	0.01218	0.02158	0.01892	0.02170	0.01492	0.00686	0.00413	0.00139	0.00278	0.00543	0.82686	0.00549

[dist]
# distance from previous block
# <min> <max>
0	1

[block]
# block no. 2 follows, 41 sequences, length 34
# corresponding to MSA columns:
# 194-227
name=unknown_C
#
# <colnr> <probs for GDERKNQSTAVLIFYWHMCP>
#	G	D	E	R	K	N	Q	S	T	A	V	L	I	F	Y	W	H	M	C	P
0	0.01591	0.79454	0.03023	0.01023	0.01514	0.02286	0.01004	0.01755	0.01203	0.01410	0.00864	0.01012	0.00798	0.00534	0.00397	0.00135	0.00633	0.00329	0.00268	0.00767
1	0.01128	0.00831	0.01153	0.22293	0.01878	0.00858	0.00919	0.05837	0.01294	0.06791	0.02281	0.41459	0.02433	0.01245	0.00670	0.00214	0.00510	0.01093	0.00476	0.06638
2	0.01900	0.05981	0.02125	0.01643	0.02042	0.35169	0.21196	0.02227	0.06188	0.10606	0.04188	0.01563	0.01161	0.00647	0.00598	0.00179	0.00878	0.00540	0.00394	0.00778
3	0.01525	0.01292	0.01359	0.01214	0.01548	0.01473	0.00941	0.06776	0.70786	0.02509	0.02331	0.02176	0.01759	0.00813	0.00609	0.00205	0.00485	0.00659	0.00601	0.00940
4	0.24177	0.00949	0.01084	0.00907	0.01243	0.00916	0.00725	0.02049	0.01489	0.35415	0.22225	0.02395	0.02353	0.00829	0.00570	0.00190	0.00438	0.00650	0.00609	0.00789
5	0.00926	0.00719	0.01019	0.01264	0.12787	0.00680	0.00781	0.01102	0.01328	0.01832	0.22926	0.41199	0.03776	0.01437	0.00719	0.00221	0.00406	0.05746	0.00539	0.00594
6	0.01314	0.01196	0.01968	0.02815	0.54854	0.01214	0.01486	0.01595	0.01237	0.01778	0.01267	0.01734	0.01112	0.01595	0.21811	0.00388	0.00935	0.00559	0.00312	0.00828
7	0.01393	0.01329	0.01192	0.01094	0.01380	0.13179	0.00833	0.02338	0.42597	0.02056	0.03108	0.02970	0.22111	0.00974	0.00625	0.00198	0.00522	0.00777	0.00543	0.00782
8	0.01194	0.01127	0.01765	0.56546	0.03288	0.01437	0.01515	0.01483	0.01111	0.01501	0.01010	0.01538	0.00823	0.00734	0.00959	0.00219	0.22281	0.00527	0.00276	0.00667
9	0.01693	0.01375	0.01453	0.01248	0.01612	0.01551	0.00982	0.22721	0.54568	0.02779	0.02118	0.02006	0.01586	0.00793	0.00607	0.00200	0.00524	0.00630	0.00599	0.00955
10	0.60445	0.22938	0.01483	0.00861	0.01255	0.01586	0.00748	0.01733	0.01069	0.02281	0.00865	0.01020	0.00716	0.00564	0.00388	0.00174	0.00512	0.00332	0.00346	0.00685
11	0.01762	0.01510	0.01734	0.01867	0.22171	0.09840	0.01196	0.32062	0.02015	0.02679	0.15201	0.01977	0.01813	0.00760	0.00611	0.00182	0.00642	0.00615	0.00493	0.00870
12	0.00768	0.00549	0.00714	0.00842	0.00882	0.00507	0.00561	0.00848	0.01137	0.01523	0.03196	0.78792	0.03815	0.01823	0.00756	0.00244	0.00356	0.01635	0.00551	0.00500
13	0.24135	0.01289	0.01914	0.02751	0.55620	0.01338	0.01443	0.01735	0.01212	0.02061	0.00999	0.01282	0.00827	0.00516	0.00508	0.00172	0.00614	0.00455	0.00303	0.00827
14	0.01174	0.01075	0.01599	0.57225	0.03264	0.01313	0.01400	0.01896	0.21559	0.01718	0.01378	0.01693	0.01033	0.00628	0.00575	0.00192	0.00677	0.00546	0.00344	0.00710
15	0.02566	0.00973	0.01327	0.01018	0.01460	0.00841	0.00841	0.02788	0.01637	0.76726	0.02257	0.01947	0.01416	0.00708	0.00575	0.00177	0.00487	0.00575	0.00708	0.00973
16	0.00697	0.00498	0.00664	0.00796	0.00830	0.00465	0.00531	0.00796	0.01095	0.01460	0.03153	0.79525	0.03783	0.01792	0.00730	0.00232	0.00332	0.01626	0.00531	0.00465
17	0.23944	0.01081	0.01318	0.01197	0.01323	0.01382	0.01005	0.01418	0.01000	0.01778	0.01265	0.02307	0.01274	0.00999	0.01219	0.00233	0.40025	0.16291	0.00340	0.00602
18	0.01808	0.19318	0.01839	0.01271	0.01625	0.36195	0.01021	0.06030	0.21858	0.01773	0.01287	0.01327	0.01026	0.00624	0.00504	0.00156	0.00759	0.00439	0.00377	0.00761
19	0.02458	0.01147	0.01435	0.01100	0.01547	0.01098	0.00909	0.22510	0.01927	0.56595	0.02013	0.01789	0.01294	0.00702	0.00574	0.00176	0.00526	0.00559	0.00671	0.00973
20	0.01704	0.28264	0.11140	0.01271	0.01710	0.27466	0.01153	0.05820	0.13062	0.01700	0.01124	0.01206	0.00905	0.00585	0.00483	0.00152	0.00758	0.00405	0.00331	0.00763
21	0.01066	0.00533	0.00533	0.00533	0.00666	0.00533	0.00400	0.01333	0.01200	0.02132	0.01866	0.02132	0.01466	0.00666	0.00400	0.00133	0.00267	0.00533	0.83073	0.00533
22	0.01472	0.01434	0.02914	0.02101	0.02648	0.01338	0.58088	0.01971	0.05211	0.09754	0.01325	0.01594	0.00970	0.00518	0.00644	0.00184	0.00853	0.00642	0.00352	0.05988
23	0.01565	0.01371	0.05598	0.02162	0.35478	0.05899	0.01292	0.01867	0.01338	0.13610	0.01231	0.01401	0.00950	0.00524	0.00524	0.00147	0.00609	0.00460	0.00364	0.23609
24	0.24140	0.01195	0.01169	0.01051	0.01382	0.01384	0.00827	0.02666	0.54834	0.02441	0.01906	0.01802	0.01436	0.00709	0.00519	0.00189	0.00450	0.00554	0.00519	0.00827
25	0.00913	0.00704	0.00881	0.00755	0.00992	0.00601	0.00578	0.01179	0.01500	0.02175	0.55376	0.03423	0.04144	0.00964	0.00606	0.00154	0.00312	0.00843	0.00550	0.23351
26	0.01508	0.01271	0.01341	0.01181	0.01520	0.01463	0.00926	0.11148	0.67049	0.02530	0.02220	0.02048	0.01658	0.00766	0.00581	0.00191	0.00473	0.00632	0.00581	0.00913
27	0.01108	0.00644	0.00781	0.00746	0.00946	0.00561	0.00559	0.01267	0.01344	0.18126	0.09665	0.25006	0.34339	0.01359	0.00669	0.00199	0.00343	0.01170	0.00578	0.00590
28	0.02009	0.01520	0.01623	0.01283	0.01711	0.01697	0.01047	0.58711	0.18670	0.03338	0.01583	0.01541	0.01143	0.00706	0.00574	0.00177	0.00591	0.00544	0.00574	0.00958
29	0.01398	0.01410	0.02612	0.03208	0.56138	0.01383	0.21715	0.01777	0.01316	0.01859	0.01098	0.01451	0.00896	0.00502	0.00596	0.00176	0.00758	0.00555	0.00285	0.00869
30	0.01186	0.01017	0.01186	0.00847	0.01356	0.00762	0.00678	0.01440	0.01186	0.01864	0.01017	0.01186	0.00847	0.00424	0.00424	0.00085	0.00424	0.00339	0.00339	0.83395
31	0.23882	0.00691	0.00618	0.00593	0.00787	0.00740	0.00460	0.01429	0.01137	0.02252	0.01571	0.01801	0.01233	0.00629	0.00387	0.00145	0.00315	0.00472	0.60300	0.00557
32	0.61155	0.01082	0.00936	0.00778	0.01175	0.01140	0.00636	0.01615	0.01032	0.02373	0.00857	0.01000	0.00682	0.00501	0.00373	0.00152	0.00437	0.00318	0.00350	0.23409
33	0.01614	0.01735	0.02129	0.02950	0.55802	0.22350	0.01576	0.01901	0.01390	0.01740	0.01023	0.01310	0.00859	0.00532	0.00552	0.00164	0.00776	0.00471	0.00286	0.00839

[dist]
# distance from previous block
# <min> <max>
10	36

# created by:
# /software/SequenceAnalysis/GenePrediction/augustus/3.0.1/scripts/msa2prfl.pl ./fixed/BUSCOvEOG7G7DDR.fas
