[name]
unknown

[dist]
# distance from previous block
# <min> <max>
0	53

[block]
# block no. 0 follows, 39 sequences, length 90
# corresponding to MSA columns:
# 59-148
name=unknown_A
#
# <colnr> <probs for GDERKNQSTAVLIFYWHMCP>
#	G	D	E	R	K	N	Q	S	T	A	V	L	I	F	Y	W	H	M	C	P
0	0.02209	0.02819	0.01676	0.01524	0.01828	0.76843	0.01143	0.02361	0.01676	0.01447	0.00914	0.01066	0.00762	0.00609	0.00533	0.00152	0.01066	0.00381	0.00305	0.00686
1	0.05270	0.00757	0.00911	0.00892	0.01060	0.00756	0.00656	0.08702	0.04647	0.08853	0.14056	0.42199	0.03309	0.01379	0.00676	0.00212	0.00388	0.01215	0.03436	0.00625
2	0.00720	0.00518	0.00682	0.00814	0.00855	0.00481	0.00545	0.00825	0.01142	0.01513	0.03379	0.75628	0.07037	0.01837	0.00752	0.00238	0.00341	0.01662	0.00549	0.00481
3	0.02653	0.01006	0.01372	0.01052	0.01510	0.00869	0.00869	0.02882	0.01693	0.75937	0.02333	0.02013	0.01464	0.00732	0.00595	0.00183	0.00503	0.00595	0.00732	0.01006
4	0.00730	0.00518	0.00683	0.00812	0.00844	0.00486	0.00536	0.00826	0.01114	0.01486	0.03168	0.73915	0.03796	0.06926	0.00903	0.00262	0.00358	0.01627	0.00536	0.00472
5	0.01078	0.00888	0.01113	0.01005	0.01155	0.01002	0.00787	0.05386	0.10984	0.02159	0.37369	0.08390	0.07532	0.01151	0.00945	0.00207	0.16736	0.00923	0.00546	0.00642
6	0.00837	0.00604	0.00790	0.00744	0.00883	0.00558	0.00558	0.01116	0.01674	0.02371	0.75216	0.04417	0.05580	0.01209	0.00697	0.00186	0.00279	0.01069	0.00651	0.00558
7	0.00703	0.00599	0.00605	0.00603	0.00801	0.00501	0.00453	0.00857	0.01358	0.01621	0.08079	0.05653	0.73185	0.01489	0.00699	0.00199	0.00299	0.01243	0.00552	0.00501
8	0.00877	0.00689	0.00921	0.13387	0.01371	0.00716	0.00708	0.01059	0.01283	0.01709	0.25149	0.08766	0.18638	0.13882	0.01184	0.04105	0.03589	0.00976	0.00477	0.00514
9	0.01345	0.01445	0.02885	0.02248	0.09520	0.01326	0.51327	0.01776	0.01360	0.01892	0.01354	0.01683	0.03857	0.00531	0.00643	0.00178	0.00846	0.00644	0.00317	0.14823
10	0.02209	0.02819	0.01676	0.01524	0.01828	0.76843	0.01143	0.02361	0.01676	0.01447	0.00914	0.01066	0.00762	0.00609	0.00533	0.00152	0.01066	0.00381	0.00305	0.00686
11	0.01063	0.00972	0.01611	0.65613	0.03577	0.01189	0.01484	0.01417	0.01183	0.01520	0.01396	0.11128	0.01264	0.00783	0.00619	0.00205	0.00725	0.03308	0.00308	0.00631
12	0.01418	0.01376	0.02398	0.12281	0.62371	0.01400	0.06488	0.01784	0.01330	0.01880	0.01111	0.01486	0.00917	0.00533	0.00594	0.00180	0.00732	0.00538	0.00290	0.00895
13	0.01464	0.01405	0.02400	0.03630	0.75528	0.01405	0.01815	0.01815	0.01347	0.01932	0.01112	0.01464	0.00937	0.00527	0.00585	0.00176	0.00703	0.00527	0.00293	0.00937
14	0.00744	0.00607	0.00665	0.00686	0.00866	0.00528	0.00531	0.00918	0.01362	0.01669	0.10020	0.08713	0.57774	0.01512	0.00718	0.00211	0.00334	0.11078	0.00555	0.00509
15	0.02209	0.02819	0.01676	0.01524	0.01828	0.76843	0.01143	0.02361	0.01676	0.01447	0.00914	0.01066	0.00762	0.00609	0.00533	0.00152	0.01066	0.00381	0.00305	0.00686
16	0.02248	0.01656	0.01775	0.01361	0.01834	0.01834	0.01124	0.73556	0.02780	0.03727	0.01420	0.01420	0.01006	0.00710	0.00592	0.00177	0.00651	0.00532	0.00592	0.01006
17	0.01447	0.01223	0.01286	0.01161	0.01482	0.01411	0.00902	0.03027	0.69658	0.02456	0.02376	0.02206	0.01786	0.00795	0.00589	0.00196	0.00455	0.00661	0.05973	0.00911
18	0.01471	0.01270	0.01337	0.01203	0.01538	0.01471	0.00936	0.03142	0.74459	0.02474	0.02407	0.02206	0.01805	0.00802	0.00602	0.00201	0.00468	0.00669	0.00602	0.00936
19	0.00735	0.00530	0.00699	0.00830	0.00879	0.00494	0.00570	0.00851	0.01158	0.01531	0.03388	0.70427	0.07461	0.01821	0.00756	0.00240	0.00354	0.06241	0.00549	0.00486
20	0.00845	0.00634	0.00950	0.00950	0.01056	0.00739	0.00739	0.01056	0.00950	0.01373	0.01584	0.02323	0.01478	0.04435	0.76873	0.00950	0.01584	0.00634	0.00317	0.00528
21	0.02248	0.01656	0.01775	0.01361	0.01834	0.01834	0.01124	0.73556	0.02780	0.03727	0.01420	0.01420	0.01006	0.00710	0.00592	0.00177	0.00651	0.00532	0.00592	0.01006
22	0.01431	0.01086	0.01211	0.01120	0.01405	0.01203	0.00867	0.02622	0.51018	0.09381	0.02583	0.15035	0.02213	0.01018	0.00639	0.00210	0.00455	0.05057	0.00602	0.00845
23	0.02209	0.02819	0.01676	0.01524	0.01828	0.76843	0.01143	0.02361	0.01676	0.01447	0.00914	0.01066	0.00762	0.00609	0.00533	0.00152	0.01066	0.00381	0.00305	0.00686
24	0.00721	0.00515	0.00686	0.00823	0.00858	0.00480	0.00549	0.00823	0.01132	0.01510	0.03259	0.78831	0.03911	0.01853	0.00755	0.00240	0.00343	0.01681	0.00549	0.00480
25	0.00837	0.00604	0.00790	0.00744	0.00883	0.00558	0.00558	0.01116	0.01674	0.02371	0.75216	0.04417	0.05580	0.01209	0.00697	0.00186	0.00279	0.01069	0.00651	0.00558
26	0.00733	0.00602	0.00639	0.00638	0.00818	0.00517	0.00477	0.00898	0.01371	0.01687	0.14983	0.05475	0.60241	0.04868	0.00804	0.00217	0.00317	0.03657	0.00554	0.00503
27	0.02248	0.01656	0.01775	0.01361	0.01834	0.01834	0.01124	0.73556	0.02780	0.03727	0.01420	0.01420	0.01006	0.00710	0.00592	0.00177	0.00651	0.00532	0.00592	0.01006
28	0.01581	0.79572	0.03099	0.01012	0.01518	0.02340	0.01012	0.01771	0.01202	0.01391	0.00822	0.00949	0.00759	0.00506	0.00379	0.00126	0.00632	0.00316	0.00253	0.00759
29	0.00700	0.00595	0.00603	0.00609	0.00801	0.00498	0.00454	0.00848	0.01338	0.01594	0.05871	0.08895	0.72162	0.01513	0.00701	0.00201	0.00301	0.01267	0.00549	0.00498
30	0.00719	0.00520	0.00680	0.00809	0.00854	0.00482	0.00542	0.00825	0.01146	0.01515	0.03439	0.74034	0.08592	0.01829	0.00751	0.00238	0.00340	0.01653	0.00549	0.00482
31	0.00860	0.00573	0.00645	0.00645	0.00645	0.00573	0.00358	0.00860	0.00860	0.01147	0.01863	0.03870	0.02150	0.79217	0.03010	0.00573	0.00573	0.00860	0.00358	0.00358
32	0.01539	0.01246	0.01325	0.01176	0.01513	0.01423	0.00919	0.06332	0.64963	0.05502	0.02337	0.02162	0.01741	0.00790	0.00593	0.00196	0.00470	0.00654	0.04193	0.00925
33	0.01279	0.01082	0.01168	0.01097	0.01362	0.01220	0.00833	0.02553	0.55805	0.02232	0.02744	0.18506	0.05467	0.01054	0.00638	0.00209	0.00434	0.00907	0.00588	0.00821
34	0.02587	0.01113	0.01438	0.01103	0.01563	0.01028	0.00911	0.14486	0.01871	0.64081	0.02183	0.01915	0.01389	0.00728	0.00594	0.00182	0.00527	0.00584	0.00709	0.01006
35	0.00727	0.00519	0.00692	0.00819	0.00859	0.00484	0.00549	0.00839	0.01161	0.01555	0.07026	0.74936	0.03999	0.01819	0.00752	0.00237	0.00340	0.01649	0.00554	0.00484
36	0.01226	0.01051	0.01226	0.00876	0.01401	0.00788	0.00701	0.01489	0.01226	0.01927	0.01051	0.01226	0.00876	0.00438	0.00438	0.00088	0.00438	0.00350	0.00350	0.82832
37	0.01311	0.01060	0.01160	0.01082	0.01339	0.01187	0.00817	0.02507	0.52009	0.04437	0.05245	0.16681	0.02347	0.05116	0.00760	0.00226	0.00444	0.00880	0.00585	0.00809
38	0.01117	0.01051	0.01774	0.77795	0.04073	0.01314	0.01642	0.01511	0.01182	0.01511	0.01051	0.01577	0.00788	0.00591	0.00591	0.00197	0.00788	0.00526	0.00263	0.00657
39	0.00710	0.00595	0.00617	0.00621	0.00808	0.00502	0.00462	0.00866	0.01359	0.01647	0.10646	0.09431	0.66720	0.01496	0.00702	0.00201	0.00300	0.01258	0.00556	0.00502
40	0.01935	0.00872	0.01156	0.00953	0.01290	0.00782	0.00769	0.02236	0.04615	0.45766	0.23943	0.03042	0.05339	0.00938	0.00638	0.00189	0.00430	0.03583	0.00689	0.00836
41	0.00845	0.00634	0.00950	0.00950	0.01056	0.00739	0.00739	0.01056	0.00950	0.01373	0.01584	0.02323	0.01478	0.04435	0.76873	0.00950	0.01584	0.00634	0.00317	0.00528
42	0.00845	0.00634	0.00950	0.00950	0.01056	0.00739	0.00739	0.01056	0.00950	0.01373	0.01584	0.02323	0.01478	0.04435	0.76873	0.00950	0.01584	0.00634	0.00317	0.00528
43	0.06706	0.01013	0.01347	0.01038	0.01491	0.00892	0.00858	0.02825	0.01658	0.72258	0.02257	0.01960	0.01423	0.00723	0.00583	0.00183	0.00501	0.00581	0.00714	0.00988
44	0.00865	0.00655	0.00942	0.04550	0.01210	0.00646	0.03607	0.03184	0.01247	0.01652	0.02990	0.53282	0.03442	0.01655	0.00754	0.00242	0.00445	0.17572	0.00526	0.00532
45	0.78021	0.01161	0.00970	0.00965	0.06022	0.01332	0.00717	0.01743	0.01029	0.02606	0.00842	0.00994	0.00660	0.00548	0.00380	0.00183	0.00474	0.00334	0.00361	0.00660
46	0.00860	0.00573	0.00645	0.00645	0.00645	0.00573	0.00358	0.00860	0.00860	0.01147	0.01863	0.03870	0.02150	0.79217	0.03010	0.00573	0.00573	0.00860	0.00358	0.00358
47	0.01491	0.49244	0.02596	0.01221	0.01538	0.03903	0.01118	0.01658	0.01105	0.01404	0.00808	0.01077	0.00765	0.00701	0.00952	0.00175	0.28880	0.00391	0.00256	0.00716
48	0.01027	0.00514	0.00770	0.00770	0.00770	0.00514	0.00514	0.00770	0.00770	0.01027	0.01027	0.01798	0.01027	0.02054	0.02311	0.82794	0.00514	0.00514	0.00257	0.00257
49	0.01254	0.01141	0.01725	0.34453	0.10552	0.01159	0.04966	0.04421	0.01291	0.01818	0.01080	0.01429	0.00851	0.00527	0.00539	0.00154	0.00654	0.00470	0.00313	0.31203
50	0.00772	0.00594	0.00672	0.00708	0.00836	0.00538	0.00516	0.00905	0.01231	0.01535	0.05823	0.14948	0.40015	0.17113	0.01185	0.00289	0.00393	0.10936	0.00512	0.00476
51	0.83394	0.01144	0.00869	0.00778	0.01144	0.01327	0.00640	0.01738	0.01006	0.02653	0.00823	0.00961	0.00640	0.00549	0.00366	0.00183	0.00457	0.00320	0.00366	0.00640
52	0.01340	0.32804	0.47753	0.01424	0.02155	0.01749	0.01729	0.01833	0.01230	0.01686	0.00968	0.01132	0.00753	0.00540	0.00491	0.00164	0.00780	0.00390	0.00251	0.00829
53	0.06210	0.01001	0.01310	0.01017	0.01450	0.00888	0.00835	0.04390	0.01667	0.62338	0.07538	0.02094	0.01693	0.00746	0.00585	0.00179	0.00486	0.00605	0.00690	0.04277
54	0.00733	0.00523	0.00700	0.00837	0.00877	0.00491	0.00570	0.00844	0.01144	0.01523	0.03253	0.75054	0.03885	0.01841	0.00758	0.00242	0.00354	0.05338	0.00549	0.00484
55	0.01102	0.00551	0.00551	0.00551	0.00689	0.00551	0.00413	0.01378	0.01240	0.02205	0.01929	0.02205	0.01516	0.00689	0.00413	0.00138	0.00276	0.00551	0.82500	0.00551
56	0.01207	0.01143	0.01937	0.58443	0.22718	0.01338	0.01687	0.01590	0.01225	0.01621	0.01067	0.01547	0.00827	0.00574	0.00590	0.00191	0.00766	0.00526	0.00271	0.00730
57	0.00798	0.00610	0.00652	0.00649	0.00842	0.00517	0.00484	0.00952	0.01356	0.05081	0.08481	0.12966	0.61572	0.01486	0.00700	0.00202	0.00313	0.01255	0.00562	0.00523
58	0.01528	0.01283	0.01361	0.01200	0.01540	0.01469	0.00939	0.10924	0.63054	0.02609	0.05685	0.02221	0.01891	0.00811	0.00605	0.00197	0.00480	0.00672	0.00603	0.00926
59	0.15862	0.01062	0.01305	0.01024	0.01463	0.01000	0.00844	0.05569	0.03573	0.59007	0.02050	0.01821	0.01319	0.00703	0.00557	0.00183	0.00501	0.00549	0.00663	0.00944
60	0.00731	0.00519	0.00683	0.00810	0.00841	0.00488	0.00534	0.00826	0.01111	0.01482	0.03152	0.73059	0.03776	0.07810	0.00928	0.00266	0.00361	0.01618	0.00534	0.00471
61	0.00841	0.00592	0.00758	0.00751	0.00875	0.00543	0.00545	0.01058	0.01493	0.03738	0.48553	0.20808	0.11236	0.04531	0.00802	0.00215	0.00312	0.01201	0.00609	0.00538
62	0.00860	0.00573	0.00645	0.00645	0.00645	0.00573	0.00358	0.00860	0.00860	0.01147	0.01863	0.03870	0.02150	0.79217	0.03010	0.00573	0.00573	0.00860	0.00358	0.00358
63	0.00845	0.00634	0.00950	0.00950	0.01056	0.00739	0.00739	0.01056	0.00950	0.01373	0.01584	0.02323	0.01478	0.04435	0.76873	0.00950	0.01584	0.00634	0.00317	0.00528
64	0.00712	0.00603	0.00618	0.00625	0.00821	0.00509	0.00476	0.00868	0.01349	0.01607	0.05841	0.05743	0.71525	0.01505	0.00705	0.00203	0.00312	0.04928	0.00549	0.00502
65	0.02209	0.02819	0.01676	0.01524	0.01828	0.76843	0.01143	0.02361	0.01676	0.01447	0.00914	0.01066	0.00762	0.00609	0.00533	0.00152	0.01066	0.00381	0.00305	0.00686
66	0.01408	0.01209	0.01282	0.01168	0.01486	0.01385	0.00912	0.02938	0.67387	0.02397	0.02621	0.02589	0.05568	0.00876	0.00617	0.00204	0.00463	0.03997	0.00596	0.00896
67	0.00845	0.00634	0.00950	0.00950	0.01056	0.00739	0.00739	0.01056	0.00950	0.01373	0.01584	0.02323	0.01478	0.04435	0.76873	0.00950	0.01584	0.00634	0.00317	0.00528
68	0.02653	0.01006	0.01372	0.01052	0.01510	0.00869	0.00869	0.02882	0.01693	0.75937	0.02333	0.02013	0.01464	0.00732	0.00595	0.00183	0.00503	0.00595	0.00732	0.01006
69	0.79341	0.01137	0.00894	0.00791	0.01162	0.01304	0.00652	0.01796	0.01041	0.06332	0.00899	0.01013	0.00682	0.00558	0.00377	0.00183	0.00460	0.00334	0.00384	0.00659
70	0.00837	0.00604	0.00790	0.00744	0.00883	0.00558	0.00558	0.01116	0.01674	0.02371	0.75216	0.04417	0.05580	0.01209	0.00697	0.00186	0.00279	0.01069	0.00651	0.00558
71	0.02209	0.02819	0.01676	0.01524	0.01828	0.76843	0.01143	0.02361	0.01676	0.01447	0.00914	0.01066	0.00762	0.00609	0.00533	0.00152	0.01066	0.00381	0.00305	0.00686
72	0.00860	0.00573	0.00645	0.00645	0.00645	0.00573	0.00358	0.00860	0.00860	0.01147	0.01863	0.03870	0.02150	0.79217	0.03010	0.00573	0.00573	0.00860	0.00358	0.00358
73	0.00953	0.00681	0.00953	0.01089	0.01225	0.00681	0.00953	0.01225	0.01361	0.01770	0.03131	0.06671	0.03403	0.01634	0.00817	0.00272	0.00545	0.71547	0.00545	0.00545
74	0.01471	0.01270	0.01337	0.01203	0.01538	0.01471	0.00936	0.03142	0.74459	0.02474	0.02407	0.02206	0.01805	0.00802	0.00602	0.00201	0.00468	0.00669	0.00602	0.00936
75	0.01102	0.00551	0.00551	0.00551	0.00689	0.00551	0.00413	0.01378	0.01240	0.02205	0.01929	0.02205	0.01516	0.00689	0.00413	0.00138	0.00276	0.00551	0.82500	0.00551
76	0.00735	0.00525	0.00703	0.00840	0.00881	0.00493	0.00575	0.00849	0.01147	0.01526	0.03251	0.74262	0.03879	0.01839	0.00759	0.00242	0.00356	0.06105	0.00549	0.00484
77	0.04422	0.01643	0.01751	0.01345	0.01815	0.01820	0.01111	0.71632	0.02733	0.03698	0.01404	0.01408	0.00996	0.00706	0.00586	0.00178	0.00646	0.00527	0.00586	0.00996
78	0.00740	0.00599	0.00647	0.00636	0.00811	0.00517	0.00471	0.00913	0.01401	0.01759	0.22241	0.05297	0.55044	0.05331	0.00815	0.00215	0.00308	0.01186	0.00564	0.00506
79	0.01581	0.79572	0.03099	0.01012	0.01518	0.02340	0.01012	0.01771	0.01202	0.01391	0.00822	0.00949	0.00759	0.00506	0.00379	0.00126	0.00632	0.00316	0.00253	0.00759
80	0.01117	0.01051	0.01774	0.77795	0.04073	0.01314	0.01642	0.01511	0.01182	0.01511	0.01051	0.01577	0.00788	0.00591	0.00591	0.00197	0.00788	0.00526	0.00263	0.00657
81	0.00859	0.00577	0.00665	0.00665	0.00672	0.00584	0.00383	0.00873	0.00866	0.01161	0.01845	0.03769	0.02106	0.74312	0.07854	0.00598	0.00640	0.00845	0.00356	0.00369
82	0.00791	0.00578	0.00631	0.00642	0.00717	0.00539	0.00406	0.00853	0.01059	0.01339	0.03477	0.10152	0.29022	0.45006	0.01996	0.00412	0.00456	0.01063	0.00442	0.00419
83	0.02653	0.01006	0.01372	0.01052	0.01510	0.00869	0.00869	0.02882	0.01693	0.75937	0.02333	0.02013	0.01464	0.00732	0.00595	0.00183	0.00503	0.00595	0.00732	0.01006
84	0.00837	0.00604	0.00790	0.00744	0.00883	0.00558	0.00558	0.01116	0.01674	0.02371	0.75216	0.04417	0.05580	0.01209	0.00697	0.00186	0.00279	0.01069	0.00651	0.00558
85	0.00837	0.00604	0.00790	0.00744	0.00883	0.00558	0.00558	0.01116	0.01674	0.02371	0.75216	0.04417	0.05580	0.01209	0.00697	0.00186	0.00279	0.01069	0.00651	0.00558
86	0.01173	0.01130	0.01574	0.01399	0.01406	0.01531	0.01137	0.01297	0.00953	0.01441	0.01300	0.17634	0.01437	0.01207	0.01691	0.00255	0.61741	0.00763	0.00320	0.00612
87	0.01226	0.01051	0.01226	0.00876	0.01401	0.00788	0.00701	0.01489	0.01226	0.01927	0.01051	0.01226	0.00876	0.00438	0.00438	0.00088	0.00438	0.00350	0.00350	0.82832
88	0.00759	0.00553	0.00727	0.00834	0.00863	0.00545	0.00558	0.00852	0.01093	0.01466	0.03006	0.67485	0.03591	0.10281	0.01050	0.00277	0.03525	0.01544	0.00516	0.00474
89	0.01135	0.01087	0.01886	0.72857	0.04009	0.01326	0.06347	0.01536	0.01196	0.01536	0.01061	0.01578	0.00795	0.00585	0.00598	0.00197	0.00802	0.00537	0.00265	0.00666

[dist]
# distance from previous block
# <min> <max>
1	2

[block]
# block no. 1 follows, 39 sequences, length 34
# corresponding to MSA columns:
# 151-184
name=unknown_B
#
# <colnr> <probs for GDERKNQSTAVLIFYWHMCP>
#	G	D	E	R	K	N	Q	S	T	A	V	L	I	F	Y	W	H	M	C	P
0	0.01379	0.01319	0.02248	0.21627	0.58188	0.01383	0.01773	0.01741	0.01307	0.01830	0.01098	0.01491	0.00901	0.00543	0.00587	0.00181	0.00723	0.00527	0.00285	0.00869
1	0.00812	0.00611	0.00733	0.00795	0.00919	0.00569	0.00610	0.00970	0.01242	0.01565	0.04011	0.14830	0.30427	0.14899	0.01140	0.00292	0.00432	0.24140	0.00515	0.00488
2	0.01286	0.01224	0.02079	0.41645	0.38902	0.01358	0.01726	0.01659	0.01262	0.01716	0.01081	0.01522	0.00861	0.00560	0.00588	0.00187	0.00747	0.00526	0.00277	0.00793
3	0.01297	0.01280	0.01958	0.49996	0.25683	0.06501	0.01661	0.01662	0.01266	0.01635	0.01060	0.01507	0.00832	0.00573	0.00586	0.00187	0.00781	0.00516	0.00275	0.00744
4	0.00840	0.00783	0.04634	0.00750	0.00990	0.00618	0.00614	0.01122	0.03688	0.01957	0.31518	0.04530	0.37043	0.01237	0.00668	0.00185	0.00337	0.01052	0.00559	0.06872
5	0.01474	0.02156	0.33468	0.02227	0.22983	0.01494	0.06927	0.14621	0.01544	0.02201	0.01136	0.01367	0.00860	0.00596	0.00648	0.00186	0.04387	0.00502	0.00327	0.00899
6	0.01459	0.01557	0.01531	0.01489	0.06741	0.24075	0.01100	0.01639	0.01198	0.01495	0.01105	0.01543	0.00998	0.01708	0.20182	0.00388	0.26087	0.00508	0.04552	0.00644
7	0.01976	0.00857	0.01155	0.00937	0.01276	0.00753	0.00753	0.02224	0.01686	0.48506	0.29510	0.02909	0.02999	0.00910	0.00633	0.00184	0.00420	0.00772	0.00702	0.00839
8	0.01361	0.01293	0.02160	0.25468	0.50532	0.01382	0.01718	0.01794	0.05087	0.01835	0.01161	0.01536	0.00938	0.00560	0.00588	0.00183	0.00716	0.00534	0.00300	0.00854
9	0.28295	0.00790	0.00850	0.00820	0.01021	0.00891	0.00643	0.01363	0.01043	0.03490	0.01493	0.05786	0.01332	0.02294	0.32892	0.00504	0.00900	0.00569	0.14446	0.00577
10	0.00745	0.00601	0.00663	0.00648	0.00827	0.00519	0.00486	0.00938	0.01457	0.01856	0.29139	0.05265	0.51978	0.01401	0.00698	0.00195	0.00293	0.01188	0.00583	0.00519
11	0.01102	0.00551	0.00551	0.00551	0.00689	0.00551	0.00413	0.01378	0.01240	0.02205	0.01929	0.02205	0.01516	0.00689	0.00413	0.00138	0.00276	0.00551	0.82500	0.00551
12	0.06678	0.00627	0.00693	0.00684	0.00852	0.00581	0.00510	0.01046	0.01408	0.01987	0.29771	0.12602	0.31594	0.01303	0.00659	0.00193	0.00306	0.01112	0.06861	0.00532
13	0.20713	0.00736	0.00737	0.00708	0.00824	0.00779	0.00471	0.02921	0.01028	0.01713	0.06907	0.06980	0.02074	0.46253	0.01949	0.00411	0.00505	0.00770	0.03053	0.00469
14	0.00821	0.00604	0.00769	0.00728	0.00874	0.00551	0.00546	0.01086	0.01637	0.02284	0.67387	0.04562	0.13463	0.01242	0.00698	0.00188	0.00281	0.01090	0.00639	0.00551
15	0.01027	0.00514	0.00770	0.00770	0.00770	0.00514	0.00514	0.00770	0.00770	0.01027	0.01027	0.01798	0.01027	0.02054	0.02311	0.82794	0.00514	0.00514	0.00257	0.00257
16	0.00769	0.00587	0.00676	0.00703	0.00827	0.00530	0.00504	0.00914	0.01281	0.01639	0.15250	0.17799	0.35114	0.14341	0.01098	0.00271	0.00367	0.06309	0.00533	0.00485
17	0.00728	0.00534	0.00684	0.00788	0.00852	0.00490	0.00537	0.00853	0.01208	0.01598	0.10052	0.62788	0.13215	0.01750	0.00743	0.00230	0.00332	0.01571	0.00558	0.00490
18	0.00837	0.00604	0.00790	0.00744	0.00883	0.00558	0.00558	0.01116	0.01674	0.02371	0.75216	0.04417	0.05580	0.01209	0.00697	0.00186	0.00279	0.01069	0.00651	0.00558
19	0.00811	0.00553	0.00659	0.00707	0.00719	0.00541	0.00425	0.00847	0.00955	0.01273	0.02349	0.29954	0.02763	0.52296	0.02225	0.00457	0.00493	0.01146	0.00425	0.00401
20	0.12381	0.01042	0.01265	0.01019	0.01419	0.01002	0.00842	0.10873	0.01678	0.47351	0.02064	0.02159	0.01450	0.00768	0.00568	0.00185	0.00500	0.05609	0.06931	0.00893
21	0.01396	0.01595	0.03490	0.02493	0.03091	0.01496	0.73380	0.01894	0.01396	0.01894	0.01196	0.01595	0.00897	0.00499	0.00698	0.00199	0.00997	0.00698	0.00299	0.00798
22	0.01471	0.01270	0.01337	0.01203	0.01538	0.01471	0.00936	0.03142	0.74459	0.02474	0.02407	0.02206	0.01805	0.00802	0.00602	0.00201	0.00468	0.00669	0.00602	0.00936
23	0.00739	0.00525	0.00688	0.00804	0.00840	0.00493	0.00533	0.00842	0.01137	0.01524	0.06985	0.68265	0.03846	0.08615	0.00950	0.00267	0.00360	0.01576	0.00538	0.00474
24	0.01226	0.01051	0.01226	0.00876	0.01401	0.00788	0.00701	0.01489	0.01226	0.01927	0.01051	0.01226	0.00876	0.00438	0.00438	0.00088	0.00438	0.00350	0.00350	0.82832
25	0.00721	0.00515	0.00686	0.00823	0.00858	0.00480	0.00549	0.00823	0.01132	0.01510	0.03259	0.78831	0.03911	0.01853	0.00755	0.00240	0.00343	0.01681	0.00549	0.00480
26	0.00730	0.00519	0.00683	0.00811	0.00843	0.00487	0.00536	0.00826	0.01114	0.01485	0.03164	0.73710	0.03791	0.07137	0.00909	0.00263	0.00359	0.01625	0.00536	0.00472
27	0.11208	0.00998	0.00922	0.00858	0.01107	0.08601	0.00665	0.06484	0.01466	0.07606	0.07243	0.10763	0.33833	0.01201	0.00637	0.00197	0.00454	0.04619	0.00523	0.00614
28	0.01538	0.01545	0.01745	0.01836	0.15526	0.19220	0.07547	0.08763	0.03378	0.01922	0.01803	0.03004	0.02977	0.00939	0.00722	0.00206	0.04627	0.21556	0.00410	0.00733
29	0.01468	0.05568	0.05068	0.01171	0.01666	0.05440	0.05867	0.12919	0.05285	0.02167	0.01277	0.01592	0.01058	0.00584	0.00516	0.00135	0.00583	0.04113	0.00395	0.43127
30	0.00935	0.00668	0.00932	0.01069	0.01197	0.00665	0.00922	0.01194	0.01344	0.01750	0.03141	0.12208	0.03442	0.01650	0.00812	0.00270	0.00529	0.66186	0.00545	0.00540
31	0.01969	0.01487	0.01585	0.01272	0.01687	0.01661	0.01032	0.50044	0.22473	0.03295	0.01721	0.01681	0.01255	0.00734	0.00584	0.00182	0.00579	0.00571	0.05226	0.00961
32	0.01611	0.01760	0.02158	0.07943	0.34278	0.21841	0.07037	0.01890	0.01364	0.01695	0.01012	0.01350	0.00853	0.00625	0.00777	0.00185	0.12035	0.00499	0.00289	0.00796
33	0.01291	0.08710	0.20559	0.05809	0.04531	0.05636	0.23014	0.01777	0.05084	0.01783	0.02901	0.07060	0.06471	0.00727	0.00637	0.00190	0.02047	0.00676	0.00337	0.00761

[dist]
# distance from previous block
# <min> <max>
1	2

[block]
# block no. 2 follows, 39 sequences, length 14
# corresponding to MSA columns:
# 188-201
name=unknown_C
#
# <colnr> <probs for GDERKNQSTAVLIFYWHMCP>
#	G	D	E	R	K	N	Q	S	T	A	V	L	I	F	Y	W	H	M	C	P
0	0.07865	0.16503	0.07980	0.01250	0.01703	0.19725	0.04005	0.04852	0.04289	0.20053	0.01485	0.01497	0.03087	0.00639	0.00523	0.00165	0.00708	0.00475	0.00430	0.02766
1	0.33586	0.06433	0.31803	0.01389	0.06314	0.04506	0.01402	0.04896	0.01240	0.02218	0.00967	0.01132	0.00730	0.00560	0.00476	0.00180	0.00685	0.00392	0.00315	0.00778
2	0.01116	0.01010	0.01645	0.40858	0.16413	0.01177	0.01388	0.01434	0.01173	0.01586	0.05043	0.01954	0.01256	0.06390	0.11983	0.00330	0.03686	0.00592	0.00303	0.00665
3	0.01040	0.00886	0.00931	0.00870	0.01121	0.00919	0.00666	0.01851	0.32572	0.02039	0.10468	0.04094	0.37886	0.01176	0.00657	0.00199	0.00370	0.00985	0.00580	0.00691
4	0.01538	0.01304	0.01375	0.01217	0.01563	0.01502	0.00952	0.09252	0.68240	0.02583	0.02321	0.02138	0.01736	0.00794	0.00601	0.00199	0.00484	0.00657	0.00601	0.00942
5	0.01102	0.00551	0.00551	0.00551	0.00689	0.00551	0.00413	0.01378	0.01240	0.02205	0.01929	0.02205	0.01516	0.00689	0.00413	0.00138	0.00276	0.00551	0.82500	0.00551
6	0.00953	0.00681	0.00953	0.01089	0.01225	0.00681	0.00953	0.01225	0.01361	0.01770	0.03131	0.06671	0.03403	0.01634	0.00817	0.00272	0.00545	0.71547	0.00545	0.00545
7	0.01186	0.03059	0.76153	0.01686	0.02560	0.01373	0.02185	0.01873	0.01249	0.01873	0.01061	0.01249	0.00749	0.00562	0.00562	0.00187	0.00874	0.00437	0.00250	0.00874
8	0.00845	0.00634	0.00950	0.00950	0.01056	0.00739	0.00739	0.01056	0.00950	0.01373	0.01584	0.02323	0.01478	0.04435	0.76873	0.00950	0.01584	0.00634	0.00317	0.00528
9	0.01226	0.01051	0.01226	0.00876	0.01401	0.00788	0.00701	0.01489	0.01226	0.01927	0.01051	0.01226	0.00876	0.00438	0.00438	0.00088	0.00438	0.00350	0.00350	0.82832
10	0.02132	0.02665	0.01696	0.01616	0.05616	0.69029	0.01167	0.02374	0.05445	0.01526	0.01002	0.01146	0.00825	0.00615	0.00539	0.00156	0.01017	0.00403	0.00320	0.00712
11	0.00847	0.00568	0.00649	0.00662	0.00665	0.00565	0.00376	0.00857	0.00886	0.01181	0.01996	0.10986	0.02317	0.71873	0.02796	0.00542	0.00551	0.00938	0.00376	0.00370
12	0.01224	0.10322	0.69218	0.01622	0.02461	0.01465	0.02074	0.01863	0.01244	0.01827	0.01039	0.01220	0.00750	0.00557	0.00545	0.00182	0.00851	0.00426	0.00250	0.00863
13	0.07542	0.09941	0.31827	0.01984	0.17979	0.04719	0.07404	0.01973	0.07629	0.01932	0.01152	0.01346	0.00886	0.00566	0.00547	0.00179	0.00764	0.00474	0.00305	0.00850

[dist]
# distance from previous block
# <min> <max>
2	3

[block]
# block no. 3 follows, 39 sequences, length 82
# corresponding to MSA columns:
# 206-287
name=unknown_D
#
# <colnr> <probs for GDERKNQSTAVLIFYWHMCP>
#	G	D	E	R	K	N	Q	S	T	A	V	L	I	F	Y	W	H	M	C	P
0	0.01878	0.01795	0.01664	0.01398	0.01670	0.22607	0.01115	0.29550	0.01845	0.02305	0.01153	0.01457	0.00962	0.05133	0.03927	0.00241	0.19610	0.00508	0.00408	0.00776
1	0.00724	0.00535	0.00677	0.00780	0.00849	0.00488	0.00532	0.00845	0.01202	0.01576	0.07995	0.61718	0.16410	0.01753	0.00742	0.00230	0.00332	0.01570	0.00555	0.00488
2	0.01536	0.01077	0.01283	0.00934	0.01445	0.00861	0.00754	0.05724	0.01395	0.15172	0.01299	0.01377	0.00988	0.00505	0.00474	0.00110	0.00461	0.00404	0.00431	0.63771
3	0.01075	0.00711	0.00999	0.00927	0.01028	0.00743	0.04154	0.01268	0.13093	0.01436	0.06057	0.03657	0.01613	0.08328	0.06893	0.45985	0.00589	0.00642	0.00359	0.00446
4	0.00747	0.00610	0.00669	0.00701	0.00881	0.00532	0.00548	0.00917	0.01340	0.01625	0.05327	0.09451	0.58476	0.01540	0.00724	0.00215	0.00347	0.14296	0.00548	0.00507
5	0.00721	0.00515	0.00686	0.00823	0.00858	0.00480	0.00549	0.00823	0.01132	0.01510	0.03259	0.78831	0.03911	0.01853	0.00755	0.00240	0.00343	0.01681	0.00549	0.00480
6	0.00714	0.00540	0.00660	0.00757	0.00840	0.00486	0.00520	0.00831	0.01196	0.01536	0.04067	0.57214	0.25007	0.01748	0.00738	0.00228	0.00330	0.01553	0.00549	0.00486
7	0.80522	0.01139	0.00887	0.00787	0.01157	0.01310	0.00649	0.01779	0.01031	0.05260	0.00877	0.00998	0.00670	0.00555	0.00374	0.00183	0.00459	0.00330	0.00379	0.00653
8	0.07435	0.01015	0.01343	0.01036	0.01488	0.00896	0.00856	0.02814	0.01652	0.71597	0.02244	0.01951	0.01415	0.00721	0.00581	0.00183	0.00501	0.00578	0.00710	0.00985
9	0.01016	0.00567	0.00611	0.00600	0.00741	0.00550	0.00450	0.01285	0.01349	0.02208	0.19489	0.02934	0.06845	0.00860	0.00497	0.00153	0.00278	0.00715	0.58303	0.00550
10	0.05046	0.00590	0.00675	0.00700	0.00736	0.00589	0.00431	0.00912	0.00983	0.01387	0.06734	0.21578	0.02706	0.51916	0.02194	0.00450	0.00494	0.01041	0.00422	0.00414
11	0.00725	0.00572	0.00656	0.00712	0.00845	0.00504	0.00515	0.00868	0.01281	0.01602	0.07305	0.32523	0.42952	0.01625	0.00725	0.00218	0.00327	0.04995	0.00552	0.00497
12	0.83394	0.01144	0.00869	0.00778	0.01144	0.01327	0.00640	0.01738	0.01006	0.02653	0.00823	0.00961	0.00640	0.00549	0.00366	0.00183	0.00457	0.00320	0.00366	0.00640
13	0.00846	0.00629	0.00925	0.00925	0.01022	0.00726	0.00708	0.01040	0.00943	0.01354	0.01607	0.02451	0.01534	0.10608	0.70777	0.00919	0.01501	0.00652	0.00320	0.00514
14	0.06014	0.00642	0.00773	0.00732	0.00897	0.00600	0.00552	0.01136	0.01562	0.03622	0.55783	0.07002	0.16053	0.01227	0.00677	0.00190	0.00300	0.01063	0.00615	0.00560
15	0.00718	0.00554	0.00647	0.00718	0.00822	0.00493	0.00496	0.00836	0.01211	0.01529	0.04360	0.43618	0.34444	0.05656	0.00846	0.00240	0.00336	0.01453	0.00539	0.00482
16	0.01226	0.01051	0.01226	0.00876	0.01401	0.00788	0.00701	0.01489	0.01226	0.01927	0.01051	0.01226	0.00876	0.00438	0.00438	0.00088	0.00438	0.00350	0.00350	0.82832
17	0.00754	0.00549	0.00713	0.00807	0.00881	0.00509	0.00568	0.00902	0.01260	0.01681	0.15676	0.54446	0.10942	0.01695	0.00744	0.00229	0.00342	0.06236	0.00566	0.00500
18	0.16208	0.00734	0.00785	0.00763	0.00964	0.00727	0.00582	0.01263	0.04548	0.04244	0.24803	0.14251	0.23065	0.01237	0.00641	0.00200	0.00351	0.03505	0.00553	0.00576
19	0.00933	0.00798	0.00825	0.00784	0.01021	0.00789	0.00598	0.01538	0.22970	0.01889	0.07809	0.04608	0.50673	0.01280	0.00670	0.00199	0.00348	0.01069	0.00569	0.00631
20	0.00740	0.00635	0.00638	0.00631	0.00838	0.00551	0.00475	0.00971	0.05242	0.01644	0.05800	0.05506	0.71374	0.01461	0.00694	0.00200	0.00309	0.01217	0.00552	0.00523
21	0.00727	0.00518	0.00684	0.00815	0.00847	0.00485	0.00540	0.00825	0.01119	0.01492	0.03191	0.75164	0.03825	0.05637	0.00865	0.00256	0.00354	0.01641	0.00540	0.00474
22	0.00750	0.00589	0.00668	0.00671	0.00823	0.00518	0.00488	0.00924	0.01391	0.01789	0.25608	0.14130	0.42525	0.05463	0.00824	0.00220	0.00313	0.01229	0.00569	0.00507
23	0.01170	0.00617	0.00624	0.00599	0.00757	0.00627	0.00455	0.05653	0.01331	0.02295	0.01899	0.02158	0.01486	0.00690	0.00424	0.00140	0.00298	0.00550	0.77649	0.00578
24	0.00845	0.00634	0.00950	0.00950	0.01056	0.00739	0.00739	0.01056	0.00950	0.01373	0.01584	0.02323	0.01478	0.04435	0.76873	0.00950	0.01584	0.00634	0.00317	0.00528
25	0.02162	0.01614	0.01726	0.01343	0.01801	0.01794	0.01103	0.65764	0.10713	0.03588	0.01529	0.01507	0.01094	0.00720	0.00593	0.00180	0.00631	0.00548	0.00593	0.00998
26	0.01347	0.01295	0.02574	0.03692	0.09824	0.01226	0.43103	0.01745	0.01425	0.06569	0.14440	0.02235	0.01836	0.04999	0.00806	0.00214	0.00781	0.00745	0.00391	0.00755
27	0.00712	0.00574	0.00634	0.00672	0.00820	0.00497	0.00484	0.00854	0.01300	0.01609	0.08570	0.27245	0.50782	0.01589	0.00715	0.00211	0.00311	0.01367	0.00554	0.00497
28	0.01379	0.00818	0.00846	0.00746	0.00965	0.00861	0.00585	0.18782	0.01612	0.02572	0.01806	0.02015	0.01393	0.00694	0.00456	0.00147	0.00366	0.00547	0.62749	0.00661
29	0.01331	0.00844	0.00910	0.00823	0.01035	0.00896	0.00637	0.18197	0.05090	0.02450	0.01963	0.10574	0.01676	0.01029	0.04574	0.00205	0.00449	0.00683	0.45967	0.00666
30	0.01464	0.01405	0.02400	0.03630	0.75528	0.01405	0.01815	0.01815	0.01347	0.01932	0.01112	0.01464	0.00937	0.00527	0.00585	0.00176	0.00703	0.00527	0.00293	0.00937
31	0.00721	0.00515	0.00686	0.00823	0.00858	0.00480	0.00549	0.00823	0.01132	0.01510	0.03259	0.78831	0.03911	0.01853	0.00755	0.00240	0.00343	0.01681	0.00549	0.00480
32	0.00989	0.00755	0.00990	0.10820	0.01265	0.00880	0.00704	0.01100	0.00952	0.01358	0.01571	0.02901	0.01648	0.44438	0.05869	0.00447	0.13471	0.00717	0.08650	0.00473
33	0.01227	0.01175	0.02054	0.14799	0.29279	0.01226	0.13790	0.01545	0.01271	0.01763	0.06353	0.10072	0.01596	0.05412	0.00860	0.00220	0.05540	0.00735	0.00342	0.00740
34	0.01507	0.01236	0.01314	0.01153	0.01484	0.01388	0.00903	0.17061	0.48235	0.02583	0.02608	0.07182	0.08901	0.00917	0.00619	0.00198	0.00481	0.00761	0.00591	0.00879
35	0.02596	0.01019	0.01371	0.01059	0.01511	0.00898	0.00872	0.02895	0.05190	0.72407	0.02337	0.02022	0.01480	0.00735	0.00595	0.00184	0.00502	0.00598	0.00726	0.01003
36	0.01459	0.01418	0.02474	0.03553	0.70655	0.01411	0.06629	0.01820	0.01350	0.01929	0.01118	0.01473	0.00934	0.00525	0.00593	0.00177	0.00722	0.00538	0.00293	0.00927
37	0.05926	0.01792	0.08868	0.05853	0.07576	0.09524	0.38736	0.10640	0.01548	0.02092	0.01150	0.01445	0.00867	0.00550	0.00626	0.00188	0.00893	0.00582	0.00333	0.00812
38	0.02209	0.02819	0.01676	0.01524	0.01828	0.76843	0.01143	0.02361	0.01676	0.01447	0.00914	0.01066	0.00762	0.00609	0.00533	0.00152	0.01066	0.00381	0.00305	0.00686
39	0.01284	0.01131	0.01487	0.14572	0.06547	0.01083	0.01021	0.05344	0.01275	0.01897	0.01045	0.01320	0.00861	0.00548	0.00642	0.00135	0.08799	0.00419	0.00335	0.50254
40	0.00719	0.00519	0.00682	0.00811	0.00855	0.00481	0.00544	0.00825	0.01144	0.01514	0.03405	0.74936	0.07713	0.01834	0.00752	0.00238	0.00341	0.01658	0.00549	0.00481
41	0.01666	0.01293	0.01392	0.01209	0.01570	0.01462	0.00952	0.11461	0.59629	0.09023	0.02284	0.02096	0.01681	0.00785	0.00600	0.00196	0.00493	0.00646	0.00612	0.00950
42	0.01193	0.02940	0.71152	0.01677	0.02492	0.01403	0.02125	0.01843	0.01225	0.01843	0.01042	0.01252	0.00751	0.00594	0.00655	0.00192	0.06071	0.00442	0.00250	0.00859
43	0.01464	0.01405	0.02400	0.03630	0.75528	0.01405	0.01815	0.01815	0.01347	0.01932	0.01112	0.01464	0.00937	0.00527	0.00585	0.00176	0.00703	0.00527	0.00293	0.00937
44	0.02170	0.01600	0.01729	0.01338	0.01791	0.01773	0.01103	0.69545	0.02679	0.03597	0.01429	0.01470	0.01032	0.00916	0.04812	0.00220	0.00702	0.00538	0.00576	0.00979
45	0.83394	0.01144	0.00869	0.00778	0.01144	0.01327	0.00640	0.01738	0.01006	0.02653	0.00823	0.00961	0.00640	0.00549	0.00366	0.00183	0.00457	0.00320	0.00366	0.00640
46	0.00988	0.00825	0.01171	0.27322	0.02043	0.00907	0.00962	0.01438	0.08856	0.02031	0.37404	0.03305	0.08469	0.00975	0.00651	0.00192	0.00475	0.00854	0.00505	0.00626
47	0.02221	0.02475	0.01705	0.01475	0.01830	0.54674	0.01137	0.23403	0.02002	0.02121	0.01064	0.01171	0.00834	0.00639	0.00550	0.00160	0.00944	0.00426	0.00389	0.00780
48	0.01435	0.01358	0.02260	0.16839	0.49344	0.01447	0.05206	0.06228	0.01379	0.01931	0.01102	0.01477	0.00901	0.00583	0.00684	0.00186	0.05938	0.00535	0.00304	0.00864
49	0.01464	0.01405	0.02400	0.03630	0.75528	0.01405	0.01815	0.01815	0.01347	0.01932	0.01112	0.01464	0.00937	0.00527	0.00585	0.00176	0.00703	0.00527	0.00293	0.00937
50	0.02653	0.01006	0.01372	0.01052	0.01510	0.00869	0.00869	0.02882	0.01693	0.75937	0.02333	0.02013	0.01464	0.00732	0.00595	0.00183	0.00503	0.00595	0.00732	0.01006
51	0.00716	0.00558	0.00643	0.00708	0.00821	0.00493	0.00493	0.00837	0.01225	0.01537	0.04518	0.40592	0.38197	0.04812	0.00819	0.00234	0.00331	0.01439	0.00541	0.00485
52	0.26203	0.02324	0.01437	0.01303	0.01626	0.54524	0.00994	0.02177	0.01478	0.01804	0.00887	0.01035	0.00726	0.00592	0.00484	0.00161	0.00886	0.00363	0.00323	0.00672
53	0.01253	0.01041	0.01149	0.01045	0.01312	0.01156	0.00806	0.02444	0.49387	0.02439	0.27487	0.02968	0.03106	0.00942	0.00635	0.00196	0.00403	0.00807	0.00619	0.00806
54	0.00699	0.00599	0.00599	0.00599	0.00799	0.00499	0.00449	0.00849	0.01348	0.01598	0.05991	0.05691	0.75288	0.01498	0.00699	0.00200	0.00300	0.01248	0.00549	0.00499
55	0.00822	0.00580	0.00593	0.00600	0.00771	0.00515	0.00446	0.01009	0.01310	0.01786	0.05910	0.08781	0.48157	0.01273	0.00618	0.00183	0.00295	0.01063	0.24772	0.00515
56	0.00914	0.00595	0.00679	0.00711	0.00774	0.00597	0.00463	0.01113	0.05636	0.01583	0.02323	0.25431	0.02499	0.33255	0.01591	0.00351	0.00430	0.01018	0.19564	0.00475
57	0.00751	0.00601	0.00672	0.00654	0.00831	0.00522	0.00491	0.00950	0.01472	0.01892	0.32299	0.05207	0.48796	0.01388	0.00698	0.00194	0.00292	0.01180	0.00588	0.00522
58	0.01060	0.00845	0.00873	0.00776	0.01040	0.00810	0.00606	0.17786	0.01682	0.02094	0.04926	0.04696	0.57984	0.01314	0.00674	0.00195	0.00381	0.01081	0.00559	0.00617
59	0.03337	0.00627	0.00775	0.00755	0.00911	0.00574	0.00559	0.01140	0.01485	0.06824	0.40979	0.19829	0.17306	0.01344	0.00693	0.00199	0.00316	0.01176	0.00608	0.00563
60	0.00837	0.00604	0.00790	0.00744	0.00883	0.00558	0.00558	0.01116	0.01674	0.02371	0.75216	0.04417	0.05580	0.01209	0.00697	0.00186	0.00279	0.01069	0.00651	0.00558
61	0.00860	0.00573	0.00645	0.00645	0.00645	0.00573	0.00358	0.00860	0.00860	0.01147	0.01863	0.03870	0.02150	0.79217	0.03010	0.00573	0.00573	0.00860	0.00358	0.00358
62	0.00800	0.00599	0.00742	0.00715	0.00863	0.00541	0.00533	0.01042	0.01575	0.02156	0.56166	0.08281	0.21200	0.01305	0.00701	0.00192	0.00287	0.01139	0.00623	0.00541
63	0.00753	0.00565	0.00698	0.00742	0.00852	0.00510	0.00527	0.00924	0.01361	0.01810	0.27190	0.36731	0.22064	0.01557	0.00723	0.00213	0.00312	0.01377	0.00582	0.00510
64	0.01102	0.00551	0.00551	0.00551	0.00689	0.00551	0.00413	0.01378	0.01240	0.02205	0.01929	0.02205	0.01516	0.00689	0.00413	0.00138	0.00276	0.00551	0.82500	0.00551
65	0.00850	0.00581	0.00704	0.00711	0.00732	0.00599	0.00439	0.00894	0.00891	0.01208	0.01886	0.07576	0.02119	0.61247	0.16569	0.00625	0.00748	0.00862	0.00361	0.00396
66	0.01701	0.01384	0.01467	0.01250	0.01625	0.01578	0.00992	0.23953	0.53275	0.02844	0.02115	0.01974	0.01569	0.00775	0.00599	0.00194	0.00522	0.00628	0.00599	0.00957
67	0.01226	0.01051	0.01226	0.00876	0.01401	0.00788	0.00701	0.01489	0.01226	0.01927	0.01051	0.01226	0.00876	0.00438	0.00438	0.00088	0.00438	0.00350	0.00350	0.82832
68	0.00845	0.00634	0.00950	0.00950	0.01056	0.00739	0.00739	0.01056	0.00950	0.01373	0.01584	0.02323	0.01478	0.04435	0.76873	0.00950	0.01584	0.00634	0.00317	0.00528
69	0.01294	0.01294	0.01811	0.01553	0.01553	0.01811	0.01294	0.01423	0.00906	0.01423	0.00776	0.01294	0.00776	0.01035	0.01941	0.00259	0.78134	0.00518	0.00259	0.00647
70	0.00790	0.00597	0.00729	0.00709	0.00858	0.00536	0.00527	0.01020	0.01544	0.02093	0.50670	0.09957	0.25137	0.01335	0.00702	0.00194	0.00289	0.01162	0.00615	0.00536
71	0.02295	0.24347	0.01917	0.01078	0.01543	0.05067	0.00937	0.05925	0.01599	0.46791	0.01773	0.01624	0.01199	0.00658	0.00528	0.00165	0.00576	0.00499	0.00563	0.00918
72	0.00703	0.00584	0.00615	0.00640	0.00809	0.00496	0.00467	0.00844	0.01309	0.01582	0.05496	0.18930	0.62368	0.01562	0.00709	0.00207	0.00307	0.01326	0.00549	0.00496
73	0.00736	0.00584	0.00654	0.00697	0.00840	0.00514	0.00510	0.00878	0.01277	0.01581	0.06303	0.23211	0.47031	0.05888	0.00849	0.00235	0.00344	0.06836	0.00540	0.00492
74	0.01359	0.01542	0.03336	0.02392	0.02969	0.01442	0.69496	0.01839	0.01393	0.01879	0.01452	0.01813	0.04859	0.00552	0.00698	0.00199	0.00960	0.00727	0.00312	0.00782
75	0.01161	0.01099	0.01557	0.01375	0.01406	0.01494	0.01130	0.01315	0.00919	0.01408	0.01015	0.01598	0.00984	0.02040	0.24087	0.00463	0.55510	0.00552	0.00276	0.00612
76	0.00953	0.00681	0.00953	0.01089	0.01225	0.00681	0.00953	0.01225	0.01361	0.01770	0.03131	0.06671	0.03403	0.01634	0.00817	0.00272	0.00545	0.71547	0.00545	0.00545
77	0.00704	0.00594	0.00611	0.00618	0.00805	0.00500	0.00459	0.00855	0.01343	0.01614	0.07846	0.10573	0.68434	0.01513	0.00703	0.00202	0.00302	0.01272	0.00552	0.00500
78	0.01383	0.01320	0.02234	0.20860	0.57448	0.01385	0.01758	0.01770	0.02726	0.01844	0.01123	0.01504	0.00919	0.00547	0.00587	0.00181	0.00718	0.00529	0.00292	0.00872
79	0.01451	0.01383	0.02333	0.03495	0.71489	0.01389	0.01767	0.01839	0.03500	0.01944	0.01201	0.01616	0.01024	0.00563	0.00592	0.00179	0.00692	0.02308	0.00308	0.00927
80	0.00721	0.00515	0.00686	0.00823	0.00858	0.00480	0.00549	0.00823	0.01132	0.01510	0.03259	0.78831	0.03911	0.01853	0.00755	0.00240	0.00343	0.01681	0.00549	0.00480
81	0.02492	0.01038	0.01625	0.22353	0.02221	0.02410	0.11258	0.01491	0.04794	0.01816	0.17525	0.07420	0.02158	0.01057	0.04455	0.00240	0.11796	0.00752	0.02451	0.00647

[dist]
# distance from previous block
# <min> <max>
4	6

[block]
# block no. 4 follows, 39 sequences, length 56
# corresponding to MSA columns:
# 296-351
name=unknown_E
#
# <colnr> <probs for GDERKNQSTAVLIFYWHMCP>
#	G	D	E	R	K	N	Q	S	T	A	V	L	I	F	Y	W	H	M	C	P
0	0.01102	0.00551	0.00551	0.00551	0.00689	0.00551	0.00413	0.01378	0.01240	0.02205	0.01929	0.02205	0.01516	0.00689	0.00413	0.00138	0.00276	0.00551	0.82500	0.00551
1	0.08773	0.01534	0.01624	0.01333	0.03879	0.04653	0.01057	0.49781	0.05089	0.09261	0.04627	0.01575	0.01225	0.00720	0.00601	0.00180	0.02054	0.00542	0.00561	0.00932
2	0.01418	0.07840	0.15674	0.02142	0.02764	0.01494	0.51004	0.01909	0.01374	0.05106	0.02697	0.01562	0.00981	0.00535	0.00646	0.00191	0.00912	0.00627	0.00313	0.00812
3	0.01155	0.01141	0.01923	0.39104	0.07624	0.04225	0.15623	0.01497	0.01245	0.01611	0.01538	0.17630	0.01468	0.00832	0.00644	0.00203	0.00743	0.00794	0.00333	0.00667
4	0.01314	0.01315	0.02080	0.01681	0.01887	0.01602	0.18675	0.01786	0.12786	0.01702	0.01198	0.01588	0.01021	0.01115	0.06871	0.00285	0.41453	0.00594	0.00328	0.00721
5	0.02031	0.01352	0.01576	0.01333	0.05179	0.01446	0.01033	0.41621	0.04024	0.17497	0.01995	0.05989	0.06452	0.00841	0.00678	0.00188	0.04603	0.00659	0.00583	0.00919
6	0.00860	0.00573	0.00645	0.00645	0.00645	0.00573	0.00358	0.00860	0.00860	0.01147	0.01863	0.03870	0.02150	0.79217	0.03010	0.00573	0.00573	0.00860	0.00358	0.00358
7	0.01396	0.01595	0.03490	0.02493	0.03091	0.01496	0.73380	0.01894	0.01396	0.01894	0.01196	0.01595	0.00897	0.00499	0.00698	0.00199	0.00997	0.00698	0.00299	0.00798
8	0.00867	0.00691	0.00828	0.00924	0.07844	0.00608	0.00611	0.01059	0.01413	0.04565	0.16461	0.04952	0.54382	0.01332	0.00684	0.00195	0.00342	0.01127	0.00548	0.00569
9	0.02157	0.01563	0.01678	0.01303	0.01751	0.01725	0.01071	0.64380	0.06506	0.05281	0.01521	0.01517	0.01086	0.00714	0.00583	0.00177	0.00618	0.00542	0.04849	0.00978
10	0.00721	0.00515	0.00686	0.00823	0.00858	0.00480	0.00549	0.00823	0.01132	0.01510	0.03259	0.78831	0.03911	0.01853	0.00755	0.00240	0.00343	0.01681	0.00549	0.00480
11	0.01294	0.01294	0.01811	0.01553	0.01553	0.01811	0.01294	0.01423	0.00906	0.01423	0.00776	0.01294	0.00776	0.01035	0.01941	0.00259	0.78134	0.00518	0.00259	0.00647
12	0.00885	0.00602	0.00689	0.00677	0.00756	0.00581	0.00437	0.00952	0.01027	0.04115	0.02928	0.04128	0.21080	0.49027	0.09242	0.00497	0.00594	0.00930	0.00418	0.00435
13	0.01471	0.01270	0.01337	0.01203	0.01538	0.01471	0.00936	0.03142	0.74459	0.02474	0.02407	0.02206	0.01805	0.00802	0.00602	0.00201	0.00468	0.00669	0.00602	0.00936
14	0.00837	0.00604	0.00790	0.00744	0.00883	0.00558	0.00558	0.01116	0.01674	0.02371	0.75216	0.04417	0.05580	0.01209	0.00697	0.00186	0.00279	0.01069	0.00651	0.00558
15	0.01125	0.00597	0.00608	0.00592	0.00730	0.00604	0.00436	0.04174	0.01265	0.02166	0.01903	0.02330	0.01555	0.08051	0.00664	0.00180	0.00318	0.00579	0.71572	0.00551
16	0.00727	0.00517	0.00684	0.00815	0.00847	0.00485	0.00540	0.00825	0.01119	0.01492	0.03192	0.75214	0.03826	0.05586	0.00864	0.00256	0.00354	0.01642	0.00540	0.00474
