[name]
unknown

[dist]
# distance from previous block
# <min> <max>
0	59

[block]
# block no. 0 follows, 41 sequences, length 15
# corresponding to MSA columns:
# 73-87
name=unknown_A
#
# <colnr> <probs for GDERKNQSTAVLIFYWHMCP>
#	G	D	E	R	K	N	Q	S	T	A	V	L	I	F	Y	W	H	M	C	P
0	0.00842	0.00614	0.00763	0.00752	0.00872	0.00575	0.00535	0.03898	0.01376	0.01897	0.35549	0.26040	0.08054	0.11043	0.00953	0.00238	0.00345	0.01142	0.00546	0.03967
1	0.15115	0.53927	0.02379	0.00973	0.01420	0.03803	0.00912	0.09319	0.01308	0.01793	0.01058	0.01153	0.03752	0.00558	0.00402	0.00140	0.00583	0.00366	0.00310	0.00729
2	0.04962	0.00967	0.01290	0.00994	0.01427	0.00842	0.00819	0.02655	0.01601	0.69580	0.04447	0.01961	0.01495	0.00707	0.00566	0.00174	0.00476	0.00573	0.00682	0.03781
3	0.01080	0.01017	0.01716	0.78523	0.03940	0.01271	0.01589	0.01461	0.01144	0.01461	0.01017	0.01525	0.00762	0.00572	0.00572	0.00191	0.00762	0.00508	0.00254	0.00635
4	0.74481	0.01129	0.00921	0.00801	0.01166	0.01288	0.00660	0.06157	0.01114	0.06726	0.00912	0.01012	0.00685	0.00550	0.00379	0.00177	0.00456	0.00337	0.00387	0.00660
5	0.01286	0.01297	0.01690	0.01436	0.01500	0.05187	0.01188	0.01425	0.00941	0.01426	0.00783	0.01235	0.00760	0.00925	0.01671	0.00229	0.67513	0.00479	0.00261	0.08768
6	0.01080	0.01017	0.01716	0.78523	0.03940	0.01271	0.01589	0.01461	0.01144	0.01461	0.01017	0.01525	0.00762	0.00572	0.00572	0.00191	0.00762	0.00508	0.00254	0.00635
7	0.01186	0.01017	0.01186	0.00847	0.01356	0.00762	0.00678	0.01440	0.01186	0.01864	0.01017	0.01186	0.00847	0.00424	0.00424	0.00085	0.00424	0.00339	0.00339	0.83395
8	0.00794	0.00797	0.08252	0.04590	0.01156	0.00623	0.00746	0.01013	0.01237	0.01696	0.20847	0.41511	0.06856	0.01592	0.05321	0.00252	0.00458	0.01228	0.00500	0.00532
9	0.01579	0.52148	0.09980	0.01227	0.04214	0.02006	0.02989	0.13102	0.04755	0.01821	0.00996	0.01105	0.00825	0.00539	0.00441	0.00142	0.00642	0.00382	0.00313	0.00797
10	0.01331	0.01244	0.02064	0.31344	0.45377	0.01348	0.01658	0.05525	0.01317	0.01810	0.01070	0.01454	0.00856	0.00542	0.00569	0.00178	0.00708	0.00509	0.00288	0.00809
11	0.21468	0.01283	0.01728	0.17159	0.31949	0.03212	0.01334	0.08889	0.04134	0.02138	0.01068	0.01333	0.00843	0.00556	0.00516	0.00176	0.00633	0.00463	0.00335	0.00784
12	0.04900	0.01117	0.01911	0.51419	0.17525	0.01280	0.08043	0.01539	0.01173	0.01608	0.01030	0.01485	0.00800	0.00594	0.00621	0.02744	0.00742	0.00514	0.00267	0.00687
13	0.01213	0.13998	0.58818	0.01523	0.02234	0.01506	0.01864	0.01754	0.01168	0.01701	0.00966	0.01170	0.00729	0.00581	0.00649	0.00179	0.08484	0.00413	0.00243	0.00808
14	0.01401	0.02025	0.35965	0.01463	0.02036	0.01346	0.05931	0.05943	0.15393	0.08422	0.01379	0.01480	0.01010	0.00644	0.00688	0.00185	0.08384	0.00502	0.00373	0.05431

[dist]
# distance from previous block
# <min> <max>
0	19

[block]
# block no. 1 follows, 41 sequences, length 6
# corresponding to MSA columns:
# 107-112
name=unknown_B
#
# <colnr> <probs for GDERKNQSTAVLIFYWHMCP>
#	G	D	E	R	K	N	Q	S	T	A	V	L	I	F	Y	W	H	M	C	P
0	0.17582	0.01009	0.01202	0.00927	0.01369	0.00906	0.00760	0.02259	0.01405	0.44956	0.01687	0.01574	0.01131	0.00607	0.00497	0.00155	0.00463	0.00469	0.00554	0.20490
1	0.01080	0.01017	0.01716	0.78523	0.03940	0.01271	0.01589	0.01461	0.01144	0.01461	0.01017	0.01525	0.00762	0.00572	0.00572	0.00191	0.00762	0.00508	0.00254	0.00635
2	0.01186	0.01017	0.01186	0.00847	0.01356	0.00762	0.00678	0.01440	0.01186	0.01864	0.01017	0.01186	0.00847	0.00424	0.00424	0.00085	0.00424	0.00339	0.00339	0.83395
3	0.04999	0.01013	0.01193	0.00979	0.01339	0.00995	0.00784	0.08274	0.18254	0.28791	0.12549	0.02389	0.06810	0.00801	0.00574	0.00173	0.00440	0.00660	0.00598	0.08384
4	0.01455	0.01293	0.02058	0.02683	0.48999	0.01280	0.05720	0.01971	0.11981	0.06245	0.01323	0.01533	0.01048	0.00549	0.00560	0.00166	0.00625	0.00525	0.00357	0.09629
5	0.01786	0.01202	0.05564	0.01259	0.06422	0.04437	0.04853	0.02189	0.08236	0.32183	0.10521	0.01974	0.01691	0.00682	0.00563	0.00163	0.00530	0.00580	0.00531	0.14634

[dist]
# distance from previous block
# <min> <max>
4	6

[block]
# block no. 2 follows, 41 sequences, length 195
# corresponding to MSA columns:
# 119-313
name=unknown_C
#
# <colnr> <probs for GDERKNQSTAVLIFYWHMCP>
#	G	D	E	R	K	N	Q	S	T	A	V	L	I	F	Y	W	H	M	C	P
0	0.04118	0.01451	0.02085	0.02729	0.46338	0.01417	0.01508	0.01953	0.05740	0.03944	0.08817	0.02386	0.04834	0.00909	0.00800	0.00244	0.04920	0.00703	0.00487	0.04617
1	0.01767	0.01631	0.02684	0.03429	0.59947	0.01560	0.13847	0.02008	0.01538	0.02197	0.01464	0.01948	0.01255	0.00760	0.00744	0.00243	0.00844	0.00657	0.00416	0.01063
2	0.05396	0.01696	0.25766	0.01361	0.03464	0.01093	0.01263	0.01691	0.01630	0.05209	0.35359	0.06439	0.04499	0.01148	0.00766	0.00251	0.00627	0.00887	0.00590	0.00864
3	0.01558	0.02385	0.42854	0.02035	0.15721	0.01401	0.03568	0.01934	0.01463	0.02153	0.01672	0.02005	0.05207	0.00821	0.00702	0.00235	0.00837	0.00600	0.00413	0.12433
4	0.01430	0.01476	0.12148	0.45299	0.03153	0.01337	0.01537	0.01754	0.04810	0.02032	0.12205	0.02590	0.05445	0.00954	0.00747	0.00256	0.00780	0.00730	0.00466	0.00851
5	0.01604	0.01767	0.15811	0.09755	0.38180	0.01425	0.05644	0.01872	0.01515	0.02145	0.05218	0.02385	0.07871	0.00885	0.00742	0.00247	0.00798	0.00706	0.00442	0.00989
6	0.01979	0.01319	0.01935	0.01518	0.01961	0.01150	0.18072	0.02141	0.01565	0.26050	0.02019	0.02352	0.03252	0.04748	0.08020	0.00316	0.00809	0.00691	0.00575	0.19528
7	0.01562	0.01279	0.01442	0.01108	0.01623	0.00985	0.00842	0.01699	0.01421	0.02199	0.01395	0.01711	0.01206	0.00684	0.00592	0.00159	0.00556	0.00469	0.00467	0.78602
8	0.01847	0.68295	0.10257	0.01294	0.01826	0.02305	0.01234	0.01965	0.01402	0.01757	0.01209	0.01486	0.01099	0.00750	0.00556	0.00200	0.00755	0.00449	0.00378	0.00934
9	0.02681	0.01495	0.08995	0.01357	0.01852	0.01199	0.01144	0.10024	0.01908	0.57934	0.02352	0.02296	0.01629	0.00933	0.00731	0.00246	0.00665	0.00670	0.00755	0.01136
10	0.73117	0.07326	0.01280	0.01035	0.01416	0.01548	0.00814	0.01928	0.01235	0.02767	0.01188	0.01469	0.01000	0.00781	0.00527	0.00242	0.00587	0.00441	0.00473	0.00824
11	0.79327	0.01363	0.01118	0.01018	0.01389	0.01474	0.00787	0.01926	0.01221	0.02859	0.01188	0.01469	0.00992	0.00784	0.00526	0.00246	0.00574	0.00441	0.00481	0.00816
12	0.01449	0.00824	0.00829	0.00812	0.00976	0.00770	0.00581	0.01598	0.01433	0.02451	0.02193	0.02600	0.01787	0.00912	0.00569	0.00205	0.00409	0.00651	0.78215	0.00735
13	0.01381	0.01138	0.01360	0.01606	0.14535	0.05185	0.00996	0.01557	0.07465	0.02013	0.06092	0.42341	0.05302	0.01549	0.00826	0.00277	0.00584	0.04393	0.00599	0.00801
14	0.01623	0.01499	0.01974	0.01723	0.01761	0.01915	0.01381	0.01639	0.01129	0.01741	0.01146	0.01772	0.01115	0.01226	0.01958	0.00315	0.74257	0.00621	0.00384	0.00822
15	0.11336	0.01237	0.01494	0.01233	0.01664	0.01092	0.00968	0.02695	0.01735	0.56958	0.02388	0.02528	0.01731	0.00966	0.00715	0.00246	0.00610	0.04597	0.00748	0.05057
16	0.02009	0.46350	0.02564	0.01301	0.01750	0.02062	0.01111	0.19012	0.01764	0.05543	0.01534	0.05457	0.01364	0.01035	0.04100	0.00250	0.00760	0.00576	0.00492	0.00967
17	0.03463	0.05671	0.23730	0.01347	0.01954	0.01248	0.01280	0.01857	0.02844	0.02185	0.01408	0.01717	0.01177	0.00731	0.00626	0.00194	0.00690	0.00497	0.00439	0.46943
18	0.01831	0.42904	0.21257	0.01622	0.06175	0.03994	0.05395	0.02046	0.01458	0.04889	0.01340	0.01635	0.01141	0.00771	0.00622	0.00218	0.00819	0.00510	0.00402	0.00970
19	0.01185	0.00857	0.01061	0.02952	0.01319	0.00788	0.00858	0.01238	0.01410	0.01903	0.03312	0.49299	0.03732	0.01871	0.00896	0.00307	0.00545	0.25133	0.00640	0.00695
20	0.83154	0.01150	0.00888	0.00797	0.01154	0.01316	0.00648	0.01723	0.01015	0.02616	0.00863	0.01021	0.00683	0.00574	0.00383	0.00189	0.00465	0.00332	0.00376	0.00653
21	0.00975	0.00678	0.00859	0.00797	0.00958	0.00632	0.00598	0.01284	0.04980	0.05319	0.69056	0.04141	0.05088	0.01170	0.00693	0.00192	0.00311	0.01014	0.00649	0.00608
22	0.00766	0.00548	0.00713	0.00841	0.00881	0.00506	0.00560	0.00847	0.01136	0.01521	0.03195	0.78811	0.03814	0.01822	0.00756	0.00243	0.00355	0.01635	0.00551	0.00500
23	0.01131	0.00583	0.00583	0.00581	0.00719	0.00573	0.00431	0.01378	0.01239	0.02187	0.01922	0.02212	0.01521	0.00708	0.00429	0.00145	0.00291	0.00553	0.82247	0.00567
24	0.01250	0.01061	0.01230	0.00891	0.01401	0.00800	0.00706	0.01484	0.01226	0.01921	0.01081	0.01275	0.00908	0.00468	0.00452	0.00097	0.00446	0.00361	0.00361	0.82580
25	0.01517	0.01287	0.01354	0.01212	0.01544	0.01469	0.00939	0.06188	0.71402	0.02497	0.02337	0.02180	0.01764	0.00813	0.00609	0.00205	0.00483	0.00660	0.00601	0.00939
26	0.83154	0.01150	0.00888	0.00797	0.01154	0.01316	0.00648	0.01723	0.01015	0.02616	0.00863	0.01021	0.00683	0.00574	0.00383	0.00189	0.00465	0.00332	0.00376	0.00653
27	0.01131	0.00583	0.00583	0.00581	0.00719	0.00573	0.00431	0.01378	0.01239	0.02187	0.01922	0.02212	0.01521	0.00708	0.00429	0.00145	0.00291	0.00553	0.82247	0.00567
28	0.01288	0.05303	0.32728	0.01889	0.03842	0.01390	0.30063	0.01795	0.02740	0.01880	0.05997	0.03455	0.01237	0.00647	0.00668	0.00198	0.03136	0.00613	0.00322	0.00810
29	0.00766	0.00548	0.00713	0.00841	0.00881	0.00506	0.00560	0.00847	0.01136	0.01521	0.03195	0.78811	0.03814	0.01822	0.00756	0.00243	0.00355	0.01635	0.00551	0.00500
30	0.01382	0.01452	0.02877	0.15394	0.20032	0.01428	0.44739	0.01793	0.01343	0.01836	0.01178	0.01596	0.00920	0.00547	0.00659	0.00199	0.00882	0.00628	0.00304	0.00811
31	0.01521	0.27937	0.15061	0.01414	0.05875	0.04741	0.04302	0.02258	0.25516	0.03466	0.01468	0.01537	0.01155	0.00645	0.00531	0.00176	0.00653	0.00495	0.00393	0.00855
32	0.01754	0.03185	0.04805	0.01207	0.01583	0.04207	0.00992	0.06668	0.44513	0.17612	0.02195	0.02212	0.01649	0.00809	0.00607	0.00200	0.00538	0.03756	0.00590	0.00921
33	0.00765	0.00552	0.00708	0.00830	0.00878	0.00506	0.00556	0.00848	0.01146	0.01525	0.03327	0.75109	0.07431	0.01805	0.00753	0.00242	0.00353	0.01614	0.00551	0.00500
34	0.00802	0.00581	0.00741	0.00804	0.00886	0.00531	0.00558	0.00942	0.01321	0.01801	0.27425	0.49879	0.08315	0.01598	0.00734	0.00224	0.00333	0.01416	0.00583	0.00525
35	0.01505	0.01482	0.02372	0.08569	0.56432	0.05900	0.09683	0.03342	0.01383	0.01901	0.01139	0.01501	0.00943	0.00563	0.00603	0.00184	0.00756	0.00540	0.00311	0.00890
36	0.01402	0.01631	0.06261	0.02387	0.02964	0.01480	0.69012	0.01861	0.01372	0.01878	0.01206	0.01609	0.00920	0.00540	0.00723	0.00205	0.02757	0.00680	0.00309	0.00803
37	0.01212	0.02983	0.76202	0.01667	0.02510	0.01360	0.02127	0.01852	0.01247	0.01869	0.01091	0.01297	0.00787	0.00586	0.00571	0.00193	0.00864	0.00444	0.00264	0.00876
38	0.01245	0.01157	0.01883	0.55327	0.21762	0.01333	0.01614	0.01657	0.04932	0.01670	0.01161	0.01614	0.00909	0.00609	0.00598	0.00197	0.00746	0.00536	0.00300	0.00749
39	0.01644	0.01640	0.01406	0.01165	0.01563	0.24119	0.00898	0.09014	0.11197	0.02004	0.01332	0.04462	0.01121	0.00643	0.00527	0.00145	0.00649	0.00478	0.00409	0.35584
40	0.00919	0.00772	0.00805	0.00767	0.00946	0.04746	0.00571	0.01165	0.04434	0.01999	0.39915	0.04570	0.33656	0.01272	0.00689	0.00196	0.00350	0.01068	0.00589	0.00572
41	0.01350	0.01271	0.02125	0.31878	0.48247	0.01357	0.01709	0.01685	0.01281	0.01772	0.01117	0.01544	0.00912	0.00576	0.00596	0.00190	0.00731	0.00529	0.00295	0.00834
42	0.01793	0.01738	0.01716	0.04855	0.12801	0.25930	0.04784	0.04623	0.12808	0.08913	0.01383	0.01513	0.01074	0.00632	0.00565	0.00168	0.00739	0.00495	0.00412	0.13060
43	0.13290	0.01420	0.01503	0.03019	0.01664	0.04496	0.03115	0.34936	0.15297	0.05733	0.08099	0.01808	0.01512	0.00753	0.00581	0.00189	0.00584	0.00577	0.00547	0.00877
44	0.00829	0.00649	0.00776	0.04601	0.01023	0.00589	0.00576	0.01023	0.01471	0.01946	0.38183	0.08342	0.35179	0.01325	0.00699	0.00200	0.00330	0.01125	0.00583	0.00551
45	0.05816	0.17128	0.15038	0.07195	0.03776	0.18915	0.07309	0.05234	0.01448	0.07793	0.04119	0.01432	0.01058	0.00627	0.00544	0.00174	0.00779	0.00473	0.00356	0.00785
46	0.01374	0.22477	0.48559	0.01539	0.02254	0.01629	0.06761	0.05460	0.01320	0.01842	0.01058	0.01254	0.00812	0.00576	0.00536	0.00178	0.00802	0.00436	0.00285	0.00849
47	0.00795	0.00578	0.00743	0.00840	0.00908	0.00524	0.00568	0.00892	0.01164	0.01579	0.06377	0.71497	0.03740	0.01726	0.00738	0.00234	0.00357	0.01544	0.00546	0.04651
48	0.03817	0.01844	0.05868	0.10086	0.23773	0.25869	0.01394	0.03505	0.07539	0.01797	0.01233	0.01616	0.01037	0.00680	0.00646	0.00187	0.04649	0.03325	0.00344	0.00792
49	0.05481	0.09269	0.01696	0.09738	0.03688	0.36506	0.01083	0.03649	0.04364	0.01697	0.01045	0.01253	0.00865	0.00605	0.00546	0.00157	0.02416	0.00412	0.00335	0.15193
50	0.01853	0.05557	0.03951	0.12219	0.05599	0.36284	0.10820	0.05878	0.04638	0.05845	0.01173	0.01388	0.00918	0.00625	0.00577	0.00177	0.00888	0.00485	0.00356	0.00768
51	0.00867	0.00640	0.00799	0.00777	0.00925	0.00583	0.00591	0.01097	0.01574	0.02169	0.56800	0.04746	0.16447	0.01292	0.00713	0.00202	0.00323	0.08271	0.00622	0.00564
52	0.02600	0.17727	0.42344	0.05743	0.05618	0.06417	0.04113	0.01887	0.01288	0.05356	0.01099	0.01298	0.00836	0.00585	0.00540	0.00179	0.00799	0.00440	0.00297	0.00835
53	0.01833	0.14350	0.12408	0.01487	0.08735	0.01623	0.01242	0.30621	0.06907	0.08677	0.01451	0.01518	0.02093	0.00669	0.00558	0.00176	0.00646	0.00505	0.00468	0.04035
54	0.00814	0.00594	0.00741	0.00779	0.00874	0.00541	0.00544	0.00963	0.01352	0.01841	0.32022	0.37388	0.12418	0.05302	0.00833	0.00234	0.00337	0.01318	0.00581	0.00525
55	0.02061	0.01642	0.05117	0.05527	0.01942	0.01734	0.01178	0.60953	0.06507	0.03331	0.01438	0.01500	0.01047	0.00728	0.00628	0.00188	0.02423	0.00538	0.00553	0.00967
56	0.01397	0.11157	0.09151	0.13524	0.02837	0.01562	0.42610	0.03912	0.01343	0.01807	0.01134	0.01505	0.00883	0.00572	0.00683	0.00196	0.04048	0.00591	0.00304	0.00785
57	0.01866	0.01377	0.01491	0.01241	0.01622	0.01513	0.00986	0.33428	0.34227	0.08971	0.02003	0.05365	0.01533	0.00819	0.00611	0.00196	0.00548	0.00648	0.00605	0.00950
58	0.02126	0.01557	0.01673	0.01320	0.01758	0.01709	0.01073	0.59693	0.14064	0.06338	0.01619	0.01603	0.01171	0.00743	0.00601	0.00187	0.00616	0.00558	0.00598	0.00992
59	0.02041	0.01824	0.01608	0.01348	0.01720	0.22509	0.01067	0.39032	0.10695	0.03862	0.01522	0.01787	0.01212	0.02425	0.00646	0.00192	0.00731	0.04397	0.00511	0.00872
60	0.01977	0.01780	0.01588	0.01332	0.01705	0.20130	0.01048	0.35565	0.20209	0.02755	0.04690	0.01686	0.01351	0.00747	0.00592	0.00183	0.00689	0.00554	0.00529	0.00892
61	0.01319	0.01107	0.01150	0.01053	0.01324	0.04296	0.00822	0.09576	0.32785	0.02281	0.12175	0.03454	0.16788	0.01062	0.00656	0.00206	0.00470	0.08131	0.00579	0.00766
62	0.00917	0.00663	0.00842	0.00825	0.00869	0.00718	0.00561	0.00980	0.00909	0.01267	0.01703	0.03130	0.01821	0.47514	0.29822	0.00677	0.05224	0.00752	0.00349	0.00457
63	0.06151	0.05929	0.03871	0.06476	0.04263	0.12775	0.37226	0.05627	0.04695	0.05301	0.01239	0.01511	0.00949	0.00585	0.00619	0.00190	0.00862	0.00576	0.00356	0.00798
64	0.00929	0.00696	0.00981	0.00968	0.01075	0.00787	0.00739	0.03211	0.01018	0.01455	0.01668	0.06510	0.01612	0.07382	0.65390	0.00833	0.03154	0.00691	0.00349	0.00551
65	0.01076	0.00764	0.00920	0.00887	0.01080	0.00734	0.00695	0.04641	0.07688	0.06128	0.30543	0.07736	0.18077	0.01289	0.00708	0.00214	0.00394	0.15193	0.00602	0.00630
66	0.03661	0.01554	0.05138	0.01333	0.04353	0.18007	0.01031	0.02276	0.32036	0.01954	0.01864	0.06331	0.01597	0.01216	0.08592	0.00276	0.03045	0.04497	0.00460	0.00779
67	0.07753	0.05124	0.01062	0.04793	0.01228	0.00851	0.01994	0.04404	0.03244	0.03392	0.10843	0.33624	0.08971	0.01494	0.04820	0.00255	0.00495	0.04545	0.00508	0.00600
68	0.00797	0.00582	0.00740	0.00851	0.00926	0.00537	0.00606	0.00908	0.01196	0.01570	0.03518	0.58375	0.13098	0.01746	0.00757	0.00243	0.00379	0.12110	0.00550	0.00511
69	0.01638	0.13024	0.02222	0.07704	0.39103	0.01612	0.01453	0.17832	0.05675	0.02231	0.01228	0.01467	0.00992	0.00608	0.00567	0.00178	0.00672	0.00509	0.00378	0.00907
70	0.01715	0.32622	0.16309	0.01347	0.01847	0.21138	0.04542	0.02062	0.05832	0.05730	0.01117	0.01251	0.00900	0.00597	0.00505	0.00162	0.00782	0.00418	0.00327	0.00794
71	0.01316	0.01056	0.05421	0.08972	0.08606	0.00978	0.01081	0.10561	0.01508	0.08540	0.02619	0.10891	0.10228	0.01173	0.00695	0.00224	0.00569	0.24348	0.00504	0.00709
72	0.00971	0.00587	0.00833	0.05009	0.01018	0.00580	0.00616	0.00887	0.00979	0.01313	0.05847	0.23018	0.02134	0.01823	0.01601	0.47433	0.00478	0.04098	0.00381	0.00393
73	0.01492	0.01310	0.04377	0.21055	0.30132	0.01279	0.14067	0.01837	0.01365	0.11282	0.04898	0.01750	0.01200	0.00621	0.00619	0.00192	0.00730	0.00589	0.00369	0.00837
74	0.02955	0.03088	0.25729	0.04827	0.37237	0.06890	0.07044	0.01847	0.01325	0.01865	0.01105	0.01406	0.00883	0.00569	0.00584	0.00185	0.00794	0.00498	0.00294	0.00875
75	0.01210	0.01114	0.01774	0.63226	0.10802	0.01326	0.01560	0.01681	0.08118	0.01649	0.01209	0.01657	0.00930	0.00628	0.00599	0.00201	0.00745	0.00542	0.00310	0.00720
76	0.01396	0.01696	0.09440	0.02390	0.04020	0.01466	0.66552	0.01869	0.01376	0.01888	0.01208	0.01599	0.00917	0.00531	0.00689	0.00203	0.00967	0.00671	0.00308	0.00811
77	0.01493	0.01397	0.03759	0.18835	0.48582	0.04082	0.04939	0.01820	0.01339	0.06237	0.01193	0.01544	0.00955	0.00580	0.00598	0.00187	0.00734	0.00534	0.00324	0.00868
78	0.01259	0.01312	0.02664	0.01970	0.02421	0.01230	0.52622	0.01656	0.01427	0.01968	0.18447	0.02294	0.02000	0.00889	0.04849	0.00241	0.00852	0.00773	0.00391	0.00736
79	0.02380	0.00855	0.01024	0.04629	0.01245	0.00849	0.00726	0.12275	0.03606	0.07377	0.32670	0.07119	0.14260	0.04281	0.00764	0.00214	0.00422	0.04053	0.00587	0.00664
80	0.01450	0.12859	0.06330	0.08108	0.38006	0.07927	0.04956	0.01759	0.02456	0.01752	0.01382	0.05100	0.04062	0.00662	0.00577	0.00180	0.00714	0.00572	0.00323	0.00824
81	0.13823	0.52769	0.12400	0.01104	0.01610	0.06604	0.01108	0.01797	0.01208	0.01654	0.00898	0.01057	0.00778	0.00552	0.00427	0.00152	0.00664	0.00348	0.00286	0.00760
82	0.02137	0.02726	0.01621	0.01474	0.01768	0.77602	0.01105	0.02284	0.01621	0.01400	0.00884	0.01031	0.00737	0.00589	0.00516	0.00147	0.01031	0.00368	0.00295	0.00663
83	0.10043	0.06112	0.41758	0.01534	0.02180	0.07772	0.10080	0.04923	0.05296	0.03516	0.01105	0.01261	0.00812	0.00558	0.00532	0.00177	0.00784	0.00449	0.00305	0.00804
84	0.01827	0.02249	0.01684	0.08031	0.01963	0.56316	0.07658	0.02021	0.01512	0.01454	0.01281	0.05642	0.04548	0.00686	0.00554	0.00162	0.00928	0.00517	0.00315	0.00651
85	0.01111	0.00655	0.00841	0.00754	0.00953	0.00587	0.00580	0.01355	0.01578	0.15753	0.52768	0.04021	0.14553	0.01124	0.00657	0.00181	0.00312	0.00975	0.00630	0.00611
86	0.00749	0.00578	0.00684	0.00666	0.00820	0.00513	0.00496	0.00960	0.01464	0.01946	0.43648	0.08404	0.34381	0.01314	0.00678	0.00188	0.00281	0.01134	0.00584	0.00513
87	0.03680	0.06439	0.01694	0.01362	0.01717	0.42119	0.03189	0.21286	0.05815	0.02077	0.01307	0.01384	0.04150	0.00653	0.00534	0.00159	0.00824	0.00463	0.00392	0.00756
88	0.03374	0.02555	0.56484	0.01803	0.02569	0.01357	0.20169	0.01813	0.01237	0.01836	0.01053	0.01284	0.00758	0.00528	0.00571	0.00184	0.00865	0.00483	0.00256	0.00821
89	0.00818	0.00608	0.00893	0.00893	0.00986	0.00701	0.00683	0.01005	0.00912	0.01309	0.01556	0.02379	0.01487	0.10940	0.71059	0.00887	0.01446	0.00632	0.00310	0.00496
90	0.01902	0.01611	0.01543	0.01278	0.01664	0.12117	0.01019	0.37258	0.28972	0.04070	0.01668	0.01613	0.01229	0.00706	0.00568	0.00177	0.00618	0.00544	0.00540	0.00905
91	0.01688	0.19532	0.04679	0.04645	0.01686	0.01657	0.01039	0.35634	0.09446	0.02561	0.03166	0.08966	0.01350	0.00758	0.00543	0.00170	0.00585	0.00596	0.00468	0.00832
92	0.01299	0.05166	0.43156	0.08076	0.02336	0.01342	0.07444	0.05811	0.05013	0.05954	0.01391	0.02331	0.04045	0.00635	0.00610	0.00184	0.03560	0.00518	0.00323	0.00807
93	0.00747	0.00536	0.00714	0.00806	0.00875	0.00503	0.00576	0.00902	0.01237	0.01670	0.18854	0.53697	0.05272	0.01628	0.00724	0.00224	0.00340	0.09655	0.00552	0.00488
94	0.01147	0.02959	0.76934	0.01630	0.02476	0.01328	0.02113	0.01811	0.01208	0.01811	0.01026	0.01208	0.00725	0.00543	0.00543	0.00181	0.00845	0.00423	0.00242	0.00845
95	0.01339	0.05218	0.25929	0.02263	0.31495	0.06086	0.02390	0.01853	0.07491	0.01805	0.01231	0.05123	0.01034	0.00627	0.00607	0.00178	0.03665	0.00531	0.00305	0.00831
96	0.01273	0.01339	0.02345	0.08247	0.02251	0.01600	0.28102	0.01551	0.01072	0.01551	0.00922	0.01381	0.00795	0.00775	0.01327	0.00224	0.43733	0.00565	0.00265	0.00680
97	0.01207	0.01237	0.02256	0.14396	0.05831	0.01399	0.28191	0.01527	0.01120	0.01574	0.01067	0.01549	0.00897	0.01172	0.11637	0.00308	0.23095	0.00582	0.00275	0.00678
98	0.01456	0.00872	0.01012	0.00936	0.01156	0.04443	0.00702	0.07632	0.04776	0.23055	0.04854	0.36821	0.06245	0.02371	0.00683	0.00207	0.00439	0.01082	0.00576	0.00682
99	0.00820	0.00603	0.00868	0.00868	0.00952	0.00687	0.00651	0.00989	0.00904	0.01290	0.01579	0.02506	0.01543	0.17397	0.64678	0.00856	0.01363	0.00651	0.00313	0.00482
100	0.00677	0.00575	0.00584	0.00591	0.00776	0.00482	0.00440	0.00820	0.01293	0.01541	0.05652	0.09495	0.72200	0.01467	0.00679	0.00195	0.00292	0.01230	0.00531	0.00482
101	0.01425	0.31891	0.10943	0.02262	0.36036	0.01713	0.03393	0.01741	0.01232	0.01652	0.00959	0.01201	0.00816	0.00513	0.00513	0.00155	0.02043	0.00426	0.00263	0.00825
102	0.01257	0.14289	0.62023	0.01526	0.02290	0.05577	0.01892	0.01822	0.01223	0.01721	0.00985	0.01156	0.00727	0.00538	0.00516	0.00171	0.00821	0.00403	0.00245	0.00819
103	0.01528	0.01476	0.01319	0.01187	0.01496	0.16002	0.00916	0.04823	0.53171	0.02199	0.04943	0.02120	0.04740	0.00780	0.00576	0.00184	0.00555	0.00627	0.00526	0.00830
104	0.00777	0.00578	0.00725	0.00710	0.00847	0.00526	0.00530	0.01008	0.01503	0.02059	0.53982	0.11578	0.18387	0.01292	0.00683	0.00190	0.00287	0.03218	0.00599	0.00522
105	0.01819	0.35400	0.05048	0.01304	0.03040	0.40373	0.01099	0.02027	0.02521	0.01416	0.00877	0.01014	0.00754	0.00547	0.00456	0.00139	0.00832	0.00351	0.00276	0.00708
106	0.01899	0.05056	0.02851	0.01266	0.01640	0.21511	0.01021	0.27435	0.18340	0.06500	0.05571	0.01621	0.01335	0.00698	0.00556	0.00169	0.00671	0.00527	0.00493	0.00841
107	0.04993	0.02140	0.01504	0.01419	0.04977	0.50904	0.01039	0.02196	0.08807	0.05372	0.04397	0.01520	0.04072	0.00681	0.00584	0.00163	0.03691	0.00476	0.00367	0.00698
108	0.00733	0.00573	0.00612	0.00607	0.00742	0.00508	0.00423	0.00853	0.01213	0.01512	0.12589	0.04896	0.48383	0.22403	0.01274	0.00288	0.00358	0.01087	0.00493	0.00453
109	0.01186	0.01017	0.01186	0.00847	0.01356	0.00762	0.00678	0.01440	0.01186	0.01864	0.01017	0.01186	0.00847	0.00424	0.00424	0.00085	0.00424	0.00339	0.00339	0.83395
110	0.01669	0.01368	0.01527	0.01268	0.01635	0.03478	0.04979	0.30769	0.33800	0.02730	0.01962	0.06422	0.02542	0.00806	0.00596	0.00188	0.00558	0.02276	0.00550	0.00878
111	0.01984	0.06300	0.01715	0.01565	0.07345	0.56998	0.01127	0.05765	0.08818	0.01636	0.01059	0.01179	0.00859	0.00601	0.00521	0.00154	0.00908	0.00410	0.00333	0.00724
112	0.00692	0.00528	0.00633	0.00715	0.00805	0.00473	0.00492	0.00806	0.01164	0.01483	0.04066	0.51366	0.29584	0.03433	0.00760	0.00226	0.00322	0.01458	0.00527	0.00468
113	0.01124	0.01071	0.01839	0.68164	0.11133	0.01286	0.04344	0.01505	0.01167	0.01516	0.01028	0.01515	0.00781	0.00562	0.00575	0.00189	0.00762	0.00515	0.00258	0.00668
114	0.00825	0.00606	0.00777	0.00744	0.00880	0.00572	0.00554	0.01139	0.04893	0.02214	0.65250	0.10795	0.06159	0.01210	0.00675	0.00185	0.00284	0.01071	0.00617	0.00549
115	0.00697	0.00498	0.00664	0.00796	0.00830	0.00465	0.00531	0.00796	0.01095	0.01460	0.03153	0.79525	0.03783	0.01792	0.00730	0.00232	0.00332	0.01626	0.00531	0.00465
116	0.01142	0.01138	0.02097	0.61031	0.03721	0.01311	0.18288	0.01547	0.01191	0.01547	0.01049	0.01529	0.00787	0.00551	0.00596	0.00191	0.00809	0.00547	0.00262	0.00667
117	0.29011	0.01383	0.01463	0.01155	0.01579	0.01525	0.04212	0.40011	0.04735	0.07767	0.01266	0.01300	0.00909	0.00631	0.00506	0.00176	0.00567	0.00464	0.00497	0.00845
118	0.00819	0.00601	0.00684	0.00652	0.00837	0.00521	0.00493	0.01014	0.01435	0.05578	0.31231	0.04877	0.46578	0.01310	0.00670	0.00188	0.00292	0.01113	0.00576	0.00528
119	0.00701	0.00506	0.00664	0.00783	0.00828	0.00469	0.00527	0.00810	0.01129	0.01502	0.06559	0.72573	0.07340	0.01747	0.00725	0.00228	0.00327	0.01579	0.00535	0.00469
120	0.01303	0.23987	0.52990	0.01437	0.02165	0.01606	0.01752	0.05416	0.01269	0.01774	0.00981	0.01137	0.00740	0.00536	0.00497	0.00165	0.00771	0.00395	0.00259	0.00821
121	0.01796	0.09955	0.01875	0.01838	0.18813	0.40762	0.01212	0.05498	0.03223	0.01637	0.01192	0.01360	0.04201	0.00624	0.00575	0.00158	0.03775	0.00451	0.00316	0.00737
122	0.00697	0.00520	0.00649	0.00743	0.00818	0.00472	0.00509	0.00815	0.01167	0.01517	0.07048	0.59118	0.20475	0.01685	0.00715	0.00221	0.00319	0.01503	0.00535	0.00472
123	0.01110	0.01053	0.01744	0.68247	0.06704	0.01319	0.01564	0.01466	0.01125	0.01470	0.00994	0.01495	0.00767	0.00609	0.00693	0.00195	0.08034	0.00508	0.00255	0.00646
124	0.01807	0.01610	0.09573	0.01432	0.05373	0.02526	0.04445	0.49895	0.02203	0.02960	0.01644	0.07889	0.04449	0.00776	0.00590	0.00179	0.00636	0.00631	0.00502	0.00880
125	0.01416	0.01359	0.02322	0.03511	0.76330	0.01359	0.01755	0.01755	0.01302	0.01869	0.01076	0.01416	0.00906	0.00510	0.00566	0.00170	0.00680	0.00510	0.00283	0.00906
126	0.00677	0.00576	0.00583	0.00589	0.00775	0.00482	0.00439	0.00820	0.01294	0.01541	0.05676	0.08835	0.72844	0.01464	0.00678	0.00195	0.00292	0.01226	0.00531	0.00482
127	0.01291	0.01443	0.03112	0.02248	0.02777	0.01353	0.66962	0.01743	0.01348	0.01833	0.04633	0.05869	0.01229	0.00584	0.00678	0.00194	0.00899	0.00742	0.00318	0.00744
128	0.01397	0.01353	0.02248	0.10864	0.67657	0.02921	0.01726	0.01737	0.01293	0.01819	0.01066	0.01419	0.00888	0.00517	0.00566	0.00171	0.00695	0.00507	0.00281	0.00874
129	0.00697	0.00498	0.00664	0.00796	0.00830	0.00465	0.00531	0.00796	0.01095	0.01460	0.03153	0.79525	0.03783	0.01792	0.00730	0.00232	0.00332	0.01626	0.00531	0.00465
130	0.01175	0.06360	0.69643	0.01643	0.02458	0.01377	0.05951	0.01808	0.01213	0.01792	0.01023	0.01213	0.00733	0.00538	0.00543	0.00179	0.00841	0.00431	0.00244	0.00836
131	0.01850	0.01546	0.01702	0.01683	0.15555	0.08628	0.01163	0.42196	0.07762	0.02808	0.01617	0.01816	0.04489	0.00725	0.00581	0.00176	0.00643	0.03688	0.00489	0.00885
132	0.01940	0.43788	0.02208	0.00985	0.01442	0.01598	0.00904	0.02142	0.01380	0.33193	0.04247	0.01478	0.01198	0.00607	0.00466	0.00148	0.00546	0.00447	0.00455	0.00828
133	0.00744	0.00582	0.00674	0.00651	0.00814	0.00512	0.00488	0.00953	0.01465	0.01927	0.41653	0.04876	0.40001	0.01306	0.00675	0.00186	0.00280	0.01119	0.00581	0.00512
134	0.01868	0.01437	0.04963	0.01330	0.01759	0.01456	0.07714	0.40245	0.12231	0.11371	0.01724	0.08308	0.01352	0.00772	0.00596	0.00183	0.00603	0.00647	0.00545	0.00896
135	0.02069	0.01123	0.01409	0.01133	0.01537	0.01125	0.03640	0.08868	0.25827	0.41610	0.02246	0.02027	0.03202	0.00737	0.00583	0.00183	0.00501	0.00612	0.00635	0.00932
136	0.01350	0.01543	0.03375	0.02411	0.02989	0.01446	0.74253	0.01832	0.01350	0.01832	0.01157	0.01543	0.00868	0.00482	0.00675	0.00193	0.00964	0.00675	0.00289	0.00771
137	0.01097	0.00960	0.01366	0.08751	0.04948	0.03981	0.08605	0.01560	0.10916	0.01795	0.05724	0.07645	0.03714	0.01167	0.00700	0.00225	0.00588	0.35159	0.00468	0.00631
138	0.05021	0.17273	0.47394	0.01362	0.02032	0.01443	0.01616	0.01870	0.05226	0.05923	0.04861	0.01384	0.01048	0.00585	0.00512	0.00170	0.00713	0.00446	0.00311	0.00809
139	0.01040	0.01197	0.11046	0.01266	0.05492	0.08174	0.03924	0.01317	0.01062	0.01447	0.01365	0.01923	0.01221	0.03091	0.52972	0.00680	0.01326	0.00562	0.00295	0.00601
140	0.01066	0.00533	0.00533	0.00533	0.00666	0.00533	0.00400	0.01333	0.01200	0.02132	0.01866	0.02132	0.01466	0.00666	0.00400	0.00133	0.00267	0.00533	0.83073	0.00533
141	0.01129	0.01092	0.01894	0.57783	0.06510	0.01305	0.09916	0.01486	0.01142	0.01501	0.01045	0.01585	0.00829	0.03582	0.00772	0.00208	0.06769	0.00539	0.00263	0.00651
142	0.01639	0.04650	0.08572	0.01308	0.04446	0.05021	0.01082	0.16036	0.38144	0.07790	0.04009	0.01827	0.01470	0.00714	0.00567	0.00181	0.00562	0.00576	0.00520	0.00888
143	0.01184	0.01121	0.05269	0.00889	0.01416	0.00793	0.00755	0.01460	0.01187	0.01861	0.01017	0.01187	0.00841	0.00430	0.00430	0.00090	0.00446	0.00343	0.00334	0.78945
144	0.01066	0.00533	0.00533	0.00533	0.00666	0.00533	0.00400	0.01333	0.01200	0.02132	0.01866	0.02132	0.01466	0.00666	0.00400	0.00133	0.00267	0.00533	0.83073	0.00533
145	0.01369	0.01171	0.01417	0.01371	0.08660	0.01285	0.04139	0.08949	0.44869	0.02379	0.12770	0.02411	0.05045	0.00813	0.00601	0.00188	0.00480	0.00701	0.00544	0.00836
146	0.01064	0.00764	0.00925	0.00836	0.01035	0.00765	0.00641	0.05157	0.14196	0.05945	0.54621	0.03680	0.05959	0.01062	0.00649	0.00182	0.00330	0.00924	0.00620	0.00643
147	0.01979	0.01600	0.01731	0.01581	0.11051	0.06831	0.01148	0.51144	0.11898	0.03080	0.01427	0.01454	0.01049	0.00670	0.00569	0.00173	0.00640	0.00521	0.00518	0.00935
148	0.01066	0.00533	0.00533	0.00533	0.00666	0.00533	0.00400	0.01333	0.01200	0.02132	0.01866	0.02132	0.01466	0.00666	0.00400	0.00133	0.00267	0.00533	0.83073	0.00533
149	0.01876	0.02229	0.01504	0.01298	0.01655	0.54656	0.00987	0.03783	0.01527	0.01580	0.00932	0.01082	0.00773	0.00546	0.00492	0.00131	0.00855	0.00364	0.00314	0.23417
150	0.00683	0.00580	0.00589	0.00586	0.00777	0.00486	0.00440	0.00834	0.01319	0.01582	0.09233	0.05444	0.72637	0.01435	0.00676	0.00192	0.00289	0.01199	0.00536	0.00486
151	0.01186	0.01017	0.01186	0.00847	0.01356	0.00762	0.00678	0.01440	0.01186	0.01864	0.01017	0.01186	0.00847	0.00424	0.00424	0.00085	0.00424	0.00339	0.00339	0.83395
152	0.00810	0.00585	0.00765	0.00720	0.00855	0.00540	0.00540	0.01079	0.01619	0.02294	0.76028	0.04273	0.05397	0.01169	0.00675	0.00180	0.00270	0.01034	0.00630	0.00540
153	0.00810	0.00585	0.00765	0.00720	0.00855	0.00540	0.00540	0.01079	0.01619	0.02294	0.76028	0.04273	0.05397	0.01169	0.00675	0.00180	0.00270	0.01034	0.00630	0.00540
154	0.02174	0.01602	0.01717	0.01316	0.01774	0.01774	0.01087	0.74423	0.02689	0.03605	0.01373	0.01373	0.00973	0.00687	0.00572	0.00172	0.00629	0.00515	0.00572	0.00973
155	0.83938	0.01106	0.00841	0.00752	0.01106	0.01283	0.00619	0.01681	0.00973	0.02566	0.00796	0.00929	0.00619	0.00531	0.00354	0.00177	0.00442	0.00310	0.00354	0.00619
156	0.01379	0.01322	0.02256	0.11636	0.68489	0.01349	0.01737	0.01724	0.01285	0.01825	0.01069	0.01428	0.00890	0.00516	0.00567	0.00172	0.00689	0.00509	0.00280	0.00877
157	0.01147	0.02959	0.76934	0.01630	0.02476	0.01328	0.02113	0.01811	0.01208	0.01811	0.01026	0.01208	0.00725	0.00543	0.00543	0.00181	0.00845	0.00423	0.00242	0.00845
158	0.01066	0.00533	0.00533	0.00533	0.00666	0.00533	0.00400	0.01333	0.01200	0.02132	0.01866	0.02132	0.01466	0.00666	0.00400	0.00133	0.00267	0.00533	0.83073	0.00533
159	0.01147	0.02959	0.76934	0.01630	0.02476	0.01328	0.02113	0.01811	0.01208	0.01811	0.01026	0.01208	0.00725	0.00543	0.00543	0.00181	0.00845	0.00423	0.00242	0.00845
160	0.01283	0.30452	0.50632	0.01398	0.02117	0.01661	0.01710	0.01776	0.01191	0.01646	0.00944	0.01104	0.00728	0.00524	0.00481	0.00160	0.00762	0.00381	0.00243	0.00806
161	0.00679	0.00580	0.00583	0.00582	0.00774	0.00484	0.00437	0.00826	0.01310	0.01561	0.07248	0.05479	0.74635	0.01443	0.00676	0.00193	0.00289	0.01204	0.00533	0.00484
162	0.00729	0.00583	0.00672	0.00674	0.00822	0.00545	0.00498	0.00879	0.01181	0.01487	0.07576	0.06312	0.47153	0.09266	0.18643	0.00394	0.00601	0.01038	0.00467	0.00479
163	0.01080	0.01017	0.01716	0.78523	0.03940	0.01271	0.01589	0.01461	0.01144	0.01461	0.01017	0.01525	0.00762	0.00572	0.00572	0.00191	0.00762	0.00508	0.00254	0.00635
164	0.01512	0.01598	0.02048	0.17604	0.45627	0.18380	0.01578	0.01817	0.01343	0.01685	0.01022	0.01351	0.00840	0.00540	0.00556	0.00169	0.00774	0.00478	0.00280	0.00799
165	0.83938	0.01106	0.00841	0.00752	0.01106	0.01283	0.00619	0.01681	0.00973	0.02566	0.00796	0.00929	0.00619	0.00531	0.00354	0.00177	0.00442	0.00310	0.00354	0.00619
166	0.83938	0.01106	0.00841	0.00752	0.01106	0.01283	0.00619	0.01681	0.00973	0.02566	0.00796	0.00929	0.00619	0.00531	0.00354	0.00177	0.00442	0.00310	0.00354	0.00619
167	0.01165	0.07439	0.54862	0.04526	0.02225	0.01323	0.01758	0.01844	0.08473	0.01868	0.07990	0.01572	0.01253	0.00621	0.00549	0.00179	0.00736	0.00496	0.00311	0.00808
168	0.01447	0.19388	0.01685	0.01121	0.01483	0.01616	0.00922	0.02735	0.58259	0.02152	0.01976	0.01854	0.01513	0.00710	0.00533	0.00178	0.00489	0.00568	0.00504	0.00866
169	0.02174	0.01602	0.01717	0.01316	0.01774	0.01774	0.01087	0.74423	0.02689	0.03605	0.01373	0.01373	0.00973	0.00687	0.00572	0.00172	0.00629	0.00515	0.00572	0.00973
170	0.01194	0.02633	0.60029	0.01810	0.02594	0.01356	0.18692	0.01816	0.01240	0.01816	0.01057	0.01285	0.00758	0.00529	0.00574	0.00184	0.00873	0.00481	0.00253	0.00828
171	0.00911	0.00651	0.00910	0.01042	0.01169	0.00650	0.00904	0.01167	0.01307	0.01700	0.03034	0.09775	0.03314	0.01590	0.00787	0.00262	0.00518	0.69258	0.00527	0.00524
172	0.00817	0.00613	0.00919	0.00919	0.01021	0.00715	0.00715	0.01021	0.00919	0.01328	0.01532	0.02247	0.01430	0.04290	0.77631	0.00919	0.01532	0.00613	0.00306	0.00511
173	0.00704	0.00513	0.00666	0.00785	0.00838	0.00474	0.00537	0.00815	0.01126	0.01479	0.03420	0.68877	0.11214	0.01748	0.00727	0.00230	0.00336	0.04511	0.00531	0.00469
174	0.00689	0.00580	0.00597	0.00593	0.00780	0.00488	0.00445	0.00845	0.01334	0.01616	0.12467	0.05388	0.69381	0.01422	0.00676	0.00192	0.00288	0.01191	0.00541	0.00488
175	0.01336	0.01511	0.03266	0.06606	0.04282	0.01435	0.69039	0.01811	0.01338	0.01812	0.01148	0.01540	0.00863	0.00488	0.00668	0.00192	0.00948	0.00663	0.00287	0.00766
176	0.01241	0.01051	0.01215	0.00878	0.01380	0.00829	0.00704	0.05129	0.03039	0.01964	0.01066	0.01218	0.00875	0.00445	0.00435	0.00092	0.00435	0.00355	0.00356	0.77293
177	0.05591	0.58778	0.09016	0.01085	0.01537	0.03640	0.01082	0.01684	0.01136	0.01452	0.00845	0.02068	0.00772	0.00569	0.00546	0.00145	0.08721	0.00356	0.00255	0.00721
178	0.03852	0.06065	0.01518	0.04006	0.01618	0.05437	0.00920	0.28962	0.07097	0.05618	0.05312	0.01503	0.01205	0.00620	0.00516	0.00146	0.00554	0.00479	0.00464	0.24106
179	0.01554	0.02753	0.01245	0.01012	0.01270	0.01189	0.00770	0.37200	0.01823	0.05245	0.01782	0.13418	0.01727	0.24886	0.01301	0.00296	0.00558	0.00770	0.00496	0.00704
180	0.08788	0.00833	0.00921	0.00826	0.01043	0.00861	0.00629	0.10515	0.07919	0.05592	0.19021	0.03303	0.17277	0.12251	0.07476	0.00297	0.00508	0.00817	0.00510	0.00613
181	0.01362	0.01258	0.01893	0.05966	0.45170	0.01263	0.01392	0.01941	0.15884	0.01953	0.01310	0.01522	0.01055	0.00550	0.00545	0.00161	0.00594	0.00507	0.00351	0.15325
182	0.05385	0.01019	0.01175	0.00850	0.01348	0.00792	0.00682	0.01511	0.01195	0.05172	0.01060	0.01207	0.00861	0.00441	0.00427	0.00093	0.00427	0.00348	0.00356	0.75651
183	0.00818	0.00609	0.00899	0.00899	0.00994	0.00704	0.00690	0.01008	0.00913	0.01313	0.01551	0.02350	0.01475	0.09515	0.72467	0.00894	0.01465	0.00628	0.00309	0.00499
184	0.01227	0.01167	0.01981	0.45682	0.35633	0.01309	0.01662	0.01590	0.01213	0.01640	0.01043	0.01477	0.00825	0.00545	0.00569	0.00182	0.00726	0.00509	0.00267	0.00754
185	0.00810	0.00585	0.00765	0.00720	0.00855	0.00540	0.00540	0.01079	0.01619	0.02294	0.76028	0.04273	0.05397	0.01169	0.00675	0.00180	0.00270	0.01034	0.00630	0.00540
186	0.00820	0.00599	0.00851	0.00851	0.00930	0.00678	0.00630	0.00978	0.00899	0.01278	0.01594	0.02591	0.01579	0.21666	0.60459	0.00835	0.01307	0.00663	0.00316	0.00473
187	0.01066	0.00533	0.00533	0.00533	0.00666	0.00533	0.00400	0.01333	0.01200	0.02132	0.01866	0.02132	0.01466	0.00666	0.00400	0.00133	0.00267	0.00533	0.83073	0.00533
188	0.01529	0.80242	0.02997	0.00979	0.01468	0.02263	0.00979	0.01713	0.01162	0.01346	0.00795	0.00918	0.00734	0.00489	0.00367	0.00122	0.00612	0.00306	0.00245	0.00734
189	0.01020	0.00862	0.01486	0.01365	0.01600	0.00839	0.17775	0.01334	0.01324	0.01739	0.02598	0.05324	0.02735	0.01328	0.00764	0.00247	0.00627	0.55978	0.00472	0.00583
190	0.01665	0.01604	0.05163	0.01574	0.12349	0.15811	0.01123	0.04725	0.38629	0.08563	0.01777	0.01739	0.01334	0.00683	0.00564	0.00179	0.00622	0.00553	0.00479	0.00864
191	0.01525	0.01280	0.01351	0.01185	0.01526	0.01470	0.00930	0.12753	0.65416	0.02558	0.02198	0.02031	0.01641	0.00764	0.00581	0.00191	0.00477	0.00629	0.00581	0.00915
192	0.01235	0.09070	0.46121	0.06008	0.10234	0.01443	0.10924	0.01761	0.01213	0.01742	0.01015	0.01265	0.00766	0.00550	0.00609	0.00180	0.04338	0.00461	0.00253	0.00812
193	0.05739	0.09837	0.01751	0.04496	0.04473	0.56283	0.01112	0.06838	0.01587	0.01610	0.00916	0.01071	0.00754	0.00580	0.00502	0.00150	0.00915	0.00380	0.00309	0.00696
194	0.83938	0.01106	0.00841	0.00752	0.01106	0.01283	0.00619	0.01681	0.00973	0.02566	0.00796	0.00929	0.00619	0.00531	0.00354	0.00177	0.00442	0.00310	0.00354	0.00619

[dist]
# distance from previous block
# <min> <max>
0	2

[block]
# block no. 3 follows, 41 sequences, length 33
# corresponding to MSA columns:
# 316-348
name=unknown_D
#
# <colnr> <probs for GDERKNQSTAVLIFYWHMCP>
#	G	D	E	R	K	N	Q	S	T	A	V	L	I	F	Y	W	H	M	C	P
0	0.83938	0.01106	0.00841	0.00752	0.01106	0.01283	0.00619	0.01681	0.00973	0.02566	0.00796	0.00929	0.00619	0.00531	0.00354	0.00177	0.00442	0.00310	0.00354	0.00619
1	0.01341	0.00822	0.01031	0.00913	0.01048	0.00872	0.00670	0.22422	0.01317	0.01762	0.01105	0.01631	0.00987	0.01604	0.01746	0.58884	0.00536	0.00502	0.00344	0.00461
2	0.01135	0.00914	0.00998	0.00940	0.01126	0.01013	0.00680	0.02035	0.41168	0.01907	0.06303	0.11259	0.02269	0.24188	0.01289	0.00304	0.00459	0.00830	0.00510	0.00672
3	0.01297	0.00679	0.00902	0.00821	0.01025	0.00610	0.00623	0.01511	0.01497	0.23983	0.35898	0.20628	0.05832	0.01182	0.00658	0.00191	0.00348	0.01038	0.00628	0.00649
4	0.00718	0.00589	0.00679	0.00679	0.00846	0.00551	0.00517	0.00880	0.01191	0.01481	0.04540	0.04546	0.54130	0.02285	0.23317	0.00407	0.00655	0.01032	0.00465	0.00491
5	0.01193	0.01269	0.02653	0.01972	0.02410	0.01231	0.52617	0.01594	0.01223	0.01684	0.01267	0.01750	0.01033	0.01602	0.23316	0.00407	0.01131	0.00657	0.00294	0.00695
6	0.02137	0.02726	0.01621	0.01474	0.01768	0.77602	0.01105	0.02284	0.01621	0.01400	0.00884	0.01031	0.00737	0.00589	0.00516	0.00147	0.01031	0.00368	0.00295	0.00663
7	0.01003	0.00898	0.01481	0.55691	0.03081	0.01107	0.01332	0.01332	0.01078	0.01422	0.01168	0.01737	0.00959	0.01666	0.23244	0.00405	0.00989	0.00539	0.00270	0.00599
8	0.01076	0.01137	0.04107	0.01708	0.02064	0.01031	0.40609	0.01406	0.01249	0.01685	0.02008	0.31105	0.02095	0.01037	0.00699	0.00211	0.00699	0.05037	0.00392	0.00644
9	0.01278	0.56805	0.02286	0.00861	0.01263	0.01739	0.00819	0.01450	0.01204	0.01404	0.02266	0.02267	0.22907	0.00772	0.00458	0.00143	0.00517	0.00571	0.00329	0.00660
10	0.59998	0.01067	0.00984	0.00830	0.01210	0.01153	0.00685	0.02007	0.01169	0.24385	0.01226	0.01229	0.00854	0.00583	0.00419	0.00177	0.00455	0.00388	0.00458	0.00724
11	0.01884	0.01430	0.01561	0.01178	0.01651	0.01476	0.00967	0.52950	0.02247	0.03093	0.01268	0.01318	0.00936	0.00609	0.00528	0.00146	0.00569	0.00463	0.00504	0.25222
12	0.01200	0.01215	0.01017	0.00941	0.01123	0.23212	0.00706	0.01434	0.01620	0.02031	0.53920	0.03319	0.04026	0.00999	0.00628	0.00170	0.00494	0.00838	0.00531	0.00576
13	0.06162	0.46263	0.24508	0.01201	0.01770	0.08480	0.01303	0.01790	0.01205	0.01557	0.00871	0.01013	0.00725	0.00516	0.00431	0.00145	0.00707	0.00346	0.00254	0.00754
14	0.25283	0.00717	0.00688	0.00662	0.00766	0.00769	0.00427	0.01082	0.00873	0.01538	0.01506	0.02915	0.01650	0.56547	0.02159	0.00443	0.00522	0.00678	0.00349	0.00427
15	0.59561	0.01080	0.01098	0.23633	0.01940	0.01280	0.00905	0.01617	0.01024	0.02241	0.00861	0.01104	0.00662	0.00543	0.00418	0.00181	0.00537	0.00368	0.00325	0.00624
16	0.01003	0.00898	0.01481	0.55691	0.03081	0.01107	0.01332	0.01332	0.01078	0.01422	0.01168	0.01737	0.00959	0.01666	0.23244	0.00405	0.00989	0.00539	0.00270	0.00599
17	0.01399	0.01287	0.02129	0.14681	0.57924	0.01335	0.01644	0.01830	0.06411	0.04059	0.01189	0.01498	0.00957	0.00543	0.00568	0.00175	0.00671	0.00521	0.00312	0.00867
18	0.01120	0.00712	0.00906	0.00868	0.00964	0.00769	0.00617	0.01420	0.22679	0.01405	0.01386	0.01855	0.01215	0.01631	0.01749	0.58890	0.00484	0.00541	0.00347	0.00442
19	0.01743	0.46230	0.02381	0.01180	0.01573	0.31504	0.01026	0.01912	0.01342	0.01388	0.02408	0.01042	0.00833	0.00557	0.00473	0.00137	0.02949	0.00351	0.00272	0.00699
20	0.01367	0.08510	0.29975	0.01222	0.01842	0.03602	0.01301	0.08420	0.01360	0.04423	0.01072	0.01209	0.00818	0.00513	0.00486	0.00137	0.00639	0.00393	0.00327	0.32384
21	0.00993	0.00832	0.01332	0.01682	0.23178	0.00904	0.01021	0.01237	0.01032	0.01487	0.01398	0.02002	0.01276	0.03178	0.54958	0.00699	0.01281	0.00582	0.00300	0.00627
