[name]
unknown

[dist]
# distance from previous block
# <min> <max>
0	181

[block]
# block no. 0 follows, 40 sequences, length 29
# corresponding to MSA columns:
# 191-219
name=unknown_A
#
# <colnr> <probs for GDERKNQSTAVLIFYWHMCP>
#	G	D	E	R	K	N	Q	S	T	A	V	L	I	F	Y	W	H	M	C	P
0	0.00921	0.00658	0.00918	0.01052	0.01179	0.00655	0.00909	0.01177	0.01323	0.01722	0.03088	0.11706	0.03382	0.01622	0.00799	0.00266	0.00521	0.67034	0.00536	0.00531
1	0.01373	0.01569	0.03431	0.02451	0.03039	0.01471	0.73824	0.01863	0.01373	0.01863	0.01176	0.01569	0.00882	0.00490	0.00686	0.00196	0.00980	0.00686	0.00294	0.00784
2	0.00846	0.00564	0.00634	0.00634	0.00634	0.00564	0.00352	0.00846	0.00846	0.01128	0.01832	0.03805	0.02114	0.79563	0.02960	0.00564	0.00564	0.00846	0.00352	0.00352
3	0.83671	0.01125	0.00855	0.00765	0.01125	0.01305	0.00630	0.01709	0.00990	0.02609	0.00810	0.00945	0.00630	0.00540	0.00360	0.00180	0.00450	0.00315	0.00360	0.00630
4	0.00709	0.00506	0.00675	0.00810	0.00843	0.00472	0.00540	0.00810	0.01113	0.01484	0.03205	0.79184	0.03846	0.01822	0.00742	0.00236	0.00337	0.01653	0.00540	0.00472
5	0.00709	0.00506	0.00675	0.00810	0.00843	0.00472	0.00540	0.00810	0.01113	0.01484	0.03205	0.79184	0.03846	0.01822	0.00742	0.00236	0.00337	0.01653	0.00540	0.00472
6	0.83671	0.01125	0.00855	0.00765	0.01125	0.01305	0.00630	0.01709	0.00990	0.02609	0.00810	0.00945	0.00630	0.00540	0.00360	0.00180	0.00450	0.00315	0.00360	0.00630
7	0.01776	0.01176	0.01328	0.01134	0.01495	0.01273	0.00898	0.07865	0.47134	0.21945	0.05757	0.02169	0.01808	0.00783	0.00594	0.00190	0.00473	0.00648	0.00627	0.00926
8	0.83671	0.01125	0.00855	0.00765	0.01125	0.01305	0.00630	0.01709	0.00990	0.02609	0.00810	0.00945	0.00630	0.00540	0.00360	0.00180	0.00450	0.00315	0.00360	0.00630
9	0.00846	0.00564	0.00634	0.00634	0.00634	0.00564	0.00352	0.00846	0.00846	0.01128	0.01832	0.03805	0.02114	0.79563	0.02960	0.00564	0.00564	0.00846	0.00352	0.00352
10	0.04853	0.01694	0.11195	0.02110	0.02700	0.01463	0.51651	0.10094	0.01507	0.05092	0.01217	0.01502	0.00890	0.00532	0.00642	0.00191	0.00887	0.00620	0.00341	0.00818
11	0.00930	0.00815	0.01369	0.12073	0.09911	0.00817	0.10356	0.01149	0.01177	0.01580	0.02405	0.49673	0.02709	0.01332	0.00694	0.00218	0.00521	0.01244	0.00441	0.00587
12	0.00846	0.00564	0.00634	0.00634	0.00634	0.00564	0.00352	0.00846	0.00846	0.01128	0.01832	0.03805	0.02114	0.79563	0.02960	0.00564	0.00564	0.00846	0.00352	0.00352
13	0.83671	0.01125	0.00855	0.00765	0.01125	0.01305	0.00630	0.01709	0.00990	0.02609	0.00810	0.00945	0.00630	0.00540	0.00360	0.00180	0.00450	0.00315	0.00360	0.00630
14	0.01230	0.04630	0.01204	0.01005	0.01221	0.01055	0.00807	0.19301	0.01419	0.01996	0.01510	0.01989	0.01307	0.02958	0.48097	0.00640	0.01177	0.00577	0.07225	0.00649
15	0.01202	0.02532	0.55632	0.01811	0.05978	0.01318	0.12887	0.01799	0.01258	0.01845	0.01153	0.01517	0.00884	0.00582	0.00580	0.00185	0.00838	0.03535	0.00271	0.04194
16	0.01166	0.03008	0.76550	0.01657	0.02517	0.01351	0.02149	0.01842	0.01228	0.01842	0.01044	0.01228	0.00737	0.00552	0.00552	0.00184	0.00859	0.00430	0.00246	0.00859
17	0.01420	0.01497	0.07618	0.03434	0.70732	0.01379	0.01810	0.01789	0.01317	0.01896	0.01090	0.01424	0.00908	0.00521	0.00574	0.00174	0.00703	0.00512	0.00285	0.00917
18	0.00709	0.00506	0.00675	0.00810	0.00843	0.00472	0.00540	0.00810	0.01113	0.01484	0.03205	0.79184	0.03846	0.01822	0.00742	0.00236	0.00337	0.01653	0.00540	0.00472
19	0.01352	0.01466	0.02823	0.09755	0.15414	0.04537	0.46317	0.01778	0.01375	0.01848	0.06413	0.01720	0.01199	0.00558	0.00650	0.00189	0.00864	0.00654	0.00314	0.00773
20	0.01881	0.01513	0.04924	0.01351	0.01793	0.01556	0.06956	0.48228	0.09199	0.05165	0.09840	0.01824	0.01562	0.00739	0.00602	0.00180	0.00615	0.00606	0.00555	0.00911
21	0.02121	0.02542	0.01784	0.01544	0.01885	0.62356	0.06183	0.11411	0.01767	0.01739	0.00981	0.01129	0.00789	0.00604	0.00543	0.00156	0.00992	0.00415	0.00335	0.00722
22	0.01206	0.01034	0.01206	0.00861	0.01378	0.00775	0.00689	0.01464	0.01206	0.01895	0.01034	0.01206	0.00861	0.00431	0.00431	0.00086	0.00431	0.00345	0.00345	0.83118
23	0.00709	0.00506	0.00675	0.00810	0.00843	0.00472	0.00540	0.00810	0.01113	0.01484	0.03205	0.79184	0.03846	0.01822	0.00742	0.00236	0.00337	0.01653	0.00540	0.00472
24	0.01358	0.01669	0.08522	0.02396	0.03003	0.01462	0.68833	0.01861	0.01362	0.01861	0.01167	0.01545	0.00872	0.00495	0.00677	0.00195	0.00972	0.00668	0.00291	0.00790
25	0.01272	0.01272	0.01781	0.01527	0.01527	0.01781	0.01272	0.01399	0.00891	0.01399	0.00763	0.01272	0.00763	0.01018	0.01908	0.00254	0.78499	0.00509	0.00254	0.00636
26	0.00709	0.00506	0.00675	0.00810	0.00843	0.00472	0.00540	0.00810	0.01113	0.01484	0.03205	0.79184	0.03846	0.01822	0.00742	0.00236	0.00337	0.01653	0.00540	0.00472
27	0.00845	0.00566	0.00646	0.00646	0.00650	0.00570	0.00367	0.00853	0.00849	0.01136	0.01822	0.03747	0.02089	0.76659	0.05829	0.00578	0.00602	0.00837	0.00351	0.00359
28	0.01218	0.13181	0.66827	0.01570	0.02381	0.01476	0.01996	0.01828	0.01222	0.01779	0.01012	0.01189	0.00738	0.00545	0.00529	0.00176	0.00828	0.00414	0.00246	0.00844

[dist]
# distance from previous block
# <min> <max>
0	20

[block]
# block no. 1 follows, 40 sequences, length 13
# corresponding to MSA columns:
# 240-252
name=unknown_B
#
# <colnr> <probs for GDERKNQSTAVLIFYWHMCP>
#	G	D	E	R	K	N	Q	S	T	A	V	L	I	F	Y	W	H	M	C	P
0	0.00816	0.00594	0.00768	0.00724	0.00865	0.00546	0.00543	0.01084	0.01630	0.02294	0.72134	0.04407	0.09005	0.01203	0.00686	0.00184	0.00275	0.01060	0.00635	0.00546
1	0.00831	0.00623	0.00935	0.00935	0.01038	0.00727	0.00727	0.01038	0.00935	0.01350	0.01558	0.02285	0.01454	0.04361	0.77259	0.00935	0.01558	0.00623	0.00312	0.00519
2	0.00823	0.00594	0.00777	0.00732	0.00869	0.00549	0.00549	0.01097	0.01646	0.02332	0.75629	0.04344	0.05487	0.01189	0.00686	0.00183	0.00274	0.01052	0.00640	0.00549
3	0.01341	0.01675	0.10813	0.06486	0.08201	0.01442	0.57471	0.01835	0.01343	0.01843	0.01149	0.01523	0.00864	0.00503	0.00659	0.00193	0.00936	0.00639	0.00287	0.00794
4	0.00894	0.00611	0.00792	0.00737	0.00891	0.00559	0.00556	0.01159	0.01629	0.05521	0.68630	0.04309	0.09133	0.01184	0.00682	0.00184	0.00285	0.01041	0.00638	0.00565
5	0.02172	0.02772	0.01648	0.01498	0.01798	0.77228	0.01124	0.02322	0.01648	0.01423	0.00899	0.01049	0.00749	0.00599	0.00524	0.00150	0.01049	0.00375	0.00300	0.00674
6	0.01413	0.01345	0.02238	0.09197	0.65074	0.01379	0.01710	0.01854	0.06523	0.01905	0.01179	0.01500	0.00970	0.00542	0.00577	0.00176	0.00681	0.00528	0.00307	0.00900
7	0.01480	0.10563	0.54681	0.01471	0.02215	0.01354	0.01784	0.02020	0.01306	0.15942	0.01257	0.01340	0.00871	0.00579	0.00540	0.00177	0.00766	0.00447	0.00336	0.00872
8	0.02399	0.00990	0.01316	0.01023	0.01442	0.00884	0.00839	0.07255	0.01732	0.64002	0.09806	0.02186	0.01828	0.00767	0.00595	0.00180	0.00481	0.00629	0.00703	0.00944
9	0.01870	0.01941	0.36194	0.01332	0.01965	0.01121	0.01458	0.02390	0.05927	0.37312	0.01719	0.01643	0.01134	0.00646	0.00570	0.00183	0.00662	0.00517	0.00492	0.00925
10	0.01547	0.46008	0.14020	0.01326	0.01850	0.06002	0.08717	0.07397	0.01339	0.01674	0.00930	0.01102	0.00779	0.00552	0.00534	0.00153	0.04613	0.00398	0.00282	0.00777
11	0.01685	0.48947	0.11411	0.01208	0.01701	0.19543	0.01168	0.05501	0.01373	0.01552	0.00887	0.01018	0.00758	0.00538	0.00440	0.00140	0.00750	0.00350	0.00277	0.00755
12	0.01447	0.01845	0.24794	0.02792	0.47872	0.01331	0.01823	0.01883	0.01321	0.07666	0.01172	0.01417	0.00905	0.00544	0.00569	0.00177	0.00727	0.00496	0.00309	0.00908

[dist]
# distance from previous block
# <min> <max>
0	1

[block]
# block no. 2 follows, 40 sequences, length 84
# corresponding to MSA columns:
# 254-337
name=unknown_C
#
# <colnr> <probs for GDERKNQSTAVLIFYWHMCP>
#	G	D	E	R	K	N	Q	S	T	A	V	L	I	F	Y	W	H	M	C	P
0	0.00855	0.00662	0.00791	0.00768	0.00939	0.00629	0.00592	0.01222	0.08386	0.02071	0.42150	0.04709	0.24453	0.01272	0.00689	0.00196	0.00323	0.08128	0.00597	0.00566
1	0.03226	0.01244	0.06577	0.07067	0.20547	0.01100	0.04246	0.02278	0.04864	0.35853	0.01799	0.01988	0.01300	0.00687	0.00593	0.00186	0.00607	0.04430	0.00509	0.00898
2	0.01372	0.01285	0.02181	0.02861	0.50847	0.01280	0.09844	0.06595	0.01394	0.01952	0.01450	0.13469	0.01373	0.00729	0.00615	0.00185	0.00666	0.00713	0.00348	0.00841
3	0.02112	0.01276	0.01581	0.01237	0.01652	0.01306	0.05179	0.37174	0.02101	0.27533	0.01903	0.11056	0.01480	0.00830	0.00608	0.00185	0.00575	0.00691	0.00606	0.00914
4	0.02609	0.00990	0.01350	0.01035	0.01484	0.00855	0.00855	0.02834	0.01664	0.76338	0.02294	0.01979	0.01439	0.00720	0.00585	0.00180	0.00495	0.00585	0.00720	0.00990
5	0.01370	0.01298	0.02263	0.17606	0.08361	0.01497	0.22176	0.01679	0.01172	0.06729	0.01068	0.01476	0.00859	0.00717	0.01090	0.00214	0.28830	0.00567	0.00301	0.00728
6	0.01329	0.17967	0.52830	0.01484	0.02191	0.01541	0.01791	0.01845	0.01219	0.05757	0.01046	0.01213	0.00778	0.00583	0.00612	0.00177	0.06117	0.00420	0.00273	0.00829
7	0.00846	0.00564	0.00634	0.00634	0.00634	0.00564	0.00352	0.00846	0.00846	0.01128	0.01832	0.03805	0.02114	0.79563	0.02960	0.00564	0.00564	0.00846	0.00352	0.00352
8	0.00836	0.00560	0.00637	0.00646	0.00649	0.00557	0.00365	0.00843	0.00864	0.01152	0.01928	0.09047	0.02235	0.74157	0.02806	0.00541	0.00548	0.00902	0.00365	0.00361
9	0.01311	0.01353	0.02581	0.29240	0.03171	0.01455	0.37218	0.05595	0.01325	0.01782	0.01098	0.01524	0.00839	0.00585	0.00761	0.00200	0.08339	0.00600	0.00293	0.00732
10	0.01192	0.01173	0.02120	0.54973	0.13549	0.01335	0.14151	0.01591	0.01221	0.01607	0.01066	0.01539	0.00813	0.00557	0.00599	0.00191	0.00799	0.00546	0.00269	0.00707
11	0.00709	0.00506	0.00675	0.00810	0.00843	0.00472	0.00540	0.00810	0.01113	0.01484	0.03205	0.79184	0.03846	0.01822	0.00742	0.00236	0.00337	0.01653	0.00540	0.00472
12	0.01166	0.03008	0.76550	0.01657	0.02517	0.01351	0.02149	0.01842	0.01228	0.01842	0.01044	0.01228	0.00737	0.00552	0.00552	0.00184	0.00859	0.00430	0.00246	0.00859
13	0.06787	0.01025	0.05672	0.01318	0.01597	0.00912	0.19250	0.01414	0.05250	0.04001	0.02322	0.37333	0.02473	0.01218	0.00683	0.00218	0.00564	0.06876	0.00457	0.00629
14	0.55148	0.01186	0.01171	0.05470	0.01427	0.01443	0.00861	0.06585	0.01098	0.02350	0.00853	0.01083	0.00692	0.00658	0.00729	0.00197	0.17663	0.00384	0.00346	0.00657
15	0.01483	0.61800	0.18875	0.01148	0.01720	0.03576	0.01246	0.01774	0.01201	0.01471	0.00861	0.00999	0.00744	0.00511	0.00415	0.00138	0.00682	0.00338	0.00249	0.00769
16	0.01361	0.01439	0.13534	0.01280	0.03840	0.04444	0.03640	0.11989	0.13223	0.04501	0.13779	0.04092	0.03447	0.00888	0.00620	0.00189	0.00575	0.10175	0.00487	0.06496
17	0.01334	0.01678	0.11024	0.03770	0.02829	0.01490	0.56389	0.01800	0.01298	0.01800	0.01112	0.01498	0.00851	0.00559	0.00810	0.00201	0.09868	0.00635	0.00284	0.00773
18	0.02609	0.00990	0.01350	0.01035	0.01484	0.00855	0.00855	0.02834	0.01664	0.76338	0.02294	0.01979	0.01439	0.00720	0.00585	0.00180	0.00495	0.00585	0.00720	0.00990
19	0.00750	0.00536	0.00712	0.00814	0.00872	0.00504	0.00569	0.00890	0.01208	0.01629	0.14571	0.58915	0.04010	0.04069	0.00806	0.00240	0.00351	0.07518	0.00550	0.00486
20	0.02207	0.01610	0.07991	0.01301	0.01796	0.01564	0.01141	0.52833	0.02380	0.18889	0.01556	0.01505	0.01063	0.00690	0.00580	0.00176	0.00628	0.00529	0.00582	0.00978
21	0.00709	0.00506	0.00675	0.00810	0.00843	0.00472	0.00540	0.00810	0.01113	0.01484	0.03205	0.79184	0.03846	0.01822	0.00742	0.00236	0.00337	0.01653	0.00540	0.00472
22	0.01010	0.00505	0.00758	0.00758	0.00758	0.00505	0.00505	0.00758	0.00758	0.01010	0.01010	0.01768	0.01010	0.02020	0.02273	0.83081	0.00505	0.00505	0.00253	0.00253
23	0.01318	0.01437	0.03005	0.10381	0.08155	0.01390	0.56095	0.01772	0.01345	0.01817	0.01288	0.01905	0.01045	0.00579	0.00676	0.00199	0.00907	0.05617	0.00307	0.00762
24	0.01355	0.01423	0.05029	0.09310	0.39083	0.01468	0.14980	0.01700	0.01231	0.01757	0.01037	0.01432	0.00864	0.00618	0.00857	0.00195	0.16026	0.00544	0.00278	0.00814
25	0.00846	0.00564	0.00634	0.00634	0.00634	0.00564	0.00352	0.00846	0.00846	0.01128	0.01832	0.03805	0.02114	0.79563	0.02960	0.00564	0.00564	0.00846	0.00352	0.00352
26	0.01098	0.01034	0.01744	0.78165	0.04005	0.01292	0.01615	0.01486	0.01163	0.01486	0.01034	0.01550	0.00775	0.00581	0.00581	0.00194	0.00775	0.00517	0.00258	0.00646
27	0.01510	0.59447	0.18242	0.01162	0.01723	0.06458	0.01242	0.01796	0.01218	0.01470	0.00863	0.01001	0.00744	0.00515	0.00419	0.00138	0.00696	0.00339	0.00251	0.00766
28	0.00715	0.00534	0.00658	0.00743	0.00823	0.00485	0.00509	0.00834	0.01189	0.01543	0.08045	0.53526	0.22070	0.04460	0.00804	0.00235	0.00331	0.01482	0.00539	0.00477
29	0.02017	0.01533	0.01636	0.01299	0.01730	0.01713	0.01058	0.56046	0.21000	0.03353	0.01642	0.01592	0.01188	0.00721	0.00584	0.00180	0.00594	0.00557	0.00584	0.00972
30	0.00720	0.00590	0.00634	0.00623	0.00805	0.00505	0.00467	0.00897	0.01402	0.01752	0.22504	0.05298	0.58973	0.01405	0.00687	0.00193	0.00290	0.01185	0.00564	0.00505
31	0.01287	0.07822	0.41269	0.02059	0.17801	0.01469	0.08476	0.01838	0.03812	0.01812	0.01077	0.01319	0.00828	0.00576	0.00651	0.00184	0.06128	0.00477	0.00272	0.00844
32	0.01180	0.05699	0.73978	0.01634	0.02481	0.01384	0.02108	0.01838	0.01226	0.01825	0.01035	0.01217	0.00737	0.00551	0.00546	0.00182	0.00851	0.00426	0.00246	0.00855
33	0.00831	0.00623	0.00935	0.00935	0.01038	0.00727	0.00727	0.01038	0.00935	0.01350	0.01558	0.02285	0.01454	0.04361	0.77259	0.00935	0.01558	0.00623	0.00312	0.00519
34	0.01117	0.00909	0.01344	0.04708	0.06559	0.00874	0.10925	0.03096	0.07461	0.07097	0.17214	0.03734	0.28167	0.01055	0.00661	0.00193	0.00478	0.03234	0.00512	0.00662
35	0.01201	0.01198	0.02127	0.46995	0.08461	0.01404	0.15889	0.01569	0.01177	0.01577	0.01027	0.01506	0.00805	0.00621	0.00792	0.00201	0.11943	0.00549	0.00267	0.00691
36	0.00744	0.00595	0.00668	0.00661	0.00836	0.00519	0.00504	0.00937	0.01425	0.01816	0.27294	0.05265	0.49782	0.01393	0.00694	0.00196	0.00302	0.05287	0.00571	0.00511
37	0.00831	0.00623	0.00935	0.00935	0.01038	0.00727	0.00727	0.01038	0.00935	0.01350	0.01558	0.02285	0.01454	0.04361	0.77259	0.00935	0.01558	0.00623	0.00312	0.00519
38	0.01420	0.01475	0.05833	0.03368	0.65115	0.01389	0.09206	0.01795	0.01325	0.01893	0.01100	0.01443	0.00909	0.00517	0.00586	0.00176	0.00728	0.00531	0.00287	0.00904
39	0.01098	0.01034	0.01744	0.78165	0.04005	0.01292	0.01615	0.01486	0.01163	0.01486	0.01034	0.01550	0.00775	0.00581	0.00581	0.00194	0.00775	0.00517	0.00258	0.00646
40	0.00709	0.00506	0.00675	0.00810	0.00843	0.00472	0.00540	0.00810	0.01113	0.01484	0.03205	0.79184	0.03846	0.01822	0.00742	0.00236	0.00337	0.01653	0.00540	0.00472
41	0.81172	0.03522	0.00921	0.00772	0.01136	0.01335	0.00641	0.01710	0.00995	0.02571	0.00810	0.00944	0.00633	0.00539	0.00360	0.00178	0.00455	0.00315	0.00356	0.00633
42	0.00928	0.00621	0.00791	0.00733	0.00900	0.00562	0.00555	0.01181	0.01602	0.07372	0.60760	0.04355	0.15041	0.01196	0.00679	0.00185	0.00293	0.01044	0.00632	0.00571
43	0.01136	0.01172	0.06619	0.01311	0.01438	0.01353	0.02478	0.01343	0.00967	0.01491	0.01078	0.01592	0.00993	0.01818	0.21619	0.00415	0.43546	0.00532	0.05070	0.04028
44	0.00846	0.00564	0.00634	0.00634	0.00634	0.00564	0.00352	0.00846	0.00846	0.01128	0.01832	0.03805	0.02114	0.79563	0.02960	0.00564	0.00564	0.00846	0.00352	0.00352
45	0.01567	0.78386	0.03020	0.01005	0.01499	0.03784	0.00998	0.01753	0.01191	0.01369	0.00810	0.00935	0.00746	0.00500	0.00376	0.00125	0.00630	0.00312	0.00250	0.00745
46	0.01143	0.10482	0.49743	0.01401	0.02033	0.01328	0.01667	0.01649	0.01260	0.01811	0.10986	0.01843	0.05423	0.00712	0.00651	0.00183	0.06052	0.00547	0.00314	0.00772
47	0.00831	0.00623	0.00935	0.00935	0.01038	0.00727	0.00727	0.01038	0.00935	0.01350	0.01558	0.02285	0.01454	0.04361	0.77259	0.00935	0.01558	0.00623	0.00312	0.00519
48	0.02211	0.01629	0.01745	0.01338	0.01803	0.01803	0.01105	0.73997	0.02734	0.03665	0.01396	0.01396	0.00989	0.00698	0.00582	0.00175	0.00640	0.00524	0.00582	0.00989
49	0.83671	0.01125	0.00855	0.00765	0.01125	0.01305	0.00630	0.01709	0.00990	0.02609	0.00810	0.00945	0.00630	0.00540	0.00360	0.00180	0.00450	0.00315	0.00360	0.00630
50	0.01166	0.03008	0.76550	0.01657	0.02517	0.01351	0.02149	0.01842	0.01228	0.01842	0.01044	0.01228	0.00737	0.00552	0.00552	0.00184	0.00859	0.00430	0.00246	0.00859
51	0.02211	0.01629	0.01745	0.01338	0.01803	0.01803	0.01105	0.73997	0.02734	0.03665	0.01396	0.01396	0.00989	0.00698	0.00582	0.00175	0.00640	0.00524	0.00582	0.00989
52	0.00887	0.05175	0.00774	0.00655	0.00684	0.00665	0.00390	0.00898	0.00865	0.01142	0.01773	0.03639	0.02035	0.74968	0.02810	0.00538	0.00567	0.00815	0.00346	0.00375
53	0.00943	0.00787	0.01149	0.01084	0.01162	0.00994	0.00865	0.01130	0.00923	0.01362	0.01357	0.02028	0.01279	0.03515	0.58183	0.00762	0.21036	0.00594	0.00297	0.00549
54	0.01204	0.01215	0.02258	0.49230	0.08652	0.01365	0.21706	0.01608	0.01223	0.01616	0.01068	0.01538	0.00815	0.00567	0.00657	0.00195	0.03546	0.00564	0.00270	0.00703
55	0.01357	0.06189	0.60812	0.01601	0.02383	0.01344	0.05837	0.01950	0.01283	0.10185	0.01181	0.01317	0.00824	0.00565	0.00555	0.00182	0.00814	0.00456	0.00302	0.00865
56	0.01408	0.01528	0.07646	0.03232	0.57446	0.01396	0.15107	0.01803	0.01326	0.01889	0.01106	0.01449	0.00901	0.00515	0.00595	0.00178	0.00756	0.00543	0.00286	0.00892
57	0.02150	0.01474	0.01623	0.01269	0.01709	0.01606	0.01041	0.54377	0.10643	0.13714	0.01635	0.01585	0.01151	0.00793	0.02300	0.00195	0.00620	0.00549	0.00596	0.00971
58	0.01328	0.01501	0.04424	0.10087	0.03047	0.01416	0.62629	0.01785	0.01327	0.01794	0.01154	0.01568	0.00873	0.00555	0.00730	0.03142	0.00941	0.00658	0.00288	0.00753
59	0.01231	0.06275	0.59713	0.01748	0.06695	0.01409	0.05876	0.01920	0.06290	0.01865	0.01134	0.01309	0.00827	0.00561	0.00555	0.00182	0.00818	0.00459	0.00275	0.00858
60	0.00819	0.00594	0.00772	0.00727	0.00866	0.00547	0.00545	0.01089	0.01636	0.02309	0.73507	0.04382	0.07623	0.01197	0.00686	0.00183	0.00275	0.01057	0.00637	0.00547
61	0.00724	0.00522	0.00685	0.00789	0.00844	0.00484	0.00537	0.00851	0.01198	0.01608	0.13526	0.65424	0.07217	0.01717	0.00732	0.00227	0.00327	0.01550	0.00554	0.00484
62	0.01413	0.06768	0.02513	0.08737	0.55255	0.01451	0.11868	0.01771	0.01309	0.01828	0.01081	0.01431	0.00893	0.00517	0.00578	0.00174	0.00733	0.00528	0.00284	0.00870
63	0.00899	0.00973	0.09627	0.01266	0.05389	0.00755	0.09243	0.01141	0.01198	0.01629	0.03884	0.49175	0.02980	0.01424	0.00710	0.00224	0.00506	0.07923	0.00466	0.00583
64	0.00709	0.00506	0.00675	0.00810	0.00843	0.00472	0.00540	0.00810	0.01113	0.01484	0.03205	0.79184	0.03846	0.01822	0.00742	0.00236	0.00337	0.01653	0.00540	0.00472
65	0.02937	0.39232	0.21461	0.06718	0.02201	0.01821	0.14763	0.01771	0.01224	0.01610	0.00951	0.01167	0.00769	0.00517	0.00490	0.00158	0.00755	0.00424	0.00259	0.00773
66	0.02069	0.04356	0.01767	0.02727	0.04030	0.01764	0.01112	0.60931	0.09785	0.03369	0.01456	0.01461	0.01053	0.00693	0.00575	0.00175	0.00625	0.00529	0.00556	0.00965
67	0.01419	0.01419	0.02246	0.18205	0.52518	0.06643	0.05611	0.01767	0.01317	0.01782	0.01073	0.01441	0.00878	0.00535	0.00579	0.00177	0.00748	0.00517	0.00283	0.00842
68	0.78008	0.01118	0.00916	0.06072	0.01322	0.01304	0.00697	0.01694	0.01002	0.02532	0.00825	0.00986	0.00640	0.00543	0.00375	0.00181	0.00472	0.00329	0.00353	0.00631
69	0.00709	0.00506	0.00675	0.00810	0.00843	0.00472	0.00540	0.00810	0.01113	0.01484	0.03205	0.79184	0.03846	0.01822	0.00742	0.00236	0.00337	0.01653	0.00540	0.00472
70	0.00709	0.00506	0.00675	0.00810	0.00843	0.00472	0.00540	0.00810	0.01113	0.01484	0.03205	0.79184	0.03846	0.01822	0.00742	0.00236	0.00337	0.01653	0.00540	0.00472
71	0.01287	0.01332	0.02617	0.02566	0.27591	0.01278	0.37299	0.01665	0.01314	0.01814	0.01478	0.14137	0.01377	0.00716	0.00658	0.00195	0.00777	0.00786	0.00332	0.00780
72	0.01431	0.01338	0.02077	0.05208	0.54933	0.01395	0.01561	0.02106	0.19942	0.02022	0.01414	0.01627	0.01133	0.00589	0.00580	0.00180	0.00635	0.00553	0.00364	0.00913
73	0.01608	0.01330	0.01406	0.01216	0.01574	0.01522	0.00960	0.18109	0.59603	0.02694	0.02161	0.02006	0.01609	0.00770	0.00590	0.00192	0.00498	0.00629	0.00590	0.00935
74	0.01095	0.06733	0.15236	0.01296	0.08027	0.00987	0.06024	0.01460	0.03962	0.05241	0.11414	0.05834	0.24613	0.01010	0.00630	0.00190	0.00530	0.04589	0.00448	0.00682
75	0.01359	0.01455	0.08313	0.07488	0.56436	0.01330	0.05878	0.01736	0.01311	0.01858	0.01229	0.01792	0.01064	0.00599	0.00596	0.00183	0.00715	0.05493	0.00300	0.00866
76	0.82010	0.01163	0.02379	0.00783	0.01153	0.01305	0.00660	0.01712	0.00994	0.02594	0.00814	0.00950	0.00632	0.00540	0.00364	0.00180	0.00458	0.00317	0.00358	0.00634
77	0.01509	0.01312	0.01364	0.01217	0.01525	0.04957	0.00952	0.02928	0.63788	0.04900	0.02185	0.02049	0.01646	0.00794	0.00680	0.00198	0.05915	0.00631	0.00559	0.00892
78	0.23608	0.01064	0.01255	0.06339	0.01564	0.01069	0.00856	0.08417	0.01543	0.42227	0.05136	0.01738	0.01330	0.00683	0.00530	0.00181	0.00505	0.00526	0.00578	0.00851
79	0.00820	0.00599	0.00773	0.00744	0.00885	0.00552	0.00567	0.01084	0.01599	0.02229	0.64945	0.04599	0.11015	0.01241	0.00694	0.00190	0.00294	0.06001	0.00625	0.00543
80	0.00913	0.00666	0.00835	0.00767	0.00930	0.00633	0.00582	0.06154	0.01706	0.02387	0.66980	0.04201	0.08685	0.01169	0.00679	0.00183	0.00301	0.01024	0.00631	0.00576
81	0.01538	0.75343	0.02974	0.01026	0.01495	0.02271	0.01011	0.01721	0.01165	0.01370	0.00806	0.00953	0.00747	0.00528	0.00462	0.00132	0.05148	0.00322	0.00249	0.00740
82	0.00724	0.00518	0.00689	0.00799	0.00847	0.00483	0.00541	0.00848	0.01185	0.01598	0.12914	0.69150	0.04066	0.01737	0.00735	0.00229	0.00329	0.01573	0.00553	0.00483
83	0.02157	0.01602	0.01715	0.01327	0.01783	0.01779	0.01092	0.69066	0.07751	0.03579	0.01464	0.01450	0.01044	0.00704	0.00582	0.00176	0.00627	0.00533	0.00582	0.00984

[dist]
# distance from previous block
# <min> <max>
0	4

[block]
# block no. 3 follows, 40 sequences, length 8
# corresponding to MSA columns:
# 342-349
name=unknown_D
#
# <colnr> <probs for GDERKNQSTAVLIFYWHMCP>
#	G	D	E	R	K	N	Q	S	T	A	V	L	I	F	Y	W	H	M	C	P
0	0.34521	0.06090	0.13949	0.00986	0.01444	0.01204	0.00944	0.01808	0.05857	0.07460	0.08129	0.01499	0.01274	0.00614	0.00464	0.00166	0.00514	0.00448	0.00398	0.12229
1	0.01922	0.02232	0.07058	0.01945	0.19224	0.42736	0.01323	0.04857	0.05201	0.06437	0.01134	0.01280	0.00892	0.00598	0.00548	0.00163	0.00872	0.00445	0.00344	0.00789
2	0.59868	0.03759	0.01225	0.09667	0.09918	0.01361	0.00897	0.04078	0.01110	0.02399	0.00886	0.01082	0.00694	0.00546	0.00416	0.00179	0.00525	0.00367	0.00344	0.00680
3	0.01555	0.79913	0.03047	0.00995	0.01493	0.02301	0.00995	0.01741	0.01182	0.01368	0.00808	0.00933	0.00746	0.00498	0.00373	0.00124	0.00622	0.00311	0.00249	0.00746
4	0.01064	0.00857	0.01146	0.01001	0.01291	0.00759	0.04957	0.05176	0.01357	0.01917	0.10217	0.19000	0.02555	0.01083	0.00630	0.00180	0.00460	0.16673	0.00470	0.29204
5	0.02053	0.01564	0.01756	0.01531	0.08752	0.01724	0.01149	0.59356	0.10580	0.03362	0.01475	0.01486	0.01070	0.00691	0.00582	0.00177	0.00625	0.00538	0.00555	0.00975
6	0.01862	0.01611	0.01477	0.01223	0.01577	0.16543	0.00970	0.42885	0.02195	0.02773	0.06162	0.07960	0.08460	0.00867	0.00599	0.00177	0.00644	0.00679	0.00522	0.00813
7	0.00836	0.00629	0.00725	0.00698	0.00868	0.00583	0.00526	0.04064	0.01455	0.01948	0.29207	0.08191	0.34976	0.01476	0.05242	0.00233	0.00378	0.01073	0.06355	0.00536

[dist]
# distance from previous block
# <min> <max>
0	5

[block]
# block no. 4 follows, 40 sequences, length 37
# corresponding to MSA columns:
# 355-391
name=unknown_E
#
# <colnr> <probs for GDERKNQSTAVLIFYWHMCP>
#	G	D	E	R	K	N	Q	S	T	A	V	L	I	F	Y	W	H	M	C	P
0	0.00783	0.00586	0.00726	0.00705	0.00848	0.00529	0.00524	0.01015	0.01531	0.02091	0.53964	0.10527	0.21425	0.01304	0.00691	0.00190	0.00284	0.01139	0.00609	0.00529
1	0.00871	0.00632	0.00874	0.00971	0.01091	0.00635	0.00805	0.01102	0.01266	0.01674	0.07261	0.15479	0.06957	0.02012	0.12118	0.00354	0.00633	0.44232	0.00509	0.00523
2	0.01098	0.01034	0.01744	0.78165	0.04005	0.01292	0.01615	0.01486	0.01163	0.01486	0.01034	0.01550	0.00775	0.00581	0.00581	0.00194	0.00775	0.00517	0.00258	0.00646
3	0.01987	0.01502	0.01583	0.01265	0.01661	0.04223	0.01022	0.60659	0.02456	0.03264	0.01647	0.12917	0.01404	0.00861	0.00604	0.00183	0.00609	0.00686	0.00566	0.00901
4	0.01521	0.65930	0.02733	0.00990	0.01485	0.04298	0.00953	0.01717	0.01199	0.01448	0.00845	0.00977	0.00763	0.00491	0.00386	0.00119	0.00606	0.00318	0.00264	0.12957
5	0.71426	0.01038	0.00808	0.00732	0.01058	0.01191	0.00597	0.01657	0.01024	0.02544	0.00971	0.01126	0.00757	0.00560	0.00367	0.00173	0.00423	0.00349	0.12581	0.00617
6	0.01395	0.01217	0.01379	0.12597	0.01882	0.01424	0.01023	0.02852	0.63955	0.02292	0.02169	0.02078	0.01627	0.00758	0.00590	0.00197	0.00507	0.00637	0.00542	0.00880
7	0.01963	0.01428	0.01522	0.01204	0.01606	0.01579	0.00982	0.55796	0.10071	0.03314	0.01572	0.01592	0.01146	0.00705	0.00557	0.00171	0.00566	0.00540	0.12771	0.00916
8	0.00729	0.00515	0.00669	0.00784	0.00812	0.00486	0.00512	0.00815	0.01074	0.01432	0.03002	0.68008	0.03589	0.13348	0.01071	0.00285	0.00371	0.01533	0.00512	0.00455
9	0.00809	0.00618	0.00883	0.00883	0.01001	0.00692	0.00685	0.01008	0.00993	0.01383	0.02200	0.02776	0.12461	0.03933	0.65906	0.00825	0.01370	0.00713	0.00345	0.00515
10	0.14019	0.00891	0.01052	0.00874	0.01223	0.00825	0.00703	0.02071	0.03191	0.40932	0.04780	0.05554	0.19608	0.00929	0.00585	0.00186	0.00427	0.00753	0.00611	0.00784
11	0.01357	0.01148	0.01214	0.01102	0.01382	0.01316	0.00836	0.02757	0.63908	0.02239	0.02288	0.02412	0.01825	0.12468	0.00943	0.00252	0.00476	0.00685	0.00556	0.00836
12	0.01193	0.01099	0.01800	0.77069	0.04032	0.01340	0.01642	0.01550	0.01222	0.01575	0.01128	0.01676	0.00866	0.00644	0.00621	0.00211	0.00803	0.00546	0.00292	0.00694
13	0.01643	0.78793	0.03083	0.01058	0.01557	0.02333	0.01031	0.01801	0.01240	0.01459	0.00906	0.01067	0.00837	0.00561	0.00416	0.00142	0.00652	0.00344	0.00282	0.00793
14	0.00830	0.00610	0.00755	0.00826	0.00914	0.00551	0.00570	0.00947	0.01315	0.01762	0.18644	0.51699	0.14939	0.01683	0.00760	0.00236	0.00352	0.01478	0.00589	0.00542
15	0.02681	0.01055	0.01411	0.01097	0.01549	0.00909	0.00893	0.02878	0.01716	0.75303	0.02369	0.02098	0.01520	0.00780	0.00624	0.00197	0.00527	0.00613	0.00746	0.01033
16	0.02681	0.01055	0.01411	0.01097	0.01549	0.00909	0.00893	0.02878	0.01716	0.75303	0.02369	0.02098	0.01520	0.00780	0.00624	0.00197	0.00527	0.00613	0.00746	0.01033
17	0.02681	0.01055	0.01411	0.01097	0.01549	0.00909	0.00893	0.02878	0.01716	0.75303	0.02369	0.02098	0.01520	0.00780	0.00624	0.00197	0.00527	0.00613	0.00746	0.01033
18	0.00793	0.00644	0.00680	0.00703	0.00873	0.00547	0.00507	0.00903	0.01338	0.01641	0.05357	0.20879	0.59805	0.01594	0.00737	0.00221	0.00338	0.01334	0.00569	0.00538
19	0.01678	0.68554	0.02911	0.01118	0.01583	0.04845	0.01055	0.05020	0.01310	0.01565	0.00933	0.01110	0.00849	0.00601	0.00511	0.00152	0.04745	0.00366	0.00299	0.00796
20	0.01193	0.01099	0.01800	0.77069	0.04032	0.01340	0.01642	0.01550	0.01222	0.01575	0.01128	0.01676	0.00866	0.00644	0.00621	0.00211	0.00803	0.00546	0.00292	0.00694
21	0.01111	0.00872	0.01278	0.01642	0.17612	0.00853	0.01101	0.01342	0.01358	0.01823	0.02726	0.16254	0.02941	0.01447	0.00780	0.00258	0.00572	0.44861	0.00511	0.00661
22	0.01559	0.43573	0.26316	0.01394	0.01997	0.08036	0.05671	0.01887	0.01304	0.01643	0.01009	0.01208	0.00842	0.00586	0.00503	0.00168	0.00783	0.00409	0.00288	0.00826
23	0.01450	0.01361	0.02264	0.20845	0.58247	0.01407	0.01770	0.01775	0.01343	0.01887	0.01173	0.01592	0.00976	0.00596	0.00617	0.00195	0.00739	0.00547	0.00314	0.00902
24	0.00931	0.00689	0.00976	0.00972	0.01074	0.00769	0.00734	0.01092	0.00989	0.01422	0.01668	0.02532	0.01592	0.10966	0.69626	0.00908	0.01486	0.00671	0.00347	0.00555
25	0.02146	0.02327	0.01689	0.01474	0.01790	0.49047	0.01132	0.19535	0.01887	0.02085	0.01149	0.01331	0.00932	0.00719	0.00674	0.00180	0.06584	0.00460	0.04069	0.00789
26	0.00966	0.00650	0.00733	0.00717	0.00745	0.00627	0.00418	0.00937	0.00918	0.01244	0.01844	0.03699	0.02083	0.71621	0.02837	0.04776	0.00587	0.00835	0.00379	0.03385
27	0.01643	0.78793	0.03083	0.01058	0.01557	0.02333	0.01031	0.01801	0.01240	0.01459	0.00906	0.01067	0.00837	0.00561	0.00416	0.00142	0.00652	0.00344	0.00282	0.00793
28	0.01540	0.05348	0.23852	0.03214	0.07049	0.01488	0.01407	0.06445	0.35103	0.05354	0.01807	0.01838	0.01360	0.00734	0.00608	0.00203	0.00652	0.00579	0.00479	0.00940
29	0.01034	0.00740	0.01005	0.01132	0.01274	0.00726	0.00974	0.01273	0.01395	0.01826	0.03142	0.06610	0.03399	0.01653	0.00839	0.00284	0.00567	0.70977	0.00564	0.00586
30	0.00788	0.00661	0.00662	0.00658	0.00861	0.00550	0.00486	0.00908	0.01382	0.01659	0.05912	0.05661	0.74665	0.01522	0.00725	0.00213	0.00330	0.01246	0.00569	0.00542
31	0.00930	0.00694	0.01002	0.00998	0.01110	0.00783	0.00767	0.01109	0.00997	0.01441	0.01644	0.02399	0.01534	0.04367	0.76147	0.00940	0.01574	0.00651	0.00344	0.00570
32	0.00922	0.00666	0.00847	0.00798	0.00943	0.00607	0.00592	0.01167	0.01698	0.02408	0.74603	0.04427	0.05507	0.01242	0.00724	0.00200	0.00310	0.01073	0.00668	0.00599
33	0.01507	0.01236	0.01317	0.01176	0.01511	0.01415	0.00917	0.03077	0.71051	0.06303	0.02363	0.02160	0.01758	0.00785	0.00591	0.00196	0.00462	0.00654	0.00598	0.00924
34	0.01555	0.79913	0.03047	0.00995	0.01493	0.02301	0.00995	0.01741	0.01182	0.01368	0.00808	0.00933	0.00746	0.00498	0.00373	0.00124	0.00622	0.00311	0.00249	0.00746
35	0.01422	0.01364	0.02329	0.07382	0.72259	0.01377	0.01776	0.01769	0.01316	0.01879	0.01091	0.01445	0.00914	0.00521	0.00576	0.00174	0.00695	0.00518	0.00286	0.00907
36	0.46762	0.01453	0.01250	0.01038	0.01432	0.08106	0.00847	0.28210	0.01685	0.02892	0.01032	0.01119	0.00772	0.00603	0.00455	0.00175	0.00572	0.00396	0.00436	0.00765

[dist]
# distance from previous block
# <min> <max>
0	1

[block]
# block no. 5 follows, 40 sequences, length 30
# corresponding to MSA columns:
# 393-422
name=unknown_F
#
# <colnr> <probs for GDERKNQSTAVLIFYWHMCP>
#	G	D	E	R	K	N	Q	S	T	A	V	L	I	F	Y	W	H	M	C	P
0	0.01430	0.01511	0.11045	0.05970	0.41438	0.01326	0.08395	0.04507	0.06276	0.05435	0.05873	0.01683	0.01256	0.00598	0.00592	0.00180	0.00690	0.00569	0.00355	0.00871
1	0.01552	0.01637	0.01874	0.08918	0.31743	0.21797	0.03459	0.04434	0.01444	0.01772	0.01399	0.01862	0.04474	0.00662	0.00577	0.00171	0.00757	0.05249	0.00331	0.05888
2	0.01272	0.01272	0.01781	0.01527	0.01527	0.01781	0.01272	0.01399	0.00891	0.01399	0.00763	0.01272	0.00763	0.01018	0.01908	0.00254	0.78499	0.00509	0.00254	0.00636
3	0.00846	0.00564	0.00634	0.00634	0.00634	0.00564	0.00352	0.00846	0.00846	0.01128	0.01832	0.03805	0.02114	0.79563	0.02960	0.00564	0.00564	0.00846	0.00352	0.00352
4	0.01458	0.01631	0.03251	0.02343	0.02910	0.05226	0.66253	0.05838	0.01461	0.01940	0.01175	0.01534	0.00882	0.00507	0.00673	0.00193	0.00965	0.00662	0.00310	0.00790
5	0.01362	0.01536	0.03252	0.02351	0.02875	0.01504	0.65944	0.01812	0.01320	0.01812	0.01132	0.01536	0.00869	0.00547	0.00819	0.00202	0.09399	0.00667	0.00290	0.00768
6	0.00779	0.00560	0.00738	0.00762	0.00859	0.00519	0.00545	0.00987	0.01441	0.02006	0.47759	0.33143	0.04856	0.01432	0.00708	0.00203	0.00299	0.01283	0.00602	0.00519
7	0.00846	0.00564	0.00634	0.00634	0.00634	0.00564	0.00352	0.00846	0.00846	0.01128	0.01832	0.03805	0.02114	0.79563	0.02960	0.00564	0.00564	0.00846	0.00352	0.00352
8	0.01345	0.01479	0.03014	0.07425	0.08123	0.01495	0.53793	0.01768	0.01288	0.01776	0.01104	0.01517	0.00862	0.00572	0.00841	0.00202	0.11709	0.00638	0.00286	0.00764
9	0.00800	0.00623	0.00747	0.00808	0.00972	0.00570	0.00663	0.01001	0.01332	0.01657	0.05816	0.07627	0.41158	0.01534	0.00739	0.00228	0.00401	0.32275	0.00540	0.00511
10	0.00709	0.00506	0.00675	0.00810	0.00843	0.00472	0.00540	0.00810	0.01113	0.01484	0.03205	0.79184	0.03846	0.01822	0.00742	0.00236	0.00337	0.01653	0.00540	0.00472
11	0.01268	0.01252	0.02300	0.12571	0.36728	0.01256	0.19923	0.01619	0.01284	0.01774	0.01424	0.13172	0.01332	0.00715	0.00630	0.00191	0.00722	0.00731	0.00323	0.00783
12	0.01088	0.00699	0.00808	0.00777	0.00987	0.00640	0.00582	0.01381	0.08443	0.14141	0.04273	0.23158	0.38063	0.01368	0.00675	0.00204	0.00355	0.01172	0.00575	0.00611
13	0.00898	0.00642	0.00892	0.01027	0.01143	0.00636	0.00870	0.01138	0.01300	0.01697	0.03100	0.18903	0.03432	0.01643	0.00793	0.00262	0.00502	0.60062	0.00536	0.00525
14	0.83671	0.01125	0.00855	0.00765	0.01125	0.01305	0.00630	0.01709	0.00990	0.02609	0.00810	0.00945	0.00630	0.00540	0.00360	0.00180	0.00450	0.00315	0.00360	0.00630
15	0.01043	0.00930	0.01252	0.01273	0.06542	0.04783	0.00929	0.01229	0.00983	0.01393	0.01323	0.02007	0.01255	0.06967	0.46788	0.00665	0.19178	0.00588	0.00298	0.00574
16	0.01560	0.48659	0.13008	0.01125	0.01671	0.01925	0.01141	0.12585	0.01424	0.01838	0.00955	0.01074	0.00794	0.00528	0.00436	0.00136	0.00637	0.00363	0.00309	0.09831
17	0.01036	0.00581	0.00949	0.00879	0.00921	0.00574	0.05765	0.00837	0.00802	0.01071	0.01022	0.01753	0.01001	0.01910	0.02159	0.77134	0.00539	0.00518	0.00256	0.00291
18	0.02389	0.00973	0.01300	0.01019	0.01435	0.00866	0.00834	0.02707	0.06210	0.65639	0.08353	0.02186	0.01794	0.00763	0.00594	0.00181	0.00474	0.00628	0.00705	0.00949
19	0.06712	0.16129	0.57119	0.01528	0.03944	0.01512	0.01840	0.01814	0.01206	0.01812	0.00989	0.01163	0.00735	0.00541	0.00509	0.00173	0.00787	0.00404	0.00255	0.00826
20	0.05855	0.01180	0.01760	0.64225	0.03637	0.01404	0.01536	0.09523	0.01394	0.01890	0.01170	0.01646	0.00896	0.00664	0.00615	0.00211	0.00775	0.00541	0.00338	0.00739
21	0.01178	0.00628	0.00634	0.00629	0.00764	0.00612	0.00455	0.01395	0.01260	0.02185	0.01987	0.02420	0.01628	0.06408	0.00639	0.00187	0.00333	0.00598	0.75474	0.00587
22	0.01403	0.01561	0.06318	0.17270	0.03077	0.01518	0.46573	0.01801	0.01333	0.01830	0.01201	0.01660	0.00944	0.00647	0.00847	0.00222	0.10030	0.00652	0.00318	0.00797
23	0.01380	0.01344	0.01845	0.01590	0.01601	0.01828	0.01309	0.01475	0.00964	0.01505	0.00877	0.01423	0.00869	0.01083	0.01931	0.00273	0.77174	0.00544	0.00293	0.00693
24	0.00926	0.00672	0.00846	0.00809	0.00950	0.00610	0.00594	0.01152	0.01662	0.02342	0.67564	0.09131	0.07798	0.01300	0.00734	0.00207	0.00320	0.01120	0.00662	0.00600
25	0.01592	0.01216	0.01388	0.01036	0.01541	0.01034	0.00824	0.14966	0.01585	0.07254	0.01293	0.01444	0.01027	0.00574	0.00517	0.00130	0.00512	0.00431	0.00450	0.61187
26	0.00960	0.00648	0.00718	0.00713	0.00724	0.00632	0.00406	0.00931	0.00920	0.01237	0.01928	0.03912	0.02196	0.78257	0.02964	0.00577	0.00600	0.00874	0.00389	0.00414
27	0.79358	0.01195	0.00967	0.03636	0.01310	0.01359	0.00714	0.01772	0.01067	0.02653	0.00931	0.01123	0.00743	0.00615	0.00418	0.00200	0.00500	0.00360	0.00393	0.00687
28	0.00903	0.00671	0.00867	0.05639	0.01135	0.00630	0.00655	0.01075	0.01451	0.01994	0.37493	0.33126	0.09077	0.01475	0.00745	0.00225	0.00372	0.01286	0.00603	0.00580
29	0.00938	0.00678	0.00859	0.00809	0.00955	0.00617	0.00599	0.01178	0.01706	0.02421	0.74436	0.04441	0.05510	0.01251	0.00730	0.00203	0.00315	0.01077	0.00672	0.00607

[dist]
# distance from previous block
# <min> <max>
0	1

[block]
# block no. 6 follows, 40 sequences, length 11
# corresponding to MSA columns:
# 424-434
name=unknown_G
#
# <colnr> <probs for GDERKNQSTAVLIFYWHMCP>
#	G	D	E	R	K	N	Q	S	T	A	V	L	I	F	Y	W	H	M	C	P
0	0.83671	0.01125	0.00855	0.00765	0.01125	0.01305	0.00630	0.01709	0.00990	0.02609	0.00810	0.00945	0.00630	0.00540	0.00360	0.00180	0.00450	0.00315	0.00360	0.00630
1	0.00937	0.00669	0.00937	0.01071	0.01205	0.00669	0.00937	0.01205	0.01339	0.01740	0.03079	0.06560	0.03347	0.01606	0.00803	0.00268	0.00535	0.72021	0.00535	0.00535
2	0.01496	0.01388	0.02272	0.07012	0.65372	0.01417	0.01712	0.08627	0.01450	0.02047	0.01120	0.01441	0.00920	0.00538	0.00577	0.00174	0.00690	0.00519	0.00314	0.00914
3	0.01446	0.01249	0.01315	0.01183	0.01512	0.01446	0.00920	0.03090	0.74885	0.02433	0.02367	0.02170	0.01775	0.00789	0.00592	0.00197	0.00460	0.00657	0.00592	0.00920
4	0.01098	0.01034	0.01744	0.78165	0.04005	0.01292	0.01615	0.01486	0.01163	0.01486	0.01034	0.01550	0.00775	0.00581	0.00581	0.00194	0.00775	0.00517	0.00258	0.00646
5	0.04591	0.01089	0.01743	0.61709	0.11377	0.01313	0.01544	0.01637	0.06241	0.01642	0.01122	0.01556	0.00853	0.00587	0.00572	0.00191	0.00731	0.00518	0.00289	0.00694
6	0.83671	0.01125	0.00855	0.00765	0.01125	0.01305	0.00630	0.01709	0.00990	0.02609	0.00810	0.00945	0.00630	0.00540	0.00360	0.00180	0.00450	0.00315	0.00360	0.00630
7	0.04858	0.43444	0.28806	0.01259	0.01863	0.07804	0.01397	0.01821	0.01227	0.01591	0.00899	0.01047	0.00738	0.00527	0.00448	0.00150	0.00732	0.00358	0.00256	0.00776
8	0.00823	0.00594	0.00777	0.00732	0.00869	0.00549	0.00549	0.01097	0.01646	0.02332	0.75629	0.04344	0.05487	0.01189	0.00686	0.00183	0.00274	0.01052	0.00640	0.00549
9	0.01252	0.01053	0.01143	0.01049	0.01319	0.01178	0.00806	0.02480	0.53509	0.02317	0.16125	0.07127	0.06240	0.00956	0.00622	0.00197	0.00411	0.00815	0.00595	0.00805
10	0.00846	0.00564	0.00634	0.00634	0.00634	0.00564	0.00352	0.00846	0.00846	0.01128	0.01832	0.03805	0.02114	0.79563	0.02960	0.00564	0.00564	0.00846	0.00352	0.00352

[dist]
# distance from previous block
# <min> <max>
0	1

[block]
# block no. 7 follows, 40 sequences, length 59
# corresponding to MSA columns:
# 436-494
name=unknown_H
#
# <colnr> <probs for GDERKNQSTAVLIFYWHMCP>
#	G	D	E	R	K	N	Q	S	T	A	V	L	I	F	Y	W	H	M	C	P
0	0.01293	0.03056	0.75111	0.01728	0.02583	0.01413	0.02174	0.01920	0.01306	0.01955	0.01170	0.01403	0.00859	0.00637	0.00606	0.00207	0.00895	0.00471	0.00290	0.00920
1	0.01673	0.78404	0.03096	0.01079	0.01580	0.02345	0.01044	0.01822	0.01260	0.01491	0.00940	0.01114	0.00869	0.00583	0.00431	0.00149	0.00662	0.00355	0.00294	0.00810
2	0.00957	0.00691	0.00872	0.00821	0.00969	0.00628	0.00606	0.01191	0.01716	0.02435	0.74246	0.04456	0.05514	0.01261	0.00737	0.00206	0.00322	0.01081	0.00677	0.00616
3	0.00844	0.00608	0.00768	0.00889	0.00941	0.00554	0.00594	0.00910	0.01202	0.01608	0.03392	0.74937	0.06683	0.01867	0.00790	0.00257	0.00382	0.01654	0.00579	0.00542
4	0.02021	0.26709	0.07112	0.01427	0.01832	0.47552	0.01198	0.02180	0.01545	0.01555	0.01010	0.01204	0.00870	0.00648	0.00534	0.00168	0.00936	0.00401	0.00324	0.00774
5	0.01293	0.03056	0.75111	0.01728	0.02583	0.01413	0.02174	0.01920	0.01306	0.01955	0.01170	0.01403	0.00859	0.00637	0.00606	0.00207	0.00895	0.00471	0.00290	0.00920
6	0.01609	0.00867	0.01025	0.00889	0.01193	0.00754	0.00689	0.01817	0.04401	0.30773	0.09855	0.04050	0.37151	0.01198	0.00695	0.00212	0.00424	0.00968	0.00658	0.00774
7	0.01311	0.01243	0.02235	0.45653	0.03426	0.01342	0.24180	0.01678	0.01313	0.01788	0.01286	0.01783	0.00998	0.00646	0.00651	0.00212	0.00830	0.00612	0.08069	0.00745
8	0.01666	0.01054	0.01237	0.01109	0.01368	0.01052	0.00837	0.25030	0.01817	0.15460	0.02541	0.38962	0.02555	0.01322	0.00712	0.00228	0.00510	0.01116	0.00624	0.00800
9	0.01224	0.01107	0.01783	0.69984	0.05647	0.01319	0.01613	0.01562	0.01257	0.01632	0.01291	0.02032	0.01063	0.00728	0.00649	0.00221	0.00795	0.05061	0.00321	0.00711
10	0.01061	0.00760	0.01018	0.01132	0.01277	0.00738	0.00963	0.01290	0.01434	0.01893	0.07734	0.06487	0.03551	0.01643	0.00845	0.00284	0.00561	0.66144	0.00581	0.00604
11	0.00843	0.00610	0.00765	0.00883	0.00940	0.00554	0.00591	0.00911	0.01208	0.01610	0.03466	0.72914	0.08659	0.01858	0.00789	0.00256	0.00381	0.01642	0.00579	0.00542
12	0.01477	0.04933	0.12512	0.05872	0.02732	0.04451	0.42685	0.01861	0.01347	0.01846	0.01187	0.01601	0.00949	0.00675	0.00886	0.00222	0.12995	0.00627	0.00322	0.00821
13	0.02211	0.02715	0.01731	0.06401	0.02018	0.70973	0.01201	0.02339	0.01687	0.01549	0.01037	0.01259	0.00873	0.00682	0.00582	0.00176	0.01063	0.00426	0.00341	0.00737
14	0.01148	0.00825	0.01079	0.01171	0.01335	0.00817	0.00998	0.05882	0.01502	0.01976	0.03058	0.06302	0.03268	0.01613	0.00838	0.00283	0.00584	0.66111	0.00577	0.00632
15	0.02488	0.01286	0.01611	0.06347	0.01861	0.07427	0.04931	0.05398	0.01724	0.56942	0.02101	0.01989	0.01399	0.00769	0.00638	0.00202	0.00635	0.00604	0.00661	0.00988
16	0.01995	0.01529	0.02051	0.01646	0.04811	0.01579	0.15931	0.43046	0.02205	0.07858	0.01649	0.06636	0.01335	0.03851	0.00758	0.00221	0.00720	0.00684	0.00548	0.00946
17	0.01645	0.01078	0.01187	0.01001	0.01331	0.01043	0.00786	0.23933	0.01900	0.15839	0.05115	0.05287	0.34951	0.01166	0.00688	0.00210	0.00485	0.00925	0.00626	0.00804
18	0.05102	0.01470	0.02236	0.08214	0.59932	0.04083	0.01687	0.01931	0.05361	0.02027	0.01265	0.01622	0.01058	0.00626	0.00619	0.00198	0.00725	0.00552	0.00350	0.00942
19	0.01567	0.01333	0.01398	0.01264	0.01599	0.01507	0.00971	0.03144	0.73472	0.02534	0.02467	0.02326	0.01877	0.00869	0.00645	0.00220	0.00504	0.00695	0.00630	0.00980
20	0.01559	0.01305	0.01379	0.01206	0.01555	0.01499	0.00948	0.13572	0.64219	0.02615	0.02223	0.02055	0.01659	0.00776	0.00590	0.00194	0.00487	0.00638	0.00590	0.00931
