[name]
unknown

[dist]
# distance from previous block
# <min> <max>
0	47

[block]
# block no. 0 follows, 38 sequences, length 30
# corresponding to MSA columns:
# 47-76
name=unknown_A
#
# <colnr> <probs for GDERKNQSTAVLIFYWHMCP>
#	G	D	E	R	K	N	Q	S	T	A	V	L	I	F	Y	W	H	M	C	P
0	0.01463	0.00754	0.00980	0.00844	0.01104	0.00668	0.00661	0.01711	0.01664	0.27278	0.40601	0.03836	0.13764	0.01104	0.00674	0.00190	0.00365	0.00948	0.00676	0.00715
1	0.08600	0.01317	0.02198	0.24210	0.43702	0.01402	0.06426	0.01757	0.01295	0.01907	0.01094	0.01485	0.00881	0.00555	0.00585	0.00187	0.00737	0.00529	0.00296	0.00836
2	0.01339	0.10839	0.61805	0.01630	0.02430	0.08132	0.02007	0.01939	0.01304	0.01817	0.01042	0.01223	0.00764	0.00570	0.00550	0.00181	0.00881	0.00427	0.00259	0.00860
3	0.00805	0.00608	0.00744	0.00721	0.00873	0.00546	0.00537	0.01041	0.01577	0.02140	0.51321	0.09530	0.24651	0.01352	0.00714	0.00197	0.00294	0.01177	0.00627	0.00546
4	0.00749	0.00533	0.00703	0.00822	0.00862	0.00499	0.00548	0.00860	0.01173	0.01574	0.07999	0.69385	0.03992	0.06129	0.00892	0.00260	0.00358	0.01622	0.00555	0.00487
5	0.01394	0.01279	0.01464	0.11760	0.04333	0.10141	0.01092	0.04371	0.07713	0.01885	0.04772	0.01777	0.01294	0.00819	0.00993	0.00200	0.24915	0.00560	0.18550	0.00688
6	0.00930	0.00593	0.00759	0.00795	0.00862	0.00571	0.00531	0.01034	0.01141	0.06421	0.09603	0.36867	0.03229	0.26990	0.06537	0.00394	0.00514	0.01233	0.00502	0.00495
7	0.02287	0.01685	0.01805	0.01384	0.01866	0.01866	0.01143	0.73100	0.02828	0.03791	0.01444	0.01444	0.01023	0.00722	0.00602	0.00181	0.00662	0.00542	0.00602	0.01023
8	0.60361	0.01212	0.04582	0.00947	0.01337	0.01245	0.04758	0.01792	0.01178	0.07439	0.09048	0.01482	0.01276	0.00642	0.00453	0.00188	0.00499	0.00455	0.00419	0.00687
9	0.01481	0.01118	0.01310	0.00951	0.01474	0.00902	0.00767	0.07836	0.01431	0.09383	0.01230	0.01343	0.00961	0.00499	0.00475	0.00107	0.00471	0.00397	0.00416	0.67448
10	0.01573	0.72491	0.09570	0.01090	0.01638	0.02293	0.01135	0.01811	0.01227	0.01459	0.00858	0.00992	0.00771	0.00520	0.00402	0.00134	0.00665	0.00333	0.00257	0.00782
11	0.00733	0.00524	0.00698	0.00838	0.00873	0.00489	0.00558	0.00838	0.01152	0.01536	0.03316	0.78466	0.03979	0.01885	0.00768	0.00244	0.00349	0.01710	0.00558	0.00489
12	0.01428	0.01599	0.03415	0.02676	0.11907	0.01510	0.64266	0.01917	0.01414	0.01932	0.01207	0.01606	0.00918	0.00511	0.00696	0.00200	0.00978	0.00689	0.00303	0.00829
13	0.01184	0.01118	0.01891	0.67424	0.13758	0.01349	0.01694	0.01579	0.01225	0.01595	0.01078	0.01588	0.00822	0.00593	0.00601	0.00198	0.00790	0.00535	0.00271	0.00707
14	0.00835	0.00573	0.00772	0.03306	0.01010	0.00547	0.00619	0.00985	0.01243	0.03629	0.10909	0.60131	0.03892	0.01694	0.00744	0.00234	0.00368	0.04803	0.03184	0.00523
15	0.01581	0.01244	0.01347	0.01206	0.01549	0.01409	0.00947	0.03093	0.64657	0.08942	0.02472	0.02413	0.01872	0.00844	0.00620	0.00205	0.00482	0.03551	0.00621	0.00942
16	0.31100	0.01601	0.01552	0.10433	0.14402	0.17191	0.01151	0.07856	0.01413	0.04164	0.01024	0.01239	0.00804	0.00607	0.00550	0.00182	0.03185	0.00431	0.00360	0.00756
17	0.00733	0.00524	0.00698	0.00838	0.00873	0.00489	0.00558	0.00838	0.01152	0.01536	0.03316	0.78466	0.03979	0.01885	0.00768	0.00244	0.00349	0.01710	0.00558	0.00489
18	0.02216	0.01643	0.01768	0.01351	0.01836	0.01793	0.01114	0.68247	0.02721	0.03667	0.01419	0.01431	0.01014	0.00703	0.00591	0.00174	0.00647	0.00529	0.00585	0.06549
19	0.14222	0.01515	0.01552	0.01298	0.04146	0.06527	0.01018	0.41727	0.02221	0.10679	0.07889	0.01684	0.01408	0.00732	0.00573	0.00181	0.00614	0.00554	0.00558	0.00903
20	0.01486	0.01013	0.01219	0.00980	0.01348	0.00926	0.00776	0.11056	0.01554	0.14162	0.08062	0.11714	0.07662	0.00892	0.00651	0.00162	0.04281	0.00732	0.00514	0.30809
21	0.01572	0.65103	0.13864	0.01150	0.01713	0.04979	0.01211	0.01839	0.01247	0.01490	0.00876	0.01015	0.00771	0.00527	0.00419	0.00139	0.00696	0.00342	0.00259	0.00787
22	0.01020	0.00653	0.00853	0.00781	0.00955	0.00595	0.00594	0.01294	0.01694	0.09219	0.65818	0.04307	0.07504	0.01194	0.00700	0.00189	0.00306	0.01049	0.00667	0.00608
23	0.01307	0.01413	0.05660	0.11553	0.02704	0.01385	0.41472	0.01648	0.01230	0.01687	0.01114	0.01599	0.00897	0.00824	0.01090	0.12414	0.10394	0.00627	0.00286	0.00696
24	0.01214	0.01252	0.05310	0.17410	0.02216	0.01457	0.09480	0.01484	0.01092	0.01597	0.01177	0.05891	0.01075	0.01090	0.05456	0.00270	0.35535	0.00621	0.05707	0.00666
25	0.00774	0.00562	0.00734	0.00847	0.00903	0.00536	0.00575	0.00958	0.04205	0.01645	0.08903	0.69497	0.04024	0.01789	0.00757	0.00238	0.00349	0.01619	0.00569	0.00514
26	0.00862	0.00733	0.01189	0.01121	0.01258	0.00702	0.12203	0.01035	0.01202	0.01601	0.03077	0.58640	0.08100	0.01611	0.00796	0.00236	0.03100	0.01480	0.00508	0.00548
27	0.01292	0.01243	0.02053	0.35734	0.17589	0.01401	0.10638	0.01873	0.12211	0.01818	0.01449	0.01794	0.03270	0.00658	0.00684	0.00200	0.04370	0.00601	0.00339	0.00781
28	0.02238	0.01127	0.01382	0.01129	0.01547	0.01119	0.00910	0.03033	0.29425	0.47547	0.02402	0.02123	0.01622	0.00772	0.00608	0.00193	0.00498	0.00634	0.00694	0.00996
29	0.02070	0.00910	0.01204	0.00969	0.01332	0.00808	0.00782	0.04586	0.01733	0.49110	0.22346	0.02905	0.06706	0.00920	0.00639	0.00188	0.00443	0.00772	0.00707	0.00870

[dist]
# distance from previous block
# <min> <max>
1	38

[block]
# block no. 1 follows, 38 sequences, length 84
# corresponding to MSA columns:
# 116-199
name=unknown_B
#
# <colnr> <probs for GDERKNQSTAVLIFYWHMCP>
#	G	D	E	R	K	N	Q	S	T	A	V	L	I	F	Y	W	H	M	C	P
0	0.79670	0.01157	0.00906	0.00803	0.01179	0.01330	0.00661	0.01818	0.01054	0.05812	0.00903	0.01023	0.00687	0.00566	0.00382	0.00186	0.00467	0.00338	0.00388	0.00667
1	0.01121	0.00561	0.00561	0.00561	0.00701	0.00561	0.00421	0.01402	0.01262	0.02243	0.01962	0.02243	0.01542	0.00701	0.00421	0.00140	0.00280	0.00561	0.82198	0.00561
2	0.01368	0.01148	0.01348	0.01037	0.03912	0.00938	0.00797	0.09310	0.01423	0.02160	0.01112	0.01277	0.00907	0.00479	0.00467	0.00102	0.00478	0.00382	0.00381	0.70973
3	0.00860	0.00617	0.00809	0.00775	0.00915	0.00573	0.00588	0.01128	0.01657	0.02331	0.67633	0.04591	0.06799	0.01280	0.00754	0.02064	0.00305	0.05119	0.00645	0.00559
4	0.00738	0.00526	0.00697	0.00831	0.00865	0.00492	0.00551	0.00839	0.01142	0.01522	0.03264	0.75751	0.03914	0.04689	0.00851	0.00257	0.00358	0.01680	0.00551	0.00484
5	0.01691	0.69352	0.02965	0.01097	0.01585	0.11952	0.01047	0.01879	0.01285	0.01423	0.00848	0.00980	0.00772	0.00528	0.00406	0.00132	0.00700	0.00330	0.00264	0.00762
6	0.30450	0.03204	0.01621	0.14328	0.02066	0.03838	0.08847	0.07348	0.01398	0.16999	0.01274	0.01420	0.00914	0.00627	0.00572	0.00190	0.03210	0.00485	0.00430	0.00779
7	0.00758	0.00536	0.00697	0.00808	0.00843	0.00505	0.00531	0.00856	0.01136	0.01520	0.06143	0.64720	0.03796	0.12814	0.01092	0.00290	0.00380	0.01565	0.00535	0.00474
8	0.00833	0.00598	0.00774	0.00881	0.00946	0.00577	0.00610	0.05028	0.01259	0.01677	0.03202	0.70954	0.03786	0.01808	0.00761	0.00242	0.00376	0.04607	0.00561	0.00522
9	0.11462	0.01097	0.01763	0.54221	0.05201	0.01304	0.06886	0.01574	0.01189	0.01730	0.01103	0.01581	0.00851	0.00815	0.04958	0.00241	0.00809	0.00529	0.02012	0.00674
10	0.83108	0.01163	0.00884	0.00791	0.01163	0.01350	0.00651	0.01768	0.01024	0.02699	0.00838	0.00977	0.00651	0.00558	0.00372	0.00186	0.00465	0.00326	0.00372	0.00651
11	0.83108	0.01163	0.00884	0.00791	0.01163	0.01350	0.00651	0.01768	0.01024	0.02699	0.00838	0.00977	0.00651	0.00558	0.00372	0.00186	0.00465	0.00326	0.00372	0.00651
12	0.00820	0.00602	0.00750	0.00839	0.00922	0.00571	0.00579	0.05014	0.01277	0.01678	0.03571	0.64509	0.13083	0.01770	0.00751	0.00235	0.00361	0.01585	0.00561	0.00522
13	0.01208	0.01027	0.01205	0.00887	0.01383	0.00778	0.00701	0.01462	0.01240	0.01927	0.01243	0.07229	0.01130	0.00557	0.00470	0.00101	0.00438	0.00461	0.00372	0.76180
14	0.00798	0.00583	0.00752	0.00836	0.00918	0.00539	0.00575	0.02437	0.01252	0.01689	0.10110	0.64050	0.06311	0.01724	0.00743	0.00230	0.00352	0.01554	0.00561	0.03986
15	0.09257	0.43242	0.08722	0.04307	0.01609	0.01771	0.01051	0.01756	0.04137	0.03664	0.08032	0.01663	0.01386	0.00718	0.00553	0.03650	0.00603	0.02804	0.00344	0.00732
16	0.83108	0.01163	0.00884	0.00791	0.01163	0.01350	0.00651	0.01768	0.01024	0.02699	0.00838	0.00977	0.00651	0.00558	0.00372	0.00186	0.00465	0.00326	0.00372	0.00651
17	0.00728	0.00601	0.00638	0.00648	0.00827	0.00512	0.00479	0.00889	0.01383	0.01697	0.12852	0.13048	0.60562	0.01530	0.00717	0.00206	0.00307	0.01296	0.00569	0.00512
18	0.01496	0.01292	0.01360	0.01224	0.01564	0.01496	0.00952	0.03197	0.74019	0.02516	0.02448	0.02244	0.01836	0.00816	0.00612	0.00204	0.00476	0.00680	0.00612	0.00952
19	0.05079	0.05462	0.65575	0.01763	0.06687	0.01430	0.02087	0.01892	0.01263	0.01930	0.01063	0.01259	0.00768	0.00567	0.00557	0.00188	0.00851	0.00440	0.00262	0.00878
20	0.00731	0.00530	0.00692	0.00821	0.00868	0.00490	0.00551	0.00840	0.01168	0.01542	0.03518	0.73181	0.09133	0.01858	0.00764	0.00241	0.00346	0.01678	0.00558	0.00490
21	0.02617	0.01032	0.01389	0.01070	0.01524	0.00907	0.00882	0.05327	0.01760	0.70344	0.04979	0.02116	0.01625	0.00761	0.00609	0.00186	0.00509	0.00620	0.00737	0.01007
22	0.78374	0.01158	0.00937	0.05216	0.01335	0.01349	0.00710	0.01755	0.01034	0.02632	0.00851	0.01013	0.00660	0.00561	0.00386	0.00187	0.00485	0.00338	0.00366	0.00652
23	0.01154	0.01587	0.21553	0.31041	0.02789	0.01216	0.04122	0.01582	0.01231	0.01738	0.01448	0.03401	0.05190	0.00682	0.00653	0.00186	0.04842	0.00565	0.04615	0.10406
24	0.09892	0.01636	0.01719	0.01328	0.01799	0.01817	0.01097	0.66388	0.02659	0.03689	0.01387	0.01400	0.00988	0.00707	0.00580	0.00181	0.00643	0.00521	0.00580	0.00988
25	0.13462	0.01585	0.01661	0.01289	0.01755	0.01752	0.01064	0.60253	0.02532	0.06707	0.01400	0.01406	0.00992	0.00701	0.00570	0.00182	0.00628	0.00515	0.00576	0.00972
26	0.02496	0.01007	0.01350	0.01055	0.01489	0.00893	0.00864	0.02811	0.05559	0.66155	0.07817	0.02242	0.01822	0.00785	0.00613	0.00187	0.00493	0.00645	0.00731	0.00986
27	0.78464	0.01155	0.00914	0.00807	0.01185	0.01323	0.00665	0.01836	0.01064	0.06904	0.00926	0.01039	0.00700	0.00569	0.00386	0.00186	0.00468	0.00342	0.00394	0.00673
28	0.01489	0.01429	0.02442	0.03692	0.75106	0.01429	0.01846	0.01846	0.01370	0.01965	0.01132	0.01489	0.00953	0.00536	0.00596	0.00179	0.00715	0.00536	0.00298	0.00953
29	0.01484	0.01269	0.01336	0.01196	0.01534	0.01455	0.00932	0.06025	0.66806	0.02519	0.02616	0.02415	0.06019	0.00853	0.00617	0.00203	0.00474	0.00708	0.00609	0.00930
30	0.01420	0.01623	0.03550	0.02535	0.03144	0.01521	0.72921	0.01927	0.01420	0.01927	0.01217	0.01623	0.00913	0.00507	0.00710	0.00203	0.01014	0.00710	0.00304	0.00811
31	0.00747	0.00549	0.00680	0.00773	0.00840	0.00504	0.00520	0.00856	0.01185	0.01545	0.06100	0.54440	0.17571	0.09529	0.00985	0.00269	0.00362	0.01520	0.00542	0.00483
32	0.17061	0.01031	0.01266	0.01010	0.01407	0.00999	0.00832	0.02519	0.01514	0.52479	0.01972	0.01826	0.01301	0.00725	0.00628	0.00187	0.04946	0.00546	0.06848	0.00900
33	0.00780	0.00572	0.00790	0.05287	0.01100	0.00558	0.00665	0.00920	0.01178	0.01563	0.03173	0.66719	0.03743	0.01788	0.00765	0.00245	0.00396	0.08713	0.00541	0.00506
34	0.01420	0.01623	0.03550	0.02535	0.03144	0.01521	0.72921	0.01927	0.01420	0.01927	0.01217	0.01623	0.00913	0.00507	0.00710	0.00203	0.01014	0.00710	0.00304	0.00811
35	0.00733	0.00524	0.00698	0.00838	0.00873	0.00489	0.00558	0.00838	0.01152	0.01536	0.03316	0.78466	0.03979	0.01885	0.00768	0.00244	0.00349	0.01710	0.00558	0.00489
36	0.01251	0.00659	0.00686	0.00644	0.00813	0.00666	0.00486	0.06441	0.01367	0.05193	0.01939	0.02277	0.01541	0.05217	0.00593	0.00170	0.00334	0.00579	0.68544	0.00600
37	0.01119	0.00803	0.00972	0.01088	0.01157	0.00718	0.00723	0.01121	0.01378	0.01875	0.03546	0.74506	0.04142	0.02049	0.00909	0.00307	0.00480	0.01755	0.00668	0.00684
38	0.02652	0.01474	0.01704	0.01386	0.01836	0.01426	0.01088	0.24990	0.07864	0.38961	0.02348	0.02339	0.01680	0.00971	0.00744	0.00249	0.00664	0.00697	0.05774	0.01154
39	0.01225	0.00889	0.01064	0.01006	0.01178	0.00790	0.00727	0.01390	0.01885	0.02670	0.68169	0.04857	0.08483	0.01444	0.00854	0.00255	0.00420	0.01176	0.00762	0.00756
40	0.01766	0.01839	0.03659	0.02687	0.03297	0.01691	0.68907	0.02147	0.01631	0.02244	0.01568	0.02100	0.01253	0.00751	0.00855	0.00267	0.01107	0.00813	0.00429	0.00988
41	0.01234	0.00877	0.01052	0.01049	0.01129	0.00861	0.00703	0.01227	0.01177	0.01647	0.02229	0.10396	0.02359	0.39827	0.30342	0.00739	0.01065	0.00957	0.00487	0.00643
42	0.01604	0.01317	0.01489	0.01138	0.01678	0.01013	0.00868	0.01759	0.01469	0.02276	0.01429	0.01747	0.01232	0.00693	0.00605	0.00160	0.00571	0.00480	0.00478	0.77994
43	0.01551	0.01282	0.01902	0.33214	0.02906	0.01309	0.09678	0.01835	0.04057	0.04573	0.09189	0.02480	0.01825	0.01287	0.08404	0.00328	0.00885	0.00726	0.03215	0.09354
44	0.01672	0.01977	0.15758	0.13764	0.06145	0.01611	0.41298	0.02053	0.01564	0.02173	0.01574	0.04046	0.01292	0.00814	0.00811	0.00265	0.01024	0.00760	0.00421	0.00977
45	0.01523	0.01337	0.01772	0.01592	0.01662	0.01647	0.01257	0.01577	0.01176	0.01776	0.01427	0.02144	0.01364	0.02365	0.25728	0.00548	0.49214	0.00678	0.00409	0.00805
46	0.78737	0.01406	0.01147	0.01044	0.01431	0.01529	0.00810	0.01998	0.01258	0.02972	0.01211	0.01492	0.01006	0.00800	0.00536	0.00252	0.00590	0.00451	0.00493	0.00838
47	0.78737	0.01406	0.01147	0.01044	0.01431	0.01529	0.00810	0.01998	0.01258	0.02972	0.01211	0.01492	0.01006	0.00800	0.00536	0.00252	0.00590	0.00451	0.00493	0.00838
48	0.01119	0.00803	0.00972	0.01088	0.01157	0.00718	0.00723	0.01121	0.01378	0.01875	0.03546	0.74506	0.04142	0.02049	0.00909	0.00307	0.00480	0.01755	0.00668	0.00684
49	0.16025	0.04318	0.44173	0.01725	0.02410	0.04811	0.04409	0.04073	0.01515	0.04805	0.01432	0.01747	0.01130	0.00835	0.00740	0.00255	0.03600	0.00557	0.00433	0.01006
50	0.02852	0.01467	0.01748	0.01398	0.01878	0.01376	0.01105	0.23496	0.02237	0.50733	0.02388	0.02325	0.01660	0.00969	0.00755	0.00250	0.00677	0.00696	0.00802	0.01188
51	0.77954	0.01450	0.01194	0.01089	0.01479	0.01561	0.00839	0.02039	0.01300	0.03020	0.01278	0.01584	0.01070	0.00843	0.00566	0.00263	0.00612	0.00473	0.00515	0.00871
52	0.02880	0.01516	0.08681	0.01410	0.01927	0.01176	0.01182	0.03026	0.01908	0.63944	0.02587	0.02508	0.01782	0.01000	0.00779	0.00264	0.00691	0.00718	0.00815	0.01205
53	0.01292	0.00921	0.01089	0.01059	0.01217	0.00816	0.00752	0.01357	0.01745	0.02433	0.46632	0.12423	0.12841	0.01659	0.01044	0.08036	0.00481	0.02734	0.00722	0.00749
54	0.01343	0.01006	0.01298	0.01246	0.01429	0.01009	0.00929	0.01433	0.01273	0.01860	0.01948	0.02771	0.01807	0.04144	0.64317	0.00908	0.01570	0.00743	0.00471	0.08496
55	0.01196	0.00926	0.00983	0.00969	0.01174	0.00786	0.00688	0.01244	0.01666	0.02160	0.18902	0.12677	0.50463	0.01721	0.00887	0.00281	0.00463	0.01360	0.00708	0.00747
56	0.01527	0.00890	0.00902	0.00883	0.01044	0.00828	0.00618	0.01647	0.01485	0.02494	0.02320	0.02923	0.01961	0.08345	0.00860	0.00262	0.00468	0.00722	0.69053	0.00768
57	0.01866	0.01549	0.01680	0.08676	0.02096	0.01683	0.01187	0.03213	0.62459	0.02758	0.02649	0.02705	0.02077	0.01063	0.00788	0.00280	0.00653	0.00790	0.00706	0.01124
58	0.09352	0.03082	0.63896	0.01863	0.02685	0.01601	0.02155	0.02153	0.01506	0.02355	0.01480	0.01830	0.01163	0.00854	0.00733	0.00267	0.00967	0.00573	0.00416	0.01070
59	0.04966	0.71354	0.03225	0.01302	0.01820	0.02484	0.01177	0.02068	0.01478	0.01871	0.01276	0.01573	0.01178	0.00804	0.00578	0.00212	0.00772	0.00470	0.00412	0.00979
60	0.02406	0.01392	0.01625	0.01350	0.01752	0.01306	0.01041	0.20054	0.03849	0.31816	0.19906	0.03005	0.02736	0.01121	0.00803	0.00261	0.00635	0.00829	0.00793	0.03319
61	0.01320	0.00909	0.00982	0.00963	0.01006	0.00847	0.00572	0.01206	0.01161	0.01592	0.02263	0.04342	0.02501	0.73811	0.03072	0.00634	0.00722	0.00985	0.00507	0.00604
62	0.01668	0.01362	0.01533	0.01182	0.01723	0.01051	0.00896	0.01802	0.01508	0.02332	0.01493	0.01836	0.01293	0.00738	0.00634	0.00173	0.00594	0.00502	0.00500	0.77180
63	0.01975	0.10473	0.01852	0.01439	0.01765	0.09697	0.01115	0.21369	0.06141	0.02594	0.02724	0.10007	0.15012	0.01256	0.00931	0.00270	0.08920	0.00881	0.00611	0.00968
64	0.01724	0.01521	0.02337	0.25237	0.39498	0.01526	0.04297	0.01942	0.01565	0.02191	0.03015	0.06763	0.01572	0.00932	0.00789	0.00266	0.00845	0.00752	0.00460	0.02768
65	0.01597	0.01396	0.02112	0.65542	0.10947	0.01558	0.01805	0.01852	0.01482	0.01978	0.01499	0.02157	0.01225	0.00877	0.00779	0.00275	0.00918	0.00668	0.00420	0.00913
66	0.01218	0.00853	0.01029	0.01127	0.01200	0.00762	0.00749	0.01166	0.01384	0.01890	0.03373	0.66570	0.03894	0.02098	0.01084	0.08073	0.00520	0.01652	0.00660	0.00698
67	0.01792	0.01771	0.03330	0.07551	0.06278	0.01669	0.54719	0.02088	0.01606	0.02220	0.01596	0.02178	0.01310	0.00895	0.00988	0.04141	0.03640	0.00798	0.00445	0.00986
68	0.01949	0.01821	0.03475	0.02577	0.03173	0.01661	0.61395	0.02281	0.01697	0.09240	0.01740	0.02226	0.01368	0.00817	0.00871	0.00277	0.01076	0.00821	0.00493	0.01040
69	0.08955	0.00914	0.01038	0.01128	0.01235	0.00840	0.00761	0.01259	0.01407	0.02046	0.03353	0.66490	0.03857	0.01954	0.00897	0.00312	0.00515	0.01633	0.00671	0.00735
70	0.01395	0.01093	0.01243	0.01167	0.01431	0.00982	0.03890	0.08123	0.01766	0.02269	0.04990	0.05668	0.46841	0.01649	0.00893	0.00291	0.00573	0.14250	0.00681	0.00807
71	0.08085	0.01741	0.10606	0.01609	0.04454	0.04568	0.05507	0.06106	0.08910	0.32850	0.03607	0.02487	0.04154	0.00997	0.00772	0.00265	0.00751	0.00724	0.00691	0.01115
72	0.11017	0.04612	0.10424	0.02219	0.05111	0.01690	0.36495	0.04420	0.01598	0.02376	0.01657	0.06439	0.01437	0.00932	0.00898	0.00278	0.06152	0.00781	0.00474	0.00991
73	0.01808	0.01840	0.03547	0.02639	0.03213	0.01708	0.63827	0.02143	0.01644	0.02274	0.01667	0.04041	0.01384	0.00848	0.00928	0.00282	0.03897	0.00849	0.00456	0.01007
74	0.01877	0.01539	0.02098	0.09312	0.02328	0.01513	0.13109	0.11222	0.05220	0.05379	0.04113	0.02178	0.01527	0.00993	0.01001	0.03245	0.10622	0.00680	0.00537	0.21505
75	0.01774	0.01636	0.03946	0.38298	0.09404	0.07064	0.06960	0.06893	0.01632	0.02182	0.01618	0.04803	0.01379	0.00955	0.00863	0.00273	0.05471	0.00710	0.03198	0.00943
76	0.01188	0.00853	0.01021	0.01132	0.01208	0.00759	0.00752	0.01171	0.01419	0.01936	0.03587	0.73796	0.04171	0.02079	0.00934	0.00318	0.00504	0.01763	0.00688	0.00719
77	0.09293	0.01371	0.01965	0.65268	0.03975	0.01550	0.01693	0.01845	0.01450	0.02047	0.01472	0.02109	0.01196	0.00879	0.00758	0.00275	0.00894	0.00648	0.00427	0.00885
78	0.02206	0.04672	0.01796	0.03068	0.01943	0.01669	0.01147	0.17421	0.35467	0.13537	0.02478	0.02532	0.03208	0.01034	0.00772	0.00265	0.00674	0.00744	0.00722	0.04643
79	0.03519	0.63636	0.04555	0.01303	0.01785	0.02302	0.01164	0.01980	0.01475	0.01871	0.01515	0.08887	0.01482	0.00933	0.00618	0.00223	0.00752	0.00603	0.00438	0.00957
80	0.01332	0.00944	0.01123	0.01064	0.01243	0.00835	0.00765	0.01469	0.01901	0.04350	0.63697	0.08002	0.07399	0.01493	0.00880	0.00269	0.00452	0.01204	0.00780	0.00798
81	0.09439	0.01369	0.01504	0.01179	0.01703	0.01105	0.00897	0.01878	0.01504	0.05076	0.01519	0.01840	0.01292	0.00759	0.00633	0.00186	0.00598	0.00508	0.00515	0.66496
82	0.31836	0.01540	0.04907	0.04336	0.08814	0.01416	0.05139	0.02090	0.03897	0.06748	0.04001	0.01981	0.01428	0.00858	0.00671	0.00245	0.00690	0.00587	0.00530	0.18288
83	0.09593	0.22783	0.31190	0.01585	0.02210	0.03419	0.01609	0.06561	0.01617	0.05463	0.01685	0.01969	0.04150	0.00903	0.00717	0.00251	0.02207	0.00586	0.00472	0.01030

[dist]
# distance from previous block
# <min> <max>
0	1

[block]
# block no. 2 follows, 38 sequences, length 6
# corresponding to MSA columns:
# 201-206
name=unknown_C
#
# <colnr> <probs for GDERKNQSTAVLIFYWHMCP>
#	G	D	E	R	K	N	Q	S	T	A	V	L	I	F	Y	W	H	M	C	P
0	0.01037	0.00789	0.00904	0.00855	0.01049	0.00776	0.00642	0.12595	0.04626	0.02182	0.21639	0.23626	0.24196	0.01387	0.00704	0.00207	0.00375	0.01198	0.00594	0.00619
1	0.04873	0.07449	0.07114	0.06798	0.07091	0.04174	0.20199	0.14418	0.01522	0.02112	0.01159	0.03550	0.00955	0.00704	0.00860	0.00201	0.15092	0.00578	0.00350	0.00803
2	0.01590	0.01484	0.02134	0.20615	0.41078	0.06550	0.01641	0.13754	0.01597	0.02137	0.01156	0.01481	0.00917	0.00588	0.00594	0.00183	0.00752	0.00527	0.00342	0.00880
3	0.00814	0.00663	0.00868	0.13036	0.01406	0.00653	0.00732	0.01008	0.01291	0.01632	0.07206	0.28149	0.31454	0.01489	0.00722	0.00221	0.00419	0.07188	0.00516	0.00534
4	0.01311	0.13671	0.02128	0.34999	0.18494	0.01445	0.04758	0.01656	0.01259	0.01700	0.01092	0.01472	0.00877	0.00558	0.00547	0.00171	0.00710	0.00493	0.03967	0.08692
5	0.01008	0.00695	0.00791	0.00743	0.00812	0.00705	0.00473	0.07925	0.01197	0.01621	0.13531	0.03784	0.02633	0.58838	0.02446	0.00481	0.00543	0.00877	0.00435	0.00461

[dist]
# distance from previous block
# <min> <max>
0	2

[block]
# block no. 3 follows, 38 sequences, length 7
# corresponding to MSA columns:
# 209-215
name=unknown_D
#
# <colnr> <probs for GDERKNQSTAVLIFYWHMCP>
#	G	D	E	R	K	N	Q	S	T	A	V	L	I	F	Y	W	H	M	C	P
0	0.01565	0.06890	0.02800	0.07968	0.05124	0.10130	0.37829	0.07625	0.01476	0.01906	0.01113	0.01461	0.00875	0.00610	0.00796	0.00197	0.09935	0.00593	0.00318	0.00789
1	0.00725	0.00597	0.00638	0.00656	0.00828	0.00510	0.00481	0.00881	0.01364	0.01673	0.11021	0.16731	0.58705	0.01556	0.00720	0.00208	0.00310	0.01322	0.00567	0.00510
2	0.00872	0.00596	0.00721	0.00721	0.00744	0.00619	0.00446	0.00917	0.00894	0.01215	0.01836	0.03608	0.02044	0.63311	0.18414	0.00663	0.00798	0.00827	0.00356	0.00401
3	0.00771	0.00607	0.00666	0.00654	0.00811	0.00534	0.00471	0.00934	0.01380	0.01755	0.22840	0.05180	0.46311	0.13199	0.01068	0.00257	0.00342	0.01164	0.00555	0.00501
4	0.01388	0.02793	0.60060	0.01784	0.06891	0.01470	0.02036	0.12719	0.01513	0.02195	0.01138	0.01310	0.00813	0.00592	0.00578	0.00188	0.00844	0.00465	0.00310	0.00913
5	0.01316	0.01316	0.01843	0.01579	0.01579	0.01843	0.01316	0.01448	0.00921	0.01448	0.00790	0.01316	0.00790	0.01053	0.01974	0.00263	0.77757	0.00526	0.00263	0.00658
6	0.01924	0.00897	0.01166	0.00959	0.01302	0.00815	0.00768	0.02284	0.07505	0.43122	0.23996	0.03036	0.07676	0.00946	0.00644	0.00190	0.00428	0.00798	0.00697	0.00849

[dist]
# distance from previous block
# <min> <max>
0	1

[block]
# block no. 4 follows, 38 sequences, length 6
# corresponding to MSA columns:
# 217-222
name=unknown_E
#
# <colnr> <probs for GDERKNQSTAVLIFYWHMCP>
#	G	D	E	R	K	N	Q	S	T	A	V	L	I	F	Y	W	H	M	C	P
0	0.01662	0.70825	0.03067	0.08104	0.01853	0.02319	0.01128	0.01843	0.01285	0.01526	0.00965	0.01172	0.00875	0.00593	0.00453	0.00155	0.00691	0.00377	0.00295	0.00814
1	0.01004	0.00686	0.00859	0.00856	0.00996	0.00618	0.00617	0.01184	0.01557	0.05858	0.41070	0.27195	0.12096	0.01494	0.00764	0.00226	0.00356	0.01296	0.00654	0.00615
2	0.09129	0.57136	0.08190	0.01060	0.01592	0.02041	0.01058	0.01790	0.01226	0.01657	0.00907	0.01057	0.00798	0.00532	0.00417	0.00139	0.00631	0.00344	0.00288	0.10009
3	0.01926	0.01296	0.01527	0.01279	0.01619	0.01452	0.01030	0.12700	0.32441	0.22179	0.02038	0.01960	0.01479	0.00838	0.00840	0.00210	0.13023	0.00623	0.00597	0.00946
4	0.00793	0.00557	0.00708	0.00814	0.00843	0.00526	0.00525	0.00866	0.01104	0.01475	0.03006	0.61106	0.03580	0.19539	0.01304	0.00326	0.00412	0.01522	0.00522	0.00474
5	0.01056	0.00952	0.01363	0.05709	0.01545	0.04925	0.11253	0.01305	0.03367	0.01733	0.10583	0.35179	0.03012	0.05179	0.00923	0.00248	0.04984	0.05600	0.00485	0.00601

[dist]
# distance from previous block
# <min> <max>
24	414

# created by:
# /software/SequenceAnalysis/GenePrediction/augustus/3.0.1/scripts/msa2prfl.pl ./fixed/BUSCOvEOG7K0S2X.fas
