[name]
unknown

[dist]
# distance from previous block
# <min> <max>
0	361

[block]
# block no. 0 follows, 40 sequences, length 17
# corresponding to MSA columns:
# 428-444
name=unknown_A
#
# <colnr> <probs for GDERKNQSTAVLIFYWHMCP>
#	G	D	E	R	K	N	Q	S	T	A	V	L	I	F	Y	W	H	M	C	P
0	0.01176	0.02943	0.73261	0.01693	0.02540	0.01356	0.05372	0.01843	0.01234	0.01843	0.01050	0.01243	0.00743	0.00550	0.00559	0.00185	0.00865	0.00441	0.00248	0.00856
1	0.00815	0.00662	0.00699	0.00664	0.00869	0.00591	0.00505	0.05975	0.01474	0.01836	0.16488	0.05108	0.59507	0.01374	0.00680	0.00193	0.00315	0.01151	0.00559	0.00535
2	0.01289	0.01452	0.07429	0.04133	0.06343	0.01652	0.15470	0.01546	0.01042	0.01553	0.00891	0.01345	0.00794	0.00840	0.01457	0.00232	0.51033	0.00539	0.00264	0.00698
3	0.01098	0.01034	0.01744	0.78165	0.04005	0.01292	0.01615	0.01486	0.01163	0.01486	0.01034	0.01550	0.00775	0.00581	0.00581	0.00194	0.00775	0.00517	0.00258	0.00646
4	0.00709	0.00506	0.00675	0.00810	0.00843	0.00472	0.00540	0.00810	0.01113	0.01484	0.03205	0.79184	0.03846	0.01822	0.00742	0.00236	0.00337	0.01653	0.00540	0.00472
5	0.01308	0.01409	0.02820	0.19613	0.03077	0.01448	0.48559	0.01820	0.05620	0.01782	0.01188	0.01582	0.00903	0.00561	0.00732	0.00199	0.05691	0.00635	0.00301	0.00752
6	0.03941	0.00987	0.01050	0.00980	0.01246	0.01074	0.00765	0.04153	0.40109	0.02157	0.06098	0.06549	0.20979	0.01073	0.00634	0.00202	0.00416	0.06280	0.00566	0.00741
7	0.00707	0.00512	0.00669	0.00794	0.00839	0.00474	0.00533	0.00811	0.01128	0.01491	0.03395	0.73973	0.08934	0.01797	0.00738	0.00233	0.00334	0.01623	0.00540	0.00474
8	0.00709	0.00506	0.00675	0.00810	0.00843	0.00472	0.00540	0.00810	0.01113	0.01484	0.03205	0.79184	0.03846	0.01822	0.00742	0.00236	0.00337	0.01653	0.00540	0.00472
9	0.02264	0.10030	0.07263	0.01097	0.01560	0.05550	0.00975	0.02549	0.03217	0.53535	0.04643	0.01842	0.01424	0.00694	0.00559	0.00173	0.00560	0.00549	0.00601	0.00916
10	0.02149	0.01508	0.01712	0.04335	0.09611	0.06026	0.01140	0.43068	0.04031	0.18193	0.01530	0.01525	0.01072	0.00676	0.00579	0.00175	0.00640	0.00530	0.00551	0.00949
11	0.02254	0.01395	0.01574	0.01218	0.01662	0.01477	0.01003	0.48574	0.05156	0.24137	0.01705	0.01618	0.01164	0.00707	0.00577	0.00176	0.00579	0.00547	0.03506	0.00971
12	0.01210	0.07836	0.66656	0.01748	0.07569	0.01414	0.02049	0.01831	0.01231	0.01815	0.01032	0.01224	0.00750	0.00547	0.00543	0.00180	0.00832	0.00428	0.00249	0.00856
13	0.01649	0.01165	0.01530	0.04723	0.16893	0.01196	0.01086	0.04556	0.27368	0.18275	0.04044	0.02052	0.01540	0.00713	0.00581	0.00179	0.00528	0.02982	0.00520	0.08421
14	0.01686	0.01235	0.01364	0.01145	0.01507	0.01340	0.00917	0.23373	0.33200	0.09992	0.08362	0.02302	0.03453	0.00819	0.00599	0.00186	0.00498	0.03179	0.00592	0.04251
15	0.51524	0.01368	0.04347	0.01134	0.04093	0.04451	0.05924	0.13662	0.01362	0.02609	0.01000	0.01146	0.00761	0.00570	0.00443	0.00177	0.00560	0.00399	0.03753	0.00718
16	0.01288	0.01227	0.02087	0.36722	0.43968	0.01342	0.01709	0.01652	0.01252	0.01716	0.01067	0.01489	0.00856	0.00546	0.00578	0.00182	0.00728	0.00518	0.00275	0.00799

[dist]
# distance from previous block
# <min> <max>
6	17

[block]
# block no. 1 follows, 40 sequences, length 31
# corresponding to MSA columns:
# 462-492
name=unknown_B
#
# <colnr> <probs for GDERKNQSTAVLIFYWHMCP>
#	G	D	E	R	K	N	Q	S	T	A	V	L	I	F	Y	W	H	M	C	P
0	0.17997	0.01247	0.01853	0.23417	0.36994	0.01364	0.01468	0.05612	0.01289	0.02025	0.01036	0.01368	0.00826	0.00550	0.00534	0.00180	0.00663	0.00477	0.00310	0.00790
1	0.01409	0.01557	0.02193	0.33885	0.03036	0.16730	0.21336	0.01749	0.01290	0.01568	0.01018	0.01425	0.00798	0.00605	0.00737	0.00192	0.08974	0.00534	0.00276	0.00689
2	0.01341	0.01485	0.02839	0.17633	0.04546	0.05856	0.49969	0.01771	0.01334	0.01749	0.01194	0.04079	0.00951	0.00559	0.00651	0.00192	0.00908	0.00657	0.00296	0.01989
3	0.01362	0.01303	0.02221	0.20447	0.59661	0.01361	0.01746	0.01717	0.01288	0.01806	0.01080	0.01464	0.00888	0.00532	0.00577	0.00177	0.00710	0.00518	0.00281	0.00859
4	0.01518	0.01105	0.01691	0.18403	0.26935	0.01149	0.01295	0.01982	0.09537	0.16943	0.11718	0.02052	0.01717	0.00695	0.00596	0.00183	0.00587	0.00620	0.00451	0.00825
5	0.00788	0.00568	0.00758	0.00865	0.00940	0.00546	0.00636	0.00980	0.02822	0.01662	0.11843	0.52687	0.03889	0.01677	0.00746	0.00236	0.00376	0.16925	0.00552	0.00505
6	0.29817	0.01591	0.01489	0.01382	0.08758	0.11985	0.01012	0.32552	0.01855	0.02826	0.01099	0.01199	0.00827	0.00613	0.00498	0.00173	0.00637	0.00432	0.00439	0.00817
7	0.04319	0.01356	0.01517	0.01186	0.01627	0.04461	0.00972	0.33302	0.06423	0.35949	0.01820	0.01677	0.01218	0.00705	0.00576	0.00177	0.00577	0.00548	0.00627	0.00964
8	0.02088	0.01065	0.01307	0.01074	0.01463	0.01057	0.00863	0.02839	0.28675	0.45253	0.06107	0.02172	0.01772	0.00769	0.00593	0.00186	0.00471	0.00636	0.00668	0.00941
9	0.00742	0.00546	0.00695	0.00753	0.00843	0.00500	0.00529	0.00906	0.01315	0.01769	0.26883	0.44526	0.14714	0.01568	0.00716	0.00213	0.00311	0.01398	0.00572	0.00500
10	0.17548	0.00732	0.00857	0.00892	0.00997	0.00806	0.00662	0.01093	0.01100	0.01757	0.06171	0.47160	0.02900	0.01427	0.00801	0.00226	0.09461	0.04407	0.00475	0.00530
11	0.01561	0.01440	0.01742	0.27816	0.02550	0.09429	0.05208	0.18435	0.16456	0.02182	0.01361	0.01570	0.01028	0.00676	0.00673	0.00190	0.05949	0.00541	0.00405	0.00789
12	0.01100	0.00607	0.00809	0.00846	0.00962	0.00555	0.00593	0.01221	0.01210	0.16585	0.02947	0.59493	0.03266	0.05824	0.00831	0.00243	0.00381	0.01393	0.00566	0.00570
13	0.18539	0.01421	0.01463	0.01177	0.01594	0.01585	0.00961	0.42158	0.16128	0.06968	0.01510	0.01483	0.01090	0.00685	0.00539	0.00180	0.00560	0.00510	0.00546	0.00903
14	0.04006	0.01254	0.11597	0.37449	0.13274	0.01151	0.02927	0.01455	0.01183	0.01639	0.01477	0.17151	0.01408	0.00816	0.00604	0.00198	0.00679	0.00731	0.00322	0.00681
15	0.01916	0.01734	0.01666	0.01318	0.01755	0.18082	0.04309	0.36197	0.06380	0.02662	0.01261	0.01335	0.00952	0.00618	0.00544	0.00154	0.00692	0.00470	0.00460	0.17496
16	0.17525	0.00693	0.00755	0.00739	0.00918	0.00687	0.00563	0.01145	0.01379	0.02126	0.36398	0.13285	0.16176	0.01203	0.00632	0.00195	0.00333	0.04153	0.00549	0.00545
17	0.01251	0.01262	0.02411	0.10446	0.23472	0.01240	0.30845	0.01646	0.01392	0.01928	0.16176	0.02090	0.01812	0.00649	0.00644	0.00187	0.00734	0.00694	0.00358	0.00761
18	0.17882	0.02232	0.41762	0.01647	0.02307	0.01387	0.17669	0.01800	0.01197	0.01982	0.01013	0.01248	0.00748	0.00557	0.00603	0.00189	0.04244	0.00467	0.00280	0.00787
19	0.00809	0.00613	0.00782	0.00820	0.00951	0.00534	0.00570	0.00942	0.01132	0.01567	0.02767	0.63433	0.03243	0.01541	0.00679	0.00206	0.00356	0.01389	0.00500	0.17166
20	0.01351	0.01439	0.06589	0.01662	0.02165	0.01315	0.30584	0.02189	0.25774	0.02057	0.01536	0.01675	0.01166	0.00581	0.00595	0.00174	0.00689	0.00593	0.00400	0.17464
21	0.01525	0.06206	0.42605	0.01525	0.02195	0.01251	0.10041	0.02018	0.01339	0.19299	0.01454	0.05516	0.01082	0.00648	0.00576	0.00184	0.00748	0.00554	0.00378	0.00855
22	0.01117	0.06552	0.57391	0.01436	0.02130	0.01238	0.01765	0.01686	0.01310	0.01916	0.16097	0.01842	0.01697	0.00678	0.00570	0.00181	0.00729	0.00549	0.00325	0.00791
23	0.18634	0.02439	0.01488	0.01350	0.01662	0.61893	0.01024	0.02198	0.01515	0.01663	0.00881	0.01028	0.00725	0.00587	0.00491	0.00156	0.00928	0.00362	0.00312	0.00665
24	0.05446	0.01288	0.02318	0.10139	0.05240	0.01250	0.32861	0.05839	0.01494	0.22950	0.04195	0.01742	0.01192	0.00605	0.00622	0.00188	0.00743	0.00621	0.00441	0.00827
25	0.02047	0.01552	0.06064	0.01403	0.05774	0.01570	0.01135	0.48741	0.08913	0.11758	0.01568	0.01552	0.01110	0.00690	0.00575	0.00176	0.00610	0.00538	0.03267	0.00957
26	0.00709	0.00506	0.00675	0.00810	0.00843	0.00472	0.00540	0.00810	0.01113	0.01484	0.03205	0.79184	0.03846	0.01822	0.00742	0.00236	0.00337	0.01653	0.00540	0.00472
27	0.01295	0.01146	0.01933	0.15593	0.48609	0.01189	0.01498	0.01527	0.01182	0.01650	0.01067	0.01524	0.00914	0.00832	0.00919	0.16923	0.00668	0.00515	0.00276	0.00740
28	0.01221	0.02330	0.50786	0.17160	0.07037	0.01288	0.01900	0.01783	0.01256	0.05167	0.03930	0.01458	0.00967	0.00588	0.00566	0.00185	0.00794	0.00483	0.00287	0.00814
29	0.18053	0.46483	0.19345	0.01099	0.01652	0.01883	0.01184	0.01758	0.01153	0.01727	0.00862	0.01002	0.00721	0.00519	0.00411	0.00149	0.00641	0.00339	0.00270	0.00749
30	0.00784	0.00513	0.00648	0.00756	0.00810	0.00486	0.00513	0.00920	0.01135	0.01623	0.02941	0.63627	0.03370	0.01591	0.00674	0.00216	0.00324	0.01429	0.17154	0.00486

[dist]
# distance from previous block
# <min> <max>
8	16

[block]
# block no. 2 follows, 40 sequences, length 19
# corresponding to MSA columns:
# 511-529
name=unknown_C
#
# <colnr> <probs for GDERKNQSTAVLIFYWHMCP>
#	G	D	E	R	K	N	Q	S	T	A	V	L	I	F	Y	W	H	M	C	P
0	0.63434	0.08634	0.01180	0.00900	0.01263	0.13207	0.00740	0.01808	0.01110	0.02310	0.00823	0.00960	0.00659	0.00545	0.00387	0.00170	0.00559	0.00324	0.00340	0.00647
1	0.00919	0.00679	0.00969	0.00946	0.01071	0.00783	0.00739	0.05280	0.01048	0.01510	0.01559	0.02229	0.01428	0.04033	0.70387	0.00865	0.01464	0.00615	0.02929	0.00547
2	0.03246	0.00946	0.01227	0.17989	0.01831	0.01031	0.00951	0.08890	0.13543	0.07254	0.27771	0.03002	0.02848	0.00924	0.00631	0.00193	0.00490	0.05994	0.00533	0.00705
3	0.01230	0.15591	0.64523	0.01549	0.02349	0.01506	0.01960	0.01825	0.01220	0.01764	0.01005	0.01179	0.00738	0.00543	0.00523	0.00174	0.00821	0.00410	0.00246	0.00841
4	0.01010	0.00505	0.00758	0.00758	0.00758	0.00505	0.00505	0.00758	0.00758	0.01010	0.01010	0.01768	0.01010	0.02020	0.02273	0.83081	0.00505	0.00505	0.00253	0.00253
5	0.02211	0.01629	0.01745	0.01338	0.01803	0.01803	0.01105	0.73997	0.02734	0.03665	0.01396	0.01396	0.00989	0.00698	0.00582	0.00175	0.00640	0.00524	0.00582	0.00989
6	0.01387	0.01328	0.02266	0.15012	0.64902	0.01368	0.01759	0.01739	0.01299	0.01836	0.01085	0.01456	0.00899	0.00528	0.00577	0.00176	0.00704	0.00518	0.00283	0.00879
7	0.01289	0.01299	0.02312	0.01651	0.02204	0.01121	0.37033	0.01662	0.01289	0.01879	0.01105	0.01386	0.00872	0.00460	0.00558	0.00141	0.00704	0.00514	0.00319	0.42203
8	0.01179	0.01077	0.01744	0.72569	0.03845	0.01329	0.01578	0.06768	0.01277	0.01645	0.01060	0.01539	0.00791	0.00590	0.00581	0.00192	0.00765	0.00517	0.00282	0.00671
9	0.00723	0.00517	0.00692	0.00826	0.00867	0.00485	0.00565	0.00835	0.01128	0.01501	0.03197	0.74541	0.03814	0.01808	0.00746	0.00238	0.00350	0.06152	0.00540	0.00476
10	0.00745	0.00545	0.00704	0.00797	0.00876	0.00505	0.00568	0.00893	0.01237	0.01640	0.13716	0.52154	0.13098	0.01667	0.00733	0.00227	0.00343	0.08506	0.00554	0.00492
11	0.01098	0.01034	0.01744	0.78165	0.04005	0.01292	0.01615	0.01486	0.01163	0.01486	0.01034	0.01550	0.00775	0.00581	0.00581	0.00194	0.00775	0.00517	0.00258	0.00646
12	0.01121	0.01078	0.01884	0.71903	0.03925	0.01307	0.07588	0.01517	0.01180	0.01517	0.01045	0.01552	0.00784	0.00574	0.00590	0.00194	0.00792	0.00531	0.00261	0.00657
13	0.00697	0.00573	0.00614	0.00639	0.00801	0.00490	0.00466	0.00841	0.01297	0.01587	0.08394	0.20130	0.58399	0.01530	0.00698	0.00204	0.00302	0.01304	0.00544	0.00490
14	0.01687	0.00918	0.01141	0.00990	0.01273	0.00896	0.00769	0.13021	0.07138	0.28678	0.11290	0.24869	0.02591	0.01102	0.00643	0.00197	0.00442	0.00951	0.00626	0.00779
15	0.01189	0.02873	0.70414	0.01816	0.08589	0.01353	0.02118	0.01837	0.01236	0.01846	0.01048	0.01245	0.00752	0.00550	0.00554	0.00183	0.00845	0.00437	0.00249	0.00865
16	0.00728	0.00521	0.00693	0.00796	0.00848	0.00486	0.00541	0.00860	0.01206	0.01632	0.15844	0.66123	0.04132	0.01711	0.00732	0.00227	0.00326	0.01548	0.00557	0.00486
17	0.01211	0.11911	0.68041	0.01581	0.02398	0.01461	0.02015	0.01830	0.01222	0.01787	0.01016	0.01194	0.00738	0.00546	0.00532	0.00177	0.00832	0.00416	0.00246	0.00846
18	0.01412	0.01354	0.02311	0.09578	0.70142	0.01374	0.01771	0.01761	0.01311	0.01866	0.01089	0.01448	0.00909	0.00523	0.00576	0.00174	0.00698	0.00518	0.00285	0.00899

[dist]
# distance from previous block
# <min> <max>
0	579

# created by:
# /software/SequenceAnalysis/GenePrediction/augustus/3.0.1/scripts/msa2prfl.pl ./fixed/BUSCOvEOG7RV454.fas
