[name]
unknown

[dist]
# distance from previous block
# <min> <max>
0	160

[block]
# block no. 0 follows, 41 sequences, length 38
# corresponding to MSA columns:
# 170-207
name=unknown_A
#
# <colnr> <probs for GDERKNQSTAVLIFYWHMCP>
#	G	D	E	R	K	N	Q	S	T	A	V	L	I	F	Y	W	H	M	C	P
0	0.00922	0.00658	0.00922	0.01053	0.01185	0.00658	0.00922	0.01185	0.01317	0.01712	0.03029	0.06452	0.03292	0.01580	0.00790	0.00263	0.00527	0.72480	0.00527	0.00527
1	0.00922	0.00658	0.00922	0.01053	0.01185	0.00658	0.00922	0.01185	0.01317	0.01712	0.03029	0.06452	0.03292	0.01580	0.00790	0.00263	0.00527	0.72480	0.00527	0.00527
2	0.01493	0.69943	0.02835	0.01047	0.01472	0.02197	0.01014	0.01669	0.01125	0.01350	0.00789	0.00961	0.00736	0.00556	0.00564	0.00139	0.10813	0.00331	0.00245	0.00720
3	0.02142	0.01586	0.01699	0.01310	0.01762	0.01759	0.01079	0.71381	0.05784	0.03553	0.01414	0.01406	0.01006	0.00690	0.00573	0.00173	0.00622	0.00521	0.00573	0.00970
4	0.83938	0.01106	0.00841	0.00752	0.01106	0.01283	0.00619	0.01681	0.00973	0.02566	0.00796	0.00929	0.00619	0.00531	0.00354	0.00177	0.00442	0.00310	0.00354	0.00619
5	0.01350	0.01543	0.03375	0.02411	0.02989	0.01446	0.74253	0.01832	0.01350	0.01832	0.01157	0.01543	0.00868	0.00482	0.00675	0.00193	0.00964	0.00675	0.00289	0.00771
6	0.00680	0.00565	0.00594	0.00617	0.00783	0.00480	0.00451	0.00817	0.01267	0.01530	0.05334	0.18395	0.63505	0.01508	0.00685	0.00200	0.00297	0.01280	0.00531	0.00480
7	0.01529	0.80242	0.02997	0.00979	0.01468	0.02263	0.00979	0.01713	0.01162	0.01346	0.00795	0.00918	0.00734	0.00489	0.00367	0.00122	0.00612	0.00306	0.00245	0.00734
8	0.00832	0.00555	0.00624	0.00624	0.00624	0.00555	0.00347	0.00832	0.00832	0.01109	0.01802	0.03743	0.02080	0.79898	0.02911	0.00555	0.00555	0.00832	0.00347	0.00347
9	0.00817	0.00613	0.00919	0.00919	0.01021	0.00715	0.00715	0.01021	0.00919	0.01328	0.01532	0.02247	0.01430	0.04290	0.77631	0.00919	0.01532	0.00613	0.00306	0.00511
10	0.01350	0.01543	0.03375	0.02411	0.02989	0.01446	0.74253	0.01832	0.01350	0.01832	0.01157	0.01543	0.00868	0.00482	0.00675	0.00193	0.00964	0.00675	0.00289	0.00771
11	0.01251	0.01251	0.01752	0.01502	0.01502	0.01752	0.01251	0.01377	0.00876	0.01377	0.00751	0.01251	0.00751	0.01001	0.01877	0.00250	0.78851	0.00501	0.00250	0.00626
12	0.01642	0.66548	0.02774	0.01037	0.01521	0.02178	0.00998	0.14375	0.01428	0.01739	0.00896	0.00997	0.00776	0.00524	0.00403	0.00131	0.00615	0.00342	0.00302	0.00776
13	0.01404	0.01305	0.01983	0.05993	0.50454	0.01375	0.01489	0.02134	0.23829	0.02011	0.01455	0.01639	0.01156	0.00593	0.00571	0.00178	0.00614	0.00551	0.00373	0.00894
14	0.00790	0.00570	0.00747	0.00733	0.00850	0.00527	0.00538	0.01030	0.01528	0.02149	0.63338	0.17377	0.05116	0.01278	0.00684	0.00189	0.00281	0.01137	0.00612	0.00527
15	0.01066	0.00533	0.00533	0.00533	0.00666	0.00533	0.00400	0.01333	0.01200	0.02132	0.01866	0.02132	0.01466	0.00666	0.00400	0.00133	0.00267	0.00533	0.83073	0.00533
16	0.01849	0.01441	0.01533	0.01250	0.01650	0.01622	0.01009	0.43537	0.34105	0.03080	0.01786	0.01702	0.01307	0.00725	0.00576	0.00181	0.00553	0.00572	0.00576	0.00944
17	0.02137	0.02726	0.01621	0.01474	0.01768	0.77602	0.01105	0.02284	0.01621	0.01400	0.00884	0.01031	0.00737	0.00589	0.00516	0.00147	0.01031	0.00368	0.00295	0.00663
18	0.01423	0.01229	0.01293	0.01164	0.01487	0.01423	0.00905	0.03039	0.75297	0.02393	0.02328	0.02134	0.01746	0.00776	0.00582	0.00194	0.00453	0.00647	0.00582	0.00905
19	0.01066	0.00533	0.00533	0.00533	0.00666	0.00533	0.00400	0.01333	0.01200	0.02132	0.01866	0.02132	0.01466	0.00666	0.00400	0.00133	0.00267	0.00533	0.83073	0.00533
20	0.01080	0.01017	0.01716	0.78523	0.03940	0.01271	0.01589	0.01461	0.01144	0.01461	0.01017	0.01525	0.00762	0.00572	0.00572	0.00191	0.00762	0.00508	0.00254	0.00635
21	0.02174	0.01602	0.01717	0.01316	0.01774	0.01774	0.01087	0.74423	0.02689	0.03605	0.01373	0.01373	0.00973	0.00687	0.00572	0.00172	0.00629	0.00515	0.00572	0.00973
22	0.01423	0.01229	0.01293	0.01164	0.01487	0.01423	0.00905	0.03039	0.75297	0.02393	0.02328	0.02134	0.01746	0.00776	0.00582	0.00194	0.00453	0.00647	0.00582	0.00905
23	0.01416	0.01359	0.02322	0.03511	0.76330	0.01359	0.01755	0.01755	0.01302	0.01869	0.01076	0.01416	0.00906	0.00510	0.00566	0.00170	0.00680	0.00510	0.00283	0.00906
24	0.00832	0.00555	0.00624	0.00624	0.00624	0.00555	0.00347	0.00832	0.00832	0.01109	0.01802	0.03743	0.02080	0.79898	0.02911	0.00555	0.00555	0.00832	0.00347	0.00347
25	0.01529	0.80242	0.02997	0.00979	0.01468	0.02263	0.00979	0.01713	0.01162	0.01346	0.00795	0.00918	0.00734	0.00489	0.00367	0.00122	0.00612	0.00306	0.00245	0.00734
26	0.00712	0.00509	0.00677	0.00786	0.00833	0.00474	0.00532	0.00833	0.01163	0.01569	0.12654	0.69713	0.03994	0.01711	0.00723	0.00225	0.00324	0.01549	0.00544	0.00474
27	0.00712	0.00509	0.00677	0.00786	0.00833	0.00474	0.00532	0.00833	0.01163	0.01569	0.12654	0.69713	0.03994	0.01711	0.00723	0.00225	0.00324	0.01549	0.00544	0.00474
28	0.00693	0.00580	0.00604	0.00598	0.00783	0.00490	0.00448	0.00855	0.01345	0.01643	0.14952	0.05344	0.66880	0.01412	0.00676	0.00191	0.00287	0.01185	0.00544	0.00490
29	0.02082	0.12099	0.01863	0.01306	0.01733	0.18274	0.01077	0.49306	0.02259	0.02832	0.01192	0.01240	0.00890	0.00640	0.00533	0.00160	0.00714	0.00456	0.00469	0.00874
30	0.12828	0.01733	0.01586	0.01270	0.01686	0.14915	0.01029	0.52376	0.02280	0.03085	0.01213	0.01256	0.00886	0.00649	0.00534	0.00168	0.00675	0.00463	0.00495	0.00873
31	0.02218	0.01051	0.01317	0.01062	0.01468	0.01018	0.00860	0.02864	0.24068	0.54090	0.02278	0.02004	0.01516	0.00729	0.00577	0.00182	0.00476	0.00597	0.00670	0.00953
32	0.11883	0.01028	0.01602	0.68383	0.03570	0.01272	0.01462	0.01490	0.01122	0.01605	0.00988	0.01447	0.00744	0.00567	0.00543	0.00189	0.00721	0.00482	0.00267	0.00633
33	0.02213	0.00982	0.01256	0.00988	0.01355	0.00913	0.00787	0.11787	0.01634	0.54025	0.02062	0.02185	0.01474	0.14495	0.00982	0.00242	0.00517	0.00612	0.00627	0.00864
34	0.01186	0.01017	0.01186	0.00847	0.01356	0.00762	0.00678	0.01440	0.01186	0.01864	0.01017	0.01186	0.00847	0.00424	0.00424	0.00085	0.00424	0.00339	0.00339	0.83395
35	0.00949	0.00787	0.01182	0.00971	0.01229	0.00700	0.10185	0.01243	0.01501	0.02143	0.51293	0.03436	0.03959	0.00961	0.00634	0.00167	0.00394	0.02736	0.00532	0.14998
36	0.01291	0.25143	0.01738	0.00887	0.01390	0.01220	0.00769	0.01523	0.01179	0.01706	0.00949	0.01104	0.00813	0.00444	0.00406	0.00096	0.00481	0.00329	0.00310	0.58223
37	0.69246	0.01114	0.00948	0.00815	0.01186	0.01250	0.00672	0.05458	0.01146	0.12287	0.01016	0.01084	0.00741	0.00562	0.00394	0.00177	0.00458	0.00355	0.00411	0.00683

[dist]
# distance from previous block
# <min> <max>
0	3

[block]
# block no. 1 follows, 41 sequences, length 11
# corresponding to MSA columns:
# 211-221
name=unknown_B
#
# <colnr> <probs for GDERKNQSTAVLIFYWHMCP>
#	G	D	E	R	K	N	Q	S	T	A	V	L	I	F	Y	W	H	M	C	P
0	0.04283	0.01389	0.01491	0.01174	0.01607	0.01484	0.00952	0.41738	0.19111	0.02960	0.01508	0.01500	0.01116	0.00652	0.00539	0.00160	0.00543	0.00505	0.00523	0.16763
1	0.38695	0.00818	0.00778	0.00724	0.00960	0.00870	0.00566	0.01318	0.01273	0.02313	0.32079	0.05942	0.09864	0.00930	0.00531	0.00182	0.00353	0.00745	0.00491	0.00568
2	0.09315	0.00698	0.00827	0.00768	0.00970	0.00638	0.00572	0.01135	0.01332	0.02019	0.34731	0.23210	0.03611	0.01126	0.00608	0.00175	0.00333	0.00983	0.00520	0.16428
3	0.01387	0.01444	0.02213	0.01651	0.02139	0.08287	0.33294	0.01966	0.14011	0.01898	0.01291	0.01492	0.01000	0.00525	0.00570	0.00157	0.00724	0.00543	0.00355	0.25052
4	0.09968	0.01288	0.01328	0.01151	0.01504	0.01476	0.00911	0.16600	0.53796	0.02643	0.01989	0.01865	0.01483	0.00734	0.00557	0.00188	0.00486	0.00587	0.00557	0.00889
5	0.01231	0.01057	0.01207	0.00908	0.01381	0.00889	0.00721	0.01747	0.15408	0.01965	0.01268	0.01368	0.01020	0.00491	0.00454	0.00106	0.00429	0.00398	0.00386	0.67565
6	0.01401	0.01182	0.01257	0.01092	0.01435	0.01302	0.00856	0.09447	0.54014	0.02376	0.02425	0.02277	0.08460	0.00794	0.00574	0.00181	0.00451	0.00655	0.00552	0.09271
7	0.02032	0.01373	0.01519	0.01215	0.01631	0.01493	0.00987	0.40028	0.23489	0.17286	0.01819	0.01703	0.01281	0.00717	0.00576	0.00179	0.00551	0.00565	0.00601	0.00953
8	0.02080	0.01104	0.01349	0.01042	0.01481	0.01033	0.00850	0.14796	0.08723	0.40839	0.03779	0.01780	0.01365	0.00668	0.00549	0.00160	0.00490	0.00538	0.00600	0.16772
9	0.01508	0.33810	0.13022	0.01591	0.02157	0.01708	0.27750	0.01869	0.01281	0.08560	0.01093	0.01279	0.00844	0.00514	0.00522	0.00161	0.00760	0.00481	0.00303	0.00785
10	0.55175	0.01874	0.01767	0.01624	0.02025	0.01795	0.01171	0.02532	0.01873	0.11086	0.07381	0.02984	0.02216	0.01400	0.00948	0.00397	0.00854	0.00806	0.00814	0.01275

[dist]
# distance from previous block
# <min> <max>
0	398

# created by:
# /software/SequenceAnalysis/GenePrediction/augustus/3.0.1/scripts/msa2prfl.pl ./fixed/BUSCOvEOG7XPRVP.fas
