[name]
unknown

[dist]
# distance from previous block
# <min> <max>
20	299

[block]
# block no. 0 follows, 40 sequences, length 41
# corresponding to MSA columns:
# 316-356
name=unknown_A
#
# <colnr> <probs for GDERKNQSTAVLIFYWHMCP>
#	G	D	E	R	K	N	Q	S	T	A	V	L	I	F	Y	W	H	M	C	P
0	0.03199	0.08423	0.08694	0.39201	0.13425	0.01383	0.01499	0.05870	0.01334	0.09826	0.01175	0.01474	0.00871	0.00583	0.00555	0.00181	0.00712	0.00494	0.00331	0.00770
1	0.01264	0.01238	0.08339	0.03667	0.12815	0.00953	0.01023	0.03021	0.03430	0.04338	0.09201	0.01649	0.01404	0.00566	0.00508	0.00130	0.00510	0.00480	0.00380	0.45083
2	0.02989	0.01261	0.02367	0.37862	0.07480	0.01365	0.28773	0.03121	0.01271	0.01718	0.01148	0.03724	0.00912	0.00592	0.00657	0.00196	0.02951	0.00609	0.00290	0.00715
3	0.00885	0.00676	0.00983	0.00967	0.01072	0.00793	0.00752	0.03217	0.00997	0.01429	0.01615	0.06861	0.01552	0.03942	0.66809	0.00838	0.05068	0.00677	0.00331	0.00536
4	0.06711	0.01563	0.01588	0.01270	0.01687	0.06280	0.01033	0.50916	0.12469	0.05424	0.01500	0.01505	0.01093	0.00826	0.03277	0.00203	0.00657	0.00526	0.00548	0.00923
5	0.00941	0.00659	0.00755	0.00733	0.00796	0.00670	0.00467	0.05459	0.04558	0.01522	0.10642	0.11365	0.02603	0.53861	0.02209	0.00444	0.00506	0.00924	0.00431	0.00453
6	0.00880	0.00636	0.00801	0.00862	0.00950	0.00632	0.00610	0.05172	0.05760	0.01721	0.09112	0.52933	0.03485	0.05283	0.00881	0.03183	0.00385	0.05653	0.00535	0.00526
7	0.01471	0.63755	0.02621	0.00973	0.01405	0.02006	0.00934	0.04206	0.01212	0.01497	0.00976	0.01170	0.00876	0.00931	0.08641	0.00214	0.00702	0.00366	0.05325	0.00718
8	0.00709	0.00506	0.00675	0.00810	0.00843	0.00472	0.00540	0.00810	0.01113	0.01484	0.03205	0.79184	0.03846	0.01822	0.00742	0.00236	0.00337	0.01653	0.00540	0.00472
9	0.00846	0.00564	0.00634	0.00634	0.00634	0.00564	0.00352	0.00846	0.00846	0.01128	0.01832	0.03805	0.02114	0.79563	0.02960	0.00564	0.00564	0.00846	0.00352	0.00352
10	0.01185	0.01153	0.02046	0.57226	0.15190	0.01328	0.10433	0.01579	0.01214	0.01597	0.01060	0.01535	0.00811	0.00560	0.00593	0.00191	0.00787	0.00538	0.00267	0.00706
11	0.02219	0.01180	0.02992	0.09465	0.01840	0.01149	0.01016	0.15701	0.09634	0.45529	0.01976	0.01831	0.01307	0.00705	0.00584	0.00182	0.00555	0.00571	0.00621	0.00942
12	0.01202	0.01167	0.02060	0.53731	0.19658	0.01331	0.09372	0.01592	0.01221	0.01617	0.01062	0.01528	0.00819	0.00558	0.00591	0.00189	0.00779	0.00535	0.00269	0.00721
13	0.03936	0.72560	0.05116	0.01010	0.01512	0.02193	0.01014	0.01782	0.01195	0.04078	0.00868	0.00979	0.00767	0.00508	0.00386	0.00130	0.00620	0.00324	0.00269	0.00755
14	0.07060	0.02673	0.01600	0.01454	0.01757	0.72675	0.01094	0.02285	0.01608	0.01494	0.00894	0.01042	0.00742	0.00596	0.00514	0.00152	0.01013	0.00371	0.00303	0.00671
15	0.00937	0.00669	0.00937	0.01071	0.01205	0.00669	0.00937	0.01205	0.01339	0.01740	0.03079	0.06560	0.03347	0.01606	0.00803	0.00268	0.00535	0.72021	0.00535	0.00535
16	0.01097	0.01008	0.01708	0.67668	0.05738	0.01228	0.03032	0.01440	0.01146	0.01477	0.01098	0.03731	0.00881	0.00699	0.00689	0.05166	0.00749	0.00551	0.00267	0.00628
17	0.40756	0.01177	0.01203	0.14346	0.01774	0.01366	0.00912	0.10341	0.16152	0.02493	0.03505	0.01453	0.01076	0.00635	0.00481	0.00185	0.00525	0.00466	0.00423	0.00731
18	0.01098	0.01034	0.01744	0.78165	0.04005	0.01292	0.01615	0.01486	0.01163	0.01486	0.01034	0.01550	0.00775	0.00581	0.00581	0.00194	0.00775	0.00517	0.00258	0.00646
19	0.01400	0.01209	0.01270	0.01147	0.01468	0.01388	0.00891	0.02952	0.70378	0.02380	0.02583	0.02380	0.06305	0.00831	0.00598	0.00197	0.00450	0.00692	0.00589	0.00894
20	0.01272	0.00804	0.00989	0.00930	0.01149	0.00801	0.00717	0.01807	0.18208	0.15612	0.21011	0.19441	0.06285	0.01194	0.00668	0.00205	0.00394	0.07209	0.00609	0.00694
21	0.00785	0.00588	0.00729	0.00704	0.00848	0.00531	0.00524	0.01021	0.01542	0.02109	0.55520	0.09140	0.21236	0.01291	0.00690	0.00189	0.00283	0.01128	0.00611	0.00531
22	0.83671	0.01125	0.00855	0.00765	0.01125	0.01305	0.00630	0.01709	0.00990	0.02609	0.00810	0.00945	0.00630	0.00540	0.00360	0.00180	0.00450	0.00315	0.00360	0.00630
23	0.00715	0.00511	0.00681	0.00805	0.00845	0.00477	0.00540	0.00826	0.01144	0.01533	0.07335	0.74915	0.03940	0.01786	0.00739	0.00233	0.00334	0.01619	0.00546	0.00477
24	0.83671	0.01125	0.00855	0.00765	0.01125	0.01305	0.00630	0.01709	0.00990	0.02609	0.00810	0.00945	0.00630	0.00540	0.00360	0.00180	0.00450	0.00315	0.00360	0.00630
25	0.00709	0.00506	0.00675	0.00810	0.00843	0.00472	0.00540	0.00810	0.01113	0.01484	0.03205	0.79184	0.03846	0.01822	0.00742	0.00236	0.00337	0.01653	0.00540	0.00472
26	0.00823	0.00594	0.00777	0.00732	0.00869	0.00549	0.00549	0.01097	0.01646	0.02332	0.75629	0.04344	0.05487	0.01189	0.00686	0.00183	0.00274	0.01052	0.00640	0.00549
27	0.00708	0.00522	0.00664	0.00772	0.00835	0.00477	0.00524	0.00822	0.01163	0.01522	0.05667	0.65104	0.15597	0.01747	0.00732	0.00228	0.00329	0.01567	0.00543	0.00477
28	0.01003	0.00681	0.00760	0.00721	0.00781	0.00699	0.00451	0.09203	0.01091	0.01477	0.01864	0.07801	0.02061	0.63060	0.02463	0.00484	0.00548	0.00844	0.03568	0.00439
29	0.01373	0.01569	0.03431	0.02451	0.03039	0.01471	0.73824	0.01863	0.01373	0.01863	0.01176	0.01569	0.00882	0.00490	0.00686	0.00196	0.00980	0.00686	0.00294	0.00784
30	0.01373	0.01569	0.03431	0.02451	0.03039	0.01471	0.73824	0.01863	0.01373	0.01863	0.01176	0.01569	0.00882	0.00490	0.00686	0.00196	0.00980	0.00686	0.00294	0.00784
31	0.00744	0.00521	0.00664	0.00764	0.00790	0.00496	0.00491	0.00819	0.01044	0.01392	0.02851	0.59748	0.03400	0.21867	0.01314	0.00321	0.00396	0.01445	0.00491	0.00441
32	0.01493	0.01272	0.01341	0.01193	0.01530	0.01468	0.00932	0.07378	0.70522	0.02507	0.02308	0.02123	0.01728	0.00783	0.00591	0.00196	0.00471	0.00649	0.00591	0.00925
33	0.83671	0.01125	0.00855	0.00765	0.01125	0.01305	0.00630	0.01709	0.00990	0.02609	0.00810	0.00945	0.00630	0.00540	0.00360	0.00180	0.00450	0.00315	0.00360	0.00630
34	0.01373	0.01569	0.03431	0.02451	0.03039	0.01471	0.73824	0.01863	0.01373	0.01863	0.01176	0.01569	0.00882	0.00490	0.00686	0.00196	0.00980	0.00686	0.00294	0.00784
35	0.01206	0.01034	0.01206	0.00861	0.01378	0.00775	0.00689	0.01464	0.01206	0.01895	0.01034	0.01206	0.00861	0.00431	0.00431	0.00086	0.00431	0.00345	0.00345	0.83118
36	0.02172	0.02772	0.01648	0.01498	0.01798	0.77228	0.01124	0.02322	0.01648	0.01423	0.00899	0.01049	0.00749	0.00599	0.00524	0.00150	0.01049	0.00375	0.00300	0.00674
37	0.00810	0.00594	0.00759	0.00718	0.00861	0.00543	0.00538	0.01072	0.01615	0.02259	0.68947	0.04464	0.12214	0.01216	0.00686	0.00184	0.00276	0.01068	0.00631	0.00543
38	0.00709	0.00506	0.00675	0.00810	0.00843	0.00472	0.00540	0.00810	0.01113	0.01484	0.03205	0.79184	0.03846	0.01822	0.00742	0.00236	0.00337	0.01653	0.00540	0.00472
39	0.03449	0.00729	0.00834	0.00781	0.00948	0.00763	0.00587	0.10468	0.01329	0.05782	0.01920	0.11593	0.01746	0.09628	0.13445	0.00333	0.00585	0.00716	0.33770	0.00592
40	0.00831	0.00623	0.00935	0.00935	0.01038	0.00727	0.00727	0.01038	0.00935	0.01350	0.01558	0.02285	0.01454	0.04361	0.77259	0.00935	0.01558	0.00623	0.00312	0.00519

[dist]
# distance from previous block
# <min> <max>
0	1

[block]
# block no. 1 follows, 40 sequences, length 10
# corresponding to MSA columns:
# 358-367
name=unknown_B
#
# <colnr> <probs for GDERKNQSTAVLIFYWHMCP>
#	G	D	E	R	K	N	Q	S	T	A	V	L	I	F	Y	W	H	M	C	P
0	0.02211	0.01629	0.01745	0.01338	0.01803	0.01803	0.01105	0.73997	0.02734	0.03665	0.01396	0.01396	0.00989	0.00698	0.00582	0.00175	0.00640	0.00524	0.00582	0.00989
1	0.01446	0.01258	0.01384	0.01342	0.06461	0.01442	0.00978	0.03003	0.69993	0.02397	0.02282	0.02121	0.01718	0.00771	0.00591	0.00196	0.00476	0.00648	0.00572	0.00920
2	0.00700	0.00590	0.00606	0.00602	0.00793	0.00496	0.00452	0.00859	0.01355	0.01641	0.12272	0.05482	0.69275	0.01447	0.00687	0.00195	0.00293	0.01211	0.00549	0.00496
3	0.00834	0.00559	0.00638	0.00649	0.00651	0.00556	0.00368	0.00843	0.00868	0.01157	0.01945	0.09996	0.02256	0.73179	0.02778	0.00537	0.00545	0.00912	0.00368	0.00362
4	0.01267	0.01175	0.01777	0.23579	0.02307	0.01454	0.08034	0.08790	0.01208	0.01680	0.01142	0.05112	0.01051	0.07297	0.01310	0.00248	0.30990	0.00608	0.00314	0.00658
5	0.02198	0.01569	0.01698	0.01311	0.01768	0.01724	0.01080	0.65854	0.06288	0.08283	0.01503	0.01473	0.01057	0.00704	0.00582	0.00176	0.00622	0.00534	0.00591	0.00986
6	0.00829	0.00598	0.00788	0.00769	0.00901	0.00557	0.00587	0.01094	0.01590	0.02233	0.64961	0.08134	0.05196	0.01261	0.00700	0.00194	0.00303	0.08137	0.00625	0.00544
7	0.83671	0.01125	0.00855	0.00765	0.01125	0.01305	0.00630	0.01709	0.00990	0.02609	0.00810	0.00945	0.00630	0.00540	0.00360	0.00180	0.00450	0.00315	0.00360	0.00630
8	0.00844	0.00570	0.00664	0.00664	0.00674	0.00580	0.00390	0.00865	0.00855	0.01150	0.01805	0.03654	0.02049	0.72086	0.10347	0.00601	0.00663	0.00824	0.00348	0.00369
9	0.01247	0.01294	0.02359	0.28932	0.02944	0.01497	0.27390	0.01596	0.01159	0.01596	0.01007	0.01477	0.00810	0.00675	0.01002	0.00212	0.23265	0.00575	0.00270	0.00693

[dist]
# distance from previous block
# <min> <max>
0	1

[block]
# block no. 2 follows, 40 sequences, length 7
# corresponding to MSA columns:
# 369-375
name=unknown_C
#
# <colnr> <probs for GDERKNQSTAVLIFYWHMCP>
#	G	D	E	R	K	N	Q	S	T	A	V	L	I	F	Y	W	H	M	C	P
0	0.50163	0.13729	0.01375	0.00950	0.01328	0.14576	0.00791	0.01911	0.01188	0.08157	0.00945	0.01044	0.00734	0.00558	0.00409	0.00166	0.00584	0.00346	0.00361	0.00685
1	0.02208	0.01520	0.01664	0.01288	0.01742	0.01656	0.01060	0.59870	0.07662	0.12921	0.01580	0.01525	0.01102	0.00707	0.00583	0.00177	0.00609	0.00541	0.00600	0.00984
2	0.02211	0.01629	0.01745	0.01338	0.01803	0.01803	0.01105	0.73997	0.02734	0.03665	0.01396	0.01396	0.00989	0.00698	0.00582	0.00175	0.00640	0.00524	0.00582	0.00989
3	0.02609	0.00990	0.01350	0.01035	0.01484	0.00855	0.00855	0.02834	0.01664	0.76338	0.02294	0.01979	0.01439	0.00720	0.00585	0.00180	0.00495	0.00585	0.00720	0.00990
4	0.00906	0.00690	0.00848	0.00812	0.00981	0.00677	0.00627	0.01354	0.11518	0.02218	0.52273	0.04378	0.11257	0.01201	0.00685	0.00194	0.00327	0.07848	0.00614	0.00593
5	0.00709	0.00506	0.00675	0.00810	0.00843	0.00472	0.00540	0.00810	0.01113	0.01484	0.03205	0.79184	0.03846	0.01822	0.00742	0.00236	0.00337	0.01653	0.00540	0.00472
6	0.02564	0.01172	0.01380	0.01082	0.01517	0.08691	0.00882	0.02781	0.01663	0.68652	0.02151	0.01884	0.01369	0.00707	0.00579	0.00177	0.00552	0.00563	0.00677	0.00957

[dist]
# distance from previous block
# <min> <max>
4	7

[block]
# block no. 3 follows, 40 sequences, length 7
# corresponding to MSA columns:
# 383-389
name=unknown_D
#
# <colnr> <probs for GDERKNQSTAVLIFYWHMCP>
#	G	D	E	R	K	N	Q	S	T	A	V	L	I	F	Y	W	H	M	C	P
0	0.03790	0.00948	0.01175	0.03772	0.01401	0.00853	0.00768	0.05878	0.04263	0.27917	0.10685	0.06433	0.07488	0.00810	0.00568	0.00162	0.00445	0.00675	0.00554	0.21413
1	0.01175	0.00860	0.01026	0.00909	0.01131	0.00872	0.00720	0.19349	0.01874	0.02574	0.46846	0.03876	0.07446	0.01119	0.00671	0.00190	0.00392	0.07704	0.00611	0.00655
2	0.01439	0.01382	0.02360	0.03569	0.75936	0.01382	0.01785	0.01785	0.01324	0.01900	0.01094	0.01439	0.00921	0.00518	0.00576	0.00173	0.00691	0.00518	0.00288	0.00921
3	0.00825	0.00602	0.00817	0.00782	0.00911	0.00593	0.00593	0.01083	0.01468	0.02086	0.57082	0.03828	0.04477	0.01983	0.19859	0.00371	0.00596	0.00944	0.00558	0.00541
4	0.01480	0.00848	0.01205	0.20233	0.01870	0.00856	0.00921	0.01791	0.03930	0.26195	0.20723	0.08827	0.06796	0.00937	0.00628	0.00190	0.00484	0.00810	0.00555	0.00720
5	0.02050	0.01018	0.01281	0.00980	0.01416	0.00892	0.00799	0.08977	0.01628	0.43333	0.05915	0.01870	0.01478	0.00669	0.00543	0.00154	0.00470	0.00543	0.04478	0.21509
6	0.01638	0.01344	0.01423	0.01222	0.01585	0.01536	0.00967	0.20845	0.56819	0.02741	0.02124	0.01976	0.01578	0.00766	0.00589	0.00192	0.00505	0.00624	0.00589	0.00938

[dist]
# distance from previous block
# <min> <max>
6	11

[block]
# block no. 4 follows, 40 sequences, length 12
# corresponding to MSA columns:
# 401-412
name=unknown_E
#
# <colnr> <probs for GDERKNQSTAVLIFYWHMCP>
#	G	D	E	R	K	N	Q	S	T	A	V	L	I	F	Y	W	H	M	C	P
0	0.01098	0.01034	0.01744	0.78165	0.04005	0.01292	0.01615	0.01486	0.01163	0.01486	0.01034	0.01550	0.00775	0.00581	0.00581	0.00194	0.00775	0.00517	0.00258	0.00646
1	0.01098	0.01034	0.01744	0.78165	0.04005	0.01292	0.01615	0.01486	0.01163	0.01486	0.01034	0.01550	0.00775	0.00581	0.00581	0.00194	0.00775	0.00517	0.00258	0.00646
2	0.01820	0.00983	0.01225	0.00952	0.01361	0.00862	0.00769	0.07653	0.03496	0.34278	0.13552	0.02216	0.04282	0.00739	0.00562	0.00155	0.00446	0.00610	0.00584	0.23455
3	0.00709	0.00506	0.00675	0.00810	0.00843	0.00472	0.00540	0.00810	0.01113	0.01484	0.03205	0.79184	0.03846	0.01822	0.00742	0.00236	0.00337	0.01653	0.00540	0.00472
4	0.00805	0.00609	0.00778	0.00820	0.00947	0.00531	0.00569	0.00937	0.01131	0.01564	0.02783	0.64032	0.03266	0.01552	0.00682	0.00207	0.00356	0.01399	0.00502	0.16531
5	0.01009	0.00753	0.00878	0.00876	0.01037	0.00747	0.00650	0.15059	0.01491	0.01943	0.03477	0.42634	0.20121	0.01509	0.00702	0.00217	0.00397	0.05374	0.00548	0.00581
6	0.14998	0.02833	0.01446	0.01450	0.15828	0.01053	0.00968	0.03868	0.01463	0.39880	0.03390	0.01782	0.01295	0.02606	0.00595	0.00185	0.00518	0.00537	0.04438	0.00867
7	0.67626	0.01107	0.01028	0.15804	0.01684	0.01302	0.00821	0.01666	0.01023	0.02391	0.00853	0.01062	0.00658	0.00548	0.00403	0.00183	0.00513	0.00354	0.00340	0.00633
8	0.01192	0.00662	0.00715	0.00631	0.00858	0.00605	0.00486	0.01458	0.01241	0.06202	0.01751	0.01971	0.01365	0.00632	0.00421	0.00128	0.00314	0.00506	0.62249	0.16612
9	0.01954	0.01069	0.01369	0.01108	0.01424	0.01118	0.00908	0.11517	0.03673	0.37907	0.06319	0.02301	0.09673	0.00886	0.00859	0.00196	0.15635	0.00661	0.00584	0.00840
10	0.00754	0.00543	0.00709	0.00796	0.00864	0.00508	0.00559	0.00900	0.01233	0.01659	0.17547	0.51688	0.07448	0.05384	0.00839	0.00242	0.00349	0.06941	0.00550	0.00487
11	0.01159	0.01065	0.01055	0.01134	0.01292	0.15530	0.00942	0.01391	0.01381	0.01659	0.02665	0.11129	0.02881	0.01427	0.00744	0.00242	0.00620	0.52635	0.00490	0.00558

[dist]
# distance from previous block
# <min> <max>
0	1

[block]
# block no. 5 follows, 40 sequences, length 25
# corresponding to MSA columns:
# 414-438
name=unknown_F
#
# <colnr> <probs for GDERKNQSTAVLIFYWHMCP>
#	G	D	E	R	K	N	Q	S	T	A	V	L	I	F	Y	W	H	M	C	P
0	0.01012	0.00611	0.00772	0.00785	0.00933	0.00545	0.00567	0.01164	0.01312	0.13208	0.12470	0.41421	0.19986	0.01495	0.00699	0.00212	0.00344	0.01318	0.00580	0.00566
1	0.24986	0.01308	0.01322	0.01062	0.01457	0.01439	0.00871	0.38410	0.03454	0.09202	0.01380	0.01418	0.00996	0.00655	0.00501	0.00173	0.00530	0.00475	0.09524	0.00838
2	0.00771	0.00559	0.00724	0.00752	0.00849	0.00516	0.00535	0.00965	0.01404	0.01934	0.41950	0.33612	0.08741	0.03021	0.00753	0.00212	0.00306	0.01292	0.00590	0.00512
3	0.01600	0.01231	0.01315	0.01102	0.01443	0.01340	0.00877	0.35999	0.19536	0.02774	0.02615	0.08715	0.15186	0.00954	0.00613	0.00188	0.00500	0.00778	0.02407	0.00829
4	0.36487	0.00988	0.00959	0.00891	0.01171	0.01092	0.00692	0.01902	0.18623	0.07740	0.06462	0.17121	0.01907	0.00908	0.00528	0.00195	0.00422	0.00729	0.00495	0.00689
5	0.00948	0.00765	0.00810	0.00751	0.00977	0.00731	0.00575	0.10137	0.07030	0.01970	0.12037	0.07801	0.50696	0.01311	0.00669	0.00194	0.00350	0.01097	0.00559	0.00590
6	0.66774	0.01144	0.00959	0.00833	0.01188	0.01305	0.00682	0.10659	0.01260	0.02718	0.06984	0.01278	0.01071	0.00612	0.00414	0.00180	0.00459	0.00401	0.00410	0.00668
7	0.00956	0.00576	0.00750	0.00810	0.00902	0.00529	0.00557	0.01066	0.01170	0.10777	0.03123	0.58790	0.07449	0.08503	0.00915	0.00256	0.00374	0.01425	0.00546	0.00527
8	0.01060	0.00782	0.00941	0.00890	0.01060	0.00793	0.00664	0.13562	0.06248	0.02278	0.33797	0.29092	0.03930	0.01295	0.00681	0.00200	0.00370	0.01141	0.00593	0.00621
9	0.12339	0.01291	0.01328	0.01073	0.01441	0.01428	0.00873	0.43125	0.07467	0.03101	0.01505	0.01569	0.01114	0.00680	0.00514	0.00168	0.00519	0.00511	0.19115	0.00837
10	0.16741	0.00776	0.00956	0.06589	0.01165	0.00822	0.05905	0.01188	0.00981	0.01611	0.01561	0.04086	0.01603	0.42785	0.01801	0.00383	0.00553	0.00689	0.09323	0.00482
11	0.05557	0.01145	0.01581	0.01248	0.01616	0.01179	0.12245	0.11956	0.11644	0.22341	0.03446	0.02008	0.04770	0.00740	0.00659	0.00184	0.05463	0.00619	0.10778	0.00821
12	0.01319	0.00841	0.01013	0.00894	0.01135	0.00821	0.00698	0.15294	0.01737	0.13040	0.29640	0.13003	0.13320	0.01159	0.00663	0.00192	0.00396	0.03542	0.00611	0.00679
13	0.01371	0.00994	0.01326	0.01129	0.05564	0.00872	0.05353	0.06731	0.01373	0.11445	0.07076	0.07640	0.01671	0.10506	0.00842	0.00194	0.00501	0.00631	0.00441	0.34342
14	0.00805	0.00601	0.00767	0.00852	0.00977	0.00563	0.00676	0.00999	0.01302	0.01677	0.09469	0.24590	0.22604	0.01594	0.00748	0.00234	0.00402	0.30085	0.00546	0.00509
15	0.01715	0.34816	0.12402	0.01203	0.01698	0.05321	0.01163	0.16813	0.06218	0.07693	0.02844	0.01317	0.01019	0.00616	0.00527	0.00158	0.02822	0.00439	0.00386	0.00830
16	0.01919	0.01205	0.01391	0.01135	0.01521	0.01252	0.00919	0.25776	0.18042	0.22893	0.06622	0.04195	0.01745	0.00814	0.00599	0.00183	0.00515	0.03922	0.00611	0.04739
17	0.29802	0.01155	0.01315	0.01086	0.01445	0.01240	0.06160	0.09598	0.10296	0.05818	0.06022	0.01854	0.01376	0.00713	0.00591	0.00181	0.04909	0.05004	0.00444	0.10990
18	0.07960	0.01180	0.01871	0.23560	0.12652	0.01168	0.13612	0.01603	0.01221	0.01832	0.01048	0.01377	0.00830	0.00505	0.00532	0.00155	0.00660	0.00474	0.00305	0.27456
19	0.07014	0.14257	0.01702	0.06839	0.01717	0.01445	0.00956	0.22012	0.07072	0.10503	0.01319	0.01378	0.00987	0.00593	0.00499	0.00150	0.00557	0.00449	0.00449	0.20104
20	0.01107	0.00633	0.00696	0.00665	0.00783	0.00696	0.00514	0.01361	0.01179	0.02072	0.01756	0.02057	0.01400	0.00720	0.00593	0.00150	0.10010	0.00538	0.72516	0.00554
21	0.09778	0.07665	0.06020	0.01089	0.01372	0.06021	0.00903	0.10720	0.15681	0.02061	0.01980	0.26654	0.01970	0.01047	0.00652	0.00198	0.04154	0.00861	0.00466	0.00707
22	0.02069	0.06979	0.01568	0.04699	0.01671	0.01275	0.00951	0.19702	0.10929	0.32614	0.01783	0.01682	0.01229	0.00669	0.00553	0.00167	0.00541	0.00530	0.00574	0.09815
23	0.09974	0.00899	0.04560	0.00990	0.01246	0.00816	0.05351	0.01422	0.04147	0.06751	0.24522	0.09732	0.04555	0.01460	0.10171	0.00286	0.00584	0.07571	0.00497	0.04464
24	0.17985	0.01132	0.01166	0.00933	0.01338	0.05759	0.00746	0.03715	0.05527	0.17101	0.09455	0.01701	0.01484	0.00631	0.00494	0.00147	0.00476	0.00488	0.00472	0.29250

[dist]
# distance from previous block
# <min> <max>
8	54

[block]
# block no. 6 follows, 40 sequences, length 13
# corresponding to MSA columns:
# 505-517
name=unknown_G
#
# <colnr> <probs for GDERKNQSTAVLIFYWHMCP>
#	G	D	E	R	K	N	Q	S	T	A	V	L	I	F	Y	W	H	M	C	P
0	0.13921	0.01717	0.15554	0.01516	0.07406	0.05822	0.07228	0.20420	0.06733	0.06970	0.01272	0.01407	0.00944	0.00701	0.00654	0.05332	0.00678	0.00491	0.00413	0.00821
1	0.01789	0.15432	0.08366	0.03160	0.04218	0.14454	0.01067	0.09840	0.01626	0.18366	0.14167	0.01882	0.01750	0.00713	0.00551	0.00165	0.00637	0.00556	0.00466	0.00793
2	0.01333	0.01487	0.09245	0.11087	0.04032	0.05218	0.19459	0.06711	0.05613	0.01840	0.01291	0.05642	0.01113	0.04840	0.00880	0.00208	0.10072	0.00611	0.00339	0.08979
3	0.27052	0.12502	0.03720	0.11005	0.09350	0.06635	0.05505	0.01770	0.01202	0.06433	0.01067	0.01283	0.00835	0.00587	0.00506	0.01909	0.00618	0.00425	0.05455	0.02140
4	0.01191	0.01684	0.25001	0.10441	0.19726	0.01185	0.05980	0.04344	0.01338	0.01875	0.05921	0.06833	0.05342	0.00766	0.00608	0.00189	0.00689	0.04405	0.00346	0.02134
5	0.09510	0.01309	0.08836	0.04990	0.01661	0.01061	0.00950	0.12244	0.01450	0.09364	0.01246	0.03419	0.00977	0.00566	0.00489	0.00137	0.00527	0.00444	0.00408	0.40412
6	0.02552	0.00669	0.00832	0.00804	0.00972	0.00633	0.00607	0.01312	0.05877	0.08990	0.36032	0.17265	0.12605	0.02922	0.00730	0.00208	0.00345	0.05462	0.00598	0.00589
7	0.09963	0.00811	0.01030	0.02842	0.05498	0.00834	0.00753	0.02435	0.05058	0.10391	0.13996	0.30871	0.02804	0.01216	0.00743	0.02276	0.04503	0.01014	0.00513	0.02448
8	0.05944	0.01347	0.06632	0.01167	0.01578	0.01277	0.04756	0.29082	0.08400	0.07029	0.02066	0.04810	0.10157	0.05283	0.00716	0.00198	0.00564	0.00657	0.00501	0.07835
9	0.06773	0.01271	0.01398	0.08829	0.01725	0.05884	0.00986	0.16625	0.19983	0.11982	0.09287	0.02037	0.03660	0.00789	0.00673	0.00189	0.05961	0.00614	0.00521	0.00814
10	0.01683	0.01232	0.01452	0.06506	0.01673	0.01348	0.00983	0.30657	0.08116	0.09617	0.04126	0.06426	0.06016	0.02010	0.00765	0.00191	0.08738	0.00655	0.00514	0.07294
11	0.03237	0.01759	0.17075	0.11200	0.16465	0.05826	0.05426	0.16459	0.06156	0.02222	0.02845	0.01470	0.01011	0.00599	0.00566	0.00174	0.00717	0.00507	0.00368	0.05915
12	0.06333	0.01305	0.04884	0.10073	0.32148	0.01347	0.01386	0.10601	0.05196	0.02048	0.01400	0.10924	0.01277	0.00768	0.00704	0.00192	0.07599	0.00648	0.00367	0.00801

[dist]
# distance from previous block
# <min> <max>
1	29

[block]
# block no. 7 follows, 40 sequences, length 69
# corresponding to MSA columns:
# 547-615
name=unknown_H
#
# <colnr> <probs for GDERKNQSTAVLIFYWHMCP>
#	G	D	E	R	K	N	Q	S	T	A	V	L	I	F	Y	W	H	M	C	P
0	0.01827	0.01044	0.01321	0.01174	0.05930	0.01005	0.00875	0.13346	0.07100	0.30390	0.04525	0.08088	0.05159	0.01049	0.05506	0.00224	0.00559	0.00683	0.00571	0.09622
1	0.01296	0.01124	0.01551	0.04966	0.04144	0.01035	0.10374	0.09325	0.06731	0.02066	0.05841	0.03679	0.01379	0.05660	0.00690	0.00166	0.00549	0.00553	0.00399	0.38472
2	0.19023	0.02046	0.33389	0.06372	0.02166	0.03972	0.07783	0.07703	0.01293	0.02078	0.01028	0.01262	0.00775	0.00714	0.03137	0.00212	0.05519	0.00450	0.00307	0.00769
3	0.15118	0.01338	0.07728	0.06890	0.01718	0.01494	0.02591	0.03838	0.01046	0.01755	0.00893	0.01282	0.00784	0.00936	0.03836	0.01694	0.39669	0.00466	0.00292	0.06632
4	0.01810	0.07554	0.01493	0.05071	0.06084	0.01157	0.00945	0.05454	0.18012	0.29911	0.08418	0.02264	0.04199	0.00775	0.00581	0.00180	0.00504	0.02238	0.00571	0.02779
5	0.00817	0.00560	0.00721	0.00772	0.00870	0.00512	0.00544	0.00977	0.01309	0.04834	0.23652	0.46568	0.12571	0.01559	0.00714	0.00214	0.00321	0.01392	0.00575	0.00517
6	0.00739	0.00529	0.00705	0.00801	0.00849	0.00507	0.00545	0.00862	0.01139	0.01543	0.10754	0.60224	0.03719	0.06700	0.07179	0.00308	0.00445	0.01455	0.00520	0.00477
7	0.01519	0.01654	0.01748	0.21024	0.12036	0.24792	0.01339	0.01754	0.01265	0.01531	0.00971	0.01338	0.00817	0.00697	0.00900	0.00190	0.21061	0.00472	0.04206	0.00684
8	0.00995	0.00505	0.00753	0.00760	0.00762	0.00503	0.00507	0.00760	0.00775	0.01034	0.01120	0.05627	0.01151	0.02010	0.02196	0.78951	0.00497	0.00562	0.00267	0.00263
9	0.01263	0.00955	0.01029	0.00929	0.01216	0.00993	0.00727	0.05462	0.32291	0.08942	0.03783	0.03653	0.32135	0.01083	0.00636	0.00196	0.00406	0.02977	0.00580	0.00742
10	0.01865	0.00948	0.01151	0.00957	0.01316	0.00897	0.00766	0.02391	0.18101	0.40923	0.03212	0.02929	0.20127	0.00924	0.00612	0.00188	0.00437	0.00762	0.00646	0.00849
11	0.00720	0.00511	0.00671	0.00795	0.00826	0.00480	0.00524	0.00813	0.01091	0.01455	0.03092	0.72970	0.03703	0.08230	0.00925	0.00263	0.00356	0.01587	0.00524	0.00462
12	0.00877	0.00629	0.00770	0.00786	0.00922	0.00595	0.00569	0.01171	0.07416	0.04878	0.25340	0.33726	0.17247	0.01438	0.00696	0.00207	0.00327	0.01269	0.00582	0.00557
13	0.01178	0.00640	0.00652	0.00616	0.00777	0.00656	0.00468	0.07847	0.01344	0.02272	0.01850	0.02147	0.01464	0.02999	0.00497	0.00152	0.00313	0.00549	0.73003	0.00576
14	0.00831	0.00600	0.00812	0.00937	0.01036	0.00580	0.00749	0.01026	0.01249	0.01629	0.03309	0.35068	0.08184	0.01683	0.00772	0.00251	0.00442	0.39798	0.00537	0.00508
15	0.00926	0.00659	0.00912	0.01037	0.01160	0.00658	0.00890	0.01173	0.01302	0.01695	0.03002	0.08073	0.03279	0.06612	0.00940	0.00286	0.00533	0.65819	0.00524	0.00522
16	0.06748	0.00816	0.01058	0.00889	0.01187	0.00741	0.00705	0.01975	0.01579	0.38931	0.29786	0.08107	0.03074	0.00961	0.00620	0.00185	0.00399	0.00817	0.00656	0.00767
17	0.00920	0.00640	0.00735	0.00703	0.00767	0.00645	0.00449	0.05578	0.01101	0.01479	0.11304	0.03755	0.06918	0.56324	0.05923	0.00486	0.00563	0.00864	0.00413	0.00434
18	0.00823	0.00594	0.00777	0.00732	0.00869	0.00549	0.00549	0.01097	0.01646	0.02332	0.75629	0.04344	0.05487	0.01189	0.00686	0.00183	0.00274	0.01052	0.00640	0.00549
19	0.17650	0.01533	0.01576	0.01229	0.01675	0.01709	0.01015	0.60296	0.02404	0.03465	0.01285	0.01311	0.00921	0.00668	0.00540	0.00176	0.00604	0.00484	0.00540	0.00921
20	0.02609	0.00990	0.01350	0.01035	0.01484	0.00855	0.00855	0.02834	0.01664	0.76338	0.02294	0.01979	0.01439	0.00720	0.00585	0.00180	0.00495	0.00585	0.00720	0.00990
21	0.00843	0.00574	0.00685	0.00685	0.00702	0.00591	0.00415	0.00878	0.00861	0.01165	0.01786	0.03550	0.02003	0.66915	0.15456	0.00626	0.00731	0.00808	0.00345	0.00380
22	0.02211	0.01629	0.01745	0.01338	0.01803	0.01803	0.01105	0.73997	0.02734	0.03665	0.01396	0.01396	0.00989	0.00698	0.00582	0.00175	0.00640	0.00524	0.00582	0.00989
23	0.00803	0.00577	0.00658	0.00647	0.00726	0.00543	0.00421	0.00904	0.01152	0.01522	0.20570	0.04358	0.20304	0.42239	0.01875	0.00385	0.00430	0.00985	0.00466	0.00432
24	0.73323	0.01189	0.00968	0.00838	0.01211	0.01368	0.00690	0.10892	0.01211	0.02743	0.00884	0.01002	0.00675	0.00560	0.00388	0.00179	0.00474	0.00341	0.00388	0.00675
25	0.00846	0.00564	0.00634	0.00634	0.00634	0.00564	0.00352	0.00846	0.00846	0.01128	0.01832	0.03805	0.02114	0.79563	0.02960	0.00564	0.00564	0.00846	0.00352	0.00352
26	0.83671	0.01125	0.00855	0.00765	0.01125	0.01305	0.00630	0.01709	0.00990	0.02609	0.00810	0.00945	0.00630	0.00540	0.00360	0.00180	0.00450	0.00315	0.00360	0.00630
27	0.01206	0.01034	0.01206	0.00861	0.01378	0.00775	0.00689	0.01464	0.01206	0.01895	0.01034	0.01206	0.00861	0.00431	0.00431	0.00086	0.00431	0.00345	0.00345	0.83118
28	0.00857	0.00624	0.00825	0.00854	0.00995	0.00592	0.00694	0.01118	0.01497	0.02033	0.40939	0.05329	0.10612	0.01379	0.00733	0.00218	0.00380	0.29197	0.00590	0.00539
29	0.01446	0.01249	0.01315	0.01183	0.01512	0.01446	0.00920	0.03090	0.74885	0.02433	0.02367	0.02170	0.01775	0.00789	0.00592	0.00197	0.00460	0.00657	0.00592	0.00920
30	0.01010	0.00505	0.00758	0.00758	0.00758	0.00505	0.00505	0.00758	0.00758	0.01010	0.01010	0.01768	0.01010	0.02020	0.02273	0.83081	0.00505	0.00505	0.00253	0.00253
31	0.00721	0.00519	0.00683	0.00793	0.00844	0.00482	0.00537	0.00843	0.01180	0.01582	0.11396	0.68310	0.06474	0.01739	0.00734	0.00229	0.00329	0.01571	0.00551	0.00482
32	0.00804	0.00585	0.00757	0.00733	0.00862	0.00538	0.00542	0.01054	0.01575	0.02206	0.64616	0.12194	0.08816	0.01269	0.00692	0.00189	0.00282	0.01123	0.00625	0.00538
33	0.00709	0.00506	0.00675	0.00810	0.00843	0.00472	0.00540	0.00810	0.01113	0.01484	0.03205	0.79184	0.03846	0.01822	0.00742	0.00236	0.00337	0.01653	0.00540	0.00472
34	0.02211	0.01629	0.01745	0.01338	0.01803	0.01803	0.01105	0.73997	0.02734	0.03665	0.01396	0.01396	0.00989	0.00698	0.00582	0.00175	0.00640	0.00524	0.00582	0.00989
35	0.01166	0.03008	0.76550	0.01657	0.02517	0.01351	0.02149	0.01842	0.01228	0.01842	0.01044	0.01228	0.00737	0.00552	0.00552	0.00184	0.00859	0.00430	0.00246	0.00859
36	0.00693	0.00589	0.00597	0.00595	0.00789	0.00493	0.00447	0.00846	0.01340	0.01605	0.09001	0.05541	0.72568	0.01460	0.00687	0.00196	0.00294	0.01219	0.00544	0.00493
37	0.00834	0.00608	0.00859	0.00859	0.00937	0.00686	0.00633	0.00990	0.00912	0.01294	0.01626	0.02666	0.01619	0.23209	0.58637	0.00842	0.01309	0.00679	0.00322	0.00477
38	0.01206	0.01034	0.01206	0.00861	0.01378	0.00775	0.00689	0.01464	0.01206	0.01895	0.01034	0.01206	0.00861	0.00431	0.00431	0.00086	0.00431	0.00345	0.00345	0.83118
39	0.03198	0.00892	0.02952	0.01117	0.07341	0.00801	0.00817	0.01852	0.05432	0.26161	0.37100	0.03130	0.03350	0.00941	0.00632	0.00184	0.00413	0.02321	0.00617	0.00750
40	0.12712	0.11383	0.42776	0.01396	0.02063	0.03894	0.03924	0.01961	0.01267	0.11820	0.01151	0.01260	0.00822	0.00566	0.00513	0.00175	0.00737	0.00427	0.00328	0.00824
41	0.00710	0.00590	0.00621	0.00613	0.00799	0.00501	0.00460	0.00879	0.01379	0.01699	0.17623	0.05386	0.63887	0.01425	0.00687	0.00194	0.00291	0.01198	0.00557	0.00501
42	0.01119	0.01055	0.01782	0.73620	0.08388	0.01297	0.01625	0.01504	0.01173	0.01511	0.01037	0.01544	0.00784	0.00578	0.00581	0.00193	0.00770	0.00517	0.00260	0.00663
43	0.83671	0.01125	0.00855	0.00765	0.01125	0.01305	0.00630	0.01709	0.00990	0.02609	0.00810	0.00945	0.00630	0.00540	0.00360	0.00180	0.00450	0.00315	0.00360	0.00630
44	0.01098	0.01034	0.01744	0.78165	0.04005	0.01292	0.01615	0.01486	0.01163	0.01486	0.01034	0.01550	0.00775	0.00581	0.00581	0.00194	0.00775	0.00517	0.00258	0.00646
45	0.02609	0.00990	0.01350	0.01035	0.01484	0.00855	0.00855	0.02834	0.01664	0.76338	0.02294	0.01979	0.01439	0.00720	0.00585	0.00180	0.00495	0.00585	0.00720	0.00990
46	0.00846	0.00564	0.00634	0.00634	0.00634	0.00564	0.00352	0.00846	0.00846	0.01128	0.01832	0.03805	0.02114	0.79563	0.02960	0.00564	0.00564	0.00846	0.00352	0.00352
47	0.02576	0.01042	0.01382	0.01060	0.01511	0.00933	0.00875	0.08700	0.01753	0.70348	0.02220	0.01931	0.01402	0.00718	0.00585	0.00179	0.00507	0.00580	0.00708	0.00990
48	0.00846	0.00564	0.00634	0.00634	0.00634	0.00564	0.00352	0.00846	0.00846	0.01128	0.01832	0.03805	0.02114	0.79563	0.02960	0.00564	0.00564	0.00846	0.00352	0.00352
49	0.01168	0.00719	0.00736	0.00693	0.00883	0.00753	0.00531	0.05225	0.13694	0.02238	0.02280	0.02412	0.07630	0.00763	0.00470	0.00153	0.00323	0.00617	0.58088	0.00624
50	0.02175	0.02696	0.01654	0.01488	0.01798	0.72256	0.01122	0.07048	0.01720	0.01571	0.00932	0.01072	0.00765	0.00606	0.00528	0.00151	0.01022	0.00384	0.00318	0.00695
51	0.01903	0.01344	0.01429	0.01133	0.01512	0.01475	0.00924	0.53453	0.04733	0.03249	0.01554	0.01615	0.01141	0.00696	0.00538	0.00165	0.00542	0.00533	0.21186	0.00875
52	0.00846	0.00564	0.00634	0.00634	0.00634	0.00564	0.00352	0.00846	0.00846	0.01128	0.01832	0.03805	0.02114	0.79563	0.02960	0.00564	0.00564	0.00846	0.00352	0.00352
53	0.02172	0.02772	0.01648	0.01498	0.01798	0.77228	0.01124	0.02322	0.01648	0.01423	0.00899	0.01049	0.00749	0.00599	0.00524	0.00150	0.01049	0.00375	0.00300	0.00674
54	0.00995	0.00512	0.00759	0.00755	0.00767	0.00509	0.00509	0.00786	0.00831	0.01119	0.07161	0.01980	0.01379	0.01952	0.02142	0.76247	0.00486	0.00550	0.00284	0.00277
55	0.11819	0.01009	0.01277	0.01004	0.01430	0.00928	0.00825	0.02676	0.05236	0.62403	0.03895	0.01927	0.01461	0.00714	0.00562	0.00181	0.00483	0.00569	0.00670	0.00934
56	0.02332	0.01073	0.01353	0.01073	0.01494	0.01024	0.00875	0.07756	0.15383	0.55962	0.02237	0.01979	0.01472	0.00730	0.00582	0.00182	0.00494	0.00593	0.02438	0.00967
57	0.02115	0.02675	0.01656	0.01500	0.01780	0.72389	0.01133	0.02263	0.01599	0.01422	0.00890	0.01063	0.00750	0.00626	0.00613	0.00157	0.06016	0.00383	0.00297	0.00672
58	0.00709	0.00506	0.00675	0.00810	0.00843	0.00472	0.00540	0.00810	0.01113	0.01484	0.03205	0.79184	0.03846	0.01822	0.00742	0.00236	0.00337	0.01653	0.00540	0.00472
59	0.00765	0.00539	0.00657	0.00721	0.00761	0.00512	0.00461	0.00840	0.01056	0.01398	0.06516	0.40779	0.09194	0.31267	0.01577	0.00355	0.00417	0.01282	0.00474	0.00432
60	0.00772	0.00613	0.00695	0.00671	0.00846	0.00547	0.00504	0.01023	0.03852	0.01934	0.36452	0.04934	0.42419	0.01326	0.00684	0.00190	0.00291	0.01132	0.00586	0.00530
61	0.02018	0.01533	0.01637	0.01299	0.01730	0.01713	0.01059	0.56123	0.20921	0.03354	0.01641	0.01591	0.01187	0.00721	0.00584	0.00180	0.00595	0.00557	0.00584	0.00972
62	0.00763	0.00521	0.00657	0.00754	0.00787	0.00497	0.00490	0.00853	0.01061	0.01450	0.02820	0.57702	0.03315	0.18809	0.01207	0.00302	0.00383	0.01405	0.05774	0.00450
63	0.02067	0.01558	0.01664	0.01309	0.01749	0.01736	0.01071	0.60671	0.16293	0.03433	0.01579	0.01542	0.01137	0.00715	0.00584	0.00179	0.00606	0.00549	0.00584	0.00976
64	0.00846	0.00564	0.00634	0.00634	0.00634	0.00564	0.00352	0.00846	0.00846	0.01128	0.01832	0.03805	0.02114	0.79563	0.02960	0.00564	0.00564	0.00846	0.00352	0.00352
65	0.00709	0.00506	0.00675	0.00810	0.00843	0.00472	0.00540	0.00810	0.01113	0.01484	0.03205	0.79184	0.03846	0.01822	0.00742	0.00236	0.00337	0.01653	0.00540	0.00472
66	0.01614	0.59746	0.02710	0.01115	0.01541	0.06766	0.01044	0.07694	0.01305	0.01564	0.00857	0.01017	0.00768	0.00580	0.00576	0.00145	0.09575	0.00355	0.00280	0.00749
67	0.00739	0.00536	0.00690	0.00766	0.00836	0.00496	0.00526	0.00880	0.01243	0.01674	0.20245	0.52426	0.10077	0.04998	0.00820	0.00235	0.00329	0.01443	0.00555	0.00486
68	0.00687	0.00589	0.00589	0.00589	0.00785	0.00491	0.00442	0.00835	0.01325	0.01571	0.05891	0.05596	0.75700	0.01473	0.00687	0.00196	0.00295	0.01227	0.00540	0.00491

[dist]
# distance from previous block
# <min> <max>
0	1

[block]
# block no. 8 follows, 40 sequences, length 41
# corresponding to MSA columns:
# 617-657
name=unknown_I
#
# <colnr> <probs for GDERKNQSTAVLIFYWHMCP>
#	G	D	E	R	K	N	Q	S	T	A	V	L	I	F	Y	W	H	M	C	P
0	0.42591	0.29882	0.01822	0.00981	0.01407	0.01739	0.00857	0.07392	0.01294	0.05637	0.01033	0.01176	0.00843	0.00617	0.00441	0.00179	0.00567	0.00379	0.00389	0.00772
1	0.02036	0.01056	0.01299	0.01077	0.01454	0.01050	0.00871	0.05918	0.24090	0.41924	0.06863	0.02401	0.01874	0.00816	0.00605	0.00190	0.00479	0.04420	0.00660	0.00917
2	0.00701	0.00590	0.00608	0.00604	0.00794	0.00497	0.00453	0.00861	0.01358	0.01648	0.12946	0.05470	0.68596	0.01444	0.00687	0.00195	0.00293	0.01210	0.00550	0.00497
3	0.83671	0.01125	0.00855	0.00765	0.01125	0.01305	0.00630	0.01709	0.00990	0.02609	0.00810	0.00945	0.00630	0.00540	0.00360	0.00180	0.00450	0.00315	0.00360	0.00630
4	0.00714	0.00508	0.00673	0.00803	0.00835	0.00476	0.00532	0.00811	0.01103	0.01470	0.03150	0.76180	0.03777	0.04919	0.00831	0.00249	0.00346	0.01621	0.00532	0.00468
5	0.02232	0.01594	0.01724	0.01322	0.01786	0.01752	0.01092	0.70159	0.02676	0.07584	0.01445	0.01428	0.01013	0.00699	0.00582	0.00175	0.00632	0.00527	0.00589	0.00989
6	0.20871	0.00655	0.00775	0.00758	0.00846	0.00698	0.00533	0.00990	0.00828	0.01414	0.01060	0.04368	0.01046	0.03525	0.01775	0.58218	0.00487	0.00508	0.00291	0.00353
7	0.01345	0.01142	0.01232	0.01133	0.01429	0.01300	0.00889	0.02747	0.62050	0.02345	0.07044	0.02780	0.03625	0.00903	0.00619	0.00203	0.00452	0.07319	0.00588	0.00853
8	0.00846	0.00564	0.00634	0.00634	0.00634	0.00564	0.00352	0.00846	0.00846	0.01128	0.01832	0.03805	0.02114	0.79563	0.02960	0.00564	0.00564	0.00846	0.00352	0.00352
9	0.00709	0.00506	0.00675	0.00810	0.00843	0.00472	0.00540	0.00810	0.01113	0.01484	0.03205	0.79184	0.03846	0.01822	0.00742	0.00236	0.00337	0.01653	0.00540	0.00472
10	0.00738	0.00525	0.00694	0.00810	0.00853	0.00495	0.00552	0.00852	0.01137	0.01520	0.06941	0.65462	0.03781	0.07193	0.00898	0.00258	0.00362	0.05927	0.00532	0.00472
11	0.00831	0.00623	0.00935	0.00935	0.01038	0.00727	0.00727	0.01038	0.00935	0.01350	0.01558	0.02285	0.01454	0.04361	0.77259	0.00935	0.01558	0.00623	0.00312	0.00519
12	0.79476	0.01118	0.00880	0.00779	0.01143	0.01281	0.00641	0.01768	0.01025	0.06424	0.00887	0.00998	0.00672	0.00549	0.00372	0.00180	0.00452	0.00329	0.00378	0.00648
13	0.00779	0.00579	0.00733	0.00816	0.00895	0.00558	0.00565	0.01024	0.06807	0.01678	0.13310	0.59321	0.07467	0.01638	0.00720	0.00224	0.00336	0.01473	0.00558	0.00518
14	0.01342	0.01088	0.01201	0.01104	0.01389	0.01219	0.00869	0.02603	0.54483	0.04702	0.12593	0.02937	0.02448	0.00930	0.00627	0.00202	0.00444	0.08392	0.00596	0.00830
15	0.21150	0.00987	0.01174	0.00935	0.01340	0.00934	0.00769	0.02463	0.01475	0.53730	0.01922	0.01756	0.01257	0.00675	0.00519	0.00177	0.00467	0.00519	0.06877	0.00873
16	0.00881	0.00608	0.00790	0.00755	0.00902	0.00559	0.00573	0.01137	0.01587	0.04928	0.61608	0.07814	0.09506	0.01239	0.00691	0.00190	0.00300	0.04745	0.00627	0.00557
17	0.01326	0.00674	0.00901	0.00881	0.01051	0.00614	0.00650	0.01474	0.01294	0.24575	0.05093	0.41601	0.02978	0.07848	0.00879	0.00246	0.00417	0.06287	0.00583	0.00629
18	0.49303	0.01096	0.01082	0.00893	0.01292	0.01157	0.00736	0.05403	0.01324	0.30566	0.01398	0.01357	0.00953	0.00615	0.00455	0.00180	0.00475	0.00426	0.00506	0.00782
19	0.11233	0.00629	0.00742	0.00787	0.00912	0.00610	0.00562	0.01076	0.01225	0.05730	0.14184	0.48147	0.09070	0.01479	0.00673	0.00215	0.00347	0.01304	0.00542	0.00533
20	0.48152	0.00928	0.00848	0.00770	0.01064	0.00996	0.00612	0.01564	0.01194	0.09651	0.11822	0.08385	0.10323	0.00857	0.00495	0.00187	0.00404	0.00655	0.00469	0.00626
21	0.00846	0.00564	0.00634	0.00634	0.00634	0.00564	0.00352	0.00846	0.00846	0.01128	0.01832	0.03805	0.02114	0.79563	0.02960	0.00564	0.00564	0.00846	0.00352	0.00352
22	0.00716	0.00585	0.00597	0.00597	0.00758	0.00504	0.00426	0.00837	0.01240	0.01492	0.05167	0.05277	0.62567	0.15409	0.01093	0.00262	0.00343	0.01159	0.00507	0.00466
23	0.00831	0.00623	0.00935	0.00935	0.01038	0.00727	0.00727	0.01038	0.00935	0.01350	0.01558	0.02285	0.01454	0.04361	0.77259	0.00935	0.01558	0.00623	0.00312	0.00519
24	0.00968	0.00610	0.00751	0.00777	0.00861	0.00590	0.00526	0.04314	0.01187	0.06354	0.06401	0.40955	0.03011	0.22219	0.01285	0.00306	0.00413	0.01204	0.06762	0.00506
25	0.00855	0.00578	0.00691	0.00710	0.00751	0.00570	0.00465	0.00939	0.01039	0.01415	0.11615	0.08243	0.02783	0.52657	0.02186	0.00445	0.00501	0.10091	0.03054	0.00414
26	0.00779	0.00568	0.00733	0.00743	0.00855	0.00522	0.00538	0.00993	0.01466	0.02026	0.49107	0.26307	0.10405	0.01396	0.00702	0.00199	0.00294	0.01241	0.00603	0.00522
27	0.01206	0.01034	0.01206	0.00861	0.01378	0.00775	0.00689	0.01464	0.01206	0.01895	0.01034	0.01206	0.00861	0.00431	0.00431	0.00086	0.00431	0.00345	0.00345	0.83118
28	0.01166	0.03008	0.76550	0.01657	0.02517	0.01351	0.02149	0.01842	0.01228	0.01842	0.01044	0.01228	0.00737	0.00552	0.00552	0.00184	0.00859	0.00430	0.00246	0.00859
29	0.01446	0.01249	0.01315	0.01183	0.01512	0.01446	0.00920	0.03090	0.74885	0.02433	0.02367	0.02170	0.01775	0.00789	0.00592	0.00197	0.00460	0.00657	0.00592	0.00920
30	0.01401	0.01328	0.02252	0.03379	0.70254	0.01328	0.01720	0.01741	0.01325	0.01888	0.01245	0.01829	0.01106	0.00601	0.00593	0.00180	0.00679	0.05955	0.00307	0.00892
31	0.83671	0.01125	0.00855	0.00765	0.01125	0.01305	0.00630	0.01709	0.00990	0.02609	0.00810	0.00945	0.00630	0.00540	0.00360	0.00180	0.00450	0.00315	0.00360	0.00630
32	0.01359	0.01476	0.03049	0.02646	0.20467	0.01404	0.53189	0.01796	0.01349	0.01855	0.01248	0.05047	0.01026	0.00557	0.00662	0.00192	0.00882	0.00690	0.00304	0.00803
33	0.02059	0.01554	0.01660	0.01307	0.01746	0.01733	0.01069	0.59963	0.17014	0.03421	0.01588	0.01549	0.01145	0.00716	0.00584	0.00179	0.00604	0.00550	0.00584	0.00975
34	0.00715	0.00509	0.00673	0.00802	0.00834	0.00476	0.00531	0.00811	0.01101	0.01468	0.03143	0.75776	0.03768	0.05337	0.00843	0.00251	0.00348	0.01617	0.00531	0.00467
35	0.01912	0.01790	0.29932	0.01357	0.01960	0.01094	0.05863	0.02372	0.03919	0.39599	0.03203	0.01722	0.01230	0.00654	0.00581	0.00183	0.00657	0.00544	0.00508	0.00917
36	0.01219	0.10260	0.63955	0.01654	0.02459	0.01451	0.07488	0.01834	0.01234	0.01798	0.01031	0.01225	0.00749	0.00542	0.00545	0.00179	0.00846	0.00438	0.00250	0.00843
37	0.00687	0.00589	0.00589	0.00589	0.00785	0.00491	0.00442	0.00835	0.01325	0.01571	0.05891	0.05596	0.75700	0.01473	0.00687	0.00196	0.00295	0.01227	0.00540	0.00491
38	0.01576	0.70441	0.06914	0.01065	0.01569	0.07422	0.01066	0.01787	0.01216	0.01397	0.00827	0.00957	0.00746	0.00507	0.00393	0.00129	0.00664	0.00322	0.00252	0.00747
39	0.01332	0.01679	0.12320	0.09013	0.12504	0.01429	0.49281	0.01818	0.01330	0.01832	0.01137	0.01508	0.00860	0.00509	0.00646	0.00191	0.00910	0.00618	0.00284	0.00800
40	0.01308	0.01891	0.20950	0.02223	0.02864	0.01419	0.54922	0.01834	0.01332	0.01849	0.01191	0.03253	0.00915	0.00535	0.00655	0.00194	0.00937	0.00647	0.00288	0.00795

[dist]
# distance from previous block
# <min> <max>
0	40

# created by:
# /software/SequenceAnalysis/GenePrediction/augustus/3.0.1/scripts/msa2prfl.pl ./fixed/BUSCOvEOG7B2VB4.fas
