[name]
unknown

[dist]
# distance from previous block
# <min> <max>
0	35

[block]
# block no. 0 follows, 41 sequences, length 21
# corresponding to MSA columns:
# 35-55
name=unknown_A
#
# <colnr> <probs for GDERKNQSTAVLIFYWHMCP>
#	G	D	E	R	K	N	Q	S	T	A	V	L	I	F	Y	W	H	M	C	P
0	0.00867	0.00580	0.00650	0.00648	0.00652	0.00575	0.00363	0.00858	0.00855	0.01143	0.01832	0.03776	0.02105	0.79495	0.02913	0.00559	0.00566	0.00841	0.00358	0.00366
1	0.77408	0.01122	0.00930	0.06520	0.01341	0.01299	0.00706	0.01687	0.01008	0.02511	0.00848	0.01021	0.00663	0.00557	0.00385	0.00184	0.00478	0.00336	0.00358	0.00638
2	0.00927	0.00543	0.00716	0.00735	0.00744	0.00533	0.00466	0.00809	0.00852	0.01139	0.01634	0.14395	0.01823	0.28562	0.02241	0.41911	0.00503	0.00795	0.00337	0.00335
3	0.04485	0.73631	0.06172	0.01022	0.01523	0.02199	0.01029	0.01738	0.01178	0.01442	0.00840	0.00979	0.00762	0.00516	0.00390	0.00133	0.00627	0.00323	0.00260	0.00752
4	0.00845	0.00610	0.00790	0.00743	0.00881	0.00561	0.00555	0.01104	0.01638	0.02321	0.75659	0.04303	0.05405	0.01188	0.00688	0.00186	0.00282	0.01042	0.00639	0.00558
5	0.01220	0.01040	0.01209	0.00870	0.01379	0.00782	0.00692	0.01463	0.01207	0.01894	0.01050	0.01233	0.00879	0.00447	0.00439	0.00091	0.00435	0.00350	0.00350	0.82968
6	0.00845	0.00610	0.00790	0.00743	0.00881	0.00561	0.00555	0.01104	0.01638	0.02321	0.75659	0.04303	0.05405	0.01188	0.00688	0.00186	0.00282	0.01042	0.00639	0.00558
7	0.00733	0.00602	0.00611	0.00610	0.00780	0.00514	0.00439	0.00849	0.01262	0.01519	0.05277	0.05297	0.65990	0.11785	0.00984	0.00247	0.00337	0.01165	0.00517	0.00483
8	0.00733	0.00524	0.00689	0.00820	0.00856	0.00486	0.00546	0.00823	0.01116	0.01492	0.03175	0.79151	0.03799	0.01808	0.00743	0.00238	0.00344	0.01631	0.00541	0.00483
9	0.01064	0.00972	0.01597	0.67906	0.03540	0.01182	0.01459	0.01397	0.01158	0.01493	0.01331	0.11830	0.01192	0.00755	0.00607	0.00202	0.00716	0.00666	0.00302	0.00630
10	0.02178	0.02357	0.01674	0.01440	0.01792	0.51330	0.01111	0.26923	0.02004	0.02185	0.01086	0.01196	0.00850	0.00645	0.00549	0.00162	0.00903	0.00430	0.00401	0.00786
11	0.01948	0.01488	0.01664	0.01326	0.01692	0.01693	0.01086	0.55771	0.05832	0.03111	0.01380	0.01502	0.01045	0.01011	0.06259	0.00243	0.10985	0.00537	0.00522	0.00906
12	0.01261	0.19182	0.61042	0.01513	0.02282	0.01541	0.01882	0.01812	0.01219	0.01744	0.01012	0.01193	0.00759	0.00555	0.00521	0.00175	0.00806	0.00409	0.00254	0.00838
13	0.01212	0.13130	0.67039	0.01553	0.02351	0.01459	0.01967	0.01808	0.01211	0.01764	0.01011	0.01190	0.00740	0.00546	0.00527	0.00176	0.00819	0.00412	0.00247	0.00838
14	0.01625	0.01264	0.01488	0.01240	0.01611	0.01389	0.06146	0.15340	0.47038	0.09609	0.02222	0.02088	0.04773	0.00762	0.00590	0.00188	0.00516	0.00643	0.00569	0.00896
15	0.01311	0.07932	0.36193	0.01823	0.02477	0.01415	0.28904	0.01821	0.01264	0.05250	0.01152	0.03022	0.00877	0.00567	0.00631	0.00184	0.03544	0.00544	0.00288	0.00800
16	0.01467	0.01064	0.01161	0.00954	0.01199	0.01124	0.00707	0.34329	0.01702	0.02298	0.01551	0.02483	0.01488	0.38216	0.01670	0.00347	0.00579	0.00653	0.00449	0.06559
17	0.01785	0.01695	0.01481	0.03496	0.03141	0.24253	0.01006	0.27788	0.11633	0.02411	0.08205	0.07409	0.01603	0.00788	0.00577	0.00173	0.00677	0.00617	0.00477	0.00783
18	0.01279	0.00994	0.01110	0.01005	0.01267	0.01071	0.00772	0.08673	0.36344	0.05256	0.14247	0.15371	0.05806	0.01016	0.00620	0.00192	0.00413	0.00872	0.00576	0.03115
19	0.01236	0.01071	0.01551	0.44229	0.04912	0.01179	0.01259	0.11034	0.01395	0.01901	0.06605	0.01634	0.01154	0.00598	0.00548	0.00165	0.00635	0.00513	0.00342	0.18039
20	0.01139	0.00772	0.00945	0.00852	0.01063	0.00772	0.00655	0.01708	0.18289	0.10377	0.51366	0.03537	0.04140	0.01030	0.00643	0.00183	0.00335	0.00897	0.00627	0.00669

[dist]
# distance from previous block
# <min> <max>
0	1

[block]
# block no. 1 follows, 41 sequences, length 17
# corresponding to MSA columns:
# 57-73
name=unknown_B
#
# <colnr> <probs for GDERKNQSTAVLIFYWHMCP>
#	G	D	E	R	K	N	Q	S	T	A	V	L	I	F	Y	W	H	M	C	P
0	0.01323	0.01905	0.27469	0.02832	0.48437	0.01352	0.04886	0.01777	0.01272	0.01848	0.01063	0.01351	0.00843	0.00520	0.00563	0.00175	0.00747	0.00487	0.00269	0.00880
1	0.01383	0.01326	0.02262	0.10840	0.69257	0.01350	0.01739	0.01727	0.01287	0.01829	0.01070	0.01426	0.00892	0.00516	0.00567	0.00172	0.00688	0.00510	0.00280	0.00880
2	0.01261	0.01421	0.05642	0.08235	0.12840	0.01312	0.48149	0.01683	0.01295	0.01768	0.01342	0.09775	0.01168	0.00634	0.00653	0.00193	0.00838	0.00731	0.00310	0.00750
3	0.00911	0.00651	0.00909	0.01041	0.01168	0.00649	0.00903	0.01167	0.01306	0.01700	0.03034	0.09929	0.03315	0.01590	0.00787	0.00262	0.00517	0.69109	0.00527	0.00524
4	0.01003	0.00880	0.01404	0.43809	0.08130	0.01003	0.01208	0.01340	0.01334	0.01804	0.29147	0.02547	0.02511	0.00791	0.00610	0.00185	0.00572	0.00706	0.00397	0.00620
5	0.01323	0.01491	0.03211	0.09938	0.03083	0.01429	0.67067	0.01796	0.01330	0.01796	0.01143	0.01541	0.00857	0.00491	0.00665	0.00193	0.00944	0.00659	0.00286	0.00758
6	0.00843	0.00752	0.05913	0.00814	0.00996	0.00605	0.00684	0.01139	0.01561	0.02204	0.63754	0.04282	0.04874	0.01168	0.00677	0.00188	0.00334	0.08059	0.00593	0.00559
7	0.01345	0.01252	0.01906	0.02664	0.51079	0.01289	0.01423	0.01971	0.18969	0.01962	0.01836	0.01987	0.08453	0.00665	0.00581	0.00178	0.00587	0.00611	0.00379	0.00865
8	0.02137	0.02726	0.01621	0.01474	0.01768	0.77602	0.01105	0.02284	0.01621	0.01400	0.00884	0.01031	0.00737	0.00589	0.00516	0.00147	0.01031	0.00368	0.00295	0.00663
9	0.01186	0.01017	0.01186	0.00847	0.01356	0.00762	0.00678	0.01440	0.01186	0.01864	0.01017	0.01186	0.00847	0.00424	0.00424	0.00085	0.00424	0.00339	0.00339	0.83395
10	0.00832	0.00555	0.00624	0.00624	0.00624	0.00555	0.00347	0.00832	0.00832	0.01109	0.01802	0.03743	0.02080	0.79898	0.02911	0.00555	0.00555	0.00832	0.00347	0.00347
11	0.46597	0.01085	0.01024	0.00862	0.01222	0.01172	0.00705	0.12490	0.01397	0.15228	0.04521	0.01749	0.08455	0.00699	0.00468	0.00178	0.00456	0.00502	0.00475	0.00715
12	0.00701	0.00501	0.00668	0.00793	0.00831	0.00468	0.00531	0.00808	0.01116	0.01494	0.06102	0.76479	0.03848	0.01767	0.00728	0.00230	0.00329	0.01602	0.00535	0.00468
13	0.01309	0.05136	0.66650	0.01545	0.02337	0.01306	0.01944	0.01912	0.01252	0.09725	0.01150	0.01277	0.00798	0.00559	0.00541	0.00179	0.00800	0.00435	0.00291	0.00855
14	0.00716	0.00576	0.00643	0.00670	0.00829	0.00503	0.00507	0.00879	0.01307	0.01623	0.12013	0.15830	0.51877	0.01482	0.00695	0.00204	0.00317	0.08297	0.00540	0.00490
15	0.21252	0.04363	0.01310	0.01156	0.04506	0.08799	0.00876	0.05180	0.34134	0.06281	0.01834	0.01783	0.04795	0.00702	0.00516	0.00180	0.00523	0.00538	0.00478	0.00793
16	0.02075	0.02195	0.01664	0.04390	0.01844	0.44172	0.01123	0.28427	0.01962	0.02202	0.01062	0.01183	0.00824	0.00640	0.00591	0.00162	0.03886	0.00432	0.00392	0.00773

[dist]
# distance from previous block
# <min> <max>
0	1

[block]
# block no. 2 follows, 41 sequences, length 7
# corresponding to MSA columns:
# 75-81
name=unknown_C
#
# <colnr> <probs for GDERKNQSTAVLIFYWHMCP>
#	G	D	E	R	K	N	Q	S	T	A	V	L	I	F	Y	W	H	M	C	P
0	0.28247	0.08355	0.01498	0.01079	0.01495	0.01586	0.00902	0.35669	0.07383	0.06747	0.01254	0.01277	0.00919	0.00627	0.00485	0.00171	0.00547	0.00444	0.00481	0.00834
1	0.01875	0.01294	0.01452	0.01132	0.01554	0.01338	0.00921	0.39236	0.09365	0.13198	0.08095	0.01752	0.01479	0.00698	0.00559	0.00161	0.00527	0.00553	0.00559	0.14252
2	0.02521	0.01047	0.01373	0.01052	0.01497	0.00949	0.00869	0.11130	0.01760	0.68211	0.02154	0.01880	0.01364	0.00705	0.00575	0.00176	0.00503	0.00568	0.00692	0.00973
3	0.02064	0.01496	0.01599	0.01238	0.01663	0.01650	0.01019	0.67134	0.02541	0.03458	0.01422	0.01449	0.01022	0.00685	0.00555	0.00168	0.00593	0.00517	0.08799	0.00929
4	0.00805	0.00629	0.00737	0.00722	0.00880	0.00589	0.00536	0.01130	0.07925	0.01948	0.36982	0.14069	0.28320	0.01307	0.00674	0.00192	0.00300	0.01133	0.00580	0.00543
5	0.01805	0.01243	0.01373	0.01143	0.01518	0.01350	0.00915	0.22275	0.36953	0.17060	0.02258	0.02089	0.05832	0.00778	0.00584	0.00185	0.00498	0.00630	0.00601	0.00912
6	0.01590	0.17767	0.13180	0.05193	0.01824	0.09926	0.01180	0.11375	0.25977	0.04190	0.01473	0.01494	0.01119	0.00639	0.00523	0.00169	0.00647	0.00487	0.00416	0.00832

[dist]
# distance from previous block
# <min> <max>
9	260

# created by:
# /software/SequenceAnalysis/GenePrediction/augustus/3.0.1/scripts/msa2prfl.pl ./fixed/BUSCOvEOG7CZCW9.fas
