[name]
unknown

[dist]
# distance from previous block
# <min> <max>
8	128

[block]
# block no. 0 follows, 40 sequences, length 8
# corresponding to MSA columns:
# 169-176
name=unknown_A
#
# <colnr> <probs for GDERKNQSTAVLIFYWHMCP>
#	G	D	E	R	K	N	Q	S	T	A	V	L	I	F	Y	W	H	M	C	P
0	0.06146	0.06546	0.04699	0.13597	0.24834	0.07381	0.01363	0.19249	0.01656	0.02258	0.05835	0.01532	0.01157	0.00621	0.00555	0.00173	0.00681	0.00514	0.00378	0.00823
1	0.39472	0.06165	0.04934	0.01024	0.01367	0.01410	0.00886	0.01810	0.10463	0.02170	0.01038	0.01204	0.00840	0.00642	0.00686	0.00181	0.14462	0.00402	0.00356	0.10488
2	0.02092	0.02012	0.01628	0.01351	0.01732	0.31679	0.01068	0.40566	0.02207	0.02633	0.01503	0.01543	0.05954	0.00711	0.00566	0.00166	0.00779	0.00512	0.00467	0.00830
3	0.07566	0.01197	0.01333	0.01112	0.01393	0.01359	0.00902	0.28896	0.07516	0.02544	0.08799	0.02510	0.16471	0.00951	0.00834	0.00196	0.14458	0.00705	0.00504	0.00754
4	0.01799	0.01167	0.01672	0.01314	0.01735	0.01152	0.13924	0.02575	0.27323	0.28518	0.05781	0.02044	0.01627	0.00709	0.00601	0.00183	0.00554	0.00637	0.00571	0.06115
5	0.01292	0.10588	0.19882	0.15386	0.02544	0.01471	0.19497	0.06550	0.01307	0.01785	0.01159	0.04156	0.00949	0.00831	0.04916	0.00229	0.05848	0.00561	0.00298	0.00752
6	0.00952	0.00520	0.00727	0.00727	0.00763	0.00503	0.00494	0.00771	0.00859	0.01111	0.01885	0.02454	0.14391	0.01922	0.01989	0.68232	0.00467	0.00634	0.00304	0.00295
7	0.01631	0.01340	0.01776	0.01408	0.01802	0.01432	0.14009	0.31276	0.18408	0.02774	0.11164	0.02304	0.01870	0.00801	0.00630	0.00190	0.00607	0.05186	0.00537	0.00852

[dist]
# distance from previous block
# <min> <max>
0	1

[block]
# block no. 1 follows, 40 sequences, length 6
# corresponding to MSA columns:
# 178-183
name=unknown_B
#
# <colnr> <probs for GDERKNQSTAVLIFYWHMCP>
#	G	D	E	R	K	N	Q	S	T	A	V	L	I	F	Y	W	H	M	C	P
0	0.51340	0.05236	0.07551	0.09320	0.01584	0.01269	0.00896	0.01736	0.01137	0.07793	0.06474	0.01361	0.01078	0.00604	0.00442	0.00179	0.00519	0.00421	0.00381	0.00678
1	0.01527	0.08468	0.11862	0.01338	0.01776	0.10106	0.08375	0.10583	0.22725	0.04387	0.05220	0.02033	0.07570	0.00742	0.00580	0.00180	0.00648	0.00614	0.00452	0.00813
2	0.01349	0.01131	0.01279	0.00966	0.01444	0.00996	0.00771	0.09008	0.14327	0.02167	0.01305	0.01395	0.01035	0.00520	0.00474	0.00115	0.00457	0.00418	0.00412	0.60432
3	0.01046	0.00796	0.01012	0.00968	0.01120	0.00866	0.00758	0.08219	0.07725	0.01964	0.20026	0.10070	0.02928	0.07181	0.16873	0.00388	0.05066	0.11900	0.00496	0.00600
4	0.01084	0.00542	0.00542	0.00542	0.00678	0.00542	0.00407	0.01355	0.01220	0.02168	0.01897	0.02168	0.01491	0.00678	0.00407	0.00136	0.00271	0.00542	0.82791	0.00542
5	0.01563	0.01366	0.02299	0.07037	0.42677	0.01379	0.13667	0.06854	0.06891	0.08485	0.01323	0.01565	0.01019	0.00567	0.00597	0.00180	0.00707	0.00563	0.00367	0.00893

[dist]
# distance from previous block
# <min> <max>
2	7

[block]
# block no. 2 follows, 40 sequences, length 39
# corresponding to MSA columns:
# 191-229
name=unknown_C
#
# <colnr> <probs for GDERKNQSTAVLIFYWHMCP>
#	G	D	E	R	K	N	Q	S	T	A	V	L	I	F	Y	W	H	M	C	P
0	0.11626	0.02756	0.62433	0.01535	0.02297	0.05982	0.01895	0.01854	0.01223	0.01913	0.01005	0.01181	0.00724	0.00554	0.00526	0.00182	0.00819	0.00412	0.00263	0.00819
1	0.01465	0.23648	0.11286	0.01187	0.01633	0.01663	0.01095	0.02547	0.43344	0.03545	0.01759	0.01698	0.01347	0.00676	0.00525	0.00175	0.00557	0.00530	0.00454	0.00865
2	0.00898	0.00649	0.00837	0.00962	0.08131	0.00658	0.00539	0.00957	0.00912	0.01240	0.01782	0.06183	0.01992	0.61190	0.10251	0.00551	0.00670	0.00820	0.00349	0.00430
3	0.83671	0.01125	0.00855	0.00765	0.01125	0.01305	0.00630	0.01709	0.00990	0.02609	0.00810	0.00945	0.00630	0.00540	0.00360	0.00180	0.00450	0.00315	0.00360	0.00630
4	0.00845	0.00567	0.00653	0.00653	0.00659	0.00574	0.00375	0.00857	0.00851	0.01141	0.01815	0.03713	0.02074	0.74968	0.07500	0.00586	0.00625	0.00832	0.00350	0.00363
5	0.01272	0.01210	0.02057	0.40259	0.40557	0.01338	0.01701	0.01638	0.01245	0.01696	0.01064	0.01494	0.00849	0.00549	0.00579	0.00183	0.00732	0.00517	0.00273	0.00786
6	0.00809	0.00586	0.00763	0.00736	0.00864	0.00540	0.00545	0.01063	0.01586	0.02231	0.66893	0.11774	0.06908	0.01258	0.00691	0.00188	0.00281	0.01115	0.00628	0.00540
7	0.02609	0.00990	0.01350	0.01035	0.01484	0.00855	0.00855	0.02834	0.01664	0.76338	0.02294	0.01979	0.01439	0.00720	0.00585	0.00180	0.00495	0.00585	0.00720	0.00990
8	0.00812	0.00586	0.00767	0.00739	0.00866	0.00541	0.00548	0.01069	0.01593	0.02248	0.68466	0.11746	0.05325	0.01251	0.00691	0.00188	0.00281	0.01111	0.00630	0.00541
9	0.00745	0.00562	0.00645	0.00668	0.00802	0.00494	0.00480	0.00845	0.01242	0.01555	0.11339	0.19809	0.45173	0.01585	0.00898	0.10649	0.00328	0.01205	0.00513	0.00463
10	0.02385	0.01000	0.01319	0.01040	0.01450	0.00903	0.00846	0.09095	0.01707	0.62336	0.02303	0.09562	0.01637	0.00827	0.00600	0.00185	0.00492	0.00685	0.00689	0.00938
11	0.02211	0.01629	0.01745	0.01338	0.01803	0.01803	0.01105	0.73997	0.02734	0.03665	0.01396	0.01396	0.00989	0.00698	0.00582	0.00175	0.00640	0.00524	0.00582	0.00989
12	0.00713	0.00585	0.00596	0.00596	0.00761	0.00503	0.00428	0.00836	0.01249	0.01500	0.05242	0.05310	0.63925	0.13968	0.01051	0.00255	0.00338	0.01166	0.00510	0.00469
13	0.00793	0.00593	0.00735	0.00700	0.00850	0.00536	0.00525	0.01039	0.01574	0.02162	0.60019	0.04624	0.21203	0.01252	0.00686	0.00186	0.00279	0.01091	0.00618	0.00536
14	0.02211	0.01629	0.01745	0.01338	0.01803	0.01803	0.01105	0.73997	0.02734	0.03665	0.01396	0.01396	0.00989	0.00698	0.00582	0.00175	0.00640	0.00524	0.00582	0.00989
15	0.01352	0.00817	0.00856	0.00758	0.00973	0.00860	0.00591	0.19852	0.01600	0.02515	0.01835	0.05856	0.01481	0.00740	0.00468	0.00151	0.00368	0.00593	0.57678	0.00652
16	0.11582	0.00948	0.01192	0.00942	0.01342	0.00866	0.00773	0.02520	0.01532	0.58654	0.02076	0.01886	0.01354	0.00694	0.00537	0.00174	0.00462	0.00549	0.11023	0.00893
17	0.00722	0.00590	0.00637	0.00625	0.00807	0.00506	0.00469	0.00901	0.01407	0.01764	0.23618	0.05278	0.57852	0.01401	0.00687	0.00193	0.00289	0.01183	0.00565	0.00506
18	0.00687	0.00589	0.00589	0.00589	0.00785	0.00491	0.00442	0.00835	0.01325	0.01571	0.05891	0.05596	0.75700	0.01473	0.00687	0.00196	0.00295	0.01227	0.00540	0.00491
19	0.00751	0.00535	0.00709	0.00815	0.00869	0.00504	0.00568	0.00884	0.01187	0.01597	0.12252	0.59355	0.03920	0.05644	0.00853	0.00249	0.00359	0.07926	0.00543	0.00482
20	0.00752	0.00529	0.00679	0.00763	0.00803	0.00501	0.00501	0.00854	0.01124	0.01516	0.12044	0.53887	0.03688	0.18103	0.01202	0.00298	0.00377	0.01407	0.00513	0.00457
21	0.00908	0.00649	0.00904	0.01038	0.01159	0.00645	0.00887	0.01155	0.01310	0.01708	0.03095	0.15713	0.03410	0.01634	0.00796	0.00264	0.00511	0.63153	0.00536	0.00528
22	0.02125	0.01564	0.01681	0.01311	0.01758	0.01734	0.01075	0.63201	0.11800	0.05408	0.01542	0.01509	0.01100	0.00710	0.00583	0.00178	0.00613	0.00542	0.00587	0.00980
23	0.00907	0.00656	0.00888	0.00950	0.01090	0.00644	0.00795	0.01210	0.03165	0.01972	0.29448	0.05651	0.04088	0.01436	0.00756	0.00235	0.00439	0.44547	0.00575	0.00549
24	0.02419	0.00950	0.01274	0.00991	0.01415	0.00819	0.00814	0.02636	0.01631	0.68943	0.02650	0.02337	0.08784	0.00794	0.00595	0.00182	0.00475	0.00648	0.00702	0.00940
25	0.00846	0.00564	0.00634	0.00634	0.00634	0.00564	0.00352	0.00846	0.00846	0.01128	0.01832	0.03805	0.02114	0.79563	0.02960	0.00564	0.00564	0.00846	0.00352	0.00352
26	0.00703	0.00540	0.00641	0.00720	0.00816	0.00482	0.00498	0.00820	0.01190	0.01510	0.04218	0.48926	0.31719	0.03411	0.00770	0.00228	0.00326	0.01470	0.00536	0.00477
27	0.01351	0.01166	0.01223	0.01109	0.01421	0.01326	0.00860	0.02806	0.65614	0.02324	0.02811	0.02602	0.11092	0.00875	0.00604	0.00197	0.00439	0.00729	0.00585	0.00866
28	0.01195	0.00650	0.00661	0.00621	0.00789	0.00667	0.00476	0.08540	0.01369	0.02316	0.01847	0.02092	0.01441	0.00680	0.00424	0.00139	0.00307	0.00540	0.74660	0.00586
29	0.01084	0.00542	0.00542	0.00542	0.00678	0.00542	0.00407	0.01355	0.01220	0.02168	0.01897	0.02168	0.01491	0.00678	0.00407	0.00136	0.00271	0.00542	0.82791	0.00542
30	0.00716	0.00509	0.00673	0.00800	0.00832	0.00477	0.00530	0.00812	0.01099	0.01465	0.03132	0.75159	0.03754	0.05973	0.00861	0.00254	0.00349	0.01610	0.00530	0.00466
31	0.00861	0.00693	0.00962	0.08568	0.01294	0.00756	0.00792	0.01037	0.01185	0.01592	0.09174	0.39128	0.08293	0.01486	0.00874	0.00232	0.10253	0.11811	0.00484	0.00528
32	0.09712	0.10135	0.05966	0.07180	0.41181	0.01411	0.01461	0.03236	0.01329	0.11297	0.01184	0.01397	0.00921	0.00552	0.00532	0.00171	0.00648	0.00479	0.00347	0.00862
33	0.01086	0.00604	0.00694	0.10325	0.01097	0.00637	0.00559	0.01371	0.01212	0.02082	0.01788	0.02090	0.01400	0.00665	0.00429	0.00143	0.00335	0.00539	0.72389	0.00555
34	0.00858	0.00634	0.00789	0.00785	0.00917	0.00608	0.00594	0.01149	0.05249	0.01979	0.40760	0.06898	0.12304	0.11164	0.00989	0.00249	0.00367	0.12606	0.00570	0.00532
35	0.02014	0.01867	0.06558	0.03588	0.62584	0.01687	0.04533	0.02181	0.01692	0.02441	0.01708	0.02269	0.01491	0.00936	0.00839	0.00288	0.00901	0.00715	0.00501	0.01205
36	0.01213	0.01703	0.23576	0.35163	0.23679	0.01334	0.01817	0.01672	0.01227	0.01705	0.01053	0.01426	0.00805	0.00555	0.00571	0.00185	0.00776	0.00492	0.00263	0.00785
37	0.06159	0.19803	0.15892	0.01292	0.01815	0.07006	0.01242	0.31925	0.05325	0.02532	0.01176	0.01247	0.00888	0.00614	0.00513	0.00165	0.00686	0.00442	0.00412	0.00865
38	0.01233	0.02610	0.58401	0.02125	0.20477	0.01358	0.02060	0.01828	0.01251	0.01856	0.01056	0.01279	0.00782	0.00544	0.00558	0.00181	0.00818	0.00451	0.00256	0.00875

[dist]
# distance from previous block
# <min> <max>
5	397

# created by:
# /software/SequenceAnalysis/GenePrediction/augustus/3.0.1/scripts/msa2prfl.pl ./fixed/BUSCOvEOG74QVG2.fas
