[name]
unknown

[dist]
# distance from previous block
# <min> <max>
0	323

[block]
# block no. 0 follows, 41 sequences, length 22
# corresponding to MSA columns:
# 352-373
name=unknown_A
#
# <colnr> <probs for GDERKNQSTAVLIFYWHMCP>
#	G	D	E	R	K	N	Q	S	T	A	V	L	I	F	Y	W	H	M	C	P
0	0.00922	0.00658	0.00922	0.01053	0.01185	0.00658	0.00922	0.01185	0.01317	0.01712	0.03029	0.06452	0.03292	0.01580	0.00790	0.00263	0.00527	0.72480	0.00527	0.00527
1	0.01321	0.05182	0.51186	0.01397	0.02074	0.01200	0.01653	0.01873	0.03799	0.11542	0.01395	0.07683	0.01105	0.00665	0.00551	0.00177	0.00710	0.00539	0.00343	0.05604
2	0.02229	0.01515	0.01662	0.01275	0.01730	0.01644	0.01053	0.64462	0.02543	0.13772	0.01496	0.01453	0.01034	0.00690	0.00573	0.00172	0.00610	0.00523	0.00591	0.00973
3	0.00697	0.00498	0.00664	0.00796	0.00830	0.00465	0.00531	0.00796	0.01095	0.01460	0.03153	0.79525	0.03783	0.01792	0.00730	0.00232	0.00332	0.01626	0.00531	0.00465
4	0.01147	0.02959	0.76934	0.01630	0.02476	0.01328	0.02113	0.01811	0.01208	0.01811	0.01026	0.01208	0.00725	0.00543	0.00543	0.00181	0.00845	0.00423	0.00242	0.00845
5	0.00913	0.00837	0.01536	0.01307	0.01521	0.00783	0.24087	0.01145	0.01210	0.01632	0.07142	0.49830	0.02954	0.01334	0.00709	0.00216	0.00530	0.01285	0.00460	0.00567
6	0.00702	0.00502	0.00669	0.00793	0.00831	0.00468	0.00531	0.00810	0.01120	0.01500	0.06631	0.75933	0.03860	0.01762	0.00727	0.00230	0.00329	0.01598	0.00536	0.00468
7	0.00829	0.00609	0.00901	0.00901	0.01005	0.00706	0.00700	0.01036	0.00932	0.01365	0.01548	0.02242	0.01432	0.04120	0.74015	0.00882	0.01473	0.00609	0.04182	0.00512
8	0.00697	0.00498	0.00664	0.00796	0.00830	0.00465	0.00531	0.00796	0.01095	0.01460	0.03153	0.79525	0.03783	0.01792	0.00730	0.00232	0.00332	0.01626	0.00531	0.00465
9	0.01074	0.00979	0.01644	0.72820	0.03705	0.01214	0.01508	0.01409	0.01115	0.01427	0.01015	0.01541	0.00779	0.00676	0.00694	0.06289	0.00743	0.00507	0.00254	0.00607
10	0.01150	0.01117	0.01830	0.51778	0.05587	0.01410	0.05213	0.01467	0.01088	0.01471	0.00955	0.01450	0.00769	0.00679	0.00923	0.00206	0.21486	0.00515	0.00256	0.00649
11	0.02137	0.02726	0.01621	0.01474	0.01768	0.77602	0.01105	0.02284	0.01621	0.01400	0.00884	0.01031	0.00737	0.00589	0.00516	0.00147	0.01031	0.00368	0.00295	0.00663
12	0.01394	0.01337	0.02283	0.08274	0.71734	0.01353	0.01745	0.01737	0.01292	0.01843	0.01072	0.01423	0.00897	0.00514	0.00567	0.00171	0.00685	0.00510	0.00281	0.00889
13	0.00697	0.00498	0.00664	0.00796	0.00830	0.00465	0.00531	0.00796	0.01095	0.01460	0.03153	0.79525	0.03783	0.01792	0.00730	0.00232	0.00332	0.01626	0.00531	0.00465
14	0.01106	0.01039	0.01696	0.70642	0.03690	0.01303	0.01536	0.01538	0.04914	0.01505	0.01070	0.01542	0.00812	0.00604	0.00639	0.00194	0.04735	0.00515	0.00271	0.00649
15	0.01065	0.00749	0.00884	0.03958	0.01022	0.00789	0.00586	0.13079	0.01274	0.01754	0.08560	0.08746	0.02179	0.39064	0.08281	0.00423	0.00598	0.00807	0.05669	0.00514
16	0.00704	0.00507	0.00670	0.00798	0.00841	0.00472	0.00542	0.00812	0.01111	0.01472	0.03240	0.74245	0.06288	0.01772	0.00730	0.00232	0.00338	0.04227	0.00531	0.00468
17	0.01186	0.01017	0.01186	0.00847	0.01356	0.00762	0.00678	0.01440	0.01186	0.01864	0.01017	0.01186	0.00847	0.00424	0.00424	0.00085	0.00424	0.00339	0.00339	0.83395
18	0.01212	0.05276	0.57779	0.01891	0.09761	0.01378	0.11147	0.01805	0.01233	0.01804	0.01040	0.01260	0.00761	0.00531	0.00556	0.00179	0.00836	0.00459	0.00252	0.00838
19	0.00780	0.00533	0.00639	0.00690	0.00703	0.00520	0.00417	0.00818	0.00933	0.01244	0.02319	0.32769	0.02732	0.49982	0.02076	0.00431	0.00469	0.01136	0.00417	0.00392
20	0.01208	0.01017	0.01185	0.00860	0.01345	0.00794	0.00688	0.04629	0.01277	0.01965	0.05371	0.01373	0.01116	0.00478	0.00445	0.00094	0.00424	0.00387	0.00366	0.74977
21	0.02060	0.01355	0.01502	0.01176	0.01576	0.01456	0.00953	0.50261	0.05705	0.15973	0.01622	0.01734	0.01195	0.07500	0.00769	0.00205	0.00580	0.00559	0.02917	0.00903

[dist]
# distance from previous block
# <min> <max>
0	1

[block]
# block no. 1 follows, 41 sequences, length 70
# corresponding to MSA columns:
# 375-444
name=unknown_B
#
# <colnr> <probs for GDERKNQSTAVLIFYWHMCP>
#	G	D	E	R	K	N	Q	S	T	A	V	L	I	F	Y	W	H	M	C	P
0	0.01452	0.01248	0.01716	0.21701	0.19177	0.01302	0.01296	0.10877	0.12078	0.02133	0.01461	0.01882	0.01197	0.00690	0.00597	0.00186	0.00639	0.04091	0.00411	0.15866
1	0.01182	0.00890	0.01179	0.01186	0.05231	0.00874	0.05049	0.08787	0.08256	0.05282	0.05393	0.44450	0.06971	0.01398	0.00716	0.00228	0.00467	0.01231	0.00554	0.00678
2	0.00802	0.00574	0.00739	0.00865	0.00908	0.00527	0.00576	0.00874	0.01158	0.01554	0.03218	0.78433	0.03830	0.01838	0.00769	0.00249	0.00368	0.01640	0.00561	0.00518
3	0.01484	0.01395	0.02323	0.09407	0.69559	0.01401	0.01768	0.01795	0.01349	0.01924	0.01169	0.01557	0.00987	0.00581	0.00608	0.00190	0.00716	0.00541	0.00315	0.00931
4	0.01147	0.02959	0.76934	0.01630	0.02476	0.01328	0.02113	0.01811	0.01208	0.01811	0.01026	0.01208	0.00725	0.00543	0.00543	0.00181	0.00845	0.00423	0.00242	0.00845
5	0.00706	0.00505	0.00672	0.00790	0.00832	0.00470	0.00532	0.00819	0.01136	0.01525	0.08856	0.73636	0.03909	0.01743	0.00726	0.00228	0.00327	0.01580	0.00539	0.00470
6	0.01130	0.01066	0.01493	0.01314	0.01335	0.01446	0.01071	0.01261	0.00881	0.01346	0.00993	0.01650	0.00994	0.07848	0.17456	0.00411	0.56906	0.00549	0.00269	0.00580
7	0.00993	0.00615	0.00795	0.00748	0.00908	0.00560	0.00561	0.01227	0.01518	0.10518	0.51149	0.13729	0.09332	0.01200	0.00662	0.00186	0.00304	0.01054	0.03370	0.00575
8	0.79183	0.01098	0.00869	0.00768	0.01127	0.01257	0.00632	0.01746	0.01012	0.06900	0.00882	0.00989	0.00666	0.00541	0.00367	0.00177	0.00445	0.00325	0.00375	0.00640
9	0.01504	0.02875	0.49763	0.01574	0.02220	0.28846	0.01750	0.01982	0.01357	0.01663	0.00975	0.01144	0.00729	0.00560	0.00533	0.00169	0.00912	0.00403	0.00261	0.00780
10	0.02137	0.02726	0.01621	0.01474	0.01768	0.77602	0.01105	0.02284	0.01621	0.01400	0.00884	0.01031	0.00737	0.00589	0.00516	0.00147	0.01031	0.00368	0.00295	0.00663
11	0.01345	0.01491	0.03158	0.12875	0.03134	0.01438	0.63908	0.01802	0.01341	0.01810	0.01170	0.01584	0.00884	0.00517	0.00674	0.00198	0.00945	0.00662	0.00296	0.00769
12	0.00713	0.00598	0.00611	0.00620	0.00803	0.00502	0.00458	0.00845	0.01307	0.01569	0.05596	0.11320	0.70078	0.01493	0.00693	0.00202	0.00305	0.01247	0.00541	0.00499
13	0.01191	0.02896	0.72652	0.01690	0.02520	0.01351	0.05955	0.01833	0.01235	0.01842	0.01066	0.01271	0.00764	0.00562	0.00564	0.00188	0.00861	0.00447	0.00256	0.00857
14	0.01016	0.01047	0.09399	0.05557	0.07094	0.00868	0.04307	0.01381	0.05252	0.01796	0.08208	0.10252	0.11254	0.01228	0.00704	0.00225	0.00550	0.28753	0.00474	0.00635
15	0.00744	0.00539	0.00698	0.00818	0.00872	0.00498	0.00562	0.00847	0.01144	0.01512	0.03360	0.69444	0.09050	0.01770	0.00743	0.00237	0.00352	0.05783	0.00541	0.00487
16	0.35164	0.01895	0.28968	0.01370	0.05710	0.03944	0.04554	0.01892	0.04840	0.05104	0.01081	0.01233	0.00807	0.00575	0.00489	0.00185	0.00659	0.00418	0.00340	0.00770
17	0.02233	0.01030	0.01321	0.01025	0.01467	0.00906	0.00832	0.02595	0.09201	0.55657	0.02075	0.01875	0.01379	0.00687	0.00563	0.00169	0.00483	0.00551	0.00640	0.15310
18	0.05285	0.04625	0.71127	0.01591	0.02402	0.01364	0.02020	0.01823	0.01215	0.01867	0.01042	0.01232	0.00751	0.00563	0.00544	0.00186	0.00829	0.00425	0.00259	0.00847
19	0.01299	0.01331	0.01991	0.01640	0.01758	0.04247	0.14198	0.01477	0.01021	0.01495	0.01004	0.05962	0.00982	0.00961	0.01556	0.00241	0.57288	0.00604	0.00287	0.00660
20	0.00732	0.00523	0.00689	0.00819	0.00855	0.00485	0.00546	0.00822	0.01116	0.01491	0.03174	0.79163	0.03799	0.01807	0.00743	0.00238	0.00344	0.01631	0.00541	0.00482
21	0.01597	0.01401	0.02266	0.02851	0.50082	0.01411	0.09672	0.10835	0.05885	0.06264	0.01293	0.01540	0.01018	0.00577	0.00594	0.00180	0.00691	0.00551	0.00372	0.00918
22	0.01413	0.01303	0.01611	0.01379	0.01467	0.05652	0.01132	0.09782	0.01184	0.01756	0.01000	0.01407	0.00895	0.00922	0.01481	0.00227	0.55743	0.00510	0.10465	0.00673
23	0.00732	0.00523	0.00689	0.00819	0.00855	0.00485	0.00546	0.00822	0.01116	0.01491	0.03174	0.79163	0.03799	0.01807	0.00743	0.00238	0.00344	0.01631	0.00541	0.00482
24	0.02063	0.02084	0.01764	0.01557	0.05514	0.38148	0.05389	0.22242	0.07408	0.06315	0.01261	0.01354	0.00962	0.00648	0.00565	0.00169	0.00834	0.00477	0.00426	0.00819
25	0.02289	0.01375	0.01564	0.01209	0.01650	0.01435	0.00993	0.47790	0.02300	0.27604	0.01713	0.01634	0.01167	0.00714	0.00580	0.00178	0.00579	0.00546	0.03708	0.00972
26	0.00731	0.00592	0.00641	0.00655	0.00818	0.00508	0.00478	0.00876	0.01331	0.01658	0.14362	0.16916	0.55426	0.01484	0.00697	0.00203	0.00306	0.01257	0.00554	0.00505
27	0.01330	0.01063	0.01140	0.01060	0.01256	0.05689	0.00797	0.21720	0.07393	0.02179	0.02310	0.39893	0.02437	0.01267	0.00719	0.00210	0.04362	0.01073	0.03420	0.00681
28	0.00817	0.00592	0.00764	0.00760	0.00878	0.00544	0.00556	0.01036	0.01509	0.02105	0.56270	0.20283	0.07664	0.01338	0.00702	0.00199	0.00301	0.02529	0.00613	0.00539
29	0.00732	0.00523	0.00689	0.00819	0.00855	0.00485	0.00546	0.00822	0.01116	0.01491	0.03174	0.79163	0.03799	0.01807	0.00743	0.00238	0.00344	0.01631	0.00541	0.00482
30	0.01395	0.46399	0.35015	0.01283	0.01927	0.01870	0.01482	0.01776	0.01202	0.01579	0.00929	0.01090	0.00761	0.00535	0.00458	0.00154	0.00723	0.00368	0.00255	0.00799
31	0.00732	0.00523	0.00689	0.00819	0.00855	0.00485	0.00546	0.00822	0.01116	0.01491	0.03174	0.79163	0.03799	0.01807	0.00743	0.00238	0.00344	0.01631	0.00541	0.00482
32	0.01113	0.01039	0.01735	0.78142	0.03949	0.01287	0.01598	0.01484	0.01164	0.01492	0.01049	0.01568	0.00794	0.00594	0.00586	0.00197	0.00772	0.00519	0.00266	0.00652
33	0.03929	0.64855	0.05329	0.01046	0.01514	0.05467	0.01016	0.03879	0.01231	0.01497	0.00897	0.01064	0.00806	0.00727	0.04508	0.00177	0.00694	0.00347	0.00274	0.00743
34	0.02164	0.02740	0.01641	0.01493	0.01789	0.77221	0.01117	0.02302	0.01639	0.01431	0.00917	0.01078	0.00768	0.00611	0.00530	0.00153	0.01040	0.00379	0.00306	0.00680
35	0.01447	0.01380	0.02338	0.03519	0.75963	0.01375	0.01764	0.01776	0.01322	0.01898	0.01108	0.01460	0.00937	0.00532	0.00580	0.00176	0.00690	0.00520	0.00294	0.00921
36	0.00730	0.00549	0.00668	0.00754	0.00840	0.00493	0.00518	0.00839	0.01193	0.01543	0.06365	0.55374	0.24641	0.01688	0.00726	0.00225	0.00330	0.01490	0.00544	0.00490
37	0.01392	0.01338	0.02303	0.14955	0.60826	0.01366	0.05735	0.01735	0.01300	0.01833	0.01104	0.01484	0.00913	0.00540	0.00587	0.00180	0.00718	0.00529	0.00290	0.00873
38	0.01971	0.01550	0.01560	0.01240	0.01642	0.07523	0.01004	0.56903	0.02418	0.03169	0.05793	0.01973	0.08996	0.00805	0.00598	0.00178	0.00617	0.00613	0.00559	0.00890
39	0.00802	0.00589	0.00743	0.00742	0.00864	0.00536	0.00539	0.01007	0.01479	0.02038	0.50360	0.21303	0.14103	0.01363	0.00700	0.00199	0.00299	0.01197	0.00604	0.00533
40	0.01219	0.01039	0.01208	0.00870	0.01379	0.00782	0.00692	0.01463	0.01206	0.01893	0.01049	0.01231	0.00878	0.00446	0.00438	0.00091	0.00435	0.00350	0.00350	0.82981
41	0.01408	0.49130	0.32403	0.01260	0.01891	0.01903	0.01442	0.01773	0.01201	0.01562	0.00921	0.01080	0.00762	0.00533	0.00452	0.00152	0.00715	0.00364	0.00255	0.00795
42	0.01180	0.02971	0.76563	0.01649	0.02493	0.01345	0.02120	0.01832	0.01228	0.01841	0.01059	0.01253	0.00756	0.00565	0.00557	0.00187	0.00855	0.00433	0.00253	0.00861
43	0.00734	0.00603	0.00642	0.00656	0.00832	0.00515	0.00492	0.00880	0.01325	0.01620	0.09306	0.11308	0.61926	0.01485	0.00700	0.00205	0.00318	0.05402	0.00546	0.00505
44	0.01555	0.01179	0.01273	0.01116	0.01450	0.01298	0.00873	0.08190	0.53215	0.10601	0.02654	0.02465	0.09824	0.00856	0.00605	0.00196	0.00463	0.00700	0.00599	0.00887
45	0.00819	0.00588	0.00751	0.00850	0.00911	0.00563	0.00579	0.05169	0.01210	0.01618	0.03069	0.74549	0.03633	0.01742	0.00734	0.00234	0.00361	0.01565	0.00543	0.00512
46	0.00732	0.00523	0.00689	0.00819	0.00855	0.00485	0.00546	0.00822	0.01116	0.01491	0.03174	0.79163	0.03799	0.01807	0.00743	0.00238	0.00344	0.01631	0.00541	0.00482
47	0.01505	0.01638	0.06423	0.03285	0.02502	0.09912	0.45402	0.05081	0.01429	0.05969	0.01363	0.07620	0.01134	0.00662	0.00695	0.00196	0.03373	0.00691	0.00352	0.00768
48	0.15020	0.01400	0.01489	0.01264	0.04164	0.01544	0.00987	0.37864	0.19505	0.08452	0.01593	0.01571	0.01160	0.00700	0.00554	0.00184	0.00560	0.00528	0.00550	0.00913
49	0.00731	0.00526	0.00686	0.00812	0.00853	0.00486	0.00543	0.00823	0.01123	0.01494	0.03267	0.76569	0.06333	0.01795	0.00741	0.00237	0.00342	0.01616	0.00541	0.00483
50	0.01245	0.02561	0.58644	0.01538	0.02259	0.01367	0.01834	0.02123	0.18779	0.01978	0.01367	0.01472	0.00998	0.00620	0.00566	0.00190	0.00762	0.00487	0.00334	0.00875
51	0.01113	0.01039	0.01735	0.78142	0.03949	0.01287	0.01598	0.01484	0.01164	0.01492	0.01049	0.01568	0.00794	0.00594	0.00586	0.00197	0.00772	0.00519	0.00266	0.00652
52	0.00732	0.00523	0.00689	0.00819	0.00855	0.00485	0.00546	0.00822	0.01116	0.01491	0.03174	0.79163	0.03799	0.01807	0.00743	0.00238	0.00344	0.01631	0.00541	0.00482
53	0.01546	0.76966	0.05772	0.01025	0.01528	0.02240	0.01034	0.01737	0.01184	0.01395	0.00838	0.00975	0.00765	0.00513	0.00388	0.00131	0.00631	0.00322	0.00256	0.00755
54	0.00732	0.00523	0.00689	0.00819	0.00855	0.00485	0.00546	0.00822	0.01116	0.01491	0.03174	0.79163	0.03799	0.01807	0.00743	0.00238	0.00344	0.01631	0.00541	0.00482
55	0.01972	0.01448	0.01563	0.01262	0.01674	0.01600	0.01019	0.44421	0.27550	0.08457	0.01795	0.01720	0.01300	0.00740	0.00590	0.00186	0.00569	0.00575	0.00595	0.00965
56	0.02164	0.02740	0.01641	0.01493	0.01789	0.77221	0.01117	0.02302	0.01639	0.01431	0.00917	0.01078	0.00768	0.00611	0.00530	0.00153	0.01040	0.00379	0.00306	0.00680
57	0.02164	0.02740	0.01641	0.01493	0.01789	0.77221	0.01117	0.02302	0.01639	0.01431	0.00917	0.01078	0.00768	0.00611	0.00530	0.00153	0.01040	0.00379	0.00306	0.00680
58	0.01560	0.79853	0.03010	0.01000	0.01491	0.02275	0.00991	0.01734	0.01183	0.01377	0.00829	0.00964	0.00766	0.00511	0.00382	0.00129	0.00622	0.00317	0.00256	0.00750
59	0.00726	0.00601	0.00629	0.00629	0.00810	0.00509	0.00466	0.00872	0.01345	0.01650	0.13009	0.09334	0.64497	0.01455	0.00692	0.00200	0.00302	0.01218	0.00551	0.00505
60	0.06438	0.01493	0.01624	0.05094	0.01819	0.01649	0.01067	0.55250	0.09991	0.07369	0.01503	0.01512	0.01078	0.00704	0.00575	0.00181	0.00610	0.00531	0.00563	0.00945
61	0.02019	0.01530	0.01654	0.03964	0.01814	0.01703	0.01081	0.57818	0.16620	0.03318	0.01576	0.01569	0.01145	0.00721	0.00588	0.00183	0.00610	0.00550	0.00573	0.00963
62	0.00697	0.00498	0.00664	0.00796	0.00830	0.00465	0.00531	0.00796	0.01095	0.01460	0.03153	0.79525	0.03783	0.01792	0.00730	0.00232	0.00332	0.01626	0.00531	0.00465
63	0.01186	0.01017	0.01186	0.00847	0.01356	0.00762	0.00678	0.01440	0.01186	0.01864	0.01017	0.01186	0.00847	0.00424	0.00424	0.00085	0.00424	0.00339	0.00339	0.83395
64	0.01343	0.00701	0.00917	0.00831	0.01020	0.00730	0.00657	0.01570	0.01189	0.19483	0.01786	0.02085	0.01406	0.01964	0.27617	0.00425	0.04651	0.00569	0.30418	0.00634
65	0.04787	0.01441	0.01586	0.01299	0.04265	0.01566	0.01027	0.54059	0.07421	0.10293	0.01712	0.01671	0.04772	0.00721	0.00571	0.00175	0.00582	0.00557	0.00566	0.00930
66	0.00697	0.00498	0.00664	0.00796	0.00830	0.00465	0.00531	0.00796	0.01095	0.01460	0.03153	0.79525	0.03783	0.01792	0.00730	0.00232	0.00332	0.01626	0.00531	0.00465
67	0.64569	0.01224	0.01048	0.00886	0.01264	0.01399	0.00730	0.18913	0.01380	0.02812	0.00933	0.01034	0.00703	0.00568	0.00406	0.00176	0.00487	0.00358	0.00406	0.00703
68	0.01593	0.01746	0.03036	0.03979	0.11244	0.32296	0.01071	0.08420	0.07632	0.01767	0.01617	0.19817	0.01586	0.00887	0.00586	0.00179	0.00724	0.00726	0.00396	0.00698
69	0.00697	0.00498	0.00664	0.00796	0.00830	0.00465	0.00531	0.00796	0.01095	0.01460	0.03153	0.79525	0.03783	0.01792	0.00730	0.00232	0.00332	0.01626	0.00531	0.00465

[dist]
# distance from previous block
# <min> <max>
0	1

[block]
# block no. 2 follows, 41 sequences, length 36
# corresponding to MSA columns:
# 446-481
name=unknown_C
#
# <colnr> <probs for GDERKNQSTAVLIFYWHMCP>
#	G	D	E	R	K	N	Q	S	T	A	V	L	I	F	Y	W	H	M	C	P
0	0.01486	0.05347	0.01898	0.01616	0.05494	0.19588	0.05746	0.01655	0.01123	0.01444	0.00832	0.01209	0.00764	0.00810	0.01313	0.00209	0.46340	0.00468	0.00266	0.02391
1	0.00697	0.00498	0.00664	0.00796	0.00830	0.00465	0.00531	0.00796	0.01095	0.01460	0.03153	0.79525	0.03783	0.01792	0.00730	0.00232	0.00332	0.01626	0.00531	0.00465
2	0.01450	0.01425	0.02288	0.03413	0.72740	0.05030	0.01724	0.01781	0.01318	0.01846	0.01067	0.01397	0.00898	0.00513	0.00564	0.00169	0.00696	0.00503	0.00284	0.00894
3	0.01045	0.00729	0.00825	0.00752	0.00850	0.00749	0.00500	0.12772	0.01268	0.01717	0.14536	0.03451	0.02473	0.53512	0.02147	0.00428	0.00518	0.00816	0.00432	0.00481
4	0.00697	0.00498	0.00664	0.00796	0.00830	0.00465	0.00531	0.00796	0.01095	0.01460	0.03153	0.79525	0.03783	0.01792	0.00730	0.00232	0.00332	0.01626	0.00531	0.00465
5	0.02063	0.00929	0.01296	0.01046	0.01409	0.00838	0.04023	0.05982	0.01593	0.51767	0.07209	0.12559	0.02022	0.00906	0.00615	0.00188	0.00482	0.03578	0.00647	0.00850
6	0.00697	0.00498	0.00664	0.00796	0.00830	0.00465	0.00531	0.00796	0.01095	0.01460	0.03153	0.79525	0.03783	0.01792	0.00730	0.00232	0.00332	0.01626	0.00531	0.00465
7	0.01181	0.09864	0.70328	0.01572	0.02386	0.01412	0.02012	0.01803	0.01204	0.01770	0.01006	0.01182	0.00725	0.00539	0.00528	0.00176	0.00824	0.00412	0.00242	0.00835
8	0.83938	0.01106	0.00841	0.00752	0.01106	0.01283	0.00619	0.01681	0.00973	0.02566	0.00796	0.00929	0.00619	0.00531	0.00354	0.00177	0.00442	0.00310	0.00354	0.00619
9	0.02137	0.02726	0.01621	0.01474	0.01768	0.77602	0.01105	0.02284	0.01621	0.01400	0.00884	0.01031	0.00737	0.00589	0.00516	0.00147	0.01031	0.00368	0.00295	0.00663
10	0.01186	0.01017	0.01186	0.00847	0.01356	0.00762	0.00678	0.01440	0.01186	0.01864	0.01017	0.01186	0.00847	0.00424	0.00424	0.00085	0.00424	0.00339	0.00339	0.83395
11	0.00710	0.00509	0.00677	0.00806	0.00850	0.00477	0.00552	0.00820	0.01114	0.01477	0.03212	0.73260	0.05591	0.01771	0.00732	0.00233	0.00342	0.05866	0.00531	0.00469
12	0.01080	0.01017	0.01716	0.78523	0.03940	0.01271	0.01589	0.01461	0.01144	0.01461	0.01017	0.01525	0.00762	0.00572	0.00572	0.00191	0.00762	0.00508	0.00254	0.00635
13	0.19342	0.01189	0.01197	0.01067	0.01403	0.01363	0.00840	0.02733	0.55427	0.06247	0.01993	0.01864	0.01485	0.00719	0.00532	0.00189	0.00452	0.00570	0.00539	0.00847
14	0.00676	0.00579	0.00579	0.00579	0.00773	0.00483	0.00435	0.00821	0.01304	0.01545	0.05794	0.05505	0.76098	0.01449	0.00676	0.00193	0.00290	0.01207	0.00531	0.00483
15	0.01080	0.01017	0.01716	0.78523	0.03940	0.01271	0.01589	0.01461	0.01144	0.01461	0.01017	0.01525	0.00762	0.00572	0.00572	0.00191	0.00762	0.00508	0.00254	0.00635
16	0.01080	0.01017	0.01716	0.78523	0.03940	0.01271	0.01589	0.01461	0.01144	0.01461	0.01017	0.01525	0.00762	0.00572	0.00572	0.00191	0.00762	0.00508	0.00254	0.00635
17	0.01299	0.33689	0.47535	0.01371	0.02075	0.01700	0.01662	0.01772	0.01190	0.01626	0.00935	0.01092	0.00728	0.00522	0.00473	0.00158	0.00752	0.00376	0.00243	0.00801
18	0.00683	0.00553	0.00607	0.00650	0.00791	0.00477	0.00466	0.00813	0.01236	0.01517	0.04932	0.29661	0.52498	0.01561	0.00694	0.00206	0.00303	0.01344	0.00531	0.00477
19	0.00686	0.00539	0.00621	0.00686	0.00801	0.00474	0.00482	0.00809	0.01201	0.01503	0.04493	0.41974	0.40469	0.01618	0.00703	0.00212	0.00310	0.01414	0.00531	0.00474
20	0.01933	0.02069	0.01793	0.01498	0.01865	0.39673	0.10449	0.13669	0.14686	0.04831	0.01301	0.01379	0.00993	0.00628	0.00559	0.00166	0.00838	0.00487	0.00404	0.00780
21	0.01393	0.01336	0.02281	0.08489	0.71526	0.01353	0.01744	0.01736	0.01292	0.01842	0.01072	0.01423	0.00897	0.00514	0.00567	0.00171	0.00685	0.00510	0.00281	0.00888
22	0.83938	0.01106	0.00841	0.00752	0.01106	0.01283	0.00619	0.01681	0.00973	0.02566	0.00796	0.00929	0.00619	0.00531	0.00354	0.00177	0.00442	0.00310	0.00354	0.00619
23	0.01423	0.01229	0.01293	0.01164	0.01487	0.01423	0.00905	0.03039	0.75297	0.02393	0.02328	0.02134	0.01746	0.00776	0.00582	0.00194	0.00453	0.00647	0.00582	0.00905
24	0.12697	0.05186	0.02927	0.02066	0.02600	0.01462	0.57799	0.01853	0.04201	0.01932	0.01137	0.01452	0.00862	0.00501	0.00613	0.00187	0.00856	0.00606	0.00308	0.00754
25	0.01240	0.05634	0.65528	0.01522	0.02294	0.01294	0.01912	0.01838	0.01254	0.06789	0.04640	0.01390	0.00991	0.00582	0.00545	0.00179	0.00786	0.00457	0.00291	0.00835
26	0.00755	0.00550	0.00711	0.00740	0.00839	0.00505	0.00528	0.00947	0.01386	0.01905	0.41699	0.34477	0.09951	0.01439	0.00697	0.00202	0.00296	0.01284	0.00583	0.00505
27	0.00706	0.00504	0.00674	0.00807	0.00844	0.00472	0.00546	0.00812	0.01104	0.01470	0.03148	0.76660	0.03764	0.01784	0.00732	0.00234	0.00339	0.04404	0.00531	0.00467
28	0.01416	0.01359	0.02322	0.03511	0.76330	0.01359	0.01755	0.01755	0.01302	0.01869	0.01076	0.01416	0.00906	0.00510	0.00566	0.00170	0.00680	0.00510	0.00283	0.00906
29	0.00817	0.00613	0.00919	0.00919	0.01021	0.00715	0.00715	0.01021	0.00919	0.01328	0.01532	0.02247	0.01430	0.04290	0.77631	0.00919	0.01532	0.00613	0.00306	0.00511
30	0.00697	0.00498	0.00664	0.00796	0.00830	0.00465	0.00531	0.00796	0.01095	0.01460	0.03153	0.79525	0.03783	0.01792	0.00730	0.00232	0.00332	0.01626	0.00531	0.00465
31	0.01178	0.01091	0.01808	0.67105	0.06941	0.01315	0.04423	0.06331	0.01261	0.01636	0.01048	0.01511	0.00787	0.00573	0.00576	0.00189	0.00758	0.00515	0.00278	0.00675
32	0.19871	0.01534	0.01524	0.01200	0.01629	0.04339	0.00987	0.56137	0.02280	0.03302	0.01231	0.01265	0.00888	0.00650	0.00523	0.00172	0.00603	0.00465	0.00515	0.00885
33	0.01295	0.01235	0.02103	0.30588	0.50199	0.01327	0.01695	0.01649	0.01245	0.01722	0.01055	0.01455	0.00854	0.00532	0.00568	0.00177	0.00709	0.00509	0.00273	0.00808
34	0.00695	0.00580	0.00606	0.00600	0.00784	0.00491	0.00450	0.00858	0.01349	0.01653	0.15869	0.05328	0.65956	0.01409	0.00676	0.00191	0.00287	0.01182	0.00545	0.00491
35	0.01387	0.01386	0.02532	0.06421	0.56878	0.01375	0.17966	0.01760	0.01306	0.01843	0.01092	0.01449	0.00891	0.00506	0.00591	0.00176	0.00747	0.00547	0.00283	0.00865

[dist]
# distance from previous block
# <min> <max>
0	16

[block]
# block no. 3 follows, 41 sequences, length 41
# corresponding to MSA columns:
# 501-541
name=unknown_D
#
# <colnr> <probs for GDERKNQSTAVLIFYWHMCP>
#	G	D	E	R	K	N	Q	S	T	A	V	L	I	F	Y	W	H	M	C	P
0	0.01423	0.01229	0.01293	0.01164	0.01487	0.01423	0.00905	0.03039	0.75297	0.02393	0.02328	0.02134	0.01746	0.00776	0.00582	0.00194	0.00453	0.00647	0.00582	0.00905
1	0.02566	0.00973	0.01327	0.01018	0.01460	0.00841	0.00841	0.02788	0.01637	0.76726	0.02257	0.01947	0.01416	0.00708	0.00575	0.00177	0.00487	0.00575	0.00708	0.00973
2	0.00922	0.00658	0.00922	0.01053	0.01185	0.00658	0.00922	0.01185	0.01317	0.01712	0.03029	0.06452	0.03292	0.01580	0.00790	0.00263	0.00527	0.72480	0.00527	0.00527
3	0.01397	0.01199	0.01274	0.01158	0.01472	0.01383	0.00906	0.02944	0.71487	0.02358	0.02364	0.02356	0.01826	0.00817	0.00593	0.00198	0.00456	0.04346	0.00579	0.00886
4	0.00703	0.00500	0.00662	0.00789	0.00821	0.00468	0.00523	0.00798	0.01084	0.01445	0.03095	0.76309	0.03711	0.05106	0.00823	0.00246	0.00341	0.01592	0.00523	0.00460
5	0.01186	0.01017	0.01186	0.00847	0.01356	0.00762	0.00678	0.01440	0.01186	0.01864	0.01017	0.01186	0.00847	0.00424	0.00424	0.00085	0.00424	0.00339	0.00339	0.83395
6	0.02174	0.01602	0.01717	0.01316	0.01774	0.01774	0.01087	0.74423	0.02689	0.03605	0.01373	0.01373	0.00973	0.00687	0.00572	0.00172	0.00629	0.00515	0.00572	0.00973
7	0.01230	0.07932	0.51275	0.01803	0.02549	0.01426	0.22162	0.01810	0.01244	0.01785	0.01047	0.01281	0.00765	0.00523	0.00568	0.00180	0.00862	0.00485	0.00255	0.00817
8	0.06822	0.01368	0.01521	0.01187	0.01613	0.01457	0.00974	0.49524	0.02261	0.20811	0.01641	0.05474	0.01201	0.00739	0.00569	0.00176	0.00570	0.00574	0.00590	0.00927
9	0.01060	0.05000	0.01630	0.56125	0.07672	0.01188	0.01373	0.01390	0.01187	0.01529	0.05365	0.06323	0.06415	0.00725	0.00583	0.00188	0.00667	0.00637	0.00310	0.00632
10	0.00796	0.00584	0.00746	0.00706	0.00846	0.00534	0.00529	0.01053	0.01587	0.02218	0.68965	0.04397	0.12507	0.01197	0.00675	0.00181	0.00272	0.01052	0.00620	0.00534
11	0.02137	0.02726	0.01621	0.01474	0.01768	0.77602	0.01105	0.02284	0.01621	0.01400	0.00884	0.01031	0.00737	0.00589	0.00516	0.00147	0.01031	0.00368	0.00295	0.00663
12	0.00875	0.00684	0.00811	0.00798	0.00970	0.00668	0.00617	0.01304	0.12398	0.01998	0.33787	0.08400	0.22548	0.01268	0.00679	0.00199	0.00339	0.10502	0.00579	0.00574
13	0.01247	0.01245	0.01751	0.03447	0.01563	0.01740	0.01260	0.01379	0.00883	0.01379	0.00758	0.01258	0.00751	0.00990	0.01844	0.00249	0.76879	0.00501	0.00250	0.00626
14	0.02398	0.05342	0.01464	0.01096	0.01514	0.12546	0.00895	0.04062	0.04345	0.57305	0.01959	0.01751	0.01282	0.00681	0.00556	0.00170	0.00577	0.00532	0.00614	0.00912
15	0.00688	0.00574	0.00602	0.00622	0.00795	0.00488	0.00464	0.00833	0.01282	0.01543	0.05399	0.13538	0.65400	0.01491	0.00686	0.00200	0.00304	0.04078	0.00531	0.00483
16	0.01125	0.00961	0.01315	0.01435	0.15325	0.00971	0.05048	0.01743	0.20893	0.03778	0.19288	0.04746	0.19066	0.00967	0.00629	0.00186	0.00445	0.00853	0.00510	0.00714
17	0.01509	0.01209	0.01296	0.01153	0.01485	0.01379	0.00900	0.03020	0.69729	0.08011	0.02323	0.02120	0.01721	0.00771	0.00582	0.00193	0.00455	0.00641	0.00592	0.00911
18	0.00724	0.00534	0.00737	0.06195	0.01046	0.00521	0.00604	0.00843	0.01098	0.01460	0.03004	0.74107	0.03573	0.01707	0.00719	0.00229	0.00362	0.01548	0.00512	0.00476
19	0.01416	0.01359	0.02322	0.03511	0.76330	0.01359	0.01755	0.01755	0.01302	0.01869	0.01076	0.01416	0.00906	0.00510	0.00566	0.00170	0.00680	0.00510	0.00283	0.00906
20	0.00962	0.00924	0.06135	0.00896	0.01136	0.00819	0.00740	0.04186	0.18775	0.01833	0.03721	0.20500	0.29937	0.01282	0.00660	0.00205	0.00404	0.05735	0.00524	0.00625
21	0.00697	0.00498	0.00664	0.00796	0.00830	0.00465	0.00531	0.00796	0.01095	0.01460	0.03153	0.79525	0.03783	0.01792	0.00730	0.00232	0.00332	0.01626	0.00531	0.00465
22	0.01546	0.57948	0.17435	0.01111	0.01666	0.01952	0.01190	0.01828	0.01213	0.08140	0.00971	0.01066	0.00793	0.00519	0.00420	0.00139	0.00647	0.00353	0.00285	0.00777
23	0.00818	0.00608	0.00892	0.00892	0.00985	0.00700	0.00682	0.01004	0.00911	0.01308	0.01557	0.02383	0.01489	0.11156	0.70846	0.00886	0.01443	0.00633	0.00310	0.00496
24	0.02117	0.01547	0.01655	0.01275	0.01716	0.01709	0.01051	0.70619	0.02612	0.03528	0.01399	0.01413	0.00998	0.00686	0.00563	0.00170	0.00611	0.00516	0.04866	0.00950
25	0.03032	0.51353	0.24864	0.01196	0.01778	0.06232	0.01316	0.01774	0.01198	0.01511	0.00869	0.01010	0.00729	0.00512	0.00428	0.00142	0.00702	0.00344	0.00249	0.00761
26	0.01397	0.01340	0.02287	0.07785	0.72205	0.01354	0.01746	0.01739	0.01293	0.01845	0.01073	0.01422	0.00898	0.00513	0.00567	0.00171	0.00684	0.00510	0.00281	0.00891
27	0.01353	0.01536	0.03333	0.02454	0.05897	0.01443	0.71379	0.01829	0.01348	0.01834	0.01154	0.01538	0.00869	0.00483	0.00671	0.00192	0.00953	0.00668	0.00289	0.00777
28	0.02117	0.04431	0.01408	0.01105	0.02827	0.01102	0.00882	0.06804	0.20643	0.46000	0.04966	0.01998	0.01590	0.00729	0.00572	0.00179	0.00487	0.00595	0.00637	0.00928
29	0.05874	0.01254	0.05646	0.01274	0.06691	0.01233	0.00985	0.06300	0.36749	0.16903	0.06166	0.01977	0.01638	0.00722	0.00564	0.00181	0.00495	0.00596	0.00547	0.04205
30	0.01165	0.03843	0.01032	0.02455	0.01141	0.05205	0.00697	0.14616	0.01481	0.03403	0.08935	0.40699	0.02813	0.03208	0.00695	0.00207	0.00444	0.01109	0.06250	0.00601
31	0.00684	0.00580	0.00590	0.00587	0.00777	0.00486	0.00441	0.00836	0.01322	0.01588	0.09771	0.05435	0.72095	0.01433	0.00676	0.00192	0.00289	0.01197	0.00537	0.00486
32	0.01186	0.01017	0.01186	0.00847	0.01356	0.00762	0.00678	0.01440	0.01186	0.01864	0.01017	0.01186	0.00847	0.00424	0.00424	0.00085	0.00424	0.00339	0.00339	0.83395
33	0.01490	0.72241	0.10652	0.01046	0.01572	0.02166	0.01096	0.01723	0.01167	0.01394	0.00819	0.00948	0.00733	0.00495	0.00385	0.00128	0.00636	0.00318	0.00244	0.00746
34	0.01282	0.12823	0.59222	0.01558	0.02321	0.01431	0.05984	0.01851	0.01232	0.05651	0.01068	0.01227	0.00770	0.00541	0.00530	0.00174	0.00803	0.00430	0.00269	0.00833
35	0.00793	0.00575	0.00748	0.00725	0.00850	0.00530	0.00536	0.01041	0.01552	0.02181	0.66025	0.12764	0.07039	0.01247	0.00681	0.00186	0.00277	0.01105	0.00616	0.00530
36	0.00838	0.00550	0.00621	0.00627	0.00637	0.00549	0.00359	0.00859	0.00866	0.01185	0.01875	0.07520	0.02132	0.71396	0.02657	0.00514	0.00527	0.00855	0.05070	0.00363
37	0.01681	0.61057	0.02661	0.01095	0.01542	0.17965	0.01009	0.04616	0.01316	0.01444	0.00836	0.00959	0.00744	0.00518	0.00406	0.00129	0.00700	0.00327	0.00268	0.00728
38	0.02487	0.00991	0.01325	0.01028	0.01462	0.00881	0.00845	0.02805	0.06754	0.71563	0.02262	0.01960	0.01439	0.00713	0.00576	0.00178	0.00484	0.00580	0.00699	0.00969
39	0.01220	0.00728	0.00921	0.00817	0.01037	0.00687	0.00632	0.01609	0.09070	0.17334	0.49533	0.03657	0.08336	0.01052	0.00645	0.00182	0.00333	0.00912	0.00635	0.00661
40	0.20631	0.09055	0.01876	0.05136	0.37818	0.01374	0.01278	0.01883	0.04011	0.10102	0.01156	0.01342	0.00904	0.00546	0.00499	0.00169	0.00592	0.00455	0.00352	0.00820

[dist]
# distance from previous block
# <min> <max>
0	1

[block]
# block no. 4 follows, 41 sequences, length 56
# corresponding to MSA columns:
# 543-598
name=unknown_E
#
# <colnr> <probs for GDERKNQSTAVLIFYWHMCP>
#	G	D	E	R	K	N	Q	S	T	A	V	L	I	F	Y	W	H	M	C	P
0	0.01845	0.02209	0.01932	0.01614	0.01958	0.49044	0.16225	0.04980	0.05237	0.01621	0.01068	0.01282	0.00865	0.00808	0.05167	0.00208	0.02449	0.00469	0.00319	0.00700
1	0.06916	0.00832	0.00894	0.00769	0.01063	0.00765	0.00596	0.05647	0.06649	0.06208	0.06689	0.05091	0.33803	0.04128	0.00673	0.00182	0.00381	0.00837	0.00493	0.17382
2	0.00725	0.00576	0.00650	0.00642	0.00805	0.00502	0.00478	0.00911	0.01403	0.01806	0.30540	0.09471	0.46727	0.01370	0.00679	0.00191	0.00285	0.01171	0.00566	0.00502
3	0.01596	0.01199	0.01302	0.01137	0.01480	0.01340	0.00894	0.07189	0.59171	0.12187	0.02362	0.02162	0.03814	0.00781	0.00583	0.00190	0.00463	0.00646	0.00596	0.00906
4	0.01938	0.01567	0.01578	0.01280	0.01684	0.07120	0.01032	0.47062	0.25163	0.03070	0.01635	0.01585	0.01196	0.00707	0.00571	0.00177	0.00603	0.00545	0.00555	0.00930
5	0.00768	0.00584	0.00707	0.00680	0.00834	0.00523	0.00513	0.00997	0.01510	0.02037	0.51565	0.04720	0.28525	0.01269	0.00677	0.00186	0.00281	0.02507	0.00595	0.00521
6	0.02137	0.02726	0.01621	0.01474	0.01768	0.77602	0.01105	0.02284	0.01621	0.01400	0.00884	0.01031	0.00737	0.00589	0.00516	0.00147	0.01031	0.00368	0.00295	0.00663
7	0.00824	0.00551	0.00626	0.00634	0.00636	0.00549	0.00358	0.00830	0.00847	0.01130	0.01883	0.08251	0.02181	0.75252	0.02782	0.00535	0.00541	0.00879	0.00358	0.00354
8	0.02142	0.01586	0.01699	0.01310	0.01762	0.01759	0.01079	0.71377	0.05788	0.03553	0.01414	0.01406	0.01006	0.00690	0.00573	0.00173	0.00622	0.00521	0.00573	0.00970
9	0.01396	0.01339	0.02287	0.07831	0.72161	0.01354	0.01746	0.01738	0.01293	0.01845	0.01072	0.01422	0.00898	0.00513	0.00567	0.00171	0.00684	0.00510	0.00281	0.00890
10	0.02137	0.02726	0.01621	0.01474	0.01768	0.77602	0.01105	0.02284	0.01621	0.01400	0.00884	0.01031	0.00737	0.00589	0.00516	0.00147	0.01031	0.00368	0.00295	0.00663
11	0.01335	0.01568	0.05811	0.02307	0.02846	0.01468	0.65587	0.01793	0.01305	0.01793	0.01118	0.01507	0.00853	0.00528	0.00772	0.00197	0.07515	0.00652	0.00284	0.00762
12	0.00696	0.00500	0.00662	0.00792	0.00828	0.00465	0.00529	0.00797	0.01100	0.01462	0.03211	0.77876	0.05394	0.01784	0.00729	0.00231	0.00331	0.01617	0.00531	0.00465
13	0.03050	0.01057	0.01013	0.00927	0.01169	0.06525	0.00716	0.04297	0.34550	0.02236	0.01949	0.01993	0.01496	0.00713	0.00518	0.00165	0.01704	0.00567	0.34629	0.00726
14	0.01520	0.04028	0.52106	0.01469	0.02182	0.01330	0.01730	0.11409	0.02935	0.13980	0.01288	0.01359	0.00887	0.00592	0.00549	0.00178	0.00748	0.00461	0.00366	0.00881
15	0.00723	0.00578	0.00635	0.00625	0.00788	0.00503	0.00461	0.00893	0.01361	0.01728	0.25153	0.06526	0.50631	0.05895	0.00805	0.00211	0.00300	0.01146	0.00548	0.00491
16	0.01186	0.01017	0.01186	0.00847	0.01356	0.00762	0.00678	0.01440	0.01186	0.01864	0.01017	0.01186	0.00847	0.00424	0.00424	0.00085	0.00424	0.00339	0.00339	0.83395
17	0.01477	0.01203	0.01940	0.02280	0.35846	0.01164	0.08047	0.01768	0.01290	0.12315	0.01335	0.05947	0.01118	0.00629	0.00656	0.00167	0.06237	0.00567	0.00365	0.15649
18	0.01206	0.01103	0.01789	0.77070	0.03976	0.01334	0.01624	0.01546	0.01222	0.01580	0.01141	0.01691	0.00882	0.00654	0.00624	0.00213	0.00799	0.00548	0.00298	0.00700
19	0.00844	0.00669	0.00733	0.00769	0.00933	0.00580	0.00571	0.00958	0.01341	0.01666	0.04991	0.19572	0.52274	0.01594	0.00750	0.00231	0.00373	0.10029	0.00569	0.00552
20	0.00979	0.00700	0.00855	0.00827	0.00982	0.00638	0.00609	0.01211	0.03714	0.04298	0.50508	0.13265	0.14677	0.01337	0.00729	0.00213	0.00344	0.02862	0.00639	0.00612
21	0.01299	0.08566	0.70198	0.01653	0.02469	0.01458	0.02057	0.01882	0.01281	0.01889	0.01134	0.01359	0.00846	0.00623	0.00584	0.00200	0.00864	0.00455	0.00286	0.00897
22	0.00852	0.00608	0.00772	0.00889	0.00939	0.00561	0.00602	0.00921	0.01173	0.01573	0.03147	0.69009	0.03711	0.06460	0.00912	0.00275	0.00403	0.06106	0.00558	0.00529
23	0.01565	0.01447	0.02368	0.07644	0.61164	0.01450	0.06022	0.06948	0.01469	0.02076	0.01222	0.01594	0.01017	0.00608	0.00626	0.00195	0.00736	0.00559	0.00345	0.00946
24	0.01629	0.18129	0.43341	0.01464	0.02142	0.01575	0.01647	0.10459	0.01497	0.10519	0.01284	0.01425	0.00954	0.00651	0.00568	0.00190	0.00768	0.00468	0.00378	0.00912
25	0.01505	0.01146	0.01314	0.01232	0.01508	0.01224	0.01009	0.20556	0.21483	0.02492	0.02502	0.04065	0.02354	0.01199	0.00727	0.00242	0.00575	0.33467	0.00592	0.00808
26	0.00908	0.00657	0.00827	0.00824	0.00944	0.00596	0.00592	0.01092	0.01544	0.02161	0.54072	0.23923	0.06719	0.01408	0.00739	0.00216	0.00333	0.01221	0.00638	0.00585
27	0.02041	0.01402	0.01516	0.01220	0.01606	0.01494	0.00977	0.50945	0.04460	0.08573	0.01747	0.05631	0.01359	0.00823	0.00607	0.00193	0.00583	0.00621	0.13269	0.00936
28	0.01590	0.67344	0.13966	0.01158	0.01703	0.02169	0.01194	0.01807	0.01246	0.01535	0.00958	0.01138	0.00853	0.00581	0.00449	0.00155	0.00686	0.00366	0.00288	0.00813
29	0.00899	0.00672	0.00803	0.00778	0.00930	0.00598	0.00569	0.01087	0.01571	0.02148	0.51840	0.10002	0.23114	0.01354	0.00729	0.00210	0.00326	0.01149	0.00634	0.00586
30	0.02213	0.06427	0.01761	0.01523	0.01834	0.72606	0.01145	0.02326	0.01668	0.01517	0.01007	0.01202	0.00857	0.00667	0.00562	0.00169	0.01043	0.00408	0.00335	0.00730
31	0.00840	0.00598	0.00755	0.00871	0.00913	0.00550	0.00575	0.00897	0.01155	0.01553	0.03139	0.72745	0.03721	0.07416	0.00935	0.00277	0.00393	0.01587	0.00556	0.00524
32	0.28055	0.01439	0.01464	0.01176	0.01603	0.01551	0.00954	0.40860	0.02060	0.12861	0.01424	0.01477	0.01035	0.00721	0.00556	0.00197	0.00592	0.00497	0.00559	0.00919
33	0.00962	0.00651	0.00726	0.00720	0.00735	0.00635	0.00415	0.00933	0.00918	0.01239	0.01905	0.03833	0.02159	0.76783	0.04524	0.00578	0.00617	0.00860	0.00388	0.00420
34	0.02241	0.02778	0.01697	0.01547	0.01848	0.76152	0.01151	0.02352	0.01689	0.01519	0.01011	0.01207	0.00857	0.00672	0.00569	0.00171	0.01063	0.00410	0.00338	0.00727
35	0.01467	0.01369	0.02261	0.18744	0.60264	0.01403	0.01754	0.01775	0.01345	0.01896	0.01187	0.01606	0.00994	0.00606	0.00620	0.00197	0.00735	0.00549	0.00320	0.00910
36	0.00831	0.00601	0.00752	0.00865	0.00920	0.00547	0.00578	0.00897	0.01184	0.01578	0.03393	0.71635	0.08816	0.03257	0.00816	0.00257	0.00378	0.01600	0.00566	0.00531
37	0.01982	0.01497	0.01592	0.01289	0.01689	0.01629	0.01027	0.51236	0.17242	0.03210	0.01963	0.02039	0.05737	0.04116	0.00730	0.00216	0.00610	0.00635	0.00600	0.00962
38	0.01443	0.01004	0.01082	0.00960	0.01163	0.01049	0.00699	0.23354	0.06931	0.02316	0.01962	0.09961	0.01856	0.25552	0.01335	0.00313	0.00532	0.00772	0.17021	0.00694
39	0.00913	0.00667	0.00709	0.00694	0.00871	0.00584	0.00511	0.01073	0.01431	0.01943	0.21139	0.04678	0.44588	0.01303	0.00674	0.00201	0.00327	0.01067	0.16053	0.00572
40	0.02207	0.01635	0.01752	0.01359	0.01823	0.01754	0.01104	0.67811	0.02628	0.03555	0.01465	0.01529	0.01079	0.00748	0.00614	0.00188	0.00654	0.00542	0.00593	0.06960
41	0.01247	0.00784	0.00998	0.00961	0.01139	0.00714	0.00697	0.01359	0.01284	0.14613	0.04938	0.48380	0.02953	0.01427	0.00769	0.00224	0.04341	0.01221	0.00564	0.11388
42	0.06341	0.24107	0.47721	0.01463	0.02155	0.04651	0.01699	0.01873	0.01274	0.01823	0.01068	0.01277	0.00842	0.00613	0.00536	0.00186	0.00800	0.00423	0.00295	0.00854
43	0.00845	0.00616	0.00750	0.00834	0.00907	0.00558	0.00561	0.00920	0.01222	0.01624	0.08663	0.56598	0.14373	0.07375	0.00924	0.00268	0.00383	0.01483	0.00563	0.00532
44	0.01224	0.00660	0.00665	0.00648	0.00800	0.00647	0.00479	0.03537	0.01319	0.02280	0.01959	0.02264	0.01557	0.00748	0.00461	0.00158	0.00324	0.00571	0.79087	0.00612
45	0.01280	0.00976	0.01292	0.01427	0.11034	0.01000	0.01013	0.05739	0.07219	0.05231	0.11435	0.08010	0.07144	0.01265	0.00826	0.00241	0.06167	0.27440	0.00541	0.00719
46	0.00840	0.00598	0.00755	0.00871	0.00914	0.00550	0.00575	0.00897	0.01155	0.01553	0.03140	0.72800	0.03723	0.07360	0.00933	0.00277	0.00393	0.01587	0.00556	0.00524
47	0.01304	0.01314	0.02516	0.02055	0.07650	0.01282	0.42450	0.01614	0.01300	0.01799	0.01619	0.14939	0.01530	0.01212	0.08584	0.00298	0.06570	0.00841	0.00372	0.00754
48	0.01504	0.01472	0.02631	0.06370	0.52916	0.01439	0.20576	0.01842	0.01383	0.01952	0.01218	0.01621	0.01007	0.00589	0.00647	0.00200	0.00795	0.00592	0.00327	0.00919
49	0.00830	0.00594	0.00758	0.00883	0.00928	0.00544	0.00588	0.00894	0.01174	0.01578	0.03235	0.78145	0.03843	0.01850	0.00779	0.00254	0.00377	0.01643	0.00569	0.00532
50	0.01471	0.01194	0.01293	0.01198	0.01498	0.01317	0.00935	0.02727	0.58115	0.04471	0.02672	0.03042	0.05230	0.00996	0.00668	0.00226	0.00500	0.10940	0.00613	0.00894
51	0.01178	0.01016	0.01381	0.01208	0.01255	0.01214	0.05203	0.01229	0.00966	0.01395	0.01409	0.02634	0.01514	0.38846	0.02328	0.00414	0.35193	0.00709	0.00343	0.00565
52	0.00841	0.00626	0.00755	0.00846	0.00939	0.00562	0.00591	0.00928	0.01243	0.01618	0.03897	0.54203	0.22163	0.01748	0.00770	0.00246	0.00380	0.06535	0.00569	0.00541
53	0.01646	0.78758	0.03046	0.01062	0.01554	0.02307	0.01027	0.01793	0.01240	0.01466	0.00924	0.01095	0.00854	0.00574	0.00423	0.00146	0.00652	0.00349	0.00289	0.00796
54	0.00842	0.00612	0.00764	0.00868	0.00937	0.00556	0.00594	0.00924	0.01226	0.01631	0.06521	0.64636	0.11224	0.01781	0.00774	0.00249	0.00378	0.04369	0.00573	0.00540
55	0.01310	0.01174	0.01850	0.75868	0.04007	0.01386	0.01654	0.01616	0.01286	0.01677	0.01244	0.01828	0.00981	0.00723	0.00667	0.00232	0.00830	0.00580	0.00334	0.00753

[dist]
# distance from previous block
# <min> <max>
5	8

[block]
# block no. 5 follows, 41 sequences, length 74
# corresponding to MSA columns:
# 607-680
name=unknown_F
#
# <colnr> <probs for GDERKNQSTAVLIFYWHMCP>
#	G	D	E	R	K	N	Q	S	T	A	V	L	I	F	Y	W	H	M	C	P
0	0.01549	0.07690	0.40697	0.01462	0.02085	0.01459	0.01598	0.20601	0.01661	0.04881	0.01457	0.06419	0.01205	0.00769	0.00603	0.00199	0.00744	0.03627	0.00408	0.00885
1	0.01278	0.07408	0.65522	0.01654	0.02418	0.01460	0.03325	0.01841	0.01248	0.01846	0.01097	0.01335	0.00824	0.00633	0.00659	0.00200	0.05646	0.00458	0.00278	0.00871
2	0.00996	0.00714	0.00960	0.01083	0.01214	0.00695	0.00912	0.01210	0.01353	0.01773	0.03157	0.13904	0.04690	0.01649	0.00820	0.00276	0.00536	0.62929	0.00558	0.00572
3	0.06251	0.02354	0.44795	0.02030	0.15341	0.01424	0.10171	0.06794	0.01388	0.02078	0.01158	0.01413	0.00878	0.00605	0.00595	0.00197	0.00820	0.00499	0.00318	0.00890
4	0.05664	0.01563	0.01516	0.01241	0.01631	0.13445	0.00985	0.35007	0.02091	0.19092	0.01916	0.05614	0.05853	0.00833	0.00610	0.00191	0.00650	0.00624	0.00574	0.00899
5	0.00810	0.00586	0.00744	0.00862	0.00919	0.00536	0.00586	0.00891	0.01179	0.01569	0.03374	0.70842	0.08245	0.01808	0.00768	0.00248	0.00373	0.04575	0.00561	0.00522
6	0.04723	0.01193	0.03816	0.01221	0.07827	0.04978	0.00884	0.09014	0.16011	0.02218	0.14369	0.03121	0.21154	0.00991	0.00636	0.00195	0.00495	0.00800	0.00528	0.05826
7	0.02729	0.01201	0.01945	0.39967	0.33915	0.01314	0.01594	0.01616	0.01249	0.01722	0.01184	0.01736	0.00995	0.05476	0.00751	0.00222	0.00739	0.00556	0.00308	0.00781
8	0.00802	0.00574	0.00738	0.00865	0.00907	0.00527	0.00576	0.00874	0.01157	0.01553	0.03217	0.78435	0.03830	0.01838	0.00769	0.00249	0.00368	0.01640	0.00561	0.00518
9	0.01426	0.01470	0.02875	0.22153	0.03206	0.01468	0.49785	0.06249	0.01437	0.01932	0.01230	0.01659	0.00940	0.00585	0.00682	0.00209	0.00917	0.00650	0.00332	0.00797
10	0.01569	0.01224	0.01317	0.01156	0.01468	0.01336	0.00903	0.21961	0.35421	0.02661	0.06817	0.07239	0.05079	0.00954	0.00638	0.00207	0.00502	0.03640	0.05042	0.00868
