[name]
unknown

[dist]
# distance from previous block
# <min> <max>
0	43

[block]
# block no. 0 follows, 40 sequences, length 54
# corresponding to MSA columns:
# 47-100
name=unknown_A
#
# <colnr> <probs for GDERKNQSTAVLIFYWHMCP>
#	G	D	E	R	K	N	Q	S	T	A	V	L	I	F	Y	W	H	M	C	P
0	0.01926	0.01545	0.01916	0.04019	0.22483	0.03200	0.02181	0.47932	0.02229	0.03003	0.01329	0.01527	0.01013	0.00662	0.00585	0.00176	0.00668	0.02185	0.00481	0.00941
1	0.01394	0.01214	0.00915	0.00870	0.01060	0.22005	0.00652	0.01722	0.06735	0.01942	0.01724	0.06060	0.01433	0.00726	0.00471	0.00150	0.00506	0.00564	0.49254	0.00603
2	0.09258	0.01701	0.01787	0.01543	0.07246	0.12678	0.06304	0.41667	0.07320	0.02899	0.01302	0.01376	0.00965	0.00648	0.00561	0.00174	0.00698	0.00504	0.00480	0.00887
3	0.04462	0.01117	0.01874	0.59174	0.14969	0.01322	0.04537	0.01555	0.01185	0.01609	0.01035	0.01505	0.00796	0.00573	0.00598	0.00191	0.02021	0.00516	0.00268	0.00694
4	0.50513	0.01091	0.01075	0.05096	0.01411	0.01189	0.00768	0.02112	0.06606	0.23110	0.01350	0.01356	0.00948	0.00611	0.00452	0.00182	0.00481	0.00426	0.00472	0.00752
5	0.01727	0.00941	0.01140	0.00957	0.01258	0.00908	0.00740	0.12839	0.06437	0.29511	0.03953	0.13152	0.07328	0.11994	0.00943	0.00239	0.00481	0.00812	0.00584	0.04057
6	0.01102	0.00799	0.01135	0.01416	0.16730	0.00776	0.00848	0.01377	0.06306	0.08726	0.04447	0.39647	0.07646	0.04497	0.00768	0.00225	0.00442	0.01966	0.00502	0.00645
7	0.00806	0.00597	0.00811	0.00811	0.00928	0.00620	0.00613	0.00972	0.01123	0.01531	0.14060	0.07453	0.17590	0.02957	0.39749	0.06649	0.00952	0.00863	0.00418	0.00496
8	0.01808	0.01198	0.01348	0.01151	0.01520	0.01303	0.00912	0.06890	0.50775	0.22860	0.02294	0.02075	0.01640	0.00765	0.00589	0.00191	0.00480	0.00630	0.00626	0.00943
9	0.54093	0.01037	0.00960	0.00823	0.01178	0.01119	0.00672	0.03349	0.01241	0.18089	0.08122	0.01666	0.04246	0.00677	0.00454	0.00181	0.00441	0.00479	0.00473	0.00700
10	0.00776	0.00539	0.00669	0.00730	0.00761	0.00517	0.00465	0.00854	0.01060	0.01427	0.10098	0.40903	0.03312	0.33297	0.01636	0.00364	0.00423	0.01264	0.00474	0.00432
11	0.01933	0.01491	0.01589	0.01282	0.01698	0.01674	0.01038	0.48221	0.28962	0.03217	0.01749	0.01677	0.01275	0.00731	0.00585	0.00183	0.00575	0.00572	0.00585	0.00964
12	0.00915	0.00726	0.00839	0.00794	0.00981	0.00718	0.00599	0.01436	0.16807	0.02130	0.40183	0.07190	0.22053	0.01201	0.00669	0.00191	0.00321	0.01037	0.00601	0.00609
13	0.00717	0.00516	0.00666	0.00781	0.00824	0.00480	0.00519	0.00814	0.01109	0.01464	0.03297	0.68393	0.08859	0.07497	0.00901	0.00257	0.00351	0.01563	0.00526	0.00465
14	0.01397	0.00724	0.00966	0.00842	0.01079	0.00651	0.00662	0.01656	0.01639	0.25916	0.49281	0.03680	0.04109	0.01056	0.00658	0.00185	0.00355	0.03793	0.00661	0.00689
15	0.02079	0.00925	0.01148	0.00927	0.01283	0.00871	0.00751	0.07214	0.06493	0.45836	0.02128	0.02006	0.01446	0.00711	0.00535	0.00168	0.00440	0.00574	0.23605	0.00860
16	0.00718	0.00514	0.00683	0.00803	0.00846	0.00479	0.00541	0.00834	0.01158	0.01556	0.09321	0.72864	0.03985	0.01768	0.00737	0.00232	0.00332	0.01602	0.00548	0.00479
17	0.00709	0.00506	0.00675	0.00810	0.00843	0.00472	0.00540	0.00810	0.01113	0.01484	0.03205	0.79184	0.03846	0.01822	0.00742	0.00236	0.00337	0.01653	0.00540	0.00472
18	0.00720	0.00542	0.00667	0.00737	0.00831	0.00489	0.00514	0.00860	0.01253	0.01638	0.14988	0.47487	0.23904	0.01629	0.00718	0.00217	0.00316	0.01444	0.00555	0.00489
19	0.02570	0.00981	0.01337	0.01028	0.01471	0.00848	0.00848	0.02796	0.01664	0.74714	0.03904	0.02031	0.01528	0.00730	0.00587	0.00180	0.00490	0.00595	0.00718	0.00980
20	0.66696	0.01230	0.01040	0.00884	0.01266	0.01408	0.00729	0.16773	0.01353	0.02829	0.00932	0.01039	0.00705	0.00573	0.00406	0.00179	0.00489	0.00358	0.00406	0.00705
21	0.01373	0.01569	0.03431	0.02451	0.03039	0.01471	0.73824	0.01863	0.01373	0.01863	0.01176	0.01569	0.00882	0.00490	0.00686	0.00196	0.00980	0.00686	0.00294	0.00784
22	0.02237	0.00907	0.01230	0.00971	0.01356	0.00791	0.00791	0.02472	0.01661	0.60917	0.17576	0.02472	0.02283	0.00817	0.00606	0.00181	0.00449	0.00682	0.00703	0.00898
23	0.01117	0.00834	0.00958	0.00892	0.01075	0.00883	0.00654	0.01814	0.27868	0.05071	0.25711	0.08641	0.03164	0.17402	0.01126	0.00271	0.00415	0.00890	0.00559	0.00654
24	0.01403	0.01200	0.01283	0.01174	0.01486	0.01381	0.00922	0.02931	0.68674	0.02374	0.02427	0.02540	0.01908	0.00858	0.00610	0.00203	0.00467	0.06684	0.00587	0.00888
25	0.02104	0.00880	0.01174	0.00938	0.01307	0.00765	0.00760	0.02330	0.01629	0.55865	0.15864	0.02751	0.09247	0.00876	0.00613	0.00182	0.00436	0.00730	0.00688	0.00863
26	0.00833	0.00615	0.00893	0.00893	0.00982	0.00704	0.00675	0.01012	0.00922	0.01319	0.01596	0.02495	0.01545	0.14787	0.66958	0.00883	0.01420	0.00654	0.00317	0.00496
27	0.00904	0.00640	0.00781	0.00800	0.00864	0.00666	0.00560	0.01098	0.05997	0.01373	0.02098	0.04090	0.02271	0.48601	0.11385	0.00521	0.00672	0.15827	0.00402	0.00450
28	0.00770	0.00562	0.00724	0.00748	0.00853	0.00516	0.00536	0.00971	0.01427	0.01962	0.43608	0.31453	0.10824	0.01441	0.00706	0.00203	0.00299	0.01284	0.00595	0.00516
29	0.00897	0.00654	0.00890	0.00898	0.00995	0.00725	0.00673	0.01159	0.07195	0.01421	0.01854	0.08078	0.01854	0.15061	0.43206	0.06525	0.01079	0.05958	0.00369	0.00507
30	0.07266	0.12518	0.02970	0.01990	0.02501	0.01619	0.48612	0.06710	0.01379	0.01938	0.01086	0.01404	0.00845	0.00544	0.00694	0.00187	0.06072	0.00584	0.00309	0.00772
31	0.01359	0.01528	0.03207	0.02325	0.02834	0.01513	0.63961	0.01800	0.01307	0.01800	0.01120	0.01528	0.00866	0.00562	0.00852	0.00204	0.11518	0.00662	0.00289	0.00764
32	0.01563	0.01688	0.02692	0.02640	0.28472	0.12939	0.33450	0.05842	0.01472	0.01908	0.01117	0.01435	0.00882	0.00528	0.00617	0.00180	0.00870	0.00571	0.00308	0.00827
33	0.43946	0.02448	0.06860	0.01414	0.01891	0.01416	0.24125	0.07872	0.01278	0.02393	0.00992	0.01201	0.00749	0.00538	0.00496	0.00184	0.00665	0.00459	0.00349	0.00726
34	0.01239	0.01269	0.02368	0.37927	0.09480	0.01414	0.25874	0.01628	0.01217	0.01638	0.01057	0.01516	0.00822	0.00594	0.00763	0.00199	0.09435	0.00573	0.00272	0.00715
35	0.00698	0.00558	0.00626	0.00676	0.00809	0.00485	0.00481	0.00831	0.01253	0.01556	0.06498	0.33403	0.46886	0.01598	0.00708	0.00211	0.00310	0.01384	0.00542	0.00485
36	0.01569	0.33057	0.02347	0.01330	0.01684	0.10264	0.07213	0.05878	0.11624	0.01697	0.01091	0.01269	0.00919	0.00668	0.00778	0.00173	0.16906	0.00451	0.00326	0.00756
37	0.01631	0.01370	0.02055	0.02740	0.49748	0.01413	0.01501	0.12179	0.11944	0.07485	0.01401	0.01575	0.01088	0.00596	0.00579	0.00177	0.00637	0.00543	0.00403	0.00935
38	0.00709	0.00506	0.00675	0.00810	0.00843	0.00472	0.00540	0.00810	0.01113	0.01484	0.03205	0.79184	0.03846	0.01822	0.00742	0.00236	0.00337	0.01653	0.00540	0.00472
39	0.01459	0.08100	0.07439	0.01474	0.01915	0.01522	0.16221	0.07343	0.41388	0.02247	0.01842	0.01921	0.01410	0.00698	0.00594	0.00190	0.00625	0.02269	0.00473	0.00869
40	0.01205	0.01077	0.01778	0.01982	0.26049	0.01054	0.12552	0.06579	0.01536	0.02147	0.29012	0.05738	0.03881	0.01995	0.00678	0.00189	0.00556	0.00804	0.00455	0.00733
41	0.07376	0.12390	0.01610	0.01203	0.01528	0.13613	0.00968	0.02560	0.42388	0.02061	0.01690	0.01668	0.01314	0.00718	0.00631	0.00183	0.06298	0.00529	0.00457	0.00816
42	0.02009	0.01525	0.01763	0.01374	0.01820	0.01674	0.06199	0.51923	0.17344	0.05824	0.01610	0.01587	0.01158	0.00703	0.00591	0.00181	0.00622	0.00565	0.00568	0.00961
43	0.01418	0.07112	0.13099	0.05348	0.14210	0.06906	0.34471	0.01939	0.06276	0.01823	0.01174	0.01460	0.00905	0.00535	0.00607	0.00183	0.00855	0.00567	0.00302	0.00809
44	0.02845	0.05150	0.06794	0.17624	0.09205	0.31631	0.01341	0.03178	0.07018	0.01636	0.01059	0.01306	0.00852	0.00631	0.00657	0.00176	0.07408	0.00453	0.00308	0.00727
45	0.00740	0.00528	0.00711	0.00845	0.00893	0.00499	0.00594	0.00864	0.01144	0.01519	0.03188	0.69245	0.03778	0.01792	0.00751	0.00240	0.00364	0.11283	0.00539	0.00481
46	0.07369	0.01692	0.08165	0.02346	0.16718	0.06609	0.39523	0.06831	0.01438	0.02016	0.01121	0.01427	0.00859	0.00525	0.00614	0.00185	0.00859	0.00576	0.00314	0.00812
47	0.00995	0.00723	0.01074	0.01401	0.16536	0.00689	0.00821	0.01156	0.01196	0.06862	0.02701	0.57526	0.03067	0.01472	0.00696	0.00219	0.00422	0.01341	0.00500	0.00602
48	0.01253	0.02442	0.49532	0.01950	0.08752	0.01385	0.16963	0.01933	0.06667	0.01894	0.01173	0.01386	0.00859	0.00554	0.00585	0.00187	0.00841	0.00507	0.00285	0.00853
49	0.01638	0.08111	0.01464	0.01200	0.02484	0.20190	0.00928	0.20319	0.01713	0.05095	0.01883	0.23708	0.01898	0.01036	0.00611	0.00188	0.00642	0.05712	0.00470	0.00711
50	0.00971	0.00779	0.00960	0.06605	0.01304	0.00831	0.00769	0.01548	0.21747	0.01788	0.02976	0.37737	0.07801	0.01392	0.00693	0.00224	0.00426	0.10297	0.00533	0.00619
51	0.01214	0.01038	0.01775	0.50632	0.06232	0.01185	0.08289	0.01580	0.01251	0.06602	0.01457	0.02367	0.01242	0.00741	0.00626	0.00204	0.00735	0.11819	0.00338	0.00676
52	0.01299	0.00997	0.01508	0.09088	0.23595	0.01021	0.01230	0.06463	0.01457	0.07271	0.07122	0.03741	0.02237	0.01034	0.00676	0.00214	0.00590	0.29271	0.00460	0.00724
53	0.01627	0.01490	0.01995	0.02578	0.43488	0.07829	0.01464	0.16932	0.07040	0.02255	0.01374	0.01813	0.01155	0.00659	0.00590	0.00180	0.00683	0.05572	0.00390	0.00887

[dist]
# distance from previous block
# <min> <max>
1	4

[block]
# block no. 1 follows, 40 sequences, length 11
# corresponding to MSA columns:
# 105-115
name=unknown_B
#
# <colnr> <probs for GDERKNQSTAVLIFYWHMCP>
#	G	D	E	R	K	N	Q	S	T	A	V	L	I	F	Y	W	H	M	C	P
0	0.01897	0.01071	0.01416	0.06542	0.07018	0.00964	0.00935	0.04671	0.05617	0.35576	0.01695	0.01657	0.01177	0.00607	0.00535	0.00151	0.00511	0.00501	0.00526	0.26933
1	0.01360	0.01162	0.01866	0.02089	0.29175	0.01064	0.10296	0.01667	0.01307	0.07231	0.01471	0.07221	0.01324	0.00678	0.00578	0.00163	0.00602	0.06013	0.00372	0.24360
2	0.01381	0.01014	0.01267	0.01055	0.06333	0.00808	0.00773	0.01642	0.01313	0.12069	0.07403	0.01587	0.01328	0.00539	0.00483	0.00113	0.00444	0.00448	0.00416	0.59585
3	0.01258	0.00834	0.01305	0.16324	0.01806	0.00834	0.07653	0.01515	0.01361	0.16090	0.18078	0.16787	0.02712	0.06495	0.00820	0.00226	0.00526	0.04226	0.00504	0.00647
4	0.03264	0.01415	0.01305	0.01200	0.01467	0.17709	0.00977	0.19096	0.05741	0.02163	0.02286	0.03466	0.08717	0.01066	0.00699	0.00207	0.03575	0.24463	0.00484	0.00698
5	0.01542	0.01328	0.02232	0.02831	0.48954	0.01311	0.10101	0.06661	0.01452	0.08396	0.01369	0.01863	0.01140	0.00621	0.00603	0.00181	0.00688	0.05707	0.00364	0.02657
6	0.01007	0.00727	0.00954	0.01034	0.01182	0.00734	0.00865	0.07908	0.01427	0.01868	0.03031	0.19272	0.05431	0.01557	0.00768	0.00251	0.00502	0.50377	0.00541	0.00565
7	0.01326	0.01096	0.01632	0.41055	0.09716	0.01162	0.01304	0.05682	0.01312	0.06940	0.01147	0.01470	0.00870	0.00552	0.00541	0.00161	0.00649	0.00476	0.00334	0.22575
8	0.00959	0.00652	0.00893	0.00973	0.01107	0.00636	0.00813	0.01205	0.01376	0.04616	0.16587	0.11267	0.03672	0.04051	0.00839	0.00256	0.00471	0.48527	0.00556	0.00544
9	0.02173	0.01311	0.01452	0.11401	0.01861	0.12661	0.01004	0.10353	0.01712	0.41727	0.06893	0.01879	0.01476	0.00713	0.00582	0.00177	0.00618	0.00569	0.00573	0.00865
10	0.01702	0.01376	0.01519	0.01265	0.01639	0.06637	0.05996	0.16434	0.38078	0.09967	0.02243	0.02129	0.06798	0.00780	0.00598	0.00188	0.00563	0.00648	0.00558	0.00883

[dist]
# distance from previous block
# <min> <max>
8	32

[block]
# block no. 2 follows, 40 sequences, length 8
# corresponding to MSA columns:
# 151-158
name=unknown_C
#
# <colnr> <probs for GDERKNQSTAVLIFYWHMCP>
#	G	D	E	R	K	N	Q	S	T	A	V	L	I	F	Y	W	H	M	C	P
0	0.01636	0.10774	0.01820	0.01368	0.01701	0.39105	0.11388	0.01850	0.01506	0.01586	0.08518	0.02110	0.12714	0.00760	0.00570	0.00164	0.00804	0.00605	0.00361	0.00659
1	0.01146	0.00914	0.01219	0.01328	0.12575	0.00896	0.00901	0.07733	0.06685	0.02227	0.30533	0.03559	0.03213	0.01010	0.00647	0.00187	0.00450	0.14266	0.00525	0.09989
2	0.01584	0.12567	0.01617	0.01141	0.01518	0.01549	0.00934	0.20017	0.37032	0.02550	0.08342	0.01955	0.01725	0.00745	0.00559	0.00175	0.00510	0.00597	0.00534	0.04350
3	0.01156	0.01465	0.18938	0.01334	0.01761	0.01067	0.13778	0.09663	0.05030	0.02074	0.13613	0.11119	0.12739	0.00965	0.00648	0.00195	0.00600	0.02691	0.00451	0.00713
4	0.01371	0.49702	0.20746	0.01168	0.01702	0.01834	0.01269	0.01689	0.01215	0.01538	0.01192	0.01813	0.01117	0.00670	0.00479	0.00160	0.00668	0.10634	0.00289	0.00744
5	0.13260	0.01277	0.02014	0.01850	0.13239	0.01403	0.18985	0.01878	0.07916	0.08497	0.01249	0.01525	0.00989	0.00884	0.05195	0.00243	0.17917	0.00553	0.00360	0.00766
6	0.01256	0.01081	0.01908	0.01468	0.01834	0.01032	0.29076	0.01757	0.09789	0.08671	0.27471	0.02891	0.07416	0.00849	0.00667	0.00190	0.00590	0.00835	0.00501	0.00718
7	0.01151	0.00790	0.01159	0.06219	0.11483	0.00774	0.00935	0.01420	0.01437	0.10326	0.24706	0.10430	0.03330	0.01183	0.00692	0.00212	0.00471	0.22099	0.00537	0.00645

[dist]
# distance from previous block
# <min> <max>
11	159

# created by:
# /software/SequenceAnalysis/GenePrediction/augustus/3.0.1/scripts/msa2prfl.pl ./fixed/BUSCOvEOG78KSRZ.fas
