[name]
unknown

[dist]
# distance from previous block
# <min> <max>
0	85

[block]
# block no. 0 follows, 41 sequences, length 106
# corresponding to MSA columns:
# 85-190
name=unknown_A
#
# <colnr> <probs for GDERKNQSTAVLIFYWHMCP>
#	G	D	E	R	K	N	Q	S	T	A	V	L	I	F	Y	W	H	M	C	P
0	0.00793	0.00584	0.00742	0.00702	0.00844	0.00533	0.00527	0.01047	0.01580	0.02201	0.67336	0.04425	0.14147	0.01204	0.00675	0.00182	0.00272	0.01056	0.00617	0.00533
1	0.00832	0.00556	0.00629	0.00629	0.00631	0.00557	0.00353	0.00835	0.00833	0.01113	0.01797	0.03715	0.02068	0.78501	0.04292	0.00561	0.00573	0.00828	0.00346	0.00350
2	0.00866	0.00685	0.01013	0.00985	0.01075	0.00832	0.00775	0.01061	0.00914	0.01333	0.01444	0.02135	0.01354	0.03920	0.69113	0.00844	0.10226	0.00600	0.00300	0.00524
3	0.00818	0.00610	0.00903	0.00903	0.00999	0.00706	0.00694	0.01011	0.00914	0.01316	0.01547	0.02331	0.01467	0.08545	0.73426	0.00899	0.01477	0.00625	0.00309	0.00501
4	0.01246	0.01281	0.02082	0.01682	0.01822	0.01612	0.18640	0.01455	0.01001	0.01490	0.00974	0.05428	0.00938	0.00919	0.01530	0.00236	0.56139	0.00601	0.00274	0.00652
5	0.03539	0.14838	0.05651	0.05959	0.10527	0.01194	0.12540	0.01453	0.01318	0.01782	0.14432	0.02948	0.09587	0.00867	0.00603	0.00185	0.00588	0.10927	0.00394	0.00669
6	0.04014	0.27541	0.14940	0.01839	0.19305	0.06615	0.09004	0.01745	0.01278	0.01704	0.06074	0.01385	0.01101	0.00557	0.00506	0.00158	0.00703	0.00466	0.00291	0.00775
7	0.01331	0.01012	0.01201	0.00865	0.01367	0.00771	0.00695	0.01582	0.01233	0.09725	0.01147	0.01266	0.00907	0.00453	0.00440	0.00094	0.00430	0.00364	0.00378	0.74740
8	0.00824	0.00587	0.00786	0.00786	0.00843	0.00643	0.00549	0.00936	0.00880	0.01229	0.01654	0.02920	0.01722	0.38293	0.44028	0.00755	0.01092	0.00711	0.00324	0.00437
9	0.03893	0.01196	0.03835	0.07874	0.14085	0.01041	0.08465	0.01671	0.05112	0.03806	0.01135	0.01350	0.00903	0.00489	0.00498	0.00132	0.00564	0.00439	0.00338	0.43176
10	0.01230	0.01015	0.01191	0.00853	0.01359	0.00765	0.00683	0.01483	0.01200	0.04229	0.01056	0.01210	0.00865	0.00433	0.00428	0.00088	0.00426	0.00346	0.00351	0.80791
11	0.01141	0.01015	0.05179	0.03670	0.01569	0.00962	0.09190	0.05434	0.14113	0.03828	0.02446	0.17228	0.02458	0.01201	0.00694	0.00224	0.00557	0.27935	0.00494	0.00663
12	0.01740	0.11541	0.20178	0.04514	0.01926	0.01573	0.01296	0.32891	0.05902	0.08308	0.01462	0.01499	0.03323	0.00653	0.00544	0.00171	0.00654	0.00500	0.00447	0.00879
13	0.83938	0.01106	0.00841	0.00752	0.01106	0.01283	0.00619	0.01681	0.00973	0.02566	0.00796	0.00929	0.00619	0.00531	0.00354	0.00177	0.00442	0.00310	0.00354	0.00619
14	0.01050	0.00983	0.01592	0.62440	0.03352	0.01222	0.01429	0.01378	0.01126	0.01458	0.01393	0.06260	0.05306	0.00733	0.00707	0.00199	0.07857	0.00613	0.00286	0.00616
15	0.00832	0.00555	0.00624	0.00624	0.00624	0.00555	0.00347	0.00832	0.00832	0.01109	0.01802	0.03743	0.02080	0.79898	0.02911	0.00555	0.00555	0.00832	0.00347	0.00347
16	0.01394	0.01324	0.02251	0.16546	0.54683	0.01372	0.06457	0.05665	0.01353	0.01889	0.01087	0.01441	0.00882	0.00528	0.00575	0.00175	0.00710	0.00521	0.00294	0.00853
17	0.27772	0.32450	0.02040	0.01376	0.13864	0.04716	0.01008	0.07707	0.01269	0.02008	0.00893	0.01046	0.00746	0.00526	0.00419	0.00153	0.00587	0.00361	0.00315	0.00743
18	0.01092	0.01033	0.01718	0.73271	0.03773	0.01304	0.01566	0.01456	0.01125	0.01456	0.00999	0.01506	0.00762	0.00601	0.00661	0.00195	0.06087	0.00508	0.00254	0.00635
19	0.01201	0.00675	0.00866	0.00766	0.00983	0.00601	0.00593	0.01438	0.01570	0.19706	0.46809	0.03932	0.16375	0.01108	0.00651	0.00181	0.00324	0.00955	0.00632	0.00632
20	0.02604	0.00953	0.01216	0.01015	0.01279	0.00974	0.05688	0.16275	0.09648	0.06576	0.39242	0.03067	0.03355	0.04643	0.00738	0.00198	0.00437	0.00817	0.00577	0.00698
21	0.00994	0.00497	0.00745	0.00745	0.00745	0.00497	0.00497	0.00745	0.00745	0.00994	0.00994	0.01739	0.00994	0.01987	0.02235	0.83358	0.00497	0.00497	0.00248	0.00248
22	0.01849	0.52286	0.02453	0.01028	0.01503	0.01872	0.00959	0.10639	0.01456	0.19279	0.01207	0.01213	0.00922	0.00564	0.00440	0.00141	0.00585	0.00394	0.00392	0.00819
23	0.83938	0.01106	0.00841	0.00752	0.01106	0.01283	0.00619	0.01681	0.00973	0.02566	0.00796	0.00929	0.00619	0.00531	0.00354	0.00177	0.00442	0.00310	0.00354	0.00619
24	0.01847	0.30014	0.02119	0.01301	0.01640	0.44584	0.01073	0.02006	0.01396	0.01379	0.00841	0.01010	0.00737	0.00589	0.00578	0.00147	0.07424	0.00357	0.00273	0.00685
25	0.00976	0.00746	0.00863	0.00733	0.01028	0.00606	0.00563	0.01177	0.01310	0.05850	0.13823	0.09388	0.30265	0.01041	0.00587	0.00156	0.00347	0.00880	0.00488	0.29172
26	0.01264	0.06736	0.30288	0.01341	0.01821	0.05048	0.03671	0.10215	0.01418	0.01907	0.01694	0.02925	0.01605	0.05190	0.00742	0.00220	0.00707	0.22113	0.00377	0.00719
27	0.10794	0.01099	0.01688	0.56393	0.12379	0.01308	0.01471	0.05212	0.01222	0.01748	0.01016	0.01435	0.00774	0.00565	0.00546	0.00186	0.00708	0.00486	0.00285	0.00684
28	0.01352	0.01248	0.01444	0.15741	0.06901	0.12263	0.01096	0.13871	0.01388	0.01790	0.01243	0.01679	0.01056	0.02018	0.29759	0.00458	0.05161	0.00528	0.00336	0.00668
29	0.01529	0.80242	0.02997	0.00979	0.01468	0.02263	0.00979	0.01713	0.01162	0.01346	0.00795	0.00918	0.00734	0.00489	0.00367	0.00122	0.00612	0.00306	0.00245	0.00734
30	0.01752	0.00793	0.01067	0.00880	0.01180	0.00701	0.00701	0.01996	0.01629	0.42236	0.36441	0.03025	0.03261	0.00922	0.00621	0.00178	0.00386	0.00788	0.00672	0.00772
31	0.02174	0.01602	0.01717	0.01316	0.01774	0.01774	0.01087	0.74423	0.02689	0.03605	0.01373	0.01373	0.00973	0.00687	0.00572	0.00172	0.00629	0.00515	0.00572	0.00973
32	0.00677	0.00574	0.00585	0.00594	0.00776	0.00482	0.00441	0.00819	0.01290	0.01539	0.05616	0.10515	0.71203	0.01472	0.00680	0.00196	0.00293	0.01236	0.00531	0.00482
33	0.00858	0.00673	0.00789	0.02011	0.00983	0.00657	0.00600	0.02311	0.10159	0.01815	0.19187	0.17424	0.26844	0.05273	0.00793	0.00222	0.00361	0.07948	0.00545	0.00549
34	0.00697	0.00525	0.00645	0.00732	0.00815	0.00473	0.00505	0.00818	0.01180	0.01526	0.07571	0.55153	0.23958	0.01665	0.00712	0.00219	0.00317	0.01480	0.00536	0.00473
35	0.01043	0.00739	0.01170	0.29306	0.01968	0.00866	0.00948	0.01051	0.00900	0.01191	0.00985	0.01627	0.00892	0.01401	0.01601	0.47206	0.05937	0.00501	0.00251	0.00416
36	0.01419	0.10038	0.19763	0.08739	0.34331	0.10613	0.01654	0.01794	0.01280	0.01698	0.00999	0.01274	0.00809	0.00543	0.00568	0.00169	0.02775	0.00451	0.00268	0.00815
37	0.00736	0.00534	0.00694	0.00755	0.00835	0.00493	0.00528	0.00899	0.01296	0.01763	0.29340	0.47795	0.09115	0.01547	0.00707	0.00211	0.00307	0.01387	0.00566	0.00493
38	0.05835	0.01400	0.02685	0.03502	0.18649	0.01323	0.43358	0.01748	0.01294	0.01879	0.01099	0.01433	0.00858	0.00484	0.00598	0.00172	0.00797	0.00571	0.00298	0.12017
39	0.00982	0.00704	0.00794	0.00708	0.00828	0.00671	0.00453	0.05778	0.01016	0.01405	0.01636	0.03140	0.01791	0.60773	0.02322	0.00447	0.00537	0.00725	0.00360	0.14930
40	0.05996	0.35765	0.02012	0.01049	0.01447	0.04575	0.00914	0.07062	0.26943	0.01941	0.01658	0.01640	0.05465	0.00664	0.00478	0.00158	0.00546	0.00493	0.00408	0.00786
41	0.01315	0.56149	0.02349	0.00941	0.01306	0.01784	0.00874	0.01491	0.01083	0.01325	0.01037	0.01422	0.00989	0.06795	0.18645	0.00339	0.00823	0.00414	0.00266	0.00655
42	0.02137	0.02726	0.01621	0.01474	0.01768	0.77602	0.01105	0.02284	0.01621	0.01400	0.00884	0.01031	0.00737	0.00589	0.00516	0.00147	0.01031	0.00368	0.00295	0.00663
43	0.83938	0.01106	0.00841	0.00752	0.01106	0.01283	0.00619	0.01681	0.00973	0.02566	0.00796	0.00929	0.00619	0.00531	0.00354	0.00177	0.00442	0.00310	0.00354	0.00619
44	0.01423	0.01229	0.01293	0.01164	0.01487	0.01423	0.00905	0.03039	0.75297	0.02393	0.02328	0.02134	0.01746	0.00776	0.00582	0.00194	0.00453	0.00647	0.00582	0.00905
45	0.00822	0.00594	0.00823	0.00823	0.00892	0.00663	0.00595	0.00959	0.00891	0.01256	0.01620	0.02736	0.01642	0.28993	0.53218	0.00800	0.01213	0.00684	0.00320	0.00457
46	0.01306	0.01075	0.01156	0.01042	0.01317	0.01199	0.00803	0.10830	0.44632	0.02243	0.02638	0.07652	0.11178	0.05405	0.04668	0.00250	0.00506	0.00775	0.00544	0.00780
47	0.01066	0.00533	0.00533	0.00533	0.00666	0.00533	0.00400	0.01333	0.01200	0.02132	0.01866	0.02132	0.01466	0.00666	0.00400	0.00133	0.00267	0.00533	0.83073	0.00533
48	0.01335	0.01498	0.03123	0.02269	0.02758	0.01494	0.62891	0.01761	0.01276	0.01761	0.01094	0.01498	0.00850	0.00563	0.00862	0.00202	0.13086	0.00648	0.00283	0.00749
49	0.00786	0.00584	0.00733	0.00695	0.00840	0.00530	0.00522	0.01035	0.01565	0.02164	0.63899	0.04485	0.17607	0.01218	0.00675	0.00182	0.00273	0.01064	0.00613	0.00530
50	0.01370	0.01305	0.02180	0.13567	0.62153	0.01351	0.01683	0.01790	0.05572	0.01844	0.01140	0.01472	0.00935	0.00534	0.00568	0.00174	0.00678	0.00517	0.00297	0.00869
51	0.02137	0.02726	0.01621	0.01474	0.01768	0.77602	0.01105	0.02284	0.01621	0.01400	0.00884	0.01031	0.00737	0.00589	0.00516	0.00147	0.01031	0.00368	0.00295	0.00663
52	0.01186	0.01017	0.01186	0.00847	0.01356	0.00762	0.00678	0.01440	0.01186	0.01864	0.01017	0.01186	0.00847	0.00424	0.00424	0.00085	0.00424	0.00339	0.00339	0.83395
53	0.01181	0.01017	0.01214	0.04922	0.01491	0.00789	0.00726	0.01441	0.01184	0.01843	0.01017	0.01204	0.00843	0.00431	0.00431	0.00090	0.00441	0.00348	0.00334	0.79053
54	0.01529	0.80242	0.02997	0.00979	0.01468	0.02263	0.00979	0.01713	0.01162	0.01346	0.00795	0.00918	0.00734	0.00489	0.00367	0.00122	0.00612	0.00306	0.00245	0.00734
55	0.00803	0.00584	0.00755	0.00712	0.00850	0.00537	0.00534	0.01066	0.01603	0.02254	0.72343	0.04337	0.09106	0.01184	0.00675	0.00181	0.00271	0.01043	0.00624	0.00537
56	0.01391	0.47082	0.02432	0.01168	0.01458	0.01996	0.01066	0.01554	0.01044	0.01356	0.00817	0.01108	0.00776	0.00872	0.04872	0.00210	0.29472	0.00393	0.00250	0.00683
57	0.78472	0.01072	0.00836	0.00750	0.01090	0.01234	0.00614	0.01642	0.01016	0.02548	0.05744	0.01149	0.00934	0.00573	0.00375	0.00177	0.00431	0.00357	0.00372	0.00614
58	0.01153	0.01153	0.06011	0.00995	0.01248	0.09882	0.00799	0.06426	0.09080	0.01942	0.17680	0.26762	0.02819	0.01097	0.00619	0.00183	0.00479	0.00947	0.00491	0.10235
59	0.01066	0.05400	0.00928	0.00768	0.00996	0.05905	0.00607	0.01253	0.01415	0.09576	0.18354	0.04381	0.40123	0.01211	0.00644	0.00186	0.00391	0.05684	0.00536	0.00575
60	0.83938	0.01106	0.00841	0.00752	0.01106	0.01283	0.00619	0.01681	0.00973	0.02566	0.00796	0.00929	0.00619	0.00531	0.00354	0.00177	0.00442	0.00310	0.00354	0.00619
61	0.01164	0.02856	0.72459	0.01603	0.02417	0.01334	0.02042	0.01884	0.05592	0.01846	0.01103	0.01262	0.00785	0.00557	0.00546	0.00182	0.00822	0.00436	0.00262	0.00849
62	0.00712	0.00596	0.00622	0.00613	0.00801	0.00514	0.00460	0.00910	0.03173	0.01667	0.15163	0.05256	0.64745	0.01394	0.00674	0.00191	0.00291	0.01170	0.00546	0.00501
63	0.01126	0.01206	0.06028	0.48932	0.07576	0.01277	0.12793	0.01507	0.01186	0.01563	0.01355	0.01762	0.05922	0.00635	0.00660	0.00192	0.04753	0.00577	0.00279	0.00673
64	0.00711	0.00506	0.00668	0.00783	0.00821	0.00474	0.00522	0.00817	0.01116	0.01497	0.07877	0.70745	0.03803	0.05700	0.00837	0.00245	0.00339	0.01547	0.00528	0.00464
65	0.01727	0.01374	0.01757	0.29394	0.07641	0.01564	0.01314	0.43075	0.02036	0.02711	0.01224	0.01431	0.00892	0.00633	0.00572	0.00178	0.00681	0.00512	0.00437	0.00846
66	0.00810	0.00585	0.00765	0.00720	0.00855	0.00540	0.00540	0.01079	0.01619	0.02294	0.76028	0.04273	0.05397	0.01169	0.00675	0.00180	0.00270	0.01034	0.00630	0.00540
67	0.00810	0.00585	0.00765	0.00720	0.00855	0.00540	0.00540	0.01079	0.01619	0.02294	0.76028	0.04273	0.05397	0.01169	0.00675	0.00180	0.00270	0.01034	0.00630	0.00540
68	0.01388	0.01610	0.06592	0.01868	0.06399	0.11669	0.25912	0.01780	0.06229	0.01661	0.01178	0.05649	0.01028	0.00743	0.00985	0.00204	0.23468	0.00609	0.00309	0.00719
69	0.01421	0.01267	0.01594	0.01849	0.23340	0.01404	0.01154	0.02665	0.53692	0.02240	0.01962	0.01924	0.01501	0.00698	0.00577	0.00187	0.00519	0.00607	0.00495	0.00906
70	0.01513	0.00740	0.00990	0.00839	0.01097	0.00660	0.00660	0.01764	0.01626	0.32113	0.46473	0.03341	0.03802	0.00985	0.00635	0.00179	0.00357	0.00850	0.00661	0.00713
71	0.01622	0.01392	0.01802	0.30891	0.07537	0.05471	0.04673	0.31314	0.01821	0.02396	0.01166	0.01415	0.00865	0.00604	0.00566	0.00174	0.00710	0.00504	0.00394	0.04683
72	0.00818	0.00552	0.00644	0.00669	0.00680	0.00548	0.00401	0.00845	0.00892	0.01187	0.02045	0.13995	0.02369	0.65472	0.02512	0.00497	0.00523	0.04600	0.00380	0.00372
73	0.02172	0.01667	0.01711	0.01325	0.01773	0.06172	0.01088	0.70239	0.02627	0.03477	0.01345	0.01353	0.00959	0.00681	0.00569	0.00170	0.00653	0.00506	0.00556	0.00955
74	0.05955	0.02851	0.72516	0.01579	0.02396	0.01326	0.02027	0.01804	0.01194	0.01855	0.01013	0.01191	0.00718	0.00543	0.00532	0.00181	0.00822	0.00416	0.00248	0.00832
75	0.00714	0.00573	0.00633	0.00670	0.00820	0.00503	0.00500	0.00857	0.01246	0.01527	0.04847	0.17853	0.52277	0.05530	0.00812	0.00226	0.00336	0.09077	0.00521	0.00478
76	0.01036	0.00793	0.01111	0.01048	0.01120	0.00957	0.00813	0.01180	0.00991	0.06500	0.01751	0.20142	0.01825	0.07472	0.27322	0.00488	0.23694	0.00829	0.00373	0.00554
77	0.00780	0.00558	0.00655	0.00668	0.00731	0.00536	0.00433	0.00866	0.01057	0.01395	0.11645	0.14676	0.16521	0.40427	0.06252	0.00418	0.00496	0.01025	0.00439	0.00421
78	0.00697	0.00498	0.00664	0.00796	0.00830	0.00465	0.00531	0.00796	0.01095	0.01460	0.03153	0.79525	0.03783	0.01792	0.00730	0.00232	0.00332	0.01626	0.00531	0.00465
79	0.06468	0.00940	0.01215	0.00961	0.01354	0.00853	0.00785	0.02545	0.05072	0.60038	0.06438	0.02051	0.01625	0.00726	0.00558	0.00175	0.00455	0.00589	0.06255	0.00897
80	0.00847	0.00550	0.00718	0.00792	0.00871	0.00509	0.00549	0.00970	0.01176	0.06651	0.08947	0.57654	0.07430	0.06180	0.00841	0.00242	0.00354	0.03678	0.00540	0.00501
81	0.02362	0.01004	0.01315	0.01026	0.01443	0.00916	0.00841	0.07538	0.05718	0.62834	0.07052	0.02071	0.01666	0.00741	0.00582	0.00178	0.00480	0.00605	0.00687	0.00941
82	0.06354	0.00615	0.00597	0.00591	0.00795	0.00537	0.00447	0.00880	0.01281	0.01615	0.05454	0.05193	0.70951	0.01386	0.00654	0.00192	0.00300	0.01146	0.00519	0.00492
83	0.79213	0.01098	0.00869	0.00768	0.01127	0.01257	0.00632	0.01746	0.01012	0.06873	0.00881	0.00988	0.00666	0.00541	0.00367	0.00177	0.00445	0.00325	0.00375	0.00640
84	0.25176	0.01316	0.01358	0.01080	0.01486	0.01437	0.00888	0.40055	0.02003	0.12458	0.06232	0.01511	0.01220	0.00677	0.00518	0.00174	0.00535	0.00499	0.00532	0.00845
85	0.12607	0.00996	0.01266	0.00989	0.01417	0.00910	0.00815	0.02657	0.03453	0.65633	0.02078	0.01826	0.01326	0.00688	0.00548	0.00177	0.00480	0.00544	0.00661	0.00928
86	0.01075	0.00650	0.00673	0.00637	0.00812	0.00652	0.00486	0.06124	0.05131	0.02156	0.07532	0.02789	0.14150	0.00838	0.00485	0.00152	0.00304	0.00684	0.54097	0.00573
87	0.10759	0.00990	0.01247	0.00991	0.01392	0.00920	0.00808	0.06680	0.02765	0.57582	0.03088	0.07094	0.01526	0.00769	0.00564	0.00181	0.00477	0.00623	0.00649	0.00896
88	0.05746	0.00593	0.00756	0.00811	0.00917	0.00560	0.00571	0.01092	0.01197	0.09817	0.09897	0.59289	0.03496	0.01541	0.00686	0.00218	0.00349	0.01378	0.00549	0.00536
89	0.00835	0.00620	0.00804	0.00885	0.01025	0.00590	0.00735	0.01059	0.01331	0.01717	0.11634	0.10932	0.21255	0.01518	0.00746	0.00235	0.00428	0.42599	0.00539	0.00513
90	0.00741	0.00571	0.00677	0.00674	0.00818	0.00507	0.00496	0.00937	0.01421	0.01880	0.37937	0.14992	0.33554	0.01366	0.00683	0.00192	0.00286	0.01184	0.00577	0.00507
91	0.00813	0.00596	0.00661	0.00660	0.00827	0.00522	0.00482	0.00977	0.02334	0.05673	0.10604	0.16767	0.49513	0.05980	0.00807	0.00218	0.00323	0.01195	0.00539	0.00509
92	0.00728	0.00554	0.00624	0.00655	0.00784	0.00491	0.00467	0.00876	0.01256	0.01625	0.13175	0.25117	0.39859	0.05429	0.00787	0.00217	0.00311	0.01242	0.05321	0.00481
93	0.00875	0.00633	0.00805	0.00778	0.00911	0.00606	0.00575	0.05978	0.01569	0.02187	0.53862	0.21747	0.04719	0.01283	0.00681	0.00192	0.00309	0.01138	0.00603	0.00551
94	0.12142	0.00696	0.00721	0.00698	0.00906	0.00663	0.00528	0.01179	0.05165	0.05639	0.11801	0.13561	0.41744	0.01264	0.00629	0.00194	0.00332	0.01057	0.00529	0.00552
95	0.03498	0.00662	0.00823	0.00749	0.00950	0.00599	0.00574	0.01329	0.01515	0.15046	0.43602	0.07958	0.18172	0.01157	0.00651	0.00185	0.00320	0.00998	0.00611	0.00602
96	0.00989	0.00684	0.00828	0.00765	0.00935	0.00660	0.00569	0.01370	0.10245	0.07156	0.45456	0.03941	0.12512	0.10281	0.00917	0.00226	0.00342	0.00954	0.00585	0.00584
97	0.01113	0.00653	0.00854	0.00765	0.00957	0.00590	0.00587	0.01368	0.01606	0.15420	0.59295	0.03926	0.08402	0.01102	0.00657	0.00180	0.00309	0.00962	0.00638	0.00613
98	0.01159	0.00786	0.00946	0.00904	0.01078	0.00785	0.00669	0.17000	0.01554	0.07166	0.11744	0.44143	0.07001	0.01383	0.00676	0.00207	0.00397	0.01218	0.00564	0.00620
99	0.00914	0.00555	0.00620	0.00609	0.00706	0.00538	0.00421	0.01097	0.01202	0.01843	0.20545	0.03310	0.06441	0.24005	0.01217	0.00271	0.00353	0.00780	0.34096	0.00478
100	0.01226	0.01287	0.02563	0.28197	0.08168	0.01320	0.39664	0.01650	0.01295	0.01740	0.06172	0.01713	0.01141	0.00561	0.00633	0.00190	0.00829	0.00632	0.00300	0.00719
101	0.01138	0.01099	0.01703	0.19506	0.02089	0.01426	0.06364	0.01363	0.00980	0.01419	0.00986	0.01520	0.00887	0.01473	0.15506	0.00356	0.40768	0.00535	0.00264	0.00617
102	0.01030	0.00708	0.00883	0.09058	0.01176	0.00772	0.00636	0.07846	0.01135	0.01645	0.01636	0.02626	0.01568	0.31175	0.17387	0.00464	0.00724	0.00658	0.18363	0.00510
103	0.06737	0.01064	0.01720	0.55503	0.16930	0.01251	0.01501	0.01511	0.01185	0.01653	0.04805	0.01603	0.01014	0.00588	0.00561	0.00185	0.00701	0.00522	0.00285	0.00679
104	0.01276	0.01183	0.01965	0.18157	0.51724	0.01228	0.01543	0.01606	0.01264	0.01784	0.01428	0.01755	0.05860	0.00594	0.00563	0.00173	0.00643	0.00557	0.05898	0.00799
105	0.01442	0.01333	0.02101	0.19530	0.52794	0.05167	0.01637	0.01775	0.01302	0.05833	0.01118	0.01449	0.00894	0.00538	0.00565	0.00174	0.00705	0.00506	0.00301	0.00839

[dist]
# distance from previous block
# <min> <max>
13	70

# created by:
# /software/SequenceAnalysis/GenePrediction/augustus/3.0.1/scripts/msa2prfl.pl ./fixed/BUSCOvEOG7M936F.fas
