[name]
unknown

[dist]
# distance from previous block
# <min> <max>
0	208

[block]
# block no. 0 follows, 41 sequences, length 41
# corresponding to MSA columns:
# 211-251
name=unknown_A
#
# <colnr> <probs for GDERKNQSTAVLIFYWHMCP>
#	G	D	E	R	K	N	Q	S	T	A	V	L	I	F	Y	W	H	M	C	P
0	0.00910	0.00650	0.00908	0.01039	0.01166	0.00648	0.00901	0.01164	0.01305	0.01698	0.03035	0.10418	0.03319	0.01592	0.00787	0.00262	0.00516	0.68634	0.00527	0.00523
1	0.02566	0.00973	0.01327	0.01018	0.01460	0.00841	0.00841	0.02788	0.01637	0.76726	0.02257	0.01947	0.01416	0.00708	0.00575	0.00177	0.00487	0.00575	0.00708	0.00973
2	0.01529	0.80242	0.02997	0.00979	0.01468	0.02263	0.00979	0.01713	0.01162	0.01346	0.00795	0.00918	0.00734	0.00489	0.00367	0.00122	0.00612	0.00306	0.00245	0.00734
3	0.01051	0.00628	0.00760	0.08857	0.01121	0.00672	0.00636	0.01324	0.01201	0.01970	0.01923	0.02723	0.01657	0.00813	0.00529	0.00164	0.03004	0.11931	0.58489	0.00546
4	0.00687	0.00580	0.00594	0.00591	0.00779	0.00487	0.00443	0.00842	0.01329	0.01605	0.11397	0.05406	0.70458	0.01426	0.00676	0.00192	0.00288	0.01193	0.00539	0.00487
5	0.00726	0.00520	0.00690	0.00777	0.00836	0.00484	0.00533	0.00870	0.01231	0.01676	0.22010	0.60052	0.04201	0.01631	0.00716	0.00219	0.00316	0.01473	0.00556	0.00484
6	0.00810	0.00585	0.00765	0.00720	0.00855	0.00540	0.00540	0.01079	0.01619	0.02294	0.76028	0.04273	0.05397	0.01169	0.00675	0.00180	0.00270	0.01034	0.00630	0.00540
7	0.02137	0.02726	0.01621	0.01474	0.01768	0.77602	0.01105	0.02284	0.01621	0.01400	0.00884	0.01031	0.00737	0.00589	0.00516	0.00147	0.01031	0.00368	0.00295	0.00663
8	0.02174	0.01602	0.01717	0.01316	0.01774	0.01774	0.01087	0.74423	0.02689	0.03605	0.01373	0.01373	0.00973	0.00687	0.00572	0.00172	0.00629	0.00515	0.00572	0.00973
9	0.01227	0.01281	0.02568	0.24437	0.07078	0.01309	0.41488	0.01646	0.01251	0.01699	0.01161	0.01600	0.00899	0.00794	0.06252	0.00242	0.00910	0.00609	0.02838	0.00713
10	0.00831	0.00558	0.00641	0.00641	0.00647	0.00564	0.00368	0.00843	0.00837	0.01122	0.01787	0.03657	0.02042	0.75555	0.07203	0.00575	0.00611	0.00819	0.00344	0.00356
11	0.01423	0.01229	0.01293	0.01164	0.01487	0.01423	0.00905	0.03039	0.75297	0.02393	0.02328	0.02134	0.01746	0.00776	0.00582	0.00194	0.00453	0.00647	0.00582	0.00905
12	0.02547	0.01004	0.01346	0.01032	0.01475	0.00886	0.00853	0.06285	0.01689	0.73156	0.02213	0.01919	0.01394	0.00707	0.00575	0.00177	0.00494	0.00572	0.00701	0.00973
13	0.22285	0.01263	0.01339	0.01157	0.05027	0.06998	0.00891	0.13681	0.03418	0.35970	0.01601	0.01517	0.01083	0.00644	0.00516	0.00174	0.00548	0.00484	0.00545	0.00858
14	0.00765	0.00583	0.00702	0.00672	0.00827	0.00521	0.00504	0.00992	0.01513	0.02042	0.52376	0.04688	0.29206	0.01263	0.00675	0.00184	0.00277	0.01093	0.00596	0.00521
15	0.00832	0.00555	0.00624	0.00624	0.00624	0.00555	0.00347	0.00832	0.00832	0.01109	0.01802	0.03743	0.02080	0.79898	0.02911	0.00555	0.00555	0.00832	0.00347	0.00347
16	0.01432	0.01303	0.02207	0.11752	0.64742	0.01325	0.01694	0.01771	0.01300	0.05344	0.01125	0.01453	0.00914	0.00526	0.00567	0.00173	0.00680	0.00513	0.00300	0.00879
17	0.01258	0.09015	0.55841	0.01754	0.06495	0.04833	0.09382	0.01824	0.01242	0.01760	0.01017	0.01222	0.00751	0.00533	0.00543	0.00175	0.00838	0.00441	0.00251	0.00824
18	0.01423	0.01229	0.01293	0.01164	0.01487	0.01423	0.00905	0.03039	0.75297	0.02393	0.02328	0.02134	0.01746	0.00776	0.00582	0.00194	0.00453	0.00647	0.00582	0.00905
19	0.00832	0.00555	0.00624	0.00624	0.00624	0.00555	0.00347	0.00832	0.00832	0.01109	0.01802	0.03743	0.02080	0.79898	0.02911	0.00555	0.00555	0.00832	0.00347	0.00347
20	0.01385	0.01240	0.02065	0.13138	0.56129	0.01254	0.01583	0.01709	0.01283	0.05451	0.01214	0.04874	0.01035	0.00580	0.00568	0.00172	0.00654	0.00554	0.00314	0.04798
21	0.05869	0.01510	0.01639	0.01371	0.05263	0.01677	0.01069	0.56586	0.13671	0.03287	0.01478	0.01471	0.01071	0.00685	0.00563	0.00175	0.00596	0.00525	0.00550	0.00943
22	0.00697	0.00498	0.00664	0.00796	0.00830	0.00465	0.00531	0.00796	0.01095	0.01460	0.03153	0.79525	0.03783	0.01792	0.00730	0.00232	0.00332	0.01626	0.00531	0.00465
23	0.02130	0.01538	0.01698	0.05018	0.05115	0.04405	0.01114	0.57520	0.02404	0.11148	0.01420	0.01431	0.00999	0.00672	0.00570	0.00172	0.00637	0.00515	0.00549	0.00943
24	0.07677	0.01380	0.08598	0.04281	0.01677	0.01626	0.03184	0.01447	0.00937	0.01523	0.00819	0.01264	0.00758	0.00972	0.03362	0.00250	0.58851	0.00486	0.00260	0.00647
25	0.00743	0.00609	0.00720	0.06587	0.01040	0.00557	0.00557	0.00936	0.01360	0.01729	0.23637	0.09702	0.47126	0.01331	0.00671	0.00192	0.00323	0.01136	0.00536	0.00508
26	0.01542	0.39930	0.09492	0.01442	0.03839	0.13845	0.12746	0.01860	0.03753	0.01525	0.00945	0.01131	0.00794	0.00544	0.00540	0.00153	0.04493	0.00411	0.00272	0.00744
27	0.01193	0.01024	0.01173	0.00875	0.01347	0.00833	0.00696	0.01614	0.10515	0.01916	0.01391	0.01495	0.04264	0.00513	0.00455	0.00103	0.00421	0.00416	0.00378	0.69376
28	0.01552	0.70068	0.04335	0.01013	0.01490	0.02136	0.00998	0.01815	0.04796	0.04394	0.00932	0.01030	0.00811	0.00523	0.00420	0.00132	0.02184	0.00339	0.00280	0.00752
29	0.00796	0.00584	0.00746	0.00706	0.00846	0.00534	0.00529	0.01054	0.01588	0.02220	0.69102	0.04394	0.12369	0.01197	0.00675	0.00181	0.00272	0.01051	0.00620	0.00534
30	0.00697	0.00498	0.00664	0.00796	0.00830	0.00465	0.00531	0.00796	0.01095	0.01460	0.03153	0.79525	0.03783	0.01792	0.00730	0.00232	0.00332	0.01626	0.00531	0.00465
31	0.00817	0.00613	0.00919	0.00919	0.01021	0.00715	0.00715	0.01021	0.00919	0.01328	0.01532	0.02247	0.01430	0.04290	0.77631	0.00919	0.01532	0.00613	0.00306	0.00511
32	0.01186	0.01017	0.01186	0.00847	0.01356	0.00762	0.00678	0.01440	0.01186	0.01864	0.01017	0.01186	0.00847	0.00424	0.00424	0.00085	0.00424	0.00339	0.00339	0.83395
33	0.02174	0.01602	0.01717	0.01316	0.01774	0.01774	0.01087	0.74423	0.02689	0.03605	0.01373	0.01373	0.00973	0.00687	0.00572	0.00172	0.00629	0.00515	0.00572	0.00973
34	0.00700	0.00501	0.00667	0.00794	0.00830	0.00467	0.00531	0.00805	0.01112	0.01487	0.05457	0.77145	0.03834	0.01772	0.00728	0.00231	0.00330	0.01607	0.00534	0.00467
35	0.02137	0.02726	0.01621	0.01474	0.01768	0.77602	0.01105	0.02284	0.01621	0.01400	0.00884	0.01031	0.00737	0.00589	0.00516	0.00147	0.01031	0.00368	0.00295	0.00663
36	0.00972	0.00749	0.00870	0.00803	0.00983	0.00756	0.00601	0.04891	0.15172	0.02164	0.42538	0.03854	0.13652	0.08441	0.00861	0.00219	0.00350	0.00942	0.00579	0.00602
37	0.06347	0.01284	0.01371	0.07178	0.01682	0.04171	0.00960	0.19790	0.35396	0.06160	0.08008	0.01964	0.01671	0.00747	0.00571	0.00184	0.00526	0.00604	0.00541	0.00848
38	0.01983	0.01582	0.01573	0.05658	0.01791	0.11677	0.01047	0.45204	0.08372	0.08171	0.01694	0.01687	0.05497	0.00721	0.00572	0.00173	0.00645	0.00552	0.00525	0.00878
39	0.00832	0.00555	0.00624	0.00624	0.00624	0.00555	0.00347	0.00832	0.00832	0.01109	0.01802	0.03743	0.02080	0.79898	0.02911	0.00555	0.00555	0.00832	0.00347	0.00347
40	0.01501	0.74432	0.08556	0.01028	0.01544	0.02193	0.01064	0.01720	0.01166	0.01381	0.00813	0.00939	0.00733	0.00493	0.00380	0.00127	0.00629	0.00315	0.00244	0.00742

[dist]
# distance from previous block
# <min> <max>
3	6

[block]
# block no. 1 follows, 41 sequences, length 9
# corresponding to MSA columns:
# 258-266
name=unknown_B
#
# <colnr> <probs for GDERKNQSTAVLIFYWHMCP>
#	G	D	E	R	K	N	Q	S	T	A	V	L	I	F	Y	W	H	M	C	P
0	0.01576	0.05597	0.34902	0.05124	0.02200	0.01249	0.10436	0.05657	0.01420	0.20505	0.04768	0.01582	0.01141	0.00611	0.00568	0.00179	0.00719	0.00523	0.00398	0.00846
1	0.13998	0.26144	0.04072	0.01838	0.26753	0.01585	0.01204	0.05204	0.01312	0.11306	0.01107	0.01246	0.00872	0.00540	0.00473	0.00157	0.00600	0.00422	0.00347	0.00819
2	0.00718	0.00530	0.00673	0.00746	0.00826	0.00484	0.00518	0.00862	0.01242	0.01656	0.19508	0.51517	0.15414	0.01602	0.00710	0.00215	0.00312	0.01431	0.00553	0.00484
3	0.07809	0.36367	0.11866	0.01149	0.01665	0.01677	0.04334	0.08639	0.01407	0.18294	0.01215	0.01252	0.00902	0.00565	0.00467	0.00154	0.00619	0.00416	0.00386	0.00816
4	0.19121	0.46011	0.02245	0.01021	0.01459	0.09269	0.00929	0.10995	0.01360	0.01896	0.00877	0.00989	0.00740	0.00533	0.00405	0.00143	0.00619	0.00339	0.00314	0.00733
5	0.00809	0.00600	0.00730	0.00795	0.00893	0.00571	0.00556	0.06582	0.01261	0.01645	0.03526	0.59003	0.17617	0.01638	0.00707	0.00220	0.00347	0.01457	0.00534	0.00508
6	0.00758	0.00563	0.00688	0.00694	0.00809	0.00513	0.00496	0.00940	0.01368	0.01844	0.38258	0.19580	0.21242	0.08586	0.00891	0.00228	0.00313	0.01175	0.00561	0.00494
7	0.01194	0.01046	0.01258	0.00930	0.01374	0.00888	0.00751	0.01432	0.01147	0.01802	0.00983	0.01194	0.00835	0.00497	0.00608	0.00106	0.10383	0.00359	0.00328	0.72884
8	0.01455	0.01683	0.19273	0.09777	0.36263	0.01321	0.07898	0.04966	0.01360	0.08760	0.01187	0.01436	0.00897	0.00547	0.00572	0.00177	0.00730	0.00510	0.00323	0.00864

[dist]
# distance from previous block
# <min> <max>
0	1

[block]
# block no. 2 follows, 41 sequences, length 190
# corresponding to MSA columns:
# 268-457
name=unknown_C
#
# <colnr> <probs for GDERKNQSTAVLIFYWHMCP>
#	G	D	E	R	K	N	Q	S	T	A	V	L	I	F	Y	W	H	M	C	P
0	0.01323	0.01236	0.01969	0.17884	0.46719	0.01315	0.01533	0.01871	0.13026	0.01890	0.04623	0.01679	0.01212	0.00594	0.00575	0.00178	0.00642	0.00555	0.00340	0.00836
1	0.01516	0.01518	0.09252	0.05733	0.40241	0.01380	0.10428	0.11071	0.03977	0.05687	0.01214	0.01455	0.00939	0.00551	0.00576	0.00174	0.00704	0.00526	0.00347	0.02710
2	0.00947	0.00699	0.00722	0.00703	0.00737	0.04666	0.00442	0.00997	0.00922	0.01264	0.01709	0.03262	0.01861	0.60996	0.04057	0.00477	0.04076	0.00752	0.10309	0.00402
3	0.00697	0.00514	0.00653	0.00758	0.00821	0.00470	0.00515	0.00809	0.01146	0.01499	0.05764	0.64937	0.15892	0.01716	0.00719	0.00224	0.00323	0.01539	0.00534	0.00470
4	0.00810	0.00548	0.00643	0.00664	0.00674	0.00547	0.00392	0.00834	0.00878	0.01175	0.02006	0.15800	0.02324	0.64115	0.05814	0.00519	0.00561	0.00949	0.00374	0.00373
5	0.00697	0.00498	0.00664	0.00796	0.00830	0.00465	0.00531	0.00796	0.01095	0.01460	0.03153	0.79525	0.03783	0.01792	0.00730	0.00232	0.00332	0.01626	0.00531	0.00465
6	0.02174	0.01602	0.01717	0.01316	0.01774	0.01774	0.01087	0.74423	0.02689	0.03605	0.01373	0.01373	0.00973	0.00687	0.00572	0.00172	0.00629	0.00515	0.00572	0.00973
7	0.00679	0.00566	0.00593	0.00615	0.00782	0.00480	0.00451	0.00817	0.01269	0.01531	0.05358	0.17744	0.64140	0.01505	0.00685	0.00200	0.00297	0.01276	0.00531	0.00480
8	0.02137	0.02726	0.01621	0.01474	0.01768	0.77602	0.01105	0.02284	0.01621	0.01400	0.00884	0.01031	0.00737	0.00589	0.00516	0.00147	0.01031	0.00368	0.00295	0.00663
9	0.01080	0.01017	0.01716	0.78523	0.03940	0.01271	0.01589	0.01461	0.01144	0.01461	0.01017	0.01525	0.00762	0.00572	0.00572	0.00191	0.00762	0.00508	0.00254	0.00635
10	0.00818	0.00609	0.00898	0.00898	0.00992	0.00703	0.00688	0.01008	0.00913	0.01312	0.01552	0.02356	0.01477	0.09790	0.72196	0.00893	0.01461	0.00629	0.00309	0.00499
11	0.01147	0.02959	0.76934	0.01630	0.02476	0.01328	0.02113	0.01811	0.01208	0.01811	0.01026	0.01208	0.00725	0.00543	0.00543	0.00181	0.00845	0.00423	0.00242	0.00845
12	0.01080	0.01017	0.01716	0.78523	0.03940	0.01271	0.01589	0.01461	0.01144	0.01461	0.01017	0.01525	0.00762	0.00572	0.00572	0.00191	0.00762	0.00508	0.00254	0.00635
13	0.01416	0.01359	0.02322	0.03511	0.76330	0.01359	0.01755	0.01755	0.01302	0.01869	0.01076	0.01416	0.00906	0.00510	0.00566	0.00170	0.00680	0.00510	0.00283	0.00906
14	0.01416	0.01359	0.02322	0.03511	0.76330	0.01359	0.01755	0.01755	0.01302	0.01869	0.01076	0.01416	0.00906	0.00510	0.00566	0.00170	0.00680	0.00510	0.00283	0.00906
15	0.02118	0.02730	0.03039	0.01477	0.01782	0.76166	0.01124	0.02275	0.01613	0.01408	0.00887	0.01035	0.00737	0.00589	0.00516	0.00148	0.01028	0.00369	0.00294	0.00667
16	0.00699	0.00499	0.00666	0.00795	0.00830	0.00466	0.00531	0.00802	0.01105	0.01475	0.04489	0.78145	0.03813	0.01781	0.00729	0.00231	0.00331	0.01615	0.00533	0.00466
17	0.15046	0.01166	0.01226	0.01070	0.02919	0.02830	0.00828	0.03554	0.31870	0.05039	0.01757	0.01750	0.04278	0.00681	0.00578	0.00167	0.04588	0.00522	0.00462	0.19670
18	0.00697	0.00498	0.00664	0.00796	0.00830	0.00465	0.00531	0.00796	0.01095	0.01460	0.03153	0.79525	0.03783	0.01792	0.00730	0.00232	0.00332	0.01626	0.00531	0.00465
19	0.02566	0.00973	0.01327	0.01018	0.01460	0.00841	0.00841	0.02788	0.01637	0.76726	0.02257	0.01947	0.01416	0.00708	0.00575	0.00177	0.00487	0.00575	0.00708	0.00973
20	0.00699	0.00500	0.00666	0.00795	0.00830	0.00466	0.00531	0.00802	0.01106	0.01477	0.04602	0.78028	0.03815	0.01780	0.00729	0.00231	0.00331	0.01614	0.00533	0.00466
21	0.01246	0.02606	0.60448	0.03923	0.04945	0.01334	0.09543	0.03464	0.01272	0.04371	0.01091	0.01287	0.00775	0.00545	0.00560	0.00182	0.00833	0.00461	0.00271	0.00841
22	0.02526	0.01038	0.01368	0.01049	0.01493	0.00937	0.00866	0.10196	0.01746	0.69164	0.02165	0.01888	0.01370	0.00706	0.00575	0.00176	0.00501	0.00569	0.00694	0.00973
23	0.00719	0.00511	0.00674	0.00797	0.00832	0.00482	0.00537	0.00820	0.01086	0.01446	0.03041	0.69792	0.03625	0.07846	0.00903	0.00259	0.00359	0.05296	0.00516	0.00459
24	0.02576	0.00798	0.02634	0.00894	0.01091	0.00771	0.00720	0.01490	0.01449	0.17640	0.37693	0.07977	0.04677	0.01055	0.00779	0.00190	0.09620	0.02383	0.04920	0.00642
25	0.04655	0.04338	0.18232	0.02138	0.20655	0.04676	0.20287	0.04675	0.03869	0.05548	0.04529	0.01528	0.01090	0.00568	0.00578	0.00178	0.00755	0.00545	0.00335	0.00820
26	0.00697	0.00498	0.00664	0.00796	0.00830	0.00465	0.00531	0.00796	0.01095	0.01460	0.03153	0.79525	0.03783	0.01792	0.00730	0.00232	0.00332	0.01626	0.00531	0.00465
27	0.01108	0.01045	0.01765	0.72362	0.09886	0.01278	0.01602	0.01486	0.01157	0.01495	0.01022	0.01516	0.00774	0.00567	0.00571	0.00189	0.00756	0.00508	0.00257	0.00658
28	0.47042	0.08461	0.01297	0.01036	0.05230	0.03544	0.00805	0.12855	0.01351	0.08458	0.01066	0.01160	0.00804	0.00572	0.00424	0.00168	0.00511	0.00384	0.04109	0.00725
29	0.01303	0.01122	0.01811	0.59545	0.04997	0.01322	0.05941	0.10103	0.01364	0.05370	0.01128	0.01526	0.00828	0.00585	0.00578	0.00187	0.00744	0.00523	0.00316	0.00705
30	0.00701	0.00501	0.00668	0.00793	0.00831	0.00468	0.00531	0.00807	0.01116	0.01493	0.05997	0.76588	0.03846	0.01768	0.00728	0.00230	0.00329	0.01603	0.00535	0.00468
31	0.01572	0.12440	0.01589	0.01103	0.01509	0.01463	0.00905	0.14594	0.36755	0.05497	0.01722	0.01663	0.01304	0.00657	0.00522	0.00161	0.00501	0.00520	0.00496	0.15024
32	0.01907	0.01303	0.01463	0.01143	0.01556	0.01349	0.00928	0.45591	0.02164	0.12703	0.04834	0.07992	0.01437	0.00765	0.00569	0.00166	0.00542	0.00612	0.00557	0.12419
33	0.11013	0.01345	0.02473	0.03202	0.02318	0.01363	0.42706	0.04624	0.01315	0.08876	0.01283	0.05576	0.01033	0.00645	0.00760	0.00197	0.09525	0.00645	0.00355	0.00746
34	0.01335	0.40110	0.24300	0.01375	0.01952	0.01742	0.12657	0.01702	0.01211	0.01582	0.02631	0.04958	0.00998	0.00581	0.00490	0.00157	0.00713	0.00476	0.00273	0.00755
35	0.01045	0.00605	0.00899	0.09444	0.01162	0.00640	0.00662	0.03692	0.00892	0.01181	0.01109	0.01928	0.01078	0.01760	0.01916	0.66878	0.00533	0.03967	0.00275	0.00333
36	0.01601	0.30412	0.31803	0.01269	0.01889	0.01620	0.01412	0.07679	0.01379	0.14173	0.01174	0.01238	0.00862	0.00562	0.00487	0.00158	0.00685	0.00413	0.00346	0.00836
37	0.14914	0.01324	0.07788	0.30495	0.28997	0.01314	0.03902	0.01642	0.01184	0.01828	0.01007	0.01363	0.00790	0.00538	0.00535	0.00180	0.00693	0.00475	0.00281	0.00750
38	0.00825	0.00611	0.00773	0.00728	0.00874	0.00572	0.00547	0.01141	0.04611	0.02244	0.67932	0.04274	0.10362	0.01173	0.00671	0.00181	0.00279	0.01031	0.00621	0.00551
39	0.01251	0.01251	0.01752	0.01502	0.01502	0.01752	0.01251	0.01377	0.00876	0.01377	0.00751	0.01251	0.00751	0.01001	0.01877	0.00250	0.78851	0.00501	0.00250	0.00626
40	0.00697	0.00498	0.00664	0.00796	0.00830	0.00465	0.00531	0.00796	0.01095	0.01460	0.03153	0.79525	0.03783	0.01792	0.00730	0.00232	0.00332	0.01626	0.00531	0.00465
41	0.00732	0.00580	0.00648	0.00632	0.00795	0.00507	0.00468	0.00914	0.01393	0.01792	0.30862	0.04972	0.46903	0.05330	0.00789	0.00207	0.00296	0.01126	0.00557	0.00496
42	0.00824	0.00605	0.00790	0.00839	0.00972	0.00572	0.00676	0.01056	0.01401	0.01868	0.29186	0.12377	0.15201	0.01435	0.00726	0.00220	0.00382	0.29787	0.00564	0.00519
43	0.02566	0.00973	0.01327	0.01018	0.01460	0.00841	0.00841	0.02788	0.01637	0.76726	0.02257	0.01947	0.01416	0.00708	0.00575	0.00177	0.00487	0.00575	0.00708	0.00973
44	0.83938	0.01106	0.00841	0.00752	0.01106	0.01283	0.00619	0.01681	0.00973	0.02566	0.00796	0.00929	0.00619	0.00531	0.00354	0.00177	0.00442	0.00310	0.00354	0.00619
45	0.83938	0.01106	0.00841	0.00752	0.01106	0.01283	0.00619	0.01681	0.00973	0.02566	0.00796	0.00929	0.00619	0.00531	0.00354	0.00177	0.00442	0.00310	0.00354	0.00619
46	0.00818	0.00610	0.00905	0.00905	0.01002	0.00707	0.00697	0.01012	0.00915	0.01317	0.01545	0.02319	0.01461	0.07933	0.74031	0.00902	0.01485	0.00623	0.00308	0.00503
47	0.01529	0.80242	0.02997	0.00979	0.01468	0.02263	0.00979	0.01713	0.01162	0.01346	0.00795	0.00918	0.00734	0.00489	0.00367	0.00122	0.00612	0.00306	0.00245	0.00734
48	0.01221	0.17407	0.53527	0.01591	0.07428	0.01466	0.01788	0.01750	0.01228	0.01753	0.04994	0.01331	0.00989	0.00564	0.00519	0.00169	0.00758	0.00439	0.00266	0.00812
49	0.01141	0.01015	0.01700	0.75352	0.03838	0.01253	0.01558	0.01516	0.01164	0.04541	0.01067	0.01542	0.00789	0.00577	0.00572	0.00190	0.00751	0.00511	0.00273	0.00649
50	0.00806	0.00585	0.00759	0.00716	0.00852	0.00538	0.00537	0.01072	0.01610	0.02273	0.74039	0.04308	0.07399	0.01177	0.00675	0.00180	0.00270	0.01039	0.00627	0.00538
51	0.00986	0.00749	0.01070	0.01011	0.01178	0.00729	0.07597	0.02850	0.09909	0.05341	0.07360	0.50663	0.03114	0.01395	0.00684	0.00213	0.00418	0.01273	0.00524	0.02934
52	0.01147	0.02959	0.76934	0.01630	0.02476	0.01328	0.02113	0.01811	0.01208	0.01811	0.01026	0.01208	0.00725	0.00543	0.00543	0.00181	0.00845	0.00423	0.00242	0.00845
53	0.02137	0.02726	0.01621	0.01474	0.01768	0.77602	0.01105	0.02284	0.01621	0.01400	0.00884	0.01031	0.00737	0.00589	0.00516	0.00147	0.01031	0.00368	0.00295	0.00663
54	0.00804	0.00580	0.00760	0.00723	0.00853	0.00536	0.00539	0.01066	0.01594	0.02254	0.72517	0.07899	0.05319	0.01199	0.00677	0.00182	0.00273	0.01063	0.00625	0.00536
55	0.01218	0.07225	0.55175	0.01776	0.02537	0.01412	0.19068	0.01810	0.01239	0.01789	0.01044	0.01269	0.00759	0.00526	0.00564	0.00180	0.00860	0.00475	0.00253	0.00821
56	0.01221	0.01206	0.01693	0.01461	0.01468	0.01679	0.01213	0.01351	0.00879	0.01373	0.00806	0.01322	0.00799	0.01234	0.07233	0.00298	0.73384	0.00509	0.00254	0.00618
57	0.00838	0.00644	0.00959	0.00947	0.01045	0.00765	0.00741	0.01039	0.00917	0.01330	0.01494	0.02199	0.01397	0.04131	0.73981	0.00887	0.05258	0.00607	0.00304	0.00516
58	0.01428	0.01670	0.14194	0.05054	0.08504	0.04727	0.38359	0.01913	0.03860	0.08343	0.05190	0.01656	0.01154	0.00568	0.00623	0.00185	0.00823	0.00612	0.00344	0.00793
59	0.01147	0.02959	0.76934	0.01630	0.02476	0.01328	0.02113	0.01811	0.01208	0.01811	0.01026	0.01208	0.00725	0.00543	0.00543	0.00181	0.00845	0.00423	0.00242	0.00845
60	0.00697	0.00498	0.00664	0.00796	0.00830	0.00465	0.00531	0.00796	0.01095	0.01460	0.03153	0.79525	0.03783	0.01792	0.00730	0.00232	0.00332	0.01626	0.00531	0.00465
61	0.01407	0.01336	0.02265	0.12391	0.61247	0.01371	0.04703	0.04981	0.01347	0.01896	0.01085	0.01432	0.00890	0.00524	0.00572	0.00173	0.00699	0.00517	0.00293	0.00871
62	0.07924	0.01896	0.20967	0.02231	0.30422	0.09736	0.04319	0.07438	0.01417	0.06707	0.01121	0.01318	0.00855	0.00554	0.00544	0.00172	0.00737	0.00467	0.00328	0.00846
63	0.00935	0.00682	0.00876	0.00940	0.01079	0.00675	0.00761	0.07079	0.01389	0.01821	0.07639	0.24936	0.10610	0.01524	0.00738	0.00236	0.00445	0.36553	0.00538	0.00544
64	0.01543	0.00747	0.01000	0.00844	0.01108	0.00665	0.00665	0.01793	0.01627	0.33387	0.45212	0.03301	0.03734	0.00977	0.00633	0.00179	0.00360	0.00843	0.00662	0.00721
65	0.05566	0.01428	0.05756	0.05043	0.02371	0.03541	0.38762	0.04400	0.04655	0.16207	0.05330	0.01723	0.01226	0.00593	0.00618	0.00186	0.00767	0.00623	0.00409	0.00797
66	0.01387	0.01501	0.06586	0.12145	0.12473	0.01407	0.44730	0.04954	0.01368	0.04315	0.01159	0.01507	0.00872	0.00528	0.00659	0.00189	0.02520	0.00605	0.00307	0.00788
67	0.01522	0.01076	0.01227	0.01062	0.01326	0.01150	0.00821	0.37564	0.01889	0.05564	0.02079	0.29677	0.02080	0.05140	0.04801	0.00252	0.00560	0.00938	0.00538	0.00735
68	0.16018	0.49502	0.02332	0.01048	0.01449	0.12434	0.00955	0.01760	0.01170	0.01569	0.00804	0.00962	0.00716	0.00551	0.00504	0.00145	0.06785	0.00330	0.00271	0.00696
69	0.00708	0.00515	0.00667	0.00768	0.00827	0.00475	0.00523	0.00830	0.01173	0.01561	0.11550	0.64317	0.10594	0.01691	0.00719	0.00223	0.00321	0.01521	0.00542	0.00475
70	0.37918	0.04713	0.21888	0.01138	0.01648	0.05292	0.01149	0.13621	0.01380	0.05054	0.01009	0.01118	0.00744	0.00567	0.00458	0.00174	0.00621	0.00386	0.00364	0.00758
71	0.02953	0.24114	0.05950	0.08224	0.02469	0.05677	0.36864	0.01774	0.01266	0.01639	0.01003	0.01302	0.00800	0.00516	0.00594	0.00171	0.03156	0.00517	0.00272	0.00740
72	0.01214	0.00999	0.01348	0.04884	0.01425	0.02789	0.03922	0.08186	0.01200	0.03261	0.04165	0.01823	0.01266	0.01773	0.22120	0.00397	0.24988	0.00565	0.13053	0.00623
73	0.00810	0.00585	0.00765	0.00720	0.00855	0.00540	0.00540	0.01079	0.01619	0.02294	0.76028	0.04273	0.05397	0.01169	0.00675	0.00180	0.00270	0.01034	0.00630	0.00540
74	0.01423	0.01229	0.01293	0.01164	0.01487	0.01423	0.00905	0.03039	0.75297	0.02393	0.02328	0.02134	0.01746	0.00776	0.00582	0.00194	0.00453	0.00647	0.00582	0.00905
75	0.00832	0.00555	0.00624	0.00624	0.00624	0.00555	0.00347	0.00832	0.00832	0.01109	0.01802	0.03743	0.02080	0.79898	0.02911	0.00555	0.00555	0.00832	0.00347	0.00347
76	0.00706	0.00508	0.00672	0.00799	0.00843	0.00474	0.00545	0.00815	0.01113	0.01475	0.03250	0.73360	0.06583	0.01769	0.00731	0.00232	0.00339	0.04786	0.00531	0.00468
77	0.01090	0.01027	0.01734	0.76289	0.06096	0.01273	0.01593	0.01470	0.01148	0.01474	0.01018	0.01522	0.00767	0.00570	0.00572	0.00190	0.00760	0.00508	0.00255	0.00643
78	0.02174	0.01602	0.01717	0.01316	0.01774	0.01774	0.01087	0.74423	0.02689	0.03605	0.01373	0.01373	0.00973	0.00687	0.00572	0.00172	0.00629	0.00515	0.00572	0.00973
79	0.00907	0.00629	0.00710	0.00654	0.00748	0.00587	0.00405	0.00968	0.00916	0.01306	0.01677	0.03207	0.01832	0.61162	0.02323	0.00447	0.00513	0.00729	0.06187	0.14092
80	0.02146	0.01588	0.01700	0.01310	0.01763	0.01760	0.01080	0.71699	0.05460	0.03559	0.01410	0.01402	0.01002	0.00690	0.00573	0.00173	0.00623	0.00520	0.00573	0.00970
81	0.01529	0.80242	0.02997	0.00979	0.01468	0.02263	0.00979	0.01713	0.01162	0.01346	0.00795	0.00918	0.00734	0.00489	0.00367	0.00122	0.00612	0.00306	0.00245	0.00734
82	0.01438	0.05357	0.11979	0.10364	0.35772	0.01448	0.04407	0.10387	0.09458	0.02053	0.01224	0.01454	0.00956	0.00568	0.00561	0.00175	0.00687	0.00510	0.00339	0.00864
83	0.01241	0.01363	0.02896	0.03754	0.02654	0.01284	0.60523	0.01666	0.01327	0.01800	0.04751	0.11063	0.01420	0.00673	0.00679	0.00197	0.00853	0.00802	0.00333	0.00721
84	0.01416	0.01359	0.02322	0.03511	0.76330	0.01359	0.01755	0.01755	0.01302	0.01869	0.01076	0.01416	0.00906	0.00510	0.00566	0.00170	0.00680	0.00510	0.00283	0.00906
85	0.00739	0.00603	0.00699	0.04743	0.00975	0.00543	0.00541	0.00928	0.01363	0.01724	0.22371	0.08248	0.49446	0.01354	0.00676	0.00194	0.00319	0.03487	0.00540	0.00505
86	0.02217	0.01445	0.01563	0.01217	0.01647	0.05459	0.00997	0.47929	0.02300	0.23239	0.04934	0.01641	0.01279	0.00709	0.00575	0.00172	0.00596	0.00547	0.00597	0.00937
87	0.00697	0.00498	0.00664	0.00796	0.00830	0.00465	0.00531	0.00796	0.01095	0.01460	0.03153	0.79525	0.03783	0.01792	0.00730	0.00232	0.00332	0.01626	0.00531	0.00465
88	0.00697	0.00498	0.00664	0.00796	0.00830	0.00465	0.00531	0.00796	0.01095	0.01460	0.03153	0.79525	0.03783	0.01792	0.00730	0.00232	0.00332	0.01626	0.00531	0.00465
89	0.01285	0.01269	0.01789	0.19210	0.02136	0.04502	0.04575	0.04439	0.01067	0.01521	0.00879	0.01339	0.00779	0.00845	0.01393	0.00225	0.49928	0.00506	0.01663	0.00649
90	0.36673	0.01547	0.01249	0.01076	0.01423	0.17826	0.00858	0.19588	0.04860	0.02472	0.01078	0.01208	0.00840	0.00862	0.05992	0.00223	0.00694	0.00409	0.00401	0.00720
91	0.01437	0.00793	0.00851	0.00739	0.00969	0.00815	0.00582	0.16316	0.01545	0.09704	0.01804	0.01960	0.01361	0.00675	0.00452	0.00145	0.00362	0.00534	0.58291	0.00665
92	0.01353	0.01040	0.01149	0.01053	0.01337	0.01143	0.00824	0.02479	0.49728	0.08663	0.05554	0.06774	0.09036	0.00961	0.00617	0.00199	0.00433	0.06265	0.00583	0.00806
93	0.01314	0.00606	0.00664	0.00613	0.00798	0.00584	0.00473	0.01573	0.01272	0.14467	0.01931	0.02102	0.01458	0.00673	0.00429	0.00141	0.00303	0.00540	0.69454	0.00606
94	0.00810	0.00585	0.00765	0.00720	0.00855	0.00540	0.00540	0.01079	0.01619	0.02294	0.76028	0.04273	0.05397	0.01169	0.00675	0.00180	0.00270	0.01034	0.00630	0.00540
95	0.00696	0.00501	0.00661	0.00788	0.00828	0.00465	0.00527	0.00797	0.01103	0.01463	0.03251	0.76773	0.06472	0.01779	0.00728	0.00231	0.00330	0.01610	0.00531	0.00465
96	0.00817	0.00613	0.00919	0.00919	0.01021	0.00715	0.00715	0.01021	0.00919	0.01328	0.01532	0.02247	0.01430	0.04290	0.77631	0.00919	0.01532	0.00613	0.00306	0.00511
97	0.01423	0.01229	0.01293	0.01164	0.01487	0.01423	0.00905	0.03039	0.75297	0.02393	0.02328	0.02134	0.01746	0.00776	0.00582	0.00194	0.00453	0.00647	0.00582	0.00905
98	0.01186	0.01017	0.01186	0.00847	0.01356	0.00762	0.00678	0.01440	0.01186	0.01864	0.01017	0.01186	0.00847	0.00424	0.00424	0.00085	0.00424	0.00339	0.00339	0.83395
99	0.02174	0.01602	0.01717	0.01316	0.01774	0.01774	0.01087	0.74423	0.02689	0.03605	0.01373	0.01373	0.00973	0.00687	0.00572	0.00172	0.00629	0.00515	0.00572	0.00973
100	0.01927	0.02385	0.01642	0.14215	0.02117	0.61961	0.01191	0.02112	0.01512	0.01409	0.00901	0.01122	0.00742	0.00603	0.00579	0.00159	0.04085	0.00397	0.00286	0.00657
101	0.01147	0.02959	0.76934	0.01630	0.02476	0.01328	0.02113	0.01811	0.01208	0.01811	0.01026	0.01208	0.00725	0.00543	0.00543	0.00181	0.00845	0.00423	0.00242	0.00845
102	0.01251	0.01251	0.01752	0.01502	0.01502	0.01752	0.01251	0.01377	0.00876	0.01377	0.00751	0.01251	0.00751	0.01001	0.01877	0.00250	0.78851	0.00501	0.00250	0.00626
103	0.00832	0.00555	0.00624	0.00624	0.00624	0.00555	0.00347	0.00832	0.00832	0.01109	0.01802	0.03743	0.02080	0.79898	0.02911	0.00555	0.00555	0.00832	0.00347	0.00347
104	0.83938	0.01106	0.00841	0.00752	0.01106	0.01283	0.00619	0.01681	0.00973	0.02566	0.00796	0.00929	0.00619	0.00531	0.00354	0.00177	0.00442	0.00310	0.00354	0.00619
105	0.00676	0.00578	0.00581	0.00584	0.00774	0.00482	0.00437	0.00820	0.01299	0.01543	0.05740	0.07030	0.74607	0.01456	0.00677	0.00194	0.00291	0.01216	0.00531	0.00482
106	0.00810	0.00585	0.00765	0.00720	0.00855	0.00540	0.00540	0.01079	0.01619	0.02294	0.76028	0.04273	0.05397	0.01169	0.00675	0.00180	0.00270	0.01034	0.00630	0.00540
107	0.01186	0.01017	0.01186	0.00847	0.01356	0.00762	0.00678	0.01440	0.01186	0.01864	0.01017	0.01186	0.00847	0.00424	0.00424	0.00085	0.00424	0.00339	0.00339	0.83395
108	0.00722	0.00527	0.00680	0.00757	0.00830	0.00485	0.00524	0.00867	0.01242	0.01670	0.21048	0.54190	0.11128	0.01608	0.00711	0.00216	0.00313	0.01443	0.00555	0.00485
109	0.01147	0.02959	0.76934	0.01630	0.02476	0.01328	0.02113	0.01811	0.01208	0.01811	0.01026	0.01208	0.00725	0.00543	0.00543	0.00181	0.00845	0.00423	0.00242	0.00845
110	0.02549	0.01001	0.01344	0.01031	0.01474	0.00881	0.00851	0.05905	0.01683	0.73545	0.02218	0.01922	0.01397	0.00707	0.00575	0.00177	0.00493	0.00573	0.00702	0.00973
111	0.00922	0.00658	0.00922	0.01053	0.01185	0.00658	0.00922	0.01185	0.01317	0.01712	0.03029	0.06452	0.03292	0.01580	0.00790	0.00263	0.00527	0.72480	0.00527	0.00527
112	0.00817	0.00613	0.00919	0.00919	0.01021	0.00715	0.00715	0.01021	0.00919	0.01328	0.01532	0.02247	0.01430	0.04290	0.77631	0.00919	0.01532	0.00613	0.00306	0.00511
113	0.00928	0.00625	0.00838	0.00948	0.01072	0.00623	0.00806	0.01180	0.01280	0.01762	0.02846	0.11316	0.03027	0.01445	0.00721	0.00239	0.00469	0.55174	0.14176	0.00523
114	0.01298	0.01304	0.02563	0.18299	0.05856	0.01310	0.43686	0.04945	0.01346	0.01871	0.01219	0.01598	0.00924	0.00534	0.00611	0.00183	0.00811	0.00609	0.10304	0.00728
115	0.01067	0.00552	0.00578	0.03509	0.00791	0.00561	0.00445	0.01338	0.01197	0.02107	0.01834	0.02109	0.01439	0.00663	0.00406	0.00135	0.00285	0.00532	0.79913	0.00537
116	0.01186	0.01017	0.01186	0.00847	0.01356	0.00762	0.00678	0.01440	0.01186	0.01864	0.01017	0.01186	0.00847	0.00424	0.00424	0.00085	0.00424	0.00339	0.00339	0.83395
117	0.00810	0.00585	0.00765	0.00720	0.00855	0.00540	0.00540	0.01079	0.01619	0.02294	0.76028	0.04273	0.05397	0.01169	0.00675	0.00180	0.00270	0.01034	0.00630	0.00540
118	0.00685	0.00580	0.00592	0.00589	0.00778	0.00487	0.00442	0.00838	0.01325	0.01595	0.10513	0.05422	0.71348	0.01430	0.00676	0.00192	0.00288	0.01196	0.00538	0.00487
119	0.02566	0.00973	0.01327	0.01018	0.01460	0.00841	0.00841	0.02788	0.01637	0.76726	0.02257	0.01947	0.01416	0.00708	0.00575	0.00177	0.00487	0.00575	0.00708	0.00973
120	0.00810	0.00585	0.00765	0.00720	0.00855	0.00540	0.00540	0.01079	0.01619	0.02294	0.76028	0.04273	0.05397	0.01169	0.00675	0.00180	0.00270	0.01034	0.00630	0.00540
121	0.02137	0.02726	0.01621	0.01474	0.01768	0.77602	0.01105	0.02284	0.01621	0.01400	0.00884	0.01031	0.00737	0.00589	0.00516	0.00147	0.01031	0.00368	0.00295	0.00663
122	0.02173	0.01634	0.01714	0.01321	0.01774	0.03921	0.01088	0.72380	0.02659	0.03542	0.01359	0.01364	0.00966	0.00684	0.00571	0.00171	0.00641	0.00511	0.00564	0.00964
123	0.83938	0.01106	0.00841	0.00752	0.01106	0.01283	0.00619	0.01681	0.00973	0.02566	0.00796	0.00929	0.00619	0.00531	0.00354	0.00177	0.00442	0.00310	0.00354	0.00619
124	0.83938	0.01106	0.00841	0.00752	0.01106	0.01283	0.00619	0.01681	0.00973	0.02566	0.00796	0.00929	0.00619	0.00531	0.00354	0.00177	0.00442	0.00310	0.00354	0.00619
125	0.01186	0.01017	0.01186	0.00847	0.01356	0.00762	0.00678	0.01440	0.01186	0.01864	0.01017	0.01186	0.00847	0.00424	0.00424	0.00085	0.00424	0.00339	0.00339	0.83395
126	0.00697	0.00498	0.00664	0.00796	0.00830	0.00465	0.00531	0.00796	0.01095	0.01460	0.03153	0.79525	0.03783	0.01792	0.00730	0.00232	0.00332	0.01626	0.00531	0.00465
127	0.01147	0.02959	0.76934	0.01630	0.02476	0.01328	0.02113	0.01811	0.01208	0.01811	0.01026	0.01208	0.00725	0.00543	0.00543	0.00181	0.00845	0.00423	0.00242	0.00845
128	0.02174	0.01602	0.01717	0.01316	0.01774	0.01774	0.01087	0.74423	0.02689	0.03605	0.01373	0.01373	0.00973	0.00687	0.00572	0.00172	0.00629	0.00515	0.00572	0.00973
129	0.00728	0.00581	0.00651	0.00634	0.00804	0.00505	0.00475	0.00921	0.01426	0.01834	0.32928	0.05029	0.48784	0.01341	0.00675	0.00188	0.00282	0.01140	0.00569	0.00505
130	0.01189	0.08379	0.08739	0.00894	0.01179	0.00836	0.00790	0.01485	0.02844	0.14005	0.38177	0.10751	0.06395	0.01034	0.00620	0.00180	0.00405	0.00889	0.00552	0.00656
131	0.01467	0.19467	0.02017	0.01372	0.01540	0.11861	0.01164	0.04423	0.01110	0.01460	0.00803	0.01151	0.00754	0.00818	0.01303	0.00204	0.47711	0.00439	0.00267	0.00669
132	0.26019	0.01828	0.08113	0.01327	0.05423	0.19376	0.01079	0.26043	0.01734	0.02536	0.01043	0.01150	0.00788	0.00597	0.00492	0.00168	0.00691	0.00412	0.00399	0.00782
133	0.00932	0.01144	0.16796	0.00992	0.01301	0.00776	0.03896	0.01345	0.04389	0.02175	0.52851	0.03392	0.04010	0.00984	0.00638	0.00180	0.00426	0.00866	0.02280	0.00627
134	0.01423	0.01229	0.01293	0.01164	0.01487	0.01423	0.00905	0.03039	0.75297	0.02393	0.02328	0.02134	0.01746	0.00776	0.00582	0.00194	0.00453	0.00647	0.00582	0.00905
135	0.83938	0.01106	0.00841	0.00752	0.01106	0.01283	0.00619	0.01681	0.00973	0.02566	0.00796	0.00929	0.00619	0.00531	0.00354	0.00177	0.00442	0.00310	0.00354	0.00619
136	0.00832	0.00555	0.00624	0.00624	0.00624	0.00555	0.00347	0.00832	0.00832	0.01109	0.01802	0.03743	0.02080	0.79898	0.02911	0.00555	0.00555	0.00832	0.00347	0.00347
137	0.00697	0.00498	0.00664	0.00796	0.00830	0.00465	0.00531	0.00796	0.01095	0.01460	0.03153	0.79525	0.03783	0.01792	0.00730	0.00232	0.00332	0.01626	0.00531	0.00465
138	0.01067	0.00549	0.00572	0.03094	0.00774	0.00557	0.00439	0.01337	0.01198	0.02110	0.01838	0.02113	0.01443	0.00663	0.00405	0.00135	0.00283	0.00532	0.80354	0.00536
139	0.01258	0.14274	0.62079	0.01518	0.02290	0.01490	0.01892	0.05621	0.01279	0.01837	0.01011	0.01174	0.00739	0.00543	0.00519	0.00172	0.00800	0.00410	0.00259	0.00836
140	0.01186	0.01017	0.01186	0.00847	0.01356	0.00762	0.00678	0.01440	0.01186	0.01864	0.01017	0.01186	0.00847	0.00424	0.00424	0.00085	0.00424	0.00339	0.00339	0.83395
141	0.01473	0.53351	0.02384	0.01029	0.01437	0.05913	0.00935	0.01947	0.16665	0.01576	0.01306	0.07393	0.01187	0.00658	0.00448	0.00147	0.00578	0.00485	0.00340	0.00745
142	0.01414	0.01010	0.01209	0.00875	0.01373	0.00775	0.00705	0.01663	0.01261	0.14243	0.01222	0.01312	0.00941	0.00471	0.00449	0.00100	0.00434	0.00378	0.00400	0.69766
143	0.01123	0.01360	0.22464	0.01054	0.01435	0.00884	0.01052	0.01644	0.09515	0.08644	0.38946	0.04375	0.03298	0.00920	0.00620	0.00183	0.00473	0.00790	0.00519	0.00703
144	0.01514	0.03873	0.02043	0.09567	0.02060	0.01483	0.16763	0.04577	0.01217	0.14041	0.01160	0.01466	0.00908	0.00762	0.01143	0.00210	0.34129	0.00546	0.01808	0.00731
145	0.00832	0.00555	0.00624	0.00624	0.00624	0.00555	0.00347	0.00832	0.00832	0.01109	0.01802	0.03743	0.02080	0.79898	0.02911	0.00555	0.00555	0.00832	0.00347	0.00347
146	0.02226	0.01519	0.01665	0.01276	0.01732	0.01650	0.01054	0.64924	0.02550	0.13301	0.01490	0.01449	0.01031	0.00689	0.00573	0.00172	0.00610	0.00523	0.00590	0.00973
147	0.01217	0.06725	0.58531	0.01910	0.13301	0.01388	0.05477	0.01799	0.01226	0.01796	0.01028	0.01239	0.00759	0.00533	0.00544	0.00177	0.00814	0.00441	0.00250	0.00845
148	0.02566	0.00973	0.01327	0.01018	0.01460	0.00841	0.00841	0.02788	0.01637	0.76726	0.02257	0.01947	0.01416	0.00708	0.00575	0.00177	0.00487	0.00575	0.00708	0.00973
149	0.00840	0.00632	0.00808	0.00896	0.01048	0.00600	0.00760	0.01064	0.01312	0.01656	0.03949	0.06137	0.27515	0.01536	0.00752	0.00240	0.00448	0.48767	0.00528	0.00512
150	0.01234	0.02788	0.69578	0.01631	0.02442	0.01307	0.05182	0.01866	0.01237	0.05930	0.01100	0.01263	0.00769	0.00550	0.00551	0.00181	0.00831	0.00442	0.00269	0.00849
151	0.01384	0.01354	0.02177	0.17573	0.59429	0.04660	0.01696	0.01723	0.01286	0.01771	0.01056	0.01420	0.00872	0.00525	0.00565	0.00173	0.00710	0.00503	0.00278	0.00844
152	0.00804	0.00546	0.00629	0.00651	0.00664	0.00537	0.00380	0.00826	0.00893	0.01184	0.02178	0.16341	0.05185	0.63990	0.02465	0.00487	0.00508	0.00977	0.00384	0.00371
153	0.00793	0.00596	0.00669	0.00642	0.00826	0.00515	0.00485	0.00982	0.01420	0.04695	0.28764	0.04962	0.49953	0.01328	0.00672	0.00188	0.00291	0.01126	0.00570	0.00521
154	0.01244	0.01189	0.01839	0.33562	0.12468	0.01497	0.02724	0.04648	0.01130	0.01582	0.00938	0.01396	0.00788	0.00736	0.01087	0.00211	0.31497	0.00509	0.00271	0.00685
155	0.01362	0.19680	0.44619	0.01657	0.08818	0.09444	0.03325	0.01834	0.01252	0.01672	0.00968	0.01152	0.00747	0.00532	0.00507	0.00164	0.00801	0.00405	0.00253	0.00806
156	0.01269	0.01066	0.01231	0.00887	0.01391	0.00847	0.00712	0.07560	0.01312	0.02010	0.01047	0.01202	0.00858	0.00446	0.00436	0.00092	0.00441	0.00354	0.00358	0.76483
157	0.05106	0.05602	0.01865	0.04903	0.05120	0.01623	0.07441	0.46818	0.02131	0.05955	0.01356	0.04357	0.01043	0.00693	0.00612	0.00177	0.03278	0.00554	0.00488	0.00880
158	0.00697	0.00498	0.00664	0.00796	0.00830	0.00465	0.00531	0.00796	0.01095	0.01460	0.03153	0.79525	0.03783	0.01792	0.00730	0.00232	0.00332	0.01626	0.00531	0.00465
159	0.01353	0.01295	0.02208	0.17575	0.62758	0.01342	0.01724	0.01700	0.01273	0.01792	0.01065	0.01436	0.00879	0.00521	0.00567	0.00174	0.00695	0.00509	0.00278	0.00855
160	0.05144	0.04151	0.01559	0.14183	0.04848	0.05111	0.04202	0.02336	0.07658	0.39432	0.04312	0.01807	0.01335	0.00668	0.00563	0.00178	0.00583	0.00556	0.00531	0.00846
161	0.05420	0.10438	0.01532	0.11567	0.01788	0.01458	0.00986	0.06538	0.43480	0.04657	0.04857	0.01890	0.01535	0.00712	0.00547	0.00182	0.00516	0.00578	0.00493	0.00826
162	0.00922	0.00658	0.00922	0.01053	0.01185	0.00658	0.00922	0.01185	0.01317	0.01712	0.03029	0.06452	0.03292	0.01580	0.00790	0.00263	0.00527	0.72480	0.00527	0.00527
163	0.83938	0.01106	0.00841	0.00752	0.01106	0.01283	0.00619	0.01681	0.00973	0.02566	0.00796	0.00929	0.00619	0.00531	0.00354	0.00177	0.00442	0.00310	0.00354	0.00619
164	0.01015	0.00960	0.08217	0.01191	0.01436	0.00761	0.14283	0.01255	0.01217	0.07545	0.04909	0.47832	0.02821	0.01326	0.00690	0.00215	0.00510	0.02740	0.00477	0.00600
165	0.02546	0.01007	0.01348	0.01033	0.01477	0.00890	0.00854	0.06560	0.01693	0.72876	0.02210	0.01917	0.01393	0.00707	0.00575	0.00177	0.00494	0.00572	0.00701	0.00973
166	0.83938	0.01106	0.00841	0.00752	0.01106	0.01283	0.00619	0.01681	0.00973	0.02566	0.00796	0.00929	0.00619	0.00531	0.00354	0.00177	0.00442	0.00310	0.00354	0.00619
167	0.01135	0.01076	0.01801	0.64118	0.13799	0.01308	0.01594	0.01498	0.01152	0.01513	0.01011	0.01495	0.00782	0.00586	0.00640	0.00191	0.04863	0.00508	0.00258	0.00672
168	0.02034	0.01142	0.04671	0.10243	0.05365	0.03824	0.01015	0.04497	0.04571	0.46210	0.04927	0.02072	0.05344	0.00730	0.00580	0.00179	0.00548	0.00602	0.00577	0.00868
169	0.01086	0.01023	0.01726	0.77179	0.05237	0.01272	0.01592	0.01467	0.01147	0.01469	0.01018	0.01523	0.00765	0.00571	0.00572	0.00190	0.00761	0.00508	0.00255	0.00640
170	0.00810	0.00584	0.00759	0.00716	0.00846	0.00540	0.00532	0.01070	0.01589	0.02249	0.73196	0.04252	0.05270	0.04173	0.00760	0.00194	0.00281	0.01027	0.00619	0.00532
171	0.01356	0.01383	0.08076	0.02706	0.45048	0.01231	0.12643	0.01713	0.01304	0.05616	0.01426	0.07989	0.01284	0.00684	0.00608	0.00185	0.00689	0.04896	0.00337	0.00826
172	0.01290	0.13692	0.57934	0.01544	0.02300	0.01480	0.05014	0.05640	0.01293	0.03235	0.01041	0.01204	0.00758	0.00544	0.00526	0.00173	0.00800	0.00425	0.00270	0.00836
173	0.01402	0.01329	0.02238	0.11615	0.66225	0.01362	0.01717	0.03888	0.01326	0.01876	0.01078	0.01426	0.00892	0.00522	0.00567	0.00172	0.00687	0.00510	0.00289	0.00879
174	0.00832	0.00555	0.00624	0.00624	0.00624	0.00555	0.00347	0.00832	0.00832	0.01109	0.01802	0.03743	0.02080	0.79898	0.02911	0.00555	0.00555	0.00832	0.00347	0.00347
175	0.02174	0.01602	0.01717	0.01316	0.01774	0.01774	0.01087	0.74423	0.02689	0.03605	0.01373	0.01373	0.00973	0.00687	0.00572	0.00172	0.00629	0.00515	0.00572	0.00973
176	0.01492	0.01077	0.01207	0.01017	0.01337	0.02475	0.00798	0.24840	0.05588	0.07639	0.01925	0.20013	0.01818	0.02569	0.00630	0.00180	0.00486	0.03888	0.03965	0.17055
177	0.01308	0.06512	0.54083	0.04622	0.02459	0.04337	0.10729	0.01869	0.01261	0.05997	0.01094	0.01281	0.00784	0.00545	0.00552	0.00178	0.00832	0.00457	0.00276	0.00823
178	0.02566	0.00973	0.01327	0.01018	0.01460	0.00841	0.00841	0.02788	0.01637	0.76726	0.02257	0.01947	0.01416	0.00708	0.00575	0.00177	0.00487	0.00575	0.00708	0.00973
179	0.00832	0.00555	0.00624	0.00624	0.00624	0.00555	0.00347	0.00832	0.00832	0.01109	0.01802	0.03743	0.02080	0.79898	0.02911	0.00555	0.00555	0.00832	0.00347	0.00347
180	0.01780	0.01284	0.01435	0.02868	0.02969	0.01420	0.00972	0.21231	0.42663	0.13889	0.02022	0.01885	0.01462	0.00734	0.00578	0.00185	0.00514	0.00597	0.00586	0.00927
181	0.01368	0.15229	0.53001	0.01501	0.02201	0.13791	0.01770	0.01872	0.01267	0.01671	0.00967	0.01133	0.00728	0.00542	0.00511	0.00166	0.00838	0.00395	0.00251	0.00798
182	0.01333	0.01497	0.03210	0.08053	0.06060	0.01430	0.65943	0.01802	0.01333	0.01806	0.01144	0.01536	0.00862	0.00490	0.00663	0.00192	0.00938	0.00656	0.00286	0.00767
183	0.00698	0.00504	0.00661	0.00783	0.00827	0.00467	0.00526	0.00804	0.01117	0.01482	0.04790	0.74079	0.07624	0.01761	0.00726	0.00229	0.00328	0.01592	0.00533	0.00467
184	0.00872	0.00693	0.01024	0.00993	0.01082	0.00845	0.00782	0.01066	0.00914	0.01334	0.01434	0.02122	0.01344	0.03876	0.68098	0.00835	0.11262	0.00599	0.00299	0.00525
185	0.15069	0.01368	0.02525	0.11972	0.02638	0.01385	0.44003	0.04958	0.01324	0.05917	0.01138	0.01447	0.00844	0.00533	0.00623	0.00189	0.02414	0.00577	0.00329	0.00745
186	0.00881	0.00688	0.01016	0.01017	0.02688	0.00822	0.00778	0.01083	0.00934	0.01374	0.01459	0.02129	0.01355	0.03759	0.65859	0.00810	0.08903	0.00597	0.03318	0.00531
187	0.00811	0.00662	0.00747	0.02382	0.00922	0.03065	0.00544	0.01035	0.01496	0.01979	0.46878	0.04546	0.30366	0.01237	0.00668	0.00184	0.00313	0.01063	0.00575	0.00526
188	0.01345	0.01084	0.03641	0.01088	0.02938	0.01142	0.00853	0.04455	0.39776	0.06753	0.10776	0.05998	0.02100	0.00846	0.00627	0.00186	0.03634	0.00700	0.11272	0.00786
189	0.01345	0.01273	0.02147	0.22047	0.48383	0.01353	0.04901	0.04823	0.01307	0.01818	0.01081	0.01462	0.00880	0.00626	0.02307	0.00195	0.02425	0.00519	0.00289	0.00820

[dist]
