[name]
unknown

[dist]
# distance from previous block
# <min> <max>
20	216

[block]
# block no. 0 follows, 41 sequences, length 71
# corresponding to MSA columns:
# 264-334
name=unknown_A
#
# <colnr> <probs for GDERKNQSTAVLIFYWHMCP>
#	G	D	E	R	K	N	Q	S	T	A	V	L	I	F	Y	W	H	M	C	P
0	0.00988	0.00787	0.00971	0.00992	0.01154	0.00830	0.02207	0.01616	0.24737	0.01834	0.04341	0.35387	0.04489	0.01380	0.00692	0.00224	0.00421	0.15781	0.00543	0.00625
1	0.02164	0.00902	0.01221	0.00981	0.01347	0.00826	0.00800	0.04286	0.01514	0.57336	0.02084	0.01995	0.01409	0.01336	0.14138	0.00305	0.00662	0.00578	0.05249	0.00867
2	0.02174	0.01602	0.01717	0.01316	0.01774	0.01774	0.01087	0.74423	0.02689	0.03605	0.01373	0.01373	0.00973	0.00687	0.00572	0.00172	0.00629	0.00515	0.00572	0.00973
3	0.83938	0.01106	0.00841	0.00752	0.01106	0.01283	0.00619	0.01681	0.00973	0.02566	0.00796	0.00929	0.00619	0.00531	0.00354	0.00177	0.00442	0.00310	0.00354	0.00619
4	0.00787	0.00567	0.00744	0.00735	0.00849	0.00524	0.00538	0.01022	0.01513	0.02125	0.61239	0.19544	0.05069	0.01296	0.00686	0.00191	0.00282	0.01154	0.00610	0.00524
5	0.00711	0.00581	0.00628	0.00616	0.00794	0.00498	0.00462	0.00888	0.01386	0.01740	0.24067	0.05184	0.57704	0.01376	0.00676	0.00190	0.00285	0.01162	0.00557	0.00498
6	0.01165	0.00931	0.01071	0.00792	0.01234	0.00722	0.00629	0.01421	0.01188	0.01911	0.01166	0.01353	0.00956	0.00466	0.00419	0.00093	0.00396	0.00373	0.14912	0.68800
7	0.01333	0.01492	0.03089	0.02251	0.02727	0.01500	0.61394	0.01752	0.01267	0.01752	0.01086	0.01492	0.00847	0.00574	0.00887	0.00203	0.14683	0.00644	0.00282	0.00746
8	0.00766	0.00656	0.00686	0.00627	0.00875	0.00532	0.00477	0.00930	0.01283	0.01601	0.04953	0.04744	0.62843	0.01268	0.00632	0.00174	0.00313	0.01054	0.00497	0.15087
9	0.02174	0.01602	0.01717	0.01316	0.01774	0.01774	0.01087	0.74423	0.02689	0.03605	0.01373	0.01373	0.00973	0.00687	0.00572	0.00172	0.00629	0.00515	0.00572	0.00973
10	0.00703	0.00502	0.00671	0.00803	0.00839	0.00470	0.00541	0.00807	0.01101	0.01467	0.03149	0.77586	0.03770	0.01786	0.00732	0.00233	0.00337	0.03506	0.00531	0.00466
11	0.00747	0.00656	0.00780	0.14308	0.01330	0.00622	0.00638	0.00934	0.01276	0.01530	0.04953	0.04804	0.62828	0.01294	0.00658	0.00193	0.00373	0.01084	0.00482	0.00510
12	0.01009	0.00782	0.01168	0.01486	0.14421	0.00782	0.01069	0.01286	0.01314	0.01739	0.02685	0.05565	0.02872	0.01392	0.00751	0.00247	0.00554	0.59803	0.00484	0.00594
13	0.69537	0.01194	0.00995	0.00852	0.01224	0.01370	0.00702	0.14494	0.01276	0.02749	0.00898	0.01007	0.00682	0.00558	0.00392	0.00176	0.00475	0.00346	0.00392	0.00682
14	0.01186	0.01017	0.01186	0.00847	0.01356	0.00762	0.00678	0.01440	0.01186	0.01864	0.01017	0.01186	0.00847	0.00424	0.00424	0.00085	0.00424	0.00339	0.00339	0.83395
15	0.00998	0.00541	0.00541	0.00541	0.00685	0.00524	0.00406	0.01243	0.01218	0.02029	0.02558	0.02726	0.14612	0.00804	0.00448	0.00144	0.00271	0.00652	0.68535	0.00524
16	0.02261	0.00900	0.01203	0.00948	0.01313	0.00790	0.00754	0.02443	0.01495	0.63407	0.02177	0.02263	0.01533	0.14656	0.00987	0.00243	0.00499	0.00620	0.00644	0.00863
17	0.69276	0.00999	0.00810	0.00760	0.01057	0.01139	0.00604	0.01526	0.00995	0.02371	0.01211	0.14773	0.01177	0.00753	0.00420	0.00187	0.00423	0.00542	0.00385	0.00592
18	0.83938	0.01106	0.00841	0.00752	0.01106	0.01283	0.00619	0.01681	0.00973	0.02566	0.00796	0.00929	0.00619	0.00531	0.00354	0.00177	0.00442	0.00310	0.00354	0.00619
19	0.02233	0.00904	0.01196	0.00940	0.01339	0.00778	0.00769	0.02441	0.01578	0.63484	0.02880	0.02574	0.14570	0.00838	0.00593	0.00180	0.00452	0.00687	0.00677	0.00887
20	0.00855	0.00576	0.00724	0.00687	0.00821	0.00539	0.00515	0.01124	0.01545	0.02265	0.62965	0.03896	0.04705	0.01081	0.00626	0.00172	0.00269	0.00946	0.15151	0.00539
21	0.00796	0.00593	0.00874	0.00898	0.00988	0.00671	0.00683	0.00982	0.00950	0.01351	0.01818	0.15859	0.01844	0.03850	0.64086	0.00798	0.01321	0.00791	0.00346	0.00503
22	0.01938	0.01418	0.01524	0.01194	0.01571	0.01559	0.00957	0.61461	0.02362	0.03165	0.01449	0.01791	0.01168	0.14639	0.00984	0.00239	0.00616	0.00571	0.00532	0.00862
23	0.01198	0.01058	0.01286	0.00962	0.01381	0.00937	0.00779	0.01429	0.01131	0.01778	0.00970	0.01198	0.00830	0.00525	0.00680	0.00114	0.14238	0.00367	0.00323	0.68816
24	0.16899	0.00997	0.01242	0.00971	0.01398	0.00919	0.00802	0.02593	0.01520	0.63664	0.01999	0.01768	0.01276	0.00677	0.00536	0.00177	0.00479	0.00528	0.00646	0.00911
25	0.00721	0.00508	0.00657	0.00766	0.00793	0.00480	0.00498	0.00803	0.01049	0.01398	0.02915	0.66177	0.03483	0.15550	0.01114	0.00289	0.00371	0.01486	0.00498	0.00444
26	0.01291	0.01114	0.01168	0.01061	0.01361	0.01257	0.00822	0.02649	0.62264	0.02243	0.02939	0.02728	0.14842	0.00894	0.00599	0.00194	0.00424	0.00745	0.00573	0.00831
27	0.01379	0.66211	0.02571	0.00908	0.01346	0.01950	0.00883	0.01556	0.01187	0.01381	0.01676	0.01726	0.14009	0.00658	0.00421	0.00135	0.00555	0.00465	0.00295	0.00690
28	0.00804	0.00559	0.00616	0.00616	0.00650	0.00542	0.00362	0.00830	0.00915	0.01186	0.02505	0.04053	0.15117	0.66080	0.02518	0.00491	0.00508	0.00898	0.00379	0.00371
29	0.01319	0.01110	0.01175	0.01069	0.01335	0.01270	0.00807	0.02651	0.62181	0.02167	0.02235	0.02417	0.01805	0.14712	0.00992	0.00258	0.00471	0.00679	0.00541	0.00807
30	0.00832	0.00555	0.00624	0.00624	0.00624	0.00555	0.00347	0.00832	0.00832	0.01109	0.01802	0.03743	0.02080	0.79898	0.02911	0.00555	0.00555	0.00832	0.00347	0.00347
31	0.00882	0.00630	0.00876	0.01008	0.01122	0.00624	0.00853	0.01117	0.01278	0.01667	0.03050	0.19323	0.03378	0.01617	0.00779	0.00258	0.00492	0.60000	0.00527	0.00516
32	0.00810	0.00585	0.00765	0.00720	0.00855	0.00540	0.00540	0.01079	0.01619	0.02294	0.76028	0.04273	0.05397	0.01169	0.00675	0.00180	0.00270	0.01034	0.00630	0.00540
33	0.01354	0.01214	0.02007	0.02986	0.63003	0.01214	0.01517	0.01681	0.01284	0.01915	0.01215	0.01542	0.01005	0.00537	0.00537	0.00163	0.00607	0.00514	0.14866	0.00840
34	0.01562	0.76006	0.02922	0.01006	0.01484	0.06381	0.00986	0.01744	0.01187	0.01349	0.00800	0.00924	0.00734	0.00495	0.00375	0.00124	0.00635	0.00309	0.00247	0.00730
35	0.01423	0.01229	0.01293	0.01164	0.01487	0.01423	0.00905	0.03039	0.75297	0.02393	0.02328	0.02134	0.01746	0.00776	0.00582	0.00194	0.00453	0.00647	0.00582	0.00905
36	0.02101	0.01545	0.01657	0.01278	0.01711	0.01707	0.01047	0.70401	0.02588	0.03468	0.01397	0.01503	0.01033	0.05016	0.00700	0.00193	0.00625	0.00532	0.00560	0.00939
37	0.00817	0.00613	0.00919	0.00919	0.01021	0.00715	0.00715	0.01021	0.00919	0.01328	0.01532	0.02247	0.01430	0.04290	0.77631	0.00919	0.01532	0.00613	0.00306	0.00511
38	0.00697	0.00498	0.00664	0.00796	0.00830	0.00465	0.00531	0.00796	0.01095	0.01460	0.03153	0.79525	0.03783	0.01792	0.00730	0.00232	0.00332	0.01626	0.00531	0.00465
39	0.00832	0.00555	0.00624	0.00624	0.00624	0.00555	0.00347	0.00832	0.00832	0.01109	0.01802	0.03743	0.02080	0.79898	0.02911	0.00555	0.00555	0.00832	0.00347	0.00347
40	0.00676	0.00579	0.00579	0.00579	0.00773	0.00483	0.00435	0.00821	0.01304	0.01545	0.05794	0.05505	0.76098	0.01449	0.00676	0.00193	0.00290	0.01207	0.00531	0.00483
41	0.01423	0.01229	0.01293	0.01164	0.01487	0.01423	0.00905	0.03039	0.75297	0.02393	0.02328	0.02134	0.01746	0.00776	0.00582	0.00194	0.00453	0.00647	0.00582	0.00905
42	0.83938	0.01106	0.00841	0.00752	0.01106	0.01283	0.00619	0.01681	0.00973	0.02566	0.00796	0.00929	0.00619	0.00531	0.00354	0.00177	0.00442	0.00310	0.00354	0.00619
43	0.01186	0.01017	0.01186	0.00847	0.01356	0.00762	0.00678	0.01440	0.01186	0.01864	0.01017	0.01186	0.00847	0.00424	0.00424	0.00085	0.00424	0.00339	0.00339	0.83395
44	0.01505	0.75394	0.07635	0.01020	0.01531	0.02205	0.01050	0.01719	0.01165	0.01375	0.00810	0.00936	0.00733	0.00493	0.00378	0.00126	0.00626	0.00313	0.00244	0.00741
45	0.00810	0.00585	0.00765	0.00720	0.00855	0.00540	0.00540	0.01079	0.01619	0.02294	0.76028	0.04273	0.05397	0.01169	0.00675	0.00180	0.00270	0.01034	0.00630	0.00540
46	0.00810	0.00585	0.00765	0.00720	0.00855	0.00540	0.00540	0.01079	0.01619	0.02294	0.76028	0.04273	0.05397	0.01169	0.00675	0.00180	0.00270	0.01034	0.00630	0.00540
47	0.01416	0.01359	0.02322	0.03511	0.76330	0.01359	0.01755	0.01755	0.01302	0.01869	0.01076	0.01416	0.00906	0.00510	0.00566	0.00170	0.00680	0.00510	0.00283	0.00906
48	0.02174	0.01602	0.01717	0.01316	0.01774	0.01774	0.01087	0.74423	0.02689	0.03605	0.01373	0.01373	0.00973	0.00687	0.00572	0.00172	0.00629	0.00515	0.00572	0.00973
49	0.00810	0.00585	0.00765	0.00720	0.00855	0.00540	0.00540	0.01079	0.01619	0.02294	0.76028	0.04273	0.05397	0.01169	0.00675	0.00180	0.00270	0.01034	0.00630	0.00540
50	0.01423	0.01229	0.01293	0.01164	0.01487	0.01423	0.00905	0.03039	0.75297	0.02393	0.02328	0.02134	0.01746	0.00776	0.00582	0.00194	0.00453	0.00647	0.00582	0.00905
51	0.02097	0.02651	0.01659	0.01585	0.05844	0.73435	0.01141	0.02255	0.01604	0.01426	0.00895	0.01052	0.00746	0.00585	0.00519	0.00149	0.01012	0.00376	0.00294	0.00676
52	0.01162	0.02871	0.72856	0.01733	0.06512	0.01330	0.02094	0.01808	0.01213	0.01815	0.01029	0.01219	0.00734	0.00542	0.00545	0.00181	0.00836	0.00427	0.00244	0.00849
53	0.01598	0.71484	0.02842	0.01035	0.01502	0.10775	0.00993	0.01777	0.01214	0.01352	0.00805	0.00930	0.00734	0.00501	0.00384	0.00125	0.00659	0.00313	0.00250	0.00726
54	0.00810	0.00585	0.00765	0.00720	0.00855	0.00540	0.00540	0.01079	0.01619	0.02294	0.76028	0.04273	0.05397	0.01169	0.00675	0.00180	0.00270	0.01034	0.00630	0.00540
55	0.01423	0.01229	0.01293	0.01164	0.01487	0.01423	0.00905	0.03039	0.75297	0.02393	0.02328	0.02134	0.01746	0.00776	0.00582	0.00194	0.00453	0.00647	0.00582	0.00905
56	0.01350	0.01543	0.03375	0.02411	0.02989	0.01446	0.74253	0.01832	0.01350	0.01832	0.01157	0.01543	0.00868	0.00482	0.00675	0.00193	0.00964	0.00675	0.00289	0.00771
57	0.01147	0.02959	0.76934	0.01630	0.02476	0.01328	0.02113	0.01811	0.01208	0.01811	0.01026	0.01208	0.00725	0.00543	0.00543	0.00181	0.00845	0.00423	0.00242	0.00845
58	0.01185	0.06445	0.66201	0.01677	0.02479	0.01384	0.09184	0.01809	0.01220	0.01792	0.01029	0.01227	0.00739	0.00535	0.00548	0.00180	0.00846	0.00442	0.00246	0.00833
59	0.00697	0.00498	0.00664	0.00796	0.00830	0.00465	0.00531	0.00796	0.01095	0.01460	0.03153	0.79525	0.03783	0.01792	0.00730	0.00232	0.00332	0.01626	0.00531	0.00465
60	0.83938	0.01106	0.00841	0.00752	0.01106	0.01283	0.00619	0.01681	0.00973	0.02566	0.00796	0.00929	0.00619	0.00531	0.00354	0.00177	0.00442	0.00310	0.00354	0.00619
61	0.83938	0.01106	0.00841	0.00752	0.01106	0.01283	0.00619	0.01681	0.00973	0.02566	0.00796	0.00929	0.00619	0.00531	0.00354	0.00177	0.00442	0.00310	0.00354	0.00619
62	0.02566	0.00973	0.01327	0.01018	0.01460	0.00841	0.00841	0.02788	0.01637	0.76726	0.02257	0.01947	0.01416	0.00708	0.00575	0.00177	0.00487	0.00575	0.00708	0.00973
63	0.01294	0.01234	0.02101	0.30813	0.49982	0.01327	0.01695	0.01648	0.01245	0.01720	0.01054	0.01455	0.00854	0.00532	0.00568	0.00177	0.00710	0.00509	0.00273	0.00808
64	0.01423	0.01229	0.01293	0.01164	0.01487	0.01423	0.00905	0.03039	0.75297	0.02393	0.02328	0.02134	0.01746	0.00776	0.00582	0.00194	0.00453	0.00647	0.00582	0.00905
65	0.01251	0.01251	0.01752	0.01502	0.01502	0.01752	0.01251	0.01377	0.00876	0.01377	0.00751	0.01251	0.00751	0.01001	0.01877	0.00250	0.78851	0.00501	0.00250	0.00626
66	0.01445	0.01240	0.01306	0.01168	0.01496	0.01433	0.00911	0.05126	0.73174	0.02428	0.02300	0.02112	0.01723	0.00773	0.00582	0.00193	0.00458	0.00643	0.00582	0.00907
67	0.01594	0.01191	0.01298	0.01142	0.01483	0.01336	0.00896	0.03002	0.64284	0.13506	0.02317	0.02106	0.01697	0.00766	0.00581	0.00191	0.00458	0.00636	0.00601	0.00916
68	0.00877	0.00628	0.00864	0.00952	0.01077	0.00615	0.00799	0.01130	0.01375	0.01836	0.21009	0.11324	0.03846	0.01495	0.00757	0.00241	0.00449	0.49646	0.00552	0.00525
69	0.02174	0.01602	0.01717	0.01316	0.01774	0.01774	0.01087	0.74423	0.02689	0.03605	0.01373	0.01373	0.00973	0.00687	0.00572	0.00172	0.00629	0.00515	0.00572	0.00973
70	0.79470	0.01133	0.00889	0.00783	0.01143	0.01310	0.00645	0.05657	0.01067	0.02623	0.00828	0.00953	0.00639	0.00539	0.00366	0.00177	0.00453	0.00321	0.00366	0.00639

[dist]
# distance from previous block
# <min> <max>
0	2

[block]
# block no. 1 follows, 41 sequences, length 39
# corresponding to MSA columns:
# 337-375
name=unknown_B
#
# <colnr> <probs for GDERKNQSTAVLIFYWHMCP>
#	G	D	E	R	K	N	Q	S	T	A	V	L	I	F	Y	W	H	M	C	P
0	0.01150	0.00660	0.00874	0.00777	0.00972	0.00598	0.00598	0.01410	0.01623	0.16711	0.61739	0.03822	0.04626	0.01080	0.00655	0.00179	0.00312	0.00945	0.00645	0.00624
1	0.02276	0.00888	0.01174	0.00924	0.01306	0.00781	0.00755	0.02506	0.01552	0.62278	0.02181	0.01983	0.01426	0.00700	0.00541	0.00169	0.00444	0.00567	0.16662	0.00888
2	0.01251	0.01251	0.01752	0.01502	0.01502	0.01752	0.01251	0.01377	0.00876	0.01377	0.00751	0.01251	0.00751	0.01001	0.01877	0.00250	0.78851	0.00501	0.00250	0.00626
3	0.01137	0.01087	0.01747	0.61960	0.10716	0.02910	0.01542	0.01487	0.01145	0.01490	0.01021	0.01512	0.00799	0.00725	0.03389	0.00217	0.05691	0.00509	0.00259	0.00657
4	0.02490	0.01095	0.01403	0.01075	0.01521	0.01021	0.00888	0.16663	0.01841	0.62563	0.02085	0.01836	0.01330	0.00704	0.00575	0.00176	0.00514	0.00564	0.00682	0.00973
5	0.00827	0.00560	0.00651	0.00642	0.00669	0.00552	0.00384	0.00880	0.00984	0.01339	0.16180	0.03846	0.02722	0.64649	0.02478	0.00482	0.00499	0.00871	0.00401	0.00384
6	0.01361	0.05735	0.59458	0.01544	0.02300	0.01451	0.01870	0.15872	0.01493	0.02140	0.01085	0.01228	0.00773	0.00569	0.00542	0.00177	0.00794	0.00436	0.00306	0.00866
7	0.01942	0.05389	0.01699	0.01460	0.01705	0.60044	0.01129	0.02087	0.01459	0.01393	0.00855	0.01070	0.00739	0.00665	0.00774	0.00166	0.16089	0.00392	0.00284	0.00659
8	0.01529	0.80242	0.02997	0.00979	0.01468	0.02263	0.00979	0.01713	0.01162	0.01346	0.00795	0.00918	0.00734	0.00489	0.00367	0.00122	0.00612	0.00306	0.00245	0.00734
9	0.00770	0.00567	0.00720	0.00716	0.00839	0.00517	0.00524	0.00990	0.01475	0.02031	0.52411	0.19015	0.14649	0.01328	0.00686	0.00192	0.00285	0.01172	0.00597	0.00517
10	0.01332	0.58389	0.08674	0.00956	0.01417	0.01841	0.00968	0.01548	0.01193	0.01423	0.01783	0.01830	0.15331	0.00680	0.00442	0.00141	0.00569	0.00490	0.00300	0.00695
11	0.02276	0.00888	0.01174	0.00924	0.01306	0.00781	0.00755	0.02506	0.01552	0.62278	0.02181	0.01983	0.01426	0.00700	0.00541	0.00169	0.00444	0.00567	0.16662	0.00888
12	0.00836	0.00665	0.00985	0.01322	0.15454	0.00638	0.00768	0.00982	0.01135	0.01539	0.02750	0.64395	0.03226	0.01544	0.00698	0.00220	0.00399	0.01410	0.00483	0.00550
13	0.00946	0.00551	0.00641	0.00696	0.00800	0.00544	0.00527	0.01162	0.01181	0.01853	0.02368	0.19874	0.02355	0.05120	0.00675	0.00201	0.00346	0.14722	0.44932	0.00507
14	0.17982	0.02386	0.01472	0.01330	0.01640	0.61033	0.01011	0.03866	0.01521	0.01678	0.00879	0.01020	0.00720	0.00580	0.00486	0.00154	0.00908	0.00360	0.00313	0.00662
15	0.00723	0.00518	0.00687	0.00779	0.00835	0.00482	0.00533	0.00862	0.01217	0.01653	0.20041	0.62086	0.04157	0.01648	0.00717	0.00220	0.00317	0.01489	0.00554	0.00482
16	0.01145	0.01083	0.01833	0.63994	0.17961	0.01288	0.01621	0.01518	0.01174	0.01540	0.01028	0.01504	0.00790	0.00560	0.00571	0.00187	0.00746	0.00509	0.00260	0.00688
17	0.01276	0.17872	0.47694	0.01411	0.02085	0.01531	0.01655	0.02030	0.15549	0.01832	0.01233	0.01330	0.00924	0.00578	0.00516	0.00172	0.00723	0.00443	0.00308	0.00835
18	0.00806	0.00544	0.00632	0.00657	0.00664	0.00537	0.00382	0.00825	0.00883	0.01177	0.02064	0.18422	0.02409	0.64769	0.02489	0.00492	0.00511	0.00986	0.00382	0.00369
19	0.00832	0.00555	0.00624	0.00624	0.00624	0.00555	0.00347	0.00832	0.00832	0.01109	0.01802	0.03743	0.02080	0.79898	0.02911	0.00555	0.00555	0.00832	0.00347	0.00347
20	0.01995	0.20756	0.01941	0.01358	0.01698	0.60078	0.01076	0.02151	0.01514	0.01387	0.00863	0.01005	0.00736	0.00566	0.00481	0.00142	0.00934	0.00354	0.00283	0.00680
21	0.00821	0.00598	0.00846	0.00846	0.00923	0.00675	0.00623	0.00974	0.00898	0.01273	0.01599	0.02619	0.01591	0.23080	0.59062	0.00829	0.01289	0.00667	0.00316	0.00470
22	0.00697	0.00498	0.00664	0.00796	0.00830	0.00465	0.00531	0.00796	0.01095	0.01460	0.03153	0.79525	0.03783	0.01792	0.00730	0.00232	0.00332	0.01626	0.00531	0.00465
23	0.01186	0.01017	0.01186	0.00847	0.01356	0.00762	0.00678	0.01440	0.01186	0.01864	0.01017	0.01186	0.00847	0.00424	0.00424	0.00085	0.00424	0.00339	0.00339	0.83395
24	0.00697	0.00498	0.00664	0.00796	0.00830	0.00465	0.00531	0.00796	0.01095	0.01460	0.03153	0.79525	0.03783	0.01792	0.00730	0.00232	0.00332	0.01626	0.00531	0.00465
25	0.02174	0.01602	0.01717	0.01316	0.01774	0.01774	0.01087	0.74423	0.02689	0.03605	0.01373	0.01373	0.00973	0.00687	0.00572	0.00172	0.00629	0.00515	0.00572	0.00973
26	0.02113	0.02429	0.01609	0.01413	0.01737	0.59668	0.01081	0.17168	0.01829	0.01877	0.01014	0.01134	0.00807	0.00612	0.00524	0.00152	0.00926	0.00404	0.02778	0.00723
27	0.01297	0.01757	0.17367	0.07234	0.09976	0.01413	0.46479	0.01784	0.01291	0.01794	0.01103	0.01456	0.00834	0.00518	0.00668	0.00190	0.03184	0.00594	0.00276	0.00786
28	0.01529	0.80242	0.02997	0.00979	0.01468	0.02263	0.00979	0.01713	0.01162	0.01346	0.00795	0.00918	0.00734	0.00489	0.00367	0.00122	0.00612	0.00306	0.00245	0.00734
29	0.01250	0.01018	0.01225	0.00902	0.01377	0.00804	0.02158	0.04648	0.01265	0.04572	0.01215	0.06215	0.01060	0.00533	0.00460	0.00103	0.00440	0.00444	0.00373	0.69936
30	0.02566	0.00973	0.01327	0.01018	0.01460	0.00841	0.00841	0.02788	0.01637	0.76726	0.02257	0.01947	0.01416	0.00708	0.00575	0.00177	0.00487	0.00575	0.00708	0.00973
31	0.01186	0.01017	0.01186	0.00847	0.01356	0.00762	0.00678	0.01440	0.01186	0.01864	0.01017	0.01186	0.00847	0.00424	0.00424	0.00085	0.00424	0.00339	0.00339	0.83395
32	0.01099	0.00658	0.00803	0.00724	0.00940	0.00576	0.00558	0.01311	0.01502	0.16425	0.34870	0.04293	0.31673	0.01187	0.00656	0.00184	0.00319	0.01012	0.00607	0.00602
33	0.01047	0.00913	0.01478	0.61167	0.03241	0.01108	0.01352	0.01395	0.01166	0.01568	0.03255	0.05603	0.01199	0.00693	0.00570	0.00188	0.00664	0.03135	0.09647	0.00609
34	0.01155	0.02905	0.74156	0.01660	0.02495	0.01333	0.04838	0.01812	0.01213	0.01812	0.01031	0.01220	0.00730	0.00541	0.00548	0.00182	0.00850	0.00432	0.00243	0.00843
35	0.01192	0.00616	0.00636	0.00600	0.00765	0.00622	0.00459	0.05917	0.01308	0.05041	0.01850	0.02078	0.01434	0.00669	0.00417	0.00137	0.00297	0.00534	0.74850	0.00577
36	0.01244	0.01247	0.01801	0.01526	0.01554	0.01711	0.04430	0.01387	0.00898	0.01395	0.00789	0.01291	0.00774	0.01066	0.03835	0.00266	0.73392	0.00511	0.00253	0.00629
37	0.01529	0.80242	0.02997	0.00979	0.01468	0.02263	0.00979	0.01713	0.01162	0.01346	0.00795	0.00918	0.00734	0.00489	0.00367	0.00122	0.00612	0.00306	0.00245	0.00734
38	0.01261	0.01055	0.01219	0.00887	0.01379	0.00844	0.00710	0.07895	0.01317	0.02007	0.01105	0.03295	0.00937	0.00483	0.00445	0.00096	0.00439	0.00389	0.00365	0.73871

[dist]
# distance from previous block
# <min> <max>
0	30

[block]
# block no. 2 follows, 41 sequences, length 31
# corresponding to MSA columns:
# 408-438
name=unknown_C
#
# <colnr> <probs for GDERKNQSTAVLIFYWHMCP>
#	G	D	E	R	K	N	Q	S	T	A	V	L	I	F	Y	W	H	M	C	P
0	0.01101	0.01031	0.01728	0.78279	0.03946	0.01281	0.01595	0.01476	0.01157	0.01481	0.01038	0.01553	0.00783	0.00586	0.00581	0.00194	0.00769	0.00515	0.00262	0.00646
1	0.00805	0.00597	0.00773	0.00840	0.00947	0.00536	0.00597	0.00939	0.01156	0.01579	0.04990	0.60286	0.03425	0.01592	0.00704	0.00219	0.00368	0.08263	0.00516	0.10869
2	0.00832	0.00601	0.00780	0.00734	0.00871	0.00553	0.00549	0.01095	0.01631	0.02311	0.75799	0.04291	0.05402	0.01181	0.00683	0.00184	0.00278	0.01039	0.00636	0.00551
3	0.01220	0.01058	0.01278	0.01006	0.04431	0.00854	0.00762	0.01464	0.01187	0.01856	0.01025	0.01228	0.00864	0.00473	0.00519	0.00101	0.04781	0.00362	0.00339	0.75191
4	0.09098	0.02501	0.55313	0.01484	0.02208	0.01366	0.01770	0.11544	0.01420	0.06372	0.01142	0.01274	0.00807	0.00585	0.00540	0.00183	0.00765	0.00440	0.00330	0.00859
5	0.00732	0.00523	0.00694	0.00826	0.00866	0.00489	0.00563	0.00835	0.01121	0.01494	0.03159	0.75165	0.03765	0.01790	0.00742	0.00238	0.00350	0.05632	0.00537	0.00479
6	0.01549	0.79993	0.03005	0.00993	0.01482	0.02271	0.00987	0.01726	0.01175	0.01366	0.00817	0.00947	0.00754	0.00503	0.00376	0.00126	0.00618	0.00313	0.00252	0.00744
7	0.01469	0.01298	0.01319	0.01189	0.01512	0.04267	0.00921	0.03020	0.72321	0.02373	0.02291	0.02119	0.01725	0.00782	0.00588	0.00196	0.00481	0.00642	0.00578	0.00906
8	0.00744	0.00594	0.00661	0.00649	0.00819	0.00514	0.00483	0.00923	0.01414	0.01812	0.29207	0.07718	0.49659	0.01378	0.00686	0.00194	0.00292	0.01168	0.00571	0.00513
9	0.00832	0.00601	0.00780	0.00734	0.00871	0.00553	0.00549	0.01095	0.01631	0.02311	0.75799	0.04291	0.05402	0.01181	0.00683	0.00184	0.00278	0.01039	0.00636	0.00551
10	0.01207	0.01031	0.01200	0.00862	0.01370	0.00775	0.00687	0.01455	0.01199	0.01882	0.01038	0.01215	0.00867	0.00438	0.00433	0.00089	0.00431	0.00346	0.00346	0.83130
11	0.00899	0.00612	0.00782	0.00853	0.00934	0.00589	0.00599	0.05082	0.01228	0.04270	0.04769	0.58751	0.03423	0.07673	0.00895	0.00256	0.00392	0.06937	0.00534	0.00520
12	0.01168	0.02967	0.76696	0.01642	0.02487	0.01339	0.02118	0.01825	0.01221	0.01830	0.01047	0.01237	0.00745	0.00557	0.00552	0.00185	0.00851	0.00430	0.00249	0.00855
13	0.02086	0.01562	0.01669	0.01307	0.01747	0.01733	0.01069	0.64133	0.12931	0.03447	0.01528	0.01509	0.01101	0.00713	0.00582	0.00179	0.00611	0.00540	0.00580	0.00973
14	0.01484	0.01263	0.01331	0.01186	0.01518	0.01452	0.00924	0.07017	0.71026	0.02477	0.02292	0.02118	0.01720	0.00784	0.00590	0.00197	0.00470	0.00646	0.00588	0.00919
15	0.01436	0.01372	0.02332	0.03516	0.76095	0.01369	0.01761	0.01769	0.01315	0.01887	0.01097	0.01444	0.00926	0.00524	0.00575	0.00174	0.00686	0.00516	0.00290	0.00916
16	0.02582	0.00988	0.01341	0.01031	0.01475	0.00853	0.00849	0.02797	0.01649	0.76495	0.02273	0.01973	0.01434	0.00721	0.00584	0.00181	0.00494	0.00582	0.00714	0.00983
17	0.00839	0.00629	0.00934	0.00933	0.01037	0.00727	0.00724	0.01037	0.00933	0.01348	0.01551	0.02273	0.01448	0.04291	0.77384	0.00921	0.01536	0.00619	0.00314	0.00522
18	0.01741	0.55522	0.02571	0.01149	0.01577	0.26054	0.01027	0.01906	0.01320	0.01383	0.00845	0.00983	0.00755	0.00535	0.00423	0.00134	0.00751	0.00333	0.00268	0.00722
19	0.00943	0.00674	0.00937	0.01067	0.01200	0.00671	0.00930	0.01200	0.01329	0.01731	0.03043	0.06463	0.03304	0.01591	0.00798	0.00267	0.00534	0.72247	0.00533	0.00538
20	0.00982	0.00725	0.04642	0.00841	0.01004	0.00593	0.00656	0.01192	0.01402	0.09509	0.35326	0.34051	0.04115	0.01352	0.00689	0.00204	0.00354	0.01199	0.00585	0.00580
21	0.01549	0.79993	0.03005	0.00993	0.01482	0.02271	0.00987	0.01726	0.01175	0.01366	0.00817	0.00947	0.00754	0.00503	0.00376	0.00126	0.00618	0.00313	0.00252	0.00744
22	0.00698	0.00595	0.00596	0.00595	0.00789	0.00496	0.00444	0.00837	0.01316	0.01565	0.05799	0.05519	0.75867	0.01460	0.00684	0.00197	0.00297	0.01211	0.00538	0.00494
23	0.00738	0.00597	0.00650	0.00636	0.00813	0.00513	0.00475	0.00913	0.01409	0.01784	0.26344	0.05159	0.55186	0.01378	0.00684	0.00193	0.00292	0.01161	0.00566	0.00511
24	0.01237	0.01216	0.01733	0.11140	0.01806	0.01668	0.01284	0.01390	0.00925	0.01406	0.00831	0.01346	0.00794	0.01064	0.04114	0.00268	0.66374	0.00512	0.00260	0.00634
25	0.05290	0.01369	0.01556	0.01200	0.01649	0.01426	0.00989	0.45571	0.02253	0.30112	0.01693	0.01594	0.01140	0.00702	0.00574	0.00178	0.00578	0.00536	0.00620	0.00970
26	0.00972	0.00731	0.00850	0.00818	0.00984	0.00643	0.00596	0.01134	0.01609	0.02187	0.48778	0.07580	0.27958	0.01394	0.00757	0.00222	0.00353	0.01157	0.00653	0.00624
27	0.01164	0.00819	0.00974	0.00899	0.01088	0.00752	0.00667	0.06378	0.01744	0.05451	0.53839	0.07050	0.14116	0.01289	0.00746	0.00219	0.00383	0.01070	0.00670	0.00683
28	0.07475	0.72343	0.02924	0.01095	0.01580	0.02264	0.01030	0.01838	0.01273	0.01623	0.01001	0.01202	0.00918	0.00627	0.00456	0.00164	0.00663	0.00375	0.00322	0.00825
29	0.01417	0.02940	0.69416	0.01720	0.02532	0.01458	0.02082	0.07011	0.01434	0.02114	0.01249	0.01494	0.00934	0.00686	0.00630	0.00217	0.00886	0.00495	0.00335	0.00950
30	0.01377	0.01226	0.01886	0.62274	0.09881	0.01428	0.01618	0.05655	0.01355	0.01799	0.01229	0.01760	0.00977	0.00723	0.00711	0.00226	0.04182	0.00571	0.00344	0.00779

[dist]
# distance from previous block
# <min> <max>
0	222

# created by:
# /software/SequenceAnalysis/GenePrediction/augustus/3.0.1/scripts/msa2prfl.pl ./fixed/BUSCOvEOG75HTB2.fas
