[name]
unknown

[dist]
# distance from previous block
# <min> <max>
39	141

[block]
# block no. 0 follows, 41 sequences, length 18
# corresponding to MSA columns:
# 146-163
name=unknown_A
#
# <colnr> <probs for GDERKNQSTAVLIFYWHMCP>
#	G	D	E	R	K	N	Q	S	T	A	V	L	I	F	Y	W	H	M	C	P
0	0.61573	0.01139	0.00963	0.00864	0.01209	0.01321	0.00697	0.02049	0.21119	0.02519	0.01212	0.01256	0.00925	0.00597	0.00416	0.00182	0.00445	0.00401	0.00416	0.00697
1	0.01426	0.02591	0.56547	0.01545	0.02285	0.01449	0.01835	0.21493	0.01609	0.02298	0.01120	0.01253	0.00792	0.00582	0.00551	0.00179	0.00787	0.00448	0.00331	0.00880
2	0.01248	0.01109	0.01494	0.01569	0.21677	0.00924	0.00970	0.01526	0.01218	0.01865	0.01033	0.01248	0.00863	0.00447	0.00462	0.00108	0.00493	0.00385	0.00324	0.61036
3	0.00874	0.00781	0.01399	0.01234	0.01415	0.00731	0.20513	0.01077	0.01164	0.01561	0.02612	0.58388	0.02993	0.01437	0.00715	0.00222	0.00503	0.01368	0.00465	0.00548
4	0.01082	0.00857	0.00888	0.00779	0.01044	0.00833	0.00611	0.20771	0.01679	0.02103	0.04596	0.04385	0.55735	0.01242	0.00648	0.00187	0.00382	0.01020	0.00542	0.00616
5	0.01225	0.22514	0.02105	0.52345	0.08249	0.01546	0.01435	0.01550	0.01160	0.01458	0.00961	0.01353	0.00765	0.00545	0.00516	0.00171	0.00716	0.00454	0.00254	0.00681
6	0.01182	0.01017	0.01206	0.03793	0.01454	0.00782	0.00712	0.01441	0.01184	0.01849	0.01017	0.01199	0.00844	0.00429	0.00429	0.00089	0.00436	0.00345	0.00336	0.80256
7	0.01340	0.58643	0.02354	0.00883	0.01239	0.01800	0.00807	0.01474	0.01073	0.01282	0.01068	0.01683	0.01099	0.22013	0.01057	0.00239	0.00596	0.00448	0.00272	0.00629
8	0.00763	0.00561	0.00716	0.00724	0.00838	0.00513	0.00525	0.00972	0.01440	0.01980	0.48055	0.24814	0.13234	0.01371	0.00690	0.00196	0.00289	0.01215	0.00591	0.00513
9	0.01273	0.00680	0.00905	0.00809	0.01016	0.00613	0.00620	0.01509	0.01563	0.22371	0.47511	0.12442	0.04129	0.01117	0.00654	0.00185	0.00336	0.00979	0.00639	0.00648
10	0.01297	0.49195	0.04951	0.00976	0.01341	0.01719	0.00924	0.01516	0.01264	0.01622	0.21192	0.01866	0.01999	0.00719	0.00584	0.00151	0.07135	0.00524	0.00349	0.00676
11	0.00682	0.00557	0.00602	0.00638	0.00788	0.00478	0.00461	0.00814	0.01247	0.01522	0.05078	0.25568	0.56497	0.01542	0.00691	0.00204	0.00301	0.01321	0.00531	0.00478
12	0.00746	0.00576	0.00680	0.00666	0.00818	0.00511	0.00495	0.00951	0.01450	0.01922	0.41490	0.09967	0.35007	0.01330	0.00679	0.00189	0.00282	0.01148	0.00581	0.00511
13	0.08758	0.01099	0.01432	0.01249	0.06663	0.00997	0.00935	0.02694	0.04293	0.61959	0.02157	0.01983	0.01429	0.00756	0.00606	0.00198	0.00534	0.00588	0.00679	0.00992
14	0.01445	0.01826	0.17717	0.07970	0.05300	0.01440	0.48332	0.01903	0.01383	0.04601	0.01269	0.01637	0.00960	0.00587	0.00680	0.00209	0.00929	0.00637	0.00331	0.00844
15	0.00916	0.00614	0.00790	0.00894	0.00961	0.00561	0.00610	0.00994	0.01200	0.05196	0.03180	0.72167	0.03708	0.01786	0.00769	0.00250	0.00387	0.03887	0.00574	0.00553
16	0.01350	0.01367	0.02469	0.22914	0.05105	0.01503	0.31374	0.01667	0.01234	0.01710	0.01140	0.01635	0.00935	0.00817	0.03165	0.00246	0.19693	0.00614	0.00310	0.00752
17	0.03245	0.01287	0.02251	0.33067	0.24865	0.01354	0.17362	0.01679	0.01300	0.01795	0.01276	0.05386	0.01079	0.00667	0.00643	0.00207	0.00787	0.00630	0.00326	0.00795

[dist]
# distance from previous block
# <min> <max>
0	1

[block]
# block no. 1 follows, 41 sequences, length 19
# corresponding to MSA columns:
# 165-183
name=unknown_B
#
# <colnr> <probs for GDERKNQSTAVLIFYWHMCP>
#	G	D	E	R	K	N	Q	S	T	A	V	L	I	F	Y	W	H	M	C	P
0	0.01163	0.05729	0.62045	0.01605	0.05060	0.01301	0.03359	0.01751	0.01231	0.01821	0.04584	0.01355	0.00963	0.00562	0.00540	0.00173	0.00782	0.00451	0.00268	0.05257
1	0.58385	0.01625	0.21371	0.01011	0.01502	0.01315	0.01040	0.04611	0.01105	0.02404	0.00881	0.01022	0.00662	0.00541	0.00414	0.00178	0.00558	0.00348	0.00332	0.00694
2	0.01095	0.00795	0.00947	0.00936	0.01084	0.00817	0.00681	0.20628	0.01525	0.02038	0.02673	0.58475	0.03026	0.01494	0.00688	0.00216	0.00412	0.01327	0.00542	0.00601
3	0.01189	0.01183	0.04127	0.52297	0.27019	0.01301	0.01657	0.01566	0.01196	0.01602	0.01036	0.01481	0.00807	0.00551	0.00569	0.00184	0.00738	0.00506	0.00263	0.00728
4	0.01446	0.01304	0.01855	0.01494	0.01891	0.01407	0.20659	0.02705	0.52635	0.05011	0.02010	0.01968	0.01497	0.00694	0.00607	0.00193	0.00592	0.00652	0.00508	0.00872
5	0.00821	0.00693	0.00756	0.00670	0.00937	0.00560	0.00510	0.00999	0.01276	0.01662	0.07702	0.08255	0.48590	0.01178	0.00611	0.00165	0.00327	0.00988	0.00484	0.22817
6	0.35154	0.00899	0.00951	0.00850	0.01146	0.00919	0.00667	0.01801	0.01221	0.26295	0.01904	0.22428	0.01730	0.00928	0.00527	0.00192	0.00427	0.00750	0.00516	0.00692
7	0.00787	0.00571	0.00690	0.00674	0.00777	0.00530	0.00469	0.00955	0.01327	0.01806	0.40511	0.08101	0.16383	0.22453	0.01280	0.00286	0.00353	0.01039	0.00532	0.00474
8	0.01377	0.01235	0.01417	0.01255	0.01491	0.01511	0.00999	0.02592	0.55252	0.02119	0.01903	0.01896	0.01478	0.00837	0.00931	0.00209	0.21569	0.00607	0.00493	0.00830
9	0.01359	0.01172	0.01264	0.01079	0.01452	0.01245	0.00844	0.02609	0.55335	0.02250	0.01975	0.01879	0.01504	0.00681	0.00539	0.00165	0.00445	0.00564	0.00517	0.23124
10	0.02147	0.02423	0.01647	0.01431	0.01770	0.57178	0.01100	0.21714	0.01909	0.01994	0.01016	0.01124	0.00800	0.00616	0.00531	0.00154	0.00923	0.00408	0.00369	0.00747
11	0.61667	0.01145	0.01086	0.00954	0.01213	0.01409	0.00790	0.01599	0.00947	0.02246	0.00784	0.01016	0.00655	0.00658	0.00764	0.00197	0.21562	0.00361	0.00326	0.00621
12	0.00707	0.00560	0.00641	0.00694	0.00829	0.00493	0.00510	0.00851	0.01245	0.01550	0.06417	0.29466	0.44738	0.01564	0.00703	0.00212	0.00323	0.07481	0.00533	0.00482
13	0.01974	0.23572	0.01994	0.01336	0.01688	0.55069	0.01071	0.04262	0.01529	0.01450	0.00875	0.01011	0.00743	0.00565	0.00477	0.00141	0.00907	0.00356	0.00289	0.00691
14	0.00697	0.00498	0.00664	0.00796	0.00830	0.00465	0.00531	0.00796	0.01095	0.01460	0.03153	0.79525	0.03783	0.01792	0.00730	0.00232	0.00332	0.01626	0.00531	0.00465
15	0.02137	0.01544	0.21710	0.01200	0.01749	0.01031	0.01197	0.05933	0.03373	0.51257	0.01885	0.01725	0.01217	0.00664	0.00567	0.00178	0.00589	0.00533	0.00573	0.00937
16	0.01033	0.00912	0.01457	0.53112	0.07320	0.01083	0.01264	0.01309	0.01069	0.01391	0.01232	0.02116	0.01126	0.21935	0.01202	0.00287	0.00702	0.00596	0.00281	0.00574
17	0.00729	0.00543	0.00762	0.00854	0.00916	0.00507	0.02927	0.00852	0.01123	0.01489	0.03180	0.70322	0.06364	0.01726	0.00729	0.00231	0.00361	0.05382	0.00523	0.00479
18	0.00697	0.00498	0.00664	0.00796	0.00830	0.00465	0.00531	0.00796	0.01095	0.01460	0.03153	0.79525	0.03783	0.01792	0.00730	0.00232	0.00332	0.01626	0.00531	0.00465

[dist]
# distance from previous block
# <min> <max>
0	1

[block]
# block no. 2 follows, 41 sequences, length 6
# corresponding to MSA columns:
# 185-190
name=unknown_C
#
# <colnr> <probs for GDERKNQSTAVLIFYWHMCP>
#	G	D	E	R	K	N	Q	S	T	A	V	L	I	F	Y	W	H	M	C	P
0	0.01641	0.04482	0.02382	0.12636	0.15112	0.06990	0.26983	0.06701	0.01461	0.14023	0.01283	0.01511	0.00941	0.00557	0.00596	0.00179	0.00780	0.00560	0.00369	0.00812
1	0.00697	0.00498	0.00664	0.00796	0.00830	0.00465	0.00531	0.00796	0.01095	0.01460	0.03153	0.79525	0.03783	0.01792	0.00730	0.00232	0.00332	0.01626	0.00531	0.00465
2	0.01349	0.01409	0.02722	0.02554	0.26869	0.01322	0.40122	0.01752	0.01311	0.01849	0.01111	0.01451	0.00878	0.00483	0.00604	0.00170	0.00795	0.00574	0.00294	0.12382
3	0.05289	0.13120	0.13717	0.02517	0.36616	0.01500	0.15668	0.01769	0.01261	0.01810	0.01030	0.01314	0.00833	0.00507	0.00545	0.00169	0.00738	0.00489	0.00276	0.00832
4	0.02356	0.00987	0.01303	0.01013	0.01426	0.00889	0.00831	0.08673	0.01724	0.63028	0.09629	0.02133	0.01780	0.00753	0.00585	0.00177	0.00477	0.00616	0.00689	0.00930
5	0.67044	0.01138	0.00943	0.00817	0.01171	0.01303	0.00670	0.11841	0.01228	0.02683	0.00948	0.01070	0.00725	0.00562	0.00388	0.00173	0.00457	0.00353	0.05823	0.00663

[dist]
# distance from previous block
# <min> <max>
0	5

[block]
# block no. 3 follows, 41 sequences, length 11
# corresponding to MSA columns:
# 196-206
name=unknown_D
#
# <colnr> <probs for GDERKNQSTAVLIFYWHMCP>
#	G	D	E	R	K	N	Q	S	T	A	V	L	I	F	Y	W	H	M	C	P
0	0.00704	0.00504	0.00670	0.00791	0.00831	0.00470	0.00532	0.00815	0.01130	0.01516	0.07997	0.74522	0.03890	0.01751	0.00726	0.00229	0.00328	0.01587	0.00538	0.00470
1	0.05032	0.20666	0.01875	0.01185	0.01599	0.07971	0.00997	0.29502	0.21008	0.02521	0.01418	0.01415	0.01082	0.00648	0.00512	0.00164	0.00605	0.00478	0.00464	0.00858
2	0.01787	0.00895	0.01156	0.00939	0.01308	0.00769	0.00748	0.02052	0.04149	0.39263	0.04660	0.14010	0.01859	0.00856	0.00574	0.00167	0.00440	0.03154	0.00579	0.20634
3	0.00824	0.00731	0.00881	0.00835	0.00959	0.00788	0.00648	0.00965	0.01192	0.01534	0.08024	0.13525	0.45336	0.01369	0.00971	0.00211	0.19140	0.01080	0.00469	0.00518
4	0.02146	0.02456	0.01644	0.01436	0.01770	0.59411	0.01101	0.19589	0.01877	0.01929	0.01001	0.01113	0.00793	0.00613	0.00529	0.00153	0.00935	0.00404	0.00361	0.00737
5	0.00786	0.00685	0.00871	0.19292	0.01541	0.00678	0.00722	0.01001	0.01297	0.01600	0.11703	0.04426	0.50924	0.01210	0.00651	0.00191	0.00401	0.01022	0.00475	0.00525
6	0.02174	0.01602	0.01717	0.01316	0.01774	0.01774	0.01087	0.74423	0.02689	0.03605	0.01373	0.01373	0.00973	0.00687	0.00572	0.00172	0.00629	0.00515	0.00572	0.00973
7	0.00724	0.00519	0.00688	0.00778	0.00836	0.00483	0.00533	0.00864	0.01221	0.01660	0.20635	0.61472	0.04170	0.01643	0.00717	0.00220	0.00317	0.01484	0.00555	0.00483
8	0.09579	0.53245	0.02284	0.00942	0.01325	0.01794	0.00880	0.01544	0.01085	0.01463	0.00972	0.01238	0.00890	0.01405	0.18901	0.00319	0.00816	0.00380	0.00270	0.00669
9	0.01592	0.01282	0.01386	0.01186	0.01529	0.01460	0.00942	0.24677	0.45663	0.02657	0.01957	0.01913	0.01478	0.01099	0.08265	0.00260	0.00614	0.00603	0.00552	0.00887
10	0.01057	0.00721	0.00881	0.00907	0.01050	0.00732	0.00652	0.01533	0.18949	0.09192	0.02865	0.53220	0.03058	0.01440	0.00679	0.00218	0.00376	0.01286	0.00561	0.00621

[dist]
# distance from previous block
# <min> <max>
0	1

[block]
# block no. 4 follows, 41 sequences, length 12
# corresponding to MSA columns:
# 208-219
name=unknown_E
#
# <colnr> <probs for GDERKNQSTAVLIFYWHMCP>
#	G	D	E	R	K	N	Q	S	T	A	V	L	I	F	Y	W	H	M	C	P
0	0.01559	0.00830	0.01058	0.00890	0.01168	0.00777	0.00709	0.09552	0.01720	0.28007	0.37996	0.03265	0.06145	0.00980	0.00633	0.00181	0.00391	0.02762	0.00644	0.00733
1	0.01204	0.01073	0.01422	0.01015	0.01531	0.00836	0.08594	0.01482	0.01204	0.01860	0.01032	0.01224	0.00849	0.00430	0.00451	0.00096	0.00482	0.00375	0.00334	0.74504
2	0.01943	0.00993	0.01264	0.00941	0.01413	0.00805	0.00767	0.02179	0.01433	0.42907	0.01696	0.01603	0.01159	0.00579	0.00507	0.00135	0.00458	0.00468	0.00541	0.38207
3	0.01812	0.01226	0.01980	0.02653	0.50563	0.01181	0.01441	0.02111	0.01418	0.27631	0.01482	0.01598	0.01082	0.00578	0.00569	0.00172	0.00613	0.00532	0.00429	0.00929
4	0.00916	0.00717	0.01017	0.27450	0.01788	0.00810	0.00795	0.01059	0.00944	0.01243	0.01516	0.02893	0.01589	0.48222	0.06430	0.00450	0.00683	0.00708	0.00312	0.00455
5	0.01242	0.02363	0.50902	0.01470	0.02136	0.01361	0.01698	0.02234	0.26706	0.02011	0.01474	0.01526	0.01076	0.00623	0.00557	0.00186	0.00710	0.00500	0.00359	0.00866
6	0.00785	0.00535	0.00638	0.00683	0.00695	0.00524	0.00410	0.00820	0.00922	0.01230	0.02267	0.29824	0.02666	0.53018	0.02161	0.00444	0.00478	0.01105	0.00410	0.00387
7	0.00688	0.00552	0.00615	0.00659	0.00795	0.00479	0.00472	0.00822	0.01244	0.01544	0.07550	0.30932	0.48529	0.01556	0.00695	0.00206	0.00303	0.01345	0.00535	0.00479
8	0.00932	0.00616	0.00763	0.00717	0.00828	0.00589	0.00501	0.01148	0.03644	0.05951	0.44162	0.03897	0.03924	0.28227	0.01436	0.00309	0.00385	0.00928	0.00535	0.00508
9	0.00995	0.00858	0.01340	0.51714	0.02798	0.01024	0.01161	0.01245	0.01036	0.01340	0.01287	0.02288	0.01216	0.27872	0.01377	0.00316	0.00691	0.00620	0.00286	0.00536
10	0.00948	0.00838	0.01354	0.51773	0.02869	0.00993	0.01225	0.01233	0.01127	0.01461	0.01752	0.28369	0.01802	0.00992	0.00626	0.00205	0.00614	0.00893	0.00349	0.00577
11	0.01769	0.01384	0.09983	0.05560	0.39615	0.01174	0.01472	0.02104	0.01401	0.27608	0.01474	0.01581	0.01056	0.00584	0.00567	0.00174	0.00634	0.00523	0.00424	0.00911

[dist]
# distance from previous block
# <min> <max>
1	7

[block]
# block no. 5 follows, 41 sequences, length 41
# corresponding to MSA columns:
# 227-267
name=unknown_F
#
# <colnr> <probs for GDERKNQSTAVLIFYWHMCP>
#	G	D	E	R	K	N	Q	S	T	A	V	L	I	F	Y	W	H	M	C	P
0	0.00827	0.00581	0.00749	0.00707	0.00842	0.00539	0.00530	0.01096	0.01591	0.02283	0.71032	0.04128	0.05132	0.01135	0.00656	0.00177	0.00270	0.01001	0.06184	0.00539
1	0.00922	0.00658	0.00922	0.01053	0.01185	0.00658	0.00922	0.01185	0.01317	0.01712	0.03029	0.06452	0.03292	0.01580	0.00790	0.00263	0.00527	0.72480	0.00527	0.00527
2	0.01276	0.04767	0.68725	0.01562	0.02365	0.01311	0.01978	0.01891	0.01242	0.08063	0.01123	0.01262	0.00783	0.00556	0.00542	0.00179	0.00809	0.00432	0.00281	0.00853
3	0.80726	0.01126	0.00875	0.00774	0.01132	0.01302	0.00638	0.04539	0.01041	0.02607	0.00819	0.00947	0.00633	0.00537	0.00363	0.00177	0.00450	0.00318	0.00363	0.00633
4	0.00710	0.00609	0.00620	0.00597	0.00812	0.00502	0.00451	0.00863	0.01296	0.01567	0.05473	0.05214	0.71029	0.01380	0.00659	0.00186	0.00299	0.01149	0.00518	0.06068
5	0.01399	0.09957	0.05554	0.01418	0.01553	0.04608	0.01231	0.01564	0.01003	0.06472	0.00876	0.01251	0.00792	0.00888	0.01508	0.00224	0.58272	0.00476	0.00282	0.00673
6	0.01425	0.01403	0.02183	0.07436	0.64182	0.06461	0.01668	0.01751	0.01316	0.01808	0.01140	0.01604	0.00985	0.00563	0.00572	0.00173	0.00702	0.03475	0.00292	0.00859
7	0.08048	0.00982	0.01295	0.01000	0.01436	0.00870	0.00826	0.02713	0.01592	0.71730	0.02158	0.01878	0.01362	0.00696	0.00560	0.00177	0.00484	0.00557	0.00684	0.00950
8	0.00712	0.00591	0.00626	0.00640	0.00811	0.00517	0.00471	0.00909	0.04009	0.01592	0.08012	0.16930	0.59251	0.01467	0.00681	0.00199	0.00302	0.01245	0.00537	0.00498
9	0.01179	0.09291	0.70877	0.01577	0.02393	0.01405	0.02020	0.01803	0.01204	0.01773	0.01008	0.01184	0.00725	0.00539	0.00529	0.00176	0.00826	0.00413	0.00242	0.00836
10	0.00719	0.00514	0.00689	0.00822	0.00865	0.00484	0.00570	0.00835	0.01117	0.01485	0.03140	0.72249	0.03734	0.01771	0.00736	0.00235	0.00351	0.08681	0.00531	0.00471
11	0.83938	0.01106	0.00841	0.00752	0.01106	0.01283	0.00619	0.01681	0.00973	0.02566	0.00796	0.00929	0.00619	0.00531	0.00354	0.00177	0.00442	0.00310	0.00354	0.00619
12	0.00818	0.00610	0.00907	0.00907	0.01005	0.00708	0.00700	0.01014	0.00916	0.01319	0.01543	0.02309	0.01457	0.07415	0.74543	0.00904	0.01492	0.00622	0.00308	0.00504
13	0.02006	0.13251	0.01883	0.04232	0.03972	0.28988	0.01116	0.33349	0.01990	0.02361	0.01093	0.01192	0.00844	0.00614	0.00522	0.00157	0.00777	0.00432	0.00406	0.00813
14	0.01186	0.01017	0.01186	0.00847	0.01356	0.00762	0.00678	0.01440	0.01186	0.01864	0.01017	0.01186	0.00847	0.00424	0.00424	0.00085	0.00424	0.00339	0.00339	0.83395
15	0.00805	0.00584	0.00758	0.00715	0.00852	0.00538	0.00536	0.01070	0.01608	0.02267	0.73527	0.04317	0.07915	0.01179	0.00675	0.00180	0.00271	0.01041	0.00626	0.00538
16	0.01416	0.01359	0.02322	0.03511	0.76330	0.01359	0.01755	0.01755	0.01302	0.01869	0.01076	0.01416	0.00906	0.00510	0.00566	0.00170	0.00680	0.00510	0.00283	0.00906
17	0.01188	0.00670	0.00875	0.00775	0.00982	0.00602	0.00598	0.01438	0.01599	0.18725	0.54283	0.03852	0.09954	0.01089	0.00653	0.00180	0.00319	0.00946	0.00639	0.00631
18	0.01903	0.02347	0.01642	0.18542	0.02249	0.60693	0.01212	0.02102	0.01515	0.01414	0.00913	0.01141	0.00742	0.00586	0.00528	0.00157	0.00972	0.00399	0.00286	0.00657
19	0.19424	0.00660	0.00601	0.00582	0.00764	0.00699	0.00448	0.01410	0.01149	0.02229	0.01629	0.01866	0.01279	0.00636	0.00390	0.00143	0.00306	0.00484	0.64749	0.00552
20	0.01112	0.00810	0.00975	0.00852	0.01058	0.00813	0.00661	0.17327	0.01856	0.02584	0.59490	0.03630	0.04417	0.01062	0.00652	0.00178	0.00350	0.00919	0.00617	0.00636
21	0.01199	0.00671	0.00889	0.00786	0.00989	0.00606	0.00606	0.01458	0.01623	0.18782	0.59686	0.03757	0.04515	0.01067	0.00653	0.00179	0.00318	0.00933	0.00647	0.00636
22	0.00866	0.00621	0.00856	0.00984	0.01096	0.00611	0.00823	0.01090	0.01267	0.01652	0.03127	0.22615	0.05276	0.01624	0.00774	0.00255	0.00477	0.54949	0.00528	0.00512
23	0.01155	0.01092	0.01850	0.61906	0.19976	0.01290	0.01625	0.01527	0.01179	0.01552	0.01030	0.01501	0.00794	0.00558	0.00571	0.00186	0.00744	0.00509	0.00261	0.00695
24	0.65607	0.01086	0.00917	0.00773	0.01161	0.01168	0.00632	0.01628	0.01021	0.02411	0.00845	0.00986	0.00670	0.00507	0.00369	0.00157	0.00438	0.00316	0.00351	0.18956
25	0.01111	0.00603	0.00811	0.00845	0.00969	0.00548	0.00600	0.01238	0.01215	0.18133	0.02954	0.62339	0.03259	0.01552	0.00696	0.00220	0.00366	0.01393	0.00570	0.00577
26	0.02145	0.02477	0.01642	0.01439	0.01770	0.60804	0.01101	0.18264	0.01858	0.01888	0.00992	0.01107	0.00789	0.00611	0.00528	0.00153	0.00942	0.00401	0.00356	0.00732
27	0.01043	0.02432	0.60020	0.01398	0.02098	0.01141	0.01741	0.01592	0.01229	0.01752	0.02083	0.02160	0.17422	0.00744	0.00573	0.00184	0.00722	0.00596	0.00306	0.00765
28	0.01506	0.62739	0.02620	0.01020	0.01472	0.02077	0.00962	0.02007	0.17585	0.01578	0.01135	0.01187	0.00958	0.00553	0.00415	0.00138	0.00576	0.00381	0.00319	0.00772
29	0.01170	0.02580	0.60280	0.01602	0.02260	0.01422	0.01922	0.01715	0.01134	0.01715	0.00965	0.01217	0.00730	0.00645	0.00839	0.00196	0.18126	0.00440	0.00243	0.00797
30	0.00857	0.00662	0.00801	0.00872	0.00974	0.00677	0.00611	0.01294	0.17538	0.01669	0.03044	0.60304	0.05361	0.01557	0.00696	0.00223	0.00357	0.01397	0.00542	0.00563
31	0.00802	0.00531	0.00657	0.00730	0.00812	0.00495	0.00505	0.00954	0.01155	0.01670	0.06754	0.53662	0.05114	0.01452	0.00642	0.00201	0.00316	0.01296	0.18815	0.03438
32	0.01694	0.51446	0.02586	0.01162	0.01615	0.07079	0.03807	0.17848	0.01526	0.01870	0.00941	0.01064	0.00793	0.00561	0.00496	0.00143	0.03891	0.00378	0.00322	0.00779
33	0.01216	0.00647	0.00780	0.00711	0.00809	0.00618	0.00456	0.01265	0.01010	0.17860	0.01903	0.03345	0.01933	0.62356	0.02394	0.00471	0.00540	0.00775	0.00427	0.00485
34	0.01145	0.00785	0.01060	0.00933	0.01080	0.00849	0.00738	0.01377	0.01457	0.12174	0.49359	0.03288	0.03828	0.01070	0.00928	0.00195	0.17707	0.00854	0.00556	0.00618
35	0.02395	0.04015	0.04354	0.01106	0.01569	0.00974	0.03787	0.04840	0.02883	0.64682	0.02087	0.01851	0.01335	0.00685	0.00570	0.00176	0.00527	0.00563	0.00650	0.00951
36	0.00735	0.00525	0.00694	0.00783	0.00841	0.00492	0.00541	0.00875	0.01210	0.01641	0.19242	0.57286	0.04059	0.04523	0.00800	0.00234	0.00334	0.04158	0.00546	0.00479
37	0.01410	0.01201	0.01292	0.01102	0.01473	0.01295	0.00865	0.06451	0.55049	0.02340	0.01987	0.01884	0.01506	0.00693	0.00546	0.00169	0.00456	0.00572	0.00528	0.19182
38	0.01432	0.02314	0.44234	0.01965	0.18195	0.01434	0.01809	0.17885	0.01556	0.02221	0.01114	0.01289	0.00819	0.00568	0.00555	0.00177	0.00762	0.00462	0.00324	0.00887
39	0.32100	0.09384	0.01571	0.06558	0.17546	0.01315	0.01025	0.03789	0.01266	0.18672	0.01209	0.01308	0.00888	0.00568	0.00470	0.00171	0.00547	0.00429	0.00405	0.00781
40	0.00857	0.00696	0.01063	0.01372	0.15679	0.00671	0.02642	0.01016	0.01138	0.01547	0.02658	0.60451	0.03091	0.01566	0.02485	0.00235	0.00444	0.01360	0.00471	0.00560

[dist]
# distance from previous block
# <min> <max>
0	1

[block]
# block no. 6 follows, 41 sequences, length 43
# corresponding to MSA columns:
# 269-311
name=unknown_G
#
# <colnr> <probs for GDERKNQSTAVLIFYWHMCP>
#	G	D	E	R	K	N	Q	S	T	A	V	L	I	F	Y	W	H	M	C	P
0	0.29113	0.01047	0.01070	0.00815	0.01271	0.00938	0.00658	0.01522	0.01114	0.02101	0.00942	0.01099	0.00770	0.00460	0.00400	0.00116	0.00430	0.00329	0.00344	0.55461
1	0.00694	0.00531	0.00637	0.00715	0.00810	0.00474	0.00496	0.00816	0.01190	0.01522	0.06830	0.49834	0.30108	0.01644	0.00708	0.00216	0.00314	0.01452	0.00535	0.00474
2	0.01703	0.44906	0.10982	0.01167	0.01686	0.01992	0.01144	0.26261	0.01683	0.02161	0.01017	0.01104	0.00814	0.00562	0.00456	0.00146	0.00644	0.00390	0.00355	0.00827
3	0.00921	0.01387	0.26466	0.01030	0.01407	0.00807	0.01076	0.01319	0.01460	0.02086	0.46036	0.03343	0.06638	0.00980	0.00633	0.00183	0.00471	0.02625	0.00492	0.00640
4	0.01449	0.01214	0.01716	0.52468	0.03209	0.01441	0.01419	0.26084	0.01665	0.02185	0.01137	0.01474	0.00833	0.00611	0.00572	0.00184	0.00718	0.00511	0.00361	0.00749
5	0.00911	0.00547	0.00593	0.00593	0.00638	0.00547	0.00365	0.01001	0.00956	0.01454	0.01824	0.03200	0.01872	0.53160	0.02064	0.00412	0.00457	0.00731	0.28264	0.00410
6	0.00812	0.00727	0.00963	0.26883	0.01841	0.00749	0.00824	0.01037	0.01250	0.01517	0.04182	0.04162	0.50674	0.01153	0.00641	0.00192	0.00449	0.00971	0.00438	0.00534
7	0.01182	0.02383	0.51563	0.01587	0.02147	0.01471	0.01822	0.01665	0.01096	0.01665	0.00933	0.01222	0.00733	0.00698	0.00994	0.00204	0.27170	0.00449	0.00244	0.00771
8	0.01275	0.00947	0.01188	0.01053	0.01275	0.01072	0.00841	0.25792	0.01517	0.02096	0.01478	0.01952	0.01276	0.03074	0.51626	0.00667	0.01227	0.00580	0.00396	0.00667
9	0.00839	0.00632	0.00806	0.00893	0.01046	0.00599	0.00757	0.01062	0.01312	0.01656	0.03962	0.06132	0.27862	0.01536	0.00752	0.00240	0.00447	0.48428	0.00528	0.00512
10	0.01186	0.01017	0.01186	0.00847	0.01356	0.00762	0.00678	0.01440	0.01186	0.01864	0.01017	0.01186	0.00847	0.00424	0.00424	0.00085	0.00424	0.00339	0.00339	0.83395
11	0.00832	0.00555	0.00624	0.00624	0.00624	0.00555	0.00347	0.00832	0.00832	0.01109	0.01802	0.03743	0.02080	0.79898	0.02911	0.00555	0.00555	0.00832	0.00347	0.00347
12	0.01405	0.50045	0.02503	0.27170	0.02316	0.05293	0.01190	0.01653	0.01176	0.01387	0.00874	0.01128	0.00744	0.00522	0.00443	0.00146	0.00681	0.00377	0.00250	0.00698
13	0.83938	0.01106	0.00841	0.00752	0.01106	0.01283	0.00619	0.01681	0.00973	0.02566	0.00796	0.00929	0.00619	0.00531	0.00354	0.00177	0.00442	0.00310	0.00354	0.00619
14	0.01893	0.02265	0.01857	0.02161	0.26931	0.51872	0.01325	0.02106	0.01513	0.01558	0.00949	0.01161	0.00794	0.00563	0.00533	0.00155	0.00913	0.00416	0.00291	0.00745
15	0.01177	0.01063	0.01734	0.10220	0.43476	0.01074	0.01328	0.01497	0.01393	0.01971	0.26364	0.02391	0.02407	0.00739	0.00603	0.00175	0.00550	0.00687	0.00397	0.00755
16	0.01392	0.00870	0.01073	0.00938	0.01092	0.00928	0.00696	0.25609	0.01401	0.01875	0.01122	0.01615	0.00987	0.01548	0.01674	0.55285	0.00542	0.00503	0.00358	0.00493
17	0.01816	0.02149	0.01474	0.01262	0.01629	0.51671	0.00961	0.01999	0.01474	0.01556	0.00929	0.01084	0.00774	0.00533	0.00485	0.00126	0.00826	0.00358	0.00310	0.28583
18	0.00824	0.00565	0.00674	0.00658	0.00706	0.00549	0.00415	0.00920	0.01111	0.01530	0.28155	0.03931	0.03257	0.51946	0.02117	0.00422	0.00453	0.00904	0.00447	0.00415
19	0.29258	0.01267	0.01810	0.04051	0.49525	0.01332	0.01369	0.01725	0.01188	0.02096	0.00980	0.01254	0.00807	0.00518	0.00495	0.00173	0.00601	0.00442	0.00306	0.00804
20	0.01316	0.01212	0.01876	0.02502	0.47673	0.01126	0.01355	0.01624	0.01264	0.01860	0.01143	0.01563	0.00993	0.00528	0.00528	0.00145	0.00586	0.03666	0.00313	0.28727
21	0.01006	0.00776	0.01005	0.00978	0.01235	0.00689	0.00831	0.01263	0.01268	0.01758	0.02352	0.06263	0.02478	0.01194	0.00665	0.00202	0.00488	0.46595	0.00463	0.28491
22	0.01270	0.00928	0.01086	0.00921	0.01165	0.00956	0.00724	0.25831	0.01980	0.02736	0.50834	0.03294	0.03904	0.01006	0.00640	0.00177	0.00391	0.00859	0.00610	0.00686
23	0.01918	0.01520	0.01921	0.02057	0.26934	0.01634	0.01313	0.49900	0.02221	0.03019	0.01273	0.01388	0.00950	0.00627	0.00570	0.00171	0.00646	0.00513	0.00475	0.00950
24	0.01057	0.27485	0.01621	0.00939	0.01172	0.01237	0.00804	0.01255	0.01001	0.01334	0.01283	0.01798	0.01195	0.03007	0.51557	0.00650	0.01221	0.00509	0.00286	0.00586
25	0.01192	0.01118	0.01947	0.04345	0.37353	0.01094	0.12831	0.01532	0.01413	0.01996	0.26381	0.02403	0.02412	0.00730	0.00620	0.00177	0.00589	0.00713	0.00400	0.00754
26	0.00988	0.02156	0.51167	0.01276	0.01901	0.01043	0.01547	0.01477	0.01240	0.01722	0.02636	0.02658	0.26161	0.00849	0.00588	0.00185	0.00658	0.00687	0.00339	0.00723
27	0.00846	0.00604	0.00835	0.00967	0.01065	0.00593	0.00790	0.01054	0.01242	0.01627	0.03070	0.31112	0.03458	0.01652	0.00770	0.00253	0.00461	0.48569	0.00528	0.00506
28	0.00829	0.00675	0.01021	0.27025	0.01880	0.00738	0.00888	0.01027	0.01123	0.01478	0.03966	0.51618	0.02798	0.01367	0.00676	0.00217	0.00476	0.01236	0.00440	0.00524
29	0.01427	0.51814	0.02356	0.00945	0.01437	0.03401	0.00880	0.01633	0.01180	0.01522	0.00872	0.01011	0.00772	0.00469	0.00389	0.00110	0.00557	0.00318	0.00278	0.28628
30	0.01409	0.01169	0.01294	0.02952	0.01512	0.01332	0.02578	0.04649	0.61590	0.03633	0.02233	0.04045	0.01709	0.00779	0.00574	0.00190	0.00461	0.00656	0.06375	0.00861
31	0.01201	0.00911	0.00999	0.00881	0.01130	0.00922	0.00683	0.25685	0.01773	0.02313	0.11986	0.16398	0.30420	0.01217	0.00650	0.00191	0.00409	0.01024	0.00556	0.00652
32	0.29118	0.01161	0.01731	0.33071	0.10439	0.01310	0.12101	0.01622	0.01134	0.01932	0.00969	0.01315	0.00745	0.00538	0.00513	0.00184	0.00676	0.00466	0.00296	0.00679
33	0.04430	0.01527	0.03281	0.02349	0.02919	0.01440	0.71507	0.01827	0.01336	0.01860	0.01144	0.01520	0.00859	0.00484	0.00663	0.00192	0.00945	0.00661	0.00292	0.00766
34	0.01337	0.01327	0.02270	0.14796	0.11399	0.01399	0.28743	0.02169	0.26265	0.01964	0.01519	0.01724	0.01151	0.00600	0.00613	0.00190	0.00724	0.00618	0.00381	0.00810
35	0.01392	0.00870	0.01073	0.00938	0.01092	0.00928	0.00696	0.25609	0.01401	0.01875	0.01122	0.01615	0.00987	0.01548	0.01674	0.55285	0.00542	0.00503	0.00358	0.00493
36	0.01146	0.00853	0.00966	0.00741	0.01123	0.00685	0.00584	0.01404	0.01191	0.01955	0.01303	0.01505	0.01056	0.00506	0.00416	0.00101	0.00371	0.00404	0.28259	0.55431
37	0.03992	0.09064	0.34779	0.02145	0.27180	0.06573	0.01727	0.01850	0.01273	0.04737	0.01054	0.01261	0.00811	0.00536	0.00529	0.00170	0.00755	0.00441	0.00281	0.00842
38	0.28794	0.00707	0.00730	0.00788	0.00932	0.00746	0.00571	0.01105	0.01060	0.01840	0.02354	0.51170	0.02703	0.01361	0.00605	0.00214	0.00374	0.02957	0.00471	0.00518
39	0.29083	0.02182	0.45130	0.01335	0.01976	0.01289	0.04772	0.01741	0.01150	0.02085	0.03752	0.01243	0.00870	0.00560	0.00490	0.00180	0.00693	0.00419	0.00296	0.00754
40	0.29217	0.01207	0.01652	0.05232	0.39158	0.01271	0.01255	0.01709	0.03056	0.02093	0.01104	0.01511	0.00940	0.00575	0.00500	0.00174	0.00578	0.03975	0.00328	0.04463
41	0.00870	0.00679	0.00847	0.00808	0.01009	0.00570	0.00581	0.01033	0.01161	0.01653	0.07345	0.48014	0.02901	0.01288	0.00623	0.00179	0.00359	0.01152	0.00473	0.28456
42	0.29124	0.01085	0.01227	0.00928	0.01389	0.00987	0.05949	0.01550	0.01126	0.02099	0.00952	0.01125	0.00772	0.00464	0.00418	0.00124	0.00469	0.00353	0.00340	0.49519

[dist]
# distance from previous block
# <min> <max>
0	2

[block]
# block no. 7 follows, 41 sequences, length 7
# corresponding to MSA columns:
# 314-320
name=unknown_H
#
# <colnr> <probs for GDERKNQSTAVLIFYWHMCP>
#	G	D	E	R	K	N	Q	S	T	A	V	L	I	F	Y	W	H	M	C	P
0	0.15256	0.02204	0.41240	0.01375	0.02009	0.01427	0.01535	0.17937	0.07703	0.02383	0.01174	0.01275	0.00847	0.00592	0.00521	0.00179	0.00697	0.00443	0.00362	0.00841
1	0.15129	0.07296	0.28523	0.01272	0.01840	0.01253	0.05116	0.01974	0.01261	0.19925	0.01263	0.01337	0.00892	0.00585	0.00564	0.00172	0.04063	0.00443	0.00382	0.06709
2	0.01755	0.01226	0.01326	0.01094	0.01441	0.01341	0.00877	0.35384	0.20209	0.08168	0.01836	0.05002	0.01402	0.00753	0.00550	0.00173	0.00498	0.00601	0.15510	0.00855
3	0.01796	0.16171	0.01889	0.07677	0.01796	0.01457	0.06868	0.25980	0.01708	0.15119	0.01316	0.01464	0.00981	0.00810	0.00776	0.11856	0.00621	0.00496	0.00439	0.00781
4	0.01620	0.01185	0.01299	0.01139	0.01483	0.01322	0.00894	0.02996	0.62573	0.15233	0.02316	0.02102	0.01689	0.00764	0.00581	0.00191	0.00459	0.00634	0.00604	0.00917
5	0.02195	0.01082	0.01342	0.01070	0.01459	0.01048	0.00866	0.22450	0.01854	0.45794	0.02137	0.12689	0.01625	0.00854	0.00596	0.00183	0.00505	0.00706	0.00645	0.00902
6	0.01319	0.01282	0.02285	0.02929	0.53055	0.01259	0.14108	0.01674	0.01355	0.01922	0.11622	0.01839	0.01531	0.00598	0.00600	0.00175	0.00671	0.00612	0.00333	0.00831

[dist]
# distance from previous block
# <min> <max>
0	358

# created by:
# /software/SequenceAnalysis/GenePrediction/augustus/3.0.1/scripts/msa2prfl.pl ./fixed/BUSCOvEOG7N05TQ.fas
