[name]
unknown

[dist]
# distance from previous block
# <min> <max>
0	246

[block]
# block no. 0 follows, 41 sequences, length 15
# corresponding to MSA columns:
# 247-261
name=unknown_A
#
# <colnr> <probs for GDERKNQSTAVLIFYWHMCP>
#	G	D	E	R	K	N	Q	S	T	A	V	L	I	F	Y	W	H	M	C	P
0	0.02137	0.02726	0.01621	0.01474	0.01768	0.77602	0.01105	0.02284	0.01621	0.01400	0.00884	0.01031	0.00737	0.00589	0.00516	0.00147	0.01031	0.00368	0.00295	0.00663
1	0.00812	0.00563	0.00645	0.00637	0.00681	0.00545	0.00391	0.00876	0.01022	0.01369	0.15796	0.04013	0.09949	0.57774	0.02282	0.00450	0.00476	0.00906	0.00417	0.00395
2	0.00800	0.00597	0.00755	0.03551	0.00927	0.00576	0.00541	0.00995	0.01331	0.01814	0.39455	0.04103	0.17226	0.15932	0.08631	0.00324	0.00468	0.00968	0.00514	0.00495
3	0.01827	0.01826	0.01429	0.01236	0.01528	0.32428	0.00938	0.23437	0.10096	0.02110	0.01360	0.01755	0.01167	0.15217	0.00980	0.00235	0.00760	0.00528	0.00419	0.00724
4	0.01694	0.01651	0.22606	0.01248	0.01733	0.01216	0.01223	0.25718	0.01763	0.17754	0.01785	0.15810	0.01511	0.00854	0.00594	0.00187	0.00606	0.00706	0.00500	0.00844
5	0.00684	0.00580	0.00590	0.00588	0.00777	0.00486	0.00441	0.00836	0.01322	0.01589	0.09877	0.05433	0.71989	0.01432	0.00676	0.00192	0.00289	0.01197	0.00537	0.00486
6	0.01201	0.02032	0.37913	0.01694	0.02318	0.01222	0.26294	0.01731	0.01254	0.01877	0.01225	0.01491	0.00910	0.00545	0.00562	0.00176	0.00779	0.00529	0.15483	0.00763
7	0.01451	0.01224	0.01375	0.08768	0.01718	0.07019	0.03956	0.09690	0.33995	0.06477	0.02091	0.16103	0.01812	0.00903	0.00606	0.00194	0.00546	0.00775	0.00513	0.00785
8	0.02204	0.00925	0.01205	0.00948	0.01346	0.00810	0.00775	0.05151	0.01616	0.60126	0.02873	0.02579	0.15127	0.00843	0.00594	0.00180	0.00456	0.00689	0.00670	0.00883
9	0.00831	0.00558	0.00643	0.00643	0.00650	0.00565	0.00371	0.00844	0.00838	0.01123	0.01784	0.03645	0.02037	0.74922	0.07828	0.00579	0.00619	0.00817	0.00344	0.00357
10	0.02148	0.01060	0.01432	0.15296	0.01935	0.01049	0.01002	0.13504	0.01708	0.48030	0.05451	0.01893	0.01419	0.00702	0.00579	0.00179	0.00549	0.00576	0.00600	0.00890
11	0.01953	0.01340	0.08792	0.01138	0.01570	0.01194	0.01006	0.30092	0.01999	0.27405	0.15354	0.02080	0.01908	0.00768	0.00589	0.00176	0.00537	0.00621	0.00595	0.00881
12	0.60534	0.00996	0.00887	0.08358	0.01295	0.01148	0.00664	0.01504	0.00964	0.02190	0.01003	0.01505	0.00902	0.15124	0.00845	0.00248	0.00494	0.00425	0.00343	0.00571
13	0.00759	0.00588	0.00695	0.00696	0.00840	0.00534	0.00511	0.00996	0.03785	0.01869	0.34425	0.18213	0.31263	0.01373	0.00682	0.00195	0.00294	0.01193	0.00574	0.00517
14	0.64826	0.01177	0.01155	0.01286	0.14965	0.01321	0.00851	0.05203	0.01117	0.02488	0.00876	0.01040	0.00689	0.00535	0.00404	0.00175	0.00495	0.00356	0.00351	0.00689

[dist]
# distance from previous block
# <min> <max>
0	1

[block]
# block no. 1 follows, 41 sequences, length 9
# corresponding to MSA columns:
# 263-271
name=unknown_B
#
# <colnr> <probs for GDERKNQSTAVLIFYWHMCP>
#	G	D	E	R	K	N	Q	S	T	A	V	L	I	F	Y	W	H	M	C	P
0	0.00697	0.00498	0.00664	0.00796	0.00830	0.00465	0.00531	0.00796	0.01095	0.01460	0.03153	0.79525	0.03783	0.01792	0.00730	0.00232	0.00332	0.01626	0.00531	0.00465
1	0.00802	0.00688	0.00730	0.00646	0.00917	0.00552	0.00495	0.00974	0.01275	0.01624	0.04611	0.04435	0.57454	0.01195	0.00613	0.00166	0.00323	0.00992	0.00484	0.21024
2	0.01496	0.01240	0.01433	0.01247	0.01506	0.01487	0.00997	0.06706	0.48018	0.06929	0.01878	0.01860	0.01434	0.00822	0.00902	0.00206	0.19888	0.00598	0.00507	0.00844
3	0.00976	0.00754	0.01044	0.01339	0.19380	0.00754	0.00696	0.01061	0.00948	0.01297	0.01622	0.03166	0.01789	0.60230	0.02330	0.00459	0.00586	0.00752	0.00331	0.00485
4	0.01003	0.00546	0.00590	0.00579	0.00713	0.00535	0.00434	0.01270	0.01303	0.02172	0.20240	0.02663	0.02440	0.00791	0.00468	0.00145	0.00267	0.00657	0.62648	0.00535
5	0.06990	0.01186	0.01282	0.01034	0.01346	0.01277	0.00806	0.40388	0.01919	0.09414	0.01553	0.02077	0.01313	0.22498	0.01197	0.00277	0.00571	0.00595	0.03516	0.00762
6	0.01184	0.15923	0.13377	0.03978	0.23598	0.01271	0.01270	0.01552	0.05444	0.01667	0.01670	0.23271	0.01698	0.00888	0.00573	0.00182	0.00584	0.00780	0.00356	0.00733
7	0.32584	0.01356	0.05160	0.03763	0.01587	0.01429	0.03443	0.21435	0.16954	0.02678	0.01442	0.01484	0.03091	0.00650	0.00497	0.00181	0.00540	0.00485	0.00454	0.00787
8	0.49765	0.01247	0.06943	0.04133	0.01424	0.01180	0.00813	0.04942	0.01130	0.02334	0.00905	0.01060	0.00706	0.00514	0.00405	0.00155	0.00491	0.00343	0.00347	0.21162

[dist]
# distance from previous block
# <min> <max>
0	2

[block]
# block no. 2 follows, 41 sequences, length 14
# corresponding to MSA columns:
# 274-287
name=unknown_C
#
# <colnr> <probs for GDERKNQSTAVLIFYWHMCP>
#	G	D	E	R	K	N	Q	S	T	A	V	L	I	F	Y	W	H	M	C	P
0	0.01414	0.56971	0.25260	0.01175	0.01771	0.01982	0.01320	0.01742	0.01176	0.01486	0.00865	0.01005	0.00731	0.00506	0.00420	0.00140	0.00682	0.00341	0.00244	0.00768
1	0.00955	0.00522	0.00572	0.00612	0.00716	0.00512	0.00439	0.01171	0.01168	0.01930	0.02253	0.25436	0.02164	0.01005	0.00499	0.00163	0.00286	0.00862	0.58219	0.00512
2	0.00733	0.00532	0.00741	0.00833	0.00887	0.00540	0.00586	0.00864	0.01042	0.01420	0.02665	0.56256	0.03075	0.02544	0.23886	0.00439	0.00693	0.01321	0.00463	0.00478
3	0.01221	0.01395	0.15324	0.01091	0.01486	0.01157	0.01009	0.09266	0.31857	0.02149	0.03032	0.02899	0.23865	0.00926	0.00602	0.00189	0.00495	0.00760	0.00502	0.00774
4	0.01989	0.01489	0.01614	0.01245	0.01691	0.01613	0.01022	0.61080	0.05357	0.03288	0.01378	0.01414	0.01006	0.00788	0.03264	0.00189	0.00632	0.00505	0.00538	0.09898
5	0.01228	0.01305	0.02626	0.36770	0.03418	0.01367	0.41450	0.01665	0.01257	0.01665	0.01094	0.01535	0.00820	0.00523	0.00628	0.00192	0.00873	0.00600	0.00273	0.00710
6	0.01293	0.01008	0.01128	0.01038	0.01264	0.01144	0.00782	0.02349	0.52849	0.01971	0.01926	0.02015	0.01519	0.01141	0.01080	0.25236	0.00466	0.00602	0.00482	0.00708
7	0.01174	0.01196	0.02255	0.50938	0.03539	0.01346	0.25113	0.01578	0.01200	0.01578	0.01052	0.01520	0.00796	0.00559	0.00655	0.00194	0.03799	0.00562	0.00265	0.00679
8	0.00814	0.00664	0.01047	0.03848	0.05998	0.00637	0.07142	0.00973	0.01133	0.01519	0.02768	0.64873	0.03234	0.01551	0.00709	0.00223	0.00425	0.01431	0.00484	0.00526
9	0.01639	0.01117	0.01800	0.30243	0.27264	0.01171	0.01419	0.01958	0.01345	0.24260	0.01410	0.01616	0.01007	0.00592	0.00571	0.00180	0.00652	0.00529	0.00400	0.00827
10	0.00698	0.00528	0.00645	0.00726	0.00814	0.00475	0.00503	0.00822	0.01192	0.01540	0.08648	0.52384	0.25662	0.01648	0.00710	0.00217	0.00315	0.01462	0.00537	0.00475
11	0.02305	0.01393	0.01587	0.01217	0.01670	0.01464	0.01005	0.50603	0.02339	0.27919	0.01667	0.01564	0.01120	0.00694	0.00573	0.00173	0.00582	0.00535	0.00617	0.00973
12	0.58989	0.01079	0.01104	0.24170	0.01959	0.01279	0.00911	0.01615	0.01025	0.02234	0.00863	0.01109	0.00663	0.00543	0.00420	0.00181	0.00539	0.00370	0.00324	0.00624
13	0.01288	0.01281	0.01132	0.01180	0.01361	0.23827	0.00977	0.01516	0.01408	0.01618	0.02383	0.04820	0.02523	0.01282	0.00707	0.00228	0.00679	0.50767	0.00457	0.00568

[dist]
# distance from previous block
# <min> <max>
0	4

[block]
# block no. 3 follows, 41 sequences, length 7
# corresponding to MSA columns:
# 292-298
name=unknown_D
#
# <colnr> <probs for GDERKNQSTAVLIFYWHMCP>
#	G	D	E	R	K	N	Q	S	T	A	V	L	I	F	Y	W	H	M	C	P
0	0.00831	0.00712	0.01220	0.01128	0.01273	0.00666	0.15659	0.01009	0.01147	0.01536	0.02743	0.63523	0.03185	0.01523	0.00719	0.00224	0.00462	0.01431	0.00481	0.00528
1	0.00881	0.00605	0.00758	0.00708	0.00872	0.00545	0.00535	0.01122	0.01555	0.06318	0.57475	0.04395	0.19682	0.01201	0.00669	0.00182	0.00286	0.01044	0.00614	0.00552
2	0.02056	0.02056	0.01717	0.04965	0.07108	0.35256	0.01164	0.34177	0.02051	0.02413	0.01120	0.01232	0.00854	0.00626	0.00547	0.00162	0.00817	0.00449	0.00415	0.00816
3	0.01064	0.01049	0.00904	0.00848	0.01032	0.17276	0.00636	0.01276	0.01539	0.01909	0.41867	0.03881	0.22330	0.01114	0.00640	0.00176	0.00440	0.00933	0.00532	0.00552
4	0.49172	0.01188	0.01096	0.00889	0.01297	0.01271	0.00728	0.16556	0.01372	0.02627	0.00963	0.01076	0.00741	0.00540	0.00414	0.00156	0.00477	0.00358	0.00395	0.18685
5	0.00958	0.00509	0.00719	0.00719	0.00719	0.00509	0.00464	0.00764	0.00764	0.01019	0.01169	0.02174	0.01230	0.18923	0.02382	0.65359	0.00509	0.00570	0.00270	0.00270
6	0.00959	0.00757	0.00903	0.00932	0.01121	0.00771	0.00766	0.01487	0.17416	0.01858	0.08710	0.05116	0.21874	0.01343	0.00707	0.00224	0.00431	0.33479	0.00547	0.00599

[dist]
# distance from previous block
# <min> <max>
0	1

[block]
# block no. 4 follows, 41 sequences, length 10
# corresponding to MSA columns:
# 300-309
name=unknown_E
#
# <colnr> <probs for GDERKNQSTAVLIFYWHMCP>
#	G	D	E	R	K	N	Q	S	T	A	V	L	I	F	Y	W	H	M	C	P
0	0.00999	0.00527	0.00557	0.00581	0.00696	0.00521	0.00424	0.01235	0.01181	0.02010	0.02100	0.16202	0.01887	0.00871	0.00460	0.00151	0.00278	0.00732	0.68067	0.00521
1	0.05934	0.05126	0.01324	0.01058	0.01400	0.01202	0.00844	0.09032	0.30774	0.23222	0.02172	0.11948	0.01739	0.00854	0.00576	0.00188	0.00470	0.00707	0.00581	0.00850
2	0.01400	0.01149	0.01370	0.01444	0.13800	0.01235	0.00968	0.11953	0.34485	0.04798	0.04383	0.02619	0.16201	0.00859	0.00598	0.00186	0.00479	0.00723	0.00526	0.00825
3	0.01499	0.07727	0.02663	0.01995	0.09105	0.01474	0.38968	0.14962	0.01553	0.02123	0.01142	0.01404	0.00877	0.00515	0.00589	0.00167	0.00779	0.00558	0.00343	0.11556
4	0.11892	0.22582	0.07783	0.01088	0.01539	0.01465	0.03231	0.02072	0.14688	0.12903	0.01346	0.01381	0.01023	0.00593	0.00520	0.00157	0.03359	0.00440	0.00401	0.11536
5	0.01682	0.04558	0.07496	0.01361	0.01774	0.19998	0.11733	0.15729	0.04013	0.08822	0.02088	0.02112	0.14594	0.00758	0.00583	0.00173	0.00713	0.00623	0.00431	0.00758
6	0.00706	0.00530	0.00655	0.00730	0.00818	0.00479	0.00507	0.00840	0.01218	0.01591	0.13315	0.50401	0.22890	0.01621	0.00709	0.00215	0.00313	0.01440	0.00544	0.00479
7	0.01020	0.00533	0.00602	0.00596	0.00705	0.00527	0.00436	0.01193	0.01171	0.01946	0.11347	0.02339	0.01891	0.00972	0.00769	0.15270	0.00309	0.00592	0.57300	0.00482
8	0.01461	0.08882	0.17994	0.02599	0.45223	0.01396	0.01656	0.01892	0.03998	0.07781	0.01179	0.01395	0.00923	0.00540	0.00544	0.00169	0.00685	0.00483	0.00316	0.00883
9	0.09359	0.01481	0.01455	0.01172	0.01545	0.08822	0.00947	0.47512	0.02236	0.03059	0.14846	0.01827	0.01722	0.00751	0.00566	0.00171	0.00586	0.00577	0.00536	0.00832

[dist]
# distance from previous block
# <min> <max>
1	7

[block]
# block no. 5 follows, 41 sequences, length 11
# corresponding to MSA columns:
# 317-327
name=unknown_F
#
# <colnr> <probs for GDERKNQSTAVLIFYWHMCP>
#	G	D	E	R	K	N	Q	S	T	A	V	L	I	F	Y	W	H	M	C	P
0	0.01642	0.01520	0.12870	0.01235	0.01672	0.01388	0.01107	0.18261	0.37488	0.10478	0.04836	0.01893	0.01532	0.00730	0.00577	0.00185	0.00547	0.00592	0.00543	0.00904
1	0.01358	0.13194	0.01608	0.01192	0.01459	0.01544	0.00987	0.02333	0.42277	0.01968	0.01848	0.02181	0.01540	0.00853	0.00826	0.00201	0.16045	0.07339	0.00460	0.00788
2	0.06540	0.00857	0.01090	0.00879	0.01226	0.00775	0.00713	0.02277	0.01512	0.50859	0.09055	0.02147	0.01758	0.00734	0.00538	0.00169	0.00420	0.00596	0.17030	0.00826
3	0.00864	0.01008	0.12456	0.00999	0.01213	0.00827	0.00898	0.01106	0.01059	0.01467	0.02441	0.12830	0.16389	0.02517	0.33354	0.00509	0.08313	0.00825	0.00365	0.00561
4	0.00832	0.00555	0.00624	0.00624	0.00624	0.00555	0.00347	0.00832	0.00832	0.01109	0.01802	0.03743	0.02080	0.79898	0.02911	0.00555	0.00555	0.00832	0.00347	0.00347
5	0.01186	0.01017	0.01186	0.00847	0.01356	0.00762	0.00678	0.01440	0.01186	0.01864	0.01017	0.01186	0.00847	0.00424	0.00424	0.00085	0.00424	0.00339	0.00339	0.83395
6	0.01244	0.01032	0.01297	0.01252	0.12650	0.00907	0.00815	0.08248	0.01275	0.01879	0.01215	0.01746	0.01113	0.16236	0.00953	0.00199	0.00508	0.00479	0.00354	0.46597
7	0.54945	0.01107	0.01083	0.16251	0.01727	0.01302	0.00855	0.01844	0.12309	0.02321	0.01073	0.01231	0.00819	0.00576	0.00432	0.00182	0.00508	0.00400	0.00369	0.00666
8	0.01956	0.01051	0.01390	0.01356	0.12757	0.00992	0.00937	0.13261	0.01682	0.39172	0.02643	0.02484	0.16093	0.00822	0.00593	0.00178	0.00499	0.00681	0.00587	0.00866
9	0.01449	0.01130	0.01214	0.01069	0.01350	0.01268	0.00814	0.11430	0.48271	0.05572	0.02102	0.02351	0.01702	0.16466	0.01043	0.00262	0.00496	0.00664	0.00540	0.00806
10	0.00993	0.00736	0.00864	0.00858	0.01009	0.00732	0.00625	0.15430	0.01476	0.01946	0.07230	0.47097	0.15831	0.01479	0.00686	0.00211	0.00380	0.01301	0.00545	0.00573

[dist]
# distance from previous block
# <min> <max>
1	10

[block]
# block no. 6 follows, 41 sequences, length 46
# corresponding to MSA columns:
# 338-383
name=unknown_G
#
# <colnr> <probs for GDERKNQSTAVLIFYWHMCP>
#	G	D	E	R	K	N	Q	S	T	A	V	L	I	F	Y	W	H	M	C	P
0	0.00735	0.00531	0.00687	0.00810	0.00856	0.00489	0.00542	0.00827	0.01130	0.01500	0.03323	0.75026	0.07797	0.01790	0.00742	0.00237	0.00343	0.01608	0.00542	0.00486
1	0.01902	0.07790	0.02001	0.01802	0.11462	0.47726	0.08769	0.03574	0.05009	0.01626	0.01043	0.01240	0.00860	0.00604	0.00573	0.00165	0.02343	0.00445	0.00320	0.00746
2	0.02017	0.01531	0.01632	0.01301	0.01726	0.01701	0.01055	0.56114	0.20916	0.03323	0.01648	0.01614	0.01201	0.00733	0.00590	0.00184	0.00597	0.00560	0.00586	0.00973
3	0.00736	0.00526	0.00692	0.00822	0.00859	0.00488	0.00548	0.00825	0.01118	0.01495	0.03177	0.79116	0.03801	0.01809	0.00745	0.00239	0.00345	0.01631	0.00542	0.00485
4	0.01564	0.79803	0.03012	0.01003	0.01493	0.02276	0.00993	0.01736	0.01185	0.01381	0.00833	0.00970	0.00770	0.00514	0.00384	0.00129	0.00624	0.00319	0.00258	0.00752
5	0.06899	0.01135	0.01384	0.01091	0.01520	0.01097	0.00890	0.14395	0.09323	0.52765	0.02070	0.01863	0.01365	0.00725	0.00579	0.00185	0.00516	0.00569	0.00664	0.00964
6	0.01349	0.01278	0.02155	0.26393	0.53843	0.01350	0.01714	0.01689	0.01276	0.01777	0.01094	0.01499	0.00897	0.00553	0.00584	0.00183	0.00716	0.00521	0.00287	0.00841
7	0.01184	0.02973	0.76515	0.01651	0.02495	0.01347	0.02121	0.01834	0.01230	0.01844	0.01063	0.01259	0.00760	0.00568	0.00559	0.00188	0.00856	0.00435	0.00255	0.00863
8	0.00723	0.00608	0.00619	0.00615	0.00807	0.00510	0.00458	0.00865	0.01344	0.01623	0.09907	0.05458	0.71560	0.01452	0.00691	0.00199	0.00302	0.01205	0.00548	0.00506
9	0.00856	0.00641	0.00946	0.00944	0.01049	0.00737	0.00731	0.01049	0.00944	0.01364	0.01566	0.02292	0.01461	0.04292	0.77195	0.00922	0.01539	0.00624	0.00319	0.00530
10	0.01201	0.01084	0.01128	0.01221	0.06485	0.15455	0.03033	0.01344	0.01285	0.05698	0.02476	0.47421	0.02762	0.01375	0.00685	0.00216	0.00544	0.05510	0.00482	0.00595
11	0.01261	0.08072	0.53083	0.01798	0.02551	0.01442	0.19907	0.01833	0.01262	0.01817	0.01079	0.01321	0.00796	0.00549	0.00579	0.00187	0.00869	0.00489	0.00267	0.00837
12	0.00792	0.00611	0.00714	0.00686	0.00849	0.00539	0.00512	0.00997	0.01506	0.02006	0.45847	0.04828	0.35381	0.01309	0.00690	0.00192	0.00292	0.01116	0.00599	0.00535
13	0.00814	0.00623	0.00755	0.00828	0.00971	0.00570	0.00657	0.00985	0.01292	0.01628	0.04256	0.19528	0.34457	0.01582	0.00745	0.00234	0.00402	0.28618	0.00541	0.00516
14	0.01599	0.06088	0.02077	0.04501	0.09556	0.22603	0.10923	0.04026	0.01293	0.01599	0.00944	0.01292	0.00820	0.00738	0.01047	0.00201	0.29189	0.00490	0.00294	0.00720
15	0.01672	0.01886	0.01720	0.06978	0.03517	0.33539	0.01228	0.03240	0.02660	0.01501	0.00913	0.01252	0.00808	0.00799	0.01143	0.00205	0.35504	0.00461	0.00295	0.00679
16	0.00736	0.00526	0.00692	0.00822	0.00859	0.00488	0.00548	0.00825	0.01118	0.01495	0.03177	0.79116	0.03801	0.01809	0.00745	0.00239	0.00345	0.01631	0.00542	0.00485
17	0.01223	0.01042	0.01211	0.00873	0.01382	0.00784	0.00694	0.01465	0.01209	0.01896	0.01054	0.01237	0.00882	0.00449	0.00440	0.00092	0.00437	0.00352	0.00351	0.82928
18	0.04098	0.75720	0.04516	0.01010	0.01504	0.02226	0.01006	0.01737	0.01180	0.01429	0.00838	0.00977	0.00766	0.00517	0.00387	0.00132	0.00623	0.00321	0.00261	0.00751
19	0.00883	0.00611	0.00718	0.00748	0.00786	0.00601	0.00469	0.04305	0.01043	0.01396	0.02323	0.32208	0.02697	0.46320	0.01982	0.00420	0.00486	0.01126	0.00439	0.00441
20	0.01199	0.02804	0.69342	0.01701	0.05911	0.01321	0.02035	0.01814	0.01234	0.01850	0.01065	0.01267	0.00775	0.00561	0.00554	0.00183	0.00828	0.00435	0.00261	0.04862
21	0.00834	0.00635	0.00815	0.05134	0.01109	0.00625	0.00664	0.01073	0.06415	0.01622	0.05515	0.51509	0.11135	0.01593	0.00724	0.00231	0.00392	0.08907	0.00533	0.00536
22	0.00733	0.00540	0.00677	0.00785	0.00849	0.00491	0.00531	0.00830	0.01155	0.01510	0.03634	0.66312	0.16310	0.01750	0.00735	0.00232	0.00338	0.01559	0.00542	0.00488
23	0.01952	0.01493	0.01592	0.01284	0.01695	0.01662	0.01036	0.51021	0.24903	0.03223	0.01728	0.02875	0.01287	0.00755	0.00593	0.00186	0.00582	0.00584	0.00586	0.00961
24	0.02322	0.01133	0.01501	0.01331	0.09285	0.01044	0.00975	0.12918	0.01742	0.52751	0.01949	0.01802	0.01291	0.00688	0.00579	0.00176	0.00535	0.00554	0.00629	0.06795
25	0.03947	0.21220	0.07287	0.01387	0.03436	0.37139	0.01156	0.10860	0.03841	0.01788	0.01014	0.01153	0.00831	0.00607	0.00527	0.00158	0.02155	0.00400	0.00334	0.00761
26	0.01728	0.01460	0.01530	0.01324	0.03163	0.05747	0.02490	0.25064	0.45347	0.02721	0.01933	0.01857	0.01446	0.00750	0.00592	0.00191	0.00567	0.00599	0.00562	0.00928
27	0.00772	0.00547	0.00676	0.00762	0.00799	0.00514	0.00492	0.00837	0.01059	0.01404	0.02963	0.54129	0.07562	0.23086	0.01336	0.00324	0.00404	0.01390	0.00492	0.00453
28	0.01270	0.02419	0.49208	0.02132	0.15556	0.01375	0.15996	0.01829	0.01274	0.01858	0.01097	0.01360	0.00820	0.00550	0.00589	0.00188	0.00850	0.00499	0.00271	0.00859
29	0.11985	0.49443	0.06872	0.01246	0.05575	0.02002	0.01103	0.07860	0.01322	0.01840	0.00971	0.01159	0.00844	0.00610	0.00531	0.00165	0.04964	0.00386	0.00323	0.00798
30	0.01292	0.01216	0.02013	0.48398	0.22388	0.01389	0.05151	0.01615	0.01235	0.01671	0.01116	0.01607	0.00898	0.00650	0.00718	0.00208	0.06829	0.00547	0.00297	0.00762
31	0.00802	0.00574	0.00738	0.00865	0.00907	0.00527	0.00576	0.00874	0.01157	0.01553	0.03217	0.78439	0.03830	0.01838	0.00769	0.00249	0.00368	0.01640	0.00561	0.00518
32	0.02614	0.01086	0.01419	0.01103	0.01550	0.00963	0.00898	0.07885	0.01765	0.70489	0.02273	0.02030	0.01469	0.00769	0.00616	0.00194	0.00530	0.00601	0.00726	0.01019
33	0.01338	0.01302	0.01807	0.06059	0.01711	0.01766	0.01305	0.01450	0.00957	0.01476	0.00869	0.01402	0.00846	0.01034	0.01822	0.00264	0.73100	0.00532	0.00285	0.00677
34	0.01348	0.01316	0.01809	0.01559	0.01569	0.01794	0.01285	0.01445	0.00942	0.01471	0.00853	0.01386	0.00845	0.01059	0.01898	0.00267	0.77662	0.00532	0.00285	0.00676
35	0.01179	0.01085	0.01774	0.77379	0.03968	0.01320	0.01617	0.01528	0.01205	0.01554	0.01115	0.01655	0.00857	0.00637	0.00613	0.00208	0.00792	0.00539	0.00289	0.00686
36	0.01094	0.00573	0.00818	0.00814	0.00824	0.00559	0.00542	0.00823	0.00813	0.01094	0.01092	0.01866	0.01084	0.02030	0.02251	0.82079	0.00530	0.00528	0.00283	0.00305
37	0.00802	0.00574	0.00738	0.00865	0.00907	0.00527	0.00576	0.00874	0.01157	0.01553	0.03217	0.78439	0.03830	0.01838	0.00769	0.00249	0.00368	0.01640	0.00561	0.00518
38	0.00828	0.00619	0.00745	0.00788	0.00900	0.00553	0.00554	0.00959	0.01357	0.01809	0.24330	0.38456	0.22725	0.01576	0.00739	0.00225	0.00339	0.01367	0.00589	0.00544
39	0.01267	0.00889	0.00970	0.00866	0.00989	0.00917	0.00578	0.19134	0.01358	0.01826	0.01782	0.03252	0.01879	0.59108	0.02337	0.00472	0.00605	0.00779	0.00435	0.00557
40	0.00935	0.00630	0.00699	0.00695	0.00705	0.00615	0.00394	0.00908	0.00898	0.01207	0.01888	0.03839	0.02153	0.78726	0.02916	0.00567	0.00587	0.00858	0.00380	0.00402
41	0.01490	0.03843	0.01913	0.01553	0.01815	0.06515	0.13728	0.07173	0.17098	0.01962	0.01576	0.02192	0.01380	0.00982	0.02506	0.00243	0.24440	0.08393	0.00419	0.00779
42	0.00935	0.00630	0.00699	0.00695	0.00705	0.00615	0.00394	0.00908	0.00898	0.01207	0.01888	0.03839	0.02153	0.78726	0.02916	0.00567	0.00587	0.00858	0.00380	0.00402
43	0.78378	0.01199	0.00959	0.00851	0.01215	0.01359	0.00688	0.05630	0.01129	0.02697	0.00929	0.01093	0.00735	0.00605	0.00410	0.00195	0.00486	0.00355	0.00399	0.00689
44	0.05885	0.06022	0.12593	0.06743	0.34633	0.04165	0.11904	0.01923	0.06550	0.01948	0.01226	0.01527	0.00988	0.00601	0.00597	0.00192	0.00758	0.00535	0.00334	0.00877
45	0.06447	0.02112	0.01734	0.05870	0.12480	0.42107	0.01230	0.05608	0.06753	0.01801	0.01128	0.01357	0.00934	0.00690	0.00678	0.00186	0.07290	0.00463	0.00358	0.00773

[dist]
# distance from previous block
# <min> <max>
0	2

[block]
# block no. 7 follows, 41 sequences, length 20
# corresponding to MSA columns:
# 386-405
name=unknown_H
#
# <colnr> <probs for GDERKNQSTAVLIFYWHMCP>
#	G	D	E	R	K	N	Q	S	T	A	V	L	I	F	Y	W	H	M	C	P
0	0.02013	0.01439	0.01593	0.01281	0.03323	0.01547	0.01021	0.54886	0.06687	0.08896	0.01559	0.05256	0.01183	0.00730	0.00573	0.00172	0.00583	0.00572	0.00561	0.06127
1	0.07112	0.10723	0.07093	0.01203	0.01594	0.32096	0.01019	0.05125	0.01521	0.18064	0.01630	0.01634	0.07441	0.00679	0.00522	0.00161	0.00735	0.00487	0.00413	0.00749
2	0.04942	0.35687	0.02022	0.01015	0.01417	0.01629	0.00896	0.17616	0.01587	0.12239	0.07444	0.08269	0.01523	0.00735	0.00498	0.00158	0.00541	0.00564	0.00441	0.00777
3	0.01367	0.01334	0.01470	0.01170	0.01514	0.11861	0.03936	0.04885	0.01242	0.01742	0.01000	0.01274	0.00858	0.00832	0.05624	0.00191	0.17517	0.00419	0.00322	0.41441
4	0.01195	0.11695	0.68530	0.01559	0.02364	0.01436	0.01986	0.01803	0.01205	0.01763	0.01005	0.01181	0.00730	0.00540	0.00525	0.00175	0.00820	0.00411	0.00243	0.00835
5	0.00784	0.00577	0.00763	0.00821	0.00856	0.00604	0.00562	0.00878	0.00996	0.01357	0.02443	0.45024	0.02837	0.20194	0.13573	0.00418	0.05204	0.01215	0.00437	0.00456
6	0.01420	0.01362	0.02324	0.03512	0.76282	0.01361	0.01757	0.01758	0.01305	0.01872	0.01080	0.01421	0.00910	0.00512	0.00568	0.00171	0.00681	0.00511	0.00285	0.00908
7	0.01420	0.01362	0.02324	0.03512	0.76282	0.01361	0.01757	0.01758	0.01305	0.01872	0.01080	0.01421	0.00910	0.00512	0.00568	0.00171	0.00681	0.00511	0.00285	0.00908
8	0.00701	0.00501	0.00667	0.00799	0.00833	0.00467	0.00533	0.00800	0.01098	0.01464	0.03155	0.79478	0.03785	0.01794	0.00732	0.00233	0.00333	0.01627	0.00532	0.00467
9	0.07549	0.01444	0.02232	0.04552	0.50937	0.05105	0.09623	0.08097	0.01419	0.02039	0.01084	0.01380	0.00879	0.00532	0.00563	0.00173	0.00710	0.00508	0.00316	0.00860
10	0.01642	0.01100	0.01202	0.01034	0.01329	0.04115	0.00796	0.08134	0.31109	0.19935	0.08506	0.02425	0.01938	0.13006	0.00947	0.00242	0.00499	0.00672	0.00569	0.00801
11	0.00726	0.00515	0.00679	0.00800	0.00837	0.00486	0.00541	0.00826	0.01089	0.01450	0.03038	0.68975	0.03617	0.08168	0.00914	0.00261	0.00363	0.05738	0.00517	0.00461
12	0.00701	0.00501	0.00667	0.00799	0.00833	0.00467	0.00533	0.00800	0.01098	0.01464	0.03155	0.79478	0.03785	0.01794	0.00732	0.00233	0.00333	0.01627	0.00532	0.00467
13	0.01320	0.01260	0.02144	0.25741	0.54831	0.01335	0.01707	0.01671	0.01258	0.01752	0.01063	0.01454	0.00867	0.00531	0.00570	0.00177	0.00705	0.00511	0.00276	0.00828
14	0.02055	0.10463	0.01811	0.01536	0.07632	0.50103	0.01124	0.09755	0.01663	0.07182	0.01046	0.01159	0.00828	0.00594	0.00516	0.00152	0.00879	0.00405	0.00349	0.00747
15	0.01422	0.29271	0.43122	0.01355	0.02034	0.01642	0.01595	0.05371	0.01294	0.06453	0.01046	0.01169	0.00787	0.00545	0.00488	0.00161	0.00733	0.00398	0.00290	0.00823
16	0.01441	0.01476	0.01734	0.01487	0.01560	0.11844	0.01221	0.06849	0.01111	0.01547	0.00819	0.01237	0.00769	0.00926	0.01601	0.00232	0.62721	0.00485	0.00281	0.00658
17	0.00692	0.00583	0.00599	0.00595	0.00783	0.00490	0.00446	0.00847	0.01334	0.01614	0.11900	0.05401	0.69906	0.01427	0.00678	0.00193	0.00290	0.01193	0.00541	0.00490
18	0.01354	0.01545	0.03377	0.02413	0.02991	0.01449	0.74205	0.01835	0.01353	0.01836	0.01161	0.01549	0.00872	0.00485	0.00677	0.00194	0.00965	0.00676	0.00291	0.00774
19	0.00800	0.00584	0.00751	0.00709	0.00848	0.00535	0.00532	0.01060	0.01596	0.02238	0.70788	0.04365	0.10672	0.01190	0.00675	0.00181	0.00271	0.01047	0.00622	0.00535

[dist]
# distance from previous block
# <min> <max>
0	407

# created by:
# /software/SequenceAnalysis/GenePrediction/augustus/3.0.1/scripts/msa2prfl.pl ./fixed/BUSCOvEOG7BVT73.fas
