[name]
unknown

[dist]
# distance from previous block
# <min> <max>
3	516

[block]
# block no. 0 follows, 41 sequences, length 42
# corresponding to MSA columns:
# 565-606
name=unknown_A
#
# <colnr> <probs for GDERKNQSTAVLIFYWHMCP>
#	G	D	E	R	K	N	Q	S	T	A	V	L	I	F	Y	W	H	M	C	P
0	0.01354	0.01532	0.09851	0.07954	0.49408	0.01368	0.16568	0.01758	0.01293	0.01829	0.01084	0.01428	0.00871	0.00511	0.00587	0.00177	0.00759	0.00535	0.00278	0.00855
1	0.40344	0.06295	0.01501	0.16584	0.16000	0.01397	0.01085	0.07320	0.01215	0.02219	0.00937	0.01172	0.00737	0.00544	0.00455	0.00174	0.00576	0.00402	0.00331	0.00712
2	0.01306	0.01854	0.21301	0.03931	0.09441	0.03587	0.34176	0.01752	0.01238	0.01737	0.01042	0.01386	0.00811	0.00587	0.00816	0.00196	0.13241	0.00556	0.00270	0.00773
3	0.00800	0.00751	0.06321	0.00767	0.00956	0.00581	0.00635	0.01061	0.01486	0.02049	0.51314	0.10756	0.17924	0.01228	0.00670	0.00187	0.00321	0.01072	0.00574	0.00545
4	0.83938	0.01106	0.00841	0.00752	0.01106	0.01283	0.00619	0.01681	0.00973	0.02566	0.00796	0.00929	0.00619	0.00531	0.00354	0.00177	0.00442	0.00310	0.00354	0.00619
5	0.00687	0.00575	0.00598	0.00603	0.00782	0.00486	0.00448	0.00838	0.01315	0.01595	0.10801	0.09785	0.66630	0.01448	0.00679	0.00194	0.00291	0.01219	0.00538	0.00486
6	0.09160	0.01168	0.01401	0.05651	0.01642	0.01188	0.00928	0.25724	0.01891	0.37824	0.06198	0.01789	0.01405	0.00706	0.00561	0.00176	0.00532	0.00557	0.00602	0.00897
7	0.01684	0.00925	0.01146	0.00953	0.01260	0.00903	0.00758	0.10743	0.10599	0.29445	0.31472	0.02825	0.02984	0.00897	0.00615	0.00180	0.00414	0.00759	0.00645	0.00793
8	0.01226	0.01102	0.01652	0.54811	0.03197	0.01362	0.01418	0.07889	0.08918	0.01747	0.01174	0.01560	0.00895	0.00647	0.00697	0.00194	0.08358	0.00523	0.01940	0.00689
9	0.00737	0.00538	0.00698	0.00785	0.00864	0.00500	0.00561	0.00888	0.01233	0.01641	0.16170	0.50618	0.12139	0.01623	0.00720	0.00222	0.00336	0.08693	0.00548	0.00486
10	0.08336	0.01010	0.01074	0.01008	0.01253	0.01136	0.00772	0.02260	0.45568	0.02130	0.05135	0.09297	0.03103	0.09106	0.00836	0.00238	0.00448	0.06024	0.00531	0.00738
11	0.00832	0.00555	0.00624	0.00624	0.00624	0.00555	0.00347	0.00832	0.00832	0.01109	0.01802	0.03743	0.02080	0.79898	0.02911	0.00555	0.00555	0.00832	0.00347	0.00347
12	0.01170	0.02821	0.70518	0.01792	0.08827	0.01331	0.02083	0.01807	0.01216	0.01816	0.01031	0.01226	0.00740	0.00541	0.00545	0.00180	0.00831	0.00430	0.00245	0.00851
13	0.01544	0.01111	0.01233	0.01084	0.01408	0.01220	0.00849	0.02764	0.54199	0.15100	0.08763	0.02383	0.04141	0.00818	0.00592	0.00190	0.00438	0.00684	0.00606	0.00873
14	0.00818	0.00645	0.00962	0.00930	0.01066	0.00592	0.06897	0.01006	0.01257	0.01726	0.20321	0.47332	0.03727	0.01441	0.00696	0.00209	0.00384	0.04060	0.00522	0.05409
15	0.02860	0.01844	0.34744	0.01250	0.01780	0.01152	0.01347	0.02025	0.20768	0.07109	0.10812	0.02232	0.08088	0.00768	0.00579	0.00185	0.00593	0.00630	0.00436	0.00798
16	0.75649	0.01214	0.05440	0.03925	0.01302	0.01285	0.00748	0.01680	0.00994	0.02477	0.00819	0.00970	0.00631	0.00533	0.00374	0.00178	0.00479	0.00324	0.00343	0.00634
17	0.01328	0.07172	0.52930	0.01677	0.02419	0.01363	0.14742	0.01893	0.01267	0.08240	0.01142	0.01313	0.00810	0.00543	0.00559	0.00179	0.00822	0.00474	0.00290	0.00837
18	0.01315	0.01190	0.01792	0.06557	0.43328	0.01226	0.01347	0.07063	0.10592	0.01973	0.01988	0.06653	0.10978	0.00757	0.00593	0.00181	0.00581	0.00684	0.00387	0.00815
19	0.01643	0.00994	0.01178	0.01012	0.01328	0.01027	0.00798	0.02493	0.34218	0.26141	0.19832	0.02583	0.02509	0.00848	0.00602	0.00185	0.00420	0.00716	0.00634	0.00840
20	0.01833	0.01601	0.06054	0.07934	0.01894	0.07158	0.01124	0.44306	0.12320	0.02837	0.01443	0.01597	0.01095	0.05351	0.00706	0.00198	0.00654	0.00535	0.00493	0.00867
21	0.02139	0.01524	0.01652	0.01281	0.01726	0.01675	0.01053	0.63018	0.08856	0.08876	0.01520	0.01481	0.01072	0.00696	0.00573	0.00174	0.00604	0.00531	0.00583	0.00967
22	0.01255	0.15398	0.29846	0.01296	0.01745	0.01424	0.01373	0.04056	0.01202	0.04555	0.06555	0.03813	0.01277	0.03371	0.05479	0.00241	0.15543	0.00529	0.00316	0.00725
23	0.00716	0.00512	0.00686	0.00819	0.00860	0.00481	0.00565	0.00830	0.01114	0.01482	0.03142	0.73240	0.03741	0.01774	0.00735	0.00235	0.00349	0.07720	0.00531	0.00470
24	0.01313	0.09851	0.20531	0.01233	0.01683	0.01409	0.01189	0.03485	0.41351	0.02075	0.01896	0.08427	0.01546	0.00774	0.00562	0.00186	0.00561	0.00637	0.00456	0.00835
25	0.00772	0.00564	0.00727	0.00745	0.00851	0.00524	0.00536	0.00996	0.02581	0.01959	0.45216	0.30578	0.09016	0.01397	0.00693	0.00199	0.00296	0.01245	0.00589	0.00516
26	0.01089	0.00908	0.01253	0.14476	0.07116	0.01009	0.00951	0.06139	0.08043	0.02118	0.38460	0.02900	0.03179	0.00935	0.00758	0.00189	0.08549	0.00782	0.00492	0.00652
27	0.02137	0.02726	0.01621	0.01474	0.01768	0.77602	0.01105	0.02284	0.01621	0.01400	0.00884	0.01031	0.00737	0.00589	0.00516	0.00147	0.01031	0.00368	0.00295	0.00663
28	0.01660	0.14490	0.21743	0.01485	0.01975	0.36482	0.07625	0.01977	0.01406	0.01543	0.01120	0.01276	0.03632	0.00586	0.00520	0.00158	0.00884	0.00432	0.00282	0.00724
29	0.80763	0.01084	0.00829	0.00744	0.01089	0.01254	0.00611	0.01668	0.00982	0.02550	0.00837	0.00975	0.00652	0.00536	0.00356	0.00175	0.00436	0.00318	0.03524	0.00616
30	0.01704	0.01565	0.01439	0.01249	0.01596	0.14610	0.00978	0.17967	0.47299	0.02478	0.01878	0.01784	0.01409	0.00725	0.00569	0.00181	0.00590	0.00571	0.00530	0.00878
31	0.01417	0.00945	0.01111	0.00964	0.01239	0.00981	0.00755	0.08313	0.25503	0.14794	0.33557	0.02946	0.03176	0.00924	0.00619	0.00183	0.00396	0.00788	0.00622	0.00767
32	0.02103	0.00871	0.01179	0.00939	0.01300	0.00761	0.00761	0.02337	0.01632	0.57089	0.21719	0.02560	0.02466	0.00830	0.00601	0.00178	0.00430	0.00696	0.00687	0.00859
33	0.00696	0.00573	0.00612	0.00617	0.00789	0.00489	0.00457	0.00854	0.01329	0.01640	0.15136	0.11712	0.60236	0.01440	0.00680	0.00195	0.00291	0.01220	0.00545	0.00489
34	0.00920	0.00530	0.00741	0.00744	0.00761	0.00545	0.00495	0.00812	0.00801	0.01084	0.01320	0.03720	0.01384	0.21780	0.14413	0.48052	0.00673	0.00619	0.00287	0.00319
35	0.00818	0.00611	0.00908	0.00908	0.01006	0.00709	0.00701	0.01014	0.00916	0.01319	0.01543	0.02305	0.01455	0.07207	0.74749	0.00905	0.01494	0.00621	0.00308	0.00504
36	0.01752	0.34724	0.04741	0.01174	0.01611	0.08143	0.01052	0.21073	0.10837	0.05000	0.01208	0.01260	0.00950	0.00614	0.00530	0.00155	0.03530	0.00430	0.00395	0.00821
37	0.00994	0.00497	0.00745	0.00745	0.00745	0.00497	0.00497	0.00745	0.00745	0.00994	0.00994	0.01739	0.00994	0.01987	0.02235	0.83358	0.00497	0.00497	0.00248	0.00248
38	0.01167	0.01389	0.11998	0.42871	0.14059	0.01291	0.12978	0.01586	0.01206	0.01625	0.01121	0.04119	0.00897	0.00586	0.00589	0.00188	0.00778	0.00561	0.00272	0.00718
39	0.02521	0.01127	0.01969	0.57413	0.15342	0.01303	0.09112	0.01550	0.01188	0.01583	0.01037	0.01500	0.00794	0.00552	0.00578	0.00187	0.00765	0.00523	0.00264	0.00692
40	0.00897	0.00779	0.01316	0.17090	0.01816	0.00791	0.12189	0.01108	0.01137	0.01514	0.02289	0.47227	0.02557	0.01311	0.00726	0.02635	0.00526	0.01185	0.00424	0.02484
41	0.04635	0.02400	0.09715	0.01165	0.01603	0.01199	0.03820	0.14099	0.06894	0.07817	0.02563	0.03837	0.01126	0.01581	0.00677	0.00161	0.08214	0.00503	0.00413	0.27580

[dist]
# distance from previous block
# <min> <max>
0	11

[block]
# block no. 1 follows, 41 sequences, length 93
# corresponding to MSA columns:
# 618-710
name=unknown_B
#
# <colnr> <probs for GDERKNQSTAVLIFYWHMCP>
#	G	D	E	R	K	N	Q	S	T	A	V	L	I	F	Y	W	H	M	C	P
0	0.03479	0.04630	0.07691	0.28632	0.12006	0.01314	0.20978	0.01637	0.01224	0.01710	0.01047	0.01411	0.00811	0.00516	0.00565	0.00172	0.00757	0.00513	0.00279	0.10629
1	0.01667	0.03350	0.04441	0.01439	0.08130	0.28063	0.01061	0.05746	0.21007	0.04630	0.01628	0.01881	0.03268	0.03985	0.00652	0.00185	0.00706	0.03567	0.00415	0.04177
2	0.03089	0.09606	0.01995	0.39456	0.14496	0.01434	0.05125	0.04318	0.01240	0.05789	0.01064	0.01426	0.00827	0.00595	0.00658	0.00183	0.07180	0.00494	0.00298	0.00725
3	0.01256	0.00964	0.01289	0.07059	0.05353	0.01022	0.03310	0.12474	0.11308	0.04186	0.11464	0.03948	0.02565	0.01101	0.00678	0.00215	0.00539	0.30058	0.00518	0.00692
4	0.01206	0.01301	0.03888	0.07993	0.02523	0.01201	0.47381	0.01615	0.01336	0.01842	0.10672	0.06310	0.01592	0.00647	0.00646	0.00184	0.00776	0.00728	0.00347	0.07813
5	0.01177	0.01141	0.01716	0.47404	0.02984	0.04326	0.04260	0.01481	0.01109	0.01496	0.00988	0.01452	0.00796	0.00673	0.00882	0.00197	0.19955	0.00502	0.03770	0.03690
6	0.00850	0.00573	0.00660	0.00659	0.00669	0.00578	0.00383	0.00860	0.00851	0.01144	0.01798	0.03648	0.02044	0.73993	0.08532	0.00584	0.00634	0.00820	0.00350	0.00369
7	0.00832	0.00622	0.00923	0.00927	0.01028	0.00717	0.00716	0.01027	0.00938	0.01350	0.01609	0.05122	0.01532	0.04199	0.74576	0.00895	0.01491	0.00656	0.00321	0.00519
8	0.00846	0.00566	0.00639	0.00643	0.00646	0.00563	0.00362	0.00845	0.00854	0.01140	0.01868	0.06559	0.02156	0.76796	0.02832	0.00545	0.00552	0.00866	0.00360	0.00361
9	0.01933	0.13536	0.01799	0.07184	0.01866	0.58097	0.01109	0.02096	0.01511	0.01417	0.00984	0.03976	0.00868	0.00630	0.00515	0.00154	0.00930	0.00423	0.00300	0.00673
10	0.02012	0.01963	0.01518	0.01306	0.01652	0.36853	0.01014	0.19521	0.12120	0.09101	0.01650	0.01653	0.05653	0.00714	0.00562	0.00169	0.00764	0.00519	0.00460	0.00798
11	0.01473	0.01225	0.01669	0.42203	0.04896	0.01427	0.01342	0.25023	0.07792	0.02255	0.01338	0.04427	0.01044	0.00681	0.00586	0.00189	0.00681	0.00569	0.00401	0.00777
12	0.04963	0.01952	0.32683	0.01331	0.01920	0.01294	0.01411	0.16919	0.07693	0.09574	0.01444	0.01692	0.01095	0.00665	0.00557	0.00178	0.00662	0.04453	0.00420	0.09093
13	0.76981	0.01108	0.00894	0.00787	0.01149	0.01256	0.00646	0.01785	0.01040	0.08718	0.00936	0.01039	0.00703	0.00558	0.00381	0.00180	0.00452	0.00338	0.00389	0.00658
14	0.00829	0.00599	0.00778	0.00733	0.00869	0.00551	0.00548	0.01093	0.01629	0.02309	0.75828	0.04289	0.05401	0.01180	0.00682	0.00183	0.00277	0.01039	0.00635	0.00549
15	0.00696	0.00592	0.00595	0.00597	0.00788	0.00494	0.00445	0.00835	0.01310	0.01560	0.05743	0.07088	0.74362	0.01465	0.00685	0.00197	0.00297	0.01220	0.00537	0.00492
16	0.00780	0.00598	0.00820	0.05309	0.01073	0.00619	0.00654	0.00892	0.01093	0.01471	0.02862	0.68973	0.03391	0.01671	0.00815	0.00234	0.06269	0.01480	0.00500	0.00496
17	0.01204	0.01029	0.01198	0.00860	0.01368	0.00773	0.00686	0.01453	0.01197	0.01880	0.01035	0.01211	0.00865	0.00436	0.00432	0.00088	0.00430	0.00345	0.00345	0.83164
18	0.61394	0.01116	0.01025	0.11098	0.01526	0.01290	0.00782	0.07665	0.01162	0.02496	0.00951	0.01137	0.00732	0.00569	0.00412	0.00179	0.00497	0.00372	0.04939	0.00655
19	0.01304	0.10385	0.58786	0.01662	0.06702	0.01468	0.01899	0.07820	0.01343	0.01934	0.01054	0.01230	0.00774	0.00560	0.00538	0.00177	0.00800	0.00430	0.00278	0.00857
20	0.01408	0.01212	0.01274	0.01150	0.01469	0.01391	0.00892	0.02950	0.71864	0.02370	0.02494	0.02304	0.05004	0.00817	0.00594	0.00197	0.00452	0.00677	0.00585	0.00896
21	0.01430	0.01362	0.02476	0.11131	0.47833	0.01358	0.18989	0.01797	0.01322	0.04937	0.01156	0.01504	0.00920	0.00530	0.00601	0.00181	0.00754	0.00557	0.00305	0.00857
22	0.01414	0.03943	0.03888	0.12941	0.08012	0.09205	0.10728	0.04588	0.21814	0.01887	0.01647	0.01817	0.05228	0.00723	0.00735	0.00193	0.09488	0.00589	0.00388	0.00773
23	0.00832	0.00579	0.00676	0.00664	0.00717	0.00561	0.00419	0.00909	0.01073	0.01452	0.19838	0.03992	0.08993	0.52364	0.04222	0.00447	0.00497	0.00910	0.00434	0.00419
24	0.01373	0.10245	0.10925	0.01109	0.01499	0.01344	0.00988	0.08046	0.33962	0.02161	0.01869	0.04357	0.02692	0.04084	0.00640	0.00190	0.00521	0.00594	0.07305	0.06097
25	0.00849	0.00571	0.00649	0.00645	0.00658	0.00565	0.00371	0.00867	0.00909	0.01225	0.07962	0.03805	0.02368	0.73163	0.02727	0.00526	0.00537	0.00853	0.00376	0.00373
26	0.00869	0.00656	0.00747	0.00747	0.00829	0.00664	0.00506	0.01059	0.07169	0.01412	0.02943	0.13491	0.19058	0.39090	0.01810	0.00380	0.03697	0.03963	0.00441	0.00468
27	0.00851	0.00569	0.00638	0.00637	0.00639	0.00566	0.00355	0.00846	0.00844	0.01127	0.01818	0.03761	0.02093	0.79680	0.02912	0.00557	0.00561	0.00837	0.00353	0.00357
28	0.01433	0.01371	0.02331	0.03516	0.76125	0.01368	0.01760	0.01767	0.01313	0.01885	0.01094	0.01440	0.00923	0.00522	0.00574	0.00173	0.00685	0.00515	0.00289	0.00915
29	0.02190	0.01613	0.01727	0.01327	0.01786	0.01782	0.01094	0.74223	0.02696	0.03616	0.01391	0.01398	0.00990	0.00698	0.00580	0.00175	0.00635	0.00521	0.00578	0.00981
30	0.01143	0.05630	0.18186	0.02327	0.01460	0.00903	0.01015	0.03880	0.01265	0.07925	0.03538	0.33679	0.02268	0.01123	0.00621	0.00194	0.00517	0.03749	0.00447	0.10133
31	0.01711	0.01928	0.07244	0.04741	0.05592	0.29337	0.02165	0.10503	0.20039	0.02030	0.05644	0.01623	0.01311	0.00694	0.00603	0.00176	0.02932	0.00524	0.00416	0.00786
32	0.02298	0.01044	0.01477	0.01122	0.01578	0.00911	0.06355	0.02591	0.04454	0.60055	0.02060	0.01866	0.01343	0.00675	0.00575	0.00172	0.00521	0.00566	0.00638	0.09700
33	0.79502	0.01092	0.00850	0.00763	0.01107	0.01255	0.00624	0.01663	0.01018	0.02567	0.04629	0.01125	0.00880	0.00576	0.00379	0.00180	0.00440	0.00353	0.00374	0.00625
34	0.00705	0.00588	0.00611	0.00618	0.00797	0.00497	0.00457	0.00849	0.01319	0.01602	0.09939	0.11009	0.66090	0.01467	0.00687	0.00199	0.00298	0.01232	0.00543	0.00495
35	0.00947	0.00691	0.00927	0.01132	0.13020	0.00685	0.00612	0.00987	0.00936	0.01272	0.01751	0.09503	0.01961	0.54399	0.02298	0.06695	0.00558	0.00825	0.00350	0.00451
36	0.07773	0.01125	0.01503	0.32691	0.02477	0.01322	0.03485	0.08012	0.20982	0.02033	0.01470	0.01760	0.01136	0.00708	0.00646	0.01793	0.03668	0.01717	0.04967	0.00733
37	0.01165	0.02966	0.76727	0.01641	0.02485	0.01337	0.02117	0.01823	0.01219	0.01828	0.01045	0.01233	0.00742	0.00556	0.00551	0.00184	0.00851	0.00429	0.00248	0.00854
38	0.01234	0.00900	0.00938	0.00848	0.01042	0.04016	0.00635	0.18271	0.01551	0.02151	0.08481	0.11468	0.11401	0.12031	0.04112	0.00260	0.00493	0.00822	0.18735	0.00611
39	0.01012	0.00511	0.00759	0.00758	0.00760	0.00508	0.00505	0.00760	0.00758	0.01012	0.01012	0.01762	0.01010	0.01995	0.02238	0.83120	0.00503	0.00503	0.00255	0.00259
40	0.01208	0.02467	0.52963	0.08191	0.02729	0.01361	0.19273	0.01799	0.01248	0.01804	0.01075	0.01339	0.00780	0.00543	0.00585	0.00188	0.00872	0.00496	0.00260	0.00819
41	0.00808	0.00550	0.00651	0.00692	0.00705	0.00537	0.00415	0.00835	0.00929	0.01240	0.02252	0.28101	0.02640	0.54593	0.02212	0.00453	0.00489	0.01092	0.00412	0.00395
42	0.28246	0.01397	0.01346	0.15907	0.03377	0.13365	0.01002	0.11235	0.01380	0.02177	0.02454	0.01300	0.00882	0.00619	0.00561	0.00175	0.05106	0.00430	0.03774	0.05264
43	0.01503	0.01227	0.01307	0.01168	0.01498	0.01399	0.00909	0.03033	0.71019	0.06518	0.02339	0.02146	0.01742	0.00784	0.00589	0.00196	0.00461	0.00648	0.00594	0.00918
44	0.01329	0.01365	0.01751	0.04517	0.01629	0.07446	0.01260	0.01461	0.00955	0.01399	0.00790	0.01271	0.00768	0.00964	0.01728	0.00243	0.69728	0.00497	0.00260	0.00638
45	0.01204	0.01029	0.01198	0.00860	0.01368	0.00773	0.00686	0.01453	0.01197	0.01880	0.01035	0.01211	0.00865	0.00436	0.00432	0.00088	0.00430	0.00345	0.00345	0.83164
46	0.01191	0.00929	0.01054	0.00965	0.01203	0.00996	0.00738	0.02112	0.38174	0.05057	0.32207	0.06353	0.04607	0.00999	0.00635	0.00193	0.00378	0.00857	0.00608	0.00743
47	0.00716	0.00512	0.00678	0.00809	0.00844	0.00476	0.00539	0.00811	0.01107	0.01477	0.03165	0.79322	0.03792	0.01801	0.00737	0.00235	0.00339	0.01629	0.00537	0.00475
48	0.00735	0.00525	0.00699	0.00830	0.00873	0.00492	0.00572	0.00843	0.01125	0.01498	0.03154	0.73274	0.03751	0.01783	0.00742	0.00238	0.00355	0.07493	0.00536	0.00480
49	0.65232	0.01193	0.01338	0.01080	0.01479	0.01304	0.14120	0.01766	0.01082	0.05509	0.00942	0.01110	0.00716	0.00542	0.00430	0.00183	0.00546	0.00394	0.00363	0.00671
50	0.79061	0.01111	0.00882	0.00780	0.01140	0.01267	0.00640	0.01756	0.01023	0.06823	0.00899	0.01013	0.00683	0.00553	0.00375	0.00180	0.00451	0.00331	0.00380	0.00649
51	0.02580	0.00986	0.01339	0.01030	0.01473	0.00851	0.00848	0.02796	0.01647	0.76525	0.02271	0.01970	0.01432	0.00720	0.00583	0.00180	0.00493	0.00581	0.00713	0.00982
52	0.01392	0.00956	0.01114	0.00979	0.01242	0.00963	0.00765	0.23741	0.02786	0.08751	0.14301	0.20909	0.09284	0.01150	0.00650	0.00195	0.00447	0.05392	0.00572	0.04409
53	0.00761	0.00551	0.00722	0.00828	0.00900	0.00515	0.00597	0.00899	0.01202	0.01594	0.09375	0.55601	0.09284	0.01689	0.00738	0.00233	0.00362	0.13112	0.00544	0.00492
54	0.01339	0.01569	0.06236	0.02282	0.02814	0.01458	0.63687	0.01786	0.01311	0.01803	0.01172	0.02944	0.00922	0.00564	0.00777	0.00201	0.07399	0.00673	0.00295	0.00766
55	0.00831	0.00595	0.00759	0.00731	0.00868	0.00543	0.00542	0.01066	0.01550	0.03223	0.61293	0.11651	0.11660	0.01259	0.00686	0.00189	0.00288	0.01105	0.00618	0.00543
56	0.01641	0.01766	0.01444	0.07152	0.04823	0.32156	0.01030	0.05235	0.23756	0.01888	0.05591	0.01991	0.07550	0.00757	0.00573	0.00175	0.00711	0.00584	0.00432	0.00745
57	0.00716	0.00512	0.00678	0.00809	0.00844	0.00476	0.00539	0.00811	0.01107	0.01477	0.03165	0.79322	0.03792	0.01801	0.00737	0.00235	0.00339	0.01629	0.00537	0.00475
58	0.01234	0.01078	0.01606	0.24145	0.06415	0.01336	0.02550	0.06819	0.01119	0.01561	0.01005	0.01515	0.00877	0.01173	0.05869	0.13097	0.27176	0.00520	0.00288	0.00618
59	0.46857	0.01069	0.01081	0.00890	0.01286	0.01108	0.00732	0.03444	0.01304	0.34891	0.01461	0.01406	0.00990	0.00623	0.00462	0.00180	0.00471	0.00435	0.00518	0.00789
60	0.00792	0.00592	0.00730	0.00705	0.00849	0.00534	0.00524	0.01018	0.01527	0.02091	0.55675	0.08875	0.21399	0.01279	0.00686	0.00189	0.00285	0.01112	0.00607	0.00532
61	0.02383	0.01303	0.01535	0.01180	0.01631	0.01321	0.00972	0.38870	0.02177	0.39703	0.01826	0.01681	0.01208	0.00709	0.00581	0.00178	0.00565	0.00550	0.00645	0.00982
62	0.00760	0.00587	0.00831	0.00877	0.00967	0.00541	0.04752	0.00891	0.01171	0.01548	0.06446	0.61934	0.12124	0.01656	0.00726	0.00227	0.00370	0.02567	0.00527	0.00498
63	0.01513	0.12018	0.01588	0.01278	0.07041	0.01350	0.00963	0.07186	0.25362	0.11555	0.01721	0.01846	0.01351	0.01496	0.17569	0.00344	0.03991	0.00563	0.00460	0.00805
64	0.01270	0.01679	0.15165	0.06378	0.02803	0.01352	0.52637	0.01742	0.01307	0.01797	0.01296	0.07376	0.01075	0.00608	0.00659	0.00197	0.00891	0.00701	0.00304	0.00762
65	0.01546	0.80025	0.03004	0.00991	0.01481	0.02270	0.00986	0.01724	0.01174	0.01363	0.00814	0.00944	0.00752	0.00502	0.00375	0.00126	0.00618	0.00312	0.00251	0.00743
66	0.01016	0.00896	0.01286	0.09899	0.22580	0.00890	0.00991	0.01339	0.05441	0.01829	0.16846	0.05857	0.26813	0.01019	0.00637	0.00188	0.00465	0.00888	0.00458	0.00662
67	0.01308	0.01031	0.01067	0.00967	0.01150	0.05240	0.00707	0.16749	0.14262	0.01952	0.01911	0.06217	0.01878	0.34465	0.03075	0.00363	0.00592	0.05983	0.00458	0.00624
68	0.01770	0.01214	0.10410	0.18790	0.07940	0.01016	0.01210	0.02070	0.01383	0.35136	0.01764	0.02129	0.01316	0.06304	0.00755	0.00215	0.00620	0.04656	0.00486	0.00815
69	0.04661	0.51892	0.22304	0.01154	0.01733	0.01914	0.01260	0.03039	0.01207	0.01596	0.00895	0.01040	0.00754	0.00518	0.00427	0.00143	0.00665	0.00348	0.00264	0.04187
70	0.01205	0.05264	0.38801	0.01607	0.02197	0.01271	0.17243	0.01676	0.01254	0.04142	0.04562	0.08169	0.04189	0.00737	0.00673	0.00193	0.05080	0.00644	0.00325	0.00767
71	0.01099	0.01029	0.01726	0.78310	0.03945	0.01280	0.01594	0.01474	0.01155	0.01479	0.01035	0.01549	0.00780	0.00584	0.00580	0.00194	0.00768	0.00514	0.00261	0.00645
72	0.01275	0.01426	0.13406	0.05448	0.34016	0.01191	0.03562	0.07052	0.02789	0.01919	0.01633	0.14591	0.01576	0.00845	0.00620	0.00195	0.00645	0.06649	0.00370	0.00792
73	0.05692	0.00801	0.03858	0.00941	0.04192	0.00712	0.00674	0.03455	0.01280	0.11062	0.16285	0.24672	0.05247	0.17202	0.01109	0.00273	0.00440	0.01011	0.00509	0.00586
74	0.00715	0.00516	0.00673	0.00798	0.00841	0.00477	0.00534	0.00812	0.01117	0.01482	0.03299	0.75570	0.07458	0.01783	0.00735	0.00233	0.00336	0.01607	0.00537	0.00475
75	0.01317	0.02440	0.45708	0.02031	0.11599	0.07104	0.17892	0.01856	0.01293	0.01808	0.01069	0.01319	0.00797	0.00541	0.00581	0.00183	0.00870	0.00491	0.00268	0.00832
76	0.02767	0.05476	0.03874	0.12731	0.16988	0.11435	0.01298	0.17927	0.10633	0.05394	0.01357	0.01538	0.01049	0.00670	0.00616	0.00185	0.03099	0.00517	0.01589	0.00856
77	0.01421	0.05137	0.20225	0.05217	0.48147	0.02786	0.01775	0.01858	0.04202	0.01889	0.01160	0.01457	0.00941	0.00574	0.00580	0.00184	0.00737	0.00503	0.00305	0.00902
78	0.00775	0.00554	0.00722	0.00843	0.00888	0.00512	0.00568	0.00866	0.01162	0.01561	0.06282	0.74382	0.03874	0.01792	0.00754	0.00242	0.00356	0.02805	0.00555	0.00504
79	0.01875	0.06277	0.27531	0.01389	0.04959	0.01209	0.01359	0.02384	0.09460	0.33746	0.01771	0.01774	0.01234	0.00691	0.00583	0.00190	0.00644	0.01489	0.00505	0.00930
80	0.01984	0.01388	0.08990	0.05876	0.11321	0.01207	0.07249	0.08093	0.10487	0.34329	0.01821	0.01812	0.01264	0.00689	0.00607	0.00192	0.00629	0.00581	0.00542	0.00939
81	0.01294	0.01246	0.02003	0.10894	0.20978	0.01435	0.10167	0.01545	0.01210	0.01745	0.10458	0.01830	0.01453	0.00824	0.01111	0.00218	0.29904	0.00613	0.00334	0.00739
82	0.01360	0.05015	0.49187	0.01392	0.02037	0.01182	0.01623	0.01849	0.01381	0.12284	0.14987	0.01950	0.01739	0.00722	0.00593	0.00190	0.00701	0.00573	0.00400	0.00834
83	0.05698	0.00980	0.01296	0.01145	0.05662	0.00890	0.00865	0.03699	0.01545	0.53096	0.02110	0.02199	0.01487	0.00840	0.00674	0.04406	0.00505	0.04548	0.07468	0.00887
84	0.01096	0.00983	0.10455	0.00924	0.01183	0.00727	0.00802	0.01409	0.03869	0.09576	0.45037	0.11197	0.08088	0.01146	0.00677	0.00198	0.00401	0.00983	0.00591	0.00657
85	0.01537	0.01204	0.01492	0.01666	0.19256	0.02853	0.01060	0.06262	0.30837	0.08566	0.10210	0.02202	0.01892	0.00774	0.00598	0.00190	0.00518	0.00648	0.07367	0.00869
86	0.00840	0.00662	0.00744	0.00734	0.00900	0.00607	0.00547	0.01050	0.04405	0.01741	0.18304	0.04838	0.42854	0.08115	0.06678	0.00291	0.00446	0.05166	0.00540	0.00540
87	0.01238	0.00689	0.00862	0.00785	0.00974	0.00642	0.00599	0.01473	0.01502	0.14782	0.39038	0.03260	0.03475	0.01239	0.06405	0.00235	0.00425	0.00817	0.20916	0.00643
88	0.01390	0.04972	0.21634	0.17008	0.05490	0.02538	0.23237	0.07771	0.01385	0.01904	0.01129	0.01470	0.00867	0.00614	0.00700	0.00199	0.06030	0.00546	0.00311	0.00805
89	0.04678	0.03468	0.18672	0.07847	0.02161	0.03480	0.04406	0.39623	0.02007	0.02764	0.01249	0.01406	0.00924	0.00680	0.00638	0.00190	0.03957	0.00505	0.00445	0.00899
90	0.00912	0.00736	0.00818	0.00826	0.00977	0.03610	0.00618	0.01149	0.04566	0.01903	0.29475	0.18361	0.23354	0.01399	0.00714	0.00213	0.00376	0.08850	0.00578	0.00564
91	0.00788	0.00573	0.00727	0.00808	0.00881	0.00523	0.00554	0.00907	0.01261	0.01699	0.18318	0.57289	0.10130	0.01667	0.00740	0.00230	0.00339	0.01479	0.00571	0.00517
92	0.01462	0.08310	0.08704	0.01947	0.08316	0.09558	0.32545	0.05784	0.01414	0.01846	0.01337	0.07958	0.01170	0.00857	0.04534	0.00228	0.00875	0.00657	0.00341	0.02154

[dist]
# distance from previous block
# <min> <max>
0	444

# created by:
# /software/SequenceAnalysis/GenePrediction/augustus/3.0.1/scripts/msa2prfl.pl ./fixed/BUSCOvEOG79W3VP.fas
