[name]
unknown

[dist]
# distance from previous block
# <min> <max>
0	241

[block]
# block no. 0 follows, 41 sequences, length 24
# corresponding to MSA columns:
# 270-293
name=unknown_A
#
# <colnr> <probs for GDERKNQSTAVLIFYWHMCP>
#	G	D	E	R	K	N	Q	S	T	A	V	L	I	F	Y	W	H	M	C	P
0	0.01080	0.01017	0.01716	0.78523	0.03940	0.01271	0.01589	0.01461	0.01144	0.01461	0.01017	0.01525	0.00762	0.00572	0.00572	0.00191	0.00762	0.00508	0.00254	0.00635
1	0.01147	0.02959	0.76934	0.01630	0.02476	0.01328	0.02113	0.01811	0.01208	0.01811	0.01026	0.01208	0.00725	0.00543	0.00543	0.00181	0.00845	0.00423	0.00242	0.00845
2	0.01313	0.01243	0.02108	0.20544	0.55760	0.01302	0.01673	0.01658	0.01267	0.01767	0.01166	0.01709	0.01000	0.00581	0.00579	0.00180	0.00690	0.04346	0.00289	0.00824
3	0.00840	0.00646	0.00963	0.00950	0.01046	0.00769	0.00743	0.01040	0.00917	0.01330	0.01491	0.02195	0.01394	0.04118	0.73675	0.00884	0.05570	0.00607	0.00303	0.00517
4	0.00697	0.00498	0.00664	0.00796	0.00830	0.00465	0.00531	0.00796	0.01095	0.01460	0.03153	0.79525	0.03783	0.01792	0.00730	0.00232	0.00332	0.01626	0.00531	0.00465
5	0.01322	0.01264	0.02153	0.24358	0.56212	0.01335	0.01709	0.01674	0.01258	0.01756	0.01059	0.01446	0.00866	0.00527	0.00568	0.00176	0.00703	0.00509	0.00275	0.00831
6	0.02029	0.01785	0.01598	0.01298	0.01693	0.19746	0.01040	0.48703	0.06216	0.02883	0.01591	0.01597	0.05775	0.00717	0.00566	0.00168	0.00694	0.00531	0.00504	0.00864
7	0.00802	0.00579	0.00758	0.00725	0.00853	0.00535	0.00539	0.01060	0.01583	0.02236	0.70992	0.09473	0.05285	0.01212	0.00678	0.00184	0.00274	0.01075	0.00623	0.00535
8	0.00706	0.00501	0.00661	0.00785	0.00816	0.00470	0.00519	0.00799	0.01078	0.01438	0.03066	0.74665	0.03674	0.06801	0.00870	0.00253	0.00346	0.01575	0.00519	0.00457
9	0.01080	0.01017	0.01716	0.78523	0.03940	0.01271	0.01589	0.01461	0.01144	0.01461	0.01017	0.01525	0.00762	0.00572	0.00572	0.00191	0.00762	0.00508	0.00254	0.00635
10	0.01147	0.02959	0.76934	0.01630	0.02476	0.01328	0.02113	0.01811	0.01208	0.01811	0.01026	0.01208	0.00725	0.00543	0.00543	0.00181	0.00845	0.00423	0.00242	0.00845
11	0.00767	0.00548	0.00744	0.00876	0.00940	0.00525	0.00652	0.00917	0.01164	0.01538	0.03114	0.56854	0.03631	0.01726	0.00749	0.00242	0.00392	0.23609	0.00530	0.00484
12	0.01126	0.00664	0.00824	0.00764	0.00966	0.00594	0.00579	0.01356	0.03207	0.17074	0.28211	0.15915	0.24008	0.01242	0.00661	0.00192	0.00334	0.01073	0.00601	0.00609
13	0.01423	0.01229	0.01293	0.01164	0.01487	0.01423	0.00905	0.03039	0.75297	0.02393	0.02328	0.02134	0.01746	0.00776	0.00582	0.00194	0.00453	0.00647	0.00582	0.00905
14	0.00817	0.00613	0.00919	0.00919	0.01021	0.00715	0.00715	0.01021	0.00919	0.01328	0.01532	0.02247	0.01430	0.04290	0.77631	0.00919	0.01532	0.00613	0.00306	0.00511
15	0.00718	0.00531	0.00654	0.00724	0.00801	0.00486	0.00494	0.00839	0.01180	0.01547	0.12395	0.47390	0.19579	0.08783	0.00911	0.00247	0.00336	0.01391	0.00526	0.00467
16	0.04770	0.00675	0.00810	0.00835	0.00964	0.00668	0.00604	0.06143	0.04181	0.04919	0.09243	0.44899	0.08706	0.05398	0.00793	0.00232	0.00381	0.04695	0.00534	0.00550
17	0.00832	0.00555	0.00624	0.00624	0.00624	0.00555	0.00347	0.00832	0.00832	0.01109	0.01802	0.03743	0.02080	0.79898	0.02911	0.00555	0.00555	0.00832	0.00347	0.00347
18	0.00697	0.00498	0.00664	0.00796	0.00830	0.00465	0.00531	0.00796	0.01095	0.01460	0.03153	0.79525	0.03783	0.01792	0.00730	0.00232	0.00332	0.01626	0.00531	0.00465
19	0.00708	0.00572	0.00629	0.00633	0.00797	0.00494	0.00468	0.00876	0.01353	0.01703	0.21117	0.12740	0.53067	0.01421	0.00681	0.00194	0.00290	0.01211	0.00553	0.00494
20	0.00890	0.00697	0.00820	0.00774	0.00952	0.00685	0.00585	0.01373	0.14830	0.02138	0.46655	0.06426	0.18639	0.01173	0.00660	0.00187	0.00309	0.01017	0.00599	0.00592
21	0.00758	0.00564	0.00712	0.00796	0.00873	0.00541	0.00550	0.00985	0.06298	0.01623	0.11343	0.59889	0.09674	0.01625	0.00709	0.00221	0.00330	0.01459	0.00545	0.00505
22	0.01120	0.00585	0.00590	0.00571	0.00720	0.00593	0.00433	0.04851	0.01271	0.02203	0.01842	0.02096	0.01442	0.00667	0.00408	0.00135	0.00284	0.00532	0.79102	0.00554
23	0.00696	0.00577	0.00609	0.00609	0.00787	0.00490	0.00454	0.00857	0.01340	0.01649	0.15718	0.08451	0.62945	0.01423	0.00678	0.00193	0.00289	0.01200	0.00545	0.00490

[dist]
# distance from previous block
# <min> <max>
0	1

[block]
# block no. 1 follows, 41 sequences, length 56
# corresponding to MSA columns:
# 295-350
name=unknown_B
#
# <colnr> <probs for GDERKNQSTAVLIFYWHMCP>
#	G	D	E	R	K	N	Q	S	T	A	V	L	I	F	Y	W	H	M	C	P
0	0.00920	0.00663	0.00820	0.00934	0.00993	0.00598	0.00623	0.00962	0.01236	0.01662	0.03390	0.74428	0.06594	0.01877	0.00811	0.00267	0.00407	0.01639	0.00595	0.00579
1	0.01455	0.01245	0.01312	0.01171	0.01500	0.01438	0.00913	0.06111	0.72173	0.02445	0.02287	0.02101	0.01713	0.00772	0.00582	0.00193	0.00460	0.00641	0.00582	0.00908
2	0.00817	0.00613	0.00919	0.00919	0.01021	0.00715	0.00715	0.01021	0.00919	0.01328	0.01532	0.02247	0.01430	0.04290	0.77631	0.00919	0.01532	0.00613	0.00306	0.00511
3	0.77910	0.01143	0.00905	0.00794	0.01155	0.01319	0.00654	0.07044	0.01100	0.02643	0.00839	0.00962	0.00646	0.00542	0.00370	0.00177	0.00456	0.00325	0.00370	0.00646
4	0.00940	0.00679	0.00935	0.01057	0.01196	0.00686	0.00921	0.01253	0.04014	0.01737	0.03003	0.06295	0.03236	0.01551	0.00782	0.00261	0.00524	0.69861	0.00529	0.00541
5	0.00882	0.00638	0.00857	0.00898	0.01036	0.00622	0.00740	0.01183	0.03378	0.02005	0.37614	0.05307	0.04250	0.01365	0.00730	0.00222	0.00403	0.36751	0.00577	0.00543
6	0.02117	0.01625	0.01681	0.01312	0.01752	0.05168	0.01075	0.65906	0.07994	0.03416	0.01422	0.01414	0.01019	0.00689	0.00570	0.00172	0.00635	0.00518	0.00560	0.00954
7	0.02145	0.01521	0.01651	0.01279	0.01725	0.01669	0.01052	0.62813	0.08478	0.09462	0.01522	0.01482	0.01071	0.00696	0.00573	0.00174	0.00603	0.00531	0.00584	0.00967
8	0.02125	0.02263	0.01661	0.01416	0.01763	0.47037	0.01103	0.29212	0.01998	0.02223	0.01063	0.01166	0.00825	0.00638	0.00577	0.00159	0.03171	0.00427	0.00397	0.00778
9	0.00899	0.00627	0.00849	0.00879	0.01019	0.00601	0.00721	0.01165	0.01481	0.03662	0.41060	0.05217	0.04348	0.01347	0.00725	0.00218	0.00392	0.33662	0.00584	0.00543
10	0.00818	0.00609	0.00897	0.00897	0.00992	0.00703	0.00688	0.01007	0.00913	0.01312	0.01552	0.02357	0.01478	0.09864	0.72122	0.00892	0.01460	0.00629	0.00309	0.00499
11	0.00835	0.00640	0.00954	0.00944	0.01042	0.00759	0.00738	0.01036	0.00917	0.01330	0.01499	0.02205	0.01401	0.04151	0.74437	0.00891	0.04793	0.00608	0.00304	0.00516
12	0.00817	0.00613	0.00919	0.00919	0.01021	0.00715	0.00715	0.01021	0.00919	0.01328	0.01532	0.02247	0.01430	0.04290	0.77631	0.00919	0.01532	0.00613	0.00306	0.00511
13	0.01430	0.01264	0.01288	0.01161	0.01481	0.03943	0.00902	0.02965	0.71190	0.02341	0.02357	0.02172	0.03370	0.00785	0.00582	0.00192	0.00468	0.00650	0.00571	0.00888
14	0.01207	0.01152	0.01970	0.49799	0.30092	0.01306	0.03180	0.01576	0.01205	0.01616	0.01041	0.01486	0.00817	0.00547	0.00572	0.00183	0.00737	0.00512	0.00265	0.00736
15	0.07045	0.00694	0.00816	0.00792	0.00981	0.00674	0.00627	0.01288	0.06326	0.05253	0.33850	0.04445	0.20004	0.01211	0.00661	0.00198	0.00354	0.13636	0.00569	0.00573
16	0.00912	0.00651	0.00910	0.01042	0.01169	0.00650	0.00904	0.01168	0.01307	0.01701	0.03034	0.09685	0.03314	0.01589	0.00787	0.00262	0.00518	0.69345	0.00527	0.00524
17	0.02174	0.01602	0.01717	0.01316	0.01774	0.01774	0.01087	0.74423	0.02689	0.03605	0.01373	0.01373	0.00973	0.00687	0.00572	0.00172	0.00629	0.00515	0.00572	0.00973
18	0.01332	0.01579	0.06202	0.05222	0.03005	0.01435	0.68707	0.01818	0.01337	0.01818	0.01147	0.01529	0.00858	0.00488	0.00666	0.00192	0.00952	0.00659	0.00286	0.00769
19	0.00702	0.00502	0.00668	0.00793	0.00831	0.00468	0.00531	0.00809	0.01118	0.01496	0.06288	0.76287	0.03853	0.01765	0.00728	0.00230	0.00329	0.01601	0.00535	0.00468
20	0.00832	0.00555	0.00624	0.00624	0.00624	0.00555	0.00347	0.00832	0.00832	0.01109	0.01802	0.03743	0.02080	0.79898	0.02911	0.00555	0.00555	0.00832	0.00347	0.00347
21	0.00694	0.00509	0.00652	0.00766	0.00822	0.00467	0.00518	0.00800	0.01124	0.01472	0.03517	0.69301	0.13772	0.01745	0.00723	0.00227	0.00326	0.01568	0.00531	0.00467
22	0.01475	0.69238	0.13525	0.01071	0.01612	0.02130	0.01140	0.01727	0.01169	0.01412	0.00828	0.00959	0.00733	0.00497	0.00392	0.00131	0.00645	0.00322	0.00244	0.00750
23	0.07565	0.01249	0.01293	0.01145	0.01482	0.01440	0.00898	0.08488	0.64173	0.02500	0.02141	0.01986	0.01603	0.00751	0.00564	0.00191	0.00466	0.00612	0.00564	0.00890
24	0.01186	0.01017	0.01186	0.00847	0.01356	0.00762	0.00678	0.01440	0.01186	0.01864	0.01017	0.01186	0.00847	0.00424	0.00424	0.00085	0.00424	0.00339	0.00339	0.83395
25	0.00757	0.00558	0.00709	0.00724	0.00836	0.00509	0.00523	0.00959	0.01418	0.01940	0.44444	0.27225	0.14490	0.01396	0.00692	0.00198	0.00291	0.01237	0.00586	0.00509
26	0.02174	0.01602	0.01717	0.01316	0.01774	0.01774	0.01087	0.74423	0.02689	0.03605	0.01373	0.01373	0.00973	0.00687	0.00572	0.00172	0.00629	0.00515	0.00572	0.00973
27	0.01510	0.01368	0.04894	0.04626	0.56415	0.01305	0.01580	0.04600	0.04583	0.08042	0.01232	0.01473	0.00974	0.00543	0.00561	0.00169	0.00649	0.00510	0.00342	0.04626
28	0.21551	0.06922	0.01246	0.01032	0.01341	0.01310	0.00849	0.04085	0.35297	0.02256	0.01953	0.02574	0.01678	0.00850	0.00551	0.00198	0.00481	0.14587	0.00490	0.00750
29	0.01250	0.15003	0.62131	0.01522	0.02288	0.04787	0.01893	0.01817	0.01218	0.01721	0.00984	0.01155	0.00727	0.00537	0.00515	0.00171	0.00817	0.00402	0.00244	0.00820
30	0.01375	0.01349	0.02181	0.08479	0.50294	0.03849	0.07548	0.01704	0.01273	0.01798	0.01051	0.01387	0.00873	0.00526	0.00614	0.00166	0.04085	0.00498	0.00287	0.10664
31	0.01501	0.01220	0.01299	0.01145	0.01479	0.01386	0.00897	0.08747	0.63000	0.05683	0.02396	0.02209	0.04868	0.00795	0.00585	0.00191	0.00462	0.00657	0.00584	0.00896
32	0.01993	0.05298	0.01615	0.01403	0.01710	0.61906	0.01067	0.02392	0.14128	0.01567	0.01126	0.01215	0.00908	0.00617	0.00522	0.00154	0.00918	0.00413	0.00342	0.00707
33	0.00832	0.00555	0.00624	0.00624	0.00624	0.00555	0.00347	0.00832	0.00832	0.01109	0.01802	0.03743	0.02080	0.79898	0.02911	0.00555	0.00555	0.00832	0.00347	0.00347
34	0.01339	0.01281	0.02183	0.20699	0.59743	0.01339	0.01717	0.01688	0.01266	0.01775	0.01062	0.01441	0.00873	0.00524	0.00568	0.00175	0.00699	0.00509	0.00276	0.00844
35	0.01579	0.01306	0.01381	0.01196	0.01547	0.01496	0.00943	0.17848	0.60234	0.02644	0.02130	0.01976	0.01586	0.00757	0.00580	0.00189	0.00489	0.00619	0.00580	0.00919
36	0.00697	0.00498	0.00664	0.00796	0.00830	0.00465	0.00531	0.00796	0.01095	0.01460	0.03153	0.79525	0.03783	0.01792	0.00730	0.00232	0.00332	0.01626	0.00531	0.00465
37	0.02076	0.01505	0.01629	0.01270	0.01696	0.01653	0.01040	0.67150	0.02545	0.05330	0.01527	0.07150	0.01191	0.00769	0.00584	0.00176	0.00604	0.00598	0.00573	0.00935
38	0.01886	0.01451	0.01552	0.01258	0.01661	0.01626	0.01021	0.48188	0.27519	0.03143	0.01741	0.01758	0.01294	0.00739	0.00581	0.00182	0.00566	0.02319	0.00574	0.00939
39	0.00925	0.00668	0.00916	0.01022	0.01160	0.00669	0.00882	0.01229	0.03525	0.01792	0.10583	0.06099	0.03465	0.01514	0.00772	0.00253	0.00498	0.62953	0.00539	0.00539
40	0.01189	0.11474	0.68788	0.01558	0.02365	0.01431	0.01988	0.01801	0.01203	0.01760	0.01001	0.01176	0.00726	0.00537	0.00524	0.00175	0.00820	0.00410	0.00242	0.00833
41	0.01529	0.80242	0.02997	0.00979	0.01468	0.02263	0.00979	0.01713	0.01162	0.01346	0.00795	0.00918	0.00734	0.00489	0.00367	0.00122	0.00612	0.00306	0.00245	0.00734
42	0.00832	0.00555	0.00624	0.00624	0.00624	0.00555	0.00347	0.00832	0.00832	0.01109	0.01802	0.03743	0.02080	0.79898	0.02911	0.00555	0.00555	0.00832	0.00347	0.00347
43	0.00994	0.00497	0.00745	0.00745	0.00745	0.00497	0.00497	0.00745	0.00745	0.00994	0.00994	0.01739	0.00994	0.01987	0.02235	0.83358	0.00497	0.00497	0.00248	0.00248
44	0.01416	0.01359	0.02322	0.03511	0.76330	0.01359	0.01755	0.01755	0.01302	0.01869	0.01076	0.01416	0.00906	0.00510	0.00566	0.00170	0.00680	0.00510	0.00283	0.00906
45	0.00938	0.00632	0.00702	0.00697	0.00707	0.00618	0.00396	0.00911	0.00900	0.01211	0.01891	0.03842	0.02156	0.78684	0.02916	0.00567	0.00588	0.00859	0.00381	0.00404
46	0.01611	0.01293	0.01376	0.01225	0.01565	0.01450	0.00948	0.05449	0.67489	0.06805	0.02372	0.02223	0.01783	0.00833	0.00624	0.00210	0.00496	0.00668	0.00619	0.00959
47	0.01262	0.02906	0.71025	0.01738	0.02562	0.01387	0.06798	0.01876	0.01279	0.01903	0.01136	0.01370	0.00832	0.00607	0.00595	0.00200	0.00882	0.00472	0.00280	0.00889
48	0.82703	0.01175	0.00915	0.00823	0.01182	0.01334	0.00664	0.01747	0.01040	0.02645	0.00901	0.01074	0.00719	0.00599	0.00400	0.00195	0.00478	0.00345	0.00388	0.00672
49	0.01802	0.01256	0.01433	0.01092	0.01565	0.01155	0.00875	0.24003	0.03707	0.14167	0.02876	0.01585	0.01180	0.00641	0.00546	0.00150	0.00530	0.00485	0.00514	0.40438
50	0.00844	0.00595	0.00740	0.00828	0.00865	0.00561	0.00538	0.00894	0.01087	0.01463	0.02819	0.56441	0.03315	0.21592	0.04190	0.00357	0.00470	0.01402	0.00507	0.00492
51	0.00822	0.00588	0.00760	0.00886	0.00936	0.00543	0.00606	0.00905	0.01176	0.01575	0.03210	0.73013	0.03796	0.01824	0.00775	0.00252	0.00383	0.06864	0.00562	0.00524
52	0.05368	0.61194	0.02625	0.01067	0.01512	0.17263	0.00988	0.01825	0.01245	0.01412	0.00813	0.00941	0.00729	0.00511	0.00396	0.00130	0.00688	0.00319	0.00260	0.00715
53	0.83938	0.01106	0.00841	0.00752	0.01106	0.01283	0.00619	0.01681	0.00973	0.02566	0.00796	0.00929	0.00619	0.00531	0.00354	0.00177	0.00442	0.00310	0.00354	0.00619
54	0.00744	0.00531	0.00717	0.00850	0.00903	0.00505	0.00612	0.00877	0.01141	0.01512	0.03127	0.64365	0.03681	0.01748	0.00743	0.00239	0.00372	0.16325	0.00530	0.00477
55	0.00817	0.00613	0.00919	0.00919	0.01021	0.00715	0.00715	0.01021	0.00919	0.01328	0.01532	0.02247	0.01430	0.04290	0.77631	0.00919	0.01532	0.00613	0.00306	0.00511

[dist]
# distance from previous block
# <min> <max>
9	13

[block]
# block no. 2 follows, 41 sequences, length 17
# corresponding to MSA columns:
# 364-380
name=unknown_C
#
# <colnr> <probs for GDERKNQSTAVLIFYWHMCP>
#	G	D	E	R	K	N	Q	S	T	A	V	L	I	F	Y	W	H	M	C	P
0	0.01149	0.01125	0.01997	0.59593	0.08903	0.01319	0.11965	0.01532	0.01175	0.01541	0.01032	0.01510	0.00787	0.00570	0.00632	0.00192	0.03512	0.00532	0.00261	0.00674
1	0.02174	0.01602	0.01717	0.01316	0.01774	0.01774	0.01087	0.74423	0.02689	0.03605	0.01373	0.01373	0.00973	0.00687	0.00572	0.00172	0.00629	0.00515	0.00572	0.00973
2	0.00816	0.00548	0.00629	0.00644	0.00648	0.00544	0.00368	0.00828	0.00863	0.01151	0.01963	0.12748	0.02282	0.70617	0.02652	0.00516	0.00528	0.00926	0.00368	0.00361
3	0.00676	0.00579	0.00579	0.00579	0.00773	0.00483	0.00435	0.00821	0.01304	0.01545	0.05794	0.05505	0.76098	0.01449	0.00676	0.00193	0.00290	0.01207	0.00531	0.00483
4	0.00822	0.00595	0.00828	0.00828	0.00899	0.00665	0.00601	0.00963	0.00892	0.01260	0.01616	0.02709	0.01631	0.27657	0.54539	0.00807	0.01230	0.00681	0.00319	0.00460
5	0.00866	0.00664	0.00973	0.00952	0.01047	0.00796	0.00747	0.01066	0.00928	0.01369	0.01480	0.02156	0.01373	0.03842	0.67607	0.00826	0.08130	0.00600	0.04056	0.00522
6	0.01157	0.02889	0.73306	0.01669	0.02501	0.01334	0.05672	0.01812	0.01215	0.01812	0.01033	0.01224	0.00732	0.00540	0.00550	0.00182	0.00851	0.00435	0.00244	0.00842
7	0.02137	0.02726	0.01621	0.01474	0.01768	0.77602	0.01105	0.02284	0.01621	0.01400	0.00884	0.01031	0.00737	0.00589	0.00516	0.00147	0.01031	0.00368	0.00295	0.00663
8	0.00697	0.00498	0.00664	0.00796	0.00830	0.00465	0.00531	0.00796	0.01095	0.01460	0.03153	0.79525	0.03783	0.01792	0.00730	0.00232	0.00332	0.01626	0.00531	0.00465
9	0.00697	0.00498	0.00664	0.00796	0.00830	0.00465	0.00531	0.00796	0.01095	0.01460	0.03153	0.79525	0.03783	0.01792	0.00730	0.00232	0.00332	0.01626	0.00531	0.00465
10	0.00697	0.00498	0.00664	0.00796	0.00830	0.00465	0.00531	0.00796	0.01095	0.01460	0.03153	0.79525	0.03783	0.01792	0.00730	0.00232	0.00332	0.01626	0.00531	0.00465
11	0.83938	0.01106	0.00841	0.00752	0.01106	0.01283	0.00619	0.01681	0.00973	0.02566	0.00796	0.00929	0.00619	0.00531	0.00354	0.00177	0.00442	0.00310	0.00354	0.00619
12	0.00798	0.00584	0.00749	0.00708	0.00847	0.00535	0.00531	0.01057	0.01592	0.02229	0.69982	0.04379	0.11483	0.01193	0.00675	0.00181	0.00272	0.01049	0.00621	0.00535
13	0.01186	0.01017	0.01186	0.00847	0.01356	0.00762	0.00678	0.01440	0.01186	0.01864	0.01017	0.01186	0.00847	0.00424	0.00424	0.00085	0.00424	0.00339	0.00339	0.83395
14	0.01080	0.01017	0.01716	0.78523	0.03940	0.01271	0.01589	0.01461	0.01144	0.01461	0.01017	0.01525	0.00762	0.00572	0.00572	0.00191	0.00762	0.00508	0.00254	0.00635
15	0.00703	0.00563	0.00633	0.00683	0.00825	0.00493	0.00505	0.00845	0.01244	0.01535	0.04788	0.27101	0.48811	0.01560	0.00702	0.00211	0.00322	0.07464	0.00531	0.00481
16	0.01080	0.01017	0.01716	0.78523	0.03940	0.01271	0.01589	0.01461	0.01144	0.01461	0.01017	0.01525	0.00762	0.00572	0.00572	0.00191	0.00762	0.00508	0.00254	0.00635

[dist]
# distance from previous block
# <min> <max>
0	1

[block]
# block no. 3 follows, 41 sequences, length 51
# corresponding to MSA columns:
# 382-432
name=unknown_D
#
# <colnr> <probs for GDERKNQSTAVLIFYWHMCP>
#	G	D	E	R	K	N	Q	S	T	A	V	L	I	F	Y	W	H	M	C	P
0	0.00725	0.00519	0.00688	0.00778	0.00836	0.00483	0.00533	0.00866	0.01224	0.01665	0.21040	0.61054	0.04179	0.01639	0.00716	0.00219	0.00317	0.01481	0.00555	0.00483
1	0.01311	0.01252	0.02133	0.26860	0.53797	0.01332	0.01703	0.01664	0.01253	0.01742	0.01057	0.01450	0.00861	0.00529	0.00568	0.00176	0.00705	0.00509	0.00274	0.00822
2	0.00810	0.00585	0.00765	0.00720	0.00855	0.00540	0.00540	0.01079	0.01619	0.02294	0.76028	0.04273	0.05397	0.01169	0.00675	0.00180	0.00270	0.01034	0.00630	0.00540
3	0.01118	0.01064	0.01746	0.64637	0.06661	0.01341	0.01549	0.01462	0.01113	0.01467	0.00982	0.01482	0.00767	0.00629	0.00753	0.00198	0.11623	0.00507	0.00255	0.00645
4	0.02137	0.02726	0.01621	0.01474	0.01768	0.77602	0.01105	0.02284	0.01621	0.01400	0.00884	0.01031	0.00737	0.00589	0.00516	0.00147	0.01031	0.00368	0.00295	0.00663
5	0.59597	0.01531	0.16982	0.01077	0.01553	0.01306	0.07185	0.01721	0.01054	0.02346	0.00875	0.01040	0.00663	0.00529	0.00421	0.00179	0.00571	0.00364	0.00325	0.00680
6	0.02097	0.01563	0.01673	0.01300	0.01744	0.01737	0.01068	0.67030	0.10209	0.03479	0.01472	0.01452	0.01053	0.00696	0.00573	0.00174	0.00611	0.00529	0.00573	0.00966
7	0.01066	0.00533	0.00533	0.00533	0.00666	0.00533	0.00400	0.01333	0.01200	0.02132	0.01866	0.02132	0.01466	0.00666	0.00400	0.00133	0.00267	0.00533	0.83073	0.00533
8	0.01935	0.01536	0.05289	0.01247	0.01684	0.01587	0.01059	0.61509	0.02432	0.03252	0.01806	0.04985	0.07458	0.00791	0.00586	0.00176	0.00599	0.00616	0.00551	0.00904
9	0.00718	0.00581	0.00638	0.00624	0.00799	0.00501	0.00468	0.00903	0.01404	0.01783	0.28118	0.05113	0.53625	0.01360	0.00676	0.00189	0.00283	0.01152	0.00562	0.00501
10	0.01209	0.01097	0.01381	0.01072	0.01406	0.01102	0.00875	0.01418	0.01080	0.01696	0.00925	0.01209	0.00814	0.00622	0.00923	0.00142	0.27370	0.00394	0.00308	0.54957
11	0.01203	0.01917	0.29815	0.08382	0.02638	0.01282	0.32106	0.01704	0.01254	0.01773	0.01205	0.05988	0.00977	0.00585	0.00603	0.00183	0.00828	0.00601	0.00287	0.06669
12	0.01529	0.80242	0.02997	0.00979	0.01468	0.02263	0.00979	0.01713	0.01162	0.01346	0.00795	0.00918	0.00734	0.00489	0.00367	0.00122	0.00612	0.00306	0.00245	0.00734
13	0.00697	0.00498	0.00664	0.00796	0.00830	0.00465	0.00531	0.00796	0.01095	0.01460	0.03153	0.79525	0.03783	0.01792	0.00730	0.00232	0.00332	0.01626	0.00531	0.00465
14	0.01130	0.01078	0.01854	0.66749	0.12190	0.01288	0.04647	0.01511	0.01171	0.01524	0.01029	0.01513	0.00783	0.00561	0.00576	0.00188	0.00761	0.00515	0.00259	0.00672
15	0.01521	0.66816	0.06831	0.01240	0.07889	0.02120	0.01109	0.04140	0.01227	0.01490	0.00851	0.00990	0.00756	0.00501	0.00400	0.00131	0.00630	0.00336	0.00259	0.00763
16	0.01173	0.08081	0.72034	0.01587	0.02409	0.01390	0.02038	0.01805	0.01205	0.01781	0.01011	0.01188	0.00725	0.00540	0.00532	0.00177	0.00830	0.00415	0.00242	0.00838
17	0.00715	0.00581	0.00634	0.00621	0.00797	0.00500	0.00466	0.00897	0.01397	0.01765	0.26459	0.05142	0.55296	0.01366	0.00676	0.00189	0.00284	0.01156	0.00560	0.00500
18	0.01327	0.01298	0.02331	0.03007	0.54512	0.01285	0.14553	0.01670	0.01277	0.01808	0.01243	0.06287	0.01105	0.00789	0.04787	0.00219	0.00755	0.00613	0.00301	0.00833
19	0.01287	0.31218	0.49899	0.01392	0.02107	0.01670	0.01698	0.01775	0.01191	0.01641	0.00942	0.01102	0.00728	0.00524	0.00479	0.00160	0.00760	0.00380	0.00243	0.00805
20	0.01066	0.00533	0.00533	0.00533	0.00666	0.00533	0.00400	0.01333	0.01200	0.02132	0.01866	0.02132	0.01466	0.00666	0.00400	0.00133	0.00267	0.00533	0.83073	0.00533
21	0.00818	0.00608	0.00894	0.00894	0.00988	0.00701	0.00684	0.01005	0.00912	0.01309	0.01555	0.02374	0.01485	0.10710	0.71286	0.00888	0.01449	0.00631	0.00310	0.00497
22	0.01735	0.54146	0.02539	0.01138	0.01569	0.24409	0.01020	0.04922	0.01361	0.01456	0.00846	0.00970	0.00745	0.00527	0.00419	0.00132	0.00736	0.00333	0.00273	0.00723
23	0.00850	0.00631	0.00781	0.00740	0.00899	0.00589	0.00568	0.04140	0.01590	0.02180	0.55857	0.04504	0.17690	0.01224	0.00678	0.00187	0.00304	0.05437	0.00603	0.00547
24	0.00817	0.00613	0.00919	0.00919	0.01021	0.00715	0.00715	0.01021	0.00919	0.01328	0.01532	0.02247	0.01430	0.04290	0.77631	0.00919	0.01532	0.00613	0.00306	0.00511
25	0.01994	0.01513	0.01615	0.01280	0.01705	0.01690	0.01044	0.57302	0.20103	0.03314	0.01602	0.01556	0.01158	0.00708	0.00575	0.00177	0.00587	0.00547	0.00575	0.00957
26	0.00920	0.00690	0.00864	0.00755	0.00981	0.00592	0.00574	0.01171	0.01476	0.03425	0.50289	0.07614	0.06655	0.01026	0.00616	0.00160	0.00315	0.00898	0.00552	0.20428
27	0.09527	0.01440	0.01558	0.04488	0.01747	0.01595	0.01026	0.50911	0.10787	0.08930	0.01484	0.01472	0.01055	0.00680	0.00554	0.00176	0.00587	0.00516	0.00550	0.00919
28	0.02156	0.02148	0.01670	0.01393	0.01771	0.38629	0.01096	0.39361	0.02170	0.02533	0.01136	0.01207	0.00858	0.00639	0.00545	0.00160	0.00825	0.00444	0.00437	0.00822
29	0.01147	0.02959	0.76934	0.01630	0.02476	0.01328	0.02113	0.01811	0.01208	0.01811	0.01026	0.01208	0.00725	0.00543	0.00543	0.00181	0.00845	0.00423	0.00242	0.00845
30	0.01492	0.72749	0.10166	0.01042	0.01566	0.02173	0.01089	0.01722	0.01167	0.01391	0.00818	0.00946	0.00733	0.00495	0.00384	0.00128	0.00634	0.00317	0.00244	0.00745
31	0.01236	0.01120	0.01579	0.43425	0.06893	0.01337	0.01324	0.02110	0.30886	0.01857	0.01546	0.01763	0.01165	0.00650	0.00576	0.00191	0.00634	0.00564	0.00387	0.00758
32	0.02456	0.01174	0.01376	0.01082	0.01508	0.07445	0.00882	0.07466	0.04819	0.62379	0.02085	0.01839	0.01343	0.00699	0.00570	0.00175	0.00541	0.00557	0.00659	0.00944
33	0.01255	0.01079	0.01327	0.00953	0.01462	0.00858	0.04334	0.05948	0.01287	0.01969	0.01046	0.01215	0.00856	0.00443	0.00445	0.00095	0.00463	0.00366	0.00351	0.74248
34	0.00832	0.00555	0.00624	0.00624	0.00624	0.00555	0.00347	0.00832	0.00832	0.01109	0.01802	0.03743	0.02080	0.79898	0.02911	0.00555	0.00555	0.00832	0.00347	0.00347
35	0.83938	0.01106	0.00841	0.00752	0.01106	0.01283	0.00619	0.01681	0.00973	0.02566	0.00796	0.00929	0.00619	0.00531	0.00354	0.00177	0.00442	0.00310	0.00354	0.00619
36	0.01078	0.00902	0.01070	0.00836	0.01239	0.00696	0.00645	0.01298	0.01166	0.01774	0.01490	0.18540	0.01498	0.00727	0.00491	0.00117	0.00403	0.00624	0.00381	0.65024
37	0.01232	0.01216	0.01795	0.52456	0.18771	0.07741	0.01549	0.01579	0.01226	0.01554	0.01117	0.01703	0.00915	0.00610	0.00577	0.00186	0.00756	0.04049	0.00277	0.00689
38	0.02015	0.02542	0.01562	0.01420	0.01698	0.70170	0.01069	0.02162	0.01575	0.01408	0.01181	0.01314	0.05371	0.00657	0.00574	0.00154	0.03745	0.00425	0.00308	0.00651
39	0.83938	0.01106	0.00841	0.00752	0.01106	0.01283	0.00619	0.01681	0.00973	0.02566	0.00796	0.00929	0.00619	0.00531	0.00354	0.00177	0.00442	0.00310	0.00354	0.00619
40	0.01423	0.01229	0.01293	0.01164	0.01487	0.01423	0.00905	0.03039	0.75297	0.02393	0.02328	0.02134	0.01746	0.00776	0.00582	0.00194	0.00453	0.00647	0.00582	0.00905
41	0.02566	0.00973	0.01327	0.01018	0.01460	0.00841	0.00841	0.02788	0.01637	0.76726	0.02257	0.01947	0.01416	0.00708	0.00575	0.00177	0.00487	0.00575	0.00708	0.00973
42	0.00982	0.00504	0.00757	0.00757	0.00763	0.00511	0.00511	0.00763	0.00757	0.01016	0.01029	0.01772	0.01022	0.02140	0.07233	0.77894	0.00565	0.00504	0.00252	0.00266
43	0.00915	0.00752	0.00874	0.05034	0.01164	0.00762	0.00676	0.01433	0.17792	0.01880	0.17385	0.08419	0.31029	0.01232	0.00664	0.00200	0.00374	0.08272	0.00545	0.00599
44	0.00856	0.00660	0.00954	0.00933	0.01014	0.00784	0.00716	0.01029	0.00905	0.01306	0.01498	0.02343	0.01451	0.13133	0.62183	0.00818	0.07980	0.00630	0.00306	0.00501
45	0.01415	0.01207	0.01323	0.01262	0.05512	0.01376	0.00922	0.05809	0.63300	0.02330	0.02185	0.02170	0.01690	0.06002	0.00735	0.00216	0.00479	0.00646	0.00550	0.00871
46	0.01954	0.12515	0.01876	0.01430	0.08509	0.06103	0.01090	0.42265	0.04989	0.07357	0.01309	0.01349	0.00970	0.00628	0.00532	0.00160	0.00628	0.00476	0.00480	0.05380
47	0.01117	0.02796	0.71879	0.01575	0.02367	0.01271	0.02008	0.01744	0.01200	0.01788	0.01167	0.06398	0.00927	0.00626	0.00556	0.00185	0.00811	0.00502	0.00261	0.00820
48	0.08592	0.01408	0.03280	0.07628	0.43236	0.01455	0.02840	0.20528	0.01622	0.02348	0.01126	0.01370	0.00886	0.00561	0.00552	0.00173	0.00660	0.00496	0.00361	0.00877
49	0.01461	0.55483	0.10835	0.07645	0.01798	0.01950	0.01141	0.05638	0.01250	0.01564	0.00886	0.01044	0.00756	0.00509	0.00419	0.00135	0.00639	0.00349	0.00269	0.06229
50	0.00739	0.00528	0.00710	0.00831	0.00886	0.00500	0.00592	0.00875	0.01164	0.01554	0.07963	0.63217	0.03814	0.01718	0.00736	0.00234	0.00358	0.12564	0.00537	0.00479

[dist]
# distance from previous block
# <min> <max>
0	2

[block]
# block no. 4 follows, 41 sequences, length 13
# corresponding to MSA columns:
# 435-447
name=unknown_E
#
# <colnr> <probs for GDERKNQSTAVLIFYWHMCP>
#	G	D	E	R	K	N	Q	S	T	A	V	L	I	F	Y	W	H	M	C	P
0	0.25518	0.01461	0.01467	0.01155	0.01583	0.01634	0.00954	0.53656	0.02199	0.03308	0.01209	0.01246	0.00872	0.00642	0.00510	0.00173	0.00576	0.00456	0.00510	0.00872
1	0.12458	0.01391	0.01503	0.01176	0.01610	0.01503	0.00968	0.46530	0.06745	0.18064	0.01537	0.01480	0.01065	0.00677	0.00546	0.00175	0.00566	0.00509	0.00573	0.00924
2	0.01153	0.01115	0.01647	0.01415	0.01474	0.01485	0.05393	0.01318	0.00914	0.01392	0.00962	0.01507	0.00921	0.01759	0.19972	0.00407	0.55755	0.00538	0.00266	0.00607
3	0.01050	0.00572	0.00806	0.00778	0.00817	0.00578	0.00536	0.05268	0.00938	0.01263	0.07390	0.01932	0.01366	0.01838	0.02001	0.71219	0.00486	0.00544	0.00301	0.00317
4	0.67304	0.00984	0.00822	0.00751	0.01034	0.01125	0.00595	0.01494	0.00928	0.02251	0.00836	0.01092	0.00694	0.00823	0.00731	0.16859	0.00453	0.00347	0.00333	0.00545
5	0.01054	0.00958	0.01509	0.01276	0.01559	0.00948	0.19046	0.01608	0.16167	0.01879	0.09589	0.10755	0.15523	0.01104	0.00683	0.00209	0.00537	0.14454	0.00489	0.00651
6	0.01019	0.01032	0.00847	0.00809	0.01013	0.15992	0.00606	0.01237	0.04097	0.01667	0.16156	0.06372	0.44623	0.01216	0.00642	0.00183	0.00442	0.01002	0.00502	0.00543
7	0.04538	0.01093	0.01327	0.01056	0.01412	0.01099	0.00848	0.26467	0.01793	0.34711	0.01662	0.01682	0.01158	0.00952	0.00901	0.16857	0.00535	0.00531	0.00560	0.00817
8	0.01680	0.01168	0.01468	0.01526	0.14743	0.01237	0.01026	0.05253	0.37998	0.19686	0.06365	0.02060	0.01705	0.00733	0.00583	0.00184	0.00497	0.00624	0.00561	0.00902
9	0.00937	0.00762	0.01201	0.01439	0.16125	0.00844	0.00924	0.01169	0.00996	0.01436	0.01441	0.02080	0.01325	0.03532	0.62176	0.00769	0.01361	0.00592	0.00302	0.00590
10	0.22342	0.01361	0.01498	0.16659	0.02042	0.01551	0.01071	0.41653	0.01952	0.02916	0.01158	0.01293	0.00842	0.00625	0.00518	0.00177	0.00609	0.00462	0.00454	0.00817
11	0.83938	0.01106	0.00841	0.00752	0.01106	0.01283	0.00619	0.01681	0.00973	0.02566	0.00796	0.00929	0.00619	0.00531	0.00354	0.00177	0.00442	0.00310	0.00354	0.00619
12	0.27004	0.01013	0.01181	0.00938	0.01354	0.00974	0.00774	0.02455	0.01438	0.54455	0.01818	0.01641	0.01177	0.00655	0.00509	0.00177	0.00473	0.00495	0.00602	0.00867

[dist]
# distance from previous block
# <min> <max>
0	5

[block]
# block no. 5 follows, 41 sequences, length 8
# corresponding to MSA columns:
# 453-460
name=unknown_F
#
# <colnr> <probs for GDERKNQSTAVLIFYWHMCP>
#	G	D	E	R	K	N	Q	S	T	A	V	L	I	F	Y	W	H	M	C	P
0	0.83938	0.01106	0.00841	0.00752	0.01106	0.01283	0.00619	0.01681	0.00973	0.02566	0.00796	0.00929	0.00619	0.00531	0.00354	0.00177	0.00442	0.00310	0.00354	0.00619
1	0.00817	0.00613	0.00919	0.00919	0.01021	0.00715	0.00715	0.01021	0.00919	0.01328	0.01532	0.02247	0.01430	0.04290	0.77631	0.00919	0.01532	0.00613	0.00306	0.00511
2	0.00793	0.00607	0.00862	0.00862	0.00979	0.00676	0.00667	0.00987	0.00984	0.01365	0.02255	0.02799	0.14089	0.03808	0.64584	0.00796	0.01321	0.00714	0.00345	0.00506
3	0.00816	0.00668	0.01058	0.00998	0.01115	0.00627	0.11516	0.00958	0.01099	0.01460	0.02751	0.51491	0.06505	0.14822	0.01089	0.00279	0.00462	0.01329	0.00464	0.00491
4	0.01388	0.66722	0.02602	0.00948	0.01360	0.01958	0.00903	0.01557	0.01151	0.01365	0.01195	0.14245	0.01251	0.00710	0.00429	0.00141	0.00564	0.00530	0.00293	0.00688
5	0.00697	0.00498	0.00664	0.00796	0.00830	0.00465	0.00531	0.00796	0.01095	0.01460	0.03153	0.79525	0.03783	0.01792	0.00730	0.00232	0.00332	0.01626	0.00531	0.00465
6	0.02174	0.01602	0.01717	0.01316	0.01774	0.01774	0.01087	0.74423	0.02689	0.03605	0.01373	0.01373	0.00973	0.00687	0.00572	0.00172	0.00629	0.00515	0.00572	0.00973
7	0.01122	0.01074	0.01859	0.68228	0.09564	0.01288	0.05811	0.01506	0.01168	0.01515	0.01029	0.01517	0.00780	0.00562	0.00577	0.00189	0.00768	0.00518	0.00258	0.00665

[dist]
# distance from previous block
# <min> <max>
0	1

[block]
# block no. 6 follows, 41 sequences, length 139
# corresponding to MSA columns:
# 462-600
name=unknown_G
#
# <colnr> <probs for GDERKNQSTAVLIFYWHMCP>
#	G	D	E	R	K	N	Q	S	T	A	V	L	I	F	Y	W	H	M	C	P
0	0.01417	0.01245	0.01266	0.01135	0.01441	0.05169	0.00881	0.05352	0.60714	0.02375	0.10485	0.02291	0.02077	0.00808	0.00589	0.00189	0.00468	0.00671	0.00573	0.00855
1	0.01146	0.01112	0.01966	0.62038	0.11506	0.01300	0.09754	0.01534	0.01184	0.01546	0.01039	0.01515	0.00790	0.00555	0.00583	0.00189	0.00776	0.00527	0.00261	0.00679
2	0.01165	0.02672	0.65480	0.01542	0.02302	0.01308	0.01916	0.01921	0.09531	0.01895	0.04100	0.01431	0.01021	0.00594	0.00553	0.00183	0.00779	0.00472	0.00295	0.00840
3	0.01133	0.02501	0.60157	0.01685	0.08092	0.01231	0.01902	0.01714	0.01240	0.01820	0.03601	0.01908	0.01173	0.00677	0.00577	0.00189	0.00779	0.08528	0.00289	0.00805
4	0.01575	0.01268	0.01369	0.01194	0.01533	0.01434	0.00958	0.22605	0.46889	0.02652	0.02142	0.02407	0.01705	0.00841	0.00603	0.00196	0.00510	0.08665	0.00573	0.00882
5	0.02407	0.01065	0.01469	0.01320	0.09879	0.00971	0.00962	0.08181	0.01681	0.62709	0.02056	0.01843	0.01325	0.00684	0.00574	0.00176	0.00519	0.00563	0.00650	0.00966
6	0.04700	0.04132	0.01349	0.01063	0.01432	0.15905	0.00852	0.02392	0.03977	0.45207	0.06016	0.04968	0.03920	0.00764	0.00564	0.00173	0.00571	0.00605	0.00579	0.00832
7	0.01408	0.01490	0.03024	0.05343	0.02814	0.01441	0.60422	0.09919	0.01483	0.02002	0.01248	0.04332	0.00980	0.00556	0.00661	0.00192	0.00896	0.00685	0.00328	0.00777
8	0.00731	0.00562	0.00688	0.00714	0.00837	0.00518	0.00520	0.00902	0.01282	0.01687	0.22360	0.25479	0.29651	0.01792	0.09320	0.00282	0.00436	0.01214	0.00531	0.00495
9	0.02109	0.01025	0.01596	0.01300	0.04540	0.00920	0.11757	0.02387	0.02942	0.52795	0.02149	0.10569	0.01586	0.00790	0.00607	0.00186	0.00547	0.00707	0.00607	0.00882
10	0.12142	0.01503	0.04597	0.01191	0.01495	0.12248	0.00983	0.26453	0.04583	0.02379	0.03735	0.04847	0.01338	0.06672	0.00876	0.00215	0.09403	0.04171	0.00436	0.00734
11	0.00697	0.00498	0.00664	0.00796	0.00830	0.00465	0.00531	0.00796	0.01095	0.01460	0.03153	0.79525	0.03783	0.01792	0.00730	0.00232	0.00332	0.01626	0.00531	0.00465
12	0.01340	0.01282	0.02185	0.20462	0.59971	0.01339	0.01718	0.01689	0.01267	0.01777	0.01063	0.01440	0.00874	0.00524	0.00568	0.00175	0.00698	0.00509	0.00277	0.00845
13	0.01444	0.16014	0.04466	0.07026	0.36500	0.12467	0.01383	0.01732	0.01345	0.01725	0.09396	0.01589	0.01339	0.00596	0.00534	0.00161	0.00682	0.00508	0.00313	0.00779
14	0.02009	0.02387	0.01703	0.04497	0.01875	0.58070	0.03574	0.10260	0.01659	0.01662	0.00944	0.01122	0.00770	0.00626	0.00628	0.00161	0.06624	0.00410	0.00321	0.00698
15	0.14444	0.00764	0.00856	0.00820	0.00996	0.00781	0.00609	0.09339	0.01412	0.04432	0.23147	0.29247	0.04897	0.04780	0.00728	0.00214	0.00380	0.01043	0.00532	0.00579
16	0.01022	0.00581	0.00858	0.00830	0.00830	0.00638	0.00581	0.00816	0.00760	0.01036	0.00966	0.01684	0.00966	0.01877	0.02195	0.74039	0.09283	0.00497	0.00249	0.00291
17	0.00697	0.00498	0.00664	0.00796	0.00830	0.00465	0.00531	0.00796	0.01095	0.01460	0.03153	0.79525	0.03783	0.01792	0.00730	0.00232	0.00332	0.01626	0.00531	0.00465
18	0.01449	0.71310	0.02747	0.00950	0.01399	0.02070	0.00929	0.01642	0.01213	0.01452	0.09231	0.01294	0.01257	0.00566	0.00402	0.00129	0.00573	0.00388	0.00288	0.00712
19	0.01052	0.00965	0.01593	0.69788	0.03568	0.01190	0.01449	0.01391	0.01109	0.01422	0.01105	0.01774	0.00910	0.09467	0.00834	0.00231	0.00739	0.00545	0.00265	0.00603
20	0.74770	0.01162	0.00939	0.00815	0.01181	0.01338	0.00672	0.09838	0.01166	0.02683	0.00861	0.00979	0.00659	0.00548	0.00378	0.00176	0.00463	0.00333	0.00378	0.00659
21	0.01507	0.01271	0.01341	0.01181	0.01519	0.01462	0.00926	0.11044	0.67155	0.02529	0.02221	0.02049	0.01659	0.00766	0.00581	0.00191	0.00472	0.00632	0.00581	0.00913
22	0.01092	0.01017	0.01656	0.69813	0.03650	0.01214	0.01486	0.01459	0.01148	0.01507	0.01017	0.01487	0.00772	0.00555	0.00555	0.00179	0.00724	0.00489	0.00264	0.09915
23	0.02372	0.00926	0.01249	0.00974	0.01366	0.00809	0.00785	0.02568	0.01547	0.68247	0.02206	0.02148	0.01490	0.09588	0.00837	0.00219	0.00494	0.00604	0.00667	0.00903
24	0.01300	0.00884	0.01025	0.00915	0.01156	0.00920	0.00697	0.02040	0.29600	0.13240	0.25057	0.03115	0.06641	0.09793	0.00875	0.00228	0.00405	0.00804	0.00586	0.00719
25	0.00832	0.00555	0.00624	0.00624	0.00624	0.00555	0.00347	0.00832	0.00832	0.01109	0.01802	0.03743	0.02080	0.79898	0.02911	0.00555	0.00555	0.00832	0.00347	0.00347
26	0.00714	0.00570	0.00637	0.00680	0.00825	0.00501	0.00506	0.00857	0.01243	0.01529	0.04772	0.21120	0.49825	0.04598	0.00787	0.00223	0.00335	0.09273	0.00523	0.00479
27	0.01602	0.71424	0.02854	0.01017	0.01502	0.02208	0.00991	0.09866	0.01333	0.01599	0.00860	0.00969	0.00761	0.00511	0.00390	0.00128	0.00614	0.00329	0.00281	0.00761
28	0.00817	0.00548	0.00628	0.00643	0.00647	0.00544	0.00367	0.00828	0.00861	0.01148	0.01954	0.12241	0.02271	0.71140	0.02667	0.00518	0.00530	0.00921	0.00367	0.00360
29	0.02049	0.01530	0.01649	0.01261	0.01722	0.01654	0.01038	0.64904	0.03879	0.03387	0.01351	0.01367	0.00973	0.00659	0.00556	0.00162	0.00603	0.00498	0.00546	0.10213
30	0.00795	0.00577	0.00750	0.00733	0.00858	0.00533	0.00546	0.01040	0.01538	0.02150	0.62599	0.12831	0.08168	0.01264	0.00684	0.00189	0.00286	0.03320	0.00611	0.00528
31	0.00804	0.00600	0.00891	0.00905	0.01000	0.00687	0.00694	0.00996	0.00939	0.01343	0.01714	0.10912	0.01694	0.04010	0.69008	0.00842	0.01398	0.00726	0.00332	0.00506
32	0.02057	0.02558	0.01584	0.01439	0.01737	0.69060	0.01083	0.02369	0.09882	0.01511	0.01046	0.01155	0.00850	0.00610	0.00523	0.00153	0.00967	0.00400	0.00327	0.00690
33	0.17720	0.09887	0.01423	0.00963	0.01395	0.01083	0.00815	0.02459	0.01459	0.54357	0.01819	0.01640	0.01190	0.00650	0.00510	0.00171	0.00492	0.00495	0.00590	0.00880
34	0.02137	0.02726	0.01621	0.01474	0.01768	0.77602	0.01105	0.02284	0.01621	0.01400	0.00884	0.01031	0.00737	0.00589	0.00516	0.00147	0.01031	0.00368	0.00295	0.00663
35	0.00698	0.00576	0.00613	0.00613	0.00789	0.00491	0.00456	0.00861	0.01344	0.01660	0.16862	0.09032	0.61185	0.01421	0.00679	0.00193	0.00289	0.01201	0.00547	0.00491
36	0.02056	0.02573	0.01700	0.01702	0.10129	0.69053	0.01178	0.02225	0.01585	0.01452	0.00906	0.01075	0.00756	0.00580	0.00521	0.00150	0.00992	0.00384	0.00293	0.00690
37	0.00712	0.00504	0.00659	0.00777	0.00807	0.00475	0.00510	0.00800	0.01066	0.01421	0.03001	0.71027	0.03592	0.10550	0.00975	0.00268	0.00357	0.01537	0.00510	0.00451
38	0.00832	0.00555	0.00624	0.00624	0.00624	0.00555	0.00347	0.00832	0.00832	0.01109	0.01802	0.03743	0.02080	0.79898	0.02911	0.00555	0.00555	0.00832	0.00347	0.00347
39	0.01037	0.00539	0.00559	0.00554	0.00687	0.00534	0.00416	0.01304	0.01247	0.02151	0.10182	0.02372	0.01907	0.00723	0.00431	0.00139	0.00267	0.00589	0.73829	0.00534
40	0.00762	0.00574	0.00705	0.00691	0.00830	0.00516	0.00511	0.00980	0.01478	0.02004	0.49406	0.13034	0.23790	0.01313	0.00681	0.00189	0.00282	0.01146	0.00593	0.00516
41	0.04353	0.00636	0.00779	0.00733	0.00909	0.00582	0.00553	0.01199	0.01474	0.09811	0.43274	0.12574	0.18526	0.01220	0.00658	0.00188	0.00310	0.01057	0.00596	0.00568
42	0.01191	0.01105	0.01827	0.69261	0.12078	0.01318	0.01628	0.01544	0.01207	0.01576	0.01096	0.01610	0.00849	0.00613	0.00602	0.00201	0.00775	0.00531	0.00283	0.00703
43	0.00775	0.00554	0.00719	0.00847	0.00887	0.00511	0.00564	0.00854	0.01141	0.01529	0.03201	0.78717	0.03818	0.01826	0.00759	0.00245	0.00358	0.01636	0.00553	0.00504
44	0.00775	0.00554	0.00719	0.00847	0.00887	0.00511	0.00564	0.00854	0.01141	0.01529	0.03201	0.78717	0.03818	0.01826	0.00759	0.00245	0.00358	0.01636	0.00553	0.00504
45	0.00978	0.00661	0.00843	0.00783	0.00942	0.00600	0.00586	0.01219	0.01649	0.06433	0.68713	0.04252	0.07658	0.01195	0.00699	0.00193	0.00310	0.01032	0.00652	0.00600
46	0.01220	0.02987	0.76105	0.01671	0.02514	0.01365	0.02128	0.01857	0.01252	0.01876	0.01099	0.01308	0.00795	0.00592	0.00574	0.00194	0.00866	0.00447	0.00267	0.00880
47	0.00904	0.00609	0.00681	0.00682	0.00690	0.00597	0.00388	0.00888	0.00889	0.01193	0.01908	0.06161	0.02187	0.76608	0.02847	0.00553	0.00572	0.00876	0.00377	0.00391
48	0.01258	0.01067	0.01235	0.00897	0.01407	0.00805	0.00709	0.01490	0.01231	0.01928	0.01090	0.01287	0.00916	0.00474	0.00456	0.00099	0.00449	0.00364	0.00364	0.82473
49	0.02573	0.01026	0.01370	0.01060	0.01507	0.00880	0.00865	0.02773	0.01661	0.73226	0.02270	0.02012	0.01458	0.00744	0.00600	0.00187	0.00509	0.00589	0.00715	0.03975
50	0.01492	0.01277	0.01341	0.01210	0.01537	0.01458	0.00934	0.03071	0.74482	0.02451	0.02386	0.02224	0.01805	0.00822	0.00613	0.00207	0.00478	0.00668	0.00604	0.00940
51	0.83051	0.01156	0.00894	0.00803	0.01161	0.01320	0.00652	0.01728	0.01021	0.02623	0.00872	0.01033	0.00691	0.00580	0.00387	0.00190	0.00468	0.00335	0.00378	0.00657
52	0.83051	0.01156	0.00894	0.00803	0.01161	0.01320	0.00652	0.01728	0.01021	0.02623	0.00872	0.01033	0.00691	0.00580	0.00387	0.00190	0.00468	0.00335	0.00378	0.00657
53	0.01009	0.00665	0.00839	0.00802	0.00963	0.00600	0.00600	0.01218	0.01552	0.08369	0.49770	0.13217	0.12736	0.01293	0.00707	0.00204	0.00335	0.03891	0.00631	0.00599
54	0.00799	0.00631	0.00701	0.00693	0.00861	0.00546	0.00509	0.00960	0.01435	0.01849	0.28326	0.10139	0.47585	0.01420	0.00709	0.00205	0.00313	0.01194	0.00585	0.00539
55	0.01369	0.01166	0.01286	0.01045	0.01469	0.01114	0.00816	0.02237	0.35865	0.02175	0.01702	0.01730	0.01336	0.00638	0.00530	0.00150	0.00463	0.00508	0.00477	0.43923
56	0.02235	0.01646	0.01760	0.01361	0.01820	0.01805	0.01114	0.73626	0.02717	0.03649	0.01442	0.01472	0.01040	0.00734	0.00603	0.00185	0.00653	0.00538	0.00594	0.01006
57	0.01068	0.00553	0.00800	0.00796	0.00804	0.00543	0.00530	0.00803	0.00795	0.01068	0.01067	0.01833	0.01061	0.02019	0.02247	0.82407	0.00521	0.00520	0.00274	0.00290
58	0.01440	0.01560	0.03213	0.04874	0.02945	0.01501	0.65192	0.04680	0.01419	0.01935	0.01216	0.01621	0.00932	0.00564	0.00746	0.00207	0.04149	0.00677	0.00323	0.00805
59	0.00908	0.00610	0.00680	0.00677	0.00684	0.00600	0.00382	0.00889	0.00881	0.01182	0.01866	0.03814	0.02134	0.79026	0.02915	0.00563	0.00579	0.00851	0.00371	0.00388
60	0.01420	0.01587	0.03399	0.02443	0.03022	0.01481	0.73431	0.01877	0.01393	0.01897	0.01228	0.01640	0.00937	0.00531	0.00704	0.00206	0.00984	0.00696	0.00315	0.00807
61	0.01324	0.01126	0.01265	0.00985	0.01444	0.00988	0.00772	0.01933	0.21760	0.02075	0.01453	0.01550	0.01165	0.00571	0.00500	0.00129	0.00457	0.00449	0.00431	0.59623
62	0.00873	0.00630	0.00807	0.00780	0.00909	0.00576	0.00572	0.01099	0.01596	0.02253	0.66490	0.13364	0.05220	0.01285	0.00711	0.00199	0.00305	0.01122	0.00639	0.00569
63	0.01422	0.01341	0.02244	0.17607	0.61928	0.01378	0.01743	0.01746	0.01316	0.01857	0.01137	0.01534	0.00947	0.00570	0.00598	0.00187	0.00718	0.00532	0.00303	0.00890
64	0.00775	0.00554	0.00719	0.00847	0.00887	0.00511	0.00564	0.00854	0.01141	0.01529	0.03201	0.78717	0.03818	0.01826	0.00759	0.00245	0.00358	0.01636	0.00553	0.00504
