[name]
unknown

[dist]
# distance from previous block
# <min> <max>
0	564

[block]
# block no. 0 follows, 39 sequences, length 10
# corresponding to MSA columns:
# 584-593
name=unknown_A
#
# <colnr> <probs for GDERKNQSTAVLIFYWHMCP>
#	G	D	E	R	K	N	Q	S	T	A	V	L	I	F	Y	W	H	M	C	P
0	0.83394	0.01144	0.00869	0.00778	0.01144	0.01327	0.00640	0.01738	0.01006	0.02653	0.00823	0.00961	0.00640	0.00549	0.00366	0.00183	0.00457	0.00320	0.00366	0.00640
1	0.01287	0.01270	0.01753	0.01485	0.01537	0.01709	0.01234	0.01430	0.00938	0.01474	0.00804	0.01287	0.00786	0.00975	0.01790	0.00242	0.70354	0.00501	0.00268	0.08877
2	0.01226	0.01051	0.01226	0.00876	0.01401	0.00788	0.00701	0.01489	0.01226	0.01927	0.01051	0.01226	0.00876	0.00438	0.00438	0.00088	0.00438	0.00350	0.00350	0.82832
3	0.00822	0.00649	0.00998	0.00967	0.01089	0.00605	0.07845	0.01017	0.01318	0.01801	0.24192	0.49236	0.04100	0.01528	0.00732	0.00220	0.00390	0.01403	0.00554	0.00535
4	0.02212	0.02719	0.01684	0.01510	0.01829	0.70404	0.01141	0.08472	0.01771	0.01643	0.00958	0.01097	0.00783	0.00618	0.00538	0.00155	0.01031	0.00394	0.00329	0.00713
5	0.01199	0.01020	0.01196	0.00867	0.01365	0.00772	0.00691	0.01463	0.01258	0.01958	0.06280	0.01451	0.01208	0.00492	0.00456	0.00095	0.00427	0.00401	0.00372	0.77031
6	0.01117	0.01051	0.01774	0.77795	0.04073	0.01314	0.01642	0.01511	0.01182	0.01511	0.01051	0.01577	0.00788	0.00591	0.00591	0.00197	0.00788	0.00526	0.00263	0.00657
7	0.01581	0.79572	0.03099	0.01012	0.01518	0.02340	0.01012	0.01771	0.01202	0.01391	0.00822	0.00949	0.00759	0.00506	0.00379	0.00126	0.00632	0.00316	0.00253	0.00759
8	0.00941	0.00788	0.01002	0.00991	0.01110	0.06105	0.00768	0.01148	0.01002	0.01378	0.01537	0.02235	0.01428	0.04166	0.71491	0.00894	0.01548	0.00616	0.00316	0.00539
9	0.01102	0.00551	0.00551	0.00551	0.00689	0.00551	0.00413	0.01378	0.01240	0.02205	0.01929	0.02205	0.01516	0.00689	0.00413	0.00138	0.00276	0.00551	0.82500	0.00551

[dist]
# distance from previous block
# <min> <max>
0	1

[block]
# block no. 1 follows, 39 sequences, length 65
# corresponding to MSA columns:
# 595-659
name=unknown_B
#
# <colnr> <probs for GDERKNQSTAVLIFYWHMCP>
#	G	D	E	R	K	N	Q	S	T	A	V	L	I	F	Y	W	H	M	C	P
0	0.01027	0.00514	0.00770	0.00770	0.00770	0.00514	0.00514	0.00770	0.00770	0.01027	0.01027	0.01798	0.01027	0.02054	0.02311	0.82794	0.00514	0.00514	0.00257	0.00257
1	0.01471	0.01270	0.01337	0.01203	0.01538	0.01471	0.00936	0.03142	0.74459	0.02474	0.02407	0.02206	0.01805	0.00802	0.00602	0.00201	0.00468	0.00669	0.00602	0.00936
2	0.01226	0.01051	0.01226	0.00876	0.01401	0.00788	0.00701	0.01489	0.01226	0.01927	0.01051	0.01226	0.00876	0.00438	0.00438	0.00088	0.00438	0.00350	0.00350	0.82832
3	0.00721	0.00515	0.00686	0.00823	0.00858	0.00480	0.00549	0.00823	0.01132	0.01510	0.03259	0.78831	0.03911	0.01853	0.00755	0.00240	0.00343	0.01681	0.00549	0.00480
4	0.01294	0.01294	0.01811	0.01553	0.01553	0.01811	0.01294	0.01423	0.00906	0.01423	0.00776	0.01294	0.00776	0.01035	0.01941	0.00259	0.78134	0.00518	0.00259	0.00647
5	0.01186	0.03059	0.76153	0.01686	0.02560	0.01373	0.02185	0.01873	0.01249	0.01873	0.01061	0.01249	0.00749	0.00562	0.00562	0.00187	0.00874	0.00437	0.00250	0.00874
6	0.02631	0.01042	0.01394	0.01069	0.01527	0.00922	0.00883	0.06722	0.01752	0.72014	0.02283	0.01981	0.01439	0.00731	0.00595	0.00183	0.00511	0.00591	0.00724	0.01006
7	0.01187	0.00576	0.00596	0.00579	0.00734	0.00569	0.00438	0.01460	0.01265	0.06231	0.01951	0.02194	0.01513	0.00691	0.00423	0.00140	0.00288	0.00554	0.78035	0.00576
8	0.02209	0.02819	0.01676	0.01524	0.01828	0.76843	0.01143	0.02361	0.01676	0.01447	0.00914	0.01066	0.00762	0.00609	0.00533	0.00152	0.01066	0.00381	0.00305	0.00686
9	0.01054	0.00939	0.01344	0.01224	0.01278	0.01234	0.00989	0.01222	0.00928	0.01391	0.01215	0.01879	0.01167	0.04538	0.40348	0.00620	0.37175	0.00585	0.00291	0.00580
10	0.83394	0.01144	0.00869	0.00778	0.01144	0.01327	0.00640	0.01738	0.01006	0.02653	0.00823	0.00961	0.00640	0.00549	0.00366	0.00183	0.00457	0.00320	0.00366	0.00640
11	0.01294	0.01294	0.01811	0.01553	0.01553	0.01811	0.01294	0.01423	0.00906	0.01423	0.00776	0.01294	0.00776	0.01035	0.01941	0.00259	0.78134	0.00518	0.00259	0.00647
12	0.00830	0.00655	0.00967	0.00987	0.01057	0.00680	0.04589	0.00961	0.01113	0.01518	0.04417	0.57043	0.03212	0.01928	0.07718	0.02549	0.07396	0.01384	0.00483	0.00512
13	0.01335	0.31995	0.48525	0.01431	0.02166	0.01739	0.01741	0.01834	0.01231	0.01691	0.00971	0.01135	0.00753	0.00541	0.00493	0.00164	0.00783	0.00391	0.00251	0.00830
14	0.00718	0.00600	0.00625	0.00619	0.00810	0.00507	0.00464	0.00885	0.01392	0.01703	0.15450	0.05517	0.65762	0.01458	0.00699	0.00198	0.00297	0.01224	0.00563	0.00507
15	0.00837	0.00604	0.00790	0.00744	0.00883	0.00558	0.00558	0.01116	0.01674	0.02371	0.75216	0.04417	0.05580	0.01209	0.00697	0.00186	0.00279	0.01069	0.00651	0.00558
16	0.01456	0.01236	0.05866	0.51965	0.03373	0.01309	0.05179	0.08199	0.01413	0.12400	0.01276	0.01608	0.00908	0.00616	0.00596	0.00193	0.00751	0.00540	0.00361	0.00757
17	0.00828	0.00564	0.00674	0.00712	0.00731	0.00554	0.00438	0.00876	0.00982	0.01313	0.05276	0.22793	0.02783	0.53502	0.02262	0.00462	0.00502	0.03918	0.00426	0.00405
18	0.00721	0.00515	0.00686	0.00823	0.00858	0.00480	0.00549	0.00823	0.01132	0.01510	0.03259	0.78831	0.03911	0.01853	0.00755	0.00240	0.00343	0.01681	0.00549	0.00480
19	0.00721	0.00515	0.00686	0.00823	0.00858	0.00480	0.00549	0.00823	0.01132	0.01510	0.03259	0.78831	0.03911	0.01853	0.00755	0.00240	0.00343	0.01681	0.00549	0.00480
20	0.01488	0.61587	0.20271	0.01170	0.01763	0.02113	0.01288	0.01795	0.01213	0.01505	0.00878	0.01019	0.00757	0.00519	0.00422	0.00141	0.00689	0.00345	0.00252	0.00786
21	0.01259	0.01238	0.01803	0.12550	0.05932	0.01674	0.01349	0.01442	0.00971	0.01461	0.00867	0.01386	0.00816	0.01083	0.04750	0.00274	0.59697	0.00524	0.00264	0.00659
22	0.83394	0.01144	0.00869	0.00778	0.01144	0.01327	0.00640	0.01738	0.01006	0.02653	0.00823	0.00961	0.00640	0.00549	0.00366	0.00183	0.00457	0.00320	0.00366	0.00640
23	0.02561	0.00986	0.01343	0.01036	0.01478	0.00853	0.00853	0.02792	0.01692	0.72180	0.06056	0.02136	0.01674	0.00756	0.00600	0.00183	0.00492	0.00619	0.00728	0.00984
24	0.02186	0.01565	0.01437	0.03002	0.01628	0.22989	0.00957	0.07412	0.07827	0.33785	0.06201	0.01838	0.01479	0.00719	0.00576	0.00173	0.00660	0.00556	0.02499	0.02509
25	0.00811	0.00603	0.00755	0.00717	0.00868	0.00547	0.00538	0.01066	0.01613	0.02227	0.62272	0.04656	0.18614	0.01263	0.00698	0.00189	0.00283	0.01103	0.00632	0.00547
26	0.01794	0.53602	0.02617	0.01185	0.01623	0.27548	0.01056	0.01971	0.01362	0.01410	0.00853	0.00989	0.00760	0.00541	0.00431	0.00135	0.00779	0.00338	0.00270	0.00734
27	0.01581	0.79572	0.03099	0.01012	0.01518	0.02340	0.01012	0.01771	0.01202	0.01391	0.00822	0.00949	0.00759	0.00506	0.00379	0.00126	0.00632	0.00316	0.00253	0.00759
28	0.01295	0.01049	0.01233	0.00884	0.01407	0.00792	0.00709	0.01556	0.01249	0.05473	0.01113	0.01264	0.00904	0.00452	0.00445	0.00092	0.00441	0.00362	0.00369	0.78912
29	0.83394	0.01144	0.00869	0.00778	0.01144	0.01327	0.00640	0.01738	0.01006	0.02653	0.00823	0.00961	0.00640	0.00549	0.00366	0.00183	0.00457	0.00320	0.00366	0.00640
30	0.83394	0.01144	0.00869	0.00778	0.01144	0.01327	0.00640	0.01738	0.01006	0.02653	0.00823	0.00961	0.00640	0.00549	0.00366	0.00183	0.00457	0.00320	0.00366	0.00640
31	0.01387	0.01389	0.04038	0.05819	0.02345	0.01233	0.32300	0.08303	0.01441	0.02055	0.01148	0.01423	0.00889	0.00500	0.00576	0.00153	0.00729	0.00529	0.00343	0.33399
32	0.55553	0.01167	0.05053	0.01012	0.05003	0.01204	0.00796	0.04534	0.01125	0.02392	0.01262	0.12249	0.01186	0.00931	0.04166	0.00228	0.00539	0.00556	0.00389	0.00655
33	0.01102	0.00551	0.00551	0.00551	0.00689	0.00551	0.00413	0.01378	0.01240	0.02205	0.01929	0.02205	0.01516	0.00689	0.00413	0.00138	0.00276	0.00551	0.82500	0.00551
34	0.05702	0.12387	0.63056	0.01553	0.02354	0.01490	0.01956	0.01853	0.01230	0.01856	0.01019	0.01196	0.00744	0.00554	0.00529	0.00180	0.00822	0.00416	0.00256	0.00847
35	0.83394	0.01144	0.00869	0.00778	0.01144	0.01327	0.00640	0.01738	0.01006	0.02653	0.00823	0.00961	0.00640	0.00549	0.00366	0.00183	0.00457	0.00320	0.00366	0.00640
36	0.00724	0.00598	0.00636	0.00631	0.00815	0.00509	0.00471	0.00896	0.01400	0.01733	0.18262	0.07455	0.60914	0.01456	0.00700	0.00198	0.00297	0.01228	0.00567	0.00509
37	0.01471	0.01270	0.01337	0.01203	0.01538	0.01471	0.00936	0.03142	0.74459	0.02474	0.02407	0.02206	0.01805	0.00802	0.00602	0.00201	0.00468	0.00669	0.00602	0.00936
38	0.01226	0.01051	0.01226	0.00876	0.01401	0.00788	0.00701	0.01489	0.01226	0.01927	0.01051	0.01226	0.00876	0.00438	0.00438	0.00088	0.00438	0.00350	0.00350	0.82832
39	0.00721	0.00515	0.00686	0.00823	0.00858	0.00480	0.00549	0.00823	0.01132	0.01510	0.03259	0.78831	0.03911	0.01853	0.00755	0.00240	0.00343	0.01681	0.00549	0.00480
40	0.01294	0.01294	0.01811	0.01553	0.01553	0.01811	0.01294	0.01423	0.00906	0.01423	0.00776	0.01294	0.00776	0.01035	0.01941	0.00259	0.78134	0.00518	0.00259	0.00647
41	0.01581	0.79572	0.03099	0.01012	0.01518	0.02340	0.01012	0.01771	0.01202	0.01391	0.00822	0.00949	0.00759	0.00506	0.00379	0.00126	0.00632	0.00316	0.00253	0.00759
42	0.02569	0.01052	0.01390	0.01075	0.01527	0.00949	0.00885	0.06324	0.05699	0.68443	0.02293	0.01995	0.01460	0.00735	0.00595	0.00184	0.00508	0.00596	0.00718	0.01003
43	0.00726	0.00519	0.00691	0.00820	0.00859	0.00484	0.00549	0.00838	0.01159	0.01551	0.06752	0.75219	0.03992	0.01821	0.00752	0.00238	0.00340	0.01652	0.00554	0.00484
44	0.02071	0.02168	0.01605	0.01408	0.01730	0.44561	0.01087	0.09302	0.14440	0.09072	0.01352	0.01405	0.01036	0.00691	0.00643	0.00173	0.05569	0.00475	0.00423	0.00789
45	0.01165	0.00612	0.00618	0.00595	0.00752	0.00621	0.00452	0.05319	0.01324	0.02288	0.01901	0.02162	0.01488	0.00690	0.00423	0.00140	0.00296	0.00550	0.78027	0.00576
46	0.83394	0.01144	0.00869	0.00778	0.01144	0.01327	0.00640	0.01738	0.01006	0.02653	0.00823	0.00961	0.00640	0.00549	0.00366	0.00183	0.00457	0.00320	0.00366	0.00640
47	0.01472	0.01590	0.01785	0.01547	0.01606	0.16402	0.01264	0.01606	0.01055	0.01428	0.00803	0.01250	0.00773	0.00952	0.01667	0.00238	0.63148	0.00491	0.00268	0.00654
48	0.00853	0.00570	0.00647	0.00654	0.00655	0.00569	0.00368	0.00858	0.00873	0.01164	0.01931	0.07509	0.02235	0.75462	0.02901	0.00557	0.00562	0.00900	0.00368	0.00364
49	0.05279	0.06319	0.54861	0.01643	0.05240	0.01472	0.01881	0.05782	0.04309	0.01991	0.01100	0.01280	0.00811	0.00601	0.00623	0.00188	0.05025	0.00448	0.00291	0.00857
50	0.00837	0.00604	0.00790	0.00744	0.00883	0.00558	0.00558	0.01116	0.01674	0.02371	0.75216	0.04417	0.05580	0.01209	0.00697	0.00186	0.00279	0.01069	0.00651	0.00558
51	0.02653	0.01006	0.01372	0.01052	0.01510	0.00869	0.00869	0.02882	0.01693	0.75937	0.02333	0.02013	0.01464	0.00732	0.00595	0.00183	0.00503	0.00595	0.00732	0.01006
52	0.05188	0.02428	0.50462	0.15749	0.02830	0.01374	0.10182	0.01802	0.01242	0.01847	0.01063	0.01335	0.00768	0.00559	0.00573	0.00190	0.00852	0.00478	0.00263	0.00814
53	0.00732	0.00523	0.00699	0.00836	0.00875	0.00490	0.00568	0.00843	0.01143	0.01522	0.03253	0.75373	0.03887	0.01842	0.00758	0.00242	0.00353	0.05029	0.00549	0.00483
54	0.00721	0.00515	0.00686	0.00823	0.00858	0.00480	0.00549	0.00823	0.01132	0.01510	0.03259	0.78831	0.03911	0.01853	0.00755	0.00240	0.00343	0.01681	0.00549	0.00480
55	0.00747	0.00588	0.00674	0.00679	0.00835	0.00516	0.00499	0.00932	0.01423	0.01838	0.28233	0.16013	0.42007	0.01455	0.00707	0.00201	0.00299	0.01253	0.00582	0.00516
56	0.03152	0.02615	0.55755	0.05867	0.04324	0.05184	0.06713	0.01818	0.01267	0.01833	0.01177	0.05494	0.00936	0.00631	0.00578	0.00189	0.00845	0.00523	0.00277	0.00822
57	0.01143	0.01081	0.01808	0.70309	0.07601	0.01343	0.01634	0.01522	0.01177	0.01528	0.01041	0.01557	0.00795	0.00609	0.00656	0.00199	0.04536	0.00525	0.00264	0.00671
58	0.83394	0.01144	0.00869	0.00778	0.01144	0.01327	0.00640	0.01738	0.01006	0.02653	0.00823	0.00961	0.00640	0.00549	0.00366	0.00183	0.00457	0.00320	0.00366	0.00640
59	0.02653	0.01006	0.01372	0.01052	0.01510	0.00869	0.00869	0.02882	0.01693	0.75937	0.02333	0.02013	0.01464	0.00732	0.00595	0.00183	0.00503	0.00595	0.00732	0.01006
60	0.02170	0.01598	0.01719	0.01333	0.01784	0.01765	0.01095	0.69841	0.02696	0.03614	0.01514	0.05374	0.01154	0.00768	0.00600	0.00181	0.00635	0.00591	0.00589	0.00979
61	0.00864	0.00636	0.00812	0.00762	0.00913	0.00600	0.00573	0.01206	0.05153	0.02357	0.70011	0.04343	0.07128	0.01197	0.00693	0.00187	0.00289	0.01055	0.00646	0.00575
62	0.01532	0.01241	0.01330	0.01186	0.01519	0.01413	0.00924	0.06602	0.63769	0.06055	0.02394	0.05828	0.01849	0.00845	0.00608	0.00200	0.00473	0.00707	0.00605	0.00921
63	0.00829	0.00628	0.00947	0.00960	0.01065	0.00582	0.06856	0.00980	0.01206	0.03293	0.07079	0.63406	0.06557	0.01661	0.00741	0.00231	0.00398	0.01521	0.00537	0.00525
64	0.01155	0.01091	0.01868	0.67225	0.09493	0.01312	0.04650	0.01548	0.01205	0.01575	0.01081	0.01582	0.00820	0.00584	0.00591	0.00194	0.00779	0.00533	0.02030	0.00682

[dist]
# distance from previous block
# <min> <max>
0	3

[block]
# block no. 2 follows, 39 sequences, length 34
# corresponding to MSA columns:
# 663-696
name=unknown_C
#
# <colnr> <probs for GDERKNQSTAVLIFYWHMCP>
#	G	D	E	R	K	N	Q	S	T	A	V	L	I	F	Y	W	H	M	C	P
0	0.83394	0.01144	0.00869	0.00778	0.01144	0.01327	0.00640	0.01738	0.01006	0.02653	0.00823	0.00961	0.00640	0.00549	0.00366	0.00183	0.00457	0.00320	0.00366	0.00640
1	0.01157	0.01404	0.13068	0.04332	0.06164	0.01344	0.08821	0.01440	0.01135	0.01651	0.06309	0.14397	0.01649	0.01076	0.02686	0.00240	0.31352	0.00757	0.00339	0.00679
2	0.01981	0.01532	0.01578	0.01290	0.01700	0.05801	0.01037	0.38373	0.29613	0.07968	0.01824	0.01736	0.01324	0.00741	0.00592	0.00185	0.00595	0.00579	0.00589	0.00962
3	0.01254	0.01016	0.01200	0.00873	0.01367	0.00774	0.00697	0.01516	0.01278	0.04869	0.06593	0.01494	0.01247	0.00507	0.00463	0.00099	0.00429	0.00413	0.00388	0.73523
4	0.00793	0.00586	0.00820	0.07018	0.01179	0.00582	0.00707	0.00949	0.01176	0.01555	0.03061	0.60057	0.03573	0.01714	0.00753	0.00242	0.00414	0.13791	0.00525	0.00506
5	0.06844	0.31717	0.43623	0.01371	0.02073	0.01734	0.01640	0.01825	0.01215	0.01744	0.00955	0.01116	0.00746	0.00540	0.00480	0.00164	0.00755	0.00384	0.00259	0.00815
6	0.01569	0.01319	0.01392	0.01223	0.01575	0.01517	0.00960	0.12027	0.65415	0.02632	0.02282	0.02107	0.01704	0.00791	0.00600	0.00198	0.00491	0.00651	0.00600	0.00945
7	0.00721	0.00515	0.00686	0.00823	0.00858	0.00480	0.00549	0.00823	0.01132	0.01510	0.03259	0.78831	0.03911	0.01853	0.00755	0.00240	0.00343	0.01681	0.00549	0.00480
8	0.01308	0.01413	0.02829	0.22781	0.03177	0.01483	0.45525	0.01735	0.01281	0.01735	0.01108	0.01555	0.00854	0.00586	0.00814	0.00206	0.09953	0.00630	0.00285	0.00742
9	0.01400	0.11432	0.05573	0.02222	0.08033	0.02974	0.47914	0.01810	0.01327	0.01781	0.01187	0.04469	0.00985	0.00592	0.00721	0.00192	0.05660	0.00649	0.00298	0.00782
10	0.01027	0.00514	0.00770	0.00770	0.00770	0.00514	0.00514	0.00770	0.00770	0.01027	0.01027	0.01798	0.01027	0.02054	0.02311	0.82794	0.00514	0.00514	0.00257	0.00257
11	0.00943	0.00815	0.01340	0.01110	0.01345	0.00756	0.16130	0.01232	0.01499	0.02053	0.41535	0.05694	0.13037	0.05830	0.00844	0.00219	0.00466	0.04030	0.00538	0.00588
12	0.06831	0.01380	0.06458	0.24379	0.42689	0.01389	0.01687	0.01710	0.01252	0.01835	0.01058	0.01442	0.00857	0.00571	0.00629	0.00186	0.04034	0.00507	0.00285	0.00821
13	0.00990	0.00782	0.00924	0.00969	0.01112	0.00830	0.00705	0.01639	0.26170	0.01854	0.02961	0.48412	0.03163	0.01481	0.00706	0.00229	0.00398	0.05469	0.00567	0.00640
14	0.00845	0.00634	0.00950	0.00950	0.01056	0.00739	0.00739	0.01056	0.00950	0.01373	0.01584	0.02323	0.01478	0.04435	0.76873	0.00950	0.01584	0.00634	0.00317	0.00528
15	0.21615	0.02829	0.01396	0.18363	0.01974	0.01400	0.01017	0.23755	0.01612	0.02526	0.01226	0.01517	0.00958	0.03563	0.02172	0.00211	0.03604	0.00490	0.09035	0.00738
16	0.07615	0.01265	0.03498	0.39612	0.27414	0.01381	0.03050	0.05907	0.01324	0.01885	0.01079	0.01476	0.00841	0.00571	0.00574	0.00188	0.00732	0.00512	0.00301	0.00777
17	0.01443	0.47389	0.19768	0.01324	0.01857	0.02000	0.05681	0.01758	0.01187	0.01536	0.00894	0.01100	0.00767	0.00585	0.00638	0.00162	0.10489	0.00392	0.00256	0.00774
18	0.00721	0.00515	0.00686	0.00823	0.00858	0.00480	0.00549	0.00823	0.01132	0.01510	0.03259	0.78831	0.03911	0.01853	0.00755	0.00240	0.00343	0.01681	0.00549	0.00480
19	0.01581	0.79572	0.03099	0.01012	0.01518	0.02340	0.01012	0.01771	0.01202	0.01391	0.00822	0.00949	0.00759	0.00506	0.00379	0.00126	0.00632	0.00316	0.00253	0.00759
20	0.04256	0.01444	0.11581	0.09986	0.02202	0.01264	0.18223	0.13940	0.01492	0.02093	0.01605	0.18038	0.01516	0.00863	0.00684	0.00198	0.03737	0.00786	0.00397	0.05695
21	0.01240	0.13445	0.66236	0.01594	0.02418	0.01505	0.02026	0.01859	0.01242	0.01807	0.01029	0.01208	0.00750	0.00554	0.00537	0.00179	0.00841	0.00421	0.00250	0.00858
22	0.01544	0.01254	0.01339	0.01194	0.01536	0.01434	0.00932	0.03126	0.69970	0.07006	0.02402	0.02194	0.01784	0.00798	0.00601	0.00199	0.00470	0.00664	0.00610	0.00940
23	0.01173	0.01097	0.01891	0.59684	0.13439	0.01291	0.05305	0.01531	0.01193	0.01561	0.01066	0.01575	0.00827	0.00659	0.00691	0.04765	0.00772	0.00534	0.00268	0.00680
24	0.01371	0.01937	0.21488	0.02231	0.02879	0.01458	0.51943	0.01900	0.01353	0.03680	0.01179	0.01511	0.00871	0.00534	0.00695	0.00198	0.03031	0.00626	0.00296	0.00818
25	0.01458	0.06594	0.15146	0.06164	0.50323	0.06509	0.01777	0.01846	0.01336	0.01838	0.01070	0.01373	0.00875	0.00540	0.00565	0.00174	0.00756	0.00488	0.00282	0.00886
26	0.01966	0.00805	0.01008	0.00830	0.01146	0.00728	0.00667	0.02215	0.01492	0.43257	0.02154	0.02098	0.01487	0.00713	0.00514	0.00163	0.00402	0.00575	0.36974	0.00805
27	0.15503	0.01015	0.01422	0.15798	0.11957	0.01046	0.03107	0.01840	0.01353	0.21451	0.07268	0.09608	0.04558	0.00816	0.00584	0.00192	0.00550	0.00697	0.00477	0.00757
28	0.02182	0.03567	0.10981	0.01289	0.06005	0.01084	0.01094	0.05052	0.08348	0.47857	0.02015	0.01858	0.01339	0.00696	0.00577	0.00181	0.00559	0.00566	0.03796	0.00954
29	0.01172	0.00931	0.01114	0.01130	0.01351	0.01016	0.00937	0.02042	0.32607	0.02084	0.04437	0.04712	0.02769	0.01269	0.00722	0.00240	0.00506	0.39678	0.00571	0.00712
30	0.05428	0.02960	0.72268	0.01639	0.02486	0.01371	0.02105	0.01866	0.01236	0.01913	0.01049	0.01234	0.00744	0.00561	0.00552	0.00187	0.00852	0.00431	0.00256	0.00862
31	0.04910	0.01272	0.06366	0.31628	0.13461	0.01285	0.05133	0.07758	0.04024	0.07423	0.01467	0.02131	0.01207	0.00719	0.00611	0.00199	0.00706	0.08550	0.00379	0.00770
32	0.00765	0.00570	0.00793	0.07859	0.01154	0.00562	0.00650	0.00908	0.01177	0.01574	0.08386	0.66254	0.03749	0.01690	0.00736	0.00232	0.00379	0.01530	0.00530	0.00502
33	0.00719	0.00520	0.00681	0.00810	0.00854	0.00481	0.00543	0.00825	0.01145	0.01515	0.03424	0.74421	0.08215	0.01831	0.00751	0.00238	0.00340	0.01655	0.00549	0.00481

[dist]
# distance from previous block
# <min> <max>
2	769

# created by:
# /software/SequenceAnalysis/GenePrediction/augustus/3.0.1/scripts/msa2prfl.pl ./fixed/BUSCOvEOG708PNB.fas
