[name]
unknown

[dist]
# distance from previous block
# <min> <max>
0	140

[block]
# block no. 0 follows, 38 sequences, length 15
# corresponding to MSA columns:
# 192-206
name=unknown_A
#
# <colnr> <probs for GDERKNQSTAVLIFYWHMCP>
#	G	D	E	R	K	N	Q	S	T	A	V	L	I	F	Y	W	H	M	C	P
0	0.03779	0.00961	0.01539	0.57642	0.03301	0.01157	0.01380	0.01410	0.01208	0.01610	0.07862	0.02030	0.04209	0.00835	0.00775	0.08066	0.00698	0.00605	0.00317	0.00613
1	0.00864	0.00625	0.00869	0.00869	0.00942	0.00699	0.00630	0.01011	0.00938	0.01324	0.01701	0.02860	0.01720	0.27985	0.53296	0.00846	0.01287	0.00717	0.00336	0.00483
2	0.01136	0.01069	0.01804	0.77412	0.04143	0.01337	0.01671	0.01537	0.01203	0.01537	0.01069	0.01604	0.00802	0.00601	0.00601	0.00200	0.00802	0.00535	0.00267	0.00668
3	0.00861	0.00639	0.00939	0.00939	0.01037	0.00737	0.00717	0.01056	0.00959	0.01376	0.01637	0.02504	0.01565	0.11170	0.69900	0.00932	0.01519	0.00665	0.00326	0.00522
4	0.00859	0.00645	0.00967	0.00967	0.01074	0.00752	0.00752	0.01074	0.00967	0.01396	0.01611	0.02363	0.01504	0.04512	0.76474	0.00967	0.01611	0.00645	0.00322	0.00537
5	0.01354	0.01518	0.03277	0.02373	0.02927	0.01423	0.66003	0.01823	0.01394	0.01890	0.01418	0.08969	0.01206	0.00639	0.00715	0.00207	0.00951	0.00806	0.00329	0.00781
6	0.02247	0.02867	0.01705	0.01550	0.01860	0.76443	0.01162	0.02402	0.01705	0.01472	0.00930	0.01085	0.00775	0.00620	0.00542	0.00155	0.01085	0.00387	0.00310	0.00697
7	0.04254	0.00637	0.00789	0.00744	0.00901	0.00594	0.00561	0.01136	0.01643	0.02349	0.65150	0.04471	0.12081	0.01230	0.00696	0.00190	0.00293	0.01074	0.00640	0.00565
8	0.01121	0.00561	0.00561	0.00561	0.00701	0.00561	0.00421	0.01402	0.01262	0.02243	0.01962	0.02243	0.01542	0.00701	0.00421	0.00140	0.00280	0.00561	0.82198	0.00561
9	0.01496	0.01292	0.01360	0.01224	0.01564	0.01496	0.00952	0.03197	0.74019	0.02516	0.02448	0.02244	0.01836	0.00816	0.00612	0.00204	0.00476	0.00680	0.00612	0.00952
10	0.01374	0.01328	0.02347	0.01780	0.02133	0.01400	0.31706	0.03925	0.01308	0.04534	0.06450	0.01866	0.01324	0.05699	0.01173	0.00230	0.21865	0.00654	0.00353	0.08551
11	0.02287	0.01685	0.01805	0.01384	0.01866	0.01866	0.01143	0.73100	0.02828	0.03791	0.01444	0.01444	0.01023	0.00722	0.00602	0.00181	0.00662	0.00542	0.00602	0.01023
12	0.00859	0.00645	0.00967	0.00967	0.01074	0.00752	0.00752	0.01074	0.00967	0.01396	0.01611	0.02363	0.01504	0.04512	0.76474	0.00967	0.01611	0.00645	0.00322	0.00537
13	0.02287	0.01685	0.01805	0.01384	0.01866	0.01866	0.01143	0.73100	0.02828	0.03791	0.01444	0.01444	0.01023	0.00722	0.00602	0.00181	0.00662	0.00542	0.00602	0.01023
14	0.01060	0.00734	0.00836	0.00780	0.00853	0.00767	0.00502	0.10421	0.01141	0.01533	0.01810	0.03467	0.01972	0.61892	0.09312	0.00564	0.00686	0.00810	0.00392	0.00467

[dist]
# distance from previous block
# <min> <max>
0	1

[block]
# block no. 1 follows, 38 sequences, length 15
# corresponding to MSA columns:
# 208-222
name=unknown_B
#
# <colnr> <probs for GDERKNQSTAVLIFYWHMCP>
#	G	D	E	R	K	N	Q	S	T	A	V	L	I	F	Y	W	H	M	C	P
0	0.21964	0.00686	0.00809	0.00786	0.00880	0.00733	0.00555	0.01035	0.00845	0.01467	0.00992	0.01612	0.00945	0.01699	0.01847	0.61515	0.00508	0.00472	0.00290	0.00361
1	0.21964	0.00686	0.00809	0.00786	0.00880	0.00733	0.00555	0.01035	0.00845	0.01467	0.00992	0.01612	0.00945	0.01699	0.01847	0.61515	0.00508	0.00472	0.00290	0.00361
2	0.25426	0.52768	0.02421	0.00985	0.01448	0.05639	0.00925	0.01821	0.01188	0.01793	0.00841	0.00974	0.00737	0.00532	0.00390	0.00147	0.00613	0.00326	0.00293	0.00733
3	0.01160	0.00719	0.00931	0.00896	0.00983	0.00771	0.00632	0.01399	0.19452	0.01420	0.01403	0.01935	0.01247	0.01765	0.01908	0.61520	0.00511	0.00563	0.00351	0.00437
4	0.22871	0.04911	0.04106	0.01068	0.03416	0.01098	0.00885	0.02333	0.01433	0.39331	0.01661	0.01577	0.01124	0.00636	0.00513	0.00171	0.00517	0.00481	0.00547	0.11322
5	0.01164	0.01069	0.01662	0.57906	0.03451	0.01200	0.01427	0.01531	0.01214	0.01645	0.01069	0.01513	0.00825	0.00562	0.00562	0.00172	0.00711	0.00489	0.00290	0.21538
6	0.01467	0.00650	0.00940	0.00857	0.00975	0.00615	0.00615	0.01331	0.01023	0.20030	0.01384	0.01884	0.01158	0.01747	0.01906	0.61515	0.00520	0.00543	0.00384	0.00456
7	0.22093	0.02557	0.53857	0.01511	0.02257	0.01390	0.04567	0.01871	0.01213	0.02108	0.01023	0.01209	0.00740	0.00566	0.00526	0.00190	0.00786	0.00425	0.00286	0.00825
8	0.01292	0.01211	0.01944	0.39271	0.09002	0.01382	0.11084	0.02012	0.19793	0.01857	0.01445	0.01768	0.01101	0.00689	0.00678	0.03012	0.00731	0.00595	0.00362	0.00769
9	0.01207	0.03112	0.75741	0.01715	0.02604	0.01397	0.02223	0.01905	0.01270	0.01905	0.01080	0.01270	0.00762	0.00572	0.00572	0.00191	0.00889	0.00445	0.00254	0.00889
10	0.00714	0.00599	0.00620	0.00637	0.00820	0.00505	0.00469	0.00860	0.01344	0.01614	0.05754	0.14699	0.66172	0.01568	0.00718	0.00208	0.00310	0.01324	0.00559	0.00505
11	0.01608	0.79220	0.03152	0.01029	0.01544	0.02380	0.01029	0.01801	0.01222	0.01415	0.00836	0.00965	0.00772	0.00515	0.00386	0.00129	0.00643	0.00322	0.00257	0.00772
12	0.01045	0.00522	0.00784	0.00784	0.00784	0.00522	0.00522	0.00784	0.00784	0.01045	0.01045	0.01829	0.01045	0.02090	0.02351	0.82497	0.00522	0.00522	0.00261	0.00261
13	0.00969	0.00692	0.00969	0.01108	0.01246	0.00692	0.00969	0.01246	0.01385	0.01800	0.03185	0.06786	0.03462	0.01662	0.00831	0.00277	0.00554	0.71057	0.00554	0.00554
14	0.02323	0.01077	0.01365	0.01098	0.01519	0.01028	0.00890	0.02932	0.20151	0.54179	0.05099	0.02189	0.01734	0.00781	0.00611	0.00191	0.00494	0.00642	0.00708	0.00988

[dist]
# distance from previous block
# <min> <max>
0	1

[block]
# block no. 2 follows, 38 sequences, length 19
# corresponding to MSA columns:
# 224-242
name=unknown_C
#
# <colnr> <probs for GDERKNQSTAVLIFYWHMCP>
#	G	D	E	R	K	N	Q	S	T	A	V	L	I	F	Y	W	H	M	C	P
0	0.02002	0.02749	0.17095	0.01575	0.02008	0.50881	0.01390	0.08595	0.01686	0.01777	0.01010	0.01178	0.00803	0.00643	0.00619	0.00171	0.04301	0.00422	0.00325	0.00769
1	0.65986	0.01150	0.01082	0.16703	0.01788	0.01351	0.00867	0.01726	0.01067	0.02464	0.00895	0.01120	0.00691	0.00573	0.00424	0.00191	0.00538	0.00372	0.00353	0.00659
2	0.00720	0.00616	0.00616	0.00616	0.00819	0.00513	0.00461	0.00870	0.01376	0.01633	0.06096	0.05795	0.74767	0.01528	0.00714	0.00205	0.00308	0.01271	0.00561	0.00513
3	0.02254	0.02871	0.01710	0.01555	0.01865	0.76344	0.01165	0.02407	0.01709	0.01481	0.00939	0.01097	0.00783	0.00626	0.00546	0.00157	0.01087	0.00390	0.00313	0.00702
4	0.00767	0.00548	0.00734	0.00872	0.00919	0.00516	0.00606	0.00888	0.01182	0.01572	0.03307	0.70726	0.03928	0.01865	0.00778	0.00249	0.00374	0.09107	0.00561	0.00500
5	0.02238	0.01011	0.01325	0.01012	0.01470	0.00847	0.00825	0.02479	0.01616	0.53194	0.07307	0.02051	0.01661	0.00716	0.00579	0.00166	0.00483	0.00585	0.00652	0.19784
6	0.00742	0.00530	0.00705	0.00844	0.00879	0.00494	0.00562	0.00844	0.01157	0.01544	0.03321	0.78371	0.03983	0.01889	0.00771	0.00246	0.00352	0.01711	0.00561	0.00493
7	0.02706	0.01030	0.01402	0.01076	0.01542	0.00889	0.00888	0.02936	0.01726	0.75428	0.02380	0.02058	0.01496	0.00750	0.00609	0.00188	0.00515	0.00608	0.00747	0.01028
8	0.01022	0.00585	0.00789	0.00763	0.00802	0.00565	0.00497	0.00868	0.00848	0.01153	0.01288	0.02374	0.01354	0.22967	0.02409	0.54037	0.00536	0.00610	0.00299	0.06234
9	0.05405	0.01484	0.01476	0.01252	0.01625	0.06845	0.00992	0.26014	0.36836	0.02871	0.07167	0.02015	0.01724	0.00795	0.00604	0.00192	0.00569	0.00630	0.00583	0.00920
10	0.66310	0.01140	0.00997	0.00855	0.01247	0.01257	0.00704	0.02015	0.01174	0.17823	0.01165	0.01212	0.00834	0.00603	0.00425	0.00188	0.00478	0.00387	0.00452	0.00733
11	0.01369	0.01513	0.03190	0.18083	0.03355	0.01487	0.58033	0.01851	0.01380	0.01854	0.01195	0.01630	0.00898	0.00533	0.00691	0.00204	0.00972	0.00676	0.00300	0.00786
12	0.01274	0.02766	0.60427	0.02130	0.17659	0.01408	0.02146	0.01898	0.01296	0.01925	0.01099	0.01327	0.00810	0.00570	0.00580	0.00190	0.00855	0.00466	0.00266	0.00906
13	0.02220	0.00909	0.01232	0.01015	0.01377	0.00794	0.00807	0.02426	0.01607	0.57011	0.05604	0.18025	0.02188	0.01007	0.00647	0.00200	0.00471	0.00857	0.00705	0.00898
14	0.00753	0.00605	0.00669	0.00678	0.00846	0.00523	0.00498	0.00923	0.01414	0.01784	0.19965	0.15769	0.50415	0.01518	0.00722	0.00208	0.00310	0.01296	0.00583	0.00522
15	0.01312	0.00771	0.01002	0.00914	0.01015	0.00807	0.00655	0.15803	0.01214	0.01624	0.01137	0.01760	0.01048	0.01810	0.01989	0.65296	0.00554	0.00529	0.00335	0.00424
16	0.01552	0.01539	0.02900	0.07606	0.02823	0.01534	0.48182	0.16625	0.01673	0.02260	0.01287	0.01643	0.00973	0.00820	0.05511	0.00248	0.00966	0.00661	0.00367	0.00832
17	0.01248	0.01525	0.12709	0.43133	0.08199	0.01402	0.19665	0.01712	0.01283	0.01722	0.01120	0.01566	0.00842	0.00575	0.00628	0.00200	0.00865	0.00569	0.00280	0.00758
18	0.00851	0.00615	0.00804	0.00757	0.00899	0.00568	0.00568	0.01135	0.01703	0.02412	0.74788	0.04494	0.05676	0.01230	0.00710	0.00189	0.00284	0.01088	0.00662	0.00568

[dist]
# distance from previous block
# <min> <max>
0	1

[block]
# block no. 3 follows, 38 sequences, length 13
# corresponding to MSA columns:
# 244-256
name=unknown_D
#
# <colnr> <probs for GDERKNQSTAVLIFYWHMCP>
#	G	D	E	R	K	N	Q	S	T	A	V	L	I	F	Y	W	H	M	C	P
0	0.00925	0.00745	0.01164	0.18962	0.01797	0.00890	0.00968	0.01183	0.01022	0.01430	0.01484	0.02185	0.01339	0.03591	0.58614	0.00786	0.01421	0.00619	0.00309	0.00568
1	0.01255	0.00701	0.00960	0.08066	0.01304	0.00676	0.00711	0.01402	0.01249	0.18897	0.02671	0.42140	0.02827	0.12970	0.01056	0.00277	0.00465	0.01215	0.00546	0.00613
2	0.01991	0.02967	0.01474	0.01166	0.01451	0.01225	0.00941	0.09610	0.04026	0.35183	0.01798	0.02075	0.01375	0.12456	0.01288	0.00262	0.18723	0.00616	0.00543	0.00831
3	0.00852	0.00546	0.00667	0.00753	0.00810	0.00525	0.00509	0.00987	0.01143	0.01654	0.02782	0.47411	0.03124	0.13074	0.01030	0.00271	0.00373	0.03252	0.19747	0.00489
4	0.51484	0.00953	0.00853	0.00778	0.01062	0.01049	0.00619	0.01525	0.01285	0.02589	0.29269	0.02329	0.02583	0.00817	0.00502	0.00187	0.00396	0.00619	0.00484	0.00619
5	0.00774	0.00543	0.00697	0.00804	0.00834	0.00518	0.00527	0.00860	0.01095	0.01458	0.02977	0.58472	0.03539	0.19996	0.01310	0.00325	0.00411	0.03884	0.00513	0.00462
6	0.01755	0.01834	0.01479	0.01336	0.01666	0.27295	0.01025	0.02923	0.49126	0.02157	0.01926	0.01845	0.01471	0.00749	0.00588	0.00187	0.00686	0.00579	0.00508	0.00864
7	0.01460	0.01602	0.08475	0.19874	0.03093	0.01497	0.37671	0.12430	0.01562	0.02112	0.01201	0.01552	0.00891	0.00565	0.00649	0.00194	0.00884	0.00612	0.00338	0.03338
8	0.01744	0.01211	0.01381	0.01116	0.01517	0.01210	0.00887	0.26288	0.10759	0.12495	0.01913	0.14301	0.01643	0.00864	0.00594	0.00173	0.00516	0.00717	0.00557	0.20114
9	0.01203	0.02251	0.46999	0.01349	0.02043	0.01132	0.01599	0.01738	0.01263	0.01968	0.01209	0.01410	0.00909	0.00561	0.00519	0.00159	0.00694	0.00441	0.12493	0.20059
10	0.01208	0.00702	0.00839	0.00762	0.01004	0.00607	0.00586	0.01401	0.01503	0.19167	0.18422	0.09650	0.39228	0.01308	0.00690	0.00199	0.00352	0.01108	0.00623	0.00640
11	0.01361	0.30425	0.08806	0.01031	0.01336	0.08605	0.00922	0.01455	0.01101	0.01336	0.01107	0.01750	0.01090	0.14989	0.01396	0.19611	0.02329	0.00491	0.00282	0.00580
12	0.01642	0.05748	0.38369	0.04539	0.13131	0.02819	0.01730	0.02156	0.02842	0.19211	0.01405	0.01499	0.00985	0.00611	0.00576	0.00185	0.00756	0.00497	0.00385	0.00914

[dist]
# distance from previous block
# <min> <max>
0	1

[block]
# block no. 4 follows, 38 sequences, length 27
# corresponding to MSA columns:
# 258-284
name=unknown_E
#
# <colnr> <probs for GDERKNQSTAVLIFYWHMCP>
#	G	D	E	R	K	N	Q	S	T	A	V	L	I	F	Y	W	H	M	C	P
0	0.01016	0.00860	0.01444	0.01261	0.01448	0.00886	0.15465	0.01249	0.01131	0.01542	0.01934	0.03573	0.01975	0.21173	0.23644	0.00539	0.03201	0.16720	0.00380	0.00558
1	0.00925	0.00579	0.00637	0.00637	0.00665	0.00579	0.00376	0.00982	0.00954	0.01386	0.01909	0.03591	0.02055	0.62893	0.02522	0.00493	0.00521	0.00811	0.17081	0.00405
2	0.01339	0.01023	0.01130	0.01031	0.01258	0.01113	0.00761	0.12579	0.29093	0.03761	0.02325	0.18058	0.02209	0.18757	0.01196	0.00293	0.00502	0.00907	0.00542	0.02123
3	0.47923	0.01163	0.01092	0.00984	0.01326	0.01306	0.00824	0.16221	0.01475	0.02718	0.01495	0.02393	0.01366	0.00843	0.00523	0.00206	0.00526	0.16452	0.00460	0.00705
4	0.01538	0.01208	0.01380	0.01010	0.01530	0.01047	0.00817	0.17843	0.01624	0.05103	0.01203	0.01322	0.00943	0.00519	0.00487	0.00113	0.00497	0.00408	0.00427	0.60982
5	0.02300	0.01601	0.16676	0.01273	0.01829	0.01212	0.01217	0.18676	0.01881	0.44175	0.01898	0.01752	0.01235	0.00704	0.00597	0.00186	0.00623	0.00558	0.00612	0.00996
6	0.00865	0.00597	0.00720	0.00700	0.00761	0.00576	0.00452	0.00987	0.01232	0.01704	0.33359	0.04177	0.03693	0.45351	0.02047	0.00413	0.00454	0.00967	0.00493	0.00452
7	0.00733	0.00524	0.00698	0.00838	0.00873	0.00489	0.00558	0.00838	0.01152	0.01536	0.03316	0.78466	0.03979	0.01885	0.00768	0.00244	0.00349	0.01710	0.00558	0.00489
8	0.02256	0.01054	0.01290	0.01019	0.01413	0.01011	0.00832	0.16917	0.01843	0.44209	0.02090	0.01969	0.01406	0.00730	0.00562	0.00175	0.00490	0.00582	0.19235	0.00918
9	0.01484	0.00831	0.01286	0.01504	0.17836	0.00803	0.00897	0.01464	0.01109	0.16468	0.01336	0.01796	0.01115	0.01462	0.01595	0.46967	0.00564	0.00542	0.00368	0.00574
10	0.48361	0.01573	0.04058	0.01608	0.18141	0.13676	0.01063	0.01895	0.01223	0.02303	0.00928	0.01122	0.00744	0.00564	0.00458	0.00179	0.00639	0.00388	0.00341	0.00736
11	0.01216	0.01151	0.01949	0.60651	0.20278	0.01358	0.01711	0.01607	0.01241	0.01634	0.01083	0.01578	0.00836	0.00587	0.00600	0.00196	0.00782	0.00535	0.00274	0.00733
12	0.01035	0.00843	0.01231	0.01594	0.17951	0.00822	0.01064	0.01305	0.01379	0.01802	0.03312	0.05378	0.17476	0.01378	0.00753	0.00240	0.00540	0.40767	0.00497	0.00635
13	0.59517	0.01215	0.01270	0.01468	0.17999	0.01339	0.00938	0.01859	0.01146	0.07090	0.01001	0.01161	0.00772	0.00565	0.00438	0.00184	0.00525	0.00391	0.00379	0.00743
14	0.01805	0.17944	0.01762	0.01240	0.01522	0.44066	0.00954	0.01932	0.01418	0.01391	0.01130	0.01709	0.01095	0.18387	0.01083	0.00247	0.00881	0.00485	0.00312	0.00637
15	0.00901	0.00648	0.00958	0.16478	0.01542	0.00683	0.00801	0.00995	0.01099	0.01443	0.02403	0.38995	0.04423	0.01646	0.01096	0.18938	0.00493	0.05550	0.00431	0.00478
16	0.01194	0.04156	0.18343	0.01326	0.01552	0.01345	0.01249	0.01372	0.01008	0.01482	0.03737	0.01720	0.01125	0.07192	0.01715	0.17062	0.32984	0.00548	0.00283	0.00607
17	0.22606	0.01432	0.03628	0.01441	0.08930	0.01544	0.02558	0.20475	0.26300	0.02804	0.01583	0.01599	0.01187	0.00685	0.00547	0.00191	0.00568	0.00533	0.00500	0.00889
18	0.01023	0.00530	0.00767	0.00767	0.00767	0.00530	0.00502	0.00795	0.00795	0.01061	0.01154	0.02099	0.01191	0.11930	0.02442	0.71997	0.00530	0.00568	0.00274	0.00274
19	0.30982	0.09668	0.01517	0.18338	0.02012	0.01363	0.01008	0.05345	0.01351	0.21189	0.01316	0.01417	0.00933	0.00619	0.00497	0.00183	0.00583	0.00455	0.00443	0.00782
20	0.47780	0.01120	0.01355	0.01095	0.01463	0.01205	0.15361	0.01717	0.01159	0.02438	0.01171	0.01397	0.00907	0.00580	0.00452	0.00179	0.00535	0.00458	0.18963	0.00664
21	0.01239	0.01486	0.16464	0.01059	0.01666	0.00923	0.01021	0.01594	0.01252	0.01949	0.01071	0.01252	0.00865	0.00471	0.00471	0.00110	0.00536	0.00374	0.00335	0.65858
22	0.17592	0.00668	0.00727	0.00787	0.00883	0.00686	0.00533	0.01036	0.01063	0.01689	0.02487	0.45692	0.02892	0.19115	0.01209	0.00309	0.00426	0.01237	0.00476	0.00494
23	0.18246	0.01528	0.01303	0.01048	0.01492	0.18170	0.00825	0.04888	0.02660	0.02089	0.01031	0.01181	0.00838	0.00527	0.00462	0.00130	0.00605	0.00371	0.00364	0.42242
24	0.01135	0.01064	0.01685	0.16253	0.02089	0.01187	0.11767	0.02395	0.01181	0.01647	0.01721	0.20266	0.03504	0.02894	0.01028	0.00223	0.18906	0.00850	0.00367	0.09837
25	0.02008	0.01258	0.01421	0.01132	0.01488	0.01325	0.00890	0.37969	0.04168	0.18849	0.01788	0.02211	0.01434	0.19891	0.01206	0.00281	0.00604	0.00641	0.00575	0.00860
26	0.01062	0.00698	0.00971	0.00917	0.00917	0.00806	0.00649	0.00940	0.00833	0.01155	0.01186	0.02203	0.01252	0.19333	0.02436	0.47075	0.16313	0.00603	0.00285	0.00366

[dist]
# distance from previous block
# <min> <max>
0	1

[block]
# block no. 5 follows, 38 sequences, length 17
# corresponding to MSA columns:
# 286-302
name=unknown_F
#
# <colnr> <probs for GDERKNQSTAVLIFYWHMCP>
#	G	D	E	R	K	N	Q	S	T	A	V	L	I	F	Y	W	H	M	C	P
0	0.01265	0.05381	0.01745	0.01459	0.01513	0.01650	0.01234	0.01428	0.01027	0.01514	0.01252	0.02348	0.01302	0.01141	0.01669	0.00259	0.58780	0.14068	0.00319	0.00644
1	0.00825	0.00850	0.08637	0.00888	0.01078	0.00616	0.00729	0.01037	0.01293	0.01758	0.15639	0.44104	0.13330	0.01516	0.00714	0.00216	0.00393	0.01345	0.00535	0.04498
2	0.01730	0.01688	0.02229	0.03003	0.52429	0.12904	0.01632	0.13157	0.01651	0.02178	0.01150	0.01420	0.00937	0.00578	0.00588	0.00175	0.00763	0.00514	0.00348	0.00925
3	0.01320	0.01413	0.02913	0.10235	0.06942	0.01370	0.51644	0.01739	0.01321	0.01785	0.01288	0.01925	0.01075	0.11092	0.01009	0.00253	0.00917	0.00704	0.00308	0.00744
4	0.00993	0.00637	0.00822	0.00877	0.00983	0.00602	0.00616	0.04918	0.01328	0.08130	0.07206	0.61767	0.05439	0.01678	0.00740	0.00232	0.00375	0.01506	0.00583	0.00569
5	0.01183	0.00939	0.01110	0.01029	0.01197	0.05157	0.00790	0.13436	0.01314	0.01779	0.01583	0.02347	0.01473	0.13678	0.49346	0.00735	0.01281	0.00644	0.00375	0.00606
6	0.00781	0.00574	0.00749	0.00840	0.00921	0.00518	0.00572	0.00906	0.01178	0.01601	0.05423	0.69380	0.03765	0.01739	0.00738	0.00229	0.00355	0.01573	0.00544	0.07612
7	0.01420	0.01623	0.03550	0.02535	0.03144	0.01521	0.72921	0.01927	0.01420	0.01927	0.01217	0.01623	0.00913	0.00507	0.00710	0.00203	0.01014	0.00710	0.00304	0.00811
8	0.01135	0.01042	0.01434	0.01284	0.01298	0.01379	0.01018	0.01249	0.00942	0.01404	0.01325	0.09996	0.01435	0.14855	0.09189	0.00384	0.49016	0.00722	0.00317	0.00578
9	0.01336	0.01262	0.02157	0.47722	0.16012	0.01424	0.11563	0.07856	0.01403	0.01861	0.01133	0.01573	0.00862	0.00588	0.00616	0.00195	0.00804	0.00560	0.00307	0.00768
10	0.00735	0.00610	0.00642	0.00634	0.00827	0.00518	0.00476	0.00909	0.01427	0.01758	0.17647	0.05572	0.63226	0.01474	0.00711	0.00201	0.00301	0.01239	0.00576	0.00518
11	0.00813	0.00605	0.00768	0.00878	0.00945	0.00595	0.00600	0.01086	0.08829	0.01639	0.03224	0.70435	0.03753	0.01772	0.00751	0.00240	0.00362	0.01602	0.00564	0.00537
12	0.01466	0.52320	0.28809	0.01272	0.01919	0.02033	0.01451	0.01838	0.01239	0.01588	0.00922	0.01073	0.00768	0.00535	0.00452	0.00151	0.00730	0.00365	0.00256	0.00813
13	0.01160	0.01115	0.01949	0.71214	0.04061	0.01352	0.07568	0.01569	0.01221	0.01569	0.01081	0.01605	0.00811	0.00594	0.00610	0.00201	0.00819	0.00549	0.00270	0.00680
14	0.00969	0.00692	0.00969	0.01108	0.01246	0.00692	0.00969	0.01246	0.01385	0.01800	0.03185	0.06786	0.03462	0.01662	0.00831	0.00277	0.00554	0.71057	0.00554	0.00554
15	0.01136	0.01069	0.01804	0.77412	0.04143	0.01337	0.01671	0.01537	0.01203	0.01537	0.01069	0.01604	0.00802	0.00601	0.00601	0.00200	0.00802	0.00535	0.00267	0.00668
16	0.02282	0.01622	0.01758	0.01355	0.01830	0.01781	0.01117	0.65201	0.05763	0.08788	0.01552	0.01521	0.01090	0.00728	0.00602	0.00182	0.00644	0.00552	0.00612	0.01020

[dist]
# distance from previous block
# <min> <max>
0	1

[block]
# block no. 6 follows, 38 sequences, length 19
# corresponding to MSA columns:
# 304-322
name=unknown_G
#
# <colnr> <probs for GDERKNQSTAVLIFYWHMCP>
#	G	D	E	R	K	N	Q	S	T	A	V	L	I	F	Y	W	H	M	C	P
0	0.76506	0.01206	0.00959	0.00840	0.01221	0.01392	0.00692	0.07595	0.01171	0.02788	0.00887	0.01015	0.00682	0.00572	0.00391	0.00186	0.00481	0.00343	0.00391	0.00682
1	0.01111	0.00719	0.01004	0.01105	0.01270	0.00708	0.00962	0.01384	0.01412	0.07822	0.03119	0.06399	0.03301	0.01587	0.00812	0.00270	0.00551	0.65302	0.00570	0.00592
2	0.01006	0.07223	0.01080	0.00936	0.04275	0.00934	0.00687	0.01535	0.18592	0.01829	0.04430	0.08407	0.44331	0.01250	0.00659	0.00198	0.00393	0.01045	0.00535	0.00653
3	0.01271	0.01090	0.01258	0.00923	0.01439	0.00868	0.00736	0.01675	0.08161	0.02013	0.01200	0.01342	0.00981	0.00481	0.00461	0.00100	0.00448	0.00387	0.00381	0.74785
4	0.00851	0.00615	0.00804	0.00757	0.00899	0.00568	0.00568	0.01135	0.01703	0.02412	0.74788	0.04494	0.05676	0.01230	0.00710	0.00189	0.00284	0.01088	0.00662	0.00568
5	0.00733	0.00524	0.00698	0.00838	0.00873	0.00489	0.00558	0.00838	0.01152	0.01536	0.03316	0.78466	0.03979	0.01885	0.00768	0.00244	0.00349	0.01710	0.00558	0.00489
6	0.01247	0.01069	0.01247	0.00891	0.01426	0.00802	0.00713	0.01515	0.01247	0.01960	0.01069	0.01247	0.00891	0.00446	0.00446	0.00089	0.00446	0.00356	0.00356	0.82536
7	0.02699	0.01024	0.01396	0.01070	0.01536	0.00884	0.00884	0.02932	0.01722	0.75522	0.02373	0.02048	0.01489	0.00745	0.00605	0.00186	0.00512	0.00605	0.00745	0.01024
8	0.00875	0.00583	0.00656	0.00656	0.00656	0.00583	0.00365	0.00875	0.00875	0.01166	0.01895	0.03937	0.02187	0.78858	0.03062	0.00583	0.00583	0.00875	0.00365	0.00365
9	0.02580	0.01215	0.01514	0.01161	0.01631	0.01167	0.00959	0.23174	0.02041	0.54830	0.02105	0.01874	0.01355	0.00738	0.00604	0.00185	0.00555	0.00587	0.00703	0.01024
10	0.83108	0.01163	0.00884	0.00791	0.01163	0.01350	0.00651	0.01768	0.01024	0.02699	0.00838	0.00977	0.00651	0.00558	0.00372	0.00186	0.00465	0.00326	0.00372	0.00651
11	0.01414	0.01491	0.01773	0.01535	0.01584	0.11637	0.01260	0.01549	0.01044	0.01458	0.01030	0.01472	0.03880	0.01015	0.01732	0.00246	0.64400	0.00539	0.00282	0.00657
12	0.00813	0.00613	0.00751	0.00717	0.00875	0.00551	0.00538	0.01062	0.01613	0.02200	0.56214	0.04844	0.24383	0.01309	0.00710	0.00193	0.00289	0.01137	0.00634	0.00551
13	0.01247	0.01069	0.01247	0.00891	0.01426	0.00802	0.00713	0.01515	0.01247	0.01960	0.01069	0.01247	0.00891	0.00446	0.00446	0.00089	0.00446	0.00356	0.00356	0.82536
14	0.01360	0.01876	0.23866	0.12747	0.44558	0.01408	0.01934	0.01823	0.01319	0.01892	0.01108	0.01440	0.00877	0.00555	0.00589	0.00185	0.00777	0.00509	0.00281	0.00897
15	0.24312	0.01061	0.01258	0.00995	0.01436	0.01009	0.00822	0.02619	0.01534	0.55948	0.01961	0.01760	0.01264	0.00695	0.00542	0.00186	0.00499	0.00530	0.00645	0.00924
16	0.00757	0.00594	0.00677	0.00691	0.00839	0.00522	0.00500	0.00927	0.01392	0.01786	0.22600	0.19045	0.41055	0.04870	0.00823	0.00224	0.00320	0.01290	0.00576	0.00513
17	0.03900	0.01174	0.01208	0.01135	0.01406	0.04126	0.00861	0.02586	0.52434	0.02260	0.02537	0.19466	0.02245	0.01043	0.00637	0.00211	0.00470	0.00892	0.00581	0.00828
18	0.01190	0.01098	0.01804	0.73870	0.04037	0.01361	0.01646	0.04872	0.01279	0.01642	0.01087	0.01596	0.00812	0.00607	0.00601	0.00200	0.00795	0.00535	0.00283	0.00685

[dist]
# distance from previous block
# <min> <max>
2	3

[block]
# block no. 7 follows, 38 sequences, length 9
# corresponding to MSA columns:
# 326-334
name=unknown_H
#
# <colnr> <probs for GDERKNQSTAVLIFYWHMCP>
#	G	D	E	R	K	N	Q	S	T	A	V	L	I	F	Y	W	H	M	C	P
0	0.01324	0.01430	0.06819	0.05030	0.14615	0.01334	0.29250	0.03677	0.10754	0.01965	0.01689	0.14291	0.01530	0.00804	0.00702	0.00206	0.02580	0.00810	0.00387	0.00801
1	0.01272	0.00737	0.00955	0.00879	0.01059	0.00726	0.00679	0.01494	0.01463	0.16763	0.26502	0.15759	0.07814	0.01187	0.00772	0.00201	0.06953	0.02985	0.11152	0.00649
2	0.01996	0.01963	0.01649	0.04413	0.11259	0.36366	0.01159	0.02442	0.13027	0.13895	0.01670	0.01708	0.04411	0.00700	0.00580	0.00175	0.00801	0.00534	0.00437	0.00815
3	0.00963	0.00736	0.00903	0.00868	0.01047	0.00732	0.00675	0.01469	0.13537	0.02293	0.48621	0.04514	0.09807	0.01239	0.00709	0.00204	0.00352	0.10074	0.00632	0.00625
4	0.01394	0.01464	0.10981	0.07710	0.01881	0.01334	0.01128	0.05898	0.40131	0.02289	0.02022	0.02001	0.04296	0.00729	0.00582	0.00182	0.00554	0.00601	0.00492	0.14330
5	0.01756	0.01580	0.05599	0.16346	0.09074	0.04274	0.20081	0.22855	0.01817	0.08659	0.01330	0.01556	0.00965	0.00618	0.00626	0.00190	0.00798	0.00579	0.00420	0.00876
6	0.00863	0.00646	0.00841	0.00899	0.01036	0.00579	0.00663	0.01028	0.01212	0.01657	0.02921	0.51946	0.03371	0.01605	0.00727	0.00225	0.00404	0.14851	0.00524	0.14002
7	0.41163	0.03446	0.01162	0.00917	0.01333	0.01217	0.00759	0.09153	0.01316	0.02483	0.01170	0.01600	0.01004	0.00635	0.00457	0.00163	0.00493	0.06386	0.00404	0.24739
8	0.05934	0.01406	0.01534	0.04512	0.01761	0.04161	0.01017	0.32125	0.11402	0.14901	0.01681	0.01791	0.01242	0.00722	0.00580	0.00177	0.00595	0.03124	0.00559	0.10776

[dist]
# distance from previous block
# <min> <max>
9	12

[block]
# block no. 8 follows, 38 sequences, length 14
# corresponding to MSA columns:
# 347-360
name=unknown_I
#
# <colnr> <probs for GDERKNQSTAVLIFYWHMCP>
#	G	D	E	R	K	N	Q	S	T	A	V	L	I	F	Y	W	H	M	C	P
0	0.15621	0.00891	0.00963	0.00879	0.01053	0.00974	0.00639	0.13960	0.01282	0.01969	0.01651	0.06717	0.01675	0.32700	0.16064	0.00496	0.00760	0.00720	0.00411	0.00572
1	0.01104	0.01049	0.00980	0.00951	0.01145	0.13952	0.00688	0.01268	0.01339	0.01701	0.10442	0.38798	0.07119	0.01313	0.00661	0.00192	0.00486	0.01142	0.00490	0.15180
2	0.01131	0.00925	0.01399	0.01235	0.01450	0.00917	0.13427	0.13928	0.01498	0.02007	0.02611	0.51163	0.02910	0.01434	0.00728	0.00226	0.00522	0.01325	0.00521	0.00641
3	0.02141	0.16274	0.01986	0.01581	0.14565	0.01460	0.01126	0.16819	0.01789	0.31634	0.03632	0.01684	0.01275	0.00672	0.00563	0.00173	0.00597	0.00538	0.00541	0.00950
4	0.01228	0.01069	0.01346	0.14389	0.01905	0.00896	0.00882	0.01519	0.01240	0.01886	0.01069	0.01310	0.00875	0.00473	0.00473	0.00109	0.00508	0.00388	0.00341	0.68095
5	0.08988	0.01948	0.28523	0.12041	0.02398	0.01382	0.05416	0.14584	0.01602	0.15399	0.01359	0.01479	0.00942	0.00628	0.00577	0.00190	0.00738	0.00507	0.00418	0.00881
6	0.01493	0.48189	0.06120	0.01301	0.01852	0.01903	0.13707	0.01777	0.01264	0.01625	0.00956	0.01145	0.00818	0.00504	0.00462	0.00137	0.00684	0.00402	0.00283	0.15379
7	0.01156	0.00972	0.01149	0.00881	0.01327	0.00746	0.00685	0.01394	0.01230	0.01884	0.01470	0.15031	0.01442	0.00702	0.00503	0.00117	0.00428	0.00598	0.00392	0.67891
8	0.00831	0.00562	0.00699	0.00798	0.00884	0.00530	0.00576	0.00995	0.01227	0.01706	0.03371	0.47302	0.11489	0.01604	0.00708	0.00225	0.00358	0.10494	0.15130	0.00512
9	0.00875	0.00583	0.00656	0.00656	0.00656	0.00583	0.00365	0.00875	0.00875	0.01166	0.01895	0.03937	0.02187	0.78858	0.03062	0.00583	0.00583	0.00875	0.00365	0.00365
10	0.01179	0.01003	0.01280	0.01000	0.01357	0.00887	0.04457	0.03166	0.01196	0.01787	0.01397	0.08221	0.01374	0.14458	0.01078	0.00212	0.06886	0.00598	0.00371	0.48093
11	0.01237	0.00811	0.01154	0.05196	0.01400	0.00791	0.04934	0.01456	0.01391	0.14889	0.08799	0.12430	0.19861	0.01311	0.00828	0.02370	0.04676	0.15281	0.00544	0.00640
12	0.00761	0.00612	0.00680	0.00678	0.00857	0.00531	0.00512	0.00952	0.01454	0.01841	0.24249	0.07594	0.51127	0.01462	0.00718	0.00204	0.00312	0.04346	0.00586	0.00525
13	0.53965	0.01033	0.00915	0.00817	0.01158	0.01099	0.00646	0.01557	0.01086	0.02361	0.01321	0.14856	0.01288	0.00775	0.00456	0.00179	0.00441	0.00578	0.00403	0.15066

[dist]
# distance from previous block
# <min> <max>
0	1

[block]
# block no. 9 follows, 38 sequences, length 26
# corresponding to MSA columns:
# 362-387
name=unknown_J
#
# <colnr> <probs for GDERKNQSTAVLIFYWHMCP>
#	G	D	E	R	K	N	Q	S	T	A	V	L	I	F	Y	W	H	M	C	P
0	0.05152	0.01740	0.07369	0.01366	0.01861	0.03063	0.01184	0.55931	0.07405	0.06649	0.01494	0.01488	0.01061	0.00710	0.00591	0.00183	0.00660	0.00536	0.00569	0.00989
1	0.00889	0.00733	0.00994	0.01027	0.01064	0.00838	0.00763	0.01010	0.01113	0.01529	0.02779	0.53181	0.05773	0.01653	0.01071	0.00249	0.19755	0.04559	0.00484	0.00535
2	0.00880	0.00616	0.00754	0.00730	0.00798	0.00609	0.00478	0.00988	0.01107	0.01536	0.20096	0.03776	0.02927	0.46921	0.12034	0.00518	0.00639	0.00880	0.00433	0.03278
3	0.00763	0.00546	0.00725	0.00817	0.00879	0.00508	0.00561	0.00912	0.01290	0.01755	0.21227	0.59928	0.04404	0.01721	0.00753	0.00231	0.00333	0.01554	0.00584	0.00508
4	0.21917	0.01225	0.01592	0.33554	0.07157	0.01423	0.02466	0.14073	0.04659	0.02280	0.01143	0.01447	0.00867	0.00660	0.00598	0.02661	0.00669	0.00493	0.00369	0.00746
5	0.01299	0.02755	0.59397	0.01848	0.02669	0.01403	0.15632	0.01945	0.01314	0.04488	0.01151	0.01364	0.00816	0.00565	0.00599	0.00193	0.00900	0.00501	0.00281	0.00879
6	0.00963	0.00745	0.00903	0.00941	0.01079	0.00771	0.00690	0.01512	0.19527	0.01956	0.15644	0.40895	0.03701	0.01485	0.00723	0.00227	0.00385	0.06640	0.00590	0.00624
7	0.01028	0.00830	0.00931	0.00908	0.01106	0.00858	0.00675	0.03784	0.23902	0.02054	0.13893	0.24765	0.20225	0.01340	0.00693	0.00212	0.00378	0.01163	0.00591	0.00664
8	0.01453	0.01494	0.05696	0.07529	0.62065	0.01430	0.06329	0.01863	0.02737	0.01947	0.01156	0.01508	0.00950	0.00545	0.00602	0.00182	0.00742	0.00546	0.00301	0.00925
9	0.01541	0.02795	0.44604	0.01767	0.02457	0.20240	0.11207	0.05011	0.01464	0.01878	0.01075	0.01277	0.00796	0.00581	0.00584	0.00183	0.00945	0.00469	0.00289	0.00836
10	0.01029	0.00795	0.01104	0.01417	0.19313	0.00795	0.00736	0.01118	0.00999	0.01367	0.01704	0.03323	0.01878	0.59231	0.02444	0.00482	0.00616	0.00790	0.00348	0.00512
11	0.62566	0.01140	0.01115	0.19992	0.01910	0.01346	0.00907	0.01710	0.01069	0.02408	0.00896	0.01134	0.00689	0.00569	0.00430	0.00190	0.00550	0.00378	0.00346	0.00656
12	0.01335	0.01123	0.01221	0.01107	0.01398	0.01264	0.00856	0.02680	0.55897	0.02490	0.20577	0.02808	0.02799	0.00920	0.00637	0.00200	0.00428	0.00782	0.00625	0.00856
13	0.01665	0.72478	0.03025	0.01075	0.01572	0.08920	0.01041	0.01854	0.01265	0.01420	0.00845	0.00976	0.00772	0.00524	0.00400	0.00131	0.00682	0.00327	0.00262	0.00765
14	0.01316	0.01316	0.01843	0.01579	0.01579	0.01843	0.01316	0.01448	0.00921	0.01448	0.00790	0.01316	0.00790	0.01053	0.01974	0.00263	0.77757	0.00526	0.00263	0.00658
15	0.00731	0.00588	0.00652	0.00682	0.00837	0.00509	0.00494	0.00885	0.01351	0.01685	0.12619	0.23866	0.49825	0.01583	0.00725	0.00212	0.00314	0.01361	0.00569	0.00509
16	0.00929	0.00749	0.01169	0.20116	0.01833	0.00894	0.00973	0.01185	0.01024	0.01426	0.01482	0.02211	0.01345	0.05345	0.55671	0.00765	0.01383	0.00623	0.00310	0.00566
17	0.57937	0.01539	0.01153	0.01006	0.01381	0.14954	0.00808	0.11233	0.01383	0.02621	0.00934	0.01058	0.00722	0.00591	0.00433	0.00180	0.00603	0.00365	0.00391	0.00708
18	0.02375	0.01533	0.01467	0.01218	0.01622	0.19927	0.00966	0.02846	0.14418	0.44141	0.02025	0.01841	0.01371	0.00726	0.00591	0.00181	0.00649	0.00564	0.00612	0.00929
19	0.01608	0.79220	0.03152	0.01029	0.01544	0.02380	0.01029	0.01801	0.01222	0.01415	0.00836	0.00965	0.00772	0.00515	0.00386	0.00129	0.00643	0.00322	0.00257	0.00772
20	0.01705	0.01387	0.01468	0.01252	0.01629	0.01574	0.00993	0.23827	0.50606	0.02866	0.02268	0.02121	0.03935	0.00811	0.00612	0.00197	0.00526	0.00658	0.00607	0.00959
21	0.00940	0.00705	0.00944	0.19891	0.01530	0.00772	0.00692	0.01041	0.00957	0.01259	0.01688	0.03352	0.01840	0.59247	0.02445	0.00487	0.00638	0.00790	0.00340	0.00441
22	0.02040	0.02555	0.02167	0.01797	0.02182	0.57668	0.19145	0.02283	0.01633	0.01586	0.01002	0.01220	0.00809	0.00592	0.00584	0.00167	0.01067	0.00468	0.00309	0.00726
23	0.01189	0.02600	0.57213	0.20684	0.02989	0.01382	0.02084	0.01813	0.01253	0.01813	0.01077	0.01354	0.00772	0.00579	0.00579	0.00193	0.00867	0.00467	0.00257	0.00834
24	0.01403	0.00775	0.01076	0.01098	0.01319	0.00740	0.00948	0.01669	0.01469	0.20275	0.02982	0.05598	0.02968	0.01432	0.00774	0.00254	0.00543	0.53401	0.00602	0.00672
25	0.01471	0.04009	0.02916	0.04166	0.02699	0.01515	0.49322	0.07075	0.11460	0.02107	0.01415	0.02949	0.01090	0.00588	0.00665	0.00195	0.00861	0.00678	0.00372	0.04447

[dist]
# distance from previous block
# <min> <max>
0	1

[block]
# block no. 10 follows, 38 sequences, length 21
# corresponding to MSA columns:
# 389-409
name=unknown_K
#
# <colnr> <probs for GDERKNQSTAVLIFYWHMCP>
#	G	D	E	R	K	N	Q	S	T	A	V	L	I	F	Y	W	H	M	C	P
0	0.01247	0.01069	0.01247	0.00891	0.01426	0.00802	0.00713	0.01515	0.01247	0.01960	0.01069	0.01247	0.00891	0.00446	0.00446	0.00089	0.00446	0.00356	0.00356	0.82536
1	0.01393	0.01078	0.01260	0.00948	0.01432	0.00888	0.00754	0.04829	0.06754	0.07699	0.01416	0.05779	0.01188	0.00590	0.00495	0.00118	0.00457	0.00485	0.00427	0.62010
2	0.02197	0.01615	0.01733	0.01338	0.01789	0.01784	0.01094	0.68521	0.02705	0.03625	0.01473	0.01602	0.01097	0.05676	0.00758	0.00206	0.00657	0.00563	0.00587	0.00981
3	0.02287	0.01685	0.01805	0.01384	0.01866	0.01866	0.01143	0.73100	0.02828	0.03791	0.01444	0.01444	0.01023	0.00722	0.00602	0.00181	0.00662	0.00542	0.00602	0.01023
4	0.01487	0.40898	0.32938	0.01377	0.02040	0.04391	0.03773	0.01897	0.01277	0.03548	0.00991	0.01143	0.00791	0.00547	0.00483	0.00159	0.00767	0.00394	0.00272	0.00825
5	0.01247	0.01069	0.01247	0.00891	0.01426	0.00802	0.00713	0.01515	0.01247	0.01960	0.01069	0.01247	0.00891	0.00446	0.00446	0.00089	0.00446	0.00356	0.00356	0.82536
6	0.11144	0.01446	0.01597	0.01342	0.04879	0.01567	0.01048	0.40023	0.12479	0.15847	0.01667	0.01613	0.01175	0.00713	0.00578	0.00185	0.00590	0.00548	0.00589	0.00969
7	0.00859	0.00645	0.00967	0.00967	0.01074	0.00752	0.00752	0.01074	0.00967	0.01396	0.01611	0.02363	0.01504	0.04512	0.76474	0.00967	0.01611	0.00645	0.00322	0.00537
8	0.00733	0.00524	0.00698	0.00838	0.00873	0.00489	0.00558	0.00838	0.01152	0.01536	0.03316	0.78466	0.03979	0.01885	0.00768	0.00244	0.00349	0.01710	0.00558	0.00489
9	0.02602	0.01179	0.01492	0.01144	0.01613	0.01115	0.00945	0.19448	0.01982	0.58638	0.02155	0.01906	0.01379	0.00739	0.00604	0.00185	0.00547	0.00590	0.00711	0.01024
10	0.02541	0.01146	0.01567	0.01196	0.01668	0.01057	0.05011	0.11397	0.03940	0.60515	0.02197	0.01956	0.01410	0.00730	0.00611	0.00187	0.00558	0.00605	0.00698	0.01010
11	0.01831	0.00871	0.01125	0.00934	0.01262	0.00787	0.00745	0.02170	0.06591	0.39948	0.25197	0.03222	0.10734	0.00984	0.00649	0.00190	0.00416	0.00831	0.00690	0.00822
12	0.01802	0.01444	0.01532	0.01286	0.01681	0.01639	0.01026	0.30196	0.46522	0.03009	0.02061	0.01935	0.01522	0.00780	0.00608	0.00195	0.00548	0.00627	0.00608	0.00980
13	0.08083	0.01157	0.03803	0.17248	0.02099	0.01138	0.01088	0.02564	0.14239	0.39301	0.01955	0.01884	0.01319	0.00708	0.00587	0.00192	0.00576	0.00577	0.00577	0.00904
14	0.02603	0.01178	0.01492	0.01144	0.01613	0.01114	0.00945	0.19339	0.01981	0.58749	0.02156	0.01906	0.01380	0.00739	0.00604	0.00185	0.00547	0.00590	0.00711	0.01024
15	0.00830	0.00614	0.00775	0.00735	0.00886	0.00559	0.00551	0.01094	0.01653	0.02294	0.64417	0.04689	0.16122	0.01274	0.00710	0.00191	0.00287	0.01115	0.00647	0.00559
16	0.00866	0.00617	0.00826	0.00826	0.00885	0.00675	0.00576	0.00984	0.00925	0.01292	0.01740	0.03077	0.01814	0.38224	0.43185	0.00793	0.01145	0.00749	0.00341	0.00459
17	0.01574	0.02105	0.28447	0.06399	0.13464	0.07113	0.17951	0.02057	0.01410	0.11794	0.01281	0.01493	0.00926	0.00580	0.00611	0.00189	0.00851	0.00541	0.00343	0.00872
18	0.02479	0.01249	0.01520	0.01179	0.01640	0.01235	0.00970	0.24673	0.07609	0.47719	0.02091	0.01876	0.01371	0.00743	0.00605	0.00186	0.00556	0.00591	0.00690	0.01018
19	0.00969	0.00692	0.00969	0.01108	0.01246	0.00692	0.00969	0.01246	0.01385	0.01800	0.03185	0.06786	0.03462	0.01662	0.00831	0.00277	0.00554	0.71057	0.00554	0.00554
20	0.01235	0.00946	0.01039	0.00945	0.01218	0.00989	0.00730	0.02109	0.33939	0.07656	0.16601	0.03692	0.24258	0.01096	0.00659	0.00200	0.00393	0.00924	0.00615	0.00756

[dist]
# distance from previous block
# <min> <max>
0	1

[block]
# block no. 11 follows, 38 sequences, length 83
# corresponding to MSA columns:
# 411-493
name=unknown_L
#
# <colnr> <probs for GDERKNQSTAVLIFYWHMCP>
#	G	D	E	R	K	N	Q	S	T	A	V	L	I	F	Y	W	H	M	C	P
0	0.05758	0.01116	0.01403	0.01221	0.05308	0.01092	0.00925	0.05683	0.17408	0.46267	0.02198	0.02078	0.01514	0.04362	0.00710	0.00208	0.00522	0.00616	0.00653	0.00958
1	0.00984	0.00644	0.00846	0.00779	0.00944	0.00590	0.00590	0.01264	0.01704	0.07640	0.69611	0.04319	0.05377	0.01195	0.00702	0.00189	0.00300	0.01053	0.00668	0.00600
2	0.01608	0.79220	0.03152	0.01029	0.01544	0.02380	0.01029	0.01801	0.01222	0.01415	0.00836	0.00965	0.00772	0.00515	0.00386	0.00129	0.00643	0.00322	0.00257	0.00772
3	0.01335	0.01122	0.01282	0.00963	0.01452	0.00957	0.00768	0.06628	0.10942	0.02177	0.04294	0.01525	0.01220	0.00545	0.00489	0.00115	0.00458	0.00442	0.00419	0.62867
4	0.07048	0.47417	0.11156	0.01348	0.01899	0.05289	0.11586	0.04945	0.01334	0.01736	0.00950	0.01122	0.00794	0.00537	0.00469	0.00154	0.00733	0.00405	0.00289	0.00791
5	0.02699	0.01024	0.01396	0.01070	0.01536	0.00884	0.00884	0.02932	0.01722	0.75522	0.02373	0.02048	0.01489	0.00745	0.00605	0.00186	0.00512	0.00605	0.00745	0.01024
6	0.00817	0.00610	0.00759	0.00729	0.00880	0.00552	0.00544	0.01065	0.01609	0.02209	0.57298	0.07971	0.20098	0.01320	0.00712	0.00195	0.00291	0.01153	0.00636	0.00552
7	0.01045	0.00522	0.00784	0.00784	0.00784	0.00522	0.00522	0.00784	0.00784	0.01045	0.01045	0.01829	0.01045	0.02090	0.02351	0.82497	0.00522	0.00522	0.00261	0.00261
8	0.00733	0.00524	0.00698	0.00838	0.00873	0.00489	0.00558	0.00838	0.01152	0.01536	0.03316	0.78466	0.03979	0.01885	0.00768	0.00244	0.00349	0.01710	0.00558	0.00489
9	0.00817	0.00582	0.00786	0.00919	0.00987	0.00560	0.00686	0.00974	0.01217	0.01608	0.03214	0.51736	0.03735	0.04962	0.00883	0.00269	0.00426	0.24585	0.00549	0.00505
10	0.01420	0.01623	0.03550	0.02535	0.03144	0.01521	0.72921	0.01927	0.01420	0.01927	0.01217	0.01623	0.00913	0.00507	0.00710	0.00203	0.01014	0.00710	0.00304	0.00811
11	0.83108	0.01163	0.00884	0.00791	0.01163	0.01350	0.00651	0.01768	0.01024	0.02699	0.00838	0.00977	0.00651	0.00558	0.00372	0.00186	0.00465	0.00326	0.00372	0.00651
12	0.01045	0.00522	0.00784	0.00784	0.00784	0.00522	0.00522	0.00784	0.00784	0.01045	0.01045	0.01829	0.01045	0.02090	0.02351	0.82497	0.00522	0.00522	0.00261	0.00261
13	0.00733	0.00524	0.00698	0.00838	0.00873	0.00489	0.00558	0.00838	0.01152	0.01536	0.03316	0.78466	0.03979	0.01885	0.00768	0.00244	0.00349	0.01710	0.00558	0.00489
14	0.00875	0.00583	0.00656	0.00656	0.00656	0.00583	0.00365	0.00875	0.00875	0.01166	0.01895	0.03937	0.02187	0.78858	0.03062	0.00583	0.00583	0.00875	0.00365	0.00365
15	0.01235	0.01311	0.02620	0.01938	0.02367	0.01259	0.48237	0.01597	0.01306	0.01747	0.01974	0.02529	0.11404	0.12242	0.01126	0.00262	0.05002	0.00802	0.00346	0.00695
16	0.01648	0.01633	0.01814	0.01538	0.01678	0.13757	0.01259	0.15133	0.01407	0.01894	0.00936	0.01303	0.00831	0.00921	0.01486	0.00230	0.50956	0.00507	0.00335	0.00733
17	0.01528	0.17048	0.03241	0.02104	0.02649	0.05597	0.49367	0.04550	0.01427	0.01852	0.01118	0.01445	0.00877	0.00545	0.00685	0.00187	0.04073	0.00603	0.00305	0.00799
18	0.01401	0.01183	0.04832	0.03023	0.01638	0.00883	0.03981	0.01699	0.01304	0.09588	0.01212	0.01357	0.00946	0.00489	0.00484	0.00112	0.00507	0.00406	0.00387	0.64567
19	0.01584	0.08270	0.13286	0.01901	0.04469	0.01529	0.32088	0.11296	0.06670	0.07101	0.04766	0.01694	0.01218	0.00617	0.00631	0.00190	0.00806	0.00620	0.00399	0.00864
20	0.00875	0.00583	0.00656	0.00656	0.00656	0.00583	0.00365	0.00875	0.00875	0.01166	0.01895	0.03937	0.02187	0.78858	0.03062	0.00583	0.00583	0.00875	0.00365	0.00365
21	0.01045	0.00522	0.00784	0.00784	0.00784	0.00522	0.00522	0.00784	0.00784	0.01045	0.01045	0.01829	0.01045	0.02090	0.02351	0.82497	0.00522	0.00522	0.00261	0.00261
22	0.49557	0.01244	0.01541	0.11320	0.15968	0.01379	0.07495	0.01768	0.01149	0.02340	0.00958	0.01214	0.00752	0.00555	0.00475	0.00188	0.00606	0.00427	0.00338	0.00726
23	0.01307	0.01067	0.01254	0.00898	0.01430	0.00805	0.00720	0.01573	0.01267	0.04996	0.01123	0.01280	0.00916	0.00458	0.00452	0.00093	0.00448	0.00367	0.00372	0.79172
24	0.02320	0.06500	0.01509	0.01059	0.01527	0.01047	0.00881	0.07336	0.03180	0.51836	0.03852	0.01885	0.01437	0.00699	0.00570	0.00169	0.00515	0.00560	0.00642	0.12478
25	0.01420	0.01623	0.03550	0.02535	0.03144	0.01521	0.72921	0.01927	0.01420	0.01927	0.01217	0.01623	0.00913	0.00507	0.00710	0.00203	0.01014	0.00710	0.00304	0.00811
26	0.00853	0.00654	0.00789	0.00765	0.00935	0.00608	0.00586	0.01171	0.05327	0.02142	0.45550	0.04930	0.25461	0.01327	0.00714	0.00201	0.00321	0.06476	0.00621	0.00569
27	0.21039	0.01444	0.07669	0.14644	0.26365	0.01391	0.09341	0.03244	0.02754	0.05003	0.01138	0.01419	0.00877	0.00569	0.00555	0.00188	0.00702	0.00503	0.00338	0.00817
28	0.02699	0.01024	0.01396	0.01070	0.01536	0.00884	0.00884	0.02932	0.01722	0.75522	0.02373	0.02048	0.01489	0.00745	0.00605	0.00186	0.00512	0.00605	0.00745	0.01024
29	0.00812	0.00585	0.00769	0.00784	0.00890	0.00542	0.00565	0.01037	0.01521	0.02123	0.51177	0.28930	0.05115	0.01446	0.00729	0.00207	0.00305	0.01293	0.00628	0.00542
30	0.00740	0.00528	0.00706	0.00845	0.00883	0.00494	0.00570	0.00849	0.01158	0.01543	0.03312	0.76466	0.03964	0.01878	0.00770	0.00245	0.00355	0.03645	0.00558	0.00490
31	0.35635	0.01513	0.11297	0.08568	0.01860	0.03137	0.04291	0.01693	0.01076	0.02063	0.00897	0.01204	0.00734	0.00705	0.00899	0.00210	0.22775	0.00437	0.00311	0.00694
