[name]
unknown

[dist]
# distance from previous block
# <min> <max>
2	37

[block]
# block no. 0 follows, 40 sequences, length 18
# corresponding to MSA columns:
# 57-74
name=unknown_A
#
# <colnr> <probs for GDERKNQSTAVLIFYWHMCP>
#	G	D	E	R	K	N	Q	S	T	A	V	L	I	F	Y	W	H	M	C	P
0	0.01136	0.00936	0.01046	0.01026	0.01231	0.01036	0.00760	0.02130	0.43839	0.02034	0.02720	0.34580	0.02647	0.01224	0.00655	0.00214	0.00409	0.01076	0.00570	0.00732
1	0.01742	0.01378	0.01745	0.33670	0.02730	0.01588	0.01320	0.43482	0.02073	0.02748	0.01244	0.01461	0.00899	0.00649	0.00582	0.00183	0.00697	0.00521	0.00446	0.00845
2	0.00836	0.00577	0.00694	0.00675	0.00733	0.00557	0.00435	0.00952	0.01183	0.01634	0.32888	0.04032	0.03534	0.46581	0.02003	0.00403	0.00442	0.00932	0.00473	0.00435
3	0.00846	0.00564	0.00634	0.00634	0.00634	0.00564	0.00352	0.00846	0.00846	0.01128	0.01832	0.03805	0.02114	0.79563	0.02960	0.00564	0.00564	0.00846	0.00352	0.00352
4	0.00696	0.00554	0.00625	0.00682	0.00810	0.00483	0.00483	0.00824	0.01236	0.01535	0.04761	0.36564	0.45461	0.01620	0.00710	0.00213	0.00313	0.01407	0.00540	0.00483
5	0.01132	0.01970	0.44563	0.01188	0.01743	0.01010	0.01415	0.01637	0.01224	0.01979	0.01403	0.01623	0.01054	0.00605	0.00491	0.00164	0.00612	0.00477	0.34984	0.00726
6	0.01831	0.46968	0.02499	0.01139	0.01623	0.02092	0.01041	0.32149	0.01835	0.02335	0.01056	0.01128	0.00848	0.00582	0.00461	0.00145	0.00629	0.00400	0.00389	0.00848
7	0.01496	0.00758	0.00909	0.00777	0.01080	0.00644	0.00616	0.01676	0.01468	0.33036	0.04377	0.04074	0.44448	0.01156	0.00644	0.00189	0.00379	0.00957	0.00616	0.00701
8	0.00872	0.00728	0.01125	0.33364	0.02174	0.00817	0.00992	0.01094	0.01134	0.01485	0.02291	0.46513	0.02554	0.01300	0.00675	0.00218	0.00522	0.01175	0.00421	0.00545
9	0.00709	0.00506	0.00675	0.00810	0.00843	0.00472	0.00540	0.00810	0.01113	0.01484	0.03205	0.79184	0.03846	0.01822	0.00742	0.00236	0.00337	0.01653	0.00540	0.00472
10	0.01667	0.01422	0.01766	0.01447	0.01643	0.01791	0.01202	0.31951	0.01666	0.02353	0.01030	0.01324	0.00858	0.00883	0.01350	0.00221	0.45733	0.00515	0.00392	0.00785
11	0.36045	0.01274	0.01727	0.02389	0.44453	0.01349	0.01299	0.01753	0.01183	0.02198	0.00974	0.01231	0.00799	0.00527	0.00485	0.00176	0.00589	0.00433	0.00318	0.00799
12	0.01161	0.01034	0.01432	0.33393	0.02484	0.00993	0.01079	0.01473	0.01188	0.01723	0.01034	0.01351	0.00825	0.00494	0.00494	0.00131	0.00576	0.00417	0.00308	0.48411
13	0.01296	0.01235	0.02101	0.34962	0.45665	0.01344	0.01713	0.01659	0.01256	0.01726	0.01068	0.01486	0.00860	0.00545	0.00578	0.00182	0.00726	0.00518	0.00275	0.00805
14	0.01206	0.01034	0.01206	0.00861	0.01378	0.00775	0.00689	0.01464	0.01206	0.01895	0.01034	0.01206	0.00861	0.00431	0.00431	0.00086	0.00431	0.00345	0.00345	0.83118
15	0.01341	0.00979	0.01125	0.01032	0.01247	0.01032	0.00778	0.31609	0.01795	0.02402	0.02444	0.46448	0.02644	0.01349	0.00675	0.00210	0.00465	0.01178	0.00557	0.00690
16	0.35847	0.01072	0.01370	0.45593	0.02793	0.01297	0.01200	0.01580	0.01090	0.01959	0.00939	0.01295	0.00714	0.00564	0.00488	0.00188	0.00638	0.00432	0.00301	0.00639
17	0.01138	0.02177	0.45069	0.33855	0.03143	0.01326	0.01924	0.01692	0.01200	0.01692	0.01039	0.01364	0.00753	0.00565	0.00565	0.00188	0.00824	0.00466	0.00251	0.00770

[dist]
# distance from previous block
# <min> <max>
6	10

[block]
# block no. 1 follows, 40 sequences, length 17
# corresponding to MSA columns:
# 85-101
name=unknown_B
#
# <colnr> <probs for GDERKNQSTAVLIFYWHMCP>
#	G	D	E	R	K	N	Q	S	T	A	V	L	I	F	Y	W	H	M	C	P
0	0.29815	0.01061	0.01208	0.00978	0.01367	0.01082	0.00806	0.02377	0.03835	0.44503	0.01704	0.01594	0.01137	0.00679	0.00589	0.00185	0.05178	0.00492	0.00566	0.00845
1	0.02222	0.01976	0.01689	0.01374	0.01782	0.27171	0.01096	0.45549	0.02304	0.07287	0.01283	0.01314	0.00935	0.00666	0.00563	0.00167	0.00769	0.00477	0.00495	0.00883
2	0.01098	0.01034	0.01744	0.78165	0.04005	0.01292	0.01615	0.01486	0.01163	0.01486	0.01034	0.01550	0.00775	0.00581	0.00581	0.00194	0.00775	0.00517	0.00258	0.00646
3	0.01438	0.00736	0.00988	0.00871	0.01113	0.00665	0.00695	0.01695	0.01618	0.27214	0.42898	0.03791	0.03886	0.01077	0.00665	0.00191	0.00378	0.08730	0.00655	0.00696
4	0.01206	0.01034	0.01206	0.00861	0.01378	0.00775	0.00689	0.01464	0.01206	0.01895	0.01034	0.01206	0.00861	0.00431	0.00431	0.00086	0.00431	0.00345	0.00345	0.83118
5	0.00706	0.00517	0.00664	0.00782	0.00836	0.00475	0.00527	0.00813	0.01140	0.01495	0.03545	0.69880	0.12931	0.01778	0.00735	0.00231	0.00332	0.01599	0.00540	0.00475
6	0.01349	0.00669	0.00902	0.00886	0.01060	0.00601	0.00646	0.01492	0.01299	0.26717	0.02898	0.53159	0.03035	0.01450	0.00689	0.00217	0.00390	0.01293	0.00600	0.00647
7	0.01711	0.40721	0.14845	0.01221	0.01768	0.01975	0.01224	0.26115	0.01713	0.02221	0.01046	0.01138	0.00826	0.00574	0.00473	0.00151	0.00668	0.00402	0.00360	0.00847
8	0.00921	0.00761	0.01207	0.26968	0.02038	0.00917	0.01026	0.01189	0.01012	0.01396	0.01381	0.02037	0.01225	0.03087	0.51411	0.00685	0.01294	0.00587	0.00294	0.00562
9	0.55873	0.01094	0.00973	0.00797	0.01210	0.01126	0.00650	0.01627	0.01063	0.02368	0.00885	0.01033	0.00708	0.00503	0.00384	0.00148	0.00443	0.00325	0.00355	0.28436
10	0.28755	0.00792	0.00908	0.00877	0.01067	0.00922	0.00694	0.01265	0.00953	0.01774	0.01306	0.01833	0.01176	0.03073	0.51337	0.00680	0.01184	0.00519	0.00328	0.00556
11	0.01545	0.01234	0.01388	0.01022	0.01521	0.01122	0.00829	0.25914	0.01721	0.02492	0.01156	0.01270	0.00904	0.00521	0.00482	0.00116	0.00501	0.00405	0.00424	0.55433
12	0.00840	0.00684	0.01035	0.26886	0.01909	0.00749	0.00902	0.01038	0.01130	0.01485	0.02473	0.53014	0.02811	0.01404	0.00688	0.00222	0.00485	0.01270	0.00445	0.00531
13	0.00887	0.00640	0.00868	0.00935	0.01073	0.00621	0.00784	0.01152	0.01442	0.01932	0.27662	0.05769	0.07338	0.01460	0.00758	0.00236	0.00437	0.44899	0.00571	0.00538
14	0.01165	0.00868	0.00982	0.00754	0.01142	0.00697	0.00594	0.01427	0.01210	0.01987	0.01325	0.01530	0.01073	0.00514	0.00423	0.00103	0.00377	0.00411	0.28137	0.55282
15	0.29194	0.01184	0.01155	0.01017	0.01372	0.01335	0.00806	0.02517	0.42683	0.05341	0.01759	0.01691	0.01321	0.00681	0.00504	0.00184	0.00456	0.00520	0.00504	0.05777
16	0.01358	0.27644	0.01845	0.00923	0.01431	0.01325	0.00806	0.04046	0.01250	0.01778	0.00970	0.01120	0.00827	0.00462	0.00416	0.00102	0.00502	0.00339	0.00320	0.52533

[dist]
# distance from previous block
# <min> <max>
6	8

[block]
# block no. 2 follows, 40 sequences, length 7
# corresponding to MSA columns:
# 110-116
name=unknown_C
#
# <colnr> <probs for GDERKNQSTAVLIFYWHMCP>
#	G	D	E	R	K	N	Q	S	T	A	V	L	I	F	Y	W	H	M	C	P
0	0.01172	0.01023	0.01421	0.01242	0.01289	0.01311	0.00994	0.01217	0.00897	0.01352	0.00977	0.05506	0.00995	0.01255	0.01807	0.20551	0.48401	0.00554	0.00277	0.07760
1	0.05745	0.01120	0.01483	0.01536	0.19658	0.00959	0.00969	0.01676	0.01264	0.08456	0.01147	0.01317	0.00914	0.00483	0.00476	0.00121	0.00501	0.00407	0.00364	0.51405
2	0.00709	0.00506	0.00675	0.00810	0.00843	0.00472	0.00540	0.00810	0.01113	0.01484	0.03205	0.79184	0.03846	0.01822	0.00742	0.00236	0.00337	0.01653	0.00540	0.00472
3	0.21485	0.01253	0.01649	0.01393	0.01515	0.01646	0.05306	0.01502	0.00943	0.01723	0.00799	0.01209	0.00737	0.00870	0.01458	0.00233	0.54880	0.00472	0.00283	0.00643
4	0.01356	0.01296	0.02209	0.21863	0.58295	0.01360	0.01743	0.01711	0.01285	0.01798	0.01079	0.01467	0.00885	0.00534	0.00577	0.00178	0.00712	0.00518	0.00281	0.00854
5	0.31823	0.01093	0.01107	0.00855	0.01309	0.01022	0.00694	0.04942	0.01217	0.05652	0.01025	0.01153	0.00808	0.00497	0.00418	0.00129	0.00450	0.00353	0.00378	0.45074
6	0.01704	0.38903	0.23328	0.01191	0.01779	0.01679	0.01285	0.02038	0.01313	0.19887	0.01239	0.01273	0.00914	0.00567	0.00476	0.00155	0.00658	0.00412	0.00363	0.00838

[dist]
# distance from previous block
# <min> <max>
3	13

[block]
# block no. 3 follows, 40 sequences, length 8
# corresponding to MSA columns:
# 132-139
name=unknown_D
#
# <colnr> <probs for GDERKNQSTAVLIFYWHMCP>
#	G	D	E	R	K	N	Q	S	T	A	V	L	I	F	Y	W	H	M	C	P
0	0.01759	0.01261	0.01385	0.01181	0.01551	0.01398	0.00937	0.13588	0.51630	0.15261	0.02210	0.02022	0.01601	0.00764	0.00589	0.00191	0.00493	0.00625	0.00612	0.00942
1	0.02108	0.01472	0.01623	0.01235	0.01707	0.01550	0.01017	0.55649	0.02395	0.11389	0.01442	0.01433	0.01020	0.00662	0.00560	0.00162	0.00594	0.00504	0.00562	0.12914
2	0.77882	0.01257	0.06165	0.00827	0.01222	0.01308	0.00736	0.01719	0.01006	0.02555	0.00826	0.00965	0.00637	0.00541	0.00373	0.00180	0.00479	0.00323	0.00352	0.00646
3	0.01059	0.00940	0.01085	0.13196	0.01595	0.09620	0.00927	0.01326	0.01428	0.01829	0.24550	0.08310	0.03315	0.01212	0.00697	0.00215	0.00543	0.27087	0.00496	0.00570
4	0.01225	0.01431	0.13433	0.01237	0.01760	0.01052	0.09178	0.01562	0.01194	0.01830	0.01022	0.01257	0.00833	0.00519	0.00637	0.00132	0.08919	0.00414	0.00314	0.52051
5	0.01048	0.00945	0.00938	0.00936	0.01086	0.12693	0.00724	0.01281	0.01517	0.01960	0.39494	0.13008	0.04078	0.01261	0.00693	0.00202	0.00461	0.16566	0.00552	0.00557
6	0.01251	0.01121	0.01552	0.13288	0.01992	0.00997	0.08691	0.03998	0.04676	0.01911	0.01123	0.01350	0.00896	0.00486	0.00494	0.00123	0.00552	0.00429	0.00345	0.54725
7	0.15208	0.00955	0.01193	0.00966	0.01353	0.00881	0.00783	0.02421	0.01494	0.55977	0.02165	0.10790	0.01591	0.00819	0.00568	0.00186	0.00469	0.00666	0.00642	0.00873

[dist]
# distance from previous block
# <min> <max>
0	162

# created by:
# /software/SequenceAnalysis/GenePrediction/augustus/3.0.1/scripts/msa2prfl.pl ./fixed/BUSCOvEOG75X9B3.fas
