[name]
unknown

[dist]
# distance from previous block
# <min> <max>
0	327

[block]
# block no. 0 follows, 40 sequences, length 46
# corresponding to MSA columns:
# 380-425
name=unknown_A
#
# <colnr> <probs for GDERKNQSTAVLIFYWHMCP>
#	G	D	E	R	K	N	Q	S	T	A	V	L	I	F	Y	W	H	M	C	P
0	0.00859	0.00622	0.00842	0.00963	0.01079	0.00605	0.00795	0.01075	0.01283	0.01663	0.03368	0.24086	0.10109	0.01646	0.00778	0.00254	0.00465	0.48456	0.00537	0.00516
1	0.83671	0.01125	0.00855	0.00765	0.01125	0.01305	0.00630	0.01709	0.00990	0.02609	0.00810	0.00945	0.00630	0.00540	0.00360	0.00180	0.00450	0.00315	0.00360	0.00630
2	0.02156	0.04936	0.01693	0.01475	0.01789	0.71213	0.01119	0.05970	0.01690	0.01536	0.00922	0.01063	0.00761	0.00601	0.00523	0.00150	0.01015	0.00380	0.00313	0.00692
3	0.01063	0.00731	0.00824	0.00759	0.00848	0.00762	0.00499	0.12155	0.01193	0.01626	0.05212	0.03319	0.02041	0.56855	0.06187	0.00488	0.00601	0.00783	0.03579	0.00475
4	0.01362	0.01644	0.07274	0.02409	0.03012	0.01464	0.70057	0.01862	0.01365	0.01862	0.01169	0.01551	0.00875	0.00493	0.00679	0.00195	0.00974	0.00673	0.00292	0.00788
5	0.00709	0.00506	0.00675	0.00810	0.00843	0.00472	0.00540	0.00810	0.01113	0.01484	0.03205	0.79184	0.03846	0.01822	0.00742	0.00236	0.00337	0.01653	0.00540	0.00472
6	0.00823	0.00594	0.00777	0.00732	0.00869	0.00549	0.00549	0.01097	0.01646	0.02332	0.75629	0.04344	0.05487	0.01189	0.00686	0.00183	0.00274	0.01052	0.00640	0.00549
7	0.01423	0.01365	0.02332	0.07046	0.72583	0.01378	0.01777	0.01771	0.01317	0.01881	0.01091	0.01444	0.00914	0.00521	0.00576	0.00174	0.00695	0.00518	0.00286	0.00908
8	0.01161	0.06112	0.69916	0.01590	0.02396	0.01349	0.02025	0.01789	0.01220	0.01805	0.01135	0.04869	0.00883	0.00610	0.00554	0.00184	0.00825	0.00482	0.00259	0.00837
9	0.00687	0.00589	0.00589	0.00589	0.00785	0.00491	0.00442	0.00835	0.01325	0.01571	0.05891	0.05596	0.75700	0.01473	0.00687	0.00196	0.00295	0.01227	0.00540	0.00491
10	0.01860	0.00864	0.01116	0.00943	0.01264	0.00787	0.00744	0.02193	0.08265	0.44040	0.09290	0.14458	0.09582	0.01012	0.00629	0.00192	0.00428	0.00861	0.00655	0.00815
11	0.01495	0.68067	0.14369	0.01097	0.01650	0.02155	0.01173	0.01757	0.01189	0.01441	0.00845	0.00978	0.00745	0.00506	0.00401	0.00134	0.00658	0.00329	0.00248	0.00764
12	0.01166	0.03008	0.76550	0.01657	0.02517	0.01351	0.02149	0.01842	0.01228	0.01842	0.01044	0.01228	0.00737	0.00552	0.00552	0.00184	0.00859	0.00430	0.00246	0.00859
13	0.01555	0.79913	0.03047	0.00995	0.01493	0.02301	0.00995	0.01741	0.01182	0.01368	0.00808	0.00933	0.00746	0.00498	0.00373	0.00124	0.00622	0.00311	0.00249	0.00746
14	0.01282	0.01031	0.01201	0.00873	0.01369	0.00803	0.00700	0.04208	0.01290	0.05414	0.01354	0.01473	0.04719	0.00507	0.00457	0.00099	0.00435	0.00408	0.00381	0.71995
15	0.06238	0.01863	0.01509	0.01280	0.01639	0.30625	0.01004	0.22170	0.09766	0.11019	0.06057	0.01576	0.01298	0.00695	0.00556	0.00169	0.00729	0.00510	0.00483	0.00814
16	0.01279	0.01337	0.02415	0.01960	0.06018	0.01527	0.31423	0.01577	0.01118	0.01614	0.01031	0.01504	0.00889	0.01102	0.08758	0.00293	0.34581	0.00594	0.00278	0.00701
17	0.00935	0.00619	0.00813	0.00751	0.00908	0.00568	0.00568	0.01207	0.01647	0.06992	0.71011	0.04195	0.05232	0.01159	0.00680	0.00183	0.00288	0.01022	0.00645	0.00576
18	0.02172	0.02772	0.01648	0.01498	0.01798	0.77228	0.01124	0.02322	0.01648	0.01423	0.00899	0.01049	0.00749	0.00599	0.00524	0.00150	0.01049	0.00375	0.00300	0.00674
19	0.01020	0.00714	0.00867	0.00869	0.01022	0.00699	0.00642	0.09708	0.03641	0.05402	0.11545	0.41538	0.13305	0.01475	0.00701	0.00215	0.00382	0.05103	0.00566	0.00586
20	0.01038	0.00777	0.00916	0.00819	0.01023	0.00766	0.00631	0.12358	0.04500	0.02418	0.50149	0.04012	0.16038	0.01144	0.00667	0.00184	0.00341	0.00984	0.00613	0.00621
21	0.02172	0.02772	0.01648	0.01498	0.01798	0.77228	0.01124	0.02322	0.01648	0.01423	0.00899	0.01049	0.00749	0.00599	0.00524	0.00150	0.01049	0.00375	0.00300	0.00674
22	0.55149	0.06121	0.01433	0.01063	0.01467	0.01323	0.11945	0.01817	0.01148	0.09297	0.03803	0.01264	0.00933	0.00571	0.00444	0.00179	0.00540	0.00425	0.00387	0.00692
23	0.01491	0.67356	0.15049	0.01103	0.01660	0.02146	0.01183	0.01758	0.01189	0.01445	0.00847	0.00981	0.00745	0.00506	0.00402	0.00134	0.00661	0.00330	0.00248	0.00765
24	0.83671	0.01125	0.00855	0.00765	0.01125	0.01305	0.00630	0.01709	0.00990	0.02609	0.00810	0.00945	0.00630	0.00540	0.00360	0.00180	0.00450	0.00315	0.00360	0.00630
25	0.02609	0.00990	0.01350	0.01035	0.01484	0.00855	0.00855	0.02834	0.01664	0.76338	0.02294	0.01979	0.01439	0.00720	0.00585	0.00180	0.00495	0.00585	0.00720	0.00990
26	0.01764	0.01407	0.01494	0.01248	0.01633	0.01595	0.00997	0.32593	0.44865	0.02945	0.01963	0.01848	0.01448	0.00751	0.00588	0.00188	0.00535	0.00602	0.00588	0.00949
27	0.01200	0.01034	0.01234	0.04924	0.01516	0.00802	0.00738	0.01465	0.01204	0.01873	0.01034	0.01224	0.00857	0.00439	0.00439	0.00092	0.00449	0.00354	0.00340	0.78784
28	0.00709	0.00506	0.00675	0.00810	0.00843	0.00472	0.00540	0.00810	0.01113	0.01484	0.03205	0.79184	0.03846	0.01822	0.00742	0.00236	0.00337	0.01653	0.00540	0.00472
29	0.00937	0.00669	0.00937	0.01071	0.01205	0.00669	0.00937	0.01205	0.01339	0.01740	0.03079	0.06560	0.03347	0.01606	0.00803	0.00268	0.00535	0.72021	0.00535	0.00535
30	0.00749	0.00551	0.00701	0.00805	0.00884	0.00513	0.00580	0.00882	0.01178	0.01527	0.03615	0.49902	0.16936	0.05344	0.00846	0.00249	0.00373	0.13353	0.00530	0.00481
31	0.02609	0.00990	0.01350	0.01035	0.01484	0.00855	0.00855	0.02834	0.01664	0.76338	0.02294	0.01979	0.01439	0.00720	0.00585	0.00180	0.00495	0.00585	0.00720	0.00990
32	0.02609	0.00990	0.01350	0.01035	0.01484	0.00855	0.00855	0.02834	0.01664	0.76338	0.02294	0.01979	0.01439	0.00720	0.00585	0.00180	0.00495	0.00585	0.00720	0.00990
33	0.00823	0.00594	0.00777	0.00732	0.00869	0.00549	0.00549	0.01097	0.01646	0.02332	0.75629	0.04344	0.05487	0.01189	0.00686	0.00183	0.00274	0.01052	0.00640	0.00549
34	0.01428	0.01153	0.01280	0.01177	0.01475	0.01294	0.00953	0.13508	0.44116	0.02437	0.02408	0.03224	0.02074	0.00993	0.00647	0.00213	0.00508	0.19709	0.00575	0.00828
35	0.83671	0.01125	0.00855	0.00765	0.01125	0.01305	0.00630	0.01709	0.00990	0.02609	0.00810	0.00945	0.00630	0.00540	0.00360	0.00180	0.00450	0.00315	0.00360	0.00630
36	0.01373	0.01553	0.03343	0.02482	0.06420	0.01474	0.68759	0.01848	0.01359	0.01854	0.01163	0.01556	0.00881	0.00504	0.00710	0.00196	0.02771	0.00674	0.00293	0.00787
37	0.00709	0.00506	0.00675	0.00810	0.00843	0.00472	0.00540	0.00810	0.01113	0.01484	0.03205	0.79184	0.03846	0.01822	0.00742	0.00236	0.00337	0.01653	0.00540	0.00472
38	0.01467	0.05498	0.16489	0.01091	0.01656	0.01065	0.01053	0.05625	0.04784	0.11910	0.01274	0.01354	0.00957	0.00528	0.00488	0.00130	0.00548	0.00416	0.00394	0.43274
39	0.00726	0.00520	0.00691	0.00798	0.00847	0.00484	0.00541	0.00854	0.01195	0.01615	0.14361	0.67656	0.04099	0.01724	0.00734	0.00228	0.00328	0.01561	0.00555	0.00484
40	0.00814	0.00594	0.00765	0.00723	0.00864	0.00545	0.00542	0.01081	0.01626	0.02284	0.71238	0.04423	0.09908	0.01207	0.00686	0.00184	0.00276	0.01063	0.00634	0.00545
41	0.01366	0.01612	0.05619	0.02427	0.03024	0.01467	0.71679	0.01862	0.01368	0.01862	0.01172	0.01558	0.00878	0.00492	0.00682	0.00196	0.00977	0.00679	0.00293	0.00787
42	0.00709	0.00506	0.00675	0.00810	0.00843	0.00472	0.00540	0.00810	0.01113	0.01484	0.03205	0.79184	0.03846	0.01822	0.00742	0.00236	0.00337	0.01653	0.00540	0.00472
43	0.00744	0.00531	0.00715	0.00850	0.00899	0.00503	0.00601	0.00871	0.01148	0.01524	0.03186	0.67997	0.03769	0.01789	0.00752	0.00241	0.00368	0.12492	0.00539	0.00482
44	0.00820	0.00592	0.00774	0.00734	0.00868	0.00547	0.00548	0.01089	0.01631	0.02308	0.73615	0.06425	0.05441	0.01206	0.00687	0.00184	0.00276	0.01068	0.00637	0.00547
45	0.01285	0.13491	0.61738	0.01546	0.02331	0.01510	0.01924	0.06371	0.01316	0.01891	0.01033	0.01198	0.00754	0.00554	0.00530	0.00175	0.00813	0.00419	0.00267	0.00852

[dist]
# distance from previous block
# <min> <max>
0	1

[block]
# block no. 1 follows, 40 sequences, length 27
# corresponding to MSA columns:
# 427-453
name=unknown_B
#
# <colnr> <probs for GDERKNQSTAVLIFYWHMCP>
#	G	D	E	R	K	N	Q	S	T	A	V	L	I	F	Y	W	H	M	C	P
0	0.01486	0.01618	0.01797	0.07476	0.08164	0.19532	0.01307	0.01657	0.01127	0.01455	0.00844	0.01255	0.00774	0.00843	0.01367	0.00218	0.47664	0.00479	0.00268	0.00670
1	0.02533	0.00973	0.01325	0.01022	0.01458	0.00842	0.00842	0.02760	0.01664	0.73201	0.05403	0.02080	0.01611	0.00740	0.00589	0.00180	0.00485	0.00605	0.00716	0.00971
2	0.01533	0.75666	0.07106	0.01032	0.01549	0.02249	0.01059	0.01747	0.01184	0.01394	0.00821	0.00949	0.00746	0.00501	0.00383	0.00128	0.00635	0.00318	0.00249	0.00753
3	0.00795	0.00601	0.00739	0.00726	0.00881	0.00545	0.00560	0.01031	0.01516	0.02039	0.46789	0.04963	0.26228	0.01320	0.00699	0.00196	0.00309	0.08934	0.00599	0.00530
4	0.01617	0.72129	0.02906	0.01046	0.01523	0.09861	0.01008	0.01800	0.01229	0.01374	0.00818	0.00945	0.00747	0.00508	0.00388	0.00127	0.00665	0.00317	0.00254	0.00739
5	0.01409	0.01351	0.02306	0.10101	0.69637	0.01374	0.01770	0.01759	0.01310	0.01864	0.01089	0.01449	0.00908	0.00524	0.00576	0.00175	0.00698	0.00518	0.00285	0.00897
6	0.01373	0.01569	0.03431	0.02451	0.03039	0.01471	0.73824	0.01863	0.01373	0.01863	0.01176	0.01569	0.00882	0.00490	0.00686	0.00196	0.00980	0.00686	0.00294	0.00784
7	0.01555	0.79913	0.03047	0.00995	0.01493	0.02301	0.00995	0.01741	0.01182	0.01368	0.00808	0.00933	0.00746	0.00498	0.00373	0.00124	0.00622	0.00311	0.00249	0.00746
8	0.13919	0.01716	0.01604	0.01278	0.01705	0.12288	0.01039	0.53571	0.02331	0.03199	0.01242	0.01283	0.00904	0.00661	0.00542	0.00172	0.00670	0.00473	0.00510	0.00893
9	0.01045	0.00644	0.00849	0.00769	0.00945	0.00587	0.00587	0.01314	0.01648	0.11549	0.66496	0.04049	0.04983	0.01130	0.00673	0.00183	0.00302	0.00994	0.00650	0.00604
10	0.01272	0.01272	0.01781	0.01527	0.01527	0.01781	0.01272	0.01399	0.00891	0.01399	0.00763	0.01272	0.00763	0.01018	0.01908	0.00254	0.78499	0.00509	0.00254	0.00636
11	0.79991	0.01118	0.00877	0.00777	0.01141	0.01284	0.00640	0.01760	0.01020	0.05956	0.00877	0.00992	0.00667	0.00548	0.00370	0.00180	0.00452	0.00327	0.00376	0.00646
12	0.01010	0.00505	0.00758	0.00758	0.00758	0.00505	0.00505	0.00758	0.00758	0.01010	0.01010	0.01768	0.01010	0.02020	0.02273	0.83081	0.00505	0.00505	0.00253	0.00253
13	0.01446	0.01249	0.01315	0.01183	0.01512	0.01446	0.00920	0.03090	0.74885	0.02433	0.02367	0.02170	0.01775	0.00789	0.00592	0.00197	0.00460	0.00657	0.00592	0.00920
14	0.02609	0.00990	0.01350	0.01035	0.01484	0.00855	0.00855	0.02834	0.01664	0.76338	0.02294	0.01979	0.01439	0.00720	0.00585	0.00180	0.00495	0.00585	0.00720	0.00990
15	0.00709	0.00506	0.00675	0.00810	0.00843	0.00472	0.00540	0.00810	0.01113	0.01484	0.03205	0.79184	0.03846	0.01822	0.00742	0.00236	0.00337	0.01653	0.00540	0.00472
16	0.00937	0.00669	0.00937	0.01071	0.01205	0.00669	0.00937	0.01205	0.01339	0.01740	0.03079	0.06560	0.03347	0.01606	0.00803	0.00268	0.00535	0.72021	0.00535	0.00535
17	0.01373	0.01569	0.03431	0.02451	0.03039	0.01471	0.73824	0.01863	0.01373	0.01863	0.01176	0.01569	0.00882	0.00490	0.00686	0.00196	0.00980	0.00686	0.00294	0.00784
18	0.02609	0.00990	0.01350	0.01035	0.01484	0.00855	0.00855	0.02834	0.01664	0.76338	0.02294	0.01979	0.01439	0.00720	0.00585	0.00180	0.00495	0.00585	0.00720	0.00990
19	0.01446	0.01249	0.01315	0.01183	0.01512	0.01446	0.00920	0.03090	0.74885	0.02433	0.02367	0.02170	0.01775	0.00789	0.00592	0.00197	0.00460	0.00657	0.00592	0.00920
20	0.00831	0.00623	0.00935	0.00935	0.01038	0.00727	0.00727	0.01038	0.00935	0.01350	0.01558	0.02285	0.01454	0.04361	0.77259	0.00935	0.01558	0.00623	0.00312	0.00519
21	0.01272	0.01272	0.01781	0.01527	0.01527	0.01781	0.01272	0.01399	0.00891	0.01399	0.00763	0.01272	0.00763	0.01018	0.01908	0.00254	0.78499	0.00509	0.00254	0.00636
22	0.83671	0.01125	0.00855	0.00765	0.01125	0.01305	0.00630	0.01709	0.00990	0.02609	0.00810	0.00945	0.00630	0.00540	0.00360	0.00180	0.00450	0.00315	0.00360	0.00630
23	0.02197	0.02666	0.01807	0.01611	0.01932	0.67063	0.05493	0.02317	0.01709	0.01620	0.01328	0.01538	0.04499	0.00747	0.00615	0.00187	0.01051	0.00492	0.00370	0.00759
24	0.01632	0.01488	0.02378	0.07040	0.66168	0.01486	0.01780	0.06188	0.01503	0.02136	0.01278	0.01672	0.01078	0.00647	0.00648	0.00205	0.00744	0.00572	0.00363	0.00992
25	0.01406	0.13430	0.60194	0.01777	0.06849	0.01566	0.02004	0.01931	0.01332	0.01933	0.01185	0.01436	0.00914	0.00657	0.00602	0.00206	0.00865	0.00475	0.00309	0.00930
26	0.00919	0.00721	0.00788	0.00764	0.00951	0.00619	0.00560	0.01061	0.01541	0.02000	0.30686	0.05269	0.48899	0.01461	0.00756	0.00222	0.00351	0.01199	0.00628	0.00604

[dist]
# distance from previous block
# <min> <max>
0	1

[block]
# block no. 2 follows, 40 sequences, length 15
# corresponding to MSA columns:
# 455-469
name=unknown_C
#
# <colnr> <probs for GDERKNQSTAVLIFYWHMCP>
#	G	D	E	R	K	N	Q	S	T	A	V	L	I	F	Y	W	H	M	C	P
0	0.00823	0.00594	0.00777	0.00732	0.00869	0.00549	0.00549	0.01097	0.01646	0.02332	0.75629	0.04344	0.05487	0.01189	0.00686	0.00183	0.00274	0.01052	0.00640	0.00549
1	0.01397	0.01325	0.02171	0.03198	0.65375	0.01336	0.01635	0.01841	0.07529	0.01926	0.01475	0.01738	0.05255	0.00595	0.00583	0.00176	0.00649	0.00570	0.00328	0.00897
2	0.00832	0.00618	0.00907	0.00907	0.01001	0.00712	0.00692	0.01021	0.00926	0.01329	0.01583	0.02425	0.01515	0.11309	0.70395	0.00900	0.01466	0.00644	0.00315	0.00504
3	0.00709	0.00506	0.00675	0.00810	0.00843	0.00472	0.00540	0.00810	0.01113	0.01484	0.03205	0.79184	0.03846	0.01822	0.00742	0.00236	0.00337	0.01653	0.00540	0.00472
4	0.00709	0.00506	0.00675	0.00810	0.00843	0.00472	0.00540	0.00810	0.01113	0.01484	0.03205	0.79184	0.03846	0.01822	0.00742	0.00236	0.00337	0.01653	0.00540	0.00472
5	0.02163	0.06605	0.01721	0.01433	0.01769	0.60821	0.01103	0.11120	0.01758	0.04841	0.01014	0.01124	0.00807	0.00611	0.00526	0.00153	0.00953	0.00398	0.00349	0.00730
6	0.01356	0.01537	0.03332	0.06910	0.03096	0.01460	0.69571	0.01841	0.01360	0.01841	0.01168	0.01568	0.00876	0.00496	0.00680	0.00196	0.00968	0.00676	0.00292	0.00776
7	0.83671	0.01125	0.00855	0.00765	0.01125	0.01305	0.00630	0.01709	0.00990	0.02609	0.00810	0.00945	0.00630	0.00540	0.00360	0.00180	0.00450	0.00315	0.00360	0.00630
8	0.02549	0.01003	0.01348	0.01042	0.01486	0.00886	0.00858	0.02847	0.05478	0.72489	0.02298	0.01989	0.01457	0.00723	0.00585	0.00181	0.00493	0.00589	0.00713	0.00986
9	0.01555	0.79913	0.03047	0.00995	0.01493	0.02301	0.00995	0.01741	0.01182	0.01368	0.00808	0.00933	0.00746	0.00498	0.00373	0.00124	0.00622	0.00311	0.00249	0.00746
10	0.00823	0.00594	0.00777	0.00732	0.00869	0.00549	0.00549	0.01097	0.01646	0.02332	0.75629	0.04344	0.05487	0.01189	0.00686	0.00183	0.00274	0.01052	0.00640	0.00549
11	0.01710	0.01538	0.01429	0.01255	0.01585	0.15186	0.00981	0.08422	0.48215	0.07318	0.01960	0.01859	0.01467	0.00751	0.00628	0.00188	0.03513	0.00585	0.00534	0.00875
12	0.00709	0.00506	0.00675	0.00810	0.00843	0.00472	0.00540	0.00810	0.01113	0.01484	0.03205	0.79184	0.03846	0.01822	0.00742	0.00236	0.00337	0.01653	0.00540	0.00472
13	0.01098	0.01034	0.01744	0.78165	0.04005	0.01292	0.01615	0.01486	0.01163	0.01486	0.01034	0.01550	0.00775	0.00581	0.00581	0.00194	0.00775	0.00517	0.00258	0.00646
14	0.02609	0.00990	0.01350	0.01035	0.01484	0.00855	0.00855	0.02834	0.01664	0.76338	0.02294	0.01979	0.01439	0.00720	0.00585	0.00180	0.00495	0.00585	0.00720	0.00990

[dist]
# distance from previous block
# <min> <max>
0	1

[block]
# block no. 3 follows, 40 sequences, length 35
# corresponding to MSA columns:
# 471-505
name=unknown_D
#
# <colnr> <probs for GDERKNQSTAVLIFYWHMCP>
#	G	D	E	R	K	N	Q	S	T	A	V	L	I	F	Y	W	H	M	C	P
0	0.01550	0.01455	0.02417	0.03599	0.74638	0.01439	0.01815	0.01858	0.01394	0.02002	0.01209	0.01596	0.01030	0.00596	0.00625	0.00194	0.00727	0.00555	0.00328	0.00976
1	0.02269	0.02820	0.01718	0.01566	0.01872	0.75882	0.01166	0.02385	0.01711	0.01534	0.01017	0.01212	0.00861	0.00676	0.00574	0.00171	0.01078	0.00414	0.00340	0.00733
2	0.82260	0.01203	0.00939	0.00846	0.01211	0.01363	0.00681	0.01784	0.01065	0.02698	0.00930	0.01110	0.00744	0.00617	0.00413	0.00201	0.00490	0.00355	0.00399	0.00690
3	0.00953	0.00711	0.01018	0.01013	0.01126	0.00796	0.00776	0.01125	0.01011	0.01462	0.01664	0.02425	0.01553	0.04368	0.75889	0.00942	0.01577	0.00658	0.00351	0.00581
4	0.01557	0.01325	0.01391	0.01257	0.01591	0.01502	0.00966	0.03139	0.73594	0.02525	0.02458	0.02312	0.01868	0.00862	0.00640	0.00218	0.00500	0.00691	0.00626	0.00975
5	0.02698	0.01071	0.01425	0.01111	0.01564	0.00921	0.00902	0.02888	0.01728	0.75064	0.02387	0.02126	0.01539	0.00794	0.00633	0.00201	0.00534	0.00620	0.00752	0.01043
6	0.00967	0.00653	0.00723	0.00718	0.00730	0.00636	0.00409	0.00936	0.00924	0.01244	0.01933	0.03918	0.02201	0.78179	0.02965	0.00578	0.00602	0.00876	0.00391	0.00418
7	0.01663	0.78534	0.03091	0.01072	0.01572	0.02341	0.01040	0.01815	0.01254	0.01480	0.00929	0.01099	0.00858	0.00576	0.00426	0.00147	0.00659	0.00351	0.00290	0.00804
8	0.00833	0.00596	0.00763	0.00890	0.00935	0.00546	0.00593	0.00901	0.01187	0.01594	0.03281	0.77902	0.03901	0.01876	0.00788	0.00256	0.00380	0.01669	0.00575	0.00535
9	0.00934	0.00682	0.00849	0.00802	0.00953	0.00616	0.00593	0.01163	0.01684	0.02366	0.68872	0.04545	0.11042	0.01277	0.00733	0.00205	0.00319	0.01092	0.00666	0.00606
10	0.01057	0.00756	0.01020	0.01147	0.01290	0.00739	0.00983	0.01289	0.01408	0.01845	0.03157	0.06621	0.03411	0.01664	0.00848	0.00287	0.00574	0.70735	0.00571	0.00597
11	0.00833	0.00596	0.00763	0.00890	0.00935	0.00546	0.00593	0.00901	0.01187	0.01594	0.03281	0.77902	0.03901	0.01876	0.00788	0.00256	0.00380	0.01669	0.00575	0.00535
12	0.00833	0.00596	0.00763	0.00890	0.00935	0.00546	0.00593	0.00901	0.01187	0.01594	0.03281	0.77902	0.03901	0.01876	0.00788	0.00256	0.00380	0.01669	0.00575	0.00535
13	0.02281	0.02477	0.01747	0.01518	0.01873	0.53241	0.01160	0.23900	0.02037	0.02207	0.01167	0.01317	0.00933	0.00705	0.00591	0.00179	0.00955	0.00458	0.00424	0.00828
14	0.01663	0.78534	0.03091	0.01072	0.01572	0.02341	0.01040	0.01815	0.01254	0.01480	0.00929	0.01099	0.00858	0.00576	0.00426	0.00147	0.00659	0.00351	0.00290	0.00804
15	0.01373	0.01112	0.01289	0.00947	0.01464	0.00846	0.00745	0.01594	0.01294	0.04763	0.01196	0.01395	0.00993	0.00521	0.00488	0.00112	0.00474	0.00393	0.00398	0.78601
16	0.01663	0.78534	0.03091	0.01072	0.01572	0.02341	0.01040	0.01815	0.01254	0.01480	0.00929	0.01099	0.00858	0.00576	0.00426	0.00147	0.00659	0.00351	0.00290	0.00804
17	0.01502	0.01237	0.01317	0.01176	0.01511	0.01418	0.00917	0.03078	0.71412	0.05938	0.02363	0.02161	0.01759	0.00786	0.00591	0.00196	0.00462	0.00654	0.00598	0.00924
18	0.01166	0.03008	0.76550	0.01657	0.02517	0.01351	0.02149	0.01842	0.01228	0.01842	0.01044	0.01228	0.00737	0.00552	0.00552	0.00184	0.00859	0.00430	0.00246	0.00859
19	0.00709	0.00506	0.00675	0.00810	0.00843	0.00472	0.00540	0.00810	0.01113	0.01484	0.03205	0.79184	0.03846	0.01822	0.00742	0.00236	0.00337	0.01653	0.00540	0.00472
20	0.00823	0.00594	0.00777	0.00732	0.00869	0.00549	0.00549	0.01097	0.01646	0.02332	0.75629	0.04344	0.05487	0.01189	0.00686	0.00183	0.00274	0.01052	0.00640	0.00549
21	0.01098	0.01034	0.01744	0.78165	0.04005	0.01292	0.01615	0.01486	0.01163	0.01486	0.01034	0.01550	0.00775	0.00581	0.00581	0.00194	0.00775	0.00517	0.00258	0.00646
22	0.00709	0.00506	0.00675	0.00810	0.00843	0.00472	0.00540	0.00810	0.01113	0.01484	0.03205	0.79184	0.03846	0.01822	0.00742	0.00236	0.00337	0.01653	0.00540	0.00472
23	0.00709	0.00506	0.00675	0.00810	0.00843	0.00472	0.00540	0.00810	0.01113	0.01484	0.03205	0.79184	0.03846	0.01822	0.00742	0.00236	0.00337	0.01653	0.00540	0.00472
24	0.02609	0.00990	0.01350	0.01035	0.01484	0.00855	0.00855	0.02834	0.01664	0.76338	0.02294	0.01979	0.01439	0.00720	0.00585	0.00180	0.00495	0.00585	0.00720	0.00990
25	0.05257	0.01572	0.01669	0.01288	0.01738	0.01740	0.01063	0.68711	0.02615	0.03572	0.01392	0.01406	0.00993	0.00691	0.00567	0.00173	0.00620	0.00516	0.03456	0.00960
26	0.01028	0.00638	0.00834	0.00760	0.00925	0.00584	0.00572	0.01280	0.01599	0.10690	0.62777	0.04042	0.04820	0.05912	0.00813	0.00206	0.00317	0.00986	0.00632	0.00587
27	0.01084	0.00542	0.00542	0.00542	0.00678	0.00542	0.00407	0.01355	0.01220	0.02168	0.01897	0.02168	0.01491	0.00678	0.00407	0.00136	0.00271	0.00542	0.82791	0.00542
28	0.00923	0.00659	0.00921	0.01055	0.01183	0.00657	0.00913	0.01181	0.01325	0.01725	0.03087	0.10986	0.03377	0.01620	0.00799	0.00266	0.00523	0.67733	0.00536	0.00532
29	0.01373	0.01569	0.03431	0.02451	0.03039	0.01471	0.73824	0.01863	0.01373	0.01863	0.01176	0.01569	0.00882	0.00490	0.00686	0.00196	0.00980	0.00686	0.00294	0.00784
30	0.00830	0.00599	0.00787	0.00752	0.00889	0.00556	0.00572	0.01104	0.01627	0.02296	0.71207	0.04479	0.05357	0.01214	0.00693	0.00188	0.00290	0.05377	0.00634	0.00548
31	0.01964	0.23234	0.02001	0.01345	0.01699	0.52652	0.01077	0.02214	0.05981	0.01470	0.00964	0.01086	0.00811	0.00584	0.00488	0.00146	0.00899	0.00375	0.00304	0.00708
32	0.01419	0.01358	0.02303	0.08076	0.70171	0.01377	0.01758	0.01791	0.02675	0.01884	0.01114	0.01460	0.00928	0.00527	0.00576	0.00174	0.00692	0.00521	0.00292	0.00904
33	0.04588	0.63971	0.12603	0.01065	0.01592	0.02076	0.01118	0.01731	0.01197	0.01512	0.03470	0.01092	0.00907	0.00531	0.00407	0.00136	0.00635	0.00353	0.00266	0.00750
34	0.01395	0.01336	0.02280	0.13278	0.66574	0.01370	0.01763	0.01746	0.01303	0.01846	0.01086	0.01454	0.00902	0.00526	0.00576	0.00175	0.00702	0.00518	0.00284	0.00885

[dist]
# distance from previous block
# <min> <max>
9	12

[block]
# block no. 4 follows, 40 sequences, length 7
# corresponding to MSA columns:
# 518-524
name=unknown_E
#
# <colnr> <probs for GDERKNQSTAVLIFYWHMCP>
#	G	D	E	R	K	N	Q	S	T	A	V	L	I	F	Y	W	H	M	C	P
0	0.01991	0.01450	0.01575	0.01257	0.01664	0.01595	0.01019	0.55187	0.11730	0.06375	0.01725	0.08716	0.01372	0.00815	0.00598	0.00183	0.00583	0.00648	0.00585	0.00932
1	0.01309	0.01252	0.01972	0.24533	0.42580	0.04566	0.01599	0.01649	0.01294	0.01740	0.01321	0.02106	0.01181	0.00678	0.00604	0.00190	0.00711	0.09620	0.00311	0.00782
2	0.03919	0.01337	0.01264	0.01071	0.01378	0.15387	0.00842	0.18263	0.03830	0.14576	0.25676	0.02568	0.05666	0.00873	0.00604	0.00175	0.00550	0.00704	0.00563	0.00755
3	0.01161	0.01079	0.01810	0.54028	0.20144	0.01255	0.01591	0.01528	0.01216	0.01604	0.01237	0.01988	0.01046	0.00662	0.00601	0.00196	0.00734	0.07132	0.00291	0.00698
4	0.01329	0.01547	0.06223	0.08975	0.02991	0.01403	0.59565	0.01802	0.01337	0.01831	0.01149	0.01528	0.00865	0.00497	0.00654	0.00188	0.00921	0.00638	0.00292	0.06264
5	0.01441	0.01160	0.01307	0.01010	0.01452	0.01077	0.00805	0.19961	0.08995	0.02362	0.01451	0.08214	0.01248	0.00657	0.00513	0.00133	0.00478	0.00537	0.00447	0.46753
6	0.06419	0.00564	0.00726	0.00744	0.00793	0.00564	0.00503	0.00896	0.00964	0.01401	0.09103	0.18825	0.02198	0.11633	0.01689	0.38436	0.00443	0.00838	0.02886	0.00376

[dist]
# distance from previous block
# <min> <max>
0	1

[block]
# block no. 5 follows, 40 sequences, length 47
# corresponding to MSA columns:
# 526-572
name=unknown_F
#
# <colnr> <probs for GDERKNQSTAVLIFYWHMCP>
#	G	D	E	R	K	N	Q	S	T	A	V	L	I	F	Y	W	H	M	C	P
0	0.05188	0.05314	0.01703	0.03349	0.01791	0.19220	0.01081	0.42383	0.09542	0.02822	0.01320	0.01359	0.00982	0.00666	0.00552	0.00170	0.00712	0.00485	0.00486	0.00876
1	0.00817	0.00603	0.00696	0.00672	0.00848	0.00527	0.00504	0.01015	0.01455	0.04795	0.32904	0.08301	0.42070	0.01348	0.00685	0.00192	0.00296	0.01153	0.00586	0.00532
2	0.01206	0.01034	0.01206	0.00861	0.01378	0.00775	0.00689	0.01464	0.01206	0.01895	0.01034	0.01206	0.00861	0.00431	0.00431	0.00086	0.00431	0.00345	0.00345	0.83118
3	0.00934	0.00651	0.00842	0.00790	0.00969	0.00587	0.00610	0.01190	0.01539	0.05412	0.52256	0.08001	0.07373	0.01193	0.00676	0.00187	0.00328	0.08526	0.00599	0.07335
4	0.00826	0.00631	0.00800	0.00822	0.00970	0.00544	0.00575	0.00965	0.01135	0.01582	0.02692	0.60740	0.03140	0.01493	0.00669	0.00201	0.00359	0.01344	0.00494	0.20020
5	0.01226	0.01051	0.01215	0.00888	0.01389	0.00830	0.00708	0.01598	0.07251	0.01939	0.01143	0.01285	0.00936	0.00460	0.00444	0.00095	0.00433	0.00370	0.00365	0.76374
6	0.01523	0.73604	0.09078	0.01049	0.01577	0.02223	0.01090	0.01750	0.01185	0.01407	0.00828	0.00957	0.00745	0.00502	0.00388	0.00129	0.00641	0.00321	0.00248	0.00756
7	0.01538	0.76535	0.06276	0.01024	0.01538	0.02259	0.01046	0.01746	0.01184	0.01389	0.00819	0.00946	0.00746	0.00500	0.00381	0.00127	0.00632	0.00316	0.00249	0.00751
8	0.01426	0.01368	0.02336	0.06489	0.73120	0.01378	0.01778	0.01773	0.01318	0.01884	0.01091	0.01444	0.00915	0.00521	0.00576	0.00174	0.00694	0.00518	0.00287	0.00910
9	0.77020	0.01114	0.00895	0.00787	0.01154	0.01268	0.00648	0.01802	0.01045	0.08658	0.00932	0.01030	0.00696	0.00555	0.00378	0.00180	0.00454	0.00337	0.00389	0.00659
10	0.83671	0.01125	0.00855	0.00765	0.01125	0.01305	0.00630	0.01709	0.00990	0.02609	0.00810	0.00945	0.00630	0.00540	0.00360	0.00180	0.00450	0.00315	0.00360	0.00630
11	0.00709	0.00506	0.00675	0.00810	0.00843	0.00472	0.00540	0.00810	0.01113	0.01484	0.03205	0.79184	0.03846	0.01822	0.00742	0.00236	0.00337	0.01653	0.00540	0.00472
12	0.01439	0.01382	0.02360	0.03569	0.75936	0.01382	0.01785	0.01785	0.01324	0.01900	0.01094	0.01439	0.00921	0.00518	0.00576	0.00173	0.00691	0.00518	0.00288	0.00921
13	0.02211	0.01629	0.01745	0.01338	0.01803	0.01803	0.01105	0.73997	0.02734	0.03665	0.01396	0.01396	0.00989	0.00698	0.00582	0.00175	0.00640	0.00524	0.00582	0.00989
14	0.01010	0.00505	0.00758	0.00758	0.00758	0.00505	0.00505	0.00758	0.00758	0.01010	0.01010	0.01768	0.01010	0.02020	0.02273	0.83081	0.00505	0.00505	0.00253	0.00253
15	0.01010	0.00505	0.00758	0.00758	0.00758	0.00505	0.00505	0.00758	0.00758	0.01010	0.01010	0.01768	0.01010	0.02020	0.02273	0.83081	0.00505	0.00505	0.00253	0.00253
16	0.02183	0.02449	0.01675	0.01453	0.01799	0.55909	0.01118	0.22582	0.01955	0.02057	0.01039	0.01147	0.00817	0.00627	0.00541	0.00157	0.00933	0.00417	0.00379	0.00763
17	0.01098	0.01034	0.01744	0.78165	0.04005	0.01292	0.01615	0.01486	0.01163	0.01486	0.01034	0.01550	0.00775	0.00581	0.00581	0.00194	0.00775	0.00517	0.00258	0.00646
18	0.00937	0.00669	0.00937	0.01071	0.01205	0.00669	0.00937	0.01205	0.01339	0.01740	0.03079	0.06560	0.03347	0.01606	0.00803	0.00268	0.00535	0.72021	0.00535	0.00535
19	0.02211	0.01629	0.01745	0.01338	0.01803	0.01803	0.01105	0.73997	0.02734	0.03665	0.01396	0.01396	0.00989	0.00698	0.00582	0.00175	0.00640	0.00524	0.00582	0.00989
20	0.02172	0.02772	0.01648	0.01498	0.01798	0.77228	0.01124	0.02322	0.01648	0.01423	0.00899	0.01049	0.00749	0.00599	0.00524	0.00150	0.01049	0.00375	0.00300	0.00674
21	0.01098	0.01034	0.01744	0.78165	0.04005	0.01292	0.01615	0.01486	0.01163	0.01486	0.01034	0.01550	0.00775	0.00581	0.00581	0.00194	0.00775	0.00517	0.00258	0.00646
22	0.00846	0.00564	0.00634	0.00634	0.00634	0.00564	0.00352	0.00846	0.00846	0.01128	0.01832	0.03805	0.02114	0.79563	0.02960	0.00564	0.00564	0.00846	0.00352	0.00352
23	0.01098	0.01034	0.01744	0.78165	0.04005	0.01292	0.01615	0.01486	0.01163	0.01486	0.01034	0.01550	0.00775	0.00581	0.00581	0.00194	0.00775	0.00517	0.00258	0.00646
24	0.01399	0.01341	0.02288	0.12306	0.67511	0.01371	0.01765	0.01750	0.01305	0.01851	0.01087	0.01452	0.00904	0.00526	0.00576	0.00175	0.00701	0.00518	0.00284	0.00889
25	0.00709	0.00506	0.00675	0.00810	0.00843	0.00472	0.00540	0.00810	0.01113	0.01484	0.03205	0.79184	0.03846	0.01822	0.00742	0.00236	0.00337	0.01653	0.00540	0.00472
26	0.01430	0.01372	0.02344	0.05578	0.73998	0.01379	0.01780	0.01777	0.01320	0.01889	0.01092	0.01442	0.00917	0.00520	0.00576	0.00173	0.00693	0.00518	0.00287	0.00914
27	0.00709	0.00506	0.00675	0.00810	0.00843	0.00472	0.00540	0.00810	0.01113	0.01484	0.03205	0.79184	0.03846	0.01822	0.00742	0.00236	0.00337	0.01653	0.00540	0.00472
28	0.01192	0.00942	0.01121	0.01127	0.01353	0.01029	0.00937	0.04693	0.31384	0.02095	0.02726	0.04576	0.02618	0.01239	0.00709	0.00236	0.00509	0.40247	0.00560	0.00709
29	0.01357	0.01523	0.03176	0.02308	0.02806	0.01519	0.62615	0.01791	0.01298	0.01791	0.01113	0.01523	0.00864	0.00572	0.00875	0.00205	0.12956	0.00659	0.00288	0.00761
30	0.01446	0.01249	0.01315	0.01183	0.01512	0.01446	0.00920	0.03090	0.74885	0.02433	0.02367	0.02170	0.01775	0.00789	0.00592	0.00197	0.00460	0.00657	0.00592	0.00920
31	0.00709	0.00506	0.00675	0.00810	0.00843	0.00472	0.00540	0.00810	0.01113	0.01484	0.03205	0.79184	0.03846	0.01822	0.00742	0.00236	0.00337	0.01653	0.00540	0.00472
32	0.01224	0.01127	0.01413	0.22245	0.02131	0.04398	0.01003	0.01504	0.01192	0.01727	0.01009	0.01298	0.00826	0.00520	0.00577	0.00130	0.05880	0.00405	0.00313	0.51077
33	0.01147	0.01101	0.01755	0.56482	0.03304	0.01430	0.01518	0.01461	0.01086	0.01461	0.00957	0.01472	0.00772	0.00705	0.00957	0.00211	0.22765	0.00515	0.00257	0.00643
34	0.81443	0.01122	0.00879	0.02853	0.01202	0.01304	0.00656	0.01703	0.00994	0.02579	0.00816	0.00961	0.00634	0.00541	0.00366	0.00180	0.00459	0.00320	0.00357	0.00630
35	0.00757	0.00540	0.00706	0.03732	0.00914	0.00526	0.00536	0.00844	0.01050	0.01398	0.02789	0.57939	0.03309	0.20616	0.01274	0.00314	0.00409	0.01414	0.00484	0.00450
36	0.02164	0.01554	0.01680	0.01288	0.01748	0.01694	0.01063	0.66483	0.02595	0.06704	0.01433	0.01432	0.01015	0.00688	0.00572	0.00170	0.00617	0.00520	0.02455	0.04126
37	0.05637	0.01456	0.01561	0.01234	0.01661	0.01599	0.01009	0.51721	0.13204	0.08785	0.01782	0.01722	0.04457	0.00741	0.00578	0.00180	0.00579	0.00570	0.00582	0.00941
38	0.02076	0.02588	0.01628	0.01475	0.01764	0.68040	0.01114	0.02341	0.07292	0.01500	0.01007	0.01145	0.00829	0.00632	0.00590	0.00158	0.04405	0.00402	0.00320	0.00692
39	0.01297	0.01410	0.02885	0.20262	0.03150	0.01406	0.51375	0.01742	0.01302	0.01762	0.01124	0.01540	0.00853	0.00524	0.00686	0.00192	0.03158	0.00626	0.00287	0.04421
40	0.01163	0.00943	0.01106	0.00882	0.01260	0.00786	0.00677	0.07708	0.01305	0.01925	0.01611	0.19768	0.01628	0.03881	0.00617	0.00148	0.00432	0.00690	0.00412	0.53058
41	0.07576	0.00687	0.00844	0.00841	0.00998	0.00660	0.00612	0.04036	0.01319	0.13322	0.12030	0.44946	0.05370	0.03052	0.00720	0.00220	0.00378	0.01234	0.00564	0.00592
42	0.01206	0.01034	0.01206	0.00861	0.01378	0.00775	0.00689	0.01464	0.01206	0.01895	0.01034	0.01206	0.00861	0.00431	0.00431	0.00086	0.00431	0.00345	0.00345	0.83118
43	0.00834	0.00559	0.00638	0.00649	0.00651	0.00556	0.00368	0.00843	0.00868	0.01157	0.01945	0.09990	0.02256	0.73185	0.02778	0.00537	0.00545	0.00912	0.00368	0.00362
44	0.01524	0.01098	0.01201	0.00963	0.01330	0.01098	0.00769	0.23868	0.09868	0.04036	0.01598	0.03692	0.01255	0.00659	0.00500	0.00144	0.00456	0.00525	0.21778	0.23639
45	0.04757	0.62736	0.13545	0.01083	0.01626	0.02070	0.01143	0.01795	0.01199	0.04286	0.00898	0.01015	0.00766	0.00515	0.00407	0.00137	0.00645	0.00339	0.00270	0.00767
46	0.01298	0.12768	0.61058	0.01560	0.02328	0.07696	0.01918	0.01868	0.01256	0.01747	0.01002	0.01176	0.00739	0.00549	0.00527	0.00174	0.00845	0.00410	0.00250	0.00830

[dist]
# distance from previous block
# <min> <max>
0	11

[block]
# block no. 6 follows, 40 sequences, length 9
# corresponding to MSA columns:
# 584-592
name=unknown_G
#
# <colnr> <probs for GDERKNQSTAVLIFYWHMCP>
#	G	D	E	R	K	N	Q	S	T	A	V	L	I	F	Y	W	H	M	C	P
0	0.01951	0.11913	0.01681	0.01187	0.01592	0.10893	0.00962	0.15548	0.14415	0.17955	0.07080	0.01861	0.01553	0.00746	0.00579	0.00178	0.00609	0.00562	0.00542	0.08192
1	0.07292	0.05463	0.07601	0.06187	0.01593	0.01000	0.00898	0.04176	0.01251	0.06745	0.01272	0.01742	0.01094	0.06854	0.00679	0.00167	0.00530	0.04176	0.00370	0.40910
2	0.01350	0.01569	0.08994	0.02634	0.27453	0.01389	0.36719	0.01777	0.01316	0.01850	0.01177	0.03654	0.00962	0.00557	0.00669	0.00186	0.03246	0.00618	0.00295	0.03585
3	0.03928	0.34257	0.08354	0.01052	0.01571	0.01587	0.01002	0.08800	0.01405	0.12653	0.01152	0.01217	0.00892	0.00540	0.00452	0.00135	0.00577	0.00389	0.00374	0.19666
4	0.01594	0.12001	0.17156	0.07169	0.27218	0.01398	0.01507	0.02060	0.06683	0.15635	0.01357	0.01490	0.01009	0.00584	0.00547	0.00173	0.00668	0.00495	0.00374	0.00880
5	0.01645	0.01078	0.01239	0.01066	0.01399	0.01128	0.00837	0.08610	0.34092	0.19976	0.07328	0.09944	0.03609	0.00894	0.00605	0.00189	0.00454	0.00753	0.00607	0.04545
6	0.21732	0.04734	0.01457	0.04110	0.01606	0.09765	0.00938	0.29171	0.01863	0.11442	0.06661	0.01519	0.01237	0.00674	0.00521	0.00173	0.00600	0.00493	0.00491	0.00812
7	0.01510	0.07485	0.01667	0.22009	0.02163	0.04360	0.01147	0.16271	0.01481	0.07001	0.01288	0.05729	0.01092	0.03486	0.00860	0.00199	0.13515	0.00562	0.02060	0.06114
8	0.01784	0.01718	0.01522	0.01407	0.07481	0.25013	0.01007	0.25131	0.01811	0.02225	0.01345	0.07350	0.01203	0.07314	0.00756	0.00193	0.00716	0.00567	0.00418	0.11038

[dist]
# distance from previous block
# <min> <max>
21	41

[block]
# block no. 7 follows, 40 sequences, length 43
# corresponding to MSA columns:
# 634-676
name=unknown_H
#
# <colnr> <probs for GDERKNQSTAVLIFYWHMCP>
#	G	D	E	R	K	N	Q	S	T	A	V	L	I	F	Y	W	H	M	C	P
0	0.01384	0.01294	0.05128	0.01179	0.01523	0.01377	0.00963	0.02873	0.65782	0.02345	0.02472	0.02398	0.04968	0.00830	0.00600	0.00199	0.00476	0.02751	0.00570	0.00888
1	0.00946	0.00685	0.00944	0.01045	0.01199	0.00670	0.00907	0.01213	0.01345	0.01774	0.06137	0.06189	0.03313	0.01528	0.00779	0.00255	0.00519	0.65254	0.00530	0.04768
2	0.00709	0.00506	0.00675	0.00810	0.00843	0.00472	0.00540	0.00810	0.01113	0.01484	0.03205	0.79184	0.03846	0.01822	0.00742	0.00236	0.00337	0.01653	0.00540	0.00472
3	0.01166	0.01143	0.01738	0.73329	0.03866	0.06082	0.01584	0.01539	0.01193	0.01482	0.01025	0.01519	0.00774	0.00583	0.00578	0.00191	0.00792	0.00508	0.00261	0.00648
4	0.02147	0.06528	0.01736	0.01445	0.01783	0.60431	0.01114	0.14606	0.01811	0.01806	0.00980	0.01102	0.00790	0.00611	0.00526	0.00153	0.00957	0.00397	0.00345	0.00732
5	0.80836	0.01142	0.00886	0.00785	0.01148	0.01322	0.00646	0.04225	0.01050	0.02646	0.00830	0.00960	0.00642	0.00545	0.00368	0.00180	0.00456	0.00322	0.00368	0.00642
6	0.02609	0.00990	0.01350	0.01035	0.01484	0.00855	0.00855	0.02834	0.01664	0.76338	0.02294	0.01979	0.01439	0.00720	0.00585	0.00180	0.00495	0.00585	0.00720	0.00990
7	0.01206	0.01034	0.01206	0.00861	0.01378	0.00775	0.00689	0.01464	0.01206	0.01895	0.01034	0.01206	0.00861	0.00431	0.00431	0.00086	0.00431	0.00345	0.00345	0.83118
8	0.00842	0.00577	0.00683	0.00712	0.00737	0.00574	0.00437	0.02843	0.00979	0.01308	0.02221	0.26028	0.02581	0.52689	0.03910	0.00464	0.00521	0.01071	0.00413	0.00409
9	0.01487	0.01204	0.01302	0.01130	0.01492	0.01318	0.00885	0.02853	0.60272	0.07022	0.02181	0.02027	0.01630	0.00736	0.00569	0.00181	0.00458	0.00610	0.00566	0.12074
10	0.01120	0.01056	0.01783	0.73460	0.08543	0.01298	0.01626	0.01505	0.01173	0.01512	0.01037	0.01543	0.00784	0.00577	0.00581	0.00192	0.00770	0.00517	0.00260	0.00663
11	0.00724	0.00523	0.00691	0.00811	0.00860	0.00482	0.00544	0.00830	0.01116	0.01497	0.03137	0.76736	0.03752	0.01778	0.00732	0.00231	0.00340	0.01612	0.00534	0.03066
12	0.01206	0.01034	0.01206	0.00861	0.01378	0.00775	0.00689	0.01464	0.01206	0.01895	0.01034	0.01206	0.00861	0.00431	0.00431	0.00086	0.00431	0.00345	0.00345	0.83118
13	0.02199	0.01981	0.01715	0.01387	0.01802	0.25025	0.01111	0.51930	0.02400	0.02975	0.01243	0.01289	0.00915	0.00668	0.00564	0.00167	0.00766	0.00478	0.00495	0.00892
14	0.01555	0.79913	0.03047	0.00995	0.01493	0.02301	0.00995	0.01741	0.01182	0.01368	0.00808	0.00933	0.00746	0.00498	0.00373	0.00124	0.00622	0.00311	0.00249	0.00746
15	0.01437	0.01388	0.02395	0.03533	0.73582	0.01385	0.04111	0.01787	0.01326	0.01899	0.01097	0.01443	0.00920	0.00517	0.00579	0.00173	0.00700	0.00524	0.00288	0.00917
16	0.00709	0.00506	0.00675	0.00810	0.00843	0.00472	0.00540	0.00810	0.01113	0.01484	0.03205	0.79184	0.03846	0.01822	0.00742	0.00236	0.00337	0.01653	0.00540	0.00472
17	0.01439	0.01382	0.02360	0.03569	0.75936	0.01382	0.01785	0.01785	0.01324	0.01900	0.01094	0.01439	0.00921	0.00518	0.00576	0.00173	0.00691	0.00518	0.00288	0.00921
18	0.02609	0.00990	0.01350	0.01035	0.01484	0.00855	0.00855	0.02834	0.01664	0.76338	0.02294	0.01979	0.01439	0.00720	0.00585	0.00180	0.00495	0.00585	0.00720	0.00990
19	0.00823	0.00594	0.00777	0.00732	0.00869	0.00549	0.00549	0.01097	0.01646	0.02332	0.75629	0.04344	0.05487	0.01189	0.00686	0.00183	0.00274	0.01052	0.00640	0.00549
20	0.00687	0.00589	0.00589	0.00589	0.00785	0.00491	0.00442	0.00835	0.01325	0.01571	0.05891	0.05596	0.75700	0.01473	0.00687	0.00196	0.00295	0.01227	0.00540	0.00491
21	0.01206	0.01034	0.01206	0.00861	0.01378	0.00775	0.00689	0.01464	0.01206	0.01895	0.01034	0.01206	0.00861	0.00431	0.00431	0.00086	0.00431	0.00345	0.00345	0.83118
22	0.01206	0.01034	0.01206	0.00861	0.01378	0.00775	0.00689	0.01464	0.01206	0.01895	0.01034	0.01206	0.00861	0.00431	0.00431	0.00086	0.00431	0.00345	0.00345	0.83118
23	0.00846	0.00564	0.00634	0.00634	0.00634	0.00564	0.00352	0.00846	0.00846	0.01128	0.01832	0.03805	0.02114	0.79563	0.02960	0.00564	0.00564	0.00846	0.00352	0.00352
24	0.00709	0.00506	0.00675	0.00810	0.00843	0.00472	0.00540	0.00810	0.01113	0.01484	0.03205	0.79184	0.03846	0.01822	0.00742	0.00236	0.00337	0.01653	0.00540	0.00472
25	0.01206	0.01034	0.01206	0.00861	0.01378	0.00775	0.00689	0.01464	0.01206	0.01895	0.01034	0.01206	0.00861	0.00431	0.00431	0.00086	0.00431	0.00345	0.00345	0.83118
26	0.01208	0.01040	0.01222	0.00880	0.01382	0.00804	0.00706	0.01462	0.01197	0.01881	0.01026	0.01208	0.00859	0.00447	0.00472	0.00091	0.02635	0.00349	0.00342	0.80789
27	0.02211	0.01629	0.01745	0.01338	0.01803	0.01803	0.01105	0.73997	0.02734	0.03665	0.01396	0.01396	0.00989	0.00698	0.00582	0.00175	0.00640	0.00524	0.00582	0.00989
28	0.02098	0.01905	0.01685	0.04720	0.01868	0.24194	0.01119	0.46711	0.02274	0.02814	0.01238	0.01333	0.00926	0.00803	0.03493	0.00197	0.00803	0.00483	0.00473	0.00862
29	0.00846	0.00564	0.00634	0.00634	0.00634	0.00564	0.00352	0.00846	0.00846	0.01128	0.01832	0.03805	0.02114	0.79563	0.02960	0.00564	0.00564	0.00846	0.00352	0.00352
30	0.01191	0.07859	0.71913	0.01616	0.02452	0.01410	0.02076	0.01835	0.01225	0.01812	0.01029	0.01209	0.00737	0.00549	0.00541	0.00180	0.00844	0.00422	0.00246	0.00852
31	0.00852	0.00580	0.00759	0.00826	0.00926	0.00520	0.00570	0.00975	0.01150	0.05358	0.02956	0.67944	0.03444	0.01635	0.00705	0.00219	0.00354	0.01476	0.00531	0.08218
32	0.05442	0.00538	0.00763	0.00758	0.00777	0.00548	0.00512	0.00809	0.00770	0.01096	0.00999	0.01724	0.00990	0.01941	0.02170	0.78636	0.00502	0.00495	0.00258	0.00273
33	0.02147	0.02001	0.01714	0.01403	0.01787	0.27648	0.01121	0.45544	0.02263	0.02775	0.01192	0.01270	0.00895	0.00681	0.00633	0.00170	0.04954	0.00472	0.00468	0.00862
34	0.02232	0.01595	0.01724	0.01322	0.01786	0.01753	0.01092	0.70181	0.02677	0.07561	0.01444	0.01427	0.01013	0.00699	0.00582	0.00175	0.00632	0.00527	0.00589	0.00989
35	0.01555	0.79913	0.03047	0.00995	0.01493	0.02301	0.00995	0.01741	0.01182	0.01368	0.00808	0.00933	0.00746	0.00498	0.00373	0.00124	0.00622	0.00311	0.00249	0.00746
36	0.01103	0.01040	0.01745	0.76001	0.03935	0.01306	0.01605	0.01483	0.01155	0.01483	0.01026	0.01543	0.00775	0.00594	0.00619	0.00196	0.02970	0.00517	0.00258	0.00646
37	0.02008	0.01478	0.01592	0.01259	0.01679	0.01627	0.01026	0.57705	0.11064	0.05358	0.01800	0.04657	0.04460	0.00786	0.00594	0.00181	0.00588	0.00615	0.00583	0.00939
38	0.01126	0.01084	0.01874	0.69200	0.03828	0.01326	0.07080	0.01511	0.01167	0.01511	0.01033	0.01540	0.00783	0.00593	0.00645	0.00197	0.04056	0.00529	0.00261	0.00656
39	0.05629	0.01027	0.01098	0.02563	0.01324	0.01136	0.00780	0.02277	0.45371	0.02168	0.06745	0.08877	0.11313	0.03961	0.00694	0.00209	0.00428	0.00808	0.00549	0.03043
40	0.03601	0.01051	0.01043	0.10799	0.01443	0.10527	0.00785	0.10526	0.01427	0.02069	0.01730	0.12936	0.01542	0.00827	0.00548	0.00168	0.02299	0.00669	0.35385	0.00623
41	0.03665	0.01230	0.01891	0.20976	0.11862	0.01535	0.05531	0.01509	0.01058	0.01568	0.00910	0.01368	0.00794	0.00776	0.01230	0.00216	0.39141	0.00510	0.00269	0.03961
42	0.03476	0.22302	0.16031	0.01364	0.01821	0.31391	0.01271	0.07344	0.03786	0.01708	0.00978	0.01120	0.00794	0.00593	0.00548	0.00158	0.03862	0.00392	0.00306	0.00756

[dist]
# distance from previous block
# <min> <max>
0	3

[block]
# block no. 8 follows, 40 sequences, length 7
# corresponding to MSA columns:
# 680-686
name=unknown_I
#
# <colnr> <probs for GDERKNQSTAVLIFYWHMCP>
#	G	D	E	R	K	N	Q	S	T	A	V	L	I	F	Y	W	H	M	C	P
0	0.01298	0.28213	0.45905	0.01371	0.02082	0.01615	0.01644	0.01776	0.01211	0.01690	0.00965	0.01129	0.00750	0.00524	0.00483	0.00156	0.00745	0.00383	0.00255	0.07804
1	0.01390	0.01154	0.01850	0.01343	0.01844	0.00973	0.22357	0.01715	0.01342	0.10603	0.06815	0.01639	0.01282	0.00539	0.00543	0.00137	0.00589	0.00527	0.00396	0.42964
