[name]
unknown

[dist]
# distance from previous block
# <min> <max>
0	128

[block]
# block no. 0 follows, 41 sequences, length 24
# corresponding to MSA columns:
# 130-153
name=unknown_A
#
# <colnr> <probs for GDERKNQSTAVLIFYWHMCP>
#	G	D	E	R	K	N	Q	S	T	A	V	L	I	F	Y	W	H	M	C	P
0	0.61660	0.01193	0.01050	0.00883	0.01264	0.01345	0.00728	0.15990	0.01360	0.08502	0.01022	0.01095	0.00750	0.00575	0.00414	0.00176	0.00482	0.00370	0.00424	0.00716
1	0.01350	0.01543	0.03375	0.02411	0.02989	0.01446	0.74253	0.01832	0.01350	0.01832	0.01157	0.01543	0.00868	0.00482	0.00675	0.00193	0.00964	0.00675	0.00289	0.00771
2	0.02174	0.01602	0.01717	0.01316	0.01774	0.01774	0.01087	0.74423	0.02689	0.03605	0.01373	0.01373	0.00973	0.00687	0.00572	0.00172	0.00629	0.00515	0.00572	0.00973
3	0.00832	0.00555	0.00624	0.00624	0.00624	0.00555	0.00347	0.00832	0.00832	0.01109	0.01802	0.03743	0.02080	0.79898	0.02911	0.00555	0.00555	0.00832	0.00347	0.00347
4	0.00832	0.00555	0.00624	0.00624	0.00624	0.00555	0.00347	0.00832	0.00832	0.01109	0.01802	0.03743	0.02080	0.79898	0.02911	0.00555	0.00555	0.00832	0.00347	0.00347
5	0.02130	0.01579	0.01717	0.04431	0.01861	0.01754	0.01107	0.71479	0.02627	0.03518	0.01359	0.01379	0.00964	0.00682	0.00572	0.00172	0.00635	0.00515	0.00559	0.00959
6	0.01080	0.01017	0.01716	0.78523	0.03940	0.01271	0.01589	0.01461	0.01144	0.01461	0.01017	0.01525	0.00762	0.00572	0.00572	0.00191	0.00762	0.00508	0.00254	0.00635
7	0.01471	0.01465	0.02268	0.03353	0.70566	0.07253	0.01705	0.01796	0.01327	0.01832	0.01061	0.01386	0.00893	0.00516	0.00562	0.00168	0.00707	0.00499	0.00284	0.00887
8	0.01529	0.80242	0.02997	0.00979	0.01468	0.02263	0.00979	0.01713	0.01162	0.01346	0.00795	0.00918	0.00734	0.00489	0.00367	0.00122	0.00612	0.00306	0.00245	0.00734
9	0.02174	0.01602	0.01717	0.01316	0.01774	0.01774	0.01087	0.74423	0.02689	0.03605	0.01373	0.01373	0.00973	0.00687	0.00572	0.00172	0.00629	0.00515	0.00572	0.00973
10	0.00676	0.00579	0.00579	0.00579	0.00773	0.00483	0.00435	0.00821	0.01304	0.01545	0.05794	0.05505	0.76098	0.01449	0.00676	0.00193	0.00290	0.01207	0.00531	0.00483
11	0.01079	0.00979	0.01624	0.72494	0.03686	0.01214	0.01497	0.01451	0.01148	0.01513	0.01082	0.01572	0.00817	0.00579	0.00559	0.00186	0.00724	0.00510	0.06657	0.00627
12	0.01423	0.01229	0.01293	0.01164	0.01487	0.01423	0.00905	0.03039	0.75297	0.02393	0.02328	0.02134	0.01746	0.00776	0.00582	0.00194	0.00453	0.00647	0.00582	0.00905
13	0.00769	0.00674	0.00664	0.00648	0.00842	0.03086	0.00487	0.00982	0.03968	0.01669	0.14777	0.05074	0.61639	0.01359	0.00667	0.00190	0.00318	0.01137	0.00538	0.00511
14	0.00817	0.00613	0.00919	0.00919	0.01021	0.00715	0.00715	0.01021	0.00919	0.01328	0.01532	0.02247	0.01430	0.04290	0.77631	0.00919	0.01532	0.00613	0.00306	0.00511
15	0.01475	0.01217	0.01295	0.01157	0.01486	0.01396	0.00902	0.03028	0.71946	0.05774	0.02325	0.02126	0.01731	0.00773	0.00582	0.00193	0.00454	0.00643	0.00588	0.00908
16	0.02174	0.01602	0.01717	0.01316	0.01774	0.01774	0.01087	0.74423	0.02689	0.03605	0.01373	0.01373	0.00973	0.00687	0.00572	0.00172	0.00629	0.00515	0.00572	0.00973
17	0.00697	0.00498	0.00664	0.00796	0.00830	0.00465	0.00531	0.00796	0.01095	0.01460	0.03153	0.79525	0.03783	0.01792	0.00730	0.00232	0.00332	0.01626	0.00531	0.00465
18	0.01208	0.01195	0.01744	0.01484	0.01527	0.01619	0.05071	0.01361	0.00906	0.01395	0.00861	0.01379	0.00834	0.01345	0.10366	0.00323	0.65982	0.00523	0.00259	0.00620
19	0.02137	0.02726	0.01621	0.01474	0.01768	0.77602	0.01105	0.02284	0.01621	0.01400	0.00884	0.01031	0.00737	0.00589	0.00516	0.00147	0.01031	0.00368	0.00295	0.00663
20	0.01147	0.02959	0.76934	0.01630	0.02476	0.01328	0.02113	0.01811	0.01208	0.01811	0.01026	0.01208	0.00725	0.00543	0.00543	0.00181	0.00845	0.00423	0.00242	0.00845
21	0.00697	0.00498	0.00664	0.00796	0.00830	0.00465	0.00531	0.00796	0.01095	0.01460	0.03153	0.79525	0.03783	0.01792	0.00730	0.00232	0.00332	0.01626	0.00531	0.00465
22	0.01361	0.01303	0.02223	0.15704	0.64563	0.01345	0.01728	0.01708	0.01277	0.01802	0.01066	0.01433	0.00883	0.00520	0.00567	0.00173	0.00693	0.00509	0.00278	0.00862
23	0.01416	0.01359	0.02322	0.03511	0.76330	0.01359	0.01755	0.01755	0.01302	0.01869	0.01076	0.01416	0.00906	0.00510	0.00566	0.00170	0.00680	0.00510	0.00283	0.00906

[dist]
# distance from previous block
# <min> <max>
0	19

[block]
# block no. 1 follows, 41 sequences, length 52
# corresponding to MSA columns:
# 173-224
name=unknown_B
#
# <colnr> <probs for GDERKNQSTAVLIFYWHMCP>
#	G	D	E	R	K	N	Q	S	T	A	V	L	I	F	Y	W	H	M	C	P
0	0.01297	0.05246	0.01699	0.01377	0.01463	0.04221	0.02517	0.05230	0.01042	0.01538	0.00929	0.01376	0.00863	0.01209	0.08327	0.00288	0.55420	0.00502	0.04819	0.00638
1	0.00765	0.00550	0.00724	0.00750	0.00845	0.00510	0.00536	0.00966	0.01410	0.01961	0.46900	0.34351	0.04752	0.01418	0.00697	0.00201	0.00295	0.01271	0.00590	0.00510
2	0.01147	0.02959	0.76934	0.01630	0.02476	0.01328	0.02113	0.01811	0.01208	0.01811	0.01026	0.01208	0.00725	0.00543	0.00543	0.00181	0.00845	0.00423	0.00242	0.00845
3	0.01201	0.13893	0.66474	0.01538	0.02333	0.01461	0.01953	0.01797	0.01201	0.01746	0.00994	0.01167	0.00726	0.00536	0.00518	0.00173	0.00812	0.00406	0.00242	0.00830
4	0.00697	0.00498	0.00664	0.00796	0.00830	0.00465	0.00531	0.00796	0.01095	0.01460	0.03153	0.79525	0.03783	0.01792	0.00730	0.00232	0.00332	0.01626	0.00531	0.00465
5	0.00697	0.00498	0.00664	0.00796	0.00830	0.00465	0.00531	0.00796	0.01095	0.01460	0.03153	0.79525	0.03783	0.01792	0.00730	0.00232	0.00332	0.01626	0.00531	0.00465
6	0.02053	0.01530	0.01651	0.01258	0.01722	0.01650	0.01037	0.65462	0.02505	0.03391	0.01329	0.01350	0.00957	0.00654	0.00554	0.00161	0.00604	0.00493	0.00544	0.11092
7	0.01309	0.01348	0.01743	0.01500	0.01519	0.06724	0.01242	0.01436	0.00925	0.01378	0.00760	0.01237	0.00750	0.00974	0.01788	0.00244	0.73750	0.00492	0.00253	0.00628
8	0.00697	0.00498	0.00664	0.00796	0.00830	0.00465	0.00531	0.00796	0.01095	0.01460	0.03153	0.79525	0.03783	0.01792	0.00730	0.00232	0.00332	0.01626	0.00531	0.00465
9	0.02203	0.01557	0.01688	0.01295	0.01751	0.01706	0.01069	0.69252	0.02613	0.08883	0.01437	0.01415	0.01005	0.00688	0.00572	0.00172	0.00619	0.00519	0.00582	0.00973
10	0.01147	0.02959	0.76934	0.01630	0.02476	0.01328	0.02113	0.01811	0.01208	0.01811	0.01026	0.01208	0.00725	0.00543	0.00543	0.00181	0.00845	0.00423	0.00242	0.00845
11	0.01350	0.01543	0.03375	0.02411	0.02989	0.01446	0.74253	0.01832	0.01350	0.01832	0.01157	0.01543	0.00868	0.00482	0.00675	0.00193	0.00964	0.00675	0.00289	0.00771
12	0.00697	0.00498	0.00664	0.00796	0.00830	0.00465	0.00531	0.00796	0.01095	0.01460	0.03153	0.79525	0.03783	0.01792	0.00730	0.00232	0.00332	0.01626	0.00531	0.00465
13	0.01066	0.00533	0.00533	0.00533	0.00666	0.00533	0.00400	0.01333	0.01200	0.02132	0.01866	0.02132	0.01466	0.00666	0.00400	0.00133	0.00267	0.00533	0.83073	0.00533
14	0.00928	0.00717	0.00893	0.00835	0.00838	0.00836	0.00566	0.00963	0.00845	0.01177	0.01552	0.03123	0.01753	0.59426	0.04915	0.00495	0.18648	0.00749	0.00323	0.00416
15	0.00832	0.00555	0.00624	0.00624	0.00624	0.00555	0.00347	0.00832	0.00832	0.01109	0.01802	0.03743	0.02080	0.79898	0.02911	0.00555	0.00555	0.00832	0.00347	0.00347
16	0.01009	0.05914	0.00996	0.00802	0.01004	0.00786	0.00625	0.01453	0.12005	0.05356	0.52432	0.03740	0.09525	0.01070	0.00637	0.00179	0.00329	0.00925	0.00594	0.00619
17	0.01350	0.01543	0.03375	0.02411	0.02989	0.01446	0.74253	0.01832	0.01350	0.01832	0.01157	0.01543	0.00868	0.00482	0.00675	0.00193	0.00964	0.00675	0.00289	0.00771
18	0.02491	0.00990	0.01325	0.01027	0.01462	0.00879	0.00845	0.02804	0.06465	0.71854	0.02261	0.01959	0.01438	0.00712	0.00576	0.00178	0.00484	0.00580	0.00700	0.00969
19	0.01098	0.01029	0.01770	0.66812	0.03623	0.01253	0.06280	0.01443	0.01127	0.01457	0.01017	0.01530	0.00782	0.00659	0.00712	0.04909	0.03104	0.00518	0.00256	0.00622
20	0.00979	0.00728	0.00959	0.01044	0.01201	0.00750	0.00892	0.01420	0.11013	0.01843	0.08222	0.05730	0.03242	0.01445	0.00754	0.00248	0.00498	0.57913	0.00541	0.00577
21	0.01147	0.02959	0.76934	0.01630	0.02476	0.01328	0.02113	0.01811	0.01208	0.01811	0.01026	0.01208	0.00725	0.00543	0.00543	0.00181	0.00845	0.00423	0.00242	0.00845
22	0.00744	0.00597	0.00677	0.00720	0.00888	0.00530	0.00573	0.00919	0.01297	0.01586	0.04903	0.09528	0.52479	0.01502	0.00710	0.00214	0.00357	0.20750	0.00530	0.00494
23	0.02373	0.00980	0.01394	0.01068	0.01502	0.00852	0.04977	0.02604	0.01599	0.67551	0.02426	0.02157	0.06280	0.00744	0.00587	0.00179	0.00501	0.00622	0.00673	0.00930
24	0.01508	0.75860	0.07190	0.01016	0.01525	0.02210	0.01043	0.01718	0.01165	0.01372	0.00808	0.00934	0.00733	0.00492	0.00377	0.00126	0.00625	0.00312	0.00244	0.00740
25	0.00798	0.00541	0.00634	0.00667	0.00675	0.00532	0.00392	0.00823	0.00897	0.01196	0.02136	0.22476	0.02501	0.60591	0.02372	0.00475	0.00499	0.01028	0.00392	0.00376
26	0.00817	0.00613	0.00919	0.00919	0.01021	0.00715	0.00715	0.01021	0.00919	0.01328	0.01532	0.02247	0.01430	0.04290	0.77631	0.00919	0.01532	0.00613	0.00306	0.00511
27	0.01157	0.02756	0.67847	0.06042	0.02592	0.01333	0.06812	0.01793	0.01213	0.01793	0.01034	0.01248	0.00736	0.00541	0.00554	0.00182	0.00848	0.00444	0.00245	0.00829
28	0.01416	0.01359	0.02322	0.03511	0.76330	0.01359	0.01755	0.01755	0.01302	0.01869	0.01076	0.01416	0.00906	0.00510	0.00566	0.00170	0.00680	0.00510	0.00283	0.00906
29	0.00910	0.00650	0.00908	0.01040	0.01166	0.00648	0.00901	0.01165	0.01305	0.01699	0.03035	0.10284	0.03318	0.01591	0.00787	0.00262	0.00516	0.68764	0.00527	0.00523
30	0.00917	0.00760	0.01111	0.01054	0.01132	0.00954	0.00839	0.01103	0.00909	0.01339	0.01352	0.02017	0.01273	0.03531	0.60154	0.00765	0.19371	0.00587	0.00293	0.00537
31	0.01805	0.01275	0.01402	0.01175	0.01552	0.01406	0.00938	0.20308	0.44780	0.15712	0.02084	0.01917	0.01501	0.00742	0.00578	0.00186	0.00502	0.00602	0.00602	0.00934
32	0.00697	0.00498	0.00664	0.00796	0.00830	0.00465	0.00531	0.00796	0.01095	0.01460	0.03153	0.79525	0.03783	0.01792	0.00730	0.00232	0.00332	0.01626	0.00531	0.00465
33	0.13114	0.01475	0.01562	0.01212	0.01654	0.01618	0.01001	0.57748	0.02358	0.10588	0.01382	0.01370	0.00969	0.00668	0.00543	0.00173	0.00591	0.00493	0.00556	0.00926
34	0.05169	0.01231	0.01334	0.01125	0.01500	0.01342	0.00894	0.13703	0.45646	0.11836	0.01999	0.01864	0.01464	0.00714	0.00557	0.00179	0.00481	0.00578	0.00566	0.07819
35	0.01345	0.01528	0.03293	0.02365	0.02914	0.01462	0.70541	0.01809	0.01326	0.01809	0.01137	0.01528	0.00862	0.00509	0.00736	0.00196	0.04924	0.00666	0.00287	0.00764
36	0.01416	0.01359	0.02322	0.03511	0.76330	0.01359	0.01755	0.01755	0.01302	0.01869	0.01076	0.01416	0.00906	0.00510	0.00566	0.00170	0.00680	0.00510	0.00283	0.00906
37	0.01209	0.00905	0.00956	0.00855	0.00970	0.04446	0.00587	0.13666	0.03769	0.03567	0.01662	0.02982	0.01731	0.53851	0.02206	0.00432	0.04565	0.00726	0.00395	0.00518
38	0.00715	0.00579	0.00624	0.00614	0.00783	0.00500	0.00454	0.00880	0.01349	0.01691	0.21497	0.05129	0.56009	0.05690	0.00798	0.00210	0.00300	0.01147	0.00543	0.00488
39	0.02104	0.06955	0.01699	0.01443	0.01752	0.71836	0.01098	0.03805	0.01619	0.01444	0.00890	0.01033	0.00742	0.00586	0.00509	0.00147	0.01000	0.00368	0.00298	0.00674
40	0.02209	0.01225	0.01448	0.01133	0.01554	0.01248	0.00928	0.31345	0.08569	0.36707	0.06093	0.01866	0.01494	0.00732	0.00580	0.00177	0.00528	0.00583	0.00638	0.00943
41	0.01147	0.02959	0.76934	0.01630	0.02476	0.01328	0.02113	0.01811	0.01208	0.01811	0.01026	0.01208	0.00725	0.00543	0.00543	0.00181	0.00845	0.00423	0.00242	0.00845
42	0.01159	0.02878	0.72763	0.01675	0.02505	0.01335	0.06204	0.01813	0.01216	0.01813	0.01034	0.01227	0.00733	0.00540	0.00551	0.00182	0.00852	0.00437	0.00244	0.00841
43	0.00697	0.00498	0.00664	0.00796	0.00830	0.00465	0.00531	0.00796	0.01095	0.01460	0.03153	0.79525	0.03783	0.01792	0.00730	0.00232	0.00332	0.01626	0.00531	0.00465
44	0.00791	0.00574	0.00746	0.00724	0.00848	0.00529	0.00535	0.01036	0.01544	0.02165	0.64637	0.13380	0.07835	0.01255	0.00681	0.00187	0.00278	0.01112	0.00614	0.00529
45	0.54394	0.01299	0.01109	0.00947	0.01317	0.04935	0.00770	0.17318	0.08904	0.02716	0.01078	0.01151	0.00814	0.00592	0.00431	0.00176	0.00511	0.00390	0.00421	0.00726
46	0.01004	0.00692	0.00847	0.00857	0.01013	0.00669	0.00618	0.01371	0.12823	0.08207	0.06406	0.47622	0.08283	0.01410	0.00670	0.00208	0.00363	0.01253	0.00548	0.05133
47	0.00697	0.00498	0.00664	0.00796	0.00830	0.00465	0.00531	0.00796	0.01095	0.01460	0.03153	0.79525	0.03783	0.01792	0.00730	0.00232	0.00332	0.01626	0.00531	0.00465
48	0.01390	0.52008	0.30009	0.01217	0.01836	0.01922	0.01393	0.01749	0.01179	0.01516	0.00880	0.01024	0.00731	0.00509	0.00431	0.00144	0.00697	0.00349	0.00244	0.00775
49	0.01914	0.01186	0.01361	0.01124	0.01504	0.01257	0.00902	0.16505	0.33754	0.27083	0.05551	0.02027	0.01659	0.00755	0.00582	0.00183	0.00489	0.00616	0.00624	0.00924
50	0.00806	0.00601	0.00662	0.00635	0.00828	0.00515	0.00480	0.00984	0.01395	0.05663	0.22032	0.05030	0.55649	0.01344	0.00670	0.00189	0.00295	0.01134	0.00563	0.00522
51	0.00706	0.00504	0.00674	0.00807	0.00844	0.00472	0.00547	0.00812	0.01104	0.01470	0.03148	0.76543	0.03763	0.01783	0.00733	0.00234	0.00340	0.04518	0.00531	0.00467

[dist]
# distance from previous block
# <min> <max>
0	1

[block]
# block no. 2 follows, 41 sequences, length 7
# corresponding to MSA columns:
# 226-232
name=unknown_C
#
# <colnr> <probs for GDERKNQSTAVLIFYWHMCP>
#	G	D	E	R	K	N	Q	S	T	A	V	L	I	F	Y	W	H	M	C	P
0	0.01381	0.01323	0.02258	0.11343	0.68772	0.01350	0.01738	0.01725	0.01286	0.01826	0.01070	0.01427	0.00891	0.00516	0.00567	0.00172	0.00688	0.00510	0.00280	0.00878
1	0.00865	0.00672	0.00966	0.00939	0.01016	0.00802	0.00720	0.01032	0.00903	0.01302	0.01488	0.02351	0.01449	0.14467	0.59281	0.00798	0.09512	0.00632	0.00306	0.00500
2	0.02041	0.01598	0.01711	0.10556	0.02032	0.06158	0.01148	0.61472	0.02442	0.03219	0.01302	0.01371	0.00934	0.00667	0.00569	0.00173	0.00669	0.00506	0.00518	0.00914
3	0.02029	0.01627	0.01590	0.01262	0.01652	0.10711	0.01012	0.58074	0.02367	0.03079	0.01360	0.01581	0.01061	0.08990	0.00811	0.00209	0.00670	0.00531	0.00515	0.00870
4	0.01313	0.01175	0.01841	0.55249	0.16201	0.01368	0.01563	0.10882	0.01391	0.01839	0.01107	0.01532	0.00847	0.00599	0.00585	0.00191	0.00741	0.00520	0.00312	0.00743
5	0.01040	0.00715	0.00790	0.00737	0.00800	0.00732	0.00458	0.10286	0.01093	0.01463	0.01777	0.03473	0.01964	0.69339	0.02613	0.00510	0.00575	0.00800	0.00387	0.00446
6	0.01285	0.01274	0.01772	0.01522	0.01525	0.01767	0.01263	0.01400	0.00899	0.01410	0.00787	0.01299	0.00784	0.01022	0.01884	0.00256	0.78433	0.00511	0.00262	0.00644

[dist]
# distance from previous block
# <min> <max>
9	18

[block]
# block no. 3 follows, 41 sequences, length 12
# corresponding to MSA columns:
# 251-262
name=unknown_D
#
# <colnr> <probs for GDERKNQSTAVLIFYWHMCP>
#	G	D	E	R	K	N	Q	S	T	A	V	L	I	F	Y	W	H	M	C	P
0	0.01684	0.01218	0.01315	0.01106	0.01446	0.01346	0.00880	0.28534	0.30738	0.07407	0.01952	0.05420	0.01501	0.00771	0.00560	0.00178	0.00488	0.00624	0.11970	0.00862
1	0.01270	0.01306	0.02053	0.01671	0.01778	0.01695	0.14812	0.01461	0.00964	0.01461	0.00826	0.01306	0.00773	0.00905	0.01654	0.00240	0.64383	0.00533	0.00258	0.00653
2	0.00697	0.00498	0.00664	0.00796	0.00830	0.00465	0.00531	0.00796	0.01095	0.01460	0.03153	0.79525	0.03783	0.01792	0.00730	0.00232	0.00332	0.01626	0.00531	0.00465
3	0.00697	0.00498	0.00664	0.00796	0.00830	0.00465	0.00531	0.00796	0.01095	0.01460	0.03153	0.79525	0.03783	0.01792	0.00730	0.00232	0.00332	0.01626	0.00531	0.00465
4	0.01345	0.01287	0.02195	0.19208	0.61181	0.01341	0.01720	0.01694	0.01269	0.01783	0.01064	0.01439	0.00876	0.00523	0.00567	0.00174	0.00697	0.00509	0.00277	0.00849
5	0.02255	0.00944	0.01213	0.00953	0.01339	0.00862	0.00780	0.08536	0.01644	0.56726	0.02110	0.01933	0.01388	0.00698	0.00542	0.00168	0.00458	0.00562	0.15997	0.00892
6	0.01350	0.01543	0.03375	0.02411	0.02989	0.01446	0.74253	0.01832	0.01350	0.01832	0.01157	0.01543	0.00868	0.00482	0.00675	0.00193	0.00964	0.00675	0.00289	0.00771
7	0.02517	0.01053	0.01377	0.01056	0.01500	0.00959	0.00872	0.11890	0.01771	0.67435	0.02144	0.01874	0.01360	0.00705	0.00575	0.00176	0.00505	0.00568	0.00691	0.00973
8	0.01267	0.01410	0.03031	0.02206	0.02715	0.01322	0.64885	0.01701	0.01318	0.01785	0.01411	0.11451	0.01238	0.00649	0.00682	0.00198	0.00884	0.00796	0.00320	0.00732
9	0.00746	0.00577	0.00681	0.00666	0.00819	0.00511	0.00495	0.00953	0.01453	0.01927	0.41937	0.09756	0.34764	0.01327	0.00679	0.00189	0.00282	0.01146	0.00582	0.00511
10	0.01937	0.01428	0.01569	0.01243	0.01636	0.01581	0.01015	0.61839	0.02394	0.03221	0.01472	0.04942	0.01155	0.01193	0.10370	0.00269	0.00731	0.00577	0.00537	0.00892
11	0.01232	0.02841	0.72442	0.01594	0.02415	0.01299	0.02038	0.01869	0.01233	0.06263	0.01100	0.01252	0.00766	0.00553	0.00545	0.00181	0.00824	0.00432	0.00269	0.00853

[dist]
# distance from previous block
# <min> <max>
0	1

[block]
# block no. 4 follows, 41 sequences, length 40
# corresponding to MSA columns:
# 264-303
name=unknown_E
#
# <colnr> <probs for GDERKNQSTAVLIFYWHMCP>
#	G	D	E	R	K	N	Q	S	T	A	V	L	I	F	Y	W	H	M	C	P
0	0.01365	0.01324	0.02216	0.07985	0.57033	0.01422	0.03689	0.01675	0.01222	0.01759	0.01020	0.01399	0.00870	0.00595	0.00790	0.00185	0.13826	0.00513	0.00276	0.00838
1	0.00832	0.00555	0.00624	0.00624	0.00624	0.00555	0.00347	0.00832	0.00832	0.01109	0.01802	0.03743	0.02080	0.79898	0.02911	0.00555	0.00555	0.00832	0.00347	0.00347
2	0.00711	0.00504	0.00660	0.00778	0.00808	0.00474	0.00512	0.00800	0.01068	0.01424	0.03012	0.71631	0.03606	0.09928	0.00957	0.00266	0.00355	0.01543	0.00512	0.00452
3	0.01297	0.01077	0.01239	0.00905	0.01395	0.00882	0.00725	0.10560	0.01372	0.02072	0.01115	0.03182	0.00937	0.00491	0.00450	0.00099	0.00447	0.00393	0.00373	0.70989
4	0.02260	0.01465	0.01631	0.01251	0.01705	0.01570	0.01033	0.58745	0.02459	0.19608	0.01567	0.01499	0.01070	0.00691	0.00573	0.00173	0.00598	0.00528	0.00602	0.00973
5	0.00697	0.00498	0.00664	0.00796	0.00830	0.00465	0.00531	0.00796	0.01095	0.01460	0.03153	0.79525	0.03783	0.01792	0.00730	0.00232	0.00332	0.01626	0.00531	0.00465
6	0.00766	0.00561	0.00718	0.00726	0.00839	0.00514	0.00526	0.00977	0.01446	0.01993	0.49235	0.24513	0.12330	0.01365	0.00690	0.00195	0.00288	0.01211	0.00593	0.00514
7	0.04318	0.02227	0.01577	0.01382	0.01707	0.48688	0.01065	0.16510	0.11626	0.01997	0.01167	0.01248	0.00915	0.00641	0.00562	0.00162	0.02629	0.00436	0.00388	0.00754
8	0.00697	0.00498	0.00664	0.00796	0.00830	0.00465	0.00531	0.00796	0.01095	0.01460	0.03153	0.79525	0.03783	0.01792	0.00730	0.00232	0.00332	0.01626	0.00531	0.00465
9	0.01251	0.01251	0.01752	0.01502	0.01502	0.01752	0.01251	0.01377	0.00876	0.01377	0.00751	0.01251	0.00751	0.01001	0.01877	0.00250	0.78851	0.00501	0.00250	0.00626
10	0.15927	0.01738	0.01522	0.01238	0.01640	0.19172	0.00997	0.40891	0.02086	0.07640	0.01220	0.01257	0.00887	0.00639	0.00523	0.00167	0.00682	0.00450	0.00480	0.00842
11	0.02566	0.00973	0.01327	0.01018	0.01460	0.00841	0.00841	0.02788	0.01637	0.76726	0.02257	0.01947	0.01416	0.00708	0.00575	0.00177	0.00487	0.00575	0.00708	0.00973
12	0.01311	0.01330	0.01715	0.01478	0.01515	0.05850	0.01221	0.01533	0.05720	0.01443	0.00860	0.01296	0.00814	0.00964	0.01720	0.00241	0.69564	0.00503	0.00274	0.00646
13	0.01615	0.01227	0.01345	0.01173	0.01513	0.01371	0.00940	0.17669	0.46787	0.08332	0.02197	0.02411	0.01721	0.00836	0.00601	0.00195	0.00500	0.08096	0.00584	0.00885
14	0.01416	0.01359	0.02322	0.03511	0.76330	0.01359	0.01755	0.01755	0.01302	0.01869	0.01076	0.01416	0.00906	0.00510	0.00566	0.00170	0.00680	0.00510	0.00283	0.00906
15	0.00711	0.00504	0.00660	0.00778	0.00808	0.00474	0.00512	0.00800	0.01068	0.01424	0.03012	0.71631	0.03606	0.09928	0.00957	0.00266	0.00355	0.01543	0.00512	0.00452
16	0.01398	0.01429	0.02930	0.02125	0.02654	0.01353	0.59823	0.01932	0.07094	0.06695	0.01571	0.01830	0.05057	0.00572	0.00661	0.00192	0.00857	0.00695	0.00352	0.00779
17	0.10244	0.01181	0.01265	0.01099	0.01451	0.01315	0.00869	0.04942	0.52301	0.15695	0.02128	0.01953	0.01547	0.00736	0.00557	0.00189	0.00463	0.00595	0.00580	0.00890
18	0.00994	0.00497	0.00745	0.00745	0.00745	0.00497	0.00497	0.00745	0.00745	0.00994	0.00994	0.01739	0.00994	0.01987	0.02235	0.83358	0.00497	0.00497	0.00248	0.00248
19	0.77635	0.01096	0.00878	0.00773	0.01134	0.01249	0.00637	0.01767	0.01025	0.08311	0.00910	0.01008	0.00681	0.00545	0.00371	0.00177	0.00446	0.00330	0.00381	0.00647
20	0.01350	0.01543	0.03375	0.02411	0.02989	0.01446	0.74253	0.01832	0.01350	0.01832	0.01157	0.01543	0.00868	0.00482	0.00675	0.00193	0.00964	0.00675	0.00289	0.00771
21	0.00785	0.00650	0.00698	0.00705	0.00882	0.00607	0.00520	0.01121	0.11147	0.01669	0.07357	0.19543	0.49418	0.01416	0.00674	0.00200	0.00319	0.01208	0.00541	0.00538
22	0.00972	0.00664	0.00738	0.00696	0.00744	0.00682	0.00424	0.08498	0.01025	0.01369	0.01758	0.03496	0.01964	0.71647	0.02668	0.00515	0.00562	0.00799	0.00370	0.00412
23	0.01187	0.02681	0.62493	0.01784	0.02576	0.01352	0.16276	0.01816	0.01236	0.01816	0.01052	0.01273	0.00753	0.00531	0.00569	0.00183	0.00869	0.00472	0.00251	0.00831
24	0.01338	0.01279	0.02181	0.20955	0.59495	0.01339	0.01717	0.01687	0.01266	0.01774	0.01062	0.01441	0.00873	0.00524	0.00568	0.00175	0.00699	0.00509	0.00276	0.00843
25	0.01350	0.01543	0.03375	0.02411	0.02989	0.01446	0.74253	0.01832	0.01350	0.01832	0.01157	0.01543	0.00868	0.00482	0.00675	0.00193	0.00964	0.00675	0.00289	0.00771
26	0.01114	0.01038	0.01739	0.54010	0.19459	0.01206	0.01515	0.01457	0.01173	0.01550	0.01252	0.09626	0.01109	0.00685	0.00587	0.00190	0.00699	0.00625	0.00289	0.00677
27	0.01147	0.02959	0.76934	0.01630	0.02476	0.01328	0.02113	0.01811	0.01208	0.01811	0.01026	0.01208	0.00725	0.00543	0.00543	0.00181	0.00845	0.00423	0.00242	0.00845
28	0.01423	0.01229	0.01293	0.01164	0.01487	0.01423	0.00905	0.03039	0.75297	0.02393	0.02328	0.02134	0.01746	0.00776	0.00582	0.00194	0.00453	0.00647	0.00582	0.00905
29	0.01326	0.01268	0.02160	0.23559	0.56983	0.01335	0.01711	0.01677	0.01260	0.01760	0.01060	0.01445	0.00868	0.00526	0.00568	0.00175	0.00702	0.00509	0.00275	0.00834
30	0.01416	0.01359	0.02322	0.03511	0.76330	0.01359	0.01755	0.01755	0.01302	0.01869	0.01076	0.01416	0.00906	0.00510	0.00566	0.00170	0.00680	0.00510	0.00283	0.00906
31	0.01320	0.01366	0.01742	0.01500	0.01522	0.07628	0.01240	0.01447	0.00934	0.01378	0.00761	0.01234	0.00750	0.00969	0.01772	0.00242	0.72823	0.00490	0.00254	0.00629
32	0.00697	0.00498	0.00664	0.00796	0.00830	0.00465	0.00531	0.00796	0.01095	0.01460	0.03153	0.79525	0.03783	0.01792	0.00730	0.00232	0.00332	0.01626	0.00531	0.00465
33	0.00832	0.00555	0.00624	0.00624	0.00624	0.00555	0.00347	0.00832	0.00832	0.01109	0.01802	0.03743	0.02080	0.79898	0.02911	0.00555	0.00555	0.00832	0.00347	0.00347
34	0.83938	0.01106	0.00841	0.00752	0.01106	0.01283	0.00619	0.01681	0.00973	0.02566	0.00796	0.00929	0.00619	0.00531	0.00354	0.00177	0.00442	0.00310	0.00354	0.00619
35	0.83938	0.01106	0.00841	0.00752	0.01106	0.01283	0.00619	0.01681	0.00973	0.02566	0.00796	0.00929	0.00619	0.00531	0.00354	0.00177	0.00442	0.00310	0.00354	0.00619
36	0.01350	0.01543	0.03375	0.02411	0.02989	0.01446	0.74253	0.01832	0.01350	0.01832	0.01157	0.01543	0.00868	0.00482	0.00675	0.00193	0.00964	0.00675	0.00289	0.00771
37	0.02148	0.01589	0.01702	0.01311	0.01764	0.01762	0.01081	0.71945	0.05209	0.03563	0.01406	0.01400	0.01000	0.00690	0.00573	0.00172	0.00623	0.00520	0.00573	0.00970
38	0.01350	0.01543	0.03375	0.02411	0.02989	0.01446	0.74253	0.01832	0.01350	0.01832	0.01157	0.01543	0.00868	0.00482	0.00675	0.00193	0.00964	0.00675	0.00289	0.00771
39	0.01399	0.01348	0.02262	0.03302	0.68535	0.01400	0.01703	0.01716	0.01258	0.01817	0.01042	0.01399	0.00890	0.00561	0.00703	0.00178	0.08822	0.00509	0.00280	0.00877

[dist]
# distance from previous block
# <min> <max>
0	4

[block]
# block no. 5 follows, 41 sequences, length 15
# corresponding to MSA columns:
# 308-322
name=unknown_F
#
# <colnr> <probs for GDERKNQSTAVLIFYWHMCP>
#	G	D	E	R	K	N	Q	S	T	A	V	L	I	F	Y	W	H	M	C	P
0	0.01506	0.01240	0.01405	0.01069	0.01584	0.00952	0.00818	0.01661	0.01386	0.02149	0.01340	0.01634	0.01153	0.00645	0.00567	0.00148	0.00537	0.00450	0.00448	0.79308
1	0.01542	0.01424	0.01891	0.01655	0.01694	0.01828	0.01330	0.01579	0.01094	0.01684	0.01134	0.01756	0.01103	0.01391	0.06512	0.00346	0.70273	0.00610	0.00367	0.00786
2	0.01042	0.00748	0.00909	0.01021	0.01085	0.00670	0.00679	0.01050	0.01300	0.01766	0.03366	0.75946	0.03938	0.01943	0.00858	0.00288	0.00450	0.01671	0.00630	0.00640
3	0.01167	0.00814	0.00932	0.00918	0.00971	0.00788	0.00579	0.01123	0.01068	0.01478	0.02029	0.03752	0.02188	0.60488	0.18292	0.00669	0.00862	0.00872	0.00447	0.00562
4	0.01189	0.00793	0.00969	0.01026	0.01133	0.00706	0.00702	0.01229	0.01409	0.07178	0.13158	0.60308	0.03990	0.01783	0.00839	0.00277	0.00452	0.01517	0.00656	0.00686
5	0.00994	0.00497	0.00745	0.00745	0.00745	0.00497	0.00497	0.00745	0.00745	0.00994	0.00994	0.01739	0.00994	0.01987	0.02235	0.83358	0.00497	0.00497	0.00248	0.00248
6	0.00697	0.00498	0.00664	0.00796	0.00830	0.00465	0.00531	0.00796	0.01095	0.01460	0.03153	0.79525	0.03783	0.01792	0.00730	0.00232	0.00332	0.01626	0.00531	0.00465
7	0.01010	0.00890	0.01591	0.01395	0.01644	0.00855	0.22105	0.01316	0.01313	0.01745	0.06401	0.14490	0.02766	0.01268	0.00743	0.00234	0.00614	0.38566	0.00464	0.00590
8	0.05551	0.01239	0.02055	0.26905	0.49750	0.01327	0.01645	0.01659	0.01236	0.01777	0.01043	0.01425	0.00846	0.00530	0.00557	0.00177	0.00693	0.00499	0.00278	0.00806
9	0.00740	0.00516	0.00651	0.00742	0.00764	0.00493	0.00472	0.00808	0.01012	0.01349	0.02724	0.55479	0.03243	0.26576	0.01422	0.00335	0.00403	0.01374	0.00472	0.00427
10	0.01389	0.01390	0.02504	0.03123	0.54959	0.01408	0.17224	0.01743	0.01280	0.01824	0.01069	0.01430	0.00886	0.00541	0.00689	0.00181	0.06678	0.00544	0.00282	0.00856
11	0.05555	0.02024	0.01488	0.01288	0.01635	0.45088	0.00996	0.04942	0.06021	0.23416	0.01381	0.01370	0.00997	0.00636	0.00532	0.00161	0.00801	0.00448	0.00444	0.00776
12	0.01248	0.00768	0.00999	0.01011	0.01216	0.00761	0.00840	0.01656	0.10867	0.15348	0.02955	0.12416	0.06580	0.01333	0.00712	0.00232	0.00478	0.39363	0.00567	0.00648
13	0.00697	0.00498	0.00664	0.00796	0.00830	0.00465	0.00531	0.00796	0.01095	0.01460	0.03153	0.79525	0.03783	0.01792	0.00730	0.00232	0.00332	0.01626	0.00531	0.00465
14	0.00697	0.00498	0.00664	0.00796	0.00830	0.00465	0.00531	0.00796	0.01095	0.01460	0.03153	0.79525	0.03783	0.01792	0.00730	0.00232	0.00332	0.01626	0.00531	0.00465

[dist]
# distance from previous block
# <min> <max>
0	1

[block]
# block no. 6 follows, 41 sequences, length 13
# corresponding to MSA columns:
# 324-336
name=unknown_G
#
# <colnr> <probs for GDERKNQSTAVLIFYWHMCP>
#	G	D	E	R	K	N	Q	S	T	A	V	L	I	F	Y	W	H	M	C	P
0	0.01416	0.01359	0.02322	0.03511	0.76330	0.01359	0.01755	0.01755	0.01302	0.01869	0.01076	0.01416	0.00906	0.00510	0.00566	0.00170	0.00680	0.00510	0.00283	0.00906
1	0.00832	0.00555	0.00624	0.00624	0.00624	0.00555	0.00347	0.00832	0.00832	0.01109	0.01802	0.03743	0.02080	0.79898	0.02911	0.00555	0.00555	0.00832	0.00347	0.00347
2	0.02174	0.01602	0.01717	0.01316	0.01774	0.01774	0.01087	0.74423	0.02689	0.03605	0.01373	0.01373	0.00973	0.00687	0.00572	0.00172	0.00629	0.00515	0.00572	0.00973
3	0.00832	0.00555	0.00624	0.00624	0.00624	0.00555	0.00347	0.00832	0.00832	0.01109	0.01802	0.03743	0.02080	0.79898	0.02911	0.00555	0.00555	0.00832	0.00347	0.00347
4	0.00817	0.00613	0.00919	0.00919	0.01021	0.00715	0.00715	0.01021	0.00919	0.01328	0.01532	0.02247	0.01430	0.04290	0.77631	0.00919	0.01532	0.00613	0.00306	0.00511
5	0.00832	0.00555	0.00624	0.00624	0.00624	0.00555	0.00347	0.00832	0.00832	0.01109	0.01802	0.03743	0.02080	0.79898	0.02911	0.00555	0.00555	0.00832	0.00347	0.00347
6	0.01227	0.01216	0.01706	0.01469	0.01475	0.01694	0.01221	0.01357	0.00878	0.01374	0.00794	0.01307	0.00789	0.01185	0.06104	0.00288	0.74537	0.00507	0.00253	0.00619
7	0.01169	0.07271	0.72809	0.01594	0.02419	0.01381	0.02050	0.01806	0.01205	0.01785	0.01014	0.01191	0.00725	0.00540	0.00534	0.00178	0.00832	0.00416	0.00242	0.00839
8	0.02251	0.00905	0.01217	0.00956	0.01349	0.00784	0.00781	0.02473	0.01612	0.63722	0.10300	0.02436	0.06935	0.00807	0.00593	0.00178	0.00450	0.00667	0.00688	0.00894
9	0.00709	0.00507	0.00674	0.00788	0.00832	0.00473	0.00532	0.00826	0.01151	0.01548	0.10860	0.71566	0.03954	0.01726	0.00724	0.00227	0.00325	0.01563	0.00541	0.00473
10	0.06736	0.01574	0.01668	0.01285	0.01737	0.01746	0.01061	0.70364	0.02594	0.03547	0.01341	0.01348	0.00953	0.00678	0.00560	0.00172	0.00619	0.00504	0.00560	0.00953
11	0.01132	0.01096	0.01932	0.65353	0.08781	0.01295	0.09285	0.01521	0.01176	0.01528	0.01036	0.01519	0.00783	0.00558	0.00582	0.00189	0.00778	0.00526	0.00260	0.00668
12	0.01350	0.01543	0.03375	0.02411	0.02989	0.01446	0.74253	0.01832	0.01350	0.01832	0.01157	0.01543	0.00868	0.00482	0.00675	0.00193	0.00964	0.00675	0.00289	0.00771

[dist]
# distance from previous block
# <min> <max>
1	4

[block]
# block no. 7 follows, 41 sequences, length 18
# corresponding to MSA columns:
# 341-358
name=unknown_H
#
# <colnr> <probs for GDERKNQSTAVLIFYWHMCP>
#	G	D	E	R	K	N	Q	S	T	A	V	L	I	F	Y	W	H	M	C	P
0	0.07437	0.01452	0.01587	0.01224	0.01672	0.01566	0.01011	0.56230	0.02381	0.17398	0.01504	0.01454	0.01034	0.00681	0.00559	0.00173	0.00591	0.00513	0.00584	0.00950
1	0.01253	0.24359	0.56461	0.01450	0.02197	0.01587	0.01799	0.01784	0.01195	0.01682	0.00962	0.01127	0.00727	0.00528	0.00495	0.00165	0.00781	0.00390	0.00242	0.00815
2	0.00922	0.00658	0.00922	0.01053	0.01185	0.00658	0.00922	0.01185	0.01317	0.01712	0.03029	0.06452	0.03292	0.01580	0.00790	0.00263	0.00527	0.72480	0.00527	0.00527
3	0.01331	0.01272	0.02168	0.22488	0.58017	0.01337	0.01713	0.01681	0.01262	0.01766	0.01061	0.01443	0.00870	0.00525	0.00568	0.00175	0.00701	0.00509	0.00276	0.00838
4	0.02013	0.01071	0.01294	0.01071	0.01452	0.01083	0.00859	0.02841	0.33545	0.42092	0.04700	0.02104	0.01689	0.00753	0.00581	0.00184	0.00465	0.00621	0.00651	0.00930
5	0.00755	0.00591	0.00905	0.00940	0.01022	0.00552	0.07087	0.00889	0.01118	0.01493	0.02975	0.72590	0.03524	0.01676	0.00725	0.00229	0.00388	0.01541	0.00509	0.00492
6	0.01355	0.01169	0.01228	0.01111	0.01422	0.01337	0.00862	0.02837	0.68540	0.02315	0.02645	0.02442	0.08535	0.00837	0.00591	0.00194	0.00438	0.00698	0.00577	0.00867
7	0.02462	0.00997	0.01324	0.01031	0.01463	0.00894	0.00847	0.02811	0.08363	0.69938	0.02263	0.01964	0.01446	0.00714	0.00576	0.00179	0.00484	0.00582	0.00696	0.00967
8	0.01302	0.01243	0.02116	0.28997	0.51735	0.01329	0.01699	0.01656	0.01249	0.01730	0.01056	0.01453	0.00857	0.00531	0.00568	0.00177	0.00708	0.00509	0.00273	0.00814
9	0.02126	0.00982	0.01255	0.01014	0.01396	0.00927	0.00819	0.02643	0.16972	0.52663	0.10781	0.02254	0.01944	0.00775	0.00588	0.00181	0.00455	0.00643	0.00673	0.00909
10	0.02129	0.02199	0.01574	0.01366	0.01709	0.49026	0.01054	0.14691	0.08357	0.10589	0.01255	0.01294	0.00945	0.00636	0.00538	0.00159	0.00848	0.00442	0.00415	0.00773
11	0.01123	0.00949	0.01118	0.00841	0.01287	0.00724	0.00659	0.01357	0.01174	0.01812	0.01293	0.11334	0.01228	0.00601	0.00463	0.00104	0.00412	0.00506	0.00364	0.72652
12	0.01529	0.80242	0.02997	0.00979	0.01468	0.02263	0.00979	0.01713	0.01162	0.01346	0.00795	0.00918	0.00734	0.00489	0.00367	0.00122	0.00612	0.00306	0.00245	0.00734
13	0.00771	0.00549	0.00732	0.00787	0.00833	0.00566	0.00538	0.00876	0.00969	0.01324	0.02285	0.35062	0.02593	0.23794	0.25071	0.00532	0.00763	0.01097	0.00412	0.00447
14	0.00872	0.00634	0.00782	0.00757	0.00773	0.00699	0.00494	0.00915	0.00850	0.01169	0.01655	0.03264	0.01847	0.60440	0.14194	0.00580	0.08580	0.00765	0.00331	0.00400
15	0.83938	0.01106	0.00841	0.00752	0.01106	0.01283	0.00619	0.01681	0.00973	0.02566	0.00796	0.00929	0.00619	0.00531	0.00354	0.00177	0.00442	0.00310	0.00354	0.00619
16	0.01416	0.01359	0.02322	0.03511	0.76330	0.01359	0.01755	0.01755	0.01302	0.01869	0.01076	0.01416	0.00906	0.00510	0.00566	0.00170	0.00680	0.00510	0.00283	0.00906
17	0.00683	0.00580	0.00588	0.00586	0.00777	0.00486	0.00440	0.00833	0.01319	0.01582	0.09204	0.05445	0.72665	0.01435	0.00676	0.00193	0.00289	0.01199	0.00536	0.00486

[dist]
# distance from previous block
# <min> <max>
4	8

[block]
# block no. 8 follows, 41 sequences, length 16
# corresponding to MSA columns:
# 367-382
name=unknown_I
#
# <colnr> <probs for GDERKNQSTAVLIFYWHMCP>
#	G	D	E	R	K	N	Q	S	T	A	V	L	I	F	Y	W	H	M	C	P
0	0.02525	0.01040	0.01369	0.01049	0.01494	0.00940	0.00867	0.10415	0.01749	0.68940	0.02163	0.01886	0.01369	0.00706	0.00575	0.00176	0.00502	0.00569	0.00693	0.00973
1	0.02231	0.00974	0.01269	0.00995	0.01390	0.00885	0.00813	0.09864	0.01733	0.56876	0.12242	0.02310	0.04164	0.00790	0.00591	0.00177	0.00466	0.00650	0.00678	0.00900
2	0.02140	0.02636	0.01629	0.01461	0.01769	0.71491	0.01104	0.08097	0.01707	0.01578	0.00924	0.01059	0.00756	0.00597	0.00520	0.00149	0.00999	0.00380	0.00317	0.00688
3	0.00821	0.00593	0.00781	0.00755	0.00890	0.00552	0.00580	0.01091	0.01587	0.02232	0.68255	0.04505	0.05173	0.01213	0.00687	0.00189	0.00297	0.08642	0.00619	0.00538
4	0.02205	0.01553	0.01686	0.01293	0.01749	0.01700	0.01068	0.68773	0.02606	0.09372	0.01443	0.01419	0.01008	0.00688	0.00572	0.00172	0.00618	0.00520	0.00583	0.00973
5	0.00697	0.00498	0.00664	0.00796	0.00830	0.00465	0.00531	0.00796	0.01095	0.01460	0.03153	0.79525	0.03783	0.01792	0.00730	0.00232	0.00332	0.01626	0.00531	0.00465
6	0.00747	0.00635	0.00708	0.00679	0.00846	0.00595	0.00520	0.00913	0.01327	0.01668	0.18150	0.04938	0.57179	0.01362	0.00773	0.00195	0.06617	0.01119	0.00526	0.00505
7	0.00830	0.00560	0.00652	0.00652	0.00662	0.00570	0.00382	0.00850	0.00840	0.01130	0.01776	0.03600	0.02017	0.72673	0.10051	0.00589	0.00648	0.00811	0.00343	0.00362
8	0.01529	0.80242	0.02997	0.00979	0.01468	0.02263	0.00979	0.01713	0.01162	0.01346	0.00795	0.00918	0.00734	0.00489	0.00367	0.00122	0.00612	0.00306	0.00245	0.00734
9	0.02011	0.02462	0.01563	0.01419	0.01719	0.64184	0.01070	0.02417	0.14598	0.01575	0.01138	0.01226	0.00915	0.00622	0.00527	0.00156	0.00930	0.00417	0.00345	0.00706
10	0.01100	0.01056	0.01838	0.72891	0.03869	0.01284	0.06966	0.01489	0.01159	0.01489	0.01027	0.01526	0.00770	0.00565	0.00579	0.00191	0.00777	0.00521	0.00257	0.00645
11	0.75088	0.01054	0.00849	0.00770	0.01097	0.01223	0.00630	0.01611	0.00968	0.02434	0.00875	0.01070	0.00706	0.00931	0.08582	0.00256	0.00558	0.00342	0.00349	0.00608
12	0.02205	0.01553	0.01686	0.01293	0.01749	0.01700	0.01068	0.68773	0.02606	0.09372	0.01443	0.01419	0.01008	0.00688	0.00572	0.00172	0.00618	0.00520	0.00583	0.00973
13	0.01147	0.02959	0.76934	0.01630	0.02476	0.01328	0.02113	0.01811	0.01208	0.01811	0.01026	0.01208	0.00725	0.00543	0.00543	0.00181	0.00845	0.00423	0.00242	0.00845
14	0.02171	0.01710	0.01707	0.01331	0.01773	0.09019	0.01089	0.67530	0.02587	0.03394	0.01327	0.01341	0.00950	0.00677	0.00567	0.00169	0.00668	0.00501	0.00546	0.00943
15	0.00832	0.00555	0.00624	0.00624	0.00624	0.00555	0.00347	0.00832	0.00832	0.01109	0.01802	0.03743	0.02080	0.79898	0.02911	0.00555	0.00555	0.00832	0.00347	0.00347

[dist]
# distance from previous block
# <min> <max>
6	16

[block]
# block no. 9 follows, 41 sequences, length 6
# corresponding to MSA columns:
# 399-404
name=unknown_J
#
# <colnr> <probs for GDERKNQSTAVLIFYWHMCP>
#	G	D	E	R	K	N	Q	S	T	A	V	L	I	F	Y	W	H	M	C	P
0	0.69417	0.01431	0.14188	0.00906	0.01346	0.01291	0.00881	0.01704	0.01015	0.02434	0.00837	0.00978	0.00638	0.00533	0.00387	0.00178	0.00513	0.00330	0.00334	0.00659
1	0.01118	0.00653	0.00863	0.00772	0.00961	0.00592	0.00592	0.01379	0.01622	0.15349	0.63089	0.03865	0.04699	0.01088	0.00657	0.00179	0.00308	0.00954	0.00643	0.00616
2	0.01459	0.66074	0.16552	0.01098	0.01653	0.02092	0.01187	0.01731	0.01171	0.01431	0.00838	0.00971	0.00732	0.00499	0.00399	0.00133	0.00655	0.00327	0.00244	0.00754
3	0.01303	0.01451	0.03084	0.15761	0.03156	0.01416	0.61507	0.01767	0.01314	0.01767	0.01133	0.01540	0.00849	0.00498	0.00657	0.00192	0.00929	0.00646	0.00283	0.00748
4	0.00820	0.00601	0.00857	0.00857	0.00938	0.00681	0.00637	0.00981	0.00901	0.01282	0.01589	0.02562	0.01567	0.20212	0.61896	0.00842	0.01326	0.00659	0.00315	0.00476
5	0.01097	0.00940	0.01080	0.00800	0.01253	0.00713	0.00635	0.01332	0.01207	0.01808	0.01855	0.01944	0.14046	0.00603	0.00468	0.00104	0.00400	0.00491	0.00373	0.68852

[dist]
# distance from previous block
# <min> <max>
0	1

[block]
# block no. 10 follows, 41 sequences, length 6
# corresponding to MSA columns:
# 406-411
name=unknown_K
#
# <colnr> <probs for GDERKNQSTAVLIFYWHMCP>
#	G	D	E	R	K	N	Q	S	T	A	V	L	I	F	Y	W	H	M	C	P
0	0.00796	0.00574	0.00752	0.00729	0.00852	0.00531	0.00539	0.01045	0.01556	0.02193	0.67252	0.13335	0.05203	0.01244	0.00681	0.00186	0.00277	0.01106	0.00618	0.00531
1	0.00810	0.00585	0.00765	0.00720	0.00855	0.00540	0.00540	0.01079	0.01619	0.02294	0.76028	0.04273	0.05397	0.01169	0.00675	0.00180	0.00270	0.01034	0.00630	0.00540
2	0.02174	0.01602	0.01717	0.01316	0.01774	0.01774	0.01087	0.74423	0.02689	0.03605	0.01373	0.01373	0.00973	0.00687	0.00572	0.00172	0.00629	0.00515	0.00572	0.00973
3	0.00697	0.00498	0.00664	0.00796	0.00830	0.00465	0.00531	0.00796	0.01095	0.01460	0.03153	0.79525	0.03783	0.01792	0.00730	0.00232	0.00332	0.01626	0.00531	0.00465
4	0.01186	0.01017	0.01186	0.00847	0.01356	0.00762	0.00678	0.01440	0.01186	0.01864	0.01017	0.01186	0.00847	0.00424	0.00424	0.00085	0.00424	0.00339	0.00339	0.83395
5	0.08598	0.01705	0.01609	0.01279	0.01702	0.13782	0.01039	0.52911	0.02321	0.07560	0.01303	0.01318	0.00934	0.00660	0.00546	0.00169	0.00670	0.00479	0.00519	0.00896

[dist]
# distance from previous block
# <min> <max>
0	1

[block]
# block no. 11 follows, 41 sequences, length 16
# corresponding to MSA columns:
# 413-428
name=unknown_L
#
# <colnr> <probs for GDERKNQSTAVLIFYWHMCP>
#	G	D	E	R	K	N	Q	S	T	A	V	L	I	F	Y	W	H	M	C	P
0	0.01370	0.55265	0.18163	0.01086	0.01610	0.01877	0.01166	0.01663	0.01223	0.01548	0.09216	0.01351	0.01251	0.00576	0.00438	0.00141	0.00622	0.00411	0.00287	0.00736
1	0.01080	0.01017	0.01716	0.78523	0.03940	0.01271	0.01589	0.01461	0.01144	0.01461	0.01017	0.01525	0.00762	0.00572	0.00572	0.00191	0.00762	0.00508	0.00254	0.00635
2	0.01186	0.01017	0.01186	0.00847	0.01356	0.00762	0.00678	0.01440	0.01186	0.01864	0.01017	0.01186	0.00847	0.00424	0.00424	0.00085	0.00424	0.00339	0.00339	0.83395
3	0.00786	0.00570	0.00741	0.00727	0.00847	0.00525	0.00535	0.01023	0.01521	0.02129	0.61429	0.16812	0.07644	0.01283	0.00684	0.00189	0.00281	0.01139	0.00610	0.00525
4	0.00988	0.00747	0.00955	0.01013	0.01176	0.00776	0.00843	0.01500	0.15424	0.01906	0.12905	0.09723	0.03316	0.01384	0.00731	0.00237	0.00466	0.44762	0.00552	0.00597
5	0.01251	0.01251	0.01752	0.01502	0.01502	0.01752	0.01251	0.01377	0.00876	0.01377	0.00751	0.01251	0.00751	0.01001	0.01877	0.00250	0.78851	0.00501	0.00250	0.00626
6	0.01002	0.00501	0.00722	0.00722	0.00736	0.00501	0.00486	0.00811	0.00796	0.01120	0.01091	0.01783	0.01046	0.01840	0.02031	0.74096	0.00471	0.00501	0.09466	0.00280
7	0.01186	0.01017	0.01186	0.00847	0.01356	0.00762	0.00678	0.01440	0.01186	0.01864	0.01017	0.01186	0.00847	0.00424	0.00424	0.00085	0.00424	0.00339	0.00339	0.83395
8	0.02143	0.02540	0.01637	0.01447	0.01769	0.65024	0.01102	0.14250	0.01798	0.01766	0.00965	0.01088	0.00776	0.00606	0.00525	0.00151	0.00965	0.00393	0.00341	0.00714
9	0.00890	0.09450	0.01013	0.00748	0.00923	0.00732	0.00589	0.01150	0.01568	0.02188	0.67655	0.03899	0.04878	0.01094	0.00640	0.00173	0.00308	0.00953	0.00587	0.00561
10	0.00694	0.00580	0.00605	0.00599	0.00784	0.00491	0.00449	0.00856	0.01347	0.01648	0.15418	0.05336	0.66410	0.01410	0.00676	0.00191	0.00287	0.01184	0.00545	0.00491
11	0.00990	0.00737	0.00973	0.01069	0.01226	0.00763	0.00919	0.01439	0.11454	0.01805	0.02933	0.05860	0.03080	0.01470	0.00762	0.00254	0.00517	0.62637	0.00534	0.00579
12	0.00717	0.00593	0.00636	0.00658	0.00841	0.00512	0.00515	0.00881	0.01306	0.01573	0.05335	0.05662	0.64008	0.01470	0.00695	0.00205	0.00329	0.13042	0.00530	0.00490
13	0.00922	0.00658	0.00922	0.01053	0.01185	0.00658	0.00922	0.01185	0.01317	0.01712	0.03029	0.06452	0.03292	0.01580	0.00790	0.00263	0.00527	0.72480	0.00527	0.00527
14	0.09450	0.01225	0.01304	0.01123	0.01481	0.01370	0.00890	0.11066	0.49862	0.12733	0.02064	0.01907	0.01506	0.00733	0.00558	0.00188	0.00477	0.00590	0.00577	0.00895
15	0.01477	0.69653	0.13128	0.01068	0.01606	0.02135	0.01134	0.01726	0.01168	0.01410	0.00827	0.00957	0.00733	0.00497	0.00391	0.00130	0.00644	0.00322	0.00244	0.00749

[dist]
# distance from previous block
# <min> <max>
0	1

[block]
# block no. 12 follows, 41 sequences, length 34
# corresponding to MSA columns:
# 430-463
name=unknown_M
#
# <colnr> <probs for GDERKNQSTAVLIFYWHMCP>
#	G	D	E	R	K	N	Q	S	T	A	V	L	I	F	Y	W	H	M	C	P
