[name]
unknown

[dist]
# distance from previous block
# <min> <max>
8	277

[block]
# block no. 0 follows, 41 sequences, length 12
# corresponding to MSA columns:
# 283-294
name=unknown_A
#
# <colnr> <probs for GDERKNQSTAVLIFYWHMCP>
#	G	D	E	R	K	N	Q	S	T	A	V	L	I	F	Y	W	H	M	C	P
0	0.00961	0.00497	0.00736	0.00751	0.00754	0.00493	0.00501	0.00751	0.00783	0.01045	0.01230	0.10261	0.01299	0.01966	0.02071	0.74250	0.00479	0.00621	0.00279	0.00272
1	0.00861	0.00719	0.01046	0.27805	0.01910	0.00771	0.00885	0.01117	0.01306	0.01726	0.24734	0.16881	0.15819	0.01120	0.00649	0.00195	0.00456	0.00986	0.00464	0.00550
2	0.01256	0.01117	0.02206	0.01696	0.02070	0.01038	0.40535	0.01576	0.01293	0.09908	0.01973	0.28745	0.01943	0.00963	0.00683	0.00205	0.00692	0.00995	0.00419	0.00687
3	0.01297	0.00947	0.01113	0.00964	0.01211	0.00982	0.00772	0.26634	0.01959	0.02687	0.42030	0.03502	0.03626	0.01046	0.00652	0.00186	0.00423	0.08682	0.00598	0.00689
4	0.00978	0.00797	0.01017	0.00930	0.00930	0.00972	0.00662	0.01022	0.00847	0.01202	0.01436	0.02875	0.01617	0.52421	0.02551	0.00449	0.27822	0.00716	0.00313	0.00444
5	0.00938	0.00521	0.00579	0.00625	0.00723	0.00509	0.00446	0.01146	0.01163	0.01898	0.02314	0.29085	0.02273	0.01058	0.00515	0.00168	0.00289	0.00914	0.54327	0.00509
6	0.02150	0.02335	0.01654	0.01419	0.01770	0.51194	0.01099	0.27407	0.01993	0.02168	0.01054	0.01151	0.00819	0.00623	0.00535	0.00156	0.00891	0.00419	0.00391	0.00771
7	0.55142	0.01157	0.01158	0.01013	0.01244	0.01446	0.00840	0.01575	0.00939	0.02152	0.00781	0.01041	0.00665	0.00695	0.00884	0.00203	0.27749	0.00376	0.00318	0.00622
8	0.18992	0.01016	0.01361	0.27955	0.02250	0.01083	0.01055	0.02095	0.01327	0.35072	0.01521	0.01588	0.01022	0.00624	0.00528	0.00182	0.00574	0.00497	0.00476	0.00782
9	0.00889	0.00563	0.00673	0.00653	0.00785	0.00532	0.00487	0.01147	0.01440	0.02176	0.44647	0.06648	0.06554	0.01030	0.00581	0.00166	0.00272	0.00890	0.29334	0.00532
10	0.01202	0.01015	0.01376	0.27906	0.02259	0.00943	0.01001	0.01499	0.01189	0.04589	0.01064	0.01333	0.00839	0.00486	0.00481	0.00125	0.00544	0.00407	0.00324	0.51418
11	0.01303	0.00983	0.01112	0.00997	0.01265	0.01067	0.00773	0.02336	0.43595	0.08456	0.27989	0.02863	0.02990	0.00907	0.00614	0.00188	0.00392	0.00776	0.00609	0.00784

[dist]
# distance from previous block
# <min> <max>
0	1

[block]
# block no. 1 follows, 41 sequences, length 20
# corresponding to MSA columns:
# 296-315
name=unknown_B
#
# <colnr> <probs for GDERKNQSTAVLIFYWHMCP>
#	G	D	E	R	K	N	Q	S	T	A	V	L	I	F	Y	W	H	M	C	P
0	0.00697	0.00498	0.00664	0.00796	0.00830	0.00465	0.00531	0.00796	0.01095	0.01460	0.03153	0.79525	0.03783	0.01792	0.00730	0.00232	0.00332	0.01626	0.00531	0.00465
1	0.01996	0.00960	0.01393	0.24096	0.02153	0.00945	0.01036	0.02260	0.01468	0.49236	0.02125	0.02060	0.06238	0.00717	0.00581	0.00182	0.00556	0.00598	0.00561	0.00840
2	0.01137	0.00830	0.00975	0.00944	0.01109	0.00856	0.00693	0.22749	0.01578	0.02103	0.02714	0.53640	0.05470	0.01450	0.00681	0.00213	0.00419	0.01280	0.00543	0.00617
3	0.00731	0.00538	0.00734	0.00818	0.00883	0.00540	0.00579	0.00865	0.01057	0.01426	0.02847	0.51512	0.07940	0.02514	0.23654	0.00434	0.00687	0.01296	0.00464	0.00480
4	0.00818	0.00611	0.00909	0.00909	0.01007	0.00709	0.00702	0.01015	0.00916	0.01320	0.01542	0.02301	0.01453	0.07006	0.74947	0.00906	0.01497	0.00621	0.00308	0.00505
5	0.00848	0.00635	0.00820	0.00912	0.01062	0.00606	0.00776	0.01076	0.01313	0.01662	0.03853	0.06170	0.24999	0.01541	0.00756	0.00242	0.00456	0.51230	0.00528	0.00514
6	0.00676	0.00579	0.00579	0.00579	0.00773	0.00483	0.00435	0.00821	0.01304	0.01545	0.05794	0.05505	0.76098	0.01449	0.00676	0.00193	0.00290	0.01207	0.00531	0.00483
7	0.01123	0.02236	0.54156	0.01303	0.01936	0.01091	0.01602	0.01669	0.01205	0.01907	0.01277	0.01483	0.00946	0.00580	0.00501	0.00167	0.00673	0.00456	0.24937	0.00752
8	0.02216	0.01867	0.01466	0.01247	0.01598	0.39180	0.00971	0.07400	0.01701	0.29480	0.06066	0.01594	0.01292	0.00676	0.00551	0.00162	0.00755	0.00496	0.00488	0.00792
9	0.59120	0.00925	0.00788	0.00765	0.01024	0.01039	0.00593	0.01418	0.01010	0.02237	0.01499	0.24362	0.01563	0.00907	0.00466	0.00193	0.00409	0.00702	0.00407	0.00573
10	0.01257	0.01080	0.01218	0.00942	0.01395	0.00959	0.00746	0.01917	0.23282	0.02022	0.01408	0.01469	0.01115	0.00529	0.00471	0.00117	0.00432	0.00431	0.00411	0.58801
11	0.59561	0.01254	0.01102	0.00920	0.01305	0.01429	0.00759	0.23369	0.01485	0.02876	0.00968	0.01062	0.00725	0.00577	0.00419	0.00175	0.00498	0.00371	0.00419	0.00725
12	0.01431	0.02395	0.49391	0.01475	0.02157	0.01408	0.01702	0.23411	0.01677	0.02379	0.06169	0.01463	0.01112	0.00628	0.00561	0.00178	0.00742	0.00491	0.00366	0.00863
13	0.00743	0.00586	0.00674	0.00681	0.00843	0.00518	0.00521	0.00935	0.01390	0.01782	0.26327	0.08465	0.44188	0.01394	0.00690	0.00198	0.00311	0.08690	0.00560	0.00504
14	0.01248	0.00999	0.01172	0.00845	0.01339	0.00759	0.00677	0.01501	0.01208	0.05444	0.01103	0.01252	0.00894	0.00445	0.00430	0.00091	0.00422	0.00356	0.02970	0.76845
15	0.00744	0.00590	0.00717	0.00708	0.00863	0.00563	0.00539	0.00931	0.01250	0.01625	0.18111	0.04295	0.40158	0.02242	0.23620	0.00407	0.00656	0.00997	0.00483	0.00502
16	0.01476	0.56778	0.03110	0.01406	0.01922	0.02020	0.22825	0.01748	0.01218	0.01491	0.00903	0.01104	0.00774	0.00487	0.00459	0.00143	0.00717	0.00416	0.00258	0.00745
17	0.00792	0.00538	0.00636	0.00675	0.00685	0.00528	0.00402	0.00821	0.00910	0.01214	0.02205	0.26337	0.02587	0.56611	0.02261	0.00458	0.00488	0.01069	0.00402	0.00382
18	0.03439	0.01214	0.01265	0.01091	0.01371	0.05953	0.00842	0.34601	0.05601	0.05857	0.01977	0.24866	0.01921	0.06334	0.00769	0.00215	0.00541	0.00863	0.00529	0.00749
19	0.01174	0.01086	0.01830	0.08023	0.45440	0.01090	0.04540	0.01452	0.01231	0.01716	0.01694	0.24717	0.01752	0.00895	0.00620	0.00191	0.00594	0.00850	0.00355	0.00749

[dist]
# distance from previous block
# <min> <max>
0	1

[block]
# block no. 2 follows, 41 sequences, length 13
# corresponding to MSA columns:
# 317-329
name=unknown_C
#
# <colnr> <probs for GDERKNQSTAVLIFYWHMCP>
#	G	D	E	R	K	N	Q	S	T	A	V	L	I	F	Y	W	H	M	C	P
0	0.00870	0.00666	0.00862	0.00833	0.00953	0.00744	0.00651	0.01058	0.01063	0.01522	0.02650	0.02996	0.21599	0.02554	0.35530	0.00518	0.10018	0.00748	0.13644	0.00520
1	0.01898	0.01222	0.01381	0.01149	0.01532	0.01316	0.00920	0.16117	0.40257	0.24477	0.02131	0.01939	0.01506	0.00740	0.00578	0.00185	0.00495	0.00601	0.00617	0.00938
2	0.15156	0.00881	0.01059	0.00868	0.01177	0.00834	0.00671	0.02080	0.01312	0.44324	0.01899	0.02271	0.01468	0.22149	0.01173	0.00279	0.00498	0.00602	0.00553	0.00747
3	0.01729	0.01272	0.01383	0.01063	0.01483	0.01301	0.00866	0.42906	0.02043	0.02897	0.01356	0.01444	0.01018	0.00612	0.00504	0.00142	0.00515	0.00470	0.13750	0.23247
4	0.01108	0.00731	0.01173	0.01495	0.21237	0.00731	0.00838	0.01019	0.00896	0.01231	0.01016	0.01651	0.00970	0.01587	0.01783	0.60805	0.00546	0.00500	0.00258	0.00427
5	0.01124	0.00953	0.01513	0.02101	0.33600	0.00951	0.01262	0.01412	0.01300	0.01767	0.02192	0.07911	0.02287	0.01129	0.00690	0.00221	0.00583	0.37896	0.00422	0.00687
6	0.01446	0.00986	0.01102	0.00936	0.01150	0.01120	0.00754	0.24416	0.01618	0.02476	0.01531	0.01751	0.01196	0.00727	0.00691	0.00164	0.12993	0.00522	0.43733	0.00687
7	0.00697	0.00498	0.00664	0.00796	0.00830	0.00465	0.00531	0.00796	0.01095	0.01460	0.03153	0.79525	0.03783	0.01792	0.00730	0.00232	0.00332	0.01626	0.00531	0.00465
8	0.01665	0.01237	0.01323	0.01079	0.01442	0.01326	0.00870	0.39816	0.13920	0.06114	0.02765	0.02641	0.21484	0.00909	0.00602	0.00181	0.00503	0.00726	0.00569	0.00829
9	0.00818	0.00650	0.00908	0.00943	0.00989	0.00739	0.00696	0.00951	0.01012	0.01411	0.02328	0.46012	0.02658	0.02342	0.21763	0.00421	0.13259	0.01171	0.00425	0.00503
10	0.00894	0.00696	0.00834	0.00896	0.01008	0.00724	0.00632	0.01405	0.21212	0.01713	0.02929	0.58544	0.03231	0.01517	0.00690	0.00222	0.00365	0.01361	0.00545	0.00584
11	0.18489	0.01069	0.01221	0.01004	0.01397	0.01087	0.00814	0.02635	0.21474	0.41780	0.01985	0.01795	0.01347	0.00691	0.00533	0.00182	0.00469	0.00542	0.00603	0.00884
12	0.02442	0.01174	0.01451	0.01113	0.01560	0.01138	0.00919	0.25596	0.01972	0.53445	0.01975	0.01764	0.01275	0.00701	0.00574	0.00175	0.00532	0.00556	0.00665	0.00973

[dist]
# distance from previous block
# <min> <max>
0	1

[block]
# block no. 3 follows, 41 sequences, length 18
# corresponding to MSA columns:
# 331-348
name=unknown_D
#
# <colnr> <probs for GDERKNQSTAVLIFYWHMCP>
#	G	D	E	R	K	N	Q	S	T	A	V	L	I	F	Y	W	H	M	C	P
0	0.02032	0.00951	0.01184	0.00942	0.01323	0.00865	0.00767	0.11205	0.01683	0.48303	0.03056	0.02790	0.20548	0.00896	0.00601	0.00180	0.00454	0.00730	0.00646	0.00847
1	0.01464	0.00957	0.01040	0.00885	0.01140	0.01036	0.00705	0.29609	0.01742	0.02603	0.01633	0.01853	0.01270	0.01126	0.10086	0.00246	0.00565	0.00536	0.40804	0.00701
2	0.02013	0.01447	0.01545	0.01202	0.01613	0.01594	0.00987	0.63806	0.02473	0.03391	0.01445	0.01484	0.01044	0.00684	0.00547	0.00166	0.00577	0.00518	0.12557	0.00909
3	0.01937	0.10761	0.01326	0.00898	0.01254	0.01000	0.00748	0.04420	0.06371	0.39680	0.01945	0.01865	0.01353	0.00673	0.00501	0.00159	0.00444	0.00533	0.23313	0.00818
4	0.62546	0.00971	0.00774	0.00708	0.01020	0.01078	0.00572	0.01460	0.01058	0.02304	0.02081	0.02105	0.20012	0.00767	0.00437	0.00181	0.00403	0.00540	0.00399	0.00584
5	0.01578	0.50287	0.02388	0.01088	0.01510	0.11431	0.00976	0.02125	0.20266	0.01621	0.01200	0.01244	0.00994	0.00575	0.00441	0.00144	0.00623	0.00401	0.00338	0.00769
6	0.01271	0.01055	0.01121	0.01025	0.01266	0.01200	0.00762	0.02472	0.56165	0.02063	0.02193	0.02547	0.01832	0.21104	0.01180	0.00287	0.00479	0.00694	0.00522	0.00762
7	0.01297	0.00781	0.00995	0.00892	0.01009	0.00825	0.00648	0.19675	0.01245	0.01664	0.01091	0.01645	0.00988	0.01653	0.01808	0.61985	0.00531	0.00501	0.00332	0.00434
8	0.02466	0.01135	0.01427	0.01094	0.01541	0.01080	0.00904	0.21192	0.01907	0.57939	0.02030	0.01799	0.01302	0.00702	0.00574	0.00176	0.00523	0.00560	0.00673	0.00973
9	0.02174	0.01602	0.01717	0.01316	0.01774	0.01774	0.01087	0.74423	0.02689	0.03605	0.01373	0.01373	0.00973	0.00687	0.00572	0.00172	0.00629	0.00515	0.00572	0.00973
10	0.01411	0.02610	0.57609	0.01550	0.02295	0.01443	0.01850	0.20467	0.01588	0.02272	0.01116	0.01250	0.00788	0.00580	0.00551	0.00179	0.00790	0.00446	0.00326	0.00878
11	0.00795	0.00572	0.00678	0.00659	0.00752	0.00535	0.00448	0.00940	0.01264	0.01711	0.35410	0.04286	0.16516	0.31251	0.01528	0.00325	0.00382	0.00987	0.00504	0.00456
12	0.58045	0.00943	0.00822	0.00778	0.01055	0.01048	0.00609	0.01515	0.01041	0.06389	0.01483	0.21179	0.01476	0.00865	0.00463	0.00191	0.00416	0.00663	0.00419	0.00599
13	0.01542	0.01210	0.01327	0.01048	0.01440	0.01225	0.00827	0.27856	0.15810	0.02495	0.01492	0.01752	0.01217	0.10484	0.00817	0.00195	0.00519	0.00522	0.00470	0.27751
14	0.00996	0.00611	0.00804	0.00773	0.00922	0.00557	0.00572	0.01213	0.01479	0.11332	0.46415	0.23347	0.06199	0.01279	0.00677	0.00193	0.00313	0.01133	0.00612	0.00573
15	0.00800	0.00531	0.00712	0.00824	0.00883	0.00495	0.00571	0.00916	0.01135	0.05014	0.03102	0.71023	0.03639	0.01727	0.00727	0.00232	0.00352	0.06285	0.00539	0.00493
16	0.01655	0.01232	0.01295	0.01092	0.01393	0.04437	0.00859	0.43403	0.02050	0.02779	0.01871	0.21533	0.01746	0.00964	0.00589	0.00181	0.00524	0.00797	0.10826	0.00775
17	0.01212	0.01161	0.01905	0.04345	0.45162	0.01143	0.07803	0.01575	0.04781	0.01797	0.02353	0.02514	0.20257	0.00762	0.00605	0.00180	0.00596	0.00710	0.00361	0.00779

[dist]
# distance from previous block
# <min> <max>
0	1

[block]
# block no. 4 follows, 41 sequences, length 9
# corresponding to MSA columns:
# 350-358
name=unknown_E
#
# <colnr> <probs for GDERKNQSTAVLIFYWHMCP>
#	G	D	E	R	K	N	Q	S	T	A	V	L	I	F	Y	W	H	M	C	P
0	0.01244	0.01084	0.03265	0.06567	0.10345	0.01033	0.06451	0.05939	0.10270	0.03493	0.01876	0.04574	0.01756	0.00884	0.00617	0.00188	0.00571	0.21752	0.00431	0.17662
1	0.01135	0.00962	0.01131	0.00842	0.01300	0.00731	0.00662	0.01372	0.01177	0.01821	0.01242	0.09439	0.01156	0.00568	0.00456	0.00100	0.00414	0.00474	0.00359	0.74658
2	0.01099	0.01014	0.01708	0.69297	0.08838	0.01237	0.01544	0.01445	0.01134	0.01466	0.01020	0.01528	0.00784	0.00640	0.00657	0.04446	0.00743	0.00508	0.00256	0.00635
3	0.00763	0.00545	0.00740	0.00872	0.00934	0.00522	0.00646	0.00911	0.01160	0.01534	0.03116	0.57973	0.03638	0.01729	0.00748	0.00241	0.00389	0.22523	0.00530	0.00483
4	0.00846	0.00778	0.00925	0.00851	0.00988	0.00857	0.00675	0.00985	0.01178	0.01495	0.04307	0.04250	0.53876	0.01317	0.01030	0.00210	0.23460	0.00999	0.00448	0.00525
5	0.01242	0.01039	0.01137	0.01033	0.01301	0.01162	0.00798	0.02461	0.53567	0.02364	0.24065	0.02765	0.02823	0.00892	0.00609	0.00190	0.00399	0.00761	0.00596	0.00798
6	0.01644	0.01339	0.01418	0.01209	0.01572	0.01526	0.00959	0.24093	0.53882	0.02750	0.02046	0.01910	0.01518	0.00750	0.00579	0.00187	0.00505	0.00608	0.00579	0.00925
7	0.00955	0.00569	0.00812	0.08903	0.01046	0.00595	0.00567	0.00846	0.00813	0.01077	0.01234	0.02307	0.01289	0.24816	0.02260	0.50175	0.00542	0.00597	0.00278	0.00318
8	0.01479	0.02218	0.39684	0.07126	0.09631	0.01463	0.04180	0.23198	0.01654	0.02322	0.01137	0.01310	0.00823	0.00582	0.00561	0.00178	0.00764	0.00473	0.00346	0.00872

[dist]
# distance from previous block
# <min> <max>
4	19

[block]
# block no. 5 follows, 41 sequences, length 11
# corresponding to MSA columns:
# 378-388
name=unknown_F
#
# <colnr> <probs for GDERKNQSTAVLIFYWHMCP>
#	G	D	E	R	K	N	Q	S	T	A	V	L	I	F	Y	W	H	M	C	P
0	0.00760	0.00528	0.00659	0.00723	0.00755	0.00506	0.00462	0.00840	0.01051	0.01416	0.10311	0.43083	0.03312	0.31127	0.01545	0.00348	0.00409	0.01265	0.00472	0.00428
1	0.00859	0.00613	0.00760	0.00823	0.00892	0.00604	0.00559	0.07944	0.01213	0.01619	0.02791	0.61364	0.03273	0.12589	0.01019	0.00271	0.00392	0.01407	0.00509	0.00497
2	0.72333	0.01033	0.00830	0.00748	0.01071	0.01179	0.00608	0.01597	0.01064	0.02528	0.11299	0.01396	0.01286	0.00620	0.00399	0.00177	0.00418	0.00411	0.00392	0.00608
3	0.83938	0.01106	0.00841	0.00752	0.01106	0.01283	0.00619	0.01681	0.00973	0.02566	0.00796	0.00929	0.00619	0.00531	0.00354	0.00177	0.00442	0.00310	0.00354	0.00619
4	0.10252	0.01115	0.01212	0.01074	0.01397	0.01227	0.00850	0.07378	0.41536	0.14049	0.02191	0.08008	0.01759	0.00853	0.00578	0.00195	0.00464	0.04453	0.00570	0.00837
5	0.01183	0.00658	0.00795	0.00733	0.00848	0.00634	0.00490	0.01320	0.03737	0.15781	0.09028	0.07027	0.02322	0.48467	0.01994	0.00407	0.00492	0.00826	0.02743	0.00516
6	0.00994	0.00626	0.00824	0.00751	0.00918	0.00571	0.00571	0.01259	0.01621	0.10124	0.68267	0.04028	0.04978	0.01121	0.00664	0.00180	0.00293	0.00986	0.00638	0.00585
7	0.64484	0.01120	0.00933	0.00810	0.01157	0.01279	0.00663	0.11803	0.01235	0.02669	0.00981	0.01108	0.00751	0.00566	0.00389	0.00172	0.00452	0.00360	0.08409	0.00660
8	0.03991	0.00612	0.00678	0.00672	0.00847	0.00547	0.00506	0.00993	0.01335	0.04514	0.18611	0.11047	0.45124	0.03604	0.00733	0.00206	0.00322	0.04600	0.00545	0.00514
9	0.02303	0.01269	0.01405	0.01125	0.01538	0.08502	0.00910	0.12776	0.12550	0.48345	0.02011	0.01805	0.01336	0.00703	0.00570	0.00176	0.00555	0.00557	0.00631	0.00933
10	0.00817	0.00613	0.00919	0.00919	0.01021	0.00715	0.00715	0.01021	0.00919	0.01328	0.01532	0.02247	0.01430	0.04290	0.77631	0.00919	0.01532	0.00613	0.00306	0.00511

[dist]
# distance from previous block
# <min> <max>
8	10

[block]
# block no. 6 follows, 41 sequences, length 26
# corresponding to MSA columns:
# 399-424
name=unknown_G
#
# <colnr> <probs for GDERKNQSTAVLIFYWHMCP>
#	G	D	E	R	K	N	Q	S	T	A	V	L	I	F	Y	W	H	M	C	P
0	0.00725	0.00509	0.00655	0.00761	0.00787	0.00483	0.00493	0.00804	0.01041	0.01388	0.02874	0.63890	0.03432	0.17907	0.01180	0.00299	0.00378	0.01462	0.00493	0.00440
1	0.01455	0.50664	0.02499	0.01143	0.01484	0.04821	0.01048	0.01623	0.01097	0.01381	0.00796	0.01032	0.00744	0.00639	0.00814	0.00159	0.23366	0.00366	0.00253	0.04617
2	0.00916	0.00671	0.00742	0.00716	0.00872	0.00632	0.00512	0.08080	0.01323	0.03813	0.05977	0.17884	0.36339	0.17592	0.01134	0.00272	0.00390	0.01114	0.00505	0.00515
3	0.02177	0.01448	0.01606	0.01238	0.01678	0.01559	0.01020	0.58903	0.02462	0.15878	0.05020	0.01606	0.01255	0.00713	0.00578	0.00173	0.00588	0.00549	0.00598	0.00953
4	0.02155	0.07437	0.01393	0.01003	0.01386	0.07331	0.00824	0.02375	0.01595	0.51997	0.14269	0.02173	0.01965	0.00757	0.00570	0.00171	0.00506	0.00612	0.00623	0.00856
5	0.01086	0.00887	0.01053	0.00856	0.01215	0.00723	0.00654	0.04987	0.01235	0.01829	0.01692	0.25284	0.01756	0.00858	0.00525	0.00135	0.00406	0.00744	0.00410	0.53666
6	0.01484	0.01449	0.02767	0.02016	0.02512	0.01418	0.51696	0.16699	0.01565	0.02113	0.01185	0.01528	0.00902	0.00677	0.00812	0.08602	0.00848	0.00624	0.00344	0.00760
7	0.01009	0.00504	0.00701	0.00701	0.00729	0.00504	0.00477	0.00866	0.00839	0.01229	0.01174	0.01820	0.01091	0.01715	0.01857	0.66187	0.00449	0.00504	0.17337	0.00307
8	0.01108	0.00928	0.01099	0.00821	0.01252	0.00717	0.00649	0.01366	0.01275	0.01953	0.16493	0.01823	0.01786	0.00577	0.00475	0.00104	0.00392	0.00482	0.00399	0.66300
9	0.00691	0.00571	0.00606	0.00617	0.00787	0.00486	0.00455	0.00842	0.01310	0.01606	0.12088	0.13764	0.61280	0.01461	0.00682	0.00196	0.00293	0.01238	0.00540	0.00486
10	0.00716	0.00584	0.00650	0.00641	0.00814	0.00517	0.00483	0.00891	0.01326	0.01668	0.18963	0.04937	0.54854	0.01682	0.08461	0.00264	0.00412	0.01114	0.00527	0.00497
11	0.01719	0.00895	0.01222	0.01033	0.01272	0.00922	0.00828	0.01913	0.01403	0.37317	0.15606	0.12747	0.02330	0.01000	0.00883	0.00200	0.16594	0.00787	0.00575	0.00753
12	0.00828	0.00569	0.00696	0.00696	0.00721	0.00594	0.00437	0.00878	0.00853	0.01162	0.01736	0.03378	0.01921	0.61439	0.21153	0.00644	0.00793	0.00778	0.00337	0.00387
13	0.80157	0.01100	0.00863	0.00765	0.01123	0.01263	0.00630	0.01733	0.01004	0.06013	0.00864	0.00976	0.00656	0.00539	0.00364	0.00177	0.00445	0.00322	0.00370	0.00636
14	0.57225	0.01438	0.01069	0.00939	0.01292	0.16995	0.00752	0.03442	0.01209	0.09749	0.00972	0.01061	0.00731	0.00564	0.00414	0.00171	0.00572	0.00353	0.00382	0.00671
15	0.00787	0.00545	0.00715	0.00793	0.00875	0.00505	0.00564	0.00937	0.01239	0.03799	0.16898	0.52839	0.08793	0.01606	0.00716	0.00221	0.00337	0.06777	0.00554	0.00499
16	0.02155	0.09002	0.01576	0.17005	0.01972	0.01073	0.01009	0.02405	0.01487	0.53572	0.01853	0.01756	0.01212	0.00658	0.00553	0.00174	0.00556	0.00534	0.00567	0.00879
17	0.58713	0.01466	0.01151	0.01180	0.08853	0.17037	0.00835	0.01813	0.01140	0.02255	0.00843	0.01000	0.00673	0.00541	0.00409	0.00170	0.00588	0.00342	0.00335	0.00657
18	0.00722	0.00522	0.00716	0.00822	0.00869	0.00516	0.00569	0.00843	0.01059	0.01433	0.02818	0.63581	0.03298	0.02307	0.16596	0.00374	0.00579	0.01417	0.00485	0.00474
19	0.00820	0.00659	0.00892	0.00934	0.00965	0.00736	0.00676	0.00930	0.01069	0.01474	0.06041	0.58148	0.03195	0.03354	0.01013	0.00241	0.16534	0.01348	0.00474	0.00499
20	0.75591	0.01119	0.00886	0.00794	0.01145	0.01297	0.00648	0.01819	0.08492	0.02549	0.00951	0.01051	0.00733	0.00556	0.00377	0.00179	0.00444	0.00344	0.00377	0.00648
21	0.02255	0.01472	0.01636	0.01254	0.01709	0.01581	0.01036	0.59643	0.02472	0.18691	0.01556	0.01492	0.01064	0.00691	0.00573	0.00173	0.00600	0.00527	0.00600	0.00973
22	0.01018	0.01014	0.00861	0.00860	0.01032	0.16412	0.00643	0.01180	0.01371	0.01607	0.12937	0.18276	0.32303	0.01311	0.00662	0.00195	0.00467	0.06828	0.00494	0.00527
23	0.00721	0.00546	0.00665	0.00710	0.00819	0.00490	0.00504	0.00880	0.01299	0.01709	0.23484	0.36859	0.26198	0.01521	0.00699	0.00206	0.00302	0.01340	0.00557	0.00490
24	0.01469	0.56122	0.10126	0.01083	0.01574	0.01995	0.01078	0.01996	0.16462	0.01609	0.01135	0.01198	0.00942	0.00554	0.00429	0.00143	0.00603	0.00388	0.00314	0.00781
25	0.02174	0.01602	0.01717	0.01316	0.01774	0.01774	0.01087	0.74423	0.02689	0.03605	0.01373	0.01373	0.00973	0.00687	0.00572	0.00172	0.00629	0.00515	0.00572	0.00973

[dist]
# distance from previous block
# <min> <max>
0	1

[block]
# block no. 7 follows, 41 sequences, length 8
# corresponding to MSA columns:
# 426-433
name=unknown_H
#
# <colnr> <probs for GDERKNQSTAVLIFYWHMCP>
#	G	D	E	R	K	N	Q	S	T	A	V	L	I	F	Y	W	H	M	C	P
0	0.00729	0.00523	0.00693	0.00774	0.00837	0.00486	0.00533	0.00878	0.01246	0.01701	0.24186	0.57805	0.04249	0.01612	0.00714	0.00217	0.00314	0.01455	0.00559	0.00486
1	0.60329	0.01574	0.01066	0.00960	0.01297	0.23310	0.00760	0.01855	0.01160	0.02230	0.00822	0.00959	0.00653	0.00548	0.00401	0.00168	0.00612	0.00327	0.00337	0.00632
2	0.02021	0.00860	0.01112	0.00891	0.01262	0.00737	0.00723	0.02220	0.01541	0.55027	0.03278	0.02974	0.22971	0.00922	0.00604	0.00182	0.00430	0.00758	0.00657	0.00832
3	0.01628	0.01369	0.01428	0.01218	0.01555	0.04300	0.00968	0.23432	0.44428	0.02614	0.02034	0.01947	0.04192	0.00782	0.00658	0.00189	0.05217	0.00611	0.00547	0.00883
4	0.00882	0.00645	0.00866	0.00976	0.01118	0.00630	0.00842	0.01125	0.01315	0.01684	0.03481	0.06297	0.15209	0.01559	0.00771	0.00252	0.00488	0.60814	0.00527	0.00520
5	0.01317	0.01775	0.15416	0.02283	0.02905	0.01427	0.62444	0.01829	0.01327	0.01829	0.01136	0.01488	0.00844	0.00492	0.00653	0.00191	0.00945	0.00634	0.00281	0.00784
6	0.00760	0.00570	0.00706	0.00728	0.00819	0.00567	0.00512	0.00880	0.01037	0.01358	0.03095	0.16208	0.23527	0.21853	0.24261	0.00507	0.00734	0.01005	0.00418	0.00454
7	0.01598	0.01218	0.01339	0.01107	0.01439	0.01332	0.00885	0.35924	0.20008	0.02932	0.23152	0.02395	0.02437	0.00848	0.00604	0.00179	0.00483	0.00697	0.00591	0.00831

[dist]
# distance from previous block
# <min> <max>
0	56

# created by:
# /software/SequenceAnalysis/GenePrediction/augustus/3.0.1/scripts/msa2prfl.pl ./fixed/BUSCOvEOG7CRNDG.fas
