[name]
unknown

[dist]
# distance from previous block
# <min> <max>
0	388

[block]
# block no. 0 follows, 41 sequences, length 6
# corresponding to MSA columns:
# 419-424
name=unknown_A
#
# <colnr> <probs for GDERKNQSTAVLIFYWHMCP>
#	G	D	E	R	K	N	Q	S	T	A	V	L	I	F	Y	W	H	M	C	P
0	0.00922	0.00658	0.00922	0.01053	0.01185	0.00658	0.00922	0.01185	0.01317	0.01712	0.03029	0.06452	0.03292	0.01580	0.00790	0.00263	0.00527	0.72480	0.00527	0.00527
1	0.00810	0.00585	0.00765	0.00720	0.00855	0.00540	0.00540	0.01079	0.01619	0.02294	0.76028	0.04273	0.05397	0.01169	0.00675	0.00180	0.00270	0.01034	0.00630	0.00540
2	0.00810	0.00585	0.00765	0.00720	0.00855	0.00540	0.00540	0.01079	0.01619	0.02294	0.76028	0.04273	0.05397	0.01169	0.00675	0.00180	0.00270	0.01034	0.00630	0.00540
3	0.01423	0.01229	0.01293	0.01164	0.01487	0.01423	0.00905	0.03039	0.75297	0.02393	0.02328	0.02134	0.01746	0.00776	0.00582	0.00194	0.00453	0.00647	0.00582	0.00905
4	0.83938	0.01106	0.00841	0.00752	0.01106	0.01283	0.00619	0.01681	0.00973	0.02566	0.00796	0.00929	0.00619	0.00531	0.00354	0.00177	0.00442	0.00310	0.00354	0.00619
5	0.00697	0.00498	0.00664	0.00796	0.00830	0.00465	0.00531	0.00796	0.01095	0.01460	0.03153	0.79525	0.03783	0.01792	0.00730	0.00232	0.00332	0.01626	0.00531	0.00465

[dist]
# distance from previous block
# <min> <max>
0	1

[block]
# block no. 1 follows, 41 sequences, length 25
# corresponding to MSA columns:
# 426-450
name=unknown_B
#
# <colnr> <probs for GDERKNQSTAVLIFYWHMCP>
#	G	D	E	R	K	N	Q	S	T	A	V	L	I	F	Y	W	H	M	C	P
0	0.83294	0.01142	0.00879	0.00789	0.01146	0.01310	0.00643	0.01716	0.01008	0.02607	0.00851	0.01005	0.00672	0.00566	0.00378	0.00187	0.00461	0.00328	0.00372	0.00647
1	0.53564	0.01233	0.01413	0.01783	0.28246	0.01337	0.01052	0.01742	0.01127	0.02356	0.00952	0.01180	0.00775	0.00559	0.00455	0.00184	0.00546	0.00400	0.00346	0.00750
2	0.02181	0.02748	0.01653	0.01505	0.01802	0.76985	0.01125	0.02313	0.01650	0.01451	0.00938	0.01106	0.00788	0.00624	0.00538	0.00157	0.01045	0.00386	0.00313	0.00690
3	0.01595	0.01264	0.01413	0.01053	0.01544	0.01158	0.00848	0.27769	0.01760	0.02538	0.01198	0.01327	0.00943	0.00555	0.00501	0.00126	0.00516	0.00420	0.00441	0.53031
4	0.01428	0.01038	0.01246	0.01183	0.01436	0.01092	0.01002	0.27608	0.01843	0.02442	0.02468	0.04651	0.02486	0.01285	0.00732	0.00239	0.00581	0.45964	0.00559	0.00716
5	0.02466	0.01237	0.01502	0.01160	0.01610	0.01207	0.00951	0.28620	0.02045	0.49799	0.01981	0.01807	0.01302	0.00734	0.00596	0.00185	0.00556	0.00570	0.00674	0.00998
6	0.00865	0.00625	0.00804	0.00757	0.00896	0.00573	0.00564	0.01119	0.01648	0.02337	0.75449	0.04320	0.05409	0.01199	0.00696	0.00190	0.00290	0.01047	0.00645	0.00568
7	0.00896	0.00651	0.00847	0.00867	0.01009	0.00611	0.00694	0.01137	0.01516	0.02071	0.43858	0.05198	0.09978	0.01368	0.00738	0.00221	0.00384	0.26799	0.00601	0.00559
8	0.01824	0.01423	0.01748	0.29163	0.02588	0.01615	0.01287	0.47559	0.02153	0.02865	0.01295	0.01500	0.00946	0.00679	0.00594	0.00188	0.00694	0.00529	0.00474	0.00876
9	0.01466	0.01393	0.02348	0.03525	0.75736	0.01385	0.01769	0.01789	0.01334	0.01915	0.01128	0.01487	0.00956	0.00545	0.00589	0.00180	0.00696	0.00526	0.00302	0.00931
10	0.01425	0.01509	0.03013	0.02830	0.29435	0.01440	0.47538	0.01837	0.01364	0.01892	0.01180	0.01567	0.00932	0.00528	0.00657	0.00194	0.00876	0.00631	0.00305	0.00846
11	0.00931	0.01440	0.28206	0.01048	0.01439	0.00824	0.01107	0.01343	0.01471	0.02120	0.49008	0.03168	0.03714	0.00944	0.00627	0.00180	0.00477	0.00814	0.00490	0.00650
12	0.01818	0.02195	0.01668	0.01484	0.01672	0.50276	0.01158	0.01957	0.01353	0.01391	0.00836	0.01111	0.00742	0.00738	0.01006	0.00184	0.29067	0.00416	0.00279	0.00650
13	0.00841	0.00601	0.00829	0.00961	0.01057	0.00589	0.00781	0.01045	0.01237	0.01621	0.03073	0.32777	0.03469	0.01656	0.00768	0.00252	0.00457	0.46954	0.00528	0.00504
14	0.01244	0.02382	0.50054	0.02308	0.29082	0.01339	0.01984	0.01791	0.01242	0.01832	0.01044	0.01283	0.00790	0.00531	0.00552	0.00177	0.00786	0.00454	0.00257	0.00867
15	0.00737	0.00529	0.00700	0.00769	0.00839	0.00492	0.00534	0.00898	0.01284	0.01760	0.29407	0.52414	0.04365	0.01568	0.00710	0.00213	0.00310	0.01413	0.00567	0.00492
16	0.02055	0.01689	0.28566	0.01238	0.01826	0.01016	0.01299	0.02436	0.01482	0.49737	0.01813	0.01681	0.01167	0.00649	0.00564	0.00178	0.00616	0.00520	0.00540	0.00927
17	0.01416	0.01359	0.02322	0.03511	0.76330	0.01359	0.01755	0.01755	0.01302	0.01869	0.01076	0.01416	0.00906	0.00510	0.00566	0.00170	0.00680	0.00510	0.00283	0.00906
18	0.00684	0.00550	0.00610	0.00658	0.00793	0.00476	0.00469	0.00812	0.01229	0.01515	0.04843	0.32171	0.50046	0.01572	0.00695	0.00207	0.00305	0.01358	0.00531	0.00476
19	0.01675	0.01852	0.02069	0.02777	0.49468	0.28826	0.01521	0.01946	0.01417	0.01700	0.01007	0.01277	0.00845	0.00538	0.00548	0.00162	0.00806	0.00459	0.00287	0.00819
20	0.01350	0.01543	0.03375	0.02411	0.02989	0.01446	0.74253	0.01832	0.01350	0.01832	0.01157	0.01543	0.00868	0.00482	0.00675	0.00193	0.00964	0.00675	0.00289	0.00771
21	0.01295	0.01236	0.02103	0.30535	0.50251	0.01327	0.01695	0.01650	0.01245	0.01722	0.01055	0.01455	0.00854	0.00532	0.00568	0.00177	0.00709	0.00509	0.00273	0.00809
22	0.00933	0.00520	0.00580	0.00628	0.00725	0.00508	0.00447	0.01140	0.01162	0.01890	0.02329	0.30014	0.02301	0.01072	0.00519	0.00169	0.00290	0.00927	0.53337	0.00508
23	0.01186	0.01017	0.01186	0.00847	0.01356	0.00762	0.00678	0.01440	0.01186	0.01864	0.01017	0.01186	0.00847	0.00424	0.00424	0.00085	0.00424	0.00339	0.00339	0.83395
24	0.00778	0.00556	0.00757	0.00889	0.00958	0.00534	0.00672	0.00936	0.01175	0.01551	0.03108	0.53200	0.03606	0.01716	0.00752	0.00243	0.00402	0.27152	0.00529	0.00487

[dist]
# distance from previous block
# <min> <max>
0	497

# created by:
# /software/SequenceAnalysis/GenePrediction/augustus/3.0.1/scripts/msa2prfl.pl ./fixed/BUSCOvEOG7GTMSB.fas
