[name]
unknown

[dist]
# distance from previous block
# <min> <max>
0	183

[block]
# block no. 0 follows, 39 sequences, length 76
# corresponding to MSA columns:
# 220-295
name=unknown_A
#
# <colnr> <probs for GDERKNQSTAVLIFYWHMCP>
#	G	D	E	R	K	N	Q	S	T	A	V	L	I	F	Y	W	H	M	C	P
0	0.01055	0.04452	0.22537	0.01073	0.01366	0.05184	0.01021	0.01289	0.01073	0.01447	0.01699	0.13830	0.01817	0.34325	0.01687	0.00359	0.04073	0.00797	0.00344	0.00571
1	0.02016	0.01461	0.01609	0.01256	0.01699	0.01563	0.01034	0.54487	0.03967	0.06617	0.03109	0.01777	0.01253	0.00830	0.02460	0.00192	0.00628	0.03879	0.00565	0.09599
2	0.02549	0.00608	0.00789	0.00789	0.00915	0.00572	0.00594	0.01090	0.01541	0.02179	0.55126	0.17020	0.05002	0.01341	0.00711	0.00203	0.00317	0.07490	0.00618	0.00545
3	0.01340	0.01659	0.16240	0.06394	0.44007	0.01381	0.07144	0.01747	0.01274	0.01834	0.01118	0.01484	0.00917	0.00815	0.05584	0.00235	0.05156	0.00529	0.00283	0.00859
4	0.00924	0.00707	0.01020	0.01065	0.01209	0.00695	0.04859	0.01225	0.04764	0.01773	0.07815	0.26082	0.05230	0.01561	0.00772	0.00248	0.00487	0.38465	0.00542	0.00559
5	0.01669	0.00787	0.01041	0.00934	0.01201	0.00706	0.00727	0.01893	0.03151	0.36701	0.07269	0.25781	0.08645	0.01219	0.00672	0.00208	0.00427	0.05578	0.00642	0.00749
6	0.13118	0.01530	0.01591	0.01253	0.01698	0.01700	0.01028	0.54367	0.10356	0.03401	0.01438	0.01439	0.01041	0.00692	0.00558	0.00179	0.00599	0.00514	0.00556	0.02943
7	0.00801	0.00673	0.00951	0.00912	0.01083	0.00607	0.07732	0.00982	0.01287	0.01638	0.06974	0.32260	0.33419	0.01529	0.00728	0.00220	0.00403	0.06747	0.00528	0.00528
8	0.00860	0.00573	0.00645	0.00645	0.00645	0.00573	0.00358	0.00860	0.00860	0.01147	0.01863	0.03870	0.02150	0.79217	0.03010	0.00573	0.00573	0.00860	0.00358	0.00358
9	0.01449	0.01390	0.02374	0.06778	0.72494	0.01401	0.01808	0.01802	0.01340	0.01914	0.01110	0.01468	0.00930	0.00530	0.00586	0.00177	0.00706	0.00527	0.00291	0.00925
10	0.01593	0.22705	0.28870	0.01530	0.05309	0.23628	0.01507	0.01958	0.01352	0.01606	0.00966	0.01154	0.00782	0.00664	0.02405	0.00181	0.02342	0.00400	0.00270	0.00779
11	0.00860	0.00573	0.00645	0.00645	0.00645	0.00573	0.00358	0.00860	0.00860	0.01147	0.01863	0.03870	0.02150	0.79217	0.03010	0.00573	0.00573	0.00860	0.00358	0.00358
12	0.00834	0.00605	0.00796	0.00822	0.00946	0.00567	0.00634	0.01075	0.01498	0.02056	0.43969	0.17442	0.08842	0.01423	0.00732	0.00214	0.00347	0.16053	0.00606	0.00539
13	0.01319	0.00987	0.01104	0.02563	0.01323	0.01050	0.00779	0.02263	0.37964	0.09859	0.15246	0.03272	0.17788	0.01004	0.00637	0.00196	0.00411	0.00846	0.00605	0.00783
14	0.01470	0.01284	0.01446	0.01453	0.09135	0.01464	0.01026	0.03006	0.66952	0.02418	0.02274	0.02130	0.01716	0.00774	0.00600	0.00198	0.00492	0.00654	0.00570	0.00936
15	0.00845	0.00634	0.00950	0.00950	0.01056	0.00739	0.00739	0.01056	0.00950	0.01373	0.01584	0.02323	0.01478	0.04435	0.76873	0.00950	0.01584	0.00634	0.00317	0.00528
16	0.02165	0.02699	0.01782	0.01571	0.01899	0.69316	0.05189	0.05472	0.01709	0.01573	0.00952	0.01112	0.00780	0.00608	0.00545	0.00156	0.01044	0.00405	0.00317	0.00706
17	0.01235	0.01172	0.01987	0.52498	0.28445	0.01345	0.01701	0.01615	0.01238	0.01655	0.01072	0.01538	0.00839	0.00569	0.00589	0.00190	0.00759	0.00526	0.00273	0.00752
18	0.04508	0.01268	0.01445	0.01435	0.09756	0.01418	0.01012	0.12479	0.46518	0.02583	0.09259	0.02188	0.01928	0.00790	0.00599	0.00193	0.00500	0.00661	0.00562	0.00898
19	0.00845	0.00634	0.00950	0.00950	0.01056	0.00739	0.00739	0.01056	0.00950	0.01373	0.01584	0.02323	0.01478	0.04435	0.76873	0.00950	0.01584	0.00634	0.00317	0.00528
20	0.03295	0.05046	0.40347	0.04545	0.11118	0.01453	0.01740	0.15273	0.01573	0.08303	0.01225	0.01364	0.00878	0.00598	0.00563	0.00182	0.00761	0.00475	0.00361	0.00900
21	0.01919	0.14704	0.01868	0.01272	0.01699	0.07988	0.01055	0.36249	0.22194	0.02802	0.01550	0.01529	0.01165	0.00693	0.00554	0.00173	0.00631	0.00521	0.00514	0.00919
22	0.01492	0.01598	0.10780	0.06185	0.31035	0.01386	0.25758	0.01970	0.04029	0.07999	0.01279	0.01561	0.00971	0.00551	0.00622	0.00187	0.00799	0.00585	0.00336	0.00876
23	0.01224	0.02693	0.61078	0.06035	0.07265	0.01380	0.02028	0.01953	0.07272	0.01906	0.01175	0.01360	0.00850	0.00581	0.00568	0.00188	0.00825	0.00467	0.00282	0.00871
24	0.01186	0.03059	0.76153	0.01686	0.02560	0.01373	0.02185	0.01873	0.01249	0.01873	0.01061	0.01249	0.00749	0.00562	0.00562	0.00187	0.00874	0.00437	0.00250	0.00874
25	0.02257	0.01068	0.01343	0.01085	0.01497	0.01030	0.00878	0.02897	0.22384	0.52599	0.04779	0.02148	0.01698	0.00768	0.00600	0.00188	0.00486	0.00632	0.00692	0.00971
26	0.01461	0.12143	0.08798	0.12917	0.10092	0.01548	0.34509	0.04417	0.01386	0.05328	0.01167	0.01477	0.00886	0.00539	0.00609	0.00184	0.00843	0.00573	0.00314	0.00810
27	0.01133	0.00839	0.01432	0.16304	0.08875	0.00897	0.08245	0.01151	0.00974	0.01309	0.01049	0.01685	0.00950	0.01431	0.01634	0.47655	0.03167	0.00536	0.00266	0.00468
28	0.01117	0.01051	0.01774	0.77795	0.04073	0.01314	0.01642	0.01511	0.01182	0.01511	0.01051	0.01577	0.00788	0.00591	0.00591	0.00197	0.00788	0.00526	0.00263	0.00657
29	0.00802	0.00568	0.00755	0.00875	0.00934	0.00547	0.00638	0.00939	0.01163	0.01538	0.03056	0.49869	0.03559	0.11114	0.01044	0.00289	0.00426	0.20878	0.00525	0.00483
30	0.10304	0.01583	0.06695	0.12100	0.02282	0.01615	0.11298	0.38163	0.05418	0.02873	0.01298	0.01444	0.00943	0.00642	0.00581	0.00186	0.00704	0.00533	0.00460	0.00878
31	0.00765	0.00602	0.00691	0.00669	0.00840	0.00528	0.00502	0.00978	0.01505	0.01971	0.39357	0.05077	0.41688	0.01359	0.00698	0.00193	0.00290	0.01162	0.00598	0.00528
32	0.00860	0.00573	0.00645	0.00645	0.00645	0.00573	0.00358	0.00860	0.00860	0.01147	0.01863	0.03870	0.02150	0.79217	0.03010	0.00573	0.00573	0.00860	0.00358	0.00358
33	0.01703	0.01026	0.01358	0.01117	0.01407	0.01060	0.03772	0.12040	0.03446	0.25937	0.17242	0.07512	0.07234	0.00984	0.00819	0.00199	0.10977	0.00793	0.00587	0.00787
34	0.01657	0.02179	0.13464	0.16668	0.02516	0.31507	0.10367	0.04796	0.01455	0.01669	0.01007	0.01294	0.00793	0.00626	0.00694	0.00183	0.07625	0.00475	0.00295	0.00732
35	0.02209	0.02819	0.01676	0.01524	0.01828	0.76843	0.01143	0.02361	0.01676	0.01447	0.00914	0.01066	0.00762	0.00609	0.00533	0.00152	0.01066	0.00381	0.00305	0.00686
36	0.00878	0.00628	0.00867	0.00999	0.01104	0.00616	0.00819	0.01098	0.01297	0.01703	0.04810	0.28974	0.03610	0.01692	0.00795	0.00260	0.00476	0.48301	0.00548	0.00525
37	0.01135	0.01155	0.11597	0.01552	0.17801	0.00884	0.01107	0.01465	0.01469	0.06785	0.27422	0.03559	0.12681	0.01017	0.00659	0.00194	0.00499	0.07816	0.00497	0.00706
38	0.01171	0.01072	0.01633	0.45080	0.12337	0.01248	0.01395	0.01750	0.14077	0.01739	0.01754	0.06778	0.05984	0.00758	0.00610	0.00198	0.00662	0.00670	0.00363	0.00720
39	0.02653	0.01006	0.01372	0.01052	0.01510	0.00869	0.00869	0.02882	0.01693	0.75937	0.02333	0.02013	0.01464	0.00732	0.00595	0.00183	0.00503	0.00595	0.00732	0.01006
40	0.01329	0.01774	0.15400	0.09858	0.03042	0.01469	0.51547	0.01834	0.01331	0.01834	0.01143	0.01524	0.00857	0.00539	0.00712	0.00199	0.03901	0.00630	0.00286	0.00791
41	0.01385	0.01317	0.02242	0.06446	0.57047	0.01328	0.06275	0.01793	0.04306	0.01950	0.05414	0.01918	0.01339	0.00629	0.00611	0.00184	0.00685	0.03920	0.00336	0.00876
42	0.00713	0.00573	0.00637	0.00678	0.00822	0.00497	0.00487	0.00856	0.01298	0.01613	0.09006	0.28722	0.48837	0.01594	0.00717	0.00212	0.00312	0.01375	0.00555	0.00497
43	0.01396	0.01595	0.03490	0.02493	0.03091	0.01496	0.73380	0.01894	0.01396	0.01894	0.01196	0.01595	0.00897	0.00499	0.00698	0.00199	0.00997	0.00698	0.00299	0.00798
44	0.02225	0.01424	0.11282	0.01426	0.06549	0.01149	0.05198	0.11827	0.04130	0.45632	0.01910	0.01784	0.01257	0.00683	0.00595	0.00184	0.00610	0.00570	0.00594	0.00971
45	0.00746	0.00533	0.00716	0.00853	0.00899	0.00503	0.00594	0.00868	0.01158	0.01539	0.03245	0.70779	0.03855	0.01828	0.00762	0.00244	0.00366	0.09477	0.00548	0.00488
46	0.01540	0.71558	0.10751	0.01082	0.01627	0.02239	0.01135	0.01781	0.01207	0.01442	0.00847	0.00980	0.00758	0.00512	0.00399	0.00133	0.00658	0.00329	0.00253	0.00771
47	0.01232	0.01275	0.02479	0.46831	0.03669	0.01389	0.31141	0.01669	0.01270	0.01669	0.01111	0.01584	0.00833	0.00553	0.00635	0.00198	0.00874	0.00596	0.00278	0.00715
48	0.83394	0.01144	0.00869	0.00778	0.01144	0.01327	0.00640	0.01738	0.01006	0.02653	0.00823	0.00961	0.00640	0.00549	0.00366	0.00183	0.00457	0.00320	0.00366	0.00640
49	0.01715	0.01392	0.01475	0.01253	0.01631	0.01585	0.00995	0.25242	0.51963	0.02867	0.02097	0.01960	0.01554	0.00773	0.00599	0.00193	0.00525	0.00626	0.00599	0.00958
50	0.02653	0.01006	0.01372	0.01052	0.01510	0.00869	0.00869	0.02882	0.01693	0.75937	0.02333	0.02013	0.01464	0.00732	0.00595	0.00183	0.00503	0.00595	0.00732	0.01006
51	0.01285	0.02021	0.28185	0.12823	0.03047	0.01428	0.38841	0.01833	0.01315	0.01833	0.01130	0.01474	0.00831	0.00533	0.00636	0.00195	0.00925	0.00584	0.00277	0.00804
52	0.00845	0.00634	0.00950	0.00950	0.01056	0.00739	0.00739	0.01056	0.00950	0.01373	0.01584	0.02323	0.01478	0.04435	0.76873	0.00950	0.01584	0.00634	0.00317	0.00528
53	0.83394	0.01144	0.00869	0.00778	0.01144	0.01327	0.00640	0.01738	0.01006	0.02653	0.00823	0.00961	0.00640	0.00549	0.00366	0.00183	0.00457	0.00320	0.00366	0.00640
54	0.00800	0.00603	0.00740	0.00705	0.00861	0.00542	0.00529	0.01045	0.01587	0.02166	0.56794	0.04756	0.24130	0.01286	0.00698	0.00190	0.00284	0.01117	0.00624	0.00542
55	0.01471	0.01270	0.01337	0.01203	0.01538	0.01471	0.00936	0.03142	0.74459	0.02474	0.02407	0.02206	0.01805	0.00802	0.00602	0.00201	0.00468	0.00669	0.00602	0.00936
56	0.01464	0.01405	0.02400	0.03630	0.75528	0.01405	0.01815	0.01815	0.01347	0.01932	0.01112	0.01464	0.00937	0.00527	0.00585	0.00176	0.00703	0.00527	0.00293	0.00937
57	0.00859	0.00576	0.00659	0.00659	0.00664	0.00581	0.00376	0.00869	0.00864	0.01157	0.01850	0.03797	0.02118	0.75693	0.06490	0.00591	0.00621	0.00849	0.00356	0.00366
58	0.02248	0.01656	0.01775	0.01361	0.01834	0.01834	0.01124	0.73556	0.02780	0.03727	0.01420	0.01420	0.01006	0.00710	0.00592	0.00177	0.00651	0.00532	0.00592	0.01006
59	0.01581	0.79572	0.03099	0.01012	0.01518	0.02340	0.01012	0.01771	0.01202	0.01391	0.00822	0.00949	0.00759	0.00506	0.00379	0.00126	0.00632	0.00316	0.00253	0.00759
60	0.00721	0.00515	0.00686	0.00823	0.00858	0.00480	0.00549	0.00823	0.01132	0.01510	0.03259	0.78831	0.03911	0.01853	0.00755	0.00240	0.00343	0.01681	0.00549	0.00480
61	0.01471	0.01270	0.01337	0.01203	0.01538	0.01471	0.00936	0.03142	0.74459	0.02474	0.02407	0.02206	0.01805	0.00802	0.00602	0.00201	0.00468	0.00669	0.00602	0.00936
62	0.06486	0.02935	0.71299	0.01627	0.02468	0.01370	0.02085	0.01864	0.01233	0.01923	0.01046	0.01230	0.00742	0.00561	0.00549	0.00187	0.00847	0.00429	0.00257	0.00859
63	0.01234	0.12242	0.67385	0.01605	0.02435	0.01489	0.02044	0.01861	0.01243	0.01815	0.01033	0.01213	0.00750	0.00555	0.00540	0.00180	0.00845	0.00422	0.00250	0.00860
64	0.01186	0.03059	0.76153	0.01686	0.02560	0.01373	0.02185	0.01873	0.01249	0.01873	0.01061	0.01249	0.00749	0.00562	0.00562	0.00187	0.00874	0.00437	0.00250	0.00874
65	0.00860	0.00573	0.00645	0.00645	0.00645	0.00573	0.00358	0.00860	0.00860	0.01147	0.01863	0.03870	0.02150	0.79217	0.03010	0.00573	0.00573	0.00860	0.00358	0.00358
66	0.01210	0.01160	0.01884	0.64841	0.03759	0.03108	0.06221	0.04184	0.01253	0.01611	0.01058	0.01547	0.00802	0.00611	0.00660	0.00198	0.04403	0.00533	0.00278	0.00679
67	0.01597	0.01289	0.01388	0.01220	0.01567	0.01462	0.00970	0.15831	0.54104	0.04207	0.02282	0.02409	0.01778	0.00849	0.00617	0.00202	0.00508	0.06203	0.00598	0.00920
68	0.00870	0.00667	0.00736	0.00743	0.00921	0.00617	0.00558	0.01149	0.07670	0.04069	0.04639	0.13373	0.45571	0.07857	0.00895	0.00241	0.00372	0.07962	0.00544	0.00545
69	0.00845	0.00634	0.00950	0.00950	0.01056	0.00739	0.00739	0.01056	0.00950	0.01373	0.01584	0.02323	0.01478	0.04435	0.76873	0.00950	0.01584	0.00634	0.00317	0.00528
70	0.00721	0.00515	0.00686	0.00823	0.00858	0.00480	0.00549	0.00823	0.01132	0.01510	0.03259	0.78831	0.03911	0.01853	0.00755	0.00240	0.00343	0.01681	0.00549	0.00480
71	0.02209	0.02819	0.01676	0.01524	0.01828	0.76843	0.01143	0.02361	0.01676	0.01447	0.00914	0.01066	0.00762	0.00609	0.00533	0.00152	0.01066	0.00381	0.00305	0.00686
72	0.01252	0.01068	0.01240	0.00893	0.01413	0.00824	0.00714	0.02994	0.02753	0.01975	0.01086	0.01250	0.00898	0.00451	0.00444	0.00092	0.00443	0.00361	0.00360	0.79490
73	0.00738	0.00527	0.00701	0.00827	0.00869	0.00494	0.00561	0.00853	0.01159	0.01550	0.06395	0.71016	0.03926	0.03497	0.00804	0.00246	0.00353	0.04450	0.00549	0.00484
74	0.00721	0.00515	0.00686	0.00823	0.00858	0.00480	0.00549	0.00823	0.01132	0.01510	0.03259	0.78831	0.03911	0.01853	0.00755	0.00240	0.00343	0.01681	0.00549	0.00480
75	0.01697	0.01362	0.01945	0.28318	0.16003	0.01506	0.04778	0.28275	0.01841	0.06593	0.01277	0.01524	0.00938	0.00627	0.00595	0.00185	0.00716	0.00540	0.00418	0.00863

[dist]
# distance from previous block
# <min> <max>
2	4

[block]
# block no. 1 follows, 39 sequences, length 14
# corresponding to MSA columns:
# 300-313
name=unknown_B
#
# <colnr> <probs for GDERKNQSTAVLIFYWHMCP>
#	G	D	E	R	K	N	Q	S	T	A	V	L	I	F	Y	W	H	M	C	P
0	0.47048	0.03278	0.01181	0.01060	0.04308	0.03911	0.00815	0.08473	0.01255	0.02400	0.04312	0.06187	0.03849	0.00759	0.00620	0.00192	0.08760	0.00521	0.00398	0.00674
1	0.03274	0.01329	0.02138	0.25657	0.31438	0.05759	0.10965	0.01696	0.01299	0.01765	0.03224	0.01617	0.01035	0.00809	0.05306	0.00232	0.00825	0.00557	0.00299	0.00775
2	0.01454	0.01442	0.05053	0.11918	0.29658	0.07052	0.07727	0.01837	0.03514	0.05283	0.01247	0.01631	0.01016	0.00579	0.00573	0.00167	0.00704	0.02917	0.00337	0.15888
3	0.00934	0.00667	0.00931	0.01067	0.01194	0.00664	0.00919	0.01192	0.01342	0.01748	0.03142	0.12713	0.03446	0.01652	0.00812	0.00270	0.00528	0.65698	0.00545	0.00539
4	0.01301	0.02674	0.02044	0.31915	0.28544	0.01369	0.05544	0.04366	0.01294	0.01769	0.01185	0.05443	0.01016	0.00656	0.00684	0.00191	0.05857	0.00585	0.00305	0.03258
5	0.01112	0.00915	0.01364	0.03457	0.07815	0.00807	0.08428	0.01346	0.01243	0.04820	0.03335	0.32332	0.02200	0.01047	0.00620	0.00177	0.00492	0.00961	0.00438	0.27092
6	0.05824	0.05747	0.01439	0.01036	0.01480	0.00991	0.00863	0.02732	0.04299	0.63842	0.04059	0.01974	0.01506	0.00726	0.00575	0.00180	0.00502	0.00582	0.00681	0.00962
7	0.01376	0.01257	0.01996	0.02373	0.36040	0.01217	0.09879	0.03666	0.07944	0.03707	0.01829	0.02116	0.08741	0.00678	0.00598	0.00174	0.00626	0.02762	0.00382	0.12638
8	0.01612	0.01191	0.01357	0.04620	0.01573	0.01201	0.00876	0.26650	0.08877	0.07344	0.06301	0.02097	0.05452	0.06757	0.00752	0.00190	0.00528	0.00600	0.00509	0.21512
9	0.01365	0.00822	0.01013	0.00856	0.01150	0.00730	0.00669	0.04583	0.03616	0.19221	0.27830	0.07194	0.14156	0.01027	0.00631	0.00175	0.00382	0.00876	0.00600	0.13106
10	0.20390	0.01513	0.02963	0.11974	0.10938	0.11254	0.01154	0.14651	0.06905	0.05075	0.01193	0.01360	0.00910	0.00624	0.00565	0.00178	0.02960	0.00464	0.00400	0.04528
11	0.22994	0.44516	0.06007	0.01003	0.01465	0.01846	0.00969	0.04098	0.01234	0.04914	0.01059	0.01379	0.00928	0.00606	0.00428	0.00157	0.00589	0.04739	0.00331	0.00739
12	0.01307	0.01049	0.01229	0.00988	0.01355	0.00971	0.00775	0.15645	0.01521	0.02193	0.05216	0.17779	0.01767	0.00858	0.00623	0.00151	0.04333	0.00711	0.00450	0.41077
13	0.02385	0.01010	0.01336	0.01027	0.01471	0.00879	0.00843	0.05364	0.01689	0.61371	0.06913	0.02072	0.01658	0.00734	0.00586	0.00174	0.00488	0.00600	0.00685	0.08715

[dist]
# distance from previous block
# <min> <max>
0	1

[block]
# block no. 2 follows, 39 sequences, length 18
# corresponding to MSA columns:
# 315-332
name=unknown_C
#
# <colnr> <probs for GDERKNQSTAVLIFYWHMCP>
#	G	D	E	R	K	N	Q	S	T	A	V	L	I	F	Y	W	H	M	C	P
0	0.01226	0.01051	0.01226	0.00876	0.01401	0.00788	0.00701	0.01489	0.01226	0.01927	0.01051	0.01226	0.00876	0.00438	0.00438	0.00088	0.00438	0.00350	0.00350	0.82832
1	0.01519	0.13333	0.04918	0.00975	0.01502	0.01102	0.00854	0.04157	0.01343	0.12569	0.01213	0.01304	0.00941	0.00506	0.00462	0.00115	0.00504	0.00390	0.00394	0.51900
2	0.01553	0.06204	0.42227	0.01603	0.02301	0.01498	0.08723	0.16713	0.04500	0.07188	0.01274	0.01392	0.00906	0.00604	0.00576	0.00184	0.00787	0.00496	0.00371	0.00899
3	0.01027	0.00514	0.00770	0.00770	0.00770	0.00514	0.00514	0.00770	0.00770	0.01027	0.01027	0.01798	0.01027	0.02054	0.02311	0.82794	0.00514	0.00514	0.00257	0.00257
4	0.01581	0.79572	0.03099	0.01012	0.01518	0.02340	0.01012	0.01771	0.01202	0.01391	0.00822	0.00949	0.00759	0.00506	0.00379	0.00126	0.00632	0.00316	0.00253	0.00759
5	0.01027	0.00514	0.00770	0.00770	0.00770	0.00514	0.00514	0.00770	0.00770	0.01027	0.01027	0.01798	0.01027	0.02054	0.02311	0.82794	0.00514	0.00514	0.00257	0.00257
6	0.01117	0.01051	0.01774	0.77795	0.04073	0.01314	0.01642	0.01511	0.01182	0.01511	0.01051	0.01577	0.00788	0.00591	0.00591	0.00197	0.00788	0.00526	0.00263	0.00657
7	0.01745	0.26332	0.06548	0.05809	0.12065	0.10676	0.01263	0.19431	0.06949	0.02154	0.01160	0.01291	0.00921	0.00600	0.00516	0.00162	0.00708	0.00450	0.00373	0.00849
8	0.01370	0.01396	0.04913	0.02755	0.45163	0.01507	0.01610	0.01654	0.01180	0.01738	0.01021	0.01438	0.00901	0.00870	0.04452	0.00238	0.26166	0.00525	0.00281	0.00821
9	0.83394	0.01144	0.00869	0.00778	0.01144	0.01327	0.00640	0.01738	0.01006	0.02653	0.00823	0.00961	0.00640	0.00549	0.00366	0.00183	0.00457	0.00320	0.00366	0.00640
10	0.02653	0.01006	0.01372	0.01052	0.01510	0.00869	0.00869	0.02882	0.01693	0.75937	0.02333	0.02013	0.01464	0.00732	0.00595	0.00183	0.00503	0.00595	0.00732	0.01006
11	0.00827	0.00597	0.00782	0.00750	0.00881	0.00552	0.00557	0.01092	0.01630	0.02301	0.69347	0.10487	0.05444	0.01261	0.00702	0.00190	0.00284	0.01119	0.00643	0.00552
12	0.01578	0.01323	0.01397	0.01225	0.01578	0.01521	0.00962	0.12819	0.64608	0.02646	0.02271	0.02098	0.01695	0.00790	0.00600	0.00197	0.00493	0.00650	0.00600	0.00946
13	0.01721	0.03878	0.12635	0.02174	0.28836	0.08015	0.03321	0.08363	0.01527	0.13522	0.01292	0.01443	0.00970	0.00577	0.00561	0.00167	0.00702	0.00492	0.00387	0.09416
14	0.00985	0.00637	0.00838	0.00769	0.00935	0.00583	0.00583	0.01260	0.01676	0.08371	0.69271	0.04221	0.05244	0.01170	0.00689	0.00186	0.00297	0.01031	0.00658	0.00595
15	0.01464	0.01405	0.02400	0.03630	0.75528	0.01405	0.01815	0.01815	0.01347	0.01932	0.01112	0.01464	0.00937	0.00527	0.00585	0.00176	0.00703	0.00527	0.00293	0.00937
16	0.01856	0.45913	0.02475	0.01236	0.01654	0.35012	0.01069	0.02030	0.01410	0.01416	0.00862	0.01000	0.00760	0.00551	0.00447	0.00138	0.00823	0.00345	0.00276	0.00727
17	0.01396	0.01595	0.03490	0.02493	0.03091	0.01496	0.73380	0.01894	0.01396	0.01894	0.01196	0.01595	0.00897	0.00499	0.00698	0.00199	0.00997	0.00698	0.00299	0.00798

[dist]
# distance from previous block
# <min> <max>
10	195

# created by:
# /software/SequenceAnalysis/GenePrediction/augustus/3.0.1/scripts/msa2prfl.pl ./fixed/BUSCOvEOG7H47HS.fas
