[name]
unknown

[dist]
# distance from previous block
# <min> <max>
3	134

[block]
# block no. 0 follows, 39 sequences, length 52
# corresponding to MSA columns:
# 143-194
name=unknown_A
#
# <colnr> <probs for GDERKNQSTAVLIFYWHMCP>
#	G	D	E	R	K	N	Q	S	T	A	V	L	I	F	Y	W	H	M	C	P
0	0.01196	0.00822	0.00901	0.00896	0.00932	0.00771	0.00533	0.01115	0.01102	0.01504	0.02251	0.09578	0.02522	0.69724	0.02859	0.00589	0.00665	0.01005	0.00483	0.00553
1	0.01870	0.01467	0.01556	0.01402	0.01760	0.01585	0.01061	0.03261	0.65566	0.08018	0.02660	0.02598	0.02044	0.01005	0.00739	0.00258	0.00584	0.00760	0.00709	0.01096
2	0.02521	0.01852	0.01968	0.01561	0.02043	0.01972	0.01244	0.69978	0.02902	0.03922	0.01730	0.01867	0.01311	0.00922	0.00730	0.00238	0.00755	0.00636	0.00690	0.01157
3	0.01396	0.00824	0.01057	0.01033	0.01091	0.00790	0.00696	0.01203	0.06297	0.01468	0.01457	0.02254	0.01388	0.02106	0.02236	0.72556	0.00622	0.00629	0.00398	0.00497
4	0.01158	0.00855	0.00999	0.00950	0.01127	0.00752	0.00687	0.01309	0.01791	0.02490	0.58452	0.04949	0.18917	0.01450	0.00831	0.00249	0.00407	0.01179	0.00727	0.00722
5	0.01226	0.01051	0.01226	0.00876	0.01401	0.00788	0.00701	0.01489	0.01226	0.01927	0.01051	0.01226	0.00876	0.00438	0.00438	0.00088	0.00438	0.00350	0.00350	0.82832
6	0.00721	0.00515	0.00686	0.00823	0.00858	0.00480	0.00549	0.00823	0.01132	0.01510	0.03259	0.78831	0.03911	0.01853	0.00755	0.00240	0.00343	0.01681	0.00549	0.00480
7	0.00822	0.00593	0.00777	0.00754	0.00880	0.00548	0.00557	0.01078	0.01605	0.02261	0.65991	0.13957	0.05366	0.01292	0.00705	0.00193	0.00287	0.01148	0.00638	0.00548
8	0.02248	0.01656	0.01775	0.01361	0.01834	0.01834	0.01124	0.73556	0.02780	0.03727	0.01420	0.01420	0.01006	0.00710	0.00592	0.00177	0.00651	0.00532	0.00592	0.01006
9	0.01117	0.01051	0.01774	0.77795	0.04073	0.01314	0.01642	0.01511	0.01182	0.01511	0.01051	0.01577	0.00788	0.00591	0.00591	0.00197	0.00788	0.00526	0.00263	0.00657
10	0.00731	0.00600	0.00643	0.00633	0.00818	0.00513	0.00474	0.00910	0.01423	0.01776	0.21981	0.05397	0.59186	0.01431	0.00699	0.00197	0.00295	0.01207	0.00573	0.00513
11	0.01102	0.00551	0.00551	0.00551	0.00689	0.00551	0.00413	0.01378	0.01240	0.02205	0.01929	0.02205	0.01516	0.00689	0.00413	0.00138	0.00276	0.00551	0.82500	0.00551
12	0.01226	0.01051	0.01226	0.00876	0.01401	0.00788	0.00701	0.01489	0.01226	0.01927	0.01051	0.01226	0.00876	0.00438	0.00438	0.00088	0.00438	0.00350	0.00350	0.82832
13	0.02222	0.02420	0.01710	0.01468	0.01830	0.51095	0.01136	0.26800	0.02055	0.02230	0.01088	0.01188	0.00845	0.00644	0.00553	0.00161	0.00924	0.00433	0.00403	0.00795
14	0.01581	0.79572	0.03099	0.01012	0.01518	0.02340	0.01012	0.01771	0.01202	0.01391	0.00822	0.00949	0.00759	0.00506	0.00379	0.00126	0.00632	0.00316	0.00253	0.00759
15	0.00830	0.00604	0.00780	0.00736	0.00879	0.00555	0.00552	0.01102	0.01657	0.02331	0.71575	0.04484	0.09246	0.01224	0.00698	0.00187	0.00280	0.01079	0.00646	0.00555
16	0.01102	0.00551	0.00551	0.00551	0.00689	0.00551	0.00413	0.01378	0.01240	0.02205	0.01929	0.02205	0.01516	0.00689	0.00413	0.00138	0.00276	0.00551	0.82500	0.00551
17	0.01137	0.01090	0.01897	0.72380	0.04002	0.01327	0.06801	0.01539	0.01198	0.01539	0.01062	0.01578	0.00796	0.00585	0.00599	0.00197	0.00803	0.00538	0.00265	0.00667
18	0.00699	0.00599	0.00599	0.00599	0.00799	0.00499	0.00449	0.00849	0.01348	0.01598	0.05991	0.05691	0.75288	0.01498	0.00699	0.00200	0.00300	0.01248	0.00549	0.00499
19	0.01027	0.00514	0.00770	0.00770	0.00770	0.00514	0.00514	0.00770	0.00770	0.01027	0.01027	0.01798	0.01027	0.02054	0.02311	0.82794	0.00514	0.00514	0.00257	0.00257
20	0.01464	0.01405	0.02400	0.03630	0.75528	0.01405	0.01815	0.01815	0.01347	0.01932	0.01112	0.01464	0.00937	0.00527	0.00585	0.00176	0.00703	0.00527	0.00293	0.00937
21	0.02248	0.01656	0.01775	0.01361	0.01834	0.01834	0.01124	0.73556	0.02780	0.03727	0.01420	0.01420	0.01006	0.00710	0.00592	0.00177	0.00651	0.00532	0.00592	0.01006
22	0.83394	0.01144	0.00869	0.00778	0.01144	0.01327	0.00640	0.01738	0.01006	0.02653	0.00823	0.00961	0.00640	0.00549	0.00366	0.00183	0.00457	0.00320	0.00366	0.00640
23	0.02653	0.01006	0.01372	0.01052	0.01510	0.00869	0.00869	0.02882	0.01693	0.75937	0.02333	0.02013	0.01464	0.00732	0.00595	0.00183	0.00503	0.00595	0.00732	0.01006
24	0.01625	0.01428	0.02189	0.03003	0.56152	0.01468	0.01606	0.17834	0.01663	0.02344	0.01213	0.01483	0.00975	0.00574	0.00580	0.00175	0.00674	0.00529	0.03549	0.00937
25	0.00721	0.00515	0.00686	0.00823	0.00858	0.00480	0.00549	0.00823	0.01132	0.01510	0.03259	0.78831	0.03911	0.01853	0.00755	0.00240	0.00343	0.01681	0.00549	0.00480
26	0.01117	0.01051	0.01774	0.77795	0.04073	0.01314	0.01642	0.01511	0.01182	0.01511	0.01051	0.01577	0.00788	0.00591	0.00591	0.00197	0.00788	0.00526	0.00263	0.00657
27	0.00837	0.00604	0.00790	0.00744	0.00883	0.00558	0.00558	0.01116	0.01674	0.02371	0.75216	0.04417	0.05580	0.01209	0.00697	0.00186	0.00279	0.01069	0.00651	0.00558
28	0.01581	0.79572	0.03099	0.01012	0.01518	0.02340	0.01012	0.01771	0.01202	0.01391	0.00822	0.00949	0.00759	0.00506	0.00379	0.00126	0.00632	0.00316	0.00253	0.00759
29	0.01198	0.00722	0.00818	0.00735	0.00999	0.00627	0.00572	0.01430	0.04278	0.19327	0.07417	0.04637	0.52440	0.01279	0.00670	0.00195	0.00354	0.01064	0.00598	0.00639
30	0.01471	0.01270	0.01337	0.01203	0.01538	0.01471	0.00936	0.03142	0.74459	0.02474	0.02407	0.02206	0.01805	0.00802	0.00602	0.00201	0.00468	0.00669	0.00602	0.00936
31	0.00721	0.00515	0.00686	0.00823	0.00858	0.00480	0.00549	0.00823	0.01132	0.01510	0.03259	0.78831	0.03911	0.01853	0.00755	0.00240	0.00343	0.01681	0.00549	0.00480
32	0.00721	0.00515	0.00686	0.00823	0.00858	0.00480	0.00549	0.00823	0.01132	0.01510	0.03259	0.78831	0.03911	0.01853	0.00755	0.00240	0.00343	0.01681	0.00549	0.00480
33	0.83394	0.01144	0.00869	0.00778	0.01144	0.01327	0.00640	0.01738	0.01006	0.02653	0.00823	0.00961	0.00640	0.00549	0.00366	0.00183	0.00457	0.00320	0.00366	0.00640
34	0.00860	0.00573	0.00645	0.00645	0.00645	0.00573	0.00358	0.00860	0.00860	0.01147	0.01863	0.03870	0.02150	0.79217	0.03010	0.00573	0.00573	0.00860	0.00358	0.00358
35	0.01202	0.06147	0.73204	0.01658	0.02518	0.01412	0.02138	0.01869	0.01247	0.01853	0.01052	0.01236	0.00750	0.00560	0.00554	0.00185	0.00864	0.00432	0.00250	0.00869
36	0.02209	0.02819	0.01676	0.01524	0.01828	0.76843	0.01143	0.02361	0.01676	0.01447	0.00914	0.01066	0.00762	0.00609	0.00533	0.00152	0.01066	0.00381	0.00305	0.00686
37	0.00959	0.00693	0.00981	0.03711	0.01323	0.00702	0.00977	0.01235	0.01355	0.01761	0.03060	0.06497	0.03314	0.01598	0.00809	0.00270	0.00553	0.69120	0.00535	0.00548
38	0.02095	0.01724	0.01679	0.01350	0.01777	0.10857	0.01090	0.51519	0.16295	0.03212	0.01546	0.01527	0.01128	0.00715	0.00586	0.00179	0.00666	0.00540	0.00559	0.00954
39	0.01027	0.00514	0.00770	0.00770	0.00770	0.00514	0.00514	0.00770	0.00770	0.01027	0.01027	0.01798	0.01027	0.02054	0.02311	0.82794	0.00514	0.00514	0.00257	0.00257
40	0.00719	0.00677	0.02996	0.00638	0.00857	0.00529	0.00508	0.00890	0.01356	0.01633	0.08201	0.05507	0.70547	0.01458	0.00695	0.00199	0.00317	0.01216	0.00543	0.00513
41	0.01117	0.01051	0.01774	0.77795	0.04073	0.01314	0.01642	0.01511	0.01182	0.01511	0.01051	0.01577	0.00788	0.00591	0.00591	0.00197	0.00788	0.00526	0.00263	0.00657
42	0.83394	0.01144	0.00869	0.00778	0.01144	0.01327	0.00640	0.01738	0.01006	0.02653	0.00823	0.00961	0.00640	0.00549	0.00366	0.00183	0.00457	0.00320	0.00366	0.00640
43	0.01159	0.01094	0.01850	0.68805	0.12735	0.01325	0.01663	0.01548	0.01202	0.01562	0.01059	0.01563	0.00806	0.00583	0.00591	0.00194	0.00778	0.00526	0.00266	0.00691
44	0.01126	0.01063	0.01776	0.74036	0.03949	0.01338	0.01625	0.01507	0.01169	0.01507	0.01038	0.01563	0.00788	0.00613	0.00658	0.00200	0.04602	0.00525	0.00263	0.00656
45	0.02248	0.01656	0.01775	0.01361	0.01834	0.01834	0.01124	0.73556	0.02780	0.03727	0.01420	0.01420	0.01006	0.00710	0.00592	0.00177	0.00651	0.00532	0.00592	0.01006
46	0.00848	0.00586	0.00727	0.00735	0.00765	0.00612	0.00469	0.00909	0.00899	0.01226	0.01869	0.07687	0.02073	0.55242	0.22259	0.00653	0.00825	0.00847	0.00358	0.00410
47	0.00699	0.00599	0.00599	0.00599	0.00799	0.00499	0.00449	0.00849	0.01348	0.01598	0.05991	0.05691	0.75288	0.01498	0.00699	0.00200	0.00300	0.01248	0.00549	0.00499
48	0.00860	0.00573	0.00645	0.00645	0.00645	0.00573	0.00358	0.00860	0.00860	0.01147	0.01863	0.03870	0.02150	0.79217	0.03010	0.00573	0.00573	0.00860	0.00358	0.00358
49	0.01455	0.01375	0.02306	0.11813	0.64720	0.01411	0.01769	0.04545	0.01384	0.01954	0.01117	0.01475	0.00923	0.00541	0.00586	0.00178	0.00710	0.00527	0.00301	0.00908
50	0.76240	0.01218	0.04578	0.00821	0.01204	0.01300	0.00714	0.01722	0.01043	0.02604	0.03629	0.01105	0.00831	0.00574	0.00388	0.00183	0.00471	0.00354	0.00371	0.00649
51	0.05167	0.08433	0.54125	0.01707	0.07597	0.01412	0.03881	0.01932	0.01279	0.07513	0.01136	0.01296	0.00817	0.00566	0.00547	0.00182	0.00799	0.00448	0.00297	0.00867

[dist]
# distance from previous block
# <min> <max>
1	3

[block]
# block no. 1 follows, 39 sequences, length 62
# corresponding to MSA columns:
# 200-261
name=unknown_B
#
# <colnr> <probs for GDERKNQSTAVLIFYWHMCP>
#	G	D	E	R	K	N	Q	S	T	A	V	L	I	F	Y	W	H	M	C	P
0	0.07614	0.02405	0.01628	0.01422	0.01770	0.54130	0.01094	0.15980	0.01844	0.05241	0.01067	0.01169	0.00831	0.00630	0.00536	0.00161	0.00922	0.00415	0.00383	0.00758
1	0.01049	0.00592	0.00845	0.06257	0.01020	0.00631	0.00604	0.00947	0.00882	0.01265	0.01192	0.01908	0.01121	0.04789	0.01907	0.57449	0.03631	0.00534	0.13025	0.00351
2	0.02593	0.01020	0.01371	0.01060	0.01511	0.00900	0.00873	0.02895	0.05397	0.72198	0.02337	0.02023	0.01481	0.00736	0.00595	0.00184	0.00501	0.00598	0.00725	0.01003
3	0.01186	0.03059	0.76153	0.01686	0.02560	0.01373	0.02185	0.01873	0.01249	0.01873	0.01061	0.01249	0.00749	0.00562	0.00562	0.00187	0.00874	0.00437	0.00250	0.00874
4	0.00721	0.00515	0.00686	0.00823	0.00858	0.00480	0.00549	0.00823	0.01132	0.01510	0.03259	0.78831	0.03911	0.01853	0.00755	0.00240	0.00343	0.01681	0.00549	0.00480
5	0.00910	0.00665	0.00893	0.00999	0.01145	0.00648	0.00858	0.01164	0.01376	0.01777	0.07461	0.06406	0.13990	0.01591	0.00793	0.00257	0.00494	0.57484	0.00551	0.00539
6	0.01186	0.03059	0.76153	0.01686	0.02560	0.01373	0.02185	0.01873	0.01249	0.01873	0.01061	0.01249	0.00749	0.00562	0.00562	0.00187	0.00874	0.00437	0.00250	0.00874
7	0.00820	0.00604	0.00767	0.00726	0.00873	0.00551	0.00545	0.01083	0.01634	0.02277	0.66785	0.04573	0.14069	0.01244	0.00698	0.00188	0.00282	0.01091	0.00639	0.00551
8	0.02209	0.02819	0.01676	0.01524	0.01828	0.76843	0.01143	0.02361	0.01676	0.01447	0.00914	0.01066	0.00762	0.00609	0.00533	0.00152	0.01066	0.00381	0.00305	0.00686
9	0.01294	0.01294	0.01811	0.01553	0.01553	0.01811	0.01294	0.01423	0.00906	0.01423	0.00776	0.01294	0.00776	0.01035	0.01941	0.00259	0.78134	0.00518	0.00259	0.00647
10	0.01540	0.71524	0.10783	0.01083	0.01627	0.02238	0.01135	0.01782	0.01207	0.01442	0.00847	0.00980	0.00758	0.00512	0.00399	0.00133	0.00658	0.00329	0.00253	0.00771
11	0.01570	0.77409	0.05164	0.01031	0.01547	0.02313	0.01045	0.01774	0.01203	0.01405	0.00829	0.00957	0.00759	0.00508	0.00385	0.00128	0.00639	0.00320	0.00253	0.00762
12	0.04675	0.01683	0.16700	0.11429	0.48208	0.01388	0.03844	0.01791	0.01297	0.01901	0.01086	0.01418	0.00870	0.00541	0.00576	0.00181	0.00744	0.00506	0.00284	0.00877
13	0.00874	0.00639	0.00811	0.00763	0.00904	0.00610	0.00566	0.01212	0.05662	0.02296	0.66313	0.04258	0.05143	0.06354	0.00845	0.00212	0.00309	0.01033	0.00629	0.00566
14	0.00837	0.00604	0.00790	0.00744	0.00883	0.00558	0.00558	0.01116	0.01674	0.02371	0.75216	0.04417	0.05580	0.01209	0.00697	0.00186	0.00279	0.01069	0.00651	0.00558
15	0.01469	0.19346	0.06245	0.01186	0.01589	0.01649	0.01029	0.02712	0.51752	0.02175	0.01977	0.01950	0.01533	0.00737	0.00553	0.00184	0.00532	0.02001	0.00499	0.00884
16	0.01455	0.01259	0.01375	0.01317	0.05623	0.01436	0.00969	0.04396	0.66025	0.02434	0.02459	0.02289	0.04686	0.00813	0.00605	0.00199	0.00478	0.00681	0.00582	0.00920
17	0.01186	0.03059	0.76153	0.01686	0.02560	0.01373	0.02185	0.01873	0.01249	0.01873	0.01061	0.01249	0.00749	0.00562	0.00562	0.00187	0.00874	0.00437	0.00250	0.00874
18	0.01201	0.01167	0.01792	0.41487	0.02873	0.01551	0.01476	0.01469	0.01051	0.01469	0.00920	0.01442	0.00783	0.00803	0.01234	0.00226	0.37622	0.00522	0.00261	0.00652
19	0.00859	0.00577	0.00663	0.00663	0.00670	0.00583	0.00381	0.00872	0.00865	0.01160	0.01846	0.03777	0.02110	0.74708	0.07463	0.00596	0.00634	0.00846	0.00356	0.00369
20	0.01671	0.60325	0.07676	0.01151	0.01644	0.16038	0.01114	0.01887	0.01292	0.01434	0.00855	0.00990	0.00759	0.00529	0.00420	0.00135	0.00729	0.00336	0.00262	0.00753
21	0.00713	0.00545	0.00655	0.00742	0.00836	0.00487	0.00513	0.00833	0.01210	0.01541	0.04245	0.52443	0.29663	0.01725	0.00735	0.00226	0.00327	0.01525	0.00549	0.00487
22	0.02225	0.01645	0.01762	0.01356	0.01825	0.01823	0.01118	0.71467	0.04907	0.03690	0.01449	0.01443	0.01029	0.00713	0.00592	0.00178	0.00645	0.00536	0.00592	0.01004
23	0.01382	0.01568	0.03402	0.06326	0.03141	0.01486	0.69728	0.01875	0.01385	0.01875	0.01189	0.01594	0.00892	0.00503	0.00692	0.00199	0.00986	0.00689	0.00297	0.00790
24	0.01193	0.02942	0.71228	0.01677	0.02493	0.01402	0.02126	0.01843	0.01226	0.01843	0.01042	0.01252	0.00751	0.00593	0.00653	0.00192	0.05992	0.00442	0.00250	0.00859
25	0.00899	0.00663	0.00877	0.00984	0.01134	0.00642	0.00845	0.01145	0.01359	0.01733	0.03743	0.06461	0.18795	0.01605	0.00792	0.00257	0.00492	0.56495	0.00546	0.00535
26	0.01186	0.03059	0.76153	0.01686	0.02560	0.01373	0.02185	0.01873	0.01249	0.01873	0.01061	0.01249	0.00749	0.00562	0.00562	0.00187	0.00874	0.00437	0.00250	0.00874
27	0.10227	0.11477	0.05123	0.51307	0.03197	0.01483	0.01452	0.01581	0.01152	0.01631	0.00980	0.01395	0.00766	0.00601	0.00619	0.00190	0.05399	0.00471	0.00272	0.00677
28	0.00753	0.00545	0.00712	0.00788	0.00862	0.00504	0.00546	0.00910	0.01301	0.01764	0.24272	0.53196	0.08359	0.01646	0.00735	0.00222	0.00322	0.01480	0.00579	0.00504
29	0.01496	0.01283	0.01351	0.01209	0.01547	0.01483	0.00942	0.05393	0.72168	0.02514	0.02375	0.02181	0.01780	0.00799	0.00601	0.00200	0.00474	0.00664	0.00601	0.00938
30	0.00721	0.00515	0.00686	0.00823	0.00858	0.00480	0.00549	0.00823	0.01132	0.01510	0.03259	0.78831	0.03911	0.01853	0.00755	0.00240	0.00343	0.01681	0.00549	0.00480
31	0.06945	0.63610	0.13232	0.01091	0.01640	0.02137	0.01152	0.01783	0.01195	0.01543	0.00856	0.00992	0.00750	0.00517	0.00404	0.00139	0.00655	0.00333	0.00260	0.00767
32	0.01392	0.01027	0.01174	0.01072	0.01305	0.01093	0.00818	0.30653	0.05793	0.02475	0.02458	0.40763	0.02595	0.01322	0.00682	0.00213	0.00482	0.03391	0.00569	0.00722
33	0.00953	0.00681	0.00953	0.01089	0.01225	0.00681	0.00953	0.01225	0.01361	0.01770	0.03131	0.06671	0.03403	0.01634	0.00817	0.00272	0.00545	0.71547	0.00545	0.00545
34	0.01426	0.01432	0.02613	0.07164	0.45656	0.01431	0.22584	0.01909	0.06196	0.01934	0.01219	0.01557	0.00975	0.00540	0.00620	0.00185	0.00777	0.00586	0.00313	0.00881
35	0.01226	0.01051	0.01226	0.00876	0.01401	0.00788	0.00701	0.01489	0.01226	0.01927	0.01051	0.01226	0.00876	0.00438	0.00438	0.00088	0.00438	0.00350	0.00350	0.82832
36	0.01800	0.01265	0.01980	0.05019	0.44659	0.01252	0.01451	0.02242	0.08392	0.23517	0.01589	0.01698	0.01168	0.00615	0.00590	0.00181	0.00625	0.00560	0.00449	0.00948
37	0.22605	0.01905	0.24039	0.06423	0.02079	0.01516	0.04534	0.25622	0.01697	0.02666	0.01125	0.01269	0.00816	0.00607	0.00529	0.00184	0.00693	0.00456	0.00396	0.00840
38	0.01201	0.01199	0.02212	0.56026	0.07721	0.01362	0.18555	0.01618	0.01242	0.01624	0.01089	0.01575	0.00822	0.00566	0.00616	0.00196	0.00833	0.00566	0.00273	0.00705
39	0.01186	0.03059	0.76153	0.01686	0.02560	0.01373	0.02185	0.01873	0.01249	0.01873	0.01061	0.01249	0.00749	0.00562	0.00562	0.00187	0.00874	0.00437	0.00250	0.00874
40	0.00826	0.00604	0.00775	0.00733	0.00877	0.00553	0.00549	0.01095	0.01648	0.02311	0.69763	0.04518	0.11071	0.01232	0.00698	0.00187	0.00281	0.01084	0.00643	0.00553
41	0.01591	0.02497	0.54402	0.01518	0.02272	0.01280	0.01816	0.06091	0.01438	0.19427	0.01381	0.01438	0.00932	0.00610	0.00571	0.00186	0.00774	0.00479	0.00382	0.00913
42	0.01218	0.01154	0.01956	0.56201	0.24878	0.01340	0.01693	0.01599	0.01230	0.01634	0.01069	0.01544	0.00832	0.00573	0.00590	0.00191	0.00763	0.00526	0.00271	0.00738
43	0.01117	0.01051	0.01774	0.77795	0.04073	0.01314	0.01642	0.01511	0.01182	0.01511	0.01051	0.01577	0.00788	0.00591	0.00591	0.00197	0.00788	0.00526	0.00263	0.00657
44	0.00721	0.00515	0.00686	0.00823	0.00858	0.00480	0.00549	0.00823	0.01132	0.01510	0.03259	0.78831	0.03911	0.01853	0.00755	0.00240	0.00343	0.01681	0.00549	0.00480
45	0.01471	0.01270	0.01337	0.01203	0.01538	0.01471	0.00936	0.03142	0.74459	0.02474	0.02407	0.02206	0.01805	0.00802	0.00602	0.00201	0.00468	0.00669	0.00602	0.00936
46	0.02012	0.01583	0.01639	0.01319	0.01744	0.04537	0.01068	0.49631	0.24377	0.03263	0.01699	0.01644	0.01238	0.00734	0.00592	0.00184	0.00611	0.00568	0.00584	0.00973
47	0.01426	0.01169	0.01334	0.00971	0.01486	0.00993	0.00784	0.15582	0.01530	0.02279	0.01123	0.01264	0.00901	0.00491	0.00468	0.00105	0.00480	0.00386	0.00398	0.66831
48	0.00788	0.00603	0.00722	0.00692	0.00853	0.00537	0.00519	0.01020	0.01557	0.02095	0.50474	0.04873	0.30494	0.01312	0.00698	0.00191	0.00286	0.01133	0.00615	0.00537
49	0.00731	0.00600	0.00644	0.00633	0.00819	0.00513	0.00475	0.00912	0.01425	0.01780	0.22302	0.05391	0.58863	0.01430	0.00699	0.00196	0.00295	0.01206	0.00573	0.00513
50	0.02209	0.02819	0.01676	0.01524	0.01828	0.76843	0.01143	0.02361	0.01676	0.01447	0.00914	0.01066	0.00762	0.00609	0.00533	0.00152	0.01066	0.00381	0.00305	0.00686
51	0.01511	0.01354	0.01356	0.01221	0.01554	0.05563	0.00947	0.03100	0.70508	0.02418	0.02326	0.02145	0.01749	0.00792	0.00598	0.00198	0.00501	0.00653	0.00586	0.00922
52	0.01765	0.01287	0.01455	0.01188	0.01533	0.01432	0.00965	0.47756	0.02148	0.02944	0.01501	0.01734	0.01177	0.01789	0.22695	0.00399	0.00896	0.00563	0.05938	0.00837
53	0.00721	0.00515	0.00686	0.00823	0.00858	0.00480	0.00549	0.00823	0.01132	0.01510	0.03259	0.78831	0.03911	0.01853	0.00755	0.00240	0.00343	0.01681	0.00549	0.00480
54	0.01550	0.75505	0.04682	0.01025	0.01528	0.02271	0.01030	0.01752	0.01195	0.01402	0.00850	0.00996	0.00780	0.00624	0.02653	0.00152	0.00666	0.00328	0.00255	0.00755
55	0.01471	0.01270	0.01337	0.01203	0.01538	0.01471	0.00936	0.03142	0.74459	0.02474	0.02407	0.02206	0.01805	0.00802	0.00602	0.00201	0.00468	0.00669	0.00602	0.00936
56	0.01464	0.01405	0.02400	0.03630	0.75528	0.01405	0.01815	0.01815	0.01347	0.01932	0.01112	0.01464	0.00937	0.00527	0.00585	0.00176	0.00703	0.00527	0.00293	0.00937
57	0.02024	0.20714	0.02001	0.01371	0.01739	0.48390	0.01099	0.08636	0.05705	0.01695	0.01021	0.01134	0.00841	0.00605	0.00506	0.00151	0.00894	0.00395	0.00335	0.00745
58	0.00705	0.00599	0.00607	0.00605	0.00802	0.00502	0.00454	0.00860	0.01361	0.01629	0.08824	0.05639	0.72435	0.01486	0.00699	0.00199	0.00299	0.01241	0.00553	0.00502
59	0.02589	0.05743	0.01476	0.01050	0.01510	0.00958	0.00878	0.02815	0.01663	0.71443	0.02242	0.01949	0.01421	0.00718	0.00582	0.00180	0.00511	0.00578	0.00703	0.00992
60	0.00860	0.00573	0.00645	0.00645	0.00645	0.00573	0.00358	0.00860	0.00860	0.01147	0.01863	0.03870	0.02150	0.79217	0.03010	0.00573	0.00573	0.00860	0.00358	0.00358
61	0.01186	0.03059	0.76153	0.01686	0.02560	0.01373	0.02185	0.01873	0.01249	0.01873	0.01061	0.01249	0.00749	0.00562	0.00562	0.00187	0.00874	0.00437	0.00250	0.00874

[dist]
# distance from previous block
# <min> <max>
0	12

[block]
# block no. 2 follows, 39 sequences, length 26
# corresponding to MSA columns:
# 274-299
name=unknown_C
#
# <colnr> <probs for GDERKNQSTAVLIFYWHMCP>
#	G	D	E	R	K	N	Q	S	T	A	V	L	I	F	Y	W	H	M	C	P
0	0.01117	0.01051	0.01774	0.77795	0.04073	0.01314	0.01642	0.01511	0.01182	0.01511	0.01051	0.01577	0.00788	0.00591	0.00591	0.00197	0.00788	0.00526	0.00263	0.00657
1	0.01621	0.01459	0.01342	0.01206	0.01528	0.13440	0.00932	0.02892	0.54696	0.05736	0.02134	0.02015	0.01604	0.00761	0.00578	0.00188	0.00553	0.00612	0.05828	0.00875
2	0.01480	0.01403	0.02310	0.03409	0.68498	0.01419	0.01738	0.01948	0.08122	0.01997	0.01248	0.01554	0.01032	0.00563	0.00594	0.00181	0.00686	0.00545	0.00327	0.00944
3	0.02287	0.01625	0.01759	0.01351	0.01824	0.01780	0.01114	0.68916	0.02718	0.08296	0.01493	0.01479	0.01050	0.00722	0.00599	0.00181	0.00647	0.00542	0.00605	0.01013
4	0.83195	0.01155	0.00881	0.00789	0.01156	0.01335	0.00648	0.01749	0.01017	0.02666	0.00840	0.00984	0.00657	0.00560	0.00373	0.00186	0.00463	0.00326	0.00371	0.00649
5	0.00836	0.00592	0.00646	0.00645	0.00698	0.00565	0.00390	0.00870	0.00995	0.01278	0.02929	0.04350	0.20801	0.59215	0.02422	0.00480	0.00509	0.00963	0.00412	0.00403
6	0.01024	0.00526	0.00777	0.00785	0.00789	0.00522	0.00523	0.00787	0.00805	0.01075	0.01187	0.06773	0.01228	0.02048	0.02214	0.77271	0.00508	0.00594	0.00281	0.00281
7	0.75555	0.01105	0.00874	0.00786	0.01132	0.01264	0.00640	0.01691	0.01079	0.02640	0.07725	0.01304	0.01114	0.00621	0.00404	0.00186	0.00447	0.00395	0.00398	0.00641
8	0.01044	0.00526	0.00783	0.00782	0.00784	0.00524	0.00521	0.00783	0.00782	0.01044	0.01044	0.01819	0.01042	0.02061	0.02314	0.82580	0.00519	0.00519	0.00263	0.00266
9	0.01133	0.01062	0.01783	0.77605	0.04078	0.01322	0.01647	0.01522	0.01193	0.01526	0.01067	0.01598	0.00804	0.00602	0.00598	0.00200	0.00793	0.00531	0.00269	0.00665
10	0.01651	0.01322	0.01411	0.01229	0.01589	0.01501	0.00966	0.12958	0.60802	0.06173	0.02279	0.02108	0.01690	0.00796	0.00607	0.00199	0.00501	0.00651	0.00611	0.00957
11	0.01560	0.72297	0.09865	0.01085	0.01625	0.02256	0.01127	0.01791	0.01216	0.01452	0.00861	0.01000	0.00774	0.00522	0.00404	0.00135	0.00660	0.00333	0.00258	0.00778
12	0.01446	0.01382	0.02348	0.10747	0.68492	0.01404	0.01803	0.01796	0.01341	0.01906	0.01123	0.01497	0.00938	0.00544	0.00593	0.00181	0.00716	0.00532	0.00296	0.00918
13	0.02189	0.01074	0.01326	0.01082	0.01487	0.01039	0.00871	0.02847	0.23792	0.48983	0.02588	0.02313	0.06002	0.00810	0.00610	0.00192	0.00486	0.00661	0.00686	0.00962
14	0.01202	0.03065	0.75967	0.01695	0.02568	0.01381	0.02188	0.01883	0.01259	0.01887	0.01078	0.01271	0.00765	0.00573	0.00569	0.00190	0.00879	0.00442	0.00256	0.00882
15	0.08662	0.00741	0.00898	0.00844	0.01038	0.00728	0.00660	0.01433	0.05946	0.07082	0.51109	0.04075	0.04394	0.01149	0.00674	0.00199	0.00357	0.08768	0.00620	0.00624
16	0.00847	0.00617	0.00793	0.00748	0.00892	0.00565	0.00560	0.01115	0.01667	0.02347	0.71644	0.04494	0.09000	0.01232	0.00704	0.00190	0.00286	0.01082	0.00651	0.00564
17	0.02223	0.02825	0.01686	0.01533	0.01839	0.76653	0.01149	0.02370	0.01685	0.01463	0.00931	0.01090	0.00778	0.00620	0.00540	0.00155	0.01071	0.00386	0.00310	0.00694
18	0.78296	0.05851	0.01015	0.00803	0.01178	0.01396	0.00670	0.01751	0.01029	0.02590	0.00840	0.00983	0.00664	0.00557	0.00374	0.00183	0.00474	0.00326	0.00365	0.00656
19	0.00865	0.00633	0.00899	0.00898	0.00983	0.00714	0.00667	0.01028	0.00942	0.01342	0.01657	0.02665	0.01632	0.19988	0.61319	0.00873	0.01377	0.00686	0.00331	0.00501
20	0.01202	0.03065	0.75967	0.01695	0.02568	0.01381	0.02188	0.01883	0.01259	0.01887	0.01078	0.01271	0.00765	0.00573	0.00569	0.00190	0.00879	0.00442	0.00256	0.00882
21	0.02630	0.01076	0.01419	0.01090	0.01550	0.00964	0.00898	0.09166	0.01798	0.69345	0.02265	0.01981	0.01437	0.00740	0.00601	0.00185	0.00522	0.00594	0.00724	0.01014
22	0.01479	0.01415	0.02408	0.03634	0.75345	0.01413	0.01819	0.01825	0.01356	0.01946	0.01129	0.01486	0.00952	0.00538	0.00592	0.00179	0.00708	0.00532	0.00298	0.00944
23	0.00831	0.00600	0.00785	0.00748	0.00882	0.00554	0.00558	0.01102	0.01648	0.02330	0.71721	0.08031	0.05499	0.01240	0.00700	0.00189	0.00282	0.01099	0.00646	0.00554
24	0.00937	0.00636	0.00893	0.00878	0.00973	0.00703	0.00648	0.01095	0.00963	0.04936	0.01692	0.02702	0.01649	0.23313	0.54345	0.00817	0.01274	0.00689	0.00348	0.00508
25	0.01746	0.01376	0.01483	0.01258	0.01632	0.01549	0.01016	0.32223	0.37911	0.02929	0.02064	0.02293	0.01621	0.00841	0.00617	0.00198	0.00551	0.07171	0.00592	0.00929

[dist]
# distance from previous block
# <min> <max>
0	7

[block]
# block no. 3 follows, 39 sequences, length 7
# corresponding to MSA columns:
# 307-313
name=unknown_D
#
# <colnr> <probs for GDERKNQSTAVLIFYWHMCP>
#	G	D	E	R	K	N	Q	S	T	A	V	L	I	F	Y	W	H	M	C	P
0	0.01265	0.01090	0.01171	0.01009	0.01365	0.01119	0.00786	0.02302	0.42572	0.02174	0.02745	0.02619	0.15396	0.00843	0.00579	0.00172	0.00429	0.00699	0.00530	0.21136
1	0.01226	0.01122	0.01852	0.20654	0.39951	0.01174	0.01462	0.01569	0.01388	0.01940	0.19450	0.02222	0.02051	0.00711	0.00615	0.00183	0.00618	0.00661	0.00374	0.00776
2	0.00886	0.00761	0.00778	0.00745	0.00978	0.00734	0.00567	0.01404	0.19032	0.01810	0.05124	0.04848	0.57513	0.01330	0.00675	0.00200	0.00340	0.01108	0.00562	0.00605
3	0.01117	0.01051	0.01774	0.77795	0.04073	0.01314	0.01642	0.01511	0.01182	0.01511	0.01051	0.01577	0.00788	0.00591	0.00591	0.00197	0.00788	0.00526	0.00263	0.00657
4	0.01764	0.01205	0.01346	0.01166	0.01531	0.01322	0.00919	0.03078	0.56438	0.20667	0.02389	0.02158	0.01721	0.00785	0.00600	0.00196	0.00477	0.00650	0.00634	0.00953
5	0.01065	0.02450	0.57441	0.01416	0.02123	0.01157	0.01755	0.01619	0.01273	0.01805	0.02282	0.02349	0.19209	0.00794	0.00596	0.00190	0.00732	0.00638	0.00324	0.00781
6	0.01294	0.01294	0.01811	0.01553	0.01553	0.01811	0.01294	0.01423	0.00906	0.01423	0.00776	0.01294	0.00776	0.01035	0.01941	0.00259	0.78134	0.00518	0.00259	0.00647

[dist]
# distance from previous block
# <min> <max>
0	5

[block]
# block no. 4 follows, 39 sequences, length 28
# corresponding to MSA columns:
# 319-346
name=unknown_E
#
# <colnr> <probs for GDERKNQSTAVLIFYWHMCP>
#	G	D	E	R	K	N	Q	S	T	A	V	L	I	F	Y	W	H	M	C	P
0	0.01435	0.01575	0.09971	0.03430	0.68038	0.01402	0.01853	0.01821	0.01337	0.01926	0.01107	0.01442	0.00917	0.00531	0.00583	0.00177	0.00720	0.00518	0.00288	0.00930
1	0.10061	0.01303	0.01939	0.05651	0.44077	0.01340	0.01437	0.04909	0.08724	0.12716	0.01397	0.01568	0.01065	0.00596	0.00566	0.00181	0.00627	0.00530	0.00405	0.00908
2	0.01076	0.00996	0.01662	0.69895	0.03743	0.01228	0.01530	0.01440	0.01177	0.01511	0.01278	0.09506	0.01109	0.00721	0.00608	0.00202	0.00743	0.00644	0.00292	0.00639
3	0.00816	0.00620	0.00847	0.00847	0.00961	0.00673	0.00641	0.00993	0.01023	0.01396	0.02518	0.03174	0.16711	0.11508	0.53642	0.00757	0.01216	0.00783	0.00369	0.00505
4	0.01411	0.01331	0.02252	0.03369	0.67901	0.01331	0.01726	0.01754	0.01348	0.01915	0.01320	0.01998	0.01190	0.00641	0.00609	0.00186	0.00686	0.07817	0.00319	0.00896
5	0.05663	0.01307	0.04562	0.01172	0.01649	0.01214	0.00999	0.24576	0.01991	0.47588	0.01952	0.01776	0.01274	0.00721	0.00590	0.00184	0.00567	0.00563	0.00659	0.00993
6	0.01514	0.63672	0.18113	0.01160	0.01742	0.02147	0.01259	0.01801	0.01221	0.01505	0.00887	0.01032	0.00772	0.00528	0.00424	0.00142	0.00687	0.00346	0.00258	0.00790
7	0.01132	0.01062	0.01783	0.77618	0.04077	0.01322	0.01647	0.01521	0.01192	0.01525	0.01066	0.01597	0.00803	0.00601	0.00598	0.00200	0.00793	0.00530	0.00268	0.00665
8	0.02226	0.02687	0.01697	0.01513	0.01839	0.67756	0.01146	0.10827	0.01815	0.01733	0.00990	0.01130	0.00805	0.00631	0.00547	0.00158	0.01021	0.00404	0.00344	0.00731
9	0.01140	0.00951	0.01114	0.00843	0.01272	0.00739	0.00659	0.01384	0.01297	0.01962	0.12824	0.02072	0.05443	0.03727	0.00600	0.00131	0.00417	0.00532	0.00412	0.62482
10	0.00737	0.00526	0.00698	0.00834	0.00870	0.00490	0.00556	0.00835	0.01142	0.01524	0.03269	0.78662	0.03918	0.01860	0.00761	0.00243	0.00349	0.01683	0.00554	0.00489
11	0.01201	0.03065	0.75980	0.01694	0.02567	0.01381	0.02188	0.01882	0.01258	0.01886	0.01077	0.01270	0.00764	0.00572	0.00568	0.00190	0.00878	0.00442	0.00255	0.00881
12	0.02261	0.01666	0.01784	0.01370	0.01844	0.01840	0.01130	0.73390	0.02786	0.03736	0.01434	0.01441	0.01020	0.00720	0.00598	0.00180	0.00656	0.00537	0.00596	0.01013
13	0.00753	0.00533	0.00693	0.00813	0.00845	0.00501	0.00533	0.00840	0.01110	0.01481	0.03103	0.69758	0.03709	0.11050	0.01029	0.00282	0.00376	0.01586	0.00531	0.00474
14	0.00737	0.00526	0.00698	0.00834	0.00870	0.00490	0.00556	0.00835	0.01142	0.01524	0.03269	0.78662	0.03918	0.01860	0.00761	0.00243	0.00349	0.01683	0.00554	0.00489
15	0.83208	0.01154	0.00880	0.00788	0.01155	0.01334	0.00647	0.01748	0.01016	0.02665	0.00839	0.00982	0.00655	0.00559	0.00373	0.00186	0.00463	0.00326	0.00371	0.00648
16	0.01485	0.01280	0.01347	0.01213	0.01548	0.01478	0.00942	0.03149	0.74290	0.02486	0.02419	0.02225	0.01817	0.00812	0.00608	0.00203	0.00473	0.00673	0.00606	0.00943
17	0.00853	0.00616	0.00802	0.00755	0.00895	0.00568	0.00565	0.01127	0.01682	0.02384	0.75050	0.04431	0.05583	0.01218	0.00704	0.00189	0.00285	0.01073	0.00655	0.00566
18	0.01201	0.03065	0.75980	0.01694	0.02567	0.01381	0.02188	0.01882	0.01258	0.01886	0.01077	0.01270	0.00764	0.00572	0.00568	0.00190	0.00878	0.00442	0.00255	0.00881
19	0.01334	0.01377	0.02228	0.01790	0.01937	0.01741	0.18817	0.01548	0.01035	0.01552	0.00894	0.01388	0.00820	0.00914	0.01642	0.00247	0.59204	0.00566	0.00274	0.00691
20	0.01368	0.01727	0.11843	0.02245	0.02775	0.01542	0.52594	0.01822	0.01305	0.01826	0.01124	0.01523	0.00874	0.00607	0.00897	0.00211	0.13996	0.00641	0.00292	0.00789
21	0.00841	0.00597	0.00684	0.00683	0.00738	0.00587	0.00430	0.00893	0.00981	0.01281	0.02691	0.04075	0.17107	0.54185	0.11310	0.00543	0.00642	0.00917	0.00398	0.00416
22	0.69521	0.01299	0.01028	0.00895	0.01271	0.05224	0.00730	0.10249	0.01260	0.02730	0.00914	0.01042	0.00705	0.00581	0.00408	0.00184	0.00516	0.00354	0.00395	0.00694
23	0.02449	0.00969	0.01313	0.01026	0.01446	0.00841	0.00838	0.02679	0.01699	0.67031	0.11003	0.02318	0.01966	0.00798	0.00613	0.00186	0.00482	0.00656	0.00727	0.00960
24	0.01411	0.01604	0.03494	0.02499	0.03097	0.01503	0.73209	0.01904	0.01405	0.01908	0.01211	0.01615	0.00912	0.00509	0.00704	0.00202	0.01001	0.00702	0.00304	0.00805
25	0.70224	0.01211	0.01025	0.03989	0.01356	0.01394	0.00745	0.10270	0.01234	0.02746	0.00919	0.01062	0.00705	0.00580	0.00409	0.00186	0.00499	0.00359	0.00394	0.00692
26	0.01777	0.57339	0.02651	0.01122	0.01578	0.05405	0.01038	0.01945	0.01367	0.10396	0.01359	0.01828	0.01222	0.00729	0.00508	0.00171	0.00663	0.07703	0.00382	0.00819
27	0.01082	0.00691	0.00886	0.00927	0.01052	0.00621	0.00655	0.01199	0.01337	0.09384	0.11690	0.55062	0.03768	0.01647	0.00765	0.00242	0.00404	0.04028	0.00606	0.03955

[dist]
# distance from previous block
# <min> <max>
2	18

[block]
# block no. 5 follows, 39 sequences, length 6
# corresponding to MSA columns:
# 365-370
name=unknown_F
#
# <colnr> <probs for GDERKNQSTAVLIFYWHMCP>
#	G	D	E	R	K	N	Q	S	T	A	V	L	I	F	Y	W	H	M	C	P
0	0.00847	0.00625	0.00905	0.00905	0.00995	0.00714	0.00682	0.01027	0.00937	0.01339	0.01626	0.02554	0.01579	0.15597	0.65848	0.00894	0.01433	0.00667	0.00323	0.00503
1	0.00860	0.00573	0.00645	0.00645	0.00645	0.00573	0.00358	0.00860	0.00860	0.01147	0.01863	0.03870	0.02150	0.79217	0.03010	0.00573	0.00573	0.00860	0.00358	0.00358
2	0.02074	0.20173	0.02026	0.01368	0.01758	0.42248	0.01108	0.18823	0.01824	0.01966	0.01011	0.01122	0.00818	0.00609	0.00512	0.00152	0.00870	0.00401	0.00360	0.00777
3	0.01203	0.02187	0.44801	0.01355	0.02023	0.01154	0.01567	0.05736	0.01394	0.02064	0.12148	0.01727	0.01512	0.00641	0.00558	0.00165	0.00680	0.00518	0.00350	0.18218
4	0.05980	0.20645	0.50455	0.01469	0.02194	0.06195	0.01763	0.01871	0.01250	0.01780	0.00984	0.01152	0.00746	0.00551	0.00507	0.00171	0.00806	0.00399	0.00260	0.00823
5	0.00860	0.00573	0.00645	0.00645	0.00645	0.00573	0.00358	0.00860	0.00860	0.01147	0.01863	0.03870	0.02150	0.79217	0.03010	0.00573	0.00573	0.00860	0.00358	0.00358

[dist]
# distance from previous block
# <min> <max>
0	17

[block]
# block no. 6 follows, 39 sequences, length 54
# corresponding to MSA columns:
# 388-441
name=unknown_G
#
# <colnr> <probs for GDERKNQSTAVLIFYWHMCP>
#	G	D	E	R	K	N	Q	S	T	A	V	L	I	F	Y	W	H	M	C	P
0	0.01518	0.01638	0.03417	0.02475	0.03056	0.01524	0.68951	0.01959	0.01471	0.02029	0.01361	0.01803	0.01052	0.00600	0.00742	0.00222	0.01005	0.00732	0.03590	0.00856
1	0.01582	0.01479	0.02443	0.06590	0.71164	0.01469	0.01843	0.01890	0.01423	0.02037	0.01247	0.01655	0.01061	0.00623	0.00644	0.00202	0.00748	0.00570	0.00340	0.00991
2	0.00860	0.00573	0.00645	0.00645	0.00645	0.00573	0.00358	0.00860	0.00860	0.01147	0.01863	0.03870	0.02150	0.79217	0.03010	0.00573	0.00573	0.00860	0.00358	0.00358
3	0.01450	0.01391	0.02376	0.06519	0.72744	0.01402	0.01808	0.01803	0.01340	0.01916	0.01110	0.01468	0.00931	0.00529	0.00586	0.00176	0.00706	0.00527	0.00292	0.00926
4	0.17021	0.01031	0.01283	0.01003	0.01445	0.00951	0.00828	0.02679	0.01571	0.62897	0.02064	0.01826	0.01317	0.00699	0.00554	0.00183	0.00495	0.00546	0.00667	0.00941
5	0.01247	0.01015	0.01171	0.01154	0.01403	0.01129	0.00943	0.02313	0.42823	0.02169	0.02720	0.04139	0.02497	0.01162	0.00695	0.00232	0.00501	0.31345	0.00577	0.00767
6	0.00721	0.00515	0.00686	0.00823	0.00858	0.00480	0.00549	0.00823	0.01132	0.01510	0.03259	0.78831	0.03911	0.01853	0.00755	0.00240	0.00343	0.01681	0.00549	0.00480
7	0.01027	0.00514	0.00770	0.00770	0.00770	0.00514	0.00514	0.00770	0.00770	0.01027	0.01027	0.01798	0.01027	0.02054	0.02311	0.82794	0.00514	0.00514	0.00257	0.00257
8	0.00953	0.00681	0.00953	0.01089	0.01225	0.00681	0.00953	0.01225	0.01361	0.01770	0.03131	0.06671	0.03403	0.01634	0.00817	0.00272	0.00545	0.71547	0.00545	0.00545
9	0.01333	0.00774	0.00798	0.00714	0.00920	0.00810	0.00557	0.15921	0.01551	0.02511	0.01827	0.02047	0.01413	0.00693	0.00449	0.00146	0.00351	0.00547	0.65996	0.00643
10	0.01186	0.03059	0.76153	0.01686	0.02560	0.01373	0.02185	0.01873	0.01249	0.01873	0.01061	0.01249	0.00749	0.00562	0.00562	0.00187	0.00874	0.00437	0.00250	0.00874
11	0.01287	0.22525	0.57566	0.01514	0.02295	0.01619	0.01887	0.01847	0.01237	0.01750	0.01000	0.01172	0.00752	0.00548	0.00515	0.00172	0.00813	0.00406	0.00251	0.00845
12	0.00937	0.00704	0.00865	0.00819	0.00823	0.00800	0.00540	0.00968	0.00872	0.01205	0.01658	0.03348	0.01878	0.62234	0.05853	0.00533	0.14416	0.00790	0.00339	0.00417
13	0.01226	0.01051	0.01226	0.00876	0.01401	0.00788	0.00701	0.01489	0.01226	0.01927	0.01051	0.01226	0.00876	0.00438	0.00438	0.00088	0.00438	0.00350	0.00350	0.82832
14	0.00721	0.00515	0.00686	0.00823	0.00858	0.00480	0.00549	0.00823	0.01132	0.01510	0.03259	0.78831	0.03911	0.01853	0.00755	0.00240	0.00343	0.01681	0.00549	0.00480
15	0.02248	0.01656	0.01775	0.01361	0.01834	0.01834	0.01124	0.73556	0.02780	0.03727	0.01420	0.01420	0.01006	0.00710	0.00592	0.00177	0.00651	0.00532	0.00592	0.01006
16	0.00721	0.00515	0.00686	0.00823	0.00858	0.00480	0.00549	0.00823	0.01132	0.01510	0.03259	0.78831	0.03911	0.01853	0.00755	0.00240	0.00343	0.01681	0.00549	0.00480
17	0.00848	0.00679	0.03079	0.00773	0.00934	0.00583	0.00607	0.01139	0.01661	0.02356	0.72963	0.04321	0.05433	0.01189	0.00693	0.00186	0.00297	0.01050	0.00639	0.00568
18	0.01192	0.03015	0.73946	0.01710	0.02576	0.01377	0.04347	0.01873	0.01253	0.01873	0.01065	0.01259	0.00754	0.00560	0.00566	0.00188	0.00878	0.00445	0.00251	0.00872
19	0.01396	0.01595	0.03490	0.02493	0.03091	0.01496	0.73380	0.01894	0.01396	0.01894	0.01196	0.01595	0.00897	0.00499	0.00698	0.00199	0.00997	0.00698	0.00299	0.00798
20	0.00837	0.00604	0.00790	0.00744	0.00883	0.00558	0.00558	0.01116	0.01674	0.02371	0.75216	0.04417	0.05580	0.01209	0.00697	0.00186	0.00279	0.01069	0.00651	0.00558
21	0.00961	0.00816	0.00856	0.00808	0.01045	0.00818	0.00617	0.01614	0.24976	0.01954	0.11411	0.04446	0.44948	0.01246	0.00667	0.00199	0.00352	0.01044	0.00576	0.00646
22	0.01226	0.01051	0.01226	0.00876	0.01401	0.00788	0.00701	0.01489	0.01226	0.01927	0.01051	0.01226	0.00876	0.00438	0.00438	0.00088	0.00438	0.00350	0.00350	0.82832
23	0.00699	0.00599	0.00599	0.00599	0.00799	0.00499	0.00449	0.00849	0.01348	0.01598	0.05991	0.05691	0.75288	0.01498	0.00699	0.00200	0.00300	0.01248	0.00549	0.00499
24	0.00699	0.00599	0.00599	0.00599	0.00799	0.00499	0.00449	0.00849	0.01348	0.01598	0.05991	0.05691	0.75288	0.01498	0.00699	0.00200	0.00300	0.01248	0.00549	0.00499
25	0.01581	0.79572	0.03099	0.01012	0.01518	0.02340	0.01012	0.01771	0.01202	0.01391	0.00822	0.00949	0.00759	0.00506	0.00379	0.00126	0.00632	0.00316	0.00253	0.00759
26	0.00721	0.00515	0.00686	0.00823	0.00858	0.00480	0.00549	0.00823	0.01132	0.01510	0.03259	0.78831	0.03911	0.01853	0.00755	0.00240	0.00343	0.01681	0.00549	0.00480
27	0.00953	0.00681	0.00953	0.01089	0.01225	0.00681	0.00953	0.01225	0.01361	0.01770	0.03131	0.06671	0.03403	0.01634	0.00817	0.00272	0.00545	0.71547	0.00545	0.00545
28	0.02653	0.01006	0.01372	0.01052	0.01510	0.00869	0.00869	0.02882	0.01693	0.75937	0.02333	0.02013	0.01464	0.00732	0.00595	0.00183	0.00503	0.00595	0.00732	0.01006
29	0.01117	0.01051	0.01774	0.77795	0.04073	0.01314	0.01642	0.01511	0.01182	0.01511	0.01051	0.01577	0.00788	0.00591	0.00591	0.00197	0.00788	0.00526	0.00263	0.00657
30	0.01471	0.01270	0.01337	0.01203	0.01538	0.01471	0.00936	0.03142	0.74459	0.02474	0.02407	0.02206	0.01805	0.00802	0.00602	0.00201	0.00468	0.00669	0.00602	0.00936
31	0.02248	0.01656	0.01775	0.01361	0.01834	0.01834	0.01124	0.73556	0.02780	0.03727	0.01420	0.01420	0.01006	0.00710	0.00592	0.00177	0.00651	0.00532	0.00592	0.01006
32	0.02504	0.01135	0.01439	0.01115	0.01567	0.01074	0.00917	0.14957	0.06800	0.58649	0.02182	0.01925	0.01409	0.00733	0.00595	0.00183	0.00526	0.00589	0.00699	0.01002
33	0.01294	0.01294	0.01811	0.01553	0.01553	0.01811	0.01294	0.01423	0.00906	0.01423	0.00776	0.01294	0.00776	0.01035	0.01941	0.00259	0.78134	0.00518	0.00259	0.00647
34	0.00860	0.00573	0.00645	0.00645	0.00645	0.00573	0.00358	0.00860	0.00860	0.01147	0.01863	0.03870	0.02150	0.79217	0.03010	0.00573	0.00573	0.00860	0.00358	0.00358
35	0.02653	0.01006	0.01372	0.01052	0.01510	0.00869	0.00869	0.02882	0.01693	0.75937	0.02333	0.02013	0.01464	0.00732	0.00595	0.00183	0.00503	0.00595	0.00732	0.01006
36	0.01123	0.01060	0.01775	0.75047	0.03982	0.01332	0.01630	0.01508	0.01173	0.01508	0.01041	0.01566	0.00788	0.00607	0.00640	0.00199	0.03576	0.00525	0.00263	0.00657
37	0.00721	0.00515	0.00686	0.00823	0.00858	0.00480	0.00549	0.00823	0.01132	0.01510	0.03259	0.78831	0.03911	0.01853	0.00755	0.00240	0.00343	0.01681	0.00549	0.00480
38	0.01132	0.01066	0.01801	0.74578	0.07173	0.01318	0.01650	0.01524	0.01190	0.01529	0.01054	0.01572	0.00795	0.00588	0.00591	0.00196	0.00785	0.00526	0.00264	0.00669
39	0.01581	0.79572	0.03099	0.01012	0.01518	0.02340	0.01012	0.01771	0.01202	0.01391	0.00822	0.00949	0.00759	0.00506	0.00379	0.00126	0.00632	0.00316	0.00253	0.00759
40	0.00860	0.00573	0.00645	0.00645	0.00645	0.00573	0.00358	0.00860	0.00860	0.01147	0.01863	0.03870	0.02150	0.79217	0.03010	0.00573	0.00573	0.00860	0.00358	0.00358
41	0.00718	0.00600	0.00625	0.00619	0.00810	0.00507	0.00464	0.00885	0.01392	0.01702	0.15306	0.05520	0.65908	0.01459	0.00699	0.00198	0.00297	0.01224	0.00563	0.00507
42	0.01528	0.01492	0.02086	0.02873	0.51657	0.07791	0.01549	0.02178	0.18812	0.02020	0.01404	0.01607	0.01129	0.00600	0.00585	0.00180	0.00677	0.00548	0.00367	0.00915
43	0.00721	0.00515	0.00686	0.00823	0.00858	0.00480	0.00549	0.00823	0.01132	0.01510	0.03259	0.78831	0.03911	0.01853	0.00755	0.00240	0.00343	0.01681	0.00549	0.00480
44	0.01281	0.06163	0.54000	0.05259	0.13035	0.03858	0.04588	0.01861	0.01277	0.01831	0.01057	0.01287	0.00784	0.00555	0.00562	0.00183	0.00845	0.00456	0.00260	0.00859
45	0.00860	0.00573	0.00645	0.00645	0.00645	0.00573	0.00358	0.00860	0.00860	0.01147	0.01863	0.03870	0.02150	0.79217	0.03010	0.00573	0.00573	0.00860	0.00358	0.00358
46	0.01226	0.01051	0.01226	0.00876	0.01401	0.00788	0.00701	0.01489	0.01226	0.01927	0.01051	0.01226	0.00876	0.00438	0.00438	0.00088	0.00438	0.00350	0.00350	0.82832
47	0.01226	0.01051	0.01226	0.00876	0.01401	0.00788	0.00701	0.01489	0.01226	0.01927	0.01051	0.01226	0.00876	0.00438	0.00438	0.00088	0.00438	0.00350	0.00350	0.82832
48	0.83394	0.01144	0.00869	0.00778	0.01144	0.01327	0.00640	0.01738	0.01006	0.02653	0.00823	0.00961	0.00640	0.00549	0.00366	0.00183	0.00457	0.00320	0.00366	0.00640
49	0.00860	0.00573	0.00645	0.00645	0.00645	0.00573	0.00358	0.00860	0.00860	0.01147	0.01863	0.03870	0.02150	0.79217	0.03010	0.00573	0.00573	0.00860	0.00358	0.00358
50	0.01226	0.01051	0.01226	0.00876	0.01401	0.00788	0.00701	0.01489	0.01226	0.01927	0.01051	0.01226	0.00876	0.00438	0.00438	0.00088	0.00438	0.00350	0.00350	0.82832
51	0.00912	0.00621	0.00814	0.00757	0.00909	0.00571	0.00571	0.01189	0.01675	0.05392	0.72223	0.04319	0.05411	0.01189	0.00693	0.00186	0.00288	0.01050	0.00654	0.00576
52	0.01464	0.01405	0.02400	0.03630	0.75528	0.01405	0.01815	0.01815	0.01347	0.01932	0.01112	0.01464	0.00937	0.00527	0.00585	0.00176	0.00703	0.00527	0.00293	0.00937
