[name]
unknown

[dist]
# distance from previous block
# <min> <max>
6	521

[block]
# block no. 0 follows, 40 sequences, length 11
# corresponding to MSA columns:
# 530-540
name=unknown_A
#
# <colnr> <probs for GDERKNQSTAVLIFYWHMCP>
#	G	D	E	R	K	N	Q	S	T	A	V	L	I	F	Y	W	H	M	C	P
0	0.01026	0.00918	0.01490	0.57844	0.03182	0.01097	0.01335	0.01384	0.01290	0.01708	0.20610	0.02283	0.02012	0.00741	0.00609	0.00191	0.00644	0.00657	0.00359	0.00620
1	0.00775	0.00563	0.00730	0.00751	0.00855	0.00518	0.00539	0.00981	0.01439	0.01988	0.45996	0.30805	0.09033	0.01429	0.00706	0.00202	0.00298	0.01274	0.00599	0.00518
2	0.01484	0.00659	0.00754	0.00671	0.00889	0.00624	0.00524	0.01743	0.01336	0.21633	0.02001	0.02118	0.01477	0.00689	0.00453	0.00147	0.00330	0.00553	0.61253	0.00659
3	0.01480	0.01240	0.01783	0.02239	0.36781	0.01274	0.01282	0.20555	0.01779	0.02476	0.20734	0.02190	0.02137	0.00741	0.00606	0.00176	0.00568	0.00660	0.00457	0.00841
4	0.00906	0.00525	0.00605	0.00669	0.00756	0.00509	0.00470	0.01096	0.01169	0.01843	0.02519	0.38761	0.02610	0.01221	0.00566	0.00183	0.00303	0.01070	0.43711	0.00509
5	0.00902	0.00701	0.00843	0.00908	0.01019	0.00728	0.00640	0.01408	0.20473	0.01733	0.02985	0.58973	0.03303	0.01551	0.00703	0.00226	0.00370	0.01392	0.00553	0.00590
6	0.00852	0.00537	0.00696	0.00732	0.00747	0.00535	0.00466	0.00825	0.00898	0.01205	0.01959	0.22955	0.02237	0.34013	0.06938	0.22157	0.00552	0.00954	0.00373	0.00368
7	0.01194	0.01143	0.00900	0.00861	0.00940	0.20683	0.00555	0.01233	0.01056	0.01205	0.01587	0.03082	0.01756	0.58840	0.02321	0.00455	0.00691	0.00722	0.00339	0.00437
8	0.01207	0.01608	0.21263	0.37885	0.02960	0.01348	0.01573	0.02000	0.20527	0.01828	0.01386	0.01628	0.01027	0.00628	0.00577	0.00192	0.00715	0.00531	0.00342	0.00774
9	0.00767	0.00589	0.00715	0.00783	0.00916	0.00537	0.00604	0.00942	0.01294	0.01641	0.08898	0.25081	0.33375	0.01581	0.00732	0.00225	0.00368	0.19906	0.00545	0.00501
10	0.00924	0.00794	0.01150	0.37460	0.02276	0.00891	0.00976	0.01147	0.01122	0.01414	0.02518	0.03204	0.20789	0.21543	0.01233	0.00292	0.00594	0.00790	0.00357	0.00528

[dist]
# distance from previous block
# <min> <max>
0	1

[block]
# block no. 1 follows, 40 sequences, length 9
# corresponding to MSA columns:
# 542-550
name=unknown_B
#
# <colnr> <probs for GDERKNQSTAVLIFYWHMCP>
#	G	D	E	R	K	N	Q	S	T	A	V	L	I	F	Y	W	H	M	C	P
0	0.00760	0.00569	0.00647	0.00661	0.00763	0.00519	0.00448	0.00876	0.01199	0.01547	0.15469	0.16726	0.30804	0.24838	0.01376	0.00311	0.00379	0.01154	0.00500	0.00456
1	0.00846	0.00564	0.00634	0.00634	0.00634	0.00564	0.00352	0.00846	0.00846	0.01128	0.01832	0.03805	0.02114	0.79563	0.02960	0.00564	0.00564	0.00846	0.00352	0.00352
2	0.00764	0.00579	0.00704	0.00702	0.00840	0.00519	0.00515	0.00972	0.01464	0.01968	0.43093	0.16787	0.26221	0.01376	0.00695	0.00196	0.00291	0.01201	0.00594	0.00519
3	0.01121	0.00882	0.00963	0.00902	0.01059	0.00978	0.00633	0.01888	0.34933	0.01739	0.02065	0.02976	0.01925	0.39535	0.05591	0.00414	0.00566	0.00748	0.00460	0.00622
4	0.01417	0.43198	0.02473	0.01759	0.23676	0.01743	0.01171	0.01627	0.01235	0.01580	0.01317	0.13754	0.01333	0.00741	0.00509	0.00164	0.00608	0.00602	0.00320	0.00772
5	0.58647	0.01186	0.01018	0.00915	0.01267	0.01365	0.00732	0.02145	0.23113	0.02584	0.01312	0.01362	0.01007	0.00638	0.00445	0.00192	0.00465	0.00430	0.00441	0.00735
6	0.01345	0.35411	0.21752	0.01058	0.01544	0.01536	0.01138	0.01675	0.01227	0.01767	0.01233	0.01431	0.01001	0.00590	0.00447	0.00150	0.00591	0.00424	0.24947	0.00733
7	0.01953	0.01723	0.24197	0.01479	0.02070	0.01149	0.13026	0.02409	0.04786	0.38347	0.01772	0.01742	0.01185	0.00659	0.00607	0.00191	0.00693	0.00569	0.00513	0.00931
8	0.01086	0.00925	0.01045	0.00804	0.01226	0.00711	0.00631	0.01300	0.01264	0.01829	0.02522	0.02568	0.23277	0.00767	0.00523	0.00126	0.00402	0.00621	0.00415	0.57956

[dist]
# distance from previous block
# <min> <max>
0	4

[block]
# block no. 2 follows, 40 sequences, length 21
# corresponding to MSA columns:
# 555-575
name=unknown_C
#
# <colnr> <probs for GDERKNQSTAVLIFYWHMCP>
#	G	D	E	R	K	N	Q	S	T	A	V	L	I	F	Y	W	H	M	C	P
0	0.00806	0.00568	0.00713	0.00809	0.00847	0.00536	0.00533	0.00876	0.01095	0.01459	0.02959	0.55585	0.05005	0.20683	0.01302	0.00325	0.00418	0.04497	0.00510	0.00474
1	0.00804	0.00550	0.00699	0.00816	0.00865	0.00512	0.00548	0.00910	0.01157	0.01608	0.03094	0.70139	0.03611	0.01720	0.00725	0.00234	0.00349	0.01538	0.09614	0.00508
2	0.01804	0.01431	0.02125	0.02762	0.49188	0.01451	0.01531	0.19446	0.01734	0.10571	0.01350	0.01557	0.01042	0.00618	0.00600	0.00183	0.00673	0.00543	0.00424	0.00969
3	0.01197	0.01063	0.01700	0.13036	0.38788	0.01083	0.01314	0.01435	0.01228	0.01701	0.01729	0.20639	0.01789	0.09583	0.00901	0.00243	0.00619	0.00845	0.00370	0.00735
4	0.21323	0.01381	0.02515	0.01864	0.02332	0.01355	0.47409	0.01745	0.01252	0.02008	0.01209	0.01731	0.01005	0.09245	0.00878	0.00242	0.00819	0.00628	0.00334	0.00724
5	0.01491	0.01153	0.01208	0.01077	0.01377	0.01291	0.00836	0.10500	0.48506	0.02545	0.02186	0.02147	0.01660	0.00784	0.00567	0.00189	0.00452	0.00630	0.20541	0.00860
6	0.00831	0.00683	0.00996	0.00972	0.01111	0.00619	0.08610	0.00972	0.01226	0.01595	0.03666	0.52226	0.20970	0.01614	0.00743	0.00231	0.00416	0.01450	0.00528	0.00539
7	0.02047	0.00872	0.01207	0.00988	0.01331	0.00801	0.00801	0.02272	0.01486	0.52751	0.07467	0.02226	0.01738	0.01637	0.19187	0.00363	0.00736	0.00628	0.00615	0.00843
8	0.01177	0.01036	0.01635	0.04998	0.41385	0.01043	0.01213	0.01447	0.02893	0.01723	0.08460	0.07456	0.01849	0.19846	0.01176	0.00274	0.00595	0.00726	0.00359	0.00709
9	0.01124	0.01034	0.01614	0.59417	0.03368	0.01167	0.01390	0.01481	0.01173	0.01585	0.01034	0.01467	0.00796	0.00545	0.00545	0.00168	0.00692	0.00475	0.00279	0.20648
10	0.01165	0.01163	0.02153	0.59803	0.03771	0.01335	0.19127	0.01577	0.01214	0.01577	0.01068	0.01555	0.00801	0.00559	0.00607	0.00194	0.00825	0.00558	0.00267	0.00680
11	0.01331	0.01469	0.02957	0.02183	0.02613	0.01520	0.54232	0.01722	0.01248	0.01740	0.01128	0.03509	0.00930	0.00653	0.00986	0.00211	0.19867	0.00668	0.00291	0.00740
12	0.01134	0.00964	0.01608	0.46892	0.15271	0.01116	0.01374	0.01359	0.01092	0.01440	0.01038	0.01584	0.00857	0.00920	0.00991	0.20292	0.00696	0.00514	0.00262	0.00597
13	0.01359	0.01273	0.02037	0.08180	0.52774	0.01228	0.01507	0.01686	0.01284	0.01869	0.01075	0.01391	0.00896	0.00501	0.00541	0.00153	0.00634	0.00476	0.00300	0.20837
14	0.01374	0.44172	0.37207	0.01303	0.01969	0.01859	0.01531	0.01788	0.01203	0.01588	0.00918	0.01070	0.00742	0.00523	0.00456	0.00152	0.00732	0.00366	0.00247	0.00799
15	0.21116	0.01271	0.13040	0.01014	0.01316	0.04492	0.00900	0.08174	0.01298	0.02047	0.04542	0.34128	0.02212	0.01123	0.00592	0.00203	0.00508	0.00946	0.00445	0.00633
16	0.02237	0.01096	0.01362	0.01087	0.01485	0.01062	0.00880	0.19858	0.04744	0.46742	0.02189	0.11187	0.01635	0.00851	0.00603	0.00186	0.00510	0.00702	0.00659	0.00924
17	0.01747	0.01476	0.01931	0.01515	0.01939	0.07368	0.18636	0.18479	0.24610	0.09969	0.04900	0.01838	0.01429	0.00692	0.00611	0.00186	0.00668	0.00622	0.00509	0.00874
18	0.01569	0.01307	0.01391	0.10151	0.01748	0.07793	0.00976	0.29131	0.11255	0.02636	0.19657	0.02402	0.05782	0.00844	0.00608	0.00181	0.00563	0.00689	0.00533	0.00782
19	0.01373	0.44827	0.14760	0.19882	0.02336	0.01865	0.04483	0.01701	0.01193	0.01495	0.00917	0.01158	0.00758	0.00527	0.00466	0.00154	0.00713	0.00397	0.00253	0.00742
20	0.02229	0.01599	0.01727	0.01324	0.01789	0.01760	0.01094	0.70706	0.02685	0.07025	0.01438	0.01423	0.01010	0.00699	0.00582	0.00175	0.00633	0.00526	0.00588	0.00989

[dist]
# distance from previous block
# <min> <max>
0	7

[block]
# block no. 3 follows, 40 sequences, length 6
# corresponding to MSA columns:
# 583-588
name=unknown_D
#
# <colnr> <probs for GDERKNQSTAVLIFYWHMCP>
#	G	D	E	R	K	N	Q	S	T	A	V	L	I	F	Y	W	H	M	C	P
0	0.00709	0.00506	0.00675	0.00810	0.00843	0.00472	0.00540	0.00810	0.01113	0.01484	0.03205	0.79184	0.03846	0.01822	0.00742	0.00236	0.00337	0.01653	0.00540	0.00472
1	0.01278	0.01189	0.02013	0.08448	0.48414	0.01201	0.06874	0.01561	0.01210	0.01695	0.01259	0.01980	0.01171	0.17977	0.01111	0.00262	0.00691	0.00603	0.00300	0.00765
2	0.01446	0.01249	0.01315	0.01183	0.01512	0.01446	0.00920	0.03090	0.74885	0.02433	0.02367	0.02170	0.01775	0.00789	0.00592	0.00197	0.00460	0.00657	0.00592	0.00920
3	0.00811	0.00569	0.00624	0.00624	0.00668	0.00548	0.00372	0.00843	0.00952	0.01225	0.02729	0.04201	0.18364	0.62318	0.02458	0.00483	0.00504	0.00930	0.00394	0.00383
4	0.00709	0.00506	0.00675	0.00810	0.00843	0.00472	0.00540	0.00810	0.01113	0.01484	0.03205	0.79184	0.03846	0.01822	0.00742	0.00236	0.00337	0.01653	0.00540	0.00472
5	0.01610	0.01436	0.02225	0.03077	0.59565	0.01475	0.01635	0.17731	0.01636	0.02290	0.01161	0.01430	0.00936	0.00558	0.00577	0.00173	0.00680	0.00519	0.00353	0.00936

[dist]
# distance from previous block
# <min> <max>
3	7

[block]
# block no. 4 follows, 40 sequences, length 6
# corresponding to MSA columns:
# 596-601
name=unknown_E
#
# <colnr> <probs for GDERKNQSTAVLIFYWHMCP>
#	G	D	E	R	K	N	Q	S	T	A	V	L	I	F	Y	W	H	M	C	P
0	0.01403	0.01384	0.02476	0.09087	0.59388	0.01388	0.12705	0.01774	0.01319	0.01863	0.01102	0.01467	0.00904	0.00519	0.00593	0.00178	0.00741	0.00544	0.00287	0.00879
1	0.01837	0.01003	0.01202	0.01020	0.01375	0.00994	0.00819	0.02540	0.26792	0.35958	0.02902	0.02815	0.12881	0.00901	0.00613	0.00193	0.00455	0.04192	0.00640	0.00868
2	0.02077	0.00918	0.01172	0.00951	0.01311	0.00852	0.00768	0.02487	0.10540	0.49507	0.08767	0.02241	0.01848	0.00764	0.00568	0.00176	0.00437	0.00629	0.13112	0.00874
3	0.00760	0.00539	0.00704	0.00777	0.00826	0.00521	0.00523	0.00878	0.01131	0.01538	0.13780	0.48085	0.03589	0.15827	0.07406	0.00344	0.00468	0.01333	0.00503	0.00466
4	0.23699	0.01098	0.01566	0.18357	0.16518	0.01193	0.07081	0.01654	0.04274	0.04850	0.01430	0.13151	0.01305	0.00752	0.00553	0.00192	0.00597	0.00656	0.00369	0.00705
5	0.13511	0.07069	0.20266	0.05917	0.02043	0.01609	0.04278	0.33725	0.01859	0.02707	0.01155	0.01275	0.00842	0.00611	0.00533	0.00176	0.00688	0.00462	0.00414	0.00860

[dist]
# distance from previous block
# <min> <max>
6	25

[block]
# block no. 5 follows, 40 sequences, length 7
# corresponding to MSA columns:
# 637-643
name=unknown_F
#
# <colnr> <probs for GDERKNQSTAVLIFYWHMCP>
#	G	D	E	R	K	N	Q	S	T	A	V	L	I	F	Y	W	H	M	C	P
0	0.01962	0.01549	0.01944	0.02058	0.25732	0.01667	0.01325	0.50687	0.02279	0.03095	0.01299	0.01410	0.00967	0.00640	0.00580	0.00174	0.00656	0.00522	0.00487	0.00967
1	0.01192	0.00875	0.01014	0.00963	0.01149	0.00903	0.00715	0.24436	0.01653	0.02195	0.02833	0.48282	0.08580	0.01432	0.00686	0.00213	0.00432	0.01255	0.00553	0.00641
2	0.02000	0.01254	0.01427	0.01172	0.01571	0.01339	0.00942	0.19582	0.34385	0.26577	0.02117	0.01927	0.01483	0.00745	0.00587	0.00186	0.00513	0.00603	0.00631	0.00959
3	0.01263	0.01344	0.05817	0.01624	0.01995	0.06389	0.30969	0.07240	0.04010	0.01880	0.01887	0.26595	0.01881	0.00963	0.00666	0.00202	0.00705	0.00946	0.02931	0.00693
4	0.01024	0.00806	0.00951	0.00877	0.01076	0.00838	0.00669	0.01741	0.25287	0.02364	0.51981	0.03642	0.04289	0.01060	0.00655	0.00188	0.00334	0.00924	0.00625	0.00669
5	0.01527	0.01729	0.02060	0.29948	0.07115	0.25875	0.14654	0.01836	0.01348	0.01553	0.01001	0.01366	0.00794	0.00597	0.00673	0.00183	0.06263	0.00501	0.00280	0.00696
6	0.01232	0.01170	0.01986	0.48917	0.32209	0.01327	0.01682	0.01603	0.01226	0.01648	0.01057	0.01507	0.00832	0.00557	0.00579	0.00186	0.00742	0.00517	0.00270	0.00754

[dist]
# distance from previous block
# <min> <max>
1	4

[block]
# block no. 6 follows, 40 sequences, length 8
# corresponding to MSA columns:
# 648-655
name=unknown_G
#
# <colnr> <probs for GDERKNQSTAVLIFYWHMCP>
#	G	D	E	R	K	N	Q	S	T	A	V	L	I	F	Y	W	H	M	C	P
0	0.01459	0.63726	0.02536	0.00903	0.01326	0.01942	0.00875	0.01663	0.01189	0.01531	0.01030	0.01185	0.00898	0.00534	0.00380	0.00127	0.00550	0.00358	0.17083	0.00705
1	0.00728	0.00595	0.00650	0.00681	0.00855	0.00517	0.00526	0.00890	0.01310	0.01590	0.05240	0.11685	0.58718	0.01522	0.00710	0.00211	0.00335	0.12202	0.00539	0.00496
2	0.00832	0.00618	0.00907	0.00907	0.01001	0.00712	0.00692	0.01021	0.00926	0.01329	0.01583	0.02425	0.01515	0.11326	0.70378	0.00900	0.01466	0.00644	0.00315	0.00504
3	0.01045	0.00683	0.00824	0.00746	0.00953	0.00619	0.00573	0.04357	0.01591	0.10666	0.41379	0.04350	0.27583	0.01206	0.00670	0.00187	0.00322	0.01032	0.00614	0.00600
4	0.00709	0.00506	0.00675	0.00810	0.00843	0.00472	0.00540	0.00810	0.01113	0.01484	0.03205	0.79184	0.03846	0.01822	0.00742	0.00236	0.00337	0.01653	0.00540	0.00472
5	0.01253	0.01105	0.01441	0.01414	0.16584	0.00899	0.00913	0.01530	0.01230	0.01896	0.01046	0.01253	0.00874	0.00449	0.00460	0.00104	0.00484	0.00380	0.00333	0.66354
6	0.01474	0.01048	0.01262	0.00980	0.01396	0.00954	0.00789	0.14159	0.01472	0.11123	0.01356	0.01553	0.01074	0.01314	0.16144	0.00286	0.00705	0.00462	0.00425	0.42024
7	0.00703	0.00528	0.00652	0.00752	0.00828	0.00477	0.00514	0.00816	0.01169	0.01507	0.03911	0.59836	0.22738	0.01730	0.00728	0.00226	0.00326	0.01541	0.00540	0.00477

[dist]
# distance from previous block
# <min> <max>
12	28

[block]
# block no. 7 follows, 40 sequences, length 94
# corresponding to MSA columns:
# 690-783
name=unknown_H
#
# <colnr> <probs for GDERKNQSTAVLIFYWHMCP>
#	G	D	E	R	K	N	Q	S	T	A	V	L	I	F	Y	W	H	M	C	P
0	0.01769	0.01521	0.02234	0.04718	0.46603	0.01478	0.03502	0.02027	0.06877	0.02292	0.05931	0.02476	0.01782	0.03573	0.09659	0.00363	0.00905	0.00736	0.00501	0.01055
1	0.07768	0.01790	0.07024	0.02351	0.09508	0.01603	0.40080	0.06547	0.01668	0.02430	0.01713	0.04213	0.01446	0.01083	0.04849	0.00315	0.01007	0.00776	0.02816	0.01012
2	0.02214	0.01305	0.01626	0.09585	0.01991	0.01261	0.01143	0.06270	0.05897	0.32098	0.03915	0.12270	0.02272	0.01264	0.00924	0.00290	0.06303	0.07622	0.00716	0.01032
3	0.01294	0.00918	0.01088	0.01145	0.01234	0.00844	0.00768	0.01274	0.03280	0.01878	0.03011	0.49657	0.03365	0.10792	0.09604	0.06407	0.00686	0.01409	0.00623	0.00722
4	0.01791	0.01779	0.03361	0.04537	0.03132	0.01642	0.61238	0.02091	0.01620	0.02243	0.01671	0.02260	0.01376	0.01099	0.06402	0.00336	0.01143	0.00816	0.00461	0.00999
5	0.11914	0.05114	0.59913	0.01780	0.02551	0.01595	0.02017	0.02103	0.01474	0.02326	0.01459	0.01809	0.01161	0.00851	0.00715	0.00264	0.00929	0.00561	0.00420	0.01045
6	0.01655	0.08654	0.62455	0.01902	0.02706	0.01649	0.05751	0.02116	0.01509	0.02211	0.01484	0.01848	0.01182	0.00847	0.00738	0.00262	0.00975	0.00583	0.00408	0.01065
7	0.01385	0.00975	0.01077	0.01057	0.01151	0.00912	0.00680	0.06481	0.01390	0.01909	0.06385	0.21342	0.02944	0.46580	0.02180	0.00495	0.00651	0.01137	0.00579	0.00690
8	0.01370	0.00963	0.01068	0.01030	0.01105	0.00936	0.00670	0.01307	0.01222	0.01751	0.02312	0.03863	0.05349	0.51925	0.06693	0.00552	0.06346	0.00909	0.09966	0.00664
9	0.07728	0.06833	0.17340	0.03256	0.02291	0.01785	0.13256	0.01984	0.01402	0.05387	0.01436	0.01924	0.01232	0.01019	0.01242	0.00290	0.29545	0.00642	0.00446	0.00961
10	0.02445	0.16190	0.02161	0.01676	0.02034	0.59132	0.01266	0.02469	0.01815	0.01846	0.01345	0.01666	0.01185	0.00880	0.00692	0.00230	0.01089	0.00516	0.00447	0.00917
11	0.01654	0.01346	0.01511	0.01172	0.01697	0.01040	0.00885	0.01772	0.01485	0.02293	0.01485	0.01832	0.01289	0.00741	0.00631	0.00175	0.00589	0.00499	0.00497	0.77407
12	0.01994	0.06876	0.02466	0.03324	0.02292	0.18723	0.17825	0.05245	0.01574	0.02043	0.01394	0.01900	0.01231	0.01019	0.01239	0.00282	0.28540	0.00651	0.00447	0.00934
13	0.02824	0.01516	0.01775	0.01433	0.01901	0.01427	0.01121	0.26541	0.02264	0.47375	0.02358	0.02357	0.01677	0.01002	0.00773	0.00260	0.00696	0.00702	0.00800	0.01197
14	0.01246	0.00940	0.01041	0.01008	0.01206	0.00812	0.00729	0.01325	0.01739	0.02341	0.36936	0.05398	0.35631	0.01588	0.00875	0.00275	0.00466	0.04959	0.00723	0.00763
15	0.01977	0.74540	0.03219	0.01296	0.01803	0.02456	0.01169	0.02029	0.01462	0.01804	0.01276	0.01579	0.01182	0.00803	0.00578	0.00211	0.00766	0.00468	0.00408	0.00972
16	0.01178	0.00934	0.00946	0.00925	0.01150	0.00779	0.00660	0.01199	0.01609	0.02025	0.08934	0.05853	0.67773	0.01696	0.00869	0.00277	0.00462	0.01311	0.00683	0.00737
17	0.01899	0.10580	0.46080	0.01807	0.02479	0.20119	0.01878	0.02230	0.01603	0.02096	0.01436	0.01780	0.01178	0.00860	0.00720	0.00252	0.01010	0.00553	0.00419	0.01021
18	0.02586	0.01898	0.02011	0.01614	0.02091	0.01995	0.01271	0.69077	0.02903	0.03936	0.01822	0.02009	0.01408	0.00989	0.00771	0.00257	0.00783	0.00666	0.00717	0.01197
19	0.01627	0.03111	0.67999	0.01948	0.02778	0.01580	0.05597	0.02123	0.01512	0.02245	0.01501	0.01868	0.01180	0.00851	0.00751	0.00267	0.00992	0.00590	0.00408	0.01073
20	0.01901	0.56685	0.15646	0.01498	0.02072	0.02244	0.05898	0.02054	0.01482	0.01915	0.01339	0.01668	0.01189	0.00812	0.00628	0.00225	0.00829	0.00512	0.00411	0.00993
21	0.01319	0.00910	0.00980	0.00961	0.01006	0.00844	0.00572	0.01198	0.01151	0.01581	0.02226	0.04244	0.02452	0.74170	0.02978	0.00618	0.00712	0.00964	0.00504	0.00606
22	0.02350	0.01818	0.01897	0.01574	0.01999	0.08078	0.04245	0.40209	0.13013	0.07165	0.02174	0.02342	0.04831	0.01020	0.00771	0.00259	0.00769	0.00714	0.03658	0.01114
23	0.08331	0.01780	0.01911	0.01652	0.05700	0.01855	0.01236	0.55683	0.02605	0.03635	0.01877	0.06821	0.01556	0.01039	0.00765	0.00261	0.00753	0.00721	0.00684	0.01135
24	0.01206	0.00867	0.01034	0.01140	0.01223	0.00772	0.00771	0.01189	0.01413	0.01928	0.03492	0.69668	0.04028	0.02018	0.00924	0.00316	0.00514	0.06095	0.00678	0.00722
25	0.01654	0.01346	0.01511	0.01172	0.01697	0.01040	0.00885	0.01772	0.01485	0.02293	0.01485	0.01832	0.01289	0.00741	0.00631	0.00175	0.00589	0.00499	0.00497	0.77407
26	0.01569	0.01256	0.01420	0.01163	0.01606	0.00989	0.00859	0.01661	0.01469	0.02223	0.01855	0.15103	0.01797	0.00978	0.00684	0.00201	0.00573	0.00722	0.00530	0.63342
27	0.01617	0.03178	0.71425	0.01910	0.02753	0.01574	0.02239	0.02122	0.01505	0.02244	0.01494	0.01852	0.01174	0.00854	0.00744	0.00266	0.00987	0.00578	0.00405	0.01077
28	0.01278	0.00946	0.01087	0.01079	0.01262	0.00833	0.00796	0.01368	0.01728	0.02350	0.35708	0.08983	0.23720	0.01625	0.00892	0.00286	0.00499	0.14070	0.00721	0.00767
29	0.01870	0.01669	0.02582	0.03684	0.70881	0.01603	0.01901	0.02070	0.01595	0.02298	0.01541	0.02049	0.01345	0.00822	0.00766	0.00256	0.00830	0.00660	0.00445	0.01134
30	0.01715	0.01567	0.02045	0.01789	0.01835	0.01974	0.01426	0.01712	0.01192	0.01833	0.01234	0.01894	0.01198	0.01286	0.02003	0.00331	0.73030	0.00652	0.00414	0.00870
31	0.01617	0.03178	0.71425	0.01910	0.02753	0.01574	0.02239	0.02122	0.01505	0.02244	0.01494	0.01852	0.01174	0.00854	0.00744	0.00266	0.00987	0.00578	0.00405	0.01077
32	0.01172	0.00933	0.00938	0.00919	0.01147	0.00777	0.00655	0.01188	0.01596	0.01992	0.05993	0.05906	0.70734	0.01708	0.00869	0.00277	0.00462	0.01319	0.00679	0.00735
33	0.01192	0.00856	0.01018	0.01124	0.01200	0.00759	0.00746	0.01165	0.01399	0.01912	0.03500	0.74190	0.04059	0.02032	0.00920	0.00314	0.00502	0.01714	0.00678	0.00718
34	0.01922	0.01602	0.01893	0.02060	0.19938	0.01670	0.01321	0.07337	0.47514	0.02738	0.02353	0.02501	0.01881	0.01002	0.00776	0.00271	0.00683	0.00748	0.00652	0.01138
35	0.01931	0.65426	0.11931	0.01374	0.01924	0.02344	0.01305	0.02041	0.01468	0.01860	0.01304	0.01614	0.01181	0.00810	0.00599	0.00218	0.00794	0.00482	0.00408	0.00985
36	0.01404	0.01008	0.01261	0.01366	0.01536	0.00942	0.01115	0.01531	0.01608	0.02150	0.03383	0.06800	0.03596	0.01832	0.00977	0.00344	0.00686	0.67010	0.00674	0.00776
37	0.01870	0.01669	0.02582	0.03684	0.70881	0.01603	0.01901	0.02070	0.01595	0.02298	0.01541	0.02049	0.01345	0.00822	0.00766	0.00256	0.00830	0.00660	0.00445	0.01134
38	0.01664	0.03167	0.67916	0.01903	0.02720	0.05129	0.02191	0.02145	0.01525	0.02224	0.01488	0.01844	0.01174	0.00856	0.00743	0.00265	0.00995	0.00576	0.00408	0.01068
39	0.01313	0.00907	0.00982	0.00970	0.01017	0.00840	0.00582	0.01196	0.01164	0.01599	0.02295	0.08025	0.02539	0.70271	0.02867	0.00602	0.00701	0.01005	0.00514	0.00612
40	0.02028	0.01531	0.01620	0.01441	0.01805	0.01611	0.01087	0.11304	0.52145	0.08250	0.02579	0.02624	0.02007	0.01052	0.00769	0.00271	0.00629	0.00763	0.05359	0.01125
41	0.01870	0.01669	0.02582	0.03684	0.70881	0.01603	0.01901	0.02070	0.01595	0.02298	0.01541	0.02049	0.01345	0.00822	0.00766	0.00256	0.00830	0.00660	0.00445	0.01134
42	0.01554	0.01346	0.02010	0.72904	0.04134	0.01520	0.01744	0.01792	0.01445	0.01913	0.01485	0.02152	0.01209	0.00881	0.00771	0.00275	0.00908	0.00659	0.00417	0.00879
43	0.01608	0.01433	0.02006	0.69059	0.04024	0.05328	0.01719	0.01834	0.01469	0.01910	0.01478	0.02126	0.01208	0.00882	0.00768	0.00273	0.00922	0.00652	0.00419	0.00880
44	0.01182	0.01091	0.01793	0.77198	0.04029	0.01334	0.01639	0.01542	0.01215	0.01564	0.01117	0.01661	0.00855	0.00636	0.00616	0.00209	0.00800	0.00543	0.00288	0.00689
45	0.01526	0.01304	0.01370	0.01236	0.01569	0.01486	0.00953	0.03125	0.73959	0.02499	0.02432	0.02272	0.01842	0.00841	0.00626	0.00212	0.00489	0.00682	0.00617	0.00960
46	0.00882	0.00644	0.00823	0.00937	0.01014	0.00618	0.00672	0.01081	0.05545	0.01665	0.03187	0.60596	0.03673	0.01761	0.00777	0.00254	0.00411	0.14337	0.00568	0.00555
47	0.00959	0.00668	0.00762	0.00759	0.00797	0.00673	0.00465	0.01054	0.05279	0.01326	0.02002	0.08374	0.02217	0.63672	0.08046	0.00559	0.00643	0.00891	0.00403	0.00452
48	0.01332	0.02599	0.53020	0.01663	0.02277	0.05766	0.01892	0.01812	0.01220	0.01783	0.01050	0.01343	0.00824	0.00725	0.00919	0.00215	0.19973	0.00473	0.00280	0.00834
49	0.02220	0.01186	0.01690	0.01832	0.22906	0.01113	0.01162	0.02597	0.09006	0.46603	0.02023	0.01948	0.01396	0.00722	0.00618	0.00195	0.00576	0.00598	0.00606	0.01001
50	0.01108	0.00856	0.01112	0.01101	0.01327	0.00811	0.00929	0.01339	0.01330	0.01833	0.02501	0.04991	0.02636	0.01327	0.00810	0.00237	0.05123	0.49463	0.00498	0.20669
51	0.01302	0.01104	0.01268	0.00937	0.01445	0.00863	0.00739	0.01617	0.05590	0.02000	0.01195	0.01378	0.00994	0.00509	0.00477	0.00109	0.00461	0.00391	0.00387	0.77233
52	0.01255	0.02937	0.71210	0.01696	0.02502	0.01417	0.02114	0.01867	0.01259	0.01890	0.01110	0.01345	0.00819	0.00635	0.00668	0.00203	0.05449	0.00462	0.00275	0.00886
53	0.01182	0.09629	0.46962	0.20135	0.02674	0.01378	0.01808	0.01717	0.01207	0.01730	0.01069	0.01334	0.00791	0.00562	0.00534	0.00178	0.00782	0.00446	0.05104	0.00778
54	0.02211	0.01629	0.01745	0.01338	0.01803	0.01803	0.01105	0.73997	0.02734	0.03665	0.01396	0.01396	0.00989	0.00698	0.00582	0.00175	0.00640	0.00524	0.00582	0.00989
55	0.21833	0.07950	0.01572	0.09380	0.01845	0.43751	0.01045	0.03346	0.01421	0.01755	0.00894	0.01074	0.00727	0.00577	0.00480	0.00160	0.00835	0.00373	0.00311	0.00672
56	0.01495	0.68183	0.14259	0.01096	0.01649	0.02156	0.01171	0.01757	0.01189	0.01440	0.00844	0.00978	0.00745	0.00506	0.00400	0.00133	0.00658	0.00329	0.00248	0.00764
57	0.00846	0.00564	0.00634	0.00634	0.00634	0.00564	0.00352	0.00846	0.00846	0.01128	0.01832	0.03805	0.02114	0.79563	0.02960	0.00564	0.00564	0.00846	0.00352	0.00352
58	0.02211	0.01629	0.01745	0.01338	0.01803	0.01803	0.01105	0.73997	0.02734	0.03665	0.01396	0.01396	0.00989	0.00698	0.00582	0.00175	0.00640	0.00524	0.00582	0.00989
59	0.01432	0.01651	0.03277	0.02409	0.04681	0.06934	0.66868	0.01894	0.01391	0.01832	0.01154	0.01528	0.00874	0.00499	0.00672	0.00192	0.00978	0.00660	0.00294	0.00780
60	0.00831	0.00623	0.00935	0.00935	0.01038	0.00727	0.00727	0.01038	0.00935	0.01350	0.01558	0.02285	0.01454	0.04361	0.77259	0.00935	0.01558	0.00623	0.00312	0.00519
61	0.01373	0.01569	0.03431	0.02451	0.03039	0.01471	0.73824	0.01863	0.01373	0.01863	0.01176	0.01569	0.00882	0.00490	0.00686	0.00196	0.00980	0.00686	0.00294	0.00784
62	0.00709	0.00506	0.00675	0.00810	0.00843	0.00472	0.00540	0.00810	0.01113	0.01484	0.03205	0.79184	0.03846	0.01822	0.00742	0.00236	0.00337	0.01653	0.00540	0.00472
63	0.01723	0.01375	0.06404	0.06337	0.40900	0.01272	0.03725	0.05274	0.04903	0.20080	0.01455	0.01600	0.01071	0.00592	0.00581	0.00178	0.00653	0.00541	0.00416	0.00919
64	0.83671	0.01125	0.00855	0.00765	0.01125	0.01305	0.00630	0.01709	0.00990	0.02609	0.00810	0.00945	0.00630	0.00540	0.00360	0.00180	0.00450	0.00315	0.00360	0.00630
65	0.00709	0.00506	0.00675	0.00810	0.00843	0.00472	0.00540	0.00810	0.01113	0.01484	0.03205	0.79184	0.03846	0.01822	0.00742	0.00236	0.00337	0.01653	0.00540	0.00472
66	0.00709	0.00506	0.00675	0.00810	0.00843	0.00472	0.00540	0.00810	0.01113	0.01484	0.03205	0.79184	0.03846	0.01822	0.00742	0.00236	0.00337	0.01653	0.00540	0.00472
67	0.01419	0.01438	0.02684	0.03232	0.53921	0.01409	0.23540	0.01808	0.01339	0.01889	0.01119	0.01478	0.00909	0.00510	0.00609	0.00180	0.00778	0.00569	0.00290	0.00880
68	0.01320	0.01260	0.02145	0.29592	0.50843	0.01350	0.01725	0.01680	0.01268	0.01755	0.01073	0.01478	0.00870	0.00540	0.00578	0.00180	0.00720	0.00518	0.00278	0.00825
69	0.02133	0.02584	0.01699	0.01605	0.06159	0.65804	0.01161	0.08908	0.01729	0.01658	0.00956	0.01104	0.00781	0.00604	0.00533	0.00153	0.00990	0.00397	0.00325	0.00718
70	0.01100	0.00985	0.01352	0.14411	0.05203	0.04460	0.01055	0.04343	0.01103	0.01517	0.01392	0.03220	0.02936	0.02473	0.36635	0.00548	0.15754	0.00595	0.00311	0.00607
71	0.00709	0.00506	0.00675	0.00810	0.00843	0.00472	0.00540	0.00810	0.01113	0.01484	0.03205	0.79184	0.03846	0.01822	0.00742	0.00236	0.00337	0.01653	0.00540	0.00472
72	0.02118	0.02684	0.01653	0.05343	0.01908	0.73420	0.01148	0.02280	0.01624	0.01426	0.00906	0.01074	0.00750	0.00598	0.00527	0.00152	0.01035	0.00382	0.00298	0.00673
73	0.01352	0.01508	0.03176	0.07437	0.06227	0.01473	0.61621	0.01807	0.01328	0.01812	0.01139	0.01544	0.00870	0.00528	0.00746	0.00198	0.05513	0.00657	0.00289	0.00773
74	0.01190	0.01093	0.01595	0.25928	0.02201	0.01450	0.01260	0.01421	0.01024	0.01536	0.01010	0.01488	0.00870	0.00830	0.01272	0.00218	0.42576	0.00516	0.11899	0.00626
75	0.00694	0.00564	0.00615	0.00656	0.00803	0.00485	0.00471	0.00827	0.01261	0.01545	0.05080	0.27820	0.54000	0.01578	0.00704	0.00208	0.00307	0.01356	0.00540	0.00485
76	0.01158	0.06113	0.63457	0.07093	0.02482	0.01341	0.01965	0.01768	0.01246	0.01824	0.05419	0.01421	0.01019	0.00590	0.00555	0.00182	0.00808	0.00467	0.00270	0.00821
77	0.16612	0.02048	0.05925	0.01425	0.04760	0.38554	0.02518	0.01956	0.01348	0.01734	0.00947	0.01169	0.00785	0.00646	0.00696	0.00174	0.12181	0.00409	0.05436	0.00676
78	0.00819	0.00594	0.00772	0.00728	0.00866	0.00547	0.00546	0.01090	0.01637	0.02310	0.73660	0.04379	0.07469	0.01197	0.00686	0.00183	0.00275	0.01057	0.00637	0.00547
79	0.01278	0.02122	0.32682	0.05470	0.02872	0.01415	0.41895	0.01838	0.01305	0.01838	0.01117	0.01431	0.00819	0.00519	0.00628	0.00191	0.00923	0.00576	0.00273	0.00808
80	0.01406	0.01364	0.02375	0.09845	0.65279	0.01380	0.06256	0.01764	0.01313	0.01862	0.01094	0.01457	0.00906	0.00522	0.00583	0.00176	0.00716	0.00528	0.00286	0.00889
81	0.01166	0.03008	0.76550	0.01657	0.02517	0.01351	0.02149	0.01842	0.01228	0.01842	0.01044	0.01228	0.00737	0.00552	0.00552	0.00184	0.00859	0.00430	0.00246	0.00859
82	0.00916	0.00654	0.00912	0.01046	0.01171	0.00651	0.00900	0.01168	0.01317	0.01716	0.03091	0.13403	0.03394	0.01627	0.00797	0.00265	0.00517	0.65391	0.00536	0.00530
83	0.02177	0.02625	0.01660	0.01478	0.01798	0.67544	0.01121	0.11525	0.01787	0.01711	0.00963	0.01093	0.00780	0.00612	0.00532	0.00153	0.00996	0.00394	0.00336	0.00715
84	0.01361	0.05267	0.06313	0.02246	0.02776	0.01539	0.59311	0.01805	0.01304	0.01787	0.01108	0.01491	0.00857	0.00552	0.00802	0.00199	0.09589	0.00638	0.00286	0.00769
85	0.01368	0.01544	0.04200	0.10965	0.02935	0.05851	0.55924	0.01818	0.01354	0.01810	0.01182	0.01564	0.00894	0.00519	0.00647	0.00189	0.00919	0.00636	0.04930	0.00750
86	0.01545	0.01378	0.01882	0.01527	0.01725	0.01713	0.07747	0.23350	0.01493	0.02123	0.01027	0.01381	0.00873	0.01021	0.04718	0.00255	0.44597	0.00534	0.00359	0.00751
87	0.02209	0.01411	0.01587	0.01230	0.01671	0.01502	0.01011	0.50531	0.05470	0.20973	0.05130	0.01707	0.01341	0.00730	0.00588	0.00177	0.00580	0.00569	0.00618	0.00966
88	0.79088	0.01153	0.00905	0.00797	0.01163	0.01333	0.00657	0.05776	0.01088	0.02668	0.00843	0.00970	0.00650	0.00549	0.00372	0.00180	0.00461	0.00327	0.00372	0.00650
89	0.12566	0.01556	0.08822	0.01827	0.03552	0.01461	0.34054	0.09678	0.01411	0.06482	0.01151	0.01415	0.00866	0.00602	0.00756	0.00194	0.10303	0.00559	0.00351	0.02395
90	0.05959	0.00732	0.00829	0.00755	0.00984	0.00687	0.00589	0.01293	0.01344	0.15178	0.07570	0.07791	0.46723	0.01257	0.00728	0.00197	0.05210	0.01025	0.00549	0.00600
91	0.02781	0.01320	0.02428	0.15023	0.02678	0.01269	0.37968	0.01776	0.05867	0.01854	0.01185	0.01505	0.00910	0.00511	0.00595	0.00169	0.00771	0.00567	0.00320	0.20504
92	0.01353	0.10332	0.05706	0.37347	0.06705	0.01458	0.15006	0.04815	0.05001	0.05018	0.01176	0.01506	0.00886	0.00572	0.00576	0.00184	0.00762	0.00531	0.00316	0.00750
93	0.01216	0.01344	0.04087	0.02039	0.02505	0.01233	0.54970	0.01625	0.01336	0.01816	0.05465	0.16239	0.01676	0.00777	0.00694	0.00203	0.00821	0.00882	0.00357	0.00715

[dist]
# distance from previous block
# <min> <max>
0	10

[block]
# block no. 8 follows, 40 sequences, length 20
# corresponding to MSA columns:
# 795-814
name=unknown_I
#
# <colnr> <probs for GDERKNQSTAVLIFYWHMCP>
#	G	D	E	R	K	N	Q	S	T	A	V	L	I	F	Y	W	H	M	C	P
0	0.01356	0.01344	0.02400	0.17028	0.46099	0.01402	0.14146	0.01722	0.01279	0.01790	0.01079	0.01473	0.00879	0.00552	0.00667	0.00185	0.04937	0.00546	0.00282	0.00831
1	0.01431	0.09230	0.47179	0.01494	0.02176	0.05937	0.01709	0.11735	0.09848	0.02090	0.01213	0.01322	0.00891	0.00597	0.00544	0.00177	0.00775	0.00455	0.00334	0.00863
2	0.00860	0.00643	0.00810	0.00789	0.00944	0.00612	0.00613	0.01199	0.05845	0.02168	0.53191	0.04671	0.12973	0.01257	0.00697	0.00197	0.00324	0.11034	0.00611	0.00562
3	0.01166	0.03008	0.76550	0.01657	0.02517	0.01351	0.02149	0.01842	0.01228	0.01842	0.01044	0.01228	0.00737	0.00552	0.00552	0.00184	0.00859	0.00430	0.00246	0.00859
4	0.01970	0.01424	0.01542	0.01232	0.01648	0.01563	0.01001	0.46807	0.19933	0.09216	0.01966	0.01876	0.05580	0.00767	0.00591	0.00182	0.00565	0.00602	0.00593	0.00943
5	0.01138	0.01098	0.01926	0.68001	0.06984	0.01312	0.08281	0.01533	0.01189	0.01538	0.01049	0.01547	0.00791	0.00570	0.00591	0.00193	0.00791	0.00532	0.00263	0.00670
6	0.01128	0.01064	0.01797	0.71742	0.10199	0.01300	0.01630	0.01512	0.01177	0.01521	0.01039	0.01541	0.00788	0.00576	0.00581	0.00192	0.00768	0.00517	0.00261	0.00670
7	0.00778	0.00565	0.00733	0.00750	0.00856	0.00520	0.00540	0.00988	0.01452	0.02010	0.47873	0.29160	0.08777	0.01414	0.00705	0.00201	0.00296	0.01260	0.00602	0.00520
8	0.00803	0.00584	0.00755	0.00733	0.00861	0.00537	0.00542	0.01050	0.01568	0.02194	0.63566	0.12943	0.09133	0.01276	0.00692	0.00190	0.00283	0.01130	0.00623	0.00537
9	0.02226	0.01604	0.01730	0.01326	0.01791	0.01767	0.01096	0.71233	0.02693	0.06488	0.01431	0.01419	0.01006	0.00699	0.00582	0.00175	0.00634	0.00526	0.00587	0.00989
10	0.01200	0.09631	0.70220	0.01600	0.02429	0.01432	0.02049	0.01833	0.01224	0.01801	0.01023	0.01202	0.00737	0.00548	0.00537	0.00179	0.00839	0.00419	0.00246	0.00850
11	0.01555	0.79913	0.03047	0.00995	0.01493	0.02301	0.00995	0.01741	0.01182	0.01368	0.00808	0.00933	0.00746	0.00498	0.00373	0.00124	0.00622	0.00311	0.00249	0.00746
12	0.01734	0.01438	0.01483	0.01257	0.01604	0.06537	0.01001	0.25064	0.38553	0.04755	0.01847	0.01804	0.01385	0.00896	0.03605	0.00218	0.04792	0.00585	0.00544	0.00897
13	0.02123	0.01586	0.01696	0.01320	0.01770	0.01763	0.01084	0.65914	0.10959	0.03524	0.01507	0.01484	0.01079	0.00708	0.00583	0.00177	0.00619	0.00539	0.00583	0.00981
14	0.01272	0.01272	0.01781	0.01527	0.01527	0.01781	0.01272	0.01399	0.00891	0.01399	0.00763	0.01272	0.00763	0.01018	0.01908	0.00254	0.78499	0.00509	0.00254	0.00636
15	0.00831	0.00623	0.00935	0.00935	0.01038	0.00727	0.00727	0.01038	0.00935	0.01350	0.01558	0.02285	0.01454	0.04361	0.77259	0.00935	0.01558	0.00623	0.00312	0.00519
16	0.00687	0.00589	0.00589	0.00589	0.00785	0.00491	0.00442	0.00835	0.01325	0.01571	0.05891	0.05596	0.75700	0.01473	0.00687	0.00196	0.00295	0.01227	0.00540	0.00491
17	0.00709	0.00506	0.00675	0.00810	0.00843	0.00472	0.00540	0.00810	0.01113	0.01484	0.03205	0.79184	0.03846	0.01822	0.00742	0.00236	0.00337	0.01653	0.00540	0.00472
18	0.00703	0.00590	0.00611	0.00605	0.00795	0.00498	0.00454	0.00865	0.01362	0.01658	0.13840	0.05454	0.67696	0.01440	0.00687	0.00195	0.00292	0.01207	0.00551	0.00498
19	0.01407	0.01349	0.02303	0.10569	0.69186	0.01373	0.01769	0.01757	0.01309	0.01861	0.01088	0.01450	0.00907	0.00524	0.00576	0.00175	0.00699	0.00518	0.00285	0.00895

[dist]
# distance from previous block
# <min> <max>
0	129

[block]
# block no. 9 follows, 40 sequences, length 22
# corresponding to MSA columns:
# 993-1014
name=unknown_J
#
# <colnr> <probs for GDERKNQSTAVLIFYWHMCP>
#	G	D	E	R	K	N	Q	S	T	A	V	L	I	F	Y	W	H	M	C	P
0	0.01179	0.01005	0.01177	0.00859	0.01349	0.00759	0.00681	0.01429	0.01201	0.01873	0.01152	0.05447	0.01024	0.00506	0.00448	0.00094	0.00426	0.00416	0.00355	0.78623
1	0.01301	0.01031	0.01216	0.00873	0.01385	0.00781	0.00700	0.01557	0.01237	0.06962	0.01119	0.01259	0.00901	0.00450	0.00441	0.00093	0.00435	0.00361	0.00370	0.77527
2	0.02103	0.01540	0.01652	0.01272	0.01719	0.01687	0.01047	0.66774	0.02583	0.03505	0.01411	0.01434	0.01014	0.00686	0.00565	0.00169	0.00610	0.00517	0.05459	0.04252
3	0.01206	0.01034	0.01206	0.00861	0.01378	0.00775	0.00689	0.01464	0.01206	0.01895	0.01034	0.01206	0.00861	0.00431	0.00431	0.00086	0.00431	0.00345	0.00345	0.83118
4	0.01098	0.01034	0.01744	0.78165	0.04005	0.01292	0.01615	0.01486	0.01163	0.01486	0.01034	0.01550	0.00775	0.00581	0.00581	0.00194	0.00775	0.00517	0.00258	0.00646
5	0.01446	0.01249	0.01315	0.01183	0.01512	0.01446	0.00920	0.03090	0.74885	0.02433	0.02367	0.02170	0.01775	0.00789	0.00592	0.00197	0.00460	0.00657	0.00592	0.00920
6	0.00868	0.00623	0.00782	0.00845	0.00925	0.00610	0.00584	0.07856	0.01286	0.01726	0.07476	0.62558	0.03571	0.06296	0.00855	0.00246	0.00376	0.01459	0.00539	0.00520
7	0.00842	0.00748	0.03586	0.05931	0.05281	0.00691	0.03911	0.01007	0.01126	0.01511	0.02730	0.53438	0.05913	0.07148	0.00905	0.00249	0.02654	0.01328	0.00466	0.00531
8	0.02546	0.05681	0.01450	0.01032	0.01485	0.00941	0.00863	0.02769	0.01636	0.71882	0.02206	0.01917	0.01398	0.00707	0.00572	0.00177	0.00502	0.00569	0.00692	0.00975
9	0.00827	0.00643	0.00772	0.00825	0.00985	0.00605	0.00662	0.01095	0.04986	0.01714	0.08784	0.13093	0.34076	0.01505	0.00730	0.00226	0.00394	0.26999	0.00547	0.00530
10	0.01337	0.01608	0.07577	0.08772	0.03090	0.01449	0.63548	0.01830	0.01346	0.01830	0.01157	0.01547	0.00865	0.00502	0.00670	0.00195	0.00956	0.00657	0.00288	0.00777
11	0.02401	0.01174	0.06790	0.01095	0.01564	0.00960	0.00958	0.07563	0.03383	0.62227	0.04218	0.01957	0.01480	0.00721	0.00585	0.00180	0.00524	0.00584	0.00671	0.00966
12	0.02497	0.00965	0.01313	0.01016	0.01446	0.00835	0.00835	0.02725	0.01663	0.71677	0.06913	0.02128	0.01694	0.00749	0.00591	0.00180	0.00481	0.00614	0.00715	0.00962
13	0.00871	0.00629	0.00856	0.00971	0.01090	0.00613	0.00808	0.01100	0.01312	0.01714	0.07403	0.20303	0.08121	0.01616	0.00778	0.00252	0.00467	0.50033	0.00543	0.00521
14	0.01061	0.01008	0.04236	0.02726	0.01238	0.08180	0.00789	0.05237	0.06630	0.01744	0.04028	0.41831	0.05740	0.01370	0.00676	0.00211	0.00484	0.07625	0.00495	0.04690
15	0.51262	0.13477	0.16288	0.01002	0.01487	0.01487	0.01008	0.04874	0.01142	0.02314	0.00881	0.01019	0.00684	0.00543	0.00410	0.00172	0.00566	0.00346	0.00330	0.00709
16	0.15789	0.01734	0.01581	0.01269	0.01689	0.14226	0.01029	0.50058	0.02263	0.03117	0.01216	0.01263	0.00889	0.00655	0.00535	0.00171	0.00676	0.00464	0.00498	0.00877
17	0.02028	0.01703	0.06749	0.01313	0.01778	0.05330	0.01129	0.60331	0.02477	0.03281	0.01673	0.01671	0.06355	0.00739	0.00585	0.00176	0.00650	0.00561	0.00542	0.00929
18	0.01870	0.16155	0.07708	0.01247	0.01720	0.01735	0.01113	0.47599	0.02168	0.02888	0.01380	0.06909	0.01127	0.00723	0.00548	0.00168	0.00626	0.00553	0.00484	0.03280
19	0.01216	0.10001	0.66100	0.01692	0.06073	0.01440	0.02024	0.01830	0.01228	0.01801	0.01024	0.01211	0.00747	0.00546	0.00537	0.00178	0.00829	0.00423	0.00248	0.00852
20	0.01231	0.15823	0.64302	0.01547	0.02346	0.01509	0.01956	0.01825	0.01220	0.01763	0.01004	0.01179	0.00738	0.00543	0.00523	0.00174	0.00820	0.00410	0.00246	0.00841
21	0.01310	0.05709	0.51353	0.01932	0.11100	0.06885	0.09972	0.01868	0.01284	0.01802	0.01044	0.01266	0.00776	0.00543	0.00561	0.00179	0.00857	0.00460	0.00260	0.00840

[dist]
# distance from previous block
# <min> <max>
7	28

[block]
# block no. 10 follows, 40 sequences, length 10
# corresponding to MSA columns:
# 1045-1054
name=unknown_K
#
# <colnr> <probs for GDERKNQSTAVLIFYWHMCP>
#	G	D	E	R	K	N	Q	S	T	A	V	L	I	F	Y	W	H	M	C	P
0	0.01112	0.01031	0.01726	0.40700	0.17705	0.01138	0.05155	0.01436	0.01199	0.01608	0.01467	0.16300	0.01399	0.00793	0.00609	0.00192	0.00669	0.00734	0.00324	0.04702
1	0.01446	0.01249	0.01315	0.01183	0.01512	0.01446	0.00920	0.03090	0.74885	0.02433	0.02367	0.02170	0.01775	0.00789	0.00592	0.00197	0.00460	0.00657	0.00592	0.00920
2	0.01094	0.00996	0.00915	0.02939	0.01128	0.15964	0.00687	0.01234	0.01271	0.03660	0.06350	0.51065	0.03029	0.01416	0.00668	0.00208	0.00489	0.01243	0.05104	0.00540
3	0.01072	0.00775	0.01021	0.02639	0.01188	0.00753	0.04940	0.10731	0.01416	0.06015	0.03254	0.38942	0.18578	0.01409	0.00719	0.02001	0.00427	0.01220	0.02307	0.00593
4	0.02146	0.00892	0.01172	0.00932	0.01318	0.00768	0.00759	0.02358	0.01595	0.58134	0.06142	0.02808	0.16562	0.00891	0.00610	0.00183	0.00445	0.00734	0.00680	0.00870
5	0.00823	0.00699	0.00749	0.00683	0.00942	0.00582	0.00524	0.01041	0.03548	0.01665	0.04640	0.06815	0.54028	0.01256	0.00638	0.00178	0.00336	0.03213	0.00502	0.17139
6	0.01508	0.01510	0.02875	0.05895	0.04927	0.01496	0.50500	0.16330	0.01617	0.02187	0.01227	0.01559	0.00923	0.00697	0.03812	0.00221	0.00917	0.00638	0.00351	0.00812
7	0.01469	0.01394	0.04314	0.26548	0.26006	0.01450	0.11596	0.16240	0.01561	0.02117	0.01146	0.01478	0.00878	0.00572	0.00593	0.00183	0.00752	0.00540	0.00337	0.00827
8	0.02236	0.01067	0.01344	0.01060	0.01459	0.01017	0.00863	0.18559	0.01875	0.48449	0.09719	0.06105	0.01882	0.00821	0.00603	0.00182	0.00496	0.00675	0.00671	0.00917
9	0.00856	0.00682	0.01014	0.01365	0.15961	0.00655	0.00790	0.01006	0.01156	0.01568	0.02780	0.63533	0.03257	0.01559	0.00709	0.00223	0.00409	0.01425	0.00489	0.00563

[dist]
# distance from previous block
# <min> <max>
4	14

[block]
# block no. 11 follows, 40 sequences, length 8
# corresponding to MSA columns:
# 1070-1077
name=unknown_L
#
# <colnr> <probs for GDERKNQSTAVLIFYWHMCP>
#	G	D	E	R	K	N	Q	S	T	A	V	L	I	F	Y	W	H	M	C	P
0	0.01036	0.00986	0.05304	0.00979	0.01196	0.05849	0.04575	0.05740	0.01522	0.02037	0.35367	0.11768	0.08754	0.06358	0.00826	0.00219	0.00465	0.05902	0.00529	0.00588
1	0.02973	0.01183	0.06759	0.04500	0.33348	0.01081	0.01227	0.04860	0.03733	0.01893	0.06976	0.07099	0.07988	0.09961	0.00870	0.00226	0.00576	0.00719	0.03292	0.00735
2	0.02870	0.00910	0.01130	0.01098	0.06176	0.00902	0.00791	0.10256	0.09142	0.06276	0.30614	0.09828	0.03218	0.01014	0.00632	0.00183	0.00418	0.05246	0.00559	0.08736
3	0.01591	0.01337	0.01553	0.08115	0.06676	0.08583	0.01101	0.19430	0.01601	0.06088	0.06394	0.01675	0.01280	0.00888	0.03402	0.00213	0.18980	0.00545	0.07383	0.03166
4	0.08304	0.05991	0.01461	0.06406	0.01646	0.01198	0.00914	0.13880	0.08974	0.30561	0.05338	0.01768	0.01389	0.00680	0.00544	0.00169	0.00521	0.00538	0.00554	0.09163
5	0.25535	0.01137	0.01243	0.07918	0.01602	0.01219	0.00869	0.13758	0.10512	0.16021	0.07881	0.01722	0.01425	0.00682	0.00518	0.00176	0.00503	0.00524	0.00504	0.06252
6	0.06725	0.25892	0.06626	0.01382	0.09049	0.10573	0.01102	0.14146	0.06444	0.02104	0.09394	0.01557	0.01394	0.00648	0.00506	0.00159	0.00637	0.00489	0.00388	0.00786
7	0.04337	0.32110	0.06251	0.06646	0.01917	0.12649	0.09189	0.06993	0.03559	0.05771	0.01170	0.04839	0.00988	0.00618	0.00503	0.00160	0.00717	0.00485	0.00338	0.00758

[dist]
# distance from previous block
# <min> <max>
20	251

[block]
# block no. 12 follows, 40 sequences, length 7
# corresponding to MSA columns:
# 1374-1380
name=unknown_M
#
# <colnr> <probs for GDERKNQSTAVLIFYWHMCP>
#	G	D	E	R	K	N	Q	S	T	A	V	L	I	F	Y	W	H	M	C	P
0	0.01649	0.01525	0.09254	0.05600	0.05077	0.01436	0.07964	0.39298	0.02046	0.02728	0.02146	0.02189	0.14877	0.00794	0.00608	0.00183	0.00639	0.00660	0.00483	0.00842
1	0.01391	0.06222	0.52475	0.01673	0.02387	0.15560	0.08629	0.01929	0.01318	0.01745	0.01019	0.01213	0.00753	0.00553	0.00552	0.00176	0.00896	0.00438	0.00260	0.00813
2	0.01285	0.16154	0.49855	0.01898	0.16035	0.01523	0.01879	0.01813	0.01238	0.01770	0.01012	0.01216	0.00773	0.00536	0.00525	0.00172	0.00786	0.00425	0.00254	0.00851
