[name]
unknown

[dist]
# distance from previous block
# <min> <max>
1	76

[block]
# block no. 0 follows, 41 sequences, length 12
# corresponding to MSA columns:
# 77-88
name=unknown_A
#
# <colnr> <probs for GDERKNQSTAVLIFYWHMCP>
#	G	D	E	R	K	N	Q	S	T	A	V	L	I	F	Y	W	H	M	C	P
0	0.00716	0.00517	0.00677	0.00771	0.00831	0.00479	0.00527	0.00847	0.01198	0.01611	0.16092	0.62298	0.07987	0.01664	0.00717	0.00221	0.00319	0.01499	0.00548	0.00479
1	0.00815	0.00665	0.00876	0.14413	0.01409	0.00681	0.00719	0.01090	0.06343	0.01589	0.07096	0.38159	0.21218	0.01390	0.00676	0.00210	0.00402	0.01227	0.00491	0.00534
2	0.05768	0.01810	0.01459	0.09580	0.04979	0.39629	0.04622	0.01799	0.01342	0.01507	0.01145	0.01674	0.01034	0.14507	0.00936	0.00227	0.00818	0.00495	0.06059	0.00609
3	0.01262	0.03622	0.01667	0.08897	0.01700	0.01458	0.06588	0.05225	0.01105	0.01684	0.01062	0.01470	0.00914	0.00821	0.01251	0.00209	0.43230	0.00515	0.16678	0.00641
4	0.01507	0.00721	0.00926	0.00792	0.01045	0.00649	0.00623	0.01752	0.01537	0.30150	0.31970	0.03083	0.06598	0.00921	0.00589	0.00171	0.00352	0.00782	0.15131	0.00699
5	0.00721	0.00508	0.00657	0.00766	0.00793	0.00480	0.00499	0.00803	0.01049	0.01398	0.02915	0.66218	0.03484	0.15507	0.01113	0.00289	0.00371	0.01487	0.00499	0.00444
6	0.01390	0.01386	0.05969	0.20660	0.28955	0.06510	0.04921	0.01729	0.01281	0.05823	0.01104	0.01399	0.00866	0.00526	0.00544	0.00160	0.00691	0.00476	0.00308	0.15303
7	0.01394	0.13874	0.47932	0.01640	0.07343	0.14858	0.01749	0.01876	0.01280	0.01676	0.00972	0.01150	0.00741	0.00541	0.00515	0.00166	0.00833	0.00402	0.00254	0.00802
8	0.00697	0.00498	0.00664	0.00796	0.00830	0.00465	0.00531	0.00796	0.01095	0.01460	0.03153	0.79525	0.03783	0.01792	0.00730	0.00232	0.00332	0.01626	0.00531	0.00465
9	0.00983	0.00771	0.01172	0.05015	0.01440	0.00776	0.07703	0.04984	0.01332	0.01751	0.02696	0.22308	0.02932	0.01430	0.00743	0.00241	0.00540	0.42128	0.00494	0.00564
10	0.01360	0.03957	0.41817	0.01927	0.08511	0.01378	0.21079	0.05519	0.01350	0.05995	0.01145	0.01356	0.00828	0.00539	0.00580	0.00181	0.00828	0.00507	0.00300	0.00842
11	0.00870	0.01077	0.15981	0.02336	0.01263	0.00730	0.00893	0.01158	0.01258	0.03048	0.14240	0.07525	0.27258	0.01719	0.14167	0.00321	0.00642	0.04487	0.00447	0.00582

[dist]
# distance from previous block
# <min> <max>
0	1

[block]
# block no. 1 follows, 41 sequences, length 52
# corresponding to MSA columns:
# 90-141
name=unknown_B
#
# <colnr> <probs for GDERKNQSTAVLIFYWHMCP>
#	G	D	E	R	K	N	Q	S	T	A	V	L	I	F	Y	W	H	M	C	P
0	0.04002	0.11904	0.46095	0.01605	0.03933	0.01418	0.11168	0.01722	0.01184	0.01735	0.01043	0.01296	0.00802	0.00841	0.06780	0.00236	0.02738	0.00457	0.00258	0.00784
1	0.00893	0.00606	0.00782	0.00731	0.00886	0.00553	0.00555	0.01150	0.01588	0.06126	0.64994	0.04295	0.10845	0.01176	0.00672	0.00183	0.00288	0.02495	0.00624	0.00558
2	0.01843	0.04330	0.03783	0.06820	0.08385	0.05732	0.06640	0.43603	0.02095	0.02793	0.01223	0.01346	0.00907	0.00611	0.00556	0.00165	0.00678	0.00494	0.00451	0.07546
3	0.03595	0.07007	0.54404	0.01773	0.12258	0.01346	0.01856	0.01873	0.01246	0.07853	0.01113	0.01271	0.00802	0.00549	0.00534	0.00176	0.00769	0.00437	0.00288	0.00851
4	0.02041	0.08878	0.01711	0.01414	0.01726	0.66571	0.01082	0.02287	0.06378	0.01460	0.00971	0.01094	0.00802	0.00593	0.00508	0.00148	0.00960	0.00381	0.00309	0.00685
5	0.00782	0.00590	0.00725	0.00711	0.00851	0.00542	0.00525	0.01039	0.03523	0.02019	0.48672	0.14638	0.20660	0.01304	0.00680	0.00190	0.00288	0.01142	0.00593	0.00527
6	0.00815	0.00590	0.00745	0.00829	0.00903	0.00571	0.00572	0.06733	0.01233	0.01637	0.03124	0.70006	0.06701	0.01688	0.00715	0.00226	0.00354	0.01518	0.00534	0.00506
7	0.01376	0.01527	0.05121	0.02197	0.02734	0.01428	0.60843	0.07624	0.01426	0.01941	0.01229	0.03707	0.00967	0.00652	0.02823	0.00213	0.02428	0.00676	0.00317	0.00771
8	0.00840	0.00620	0.00799	0.00730	0.00895	0.00558	0.00551	0.01108	0.01584	0.02259	0.69981	0.04024	0.05030	0.01109	0.00654	0.00172	0.00282	0.00978	0.00606	0.07220
9	0.01211	0.01243	0.03774	0.01454	0.01487	0.01650	0.01229	0.01358	0.00889	0.01384	0.00827	0.01337	0.00809	0.01275	0.08453	0.00307	0.69928	0.00508	0.00255	0.00622
10	0.00727	0.00501	0.00653	0.00775	0.00816	0.00470	0.00520	0.00840	0.01104	0.01514	0.03049	0.73285	0.03596	0.01701	0.00703	0.00224	0.00327	0.01538	0.07186	0.00470
11	0.02171	0.02585	0.01597	0.01437	0.01743	0.71413	0.01084	0.02325	0.01622	0.07473	0.00995	0.01105	0.00792	0.00599	0.00521	0.00150	0.00988	0.00385	0.00328	0.00688
12	0.83791	0.01114	0.00850	0.00761	0.01115	0.01289	0.00625	0.01689	0.00981	0.02576	0.00809	0.00946	0.00631	0.00539	0.00359	0.00179	0.00447	0.00314	0.00358	0.00626
13	0.00710	0.00507	0.00673	0.00805	0.00839	0.00472	0.00536	0.00806	0.01103	0.01472	0.03161	0.79391	0.03789	0.01798	0.00735	0.00234	0.00336	0.01628	0.00535	0.00471
14	0.00710	0.00507	0.00673	0.00805	0.00839	0.00472	0.00536	0.00806	0.01103	0.01472	0.03161	0.79391	0.03789	0.01798	0.00735	0.00234	0.00336	0.01628	0.00535	0.00471
15	0.01362	0.01550	0.03379	0.02416	0.02995	0.01452	0.74116	0.01840	0.01357	0.01843	0.01169	0.01559	0.00879	0.00490	0.00680	0.00195	0.00968	0.00679	0.00293	0.00777
16	0.01016	0.00870	0.00902	0.00845	0.01094	0.00899	0.00647	0.01798	0.33400	0.01940	0.05796	0.04025	0.42215	0.01157	0.00640	0.00195	0.00364	0.00963	0.00559	0.00674
17	0.01991	0.15353	0.01833	0.01367	0.01704	0.55530	0.01072	0.05451	0.07539	0.01580	0.01020	0.01134	0.00840	0.00600	0.00504	0.00150	0.00901	0.00391	0.00326	0.00714
18	0.01524	0.76738	0.06217	0.01015	0.01520	0.02227	0.01033	0.01725	0.01172	0.01378	0.00818	0.00947	0.00745	0.00500	0.00380	0.00127	0.00626	0.00315	0.00249	0.00745
19	0.01399	0.01351	0.02233	0.13292	0.65117	0.02988	0.01723	0.01736	0.01296	0.01816	0.01076	0.01438	0.00895	0.00528	0.00571	0.00174	0.00702	0.00510	0.00284	0.00871
20	0.00715	0.00608	0.00616	0.00610	0.00806	0.00520	0.00457	0.00904	0.03552	0.01603	0.07654	0.05377	0.71747	0.01427	0.00678	0.00195	0.00299	0.01188	0.00539	0.00504
21	0.02576	0.00982	0.01335	0.01026	0.01469	0.00848	0.00846	0.02793	0.01644	0.76593	0.02266	0.01962	0.01426	0.00716	0.00580	0.00179	0.00491	0.00579	0.00711	0.00979
22	0.00710	0.00507	0.00673	0.00805	0.00839	0.00472	0.00536	0.00806	0.01103	0.01472	0.03161	0.79391	0.03789	0.01798	0.00735	0.00234	0.00336	0.01628	0.00535	0.00471
23	0.01404	0.01506	0.08841	0.03350	0.69747	0.01362	0.01790	0.01768	0.01301	0.01874	0.01084	0.01414	0.00902	0.00521	0.00569	0.00173	0.00698	0.00506	0.00284	0.00906
24	0.01159	0.02963	0.76797	0.01637	0.02482	0.01334	0.02116	0.01819	0.01215	0.01822	0.01039	0.01224	0.00736	0.00552	0.00549	0.00183	0.00849	0.00427	0.00246	0.00851
25	0.00689	0.00589	0.00589	0.00588	0.00782	0.00491	0.00440	0.00830	0.01311	0.01557	0.05797	0.05513	0.75964	0.01455	0.00681	0.00195	0.00294	0.01210	0.00535	0.00489
26	0.01434	0.01237	0.01301	0.01172	0.01496	0.01429	0.00910	0.03045	0.75161	0.02402	0.02338	0.02149	0.01756	0.00784	0.00587	0.00196	0.00457	0.00650	0.00586	0.00911
27	0.01107	0.01040	0.01750	0.75061	0.07148	0.01281	0.01599	0.01483	0.01158	0.01491	0.01031	0.01536	0.00780	0.00577	0.00577	0.00192	0.00762	0.00512	0.00260	0.00654
28	0.01362	0.01550	0.03379	0.02416	0.02995	0.01452	0.74116	0.01840	0.01357	0.01843	0.01169	0.01559	0.00879	0.00490	0.00680	0.00195	0.00968	0.00679	0.00293	0.00777
29	0.00710	0.00507	0.00673	0.00805	0.00839	0.00472	0.00536	0.00806	0.01103	0.01472	0.03161	0.79391	0.03789	0.01798	0.00735	0.00234	0.00336	0.01628	0.00535	0.00471
30	0.01799	0.02102	0.01756	0.01514	0.01750	0.44839	0.06823	0.04485	0.01423	0.01548	0.00942	0.01209	0.00803	0.00708	0.00900	0.00181	0.22141	0.00445	0.03961	0.00673
31	0.00710	0.00507	0.00673	0.00805	0.00839	0.00472	0.00536	0.00806	0.01103	0.01472	0.03161	0.79391	0.03789	0.01798	0.00735	0.00234	0.00336	0.01628	0.00535	0.00471
32	0.01176	0.06323	0.73582	0.01609	0.02438	0.01375	0.02066	0.01815	0.01213	0.01802	0.01029	0.01212	0.00737	0.00549	0.00541	0.00181	0.00839	0.00422	0.00246	0.00846
33	0.02147	0.02731	0.01628	0.01481	0.01776	0.77461	0.01110	0.02291	0.01628	0.01411	0.00897	0.01049	0.00748	0.00597	0.00521	0.00150	0.01035	0.00372	0.00299	0.00669
34	0.00870	0.00604	0.00789	0.00736	0.00881	0.00555	0.00553	0.01135	0.01626	0.04334	0.73883	0.04220	0.05291	0.01164	0.00677	0.00182	0.00280	0.01025	0.00635	0.00558
35	0.00822	0.00594	0.00774	0.00728	0.00864	0.00547	0.00545	0.01088	0.01626	0.02304	0.75896	0.04283	0.05400	0.01176	0.00680	0.00182	0.00274	0.01037	0.00633	0.00546
36	0.76089	0.03000	0.06297	0.00828	0.01220	0.01314	0.00739	0.01699	0.01002	0.02495	0.00825	0.00966	0.00641	0.00539	0.00373	0.00178	0.00479	0.00322	0.00348	0.00644
37	0.01556	0.78192	0.02968	0.00999	0.01484	0.04120	0.00986	0.01735	0.01181	0.01359	0.00810	0.00938	0.00746	0.00500	0.00376	0.00125	0.00626	0.00312	0.00250	0.00738
38	0.01382	0.01329	0.02287	0.13112	0.64335	0.01357	0.04268	0.01728	0.01291	0.01826	0.01083	0.01450	0.00898	0.00525	0.00576	0.00176	0.00704	0.00519	0.00284	0.00872
39	0.00816	0.00594	0.00765	0.00722	0.00860	0.00545	0.00541	0.01077	0.01612	0.02270	0.72787	0.04338	0.08529	0.01189	0.00680	0.00183	0.00275	0.01045	0.00629	0.00544
40	0.00844	0.00564	0.00633	0.00633	0.00634	0.00562	0.00352	0.00841	0.00840	0.01121	0.01813	0.03755	0.02089	0.79753	0.02912	0.00556	0.00559	0.00835	0.00351	0.00353
41	0.76564	0.01276	0.07492	0.00837	0.01235	0.01293	0.00755	0.01701	0.01002	0.02510	0.00829	0.00971	0.00641	0.00540	0.00376	0.00180	0.00482	0.00324	0.00348	0.00645
42	0.02065	0.01521	0.01641	0.01271	0.01701	0.01671	0.01044	0.67888	0.02601	0.03498	0.07901	0.01643	0.01370	0.00737	0.00586	0.00175	0.00602	0.00564	0.00581	0.00941
43	0.00844	0.00564	0.00633	0.00633	0.00634	0.00562	0.00352	0.00841	0.00840	0.01121	0.01813	0.03755	0.02089	0.79753	0.02912	0.00556	0.00559	0.00835	0.00351	0.00353
44	0.02541	0.01037	0.01369	0.01052	0.01496	0.00929	0.00867	0.09046	0.01736	0.70210	0.02189	0.01912	0.01388	0.00714	0.00580	0.00179	0.00503	0.00574	0.00699	0.00979
45	0.01120	0.02748	0.70139	0.01564	0.02338	0.01259	0.01978	0.01730	0.01205	0.01792	0.01224	0.08061	0.01003	0.00660	0.00565	0.00188	0.00804	0.00532	0.00271	0.00818
46	0.02151	0.02611	0.01639	0.01464	0.01777	0.69343	0.01108	0.10014	0.01742	0.01648	0.00949	0.01085	0.00774	0.00608	0.00527	0.00152	0.00992	0.00388	0.00329	0.00702
47	0.00713	0.00509	0.00672	0.00801	0.00834	0.00474	0.00532	0.00807	0.01096	0.01463	0.03127	0.77528	0.03747	0.03718	0.00788	0.00242	0.00342	0.01608	0.00530	0.00468
48	0.02187	0.01397	0.01568	0.01221	0.01656	0.01486	0.01001	0.48994	0.07980	0.21650	0.03729	0.01670	0.01275	0.00720	0.00582	0.00177	0.00574	0.00558	0.00612	0.00961
49	0.00844	0.00564	0.00633	0.00633	0.00634	0.00562	0.00352	0.00841	0.00840	0.01121	0.01813	0.03755	0.02089	0.79753	0.02912	0.00556	0.00559	0.00835	0.00351	0.00353
50	0.00708	0.00516	0.00664	0.00782	0.00833	0.00474	0.00526	0.00809	0.01125	0.01481	0.03445	0.71433	0.11563	0.01761	0.00729	0.00230	0.00332	0.01583	0.00535	0.00473
51	0.00729	0.00521	0.00695	0.00827	0.00870	0.00489	0.00571	0.00840	0.01122	0.01494	0.03150	0.73012	0.03746	0.01779	0.00740	0.00237	0.00353	0.07813	0.00534	0.00477

[dist]
# distance from previous block
# <min> <max>
0	2

[block]
# block no. 2 follows, 41 sequences, length 17
# corresponding to MSA columns:
# 144-160
name=unknown_C
#
# <colnr> <probs for GDERKNQSTAVLIFYWHMCP>
#	G	D	E	R	K	N	Q	S	T	A	V	L	I	F	Y	W	H	M	C	P
0	0.01225	0.06917	0.72504	0.01630	0.02455	0.01405	0.02068	0.01843	0.01241	0.01840	0.01073	0.01274	0.00782	0.00580	0.00559	0.00189	0.00850	0.00436	0.00262	0.00868
1	0.02524	0.01044	0.01442	0.01247	0.07216	0.00914	0.00934	0.02736	0.01644	0.70368	0.02213	0.01980	0.01427	0.00730	0.00599	0.00187	0.00521	0.00588	0.00692	0.00995
2	0.00759	0.00543	0.00708	0.00837	0.00876	0.00502	0.00558	0.00842	0.01132	0.01516	0.03191	0.78877	0.03811	0.01819	0.00753	0.00242	0.00353	0.01634	0.00549	0.00496
3	0.01448	0.01384	0.02365	0.08080	0.67605	0.01387	0.05341	0.01778	0.01330	0.01893	0.01134	0.01507	0.00950	0.00551	0.00597	0.00183	0.00717	0.00536	0.00302	0.00910
4	0.01447	0.07373	0.02259	0.10770	0.56691	0.01453	0.01627	0.01861	0.07156	0.01880	0.01205	0.01524	0.00999	0.00575	0.00577	0.00181	0.00683	0.00523	0.00321	0.00893
5	0.71467	0.01149	0.00945	0.00834	0.01184	0.01301	0.00676	0.07232	0.01185	0.02673	0.05896	0.01268	0.01021	0.00624	0.00419	0.00187	0.00466	0.00394	0.00409	0.00671
6	0.01656	0.64339	0.02723	0.01069	0.01530	0.12613	0.01003	0.06619	0.01327	0.01503	0.00846	0.00964	0.00750	0.00516	0.00401	0.00129	0.00671	0.00328	0.00273	0.00740
7	0.01116	0.01054	0.01781	0.70432	0.11748	0.01280	0.01607	0.01493	0.01161	0.01505	0.01023	0.01513	0.00778	0.00565	0.00571	0.00188	0.00754	0.00508	0.00257	0.00665
8	0.01828	0.01373	0.01553	0.01400	0.07516	0.01515	0.01043	0.32504	0.33255	0.09011	0.01827	0.01746	0.01332	0.00712	0.00576	0.00181	0.00547	0.00575	0.00565	0.00939
9	0.02090	0.01595	0.01715	0.04463	0.01850	0.03881	0.01115	0.66350	0.02520	0.03362	0.01319	0.01365	0.00948	0.00693	0.00626	0.00175	0.03950	0.00510	0.00538	0.00936
10	0.02174	0.01602	0.01717	0.01316	0.01774	0.01774	0.01087	0.74423	0.02689	0.03605	0.01373	0.01373	0.00973	0.00687	0.00572	0.00172	0.00629	0.00515	0.00572	0.00973
11	0.01069	0.00617	0.00738	0.14071	0.01235	0.00661	0.00606	0.01355	0.01190	0.02016	0.01719	0.02027	0.01344	0.00650	0.00430	0.00143	0.00353	0.00529	0.68698	0.00551
12	0.01186	0.01017	0.01186	0.00847	0.01356	0.00762	0.00678	0.01440	0.01186	0.01864	0.01017	0.01186	0.00847	0.00424	0.00424	0.00085	0.00424	0.00339	0.00339	0.83395
13	0.00810	0.00585	0.00765	0.00720	0.00855	0.00540	0.00540	0.01079	0.01619	0.02294	0.76028	0.04273	0.05397	0.01169	0.00675	0.00180	0.00270	0.01034	0.00630	0.00540
14	0.00692	0.00549	0.00622	0.00671	0.00799	0.00479	0.00478	0.00827	0.01242	0.01556	0.08886	0.33702	0.44352	0.01563	0.00697	0.00207	0.00305	0.01357	0.00537	0.00479
15	0.00821	0.00550	0.00627	0.00637	0.00640	0.00547	0.00361	0.00829	0.00853	0.01137	0.01909	0.09730	0.02214	0.73728	0.02739	0.00529	0.00537	0.00895	0.00361	0.00356
16	0.00710	0.00570	0.00627	0.00634	0.00790	0.00494	0.00463	0.00868	0.01322	0.01663	0.18896	0.14117	0.50892	0.04436	0.00768	0.00209	0.00301	0.01210	0.00543	0.00486

[dist]
# distance from previous block
# <min> <max>
0	1

[block]
# block no. 3 follows, 41 sequences, length 9
# corresponding to MSA columns:
# 162-170
name=unknown_D
#
# <colnr> <probs for GDERKNQSTAVLIFYWHMCP>
#	G	D	E	R	K	N	Q	S	T	A	V	L	I	F	Y	W	H	M	C	P
0	0.01502	0.74743	0.08259	0.01025	0.01540	0.02197	0.01059	0.01720	0.01165	0.01379	0.00812	0.00938	0.00733	0.00493	0.00380	0.00127	0.00628	0.00314	0.00244	0.00742
1	0.01147	0.02959	0.76934	0.01630	0.02476	0.01328	0.02113	0.01811	0.01208	0.01811	0.01026	0.01208	0.00725	0.00543	0.00543	0.00181	0.00845	0.00423	0.00242	0.00845
2	0.00832	0.00555	0.00624	0.00624	0.00624	0.00555	0.00347	0.00832	0.00832	0.01109	0.01802	0.03743	0.02080	0.79898	0.02911	0.00555	0.00555	0.00832	0.00347	0.00347
3	0.01529	0.80242	0.02997	0.00979	0.01468	0.02263	0.00979	0.01713	0.01162	0.01346	0.00795	0.00918	0.00734	0.00489	0.00367	0.00122	0.00612	0.00306	0.00245	0.00734
4	0.00695	0.00506	0.00655	0.00775	0.00824	0.00466	0.00522	0.00799	0.01115	0.01468	0.03410	0.72307	0.10835	0.01759	0.00725	0.00228	0.00328	0.01585	0.00531	0.00466
5	0.00832	0.00555	0.00624	0.00624	0.00624	0.00555	0.00347	0.00832	0.00832	0.01109	0.01802	0.03743	0.02080	0.79898	0.02911	0.00555	0.00555	0.00832	0.00347	0.00347
6	0.02366	0.00964	0.01286	0.01007	0.01420	0.00860	0.00824	0.02687	0.06720	0.66458	0.07353	0.02120	0.01713	0.00744	0.00583	0.00178	0.00469	0.00612	0.00694	0.00939
7	0.01311	0.01199	0.01665	0.01425	0.01455	0.01639	0.01184	0.01449	0.00934	0.05416	0.00890	0.01335	0.00824	0.00968	0.01730	0.00240	0.70520	0.00506	0.04671	0.00639
8	0.01265	0.01292	0.01981	0.01630	0.01711	0.01709	0.11534	0.01441	0.00943	0.01441	0.00808	0.01292	0.00767	0.00928	0.01708	0.00242	0.67880	0.00525	0.00256	0.00646

[dist]
# distance from previous block
# <min> <max>
0	1

[block]
# block no. 4 follows, 41 sequences, length 78
# corresponding to MSA columns:
# 172-249
name=unknown_E
#
# <colnr> <probs for GDERKNQSTAVLIFYWHMCP>
#	G	D	E	R	K	N	Q	S	T	A	V	L	I	F	Y	W	H	M	C	P
0	0.02137	0.02726	0.01621	0.01474	0.01768	0.77602	0.01105	0.02284	0.01621	0.01400	0.00884	0.01031	0.00737	0.00589	0.00516	0.00147	0.01031	0.00368	0.00295	0.00663
1	0.01350	0.01543	0.03375	0.02411	0.02989	0.01446	0.74253	0.01832	0.01350	0.01832	0.01157	0.01543	0.00868	0.00482	0.00675	0.00193	0.00964	0.00675	0.00289	0.00771
2	0.01423	0.01229	0.01293	0.01164	0.01487	0.01423	0.00905	0.03039	0.75297	0.02393	0.02328	0.02134	0.01746	0.00776	0.00582	0.00194	0.00453	0.00647	0.00582	0.00905
3	0.00697	0.00498	0.00664	0.00796	0.00830	0.00465	0.00531	0.00796	0.01095	0.01460	0.03153	0.79525	0.03783	0.01792	0.00730	0.00232	0.00332	0.01626	0.00531	0.00465
4	0.00697	0.00498	0.00664	0.00796	0.00830	0.00465	0.00531	0.00796	0.01095	0.01460	0.03153	0.79525	0.03783	0.01792	0.00730	0.00232	0.00332	0.01626	0.00531	0.00465
5	0.00817	0.00613	0.00919	0.00919	0.01021	0.00715	0.00715	0.01021	0.00919	0.01328	0.01532	0.02247	0.01430	0.04290	0.77631	0.00919	0.01532	0.00613	0.00306	0.00511
6	0.02118	0.02686	0.01612	0.01465	0.01761	0.75573	0.01100	0.02304	0.03583	0.01426	0.00923	0.01061	0.00764	0.00594	0.00518	0.00149	0.01016	0.00376	0.00302	0.00670
7	0.00697	0.00498	0.00664	0.00796	0.00830	0.00465	0.00531	0.00796	0.01095	0.01460	0.03153	0.79525	0.03783	0.01792	0.00730	0.00232	0.00332	0.01626	0.00531	0.00465
8	0.00804	0.00543	0.00632	0.00660	0.00667	0.00536	0.00385	0.00824	0.00887	0.01183	0.02085	0.19617	0.02436	0.63538	0.02454	0.00487	0.00508	0.00998	0.00385	0.00371
9	0.01529	0.80242	0.02997	0.00979	0.01468	0.02263	0.00979	0.01713	0.01162	0.01346	0.00795	0.00918	0.00734	0.00489	0.00367	0.00122	0.00612	0.00306	0.00245	0.00734
10	0.00749	0.00610	0.00666	0.00647	0.00829	0.00542	0.00486	0.00996	0.04732	0.01802	0.26103	0.04994	0.52144	0.01337	0.00671	0.00189	0.00291	0.01132	0.00562	0.00518
11	0.02206	0.01552	0.01685	0.01292	0.01749	0.01699	0.01067	0.68657	0.02605	0.09490	0.01444	0.01419	0.01008	0.00688	0.00572	0.00172	0.00618	0.00520	0.00583	0.00973
12	0.01350	0.01543	0.03375	0.02411	0.02989	0.01446	0.74253	0.01832	0.01350	0.01832	0.01157	0.01543	0.00868	0.00482	0.00675	0.00193	0.00964	0.00675	0.00289	0.00771
13	0.02168	0.01577	0.01697	0.01305	0.01759	0.01741	0.01077	0.70930	0.04273	0.05525	0.01418	0.01405	0.01002	0.00689	0.00572	0.00172	0.00622	0.00520	0.00576	0.00971
14	0.02502	0.01063	0.04737	0.01045	0.01506	0.00863	0.00898	0.02744	0.01618	0.73348	0.02201	0.01914	0.01385	0.00701	0.00574	0.00177	0.00503	0.00568	0.00687	0.00968
15	0.01350	0.01543	0.03375	0.02411	0.02989	0.01446	0.74253	0.01832	0.01350	0.01832	0.01157	0.01543	0.00868	0.00482	0.00675	0.00193	0.00964	0.00675	0.00289	0.00771
16	0.01577	0.01194	0.01298	0.01144	0.01484	0.01344	0.00897	0.03006	0.65390	0.12390	0.02318	0.02109	0.01702	0.00767	0.00581	0.00192	0.00457	0.00637	0.00599	0.00915
17	0.01186	0.01017	0.01186	0.00847	0.01356	0.00762	0.00678	0.01440	0.01186	0.01864	0.01017	0.01186	0.00847	0.00424	0.00424	0.00085	0.00424	0.00339	0.00339	0.83395
18	0.00752	0.00574	0.00691	0.00680	0.00824	0.00512	0.00503	0.00961	0.01456	0.01950	0.44385	0.12627	0.29346	0.01330	0.00681	0.00190	0.00283	0.01156	0.00586	0.00512
19	0.02417	0.00991	0.01315	0.01022	0.01445	0.00889	0.00839	0.05583	0.04901	0.67004	0.05737	0.02043	0.01602	0.00732	0.00580	0.00178	0.00481	0.00598	0.00693	0.00950
20	0.00798	0.00584	0.00748	0.00707	0.00847	0.00535	0.00531	0.01057	0.01592	0.02228	0.69899	0.04380	0.11567	0.01194	0.00675	0.00181	0.00272	0.01050	0.00621	0.00535
21	0.00709	0.00581	0.00625	0.00614	0.00793	0.00497	0.00461	0.00885	0.01382	0.01731	0.23261	0.05198	0.58516	0.01379	0.00676	0.00190	0.00285	0.01164	0.00556	0.00497
22	0.83938	0.01106	0.00841	0.00752	0.01106	0.01283	0.00619	0.01681	0.00973	0.02566	0.00796	0.00929	0.00619	0.00531	0.00354	0.00177	0.00442	0.00310	0.00354	0.00619
23	0.00713	0.00510	0.00681	0.00807	0.00850	0.00478	0.00552	0.00828	0.01127	0.01505	0.05914	0.72744	0.03818	0.01757	0.00731	0.00232	0.00340	0.05406	0.00534	0.00471
24	0.01423	0.01229	0.01293	0.01164	0.01487	0.01423	0.00905	0.03039	0.75297	0.02393	0.02328	0.02134	0.01746	0.00776	0.00582	0.00194	0.00453	0.00647	0.00582	0.00905
25	0.01066	0.00533	0.00533	0.00533	0.00666	0.00533	0.00400	0.01333	0.01200	0.02132	0.01866	0.02132	0.01466	0.00666	0.00400	0.00133	0.00267	0.00533	0.83073	0.00533
26	0.01080	0.01017	0.01716	0.78523	0.03940	0.01271	0.01589	0.01461	0.01144	0.01461	0.01017	0.01525	0.00762	0.00572	0.00572	0.00191	0.00762	0.00508	0.00254	0.00635
27	0.00725	0.00544	0.00782	0.00867	0.00924	0.00508	0.03757	0.00842	0.01106	0.01476	0.03065	0.76113	0.03656	0.01735	0.00728	0.00231	0.00360	0.01584	0.00520	0.00478
28	0.01529	0.80242	0.02997	0.00979	0.01468	0.02263	0.00979	0.01713	0.01162	0.01346	0.00795	0.00918	0.00734	0.00489	0.00367	0.00122	0.00612	0.00306	0.00245	0.00734
29	0.00715	0.00581	0.00634	0.00621	0.00797	0.00500	0.00466	0.00897	0.01397	0.01766	0.26528	0.05141	0.55226	0.01366	0.00676	0.00189	0.00284	0.01156	0.00560	0.00500
30	0.00705	0.00504	0.00673	0.00806	0.00843	0.00472	0.00546	0.00811	0.01103	0.01470	0.03148	0.76773	0.03765	0.01784	0.00732	0.00233	0.00339	0.04294	0.00531	0.00467
31	0.01147	0.02959	0.76934	0.01630	0.02476	0.01328	0.02113	0.01811	0.01208	0.01811	0.01026	0.01208	0.00725	0.00543	0.00543	0.00181	0.00845	0.00423	0.00242	0.00845
32	0.00697	0.00498	0.00664	0.00796	0.00830	0.00465	0.00531	0.00796	0.01095	0.01460	0.03153	0.79525	0.03783	0.01792	0.00730	0.00232	0.00332	0.01626	0.00531	0.00465
33	0.00697	0.00498	0.00664	0.00796	0.00830	0.00465	0.00531	0.00796	0.01095	0.01460	0.03153	0.79525	0.03783	0.01792	0.00730	0.00232	0.00332	0.01626	0.00531	0.00465
34	0.01147	0.02959	0.76934	0.01630	0.02476	0.01328	0.02113	0.01811	0.01208	0.01811	0.01026	0.01208	0.00725	0.00543	0.00543	0.00181	0.00845	0.00423	0.00242	0.00845
35	0.01416	0.01359	0.02322	0.03511	0.76330	0.01359	0.01755	0.01755	0.01302	0.01869	0.01076	0.01416	0.00906	0.00510	0.00566	0.00170	0.00680	0.00510	0.00283	0.00906
36	0.01080	0.01017	0.01716	0.78523	0.03940	0.01271	0.01589	0.01461	0.01144	0.01461	0.01017	0.01525	0.00762	0.00572	0.00572	0.00191	0.00762	0.00508	0.00254	0.00635
37	0.00810	0.00585	0.00765	0.00720	0.00855	0.00540	0.00540	0.01079	0.01619	0.02294	0.76028	0.04273	0.05397	0.01169	0.00675	0.00180	0.00270	0.01034	0.00630	0.00540
38	0.01416	0.01359	0.02322	0.03511	0.76330	0.01359	0.01755	0.01755	0.01302	0.01869	0.01076	0.01416	0.00906	0.00510	0.00566	0.00170	0.00680	0.00510	0.00283	0.00906
39	0.02174	0.01602	0.01717	0.01316	0.01774	0.01774	0.01087	0.74423	0.02689	0.03605	0.01373	0.01373	0.00973	0.00687	0.00572	0.00172	0.00629	0.00515	0.00572	0.00973
40	0.01080	0.01017	0.01716	0.78523	0.03940	0.01271	0.01589	0.01461	0.01144	0.01461	0.01017	0.01525	0.00762	0.00572	0.00572	0.00191	0.00762	0.00508	0.00254	0.00635
41	0.00832	0.00555	0.00624	0.00624	0.00624	0.00555	0.00347	0.00832	0.00832	0.01109	0.01802	0.03743	0.02080	0.79898	0.02911	0.00555	0.00555	0.00832	0.00347	0.00347
42	0.02174	0.01602	0.01717	0.01316	0.01774	0.01774	0.01087	0.74423	0.02689	0.03605	0.01373	0.01373	0.00973	0.00687	0.00572	0.00172	0.00629	0.00515	0.00572	0.00973
43	0.01251	0.01251	0.01752	0.01502	0.01502	0.01752	0.01251	0.01377	0.00876	0.01377	0.00751	0.01251	0.00751	0.01001	0.01877	0.00250	0.78851	0.00501	0.00250	0.00626
44	0.01080	0.01017	0.01716	0.78523	0.03940	0.01271	0.01589	0.01461	0.01144	0.01461	0.01017	0.01525	0.00762	0.00572	0.00572	0.00191	0.00762	0.00508	0.00254	0.00635
45	0.01338	0.01520	0.03303	0.05741	0.03031	0.01439	0.71073	0.01816	0.01341	0.01816	0.01151	0.01542	0.00863	0.00486	0.00671	0.00193	0.00955	0.00668	0.00288	0.00766
46	0.00682	0.00581	0.00587	0.00590	0.00782	0.00487	0.00446	0.00829	0.01304	0.01549	0.05732	0.05526	0.74457	0.01452	0.00679	0.00195	0.00295	0.02814	0.00531	0.00484
47	0.01223	0.01206	0.01688	0.01451	0.01469	0.01666	0.01205	0.01356	0.00886	0.01384	0.00805	0.01312	0.00795	0.01193	0.06560	0.00288	0.72313	0.00504	0.00256	0.02440
48	0.00700	0.00500	0.00667	0.00794	0.00830	0.00467	0.00531	0.00805	0.01111	0.01485	0.05354	0.77252	0.03832	0.01773	0.00728	0.00231	0.00330	0.01608	0.00534	0.00467
49	0.00857	0.00611	0.00838	0.00959	0.01061	0.00600	0.00786	0.01068	0.01252	0.01644	0.05580	0.25028	0.03445	0.04637	0.00852	0.00264	0.00469	0.49020	0.00524	0.00504
50	0.02106	0.02464	0.01620	0.01422	0.01753	0.61451	0.01085	0.14732	0.01789	0.01800	0.00974	0.01097	0.00782	0.00600	0.00522	0.00149	0.00938	0.00393	0.00344	0.03980
51	0.02140	0.01652	0.01737	0.01419	0.04967	0.05826	0.01117	0.67438	0.02573	0.03412	0.01334	0.01357	0.00957	0.00674	0.00569	0.00170	0.00653	0.00507	0.00545	0.00953
52	0.00829	0.00570	0.00660	0.00663	0.00696	0.00551	0.00394	0.00859	0.00893	0.01205	0.01975	0.15639	0.02284	0.63230	0.02431	0.00478	0.00512	0.00931	0.00375	0.04823
53	0.48366	0.06776	0.01248	0.00952	0.01333	0.04336	0.00787	0.15411	0.08532	0.05858	0.01119	0.01176	0.00841	0.00591	0.00433	0.00173	0.00514	0.00394	0.00422	0.00738
54	0.00832	0.00555	0.00624	0.00624	0.00624	0.00555	0.00347	0.00832	0.00832	0.01109	0.01802	0.03743	0.02080	0.79898	0.02911	0.00555	0.00555	0.00832	0.00347	0.00347
55	0.01405	0.01133	0.01433	0.01200	0.07390	0.00992	0.04142	0.11144	0.04243	0.06117	0.01371	0.01484	0.03767	0.00535	0.00489	0.00121	0.00495	0.00448	0.00399	0.51693
56	0.01350	0.05161	0.07269	0.02343	0.05472	0.01474	0.64527	0.01823	0.01332	0.01810	0.01131	0.01492	0.00856	0.00487	0.00650	0.00188	0.00932	0.00639	0.00285	0.00778
57	0.00817	0.00613	0.00919	0.00919	0.01021	0.00715	0.00715	0.01021	0.00919	0.01328	0.01532	0.02247	0.01430	0.04290	0.77631	0.00919	0.01532	0.00613	0.00306	0.00511
58	0.00726	0.00524	0.00686	0.00767	0.00834	0.00485	0.00529	0.00872	0.01242	0.01683	0.22400	0.56531	0.07371	0.01614	0.00713	0.00217	0.00314	0.01452	0.00557	0.00485
59	0.05811	0.04692	0.14495	0.06092	0.46431	0.04068	0.06742	0.01770	0.01271	0.01840	0.01038	0.01336	0.00839	0.00519	0.00550	0.00172	0.00727	0.00483	0.00278	0.00844
60	0.00810	0.00654	0.00769	0.11085	0.01229	0.00605	0.00610	0.00995	0.01308	0.04528	0.07718	0.04782	0.60296	0.01291	0.00658	0.00192	0.00360	0.01082	0.00505	0.00525
61	0.00834	0.00562	0.00657	0.00645	0.00685	0.00550	0.00398	0.00913	0.01048	0.01450	0.20922	0.03823	0.02912	0.56835	0.02247	0.00443	0.00471	0.00873	0.03329	0.00403
62	0.01331	0.01271	0.02214	0.13366	0.55750	0.01296	0.07238	0.01663	0.01273	0.01790	0.03335	0.01539	0.01023	0.00592	0.00642	0.03335	0.00693	0.00538	0.00289	0.00823
63	0.01237	0.05873	0.57596	0.01539	0.02262	0.01330	0.05096	0.01920	0.08016	0.04787	0.01272	0.04342	0.00970	0.00614	0.00554	0.00182	0.00771	0.00502	0.00305	0.00833
64	0.01332	0.01552	0.05528	0.06513	0.05786	0.01430	0.65385	0.01809	0.01333	0.01813	0.01143	0.01527	0.00859	0.00490	0.00661	0.00192	0.00939	0.00652	0.00286	0.00772
65	0.00696	0.00501	0.00660	0.00787	0.00827	0.00465	0.00527	0.00798	0.01105	0.01464	0.03272	0.76187	0.07044	0.01777	0.00728	0.00231	0.00330	0.01607	0.00531	0.00465
66	0.06413	0.01480	0.01588	0.01247	0.01648	0.01652	0.01019	0.60963	0.04054	0.03273	0.01411	0.03875	0.01091	0.03709	0.00705	0.00192	0.03689	0.00553	0.00538	0.00899
67	0.00697	0.00498	0.00664	0.00796	0.00830	0.00465	0.00531	0.00796	0.01095	0.01460	0.03153	0.79525	0.03783	0.01792	0.00730	0.00232	0.00332	0.01626	0.00531	0.00465
68	0.01186	0.01017	0.01186	0.00847	0.01356	0.00762	0.00678	0.01440	0.01186	0.01864	0.01017	0.01186	0.00847	0.00424	0.00424	0.00085	0.00424	0.00339	0.00339	0.83395
69	0.02092	0.15025	0.09185	0.01139	0.01632	0.01229	0.03829	0.08325	0.01574	0.43637	0.03091	0.01652	0.01228	0.00643	0.00537	0.00165	0.00568	0.00513	0.00541	0.03393
70	0.01250	0.12264	0.48268	0.01430	0.02062	0.01450	0.01673	0.07181	0.01311	0.01872	0.05851	0.01483	0.02832	0.00651	0.00659	0.00180	0.08013	0.00479	0.00299	0.00793
71	0.00827	0.00555	0.00622	0.00622	0.00628	0.00552	0.00349	0.00831	0.00846	0.01123	0.01926	0.03798	0.04375	0.77465	0.02842	0.00543	0.00546	0.00843	0.00352	0.00351
72	0.01218	0.01026	0.01192	0.00870	0.01355	0.00804	0.00693	0.05333	0.01263	0.01940	0.01127	0.04552	0.00980	0.00496	0.00445	0.00096	0.00431	0.00403	0.00360	0.75415
73	0.04724	0.67915	0.11729	0.01048	0.01574	0.02113	0.01100	0.01723	0.01160	0.01449	0.00823	0.00953	0.00728	0.00497	0.00388	0.00131	0.00633	0.00320	0.00249	0.00743
74	0.05032	0.01453	0.03877	0.04536	0.53746	0.04847	0.01568	0.08443	0.04326	0.02027	0.01117	0.01393	0.00912	0.00562	0.00606	0.00174	0.03689	0.00498	0.00322	0.00871
75	0.01056	0.00867	0.01343	0.11878	0.07675	0.00889	0.08428	0.01347	0.04181	0.06273	0.10341	0.23011	0.13894	0.01118	0.00721	0.00202	0.04703	0.00993	0.00456	0.00623
76	0.00832	0.00555	0.00624	0.00624	0.00624	0.00555	0.00347	0.00832	0.00832	0.01109	0.01802	0.03743	0.02080	0.79898	0.02911	0.00555	0.00555	0.00832	0.00347	0.00347
77	0.02366	0.01039	0.01344	0.01053	0.01474	0.00970	0.00864	0.08939	0.08476	0.60920	0.02161	0.01925	0.01408	0.00838	0.03285	0.00204	0.00533	0.00578	0.00671	0.00951

[dist]
# distance from previous block
# <min> <max>
0	1

[block]
# block no. 5 follows, 41 sequences, length 100
# corresponding to MSA columns:
# 251-350
name=unknown_F
#
# <colnr> <probs for GDERKNQSTAVLIFYWHMCP>
#	G	D	E	R	K	N	Q	S	T	A	V	L	I	F	Y	W	H	M	C	P
0	0.01379	0.08444	0.10855	0.05840	0.54580	0.01436	0.05792	0.01751	0.01276	0.01799	0.01048	0.01360	0.00863	0.00512	0.00553	0.00169	0.00711	0.00491	0.00274	0.00866
1	0.00994	0.00497	0.00745	0.00745	0.00745	0.00497	0.00497	0.00745	0.00745	0.00994	0.00994	0.01739	0.00994	0.01987	0.02235	0.83358	0.00497	0.00497	0.00248	0.00248
2	0.02137	0.02726	0.01621	0.01474	0.01768	0.77602	0.01105	0.02284	0.01621	0.01400	0.00884	0.01031	0.00737	0.00589	0.00516	0.00147	0.01031	0.00368	0.00295	0.00663
3	0.01428	0.02323	0.50616	0.01626	0.06045	0.01243	0.05834	0.04976	0.01348	0.14031	0.01332	0.04371	0.00982	0.00619	0.00566	0.00182	0.00757	0.00516	0.00347	0.00856
4	0.04806	0.02241	0.01584	0.01374	0.01717	0.49296	0.01061	0.19165	0.06584	0.05167	0.01146	0.01217	0.00881	0.00627	0.00530	0.00158	0.00858	0.00427	0.00397	0.00762
5	0.00818	0.00589	0.00729	0.00697	0.00849	0.00530	0.00521	0.01047	0.01514	0.04087	0.52787	0.08422	0.22775	0.01259	0.00675	0.00186	0.00284	0.01096	0.00602	0.00533
6	0.01346	0.01589	0.09313	0.02365	0.15387	0.01434	0.44638	0.01913	0.08550	0.01869	0.01226	0.01535	0.00942	0.00547	0.00695	0.00191	0.04729	0.00613	0.00311	0.00807
7	0.04034	0.00939	0.01084	0.03546	0.05434	0.01004	0.00774	0.13443	0.12471	0.06191	0.01822	0.05194	0.01463	0.01018	0.06485	0.00226	0.00520	0.00601	0.33029	0.00720
8	0.00824	0.00544	0.00720	0.00828	0.00885	0.00502	0.00560	0.00921	0.01141	0.05358	0.03125	0.75219	0.03675	0.01750	0.00733	0.00234	0.00350	0.01576	0.00549	0.00506
9	0.01681	0.01161	0.01256	0.01044	0.01361	0.01251	0.00833	0.36899	0.09574	0.05286	0.05904	0.05949	0.01639	0.00805	0.00558	0.00174	0.00486	0.01557	0.21771	0.00810
10	0.01176	0.02970	0.76610	0.01646	0.02491	0.01343	0.02119	0.01829	0.01225	0.01837	0.01055	0.01247	0.00752	0.00562	0.00556	0.00186	0.00853	0.00432	0.00252	0.00859
11	0.01547	0.66543	0.11549	0.01092	0.01622	0.02137	0.01128	0.05772	0.01270	0.01553	0.00884	0.01017	0.00774	0.00526	0.00412	0.00137	0.00649	0.00341	0.00273	0.00774
12	0.01304	0.01201	0.01928	0.37555	0.33019	0.01311	0.01565	0.05243	0.02440	0.01797	0.01178	0.01562	0.01998	0.00580	0.00576	0.00181	0.00701	0.00522	0.00305	0.05035
13	0.01970	0.01563	0.01591	0.01299	0.01695	0.07385	0.01058	0.51548	0.12883	0.03104	0.01655	0.01971	0.01310	0.00794	0.00602	0.00187	0.00634	0.07284	0.00557	0.00911
14	0.00906	0.00622	0.00800	0.00745	0.00898	0.00567	0.00560	0.01159	0.01620	0.05392	0.69062	0.04263	0.08829	0.01180	0.00682	0.00186	0.00291	0.01031	0.00636	0.00570
15	0.01186	0.01657	0.21415	0.23038	0.07207	0.01273	0.23426	0.01629	0.01244	0.01713	0.01319	0.09739	0.01140	0.00682	0.00624	0.00197	0.00802	0.00664	0.00302	0.00742
16	0.01370	0.17055	0.55227	0.01487	0.02216	0.05412	0.01793	0.01886	0.01260	0.05619	0.01069	0.01223	0.00790	0.00563	0.00523	0.00174	0.00801	0.00416	0.00279	0.00836
17	0.00819	0.00606	0.00758	0.00719	0.00865	0.00549	0.00537	0.01062	0.01587	0.02204	0.65144	0.04484	0.16046	0.01228	0.00686	0.00187	0.00284	0.01067	0.00623	0.00546
18	0.00727	0.00520	0.00685	0.00816	0.00852	0.00483	0.00544	0.00819	0.01113	0.01487	0.03171	0.79209	0.03797	0.01805	0.00741	0.00237	0.00342	0.01630	0.00540	0.00480
19	0.01302	0.01419	0.02972	0.06032	0.06949	0.01348	0.58909	0.01723	0.01329	0.01804	0.01374	0.09411	0.01185	0.00639	0.00681	0.00201	0.00882	0.00761	0.00321	0.00756
20	0.01426	0.01419	0.02118	0.22144	0.50888	0.08472	0.01660	0.01749	0.01309	0.01748	0.01071	0.01446	0.00881	0.00552	0.00575	0.00178	0.00742	0.00505	0.00287	0.00829
21	0.01318	0.01289	0.01894	0.01575	0.01667	0.01679	0.09022	0.05521	0.01057	0.01581	0.00960	0.04613	0.00931	0.00978	0.01633	0.00244	0.62497	0.00576	0.00294	0.00669
22	0.00861	0.00580	0.00662	0.00661	0.00669	0.00581	0.00381	0.00865	0.00856	0.01150	0.01812	0.03688	0.02065	0.75367	0.07054	0.00578	0.00618	0.00827	0.00354	0.00372
23	0.02022	0.02391	0.01669	0.01479	0.01744	0.57679	0.01137	0.09187	0.01621	0.01638	0.00940	0.01140	0.00790	0.00684	0.00752	0.00172	0.13515	0.00414	0.00324	0.00702
24	0.01333	0.00922	0.01068	0.00922	0.01183	0.00931	0.00724	0.20078	0.04110	0.08928	0.23926	0.04504	0.19247	0.01372	0.07837	0.00256	0.00521	0.00863	0.00575	0.00699
25	0.02155	0.01708	0.01702	0.01341	0.01777	0.09097	0.01090	0.63433	0.06366	0.03346	0.01402	0.01418	0.01017	0.00700	0.00579	0.00176	0.00668	0.00517	0.00554	0.00952
26	0.01443	0.01372	0.02293	0.03420	0.72880	0.01376	0.01727	0.01827	0.04414	0.01916	0.01157	0.01484	0.00968	0.00540	0.00579	0.00176	0.00679	0.00524	0.00306	0.00919
27	0.01877	0.39092	0.02291	0.01248	0.01646	0.37364	0.01055	0.06320	0.01485	0.01533	0.00901	0.01038	0.00777	0.00567	0.00461	0.00142	0.00818	0.00357	0.00298	0.00729
28	0.00767	0.00540	0.00686	0.00771	0.00810	0.00509	0.00505	0.00853	0.01105	0.01489	0.09714	0.55599	0.03576	0.18804	0.01212	0.00303	0.00385	0.01401	0.00509	0.00461
29	0.01122	0.01063	0.01815	0.74405	0.03901	0.01294	0.05211	0.01499	0.01172	0.01507	0.01052	0.01564	0.00795	0.00586	0.00589	0.00196	0.00781	0.00526	0.00266	0.00657
30	0.02198	0.01619	0.01733	0.01334	0.01792	0.01786	0.01098	0.74111	0.02700	0.03622	0.01400	0.01412	0.00999	0.00705	0.00584	0.00177	0.00638	0.00524	0.00581	0.00986
31	0.00727	0.00520	0.00685	0.00816	0.00852	0.00483	0.00544	0.00819	0.01113	0.01487	0.03171	0.79209	0.03797	0.01805	0.00741	0.00237	0.00342	0.01630	0.00540	0.00480
32	0.01340	0.01314	0.01715	0.01475	0.01519	0.04890	0.01216	0.05171	0.01022	0.01517	0.00862	0.01344	0.00827	0.01169	0.06012	0.00284	0.66876	0.00511	0.00282	0.00653
33	0.01117	0.00802	0.01043	0.05070	0.01369	0.00827	0.00918	0.05515	0.07640	0.04743	0.03811	0.05198	0.06565	0.04665	0.00833	0.00258	0.00532	0.47953	0.00530	0.00612
34	0.00727	0.00520	0.00685	0.00816	0.00852	0.00483	0.00544	0.00819	0.01113	0.01487	0.03171	0.79209	0.03797	0.01805	0.00741	0.00237	0.00342	0.01630	0.00540	0.00480
35	0.00727	0.00520	0.00685	0.00816	0.00852	0.00483	0.00544	0.00819	0.01113	0.01487	0.03171	0.79209	0.03797	0.01805	0.00741	0.00237	0.00342	0.01630	0.00540	0.00480
36	0.00904	0.00644	0.00891	0.01015	0.01134	0.00642	0.00868	0.01144	0.01277	0.01664	0.02967	0.10350	0.03251	0.05989	0.00906	0.00278	0.00517	0.64531	0.00517	0.00513
37	0.00811	0.00534	0.00714	0.00818	0.00879	0.00498	0.00566	0.00927	0.01139	0.05389	0.04309	0.68641	0.03627	0.03236	0.00767	0.00237	0.00354	0.05524	0.00538	0.00493
38	0.02183	0.00994	0.01244	0.00986	0.01375	0.00935	0.00804	0.10885	0.06479	0.51249	0.02299	0.02097	0.05268	0.00744	0.00561	0.00173	0.00467	0.00601	0.09762	0.00895
39	0.00762	0.00547	0.00713	0.00802	0.00864	0.00519	0.00550	0.03230	0.01227	0.01658	0.14283	0.65435	0.03940	0.01661	0.00716	0.00222	0.00332	0.01499	0.00547	0.00493
40	0.02035	0.02110	0.01537	0.01319	0.01652	0.43622	0.01023	0.26639	0.01938	0.02226	0.01155	0.01266	0.00895	0.00631	0.00522	0.00154	0.00813	0.00436	0.09274	0.00754
41	0.01193	0.01201	0.01752	0.61940	0.03483	0.08422	0.04291	0.01534	0.01178	0.01464	0.01034	0.02983	0.00822	0.00621	0.00658	0.00191	0.05805	0.00523	0.00264	0.00639
42	0.00795	0.00584	0.00744	0.00704	0.00845	0.00533	0.00528	0.01051	0.01584	0.02210	0.68186	0.04410	0.13292	0.01201	0.00675	0.00181	0.00272	0.01054	0.00619	0.00533
43	0.01666	0.01323	0.01410	0.01201	0.01565	0.01500	0.00953	0.22576	0.53026	0.05138	0.02064	0.01920	0.01524	0.00749	0.00579	0.00187	0.00502	0.00608	0.00583	0.00926
44	0.01474	0.00843	0.01058	0.00889	0.01179	0.00789	0.00700	0.04021	0.10314	0.24323	0.36850	0.02981	0.03266	0.00908	0.00610	0.00172	0.00379	0.00778	0.00620	0.07846
45	0.02149	0.01556	0.01657	0.04527	0.01822	0.05577	0.01077	0.57773	0.04426	0.11435	0.01456	0.01446	0.01022	0.00682	0.00570	0.00172	0.00635	0.00517	0.00560	0.00941
46	0.01324	0.01367	0.01775	0.09807	0.06910	0.08524	0.01308	0.01493	0.01001	0.01421	0.00813	0.01272	0.00761	0.00885	0.01526	0.00229	0.58184	0.00490	0.00257	0.00649
47	0.01242	0.01050	0.01216	0.00874	0.01379	0.00819	0.00701	0.05537	0.01270	0.01962	0.01037	0.01197	0.00854	0.00438	0.00432	0.00090	0.00435	0.00349	0.00352	0.78768
48	0.01010	0.00757	0.00891	0.00838	0.00909	0.00843	0.00573	0.04277	0.11419	0.01441	0.01774	0.06215	0.01861	0.48091	0.06115	0.03416	0.07928	0.00772	0.00382	0.00488
49	0.00797	0.00610	0.00752	0.00821	0.00972	0.00565	0.00672	0.00999	0.01308	0.01649	0.07339	0.11178	0.34093	0.01522	0.00733	0.00228	0.00402	0.34321	0.00533	0.00504
50	0.01397	0.01241	0.01378	0.04161	0.10724	0.05226	0.00993	0.03948	0.49431	0.02223	0.04511	0.02129	0.04007	0.00753	0.00572	0.00184	0.00503	0.00632	0.05149	0.00838
51	0.02124	0.01159	0.05576	0.01049	0.01524	0.00956	0.00903	0.08778	0.04385	0.47823	0.01856	0.01705	0.01233	0.00641	0.00542	0.00158	0.00505	0.00515	0.00589	0.17979
52	0.02034	0.00987	0.01229	0.00989	0.01366	0.00934	0.00801	0.09147	0.10693	0.46296	0.08363	0.02510	0.10366	0.00836	0.00595	0.00181	0.00456	0.00687	0.00653	0.00874
53	0.01553	0.77266	0.02944	0.00998	0.01480	0.05156	0.00984	0.01735	0.01180	0.01348	0.00799	0.00922	0.00734	0.00493	0.00373	0.00123	0.00628	0.00308	0.00247	0.00731
54	0.00726	0.00512	0.00663	0.00769	0.00799	0.00485	0.00505	0.00814	0.01060	0.01414	0.03982	0.63649	0.03495	0.15703	0.01119	0.00290	0.00374	0.02698	0.00499	0.00446
55	0.00847	0.00631	0.00916	0.00989	0.01105	0.00611	0.03826	0.01059	0.01257	0.01660	0.07724	0.32664	0.04513	0.01583	0.00754	0.00243	0.00454	0.38124	0.00525	0.00515
56	0.01183	0.10203	0.70004	0.01569	0.02381	0.01416	0.02007	0.01802	0.01203	0.01768	0.01005	0.01180	0.00725	0.00538	0.00527	0.00176	0.00823	0.00412	0.00242	0.00835
57	0.02447	0.00987	0.01318	0.01018	0.01444	0.00876	0.00838	0.06714	0.01695	0.68496	0.06296	0.02044	0.01612	0.00732	0.00581	0.00177	0.00483	0.00597	0.00696	0.00949
58	0.06601	0.01748	0.01662	0.01341	0.01713	0.19345	0.04667	0.40976	0.02066	0.03924	0.01224	0.01412	0.00950	0.05051	0.00746	0.00193	0.04611	0.00495	0.00455	0.00819
59	0.01245	0.01316	0.02571	0.30046	0.06270	0.01408	0.37762	0.01650	0.01227	0.01655	0.01064	0.01503	0.00820	0.00566	0.00749	0.00197	0.08375	0.00591	0.00273	0.00714
60	0.00739	0.00553	0.00790	0.00872	0.00935	0.00518	0.03642	0.00862	0.01117	0.01485	0.03083	0.69650	0.04820	0.03066	0.00768	0.00237	0.00372	0.05493	0.00517	0.00479
61	0.01055	0.00602	0.00666	0.04916	0.00917	0.00619	0.00512	0.03875	0.01238	0.02046	0.02075	0.06283	0.05718	0.00916	0.03689	0.00179	0.00365	0.00629	0.63151	0.00547
62	0.01916	0.01492	0.01592	0.08466	0.01858	0.05791	0.01061	0.55490	0.02292	0.03022	0.01417	0.04799	0.01133	0.06143	0.00736	0.00201	0.00647	0.00574	0.00510	0.00860
63	0.01286	0.00763	0.01125	0.01100	0.01316	0.00726	0.04936	0.01539	0.01370	0.18079	0.02766	0.11203	0.02788	0.01346	0.00732	0.00238	0.00526	0.46974	0.00553	0.00633
64	0.01560	0.76256	0.02927	0.01004	0.01484	0.06138	0.00985	0.01742	0.01186	0.01349	0.00800	0.00923	0.00734	0.00495	0.00375	0.00124	0.00633	0.00309	0.00247	0.00730
65	0.05111	0.01496	0.01624	0.01255	0.01703	0.01632	0.01035	0.60823	0.04887	0.12369	0.01491	0.01452	0.01039	0.00687	0.00565	0.00173	0.00600	0.00519	0.00581	0.00958
66	0.01411	0.01433	0.04845	0.03154	0.64219	0.04512	0.01670	0.01792	0.03745	0.01856	0.01209	0.01677	0.01044	0.00579	0.00575	0.00175	0.00685	0.04241	0.00305	0.00874
67	0.07282	0.00994	0.01297	0.01010	0.01441	0.00897	0.00831	0.02736	0.05422	0.68516	0.02175	0.01897	0.01386	0.00701	0.00563	0.00178	0.00482	0.00563	0.00681	0.00949
