[name]
unknown

[dist]
# distance from previous block
# <min> <max>
0	158

[block]
# block no. 0 follows, 40 sequences, length 42
# corresponding to MSA columns:
# 159-200
name=unknown_A
#
# <colnr> <probs for GDERKNQSTAVLIFYWHMCP>
#	G	D	E	R	K	N	Q	S	T	A	V	L	I	F	Y	W	H	M	C	P
0	0.01177	0.02933	0.72735	0.01699	0.02544	0.01357	0.05888	0.01843	0.01235	0.01843	0.01051	0.01246	0.00744	0.00549	0.00559	0.00185	0.00866	0.00443	0.00248	0.00856
1	0.00909	0.00664	0.00886	0.00964	0.01104	0.00656	0.00805	0.01220	0.04507	0.01874	0.18823	0.10197	0.07199	0.01488	0.00760	0.00241	0.00453	0.46139	0.00561	0.00549
2	0.01210	0.07276	0.55808	0.01732	0.02488	0.01397	0.15214	0.01801	0.01247	0.01804	0.01135	0.04210	0.00881	0.00586	0.00573	0.00185	0.00848	0.00516	0.00266	0.00824
3	0.01010	0.00505	0.00758	0.00758	0.00758	0.00505	0.00505	0.00758	0.00758	0.01010	0.01010	0.01768	0.01010	0.02020	0.02273	0.83081	0.00505	0.00505	0.00253	0.00253
4	0.00846	0.00564	0.00634	0.00634	0.00634	0.00564	0.00352	0.00846	0.00846	0.01128	0.01832	0.03805	0.02114	0.79563	0.02960	0.00564	0.00564	0.00846	0.00352	0.00352
5	0.06779	0.02564	0.01613	0.01441	0.01760	0.65373	0.01094	0.09478	0.01720	0.01715	0.00944	0.01078	0.00766	0.00606	0.00521	0.00154	0.00974	0.00386	0.00331	0.00703
6	0.01373	0.01474	0.02058	0.12468	0.02224	0.13136	0.19230	0.01634	0.01189	0.01562	0.01103	0.05783	0.00992	0.00794	0.01086	0.00210	0.29196	0.00599	0.03220	0.00668
7	0.00831	0.00623	0.00935	0.00935	0.01038	0.00727	0.00727	0.01038	0.00935	0.01350	0.01558	0.02285	0.01454	0.04361	0.77259	0.00935	0.01558	0.00623	0.00312	0.00519
8	0.01439	0.01382	0.02360	0.03569	0.75936	0.01382	0.01785	0.01785	0.01324	0.01900	0.01094	0.01439	0.00921	0.00518	0.00576	0.00173	0.00691	0.00518	0.00288	0.00921
9	0.01393	0.01334	0.02276	0.13794	0.66077	0.01369	0.01761	0.01744	0.01302	0.01843	0.01086	0.01454	0.00901	0.00527	0.00576	0.00176	0.00702	0.00518	0.00284	0.00883
10	0.02211	0.01629	0.01745	0.01338	0.01803	0.01803	0.01105	0.73997	0.02734	0.03665	0.01396	0.01396	0.00989	0.00698	0.00582	0.00175	0.00640	0.00524	0.00582	0.00989
11	0.00709	0.00506	0.00675	0.00810	0.00843	0.00472	0.00540	0.00810	0.01113	0.01484	0.03205	0.79184	0.03846	0.01822	0.00742	0.00236	0.00337	0.01653	0.00540	0.00472
12	0.02568	0.00999	0.01348	0.01040	0.01485	0.00876	0.00857	0.02843	0.04265	0.73713	0.02297	0.01986	0.01451	0.00722	0.00585	0.00181	0.00494	0.00587	0.00715	0.00987
13	0.01528	0.01318	0.01348	0.01190	0.01528	0.03964	0.00931	0.10755	0.61996	0.02504	0.02334	0.02167	0.04224	0.00796	0.00592	0.00193	0.00494	0.00653	0.00579	0.00905
14	0.00833	0.00615	0.00892	0.00892	0.00981	0.00704	0.00673	0.01011	0.00922	0.01318	0.01597	0.02502	0.01548	0.15093	0.66656	0.00882	0.01416	0.00655	0.00317	0.00495
15	0.00937	0.00669	0.00937	0.01071	0.01205	0.00669	0.00937	0.01205	0.01339	0.01740	0.03079	0.06560	0.03347	0.01606	0.00803	0.00268	0.00535	0.72021	0.00535	0.00535
16	0.01110	0.01046	0.01766	0.75573	0.06505	0.01295	0.01621	0.01496	0.01168	0.01500	0.01036	0.01547	0.00780	0.00579	0.00581	0.00193	0.00772	0.00517	0.00259	0.00656
17	0.02159	0.01589	0.01700	0.01312	0.01764	0.01759	0.01081	0.70081	0.04630	0.03590	0.01436	0.01438	0.01024	0.00700	0.00577	0.00174	0.00625	0.00528	0.02858	0.00975
18	0.00714	0.00518	0.00674	0.00788	0.00840	0.00478	0.00533	0.00829	0.01162	0.01542	0.07794	0.68904	0.09564	0.01756	0.00735	0.00230	0.00330	0.01583	0.00546	0.00478
19	0.83671	0.01125	0.00855	0.00765	0.01125	0.01305	0.00630	0.01709	0.00990	0.02609	0.00810	0.00945	0.00630	0.00540	0.00360	0.00180	0.00450	0.00315	0.00360	0.00630
20	0.81357	0.01122	0.00880	0.02934	0.01205	0.01304	0.00657	0.01703	0.00995	0.02578	0.00816	0.00962	0.00634	0.00541	0.00366	0.00180	0.00459	0.00321	0.00357	0.00630
21	0.06776	0.50982	0.11962	0.02769	0.01748	0.04657	0.05257	0.01780	0.01198	0.03067	0.00895	0.01061	0.00761	0.00542	0.00502	0.00149	0.04505	0.00369	0.00270	0.00750
22	0.04209	0.05837	0.71002	0.01600	0.02427	0.01385	0.02049	0.01833	0.01217	0.01852	0.01026	0.01206	0.00733	0.00550	0.00539	0.00182	0.00835	0.00421	0.00250	0.00847
23	0.79421	0.01151	0.00901	0.00795	0.01160	0.01331	0.00655	0.05481	0.01081	0.02664	0.00840	0.00968	0.00649	0.00548	0.00371	0.00180	0.00460	0.00326	0.00371	0.00649
24	0.00714	0.00511	0.00680	0.00806	0.00845	0.00476	0.00540	0.00825	0.01141	0.01529	0.06984	0.75279	0.03932	0.01789	0.00739	0.00233	0.00334	0.01622	0.00545	0.00476
25	0.01555	0.79913	0.03047	0.00995	0.01493	0.02301	0.00995	0.01741	0.01182	0.01368	0.00808	0.00933	0.00746	0.00498	0.00373	0.00124	0.00622	0.00311	0.00249	0.00746
26	0.00700	0.00582	0.00611	0.00619	0.00797	0.00494	0.00459	0.00853	0.01332	0.01623	0.11132	0.11804	0.64033	0.01480	0.00692	0.00199	0.00297	0.01250	0.00548	0.00494
27	0.01446	0.01249	0.01315	0.01183	0.01512	0.01446	0.00920	0.03090	0.74885	0.02433	0.02367	0.02170	0.01775	0.00789	0.00592	0.00197	0.00460	0.00657	0.00592	0.00920
28	0.01373	0.01569	0.03431	0.02451	0.03039	0.01471	0.73824	0.01863	0.01373	0.01863	0.01176	0.01569	0.00882	0.00490	0.00686	0.00196	0.00980	0.00686	0.00294	0.00784
29	0.01555	0.79913	0.03047	0.00995	0.01493	0.02301	0.00995	0.01741	0.01182	0.01368	0.00808	0.00933	0.00746	0.00498	0.00373	0.00124	0.00622	0.00311	0.00249	0.00746
30	0.00908	0.00658	0.00897	0.01008	0.01148	0.00646	0.00870	0.01166	0.01357	0.01763	0.07935	0.06336	0.09683	0.01568	0.00786	0.00256	0.00498	0.61440	0.00543	0.00532
31	0.01439	0.01382	0.02360	0.03569	0.75936	0.01382	0.01785	0.01785	0.01324	0.01900	0.01094	0.01439	0.00921	0.00518	0.00576	0.00173	0.00691	0.00518	0.00288	0.00921
32	0.01206	0.01034	0.01206	0.00861	0.01378	0.00775	0.00689	0.01464	0.01206	0.01895	0.01034	0.01206	0.00861	0.00431	0.00431	0.00086	0.00431	0.00345	0.00345	0.83118
33	0.01206	0.01034	0.01206	0.00861	0.01378	0.00775	0.00689	0.01464	0.01206	0.01895	0.01034	0.01206	0.00861	0.00431	0.00431	0.00086	0.00431	0.00345	0.00345	0.83118
34	0.01439	0.01382	0.02360	0.03569	0.75936	0.01382	0.01785	0.01785	0.01324	0.01900	0.01094	0.01439	0.00921	0.00518	0.00576	0.00173	0.00691	0.00518	0.00288	0.00921
35	0.02209	0.01685	0.01740	0.01346	0.01803	0.05511	0.01106	0.70473	0.02681	0.03555	0.01372	0.01379	0.00977	0.00693	0.00579	0.00173	0.00660	0.00516	0.00568	0.00973
36	0.00709	0.00506	0.00675	0.00810	0.00843	0.00472	0.00540	0.00810	0.01113	0.01484	0.03205	0.79184	0.03846	0.01822	0.00742	0.00236	0.00337	0.01653	0.00540	0.00472
37	0.00831	0.00623	0.00935	0.00935	0.01038	0.00727	0.00727	0.01038	0.00935	0.01350	0.01558	0.02285	0.01454	0.04361	0.77259	0.00935	0.01558	0.00623	0.00312	0.00519
38	0.00692	0.00589	0.00596	0.00594	0.00789	0.00493	0.00446	0.00844	0.01337	0.01599	0.08450	0.05550	0.73123	0.01462	0.00687	0.00196	0.00294	0.01221	0.00544	0.00493
39	0.01178	0.02927	0.72420	0.01702	0.02546	0.01357	0.06197	0.01843	0.01236	0.01843	0.01051	0.01247	0.00745	0.00549	0.00560	0.00185	0.00866	0.00444	0.00248	0.00855
40	0.01142	0.00825	0.01003	0.00946	0.01107	0.00738	0.00687	0.01322	0.01812	0.02578	0.72321	0.04612	0.05550	0.01361	0.00808	0.00238	0.00388	0.01121	0.00728	0.00710
41	0.01437	0.01261	0.01923	0.72368	0.04027	0.01460	0.01687	0.03828	0.01399	0.01837	0.01348	0.01950	0.01073	0.00786	0.00709	0.00248	0.00861	0.00613	0.00375	0.00812

[dist]
# distance from previous block
# <min> <max>
2	47

# created by:
# /software/SequenceAnalysis/GenePrediction/augustus/3.0.1/scripts/msa2prfl.pl ./fixed/BUSCOvEOG708PPX.fas
