[name]
unknown

[dist]
# distance from previous block
# <min> <max>
1	258

[block]
# block no. 0 follows, 41 sequences, length 25
# corresponding to MSA columns:
# 299-323
name=unknown_A
#
# <colnr> <probs for GDERKNQSTAVLIFYWHMCP>
#	G	D	E	R	K	N	Q	S	T	A	V	L	I	F	Y	W	H	M	C	P
0	0.00708	0.00566	0.00617	0.00630	0.00777	0.00493	0.00453	0.00848	0.01268	0.01580	0.13091	0.15749	0.51175	0.08404	0.00881	0.00229	0.00317	0.01214	0.00526	0.00475
1	0.01051	0.00700	0.00838	0.00748	0.00924	0.00617	0.00509	0.01154	0.01043	0.08055	0.01890	0.16934	0.02019	0.38059	0.01663	0.00341	0.00474	0.00829	0.00411	0.21740
2	0.40518	0.01110	0.01186	0.08319	0.08092	0.01231	0.00872	0.12963	0.01398	0.02503	0.13247	0.01650	0.01501	0.00659	0.00481	0.00175	0.00494	0.00497	0.00417	0.02686
3	0.00697	0.00498	0.00664	0.00796	0.00830	0.00465	0.00531	0.00796	0.01095	0.01460	0.03153	0.79525	0.03783	0.01792	0.00730	0.00232	0.00332	0.01626	0.00531	0.00465
4	0.01352	0.01282	0.02114	0.17691	0.55826	0.01348	0.01648	0.01813	0.07816	0.01837	0.01175	0.01500	0.00953	0.00545	0.00569	0.00176	0.00675	0.00522	0.00304	0.00854
5	0.75327	0.01092	0.00892	0.00780	0.01144	0.01236	0.00643	0.01798	0.01044	0.10415	0.00951	0.01037	0.00704	0.00550	0.00377	0.00177	0.00447	0.00338	0.00391	0.00657
6	0.00864	0.00675	0.00981	0.00955	0.01037	0.00811	0.00739	0.01042	0.00907	0.01314	0.01473	0.02274	0.01416	0.10629	0.63006	0.00816	0.09628	0.00620	0.00304	0.00508
7	0.00929	0.00611	0.00803	0.00740	0.00896	0.00560	0.00560	0.01196	0.01620	0.07359	0.71008	0.04114	0.05126	0.01138	0.00668	0.00180	0.00285	0.01003	0.00635	0.00569
8	0.09795	0.01041	0.01318	0.01020	0.01456	0.00963	0.00843	0.09024	0.01671	0.63639	0.02048	0.01805	0.01306	0.00690	0.00555	0.00177	0.00495	0.00546	0.00664	0.00942
9	0.01567	0.02379	0.52766	0.01461	0.02179	0.01256	0.01728	0.08518	0.01439	0.19266	0.01341	0.01393	0.00906	0.00594	0.00553	0.00179	0.00743	0.00466	0.00379	0.00886
10	0.01080	0.01017	0.01716	0.78523	0.03940	0.01271	0.01589	0.01461	0.01144	0.01461	0.01017	0.01525	0.00762	0.00572	0.00572	0.00191	0.00762	0.00508	0.00254	0.00635
11	0.01297	0.01260	0.02212	0.28668	0.45411	0.01337	0.08171	0.01663	0.01253	0.01728	0.01063	0.01464	0.00854	0.00528	0.00578	0.00179	0.00733	0.00524	0.00274	0.00803
12	0.83938	0.01106	0.00841	0.00752	0.01106	0.01283	0.00619	0.01681	0.00973	0.02566	0.00796	0.00929	0.00619	0.00531	0.00354	0.00177	0.00442	0.00310	0.00354	0.00619
13	0.01147	0.02959	0.76934	0.01630	0.02476	0.01328	0.02113	0.01811	0.01208	0.01811	0.01026	0.01208	0.00725	0.00543	0.00543	0.00181	0.00845	0.00423	0.00242	0.00845
14	0.01080	0.01017	0.01716	0.78523	0.03940	0.01271	0.01589	0.01461	0.01144	0.01461	0.01017	0.01525	0.00762	0.00572	0.00572	0.00191	0.00762	0.00508	0.00254	0.00635
15	0.01197	0.12939	0.67386	0.01546	0.02346	0.01449	0.01967	0.01799	0.01202	0.01751	0.00997	0.01170	0.00726	0.00536	0.00521	0.00174	0.00815	0.00408	0.00242	0.00831
16	0.01161	0.05832	0.74186	0.01606	0.02438	0.01363	0.02071	0.01808	0.01206	0.01794	0.01018	0.01197	0.00725	0.00541	0.00537	0.00179	0.00837	0.00418	0.00242	0.00841
17	0.00898	0.00641	0.00894	0.01026	0.01147	0.00638	0.00880	0.01144	0.01293	0.01685	0.03042	0.14185	0.03344	0.01603	0.00784	0.00260	0.00506	0.64982	0.00527	0.00520
18	0.01350	0.01543	0.03375	0.02411	0.02989	0.01446	0.74253	0.01832	0.01350	0.01832	0.01157	0.01543	0.00868	0.00482	0.00675	0.00193	0.00964	0.00675	0.00289	0.00771
19	0.01529	0.80242	0.02997	0.00979	0.01468	0.02263	0.00979	0.01713	0.01162	0.01346	0.00795	0.00918	0.00734	0.00489	0.00367	0.00122	0.00612	0.00306	0.00245	0.00734
20	0.02566	0.00973	0.01327	0.01018	0.01460	0.00841	0.00841	0.02788	0.01637	0.76726	0.02257	0.01947	0.01416	0.00708	0.00575	0.00177	0.00487	0.00575	0.00708	0.00973
21	0.01251	0.01251	0.01752	0.01502	0.01502	0.01752	0.01251	0.01377	0.00876	0.01377	0.00751	0.01251	0.00751	0.01001	0.01877	0.00250	0.78851	0.00501	0.00250	0.00626
22	0.00874	0.00653	0.00821	0.00767	0.00922	0.00633	0.00578	0.01287	0.09416	0.02304	0.68229	0.04046	0.05011	0.01128	0.00665	0.00181	0.00289	0.00993	0.00625	0.00578
23	0.00693	0.00561	0.00615	0.00642	0.00793	0.00484	0.00466	0.00838	0.01284	0.01592	0.11454	0.22482	0.53093	0.01503	0.00688	0.00201	0.00298	0.01288	0.00540	0.00484
24	0.00751	0.00512	0.00667	0.00786	0.00837	0.00485	0.00544	0.00880	0.01121	0.01548	0.03008	0.66361	0.03504	0.01658	0.00699	0.00224	0.00338	0.06333	0.09266	0.00476

[dist]
# distance from previous block
# <min> <max>
8	10

[block]
# block no. 1 follows, 41 sequences, length 23
# corresponding to MSA columns:
# 334-356
name=unknown_B
#
# <colnr> <probs for GDERKNQSTAVLIFYWHMCP>
#	G	D	E	R	K	N	Q	S	T	A	V	L	I	F	Y	W	H	M	C	P
0	0.01574	0.01241	0.01390	0.01056	0.01522	0.01141	0.00843	0.27015	0.01750	0.02512	0.01328	0.05666	0.01118	0.00639	0.00523	0.00137	0.00515	0.00495	0.00455	0.49080
1	0.06719	0.01510	0.01614	0.01258	0.01709	0.01617	0.01024	0.55262	0.06642	0.05892	0.01455	0.01486	0.01064	0.00701	0.00574	0.00177	0.00604	0.00516	0.00562	0.09613
2	0.06015	0.05111	0.01562	0.01244	0.01541	0.03505	0.09406	0.24421	0.01681	0.02309	0.01968	0.30227	0.02013	0.01095	0.00679	0.00206	0.02673	0.00934	0.00493	0.02916
3	0.00934	0.00635	0.00755	0.00768	0.00918	0.00558	0.00553	0.01069	0.01348	0.07829	0.16200	0.32134	0.31079	0.01504	0.00715	0.00216	0.00344	0.01294	0.00583	0.00563
4	0.01326	0.01015	0.01084	0.00955	0.01245	0.01079	0.00747	0.15356	0.28295	0.05630	0.03265	0.06889	0.25185	0.01015	0.00609	0.00188	0.00421	0.00840	0.04105	0.00749
5	0.04740	0.01129	0.01870	0.51471	0.26706	0.01299	0.01600	0.01564	0.01187	0.01638	0.01026	0.01465	0.00802	0.00550	0.00561	0.00183	0.00723	0.00500	0.00268	0.00720
6	0.00913	0.00709	0.00884	0.00771	0.01010	0.00600	0.00582	0.01155	0.01410	0.02043	0.42298	0.13636	0.03737	0.01019	0.00603	0.00157	0.00327	0.00896	0.00524	0.26726
7	0.02333	0.01348	0.01559	0.01196	0.01647	0.01397	0.00988	0.45484	0.02264	0.33144	0.01730	0.01605	0.01152	0.00695	0.00573	0.00174	0.00572	0.00539	0.00627	0.00973
8	0.00954	0.00815	0.01183	0.01103	0.01173	0.01043	0.00885	0.01134	0.00906	0.01343	0.01285	0.01932	0.01215	0.03250	0.53680	0.00708	0.25979	0.00577	0.00289	0.00547
9	0.00825	0.00564	0.00668	0.00654	0.00697	0.00550	0.00408	0.00910	0.01081	0.01484	0.25271	0.03911	0.03128	0.55006	0.02204	0.00436	0.00465	0.00896	0.00436	0.00408
10	0.02203	0.01095	0.01642	0.01806	0.25132	0.01005	0.01130	0.02461	0.01531	0.53058	0.01883	0.01779	0.01255	0.00645	0.00572	0.00175	0.00548	0.00554	0.00574	0.00952
11	0.00774	0.00557	0.00733	0.00744	0.00847	0.00516	0.00537	0.00990	0.01453	0.02030	0.52987	0.28066	0.04887	0.01366	0.00692	0.00196	0.00289	0.01221	0.00598	0.00516
12	0.01256	0.00886	0.00969	0.00843	0.00987	0.00940	0.00581	0.24099	0.01419	0.01898	0.01667	0.02994	0.01730	0.54853	0.02172	0.00433	0.00578	0.00732	0.00418	0.00545
13	0.01733	0.55378	0.02592	0.01085	0.01565	0.02109	0.01013	0.24702	0.01645	0.02060	0.00978	0.01062	0.00810	0.00552	0.00432	0.00138	0.00617	0.00372	0.00348	0.00810
14	0.55873	0.00930	0.00815	0.00741	0.01021	0.01032	0.00593	0.01478	0.01191	0.02474	0.26196	0.02058	0.02232	0.00746	0.00462	0.00178	0.00384	0.00554	0.00447	0.00593
15	0.01076	0.01013	0.01408	0.01279	0.01289	0.01345	0.01024	0.01193	0.00945	0.01403	0.01510	0.26000	0.01710	0.01251	0.01514	0.00245	0.54025	0.00856	0.00339	0.00575
16	0.57774	0.01078	0.00950	0.00782	0.01185	0.01119	0.00638	0.01605	0.01041	0.02344	0.00866	0.01010	0.00691	0.00497	0.00376	0.00148	0.00437	0.00319	0.00349	0.26791
17	0.83938	0.01106	0.00841	0.00752	0.01106	0.01283	0.00619	0.01681	0.00973	0.02566	0.00796	0.00929	0.00619	0.00531	0.00354	0.00177	0.00442	0.00310	0.00354	0.00619
18	0.01027	0.00675	0.00754	0.00693	0.00926	0.00592	0.00534	0.01271	0.05062	0.13580	0.12836	0.04638	0.52753	0.01267	0.00655	0.00189	0.00327	0.01060	0.00573	0.00588
19	0.00959	0.00853	0.01383	0.53948	0.02956	0.01016	0.01254	0.01251	0.01128	0.01461	0.01692	0.26187	0.01718	0.00958	0.00622	0.00204	0.00626	0.00862	0.00342	0.00581
20	0.02238	0.26036	0.01855	0.01005	0.01463	0.01290	0.00884	0.02448	0.01487	0.52893	0.01795	0.01621	0.01200	0.00639	0.00509	0.00160	0.00526	0.00490	0.00561	0.00898
21	0.01824	0.01264	0.01342	0.01069	0.01424	0.01382	0.00870	0.51314	0.02218	0.03139	0.01529	0.01613	0.01129	0.00680	0.00518	0.00160	0.00515	0.00521	0.26657	0.00834
22	0.01124	0.01084	0.01691	0.18351	0.30745	0.02901	0.05809	0.01415	0.01280	0.01667	0.02556	0.02730	0.24643	0.00820	0.00608	0.00183	0.00600	0.00737	0.00356	0.00701

[dist]
# distance from previous block
# <min> <max>
2	24

[block]
# block no. 2 follows, 41 sequences, length 12
# corresponding to MSA columns:
# 381-392
name=unknown_C
#
# <colnr> <probs for GDERKNQSTAVLIFYWHMCP>
#	G	D	E	R	K	N	Q	S	T	A	V	L	I	F	Y	W	H	M	C	P
0	0.07637	0.01330	0.14892	0.01025	0.01463	0.01004	0.00972	0.13405	0.01573	0.19951	0.06101	0.02611	0.20053	0.00856	0.00575	0.00177	0.00509	0.00687	0.00510	0.04667
1	0.02165	0.01890	0.01692	0.01356	0.01772	0.21178	0.01092	0.55963	0.02416	0.03041	0.01248	0.01286	0.00912	0.00662	0.00558	0.00165	0.00732	0.00477	0.00501	0.00894
2	0.00850	0.00595	0.00744	0.00735	0.00883	0.00538	0.00555	0.01064	0.01451	0.05326	0.40608	0.14911	0.21674	0.01330	0.00687	0.00196	0.00312	0.06416	0.00589	0.00535
3	0.01516	0.27728	0.35019	0.01344	0.01981	0.01738	0.01501	0.19068	0.01546	0.02087	0.01034	0.01153	0.00787	0.00560	0.00493	0.00160	0.00718	0.00407	0.00321	0.00840
4	0.01227	0.01117	0.01836	0.02640	0.52781	0.01103	0.01376	0.01545	0.01401	0.02001	0.24462	0.02307	0.02307	0.00715	0.00600	0.00173	0.00552	0.00673	0.00391	0.00792
5	0.01151	0.00786	0.00952	0.00955	0.01131	0.00812	0.00714	0.01732	0.23300	0.10488	0.02791	0.40740	0.02856	0.01344	0.00673	0.00217	0.00404	0.07727	0.00566	0.00661
6	0.00745	0.00563	0.00691	0.00723	0.00846	0.00510	0.00532	0.00929	0.01355	0.01793	0.29296	0.26210	0.25900	0.01458	0.00699	0.00205	0.00311	0.06169	0.00565	0.00500
7	0.01564	0.01384	0.02119	0.10269	0.51552	0.01449	0.01580	0.19029	0.01617	0.02243	0.01141	0.01416	0.00908	0.00558	0.00568	0.00172	0.00676	0.00511	0.00349	0.00896
8	0.01136	0.00971	0.01623	0.42851	0.19733	0.01107	0.01367	0.01358	0.01085	0.01443	0.01025	0.01551	0.00850	0.00895	0.00967	0.19988	0.00680	0.00506	0.00259	0.00605
9	0.20900	0.00768	0.00715	0.00657	0.00873	0.00826	0.00515	0.08136	0.01283	0.02371	0.01566	0.01776	0.01219	0.00636	0.00405	0.00147	0.00342	0.00478	0.55793	0.00594
10	0.00736	0.00536	0.00715	0.00795	0.00852	0.00534	0.00551	0.00855	0.01043	0.01402	0.02824	0.49066	0.08040	0.09545	0.19237	0.00423	0.00635	0.01283	0.00461	0.00466
11	0.00729	0.00511	0.00654	0.00755	0.00781	0.00486	0.00487	0.00805	0.01032	0.01377	0.02831	0.61482	0.03377	0.20389	0.01249	0.00309	0.00385	0.01437	0.00487	0.00436

[dist]
# distance from previous block
# <min> <max>
0	3

[block]
# block no. 3 follows, 41 sequences, length 15
# corresponding to MSA columns:
# 396-410
name=unknown_D
#
# <colnr> <probs for GDERKNQSTAVLIFYWHMCP>
#	G	D	E	R	K	N	Q	S	T	A	V	L	I	F	Y	W	H	M	C	P
0	0.01391	0.55811	0.02602	0.24892	0.02230	0.01957	0.01167	0.01635	0.01157	0.01381	0.00863	0.01105	0.00743	0.00515	0.00430	0.00143	0.00658	0.00368	0.00248	0.00704
1	0.26987	0.01188	0.01175	0.01033	0.01380	0.01351	0.00820	0.05718	0.43677	0.08080	0.01809	0.01715	0.01340	0.00691	0.00511	0.00187	0.00460	0.00532	0.00521	0.00825
2	0.00784	0.00562	0.00610	0.00610	0.00670	0.00532	0.00374	0.00828	0.00977	0.01244	0.03033	0.04286	0.24905	0.55706	0.02222	0.00443	0.00473	0.00948	0.00404	0.00389
3	0.01598	0.01381	0.02042	0.14408	0.42169	0.01473	0.01524	0.24119	0.01706	0.02341	0.01158	0.01419	0.00904	0.00574	0.00569	0.00174	0.00677	0.00511	0.00368	0.00885
4	0.01307	0.01415	0.02661	0.02011	0.02335	0.01581	0.42153	0.01632	0.01142	0.01632	0.00979	0.01415	0.00816	0.00710	0.01204	0.00218	0.35212	0.00598	0.00272	0.00707
5	0.01654	0.01344	0.01424	0.01211	0.01576	0.01531	0.00961	0.25052	0.52906	0.02767	0.02034	0.01899	0.01508	0.00748	0.00579	0.00187	0.00507	0.00606	0.00579	0.00926
6	0.01273	0.55651	0.02278	0.00923	0.01271	0.01709	0.00841	0.01430	0.01142	0.01381	0.01522	0.25158	0.01674	0.00891	0.00479	0.00156	0.00525	0.00713	0.00333	0.00651
7	0.26678	0.02387	0.53469	0.01360	0.02053	0.01314	0.01653	0.01771	0.01135	0.02044	0.00956	0.01122	0.00692	0.00540	0.00485	0.00180	0.00721	0.00388	0.00276	0.00776
8	0.01328	0.21893	0.34983	0.01322	0.01917	0.01593	0.01455	0.02165	0.24044	0.01873	0.01370	0.01420	0.01042	0.00602	0.00511	0.00170	0.00665	0.00462	0.00347	0.00836
9	0.00832	0.00555	0.00624	0.00624	0.00624	0.00555	0.00347	0.00832	0.00832	0.01109	0.01802	0.03743	0.02080	0.79898	0.02911	0.00555	0.00555	0.00832	0.00347	0.00347
10	0.00697	0.00498	0.00664	0.00796	0.00830	0.00465	0.00531	0.00796	0.01095	0.01460	0.03153	0.79525	0.03783	0.01792	0.00730	0.00232	0.00332	0.01626	0.00531	0.00465
11	0.01387	0.01330	0.02270	0.09870	0.70193	0.01352	0.01741	0.01731	0.01289	0.01834	0.01071	0.01425	0.00894	0.00515	0.00567	0.00172	0.00687	0.00510	0.00281	0.00883
12	0.26830	0.01368	0.02350	0.01963	0.11205	0.01384	0.38679	0.01844	0.05350	0.02094	0.01101	0.01371	0.00845	0.00517	0.00558	0.00185	0.00740	0.00541	0.00325	0.00748
13	0.01990	0.00827	0.01123	0.00949	0.01266	0.00725	0.00745	0.02174	0.01470	0.53516	0.02533	0.25870	0.02146	0.01042	0.00623	0.00194	0.00439	0.00899	0.00653	0.00817
14	0.27407	0.01419	0.01428	0.01128	0.01553	0.01577	0.00931	0.48527	0.02109	0.06821	0.01238	0.01264	0.00885	0.00640	0.00505	0.00174	0.00565	0.00455	0.00511	0.00864

[dist]
# distance from previous block
# <min> <max>
0	4

[block]
# block no. 4 follows, 41 sequences, length 7
# corresponding to MSA columns:
# 415-421
name=unknown_E
#
# <colnr> <probs for GDERKNQSTAVLIFYWHMCP>
#	G	D	E	R	K	N	Q	S	T	A	V	L	I	F	Y	W	H	M	C	P
0	0.01918	0.00879	0.01180	0.01018	0.01344	0.00808	0.00851	0.05707	0.01594	0.44894	0.08641	0.03433	0.02278	0.01001	0.00646	0.00202	0.00487	0.21669	0.00642	0.00806
1	0.00994	0.00497	0.00745	0.00745	0.00745	0.00497	0.00497	0.00745	0.00745	0.00994	0.00994	0.01739	0.00994	0.01987	0.02235	0.83358	0.00497	0.00497	0.00248	0.00248
2	0.01205	0.01107	0.01836	0.02716	0.54219	0.01097	0.01397	0.01475	0.01242	0.01749	0.01684	0.24290	0.01749	0.00885	0.00614	0.00188	0.00578	0.00837	0.00356	0.00777
3	0.01718	0.57212	0.02622	0.01078	0.01558	0.02120	0.01010	0.23006	0.01609	0.02007	0.00964	0.01051	0.00804	0.00547	0.00427	0.00137	0.00617	0.00367	0.00341	0.00804
4	0.83938	0.01106	0.00841	0.00752	0.01106	0.01283	0.00619	0.01681	0.00973	0.02566	0.00796	0.00929	0.00619	0.00531	0.00354	0.00177	0.00442	0.00310	0.00354	0.00619
5	0.02159	0.01310	0.01482	0.01155	0.01575	0.01379	0.00948	0.43779	0.05837	0.24835	0.01720	0.01643	0.01182	0.00696	0.00559	0.00171	0.00548	0.00541	0.07548	0.00933
6	0.01243	0.01040	0.01139	0.01034	0.01302	0.01164	0.00798	0.02465	0.53720	0.02364	0.23912	0.02760	0.02815	0.00891	0.00609	0.00190	0.00399	0.00760	0.00596	0.00798

[dist]
# distance from previous block
# <min> <max>
0	6

[block]
# block no. 5 follows, 41 sequences, length 9
# corresponding to MSA columns:
# 428-436
name=unknown_F
#
# <colnr> <probs for GDERKNQSTAVLIFYWHMCP>
#	G	D	E	R	K	N	Q	S	T	A	V	L	I	F	Y	W	H	M	C	P
0	0.02449	0.01162	0.01444	0.01107	0.01554	0.01120	0.00914	0.24229	0.01952	0.54840	0.01992	0.01775	0.01283	0.00702	0.00574	0.00175	0.00529	0.00557	0.00667	0.00973
1	0.01589	0.01289	0.01364	0.01163	0.01517	0.01454	0.00923	0.24230	0.47716	0.02689	0.02316	0.02173	0.07392	0.00802	0.00587	0.00187	0.00493	0.00652	0.00575	0.00892
2	0.00989	0.00549	0.00602	0.00589	0.00723	0.00535	0.00442	0.01257	0.01325	0.02181	0.24063	0.02773	0.02643	0.00817	0.00482	0.00147	0.00268	0.00683	0.58397	0.00535
3	0.00973	0.00767	0.00901	0.00854	0.01037	0.00792	0.00643	0.01619	0.23594	0.02187	0.41775	0.12483	0.07827	0.01139	0.00653	0.00191	0.00333	0.00997	0.00599	0.00637
4	0.00737	0.00515	0.00652	0.00745	0.00768	0.00492	0.00476	0.00807	0.01016	0.01355	0.02748	0.56843	0.03273	0.25170	0.01383	0.00329	0.00399	0.01388	0.00476	0.00429
5	0.01465	0.00711	0.00955	0.00859	0.01084	0.00635	0.00655	0.01664	0.01469	0.31223	0.25296	0.25884	0.03353	0.01175	0.00652	0.00194	0.00373	0.01031	0.00631	0.00687
6	0.00949	0.00606	0.00759	0.00708	0.00830	0.00565	0.00501	0.01129	0.01371	0.07790	0.44962	0.03983	0.07128	0.24709	0.01336	0.00292	0.00373	0.00945	0.00547	0.00514
7	0.01514	0.73694	0.03029	0.01098	0.01595	0.02195	0.07075	0.01723	0.01178	0.01386	0.00825	0.00970	0.00745	0.00489	0.00393	0.00128	0.00641	0.00337	0.00248	0.00737
8	0.02041	0.14928	0.01838	0.01396	0.01721	0.65742	0.01085	0.02194	0.01549	0.01391	0.00870	0.01014	0.00736	0.00574	0.00492	0.00143	0.00965	0.00359	0.00287	0.00674

[dist]
# distance from previous block
# <min> <max>
0	1

[block]
# block no. 6 follows, 41 sequences, length 6
# corresponding to MSA columns:
# 438-443
name=unknown_G
#
# <colnr> <probs for GDERKNQSTAVLIFYWHMCP>
#	G	D	E	R	K	N	Q	S	T	A	V	L	I	F	Y	W	H	M	C	P
0	0.00845	0.00545	0.00726	0.00800	0.00878	0.00503	0.00554	0.00980	0.01216	0.06842	0.14618	0.62210	0.03873	0.01618	0.00710	0.00220	0.00333	0.01459	0.00559	0.00512
1	0.00820	0.00601	0.00859	0.00859	0.00940	0.00682	0.00640	0.00983	0.00901	0.01283	0.01587	0.02553	0.01563	0.19738	0.62364	0.00845	0.01332	0.00658	0.00315	0.00477
2	0.01088	0.00849	0.00903	0.00792	0.01047	0.00830	0.00620	0.20229	0.01710	0.02186	0.13898	0.04255	0.46994	0.01211	0.00649	0.00186	0.00377	0.01002	0.00555	0.00619
3	0.02298	0.01030	0.01414	0.01117	0.01469	0.01027	0.00925	0.02499	0.01482	0.61331	0.01949	0.01805	0.01280	0.00768	0.00841	0.00192	0.16498	0.00560	0.00614	0.00902
4	0.02137	0.02726	0.01621	0.01474	0.01768	0.77602	0.01105	0.02284	0.01621	0.01400	0.00884	0.01031	0.00737	0.00589	0.00516	0.00147	0.01031	0.00368	0.00295	0.00663
5	0.00697	0.00498	0.00664	0.00796	0.00830	0.00465	0.00531	0.00796	0.01095	0.01460	0.03153	0.79525	0.03783	0.01792	0.00730	0.00232	0.00332	0.01626	0.00531	0.00465

[dist]
# distance from previous block
# <min> <max>
0	1

[block]
# block no. 7 follows, 41 sequences, length 13
# corresponding to MSA columns:
# 445-457
name=unknown_H
#
# <colnr> <probs for GDERKNQSTAVLIFYWHMCP>
#	G	D	E	R	K	N	Q	S	T	A	V	L	I	F	Y	W	H	M	C	P
0	0.01650	0.72409	0.02909	0.01053	0.01541	0.02243	0.01014	0.08262	0.01341	0.01612	0.00916	0.01054	0.00820	0.00552	0.00416	0.00140	0.00635	0.00348	0.00298	0.00789
1	0.02230	0.01642	0.01756	0.01357	0.01817	0.01802	0.01112	0.73692	0.02715	0.03645	0.01436	0.01464	0.01035	0.00730	0.00600	0.00184	0.00651	0.00536	0.00592	0.01004
2	0.01172	0.01110	0.01904	0.70932	0.03874	0.01320	0.08110	0.01540	0.01204	0.01558	0.01096	0.01616	0.00836	0.00608	0.00609	0.00203	0.00800	0.00544	0.00281	0.00682
3	0.02566	0.00973	0.01327	0.01018	0.01460	0.00841	0.00841	0.02788	0.01637	0.76726	0.02257	0.01947	0.01416	0.00708	0.00575	0.00177	0.00487	0.00575	0.00708	0.00973
4	0.00719	0.00575	0.00643	0.00640	0.00802	0.00499	0.00475	0.00899	0.01385	0.01771	0.27368	0.10870	0.48560	0.01389	0.00680	0.00192	0.00287	0.01186	0.00562	0.00499
5	0.00715	0.00511	0.00685	0.00817	0.00859	0.00480	0.00563	0.00828	0.01113	0.01481	0.03142	0.73551	0.03743	0.01775	0.00735	0.00235	0.00348	0.07418	0.00531	0.00470
6	0.01066	0.00533	0.00533	0.00533	0.00666	0.00533	0.00400	0.01333	0.01200	0.02132	0.01866	0.02132	0.01466	0.00666	0.00400	0.00133	0.00267	0.00533	0.83073	0.00533
7	0.01080	0.01017	0.01716	0.78523	0.03940	0.01271	0.01589	0.01461	0.01144	0.01461	0.01017	0.01525	0.00762	0.00572	0.00572	0.00191	0.00762	0.00508	0.00254	0.00635
8	0.00866	0.00650	0.00889	0.00913	0.01033	0.00709	0.00721	0.01141	0.05185	0.01476	0.02284	0.03615	0.07741	0.09697	0.42817	0.00636	0.01054	0.17658	0.00395	0.00520
9	0.01848	0.02794	0.23615	0.01519	0.01975	0.55328	0.01400	0.02146	0.01500	0.01520	0.00926	0.01083	0.00733	0.00576	0.00524	0.00157	0.00977	0.00384	0.00279	0.00716
10	0.01440	0.02378	0.52445	0.01718	0.08060	0.01250	0.06711	0.01986	0.01303	0.15435	0.01263	0.01381	0.00874	0.00567	0.00560	0.00180	0.00775	0.00474	0.00333	0.00868
11	0.01516	0.05514	0.55183	0.01452	0.02183	0.01244	0.01752	0.02051	0.01313	0.20454	0.01324	0.01380	0.00897	0.00582	0.00544	0.00178	0.00747	0.00456	0.00358	0.00873
12	0.05700	0.01581	0.01638	0.01404	0.06707	0.10354	0.01069	0.45015	0.02207	0.16479	0.01432	0.01422	0.01006	0.00661	0.00556	0.00170	0.00645	0.00500	0.00536	0.00917

[dist]
# distance from previous block
# <min> <max>
3	7

[block]
# block no. 8 follows, 41 sequences, length 27
# corresponding to MSA columns:
# 465-491
name=unknown_I
#
# <colnr> <probs for GDERKNQSTAVLIFYWHMCP>
#	G	D	E	R	K	N	Q	S	T	A	V	L	I	F	Y	W	H	M	C	P
0	0.01956	0.00845	0.01135	0.00935	0.01254	0.00760	0.00742	0.02196	0.04786	0.49167	0.14383	0.07498	0.02207	0.00977	0.00755	0.07813	0.00440	0.00717	0.00635	0.00798
1	0.02277	0.01060	0.01338	0.01059	0.01472	0.01013	0.00864	0.09342	0.14093	0.54921	0.04788	0.02008	0.01571	0.00734	0.00580	0.00179	0.00486	0.00598	0.00672	0.00947
2	0.00732	0.00545	0.00760	0.07928	0.01115	0.00539	0.00628	0.00857	0.01100	0.01460	0.02957	0.72369	0.03506	0.01680	0.00716	0.00228	0.00371	0.01524	0.00506	0.00480
3	0.02156	0.01425	0.01591	0.01214	0.01673	0.01497	0.01001	0.53640	0.02343	0.17536	0.01510	0.01466	0.01046	0.00666	0.00559	0.00164	0.00582	0.00510	0.00576	0.08847
4	0.00697	0.00498	0.00664	0.00796	0.00830	0.00465	0.00531	0.00796	0.01095	0.01460	0.03153	0.79525	0.03783	0.01792	0.00730	0.00232	0.00332	0.01626	0.00531	0.00465
5	0.02174	0.01602	0.01717	0.01316	0.01774	0.01774	0.01087	0.74423	0.02689	0.03605	0.01373	0.01373	0.00973	0.00687	0.00572	0.00172	0.00629	0.00515	0.00572	0.00973
6	0.01374	0.01307	0.02176	0.12881	0.62141	0.01352	0.01677	0.01804	0.06221	0.01852	0.01152	0.01477	0.00944	0.00535	0.00568	0.00174	0.00675	0.00519	0.00299	0.00872
7	0.01147	0.02959	0.76934	0.01630	0.02476	0.01328	0.02113	0.01811	0.01208	0.01811	0.01026	0.01208	0.00725	0.00543	0.00543	0.00181	0.00845	0.00423	0.00242	0.00845
8	0.01251	0.01251	0.01752	0.01502	0.01502	0.01752	0.01251	0.01377	0.00876	0.01377	0.00751	0.01251	0.00751	0.01001	0.01877	0.00250	0.78851	0.00501	0.00250	0.00626
9	0.02137	0.02726	0.01621	0.01474	0.01768	0.77602	0.01105	0.02284	0.01621	0.01400	0.00884	0.01031	0.00737	0.00589	0.00516	0.00147	0.01031	0.00368	0.00295	0.00663
10	0.01186	0.01017	0.01186	0.00847	0.01356	0.00762	0.00678	0.01440	0.01186	0.01864	0.01017	0.01186	0.00847	0.00424	0.00424	0.00085	0.00424	0.00339	0.00339	0.83395
11	0.01423	0.01229	0.01293	0.01164	0.01487	0.01423	0.00905	0.03039	0.75297	0.02393	0.02328	0.02134	0.01746	0.00776	0.00582	0.00194	0.00453	0.00647	0.00582	0.00905
12	0.01177	0.01285	0.02657	0.01955	0.02419	0.01195	0.55103	0.01567	0.01319	0.01750	0.02118	0.09362	0.13759	0.00764	0.00680	0.00197	0.00793	0.00852	0.00352	0.00695
13	0.00817	0.00613	0.00919	0.00919	0.01021	0.00715	0.00715	0.01021	0.00919	0.01328	0.01532	0.02247	0.01430	0.04290	0.77631	0.00919	0.01532	0.00613	0.00306	0.00511
14	0.01164	0.06389	0.73652	0.01601	0.02431	0.01370	0.02063	0.01807	0.01206	0.01791	0.01016	0.01195	0.00725	0.00541	0.00536	0.00179	0.00835	0.00417	0.00242	0.00840
15	0.01147	0.02959	0.76934	0.01630	0.02476	0.01328	0.02113	0.01811	0.01208	0.01811	0.01026	0.01208	0.00725	0.00543	0.00543	0.00181	0.00845	0.00423	0.00242	0.00845
16	0.01080	0.01017	0.01716	0.78523	0.03940	0.01271	0.01589	0.01461	0.01144	0.01461	0.01017	0.01525	0.00762	0.00572	0.00572	0.00191	0.00762	0.00508	0.00254	0.00635
17	0.00910	0.00675	0.00943	0.06181	0.01331	0.00683	0.00922	0.01170	0.01304	0.01680	0.03148	0.06036	0.09803	0.01501	0.00765	0.00252	0.00521	0.61137	0.00509	0.00530
18	0.01080	0.01017	0.01716	0.78523	0.03940	0.01271	0.01589	0.01461	0.01144	0.01461	0.01017	0.01525	0.00762	0.00572	0.00572	0.00191	0.00762	0.00508	0.00254	0.00635
19	0.00676	0.00579	0.00579	0.00579	0.00773	0.00483	0.00435	0.00821	0.01304	0.01545	0.05794	0.05505	0.76098	0.01449	0.00676	0.00193	0.00290	0.01207	0.00531	0.00483
20	0.01350	0.01543	0.03375	0.02411	0.02989	0.01446	0.74253	0.01832	0.01350	0.01832	0.01157	0.01543	0.00868	0.00482	0.00675	0.00193	0.00964	0.00675	0.00289	0.00771
21	0.01329	0.01270	0.02164	0.22980	0.57542	0.01336	0.01712	0.01679	0.01261	0.01763	0.01061	0.01444	0.00869	0.00526	0.00568	0.00175	0.00701	0.00509	0.00276	0.00836
22	0.02566	0.00973	0.01327	0.01018	0.01460	0.00841	0.00841	0.02788	0.01637	0.76726	0.02257	0.01947	0.01416	0.00708	0.00575	0.00177	0.00487	0.00575	0.00708	0.00973
23	0.83938	0.01106	0.00841	0.00752	0.01106	0.01283	0.00619	0.01681	0.00973	0.02566	0.00796	0.00929	0.00619	0.00531	0.00354	0.00177	0.00442	0.00310	0.00354	0.00619
24	0.83938	0.01106	0.00841	0.00752	0.01106	0.01283	0.00619	0.01681	0.00973	0.02566	0.00796	0.00929	0.00619	0.00531	0.00354	0.00177	0.00442	0.00310	0.00354	0.00619
25	0.01931	0.02294	0.01526	0.01384	0.01687	0.55637	0.01048	0.02502	0.22864	0.01686	0.01300	0.01349	0.01028	0.00643	0.00535	0.00161	0.00865	0.00449	0.00378	0.00733
26	0.00810	0.00585	0.00765	0.00720	0.00855	0.00540	0.00540	0.01079	0.01619	0.02294	0.76028	0.04273	0.05397	0.01169	0.00675	0.00180	0.00270	0.01034	0.00630	0.00540

[dist]
# distance from previous block
# <min> <max>
0	2

[block]
# block no. 9 follows, 41 sequences, length 68
# corresponding to MSA columns:
# 494-561
name=unknown_J
#
# <colnr> <probs for GDERKNQSTAVLIFYWHMCP>
#	G	D	E	R	K	N	Q	S	T	A	V	L	I	F	Y	W	H	M	C	P
0	0.01080	0.01017	0.01716	0.78523	0.03940	0.01271	0.01589	0.01461	0.01144	0.01461	0.01017	0.01525	0.00762	0.00572	0.00572	0.00191	0.00762	0.00508	0.00254	0.00635
1	0.01650	0.70581	0.10373	0.01156	0.01684	0.02230	0.01156	0.01831	0.01272	0.01556	0.00994	0.01188	0.00897	0.00609	0.00461	0.00161	0.00689	0.00376	0.00304	0.00830
2	0.81874	0.01221	0.00965	0.00871	0.01233	0.01369	0.00695	0.01791	0.01084	0.02697	0.00972	0.01171	0.00786	0.00644	0.00431	0.00208	0.00501	0.00369	0.00411	0.00707
3	0.01251	0.01134	0.01816	0.76545	0.03990	0.01357	0.01637	0.01577	0.01250	0.01622	0.01186	0.01751	0.00925	0.00684	0.00643	0.00221	0.00813	0.00562	0.00314	0.00723
4	0.00988	0.00714	0.00891	0.00840	0.00988	0.00645	0.00617	0.01205	0.01712	0.02432	0.74174	0.04424	0.05435	0.01266	0.00743	0.00211	0.00333	0.01074	0.00679	0.00630
5	0.00890	0.00637	0.00806	0.00927	0.00982	0.00582	0.00628	0.00950	0.01214	0.01634	0.03258	0.73917	0.03839	0.01861	0.00800	0.00263	0.00404	0.05266	0.00583	0.00560
6	0.78173	0.01217	0.01004	0.04345	0.01359	0.01368	0.00738	0.01781	0.01092	0.02648	0.00982	0.01198	0.00793	0.00646	0.00441	0.00208	0.00516	0.00377	0.00406	0.00708
7	0.00979	0.00713	0.00878	0.00830	0.00982	0.00641	0.00610	0.01188	0.01691	0.02381	0.69418	0.04508	0.10222	0.01284	0.00743	0.00212	0.00335	0.01085	0.00672	0.00626
8	0.00878	0.00629	0.00792	0.00914	0.00964	0.00572	0.00608	0.00930	0.01203	0.01621	0.03264	0.77647	0.03864	0.01871	0.00797	0.00262	0.00394	0.01649	0.00583	0.00557
9	0.01316	0.03024	0.75006	0.01726	0.02565	0.01413	0.02148	0.01917	0.01312	0.01963	0.01196	0.01442	0.00888	0.00657	0.00615	0.00212	0.00893	0.00479	0.00301	0.00927
10	0.00988	0.00714	0.00891	0.00840	0.00988	0.00645	0.00617	0.01205	0.01712	0.02432	0.74174	0.04424	0.05435	0.01266	0.00743	0.00211	0.00333	0.01074	0.00679	0.00630
11	0.02316	0.01704	0.01817	0.01420	0.01882	0.01846	0.01150	0.72570	0.02754	0.03708	0.01533	0.01603	0.01130	0.00796	0.00643	0.00203	0.00683	0.00568	0.00623	0.01051
12	0.01251	0.01134	0.01816	0.76545	0.03990	0.01357	0.01637	0.01577	0.01250	0.01622	0.01186	0.01751	0.00925	0.00684	0.00643	0.00221	0.00813	0.00562	0.00314	0.00723
13	0.02316	0.01704	0.01817	0.01420	0.01882	0.01846	0.01150	0.72570	0.02754	0.03708	0.01533	0.01603	0.01130	0.00796	0.00643	0.00203	0.00683	0.00568	0.00623	0.01051
14	0.00859	0.00703	0.00716	0.00718	0.00912	0.00589	0.00521	0.00952	0.01391	0.01698	0.05656	0.10635	0.69332	0.01561	0.00748	0.00226	0.00356	0.01270	0.00583	0.00573
15	0.81874	0.01221	0.00965	0.00871	0.01233	0.01369	0.00695	0.01791	0.01084	0.02697	0.00972	0.01171	0.00786	0.00644	0.00431	0.00208	0.00501	0.00369	0.00411	0.00707
16	0.01688	0.78223	0.03063	0.01092	0.01585	0.02322	0.01044	0.01821	0.01268	0.01510	0.00971	0.01160	0.00898	0.00604	0.00444	0.00155	0.00666	0.00365	0.00305	0.00819
17	0.81874	0.01221	0.00965	0.00871	0.01233	0.01369	0.00695	0.01791	0.01084	0.02697	0.00972	0.01171	0.00786	0.00644	0.00431	0.00208	0.00501	0.00369	0.00411	0.00707
18	0.01514	0.01646	0.03431	0.02485	0.03065	0.01528	0.72342	0.01938	0.01451	0.01983	0.01323	0.01768	0.01028	0.00597	0.00744	0.00223	0.01009	0.00724	0.00348	0.00855
19	0.00995	0.00741	0.01041	0.01034	0.01150	0.00816	0.00788	0.01149	0.01031	0.01492	0.01688	0.02453	0.01575	0.04302	0.75624	0.00930	0.01562	0.00664	0.00365	0.00601
20	0.01578	0.01467	0.02406	0.03556	0.74428	0.01443	0.01800	0.01863	0.01404	0.02018	0.01244	0.01644	0.01065	0.00624	0.00638	0.00201	0.00732	0.00563	0.00342	0.00986
21	0.01251	0.01134	0.01816	0.76545	0.03990	0.01357	0.01637	0.01577	0.01250	0.01622	0.01186	0.01751	0.00925	0.00684	0.00643	0.00221	0.00813	0.00562	0.00314	0.00723
22	0.01214	0.00669	0.00693	0.00686	0.00826	0.00651	0.00499	0.01416	0.01275	0.02192	0.01989	0.02399	0.01627	0.03477	0.05496	0.00229	0.00420	0.00600	0.73025	0.00616
23	0.81874	0.01221	0.00965	0.00871	0.01233	0.01369	0.00695	0.01791	0.01084	0.02697	0.00972	0.01171	0.00786	0.00644	0.00431	0.00208	0.00501	0.00369	0.00411	0.00707
24	0.00988	0.00714	0.00891	0.00840	0.00988	0.00645	0.00617	0.01205	0.01712	0.02432	0.74174	0.04424	0.05435	0.01266	0.00743	0.00211	0.00333	0.01074	0.00679	0.00630
25	0.01288	0.01082	0.01121	0.01040	0.01319	0.01131	0.00786	0.02230	0.43975	0.02191	0.03841	0.03684	0.31453	0.01150	0.00690	0.00224	0.00446	0.00919	0.00613	0.00817
26	0.02316	0.01704	0.01817	0.01420	0.01882	0.01846	0.01150	0.72570	0.02754	0.03708	0.01533	0.01603	0.01130	0.00796	0.00643	0.00203	0.00683	0.00568	0.00623	0.01051
27	0.01228	0.00947	0.01087	0.00996	0.01214	0.00958	0.00748	0.05053	0.23251	0.02519	0.49342	0.03671	0.04172	0.01129	0.00712	0.00214	0.00403	0.00937	0.00663	0.00756
28	0.01354	0.01134	0.01301	0.00964	0.01475	0.00862	0.00751	0.01556	0.01291	0.02014	0.01186	0.01421	0.01008	0.00540	0.00499	0.00118	0.00483	0.00397	0.00396	0.81250
29	0.01664	0.73277	0.07795	0.01133	0.01649	0.02263	0.01117	0.01828	0.01271	0.01539	0.00985	0.01178	0.00897	0.00607	0.00455	0.00158	0.00681	0.00372	0.00304	0.00826
30	0.00918	0.00726	0.00787	0.00786	0.00963	0.00639	0.00568	0.01094	0.04735	0.01859	0.17531	0.16252	0.47842	0.01510	0.00748	0.00227	0.00363	0.01249	0.00603	0.00600
31	0.01341	0.01226	0.01978	0.56459	0.23373	0.01380	0.01682	0.01655	0.01292	0.01731	0.01202	0.01721	0.00964	0.00668	0.00642	0.00216	0.00790	0.00562	0.00322	0.00795
32	0.01251	0.01134	0.01816	0.76545	0.03990	0.01357	0.01637	0.01577	0.01250	0.01622	0.01186	0.01751	0.00925	0.00684	0.00643	0.00221	0.00813	0.00562	0.00314	0.00723
33	0.01238	0.00664	0.00665	0.00658	0.00805	0.00639	0.00481	0.01452	0.01304	0.02275	0.02012	0.02342	0.01610	0.00776	0.00476	0.00165	0.00330	0.00586	0.80899	0.00623
34	0.01559	0.01616	0.03178	0.02311	0.02878	0.01506	0.62679	0.06828	0.01531	0.02105	0.01329	0.01734	0.01034	0.00607	0.00720	0.00215	0.00952	0.00692	0.00370	0.06156
35	0.00878	0.00629	0.00792	0.00914	0.00964	0.00572	0.00608	0.00930	0.01203	0.01621	0.03264	0.77647	0.03864	0.01871	0.00797	0.00262	0.00394	0.01649	0.00583	0.00557
36	0.01620	0.01358	0.01425	0.01279	0.01617	0.01521	0.00981	0.06528	0.69928	0.02586	0.02416	0.02307	0.01845	0.00879	0.00653	0.00223	0.00520	0.00690	0.00632	0.00989
37	0.01553	0.06274	0.01568	0.01112	0.01575	0.01131	0.02853	0.06619	0.01403	0.07508	0.01269	0.01487	0.01043	0.00631	0.00641	0.00149	0.06875	0.00446	0.00424	0.55438
38	0.02311	0.02607	0.01710	0.01532	0.01856	0.65578	0.01148	0.07028	0.01784	0.06804	0.01181	0.01354	0.00961	0.00716	0.00596	0.00183	0.01012	0.00449	0.00399	0.00791
39	0.01688	0.78223	0.03063	0.01092	0.01585	0.02322	0.01044	0.01821	0.01268	0.01510	0.00971	0.01160	0.00898	0.00604	0.00444	0.00155	0.00666	0.00365	0.00305	0.00819
40	0.01267	0.01150	0.01845	0.72955	0.07454	0.01361	0.01645	0.01591	0.01257	0.01642	0.01189	0.01745	0.00932	0.00681	0.00643	0.00220	0.00809	0.00562	0.00315	0.00736
41	0.00832	0.00555	0.00624	0.00624	0.00624	0.00555	0.00347	0.00832	0.00832	0.01109	0.01802	0.03743	0.02080	0.79898	0.02911	0.00555	0.00555	0.00832	0.00347	0.00347
42	0.00690	0.00578	0.00591	0.00588	0.00769	0.00489	0.00435	0.00834	0.01295	0.01559	0.08952	0.05356	0.68936	0.05439	0.00790	0.00211	0.00302	0.01180	0.00526	0.00479
43	0.00702	0.00505	0.00668	0.00796	0.00837	0.00470	0.00538	0.00808	0.01108	0.01470	0.03236	0.75102	0.06153	0.01775	0.00730	0.00232	0.00336	0.03535	0.00531	0.00467
44	0.00696	0.00500	0.00661	0.00790	0.00828	0.00465	0.00528	0.00797	0.01101	0.01463	0.03232	0.77290	0.05966	0.01782	0.00728	0.00231	0.00331	0.01613	0.00531	0.00465
45	0.02566	0.00973	0.01327	0.01018	0.01460	0.00841	0.00841	0.02788	0.01637	0.76726	0.02257	0.01947	0.01416	0.00708	0.00575	0.00177	0.00487	0.00575	0.00708	0.00973
46	0.01066	0.00533	0.00533	0.00533	0.00666	0.00533	0.00400	0.01333	0.01200	0.02132	0.01866	0.02132	0.01466	0.00666	0.00400	0.00133	0.00267	0.00533	0.83073	0.00533
47	0.01529	0.80242	0.02997	0.00979	0.01468	0.02263	0.00979	0.01713	0.01162	0.01346	0.00795	0.00918	0.00734	0.00489	0.00367	0.00122	0.00612	0.00306	0.00245	0.00734
48	0.81705	0.01156	0.02893	0.00776	0.01143	0.01284	0.00660	0.01685	0.00980	0.02546	0.00803	0.00937	0.00622	0.00531	0.00359	0.00177	0.00453	0.00313	0.00351	0.00626
49	0.00697	0.00498	0.00664	0.00796	0.00830	0.00465	0.00531	0.00796	0.01095	0.01460	0.03153	0.79525	0.03783	0.01792	0.00730	0.00232	0.00332	0.01626	0.00531	0.00465
50	0.00832	0.00555	0.00624	0.00624	0.00624	0.00555	0.00347	0.00832	0.00832	0.01109	0.01802	0.03743	0.02080	0.79898	0.02911	0.00555	0.00555	0.00832	0.00347	0.00347
51	0.01416	0.01359	0.02322	0.03511	0.76330	0.01359	0.01755	0.01755	0.01302	0.01869	0.01076	0.01416	0.00906	0.00510	0.00566	0.00170	0.00680	0.00510	0.00283	0.00906
52	0.00918	0.00609	0.00796	0.00735	0.00891	0.00557	0.00556	0.01182	0.01612	0.07037	0.69413	0.04157	0.07049	0.01147	0.00668	0.00180	0.00284	0.01010	0.00632	0.00566
53	0.00832	0.00555	0.00624	0.00624	0.00624	0.00555	0.00347	0.00832	0.00832	0.01109	0.01802	0.03743	0.02080	0.79898	0.02911	0.00555	0.00555	0.00832	0.00347	0.00347
54	0.01677	0.01401	0.01434	0.01222	0.01585	0.04622	0.00968	0.24410	0.50536	0.02716	0.01983	0.01861	0.01473	0.00742	0.00576	0.00185	0.00529	0.00596	0.00567	0.00916
55	0.01580	0.01004	0.01226	0.00896	0.01385	0.00785	0.00724	0.01825	0.01315	0.23224	0.01370	0.01403	0.01009	0.00505	0.00467	0.00111	0.00442	0.00406	0.00444	0.59878
56	0.01196	0.12897	0.67426	0.01546	0.02346	0.01449	0.01967	0.01799	0.01202	0.01752	0.00997	0.01170	0.00726	0.00536	0.00521	0.00174	0.00815	0.00408	0.00242	0.00831
57	0.01147	0.02959	0.76934	0.01630	0.02476	0.01328	0.02113	0.01811	0.01208	0.01811	0.01026	0.01208	0.00725	0.00543	0.00543	0.00181	0.00845	0.00423	0.00242	0.00845
58	0.02566	0.00973	0.01327	0.01018	0.01460	0.00841	0.00841	0.02788	0.01637	0.76726	0.02257	0.01947	0.01416	0.00708	0.00575	0.00177	0.00487	0.00575	0.00708	0.00973
59	0.00803	0.00584	0.00755	0.00712	0.00850	0.00537	0.00534	0.01066	0.01603	0.02256	0.72444	0.04336	0.09006	0.01184	0.00675	0.00181	0.00271	0.01043	0.00625	0.00537
60	0.01887	0.02199	0.01805	0.01836	0.14729	0.47873	0.04704	0.05897	0.08301	0.01704	0.01083	0.01246	0.00877	0.00604	0.00578	0.00162	0.02993	0.00444	0.00332	0.00747
61	0.00831	0.00558	0.00644	0.00644	0.00651	0.00565	0.00372	0.00845	0.00838	0.01124	0.01784	0.03642	0.02036	0.74778	0.07971	0.00579	0.00621	0.00817	0.00344	0.00358
62	0.00712	0.00581	0.00630	0.00618	0.00795	0.00498	0.00463	0.00891	0.01390	0.01749	0.24924	0.05169	0.56841	0.01373	0.00676	0.00190	0.00284	0.01160	0.00558	0.00498
63	0.00759	0.00558	0.00764	0.00936	0.04691	0.00530	0.00604	0.00879	0.01117	0.01497	0.05148	0.63887	0.03541	0.06984	0.00871	0.00251	0.00374	0.05616	0.00509	0.00485
64	0.14179	0.01459	0.01534	0.01207	0.01623	0.01626	0.00993	0.52062	0.06923	0.03185	0.01303	0.01341	0.00953	0.00670	0.00591	0.00173	0.04074	0.00483	0.00514	0.05107
65	0.00988	0.00587	0.00650	0.00638	0.00762	0.00602	0.00482	0.01223	0.01227	0.02000	0.10337	0.07873	0.09148	0.00894	0.00573	0.00158	0.05302	0.00724	0.55302	0.00530
66	0.00757	0.00559	0.00718	0.00821	0.00886	0.00534	0.00559	0.00957	0.05846	0.01531	0.03042	0.72459	0.03574	0.01690	0.00712	0.00226	0.00342	0.01529	0.00529	0.02730
67	0.01195	0.02622	0.59467	0.01816	0.02598	0.01356	0.19244	0.01816	0.01241	0.01816	0.01058	0.01287	0.00759	0.00529	0.00575	0.00184	0.00874	0.00483	0.00253	0.00828

[dist]
# distance from previous block
# <min> <max>
0	10

[block]
# block no. 10 follows, 41 sequences, length 8
# corresponding to MSA columns:
# 572-579
name=unknown_K
#
# <colnr> <probs for GDERKNQSTAVLIFYWHMCP>
#	G	D	E	R	K	N	Q	S	T	A	V	L	I	F	Y	W	H	M	C	P
0	0.01514	0.01218	0.01415	0.01125	0.01541	0.01217	0.03446	0.24729	0.16143	0.02491	0.01606	0.04334	0.01336	0.00706	0.00547	0.00155	0.00518	0.05801	0.00478	0.29679
1	0.01821	0.08277	0.28132	0.01275	0.01840	0.05720	0.01324	0.02356	0.10119	0.30971	0.01631	0.01570	0.01115	0.00633	0.00544	0.00174	0.00651	0.00496	0.00467	0.00882
2	0.10062	0.01388	0.21479	0.01131	0.01532	0.00932	0.06819	0.01526	0.01317	0.08982	0.21624	0.05344	0.04723	0.07306	0.00784	0.00216	0.00553	0.03170	0.00443	0.00669
3	0.01538	0.50940	0.22680	0.01158	0.01738	0.01859	0.01269	0.01855	0.01226	0.09592	0.01015	0.01106	0.00805	0.00527	0.00437	0.00144	0.00661	0.00366	0.00294	0.00790
4	0.15533	0.00995	0.01270	0.01024	0.01384	0.00967	0.06130	0.07933	0.03340	0.32831	0.09951	0.06846	0.07677	0.00833	0.00573	0.00183	0.00478	0.00696	0.00571	0.00783
5	0.01029	0.00960	0.01648	0.57788	0.03275	0.01132	0.07132	0.01365	0.01151	0.01490	0.01432	0.16297	0.01343	0.00796	0.00610	0.00199	0.00697	0.00733	0.00309	0.00614
6	0.00925	0.00675	0.00909	0.00879	0.00984	0.00758	0.00655	0.06617	0.01034	0.01450	0.01585	0.02540	0.01551	0.22205	0.53730	0.00774	0.01228	0.00658	0.00337	0.00507
7	0.01147	0.02959	0.76934	0.01630	0.02476	0.01328	0.02113	0.01811	0.01208	0.01811	0.01026	0.01208	0.00725	0.00543	0.00543	0.00181	0.00845	0.00423	0.00242	0.00845

[dist]
# distance from previous block
# <min> <max>
0	1

[block]
# block no. 11 follows, 41 sequences, length 27
# corresponding to MSA columns:
# 581-607
name=unknown_L
#
# <colnr> <probs for GDERKNQSTAVLIFYWHMCP>
#	G	D	E	R	K	N	Q	S	T	A	V	L	I	F	Y	W	H	M	C	P
0	0.02566	0.00973	0.01327	0.01018	0.01460	0.00841	0.00841	0.02788	0.01637	0.76726	0.02257	0.01947	0.01416	0.00708	0.00575	0.00177	0.00487	0.00575	0.00708	0.00973
1	0.01066	0.00533	0.00533	0.00533	0.00666	0.00533	0.00400	0.01333	0.01200	0.02132	0.01866	0.02132	0.01466	0.00666	0.00400	0.00133	0.00267	0.00533	0.83073	0.00533
2	0.01862	0.02286	0.02056	0.01809	0.06726	0.51269	0.17114	0.02093	0.01494	0.01522	0.00947	0.01182	0.00777	0.00588	0.00642	0.00165	0.06026	0.00453	0.00290	0.00700
3	0.01129	0.01091	0.01921	0.66121	0.08415	0.01294	0.08917	0.01517	0.01175	0.01524	0.01035	0.01520	0.00782	0.00559	0.00582	0.00190	0.00778	0.00525	0.00260	0.00666
4	0.00697	0.00498	0.00664	0.00796	0.00830	0.00465	0.00531	0.00796	0.01095	0.01460	0.03153	0.79525	0.03783	0.01792	0.00730	0.00232	0.00332	0.01626	0.00531	0.00465
5	0.02566	0.00973	0.01327	0.01018	0.01460	0.00841	0.00841	0.02788	0.01637	0.76726	0.02257	0.01947	0.01416	0.00708	0.00575	0.00177	0.00487	0.00575	0.00708	0.00973
6	0.02132	0.02182	0.01654	0.01394	0.01762	0.41646	0.01091	0.34368	0.04276	0.02409	0.01144	0.01216	0.00872	0.00638	0.00543	0.00160	0.00836	0.00442	0.00427	0.00808
7	0.01323	0.01912	0.28135	0.02860	0.50779	0.01348	0.01879	0.01775	0.01270	0.01849	0.01059	0.01344	0.00843	0.00521	0.00558	0.00174	0.00737	0.00480	0.00269	0.00885
8	0.02566	0.00973	0.01327	0.01018	0.01460	0.00841	0.00841	0.02788	0.01637	0.76726	0.02257	0.01947	0.01416	0.00708	0.00575	0.00177	0.00487	0.00575	0.00708	0.00973
9	0.00810	0.00585	0.00765	0.00720	0.00855	0.00540	0.00540	0.01079	0.01619	0.02294	0.76028	0.04273	0.05397	0.01169	0.00675	0.00180	0.00270	0.01034	0.00630	0.00540
10	0.01257	0.01361	0.02801	0.28743	0.03318	0.01386	0.49114	0.01704	0.01279	0.01704	0.01109	0.01537	0.00831	0.00513	0.00639	0.00192	0.00894	0.00617	0.00277	0.00724
11	0.01080	0.01017	0.01716	0.78523	0.03940	0.01271	0.01589	0.01461	0.01144	0.01461	0.01017	0.01525	0.00762	0.00572	0.00572	0.00191	0.00762	0.00508	0.00254	0.00635
12	0.83938	0.01106	0.00841	0.00752	0.01106	0.01283	0.00619	0.01681	0.00973	0.02566	0.00796	0.00929	0.00619	0.00531	0.00354	0.00177	0.00442	0.00310	0.00354	0.00619
13	0.01991	0.01361	0.01469	0.01150	0.01545	0.01480	0.00942	0.56054	0.02341	0.08055	0.01523	0.01553	0.01094	0.00684	0.00540	0.00165	0.00552	0.00522	0.16087	0.00890
