[name]
unknown

[dist]
# distance from previous block
# <min> <max>
0	228

[block]
# block no. 0 follows, 37 sequences, length 36
# corresponding to MSA columns:
# 256-291
name=unknown_A
#
# <colnr> <probs for GDERKNQSTAVLIFYWHMCP>
#	G	D	E	R	K	N	Q	S	T	A	V	L	I	F	Y	W	H	M	C	P
0	0.00986	0.00705	0.00986	0.01127	0.01268	0.00705	0.00986	0.01268	0.01409	0.01832	0.03241	0.06905	0.03523	0.01691	0.00845	0.00282	0.00564	0.70549	0.00564	0.00564
1	0.01472	0.04855	0.07525	0.07223	0.40198	0.02852	0.01570	0.01888	0.04931	0.06580	0.01615	0.06774	0.01453	0.00778	0.00630	0.00197	0.00686	0.07519	0.00383	0.00869
2	0.16286	0.17879	0.01828	0.04236	0.01682	0.08154	0.01007	0.25685	0.01808	0.05750	0.01242	0.01375	0.00962	0.00883	0.05133	0.00220	0.00713	0.00461	0.03871	0.00826
3	0.00731	0.00620	0.00631	0.00628	0.00832	0.00520	0.00471	0.00893	0.01413	0.01697	0.09883	0.05820	0.70712	0.01534	0.00723	0.00206	0.00309	0.01282	0.00574	0.00520
4	0.00761	0.00622	0.00672	0.00660	0.00850	0.00533	0.00495	0.00952	0.01484	0.01865	0.24211	0.05543	0.56278	0.01471	0.00723	0.00203	0.00304	0.01243	0.00596	0.00533
5	0.01408	0.01680	0.07764	0.14457	0.04913	0.06046	0.44504	0.01862	0.01383	0.01832	0.01241	0.04280	0.00998	0.00618	0.00740	0.00206	0.04298	0.00679	0.00308	0.00785
6	0.01354	0.01291	0.02195	0.36519	0.43162	0.01412	0.01799	0.01738	0.01318	0.01805	0.01123	0.01567	0.00901	0.00575	0.00609	0.00192	0.00767	0.00545	0.00289	0.00840
7	0.00880	0.00635	0.00878	0.00878	0.00951	0.00708	0.00633	0.01025	0.00952	0.01343	0.01736	0.02940	0.01763	0.29283	0.51687	0.00853	0.01290	0.00734	0.00342	0.00488
8	0.19192	0.01555	0.02628	0.09163	0.09978	0.06050	0.38765	0.01910	0.01349	0.02071	0.01114	0.01459	0.00856	0.00546	0.00615	0.00197	0.00864	0.00583	0.00321	0.00784
9	0.01339	0.01339	0.01875	0.01607	0.01607	0.01875	0.01339	0.01473	0.00937	0.01473	0.00804	0.01339	0.00804	0.01071	0.02009	0.00268	0.77367	0.00536	0.00268	0.00670
10	0.01442	0.01456	0.04273	0.14394	0.40153	0.01464	0.13662	0.02031	0.11074	0.02000	0.01335	0.01654	0.01055	0.00590	0.00628	0.00193	0.00764	0.00592	0.00341	0.00899
11	0.06478	0.01217	0.01993	0.47682	0.27565	0.01392	0.01694	0.01684	0.01269	0.01785	0.01094	0.01552	0.00858	0.00587	0.00595	0.00196	0.00765	0.00531	0.00289	0.00776
12	0.00838	0.00665	0.00758	0.00728	0.00914	0.00606	0.00548	0.01152	0.05971	0.02079	0.37418	0.05062	0.38302	0.01368	0.00717	0.00200	0.00311	0.01170	0.00620	0.00573
13	0.01787	0.01419	0.01689	0.14086	0.06600	0.01591	0.01205	0.36224	0.17113	0.02910	0.01852	0.05248	0.03904	0.00804	0.00626	0.00196	0.00634	0.00658	0.00535	0.00918
14	0.00918	0.00600	0.00796	0.00837	0.00941	0.00553	0.00593	0.01101	0.01418	0.06585	0.29727	0.45879	0.04530	0.01596	0.00749	0.00224	0.00341	0.01433	0.00620	0.00562
15	0.01057	0.00668	0.00879	0.00802	0.00980	0.00610	0.00610	0.01340	0.01735	0.09816	0.67056	0.04320	0.05344	0.01201	0.00711	0.00192	0.00312	0.01057	0.00682	0.00625
16	0.01338	0.02529	0.50532	0.01659	0.05481	0.01366	0.01858	0.05335	0.01358	0.03459	0.01125	0.01326	0.00835	0.00600	0.00651	0.00181	0.05493	0.00455	0.00305	0.14116
17	0.38788	0.01164	0.01222	0.00989	0.01421	0.01199	0.00816	0.08470	0.01529	0.36336	0.01629	0.01540	0.01090	0.00670	0.00509	0.00189	0.00513	0.00482	0.00574	0.00871
18	0.82811	0.01184	0.00900	0.00805	0.01184	0.01373	0.00663	0.01799	0.01042	0.02746	0.00852	0.00994	0.00663	0.00568	0.00379	0.00189	0.00474	0.00331	0.00379	0.00663
19	0.03128	0.01033	0.04369	0.01015	0.01315	0.00956	0.00843	0.13213	0.06240	0.13849	0.32814	0.06120	0.06146	0.01083	0.00678	0.00200	0.00450	0.05153	0.00635	0.00759
20	0.01523	0.01315	0.01384	0.01246	0.01592	0.01523	0.00969	0.03253	0.73563	0.02561	0.02491	0.02284	0.01869	0.00830	0.00623	0.00208	0.00484	0.00692	0.00623	0.00969
21	0.01156	0.01088	0.01836	0.77016	0.04216	0.01360	0.01700	0.01564	0.01224	0.01564	0.01088	0.01632	0.00816	0.00612	0.00612	0.00204	0.00816	0.00544	0.00272	0.00680
22	0.01339	0.01339	0.01875	0.01607	0.01607	0.01875	0.01339	0.01473	0.00937	0.01473	0.00804	0.01339	0.00804	0.01071	0.02009	0.00268	0.77367	0.00536	0.00268	0.00670
23	0.01167	0.01109	0.01902	0.74261	0.04178	0.01367	0.04319	0.01579	0.01232	0.01579	0.01094	0.01633	0.00820	0.00608	0.00616	0.00204	0.00824	0.00551	0.00273	0.00685
24	0.02327	0.01715	0.01837	0.01408	0.01898	0.01898	0.01163	0.72628	0.02878	0.03858	0.01470	0.01470	0.01041	0.00735	0.00612	0.00184	0.00674	0.00551	0.00612	0.01041
25	0.00723	0.00620	0.00620	0.00620	0.00827	0.00517	0.00465	0.00878	0.01395	0.01654	0.06201	0.05891	0.74421	0.01550	0.00723	0.00207	0.00310	0.01292	0.00568	0.00517
26	0.00931	0.00627	0.00752	0.05547	0.00925	0.00651	0.00485	0.00999	0.00956	0.01333	0.01864	0.03586	0.02028	0.61314	0.07163	0.00548	0.00641	0.00822	0.08407	0.00421
27	0.02292	0.02770	0.01747	0.01556	0.01893	0.66925	0.01180	0.11064	0.01875	0.01788	0.01010	0.01149	0.00820	0.00644	0.00559	0.00161	0.01051	0.00414	0.00352	0.00750
28	0.82811	0.01184	0.00900	0.00805	0.01184	0.01373	0.00663	0.01799	0.01042	0.02746	0.00852	0.00994	0.00663	0.00568	0.00379	0.00189	0.00474	0.00331	0.00379	0.00663
29	0.00762	0.00552	0.00720	0.00825	0.00888	0.00510	0.00563	0.00899	0.01269	0.01700	0.14044	0.62617	0.08793	0.01796	0.00769	0.00238	0.00342	0.01618	0.00584	0.00510
30	0.01469	0.06089	0.02423	0.04522	0.46308	0.01388	0.11916	0.01810	0.01378	0.05164	0.01463	0.10551	0.01336	0.00712	0.00631	0.00191	0.00716	0.00702	0.00352	0.00879
31	0.02394	0.00964	0.01290	0.01021	0.01438	0.00834	0.00831	0.02620	0.01695	0.62074	0.05961	0.05398	0.08842	0.00899	0.00637	0.00193	0.00484	0.00744	0.00729	0.00950
32	0.00775	0.00545	0.00702	0.00815	0.00843	0.00517	0.00528	0.00860	0.01115	0.01486	0.03080	0.63004	0.03677	0.17509	0.01257	0.00319	0.00404	0.01567	0.00528	0.00471
33	0.15503	0.04993	0.01469	0.01084	0.01528	0.01228	0.00901	0.16327	0.01832	0.41255	0.06304	0.01884	0.01509	0.00741	0.00572	0.00186	0.00536	0.00573	0.00638	0.00939
34	0.10493	0.09242	0.50857	0.01638	0.06703	0.01456	0.01838	0.01873	0.01275	0.02005	0.02722	0.01319	0.00896	0.00582	0.00541	0.00182	0.00787	0.00444	0.00290	0.04857
35	0.07120	0.37212	0.11111	0.01313	0.01839	0.11507	0.04388	0.13151	0.03669	0.02030	0.01055	0.01180	0.00855	0.00589	0.00491	0.00160	0.00745	0.00414	0.00344	0.00829

[dist]
# distance from previous block
# <min> <max>
1	5

[block]
# block no. 1 follows, 37 sequences, length 84
# corresponding to MSA columns:
# 297-380
name=unknown_B
#
# <colnr> <probs for GDERKNQSTAVLIFYWHMCP>
#	G	D	E	R	K	N	Q	S	T	A	V	L	I	F	Y	W	H	M	C	P
0	0.01673	0.01428	0.06119	0.12891	0.27853	0.02782	0.07285	0.08071	0.01543	0.13930	0.01502	0.06063	0.01202	0.00683	0.00620	0.00188	0.00710	0.00625	0.00416	0.04415
1	0.01031	0.00636	0.00826	0.00884	0.00999	0.00593	0.00621	0.01228	0.04219	0.10826	0.05943	0.59454	0.06993	0.01687	0.00749	0.00236	0.00377	0.01513	0.00598	0.00588
2	0.08340	0.05147	0.01885	0.01444	0.04133	0.01689	0.06083	0.41340	0.05986	0.06413	0.01407	0.01474	0.01035	0.00687	0.00632	0.00180	0.03543	0.00530	0.00521	0.07530
3	0.01477	0.01403	0.02320	0.11505	0.60732	0.01450	0.01781	0.01962	0.07576	0.02001	0.01260	0.01594	0.01030	0.00577	0.00608	0.00186	0.00716	0.00558	0.00327	0.00938
4	0.01269	0.01088	0.01269	0.00907	0.01451	0.00816	0.00725	0.01541	0.01269	0.01995	0.01088	0.01269	0.00907	0.00453	0.00453	0.00091	0.00453	0.00363	0.00363	0.82229
5	0.01320	0.08108	0.53633	0.02118	0.16751	0.01503	0.04341	0.01920	0.01314	0.01916	0.01096	0.01326	0.00819	0.00568	0.00578	0.00187	0.00856	0.00470	0.00269	0.00907
6	0.00857	0.00625	0.00805	0.00760	0.00909	0.00574	0.00570	0.01137	0.01710	0.02401	0.69812	0.04660	0.10343	0.01271	0.00722	0.00193	0.00290	0.01119	0.00667	0.00574
7	0.00862	0.00626	0.00812	0.00765	0.00912	0.00576	0.00574	0.01146	0.01722	0.02429	0.72198	0.04614	0.07940	0.01261	0.00722	0.00193	0.00289	0.01113	0.00671	0.00576
8	0.00725	0.00613	0.00627	0.00638	0.00831	0.00515	0.00473	0.00877	0.01378	0.01647	0.05987	0.11370	0.69080	0.01578	0.00728	0.00210	0.00313	0.01326	0.00568	0.00515
9	0.00723	0.00620	0.00620	0.00620	0.00827	0.00517	0.00465	0.00878	0.01395	0.01654	0.06201	0.05891	0.74421	0.01550	0.00723	0.00207	0.00310	0.01292	0.00568	0.00517
10	0.01339	0.01339	0.01875	0.01607	0.01607	0.01875	0.01339	0.01473	0.00937	0.01473	0.00804	0.01339	0.00804	0.01071	0.02009	0.00268	0.77367	0.00536	0.00268	0.00670
11	0.01637	0.78856	0.03208	0.01047	0.01571	0.02422	0.01047	0.01833	0.01244	0.01440	0.00851	0.00982	0.00786	0.00524	0.00393	0.00131	0.00655	0.00327	0.00262	0.00786
12	0.02746	0.01042	0.01421	0.01089	0.01563	0.00900	0.00900	0.02983	0.01752	0.75093	0.02415	0.02083	0.01515	0.00758	0.00616	0.00189	0.00521	0.00616	0.00758	0.01042
13	0.00866	0.00626	0.00818	0.00770	0.00914	0.00578	0.00578	0.01155	0.01733	0.02455	0.74346	0.04572	0.05776	0.01251	0.00722	0.00193	0.00289	0.01107	0.00674	0.00578
14	0.01156	0.01088	0.01836	0.77016	0.04216	0.01360	0.01700	0.01564	0.01224	0.01564	0.01088	0.01632	0.00816	0.00612	0.00612	0.00204	0.00816	0.00544	0.00272	0.00680
15	0.01269	0.01088	0.01269	0.00907	0.01451	0.00816	0.00725	0.01541	0.01269	0.01995	0.01088	0.01269	0.00907	0.00453	0.00453	0.00091	0.00453	0.00363	0.00363	0.82229
16	0.00890	0.00593	0.00668	0.00668	0.00668	0.00593	0.00371	0.00890	0.00890	0.01187	0.01929	0.04006	0.02225	0.78487	0.03116	0.00593	0.00593	0.00890	0.00371	0.00371
17	0.00868	0.00624	0.00811	0.00765	0.00902	0.00578	0.00567	0.01142	0.01690	0.02390	0.70674	0.04544	0.05596	0.05168	0.00843	0.00213	0.00304	0.01096	0.00658	0.00567
18	0.01287	0.12570	0.61438	0.01665	0.04038	0.01522	0.02034	0.01907	0.01287	0.01880	0.01068	0.01257	0.00787	0.00568	0.00553	0.00181	0.00850	0.00435	0.00264	0.04410
19	0.01228	0.03166	0.75316	0.01745	0.02649	0.01422	0.02262	0.01939	0.01292	0.01939	0.01099	0.01292	0.00775	0.00582	0.00582	0.00194	0.00905	0.00452	0.00258	0.00905
20	0.05405	0.75250	0.03101	0.01036	0.01553	0.02373	0.01030	0.01831	0.01234	0.01501	0.00851	0.00983	0.00780	0.00526	0.00392	0.00134	0.00646	0.00328	0.00267	0.00780
21	0.00849	0.02820	0.00796	0.00719	0.00857	0.00613	0.00517	0.01032	0.01429	0.01909	0.35885	0.07699	0.23390	0.17415	0.01214	0.00280	0.00371	0.01116	0.00566	0.00521
22	0.00746	0.00533	0.00710	0.00852	0.00888	0.00497	0.00568	0.00852	0.01172	0.01563	0.03374	0.78088	0.04049	0.01918	0.00781	0.00249	0.00355	0.01740	0.00568	0.00497
23	0.00884	0.00597	0.00784	0.00865	0.00920	0.00590	0.00592	0.00997	0.01152	0.04495	0.02959	0.58168	0.03431	0.10236	0.04185	0.00311	0.03345	0.01469	0.03503	0.00517
24	0.01456	0.01608	0.08815	0.13412	0.51262	0.03405	0.07417	0.01862	0.01375	0.01919	0.01140	0.01511	0.00924	0.00558	0.00612	0.00187	0.00789	0.00547	0.00296	0.00906
25	0.00837	0.00625	0.00778	0.00740	0.00897	0.00565	0.00555	0.01099	0.01665	0.02293	0.60573	0.04839	0.19649	0.01312	0.00722	0.00195	0.00293	0.01144	0.00653	0.00565
26	0.01407	0.00786	0.01018	0.00889	0.01135	0.00733	0.00691	0.01791	0.07130	0.21465	0.50134	0.03750	0.04368	0.01091	0.00687	0.00193	0.00364	0.00947	0.00692	0.00728
27	0.01364	0.01128	0.01340	0.03194	0.06990	0.01246	0.01012	0.07582	0.37707	0.02318	0.02602	0.12549	0.03783	0.01101	0.00682	0.00222	0.00519	0.13263	0.00571	0.00827
28	0.02727	0.01073	0.01440	0.01104	0.01578	0.00946	0.00912	0.06236	0.01805	0.71766	0.02371	0.02055	0.01493	0.00757	0.00615	0.00189	0.00528	0.00613	0.00751	0.01042
29	0.02746	0.01042	0.01421	0.01089	0.01563	0.00900	0.00900	0.02983	0.01752	0.75093	0.02415	0.02083	0.01515	0.00758	0.00616	0.00189	0.00521	0.00616	0.00758	0.01042
30	0.01533	0.01578	0.04837	0.03545	0.65767	0.04457	0.05493	0.01908	0.01407	0.01976	0.01146	0.01498	0.00954	0.00548	0.00609	0.00182	0.00764	0.00545	0.00302	0.00950
31	0.01254	0.06139	0.69068	0.01756	0.02632	0.01468	0.05491	0.01935	0.01298	0.01920	0.01095	0.01297	0.00783	0.00576	0.00581	0.00192	0.00901	0.00460	0.00261	0.00896
32	0.01380	0.01432	0.02106	0.01733	0.01850	0.05166	0.12556	0.01579	0.01056	0.01549	0.00914	0.01423	0.00853	0.01111	0.04852	0.00283	0.58622	0.00564	0.00279	0.00691
33	0.82811	0.01184	0.00900	0.00805	0.01184	0.01373	0.00663	0.01799	0.01042	0.02746	0.00852	0.00994	0.00663	0.00568	0.00379	0.00189	0.00474	0.00331	0.00379	0.00663
34	0.02780	0.01073	0.01449	0.01118	0.01593	0.00925	0.00918	0.03003	0.01776	0.74608	0.02450	0.02139	0.01553	0.00786	0.00634	0.00198	0.00536	0.00629	0.00770	0.01062
35	0.02722	0.01165	0.01507	0.01162	0.01639	0.01063	0.00954	0.12600	0.01931	0.64791	0.02320	0.02055	0.01488	0.00783	0.00634	0.00197	0.00557	0.00620	0.00750	0.01062
36	0.82271	0.01214	0.00932	0.00836	0.01217	0.01395	0.00683	0.01828	0.01071	0.02780	0.00899	0.01058	0.00707	0.00598	0.00399	0.00198	0.00489	0.00347	0.00394	0.00686
37	0.02780	0.01073	0.01449	0.01118	0.01593	0.00925	0.00918	0.03003	0.01776	0.74608	0.02450	0.02139	0.01553	0.00786	0.00634	0.00198	0.00536	0.00629	0.00770	0.01062
38	0.00790	0.00655	0.00680	0.00672	0.00874	0.00553	0.00501	0.00949	0.01465	0.01799	0.15049	0.05749	0.65031	0.01534	0.00741	0.00213	0.00324	0.01277	0.00596	0.00549
39	0.01201	0.01119	0.01862	0.76501	0.04227	0.01382	0.01712	0.01594	0.01252	0.01606	0.01133	0.01691	0.00859	0.00642	0.00631	0.00212	0.00829	0.00558	0.00288	0.00703
40	0.01313	0.01119	0.01299	0.00937	0.01482	0.00842	0.00745	0.01571	0.01297	0.02034	0.01133	0.01331	0.00949	0.00484	0.00473	0.00099	0.00469	0.00378	0.00378	0.81668
41	0.00794	0.00567	0.00744	0.00883	0.00923	0.00526	0.00589	0.00887	0.01200	0.01605	0.03402	0.77599	0.04068	0.01938	0.00799	0.00256	0.00371	0.01746	0.00582	0.00521
42	0.00913	0.00660	0.00851	0.00802	0.00949	0.00605	0.00598	0.01188	0.01757	0.02490	0.73866	0.04611	0.05783	0.01276	0.00740	0.00201	0.00306	0.01117	0.00687	0.00601
43	0.02363	0.01741	0.01863	0.01435	0.01926	0.01917	0.01180	0.72149	0.02894	0.03883	0.01511	0.01530	0.01082	0.00763	0.00631	0.00192	0.00688	0.00565	0.00626	0.01061
44	0.01565	0.01344	0.01413	0.01274	0.01622	0.01544	0.00986	0.03271	0.73072	0.02595	0.02526	0.02338	0.01904	0.00858	0.00641	0.00216	0.00500	0.00705	0.00636	0.00990
45	0.00913	0.00660	0.00851	0.00802	0.00949	0.00605	0.00598	0.01188	0.01757	0.02490	0.73866	0.04611	0.05783	0.01276	0.00740	0.00201	0.00306	0.01117	0.00687	0.00601
46	0.00779	0.00654	0.00666	0.00661	0.00867	0.00548	0.00492	0.00929	0.01440	0.01739	0.09978	0.05847	0.70139	0.01557	0.00741	0.00214	0.00325	0.01290	0.00588	0.00544
47	0.02489	0.01467	0.01684	0.01306	0.01785	0.01519	0.01070	0.42562	0.05522	0.31019	0.01916	0.01800	0.01299	0.00776	0.00633	0.00195	0.00621	0.00596	0.00682	0.01058
48	0.01531	0.01237	0.01391	0.01076	0.01566	0.01125	0.00854	0.09486	0.18580	0.04696	0.01547	0.01618	0.01210	0.00612	0.00535	0.00140	0.00502	0.00484	0.00478	0.51333
49	0.02212	0.01642	0.01760	0.01394	0.01855	0.01814	0.01133	0.56263	0.17150	0.05528	0.01743	0.01711	0.01262	0.00783	0.00633	0.00197	0.00645	0.00595	0.00632	0.01047
50	0.02434	0.01224	0.01503	0.01175	0.01629	0.01173	0.00957	0.19674	0.05594	0.46039	0.06838	0.02129	0.01707	0.00804	0.00634	0.00193	0.00553	0.00639	0.00706	0.04396
51	0.01570	0.58293	0.22312	0.01262	0.01887	0.02172	0.01386	0.01889	0.01284	0.01615	0.00963	0.01128	0.00826	0.00569	0.00463	0.00156	0.00735	0.00376	0.00277	0.00839
52	0.74858	0.01263	0.01019	0.00892	0.01283	0.01444	0.00729	0.08351	0.01240	0.02882	0.00955	0.01102	0.00742	0.00613	0.00421	0.00197	0.00507	0.00367	0.00415	0.00721
53	0.01125	0.00684	0.00808	0.00786	0.00907	0.00744	0.00597	0.01355	0.01194	0.01999	0.01856	0.02376	0.01570	0.05341	0.19019	0.00385	0.06420	0.00617	0.51631	0.00587
54	0.00793	0.00570	0.00741	0.00875	0.00921	0.00526	0.00585	0.00888	0.01208	0.01608	0.03499	0.75115	0.06490	0.01925	0.00797	0.00255	0.00370	0.01730	0.00582	0.00522
55	0.05190	0.74968	0.03124	0.01066	0.01585	0.02391	0.01048	0.01859	0.01263	0.01540	0.00897	0.01046	0.00823	0.00556	0.00412	0.00142	0.00661	0.00343	0.00283	0.00802
56	0.01313	0.01272	0.01829	0.01573	0.01620	0.01704	0.04122	0.01463	0.00995	0.01527	0.01000	0.01582	0.00967	0.01634	0.13717	0.00387	0.61745	0.00576	0.00295	0.00679
57	0.02363	0.01741	0.01863	0.01435	0.01926	0.01917	0.01180	0.72149	0.02894	0.03883	0.01511	0.01530	0.01082	0.00763	0.00631	0.00192	0.00688	0.00565	0.00626	0.01061
58	0.00794	0.00567	0.00744	0.00883	0.00923	0.00526	0.00589	0.00887	0.01200	0.01605	0.03402	0.77599	0.04068	0.01938	0.00799	0.00256	0.00371	0.01746	0.00582	0.00521
59	0.01331	0.14079	0.64434	0.01669	0.02517	0.01587	0.02095	0.01951	0.01312	0.01906	0.01107	0.01309	0.00820	0.00603	0.00573	0.00193	0.00881	0.00449	0.00275	0.00909
60	0.01201	0.01119	0.01862	0.76501	0.04227	0.01382	0.01712	0.01594	0.01252	0.01606	0.01133	0.01691	0.00859	0.00642	0.00631	0.00212	0.00829	0.00558	0.00288	0.00703
61	0.09742	0.01114	0.01422	0.01107	0.01574	0.01010	0.00908	0.05913	0.01763	0.65218	0.02273	0.02018	0.01458	0.00769	0.00613	0.00197	0.00538	0.00601	0.00731	0.01029
62	0.01364	0.01292	0.02176	0.42455	0.31419	0.01432	0.04819	0.01787	0.03636	0.01824	0.01208	0.01667	0.00957	0.00619	0.00633	0.00204	0.00793	0.00571	0.00313	0.00831
63	0.01177	0.01066	0.01507	0.01357	0.01410	0.01403	0.01100	0.01336	0.00988	0.01493	0.01219	0.01871	0.01168	0.02652	0.34729	0.00592	0.43380	0.00603	0.00310	0.00638
64	0.01218	0.01136	0.01892	0.73087	0.07511	0.01387	0.01721	0.01609	0.01260	0.01626	0.01135	0.01686	0.00866	0.00638	0.00630	0.00211	0.00825	0.00558	0.00289	0.00716
65	0.02780	0.01073	0.01449	0.01118	0.01593	0.00925	0.00918	0.03003	0.01776	0.74608	0.02450	0.02139	0.01553	0.00786	0.00634	0.00198	0.00536	0.00629	0.00770	0.01062
66	0.02363	0.01741	0.01863	0.01435	0.01926	0.01917	0.01180	0.72149	0.02894	0.03883	0.01511	0.01530	0.01082	0.00763	0.00631	0.00192	0.00688	0.00565	0.00626	0.01061
67	0.01272	0.03182	0.74815	0.01769	0.02672	0.01443	0.02270	0.01966	0.01319	0.01978	0.01143	0.01354	0.00819	0.00611	0.00600	0.00202	0.00917	0.00467	0.00274	0.00926
68	0.01033	0.00738	0.01018	0.01156	0.01301	0.00731	0.01004	0.01300	0.01435	0.01872	0.03270	0.06926	0.03546	0.01713	0.00862	0.00289	0.00578	0.70061	0.00577	0.00587
69	0.01313	0.01119	0.01299	0.00937	0.01482	0.00842	0.00745	0.01571	0.01297	0.02034	0.01133	0.01331	0.00949	0.00484	0.00473	0.00099	0.00469	0.00378	0.00378	0.81668
70	0.01488	0.01678	0.03625	0.02599	0.03218	0.01569	0.71951	0.01988	0.01471	0.02000	0.01282	0.01710	0.00971	0.00546	0.00740	0.00214	0.01043	0.00735	0.00325	0.00847
71	0.21717	0.01106	0.01326	0.01051	0.01503	0.01037	0.00862	0.02723	0.01608	0.57497	0.02080	0.01882	0.01352	0.00741	0.00578	0.00198	0.00525	0.00562	0.00680	0.00972
72	0.00937	0.00628	0.00702	0.00700	0.00704	0.00621	0.00393	0.00925	0.00920	0.01232	0.01967	0.04048	0.02258	0.77959	0.03116	0.00599	0.00608	0.00902	0.00386	0.00396
73	0.00934	0.00735	0.00993	0.01033	0.01135	0.00736	0.04015	0.01236	0.09584	0.01736	0.03121	0.62899	0.03571	0.01721	0.00815	0.00250	0.02782	0.01540	0.00567	0.00597
74	0.00933	0.00645	0.00787	0.00785	0.00819	0.00668	0.00499	0.00980	0.00945	0.01295	0.01889	0.03615	0.02070	0.57981	0.22837	0.00704	0.00891	0.00838	0.00374	0.00444
75	0.01655	0.74751	0.03103	0.01055	0.01562	0.02352	0.01036	0.01842	0.01273	0.01522	0.00950	0.01105	0.00864	0.00563	0.00415	0.00140	0.00652	0.00354	0.04008	0.00798
76	0.00893	0.00659	0.00823	0.00780	0.00937	0.00597	0.00582	0.01149	0.01709	0.02376	0.64174	0.04798	0.15546	0.01319	0.00740	0.00203	0.00309	0.01143	0.00672	0.00593
77	0.00771	0.00654	0.00655	0.00653	0.00862	0.00545	0.00486	0.00913	0.01422	0.01695	0.06209	0.05920	0.73936	0.01573	0.00741	0.00215	0.00327	0.01300	0.00582	0.00541
78	0.01040	0.00804	0.01124	0.01075	0.01186	0.00950	0.00838	0.03789	0.01084	0.01582	0.01600	0.02358	0.01494	0.06892	0.58173	0.00824	0.10507	0.00657	0.03426	0.00597
79	0.01369	0.04340	0.41616	0.11668	0.04742	0.01483	0.20296	0.01942	0.01361	0.03500	0.01201	0.01505	0.00884	0.00600	0.00637	0.00205	0.00920	0.00551	0.00301	0.00878
80	0.02780	0.01073	0.01449	0.01118	0.01593	0.00925	0.00918	0.03003	0.01776	0.74608	0.02450	0.02139	0.01553	0.00786	0.00634	0.00198	0.00536	0.00629	0.00770	0.01062
81	0.00921	0.00690	0.01016	0.01014	0.01127	0.00792	0.00784	0.01126	0.01013	0.01464	0.01680	0.02458	0.01568	0.04592	0.75540	0.00986	0.01647	0.00669	0.00343	0.00570
82	0.01438	0.01554	0.03208	0.02416	0.05600	0.01499	0.58240	0.01879	0.01415	0.01963	0.01379	0.05279	0.01135	0.00658	0.00814	0.00217	0.06118	0.00757	0.03614	0.00817
83	0.01453	0.01573	0.03236	0.13665	0.11525	0.01531	0.53506	0.01920	0.01433	0.01946	0.01250	0.01692	0.00959	0.00564	0.00711	0.00211	0.00977	0.00689	0.00319	0.00843

[dist]
# distance from previous block
# <min> <max>
0	245

# created by:
# /software/SequenceAnalysis/GenePrediction/augustus/3.0.1/scripts/msa2prfl.pl ./fixed/BUSCOvEOG73V18R.fas
