[name]
unknown

[dist]
# distance from previous block
# <min> <max>
15	728

[block]
# block no. 0 follows, 38 sequences, length 8
# corresponding to MSA columns:
# 738-745
name=unknown_A
#
# <colnr> <probs for GDERKNQSTAVLIFYWHMCP>
#	G	D	E	R	K	N	Q	S	T	A	V	L	I	F	Y	W	H	M	C	P
0	0.01208	0.01070	0.01065	0.00953	0.01213	0.09738	0.00707	0.07798	0.01438	0.01902	0.08213	0.26245	0.07218	0.05840	0.00771	0.00200	0.00497	0.00954	0.00476	0.22494
1	0.01797	0.01536	0.06568	0.01589	0.11127	0.01511	0.01190	0.40568	0.07156	0.02941	0.01646	0.10688	0.01397	0.00814	0.00608	0.00184	0.00618	0.00670	0.00518	0.06874
2	0.01892	0.01340	0.01529	0.05841	0.01776	0.01432	0.01019	0.38404	0.10741	0.10631	0.01836	0.10971	0.01504	0.00847	0.00611	0.00185	0.00577	0.00691	0.00572	0.07601
3	0.42541	0.01556	0.11677	0.06314	0.04044	0.01430	0.15034	0.07189	0.01291	0.02429	0.01013	0.01232	0.00763	0.00565	0.00503	0.00190	0.00673	0.00452	0.00352	0.00752
4	0.01333	0.20496	0.50258	0.01791	0.10976	0.01628	0.01902	0.01874	0.01271	0.01799	0.01030	0.01226	0.00787	0.00554	0.00532	0.00175	0.00812	0.00427	0.00260	0.00870
5	0.01697	0.01583	0.07563	0.13340	0.30530	0.05086	0.01541	0.15853	0.07251	0.07630	0.01361	0.01560	0.01029	0.00625	0.00595	0.00184	0.00715	0.00539	0.00406	0.00913
6	0.01024	0.00743	0.00999	0.08234	0.01336	0.00756	0.02147	0.06382	0.03874	0.04379	0.11517	0.41634	0.04658	0.06165	0.00901	0.02439	0.00448	0.01252	0.00530	0.00582
7	0.01296	0.01108	0.01620	0.10994	0.27586	0.01131	0.01212	0.10725	0.01451	0.01989	0.01920	0.16854	0.05760	0.06790	0.00812	0.00220	0.00595	0.00818	0.00408	0.06712

[dist]
# distance from previous block
# <min> <max>
7	9

[block]
# block no. 1 follows, 38 sequences, length 27
# corresponding to MSA columns:
# 755-781
name=unknown_B
#
# <colnr> <probs for GDERKNQSTAVLIFYWHMCP>
#	G	D	E	R	K	N	Q	S	T	A	V	L	I	F	Y	W	H	M	C	P
0	0.01429	0.01624	0.07373	0.02288	0.08633	0.01501	0.46814	0.02201	0.17543	0.02060	0.01475	0.01728	0.01112	0.00582	0.00670	0.00200	0.00863	0.00673	0.00369	0.00859
1	0.00925	0.00741	0.01106	0.01488	0.17396	0.00718	0.00872	0.01096	0.01210	0.01641	0.02773	0.53034	0.03205	0.04106	0.00810	0.00244	0.00455	0.07094	0.00494	0.00593
2	0.01145	0.01024	0.01632	0.39136	0.11235	0.01213	0.01430	0.01473	0.01228	0.01648	0.01590	0.04230	0.01501	0.00983	0.02322	0.00237	0.08967	0.16234	0.02105	0.00666
3	0.01418	0.01607	0.03463	0.02535	0.05049	0.01529	0.68627	0.01909	0.01402	0.01912	0.01201	0.01609	0.00910	0.00526	0.00749	0.00204	0.03537	0.00699	0.00303	0.00810
4	0.01786	0.20624	0.01887	0.01296	0.01610	0.41916	0.01039	0.01963	0.01425	0.01442	0.01059	0.01340	0.00936	0.01460	0.17383	0.00329	0.01096	0.00429	0.00300	0.00680
5	0.00777	0.00555	0.00730	0.00812	0.00875	0.00519	0.00559	0.00928	0.01288	0.01755	0.22310	0.53069	0.04321	0.05982	0.00881	0.00249	0.00349	0.02961	0.00575	0.00504
6	0.01204	0.01185	0.01871	0.08794	0.01944	0.02845	0.13165	0.01441	0.01068	0.01530	0.01198	0.05445	0.01128	0.01720	0.18104	0.00401	0.35369	0.00640	0.00299	0.00650
7	0.01073	0.00968	0.01582	0.60374	0.03422	0.01166	0.01425	0.01448	0.01314	0.01732	0.17455	0.02246	0.01885	0.00741	0.00625	0.00198	0.00687	0.00658	0.00355	0.00646
8	0.00980	0.00617	0.00805	0.00857	0.00967	0.00575	0.00604	0.01178	0.03761	0.09468	0.12706	0.55620	0.06280	0.01630	0.00736	0.00228	0.00360	0.01462	0.00594	0.00572
9	0.01420	0.01623	0.03550	0.02535	0.03144	0.01521	0.72921	0.01927	0.01420	0.01927	0.01217	0.01623	0.00913	0.00507	0.00710	0.00203	0.01014	0.00710	0.00304	0.00811
10	0.01385	0.01350	0.01200	0.01081	0.01345	0.15688	0.00835	0.07722	0.19984	0.02064	0.10079	0.03242	0.25043	0.01048	0.00716	0.00194	0.04960	0.00829	0.00521	0.00714
11	0.00761	0.00550	0.00758	0.00866	0.00917	0.00547	0.00601	0.00890	0.01111	0.01505	0.02937	0.61550	0.03429	0.02469	0.17595	0.00405	0.00630	0.01473	0.00506	0.00499
12	0.01027	0.00614	0.00631	0.00617	0.00758	0.00598	0.00444	0.03649	0.01272	0.01969	0.02851	0.03302	0.17934	0.14629	0.00956	0.00233	0.00352	0.00773	0.46862	0.00530
13	0.02136	0.02342	0.01654	0.01444	0.01792	0.48207	0.01111	0.18856	0.10317	0.02154	0.01256	0.01337	0.00978	0.00669	0.00561	0.00166	0.00892	0.00462	0.02867	0.00798
14	0.02109	0.01628	0.01947	0.01897	0.18145	0.01769	0.01300	0.57262	0.02504	0.03385	0.01375	0.01454	0.01007	0.00681	0.00600	0.00180	0.00674	0.00540	0.00534	0.01007
15	0.02367	0.01488	0.17921	0.01214	0.01773	0.00998	0.01182	0.02704	0.01621	0.59159	0.02086	0.01875	0.01328	0.00706	0.00598	0.00187	0.00596	0.00569	0.00636	0.00994
16	0.01269	0.02738	0.59449	0.02154	0.18719	0.01404	0.02139	0.01892	0.01292	0.01919	0.01091	0.01319	0.00804	0.00564	0.00577	0.00188	0.00850	0.00465	0.00264	0.00903
17	0.01527	0.01559	0.02223	0.17076	0.51948	0.11647	0.01720	0.01865	0.01385	0.01819	0.01092	0.01455	0.00901	0.00560	0.00589	0.00179	0.00781	0.00515	0.00294	0.00865
18	0.01269	0.02738	0.59449	0.02154	0.18719	0.01404	0.02139	0.01892	0.01292	0.01919	0.01091	0.01319	0.00804	0.00564	0.00577	0.00188	0.00850	0.00465	0.00264	0.00903
19	0.00733	0.00524	0.00698	0.00838	0.00873	0.00489	0.00558	0.00838	0.01152	0.01536	0.03316	0.78466	0.03979	0.01885	0.00768	0.00244	0.00349	0.01710	0.00558	0.00489
20	0.01269	0.18494	0.02274	0.53136	0.03468	0.01587	0.08474	0.01634	0.01228	0.01548	0.01032	0.01464	0.00806	0.00573	0.00564	0.00185	0.00787	0.00504	0.00269	0.00705
21	0.00860	0.00641	0.00951	0.00951	0.01053	0.00743	0.00732	0.01064	0.00962	0.01385	0.01626	0.02445	0.01539	0.08351	0.72684	0.00947	0.01558	0.00656	0.00324	0.00528
22	0.01296	0.20028	0.59607	0.01562	0.02368	0.01616	0.01957	0.01882	0.01259	0.01796	0.01026	0.01202	0.00764	0.00559	0.00530	0.00177	0.00834	0.00417	0.00255	0.00863
23	0.01512	0.01089	0.01766	0.54413	0.09369	0.01244	0.01510	0.01872	0.01332	0.18017	0.01364	0.01693	0.00967	0.00628	0.00602	0.00196	0.00730	0.00550	0.00376	0.00771
24	0.41976	0.06047	0.14428	0.01129	0.01630	0.01557	0.01084	0.21333	0.01573	0.02786	0.01046	0.01156	0.00779	0.00603	0.00471	0.00182	0.00604	0.00406	0.00408	0.00802
25	0.01462	0.01423	0.02494	0.08091	0.64860	0.01431	0.07683	0.01834	0.01364	0.01936	0.01135	0.01507	0.00940	0.00538	0.00605	0.00182	0.00745	0.00550	0.00296	0.00924
26	0.02255	0.02641	0.01724	0.01518	0.01861	0.62180	0.01159	0.15924	0.01920	0.01916	0.01028	0.01154	0.00822	0.00639	0.00554	0.00160	0.01004	0.00417	0.00366	0.00760

[dist]
# distance from previous block
# <min> <max>
11	12

[block]
# block no. 2 follows, 38 sequences, length 7
# corresponding to MSA columns:
# 797-803
name=unknown_C
#
# <colnr> <probs for GDERKNQSTAVLIFYWHMCP>
#	G	D	E	R	K	N	Q	S	T	A	V	L	I	F	Y	W	H	M	C	P
0	0.01469	0.14846	0.55071	0.01539	0.02316	0.01498	0.01876	0.02025	0.01329	0.10793	0.01217	0.01342	0.00870	0.00596	0.00554	0.00184	0.00810	0.00451	0.00321	0.00896
1	0.01898	0.02038	0.01765	0.13693	0.11975	0.36569	0.01285	0.13749	0.01747	0.01985	0.01283	0.01498	0.03153	0.00666	0.00576	0.00174	0.00868	0.00496	0.03803	0.00778
2	0.01044	0.00812	0.00921	0.00885	0.01095	0.00814	0.00672	0.01639	0.20813	0.04131	0.21658	0.13204	0.24287	0.01299	0.00701	0.00211	0.00374	0.04167	0.00609	0.00665
3	0.01634	0.01287	0.02107	0.02970	0.54342	0.01263	0.01593	0.01956	0.01438	0.13541	0.01595	0.02245	0.01359	0.00718	0.00633	0.00195	0.00669	0.09125	0.00406	0.00924
4	0.00969	0.00735	0.00844	0.00852	0.01011	0.00649	0.00620	0.01108	0.01531	0.02020	0.27312	0.16288	0.33053	0.04358	0.00881	0.00254	0.00396	0.05867	0.00637	0.00616
5	0.05695	0.01539	0.02135	0.05862	0.43867	0.04441	0.01555	0.13294	0.01711	0.07106	0.01449	0.01754	0.01163	0.00711	0.00649	0.00210	0.00731	0.00581	0.04551	0.00994
6	0.01675	0.00891	0.01085	0.00984	0.01265	0.00771	0.00753	0.01811	0.01585	0.29758	0.06538	0.15947	0.27051	0.01374	0.00757	0.00239	0.00470	0.05563	0.00685	0.00799

[dist]
# distance from previous block
# <min> <max>
0	8

[block]
# block no. 3 follows, 38 sequences, length 27
# corresponding to MSA columns:
# 812-838
name=unknown_D
#
# <colnr> <probs for GDERKNQSTAVLIFYWHMCP>
#	G	D	E	R	K	N	Q	S	T	A	V	L	I	F	Y	W	H	M	C	P
0	0.00793	0.00561	0.00717	0.00808	0.00852	0.00535	0.00534	0.02057	0.01174	0.01578	0.08806	0.57916	0.03747	0.15555	0.01170	0.00299	0.00391	0.01492	0.00533	0.00482
1	0.01432	0.00795	0.00972	0.00901	0.01112	0.00772	0.00679	0.10928	0.01548	0.17594	0.07068	0.33267	0.02712	0.01228	0.00643	0.00201	0.00408	0.01068	0.15983	0.00690
2	0.16964	0.41914	0.04153	0.01328	0.01824	0.08122	0.14665	0.01871	0.01263	0.01769	0.00922	0.01108	0.00776	0.00531	0.00462	0.00157	0.00722	0.00404	0.00292	0.00753
3	0.03404	0.01503	0.01752	0.01397	0.01774	0.05571	0.07172	0.42305	0.02224	0.02996	0.10954	0.02149	0.01730	0.00846	0.00743	0.00195	0.06884	0.05006	0.00534	0.00863
4	0.16970	0.01746	0.21764	0.01262	0.01781	0.01372	0.01242	0.04776	0.28336	0.12150	0.01726	0.01686	0.01245	0.00688	0.00555	0.00194	0.00598	0.00534	0.00486	0.00890
5	0.08124	0.01452	0.05071	0.07022	0.24498	0.04611	0.15252	0.01890	0.01358	0.08042	0.01200	0.01455	0.00928	0.00542	0.00569	0.00169	0.00714	0.00514	0.00350	0.16238
6	0.01457	0.01467	0.01383	0.01504	0.09517	0.21304	0.01071	0.01990	0.16534	0.01866	0.03431	0.09990	0.02210	0.01095	0.00675	0.00214	0.00676	0.22430	0.00475	0.00713
7	0.01268	0.00729	0.00829	0.00761	0.00920	0.00750	0.00565	0.07479	0.01363	0.08022	0.06489	0.06176	0.01959	0.15609	0.02709	0.00261	0.03246	0.00709	0.39556	0.00601
8	0.01667	0.01167	0.01410	0.01196	0.01531	0.01221	0.04312	0.29697	0.06483	0.09481	0.02486	0.09337	0.08125	0.01060	0.00665	0.00207	0.00558	0.14002	0.04587	0.00810
9	0.20449	0.01436	0.01528	0.01388	0.07673	0.01596	0.01032	0.32520	0.19010	0.03041	0.01506	0.01524	0.01120	0.00684	0.00547	0.00185	0.00572	0.00519	0.00520	0.03149
10	0.01063	0.00938	0.01400	0.04819	0.01558	0.00993	0.11108	0.01554	0.14922	0.01820	0.05653	0.37523	0.02707	0.01287	0.00814	0.00224	0.07077	0.01152	0.00492	0.02897
11	0.01432	0.04970	0.07566	0.07623	0.01786	0.01243	0.01043	0.05067	0.27292	0.06779	0.07667	0.02110	0.01711	0.00734	0.00575	0.00173	0.00536	0.02724	0.00491	0.18477
12	0.02051	0.01164	0.05403	0.01076	0.01443	0.07054	0.00894	0.02283	0.01586	0.45128	0.08522	0.16523	0.02215	0.00981	0.00637	0.00195	0.00530	0.00827	0.00639	0.00850
13	0.01345	0.18842	0.54493	0.01598	0.02372	0.04948	0.04749	0.01907	0.01286	0.01785	0.01028	0.01213	0.00771	0.00559	0.00537	0.00177	0.00852	0.00427	0.00259	0.00853
14	0.00947	0.00543	0.00700	0.00735	0.00771	0.00536	0.00486	0.00932	0.00982	0.01414	0.01946	0.21354	0.02087	0.16276	0.02819	0.30373	0.00462	0.00893	0.15349	0.00396
15	0.01280	0.08420	0.24881	0.02250	0.30301	0.02420	0.01629	0.01697	0.02288	0.01819	0.01517	0.15876	0.01458	0.00804	0.00602	0.00190	0.00696	0.00710	0.00334	0.00827
16	0.01205	0.01138	0.01568	0.17604	0.04888	0.04674	0.02634	0.01398	0.01078	0.01476	0.01336	0.03907	0.01350	0.15625	0.01623	0.00301	0.30826	0.06443	0.00318	0.00610
17	0.02877	0.00957	0.01238	0.01224	0.07331	0.00984	0.05269	0.17779	0.01601	0.02341	0.02135	0.26034	0.02088	0.01052	0.00604	0.00190	0.00475	0.00923	0.24204	0.00694
18	0.01583	0.01634	0.03221	0.02319	0.02903	0.01586	0.59405	0.15329	0.01685	0.02278	0.01260	0.01589	0.00934	0.00548	0.00690	0.00199	0.00948	0.00678	0.00360	0.00851
19	0.01329	0.01425	0.02873	0.02081	0.02627	0.01298	0.53165	0.01757	0.01365	0.01900	0.01368	0.08092	0.01170	0.00613	0.00665	0.00185	0.00851	0.00728	0.00336	0.16173
20	0.01316	0.01211	0.02001	0.15167	0.49490	0.01255	0.01539	0.01613	0.01249	0.01745	0.01265	0.01969	0.01161	0.15295	0.01061	0.00258	0.00704	0.00600	0.00305	0.00796
21	0.00911	0.00628	0.00739	0.00727	0.00904	0.00550	0.00539	0.01094	0.01442	0.07778	0.22655	0.18845	0.38077	0.01454	0.00713	0.00206	0.00325	0.01253	0.00600	0.00561
22	0.01266	0.01161	0.01912	0.25482	0.39562	0.01242	0.01514	0.01570	0.01226	0.01685	0.01257	0.01985	0.01140	0.15305	0.01062	0.00261	0.00716	0.00599	0.00301	0.00756
23	0.01307	0.08825	0.51373	0.01618	0.02356	0.01503	0.06291	0.02141	0.14975	0.01982	0.01326	0.01451	0.00975	0.00609	0.00573	0.00189	0.00799	0.00496	0.00325	0.00887
24	0.00779	0.00549	0.00713	0.00826	0.00863	0.00523	0.00556	0.00878	0.01119	0.01488	0.03037	0.58509	0.03599	0.16361	0.01205	0.00311	0.00410	0.07282	0.00522	0.00471
25	0.01214	0.02727	0.61714	0.01560	0.02382	0.01285	0.01938	0.01832	0.01266	0.01916	0.01078	0.01266	0.00786	0.00548	0.00548	0.00171	0.00806	0.00428	0.00273	0.16264
26	0.00789	0.00624	0.00931	0.00962	0.01059	0.00577	0.06660	0.00932	0.01193	0.01576	0.03375	0.65793	0.09752	0.01738	0.00758	0.00237	0.00401	0.01588	0.00537	0.00518

[dist]
# distance from previous block
# <min> <max>
0	7

[block]
# block no. 4 follows, 38 sequences, length 8
# corresponding to MSA columns:
# 846-853
name=unknown_E
#
# <colnr> <probs for GDERKNQSTAVLIFYWHMCP>
#	G	D	E	R	K	N	Q	S	T	A	V	L	I	F	Y	W	H	M	C	P
0	0.02075	0.01787	0.01594	0.01310	0.01708	0.19780	0.01044	0.38435	0.07802	0.07402	0.01949	0.01918	0.08907	0.00791	0.00600	0.00179	0.00703	0.00596	0.00536	0.00884
1	0.01122	0.05788	0.01168	0.11903	0.01549	0.01000	0.00827	0.08993	0.08513	0.01968	0.03500	0.08704	0.29560	0.01145	0.00643	0.00199	0.00470	0.05629	0.06668	0.00651
2	0.01672	0.01651	0.02324	0.07912	0.42960	0.11418	0.08862	0.12012	0.01615	0.02126	0.01154	0.01450	0.00925	0.00575	0.00601	0.00180	0.00792	0.00535	0.00341	0.00896
3	0.01822	0.01229	0.01522	0.01479	0.11232	0.01277	0.01033	0.28201	0.07635	0.15545	0.09705	0.12697	0.02066	0.00925	0.00637	0.00193	0.00544	0.00784	0.00588	0.00885
4	0.01569	0.01725	0.02664	0.02024	0.02512	0.13110	0.42088	0.02349	0.21363	0.02018	0.01510	0.01710	0.01145	0.00609	0.00657	0.00196	0.00878	0.00652	0.00390	0.00832
5	0.01844	0.07974	0.01806	0.04096	0.08888	0.24674	0.03951	0.13891	0.06519	0.07587	0.01569	0.11599	0.01388	0.00805	0.00593	0.00180	0.00750	0.00651	0.00437	0.00800
6	0.11186	0.01741	0.01481	0.01385	0.06498	0.23783	0.01014	0.22126	0.05571	0.02379	0.01920	0.03935	0.10801	0.00898	0.02514	0.00199	0.00728	0.00607	0.00454	0.00780
7	0.00866	0.00643	0.00938	0.01210	0.10683	0.00617	0.00725	0.00965	0.01141	0.01540	0.02785	0.60132	0.03266	0.01728	0.00913	0.08983	0.00416	0.01429	0.00492	0.00526

[dist]
# distance from previous block
# <min> <max>
0	3

[block]
# block no. 5 follows, 38 sequences, length 14
# corresponding to MSA columns:
# 857-870
name=unknown_F
#
# <colnr> <probs for GDERKNQSTAVLIFYWHMCP>
#	G	D	E	R	K	N	Q	S	T	A	V	L	I	F	Y	W	H	M	C	P
0	0.00821	0.00617	0.00792	0.00847	0.00967	0.00542	0.00585	0.00953	0.01168	0.01608	0.02932	0.65292	0.03452	0.01639	0.00713	0.00218	0.00365	0.01479	0.00524	0.14486
1	0.02170	0.03151	0.06150	0.01366	0.01810	0.18774	0.08598	0.05287	0.02910	0.34875	0.07309	0.01876	0.01511	0.00713	0.00603	0.00180	0.00712	0.00586	0.00543	0.00876
2	0.01468	0.04107	0.02385	0.05726	0.02289	0.01366	0.32873	0.06330	0.01451	0.09637	0.02109	0.02303	0.13570	0.00795	0.00837	0.00205	0.10641	0.00737	0.00404	0.00767
3	0.01398	0.02974	0.58480	0.01739	0.02511	0.14208	0.06577	0.01991	0.01354	0.01833	0.01063	0.01261	0.00774	0.00576	0.00575	0.00185	0.00930	0.00452	0.00267	0.00851
4	0.01447	0.01413	0.02282	0.18737	0.57617	0.04405	0.01783	0.01805	0.01349	0.01858	0.01111	0.01496	0.00915	0.00553	0.00595	0.00182	0.00747	0.00530	0.00292	0.00884
5	0.02007	0.01405	0.01528	0.01208	0.01631	0.01505	0.00986	0.48608	0.07337	0.10881	0.02404	0.02304	0.13725	0.00868	0.00621	0.00187	0.00573	0.00682	0.00610	0.00930
6	0.01381	0.01335	0.02320	0.25398	0.49837	0.01407	0.06049	0.01760	0.01323	0.01837	0.01118	0.01531	0.00906	0.00554	0.00604	0.00187	0.00758	0.00546	0.00289	0.00860
7	0.03717	0.00682	0.00871	0.00834	0.01001	0.00642	0.00618	0.01372	0.03733	0.11938	0.39368	0.24376	0.04301	0.02841	0.00744	0.00212	0.00350	0.01154	0.00628	0.00617
8	0.01695	0.00869	0.01123	0.00964	0.01254	0.00817	0.00761	0.04102	0.01476	0.33939	0.03083	0.15785	0.16898	0.01349	0.05596	0.00251	0.05139	0.00918	0.00602	0.03381
9	0.01536	0.29417	0.16606	0.01147	0.01617	0.01480	0.01146	0.04276	0.01343	0.14164	0.01642	0.14543	0.01497	0.01079	0.05742	0.00230	0.00686	0.00661	0.00407	0.00782
10	0.02376	0.01013	0.01351	0.01098	0.01509	0.00919	0.00916	0.07448	0.01740	0.58034	0.02448	0.02815	0.01794	0.00900	0.00643	0.00201	0.00529	0.12620	0.00702	0.00944
11	0.01270	0.13737	0.39545	0.01550	0.02172	0.05707	0.09940	0.01739	0.01285	0.01747	0.01433	0.14426	0.01331	0.00782	0.00592	0.00190	0.00786	0.00670	0.00316	0.00783
12	0.03118	0.03883	0.24114	0.02245	0.31659	0.01247	0.01605	0.01772	0.01354	0.07229	0.02038	0.02172	0.13532	0.00730	0.00598	0.00186	0.00675	0.00628	0.00362	0.00851
13	0.01484	0.01442	0.02513	0.03618	0.70492	0.01435	0.06403	0.01851	0.01373	0.01963	0.01137	0.01497	0.00950	0.00534	0.00603	0.00180	0.00734	0.00547	0.00298	0.00944

[dist]
# distance from previous block
# <min> <max>
0	1

[block]
# block no. 6 follows, 38 sequences, length 11
# corresponding to MSA columns:
# 872-882
name=unknown_G
#
# <colnr> <probs for GDERKNQSTAVLIFYWHMCP>
#	G	D	E	R	K	N	Q	S	T	A	V	L	I	F	Y	W	H	M	C	P
0	0.00774	0.00649	0.00748	0.07100	0.01110	0.00589	0.00581	0.00973	0.01422	0.01772	0.19167	0.05183	0.55039	0.01388	0.00701	0.00200	0.00342	0.01172	0.00554	0.00533
1	0.00921	0.00664	0.00834	0.00894	0.00989	0.00653	0.00627	0.09188	0.01387	0.01863	0.08562	0.63937	0.03768	0.01701	0.00744	0.00233	0.00380	0.01528	0.00571	0.00556
2	0.01478	0.32144	0.30651	0.01638	0.10438	0.08494	0.01579	0.01882	0.01314	0.01698	0.02981	0.01249	0.00923	0.00568	0.00504	0.00162	0.00775	0.00420	0.00276	0.00825
3	0.00730	0.00533	0.00688	0.00811	0.00866	0.00491	0.00547	0.00841	0.01177	0.01546	0.03636	0.70090	0.12148	0.01843	0.00761	0.00240	0.00344	0.01659	0.00558	0.00491
4	0.01520	0.01628	0.03333	0.02670	0.12378	0.01527	0.59571	0.01949	0.01475	0.02025	0.01407	0.04770	0.01153	0.00648	0.00747	0.00223	0.00981	0.00762	0.00356	0.00877
5	0.01400	0.01560	0.03295	0.08652	0.03147	0.01505	0.63394	0.01959	0.05078	0.01925	0.01267	0.01653	0.00950	0.00531	0.00696	0.00203	0.00969	0.00694	0.00317	0.00807
6	0.01539	0.01587	0.02592	0.03291	0.55162	0.07758	0.15400	0.01908	0.01408	0.01917	0.01131	0.01481	0.00930	0.00538	0.00613	0.00181	0.00803	0.00557	0.00300	0.00904
7	0.00872	0.00628	0.00797	0.00887	0.00962	0.00612	0.00611	0.07325	0.01302	0.01738	0.03148	0.71552	0.03713	0.01780	0.00753	0.00239	0.00377	0.01605	0.00562	0.00537
8	0.01361	0.06914	0.41915	0.05745	0.25295	0.04760	0.01963	0.01886	0.01315	0.01860	0.01075	0.01328	0.00825	0.00561	0.00568	0.00182	0.00825	0.00468	0.00271	0.00884
9	0.01731	0.17108	0.02060	0.01404	0.01682	0.14838	0.03935	0.08007	0.01382	0.08315	0.01074	0.01331	0.00899	0.00906	0.03781	0.00223	0.28138	0.00478	0.00348	0.02362
10	0.05558	0.01132	0.01390	0.01091	0.01510	0.01098	0.00893	0.19822	0.01962	0.44472	0.12533	0.02210	0.01945	0.00802	0.00610	0.00185	0.00514	0.00648	0.00683	0.00943

[dist]
# distance from previous block
# <min> <max>
9	12

[block]
# block no. 7 follows, 38 sequences, length 59
# corresponding to MSA columns:
# 895-953
name=unknown_H
#
# <colnr> <probs for GDERKNQSTAVLIFYWHMCP>
#	G	D	E	R	K	N	Q	S	T	A	V	L	I	F	Y	W	H	M	C	P
0	0.21220	0.07190	0.39807	0.05857	0.03361	0.04895	0.01606	0.01900	0.03884	0.02047	0.01090	0.01338	0.00834	0.00599	0.00519	0.00186	0.00750	0.01811	0.00306	0.00799
1	0.01470	0.01362	0.02181	0.13233	0.52800	0.01427	0.01678	0.05583	0.08403	0.02050	0.01318	0.01710	0.01085	0.00610	0.00604	0.00187	0.00697	0.02349	0.00346	0.00908
2	0.01631	0.01760	0.07790	0.02937	0.47180	0.10218	0.07162	0.09096	0.02688	0.02092	0.01163	0.01443	0.00936	0.00569	0.00597	0.00179	0.00785	0.00528	0.00332	0.00915
3	0.01300	0.01368	0.02705	0.09773	0.12928	0.01372	0.40739	0.01692	0.01318	0.01805	0.01448	0.12143	0.01320	0.00750	0.00783	0.00209	0.06461	0.00792	0.00332	0.00762
4	0.00748	0.00544	0.00739	0.03661	0.00993	0.00520	0.00599	0.00863	0.01154	0.01536	0.03233	0.75632	0.03862	0.01837	0.00762	0.00243	0.00366	0.01667	0.00548	0.00495
5	0.01199	0.02959	0.70459	0.01701	0.02547	0.01364	0.03651	0.01872	0.01279	0.01900	0.01188	0.01555	0.00901	0.00625	0.00587	0.00195	0.00875	0.04001	0.00270	0.00871
6	0.08340	0.02603	0.56469	0.12821	0.02719	0.01387	0.03808	0.01839	0.01243	0.01921	0.01060	0.01303	0.00762	0.00573	0.00562	0.00192	0.00842	0.00454	0.00268	0.00834
7	0.01307	0.09827	0.31604	0.19698	0.22377	0.01490	0.01874	0.01794	0.01277	0.01787	0.01067	0.01376	0.00824	0.00563	0.00566	0.00183	0.00797	0.00478	0.00269	0.00843
8	0.00949	0.00750	0.00833	0.00813	0.01020	0.00715	0.00631	0.08160	0.05075	0.01952	0.09883	0.13173	0.42321	0.01445	0.00716	0.00214	0.00382	0.09807	0.00573	0.00588
9	0.01419	0.01363	0.02213	0.21405	0.52397	0.02887	0.01741	0.01856	0.05333	0.01882	0.01185	0.01550	0.00961	0.00569	0.00597	0.00185	0.00730	0.00541	0.00308	0.00879
10	0.01424	0.17006	0.53619	0.01547	0.02306	0.07033	0.01865	0.01969	0.01313	0.05110	0.01082	0.01236	0.00798	0.00572	0.00537	0.00176	0.00841	0.00425	0.00281	0.00860
11	0.08124	0.01046	0.05304	0.01035	0.01428	0.00869	0.00883	0.02334	0.01571	0.48414	0.09020	0.09914	0.02116	0.00923	0.00623	0.00197	0.00494	0.04179	0.00655	0.00871
12	0.01225	0.01062	0.01546	0.15799	0.15025	0.01126	0.05069	0.08421	0.08965	0.01958	0.02426	0.13603	0.11862	0.05004	0.00784	0.00225	0.00594	0.04141	0.00443	0.00722
13	0.01371	0.16885	0.49865	0.01715	0.05744	0.01615	0.06623	0.06038	0.01367	0.01929	0.01068	0.01258	0.00798	0.00564	0.00549	0.00179	0.00831	0.00449	0.00280	0.00873
14	0.02150	0.02449	0.01691	0.01585	0.05829	0.55989	0.01153	0.09273	0.04686	0.05261	0.01289	0.01388	0.03312	0.00669	0.00562	0.00164	0.00946	0.00462	0.00378	0.00763
15	0.01170	0.02466	0.55053	0.01496	0.02181	0.01227	0.01795	0.05608	0.01370	0.01992	0.06889	0.12906	0.01615	0.00822	0.00612	0.00198	0.00752	0.00684	0.00348	0.00814
16	0.02409	0.01261	0.05190	0.01169	0.01642	0.01133	0.00998	0.13265	0.11117	0.51894	0.02181	0.01945	0.01428	0.00742	0.00604	0.00188	0.00548	0.00597	0.00682	0.01008
17	0.01644	0.01342	0.04717	0.17337	0.38303	0.01302	0.01563	0.05315	0.01456	0.14719	0.01344	0.01585	0.01009	0.00590	0.00590	0.00180	0.00686	0.00535	0.00385	0.05399
18	0.01020	0.00685	0.00846	0.00856	0.01008	0.00656	0.00621	0.01358	0.09460	0.08637	0.18296	0.38170	0.13097	0.01478	0.00716	0.00218	0.00359	0.01308	0.00603	0.00608
19	0.01462	0.01306	0.02272	0.26391	0.40593	0.01369	0.08554	0.01838	0.01349	0.07277	0.01212	0.01579	0.00942	0.00569	0.00609	0.00188	0.00756	0.00557	0.00322	0.00856
20	0.01689	0.01419	0.02773	0.02071	0.03959	0.01338	0.47031	0.02209	0.06783	0.18273	0.01652	0.01998	0.01226	0.00636	0.00683	0.00202	0.00837	0.03925	0.00436	0.00860
21	0.01400	0.01605	0.07500	0.02276	0.08983	0.01526	0.43273	0.02009	0.10714	0.01942	0.01338	0.02733	0.01055	0.00639	0.00832	0.00208	0.10137	0.00666	0.00339	0.00824
22	0.00907	0.00702	0.01113	0.01049	0.01190	0.00741	0.07782	0.01128	0.01087	0.01565	0.02048	0.22022	0.02091	0.03073	0.42127	0.00625	0.01098	0.00919	0.08177	0.00554
23	0.01398	0.01633	0.05622	0.07068	0.02952	0.05557	0.56660	0.01869	0.01438	0.01912	0.06637	0.01792	0.01246	0.00575	0.00689	0.00199	0.00946	0.00700	0.00327	0.00781
24	0.01177	0.02887	0.68752	0.01688	0.03890	0.01330	0.02092	0.01825	0.01263	0.01879	0.01246	0.06992	0.01004	0.00668	0.00587	0.00194	0.00846	0.00540	0.00277	0.00861
25	0.05428	0.08512	0.62392	0.01564	0.02357	0.01422	0.01962	0.01848	0.01278	0.01938	0.05104	0.01410	0.01027	0.00603	0.00555	0.00186	0.00816	0.00465	0.00283	0.00850
26	0.01371	0.01508	0.03116	0.02422	0.08323	0.01480	0.55868	0.01805	0.01350	0.01858	0.01301	0.06454	0.01098	0.00650	0.00829	0.00210	0.08511	0.00742	0.00316	0.00787
27	0.01181	0.01227	0.02410	0.01852	0.02233	0.01193	0.41565	0.01533	0.01325	0.01779	0.02200	0.16636	0.08947	0.00990	0.00826	0.00221	0.06652	0.06147	0.00392	0.00691
28	0.01400	0.01351	0.02233	0.11311	0.46104	0.02592	0.08687	0.01887	0.08504	0.01928	0.01421	0.07285	0.01240	0.00669	0.00621	0.00190	0.00710	0.00652	0.00346	0.00868
29	0.02340	0.01085	0.01703	0.62992	0.03621	0.01328	0.01516	0.04921	0.06646	0.01702	0.01184	0.01648	0.00900	0.00704	0.00695	0.04727	0.00751	0.00542	0.00309	0.00683
30	0.01438	0.01414	0.03734	0.03475	0.69388	0.01375	0.01772	0.01790	0.01368	0.01944	0.01420	0.01736	0.05261	0.00594	0.00602	0.00180	0.00694	0.00577	0.00312	0.00926
31	0.00792	0.00602	0.00883	0.00930	0.01007	0.00564	0.05106	0.00930	0.01195	0.01606	0.08329	0.64480	0.03819	0.05621	0.00875	0.00255	0.00398	0.01560	0.00540	0.00508
32	0.00733	0.00524	0.00698	0.00838	0.00873	0.00489	0.00558	0.00838	0.01152	0.01536	0.03316	0.78466	0.03979	0.01885	0.00768	0.00244	0.00349	0.01710	0.00558	0.00489
33	0.03508	0.40934	0.26079	0.01260	0.01839	0.05280	0.01379	0.01784	0.01228	0.01606	0.01001	0.01218	0.00844	0.00964	0.08550	0.00240	0.00841	0.00399	0.00269	0.00778
34	0.01408	0.01666	0.06149	0.02470	0.03067	0.01528	0.67699	0.01909	0.01396	0.01909	0.01196	0.01599	0.00903	0.00529	0.00751	0.00205	0.03813	0.00693	0.00301	0.00809
35	0.01938	0.08019	0.01953	0.09113	0.05704	0.43139	0.05765	0.07444	0.07944	0.01787	0.01134	0.01308	0.00905	0.00623	0.00560	0.00168	0.00918	0.00461	0.00348	0.00766
36	0.00923	0.04762	0.09709	0.00859	0.01121	0.00753	0.00773	0.01226	0.02330	0.02018	0.31536	0.07257	0.22262	0.01201	0.00665	0.00194	0.00398	0.04905	0.06508	0.00600
37	0.01701	0.09308	0.26618	0.01803	0.06600	0.29136	0.10388	0.04294	0.01499	0.01768	0.01035	0.01237	0.00806	0.00579	0.00564	0.00173	0.00938	0.00454	0.00295	0.00807
38	0.01280	0.14213	0.61326	0.01589	0.02396	0.01547	0.01983	0.01955	0.04921	0.01864	0.01113	0.01274	0.00818	0.00575	0.00546	0.00182	0.00832	0.00438	0.00273	0.00875
39	0.00733	0.00524	0.00698	0.00838	0.00873	0.00489	0.00558	0.00838	0.01152	0.01536	0.03316	0.78466	0.03979	0.01885	0.00768	0.00244	0.00349	0.01710	0.00558	0.00489
40	0.01391	0.01532	0.03148	0.08528	0.08311	0.01534	0.54425	0.01839	0.01346	0.01848	0.01154	0.01579	0.00894	0.00575	0.00827	0.00207	0.09110	0.00664	0.00296	0.00794
41	0.02723	0.01439	0.04379	0.22322	0.13029	0.01476	0.32723	0.01836	0.04822	0.01835	0.01185	0.01588	0.00917	0.00593	0.00744	0.00203	0.06480	0.00612	0.00305	0.00788
42	0.01418	0.01572	0.03263	0.02575	0.11101	0.01541	0.58107	0.01872	0.01367	0.01886	0.01167	0.01578	0.00906	0.00562	0.00817	0.00206	0.08277	0.00673	0.00300	0.00813
43	0.00827	0.00613	0.00775	0.00763	0.00907	0.00561	0.00577	0.01074	0.01581	0.02167	0.52408	0.10516	0.17179	0.01361	0.00723	0.00202	0.00312	0.06273	0.00629	0.00550
44	0.07235	0.01283	0.05321	0.40633	0.19985	0.01355	0.05166	0.02868	0.03935	0.01834	0.01316	0.01692	0.03602	0.00621	0.00592	0.00194	0.00739	0.00557	0.00312	0.00761
45	0.01413	0.01060	0.01181	0.01022	0.01303	0.01136	0.00805	0.17537	0.16472	0.07386	0.03265	0.04382	0.25705	0.05150	0.04352	0.00256	0.05418	0.00852	0.00553	0.00752
46	0.00831	0.00597	0.00768	0.00872	0.00935	0.00576	0.00596	0.05419	0.01258	0.01679	0.03197	0.73583	0.03791	0.01811	0.00757	0.00240	0.00369	0.01636	0.00561	0.00523
47	0.01257	0.01293	0.02467	0.22612	0.06376	0.01377	0.33037	0.01628	0.01249	0.01693	0.01291	0.05974	0.01133	0.06389	0.00988	0.00238	0.09278	0.00701	0.00308	0.00712
48	0.07646	0.49946	0.10584	0.01107	0.01598	0.01931	0.01108	0.01852	0.01243	0.08618	0.01135	0.05104	0.00996	0.00642	0.00521	0.00157	0.04263	0.00443	0.00328	0.00780
49	0.01435	0.01437	0.04971	0.12632	0.58971	0.01421	0.01781	0.01896	0.05951	0.01945	0.01205	0.01543	0.00983	0.00563	0.00596	0.00183	0.00717	0.00542	0.00312	0.00915
50	0.09674	0.08497	0.62702	0.01569	0.02378	0.01464	0.01973	0.01883	0.01241	0.01951	0.01037	0.01218	0.00751	0.00566	0.00537	0.00186	0.00827	0.00423	0.00266	0.00856
51	0.02217	0.01892	0.03942	0.01293	0.01686	0.31556	0.01041	0.10168	0.05430	0.26319	0.01922	0.01850	0.06499	0.00747	0.00586	0.00175	0.00755	0.00557	0.00517	0.00846
52	0.01441	0.01268	0.01979	0.07393	0.02094	0.01337	0.21218	0.21837	0.01704	0.02287	0.01988	0.19366	0.05697	0.00987	0.00776	0.00210	0.06308	0.00895	0.00455	0.00759
53	0.00822	0.00674	0.01066	0.01044	0.01166	0.00626	0.10054	0.00983	0.01203	0.01594	0.03246	0.62991	0.08827	0.01677	0.00756	0.00236	0.00433	0.01546	0.00525	0.00532
54	0.01522	0.02545	0.45253	0.01664	0.06127	0.10702	0.01765	0.07326	0.04922	0.06715	0.04847	0.01525	0.01131	0.00642	0.00582	0.00185	0.00814	0.00502	0.00357	0.00874
55	0.01183	0.00950	0.01575	0.12659	0.06594	0.00951	0.13275	0.01507	0.01387	0.06137	0.05995	0.03982	0.09937	0.01078	0.00700	0.00219	0.00617	0.24161	0.06429	0.00664
56	0.01452	0.01193	0.01284	0.01160	0.01481	0.01344	0.00912	0.06051	0.56611	0.04328	0.05083	0.02823	0.07349	0.00929	0.00636	0.00207	0.00472	0.05190	0.00609	0.00887
57	0.01936	0.01933	0.01533	0.01319	0.01628	0.32865	0.01030	0.22929	0.04158	0.02348	0.07640	0.01659	0.01388	0.00745	0.00654	0.00172	0.05648	0.00530	0.09112	0.00773
58	0.07782	0.01278	0.01393	0.01142	0.01509	0.01386	0.00919	0.35924	0.11208	0.09152	0.11207	0.05779	0.01915	0.00907	0.01840	0.00200	0.00545	0.00679	0.04362	0.00873

[dist]
# distance from previous block
# <min> <max>
20	31

[block]
# block no. 8 follows, 38 sequences, length 42
# corresponding to MSA columns:
# 990-1031
name=unknown_I
#
# <colnr> <probs for GDERKNQSTAVLIFYWHMCP>
#	G	D	E	R	K	N	Q	S	T	A	V	L	I	F	Y	W	H	M	C	P
0	0.01589	0.01505	0.02269	0.09541	0.58903	0.08010	0.01722	0.01925	0.01404	0.05686	0.01173	0.01492	0.00952	0.00560	0.00592	0.00179	0.00744	0.00526	0.00319	0.00910
1	0.02136	0.01899	0.05962	0.01411	0.01875	0.12775	0.01188	0.51269	0.10075	0.03208	0.01454	0.01466	0.01057	0.00708	0.00592	0.00180	0.00718	0.00528	0.00540	0.00960
2	0.01977	0.02254	0.01658	0.10301	0.05195	0.49376	0.01185	0.09680	0.01703	0.01803	0.01100	0.01313	0.00884	0.00712	0.02127	0.00180	0.00942	0.00445	0.06436	0.00726
3	0.04087	0.01535	0.03149	0.07468	0.02969	0.01539	0.57560	0.01841	0.01335	0.01872	0.01146	0.01565	0.00883	0.00577	0.00835	0.00209	0.09687	0.00664	0.00299	0.00779
4	0.01362	0.02299	0.42178	0.07996	0.27236	0.01381	0.01996	0.01902	0.01318	0.05088	0.01152	0.01403	0.00861	0.00569	0.00583	0.00187	0.00807	0.00489	0.00291	0.00900
5	0.00733	0.00524	0.00698	0.00838	0.00873	0.00489	0.00558	0.00838	0.01152	0.01536	0.03316	0.78466	0.03979	0.01885	0.00768	0.00244	0.00349	0.01710	0.00558	0.00489
6	0.02083	0.01764	0.07446	0.01504	0.02019	0.01779	0.07716	0.57415	0.06590	0.03410	0.01453	0.01493	0.01039	0.00697	0.00610	0.00185	0.00700	0.00557	0.00550	0.00990
7	0.01272	0.02863	0.65759	0.01698	0.04536	0.02987	0.02061	0.01912	0.01319	0.04482	0.04742	0.01458	0.01034	0.00610	0.00580	0.00189	0.00846	0.00483	0.00294	0.00876
8	0.01422	0.04655	0.10589	0.04253	0.43052	0.01458	0.19197	0.01844	0.01363	0.01915	0.01206	0.01664	0.01000	0.00572	0.00621	0.00188	0.00800	0.03012	0.00301	0.00886
9	0.00802	0.00547	0.00722	0.00833	0.00893	0.00506	0.00566	0.00921	0.01202	0.04040	0.06342	0.69918	0.06847	0.01805	0.00758	0.00238	0.00350	0.01630	0.00569	0.00510
10	0.01944	0.01396	0.01531	0.01238	0.01624	0.01513	0.00995	0.52787	0.03806	0.06293	0.02025	0.15705	0.04473	0.00968	0.00637	0.00194	0.00581	0.00789	0.00598	0.00904
11	0.14643	0.01316	0.04708	0.04534	0.11593	0.03261	0.01102	0.12755	0.05509	0.17888	0.06506	0.06128	0.01538	0.00786	0.00657	0.00193	0.04917	0.00622	0.00501	0.00841
12	0.01048	0.00675	0.00852	0.00885	0.01005	0.00652	0.00630	0.07591	0.01393	0.07353	0.08423	0.56449	0.03534	0.01587	0.00719	0.00225	0.00381	0.01418	0.04592	0.00586
13	0.01389	0.01555	0.03333	0.03820	0.07168	0.01468	0.64501	0.01868	0.01402	0.01905	0.01301	0.04944	0.01046	0.00570	0.00704	0.00203	0.00965	0.00740	0.00314	0.00803
14	0.01368	0.01626	0.07374	0.02362	0.04614	0.01485	0.58293	0.01835	0.01360	0.01872	0.01278	0.05349	0.01047	0.00620	0.00796	0.00208	0.06684	0.00726	0.00311	0.00792
15	0.01227	0.07044	0.71991	0.01679	0.02549	0.01448	0.02161	0.01900	0.01268	0.01880	0.01067	0.01254	0.00763	0.00569	0.00562	0.00187	0.00876	0.00438	0.00254	0.00883
16	0.01574	0.01474	0.02114	0.02950	0.53624	0.07197	0.01568	0.07223	0.05062	0.02115	0.01279	0.01560	0.01041	0.00585	0.00577	0.00175	0.00688	0.00534	0.07757	0.00903
17	0.01315	0.10030	0.49674	0.02099	0.17368	0.01506	0.06008	0.01884	0.01294	0.01871	0.01074	0.01305	0.00811	0.00555	0.00566	0.00183	0.00837	0.00466	0.00266	0.00886
18	0.06267	0.01144	0.03998	0.13565	0.02034	0.01074	0.05087	0.02481	0.08203	0.42470	0.05915	0.02021	0.01537	0.00726	0.00603	0.00191	0.00582	0.00613	0.00590	0.00899
19	0.00777	0.00594	0.00880	0.00946	0.01018	0.00555	0.05177	0.00907	0.01169	0.01561	0.03182	0.73561	0.03783	0.01797	0.00764	0.00242	0.00391	0.01646	0.00542	0.00509
20	0.01196	0.01042	0.01758	0.14839	0.02063	0.01189	0.16404	0.01442	0.01127	0.01656	0.01250	0.01759	0.01051	0.01233	0.07957	0.10478	0.17185	0.00584	0.15172	0.00615
21	0.01288	0.08838	0.55430	0.01965	0.13008	0.01495	0.03918	0.01876	0.01275	0.01863	0.01064	0.01288	0.00795	0.00573	0.00602	0.00186	0.02935	0.00457	0.00262	0.00881
22	0.01233	0.02884	0.66025	0.03941	0.08253	0.01401	0.04197	0.01891	0.01280	0.01900	0.01087	0.01306	0.00782	0.00568	0.00578	0.00190	0.00877	0.00462	0.00259	0.00886
23	0.05655	0.00820	0.01002	0.00993	0.01102	0.04646	0.00760	0.01187	0.01061	0.01562	0.01840	0.18411	0.01882	0.02956	0.40157	0.00607	0.08547	0.00825	0.05434	0.00555
24	0.29121	0.01380	0.09461	0.03551	0.07206	0.01260	0.11066	0.06309	0.03793	0.04779	0.09833	0.06730	0.01618	0.00742	0.00559	0.00193	0.00601	0.00627	0.00422	0.00748
25	0.01296	0.01478	0.07056	0.20551	0.08346	0.05574	0.26977	0.01679	0.01297	0.01722	0.01375	0.11028	0.01241	0.00756	0.00763	0.00207	0.06873	0.00728	0.00320	0.00734
26	0.00824	0.00577	0.00707	0.00736	0.00802	0.00554	0.00489	0.00945	0.01186	0.01620	0.18227	0.25380	0.08968	0.28470	0.04815	0.00375	0.00465	0.01169	0.03223	0.00469
27	0.00742	0.00530	0.00706	0.00832	0.00874	0.00495	0.00559	0.00860	0.01193	0.01601	0.08640	0.72955	0.04105	0.01836	0.00763	0.00240	0.00344	0.01664	0.00566	0.00495
28	0.01530	0.01827	0.11366	0.02611	0.35831	0.13777	0.10423	0.04342	0.01450	0.01896	0.01311	0.08384	0.01171	0.00679	0.00614	0.00185	0.00800	0.00628	0.00329	0.00846
29	0.01346	0.01502	0.03229	0.04243	0.02948	0.01416	0.64102	0.01811	0.01388	0.01879	0.01417	0.09094	0.01208	0.00643	0.00713	0.00207	0.00944	0.00803	0.00328	0.00776
30	0.00810	0.00593	0.00802	0.00978	0.05084	0.00566	0.00613	0.00921	0.01137	0.01526	0.04425	0.57800	0.03526	0.14574	0.01140	0.00297	0.00414	0.03782	0.00513	0.00498
31	0.06029	0.68756	0.02912	0.01059	0.01550	0.08417	0.01020	0.01849	0.01251	0.01489	0.00844	0.00976	0.00766	0.00526	0.00398	0.00134	0.00670	0.00327	0.00268	0.00759
32	0.01284	0.05221	0.07394	0.01101	0.04473	0.00950	0.00882	0.01786	0.12984	0.12084	0.27842	0.13251	0.04515	0.02654	0.00702	0.00203	0.00449	0.00922	0.00572	0.00729
33	0.01337	0.01364	0.01781	0.01534	0.01587	0.07267	0.03241	0.01490	0.00999	0.01457	0.00905	0.01426	0.00873	0.01397	0.10274	0.00333	0.61273	0.00535	0.00275	0.00652
34	0.00848	0.00625	0.00799	0.00784	0.00935	0.00576	0.00608	0.01111	0.01611	0.02214	0.54918	0.04999	0.15352	0.01332	0.00727	0.00203	0.00324	0.10845	0.00632	0.00557
35	0.01136	0.01069	0.01804	0.77412	0.04143	0.01337	0.01671	0.01537	0.01203	0.01537	0.01069	0.01604	0.00802	0.00601	0.00601	0.00200	0.00802	0.00535	0.00267	0.00668
36	0.01793	0.04632	0.01943	0.07706	0.20526	0.38927	0.03826	0.02073	0.03234	0.01635	0.01089	0.01371	0.00911	0.00908	0.06672	0.00232	0.00981	0.00473	0.00310	0.00760
37	0.00891	0.00673	0.00976	0.00969	0.01063	0.00789	0.00747	0.01090	0.00986	0.01438	0.01694	0.07203	0.01642	0.06421	0.61314	0.00829	0.06149	0.00709	0.03883	0.00537
38	0.02062	0.02642	0.06484	0.01673	0.05809	0.59286	0.01279	0.04174	0.01623	0.01587	0.00952	0.01148	0.00792	0.00652	0.00670	0.00168	0.07544	0.00415	0.00310	0.00729
39	0.06493	0.08313	0.55304	0.03348	0.07621	0.01473	0.05568	0.01878	0.01264	0.01918	0.01057	0.01269	0.00778	0.00561	0.00555	0.00186	0.00836	0.00450	0.00268	0.00861
40	0.01455	0.01400	0.02429	0.03471	0.66299	0.01393	0.06333	0.01817	0.01374	0.01953	0.01254	0.01800	0.01093	0.00598	0.00616	0.00186	0.00725	0.04570	0.00313	0.00921
41	0.01298	0.01433	0.06368	0.04289	0.02105	0.01577	0.20727	0.01587	0.01109	0.01636	0.01002	0.01469	0.00874	0.01046	0.06186	0.00275	0.40235	0.00569	0.00284	0.05931

[dist]
# distance from previous block
# <min> <max>
0	1

[block]
# block no. 9 follows, 38 sequences, length 19
# corresponding to MSA columns:
# 1033-1051
name=unknown_J
#
# <colnr> <probs for GDERKNQSTAVLIFYWHMCP>
#	G	D	E	R	K	N	Q	S	T	A	V	L	I	F	Y	W	H	M	C	P
0	0.01461	0.01425	0.02125	0.13832	0.02354	0.06542	0.18759	0.10769	0.01403	0.01915	0.01138	0.01547	0.00930	0.00974	0.05727	0.00259	0.23333	0.00574	0.04199	0.00734
1	0.01314	0.01331	0.02014	0.03701	0.01899	0.04152	0.15155	0.01552	0.01100	0.01605	0.00996	0.01462	0.00892	0.01156	0.08233	0.00288	0.41177	0.00547	0.00290	0.11136
2	0.01444	0.01383	0.02360	0.13108	0.66042	0.01417	0.01824	0.01807	0.01348	0.01911	0.01124	0.01504	0.00934	0.00544	0.00596	0.00181	0.00726	0.00536	0.00294	0.00917
3	0.12063	0.02876	0.04831	0.00985	0.01344	0.02429	0.00828	0.02154	0.14284	0.24063	0.14808	0.02796	0.12251	0.00907	0.00601	0.00190	0.00465	0.00738	0.00591	0.00797
4	0.01467	0.01415	0.02365	0.03423	0.65715	0.01482	0.01779	0.01795	0.01313	0.01899	0.01088	0.01467	0.00932	0.00602	0.00772	0.00189	0.10555	0.00535	0.00293	0.00915
5	0.00899	0.00754	0.00831	0.00881	0.01006	0.05604	0.00613	0.01030	0.01212	0.01590	0.03006	0.59846	0.06870	0.01599	0.00709	0.00216	0.00408	0.01427	0.00516	0.10983
6	0.13925	0.01249	0.01982	0.29711	0.02775	0.01445	0.16764	0.05531	0.01270	0.01945	0.01088	0.01491	0.00851	0.00655	0.00791	0.00204	0.12586	0.00541	0.04486	0.00709
7	0.11775	0.01287	0.03888	0.27954	0.24650	0.01370	0.07867	0.01712	0.01256	0.03828	0.01269	0.01627	0.03480	0.00628	0.00658	0.00195	0.04916	0.00549	0.00316	0.00773
8	0.01349	0.00722	0.00951	0.00841	0.01069	0.00647	0.00649	0.01599	0.01653	0.22606	0.46165	0.08828	0.08173	0.01155	0.00684	0.00193	0.00353	0.01005	0.00672	0.00686
9	0.01489	0.01429	0.02442	0.03692	0.75106	0.01429	0.01846	0.01846	0.01370	0.01965	0.01132	0.01489	0.00953	0.00536	0.00596	0.00179	0.00715	0.00536	0.00298	0.00953
10	0.06887	0.27589	0.12284	0.01308	0.01772	0.03560	0.10225	0.03496	0.01258	0.05347	0.01193	0.01487	0.00993	0.01479	0.18276	0.00351	0.00944	0.00485	0.00320	0.00747
11	0.01056	0.03610	0.01317	0.28063	0.02133	0.01046	0.01036	0.01329	0.04776	0.01608	0.07332	0.09611	0.12163	0.01141	0.00978	0.10717	0.07696	0.00787	0.03018	0.00583
12	0.00803	0.00583	0.00749	0.00829	0.00853	0.00588	0.00547	0.00881	0.01065	0.01431	0.02795	0.54173	0.03322	0.22593	0.01452	0.00337	0.04625	0.01421	0.00490	0.00464
13	0.03179	0.06205	0.03655	0.00986	0.01253	0.01060	0.00809	0.04119	0.23668	0.02172	0.19674	0.08404	0.12172	0.02881	0.00710	0.00211	0.00441	0.07131	0.00561	0.00708
14	0.01541	0.06479	0.02297	0.02212	0.20582	0.14669	0.12975	0.01798	0.01278	0.01662	0.01043	0.03491	0.00936	0.00747	0.01037	0.00204	0.25431	0.00555	0.00295	0.00767
15	0.01369	0.02744	0.61371	0.01772	0.07348	0.01357	0.02030	0.02041	0.04074	0.08486	0.01250	0.01391	0.00880	0.00594	0.00578	0.00190	0.00828	0.00474	0.00314	0.00908
16	0.00879	0.00659	0.00822	0.00803	0.00948	0.00633	0.00593	0.01249	0.08022	0.02216	0.51326	0.17325	0.09582	0.01327	0.00711	0.00201	0.00314	0.01172	0.00633	0.00584
17	0.02915	0.02289	0.37465	0.01752	0.08261	0.05511	0.05161	0.13699	0.01555	0.05918	0.01231	0.01433	0.00915	0.00880	0.05698	0.00240	0.03351	0.00500	0.00353	0.00874
18	0.01033	0.00989	0.01756	0.03416	0.01750	0.01008	0.23176	0.01282	0.01237	0.01676	0.04428	0.35887	0.07288	0.01275	0.00894	0.00228	0.10449	0.01171	0.00437	0.00619

[dist]
# distance from previous block
# <min> <max>
21	259

# created by:
# /software/SequenceAnalysis/GenePrediction/augustus/3.0.1/scripts/msa2prfl.pl ./fixed/BUSCOvEOG79W3VX.fas
