[name]
unknown

[dist]
# distance from previous block
# <min> <max>
2	225

[block]
# block no. 0 follows, 41 sequences, length 30
# corresponding to MSA columns:
# 261-290
name=unknown_A
#
# <colnr> <probs for GDERKNQSTAVLIFYWHMCP>
#	G	D	E	R	K	N	Q	S	T	A	V	L	I	F	Y	W	H	M	C	P
0	0.01186	0.01017	0.01186	0.00847	0.01356	0.00762	0.00678	0.01440	0.01186	0.01864	0.01017	0.01186	0.00847	0.00424	0.00424	0.00085	0.00424	0.00339	0.00339	0.83395
1	0.01423	0.01229	0.01293	0.01164	0.01487	0.01423	0.00905	0.03039	0.75297	0.02393	0.02328	0.02134	0.01746	0.00776	0.00582	0.00194	0.00453	0.00647	0.00582	0.00905
2	0.00839	0.00640	0.00787	0.00864	0.00956	0.00650	0.00603	0.01233	0.15261	0.01663	0.05140	0.62551	0.03442	0.01580	0.00700	0.00223	0.00353	0.01422	0.00544	0.00551
3	0.00844	0.00642	0.00784	0.00857	0.00947	0.00653	0.00595	0.01232	0.15246	0.01641	0.04553	0.59831	0.03357	0.04951	0.00795	0.00238	0.00363	0.01392	0.00535	0.00545
4	0.00745	0.00575	0.00685	0.00704	0.00846	0.00514	0.00529	0.00934	0.01373	0.01790	0.27982	0.17414	0.34457	0.01426	0.00695	0.00202	0.00312	0.07749	0.00563	0.00502
5	0.01953	0.01200	0.01375	0.01137	0.01525	0.01274	0.00912	0.14738	0.37148	0.28990	0.02145	0.01942	0.01501	0.00737	0.00578	0.00184	0.00494	0.00600	0.00625	0.00941
6	0.01104	0.02520	0.62438	0.01520	0.02230	0.01201	0.01886	0.01692	0.01228	0.01792	0.01408	0.02208	0.01214	0.00741	0.00590	0.00197	0.00785	0.14164	0.00296	0.00785
7	0.01066	0.00533	0.00533	0.00533	0.00666	0.00533	0.00400	0.01333	0.01200	0.02132	0.01866	0.02132	0.01466	0.00666	0.00400	0.00133	0.00267	0.00533	0.83073	0.00533
8	0.01070	0.00779	0.00946	0.00833	0.01030	0.00775	0.00644	0.15066	0.01823	0.02544	0.61791	0.03720	0.04553	0.01077	0.00655	0.00178	0.00338	0.00935	0.00619	0.00622
9	0.00740	0.00528	0.00713	0.00845	0.00897	0.00502	0.00605	0.00871	0.01137	0.01508	0.03129	0.65589	0.03689	0.01752	0.00742	0.00238	0.00369	0.15138	0.00530	0.00476
10	0.00796	0.00579	0.00749	0.00719	0.00849	0.00532	0.00534	0.01049	0.01569	0.02204	0.67929	0.09438	0.08458	0.01224	0.00678	0.00184	0.00275	0.01082	0.00619	0.00532
11	0.00816	0.00607	0.00890	0.00881	0.00990	0.00682	0.00682	0.01032	0.01053	0.01512	0.15739	0.02633	0.02186	0.03695	0.62955	0.00778	0.01291	0.00693	0.00368	0.00516
12	0.16753	0.00744	0.00906	0.00996	0.01170	0.00778	0.00864	0.01280	0.01251	0.01875	0.02603	0.05399	0.02782	0.01380	0.00707	0.00247	0.00511	0.58717	0.00494	0.00544
13	0.01714	0.01356	0.01412	0.01202	0.01567	0.04125	0.00953	0.20761	0.49524	0.07841	0.02035	0.01893	0.01495	0.00743	0.00577	0.00186	0.00519	0.00599	0.00578	0.00918
14	0.01199	0.00980	0.01155	0.00849	0.01323	0.00745	0.00673	0.01441	0.01195	0.04333	0.01203	0.06531	0.01066	0.00526	0.00449	0.00098	0.00419	0.00434	0.00364	0.75015
15	0.01297	0.04798	0.46406	0.01427	0.04129	0.01234	0.03727	0.08080	0.01356	0.04627	0.01257	0.01430	0.00921	0.00581	0.00518	0.00169	0.00695	0.00463	0.16086	0.00797
16	0.01562	0.01637	0.02937	0.02137	0.02672	0.06817	0.55201	0.15707	0.01624	0.02140	0.01179	0.01475	0.00879	0.00529	0.00644	0.00186	0.00905	0.00623	0.00344	0.00802
17	0.17682	0.01443	0.01496	0.01191	0.01607	0.01604	0.00987	0.55577	0.02269	0.03278	0.01376	0.01633	0.01063	0.00718	0.00545	0.00179	0.00587	0.05363	0.00527	0.00875
18	0.17910	0.06636	0.01414	0.01018	0.01446	0.01198	0.00851	0.14340	0.04087	0.42797	0.01733	0.01593	0.01154	0.00658	0.00518	0.00173	0.00509	0.00498	0.00582	0.00887
19	0.01830	0.04215	0.01740	0.19642	0.09909	0.39855	0.01262	0.06393	0.01529	0.06843	0.01057	0.01267	0.00822	0.00588	0.00537	0.00163	0.00858	0.00437	0.00328	0.00724
20	0.00710	0.00505	0.00665	0.00782	0.00817	0.00473	0.00519	0.00809	0.01096	0.01466	0.05666	0.71688	0.03725	0.07074	0.00876	0.00252	0.00345	0.01551	0.00522	0.00459
21	0.00713	0.00519	0.00673	0.00766	0.00829	0.00478	0.00524	0.00843	0.01196	0.01600	0.14959	0.61228	0.10233	0.01664	0.00717	0.00221	0.00318	0.01496	0.00547	0.00478
22	0.01344	0.01350	0.02418	0.10916	0.42715	0.01420	0.17785	0.01692	0.01241	0.01754	0.01046	0.01434	0.00862	0.00574	0.00761	0.00188	0.10867	0.00545	0.00277	0.00811
23	0.00994	0.00497	0.00745	0.00745	0.00745	0.00497	0.00497	0.00745	0.00745	0.00994	0.00994	0.01739	0.00994	0.01987	0.02235	0.83358	0.00497	0.00497	0.00248	0.00248
24	0.02079	0.00938	0.01330	0.15759	0.01861	0.00886	0.00945	0.02331	0.01527	0.53945	0.07314	0.02182	0.04788	0.00746	0.00586	0.00180	0.00516	0.00622	0.00608	0.00858
25	0.02209	0.00934	0.01257	0.01035	0.01415	0.00843	0.00863	0.03935	0.03920	0.58600	0.02388	0.02800	0.01775	0.00876	0.00616	0.00194	0.00496	0.14289	0.00667	0.00886
26	0.01748	0.07684	0.12021	0.03727	0.04354	0.36297	0.03321	0.06259	0.15610	0.01793	0.01218	0.01318	0.00951	0.00611	0.00533	0.00164	0.00823	0.00450	0.00352	0.00767
27	0.07413	0.01414	0.01466	0.01196	0.01581	0.03214	0.00965	0.42083	0.23538	0.03043	0.06804	0.01758	0.01476	0.00734	0.00566	0.00179	0.00549	0.00572	0.00558	0.00892
28	0.00899	0.00643	0.00731	0.00666	0.00763	0.00594	0.00410	0.00948	0.00899	0.01253	0.01652	0.03255	0.01844	0.64742	0.02437	0.00465	0.00530	0.00738	0.00345	0.16184
29	0.06823	0.04581	0.42561	0.01494	0.04520	0.01333	0.03682	0.01731	0.03491	0.01824	0.01015	0.01228	0.00781	0.00584	0.00677	0.00174	0.10256	0.00426	0.00278	0.12542

[dist]
# distance from previous block
# <min> <max>
0	1

[block]
# block no. 1 follows, 41 sequences, length 8
# corresponding to MSA columns:
# 292-299
name=unknown_B
#
# <colnr> <probs for GDERKNQSTAVLIFYWHMCP>
#	G	D	E	R	K	N	Q	S	T	A	V	L	I	F	Y	W	H	M	C	P
0	0.01435	0.01157	0.01289	0.06123	0.01603	0.01318	0.00922	0.02795	0.60990	0.07128	0.06999	0.02221	0.01897	0.00784	0.00587	0.00192	0.00463	0.00658	0.00572	0.00869
1	0.02439	0.01178	0.01454	0.01115	0.01562	0.01145	0.00921	0.26115	0.01980	0.52914	0.01969	0.01760	0.01272	0.00701	0.00574	0.00175	0.00533	0.00556	0.00664	0.00973
2	0.00969	0.00618	0.00795	0.00884	0.01016	0.00618	0.00752	0.01233	0.01279	0.01849	0.02650	0.05045	0.02697	0.01283	0.00663	0.00221	0.00442	0.49051	0.27408	0.00529
3	0.00821	0.00550	0.00627	0.00638	0.00641	0.00547	0.00362	0.00829	0.00854	0.01138	0.01915	0.10066	0.02222	0.73381	0.02729	0.00528	0.00536	0.00898	0.00362	0.00356
4	0.00725	0.00581	0.00647	0.00631	0.00803	0.00504	0.00473	0.00916	0.01420	0.01820	0.31596	0.05052	0.50125	0.01346	0.00676	0.00188	0.00282	0.01144	0.00567	0.00504
5	0.01670	0.01929	0.01315	0.01243	0.01463	0.47655	0.00917	0.06392	0.01518	0.01560	0.01654	0.26614	0.01744	0.00987	0.00589	0.00177	0.00778	0.00787	0.00389	0.00618
6	0.00822	0.00594	0.00823	0.00823	0.00892	0.00663	0.00595	0.00960	0.00891	0.01257	0.01620	0.02734	0.01641	0.28912	0.53299	0.00800	0.01214	0.00684	0.00319	0.00457
7	0.01469	0.02883	0.52409	0.01579	0.02245	0.26167	0.01785	0.01965	0.01342	0.01677	0.00980	0.01150	0.00729	0.00558	0.00534	0.00170	0.00906	0.00405	0.00259	0.00786

[dist]
# distance from previous block
# <min> <max>
0	2

[block]
# block no. 2 follows, 41 sequences, length 13
# corresponding to MSA columns:
# 302-314
name=unknown_C
#
# <colnr> <probs for GDERKNQSTAVLIFYWHMCP>
#	G	D	E	R	K	N	Q	S	T	A	V	L	I	F	Y	W	H	M	C	P
0	0.02066	0.02608	0.01631	0.01476	0.01747	0.71535	0.01117	0.02211	0.01561	0.01398	0.00873	0.01049	0.00738	0.00622	0.00625	0.00156	0.07256	0.00379	0.00291	0.00660
1	0.00922	0.00658	0.00922	0.01053	0.01185	0.00658	0.00922	0.01185	0.01317	0.01712	0.03029	0.06452	0.03292	0.01580	0.00790	0.00263	0.00527	0.72480	0.00527	0.00527
2	0.23019	0.33222	0.05465	0.03587	0.01517	0.05468	0.00953	0.08145	0.03529	0.03830	0.03523	0.01340	0.01005	0.00597	0.00439	0.00157	0.00584	0.02549	0.00347	0.00722
3	0.01529	0.80242	0.02997	0.00979	0.01468	0.02263	0.00979	0.01713	0.01162	0.01346	0.00795	0.00918	0.00734	0.00489	0.00367	0.00122	0.00612	0.00306	0.00245	0.00734
4	0.01089	0.00991	0.01667	0.68718	0.07143	0.01213	0.01509	0.01418	0.01119	0.01443	0.01018	0.01537	0.00788	0.00682	0.00705	0.06842	0.00737	0.00507	0.00255	0.00617
5	0.00832	0.00555	0.00624	0.00624	0.00624	0.00555	0.00347	0.00832	0.00832	0.01109	0.01802	0.03743	0.02080	0.79898	0.02911	0.00555	0.00555	0.00832	0.00347	0.00347
6	0.83938	0.01106	0.00841	0.00752	0.01106	0.01283	0.00619	0.01681	0.00973	0.02566	0.00796	0.00929	0.00619	0.00531	0.00354	0.00177	0.00442	0.00310	0.00354	0.00619
7	0.01334	0.01506	0.03224	0.05601	0.02956	0.01454	0.67534	0.01794	0.01318	0.01794	0.01131	0.01528	0.00858	0.00512	0.00730	0.00196	0.04828	0.00659	0.00286	0.00758
8	0.00693	0.00580	0.00603	0.00597	0.00783	0.00490	0.00448	0.00854	0.01344	0.01641	0.14748	0.05348	0.67084	0.01413	0.00676	0.00191	0.00287	0.01185	0.00544	0.00490
9	0.00922	0.00658	0.00922	0.01053	0.01185	0.00658	0.00922	0.01185	0.01317	0.01712	0.03029	0.06452	0.03292	0.01580	0.00790	0.00263	0.00527	0.72480	0.00527	0.00527
10	0.00701	0.00580	0.00614	0.00606	0.00788	0.00494	0.00454	0.00870	0.01363	0.01686	0.19019	0.05273	0.62786	0.01396	0.00676	0.00191	0.00286	0.01175	0.00550	0.00494
11	0.01170	0.07471	0.72618	0.01592	0.02417	0.01383	0.02047	0.01806	0.01205	0.01784	0.01013	0.01191	0.00725	0.00540	0.00533	0.00178	0.00832	0.00416	0.00242	0.00839
12	0.02137	0.02726	0.01621	0.01474	0.01768	0.77602	0.01105	0.02284	0.01621	0.01400	0.00884	0.01031	0.00737	0.00589	0.00516	0.00147	0.01031	0.00368	0.00295	0.00663

[dist]
# distance from previous block
# <min> <max>
0	1

[block]
# block no. 3 follows, 41 sequences, length 50
# corresponding to MSA columns:
# 316-365
name=unknown_D
#
# <colnr> <probs for GDERKNQSTAVLIFYWHMCP>
#	G	D	E	R	K	N	Q	S	T	A	V	L	I	F	Y	W	H	M	C	P
0	0.01315	0.01309	0.02464	0.42332	0.03474	0.01384	0.32524	0.01680	0.01295	0.01720	0.01197	0.01701	0.00931	0.00657	0.00718	0.02749	0.00876	0.00617	0.00312	0.00744
1	0.01288	0.01146	0.01788	0.71085	0.03807	0.01372	0.01585	0.07233	0.01340	0.01744	0.01166	0.01675	0.00896	0.00661	0.00623	0.00211	0.00788	0.00547	0.00322	0.00724
2	0.01217	0.01128	0.01873	0.73190	0.03927	0.01341	0.05361	0.01563	0.01230	0.01596	0.01145	0.01688	0.00885	0.00648	0.00628	0.00213	0.00809	0.00555	0.00299	0.00705
3	0.01476	0.01576	0.03210	0.06509	0.08785	0.01496	0.61833	0.03464	0.01437	0.01962	0.01267	0.01690	0.00982	0.00576	0.00708	0.00212	0.00956	0.00685	0.00335	0.00839
4	0.01189	0.00627	0.00628	0.00623	0.00766	0.00609	0.00458	0.01418	0.01275	0.02235	0.01971	0.02283	0.01569	0.00745	0.00454	0.00156	0.00312	0.00571	0.81514	0.00598
5	0.01870	0.44894	0.02432	0.01216	0.01644	0.15539	0.01059	0.10794	0.05297	0.05745	0.01160	0.01293	0.00968	0.00655	0.00541	0.00166	0.03098	0.00422	0.00378	0.00829
6	0.00827	0.00592	0.00756	0.00881	0.00926	0.00542	0.00587	0.00892	0.01172	0.01575	0.03233	0.78178	0.03841	0.01849	0.00778	0.00253	0.00376	0.01643	0.00568	0.00531
7	0.02513	0.01028	0.01349	0.01064	0.01490	0.00883	0.00859	0.02691	0.01678	0.69524	0.02630	0.02378	0.07343	0.00844	0.00634	0.00200	0.00513	0.00662	0.00728	0.00991
8	0.78200	0.01284	0.04843	0.00883	0.01267	0.01347	0.00750	0.01767	0.01065	0.02621	0.00934	0.01117	0.00744	0.00613	0.00419	0.00199	0.00505	0.00358	0.00389	0.00694
9	0.00943	0.00681	0.00863	0.00823	0.00967	0.00622	0.00615	0.01175	0.01670	0.02363	0.70944	0.04493	0.05316	0.01259	0.00730	0.00206	0.00329	0.04737	0.00660	0.00604
10	0.01319	0.12338	0.65080	0.01636	0.02428	0.01505	0.03487	0.01876	0.01280	0.01864	0.01122	0.01347	0.00846	0.00617	0.00576	0.00196	0.00854	0.00454	0.00286	0.00889
11	0.01638	0.01077	0.01230	0.01098	0.01408	0.01102	0.00849	0.02468	0.36309	0.20050	0.06414	0.09251	0.07870	0.01020	0.00661	0.00215	0.00474	0.03815	0.00636	0.02416
12	0.01189	0.00627	0.00628	0.00623	0.00766	0.00609	0.00458	0.01418	0.01275	0.02235	0.01971	0.02283	0.01569	0.00745	0.00454	0.00156	0.00312	0.00571	0.81514	0.00598
13	0.01425	0.01372	0.02415	0.11186	0.45392	0.01359	0.17368	0.01743	0.01352	0.01892	0.01369	0.07709	0.01221	0.00692	0.00654	0.00204	0.00761	0.00671	0.00343	0.00871
14	0.02238	0.01656	0.01767	0.01383	0.01837	0.01808	0.01123	0.69457	0.06435	0.03617	0.01537	0.01577	0.01125	0.00770	0.00624	0.00195	0.00659	0.00560	0.00609	0.01025
15	0.00826	0.00596	0.00752	0.00870	0.00923	0.00543	0.00582	0.00893	0.01183	0.01580	0.03367	0.74415	0.07518	0.01831	0.00775	0.00251	0.00374	0.01622	0.00568	0.00531
16	0.01494	0.30552	0.44339	0.01427	0.02115	0.01693	0.01652	0.01913	0.01293	0.06449	0.01142	0.01318	0.00889	0.00615	0.00534	0.00182	0.00774	0.00430	0.00315	0.00872
17	0.02179	0.01627	0.01734	0.01371	0.01815	0.01780	0.01109	0.63900	0.12088	0.03523	0.01611	0.01636	0.01185	0.00776	0.00625	0.00197	0.00645	0.00570	0.00610	0.01020
18	0.01467	0.01617	0.03415	0.02464	0.03044	0.01505	0.72882	0.01908	0.01422	0.01940	0.01276	0.01704	0.00983	0.00564	0.00724	0.00215	0.00996	0.00710	0.00331	0.00831
19	0.01426	0.01344	0.02225	0.14232	0.62316	0.01379	0.01714	0.01802	0.04192	0.01884	0.01177	0.01542	0.00975	0.00570	0.00593	0.00185	0.00702	0.00534	0.00312	0.00896
20	0.01253	0.06746	0.63437	0.01727	0.02520	0.01421	0.10928	0.01847	0.01260	0.01845	0.01092	0.01319	0.00802	0.00574	0.00577	0.00191	0.00865	0.00468	0.00269	0.00860
21	0.01142	0.01059	0.01752	0.77809	0.03958	0.01302	0.01606	0.01503	0.01182	0.01519	0.01078	0.01606	0.00821	0.00612	0.00598	0.00202	0.00781	0.00528	0.00276	0.00667
22	0.00810	0.00565	0.00696	0.00778	0.00805	0.00535	0.00494	0.00857	0.01041	0.01394	0.02716	0.52084	0.03211	0.29405	0.01525	0.00357	0.00433	0.01354	0.00485	0.00456
23	0.00762	0.00545	0.00710	0.00839	0.00878	0.00503	0.00559	0.00845	0.01134	0.01518	0.03193	0.78847	0.03812	0.01821	0.00754	0.00243	0.00354	0.01635	0.00550	0.00498
24	0.01834	0.01411	0.01821	0.08861	0.05824	0.01508	0.08875	0.44154	0.02127	0.05484	0.01601	0.10776	0.01344	0.00816	0.00627	0.00194	0.00659	0.00684	0.00515	0.00884
25	0.02061	0.02210	0.01571	0.01392	0.01718	0.48540	0.01061	0.10670	0.15521	0.05851	0.01363	0.01432	0.01061	0.00683	0.00562	0.00172	0.00850	0.00472	0.02024	0.00789
26	0.83194	0.01148	0.00885	0.00795	0.01152	0.01314	0.00647	0.01721	0.01013	0.02614	0.00860	0.01016	0.00680	0.00572	0.00382	0.00188	0.00464	0.00331	0.00375	0.00651
27	0.01056	0.00544	0.00791	0.00788	0.00794	0.00535	0.00525	0.00794	0.00787	0.01056	0.01055	0.01818	0.01050	0.02014	0.02245	0.82560	0.00517	0.00516	0.00270	0.00284
28	0.01237	0.06966	0.69214	0.01664	0.02477	0.01413	0.05161	0.01845	0.01249	0.01843	0.01081	0.01291	0.00790	0.00579	0.00566	0.00190	0.00856	0.00448	0.00265	0.00866
29	0.07967	0.01340	0.01546	0.01361	0.03358	0.03705	0.04837	0.12196	0.34476	0.02327	0.01764	0.05759	0.01440	0.00847	0.00822	0.00210	0.14083	0.00636	0.00491	0.00836
30	0.02431	0.00976	0.01309	0.01027	0.01440	0.00845	0.00834	0.02639	0.01669	0.68335	0.09954	0.02265	0.01881	0.00795	0.00611	0.00188	0.00485	0.00641	0.00717	0.00957
31	0.01944	0.14281	0.01906	0.02904	0.01731	0.08165	0.01091	0.43548	0.02079	0.02724	0.01243	0.01415	0.00979	0.02583	0.00752	0.00190	0.09040	0.00494	0.02061	0.00869
32	0.02526	0.00997	0.01339	0.01043	0.01472	0.00861	0.00851	0.02731	0.01670	0.72343	0.05981	0.02140	0.01667	0.00770	0.00606	0.00188	0.00497	0.00617	0.00721	0.00980
33	0.00847	0.00617	0.00773	0.00791	0.00914	0.00563	0.00586	0.01021	0.01426	0.01934	0.37952	0.20142	0.16688	0.01454	0.00784	0.03445	0.00344	0.08599	0.00585	0.00534
34	0.01679	0.67743	0.02812	0.01095	0.01556	0.13725	0.01022	0.01839	0.01270	0.01413	0.00872	0.01022	0.00793	0.00546	0.00417	0.00138	0.00695	0.00337	0.00274	0.00754
35	0.00985	0.00704	0.00966	0.01093	0.01230	0.00695	0.00946	0.01229	0.01353	0.01767	0.03070	0.06486	0.03326	0.01611	0.00814	0.00274	0.00547	0.71799	0.00546	0.00559
36	0.00966	0.00695	0.00939	0.01047	0.01186	0.00679	0.00895	0.01206	0.01376	0.01806	0.08880	0.06275	0.06613	0.01573	0.00800	0.00264	0.00517	0.63171	0.00554	0.00558
37	0.01393	0.02493	0.51791	0.01681	0.07279	0.05227	0.01799	0.02109	0.12657	0.05858	0.01348	0.01478	0.00989	0.00629	0.00577	0.00192	0.00782	0.00488	0.00345	0.00886
38	0.00749	0.00538	0.00711	0.00761	0.00841	0.00500	0.00535	0.00928	0.01339	0.01848	0.37092	0.44478	0.04535	0.01502	0.00704	0.00208	0.00303	0.01351	0.00577	0.00500
39	0.00817	0.00613	0.00919	0.00919	0.01021	0.00715	0.00715	0.01021	0.00919	0.01328	0.01532	0.02247	0.01430	0.04290	0.77631	0.00919	0.01532	0.00613	0.00306	0.00511
40	0.04442	0.01821	0.01660	0.01330	0.01746	0.18129	0.01073	0.54952	0.04290	0.03068	0.01276	0.01307	0.00932	0.00664	0.00554	0.00167	0.00706	0.00481	0.00506	0.00894
41	0.04523	0.01069	0.01483	0.35312	0.08058	0.04100	0.01235	0.08479	0.01389	0.07669	0.05398	0.04508	0.01520	0.03079	0.00666	0.00204	0.00647	0.09586	0.00392	0.00683
42	0.00697	0.00498	0.00664	0.00796	0.00830	0.00465	0.00531	0.00796	0.01095	0.01460	0.03153	0.79525	0.03783	0.01792	0.00730	0.00232	0.00332	0.01626	0.00531	0.00465
43	0.01361	0.01139	0.01305	0.00968	0.01480	0.00866	0.00754	0.01561	0.01295	0.02020	0.01193	0.01430	0.01014	0.00545	0.00502	0.00119	0.00485	0.00399	0.00399	0.81163
44	0.01383	0.01360	0.02463	0.36396	0.03324	0.01381	0.32096	0.01735	0.01345	0.01826	0.01252	0.01732	0.00985	0.00636	0.00674	0.00212	0.00864	0.00617	0.00340	0.09379
45	0.02308	0.09628	0.12848	0.01246	0.01754	0.01246	0.01134	0.07015	0.05114	0.47948	0.02014	0.01928	0.01382	0.00776	0.00623	0.00205	0.00620	0.00578	0.00626	0.01008
46	0.01466	0.31951	0.47255	0.01486	0.02192	0.01766	0.01725	0.01885	0.01299	0.01795	0.01116	0.01343	0.00899	0.00641	0.00552	0.00191	0.00808	0.00437	0.00305	0.00889
47	0.05271	0.00750	0.00900	0.00861	0.01023	0.00693	0.00644	0.01235	0.01647	0.02376	0.61949	0.04462	0.08649	0.01277	0.00737	0.00218	0.00362	0.05658	0.00655	0.00634
48	0.05748	0.01643	0.04881	0.01565	0.09715	0.11021	0.01162	0.27606	0.05731	0.12704	0.03340	0.02164	0.04062	0.00852	0.00647	0.00209	0.00689	0.04777	0.00551	0.00931
49	0.01320	0.01181	0.01856	0.75750	0.04010	0.01391	0.01657	0.01623	0.01292	0.01687	0.01254	0.01841	0.00991	0.00729	0.00672	0.00233	0.00833	0.00583	0.00338	0.00758

[dist]
# distance from previous block
# <min> <max>
1	39

# created by:
# /software/SequenceAnalysis/GenePrediction/augustus/3.0.1/scripts/msa2prfl.pl ./fixed/BUSCOvEOG7869SV.fas
