[name]
unknown

[dist]
# distance from previous block
# <min> <max>
6	72

[block]
# block no. 0 follows, 41 sequences, length 54
# corresponding to MSA columns:
# 72-125
name=unknown_A
#
# <colnr> <probs for GDERKNQSTAVLIFYWHMCP>
#	G	D	E	R	K	N	Q	S	T	A	V	L	I	F	Y	W	H	M	C	P
0	0.09277	0.02537	0.01557	0.01404	0.01711	0.67729	0.01062	0.05287	0.01610	0.01595	0.00897	0.01037	0.00737	0.00588	0.00504	0.00151	0.00963	0.00369	0.00312	0.00672
1	0.08582	0.01301	0.02157	0.03054	0.61099	0.01312	0.05370	0.01716	0.01277	0.01918	0.01182	0.01705	0.01033	0.00579	0.00568	0.00178	0.00664	0.05150	0.00305	0.00850
2	0.02050	0.01473	0.01585	0.01239	0.01663	0.01623	0.01016	0.60195	0.09238	0.06389	0.01529	0.01516	0.01094	0.00694	0.00562	0.00171	0.00584	0.00531	0.05909	0.00938
3	0.00911	0.00564	0.00673	0.00646	0.00780	0.00537	0.00484	0.01180	0.01453	0.02230	0.46620	0.03424	0.03838	0.00970	0.00566	0.00161	0.00269	0.00836	0.33322	0.00537
4	0.00832	0.00555	0.00624	0.00624	0.00624	0.00555	0.00347	0.00832	0.00832	0.01109	0.01802	0.03743	0.02080	0.79898	0.02911	0.00555	0.00555	0.00832	0.00347	0.00347
5	0.00688	0.00580	0.00596	0.00592	0.00780	0.00488	0.00444	0.00843	0.01331	0.01611	0.11924	0.05397	0.69928	0.01424	0.00676	0.00192	0.00288	0.01192	0.00540	0.00488
6	0.00697	0.00498	0.00664	0.00796	0.00830	0.00465	0.00531	0.00796	0.01095	0.01460	0.03153	0.79525	0.03783	0.01792	0.00730	0.00232	0.00332	0.01626	0.00531	0.00465
7	0.78614	0.06219	0.00980	0.00767	0.01130	0.01346	0.00643	0.01683	0.00986	0.02487	0.00796	0.00928	0.00627	0.00528	0.00355	0.00173	0.00453	0.00309	0.00347	0.00627
8	0.05834	0.00979	0.01308	0.01007	0.01446	0.00858	0.00832	0.02743	0.01610	0.73748	0.02198	0.01906	0.01384	0.00701	0.00566	0.00177	0.00485	0.00565	0.00694	0.00959
9	0.02112	0.01571	0.01682	0.01304	0.01750	0.01745	0.01072	0.68542	0.08671	0.03505	0.01452	0.01436	0.01036	0.00694	0.00573	0.00174	0.00615	0.00526	0.00573	0.00967
10	0.78585	0.01100	0.00897	0.05777	0.01289	0.01282	0.00682	0.01667	0.00984	0.02495	0.00811	0.00968	0.00629	0.00534	0.00368	0.00178	0.00463	0.00323	0.00348	0.00620
11	0.01147	0.02959	0.76934	0.01630	0.02476	0.01328	0.02113	0.01811	0.01208	0.01811	0.01026	0.01208	0.00725	0.00543	0.00543	0.00181	0.00845	0.00423	0.00242	0.00845
12	0.01457	0.01240	0.01307	0.01163	0.01492	0.01427	0.00908	0.07631	0.69162	0.02455	0.02333	0.02149	0.03123	0.00783	0.00583	0.00193	0.00461	0.00649	0.00580	0.00902
13	0.78656	0.01138	0.00897	0.00789	0.01149	0.01315	0.00650	0.06381	0.01084	0.02633	0.00834	0.00958	0.00642	0.00541	0.00368	0.00177	0.00455	0.00323	0.00368	0.00642
14	0.01259	0.01216	0.02117	0.37497	0.38545	0.01325	0.06539	0.01627	0.01234	0.01681	0.01054	0.01474	0.00838	0.00536	0.00576	0.00181	0.00736	0.00520	0.00270	0.00774
15	0.00966	0.00799	0.06718	0.00830	0.01042	0.00625	0.00703	0.01249	0.01532	0.07852	0.53363	0.07177	0.08206	0.01151	0.00666	0.00188	0.00351	0.05403	0.00590	0.00590
16	0.00697	0.00498	0.00664	0.00796	0.00830	0.00465	0.00531	0.00796	0.01095	0.01460	0.03153	0.79525	0.03783	0.01792	0.00730	0.00232	0.00332	0.01626	0.00531	0.00465
17	0.00697	0.00498	0.00664	0.00796	0.00830	0.00465	0.00531	0.00796	0.01095	0.01460	0.03153	0.79525	0.03783	0.01792	0.00730	0.00232	0.00332	0.01626	0.00531	0.00465
18	0.01421	0.01308	0.02286	0.14058	0.54843	0.01328	0.08790	0.01774	0.01302	0.05696	0.01137	0.01471	0.00908	0.00526	0.00578	0.00175	0.00709	0.00529	0.00302	0.00857
19	0.01152	0.02927	0.75295	0.01648	0.02487	0.01331	0.03721	0.01812	0.01211	0.01812	0.01029	0.01215	0.00728	0.00542	0.00546	0.00181	0.00848	0.00428	0.00243	0.00844
20	0.00692	0.00558	0.00618	0.00657	0.00800	0.00483	0.00476	0.00831	0.01257	0.01555	0.07958	0.26789	0.50938	0.01538	0.00694	0.00205	0.00305	0.02630	0.00535	0.00481
21	0.00742	0.00511	0.00664	0.00764	0.00818	0.00479	0.00521	0.00877	0.01166	0.01617	0.11625	0.63906	0.03771	0.01620	0.00695	0.00217	0.00319	0.01461	0.07746	0.00479
22	0.04082	0.07671	0.46982	0.05560	0.05301	0.06255	0.03118	0.01931	0.01280	0.10944	0.01149	0.01290	0.00820	0.00561	0.00532	0.00175	0.00776	0.00439	0.00309	0.00825
23	0.01784	0.01675	0.02926	0.15954	0.03118	0.01633	0.45008	0.10711	0.01693	0.02313	0.01544	0.02058	0.01246	0.00840	0.00864	0.02110	0.02373	0.00737	0.00456	0.00958
24	0.14430	0.01750	0.01515	0.12850	0.04553	0.30537	0.02700	0.09489	0.01479	0.04553	0.01059	0.01265	0.00828	0.00613	0.00576	0.00168	0.04820	0.00432	0.05686	0.00696
25	0.00737	0.00554	0.00698	0.00771	0.00868	0.00493	0.00530	0.00856	0.01132	0.01507	0.03331	0.62460	0.13519	0.01625	0.00696	0.00214	0.00334	0.01456	0.00514	0.07705
26	0.00832	0.00555	0.00624	0.00624	0.00624	0.00555	0.00347	0.00832	0.00832	0.01109	0.01802	0.03743	0.02080	0.79898	0.02911	0.00555	0.00555	0.00832	0.00347	0.00347
27	0.02188	0.01625	0.01697	0.01311	0.01761	0.04949	0.01078	0.68555	0.02603	0.06382	0.01387	0.01381	0.00980	0.00683	0.00570	0.00171	0.00641	0.00511	0.00566	0.00960
28	0.01324	0.01266	0.02156	0.23971	0.56585	0.01335	0.01710	0.01675	0.01259	0.01758	0.01060	0.01445	0.00867	0.00527	0.00568	0.00176	0.00702	0.00509	0.00275	0.00832
29	0.00778	0.00583	0.00720	0.00686	0.00835	0.00526	0.00515	0.01018	0.01544	0.02115	0.59286	0.04566	0.22251	0.01236	0.00675	0.00183	0.00275	0.01076	0.00606	0.00526
30	0.01423	0.01229	0.01293	0.01164	0.01487	0.01423	0.00905	0.03039	0.75297	0.02393	0.02328	0.02134	0.01746	0.00776	0.00582	0.00194	0.00453	0.00647	0.00582	0.00905
31	0.00711	0.00509	0.00676	0.00787	0.00833	0.00474	0.00532	0.00832	0.01161	0.01565	0.12312	0.70067	0.03986	0.01714	0.00723	0.00226	0.00324	0.01552	0.00543	0.00474
32	0.00676	0.00579	0.00579	0.00579	0.00773	0.00483	0.00435	0.00821	0.01304	0.01545	0.05794	0.05505	0.76098	0.01449	0.00676	0.00193	0.00290	0.01207	0.00531	0.00483
33	0.83938	0.01106	0.00841	0.00752	0.01106	0.01283	0.00619	0.01681	0.00973	0.02566	0.00796	0.00929	0.00619	0.00531	0.00354	0.00177	0.00442	0.00310	0.00354	0.00619
34	0.01098	0.01051	0.01823	0.73606	0.03878	0.01282	0.06283	0.01485	0.01157	0.01485	0.01026	0.01526	0.00769	0.00566	0.00579	0.00191	0.00776	0.00519	0.00256	0.00644
35	0.01080	0.01017	0.01716	0.78523	0.03940	0.01271	0.01589	0.01461	0.01144	0.01461	0.01017	0.01525	0.00762	0.00572	0.00572	0.00191	0.00762	0.00508	0.00254	0.00635
36	0.01353	0.01467	0.07241	0.10089	0.46374	0.01370	0.18072	0.01782	0.03225	0.01832	0.01118	0.01460	0.00894	0.00518	0.00590	0.00178	0.00756	0.00545	0.00287	0.00847
37	0.00701	0.00505	0.00664	0.00784	0.00828	0.00468	0.00527	0.00809	0.01125	0.01498	0.06283	0.73375	0.06808	0.01752	0.00726	0.00229	0.00328	0.01584	0.00535	0.00468
38	0.01600	0.05481	0.04553	0.01182	0.01574	0.03150	0.00978	0.15420	0.46251	0.05636	0.01911	0.01808	0.01423	0.00707	0.00556	0.00177	0.00521	0.00568	0.00533	0.05969
39	0.00804	0.00543	0.00632	0.00659	0.00666	0.00536	0.00384	0.00825	0.00886	0.01181	0.02078	0.19198	0.02427	0.63969	0.02466	0.00489	0.00509	0.00994	0.00384	0.00371
40	0.01294	0.23833	0.44472	0.01397	0.02076	0.04041	0.03515	0.01761	0.01205	0.01669	0.00957	0.01130	0.00742	0.00526	0.00510	0.00157	0.02064	0.00390	0.00254	0.08008
41	0.08053	0.16341	0.57700	0.01444	0.02186	0.01488	0.01791	0.01783	0.01180	0.01792	0.00967	0.01134	0.00718	0.00533	0.00497	0.00171	0.00771	0.00393	0.00251	0.00807
42	0.08460	0.10654	0.48443	0.01783	0.12404	0.01433	0.05563	0.01783	0.01203	0.01837	0.00996	0.01199	0.00749	0.00529	0.00518	0.00174	0.00769	0.00426	0.00260	0.00818
43	0.02377	0.01040	0.01348	0.01033	0.01479	0.00933	0.00850	0.08930	0.03946	0.61535	0.02073	0.01836	0.01338	0.00683	0.00562	0.00169	0.00493	0.00552	0.00660	0.08163
44	0.08090	0.00683	0.00948	0.00929	0.01049	0.00809	0.00729	0.01094	0.00922	0.01438	0.01435	0.02090	0.01330	0.03822	0.67665	0.00826	0.04726	0.00582	0.00308	0.00525
45	0.01387	0.01583	0.15526	0.02763	0.51253	0.02617	0.01654	0.01770	0.01336	0.05777	0.07666	0.01648	0.01289	0.00585	0.00571	0.00173	0.00670	0.00541	0.00328	0.00862
46	0.02109	0.02525	0.04282	0.01524	0.04859	0.65048	0.01145	0.02289	0.01595	0.08008	0.01017	0.01134	0.00803	0.00595	0.00524	0.00152	0.00963	0.00394	0.00328	0.00707
47	0.00789	0.00569	0.00746	0.00733	0.00850	0.00526	0.00538	0.01029	0.01525	0.02144	0.62936	0.17792	0.05107	0.01281	0.00685	0.00189	0.00281	0.01141	0.00612	0.00526
48	0.01708	0.02061	0.07977	0.01275	0.01591	0.42607	0.01048	0.05691	0.02998	0.04344	0.10030	0.01981	0.09524	0.00774	0.00616	0.00166	0.03980	0.00565	0.00386	0.00676
49	0.01350	0.01543	0.03375	0.02411	0.02989	0.01446	0.74253	0.01832	0.01350	0.01832	0.01157	0.01543	0.00868	0.00482	0.00675	0.00193	0.00964	0.00675	0.00289	0.00771
50	0.01292	0.02615	0.62582	0.01687	0.06868	0.01306	0.01944	0.01875	0.01237	0.08335	0.01125	0.01287	0.00797	0.00575	0.00604	0.00183	0.04108	0.00445	0.00285	0.00851
51	0.00915	0.00608	0.00791	0.00734	0.00890	0.00555	0.00555	0.01174	0.01597	0.07055	0.66930	0.05564	0.08117	0.01163	0.00669	0.00181	0.00286	0.01023	0.00629	0.00564
52	0.00810	0.00585	0.00765	0.00720	0.00855	0.00540	0.00540	0.01079	0.01619	0.02294	0.76028	0.04273	0.05397	0.01169	0.00675	0.00180	0.00270	0.01034	0.00630	0.00540
53	0.01529	0.80242	0.02997	0.00979	0.01468	0.02263	0.00979	0.01713	0.01162	0.01346	0.00795	0.00918	0.00734	0.00489	0.00367	0.00122	0.00612	0.00306	0.00245	0.00734

[dist]
# distance from previous block
# <min> <max>
0	1

[block]
# block no. 1 follows, 41 sequences, length 30
# corresponding to MSA columns:
# 127-156
name=unknown_B
#
# <colnr> <probs for GDERKNQSTAVLIFYWHMCP>
#	G	D	E	R	K	N	Q	S	T	A	V	L	I	F	Y	W	H	M	C	P
0	0.00832	0.00555	0.00624	0.00624	0.00624	0.00555	0.00347	0.00832	0.00832	0.01109	0.01802	0.03743	0.02080	0.79898	0.02911	0.00555	0.00555	0.00832	0.00347	0.00347
1	0.01147	0.02959	0.76934	0.01630	0.02476	0.01328	0.02113	0.01811	0.01208	0.01811	0.01026	0.01208	0.00725	0.00543	0.00543	0.00181	0.00845	0.00423	0.00242	0.00845
2	0.01396	0.01339	0.02286	0.07980	0.72017	0.01354	0.01745	0.01738	0.01293	0.01844	0.01072	0.01422	0.00897	0.00513	0.00567	0.00171	0.00684	0.00510	0.00281	0.00890
3	0.00697	0.00498	0.00664	0.00796	0.00830	0.00465	0.00531	0.00796	0.01095	0.01460	0.03153	0.79525	0.03783	0.01792	0.00730	0.00232	0.00332	0.01626	0.00531	0.00465
4	0.01543	0.60788	0.15130	0.01101	0.01642	0.03879	0.01162	0.01807	0.01209	0.05916	0.00923	0.01030	0.00773	0.00514	0.00412	0.00136	0.00653	0.00343	0.00273	0.00765
5	0.01428	0.51144	0.23301	0.01176	0.01739	0.06196	0.01282	0.01746	0.01220	0.01517	0.03990	0.01144	0.00925	0.00538	0.00437	0.00142	0.00686	0.00372	0.00263	0.00753
6	0.00921	0.00730	0.01048	0.01001	0.01096	0.00886	0.00787	0.03391	0.00966	0.01398	0.01430	0.02140	0.01347	0.06681	0.61779	0.00789	0.12164	0.00603	0.00309	0.00535
7	0.02460	0.01033	0.01373	0.03571	0.01567	0.00938	0.00887	0.08645	0.01720	0.66141	0.03978	0.01972	0.01475	0.00728	0.00587	0.00181	0.00510	0.00586	0.00686	0.00962
8	0.02137	0.06196	0.03723	0.01240	0.01711	0.01583	0.01051	0.51466	0.02301	0.15781	0.01481	0.01459	0.01041	0.00674	0.00561	0.00169	0.00605	0.00507	0.00560	0.05753
9	0.02511	0.01011	0.01346	0.01040	0.01474	0.00894	0.00854	0.06552	0.01705	0.70380	0.04420	0.02014	0.01530	0.00735	0.00588	0.00181	0.00496	0.00593	0.00705	0.00971
10	0.00856	0.00572	0.00641	0.00640	0.00643	0.00569	0.00358	0.00850	0.00847	0.01132	0.01822	0.03765	0.02097	0.79627	0.02912	0.00557	0.00562	0.00838	0.00354	0.00359
11	0.01347	0.01598	0.07287	0.06944	0.05111	0.01438	0.63653	0.01821	0.01342	0.01830	0.01162	0.01550	0.00876	0.00507	0.00668	0.00196	0.00944	0.00653	0.00292	0.00782
12	0.79286	0.05324	0.00972	0.00780	0.01142	0.01347	0.00649	0.01698	0.00998	0.02519	0.00820	0.00961	0.00648	0.00544	0.00365	0.00178	0.00459	0.00317	0.00356	0.00637
13	0.01232	0.01204	0.01685	0.01459	0.01471	0.01661	0.01207	0.01358	0.00895	0.01394	0.00850	0.01379	0.00838	0.01333	0.09211	0.00319	0.71095	0.00519	0.00264	0.00626
14	0.01550	0.79972	0.03006	0.00994	0.01484	0.02271	0.00987	0.01727	0.01176	0.01368	0.00819	0.00950	0.00756	0.00505	0.00377	0.00127	0.00619	0.00314	0.00253	0.00745
15	0.00933	0.00624	0.00813	0.00753	0.00907	0.00571	0.00567	0.01193	0.01633	0.06524	0.71606	0.04161	0.05177	0.01156	0.00678	0.00184	0.00291	0.01014	0.00641	0.00576
16	0.83662	0.01122	0.00857	0.00768	0.01123	0.01295	0.00630	0.01696	0.00988	0.02584	0.00820	0.00962	0.00642	0.00546	0.00364	0.00181	0.00450	0.00318	0.00362	0.00631
17	0.00853	0.00580	0.00684	0.00683	0.00700	0.00592	0.00411	0.00877	0.00860	0.01163	0.01783	0.03550	0.02003	0.68751	0.13661	0.00610	0.00703	0.00806	0.00348	0.00383
18	0.01089	0.00551	0.00551	0.00550	0.00685	0.00547	0.00411	0.01349	0.01214	0.02152	0.01886	0.02160	0.01485	0.00681	0.00410	0.00138	0.00275	0.00540	0.82783	0.00545
19	0.01089	0.00551	0.00551	0.00550	0.00685	0.00547	0.00411	0.01349	0.01214	0.02152	0.01886	0.02160	0.01485	0.00681	0.00410	0.00138	0.00275	0.00540	0.82783	0.00545
20	0.00721	0.00515	0.00681	0.00812	0.00848	0.00479	0.00541	0.00814	0.01109	0.01482	0.03168	0.79274	0.03794	0.01803	0.00739	0.00236	0.00340	0.01629	0.00538	0.00477
21	0.83662	0.01122	0.00857	0.00768	0.01123	0.01295	0.00630	0.01696	0.00988	0.02584	0.00820	0.00962	0.00642	0.00546	0.00364	0.00181	0.00450	0.00318	0.00362	0.00631
22	0.01444	0.01244	0.01308	0.01178	0.01503	0.01434	0.00914	0.03049	0.75043	0.02411	0.02346	0.02162	0.01764	0.00790	0.00592	0.00198	0.00461	0.00653	0.00589	0.00916
23	0.01509	0.01229	0.01310	0.01170	0.01501	0.01401	0.00911	0.03035	0.70875	0.06617	0.02342	0.02151	0.01746	0.00786	0.00591	0.00197	0.00462	0.00649	0.00596	0.00920
24	0.01513	0.01330	0.02031	0.62767	0.14995	0.01476	0.01723	0.01763	0.01404	0.01882	0.01404	0.02012	0.01148	0.00813	0.00730	0.00256	0.00862	0.00628	0.00392	0.00871
25	0.06404	0.01197	0.01657	0.05844	0.22891	0.01194	0.01164	0.14784	0.01675	0.30462	0.05619	0.01773	0.01350	0.00671	0.00575	0.00179	0.00575	0.00560	0.00523	0.00904
26	0.01437	0.01374	0.02333	0.03517	0.76076	0.01370	0.01761	0.01770	0.01316	0.01889	0.01098	0.01446	0.00927	0.00525	0.00576	0.00174	0.00687	0.00517	0.00291	0.00917
27	0.02510	0.01021	0.01353	0.01044	0.01480	0.00908	0.00858	0.07542	0.01719	0.69550	0.04234	0.02001	0.01515	0.00734	0.00587	0.00181	0.00498	0.00591	0.00703	0.00972
28	0.83662	0.01122	0.00857	0.00768	0.01123	0.01295	0.00630	0.01696	0.00988	0.02584	0.00820	0.00962	0.00642	0.00546	0.00364	0.00181	0.00450	0.00318	0.00362	0.00631
29	0.02427	0.01168	0.06778	0.01094	0.01563	0.00949	0.00954	0.05863	0.04112	0.65445	0.02150	0.01904	0.01377	0.00712	0.00583	0.00182	0.00525	0.00571	0.00671	0.00972

[dist]
# distance from previous block
# <min> <max>
0	5

[block]
# block no. 2 follows, 41 sequences, length 7
# corresponding to MSA columns:
# 162-168
name=unknown_C
#
# <colnr> <probs for GDERKNQSTAVLIFYWHMCP>
#	G	D	E	R	K	N	Q	S	T	A	V	L	I	F	Y	W	H	M	C	P
0	0.00810	0.00585	0.00765	0.00720	0.00855	0.00540	0.00540	0.01079	0.01619	0.02294	0.76028	0.04273	0.05397	0.01169	0.00675	0.00180	0.00270	0.01034	0.00630	0.00540
1	0.01414	0.59823	0.02667	0.20965	0.02105	0.02007	0.01136	0.01648	0.01157	0.01376	0.00852	0.01074	0.00741	0.00511	0.00420	0.00140	0.00651	0.00358	0.00247	0.00709
2	0.05238	0.01146	0.01835	0.43440	0.22081	0.01369	0.01532	0.01535	0.01135	0.01607	0.00980	0.01425	0.00791	0.00620	0.00762	0.00194	0.12845	0.00498	0.00266	0.00703
3	0.01797	0.59811	0.02567	0.00989	0.01466	0.01897	0.00943	0.01990	0.01285	0.20774	0.01172	0.01183	0.00910	0.00546	0.00421	0.00136	0.00579	0.00375	0.00364	0.00796
4	0.00817	0.00613	0.00919	0.00919	0.01021	0.00715	0.00715	0.01021	0.00919	0.01328	0.01532	0.02247	0.01430	0.04290	0.77631	0.00919	0.01532	0.00613	0.00306	0.00511
5	0.01262	0.00685	0.00910	0.00796	0.01011	0.00617	0.00617	0.01520	0.01624	0.21478	0.57014	0.03673	0.04371	0.01050	0.00649	0.00179	0.00326	0.00916	0.00650	0.00651
6	0.00810	0.00631	0.03906	0.00845	0.00933	0.00529	0.00621	0.00942	0.01122	0.04634	0.02963	0.66430	0.03461	0.04966	0.00810	0.00243	0.00378	0.04757	0.00518	0.00500

[dist]
# distance from previous block
# <min> <max>
5	88

[block]
# block no. 3 follows, 41 sequences, length 16
# corresponding to MSA columns:
# 257-272
name=unknown_D
#
# <colnr> <probs for GDERKNQSTAVLIFYWHMCP>
#	G	D	E	R	K	N	Q	S	T	A	V	L	I	F	Y	W	H	M	C	P
0	0.01249	0.01081	0.01352	0.00971	0.01481	0.00859	0.05333	0.05340	0.01276	0.01954	0.01044	0.01218	0.00855	0.00441	0.00447	0.00096	0.00469	0.00369	0.00348	0.73815
1	0.00835	0.00640	0.00774	0.00742	0.00903	0.00606	0.00563	0.01189	0.07847	0.02099	0.50049	0.05953	0.20436	0.01225	0.00673	0.00188	0.00301	0.03823	0.00598	0.00557
2	0.01134	0.01026	0.06156	0.01135	0.01452	0.00882	0.13019	0.05352	0.06836	0.07114	0.20771	0.09797	0.17200	0.01033	0.00651	0.00190	0.00489	0.02924	0.00510	0.02328
3	0.01686	0.01305	0.04200	0.01171	0.01547	0.01371	0.00961	0.17859	0.43795	0.12243	0.05993	0.02029	0.01697	0.00761	0.00583	0.00186	0.00499	0.00622	0.00586	0.00907
4	0.00853	0.00653	0.00919	0.13072	0.01363	0.00659	0.00729	0.01130	0.01494	0.02076	0.55247	0.08415	0.04435	0.01137	0.00669	0.00190	0.00368	0.05485	0.00558	0.00550
5	0.01379	0.00732	0.00928	0.00805	0.01046	0.00663	0.00622	0.01649	0.04413	0.26061	0.33449	0.03601	0.14958	0.06158	0.00784	0.00206	0.00368	0.00886	0.00619	0.00672
6	0.01160	0.01052	0.01713	0.45143	0.16381	0.01197	0.03782	0.06156	0.01272	0.01686	0.01393	0.13854	0.01284	0.00758	0.00599	0.00192	0.00677	0.00692	0.00325	0.00684
7	0.02181	0.00883	0.01180	0.00937	0.01290	0.00776	0.00743	0.02370	0.01508	0.60059	0.06830	0.02378	0.01772	0.13283	0.00952	0.00237	0.00484	0.00645	0.00646	0.00847
8	0.00886	0.00633	0.00881	0.01013	0.01129	0.00628	0.00860	0.01123	0.01282	0.01672	0.03048	0.18029	0.03370	0.01614	0.00781	0.00258	0.00496	0.61255	0.00527	0.00517
9	0.00885	0.00564	0.00737	0.00784	0.00887	0.00515	0.00553	0.01034	0.01267	0.08329	0.18342	0.51576	0.09270	0.01541	0.00701	0.00214	0.00330	0.01379	0.00567	0.00527
10	0.01960	0.02032	0.01518	0.01329	0.01642	0.42493	0.01026	0.11716	0.13405	0.08033	0.05171	0.01501	0.01224	0.00687	0.00599	0.00166	0.03823	0.00488	0.00426	0.00759
11	0.01806	0.02149	0.01489	0.01363	0.01588	0.53051	0.01031	0.05146	0.01497	0.01505	0.01250	0.13509	0.01232	0.00833	0.00713	0.00174	0.10096	0.00590	0.00339	0.00641
12	0.01557	0.00836	0.01043	0.00915	0.01167	0.00813	0.00704	0.02000	0.14833	0.28876	0.15816	0.07773	0.02559	0.13466	0.00986	0.00249	0.00444	0.04644	0.00593	0.00727
13	0.00778	0.00559	0.00740	0.00768	0.00867	0.00522	0.00561	0.00989	0.01419	0.01969	0.46161	0.30364	0.04704	0.01411	0.00701	0.00203	0.00308	0.05874	0.00589	0.00513
14	0.01110	0.00926	0.01352	0.22404	0.10665	0.02760	0.04299	0.04406	0.03575	0.01769	0.01872	0.19657	0.01834	0.00949	0.00602	0.00193	0.00557	0.06947	0.13491	0.00632
15	0.01437	0.05175	0.01628	0.01235	0.06013	0.00963	0.10180	0.01713	0.01290	0.13692	0.02731	0.03416	0.01101	0.00534	0.00498	0.00126	0.00522	0.00474	0.00393	0.46877

[dist]
# distance from previous block
# <min> <max>
0	27

# created by:
# /software/SequenceAnalysis/GenePrediction/augustus/3.0.1/scripts/msa2prfl.pl ./fixed/BUSCOvEOG7908QN.fas
