[name]
unknown

[dist]
# distance from previous block
# <min> <max>
101	178

[block]
# block no. 0 follows, 40 sequences, length 14
# corresponding to MSA columns:
# 195-208
name=unknown_A
#
# <colnr> <probs for GDERKNQSTAVLIFYWHMCP>
#	G	D	E	R	K	N	Q	S	T	A	V	L	I	F	Y	W	H	M	C	P
0	0.00758	0.00551	0.00749	0.00855	0.00921	0.00542	0.00619	0.00901	0.01124	0.01500	0.03043	0.53239	0.06810	0.02199	0.13469	0.00355	0.00565	0.10811	0.00501	0.00489
1	0.01652	0.01775	0.01743	0.01997	0.25287	0.27191	0.01227	0.02142	0.14203	0.01829	0.01239	0.01394	0.01001	0.00578	0.00537	0.00155	0.00730	0.00464	0.00354	0.14502
2	0.01928	0.04720	0.04664	0.05026	0.10502	0.01311	0.06537	0.17664	0.09038	0.26294	0.05082	0.01794	0.01373	0.00680	0.00585	0.00179	0.00604	0.00579	0.00532	0.00908
3	0.01286	0.01229	0.02107	0.11441	0.35850	0.01254	0.13553	0.01770	0.08232	0.01967	0.13611	0.02025	0.01736	0.00658	0.00615	0.00183	0.00659	0.00648	0.00372	0.00804
4	0.00726	0.00535	0.00684	0.00797	0.00867	0.00493	0.00560	0.00850	0.01169	0.01522	0.03640	0.60332	0.15747	0.01744	0.00739	0.00232	0.00348	0.07994	0.00539	0.00481
5	0.14955	0.01295	0.05389	0.27985	0.25065	0.01323	0.10152	0.01657	0.01210	0.01860	0.01091	0.03520	0.00890	0.00577	0.00558	0.00186	0.00712	0.00531	0.00296	0.00748
6	0.01749	0.05100	0.07053	0.01264	0.01669	0.12501	0.01068	0.20007	0.31785	0.05989	0.01880	0.01814	0.04062	0.00731	0.00570	0.00180	0.00621	0.00570	0.00511	0.00877
7	0.15030	0.01433	0.02798	0.02180	0.08053	0.01391	0.52964	0.01784	0.01294	0.01972	0.01201	0.04974	0.00978	0.00561	0.00626	0.00193	0.00841	0.00656	0.00316	0.00755
8	0.01211	0.10283	0.56756	0.01460	0.02226	0.01349	0.01792	0.01769	0.01220	0.01804	0.01019	0.01195	0.00758	0.00527	0.00514	0.00162	0.00765	0.00404	0.00262	0.14524
9	0.15022	0.01334	0.05256	0.16556	0.40152	0.02719	0.01504	0.01723	0.02604	0.01931	0.01159	0.01648	0.00980	0.00600	0.00551	0.00183	0.00668	0.04304	0.00312	0.00794
10	0.01231	0.06737	0.56678	0.05054	0.02363	0.01415	0.01858	0.02027	0.13468	0.01898	0.01251	0.01383	0.00912	0.00590	0.00551	0.00184	0.00776	0.00465	0.00304	0.00854
11	0.01368	0.01277	0.02021	0.21032	0.45233	0.02777	0.01601	0.04899	0.04539	0.01880	0.01292	0.01870	0.01104	0.00636	0.00594	0.00186	0.00694	0.05849	0.00325	0.00825
12	0.01359	0.01542	0.03347	0.06239	0.03088	0.01462	0.70211	0.01844	0.01362	0.01844	0.01169	0.01568	0.00877	0.00495	0.00681	0.00196	0.00970	0.00678	0.00292	0.00777
13	0.02097	0.02424	0.01704	0.01614	0.07312	0.56390	0.01162	0.14049	0.04541	0.01864	0.01050	0.01177	0.00840	0.00616	0.00540	0.00157	0.00933	0.00420	0.00356	0.00753

[dist]
# distance from previous block
# <min> <max>
0	1

[block]
# block no. 1 follows, 40 sequences, length 7
# corresponding to MSA columns:
# 210-216
name=unknown_B
#
# <colnr> <probs for GDERKNQSTAVLIFYWHMCP>
#	G	D	E	R	K	N	Q	S	T	A	V	L	I	F	Y	W	H	M	C	P
0	0.00714	0.00556	0.00652	0.00724	0.00840	0.00494	0.00520	0.00847	0.01227	0.01542	0.04449	0.40111	0.37300	0.01645	0.00721	0.00220	0.00330	0.06083	0.00540	0.00485
1	0.00732	0.00576	0.00699	0.00731	0.00861	0.00542	0.00537	0.00888	0.01201	0.01541	0.08059	0.23710	0.36779	0.02192	0.17813	0.00371	0.00587	0.01192	0.00494	0.00496
2	0.01317	0.01257	0.02140	0.30245	0.50213	0.01350	0.01724	0.01678	0.01266	0.01752	0.01072	0.01479	0.00869	0.00541	0.00578	0.00180	0.00721	0.00518	0.00277	0.00823
3	0.00762	0.00606	0.00858	0.00887	0.01000	0.00556	0.05500	0.00910	0.01192	0.01544	0.03661	0.53206	0.19673	0.01641	0.00730	0.00226	0.00383	0.05641	0.00523	0.00501
4	0.01287	0.01391	0.02793	0.22802	0.03133	0.01457	0.46294	0.01710	0.01263	0.01710	0.01092	0.01531	0.00840	0.00573	0.00793	0.00202	0.09498	0.00621	0.00280	0.00731
5	0.00871	0.00678	0.00841	0.00845	0.01040	0.00591	0.00651	0.01056	0.01226	0.01653	0.03167	0.31169	0.15839	0.01397	0.00678	0.00203	0.00398	0.18242	0.00495	0.18960
6	0.01151	0.02567	0.59833	0.18755	0.02849	0.01337	0.02029	0.01762	0.01213	0.01762	0.01041	0.01300	0.00745	0.00559	0.00559	0.00186	0.00841	0.00449	0.00248	0.00812

[dist]
# distance from previous block
# <min> <max>
24	78

# created by:
# /software/SequenceAnalysis/GenePrediction/augustus/3.0.1/scripts/msa2prfl.pl ./fixed/BUSCOvEOG7S7M4S.fas
