[name]
unknown

[dist]
# distance from previous block
# <min> <max>
84	369

[block]
# block no. 0 follows, 41 sequences, length 7
# corresponding to MSA columns:
# 380-386
name=unknown_A
#
# <colnr> <probs for GDERKNQSTAVLIFYWHMCP>
#	G	D	E	R	K	N	Q	S	T	A	V	L	I	F	Y	W	H	M	C	P
0	0.01836	0.02007	0.01745	0.17479	0.11585	0.39059	0.01283	0.14731	0.01671	0.01859	0.01021	0.01241	0.00805	0.00593	0.00544	0.00163	0.00861	0.00441	0.00334	0.00742
1	0.01211	0.01046	0.01383	0.17363	0.11266	0.01176	0.01083	0.04268	0.31034	0.01961	0.02060	0.17868	0.01876	0.00929	0.00614	0.00199	0.00528	0.02919	0.00464	0.00750
2	0.01432	0.01137	0.01498	0.17216	0.11304	0.01237	0.01104	0.27644	0.01867	0.02542	0.24374	0.02307	0.02291	0.00790	0.00603	0.00178	0.00552	0.00674	0.00489	0.00761
3	0.01008	0.00940	0.00830	0.00813	0.00937	0.14069	0.00568	0.01138	0.01280	0.01569	0.19968	0.14833	0.16464	0.21638	0.01235	0.00282	0.00490	0.00983	0.00465	0.00490
4	0.01650	0.00919	0.01080	0.00944	0.01233	0.00936	0.00737	0.04872	0.23720	0.26347	0.02286	0.12399	0.01826	0.00864	0.00562	0.00180	0.00416	0.00727	0.17507	0.00795
5	0.01616	0.01846	0.01654	0.12101	0.17195	0.38262	0.01234	0.01844	0.01369	0.01491	0.01055	0.01390	0.00897	0.01221	0.14090	0.00293	0.01011	0.00459	0.00289	0.00682
6	0.00731	0.00536	0.00653	0.00711	0.00785	0.00494	0.00480	0.00846	0.01162	0.01527	0.13206	0.40979	0.18507	0.15369	0.01095	0.00274	0.00354	0.01322	0.00512	0.00458

[dist]
# distance from previous block
# <min> <max>
0	36

[block]
# block no. 1 follows, 41 sequences, length 25
# corresponding to MSA columns:
# 425-449
name=unknown_B
#
# <colnr> <probs for GDERKNQSTAVLIFYWHMCP>
#	G	D	E	R	K	N	Q	S	T	A	V	L	I	F	Y	W	H	M	C	P
0	0.00971	0.00545	0.00828	0.05299	0.00974	0.00575	0.00594	0.00829	0.00795	0.01072	0.01078	0.01804	0.01047	0.02258	0.13717	0.65857	0.00671	0.00515	0.00258	0.00311
1	0.01454	0.01450	0.06590	0.20014	0.29200	0.01429	0.13786	0.15263	0.01527	0.02090	0.01129	0.01442	0.00869	0.00554	0.00586	0.00179	0.00747	0.00533	0.00329	0.00830
2	0.15321	0.01250	0.01549	0.01818	0.24611	0.01365	0.01120	0.10604	0.27105	0.02346	0.01620	0.06125	0.01325	0.00701	0.00546	0.00183	0.00535	0.00589	0.00447	0.00840
3	0.01209	0.01415	0.13532	0.02535	0.02030	0.01089	0.27455	0.03875	0.01226	0.01725	0.01351	0.01674	0.05242	0.00804	0.00878	0.14134	0.01766	0.00560	0.00307	0.17193
4	0.01227	0.01384	0.14229	0.44471	0.02993	0.01272	0.01473	0.12872	0.01442	0.01930	0.07691	0.01806	0.03471	0.00663	0.00579	0.00185	0.00699	0.00562	0.00343	0.00711
5	0.06482	0.13190	0.01594	0.01313	0.13036	0.01153	0.00922	0.06166	0.01434	0.24550	0.02178	0.02132	0.13641	0.00727	0.00530	0.00160	0.00502	0.00587	0.00474	0.09228
6	0.00859	0.00540	0.00611	0.00633	0.00668	0.00535	0.00389	0.00933	0.00955	0.01388	0.02043	0.16122	0.02234	0.49787	0.02006	0.00410	0.00455	0.00901	0.18124	0.00406
7	0.15542	0.03752	0.01767	0.05124	0.24829	0.21633	0.01248	0.11433	0.01479	0.02032	0.00989	0.01209	0.00802	0.00588	0.00589	0.00170	0.05278	0.00433	0.00332	0.00770
8	0.04076	0.01261	0.01965	0.06102	0.45448	0.01285	0.03489	0.02101	0.12903	0.13448	0.01444	0.01603	0.01099	0.00584	0.00567	0.00177	0.00619	0.00540	0.00396	0.00891
9	0.01251	0.01122	0.01162	0.01074	0.01264	0.13790	0.00839	0.12706	0.01314	0.01696	0.01398	0.01906	0.01242	0.03105	0.52638	0.00673	0.01307	0.00556	0.00346	0.00609
10	0.01279	0.02566	0.52615	0.01515	0.02159	0.14032	0.01761	0.01795	0.01294	0.01727	0.01310	0.01983	0.01121	0.00710	0.00577	0.00188	0.00828	0.11480	0.00294	0.00766
11	0.01347	0.01288	0.02197	0.18966	0.61416	0.01341	0.01721	0.01695	0.01270	0.01785	0.01064	0.01438	0.00876	0.00522	0.00567	0.00174	0.00697	0.00509	0.00277	0.00850
12	0.01913	0.01594	0.01508	0.01242	0.01599	0.14273	0.00987	0.49115	0.02227	0.02867	0.01577	0.13337	0.01377	0.00840	0.00583	0.00176	0.00642	0.00661	0.02650	0.00831
13	0.01845	0.00896	0.01146	0.00986	0.01290	0.00857	0.00789	0.02257	0.12973	0.40899	0.02328	0.03008	0.01884	0.13027	0.00971	0.00252	0.00499	0.12699	0.00602	0.00792
14	0.01629	0.01127	0.01592	0.13431	0.14397	0.01245	0.01174	0.03655	0.14723	0.21806	0.05625	0.01832	0.01392	0.00736	0.00783	0.00192	0.12795	0.00579	0.00466	0.00820
15	0.00902	0.00761	0.01107	0.01354	0.13608	0.00813	0.00844	0.01047	0.01103	0.01519	0.02517	0.52103	0.05068	0.01445	0.00877	0.00223	0.12447	0.01253	0.00446	0.00564
16	0.00904	0.00659	0.00795	0.00711	0.00902	0.00577	0.00523	0.01107	0.01378	0.04218	0.38833	0.03844	0.15925	0.13176	0.00976	0.00225	0.00348	0.00909	0.00527	0.13464
17	0.02074	0.13894	0.01917	0.01263	0.01726	0.01850	0.01070	0.63058	0.02451	0.03252	0.01283	0.01302	0.00935	0.00656	0.00540	0.00164	0.00627	0.00482	0.00521	0.00935
18	0.01756	0.02426	0.13024	0.01358	0.01721	0.53834	0.01155	0.01983	0.01508	0.01486	0.01674	0.01758	0.12514	0.00717	0.00545	0.00160	0.00887	0.00508	0.00324	0.00663
19	0.01631	0.01237	0.01480	0.01470	0.13936	0.01326	0.00970	0.39417	0.01881	0.02540	0.01456	0.02115	0.01304	0.25203	0.01296	0.00290	0.00615	0.00612	0.00454	0.00768
20	0.01295	0.01448	0.02267	0.01739	0.02136	0.13971	0.39140	0.01626	0.01321	0.01637	0.01882	0.02176	0.12487	0.01244	0.12677	0.00299	0.00961	0.00696	0.00330	0.00668
21	0.01015	0.00658	0.00764	0.00740	0.00811	0.00662	0.00474	0.05963	0.03155	0.05764	0.02057	0.17052	0.02263	0.53691	0.02160	0.00439	0.00513	0.00933	0.00423	0.00462
22	0.00804	0.00629	0.00845	0.00887	0.00930	0.00677	0.00637	0.00931	0.01135	0.01566	0.14130	0.53261	0.03514	0.04130	0.00969	0.00237	0.12388	0.01335	0.00497	0.00497
23	0.00965	0.00729	0.00838	0.00799	0.00976	0.00708	0.00597	0.13232	0.01550	0.02041	0.20673	0.25911	0.26096	0.01355	0.00674	0.00198	0.00354	0.01172	0.00561	0.00573
24	0.14065	0.01187	0.01664	0.11400	0.31646	0.01264	0.01252	0.12953	0.01503	0.02269	0.13657	0.01827	0.01609	0.00659	0.00553	0.00175	0.00577	0.00568	0.00394	0.00778

[dist]
# distance from previous block
# <min> <max>
5	17

[block]
# block no. 2 follows, 41 sequences, length 27
# corresponding to MSA columns:
# 469-495
name=unknown_C
#
# <colnr> <probs for GDERKNQSTAVLIFYWHMCP>
#	G	D	E	R	K	N	Q	S	T	A	V	L	I	F	Y	W	H	M	C	P
0	0.01314	0.01256	0.02139	0.26142	0.54490	0.01332	0.01705	0.01667	0.01255	0.01746	0.01058	0.01449	0.00863	0.00528	0.00568	0.00176	0.00705	0.00509	0.00274	0.00824
1	0.02566	0.00973	0.01327	0.01018	0.01460	0.00841	0.00841	0.02788	0.01637	0.76726	0.02257	0.01947	0.01416	0.00708	0.00575	0.00177	0.00487	0.00575	0.00708	0.00973
2	0.00818	0.00610	0.00907	0.00907	0.01005	0.00708	0.00700	0.01014	0.00916	0.01319	0.01543	0.02309	0.01457	0.07406	0.74552	0.00904	0.01492	0.00622	0.00308	0.00504
3	0.00706	0.00573	0.00626	0.00630	0.00795	0.00493	0.00466	0.00872	0.01349	0.01692	0.20103	0.12465	0.54385	0.01424	0.00681	0.00194	0.00290	0.01212	0.00552	0.00493
4	0.01251	0.01251	0.01752	0.01502	0.01502	0.01752	0.01251	0.01377	0.00876	0.01377	0.00751	0.01251	0.00751	0.01001	0.01877	0.00250	0.78851	0.00501	0.00250	0.00626
5	0.01350	0.01543	0.03375	0.02411	0.02989	0.01446	0.74253	0.01832	0.01350	0.01832	0.01157	0.01543	0.00868	0.00482	0.00675	0.00193	0.00964	0.00675	0.00289	0.00771
6	0.00817	0.00613	0.00919	0.00919	0.01021	0.00715	0.00715	0.01021	0.00919	0.01328	0.01532	0.02247	0.01430	0.04290	0.77631	0.00919	0.01532	0.00613	0.00306	0.00511
7	0.01356	0.01160	0.01237	0.01128	0.01432	0.01328	0.00882	0.02816	0.66946	0.02328	0.04600	0.02531	0.04089	0.00851	0.00599	0.00197	0.00447	0.04633	0.00579	0.00862
8	0.01416	0.01359	0.02322	0.03511	0.76330	0.01359	0.01755	0.01755	0.01302	0.01869	0.01076	0.01416	0.00906	0.00510	0.00566	0.00170	0.00680	0.00510	0.00283	0.00906
9	0.00838	0.00557	0.00636	0.00636	0.00645	0.00562	0.00367	0.00856	0.00847	0.01149	0.01791	0.03622	0.02030	0.73855	0.06574	0.00561	0.00595	0.00812	0.02709	0.00360
10	0.83938	0.01106	0.00841	0.00752	0.01106	0.01283	0.00619	0.01681	0.00973	0.02566	0.00796	0.00929	0.00619	0.00531	0.00354	0.00177	0.00442	0.00310	0.00354	0.00619
11	0.00702	0.00580	0.00620	0.00640	0.00814	0.00498	0.00486	0.00857	0.01298	0.01575	0.07381	0.11061	0.62490	0.01477	0.00690	0.00202	0.00312	0.07295	0.00534	0.00487
12	0.01438	0.11873	0.52167	0.01464	0.02184	0.01467	0.01743	0.11969	0.01439	0.07415	0.01136	0.01249	0.00810	0.00569	0.00529	0.00172	0.00761	0.00433	0.00322	0.00859
13	0.01147	0.02959	0.76934	0.01630	0.02476	0.01328	0.02113	0.01811	0.01208	0.01811	0.01026	0.01208	0.00725	0.00543	0.00543	0.00181	0.00845	0.00423	0.00242	0.00845
14	0.01186	0.10888	0.69348	0.01563	0.02372	0.01424	0.01997	0.01801	0.01203	0.01764	0.01003	0.01178	0.00726	0.00538	0.00525	0.00175	0.00821	0.00411	0.00242	0.00834
15	0.01504	0.75063	0.07953	0.01022	0.01536	0.02201	0.01055	0.01719	0.01165	0.01377	0.00811	0.00937	0.00733	0.00493	0.00379	0.00126	0.00627	0.00314	0.00244	0.00741
16	0.00832	0.00555	0.00624	0.00624	0.00624	0.00555	0.00347	0.00832	0.00832	0.01109	0.01802	0.03743	0.02080	0.79898	0.02911	0.00555	0.00555	0.00832	0.00347	0.00347
17	0.00697	0.00498	0.00664	0.00796	0.00830	0.00465	0.00531	0.00796	0.01095	0.01460	0.03153	0.79525	0.03783	0.01792	0.00730	0.00232	0.00332	0.01626	0.00531	0.00465
18	0.01489	0.70906	0.07887	0.01050	0.01537	0.02174	0.01069	0.01702	0.01150	0.01379	0.00808	0.00955	0.00734	0.00520	0.00458	0.00133	0.04745	0.00324	0.00245	0.00736
19	0.04095	0.01449	0.01538	0.01207	0.01618	0.01604	0.00989	0.59905	0.07351	0.03338	0.01476	0.01495	0.01069	0.00686	0.00549	0.00169	0.00574	0.00521	0.09455	0.00912
20	0.00832	0.00555	0.00624	0.00624	0.00624	0.00555	0.00347	0.00832	0.00832	0.01109	0.01802	0.03743	0.02080	0.79898	0.02911	0.00555	0.00555	0.00832	0.00347	0.00347
21	0.01541	0.01218	0.01308	0.01156	0.01493	0.01384	0.00905	0.05057	0.67000	0.08706	0.02295	0.02097	0.01696	0.00768	0.00581	0.00192	0.00461	0.00637	0.00592	0.00913
22	0.01298	0.00903	0.01058	0.00985	0.01195	0.00942	0.00740	0.18868	0.11810	0.07867	0.06135	0.40533	0.02729	0.01274	0.00657	0.00206	0.00428	0.01116	0.00566	0.00689
23	0.00696	0.00502	0.00659	0.00784	0.00826	0.00466	0.00526	0.00798	0.01107	0.01465	0.03298	0.75446	0.07768	0.01773	0.00727	0.00230	0.00330	0.01603	0.00531	0.00466
24	0.01147	0.02959	0.76934	0.01630	0.02476	0.01328	0.02113	0.01811	0.01208	0.01811	0.01026	0.01208	0.00725	0.00543	0.00543	0.00181	0.00845	0.00423	0.00242	0.00845
25	0.01350	0.01543	0.03375	0.02411	0.02989	0.01446	0.74253	0.01832	0.01350	0.01832	0.01157	0.01543	0.00868	0.00482	0.00675	0.00193	0.00964	0.00675	0.00289	0.00771
26	0.00783	0.00584	0.00728	0.00692	0.00838	0.00529	0.00519	0.01029	0.01557	0.02147	0.62218	0.04515	0.19299	0.01224	0.00675	0.00183	0.00274	0.01068	0.00610	0.00529

[dist]
# distance from previous block
# <min> <max>
5	9

# created by:
# /software/SequenceAnalysis/GenePrediction/augustus/3.0.1/scripts/msa2prfl.pl ./fixed/BUSCOvEOG7SXPSN.fas
