[name]
unknown

[dist]
# distance from previous block
# <min> <max>
0	278

[block]
# block no. 0 follows, 40 sequences, length 11
# corresponding to MSA columns:
# 340-350
name=unknown_A
#
# <colnr> <probs for GDERKNQSTAVLIFYWHMCP>
#	G	D	E	R	K	N	Q	S	T	A	V	L	I	F	Y	W	H	M	C	P
0	0.00950	0.00597	0.00840	0.00911	0.00994	0.00590	0.00728	0.00998	0.01102	0.01432	0.02431	0.04547	0.07342	0.01765	0.01392	0.33906	0.00507	0.38130	0.00421	0.00417
1	0.01367	0.01108	0.01442	0.20267	0.02078	0.01225	0.04106	0.23796	0.08896	0.02273	0.02171	0.18787	0.08042	0.00980	0.00631	0.00198	0.00575	0.00848	0.00478	0.00733
2	0.00781	0.00593	0.00719	0.00688	0.00843	0.00531	0.00516	0.01016	0.01547	0.02097	0.54143	0.04730	0.27119	0.01276	0.00686	0.00187	0.00281	0.01106	0.00609	0.00531
3	0.01314	0.01097	0.01264	0.00912	0.01424	0.00886	0.00734	0.09250	0.01370	0.02085	0.01073	0.01226	0.00875	0.00459	0.00447	0.00096	0.00453	0.00364	0.00370	0.74302
4	0.01354	0.01157	0.01476	0.18118	0.08763	0.01316	0.01149	0.08423	0.35077	0.02211	0.05646	0.02443	0.01754	0.00812	0.00613	0.00199	0.00563	0.07628	0.00488	0.00810
5	0.01489	0.06740	0.01815	0.01375	0.03608	0.08218	0.09592	0.11699	0.01416	0.03413	0.01136	0.03214	0.00966	0.00870	0.05288	0.00207	0.14281	0.00496	0.00354	0.23821
6	0.00805	0.00616	0.00820	0.00976	0.07273	0.00569	0.00621	0.00941	0.01244	0.01642	0.14922	0.37129	0.21560	0.01537	0.00810	0.05874	0.00359	0.01277	0.00514	0.00512
7	0.00722	0.00556	0.00641	0.00686	0.00799	0.00496	0.00478	0.00848	0.01227	0.01558	0.10240	0.32411	0.36246	0.09243	0.00930	0.00246	0.00335	0.01332	0.00530	0.00475
8	0.03516	0.27285	0.08701	0.35962	0.02822	0.01659	0.06924	0.01633	0.01178	0.01534	0.00957	0.01296	0.00766	0.00556	0.00552	0.00172	0.03073	0.00449	0.00259	0.00707
9	0.01718	0.42138	0.08336	0.01401	0.08419	0.07736	0.01193	0.19093	0.01605	0.02007	0.01000	0.01122	0.00820	0.00559	0.00467	0.00147	0.00684	0.00395	0.00336	0.00824
10	0.01725	0.01164	0.08027	0.01080	0.01444	0.01015	0.00934	0.05992	0.18520	0.28890	0.09375	0.02691	0.02042	0.07606	0.00815	0.00225	0.00515	0.06529	0.00586	0.00826

[dist]
# distance from previous block
# <min> <max>
0	3

[block]
# block no. 1 follows, 40 sequences, length 17
# corresponding to MSA columns:
# 354-370
name=unknown_B
#
# <colnr> <probs for GDERKNQSTAVLIFYWHMCP>
#	G	D	E	R	K	N	Q	S	T	A	V	L	I	F	Y	W	H	M	C	P
0	0.00783	0.00582	0.00727	0.00787	0.00905	0.00524	0.00572	0.00906	0.01179	0.01537	0.03578	0.42098	0.21240	0.01626	0.00806	0.05170	0.00367	0.10029	0.00509	0.06076
1	0.19462	0.00723	0.00823	0.00813	0.00960	0.00798	0.00614	0.01143	0.00985	0.01627	0.01879	0.02883	0.06979	0.20192	0.31898	0.00578	0.00916	0.05856	0.00365	0.00505
2	0.00751	0.00536	0.00681	0.00754	0.00808	0.00502	0.00503	0.00866	0.01169	0.01571	0.15479	0.49297	0.07637	0.15305	0.01118	0.00282	0.00364	0.01386	0.00524	0.00465
3	0.01272	0.01239	0.02310	0.01758	0.02135	0.01243	0.39020	0.06538	0.06681	0.01832	0.01472	0.06691	0.01296	0.06909	0.09589	0.04440	0.03804	0.00722	0.00353	0.00695
4	0.01084	0.00542	0.00542	0.00542	0.00678	0.00542	0.00407	0.01355	0.01220	0.02168	0.01897	0.02168	0.01491	0.00678	0.00407	0.00136	0.00271	0.00542	0.82791	0.00542
5	0.01378	0.02077	0.38008	0.01508	0.02130	0.01274	0.10698	0.10006	0.06475	0.07534	0.06293	0.01922	0.06677	0.00696	0.00596	0.00186	0.00719	0.00597	0.00394	0.00832
6	0.01603	0.01121	0.01240	0.01085	0.01425	0.01215	0.00853	0.02783	0.51340	0.17740	0.02749	0.02516	0.10029	0.00852	0.00601	0.00194	0.00449	0.00706	0.00613	0.00887
7	0.01399	0.01146	0.01231	0.01096	0.01389	0.01286	0.00846	0.12396	0.48170	0.02436	0.07933	0.07049	0.04969	0.05076	0.00736	0.00215	0.00463	0.00760	0.00576	0.00828
8	0.00814	0.00540	0.00702	0.00734	0.00812	0.00501	0.00511	0.00857	0.01160	0.01535	0.17607	0.26781	0.18052	0.01681	0.01162	0.24166	0.00364	0.01114	0.00477	0.00428
9	0.42701	0.09228	0.09974	0.04240	0.01802	0.06591	0.13041	0.03057	0.01180	0.02174	0.00921	0.01117	0.00715	0.00537	0.00460	0.00176	0.00657	0.00404	0.00321	0.00702
10	0.51968	0.09900	0.01431	0.01337	0.13629	0.09975	0.00916	0.01794	0.01140	0.02223	0.00867	0.01037	0.00704	0.00538	0.00416	0.00169	0.00576	0.00355	0.00329	0.00696
11	0.01487	0.01444	0.02598	0.14400	0.22724	0.01474	0.30986	0.13734	0.01552	0.02112	0.01168	0.01502	0.00894	0.00546	0.00623	0.00186	0.00814	0.00587	0.00334	0.00834
12	0.01417	0.16982	0.13361	0.01299	0.01785	0.03181	0.12872	0.06089	0.05150	0.08136	0.07435	0.02104	0.10320	0.00718	0.00562	0.00167	0.00629	0.00614	0.00405	0.06774
13	0.00912	0.00691	0.00883	0.00842	0.00863	0.00796	0.00580	0.00976	0.00871	0.01218	0.01601	0.03077	0.01757	0.51130	0.18275	0.00591	0.13431	0.00745	0.00328	0.00433
14	0.01294	0.01263	0.06797	0.07022	0.15826	0.01197	0.10432	0.12190	0.09736	0.02057	0.01852	0.22030	0.01784	0.01020	0.02599	0.00217	0.00641	0.00852	0.00428	0.00762
15	0.02211	0.01629	0.01745	0.01338	0.01803	0.01803	0.01105	0.73997	0.02734	0.03665	0.01396	0.01396	0.00989	0.00698	0.00582	0.00175	0.00640	0.00524	0.00582	0.00989
16	0.01960	0.13495	0.01815	0.01331	0.01703	0.35294	0.01064	0.18862	0.15020	0.02113	0.01264	0.01314	0.00989	0.00641	0.00528	0.00160	0.00786	0.00450	0.00410	0.00801

[dist]
# distance from previous block
# <min> <max>
0	1

[block]
# block no. 2 follows, 40 sequences, length 20
# corresponding to MSA columns:
# 372-391
name=unknown_C
#
# <colnr> <probs for GDERKNQSTAVLIFYWHMCP>
#	G	D	E	R	K	N	Q	S	T	A	V	L	I	F	Y	W	H	M	C	P
0	0.00841	0.00581	0.00720	0.00720	0.00750	0.00610	0.00459	0.00901	0.00871	0.01191	0.01754	0.03372	0.01926	0.58118	0.24147	0.00670	0.00847	0.00782	0.00341	0.00400
1	0.00737	0.00544	0.00677	0.00739	0.00824	0.00498	0.00511	0.00877	0.01249	0.01656	0.18813	0.44334	0.18103	0.06581	0.00861	0.00238	0.00330	0.01393	0.00549	0.00484
2	0.00776	0.00586	0.00705	0.00687	0.00827	0.00528	0.00504	0.00985	0.01467	0.01975	0.45546	0.09157	0.26503	0.06178	0.00831	0.00214	0.00302	0.01128	0.00586	0.00514
3	0.01282	0.01302	0.01946	0.01619	0.01677	0.01750	0.08499	0.01446	0.00939	0.01446	0.00805	0.01302	0.00775	0.00965	0.01787	0.00249	0.70777	0.00527	0.00258	0.00651
4	0.01033	0.00717	0.00819	0.00782	0.00999	0.00670	0.00603	0.01397	0.10645	0.10128	0.12811	0.10380	0.39184	0.01306	0.00676	0.00201	0.00356	0.06106	0.00578	0.00609
5	0.01357	0.01094	0.01164	0.01049	0.01357	0.01209	0.00815	0.02598	0.54897	0.06733	0.03107	0.02882	0.17378	0.00929	0.00611	0.00196	0.00427	0.00773	0.00589	0.00834
6	0.83671	0.01125	0.00855	0.00765	0.01125	0.01305	0.00630	0.01709	0.00990	0.02609	0.00810	0.00945	0.00630	0.00540	0.00360	0.00180	0.00450	0.00315	0.00360	0.00630
7	0.01846	0.01848	0.01464	0.01294	0.01600	0.32980	0.01013	0.25912	0.01911	0.02218	0.01725	0.09734	0.04237	0.00899	0.00602	0.00182	0.00756	0.08589	0.00453	0.00737
8	0.01238	0.02183	0.40567	0.02234	0.22673	0.01314	0.11933	0.01756	0.01266	0.01835	0.01229	0.06850	0.01028	0.00624	0.00591	0.00186	0.00793	0.00576	0.00285	0.00839
9	0.00742	0.00547	0.00659	0.00715	0.00795	0.00502	0.00484	0.00857	0.01183	0.01546	0.12442	0.38602	0.21437	0.15421	0.01114	0.00278	0.00359	0.01332	0.00519	0.00465
10	0.00832	0.00616	0.00901	0.00901	0.00993	0.00709	0.00685	0.01017	0.00925	0.01325	0.01588	0.02454	0.01528	0.12764	0.68957	0.00893	0.01447	0.00648	0.00316	0.00501
11	0.07929	0.51183	0.14706	0.01151	0.01671	0.11842	0.01172	0.01831	0.01235	0.01549	0.00859	0.00997	0.00736	0.00523	0.00421	0.00142	0.00703	0.00339	0.00263	0.00746
12	0.00785	0.00603	0.00708	0.00721	0.00871	0.00547	0.00554	0.00973	0.01362	0.01754	0.22830	0.05279	0.36686	0.09204	0.00935	0.00243	0.00362	0.14536	0.00546	0.00500
13	0.01396	0.01449	0.02729	0.02734	0.31747	0.01458	0.34455	0.01883	0.06518	0.01882	0.01196	0.01537	0.00952	0.00563	0.00730	0.00191	0.06830	0.00604	0.00310	0.00837
14	0.00709	0.00506	0.00675	0.00810	0.00843	0.00472	0.00540	0.00810	0.01113	0.01484	0.03205	0.79184	0.03846	0.01822	0.00742	0.00236	0.00337	0.01653	0.00540	0.00472
15	0.00984	0.00688	0.00811	0.00776	0.00848	0.00721	0.00513	0.09048	0.01094	0.01477	0.01854	0.09599	0.02026	0.51993	0.14611	0.00553	0.00715	0.00841	0.00387	0.00461
16	0.01206	0.01034	0.01206	0.00861	0.01378	0.00775	0.00689	0.01464	0.01206	0.01895	0.01034	0.01206	0.00861	0.00431	0.00431	0.00086	0.00431	0.00345	0.00345	0.83118
17	0.01441	0.01884	0.28596	0.09641	0.34701	0.01303	0.01794	0.01894	0.01313	0.10158	0.01204	0.01435	0.00900	0.00559	0.00569	0.00180	0.00737	0.00494	0.00318	0.00881
18	0.01552	0.15101	0.11736	0.04855	0.33283	0.07456	0.05862	0.09890	0.01468	0.01946	0.01061	0.01303	0.00855	0.00546	0.00542	0.00166	0.00742	0.00471	0.00309	0.00855
19	0.01950	0.01399	0.01543	0.01197	0.01650	0.01467	0.00976	0.43045	0.13037	0.10288	0.01561	0.01533	0.01126	0.00664	0.00555	0.00162	0.00560	0.00516	0.00553	0.16219

[dist]
# distance from previous block
# <min> <max>
0	2

[block]
# block no. 3 follows, 40 sequences, length 29
# corresponding to MSA columns:
# 394-422
name=unknown_D
#
# <colnr> <probs for GDERKNQSTAVLIFYWHMCP>
#	G	D	E	R	K	N	Q	S	T	A	V	L	I	F	Y	W	H	M	C	P
0	0.01178	0.02923	0.72252	0.01704	0.02548	0.01358	0.06362	0.01843	0.01236	0.01843	0.01051	0.01248	0.00745	0.00549	0.00560	0.00185	0.00867	0.00445	0.00248	0.00855
1	0.00709	0.00506	0.00675	0.00810	0.00843	0.00472	0.00540	0.00810	0.01113	0.01484	0.03205	0.79184	0.03846	0.01822	0.00742	0.00236	0.00337	0.01653	0.00540	0.00472
2	0.00747	0.00541	0.00715	0.00839	0.00903	0.00509	0.00603	0.00881	0.01169	0.01536	0.03389	0.60709	0.09264	0.01757	0.00749	0.00239	0.00369	0.14057	0.00539	0.00485
3	0.00865	0.00670	0.00982	0.00864	0.01036	0.00620	0.06201	0.01156	0.01625	0.02296	0.69885	0.04130	0.05132	0.01135	0.00686	0.00184	0.00329	0.01023	0.00613	0.00567
4	0.83671	0.01125	0.00855	0.00765	0.01125	0.01305	0.00630	0.01709	0.00990	0.02609	0.00810	0.00945	0.00630	0.00540	0.00360	0.00180	0.00450	0.00315	0.00360	0.00630
5	0.01192	0.08022	0.71758	0.01614	0.02450	0.01412	0.02073	0.01835	0.01225	0.01811	0.01028	0.01209	0.00737	0.00549	0.00541	0.00180	0.00844	0.00422	0.00246	0.00852
6	0.01749	0.01304	0.02116	0.06550	0.44490	0.01293	0.06204	0.07589	0.01507	0.19305	0.01398	0.01576	0.01037	0.00580	0.00586	0.00177	0.00665	0.00545	0.00410	0.00919
7	0.00719	0.00510	0.00672	0.00796	0.00827	0.00479	0.00525	0.00812	0.01093	0.01457	0.03100	0.73407	0.03713	0.07779	0.00912	0.00261	0.00355	0.01591	0.00525	0.00463
8	0.00952	0.00746	0.00880	0.00820	0.01009	0.00751	0.00623	0.01530	0.18623	0.02267	0.50496	0.03984	0.12793	0.01129	0.00664	0.00188	0.00320	0.00981	0.00617	0.00628
9	0.00709	0.00506	0.00675	0.00810	0.00843	0.00472	0.00540	0.00810	0.01113	0.01484	0.03205	0.79184	0.03846	0.01822	0.00742	0.00236	0.00337	0.01653	0.00540	0.00472
10	0.02172	0.02772	0.01648	0.01498	0.01798	0.77228	0.01124	0.02322	0.01648	0.01423	0.00899	0.01049	0.00749	0.00599	0.00524	0.00150	0.01049	0.00375	0.00300	0.00674
11	0.01084	0.00542	0.00542	0.00542	0.00678	0.00542	0.00407	0.01355	0.01220	0.02168	0.01897	0.02168	0.01491	0.00678	0.00407	0.00136	0.00271	0.00542	0.82791	0.00542
12	0.01446	0.01249	0.01315	0.01183	0.01512	0.01446	0.00920	0.03090	0.74885	0.02433	0.02367	0.02170	0.01775	0.00789	0.00592	0.00197	0.00460	0.00657	0.00592	0.00920
13	0.01289	0.00698	0.00927	0.00811	0.01029	0.00629	0.00629	0.01551	0.01651	0.21649	0.56487	0.03727	0.04431	0.01066	0.00659	0.00182	0.00332	0.00930	0.00661	0.00664
14	0.01085	0.00666	0.00887	0.00881	0.00961	0.00695	0.00643	0.04635	0.09384	0.01436	0.01632	0.08416	0.01631	0.01745	0.01683	0.52040	0.00498	0.10296	0.00367	0.00419
15	0.02056	0.00867	0.01172	0.00941	0.01294	0.00760	0.00760	0.02297	0.01659	0.53437	0.24988	0.02711	0.02692	0.00865	0.00616	0.00181	0.00427	0.00729	0.00695	0.00853
16	0.01196	0.08941	0.70880	0.01606	0.02438	0.01424	0.02060	0.01834	0.01224	0.01805	0.01025	0.01205	0.00737	0.00548	0.00539	0.00180	0.00841	0.00421	0.00246	0.00851
17	0.00846	0.00564	0.00634	0.00634	0.00634	0.00564	0.00352	0.00846	0.00846	0.01128	0.01832	0.03805	0.02114	0.79563	0.02960	0.00564	0.00564	0.00846	0.00352	0.00352
18	0.02095	0.12371	0.01822	0.01436	0.01760	0.67904	0.01108	0.02250	0.01590	0.01416	0.00888	0.01034	0.00749	0.00587	0.00506	0.00147	0.00996	0.00367	0.00293	0.00683
19	0.02065	0.01396	0.01545	0.01235	0.01658	0.01518	0.01004	0.39806	0.23480	0.17197	0.01850	0.01732	0.01303	0.00729	0.00585	0.00182	0.00560	0.00574	0.00611	0.00969
20	0.74368	0.01112	0.00902	0.00784	0.01159	0.01248	0.00645	0.01748	0.01036	0.06134	0.00896	0.01012	0.00684	0.00541	0.00375	0.00174	0.00451	0.00330	0.00376	0.06025
21	0.00823	0.00594	0.00777	0.00732	0.00869	0.00549	0.00549	0.01097	0.01646	0.02332	0.75629	0.04344	0.05487	0.01189	0.00686	0.00183	0.00274	0.01052	0.00640	0.00549
22	0.01543	0.21177	0.01781	0.03175	0.01584	0.13785	0.00970	0.02470	0.38939	0.01930	0.01748	0.05602	0.01432	0.00733	0.00534	0.00173	0.00597	0.00572	0.00447	0.00807
23	0.00836	0.00575	0.00653	0.00663	0.00694	0.00564	0.00407	0.00872	0.00935	0.01222	0.02363	0.04209	0.10100	0.65215	0.02551	0.00502	0.00533	0.06341	0.00387	0.00381
24	0.01572	0.37527	0.02902	0.01594	0.02067	0.13328	0.25842	0.01853	0.01302	0.01547	0.00945	0.01184	0.00794	0.00537	0.00581	0.00159	0.04791	0.00459	0.00272	0.00743
25	0.01010	0.00505	0.00758	0.00758	0.00758	0.00505	0.00505	0.00758	0.00758	0.01010	0.01010	0.01768	0.01010	0.02020	0.02273	0.83081	0.00505	0.00505	0.00253	0.00253
26	0.01687	0.52536	0.02534	0.01102	0.01564	0.05112	0.01011	0.15220	0.10746	0.01926	0.01116	0.01178	0.00920	0.00575	0.00445	0.00144	0.00622	0.00396	0.00355	0.00810
27	0.00831	0.00623	0.00935	0.00935	0.01038	0.00727	0.00727	0.01038	0.00935	0.01350	0.01558	0.02285	0.01454	0.04361	0.77259	0.00935	0.01558	0.00623	0.00312	0.00519
28	0.01206	0.01034	0.01206	0.00861	0.01378	0.00775	0.00689	0.01464	0.01206	0.01895	0.01034	0.01206	0.00861	0.00431	0.00431	0.00086	0.00431	0.00345	0.00345	0.83118

[dist]
# distance from previous block
# <min> <max>
6	8

[block]
# block no. 4 follows, 40 sequences, length 9
# corresponding to MSA columns:
# 431-439
name=unknown_E
#
# <colnr> <probs for GDERKNQSTAVLIFYWHMCP>
#	G	D	E	R	K	N	Q	S	T	A	V	L	I	F	Y	W	H	M	C	P
0	0.01483	0.06866	0.18097	0.01791	0.14584	0.06135	0.05676	0.08357	0.05561	0.05938	0.05391	0.01661	0.03249	0.00705	0.00763	0.00187	0.11835	0.00546	0.00366	0.00810
1	0.01082	0.00881	0.04732	0.00896	0.01089	0.00823	0.00704	0.06106	0.16491	0.01729	0.04892	0.09712	0.18105	0.01439	0.01188	0.27865	0.00454	0.00815	0.00446	0.00552
2	0.01084	0.04590	0.05445	0.06200	0.06256	0.00932	0.07426	0.01489	0.07943	0.01995	0.25645	0.06501	0.02691	0.00946	0.00700	0.05310	0.00479	0.00765	0.12966	0.00637
3	0.13788	0.01078	0.01174	0.00890	0.01356	0.00943	0.00712	0.05554	0.05594	0.02121	0.01157	0.03351	0.00968	0.00521	0.00446	0.00116	0.00444	0.00404	0.00380	0.59001
4	0.01247	0.01786	0.28904	0.12546	0.06841	0.01232	0.06175	0.12527	0.01438	0.01996	0.01571	0.18044	0.01468	0.00845	0.00612	0.00195	0.00700	0.00741	0.00367	0.00765
5	0.01487	0.01112	0.01684	0.55455	0.03307	0.01299	0.01427	0.12068	0.01464	0.13167	0.01277	0.01593	0.00907	0.00619	0.00582	0.00189	0.00713	0.00528	0.00375	0.00747
6	0.01423	0.05251	0.20344	0.25721	0.02486	0.08031	0.01408	0.01811	0.01369	0.13055	0.11881	0.01861	0.01537	0.00680	0.00575	0.00181	0.00700	0.00560	0.00383	0.00745
7	0.01788	0.01274	0.01496	0.01169	0.01547	0.01344	0.00957	0.32286	0.01907	0.12275	0.08042	0.01679	0.01394	0.00734	0.00749	0.00169	0.11686	0.00539	0.00507	0.18458
8	0.01233	0.01132	0.01892	0.01526	0.01801	0.01186	0.24561	0.12353	0.01412	0.01927	0.01921	0.30979	0.02007	0.01103	0.00867	0.00216	0.11778	0.01003	0.00425	0.00676

[dist]
# distance from previous block
# <min> <max>
0	3

[block]
# block no. 5 follows, 40 sequences, length 69
# corresponding to MSA columns:
# 443-511
name=unknown_F
#
# <colnr> <probs for GDERKNQSTAVLIFYWHMCP>
#	G	D	E	R	K	N	Q	S	T	A	V	L	I	F	Y	W	H	M	C	P
0	0.01502	0.07234	0.02841	0.01993	0.02513	0.01513	0.47565	0.15127	0.01604	0.02150	0.01341	0.01887	0.01091	0.00618	0.00648	0.00190	0.00843	0.06406	0.00365	0.02566
1	0.01389	0.07102	0.07180	0.01348	0.01683	0.01556	0.05779	0.02446	0.42916	0.02056	0.01728	0.01771	0.01343	0.00770	0.00841	0.00200	0.16261	0.00581	0.00449	0.02601
2	0.01652	0.01068	0.01565	0.01279	0.01497	0.01212	0.06254	0.01854	0.01304	0.26991	0.13055	0.02037	0.01755	0.00966	0.02065	0.01999	0.31594	0.00634	0.00476	0.00744
3	0.01361	0.01154	0.01253	0.01159	0.01461	0.01310	0.00918	0.02760	0.61783	0.02313	0.02450	0.02837	0.02002	0.00909	0.00621	0.00206	0.00471	0.11830	0.00578	0.02624
4	0.01130	0.02274	0.49976	0.01662	0.07529	0.01191	0.06159	0.01681	0.01316	0.01917	0.12871	0.02096	0.01671	0.00714	0.00599	0.00189	0.00742	0.05162	0.00332	0.00790
5	0.01188	0.00787	0.01252	0.01105	0.01330	0.00721	0.12101	0.01403	0.01331	0.15476	0.08779	0.36027	0.08297	0.01317	0.00700	0.00215	0.00473	0.06326	0.00542	0.00629
6	0.01810	0.01382	0.01647	0.01565	0.13228	0.01484	0.01100	0.47993	0.02294	0.03120	0.16309	0.01997	0.01885	0.00769	0.00602	0.00176	0.00574	0.00629	0.00547	0.00890
7	0.01997	0.01841	0.13564	0.01454	0.01989	0.01713	0.05598	0.58399	0.02417	0.03272	0.01328	0.01380	0.00943	0.00663	0.00583	0.00177	0.00695	0.00519	0.00512	0.00956
8	0.00948	0.00740	0.00942	0.01105	0.12615	0.00662	0.00694	0.01149	0.01392	0.06547	0.14714	0.04536	0.49327	0.01235	0.00663	0.00190	0.00367	0.01050	0.00526	0.00599
9	0.00716	0.00524	0.00658	0.00761	0.00817	0.00483	0.00509	0.00817	0.01125	0.01469	0.03515	0.61543	0.14962	0.08071	0.00913	0.00256	0.00349	0.01521	0.00525	0.00466
10	0.01411	0.01154	0.01245	0.01093	0.01402	0.01288	0.00856	0.13552	0.46550	0.02557	0.15490	0.02631	0.06464	0.00885	0.00612	0.00191	0.00445	0.00739	0.00596	0.00841
11	0.00695	0.00568	0.00614	0.00647	0.00801	0.00487	0.00468	0.00832	0.01277	0.01561	0.06283	0.24101	0.56537	0.01556	0.00701	0.00206	0.00305	0.01332	0.00541	0.00487
12	0.01228	0.06883	0.01893	0.19090	0.02169	0.01535	0.06903	0.01461	0.01042	0.01492	0.00950	0.02335	0.00852	0.00957	0.04770	0.00244	0.38069	0.00516	0.00272	0.07339
13	0.02015	0.07798	0.01716	0.01361	0.01715	0.39835	0.01073	0.23909	0.06360	0.02154	0.01171	0.01287	0.00926	0.00857	0.05103	0.00205	0.00889	0.00447	0.00400	0.00780
14	0.00938	0.00612	0.00792	0.00756	0.00908	0.00557	0.00563	0.01171	0.01537	0.08136	0.52440	0.15982	0.10839	0.01274	0.00687	0.00192	0.00304	0.01123	0.00622	0.00568
15	0.08100	0.01770	0.01595	0.01305	0.01682	0.21677	0.01049	0.33227	0.02016	0.14211	0.01316	0.01353	0.00953	0.00687	0.00648	0.00175	0.06416	0.00477	0.00488	0.00853
16	0.01070	0.01176	0.07402	0.01560	0.01925	0.01016	0.31493	0.01440	0.01344	0.01874	0.21200	0.08955	0.02437	0.01400	0.12677	0.00311	0.00820	0.00837	0.00406	0.00659
17	0.01431	0.07112	0.01988	0.06363	0.07249	0.03224	0.08520	0.07723	0.14853	0.01861	0.01199	0.01478	0.00991	0.00787	0.01115	0.00210	0.32244	0.00539	0.00351	0.00762
18	0.01651	0.67828	0.02828	0.01074	0.01540	0.14039	0.01015	0.01832	0.01255	0.01377	0.00823	0.00951	0.00747	0.00513	0.00397	0.00128	0.00689	0.00321	0.00257	0.00735
19	0.01061	0.00809	0.00950	0.00957	0.01109	0.00851	0.00694	0.11096	0.16458	0.01971	0.02791	0.52955	0.03038	0.01459	0.00690	0.00220	0.00403	0.01297	0.00556	0.00634
20	0.70972	0.01103	0.00932	0.00807	0.01181	0.01234	0.00665	0.01886	0.01095	0.14159	0.01042	0.01107	0.00757	0.00568	0.00395	0.00180	0.00457	0.00357	0.00416	0.00686
21	0.01129	0.00935	0.01275	0.15072	0.05910	0.00924	0.01796	0.07686	0.02284	0.01948	0.13145	0.13866	0.02098	0.01112	0.06200	0.00221	0.00577	0.00741	0.00423	0.22657
22	0.00833	0.00614	0.00888	0.00888	0.00975	0.00701	0.00668	0.01008	0.00921	0.01315	0.01601	0.02523	0.01557	0.16142	0.65619	0.00876	0.01402	0.00658	0.00318	0.00493
23	0.01153	0.00910	0.01169	0.07357	0.06775	0.00955	0.00848	0.10601	0.12193	0.02413	0.44395	0.03226	0.03679	0.00972	0.00643	0.00184	0.00418	0.00847	0.00569	0.00692
24	0.01254	0.00891	0.00715	0.00692	0.00853	0.12555	0.00519	0.01507	0.01287	0.02051	0.01741	0.01993	0.01374	0.00665	0.00425	0.00138	0.00393	0.00516	0.69869	0.00563
25	0.01298	0.01805	0.23800	0.07165	0.09663	0.10583	0.03110	0.01828	0.10690	0.01762	0.01565	0.03925	0.01392	0.00885	0.00731	0.06268	0.00723	0.11720	0.00355	0.00730
26	0.01814	0.00804	0.01085	0.00915	0.01213	0.00710	0.00720	0.02034	0.01573	0.44017	0.22845	0.14732	0.02943	0.01023	0.00638	0.00190	0.00409	0.00882	0.00669	0.00786
27	0.01927	0.07657	0.01676	0.01333	0.01695	0.32237	0.01051	0.19315	0.23000	0.02236	0.01433	0.01445	0.01101	0.00670	0.00546	0.00167	0.00752	0.00487	0.00446	0.00824
28	0.07040	0.01915	0.01378	0.01266	0.01544	0.39510	0.00956	0.06478	0.17351	0.01860	0.01600	0.13544	0.01462	0.00834	0.00566	0.00177	0.00748	0.00641	0.00421	0.00711
29	0.42690	0.00921	0.00842	0.00788	0.01065	0.00998	0.00623	0.01564	0.05582	0.02265	0.01558	0.12339	0.01458	0.00808	0.00466	0.00179	0.00411	0.04827	0.13321	0.07295
30	0.01012	0.12493	0.11375	0.01032	0.01388	0.00991	0.08438	0.01294	0.02164	0.03351	0.08523	0.10585	0.32941	0.01095	0.00625	0.00187	0.00498	0.00939	0.00445	0.00626
31	0.06591	0.01418	0.08694	0.06321	0.02354	0.01263	0.35954	0.07510	0.01474	0.02097	0.12953	0.02285	0.01758	0.00712	0.00648	0.00195	0.00753	0.05900	0.00387	0.00734
32	0.01425	0.01433	0.02018	0.20042	0.11549	0.09314	0.15904	0.03686	0.20914	0.01909	0.01458	0.01756	0.01140	0.00649	0.00636	0.00191	0.02627	0.02188	0.00375	0.00788
33	0.00946	0.00852	0.05455	0.06655	0.05689	0.00818	0.00748	0.01064	0.00945	0.01299	0.01652	0.07142	0.01804	0.48813	0.07079	0.00471	0.06976	0.00779	0.00335	0.00479
34	0.01156	0.01365	0.14158	0.21788	0.06268	0.01182	0.06952	0.01775	0.16373	0.01736	0.01739	0.02216	0.05664	0.13051	0.00985	0.01216	0.00671	0.00638	0.00361	0.00704
35	0.01032	0.03805	0.37451	0.01426	0.01937	0.01064	0.10508	0.01459	0.01202	0.01700	0.01855	0.30148	0.01907	0.01014	0.00635	0.00203	0.00675	0.00912	0.00361	0.00704
36	0.01711	0.07762	0.01963	0.01422	0.01835	0.01548	0.14438	0.38143	0.07388	0.02714	0.01662	0.13633	0.01455	0.00826	0.00610	0.00186	0.00641	0.00723	0.00496	0.00845
37	0.01365	0.01117	0.01171	0.01064	0.01358	0.01274	0.00825	0.02746	0.61001	0.02364	0.02406	0.02279	0.04086	0.00793	0.00566	0.00188	0.00425	0.00658	0.13467	0.00847
38	0.01082	0.06108	0.35276	0.01365	0.01875	0.01117	0.10345	0.01505	0.01241	0.01761	0.12814	0.06887	0.01894	0.13095	0.00969	0.00245	0.00693	0.00691	0.00347	0.00693
39	0.00805	0.00581	0.00761	0.00744	0.00865	0.00537	0.00547	0.01052	0.01563	0.02199	0.64283	0.16068	0.05230	0.01288	0.00695	0.00191	0.00284	0.01146	0.00624	0.00537
40	0.00783	0.00609	0.00664	0.05316	0.00970	0.00551	0.00515	0.00973	0.01320	0.01708	0.09463	0.04732	0.54987	0.01276	0.00637	0.00186	0.00319	0.01065	0.13414	0.00512
41	0.01040	0.00756	0.00929	0.00827	0.01015	0.00745	0.00636	0.12517	0.01817	0.02541	0.64000	0.03882	0.04782	0.01112	0.00670	0.00182	0.00332	0.00969	0.00631	0.00618
42	0.01154	0.01126	0.01543	0.01344	0.01381	0.01515	0.01109	0.01289	0.00961	0.01423	0.01615	0.02011	0.12544	0.01293	0.06306	0.00287	0.61562	0.00628	0.00303	0.00606
43	0.01270	0.04581	0.68101	0.01839	0.08486	0.01410	0.02109	0.01880	0.01279	0.01901	0.01115	0.01339	0.00822	0.00597	0.00581	0.00195	0.00861	0.00458	0.00275	0.00897
44	0.06384	0.01567	0.08260	0.08007	0.57712	0.03823	0.01732	0.01829	0.01340	0.01960	0.01135	0.01486	0.00942	0.00578	0.00590	0.00188	0.00730	0.00517	0.00313	0.00908
45	0.01380	0.01081	0.01266	0.00924	0.01437	0.00824	0.00733	0.01613	0.01284	0.07356	0.01198	0.01363	0.00972	0.00502	0.00474	0.00107	0.00461	0.00387	0.00396	0.76240
46	0.00922	0.00620	0.00690	0.00687	0.00694	0.00609	0.00388	0.00903	0.00895	0.01201	0.01896	0.03876	0.02169	0.78691	0.02963	0.00573	0.00588	0.00865	0.00377	0.00393
47	0.00766	0.00645	0.00646	0.00642	0.00844	0.00537	0.00476	0.00892	0.01369	0.01639	0.05907	0.05647	0.74896	0.01511	0.00717	0.00209	0.00322	0.01242	0.00562	0.00530
48	0.02140	0.01787	0.01740	0.01405	0.01807	0.12996	0.01130	0.51860	0.08613	0.03125	0.01433	0.01501	0.01073	0.00759	0.00690	0.00191	0.05725	0.00535	0.00542	0.00947
49	0.00862	0.00619	0.00802	0.00843	0.00943	0.00572	0.00610	0.01041	0.01440	0.01992	0.38909	0.35630	0.04648	0.01527	0.00748	0.00225	0.00349	0.07073	0.00611	0.00555
50	0.01450	0.32604	0.42885	0.01434	0.02117	0.06374	0.01657	0.01878	0.01280	0.01699	0.01017	0.01204	0.00812	0.00583	0.00513	0.00172	0.00800	0.00405	0.00276	0.00840
51	0.01079	0.00727	0.00972	0.00949	0.01050	0.00790	0.00695	0.01297	0.12493	0.01448	0.01521	0.02138	0.01380	0.02823	0.32893	0.35323	0.00956	0.00601	0.00356	0.00509
52	0.01138	0.00997	0.01538	0.29237	0.19282	0.01079	0.01266	0.01469	0.05617	0.01706	0.01941	0.28155	0.01986	0.01051	0.00666	0.00217	0.00609	0.00936	0.00407	0.00704
53	0.01720	0.06687	0.07437	0.02334	0.32949	0.29620	0.01451	0.01971	0.01473	0.01730	0.01382	0.01615	0.05720	0.00660	0.00581	0.00177	0.00829	0.00515	0.00328	0.00821
54	0.68851	0.02549	0.01063	0.00934	0.01290	0.13249	0.00745	0.01853	0.01143	0.02462	0.00899	0.01065	0.00722	0.00597	0.00419	0.00188	0.00571	0.00350	0.00373	0.00676
55	0.01509	0.01221	0.01379	0.01021	0.01527	0.01054	0.00816	0.18190	0.01602	0.02366	0.01190	0.01351	0.00960	0.00542	0.00498	0.00121	0.00504	0.00411	0.00424	0.63312
56	0.00879	0.00647	0.00804	0.00766	0.00914	0.00585	0.00567	0.01109	0.01630	0.02267	0.63616	0.06393	0.14987	0.01284	0.00717	0.00199	0.00306	0.01107	0.00645	0.00578
57	0.00937	0.00723	0.00850	0.00854	0.01004	0.00700	0.00619	0.01326	0.12933	0.02004	0.28101	0.28195	0.16596	0.01419	0.00719	0.00218	0.00354	0.01229	0.00604	0.00611
58	0.01239	0.03035	0.75721	0.01698	0.02555	0.01387	0.02163	0.01887	0.01273	0.01907	0.01117	0.01329	0.00807	0.00601	0.00584	0.00197	0.00880	0.00454	0.00271	0.00895
59	0.02266	0.00998	0.01292	0.01030	0.01423	0.00888	0.00830	0.06829	0.01745	0.55884	0.12842	0.02602	0.06829	0.00880	0.00636	0.00194	0.00485	0.00710	0.00709	0.00929
60	0.01516	0.01307	0.01440	0.01405	0.07014	0.01477	0.01013	0.03025	0.68683	0.02452	0.02331	0.02206	0.01771	0.00815	0.00621	0.00209	0.00502	0.00669	0.00591	0.00955
61	0.02483	0.06910	0.07029	0.01126	0.01611	0.01038	0.00989	0.02716	0.01637	0.64643	0.02153	0.01941	0.01400	0.00738	0.00598	0.00190	0.00556	0.00576	0.00671	0.00996
62	0.76114	0.01195	0.01030	0.01043	0.07246	0.01348	0.00756	0.01762	0.01064	0.02608	0.00908	0.01089	0.00725	0.00587	0.00411	0.00193	0.00495	0.00357	0.00379	0.00691
63	0.01533	0.46893	0.08534	0.01586	0.02142	0.01976	0.25811	0.01836	0.01295	0.01641	0.01026	0.01274	0.00862	0.00548	0.00525	0.00167	0.00784	0.00472	0.00290	0.00804
64	0.01411	0.04537	0.30076	0.02793	0.45376	0.01435	0.01914	0.01851	0.01327	0.01926	0.01138	0.01443	0.00915	0.00579	0.00591	0.00189	0.00774	0.00502	0.00296	0.00927
65	0.01565	0.01242	0.01282	0.01147	0.01418	0.06701	0.00876	0.26218	0.13339	0.04153	0.04160	0.27559	0.04632	0.01170	0.00671	0.00212	0.00540	0.01753	0.00574	0.00787
66	0.01175	0.00707	0.00889	0.00814	0.00980	0.00653	0.00594	0.01350	0.01459	0.13623	0.38643	0.03888	0.09019	0.17176	0.06092	0.00322	0.00479	0.00939	0.00587	0.00611
67	0.01484	0.01403	0.02351	0.09052	0.69849	0.01411	0.01791	0.01809	0.01356	0.01934	0.01162	0.01546	0.00979	0.00572	0.00607	0.00188	0.00720	0.00541	0.00311	0.00935
68	0.00787	0.00563	0.00730	0.00861	0.00901	0.00519	0.00573	0.00867	0.01160	0.01554	0.03253	0.78376	0.03881	0.01856	0.00771	0.00249	0.00364	0.01663	0.00562	0.00512

[dist]
# distance from previous block
# <min> <max>
0	1

[block]
# block no. 6 follows, 40 sequences, length 21
# corresponding to MSA columns:
# 513-533
name=unknown_G
#
# <colnr> <probs for GDERKNQSTAVLIFYWHMCP>
#	G	D	E	R	K	N	Q	S	T	A	V	L	I	F	Y	W	H	M	C	P
0	0.01018	0.00761	0.00926	0.00877	0.01041	0.00730	0.00648	0.01416	0.10835	0.02387	0.60638	0.08870	0.04945	0.01245	0.00725	0.00210	0.00346	0.01067	0.00662	0.00653
1	0.11952	0.01648	0.02116	0.02916	0.53358	0.13605	0.01565	0.01936	0.01405	0.02016	0.01144	0.01474	0.00968	0.00613	0.00590	0.00192	0.00755	0.00507	0.00340	0.00901
2	0.00892	0.00642	0.00816	0.00853	0.00949	0.00585	0.00598	0.01046	0.01453	0.02018	0.39310	0.40647	0.04718	0.01562	0.00761	0.00230	0.00349	0.01370	0.00626	0.00575
3	0.02341	0.01291	0.01525	0.01207	0.01634	0.01281	0.00974	0.29918	0.05075	0.37686	0.08622	0.02125	0.01745	0.00832	0.00643	0.00200	0.00569	0.00642	0.00688	0.01002
4	0.12836	0.01089	0.01365	0.01079	0.01521	0.00979	0.00875	0.02748	0.01644	0.65819	0.02203	0.01999	0.01439	0.00773	0.00606	0.00201	0.00529	0.00587	0.00708	0.00999
5	0.00951	0.00701	0.00973	0.00974	0.01072	0.00767	0.00725	0.01095	0.01010	0.01444	0.01770	0.05960	0.01736	0.13049	0.63839	0.00868	0.01408	0.00729	0.00367	0.00561
6	0.01323	0.01115	0.01286	0.00943	0.01461	0.00845	0.00740	0.01545	0.01279	0.01999	0.01152	0.01370	0.00973	0.00512	0.00483	0.00109	0.00472	0.00385	0.00384	0.81623
7	0.01530	0.01270	0.04510	0.01186	0.01661	0.01076	0.06394	0.04444	0.15218	0.09420	0.01637	0.04834	0.01324	0.00682	0.00570	0.00161	0.00546	0.00556	0.00476	0.42506
8	0.01323	0.01115	0.01286	0.00943	0.01461	0.00845	0.00740	0.01545	0.01279	0.01999	0.01152	0.01370	0.00973	0.00512	0.00483	0.00109	0.00472	0.00385	0.00384	0.81623
9	0.01360	0.08220	0.63655	0.01771	0.06463	0.01491	0.02039	0.04284	0.01352	0.01977	0.01160	0.01388	0.00870	0.00631	0.00593	0.00201	0.00860	0.00468	0.00301	0.00916
10	0.01129	0.00853	0.00923	0.00881	0.01004	0.00888	0.00588	0.01583	0.22106	0.01657	0.02381	0.03547	0.07520	0.48019	0.03973	0.00456	0.00578	0.00846	0.00473	0.00595
11	0.01404	0.01507	0.03125	0.02297	0.02817	0.01402	0.63332	0.01804	0.01410	0.01920	0.01546	0.11431	0.01365	0.00737	0.00741	0.00222	0.00931	0.00841	0.00366	0.00804
12	0.01131	0.00597	0.00846	0.00841	0.00853	0.00580	0.00560	0.00852	0.00839	0.01131	0.01129	0.01921	0.01119	0.02071	0.02290	0.81539	0.00545	0.00543	0.00294	0.00321
13	0.00857	0.00639	0.00937	0.00929	0.01036	0.00740	0.00718	0.02406	0.00965	0.01384	0.01566	0.02333	0.01473	0.07496	0.72647	0.00904	0.01498	0.00631	0.00318	0.00521
14	0.01433	0.01398	0.02456	0.03470	0.69429	0.01390	0.08214	0.01792	0.01328	0.01897	0.01101	0.01451	0.00918	0.00516	0.00586	0.00175	0.00717	0.00533	0.00288	0.00909
15	0.01511	0.58712	0.11991	0.01096	0.01628	0.06460	0.01120	0.01763	0.01217	0.01478	0.00863	0.01001	0.00755	0.00504	0.00410	0.00130	0.00660	0.00333	0.00260	0.08108
16	0.53847	0.01059	0.01113	0.18761	0.04822	0.01233	0.00894	0.01576	0.01023	0.02178	0.00891	0.01178	0.00709	0.00681	0.00591	0.07582	0.00540	0.00387	0.00324	0.00612
17	0.01344	0.01262	0.02091	0.12498	0.55601	0.01272	0.01613	0.01682	0.01294	0.01838	0.01205	0.01753	0.01050	0.00586	0.00578	0.00174	0.00668	0.04986	0.00305	0.08199
18	0.01522	0.00875	0.01193	0.01008	0.01312	0.00782	0.04670	0.06222	0.01437	0.25326	0.04901	0.30545	0.02324	0.01085	0.00627	0.00186	0.00454	0.00961	0.00558	0.14012
19	0.00801	0.00624	0.00743	0.00702	0.00884	0.00542	0.00524	0.01015	0.01450	0.01959	0.38868	0.11362	0.28531	0.01275	0.00669	0.00184	0.00301	0.01103	0.00571	0.07892
20	0.01800	0.01599	0.01481	0.01218	0.01604	0.16578	0.00965	0.33122	0.06888	0.02563	0.01499	0.08416	0.01285	0.00758	0.00563	0.00163	0.00642	0.02376	0.00477	0.16004

[dist]
# distance from previous block
# <min> <max>
5	16

[block]
# block no. 7 follows, 40 sequences, length 34
# corresponding to MSA columns:
# 554-587
name=unknown_H
#
# <colnr> <probs for GDERKNQSTAVLIFYWHMCP>
#	G	D	E	R	K	N	Q	S	T	A	V	L	I	F	Y	W	H	M	C	P
0	0.02112	0.01085	0.01335	0.01066	0.01452	0.01063	0.00864	0.19054	0.07364	0.40917	0.12433	0.04900	0.02013	0.00825	0.00604	0.00182	0.00489	0.00679	0.00661	0.00904
1	0.00733	0.00524	0.00703	0.00832	0.00878	0.00493	0.00577	0.00856	0.01151	0.01535	0.05439	0.70057	0.03850	0.01782	0.00746	0.00237	0.00354	0.08229	0.00543	0.00481
2	0.01037	0.01312	0.15788	0.01373	0.01767	0.00949	0.20460	0.01445	0.01488	0.02101	0.40112	0.03060	0.03314	0.00891	0.00663	0.00188	0.00579	0.02330	0.00471	0.00670
3	0.00696	0.00556	0.00623	0.00676	0.00808	0.00484	0.00481	0.00825	0.01242	0.01537	0.04830	0.34676	0.47305	0.01611	0.00709	0.00212	0.00311	0.01396	0.00540	0.00484
4	0.01375	0.01316	0.02245	0.17599	0.62407	0.01365	0.01753	0.01728	0.01294	0.01822	0.01083	0.01460	0.00894	0.00530	0.00577	0.00177	0.00707	0.00518	0.00282	0.00869
5	0.01350	0.39366	0.41800	0.01344	0.02033	0.01800	0.01603	0.01794	0.01206	0.01618	0.00932	0.01088	0.00741	0.00526	0.00468	0.00156	0.00747	0.00374	0.00247	0.00806
6	0.00823	0.00594	0.00777	0.00732	0.00869	0.00549	0.00549	0.01097	0.01646	0.02332	0.75629	0.04344	0.05487	0.01189	0.00686	0.00183	0.00274	0.01052	0.00640	0.00549
7	0.01517	0.01106	0.01191	0.01051	0.01355	0.01229	0.00831	0.12229	0.41540	0.06844	0.02161	0.02248	0.01657	0.00785	0.00559	0.00183	0.00449	0.03783	0.18447	0.00834
8	0.01216	0.02682	0.60592	0.01911	0.07948	0.01370	0.12459	0.01841	0.01256	0.01849	0.01066	0.01292	0.00771	0.00541	0.00573	0.00185	0.00865	0.00473	0.00256	0.00853
9	0.05544	0.01445	0.12721	0.05908	0.02137	0.01173	0.18604	0.02246	0.01427	0.35761	0.01618	0.01660	0.01091	0.00642	0.00672	0.00190	0.05251	0.00566	0.00479	0.00865
10	0.01905	0.31211	0.02229	0.01235	0.01670	0.09167	0.01075	0.35697	0.01938	0.02453	0.01090	0.01181	0.00861	0.00632	0.00575	0.00158	0.05237	0.00428	0.00410	0.00847
11	0.10682	0.01173	0.01386	0.01093	0.01523	0.01173	0.00899	0.20125	0.07163	0.44360	0.01942	0.01824	0.01304	0.00717	0.00565	0.00181	0.00524	0.01790	0.00637	0.00940
12	0.83671	0.01125	0.00855	0.00765	0.01125	0.01305	0.00630	0.01709	0.00990	0.02609	0.00810	0.00945	0.00630	0.00540	0.00360	0.00180	0.00450	0.00315	0.00360	0.00630
13	0.01087	0.01104	0.06492	0.04385	0.01347	0.05283	0.00823	0.04736	0.19251	0.01910	0.07664	0.14363	0.26959	0.01150	0.00643	0.00197	0.00461	0.00971	0.00512	0.00662
14	0.00831	0.00623	0.00935	0.00935	0.01038	0.00727	0.00727	0.01038	0.00935	0.01350	0.01558	0.02285	0.01454	0.04361	0.77259	0.00935	0.01558	0.00623	0.00312	0.00519
15	0.01389	0.01194	0.01312	0.05619	0.01634	0.01381	0.00962	0.02860	0.65264	0.02327	0.02342	0.02454	0.01832	0.00837	0.00607	0.00202	0.00484	0.05856	0.00568	0.00877
16	0.00724	0.00524	0.00685	0.00786	0.00844	0.00484	0.00535	0.00853	0.01202	0.01612	0.13805	0.64167	0.08207	0.01711	0.00731	0.00226	0.00326	0.01542	0.00554	0.00484
17	0.01645	0.00838	0.01148	0.00956	0.01250	0.00768	0.03275	0.03143	0.04972	0.33689	0.33178	0.07390	0.03270	0.00975	0.00640	0.00186	0.00411	0.00849	0.00653	0.00764
18	0.00804	0.00530	0.00709	0.00821	0.00876	0.00492	0.00556	0.00912	0.01141	0.05257	0.03159	0.75292	0.03725	0.01766	0.00734	0.00233	0.00345	0.01599	0.00549	0.00498
19	0.01173	0.00850	0.01332	0.20921	0.14181	0.00926	0.01035	0.05342	0.01069	0.01433	0.01052	0.01636	0.00934	0.01328	0.01462	0.43415	0.00612	0.00511	0.00279	0.00506
20	0.02172	0.02772	0.01648	0.01498	0.01798	0.77228	0.01124	0.02322	0.01648	0.01423	0.00899	0.01049	0.00749	0.00599	0.00524	0.00150	0.01049	0.00375	0.00300	0.00674
21	0.05325	0.01679	0.08532	0.08175	0.01957	0.08528	0.01163	0.34898	0.10713	0.02713	0.01337	0.01415	0.00989	0.00641	0.00549	0.00168	0.00658	0.00488	0.00462	0.09610
22	0.04510	0.04356	0.01560	0.01163	0.01565	0.00992	0.09841	0.06261	0.01550	0.37917	0.06820	0.09871	0.01799	0.00816	0.00597	0.00180	0.00533	0.02254	0.00573	0.06843
23	0.02456	0.00952	0.01290	0.01001	0.01423	0.00827	0.00823	0.02685	0.01649	0.69647	0.06581	0.02124	0.01678	0.00746	0.00585	0.00179	0.00475	0.00611	0.03318	0.00950
24	0.66363	0.01127	0.00959	0.00837	0.01196	0.01272	0.00683	0.08057	0.01198	0.08022	0.01093	0.05097	0.00886	0.00633	0.00415	0.00182	0.00464	0.00422	0.00415	0.00679
25	0.05820	0.00544	0.00686	0.00807	0.00861	0.00524	0.00545	0.00865	0.01106	0.01554	0.03058	0.74363	0.03648	0.01743	0.00719	0.00233	0.00344	0.01571	0.00529	0.00482
26	0.01160	0.01946	0.34378	0.36507	0.04841	0.01335	0.08358	0.01681	0.01213	0.01683	0.01052	0.01410	0.00771	0.00559	0.00578	0.00189	0.00828	0.00494	0.00257	0.00757
27	0.06303	0.01446	0.13795	0.31356	0.19502	0.01291	0.06756	0.01693	0.03556	0.01807	0.01144	0.01498	0.00879	0.00566	0.00558	0.00183	0.00721	0.00509	0.05682	0.00753
28	0.01718	0.01972	0.04183	0.19889	0.09784	0.33954	0.05541	0.08252	0.01523	0.01719	0.01006	0.01285	0.00802	0.00612	0.00639	0.00175	0.05443	0.00463	0.00309	0.00730
29	0.05807	0.00596	0.00633	0.00670	0.00825	0.00535	0.00485	0.00881	0.01237	0.01607	0.04721	0.28787	0.48151	0.01527	0.00685	0.00208	0.00318	0.01307	0.00529	0.00494
30	0.05641	0.01905	0.01602	0.01315	0.01703	0.25793	0.01048	0.43514	0.02219	0.02811	0.01243	0.01313	0.00928	0.00658	0.00543	0.00164	0.00740	0.00468	0.05547	0.00845
31	0.00715	0.00526	0.00656	0.00755	0.00817	0.00483	0.00508	0.00817	0.01134	0.01475	0.03612	0.59799	0.17278	0.07428	0.00894	0.00253	0.00346	0.01514	0.00526	0.00467
32	0.06355	0.02067	0.35133	0.06033	0.02345	0.01390	0.14201	0.02143	0.20507	0.02027	0.01398	0.01535	0.01029	0.00604	0.00576	0.00190	0.00746	0.00532	0.00352	0.00836
33	0.00721	0.00516	0.00686	0.00801	0.00846	0.00481	0.00541	0.00842	0.01174	0.01580	0.11404	0.70711	0.04032	0.01750	0.00736	0.00230	0.00330	0.01585	0.00551	0.00481

[dist]
# distance from previous block
# <min> <max>
0	8

[block]
# block no. 8 follows, 40 sequences, length 17
# corresponding to MSA columns:
# 596-612
name=unknown_I
#
# <colnr> <probs for GDERKNQSTAVLIFYWHMCP>
#	G	D	E	R	K	N	Q	S	T	A	V	L	I	F	Y	W	H	M	C	P
0	0.00841	0.00641	0.00893	0.00805	0.00968	0.00589	0.04076	0.01117	0.01612	0.02259	0.67462	0.04292	0.09871	0.01174	0.00686	0.00184	0.00310	0.01046	0.00617	0.00556
1	0.00906	0.00656	0.00837	0.00774	0.00930	0.00624	0.00589	0.05332	0.01703	0.02397	0.69803	0.04219	0.05181	0.01169	0.00682	0.00184	0.00301	0.02504	0.00635	0.00574
2	0.02116	0.02671	0.01622	0.01461	0.01773	0.72789	0.01098	0.02272	0.01622	0.01451	0.00907	0.01058	0.00756	0.00589	0.00519	0.00146	0.01013	0.00373	0.00302	0.05461
3	0.16257	0.00792	0.00881	0.00825	0.01016	0.00768	0.00619	0.01297	0.01584	0.02459	0.57553	0.03883	0.07466	0.01155	0.00679	0.00207	0.00357	0.00953	0.00622	0.00631
4	0.01380	0.01164	0.01314	0.01011	0.01495	0.00976	0.00789	0.01854	0.14895	0.02110	0.01411	0.01565	0.01154	0.00587	0.00519	0.00132	0.00482	0.00447	0.00434	0.66281
5	0.01595	0.01116	0.01321	0.00983	0.01490	0.00867	0.00776	0.01807	0.01371	0.15760	0.01397	0.01530	0.01092	0.00574	0.00517	0.00129	0.00488	0.00434	0.00458	0.66294
6	0.01393	0.01485	0.05969	0.21667	0.02670	0.03242	0.18600	0.01664	0.01196	0.01680	0.01084	0.01587	0.00919	0.00826	0.01206	0.00241	0.32918	0.00587	0.00312	0.00753
7	0.00992	0.15340	0.01150	0.00764	0.01023	0.00910	0.00609	0.01112	0.01387	0.01678	0.07031	0.04788	0.58353	0.01352	0.00682	0.00206	0.00403	0.01079	0.00529	0.00610
8	0.01367	0.01339	0.02092	0.09552	0.02109	0.01649	0.14709	0.01554	0.01102	0.01619	0.01097	0.03280	0.01014	0.01138	0.05312	0.00293	0.49121	0.00615	0.00317	0.00723
9	0.16546	0.02532	0.53451	0.01553	0.02227	0.01451	0.01805	0.01853	0.01230	0.02055	0.01102	0.01361	0.00846	0.00685	0.00711	0.00214	0.08746	0.00460	0.00314	0.00857
10	0.01450	0.01268	0.02066	0.10698	0.53242	0.01275	0.01565	0.01647	0.01281	0.01809	0.01202	0.01688	0.01045	0.00890	0.00945	0.15512	0.00706	0.00557	0.00324	0.00831
11	0.01423	0.02892	0.60996	0.01880	0.08868	0.09164	0.02039	0.01967	0.01359	0.01920	0.01164	0.01409	0.00881	0.00642	0.00607	0.00203	0.00901	0.00475	0.00301	0.00909
12	0.10581	0.01164	0.01367	0.01117	0.01507	0.01134	0.00889	0.15668	0.05717	0.39117	0.09367	0.05899	0.01919	0.00884	0.00634	0.00207	0.00530	0.00687	0.00671	0.00941
13	0.02299	0.01443	0.01623	0.01298	0.01736	0.01506	0.01043	0.37921	0.15785	0.25526	0.01971	0.01893	0.01392	0.00806	0.00640	0.00204	0.00604	0.00608	0.00665	0.01037
14	0.03223	0.07186	0.05244	0.02051	0.02566	0.02178	0.01555	0.39140	0.02841	0.15205	0.02683	0.03189	0.02223	0.01503	0.01103	0.00405	0.01024	0.00914	0.00947	0.04821
15	0.02483	0.01924	0.02076	0.01746	0.02287	0.01532	0.01247	0.02343	0.02002	0.03031	0.02322	0.02992	0.02082	0.01316	0.01003	0.00340	0.00881	0.00786	0.00780	0.66826
16	0.03135	0.02359	0.02420	0.02101	0.02569	0.04536	0.01543	0.44349	0.16891	0.04136	0.02779	0.03280	0.02326	0.01543	0.01123	0.00414	0.01026	0.00949	0.00962	0.01560

[dist]
# distance from previous block
# <min> <max>
0	1

[block]
# block no. 9 follows, 40 sequences, length 20
# corresponding to MSA columns:
# 614-633
name=unknown_J
#
# <colnr> <probs for GDERKNQSTAVLIFYWHMCP>
#	G	D	E	R	K	N	Q	S	T	A	V	L	I	F	Y	W	H	M	C	P
0	0.00926	0.00772	0.00828	0.00770	0.01019	0.00677	0.00575	0.01223	0.08988	0.01766	0.04420	0.13223	0.46443	0.01305	0.00668	0.00195	0.00364	0.01086	0.00533	0.14219
1	0.00880	0.00654	0.00939	0.00959	0.01056	0.00724	0.00724	0.01050	0.01008	0.01437	0.01893	0.15191	0.01909	0.03942	0.63713	0.00822	0.01365	0.00815	0.00372	0.00547
2	0.11599	0.01413	0.01540	0.05896	0.01779	0.01514	0.01006	0.46758	0.02152	0.06532	0.01292	0.01351	0.00935	0.00633	0.00533	0.00163	0.00587	0.00474	0.00506	0.13334
