[name]
unknown

[dist]
# distance from previous block
# <min> <max>
10	305

[block]
# block no. 0 follows, 40 sequences, length 19
# corresponding to MSA columns:
# 361-379
name=unknown_A
#
# <colnr> <probs for GDERKNQSTAVLIFYWHMCP>
#	G	D	E	R	K	N	Q	S	T	A	V	L	I	F	Y	W	H	M	C	P
0	0.00792	0.00571	0.00750	0.00753	0.00862	0.00528	0.00546	0.01020	0.01503	0.02105	0.56214	0.24407	0.05047	0.01359	0.00701	0.00197	0.00291	0.01213	0.00613	0.00528
1	0.02502	0.01161	0.01456	0.01116	0.01570	0.01109	0.00922	0.21911	0.01951	0.56856	0.02053	0.01823	0.01319	0.00714	0.00584	0.00178	0.00534	0.00568	0.00683	0.00989
2	0.00776	0.00593	0.00713	0.00683	0.00840	0.00529	0.00512	0.01007	0.01536	0.02070	0.51669	0.04774	0.29610	0.01286	0.00686	0.00188	0.00281	0.01112	0.00606	0.00529
3	0.01461	0.58767	0.02554	0.00959	0.01462	0.01892	0.00913	0.01667	0.01188	0.01509	0.00869	0.01006	0.00777	0.00480	0.00389	0.00114	0.00571	0.00320	0.00274	0.22828
4	0.00924	0.00528	0.00712	0.00712	0.00765	0.00501	0.00488	0.00778	0.00910	0.01160	0.02319	0.02794	0.21033	0.01873	0.01848	0.60862	0.00449	0.00699	0.00330	0.00316
5	0.02502	0.01161	0.01456	0.01116	0.01570	0.01109	0.00922	0.21911	0.01951	0.56856	0.02053	0.01823	0.01319	0.00714	0.00584	0.00178	0.00534	0.00568	0.00683	0.00989
6	0.00785	0.00570	0.00739	0.00745	0.00857	0.00525	0.00540	0.01006	0.01485	0.02062	0.52322	0.24476	0.08966	0.01374	0.00701	0.00198	0.00292	0.01223	0.00608	0.00525
7	0.02047	0.01067	0.01315	0.01044	0.01473	0.00999	0.00843	0.02658	0.21211	0.43233	0.02089	0.01892	0.01426	0.00687	0.00559	0.00168	0.00474	0.00561	0.00618	0.15637
8	0.01401	0.01411	0.02611	0.07685	0.52136	0.01400	0.21086	0.01788	0.01328	0.01865	0.01112	0.01481	0.00902	0.00514	0.00606	0.00180	0.00773	0.00563	0.00288	0.00868
9	0.01677	0.50653	0.10873	0.01204	0.01689	0.22281	0.01158	0.01908	0.01312	0.01436	0.00859	0.00997	0.00746	0.00531	0.00434	0.00138	0.00763	0.00341	0.00262	0.00740
10	0.01376	0.01861	0.22145	0.02837	0.49555	0.05313	0.01797	0.01793	0.01315	0.01847	0.01250	0.01518	0.03664	0.00567	0.00571	0.00175	0.00740	0.00513	0.00287	0.00876
11	0.00836	0.00602	0.00830	0.00830	0.00898	0.00670	0.00596	0.00971	0.00904	0.01272	0.01653	0.02814	0.01684	0.30563	0.51372	0.00805	0.01211	0.00701	0.00326	0.00461
12	0.01134	0.01030	0.01583	0.04164	0.30159	0.02582	0.05419	0.03242	0.03358	0.01793	0.05538	0.27117	0.08321	0.01064	0.00650	0.00198	0.00544	0.00980	0.00422	0.00704
13	0.05278	0.17428	0.01539	0.01022	0.01343	0.10272	0.00829	0.03151	0.04663	0.24090	0.01988	0.22302	0.01831	0.00950	0.00566	0.00181	0.00544	0.00780	0.00500	0.00744
14	0.01756	0.01310	0.01430	0.01212	0.01582	0.01460	0.00973	0.25032	0.41666	0.09238	0.02100	0.02172	0.01594	0.00803	0.00601	0.00193	0.00524	0.04834	0.00596	0.00925
15	0.01189	0.01255	0.02548	0.01969	0.04284	0.01200	0.47665	0.01550	0.01278	0.01743	0.01697	0.22352	0.01672	0.00870	0.00746	0.00207	0.04143	0.00927	0.00359	0.02347
16	0.04045	0.01344	0.03780	0.01281	0.01765	0.01264	0.10254	0.23278	0.03680	0.12799	0.01355	0.01438	0.00993	0.00594	0.00587	0.00154	0.03322	0.00490	0.00462	0.27115
17	0.01639	0.01003	0.01201	0.00956	0.01335	0.00923	0.00763	0.12607	0.05883	0.21992	0.12688	0.05915	0.04727	0.00792	0.00565	0.00158	0.00444	0.00658	0.02870	0.22882
18	0.02060	0.01460	0.01610	0.01260	0.01685	0.01588	0.01031	0.55300	0.06191	0.09676	0.01588	0.05550	0.01207	0.00760	0.00618	0.00178	0.02576	0.00587	0.00573	0.04502

[dist]
# distance from previous block
# <min> <max>
64	115

[block]
# block no. 1 follows, 40 sequences, length 6
# corresponding to MSA columns:
# 560-565
name=unknown_B
#
# <colnr> <probs for GDERKNQSTAVLIFYWHMCP>
#	G	D	E	R	K	N	Q	S	T	A	V	L	I	F	Y	W	H	M	C	P
0	0.04037	0.19279	0.41939	0.01591	0.07155	0.01587	0.03821	0.08427	0.01371	0.04147	0.01062	0.01217	0.00796	0.00554	0.00517	0.00170	0.00756	0.00427	0.00299	0.00845
1	0.03934	0.10331	0.19093	0.04634	0.08688	0.01522	0.30099	0.08914	0.01424	0.01985	0.01160	0.03451	0.00917	0.00568	0.00591	0.00182	0.00816	0.00567	0.00314	0.00811
2	0.01307	0.24967	0.45182	0.01577	0.02295	0.01641	0.11804	0.01816	0.01235	0.01708	0.00994	0.01190	0.00760	0.00528	0.00519	0.00169	0.00808	0.00431	0.00253	0.00816
3	0.05247	0.47887	0.14859	0.01246	0.01795	0.04077	0.07011	0.06198	0.01320	0.04223	0.00965	0.01100	0.00789	0.00530	0.00451	0.00148	0.00691	0.00385	0.00294	0.00784
4	0.01361	0.10098	0.44652	0.01935	0.14220	0.01500	0.07626	0.08410	0.01388	0.01972	0.01071	0.01275	0.00802	0.00550	0.00552	0.00176	0.00798	0.00461	0.00287	0.00864
5	0.09033	0.36661	0.13886	0.01147	0.01632	0.01667	0.01114	0.01863	0.01391	0.10148	0.08926	0.02003	0.06540	0.00789	0.00556	0.00190	0.00630	0.00557	0.00432	0.00832

[dist]
# distance from previous block
# <min> <max>
3	22

[block]
# block no. 2 follows, 40 sequences, length 19
# corresponding to MSA columns:
# 593-611
name=unknown_C
#
# <colnr> <probs for GDERKNQSTAVLIFYWHMCP>
#	G	D	E	R	K	N	Q	S	T	A	V	L	I	F	Y	W	H	M	C	P
0	0.01404	0.01348	0.03703	0.06882	0.38432	0.08683	0.03832	0.01695	0.01371	0.07086	0.02192	0.02340	0.17036	0.00750	0.00599	0.00178	0.00646	0.00665	0.00372	0.00786
1	0.01428	0.01314	0.01981	0.05059	0.46065	0.01375	0.02922	0.05180	0.20651	0.02086	0.01659	0.01824	0.04551	0.00642	0.00588	0.00181	0.00619	0.00591	0.00391	0.00893
2	0.01541	0.01387	0.02381	0.02765	0.43418	0.01349	0.17100	0.07453	0.01456	0.06846	0.01208	0.01479	0.00947	0.00532	0.00588	0.00171	0.00715	0.00545	0.00345	0.07776
3	0.01406	0.18240	0.02403	0.15806	0.47564	0.01564	0.01585	0.01724	0.01266	0.01714	0.01022	0.01349	0.00858	0.00525	0.00533	0.00166	0.00690	0.00473	0.00274	0.00836
4	0.01122	0.01051	0.01617	0.35233	0.22127	0.03767	0.01353	0.01416	0.01220	0.01597	0.01752	0.18428	0.05172	0.00877	0.00618	0.00196	0.00644	0.00792	0.00342	0.00675
5	0.01342	0.01243	0.01904	0.02311	0.34723	0.01279	0.07222	0.01985	0.19208	0.01979	0.01633	0.05515	0.01423	0.00729	0.00647	0.00186	0.03278	0.05725	0.00395	0.07273
6	0.00749	0.00561	0.00754	0.00861	0.00892	0.00566	0.00592	0.00852	0.01097	0.01478	0.03030	0.73603	0.03625	0.01764	0.00826	0.00237	0.05936	0.01571	0.00519	0.00484
7	0.01139	0.00943	0.01116	0.00845	0.01267	0.00748	0.00667	0.03406	0.01341	0.02029	0.17167	0.03803	0.01935	0.00636	0.00498	0.00113	0.00401	0.00534	0.00420	0.60993
8	0.01886	0.01344	0.01455	0.01143	0.01551	0.01427	0.00934	0.51355	0.02316	0.08376	0.02420	0.02338	0.17113	0.00860	0.00601	0.00177	0.00550	0.00675	0.00577	0.02900
9	0.01555	0.79913	0.03047	0.00995	0.01493	0.02301	0.00995	0.01741	0.01182	0.01368	0.00808	0.00933	0.00746	0.00498	0.00373	0.00124	0.00622	0.00311	0.00249	0.00746
10	0.00828	0.00588	0.00746	0.00711	0.00818	0.00552	0.00506	0.01043	0.01474	0.02072	0.59730	0.04228	0.04760	0.18073	0.01176	0.00265	0.00337	0.01007	0.00578	0.00506
11	0.02093	0.02316	0.01713	0.01606	0.07547	0.49443	0.01162	0.20013	0.05048	0.02057	0.01100	0.01213	0.00866	0.00626	0.00545	0.00160	0.00895	0.00435	0.00381	0.00782
12	0.01149	0.02477	0.60175	0.01417	0.02121	0.01176	0.01773	0.01737	0.01226	0.01912	0.01227	0.01430	0.00899	0.00579	0.00521	0.00174	0.00733	0.00454	0.18029	0.00791
13	0.65980	0.18098	0.01327	0.00814	0.01204	0.01519	0.00708	0.01716	0.01031	0.02342	0.00809	0.00942	0.00655	0.00531	0.00363	0.00168	0.00487	0.00314	0.00336	0.00655
14	0.01176	0.01085	0.01806	0.26180	0.37382	0.01158	0.01464	0.01482	0.01229	0.01682	0.01530	0.18223	0.01506	0.00819	0.00613	0.00193	0.00641	0.00762	0.00333	0.00739
15	0.01446	0.01249	0.01315	0.01183	0.01512	0.01446	0.00920	0.03090	0.74885	0.02433	0.02367	0.02170	0.01775	0.00789	0.00592	0.00197	0.00460	0.00657	0.00592	0.00920
16	0.00771	0.00588	0.00708	0.00687	0.00839	0.00525	0.00512	0.00994	0.01511	0.02032	0.48404	0.08462	0.29218	0.01316	0.00689	0.00190	0.00284	0.01141	0.00601	0.00525
17	0.00846	0.00564	0.00634	0.00634	0.00634	0.00564	0.00352	0.00846	0.00846	0.01128	0.01832	0.03805	0.02114	0.79563	0.02960	0.00564	0.00564	0.00846	0.00352	0.00352
18	0.00776	0.00685	0.00838	0.17302	0.01479	0.00663	0.00695	0.00975	0.01290	0.01553	0.04845	0.04725	0.59558	0.01281	0.00664	0.00196	0.00398	0.01074	0.00479	0.00524

[dist]
# distance from previous block
# <min> <max>
0	3

[block]
# block no. 3 follows, 40 sequences, length 19
# corresponding to MSA columns:
# 615-633
name=unknown_D
#
# <colnr> <probs for GDERKNQSTAVLIFYWHMCP>
#	G	D	E	R	K	N	Q	S	T	A	V	L	I	F	Y	W	H	M	C	P
0	0.02172	0.02772	0.01648	0.01498	0.01798	0.77228	0.01124	0.02322	0.01648	0.01423	0.00899	0.01049	0.00749	0.00599	0.00524	0.00150	0.01049	0.00375	0.00300	0.00674
1	0.00744	0.00533	0.00706	0.00786	0.00851	0.00496	0.00543	0.00898	0.01277	0.01744	0.25387	0.56262	0.04349	0.01628	0.00725	0.00220	0.00318	0.01469	0.00571	0.00496
2	0.01977	0.01513	0.01613	0.01291	0.01714	0.01694	0.01049	0.52280	0.24832	0.03287	0.01693	0.01633	0.01230	0.00726	0.00585	0.00181	0.00585	0.00565	0.00585	0.00968
3	0.00804	0.00546	0.00647	0.00688	0.00698	0.00536	0.00410	0.00835	0.00928	0.01237	0.02253	0.26892	0.02645	0.55753	0.02281	0.00463	0.00494	0.01093	0.00410	0.00389
4	0.01464	0.52878	0.25496	0.01221	0.01820	0.05391	0.01354	0.01798	0.01217	0.01516	0.00885	0.01028	0.00743	0.00519	0.00435	0.00144	0.00714	0.00350	0.00250	0.00778
5	0.02060	0.01554	0.01661	0.01308	0.01746	0.01733	0.01069	0.60058	0.16917	0.03423	0.01587	0.01548	0.01143	0.00716	0.00584	0.00179	0.00605	0.00550	0.00584	0.00975
6	0.01162	0.05615	0.50569	0.25062	0.02930	0.01372	0.01937	0.01728	0.01206	0.01713	0.01031	0.01314	0.00749	0.00559	0.00554	0.00185	0.00824	0.00451	0.00250	0.00789
7	0.01486	0.02586	0.53639	0.01560	0.02298	0.01489	0.01829	0.23941	0.01689	0.02400	0.01152	0.01279	0.00814	0.00597	0.00561	0.00181	0.00792	0.00458	0.00349	0.00899
8	0.01199	0.02476	0.53650	0.01617	0.02214	0.01482	0.01880	0.01706	0.01124	0.01706	0.00958	0.01241	0.00745	0.00695	0.00968	0.00206	0.24638	0.00454	0.00248	0.00791
9	0.10106	0.18483	0.22237	0.01161	0.01749	0.01343	0.03569	0.01758	0.01220	0.06864	0.01054	0.01190	0.00818	0.00511	0.00463	0.00141	0.00613	0.00385	0.00322	0.26011
10	0.01169	0.00850	0.01003	0.00972	0.01137	0.00880	0.00713	0.23225	0.01610	0.02152	0.02651	0.55359	0.02971	0.01478	0.00693	0.00217	0.00430	0.01307	0.00553	0.00631
11	0.41159	0.01326	0.16490	0.00964	0.01327	0.01059	0.00917	0.01461	0.01077	0.02106	0.01592	0.24966	0.01637	0.00935	0.00517	0.00198	0.00500	0.00749	0.00391	0.00629
12	0.01178	0.02403	0.53474	0.01414	0.02168	0.01174	0.01702	0.01726	0.01221	0.01858	0.01041	0.01221	0.00775	0.00515	0.00515	0.00154	0.00728	0.00404	0.00276	0.26053
13	0.01372	0.00690	0.00915	0.00859	0.01062	0.00616	0.00642	0.01546	0.01401	0.27091	0.14785	0.36098	0.07895	0.01322	0.00676	0.00206	0.00378	0.01165	0.00617	0.00662
14	0.01169	0.00850	0.01003	0.00972	0.01137	0.00880	0.00713	0.23225	0.01610	0.02152	0.02651	0.55359	0.02971	0.01478	0.00693	0.00217	0.00430	0.01307	0.00553	0.00631
15	0.01283	0.25400	0.05606	0.01634	0.02090	0.01513	0.33520	0.01606	0.01255	0.01632	0.01479	0.17449	0.01449	0.00771	0.00597	0.00182	0.00733	0.00762	0.00329	0.00711
16	0.01180	0.01196	0.02333	0.07914	0.06791	0.01142	0.38456	0.01578	0.01430	0.01980	0.23957	0.02395	0.02286	0.00711	0.00661	0.00186	0.00709	0.00761	0.00399	0.03934
17	0.00845	0.00567	0.00652	0.00652	0.00659	0.00574	0.00375	0.00857	0.00851	0.01141	0.01816	0.03714	0.02074	0.75019	0.07450	0.00586	0.00624	0.00832	0.00350	0.00362
18	0.83671	0.01125	0.00855	0.00765	0.01125	0.01305	0.00630	0.01709	0.00990	0.02609	0.00810	0.00945	0.00630	0.00540	0.00360	0.00180	0.00450	0.00315	0.00360	0.00630

[dist]
# distance from previous block
# <min> <max>
0	2

[block]
# block no. 4 follows, 40 sequences, length 15
# corresponding to MSA columns:
# 636-650
name=unknown_E
#
# <colnr> <probs for GDERKNQSTAVLIFYWHMCP>
#	G	D	E	R	K	N	Q	S	T	A	V	L	I	F	Y	W	H	M	C	P
0	0.01838	0.01508	0.01987	0.04229	0.42856	0.12331	0.01442	0.06728	0.01531	0.17865	0.01340	0.01498	0.01008	0.00586	0.00571	0.00172	0.00700	0.00512	0.00400	0.00898
1	0.00885	0.00606	0.00851	0.00851	0.00961	0.00687	0.00658	0.01106	0.00996	0.01525	0.01630	0.02260	0.01462	0.03573	0.60812	0.00764	0.01282	0.00606	0.17962	0.00524
2	0.00755	0.00574	0.00695	0.00703	0.00837	0.00514	0.00513	0.00952	0.01429	0.01907	0.37808	0.20761	0.27610	0.01415	0.00698	0.00199	0.00294	0.01237	0.00587	0.00514
3	0.01424	0.01466	0.01892	0.33174	0.29291	0.15729	0.01527	0.01746	0.01316	0.01654	0.01070	0.01444	0.00856	0.00566	0.00560	0.00175	0.00774	0.00491	0.04099	0.00745
4	0.00991	0.00925	0.01353	0.01114	0.01414	0.00888	0.16247	0.01508	0.15352	0.01868	0.10685	0.03967	0.39115	0.01106	0.00669	0.00195	0.00471	0.00987	0.00507	0.00641
5	0.00940	0.00744	0.01078	0.01271	0.15143	0.00707	0.00784	0.01228	0.01585	0.02250	0.61456	0.03792	0.04619	0.01061	0.00665	0.00181	0.00354	0.00950	0.00573	0.00620
6	0.01188	0.00661	0.00848	0.00842	0.00985	0.00615	0.00608	0.02742	0.01244	0.17505	0.02875	0.36361	0.07493	0.16307	0.01128	0.00285	0.00433	0.06761	0.00543	0.00577
7	0.01702	0.01730	0.01740	0.01479	0.01655	0.20987	0.01199	0.17170	0.01478	0.01890	0.00933	0.01242	0.00808	0.00843	0.01272	0.00211	0.42126	0.00478	0.00336	0.00721
8	0.01505	0.01386	0.01360	0.01039	0.01511	0.15356	0.02409	0.03328	0.01357	0.06597	0.01100	0.01238	0.00880	0.00488	0.00467	0.00109	0.00569	0.00377	0.00364	0.58560
9	0.01496	0.40905	0.19462	0.01457	0.02052	0.01818	0.16830	0.01859	0.01264	0.06367	0.01035	0.01202	0.00818	0.00522	0.00494	0.00157	0.00744	0.00435	0.00288	0.00795
10	0.18926	0.01103	0.01144	0.01047	0.01339	0.01279	0.00821	0.02404	0.45010	0.02265	0.01880	0.01929	0.01469	0.01415	0.15120	0.00334	0.00667	0.00578	0.00489	0.00782
11	0.11822	0.04252	0.31998	0.01743	0.16042	0.01259	0.03942	0.01731	0.01214	0.01949	0.01019	0.01230	0.00790	0.00515	0.00505	0.00159	0.00680	0.00419	0.00291	0.18439
12	0.01385	0.01245	0.01702	0.17841	0.02067	0.01601	0.01267	0.15203	0.01348	0.01909	0.05759	0.01553	0.01113	0.00875	0.01293	0.00222	0.42027	0.00548	0.00342	0.00700
13	0.19354	0.01323	0.01335	0.01073	0.01465	0.01447	0.00877	0.44615	0.02093	0.03041	0.02125	0.02098	0.15118	0.00812	0.00554	0.00180	0.00534	0.00613	0.00526	0.00817
14	0.01439	0.01382	0.02360	0.03569	0.75936	0.01382	0.01785	0.01785	0.01324	0.01900	0.01094	0.01439	0.00921	0.00518	0.00576	0.00173	0.00691	0.00518	0.00288	0.00921

[dist]
# distance from previous block
# <min> <max>
36	438

# created by:
# /software/SequenceAnalysis/GenePrediction/augustus/3.0.1/scripts/msa2prfl.pl ./fixed/BUSCOvEOG7CZCVH.fas
