[name]
unknown

[dist]
# distance from previous block
# <min> <max>
2	326

[block]
# block no. 0 follows, 40 sequences, length 35
# corresponding to MSA columns:
# 330-364
name=unknown_A
#
# <colnr> <probs for GDERKNQSTAVLIFYWHMCP>
#	G	D	E	R	K	N	Q	S	T	A	V	L	I	F	Y	W	H	M	C	P
0	0.01358	0.01862	0.24541	0.02872	0.50051	0.01376	0.01849	0.01870	0.05131	0.01910	0.01145	0.01414	0.00910	0.00543	0.00570	0.00177	0.00729	0.00499	0.00291	0.00903
1	0.01239	0.02502	0.50823	0.01937	0.02701	0.01393	0.27368	0.01849	0.01279	0.01849	0.01090	0.01348	0.00788	0.00531	0.00600	0.00188	0.00902	0.00520	0.00263	0.00833
2	0.00829	0.00569	0.00680	0.00676	0.00719	0.00553	0.00424	0.00919	0.01104	0.01513	0.24046	0.09235	0.03246	0.50640	0.02123	0.00427	0.00461	0.00964	0.00452	0.00420
3	0.00703	0.00527	0.00653	0.00753	0.00829	0.00477	0.00515	0.00816	0.01168	0.01507	0.03893	0.60333	0.22253	0.01732	0.00728	0.00226	0.00326	0.01544	0.00540	0.00477
4	0.01460	0.01260	0.01836	0.44884	0.03091	0.01495	0.05199	0.23231	0.01622	0.02151	0.01127	0.01482	0.00844	0.00648	0.00696	0.00193	0.07142	0.00527	0.00357	0.00755
5	0.00743	0.00533	0.00706	0.00786	0.00851	0.00495	0.00542	0.00896	0.01273	0.01738	0.24911	0.56753	0.04338	0.01632	0.00725	0.00220	0.00318	0.01473	0.00570	0.00495
6	0.12410	0.06536	0.01362	0.00946	0.01407	0.00989	0.00786	0.02204	0.01408	0.39424	0.01624	0.01543	0.01115	0.00595	0.00495	0.00148	0.00479	0.00459	0.00529	0.25542
7	0.01453	0.01477	0.02679	0.01993	0.02495	0.01487	0.46892	0.07272	0.23500	0.02159	0.01549	0.01737	0.01157	0.00594	0.00651	0.00195	0.00801	0.00666	0.00403	0.00839
8	0.01444	0.01289	0.01628	0.01899	0.23818	0.01427	0.01179	0.02699	0.52838	0.02273	0.01985	0.01951	0.01519	0.00708	0.00587	0.00190	0.00529	0.00616	0.00501	0.00921
9	0.00709	0.00506	0.00675	0.00810	0.00843	0.00472	0.00540	0.00810	0.01113	0.01484	0.03205	0.79184	0.03846	0.01822	0.00742	0.00236	0.00337	0.01653	0.00540	0.00472
10	0.01062	0.00990	0.01556	0.35806	0.21466	0.01075	0.01307	0.01367	0.01253	0.01617	0.02505	0.02735	0.23268	0.00832	0.00612	0.00189	0.00610	0.00730	0.00350	0.00670
11	0.01103	0.00887	0.01193	0.01080	0.01147	0.01140	0.00873	0.01294	0.01000	0.01617	0.01307	0.01800	0.01158	0.01772	0.20761	0.00393	0.35343	0.00548	0.25006	0.00578
12	0.00831	0.00623	0.00935	0.00935	0.01038	0.00727	0.00727	0.01038	0.00935	0.01350	0.01558	0.02285	0.01454	0.04361	0.77259	0.00935	0.01558	0.00623	0.00312	0.00519
13	0.59376	0.01084	0.01003	0.00846	0.01232	0.01170	0.00697	0.02046	0.01192	0.24707	0.01255	0.01255	0.00872	0.00594	0.00427	0.00180	0.00463	0.00396	0.00468	0.00738
14	0.00963	0.00818	0.01188	0.01112	0.01185	0.01043	0.00890	0.01147	0.00921	0.01365	0.01320	0.01981	0.01247	0.03359	0.54675	0.00731	0.24618	0.00589	0.00294	0.00554
15	0.01189	0.00887	0.01012	0.00954	0.01153	0.00917	0.00713	0.22850	0.04927	0.02193	0.03003	0.42082	0.12999	0.01390	0.00680	0.00210	0.00428	0.01210	0.00555	0.00650
16	0.01287	0.01211	0.02047	0.34157	0.43881	0.01317	0.01670	0.01648	0.01254	0.01738	0.01095	0.01509	0.00880	0.00549	0.00573	0.00180	0.00712	0.00518	0.02978	0.00796
17	0.01243	0.01225	0.00938	0.00893	0.00983	0.23541	0.00584	0.01288	0.01086	0.01216	0.01553	0.02979	0.01705	0.55897	0.02230	0.00440	0.00709	0.00704	0.00337	0.00449
18	0.26138	0.50894	0.07556	0.00973	0.01454	0.01936	0.00967	0.01739	0.01127	0.01773	0.00825	0.00957	0.00711	0.00514	0.00382	0.00145	0.00587	0.00320	0.00282	0.00719
19	0.02206	0.01002	0.01308	0.00985	0.01454	0.00832	0.00807	0.02441	0.01533	0.54958	0.01932	0.01757	0.01273	0.00637	0.00541	0.00153	0.00476	0.00516	0.00612	0.24577
20	0.01079	0.00539	0.00557	0.00557	0.00683	0.00539	0.00413	0.01313	0.01187	0.02087	0.01835	0.02140	0.01457	0.00771	0.00537	0.05932	0.00287	0.00539	0.77023	0.00522
21	0.00770	0.00567	0.00721	0.00735	0.00850	0.00518	0.00531	0.00975	0.01443	0.01974	0.44372	0.26946	0.14610	0.01417	0.00703	0.00201	0.00296	0.01256	0.00596	0.00518
22	0.02311	0.01056	0.01341	0.01073	0.01492	0.01006	0.00872	0.02900	0.20421	0.57406	0.02313	0.02028	0.01525	0.00737	0.00587	0.00184	0.00486	0.00603	0.00687	0.00972
23	0.26166	0.56299	0.02390	0.00926	0.01382	0.02002	0.00886	0.01732	0.01124	0.01740	0.00809	0.00936	0.00711	0.00510	0.00369	0.00141	0.00570	0.00312	0.00282	0.00711
24	0.00921	0.00705	0.00967	0.23871	0.01645	0.00782	0.00731	0.01038	0.00941	0.01235	0.01593	0.03130	0.01713	0.55891	0.02247	0.00453	0.00627	0.00747	0.00324	0.00440
25	0.25921	0.01061	0.01101	0.00832	0.01302	0.00934	0.00671	0.01538	0.01141	0.02109	0.00966	0.01128	0.00792	0.00463	0.00409	0.00114	0.00436	0.00336	0.00349	0.58395
26	0.25894	0.02444	0.53863	0.01390	0.02100	0.01337	0.01693	0.01802	0.01156	0.02072	0.00973	0.01143	0.00705	0.00549	0.00495	0.00183	0.00737	0.00395	0.00280	0.00791
27	0.01334	0.01286	0.02224	0.25877	0.51118	0.01359	0.04955	0.01699	0.01278	0.01774	0.01079	0.01478	0.00876	0.00536	0.00582	0.00180	0.00729	0.00525	0.00279	0.00833
28	0.23867	0.34519	0.01723	0.00824	0.01134	0.01507	0.00702	0.01464	0.01028	0.01636	0.01116	0.01797	0.01124	0.24206	0.01145	0.00271	0.00557	0.00472	0.00310	0.00596
29	0.01193	0.00754	0.00774	0.00734	0.00928	0.00813	0.00561	0.01875	0.23298	0.02247	0.02038	0.02169	0.01576	0.00711	0.00462	0.00154	0.00328	0.00577	0.58155	0.00655
30	0.01532	0.01298	0.01651	0.01251	0.01668	0.01315	0.06934	0.23224	0.01623	0.02337	0.01107	0.01304	0.00884	0.00618	0.00754	0.00151	0.14112	0.00455	0.00396	0.37386
31	0.00789	0.00568	0.00747	0.00755	0.00861	0.00526	0.00546	0.01011	0.01486	0.02078	0.53923	0.26774	0.04995	0.01379	0.00703	0.00199	0.00293	0.01232	0.00610	0.00526
32	0.00989	0.00793	0.00910	0.00855	0.01061	0.00812	0.00657	0.01649	0.23521	0.02190	0.37076	0.04031	0.17721	0.01142	0.00663	0.00194	0.00346	0.04140	0.00602	0.00648
33	0.01032	0.00999	0.06547	0.01647	0.23482	0.00854	0.01031	0.01355	0.01520	0.02168	0.48077	0.03256	0.03787	0.00943	0.00644	0.00180	0.00440	0.00848	0.00507	0.00682
34	0.04897	0.01570	0.01715	0.06688	0.01934	0.01751	0.01125	0.66476	0.02565	0.03477	0.01351	0.01392	0.00962	0.00685	0.00574	0.00176	0.00643	0.00516	0.00552	0.00953

[dist]
# distance from previous block
# <min> <max>
0	1

[block]
# block no. 1 follows, 40 sequences, length 14
# corresponding to MSA columns:
# 366-379
name=unknown_B
#
# <colnr> <probs for GDERKNQSTAVLIFYWHMCP>
#	G	D	E	R	K	N	Q	S	T	A	V	L	I	F	Y	W	H	M	C	P
0	0.83671	0.01125	0.00855	0.00765	0.01125	0.01305	0.00630	0.01709	0.00990	0.02609	0.00810	0.00945	0.00630	0.00540	0.00360	0.00180	0.00450	0.00315	0.00360	0.00630
1	0.02185	0.02405	0.01679	0.01447	0.01800	0.53028	0.01118	0.25320	0.01996	0.02142	0.01058	0.01160	0.00826	0.00631	0.00543	0.00158	0.00918	0.00422	0.00390	0.00775
2	0.01858	0.01766	0.01496	0.01322	0.01642	0.27455	0.01067	0.29939	0.01989	0.02381	0.01673	0.02652	0.01535	0.00906	0.00621	0.00191	0.00753	0.19522	0.00472	0.00760
3	0.23148	0.02506	0.56382	0.01420	0.02146	0.01338	0.01744	0.01806	0.01164	0.02046	0.00981	0.01152	0.00708	0.00549	0.00501	0.00183	0.00750	0.00399	0.00276	0.00798
4	0.01099	0.01110	0.00934	0.00993	0.01098	0.20923	0.00695	0.01213	0.01256	0.01468	0.02591	0.58366	0.03021	0.01496	0.00684	0.00213	0.00527	0.01313	0.00476	0.00526
5	0.01930	0.01863	0.01568	0.01266	0.01688	0.27483	0.01001	0.30008	0.01953	0.02422	0.01128	0.01226	0.00872	0.00593	0.00522	0.00142	0.00725	0.00425	0.00421	0.22762
6	0.01262	0.00655	0.00841	0.00809	0.00942	0.00606	0.00559	0.01361	0.01168	0.21305	0.02490	0.32676	0.02609	0.28279	0.01463	0.00334	0.00457	0.01091	0.00523	0.00569
7	0.01401	0.22384	0.03003	0.01881	0.02329	0.01753	0.40103	0.01739	0.01227	0.01640	0.00997	0.01341	0.00823	0.00596	0.00844	0.00188	0.16182	0.00551	0.00274	0.00745
8	0.01148	0.00836	0.00995	0.00924	0.01108	0.00853	0.00694	0.20408	0.01729	0.02357	0.27644	0.32706	0.03650	0.01305	0.00680	0.00201	0.00396	0.01145	0.00586	0.00636
9	0.01206	0.01143	0.01938	0.54692	0.26640	0.01320	0.01668	0.01580	0.01214	0.01616	0.01053	0.01515	0.00821	0.00561	0.00580	0.00187	0.00749	0.00517	0.00268	0.00733
10	0.00841	0.00647	0.00816	0.00823	0.00986	0.00553	0.00580	0.00984	0.01138	0.01594	0.02627	0.58408	0.03051	0.01451	0.00659	0.00196	0.00362	0.01305	0.00488	0.22492
11	0.01327	0.01030	0.01218	0.00876	0.01387	0.00782	0.00703	0.01582	0.01245	0.08318	0.01142	0.01273	0.00911	0.00456	0.00444	0.00094	0.00436	0.00365	0.00377	0.76032
12	0.33632	0.01528	0.01376	0.21620	0.02124	0.18273	0.01060	0.10560	0.01394	0.02174	0.00960	0.01184	0.00739	0.00583	0.00482	0.00176	0.00693	0.00407	0.00346	0.00688
13	0.01335	0.08699	0.22250	0.02121	0.02771	0.01511	0.49060	0.01847	0.01319	0.01815	0.01110	0.01426	0.00833	0.00507	0.00625	0.00187	0.00918	0.00588	0.00278	0.00800

[dist]
# distance from previous block
# <min> <max>
0	24

[block]
# block no. 2 follows, 40 sequences, length 9
# corresponding to MSA columns:
# 404-412
name=unknown_C
#
# <colnr> <probs for GDERKNQSTAVLIFYWHMCP>
#	G	D	E	R	K	N	Q	S	T	A	V	L	I	F	Y	W	H	M	C	P
0	0.00837	0.00603	0.00796	0.00772	0.00909	0.00563	0.00595	0.01110	0.01610	0.02262	0.67001	0.04607	0.05232	0.01239	0.00700	0.00193	0.00305	0.09491	0.00628	0.00547
1	0.01206	0.01034	0.01206	0.00861	0.01378	0.00775	0.00689	0.01464	0.01206	0.01895	0.01034	0.01206	0.00861	0.00431	0.00431	0.00086	0.00431	0.00345	0.00345	0.83118
2	0.00812	0.00590	0.00754	0.00832	0.00913	0.00573	0.00602	0.01025	0.04564	0.01639	0.12078	0.41237	0.06940	0.10887	0.01000	0.00271	0.00395	0.13854	0.00532	0.00500
3	0.01723	0.01189	0.01372	0.01037	0.01512	0.01099	0.00840	0.19479	0.08164	0.15741	0.01466	0.01476	0.01077	0.00579	0.00509	0.00134	0.00496	0.00459	0.00491	0.41156
4	0.02154	0.02194	0.01675	0.01412	0.01787	0.40317	0.01106	0.33975	0.05645	0.02461	0.01189	0.01256	0.00904	0.00652	0.00553	0.00163	0.00840	0.00454	0.00438	0.00825
5	0.83671	0.01125	0.00855	0.00765	0.01125	0.01305	0.00630	0.01709	0.00990	0.02609	0.00810	0.00945	0.00630	0.00540	0.00360	0.00180	0.00450	0.00315	0.00360	0.00630
6	0.30073	0.01343	0.01277	0.01064	0.01457	0.03972	0.00858	0.22107	0.20375	0.02754	0.01393	0.01409	0.01046	0.00640	0.00492	0.00174	0.00524	0.00465	0.00477	0.08102
7	0.11489	0.01214	0.01300	0.01109	0.01482	0.01332	0.00882	0.09094	0.44113	0.15593	0.02035	0.01887	0.01477	0.00726	0.00556	0.00186	0.00480	0.00581	0.00577	0.03886
8	0.13270	0.01811	0.01561	0.01286	0.01683	0.20456	0.01029	0.40035	0.08595	0.02854	0.01278	0.01316	0.00950	0.00660	0.00538	0.00171	0.00700	0.00470	0.00482	0.00856

[dist]
# distance from previous block
# <min> <max>
1	6

[block]
# block no. 3 follows, 40 sequences, length 10
# corresponding to MSA columns:
# 419-428
name=unknown_D
#
# <colnr> <probs for GDERKNQSTAVLIFYWHMCP>
#	G	D	E	R	K	N	Q	S	T	A	V	L	I	F	Y	W	H	M	C	P
0	0.63124	0.01264	0.01032	0.00894	0.01264	0.05749	0.00728	0.08609	0.04164	0.07128	0.01022	0.01105	0.00765	0.00579	0.00413	0.00178	0.00506	0.00368	0.00408	0.00699
1	0.23449	0.01217	0.01854	0.26933	0.25725	0.01340	0.08064	0.01675	0.01186	0.01953	0.01005	0.01354	0.00792	0.00542	0.00530	0.00184	0.00680	0.00479	0.00298	0.00741
2	0.50168	0.00996	0.00864	0.00786	0.01067	0.01123	0.00615	0.06078	0.05424	0.02400	0.01322	0.06242	0.01166	0.07950	0.00656	0.00214	0.00442	0.00509	0.11355	0.00622
3	0.23428	0.14735	0.44490	0.01312	0.01979	0.01489	0.01556	0.01790	0.01156	0.01973	0.00943	0.01105	0.00709	0.00540	0.00472	0.00174	0.00711	0.00380	0.00277	0.00780
4	0.23097	0.00736	0.00773	0.00722	0.00927	0.00745	0.00557	0.01228	0.01427	0.02307	0.46358	0.03593	0.13381	0.01051	0.00598	0.00184	0.00324	0.00876	0.00552	0.00563
5	0.23441	0.01187	0.01721	0.28782	0.28178	0.01343	0.01397	0.01647	0.01163	0.01929	0.00985	0.01339	0.00786	0.00563	0.00565	0.00185	0.03292	0.00463	0.00296	0.00737
6	0.01220	0.00636	0.00856	0.00870	0.01016	0.00575	0.00625	0.01354	0.01262	0.21626	0.02960	0.58410	0.03199	0.01525	0.00700	0.00221	0.00380	0.01366	0.00588	0.00612
7	0.23366	0.02501	0.56182	0.01417	0.02142	0.01338	0.01740	0.01806	0.01164	0.02048	0.00981	0.01152	0.00708	0.00549	0.00501	0.00183	0.00749	0.00399	0.00276	0.00798
8	0.00739	0.00530	0.00702	0.00789	0.00850	0.00493	0.00542	0.00887	0.01257	0.01713	0.22692	0.59046	0.04288	0.01652	0.00727	0.00222	0.00320	0.01491	0.00567	0.00493
9	0.02551	0.01083	0.01407	0.01079	0.01531	0.00993	0.00891	0.13197	0.01820	0.65756	0.02163	0.01894	0.01374	0.00717	0.00584	0.00179	0.00516	0.00576	0.00700	0.00990

[dist]
# distance from previous block
# <min> <max>
0	9

[block]
# block no. 4 follows, 40 sequences, length 25
# corresponding to MSA columns:
# 438-462
name=unknown_E
#
# <colnr> <probs for GDERKNQSTAVLIFYWHMCP>
#	G	D	E	R	K	N	Q	S	T	A	V	L	I	F	Y	W	H	M	C	P
0	0.00846	0.00564	0.00634	0.00634	0.00634	0.00564	0.00352	0.00846	0.00846	0.01128	0.01832	0.03805	0.02114	0.79563	0.02960	0.00564	0.00564	0.00846	0.00352	0.00352
1	0.01166	0.03008	0.76550	0.01657	0.02517	0.01351	0.02149	0.01842	0.01228	0.01842	0.01044	0.01228	0.00737	0.00552	0.00552	0.00184	0.00859	0.00430	0.00246	0.00859
2	0.00831	0.00623	0.00935	0.00935	0.01038	0.00727	0.00727	0.01038	0.00935	0.01350	0.01558	0.02285	0.01454	0.04361	0.77259	0.00935	0.01558	0.00623	0.00312	0.00519
3	0.00709	0.00506	0.00675	0.00810	0.00843	0.00472	0.00540	0.00810	0.01113	0.01484	0.03205	0.79184	0.03846	0.01822	0.00742	0.00236	0.00337	0.01653	0.00540	0.00472
4	0.00925	0.00665	0.00920	0.01047	0.01184	0.00660	0.00913	0.01186	0.01338	0.01732	0.03218	0.06512	0.06936	0.01600	0.00797	0.00264	0.00524	0.68509	0.00536	0.00533
5	0.02211	0.01629	0.01745	0.01338	0.01803	0.01803	0.01105	0.73997	0.02734	0.03665	0.01396	0.01396	0.00989	0.00698	0.00582	0.00175	0.00640	0.00524	0.00582	0.00989
6	0.01439	0.01382	0.02360	0.03569	0.75936	0.01382	0.01785	0.01785	0.01324	0.01900	0.01094	0.01439	0.00921	0.00518	0.00576	0.00173	0.00691	0.00518	0.00288	0.00921
7	0.01555	0.79913	0.03047	0.00995	0.01493	0.02301	0.00995	0.01741	0.01182	0.01368	0.00808	0.00933	0.00746	0.00498	0.00373	0.00124	0.00622	0.00311	0.00249	0.00746
8	0.01109	0.01055	0.01812	0.75126	0.03966	0.01299	0.04513	0.01501	0.01171	0.01501	0.01039	0.01551	0.00779	0.00578	0.00586	0.00194	0.00783	0.00524	0.00260	0.00652
9	0.00709	0.00506	0.00675	0.00810	0.00843	0.00472	0.00540	0.00810	0.01113	0.01484	0.03205	0.79184	0.03846	0.01822	0.00742	0.00236	0.00337	0.01653	0.00540	0.00472
10	0.01373	0.01569	0.03431	0.02451	0.03039	0.01471	0.73824	0.01863	0.01373	0.01863	0.01176	0.01569	0.00882	0.00490	0.00686	0.00196	0.00980	0.00686	0.00294	0.00784
11	0.01010	0.00505	0.00758	0.00758	0.00758	0.00505	0.00505	0.00758	0.00758	0.01010	0.01010	0.01768	0.01010	0.02020	0.02273	0.83081	0.00505	0.00505	0.00253	0.00253
12	0.00810	0.00594	0.00759	0.00717	0.00861	0.00543	0.00538	0.01071	0.01614	0.02256	0.68709	0.04468	0.12454	0.01217	0.00686	0.00184	0.00276	0.01069	0.00630	0.00543
13	0.01446	0.01249	0.01315	0.01183	0.01512	0.01446	0.00920	0.03090	0.74885	0.02433	0.02367	0.02170	0.01775	0.00789	0.00592	0.00197	0.00460	0.00657	0.00592	0.00920
14	0.00687	0.00589	0.00589	0.00589	0.00785	0.00491	0.00442	0.00835	0.01325	0.01571	0.05891	0.05596	0.75700	0.01473	0.00687	0.00196	0.00295	0.01227	0.00540	0.00491
15	0.01484	0.01268	0.01336	0.01191	0.01527	0.01464	0.00930	0.06608	0.71306	0.02494	0.02319	0.02131	0.01736	0.00784	0.00591	0.00196	0.00469	0.00651	0.00591	0.00924
16	0.02211	0.01629	0.01745	0.01338	0.01803	0.01803	0.01105	0.73997	0.02734	0.03665	0.01396	0.01396	0.00989	0.00698	0.00582	0.00175	0.00640	0.00524	0.00582	0.00989
17	0.01232	0.03732	0.01462	0.01004	0.01527	0.00887	0.07073	0.01508	0.01220	0.01874	0.01038	0.01228	0.00859	0.00438	0.00451	0.00097	0.00485	0.00373	0.00337	0.73174
18	0.01373	0.01569	0.03431	0.02451	0.03039	0.01471	0.73824	0.01863	0.01373	0.01863	0.01176	0.01569	0.00882	0.00490	0.00686	0.00196	0.00980	0.00686	0.00294	0.00784
19	0.02609	0.00990	0.01350	0.01035	0.01484	0.00855	0.00855	0.02834	0.01664	0.76338	0.02294	0.01979	0.01439	0.00720	0.00585	0.00180	0.00495	0.00585	0.00720	0.00990
20	0.00687	0.00589	0.00589	0.00589	0.00785	0.00491	0.00442	0.00835	0.01325	0.01571	0.05891	0.05596	0.75700	0.01473	0.00687	0.00196	0.00295	0.01227	0.00540	0.00491
21	0.00955	0.00693	0.00955	0.01057	0.01216	0.00676	0.00921	0.01222	0.01330	0.01751	0.02944	0.06206	0.03182	0.01529	0.00779	0.00256	0.00529	0.67283	0.00523	0.05994
22	0.00913	0.00659	0.00905	0.01030	0.01165	0.00651	0.00891	0.01167	0.01330	0.01720	0.03269	0.08938	0.08146	0.01605	0.00793	0.00262	0.00513	0.64975	0.00536	0.00530
23	0.02211	0.01629	0.01745	0.01338	0.01803	0.01803	0.01105	0.73997	0.02734	0.03665	0.01396	0.01396	0.00989	0.00698	0.00582	0.00175	0.00640	0.00524	0.00582	0.00989
24	0.00732	0.00619	0.00639	0.00643	0.00841	0.00539	0.00493	0.00944	0.04100	0.01615	0.05572	0.05531	0.68129	0.01456	0.00691	0.00201	0.00317	0.05885	0.00542	0.00510

[dist]
# distance from previous block
# <min> <max>
5	9

[block]
# block no. 5 follows, 40 sequences, length 11
# corresponding to MSA columns:
# 472-482
name=unknown_F
#
# <colnr> <probs for GDERKNQSTAVLIFYWHMCP>
#	G	D	E	R	K	N	Q	S	T	A	V	L	I	F	Y	W	H	M	C	P
0	0.00892	0.00640	0.00874	0.00936	0.01071	0.00621	0.00783	0.01162	0.01461	0.01976	0.31924	0.05679	0.04198	0.01440	0.00757	0.00234	0.00432	0.43805	0.00577	0.00541
1	0.00769	0.00592	0.00702	0.00675	0.00836	0.00526	0.00506	0.00993	0.01519	0.02029	0.47902	0.04842	0.33403	0.01302	0.00686	0.00188	0.00282	0.01121	0.00600	0.00526
2	0.01746	0.01480	0.02116	0.02682	0.46461	0.01549	0.01515	0.30495	0.01885	0.02602	0.01214	0.01422	0.00948	0.00590	0.00578	0.00173	0.00671	0.00520	0.00405	0.00948
3	0.01413	0.01456	0.02786	0.03125	0.46953	0.01417	0.30427	0.01816	0.01343	0.01885	0.01127	0.01491	0.00906	0.00507	0.00620	0.00182	0.00806	0.00585	0.00290	0.00867
4	0.01904	0.01531	0.01990	0.02225	0.31278	0.01636	0.01375	0.45286	0.02174	0.02963	0.01276	0.01413	0.00962	0.00627	0.00579	0.00174	0.00660	0.00521	0.00465	0.00962
5	0.50841	0.01088	0.01208	0.31538	0.02270	0.01300	0.01021	0.01620	0.01058	0.02162	0.00899	0.01185	0.00688	0.00556	0.00448	0.00185	0.00579	0.00395	0.00320	0.00636
6	0.50731	0.00914	0.00824	0.00752	0.01023	0.01004	0.00598	0.01466	0.01251	0.02499	0.30557	0.02296	0.02561	0.00798	0.00489	0.00181	0.00380	0.00608	0.00471	0.00598
7	0.01763	0.01197	0.01267	0.01022	0.01356	0.01302	0.00827	0.45115	0.02132	0.03070	0.01595	0.01703	0.01188	0.00690	0.00512	0.00159	0.00493	0.00531	0.33267	0.00811
8	0.00990	0.00848	0.00882	0.00836	0.01077	0.00870	0.00637	0.01730	0.30562	0.01909	0.04360	0.07795	0.42831	0.01218	0.00652	0.00199	0.00362	0.01021	0.00561	0.00661
9	0.01153	0.01090	0.01844	0.66102	0.15638	0.01306	0.01642	0.01534	0.01189	0.01553	0.01043	0.01532	0.00799	0.00571	0.00580	0.00190	0.00762	0.00517	0.00263	0.00690
10	0.01439	0.01382	0.02360	0.03569	0.75936	0.01382	0.01785	0.01785	0.01324	0.01900	0.01094	0.01439	0.00921	0.00518	0.00576	0.00173	0.00691	0.00518	0.00288	0.00921

[dist]
# distance from previous block
# <min> <max>
6	79

# created by:
# /software/SequenceAnalysis/GenePrediction/augustus/3.0.1/scripts/msa2prfl.pl ./fixed/BUSCOvEOG7MPK44.fas
