[name]
unknown

[dist]
# distance from previous block
# <min> <max>
3	281

[block]
# block no. 0 follows, 40 sequences, length 11
# corresponding to MSA columns:
# 281-291
name=unknown_A
#
# <colnr> <probs for GDERKNQSTAVLIFYWHMCP>
#	G	D	E	R	K	N	Q	S	T	A	V	L	I	F	Y	W	H	M	C	P
0	0.07651	0.00998	0.01319	0.01018	0.01462	0.00883	0.00841	0.02764	0.01622	0.71753	0.02202	0.01915	0.01389	0.00709	0.00571	0.00180	0.00492	0.00568	0.00697	0.00967
1	0.01416	0.01184	0.01284	0.01176	0.01483	0.01350	0.00934	0.07197	0.59180	0.02403	0.02415	0.02792	0.01966	0.00908	0.00623	0.00207	0.00483	0.11549	0.00583	0.00866
2	0.02207	0.01197	0.06081	0.01110	0.01552	0.01052	0.00954	0.09618	0.12923	0.49387	0.06036	0.02030	0.01618	0.00743	0.00589	0.00182	0.00515	0.00605	0.00653	0.00947
3	0.00886	0.00693	0.00815	0.00767	0.00947	0.00672	0.00580	0.01340	0.12757	0.02169	0.48062	0.04306	0.21408	0.01194	0.00672	0.00188	0.00307	0.01033	0.00609	0.00592
4	0.01373	0.01569	0.03431	0.02451	0.03039	0.01471	0.73824	0.01863	0.01373	0.01863	0.01176	0.01569	0.00882	0.00490	0.00686	0.00196	0.00980	0.00686	0.00294	0.00784
5	0.01334	0.21754	0.43041	0.12694	0.02422	0.01551	0.01710	0.01820	0.01231	0.05852	0.01054	0.01244	0.00784	0.00552	0.00514	0.00170	0.00767	0.00422	0.00275	0.00807
6	0.01517	0.02345	0.44866	0.01844	0.13517	0.01419	0.01794	0.16965	0.01585	0.06916	0.01204	0.01342	0.00862	0.00588	0.00564	0.00180	0.00765	0.00473	0.00352	0.00904
7	0.00753	0.00506	0.00687	0.00802	0.00831	0.00477	0.00535	0.00802	0.01061	0.01415	0.02883	0.67814	0.03430	0.01851	0.00967	0.12403	0.00362	0.01485	0.00498	0.00440
8	0.01156	0.02718	0.65563	0.12894	0.02735	0.01342	0.02070	0.01789	0.01218	0.01789	0.01042	0.01275	0.00742	0.00557	0.00557	0.00186	0.00847	0.00443	0.00247	0.00828
9	0.01338	0.01260	0.02038	0.25605	0.44607	0.01363	0.01620	0.01867	0.10940	0.01846	0.01243	0.01569	0.00990	0.00573	0.00580	0.00182	0.00686	0.00536	0.00319	0.00839
10	0.53470	0.05828	0.13023	0.12740	0.01804	0.01366	0.01040	0.01698	0.01064	0.02247	0.00881	0.01081	0.00675	0.00546	0.00425	0.00180	0.00574	0.00364	0.00320	0.00675

[dist]
# distance from previous block
# <min> <max>
11	19

[block]
# block no. 1 follows, 40 sequences, length 34
# corresponding to MSA columns:
# 318-351
name=unknown_B
#
# <colnr> <probs for GDERKNQSTAVLIFYWHMCP>
#	G	D	E	R	K	N	Q	S	T	A	V	L	I	F	Y	W	H	M	C	P
0	0.01192	0.01129	0.01913	0.57703	0.23737	0.01317	0.01662	0.01568	0.01207	0.01599	0.01050	0.01520	0.00815	0.00564	0.00580	0.00188	0.00752	0.00517	0.00266	0.00721
1	0.01272	0.01272	0.01781	0.01527	0.01527	0.01781	0.01272	0.01399	0.00891	0.01399	0.00763	0.01272	0.00763	0.01018	0.01908	0.00254	0.78499	0.00509	0.00254	0.00636
2	0.01307	0.01270	0.01889	0.01560	0.01657	0.01659	0.09801	0.04198	0.01040	0.01594	0.00915	0.01375	0.00837	0.00919	0.01609	0.00236	0.60911	0.00533	0.06030	0.00660
3	0.01714	0.01337	0.01478	0.01108	0.01594	0.01307	0.00903	0.37678	0.04048	0.02793	0.01252	0.01328	0.00951	0.00574	0.00511	0.00133	0.00536	0.00443	0.00470	0.39843
4	0.01433	0.00727	0.00970	0.00839	0.01080	0.00651	0.00654	0.01683	0.01629	0.27760	0.47267	0.06763	0.04023	0.01055	0.00654	0.00184	0.00353	0.00917	0.00663	0.00697
5	0.00709	0.00506	0.00675	0.00810	0.00843	0.00472	0.00540	0.00810	0.01113	0.01484	0.03205	0.79184	0.03846	0.01822	0.00742	0.00236	0.00337	0.01653	0.00540	0.00472
6	0.00875	0.00644	0.00847	0.00927	0.01054	0.00631	0.00749	0.01166	0.04826	0.01814	0.16260	0.21081	0.08859	0.01529	0.00751	0.00238	0.00427	0.36226	0.00558	0.00540
7	0.01964	0.01533	0.01903	0.05058	0.04755	0.01670	0.09255	0.50979	0.10118	0.04589	0.01465	0.01518	0.01057	0.00673	0.00594	0.00180	0.00664	0.00557	0.00528	0.00941
8	0.00738	0.00528	0.00705	0.00819	0.00872	0.00495	0.00569	0.00872	0.01193	0.01603	0.11825	0.65148	0.04006	0.01731	0.00740	0.00232	0.00344	0.06541	0.00551	0.00486
9	0.00707	0.00512	0.00669	0.00794	0.00839	0.00474	0.00533	0.00811	0.01128	0.01491	0.03393	0.74049	0.08859	0.01798	0.00738	0.00233	0.00334	0.01623	0.00540	0.00474
10	0.01138	0.00594	0.00600	0.00580	0.00732	0.00603	0.00440	0.04842	0.01292	0.02240	0.01873	0.02131	0.01466	0.00678	0.00415	0.00137	0.00289	0.00541	0.78845	0.00563
11	0.10481	0.04702	0.04578	0.01132	0.01581	0.01316	0.00967	0.21891	0.11255	0.33405	0.01794	0.01665	0.01220	0.00688	0.00552	0.00178	0.00546	0.00532	0.00590	0.00928
12	0.01253	0.01507	0.11065	0.01820	0.05204	0.01540	0.20201	0.01548	0.01090	0.01600	0.01090	0.06842	0.01015	0.00860	0.01290	0.00226	0.40235	0.00627	0.00285	0.00702
13	0.00712	0.00509	0.00678	0.00807	0.00844	0.00475	0.00540	0.00818	0.01129	0.01509	0.05316	0.77002	0.03894	0.01803	0.00741	0.00235	0.00336	0.01636	0.00543	0.00475
14	0.64846	0.04950	0.06339	0.00903	0.01316	0.01411	0.00807	0.09954	0.01214	0.02619	0.00893	0.01015	0.00684	0.00557	0.00399	0.00177	0.00508	0.00346	0.00372	0.00692
15	0.00789	0.00595	0.00851	0.00855	0.00960	0.00553	0.04061	0.00983	0.01352	0.01863	0.33896	0.43643	0.04401	0.01489	0.00716	0.00212	0.00341	0.01351	0.00571	0.00520
16	0.01795	0.01882	0.18969	0.01783	0.13180	0.01596	0.04779	0.41882	0.02085	0.02870	0.01270	0.01387	0.00926	0.00628	0.00576	0.00177	0.00706	0.00509	0.02069	0.00931
17	0.01421	0.01071	0.01252	0.00912	0.01410	0.00869	0.00735	0.08050	0.01384	0.08865	0.01201	0.01315	0.00940	0.00487	0.00458	0.00104	0.00452	0.00387	0.02280	0.66407
18	0.01342	0.15763	0.48278	0.01806	0.12748	0.06863	0.01829	0.01850	0.01263	0.01740	0.01001	0.01195	0.00765	0.00542	0.00523	0.00170	0.00809	0.00418	0.00256	0.00836
19	0.01728	0.45768	0.04792	0.01299	0.01798	0.07773	0.12011	0.06674	0.01405	0.10187	0.01086	0.01196	0.00862	0.00544	0.00475	0.00149	0.00702	0.00421	0.00335	0.00793
20	0.00702	0.00570	0.00622	0.00650	0.00805	0.00491	0.00472	0.00847	0.01299	0.01604	0.10137	0.22500	0.54210	0.01534	0.00700	0.00205	0.00303	0.01313	0.00547	0.00491
21	0.00776	0.00559	0.00741	0.00809	0.00895	0.00524	0.00589	0.00959	0.01333	0.01814	0.28540	0.42122	0.06314	0.01565	0.00729	0.00220	0.00339	0.10092	0.00574	0.00507
22	0.01273	0.24104	0.56387	0.01476	0.02236	0.01611	0.01832	0.01814	0.01215	0.01712	0.00979	0.01147	0.00739	0.00537	0.00503	0.00168	0.00794	0.00397	0.00246	0.00828
23	0.00903	0.00634	0.00844	0.00941	0.01035	0.00633	0.00762	0.01091	0.01195	0.01563	0.02742	0.08552	0.03028	0.22999	0.01392	0.00348	0.00536	0.49835	0.00485	0.00483
24	0.01166	0.03008	0.76550	0.01657	0.02517	0.01351	0.02149	0.01842	0.01228	0.01842	0.01044	0.01228	0.00737	0.00552	0.00552	0.00184	0.00859	0.00430	0.00246	0.00859
25	0.00709	0.00506	0.00675	0.00810	0.00843	0.00472	0.00540	0.00810	0.01113	0.01484	0.03205	0.79184	0.03846	0.01822	0.00742	0.00236	0.00337	0.01653	0.00540	0.00472
26	0.01084	0.00542	0.00542	0.00542	0.00678	0.00542	0.00407	0.01355	0.01220	0.02168	0.01897	0.02168	0.01491	0.00678	0.00407	0.00136	0.00271	0.00542	0.82791	0.00542
27	0.00709	0.00506	0.00675	0.00810	0.00843	0.00472	0.00540	0.00810	0.01113	0.01484	0.03205	0.79184	0.03846	0.01822	0.00742	0.00236	0.00337	0.01653	0.00540	0.00472
28	0.02119	0.00975	0.01256	0.01009	0.01387	0.00910	0.00817	0.05632	0.10531	0.50491	0.15924	0.02417	0.02214	0.00815	0.00604	0.00182	0.00456	0.00678	0.00683	0.00899
29	0.01555	0.79913	0.03047	0.00995	0.01493	0.02301	0.00995	0.01741	0.01182	0.01368	0.00808	0.00933	0.00746	0.00498	0.00373	0.00124	0.00622	0.00311	0.00249	0.00746
30	0.01446	0.01249	0.01315	0.01183	0.01512	0.01446	0.00920	0.03090	0.74885	0.02433	0.02367	0.02170	0.01775	0.00789	0.00592	0.00197	0.00460	0.00657	0.00592	0.00920
31	0.01373	0.01569	0.03431	0.02451	0.03039	0.01471	0.73824	0.01863	0.01373	0.01863	0.01176	0.01569	0.00882	0.00490	0.00686	0.00196	0.00980	0.00686	0.00294	0.00784
32	0.01206	0.01034	0.01206	0.00861	0.01378	0.00775	0.00689	0.01464	0.01206	0.01895	0.01034	0.01206	0.00861	0.00431	0.00431	0.00086	0.00431	0.00345	0.00345	0.83118
33	0.17270	0.01009	0.01237	0.00967	0.01398	0.00925	0.00795	0.02495	0.01509	0.56057	0.03548	0.01788	0.01340	0.00677	0.00535	0.00173	0.00477	0.00529	0.00626	0.06644

[dist]
# distance from previous block
# <min> <max>
18	228

# created by:
# /software/SequenceAnalysis/GenePrediction/augustus/3.0.1/scripts/msa2prfl.pl ./fixed/BUSCOvEOG7WM67M.fas
