[name]
unknown

[dist]
# distance from previous block
# <min> <max>
0	743

[block]
# block no. 0 follows, 39 sequences, length 48
# corresponding to MSA columns:
# 956-1003
name=unknown_A
#
# <colnr> <probs for GDERKNQSTAVLIFYWHMCP>
#	G	D	E	R	K	N	Q	S	T	A	V	L	I	F	Y	W	H	M	C	P
0	0.01138	0.01073	0.01812	0.73221	0.08480	0.01320	0.01653	0.01530	0.01193	0.01537	0.01055	0.01570	0.00797	0.00587	0.00591	0.00196	0.00783	0.00526	0.00265	0.00674
1	0.01418	0.01503	0.08557	0.14295	0.56067	0.01405	0.01795	0.04441	0.01367	0.01932	0.01110	0.01460	0.00902	0.00546	0.00585	0.00180	0.00728	0.00519	0.00296	0.00893
2	0.01438	0.01379	0.02355	0.09053	0.70303	0.01398	0.01802	0.01793	0.01335	0.01901	0.01108	0.01472	0.00926	0.00532	0.00586	0.00177	0.00709	0.00527	0.00291	0.00916
3	0.00953	0.00681	0.00953	0.01089	0.01225	0.00681	0.00953	0.01225	0.01361	0.01770	0.03131	0.06671	0.03403	0.01634	0.00817	0.00272	0.00545	0.71547	0.00545	0.00545
4	0.01417	0.01345	0.02283	0.06854	0.67711	0.01357	0.01754	0.01765	0.01340	0.01903	0.01233	0.01788	0.01081	0.00598	0.00600	0.00183	0.00697	0.04885	0.00307	0.00900
5	0.01464	0.01405	0.02400	0.03630	0.75528	0.01405	0.01815	0.01815	0.01347	0.01932	0.01112	0.01464	0.00937	0.00527	0.00585	0.00176	0.00703	0.00527	0.00293	0.00937
6	0.00828	0.00604	0.00778	0.00735	0.00878	0.00554	0.00551	0.01099	0.01653	0.02322	0.70815	0.04498	0.10012	0.01227	0.00698	0.00187	0.00280	0.01081	0.00645	0.00554
7	0.01027	0.00514	0.00770	0.00770	0.00770	0.00514	0.00514	0.00770	0.00770	0.01027	0.01027	0.01798	0.01027	0.02054	0.02311	0.82794	0.00514	0.00514	0.00257	0.00257
8	0.01563	0.58060	0.15847	0.01170	0.01728	0.04886	0.01227	0.05111	0.02808	0.01607	0.00928	0.01053	0.00790	0.00535	0.00432	0.00142	0.00689	0.00357	0.00277	0.00791
9	0.01117	0.01051	0.01774	0.77795	0.04073	0.01314	0.01642	0.01511	0.01182	0.01511	0.01051	0.01577	0.00788	0.00591	0.00591	0.00197	0.00788	0.00526	0.00263	0.00657
10	0.02653	0.01006	0.01372	0.01052	0.01510	0.00869	0.00869	0.02882	0.01693	0.75937	0.02333	0.02013	0.01464	0.00732	0.00595	0.00183	0.00503	0.00595	0.00732	0.01006
11	0.00855	0.00755	0.05411	0.00798	0.00984	0.00607	0.00655	0.01156	0.01640	0.02323	0.69051	0.04253	0.06909	0.01176	0.00689	0.00186	0.00316	0.01035	0.00624	0.00576
12	0.01576	0.54475	0.05909	0.06133	0.11688	0.02068	0.01218	0.07786	0.01354	0.01688	0.00935	0.01109	0.00805	0.00533	0.00446	0.00144	0.00663	0.00381	0.00287	0.00802
13	0.00860	0.00573	0.00645	0.00645	0.00645	0.00573	0.00358	0.00860	0.00860	0.01147	0.01863	0.03870	0.02150	0.79217	0.03010	0.00573	0.00573	0.00860	0.00358	0.00358
14	0.00721	0.00515	0.00686	0.00823	0.00858	0.00480	0.00549	0.00823	0.01132	0.01510	0.03259	0.78831	0.03911	0.01853	0.00755	0.00240	0.00343	0.01681	0.00549	0.00480
15	0.06458	0.04504	0.01586	0.01316	0.07850	0.01188	0.00994	0.16435	0.01820	0.48779	0.01912	0.01753	0.01259	0.00692	0.00573	0.00179	0.00552	0.00551	0.00629	0.00972
16	0.02594	0.01020	0.01371	0.01060	0.01511	0.00899	0.00873	0.02895	0.05325	0.72270	0.02337	0.02023	0.01481	0.00735	0.00595	0.00184	0.00501	0.00598	0.00725	0.01003
17	0.02209	0.02819	0.01676	0.01524	0.01828	0.76843	0.01143	0.02361	0.01676	0.01447	0.00914	0.01066	0.00762	0.00609	0.00533	0.00152	0.01066	0.00381	0.00305	0.00686
18	0.01186	0.03059	0.76153	0.01686	0.02560	0.01373	0.02185	0.01873	0.01249	0.01873	0.01061	0.01249	0.00749	0.00562	0.00562	0.00187	0.00874	0.00437	0.00250	0.00874
19	0.02248	0.01656	0.01775	0.01361	0.01834	0.01834	0.01124	0.73556	0.02780	0.03727	0.01420	0.01420	0.01006	0.00710	0.00592	0.00177	0.00651	0.00532	0.00592	0.01006
20	0.01117	0.01051	0.01774	0.77795	0.04073	0.01314	0.01642	0.01511	0.01182	0.01511	0.01051	0.01577	0.00788	0.00591	0.00591	0.00197	0.00788	0.00526	0.00263	0.00657
21	0.00792	0.00603	0.00727	0.00696	0.00856	0.00539	0.00522	0.01028	0.01567	0.02116	0.52407	0.04837	0.28548	0.01304	0.00698	0.00191	0.00286	0.01128	0.00617	0.00539
22	0.01117	0.01051	0.01774	0.77795	0.04073	0.01314	0.01642	0.01511	0.01182	0.01511	0.01051	0.01577	0.00788	0.00591	0.00591	0.00197	0.00788	0.00526	0.00263	0.00657
23	0.01446	0.01431	0.07765	0.01393	0.06165	0.01459	0.01096	0.02953	0.63746	0.02389	0.02213	0.02079	0.01662	0.00765	0.00597	0.00198	0.00517	0.00640	0.00553	0.00931
24	0.01186	0.03059	0.76153	0.01686	0.02560	0.01373	0.02185	0.01873	0.01249	0.01873	0.01061	0.01249	0.00749	0.00562	0.00562	0.00187	0.00874	0.00437	0.00250	0.00874
25	0.01497	0.01282	0.01404	0.01299	0.05000	0.01432	0.00969	0.07261	0.60417	0.02479	0.02171	0.02040	0.01637	0.00753	0.00586	0.00188	0.00488	0.00627	0.00565	0.07906
26	0.01221	0.01253	0.02412	0.49792	0.03708	0.01381	0.28320	0.01654	0.01262	0.01654	0.01105	0.01584	0.00829	0.00557	0.00631	0.00198	0.00866	0.00590	0.00276	0.00709
27	0.01103	0.01029	0.01751	0.60565	0.06638	0.01224	0.05058	0.01470	0.01205	0.01561	0.01353	0.08397	0.01196	0.00743	0.00621	0.00204	0.00745	0.04177	0.00304	0.00655
28	0.00708	0.00599	0.00612	0.00609	0.00805	0.00503	0.00457	0.00867	0.01370	0.01650	0.10713	0.05604	0.70533	0.01478	0.00699	0.00199	0.00298	0.01236	0.00556	0.00503
29	0.67431	0.06112	0.01150	0.00996	0.04891	0.07815	0.00764	0.01797	0.01092	0.02438	0.00845	0.00994	0.00673	0.00550	0.00392	0.00177	0.00532	0.00335	0.00350	0.00666
30	0.83394	0.01144	0.00869	0.00778	0.01144	0.01327	0.00640	0.01738	0.01006	0.02653	0.00823	0.00961	0.00640	0.00549	0.00366	0.00183	0.00457	0.00320	0.00366	0.00640
31	0.07520	0.01017	0.01327	0.01035	0.01475	0.00915	0.00851	0.02784	0.04649	0.66823	0.03819	0.02008	0.01516	0.00734	0.00583	0.00184	0.00494	0.00591	0.00702	0.00971
32	0.01616	0.69557	0.06308	0.01086	0.01592	0.08632	0.01076	0.01826	0.01244	0.01418	0.00841	0.00972	0.00759	0.00517	0.00401	0.00131	0.00680	0.00327	0.00257	0.00758
33	0.00860	0.00573	0.00645	0.00645	0.00645	0.00573	0.00358	0.00860	0.00860	0.01147	0.01863	0.03870	0.02150	0.79217	0.03010	0.00573	0.00573	0.00860	0.00358	0.00358
34	0.00839	0.00643	0.00889	0.00950	0.01046	0.00629	0.03708	0.01113	0.07417	0.01658	0.05155	0.59974	0.03604	0.01666	0.00744	0.00237	0.00399	0.08243	0.00545	0.00541
35	0.00837	0.00604	0.00790	0.00744	0.00883	0.00558	0.00558	0.01116	0.01674	0.02371	0.75216	0.04417	0.05580	0.01209	0.00697	0.00186	0.00279	0.01069	0.00651	0.00558
36	0.01027	0.00514	0.00770	0.00770	0.00770	0.00514	0.00514	0.00770	0.00770	0.01027	0.01027	0.01798	0.01027	0.02054	0.02311	0.82794	0.00514	0.00514	0.00257	0.00257
37	0.01165	0.01100	0.01860	0.67569	0.13925	0.01326	0.01666	0.01553	0.01205	0.01569	0.01060	0.01561	0.00809	0.00582	0.00590	0.00194	0.00777	0.00526	0.00267	0.00696
38	0.01027	0.00514	0.00770	0.00770	0.00770	0.00514	0.00514	0.00770	0.00770	0.01027	0.01027	0.01798	0.01027	0.02054	0.02311	0.82794	0.00514	0.00514	0.00257	0.00257
39	0.00756	0.00625	0.00669	0.00685	0.00865	0.00555	0.00513	0.00985	0.04979	0.01660	0.07311	0.15162	0.56936	0.01508	0.00707	0.00208	0.00324	0.04475	0.00554	0.00522
40	0.01396	0.01595	0.03490	0.02493	0.03091	0.01496	0.73380	0.01894	0.01396	0.01894	0.01196	0.01595	0.00897	0.00499	0.00698	0.00199	0.00997	0.00698	0.00299	0.00798
41	0.01226	0.01051	0.01226	0.00876	0.01401	0.00788	0.00701	0.01489	0.01226	0.01927	0.01051	0.01226	0.00876	0.00438	0.00438	0.00088	0.00438	0.00350	0.00350	0.82832
42	0.02232	0.01571	0.01714	0.01311	0.01785	0.01700	0.01081	0.63993	0.02611	0.09780	0.01479	0.01461	0.01038	0.00698	0.00584	0.00174	0.00628	0.00529	0.00592	0.05039
43	0.02049	0.00928	0.01218	0.01023	0.01362	0.00852	0.00816	0.08812	0.01647	0.46961	0.04002	0.20113	0.02167	0.01043	0.00644	0.00200	0.00477	0.04166	0.00666	0.00853
44	0.09083	0.01580	0.01630	0.01272	0.01726	0.04467	0.01043	0.54999	0.05500	0.06699	0.01415	0.01418	0.01014	0.00684	0.00563	0.00174	0.00625	0.00508	0.00557	0.05044
45	0.01165	0.00629	0.00643	0.00606	0.00779	0.00625	0.00462	0.04941	0.01315	0.02267	0.01863	0.02120	0.01461	0.00678	0.00423	0.00137	0.00302	0.00541	0.74625	0.04417
46	0.01581	0.79572	0.03099	0.01012	0.01518	0.02340	0.01012	0.01771	0.01202	0.01391	0.00822	0.00949	0.00759	0.00506	0.00379	0.00126	0.00632	0.00316	0.00253	0.00759
47	0.01434	0.01375	0.02347	0.09938	0.69450	0.01397	0.01800	0.01789	0.01333	0.01896	0.01107	0.01473	0.00924	0.00532	0.00586	0.00177	0.00710	0.00527	0.00290	0.00913

[dist]
# distance from previous block
# <min> <max>
0	5

[block]
# block no. 1 follows, 39 sequences, length 7
# corresponding to MSA columns:
# 1009-1015
name=unknown_B
#
# <colnr> <probs for GDERKNQSTAVLIFYWHMCP>
#	G	D	E	R	K	N	Q	S	T	A	V	L	I	F	Y	W	H	M	C	P
0	0.02145	0.01557	0.01665	0.01288	0.01731	0.01718	0.01060	0.67060	0.02642	0.03590	0.01466	0.01490	0.01052	0.00708	0.00576	0.00174	0.00617	0.00534	0.07963	0.00965
1	0.01464	0.01405	0.02400	0.03630	0.75528	0.01405	0.01815	0.01815	0.01347	0.01932	0.01112	0.01464	0.00937	0.00527	0.00585	0.00176	0.00703	0.00527	0.00293	0.00937
2	0.00849	0.00613	0.00808	0.00781	0.00920	0.00571	0.00600	0.01128	0.01641	0.02308	0.67588	0.04656	0.05350	0.01254	0.00710	0.00195	0.00307	0.08527	0.00640	0.00557
3	0.01027	0.00514	0.00770	0.00770	0.00770	0.00514	0.00514	0.00770	0.00770	0.01027	0.01027	0.01798	0.01027	0.02054	0.02311	0.82794	0.00514	0.00514	0.00257	0.00257
4	0.01396	0.01595	0.03490	0.02493	0.03091	0.01496	0.73380	0.01894	0.01396	0.01894	0.01196	0.01595	0.00897	0.00499	0.00698	0.00199	0.00997	0.00698	0.00299	0.00798
5	0.83394	0.01144	0.00869	0.00778	0.01144	0.01327	0.00640	0.01738	0.01006	0.02653	0.00823	0.00961	0.00640	0.00549	0.00366	0.00183	0.00457	0.00320	0.00366	0.00640
6	0.01410	0.01554	0.03256	0.02737	0.18637	0.01476	0.58020	0.01877	0.01385	0.01902	0.01178	0.01567	0.00906	0.00505	0.00674	0.00194	0.00934	0.00661	0.00298	0.00827

[dist]
# distance from previous block
# <min> <max>
13	146

# created by:
# /software/SequenceAnalysis/GenePrediction/augustus/3.0.1/scripts/msa2prfl.pl ./fixed/BUSCOvEOG7K9CRN.fas
