[name]
unknown

[dist]
# distance from previous block
# <min> <max>
2	154

[block]
# block no. 0 follows, 41 sequences, length 47
# corresponding to MSA columns:
# 162-208
name=unknown_A
#
# <colnr> <probs for GDERKNQSTAVLIFYWHMCP>
#	G	D	E	R	K	N	Q	S	T	A	V	L	I	F	Y	W	H	M	C	P
0	0.00923	0.00661	0.00824	0.00943	0.00996	0.00599	0.00627	0.00962	0.01229	0.01660	0.03292	0.77187	0.03884	0.01891	0.00813	0.00269	0.00409	0.01655	0.00596	0.00579
1	0.01019	0.00756	0.01020	0.04505	0.01239	0.00783	0.00773	0.01136	0.01151	0.01619	0.06252	0.23203	0.02449	0.06060	0.44224	0.00663	0.01109	0.00972	0.00456	0.00613
2	0.01482	0.01166	0.01343	0.01031	0.01518	0.00927	0.00807	0.04752	0.01408	0.05323	0.01407	0.01809	0.01212	0.00656	0.00550	0.00144	0.00515	0.04408	0.00446	0.69096
3	0.02729	0.01121	0.01465	0.01157	0.01606	0.00962	0.00927	0.02887	0.01753	0.74399	0.02426	0.02214	0.01597	0.00843	0.00664	0.00215	0.00558	0.00640	0.00767	0.01071
4	0.00935	0.00671	0.00838	0.00951	0.01012	0.00609	0.00644	0.00987	0.01255	0.01697	0.05603	0.71790	0.03915	0.01862	0.00814	0.00268	0.00415	0.04550	0.00599	0.00584
5	0.01596	0.01583	0.05328	0.03311	0.58821	0.01477	0.14127	0.01904	0.01434	0.02047	0.01297	0.01714	0.01091	0.00648	0.00673	0.00213	0.00799	0.00601	0.00356	0.00981
6	0.59737	0.17739	0.05639	0.00996	0.01414	0.01595	0.00870	0.01831	0.01163	0.02435	0.01027	0.01243	0.00856	0.00664	0.00463	0.00204	0.00573	0.00388	0.00396	0.00765
7	0.01032	0.00745	0.00921	0.00869	0.01021	0.00671	0.00636	0.01236	0.01735	0.02466	0.73720	0.04461	0.05444	0.01289	0.00760	0.00218	0.00349	0.01083	0.00691	0.00652
8	0.06547	0.01911	0.01754	0.01486	0.03907	0.18784	0.01139	0.44700	0.04483	0.03021	0.01436	0.01575	0.01112	0.00779	0.00630	0.00202	0.00764	0.00534	0.00544	0.04693
9	0.01347	0.01094	0.01187	0.01126	0.01369	0.01154	0.00833	0.02273	0.43580	0.02290	0.11047	0.18506	0.09083	0.01214	0.00718	0.00238	0.00467	0.00996	0.00636	0.00840
10	0.01175	0.00777	0.00967	0.00893	0.01070	0.00696	0.00660	0.01375	0.01737	0.08534	0.67706	0.04272	0.05120	0.01252	0.00752	0.00218	0.00367	0.01046	0.00698	0.00687
11	0.01053	0.00716	0.00785	0.00776	0.00798	0.00686	0.00449	0.00997	0.00974	0.01321	0.01987	0.03950	0.02238	0.77374	0.02921	0.00580	0.00624	0.00888	0.00418	0.00465
12	0.01459	0.01390	0.01876	0.01625	0.01646	0.01843	0.01324	0.01523	0.01017	0.01579	0.00971	0.01542	0.00954	0.01127	0.01922	0.00286	0.76292	0.00567	0.00325	0.00735
13	0.01280	0.00695	0.00698	0.00689	0.00839	0.00665	0.00501	0.01481	0.01330	0.02310	0.02048	0.02393	0.01645	0.00803	0.00494	0.00173	0.00346	0.00599	0.80367	0.00645
14	0.02729	0.01121	0.01465	0.01157	0.01606	0.00962	0.00927	0.02887	0.01753	0.74399	0.02426	0.02214	0.01597	0.00843	0.00664	0.00215	0.00558	0.00640	0.00767	0.01071
15	0.02350	0.01729	0.01842	0.01445	0.01909	0.01864	0.01165	0.72116	0.02769	0.03733	0.01572	0.01659	0.01168	0.00823	0.00661	0.00210	0.00696	0.00581	0.00636	0.01070
16	0.01395	0.01163	0.01329	0.00992	0.01505	0.00887	0.00769	0.01585	0.01317	0.02050	0.01228	0.01478	0.01047	0.00568	0.00517	0.00126	0.00497	0.00411	0.00410	0.80725
17	0.02017	0.01230	0.01451	0.01123	0.01600	0.01065	0.00887	0.11615	0.03865	0.28637	0.01749	0.01799	0.01290	0.00713	0.00595	0.00173	0.00547	0.00526	0.00578	0.38540
18	0.01456	0.01178	0.01347	0.01009	0.01519	0.00917	0.00785	0.03668	0.01370	0.03866	0.01267	0.01502	0.01064	0.00583	0.00525	0.00131	0.00505	0.00422	0.00425	0.76462
19	0.08771	0.01546	0.01626	0.01310	0.01719	0.03729	0.01037	0.48372	0.02300	0.12800	0.01660	0.01872	0.01278	0.06380	0.02480	0.00253	0.00689	0.00593	0.00607	0.00980
20	0.02360	0.01737	0.01829	0.01441	0.01900	0.03587	0.01159	0.68472	0.02716	0.05704	0.01585	0.01667	0.01175	0.00821	0.00660	0.00210	0.00702	0.00580	0.00633	0.01063
21	0.04027	0.34291	0.02294	0.01379	0.01758	0.40481	0.01123	0.02127	0.01513	0.01608	0.01057	0.01286	0.00937	0.00698	0.00580	0.00180	0.03097	0.00417	0.00347	0.00798
22	0.02131	0.26229	0.02165	0.01448	0.01813	0.52389	0.01144	0.02227	0.01598	0.01586	0.01073	0.01295	0.00940	0.00698	0.00561	0.00179	0.00958	0.00421	0.00352	0.00792
23	0.05879	0.01255	0.02081	0.23040	0.53188	0.01332	0.01649	0.01674	0.01243	0.01800	0.01045	0.01418	0.00853	0.00527	0.00556	0.00176	0.00688	0.00498	0.00279	0.00819
24	0.04108	0.02427	0.57206	0.04639	0.02274	0.01218	0.01792	0.01889	0.01254	0.12524	0.01285	0.04670	0.00952	0.00621	0.00551	0.00183	0.00755	0.00496	0.00325	0.00831
25	0.00697	0.00498	0.00664	0.00796	0.00830	0.00465	0.00531	0.00796	0.01095	0.01460	0.03153	0.79525	0.03783	0.01792	0.00730	0.00232	0.00332	0.01626	0.00531	0.00465
26	0.00828	0.00553	0.00625	0.00628	0.00629	0.00552	0.00351	0.00831	0.00838	0.01118	0.01836	0.05650	0.02122	0.77933	0.02856	0.00546	0.00549	0.00852	0.00351	0.00350
27	0.00958	0.01037	0.10827	0.01172	0.01428	0.00902	0.08275	0.03668	0.01058	0.01516	0.01425	0.02015	0.01269	0.03312	0.57560	0.00728	0.01358	0.00592	0.00305	0.00595
28	0.01104	0.01041	0.01759	0.73141	0.09134	0.01277	0.01600	0.01483	0.01155	0.01491	0.01021	0.01517	0.00773	0.00567	0.00571	0.00189	0.00757	0.00508	0.00256	0.00655
29	0.00810	0.00585	0.00765	0.00720	0.00855	0.00540	0.00540	0.01079	0.01619	0.02294	0.76028	0.04273	0.05397	0.01169	0.00675	0.00180	0.00270	0.01034	0.00630	0.00540
30	0.02137	0.02726	0.01621	0.01474	0.01768	0.77602	0.01105	0.02284	0.01621	0.01400	0.00884	0.01031	0.00737	0.00589	0.00516	0.00147	0.01031	0.00368	0.00295	0.00663
31	0.00843	0.00632	0.00833	0.00819	0.00934	0.00681	0.00617	0.03036	0.01074	0.01479	0.05747	0.05882	0.15330	0.12285	0.42483	0.00628	0.02508	0.00796	0.02892	0.00502
32	0.01052	0.05347	0.04420	0.01055	0.01353	0.00962	0.10317	0.06297	0.11176	0.01865	0.07652	0.09963	0.29618	0.02961	0.00695	0.00201	0.00480	0.03465	0.00483	0.00638
33	0.83938	0.01106	0.00841	0.00752	0.01106	0.01283	0.00619	0.01681	0.00973	0.02566	0.00796	0.00929	0.00619	0.00531	0.00354	0.00177	0.00442	0.00310	0.00354	0.00619
34	0.01423	0.01229	0.01293	0.01164	0.01487	0.01423	0.00905	0.03039	0.75297	0.02393	0.02328	0.02134	0.01746	0.00776	0.00582	0.00194	0.00453	0.00647	0.00582	0.00905
35	0.01344	0.01320	0.02252	0.21398	0.51179	0.02857	0.07911	0.01702	0.01275	0.01758	0.01065	0.01445	0.00865	0.00524	0.00576	0.00176	0.00731	0.00521	0.00277	0.00825
36	0.01873	0.01964	0.01471	0.01312	0.01633	0.39031	0.01006	0.04919	0.31813	0.06762	0.01580	0.01553	0.01201	0.00677	0.00549	0.00169	0.00746	0.00500	0.00448	0.00792
37	0.03595	0.00602	0.00759	0.00714	0.00859	0.00562	0.00538	0.01088	0.01583	0.02268	0.70253	0.04217	0.08507	0.01161	0.00664	0.00180	0.00277	0.01018	0.00616	0.00540
38	0.00676	0.00579	0.00579	0.00579	0.00773	0.00483	0.00435	0.00821	0.01304	0.01545	0.05794	0.05505	0.76098	0.01449	0.00676	0.00193	0.00290	0.01207	0.00531	0.00483
39	0.01211	0.04942	0.55918	0.01810	0.02576	0.01387	0.20490	0.01814	0.01243	0.01803	0.01053	0.01284	0.00761	0.00526	0.00572	0.00182	0.00869	0.00484	0.00254	0.00823
40	0.01827	0.01102	0.01282	0.01088	0.01448	0.01162	0.00864	0.02854	0.44040	0.30491	0.05711	0.02162	0.01790	0.00768	0.00584	0.00187	0.00457	0.00638	0.00632	0.00914
41	0.01064	0.00532	0.00540	0.00540	0.00669	0.00532	0.00403	0.01313	0.01184	0.02094	0.01837	0.02119	0.01450	0.00711	0.00461	0.02928	0.00274	0.00532	0.80292	0.00524
42	0.01367	0.01326	0.02056	0.04599	0.57722	0.04441	0.01550	0.01727	0.04614	0.01806	0.01396	0.04944	0.04269	0.00648	0.00649	0.00179	0.04965	0.00587	0.00316	0.00838
43	0.01221	0.06036	0.63090	0.01791	0.09293	0.01366	0.04300	0.01821	0.01227	0.03193	0.01048	0.01239	0.00759	0.00539	0.00543	0.00178	0.00817	0.00437	0.00256	0.00846
44	0.02384	0.00961	0.01288	0.01007	0.01417	0.00850	0.00823	0.05687	0.01657	0.66759	0.05672	0.05526	0.01688	0.00777	0.00587	0.00179	0.00476	0.00641	0.00691	0.00930
45	0.83938	0.01106	0.00841	0.00752	0.01106	0.01283	0.00619	0.01681	0.00973	0.02566	0.00796	0.00929	0.00619	0.00531	0.00354	0.00177	0.00442	0.00310	0.00354	0.00619
46	0.00810	0.00585	0.00765	0.00720	0.00855	0.00540	0.00540	0.01079	0.01619	0.02294	0.76028	0.04273	0.05397	0.01169	0.00675	0.00180	0.00270	0.01034	0.00630	0.00540

[dist]
# distance from previous block
# <min> <max>
0	1

[block]
# block no. 1 follows, 41 sequences, length 66
# corresponding to MSA columns:
# 210-275
name=unknown_B
#
# <colnr> <probs for GDERKNQSTAVLIFYWHMCP>
#	G	D	E	R	K	N	Q	S	T	A	V	L	I	F	Y	W	H	M	C	P
0	0.01401	0.01344	0.02295	0.06842	0.73116	0.01355	0.01748	0.01742	0.01295	0.01851	0.01073	0.01421	0.00900	0.00512	0.00567	0.00171	0.00683	0.00510	0.00282	0.00894
1	0.00702	0.00500	0.00662	0.00791	0.00823	0.00468	0.00525	0.00798	0.01086	0.01448	0.03106	0.76926	0.03725	0.04470	0.00805	0.00243	0.00339	0.01599	0.00525	0.00461
2	0.00715	0.00581	0.00633	0.00620	0.00797	0.00499	0.00465	0.00896	0.01396	0.01764	0.26291	0.05145	0.55465	0.01367	0.00676	0.00189	0.00284	0.01157	0.00560	0.00499
3	0.00697	0.00498	0.00664	0.00796	0.00830	0.00465	0.00531	0.00796	0.01095	0.01460	0.03153	0.79525	0.03783	0.01792	0.00730	0.00232	0.00332	0.01626	0.00531	0.00465
4	0.01423	0.01229	0.01293	0.01164	0.01487	0.01423	0.00905	0.03039	0.75297	0.02393	0.02328	0.02134	0.01746	0.00776	0.00582	0.00194	0.00453	0.00647	0.00582	0.00905
5	0.02174	0.01602	0.01717	0.01316	0.01774	0.01774	0.01087	0.74423	0.02689	0.03605	0.01373	0.01373	0.00973	0.00687	0.00572	0.00172	0.00629	0.00515	0.00572	0.00973
6	0.02142	0.01586	0.01698	0.01309	0.01761	0.01759	0.01079	0.71323	0.05843	0.03552	0.01415	0.01406	0.01006	0.00691	0.00573	0.00173	0.00622	0.00521	0.00573	0.00970
7	0.02566	0.00973	0.01327	0.01018	0.01460	0.00841	0.00841	0.02788	0.01637	0.76726	0.02257	0.01947	0.01416	0.00708	0.00575	0.00177	0.00487	0.00575	0.00708	0.00973
8	0.02174	0.01602	0.01717	0.01316	0.01774	0.01774	0.01087	0.74423	0.02689	0.03605	0.01373	0.01373	0.00973	0.00687	0.00572	0.00172	0.00629	0.00515	0.00572	0.00973
9	0.00810	0.00585	0.00765	0.00720	0.00855	0.00540	0.00540	0.01079	0.01619	0.02294	0.76028	0.04273	0.05397	0.01169	0.00675	0.00180	0.00270	0.01034	0.00630	0.00540
10	0.00762	0.00600	0.00689	0.00664	0.00832	0.00537	0.00499	0.01009	0.03544	0.01932	0.39761	0.04812	0.39710	0.01294	0.00673	0.00187	0.00285	0.01108	0.00580	0.00522
11	0.00831	0.00557	0.00638	0.00638	0.00643	0.00562	0.00365	0.00841	0.00836	0.01120	0.01789	0.03670	0.02048	0.76212	0.06555	0.00572	0.00602	0.00821	0.00345	0.00355
12	0.01147	0.02959	0.76934	0.01630	0.02476	0.01328	0.02113	0.01811	0.01208	0.01811	0.01026	0.01208	0.00725	0.00543	0.00543	0.00181	0.00845	0.00423	0.00242	0.00845
13	0.81046	0.01086	0.00830	0.00745	0.01091	0.01257	0.00612	0.01669	0.00981	0.02551	0.00834	0.00971	0.00649	0.00536	0.00356	0.00175	0.00436	0.00318	0.03241	0.00616
14	0.01124	0.00841	0.01047	0.01044	0.06273	0.00857	0.00735	0.04411	0.18374	0.05915	0.43689	0.03397	0.06249	0.02663	0.00685	0.00190	0.00371	0.00870	0.00587	0.00680
15	0.01604	0.70670	0.02827	0.01040	0.01505	0.11567	0.00994	0.01783	0.01219	0.01352	0.00806	0.00932	0.00734	0.00502	0.00385	0.00125	0.00664	0.00314	0.00251	0.00725
16	0.00687	0.00580	0.00594	0.00591	0.00779	0.00487	0.00443	0.00841	0.01329	0.01604	0.11351	0.05407	0.70504	0.01427	0.00676	0.00192	0.00288	0.01194	0.00539	0.00487
17	0.01416	0.01359	0.02322	0.03511	0.76330	0.01359	0.01755	0.01755	0.01302	0.01869	0.01076	0.01416	0.00906	0.00510	0.00566	0.00170	0.00680	0.00510	0.00283	0.00906
18	0.02120	0.04860	0.01659	0.01460	0.01760	0.75528	0.01102	0.02268	0.01608	0.01398	0.00882	0.01028	0.00737	0.00587	0.00512	0.00147	0.01020	0.00367	0.00293	0.00665
19	0.83938	0.01106	0.00841	0.00752	0.01106	0.01283	0.00619	0.01681	0.00973	0.02566	0.00796	0.00929	0.00619	0.00531	0.00354	0.00177	0.00442	0.00310	0.00354	0.00619
20	0.05105	0.01215	0.01351	0.04721	0.06460	0.01388	0.00970	0.05209	0.58997	0.02340	0.02196	0.02087	0.03924	0.00757	0.00573	0.00191	0.00482	0.00630	0.00536	0.00870
21	0.01147	0.02959	0.76934	0.01630	0.02476	0.01328	0.02113	0.01811	0.01208	0.01811	0.01026	0.01208	0.00725	0.00543	0.00543	0.00181	0.00845	0.00423	0.00242	0.00845
22	0.01513	0.75079	0.05279	0.01006	0.01501	0.02205	0.01012	0.01762	0.03713	0.01396	0.00855	0.00969	0.00769	0.00501	0.00380	0.00127	0.00614	0.00321	0.00256	0.00743
23	0.00709	0.00520	0.00685	0.02967	0.00908	0.00491	0.00549	0.00818	0.01108	0.01460	0.03284	0.69513	0.09700	0.03410	0.00768	0.00235	0.00345	0.01542	0.00519	0.00468
24	0.01221	0.01037	0.01205	0.00864	0.01370	0.00798	0.00692	0.03987	0.01239	0.01925	0.01029	0.01193	0.00852	0.00433	0.00429	0.00088	0.00431	0.00345	0.00347	0.80518
25	0.00817	0.00613	0.00919	0.00919	0.01021	0.00715	0.00715	0.01021	0.00919	0.01328	0.01532	0.02247	0.01430	0.04290	0.77631	0.00919	0.01532	0.00613	0.00306	0.00511
26	0.02566	0.00973	0.01327	0.01018	0.01460	0.00841	0.00841	0.02788	0.01637	0.76726	0.02257	0.01947	0.01416	0.00708	0.00575	0.00177	0.00487	0.00575	0.00708	0.00973
27	0.01195	0.00935	0.01395	0.06627	0.21764	0.00953	0.01149	0.04015	0.04437	0.05536	0.08565	0.03994	0.03831	0.01081	0.00677	0.00215	0.00555	0.31922	0.00465	0.00690
28	0.01467	0.01474	0.02284	0.05088	0.65704	0.07881	0.04189	0.01796	0.01328	0.01818	0.01061	0.01390	0.00887	0.00517	0.00566	0.00169	0.00721	0.00503	0.00284	0.00874
29	0.01186	0.01017	0.01186	0.00847	0.01356	0.00762	0.00678	0.01440	0.01186	0.01864	0.01017	0.01186	0.00847	0.00424	0.00424	0.00085	0.00424	0.00339	0.00339	0.83395
30	0.00688	0.00583	0.00596	0.00603	0.00793	0.00491	0.00458	0.00839	0.01304	0.01553	0.05660	0.05551	0.72548	0.01455	0.00682	0.00197	0.00301	0.04682	0.00531	0.00485
31	0.01529	0.80242	0.02997	0.00979	0.01468	0.02263	0.00979	0.01713	0.01162	0.01346	0.00795	0.00918	0.00734	0.00489	0.00367	0.00122	0.00612	0.00306	0.00245	0.00734
32	0.00817	0.00613	0.00919	0.00919	0.01021	0.00715	0.00715	0.01021	0.00919	0.01328	0.01532	0.02247	0.01430	0.04290	0.77631	0.00919	0.01532	0.00613	0.00306	0.00511
33	0.00817	0.00613	0.00919	0.00919	0.01021	0.00715	0.00715	0.01021	0.00919	0.01328	0.01532	0.02247	0.01430	0.04290	0.77631	0.00919	0.01532	0.00613	0.00306	0.00511
34	0.01423	0.01229	0.01293	0.01164	0.01487	0.01423	0.00905	0.03039	0.75297	0.02393	0.02328	0.02134	0.01746	0.00776	0.00582	0.00194	0.00453	0.00647	0.00582	0.00905
35	0.01175	0.02776	0.67802	0.01776	0.05796	0.01339	0.07805	0.01811	0.01223	0.01816	0.01039	0.01243	0.00744	0.00537	0.00555	0.00182	0.00847	0.00446	0.00247	0.00842
36	0.01423	0.01229	0.01293	0.01164	0.01487	0.01423	0.00905	0.03039	0.75297	0.02393	0.02328	0.02134	0.01746	0.00776	0.00582	0.00194	0.00453	0.00647	0.00582	0.00905
37	0.01625	0.01499	0.02430	0.03569	0.73869	0.01467	0.01813	0.01894	0.01434	0.02062	0.01293	0.01711	0.01112	0.00657	0.00659	0.00210	0.00747	0.00579	0.00359	0.01010
38	0.00911	0.00747	0.00749	0.00740	0.00948	0.00622	0.00538	0.00992	0.01435	0.01750	0.05847	0.05658	0.73680	0.01563	0.00765	0.00233	0.00371	0.01252	0.00599	0.00601
39	0.01040	0.01055	0.10727	0.01212	0.03655	0.00786	0.04173	0.01174	0.01266	0.01742	0.02872	0.61191	0.03278	0.01637	0.00785	0.00260	0.00516	0.01426	0.00543	0.00660
40	0.01562	0.01676	0.03447	0.02507	0.03087	0.01551	0.71780	0.01968	0.01480	0.02027	0.01372	0.01834	0.01075	0.00631	0.00764	0.00232	0.01022	0.00738	0.00365	0.00880
41	0.01366	0.03043	0.74439	0.01754	0.02592	0.01438	0.02158	0.01948	0.01343	0.02007	0.01245	0.01511	0.00937	0.00690	0.00637	0.00221	0.00907	0.00495	0.00319	0.00951
42	0.01432	0.01310	0.02118	0.46285	0.30290	0.01420	0.04012	0.01729	0.01345	0.01829	0.01262	0.01778	0.01029	0.00692	0.00665	0.00223	0.00804	0.00583	0.00343	0.00851
43	0.01608	0.01299	0.18821	0.01082	0.01495	0.00854	0.01040	0.01946	0.03111	0.32879	0.11372	0.17844	0.02240	0.00949	0.00612	0.00190	0.00511	0.00812	0.00550	0.00784
44	0.00810	0.00585	0.00765	0.00720	0.00855	0.00540	0.00540	0.01079	0.01619	0.02294	0.76028	0.04273	0.05397	0.01169	0.00675	0.00180	0.00270	0.01034	0.00630	0.00540
45	0.00697	0.00498	0.00664	0.00796	0.00830	0.00465	0.00531	0.00796	0.01095	0.01460	0.03153	0.79525	0.03783	0.01792	0.00730	0.00232	0.00332	0.01626	0.00531	0.00465
46	0.36506	0.12699	0.09910	0.01212	0.04878	0.04047	0.06565	0.07353	0.01283	0.06473	0.03617	0.01239	0.00922	0.00568	0.00457	0.00169	0.00592	0.00417	0.00362	0.00731
47	0.02553	0.00995	0.01341	0.01028	0.01471	0.00873	0.00849	0.05277	0.01674	0.74186	0.02226	0.01927	0.01401	0.00707	0.00575	0.00177	0.00492	0.00573	0.00703	0.00973
48	0.01866	0.02210	0.01410	0.01288	0.01529	0.58268	0.00966	0.02024	0.01483	0.01502	0.01074	0.01338	0.00913	0.04174	0.00670	0.00168	0.04648	0.00422	0.13420	0.00627
49	0.01591	0.65350	0.07015	0.01078	0.01566	0.10028	0.01060	0.04037	0.01260	0.01448	0.00836	0.00960	0.00741	0.00509	0.00399	0.00130	0.00669	0.00325	0.00260	0.00740
50	0.01253	0.01219	0.04728	0.01214	0.09982	0.04268	0.00884	0.01530	0.01220	0.01841	0.01018	0.01206	0.00844	0.00446	0.00449	0.00102	0.00499	0.00363	0.00326	0.66608
51	0.08585	0.06897	0.49962	0.03340	0.06554	0.01370	0.04976	0.04281	0.01253	0.03406	0.01037	0.01220	0.00760	0.00539	0.00522	0.00174	0.00761	0.00427	0.00280	0.03655
52	0.10644	0.01332	0.01969	0.17414	0.41201	0.05690	0.04663	0.04192	0.01314	0.01914	0.03640	0.01464	0.00993	0.00556	0.00549	0.00175	0.00686	0.00505	0.00308	0.00791
53	0.18771	0.02397	0.01462	0.01327	0.01634	0.62083	0.01006	0.02161	0.01489	0.01637	0.00866	0.01011	0.00713	0.00578	0.00483	0.00153	0.00912	0.00356	0.00307	0.00654
54	0.00819	0.00549	0.00628	0.00640	0.00643	0.00546	0.00364	0.00828	0.00856	0.01142	0.01929	0.10833	0.02239	0.72591	0.02707	0.00524	0.00534	0.00906	0.00364	0.00358
55	0.00707	0.00506	0.00657	0.00773	0.00811	0.00473	0.00512	0.00800	0.01083	0.01436	0.03159	0.70174	0.06807	0.08079	0.00904	0.00257	0.00348	0.01544	0.00516	0.00456
56	0.01423	0.01229	0.01293	0.01164	0.01487	0.01423	0.00905	0.03039	0.75297	0.02393	0.02328	0.02134	0.01746	0.00776	0.00582	0.00194	0.00453	0.00647	0.00582	0.00905
57	0.01207	0.00914	0.01054	0.00969	0.01211	0.00978	0.00758	0.02098	0.35906	0.06742	0.29668	0.03345	0.04820	0.00999	0.00635	0.00194	0.00390	0.06777	0.00601	0.00734
58	0.02566	0.00973	0.01327	0.01018	0.01460	0.00841	0.00841	0.02788	0.01637	0.76726	0.02257	0.01947	0.01416	0.00708	0.00575	0.00177	0.00487	0.00575	0.00708	0.00973
59	0.00676	0.00579	0.00579	0.00579	0.00773	0.00483	0.00435	0.00821	0.01304	0.01545	0.05794	0.05505	0.76098	0.01449	0.00676	0.00193	0.00290	0.01207	0.00531	0.00483
60	0.01080	0.01017	0.01716	0.78523	0.03940	0.01271	0.01589	0.01461	0.01144	0.01461	0.01017	0.01525	0.00762	0.00572	0.00572	0.00191	0.00762	0.00508	0.00254	0.00635
61	0.01186	0.01017	0.01186	0.00847	0.01356	0.00762	0.00678	0.01440	0.01186	0.01864	0.01017	0.01186	0.00847	0.00424	0.00424	0.00085	0.00424	0.00339	0.00339	0.83395
62	0.01251	0.01251	0.01752	0.01502	0.01502	0.01752	0.01251	0.01377	0.00876	0.01377	0.00751	0.01251	0.00751	0.01001	0.01877	0.00250	0.78851	0.00501	0.00250	0.00626
63	0.83938	0.01106	0.00841	0.00752	0.01106	0.01283	0.00619	0.01681	0.00973	0.02566	0.00796	0.00929	0.00619	0.00531	0.00354	0.00177	0.00442	0.00310	0.00354	0.00619
64	0.00676	0.00579	0.00579	0.00579	0.00773	0.00483	0.00435	0.00821	0.01304	0.01545	0.05794	0.05505	0.76098	0.01449	0.00676	0.00193	0.00290	0.01207	0.00531	0.00483
65	0.00836	0.00553	0.00627	0.00627	0.00627	0.00553	0.00350	0.00830	0.00830	0.01106	0.01782	0.03693	0.02053	0.77962	0.02895	0.02612	0.00553	0.00823	0.00344	0.00344

[dist]
# distance from previous block
# <min> <max>
0	1

[block]
# block no. 2 follows, 41 sequences, length 16
# corresponding to MSA columns:
# 277-292
name=unknown_C
#
# <colnr> <probs for GDERKNQSTAVLIFYWHMCP>
#	G	D	E	R	K	N	Q	S	T	A	V	L	I	F	Y	W	H	M	C	P
0	0.01186	0.01017	0.01186	0.00847	0.01356	0.00762	0.00678	0.01440	0.01186	0.01864	0.01017	0.01186	0.00847	0.00424	0.00424	0.00085	0.00424	0.00339	0.00339	0.83395
1	0.08790	0.01076	0.01725	0.60103	0.14516	0.01285	0.01524	0.01526	0.01152	0.01625	0.01005	0.01454	0.00771	0.00559	0.00551	0.00186	0.00720	0.00490	0.00268	0.00674
2	0.01529	0.80242	0.02997	0.00979	0.01468	0.02263	0.00979	0.01713	0.01162	0.01346	0.00795	0.00918	0.00734	0.00489	0.00367	0.00122	0.00612	0.00306	0.00245	0.00734
3	0.01194	0.01041	0.01288	0.00920	0.01432	0.00794	0.04104	0.01459	0.01194	0.01862	0.01023	0.01203	0.00848	0.00426	0.00435	0.00090	0.00449	0.00355	0.00337	0.79547
4	0.01403	0.01623	0.03257	0.02347	0.02907	0.06594	0.69309	0.01863	0.01368	0.01803	0.01139	0.01508	0.00859	0.00489	0.00664	0.00190	0.00969	0.00654	0.00290	0.00764
5	0.00717	0.00512	0.00686	0.00819	0.00861	0.00482	0.00565	0.00831	0.01115	0.01482	0.03142	0.73089	0.03740	0.01773	0.00735	0.00235	0.00349	0.07867	0.00531	0.00470
6	0.00803	0.00580	0.00759	0.00724	0.00853	0.00535	0.00539	0.01063	0.01588	0.02244	0.71709	0.08732	0.05301	0.01206	0.00678	0.00183	0.00274	0.01069	0.00624	0.00535
7	0.01125	0.00952	0.01121	0.00841	0.01290	0.00725	0.00659	0.01360	0.01175	0.01813	0.01283	0.10968	0.01214	0.00594	0.00462	0.00103	0.00412	0.00500	0.00363	0.73039
8	0.00742	0.00627	0.00648	0.00635	0.00832	0.00556	0.00478	0.01005	0.06665	0.01676	0.12058	0.05148	0.64184	0.01374	0.00669	0.00192	0.00300	0.01151	0.00544	0.00519
9	0.00697	0.00498	0.00664	0.00796	0.00830	0.00465	0.00531	0.00796	0.01095	0.01460	0.03153	0.79525	0.03783	0.01792	0.00730	0.00232	0.00332	0.01626	0.00531	0.00465
10	0.00712	0.00581	0.00630	0.00617	0.00795	0.00498	0.00463	0.00891	0.01389	0.01748	0.24830	0.05171	0.56936	0.01373	0.00676	0.00190	0.00284	0.01160	0.00558	0.00498
11	0.01249	0.20033	0.54325	0.01551	0.02294	0.01546	0.07902	0.01791	0.01209	0.01710	0.00986	0.01171	0.00739	0.00526	0.00515	0.00169	0.00803	0.00418	0.00246	0.00814
12	0.02238	0.01102	0.01591	0.01222	0.01665	0.01030	0.10025	0.05063	0.12177	0.54329	0.02100	0.01904	0.01380	0.00689	0.00589	0.00181	0.00546	0.00596	0.00633	0.00938
13	0.02414	0.01045	0.01583	0.01192	0.01651	0.00916	0.10008	0.02668	0.01601	0.67374	0.02119	0.01896	0.01347	0.00680	0.00588	0.00179	0.00546	0.00588	0.00656	0.00948
14	0.01230	0.11012	0.02078	0.47526	0.22037	0.01422	0.03668	0.01578	0.01192	0.01561	0.01008	0.01422	0.00799	0.00543	0.00548	0.00177	0.00728	0.00488	0.00261	0.00721
15	0.11918	0.01503	0.01878	0.09464	0.38617	0.12085	0.01398	0.10176	0.01462	0.04648	0.01084	0.01325	0.00859	0.00556	0.00534	0.00170	0.00695	0.00468	0.00339	0.00821

[dist]
# distance from previous block
# <min> <max>
0	3

[block]
# block no. 3 follows, 41 sequences, length 6
# corresponding to MSA columns:
# 296-301
name=unknown_D
#
# <colnr> <probs for GDERKNQSTAVLIFYWHMCP>
#	G	D	E	R	K	N	Q	S	T	A	V	L	I	F	Y	W	H	M	C	P
0	0.01332	0.01270	0.02157	0.24605	0.55854	0.01340	0.01711	0.01680	0.01264	0.01764	0.01070	0.01461	0.00876	0.00534	0.00572	0.00178	0.00706	0.00513	0.00279	0.00835
1	0.00838	0.00569	0.00663	0.00653	0.00683	0.00558	0.00394	0.00894	0.01011	0.01378	0.17989	0.03869	0.02811	0.62609	0.02424	0.00474	0.00496	0.00879	0.00412	0.00395
2	0.00818	0.00611	0.00768	0.00780	0.00929	0.00563	0.00618	0.01052	0.01470	0.01970	0.39972	0.05145	0.22022	0.01350	0.00709	0.00207	0.00345	0.19560	0.00582	0.00528
3	0.00741	0.00605	0.00662	0.00691	0.00871	0.00528	0.00546	0.00909	0.01313	0.01592	0.05194	0.05719	0.60110	0.01483	0.00705	0.00210	0.00345	0.16743	0.00534	0.00498
4	0.83806	0.01114	0.00849	0.00760	0.01114	0.01289	0.00624	0.01688	0.00981	0.02575	0.00808	0.00945	0.00630	0.00538	0.00359	0.00179	0.00446	0.00314	0.00358	0.00625
5	0.01930	0.20321	0.07197	0.01372	0.01750	0.55186	0.01147	0.02121	0.01488	0.01416	0.00874	0.01018	0.00735	0.00564	0.00484	0.00144	0.00923	0.00358	0.00280	0.00692

[dist]
# distance from previous block
# <min> <max>
3	6

[block]
# block no. 4 follows, 41 sequences, length 24
# corresponding to MSA columns:
# 308-331
name=unknown_E
#
# <colnr> <probs for GDERKNQSTAVLIFYWHMCP>
#	G	D	E	R	K	N	Q	S	T	A	V	L	I	F	Y	W	H	M	C	P
0	0.00810	0.00585	0.00765	0.00720	0.00855	0.00540	0.00540	0.01079	0.01619	0.02294	0.76028	0.04273	0.05397	0.01169	0.00675	0.00180	0.00270	0.01034	0.00630	0.00540
1	0.01529	0.80242	0.02997	0.00979	0.01468	0.02263	0.00979	0.01713	0.01162	0.01346	0.00795	0.00918	0.00734	0.00489	0.00367	0.00122	0.00612	0.00306	0.00245	0.00734
2	0.00832	0.00555	0.00624	0.00624	0.00624	0.00555	0.00347	0.00832	0.00832	0.01109	0.01802	0.03743	0.02080	0.79898	0.02911	0.00555	0.00555	0.00832	0.00347	0.00347
3	0.01423	0.01229	0.01293	0.01164	0.01487	0.01423	0.00905	0.03039	0.75297	0.02393	0.02328	0.02134	0.01746	0.00776	0.00582	0.00194	0.00453	0.00647	0.00582	0.00905
4	0.00830	0.00563	0.00668	0.00668	0.00683	0.00578	0.00401	0.00860	0.00845	0.01142	0.01762	0.03521	0.01983	0.68685	0.13992	0.00609	0.00700	0.00799	0.00341	0.00371
5	0.00810	0.00585	0.00765	0.00720	0.00855	0.00540	0.00540	0.01079	0.01619	0.02294	0.76028	0.04273	0.05397	0.01169	0.00675	0.00180	0.00270	0.01034	0.00630	0.00540
6	0.01188	0.11183	0.69066	0.01561	0.02368	0.01428	0.01993	0.01801	0.01203	0.01762	0.01002	0.01177	0.00726	0.00538	0.00525	0.00175	0.00820	0.00410	0.00242	0.00833
7	0.01896	0.02337	0.01642	0.18990	0.02262	0.60249	0.01215	0.02097	0.01512	0.01414	0.00914	0.01144	0.00743	0.00585	0.00529	0.00157	0.00970	0.00400	0.00285	0.00657
8	0.00811	0.00591	0.00800	0.00765	0.00892	0.00580	0.00580	0.01066	0.01460	0.02074	0.59092	0.03812	0.04495	0.01879	0.18170	0.00348	0.00557	0.00939	0.00556	0.00533
9	0.00829	0.00594	0.00738	0.00696	0.00853	0.00535	0.00524	0.01069	0.01548	0.04220	0.57984	0.04487	0.21358	0.01220	0.00672	0.00183	0.00280	0.01061	0.00609	0.00539
10	0.01125	0.01080	0.01505	0.01341	0.01349	0.01459	0.01088	0.01245	0.00926	0.01396	0.01297	0.19046	0.01440	0.01181	0.01616	0.00246	0.61001	0.00756	0.00314	0.00589
11	0.65042	0.00994	0.00859	0.00790	0.01087	0.01154	0.00641	0.01531	0.00961	0.02285	0.00964	0.01229	0.00804	0.01386	0.17922	0.00346	0.00690	0.00379	0.00343	0.00595
12	0.01225	0.01221	0.01699	0.01460	0.01469	0.01695	0.01214	0.01351	0.00895	0.01384	0.00979	0.01444	0.04162	0.01021	0.01823	0.00248	0.75294	0.00533	0.00263	0.00619
13	0.00846	0.00727	0.00742	0.00712	0.00935	0.00697	0.00542	0.01325	0.18125	0.01738	0.05006	0.04738	0.59195	0.01296	0.00655	0.00193	0.00327	0.01080	0.00543	0.00579
14	0.19621	0.00636	0.00704	0.00786	0.00892	0.00651	0.00551	0.00998	0.01067	0.01712	0.02617	0.61657	0.03064	0.01505	0.00645	0.00220	0.00357	0.01327	0.00491	0.00500
15	0.02469	0.01372	0.01394	0.01121	0.01530	0.18292	0.00901	0.02673	0.01633	0.59601	0.01945	0.01739	0.01262	0.00681	0.00562	0.00170	0.00611	0.00528	0.00614	0.00903
16	0.02466	0.01135	0.01427	0.01094	0.01541	0.01081	0.00904	0.21200	0.01908	0.57931	0.02030	0.01799	0.01302	0.00702	0.00574	0.00176	0.00523	0.00560	0.00673	0.00973
17	0.01147	0.02959	0.76934	0.01630	0.02476	0.01328	0.02113	0.01811	0.01208	0.01811	0.01026	0.01208	0.00725	0.00543	0.00543	0.00181	0.00845	0.00423	0.00242	0.00845
18	0.01498	0.01418	0.02009	0.07541	0.02012	0.04518	0.13514	0.18100	0.01417	0.01967	0.00986	0.01341	0.00821	0.00794	0.01227	0.00214	0.39031	0.00529	0.00332	0.00731
19	0.00724	0.00524	0.00722	0.00824	0.00873	0.00522	0.00573	0.00848	0.01055	0.01430	0.02784	0.61956	0.03248	0.02360	0.18213	0.00388	0.00605	0.01396	0.00480	0.00475
20	0.01619	0.01247	0.01589	0.09513	0.03720	0.01367	0.05671	0.38398	0.01934	0.04482	0.01713	0.19177	0.01582	0.00923	0.00674	0.00192	0.04136	0.00778	0.00493	0.00791
21	0.01346	0.01275	0.02382	0.24402	0.12114	0.01303	0.30770	0.03119	0.01307	0.06544	0.01284	0.01623	0.02819	0.00565	0.00642	0.00184	0.02759	0.00590	0.00318	0.04654
22	0.01404	0.53695	0.04432	0.00978	0.01381	0.07959	0.00921	0.01618	0.01305	0.01579	0.17912	0.01698	0.01794	0.00654	0.00454	0.00139	0.00575	0.00480	0.00336	0.00687
23	0.01695	0.01140	0.02923	0.01093	0.01419	0.01160	0.00877	0.25173	0.15755	0.17513	0.03860	0.20870	0.01993	0.00987	0.00615	0.00192	0.00491	0.00834	0.00585	0.00823

[dist]
# distance from previous block
# <min> <max>
5	116

# created by:
# /software/SequenceAnalysis/GenePrediction/augustus/3.0.1/scripts/msa2prfl.pl ./fixed/BUSCOvEOG7WSXQV.fas
