[name]
unknown

[dist]
# distance from previous block
# <min> <max>
0	74

[block]
# block no. 0 follows, 38 sequences, length 48
# corresponding to MSA columns:
# 84-131
name=unknown_A
#
# <colnr> <probs for GDERKNQSTAVLIFYWHMCP>
#	G	D	E	R	K	N	Q	S	T	A	V	L	I	F	Y	W	H	M	C	P
0	0.02643	0.01011	0.01378	0.01061	0.01516	0.00874	0.00874	0.02877	0.01721	0.73287	0.04588	0.02122	0.01617	0.00759	0.00608	0.00186	0.00505	0.00620	0.00742	0.01010
1	0.00984	0.00702	0.00957	0.00926	0.01036	0.00816	0.00718	0.03001	0.01065	0.01618	0.01630	0.02320	0.01481	0.07340	0.49829	0.00708	0.07034	0.00628	0.16651	0.00554
2	0.00733	0.00524	0.00698	0.00838	0.00873	0.00489	0.00558	0.00838	0.01152	0.01536	0.03316	0.78466	0.03979	0.01885	0.00768	0.00244	0.00349	0.01710	0.00558	0.00489
3	0.01136	0.01069	0.01804	0.77412	0.04143	0.01337	0.01671	0.01537	0.01203	0.01537	0.01069	0.01604	0.00802	0.00601	0.00601	0.00200	0.00802	0.00535	0.00267	0.00668
4	0.02647	0.01107	0.01447	0.01110	0.01577	0.01007	0.00917	0.11741	0.01861	0.66516	0.02257	0.01972	0.01431	0.00742	0.00605	0.00185	0.00531	0.00597	0.00727	0.01024
5	0.00806	0.00621	0.00669	0.00658	0.00854	0.00529	0.00493	0.00976	0.01416	0.04540	0.14679	0.09338	0.59362	0.01475	0.00710	0.00203	0.00312	0.01244	0.00579	0.00534
6	0.01608	0.79220	0.03152	0.01029	0.01544	0.02380	0.01029	0.01801	0.01222	0.01415	0.00836	0.00965	0.00772	0.00515	0.00386	0.00129	0.00643	0.00322	0.00257	0.00772
7	0.00847	0.00615	0.00797	0.00752	0.00896	0.00566	0.00564	0.01126	0.01691	0.02385	0.72433	0.04538	0.08048	0.01240	0.00710	0.00190	0.00285	0.01094	0.00659	0.00566
8	0.01472	0.01418	0.02441	0.06887	0.70252	0.01428	0.03569	0.01835	0.01364	0.01946	0.01131	0.01497	0.00945	0.00538	0.00599	0.00180	0.00726	0.00540	0.00297	0.00937
9	0.00711	0.00609	0.00609	0.00609	0.00813	0.00508	0.00457	0.00863	0.01371	0.01625	0.06094	0.05789	0.74862	0.01524	0.00711	0.00203	0.00305	0.01270	0.00559	0.00508
10	0.00733	0.00524	0.00698	0.00838	0.00873	0.00489	0.00558	0.00838	0.01152	0.01536	0.03316	0.78466	0.03979	0.01885	0.00768	0.00244	0.00349	0.01710	0.00558	0.00489
11	0.01447	0.01657	0.03405	0.02456	0.03027	0.04393	0.67054	0.01924	0.01409	0.01889	0.01187	0.01589	0.00902	0.00535	0.00759	0.00204	0.04371	0.00690	0.00303	0.00800
12	0.01420	0.01623	0.03550	0.02535	0.03144	0.01521	0.72921	0.01927	0.01420	0.01927	0.01217	0.01623	0.00913	0.00507	0.00710	0.00203	0.01014	0.00710	0.00304	0.00811
13	0.00733	0.00524	0.00698	0.00838	0.00873	0.00489	0.00558	0.00838	0.01152	0.01536	0.03316	0.78466	0.03979	0.01885	0.00768	0.00244	0.00349	0.01710	0.00558	0.00489
14	0.00811	0.00583	0.00769	0.00795	0.00898	0.00542	0.00574	0.01028	0.01492	0.02075	0.46726	0.31793	0.04997	0.01482	0.00734	0.00212	0.00314	0.03016	0.00621	0.00538
15	0.01843	0.01203	0.01366	0.01165	0.01538	0.01297	0.00924	0.06940	0.45972	0.23001	0.06200	0.02263	0.01897	0.00813	0.00615	0.00197	0.00486	0.00673	0.00651	0.00956
16	0.00764	0.00548	0.00726	0.00816	0.00879	0.00510	0.00561	0.00916	0.01298	0.01768	0.22251	0.58868	0.04428	0.01711	0.00752	0.00230	0.00332	0.01545	0.00586	0.00510
17	0.02095	0.02613	0.01727	0.01555	0.01814	0.64232	0.01188	0.02246	0.01577	0.01468	0.00907	0.01123	0.00777	0.00691	0.00777	0.00173	0.13635	0.00410	0.00302	0.00691
18	0.01207	0.03112	0.75741	0.01715	0.02604	0.01397	0.02223	0.01905	0.01270	0.01905	0.01080	0.01270	0.00762	0.00572	0.00572	0.00191	0.00889	0.00445	0.00254	0.00889
19	0.83108	0.01163	0.00884	0.00791	0.01163	0.01350	0.00651	0.01768	0.01024	0.02699	0.00838	0.00977	0.00651	0.00558	0.00372	0.00186	0.00465	0.00326	0.00372	0.00651
20	0.00726	0.00610	0.00633	0.00646	0.00838	0.00517	0.00489	0.00883	0.01362	0.01630	0.05815	0.09116	0.67878	0.01547	0.00720	0.00209	0.00320	0.04995	0.00558	0.00509
21	0.01207	0.03112	0.75741	0.01715	0.02604	0.01397	0.02223	0.01905	0.01270	0.01905	0.01080	0.01270	0.00762	0.00572	0.00572	0.00191	0.00889	0.00445	0.00254	0.00889
22	0.02699	0.01024	0.01396	0.01070	0.01536	0.00884	0.00884	0.02932	0.01722	0.75522	0.02373	0.02048	0.01489	0.00745	0.00605	0.00186	0.00512	0.00605	0.00745	0.01024
23	0.00848	0.00612	0.00801	0.00759	0.00898	0.00565	0.00567	0.01127	0.01687	0.02387	0.72695	0.06660	0.05626	0.01249	0.00711	0.00191	0.00286	0.01106	0.00659	0.00565
24	0.01235	0.01170	0.01983	0.56806	0.23979	0.01362	0.01720	0.01623	0.01250	0.01657	0.01087	0.01572	0.00844	0.00583	0.00600	0.00194	0.00778	0.00535	0.00276	0.00748
25	0.01045	0.00522	0.00784	0.00784	0.00784	0.00522	0.00522	0.00784	0.00784	0.01045	0.01045	0.01829	0.01045	0.02090	0.02351	0.82497	0.00522	0.00522	0.00261	0.00261
26	0.00732	0.00528	0.00693	0.00826	0.00869	0.00490	0.00553	0.00839	0.01163	0.01540	0.03463	0.74619	0.07731	0.01866	0.00765	0.00242	0.00347	0.01687	0.00558	0.00490
27	0.00851	0.00558	0.00743	0.00853	0.00913	0.00520	0.00583	0.00964	0.01180	0.05459	0.03208	0.69108	0.03761	0.04711	0.00848	0.00255	0.00374	0.04037	0.00561	0.00515
28	0.01228	0.07140	0.71899	0.01678	0.02548	0.01449	0.02159	0.01900	0.01268	0.01879	0.01067	0.01254	0.00763	0.00569	0.00562	0.00187	0.00876	0.00438	0.00254	0.00883
29	0.01207	0.03112	0.75741	0.01715	0.02604	0.01397	0.02223	0.01905	0.01270	0.01905	0.01080	0.01270	0.00762	0.00572	0.00572	0.00191	0.00889	0.00445	0.00254	0.00889
30	0.01184	0.01118	0.01890	0.67487	0.13698	0.01349	0.01694	0.01579	0.01225	0.01595	0.01078	0.01588	0.00822	0.00593	0.00601	0.00198	0.00790	0.00535	0.00271	0.00707
31	0.69890	0.01249	0.01035	0.00888	0.01278	0.01434	0.00732	0.13434	0.01319	0.02878	0.00937	0.01054	0.00712	0.00585	0.00410	0.00185	0.00498	0.00361	0.00410	0.00712
32	0.01630	0.01371	0.01364	0.01233	0.01564	0.08619	0.00968	0.02935	0.54711	0.08729	0.02356	0.02491	0.01838	0.00861	0.00623	0.00204	0.00544	0.06467	0.00590	0.00901
33	0.00744	0.00532	0.00708	0.00830	0.00875	0.00496	0.00559	0.00865	0.01202	0.01616	0.09847	0.71705	0.04134	0.01825	0.00763	0.00239	0.00343	0.01653	0.00568	0.00496
34	0.01671	0.01385	0.01411	0.01242	0.01599	0.05460	0.00972	0.07921	0.60444	0.07459	0.02294	0.02115	0.01701	0.00794	0.00607	0.00199	0.00524	0.00650	0.00604	0.00948
35	0.02287	0.01685	0.01805	0.01384	0.01866	0.01866	0.01143	0.73100	0.02828	0.03791	0.01444	0.01444	0.01023	0.00722	0.00602	0.00181	0.00662	0.00542	0.00602	0.01023
36	0.01255	0.01232	0.01830	0.27373	0.02451	0.01670	0.01437	0.01478	0.01017	0.01478	0.00885	0.01414	0.00794	0.00899	0.01507	0.00242	0.51582	0.00529	0.00265	0.00662
37	0.01121	0.00561	0.00561	0.00561	0.00701	0.00561	0.00421	0.01402	0.01262	0.02243	0.01962	0.02243	0.01542	0.00701	0.00421	0.00140	0.00280	0.00561	0.82198	0.00561
38	0.05928	0.01662	0.01764	0.01357	0.01834	0.01842	0.01121	0.69886	0.02747	0.03742	0.01417	0.01423	0.01006	0.00715	0.00591	0.00181	0.00653	0.00532	0.00591	0.01006
39	0.02287	0.01685	0.01805	0.01384	0.01866	0.01866	0.01143	0.73100	0.02828	0.03791	0.01444	0.01444	0.01023	0.00722	0.00602	0.00181	0.00662	0.00542	0.00602	0.01023
40	0.00733	0.00524	0.00698	0.00838	0.00873	0.00489	0.00558	0.00838	0.01152	0.01536	0.03316	0.78466	0.03979	0.01885	0.00768	0.00244	0.00349	0.01710	0.00558	0.00489
41	0.01542	0.01282	0.01362	0.01218	0.01563	0.01473	0.00950	0.03187	0.71272	0.05290	0.02446	0.02237	0.01823	0.00813	0.00612	0.00203	0.00477	0.00677	0.00617	0.00955
42	0.02208	0.01643	0.01805	0.06588	0.02021	0.01829	0.01179	0.68202	0.02717	0.03637	0.01419	0.01455	0.01008	0.00714	0.00602	0.00182	0.00672	0.00541	0.00579	0.00999
43	0.02208	0.01643	0.01805	0.06588	0.02021	0.01829	0.01179	0.68202	0.02717	0.03637	0.01419	0.01455	0.01008	0.00714	0.00602	0.00182	0.00672	0.00541	0.00579	0.00999
44	0.01408	0.01585	0.03392	0.02423	0.03026	0.01472	0.67979	0.01899	0.01408	0.01929	0.01207	0.01597	0.00911	0.00503	0.00692	0.00195	0.00975	0.00686	0.00308	0.06405
45	0.00871	0.00641	0.00949	0.00949	0.01057	0.00743	0.00737	0.01089	0.00980	0.01435	0.01627	0.02358	0.01506	0.04340	0.73048	0.00930	0.01551	0.00641	0.04011	0.00538
46	0.02232	0.01668	0.01849	0.01542	0.06878	0.01836	0.01192	0.68223	0.02729	0.03666	0.01423	0.01447	0.01018	0.00709	0.00601	0.00180	0.00666	0.00541	0.00581	0.01018
47	0.01191	0.00855	0.01022	0.01134	0.01210	0.00760	0.00753	0.01173	0.01420	0.01938	0.03588	0.73772	0.04172	0.02080	0.00935	0.00318	0.00505	0.01764	0.00689	0.00720

[dist]
# distance from previous block
# <min> <max>
0	1

[block]
# block no. 1 follows, 38 sequences, length 6
# corresponding to MSA columns:
# 133-138
name=unknown_B
#
# <colnr> <probs for GDERKNQSTAVLIFYWHMCP>
#	G	D	E	R	K	N	Q	S	T	A	V	L	I	F	Y	W	H	M	C	P
0	0.54955	0.01074	0.00992	0.00861	0.01217	0.01158	0.00697	0.01912	0.01280	0.16488	0.12422	0.01760	0.01606	0.00717	0.00482	0.00192	0.00457	0.00506	0.00498	0.00725
1	0.49143	0.01983	0.31604	0.01192	0.01777	0.01385	0.01310	0.01844	0.01145	0.02397	0.00969	0.01142	0.00728	0.00585	0.00468	0.00194	0.00650	0.00385	0.00334	0.00765
2	0.17568	0.01605	0.01650	0.01291	0.01753	0.01781	0.01062	0.59297	0.02499	0.03603	0.01359	0.01399	0.00982	0.00711	0.00572	0.00187	0.00635	0.00511	0.00568	0.00967
3	0.01306	0.01258	0.02035	0.01453	0.02013	0.01048	0.25400	0.01656	0.01306	0.01949	0.01120	0.01376	0.00898	0.00467	0.00536	0.00128	0.00640	0.00477	0.00339	0.54595
4	0.33770	0.23784	0.13208	0.01080	0.01574	0.01692	0.01060	0.05117	0.10000	0.02236	0.01096	0.01192	0.00862	0.00586	0.00446	0.00172	0.00592	0.00395	0.00360	0.00775
5	0.01493	0.01175	0.01546	0.26749	0.02419	0.01359	0.01201	0.02377	0.31105	0.10876	0.01770	0.01878	0.01313	0.00735	0.00708	0.00199	0.06797	0.00593	0.00471	0.05238

[dist]
# distance from previous block
# <min> <max>
0	1

[block]
# block no. 2 follows, 38 sequences, length 12
# corresponding to MSA columns:
# 140-151
name=unknown_C
#
# <colnr> <probs for GDERKNQSTAVLIFYWHMCP>
#	G	D	E	R	K	N	Q	S	T	A	V	L	I	F	Y	W	H	M	C	P
0	0.02287	0.01685	0.01805	0.01384	0.01866	0.01866	0.01143	0.73100	0.02828	0.03791	0.01444	0.01444	0.01023	0.00722	0.00602	0.00181	0.00662	0.00542	0.00602	0.01023
1	0.01133	0.00996	0.01640	0.59651	0.03417	0.01238	0.01458	0.01407	0.01115	0.01450	0.01046	0.01621	0.00841	0.00876	0.00982	0.13703	0.06025	0.00532	0.00266	0.00601
2	0.01136	0.01069	0.01804	0.77412	0.04143	0.01337	0.01671	0.01537	0.01203	0.01537	0.01069	0.01604	0.00802	0.00601	0.00601	0.00200	0.00802	0.00535	0.00267	0.00668
3	0.83108	0.01163	0.00884	0.00791	0.01163	0.01350	0.00651	0.01768	0.01024	0.02699	0.00838	0.00977	0.00651	0.00558	0.00372	0.00186	0.00465	0.00326	0.00372	0.00651
4	0.02287	0.01685	0.01805	0.01384	0.01866	0.01866	0.01143	0.73100	0.02828	0.03791	0.01444	0.01444	0.01023	0.00722	0.00602	0.00181	0.00662	0.00542	0.00602	0.01023
5	0.01045	0.00522	0.00784	0.00784	0.00784	0.00522	0.00522	0.00784	0.00784	0.01045	0.01045	0.01829	0.01045	0.02090	0.02351	0.82497	0.00522	0.00522	0.00261	0.00261
6	0.01751	0.54262	0.07768	0.01182	0.01698	0.09047	0.01142	0.13558	0.01533	0.01844	0.00961	0.01076	0.00813	0.00562	0.00449	0.00144	0.00704	0.00372	0.00318	0.00814
7	0.02287	0.01685	0.01805	0.01384	0.01866	0.01866	0.01143	0.73100	0.02828	0.03791	0.01444	0.01444	0.01023	0.00722	0.00602	0.00181	0.00662	0.00542	0.00602	0.01023
8	0.00733	0.00524	0.00698	0.00838	0.00873	0.00489	0.00558	0.00838	0.01152	0.01536	0.03316	0.78466	0.03979	0.01885	0.00768	0.00244	0.00349	0.01710	0.00558	0.00489
9	0.01290	0.01206	0.01793	0.01296	0.01816	0.01023	0.16754	0.01602	0.01266	0.01923	0.01086	0.01335	0.00890	0.00495	0.00594	0.00125	0.05122	0.00445	0.00339	0.59601
10	0.01608	0.79220	0.03152	0.01029	0.01544	0.02380	0.01029	0.01801	0.01222	0.01415	0.00836	0.00965	0.00772	0.00515	0.00386	0.00129	0.00643	0.00322	0.00257	0.00772
11	0.01426	0.01210	0.01293	0.01082	0.01486	0.03698	0.00852	0.02393	0.37239	0.04695	0.02032	0.02103	0.03969	0.00722	0.00559	0.00162	0.00483	0.02953	0.00508	0.31135

[dist]
# distance from previous block
# <min> <max>
1	10

[block]
# block no. 3 follows, 38 sequences, length 16
# corresponding to MSA columns:
# 163-178
name=unknown_D
#
# <colnr> <probs for GDERKNQSTAVLIFYWHMCP>
#	G	D	E	R	K	N	Q	S	T	A	V	L	I	F	Y	W	H	M	C	P
0	0.01608	0.79220	0.03152	0.01029	0.01544	0.02380	0.01029	0.01801	0.01222	0.01415	0.00836	0.00965	0.00772	0.00515	0.00386	0.00129	0.00643	0.00322	0.00257	0.00772
1	0.01262	0.01232	0.02190	0.49115	0.21985	0.01384	0.10878	0.01665	0.01273	0.01696	0.01104	0.01577	0.00854	0.00573	0.00614	0.00195	0.00807	0.00558	0.00280	0.00759
2	0.00733	0.00524	0.00698	0.00838	0.00873	0.00489	0.00558	0.00838	0.01152	0.01536	0.03316	0.78466	0.03979	0.01885	0.00768	0.00244	0.00349	0.01710	0.00558	0.00489
3	0.01608	0.79220	0.03152	0.01029	0.01544	0.02380	0.01029	0.01801	0.01222	0.01415	0.00836	0.00965	0.00772	0.00515	0.00386	0.00129	0.00643	0.00322	0.00257	0.00772
4	0.02281	0.01851	0.01791	0.01407	0.01865	0.12337	0.01146	0.63174	0.02671	0.03466	0.01372	0.01394	0.00988	0.00708	0.00593	0.00177	0.00721	0.00520	0.00561	0.00977
5	0.00801	0.00602	0.00741	0.00730	0.00874	0.00543	0.00538	0.01029	0.01550	0.02103	0.48418	0.14110	0.22983	0.01386	0.00717	0.00200	0.00297	0.01212	0.00623	0.00543
6	0.02287	0.01685	0.01805	0.01384	0.01866	0.01866	0.01143	0.73100	0.02828	0.03791	0.01444	0.01444	0.01023	0.00722	0.00602	0.00181	0.00662	0.00542	0.00602	0.01023
7	0.00722	0.00610	0.00625	0.00621	0.00819	0.00513	0.00466	0.00885	0.01398	0.01688	0.11619	0.05685	0.69297	0.01500	0.00711	0.00202	0.00303	0.01255	0.00567	0.00513
8	0.83108	0.01163	0.00884	0.00791	0.01163	0.01350	0.00651	0.01768	0.01024	0.02699	0.00838	0.00977	0.00651	0.00558	0.00372	0.00186	0.00465	0.00326	0.00372	0.00651
9	0.02287	0.01685	0.01805	0.01384	0.01866	0.01866	0.01143	0.73100	0.02828	0.03791	0.01444	0.01444	0.01023	0.00722	0.00602	0.00181	0.00662	0.00542	0.00602	0.01023
10	0.00870	0.00602	0.00749	0.00749	0.00782	0.00634	0.00481	0.00935	0.00902	0.01235	0.01810	0.03465	0.01982	0.56555	0.25085	0.00698	0.00892	0.00806	0.00352	0.00416
11	0.00733	0.00524	0.00698	0.00838	0.00873	0.00489	0.00558	0.00838	0.01152	0.01536	0.03316	0.78466	0.03979	0.01885	0.00768	0.00244	0.00349	0.01710	0.00558	0.00489
12	0.01608	0.79220	0.03152	0.01029	0.01544	0.02380	0.01029	0.01801	0.01222	0.01415	0.00836	0.00965	0.00772	0.00515	0.00386	0.00129	0.00643	0.00322	0.00257	0.00772
13	0.01565	0.01277	0.01362	0.01216	0.01563	0.01462	0.00948	0.03182	0.69916	0.06659	0.02444	0.02233	0.01817	0.00812	0.00612	0.00203	0.00478	0.00676	0.00620	0.00956
14	0.00819	0.00590	0.00775	0.00779	0.00891	0.00546	0.00565	0.01053	0.01550	0.02169	0.54933	0.25044	0.05205	0.01412	0.00726	0.00205	0.00302	0.01261	0.00633	0.00546
15	0.02495	0.01000	0.01345	0.01050	0.01483	0.00882	0.00860	0.02792	0.04640	0.66439	0.08453	0.02261	0.01854	0.00788	0.00614	0.00187	0.00491	0.00649	0.00732	0.00983

[dist]
# distance from previous block
# <min> <max>
0	2

[block]
# block no. 4 follows, 38 sequences, length 11
# corresponding to MSA columns:
# 181-191
name=unknown_E
#
# <colnr> <probs for GDERKNQSTAVLIFYWHMCP>
#	G	D	E	R	K	N	Q	S	T	A	V	L	I	F	Y	W	H	M	C	P
0	0.04445	0.28163	0.02163	0.09210	0.01922	0.07947	0.01108	0.22045	0.05128	0.10515	0.01287	0.01358	0.00972	0.00632	0.00517	0.00165	0.00673	0.00460	0.00434	0.00858
1	0.01310	0.22790	0.56973	0.01537	0.02330	0.01651	0.01914	0.01878	0.01258	0.01778	0.01017	0.01191	0.00765	0.00557	0.00524	0.00175	0.00826	0.00413	0.00255	0.00859
2	0.00879	0.00648	0.00858	0.00921	0.01057	0.00597	0.00708	0.01076	0.01296	0.01762	0.10700	0.39002	0.03650	0.01582	0.00745	0.00231	0.00418	0.23591	0.00545	0.09734
3	0.01608	0.79220	0.03152	0.01029	0.01544	0.02380	0.01029	0.01801	0.01222	0.01415	0.00836	0.00965	0.00772	0.00515	0.00386	0.00129	0.00643	0.00322	0.00257	0.00772
4	0.05993	0.11548	0.63254	0.01584	0.02401	0.01505	0.01998	0.01886	0.01250	0.01896	0.01038	0.01219	0.00757	0.00564	0.00539	0.00183	0.00837	0.00424	0.00261	0.00862
5	0.01202	0.01435	0.10661	0.01907	0.04929	0.01254	0.34610	0.01609	0.01225	0.01724	0.01315	0.01819	0.01094	0.01910	0.26692	0.00465	0.04478	0.00644	0.00303	0.00725
6	0.52235	0.01124	0.00997	0.00862	0.01218	0.01257	0.00702	0.09365	0.04681	0.08699	0.01267	0.01358	0.00945	0.00624	0.00434	0.00180	0.00463	0.00422	0.12445	0.00722
7	0.01225	0.01093	0.01564	0.01190	0.01627	0.00938	0.12426	0.04189	0.01307	0.01931	0.01502	0.15194	0.01451	0.00745	0.00605	0.00145	0.03180	0.00670	0.00390	0.48627
8	0.06057	0.01331	0.01390	0.01075	0.01531	0.05669	0.00858	0.21821	0.04404	0.06036	0.01346	0.03046	0.01085	0.03590	0.00612	0.00155	0.00553	0.00480	0.00456	0.38504
9	0.46123	0.01451	0.09512	0.01038	0.01494	0.01381	0.00940	0.11617	0.08190	0.07055	0.01202	0.01271	0.00888	0.00611	0.00466	0.00182	0.00542	0.00420	0.00434	0.05183
10	0.05127	0.01128	0.01384	0.01070	0.01515	0.01056	0.00876	0.16505	0.01853	0.43613	0.06799	0.02054	0.03455	0.00751	0.00587	0.00175	0.00512	0.00603	0.00648	0.10289

[dist]
# distance from previous block
# <min> <max>
11	128

# created by:
# /software/SequenceAnalysis/GenePrediction/augustus/3.0.1/scripts/msa2prfl.pl ./fixed/BUSCOvEOG7VMGW8.fas
