[name]
unknown

[dist]
# distance from previous block
# <min> <max>
0	246

[block]
# block no. 0 follows, 40 sequences, length 12
# corresponding to MSA columns:
# 273-284
name=unknown_A
#
# <colnr> <probs for GDERKNQSTAVLIFYWHMCP>
#	G	D	E	R	K	N	Q	S	T	A	V	L	I	F	Y	W	H	M	C	P
0	0.01373	0.01569	0.03431	0.02451	0.03039	0.01471	0.73824	0.01863	0.01373	0.01863	0.01176	0.01569	0.00882	0.00490	0.00686	0.00196	0.00980	0.00686	0.00294	0.00784
1	0.00792	0.00570	0.00749	0.00753	0.00862	0.00528	0.00546	0.01019	0.01501	0.02101	0.55885	0.24746	0.05040	0.01361	0.00701	0.00197	0.00292	0.01216	0.00613	0.00528
2	0.01440	0.01369	0.02260	0.03341	0.68810	0.01388	0.01702	0.01910	0.08367	0.01951	0.01216	0.01509	0.01003	0.00544	0.00577	0.00175	0.00669	0.00531	0.00317	0.00921
3	0.83671	0.01125	0.00855	0.00765	0.01125	0.01305	0.00630	0.01709	0.00990	0.02609	0.00810	0.00945	0.00630	0.00540	0.00360	0.00180	0.00450	0.00315	0.00360	0.00630
4	0.01439	0.01382	0.02360	0.03569	0.75936	0.01382	0.01785	0.01785	0.01324	0.01900	0.01094	0.01439	0.00921	0.00518	0.00576	0.00173	0.00691	0.00518	0.00288	0.00921
5	0.83671	0.01125	0.00855	0.00765	0.01125	0.01305	0.00630	0.01709	0.00990	0.02609	0.00810	0.00945	0.00630	0.00540	0.00360	0.00180	0.00450	0.00315	0.00360	0.00630
6	0.02100	0.00862	0.01163	0.00962	0.01296	0.00756	0.00757	0.02284	0.01497	0.55910	0.02455	0.18221	0.01985	0.05975	0.00769	0.00216	0.00466	0.00825	0.00659	0.00841
7	0.02211	0.01629	0.01745	0.01338	0.01803	0.01803	0.01105	0.73997	0.02734	0.03665	0.01396	0.01396	0.00989	0.00698	0.00582	0.00175	0.00640	0.00524	0.00582	0.00989
8	0.83671	0.01125	0.00855	0.00765	0.01125	0.01305	0.00630	0.01709	0.00990	0.02609	0.00810	0.00945	0.00630	0.00540	0.00360	0.00180	0.00450	0.00315	0.00360	0.00630
9	0.02051	0.01550	0.01655	0.01306	0.01743	0.01729	0.01067	0.59186	0.17804	0.03408	0.01599	0.01558	0.01153	0.00717	0.00584	0.00179	0.00602	0.00552	0.00584	0.00975
10	0.00846	0.00564	0.00634	0.00634	0.00634	0.00564	0.00352	0.00846	0.00846	0.01128	0.01832	0.03805	0.02114	0.79563	0.02960	0.00564	0.00564	0.00846	0.00352	0.00352
11	0.01199	0.00741	0.00903	0.00809	0.01034	0.00702	0.00624	0.01609	0.10492	0.15209	0.39315	0.03799	0.16133	0.01088	0.00647	0.00185	0.00339	0.00933	0.03577	0.00661

[dist]
# distance from previous block
# <min> <max>
7	25

[block]
# block no. 1 follows, 40 sequences, length 30
# corresponding to MSA columns:
# 312-341
name=unknown_B
#
# <colnr> <probs for GDERKNQSTAVLIFYWHMCP>
#	G	D	E	R	K	N	Q	S	T	A	V	L	I	F	Y	W	H	M	C	P
0	0.08779	0.42051	0.02214	0.01021	0.01483	0.01758	0.00929	0.07784	0.06575	0.18330	0.01299	0.01296	0.00984	0.00585	0.00452	0.00149	0.00564	0.00414	0.00415	0.02917
1	0.01486	0.03638	0.01260	0.00905	0.01360	0.00852	0.00731	0.01802	0.04854	0.17615	0.08845	0.01720	0.01487	0.00587	0.00494	0.00122	0.00436	0.00480	0.00462	0.50863
2	0.01098	0.02267	0.50675	0.01495	0.02149	0.01151	0.07566	0.01629	0.01259	0.01841	0.07564	0.11523	0.01551	0.00757	0.00593	0.00187	0.00731	0.00655	0.00325	0.04984
3	0.01341	0.01293	0.01674	0.01502	0.12658	0.07335	0.09439	0.01630	0.01280	0.01852	0.01048	0.01270	0.00863	0.00465	0.00490	0.00117	0.00585	0.00413	0.00326	0.54420
4	0.01393	0.01452	0.02879	0.02228	0.08443	0.01381	0.52496	0.07750	0.01496	0.02056	0.07402	0.01759	0.01278	0.00565	0.00657	0.00186	0.00844	0.00674	0.00349	0.04712
5	0.01015	0.01364	0.24361	0.01034	0.01410	0.00813	0.01061	0.01411	0.01517	0.05703	0.48950	0.03263	0.03817	0.00969	0.00640	0.00183	0.00467	0.00836	0.00521	0.00666
6	0.01543	0.01307	0.02033	0.04554	0.51096	0.01300	0.01492	0.05388	0.07223	0.08236	0.01302	0.01519	0.01026	0.00558	0.00564	0.00167	0.00630	0.00518	0.00367	0.09177
7	0.00709	0.00506	0.00675	0.00810	0.00843	0.00472	0.00540	0.00810	0.01113	0.01484	0.03205	0.79184	0.03846	0.01822	0.00742	0.00236	0.00337	0.01653	0.00540	0.00472
8	0.26815	0.02422	0.53018	0.01380	0.02084	0.01336	0.01676	0.01801	0.01154	0.02080	0.00971	0.01140	0.00703	0.00549	0.00493	0.00183	0.00732	0.00394	0.00281	0.00788
9	0.01524	0.73829	0.08862	0.01047	0.01574	0.02226	0.01086	0.01749	0.01185	0.01406	0.00827	0.00956	0.00746	0.00502	0.00387	0.00129	0.00641	0.00320	0.00249	0.00755
10	0.01378	0.00785	0.00939	0.00808	0.01082	0.00710	0.00636	0.07245	0.01610	0.22811	0.21545	0.03948	0.31912	0.01132	0.00650	0.00187	0.00373	0.00949	0.00618	0.00684
11	0.00709	0.00506	0.00675	0.00810	0.00843	0.00472	0.00540	0.00810	0.01113	0.01484	0.03205	0.79184	0.03846	0.01822	0.00742	0.00236	0.00337	0.01653	0.00540	0.00472
12	0.01206	0.01034	0.01206	0.00861	0.01378	0.00775	0.00689	0.01464	0.01206	0.01895	0.01034	0.01206	0.00861	0.00431	0.00431	0.00086	0.00431	0.00345	0.00345	0.83118
13	0.00709	0.00506	0.00675	0.00810	0.00843	0.00472	0.00540	0.00810	0.01113	0.01484	0.03205	0.79184	0.03846	0.01822	0.00742	0.00236	0.00337	0.01653	0.00540	0.00472
14	0.02012	0.00865	0.01113	0.00896	0.01267	0.00742	0.00726	0.02212	0.01559	0.53095	0.03412	0.03104	0.24525	0.00954	0.00617	0.00185	0.00433	0.00785	0.00664	0.00835
15	0.00796	0.00572	0.00620	0.00620	0.00681	0.00541	0.00380	0.00842	0.00995	0.01265	0.03094	0.04362	0.24990	0.55286	0.02253	0.00450	0.00480	0.00964	0.00411	0.00395
16	0.01446	0.01249	0.01315	0.01183	0.01512	0.01446	0.00920	0.03090	0.74885	0.02433	0.02367	0.02170	0.01775	0.00789	0.00592	0.00197	0.00460	0.00657	0.00592	0.00920
17	0.01098	0.01034	0.01744	0.78165	0.04005	0.01292	0.01615	0.01486	0.01163	0.01486	0.01034	0.01550	0.00775	0.00581	0.00581	0.00194	0.00775	0.00517	0.00258	0.00646
18	0.00709	0.00506	0.00675	0.00810	0.00843	0.00472	0.00540	0.00810	0.01113	0.01484	0.03205	0.79184	0.03846	0.01822	0.00742	0.00236	0.00337	0.01653	0.00540	0.00472
19	0.01084	0.00542	0.00542	0.00542	0.00678	0.00542	0.00407	0.01355	0.01220	0.02168	0.01897	0.02168	0.01491	0.00678	0.00407	0.00136	0.00271	0.00542	0.82791	0.00542
20	0.01166	0.03008	0.76550	0.01657	0.02517	0.01351	0.02149	0.01842	0.01228	0.01842	0.01044	0.01228	0.00737	0.00552	0.00552	0.00184	0.00859	0.00430	0.00246	0.00859
21	0.01206	0.01034	0.01206	0.00861	0.01378	0.00775	0.00689	0.01464	0.01206	0.01895	0.01034	0.01206	0.00861	0.00431	0.00431	0.00086	0.00431	0.00345	0.00345	0.83118
22	0.01439	0.01382	0.02360	0.03569	0.75936	0.01382	0.01785	0.01785	0.01324	0.01900	0.01094	0.01439	0.00921	0.00518	0.00576	0.00173	0.00691	0.00518	0.00288	0.00921
23	0.01166	0.03008	0.76550	0.01657	0.02517	0.01351	0.02149	0.01842	0.01228	0.01842	0.01044	0.01228	0.00737	0.00552	0.00552	0.00184	0.00859	0.00430	0.00246	0.00859
24	0.02609	0.00990	0.01350	0.01035	0.01484	0.00855	0.00855	0.02834	0.01664	0.76338	0.02294	0.01979	0.01439	0.00720	0.00585	0.00180	0.00495	0.00585	0.00720	0.00990
25	0.02211	0.01629	0.01745	0.01338	0.01803	0.01803	0.01105	0.73997	0.02734	0.03665	0.01396	0.01396	0.00989	0.00698	0.00582	0.00175	0.00640	0.00524	0.00582	0.00989
26	0.00831	0.00623	0.00935	0.00935	0.01038	0.00727	0.00727	0.01038	0.00935	0.01350	0.01558	0.02285	0.01454	0.04361	0.77259	0.00935	0.01558	0.00623	0.00312	0.00519
27	0.01896	0.01524	0.01519	0.01224	0.01608	0.09008	0.00990	0.51416	0.02295	0.02981	0.01937	0.01975	0.10595	0.01094	0.06997	0.00238	0.00713	0.00607	0.00526	0.00855
28	0.00728	0.00520	0.00697	0.00832	0.00874	0.00489	0.00573	0.00843	0.01132	0.01506	0.03195	0.73115	0.03804	0.01804	0.00747	0.00239	0.00354	0.07533	0.00539	0.00478
29	0.00687	0.00589	0.00589	0.00589	0.00785	0.00491	0.00442	0.00835	0.01325	0.01571	0.05891	0.05596	0.75700	0.01473	0.00687	0.00196	0.00295	0.01227	0.00540	0.00491

[dist]
# distance from previous block
# <min> <max>
0	1

[block]
# block no. 2 follows, 40 sequences, length 14
# corresponding to MSA columns:
# 343-356
name=unknown_C
#
# <colnr> <probs for GDERKNQSTAVLIFYWHMCP>
#	G	D	E	R	K	N	Q	S	T	A	V	L	I	F	Y	W	H	M	C	P
0	0.01439	0.01382	0.02360	0.03569	0.75936	0.01382	0.01785	0.01785	0.01324	0.01900	0.01094	0.01439	0.00921	0.00518	0.00576	0.00173	0.00691	0.00518	0.00288	0.00921
1	0.00831	0.00623	0.00935	0.00935	0.01038	0.00727	0.00727	0.01038	0.00935	0.01350	0.01558	0.02285	0.01454	0.04361	0.77259	0.00935	0.01558	0.00623	0.00312	0.00519
2	0.00778	0.00560	0.00737	0.00762	0.00859	0.00519	0.00545	0.00985	0.01437	0.02000	0.47268	0.33651	0.04844	0.01437	0.00708	0.00204	0.00299	0.01287	0.00601	0.00519
3	0.01744	0.02077	0.28969	0.01423	0.02010	0.01579	0.01451	0.41503	0.05983	0.02851	0.01334	0.01455	0.00976	0.03219	0.00649	0.00192	0.00708	0.00507	0.00452	0.00917
4	0.01373	0.01569	0.03431	0.02451	0.03039	0.01471	0.73824	0.01863	0.01373	0.01863	0.01176	0.01569	0.00882	0.00490	0.00686	0.00196	0.00980	0.00686	0.00294	0.00784
5	0.01004	0.00877	0.01266	0.01166	0.01230	0.01140	0.00940	0.01180	0.00917	0.01369	0.01247	0.01888	0.01183	0.03052	0.47752	0.00668	0.31687	0.00578	0.00289	0.00565
6	0.00836	0.00601	0.00825	0.00825	0.00891	0.00667	0.00590	0.00968	0.00902	0.01269	0.01658	0.02839	0.01695	0.31790	0.50160	0.00799	0.01195	0.00704	0.00326	0.00458
7	0.01206	0.01034	0.01206	0.00861	0.01378	0.00775	0.00689	0.01464	0.01206	0.01895	0.01034	0.01206	0.00861	0.00431	0.00431	0.00086	0.00431	0.00345	0.00345	0.83118
8	0.01553	0.01431	0.02300	0.02875	0.49020	0.01464	0.10232	0.13248	0.08018	0.02219	0.01263	0.01512	0.01002	0.00567	0.00591	0.00178	0.00697	0.00551	0.00361	0.00915
9	0.00722	0.00512	0.00671	0.00793	0.00823	0.00481	0.00522	0.00813	0.01088	0.01450	0.03073	0.71955	0.03680	0.09277	0.00955	0.00268	0.00359	0.01576	0.00522	0.00461
10	0.01500	0.01635	0.01814	0.34802	0.15807	0.23985	0.01455	0.01829	0.03458	0.01562	0.01025	0.01381	0.00821	0.00611	0.00652	0.00181	0.06008	0.00478	0.00285	0.00710
11	0.00781	0.00593	0.00719	0.00687	0.00843	0.00531	0.00515	0.01016	0.01546	0.02095	0.53904	0.04734	0.27359	0.01277	0.00686	0.00187	0.00281	0.01106	0.00609	0.00531
12	0.01436	0.52743	0.22466	0.01298	0.01899	0.01977	0.07702	0.01778	0.01211	0.01537	0.00903	0.01067	0.00756	0.00511	0.00448	0.00146	0.00716	0.00375	0.00252	0.00779
13	0.01315	0.01438	0.01046	0.00972	0.01214	0.28551	0.00732	0.05299	0.01522	0.01650	0.05905	0.05952	0.39969	0.01115	0.00624	0.00179	0.00589	0.00886	0.00458	0.00586

[dist]
# distance from previous block
# <min> <max>
5	11

[block]
# block no. 3 follows, 40 sequences, length 25
# corresponding to MSA columns:
# 368-392
name=unknown_D
#
# <colnr> <probs for GDERKNQSTAVLIFYWHMCP>
#	G	D	E	R	K	N	Q	S	T	A	V	L	I	F	Y	W	H	M	C	P
0	0.01814	0.01888	0.01313	0.01178	0.01450	0.41170	0.00897	0.10753	0.05668	0.01971	0.01336	0.01485	0.01055	0.00645	0.00500	0.00151	0.00736	0.00458	0.24848	0.00687
1	0.02408	0.01155	0.01423	0.01098	0.01536	0.01120	0.00905	0.23888	0.01958	0.50756	0.02006	0.01816	0.01308	0.00711	0.00574	0.00176	0.00526	0.00564	0.05106	0.00965
2	0.00709	0.00506	0.00675	0.00810	0.00843	0.00472	0.00540	0.00810	0.01113	0.01484	0.03205	0.79184	0.03846	0.01822	0.00742	0.00236	0.00337	0.01653	0.00540	0.00472
3	0.01298	0.01302	0.02336	0.01772	0.02204	0.01301	0.39286	0.02093	0.23252	0.02115	0.14624	0.02235	0.01957	0.00702	0.00658	0.00194	0.00702	0.00742	0.00443	0.00783
4	0.01150	0.01054	0.01621	0.50798	0.07478	0.01144	0.01350	0.01497	0.01185	0.01632	0.01037	0.01442	0.00809	0.00533	0.00536	0.00161	0.00668	0.00466	0.00286	0.25154
5	0.02023	0.00881	0.01170	0.00984	0.01311	0.00792	0.00775	0.06071	0.01558	0.50189	0.02516	0.24875	0.02130	0.01046	0.00631	0.00196	0.00456	0.00899	0.00659	0.00836
6	0.00823	0.00594	0.00777	0.00732	0.00869	0.00549	0.00549	0.01097	0.01646	0.02332	0.75629	0.04344	0.05487	0.01189	0.00686	0.00183	0.00274	0.01052	0.00640	0.00549
7	0.01188	0.07347	0.72403	0.01620	0.02459	0.01404	0.02083	0.01836	0.01225	0.01815	0.01030	0.01211	0.00737	0.00549	0.00542	0.00181	0.00846	0.00423	0.00246	0.00853
8	0.01295	0.01235	0.02100	0.35032	0.45597	0.01344	0.01713	0.01659	0.01256	0.01725	0.01068	0.01486	0.00860	0.00545	0.00578	0.00182	0.00726	0.00518	0.00275	0.00805
9	0.83671	0.01125	0.00855	0.00765	0.01125	0.01305	0.00630	0.01709	0.00990	0.02609	0.00810	0.00945	0.00630	0.00540	0.00360	0.00180	0.00450	0.00315	0.00360	0.00630
10	0.01298	0.01385	0.02559	0.01956	0.02255	0.01569	0.37443	0.01611	0.01133	0.01628	0.01012	0.01475	0.00860	0.00935	0.05363	0.00262	0.35670	0.00604	0.00277	0.00704
11	0.00824	0.00663	0.00992	0.23782	0.01782	0.00716	0.00859	0.01010	0.01128	0.01485	0.02560	0.56129	0.02934	0.01453	0.00694	0.00224	0.00467	0.01316	0.00456	0.00524
12	0.01146	0.02422	0.54335	0.24378	0.02959	0.01333	0.01990	0.01736	0.01208	0.01736	0.01041	0.01324	0.00748	0.00561	0.00561	0.00187	0.00834	0.00456	0.00249	0.00796
13	0.01595	0.01896	0.02807	0.06440	0.02725	0.23959	0.48160	0.01978	0.01442	0.01711	0.01086	0.01413	0.00837	0.00528	0.00632	0.00182	0.00989	0.00584	0.00294	0.00744
14	0.00913	0.00785	0.00805	0.00766	0.01001	0.00775	0.00584	0.01504	0.23171	0.01827	0.04844	0.04579	0.53746	0.01270	0.00659	0.00197	0.00344	0.01058	0.00555	0.00618
15	0.01446	0.01249	0.01315	0.01183	0.01512	0.01446	0.00920	0.03090	0.74885	0.02433	0.02367	0.02170	0.01775	0.00789	0.00592	0.00197	0.00460	0.00657	0.00592	0.00920
16	0.59230	0.01256	0.01620	0.01266	0.01693	0.01354	0.22366	0.01755	0.01103	0.02387	0.00919	0.01130	0.00705	0.00525	0.00457	0.00185	0.00607	0.00425	0.00340	0.00676
17	0.01440	0.01374	0.02303	0.03439	0.71855	0.01385	0.01737	0.01856	0.05357	0.01929	0.01164	0.01479	0.00968	0.00533	0.00577	0.00174	0.00678	0.00526	0.00305	0.00921
18	0.59230	0.01256	0.01620	0.01266	0.01693	0.01354	0.22366	0.01755	0.01103	0.02387	0.00919	0.01130	0.00705	0.00525	0.00457	0.00185	0.00607	0.00425	0.00340	0.00676
19	0.02079	0.00872	0.01180	0.00945	0.01302	0.00764	0.00764	0.02318	0.01659	0.54360	0.24073	0.02682	0.02641	0.00859	0.00615	0.00181	0.00429	0.00723	0.00696	0.00859
20	0.26311	0.01476	0.01477	0.07364	0.01779	0.04547	0.01006	0.43900	0.02047	0.03089	0.01173	0.01261	0.00856	0.00638	0.00514	0.00177	0.00610	0.00455	0.00479	0.00842
21	0.59250	0.01201	0.01302	0.01598	0.23341	0.01327	0.00973	0.01732	0.01089	0.02398	0.00894	0.01092	0.00716	0.00533	0.00424	0.00178	0.00521	0.00375	0.00338	0.00716
22	0.01343	0.01185	0.01442	0.24045	0.02253	0.01401	0.01127	0.02614	0.52991	0.02151	0.01971	0.01986	0.01478	0.00727	0.00589	0.00196	0.00554	0.00616	0.00493	0.00839
23	0.01022	0.00807	0.01147	0.01506	0.22997	0.00807	0.00778	0.01125	0.00988	0.01357	0.01613	0.03103	0.01760	0.56089	0.02252	0.00448	0.00602	0.00748	0.00333	0.00521
24	0.01621	0.01587	0.02931	0.02120	0.02672	0.01569	0.52228	0.23285	0.01777	0.02398	0.01242	0.01517	0.00914	0.00552	0.00655	0.00190	0.00879	0.00638	0.00380	0.00845

[dist]
# distance from previous block
# <min> <max>
0	1

[block]
# block no. 4 follows, 40 sequences, length 28
# corresponding to MSA columns:
# 394-421
name=unknown_E
#
# <colnr> <probs for GDERKNQSTAVLIFYWHMCP>
#	G	D	E	R	K	N	Q	S	T	A	V	L	I	F	Y	W	H	M	C	P
0	0.00743	0.00521	0.00665	0.00766	0.00791	0.00495	0.00493	0.00819	0.01046	0.01395	0.02861	0.60284	0.03412	0.21314	0.01298	0.00318	0.00394	0.01451	0.00493	0.00442
1	0.01441	0.01348	0.02098	0.02971	0.57276	0.01398	0.01568	0.02112	0.19768	0.02033	0.01413	0.01622	0.01135	0.00586	0.00580	0.00179	0.00633	0.00553	0.00364	0.00921
2	0.01324	0.01264	0.02153	0.28729	0.51675	0.01351	0.01727	0.01684	0.01270	0.01760	0.01074	0.01477	0.00872	0.00539	0.00578	0.00180	0.00719	0.00518	0.00278	0.00828
3	0.02275	0.01251	0.01481	0.01157	0.01590	0.01273	0.00948	0.30891	0.08919	0.37924	0.04742	0.01857	0.01447	0.00736	0.00588	0.00180	0.00540	0.00585	0.00650	0.00966
4	0.56008	0.00973	0.00842	0.00755	0.01032	0.01081	0.00579	0.01589	0.01011	0.08510	0.01192	0.01750	0.01071	0.20368	0.01031	0.00276	0.00482	0.00471	0.00389	0.00591
5	0.01304	0.11733	0.31204	0.01458	0.08059	0.12326	0.01375	0.01645	0.01196	0.01548	0.01195	0.01829	0.01101	0.20360	0.01132	0.00266	0.00769	0.00519	0.00284	0.00697
6	0.01344	0.01937	0.27324	0.02875	0.47844	0.01375	0.05304	0.01807	0.01294	0.01879	0.01081	0.01374	0.00857	0.00528	0.00573	0.00178	0.00761	0.00496	0.00274	0.00894
7	0.01216	0.00997	0.01167	0.00876	0.01313	0.00818	0.00697	0.07562	0.01423	0.02132	0.15836	0.01843	0.01788	0.00604	0.00494	0.00113	0.00418	0.00500	0.00423	0.59780
8	0.00765	0.00596	0.00909	0.00949	0.01030	0.00557	0.06774	0.00899	0.01135	0.01517	0.03033	0.72581	0.03594	0.01709	0.00737	0.00233	0.00392	0.01571	0.00519	0.00499
9	0.00722	0.00515	0.00690	0.00825	0.00864	0.00484	0.00563	0.00832	0.01126	0.01499	0.03198	0.75003	0.03817	0.01809	0.00746	0.00238	0.00349	0.05704	0.00540	0.00476
10	0.40603	0.01566	0.01353	0.01457	0.14271	0.20314	0.00971	0.03157	0.01300	0.06059	0.03452	0.01231	0.00920	0.00585	0.00465	0.00171	0.00642	0.00407	0.00364	0.00714
11	0.83671	0.01125	0.00855	0.00765	0.01125	0.01305	0.00630	0.01709	0.00990	0.02609	0.00810	0.00945	0.00630	0.00540	0.00360	0.00180	0.00450	0.00315	0.00360	0.00630
12	0.19917	0.01227	0.01270	0.01075	0.01406	0.01351	0.00854	0.38116	0.03436	0.02858	0.01740	0.20815	0.01642	0.00947	0.00573	0.00192	0.00518	0.00763	0.00522	0.00778
13	0.01054	0.00714	0.00884	0.00903	0.01048	0.00702	0.00647	0.04746	0.10538	0.08126	0.02853	0.56233	0.03131	0.01491	0.00690	0.00218	0.00384	0.01333	0.00556	0.03748
14	0.01185	0.00856	0.01044	0.01033	0.01212	0.00890	0.00825	0.19318	0.01590	0.02107	0.02604	0.25629	0.02809	0.06999	0.00884	0.00257	0.00508	0.29098	0.00535	0.00618
15	0.01166	0.03008	0.76550	0.01657	0.02517	0.01351	0.02149	0.01842	0.01228	0.01842	0.01044	0.01228	0.00737	0.00552	0.00552	0.00184	0.00859	0.00430	0.00246	0.00859
16	0.01177	0.33543	0.01768	0.00915	0.01157	0.01325	0.00783	0.01260	0.00993	0.01272	0.01109	0.01593	0.01049	0.02169	0.26507	0.21194	0.00905	0.00464	0.00271	0.00547
17	0.02316	0.01088	0.01603	0.01670	0.20151	0.00987	0.01088	0.02571	0.01579	0.57675	0.01993	0.01844	0.01310	0.00669	0.00583	0.00178	0.00544	0.00568	0.00611	0.00972
18	0.00698	0.00590	0.00604	0.00600	0.00792	0.00495	0.00450	0.00855	0.01350	0.01630	0.11291	0.05499	0.70263	0.01451	0.00687	0.00195	0.00293	0.01214	0.00548	0.00495
19	0.01016	0.00708	0.00814	0.00830	0.00969	0.00733	0.00602	0.05190	0.14031	0.01983	0.06806	0.38156	0.02842	0.01261	0.00620	0.00198	0.00354	0.01108	0.21179	0.00599
20	0.02114	0.01711	0.01559	0.01273	0.01660	0.20444	0.01016	0.35742	0.05156	0.14354	0.07767	0.01683	0.01414	0.00722	0.00577	0.00171	0.00681	0.00546	0.00538	0.00870
21	0.02127	0.00889	0.01159	0.00923	0.01309	0.00763	0.00751	0.02333	0.01579	0.57592	0.03196	0.02886	0.20058	0.00909	0.00610	0.00184	0.00445	0.00746	0.00675	0.00865
22	0.00693	0.00568	0.00611	0.00644	0.00800	0.00486	0.00466	0.00828	0.01272	0.01549	0.05218	0.24047	0.57684	0.01560	0.00701	0.00206	0.00305	0.01334	0.00540	0.00486
23	0.01709	0.00948	0.01156	0.00980	0.01302	0.00938	0.00776	0.02371	0.23758	0.31545	0.20891	0.02819	0.06444	0.00898	0.00618	0.00187	0.00419	0.00757	0.00652	0.00832
24	0.02509	0.01150	0.01449	0.01111	0.01564	0.01093	0.00918	0.20676	0.01933	0.58117	0.02069	0.01833	0.01327	0.00714	0.00584	0.00179	0.00531	0.00569	0.00685	0.00989
25	0.00908	0.00651	0.00897	0.00986	0.01121	0.00639	0.00840	0.01178	0.01416	0.01889	0.21269	0.06004	0.03883	0.01502	0.00774	0.00246	0.00470	0.54227	0.00562	0.00539
26	0.01805	0.02204	0.01404	0.01326	0.01558	0.57984	0.00977	0.01943	0.01514	0.01439	0.01477	0.20639	0.01526	0.00906	0.00579	0.00171	0.00870	0.00695	0.00360	0.00624
27	0.01419	0.02949	0.57770	0.01618	0.02337	0.20375	0.01892	0.01962	0.01333	0.01737	0.01007	0.01183	0.00740	0.00564	0.00545	0.00176	0.00907	0.00416	0.00259	0.00813

[dist]
# distance from previous block
# <min> <max>
0	1

[block]
# block no. 5 follows, 40 sequences, length 17
# corresponding to MSA columns:
# 423-439
name=unknown_F
#
# <colnr> <probs for GDERKNQSTAVLIFYWHMCP>
#	G	D	E	R	K	N	Q	S	T	A	V	L	I	F	Y	W	H	M	C	P
0	0.01401	0.01356	0.02227	0.03098	0.58755	0.01474	0.01666	0.01696	0.01224	0.01784	0.01018	0.01401	0.00885	0.00634	0.00883	0.00192	0.18656	0.00516	0.00280	0.00855
1	0.01308	0.01091	0.01158	0.01057	0.01309	0.01243	0.00789	0.02572	0.57790	0.02131	0.02243	0.02547	0.01853	0.18977	0.01138	0.00282	0.00484	0.00701	0.00536	0.00789
2	0.01148	0.00604	0.00611	0.00588	0.00742	0.00614	0.00446	0.05508	0.01306	0.02254	0.01868	0.02124	0.01462	0.00679	0.00417	0.00138	0.00292	0.00541	0.78091	0.00568
3	0.01890	0.01390	0.01522	0.01198	0.01588	0.01514	0.00977	0.57165	0.02483	0.03357	0.18536	0.02077	0.02028	0.00811	0.00606	0.00176	0.00556	0.00645	0.00595	0.00887
4	0.01203	0.01011	0.01095	0.01001	0.01268	0.01114	0.00772	0.02334	0.48313	0.02296	0.19745	0.03122	0.12342	0.00971	0.00626	0.00194	0.00396	0.00823	0.00596	0.00778
5	0.01276	0.01078	0.01167	0.01097	0.01358	0.01222	0.00833	0.02564	0.57852	0.02214	0.02560	0.19952	0.02253	0.01027	0.00626	0.00206	0.00432	0.00887	0.00580	0.00817
6	0.01829	0.01475	0.18629	0.01158	0.01652	0.01059	0.01122	0.06114	0.12484	0.34493	0.02442	0.02279	0.11057	0.00789	0.00592	0.00185	0.00555	0.00641	0.00560	0.00884
7	0.00708	0.00509	0.00671	0.00801	0.00841	0.00473	0.00536	0.00811	0.01122	0.01488	0.03308	0.76357	0.06606	0.01808	0.00740	0.00235	0.00336	0.01637	0.00540	0.00473
8	0.01183	0.01084	0.01790	0.27740	0.34664	0.01160	0.01443	0.01527	0.01345	0.01862	0.18283	0.02147	0.01927	0.00694	0.00603	0.00182	0.00623	0.00641	0.00359	0.00744
9	0.01423	0.01333	0.02087	0.06950	0.54961	0.01392	0.01576	0.02070	0.18300	0.02001	0.01385	0.01614	0.01111	0.00584	0.00580	0.00179	0.00642	0.00550	0.00356	0.00906
10	0.00833	0.00615	0.00895	0.00895	0.00985	0.00705	0.00678	0.01013	0.00923	0.01321	0.01594	0.02484	0.01541	0.14239	0.67500	0.00886	0.01427	0.00652	0.00317	0.00497
11	0.00755	0.00544	0.00714	0.00772	0.00852	0.00504	0.00541	0.00928	0.01337	0.01832	0.32797	0.46567	0.06582	0.01554	0.00718	0.00213	0.00310	0.01396	0.00581	0.00504
12	0.00777	0.00543	0.00717	0.00817	0.00885	0.00514	0.00586	0.00936	0.01228	0.01683	0.13812	0.54107	0.03886	0.01633	0.00722	0.00227	0.00350	0.10742	0.05340	0.00496
13	0.20305	0.13301	0.34587	0.01453	0.02060	0.01517	0.10996	0.01774	0.01166	0.01928	0.00957	0.01168	0.00734	0.00561	0.00579	0.00180	0.05265	0.00424	0.00279	0.00767
14	0.20902	0.01811	0.01452	0.11361	0.03314	0.32927	0.01046	0.05898	0.01485	0.12993	0.01134	0.01255	0.00844	0.00605	0.00507	0.00169	0.00764	0.00421	0.00385	0.00728
15	0.01451	0.01548	0.01765	0.01738	0.11304	0.16858	0.01257	0.01604	0.01098	0.01454	0.00895	0.01394	0.00858	0.05358	0.01515	0.00240	0.48221	0.00502	0.00274	0.00665
16	0.01287	0.01507	0.15677	0.01475	0.12306	0.01126	0.01176	0.01957	0.18239	0.02010	0.01352	0.01466	0.01057	0.00549	0.00512	0.00143	0.00556	0.00458	0.00375	0.36772

[dist]
# distance from previous block
# <min> <max>
6	25

[block]
# block no. 6 follows, 40 sequences, length 19
# corresponding to MSA columns:
# 465-483
name=unknown_G
#
# <colnr> <probs for GDERKNQSTAVLIFYWHMCP>
#	G	D	E	R	K	N	Q	S	T	A	V	L	I	F	Y	W	H	M	C	P
0	0.01373	0.01569	0.03431	0.02451	0.03039	0.01471	0.73824	0.01863	0.01373	0.01863	0.01176	0.01569	0.00882	0.00490	0.00686	0.00196	0.00980	0.00686	0.00294	0.00784
1	0.00821	0.00684	0.00685	0.00680	0.00885	0.00569	0.00500	0.00932	0.01400	0.01687	0.05919	0.05681	0.74336	0.01537	0.00737	0.00219	0.00341	0.01252	0.00578	0.00558
2	0.02027	0.01538	0.01642	0.01301	0.01734	0.01718	0.01061	0.56997	0.20032	0.03369	0.01629	0.01582	0.01177	0.00720	0.00584	0.00180	0.00597	0.00556	0.00584	0.00973
3	0.83671	0.01125	0.00855	0.00765	0.01125	0.01305	0.00630	0.01709	0.00990	0.02609	0.00810	0.00945	0.00630	0.00540	0.00360	0.00180	0.00450	0.00315	0.00360	0.00630
4	0.01400	0.01343	0.02119	0.02848	0.50909	0.01483	0.01578	0.01822	0.08493	0.01834	0.01141	0.01472	0.00968	0.00664	0.00894	0.00195	0.19144	0.00530	0.00310	0.00853
5	0.83671	0.01125	0.00855	0.00765	0.01125	0.01305	0.00630	0.01709	0.00990	0.02609	0.00810	0.00945	0.00630	0.00540	0.00360	0.00180	0.00450	0.00315	0.00360	0.00630
6	0.00819	0.00553	0.00642	0.00669	0.00675	0.00546	0.00389	0.00839	0.00898	0.01197	0.02101	0.18537	0.02453	0.64370	0.02526	0.00500	0.00520	0.01003	0.00389	0.00376
7	0.02133	0.01760	0.01691	0.01347	0.01775	0.12768	0.01091	0.56885	0.09352	0.03222	0.01415	0.01418	0.01028	0.00692	0.00574	0.00173	0.00683	0.00514	0.00542	0.00937
8	0.83671	0.01125	0.00855	0.00765	0.01125	0.01305	0.00630	0.01709	0.00990	0.02609	0.00810	0.00945	0.00630	0.00540	0.00360	0.00180	0.00450	0.00315	0.00360	0.00630
9	0.01520	0.01286	0.01356	0.01198	0.01540	0.01481	0.00938	0.09938	0.67917	0.02552	0.02273	0.02095	0.01699	0.00780	0.00591	0.00195	0.00478	0.00645	0.00591	0.00927
10	0.00840	0.00587	0.00753	0.00753	0.00794	0.00628	0.00500	0.00922	0.00881	0.01215	0.01724	0.03206	0.01854	0.49909	0.32258	0.00710	0.00956	0.00758	0.00336	0.00418
11	0.01329	0.01481	0.03169	0.09883	0.03065	0.01422	0.63900	0.01800	0.01351	0.01821	0.01235	0.01758	0.00966	0.00542	0.00680	0.00199	0.00943	0.03396	0.00300	0.00761
12	0.00709	0.00506	0.00675	0.00810	0.00843	0.00472	0.00540	0.00810	0.01113	0.01484	0.03205	0.79184	0.03846	0.01822	0.00742	0.00236	0.00337	0.01653	0.00540	0.00472
13	0.01570	0.00910	0.00980	0.00828	0.01093	0.00949	0.00659	0.23138	0.01715	0.09946	0.01787	0.01919	0.01336	0.00688	0.00476	0.00152	0.00403	0.00541	0.50191	0.00719
14	0.00844	0.00570	0.00663	0.00663	0.00673	0.00580	0.00389	0.00864	0.00854	0.01149	0.01806	0.03659	0.02050	0.72300	0.10135	0.00600	0.00660	0.00824	0.00348	0.00368
15	0.01206	0.01034	0.01206	0.00861	0.01378	0.00775	0.00689	0.01464	0.01206	0.01895	0.01034	0.01206	0.00861	0.00431	0.00431	0.00086	0.00431	0.00345	0.00345	0.83118
16	0.00834	0.00609	0.00863	0.00863	0.00942	0.00688	0.00638	0.00993	0.00913	0.01297	0.01623	0.02646	0.01611	0.22219	0.59616	0.00847	0.01322	0.00676	0.00321	0.00480
17	0.00831	0.00623	0.00935	0.00935	0.01038	0.00727	0.00727	0.01038	0.00935	0.01350	0.01558	0.02285	0.01454	0.04361	0.77259	0.00935	0.01558	0.00623	0.00312	0.00519
18	0.01206	0.01034	0.01206	0.00861	0.01378	0.00775	0.00689	0.01464	0.01206	0.01895	0.01034	0.01206	0.00861	0.00431	0.00431	0.00086	0.00431	0.00345	0.00345	0.83118

[dist]
# distance from previous block
# <min> <max>
0	2

[block]
# block no. 7 follows, 40 sequences, length 8
# corresponding to MSA columns:
# 486-493
name=unknown_H
#
# <colnr> <probs for GDERKNQSTAVLIFYWHMCP>
#	G	D	E	R	K	N	Q	S	T	A	V	L	I	F	Y	W	H	M	C	P
0	0.02211	0.01629	0.01745	0.01338	0.01803	0.01803	0.01105	0.73997	0.02734	0.03665	0.01396	0.01396	0.00989	0.00698	0.00582	0.00175	0.00640	0.00524	0.00582	0.00989
1	0.01206	0.01034	0.01206	0.00861	0.01378	0.00775	0.00689	0.01464	0.01206	0.01895	0.01034	0.01206	0.00861	0.00431	0.00431	0.00086	0.00431	0.00345	0.00345	0.83118
2	0.49940	0.05637	0.01148	0.00912	0.01274	0.01357	0.00749	0.05254	0.15875	0.07428	0.01278	0.01336	0.00971	0.00771	0.03752	0.00213	0.00521	0.00424	0.00432	0.00730
3	0.00856	0.00649	0.00796	0.00749	0.00911	0.00617	0.00565	0.01229	0.07830	0.02230	0.59299	0.04340	0.15338	0.01196	0.00678	0.00186	0.00293	0.01044	0.00622	0.00572
4	0.00709	0.00506	0.00675	0.00810	0.00843	0.00472	0.00540	0.00810	0.01113	0.01484	0.03205	0.79184	0.03846	0.01822	0.00742	0.00236	0.00337	0.01653	0.00540	0.00472
5	0.00842	0.00579	0.00711	0.00711	0.00738	0.00606	0.00449	0.00895	0.00868	0.01185	0.01762	0.03415	0.01945	0.60258	0.22033	0.00659	0.00819	0.00789	0.00342	0.00395
6	0.01206	0.01034	0.01206	0.00861	0.01378	0.00775	0.00689	0.01464	0.01206	0.01895	0.01034	0.01206	0.00861	0.00431	0.00431	0.00086	0.00431	0.00345	0.00345	0.83118
7	0.01416	0.23570	0.17534	0.02467	0.40387	0.01631	0.01638	0.01784	0.01265	0.01740	0.01004	0.01256	0.00835	0.00519	0.00515	0.00162	0.00706	0.00443	0.00268	0.00860

[dist]
# distance from previous block
# <min> <max>
9	33

[block]
# block no. 8 follows, 40 sequences, length 8
# corresponding to MSA columns:
# 538-545
name=unknown_I
#
# <colnr> <probs for GDERKNQSTAVLIFYWHMCP>
#	G	D	E	R	K	N	Q	S	T	A	V	L	I	F	Y	W	H	M	C	P
0	0.21180	0.29444	0.25524	0.01181	0.01756	0.01716	0.01281	0.08582	0.01297	0.02031	0.00938	0.01072	0.00738	0.00544	0.00446	0.00161	0.00657	0.00369	0.00306	0.00777
1	0.21641	0.01638	0.08589	0.01231	0.01708	0.01641	0.01090	0.49860	0.02174	0.03240	0.01222	0.01272	0.00879	0.00646	0.00526	0.00177	0.00615	0.00465	0.00497	0.00891
2	0.01477	0.14608	0.47214	0.01478	0.02187	0.01607	0.01720	0.19124	0.01582	0.02205	0.01092	0.01222	0.00799	0.00579	0.00532	0.00173	0.00770	0.00434	0.00327	0.00873
3	0.01297	0.44518	0.18158	0.01073	0.01561	0.01678	0.01134	0.01608	0.01303	0.01700	0.18795	0.01813	0.01881	0.00675	0.00486	0.00151	0.00589	0.00514	0.00342	0.00723
4	0.01159	0.16988	0.44515	0.01359	0.01969	0.01381	0.01589	0.01630	0.01149	0.01634	0.01122	0.01425	0.00910	0.01455	0.18907	0.00353	0.00982	0.00454	0.00262	0.00756
5	0.01364	0.02167	0.44709	0.01343	0.02049	0.01117	0.01553	0.01858	0.01277	0.11441	0.01202	0.01318	0.00864	0.00538	0.00521	0.00155	0.00686	0.00425	0.00336	0.25077
6	0.01206	0.01034	0.01206	0.00861	0.01378	0.00775	0.00689	0.01464	0.01206	0.01895	0.01034	0.01206	0.00861	0.00431	0.00431	0.00086	0.00431	0.00345	0.00345	0.83118
7	0.01263	0.00917	0.01049	0.00823	0.01203	0.00785	0.00649	0.04662	0.05324	0.05265	0.04643	0.03862	0.01375	0.00605	0.00466	0.00120	0.00396	0.00494	0.20168	0.45931

[dist]
# distance from previous block
# <min> <max>
2	23

[block]
# block no. 9 follows, 40 sequences, length 7
# corresponding to MSA columns:
# 572-578
name=unknown_J
#
# <colnr> <probs for GDERKNQSTAVLIFYWHMCP>
#	G	D	E	R	K	N	Q	S	T	A	V	L	I	F	Y	W	H	M	C	P
0	0.01738	0.01282	0.01773	0.20560	0.07279	0.01339	0.06426	0.25213	0.01777	0.13307	0.01351	0.01509	0.00972	0.00607	0.00568	0.00169	0.00651	0.00517	0.00448	0.12514
1	0.27369	0.01239	0.01279	0.16522	0.01879	0.08025	0.00956	0.10508	0.01439	0.09375	0.07586	0.01681	0.01293	0.00665	0.00512	0.00176	0.00582	0.02282	0.00423	0.06209
2	0.01499	0.01381	0.02275	0.18794	0.36400	0.01453	0.12214	0.14968	0.01555	0.02130	0.01149	0.01474	0.00897	0.00560	0.00594	0.00181	0.00742	0.00544	0.00336	0.00855
3	0.02038	0.01351	0.01644	0.01445	0.08161	0.12214	0.07945	0.02405	0.07322	0.36349	0.04571	0.01792	0.01368	0.00660	0.00575	0.00169	0.00623	0.00560	0.00533	0.08275
4	0.01985	0.01204	0.01542	0.01453	0.12473	0.01167	0.01018	0.15527	0.10911	0.30446	0.01753	0.01688	0.01227	0.00647	0.00558	0.00164	0.00535	0.00533	0.00553	0.14616
5	0.01714	0.01267	0.01674	0.12884	0.15568	0.01276	0.01170	0.23070	0.01732	0.12198	0.01318	0.01458	0.00974	0.00586	0.00544	0.00156	0.00599	0.00486	0.00441	0.20884
6	0.01499	0.00789	0.01044	0.00929	0.01209	0.00698	0.00753	0.01733	0.01476	0.27891	0.16584	0.10437	0.05511	0.01102	0.00654	0.00195	0.00433	0.16687	0.00599	0.09775

[dist]
# distance from previous block
# <min> <max>
50	88

[block]
# block no. 10 follows, 40 sequences, length 7
# corresponding to MSA columns:
# 677-683
name=unknown_K
#
# <colnr> <probs for GDERKNQSTAVLIFYWHMCP>
#	G	D	E	R	K	N	Q	S	T	A	V	L	I	F	Y	W	H	M	C	P
0	0.01449	0.01329	0.08032	0.31148	0.32641	0.01273	0.01623	0.01821	0.01302	0.11973	0.01232	0.01538	0.00922	0.00572	0.00577	0.00183	0.00709	0.00520	0.00333	0.00822
1	0.01330	0.01527	0.12341	0.11124	0.45171	0.01345	0.01676	0.01700	0.01247	0.01805	0.01048	0.01388	0.00862	0.00562	0.00668	0.00175	0.06980	0.00489	0.00281	0.08282
2	0.02037	0.01460	0.01599	0.01236	0.01692	0.01557	0.01012	0.51422	0.10092	0.09394	0.01529	0.01503	0.01094	0.00676	0.00564	0.00166	0.00582	0.00520	0.00565	0.11299
3	0.01223	0.00982	0.01233	0.01031	0.01293	0.00980	0.06563	0.11462	0.13472	0.01933	0.01833	0.11818	0.01792	0.25573	0.01332	0.00294	0.00539	0.00767	0.00440	0.15441
4	0.01229	0.01124	0.01692	0.28475	0.21599	0.01112	0.01295	0.01555	0.01221	0.01754	0.01049	0.01386	0.00847	0.00506	0.00521	0.00146	0.00618	0.00449	0.00300	0.33122
5	0.01791	0.01029	0.01545	0.08239	0.08460	0.00996	0.07086	0.05335	0.04396	0.33122	0.13370	0.02575	0.02061	0.00816	0.00626	0.00190	0.00552	0.06419	0.00566	0.00828
6	0.01344	0.01537	0.12390	0.11106	0.51437	0.01314	0.01719	0.01732	0.01283	0.01847	0.01075	0.01401	0.00875	0.00522	0.00560	0.00169	0.00700	0.00490	0.00284	0.08216

[dist]
# distance from previous block
# <min> <max>
0	22

# created by:
# /software/SequenceAnalysis/GenePrediction/augustus/3.0.1/scripts/msa2prfl.pl ./fixed/BUSCOvEOG7QFXV0.fas
