[name]
unknown

[dist]
# distance from previous block
# <min> <max>
0	475

[block]
# block no. 0 follows, 41 sequences, length 32
# corresponding to MSA columns:
# 502-533
name=unknown_A
#
# <colnr> <probs for GDERKNQSTAVLIFYWHMCP>
#	G	D	E	R	K	N	Q	S	T	A	V	L	I	F	Y	W	H	M	C	P
0	0.00914	0.00636	0.00800	0.00742	0.00908	0.00593	0.00562	0.01236	0.05277	0.05951	0.61269	0.04178	0.12433	0.01156	0.00665	0.00182	0.00292	0.01010	0.00621	0.00574
1	0.00683	0.00569	0.00596	0.00611	0.00782	0.00482	0.00450	0.00826	0.01288	0.01559	0.07775	0.14812	0.64635	0.01483	0.00683	0.00198	0.00294	0.01254	0.00534	0.00482
2	0.00892	0.00671	0.00910	0.10869	0.01295	0.00681	0.00710	0.01235	0.04761	0.02144	0.54519	0.03854	0.04297	0.01075	0.00651	0.00185	0.00358	0.05566	0.04758	0.00567
3	0.00700	0.00539	0.00642	0.00721	0.00824	0.00482	0.00511	0.00826	0.01191	0.01507	0.04222	0.45716	0.33213	0.01642	0.00711	0.00218	0.00324	0.05004	0.00531	0.00475
4	0.01350	0.01543	0.03375	0.02411	0.02989	0.01446	0.74253	0.01832	0.01350	0.01832	0.01157	0.01543	0.00868	0.00482	0.00675	0.00193	0.00964	0.00675	0.00289	0.00771
5	0.01610	0.01282	0.01442	0.01362	0.07359	0.01437	0.00996	0.14104	0.53627	0.07118	0.02077	0.01947	0.01539	0.00737	0.00579	0.00188	0.00500	0.00611	0.00565	0.00920
6	0.00920	0.00672	0.00970	0.02987	0.01105	0.00777	0.00733	0.02538	0.00971	0.03579	0.01534	0.02313	0.01442	0.11424	0.61492	0.00802	0.04264	0.00625	0.00324	0.00525
7	0.00992	0.00637	0.00898	0.00861	0.00987	0.00681	0.00652	0.01180	0.01077	0.08946	0.12076	0.02706	0.02073	0.13858	0.48934	0.00692	0.01117	0.00698	0.00397	0.00538
8	0.01080	0.01017	0.01716	0.78523	0.03940	0.01271	0.01589	0.01461	0.01144	0.01461	0.01017	0.01525	0.00762	0.00572	0.00572	0.00191	0.00762	0.00508	0.00254	0.00635
9	0.01182	0.01214	0.02339	0.49911	0.03582	0.01337	0.28904	0.01601	0.01221	0.01601	0.01069	0.01532	0.00802	0.00538	0.00611	0.00191	0.00838	0.00571	0.00267	0.00687
10	0.00987	0.00499	0.00740	0.00740	0.00740	0.00499	0.00491	0.00749	0.00749	0.00998	0.01027	0.01821	0.01038	0.05197	0.02263	0.79947	0.00499	0.00511	0.00252	0.00252
11	0.01102	0.01048	0.01483	0.07702	0.01539	0.01397	0.01103	0.01242	0.00952	0.01404	0.01360	0.20416	0.01493	0.01159	0.01489	0.00241	0.53188	0.00776	0.00319	0.00587
12	0.02566	0.00973	0.01327	0.01018	0.01460	0.00841	0.00841	0.02788	0.01637	0.76726	0.02257	0.01947	0.01416	0.00708	0.00575	0.00177	0.00487	0.00575	0.00708	0.00973
13	0.01266	0.01200	0.02086	0.10073	0.46917	0.01204	0.10017	0.01572	0.01273	0.01766	0.04827	0.01903	0.06843	0.00705	0.00696	0.05298	0.00661	0.00605	0.00314	0.00775
14	0.01123	0.01129	0.07344	0.08218	0.08444	0.05011	0.08261	0.01494	0.04662	0.04059	0.21429	0.04455	0.11495	0.00901	0.00615	0.00182	0.00534	0.03463	0.06525	0.00655
15	0.00869	0.00758	0.04767	0.00880	0.01030	0.00657	0.05136	0.01077	0.01247	0.01733	0.31509	0.07184	0.03369	0.25390	0.07022	0.00357	0.00541	0.05502	0.00468	0.00504
16	0.00855	0.00630	0.00808	0.00768	0.00915	0.00603	0.00586	0.01210	0.06279	0.02264	0.66855	0.04271	0.05036	0.01170	0.00676	0.00186	0.00297	0.05408	0.00620	0.00562
17	0.01346	0.22698	0.34800	0.03890	0.15862	0.01573	0.06646	0.01793	0.01233	0.03665	0.01016	0.01221	0.00790	0.00524	0.00512	0.00165	0.00750	0.00432	0.00266	0.00820
18	0.05106	0.07202	0.13291	0.08481	0.09672	0.24452	0.08068	0.10678	0.01503	0.01866	0.01006	0.01225	0.00790	0.00581	0.00587	0.00169	0.03800	0.00448	0.00313	0.00762
19	0.00701	0.00504	0.00666	0.00787	0.00829	0.00468	0.00529	0.00810	0.01124	0.01499	0.06454	0.74146	0.05852	0.01755	0.00726	0.00229	0.00328	0.01588	0.00535	0.00468
20	0.01197	0.01155	0.01866	0.57171	0.22220	0.03613	0.01616	0.01561	0.01198	0.01563	0.01028	0.01482	0.00798	0.00557	0.00569	0.00184	0.00750	0.00504	0.00263	0.00705
21	0.01161	0.01443	0.14700	0.43687	0.13161	0.03434	0.04810	0.01588	0.02422	0.01609	0.01259	0.03873	0.03174	0.00621	0.00577	0.00186	0.00750	0.00554	0.00281	0.00710
22	0.01363	0.10186	0.18419	0.02012	0.04594	0.01453	0.44117	0.01826	0.01310	0.05067	0.01270	0.01534	0.02997	0.00534	0.00607	0.00182	0.00854	0.00589	0.00300	0.00787
23	0.01311	0.01246	0.02114	0.18754	0.57706	0.01296	0.01660	0.01647	0.01259	0.01765	0.01168	0.05350	0.01021	0.00587	0.00576	0.00177	0.00679	0.00565	0.00290	0.00828
24	0.01336	0.08090	0.10511	0.15013	0.17716	0.02500	0.01355	0.07714	0.01406	0.05667	0.04411	0.02626	0.01582	0.00815	0.00602	0.00192	0.00649	0.16689	0.00384	0.00743
25	0.00848	0.00714	0.01164	0.11425	0.01530	0.00712	0.10247	0.01041	0.01150	0.01528	0.04678	0.50550	0.04192	0.04350	0.00783	0.00232	0.00483	0.03388	0.00458	0.00527
26	0.01092	0.01029	0.01737	0.75854	0.06516	0.01274	0.01594	0.01472	0.01149	0.01476	0.01019	0.01521	0.00768	0.00570	0.00572	0.00190	0.00760	0.00508	0.00255	0.00645
27	0.00710	0.00506	0.00672	0.00800	0.00836	0.00475	0.00540	0.00812	0.01095	0.01458	0.03103	0.74288	0.03709	0.04358	0.00804	0.00244	0.00346	0.04256	0.00525	0.00463
28	0.01577	0.02110	0.41241	0.01768	0.11536	0.01212	0.07730	0.02067	0.01346	0.21825	0.01372	0.01459	0.00944	0.00578	0.00566	0.00180	0.00739	0.00495	0.00375	0.00881
29	0.00994	0.00497	0.00745	0.00745	0.00745	0.00497	0.00497	0.00745	0.00745	0.00994	0.00994	0.01739	0.00994	0.01987	0.02235	0.83358	0.00497	0.00497	0.00248	0.00248
30	0.01056	0.02315	0.55994	0.01489	0.04699	0.01127	0.01712	0.01568	0.01171	0.01711	0.01469	0.16141	0.01378	0.04807	0.00700	0.00209	0.00728	0.00674	0.00303	0.00750
31	0.05017	0.05663	0.25722	0.06696	0.07499	0.01177	0.01352	0.02100	0.07025	0.24579	0.01616	0.06447	0.01218	0.00686	0.00555	0.00181	0.00627	0.00564	0.00436	0.00840

[dist]
# distance from previous block
# <min> <max>
0	12

[block]
# block no. 1 follows, 41 sequences, length 32
# corresponding to MSA columns:
# 546-577
name=unknown_B
#
# <colnr> <probs for GDERKNQSTAVLIFYWHMCP>
#	G	D	E	R	K	N	Q	S	T	A	V	L	I	F	Y	W	H	M	C	P
0	0.01142	0.00905	0.01691	0.07174	0.07890	0.00896	0.21393	0.01192	0.00995	0.01343	0.01054	0.01649	0.00940	0.01341	0.01537	0.46895	0.00665	0.00551	0.00265	0.00482
1	0.00808	0.00620	0.00805	0.05529	0.01125	0.00605	0.00691	0.01029	0.03556	0.01610	0.06208	0.34338	0.19249	0.01536	0.00720	0.00227	0.00403	0.19904	0.00520	0.00515
2	0.01250	0.01224	0.02192	0.32881	0.32582	0.01306	0.13556	0.01618	0.01243	0.01691	0.01155	0.04596	0.00963	0.00585	0.00596	0.00186	0.00747	0.00583	0.00285	0.00762
3	0.01116	0.13045	0.04629	0.05594	0.06262	0.01034	0.03420	0.01330	0.01196	0.06089	0.02191	0.31903	0.02364	0.01208	0.00704	0.00209	0.04364	0.12285	0.00433	0.00623
4	0.01379	0.48003	0.21984	0.07912	0.01950	0.01903	0.01346	0.01698	0.01157	0.01485	0.00878	0.01077	0.00741	0.00549	0.00534	0.00153	0.05882	0.00369	0.00247	0.00750
5	0.00875	0.00704	0.01114	0.12850	0.01528	0.00814	0.03333	0.01107	0.00983	0.01380	0.01544	0.06793	0.01456	0.03441	0.58498	0.00742	0.01324	0.00662	0.00314	0.00539
6	0.01189	0.07579	0.12919	0.09817	0.06386	0.07693	0.05584	0.01486	0.01116	0.01499	0.01174	0.02927	0.01034	0.01804	0.24999	0.00418	0.10901	0.00531	0.00282	0.00661
7	0.01086	0.00989	0.01641	0.73270	0.03724	0.01225	0.01511	0.01457	0.01151	0.01512	0.01079	0.01574	0.00815	0.00582	0.00563	0.00188	0.00731	0.00512	0.05755	0.00632
8	0.01108	0.01023	0.01766	0.64107	0.06055	0.01222	0.06326	0.01438	0.01132	0.01465	0.01032	0.01550	0.00801	0.00691	0.00726	0.07405	0.00752	0.00520	0.00259	0.00623
9	0.01109	0.00989	0.01359	0.07042	0.01486	0.01259	0.01041	0.01383	0.05989	0.01604	0.05819	0.11560	0.01845	0.01127	0.01262	0.00233	0.38870	0.10978	0.04438	0.00606
10	0.02063	0.02599	0.01571	0.01432	0.01711	0.72871	0.01069	0.02204	0.01579	0.01393	0.00941	0.01174	0.00811	0.03825	0.02210	0.00181	0.01025	0.00394	0.00299	0.00651
11	0.01192	0.01021	0.01190	0.00852	0.01360	0.00766	0.00681	0.01445	0.01190	0.01870	0.01023	0.01195	0.00853	0.00428	0.00426	0.00086	0.00426	0.00341	0.00341	0.83314
12	0.01338	0.01424	0.05679	0.07123	0.43072	0.01345	0.23225	0.01727	0.01286	0.01808	0.01127	0.01507	0.00915	0.00725	0.04974	0.00222	0.00826	0.00563	0.00285	0.00829
13	0.01398	0.01160	0.01360	0.15325	0.01913	0.01337	0.01017	0.06651	0.50248	0.04584	0.03384	0.05821	0.01681	0.00792	0.00591	0.00194	0.00514	0.00668	0.00526	0.00837
14	0.03043	0.01674	0.04957	0.08956	0.38574	0.17822	0.04742	0.03225	0.03827	0.06043	0.01146	0.01393	0.00907	0.00560	0.00560	0.00171	0.00760	0.00490	0.00324	0.00825
15	0.04725	0.13499	0.58433	0.01631	0.07185	0.01461	0.01870	0.01793	0.01202	0.01788	0.00994	0.01178	0.00740	0.00537	0.00515	0.00173	0.00787	0.00410	0.00252	0.00827
16	0.01535	0.80166	0.03000	0.00983	0.01472	0.02266	0.00981	0.01717	0.01166	0.01352	0.00802	0.00927	0.00740	0.00494	0.00370	0.00124	0.00614	0.00308	0.00247	0.00737
17	0.00839	0.00559	0.00629	0.00628	0.00629	0.00559	0.00350	0.00837	0.00836	0.01116	0.01808	0.03749	0.02084	0.79821	0.02912	0.00555	0.00557	0.00833	0.00349	0.00350
18	0.01340	0.10666	0.58312	0.01535	0.02273	0.08068	0.01851	0.06237	0.01332	0.01843	0.01018	0.01182	0.00748	0.00555	0.00528	0.00173	0.00827	0.00414	0.00269	0.00829
19	0.00719	0.00510	0.00667	0.00783	0.00815	0.00479	0.00516	0.00811	0.01085	0.01449	0.04538	0.70543	0.03654	0.09357	0.00943	0.00264	0.00354	0.01538	0.00517	0.00458
20	0.00704	0.00503	0.00669	0.00801	0.00835	0.00469	0.00534	0.00801	0.01099	0.01466	0.03157	0.79454	0.03786	0.01795	0.00733	0.00233	0.00334	0.01627	0.00533	0.00468
21	0.00825	0.00613	0.00901	0.00901	0.00996	0.00706	0.00689	0.01012	0.00917	0.01317	0.01559	0.02370	0.01485	0.10102	0.71812	0.00892	0.01458	0.00632	0.00312	0.00502
22	0.01819	0.02122	0.01763	0.01555	0.03098	0.44422	0.04430	0.06336	0.01438	0.01560	0.00894	0.01160	0.00771	0.00722	0.00956	0.00185	0.25351	0.00437	0.00299	0.00683
23	0.02443	0.00992	0.01329	0.01033	0.01456	0.00890	0.00850	0.06749	0.01657	0.67947	0.02168	0.01941	0.01397	0.00927	0.05237	0.00223	0.00560	0.00576	0.00678	0.00948
24	0.00704	0.00503	0.00669	0.00801	0.00835	0.00469	0.00534	0.00801	0.01099	0.01466	0.03157	0.79454	0.03786	0.01795	0.00733	0.00233	0.00334	0.01627	0.00533	0.00468
25	0.02830	0.02724	0.64236	0.01704	0.05540	0.03717	0.05032	0.01859	0.01245	0.04358	0.01073	0.01254	0.00766	0.00550	0.00549	0.00181	0.00831	0.00440	0.00267	0.00842
26	0.03781	0.00813	0.01149	0.11056	0.11032	0.00888	0.00880	0.02947	0.01127	0.01582	0.05613	0.30691	0.02353	0.14787	0.01157	0.00271	0.07906	0.00996	0.00407	0.00563
27	0.00964	0.00501	0.00733	0.00738	0.00750	0.00495	0.00495	0.00751	0.00790	0.01042	0.01344	0.04986	0.05271	0.01950	0.02090	0.75495	0.00479	0.00580	0.00275	0.00270
28	0.01164	0.01071	0.01765	0.60360	0.07042	0.01286	0.04852	0.05504	0.01220	0.01593	0.01068	0.01594	0.00841	0.03706	0.00735	0.01536	0.03202	0.00529	0.00278	0.00656
29	0.01410	0.01417	0.02645	0.08382	0.08328	0.04717	0.45577	0.04830	0.01399	0.05987	0.01491	0.05522	0.04215	0.00623	0.00644	0.00189	0.00829	0.00692	0.00343	0.00758
30	0.01135	0.02658	0.66101	0.01575	0.02336	0.01256	0.05500	0.01746	0.01210	0.01817	0.01163	0.04334	0.00892	0.00596	0.00549	0.00181	0.00799	0.00488	0.04853	0.00810
31	0.01187	0.02696	0.63738	0.01831	0.06638	0.01345	0.10973	0.01811	0.01230	0.01817	0.01045	0.01260	0.00752	0.00534	0.00561	0.00182	0.00851	0.00459	0.00250	0.00840

[dist]
# distance from previous block
# <min> <max>
4	391

# created by:
# /software/SequenceAnalysis/GenePrediction/augustus/3.0.1/scripts/msa2prfl.pl ./fixed/BUSCOvEOG7M0GFC.fas
