[name]
unknown

[dist]
# distance from previous block
# <min> <max>
7	511

[block]
# block no. 0 follows, 39 sequences, length 13
# corresponding to MSA columns:
# 512-524
name=unknown_A
#
# <colnr> <probs for GDERKNQSTAVLIFYWHMCP>
#	G	D	E	R	K	N	Q	S	T	A	V	L	I	F	Y	W	H	M	C	P
0	0.01212	0.20035	0.01574	0.01022	0.01277	0.01287	0.00855	0.07792	0.08194	0.01699	0.01540	0.02141	0.01400	0.05141	0.38450	0.00568	0.01084	0.03704	0.00364	0.00660
1	0.01594	0.01581	0.02911	0.02127	0.02638	0.01608	0.48888	0.19326	0.01687	0.02296	0.01211	0.01524	0.00912	0.00601	0.00790	0.00200	0.08265	0.00640	0.00367	0.00834
2	0.01450	0.01453	0.02179	0.21516	0.51077	0.08573	0.01709	0.01793	0.01338	0.01783	0.01079	0.01453	0.00884	0.00550	0.00582	0.00179	0.00758	0.00513	0.00287	0.00845
3	0.00843	0.00710	0.00774	0.00683	0.00955	0.00576	0.00523	0.01035	0.01355	0.01766	0.12652	0.04458	0.49220	0.01206	0.00635	0.00171	0.00331	0.01009	0.00512	0.20584
4	0.01047	0.00639	0.00942	0.00925	0.01037	0.00602	0.04208	0.01122	0.01176	0.08602	0.09494	0.34032	0.02907	0.03357	0.01166	0.20370	0.00448	0.06936	0.00488	0.00502
5	0.01231	0.14546	0.46579	0.20141	0.02766	0.01510	0.01869	0.01769	0.01225	0.01709	0.01021	0.01282	0.00760	0.00560	0.00540	0.00180	0.00815	0.00440	0.00253	0.00803
6	0.01117	0.01051	0.01774	0.77795	0.04073	0.01314	0.01642	0.01511	0.01182	0.01511	0.01051	0.01577	0.00788	0.00591	0.00591	0.00197	0.00788	0.00526	0.00263	0.00657
7	0.00817	0.00645	0.00951	0.19595	0.01642	0.00684	0.00816	0.00991	0.01144	0.01510	0.02721	0.59991	0.03150	0.01545	0.00715	0.00230	0.00452	0.01399	0.00479	0.00523
8	0.01733	0.01634	0.02112	0.07398	0.43236	0.11622	0.01546	0.19365	0.01730	0.02279	0.01157	0.01407	0.00921	0.00587	0.00580	0.00174	0.00744	0.00509	0.00365	0.00903
9	0.03308	0.01331	0.08316	0.01432	0.01869	0.01180	0.18620	0.02263	0.21313	0.16289	0.12542	0.02367	0.04899	0.00775	0.00633	0.00193	0.00605	0.00715	0.00522	0.00832
10	0.00848	0.01146	0.19103	0.01024	0.01276	0.00707	0.00949	0.01115	0.01226	0.01702	0.11386	0.50952	0.03341	0.01460	0.00701	0.00221	0.00465	0.01304	0.00488	0.00586
11	0.01186	0.03059	0.76153	0.01686	0.02560	0.01373	0.02185	0.01873	0.01249	0.01873	0.01061	0.01249	0.00749	0.00562	0.00562	0.00187	0.00874	0.00437	0.00250	0.00874
12	0.01266	0.01242	0.02167	0.28846	0.14000	0.01245	0.19496	0.01648	0.01272	0.01773	0.01097	0.01479	0.00860	0.00521	0.00580	0.00168	0.00742	0.00526	0.00298	0.20775

[dist]
# distance from previous block
# <min> <max>
0	2

[block]
# block no. 1 follows, 39 sequences, length 21
# corresponding to MSA columns:
# 527-547
name=unknown_B
#
# <colnr> <probs for GDERKNQSTAVLIFYWHMCP>
#	G	D	E	R	K	N	Q	S	T	A	V	L	I	F	Y	W	H	M	C	P
0	0.00738	0.00596	0.00660	0.00681	0.00839	0.00524	0.00496	0.00928	0.02939	0.01697	0.14252	0.21858	0.48655	0.01525	0.00709	0.00207	0.00310	0.01309	0.00563	0.00512
1	0.02120	0.01573	0.01700	0.01327	0.01770	0.01748	0.01090	0.65196	0.06761	0.03515	0.01486	0.01519	0.01080	0.00938	0.05161	0.00225	0.00696	0.00546	0.00576	0.00973
2	0.46818	0.01018	0.00975	0.05240	0.01292	0.01167	0.00718	0.01738	0.12982	0.02194	0.01141	0.01387	0.00926	0.00931	0.00854	0.18719	0.00491	0.00432	0.00374	0.00604
3	0.51472	0.01142	0.01427	0.01170	0.01534	0.01226	0.16943	0.01624	0.01114	0.02296	0.01306	0.13844	0.01233	0.00751	0.00504	0.00196	0.00560	0.00628	0.00381	0.00650
4	0.02496	0.01259	0.01529	0.01172	0.01635	0.01243	0.00968	0.30300	0.02115	0.47923	0.01979	0.01783	0.01286	0.00723	0.00593	0.00181	0.00560	0.00571	0.00677	0.01006
5	0.01000	0.00734	0.00935	0.01005	0.01136	0.00761	0.00817	0.01396	0.10880	0.01723	0.02751	0.05454	0.02912	0.18928	0.01280	0.00330	0.00541	0.46351	0.00510	0.00554
6	0.02135	0.01039	0.01273	0.01010	0.01388	0.01004	0.00822	0.18321	0.01861	0.40627	0.09044	0.02142	0.01764	0.00766	0.00574	0.00175	0.00478	0.00619	0.14071	0.00889
7	0.01081	0.00840	0.00967	0.00851	0.01121	0.00800	0.00656	0.01642	0.17865	0.04808	0.30345	0.03567	0.17699	0.01032	0.00630	0.00176	0.00360	0.00880	0.00573	0.14109
8	0.00979	0.00754	0.00913	0.00847	0.01030	0.00763	0.00643	0.01571	0.18002	0.02394	0.58882	0.03921	0.04733	0.01118	0.00676	0.00189	0.00321	0.00980	0.00640	0.00643
9	0.20591	0.01119	0.01290	0.01023	0.01443	0.01111	0.00841	0.14083	0.01716	0.43276	0.06210	0.01824	0.01451	0.00716	0.00549	0.00182	0.00504	0.00551	0.00622	0.00897
10	0.01194	0.00895	0.01062	0.00920	0.01176	0.00866	0.00707	0.17369	0.01740	0.02429	0.32017	0.18227	0.03448	0.01101	0.00643	0.00179	0.00401	0.00955	0.00568	0.14104
11	0.00906	0.00727	0.00856	0.00871	0.01028	0.00751	0.00642	0.01395	0.17619	0.01745	0.05111	0.28851	0.21224	0.01935	0.13159	0.00336	0.00562	0.01159	0.00525	0.00597
12	0.00919	0.00643	0.00818	0.00869	0.00951	0.00655	0.00605	0.01208	0.13081	0.01611	0.06929	0.44556	0.03020	0.01688	0.01075	0.18750	0.00398	0.01217	0.00498	0.00509
13	0.01778	0.01980	0.01629	0.13963	0.06299	0.39324	0.01157	0.04119	0.01509	0.03199	0.01023	0.01238	0.00823	0.00569	0.00527	0.00148	0.00835	0.00415	0.00325	0.19139
14	0.04189	0.01922	0.01523	0.01354	0.01676	0.33777	0.01080	0.24762	0.01939	0.02279	0.01570	0.02433	0.01429	0.00870	0.00611	0.00188	0.00800	0.16392	0.00452	0.00755
15	0.01495	0.01292	0.01938	0.07555	0.42064	0.01344	0.01441	0.17726	0.01622	0.02238	0.01529	0.14120	0.01429	0.00789	0.00615	0.00188	0.00638	0.00717	0.00400	0.00859
16	0.00721	0.00515	0.00686	0.00823	0.00858	0.00480	0.00549	0.00823	0.01132	0.01510	0.03259	0.78831	0.03911	0.01853	0.00755	0.00240	0.00343	0.01681	0.00549	0.00480
17	0.01389	0.01030	0.01270	0.01110	0.01358	0.01164	0.00889	0.29182	0.01660	0.02286	0.01520	0.01973	0.01295	0.02990	0.47280	0.00651	0.01222	0.00594	0.00423	0.00713
18	0.00910	0.00583	0.00656	0.00638	0.00790	0.00543	0.00478	0.01160	0.01435	0.02139	0.31770	0.03835	0.19122	0.01070	0.00588	0.00170	0.00282	0.00907	0.32382	0.00543
19	0.02496	0.01259	0.01529	0.01172	0.01635	0.01243	0.00968	0.30300	0.02115	0.47923	0.01979	0.01783	0.01286	0.00723	0.00593	0.00181	0.00560	0.00571	0.00677	0.01006
20	0.02323	0.02874	0.01758	0.01603	0.01915	0.75261	0.01192	0.02435	0.01750	0.01578	0.01054	0.01259	0.00894	0.00700	0.00592	0.00178	0.01100	0.00427	0.00352	0.00755

[dist]
# distance from previous block
# <min> <max>
0	2

[block]
# block no. 2 follows, 39 sequences, length 6
# corresponding to MSA columns:
# 550-555
name=unknown_C
#
# <colnr> <probs for GDERKNQSTAVLIFYWHMCP>
#	G	D	E	R	K	N	Q	S	T	A	V	L	I	F	Y	W	H	M	C	P
0	0.01006	0.00678	0.00868	0.00797	0.00972	0.00642	0.00606	0.01378	0.06698	0.07456	0.65161	0.04099	0.05035	0.01148	0.00684	0.00187	0.00308	0.01009	0.00653	0.00615
1	0.83394	0.01144	0.00869	0.00778	0.01144	0.01327	0.00640	0.01738	0.01006	0.02653	0.00823	0.00961	0.00640	0.00549	0.00366	0.00183	0.00457	0.00320	0.00366	0.00640
2	0.01776	0.01202	0.01346	0.01164	0.01531	0.01316	0.00919	0.03075	0.55668	0.21445	0.02388	0.02156	0.01717	0.00784	0.00600	0.00196	0.00477	0.00650	0.00635	0.00954
3	0.01861	0.02239	0.01410	0.01297	0.01523	0.57146	0.00940	0.01974	0.01465	0.01370	0.01159	0.01790	0.01120	0.20909	0.01173	0.00261	0.00939	0.00505	0.00319	0.00601
4	0.01145	0.01051	0.01632	0.57931	0.03383	0.01178	0.01399	0.01505	0.01194	0.01618	0.01051	0.01486	0.00811	0.00552	0.00552	0.00169	0.00698	0.00480	0.00285	0.21878
5	0.02456	0.00963	0.01309	0.01019	0.01442	0.00835	0.00835	0.02690	0.01691	0.67940	0.10256	0.02274	0.01911	0.00784	0.00606	0.00183	0.00479	0.00646	0.00723	0.00958

[dist]
# distance from previous block
# <min> <max>
5	174

[block]
# block no. 3 follows, 39 sequences, length 7
# corresponding to MSA columns:
# 730-736
name=unknown_D
#
# <colnr> <probs for GDERKNQSTAVLIFYWHMCP>
#	G	D	E	R	K	N	Q	S	T	A	V	L	I	F	Y	W	H	M	C	P
0	0.00794	0.00603	0.00730	0.00698	0.00857	0.00539	0.00524	0.01032	0.01571	0.02128	0.53407	0.04819	0.27541	0.01300	0.00698	0.00190	0.00285	0.01126	0.00619	0.00539
1	0.01117	0.01051	0.01774	0.77795	0.04073	0.01314	0.01642	0.01511	0.01182	0.01511	0.01051	0.01577	0.00788	0.00591	0.00591	0.00197	0.00788	0.00526	0.00263	0.00657
2	0.01752	0.02263	0.11023	0.01376	0.01734	0.43301	0.01155	0.02245	0.13793	0.01810	0.12165	0.01776	0.01647	0.00724	0.00573	0.00170	0.00825	0.00538	0.00399	0.00733
3	0.11373	0.00646	0.00668	0.00671	0.00768	0.00642	0.00437	0.00966	0.01022	0.01485	0.02843	0.12371	0.19081	0.42436	0.01882	0.00399	0.00469	0.00973	0.00425	0.00441
4	0.51770	0.01796	0.01183	0.01068	0.01410	0.30742	0.00836	0.01981	0.01267	0.02184	0.00859	0.01002	0.00688	0.00573	0.00431	0.00171	0.00695	0.00344	0.00342	0.00658
5	0.00973	0.10789	0.01290	0.01003	0.01152	0.01024	0.00815	0.01175	0.00979	0.01379	0.01426	0.02071	0.01334	0.03679	0.61499	0.00793	0.07164	0.00584	0.00304	0.00566
6	0.01322	0.01119	0.01275	0.00953	0.01447	0.00951	0.00760	0.05961	0.12142	0.02113	0.01273	0.01383	0.01021	0.00508	0.00471	0.00110	0.00455	0.00408	0.00402	0.65927

[dist]
# distance from previous block
# <min> <max>
0	136

# created by:
# /software/SequenceAnalysis/GenePrediction/augustus/3.0.1/scripts/msa2prfl.pl ./fixed/BUSCOvEOG70CJWS.fas
