[name]
unknown

[dist]
# distance from previous block
# <min> <max>
1	53

[block]
# block no. 0 follows, 41 sequences, length 71
# corresponding to MSA columns:
# 69-139
name=unknown_A
#
# <colnr> <probs for GDERKNQSTAVLIFYWHMCP>
#	G	D	E	R	K	N	Q	S	T	A	V	L	I	F	Y	W	H	M	C	P
0	0.01109	0.09410	0.00811	0.00586	0.00754	0.00727	0.00462	0.01356	0.01181	0.02005	0.01744	0.02060	0.01408	0.03729	0.00494	0.00148	0.00316	0.00519	0.70632	0.00548
1	0.00719	0.00515	0.00684	0.00781	0.00835	0.00479	0.00533	0.00852	0.01199	0.01625	0.17576	0.64631	0.04103	0.01669	0.00719	0.00222	0.00320	0.01509	0.00550	0.00479
2	0.00868	0.00615	0.00722	0.00700	0.00700	0.00658	0.00425	0.00879	0.00836	0.01132	0.01711	0.03527	0.01964	0.73068	0.02822	0.00528	0.07333	0.00803	0.00338	0.00371
3	0.01083	0.01017	0.01685	0.63423	0.11726	0.01212	0.01507	0.01439	0.01175	0.01514	0.01437	0.01857	0.07300	0.00641	0.00580	0.00189	0.00712	0.00569	0.00281	0.00652
4	0.01318	0.01523	0.05961	0.10951	0.09425	0.01415	0.57079	0.01783	0.01317	0.01793	0.01129	0.01517	0.00854	0.00497	0.00649	0.00190	0.00913	0.00632	0.00283	0.00771
5	0.00817	0.00613	0.00919	0.00919	0.01021	0.00715	0.00715	0.01021	0.00919	0.01328	0.01532	0.02247	0.01430	0.04290	0.77631	0.00919	0.01532	0.00613	0.00306	0.00511
6	0.02439	0.01002	0.01324	0.01034	0.01463	0.00905	0.00848	0.02816	0.09839	0.68449	0.02265	0.01968	0.01453	0.00716	0.00576	0.00179	0.00483	0.00583	0.00694	0.00966
7	0.01370	0.01089	0.01267	0.01170	0.03351	0.01206	0.03692	0.02548	0.51790	0.06291	0.02298	0.10699	0.01875	0.00858	0.00586	0.00191	0.00451	0.00740	0.07706	0.00823
8	0.10342	0.00776	0.00915	0.00971	0.07401	0.00873	0.00678	0.01403	0.01125	0.02017	0.01503	0.01812	0.01218	0.00824	0.03562	0.00188	0.11831	0.00504	0.51468	0.00588
9	0.00831	0.00560	0.00649	0.00649	0.00658	0.00568	0.00378	0.00848	0.00839	0.01128	0.01779	0.03614	0.02023	0.73352	0.09380	0.00586	0.00639	0.00813	0.00343	0.00361
10	0.02123	0.02401	0.01560	0.01396	0.01710	0.62459	0.01058	0.02405	0.08001	0.09873	0.01162	0.01229	0.00900	0.00619	0.00528	0.00155	0.00921	0.00416	0.00366	0.00719
11	0.02060	0.01753	0.10092	0.01351	0.01852	0.01724	0.01201	0.66338	0.02524	0.03405	0.01335	0.01355	0.00945	0.00671	0.00569	0.00173	0.00653	0.00505	0.00535	0.00959
12	0.67682	0.01049	0.00902	0.00796	0.01138	0.01185	0.00652	0.01747	0.01043	0.10717	0.01023	0.01157	0.00778	0.00876	0.07069	0.00241	0.00542	0.00366	0.00389	0.00649
13	0.00743	0.00635	0.00686	0.00664	0.00819	0.00601	0.00495	0.00870	0.01214	0.01482	0.04913	0.04940	0.61333	0.10145	0.01029	0.00238	0.07121	0.01104	0.00486	0.00480
14	0.00817	0.00613	0.00919	0.00919	0.01021	0.00715	0.00715	0.01021	0.00919	0.01328	0.01532	0.02247	0.01430	0.04290	0.77631	0.00919	0.01532	0.00613	0.00306	0.00511
15	0.00697	0.00498	0.00664	0.00796	0.00830	0.00465	0.00531	0.00796	0.01095	0.01460	0.03153	0.79525	0.03783	0.01792	0.00730	0.00232	0.00332	0.01626	0.00531	0.00465
16	0.00691	0.00580	0.00600	0.00595	0.00782	0.00489	0.00446	0.00850	0.01339	0.01629	0.13615	0.05368	0.68225	0.01418	0.00676	0.00192	0.00288	0.01188	0.00542	0.00489
17	0.01005	0.00600	0.00992	0.00909	0.00970	0.00603	0.06906	0.00870	0.00817	0.01103	0.01068	0.01778	0.01031	0.02113	0.10496	0.66979	0.00653	0.00525	0.00258	0.00323
18	0.01395	0.01166	0.01226	0.01082	0.01401	0.01306	0.00848	0.12538	0.52185	0.02411	0.02807	0.02623	0.14755	0.00882	0.00597	0.00191	0.00448	0.00727	0.00572	0.00840
19	0.00738	0.00502	0.00649	0.00767	0.00811	0.00472	0.00516	0.00856	0.01107	0.01535	0.03009	0.70907	0.03525	0.01667	0.00693	0.00221	0.00325	0.01504	0.09722	0.00472
20	0.00837	0.00603	0.00766	0.00833	0.00914	0.00586	0.00580	0.07202	0.01291	0.01739	0.11113	0.64380	0.03720	0.01627	0.00710	0.00221	0.00351	0.01464	0.00546	0.00517
21	0.00812	0.00585	0.00773	0.00763	0.00889	0.00546	0.00581	0.01067	0.01540	0.02157	0.61591	0.11030	0.05023	0.01269	0.00692	0.00194	0.00304	0.09041	0.00610	0.00532
22	0.10054	0.00642	0.00757	0.00711	0.00875	0.00618	0.00539	0.01124	0.01520	0.02259	0.61571	0.04007	0.10986	0.01122	0.00639	0.00181	0.00291	0.00969	0.00590	0.00544
23	0.00785	0.00577	0.00735	0.00711	0.00843	0.00527	0.00527	0.01026	0.01539	0.02138	0.61899	0.10925	0.13130	0.01254	0.00680	0.00186	0.00277	0.01105	0.00610	0.00527
24	0.74712	0.01096	0.00938	0.09412	0.01422	0.01282	0.00727	0.01657	0.00992	0.02443	0.00821	0.00996	0.00635	0.00536	0.00378	0.00179	0.00478	0.00332	0.00343	0.00621
25	0.00699	0.00600	0.00602	0.00598	0.00795	0.00512	0.00449	0.00890	0.03599	0.01571	0.05687	0.05400	0.73792	0.01428	0.00673	0.00193	0.00295	0.01190	0.00533	0.00496
26	0.81415	0.01102	0.00856	0.00760	0.01117	0.01269	0.00626	0.01716	0.00994	0.04866	0.00842	0.00961	0.00644	0.00536	0.00361	0.00177	0.00444	0.00318	0.00365	0.00630
27	0.02174	0.01602	0.01717	0.01316	0.01774	0.01774	0.01087	0.74423	0.02689	0.03605	0.01373	0.01373	0.00973	0.00687	0.00572	0.00172	0.00629	0.00515	0.00572	0.00973
28	0.00899	0.00679	0.00842	0.00784	0.00947	0.00668	0.00593	0.01365	0.12365	0.02308	0.65279	0.03961	0.04865	0.01112	0.00661	0.00182	0.00297	0.00978	0.00623	0.00593
29	0.00817	0.00613	0.00919	0.00919	0.01021	0.00715	0.00715	0.01021	0.00919	0.01328	0.01532	0.02247	0.01430	0.04290	0.77631	0.00919	0.01532	0.00613	0.00306	0.00511
30	0.00832	0.00555	0.00624	0.00624	0.00624	0.00555	0.00347	0.00832	0.00832	0.01109	0.01802	0.03743	0.02080	0.79898	0.02911	0.00555	0.00555	0.00832	0.00347	0.00347
31	0.01251	0.01251	0.01752	0.01502	0.01502	0.01752	0.01251	0.01377	0.00876	0.01377	0.00751	0.01251	0.00751	0.01001	0.01877	0.00250	0.78851	0.00501	0.00250	0.00626
32	0.02566	0.00973	0.01327	0.01018	0.01460	0.00841	0.00841	0.02788	0.01637	0.76726	0.02257	0.01947	0.01416	0.00708	0.00575	0.00177	0.00487	0.00575	0.00708	0.00973
33	0.01423	0.01229	0.01293	0.01164	0.01487	0.01423	0.00905	0.03039	0.75297	0.02393	0.02328	0.02134	0.01746	0.00776	0.00582	0.00194	0.00453	0.00647	0.00582	0.00905
34	0.00697	0.00498	0.00664	0.00796	0.00830	0.00465	0.00531	0.00796	0.01095	0.01460	0.03153	0.79525	0.03783	0.01792	0.00730	0.00232	0.00332	0.01626	0.00531	0.00465
35	0.02174	0.01602	0.01717	0.01316	0.01774	0.01774	0.01087	0.74423	0.02689	0.03605	0.01373	0.01373	0.00973	0.00687	0.00572	0.00172	0.00629	0.00515	0.00572	0.00973
36	0.00832	0.00555	0.00624	0.00624	0.00624	0.00555	0.00347	0.00832	0.00832	0.01109	0.01802	0.03743	0.02080	0.79898	0.02911	0.00555	0.00555	0.00832	0.00347	0.00347
37	0.00696	0.00501	0.00660	0.00788	0.00827	0.00465	0.00527	0.00797	0.01103	0.01464	0.03258	0.76566	0.06674	0.01778	0.00728	0.00231	0.00330	0.01609	0.00531	0.00465
38	0.83938	0.01106	0.00841	0.00752	0.01106	0.01283	0.00619	0.01681	0.00973	0.02566	0.00796	0.00929	0.00619	0.00531	0.00354	0.00177	0.00442	0.00310	0.00354	0.00619
39	0.01350	0.01543	0.03375	0.02411	0.02989	0.01446	0.74253	0.01832	0.01350	0.01832	0.01157	0.01543	0.00868	0.00482	0.00675	0.00193	0.00964	0.00675	0.00289	0.00771
40	0.00922	0.00658	0.00922	0.01053	0.01185	0.00658	0.00922	0.01185	0.01317	0.01712	0.03029	0.06452	0.03292	0.01580	0.00790	0.00263	0.00527	0.72480	0.00527	0.00527
41	0.00697	0.00498	0.00664	0.00796	0.00830	0.00465	0.00531	0.00796	0.01095	0.01460	0.03153	0.79525	0.03783	0.01792	0.00730	0.00232	0.00332	0.01626	0.00531	0.00465
42	0.01529	0.80242	0.02997	0.00979	0.01468	0.02263	0.00979	0.01713	0.01162	0.01346	0.00795	0.00918	0.00734	0.00489	0.00367	0.00122	0.00612	0.00306	0.00245	0.00734
43	0.01147	0.02959	0.76934	0.01630	0.02476	0.01328	0.02113	0.01811	0.01208	0.01811	0.01026	0.01208	0.00725	0.00543	0.00543	0.00181	0.00845	0.00423	0.00242	0.00845
44	0.00697	0.00498	0.00664	0.00796	0.00830	0.00465	0.00531	0.00796	0.01095	0.01460	0.03153	0.79525	0.03783	0.01792	0.00730	0.00232	0.00332	0.01626	0.00531	0.00465
45	0.02566	0.00973	0.01327	0.01018	0.01460	0.00841	0.00841	0.02788	0.01637	0.76726	0.02257	0.01947	0.01416	0.00708	0.00575	0.00177	0.00487	0.00575	0.00708	0.00973
46	0.00695	0.00580	0.00606	0.00600	0.00784	0.00491	0.00450	0.00858	0.01349	0.01652	0.15847	0.05328	0.65979	0.01409	0.00676	0.00191	0.00287	0.01182	0.00545	0.00491
47	0.00697	0.00498	0.00664	0.00796	0.00830	0.00465	0.00531	0.00796	0.01095	0.01460	0.03153	0.79525	0.03783	0.01792	0.00730	0.00232	0.00332	0.01626	0.00531	0.00465
48	0.00994	0.00497	0.00745	0.00745	0.00745	0.00497	0.00497	0.00745	0.00745	0.00994	0.00994	0.01739	0.00994	0.01987	0.02235	0.83358	0.00497	0.00497	0.00248	0.00248
49	0.00810	0.00585	0.00765	0.00720	0.00855	0.00540	0.00540	0.01079	0.01619	0.02294	0.76028	0.04273	0.05397	0.01169	0.00675	0.00180	0.00270	0.01034	0.00630	0.00540
50	0.00697	0.00498	0.00664	0.00796	0.00830	0.00465	0.00531	0.00796	0.01095	0.01460	0.03153	0.79525	0.03783	0.01792	0.00730	0.00232	0.00332	0.01626	0.00531	0.00465
51	0.00922	0.00658	0.00922	0.01053	0.01185	0.00658	0.00922	0.01185	0.01317	0.01712	0.03029	0.06452	0.03292	0.01580	0.00790	0.00263	0.00527	0.72480	0.00527	0.00527
52	0.01111	0.00576	0.00580	0.00564	0.00711	0.00583	0.00427	0.04254	0.01259	0.02191	0.01846	0.02102	0.01446	0.00667	0.00407	0.00135	0.00281	0.00532	0.79776	0.00551
53	0.02566	0.00973	0.01327	0.01018	0.01460	0.00841	0.00841	0.02788	0.01637	0.76726	0.02257	0.01947	0.01416	0.00708	0.00575	0.00177	0.00487	0.00575	0.00708	0.00973
54	0.00693	0.00513	0.00648	0.00757	0.00819	0.00468	0.00513	0.00801	0.01133	0.01476	0.03638	0.65914	0.17081	0.01729	0.00720	0.00225	0.00324	0.01549	0.00531	0.00468
55	0.04912	0.00977	0.01313	0.01010	0.01450	0.00853	0.00834	0.02756	0.01618	0.74589	0.02215	0.01918	0.01393	0.00703	0.00569	0.00177	0.00485	0.00568	0.00698	0.00963
56	0.00922	0.00658	0.00922	0.01053	0.01185	0.00658	0.00922	0.01185	0.01317	0.01712	0.03029	0.06452	0.03292	0.01580	0.00790	0.00263	0.00527	0.72480	0.00527	0.00527
57	0.00994	0.00497	0.00745	0.00745	0.00745	0.00497	0.00497	0.00745	0.00745	0.00994	0.00994	0.01739	0.00994	0.01987	0.02235	0.83358	0.00497	0.00497	0.00248	0.00248
58	0.00832	0.00555	0.00624	0.00624	0.00624	0.00555	0.00347	0.00832	0.00832	0.01109	0.01802	0.03743	0.02080	0.79898	0.02911	0.00555	0.00555	0.00832	0.00347	0.00347
59	0.01186	0.01017	0.01186	0.00847	0.01356	0.00762	0.00678	0.01440	0.01186	0.01864	0.01017	0.01186	0.00847	0.00424	0.00424	0.00085	0.00424	0.00339	0.00339	0.83395
60	0.01143	0.01080	0.01828	0.64585	0.17391	0.01287	0.01620	0.01516	0.01173	0.01537	0.01028	0.01505	0.00789	0.00560	0.00571	0.00187	0.00747	0.00509	0.00260	0.00686
61	0.01080	0.01017	0.01716	0.78523	0.03940	0.01271	0.01589	0.01461	0.01144	0.01461	0.01017	0.01525	0.00762	0.00572	0.00572	0.00191	0.00762	0.00508	0.00254	0.00635
62	0.00834	0.00638	0.00953	0.00943	0.01041	0.00756	0.00736	0.01036	0.00918	0.01330	0.01501	0.02207	0.01403	0.04158	0.74603	0.00893	0.04623	0.00608	0.00304	0.00515
63	0.00697	0.00498	0.00664	0.00796	0.00830	0.00465	0.00531	0.00796	0.01095	0.01460	0.03153	0.79525	0.03783	0.01792	0.00730	0.00232	0.00332	0.01626	0.00531	0.00465
64	0.01186	0.01017	0.01186	0.00847	0.01356	0.00762	0.00678	0.01440	0.01186	0.01864	0.01017	0.01186	0.00847	0.00424	0.00424	0.00085	0.00424	0.00339	0.00339	0.83395
65	0.01358	0.01300	0.02217	0.16485	0.63809	0.01344	0.01727	0.01705	0.01275	0.01798	0.01066	0.01435	0.00881	0.00520	0.00567	0.00173	0.00694	0.00509	0.00278	0.00859
66	0.00792	0.00602	0.00670	0.00663	0.00850	0.00522	0.00512	0.00972	0.01370	0.04545	0.17081	0.05251	0.54885	0.01386	0.00682	0.00197	0.00315	0.07637	0.00554	0.00515
67	0.00832	0.00555	0.00624	0.00624	0.00624	0.00555	0.00347	0.00832	0.00832	0.01109	0.01802	0.03743	0.02080	0.79898	0.02911	0.00555	0.00555	0.00832	0.00347	0.00347
68	0.01090	0.01037	0.01779	0.75628	0.03903	0.01277	0.04353	0.01476	0.01152	0.01476	0.01022	0.01526	0.00766	0.00568	0.00576	0.00191	0.00770	0.00515	0.00255	0.00641
69	0.01964	0.02434	0.01678	0.10748	0.06890	0.63571	0.01205	0.02152	0.01544	0.01438	0.00912	0.01115	0.00751	0.00582	0.00526	0.00154	0.00977	0.00394	0.00289	0.00676
70	0.01542	0.74222	0.02896	0.01018	0.01481	0.05175	0.00994	0.01722	0.01169	0.01349	0.00797	0.00935	0.00735	0.00513	0.00430	0.00128	0.03604	0.00316	0.00247	0.00727

[dist]
# distance from previous block
# <min> <max>
0	3

[block]
# block no. 1 follows, 41 sequences, length 34
# corresponding to MSA columns:
# 143-176
name=unknown_B
#
# <colnr> <probs for GDERKNQSTAVLIFYWHMCP>
#	G	D	E	R	K	N	Q	S	T	A	V	L	I	F	Y	W	H	M	C	P
0	0.59816	0.01140	0.00991	0.00864	0.01205	0.01300	0.00699	0.13267	0.04894	0.02612	0.01083	0.04840	0.00896	0.00682	0.00487	0.03253	0.00469	0.00429	0.00405	0.00669
1	0.01080	0.01017	0.01716	0.78523	0.03940	0.01271	0.01589	0.01461	0.01144	0.01461	0.01017	0.01525	0.00762	0.00572	0.00572	0.00191	0.00762	0.00508	0.00254	0.00635
2	0.00832	0.00555	0.00624	0.00624	0.00624	0.00555	0.00347	0.00832	0.00832	0.01109	0.01802	0.03743	0.02080	0.79898	0.02911	0.00555	0.00555	0.00832	0.00347	0.00347
3	0.01416	0.01359	0.02322	0.03511	0.76330	0.01359	0.01755	0.01755	0.01302	0.01869	0.01076	0.01416	0.00906	0.00510	0.00566	0.00170	0.00680	0.00510	0.00283	0.00906
4	0.01667	0.00780	0.01046	0.00891	0.01177	0.00695	0.00718	0.01908	0.01588	0.38305	0.30780	0.03396	0.05840	0.00995	0.00637	0.00187	0.00400	0.07589	0.00654	0.00747
5	0.00952	0.00618	0.00814	0.00753	0.00912	0.00567	0.00575	0.01218	0.01612	0.08170	0.68032	0.04153	0.05020	0.01145	0.00670	0.00182	0.00295	0.03107	0.00633	0.00574
6	0.00785	0.00584	0.00731	0.00694	0.00840	0.00529	0.00521	0.01032	0.01562	0.02158	0.63277	0.04496	0.18233	0.01220	0.00675	0.00182	0.00273	0.01066	0.00612	0.00529
7	0.29874	0.00798	0.00713	0.00657	0.00887	0.00870	0.00518	0.05956	0.01213	0.02374	0.01465	0.01668	0.01142	0.00621	0.00395	0.00151	0.00350	0.00455	0.49305	0.00590
8	0.00771	0.00583	0.00712	0.00680	0.00831	0.00523	0.00510	0.01006	0.01529	0.02080	0.55971	0.04624	0.25587	0.01249	0.00675	0.00184	0.00276	0.01084	0.00602	0.00523
9	0.00697	0.00498	0.00664	0.00796	0.00830	0.00465	0.00531	0.00796	0.01095	0.01460	0.03153	0.79525	0.03783	0.01792	0.00730	0.00232	0.00332	0.01626	0.00531	0.00465
10	0.02174	0.01602	0.01717	0.01316	0.01774	0.01774	0.01087	0.74423	0.02689	0.03605	0.01373	0.01373	0.00973	0.00687	0.00572	0.00172	0.00629	0.00515	0.00572	0.00973
11	0.36102	0.01018	0.01111	0.00900	0.01298	0.01015	0.00741	0.02285	0.01363	0.44118	0.03638	0.01589	0.01194	0.00647	0.00487	0.00177	0.00463	0.00478	0.00560	0.00816
12	0.00767	0.00583	0.00705	0.00675	0.00828	0.00521	0.00506	0.00996	0.01518	0.02053	0.53483	0.04668	0.28092	0.01259	0.00675	0.00184	0.00276	0.01090	0.00598	0.00521
13	0.01447	0.01241	0.01307	0.01169	0.01497	0.01434	0.00911	0.05319	0.72978	0.02431	0.02298	0.02110	0.01721	0.00773	0.00582	0.00193	0.00458	0.00642	0.00582	0.00908
14	0.01423	0.01229	0.01293	0.01164	0.01487	0.01423	0.00905	0.03039	0.75297	0.02393	0.02328	0.02134	0.01746	0.00776	0.00582	0.00194	0.00453	0.00647	0.00582	0.00905
15	0.16338	0.00655	0.00619	0.00591	0.00776	0.00682	0.00456	0.01451	0.01174	0.04968	0.01684	0.01905	0.01309	0.00643	0.00398	0.00143	0.00307	0.00494	0.64842	0.00565
16	0.00697	0.00498	0.00664	0.00796	0.00830	0.00465	0.00531	0.00796	0.01095	0.01460	0.03153	0.79525	0.03783	0.01792	0.00730	0.00232	0.00332	0.01626	0.00531	0.00465
17	0.02566	0.00973	0.01327	0.01018	0.01460	0.00841	0.00841	0.02788	0.01637	0.76726	0.02257	0.01947	0.01416	0.00708	0.00575	0.00177	0.00487	0.00575	0.00708	0.00973
18	0.00832	0.00555	0.00624	0.00624	0.00624	0.00555	0.00347	0.00832	0.00832	0.01109	0.01802	0.03743	0.02080	0.79898	0.02911	0.00555	0.00555	0.00832	0.00347	0.00347
19	0.00788	0.00584	0.00734	0.00697	0.00841	0.00530	0.00522	0.01037	0.01567	0.02170	0.64459	0.04476	0.17043	0.01215	0.00675	0.00182	0.00273	0.01063	0.00613	0.00530
20	0.01416	0.01359	0.02322	0.03511	0.76330	0.01359	0.01755	0.01755	0.01302	0.01869	0.01076	0.01416	0.00906	0.00510	0.00566	0.00170	0.00680	0.00510	0.00283	0.00906
21	0.01186	0.01017	0.01186	0.00847	0.01356	0.00762	0.00678	0.01440	0.01186	0.01864	0.01017	0.01186	0.00847	0.00424	0.00424	0.00085	0.00424	0.00339	0.00339	0.83395
22	0.02244	0.00902	0.01224	0.00963	0.01349	0.00785	0.00785	0.02474	0.01634	0.63060	0.15802	0.02374	0.02147	0.00793	0.00593	0.00178	0.00447	0.00660	0.00694	0.00894
23	0.00701	0.00580	0.00613	0.00605	0.00788	0.00493	0.00454	0.00868	0.01362	0.01683	0.18690	0.05278	0.63117	0.01397	0.00676	0.00191	0.00286	0.01175	0.00549	0.00493
24	0.02137	0.02726	0.01621	0.01474	0.01768	0.77602	0.01105	0.02284	0.01621	0.01400	0.00884	0.01031	0.00737	0.00589	0.00516	0.00147	0.01031	0.00368	0.00295	0.00663
25	0.02166	0.02407	0.01626	0.01418	0.01754	0.58078	0.01088	0.17297	0.01844	0.05557	0.01053	0.01147	0.00819	0.00615	0.00530	0.00154	0.00921	0.00409	0.00373	0.00743
26	0.00685	0.00569	0.00600	0.00616	0.00784	0.00483	0.00453	0.00830	0.01290	0.01568	0.08710	0.15584	0.62895	0.01483	0.00683	0.00198	0.00295	0.01256	0.00536	0.00483
27	0.02139	0.01585	0.01697	0.01309	0.01760	0.01757	0.01079	0.71064	0.06106	0.03548	0.01418	0.01409	0.01009	0.00691	0.00573	0.00173	0.00621	0.00521	0.00573	0.00970
28	0.00697	0.00498	0.00664	0.00796	0.00830	0.00465	0.00531	0.00796	0.01095	0.01460	0.03153	0.79525	0.03783	0.01792	0.00730	0.00232	0.00332	0.01626	0.00531	0.00465
29	0.00922	0.00658	0.00922	0.01053	0.01185	0.00658	0.00922	0.01185	0.01317	0.01712	0.03029	0.06452	0.03292	0.01580	0.00790	0.00263	0.00527	0.72480	0.00527	0.00527
30	0.01427	0.01187	0.01259	0.01130	0.01451	0.01355	0.00880	0.02920	0.68930	0.05056	0.02498	0.02295	0.05438	0.00807	0.00586	0.00193	0.00446	0.00672	0.00584	0.00887
31	0.00697	0.00498	0.00664	0.00796	0.00830	0.00465	0.00531	0.00796	0.01095	0.01460	0.03153	0.79525	0.03783	0.01792	0.00730	0.00232	0.00332	0.01626	0.00531	0.00465
32	0.83938	0.01106	0.00841	0.00752	0.01106	0.01283	0.00619	0.01681	0.00973	0.02566	0.00796	0.00929	0.00619	0.00531	0.00354	0.00177	0.00442	0.00310	0.00354	0.00619
33	0.00795	0.00585	0.00702	0.00681	0.00833	0.00521	0.00505	0.01001	0.01451	0.03660	0.42501	0.10246	0.29952	0.03122	0.00729	0.00197	0.00293	0.01124	0.00583	0.00520

[dist]
# distance from previous block
# <min> <max>
0	119

# created by:
# /software/SequenceAnalysis/GenePrediction/augustus/3.0.1/scripts/msa2prfl.pl ./fixed/BUSCOvEOG75MPKP.fas
