[name]
unknown

[dist]
# distance from previous block
# <min> <max>
0	302

[block]
# block no. 0 follows, 37 sequences, length 29
# corresponding to MSA columns:
# 327-355
name=unknown_A
#
# <colnr> <probs for GDERKNQSTAVLIFYWHMCP>
#	G	D	E	R	K	N	Q	S	T	A	V	L	I	F	Y	W	H	M	C	P
0	0.01341	0.02885	0.64728	0.01664	0.02496	0.01400	0.02072	0.02111	0.07456	0.06258	0.01294	0.01423	0.00911	0.00613	0.00587	0.00195	0.00847	0.00482	0.00319	0.00918
1	0.00841	0.00611	0.00802	0.03282	0.00969	0.00633	0.00587	0.00935	0.01052	0.01420	0.02547	0.40325	0.02959	0.27493	0.09694	0.00441	0.03217	0.01262	0.00457	0.00472
2	0.00749	0.00619	0.00661	0.00688	0.00871	0.00531	0.00521	0.00910	0.01374	0.01660	0.05658	0.13263	0.61155	0.01600	0.00740	0.00217	0.00337	0.07360	0.00568	0.00519
3	0.06189	0.01203	0.01786	0.34016	0.14053	0.05700	0.07409	0.01641	0.01301	0.01819	0.01428	0.06546	0.01248	0.00736	0.00606	0.00198	0.00723	0.04134	0.08555	0.00710
4	0.02072	0.02385	0.01992	0.02060	0.17191	0.47115	0.04948	0.09964	0.03156	0.01904	0.01091	0.01280	0.00882	0.00622	0.00580	0.00169	0.00963	0.00465	0.00351	0.00811
5	0.00760	0.00539	0.00706	0.00834	0.00866	0.00507	0.00548	0.00856	0.01144	0.01525	0.03228	0.70614	0.03865	0.09642	0.01017	0.00283	0.00379	0.01654	0.00548	0.00484
6	0.01393	0.01620	0.08658	0.02108	0.09518	0.02949	0.21437	0.01707	0.01170	0.01703	0.00988	0.01437	0.00853	0.00813	0.01360	0.00234	0.40424	0.00580	0.00283	0.00764
7	0.00912	0.00913	0.07329	0.01380	0.12923	0.00733	0.00917	0.01119	0.01246	0.01694	0.04830	0.52999	0.07535	0.01544	0.00731	0.00229	0.00457	0.01395	0.00502	0.00611
8	0.01461	0.01605	0.03349	0.02854	0.19854	0.01526	0.56001	0.01942	0.01433	0.01970	0.01218	0.01619	0.00938	0.00523	0.00695	0.00201	0.00961	0.00681	0.00308	0.00859
9	0.00916	0.00672	0.00889	0.00962	0.01114	0.00645	0.00807	0.01180	0.01484	0.01953	0.20731	0.06187	0.15180	0.01564	0.00797	0.00249	0.00458	0.43061	0.00591	0.00560
10	0.01252	0.03021	0.69131	0.01916	0.08765	0.01424	0.02229	0.01933	0.01301	0.01944	0.01103	0.01311	0.00792	0.00578	0.00584	0.00193	0.00890	0.00460	0.00262	0.00910
11	0.01270	0.02640	0.53564	0.02022	0.09908	0.01401	0.12527	0.01896	0.01348	0.01974	0.04851	0.01535	0.01072	0.00602	0.00612	0.00194	0.00874	0.00535	0.00292	0.00883
12	0.01228	0.03166	0.75316	0.01745	0.02649	0.01422	0.02262	0.01939	0.01292	0.01939	0.01099	0.01292	0.00775	0.00582	0.00582	0.00194	0.00905	0.00452	0.00258	0.00905
13	0.01196	0.01128	0.01907	0.68943	0.11980	0.01370	0.01720	0.01599	0.01243	0.01612	0.01095	0.01619	0.00833	0.00605	0.00611	0.00202	0.00806	0.00544	0.00275	0.00712
14	0.01333	0.01152	0.01581	0.29259	0.08585	0.01328	0.01305	0.02232	0.29594	0.03494	0.02019	0.02596	0.02897	0.00841	0.00646	0.00213	0.00634	0.09023	0.00462	0.00808
15	0.05572	0.00984	0.01486	0.31337	0.08119	0.01070	0.01255	0.01745	0.01355	0.16048	0.01960	0.11657	0.01779	0.00963	0.00658	0.00217	0.00638	0.11970	0.00457	0.00732
16	0.00839	0.00588	0.00667	0.00691	0.00730	0.00565	0.00419	0.00882	0.01018	0.01324	0.02856	0.16580	0.14160	0.53408	0.02344	0.00474	0.00508	0.01096	0.00435	0.00415
17	0.01363	0.02336	0.40759	0.08382	0.28719	0.01445	0.02042	0.04302	0.01378	0.01997	0.01129	0.01405	0.00858	0.00576	0.00594	0.00190	0.00826	0.00496	0.00288	0.00915
18	0.01428	0.40287	0.39951	0.01403	0.02121	0.01912	0.01666	0.01887	0.01269	0.01694	0.00977	0.01140	0.00780	0.00553	0.00489	0.00163	0.00782	0.00391	0.00260	0.00846
19	0.01212	0.01344	0.13621	0.01510	0.01877	0.01040	0.19722	0.01537	0.01302	0.07968	0.02260	0.33308	0.03523	0.01179	0.00794	0.00224	0.05337	0.01089	0.00448	0.00706
20	0.01375	0.01778	0.14101	0.04867	0.10814	0.01453	0.47464	0.01886	0.01427	0.01979	0.05668	0.01760	0.01202	0.00577	0.00685	0.00201	0.00927	0.00680	0.00322	0.00833
21	0.01389	0.02167	0.39942	0.18397	0.05497	0.01315	0.01811	0.02005	0.05569	0.09982	0.05051	0.01688	0.01192	0.00655	0.00603	0.00196	0.00780	0.00542	0.00361	0.00859
22	0.01401	0.01513	0.08392	0.19595	0.44970	0.03521	0.01780	0.01821	0.02788	0.01884	0.01279	0.01848	0.01085	0.00640	0.00618	0.00194	0.00758	0.04730	0.00315	0.00868
23	0.01287	0.02802	0.59398	0.02118	0.14286	0.01434	0.06293	0.01930	0.01318	0.01950	0.01115	0.01349	0.00816	0.00572	0.00594	0.00193	0.00883	0.00483	0.00269	0.00911
24	0.01592	0.01615	0.07784	0.13515	0.38323	0.05956	0.01642	0.12612	0.02987	0.02209	0.01242	0.01536	0.00980	0.00606	0.00594	0.00183	0.00742	0.00534	0.04452	0.00898
25	0.01376	0.01568	0.13720	0.09460	0.10324	0.06845	0.13417	0.01767	0.01427	0.06694	0.03102	0.03115	0.06414	0.00918	0.00684	0.00214	0.00759	0.17026	0.00409	0.00760
26	0.01188	0.01386	0.13504	0.43914	0.03125	0.01316	0.01559	0.02753	0.01267	0.01771	0.05537	0.01778	0.01178	0.00707	0.00749	0.00203	0.09063	0.00565	0.07734	0.00705
27	0.00951	0.01066	0.12867	0.01059	0.01282	0.00779	0.02105	0.02336	0.07381	0.01774	0.07064	0.47776	0.03165	0.01540	0.00825	0.05141	0.00477	0.01298	0.00508	0.00608
28	0.01373	0.01061	0.05857	0.01319	0.05848	0.00936	0.06965	0.06908	0.05053	0.13662	0.02433	0.33458	0.02464	0.06460	0.03015	0.00265	0.00578	0.01093	0.00528	0.00723

[dist]
# distance from previous block
# <min> <max>
3	4

[block]
# block no. 1 follows, 37 sequences, length 22
# corresponding to MSA columns:
# 360-381
name=unknown_B
#
# <colnr> <probs for GDERKNQSTAVLIFYWHMCP>
#	G	D	E	R	K	N	Q	S	T	A	V	L	I	F	Y	W	H	M	C	P
0	0.01638	0.09388	0.25127	0.09331	0.08204	0.22759	0.01602	0.05385	0.04593	0.01848	0.01192	0.01520	0.00960	0.00649	0.00574	0.00181	0.00874	0.03033	0.00323	0.00818
1	0.02276	0.01055	0.01524	0.01522	0.13229	0.00958	0.01070	0.02540	0.01641	0.51995	0.02341	0.02742	0.01740	0.00869	0.00650	0.00203	0.00561	0.11475	0.00655	0.00956
2	0.02301	0.01477	0.13599	0.01426	0.01991	0.01084	0.12239	0.02657	0.01631	0.52005	0.02021	0.01890	0.01306	0.00692	0.00627	0.00193	0.00662	0.00606	0.00608	0.00986
3	0.01313	0.01221	0.12948	0.01104	0.03277	0.00919	0.00975	0.01861	0.12394	0.13561	0.29658	0.03414	0.12776	0.01026	0.00665	0.00196	0.00467	0.00874	0.00589	0.00763
4	0.01458	0.01387	0.02308	0.15328	0.58570	0.01444	0.01790	0.01919	0.06119	0.01967	0.01229	0.01584	0.01004	0.00575	0.00608	0.00187	0.00725	0.00555	0.00319	0.00923
5	0.00919	0.00813	0.01117	0.13377	0.12856	0.00795	0.00896	0.01140	0.01338	0.01681	0.04222	0.14114	0.41868	0.01293	0.00695	0.00208	0.00462	0.01116	0.00480	0.00611
6	0.01467	0.01589	0.03256	0.02952	0.25758	0.01518	0.50172	0.01935	0.01429	0.01973	0.01211	0.01608	0.00942	0.00525	0.00686	0.00199	0.00936	0.00667	0.00308	0.00871
7	0.02323	0.01240	0.01955	0.01766	0.13547	0.01145	0.12193	0.06549	0.01710	0.48025	0.01977	0.01891	0.01310	0.00685	0.00630	0.00191	0.00642	0.00617	0.00607	0.00997
8	0.01667	0.02015	0.25157	0.08069	0.25090	0.06135	0.01736	0.06643	0.03514	0.12111	0.01348	0.01524	0.00989	0.00617	0.00598	0.00188	0.00775	0.00520	0.00379	0.00925
9	0.00976	0.01424	0.24358	0.01150	0.01481	0.00912	0.01142	0.01296	0.01082	0.01553	0.01700	0.09998	0.01680	0.17325	0.30556	0.00585	0.01076	0.00746	0.00339	0.00621
10	0.01288	0.01855	0.25226	0.31022	0.25104	0.01408	0.01931	0.01778	0.01297	0.01814	0.01111	0.01489	0.00850	0.00582	0.00601	0.00194	0.00817	0.00515	0.00277	0.00839
11	0.10422	0.13580	0.05366	0.01255	0.03964	0.13285	0.01045	0.02521	0.04046	0.36117	0.01676	0.01595	0.01158	0.00669	0.00545	0.00176	0.00654	0.00499	0.00528	0.00899
12	0.01127	0.00945	0.01442	0.12938	0.01773	0.01001	0.12227	0.03398	0.08420	0.01589	0.01699	0.02897	0.01673	0.38950	0.05134	0.02344	0.00733	0.00762	0.00374	0.00576
13	0.00931	0.00759	0.01113	0.24862	0.01967	0.00812	0.00947	0.01211	0.01418	0.01899	0.27612	0.17742	0.09516	0.01228	0.00706	0.00214	0.00487	0.05477	0.00511	0.00589
14	0.01668	0.01076	0.01568	0.01844	0.24441	0.01038	0.01114	0.03854	0.06370	0.22446	0.22388	0.02733	0.05053	0.00861	0.00647	0.00190	0.00515	0.00758	0.00571	0.00865
15	0.01000	0.00825	0.01277	0.24617	0.02099	0.00983	0.01102	0.01277	0.01120	0.01524	0.01690	0.02867	0.01608	0.04964	0.35600	0.00590	0.04433	0.11488	0.00346	0.00591
16	0.01378	0.01394	0.02606	0.27104	0.30866	0.01451	0.22573	0.01801	0.01354	0.01847	0.01156	0.01593	0.00908	0.00558	0.00642	0.00196	0.00846	0.00597	0.00295	0.00834
17	0.01361	0.01971	0.28407	0.02668	0.39032	0.01363	0.01863	0.01778	0.01283	0.01866	0.01112	0.01464	0.00904	0.00735	0.00823	0.08463	0.03250	0.00510	0.00282	0.00866
18	0.01133	0.01552	0.24517	0.01251	0.01645	0.01078	0.01258	0.08567	0.01268	0.01819	0.01466	0.02038	0.01277	0.06574	0.41034	0.00635	0.01259	0.00593	0.00337	0.00701
19	0.17083	0.02025	0.13047	0.01580	0.09164	0.21009	0.01275	0.10474	0.05173	0.11656	0.01299	0.01381	0.00958	0.00641	0.00548	0.00181	0.00762	0.00468	0.00424	0.00852
20	0.01353	0.01546	0.13186	0.01357	0.01947	0.01136	0.12493	0.04300	0.08650	0.02102	0.01269	0.01443	0.00991	0.00531	0.00539	0.00140	0.00627	0.00474	0.00373	0.45543
21	0.01000	0.01103	0.08677	0.13494	0.13064	0.00925	0.01089	0.01342	0.03857	0.01780	0.06374	0.06050	0.36647	0.01121	0.00671	0.00202	0.00523	0.00957	0.00454	0.00670

[dist]
# distance from previous block
# <min> <max>
163	1458

# created by:
# /software/SequenceAnalysis/GenePrediction/augustus/3.0.1/scripts/msa2prfl.pl ./fixed/BUSCOvEOG7BK6H1.fas
