[name]
unknown

[dist]
# distance from previous block
# <min> <max>
0	148

[block]
# block no. 0 follows, 39 sequences, length 19
# corresponding to MSA columns:
# 148-166
name=unknown_A
#
# <colnr> <probs for GDERKNQSTAVLIFYWHMCP>
#	G	D	E	R	K	N	Q	S	T	A	V	L	I	F	Y	W	H	M	C	P
0	0.01161	0.00977	0.01140	0.01079	0.01306	0.06522	0.05193	0.07020	0.05837	0.01990	0.08191	0.04599	0.16097	0.01242	0.00698	0.00218	0.00531	0.28954	0.06623	0.00622
1	0.00946	0.05780	0.10452	0.01167	0.01429	0.00869	0.12090	0.01180	0.01183	0.01580	0.02598	0.40317	0.08013	0.08491	0.00903	0.00248	0.00545	0.01186	0.00438	0.00585
2	0.02201	0.04252	0.01787	0.01374	0.01816	0.14943	0.01119	0.57105	0.04372	0.03225	0.01338	0.01364	0.00976	0.00688	0.00575	0.00172	0.00718	0.00503	0.00531	0.00940
3	0.01257	0.01240	0.01582	0.13238	0.01866	0.07055	0.01168	0.01453	0.01068	0.01510	0.01078	0.06072	0.01033	0.01153	0.06918	0.00268	0.39137	0.00564	0.00297	0.12043
4	0.01733	0.01641	0.13113	0.01313	0.01780	0.01518	0.01180	0.23167	0.37331	0.07916	0.01909	0.01818	0.01387	0.00733	0.00592	0.00191	0.00586	0.00588	0.00553	0.00951
5	0.00928	0.00716	0.00865	0.00832	0.01010	0.00705	0.00643	0.01404	0.12925	0.02211	0.46121	0.04499	0.14854	0.01233	0.00696	0.00200	0.00340	0.08595	0.00617	0.00607
6	0.01319	0.01172	0.01821	0.60337	0.09079	0.01402	0.01575	0.12750	0.01444	0.01888	0.01113	0.01544	0.00833	0.00605	0.00591	0.00192	0.00760	0.00527	0.00316	0.00732
7	0.01371	0.01310	0.02232	0.23546	0.56340	0.01381	0.01769	0.01733	0.01303	0.01819	0.01096	0.01494	0.00897	0.00544	0.00587	0.00181	0.00726	0.00527	0.00285	0.00862
8	0.01240	0.01181	0.01792	0.19099	0.02156	0.01538	0.06641	0.01474	0.01042	0.01562	0.00995	0.01479	0.00867	0.00856	0.01373	0.00227	0.46205	0.00536	0.09087	0.00650
9	0.00721	0.00515	0.00686	0.00823	0.00858	0.00480	0.00549	0.00823	0.01132	0.01510	0.03259	0.78831	0.03911	0.01853	0.00755	0.00240	0.00343	0.01681	0.00549	0.00480
10	0.01117	0.01051	0.01774	0.77795	0.04073	0.01314	0.01642	0.01511	0.01182	0.01511	0.01051	0.01577	0.00788	0.00591	0.00591	0.00197	0.00788	0.00526	0.00263	0.00657
11	0.01509	0.01410	0.02330	0.06272	0.67338	0.01434	0.01757	0.07139	0.01447	0.02050	0.01133	0.01465	0.00936	0.00543	0.00586	0.00177	0.00702	0.00527	0.00314	0.00931
12	0.01390	0.01179	0.01277	0.01186	0.01489	0.01348	0.00939	0.02844	0.63079	0.02364	0.02520	0.02901	0.02054	0.00932	0.00635	0.00212	0.00480	0.11704	0.00593	0.00875
13	0.01117	0.01051	0.01774	0.77795	0.04073	0.01314	0.01642	0.01511	0.01182	0.01511	0.01051	0.01577	0.00788	0.00591	0.00591	0.00197	0.00788	0.00526	0.00263	0.00657
14	0.28664	0.00730	0.00746	0.00800	0.00945	0.00770	0.00571	0.01134	0.01078	0.01880	0.02375	0.49218	0.02729	0.04817	0.00723	0.00236	0.00392	0.01185	0.00479	0.00529
15	0.01415	0.02739	0.64510	0.01587	0.02396	0.01295	0.01980	0.02030	0.01318	0.13404	0.01259	0.01368	0.00860	0.00588	0.00567	0.00187	0.00816	0.00462	0.00325	0.00895
16	0.00719	0.00521	0.00680	0.00808	0.00854	0.00482	0.00542	0.00825	0.01147	0.01516	0.03452	0.73678	0.08940	0.01828	0.00751	0.00237	0.00340	0.01651	0.00549	0.00482
17	0.00721	0.00515	0.00686	0.00823	0.00858	0.00480	0.00549	0.00823	0.01132	0.01510	0.03259	0.78831	0.03911	0.01853	0.00755	0.00240	0.00343	0.01681	0.00549	0.00480
18	0.01100	0.01031	0.01431	0.01306	0.01318	0.01362	0.01042	0.01221	0.00982	0.01452	0.01615	0.27495	0.01836	0.01311	0.01540	0.00252	0.51847	0.00911	0.00357	0.00591

[dist]
# distance from previous block
# <min> <max>
0	1

[block]
# block no. 1 follows, 39 sequences, length 19
# corresponding to MSA columns:
# 168-186
name=unknown_B
#
# <colnr> <probs for GDERKNQSTAVLIFYWHMCP>
#	G	D	E	R	K	N	Q	S	T	A	V	L	I	F	Y	W	H	M	C	P
0	0.01186	0.03059	0.76153	0.01686	0.02560	0.01373	0.02185	0.01873	0.01249	0.01873	0.01061	0.01249	0.00749	0.00562	0.00562	0.00187	0.00874	0.00437	0.00250	0.00874
1	0.00845	0.00634	0.00950	0.00950	0.01056	0.00739	0.00739	0.01056	0.00950	0.01373	0.01584	0.02323	0.01478	0.04435	0.76873	0.00950	0.01584	0.00634	0.00317	0.00528
2	0.01186	0.03059	0.76153	0.01686	0.02560	0.01373	0.02185	0.01873	0.01249	0.01873	0.01061	0.01249	0.00749	0.00562	0.00562	0.00187	0.00874	0.00437	0.00250	0.00874
3	0.01518	0.67377	0.14743	0.01119	0.01684	0.02186	0.01199	0.01787	0.01209	0.01468	0.00860	0.00996	0.00757	0.00515	0.00409	0.00136	0.00671	0.00335	0.00252	0.00777
4	0.01186	0.03059	0.76153	0.01686	0.02560	0.01373	0.02185	0.01873	0.01249	0.01873	0.01061	0.01249	0.00749	0.00562	0.00562	0.00187	0.00874	0.00437	0.00250	0.00874
5	0.00699	0.00599	0.00599	0.00599	0.00799	0.00499	0.00449	0.00849	0.01348	0.01598	0.05991	0.05691	0.75288	0.01498	0.00699	0.00200	0.00300	0.01248	0.00549	0.00499
6	0.01429	0.50092	0.31247	0.01271	0.01919	0.01968	0.01464	0.01810	0.01220	0.01577	0.00914	0.01064	0.00755	0.00527	0.00450	0.00150	0.00726	0.00363	0.00252	0.00803
7	0.10056	0.00906	0.00947	0.05355	0.01214	0.00986	0.00681	0.16795	0.04385	0.02544	0.01671	0.01870	0.01283	0.00677	0.00464	0.00157	0.00412	0.00526	0.48393	0.00678
8	0.00721	0.00515	0.00686	0.00823	0.00858	0.00480	0.00549	0.00823	0.01132	0.01510	0.03259	0.78831	0.03911	0.01853	0.00755	0.00240	0.00343	0.01681	0.00549	0.00480
9	0.01220	0.01326	0.02758	0.02039	0.02509	0.01236	0.54608	0.01621	0.01351	0.01805	0.02016	0.13762	0.09216	0.00810	0.00707	0.00206	0.00824	0.00905	0.00363	0.00718
10	0.01423	0.01379	0.02399	0.11399	0.63679	0.01401	0.06043	0.01788	0.01332	0.01885	0.01111	0.01483	0.00919	0.00532	0.00593	0.00179	0.00729	0.00537	0.00290	0.00899
11	0.01211	0.07880	0.71550	0.01643	0.02494	0.01434	0.02111	0.01866	0.01246	0.01842	0.01046	0.01230	0.00750	0.00558	0.00550	0.00183	0.00859	0.00429	0.00250	0.00867
12	0.01120	0.01057	0.00979	0.00935	0.01102	0.16116	0.00709	0.01363	0.01620	0.02088	0.50352	0.07915	0.04331	0.01156	0.00677	0.00189	0.00465	0.06682	0.00566	0.00579
13	0.01208	0.07350	0.72056	0.01648	0.02501	0.01428	0.02119	0.01867	0.01246	0.01846	0.01048	0.01232	0.00750	0.00559	0.00552	0.00184	0.00860	0.00430	0.00250	0.00868
14	0.01251	0.15692	0.64091	0.01574	0.02388	0.01533	0.01991	0.01856	0.01241	0.01793	0.01022	0.01199	0.00751	0.00553	0.00532	0.00177	0.00834	0.00417	0.00250	0.00855
15	0.00727	0.00520	0.00692	0.00819	0.00859	0.00485	0.00549	0.00841	0.01164	0.01561	0.07533	0.74411	0.04010	0.01815	0.00751	0.00237	0.00339	0.01645	0.00555	0.00485
16	0.01433	0.01390	0.02421	0.09249	0.65481	0.01404	0.06311	0.01797	0.01337	0.01897	0.01113	0.01481	0.00923	0.00530	0.00593	0.00179	0.00728	0.00538	0.00291	0.00907
17	0.08251	0.04477	0.06191	0.01346	0.01820	0.04558	0.04989	0.50446	0.02297	0.03142	0.01564	0.01600	0.05224	0.00712	0.00575	0.00178	0.00663	0.00547	0.00513	0.00908
18	0.01427	0.01380	0.02392	0.10638	0.65327	0.01401	0.05154	0.01790	0.01333	0.01890	0.01110	0.01481	0.00921	0.00532	0.00591	0.00179	0.00725	0.00535	0.00290	0.00904

[dist]
# distance from previous block
# <min> <max>
0	3

[block]
# block no. 2 follows, 39 sequences, length 8
# corresponding to MSA columns:
# 190-197
name=unknown_C
#
# <colnr> <probs for GDERKNQSTAVLIFYWHMCP>
#	G	D	E	R	K	N	Q	S	T	A	V	L	I	F	Y	W	H	M	C	P
0	0.00721	0.00515	0.00686	0.00823	0.00858	0.00480	0.00549	0.00823	0.01132	0.01510	0.03259	0.78831	0.03911	0.01853	0.00755	0.00240	0.00343	0.01681	0.00549	0.00480
1	0.01246	0.02641	0.55427	0.01916	0.02711	0.01408	0.22492	0.01879	0.01291	0.01879	0.01100	0.01347	0.00791	0.00544	0.00601	0.00191	0.00909	0.00511	0.00264	0.00852
2	0.01600	0.04335	0.01526	0.14605	0.01963	0.01424	0.01056	0.34697	0.08579	0.02641	0.02379	0.02539	0.15600	0.00879	0.00614	0.00189	0.00585	0.03468	0.00511	0.00812
3	0.01245	0.01644	0.15649	0.01963	0.02491	0.01307	0.43110	0.01716	0.01400	0.01960	0.15576	0.02069	0.01778	0.00675	0.00735	0.00198	0.04653	0.00716	0.00357	0.00757
4	0.16895	0.00756	0.00888	0.14275	0.01461	0.00797	0.00730	0.01130	0.01179	0.01758	0.03193	0.28754	0.23538	0.01273	0.00634	0.00210	0.00431	0.01087	0.00463	0.00548
5	0.01547	0.01772	0.16663	0.02852	0.48358	0.01474	0.01766	0.14433	0.01579	0.02236	0.01156	0.01414	0.00912	0.00566	0.00582	0.00178	0.00727	0.00510	0.00337	0.00937
6	0.01448	0.01604	0.15925	0.01234	0.01721	0.01339	0.01142	0.12617	0.33598	0.02400	0.01932	0.01898	0.04762	0.00711	0.00568	0.00175	0.00560	0.00575	0.00485	0.15305
7	0.01103	0.00770	0.00917	0.00903	0.01115	0.00754	0.00718	0.01567	0.14247	0.09133	0.11186	0.11434	0.24163	0.01336	0.00705	0.00218	0.00410	0.18094	0.00586	0.00641

[dist]
# distance from previous block
# <min> <max>
10	21

[block]
# block no. 3 follows, 39 sequences, length 67
# corresponding to MSA columns:
# 219-285
name=unknown_D
#
# <colnr> <probs for GDERKNQSTAVLIFYWHMCP>
#	G	D	E	R	K	N	Q	S	T	A	V	L	I	F	Y	W	H	M	C	P
0	0.01636	0.36761	0.10742	0.01184	0.01699	0.01883	0.01137	0.17082	0.13399	0.02147	0.01246	0.01303	0.00987	0.00599	0.00485	0.00154	0.00625	0.00435	0.00387	0.06111
1	0.01660	0.12343	0.36252	0.01536	0.02128	0.32846	0.01608	0.02063	0.01420	0.01637	0.00971	0.01136	0.00756	0.00575	0.00528	0.00165	0.00924	0.00399	0.00273	0.00782
2	0.01500	0.11155	0.09221	0.03413	0.03360	0.09069	0.08661	0.03988	0.05633	0.05458	0.01178	0.01332	0.00925	0.00532	0.00509	0.00139	0.00655	0.00439	0.00355	0.32478
3	0.01837	0.01489	0.01800	0.13665	0.11176	0.03003	0.01277	0.40514	0.10647	0.02863	0.01401	0.01530	0.01042	0.00693	0.00654	0.00186	0.04285	0.00543	0.00484	0.00912
4	0.01631	0.01435	0.02157	0.11013	0.38792	0.01519	0.05744	0.21019	0.06566	0.02398	0.01278	0.01521	0.00994	0.00599	0.00595	0.00182	0.00700	0.00548	0.00390	0.00916
5	0.01283	0.05542	0.01151	0.00894	0.01184	0.01017	0.00720	0.21914	0.01828	0.04396	0.18578	0.03841	0.31646	0.01135	0.00649	0.00187	0.00426	0.02351	0.00570	0.00687
6	0.06947	0.45106	0.10110	0.01194	0.01676	0.14842	0.01145	0.06492	0.02553	0.01700	0.00925	0.01061	0.00784	0.00565	0.00484	0.00149	0.02840	0.00365	0.00296	0.00766
7	0.01206	0.01071	0.01535	0.01161	0.01607	0.00896	0.13040	0.04486	0.01304	0.01921	0.01497	0.15542	0.01442	0.00719	0.00547	0.00138	0.00525	0.00661	0.00388	0.50313
8	0.01414	0.03847	0.40317	0.01466	0.02075	0.05332	0.02914	0.13640	0.09044	0.02131	0.01331	0.01597	0.01036	0.05878	0.05194	0.00254	0.00825	0.00515	0.00357	0.00835
9	0.01470	0.01366	0.09154	0.01198	0.01572	0.01313	0.01022	0.05267	0.49876	0.07768	0.06543	0.07102	0.01996	0.00860	0.00612	0.00199	0.00501	0.00722	0.00573	0.00886
10	0.00965	0.00745	0.02078	0.00850	0.01022	0.00687	0.00643	0.08526	0.01575	0.02179	0.37380	0.27837	0.06620	0.01326	0.00690	0.00198	0.00356	0.01172	0.00588	0.04564
11	0.01906	0.01694	0.22330	0.01531	0.02122	0.01149	0.16870	0.03630	0.01526	0.35654	0.04356	0.01789	0.01286	0.00652	0.00612	0.00188	0.00706	0.00590	0.00501	0.00909
12	0.01250	0.02651	0.57393	0.01949	0.10105	0.01394	0.09579	0.01928	0.04694	0.01909	0.01144	0.01352	0.00833	0.00563	0.00580	0.00188	0.00850	0.00485	0.00276	0.00875
13	0.01066	0.00580	0.00820	0.00810	0.00842	0.00587	0.00553	0.05023	0.00926	0.01236	0.01285	0.09881	0.01329	0.01955	0.02047	0.69287	0.00504	0.00638	0.00307	0.00324
14	0.10254	0.01332	0.01983	0.02680	0.48162	0.01365	0.01461	0.05537	0.09116	0.10334	0.01368	0.01548	0.01059	0.00590	0.00565	0.00180	0.00628	0.00528	0.00396	0.00917
15	0.01616	0.01732	0.02220	0.02867	0.47174	0.19044	0.04947	0.01905	0.01379	0.01764	0.01035	0.01359	0.00877	0.00598	0.00721	0.00180	0.08948	0.00500	0.00292	0.00841
16	0.01423	0.01607	0.11650	0.04679	0.65120	0.01400	0.01858	0.01817	0.01331	0.01917	0.01105	0.01439	0.00911	0.00532	0.00583	0.00177	0.00726	0.00516	0.00287	0.00924
17	0.00721	0.00515	0.00686	0.00823	0.00858	0.00480	0.00549	0.00823	0.01132	0.01510	0.03259	0.78831	0.03911	0.01853	0.00755	0.00240	0.00343	0.01681	0.00549	0.00480
18	0.01226	0.01392	0.09776	0.46326	0.18514	0.01359	0.09682	0.01653	0.01247	0.01677	0.01081	0.01522	0.00827	0.00565	0.00599	0.00192	0.00803	0.00536	0.00272	0.00753
19	0.01797	0.01355	0.09117	0.01237	0.01627	0.01277	0.01081	0.02692	0.33267	0.26401	0.02092	0.02070	0.01520	0.00802	0.00742	0.00202	0.08695	0.02544	0.00570	0.00912
20	0.02531	0.01034	0.01369	0.01068	0.01513	0.00931	0.00876	0.02909	0.09210	0.68348	0.02341	0.02033	0.01499	0.00739	0.00595	0.00185	0.00500	0.00602	0.00718	0.00999
21	0.01984	0.06397	0.01680	0.01420	0.01738	0.51543	0.01092	0.04555	0.18246	0.01744	0.01260	0.01337	0.01007	0.00663	0.00581	0.00166	0.03005	0.00451	0.00377	0.00755
22	0.01496	0.36756	0.32005	0.01282	0.01909	0.01718	0.01452	0.01889	0.01258	0.09284	0.01114	0.01250	0.00865	0.00757	0.04468	0.00200	0.00765	0.00410	0.00304	0.00818
23	0.00945	0.00641	0.00744	0.00715	0.00915	0.00558	0.00547	0.01136	0.01446	0.09456	0.21093	0.09335	0.44255	0.01380	0.00697	0.00201	0.00330	0.04449	0.00591	0.00566
24	0.01077	0.00709	0.00886	0.00843	0.00992	0.00781	0.00650	0.08643	0.01232	0.01883	0.01697	0.02271	0.01477	0.06701	0.39553	0.00579	0.00997	0.00607	0.27846	0.00576
25	0.01312	0.07489	0.51623	0.13912	0.02661	0.01474	0.01910	0.09350	0.01396	0.01979	0.01082	0.01300	0.00783	0.00579	0.00558	0.00184	0.00821	0.00454	0.00288	0.00845
26	0.01464	0.01405	0.02400	0.03630	0.75528	0.01405	0.01815	0.01815	0.01347	0.01932	0.01112	0.01464	0.00937	0.00527	0.00585	0.00176	0.00703	0.00527	0.00293	0.00937
27	0.01007	0.00637	0.00829	0.00775	0.00941	0.00579	0.00583	0.01254	0.01599	0.09973	0.55679	0.11933	0.09441	0.01244	0.00693	0.00192	0.00311	0.01094	0.00642	0.00593
28	0.01490	0.01374	0.02216	0.07121	0.60568	0.01401	0.01668	0.09163	0.01486	0.02079	0.01377	0.01670	0.04534	0.00596	0.00592	0.00178	0.00682	0.00562	0.00334	0.00908
29	0.05881	0.45179	0.10454	0.01282	0.01793	0.01901	0.09580	0.01887	0.01251	0.09269	0.01044	0.01188	0.00842	0.00570	0.00557	0.00159	0.05644	0.00415	0.00314	0.00788
30	0.01611	0.75858	0.03030	0.01037	0.01533	0.05946	0.01018	0.01799	0.01225	0.01394	0.00827	0.00954	0.00759	0.00511	0.00387	0.00128	0.00653	0.00319	0.00255	0.00755
31	0.00862	0.00620	0.00829	0.00843	0.00976	0.00587	0.00666	0.01129	0.01557	0.02156	0.51224	0.09378	0.04885	0.01363	0.00734	0.00213	0.00356	0.20456	0.00616	0.00550
32	0.01474	0.47172	0.29659	0.01288	0.01916	0.06351	0.01447	0.01843	0.01247	0.01570	0.00915	0.01065	0.00756	0.00532	0.00455	0.00150	0.00746	0.00364	0.00255	0.00797
33	0.01407	0.01340	0.02242	0.15634	0.59977	0.01394	0.01741	0.01835	0.05137	0.01891	0.01170	0.01521	0.00958	0.00552	0.00587	0.00180	0.00704	0.00534	0.00304	0.00891
34	0.00796	0.00607	0.00822	0.00917	0.00954	0.00633	0.00653	0.00912	0.01123	0.01517	0.02990	0.66049	0.03549	0.01753	0.00884	0.00244	0.08541	0.06035	0.00518	0.00502
35	0.01385	0.01324	0.02240	0.12568	0.63289	0.01352	0.01730	0.01733	0.01327	0.01865	0.01333	0.01675	0.04392	0.00580	0.00591	0.00179	0.00694	0.00560	0.00301	0.00882
36	0.01208	0.02905	0.68507	0.01770	0.02615	0.01386	0.09676	0.01875	0.01264	0.01875	0.01075	0.01285	0.00765	0.00555	0.00576	0.00189	0.00887	0.00464	0.00255	0.00866
37	0.02234	0.01239	0.09065	0.01131	0.01591	0.00986	0.01000	0.02680	0.10467	0.53085	0.08160	0.02191	0.01792	0.00781	0.00613	0.00191	0.00529	0.00635	0.00668	0.00962
38	0.02234	0.02831	0.01694	0.01541	0.01847	0.76493	0.01154	0.02378	0.01692	0.01476	0.00945	0.01109	0.00791	0.00629	0.00546	0.00158	0.01074	0.00391	0.00315	0.00701
39	0.01615	0.01383	0.02309	0.03371	0.67545	0.01364	0.01725	0.01944	0.01400	0.09603	0.01268	0.01561	0.01020	0.00568	0.00599	0.00182	0.00691	0.00543	0.00349	0.00958
40	0.01521	0.01330	0.02061	0.02889	0.52838	0.02489	0.01559	0.02005	0.10342	0.06334	0.01582	0.02169	0.01359	0.00711	0.00624	0.00194	0.00660	0.08028	0.00393	0.00910
41	0.00753	0.00538	0.00709	0.00844	0.00882	0.00500	0.00563	0.00847	0.01151	0.01538	0.03279	0.78498	0.03925	0.01867	0.00767	0.00245	0.00354	0.01685	0.00558	0.00497
42	0.01332	0.01245	0.02047	0.27846	0.36334	0.01321	0.05327	0.05109	0.01382	0.01869	0.01645	0.01983	0.08598	0.00676	0.00618	0.00192	0.00712	0.00620	0.00335	0.00809
43	0.01361	0.01116	0.01141	0.01079	0.01280	0.08789	0.00809	0.21857	0.01719	0.02224	0.06261	0.40932	0.02831	0.01367	0.00697	0.00217	0.00523	0.04571	0.00550	0.00675
44	0.01287	0.02575	0.51221	0.01975	0.02755	0.01430	0.26284	0.01899	0.01317	0.01907	0.01137	0.01408	0.00828	0.00561	0.00621	0.00197	0.00924	0.00535	0.00277	0.00863
45	0.02234	0.02831	0.01694	0.01541	0.01847	0.76493	0.01154	0.02378	0.01692	0.01476	0.00945	0.01109	0.00791	0.00629	0.00546	0.00158	0.01074	0.00391	0.00315	0.00701
46	0.46916	0.01023	0.00860	0.00809	0.01073	0.04684	0.00622	0.01472	0.01180	0.02266	0.10833	0.10284	0.09425	0.05479	0.00658	0.00218	0.00454	0.00696	0.00446	0.00600
47	0.37520	0.35866	0.01981	0.00970	0.01411	0.01848	0.00874	0.10064	0.01317	0.02243	0.00923	0.01052	0.00765	0.00569	0.00412	0.00163	0.00568	0.00353	0.00352	0.00751
48	0.00766	0.00550	0.00736	0.00858	0.00902	0.00526	0.00582	0.00871	0.01132	0.01524	0.03106	0.70594	0.03674	0.02133	0.08630	0.00319	0.00482	0.01577	0.00534	0.00502
49	0.00854	0.00622	0.00798	0.00779	0.00914	0.00571	0.00581	0.01099	0.01605	0.02240	0.60698	0.11950	0.09397	0.01324	0.00720	0.00201	0.00309	0.04136	0.00639	0.00562
50	0.01227	0.01228	0.02283	0.55892	0.03800	0.01381	0.22183	0.01641	0.01262	0.01649	0.01123	0.01622	0.00849	0.00585	0.00634	0.00203	0.00857	0.00584	0.00284	0.00713
51	0.01216	0.03070	0.75811	0.01702	0.02575	0.01388	0.02191	0.01891	0.01267	0.01900	0.01091	0.01290	0.00778	0.00582	0.00575	0.00193	0.00882	0.00447	0.00260	0.00888
52	0.02234	0.02831	0.01694	0.01541	0.01847	0.76493	0.01154	0.02378	0.01692	0.01476	0.00945	0.01109	0.00791	0.00629	0.00546	0.00158	0.01074	0.00391	0.00315	0.00701
53	0.00834	0.00592	0.00781	0.00902	0.00965	0.00566	0.00659	0.00966	0.01189	0.01575	0.03098	0.50102	0.03598	0.09796	0.01017	0.00289	0.00436	0.21596	0.00537	0.00503
54	0.01262	0.01258	0.01781	0.69420	0.03845	0.09276	0.01598	0.01621	0.01253	0.01533	0.01067	0.01563	0.00815	0.00613	0.00598	0.00198	0.00826	0.00520	0.00278	0.00675
55	0.00753	0.00538	0.00709	0.00844	0.00882	0.00500	0.00563	0.00847	0.01151	0.01538	0.03279	0.78498	0.03925	0.01867	0.00767	0.00245	0.00354	0.01685	0.00558	0.00497
56	0.01456	0.01387	0.02349	0.11441	0.67673	0.01410	0.01804	0.01802	0.01347	0.01914	0.01136	0.01516	0.00949	0.00554	0.00599	0.00183	0.00721	0.00536	0.00300	0.00921
57	0.02530	0.01093	0.01412	0.01106	0.01552	0.01005	0.00903	0.07062	0.09290	0.63788	0.02311	0.02036	0.01498	0.00757	0.00608	0.00190	0.00518	0.00608	0.00719	0.01013
58	0.01216	0.03070	0.75811	0.01702	0.02575	0.01388	0.02191	0.01891	0.01267	0.01900	0.01091	0.01290	0.00778	0.00582	0.00575	0.00193	0.00882	0.00447	0.00260	0.00888
59	0.00869	0.00627	0.00813	0.00765	0.00907	0.00577	0.00572	0.01138	0.01690	0.02396	0.74888	0.04444	0.05586	0.01226	0.00710	0.00191	0.00290	0.01076	0.00660	0.00574
60	0.05633	0.57717	0.02655	0.01063	0.01553	0.02069	0.01000	0.09478	0.01438	0.10867	0.01102	0.01172	0.00895	0.00578	0.00441	0.00147	0.00620	0.00384	0.00363	0.00825
61	0.02253	0.02268	0.01742	0.01462	0.01850	0.40142	0.01145	0.36880	0.02228	0.02581	0.01190	0.01280	0.00909	0.00678	0.00574	0.00170	0.00873	0.00465	0.00454	0.00856
62	0.01147	0.01072	0.01791	0.77445	0.04081	0.01329	0.01651	0.01531	0.01201	0.01540	0.01081	0.01617	0.00817	0.00611	0.00604	0.00203	0.00797	0.00535	0.00273	0.00672
63	0.02273	0.01674	0.01792	0.01379	0.01853	0.01847	0.01135	0.73228	0.02792	0.03745	0.01448	0.01461	0.01034	0.00729	0.00604	0.00183	0.00660	0.00542	0.00601	0.01020
64	0.01256	0.01072	0.01247	0.00897	0.01423	0.00806	0.00714	0.01510	0.01245	0.01954	0.01081	0.01268	0.00905	0.00459	0.00451	0.00094	0.00449	0.00361	0.00361	0.82451
65	0.01425	0.01613	0.03499	0.02505	0.03104	0.01510	0.73042	0.01913	0.01414	0.01921	0.01226	0.01635	0.00926	0.00519	0.00710	0.00205	0.01005	0.00707	0.00310	0.00812
66	0.01492	0.01424	0.02415	0.03637	0.75191	0.01420	0.01823	0.01834	0.01365	0.01959	0.01142	0.01504	0.00965	0.00547	0.00598	0.00181	0.00712	0.00536	0.00303	0.00951

[dist]
# distance from previous block
# <min> <max>
0	536

# created by:
# /software/SequenceAnalysis/GenePrediction/augustus/3.0.1/scripts/msa2prfl.pl ./fixed/BUSCOvEOG7DNGJ3.fas
