[name]
unknown

[dist]
# distance from previous block
# <min> <max>
41	394

[block]
# block no. 0 follows, 41 sequences, length 37
# corresponding to MSA columns:
# 457-493
name=unknown_A
#
# <colnr> <probs for GDERKNQSTAVLIFYWHMCP>
#	G	D	E	R	K	N	Q	S	T	A	V	L	I	F	Y	W	H	M	C	P
0	0.12827	0.50781	0.15187	0.01060	0.01583	0.01870	0.01111	0.01771	0.01165	0.05561	0.00923	0.01044	0.00763	0.00575	0.01611	0.00155	0.00636	0.00345	0.00285	0.00746
1	0.01008	0.00855	0.04958	0.00991	0.05942	0.00730	0.00754	0.01384	0.08532	0.07048	0.23150	0.04196	0.29637	0.01161	0.00656	0.00193	0.00389	0.07251	0.00543	0.00623
2	0.01122	0.01400	0.11902	0.01813	0.02257	0.01128	0.42297	0.01510	0.01253	0.01715	0.01757	0.25588	0.01750	0.00895	0.00675	0.00204	0.00754	0.00937	0.00358	0.00686
3	0.01529	0.80242	0.02997	0.00979	0.01468	0.02263	0.00979	0.01713	0.01162	0.01346	0.00795	0.00918	0.00734	0.00489	0.00367	0.00122	0.00612	0.00306	0.00245	0.00734
4	0.01529	0.80242	0.02997	0.00979	0.01468	0.02263	0.00979	0.01713	0.01162	0.01346	0.00795	0.00918	0.00734	0.00489	0.00367	0.00122	0.00612	0.00306	0.00245	0.00734
5	0.01188	0.02674	0.62122	0.01787	0.02579	0.01352	0.16640	0.01816	0.01236	0.01816	0.01053	0.01275	0.00753	0.00531	0.00570	0.00184	0.00869	0.00473	0.00251	0.00830
6	0.00792	0.00584	0.00740	0.00701	0.00844	0.00532	0.00526	0.01045	0.01577	0.02194	0.66638	0.04437	0.14850	0.01207	0.00675	0.00182	0.00273	0.01058	0.00616	0.00532
7	0.02222	0.01006	0.03578	0.01005	0.01411	0.00857	0.00845	0.06291	0.01677	0.58673	0.13937	0.02265	0.02006	0.00775	0.00590	0.00177	0.00471	0.00641	0.00674	0.00900
8	0.05673	0.02627	0.63996	0.01512	0.02284	0.01268	0.01884	0.01920	0.01246	0.10703	0.01160	0.01280	0.00801	0.00562	0.00537	0.00180	0.00782	0.00435	0.00303	0.00849
9	0.01881	0.01381	0.05458	0.01205	0.01622	0.01402	0.01012	0.24837	0.33444	0.18493	0.01950	0.01811	0.01384	0.00722	0.00576	0.00183	0.00535	0.00579	0.00588	0.00937
10	0.00810	0.00585	0.00765	0.00720	0.00855	0.00540	0.00540	0.01079	0.01619	0.02294	0.76028	0.04273	0.05397	0.01169	0.00675	0.00180	0.00270	0.01034	0.00630	0.00540
11	0.00894	0.00660	0.00877	0.00851	0.00949	0.00732	0.00629	0.05020	0.01017	0.01410	0.01845	0.02781	0.06155	0.23933	0.47668	0.00726	0.02316	0.00700	0.00345	0.00493
12	0.01089	0.01276	0.11772	0.68243	0.03744	0.01279	0.01659	0.01508	0.01152	0.01508	0.01018	0.01483	0.00757	0.00568	0.00568	0.00189	0.00774	0.00497	0.00252	0.00663
13	0.01682	0.58856	0.02628	0.01104	0.01546	0.16304	0.01015	0.06817	0.01348	0.01512	0.00851	0.00976	0.00751	0.00531	0.00437	0.00133	0.02160	0.00336	0.00277	0.00735
14	0.01099	0.01036	0.01749	0.74378	0.07940	0.01276	0.01598	0.01478	0.01152	0.01484	0.01020	0.01519	0.00770	0.00568	0.00572	0.00189	0.00758	0.00508	0.00256	0.00650
15	0.16802	0.05443	0.01967	0.02674	0.53095	0.01331	0.01418	0.01673	0.01219	0.01943	0.01152	0.06671	0.01041	0.00601	0.00527	0.00173	0.00608	0.00538	0.00311	0.00813
16	0.01239	0.01235	0.01590	0.43358	0.07839	0.11163	0.01333	0.01654	0.07438	0.01612	0.06375	0.05822	0.01330	0.00716	0.00650	0.00189	0.04867	0.00597	0.00329	0.00664
17	0.01230	0.01389	0.12182	0.05641	0.14916	0.01169	0.15550	0.06593	0.05014	0.01865	0.01575	0.12267	0.01480	0.04997	0.00762	0.00208	0.02256	0.04516	0.00364	0.06024
18	0.00762	0.00567	0.00734	0.00803	0.00900	0.00504	0.00551	0.00883	0.01107	0.01514	0.02867	0.69051	0.03391	0.01609	0.00689	0.00213	0.00344	0.01454	0.00505	0.11552
19	0.01377	0.25534	0.01804	0.00947	0.01424	0.01331	0.00822	0.06027	0.01265	0.02972	0.00979	0.01129	0.00825	0.00489	0.00479	0.00110	0.03780	0.00350	0.00326	0.48030
20	0.00864	0.00555	0.00741	0.00835	0.00908	0.00522	0.00593	0.00988	0.01146	0.06650	0.02991	0.59760	0.03450	0.06488	0.00861	0.00252	0.00382	0.10980	0.00531	0.00501
21	0.03518	0.30075	0.43857	0.01383	0.02043	0.01680	0.02788	0.01752	0.01171	0.01646	0.00927	0.01105	0.00729	0.00546	0.00545	0.00164	0.04650	0.00386	0.00247	0.00788
22	0.01236	0.00947	0.01131	0.01036	0.01244	0.05530	0.04767	0.14044	0.01464	0.07055	0.02415	0.47170	0.02622	0.01304	0.00659	0.00203	0.00478	0.01160	0.00512	0.05023
23	0.01067	0.00847	0.00955	0.00890	0.01107	0.00888	0.00677	0.03653	0.28951	0.03296	0.27397	0.10765	0.14986	0.01108	0.00642	0.00192	0.00360	0.00954	0.00586	0.00677
24	0.01143	0.00881	0.01212	0.01035	0.01295	0.00872	0.08275	0.01739	0.19212	0.07284	0.33945	0.08594	0.04970	0.00992	0.00639	0.00185	0.00417	0.01934	0.00563	0.04813
25	0.01249	0.02183	0.42181	0.01629	0.02267	0.01328	0.15248	0.05567	0.13050	0.01973	0.01421	0.06815	0.01136	0.00662	0.00588	0.00188	0.00759	0.00593	0.00341	0.00821
26	0.00700	0.00500	0.00666	0.00795	0.00830	0.00466	0.00531	0.00803	0.01108	0.01481	0.04933	0.77686	0.03823	0.01777	0.00729	0.00231	0.00330	0.01612	0.00533	0.00466
27	0.01472	0.01332	0.01316	0.01185	0.01507	0.06665	0.00919	0.02987	0.70226	0.02324	0.02229	0.02058	0.01677	0.00763	0.00577	0.00191	0.00493	0.00628	0.00562	0.00889
28	0.03095	0.06331	0.48525	0.01468	0.02166	0.01462	0.01698	0.20427	0.01603	0.06241	0.01165	0.01269	0.00823	0.00586	0.00540	0.00175	0.00752	0.00446	0.00353	0.00875
29	0.01276	0.26764	0.50971	0.01508	0.05258	0.01618	0.01748	0.01779	0.01198	0.01670	0.00957	0.01127	0.00735	0.00525	0.00490	0.00163	0.00766	0.00390	0.00244	0.00813
30	0.01699	0.01715	0.01426	0.01270	0.01595	0.24739	0.00980	0.08290	0.47197	0.02182	0.01813	0.01739	0.01378	0.00712	0.00561	0.00178	0.00643	0.00551	0.00493	0.00836
31	0.00832	0.00555	0.00624	0.00624	0.00624	0.00555	0.00347	0.00832	0.00832	0.01109	0.01802	0.03743	0.02080	0.79898	0.02911	0.00555	0.00555	0.00832	0.00347	0.00347
32	0.06745	0.01917	0.01673	0.01539	0.05379	0.37513	0.04994	0.03310	0.01333	0.01560	0.01033	0.06540	0.00963	0.00773	0.00904	0.00187	0.22154	0.00514	0.00307	0.00661
33	0.01951	0.01236	0.02510	0.02719	0.01601	0.01266	0.00960	0.21010	0.18641	0.27355	0.01835	0.01784	0.01298	0.00715	0.00631	0.00177	0.04436	0.01493	0.00572	0.07810
34	0.01671	0.01181	0.05281	0.01118	0.01482	0.01161	0.00934	0.02691	0.42207	0.23425	0.05963	0.02404	0.01875	0.00813	0.00595	0.00192	0.00479	0.05048	0.00599	0.00880
35	0.00786	0.00575	0.00740	0.00736	0.00861	0.00529	0.00549	0.01017	0.01492	0.02062	0.54088	0.16046	0.11814	0.01314	0.00690	0.00194	0.00295	0.05090	0.00599	0.00522
36	0.01546	0.00894	0.01184	0.01188	0.06920	0.00874	0.00887	0.03468	0.12025	0.25681	0.08453	0.07747	0.05493	0.01063	0.00654	0.00206	0.00476	0.19904	0.00583	0.00756

[dist]
# distance from previous block
# <min> <max>
0	1

[block]
# block no. 1 follows, 41 sequences, length 16
# corresponding to MSA columns:
# 495-510
name=unknown_B
#
# <colnr> <probs for GDERKNQSTAVLIFYWHMCP>
#	G	D	E	R	K	N	Q	S	T	A	V	L	I	F	Y	W	H	M	C	P
0	0.02201	0.01208	0.01387	0.01098	0.01509	0.06860	0.00891	0.09629	0.08896	0.46504	0.01897	0.01740	0.01274	0.00687	0.00605	0.00170	0.03448	0.00535	0.00598	0.08865
1	0.02024	0.01676	0.07361	0.01285	0.01766	0.06164	0.01111	0.52825	0.02298	0.07949	0.01341	0.01359	0.00956	0.00646	0.00552	0.00163	0.00641	0.00486	0.00517	0.08879
2	0.01274	0.43756	0.02121	0.00992	0.01348	0.01584	0.02983	0.03307	0.01214	0.01516	0.01747	0.12504	0.07149	0.00863	0.00553	0.00162	0.03396	0.07526	0.00348	0.05658
3	0.01855	0.01497	0.01514	0.01235	0.01627	0.06270	0.00994	0.43990	0.24440	0.02979	0.01898	0.01831	0.05732	0.00754	0.00578	0.00178	0.00580	0.00587	0.00556	0.00904
4	0.00870	0.00614	0.00738	0.00731	0.00906	0.00548	0.00571	0.01074	0.01413	0.06340	0.26458	0.08113	0.35736	0.01353	0.00689	0.00201	0.00334	0.12203	0.00571	0.00536
5	0.00993	0.00628	0.00810	0.00739	0.00914	0.00568	0.00563	0.01245	0.01591	0.10525	0.61037	0.04132	0.11759	0.01145	0.00664	0.00181	0.00296	0.01000	0.00629	0.00583
6	0.00697	0.00498	0.00664	0.00796	0.00830	0.00465	0.00531	0.00796	0.01095	0.01460	0.03153	0.79525	0.03783	0.01792	0.00730	0.00232	0.00332	0.01626	0.00531	0.00465
7	0.00830	0.00560	0.00652	0.00652	0.00662	0.00570	0.00382	0.00850	0.00840	0.01130	0.01776	0.03599	0.02017	0.72619	0.10104	0.00590	0.00649	0.00811	0.00343	0.00362
8	0.00817	0.00613	0.00919	0.00919	0.01021	0.00715	0.00715	0.01021	0.00919	0.01328	0.01532	0.02247	0.01430	0.04290	0.77631	0.00919	0.01532	0.00613	0.00306	0.00511
9	0.02004	0.00836	0.01125	0.00931	0.01251	0.00736	0.00731	0.02191	0.01482	0.53434	0.06930	0.15565	0.02119	0.06952	0.00786	0.00215	0.00452	0.00804	0.00645	0.00811
10	0.35426	0.06240	0.01490	0.01414	0.13936	0.06183	0.00976	0.17093	0.04753	0.02482	0.01048	0.01175	0.00816	0.00567	0.00460	0.00166	0.00568	0.00406	0.00387	0.04414
11	0.01058	0.00543	0.00759	0.00757	0.00779	0.00535	0.00510	0.00862	0.00839	0.01192	0.01157	0.01858	0.01103	0.01845	0.02014	0.72209	0.00486	0.00519	0.10661	0.00315
12	0.03034	0.19771	0.19520	0.01642	0.02186	0.01658	0.22500	0.05157	0.10610	0.01901	0.01224	0.01434	0.00959	0.00611	0.00644	0.00186	0.05285	0.00522	0.00335	0.00821
13	0.02430	0.01260	0.10850	0.01130	0.01625	0.00933	0.01022	0.02690	0.01613	0.66729	0.02146	0.01922	0.01375	0.00722	0.00594	0.00187	0.00550	0.00573	0.00665	0.00982
14	0.01038	0.00754	0.00924	0.00833	0.01012	0.00728	0.00633	0.10323	0.01783	0.02502	0.66069	0.03957	0.04854	0.01139	0.00684	0.00189	0.00335	0.00982	0.00638	0.00623
15	0.01996	0.01419	0.01510	0.01191	0.01585	0.01547	0.00969	0.59095	0.02410	0.03341	0.01524	0.01600	0.01122	0.00717	0.00560	0.00174	0.00573	0.00536	0.17222	0.00909

[dist]
# distance from previous block
# <min> <max>
0	8

[block]
# block no. 2 follows, 41 sequences, length 9
# corresponding to MSA columns:
# 519-527
name=unknown_C
#
# <colnr> <probs for GDERKNQSTAVLIFYWHMCP>
#	G	D	E	R	K	N	Q	S	T	A	V	L	I	F	Y	W	H	M	C	P
0	0.01446	0.29886	0.32961	0.01345	0.01931	0.01764	0.01485	0.12425	0.01382	0.01875	0.00975	0.01139	0.00770	0.00589	0.00607	0.00166	0.07749	0.00403	0.00293	0.00807
1	0.01127	0.00781	0.01233	0.01046	0.01279	0.00721	0.11462	0.01408	0.01522	0.11926	0.43787	0.08821	0.03909	0.01088	0.00677	0.00193	0.00429	0.07389	0.00575	0.00627
2	0.02460	0.01151	0.01438	0.01103	0.01550	0.01103	0.00911	0.22768	0.01933	0.56292	0.02013	0.01792	0.01296	0.00704	0.00576	0.00176	0.00528	0.00560	0.00671	0.00975
3	0.01009	0.09233	0.21999	0.00980	0.01368	0.00920	0.01000	0.01313	0.01291	0.05451	0.11609	0.13289	0.26183	0.01080	0.00612	0.00186	0.00490	0.00904	0.00444	0.00639
4	0.01623	0.01257	0.02174	0.12031	0.35198	0.01261	0.13512	0.01955	0.01353	0.18887	0.01343	0.01570	0.00996	0.00579	0.00638	0.00182	0.03653	0.00553	0.00378	0.00857
5	0.00718	0.00530	0.00685	0.00772	0.00843	0.00498	0.00536	0.00846	0.01155	0.01532	0.09312	0.55532	0.14346	0.01917	0.07637	0.00285	0.00430	0.01426	0.00520	0.00480
6	0.01486	0.01577	0.13987	0.02979	0.57544	0.01307	0.01726	0.01865	0.01321	0.08968	0.01184	0.01438	0.00929	0.00536	0.00565	0.00173	0.00689	0.00503	0.00318	0.00905
7	0.38450	0.22664	0.11425	0.00938	0.01347	0.01436	0.00902	0.01579	0.01076	0.01977	0.01177	0.12534	0.01134	0.00709	0.00440	0.00172	0.00526	0.00519	0.00337	0.00659
8	0.01443	0.01119	0.01232	0.03707	0.01464	0.01233	0.00858	0.12451	0.42079	0.07308	0.08583	0.02613	0.11674	0.00873	0.00600	0.00188	0.00454	0.00724	0.00575	0.00825

[dist]
# distance from previous block
# <min> <max>
0	3

[block]
# block no. 3 follows, 41 sequences, length 18
# corresponding to MSA columns:
# 531-548
name=unknown_D
#
# <colnr> <probs for GDERKNQSTAVLIFYWHMCP>
#	G	D	E	R	K	N	Q	S	T	A	V	L	I	F	Y	W	H	M	C	P
0	0.11970	0.16198	0.07736	0.01145	0.01554	0.10964	0.01005	0.06926	0.27103	0.06076	0.01568	0.01551	0.02561	0.00654	0.00503	0.00169	0.00594	0.00487	0.00433	0.00803
1	0.00896	0.00632	0.00814	0.00850	0.01009	0.00592	0.00701	0.01131	0.01407	0.04658	0.23202	0.05474	0.21032	0.01406	0.00724	0.00221	0.00400	0.33752	0.00562	0.00537
2	0.00914	0.00935	0.07342	0.01161	0.01383	0.00767	0.13678	0.04388	0.01231	0.01655	0.02680	0.52258	0.06475	0.01393	0.00695	0.00217	0.00496	0.01290	0.00467	0.00573
3	0.00745	0.00530	0.00707	0.00830	0.00879	0.00505	0.00588	0.00867	0.01117	0.01482	0.03043	0.61693	0.03585	0.06854	0.00883	0.00259	0.00381	0.14067	0.00518	0.00468
4	0.05960	0.01163	0.01293	0.01083	0.01440	0.01249	0.00865	0.18204	0.29713	0.20673	0.02031	0.05225	0.01511	0.00765	0.00561	0.00182	0.00481	0.00619	0.06103	0.00878
5	0.01152	0.00937	0.01517	0.58548	0.03195	0.01107	0.01343	0.01501	0.01267	0.07684	0.14343	0.02044	0.01632	0.00688	0.00590	0.00188	0.00653	0.00606	0.00357	0.00646
6	0.00761	0.00583	0.00697	0.00668	0.00824	0.00519	0.00501	0.00984	0.01503	0.02019	0.50240	0.04725	0.31357	0.01272	0.00675	0.00185	0.00277	0.01098	0.00593	0.00519
7	0.02003	0.19791	0.01924	0.01365	0.01702	0.61016	0.01077	0.02158	0.01520	0.01388	0.00865	0.01006	0.00736	0.00567	0.00483	0.00142	0.00939	0.00355	0.00284	0.00679
8	0.01066	0.00533	0.00533	0.00533	0.00666	0.00533	0.00400	0.01333	0.01200	0.02132	0.01866	0.02132	0.01466	0.00666	0.00400	0.00133	0.00267	0.00533	0.83073	0.00533
9	0.35316	0.00984	0.01078	0.00886	0.01253	0.00989	0.00720	0.02156	0.01289	0.39928	0.01553	0.01517	0.01056	0.00752	0.00635	0.07670	0.00470	0.00461	0.00523	0.00765
10	0.01421	0.51564	0.24907	0.01210	0.01778	0.04146	0.01332	0.01744	0.01177	0.01487	0.00865	0.01022	0.00732	0.00531	0.00489	0.00146	0.04092	0.00351	0.00245	0.00760
11	0.00994	0.00497	0.00745	0.00745	0.00745	0.00497	0.00497	0.00745	0.00745	0.00994	0.00994	0.01739	0.00994	0.01987	0.02235	0.83358	0.00497	0.00497	0.00248	0.00248
12	0.01755	0.01376	0.01485	0.01181	0.01606	0.01475	0.00954	0.38490	0.25066	0.02901	0.01604	0.01576	0.01191	0.00665	0.00547	0.00162	0.00536	0.00523	0.00532	0.16375
13	0.06840	0.53626	0.02495	0.01104	0.01497	0.14278	0.01008	0.01764	0.01191	0.01436	0.00805	0.00975	0.00729	0.00567	0.00564	0.00145	0.09675	0.00339	0.00260	0.00703
14	0.00750	0.00558	0.00699	0.00716	0.00832	0.00506	0.00517	0.00945	0.01402	0.01901	0.40790	0.27173	0.18286	0.01410	0.00692	0.00198	0.00292	0.01245	0.00581	0.00506
15	0.01066	0.00533	0.00533	0.00533	0.00666	0.00533	0.00400	0.01333	0.01200	0.02132	0.01866	0.02132	0.01466	0.00666	0.00400	0.00133	0.00267	0.00533	0.83073	0.00533
16	0.01666	0.01150	0.01341	0.07379	0.01681	0.01267	0.00956	0.06315	0.46339	0.18876	0.02187	0.02181	0.01618	0.00773	0.00588	0.00192	0.00497	0.03527	0.00581	0.00887
17	0.01581	0.07754	0.07401	0.02532	0.42303	0.01315	0.07734	0.01919	0.01348	0.15011	0.01353	0.01692	0.01073	0.00591	0.00570	0.00174	0.00669	0.03745	0.00364	0.00871

[dist]
# distance from previous block
# <min> <max>
0	11

[block]
# block no. 4 follows, 41 sequences, length 12
# corresponding to MSA columns:
# 560-571
name=unknown_E
#
# <colnr> <probs for GDERKNQSTAVLIFYWHMCP>
#	G	D	E	R	K	N	Q	S	T	A	V	L	I	F	Y	W	H	M	C	P
0	0.01334	0.01622	0.07985	0.02327	0.02901	0.01450	0.66959	0.01814	0.01323	0.01814	0.01134	0.01511	0.00854	0.00505	0.00711	0.00194	0.03852	0.00653	0.00285	0.00771
1	0.01939	0.02370	0.01530	0.01343	0.01682	0.61615	0.01016	0.02108	0.01530	0.01496	0.00912	0.01064	0.00760	0.00555	0.00497	0.00134	0.00905	0.00362	0.00304	0.17876
2	0.00934	0.00621	0.00755	0.00700	0.00885	0.00549	0.00532	0.01155	0.01511	0.09252	0.44468	0.04475	0.29578	0.01222	0.00665	0.00184	0.00298	0.01050	0.00603	0.00562
3	0.01441	0.01269	0.01319	0.05811	0.01623	0.04755	0.00939	0.07988	0.57583	0.02328	0.02334	0.02206	0.06285	0.00791	0.00584	0.00190	0.00500	0.00652	0.00546	0.00857
4	0.01573	0.02249	0.40540	0.01627	0.02290	0.06848	0.14618	0.05103	0.01409	0.16321	0.01291	0.01404	0.00895	0.00574	0.00572	0.00180	0.00802	0.00497	0.00358	0.00849
5	0.00819	0.00560	0.00639	0.00639	0.00660	0.00559	0.00376	0.00843	0.00872	0.01155	0.02077	0.03777	0.07448	0.69386	0.07471	0.00551	0.00597	0.00845	0.00358	0.00367
6	0.01186	0.01017	0.01186	0.00847	0.01356	0.00762	0.00678	0.01440	0.01186	0.01864	0.01017	0.01186	0.00847	0.00424	0.00424	0.00085	0.00424	0.00339	0.00339	0.83395
7	0.01163	0.00865	0.01001	0.00894	0.01114	0.00894	0.00689	0.13498	0.13995	0.03864	0.37006	0.06067	0.08750	0.04918	0.00755	0.00204	0.00388	0.02684	0.00587	0.00664
8	0.00768	0.00575	0.00712	0.00694	0.00833	0.00519	0.00514	0.00992	0.01495	0.02039	0.52613	0.11858	0.21697	0.01295	0.00680	0.00188	0.00280	0.01132	0.00597	0.00519
9	0.01236	0.01143	0.01907	0.02832	0.57435	0.01135	0.01449	0.01515	0.01251	0.01766	0.01596	0.20964	0.01626	0.00831	0.00607	0.00186	0.00593	0.00789	0.00345	0.00796
10	0.00798	0.00588	0.00746	0.00814	0.00928	0.00554	0.00632	0.00980	0.01269	0.01655	0.13863	0.21121	0.19287	0.08084	0.00914	0.00254	0.00401	0.26092	0.00528	0.00491
11	0.00792	0.00588	0.00833	0.00853	0.00940	0.00648	0.00636	0.00958	0.00959	0.01339	0.02041	0.14391	0.05968	0.11084	0.54382	0.00739	0.01185	0.00822	0.00357	0.00486

[dist]
# distance from previous block
# <min> <max>
0	1

[block]
# block no. 5 follows, 41 sequences, length 46
# corresponding to MSA columns:
# 573-618
name=unknown_F
#
# <colnr> <probs for GDERKNQSTAVLIFYWHMCP>
#	G	D	E	R	K	N	Q	S	T	A	V	L	I	F	Y	W	H	M	C	P
0	0.01403	0.01232	0.02095	0.12151	0.34654	0.01247	0.12374	0.01727	0.01285	0.08789	0.01428	0.01699	0.05093	0.00610	0.00666	0.00177	0.05772	0.00567	0.00336	0.06695
1	0.02223	0.01693	0.23861	0.02086	0.29613	0.01153	0.01520	0.01688	0.01253	0.03749	0.01196	0.01622	0.00997	0.00571	0.00538	0.00159	0.00651	0.04918	0.00311	0.20198
2	0.51013	0.01363	0.08553	0.01305	0.05863	0.01289	0.13921	0.01803	0.01128	0.07611	0.01002	0.01164	0.00746	0.00535	0.00457	0.00180	0.00590	0.00415	0.00353	0.00709
3	0.02338	0.02081	0.38823	0.11095	0.13880	0.01329	0.08153	0.01802	0.01233	0.07100	0.01111	0.01359	0.00819	0.00578	0.00649	0.00186	0.05876	0.00483	0.00289	0.00815
4	0.01832	0.01833	0.06367	0.08787	0.08235	0.26672	0.04168	0.10412	0.05859	0.12136	0.01267	0.01383	0.00944	0.00606	0.00563	0.00164	0.01727	0.00470	0.00394	0.06183
5	0.01590	0.00955	0.01188	0.00890	0.01330	0.00761	0.00711	0.01787	0.01283	0.24665	0.01393	0.01471	0.01035	0.00657	0.00640	0.07930	0.00450	0.00426	0.00443	0.50396
6	0.01015	0.00885	0.01572	0.01278	0.01548	0.00825	0.23109	0.01321	0.01431	0.04083	0.31949	0.12500	0.07194	0.01073	0.00689	0.00198	0.00521	0.07697	0.00501	0.00610
7	0.01623	0.01409	0.06240	0.14317	0.02037	0.01456	0.01156	0.36896	0.06586	0.02607	0.01510	0.05875	0.03234	0.00749	0.00657	0.00180	0.05714	0.00584	0.00457	0.06713
8	0.00818	0.00609	0.00900	0.00900	0.00995	0.00705	0.00691	0.01009	0.00914	0.01314	0.01550	0.02345	0.01472	0.09220	0.72759	0.00895	0.01468	0.00627	0.00309	0.00500
9	0.07468	0.01194	0.01379	0.15292	0.01918	0.04345	0.01005	0.09176	0.26413	0.19009	0.04441	0.01843	0.01417	0.00699	0.00560	0.00182	0.00550	0.00567	0.00520	0.02023
10	0.83938	0.01106	0.00841	0.00752	0.01106	0.01283	0.00619	0.01681	0.00973	0.02566	0.00796	0.00929	0.00619	0.00531	0.00354	0.00177	0.00442	0.00310	0.00354	0.00619
11	0.00928	0.00682	0.00912	0.01020	0.01162	0.00688	0.00871	0.01264	0.06155	0.01733	0.03143	0.10262	0.07264	0.01532	0.00767	0.00253	0.00498	0.59789	0.00531	0.00546
12	0.00741	0.00509	0.00690	0.00810	0.00847	0.00481	0.00556	0.00819	0.01078	0.01434	0.02941	0.67015	0.03486	0.01795	0.00876	0.08038	0.00361	0.06570	0.00504	0.00449
13	0.74517	0.01164	0.03038	0.00810	0.01177	0.01285	0.00685	0.01797	0.05868	0.04049	0.00933	0.01037	0.00713	0.00551	0.00379	0.00178	0.00455	0.00340	0.00373	0.00652
14	0.07084	0.01238	0.01325	0.01138	0.01497	0.01385	0.00903	0.12544	0.51031	0.12255	0.02090	0.01928	0.01525	0.00739	0.00565	0.00188	0.00480	0.00598	0.00582	0.00905
15	0.01200	0.02625	0.60643	0.01940	0.11814	0.01343	0.08841	0.01806	0.01233	0.01821	0.01045	0.01265	0.00761	0.00533	0.00559	0.00181	0.00836	0.00457	0.00251	0.00846
16	0.10003	0.27672	0.21710	0.01163	0.01708	0.02538	0.01216	0.07114	0.01355	0.16392	0.01203	0.01266	0.00889	0.00673	0.02660	0.00180	0.00664	0.00414	0.00371	0.00808
17	0.00718	0.00513	0.00688	0.00821	0.00863	0.00483	0.00568	0.00833	0.01116	0.01484	0.03141	0.72665	0.03737	0.01772	0.00736	0.00235	0.00350	0.08278	0.00531	0.00470
18	0.00952	0.00790	0.01129	0.01052	0.01141	0.00891	0.05946	0.01166	0.04103	0.01593	0.06258	0.36314	0.02548	0.06188	0.01091	0.00240	0.18790	0.01070	0.08193	0.00545
19	0.01276	0.01192	0.01965	0.41586	0.34710	0.01332	0.01624	0.04591	0.02964	0.01744	0.01086	0.01486	0.00855	0.00555	0.00570	0.00181	0.00715	0.00512	0.00287	0.00771
20	0.00832	0.00555	0.00624	0.00624	0.00624	0.00555	0.00347	0.00832	0.00832	0.01109	0.01802	0.03743	0.02080	0.79898	0.02911	0.00555	0.00555	0.00832	0.00347	0.00347
21	0.00769	0.00643	0.00650	0.00625	0.00835	0.00563	0.00475	0.05397	0.01390	0.01673	0.05520	0.05248	0.71427	0.01401	0.00670	0.00192	0.00311	0.01164	0.00534	0.00513
22	0.01097	0.01214	0.08936	0.03778	0.03703	0.01045	0.26149	0.01528	0.05491	0.01793	0.06835	0.14759	0.02186	0.01005	0.00701	0.00213	0.01623	0.16865	0.00412	0.00667
23	0.00721	0.00521	0.00687	0.00811	0.00866	0.00488	0.00569	0.00842	0.01134	0.01494	0.03311	0.66481	0.08443	0.01746	0.00733	0.00233	0.00351	0.09566	0.00530	0.00473
24	0.02168	0.02020	0.01634	0.01369	0.01734	0.33559	0.01065	0.34767	0.02099	0.07129	0.01314	0.01494	0.01029	0.05094	0.00709	0.00196	0.00808	0.00497	0.00473	0.00841
25	0.01175	0.01275	0.08921	0.45965	0.10993	0.01244	0.08630	0.01532	0.01226	0.01641	0.01362	0.10795	0.01210	0.00746	0.00627	0.00206	0.00752	0.00671	0.00317	0.00714
26	0.00837	0.00664	0.00747	0.00723	0.00915	0.00571	0.00546	0.01009	0.01426	0.01854	0.25400	0.06701	0.44385	0.01364	0.00699	0.00202	0.00335	0.05807	0.00570	0.05245
27	0.02074	0.06301	0.01662	0.01191	0.01660	0.01461	0.00980	0.41358	0.02129	0.16878	0.01501	0.01513	0.01083	0.00673	0.00561	0.00166	0.00584	0.00501	0.00553	0.17171
28	0.01317	0.00857	0.00935	0.00844	0.01046	0.00903	0.00644	0.15424	0.06775	0.02338	0.05943	0.02314	0.01707	0.06386	0.09983	0.00284	0.00548	0.00617	0.40468	0.00667
29	0.01257	0.01066	0.01235	0.00897	0.01406	0.00805	0.00709	0.01489	0.01230	0.01927	0.01088	0.01285	0.00915	0.00473	0.00455	0.00099	0.00449	0.00363	0.00363	0.82487
30	0.00859	0.00618	0.00800	0.00826	0.00934	0.00571	0.00605	0.01051	0.01461	0.02029	0.44929	0.28768	0.04696	0.01449	0.00732	0.00218	0.00341	0.07949	0.00609	0.00552
31	0.01481	0.01690	0.06193	0.08824	0.11082	0.26067	0.01175	0.01764	0.05953	0.01635	0.01683	0.19782	0.02649	0.00957	0.00713	0.00201	0.06305	0.00760	0.00384	0.00702
32	0.00768	0.00589	0.00687	0.00756	0.00864	0.00519	0.00525	0.00870	0.01238	0.01584	0.06121	0.46823	0.33164	0.01671	0.00735	0.00228	0.00339	0.01451	0.00556	0.00513
33	0.01746	0.01206	0.01357	0.01168	0.01499	0.01285	0.00934	0.24371	0.23866	0.12994	0.03873	0.02793	0.02796	0.05840	0.00787	0.00230	0.00547	0.11249	0.00596	0.00865
34	0.01995	0.01518	0.01620	0.01307	0.01720	0.01679	0.01051	0.52400	0.22654	0.03268	0.01742	0.03382	0.01313	0.00782	0.00608	0.00192	0.00597	0.00598	0.00596	0.00976
35	0.01112	0.01070	0.05383	0.01001	0.01275	0.05831	0.04204	0.06457	0.01460	0.01919	0.15809	0.08556	0.22799	0.03049	0.05499	0.00248	0.00560	0.04879	0.00494	0.08396
36	0.01435	0.05236	0.30621	0.04925	0.11658	0.01409	0.26656	0.01909	0.01339	0.07197	0.01227	0.01500	0.00916	0.00577	0.00618	0.00194	0.00848	0.00553	0.00322	0.00859
37	0.01219	0.02986	0.76119	0.01671	0.02514	0.01364	0.02128	0.01856	0.01252	0.01875	0.01098	0.01307	0.00794	0.00591	0.00574	0.00194	0.00866	0.00446	0.00267	0.00880
38	0.01971	0.00908	0.01184	0.00974	0.01309	0.00814	0.00773	0.02264	0.05763	0.46920	0.26982	0.02826	0.02827	0.00912	0.00639	0.00192	0.00437	0.00755	0.00695	0.00858
39	0.01247	0.02427	0.53127	0.05227	0.02403	0.01333	0.06575	0.01947	0.10328	0.01924	0.01408	0.01831	0.01113	0.00691	0.00606	0.00203	0.00799	0.05630	0.00333	0.00850
40	0.01584	0.06577	0.35610	0.04847	0.07142	0.01561	0.07100	0.24029	0.01716	0.02389	0.01204	0.01393	0.00894	0.00626	0.00585	0.00189	0.00781	0.00496	0.00375	0.00903
41	0.00899	0.00642	0.00846	0.00843	0.00908	0.00690	0.00590	0.00995	0.00930	0.01305	0.01712	0.02968	0.01766	0.36307	0.45146	0.00769	0.01131	0.00727	0.00348	0.00480
42	0.00774	0.00553	0.00718	0.00846	0.00886	0.00510	0.00564	0.00853	0.01141	0.01528	0.03200	0.78730	0.03818	0.01826	0.00758	0.00245	0.00358	0.01636	0.00553	0.00504
43	0.01725	0.01609	0.07167	0.07645	0.02042	0.07233	0.09396	0.34132	0.02901	0.02554	0.01514	0.10996	0.01313	0.00841	0.00716	0.00201	0.06039	0.00674	0.00465	0.00837
44	0.55858	0.01537	0.18709	0.00996	0.01435	0.01262	0.00976	0.01678	0.01062	0.02308	0.01019	0.01361	0.00852	0.08033	0.00671	0.00226	0.00572	0.00410	0.00351	0.00684
45	0.05948	0.07586	0.35216	0.01861	0.19679	0.01295	0.01598	0.01698	0.01331	0.01984	0.14405	0.01864	0.01662	0.00690	0.00579	0.00187	0.00684	0.00561	0.00352	0.00819

[dist]
# distance from previous block
# <min> <max>
0	5

[block]
# block no. 6 follows, 41 sequences, length 16
# corresponding to MSA columns:
# 624-639
name=unknown_G
#
# <colnr> <probs for GDERKNQSTAVLIFYWHMCP>
#	G	D	E	R	K	N	Q	S	T	A	V	L	I	F	Y	W	H	M	C	P
0	0.00775	0.00572	0.00736	0.00811	0.00888	0.00547	0.00555	0.00950	0.04339	0.01492	0.02790	0.61160	0.03248	0.07306	0.05825	0.00289	0.00436	0.01385	0.00494	0.05400
1	0.01326	0.00793	0.00957	0.00860	0.01104	0.00752	0.00662	0.05862	0.08499	0.19430	0.14029	0.16072	0.18165	0.03751	0.00717	0.00204	0.00394	0.03062	0.00583	0.02779
2	0.12870	0.01292	0.01448	0.11141	0.01838	0.01419	0.01000	0.37580	0.05042	0.02749	0.01289	0.02752	0.00994	0.00876	0.05506	0.00215	0.00643	0.00497	0.00457	0.10392
3	0.00897	0.00652	0.00913	0.00900	0.01015	0.00739	0.00692	0.04948	0.01039	0.01499	0.01657	0.07234	0.01581	0.06218	0.61489	0.00776	0.01299	0.00676	0.05248	0.00528
4	0.01757	0.01392	0.01955	0.08753	0.11718	0.01501	0.11808	0.32623	0.06648	0.07756	0.01353	0.01511	0.01001	0.00683	0.00697	0.02582	0.04400	0.00548	0.00450	0.00862
5	0.05027	0.01311	0.01473	0.05005	0.04916	0.04953	0.00986	0.27627	0.03870	0.02407	0.01328	0.08087	0.01147	0.00728	0.00669	0.00164	0.08436	0.00555	0.00429	0.20881
6	0.03639	0.12364	0.01254	0.00879	0.01113	0.00976	0.00717	0.05666	0.01505	0.10446	0.37039	0.08994	0.04861	0.01030	0.00670	0.00181	0.04237	0.03247	0.00539	0.00641
7	0.01662	0.01313	0.01636	0.23043	0.05945	0.01473	0.01201	0.39897	0.05080	0.02660	0.01417	0.07114	0.01143	0.00722	0.00579	0.00180	0.00634	0.00594	0.00459	0.03247
8	0.00922	0.00612	0.00790	0.00730	0.00891	0.00556	0.00553	0.01179	0.01596	0.07456	0.65398	0.04205	0.10609	0.01159	0.00668	0.00181	0.00287	0.01016	0.00627	0.00566
9	0.00707	0.00505	0.00672	0.00790	0.00832	0.00471	0.00532	0.00821	0.01141	0.01532	0.09470	0.73001	0.03923	0.01738	0.00725	0.00228	0.00326	0.01575	0.00540	0.00471
10	0.83938	0.01106	0.00841	0.00752	0.01106	0.01283	0.00619	0.01681	0.00973	0.02566	0.00796	0.00929	0.00619	0.00531	0.00354	0.00177	0.00442	0.00310	0.00354	0.00619
11	0.00700	0.00516	0.00656	0.00758	0.00822	0.00472	0.00516	0.00817	0.01159	0.01522	0.07836	0.63453	0.15275	0.01701	0.00718	0.00223	0.00322	0.01525	0.00537	0.00472
12	0.00832	0.00555	0.00624	0.00624	0.00624	0.00555	0.00347	0.00832	0.00832	0.01109	0.01802	0.03743	0.02080	0.79898	0.02911	0.00555	0.00555	0.00832	0.00347	0.00347
13	0.01772	0.04897	0.08238	0.10619	0.06432	0.03776	0.01227	0.41003	0.07993	0.02770	0.01343	0.01445	0.00989	0.00645	0.00552	0.00172	0.00648	0.00504	0.04102	0.00874
14	0.01502	0.01156	0.01347	0.01125	0.05024	0.01087	0.00851	0.11506	0.18997	0.08707	0.01485	0.01512	0.01129	0.00570	0.00501	0.00134	0.00475	0.00464	0.00456	0.41972
15	0.01648	0.01543	0.05268	0.06752	0.01870	0.15296	0.07404	0.07481	0.25894	0.10805	0.03844	0.02055	0.01474	0.00739	0.00590	0.00185	0.00661	0.05210	0.00476	0.00805

[dist]
# distance from previous block
# <min> <max>
4	6

[block]
# block no. 7 follows, 41 sequences, length 22
# corresponding to MSA columns:
# 646-667
name=unknown_H
#
# <colnr> <probs for GDERKNQSTAVLIFYWHMCP>
#	G	D	E	R	K	N	Q	S	T	A	V	L	I	F	Y	W	H	M	C	P
0	0.01706	0.23692	0.06840	0.01233	0.01679	0.04646	0.08589	0.15728	0.04219	0.13728	0.04798	0.03647	0.01270	0.00732	0.02181	0.00178	0.00644	0.00531	0.03157	0.00803
1	0.00830	0.00560	0.00654	0.00654	0.00664	0.00571	0.00384	0.00851	0.00841	0.01131	0.01775	0.03593	0.02014	0.72289	0.10431	0.00591	0.00653	0.00810	0.00343	0.00363
2	0.01352	0.01287	0.08064	0.03229	0.01548	0.01242	0.03359	0.15386	0.31712	0.02287	0.05333	0.02519	0.10337	0.08781	0.00829	0.00224	0.00529	0.00700	0.00503	0.00780
3	0.01365	0.02687	0.58952	0.01699	0.07345	0.08972	0.01898	0.01924	0.01286	0.07064	0.01102	0.01256	0.00787	0.00557	0.00544	0.00177	0.00827	0.00434	0.00283	0.00840
4	0.02566	0.00973	0.01327	0.01018	0.01460	0.00841	0.00841	0.02788	0.01637	0.76726	0.02257	0.01947	0.01416	0.00708	0.00575	0.00177	0.00487	0.00575	0.00708	0.00973
5	0.55530	0.01060	0.01011	0.00845	0.01230	0.01129	0.00697	0.02068	0.01205	0.28456	0.01306	0.01284	0.00898	0.00593	0.00431	0.00177	0.00458	0.00402	0.00478	0.00743
6	0.01676	0.01781	0.01900	0.11110	0.32152	0.26530	0.01408	0.07827	0.06726	0.01844	0.01118	0.01349	0.00898	0.00576	0.00552	0.00167	0.00785	0.00473	0.00328	0.00800
7	0.01326	0.00922	0.01230	0.01066	0.01310	0.00967	0.05179	0.19192	0.01527	0.09218	0.04954	0.15802	0.04883	0.02097	0.25772	0.00429	0.00844	0.00807	0.01799	0.00676
8	0.00697	0.00498	0.00664	0.00796	0.00830	0.00465	0.00531	0.00796	0.01095	0.01460	0.03153	0.79525	0.03783	0.01792	0.00730	0.00232	0.00332	0.01626	0.00531	0.00465
9	0.01262	0.01211	0.04833	0.32045	0.29689	0.01258	0.03070	0.04548	0.04621	0.01714	0.01114	0.01516	0.00892	0.00703	0.00739	0.08552	0.00694	0.00514	0.00292	0.00732
10	0.83938	0.01106	0.00841	0.00752	0.01106	0.01283	0.00619	0.01681	0.00973	0.02566	0.00796	0.00929	0.00619	0.00531	0.00354	0.00177	0.00442	0.00310	0.00354	0.00619
11	0.02464	0.01360	0.21773	0.01102	0.01429	0.00993	0.01079	0.05755	0.04061	0.01702	0.01430	0.02009	0.01260	0.11306	0.29358	0.00497	0.04145	0.00566	0.07076	0.00635
12	0.01103	0.00695	0.00888	0.00800	0.00993	0.00660	0.00613	0.01487	0.08231	0.12392	0.59417	0.03766	0.04530	0.01072	0.00653	0.00181	0.00316	0.00937	0.00636	0.00631
13	0.00900	0.00714	0.00783	0.00763	0.00950	0.00687	0.00568	0.08415	0.07355	0.01842	0.08437	0.23412	0.40269	0.01388	0.00672	0.00200	0.00346	0.01188	0.00545	0.00565
14	0.01313	0.01029	0.01116	0.01022	0.01296	0.01133	0.00782	0.02431	0.50413	0.07393	0.02835	0.10402	0.11553	0.03774	0.00691	0.00209	0.00425	0.00819	0.00571	0.00791
15	0.83938	0.01106	0.00841	0.00752	0.01106	0.01283	0.00619	0.01681	0.00973	0.02566	0.00796	0.00929	0.00619	0.00531	0.00354	0.00177	0.00442	0.00310	0.00354	0.00619
16	0.00723	0.00567	0.00654	0.00691	0.00829	0.00503	0.00511	0.00880	0.01285	0.01627	0.13978	0.23068	0.41666	0.03317	0.00750	0.00215	0.00324	0.07386	0.00539	0.00487
17	0.00796	0.00586	0.00846	0.00870	0.00950	0.00654	0.00648	0.00963	0.00944	0.01333	0.01855	0.16621	0.01922	0.10612	0.56759	0.00760	0.01223	0.00819	0.00351	0.00487
18	0.01731	0.01233	0.01410	0.04675	0.01604	0.01349	0.00946	0.37113	0.12175	0.09361	0.01783	0.01921	0.04294	0.04439	0.11476	0.00296	0.00704	0.00590	0.00519	0.02381
19	0.03379	0.16828	0.47210	0.01536	0.04764	0.01521	0.03388	0.01789	0.01188	0.04776	0.01009	0.01197	0.00764	0.00578	0.00631	0.00176	0.07772	0.00420	0.00267	0.00805
20	0.07861	0.20286	0.38875	0.01635	0.11736	0.01575	0.01615	0.06898	0.01296	0.01898	0.00986	0.01158	0.00760	0.00536	0.00493	0.00165	0.00723	0.00405	0.00280	0.00819
21	0.01403	0.50815	0.09061	0.01053	0.01471	0.09430	0.01011	0.01610	0.01200	0.01414	0.01259	0.15439	0.01295	0.00744	0.00465	0.00150	0.00623	0.00566	0.00302	0.00687

[dist]
# distance from previous block
# <min> <max>
0	1

[block]
# block no. 8 follows, 41 sequences, length 16
# corresponding to MSA columns:
# 669-684
name=unknown_I
#
# <colnr> <probs for GDERKNQSTAVLIFYWHMCP>
#	G	D	E	R	K	N	Q	S	T	A	V	L	I	F	Y	W	H	M	C	P
0	0.01164	0.01239	0.18452	0.01094	0.01399	0.00848	0.01014	0.03702	0.06302	0.09512	0.02342	0.35316	0.02419	0.01303	0.00768	0.05315	0.00522	0.06146	0.00481	0.00663
1	0.01144	0.00993	0.01458	0.05439	0.25729	0.00977	0.04095	0.02164	0.08229	0.03813	0.04376	0.12818	0.24309	0.01030	0.00645	0.00196	0.00510	0.00907	0.00451	0.00716
2	0.00912	0.00583	0.00781	0.00865	0.00903	0.00550	0.00591	0.00883	0.01058	0.01417	0.02504	0.47931	0.02886	0.01885	0.01262	0.27294	0.00434	0.06343	0.00468	0.00451
3	0.02190	0.01355	0.01543	0.01206	0.01628	0.01410	0.00983	0.46162	0.02306	0.23932	0.09428	0.01913	0.01609	0.00780	0.00608	0.00185	0.00571	0.00604	0.00633	0.00955
4	0.05243	0.04680	0.09566	0.01604	0.09588	0.22947	0.06169	0.04550	0.06765	0.13114	0.06696	0.01663	0.01328	0.00688	0.00611	0.00181	0.02844	0.00531	0.00423	0.00809
5	0.10034	0.12347	0.08558	0.02734	0.51376	0.01501	0.01576	0.01783	0.01276	0.01915	0.01061	0.01357	0.00891	0.00551	0.00539	0.00176	0.00677	0.00472	0.00302	0.00875
6	0.00961	0.00786	0.01119	0.01074	0.01152	0.00953	0.00839	0.01120	0.00966	0.01408	0.01580	0.10122	0.01573	0.03306	0.52185	0.00703	0.18541	0.00710	0.00337	0.00562
7	0.16025	0.06962	0.01476	0.01099	0.01507	0.06493	0.00898	0.15087	0.08376	0.31899	0.03264	0.01677	0.01272	0.00703	0.00545	0.00182	0.00562	0.00520	0.00566	0.00887
8	0.01440	0.00808	0.01014	0.00883	0.01137	0.00750	0.00684	0.01806	0.09137	0.24186	0.41170	0.03511	0.08928	0.01046	0.00659	0.00192	0.00375	0.00886	0.00658	0.00731
9	0.01608	0.06768	0.06991	0.07755	0.01866	0.09406	0.01110	0.13366	0.34551	0.02294	0.01686	0.01713	0.01287	0.00703	0.00569	0.00183	0.00622	0.00544	0.00477	0.06502
10	0.00894	0.00674	0.00835	0.00863	0.01002	0.00584	0.00599	0.01004	0.01201	0.01664	0.06040	0.58486	0.05476	0.01545	0.00707	0.00218	0.00380	0.01362	0.00529	0.15935
11	0.01281	0.01083	0.01251	0.00913	0.01423	0.00819	0.00719	0.01506	0.01245	0.01948	0.01112	0.01318	0.00938	0.00489	0.00466	0.00104	0.00457	0.00372	0.00371	0.82186
12	0.02640	0.01040	0.01390	0.01081	0.01526	0.00896	0.00880	0.02832	0.01689	0.75673	0.02333	0.02068	0.01498	0.00769	0.00615	0.00194	0.00519	0.00604	0.00735	0.01018
13	0.00972	0.00624	0.00806	0.00871	0.00962	0.00567	0.00602	0.01078	0.01273	0.07989	0.13157	0.61605	0.03852	0.01660	0.00747	0.00237	0.00371	0.01470	0.00589	0.00570
14	0.00797	0.00581	0.00727	0.00839	0.00899	0.00527	0.00564	0.00874	0.01179	0.01560	0.03506	0.70330	0.11778	0.01799	0.00762	0.00245	0.00362	0.01593	0.00560	0.00518
15	0.00847	0.00602	0.00756	0.00819	0.00883	0.00557	0.00551	0.00948	0.01252	0.01713	0.21512	0.48789	0.04000	0.12593	0.01059	0.00281	0.00382	0.01378	0.00560	0.00519

[dist]
# distance from previous block
# <min> <max>
0	1

[block]
# block no. 9 follows, 41 sequences, length 57
# corresponding to MSA columns:
# 686-742
name=unknown_J
#
# <colnr> <probs for GDERKNQSTAVLIFYWHMCP>
#	G	D	E	R	K	N	Q	S	T	A	V	L	I	F	Y	W	H	M	C	P
0	0.02361	0.01158	0.01438	0.01109	0.01569	0.01040	0.00898	0.14079	0.01791	0.51487	0.01999	0.01868	0.01345	0.00728	0.00596	0.00181	0.00536	0.00560	0.00656	0.14603
1	0.01399	0.01222	0.01815	0.55739	0.07350	0.01444	0.01526	0.13567	0.01459	0.01935	0.01171	0.01623	0.00909	0.00686	0.00698	0.00210	0.05597	0.00544	0.00346	0.00761
2	0.11143	0.01174	0.01465	0.01254	0.01405	0.01410	0.01007	0.05699	0.01138	0.01830	0.05738	0.01607	0.01186	0.01038	0.01426	0.09218	0.40506	0.00527	0.00355	0.10874
3	0.06066	0.07536	0.07372	0.06391	0.30984	0.01442	0.07487	0.06220	0.07233	0.06315	0.01327	0.01570	0.01051	0.00623	0.00587	0.00188	0.00687	0.00529	0.00386	0.06007
4	0.02769	0.10505	0.35371	0.01676	0.10313	0.01498	0.01591	0.06412	0.15038	0.06721	0.01449	0.01573	0.01095	0.00668	0.00582	0.00195	0.00720	0.00510	0.00398	0.00916
5	0.38491	0.03151	0.01515	0.06967	0.06433	0.07176	0.09164	0.02803	0.01210	0.02149	0.01271	0.10389	0.01175	0.00778	0.00611	0.00206	0.04836	0.00587	0.00383	0.00706
6	0.01490	0.01338	0.02033	0.21032	0.25896	0.01410	0.08470	0.10089	0.10338	0.02107	0.01384	0.02866	0.01116	0.00670	0.00642	0.00197	0.01973	0.00583	0.00390	0.05975
7	0.00986	0.00865	0.01122	0.05362	0.01309	0.00889	0.04679	0.01174	0.02545	0.01778	0.17033	0.04144	0.39850	0.01267	0.00917	0.00220	0.13746	0.01001	0.00507	0.00607
8	0.05833	0.09081	0.41120	0.01492	0.02124	0.01400	0.06098	0.01835	0.01270	0.06132	0.02373	0.01432	0.00964	0.00649	0.00666	0.00191	0.06750	0.00473	0.00333	0.09784
9	0.06776	0.01426	0.01520	0.01209	0.01598	0.01520	0.00961	0.51884	0.02269	0.03150	0.06082	0.01917	0.01438	0.09275	0.00854	0.00228	0.00610	0.00592	0.00557	0.06134
10	0.01134	0.00751	0.00858	0.00796	0.01009	0.00672	0.00595	0.01361	0.05448	0.11885	0.22984	0.04514	0.36945	0.06152	0.00841	0.00231	0.00380	0.02201	0.00605	0.00637
11	0.01334	0.01074	0.01242	0.01036	0.01378	0.00999	0.00795	0.11865	0.07113	0.02121	0.01802	0.21199	0.01773	0.00939	0.00661	0.00173	0.04680	0.00758	0.00471	0.38587
12	0.00909	0.00678	0.00843	0.00870	0.01002	0.00593	0.00603	0.01020	0.01232	0.01715	0.10776	0.55944	0.03499	0.02868	0.00754	0.00227	0.00384	0.01351	0.00541	0.14194
13	0.02180	0.05169	0.01672	0.01229	0.01669	0.01207	0.06545	0.17982	0.03309	0.38493	0.07487	0.02011	0.01609	0.00764	0.00616	0.00189	0.00577	0.00611	0.00623	0.06058
14	0.12856	0.01909	0.01627	0.01490	0.06082	0.27814	0.01105	0.21457	0.09488	0.02375	0.01266	0.01418	0.01006	0.00726	0.00671	0.00192	0.06763	0.00484	0.00440	0.00832
15	0.01825	0.05653	0.01739	0.01345	0.01724	0.01598	0.05328	0.28304	0.27697	0.06965	0.04985	0.01922	0.01526	0.00808	0.00704	0.00204	0.05557	0.00618	0.00564	0.00934
16	0.01642	0.03353	0.05699	0.11915	0.01979	0.06289	0.01905	0.16731	0.05531	0.07843	0.01481	0.08440	0.01278	0.00885	0.00915	0.00213	0.18480	0.00630	0.00440	0.04352
17	0.01977	0.01212	0.07099	0.01117	0.01519	0.01041	0.00946	0.06372	0.15378	0.38286	0.11304	0.02537	0.06707	0.00879	0.00638	0.00201	0.00514	0.00702	0.00651	0.00918
18	0.01417	0.01709	0.13474	0.12206	0.06916	0.01468	0.41264	0.03655	0.05958	0.01947	0.01291	0.01656	0.00993	0.00613	0.00701	0.00210	0.02718	0.00630	0.00339	0.00835
19	0.01554	0.61714	0.14650	0.01188	0.01705	0.02121	0.01218	0.01777	0.01219	0.01527	0.00942	0.01141	0.00839	0.00604	0.00540	0.00161	0.05644	0.00375	0.00283	0.00799
20	0.00850	0.00686	0.00781	0.00802	0.00943	0.00635	0.00590	0.00958	0.01293	0.01638	0.06192	0.25584	0.45261	0.01572	0.00815	0.00230	0.05211	0.04858	0.00549	0.00549
21	0.00931	0.00663	0.00814	0.00795	0.00939	0.00594	0.00579	0.01117	0.01543	0.04084	0.49583	0.16906	0.16427	0.01367	0.00726	0.00210	0.00330	0.01173	0.00631	0.00588
22	0.01580	0.01644	0.02810	0.02344	0.12949	0.07345	0.45217	0.06164	0.09502	0.02062	0.01371	0.01685	0.01067	0.00612	0.00676	0.00205	0.00884	0.00648	0.00374	0.00862
23	0.01091	0.00923	0.01116	0.06002	0.05397	0.00959	0.00838	0.05243	0.08514	0.01837	0.03774	0.09630	0.36867	0.01277	0.00836	0.00224	0.09108	0.05195	0.00510	0.00659
24	0.00811	0.00659	0.00691	0.00688	0.00873	0.00558	0.00504	0.00937	0.01398	0.01736	0.14433	0.09127	0.62477	0.01488	0.00723	0.00213	0.00330	0.01229	0.00577	0.00548
25	0.06209	0.01373	0.01806	0.16140	0.05161	0.05528	0.11760	0.02342	0.30538	0.05818	0.01694	0.01855	0.01299	0.00738	0.00692	0.00211	0.04923	0.00606	0.00458	0.00846
26	0.01683	0.21154	0.02006	0.10246	0.01956	0.19173	0.05733	0.03766	0.09424	0.05970	0.01454	0.01913	0.01243	0.00950	0.05104	0.00231	0.00807	0.06017	0.00395	0.00772
27	0.02116	0.01312	0.11575	0.01159	0.01610	0.01015	0.01034	0.03424	0.10321	0.47123	0.10696	0.02269	0.01909	0.00817	0.00629	0.00200	0.00545	0.00649	0.00650	0.00948
28	0.01035	0.00882	0.05609	0.00997	0.01155	0.00755	0.00767	0.09229	0.01362	0.01846	0.02815	0.57097	0.03206	0.02769	0.00773	0.00245	0.00455	0.05892	0.00544	0.02568
29	0.00823	0.00595	0.00771	0.02682	0.00988	0.00553	0.00606	0.00898	0.01165	0.01564	0.03175	0.76497	0.03765	0.01815	0.00770	0.00250	0.00382	0.01615	0.00558	0.00528
30	0.01296	0.07125	0.53280	0.07580	0.02507	0.01486	0.05853	0.01800	0.01238	0.01808	0.01098	0.01389	0.00844	0.00663	0.00736	0.00207	0.09477	0.00481	0.00285	0.00847
31	0.01542	0.01269	0.07111	0.05935	0.01686	0.01169	0.01008	0.06196	0.28238	0.12444	0.06623	0.02580	0.06697	0.00874	0.00629	0.00200	0.00533	0.04724	0.00554	0.09988
32	0.00949	0.00647	0.00739	0.00737	0.00770	0.00626	0.00452	0.00964	0.01019	0.01383	0.10199	0.04055	0.02595	0.65642	0.02554	0.00511	0.00557	0.04739	0.00424	0.00439
33	0.01324	0.09704	0.01452	0.00931	0.01440	0.00986	0.00755	0.01539	0.01246	0.01897	0.01094	0.01298	0.00931	0.00501	0.00463	0.00109	0.00480	0.00370	0.00363	0.73117
34	0.01249	0.02998	0.75777	0.01688	0.02529	0.01379	0.02134	0.01875	0.01270	0.01902	0.01128	0.01348	0.00823	0.00611	0.00587	0.00200	0.00874	0.00456	0.00277	0.00894
35	0.00792	0.00629	0.00687	0.00729	0.00874	0.00541	0.00516	0.00892	0.01292	0.01611	0.04899	0.31347	0.49798	0.01621	0.00736	0.00225	0.00342	0.01374	0.00562	0.00531
36	0.01441	0.01216	0.01292	0.01189	0.01486	0.01368	0.00905	0.02839	0.66090	0.02373	0.02498	0.10677	0.02049	0.00951	0.00641	0.00216	0.00475	0.00783	0.00607	0.00905
37	0.00992	0.00738	0.00910	0.00866	0.01029	0.00708	0.00655	0.01376	0.09665	0.02343	0.61300	0.04298	0.04861	0.01216	0.00715	0.00206	0.00348	0.06497	0.00646	0.00632
