[name]
unknown

[dist]
# distance from previous block
# <min> <max>
25	134

[block]
# block no. 0 follows, 40 sequences, length 7
# corresponding to MSA columns:
# 158-164
name=unknown_A
#
# <colnr> <probs for GDERKNQSTAVLIFYWHMCP>
#	G	D	E	R	K	N	Q	S	T	A	V	L	I	F	Y	W	H	M	C	P
0	0.01073	0.00819	0.01031	0.09765	0.01393	0.04384	0.00783	0.01297	0.01393	0.06140	0.31345	0.08454	0.07066	0.01956	0.19978	0.00387	0.00733	0.00888	0.00508	0.00608
1	0.01443	0.00914	0.01119	0.00914	0.01261	0.00806	0.00716	0.06302	0.05349	0.18241	0.15878	0.13300	0.02353	0.00874	0.00576	0.00158	0.00416	0.00748	0.00539	0.28093
2	0.01206	0.01034	0.01206	0.00861	0.01378	0.00775	0.00689	0.01464	0.01206	0.01895	0.01034	0.01206	0.00861	0.00431	0.00431	0.00086	0.00431	0.00345	0.00345	0.83118
3	0.16954	0.23692	0.42052	0.01307	0.01972	0.01602	0.01544	0.01789	0.01170	0.01858	0.00935	0.01093	0.00719	0.00535	0.00467	0.00167	0.00717	0.00375	0.00268	0.00785
4	0.01340	0.01371	0.02615	0.11898	0.19887	0.01339	0.36507	0.04167	0.01357	0.01871	0.01226	0.04951	0.01012	0.00570	0.00626	0.00183	0.00804	0.00636	0.00313	0.07328
5	0.01214	0.01062	0.01274	0.00940	0.01396	0.00895	0.00758	0.01457	0.01168	0.01836	0.01001	0.01214	0.00850	0.00500	0.00606	0.00106	0.09711	0.00364	0.00334	0.73313
6	0.15949	0.01354	0.02377	0.08258	0.13649	0.01379	0.33175	0.01908	0.05042	0.07082	0.01212	0.01487	0.00915	0.00558	0.00629	0.00190	0.03141	0.00568	0.00345	0.00783

[dist]
# distance from previous block
# <min> <max>
5	9

[block]
# block no. 1 follows, 40 sequences, length 28
# corresponding to MSA columns:
# 174-201
name=unknown_B
#
# <colnr> <probs for GDERKNQSTAVLIFYWHMCP>
#	G	D	E	R	K	N	Q	S	T	A	V	L	I	F	Y	W	H	M	C	P
0	0.06739	0.01568	0.16218	0.02074	0.27464	0.03609	0.01444	0.01774	0.06753	0.03972	0.01268	0.03306	0.01063	0.01152	0.11009	0.00289	0.08646	0.00535	0.00326	0.00791
1	0.55317	0.01317	0.01266	0.06856	0.01596	0.09787	0.08132	0.01742	0.01152	0.02300	0.05113	0.01258	0.00955	0.00581	0.00446	0.00179	0.00585	0.00416	0.00355	0.00647
2	0.01411	0.07608	0.39144	0.01632	0.03254	0.01487	0.10522	0.07375	0.06172	0.06143	0.01200	0.01373	0.00887	0.00623	0.00700	0.00188	0.08617	0.00493	0.00328	0.00842
3	0.01509	0.06468	0.01853	0.12640	0.02016	0.03416	0.06307	0.22369	0.01546	0.02097	0.01186	0.04948	0.01025	0.01048	0.06258	0.00253	0.23379	0.00570	0.00370	0.00742
4	0.58036	0.07055	0.01228	0.06404	0.08874	0.01337	0.00836	0.01664	0.01093	0.02348	0.05778	0.01259	0.00998	0.00580	0.00419	0.00176	0.00498	0.00397	0.00356	0.00664
5	0.01360	0.01232	0.01193	0.04564	0.01423	0.11343	0.00832	0.06959	0.31379	0.02049	0.10233	0.08251	0.02164	0.13273	0.00976	0.00248	0.00552	0.00753	0.00500	0.00715
6	0.00781	0.00587	0.00722	0.00700	0.00846	0.00529	0.00521	0.01011	0.01529	0.02081	0.52931	0.09568	0.23456	0.01303	0.00690	0.00190	0.00284	0.01136	0.00608	0.00529
7	0.01741	0.01456	0.05632	0.02999	0.06680	0.15237	0.01013	0.04320	0.16103	0.20042	0.06906	0.02088	0.02681	0.06082	0.04217	0.00238	0.00670	0.00604	0.00495	0.00796
8	0.01084	0.00542	0.00542	0.00542	0.00678	0.00542	0.00407	0.01355	0.01220	0.02168	0.01897	0.02168	0.01491	0.00678	0.00407	0.00136	0.00271	0.00542	0.82791	0.00542
9	0.01462	0.01176	0.01312	0.05473	0.01575	0.01315	0.00919	0.22229	0.31513	0.02500	0.04505	0.02435	0.11120	0.01212	0.08330	0.00264	0.00612	0.00694	0.00537	0.00817
10	0.00957	0.00505	0.00743	0.00767	0.00773	0.00499	0.00511	0.00767	0.00820	0.01094	0.01397	0.15412	0.01510	0.01985	0.02003	0.68479	0.00475	0.00707	0.00303	0.00291
11	0.01639	0.30027	0.06973	0.01436	0.09878	0.08745	0.01149	0.13640	0.08963	0.03730	0.06313	0.01483	0.01252	0.00635	0.00526	0.00159	0.01778	0.00477	0.00384	0.00814
12	0.01488	0.01277	0.05162	0.31970	0.17980	0.01307	0.01429	0.10493	0.06425	0.09484	0.01307	0.01557	0.00970	0.00599	0.00570	0.00178	0.00673	0.00519	0.00377	0.06235
13	0.70683	0.01102	0.00891	0.00809	0.01148	0.01272	0.00654	0.01798	0.08444	0.02528	0.01102	0.05501	0.00927	0.00638	0.00405	0.00185	0.00445	0.00425	0.00393	0.00650
14	0.01216	0.01161	0.01913	0.46402	0.06626	0.01311	0.11906	0.01805	0.12811	0.01736	0.01267	0.01622	0.00961	0.00588	0.00588	0.00186	0.00728	0.00552	0.00323	0.06297
15	0.01411	0.36276	0.22017	0.06468	0.01854	0.02903	0.01265	0.01737	0.01233	0.06615	0.04527	0.01480	0.01105	0.05743	0.00638	0.00180	0.00669	0.00447	0.00309	0.03123
16	0.01404	0.01205	0.01279	0.01153	0.01469	0.01386	0.00895	0.02955	0.69934	0.02426	0.07320	0.02317	0.02026	0.00816	0.00598	0.00196	0.00448	0.00684	0.00595	0.00895
17	0.01141	0.06476	0.01456	0.01195	0.01277	0.04825	0.00965	0.01285	0.00955	0.01352	0.01153	0.01853	0.01139	0.10796	0.26645	0.00499	0.35563	0.00564	0.00286	0.00575
18	0.00719	0.00534	0.00674	0.00780	0.00855	0.00489	0.00545	0.00841	0.01173	0.01519	0.03763	0.58918	0.18957	0.01734	0.00735	0.00230	0.00341	0.06172	0.00540	0.00480
19	0.01164	0.08894	0.06673	0.09971	0.05114	0.06055	0.04295	0.02596	0.01122	0.01495	0.01252	0.01856	0.01140	0.09720	0.23425	0.05883	0.00949	0.00538	0.00300	0.07558
20	0.01495	0.01318	0.01377	0.06404	0.01701	0.04948	0.00982	0.07575	0.60373	0.02401	0.03537	0.02066	0.01679	0.00768	0.00589	0.00193	0.00517	0.00634	0.00556	0.00888
21	0.01692	0.01600	0.08178	0.01335	0.04177	0.15878	0.01086	0.08688	0.12424	0.13366	0.05663	0.01871	0.01422	0.06780	0.02636	0.00232	0.11182	0.00570	0.00446	0.00774
22	0.01065	0.00786	0.01035	0.00966	0.01118	0.00889	0.00745	0.13325	0.01227	0.01713	0.01564	0.02320	0.01456	0.12895	0.55279	0.00761	0.01282	0.00633	0.00362	0.00578
23	0.01352	0.01136	0.01228	0.08828	0.01597	0.06854	0.00894	0.02274	0.36473	0.06565	0.21763	0.04184	0.02614	0.00878	0.00614	0.00189	0.00486	0.00744	0.00556	0.00769
24	0.00731	0.00530	0.00690	0.00779	0.00845	0.00489	0.00535	0.00870	0.01237	0.01664	0.18271	0.58978	0.08889	0.01669	0.00727	0.00223	0.00322	0.01502	0.00560	0.00489
25	0.01329	0.01262	0.03302	0.13004	0.02443	0.01265	0.33949	0.07182	0.08753	0.01898	0.01314	0.01677	0.01021	0.00783	0.00862	0.12132	0.00755	0.00607	0.05763	0.00702
26	0.00773	0.00531	0.00692	0.00763	0.00807	0.00503	0.00508	0.00863	0.01139	0.01543	0.15744	0.47933	0.03655	0.14674	0.01207	0.05998	0.00375	0.01332	0.00507	0.00451
27	0.01570	0.02485	0.03399	0.21913	0.07464	0.13790	0.06224	0.14108	0.10031	0.02003	0.01206	0.01461	0.00937	0.00669	0.00737	0.00189	0.10161	0.00518	0.00362	0.00773

[dist]
# distance from previous block
# <min> <max>
0	2

[block]
# block no. 2 follows, 40 sequences, length 9
# corresponding to MSA columns:
# 204-212
name=unknown_C
#
# <colnr> <probs for GDERKNQSTAVLIFYWHMCP>
#	G	D	E	R	K	N	Q	S	T	A	V	L	I	F	Y	W	H	M	C	P
0	0.01225	0.01087	0.07649	0.07139	0.01567	0.00857	0.00885	0.01620	0.07368	0.08837	0.10627	0.13247	0.01973	0.00807	0.00558	0.00155	0.00471	0.00692	0.00449	0.32787
1	0.04439	0.08034	0.01853	0.03308	0.19264	0.14104	0.02546	0.12234	0.11755	0.02020	0.01268	0.01558	0.01058	0.05891	0.00831	0.00203	0.07952	0.00514	0.00374	0.00793
2	0.10251	0.01961	0.08085	0.01642	0.12144	0.26268	0.01211	0.12792	0.16036	0.02175	0.01291	0.01379	0.00996	0.00629	0.00539	0.00172	0.00745	0.00471	0.00398	0.00815
3	0.01079	0.00939	0.00907	0.00901	0.01048	0.09954	0.00646	0.09843	0.01408	0.01757	0.05773	0.38341	0.15547	0.08021	0.00872	0.00237	0.00469	0.01197	0.00504	0.00555
4	0.01224	0.01059	0.01229	0.06192	0.01465	0.04285	0.00889	0.03338	0.23413	0.01950	0.08135	0.08221	0.01860	0.01211	0.07924	0.00260	0.12057	0.00688	0.07246	0.07356
5	0.07672	0.00815	0.01066	0.01140	0.08018	0.00842	0.03018	0.05714	0.07107	0.01725	0.02106	0.22274	0.06334	0.07914	0.04015	0.16516	0.00522	0.00886	0.01759	0.00556
6	0.08056	0.17683	0.04388	0.01632	0.05165	0.01493	0.27997	0.07654	0.01411	0.02003	0.08011	0.01591	0.01270	0.00601	0.00583	0.01507	0.00702	0.00555	0.00348	0.07350
7	0.11308	0.01353	0.07580	0.06196	0.18774	0.10919	0.01126	0.01629	0.01287	0.04428	0.07384	0.08422	0.01575	0.01034	0.06689	0.00237	0.00686	0.00622	0.08054	0.00698
8	0.01359	0.01603	0.15613	0.01674	0.06973	0.01270	0.20255	0.12850	0.02706	0.02135	0.04660	0.01877	0.07536	0.00661	0.00635	0.00173	0.03148	0.00605	0.00377	0.13892

[dist]
# distance from previous block
# <min> <max>
0	8

[block]
# block no. 3 follows, 40 sequences, length 11
# corresponding to MSA columns:
# 223-233
name=unknown_D
#
# <colnr> <probs for GDERKNQSTAVLIFYWHMCP>
#	G	D	E	R	K	N	Q	S	T	A	V	L	I	F	Y	W	H	M	C	P
0	0.01168	0.01084	0.07656	0.01362	0.11851	0.00946	0.07770	0.07079	0.01345	0.01970	0.02268	0.04863	0.13717	0.06611	0.00775	0.00202	0.02983	0.00710	0.24978	0.00659
1	0.23204	0.25092	0.08426	0.08489	0.01911	0.12377	0.07606	0.03752	0.01258	0.01861	0.00912	0.01105	0.00737	0.00540	0.00460	0.00162	0.00704	0.00390	0.00299	0.00715
2	0.08010	0.01211	0.01596	0.04356	0.16115	0.01343	0.01131	0.13889	0.05568	0.08490	0.01291	0.01529	0.01025	0.01023	0.07810	0.00253	0.14762	0.00510	0.02323	0.07763
3	0.21635	0.03776	0.11332	0.01098	0.01432	0.07929	0.03237	0.10404	0.01357	0.02083	0.01755	0.27898	0.01814	0.01003	0.00570	0.00195	0.00566	0.00832	0.00423	0.00664
4	0.01348	0.36832	0.15058	0.01134	0.01561	0.01666	0.01128	0.07667	0.01323	0.01734	0.06741	0.12384	0.01554	0.00803	0.00615	0.00169	0.06602	0.00609	0.00347	0.00725
5	0.00854	0.00632	0.00739	0.00772	0.00877	0.00606	0.00533	0.07073	0.01260	0.01633	0.03485	0.42120	0.20950	0.14390	0.01079	0.00275	0.00390	0.01320	0.00513	0.00501
6	0.29909	0.01408	0.01331	0.08929	0.01690	0.08592	0.00928	0.28483	0.01704	0.02641	0.01150	0.01440	0.00922	0.07693	0.00713	0.00211	0.00620	0.00466	0.00425	0.00744
7	0.08550	0.00748	0.00852	0.00779	0.01011	0.00711	0.00598	0.01485	0.06823	0.14621	0.22294	0.09626	0.25792	0.02686	0.00682	0.00199	0.00358	0.00974	0.00580	0.00631
8	0.08765	0.01743	0.01733	0.09827	0.07471	0.23131	0.06730	0.16196	0.08589	0.02173	0.01189	0.01349	0.00918	0.00602	0.00543	0.00167	0.00752	0.00473	0.00386	0.07263
9	0.00824	0.00608	0.00865	0.12828	0.01321	0.00622	0.00695	0.00966	0.01174	0.01580	0.15936	0.42528	0.03333	0.05900	0.00961	0.07248	0.00421	0.01223	0.00480	0.00488
10	0.01781	0.08830	0.01595	0.01201	0.02781	0.07064	0.00960	0.27016	0.21179	0.08384	0.02066	0.01993	0.08693	0.00765	0.00567	0.00174	0.00570	0.00598	0.00527	0.03258

[dist]
# distance from previous block
# <min> <max>
0	9

[block]
# block no. 4 follows, 40 sequences, length 16
# corresponding to MSA columns:
# 243-258
name=unknown_E
#
# <colnr> <probs for GDERKNQSTAVLIFYWHMCP>
#	G	D	E	R	K	N	Q	S	T	A	V	L	I	F	Y	W	H	M	C	P
0	0.01333	0.06705	0.13597	0.03453	0.01598	0.01085	0.01005	0.12197	0.01421	0.05324	0.01524	0.14217	0.01424	0.04381	0.00648	0.00172	0.00549	0.00637	0.00404	0.28327
1	0.07569	0.05831	0.40775	0.01365	0.01974	0.08231	0.01527	0.07002	0.01436	0.07103	0.10400	0.01628	0.01388	0.00654	0.00548	0.00177	0.00722	0.00505	0.00365	0.00800
2	0.07954	0.01650	0.11460	0.01366	0.01846	0.01552	0.05669	0.41437	0.08800	0.04593	0.01522	0.01804	0.01173	0.00728	0.00585	0.00186	0.00648	0.05629	0.00504	0.00894
3	0.02889	0.01463	0.07047	0.07261	0.08526	0.09271	0.01125	0.20185	0.11324	0.02328	0.03752	0.06913	0.03812	0.00823	0.00588	0.00185	0.00617	0.05044	0.06066	0.00781
4	0.00807	0.00603	0.00800	0.00800	0.00898	0.00644	0.00587	0.00955	0.00990	0.01342	0.02455	0.03269	0.15906	0.20949	0.45571	0.00708	0.01088	0.00790	0.00365	0.00476
5	0.01518	0.01321	0.01337	0.04696	0.01601	0.06780	0.00940	0.16279	0.40970	0.02425	0.02494	0.02465	0.11263	0.00857	0.00602	0.00191	0.00531	0.02347	0.00545	0.00838
6	0.01707	0.00781	0.01052	0.00895	0.01176	0.00692	0.00702	0.01933	0.01582	0.39512	0.28714	0.13441	0.03222	0.01039	0.00643	0.00189	0.00394	0.00899	0.00666	0.00760
7	0.01272	0.01225	0.06320	0.10646	0.16625	0.01222	0.07023	0.01822	0.15512	0.03864	0.10378	0.02100	0.01675	0.00863	0.00871	0.06960	0.08009	0.02479	0.00396	0.00740
8	0.00813	0.00594	0.00763	0.00721	0.00863	0.00544	0.00541	0.01078	0.01622	0.02275	0.70420	0.04437	0.10731	0.01210	0.00686	0.00184	0.00276	0.01065	0.00633	0.00544
9	0.01285	0.01227	0.06422	0.01163	0.01502	0.01200	0.05467	0.08780	0.37218	0.02285	0.09587	0.07429	0.12042	0.00940	0.00625	0.00195	0.00489	0.00807	0.00543	0.00793
10	0.08215	0.01016	0.01292	0.01023	0.01442	0.00944	0.00836	0.02728	0.09829	0.60451	0.04504	0.02001	0.01547	0.00729	0.00573	0.00182	0.00481	0.00588	0.00677	0.00942
11	0.01220	0.01182	0.07887	0.06291	0.01511	0.03004	0.00948	0.12816	0.10386	0.02108	0.10871	0.02778	0.16617	0.01254	0.07710	0.00257	0.06171	0.00738	0.05559	0.00691
12	0.02174	0.02715	0.01653	0.01490	0.01798	0.73495	0.01123	0.05870	0.01702	0.01534	0.00923	0.01066	0.00761	0.00604	0.00527	0.00151	0.01028	0.00382	0.00314	0.00690
13	0.07792	0.08697	0.04137	0.11279	0.11083	0.01390	0.01129	0.22047	0.01696	0.09996	0.03875	0.01764	0.06161	0.00679	0.00545	0.00170	0.00592	0.00543	0.00443	0.05983
14	0.00721	0.00511	0.00671	0.00794	0.00824	0.00481	0.00523	0.00813	0.01089	0.01452	0.03080	0.72288	0.03688	0.08934	0.00945	0.00266	0.00358	0.01579	0.00523	0.00461
15	0.83671	0.01125	0.00855	0.00765	0.01125	0.01305	0.00630	0.01709	0.00990	0.02609	0.00810	0.00945	0.00630	0.00540	0.00360	0.00180	0.00450	0.00315	0.00360	0.00630

[dist]
# distance from previous block
# <min> <max>
5	8

[block]
# block no. 5 follows, 40 sequences, length 14
# corresponding to MSA columns:
# 267-280
name=unknown_F
#
# <colnr> <probs for GDERKNQSTAVLIFYWHMCP>
#	G	D	E	R	K	N	Q	S	T	A	V	L	I	F	Y	W	H	M	C	P
0	0.01618	0.01524	0.01530	0.01378	0.05202	0.18003	0.06187	0.05443	0.29806	0.07168	0.06190	0.02103	0.06343	0.00756	0.00587	0.00178	0.00626	0.00626	0.00489	0.04244
1	0.00842	0.00579	0.00711	0.00711	0.00737	0.00605	0.00448	0.00895	0.00868	0.01184	0.01762	0.03418	0.01946	0.60411	0.21882	0.00658	0.00817	0.00789	0.00342	0.00395
2	0.01508	0.01315	0.01693	0.04601	0.01872	0.01458	0.11858	0.13078	0.46774	0.02454	0.02027	0.02153	0.01562	0.00762	0.00614	0.00197	0.00581	0.04084	0.00529	0.00880
3	0.00771	0.00539	0.00676	0.00744	0.00778	0.00524	0.00480	0.00838	0.01009	0.01342	0.02688	0.41816	0.06530	0.29618	0.06796	0.02219	0.00503	0.01250	0.00451	0.00429
4	0.01151	0.00799	0.00917	0.00890	0.01022	0.04254	0.00646	0.10177	0.01336	0.05570	0.07605	0.28130	0.06083	0.07877	0.01184	0.16674	0.00470	0.04207	0.00478	0.00529
5	0.01543	0.71634	0.02975	0.01266	0.09341	0.02204	0.01078	0.01746	0.01197	0.01424	0.00839	0.00986	0.00765	0.00500	0.00394	0.00129	0.00629	0.00333	0.00253	0.00765
6	0.00835	0.00617	0.00663	0.00636	0.00843	0.00523	0.00483	0.01002	0.01386	0.06775	0.13795	0.05203	0.62414	0.01388	0.00680	0.00194	0.00306	0.01163	0.00564	0.00532
7	0.01082	0.00650	0.00858	0.00779	0.00959	0.00591	0.00593	0.01344	0.01632	0.13195	0.62563	0.06346	0.04840	0.01140	0.00673	0.00184	0.00309	0.01002	0.00649	0.00611
8	0.01040	0.00929	0.01456	0.24575	0.21872	0.00984	0.01217	0.01318	0.01246	0.01638	0.02465	0.14366	0.15055	0.01018	0.00646	0.00203	0.00575	0.08353	0.00388	0.00654
9	0.01350	0.01293	0.01272	0.00956	0.01441	0.12186	0.00754	0.01592	0.01272	0.01825	0.01013	0.01182	0.00845	0.00456	0.00445	0.00096	0.00523	0.00349	0.00338	0.70813
10	0.01167	0.01014	0.04998	0.01077	0.01261	0.01036	0.00859	0.12586	0.12321	0.01931	0.02170	0.33420	0.02260	0.01467	0.04486	0.06205	0.09621	0.01003	0.00474	0.00645
11	0.01553	0.01191	0.01344	0.01033	0.01497	0.01120	0.00830	0.16093	0.16722	0.07701	0.01470	0.01497	0.01116	0.00578	0.00504	0.00133	0.00482	0.00461	0.00469	0.44203
12	0.01241	0.01086	0.01378	0.01266	0.12506	0.00866	0.00853	0.01512	0.01224	0.01896	0.01043	0.01241	0.00870	0.00444	0.00452	0.00099	0.00469	0.00370	0.00336	0.70850
13	0.01346	0.16722	0.01580	0.01063	0.01286	0.10059	0.04183	0.04726	0.06508	0.01576	0.10407	0.01818	0.01523	0.01178	0.01204	0.28762	0.04612	0.00540	0.00347	0.00562

[dist]
# distance from previous block
# <min> <max>
6	10

[block]
# block no. 6 follows, 40 sequences, length 14
# corresponding to MSA columns:
# 291-304
name=unknown_G
#
# <colnr> <probs for GDERKNQSTAVLIFYWHMCP>
#	G	D	E	R	K	N	Q	S	T	A	V	L	I	F	Y	W	H	M	C	P
0	0.08062	0.07774	0.01549	0.01139	0.01524	0.01512	0.00939	0.38607	0.09916	0.06375	0.01786	0.03567	0.05796	0.01087	0.07516	0.00245	0.00652	0.00586	0.00517	0.00849
1	0.06871	0.01315	0.01404	0.01125	0.01497	0.04552	0.00911	0.39693	0.02180	0.12948	0.19097	0.02133	0.02086	0.00804	0.00591	0.00177	0.00539	0.00638	0.00589	0.00849
2	0.01495	0.02678	0.01484	0.22508	0.02167	0.07235	0.01098	0.25240	0.07310	0.02298	0.04419	0.10299	0.07571	0.00863	0.00604	0.00187	0.00622	0.00714	0.00459	0.00748
3	0.01565	0.01459	0.01655	0.28240	0.10343	0.14386	0.01265	0.19631	0.01615	0.02017	0.01207	0.01695	0.01006	0.10447	0.00867	0.00225	0.00753	0.00535	0.00361	0.00729
4	0.03362	0.00751	0.00809	0.00711	0.00941	0.00746	0.00556	0.09319	0.01404	0.08392	0.01772	0.01969	0.01362	0.00779	0.02907	0.00166	0.00387	0.00525	0.56204	0.06936
5	0.01187	0.01057	0.01094	0.04293	0.01378	0.05519	0.00817	0.02082	0.37327	0.01985	0.03145	0.11496	0.18217	0.01097	0.00642	0.00204	0.00465	0.06735	0.00539	0.00720
6	0.00755	0.00554	0.00712	0.00784	0.00875	0.00512	0.00565	0.00920	0.01295	0.01730	0.21529	0.44073	0.13923	0.01598	0.00726	0.00220	0.00334	0.07830	0.00564	0.00500
7	0.10098	0.01156	0.01851	0.06867	0.08629	0.01273	0.18790	0.01688	0.10038	0.01802	0.01368	0.04186	0.01186	0.04518	0.13979	0.00342	0.10571	0.00620	0.00342	0.00696
8	0.00940	0.00522	0.00736	0.00740	0.00776	0.00505	0.00504	0.00800	0.00922	0.01220	0.08443	0.07223	0.09649	0.01873	0.01863	0.61474	0.00451	0.00704	0.00337	0.00319
9	0.10264	0.01658	0.14127	0.24441	0.12303	0.07194	0.09493	0.07203	0.01344	0.01918	0.01041	0.01359	0.00798	0.00582	0.00613	0.00186	0.03928	0.00489	0.00303	0.00758
10	0.07908	0.36946	0.02381	0.01254	0.01673	0.06205	0.07618	0.12586	0.07474	0.01942	0.01058	0.01200	0.00872	0.00608	0.00602	0.00162	0.07962	0.00428	0.00342	0.00777
11	0.01499	0.04508	0.29711	0.01683	0.10024	0.01431	0.06511	0.22517	0.01648	0.02303	0.01217	0.01524	0.00959	0.07076	0.00759	0.00206	0.00734	0.00510	0.00364	0.04818
12	0.30358	0.07230	0.09069	0.10116	0.01733	0.01199	0.05479	0.01669	0.01233	0.08705	0.11687	0.06255	0.01627	0.00722	0.00515	0.00182	0.00549	0.00580	0.00406	0.00685
13	0.01373	0.01320	0.01786	0.08523	0.06316	0.11635	0.17020	0.10001	0.01442	0.01838	0.01624	0.16512	0.01586	0.00974	0.00764	0.06605	0.00703	0.04953	0.00385	0.04642

[dist]
# distance from previous block
# <min> <max>
0	1

[block]
# block no. 7 follows, 40 sequences, length 8
# corresponding to MSA columns:
# 306-313
name=unknown_H
#
# <colnr> <probs for GDERKNQSTAVLIFYWHMCP>
#	G	D	E	R	K	N	Q	S	T	A	V	L	I	F	Y	W	H	M	C	P
0	0.01105	0.01278	0.14591	0.01407	0.08232	0.00988	0.07148	0.05764	0.01283	0.01794	0.06772	0.18846	0.03957	0.07101	0.00957	0.03635	0.04912	0.04224	0.00400	0.05607
1	0.01035	0.14713	0.01478	0.08143	0.07115	0.01131	0.00914	0.01196	0.01107	0.01474	0.02033	0.39076	0.02304	0.03335	0.00879	0.00219	0.11822	0.01039	0.00397	0.00591
2	0.01391	0.01408	0.01119	0.01057	0.01252	0.26523	0.00766	0.07194	0.01402	0.01653	0.01905	0.28837	0.02051	0.10253	0.00878	0.00225	0.00632	0.00894	0.03630	0.06929
3	0.01321	0.15257	0.09737	0.35987	0.02991	0.01563	0.12819	0.07201	0.01315	0.01724	0.01034	0.01389	0.00799	0.00576	0.00613	0.00182	0.03974	0.00499	0.00286	0.00733
4	0.00881	0.00634	0.00772	0.00803	0.00893	0.00619	0.00553	0.07465	0.01291	0.01728	0.11876	0.45168	0.07888	0.15307	0.01108	0.00279	0.00394	0.01309	0.00523	0.00508
5	0.01195	0.01526	0.15337	0.42523	0.08345	0.01349	0.18099	0.01654	0.01233	0.01662	0.01072	0.01490	0.00802	0.00551	0.00600	0.00191	0.00831	0.00540	0.00266	0.00733
6	0.00794	0.00609	0.00815	0.00815	0.00934	0.00649	0.00617	0.00966	0.01031	0.01388	0.02737	0.03306	0.21292	0.10494	0.50042	0.00704	0.01130	0.00804	0.00376	0.00496
7	0.01044	0.00991	0.01653	0.59473	0.03374	0.01163	0.06211	0.01396	0.01205	0.01526	0.01898	0.02264	0.13972	0.00732	0.00607	0.00194	0.00704	0.00653	0.00310	0.00628

[dist]
# distance from previous block
# <min> <max>
0	28

[block]
# block no. 8 follows, 40 sequences, length 20
# corresponding to MSA columns:
# 350-369
name=unknown_I
#
# <colnr> <probs for GDERKNQSTAVLIFYWHMCP>
#	G	D	E	R	K	N	Q	S	T	A	V	L	I	F	Y	W	H	M	C	P
0	0.01517	0.30645	0.13693	0.01183	0.01632	0.05688	0.01128	0.14947	0.06363	0.01975	0.01487	0.14396	0.01401	0.00805	0.00534	0.00172	0.00633	0.00629	0.00391	0.00780
1	0.00955	0.00789	0.01126	0.01052	0.01229	0.00778	0.08889	0.01370	0.12760	0.01825	0.13016	0.35200	0.08729	0.03794	0.00781	0.00231	0.00445	0.05896	0.00535	0.00601
2	0.01353	0.01390	0.18910	0.02598	0.01606	0.01047	0.02443	0.06984	0.01310	0.13391	0.01849	0.21413	0.01757	0.01358	0.06978	0.04578	0.09071	0.00814	0.00435	0.00713
3	0.11089	0.28655	0.01971	0.01109	0.01528	0.08314	0.00952	0.12536	0.12930	0.02098	0.01191	0.01278	0.00963	0.00610	0.00517	0.00156	0.03209	0.00420	0.00387	0.10088
4	0.00731	0.00523	0.00691	0.00824	0.00860	0.00486	0.00550	0.00826	0.01127	0.01505	0.03219	0.78949	0.03856	0.01832	0.00751	0.00240	0.00345	0.01656	0.00546	0.00484
5	0.01284	0.01746	0.24965	0.05069	0.31500	0.01226	0.06425	0.01693	0.01283	0.04310	0.01472	0.13561	0.01350	0.00754	0.00611	0.00193	0.00710	0.00688	0.00335	0.00826
6	0.01227	0.01048	0.01220	0.00876	0.01393	0.00788	0.00698	0.01479	0.01219	0.01914	0.01055	0.01235	0.00881	0.00445	0.00440	0.00090	0.00438	0.00352	0.00352	0.82849
7	0.00979	0.00820	0.05073	0.00850	0.00953	0.00761	0.00623	0.06174	0.01083	0.01482	0.03842	0.12662	0.02152	0.45778	0.10987	0.00498	0.03528	0.00873	0.00393	0.00488
8	0.01215	0.01041	0.01210	0.12330	0.01705	0.01174	0.00917	0.02254	0.44062	0.02066	0.02717	0.14505	0.10308	0.01010	0.00633	0.00207	0.00476	0.00863	0.00535	0.00772
9	0.14150	0.03433	0.38859	0.06459	0.02115	0.01382	0.01560	0.09839	0.01336	0.02096	0.01206	0.07099	0.01007	0.00710	0.00644	0.00195	0.06259	0.00531	0.00332	0.00787
10	0.01068	0.00796	0.01076	0.01012	0.01174	0.00907	0.00795	0.12435	0.01229	0.01732	0.01552	0.02172	0.01399	0.03791	0.65047	0.00817	0.01418	0.00614	0.00361	0.00604
11	0.01135	0.02055	0.40534	0.01617	0.06946	0.01207	0.09753	0.01615	0.01240	0.01796	0.01858	0.02032	0.12514	0.00731	0.00681	0.00188	0.06556	0.00603	0.06181	0.00758
12	0.00821	0.00568	0.00627	0.00627	0.00658	0.00552	0.00366	0.00844	0.00921	0.01197	0.02465	0.04085	0.13593	0.67382	0.02605	0.00506	0.00522	0.00905	0.00382	0.00374
13	0.01202	0.01500	0.10989	0.13144	0.02770	0.01278	0.43732	0.01645	0.01318	0.01760	0.01876	0.02156	0.12521	0.00664	0.00656	0.00194	0.00830	0.00717	0.00322	0.00727
14	0.00868	0.00611	0.00703	0.00683	0.00866	0.00531	0.00511	0.01048	0.01408	0.07362	0.22958	0.13309	0.44264	0.01384	0.00685	0.00196	0.00309	0.01183	0.00579	0.00541
15	0.01855	0.01386	0.01721	0.27577	0.02536	0.01570	0.01264	0.44843	0.02131	0.07385	0.01327	0.01485	0.00944	0.00660	0.00582	0.00181	0.00677	0.00525	0.00480	0.00872
16	0.01730	0.01108	0.01258	0.01042	0.01358	0.01159	0.00829	0.35073	0.02014	0.13085	0.10241	0.14043	0.02069	0.00929	0.00596	0.00181	0.00484	0.00770	0.11229	0.00801
17	0.01248	0.01085	0.01758	0.06507	0.47773	0.01093	0.01349	0.01544	0.01265	0.01859	0.01556	0.13695	0.01466	0.00752	0.00573	0.00177	0.00569	0.00699	0.14258	0.00773
18	0.00839	0.00598	0.00741	0.00791	0.00862	0.00580	0.00538	0.04963	0.01221	0.01636	0.11080	0.46223	0.06128	0.18009	0.01192	0.00295	0.00398	0.02905	0.00514	0.00487
19	0.01622	0.01424	0.01638	0.01374	0.01576	0.07018	0.01121	0.28299	0.01645	0.02243	0.01213	0.06501	0.01088	0.01110	0.05467	0.00254	0.34666	0.00587	0.00401	0.00752

[dist]
# distance from previous block
# <min> <max>
0	12

[block]
# block no. 9 follows, 40 sequences, length 8
# corresponding to MSA columns:
# 382-389
name=unknown_J
#
# <colnr> <probs for GDERKNQSTAVLIFYWHMCP>
#	G	D	E	R	K	N	Q	S	T	A	V	L	I	F	Y	W	H	M	C	P
0	0.04045	0.01371	0.02329	0.14012	0.25739	0.01409	0.21218	0.10784	0.04344	0.07112	0.01266	0.01536	0.00956	0.00567	0.00602	0.00184	0.00747	0.00568	0.00364	0.00846
1	0.49803	0.00935	0.00830	0.00740	0.01040	0.01023	0.00596	0.01694	0.01167	0.10103	0.07625	0.01616	0.01322	0.00645	0.00421	0.00170	0.00400	0.00457	0.18772	0.00640
2	0.05494	0.01226	0.01287	0.03084	0.03812	0.09006	0.00904	0.26262	0.01695	0.02269	0.01831	0.16527	0.04119	0.01728	0.17669	0.00354	0.00813	0.00759	0.00455	0.00708
3	0.01008	0.00549	0.00757	0.00787	0.00842	0.00549	0.00583	0.00970	0.00974	0.01392	0.01638	0.02910	0.01621	0.01674	0.01593	0.48960	0.00468	0.16433	0.15924	0.00370
4	0.07376	0.01345	0.01447	0.01182	0.01544	0.01473	0.00947	0.52823	0.02256	0.03108	0.01759	0.18683	0.01601	0.00938	0.00602	0.00189	0.00560	0.00761	0.00557	0.00850
5	0.01446	0.33262	0.07395	0.01298	0.07932	0.10130	0.01085	0.01701	0.01272	0.01609	0.01144	0.01652	0.01055	0.00614	0.00478	0.00142	0.00641	0.07759	0.00309	0.19077
6	0.00943	0.00505	0.00739	0.00769	0.00777	0.00498	0.00513	0.00769	0.00837	0.01116	0.01499	0.19002	0.01641	0.01976	0.01932	0.64638	0.00468	0.00761	0.00316	0.00301
7	0.02211	0.01629	0.01745	0.01338	0.01803	0.01803	0.01105	0.73997	0.02734	0.03665	0.01396	0.01396	0.00989	0.00698	0.00582	0.00175	0.00640	0.00524	0.00582	0.00989

[dist]
# distance from previous block
# <min> <max>
0	3

[block]
# block no. 10 follows, 40 sequences, length 8
# corresponding to MSA columns:
# 393-400
name=unknown_K
#
# <colnr> <probs for GDERKNQSTAVLIFYWHMCP>
#	G	D	E	R	K	N	Q	S	T	A	V	L	I	F	Y	W	H	M	C	P
0	0.01688	0.01295	0.01321	0.01062	0.01445	0.07572	0.00845	0.27107	0.05370	0.07089	0.01556	0.06759	0.01264	0.00702	0.00527	0.00151	0.00534	0.00555	0.11662	0.21499
1	0.00806	0.00593	0.00792	0.00788	0.00873	0.00557	0.03543	0.00919	0.01162	0.01554	0.16688	0.29400	0.11863	0.22597	0.01388	0.03937	0.00416	0.01181	0.00485	0.00460
2	0.01253	0.01198	0.01644	0.27946	0.08824	0.07154	0.04422	0.01589	0.05226	0.01603	0.01312	0.01752	0.03420	0.03692	0.00983	0.02207	0.17301	0.00557	0.07259	0.00657
3	0.01618	0.04124	0.01420	0.08692	0.01669	0.07121	0.00976	0.05250	0.16618	0.18642	0.03676	0.02373	0.11577	0.00872	0.00773	0.00194	0.11125	0.02006	0.00499	0.00774
4	0.01244	0.01204	0.02165	0.12958	0.04742	0.01312	0.27596	0.01627	0.06855	0.01652	0.01292	0.01952	0.01116	0.00900	0.01089	0.10834	0.14570	0.05907	0.00317	0.00666
5	0.01513	0.01211	0.01275	0.01120	0.01443	0.01378	0.00879	0.13611	0.53941	0.02584	0.02156	0.02052	0.01617	0.00760	0.00565	0.00185	0.00462	0.00621	0.11747	0.00879
6	0.01233	0.01120	0.01567	0.01119	0.01647	0.00888	0.12547	0.01529	0.01233	0.01890	0.01057	0.01265	0.00865	0.00440	0.00472	0.00104	0.00520	0.00400	0.00336	0.69769
7	0.20136	0.02337	0.48970	0.01388	0.02061	0.01353	0.01633	0.01981	0.11170	0.02098	0.01170	0.01291	0.00853	0.00582	0.00514	0.00185	0.00711	0.00434	0.00319	0.00815

[dist]
# distance from previous block
# <min> <max>
1	7

[block]
# block no. 11 follows, 40 sequences, length 9
# corresponding to MSA columns:
# 410-418
name=unknown_L
#
# <colnr> <probs for GDERKNQSTAVLIFYWHMCP>
#	G	D	E	R	K	N	Q	S	T	A	V	L	I	F	Y	W	H	M	C	P
0	0.10207	0.01973	0.34659	0.01300	0.01903	0.01247	0.01414	0.13509	0.01550	0.14852	0.07124	0.01595	0.01262	0.00647	0.00548	0.00177	0.00655	0.00504	0.00427	0.04447
1	0.01206	0.01034	0.01206	0.00861	0.01378	0.00775	0.00689	0.01464	0.01206	0.01895	0.01034	0.01206	0.00861	0.00431	0.00431	0.00086	0.00431	0.00345	0.00345	0.83118
2	0.01627	0.01267	0.01313	0.01125	0.01461	0.05461	0.00887	0.17507	0.35472	0.09322	0.10225	0.02427	0.07633	0.00849	0.00603	0.00187	0.00501	0.00694	0.00587	0.00854
3	0.44195	0.01261	0.07560	0.01387	0.11119	0.01202	0.08569	0.01602	0.01113	0.02194	0.01289	0.13663	0.01220	0.00739	0.00500	0.00190	0.00553	0.00605	0.00363	0.00678
4	0.01149	0.01581	0.23318	0.01569	0.07973	0.01113	0.08954	0.01770	0.12777	0.01915	0.05301	0.05399	0.04830	0.00948	0.00655	0.00210	0.00651	0.18723	0.00419	0.00745
5	0.00722	0.00517	0.00687	0.00800	0.00846	0.00482	0.00541	0.00844	0.01177	0.01586	0.11908	0.70190	0.04043	0.01746	0.00735	0.00230	0.00330	0.01581	0.00552	0.00482
6	0.01644	0.56775	0.02644	0.01148	0.01555	0.16708	0.01049	0.01818	0.01241	0.01382	0.00821	0.00991	0.00749	0.00572	0.00563	0.00143	0.08873	0.00344	0.00259	0.00721
7	0.00907	0.00699	0.00841	0.00787	0.00962	0.00686	0.00596	0.01386	0.13369	0.02256	0.55449	0.04146	0.13363	0.01159	0.00671	0.00187	0.00307	0.01010	0.00620	0.00601
8	0.00962	0.00505	0.00744	0.00766	0.00771	0.00500	0.00511	0.00766	0.00815	0.01086	0.01363	0.14200	0.01466	0.01988	0.02027	0.69776	0.00478	0.00689	0.00299	0.00288

[dist]
# distance from previous block
# <min> <max>
5	11

[block]
# block no. 12 follows, 40 sequences, length 8
# corresponding to MSA columns:
# 430-437
name=unknown_M
#
# <colnr> <probs for GDERKNQSTAVLIFYWHMCP>
#	G	D	E	R	K	N	Q	S	T	A	V	L	I	F	Y	W	H	M	C	P
0	0.01374	0.01449	0.02416	0.13837	0.14971	0.07419	0.30588	0.01752	0.01322	0.01782	0.01090	0.01431	0.00858	0.00506	0.00589	0.00167	0.00799	0.00540	0.00298	0.16813
1	0.01394	0.01279	0.01819	0.05240	0.04773	0.06822	0.17514	0.10465	0.09030	0.01853	0.01600	0.01898	0.07036	0.00995	0.01085	0.16339	0.09206	0.00615	0.00366	0.00671
2	0.00734	0.00568	0.00674	0.00728	0.00855	0.00508	0.00535	0.00892	0.01291	0.01647	0.12961	0.31216	0.35486	0.01573	0.00717	0.00215	0.00330	0.08020	0.00551	0.00495
3	0.17570	0.01238	0.01396	0.06957	0.08621	0.01375	0.00996	0.24731	0.14697	0.02605	0.01765	0.09731	0.04286	0.00806	0.00561	0.00188	0.00541	0.00651	0.00483	0.00802
4	0.00762	0.00543	0.00706	0.00765	0.00830	0.00508	0.00523	0.00913	0.01269	0.01739	0.28015	0.45545	0.04231	0.09703	0.00954	0.00252	0.00339	0.01362	0.00555	0.00486
5	0.00818	0.00569	0.00716	0.00739	0.00771	0.00588	0.00478	0.00887	0.00914	0.01245	0.02002	0.16476	0.02250	0.47431	0.21027	0.00599	0.00771	0.00930	0.00375	0.00415
6	0.00951	0.00505	0.00741	0.00768	0.00774	0.00499	0.00512	0.00768	0.00827	0.01102	0.01438	0.16846	0.01562	0.01982	0.01975	0.66945	0.00472	0.00729	0.00308	0.00295
7	0.01426	0.01418	0.02569	0.03352	0.61738	0.01399	0.15815	0.01800	0.01334	0.01893	0.01110	0.01464	0.00914	0.00513	0.00597	0.00177	0.00747	0.00551	0.00289	0.00894

[dist]
# distance from previous block
# <min> <max>
0	10

[block]
# block no. 13 follows, 40 sequences, length 8
# corresponding to MSA columns:
# 448-455
name=unknown_N
#
# <colnr> <probs for GDERKNQSTAVLIFYWHMCP>
#	G	D	E	R	K	N	Q	S	T	A	V	L	I	F	Y	W	H	M	C	P
0	0.01029	0.00645	0.00746	0.00710	0.00920	0.00554	0.00536	0.01192	0.01373	0.14417	0.09800	0.16492	0.46668	0.01379	0.00678	0.00199	0.00334	0.01172	0.00578	0.00578
1	0.00843	0.00640	0.00792	0.00868	0.00960	0.00645	0.00606	0.01221	0.13786	0.01707	0.08242	0.60640	0.03609	0.01600	0.00712	0.00226	0.00354	0.01440	0.00556	0.00555
2	0.18880	0.01137	0.01482	0.11178	0.01705	0.01497	0.01117	0.01437	0.00952	0.01665	0.00897	0.01352	0.00814	0.01235	0.09872	0.00307	0.43085	0.00481	0.00284	0.00623
3	0.00924	0.00785	0.01362	0.01194	0.01381	0.00854	0.13246	0.01180	0.01010	0.01438	0.01492	0.02162	0.01356	0.03698	0.64144	0.00808	0.01459	0.00634	0.00309	0.00565
4	0.15460	0.01572	0.12791	0.07868	0.08691	0.04742	0.15742	0.06770	0.07062	0.02069	0.01330	0.07910	0.01129	0.00681	0.00593	0.00188	0.02148	0.00600	0.00359	0.02294
5	0.00786	0.00577	0.00737	0.00730	0.00855	0.00528	0.00535	0.01014	0.01510	0.02086	0.54113	0.18519	0.13169	0.01340	0.00697	0.00194	0.00288	0.01184	0.00610	0.00528
6	0.15473	0.02809	0.01273	0.05488	0.01499	0.01321	0.00886	0.12335	0.26216	0.02390	0.09512	0.07540	0.03587	0.00863	0.00662	0.00195	0.06011	0.00679	0.00500	0.00760
7	0.00740	0.00555	0.00678	0.00731	0.00822	0.00518	0.00508	0.00868	0.01176	0.01534	0.10382	0.35746	0.23947	0.10966	0.07783	0.00320	0.00454	0.01291	0.00507	0.00475

[dist]
# distance from previous block
# <min> <max>
5	17

[block]
# block no. 14 follows, 40 sequences, length 6
# corresponding to MSA columns:
# 473-478
name=unknown_O
#
# <colnr> <probs for GDERKNQSTAVLIFYWHMCP>
#	G	D	E	R	K	N	Q	S	T	A	V	L	I	F	Y	W	H	M	C	P
0	0.00986	0.00741	0.00888	0.00824	0.00978	0.00764	0.00625	0.06723	0.05173	0.02113	0.34324	0.10523	0.14170	0.04817	0.00849	0.00209	0.06040	0.00978	0.07693	0.00582
1	0.01510	0.01457	0.06824	0.01176	0.01569	0.06264	0.00987	0.15218	0.37870	0.02408	0.02252	0.02162	0.09077	0.00783	0.00579	0.00179	0.00540	0.00631	0.00519	0.07996
2	0.07836	0.01335	0.12574	0.07537	0.01789	0.01117	0.04444	0.07383	0.10899	0.21896	0.07332	0.01916	0.01517	0.00698	0.00557	0.00180	0.00558	0.00576	0.09040	0.00816
3	0.01651	0.07339	0.01845	0.12862	0.02037	0.11437	0.05185	0.14525	0.01500	0.08360	0.01242	0.01702	0.01035	0.00786	0.00926	0.00199	0.21106	0.05138	0.00379	0.00745
4	0.01667	0.12134	0.07010	0.01233	0.01646	0.18775	0.01050	0.13135	0.21112	0.02146	0.04941	0.01570	0.01294	0.00658	0.00531	0.00160	0.00660	0.00497	0.00430	0.09351
5	0.01789	0.01615	0.09352	0.06791	0.01889	0.05691	0.01181	0.33386	0.12636	0.07023	0.01477	0.01637	0.01119	0.04924	0.00805	0.00206	0.06591	0.00544	0.00481	0.00863

[dist]
# distance from previous block
# <min> <max>
0	22

[block]
# block no. 15 follows, 40 sequences, length 7
# corresponding to MSA columns:
# 502-508
name=unknown_P
#
# <colnr> <probs for GDERKNQSTAVLIFYWHMCP>
#	G	D	E	R	K	N	Q	S	T	A	V	L	I	F	Y	W	H	M	C	P
0	0.01831	0.01610	0.10542	0.03227	0.05203	0.04754	0.01160	0.33334	0.05466	0.10467	0.01460	0.04100	0.01104	0.00672	0.00560	0.00166	0.00626	0.00531	0.00487	0.12700
1	0.02211	0.01509	0.01657	0.01283	0.01736	0.01641	0.01056	0.58570	0.07898	0.13992	0.01596	0.01537	0.01111	0.00708	0.00583	0.00177	0.00606	0.00542	0.00602	0.00984
2	0.01022	0.00748	0.00971	0.06722	0.01298	0.00657	0.00690	0.01204	0.01183	0.06495	0.02281	0.43112	0.02494	0.01207	0.00619	0.00181	0.00411	0.01075	0.00467	0.27162
3	0.13147	0.01118	0.01220	0.00905	0.01393	0.00974	0.00730	0.10177	0.01358	0.02209	0.01045	0.01191	0.00843	0.00478	0.00439	0.00110	0.00458	0.00362	0.00375	0.61468
4	0.01766	0.01163	0.01394	0.01155	0.01500	0.01250	0.00930	0.05087	0.31083	0.24294	0.01921	0.01842	0.01393	0.00755	0.00759	0.00186	0.11660	0.00572	0.00552	0.10736
5	0.01285	0.01131	0.01656	0.35355	0.02623	0.01375	0.04063	0.12385	0.04703	0.01820	0.01204	0.01725	0.01002	0.06691	0.06643	0.00283	0.14478	0.00561	0.00334	0.00683
6	0.00847	0.00605	0.00682	0.00675	0.00856	0.00521	0.00501	0.01008	0.01356	0.07076	0.13885	0.17144	0.49877	0.01440	0.00689	0.00200	0.00314	0.01228	0.00565	0.00531

[dist]
# distance from previous block
# <min> <max>
16	24

[block]
# block no. 16 follows, 40 sequences, length 13
# corresponding to MSA columns:
# 533-545
name=unknown_Q
#
# <colnr> <probs for GDERKNQSTAVLIFYWHMCP>
#	G	D	E	R	K	N	Q	S	T	A	V	L	I	F	Y	W	H	M	C	P
0	0.03658	0.02021	0.35007	0.01606	0.07625	0.01273	0.05132	0.11399	0.01542	0.20333	0.01466	0.01633	0.01045	0.00641	0.00576	0.00184	0.00715	0.02829	0.00423	0.00893
1	0.41416	0.16717	0.01526	0.00979	0.01385	0.07624	0.00833	0.12674	0.01403	0.09243	0.01041	0.01114	0.00791	0.00577	0.00430	0.00166	0.00564	0.00375	0.00400	0.00743
2	0.11006	0.06942	0.04556	0.01402	0.10345	0.13157	0.01041	0.08468	0.06362	0.04832	0.12404	0.02556	0.01966	0.00841	0.00581	0.00185	0.00609	0.11573	0.00446	0.00728
3	0.17401	0.41610	0.05436	0.01089	0.01525	0.06077	0.01015	0.11087	0.01352	0.01929	0.00897	0.01038	0.00756	0.00576	0.00522	0.00155	0.06109	0.00362	0.00316	0.00748
4	0.08903	0.03657	0.01500	0.01307	0.04358	0.30392	0.00990	0.18046	0.01748	0.08554	0.01782	0.01816	0.10735	0.00748	0.00588	0.00170	0.02976	0.00541	0.00433	0.00754
5	0.00910	0.00621	0.00742	0.00742	0.00917	0.00550	0.00568	0.01094	0.01383	0.08199	0.17784	0.16601	0.36964	0.01424	0.00700	0.00207	0.00342	0.09130	0.00574	0.00547
6	0.01128	0.00883	0.01137	0.15393	0.01699	0.00973	0.00925	0.07342	0.15783	0.02049	0.11814	0.14933	0.02597	0.01096	0.00650	0.00208	0.00491	0.13935	0.06305	0.00660
7	0.00788	0.00579	0.00738	0.00729	0.00855	0.00529	0.00535	0.01018	0.01518	0.02100	0.55305	0.17345	0.13139	0.01330	0.00696	0.00194	0.00287	0.01175	0.00612	0.00529
8	0.01656	0.01309	0.01493	0.01249	0.01609	0.01457	0.03572	0.32218	0.29048	0.02766	0.02000	0.02245	0.03449	0.01102	0.06697	0.00251	0.00642	0.05814	0.00549	0.00873
9	0.01010	0.00505	0.00758	0.00758	0.00758	0.00505	0.00505	0.00758	0.00758	0.01010	0.01010	0.01768	0.01010	0.02020	0.02273	0.83081	0.00505	0.00505	0.00253	0.00253
10	0.01451	0.06248	0.19522	0.13267	0.06172	0.08485	0.18080	0.08216	0.09205	0.01952	0.01219	0.01446	0.00918	0.00580	0.00583	0.00182	0.00809	0.00526	0.00332	0.00808
11	0.01230	0.01042	0.01364	0.06694	0.10602	0.00987	0.00931	0.02798	0.07658	0.03743	0.08300	0.01888	0.04604	0.00799	0.03625	0.00175	0.05144	0.00538	0.00395	0.37483
12	0.01431	0.01104	0.01277	0.00947	0.01437	0.00935	0.00761	0.08417	0.07771	0.08016	0.01283	0.01368	0.00998	0.00509	0.00471	0.00111	0.00458	0.00407	0.00418	0.61880

[dist]
# distance from previous block
# <min> <max>
2	8

[block]
# block no. 17 follows, 40 sequences, length 9
# corresponding to MSA columns:
# 554-562
name=unknown_R
#
# <colnr> <probs for GDERKNQSTAVLIFYWHMCP>
#	G	D	E	R	K	N	Q	S	T	A	V	L	I	F	Y	W	H	M	C	P
0	0.13838	0.01013	0.01298	0.01025	0.01425	0.00930	0.05360	0.05135	0.01440	0.31134	0.05045	0.10139	0.01590	0.00760	0.00548	0.00168	0.00485	0.00637	0.00535	0.17496
1	0.00905	0.00825	0.05707	0.00810	0.01034	0.00668	0.00667	0.05672	0.01534	0.02092	0.38334	0.12191	0.21311	0.01219	0.00666	0.00187	0.00354	0.01054	0.00563	0.04207
2	0.01350	0.06648	0.02195	0.08038	0.06209	0.04583	0.27544	0.03504	0.09253	0.05155	0.06423	0.13141	0.01716	0.00792	0.00634	0.00192	0.00701	0.00778	0.00404	0.00740
3	0.20230	0.08349	0.30295	0.01450	0.03870	0.01351	0.10835	0.01841	0.01211	0.08526	0.01132	0.01322	0.00844	0.00793	0.05394	0.00227	0.00770	0.00455	0.00325	0.00779
4	0.00834	0.00612	0.00879	0.00879	0.00963	0.00697	0.00657	0.01003	0.00918	0.01309	0.01609	0.02567	0.01577	0.18337	0.63451	0.00866	0.01373	0.00664	0.00319	0.00488
5	0.00784	0.00578	0.00733	0.00727	0.00853	0.00527	0.00533	0.01010	0.01506	0.02075	0.53072	0.18189	0.14570	0.01342	0.00696	0.00194	0.00289	0.01185	0.00608	0.00527
6	0.00809	0.00584	0.00765	0.00741	0.00866	0.00540	0.00548	0.01063	0.01582	0.02231	0.66966	0.13295	0.05291	0.01265	0.00693	0.00189	0.00282	0.01124	0.00628	0.00540
7	0.01250	0.02795	0.66988	0.01695	0.02512	0.01338	0.08046	0.01889	0.01260	0.05296	0.01113	0.01291	0.00781	0.00555	0.00565	0.00185	0.00853	0.00458	0.00272	0.00859
8	0.01010	0.00505	0.00758	0.00758	0.00758	0.00505	0.00505	0.00758	0.00758	0.01010	0.01010	0.01768	0.01010	0.02020	0.02273	0.83081	0.00505	0.00505	0.00253	0.00253

[dist]
# distance from previous block
# <min> <max>
3	9

[block]
# block no. 18 follows, 40 sequences, length 19
# corresponding to MSA columns:
# 572-590
name=unknown_S
#
# <colnr> <probs for GDERKNQSTAVLIFYWHMCP>
#	G	D	E	R	K	N	Q	S	T	A	V	L	I	F	Y	W	H	M	C	P
0	0.01298	0.01400	0.11322	0.07869	0.04032	0.03049	0.22943	0.01657	0.01277	0.06986	0.01487	0.05660	0.01316	0.07380	0.00809	0.00212	0.00720	0.05974	0.00358	0.14250
1	0.01301	0.01380	0.13994	0.01170	0.01645	0.01016	0.06678	0.07878	0.06584	0.05685	0.06294	0.08452	0.02458	0.02695	0.00613	0.00164	0.00552	0.00617	0.00419	0.30404
2	0.07138	0.06281	0.05067	0.05813	0.05971	0.05848	0.02913	0.01639	0.03074	0.03525	0.01059	0.01320	0.00882	0.00802	0.05143	0.00196	0.11743	0.00429	0.00323	0.30834
3	0.00883	0.00682	0.00840	0.00830	0.00999	0.00610	0.00587	0.01112	0.05431	0.01652	0.05545	0.48668	0.02982	0.05908	0.00785	0.00215	0.00377	0.01212	0.00490	0.20193
4	0.05940	0.03992	0.07915	0.07403	0.06712	0.25026	0.15206	0.09433	0.01496	0.01865	0.01016	0.01274	0.00806	0.00616	0.00701	0.00180	0.08867	0.00483	0.00317	0.00751
5	0.01010	0.00505	0.00758	0.00758	0.00758	0.00505	0.00505	0.00758	0.00758	0.01010	0.01010	0.01768	0.01010	0.02020	0.02273	0.83081	0.00505	0.00505	0.00253	0.00253
6	0.00862	0.00676	0.00968	0.01224	0.12053	0.00645	0.00767	0.01052	0.01275	0.01725	0.15223	0.41669	0.08249	0.01474	0.00712	0.00219	0.00400	0.09730	0.00519	0.00561
7	0.01155	0.01052	0.01771	0.56964	0.17356	0.01237	0.01546	0.01476	0.01156	0.01521	0.01043	0.01549	0.00824	0.00700	0.00734	0.07738	0.00735	0.00516	0.00263	0.00662
8	0.01178	0.00859	0.00993	0.00921	0.01106	0.00886	0.00684	0.21132	0.03454	0.02244	0.14898	0.31906	0.06759	0.07415	0.00848	0.00231	0.00427	0.01107	0.02319	0.00632
9	0.16870	0.01125	0.01197	0.02013	0.01399	0.02103	0.00751	0.10028	0.04767	0.04152	0.05922	0.01447	0.01184	0.00559	0.00466	0.00130	0.00465	0.00428	0.00413	0.44580
10	0.01416	0.01202	0.04989	0.11667	0.11975	0.01037	0.01075	0.07694	0.01383	0.08695	0.01256	0.03866	0.01011	0.00561	0.00513	0.00138	0.00553	0.00474	0.00381	0.40115
11	0.01438	0.19768	0.01664	0.01074	0.01363	0.04904	0.00906	0.13493	0.03234	0.06226	0.08055	0.03764	0.01665	0.01685	0.19407	0.00360	0.05151	0.04725	0.00415	0.00704
12	0.03780	0.07113	0.11490	0.03675	0.06318	0.37381	0.01222	0.06778	0.01530	0.01765	0.01191	0.01600	0.01013	0.00663	0.00533	0.00165	0.00828	0.05464	0.06774	0.00717
