[name]
unknown

[dist]
# distance from previous block
# <min> <max>
0	324

[block]
# block no. 0 follows, 41 sequences, length 100
# corresponding to MSA columns:
# 398-497
name=unknown_A
#
# <colnr> <probs for GDERKNQSTAVLIFYWHMCP>
#	G	D	E	R	K	N	Q	S	T	A	V	L	I	F	Y	W	H	M	C	P
0	0.01050	0.00751	0.01011	0.01135	0.01276	0.00733	0.00971	0.01275	0.01391	0.01824	0.03113	0.06520	0.03361	0.01642	0.00838	0.00284	0.00568	0.71099	0.00565	0.00593
1	0.01271	0.03006	0.75523	0.01700	0.02541	0.01390	0.02139	0.01889	0.01284	0.01922	0.01150	0.01379	0.00844	0.00626	0.00596	0.00204	0.00880	0.00464	0.00285	0.00905
2	0.02174	0.01602	0.01717	0.01316	0.01774	0.01774	0.01087	0.74423	0.02689	0.03605	0.01373	0.01373	0.00973	0.00687	0.00572	0.00172	0.00629	0.00515	0.00572	0.00973
3	0.00832	0.00555	0.00624	0.00624	0.00624	0.00555	0.00347	0.00832	0.00832	0.01109	0.01802	0.03743	0.02080	0.79898	0.02911	0.00555	0.00555	0.00832	0.00347	0.00347
4	0.02566	0.00973	0.01327	0.01018	0.01460	0.00841	0.00841	0.02788	0.01637	0.76726	0.02257	0.01947	0.01416	0.00708	0.00575	0.00177	0.00487	0.00575	0.00708	0.00973
5	0.00848	0.00609	0.00762	0.00754	0.00778	0.00661	0.00495	0.00905	0.00870	0.01194	0.01762	0.08047	0.01964	0.53994	0.18283	0.00590	0.05918	0.00814	0.00343	0.00407
6	0.00697	0.00498	0.00664	0.00796	0.00830	0.00465	0.00531	0.00796	0.01095	0.01460	0.03153	0.79525	0.03783	0.01792	0.00730	0.00232	0.00332	0.01626	0.00531	0.00465
7	0.00994	0.00497	0.00745	0.00745	0.00745	0.00497	0.00497	0.00745	0.00745	0.00994	0.00994	0.01739	0.00994	0.01987	0.02235	0.83358	0.00497	0.00497	0.00248	0.00248
8	0.02485	0.01105	0.01409	0.01080	0.01526	0.01035	0.00892	0.17722	0.01856	0.61482	0.02072	0.01827	0.01324	0.00704	0.00575	0.00176	0.00516	0.00563	0.00680	0.00973
9	0.83938	0.01106	0.00841	0.00752	0.01106	0.01283	0.00619	0.01681	0.00973	0.02566	0.00796	0.00929	0.00619	0.00531	0.00354	0.00177	0.00442	0.00310	0.00354	0.00619
10	0.83938	0.01106	0.00841	0.00752	0.01106	0.01283	0.00619	0.01681	0.00973	0.02566	0.00796	0.00929	0.00619	0.00531	0.00354	0.00177	0.00442	0.00310	0.00354	0.00619
11	0.01131	0.01069	0.01808	0.67072	0.14990	0.01284	0.01614	0.01506	0.01168	0.01524	0.01026	0.01508	0.00784	0.00562	0.00571	0.00187	0.00750	0.00509	0.00259	0.00677
12	0.10868	0.00987	0.01278	0.00991	0.01424	0.00886	0.00818	0.02675	0.01569	0.69160	0.02108	0.01843	0.01335	0.00690	0.00553	0.00177	0.00482	0.00548	0.00672	0.00937
13	0.01978	0.01505	0.01606	0.01276	0.01699	0.01682	0.01040	0.55776	0.21655	0.03288	0.01623	0.01572	0.01175	0.00710	0.00575	0.00177	0.00583	0.00549	0.00575	0.00955
14	0.00817	0.00613	0.00919	0.00919	0.01021	0.00715	0.00715	0.01021	0.00919	0.01328	0.01532	0.02247	0.01430	0.04290	0.77631	0.00919	0.01532	0.00613	0.00306	0.00511
15	0.83938	0.01106	0.00841	0.00752	0.01106	0.01283	0.00619	0.01681	0.00973	0.02566	0.00796	0.00929	0.00619	0.00531	0.00354	0.00177	0.00442	0.00310	0.00354	0.00619
16	0.00803	0.00580	0.00759	0.00724	0.00853	0.00536	0.00539	0.01064	0.01590	0.02247	0.71960	0.08474	0.05307	0.01204	0.00678	0.00183	0.00273	0.01067	0.00624	0.00536
17	0.02056	0.01834	0.01616	0.01324	0.01707	0.22504	0.01054	0.48595	0.03696	0.02841	0.01370	0.06224	0.01100	0.00731	0.00567	0.00169	0.00718	0.00547	0.00494	0.00854
18	0.01499	0.01386	0.02256	0.03271	0.68182	0.01404	0.01682	0.09697	0.01454	0.02058	0.01108	0.01411	0.00913	0.00529	0.00567	0.00170	0.00674	0.00510	0.00315	0.00913
19	0.83938	0.01106	0.00841	0.00752	0.01106	0.01283	0.00619	0.01681	0.00973	0.02566	0.00796	0.00929	0.00619	0.00531	0.00354	0.00177	0.00442	0.00310	0.00354	0.00619
20	0.01416	0.01359	0.02322	0.03511	0.76330	0.01359	0.01755	0.01755	0.01302	0.01869	0.01076	0.01416	0.00906	0.00510	0.00566	0.00170	0.00680	0.00510	0.00283	0.00906
21	0.01078	0.00644	0.00850	0.00765	0.00947	0.00586	0.00586	0.01340	0.01622	0.13656	0.64767	0.03918	0.04789	0.01099	0.00659	0.00179	0.00303	0.00964	0.00642	0.00606
22	0.01066	0.00533	0.00533	0.00533	0.00666	0.00533	0.00400	0.01333	0.01200	0.02132	0.01866	0.02132	0.01466	0.00666	0.00400	0.00133	0.00267	0.00533	0.83073	0.00533
23	0.00831	0.00556	0.00634	0.00634	0.00637	0.00560	0.00359	0.00838	0.00835	0.01116	0.01793	0.03694	0.02058	0.77416	0.05364	0.00567	0.00587	0.00825	0.00345	0.00352
24	0.01147	0.02959	0.76934	0.01630	0.02476	0.01328	0.02113	0.01811	0.01208	0.01811	0.01026	0.01208	0.00725	0.00543	0.00543	0.00181	0.00845	0.00423	0.00242	0.00845
25	0.00922	0.00658	0.00922	0.01053	0.01185	0.00658	0.00922	0.01185	0.01317	0.01712	0.03029	0.06452	0.03292	0.01580	0.00790	0.00263	0.00527	0.72480	0.00527	0.00527
26	0.01416	0.01359	0.02322	0.03511	0.76330	0.01359	0.01755	0.01755	0.01302	0.01869	0.01076	0.01416	0.00906	0.00510	0.00566	0.00170	0.00680	0.00510	0.00283	0.00906
27	0.00783	0.00579	0.00730	0.00702	0.00840	0.00527	0.00523	0.01024	0.01542	0.02133	0.61245	0.08487	0.16271	0.01246	0.00678	0.00185	0.00276	0.01093	0.00609	0.00527
28	0.01530	0.01205	0.01297	0.01150	0.01485	0.01368	0.00899	0.03016	0.68370	0.09382	0.02321	0.02116	0.01715	0.00770	0.00581	0.00192	0.00456	0.00640	0.00594	0.00912
29	0.01147	0.02959	0.76934	0.01630	0.02476	0.01328	0.02113	0.01811	0.01208	0.01811	0.01026	0.01208	0.00725	0.00543	0.00543	0.00181	0.00845	0.00423	0.00242	0.00845
30	0.01416	0.01359	0.02322	0.03511	0.76330	0.01359	0.01755	0.01755	0.01302	0.01869	0.01076	0.01416	0.00906	0.00510	0.00566	0.00170	0.00680	0.00510	0.00283	0.00906
31	0.00725	0.00622	0.00627	0.00618	0.00820	0.00545	0.00466	0.00967	0.06193	0.01601	0.05565	0.05282	0.71185	0.01404	0.00670	0.00193	0.00300	0.01170	0.00535	0.00511
32	0.01258	0.01059	0.01225	0.00881	0.01386	0.00836	0.00708	0.06745	0.01295	0.01990	0.01043	0.01200	0.00856	0.00443	0.00434	0.00091	0.00439	0.00352	0.00356	0.77403
33	0.00801	0.00584	0.00752	0.00710	0.00849	0.00536	0.00533	0.01062	0.01598	0.02244	0.71387	0.04354	0.10069	0.01188	0.00675	0.00181	0.00271	0.01046	0.00623	0.00536
34	0.01234	0.01174	0.01994	0.44045	0.37213	0.01311	0.01665	0.01597	0.01217	0.01649	0.01044	0.01475	0.00828	0.00543	0.00569	0.00181	0.00724	0.00509	0.00267	0.00760
35	0.01251	0.01251	0.01752	0.01502	0.01502	0.01752	0.01251	0.01377	0.00876	0.01377	0.00751	0.01251	0.00751	0.01001	0.01877	0.00250	0.78851	0.00501	0.00250	0.00626
36	0.00700	0.00520	0.00652	0.00746	0.00819	0.00473	0.00511	0.00819	0.01172	0.01530	0.08301	0.59346	0.18961	0.01681	0.00715	0.00221	0.00319	0.01501	0.00537	0.00473
37	0.01207	0.00988	0.01170	0.01065	0.01249	0.06064	0.00843	0.16424	0.01333	0.01810	0.01421	0.01939	0.01258	0.03145	0.53026	0.00682	0.04827	0.00571	0.00359	0.00622
38	0.01629	0.01337	0.01456	0.01312	0.04969	0.01516	0.00994	0.22580	0.51997	0.02702	0.02009	0.01893	0.01496	0.00739	0.00579	0.00187	0.00512	0.00604	0.00566	0.00924
39	0.01416	0.01359	0.02322	0.03511	0.76330	0.01359	0.01755	0.01755	0.01302	0.01869	0.01076	0.01416	0.00906	0.00510	0.00566	0.00170	0.00680	0.00510	0.00283	0.00906
40	0.01558	0.50428	0.10577	0.01126	0.01594	0.17751	0.01092	0.01784	0.01272	0.01421	0.01169	0.01276	0.05714	0.00579	0.00438	0.00139	0.00703	0.00391	0.00274	0.00715
41	0.00779	0.00633	0.00705	0.00733	0.00912	0.00580	0.00577	0.01040	0.05963	0.01631	0.04823	0.09459	0.51444	0.01454	0.00698	0.00211	0.00355	0.16953	0.00533	0.00518
42	0.01450	0.64130	0.18412	0.01115	0.01678	0.02068	0.01215	0.01733	0.01172	0.01443	0.00843	0.00978	0.00732	0.00501	0.00404	0.00135	0.00660	0.00330	0.00244	0.00757
43	0.00695	0.00578	0.00594	0.00591	0.00768	0.00491	0.00435	0.00838	0.01292	0.01564	0.09961	0.05311	0.66747	0.06615	0.00824	0.00216	0.00306	0.01171	0.00525	0.00477
44	0.01251	0.01251	0.01752	0.01502	0.01502	0.01752	0.01251	0.01377	0.00876	0.01377	0.00751	0.01251	0.00751	0.01001	0.01877	0.00250	0.78851	0.00501	0.00250	0.00626
45	0.01252	0.24178	0.56634	0.01451	0.02199	0.01585	0.01802	0.01784	0.01195	0.01684	0.00963	0.01128	0.00727	0.00529	0.00495	0.00165	0.00781	0.00391	0.00242	0.00815
46	0.00810	0.00585	0.00765	0.00720	0.00855	0.00540	0.00540	0.01079	0.01619	0.02294	0.76028	0.04273	0.05397	0.01169	0.00675	0.00180	0.00270	0.01034	0.00630	0.00540
47	0.01148	0.01142	0.02064	0.57566	0.03580	0.01339	0.16715	0.01533	0.01169	0.01533	0.01028	0.01511	0.00784	0.00582	0.00680	0.00195	0.05965	0.00543	0.00261	0.00663
48	0.00729	0.00582	0.00652	0.00635	0.00805	0.00505	0.00476	0.00923	0.01428	0.01840	0.33435	0.05020	0.48273	0.01339	0.00675	0.00188	0.00282	0.01139	0.00570	0.00505
49	0.83938	0.01106	0.00841	0.00752	0.01106	0.01283	0.00619	0.01681	0.00973	0.02566	0.00796	0.00929	0.00619	0.00531	0.00354	0.00177	0.00442	0.00310	0.00354	0.00619
50	0.00994	0.00497	0.00745	0.00745	0.00745	0.00497	0.00497	0.00745	0.00745	0.00994	0.00994	0.01739	0.00994	0.01987	0.02235	0.83358	0.00497	0.00497	0.00248	0.00248
51	0.02174	0.01602	0.01717	0.01316	0.01774	0.01774	0.01087	0.74423	0.02689	0.03605	0.01373	0.01373	0.00973	0.00687	0.00572	0.00172	0.00629	0.00515	0.00572	0.00973
52	0.00697	0.00498	0.00664	0.00796	0.00830	0.00465	0.00531	0.00796	0.01095	0.01460	0.03153	0.79525	0.03783	0.01792	0.00730	0.00232	0.00332	0.01626	0.00531	0.00465
53	0.01654	0.01435	0.08626	0.01208	0.01611	0.02911	0.01036	0.14597	0.43301	0.11575	0.04427	0.01945	0.01579	0.00740	0.00578	0.00186	0.00529	0.00602	0.00559	0.00902
54	0.01598	0.01376	0.01376	0.01203	0.01546	0.06495	0.00943	0.13077	0.58742	0.03932	0.02096	0.01950	0.01564	0.00750	0.00576	0.00187	0.00517	0.00608	0.00564	0.00900
55	0.24552	0.01450	0.01397	0.01119	0.01520	0.05009	0.00916	0.46560	0.02076	0.03127	0.01224	0.01284	0.00896	0.00638	0.00499	0.00170	0.00573	0.00453	0.05704	0.00834
56	0.61301	0.01115	0.00938	0.00832	0.01173	0.01282	0.00675	0.05926	0.12430	0.02569	0.01133	0.01217	0.00867	0.00586	0.00404	0.00176	0.00443	0.00387	0.05867	0.00677
57	0.00853	0.00611	0.00851	0.00974	0.01077	0.00609	0.00801	0.01068	0.01231	0.01618	0.02968	0.26250	0.03309	0.01809	0.05621	0.00296	0.00537	0.48493	0.00514	0.00509
58	0.00809	0.00581	0.00750	0.00847	0.00914	0.00563	0.00592	0.05686	0.01214	0.01618	0.03027	0.69751	0.03566	0.01706	0.00723	0.00230	0.00364	0.06023	0.00533	0.00502
59	0.00697	0.00498	0.00664	0.00796	0.00830	0.00465	0.00531	0.00796	0.01095	0.01460	0.03153	0.79525	0.03783	0.01792	0.00730	0.00232	0.00332	0.01626	0.00531	0.00465
60	0.83938	0.01106	0.00841	0.00752	0.01106	0.01283	0.00619	0.01681	0.00973	0.02566	0.00796	0.00929	0.00619	0.00531	0.00354	0.00177	0.00442	0.00310	0.00354	0.00619
61	0.01165	0.06473	0.73572	0.01601	0.02430	0.01371	0.02062	0.01807	0.01206	0.01790	0.01016	0.01194	0.00725	0.00541	0.00535	0.00178	0.00835	0.00417	0.00242	0.00840
62	0.01147	0.02959	0.76934	0.01630	0.02476	0.01328	0.02113	0.01811	0.01208	0.01811	0.01026	0.01208	0.00725	0.00543	0.00543	0.00181	0.00845	0.00423	0.00242	0.00845
63	0.01147	0.02959	0.76934	0.01630	0.02476	0.01328	0.02113	0.01811	0.01208	0.01811	0.01026	0.01208	0.00725	0.00543	0.00543	0.00181	0.00845	0.00423	0.00242	0.00845
64	0.00975	0.00798	0.00863	0.00819	0.00839	0.05598	0.00541	0.01007	0.00897	0.01180	0.01626	0.05673	0.01845	0.60100	0.02528	0.00471	0.12715	0.00777	0.00334	0.00414
65	0.02174	0.01602	0.01717	0.01316	0.01774	0.01774	0.01087	0.74423	0.02689	0.03605	0.01373	0.01373	0.00973	0.00687	0.00572	0.00172	0.00629	0.00515	0.00572	0.00973
66	0.00817	0.00613	0.00919	0.00919	0.01021	0.00715	0.00715	0.01021	0.00919	0.01328	0.01532	0.02247	0.01430	0.04290	0.77631	0.00919	0.01532	0.00613	0.00306	0.00511
67	0.65921	0.01118	0.00974	0.00831	0.01205	0.01247	0.00685	0.06660	0.01190	0.14131	0.01061	0.01116	0.00766	0.00569	0.00403	0.00177	0.00462	0.00364	0.00423	0.00698
68	0.00817	0.00613	0.00919	0.00919	0.01021	0.00715	0.00715	0.01021	0.00919	0.01328	0.01532	0.02247	0.01430	0.04290	0.77631	0.00919	0.01532	0.00613	0.00306	0.00511
69	0.02174	0.01602	0.01717	0.01316	0.01774	0.01774	0.01087	0.74423	0.02689	0.03605	0.01373	0.01373	0.00973	0.00687	0.00572	0.00172	0.00629	0.00515	0.00572	0.00973
70	0.13683	0.05869	0.00847	0.00796	0.00918	0.00720	0.00580	0.01036	0.01094	0.01668	0.02559	0.55611	0.02951	0.01443	0.00632	0.00212	0.00370	0.03602	0.04897	0.00512
71	0.01416	0.01359	0.02322	0.03511	0.76330	0.01359	0.01755	0.01755	0.01302	0.01869	0.01076	0.01416	0.00906	0.00510	0.00566	0.00170	0.00680	0.00510	0.00283	0.00906
72	0.66191	0.01077	0.00947	0.00810	0.01183	0.01187	0.00668	0.01923	0.01118	0.18741	0.01115	0.01151	0.00793	0.00570	0.00402	0.00177	0.00452	0.00368	0.00431	0.00697
73	0.01010	0.00822	0.01121	0.01433	0.21580	0.00754	0.00845	0.01218	0.01325	0.06384	0.04150	0.04201	0.47431	0.01150	0.00645	0.00189	0.00420	0.04217	0.00474	0.00632
74	0.01416	0.01359	0.02322	0.03511	0.76330	0.01359	0.01755	0.01755	0.01302	0.01869	0.01076	0.01416	0.00906	0.00510	0.00566	0.00170	0.00680	0.00510	0.00283	0.00906
75	0.01565	0.01148	0.01250	0.01103	0.01432	0.01283	0.00864	0.02895	0.59987	0.13108	0.02289	0.02107	0.01681	0.00759	0.00570	0.00188	0.00446	0.00629	0.05804	0.00892
76	0.01196	0.00744	0.00775	0.00720	0.00913	0.00792	0.00553	0.06487	0.16002	0.02290	0.06065	0.02202	0.01708	0.00718	0.00463	0.00150	0.00328	0.00582	0.56676	0.00636
77	0.02138	0.02681	0.01625	0.01467	0.01769	0.74570	0.01104	0.05168	0.01664	0.01488	0.00904	0.01045	0.00746	0.00593	0.00518	0.00148	0.01015	0.00374	0.00306	0.00675
78	0.10063	0.00595	0.00567	0.00557	0.00714	0.00615	0.00424	0.01371	0.01175	0.02180	0.01750	0.02002	0.01374	0.00652	0.00395	0.00138	0.00286	0.00509	0.74094	0.00542
79	0.01018	0.02049	0.47752	0.01281	0.01855	0.01026	0.01510	0.01531	0.01365	0.01996	0.29761	0.02382	0.02515	0.00783	0.00594	0.00181	0.00625	0.00657	0.00390	0.00728
80	0.01456	0.01168	0.01266	0.01146	0.01462	0.01326	0.00903	0.02878	0.64857	0.07029	0.02378	0.02460	0.01846	0.00835	0.00598	0.00198	0.00461	0.06266	0.00586	0.00880
81	0.01147	0.02959	0.76934	0.01630	0.02476	0.01328	0.02113	0.01811	0.01208	0.01811	0.01026	0.01208	0.00725	0.00543	0.00543	0.00181	0.00845	0.00423	0.00242	0.00845
82	0.01510	0.76329	0.06741	0.01012	0.01519	0.02216	0.01036	0.01718	0.01165	0.01369	0.00807	0.00932	0.00734	0.00492	0.00376	0.00125	0.00624	0.00312	0.00245	0.00740
83	0.00821	0.00596	0.00835	0.00835	0.00908	0.00669	0.00610	0.00967	0.00894	0.01265	0.01609	0.02673	0.01615	0.25838	0.56336	0.00815	0.01253	0.00675	0.00318	0.00464
84	0.83938	0.01106	0.00841	0.00752	0.01106	0.01283	0.00619	0.01681	0.00973	0.02566	0.00796	0.00929	0.00619	0.00531	0.00354	0.00177	0.00442	0.00310	0.00354	0.00619
85	0.01164	0.06409	0.73634	0.01601	0.02431	0.01370	0.02063	0.01807	0.01206	0.01791	0.01016	0.01195	0.00725	0.00541	0.00536	0.00179	0.00835	0.00417	0.00242	0.00840
86	0.06858	0.01304	0.02004	0.02823	0.55749	0.01334	0.01492	0.01937	0.12954	0.01997	0.01252	0.01485	0.01017	0.00549	0.00548	0.00170	0.00615	0.00509	0.00338	0.05064
87	0.00828	0.00570	0.00704	0.00704	0.00732	0.00598	0.00447	0.00883	0.00856	0.01168	0.01729	0.03337	0.01903	0.59365	0.23203	0.00654	0.00820	0.00772	0.00336	0.00391
88	0.01450	0.64130	0.18412	0.01115	0.01678	0.02068	0.01215	0.01733	0.01172	0.01443	0.00843	0.00978	0.00732	0.00501	0.00404	0.00135	0.00660	0.00330	0.00244	0.00757
89	0.01147	0.02959	0.76934	0.01630	0.02476	0.01328	0.02113	0.01811	0.01208	0.01811	0.01026	0.01208	0.00725	0.00543	0.00543	0.00181	0.00845	0.00423	0.00242	0.00845
90	0.02137	0.02726	0.01621	0.01474	0.01768	0.77602	0.01105	0.02284	0.01621	0.01400	0.00884	0.01031	0.00737	0.00589	0.00516	0.00147	0.01031	0.00368	0.00295	0.00663
91	0.01529	0.80242	0.02997	0.00979	0.01468	0.02263	0.00979	0.01713	0.01162	0.01346	0.00795	0.00918	0.00734	0.00489	0.00367	0.00122	0.00612	0.00306	0.00245	0.00734
92	0.00810	0.00585	0.00765	0.00720	0.00855	0.00540	0.00540	0.01079	0.01619	0.02294	0.76028	0.04273	0.05397	0.01169	0.00675	0.00180	0.00270	0.01034	0.00630	0.00540
93	0.00683	0.00580	0.00590	0.00587	0.00777	0.00486	0.00440	0.00835	0.01321	0.01587	0.09715	0.05436	0.72151	0.01433	0.00676	0.00192	0.00289	0.01198	0.00537	0.00486
94	0.14972	0.01065	0.01070	0.00964	0.01259	0.01208	0.00755	0.03965	0.44350	0.04138	0.01958	0.01915	0.01478	0.00709	0.00506	0.00178	0.00417	0.00563	0.17745	0.00784
95	0.01066	0.00533	0.00533	0.00533	0.00666	0.00533	0.00400	0.01333	0.01200	0.02132	0.01866	0.02132	0.01466	0.00666	0.00400	0.00133	0.00267	0.00533	0.83073	0.00533
96	0.00818	0.00541	0.00626	0.00654	0.00669	0.00534	0.00388	0.00856	0.00910	0.01247	0.02088	0.19441	0.02396	0.58616	0.02298	0.00461	0.00490	0.00979	0.05604	0.00383
97	0.01936	0.00841	0.01086	0.00878	0.01233	0.00723	0.00710	0.02139	0.01544	0.51361	0.07909	0.03071	0.22173	0.00941	0.00609	0.00182	0.00419	0.00778	0.00654	0.00811
98	0.02010	0.18887	0.01908	0.01370	0.01706	0.61895	0.01079	0.02165	0.01525	0.01389	0.00866	0.01008	0.00736	0.00569	0.00485	0.00142	0.00944	0.00355	0.00284	0.00678
99	0.00832	0.00555	0.00624	0.00624	0.00624	0.00555	0.00347	0.00832	0.00832	0.01109	0.01802	0.03743	0.02080	0.79898	0.02911	0.00555	0.00555	0.00832	0.00347	0.00347

[dist]
# distance from previous block
# <min> <max>
10	14

[block]
# block no. 1 follows, 41 sequences, length 6
# corresponding to MSA columns:
# 512-517
name=unknown_B
#
# <colnr> <probs for GDERKNQSTAVLIFYWHMCP>
#	G	D	E	R	K	N	Q	S	T	A	V	L	I	F	Y	W	H	M	C	P
0	0.01485	0.46474	0.25950	0.01244	0.01820	0.11300	0.01349	0.01814	0.01233	0.01498	0.00879	0.01022	0.00731	0.00519	0.00441	0.00144	0.00737	0.00350	0.00250	0.00760
1	0.00940	0.00622	0.00805	0.00824	0.00968	0.00545	0.00582	0.01074	0.01157	0.08192	0.02737	0.60310	0.03111	0.01480	0.00668	0.00204	0.00360	0.01330	0.00516	0.13575
2	0.53784	0.01135	0.01069	0.00887	0.01276	0.01235	0.00732	0.10961	0.01349	0.20949	0.01227	0.01235	0.00859	0.00594	0.00435	0.00176	0.00477	0.00400	0.00468	0.00750
3	0.00770	0.00583	0.00709	0.00678	0.00830	0.00523	0.00508	0.01002	0.01525	0.02070	0.55031	0.04641	0.26534	0.01253	0.00675	0.00184	0.00276	0.01086	0.00600	0.00523
4	0.02566	0.00973	0.01327	0.01018	0.01460	0.00841	0.00841	0.02788	0.01637	0.76726	0.02257	0.01947	0.01416	0.00708	0.00575	0.00177	0.00487	0.00575	0.00708	0.00973
5	0.00832	0.00555	0.00624	0.00624	0.00624	0.00555	0.00347	0.00832	0.00832	0.01109	0.01802	0.03743	0.02080	0.79898	0.02911	0.00555	0.00555	0.00832	0.00347	0.00347

[dist]
# distance from previous block
# <min> <max>
4	7

[block]
# block no. 2 follows, 41 sequences, length 100
# corresponding to MSA columns:
# 525-624
name=unknown_C
#
# <colnr> <probs for GDERKNQSTAVLIFYWHMCP>
#	G	D	E	R	K	N	Q	S	T	A	V	L	I	F	Y	W	H	M	C	P
0	0.02355	0.03300	0.01393	0.01074	0.01479	0.09064	0.00873	0.07861	0.01669	0.56955	0.02059	0.06301	0.01431	0.00751	0.00572	0.00175	0.00549	0.00603	0.00631	0.00904
1	0.63699	0.11172	0.10290	0.00886	0.01316	0.01411	0.00844	0.01701	0.01025	0.02323	0.00824	0.00961	0.00646	0.00527	0.00378	0.00171	0.00512	0.00323	0.00327	0.00661
2	0.01178	0.01189	0.02231	0.52125	0.07862	0.01327	0.22648	0.01586	0.01213	0.01592	0.01061	0.01524	0.00801	0.00542	0.00601	0.00190	0.00816	0.00557	0.00266	0.00691
3	0.01782	0.01016	0.01259	0.00931	0.01411	0.00824	0.00757	0.04101	0.01415	0.32665	0.01536	0.01504	0.01084	0.00548	0.00490	0.00125	0.00455	0.00441	0.00497	0.47158
4	0.00697	0.00498	0.00664	0.00796	0.00830	0.00465	0.00531	0.00796	0.01095	0.01460	0.03153	0.79525	0.03783	0.01792	0.00730	0.00232	0.00332	0.01626	0.00531	0.00465
5	0.00837	0.00558	0.00627	0.00627	0.00628	0.00557	0.00349	0.00835	0.00835	0.01114	0.01806	0.03748	0.02083	0.79842	0.02912	0.00555	0.00556	0.00833	0.00348	0.00349
6	0.01191	0.01020	0.01189	0.00850	0.01359	0.00765	0.00680	0.01443	0.01189	0.01868	0.01021	0.01193	0.00852	0.00427	0.00426	0.00086	0.00425	0.00340	0.00340	0.83336
7	0.01256	0.01254	0.01755	0.01504	0.01505	0.01754	0.01253	0.01380	0.00879	0.01381	0.00756	0.01258	0.00755	0.01004	0.01878	0.00251	0.78795	0.00502	0.00252	0.00628
8	0.00807	0.00588	0.00757	0.00715	0.00853	0.00539	0.00536	0.01068	0.01603	0.02254	0.71884	0.04349	0.09518	0.01188	0.00677	0.00182	0.00273	0.01046	0.00625	0.00539
9	0.00698	0.00518	0.00650	0.00756	0.00822	0.00471	0.00514	0.00805	0.01140	0.01482	0.03691	0.64482	0.18431	0.01725	0.00721	0.00225	0.00325	0.01542	0.00532	0.00471
10	0.01071	0.00537	0.00537	0.00537	0.00670	0.00536	0.00402	0.01336	0.01202	0.02136	0.01870	0.02138	0.01470	0.00669	0.00402	0.00134	0.00268	0.00535	0.83014	0.00536
11	0.01238	0.01230	0.01751	0.09671	0.01763	0.01703	0.01289	0.01389	0.00907	0.01390	0.00784	0.01287	0.00757	0.00958	0.01740	0.00245	0.70515	0.00503	0.00252	0.00629
12	0.02141	0.02728	0.01624	0.01476	0.01771	0.77547	0.01107	0.02287	0.01623	0.01404	0.00889	0.01038	0.00741	0.00593	0.00518	0.00148	0.01033	0.00370	0.00296	0.00665
13	0.01071	0.00537	0.00537	0.00537	0.00670	0.00536	0.00402	0.01336	0.01202	0.02136	0.01870	0.02138	0.01470	0.00669	0.00402	0.00134	0.00268	0.00535	0.83014	0.00536
14	0.02492	0.00994	0.01328	0.01031	0.01465	0.00883	0.00847	0.02807	0.06644	0.71625	0.02265	0.01965	0.01442	0.00716	0.00578	0.00179	0.00486	0.00581	0.00701	0.00971
15	0.00807	0.00588	0.00757	0.00715	0.00853	0.00539	0.00536	0.01068	0.01603	0.02254	0.71905	0.04348	0.09498	0.01188	0.00677	0.00182	0.00273	0.01046	0.00625	0.00539
16	0.01152	0.02960	0.76881	0.01633	0.02478	0.01331	0.02114	0.01814	0.01210	0.01816	0.01031	0.01214	0.00729	0.00547	0.00545	0.00182	0.00847	0.00424	0.00243	0.00848
17	0.00837	0.00558	0.00627	0.00627	0.00628	0.00557	0.00349	0.00835	0.00835	0.01114	0.01806	0.03748	0.02083	0.79842	0.02912	0.00555	0.00556	0.00833	0.00348	0.00349
18	0.02141	0.02728	0.01624	0.01476	0.01771	0.77547	0.01107	0.02287	0.01623	0.01404	0.00889	0.01038	0.00741	0.00593	0.00518	0.00148	0.01033	0.00370	0.00296	0.00665
19	0.00837	0.00558	0.00627	0.00627	0.00628	0.00557	0.00349	0.00835	0.00835	0.01114	0.01806	0.03748	0.02083	0.79842	0.02912	0.00555	0.00556	0.00833	0.00348	0.00349
20	0.83882	0.01109	0.00844	0.00755	0.01110	0.01286	0.00622	0.01684	0.00976	0.02570	0.00801	0.00936	0.00624	0.00534	0.00356	0.00178	0.00444	0.00311	0.00356	0.00622
21	0.01355	0.01546	0.03377	0.02413	0.02991	0.01449	0.74200	0.01835	0.01353	0.01836	0.01162	0.01549	0.00872	0.00485	0.00677	0.00194	0.00966	0.00676	0.00291	0.00774
22	0.01358	0.01335	0.01844	0.02588	0.47253	0.10759	0.01416	0.01635	0.01326	0.01746	0.01579	0.10369	0.01563	0.00824	0.00614	0.00189	0.00665	0.11815	0.00350	0.00772
23	0.01280	0.08824	0.62340	0.01655	0.06622	0.01378	0.01930	0.01860	0.01237	0.06148	0.01088	0.01246	0.00781	0.00550	0.00535	0.00176	0.00798	0.00429	0.00273	0.00850
24	0.01366	0.01663	0.17739	0.02467	0.40032	0.01373	0.01597	0.02125	0.21756	0.02006	0.01417	0.01577	0.01105	0.00594	0.00568	0.00180	0.00653	0.00531	0.00359	0.00895
25	0.01191	0.01020	0.01189	0.00850	0.01359	0.00765	0.00680	0.01443	0.01189	0.01868	0.01021	0.01193	0.00852	0.00427	0.00426	0.00086	0.00425	0.00340	0.00340	0.83336
26	0.00824	0.00609	0.00885	0.00885	0.00975	0.00698	0.00670	0.01001	0.00911	0.01305	0.01570	0.02442	0.01516	0.13833	0.68145	0.00874	0.01410	0.00642	0.00313	0.00492
27	0.00834	0.00557	0.00628	0.00631	0.00632	0.00555	0.00353	0.00835	0.00841	0.01121	0.01836	0.05397	0.02120	0.78142	0.02864	0.00548	0.00551	0.00850	0.00352	0.00352
28	0.01272	0.01068	0.01233	0.00889	0.01393	0.00848	0.00713	0.07420	0.01312	0.02011	0.01051	0.01208	0.00862	0.00448	0.00438	0.00093	0.00442	0.00355	0.00360	0.76586
29	0.00872	0.00788	0.01092	0.05045	0.06338	0.00736	0.07860	0.01165	0.05236	0.01721	0.12232	0.04324	0.48050	0.01181	0.00660	0.00191	0.00415	0.01024	0.00491	0.00579
30	0.01138	0.00962	0.01132	0.00840	0.01297	0.00733	0.00663	0.01381	0.01205	0.01863	0.05052	0.06675	0.01287	0.00558	0.00459	0.00101	0.00411	0.00464	0.00369	0.73410
31	0.01164	0.02798	0.69571	0.01640	0.02455	0.01312	0.05898	0.01799	0.01217	0.01819	0.01038	0.01231	0.00742	0.00538	0.00547	0.00178	0.00834	0.00434	0.00250	0.04534
32	0.25291	0.33975	0.24654	0.01113	0.01670	0.01699	0.01218	0.01736	0.01124	0.01844	0.00870	0.01015	0.00702	0.00521	0.00419	0.00157	0.00635	0.00344	0.00277	0.00737
33	0.00837	0.00608	0.00881	0.00881	0.00978	0.00697	0.00674	0.01030	0.00932	0.01363	0.01574	0.02348	0.01480	0.09223	0.68159	0.00851	0.01395	0.00625	0.04963	0.00503
34	0.01427	0.01232	0.01296	0.01167	0.01491	0.01425	0.00907	0.03041	0.75244	0.02396	0.02332	0.02140	0.01750	0.00779	0.00584	0.00195	0.00454	0.00648	0.00583	0.00908
35	0.00824	0.00553	0.00631	0.00644	0.00647	0.00549	0.00367	0.00832	0.00860	0.01147	0.01936	0.11017	0.02246	0.72350	0.02702	0.00524	0.00535	0.00909	0.00366	0.00361
36	0.00702	0.00572	0.00623	0.00659	0.00816	0.00494	0.00489	0.00844	0.01265	0.01544	0.05073	0.20564	0.56454	0.01530	0.00697	0.00207	0.00316	0.06135	0.00532	0.00485
37	0.01355	0.01546	0.03377	0.02413	0.02991	0.01449	0.74200	0.01835	0.01353	0.01836	0.01162	0.01549	0.00872	0.00485	0.00677	0.00194	0.00966	0.00676	0.00291	0.00774
38	0.01846	0.02270	0.02236	0.01888	0.05961	0.48660	0.25165	0.02111	0.01518	0.01570	0.00988	0.01226	0.00793	0.00553	0.00573	0.00164	0.00993	0.00478	0.00294	0.00713
39	0.00785	0.00587	0.00728	0.00692	0.00840	0.00530	0.00519	0.01026	0.01553	0.02134	0.60619	0.04546	0.20859	0.01233	0.00677	0.00184	0.00276	0.01073	0.00609	0.00530
40	0.01247	0.01048	0.01213	0.00881	0.01375	0.00827	0.00704	0.06424	0.01290	0.01978	0.01096	0.03055	0.00930	0.00477	0.00443	0.00095	0.00437	0.00383	0.00361	0.75736
41	0.00728	0.00522	0.00691	0.00782	0.00839	0.00485	0.00535	0.00866	0.01220	0.01659	0.20118	0.61957	0.04161	0.01649	0.00719	0.00221	0.00319	0.01489	0.00555	0.00485
42	0.01306	0.11957	0.60161	0.01523	0.02285	0.01489	0.01871	0.09501	0.01362	0.01951	0.01041	0.01197	0.00757	0.00555	0.00528	0.00174	0.00796	0.00420	0.00279	0.00848
43	0.01451	0.63406	0.19053	0.01123	0.01690	0.02062	0.01227	0.01737	0.01175	0.01451	0.00850	0.00987	0.00736	0.00504	0.00407	0.00136	0.00664	0.00333	0.00246	0.00761
44	0.01085	0.01020	0.01718	0.78469	0.03941	0.01273	0.01590	0.01465	0.01147	0.01466	0.01021	0.01531	0.00767	0.00575	0.00574	0.00191	0.00764	0.00510	0.00256	0.00638
45	0.00835	0.00619	0.00770	0.00727	0.00870	0.00584	0.00540	0.01146	0.05363	0.02165	0.61396	0.04249	0.11520	0.05742	0.00802	0.00204	0.00299	0.01020	0.00603	0.00545
46	0.01085	0.01020	0.01718	0.78469	0.03941	0.01273	0.01590	0.01465	0.01147	0.01466	0.01021	0.01531	0.00767	0.00575	0.00574	0.00191	0.00764	0.00510	0.00256	0.00638
47	0.74799	0.01095	0.00898	0.00785	0.01149	0.01236	0.00646	0.01808	0.01051	0.10847	0.00964	0.01049	0.00713	0.00554	0.00381	0.00178	0.00449	0.00341	0.00395	0.00661
48	0.01105	0.00929	0.01098	0.00842	0.01267	0.00713	0.00654	0.01331	0.01173	0.01798	0.01394	0.14851	0.01363	0.00665	0.00479	0.00111	0.00409	0.00565	0.00374	0.68877
49	0.01378	0.01312	0.02227	0.03354	0.71878	0.01309	0.01685	0.01703	0.01293	0.01849	0.01202	0.05974	0.01078	0.00588	0.00578	0.00174	0.00661	0.00576	0.00299	0.00883
50	0.83882	0.01109	0.00844	0.00755	0.01110	0.01286	0.00622	0.01684	0.00976	0.02570	0.00801	0.00936	0.00624	0.00534	0.00356	0.00178	0.00444	0.00311	0.00356	0.00622
51	0.01191	0.01020	0.01189	0.00850	0.01359	0.00765	0.00680	0.01443	0.01189	0.01868	0.01021	0.01193	0.00852	0.00427	0.00426	0.00086	0.00425	0.00340	0.00340	0.83336
52	0.01196	0.10042	0.53485	0.01626	0.02348	0.01385	0.12772	0.01758	0.01256	0.01807	0.06124	0.01445	0.01069	0.00575	0.00557	0.00178	0.00803	0.00493	0.00277	0.00805
53	0.01340	0.02205	0.43612	0.01532	0.02167	0.01344	0.07823	0.02190	0.20544	0.07046	0.01457	0.01535	0.01055	0.00626	0.00607	0.00188	0.02983	0.00517	0.00368	0.00859
54	0.01420	0.01362	0.02324	0.03512	0.76278	0.01361	0.01757	0.01758	0.01305	0.01873	0.01081	0.01422	0.00910	0.00513	0.00568	0.00171	0.00681	0.00511	0.00285	0.00908
55	0.01649	0.01295	0.02184	0.02943	0.56840	0.01261	0.05796	0.01972	0.01376	0.17032	0.01324	0.01537	0.01011	0.00551	0.00576	0.00174	0.00659	0.00534	0.00371	0.00914
56	0.01500	0.73474	0.09421	0.01038	0.01559	0.02184	0.01079	0.01724	0.01169	0.01391	0.00820	0.00949	0.00738	0.00497	0.00384	0.00128	0.00633	0.00318	0.00246	0.00746
57	0.01071	0.00537	0.00537	0.00537	0.00670	0.00536	0.00402	0.01336	0.01202	0.02136	0.01870	0.02138	0.01470	0.00669	0.00402	0.00134	0.00268	0.00535	0.83014	0.00536
58	0.01152	0.02960	0.76881	0.01633	0.02478	0.01331	0.02114	0.01814	0.01210	0.01816	0.01031	0.01214	0.00729	0.00547	0.00545	0.00182	0.00847	0.00424	0.00243	0.00848
59	0.00800	0.00591	0.00748	0.00719	0.00863	0.00540	0.00546	0.01049	0.01558	0.02155	0.61609	0.04575	0.15946	0.01235	0.00683	0.00187	0.00288	0.04762	0.00611	0.00533
60	0.00759	0.00586	0.00691	0.00665	0.00824	0.00519	0.00498	0.00975	0.01491	0.01986	0.46788	0.04789	0.34782	0.01288	0.00677	0.00186	0.00280	0.01107	0.00590	0.00519
61	0.00896	0.00642	0.00883	0.00966	0.01099	0.00629	0.00820	0.01160	0.01401	0.01873	0.22776	0.05865	0.03864	0.01471	0.00761	0.00242	0.00459	0.53104	0.00556	0.00533
62	0.00927	0.00662	0.00925	0.01056	0.01188	0.00661	0.00924	0.01188	0.01320	0.01716	0.03032	0.06455	0.03294	0.01582	0.00792	0.00264	0.00528	0.72428	0.00528	0.00529
63	0.00725	0.00585	0.00644	0.00629	0.00803	0.00504	0.00471	0.00909	0.01410	0.01795	0.28864	0.05103	0.52824	0.01359	0.00677	0.00190	0.00285	0.01151	0.00565	0.00504
64	0.83882	0.01109	0.00844	0.00755	0.01110	0.01286	0.00622	0.01684	0.00976	0.02570	0.00801	0.00936	0.00624	0.00534	0.00356	0.00178	0.00444	0.00311	0.00356	0.00622
65	0.00702	0.00501	0.00667	0.00800	0.00833	0.00468	0.00533	0.00800	0.01098	0.01465	0.03156	0.79473	0.03785	0.01794	0.00732	0.00233	0.00334	0.01627	0.00532	0.00467
66	0.01191	0.01020	0.01189	0.00850	0.01359	0.00765	0.00680	0.01443	0.01189	0.01868	0.01021	0.01193	0.00852	0.00427	0.00426	0.00086	0.00425	0.00340	0.00340	0.83336
67	0.83882	0.01109	0.00844	0.00755	0.01110	0.01286	0.00622	0.01684	0.00976	0.02570	0.00801	0.00936	0.00624	0.00534	0.00356	0.00178	0.00444	0.00311	0.00356	0.00622
68	0.02464	0.01147	0.01436	0.01101	0.01548	0.01096	0.00909	0.22165	0.01924	0.56898	0.02021	0.01798	0.01300	0.00705	0.00576	0.00176	0.00527	0.00560	0.00673	0.00975
69	0.83882	0.01109	0.00844	0.00755	0.01110	0.01286	0.00622	0.01684	0.00976	0.02570	0.00801	0.00936	0.00624	0.00534	0.00356	0.00178	0.00444	0.00311	0.00356	0.00622
70	0.01420	0.01362	0.02324	0.03512	0.76278	0.01361	0.01757	0.01758	0.01305	0.01873	0.01081	0.01422	0.00910	0.00513	0.00568	0.00171	0.00681	0.00511	0.00285	0.00908
71	0.01427	0.01232	0.01296	0.01167	0.01491	0.01425	0.00907	0.03041	0.75244	0.02396	0.02332	0.02140	0.01750	0.00779	0.00584	0.00195	0.00454	0.00648	0.00583	0.00908
72	0.01427	0.01232	0.01296	0.01167	0.01491	0.01425	0.00907	0.03041	0.75244	0.02396	0.02332	0.02140	0.01750	0.00779	0.00584	0.00195	0.00454	0.00648	0.00583	0.00908
73	0.00998	0.00500	0.00749	0.00748	0.00749	0.00500	0.00499	0.00749	0.00748	0.00998	0.00998	0.01745	0.00998	0.01989	0.02236	0.83297	0.00498	0.00498	0.00250	0.00251
74	0.00814	0.00588	0.00768	0.00723	0.00858	0.00543	0.00542	0.01083	0.01622	0.02298	0.75977	0.04277	0.05398	0.01172	0.00677	0.00181	0.00272	0.01036	0.00631	0.00542
75	0.01466	0.01309	0.01456	0.01512	0.12645	0.05439	0.01030	0.06816	0.51060	0.02329	0.07020	0.02075	0.01774	0.00751	0.00584	0.00187	0.00517	0.00631	0.00526	0.00874
76	0.01570	0.01646	0.02179	0.03089	0.60808	0.17179	0.01622	0.01868	0.01371	0.01776	0.01041	0.01342	0.00875	0.00529	0.00558	0.00166	0.00754	0.00482	0.00287	0.00858
77	0.01236	0.01233	0.01792	0.01519	0.01555	0.01678	0.05068	0.01383	0.00907	0.01402	0.00822	0.01331	0.00801	0.01167	0.06207	0.00287	0.70207	0.00518	0.00257	0.00629
78	0.01919	0.00864	0.01134	0.00924	0.01262	0.00775	0.00742	0.02230	0.05909	0.47855	0.22749	0.02793	0.06518	0.00881	0.00610	0.00180	0.00416	0.00741	0.00671	0.00826
79	0.02062	0.01458	0.15672	0.01416	0.01960	0.01056	0.15945	0.02416	0.01502	0.47707	0.01811	0.01735	0.01182	0.00635	0.00592	0.00182	0.00651	0.00569	0.00539	0.00911
80	0.01212	0.02750	0.66695	0.01703	0.02508	0.01331	0.10085	0.01843	0.01238	0.03823	0.01079	0.01271	0.00763	0.00544	0.00561	0.00183	0.00850	0.00456	0.00261	0.00843
81	0.02143	0.02670	0.01629	0.01468	0.01772	0.73620	0.01106	0.06023	0.01679	0.01519	0.00914	0.01056	0.00754	0.00598	0.00521	0.00149	0.01012	0.00378	0.00311	0.00682
82	0.01191	0.01020	0.01189	0.00850	0.01359	0.00765	0.00680	0.01443	0.01189	0.01868	0.01021	0.01193	0.00852	0.00427	0.00426	0.00086	0.00425	0.00340	0.00340	0.83336
83	0.83882	0.01109	0.00844	0.00755	0.01110	0.01286	0.00622	0.01684	0.00976	0.02570	0.00801	0.00936	0.00624	0.00534	0.00356	0.00178	0.00444	0.00311	0.00356	0.00622
84	0.01420	0.01362	0.02324	0.03512	0.76278	0.01361	0.01757	0.01758	0.01305	0.01873	0.01081	0.01422	0.00910	0.00513	0.00568	0.00171	0.00681	0.00511	0.00285	0.00908
85	0.00822	0.00616	0.00923	0.00922	0.01025	0.00718	0.00717	0.01025	0.00922	0.01332	0.01536	0.02253	0.01434	0.04290	0.77576	0.00920	0.01533	0.00614	0.00308	0.00513
86	0.01832	0.02213	0.01463	0.01346	0.01604	0.57558	0.01016	0.02075	0.05753	0.01447	0.01104	0.01348	0.00940	0.01353	0.16140	0.00307	0.01101	0.00436	0.00315	0.00649
87	0.00689	0.00583	0.00594	0.00591	0.00781	0.00489	0.00443	0.00840	0.01325	0.01593	0.09868	0.05437	0.71947	0.01435	0.00678	0.00193	0.00290	0.01198	0.00538	0.00489
88	0.00702	0.00501	0.00667	0.00800	0.00833	0.00468	0.00533	0.00800	0.01098	0.01465	0.03156	0.79473	0.03785	0.01794	0.00732	0.00233	0.00334	0.01627	0.00532	0.00467
89	0.74019	0.01169	0.00950	0.00823	0.01190	0.01345	0.00678	0.10459	0.01183	0.02695	0.00871	0.00989	0.00667	0.00553	0.00382	0.00177	0.00467	0.00336	0.00382	0.00664
90	0.01579	0.01307	0.01382	0.01198	0.01549	0.01496	0.00944	0.17499	0.60539	0.02642	0.02138	0.01986	0.01593	0.00761	0.00582	0.00190	0.00490	0.00621	0.00581	0.00921
91	0.02018	0.18427	0.01903	0.01376	0.01710	0.62289	0.01081	0.02171	0.01531	0.01393	0.00871	0.01015	0.00741	0.00572	0.00488	0.00143	0.00948	0.00357	0.00286	0.00680
92	0.01427	0.01232	0.01296	0.01167	0.01491	0.01425	0.00907	0.03041	0.75244	0.02396	0.02332	0.02140	0.01750	0.00779	0.00584	0.00195	0.00454	0.00648	0.00583	0.00908
93	0.00698	0.00584	0.00606	0.00601	0.00787	0.00493	0.00450	0.00857	0.01346	0.01644	0.14640	0.05353	0.67144	0.01416	0.00678	0.00192	0.00289	0.01186	0.00545	0.00493
94	0.00889	0.00636	0.00876	0.00971	0.01097	0.00624	0.00820	0.01141	0.01366	0.01817	0.17825	0.10978	0.03754	0.01514	0.00764	0.00245	0.00463	0.53144	0.00549	0.00528
95	0.01465	0.66310	0.16275	0.01099	0.01652	0.02097	0.01184	0.01733	0.01173	0.01434	0.00842	0.00976	0.00737	0.00502	0.00401	0.00134	0.00655	0.00328	0.00246	0.00756
96	0.01420	0.01362	0.02324	0.03512	0.76278	0.01361	0.01757	0.01758	0.01305	0.01873	0.01081	0.01422	0.00910	0.00513	0.00568	0.00171	0.00681	0.00511	0.00285	0.00908
97	0.00911	0.00651	0.00908	0.01039	0.01164	0.00648	0.00897	0.01162	0.01304	0.01699	0.03040	0.11419	0.03328	0.01597	0.00788	0.00262	0.00515	0.67614	0.00528	0.00525
98	0.00941	0.00691	0.00927	0.01035	0.01182	0.00696	0.00894	0.01275	0.05630	0.01746	0.03151	0.06148	0.07426	0.01528	0.00773	0.00256	0.00510	0.64109	0.00532	0.00549
99	0.00773	0.00583	0.00715	0.00682	0.00832	0.00524	0.00511	0.01009	0.01534	0.02091	0.57032	0.04606	0.24519	0.01245	0.00675	0.00183	0.00275	0.01081	0.00603	0.00524

[dist]
# distance from previous block
# <min> <max>
0	1

[block]
# block no. 3 follows, 41 sequences, length 67
# corresponding to MSA columns:
# 626-692
name=unknown_D
#
# <colnr> <probs for GDERKNQSTAVLIFYWHMCP>
#	G	D	E	R	K	N	Q	S	T	A	V	L	I	F	Y	W	H	M	C	P
0	0.59101	0.01257	0.01107	0.00923	0.01309	0.01432	0.00762	0.23778	0.01495	0.02882	0.00972	0.01064	0.00727	0.00578	0.00420	0.00175	0.00499	0.00372	0.00420	0.00727
1	0.00827	0.00553	0.00649	0.00668	0.00694	0.00546	0.00412	0.00882	0.00960	0.01311	0.07499	0.13468	0.02568	0.57351	0.02269	0.00455	0.00492	0.04099	0.03906	0.00392
2	0.01416	0.01359	0.02322	0.03511	0.76330	0.01359	0.01755	0.01755	0.01302	0.01869	0.01076	0.01416	0.00906	0.00510	0.00566	0.00170	0.00680	0.00510	0.00283	0.00906
3	0.01298	0.01242	0.02092	0.27641	0.48529	0.01354	0.01672	0.01638	0.01226	0.01708	0.01038	0.01441	0.00851	0.00559	0.00645	0.00181	0.05303	0.00509	0.00272	0.00802
4	0.01350	0.01543	0.03375	0.02411	0.02989	0.01446	0.74253	0.01832	0.01350	0.01832	0.01157	0.01543	0.00868	0.00482	0.00675	0.00193	0.00964	0.00675	0.00289	0.00771
5	0.01226	0.00972	0.01109	0.01129	0.01329	0.06517	0.00964	0.13812	0.01574	0.02013	0.02587	0.05183	0.02706	0.01354	0.00733	0.00239	0.00581	0.54840	0.00517	0.00613
6	0.02165	0.01072	0.01554	0.01624	0.19778	0.00990	0.01058	0.05471	0.01599	0.50912	0.06268	0.01929	0.01506	0.00686	0.00579	0.00175	0.00527	0.00584	0.00594	0.00931
7	0.01519	0.75615	0.03020	0.01063	0.01558	0.02215	0.05287	0.01720	0.01173	0.01374	0.00816	0.00954	0.00742	0.00489	0.00385	0.00126	0.00632	0.00328	0.00247	0.00736
8	0.01270	0.01096	0.01147	0.01045	0.01341	0.01231	0.00809	0.02586	0.60168	0.02219	0.03037	0.02823	0.16948	0.00914	0.00601	0.00194	0.00419	0.00761	0.00572	0.00819
9	0.63725	0.01136	0.00952	0.00853	0.01200	0.01317	0.00689	0.02014	0.19180	0.02524	0.01172	0.01224	0.00895	0.00591	0.00410	0.00181	0.00445	0.00392	0.00410	0.00689
10	0.01416	0.01359	0.02322	0.03511	0.76330	0.01359	0.01755	0.01755	0.01302	0.01869	0.01076	0.01416	0.00906	0.00510	0.00566	0.00170	0.00680	0.00510	0.00283	0.00906
11	0.00697	0.00498	0.00664	0.00796	0.00830	0.00465	0.00531	0.00796	0.01095	0.01460	0.03153	0.79525	0.03783	0.01792	0.00730	0.00232	0.00332	0.01626	0.00531	0.00465
12	0.01992	0.02284	0.01556	0.01394	0.01702	0.54456	0.01072	0.12759	0.07992	0.01828	0.01235	0.01574	0.01045	0.00692	0.00550	0.00163	0.00887	0.05725	0.00376	0.00719
13	0.01751	0.01155	0.01303	0.01122	0.01480	0.01255	0.00887	0.02967	0.54130	0.23753	0.02308	0.02080	0.01651	0.00756	0.00580	0.00189	0.00462	0.00626	0.00618	0.00925
14	0.00692	0.00518	0.00643	0.00743	0.00816	0.00469	0.00507	0.00802	0.01146	0.01481	0.03800	0.61393	0.21498	0.01708	0.00717	0.00223	0.00322	0.01523	0.00531	0.00469
15	0.01067	0.00772	0.00919	0.00914	0.01049	0.00791	0.00656	0.18834	0.01470	0.01965	0.02637	0.55924	0.02994	0.06114	0.00820	0.00236	0.00418	0.01307	0.00530	0.00582
16	0.01350	0.01543	0.03375	0.02411	0.02989	0.01446	0.74253	0.01832	0.01350	0.01832	0.01157	0.01543	0.00868	0.00482	0.00675	0.00193	0.00964	0.00675	0.00289	0.00771
17	0.01080	0.01017	0.01716	0.78523	0.03940	0.01271	0.01589	0.01461	0.01144	0.01461	0.01017	0.01525	0.00762	0.00572	0.00572	0.00191	0.00762	0.00508	0.00254	0.00635
18	0.02437	0.00945	0.01286	0.00996	0.01416	0.00819	0.00819	0.02662	0.01636	0.71243	0.07691	0.02118	0.01709	0.00742	0.00583	0.00177	0.00471	0.00609	0.00702	0.00941
19	0.01186	0.01017	0.01186	0.00847	0.01356	0.00762	0.00678	0.01440	0.01186	0.01864	0.01017	0.01186	0.00847	0.00424	0.00424	0.00085	0.00424	0.00339	0.00339	0.83395
20	0.01200	0.01291	0.02708	0.02003	0.02445	0.01213	0.56180	0.01581	0.01268	0.01715	0.01547	0.15063	0.01457	0.06557	0.00849	0.00226	0.00826	0.00849	0.00335	0.00688
21	0.01008	0.00543	0.00577	0.00577	0.00685	0.00550	0.00414	0.01224	0.01116	0.01898	0.01830	0.02417	0.01568	0.14506	0.06519	0.00263	0.00409	0.00590	0.62805	0.00500
22	0.00697	0.00498	0.00664	0.00796	0.00830	0.00465	0.00531	0.00796	0.01095	0.01460	0.03153	0.79525	0.03783	0.01792	0.00730	0.00232	0.00332	0.01626	0.00531	0.00465
23	0.80472	0.01127	0.00878	0.00776	0.01134	0.01304	0.00639	0.04765	0.01046	0.02610	0.00821	0.00948	0.00634	0.00538	0.00363	0.00177	0.00450	0.00318	0.00363	0.00634
24	0.01416	0.01359	0.02322	0.03511	0.76330	0.01359	0.01755	0.01755	0.01302	0.01869	0.01076	0.01416	0.00906	0.00510	0.00566	0.00170	0.00680	0.00510	0.00283	0.00906
25	0.00822	0.00550	0.00627	0.00637	0.00639	0.00548	0.00360	0.00829	0.00851	0.01135	0.01902	0.09326	0.02205	0.74144	0.02751	0.00531	0.00538	0.00890	0.00360	0.00355
26	0.00676	0.00579	0.00579	0.00579	0.00773	0.00483	0.00435	0.00821	0.01304	0.01545	0.05794	0.05505	0.76098	0.01449	0.00676	0.00193	0.00290	0.01207	0.00531	0.00483
27	0.01147	0.02959	0.76934	0.01630	0.02476	0.01328	0.02113	0.01811	0.01208	0.01811	0.01026	0.01208	0.00725	0.00543	0.00543	0.00181	0.00845	0.00423	0.00242	0.00845
28	0.00676	0.00579	0.00579	0.00579	0.00773	0.00483	0.00435	0.00821	0.01304	0.01545	0.05794	0.05505	0.76098	0.01449	0.00676	0.00193	0.00290	0.01207	0.00531	0.00483
29	0.02566	0.00973	0.01327	0.01018	0.01460	0.00841	0.00841	0.02788	0.01637	0.76726	0.02257	0.01947	0.01416	0.00708	0.00575	0.00177	0.00487	0.00575	0.00708	0.00973
30	0.02566	0.00973	0.01327	0.01018	0.01460	0.00841	0.00841	0.02788	0.01637	0.76726	0.02257	0.01947	0.01416	0.00708	0.00575	0.00177	0.00487	0.00575	0.00708	0.00973
31	0.01080	0.01017	0.01716	0.78523	0.03940	0.01271	0.01589	0.01461	0.01144	0.01461	0.01017	0.01525	0.00762	0.00572	0.00572	0.00191	0.00762	0.00508	0.00254	0.00635
32	0.01416	0.01359	0.02322	0.03511	0.76330	0.01359	0.01755	0.01755	0.01302	0.01869	0.01076	0.01416	0.00906	0.00510	0.00566	0.00170	0.00680	0.00510	0.00283	0.00906
