[name]
unknown

[dist]
# distance from previous block
# <min> <max>
5	647

[block]
# block no. 0 follows, 41 sequences, length 17
# corresponding to MSA columns:
# 657-673
name=unknown_A
#
# <colnr> <probs for GDERKNQSTAVLIFYWHMCP>
#	G	D	E	R	K	N	Q	S	T	A	V	L	I	F	Y	W	H	M	C	P
0	0.01359	0.01574	0.13558	0.02901	0.51503	0.01308	0.07681	0.01719	0.01308	0.01871	0.01325	0.08689	0.01196	0.00670	0.00611	0.00190	0.00714	0.00632	0.00320	0.00873
1	0.00906	0.00694	0.00945	0.01152	0.07974	0.00659	0.00802	0.01079	0.01264	0.01659	0.03337	0.33724	0.13879	0.01572	0.00752	0.00243	0.00452	0.27820	0.00524	0.00563
2	0.01234	0.01057	0.01277	0.08375	0.01646	0.00846	0.00791	0.01482	0.01218	0.01877	0.01075	0.01300	0.00894	0.00478	0.00464	0.00106	0.00477	0.00375	0.00350	0.74678
3	0.01584	0.79547	0.03020	0.01018	0.01508	0.02284	0.01001	0.01750	0.01199	0.01402	0.00856	0.01001	0.00790	0.00529	0.00393	0.00133	0.00630	0.00326	0.00265	0.00763
4	0.01460	0.42045	0.02162	0.00989	0.01445	0.01629	0.00879	0.07392	0.01322	0.01753	0.01165	0.07593	0.01096	0.00631	0.00457	0.00135	0.00550	0.00462	0.00344	0.26489
5	0.01153	0.01061	0.01592	0.01353	0.01447	0.01296	0.09893	0.01291	0.00971	0.01422	0.01228	0.02085	0.01230	0.18665	0.15443	0.00438	0.37902	0.00632	0.00306	0.00593
6	0.02611	0.01014	0.01366	0.01056	0.01500	0.00874	0.00865	0.02815	0.01669	0.76082	0.02303	0.02021	0.01466	0.00745	0.00600	0.00188	0.00507	0.00593	0.00724	0.01000
7	0.01610	0.01178	0.01715	0.40584	0.10561	0.01311	0.01375	0.11689	0.06520	0.15363	0.01440	0.01688	0.01045	0.00658	0.00597	0.00194	0.00683	0.00549	0.00424	0.00818
8	0.01895	0.07491	0.20153	0.02773	0.28798	0.01720	0.20660	0.02150	0.01629	0.02319	0.01637	0.02143	0.01383	0.00896	0.00818	0.00281	0.00965	0.00700	0.00472	0.01118
9	0.00730	0.00587	0.00654	0.00653	0.00826	0.00511	0.00500	0.00916	0.01385	0.01750	0.23541	0.05265	0.52201	0.01388	0.00685	0.00195	0.00304	0.06851	0.00556	0.00501
10	0.00709	0.00503	0.00660	0.00780	0.00811	0.00473	0.00514	0.00800	0.01071	0.01428	0.03028	0.72524	0.03626	0.09007	0.00932	0.00262	0.00352	0.01553	0.00514	0.00454
11	0.00905	0.00801	0.01342	0.01194	0.01335	0.00820	0.15701	0.01083	0.01096	0.01494	0.02313	0.45946	0.02629	0.07643	0.04431	0.00282	0.08816	0.01206	0.00427	0.00537
12	0.01690	0.01272	0.01484	0.01373	0.08694	0.01367	0.00994	0.46485	0.02145	0.02896	0.07851	0.17425	0.01899	0.00933	0.00612	0.00184	0.00544	0.00782	0.00541	0.00828
13	0.01080	0.01017	0.01716	0.78523	0.03940	0.01271	0.01589	0.01461	0.01144	0.01461	0.01017	0.01525	0.00762	0.00572	0.00572	0.00191	0.00762	0.00508	0.00254	0.00635
14	0.01432	0.01009	0.01097	0.00922	0.01236	0.01016	0.00742	0.29063	0.01863	0.09282	0.03660	0.03644	0.37336	0.01096	0.00632	0.00187	0.00448	0.04056	0.00563	0.00717
15	0.33271	0.01973	0.01365	0.01292	0.05278	0.40188	0.00952	0.06297	0.01421	0.01998	0.00889	0.01032	0.00715	0.00569	0.00460	0.00161	0.00766	0.00362	0.00333	0.00677
16	0.33259	0.02039	0.01427	0.01254	0.01588	0.44015	0.05249	0.02028	0.01358	0.01870	0.00867	0.01023	0.00700	0.00561	0.00464	0.00161	0.00803	0.00364	0.00317	0.00653

[dist]
# distance from previous block
# <min> <max>
3	5

[block]
# block no. 1 follows, 41 sequences, length 13
# corresponding to MSA columns:
# 679-691
name=unknown_B
#
# <colnr> <probs for GDERKNQSTAVLIFYWHMCP>
#	G	D	E	R	K	N	Q	S	T	A	V	L	I	F	Y	W	H	M	C	P
0	0.01222	0.15242	0.60151	0.01578	0.02349	0.01486	0.06777	0.01797	0.01210	0.01738	0.00998	0.01184	0.00736	0.00531	0.00524	0.00173	0.00816	0.00421	0.00245	0.00823
1	0.01267	0.02148	0.35713	0.02181	0.10413	0.01385	0.34868	0.01815	0.01282	0.01827	0.01091	0.01382	0.00809	0.00512	0.00606	0.00185	0.00882	0.00546	0.00268	0.00818
2	0.00856	0.00712	0.00767	0.00752	0.00959	0.00686	0.00584	0.01305	0.15484	0.01788	0.10749	0.04855	0.48337	0.01310	0.00670	0.00200	0.00344	0.08520	0.00549	0.00573
3	0.64936	0.01283	0.08841	0.00878	0.01294	0.01232	0.00803	0.01836	0.01082	0.11934	0.01006	0.01088	0.00732	0.00555	0.00402	0.00177	0.00490	0.00355	0.00387	0.00688
4	0.02089	0.13195	0.01771	0.01180	0.01600	0.01549	0.00998	0.33338	0.06321	0.24662	0.01563	0.01511	0.01099	0.00689	0.00628	0.00172	0.05672	0.00508	0.00543	0.00910
5	0.01045	0.00798	0.01050	0.20780	0.01656	0.00880	0.00790	0.10363	0.01191	0.01574	0.01761	0.14961	0.01871	0.36940	0.01664	0.00361	0.00582	0.00835	0.00381	0.00519
6	0.00689	0.00529	0.00631	0.00712	0.00807	0.00472	0.00494	0.00806	0.01176	0.01493	0.04178	0.50782	0.31863	0.01659	0.00709	0.00217	0.00315	0.01463	0.00531	0.00472
7	0.01750	0.09251	0.01385	0.00980	0.01262	0.01141	0.00775	0.15839	0.01488	0.25918	0.01689	0.02245	0.01422	0.25545	0.01373	0.00294	0.05813	0.00611	0.00489	0.00728
8	0.01290	0.01364	0.02381	0.01854	0.02078	0.01634	0.29532	0.01553	0.01060	0.01553	0.00908	0.01364	0.00796	0.00800	0.01411	0.00228	0.48678	0.00568	0.00265	0.00682
9	0.02308	0.00980	0.01275	0.00996	0.01384	0.00893	0.00801	0.09366	0.01635	0.60125	0.02115	0.02121	0.01458	0.10794	0.00873	0.00225	0.00509	0.00602	0.00649	0.00894
10	0.00740	0.00586	0.00675	0.00717	0.00873	0.00521	0.00557	0.00912	0.01300	0.01619	0.09520	0.15208	0.46623	0.01502	0.00707	0.00212	0.00344	0.16352	0.00537	0.00494
11	0.01754	0.01780	0.06706	0.02069	0.24720	0.22926	0.07447	0.06817	0.01547	0.11408	0.06230	0.01561	0.01214	0.00613	0.00568	0.00168	0.00759	0.00522	0.00381	0.00810
12	0.01474	0.01700	0.08689	0.02903	0.47921	0.11084	0.14257	0.01841	0.01343	0.01798	0.01061	0.01371	0.00863	0.00518	0.00577	0.00172	0.00788	0.00513	0.00282	0.00847

[dist]
# distance from previous block
# <min> <max>
0	74

[block]
# block no. 2 follows, 41 sequences, length 18
# corresponding to MSA columns:
# 766-783
name=unknown_C
#
# <colnr> <probs for GDERKNQSTAVLIFYWHMCP>
#	G	D	E	R	K	N	Q	S	T	A	V	L	I	F	Y	W	H	M	C	P
0	0.01445	0.01250	0.01643	0.01397	0.01515	0.01629	0.01153	0.06742	0.12954	0.07614	0.01164	0.01455	0.00977	0.00921	0.01479	0.00230	0.54819	0.00531	0.00361	0.00721
1	0.01164	0.00824	0.00999	0.00941	0.01141	0.00823	0.00699	0.09484	0.09570	0.07763	0.02465	0.44445	0.02617	0.01285	0.00685	0.00200	0.02934	0.01124	0.00524	0.10311
2	0.01407	0.48479	0.09824	0.01203	0.01577	0.02015	0.01173	0.01619	0.01079	0.01401	0.00804	0.01048	0.00738	0.00652	0.00847	0.00167	0.24633	0.00377	0.00246	0.00712
3	0.02566	0.00973	0.01327	0.01018	0.01460	0.00841	0.00841	0.02788	0.01637	0.76726	0.02257	0.01947	0.01416	0.00708	0.00575	0.00177	0.00487	0.00575	0.00708	0.00973
4	0.01548	0.01367	0.01913	0.01522	0.01884	0.01527	0.17719	0.15722	0.32537	0.04116	0.01656	0.01727	0.01252	0.00723	0.00788	0.00197	0.11879	0.00606	0.00469	0.00849
5	0.01341	0.01370	0.06784	0.06413	0.43203	0.02969	0.01497	0.01933	0.15342	0.01915	0.01531	0.02124	0.01322	0.00692	0.00593	0.00187	0.00641	0.08941	0.00364	0.00839
6	0.00697	0.00498	0.00664	0.00796	0.00830	0.00465	0.00531	0.00796	0.01095	0.01460	0.03153	0.79525	0.03783	0.01792	0.00730	0.00232	0.00332	0.01626	0.00531	0.00465
7	0.00697	0.00498	0.00664	0.00796	0.00830	0.00465	0.00531	0.00796	0.01095	0.01460	0.03153	0.79525	0.03783	0.01792	0.00730	0.00232	0.00332	0.01626	0.00531	0.00465
8	0.00952	0.10264	0.09846	0.03957	0.01511	0.00941	0.11401	0.01190	0.01154	0.01539	0.02276	0.47584	0.02558	0.01268	0.00653	0.00207	0.00528	0.01161	0.00421	0.00589
9	0.01299	0.01410	0.02821	0.02204	0.07403	0.01450	0.50173	0.01683	0.01225	0.01711	0.01098	0.01526	0.00886	0.00845	0.06159	0.00252	0.16213	0.00626	0.00282	0.00734
10	0.02361	0.00928	0.01262	0.00983	0.01389	0.00805	0.00805	0.02588	0.01635	0.68024	0.10882	0.02219	0.01881	0.00762	0.00587	0.00177	0.00461	0.00629	0.00699	0.00923
11	0.00702	0.00501	0.00668	0.00793	0.00831	0.00468	0.00531	0.00808	0.01117	0.01495	0.06192	0.76386	0.03850	0.01766	0.00728	0.00230	0.00329	0.01601	0.00535	0.00468
12	0.02155	0.01187	0.07379	0.01166	0.01621	0.00987	0.05727	0.02620	0.11655	0.53054	0.04809	0.01973	0.01517	0.00707	0.00584	0.00181	0.00533	0.00596	0.00624	0.00925
13	0.00719	0.00565	0.00627	0.00639	0.00777	0.00498	0.00456	0.00861	0.01269	0.01603	0.16333	0.15972	0.45352	0.10626	0.00945	0.00239	0.00324	0.01197	0.00526	0.00473
14	0.02091	0.02737	0.05084	0.01481	0.01801	0.74095	0.01152	0.02262	0.01602	0.01419	0.00891	0.01040	0.00736	0.00587	0.00517	0.00149	0.01023	0.00371	0.00292	0.00671
15	0.07509	0.01430	0.01632	0.01275	0.01709	0.04245	0.05756	0.38818	0.10717	0.18607	0.01601	0.01552	0.01118	0.00674	0.00564	0.00176	0.00603	0.00535	0.00559	0.00917
16	0.02174	0.01602	0.01717	0.01316	0.01774	0.01774	0.01087	0.74423	0.02689	0.03605	0.01373	0.01373	0.00973	0.00687	0.00572	0.00172	0.00629	0.00515	0.00572	0.00973
17	0.01147	0.02959	0.76934	0.01630	0.02476	0.01328	0.02113	0.01811	0.01208	0.01811	0.01026	0.01208	0.00725	0.00543	0.00543	0.00181	0.00845	0.00423	0.00242	0.00845

[dist]
# distance from previous block
# <min> <max>
0	3

[block]
# block no. 3 follows, 41 sequences, length 28
# corresponding to MSA columns:
# 787-814
name=unknown_D
#
# <colnr> <probs for GDERKNQSTAVLIFYWHMCP>
#	G	D	E	R	K	N	Q	S	T	A	V	L	I	F	Y	W	H	M	C	P
0	0.00783	0.00540	0.00668	0.00715	0.00737	0.00539	0.00449	0.00839	0.00934	0.01255	0.02251	0.30347	0.02615	0.44614	0.09758	0.00478	0.00576	0.01090	0.00408	0.00405
1	0.00697	0.00498	0.00664	0.00796	0.00830	0.00465	0.00531	0.00796	0.01095	0.01460	0.03153	0.79525	0.03783	0.01792	0.00730	0.00232	0.00332	0.01626	0.00531	0.00465
2	0.02174	0.01602	0.01717	0.01316	0.01774	0.01774	0.01087	0.74423	0.02689	0.03605	0.01373	0.01373	0.00973	0.00687	0.00572	0.00172	0.00629	0.00515	0.00572	0.00973
3	0.00697	0.00498	0.00664	0.00796	0.00830	0.00465	0.00531	0.00796	0.01095	0.01460	0.03153	0.79525	0.03783	0.01792	0.00730	0.00232	0.00332	0.01626	0.00531	0.00465
4	0.59776	0.00955	0.00819	0.00743	0.01033	0.01067	0.00596	0.01506	0.01161	0.02487	0.22664	0.01901	0.02008	0.00717	0.00447	0.00178	0.00392	0.00520	0.00434	0.00596
5	0.02144	0.02522	0.01638	0.01445	0.01769	0.63820	0.01102	0.15395	0.01815	0.01801	0.00973	0.01094	0.00780	0.00607	0.00526	0.00152	0.00958	0.00395	0.00345	0.00719
6	0.01987	0.00876	0.01162	0.00940	0.01286	0.00788	0.00757	0.02306	0.06049	0.50633	0.23704	0.02634	0.02593	0.00846	0.00605	0.00179	0.00422	0.00713	0.00678	0.00843
7	0.00950	0.00818	0.01271	0.01150	0.01262	0.00996	0.05811	0.01155	0.00939	0.01373	0.01333	0.01977	0.01240	0.03299	0.55531	0.00721	0.18735	0.00592	0.00293	0.00554
8	0.00697	0.00498	0.00664	0.00796	0.00830	0.00465	0.00531	0.00796	0.01095	0.01460	0.03153	0.79525	0.03783	0.01792	0.00730	0.00232	0.00332	0.01626	0.00531	0.00465
9	0.02519	0.01049	0.01374	0.01053	0.01498	0.00952	0.00870	0.11346	0.01763	0.67991	0.02151	0.01878	0.01363	0.00705	0.00575	0.00176	0.00504	0.00568	0.00692	0.00973
10	0.00900	0.00811	0.01467	0.01281	0.01479	0.00762	0.21983	0.01121	0.01183	0.01583	0.02565	0.52476	0.02906	0.01399	0.00718	0.00223	0.00527	0.05599	0.00460	0.00558
11	0.21196	0.01375	0.01904	0.02643	0.51012	0.04929	0.01419	0.05531	0.01311	0.02103	0.01016	0.01279	0.00833	0.00528	0.00514	0.00171	0.00637	0.00456	0.00316	0.00830
12	0.02137	0.02726	0.01621	0.01474	0.01768	0.77602	0.01105	0.02284	0.01621	0.01400	0.00884	0.01031	0.00737	0.00589	0.00516	0.00147	0.01031	0.00368	0.00295	0.00663
13	0.00719	0.00570	0.00646	0.00651	0.00805	0.00497	0.00479	0.00895	0.01369	0.01757	0.26423	0.15376	0.44961	0.01413	0.00683	0.00195	0.00290	0.01213	0.00561	0.00497
14	0.01909	0.01470	0.01567	0.01262	0.01673	0.01650	0.01023	0.49219	0.28325	0.03177	0.01710	0.01642	0.01246	0.00718	0.00576	0.00180	0.00567	0.00561	0.00576	0.00949
15	0.83938	0.01106	0.00841	0.00752	0.01106	0.01283	0.00619	0.01681	0.00973	0.02566	0.00796	0.00929	0.00619	0.00531	0.00354	0.00177	0.00442	0.00310	0.00354	0.00619
16	0.02566	0.00973	0.01327	0.01018	0.01460	0.00841	0.00841	0.02788	0.01637	0.76726	0.02257	0.01947	0.01416	0.00708	0.00575	0.00177	0.00487	0.00575	0.00708	0.00973
17	0.00696	0.00501	0.00660	0.00787	0.00827	0.00465	0.00527	0.00798	0.01104	0.01464	0.03271	0.76203	0.07028	0.01777	0.00728	0.00231	0.00330	0.01607	0.00531	0.00465
18	0.01611	0.02031	0.36931	0.01671	0.04141	0.01213	0.17583	0.02098	0.01366	0.23593	0.01414	0.01501	0.00962	0.00577	0.00582	0.00182	0.00763	0.00525	0.00389	0.00868
19	0.01950	0.00982	0.06267	0.00987	0.01352	0.00775	0.00839	0.02187	0.01516	0.50275	0.11135	0.15047	0.02238	0.00932	0.00611	0.00187	0.00459	0.00794	0.00638	0.00829
20	0.00832	0.00555	0.00624	0.00624	0.00624	0.00555	0.00347	0.00832	0.00832	0.01109	0.01802	0.03743	0.02080	0.79898	0.02911	0.00555	0.00555	0.00832	0.00347	0.00347
21	0.01080	0.01017	0.01716	0.78523	0.03940	0.01271	0.01589	0.01461	0.01144	0.01461	0.01017	0.01525	0.00762	0.00572	0.00572	0.00191	0.00762	0.00508	0.00254	0.00635
22	0.01398	0.01424	0.02783	0.02064	0.02468	0.01496	0.48790	0.01761	0.01232	0.06376	0.01110	0.01485	0.00869	0.00645	0.01013	0.00208	0.23213	0.00619	0.00304	0.00742
23	0.02211	0.00942	0.01219	0.00959	0.01358	0.00834	0.00784	0.06738	0.01642	0.59130	0.02825	0.02538	0.14512	0.00837	0.00593	0.00180	0.00461	0.00683	0.00669	0.00887
24	0.00697	0.00498	0.00664	0.00796	0.00830	0.00465	0.00531	0.00796	0.01095	0.01460	0.03153	0.79525	0.03783	0.01792	0.00730	0.00232	0.00332	0.01626	0.00531	0.00465
25	0.06375	0.12692	0.15411	0.02284	0.36404	0.04875	0.01507	0.05887	0.01357	0.01929	0.05231	0.01421	0.01081	0.00565	0.00526	0.00165	0.00675	0.00477	0.00311	0.00826
26	0.00951	0.00670	0.00831	0.00880	0.01003	0.00671	0.00637	0.01343	0.14208	0.06036	0.06294	0.51371	0.05408	0.01500	0.00695	0.00221	0.00370	0.05776	0.00554	0.00579
27	0.06410	0.01198	0.01331	0.05957	0.01636	0.01343	0.00936	0.08322	0.49534	0.13782	0.02073	0.01939	0.01510	0.00732	0.00566	0.00188	0.00490	0.00597	0.00567	0.00888

[dist]
# distance from previous block
# <min> <max>
0	10

[block]
# block no. 4 follows, 41 sequences, length 27
# corresponding to MSA columns:
# 825-851
name=unknown_E
#
# <colnr> <probs for GDERKNQSTAVLIFYWHMCP>
#	G	D	E	R	K	N	Q	S	T	A	V	L	I	F	Y	W	H	M	C	P
0	0.01539	0.01282	0.05631	0.01282	0.05690	0.01306	0.00999	0.07268	0.48622	0.10799	0.07519	0.02129	0.01822	0.00763	0.00584	0.00188	0.00489	0.00638	0.00563	0.00887
1	0.15908	0.01228	0.01863	0.15027	0.41452	0.01330	0.01439	0.01726	0.01207	0.06206	0.01061	0.01367	0.00850	0.00571	0.00627	0.00181	0.06372	0.00477	0.00313	0.00795
2	0.01066	0.00533	0.00533	0.00533	0.00666	0.00533	0.00400	0.01333	0.01200	0.02132	0.01866	0.02132	0.01466	0.00666	0.00400	0.00133	0.00267	0.00533	0.83073	0.00533
3	0.07185	0.01414	0.18770	0.01017	0.01535	0.00897	0.00991	0.01467	0.01165	0.01854	0.01261	0.10645	0.01157	0.00625	0.00484	0.00132	0.00512	0.00512	0.00341	0.48039
4	0.01209	0.02525	0.54380	0.01870	0.02633	0.01365	0.24233	0.01818	0.01251	0.01818	0.01067	0.01310	0.00769	0.00525	0.00584	0.00185	0.00882	0.00500	0.00256	0.00823
5	0.01066	0.00533	0.00533	0.00533	0.00666	0.00533	0.00400	0.01333	0.01200	0.02132	0.01866	0.02132	0.01466	0.00666	0.00400	0.00133	0.00267	0.00533	0.83073	0.00533
6	0.01136	0.02377	0.53873	0.20841	0.02786	0.01338	0.01933	0.01699	0.01173	0.01699	0.01008	0.01289	0.00736	0.00576	0.00626	0.00187	0.05247	0.00448	0.00245	0.00780
7	0.14079	0.01888	0.01453	0.01310	0.03846	0.34908	0.00987	0.16306	0.05947	0.07601	0.01282	0.05567	0.01047	0.00683	0.00525	0.00167	0.00743	0.00494	0.00417	0.00750
8	0.06693	0.01682	0.01659	0.01300	0.01736	0.08966	0.01063	0.63532	0.02493	0.03337	0.01295	0.01316	0.00931	0.00669	0.00555	0.00170	0.00657	0.00490	0.00534	0.00924
9	0.00697	0.00498	0.00664	0.00796	0.00830	0.00465	0.00531	0.00796	0.01095	0.01460	0.03153	0.79525	0.03783	0.01792	0.00730	0.00232	0.00332	0.01626	0.00531	0.00465
10	0.01330	0.01252	0.02011	0.05291	0.46682	0.01178	0.05466	0.01653	0.01264	0.01851	0.01060	0.01356	0.00881	0.00484	0.00529	0.00146	0.00620	0.00466	0.00300	0.26182
11	0.00705	0.00504	0.00673	0.00806	0.00843	0.00472	0.00545	0.00811	0.01103	0.01469	0.03148	0.76848	0.03765	0.01784	0.00732	0.00233	0.00339	0.04222	0.00531	0.00467
12	0.00706	0.00566	0.00634	0.00672	0.00821	0.00495	0.00498	0.00856	0.01273	0.01578	0.08761	0.22777	0.50077	0.01523	0.00697	0.00207	0.00316	0.06521	0.00536	0.00485
13	0.01080	0.01017	0.01716	0.78523	0.03940	0.01271	0.01589	0.01461	0.01144	0.01461	0.01017	0.01525	0.00762	0.00572	0.00572	0.00191	0.00762	0.00508	0.00254	0.00635
14	0.01066	0.00533	0.00533	0.00533	0.00666	0.00533	0.00400	0.01333	0.01200	0.02132	0.01866	0.02132	0.01466	0.00666	0.00400	0.00133	0.00267	0.00533	0.83073	0.00533
15	0.00809	0.00578	0.00791	0.00917	0.01002	0.00561	0.00719	0.00994	0.01220	0.01611	0.05675	0.41682	0.03604	0.01668	0.00757	0.00245	0.00423	0.35713	0.00532	0.00497
16	0.01350	0.01543	0.03375	0.02411	0.02989	0.01446	0.74253	0.01832	0.01350	0.01832	0.01157	0.01543	0.00868	0.00482	0.00675	0.00193	0.00964	0.00675	0.00289	0.00771
17	0.00824	0.00551	0.00626	0.00633	0.00635	0.00550	0.00357	0.00830	0.00847	0.01129	0.01878	0.07973	0.02175	0.75538	0.02790	0.00537	0.00542	0.00876	0.00357	0.00353
18	0.00817	0.00613	0.00919	0.00919	0.01021	0.00715	0.00715	0.01021	0.00919	0.01328	0.01532	0.02247	0.01430	0.04290	0.77631	0.00919	0.01532	0.00613	0.00306	0.00511
19	0.01186	0.01017	0.01186	0.00847	0.01356	0.00762	0.00678	0.01440	0.01186	0.01864	0.01017	0.01186	0.00847	0.00424	0.00424	0.00085	0.00424	0.00339	0.00339	0.83395
20	0.01071	0.00741	0.00818	0.00747	0.00829	0.00772	0.00478	0.13931	0.01162	0.01553	0.01726	0.03321	0.01882	0.65798	0.02495	0.00486	0.00568	0.00775	0.00387	0.00458
21	0.00702	0.00500	0.00662	0.00790	0.00822	0.00468	0.00524	0.00798	0.01085	0.01447	0.03102	0.76680	0.03719	0.04724	0.00812	0.00244	0.00340	0.01596	0.00524	0.00460
22	0.00817	0.00613	0.00919	0.00919	0.01021	0.00715	0.00715	0.01021	0.00919	0.01328	0.01532	0.02247	0.01430	0.04290	0.77631	0.00919	0.01532	0.00613	0.00306	0.00511
23	0.02162	0.02560	0.01611	0.01439	0.01752	0.68639	0.01090	0.06901	0.01690	0.05601	0.00989	0.01103	0.00788	0.00602	0.00523	0.00151	0.00977	0.00389	0.00335	0.00700
24	0.00852	0.00600	0.00698	0.00714	0.00870	0.00535	0.00519	0.01041	0.03527	0.07036	0.09708	0.30528	0.38331	0.01472	0.00684	0.00205	0.00322	0.01276	0.00553	0.00529
25	0.01657	0.01366	0.01582	0.01289	0.01687	0.01507	0.06332	0.26856	0.41477	0.02731	0.01851	0.01784	0.01373	0.00705	0.00577	0.00181	0.00548	0.00588	0.00544	0.05365
26	0.01959	0.01621	0.01901	0.01473	0.01874	0.06559	0.09304	0.52134	0.02234	0.02974	0.01236	0.01355	0.00917	0.00699	0.00751	0.00183	0.10940	0.00522	0.00481	0.00885

[dist]
# distance from previous block
# <min> <max>
5	69

[block]
# block no. 5 follows, 41 sequences, length 10
# corresponding to MSA columns:
# 924-933
name=unknown_F
#
# <colnr> <probs for GDERKNQSTAVLIFYWHMCP>
#	G	D	E	R	K	N	Q	S	T	A	V	L	I	F	Y	W	H	M	C	P
0	0.00801	0.00578	0.00757	0.00726	0.00853	0.00534	0.00539	0.01057	0.01578	0.02228	0.70310	0.10178	0.05270	0.01218	0.00679	0.00184	0.00275	0.01081	0.00622	0.00534
1	0.00864	0.00616	0.00756	0.00750	0.00895	0.00574	0.00550	0.01143	0.05843	0.05110	0.34870	0.23864	0.19316	0.01346	0.00680	0.00197	0.00310	0.01181	0.00584	0.00549
2	0.01731	0.01629	0.29050	0.01199	0.01727	0.00961	0.01256	0.02108	0.01427	0.36260	0.07705	0.09096	0.01696	0.00785	0.00586	0.00184	0.00587	0.00653	0.00514	0.00845
3	0.01285	0.30792	0.50306	0.01396	0.02113	0.01665	0.01705	0.01776	0.01191	0.01644	0.00943	0.01103	0.00728	0.00524	0.00480	0.00160	0.00761	0.00381	0.00243	0.00805
4	0.02167	0.01813	0.01699	0.01346	0.01773	0.16028	0.01091	0.60862	0.02488	0.03190	0.01281	0.01309	0.00928	0.00668	0.00562	0.00167	0.00705	0.00487	0.00520	0.00915
5	0.01862	0.02323	0.01425	0.01305	0.01581	0.63105	0.00979	0.02009	0.01561	0.01427	0.01807	0.01872	0.14903	0.00751	0.00546	0.00156	0.00892	0.00526	0.00339	0.00629
6	0.62683	0.01235	0.01068	0.00899	0.01280	0.01411	0.00741	0.20592	0.01420	0.02836	0.00946	0.01045	0.00711	0.00571	0.00411	0.00176	0.00491	0.00363	0.00411	0.00711
7	0.01979	0.01505	0.01607	0.01277	0.01699	0.01683	0.01040	0.55866	0.21565	0.03290	0.01621	0.01571	0.01174	0.00710	0.00575	0.00177	0.00583	0.00549	0.00575	0.00955
8	0.12581	0.44275	0.26847	0.01161	0.01748	0.01825	0.01300	0.01741	0.01151	0.01663	0.00871	0.01014	0.00715	0.00513	0.00423	0.00149	0.00665	0.00345	0.00258	0.00755
9	0.11192	0.02734	0.67702	0.01524	0.02309	0.01323	0.01932	0.01796	0.01179	0.01903	0.00999	0.01174	0.00712	0.00542	0.00520	0.00181	0.00796	0.00409	0.00255	0.00818

[dist]
# distance from previous block
# <min> <max>
0	1

[block]
# block no. 6 follows, 41 sequences, length 7
# corresponding to MSA columns:
# 935-941
name=unknown_G
#
# <colnr> <probs for GDERKNQSTAVLIFYWHMCP>
#	G	D	E	R	K	N	Q	S	T	A	V	L	I	F	Y	W	H	M	C	P
0	0.01554	0.02270	0.45980	0.01441	0.02112	0.01335	0.01637	0.13712	0.08801	0.13512	0.01397	0.01437	0.00970	0.00614	0.00557	0.00180	0.00718	0.00483	0.00399	0.00891
1	0.20706	0.01789	0.01449	0.01323	0.05236	0.26576	0.00991	0.19357	0.13156	0.02367	0.01214	0.01279	0.00931	0.00624	0.00505	0.00168	0.00694	0.00440	0.00418	0.00776
2	0.01444	0.01175	0.01885	0.01477	0.01838	0.01171	0.24818	0.19594	0.03862	0.07825	0.05590	0.22793	0.01975	0.00947	0.00654	0.00196	0.00625	0.00902	0.00482	0.00746
3	0.14251	0.28807	0.16663	0.01446	0.02002	0.01700	0.19463	0.06242	0.01283	0.01884	0.00965	0.01159	0.00763	0.00516	0.00488	0.00163	0.00719	0.00434	0.00292	0.00761
4	0.01244	0.16914	0.38749	0.13401	0.02600	0.01516	0.14387	0.01743	0.01214	0.01674	0.01004	0.01260	0.00757	0.00527	0.00538	0.00174	0.00810	0.00458	0.00252	0.00779
5	0.01900	0.07272	0.01472	0.01110	0.01500	0.01310	0.00903	0.08779	0.37344	0.28845	0.02105	0.01910	0.01486	0.00722	0.00562	0.00181	0.00492	0.00584	0.00600	0.00922
6	0.01532	0.01385	0.02184	0.08041	0.21963	0.01395	0.18604	0.19912	0.03850	0.02278	0.01194	0.01433	0.00920	0.00548	0.00574	0.00166	0.00698	0.00530	0.00371	0.12420

[dist]
# distance from previous block
# <min> <max>
5	15

[block]
# block no. 7 follows, 41 sequences, length 6
# corresponding to MSA columns:
# 957-962
name=unknown_H
#
# <colnr> <probs for GDERKNQSTAVLIFYWHMCP>
#	G	D	E	R	K	N	Q	S	T	A	V	L	I	F	Y	W	H	M	C	P
0	0.45152	0.00823	0.00758	0.00773	0.00977	0.00902	0.00578	0.01269	0.01030	0.02051	0.01894	0.37551	0.02094	0.01119	0.00529	0.00203	0.00391	0.00923	0.00436	0.00547
1	0.32205	0.00842	0.00883	0.00779	0.01045	0.00866	0.00618	0.01578	0.01380	0.14287	0.36084	0.02650	0.02973	0.00857	0.00539	0.00178	0.00369	0.00690	0.00539	0.00639
2	0.01510	0.38361	0.21057	0.01117	0.01645	0.01589	0.01188	0.01832	0.01306	0.13622	0.10319	0.01567	0.01413	0.00621	0.00482	0.00153	0.00609	0.00468	0.00365	0.00776
3	0.01192	0.02693	0.64522	0.01943	0.14762	0.01333	0.02054	0.01802	0.01223	0.01821	0.01035	0.01242	0.00755	0.00538	0.00547	0.00179	0.00818	0.00437	0.00248	0.00855
4	0.14246	0.01341	0.20069	0.01268	0.10477	0.00956	0.01025	0.01324	0.01032	0.01646	0.01487	0.09663	0.01525	0.29996	0.01409	0.00322	0.00604	0.00682	0.00331	0.00596
5	0.09175	0.02360	0.47750	0.01778	0.02497	0.01359	0.23408	0.01805	0.01227	0.01890	0.01043	0.01280	0.00757	0.00524	0.00564	0.00184	0.00842	0.00487	0.00267	0.00802

[dist]
# distance from previous block
# <min> <max>
10	59

[block]
# block no. 8 follows, 41 sequences, length 15
# corresponding to MSA columns:
# 1025-1039
name=unknown_I
#
# <colnr> <probs for GDERKNQSTAVLIFYWHMCP>
#	G	D	E	R	K	N	Q	S	T	A	V	L	I	F	Y	W	H	M	C	P
0	0.00676	0.00579	0.00579	0.00579	0.00773	0.00483	0.00435	0.00821	0.01304	0.01545	0.05794	0.05505	0.76098	0.01449	0.00676	0.00193	0.00290	0.01207	0.00531	0.00483
1	0.01423	0.01229	0.01293	0.01164	0.01487	0.01423	0.00905	0.03039	0.75297	0.02393	0.02328	0.02134	0.01746	0.00776	0.00582	0.00194	0.00453	0.00647	0.00582	0.00905
2	0.00832	0.00555	0.00624	0.00624	0.00624	0.00555	0.00347	0.00832	0.00832	0.01109	0.01802	0.03743	0.02080	0.79898	0.02911	0.00555	0.00555	0.00832	0.00347	0.00347
3	0.01350	0.01543	0.03375	0.02411	0.02989	0.01446	0.74253	0.01832	0.01350	0.01832	0.01157	0.01543	0.00868	0.00482	0.00675	0.00193	0.00964	0.00675	0.00289	0.00771
4	0.00810	0.00585	0.00765	0.00720	0.00855	0.00540	0.00540	0.01079	0.01619	0.02294	0.76028	0.04273	0.05397	0.01169	0.00675	0.00180	0.00270	0.01034	0.00630	0.00540
5	0.01416	0.01359	0.02322	0.03511	0.76330	0.01359	0.01755	0.01755	0.01302	0.01869	0.01076	0.01416	0.00906	0.00510	0.00566	0.00170	0.00680	0.00510	0.00283	0.00906
6	0.01080	0.01017	0.01716	0.78523	0.03940	0.01271	0.01589	0.01461	0.01144	0.01461	0.01017	0.01525	0.00762	0.00572	0.00572	0.00191	0.00762	0.00508	0.00254	0.00635
7	0.00800	0.00577	0.00759	0.00744	0.00866	0.00536	0.00556	0.01048	0.01539	0.02162	0.63553	0.13863	0.05099	0.01266	0.00687	0.00190	0.00289	0.04321	0.00613	0.00530
8	0.01358	0.01300	0.02217	0.16491	0.63803	0.01344	0.01727	0.01705	0.01275	0.01798	0.01066	0.01435	0.00881	0.00520	0.00567	0.00173	0.00694	0.00509	0.00278	0.00859
9	0.01416	0.01359	0.02322	0.03511	0.76330	0.01359	0.01755	0.01755	0.01302	0.01869	0.01076	0.01416	0.00906	0.00510	0.00566	0.00170	0.00680	0.00510	0.00283	0.00906
10	0.01390	0.01066	0.01245	0.00903	0.01402	0.00860	0.00728	0.08104	0.01359	0.08255	0.01152	0.01266	0.00906	0.00471	0.00450	0.00100	0.00447	0.00374	0.00391	0.69132
11	0.01416	0.01359	0.02322	0.03511	0.76330	0.01359	0.01755	0.01755	0.01302	0.01869	0.01076	0.01416	0.00906	0.00510	0.00566	0.00170	0.00680	0.00510	0.00283	0.00906
12	0.48350	0.00980	0.00936	0.00836	0.01148	0.01061	0.00681	0.04603	0.01248	0.13369	0.10158	0.05776	0.01676	0.00782	0.00485	0.00187	0.00437	0.06154	0.00469	0.00661
13	0.05417	0.67222	0.11737	0.01046	0.01571	0.02105	0.01097	0.01723	0.01159	0.01460	0.00823	0.00953	0.00727	0.00498	0.00387	0.00132	0.00632	0.00320	0.00250	0.00742
14	0.18266	0.01251	0.01568	0.01280	0.01521	0.01500	0.04848	0.11998	0.01245	0.05031	0.00960	0.01239	0.00799	0.00759	0.01108	0.00200	0.35995	0.00458	0.00347	0.09625

[dist]
# distance from previous block
# <min> <max>
8	18

[block]
# block no. 9 follows, 41 sequences, length 26
# corresponding to MSA columns:
# 1058-1083
name=unknown_J
#
# <colnr> <probs for GDERKNQSTAVLIFYWHMCP>
#	G	D	E	R	K	N	Q	S	T	A	V	L	I	F	Y	W	H	M	C	P
0	0.01558	0.01663	0.02712	0.08459	0.07030	0.14242	0.45066	0.04964	0.01446	0.05456	0.01158	0.01460	0.00870	0.00529	0.00624	0.00182	0.00905	0.00588	0.00319	0.00768
1	0.18528	0.01098	0.04600	0.05597	0.01616	0.01015	0.06881	0.02125	0.05758	0.33440	0.04603	0.02095	0.08738	0.00732	0.00551	0.00182	0.00520	0.00602	0.00527	0.00792
2	0.01187	0.06353	0.67334	0.01562	0.02348	0.01379	0.01962	0.01908	0.07295	0.01838	0.01123	0.01270	0.00809	0.00560	0.00539	0.00180	0.00802	0.00436	0.00270	0.00845
3	0.10718	0.04984	0.07723	0.01313	0.01680	0.42994	0.01086	0.13709	0.01645	0.01920	0.01201	0.04055	0.03278	0.00662	0.00517	0.00161	0.00824	0.00460	0.00356	0.00713
4	0.18617	0.08467	0.14087	0.00966	0.01364	0.01093	0.00917	0.04573	0.03799	0.03649	0.15885	0.08355	0.05193	0.00802	0.00523	0.00168	0.00485	0.00644	0.00423	0.09991
5	0.01432	0.01461	0.01778	0.01446	0.01695	0.11973	0.09464	0.05262	0.07294	0.01713	0.01024	0.01321	0.00872	0.00746	0.01117	0.00191	0.34667	0.00486	0.00320	0.15737
6	0.15046	0.04845	0.01480	0.45250	0.02744	0.01198	0.01194	0.01577	0.01168	0.07874	0.04290	0.01630	0.01052	0.03536	0.00609	0.00192	0.00630	0.00500	0.01893	0.03293
7	0.14961	0.00981	0.01021	0.00952	0.01140	0.07810	0.00735	0.08794	0.01165	0.01754	0.01362	0.01980	0.01251	0.10645	0.42254	0.00612	0.01113	0.00552	0.00345	0.00574
8	0.01408	0.01527	0.02746	0.04770	0.02555	0.07695	0.49151	0.04881	0.01329	0.01755	0.01079	0.01468	0.00851	0.00655	0.00894	0.05064	0.10556	0.00605	0.00294	0.00718
9	0.04135	0.01247	0.01491	0.01249	0.04794	0.01280	0.00980	0.30670	0.08242	0.33683	0.01864	0.01882	0.01309	0.00730	0.00578	0.00180	0.00549	0.03591	0.00610	0.00937
10	0.01792	0.01719	0.01315	0.01164	0.01456	0.35676	0.00892	0.04673	0.09126	0.13798	0.14223	0.02211	0.07928	0.00798	0.00574	0.00167	0.00683	0.00615	0.00475	0.00713
11	0.00697	0.00498	0.00664	0.00796	0.00830	0.00465	0.00531	0.00796	0.01095	0.01460	0.03153	0.79525	0.03783	0.01792	0.00730	0.00232	0.00332	0.01626	0.00531	0.00465
12	0.01147	0.02959	0.76934	0.01630	0.02476	0.01328	0.02113	0.01811	0.01208	0.01811	0.01026	0.01208	0.00725	0.00543	0.00543	0.00181	0.00845	0.00423	0.00242	0.00845
13	0.00676	0.00579	0.00579	0.00579	0.00773	0.00483	0.00435	0.00821	0.01304	0.01545	0.05794	0.05505	0.76098	0.01449	0.00676	0.00193	0.00290	0.01207	0.00531	0.00483
14	0.01807	0.01420	0.01510	0.01242	0.01634	0.01602	0.00998	0.39514	0.38197	0.03012	0.01840	0.01745	0.01351	0.00730	0.00577	0.00183	0.00543	0.00579	0.00577	0.00940
15	0.83938	0.01106	0.00841	0.00752	0.01106	0.01283	0.00619	0.01681	0.00973	0.02566	0.00796	0.00929	0.00619	0.00531	0.00354	0.00177	0.00442	0.00310	0.00354	0.00619
16	0.01186	0.01017	0.01186	0.00847	0.01356	0.00762	0.00678	0.01440	0.01186	0.01864	0.01017	0.01186	0.00847	0.00424	0.00424	0.00085	0.00424	0.00339	0.00339	0.83395
17	0.01415	0.01332	0.02098	0.02892	0.55444	0.01378	0.03752	0.02078	0.19744	0.01998	0.01390	0.01599	0.01114	0.00575	0.00574	0.00177	0.00632	0.00549	0.00358	0.00902
18	0.00741	0.00582	0.00670	0.00648	0.00813	0.00511	0.00486	0.00947	0.01458	0.01911	0.40142	0.04902	0.41522	0.01312	0.00675	0.00187	0.00280	0.01123	0.00579	0.00511
19	0.01861	0.00996	0.01255	0.00931	0.01407	0.00801	0.00757	0.02099	0.01407	0.38474	0.01623	0.01558	0.01125	0.00563	0.00498	0.00130	0.00454	0.00454	0.00519	0.43088
20	0.02210	0.01544	0.01681	0.01289	0.01745	0.01688	0.01065	0.67842	0.02593	0.10322	0.01454	0.01426	0.01013	0.00689	0.00572	0.00172	0.00616	0.00521	0.00585	0.00973
21	0.01186	0.01017	0.01186	0.00847	0.01356	0.00762	0.00678	0.01440	0.01186	0.01864	0.01017	0.01186	0.00847	0.00424	0.00424	0.00085	0.00424	0.00339	0.00339	0.83395
22	0.83938	0.01106	0.00841	0.00752	0.01106	0.01283	0.00619	0.01681	0.00973	0.02566	0.00796	0.00929	0.00619	0.00531	0.00354	0.00177	0.00442	0.00310	0.00354	0.00619
23	0.01186	0.01017	0.01186	0.00847	0.01356	0.00762	0.00678	0.01440	0.01186	0.01864	0.01017	0.01186	0.00847	0.00424	0.00424	0.00085	0.00424	0.00339	0.00339	0.83395
24	0.01592	0.01449	0.02661	0.01931	0.02456	0.01398	0.46992	0.16906	0.01643	0.08561	0.01461	0.01674	0.03725	0.00577	0.00635	0.00183	0.00806	0.00639	0.00395	0.04316
25	0.68091	0.01421	0.10063	0.00957	0.01380	0.01365	0.00868	0.06017	0.01164	0.02610	0.00956	0.01124	0.00746	0.00605	0.00433	0.00194	0.00535	0.00368	0.00385	0.00716

[dist]
# distance from previous block
# <min> <max>
10	253

# created by:
# /software/SequenceAnalysis/GenePrediction/augustus/3.0.1/scripts/msa2prfl.pl ./fixed/BUSCOvEOG76Q85T.fas
