[name]
unknown

[dist]
# distance from previous block
# <min> <max>
0	105

[block]
# block no. 0 follows, 41 sequences, length 129
# corresponding to MSA columns:
# 158-286
name=unknown_A
#
# <colnr> <probs for GDERKNQSTAVLIFYWHMCP>
#	G	D	E	R	K	N	Q	S	T	A	V	L	I	F	Y	W	H	M	C	P
0	0.01080	0.01017	0.01716	0.78523	0.03940	0.01271	0.01589	0.01461	0.01144	0.01461	0.01017	0.01525	0.00762	0.00572	0.00572	0.00191	0.00762	0.00508	0.00254	0.00635
1	0.01322	0.01430	0.02709	0.16363	0.11410	0.03862	0.41950	0.01718	0.01261	0.01703	0.01067	0.01476	0.00835	0.00564	0.00775	0.00195	0.09744	0.00596	0.00278	0.00742
2	0.01165	0.00901	0.01180	0.01079	0.03207	0.00830	0.03787	0.01597	0.10534	0.05901	0.06249	0.03588	0.05640	0.00983	0.00620	0.00183	0.00481	0.25858	0.00476	0.25741
3	0.75043	0.03655	0.00958	0.00799	0.01158	0.04528	0.00659	0.01747	0.01030	0.05073	0.00851	0.00969	0.00656	0.00538	0.00369	0.00174	0.00474	0.00321	0.00360	0.00637
4	0.01147	0.02959	0.76934	0.01630	0.02476	0.01328	0.02113	0.01811	0.01208	0.01811	0.01026	0.01208	0.00725	0.00543	0.00543	0.00181	0.00845	0.00423	0.00242	0.00845
5	0.01186	0.01017	0.01186	0.00847	0.01356	0.00762	0.00678	0.01440	0.01186	0.01864	0.01017	0.01186	0.00847	0.00424	0.00424	0.00085	0.00424	0.00339	0.00339	0.83395
6	0.01202	0.00990	0.01165	0.00844	0.01329	0.00751	0.00674	0.01457	0.01225	0.03993	0.05538	0.01392	0.01135	0.00476	0.00443	0.00093	0.00416	0.00387	0.00367	0.76123
7	0.00710	0.00515	0.00670	0.00771	0.00828	0.00475	0.00525	0.00834	0.01177	0.01572	0.12529	0.64499	0.09406	0.01688	0.00719	0.00223	0.00321	0.01520	0.00543	0.00475
8	0.01171	0.07791	0.72312	0.01590	0.02413	0.01387	0.02042	0.01805	0.01205	0.01782	0.01012	0.01189	0.00725	0.00540	0.00532	0.00177	0.00831	0.00415	0.00242	0.00838
9	0.02119	0.02693	0.01638	0.01523	0.03580	0.75749	0.01121	0.02271	0.01613	0.01411	0.00889	0.01041	0.00741	0.00587	0.00517	0.00148	0.01023	0.00372	0.00294	0.00669
10	0.83938	0.01106	0.00841	0.00752	0.01106	0.01283	0.00619	0.01681	0.00973	0.02566	0.00796	0.00929	0.00619	0.00531	0.00354	0.00177	0.00442	0.00310	0.00354	0.00619
11	0.00759	0.00532	0.00694	0.00772	0.00828	0.00499	0.00518	0.00831	0.01045	0.01400	0.02799	0.56116	0.06229	0.09670	0.04049	0.07294	0.00417	0.01343	0.00472	0.03734
12	0.00684	0.00570	0.00597	0.00611	0.00783	0.00483	0.00450	0.00828	0.01290	0.01564	0.08199	0.14528	0.64489	0.01480	0.00683	0.00197	0.00294	0.01252	0.00535	0.00483
13	0.01186	0.01017	0.01186	0.00847	0.01356	0.00762	0.00678	0.01440	0.01186	0.01864	0.01017	0.01186	0.00847	0.00424	0.00424	0.00085	0.00424	0.00339	0.00339	0.83395
14	0.00818	0.00611	0.00909	0.00909	0.01007	0.00709	0.00702	0.01015	0.00916	0.01320	0.01542	0.02299	0.01453	0.06935	0.75017	0.00906	0.01498	0.00620	0.00308	0.00505
15	0.00704	0.00503	0.00670	0.00792	0.00831	0.00469	0.00532	0.00814	0.01128	0.01513	0.07736	0.74792	0.03885	0.01753	0.00727	0.00229	0.00328	0.01589	0.00537	0.00469
16	0.83938	0.01106	0.00841	0.00752	0.01106	0.01283	0.00619	0.01681	0.00973	0.02566	0.00796	0.00929	0.00619	0.00531	0.00354	0.00177	0.00442	0.00310	0.00354	0.00619
17	0.01066	0.00533	0.00533	0.00533	0.00666	0.00533	0.00400	0.01333	0.01200	0.02132	0.01866	0.02132	0.01466	0.00666	0.00400	0.00133	0.00267	0.00533	0.83073	0.00533
18	0.02522	0.00983	0.01326	0.01023	0.01461	0.00863	0.00843	0.02797	0.04499	0.73838	0.02259	0.01954	0.01429	0.00711	0.00575	0.00178	0.00485	0.00578	0.00703	0.00971
19	0.00697	0.00498	0.00664	0.00796	0.00830	0.00465	0.00531	0.00796	0.01095	0.01460	0.03153	0.79525	0.03783	0.01792	0.00730	0.00232	0.00332	0.01626	0.00531	0.00465
20	0.01353	0.01502	0.03172	0.04486	0.14269	0.01429	0.61306	0.01811	0.01338	0.01829	0.01141	0.01523	0.00871	0.00489	0.00656	0.00189	0.00916	0.00645	0.00287	0.00789
21	0.00832	0.00555	0.00624	0.00624	0.00624	0.00555	0.00347	0.00832	0.00832	0.01109	0.01802	0.03743	0.02080	0.79898	0.02911	0.00555	0.00555	0.00832	0.00347	0.00347
22	0.83938	0.01106	0.00841	0.00752	0.01106	0.01283	0.00619	0.01681	0.00973	0.02566	0.00796	0.00929	0.00619	0.00531	0.00354	0.00177	0.00442	0.00310	0.00354	0.00619
23	0.02505	0.01011	0.01343	0.01036	0.01475	0.00904	0.00854	0.05935	0.04545	0.70636	0.02221	0.01929	0.01409	0.00710	0.00575	0.00177	0.00492	0.00575	0.00697	0.00971
24	0.02137	0.02726	0.01621	0.01474	0.01768	0.77602	0.01105	0.02284	0.01621	0.01400	0.00884	0.01031	0.00737	0.00589	0.00516	0.00147	0.01031	0.00368	0.00295	0.00663
25	0.01186	0.01017	0.01186	0.00847	0.01356	0.00762	0.00678	0.01440	0.01186	0.01864	0.01017	0.01186	0.00847	0.00424	0.00424	0.00085	0.00424	0.00339	0.00339	0.83395
26	0.00703	0.00500	0.00662	0.00789	0.00821	0.00468	0.00523	0.00798	0.01084	0.01445	0.03095	0.76318	0.03711	0.05097	0.00822	0.00246	0.00341	0.01592	0.00523	0.00460
27	0.01211	0.04479	0.57231	0.01892	0.08460	0.01373	0.13747	0.01808	0.01237	0.01808	0.01046	0.01272	0.00763	0.00529	0.00562	0.00181	0.00846	0.00468	0.00253	0.00836
28	0.00832	0.00555	0.00624	0.00624	0.00624	0.00555	0.00347	0.00832	0.00832	0.01109	0.01802	0.03743	0.02080	0.79898	0.02911	0.00555	0.00555	0.00832	0.00347	0.00347
29	0.00696	0.00500	0.00661	0.00790	0.00828	0.00465	0.00528	0.00797	0.01101	0.01463	0.03226	0.77459	0.05802	0.01782	0.00729	0.00231	0.00331	0.01614	0.00531	0.00465
30	0.01080	0.01017	0.01716	0.78523	0.03940	0.01271	0.01589	0.01461	0.01144	0.01461	0.01017	0.01525	0.00762	0.00572	0.00572	0.00191	0.00762	0.00508	0.00254	0.00635
31	0.02237	0.01138	0.04398	0.01067	0.01499	0.01015	0.00907	0.15665	0.03644	0.51367	0.06612	0.02081	0.04167	0.00753	0.00583	0.00177	0.00506	0.00610	0.00650	0.00923
32	0.01700	0.01996	0.01724	0.24543	0.12414	0.43323	0.01323	0.01942	0.01431	0.01484	0.01040	0.01312	0.02167	0.00589	0.00542	0.00164	0.00891	0.00444	0.00286	0.00684
33	0.01344	0.01596	0.06451	0.02416	0.05533	0.01438	0.68665	0.01829	0.01342	0.01833	0.01149	0.01524	0.00863	0.00486	0.00666	0.00192	0.00949	0.00659	0.00287	0.00779
34	0.01264	0.01242	0.01927	0.47073	0.29684	0.05897	0.01619	0.01616	0.01229	0.01603	0.01030	0.01456	0.00812	0.00551	0.00566	0.00181	0.00749	0.00500	0.00267	0.00734
35	0.01397	0.01342	0.02309	0.03396	0.71575	0.01339	0.04005	0.01739	0.01304	0.01862	0.01142	0.01584	0.00983	0.00544	0.00577	0.00174	0.00683	0.02863	0.00291	0.00889
36	0.01089	0.01006	0.01415	0.01257	0.01290	0.01345	0.01020	0.01234	0.00915	0.01383	0.04023	0.01797	0.01203	0.06666	0.22829	0.00451	0.49644	0.00573	0.00287	0.00574
37	0.83938	0.01106	0.00841	0.00752	0.01106	0.01283	0.00619	0.01681	0.00973	0.02566	0.00796	0.00929	0.00619	0.00531	0.00354	0.00177	0.00442	0.00310	0.00354	0.00619
38	0.01335	0.01380	0.01693	0.01446	0.01517	0.09253	0.01190	0.01472	0.00976	0.01418	0.00786	0.01224	0.00757	0.00913	0.01623	0.00227	0.64725	0.00474	0.00262	0.07329
39	0.00763	0.00583	0.00700	0.00670	0.00826	0.00520	0.00503	0.00989	0.01508	0.02031	0.51369	0.04705	0.30220	0.01267	0.00675	0.00185	0.00277	0.01095	0.00595	0.00520
40	0.00832	0.00555	0.00624	0.00624	0.00624	0.00555	0.00347	0.00832	0.00832	0.01109	0.01802	0.03743	0.02080	0.79898	0.02911	0.00555	0.00555	0.00832	0.00347	0.00347
41	0.01423	0.01229	0.01293	0.01164	0.01487	0.01423	0.00905	0.03039	0.75297	0.02393	0.02328	0.02134	0.01746	0.00776	0.00582	0.00194	0.00453	0.00647	0.00582	0.00905
42	0.01066	0.00533	0.00533	0.00533	0.00666	0.00533	0.00400	0.01333	0.01200	0.02132	0.01866	0.02132	0.01466	0.00666	0.00400	0.00133	0.00267	0.00533	0.83073	0.00533
43	0.01335	0.01287	0.02224	0.20832	0.56602	0.01342	0.04652	0.01690	0.01268	0.01773	0.01065	0.01446	0.00871	0.00523	0.00572	0.00176	0.00710	0.00516	0.00277	0.00838
44	0.00695	0.00525	0.00643	0.00730	0.00814	0.00473	0.00503	0.00815	0.01178	0.01519	0.06878	0.54752	0.25074	0.01666	0.00712	0.00219	0.00317	0.01479	0.00535	0.00473
45	0.01471	0.00761	0.01052	0.01028	0.01265	0.00715	0.00879	0.01720	0.01437	0.26981	0.05671	0.04849	0.02744	0.01270	0.00713	0.00231	0.00503	0.45440	0.00592	0.00678
46	0.83938	0.01106	0.00841	0.00752	0.01106	0.01283	0.00619	0.01681	0.00973	0.02566	0.00796	0.00929	0.00619	0.00531	0.00354	0.00177	0.00442	0.00310	0.00354	0.00619
47	0.01593	0.01765	0.02298	0.05646	0.38829	0.22833	0.15109	0.01907	0.01395	0.01714	0.01035	0.01336	0.00846	0.00529	0.00573	0.00169	0.00835	0.00501	0.00286	0.00802
48	0.00819	0.00607	0.00890	0.00890	0.00982	0.00699	0.00678	0.01003	0.00911	0.01306	0.01559	0.02395	0.01494	0.11778	0.70231	0.00883	0.01435	0.00635	0.00310	0.00494
49	0.00793	0.00583	0.00736	0.00699	0.00837	0.00533	0.00520	0.01038	0.01554	0.02160	0.64649	0.04414	0.14369	0.03711	0.00746	0.00194	0.00281	0.01050	0.00608	0.00526
50	0.01251	0.01251	0.01752	0.01502	0.01502	0.01752	0.01251	0.01377	0.00876	0.01377	0.00751	0.01251	0.00751	0.01001	0.01877	0.00250	0.78851	0.00501	0.00250	0.00626
51	0.00832	0.00555	0.00624	0.00624	0.00624	0.00555	0.00347	0.00832	0.00832	0.01109	0.01802	0.03743	0.02080	0.79898	0.02911	0.00555	0.00555	0.00832	0.00347	0.00347
52	0.00695	0.00552	0.00620	0.00662	0.00792	0.00482	0.00471	0.00829	0.01240	0.01550	0.09026	0.30155	0.45573	0.03737	0.00756	0.00216	0.00310	0.01326	0.00532	0.00476
53	0.01368	0.01121	0.01176	0.01066	0.01360	0.01285	0.00827	0.02775	0.63833	0.02352	0.02257	0.02134	0.01703	0.00759	0.00554	0.00185	0.00424	0.00629	0.13345	0.00848
54	0.01932	0.28814	0.02084	0.01307	0.01667	0.52247	0.01063	0.02092	0.01467	0.01382	0.00854	0.00993	0.00736	0.00556	0.00466	0.00139	0.00890	0.00347	0.00278	0.00687
55	0.01334	0.01105	0.01266	0.00918	0.01418	0.00914	0.00739	0.12400	0.01412	0.02125	0.01070	0.01214	0.00866	0.00463	0.00446	0.00098	0.00455	0.00365	0.00374	0.71017
56	0.00757	0.00525	0.00653	0.00731	0.00753	0.00506	0.00464	0.00820	0.00992	0.01321	0.02594	0.46694	0.03071	0.33911	0.01629	0.00366	0.00428	0.02911	0.00455	0.00417
57	0.02115	0.01558	0.01674	0.01295	0.01736	0.01721	0.01065	0.71478	0.02626	0.03519	0.01444	0.04499	0.01085	0.00731	0.00579	0.00174	0.00618	0.00559	0.00571	0.00952
58	0.00819	0.00607	0.00890	0.00890	0.00982	0.00699	0.00678	0.01002	0.00911	0.01306	0.01559	0.02397	0.01495	0.11847	0.70163	0.00883	0.01434	0.00635	0.00310	0.00494
59	0.01324	0.01378	0.01942	0.01608	0.01714	0.06266	0.10875	0.01550	0.03587	0.01474	0.00868	0.01308	0.00800	0.00900	0.01591	0.00235	0.61135	0.00521	0.00270	0.00657
60	0.01714	0.01363	0.01999	0.02564	0.45610	0.01402	0.01440	0.18491	0.07184	0.10471	0.01366	0.01518	0.01040	0.00591	0.00570	0.00173	0.00630	0.00528	0.00418	0.00929
61	0.00805	0.00581	0.00760	0.00723	0.00854	0.00537	0.00539	0.01068	0.01598	0.02260	0.73078	0.07319	0.05332	0.01195	0.00677	0.00182	0.00272	0.01058	0.00626	0.00537
62	0.00732	0.00545	0.00690	0.00791	0.00879	0.00503	0.00578	0.00871	0.01183	0.01525	0.03749	0.49249	0.20621	0.01674	0.00728	0.00229	0.00357	0.14086	0.00530	0.00480
63	0.01108	0.00791	0.01142	0.29429	0.02021	0.00890	0.03997	0.03684	0.01221	0.01886	0.01494	0.01864	0.01164	0.00769	0.03569	0.00190	0.00541	0.00533	0.43112	0.00594
64	0.01274	0.01320	0.02132	0.01714	0.01850	0.01680	0.18337	0.01483	0.00987	0.01483	0.00846	0.01320	0.00778	0.00880	0.01596	0.00237	0.60622	0.00541	0.00259	0.00660
65	0.83938	0.01106	0.00841	0.00752	0.01106	0.01283	0.00619	0.01681	0.00973	0.02566	0.00796	0.00929	0.00619	0.00531	0.00354	0.00177	0.00442	0.00310	0.00354	0.00619
66	0.01316	0.01258	0.02142	0.25720	0.54897	0.01333	0.01706	0.01668	0.01255	0.01748	0.01058	0.01448	0.00864	0.00528	0.00568	0.00176	0.00704	0.00509	0.00275	0.00826
67	0.01012	0.00898	0.01284	0.01171	0.01224	0.01175	0.00944	0.01175	0.00897	0.01343	0.01190	0.01847	0.01146	0.05189	0.41294	0.00608	0.36195	0.00569	0.00282	0.00557
68	0.00777	0.00531	0.00640	0.00694	0.00708	0.00518	0.00422	0.00817	0.00939	0.01252	0.02352	0.34595	0.02773	0.48100	0.02023	0.00423	0.00464	0.01155	0.00422	0.00395
69	0.01529	0.80242	0.02997	0.00979	0.01468	0.02263	0.00979	0.01713	0.01162	0.01346	0.00795	0.00918	0.00734	0.00489	0.00367	0.00122	0.00612	0.00306	0.00245	0.00734
70	0.03640	0.00555	0.00782	0.00765	0.00792	0.00566	0.00521	0.03352	0.00820	0.01134	0.01001	0.01700	0.00981	0.01896	0.02118	0.77836	0.00500	0.00492	0.00263	0.00285
71	0.01353	0.01300	0.02230	0.12867	0.57840	0.01333	0.06044	0.01746	0.03700	0.01827	0.01176	0.01621	0.00989	0.00559	0.00581	0.00178	0.00695	0.02814	0.00297	0.00851
72	0.01416	0.01359	0.02322	0.03511	0.76330	0.01359	0.01755	0.01755	0.01302	0.01869	0.01076	0.01416	0.00906	0.00510	0.00566	0.00170	0.00680	0.00510	0.00283	0.00906
73	0.00832	0.00555	0.00624	0.00624	0.00624	0.00555	0.00347	0.00832	0.00832	0.01109	0.01802	0.03743	0.02080	0.79898	0.02911	0.00555	0.00555	0.00832	0.00347	0.00347
74	0.01282	0.01303	0.01747	0.01501	0.01511	0.04405	0.01246	0.01408	0.00902	0.01377	0.00756	0.01244	0.00750	0.00987	0.01829	0.00247	0.76129	0.00496	0.00252	0.00627
75	0.00822	0.00555	0.00646	0.00655	0.00664	0.00559	0.00384	0.00842	0.00855	0.01147	0.01874	0.08673	0.02149	0.69625	0.07795	0.00558	0.00606	0.00870	0.00356	0.00365
76	0.02028	0.03990	0.01419	0.01122	0.01512	0.05271	0.00905	0.08514	0.30585	0.35131	0.02090	0.01890	0.01450	0.00719	0.00567	0.00180	0.00518	0.00578	0.00610	0.00922
77	0.01635	0.01181	0.01300	0.01137	0.01482	0.01315	0.00893	0.02993	0.61646	0.16168	0.02315	0.02099	0.01685	0.00763	0.00581	0.00191	0.00459	0.00633	0.00605	0.00918
78	0.02190	0.01577	0.01701	0.01304	0.01761	0.01737	0.01077	0.71575	0.02647	0.06512	0.01408	0.01396	0.00990	0.00687	0.00572	0.00172	0.00624	0.00517	0.00578	0.00973
79	0.02288	0.00912	0.01238	0.00970	0.01364	0.00793	0.00793	0.02517	0.01634	0.64922	0.13956	0.02316	0.02047	0.00781	0.00591	0.00177	0.00452	0.00648	0.00696	0.00905
80	0.01416	0.01359	0.02322	0.03511	0.76330	0.01359	0.01755	0.01755	0.01302	0.01869	0.01076	0.01416	0.00906	0.00510	0.00566	0.00170	0.00680	0.00510	0.00283	0.00906
81	0.02281	0.00910	0.01236	0.00969	0.01362	0.00792	0.00792	0.02511	0.01634	0.64659	0.14217	0.02324	0.02061	0.00783	0.00591	0.00177	0.00452	0.00650	0.00695	0.00903
82	0.00832	0.00555	0.00624	0.00624	0.00624	0.00555	0.00347	0.00832	0.00832	0.01109	0.01802	0.03743	0.02080	0.79898	0.02911	0.00555	0.00555	0.00832	0.00347	0.00347
83	0.83938	0.01106	0.00841	0.00752	0.01106	0.01283	0.00619	0.01681	0.00973	0.02566	0.00796	0.00929	0.00619	0.00531	0.00354	0.00177	0.00442	0.00310	0.00354	0.00619
84	0.01251	0.01251	0.01752	0.01502	0.01502	0.01752	0.01251	0.01377	0.00876	0.01377	0.00751	0.01251	0.00751	0.01001	0.01877	0.00250	0.78851	0.00501	0.00250	0.00626
85	0.10752	0.13712	0.04462	0.47018	0.04453	0.01473	0.01363	0.07301	0.01254	0.01759	0.00986	0.01335	0.00760	0.00561	0.00513	0.00176	0.00693	0.00451	0.00289	0.00689
86	0.02111	0.01638	0.01701	0.04410	0.01853	0.06310	0.01104	0.65480	0.04275	0.03358	0.01352	0.01377	0.00968	0.00678	0.00569	0.00171	0.00655	0.00509	0.00543	0.00939
87	0.00719	0.00580	0.00621	0.00632	0.00790	0.00506	0.00467	0.00860	0.01256	0.01536	0.08162	0.07375	0.56697	0.10848	0.00954	0.00242	0.00339	0.06429	0.00513	0.00472
88	0.01529	0.80242	0.02997	0.00979	0.01468	0.02263	0.00979	0.01713	0.01162	0.01346	0.00795	0.00918	0.00734	0.00489	0.00367	0.00122	0.00612	0.00306	0.00245	0.00734
89	0.01246	0.01052	0.01218	0.00875	0.01381	0.00823	0.00702	0.05833	0.01277	0.01969	0.01038	0.01197	0.00855	0.00439	0.00433	0.00090	0.00436	0.00349	0.00353	0.78434
90	0.03667	0.01510	0.01645	0.17242	0.03373	0.09119	0.01175	0.43141	0.02098	0.05765	0.01346	0.01621	0.01023	0.00689	0.00572	0.00178	0.00683	0.03838	0.00473	0.00843
91	0.01474	0.64903	0.05854	0.01118	0.01566	0.02136	0.03621	0.01681	0.01136	0.01385	0.00812	0.00991	0.00740	0.00553	0.00566	0.00143	0.10001	0.00347	0.00247	0.00727
92	0.79017	0.01136	0.00893	0.00786	0.01146	0.01313	0.00648	0.06060	0.01077	0.02629	0.00831	0.00956	0.00641	0.00540	0.00367	0.00177	0.00454	0.00322	0.00367	0.00641
93	0.01773	0.02243	0.06104	0.01429	0.01682	0.50827	0.01151	0.01954	0.01384	0.01413	0.00937	0.01212	0.00812	0.01057	0.08979	0.00251	0.15435	0.00422	0.00285	0.00651
94	0.01386	0.01190	0.01262	0.01137	0.01449	0.01370	0.00883	0.02921	0.70862	0.02387	0.06764	0.02263	0.01966	0.00800	0.00588	0.00193	0.00442	0.00670	0.00585	0.00883
95	0.01442	0.01238	0.01304	0.01168	0.01495	0.01432	0.00910	0.04828	0.73478	0.02423	0.02304	0.02115	0.01727	0.00774	0.00582	0.00193	0.00457	0.00643	0.00582	0.00907
96	0.01217	0.14487	0.61396	0.01579	0.02355	0.01476	0.06285	0.01798	0.01209	0.01743	0.01000	0.01184	0.00735	0.00532	0.00525	0.00173	0.00817	0.00420	0.00245	0.00824
97	0.02106	0.02665	0.01631	0.01516	0.03520	0.74318	0.01117	0.02286	0.03051	0.01430	0.00917	0.01062	0.00760	0.00591	0.00518	0.00149	0.01012	0.00377	0.00300	0.00674
98	0.00723	0.00570	0.00649	0.00680	0.00822	0.00504	0.00503	0.00879	0.01285	0.01619	0.13784	0.19683	0.44180	0.04666	0.00786	0.00219	0.00326	0.07101	0.00536	0.00485
99	0.01751	0.01924	0.01792	0.01519	0.01746	0.32873	0.05967	0.11797	0.02792	0.01739	0.00946	0.01213	0.00801	0.00751	0.01037	0.00192	0.29676	0.00462	0.00321	0.00703
100	0.01475	0.16921	0.05295	0.02325	0.26144	0.07459	0.23790	0.03505	0.01326	0.01739	0.01024	0.01313	0.00837	0.00529	0.00609	0.00170	0.03950	0.00507	0.00282	0.00801
101	0.01518	0.01240	0.01320	0.01167	0.01503	0.01418	0.00913	0.07325	0.67712	0.05709	0.02267	0.02080	0.01685	0.00768	0.00581	0.00192	0.00465	0.00636	0.00587	0.00912
102	0.00820	0.00556	0.00620	0.00620	0.00635	0.00549	0.00353	0.00831	0.00868	0.01142	0.02108	0.03878	0.07742	0.73896	0.02740	0.00527	0.00534	0.00861	0.00361	0.00357
103	0.00841	0.00728	0.00731	0.00732	0.00906	0.04202	0.00539	0.02771	0.06015	0.01672	0.09349	0.20809	0.45828	0.01403	0.00672	0.00198	0.00351	0.01194	0.00531	0.00529
104	0.01361	0.01303	0.02223	0.15729	0.64539	0.01345	0.01728	0.01708	0.01277	0.01802	0.01066	0.01433	0.00883	0.00520	0.00567	0.00173	0.00693	0.00509	0.00278	0.00862
105	0.01423	0.01229	0.01293	0.01164	0.01487	0.01423	0.00905	0.03039	0.75297	0.02393	0.02328	0.02134	0.01746	0.00776	0.00582	0.00194	0.00453	0.00647	0.00582	0.00905
106	0.00697	0.00498	0.00664	0.00796	0.00830	0.00465	0.00531	0.00796	0.01095	0.01460	0.03153	0.79525	0.03783	0.01792	0.00730	0.00232	0.00332	0.01626	0.00531	0.00465
107	0.01350	0.01543	0.03375	0.02411	0.02989	0.01446	0.74253	0.01832	0.01350	0.01832	0.01157	0.01543	0.00868	0.00482	0.00675	0.00193	0.00964	0.00675	0.00289	0.00771
108	0.83938	0.01106	0.00841	0.00752	0.01106	0.01283	0.00619	0.01681	0.00973	0.02566	0.00796	0.00929	0.00619	0.00531	0.00354	0.00177	0.00442	0.00310	0.00354	0.00619
109	0.04147	0.47410	0.11397	0.01162	0.01619	0.14710	0.01131	0.02973	0.01249	0.01493	0.00958	0.01105	0.02449	0.00571	0.00518	0.00146	0.05603	0.00367	0.00268	0.00723
110	0.05481	0.00978	0.01310	0.01008	0.01447	0.00857	0.00833	0.02748	0.01613	0.74070	0.02204	0.01910	0.01387	0.00702	0.00567	0.00177	0.00485	0.00566	0.00695	0.00961
111	0.00697	0.00498	0.00664	0.00796	0.00830	0.00465	0.00531	0.00796	0.01095	0.01460	0.03153	0.79525	0.03783	0.01792	0.00730	0.00232	0.00332	0.01626	0.00531	0.00465
112	0.01780	0.12315	0.01696	0.01315	0.04474	0.36776	0.01005	0.07175	0.04634	0.03471	0.01181	0.01308	0.02695	0.00612	0.00548	0.00146	0.03866	0.00422	0.03964	0.10616
113	0.02102	0.01454	0.01607	0.01237	0.01681	0.01562	0.01019	0.58785	0.02404	0.11712	0.01459	0.01464	0.01035	0.00826	0.03824	0.00199	0.00639	0.00515	0.00562	0.05914
114	0.00697	0.00498	0.00664	0.00796	0.00830	0.00465	0.00531	0.00796	0.01095	0.01460	0.03153	0.79525	0.03783	0.01792	0.00730	0.00232	0.00332	0.01626	0.00531	0.00465
115	0.01334	0.01085	0.01144	0.01010	0.01317	0.01183	0.00791	0.12463	0.41669	0.03930	0.03212	0.03014	0.23507	0.00960	0.00608	0.00190	0.00430	0.00791	0.00568	0.00792
116	0.03557	0.07065	0.61385	0.01645	0.05340	0.01410	0.03627	0.06171	0.01295	0.01917	0.01033	0.01210	0.00748	0.00546	0.00534	0.00177	0.00804	0.00428	0.00268	0.00841
117	0.02291	0.01283	0.01411	0.01131	0.01543	0.08743	0.00914	0.13653	0.12906	0.46881	0.01996	0.01797	0.01331	0.00703	0.00570	0.00176	0.00558	0.00556	0.00627	0.00932
118	0.00922	0.00658	0.00922	0.01053	0.01185	0.00658	0.00922	0.01185	0.01317	0.01712	0.03029	0.06452	0.03292	0.01580	0.00790	0.00263	0.00527	0.72480	0.00527	0.00527
119	0.00922	0.00658	0.00922	0.01053	0.01185	0.00658	0.00922	0.01185	0.01317	0.01712	0.03029	0.06452	0.03292	0.01580	0.00790	0.00263	0.00527	0.72480	0.00527	0.00527
120	0.14098	0.02570	0.60065	0.01572	0.04025	0.01327	0.05031	0.01791	0.01180	0.01932	0.00997	0.01184	0.00719	0.00538	0.00520	0.00181	0.00784	0.00418	0.00262	0.00808
121	0.02031	0.02550	0.01637	0.01477	0.01736	0.68520	0.01123	0.02175	0.01532	0.01397	0.00868	0.01058	0.00738	0.00639	0.00679	0.00160	0.10349	0.00384	0.00289	0.00659
122	0.00697	0.00498	0.00664	0.00796	0.00830	0.00465	0.00531	0.00796	0.01095	0.01460	0.03153	0.79525	0.03783	0.01792	0.00730	0.00232	0.00332	0.01626	0.00531	0.00465
123	0.01311	0.01472	0.03135	0.02272	0.02785	0.01418	0.65843	0.01751	0.01307	0.01784	0.01230	0.05395	0.01005	0.00581	0.00756	0.00199	0.06000	0.00711	0.00299	0.00747
124	0.03900	0.10277	0.01277	0.10615	0.01439	0.01038	0.00842	0.04345	0.01133	0.01563	0.03638	0.31166	0.02143	0.03085	0.12844	0.00323	0.08475	0.00935	0.00394	0.00569
125	0.00862	0.00671	0.00794	0.00757	0.00926	0.00649	0.00569	0.01288	0.12056	0.02100	0.46242	0.08310	0.20192	0.01208	0.00665	0.00188	0.00304	0.01049	0.00596	0.00576
126	0.00863	0.00618	0.00853	0.00983	0.01092	0.00608	0.00818	0.01085	0.01263	0.01648	0.03110	0.24063	0.04772	0.01629	0.00773	0.00255	0.00475	0.54054	0.00528	0.00511
127	0.00969	0.00859	0.01390	0.49379	0.05772	0.01006	0.01240	0.01261	0.01156	0.01512	0.04821	0.24588	0.01853	0.00954	0.00623	0.00202	0.00612	0.00860	0.00353	0.00592
128	0.01261	0.03649	0.01739	0.10980	0.09625	0.01077	0.10917	0.01590	0.02698	0.03190	0.01088	0.01343	0.00877	0.00500	0.00551	0.00134	0.03617	0.00442	0.01663	0.43059

[dist]
# distance from previous block
# <min> <max>
0	3

[block]
# block no. 1 follows, 41 sequences, length 34
# corresponding to MSA columns:
# 290-323
name=unknown_B
#
# <colnr> <probs for GDERKNQSTAVLIFYWHMCP>
#	G	D	E	R	K	N	Q	S	T	A	V	L	I	F	Y	W	H	M	C	P
0	0.01523	0.01061	0.01237	0.01001	0.01359	0.01023	0.00791	0.24837	0.01714	0.10424	0.05824	0.17047	0.01798	0.00970	0.02945	0.00183	0.00504	0.00722	0.00507	0.24530
1	0.03527	0.01680	0.07916	0.06828	0.41734	0.11577	0.06167	0.10136	0.01483	0.01992	0.01076	0.01346	0.00860	0.00545	0.00561	0.00171	0.00750	0.00490	0.00315	0.00846
2	0.01534	0.01197	0.03359	0.01027	0.01439	0.01117	0.00841	0.27170	0.04229	0.05972	0.08742	0.04433	0.01555	0.04634	0.00651	0.00164	0.00500	0.00562	0.00479	0.30396
3	0.01628	0.01573	0.01971	0.02270	0.32689	0.14519	0.07553	0.15065	0.03838	0.02121	0.01233	0.03271	0.01008	0.00597	0.00558	0.00165	0.00708	0.00526	0.04903	0.03802
4	0.01512	0.01233	0.03881	0.04030	0.04983	0.01257	0.01006	0.17359	0.28022	0.06496	0.03218	0.03814	0.01642	0.00808	0.00588	0.00183	0.00526	0.08954	0.00517	0.09969
5	0.01817	0.13119	0.05820	0.05239	0.04004	0.11713	0.01022	0.07969	0.02902	0.21671	0.01351	0.01386	0.00984	0.00577	0.00502	0.00146	0.00618	0.00440	0.00429	0.18292
6	0.03874	0.09082	0.10350	0.05391	0.01700	0.01246	0.01074	0.04677	0.11763	0.30880	0.04347	0.01724	0.01318	0.00697	0.00651	0.00179	0.06914	0.00533	0.00502	0.03099
7	0.00994	0.00497	0.00745	0.00745	0.00745	0.00497	0.00497	0.00745	0.00745	0.00994	0.00994	0.01739	0.00994	0.01987	0.02235	0.83358	0.00497	0.00497	0.00248	0.00248
8	0.00975	0.00857	0.04646	0.01051	0.01296	0.00732	0.12022	0.01293	0.01543	0.04717	0.54529	0.03753	0.04234	0.01042	0.00672	0.00186	0.00425	0.04869	0.00557	0.00603
9	0.01411	0.01184	0.01290	0.01181	0.03308	0.01341	0.00897	0.08854	0.58105	0.02471	0.11363	0.02317	0.02112	0.00811	0.00592	0.00190	0.00451	0.00680	0.00580	0.00866
10	0.01273	0.28364	0.52629	0.01416	0.02144	0.01636	0.01740	0.01779	0.01193	0.01658	0.00950	0.01112	0.00728	0.00526	0.00485	0.00162	0.00769	0.00384	0.00243	0.00809
11	0.78361	0.01123	0.00941	0.00939	0.06191	0.01288	0.00696	0.01686	0.00996	0.02519	0.00815	0.00962	0.00639	0.00530	0.00368	0.00177	0.00458	0.00323	0.00349	0.00639
12	0.00825	0.00609	0.00799	0.00905	0.01028	0.00583	0.00742	0.01031	0.01268	0.01626	0.03607	0.21599	0.17932	0.01598	0.00755	0.00243	0.00438	0.43378	0.00528	0.00505
13	0.00820	0.00603	0.00869	0.00869	0.00954	0.00688	0.00653	0.00989	0.00904	0.01291	0.01578	0.02501	0.01540	0.17099	0.64973	0.00857	0.01366	0.00650	0.00313	0.00483
14	0.02128	0.01402	0.06593	0.01194	0.01648	0.01336	0.01032	0.37202	0.05794	0.28582	0.05803	0.01757	0.01391	0.00715	0.00577	0.00176	0.00566	0.00565	0.00600	0.00937
15	0.00832	0.00555	0.00624	0.00624	0.00624	0.00555	0.00347	0.00832	0.00832	0.01109	0.01802	0.03743	0.02080	0.79898	0.02911	0.00555	0.00555	0.00832	0.00347	0.00347
16	0.01066	0.00533	0.00533	0.00533	0.00666	0.00533	0.00400	0.01333	0.01200	0.02132	0.01866	0.02132	0.01466	0.00666	0.00400	0.00133	0.00267	0.00533	0.83073	0.00533
17	0.00890	0.00674	0.00897	0.00892	0.01005	0.03257	0.00691	0.01100	0.00976	0.01425	0.01550	0.02193	0.01411	0.03741	0.65983	0.00801	0.01367	0.00595	0.10035	0.00518
18	0.01189	0.01145	0.01994	0.53143	0.23218	0.01307	0.06726	0.01566	0.01201	0.01596	0.01042	0.01497	0.00808	0.00549	0.00578	0.00185	0.00754	0.00520	0.00264	0.00717
19	0.00810	0.00585	0.00765	0.00720	0.00855	0.00540	0.00540	0.01079	0.01619	0.02294	0.76028	0.04273	0.05397	0.01169	0.00675	0.00180	0.00270	0.01034	0.00630	0.00540
20	0.00922	0.00658	0.00922	0.01053	0.01185	0.00658	0.00922	0.01185	0.01317	0.01712	0.03029	0.06452	0.03292	0.01580	0.00790	0.00263	0.00527	0.72480	0.00527	0.00527
21	0.00832	0.00555	0.00624	0.00624	0.00624	0.00555	0.00347	0.00832	0.00832	0.01109	0.01802	0.03743	0.02080	0.79898	0.02911	0.00555	0.00555	0.00832	0.00347	0.00347
22	0.01147	0.02959	0.76934	0.01630	0.02476	0.01328	0.02113	0.01811	0.01208	0.01811	0.01026	0.01208	0.00725	0.00543	0.00543	0.00181	0.00845	0.00423	0.00242	0.00845
23	0.02453	0.01154	0.01439	0.01104	0.01550	0.01109	0.00912	0.23417	0.01940	0.55669	0.02002	0.01782	0.01288	0.00702	0.00574	0.00175	0.00528	0.00558	0.00669	0.00973
24	0.83938	0.01106	0.00841	0.00752	0.01106	0.01283	0.00619	0.01681	0.00973	0.02566	0.00796	0.00929	0.00619	0.00531	0.00354	0.00177	0.00442	0.00310	0.00354	0.00619
25	0.00819	0.00606	0.00885	0.00885	0.00975	0.00696	0.00672	0.00999	0.00909	0.01302	0.01564	0.02423	0.01506	0.13177	0.68849	0.00876	0.01417	0.00639	0.00311	0.00491
26	0.00704	0.00501	0.00662	0.00787	0.00818	0.00470	0.00521	0.00798	0.01081	0.01441	0.03078	0.75353	0.03689	0.06092	0.00850	0.00250	0.00344	0.01582	0.00521	0.00458
27	0.01423	0.01229	0.01293	0.01164	0.01487	0.01423	0.00905	0.03039	0.75297	0.02393	0.02328	0.02134	0.01746	0.00776	0.00582	0.00194	0.00453	0.00647	0.00582	0.00905
28	0.00695	0.00506	0.00655	0.00774	0.00824	0.00466	0.00521	0.00799	0.01116	0.01469	0.03423	0.71956	0.11177	0.01757	0.00725	0.00228	0.00328	0.01583	0.00531	0.00466
29	0.00832	0.00555	0.00624	0.00624	0.00624	0.00555	0.00347	0.00832	0.00832	0.01109	0.01802	0.03743	0.02080	0.79898	0.02911	0.00555	0.00555	0.00832	0.00347	0.00347
30	0.83938	0.01106	0.00841	0.00752	0.01106	0.01283	0.00619	0.01681	0.00973	0.02566	0.00796	0.00929	0.00619	0.00531	0.00354	0.00177	0.00442	0.00310	0.00354	0.00619
31	0.01308	0.01245	0.02083	0.27240	0.46513	0.01337	0.03307	0.01750	0.06254	0.01773	0.01144	0.01502	0.00916	0.00547	0.00572	0.00179	0.00697	0.00522	0.00294	0.00817
32	0.01366	0.47185	0.34623	0.01257	0.01899	0.01863	0.01464	0.01755	0.01182	0.01545	0.00894	0.01042	0.00730	0.00512	0.00442	0.00147	0.00712	0.00356	0.00243	0.00782
33	0.00741	0.00544	0.00704	0.00794	0.00827	0.00537	0.00532	0.00829	0.01054	0.01408	0.02948	0.61803	0.06255	0.13334	0.01104	0.00279	0.03920	0.01441	0.00491	0.00455

[dist]
# distance from previous block
# <min> <max>
12	21

[block]
# block no. 2 follows, 41 sequences, length 10
# corresponding to MSA columns:
# 345-354
name=unknown_C
#
# <colnr> <probs for GDERKNQSTAVLIFYWHMCP>
#	G	D	E	R	K	N	Q	S	T	A	V	L	I	F	Y	W	H	M	C	P
0	0.00695	0.00503	0.00658	0.00781	0.00826	0.00466	0.00524	0.00798	0.01110	0.01466	0.03337	0.74349	0.08840	0.01768	0.00726	0.00230	0.00329	0.01597	0.00531	0.00466
1	0.01407	0.55544	0.26626	0.01187	0.01790	0.01965	0.01341	0.01744	0.01177	0.01495	0.00869	0.01010	0.00731	0.00507	0.00423	0.00141	0.00686	0.00343	0.00244	0.00770
2	0.01950	0.06012	0.01714	0.01447	0.01706	0.56275	0.01125	0.05944	0.01521	0.01511	0.00882	0.01084	0.00752	0.00665	0.00759	0.00166	0.15114	0.00397	0.00299	0.00676
3	0.00832	0.00555	0.00624	0.00624	0.00624	0.00555	0.00347	0.00832	0.00832	0.01109	0.01802	0.03743	0.02080	0.79898	0.02911	0.00555	0.00555	0.00832	0.00347	0.00347
4	0.01416	0.01359	0.02322	0.03511	0.76330	0.01359	0.01755	0.01755	0.01302	0.01869	0.01076	0.01416	0.00906	0.00510	0.00566	0.00170	0.00680	0.00510	0.00283	0.00906
5	0.01341	0.02048	0.31466	0.02080	0.05732	0.01364	0.39541	0.01873	0.01309	0.05928	0.01164	0.01431	0.00844	0.00519	0.00615	0.00187	0.00881	0.00566	0.00294	0.00816
6	0.00832	0.00555	0.00624	0.00624	0.00624	0.00555	0.00347	0.00832	0.00832	0.01109	0.01802	0.03743	0.02080	0.79898	0.02911	0.00555	0.00555	0.00832	0.00347	0.00347
7	0.01529	0.80242	0.02997	0.00979	0.01468	0.02263	0.00979	0.01713	0.01162	0.01346	0.00795	0.00918	0.00734	0.00489	0.00367	0.00122	0.00612	0.00306	0.00245	0.00734
8	0.01377	0.01354	0.02412	0.10055	0.59795	0.01363	0.11699	0.01740	0.01295	0.01827	0.01082	0.01443	0.00888	0.00511	0.00582	0.00175	0.00726	0.00532	0.00281	0.00863
9	0.00723	0.00581	0.00645	0.00629	0.00801	0.00503	0.00472	0.00912	0.01415	0.01808	0.30485	0.05072	0.51243	0.01350	0.00676	0.00188	0.00283	0.01146	0.00566	0.00503

[dist]
# distance from previous block
# <min> <max>
0	1

[block]
# block no. 3 follows, 41 sequences, length 31
# corresponding to MSA columns:
# 356-386
name=unknown_D
#
# <colnr> <probs for GDERKNQSTAVLIFYWHMCP>
#	G	D	E	R	K	N	Q	S	T	A	V	L	I	F	Y	W	H	M	C	P
0	0.01186	0.01017	0.01186	0.00847	0.01356	0.00762	0.00678	0.01440	0.01186	0.01864	0.01017	0.01186	0.00847	0.00424	0.00424	0.00085	0.00424	0.00339	0.00339	0.83395
1	0.02566	0.00973	0.01327	0.01018	0.01460	0.00841	0.00841	0.02788	0.01637	0.76726	0.02257	0.01947	0.01416	0.00708	0.00575	0.00177	0.00487	0.00575	0.00708	0.00973
2	0.00697	0.00498	0.00664	0.00796	0.00830	0.00465	0.00531	0.00796	0.01095	0.01460	0.03153	0.79525	0.03783	0.01792	0.00730	0.00232	0.00332	0.01626	0.00531	0.00465
3	0.00919	0.00610	0.00795	0.00734	0.00891	0.00557	0.00556	0.01181	0.01610	0.07069	0.69014	0.04162	0.07412	0.01149	0.00668	0.00180	0.00284	0.01010	0.00632	0.00566
4	0.02566	0.00973	0.01327	0.01018	0.01460	0.00841	0.00841	0.02788	0.01637	0.76726	0.02257	0.01947	0.01416	0.00708	0.00575	0.00177	0.00487	0.00575	0.00708	0.00973
5	0.83938	0.01106	0.00841	0.00752	0.01106	0.01283	0.00619	0.01681	0.00973	0.02566	0.00796	0.00929	0.00619	0.00531	0.00354	0.00177	0.00442	0.00310	0.00354	0.00619
6	0.00718	0.00508	0.00662	0.00772	0.00805	0.00479	0.00508	0.00811	0.01082	0.01447	0.05692	0.67209	0.03629	0.11579	0.01002	0.00271	0.00358	0.01504	0.00511	0.00453
7	0.01186	0.01017	0.01186	0.00847	0.01356	0.00762	0.00678	0.01440	0.01186	0.01864	0.01017	0.01186	0.00847	0.00424	0.00424	0.00085	0.00424	0.00339	0.00339	0.83395
8	0.00676	0.00579	0.00579	0.00579	0.00773	0.00483	0.00435	0.00821	0.01304	0.01545	0.05794	0.05505	0.76098	0.01449	0.00676	0.00193	0.00290	0.01207	0.00531	0.00483
9	0.01239	0.01235	0.01749	0.06979	0.01675	0.01718	0.01275	0.01383	0.00895	0.01383	0.00770	0.01271	0.00752	0.00971	0.01784	0.00246	0.73298	0.00501	0.00251	0.00626
10	0.00884	0.00602	0.00798	0.00806	0.00940	0.00563	0.00624	0.01120	0.01469	0.05113	0.44937	0.16040	0.06895	0.01336	0.00702	0.00205	0.00341	0.15488	0.00594	0.00542
11	0.00832	0.00555	0.00624	0.00624	0.00624	0.00555	0.00347	0.00832	0.00832	0.01109	0.01802	0.03743	0.02080	0.79898	0.02911	0.00555	0.00555	0.00832	0.00347	0.00347
12	0.01352	0.01300	0.02246	0.13212	0.60898	0.01329	0.05131	0.01702	0.01284	0.01808	0.01136	0.01602	0.00964	0.00552	0.00580	0.00177	0.00699	0.02890	0.00288	0.00852
13	0.01695	0.01364	0.01411	0.01209	0.01565	0.04972	0.00963	0.22966	0.44644	0.06042	0.02023	0.02065	0.01540	0.00777	0.00586	0.00188	0.00534	0.03987	0.00569	0.00898
14	0.12787	0.00990	0.01266	0.00984	0.01416	0.00896	0.00813	0.02649	0.01554	0.67411	0.02073	0.01819	0.01316	0.00686	0.00547	0.00177	0.00481	0.00542	0.00663	0.00929
15	0.01162	0.01118	0.01570	0.01371	0.01389	0.01533	0.01128	0.01297	0.00882	0.01359	0.00921	0.01509	0.00913	0.04313	0.14876	0.00375	0.62892	0.00531	0.00263	0.00596
16	0.01611	0.01566	0.01695	0.10639	0.06205	0.17968	0.03724	0.19731	0.01566	0.01983	0.01097	0.01411	0.00903	0.01150	0.10501	0.00279	0.16394	0.00497	0.00351	0.00728
17	0.02566	0.00973	0.01327	0.01018	0.01460	0.00841	0.00841	0.02788	0.01637	0.76726	0.02257	0.01947	0.01416	0.00708	0.00575	0.00177	0.00487	0.00575	0.00708	0.00973
18	0.01080	0.01017	0.01716	0.78523	0.03940	0.01271	0.01589	0.01461	0.01144	0.01461	0.01017	0.01525	0.00762	0.00572	0.00572	0.00191	0.00762	0.00508	0.00254	0.00635
19	0.01147	0.02959	0.76934	0.01630	0.02476	0.01328	0.02113	0.01811	0.01208	0.01811	0.01026	0.01208	0.00725	0.00543	0.00543	0.00181	0.00845	0.00423	0.00242	0.00845
20	0.01498	0.01639	0.05760	0.05852	0.55669	0.13052	0.04677	0.01831	0.01343	0.01777	0.01045	0.01356	0.00865	0.00525	0.00562	0.00169	0.00756	0.00491	0.00282	0.00850
21	0.00697	0.00498	0.00664	0.00796	0.00830	0.00465	0.00531	0.00796	0.01095	0.01460	0.03153	0.79525	0.03783	0.01792	0.00730	0.00232	0.00332	0.01626	0.00531	0.00465
22	0.04753	0.00980	0.01287	0.01009	0.01427	0.00884	0.00827	0.02703	0.07103	0.65962	0.05284	0.02028	0.01583	0.00727	0.00573	0.00178	0.00474	0.00592	0.00685	0.00940
23	0.01219	0.04421	0.57759	0.01942	0.16106	0.01361	0.01963	0.01857	0.04724	0.01838	0.01092	0.01283	0.00807	0.00547	0.00545	0.00178	0.00790	0.00447	0.00265	0.00857
24	0.39607	0.06701	0.01313	0.00999	0.01385	0.03427	0.00824	0.19376	0.13113	0.06378	0.01250	0.01277	0.00931	0.00614	0.00458	0.00174	0.00518	0.00426	0.00451	0.00776
25	0.00728	0.00520	0.00700	0.00832	0.00879	0.00492	0.00585	0.00851	0.01126	0.01495	0.03135	0.69354	0.03715	0.01763	0.00738	0.00237	0.00359	0.11488	0.00530	0.00473
26	0.04547	0.01033	0.01608	0.40617	0.14450	0.01225	0.01356	0.01476	0.04206	0.01601	0.01355	0.12882	0.01260	0.00793	0.00725	0.00199	0.09020	0.00669	0.00317	0.00663
27	0.01348	0.01137	0.01569	0.01356	0.01420	0.01493	0.01112	0.03457	0.01035	0.09514	0.01231	0.11161	0.01209	0.01060	0.01558	0.00238	0.58456	0.00650	0.00343	0.00652
28	0.01226	0.07096	0.50504	0.05103	0.10484	0.01402	0.12669	0.01788	0.01234	0.01778	0.01037	0.01276	0.00767	0.00529	0.00556	0.00179	0.00828	0.00466	0.00254	0.00826
29	0.01895	0.02283	0.01772	0.05100	0.17828	0.54026	0.01265	0.02125	0.03167	0.01525	0.00959	0.01166	0.00797	0.00589	0.00573	0.00158	0.03344	0.00415	0.00296	0.00718
30	0.00703	0.00500	0.00662	0.00789	0.00820	0.00469	0.00523	0.00798	0.01083	0.01444	0.03092	0.76107	0.03706	0.05315	0.00828	0.00247	0.00342	0.01590	0.00523	0.00459

[dist]
# distance from previous block
# <min> <max>
0	1

[block]
# block no. 4 follows, 41 sequences, length 10
# corresponding to MSA columns:
# 388-397
name=unknown_E
#
# <colnr> <probs for GDERKNQSTAVLIFYWHMCP>
#	G	D	E	R	K	N	Q	S	T	A	V	L	I	F	Y	W	H	M	C	P
0	0.01292	0.01342	0.06748	0.18290	0.47185	0.01293	0.04239	0.01699	0.03480	0.01806	0.03681	0.01716	0.01120	0.00589	0.00581	0.00180	0.00691	0.02946	0.00304	0.00818
1	0.01080	0.01017	0.01716	0.78523	0.03940	0.01271	0.01589	0.01461	0.01144	0.01461	0.01017	0.01525	0.00762	0.00572	0.00572	0.00191	0.00762	0.00508	0.00254	0.00635
2	0.05464	0.47763	0.16759	0.01143	0.01660	0.05747	0.01185	0.01836	0.01214	0.07873	0.00966	0.01080	0.00785	0.00547	0.00488	0.00147	0.03928	0.00362	0.00291	0.00762
3	0.08450	0.01757	0.01792	0.12122	0.05055	0.26387	0.07653	0.09634	0.01418	0.01794	0.00951	0.01236	0.00777	0.00670	0.00829	0.00186	0.17817	0.00460	0.00313	0.00700
4	0.00757	0.00583	0.00696	0.00699	0.00850	0.00522	0.00531	0.00962	0.01422	0.01870	0.35012	0.10858	0.33888	0.01370	0.00690	0.00197	0.00306	0.07707	0.00572	0.00509
5	0.02174	0.01602	0.01717	0.01316	0.01774	0.01774	0.01087	0.74423	0.02689	0.03605	0.01373	0.01373	0.00973	0.00687	0.00572	0.00172	0.00629	0.00515	0.00572	0.00973
6	0.01233	0.19121	0.57185	0.01486	0.02209	0.01549	0.01827	0.01766	0.01180	0.01689	0.00962	0.01149	0.00728	0.00558	0.00581	0.00173	0.05150	0.00402	0.00243	0.00810
7	0.00697	0.00498	0.00664	0.00796	0.00830	0.00465	0.00531	0.00796	0.01095	0.01460	0.03153	0.79525	0.03783	0.01792	0.00730	0.00232	0.00332	0.01626	0.00531	0.00465
8	0.00741	0.00582	0.00669	0.00648	0.00812	0.00511	0.00486	0.00947	0.01457	0.01909	0.39954	0.04905	0.41712	0.01313	0.00675	0.00187	0.00280	0.01123	0.00579	0.00511
9	0.01665	0.01318	0.01647	0.29161	0.02506	0.01512	0.01248	0.39577	0.06932	0.02654	0.01393	0.01737	0.01067	0.00697	0.00584	0.00185	0.00660	0.04177	0.00456	0.00824

[dist]
# distance from previous block
# <min> <max>
0	3

[block]
# block no. 5 follows, 41 sequences, length 71
# corresponding to MSA columns:
# 401-471
name=unknown_F
#
# <colnr> <probs for GDERKNQSTAVLIFYWHMCP>
#	G	D	E	R	K	N	Q	S	T	A	V	L	I	F	Y	W	H	M	C	P
0	0.00807	0.00578	0.00678	0.02446	0.00775	0.00576	0.00438	0.00860	0.00965	0.01266	0.04752	0.13600	0.12901	0.52686	0.02168	0.00435	0.02290	0.00978	0.00401	0.00400
1	0.00702	0.00501	0.00669	0.00802	0.00837	0.00469	0.00539	0.00805	0.01100	0.01466	0.03150	0.77935	0.03772	0.01787	0.00731	0.00233	0.00336	0.03168	0.00531	0.00466
2	0.02137	0.02726	0.01621	0.01474	0.01768	0.77602	0.01105	0.02284	0.01621	0.01400	0.00884	0.01031	0.00737	0.00589	0.00516	0.00147	0.01031	0.00368	0.00295	0.00663
3	0.01505	0.75259	0.07765	0.01021	0.01533	0.02203	0.01052	0.01719	0.01165	0.01376	0.00810	0.00936	0.00733	0.00493	0.00378	0.00126	0.00627	0.00313	0.00244	0.00741
4	0.01509	0.01249	0.01450	0.01252	0.01592	0.01396	0.05105	0.17518	0.46341	0.02523	0.02156	0.02510	0.01739	0.00846	0.00613	0.00198	0.00528	0.10056	0.00556	0.00862
5	0.00739	0.00543	0.00760	0.00851	0.00907	0.00511	0.02695	0.00860	0.01117	0.01491	0.04694	0.67458	0.03628	0.05191	0.00828	0.00246	0.00371	0.06118	0.00518	0.00474
6	0.02117	0.01531	0.01657	0.01285	0.01727	0.01689	0.01057	0.65225	0.07290	0.06726	0.01477	0.01465	0.01051	0.00763	0.02060	0.00188	0.00629	0.00528	0.00574	0.00960
7	0.01471	0.01253	0.01321	0.01174	0.01506	0.01445	0.00917	0.07642	0.70615	0.02471	0.02266	0.02085	0.01696	0.00770	0.00581	0.00193	0.00464	0.00638	0.00581	0.00910
8	0.00835	0.00571	0.00674	0.00703	0.00728	0.00567	0.00434	0.02879	0.00969	0.01292	0.02192	0.24221	0.02545	0.54234	0.02193	0.00448	0.00496	0.03208	0.00408	0.00401
9	0.01751	0.51922	0.02494	0.01160	0.01578	0.29788	0.01025	0.01921	0.01330	0.01366	0.00828	0.00959	0.00735	0.00526	0.00421	0.00131	0.00765	0.00329	0.00263	0.00708
10	0.01542	0.74227	0.06451	0.01011	0.01516	0.02177	0.01028	0.01749	0.01178	0.03607	0.00850	0.00962	0.00754	0.00498	0.00382	0.00127	0.00619	0.00319	0.00258	0.00746
11	0.01006	0.00735	0.00957	0.01061	0.04209	0.00741	0.00806	0.01418	0.11914	0.04878	0.06204	0.23125	0.07917	0.01410	0.00715	0.00230	0.00446	0.31093	0.00538	0.00598
12	0.01409	0.07463	0.55731	0.01511	0.02249	0.01457	0.01809	0.15638	0.01499	0.04393	0.01115	0.01243	0.00793	0.00572	0.00539	0.00176	0.00779	0.00438	0.00319	0.00866
13	0.01421	0.01382	0.02275	0.06782	0.71046	0.03475	0.01730	0.01757	0.01304	0.01838	0.01068	0.01410	0.00895	0.00515	0.00565	0.00170	0.00693	0.00506	0.00282	0.00887
14	0.04509	0.00977	0.01316	0.01011	0.01452	0.00851	0.00835	0.02761	0.01621	0.74956	0.02222	0.01923	0.01397	0.00704	0.00570	0.00177	0.00486	0.00569	0.00699	0.00965
15	0.01334	0.01276	0.02174	0.21773	0.58706	0.01338	0.01715	0.01684	0.01264	0.01770	0.01061	0.01442	0.00871	0.00525	0.00568	0.00175	0.00700	0.00509	0.00276	0.00840
16	0.01469	0.01243	0.01317	0.01173	0.01502	0.01430	0.00920	0.08713	0.67416	0.02471	0.02271	0.02193	0.01727	0.00791	0.00587	0.00194	0.00469	0.02633	0.00580	0.00900
17	0.01217	0.01207	0.01744	0.01484	0.01514	0.01637	0.04812	0.01354	0.00908	0.01393	0.00915	0.04828	0.00939	0.03839	0.01804	0.00258	0.68694	0.00571	0.00268	0.00616
18	0.00726	0.00520	0.00690	0.00777	0.00836	0.00484	0.00533	0.00869	0.01230	0.01675	0.21940	0.60124	0.04199	0.01631	0.00716	0.00219	0.00316	0.01474	0.00556	0.00484
19	0.02228	0.00899	0.01219	0.00960	0.01344	0.00783	0.00783	0.02459	0.01634	0.62393	0.16462	0.02395	0.02183	0.00797	0.00594	0.00178	0.00445	0.00664	0.00693	0.00890
20	0.00740	0.00555	0.00686	0.00711	0.00826	0.00501	0.00511	0.00923	0.01369	0.01835	0.34779	0.29387	0.22200	0.01443	0.00693	0.00200	0.00295	0.01272	0.00573	0.00501
21	0.00697	0.00498	0.00664	0.00796	0.00830	0.00465	0.00531	0.00796	0.01095	0.01460	0.03153	0.79525	0.03783	0.01792	0.00730	0.00232	0.00332	0.01626	0.00531	0.00465
