[name]
unknown

[dist]
# distance from previous block
# <min> <max>
0	94

[block]
# block no. 0 follows, 38 sequences, length 72
# corresponding to MSA columns:
# 95-166
name=unknown_A
#
# <colnr> <probs for GDERKNQSTAVLIFYWHMCP>
#	G	D	E	R	K	N	Q	S	T	A	V	L	I	F	Y	W	H	M	C	P
0	0.00932	0.00630	0.00828	0.00774	0.00927	0.00579	0.00582	0.01207	0.01684	0.05745	0.68928	0.06998	0.05424	0.01231	0.00707	0.00191	0.00297	0.01088	0.00662	0.00586
1	0.02247	0.02867	0.01705	0.01550	0.01860	0.76443	0.01162	0.02402	0.01705	0.01472	0.00930	0.01085	0.00775	0.00620	0.00542	0.00155	0.01085	0.00387	0.00310	0.00697
2	0.13277	0.01821	0.01662	0.01332	0.01769	0.14878	0.01080	0.50992	0.02386	0.03236	0.01272	0.01318	0.00929	0.00682	0.00560	0.00177	0.00709	0.00485	0.00519	0.00915
3	0.00769	0.00612	0.00690	0.00671	0.00848	0.00533	0.00503	0.00976	0.01509	0.01953	0.34682	0.05250	0.46069	0.01401	0.00710	0.00197	0.00296	0.01194	0.00602	0.00533
4	0.02287	0.01685	0.01805	0.01384	0.01866	0.01866	0.01143	0.73100	0.02828	0.03791	0.01444	0.01444	0.01023	0.00722	0.00602	0.00181	0.00662	0.00542	0.00602	0.01023
5	0.01766	0.07764	0.01653	0.01261	0.01662	0.01690	0.01021	0.26120	0.44633	0.02847	0.01986	0.01877	0.01482	0.00761	0.00590	0.00190	0.00551	0.00605	0.00580	0.00961
6	0.00733	0.00524	0.00698	0.00838	0.00873	0.00489	0.00558	0.00838	0.01152	0.01536	0.03316	0.78466	0.03979	0.01885	0.00768	0.00244	0.00349	0.01710	0.00558	0.00489
7	0.01378	0.02885	0.64002	0.01662	0.02486	0.01471	0.02051	0.13209	0.01518	0.02205	0.01137	0.01298	0.00803	0.00595	0.00576	0.00189	0.00853	0.00460	0.00309	0.00910
8	0.01321	0.04470	0.01336	0.00904	0.01435	0.00874	0.00733	0.01584	0.01265	0.04866	0.01111	0.01267	0.00910	0.00460	0.00449	0.00095	0.00457	0.00365	0.00368	0.75730
9	0.00831	0.00603	0.00779	0.00792	0.00911	0.00561	0.00588	0.01058	0.01505	0.02072	0.45868	0.19147	0.09915	0.04800	0.00835	0.00227	0.00337	0.08023	0.00611	0.00538
10	0.02166	0.01578	0.01732	0.13466	0.02176	0.07695	0.01188	0.44799	0.02302	0.14632	0.01490	0.01536	0.01042	0.00698	0.00597	0.00183	0.00695	0.00538	0.00547	0.00940
11	0.16006	0.01221	0.01921	0.32319	0.02832	0.01396	0.15870	0.06322	0.01293	0.01982	0.01115	0.01519	0.00866	0.00797	0.04167	0.00235	0.06093	0.00539	0.02801	0.00708
12	0.01121	0.00561	0.00561	0.00561	0.00701	0.00561	0.00421	0.01402	0.01262	0.02243	0.01962	0.02243	0.01542	0.00701	0.00421	0.00140	0.00280	0.00561	0.82198	0.00561
13	0.01184	0.01194	0.02222	0.27557	0.02874	0.01306	0.26679	0.01535	0.01236	0.01664	0.01505	0.15833	0.01429	0.00860	0.00836	0.00217	0.10036	0.00814	0.00334	0.00684
14	0.01609	0.01657	0.02272	0.22300	0.02795	0.14377	0.21030	0.13143	0.01571	0.01980	0.01111	0.01459	0.00861	0.00654	0.00793	0.00198	0.10526	0.00558	0.00337	0.00768
15	0.00733	0.00524	0.00698	0.00838	0.00873	0.00489	0.00558	0.00838	0.01152	0.01536	0.03316	0.78466	0.03979	0.01885	0.00768	0.00244	0.00349	0.01710	0.00558	0.00489
16	0.02104	0.01507	0.01642	0.03474	0.01791	0.01663	0.01069	0.55539	0.08974	0.06787	0.01610	0.01615	0.01154	0.00726	0.00588	0.00180	0.00610	0.00558	0.07440	0.00968
17	0.01207	0.03112	0.75741	0.01715	0.02604	0.01397	0.02223	0.01905	0.01270	0.01905	0.01080	0.01270	0.00762	0.00572	0.00572	0.00191	0.00889	0.00445	0.00254	0.00889
18	0.00733	0.00524	0.00698	0.00838	0.00873	0.00489	0.00558	0.00838	0.01152	0.01536	0.03316	0.78466	0.03979	0.01885	0.00768	0.00244	0.00349	0.01710	0.00558	0.00489
19	0.00859	0.00645	0.00967	0.00967	0.01074	0.00752	0.00752	0.01074	0.00967	0.01396	0.01611	0.02363	0.01504	0.04512	0.76474	0.00967	0.01611	0.00645	0.00322	0.00537
20	0.00736	0.00526	0.00701	0.00835	0.00873	0.00491	0.00559	0.00846	0.01167	0.01560	0.05332	0.76378	0.04027	0.01866	0.00766	0.00243	0.00347	0.01693	0.00561	0.00491
21	0.01136	0.01069	0.01804	0.77412	0.04143	0.01337	0.01671	0.01537	0.01203	0.01537	0.01069	0.01604	0.00802	0.00601	0.00601	0.00200	0.00802	0.00535	0.00267	0.00668
22	0.04225	0.01224	0.02039	0.43734	0.33810	0.01376	0.01708	0.01675	0.01266	0.01758	0.01087	0.01533	0.00860	0.00572	0.00591	0.00191	0.00753	0.00528	0.00284	0.00787
23	0.02247	0.02867	0.01705	0.01550	0.01860	0.76443	0.01162	0.02402	0.01705	0.01472	0.00930	0.01085	0.00775	0.00620	0.00542	0.00155	0.01085	0.00387	0.00310	0.00697
24	0.01411	0.01285	0.01574	0.37761	0.05610	0.10822	0.01311	0.09729	0.01474	0.01922	0.01379	0.01991	0.01136	0.00718	0.00613	0.00190	0.02307	0.05805	0.12264	0.00699
25	0.00711	0.00609	0.00609	0.00609	0.00813	0.00508	0.00457	0.00863	0.01371	0.01625	0.06094	0.05789	0.74862	0.01524	0.00711	0.00203	0.00305	0.01270	0.00559	0.00508
26	0.01512	0.01161	0.01490	0.09318	0.01858	0.01023	0.04101	0.09968	0.01482	0.09681	0.01253	0.01408	0.00959	0.00528	0.00509	0.00127	0.00541	0.00438	0.00413	0.52230
27	0.02220	0.01684	0.01813	0.01482	0.05042	0.03476	0.01167	0.65656	0.05575	0.03610	0.01459	0.01470	0.01047	0.00716	0.00601	0.00181	0.00666	0.00543	0.00583	0.01010
28	0.00733	0.00524	0.00698	0.00838	0.00873	0.00489	0.00558	0.00838	0.01152	0.01536	0.03316	0.78466	0.03979	0.01885	0.00768	0.00244	0.00349	0.01710	0.00558	0.00489
29	0.02386	0.05390	0.04853	0.01235	0.01684	0.10538	0.01051	0.15334	0.01838	0.43132	0.01822	0.01698	0.01217	0.00720	0.00647	0.00182	0.04186	0.00542	0.00597	0.00948
30	0.01207	0.03112	0.75741	0.01715	0.02604	0.01397	0.02223	0.01905	0.01270	0.01905	0.01080	0.01270	0.00762	0.00572	0.00572	0.00191	0.00889	0.00445	0.00254	0.00889
31	0.00733	0.00524	0.00698	0.00838	0.00873	0.00489	0.00558	0.00838	0.01152	0.01536	0.03316	0.78466	0.03979	0.01885	0.00768	0.00244	0.00349	0.01710	0.00558	0.00489
32	0.01053	0.00723	0.00830	0.00777	0.00856	0.00767	0.00521	0.07897	0.01153	0.01623	0.04104	0.03339	0.03738	0.49518	0.07143	0.00482	0.03966	0.00791	0.10234	0.00485
33	0.01011	0.00868	0.01258	0.01171	0.01242	0.01115	0.00940	0.01198	0.00952	0.01414	0.01338	0.02015	0.01266	0.03361	0.51690	0.00733	0.26943	0.00605	0.00303	0.00577
34	0.00733	0.00524	0.00698	0.00838	0.00873	0.00489	0.00558	0.00838	0.01152	0.01536	0.03316	0.78466	0.03979	0.01885	0.00768	0.00244	0.00349	0.01710	0.00558	0.00489
35	0.01430	0.01379	0.02380	0.15356	0.61257	0.01418	0.04368	0.01800	0.01345	0.01896	0.01125	0.01512	0.00927	0.00545	0.00601	0.00183	0.00739	0.00542	0.00293	0.00903
36	0.47311	0.09852	0.04779	0.01062	0.04770	0.04061	0.00870	0.04943	0.01212	0.02377	0.00929	0.01080	0.00742	0.00545	0.00421	0.00163	0.00543	0.00357	0.00356	0.13625
37	0.00733	0.00524	0.00698	0.00838	0.00873	0.00489	0.00558	0.00838	0.01152	0.01536	0.03316	0.78466	0.03979	0.01885	0.00768	0.00244	0.00349	0.01710	0.00558	0.00489
38	0.01322	0.01122	0.01285	0.00951	0.01461	0.00929	0.00759	0.04897	0.09629	0.02105	0.01243	0.01370	0.01005	0.00500	0.00472	0.00106	0.00459	0.00402	0.00397	0.69586
39	0.01160	0.01081	0.01754	0.63521	0.03636	0.01372	0.01566	0.01519	0.01167	0.01556	0.01070	0.01592	0.00833	0.00668	0.00783	0.00206	0.11412	0.00535	0.03905	0.00662
40	0.00733	0.00524	0.00698	0.00838	0.00873	0.00489	0.00558	0.00838	0.01152	0.01536	0.03316	0.78466	0.03979	0.01885	0.00768	0.00244	0.00349	0.01710	0.00558	0.00489
41	0.01152	0.01086	0.01834	0.74016	0.07412	0.01341	0.01679	0.01551	0.01211	0.01557	0.01072	0.01599	0.00809	0.00598	0.00601	0.00199	0.00798	0.00535	0.00269	0.00681
42	0.00838	0.00614	0.00786	0.00743	0.00891	0.00562	0.00557	0.01110	0.01672	0.02340	0.68464	0.04613	0.12046	0.01257	0.00710	0.00190	0.00286	0.01105	0.00653	0.00562
43	0.00733	0.00524	0.00698	0.00838	0.00873	0.00489	0.00558	0.00838	0.01152	0.01536	0.03316	0.78466	0.03979	0.01885	0.00768	0.00244	0.00349	0.01710	0.00558	0.00489
44	0.01045	0.00522	0.00784	0.00784	0.00784	0.00522	0.00522	0.00784	0.00784	0.01045	0.01045	0.01829	0.01045	0.02090	0.02351	0.82497	0.00522	0.00522	0.00261	0.00261
45	0.00733	0.00524	0.00698	0.00838	0.00873	0.00489	0.00558	0.00838	0.01152	0.01536	0.03316	0.78466	0.03979	0.01885	0.00768	0.00244	0.00349	0.01710	0.00558	0.00489
46	0.02647	0.01108	0.01448	0.01110	0.01578	0.01009	0.00917	0.11875	0.01863	0.66380	0.02255	0.01971	0.01430	0.00742	0.00605	0.00185	0.00531	0.00597	0.00726	0.01024
47	0.01207	0.03112	0.75741	0.01715	0.02604	0.01397	0.02223	0.01905	0.01270	0.01905	0.01080	0.01270	0.00762	0.00572	0.00572	0.00191	0.00889	0.00445	0.00254	0.00889
48	0.02247	0.02867	0.01705	0.01550	0.01860	0.76443	0.01162	0.02402	0.01705	0.01472	0.00930	0.01085	0.00775	0.00620	0.00542	0.00155	0.01085	0.00387	0.00310	0.00697
49	0.01247	0.01069	0.01247	0.00891	0.01426	0.00802	0.00713	0.01515	0.01247	0.01960	0.01069	0.01247	0.00891	0.00446	0.00446	0.00089	0.00446	0.00356	0.00356	0.82536
50	0.01121	0.00561	0.00561	0.00561	0.00701	0.00561	0.00421	0.01402	0.01262	0.02243	0.01962	0.02243	0.01542	0.00701	0.00421	0.00140	0.00280	0.00561	0.82198	0.00561
51	0.01121	0.00561	0.00561	0.00561	0.00701	0.00561	0.00421	0.01402	0.01262	0.02243	0.01962	0.02243	0.01542	0.00701	0.00421	0.00140	0.00280	0.00561	0.82198	0.00561
52	0.80693	0.01221	0.03091	0.00818	0.01206	0.01351	0.00698	0.01772	0.01031	0.02676	0.00845	0.00986	0.00655	0.00559	0.00378	0.00186	0.00478	0.00329	0.00369	0.00659
53	0.01719	0.01217	0.01463	0.01164	0.01609	0.01197	0.04015	0.07838	0.29546	0.17003	0.01896	0.01823	0.01386	0.00672	0.00565	0.00165	0.00512	0.00560	0.00549	0.25102
54	0.01726	0.47013	0.05762	0.01114	0.01595	0.03832	0.01054	0.19433	0.01638	0.02108	0.01111	0.01226	0.00910	0.00590	0.00455	0.00146	0.00634	0.00407	0.08429	0.00817
55	0.01358	0.01046	0.01232	0.00892	0.01406	0.00799	0.00715	0.01623	0.01286	0.07832	0.01208	0.01350	0.00964	0.00479	0.00457	0.00099	0.00444	0.00384	0.03602	0.72822
56	0.01427	0.01401	0.01953	0.03796	0.01821	0.04654	0.09288	0.07623	0.03742	0.01727	0.01016	0.01514	0.00924	0.04505	0.01623	0.00256	0.51147	0.00565	0.00315	0.00705
57	0.01038	0.00937	0.01541	0.28473	0.08904	0.01046	0.06504	0.01307	0.01207	0.01619	0.03732	0.31447	0.02173	0.01132	0.00770	0.00220	0.05906	0.01016	0.00395	0.00632
58	0.00859	0.00645	0.00967	0.00967	0.01074	0.00752	0.00752	0.01074	0.00967	0.01396	0.01611	0.02363	0.01504	0.04512	0.76474	0.00967	0.01611	0.00645	0.00322	0.00537
59	0.01136	0.01069	0.01804	0.77412	0.04143	0.01337	0.01671	0.01537	0.01203	0.01537	0.01069	0.01604	0.00802	0.00601	0.00601	0.00200	0.00802	0.00535	0.00267	0.00668
60	0.00932	0.00666	0.00926	0.01065	0.01187	0.00660	0.00904	0.01181	0.01348	0.01758	0.03206	0.18166	0.03544	0.01697	0.00821	0.00272	0.00521	0.60046	0.00555	0.00544
61	0.01496	0.01292	0.01360	0.01224	0.01564	0.01496	0.00952	0.03197	0.74019	0.02516	0.02448	0.02244	0.01836	0.00816	0.00612	0.00204	0.00476	0.00680	0.00612	0.00952
62	0.00851	0.00615	0.00804	0.00757	0.00899	0.00568	0.00568	0.01135	0.01703	0.02412	0.74788	0.04494	0.05676	0.01230	0.00710	0.00189	0.00284	0.01088	0.00662	0.00568
63	0.00733	0.00524	0.00698	0.00838	0.00873	0.00489	0.00558	0.00838	0.01152	0.01536	0.03316	0.78466	0.03979	0.01885	0.00768	0.00244	0.00349	0.01710	0.00558	0.00489
64	0.01136	0.01069	0.01804	0.77412	0.04143	0.01337	0.01671	0.01537	0.01203	0.01537	0.01069	0.01604	0.00802	0.00601	0.00601	0.00200	0.00802	0.00535	0.00267	0.00668
65	0.01924	0.02118	0.01442	0.01311	0.01604	0.46507	0.00992	0.02425	0.16797	0.03944	0.01454	0.01540	0.01140	0.00678	0.00539	0.00164	0.00813	0.00483	0.13387	0.00739
66	0.00733	0.00524	0.00698	0.00838	0.00873	0.00489	0.00558	0.00838	0.01152	0.01536	0.03316	0.78466	0.03979	0.01885	0.00768	0.00244	0.00349	0.01710	0.00558	0.00489
67	0.01247	0.01069	0.01247	0.00891	0.01426	0.00802	0.00713	0.01515	0.01247	0.01960	0.01069	0.01247	0.00891	0.00446	0.00446	0.00089	0.00446	0.00356	0.00356	0.82536
68	0.09480	0.01384	0.01749	0.29466	0.02565	0.08507	0.03062	0.06300	0.02901	0.01794	0.01001	0.01404	0.00821	0.00758	0.01027	0.00214	0.26052	0.00506	0.00311	0.00699
69	0.00737	0.00526	0.00701	0.00835	0.00873	0.00491	0.00559	0.00847	0.01168	0.01562	0.05482	0.76224	0.04030	0.01865	0.00766	0.00243	0.00347	0.01691	0.00562	0.00491
70	0.01420	0.01623	0.03550	0.02535	0.03144	0.01521	0.72921	0.01927	0.01420	0.01927	0.01217	0.01623	0.00913	0.00507	0.00710	0.00203	0.01014	0.00710	0.00304	0.00811
71	0.01656	0.01536	0.02510	0.06382	0.70459	0.01518	0.01887	0.01953	0.01476	0.02115	0.01316	0.01748	0.01125	0.00666	0.00675	0.00214	0.00776	0.00595	0.00362	0.01031

[dist]
# distance from previous block
# <min> <max>
4	11

[block]
# block no. 1 follows, 38 sequences, length 17
# corresponding to MSA columns:
# 184-200
name=unknown_B
#
# <colnr> <probs for GDERKNQSTAVLIFYWHMCP>
#	G	D	E	R	K	N	Q	S	T	A	V	L	I	F	Y	W	H	M	C	P
0	0.02031	0.01001	0.01245	0.01026	0.01388	0.03116	0.00826	0.02426	0.09104	0.44149	0.18812	0.02769	0.02521	0.00888	0.00633	0.00189	0.00473	0.03608	0.00681	0.03113
1	0.00851	0.00615	0.00804	0.00757	0.00899	0.00568	0.00568	0.01135	0.01703	0.02412	0.74788	0.04494	0.05676	0.01230	0.00710	0.00189	0.00284	0.01088	0.00662	0.00568
2	0.01496	0.01292	0.01360	0.01224	0.01564	0.01496	0.00952	0.03197	0.74019	0.02516	0.02448	0.02244	0.01836	0.00816	0.00612	0.00204	0.00476	0.00680	0.00612	0.00952
3	0.01234	0.08340	0.70755	0.01668	0.02531	0.01465	0.02141	0.01898	0.01267	0.01871	0.01063	0.01249	0.00763	0.00568	0.00559	0.00186	0.00872	0.00436	0.00254	0.00881
4	0.01276	0.16222	0.63237	0.01597	0.02421	0.01566	0.02017	0.01887	0.01262	0.01821	0.01038	0.01218	0.00764	0.00562	0.00540	0.00180	0.00847	0.00423	0.00255	0.00869
5	0.01207	0.03112	0.75741	0.01715	0.02604	0.01397	0.02223	0.01905	0.01270	0.01905	0.01080	0.01270	0.00762	0.00572	0.00572	0.00191	0.00889	0.00445	0.00254	0.00889
6	0.00748	0.00546	0.00704	0.00801	0.00870	0.00502	0.00549	0.00885	0.01257	0.01675	0.14232	0.59700	0.11815	0.01749	0.00753	0.00232	0.00335	0.01571	0.00574	0.00502
7	0.02283	0.01577	0.01724	0.01351	0.01814	0.01710	0.01103	0.54882	0.11314	0.13137	0.01731	0.01682	0.01225	0.00766	0.00623	0.00192	0.00634	0.00581	0.00635	0.01035
8	0.01141	0.01074	0.01865	0.42598	0.03094	0.01208	0.13560	0.01463	0.01244	0.01642	0.01668	0.20115	0.01627	0.00942	0.00735	0.00222	0.03909	0.00861	0.00359	0.00672
9	0.02733	0.01055	0.01426	0.01100	0.01567	0.00910	0.00903	0.02952	0.01746	0.75026	0.02409	0.02105	0.01528	0.00774	0.00624	0.00194	0.00527	0.00619	0.00757	0.01045
10	0.00782	0.00559	0.00733	0.00869	0.00908	0.00518	0.00579	0.00873	0.01180	0.01579	0.03345	0.77966	0.03999	0.01905	0.00786	0.00252	0.00366	0.01716	0.00572	0.00513
11	0.01201	0.00984	0.03782	0.03206	0.01434	0.00963	0.00973	0.08979	0.12188	0.02178	0.10162	0.14067	0.03120	0.01379	0.00757	0.00246	0.00534	0.32577	0.00575	0.00693
12	0.01293	0.09472	0.64245	0.01673	0.02470	0.01532	0.02071	0.01894	0.01271	0.01874	0.01085	0.01310	0.00809	0.00628	0.00667	0.00198	0.05896	0.00454	0.00271	0.00886
13	0.82556	0.01194	0.00917	0.00823	0.01197	0.01372	0.00672	0.01797	0.01053	0.02733	0.00885	0.01042	0.00696	0.00589	0.00393	0.00194	0.00481	0.00342	0.00388	0.00675
14	0.01352	0.17718	0.53918	0.01737	0.07315	0.01626	0.01947	0.01895	0.01285	0.01840	0.01072	0.01290	0.00822	0.00603	0.00599	0.00188	0.03189	0.00444	0.00274	0.00885
15	0.01379	0.07952	0.65443	0.01651	0.02485	0.01449	0.02062	0.01996	0.01325	0.06914	0.01197	0.01366	0.00856	0.00610	0.00581	0.00194	0.00860	0.00462	0.00304	0.00912
16	0.00819	0.00642	0.00730	0.00716	0.00888	0.00560	0.00530	0.01010	0.01523	0.01988	0.34353	0.09302	0.41839	0.01445	0.00732	0.00208	0.00315	0.01228	0.00615	0.00556

[dist]
# distance from previous block
# <min> <max>
18	26

[block]
# block no. 2 follows, 38 sequences, length 9
# corresponding to MSA columns:
# 230-238
name=unknown_C
#
# <colnr> <probs for GDERKNQSTAVLIFYWHMCP>
#	G	D	E	R	K	N	Q	S	T	A	V	L	I	F	Y	W	H	M	C	P
0	0.02025	0.01015	0.01374	0.05208	0.01625	0.00975	0.03167	0.02529	0.13679	0.43032	0.13021	0.02613	0.02198	0.00853	0.00635	0.00195	0.00506	0.03792	0.00662	0.00898
1	0.01246	0.08527	0.67056	0.01704	0.02553	0.01474	0.05518	0.01899	0.01274	0.01871	0.01069	0.01265	0.00770	0.00564	0.00565	0.00187	0.00877	0.00448	0.00257	0.00877
2	0.01576	0.01437	0.01391	0.01248	0.01586	0.09606	0.00977	0.06679	0.54669	0.02402	0.02225	0.02339	0.01749	0.00832	0.00612	0.00198	0.00556	0.05313	0.00565	0.04040
3	0.15808	0.02029	0.29795	0.06504	0.02316	0.01448	0.12002	0.10459	0.04125	0.02263	0.01142	0.01349	0.00846	0.00597	0.00599	0.00189	0.03026	0.00487	0.00343	0.04671
4	0.05133	0.01962	0.09070	0.10858	0.02637	0.20492	0.29120	0.07419	0.01552	0.01954	0.03319	0.01497	0.00991	0.00593	0.00619	0.00186	0.00923	0.00565	0.00333	0.00775
5	0.01585	0.56931	0.14055	0.04032	0.01805	0.02079	0.01238	0.01863	0.01248	0.06013	0.00974	0.01115	0.00816	0.00561	0.00496	0.00149	0.03581	0.00373	0.00287	0.00797
6	0.01277	0.00941	0.01118	0.00954	0.01287	0.00844	0.00727	0.05947	0.09517	0.07765	0.02118	0.27863	0.02109	0.01020	0.00597	0.00168	0.00434	0.00887	0.00500	0.33927
7	0.00759	0.00542	0.00728	0.00867	0.00913	0.00511	0.00603	0.00882	0.01177	0.01565	0.03301	0.70652	0.03922	0.01860	0.00775	0.00248	0.00371	0.09270	0.00558	0.00496
8	0.09245	0.12678	0.01880	0.01334	0.01758	0.24681	0.01090	0.35443	0.02106	0.02660	0.01150	0.01228	0.00880	0.00648	0.00534	0.00166	0.00771	0.00445	0.00445	0.00856

[dist]
# distance from previous block
# <min> <max>
20	147

[block]
# block no. 3 follows, 38 sequences, length 8
# corresponding to MSA columns:
# 389-396
name=unknown_D
#
# <colnr> <probs for GDERKNQSTAVLIFYWHMCP>
#	G	D	E	R	K	N	Q	S	T	A	V	L	I	F	Y	W	H	M	C	P
0	0.01655	0.01401	0.02080	0.01524	0.02044	0.01336	0.21330	0.21284	0.01741	0.06080	0.01269	0.01450	0.00960	0.00574	0.00622	0.00157	0.03264	0.00525	0.00425	0.30278
1	0.01305	0.01194	0.01845	0.38768	0.11254	0.01280	0.06102	0.05803	0.05214	0.01887	0.01181	0.01538	0.00914	0.00572	0.00574	0.00173	0.00702	0.00515	0.00331	0.18851
2	0.01610	0.30827	0.25045	0.01283	0.01862	0.06011	0.01364	0.08326	0.01494	0.08206	0.07492	0.01507	0.01277	0.00638	0.00518	0.00164	0.00704	0.00474	0.00367	0.00830
3	0.10517	0.01133	0.01275	0.01081	0.01462	0.01187	0.00863	0.02794	0.34433	0.29891	0.02487	0.02267	0.06334	0.00808	0.00591	0.00195	0.00477	0.00653	0.00633	0.00918
4	0.01479	0.14773	0.01693	0.07670	0.07988	0.01314	0.01054	0.10970	0.07485	0.08575	0.13001	0.05312	0.02286	0.00945	0.00626	0.00195	0.00560	0.12803	0.00500	0.00770
5	0.11453	0.01953	0.17991	0.03555	0.04950	0.08667	0.01323	0.31691	0.01936	0.02757	0.01230	0.01351	0.00907	0.00638	0.00549	0.00177	0.00711	0.00474	0.04052	0.03635
6	0.02234	0.01780	0.01821	0.01621	0.09429	0.12989	0.01197	0.48983	0.02412	0.09449	0.01415	0.01447	0.01019	0.00689	0.00592	0.00177	0.00718	0.00523	0.00539	0.00967
7	0.01257	0.01203	0.01956	0.19114	0.18574	0.01333	0.09187	0.01545	0.01200	0.01691	0.01344	0.05675	0.03805	0.00799	0.00954	0.02363	0.17519	0.00622	0.00313	0.09545

[dist]
# distance from previous block
# <min> <max>
1	124

[block]
# block no. 4 follows, 38 sequences, length 16
# corresponding to MSA columns:
# 530-545
name=unknown_E
#
# <colnr> <probs for GDERKNQSTAVLIFYWHMCP>
#	G	D	E	R	K	N	Q	S	T	A	V	L	I	F	Y	W	H	M	C	P
0	0.01956	0.02255	0.01660	0.01480	0.01758	0.46309	0.01142	0.05897	0.16409	0.01796	0.01244	0.01374	0.01006	0.00730	0.00774	0.00182	0.12414	0.00476	0.00379	0.00760
1	0.00962	0.00792	0.01039	0.16439	0.01628	0.00830	0.00819	0.01422	0.10671	0.02085	0.36436	0.03886	0.18454	0.01110	0.00675	0.00196	0.00418	0.00961	0.00554	0.00624
2	0.02155	0.01797	0.09790	0.01813	0.02067	0.01401	0.01320	0.01968	0.01993	0.02820	0.07376	0.52500	0.04290	0.02293	0.01243	0.00456	0.00869	0.01703	0.00920	0.01227
3	0.01553	0.09439	0.05715	0.01649	0.05576	0.08611	0.15789	0.04698	0.32980	0.02143	0.01757	0.01941	0.01381	0.00707	0.00608	0.00192	0.00701	0.03247	0.00450	0.00866
4	0.02568	0.01068	0.01509	0.01354	0.09495	0.00943	0.00988	0.02814	0.01684	0.67565	0.02239	0.01987	0.01431	0.00722	0.00604	0.00185	0.00534	0.00598	0.00696	0.01016
5	0.17590	0.00721	0.00720	0.00689	0.00889	0.00703	0.00515	0.01118	0.01330	0.01993	0.21882	0.04280	0.34406	0.09619	0.00896	0.00237	0.00362	0.00988	0.00526	0.00537
6	0.00733	0.00524	0.00698	0.00838	0.00873	0.00489	0.00558	0.00838	0.01152	0.01536	0.03316	0.78466	0.03979	0.01885	0.00768	0.00244	0.00349	0.01710	0.00558	0.00489
7	0.00749	0.00535	0.00716	0.00856	0.00898	0.00502	0.00586	0.00865	0.01168	0.01554	0.03307	0.73610	0.03944	0.01870	0.00772	0.00247	0.00363	0.06408	0.00558	0.00493
8	0.00812	0.00531	0.00670	0.00781	0.00837	0.00503	0.00530	0.00953	0.01174	0.01680	0.03039	0.62901	0.03481	0.01643	0.00697	0.00223	0.00335	0.01475	0.17229	0.00503
9	0.00873	0.00666	0.00843	0.00873	0.01025	0.00593	0.00622	0.01067	0.03373	0.01665	0.02824	0.56896	0.03259	0.01548	0.00700	0.00213	0.00383	0.04798	0.00519	0.17260
10	0.01580	0.01275	0.03924	0.41791	0.17093	0.04956	0.01534	0.01934	0.01367	0.16734	0.01341	0.01637	0.00969	0.00618	0.00597	0.00191	0.00742	0.00539	0.00372	0.00803
11	0.01237	0.17638	0.46147	0.01455	0.02117	0.01447	0.01731	0.01750	0.01284	0.01787	0.01462	0.02336	0.01315	0.00783	0.00588	0.00196	0.00772	0.14839	0.00316	0.00798
12	0.00830	0.01052	0.16022	0.01017	0.01226	0.00674	0.00898	0.01056	0.01176	0.01611	0.02859	0.62702	0.03322	0.01617	0.00728	0.00233	0.00459	0.01452	0.00496	0.00570
13	0.01565	0.70986	0.11005	0.01103	0.01659	0.02274	0.01158	0.01813	0.01228	0.01468	0.00863	0.00998	0.00771	0.00521	0.00406	0.00135	0.00670	0.00335	0.00257	0.00785
14	0.01831	0.01513	0.12520	0.01230	0.01697	0.01305	0.01119	0.20885	0.17979	0.19315	0.02406	0.02356	0.09955	0.00839	0.00618	0.00193	0.00576	0.02166	0.00579	0.00917
15	0.01250	0.02808	0.61000	0.01882	0.02714	0.01422	0.16659	0.01910	0.01301	0.01910	0.01108	0.01342	0.00793	0.00558	0.00600	0.00193	0.00915	0.00499	0.00264	0.00873

[dist]
# distance from previous block
# <min> <max>
0	28

[block]
# block no. 5 follows, 38 sequences, length 12
# corresponding to MSA columns:
# 574-585
name=unknown_F
#
# <colnr> <probs for GDERKNQSTAVLIFYWHMCP>
#	G	D	E	R	K	N	Q	S	T	A	V	L	I	F	Y	W	H	M	C	P
0	0.68623	0.01508	0.14123	0.00954	0.01418	0.01358	0.00929	0.01793	0.01067	0.02559	0.00880	0.01029	0.00671	0.00561	0.00408	0.00187	0.00540	0.00347	0.00351	0.00694
1	0.00730	0.00535	0.00686	0.00806	0.00864	0.00491	0.00544	0.00841	0.01182	0.01548	0.03703	0.68336	0.13859	0.01834	0.00760	0.00239	0.00343	0.01649	0.00558	0.00491
2	0.01303	0.07332	0.46264	0.01660	0.02325	0.01533	0.08044	0.02030	0.11382	0.01910	0.01235	0.01423	0.00929	0.00650	0.00734	0.00198	0.09381	0.00502	0.00310	0.00858
3	0.01495	0.00855	0.01127	0.11547	0.01584	0.00829	0.00826	0.01847	0.06908	0.25509	0.17750	0.06250	0.18891	0.01047	0.00656	0.00196	0.00451	0.00890	0.00603	0.00740
4	0.00836	0.00614	0.00783	0.00741	0.00889	0.00561	0.00556	0.01106	0.01667	0.02326	0.67277	0.04635	0.13241	0.01262	0.00710	0.00191	0.00286	0.01108	0.00651	0.00561
5	0.01360	0.01411	0.02216	0.05852	0.02133	0.04425	0.20698	0.01628	0.01147	0.01655	0.00965	0.01397	0.00837	0.00779	0.01289	0.00215	0.39041	0.00548	0.00289	0.12114
6	0.01300	0.01426	0.06483	0.06171	0.05915	0.01348	0.35245	0.01940	0.14177	0.01933	0.01723	0.13549	0.01532	0.00804	0.00728	0.00210	0.03522	0.00820	0.00391	0.00784
7	0.01915	0.01162	0.01373	0.03751	0.01613	0.01226	0.00936	0.06242	0.37198	0.28987	0.07070	0.02261	0.01888	0.00806	0.00615	0.00195	0.00496	0.00668	0.00651	0.00947
8	0.01212	0.00904	0.01323	0.01102	0.01377	0.00877	0.10739	0.01739	0.13140	0.09755	0.41327	0.03569	0.08342	0.01032	0.00684	0.00194	0.00441	0.00933	0.00606	0.00705
9	0.32078	0.01215	0.08847	0.01080	0.01429	0.01087	0.08814	0.02929	0.01241	0.04798	0.12311	0.07144	0.01910	0.11665	0.00894	0.00248	0.00557	0.00676	0.00425	0.00651
10	0.06016	0.01886	0.01676	0.03131	0.01837	0.23636	0.03679	0.31489	0.12176	0.02658	0.01601	0.01638	0.04450	0.00724	0.00583	0.00179	0.00750	0.00545	0.00486	0.00859
11	0.01174	0.01125	0.01954	0.68460	0.07981	0.01354	0.06341	0.01580	0.01226	0.01586	0.01082	0.01599	0.00817	0.00592	0.00608	0.00199	0.00811	0.00546	0.00271	0.00693

[dist]
# distance from previous block
# <min> <max>
11	25

# created by:
# /software/SequenceAnalysis/GenePrediction/augustus/3.0.1/scripts/msa2prfl.pl ./fixed/BUSCOvEOG73N8TJ.fas
