[name]
unknown

[dist]
# distance from previous block
# <min> <max>
2	67

[block]
# block no. 0 follows, 41 sequences, length 11
# corresponding to MSA columns:
# 69-79
name=unknown_A
#
# <colnr> <probs for GDERKNQSTAVLIFYWHMCP>
#	G	D	E	R	K	N	Q	S	T	A	V	L	I	F	Y	W	H	M	C	P
0	0.08236	0.07298	0.46335	0.01376	0.02038	0.01331	0.01596	0.02078	0.10404	0.12025	0.01320	0.01380	0.00936	0.00590	0.00525	0.00178	0.00700	0.00454	0.00356	0.00844
1	0.08862	0.01043	0.01251	0.01026	0.01411	0.01038	0.00828	0.02693	0.23712	0.44813	0.05582	0.02027	0.01634	0.00735	0.00564	0.00182	0.00463	0.00596	0.00637	0.00904
2	0.01147	0.02959	0.76934	0.01630	0.02476	0.01328	0.02113	0.01811	0.01208	0.01811	0.01026	0.01208	0.00725	0.00543	0.00543	0.00181	0.00845	0.00423	0.00242	0.00845
3	0.16457	0.00729	0.00741	0.00681	0.00931	0.00683	0.00531	0.01258	0.01315	0.11428	0.11093	0.04079	0.45738	0.01156	0.00603	0.00187	0.00342	0.00943	0.00530	0.00577
4	0.01325	0.09269	0.13545	0.04970	0.01835	0.01664	0.04727	0.07950	0.01151	0.01661	0.00913	0.01285	0.00796	0.00930	0.04085	0.00239	0.42185	0.00483	0.00281	0.00704
5	0.01186	0.01017	0.01186	0.00847	0.01356	0.00762	0.00678	0.01440	0.01186	0.01864	0.01017	0.01186	0.00847	0.00424	0.00424	0.00085	0.00424	0.00339	0.00339	0.83395
6	0.00697	0.00498	0.00664	0.00796	0.00830	0.00465	0.00531	0.00796	0.01095	0.01460	0.03153	0.79525	0.03783	0.01792	0.00730	0.00232	0.00332	0.01626	0.00531	0.00465
7	0.01397	0.01340	0.02288	0.07719	0.72269	0.01354	0.01746	0.01739	0.01294	0.01846	0.01073	0.01422	0.00898	0.00513	0.00567	0.00171	0.00684	0.00510	0.00282	0.00891
8	0.07708	0.08440	0.01591	0.04753	0.01683	0.38387	0.01007	0.07252	0.06163	0.01791	0.04882	0.01321	0.01060	0.00626	0.00556	0.00154	0.03832	0.00430	0.00351	0.08012
9	0.22254	0.05333	0.44966	0.01322	0.01971	0.04503	0.01537	0.01881	0.01202	0.08593	0.01062	0.01184	0.00760	0.00555	0.00490	0.00176	0.00710	0.00401	0.00314	0.00788
10	0.08795	0.34394	0.29373	0.01230	0.01820	0.06733	0.01356	0.01861	0.01227	0.07062	0.00990	0.01105	0.00770	0.00535	0.00455	0.00154	0.00700	0.00372	0.00290	0.00777

[dist]
# distance from previous block
# <min> <max>
0	2

[block]
# block no. 1 follows, 41 sequences, length 6
# corresponding to MSA columns:
# 82-87
name=unknown_B
#
# <colnr> <probs for GDERKNQSTAVLIFYWHMCP>
#	G	D	E	R	K	N	Q	S	T	A	V	L	I	F	Y	W	H	M	C	P
0	0.01565	0.00921	0.01125	0.00928	0.01237	0.00863	0.00724	0.14428	0.01627	0.22240	0.17386	0.12439	0.02432	0.05948	0.00741	0.00194	0.00441	0.00777	0.00565	0.13418
1	0.01376	0.01869	0.25902	0.01850	0.02491	0.01271	0.36091	0.01864	0.01311	0.08582	0.01198	0.01431	0.00870	0.00514	0.00594	0.00175	0.00818	0.00546	0.00318	0.10928
2	0.06752	0.02119	0.42377	0.01342	0.01999	0.01217	0.01519	0.06584	0.05447	0.14484	0.01309	0.01372	0.00918	0.00579	0.00528	0.00170	0.00679	0.00450	0.00377	0.09777
3	0.18130	0.04587	0.01494	0.01215	0.01570	0.28457	0.00968	0.17648	0.04947	0.10918	0.01187	0.01245	0.00889	0.00633	0.00554	0.00167	0.03771	0.00428	0.00423	0.00769
4	0.13462	0.00994	0.01127	0.01008	0.01248	0.05790	0.04316	0.01612	0.08512	0.09732	0.09079	0.25644	0.02287	0.01041	0.00664	0.00192	0.04945	0.00879	0.00480	0.06989
5	0.32063	0.04188	0.10225	0.08144	0.06362	0.05627	0.01029	0.01851	0.08448	0.06550	0.09133	0.01587	0.01341	0.00639	0.00489	0.00177	0.00559	0.00483	0.00392	0.00713

[dist]
# distance from previous block
# <min> <max>
10	17

[block]
# block no. 2 follows, 41 sequences, length 47
# corresponding to MSA columns:
# 108-154
name=unknown_C
#
# <colnr> <probs for GDERKNQSTAVLIFYWHMCP>
#	G	D	E	R	K	N	Q	S	T	A	V	L	I	F	Y	W	H	M	C	P
0	0.01075	0.01163	0.06702	0.01538	0.01862	0.01057	0.29944	0.01375	0.01132	0.01576	0.01563	0.13907	0.01536	0.10679	0.13730	0.00361	0.06020	0.00790	0.00332	0.03656
1	0.01912	0.01514	0.06324	0.01244	0.01701	0.01519	0.01063	0.43532	0.17474	0.09254	0.01597	0.01555	0.01145	0.00678	0.00562	0.00171	0.00579	0.00528	0.00547	0.07099
2	0.16345	0.01116	0.01710	0.46097	0.11875	0.01326	0.04914	0.01549	0.01122	0.01725	0.00971	0.01384	0.00758	0.00583	0.00629	0.00190	0.06276	0.00480	0.00277	0.00671
3	0.00735	0.00523	0.00687	0.00777	0.00829	0.00491	0.00531	0.00863	0.01178	0.01594	0.16452	0.57539	0.03933	0.07700	0.00890	0.00249	0.00344	0.03679	0.00535	0.00471
4	0.02128	0.01544	0.01664	0.01290	0.01736	0.01704	0.01061	0.65326	0.08730	0.06681	0.01492	0.01462	0.01057	0.00695	0.00573	0.00174	0.00608	0.00529	0.00579	0.00967
5	0.07462	0.01078	0.01638	0.46045	0.02926	0.01260	0.04476	0.01479	0.01111	0.01617	0.00970	0.01387	0.00769	0.00598	0.00711	0.00180	0.11223	0.00471	0.00277	0.14321
6	0.01033	0.00516	0.00631	0.00631	0.00703	0.00516	0.00445	0.01062	0.00990	0.01608	0.01464	0.01951	0.01248	0.01275	0.01246	0.38489	0.00373	0.00516	0.44902	0.00402
7	0.01080	0.01017	0.01716	0.78523	0.03940	0.01271	0.01589	0.01461	0.01144	0.01461	0.01017	0.01525	0.00762	0.00572	0.00572	0.00191	0.00762	0.00508	0.00254	0.00635
8	0.01677	0.01185	0.01310	0.01137	0.01488	0.01311	0.00896	0.04664	0.58364	0.17788	0.02291	0.02077	0.01660	0.00760	0.00580	0.00190	0.00464	0.00629	0.00608	0.00921
9	0.07069	0.00839	0.01092	0.00903	0.01225	0.00761	0.00730	0.02081	0.01575	0.44049	0.26695	0.02850	0.02769	0.00888	0.00604	0.00182	0.00414	0.03836	0.00652	0.00788
10	0.02237	0.00900	0.01211	0.00954	0.01335	0.00784	0.00773	0.02451	0.01589	0.62837	0.10459	0.02395	0.04288	0.04224	0.00691	0.00194	0.00459	0.00657	0.00678	0.00883
11	0.00828	0.00553	0.00625	0.00628	0.00629	0.00552	0.00351	0.00831	0.00839	0.01118	0.01837	0.05704	0.02124	0.77877	0.02855	0.00546	0.00549	0.00852	0.00351	0.00350
12	0.00824	0.00551	0.00626	0.00634	0.00636	0.00549	0.00357	0.00830	0.00847	0.01130	0.01881	0.08159	0.02179	0.75347	0.02784	0.00536	0.00542	0.00878	0.00357	0.00353
13	0.00765	0.00550	0.00699	0.00794	0.00849	0.00524	0.00535	0.03727	0.01148	0.01523	0.03102	0.67267	0.06881	0.07643	0.00886	0.00252	0.00359	0.01502	0.00519	0.00477
14	0.02190	0.01577	0.01701	0.01304	0.01761	0.01737	0.01077	0.71575	0.02647	0.06512	0.01408	0.01396	0.00990	0.00687	0.00572	0.00172	0.00624	0.00517	0.00578	0.00973
15	0.00695	0.00504	0.00657	0.00779	0.00825	0.00466	0.00523	0.00798	0.01112	0.01467	0.03362	0.73649	0.09523	0.01765	0.00726	0.00229	0.00329	0.01593	0.00531	0.00466
16	0.00916	0.00585	0.00661	0.00641	0.00701	0.00561	0.00392	0.00954	0.00961	0.05974	0.02491	0.03920	0.14274	0.61910	0.02394	0.00471	0.00506	0.00878	0.00400	0.00409
17	0.03223	0.00982	0.00905	0.00915	0.01065	0.13350	0.00660	0.01364	0.08240	0.03896	0.09126	0.39089	0.10805	0.02799	0.00696	0.00209	0.00461	0.01150	0.00502	0.00564
18	0.01143	0.13711	0.00941	0.00607	0.00799	0.00819	0.00496	0.01396	0.01193	0.02002	0.01689	0.01932	0.01345	0.00637	0.00394	0.00131	0.00324	0.00496	0.69380	0.00566
19	0.00697	0.00498	0.00664	0.00796	0.00830	0.00465	0.00531	0.00796	0.01095	0.01460	0.03153	0.79525	0.03783	0.01792	0.00730	0.00232	0.00332	0.01626	0.00531	0.00465
20	0.01041	0.00680	0.00832	0.00801	0.00923	0.00694	0.00563	0.01325	0.09784	0.08853	0.06969	0.13098	0.06475	0.30789	0.14211	0.00450	0.00636	0.00886	0.00455	0.00536
21	0.08076	0.00629	0.00714	0.00679	0.00851	0.00588	0.00514	0.01053	0.01465	0.02087	0.47794	0.04358	0.26742	0.01199	0.00647	0.00184	0.00291	0.01024	0.00575	0.00529
22	0.00820	0.00579	0.00746	0.00728	0.00858	0.00530	0.00537	0.01050	0.01508	0.03769	0.56747	0.16759	0.10653	0.01284	0.00682	0.00190	0.00287	0.01136	0.00607	0.00533
23	0.00829	0.00564	0.00673	0.00673	0.00690	0.00581	0.00407	0.00863	0.00846	0.01145	0.01758	0.03496	0.01972	0.67399	0.15264	0.00615	0.00716	0.00796	0.00340	0.00374
24	0.01487	0.00821	0.01022	0.00879	0.01154	0.00781	0.00691	0.01951	0.13774	0.27193	0.32149	0.03261	0.10465	0.00977	0.00626	0.00183	0.00375	0.00833	0.00638	0.00740
25	0.01113	0.00640	0.00795	0.00729	0.00876	0.00590	0.00517	0.01264	0.01306	0.15097	0.27856	0.06569	0.10983	0.27536	0.01409	0.00308	0.00408	0.00924	0.00535	0.00544
26	0.02051	0.01571	0.01978	0.01487	0.01964	0.01688	0.13175	0.60006	0.02432	0.05778	0.01367	0.01421	0.00970	0.00654	0.00589	0.00175	0.00680	0.00543	0.00530	0.00939
27	0.00809	0.00545	0.00630	0.00652	0.00658	0.00540	0.00377	0.00826	0.00875	0.01167	0.02025	0.16271	0.02361	0.66986	0.02551	0.00501	0.00518	0.00963	0.00377	0.00366
28	0.00770	0.00653	0.00804	0.13493	0.01313	0.00624	0.00646	0.00978	0.01340	0.01681	0.19049	0.04600	0.49506	0.01248	0.00659	0.00190	0.00364	0.01057	0.00505	0.00519
29	0.00718	0.00588	0.00641	0.00670	0.00844	0.00511	0.00521	0.00880	0.01294	0.01568	0.05183	0.09974	0.59848	0.01490	0.00698	0.00207	0.00331	0.13014	0.00530	0.00489
30	0.01169	0.01017	0.01274	0.13689	0.01783	0.00847	0.00828	0.01444	0.01179	0.01797	0.01017	0.01242	0.00833	0.00448	0.00448	0.00102	0.00480	0.00367	0.00325	0.69713
31	0.01002	0.00541	0.00541	0.00541	0.00684	0.00525	0.00406	0.01248	0.01217	0.02035	0.02515	0.02690	0.13804	0.00796	0.00445	0.00143	0.00270	0.00645	0.69427	0.00525
32	0.01343	0.01299	0.01258	0.00951	0.01424	0.13466	0.00748	0.01580	0.01258	0.01787	0.00995	0.01161	0.00829	0.00451	0.00439	0.00095	0.00524	0.00344	0.00332	0.69718
33	0.01266	0.36249	0.10436	0.01397	0.13783	0.01526	0.01109	0.01553	0.01319	0.01750	0.22026	0.01976	0.02073	0.00690	0.00506	0.00153	0.00553	0.00557	0.00359	0.00720
34	0.01108	0.01051	0.01795	0.71902	0.08505	0.01281	0.03381	0.01489	0.01159	0.01496	0.01024	0.01518	0.00774	0.00566	0.00574	0.00189	0.00762	0.00512	0.00257	0.00656
35	0.01109	0.00930	0.01101	0.00825	0.01257	0.00717	0.00651	0.01361	0.01255	0.01923	0.13481	0.04038	0.01687	0.00588	0.00474	0.00105	0.00395	0.00492	0.00393	0.67219
36	0.01680	0.01173	0.04288	0.06196	0.01841	0.01109	0.13819	0.16525	0.01699	0.22356	0.14199	0.04787	0.01940	0.00918	0.03679	0.00213	0.00630	0.01628	0.00524	0.00797
37	0.01912	0.01268	0.01460	0.01158	0.01547	0.01347	0.00945	0.43773	0.02081	0.15145	0.01556	0.02970	0.01167	0.01326	0.14109	0.00299	0.00746	0.00550	0.00532	0.06107
38	0.01299	0.01455	0.10021	0.14559	0.02649	0.03619	0.37303	0.01710	0.01322	0.06497	0.05716	0.08389	0.01381	0.00674	0.00638	0.00192	0.00796	0.00709	0.00346	0.00726
39	0.19213	0.15790	0.01816	0.19222	0.07804	0.01520	0.03896	0.10979	0.01325	0.02019	0.03160	0.03764	0.00994	0.00637	0.00581	0.00176	0.05572	0.00485	0.00338	0.00711
40	0.01458	0.01168	0.02958	0.01168	0.02893	0.03558	0.00942	0.14106	0.27802	0.07080	0.09802	0.03057	0.02215	0.00946	0.00627	0.00198	0.00512	0.16142	0.00553	0.02815
41	0.00994	0.00497	0.00745	0.00745	0.00745	0.00497	0.00497	0.00745	0.00745	0.00994	0.00994	0.01739	0.00994	0.01987	0.02235	0.83358	0.00497	0.00497	0.00248	0.00248
42	0.01355	0.01244	0.01509	0.35215	0.07009	0.12184	0.01214	0.10814	0.01360	0.01679	0.01281	0.03390	0.03896	0.00882	0.00846	0.13931	0.00707	0.00540	0.00319	0.00625
43	0.00931	0.00741	0.00963	0.18994	0.01619	0.00751	0.00790	0.03222	0.02724	0.04670	0.11211	0.06891	0.38035	0.01171	0.00651	0.00195	0.00434	0.04955	0.00485	0.00568
44	0.01648	0.42929	0.02363	0.01177	0.01601	0.12650	0.03910	0.10183	0.12502	0.01785	0.01130	0.01221	0.00931	0.00644	0.01877	0.00161	0.01762	0.00412	0.00342	0.00773
45	0.00919	0.00706	0.00937	0.00913	0.01042	0.00803	0.00693	0.01336	0.13246	0.01534	0.06036	0.02522	0.01790	0.12409	0.51632	0.00713	0.01165	0.00669	0.00376	0.00558
46	0.01592	0.14529	0.06465	0.03839	0.03867	0.21723	0.01037	0.13285	0.01612	0.01987	0.13405	0.01661	0.01563	0.00659	0.00521	0.00149	0.00670	0.00500	0.00386	0.10551

[dist]
# distance from previous block
# <min> <max>
2	12

[block]
# block no. 3 follows, 41 sequences, length 17
# corresponding to MSA columns:
# 167-183
name=unknown_D
#
# <colnr> <probs for GDERKNQSTAVLIFYWHMCP>
#	G	D	E	R	K	N	Q	S	T	A	V	L	I	F	Y	W	H	M	C	P
0	0.01374	0.56196	0.02523	0.01025	0.01432	0.01826	0.06793	0.01550	0.01118	0.01362	0.01018	0.01497	0.00996	0.15069	0.00861	0.00206	0.00623	0.00434	0.00271	0.03827
1	0.01147	0.00697	0.00826	0.00742	0.00977	0.00623	0.00574	0.01420	0.05308	0.17430	0.25383	0.04231	0.36078	0.01178	0.00650	0.00186	0.00333	0.00996	0.00599	0.00623
2	0.02073	0.10857	0.01765	0.01422	0.01737	0.69699	0.01092	0.02224	0.01573	0.01394	0.00875	0.01020	0.00736	0.00579	0.00500	0.00145	0.00987	0.00362	0.00289	0.00671
3	0.08181	0.01712	0.16562	0.16757	0.13093	0.05385	0.04486	0.20957	0.01612	0.02264	0.01153	0.01456	0.00886	0.00607	0.00555	0.00179	0.00722	0.02266	0.00358	0.00808
4	0.01466	0.65693	0.02665	0.00955	0.01447	0.01988	0.00923	0.01663	0.01167	0.01441	0.00836	0.00967	0.00755	0.00477	0.00377	0.00115	0.00577	0.00312	0.00262	0.15914
5	0.01260	0.01304	0.04795	0.44187	0.30221	0.05269	0.01644	0.01625	0.01229	0.01620	0.01032	0.01447	0.00812	0.00549	0.00566	0.00180	0.00749	0.00498	0.00266	0.00744
6	0.01034	0.00994	0.00887	0.00833	0.01017	0.14700	0.00625	0.01284	0.03496	0.01934	0.41674	0.03947	0.23161	0.01126	0.00643	0.00178	0.00420	0.00948	0.00541	0.00557
7	0.01374	0.01275	0.02242	0.04838	0.10266	0.01275	0.31141	0.14951	0.01562	0.02102	0.01676	0.06911	0.01545	0.00823	0.00667	0.00203	0.00740	0.15259	0.00401	0.00751
8	0.01466	0.65693	0.02665	0.00955	0.01447	0.01988	0.00923	0.01663	0.01167	0.01441	0.00836	0.00967	0.00755	0.00477	0.00377	0.00115	0.00577	0.00312	0.00262	0.15914
9	0.01123	0.00656	0.00856	0.00765	0.00960	0.00591	0.00588	0.01376	0.01602	0.15913	0.57823	0.03927	0.09354	0.01103	0.00656	0.00180	0.00311	0.00962	0.00638	0.00616
10	0.00812	0.00652	0.00860	0.00892	0.00938	0.00712	0.00645	0.00925	0.01091	0.01484	0.07412	0.49559	0.09688	0.06001	0.01056	0.00247	0.14757	0.01300	0.00475	0.00494
11	0.00818	0.00559	0.00630	0.00627	0.00651	0.00548	0.00367	0.00847	0.00923	0.01224	0.07086	0.03921	0.08303	0.68276	0.02581	0.00500	0.00514	0.00876	0.00380	0.00371
12	0.00931	0.00590	0.00794	0.00814	0.00931	0.00565	0.00593	0.01099	0.01236	0.09263	0.17715	0.37970	0.07533	0.01995	0.14823	0.00340	0.00553	0.01189	0.00528	0.00541
13	0.00804	0.00606	0.00846	0.00854	0.00943	0.00670	0.00639	0.00970	0.00991	0.01381	0.05181	0.12150	0.07985	0.11225	0.49196	0.00691	0.03188	0.00821	0.00368	0.00490
14	0.01211	0.01146	0.01878	0.18316	0.47647	0.01180	0.01479	0.01524	0.01270	0.01726	0.01930	0.02189	0.14685	0.00695	0.00588	0.00178	0.00625	0.00637	0.00323	0.00773
15	0.03853	0.08449	0.04198	0.01714	0.15386	0.28619	0.01196	0.10820	0.12415	0.04556	0.01230	0.01334	0.00964	0.00615	0.00555	0.00164	0.02297	0.00458	0.00377	0.00801
16	0.01587	0.06448	0.01292	0.00993	0.01337	0.01183	0.00798	0.06631	0.33624	0.15179	0.01964	0.01897	0.01450	0.00691	0.00519	0.00165	0.00443	0.00558	0.15710	0.07530

[dist]
# distance from previous block
# <min> <max>
2	40

[block]
# block no. 4 follows, 41 sequences, length 23
# corresponding to MSA columns:
# 232-254
name=unknown_E
#
# <colnr> <probs for GDERKNQSTAVLIFYWHMCP>
#	G	D	E	R	K	N	Q	S	T	A	V	L	I	F	Y	W	H	M	C	P
0	0.01700	0.01673	0.15404	0.03977	0.05888	0.01486	0.01255	0.42451	0.06178	0.02801	0.01536	0.10212	0.01277	0.00777	0.00585	0.00182	0.00633	0.00630	0.00481	0.00873
1	0.01292	0.00999	0.01081	0.00978	0.01218	0.04468	0.00756	0.13828	0.17564	0.05884	0.21454	0.14931	0.08301	0.01088	0.00639	0.00192	0.00435	0.03619	0.00572	0.00701
2	0.00693	0.00511	0.00650	0.00761	0.00820	0.00468	0.00515	0.00800	0.01129	0.01474	0.03584	0.67434	0.15595	0.01736	0.00721	0.00226	0.00325	0.01558	0.00531	0.00468
3	0.00994	0.00497	0.00745	0.00745	0.00745	0.00497	0.00497	0.00745	0.00745	0.00994	0.00994	0.01739	0.00994	0.01987	0.02235	0.83358	0.00497	0.00497	0.00248	0.00248
4	0.05461	0.09774	0.45633	0.01472	0.06057	0.01295	0.01616	0.01909	0.01274	0.14412	0.01433	0.01510	0.04489	0.00607	0.00530	0.00175	0.00707	0.00474	0.00342	0.00831
5	0.01032	0.00944	0.01580	0.58184	0.03233	0.01118	0.05398	0.01370	0.01160	0.01517	0.01535	0.10548	0.04782	0.00751	0.00593	0.00193	0.00680	0.00679	0.04093	0.00612
6	0.01491	0.01030	0.01313	0.00953	0.01450	0.00809	0.03938	0.01748	0.01291	0.18022	0.01290	0.01366	0.00971	0.00488	0.00467	0.00109	0.00461	0.00405	0.00416	0.61983
7	0.01024	0.00618	0.00821	0.00792	0.00943	0.00566	0.00592	0.01243	0.01475	0.12221	0.44390	0.23564	0.04358	0.01283	0.00680	0.00196	0.00325	0.03719	0.00611	0.00579
8	0.05787	0.04952	0.04802	0.00999	0.01445	0.00968	0.00862	0.06221	0.01556	0.47960	0.04705	0.01936	0.04560	0.00697	0.00544	0.00165	0.00492	0.00557	0.00589	0.10204
9	0.05103	0.05254	0.06501	0.10385	0.02435	0.04542	0.32707	0.03079	0.01317	0.05868	0.01192	0.01567	0.00933	0.00546	0.00577	0.00170	0.00765	0.02907	0.00327	0.13825
10	0.01386	0.43256	0.27052	0.01195	0.01797	0.04353	0.01322	0.01734	0.01195	0.01559	0.00899	0.01047	0.00744	0.00503	0.00436	0.00138	0.00682	0.00350	0.00256	0.10096
11	0.09512	0.00691	0.00872	0.13151	0.01329	0.00720	0.00676	0.01102	0.01253	0.01823	0.28061	0.14383	0.10019	0.12837	0.00966	0.00246	0.00420	0.00946	0.00475	0.00518
12	0.04450	0.05330	0.01440	0.01140	0.01429	0.04498	0.04428	0.02002	0.05010	0.30527	0.04663	0.09926	0.01809	0.00940	0.00782	0.00200	0.11372	0.08775	0.00522	0.00757
13	0.01039	0.00695	0.00871	0.00856	0.00944	0.00718	0.00602	0.12259	0.01226	0.01646	0.04102	0.33303	0.02363	0.11124	0.01401	0.22757	0.02172	0.01010	0.00435	0.00476
14	0.01315	0.00759	0.00973	0.00849	0.01109	0.00680	0.00669	0.01612	0.04653	0.20841	0.32965	0.07651	0.07054	0.01031	0.00629	0.00179	0.00373	0.06056	0.00597	0.10006
15	0.01359	0.07561	0.33136	0.03300	0.06879	0.01465	0.24296	0.09976	0.01418	0.01978	0.01134	0.02833	0.00868	0.00559	0.00581	0.00180	0.00820	0.00533	0.00302	0.00821
16	0.01080	0.00588	0.00607	0.00569	0.00744	0.00559	0.00431	0.01345	0.01198	0.02102	0.01770	0.02026	0.01396	0.00639	0.00403	0.00128	0.00284	0.00511	0.73737	0.09884
17	0.34587	0.01189	0.01198	0.00984	0.01366	0.01293	0.00804	0.21188	0.07955	0.16769	0.06210	0.01557	0.01268	0.00668	0.00493	0.00177	0.00490	0.00490	0.00516	0.00799
18	0.04916	0.04612	0.00841	0.00752	0.00893	0.00643	0.00568	0.01029	0.01337	0.01863	0.34148	0.21105	0.13915	0.01351	0.00749	0.04818	0.00339	0.05075	0.00534	0.00512
19	0.04909	0.05266	0.12486	0.01375	0.08202	0.01119	0.07877	0.07409	0.01319	0.01974	0.01176	0.06049	0.01012	0.00567	0.00502	0.00138	0.00578	0.00488	0.00342	0.37212
20	0.09607	0.01448	0.02355	0.08332	0.05566	0.05121	0.33700	0.10063	0.04760	0.05705	0.01194	0.01456	0.00899	0.00587	0.00692	0.00189	0.06629	0.00566	0.00355	0.00773
21	0.04862	0.01341	0.15522	0.02633	0.01599	0.00965	0.04594	0.05547	0.05681	0.01913	0.01598	0.19045	0.01540	0.00803	0.00546	0.00159	0.00530	0.00694	0.00388	0.30040
22	0.20707	0.01201	0.01579	0.20371	0.10657	0.01347	0.05794	0.13618	0.09586	0.02255	0.01327	0.03184	0.01082	0.00665	0.00542	0.00187	0.00615	0.04145	0.00390	0.00747

[dist]
# distance from previous block
# <min> <max>
5	10

[block]
# block no. 5 follows, 41 sequences, length 6
# corresponding to MSA columns:
# 265-270
name=unknown_F
#
# <colnr> <probs for GDERKNQSTAVLIFYWHMCP>
#	G	D	E	R	K	N	Q	S	T	A	V	L	I	F	Y	W	H	M	C	P
0	0.00720	0.00533	0.00673	0.00739	0.00825	0.00486	0.00516	0.00869	0.01258	0.01676	0.21129	0.48288	0.17026	0.01581	0.00707	0.00213	0.00309	0.01409	0.00555	0.00486
1	0.00936	0.00602	0.00782	0.00771	0.00914	0.00550	0.00576	0.01147	0.01444	0.08794	0.40464	0.23061	0.11180	0.01331	0.00686	0.00199	0.00321	0.05091	0.00597	0.00555
2	0.59188	0.01147	0.01010	0.00859	0.01215	0.01291	0.00698	0.14104	0.01303	0.07811	0.01059	0.01250	0.00826	0.05492	0.00565	0.00199	0.00484	0.00396	0.00415	0.00687
3	0.04104	0.01356	0.08644	0.31473	0.05579	0.01450	0.05074	0.07361	0.08212	0.01802	0.01111	0.01456	0.00872	0.00685	0.00860	0.00201	0.18210	0.00514	0.00314	0.00721
4	0.01472	0.01086	0.01257	0.00964	0.01405	0.00968	0.00769	0.13864	0.07266	0.09785	0.01472	0.07484	0.01225	0.00631	0.00500	0.00129	0.00460	0.00517	0.00449	0.48297
5	0.35806	0.19794	0.01532	0.08004	0.01496	0.01477	0.00855	0.07404	0.01196	0.02094	0.04703	0.01318	0.01008	0.00938	0.07742	0.00237	0.02979	0.00414	0.00343	0.00662

[dist]
# distance from previous block
# <min> <max>
0	1

[block]
# block no. 6 follows, 41 sequences, length 25
# corresponding to MSA columns:
# 272-296
name=unknown_G
#
# <colnr> <probs for GDERKNQSTAVLIFYWHMCP>
#	G	D	E	R	K	N	Q	S	T	A	V	L	I	F	Y	W	H	M	C	P
0	0.01120	0.00728	0.00878	0.00916	0.00997	0.00665	0.00605	0.01147	0.01235	0.07165	0.07317	0.45370	0.03336	0.23784	0.01419	0.00355	0.00484	0.01320	0.00567	0.00595
1	0.01483	0.01154	0.01240	0.01125	0.01415	0.01195	0.00854	0.07595	0.37100	0.05454	0.12217	0.04886	0.18078	0.01132	0.00713	0.00232	0.00487	0.02123	0.00647	0.00870
2	0.02740	0.01130	0.01474	0.01166	0.01615	0.00970	0.00932	0.02893	0.01760	0.74250	0.02437	0.02231	0.01608	0.00852	0.00670	0.00218	0.00563	0.00644	0.00771	0.01077
3	0.01007	0.00744	0.00876	0.00852	0.01001	0.00660	0.00611	0.01151	0.01588	0.02182	0.47978	0.12428	0.20215	0.04760	0.00866	0.00245	0.00377	0.01175	0.00652	0.00631
4	0.01791	0.62410	0.08028	0.01233	0.01731	0.10226	0.01159	0.03423	0.01385	0.01647	0.01065	0.01280	0.00955	0.00659	0.00501	0.00173	0.00744	0.00403	0.00336	0.00851
5	0.01532	0.01239	0.01656	0.01843	0.21586	0.01214	0.03845	0.16130	0.04192	0.02296	0.05264	0.18314	0.02058	0.08107	0.00904	0.00254	0.00619	0.00863	0.00507	0.07575
6	0.01276	0.01089	0.01638	0.13665	0.06881	0.01123	0.12438	0.01505	0.05803	0.01711	0.03564	0.07700	0.01834	0.26793	0.05530	0.00392	0.05137	0.00809	0.00420	0.00693
7	0.01740	0.01499	0.01495	0.01338	0.01681	0.06279	0.01021	0.08673	0.62543	0.02606	0.02342	0.02283	0.01804	0.00899	0.00671	0.00230	0.00580	0.00685	0.00631	0.01002
8	0.81204	0.01258	0.01005	0.00910	0.01274	0.01397	0.00719	0.01826	0.01120	0.02740	0.01029	0.01249	0.00840	0.00681	0.00456	0.00218	0.00520	0.00388	0.00429	0.00736
9	0.01333	0.04211	0.46386	0.01977	0.17108	0.01337	0.06666	0.01928	0.05056	0.06880	0.01189	0.01361	0.00869	0.00554	0.00557	0.00179	0.00770	0.00476	0.00302	0.00862
10	0.01189	0.01042	0.01291	0.01203	0.05202	0.01116	0.06207	0.02184	0.41322	0.02165	0.15047	0.02978	0.14772	0.00920	0.00619	0.00190	0.00444	0.00801	0.00545	0.00763
11	0.00800	0.00637	0.00967	0.04230	0.01165	0.00610	0.07169	0.00964	0.01163	0.01547	0.07451	0.51701	0.07068	0.05922	0.00838	0.00242	0.00426	0.06105	0.00493	0.00502
12	0.00994	0.00497	0.00745	0.00745	0.00745	0.00497	0.00497	0.00745	0.00745	0.00994	0.00994	0.01739	0.00994	0.01987	0.02235	0.83358	0.00497	0.00497	0.00248	0.00248
13	0.01662	0.01706	0.07230	0.07729	0.06813	0.11424	0.16322	0.22588	0.11947	0.02313	0.01307	0.01468	0.00982	0.00625	0.00628	0.00181	0.03303	0.00539	0.00403	0.00831
14	0.04719	0.01355	0.07581	0.10092	0.02175	0.01441	0.20897	0.01528	0.01122	0.01651	0.04121	0.01825	0.01140	0.00808	0.01124	0.00218	0.31694	0.05536	0.00299	0.00672
15	0.01570	0.01256	0.01336	0.01002	0.01479	0.06627	0.00805	0.16268	0.01558	0.08470	0.01183	0.01276	0.00912	0.00513	0.00473	0.00115	0.00515	0.00396	0.00413	0.53833
16	0.03124	0.06151	0.01730	0.12058	0.01965	0.01444	0.07185	0.28025	0.07216	0.05466	0.06672	0.01831	0.04473	0.00793	0.02132	0.00193	0.05473	0.00584	0.00457	0.03028
17	0.05874	0.04347	0.01578	0.02746	0.01653	0.01522	0.00978	0.42612	0.08555	0.02876	0.01303	0.01362	0.00976	0.00637	0.00577	0.00158	0.03736	0.00472	0.00483	0.17555
18	0.01092	0.00793	0.00894	0.00814	0.00974	0.00807	0.00566	0.05499	0.15319	0.04147	0.07142	0.08057	0.03837	0.38882	0.01706	0.00358	0.00486	0.00804	0.00451	0.07372
19	0.53023	0.03377	0.06616	0.02057	0.01318	0.01284	0.00807	0.11539	0.01277	0.02514	0.05261	0.06435	0.01158	0.00672	0.00444	0.00179	0.00490	0.00477	0.00398	0.00673
20	0.19199	0.00957	0.01174	0.15488	0.01746	0.01008	0.00896	0.03463	0.06397	0.19744	0.01795	0.12752	0.01556	0.00841	0.00554	0.00188	0.00507	0.05425	0.00475	0.05836
21	0.01976	0.02383	0.01688	0.05551	0.07020	0.59133	0.01184	0.06180	0.01585	0.01557	0.00923	0.01117	0.00764	0.00616	0.00616	0.00159	0.06148	0.00402	0.00304	0.00693
22	0.07394	0.01072	0.01396	0.01113	0.01490	0.01063	0.05906	0.14148	0.07701	0.33758	0.12232	0.02200	0.01873	0.00899	0.03473	0.00209	0.00547	0.02091	0.00593	0.00843
23	0.01972	0.01553	0.01584	0.01263	0.01668	0.06681	0.01024	0.54790	0.12137	0.03201	0.06961	0.01664	0.01385	0.00728	0.00577	0.00174	0.00606	0.00561	0.00559	0.00911
24	0.00950	0.02764	0.00819	0.00753	0.00916	0.00605	0.00568	0.01144	0.03149	0.08036	0.24354	0.18080	0.24210	0.01371	0.00779	0.05950	0.00345	0.04119	0.00548	0.00540

[dist]
# distance from previous block
# <min> <max>
8	12

[block]
# block no. 7 follows, 41 sequences, length 11
# corresponding to MSA columns:
# 309-319
name=unknown_H
#
# <colnr> <probs for GDERKNQSTAVLIFYWHMCP>
#	G	D	E	R	K	N	Q	S	T	A	V	L	I	F	Y	W	H	M	C	P
0	0.01734	0.54452	0.02549	0.01129	0.01568	0.20607	0.01019	0.08206	0.01408	0.01556	0.00867	0.00985	0.00756	0.00531	0.00421	0.00133	0.00716	0.00339	0.00286	0.00738
1	0.47340	0.06231	0.01260	0.07701	0.01535	0.05094	0.00836	0.10869	0.01327	0.11550	0.01070	0.01165	0.00786	0.00576	0.00436	0.00173	0.00539	0.00388	0.00406	0.00718
2	0.01529	0.80242	0.02997	0.00979	0.01468	0.02263	0.00979	0.01713	0.01162	0.01346	0.00795	0.00918	0.00734	0.00489	0.00367	0.00122	0.00612	0.00306	0.00245	0.00734
3	0.55863	0.07689	0.06042	0.05495	0.07196	0.06215	0.00916	0.01724	0.01079	0.02230	0.00850	0.01023	0.00673	0.00533	0.00406	0.00171	0.00555	0.00347	0.00323	0.00669
4	0.01257	0.00737	0.00958	0.00944	0.04902	0.00678	0.00673	0.01537	0.05196	0.20114	0.26096	0.15475	0.16819	0.01152	0.00649	0.00190	0.00366	0.01001	0.00595	0.00660
5	0.14979	0.01487	0.12185	0.04040	0.06661	0.01193	0.13674	0.06146	0.01314	0.02109	0.01085	0.01320	0.00856	0.00532	0.00519	0.00157	0.00637	0.00449	0.00345	0.30310
6	0.01552	0.73986	0.08390	0.01062	0.01578	0.02214	0.01082	0.01754	0.01199	0.01432	0.00868	0.01016	0.00785	0.00530	0.00404	0.00137	0.00646	0.00333	0.00263	0.00769
7	0.00801	0.00578	0.00719	0.00771	0.00847	0.00532	0.00525	0.00922	0.01254	0.01697	0.22888	0.42190	0.10339	0.11908	0.01019	0.00267	0.00360	0.01333	0.00550	0.00500
8	0.01148	0.00659	0.00851	0.00867	0.01017	0.00593	0.00633	0.01282	0.01305	0.16703	0.07421	0.46385	0.11260	0.01513	0.00715	0.00225	0.00387	0.05842	0.00588	0.00606
9	0.00818	0.00592	0.00742	0.00775	0.00867	0.00545	0.00544	0.00971	0.01342	0.01832	0.33102	0.32682	0.10295	0.09081	0.00937	0.00249	0.00349	0.03192	0.00570	0.00516
10	0.00815	0.00580	0.00707	0.00751	0.00813	0.00542	0.00496	0.00909	0.01177	0.01588	0.18028	0.35471	0.09448	0.24345	0.01369	0.00321	0.00400	0.01247	0.00514	0.00476

[dist]
# distance from previous block
# <min> <max>
1	14

[block]
# block no. 8 follows, 41 sequences, length 22
# corresponding to MSA columns:
# 334-355
name=unknown_I
#
# <colnr> <probs for GDERKNQSTAVLIFYWHMCP>
#	G	D	E	R	K	N	Q	S	T	A	V	L	I	F	Y	W	H	M	C	P
0	0.04502	0.01729	0.06654	0.19026	0.07109	0.16741	0.11665	0.19413	0.01643	0.02104	0.01085	0.01336	0.00825	0.00596	0.00605	0.00177	0.03176	0.00493	0.00349	0.00771
1	0.41249	0.00971	0.00893	0.00822	0.01099	0.01065	0.00644	0.10430	0.04268	0.02312	0.02144	0.17791	0.12410	0.00953	0.00514	0.00191	0.00421	0.00750	0.00452	0.00623
2	0.01208	0.00863	0.01114	0.00985	0.01163	0.00956	0.00777	0.13384	0.01466	0.07073	0.24182	0.02647	0.02512	0.05189	0.24612	0.00429	0.09616	0.00719	0.00471	0.00634
3	0.00806	0.00619	0.00705	0.00725	0.00839	0.00597	0.00502	0.01072	0.08923	0.01581	0.10076	0.25861	0.25157	0.18540	0.01168	0.00282	0.00375	0.01171	0.00505	0.00497
4	0.00824	0.00640	0.00903	0.00912	0.00984	0.00732	0.00686	0.00979	0.00969	0.01360	0.02052	0.21455	0.05098	0.07981	0.43574	0.00633	0.08460	0.00891	0.00368	0.00499
5	0.02205	0.01553	0.01686	0.01293	0.01749	0.01701	0.01068	0.68812	0.02607	0.09332	0.01442	0.01418	0.01007	0.00688	0.00572	0.00172	0.00618	0.00520	0.00583	0.00973
6	0.81373	0.01122	0.00868	0.00770	0.01127	0.01299	0.00634	0.03964	0.01027	0.02599	0.00815	0.00943	0.00631	0.00536	0.00361	0.00177	0.00448	0.00316	0.00361	0.00631
7	0.15145	0.01359	0.01672	0.08941	0.16537	0.01541	0.01196	0.29474	0.06063	0.02586	0.01178	0.01355	0.00904	0.00654	0.00673	0.00184	0.08807	0.00486	0.00416	0.00830
8	0.01492	0.07523	0.01520	0.09287	0.01780	0.06789	0.01008	0.07191	0.52050	0.02220	0.01910	0.01851	0.01445	0.00714	0.00559	0.00183	0.00549	0.00578	0.00501	0.00851
9	0.83938	0.01106	0.00841	0.00752	0.01106	0.01283	0.00619	0.01681	0.00973	0.02566	0.00796	0.00929	0.00619	0.00531	0.00354	0.00177	0.00442	0.00310	0.00354	0.00619
10	0.01406	0.27967	0.02300	0.04078	0.04779	0.01727	0.11205	0.07380	0.07072	0.01745	0.04240	0.02767	0.01128	0.00783	0.02746	0.00197	0.16902	0.00517	0.00329	0.00734
11	0.01303	0.01403	0.02969	0.07177	0.02808	0.01339	0.61776	0.01756	0.01321	0.01839	0.01222	0.01604	0.00924	0.00507	0.00639	0.00186	0.00878	0.00649	0.08961	0.00738
12	0.00721	0.00572	0.00651	0.00673	0.00824	0.00502	0.00502	0.00889	0.01329	0.01682	0.18318	0.17730	0.46009	0.01462	0.00692	0.00202	0.00309	0.05892	0.00549	0.00493
13	0.71367	0.01120	0.00974	0.08928	0.01435	0.01305	0.00743	0.05118	0.01073	0.02500	0.00847	0.01013	0.00651	0.00543	0.00387	0.00178	0.00485	0.00340	0.00354	0.00638
14	0.01570	0.02432	0.01565	0.07986	0.09532	0.02715	0.01082	0.21302	0.07284	0.08076	0.01516	0.10268	0.01308	0.00802	0.00747	0.00182	0.11118	0.00628	0.00444	0.09444
15	0.01284	0.09543	0.06672	0.29215	0.07173	0.01385	0.03278	0.04621	0.18822	0.01843	0.01366	0.03000	0.01074	0.00618	0.00544	0.00173	0.00637	0.00526	0.00357	0.07869
16	0.37154	0.06861	0.01053	0.00809	0.01098	0.01089	0.00663	0.03258	0.01267	0.08086	0.19652	0.02321	0.09769	0.00816	0.00552	0.00178	0.03672	0.00612	0.00460	0.00631
17	0.03169	0.01500	0.01569	0.01266	0.01631	0.06357	0.01034	0.50030	0.07054	0.03026	0.07145	0.01797	0.01412	0.00779	0.00684	0.00182	0.06735	0.03234	0.00530	0.00866
18	0.00736	0.00543	0.00697	0.00776	0.00860	0.00495	0.00542	0.00874	0.01196	0.01600	0.12663	0.56418	0.11438	0.01617	0.00708	0.00217	0.00330	0.04180	0.00536	0.03571
19	0.50754	0.12321	0.01271	0.00887	0.01258	0.10479	0.00737	0.01781	0.03955	0.02183	0.00912	0.01039	0.00734	0.00537	0.00391	0.00158	0.00531	0.00338	0.02601	0.07133
20	0.06452	0.00835	0.02978	0.00862	0.01071	0.00808	0.00680	0.07016	0.10511	0.04025	0.35651	0.15390	0.04814	0.01107	0.00629	0.00189	0.00367	0.02247	0.03741	0.00628
21	0.11430	0.34180	0.05146	0.13713	0.01849	0.06384	0.01030	0.01685	0.03757	0.01641	0.01136	0.01304	0.03939	0.00559	0.00443	0.00145	0.00611	0.00402	0.00297	0.10349

[dist]
# distance from previous block
# <min> <max>
3	20

[block]
# block no. 9 follows, 41 sequences, length 14
# corresponding to MSA columns:
# 376-389
name=unknown_J
#
# <colnr> <probs for GDERKNQSTAVLIFYWHMCP>
#	G	D	E	R	K	N	Q	S	T	A	V	L	I	F	Y	W	H	M	C	P
0	0.01638	0.01224	0.01497	0.08297	0.16227	0.01247	0.01087	0.06433	0.17610	0.02466	0.02016	0.02333	0.01628	0.00882	0.00656	0.00228	0.00585	0.00661	0.32376	0.00910
1	0.11349	0.09645	0.11687	0.01267	0.01739	0.01274	0.01111	0.02386	0.01642	0.37481	0.09688	0.02306	0.01872	0.00915	0.00682	0.00235	0.00640	0.00649	0.00643	0.02788
2	0.04316	0.01576	0.01663	0.01469	0.07665	0.08815	0.01104	0.42864	0.10924	0.07080	0.01417	0.01452	0.01042	0.00691	0.00639	0.00177	0.05182	0.00514	0.00508	0.00901
3	0.40682	0.01288	0.01238	0.01006	0.01397	0.01434	0.00823	0.32435	0.01740	0.08061	0.01181	0.01296	0.00881	0.03569	0.00558	0.00189	0.00530	0.00435	0.00471	0.00784
4	0.00903	0.00561	0.00739	0.00803	0.00897	0.00513	0.00560	0.01031	0.01210	0.09342	0.09498	0.61024	0.07512	0.01609	0.00708	0.00220	0.00341	0.01444	0.00559	0.00526
5	0.00918	0.00572	0.00708	0.00703	0.00804	0.00602	0.00516	0.01118	0.01087	0.01704	0.09431	0.02666	0.01966	0.15166	0.27461	0.00480	0.00752	0.00663	0.32188	0.00497
6	0.60943	0.01195	0.01057	0.00888	0.01270	0.01344	0.00732	0.16124	0.01370	0.08999	0.01036	0.01107	0.00759	0.00579	0.00417	0.00177	0.00484	0.00374	0.00428	0.00720
7	0.00899	0.00617	0.00842	0.05935	0.01054	0.00669	0.00631	0.01028	0.01048	0.01516	0.10928	0.12401	0.02186	0.12436	0.19462	0.11344	0.03988	0.00787	0.11760	0.00470
8	0.06761	0.01435	0.01567	0.01203	0.01657	0.01526	0.00991	0.53650	0.02312	0.13942	0.01440	0.01419	0.01009	0.00660	0.00549	0.00166	0.00581	0.00498	0.00560	0.08075
9	0.00779	0.00559	0.00744	0.00802	0.00892	0.00525	0.00590	0.00971	0.01347	0.01847	0.33690	0.37839	0.04393	0.01503	0.00716	0.00215	0.00334	0.11175	0.00573	0.00506
10	0.05657	0.01080	0.01798	0.02340	0.40889	0.01077	0.07087	0.01453	0.01193	0.01745	0.08821	0.01776	0.01377	0.00925	0.00967	0.19640	0.00605	0.00565	0.00316	0.00690
11	0.25104	0.12971	0.10016	0.13026	0.05757	0.09394	0.07027	0.07199	0.01296	0.02006	0.00953	0.01170	0.00745	0.00547	0.00480	0.00170	0.00689	0.00413	0.00313	0.00722
12	0.00715	0.00534	0.00664	0.00735	0.00823	0.00484	0.00512	0.00855	0.01238	0.01630	0.16662	0.49103	0.20746	0.01604	0.00709	0.00215	0.00312	0.01425	0.00549	0.00484
13	0.01403	0.00994	0.08946	0.01033	0.01289	0.00862	0.00896	0.01605	0.01135	0.23013	0.01609	0.02033	0.01311	0.06850	0.31781	0.07170	0.06424	0.00579	0.00410	0.00658

[dist]
# distance from previous block
# <min> <max>
6	12

[block]
# block no. 10 follows, 41 sequences, length 19
# corresponding to MSA columns:
# 406-424
name=unknown_K
#
# <colnr> <probs for GDERKNQSTAVLIFYWHMCP>
#	G	D	E	R	K	N	Q	S	T	A	V	L	I	F	Y	W	H	M	C	P
0	0.10848	0.04266	0.03893	0.01022	0.01408	0.07777	0.02713	0.05577	0.01330	0.11824	0.01651	0.08215	0.06222	0.00725	0.00575	0.00153	0.04395	0.00566	0.00415	0.26426
1	0.00744	0.00518	0.00650	0.00736	0.00758	0.00496	0.00466	0.00809	0.01003	0.01337	0.02680	0.53021	0.03187	0.29109	0.01493	0.00345	0.00410	0.01348	0.00466	0.00423
2	0.01386	0.01564	0.09612	0.10677	0.52023	0.05104	0.07810	0.01764	0.01297	0.01796	0.01062	0.01398	0.00862	0.00521	0.00571	0.00174	0.00745	0.00508	0.00277	0.00850
3	0.01420	0.01659	0.14017	0.15821	0.28552	0.04872	0.10830	0.09583	0.04117	0.01967	0.01137	0.01422	0.00877	0.00555	0.00576	0.00178	0.00759	0.00516	0.00315	0.00828
4	0.01497	0.73791	0.09169	0.01033	0.01552	0.02185	0.01073	0.01721	0.01166	0.01385	0.00815	0.00942	0.00733	0.00494	0.00382	0.00127	0.00631	0.00316	0.00244	0.00743
5	0.01203	0.01058	0.01443	0.04115	0.12761	0.00900	0.04364	0.03276	0.01257	0.01881	0.03908	0.06590	0.01218	0.00570	0.00496	0.00122	0.00493	0.00502	0.00354	0.53488
6	0.01197	0.07227	0.05038	0.06505	0.01553	0.01244	0.03201	0.12749	0.01310	0.01799	0.03012	0.22324	0.01762	0.01449	0.10010	0.00292	0.17479	0.00813	0.00390	0.00646
7	0.00948	0.00497	0.00733	0.00753	0.00758	0.00492	0.00502	0.00753	0.00799	0.01065	0.01325	0.13687	0.01422	0.01957	0.02004	0.70589	0.00471	0.00670	0.00292	0.00282
8	0.01165	0.02850	0.71887	0.01758	0.07472	0.01330	0.02089	0.01808	0.01214	0.01815	0.01030	0.01222	0.00737	0.00541	0.00545	0.00180	0.00834	0.00429	0.00244	0.00849
9	0.09407	0.09768	0.08140	0.13772	0.19380	0.07481	0.01332	0.15526	0.01518	0.02114	0.04121	0.01393	0.01004	0.00598	0.00550	0.00170	0.02117	0.00473	0.00347	0.00787
10	0.01256	0.03198	0.01200	0.09677	0.05068	0.06798	0.00955	0.01547	0.04185	0.11059	0.04802	0.11709	0.07375	0.01170	0.00670	0.00214	0.00550	0.27445	0.00488	0.00635
11	0.01143	0.00721	0.00857	0.00822	0.01002	0.00688	0.00601	0.07357	0.04845	0.12989	0.03339	0.32910	0.20282	0.08635	0.00876	0.00238	0.00396	0.01155	0.00546	0.00598
12	0.02005	0.15995	0.01876	0.01370	0.01708	0.52787	0.01086	0.10852	0.01645	0.01656	0.00923	0.01060	0.00765	0.00598	0.00543	0.00149	0.03572	0.00380	0.00318	0.00711
13	0.05824	0.04544	0.01436	0.03024	0.01513	0.11898	0.00933	0.05638	0.08555	0.30265	0.01954	0.01908	0.07390	0.00779	0.00739	0.00184	0.11546	0.00567	0.00506	0.00799
14	0.01518	0.01221	0.01349	0.01156	0.01462	0.01392	0.00919	0.19494	0.39774	0.04151	0.09619	0.02233	0.04899	0.00840	0.00701	0.00192	0.07014	0.00664	0.00557	0.00845
15	0.05632	0.04971	0.01378	0.01110	0.01459	0.01400	0.00883	0.13507	0.45851	0.07408	0.03818	0.01977	0.01584	0.03574	0.00641	0.00195	0.00487	0.00598	0.00548	0.02980
16	0.25574	0.03978	0.01434	0.07287	0.01537	0.01478	0.01010	0.01517	0.02868	0.01794	0.00889	0.01238	0.00780	0.00890	0.03892	0.00232	0.36693	0.00438	0.01784	0.04687
17	0.06858	0.00976	0.01377	0.45481	0.04620	0.04676	0.01196	0.01349	0.01114	0.01510	0.01409	0.13406	0.01352	0.07556	0.04562	0.00260	0.00706	0.00688	0.00316	0.00587
18	0.00858	0.00674	0.00916	0.06083	0.01205	0.00645	0.02571	0.01119	0.03190	0.01822	0.24908	0.20383	0.13267	0.01300	0.00683	0.00203	0.00396	0.13803	0.00525	0.05448

[dist]
# distance from previous block
# <min> <max>
3	8

[block]
# block no. 11 follows, 41 sequences, length 11
# corresponding to MSA columns:
# 434-444
name=unknown_L
#
# <colnr> <probs for GDERKNQSTAVLIFYWHMCP>
#	G	D	E	R	K	N	Q	S	T	A	V	L	I	F	Y	W	H	M	C	P
0	0.51098	0.04884	0.08478	0.05891	0.01496	0.01240	0.00871	0.01768	0.01101	0.09611	0.00997	0.01118	0.00744	0.00540	0.00415	0.00167	0.00513	0.00362	0.00365	0.08341
1	0.12077	0.08110	0.01212	0.00869	0.01186	0.00924	0.00704	0.01938	0.01433	0.34696	0.20746	0.02481	0.02330	0.07913	0.00764	0.00207	0.00443	0.00658	0.00569	0.00740
2	0.00938	0.00755	0.00965	0.15508	0.01501	0.00772	0.00757	0.08262	0.01467	0.01917	0.22451	0.12824	0.27359	0.01175	0.00652	0.00192	0.00413	0.01011	0.00508	0.00573
3	0.01144	0.01125	0.02034	0.48378	0.09967	0.01274	0.16248	0.01514	0.01188	0.01570	0.01191	0.06977	0.01008	0.00648	0.00646	0.00194	0.03316	0.00620	0.00283	0.00675
4	0.00979	0.00772	0.01073	0.07955	0.01337	0.00891	0.00834	0.06008	0.01167	0.01620	0.08609	0.10256	0.02097	0.08738	0.28925	0.00500	0.09474	0.07824	0.00390	0.00552
5	0.00761	0.00580	0.00855	0.00902	0.00985	0.00544	0.05087	0.00912	0.01179	0.01586	0.10853	0.62644	0.03750	0.01633	0.00724	0.00226	0.00375	0.05382	0.00526	0.00495
6	0.01094	0.00843	0.01209	0.15918	0.09062	0.00892	0.01010	0.01510	0.09401	0.05896	0.11652	0.13002	0.05311	0.01117	0.00666	0.00211	0.00511	0.19570	0.00481	0.00643
7	0.01593	0.01380	0.01593	0.01732	0.18827	0.12019	0.01131	0.04046	0.19317	0.11190	0.09704	0.01893	0.01624	0.00749	0.00741	0.00185	0.10432	0.00588	0.00451	0.00806
8	0.00955	0.08726	0.08168	0.01120	0.08420	0.00857	0.00863	0.01230	0.01402	0.01923	0.35758	0.11919	0.09485	0.01099	0.00636	0.00186	0.00422	0.05727	0.00496	0.00609
9	0.01243	0.09142	0.14310	0.01275	0.01850	0.01127	0.14376	0.01600	0.01217	0.01799	0.01022	0.01229	0.00820	0.00461	0.00484	0.00124	0.00610	0.00411	0.00305	0.46597
10	0.47146	0.01158	0.06030	0.00894	0.01228	0.01177	0.00763	0.01848	0.15227	0.04180	0.06005	0.01498	0.01206	0.00766	0.00620	0.08273	0.00467	0.00453	0.00406	0.00657

[dist]
# distance from previous block
# <min> <max>
0	4

[block]
# block no. 12 follows, 41 sequences, length 30
# corresponding to MSA columns:
# 449-478
name=unknown_M
#
# <colnr> <probs for GDERKNQSTAVLIFYWHMCP>
#	G	D	E	R	K	N	Q	S	T	A	V	L	I	F	Y	W	H	M	C	P
0	0.01606	0.08163	0.19970	0.01535	0.08410	0.02566	0.06586	0.17725	0.05056	0.09163	0.01269	0.01369	0.00936	0.00572	0.00534	0.00160	0.00663	0.00471	0.00395	0.12852
1	0.01764	0.42793	0.02388	0.01320	0.05895	0.25831	0.01078	0.08255	0.01442	0.01591	0.00889	0.01029	0.00766	0.00550	0.00475	0.00140	0.02402	0.00360	0.00291	0.00740
2	0.00726	0.00525	0.00669	0.00748	0.00810	0.00487	0.00507	0.00849	0.01179	0.01576	0.15417	0.53259	0.10735	0.08602	0.00910	0.00249	0.00337	0.01417	0.00531	0.00468
3	0.00705	0.00501	0.00661	0.00786	0.00817	0.00470	0.00519	0.00799	0.01079	0.01438	0.03068	0.74776	0.03676	0.06687	0.00867	0.00252	0.00346	0.01576	0.00519	0.00457
4	0.00875	0.00567	0.00722	0.00767	0.00879	0.00512	0.00543	0.01018	0.01254	0.08286	0.13820	0.48799	0.16712	0.01546	0.00699	0.00213	0.00329	0.01374	0.00561	0.00524
5	0.00912	0.00739	0.01104	0.07809	0.01347	0.00728	0.07106	0.01277	0.05224	0.02184	0.59129	0.03683	0.04406	0.01036	0.00661	0.00183	0.00384	0.00937	0.00564	0.00587
6	0.27796	0.01320	0.01423	0.01370	0.10759	0.01461	0.00979	0.26665	0.14379	0.06437	0.01361	0.01397	0.01007	0.00632	0.00504	0.00177	0.00539	0.00475	0.00476	0.00841
7	0.06078	0.08360	0.01735	0.05477	0.01795	0.01665	0.01053	0.51377	0.04580	0.10181	0.01389	0.01399	0.00990	0.00660	0.00544	0.00170	0.00607	0.00496	0.00529	0.00914
8	0.01484	0.10522	0.40110	0.05817	0.05872	0.09689	0.01660	0.14646	0.01510	0.02019	0.01050	0.01216	0.00782	0.00568	0.00530	0.00170	0.00790	0.00430	0.00309	0.00828
9	0.06052	0.02651	0.09205	0.01114	0.01548	0.01141	0.00986	0.14347	0.11812	0.34815	0.04975	0.05694	0.01546	0.00757	0.00570	0.00181	0.00526	0.00613	0.00582	0.00886
10	0.01083	0.00646	0.00742	0.00704	0.00856	0.00644	0.00523	0.04341	0.05036	0.05703	0.20469	0.09631	0.02688	0.06918	0.02192	0.00207	0.00354	0.00786	0.35904	0.00572
11	0.01342	0.04243	0.18296	0.01142	0.03610	0.00971	0.01074	0.07995	0.01573	0.14233	0.29861	0.02919	0.02841	0.00900	0.00615	0.00183	0.00511	0.06443	0.00517	0.00733
12	0.00727	0.00519	0.00699	0.00831	0.00878	0.00491	0.00584	0.00849	0.01125	0.01494	0.03136	0.69655	0.03717	0.01763	0.00738	0.00236	0.00358	0.11196	0.00530	0.00473
