[name]
unknown

[dist]
# distance from previous block
# <min> <max>
4	98

[block]
# block no. 0 follows, 41 sequences, length 11
# corresponding to MSA columns:
# 118-128
name=unknown_A
#
# <colnr> <probs for GDERKNQSTAVLIFYWHMCP>
#	G	D	E	R	K	N	Q	S	T	A	V	L	I	F	Y	W	H	M	C	P
0	0.01617	0.01305	0.01402	0.01185	0.01471	0.06279	0.00955	0.35913	0.06144	0.02651	0.12288	0.09109	0.02033	0.00950	0.00745	0.00193	0.08438	0.06024	0.00524	0.00774
1	0.06199	0.01215	0.01543	0.30763	0.02456	0.01395	0.01202	0.32299	0.01788	0.02436	0.01372	0.01973	0.01132	0.04591	0.00694	0.00206	0.00657	0.06903	0.00423	0.00753
2	0.40635	0.01354	0.01245	0.01019	0.01410	0.03854	0.00835	0.34278	0.01779	0.02946	0.01303	0.01356	0.04476	0.00648	0.00473	0.00174	0.00537	0.00448	0.00459	0.00773
3	0.07482	0.01323	0.01877	0.42274	0.03020	0.08154	0.11568	0.08945	0.01340	0.01800	0.01026	0.01406	0.00785	0.00598	0.00654	0.00188	0.06065	0.00505	0.00302	0.00689
4	0.00896	0.00650	0.00886	0.01004	0.01142	0.00640	0.00871	0.01147	0.01315	0.01694	0.03317	0.06353	0.10878	0.01566	0.00778	0.00256	0.00502	0.65054	0.00527	0.00522
5	0.01168	0.01137	0.01734	0.39178	0.02694	0.01517	0.01416	0.01418	0.01007	0.01418	0.00881	0.01385	0.00757	0.00791	0.01239	0.00221	0.40653	0.00504	0.00252	0.00630
6	0.01661	0.01107	0.01168	0.00953	0.01261	0.01199	0.00769	0.40571	0.01999	0.02923	0.01601	0.01725	0.01201	0.00677	0.00492	0.00154	0.00461	0.00523	0.38783	0.00769
7	0.01593	0.72165	0.02854	0.01030	0.01499	0.10113	0.00992	0.01772	0.01210	0.01351	0.00804	0.00929	0.00734	0.00500	0.00383	0.00125	0.00655	0.00312	0.00250	0.00727
8	0.44958	0.01102	0.01253	0.32414	0.02301	0.01310	0.01044	0.06295	0.01154	0.02184	0.00923	0.01200	0.00700	0.00558	0.00457	0.00182	0.00585	0.00404	0.00327	0.00649
9	0.00869	0.00621	0.00753	0.00733	0.00805	0.00642	0.00491	0.01085	0.06633	0.01513	0.18920	0.03509	0.02717	0.43896	0.13968	0.00498	0.00635	0.00830	0.00423	0.00459
10	0.01643	0.48152	0.02370	0.01064	0.01497	0.01932	0.00967	0.23865	0.01623	0.02048	0.01209	0.08974	0.01114	0.00681	0.00466	0.00149	0.00589	0.00503	0.00374	0.00780

[dist]
# distance from previous block
# <min> <max>
6	18

[block]
# block no. 1 follows, 41 sequences, length 10
# corresponding to MSA columns:
# 149-158
name=unknown_B
#
# <colnr> <probs for GDERKNQSTAVLIFYWHMCP>
#	G	D	E	R	K	N	Q	S	T	A	V	L	I	F	Y	W	H	M	C	P
0	0.01767	0.01034	0.01235	0.01019	0.01391	0.01019	0.00812	0.02527	0.29510	0.30965	0.10135	0.02174	0.01901	0.00748	0.00569	0.00172	0.00442	0.00622	0.00605	0.11352
1	0.01076	0.00788	0.00940	0.00898	0.01065	0.00788	0.00656	0.17345	0.01511	0.02052	0.11783	0.44537	0.03112	0.05000	0.00771	0.00219	0.00406	0.01192	0.00533	0.05328
2	0.01184	0.11462	0.61301	0.09037	0.02505	0.01428	0.01935	0.01766	0.01196	0.01725	0.01000	0.01206	0.00729	0.00540	0.00526	0.00175	0.00811	0.00418	0.00243	0.00812
3	0.01409	0.46212	0.08214	0.06564	0.02002	0.01920	0.15152	0.01692	0.01171	0.01483	0.00892	0.01133	0.00763	0.00550	0.00606	0.00158	0.08676	0.00418	0.00254	0.00732
4	0.08118	0.73915	0.02825	0.00961	0.01439	0.02185	0.00950	0.01710	0.01147	0.01443	0.00795	0.00918	0.00725	0.00493	0.00366	0.00127	0.00598	0.00306	0.00253	0.00725
5	0.01161	0.13237	0.06226	0.00831	0.01033	0.00895	0.00667	0.01291	0.01089	0.11036	0.04808	0.16005	0.02117	0.35351	0.01588	0.00343	0.00525	0.00834	0.00413	0.00549
6	0.00828	0.00667	0.00995	0.25459	0.01802	0.00727	0.00853	0.01010	0.01092	0.01435	0.02377	0.49299	0.02701	0.07037	0.00837	0.00242	0.00485	0.01214	0.00430	0.00510
7	0.01414	0.01614	0.17598	0.19063	0.29693	0.01367	0.01651	0.08808	0.01378	0.06004	0.01128	0.01412	0.00863	0.00585	0.00635	0.00182	0.04962	0.00495	0.00318	0.00829
8	0.02202	0.00984	0.01320	0.01160	0.06551	0.00893	0.00870	0.02547	0.08101	0.57679	0.02526	0.02273	0.08675	0.00772	0.00585	0.00180	0.00478	0.00638	0.00650	0.00915
9	0.01279	0.01182	0.01938	0.45708	0.30328	0.01338	0.01615	0.06593	0.01308	0.01758	0.01063	0.01474	0.00830	0.00557	0.00570	0.00182	0.00723	0.00509	0.00287	0.00758

[dist]
# distance from previous block
# <min> <max>
0	2

[block]
# block no. 2 follows, 41 sequences, length 7
# corresponding to MSA columns:
# 161-167
name=unknown_C
#
# <colnr> <probs for GDERKNQSTAVLIFYWHMCP>
#	G	D	E	R	K	N	Q	S	T	A	V	L	I	F	Y	W	H	M	C	P
0	0.01995	0.02305	0.01564	0.01394	0.01712	0.54228	0.01063	0.09919	0.16732	0.01831	0.01229	0.01291	0.00967	0.00637	0.00535	0.00159	0.00872	0.00440	0.00382	0.00745
1	0.01313	0.01255	0.02137	0.26370	0.54270	0.01332	0.01705	0.01666	0.01254	0.01745	0.01058	0.01449	0.00862	0.00529	0.00568	0.00176	0.00705	0.00509	0.00274	0.00824
2	0.01353	0.01295	0.02208	0.17607	0.62727	0.01342	0.01724	0.01700	0.01273	0.01792	0.01065	0.01436	0.00879	0.00521	0.00567	0.00174	0.00695	0.00509	0.00278	0.00855
3	0.00722	0.00515	0.00688	0.00794	0.00831	0.00500	0.00534	0.00824	0.01052	0.01413	0.02852	0.64143	0.03371	0.09278	0.09272	0.00337	0.00483	0.01443	0.00490	0.00459
4	0.01003	0.00757	0.01041	0.00982	0.01118	0.00888	0.00775	0.09019	0.01121	0.01614	0.01480	0.02084	0.01339	0.03526	0.60972	0.00760	0.06300	0.00591	0.04059	0.00569
5	0.01385	0.35133	0.36479	0.01396	0.02039	0.06819	0.06032	0.01803	0.01225	0.01591	0.00928	0.01095	0.00738	0.00520	0.00476	0.00155	0.00768	0.00386	0.00249	0.00782
6	0.00870	0.00579	0.00753	0.00753	0.00830	0.00630	0.00540	0.01024	0.00947	0.01418	0.01680	0.02684	0.01637	0.26817	0.39594	0.00654	0.00985	0.00665	0.16475	0.00465

[dist]
# distance from previous block
# <min> <max>
17	198

# created by:
# /software/SequenceAnalysis/GenePrediction/augustus/3.0.1/scripts/msa2prfl.pl ./fixed/BUSCOvEOG7ZKM2N.fas
