[name]
unknown

[dist]
# distance from previous block
# <min> <max>
2	97

[block]
# block no. 0 follows, 40 sequences, length 63
# corresponding to MSA columns:
# 105-167
name=unknown_A
#
# <colnr> <probs for GDERKNQSTAVLIFYWHMCP>
#	G	D	E	R	K	N	Q	S	T	A	V	L	I	F	Y	W	H	M	C	P
0	0.01608	0.01439	0.08858	0.01454	0.08725	0.01397	0.01132	0.08793	0.46641	0.10405	0.02026	0.01922	0.01489	0.00725	0.00585	0.00190	0.00540	0.00603	0.00542	0.00928
1	0.01898	0.01142	0.05025	0.04872	0.05452	0.00988	0.04582	0.02335	0.09930	0.38412	0.03330	0.02051	0.05681	0.00707	0.00577	0.00173	0.00532	0.00599	0.00559	0.11154
2	0.00816	0.00617	0.00745	0.00704	0.00867	0.00561	0.00531	0.02738	0.01578	0.02142	0.53589	0.04639	0.25810	0.01260	0.00684	0.00187	0.00289	0.01090	0.00610	0.00542
3	0.03504	0.01390	0.06172	0.01206	0.01588	0.01444	0.01006	0.15972	0.49686	0.04416	0.05703	0.02041	0.01713	0.00769	0.00586	0.00191	0.00510	0.00628	0.00568	0.00906
4	0.10635	0.01522	0.01632	0.05938	0.01852	0.01703	0.01078	0.58674	0.05864	0.03364	0.01359	0.01395	0.00975	0.00679	0.00559	0.00177	0.00620	0.00508	0.00539	0.00927
5	0.79968	0.01209	0.04252	0.00805	0.01187	0.01307	0.00698	0.01715	0.01000	0.02575	0.00820	0.00957	0.00635	0.00540	0.00369	0.00180	0.00468	0.00320	0.00355	0.00640
6	0.01110	0.01030	0.01754	0.70065	0.03766	0.01257	0.04956	0.01496	0.01176	0.01543	0.01091	0.01587	0.00822	0.00583	0.00576	0.00191	0.00756	0.00526	0.05069	0.00646
7	0.01272	0.01272	0.01781	0.01527	0.01527	0.01781	0.01272	0.01399	0.00891	0.01399	0.00763	0.01272	0.00763	0.01018	0.01908	0.00254	0.78499	0.00509	0.00254	0.00636
8	0.00831	0.00623	0.00935	0.00935	0.01038	0.00727	0.00727	0.01038	0.00935	0.01350	0.01558	0.02285	0.01454	0.04361	0.77259	0.00935	0.01558	0.00623	0.00312	0.00519
9	0.01010	0.00505	0.00758	0.00758	0.00758	0.00505	0.00505	0.00758	0.00758	0.01010	0.01010	0.01768	0.01010	0.02020	0.02273	0.83081	0.00505	0.00505	0.00253	0.00253
10	0.01166	0.03008	0.76550	0.01657	0.02517	0.01351	0.02149	0.01842	0.01228	0.01842	0.01044	0.01228	0.00737	0.00552	0.00552	0.00184	0.00859	0.00430	0.00246	0.00859
11	0.00806	0.00594	0.00754	0.00714	0.00858	0.00541	0.00535	0.01065	0.01606	0.02237	0.66929	0.04500	0.14246	0.01224	0.00686	0.00185	0.00277	0.01074	0.00628	0.00541
12	0.01446	0.01249	0.01315	0.01183	0.01512	0.01446	0.00920	0.03090	0.74885	0.02433	0.02367	0.02170	0.01775	0.00789	0.00592	0.00197	0.00460	0.00657	0.00592	0.00920
13	0.00823	0.00594	0.00777	0.00732	0.00869	0.00549	0.00549	0.01097	0.01646	0.02332	0.75629	0.04344	0.05487	0.01189	0.00686	0.00183	0.00274	0.01052	0.00640	0.00549
14	0.01421	0.01363	0.02327	0.07588	0.72060	0.01377	0.01776	0.01769	0.01315	0.01878	0.01091	0.01445	0.00913	0.00522	0.00576	0.00174	0.00695	0.00518	0.00286	0.00906
15	0.01174	0.01103	0.01860	0.52135	0.24575	0.01270	0.01601	0.01533	0.01206	0.01605	0.01178	0.06042	0.00996	0.00635	0.00589	0.00190	0.00725	0.00583	0.00283	0.00715
16	0.02211	0.01629	0.01745	0.01338	0.01803	0.01803	0.01105	0.73997	0.02734	0.03665	0.01396	0.01396	0.00989	0.00698	0.00582	0.00175	0.00640	0.00524	0.00582	0.00989
17	0.01376	0.01616	0.06437	0.06362	0.06226	0.05260	0.48834	0.01792	0.01295	0.01753	0.01084	0.01476	0.00847	0.00582	0.00841	0.00201	0.12359	0.00615	0.00284	0.00760
18	0.01275	0.02015	0.28883	0.06153	0.02748	0.01452	0.37069	0.01786	0.01259	0.01786	0.01078	0.01416	0.00813	0.00573	0.00763	0.00198	0.09106	0.00568	0.00271	0.00788
19	0.00846	0.00564	0.00634	0.00634	0.00634	0.00564	0.00352	0.00846	0.00846	0.01128	0.01832	0.03805	0.02114	0.79563	0.02960	0.00564	0.00564	0.00846	0.00352	0.00352
20	0.01098	0.01034	0.01744	0.78165	0.04005	0.01292	0.01615	0.01486	0.01163	0.01486	0.01034	0.01550	0.00775	0.00581	0.00581	0.00194	0.00775	0.00517	0.00258	0.00646
21	0.00702	0.00575	0.00620	0.00640	0.00803	0.00492	0.00468	0.00852	0.01314	0.01619	0.11202	0.18539	0.57134	0.01511	0.00697	0.00202	0.00300	0.01288	0.00548	0.00492
22	0.83671	0.01125	0.00855	0.00765	0.01125	0.01305	0.00630	0.01709	0.00990	0.02609	0.00810	0.00945	0.00630	0.00540	0.00360	0.00180	0.00450	0.00315	0.00360	0.00630
23	0.00823	0.00594	0.00777	0.00732	0.00869	0.00549	0.00549	0.01097	0.01646	0.02332	0.75629	0.04344	0.05487	0.01189	0.00686	0.00183	0.00274	0.01052	0.00640	0.00549
24	0.02609	0.00990	0.01350	0.01035	0.01484	0.00855	0.00855	0.02834	0.01664	0.76338	0.02294	0.01979	0.01439	0.00720	0.00585	0.00180	0.00495	0.00585	0.00720	0.00990
25	0.01486	0.66278	0.16079	0.01112	0.01674	0.02132	0.01200	0.01759	0.01190	0.01452	0.00850	0.00985	0.00745	0.00507	0.00405	0.00135	0.00664	0.00332	0.00248	0.00766
26	0.01237	0.00869	0.05778	0.00894	0.01149	0.00720	0.00752	0.01610	0.06058	0.16714	0.48636	0.03657	0.04066	0.01052	0.00658	0.00187	0.00379	0.04286	0.00622	0.00677
27	0.01510	0.56073	0.02528	0.01125	0.05209	0.01912	0.00979	0.06289	0.01307	0.04140	0.04429	0.04982	0.01198	0.00848	0.05107	0.00189	0.00650	0.00460	0.00323	0.00743
28	0.00898	0.00681	0.00862	0.00934	0.01097	0.00666	0.00786	0.01223	0.06058	0.01772	0.07675	0.05908	0.22225	0.01497	0.00753	0.00240	0.00454	0.45175	0.00546	0.00549
29	0.02183	0.01568	0.01700	0.01300	0.01767	0.01707	0.01073	0.66954	0.02608	0.07275	0.01425	0.01417	0.01006	0.00687	0.00575	0.00171	0.00623	0.00518	0.00578	0.04869
30	0.01098	0.01034	0.01744	0.78165	0.04005	0.01292	0.01615	0.01486	0.01163	0.01486	0.01034	0.01550	0.00775	0.00581	0.00581	0.00194	0.00775	0.00517	0.00258	0.00646
31	0.01483	0.65299	0.15506	0.01118	0.01667	0.02129	0.01196	0.01752	0.01184	0.01449	0.00848	0.00990	0.00745	0.00517	0.00434	0.00137	0.02199	0.00335	0.00248	0.00763
32	0.10050	0.12186	0.18176	0.01269	0.01796	0.01646	0.01239	0.37048	0.01958	0.02777	0.05507	0.01424	0.01127	0.00652	0.00531	0.00171	0.00645	0.00485	0.00445	0.00866
33	0.01084	0.00542	0.00542	0.00542	0.00678	0.00542	0.00407	0.01355	0.01220	0.02168	0.01897	0.02168	0.01491	0.00678	0.00407	0.00136	0.00271	0.00542	0.82791	0.00542
34	0.00727	0.00591	0.00644	0.00631	0.00810	0.00508	0.00473	0.00911	0.01419	0.01793	0.26280	0.05230	0.55172	0.01390	0.00687	0.00192	0.00289	0.01176	0.00569	0.00508
35	0.83671	0.01125	0.00855	0.00765	0.01125	0.01305	0.00630	0.01709	0.00990	0.02609	0.00810	0.00945	0.00630	0.00540	0.00360	0.00180	0.00450	0.00315	0.00360	0.00630
36	0.01266	0.00831	0.01012	0.00906	0.01142	0.00831	0.00710	0.05197	0.15859	0.12895	0.40987	0.03615	0.06115	0.01055	0.00655	0.00190	0.00375	0.05025	0.00630	0.00702
37	0.01777	0.52619	0.02569	0.01149	0.01601	0.17934	0.01038	0.12133	0.01500	0.01706	0.00911	0.01023	0.00781	0.00547	0.00434	0.00137	0.00714	0.00354	0.00307	0.00766
38	0.05548	0.42059	0.11943	0.01164	0.01670	0.05682	0.01141	0.15576	0.05251	0.02000	0.02455	0.01193	0.00928	0.00578	0.00460	0.00150	0.00654	0.00402	0.00344	0.00803
39	0.01441	0.01127	0.01649	0.42442	0.02872	0.01327	0.03078	0.11662	0.06132	0.09254	0.01327	0.01627	0.00979	0.00663	0.00680	0.00191	0.06885	0.00538	0.05384	0.00741
40	0.02211	0.01629	0.01745	0.01338	0.01803	0.01803	0.01105	0.73997	0.02734	0.03665	0.01396	0.01396	0.00989	0.00698	0.00582	0.00175	0.00640	0.00524	0.00582	0.00989
41	0.01010	0.00505	0.00758	0.00758	0.00758	0.00505	0.00505	0.00758	0.00758	0.01010	0.01010	0.01768	0.01010	0.02020	0.02273	0.83081	0.00505	0.00505	0.00253	0.00253
42	0.00823	0.00594	0.00777	0.00732	0.00869	0.00549	0.00549	0.01097	0.01646	0.02332	0.75629	0.04344	0.05487	0.01189	0.00686	0.00183	0.00274	0.01052	0.00640	0.00549
43	0.00845	0.00567	0.00652	0.00652	0.00659	0.00574	0.00375	0.00857	0.00851	0.01141	0.01816	0.03713	0.02074	0.74994	0.07474	0.00586	0.00624	0.00832	0.00350	0.00362
44	0.16472	0.01147	0.01258	0.01051	0.01435	0.01214	0.00846	0.08601	0.27804	0.28421	0.02095	0.01929	0.03718	0.00735	0.00550	0.00186	0.00480	0.00578	0.00593	0.00885
45	0.00832	0.00616	0.00899	0.00899	0.00991	0.00708	0.00683	0.01016	0.00924	0.01324	0.01590	0.02464	0.01532	0.13225	0.68501	0.00891	0.01440	0.00649	0.00316	0.00500
46	0.02304	0.00913	0.01232	0.00977	0.01366	0.00796	0.00794	0.02526	0.01608	0.63371	0.07023	0.06830	0.01847	0.00815	0.00592	0.00181	0.00460	0.00677	0.04780	0.00908
47	0.01371	0.06078	0.03098	0.02274	0.06179	0.01564	0.54713	0.01779	0.01283	0.01763	0.01086	0.01479	0.00858	0.00575	0.00855	0.00200	0.13167	0.00628	0.00285	0.00765
48	0.01187	0.01110	0.01861	0.66241	0.08220	0.01331	0.05011	0.05123	0.01261	0.01637	0.01062	0.01537	0.00800	0.00579	0.00586	0.00192	0.00773	0.00525	0.00278	0.00686
49	0.05859	0.01361	0.02246	0.03299	0.67569	0.01401	0.01693	0.01758	0.01281	0.01909	0.01059	0.01403	0.00896	0.00548	0.00642	0.00178	0.05212	0.00507	0.00290	0.00889
50	0.01010	0.00505	0.00758	0.00758	0.00758	0.00505	0.00505	0.00758	0.00758	0.01010	0.01010	0.01768	0.01010	0.02020	0.02273	0.83081	0.00505	0.00505	0.00253	0.00253
51	0.01156	0.01041	0.01279	0.01149	0.01217	0.05615	0.00894	0.04917	0.01029	0.01438	0.01264	0.02134	0.01276	0.20699	0.21380	0.00493	0.31537	0.00612	0.00312	0.00558
52	0.01998	0.01120	0.01330	0.01102	0.01485	0.01150	0.00883	0.07153	0.33106	0.36604	0.05914	0.02143	0.01757	0.00771	0.00593	0.00187	0.00478	0.00635	0.00653	0.00938
53	0.00937	0.00669	0.00937	0.01071	0.01205	0.00669	0.00937	0.01205	0.01339	0.01740	0.03079	0.06560	0.03347	0.01606	0.00803	0.00268	0.00535	0.72021	0.00535	0.00535
54	0.00929	0.00762	0.01074	0.01016	0.01173	0.00760	0.08178	0.01343	0.14241	0.01716	0.07285	0.41965	0.07700	0.05975	0.00869	0.02249	0.00436	0.01238	0.00512	0.00578
55	0.09809	0.04933	0.01363	0.01018	0.01426	0.01019	0.00850	0.08509	0.01647	0.50621	0.06256	0.02211	0.01646	0.00774	0.00573	0.00183	0.00499	0.05139	0.00635	0.00890
56	0.07294	0.02303	0.01709	0.01707	0.11803	0.50564	0.01179	0.13164	0.01728	0.01906	0.00996	0.01148	0.00801	0.00600	0.00530	0.00159	0.00899	0.00413	0.00345	0.00753
57	0.01262	0.02436	0.50457	0.02330	0.28339	0.01361	0.02021	0.01822	0.01262	0.01862	0.01061	0.01302	0.00802	0.00540	0.00561	0.00180	0.00800	0.00461	0.00260	0.00881
58	0.01420	0.01273	0.01983	0.02530	0.41652	0.01306	0.06055	0.09139	0.10242	0.02138	0.04889	0.02338	0.01553	0.00741	0.00620	0.00190	0.00638	0.10038	0.00403	0.00851
59	0.01781	0.00933	0.01157	0.00965	0.01276	0.00908	0.00757	0.06101	0.14546	0.34249	0.19909	0.02729	0.02516	0.08485	0.00840	0.00221	0.00450	0.00732	0.00635	0.00809
60	0.01206	0.01034	0.01206	0.00861	0.01378	0.00775	0.00689	0.01464	0.01206	0.01895	0.01034	0.01206	0.00861	0.00431	0.00431	0.00086	0.00431	0.00345	0.00345	0.83118
61	0.00738	0.00576	0.00670	0.00679	0.00825	0.00508	0.00497	0.00922	0.01399	0.01820	0.29697	0.18517	0.38199	0.01437	0.00697	0.00199	0.00295	0.01243	0.00575	0.00508
62	0.01411	0.02120	0.35539	0.01525	0.04720	0.05907	0.05198	0.06277	0.14343	0.05604	0.05373	0.01619	0.01246	0.00635	0.00568	0.00177	0.00712	0.00524	0.00383	0.06118

[dist]
# distance from previous block
# <min> <max>
0	1

[block]
# block no. 1 follows, 40 sequences, length 43
# corresponding to MSA columns:
# 169-211
name=unknown_B
#
# <colnr> <probs for GDERKNQSTAVLIFYWHMCP>
#	G	D	E	R	K	N	Q	S	T	A	V	L	I	F	Y	W	H	M	C	P
0	0.00757	0.00601	0.00686	0.00690	0.00862	0.00530	0.00535	0.00955	0.01417	0.01805	0.24991	0.05370	0.46875	0.01411	0.00702	0.00202	0.00320	0.10213	0.00567	0.00513
1	0.83671	0.01125	0.00855	0.00765	0.01125	0.01305	0.00630	0.01709	0.00990	0.02609	0.00810	0.00945	0.00630	0.00540	0.00360	0.00180	0.00450	0.00315	0.00360	0.00630
2	0.01364	0.01436	0.02784	0.08557	0.27234	0.01458	0.37215	0.01763	0.01293	0.01801	0.01098	0.01495	0.00875	0.00558	0.00761	0.00194	0.08424	0.00600	0.00285	0.00805
3	0.01206	0.01034	0.01206	0.00861	0.01378	0.00775	0.00689	0.01464	0.01206	0.01895	0.01034	0.01206	0.00861	0.00431	0.00431	0.00086	0.00431	0.00345	0.00345	0.83118
4	0.01312	0.22242	0.54676	0.01477	0.02227	0.01610	0.01811	0.05125	0.01285	0.01806	0.01001	0.01161	0.00751	0.00545	0.00509	0.00169	0.00790	0.00404	0.00262	0.00837
5	0.01296	0.01231	0.02088	0.30778	0.47410	0.01324	0.01686	0.01655	0.01275	0.01761	0.03265	0.01565	0.01002	0.00561	0.00581	0.00181	0.00709	0.00533	0.00287	0.00810
6	0.00823	0.00594	0.00777	0.00732	0.00869	0.00549	0.00549	0.01097	0.01646	0.02332	0.75629	0.04344	0.05487	0.01189	0.00686	0.00183	0.00274	0.01052	0.00640	0.00549
7	0.83671	0.01125	0.00855	0.00765	0.01125	0.01305	0.00630	0.01709	0.00990	0.02609	0.00810	0.00945	0.00630	0.00540	0.00360	0.00180	0.00450	0.00315	0.00360	0.00630
8	0.00711	0.00525	0.00666	0.00768	0.00835	0.00480	0.00523	0.00830	0.01179	0.01545	0.07587	0.62505	0.16264	0.01728	0.00730	0.00226	0.00327	0.01548	0.00545	0.00480
9	0.00719	0.00511	0.00672	0.00796	0.00827	0.00479	0.00525	0.00812	0.01093	0.01457	0.03100	0.73385	0.03713	0.07802	0.00913	0.00261	0.00355	0.01591	0.00525	0.00463
10	0.00709	0.00506	0.00675	0.00810	0.00843	0.00472	0.00540	0.00810	0.01113	0.01484	0.03205	0.79184	0.03846	0.01822	0.00742	0.00236	0.00337	0.01653	0.00540	0.00472
11	0.01438	0.49693	0.29289	0.01250	0.01870	0.04595	0.01412	0.01798	0.01214	0.01539	0.00896	0.01042	0.00743	0.00521	0.00443	0.00147	0.00722	0.00356	0.00249	0.00784
12	0.00831	0.00621	0.00925	0.00925	0.01025	0.00722	0.00715	0.01032	0.00932	0.01343	0.01567	0.02335	0.01476	0.06840	0.74810	0.00922	0.01525	0.00630	0.00313	0.00514
13	0.01215	0.12724	0.67264	0.01574	0.02387	0.01471	0.02003	0.01829	0.01222	0.01782	0.01014	0.01190	0.00738	0.00546	0.00530	0.00177	0.00829	0.00415	0.00246	0.00845
14	0.20598	0.01020	0.01240	0.00975	0.01405	0.00955	0.00805	0.02584	0.01515	0.59976	0.01965	0.01750	0.01260	0.00680	0.00535	0.00180	0.00485	0.00525	0.00640	0.00910
15	0.33386	0.01375	0.02312	0.01918	0.10295	0.01396	0.37452	0.01795	0.01218	0.02157	0.01025	0.01312	0.00788	0.00513	0.00547	0.00187	0.00742	0.00523	0.00319	0.00739
16	0.01234	0.01142	0.01916	0.14414	0.45451	0.01175	0.03832	0.01525	0.01225	0.01704	0.01421	0.11152	0.01377	0.08925	0.00849	0.00225	0.00657	0.00696	0.00321	0.00760
17	0.00715	0.00511	0.00681	0.00805	0.00845	0.00477	0.00540	0.00827	0.01145	0.01534	0.07477	0.74769	0.03943	0.01785	0.00739	0.00233	0.00334	0.01618	0.00546	0.00477
18	0.13336	0.01670	0.06635	0.01272	0.01741	0.05112	0.01098	0.52080	0.02286	0.07229	0.01318	0.01339	0.00936	0.00663	0.00547	0.00175	0.00640	0.00485	0.00523	0.00917
19	0.00709	0.00506	0.00675	0.00810	0.00843	0.00472	0.00540	0.00810	0.01113	0.01484	0.03205	0.79184	0.03846	0.01822	0.00742	0.00236	0.00337	0.01653	0.00540	0.00472
20	0.00823	0.00599	0.00778	0.00747	0.00887	0.00554	0.00569	0.01090	0.01608	0.02251	0.66985	0.04561	0.09126	0.01232	0.00694	0.00189	0.00293	0.05841	0.00628	0.00545
21	0.01541	0.73886	0.03077	0.01107	0.01612	0.02237	0.06597	0.01751	0.01196	0.01406	0.00837	0.00982	0.00757	0.00497	0.00397	0.00130	0.00649	0.00340	0.00252	0.00749
22	0.00947	0.00711	0.00841	0.00789	0.00972	0.00690	0.00596	0.04607	0.09455	0.03490	0.42460	0.09960	0.19805	0.01225	0.00674	0.00191	0.00324	0.01061	0.00604	0.00598
23	0.04470	0.02062	0.22133	0.01637	0.07720	0.09497	0.05289	0.33504	0.01942	0.02622	0.01292	0.01403	0.02503	0.00635	0.00568	0.00176	0.00751	0.00499	0.00415	0.00882
24	0.02807	0.01264	0.02265	0.30945	0.24748	0.01321	0.18572	0.01665	0.01260	0.01749	0.01081	0.01484	0.00847	0.00529	0.00589	0.00180	0.00766	0.00540	0.00284	0.07103
25	0.03785	0.00970	0.01022	0.00925	0.01104	0.08373	0.00705	0.01328	0.03953	0.01908	0.31440	0.08952	0.08718	0.05289	0.00905	0.00204	0.09905	0.00855	0.00487	0.09173
26	0.02202	0.01486	0.05698	0.09488	0.06071	0.01426	0.01218	0.23277	0.11583	0.27583	0.01946	0.01982	0.01395	0.00821	0.00669	0.00220	0.00662	0.00621	0.00624	0.01029
27	0.00997	0.00738	0.00868	0.00850	0.00997	0.00656	0.00607	0.01142	0.01578	0.02159	0.44767	0.13969	0.20996	0.05671	0.00899	0.00251	0.00380	0.01202	0.00650	0.00625
28	0.00988	0.00750	0.00859	0.00823	0.00999	0.00655	0.00602	0.01150	0.01636	0.02208	0.46691	0.05006	0.32398	0.01414	0.00770	0.00226	0.00359	0.01166	0.00662	0.00636
29	0.01454	0.01377	0.01942	0.01657	0.01725	0.01766	0.06181	0.01554	0.01070	0.01643	0.01073	0.01649	0.01022	0.01272	0.05770	0.00319	0.65054	0.00593	0.02134	0.00745
30	0.01686	0.01389	0.01460	0.01301	0.01646	0.01532	0.00997	0.10715	0.60657	0.02697	0.04028	0.02508	0.04601	0.00942	0.00682	0.00232	0.00541	0.00732	0.00651	0.01002
31	0.00936	0.00697	0.00823	0.00908	0.01011	0.00619	0.00629	0.01000	0.01313	0.01717	0.04059	0.53096	0.23339	0.01812	0.00812	0.00263	0.00412	0.05357	0.00603	0.00593
32	0.01587	0.01569	0.02637	0.23397	0.07043	0.05005	0.34777	0.05884	0.07175	0.02064	0.01425	0.01844	0.01118	0.00696	0.00714	0.00228	0.00907	0.00665	0.00394	0.00872
33	0.10161	0.01288	0.01412	0.01219	0.01603	0.01332	0.00947	0.02915	0.40887	0.24992	0.02313	0.02216	0.01698	0.00863	0.00648	0.00224	0.00540	0.00653	0.00662	0.03428
34	0.01647	0.39191	0.15096	0.10298	0.07259	0.03125	0.08565	0.01917	0.01366	0.03951	0.01188	0.01476	0.00993	0.00665	0.00573	0.00194	0.00788	0.00486	0.00344	0.00878
35	0.01062	0.00722	0.00793	0.00784	0.00804	0.00692	0.00453	0.01007	0.00985	0.01335	0.02012	0.04006	0.02269	0.77097	0.02968	0.00589	0.00632	0.00900	0.00422	0.00468
36	0.01421	0.01292	0.02021	0.49051	0.21322	0.01447	0.02918	0.01797	0.05674	0.01841	0.01326	0.01825	0.01070	0.00729	0.00716	0.00228	0.03533	0.00593	0.00358	0.00838
37	0.56560	0.01412	0.01197	0.01053	0.01430	0.07238	0.00828	0.05953	0.06315	0.10406	0.01321	0.01462	0.01023	0.00727	0.00517	0.00216	0.00583	0.00454	0.00490	0.00816
38	0.01485	0.01174	0.01353	0.01012	0.01529	0.00901	0.00787	0.01678	0.01358	0.06045	0.01307	0.01533	0.01088	0.00588	0.00531	0.00132	0.00506	0.00428	0.00434	0.76129
39	0.01021	0.00737	0.00914	0.00891	0.01027	0.00665	0.00641	0.01202	0.01670	0.02358	0.61301	0.17005	0.05257	0.01411	0.00779	0.00229	0.00362	0.01199	0.00683	0.00646
40	0.01185	0.00753	0.00888	0.00837	0.01003	0.00688	0.00615	0.01392	0.01641	0.05425	0.49860	0.03825	0.04253	0.01144	0.00687	0.00207	0.00360	0.00938	0.23626	0.00674
41	0.01411	0.01176	0.01345	0.01003	0.01524	0.00896	0.00779	0.01605	0.01333	0.02077	0.01240	0.01492	0.01057	0.00573	0.00522	0.00127	0.00503	0.00415	0.00414	0.80507
42	0.02768	0.01134	0.01484	0.01171	0.01627	0.00973	0.00939	0.02930	0.01777	0.74067	0.02459	0.02240	0.01616	0.00852	0.00671	0.00218	0.00565	0.00648	0.00777	0.01085

[dist]
# distance from previous block
# <min> <max>
0	23

# created by:
# /software/SequenceAnalysis/GenePrediction/augustus/3.0.1/scripts/msa2prfl.pl ./fixed/BUSCOvEOG7X6DQ5.fas
