[name]
unknown

[dist]
# distance from previous block
# <min> <max>
0	427

[block]
# block no. 0 follows, 41 sequences, length 28
# corresponding to MSA columns:
# 477-504
name=unknown_A
#
# <colnr> <probs for GDERKNQSTAVLIFYWHMCP>
#	G	D	E	R	K	N	Q	S	T	A	V	L	I	F	Y	W	H	M	C	P
0	0.00697	0.00498	0.00664	0.00796	0.00830	0.00465	0.00531	0.00796	0.01095	0.01460	0.03153	0.79525	0.03783	0.01792	0.00730	0.00232	0.00332	0.01626	0.00531	0.00465
1	0.01223	0.01163	0.01974	0.46504	0.34840	0.01308	0.01660	0.01587	0.01211	0.01635	0.01042	0.01478	0.00824	0.00545	0.00569	0.00182	0.00727	0.00509	0.00267	0.00751
2	0.01616	0.01414	0.01449	0.01342	0.05888	0.07346	0.00997	0.17739	0.48409	0.02518	0.02028	0.01930	0.03243	0.00744	0.00576	0.00184	0.00543	0.00603	0.00539	0.00891
3	0.01598	0.01701	0.02023	0.13050	0.43118	0.22545	0.01528	0.04464	0.01419	0.01745	0.01025	0.01322	0.00842	0.00547	0.00553	0.00167	0.00787	0.00470	0.00293	0.00804
4	0.00832	0.00555	0.00624	0.00624	0.00624	0.00555	0.00347	0.00832	0.00832	0.01109	0.01802	0.03743	0.02080	0.79898	0.02911	0.00555	0.00555	0.00832	0.00347	0.00347
5	0.01169	0.00998	0.01167	0.00845	0.01337	0.00752	0.00673	0.01417	0.01183	0.01849	0.01093	0.03995	0.00952	0.00473	0.00435	0.00090	0.00420	0.00385	0.00346	0.80421
6	0.01065	0.00918	0.01289	0.01169	0.01252	0.01179	0.00945	0.05413	0.01005	0.01479	0.01219	0.01809	0.01140	0.02803	0.43725	0.00616	0.31529	0.00564	0.00300	0.00582
7	0.08661	0.11056	0.01562	0.01217	0.03807	0.07423	0.00949	0.09693	0.44709	0.02306	0.01765	0.01699	0.01345	0.00688	0.00529	0.00177	0.00540	0.00537	0.00489	0.00848
8	0.01829	0.26349	0.02189	0.05853	0.01896	0.41366	0.06736	0.04646	0.01470	0.01500	0.00903	0.01077	0.00756	0.00553	0.00488	0.00147	0.00867	0.00386	0.00287	0.00703
9	0.01112	0.01074	0.01577	0.05948	0.01578	0.01372	0.06014	0.01288	0.01034	0.01491	0.05019	0.09233	0.07999	0.01084	0.01408	0.00233	0.48024	0.03578	0.00332	0.00601
10	0.05533	0.04975	0.01534	0.11374	0.01770	0.01196	0.10073	0.17202	0.01504	0.05079	0.01448	0.04461	0.01159	0.00785	0.02452	0.01608	0.03637	0.00563	0.22951	0.00698
11	0.01473	0.01254	0.01322	0.01174	0.01507	0.01446	0.00918	0.07857	0.70396	0.02475	0.02264	0.02083	0.01694	0.00770	0.00581	0.00192	0.00465	0.00638	0.00581	0.00910
12	0.02137	0.02726	0.01621	0.01474	0.01768	0.77602	0.01105	0.02284	0.01621	0.01400	0.00884	0.01031	0.00737	0.00589	0.00516	0.00147	0.01031	0.00368	0.00295	0.00663
13	0.01141	0.00977	0.01183	0.06375	0.01499	0.00776	0.00731	0.01392	0.01176	0.01804	0.01181	0.07253	0.01068	0.00540	0.00458	0.00104	0.00441	0.00450	0.00348	0.71104
14	0.83938	0.01106	0.00841	0.00752	0.01106	0.01283	0.00619	0.01681	0.00973	0.02566	0.00796	0.00929	0.00619	0.00531	0.00354	0.00177	0.00442	0.00310	0.00354	0.00619
15	0.00821	0.00596	0.00835	0.00835	0.00908	0.00669	0.00610	0.00967	0.00894	0.01266	0.01609	0.02672	0.01615	0.25788	0.56385	0.00816	0.01254	0.00675	0.00318	0.00464
16	0.00742	0.00541	0.00699	0.00746	0.00835	0.00497	0.00526	0.00916	0.01331	0.01815	0.33761	0.41895	0.10566	0.01503	0.00702	0.00207	0.00302	0.01344	0.00572	0.00497
17	0.00697	0.00498	0.00664	0.00796	0.00830	0.00465	0.00531	0.00796	0.01095	0.01460	0.03153	0.79525	0.03783	0.01792	0.00730	0.00232	0.00332	0.01626	0.00531	0.00465
18	0.02174	0.01602	0.01717	0.01316	0.01774	0.01774	0.01087	0.74423	0.02689	0.03605	0.01373	0.01373	0.00973	0.00687	0.00572	0.00172	0.00629	0.00515	0.00572	0.00973
19	0.01186	0.01017	0.01186	0.00847	0.01356	0.00762	0.00678	0.01440	0.01186	0.01864	0.01017	0.01186	0.00847	0.00424	0.00424	0.00085	0.00424	0.00339	0.00339	0.83395
20	0.00801	0.00584	0.00752	0.00710	0.00849	0.00536	0.00533	0.01062	0.01598	0.02243	0.71288	0.04356	0.10169	0.01188	0.00675	0.00181	0.00271	0.01046	0.00623	0.00536
21	0.01120	0.00926	0.01036	0.01010	0.01250	0.01003	0.00812	0.02034	0.38198	0.02017	0.03256	0.04102	0.17703	0.01152	0.00663	0.00214	0.00440	0.21804	0.00555	0.00706
22	0.01115	0.00711	0.00904	0.00862	0.01049	0.00678	0.00653	0.01480	0.09734	0.12311	0.28118	0.25221	0.03616	0.01233	0.00663	0.00198	0.00363	0.06069	0.00586	0.04435
23	0.01342	0.01520	0.03250	0.02341	0.02875	0.01470	0.68621	0.01797	0.01313	0.01797	0.01126	0.01520	0.00859	0.00522	0.00768	0.00197	0.06972	0.00662	0.00286	0.00760
24	0.01080	0.01017	0.01716	0.78523	0.03940	0.01271	0.01589	0.01461	0.01144	0.01461	0.01017	0.01525	0.00762	0.00572	0.00572	0.00191	0.00762	0.00508	0.00254	0.00635
25	0.01967	0.18046	0.05640	0.01384	0.01744	0.58928	0.01130	0.02148	0.01510	0.01410	0.00874	0.01018	0.00736	0.00567	0.00488	0.00144	0.00939	0.00359	0.00282	0.00686
26	0.11233	0.00737	0.00766	0.00741	0.00963	0.00712	0.00582	0.04782	0.04026	0.04415	0.05575	0.08854	0.44255	0.01276	0.00639	0.00199	0.00366	0.08798	0.00520	0.00561
27	0.18553	0.00981	0.00881	0.03609	0.01116	0.06832	0.00639	0.08085	0.06316	0.02290	0.01524	0.01707	0.01183	0.00638	0.00433	0.00153	0.00425	0.00479	0.43528	0.00629

[dist]
# distance from previous block
# <min> <max>
3	4

[block]
# block no. 1 follows, 41 sequences, length 50
# corresponding to MSA columns:
# 509-558
name=unknown_B
#
# <colnr> <probs for GDERKNQSTAVLIFYWHMCP>
#	G	D	E	R	K	N	Q	S	T	A	V	L	I	F	Y	W	H	M	C	P
0	0.05807	0.00965	0.01194	0.00951	0.01330	0.00911	0.00776	0.08439	0.05143	0.50465	0.02052	0.01896	0.01369	0.00694	0.00534	0.00170	0.00456	0.00554	0.15421	0.00876
1	0.02173	0.01648	0.01713	0.01322	0.01774	0.04864	0.01088	0.71483	0.02646	0.03515	0.01353	0.01359	0.00963	0.00683	0.00570	0.00171	0.00646	0.00509	0.00561	0.00960
2	0.00799	0.00584	0.00750	0.00709	0.00848	0.00535	0.00532	0.01060	0.01595	0.02236	0.70641	0.04367	0.10820	0.01191	0.00675	0.00181	0.00271	0.01048	0.00622	0.00535
3	0.01416	0.01359	0.02322	0.03511	0.76330	0.01359	0.01755	0.01755	0.01302	0.01869	0.01076	0.01416	0.00906	0.00510	0.00566	0.00170	0.00680	0.00510	0.00283	0.00906
4	0.00801	0.00584	0.00753	0.00711	0.00849	0.00536	0.00533	0.01063	0.01599	0.02246	0.71511	0.04352	0.09945	0.01187	0.00675	0.00181	0.00271	0.01046	0.00623	0.00536
5	0.02174	0.01602	0.01717	0.01316	0.01774	0.01774	0.01087	0.74423	0.02689	0.03605	0.01373	0.01373	0.00973	0.00687	0.00572	0.00172	0.00629	0.00515	0.00572	0.00973
6	0.00676	0.00579	0.00579	0.00579	0.00773	0.00483	0.00435	0.00821	0.01304	0.01545	0.05794	0.05505	0.76098	0.01449	0.00676	0.00193	0.00290	0.01207	0.00531	0.00483
7	0.01183	0.10266	0.69944	0.01569	0.02380	0.01417	0.02006	0.01802	0.01203	0.01767	0.01005	0.01180	0.00725	0.00538	0.00527	0.00176	0.00823	0.00412	0.00242	0.00835
8	0.00676	0.00579	0.00579	0.00579	0.00773	0.00483	0.00435	0.00821	0.01304	0.01545	0.05794	0.05505	0.76098	0.01449	0.00676	0.00193	0.00290	0.01207	0.00531	0.00483
9	0.01349	0.02576	0.57455	0.01610	0.04945	0.01391	0.01856	0.15255	0.01485	0.02148	0.01092	0.01245	0.00782	0.00564	0.00545	0.00175	0.00783	0.00440	0.00308	0.03996
10	0.61549	0.12546	0.11005	0.00898	0.01335	0.01428	0.00864	0.01703	0.01030	0.02296	0.00826	0.00964	0.00649	0.00527	0.00380	0.00170	0.00519	0.00324	0.00324	0.00665
11	0.01114	0.00776	0.00857	0.00775	0.00874	0.00812	0.00509	0.16485	0.01233	0.01649	0.01744	0.05095	0.01886	0.61135	0.02360	0.00465	0.00565	0.00784	0.00399	0.00483
12	0.01353	0.01534	0.03325	0.02463	0.06500	0.01442	0.70783	0.01829	0.01348	0.01834	0.01153	0.01537	0.00870	0.00483	0.00670	0.00192	0.00951	0.00667	0.00289	0.00778
13	0.00954	0.01011	0.06074	0.01416	0.01689	0.00862	0.26681	0.01222	0.01192	0.01612	0.02323	0.47390	0.02574	0.01256	0.00700	0.00215	0.00585	0.01220	0.00429	0.00595
14	0.01186	0.01017	0.01186	0.00847	0.01356	0.00762	0.00678	0.01440	0.01186	0.01864	0.01017	0.01186	0.00847	0.00424	0.00424	0.00085	0.00424	0.00339	0.00339	0.83395
15	0.00810	0.00585	0.00765	0.00720	0.00855	0.00540	0.00540	0.01079	0.01619	0.02294	0.76028	0.04273	0.05397	0.01169	0.00675	0.00180	0.00270	0.01034	0.00630	0.00540
16	0.01423	0.01229	0.01293	0.01164	0.01487	0.01423	0.00905	0.03039	0.75297	0.02393	0.02328	0.02134	0.01746	0.00776	0.00582	0.00194	0.00453	0.00647	0.00582	0.00905
17	0.00832	0.00555	0.00624	0.00624	0.00624	0.00555	0.00347	0.00832	0.00832	0.01109	0.01802	0.03743	0.02080	0.79898	0.02911	0.00555	0.00555	0.00832	0.00347	0.00347
18	0.01423	0.01229	0.01293	0.01164	0.01487	0.01423	0.00905	0.03039	0.75297	0.02393	0.02328	0.02134	0.01746	0.00776	0.00582	0.00194	0.00453	0.00647	0.00582	0.00905
19	0.01066	0.00533	0.00533	0.00533	0.00666	0.00533	0.00400	0.01333	0.01200	0.02132	0.01866	0.02132	0.01466	0.00666	0.00400	0.00133	0.00267	0.00533	0.83073	0.00533
20	0.01529	0.80242	0.02997	0.00979	0.01468	0.02263	0.00979	0.01713	0.01162	0.01346	0.00795	0.00918	0.00734	0.00489	0.00367	0.00122	0.00612	0.00306	0.00245	0.00734
21	0.00981	0.00648	0.00839	0.00774	0.00934	0.00590	0.00582	0.01233	0.01646	0.07494	0.70395	0.04154	0.05131	0.01164	0.00687	0.00188	0.00303	0.01014	0.00649	0.00595
22	0.04504	0.01600	0.01701	0.01322	0.01772	0.01765	0.01083	0.68685	0.05867	0.03550	0.01444	0.01458	0.01041	0.00717	0.00586	0.00181	0.00631	0.00530	0.00581	0.00982
23	0.02214	0.01630	0.01745	0.01345	0.01804	0.01794	0.01105	0.73906	0.02707	0.03634	0.01418	0.01437	0.01017	0.00717	0.00592	0.00180	0.00644	0.00530	0.00586	0.00995
24	0.01376	0.01177	0.01283	0.01071	0.01469	0.01189	0.00836	0.02438	0.45973	0.02225	0.01856	0.01824	0.01435	0.00669	0.00540	0.00160	0.00458	0.00541	0.00502	0.32978
25	0.00859	0.00621	0.00800	0.00753	0.00892	0.00569	0.00561	0.01114	0.01645	0.02332	0.75511	0.04315	0.05408	0.01196	0.00694	0.00188	0.00288	0.01045	0.00643	0.00565
26	0.01220	0.08192	0.71408	0.01613	0.02433	0.01415	0.02046	0.01834	0.01234	0.01822	0.01058	0.01253	0.00771	0.00571	0.00552	0.00186	0.00843	0.00430	0.00258	0.00861
27	0.00735	0.00584	0.00649	0.00698	0.00833	0.00506	0.00494	0.00848	0.01251	0.01556	0.04779	0.34298	0.47479	0.01607	0.00716	0.00217	0.00324	0.01380	0.00546	0.00501
28	0.00743	0.00598	0.00651	0.00675	0.00830	0.00514	0.00488	0.00875	0.01313	0.01636	0.11412	0.21952	0.53197	0.01525	0.00707	0.00209	0.00315	0.01295	0.00554	0.00509
29	0.00735	0.00616	0.00627	0.00622	0.00815	0.00516	0.00463	0.00873	0.01351	0.01633	0.09905	0.05466	0.71450	0.01457	0.00695	0.00201	0.00306	0.01207	0.00551	0.00512
30	0.01195	0.00863	0.01098	0.01131	0.01325	0.00887	0.00970	0.14331	0.01591	0.02094	0.02764	0.05569	0.02903	0.01444	0.00769	0.00255	0.00561	0.59070	0.00549	0.00632
31	0.01396	0.01572	0.03391	0.02432	0.03011	0.01469	0.73720	0.01862	0.01378	0.01874	0.01203	0.01606	0.00912	0.00514	0.00694	0.00201	0.00977	0.00689	0.00306	0.00795
32	0.02398	0.01052	0.01352	0.01075	0.01498	0.00972	0.00872	0.02855	0.14850	0.62897	0.02307	0.02040	0.01515	0.00750	0.00596	0.00189	0.00497	0.00602	0.00699	0.00983
33	0.00747	0.00534	0.00700	0.00829	0.00867	0.00495	0.00553	0.00834	0.01125	0.01505	0.03184	0.79001	0.03806	0.01814	0.00749	0.00240	0.00349	0.01633	0.00545	0.00490
34	0.01114	0.00569	0.00570	0.00568	0.00705	0.00563	0.00422	0.01366	0.01229	0.02172	0.01907	0.02191	0.01506	0.00697	0.00421	0.00142	0.00284	0.00548	0.82467	0.00558
35	0.01042	0.00533	0.00780	0.00778	0.00783	0.00527	0.00519	0.00783	0.00778	0.01042	0.01041	0.01800	0.01037	0.02008	0.02243	0.82741	0.00513	0.00512	0.00265	0.00276
36	0.00943	0.00639	0.00827	0.00767	0.00921	0.00584	0.00576	0.01196	0.01646	0.05895	0.71980	0.04204	0.05217	0.01174	0.00689	0.00188	0.00298	0.01023	0.00647	0.00586
37	0.01298	0.01282	0.01780	0.01529	0.01534	0.01772	0.01268	0.01409	0.00908	0.01422	0.00800	0.01316	0.00796	0.01029	0.01887	0.00258	0.78278	0.00516	0.00267	0.00650
38	0.01600	0.76280	0.02955	0.01032	0.01514	0.05583	0.01002	0.01768	0.01212	0.01394	0.00848	0.00990	0.00780	0.00526	0.00395	0.00132	0.00645	0.00325	0.00264	0.00755
39	0.01574	0.79679	0.03016	0.01010	0.01501	0.02280	0.00997	0.01743	0.01192	0.01391	0.00844	0.00985	0.00780	0.00521	0.00388	0.00131	0.00627	0.00322	0.00261	0.00758
40	0.00747	0.00534	0.00700	0.00829	0.00867	0.00495	0.00553	0.00834	0.01125	0.01505	0.03184	0.79001	0.03806	0.01814	0.00749	0.00240	0.00349	0.01633	0.00545	0.00490
41	0.02069	0.16578	0.01900	0.01406	0.01745	0.60474	0.01099	0.05147	0.01608	0.01525	0.00936	0.01092	0.00791	0.00607	0.00512	0.00153	0.00952	0.00379	0.00313	0.00713
42	0.01391	0.04890	0.08718	0.02359	0.05768	0.01490	0.62616	0.01852	0.01358	0.01854	0.01176	0.01551	0.00898	0.00520	0.00668	0.00197	0.00943	0.00649	0.00300	0.00804
43	0.00856	0.00621	0.00795	0.00749	0.00889	0.00568	0.00558	0.01107	0.01637	0.02312	0.73620	0.04348	0.07312	0.01204	0.00694	0.00189	0.00288	0.01050	0.00641	0.00563
44	0.01574	0.79679	0.03016	0.01010	0.01501	0.02280	0.00997	0.01743	0.01192	0.01391	0.00844	0.00985	0.00780	0.00521	0.00388	0.00131	0.00627	0.00322	0.00261	0.00758
45	0.00845	0.00627	0.00743	0.00716	0.00846	0.00578	0.00511	0.01051	0.03167	0.01934	0.42877	0.06142	0.20756	0.15359	0.01094	0.00260	0.00349	0.01052	0.00567	0.00524
46	0.56087	0.03065	0.04255	0.00986	0.01386	0.04814	0.00836	0.18249	0.01436	0.02730	0.00989	0.01113	0.00758	0.00600	0.00440	0.00182	0.00547	0.00380	0.00410	0.00738
47	0.02149	0.01568	0.01675	0.01299	0.01739	0.01722	0.01064	0.69640	0.02620	0.03548	0.01447	0.01482	0.01045	0.00716	0.00582	0.00178	0.00623	0.00531	0.05402	0.00969
48	0.00867	0.00649	0.00953	0.00951	0.01057	0.00743	0.00735	0.01057	0.00951	0.01374	0.01575	0.02305	0.01470	0.04293	0.77072	0.00922	0.01540	0.00627	0.00323	0.00536
49	0.00816	0.00603	0.00744	0.00739	0.00864	0.00546	0.00534	0.01009	0.01467	0.02008	0.47355	0.17987	0.17538	0.04173	0.00784	0.00214	0.00312	0.01175	0.00598	0.00534

[dist]
# distance from previous block
# <min> <max>
0	1

[block]
# block no. 2 follows, 41 sequences, length 12
# corresponding to MSA columns:
# 560-571
name=unknown_C
#
# <colnr> <probs for GDERKNQSTAVLIFYWHMCP>
#	G	D	E	R	K	N	Q	S	T	A	V	L	I	F	Y	W	H	M	C	P
0	0.01421	0.01363	0.02325	0.03512	0.76265	0.01362	0.01757	0.01759	0.01306	0.01874	0.01082	0.01424	0.00911	0.00514	0.00569	0.00171	0.00681	0.00511	0.00285	0.00909
1	0.00816	0.00589	0.00769	0.00724	0.00859	0.00543	0.00542	0.01084	0.01622	0.02298	0.75965	0.04278	0.05398	0.01173	0.00677	0.00181	0.00272	0.01036	0.00631	0.00543
2	0.01072	0.00538	0.00538	0.00537	0.00671	0.00537	0.00403	0.01337	0.01203	0.02137	0.01871	0.02140	0.01471	0.00670	0.00402	0.00134	0.00269	0.00535	0.82999	0.00536
3	0.83868	0.01110	0.00845	0.00756	0.01111	0.01286	0.00622	0.01685	0.00977	0.02571	0.00802	0.00937	0.00625	0.00535	0.00357	0.00178	0.00444	0.00312	0.00356	0.00622
4	0.01332	0.01501	0.03233	0.09024	0.03075	0.01434	0.67876	0.01804	0.01336	0.01805	0.01151	0.01549	0.00864	0.00494	0.00668	0.00194	0.00948	0.00662	0.00288	0.00763
5	0.01153	0.02961	0.76868	0.01634	0.02479	0.01331	0.02115	0.01815	0.01211	0.01817	0.01032	0.01216	0.00730	0.00547	0.00546	0.00182	0.00847	0.00425	0.00244	0.00848
6	0.01153	0.02961	0.76868	0.01634	0.02479	0.01331	0.02115	0.01815	0.01211	0.01817	0.01032	0.01216	0.00730	0.00547	0.00546	0.00182	0.00847	0.00425	0.00244	0.00848
7	0.00816	0.00589	0.00769	0.00724	0.00859	0.00543	0.00542	0.01084	0.01622	0.02298	0.75965	0.04278	0.05398	0.01173	0.00677	0.00181	0.00272	0.01036	0.00631	0.00543
8	0.00703	0.00502	0.00668	0.00800	0.00834	0.00468	0.00534	0.00801	0.01099	0.01466	0.03156	0.79460	0.03786	0.01795	0.00732	0.00233	0.00334	0.01627	0.00533	0.00468
9	0.01356	0.01546	0.03377	0.02413	0.02992	0.01449	0.74187	0.01836	0.01353	0.01837	0.01163	0.01551	0.00873	0.00486	0.00677	0.00194	0.00966	0.00677	0.00291	0.00774
10	0.02097	0.02643	0.01668	0.01604	0.06428	0.72774	0.01148	0.02254	0.01604	0.01435	0.00902	0.01064	0.00753	0.00588	0.00521	0.00150	0.01011	0.00379	0.00296	0.00681
11	0.01939	0.02294	0.01819	0.02029	0.22377	0.52836	0.01284	0.05651	0.01585	0.01637	0.00961	0.01154	0.00795	0.00572	0.00532	0.00155	0.00915	0.00415	0.00305	0.00745

[dist]
# distance from previous block
# <min> <max>
5	6

[block]
# block no. 3 follows, 41 sequences, length 20
# corresponding to MSA columns:
# 579-598
name=unknown_D
#
# <colnr> <probs for GDERKNQSTAVLIFYWHMCP>
#	G	D	E	R	K	N	Q	S	T	A	V	L	I	F	Y	W	H	M	C	P
0	0.01231	0.01581	0.16271	0.01527	0.01690	0.01670	0.01418	0.01461	0.00940	0.01461	0.00804	0.01243	0.00746	0.00913	0.01620	0.00237	0.63787	0.00486	0.00249	0.00668
1	0.01362	0.02675	0.61207	0.01565	0.02329	0.01422	0.01899	0.16994	0.01517	0.02186	0.01099	0.01242	0.00776	0.00573	0.00549	0.00179	0.00800	0.00442	0.00311	0.00872
2	0.01278	0.01440	0.15983	0.01292	0.01585	0.01326	0.01203	0.16615	0.01334	0.01910	0.01197	0.01603	0.01021	0.01953	0.26827	0.00446	0.21425	0.00526	0.00335	0.00702
3	0.01119	0.00979	0.01402	0.01118	0.01437	0.00939	0.16006	0.15271	0.01612	0.02076	0.10845	0.03758	0.38941	0.01072	0.00656	0.00188	0.00494	0.00945	0.00498	0.00643
4	0.01363	0.01507	0.03172	0.02623	0.17152	0.01430	0.60253	0.01817	0.01341	0.01839	0.01141	0.01518	0.00875	0.00487	0.00654	0.00188	0.00909	0.00643	0.00288	0.00797
5	0.02043	0.02585	0.01557	0.01424	0.01706	0.72625	0.01066	0.02189	0.01593	0.01406	0.01102	0.04091	0.02892	0.00658	0.00528	0.00152	0.00985	0.00438	0.00310	0.00651
6	0.01208	0.00838	0.01037	0.01240	0.15450	0.00879	0.00767	0.01771	0.16713	0.02136	0.01810	0.01994	0.01416	0.00659	0.00470	0.00153	0.00385	0.00552	0.49837	0.00683
7	0.01000	0.00908	0.01496	0.62271	0.03289	0.01102	0.01367	0.01322	0.01134	0.01461	0.01463	0.17834	0.01394	0.00827	0.00605	0.00199	0.00672	0.00742	0.00312	0.00600
8	0.01291	0.01203	0.02028	0.02969	0.60583	0.01224	0.01538	0.01602	0.01222	0.01756	0.01171	0.01590	0.01016	0.01300	0.16680	0.00327	0.00858	0.00531	0.00288	0.00823
9	0.01062	0.00698	0.01080	0.01337	0.15431	0.00698	0.00826	0.01051	0.00987	0.01350	0.01463	0.02675	0.01473	0.01573	0.01551	0.47196	0.00531	0.15552	0.03023	0.00443
10	0.01539	0.38384	0.27044	0.01264	0.01863	0.01853	0.01375	0.16949	0.01496	0.01971	0.00992	0.01108	0.00781	0.00548	0.00468	0.00152	0.00692	0.00388	0.00312	0.00821
11	0.01449	0.01706	0.17148	0.01290	0.01723	0.07032	0.01185	0.07161	0.47366	0.02252	0.01912	0.01952	0.01460	0.00734	0.00575	0.00189	0.00591	0.02921	0.00487	0.00867
12	0.01406	0.02601	0.46778	0.01961	0.16590	0.17283	0.01833	0.01899	0.01312	0.01736	0.01006	0.01211	0.00762	0.00547	0.00542	0.00172	0.00852	0.00428	0.00261	0.00819
13	0.00680	0.00564	0.00596	0.00621	0.00784	0.00479	0.00453	0.00816	0.01263	0.01529	0.05284	0.19799	0.62133	0.01515	0.00686	0.00201	0.00298	0.01288	0.00531	0.00479
14	0.01224	0.01156	0.01921	0.46249	0.30994	0.01312	0.01615	0.01656	0.05138	0.01664	0.01108	0.01516	0.00869	0.00559	0.00570	0.00183	0.00715	0.00516	0.00282	0.00751
15	0.00697	0.00498	0.00664	0.00796	0.00830	0.00465	0.00531	0.00796	0.01095	0.01460	0.03153	0.79525	0.03783	0.01792	0.00730	0.00232	0.00332	0.01626	0.00531	0.00465
16	0.01668	0.01772	0.02652	0.03735	0.02521	0.16217	0.43173	0.17089	0.01678	0.02111	0.01146	0.01408	0.00862	0.00548	0.00620	0.00180	0.00903	0.00579	0.00349	0.00790
17	0.00740	0.00547	0.00701	0.00808	0.00893	0.00509	0.00594	0.00882	0.01182	0.01529	0.03637	0.49951	0.17645	0.01681	0.00732	0.00231	0.00364	0.16360	0.00530	0.00481
18	0.00701	0.00501	0.00667	0.00794	0.00831	0.00467	0.00531	0.00806	0.01114	0.01490	0.05720	0.76874	0.03840	0.01770	0.00728	0.00230	0.00330	0.01605	0.00534	0.00467
19	0.01620	0.01322	0.01573	0.01625	0.15972	0.01459	0.01090	0.24358	0.34068	0.02614	0.01764	0.01809	0.01348	0.02926	0.00635	0.00190	0.00546	0.00581	0.03602	0.00896

[dist]
# distance from previous block
# <min> <max>
0	1

[block]
# block no. 4 follows, 41 sequences, length 58
# corresponding to MSA columns:
# 600-657
name=unknown_E
#
# <colnr> <probs for GDERKNQSTAVLIFYWHMCP>
#	G	D	E	R	K	N	Q	S	T	A	V	L	I	F	Y	W	H	M	C	P
0	0.06795	0.01647	0.04638	0.09327	0.01964	0.09528	0.01139	0.46350	0.06450	0.04615	0.01313	0.01378	0.00951	0.00655	0.00553	0.00173	0.00669	0.00492	0.00488	0.00876
1	0.01793	0.01101	0.05597	0.01040	0.01401	0.01008	0.00867	0.03502	0.24449	0.34083	0.10588	0.02354	0.01976	0.06680	0.00761	0.00211	0.00479	0.00659	0.00604	0.00849
2	0.00881	0.00660	0.00880	0.01010	0.04059	0.00638	0.00797	0.01104	0.01292	0.01668	0.06912	0.05756	0.17629	0.07335	0.00911	0.00263	0.00476	0.46699	0.00509	0.00520
3	0.01202	0.00842	0.00938	0.16349	0.01494	0.04618	0.00745	0.05043	0.06809	0.02051	0.01657	0.01920	0.01286	0.00653	0.00462	0.00152	0.00435	0.00528	0.52207	0.00609
4	0.01166	0.01209	0.02353	0.35009	0.03161	0.01267	0.34501	0.01571	0.01256	0.01646	0.01518	0.02028	0.06533	0.00637	0.00635	0.00195	0.00809	0.03522	0.00302	0.00681
5	0.06568	0.34814	0.02159	0.01228	0.01585	0.36125	0.01035	0.01943	0.01337	0.01443	0.00832	0.00994	0.00730	0.00575	0.00546	0.00146	0.06629	0.00349	0.00274	0.00687
6	0.00699	0.00500	0.00667	0.00799	0.00833	0.00467	0.00535	0.00801	0.01098	0.01463	0.03151	0.78731	0.03778	0.01790	0.00731	0.00233	0.00334	0.02396	0.00531	0.00465
7	0.02372	0.00925	0.01262	0.00985	0.01386	0.00804	0.00804	0.02578	0.01600	0.68136	0.07710	0.02112	0.01696	0.00794	0.00649	0.03513	0.00471	0.00606	0.00684	0.00912
8	0.01094	0.01046	0.01633	0.69635	0.03620	0.04271	0.01490	0.01445	0.01159	0.01459	0.01171	0.07325	0.00987	0.00664	0.00581	0.00192	0.00741	0.00586	0.00276	0.00624
9	0.01553	0.04398	0.01387	0.01154	0.01500	0.01432	0.00913	0.06874	0.62855	0.07963	0.02209	0.02030	0.01639	0.00755	0.00572	0.00189	0.00471	0.00620	0.00577	0.00907
10	0.02474	0.01138	0.05753	0.01098	0.01557	0.00920	0.00939	0.02742	0.03803	0.68227	0.03453	0.02034	0.01509	0.00752	0.00604	0.00190	0.00526	0.00597	0.00695	0.00988
11	0.01244	0.08715	0.70676	0.01620	0.02437	0.01432	0.02043	0.01847	0.01246	0.01838	0.01077	0.01280	0.00791	0.00585	0.00559	0.00189	0.00847	0.00436	0.00266	0.00870
12	0.01593	0.79429	0.03024	0.01024	0.01515	0.02287	0.01005	0.01756	0.01205	0.01412	0.00866	0.01015	0.00800	0.00535	0.00398	0.00135	0.00634	0.00330	0.00269	0.00768
13	0.01576	0.75907	0.06393	0.01054	0.01561	0.02244	0.01057	0.01761	0.01207	0.01433	0.00876	0.01028	0.00799	0.00538	0.00406	0.00138	0.00644	0.00335	0.00269	0.00773
14	0.12178	0.02050	0.29683	0.01848	0.18142	0.07434	0.01543	0.09396	0.01451	0.05722	0.01348	0.01520	0.03857	0.00642	0.00561	0.00187	0.00730	0.00493	0.00362	0.00853
15	0.01813	0.01336	0.01448	0.01228	0.01602	0.01473	0.00970	0.20823	0.47550	0.11725	0.02136	0.02006	0.01568	0.00789	0.00607	0.00199	0.00524	0.00625	0.00615	0.00963
16	0.01275	0.01093	0.01413	0.05272	0.01656	0.00894	0.06217	0.01569	0.03539	0.03123	0.01221	0.03740	0.01035	0.00540	0.00497	0.00121	0.00505	0.00449	0.00373	0.65467
17	0.00877	0.00678	0.00789	0.00759	0.00927	0.00625	0.00563	0.01176	0.07022	0.02066	0.42816	0.08696	0.28183	0.01304	0.00699	0.00201	0.00319	0.01110	0.00608	0.00581
18	0.01624	0.75639	0.02960	0.01044	0.01530	0.03709	0.01011	0.03905	0.01258	0.01479	0.00885	0.01031	0.00807	0.00543	0.00407	0.00137	0.00642	0.00337	0.00279	0.00774
19	0.00778	0.00557	0.00723	0.00838	0.00885	0.00513	0.00563	0.00871	0.01176	0.01585	0.08461	0.73333	0.03932	0.01779	0.00753	0.00240	0.00352	0.01593	0.00559	0.00507
20	0.01792	0.06557	0.12688	0.01497	0.05476	0.38526	0.01228	0.07515	0.08047	0.01807	0.01516	0.01639	0.06513	0.00763	0.01753	0.00186	0.00853	0.00504	0.00371	0.00769
21	0.01481	0.01403	0.02356	0.03529	0.75564	0.01393	0.01773	0.01799	0.01343	0.01929	0.01144	0.01508	0.00970	0.00556	0.00595	0.00182	0.00701	0.00531	0.00307	0.00938
22	0.01168	0.01075	0.01503	0.01340	0.01382	0.01422	0.01089	0.01301	0.00937	0.01425	0.01093	0.01690	0.01052	0.02181	0.28141	0.00494	0.51231	0.00561	0.00294	0.00621
23	0.00770	0.00551	0.00716	0.00844	0.00884	0.00508	0.00562	0.00850	0.01138	0.01525	0.03198	0.78769	0.03816	0.01824	0.00757	0.00244	0.00357	0.01635	0.00552	0.00502
24	0.09702	0.01105	0.01381	0.01214	0.01382	0.01340	0.00978	0.10891	0.04612	0.05503	0.01348	0.03992	0.01195	0.01906	0.23380	0.00432	0.27975	0.00581	0.00388	0.00696
25	0.01348	0.01429	0.02484	0.02005	0.06585	0.06981	0.40146	0.01664	0.01317	0.01768	0.04985	0.10756	0.01482	0.00902	0.03109	0.00233	0.10955	0.00766	0.00353	0.00732
26	0.00824	0.00639	0.00736	0.00722	0.00890	0.00562	0.00544	0.01013	0.01487	0.01954	0.37047	0.05061	0.39165	0.01368	0.00710	0.00204	0.00321	0.05609	0.00596	0.00548
27	0.01255	0.10926	0.68561	0.01602	0.02408	0.01458	0.02011	0.01844	0.01245	0.01824	0.01071	0.01272	0.00792	0.00583	0.00554	0.00187	0.00841	0.00433	0.00266	0.00867
28	0.01451	0.01419	0.02152	0.22065	0.51966	0.07059	0.01683	0.01765	0.01328	0.01793	0.01114	0.01506	0.00922	0.00577	0.00593	0.00186	0.00748	0.00520	0.00300	0.00853
29	0.01218	0.01025	0.01194	0.00890	0.01365	0.00781	0.00696	0.01439	0.01222	0.01894	0.01243	0.07089	0.01130	0.00572	0.00477	0.00109	0.00441	0.00458	0.00376	0.76383
30	0.00904	0.00631	0.00799	0.00796	0.00850	0.00665	0.00538	0.00980	0.00926	0.01300	0.01749	0.03127	0.01837	0.44626	0.34631	0.00706	0.00985	0.00748	0.02742	0.00460
31	0.01407	0.01327	0.02221	0.20133	0.59540	0.01373	0.01736	0.01734	0.01308	0.01839	0.01130	0.01532	0.00938	0.00569	0.00596	0.00187	0.00719	0.00531	0.00300	0.00878
32	0.01215	0.02985	0.76158	0.01669	0.02512	0.01362	0.02127	0.01854	0.01250	0.01872	0.01095	0.01302	0.00791	0.00589	0.00572	0.00194	0.00865	0.00445	0.00266	0.00878
33	0.01522	0.01192	0.01168	0.01009	0.01295	0.13232	0.00775	0.07134	0.05309	0.13370	0.29829	0.04588	0.06506	0.00939	0.00624	0.00178	0.00505	0.00764	0.00563	0.09498
34	0.00992	0.00803	0.00909	0.00954	0.01115	0.05115	0.00774	0.01220	0.02466	0.01843	0.18197	0.06860	0.18660	0.01440	0.00750	0.00235	0.00473	0.36068	0.00557	0.00569
35	0.01433	0.01256	0.01458	0.02537	0.01644	0.01400	0.06354	0.02824	0.63536	0.02341	0.02475	0.02360	0.06038	0.00833	0.00623	0.00206	0.00510	0.00699	0.00572	0.00899
36	0.01230	0.01107	0.01756	0.72003	0.03799	0.01343	0.01571	0.06917	0.01301	0.01685	0.01111	0.01605	0.00844	0.00626	0.00601	0.00202	0.00773	0.00530	0.00302	0.00696
37	0.01342	0.01384	0.05085	0.01702	0.01931	0.01564	0.20146	0.05759	0.01168	0.01701	0.01067	0.01544	0.00939	0.01261	0.10437	0.00319	0.41050	0.00578	0.00309	0.00714
38	0.18190	0.01236	0.01291	0.01002	0.01446	0.01203	0.00806	0.23667	0.01642	0.02607	0.01191	0.01333	0.00935	0.00584	0.00484	0.00145	0.00506	0.00419	0.04527	0.36787
39	0.00834	0.00611	0.00755	0.00764	0.00878	0.00555	0.00544	0.01005	0.01429	0.01958	0.42043	0.24787	0.14360	0.05723	0.00840	0.00229	0.00330	0.01222	0.00594	0.00537
40	0.01481	0.05479	0.54351	0.01489	0.02203	0.01304	0.01761	0.05275	0.01403	0.13612	0.05001	0.01565	0.01141	0.00650	0.00578	0.00190	0.00762	0.00499	0.00373	0.00885
41	0.01277	0.15471	0.64212	0.01563	0.02349	0.01513	0.01944	0.01838	0.01242	0.01797	0.01057	0.01255	0.00792	0.00580	0.00544	0.00184	0.00827	0.00426	0.00266	0.00860
42	0.00794	0.00574	0.00767	0.00869	0.00922	0.00558	0.00599	0.00895	0.01103	0.01498	0.02872	0.63227	0.03343	0.02326	0.16223	0.00382	0.00598	0.01432	0.00507	0.00511
43	0.00770	0.00551	0.00716	0.00844	0.00884	0.00508	0.00562	0.00850	0.01138	0.01525	0.03198	0.78769	0.03816	0.01824	0.00757	0.00244	0.00357	0.01635	0.00552	0.00502
44	0.01488	0.58156	0.23375	0.01204	0.01792	0.02030	0.01317	0.01784	0.01217	0.01540	0.00930	0.01095	0.00797	0.00550	0.00446	0.00152	0.00698	0.00362	0.00268	0.00799
45	0.18451	0.01292	0.01344	0.01108	0.01487	0.01393	0.00888	0.31141	0.13111	0.12059	0.01890	0.03763	0.05593	0.02006	0.00602	0.00197	0.00536	0.00595	0.01678	0.00867
46	0.00889	0.00662	0.00957	0.00954	0.01058	0.00749	0.00730	0.01065	0.00961	0.01385	0.01605	0.02389	0.01514	0.07285	0.73868	0.00909	0.01505	0.00642	0.00331	0.00541
47	0.01332	0.05202	0.01854	0.01516	0.01547	0.01807	0.01261	0.01441	0.00936	0.01441	0.00824	0.01329	0.00816	0.01016	0.01817	0.00256	0.74155	0.00513	0.00274	0.00666
48	0.01945	0.06234	0.05428	0.01760	0.12476	0.49911	0.01252	0.05252	0.03261	0.01664	0.01053	0.01263	0.00879	0.00734	0.02693	0.00189	0.02485	0.00433	0.00329	0.00759
49	0.01416	0.01584	0.03398	0.02441	0.03020	0.01479	0.73483	0.01875	0.01391	0.01893	0.01224	0.01634	0.00932	0.00528	0.00703	0.00205	0.00982	0.00695	0.00313	0.00805
50	0.00874	0.00636	0.00805	0.00760	0.00903	0.00579	0.00565	0.01115	0.01638	0.02306	0.71203	0.04405	0.09518	0.01224	0.00702	0.00193	0.00297	0.01060	0.00644	0.00573
51	0.01544	0.04180	0.50322	0.01550	0.02228	0.13234	0.01750	0.05541	0.04792	0.07466	0.01235	0.01374	0.00902	0.00625	0.00570	0.00187	0.00834	0.00460	0.00340	0.00866
52	0.00801	0.00602	0.00730	0.00803	0.00912	0.00543	0.00581	0.00929	0.01273	0.01654	0.10391	0.41322	0.25424	0.01641	0.00743	0.00232	0.00362	0.09974	0.00560	0.00521
53	0.02031	0.00860	0.01079	0.00886	0.01219	0.00762	0.00707	0.02239	0.01519	0.48127	0.02457	0.02352	0.07026	0.00794	0.00559	0.00178	0.00430	0.00630	0.25307	0.00837
54	0.00780	0.00555	0.00713	0.00831	0.00868	0.00515	0.00548	0.00853	0.01119	0.01499	0.03097	0.73114	0.03689	0.07651	0.00920	0.00268	0.00373	0.01576	0.00538	0.00493
55	0.01370	0.01526	0.06908	0.03758	0.22850	0.01373	0.43132	0.01770	0.01348	0.01868	0.01341	0.07399	0.01151	0.00638	0.00668	0.00201	0.00848	0.00704	0.00326	0.00821
56	0.01497	0.01655	0.01311	0.01311	0.06932	0.32547	0.00922	0.01751	0.06825	0.01675	0.07561	0.02874	0.25030	0.00972	0.00680	0.00187	0.04433	0.00737	0.00433	0.00667
57	0.01215	0.02985	0.76158	0.01669	0.02512	0.01362	0.02127	0.01854	0.01250	0.01872	0.01095	0.01302	0.00791	0.00589	0.00572	0.00194	0.00865	0.00445	0.00266	0.00878

[dist]
# distance from previous block
# <min> <max>
0	1

[block]
# block no. 5 follows, 41 sequences, length 48
# corresponding to MSA columns:
# 659-706
name=unknown_F
#
# <colnr> <probs for GDERKNQSTAVLIFYWHMCP>
#	G	D	E	R	K	N	Q	S	T	A	V	L	I	F	Y	W	H	M	C	P
0	0.01966	0.02368	0.01589	0.01504	0.04972	0.58948	0.01095	0.02415	0.16372	0.01624	0.01187	0.01276	0.00951	0.00627	0.00533	0.00159	0.00901	0.00432	0.00354	0.00725
1	0.01299	0.01437	0.03033	0.02189	0.02726	0.01333	0.63811	0.01737	0.01324	0.01814	0.01285	0.06741	0.01066	0.00569	0.00662	0.00188	0.00883	0.00715	0.00311	0.06875
2	0.01038	0.00936	0.01335	0.01213	0.01261	0.01234	0.00982	0.01196	0.00908	0.01363	0.01211	0.05123	0.01192	0.02511	0.35740	0.00550	0.40747	0.00602	0.00289	0.00570
3	0.01231	0.01169	0.01982	0.45903	0.35364	0.01312	0.01662	0.01593	0.01216	0.01643	0.01047	0.01484	0.00830	0.00548	0.00572	0.00183	0.00728	0.00511	0.00269	0.00756
4	0.06147	0.01029	0.01227	0.01035	0.01390	0.01039	0.00823	0.02624	0.28032	0.38326	0.04508	0.07786	0.01794	0.00821	0.00583	0.00188	0.00456	0.00681	0.00630	0.00882
5	0.00921	0.00608	0.00795	0.00746	0.00895	0.00556	0.00559	0.01171	0.01578	0.07202	0.64206	0.09628	0.06548	0.01193	0.00674	0.00185	0.00291	0.01052	0.00627	0.00565
6	0.01428	0.58822	0.23434	0.01162	0.01750	0.02007	0.01294	0.01743	0.01178	0.01479	0.00864	0.01005	0.00736	0.00508	0.00418	0.00140	0.00678	0.00340	0.00246	0.00767
7	0.01307	0.01418	0.02633	0.20896	0.02950	0.04832	0.42558	0.01702	0.01260	0.01682	0.01069	0.01478	0.00828	0.00562	0.00754	0.00192	0.08679	0.00590	0.00281	0.04330
8	0.00789	0.00575	0.00740	0.00725	0.00849	0.00528	0.00533	0.01023	0.01521	0.02121	0.60185	0.15672	0.10023	0.01285	0.00685	0.00190	0.00282	0.01136	0.00610	0.00527
9	0.00715	0.00585	0.00630	0.00618	0.00797	0.00500	0.00463	0.00890	0.01386	0.01737	0.23379	0.05200	0.58341	0.01381	0.00678	0.00191	0.00287	0.01165	0.00557	0.00500
10	0.01390	0.01422	0.02691	0.04599	0.48490	0.01391	0.27802	0.01780	0.01319	0.01852	0.01109	0.01470	0.00894	0.00504	0.00608	0.00179	0.00785	0.00571	0.00287	0.00855
11	0.02055	0.01043	0.01285	0.01049	0.01429	0.01026	0.00844	0.05924	0.23053	0.44800	0.09197	0.02201	0.01871	0.00774	0.00589	0.00183	0.00465	0.00638	0.00659	0.00915
12	0.00827	0.00604	0.00779	0.00743	0.00878	0.00567	0.00553	0.01128	0.03997	0.02245	0.68685	0.09243	0.05171	0.01201	0.00677	0.00185	0.00282	0.01063	0.00623	0.00549
13	0.01206	0.01143	0.01936	0.51511	0.29951	0.01305	0.01650	0.01571	0.01204	0.01613	0.01043	0.01492	0.00819	0.00553	0.00572	0.00184	0.00734	0.00510	0.00266	0.00735
14	0.01635	0.01724	0.01956	0.02556	0.43890	0.23478	0.01427	0.07231	0.01501	0.01843	0.01372	0.01589	0.06043	0.00614	0.00562	0.00166	0.00753	0.00519	0.00327	0.00814
15	0.00698	0.00567	0.00619	0.00658	0.00809	0.00490	0.00483	0.00835	0.01256	0.01537	0.05023	0.23712	0.55015	0.01541	0.00696	0.00207	0.00313	0.04526	0.00532	0.00483
16	0.01071	0.00537	0.00537	0.00537	0.00671	0.00536	0.00402	0.01336	0.01203	0.02137	0.01870	0.02139	0.01470	0.00670	0.00402	0.00134	0.00268	0.00535	0.83008	0.00536
17	0.04448	0.01292	0.01427	0.01259	0.06990	0.01405	0.00944	0.47557	0.02144	0.03061	0.01466	0.01568	0.01090	0.00667	0.00522	0.00163	0.00534	0.00514	0.22105	0.00844
18	0.07818	0.01067	0.01320	0.01046	0.01466	0.01024	0.00855	0.07685	0.12633	0.55609	0.02113	0.01874	0.01386	0.00708	0.00563	0.00180	0.00490	0.00565	0.00658	0.00942
19	0.00711	0.00508	0.00675	0.00794	0.00836	0.00473	0.00534	0.00821	0.01137	0.01527	0.08555	0.73893	0.03905	0.01748	0.00728	0.00229	0.00329	0.01583	0.00540	0.00473
20	0.07639	0.74319	0.02840	0.00965	0.01445	0.02192	0.00954	0.01714	0.01151	0.01441	0.00801	0.00926	0.00730	0.00496	0.00368	0.00127	0.00601	0.00308	0.00255	0.00728
21	0.53874	0.01540	0.17506	0.01008	0.01483	0.01300	0.00998	0.07183	0.01203	0.07883	0.01001	0.01104	0.00732	0.00562	0.00430	0.00178	0.00549	0.00371	0.00373	0.00723
22	0.00806	0.00588	0.00756	0.00714	0.00853	0.00539	0.00535	0.01065	0.01600	0.02246	0.71137	0.04362	0.10265	0.01191	0.00677	0.00182	0.00273	0.01048	0.00624	0.00538
23	0.01152	0.02961	0.76876	0.01633	0.02478	0.01331	0.02114	0.01815	0.01211	0.01816	0.01032	0.01215	0.00729	0.00547	0.00546	0.00182	0.00847	0.00424	0.00243	0.00848
24	0.01428	0.01232	0.01297	0.01167	0.01491	0.01425	0.00907	0.03042	0.75240	0.02397	0.02332	0.02140	0.01750	0.00779	0.00584	0.00195	0.00454	0.00648	0.00584	0.00908
25	0.01058	0.00973	0.01586	0.06565	0.01759	0.00867	0.18754	0.01322	0.01196	0.01696	0.01783	0.27944	0.01850	0.00917	0.00602	0.00170	0.00550	0.00873	0.00388	0.29149
26	0.02412	0.01073	0.01378	0.01053	0.01503	0.00976	0.00867	0.13310	0.01763	0.60381	0.02039	0.01813	0.01313	0.00687	0.00566	0.00170	0.00505	0.00551	0.00662	0.06977
27	0.00697	0.00584	0.00606	0.00600	0.00786	0.00493	0.00450	0.00856	0.01345	0.01640	0.14204	0.05361	0.67578	0.01418	0.00678	0.00192	0.00289	0.01188	0.00545	0.00492
28	0.01428	0.01232	0.01297	0.01167	0.01491	0.01425	0.00907	0.03042	0.75240	0.02397	0.02332	0.02140	0.01750	0.00779	0.00584	0.00195	0.00454	0.00648	0.00584	0.00908
29	0.01160	0.06337	0.70230	0.01579	0.02377	0.01344	0.02011	0.01783	0.01213	0.01791	0.01109	0.01431	0.00842	0.00590	0.00548	0.00183	0.00822	0.03567	0.00256	0.00829
30	0.02363	0.01309	0.01536	0.01179	0.01629	0.01336	0.00973	0.40620	0.02196	0.38055	0.01794	0.01650	0.01186	0.00700	0.00576	0.00175	0.00564	0.00545	0.00638	0.00975
31	0.00804	0.00588	0.00753	0.00712	0.00852	0.00538	0.00534	0.01062	0.01596	0.02237	0.70296	0.04377	0.11113	0.01195	0.00677	0.00182	0.00273	0.01050	0.00623	0.00538
32	0.01421	0.01362	0.02324	0.03512	0.76273	0.01362	0.01757	0.01759	0.01305	0.01873	0.01081	0.01423	0.00911	0.00513	0.00568	0.00171	0.00681	0.00511	0.00285	0.00908
33	0.01317	0.01256	0.02137	0.26700	0.53896	0.01334	0.01705	0.01668	0.01256	0.01747	0.01063	0.01456	0.00866	0.00532	0.00570	0.00177	0.00707	0.00511	0.00276	0.00825
34	0.00702	0.00502	0.00668	0.00800	0.00834	0.00468	0.00533	0.00800	0.01098	0.01465	0.03156	0.79468	0.03786	0.01794	0.00732	0.00233	0.00334	0.01627	0.00533	0.00467
35	0.01294	0.01233	0.02096	0.31819	0.48956	0.01328	0.01694	0.01648	0.01246	0.01720	0.01059	0.01464	0.00857	0.00537	0.00571	0.00179	0.00712	0.00511	0.00274	0.00806
36	0.01127	0.01078	0.01728	0.59556	0.03343	0.01392	0.01507	0.01444	0.01081	0.01445	0.00956	0.01465	0.00765	0.00681	0.00894	0.00206	0.19933	0.00508	0.00255	0.00636
37	0.02318	0.01173	0.01562	0.01198	0.01645	0.01131	0.06246	0.18329	0.06919	0.50184	0.01993	0.01812	0.01307	0.00695	0.00584	0.00179	0.00552	0.00576	0.00641	0.00956
38	0.00938	0.00617	0.00803	0.00740	0.00900	0.00563	0.00560	0.01199	0.01613	0.07693	0.68282	0.04149	0.07443	0.01148	0.00669	0.00181	0.00288	0.01008	0.00634	0.00572
39	0.02141	0.02728	0.01624	0.01477	0.01772	0.77542	0.01107	0.02287	0.01624	0.01405	0.00889	0.01039	0.00742	0.00593	0.00518	0.00148	0.01033	0.00370	0.00296	0.00666
40	0.00702	0.00502	0.00668	0.00800	0.00834	0.00468	0.00533	0.00800	0.01098	0.01465	0.03156	0.79468	0.03786	0.01794	0.00732	0.00233	0.00334	0.01627	0.00533	0.00467
41	0.01275	0.01018	0.01198	0.00861	0.01365	0.00770	0.00690	0.01525	0.01217	0.06408	0.01097	0.01239	0.00887	0.00444	0.00435	0.00091	0.00429	0.00355	0.00363	0.78333
42	0.01128	0.01082	0.01881	0.67758	0.08855	0.01292	0.06893	0.01512	0.01173	0.01521	0.01036	0.01526	0.00785	0.00564	0.00581	0.00190	0.00773	0.00522	0.00261	0.00667
43	0.01993	0.01573	0.01553	0.01259	0.01660	0.10162	0.01013	0.43173	0.18254	0.08355	0.01732	0.01677	0.03487	0.00724	0.00574	0.00176	0.00617	0.00555	0.00553	0.00910
44	0.01307	0.01263	0.02071	0.28065	0.46130	0.02718	0.01655	0.01643	0.01227	0.01693	0.01031	0.01434	0.00845	0.00564	0.00655	0.00182	0.05944	0.00506	0.00272	0.00794
45	0.02009	0.03966	0.01665	0.01262	0.01695	0.01702	0.01039	0.60613	0.11895	0.03312	0.01622	0.01592	0.03522	0.00717	0.00570	0.00174	0.00595	0.00548	0.00562	0.00941
46	0.01773	0.01019	0.01232	0.00961	0.01389	0.00910	0.00774	0.04574	0.13042	0.32098	0.02087	0.01967	0.06796	0.00678	0.00533	0.00150	0.00450	0.00552	0.00547	0.28467
47	0.01349	0.35144	0.31632	0.01568	0.11402	0.02978	0.01520	0.01742	0.01212	0.01611	0.01023	0.01346	0.00868	0.00564	0.00483	0.00158	0.00715	0.03635	0.00262	0.00789

[dist]
# distance from previous block
# <min> <max>
7	29

[block]
# block no. 6 follows, 41 sequences, length 30
# corresponding to MSA columns:
# 741-770
name=unknown_G
#
# <colnr> <probs for GDERKNQSTAVLIFYWHMCP>
#	G	D	E	R	K	N	Q	S	T	A	V	L	I	F	Y	W	H	M	C	P
0	0.49457	0.05371	0.01225	0.00944	0.01334	0.01435	0.00784	0.19511	0.06163	0.07353	0.01125	0.01176	0.00832	0.00593	0.00436	0.00174	0.00500	0.00397	0.00438	0.00751
1	0.02043	0.01340	0.01496	0.01160	0.01574	0.01417	0.00948	0.49949	0.02231	0.14939	0.01502	0.01519	0.01067	0.00740	0.00640	0.04522	0.00564	0.00514	0.05690	0.06143
2	0.01071	0.00878	0.00966	0.08331	0.01327	0.08589	0.00747	0.01357	0.08395	0.06326	0.02579	0.51569	0.02834	0.01384	0.00669	0.00212	0.00466	0.01228	0.00496	0.00576
3	0.19775	0.01889	0.01742	0.01443	0.01788	0.33463	0.14232	0.06303	0.02981	0.01898	0.00996	0.01201	0.00797	0.00654	0.01847	0.00183	0.05684	0.00441	0.01993	0.00689
4	0.05034	0.01157	0.01240	0.00997	0.01370	0.05858	0.00788	0.12328	0.03872	0.02042	0.01332	0.09267	0.01210	0.00908	0.05521	0.00187	0.04664	0.00533	0.00392	0.41299
5	0.07851	0.11309	0.42625	0.01361	0.01999	0.01459	0.01555	0.13508	0.04307	0.02159	0.05750	0.01405	0.01087	0.00607	0.00522	0.00173	0.00701	0.00462	0.00341	0.00819
6	0.02152	0.02264	0.01660	0.01409	0.01771	0.46433	0.01098	0.31936	0.02060	0.02306	0.01085	0.01172	0.00834	0.00629	0.00539	0.00157	0.00866	0.00429	0.00409	0.00790
7	0.01225	0.01040	0.01207	0.00866	0.01372	0.00802	0.00694	0.04305	0.01245	0.01932	0.01031	0.01193	0.00852	0.00434	0.00429	0.00088	0.00432	0.00346	0.00348	0.80160
8	0.00781	0.00563	0.00732	0.00731	0.00840	0.00521	0.00529	0.00999	0.01465	0.02045	0.55045	0.21860	0.06693	0.03661	0.00754	0.00204	0.00293	0.01171	0.00596	0.00515
9	0.01300	0.01904	0.22599	0.02264	0.06682	0.01411	0.51562	0.01823	0.01310	0.01829	0.01119	0.01448	0.00832	0.00500	0.00635	0.00189	0.00918	0.00600	0.00276	0.00798
10	0.01018	0.01599	0.32852	0.01112	0.01559	0.00882	0.01212	0.01449	0.01440	0.04997	0.40109	0.02916	0.04730	0.00893	0.00616	0.00181	0.00521	0.00762	0.00467	0.00684
11	0.07279	0.01527	0.01611	0.01262	0.01698	0.01701	0.01036	0.61373	0.11154	0.03396	0.01449	0.01435	0.01042	0.00687	0.00559	0.00175	0.00597	0.00517	0.00559	0.00942
12	0.00811	0.00604	0.00779	0.00874	0.01001	0.00572	0.00710	0.01010	0.01274	0.01629	0.05230	0.21229	0.21897	0.01582	0.00746	0.00237	0.00421	0.38361	0.00531	0.00503
13	0.02003	0.38891	0.02169	0.01075	0.01515	0.14295	0.00950	0.02194	0.01409	0.28406	0.01334	0.01306	0.00979	0.00584	0.00466	0.00146	0.00637	0.00413	0.00419	0.00808
14	0.01203	0.01141	0.02263	0.01731	0.02101	0.01082	0.41878	0.01536	0.01299	0.06398	0.06588	0.23826	0.02015	0.00927	0.00720	0.00204	0.03049	0.00956	0.00404	0.00678
15	0.00697	0.00498	0.00664	0.00796	0.00830	0.00465	0.00531	0.00796	0.01095	0.01460	0.03153	0.79525	0.03783	0.01792	0.00730	0.00232	0.00332	0.01626	0.00531	0.00465
16	0.01423	0.01229	0.01293	0.01164	0.01487	0.01423	0.00905	0.03039	0.75297	0.02393	0.02328	0.02134	0.01746	0.00776	0.00582	0.00194	0.00453	0.00647	0.00582	0.00905
17	0.01855	0.06303	0.06499	0.10171	0.05288	0.01181	0.07738	0.04739	0.10534	0.33884	0.04665	0.01820	0.01363	0.00664	0.00573	0.00178	0.00593	0.00571	0.00517	0.00864
