[name]
unknown

[dist]
# distance from previous block
# <min> <max>
0	95

[block]
# block no. 0 follows, 40 sequences, length 46
# corresponding to MSA columns:
# 100-145
name=unknown_A
#
# <colnr> <probs for GDERKNQSTAVLIFYWHMCP>
#	G	D	E	R	K	N	Q	S	T	A	V	L	I	F	Y	W	H	M	C	P
0	0.35307	0.04880	0.37455	0.01288	0.01889	0.01385	0.03989	0.01769	0.01121	0.02128	0.00934	0.01114	0.00699	0.00559	0.00518	0.00183	0.03349	0.00390	0.00295	0.00750
1	0.04830	0.05539	0.56001	0.01466	0.02202	0.01293	0.01781	0.01955	0.02784	0.11206	0.03067	0.01395	0.00963	0.00589	0.00543	0.00179	0.00755	0.00458	0.00329	0.02666
2	0.05739	0.01284	0.04024	0.01103	0.01497	0.01270	0.00919	0.36824	0.02060	0.08708	0.16190	0.05419	0.02003	0.00805	0.00582	0.00170	0.00519	0.00650	0.00554	0.09680
3	0.01580	0.58733	0.10205	0.01131	0.01625	0.12755	0.01121	0.01811	0.01244	0.01423	0.00869	0.01022	0.00768	0.00639	0.02839	0.00160	0.00736	0.00342	0.00258	0.00740
4	0.01225	0.01027	0.01192	0.00894	0.01359	0.00828	0.00707	0.05435	0.03892	0.01975	0.01293	0.08151	0.01165	0.00581	0.00472	0.00108	0.00435	0.00481	0.00384	0.68395
5	0.02230	0.01461	0.01624	0.01260	0.01711	0.01571	0.01036	0.52803	0.08697	0.18991	0.01670	0.01586	0.01152	0.00710	0.00583	0.00178	0.00594	0.00548	0.00612	0.00983
6	0.00734	0.00529	0.00695	0.00784	0.00847	0.00490	0.00538	0.00876	0.01242	0.01681	0.19839	0.59567	0.06685	0.01665	0.00727	0.00223	0.00322	0.01501	0.00563	0.00490
7	0.01341	0.01465	0.03039	0.13731	0.12993	0.01432	0.53513	0.01797	0.01335	0.01812	0.01144	0.01549	0.00872	0.00507	0.00656	0.00193	0.00911	0.00639	0.00288	0.00782
8	0.02572	0.00998	0.01348	0.01039	0.01485	0.00873	0.00857	0.02842	0.03975	0.74006	0.02296	0.01985	0.01450	0.00722	0.00585	0.00180	0.00494	0.00587	0.00716	0.00987
9	0.00709	0.00506	0.00675	0.00810	0.00843	0.00472	0.00540	0.00810	0.01113	0.01484	0.03205	0.79184	0.03846	0.01822	0.00742	0.00236	0.00337	0.01653	0.00540	0.00472
10	0.01166	0.03008	0.76550	0.01657	0.02517	0.01351	0.02149	0.01842	0.01228	0.01842	0.01044	0.01228	0.00737	0.00552	0.00552	0.00184	0.00859	0.00430	0.00246	0.00859
11	0.02145	0.01543	0.05394	0.01283	0.01751	0.01573	0.01093	0.49946	0.10351	0.16377	0.01644	0.01576	0.01142	0.00705	0.00582	0.00178	0.00605	0.00544	0.00590	0.00975
12	0.01106	0.01044	0.01746	0.74808	0.03897	0.01313	0.01600	0.01482	0.01151	0.01482	0.01022	0.01538	0.00775	0.00601	0.00640	0.00196	0.04180	0.00516	0.00258	0.00646
13	0.01373	0.01569	0.03431	0.02451	0.03039	0.01471	0.73824	0.01863	0.01373	0.01863	0.01176	0.01569	0.00882	0.00490	0.00686	0.00196	0.00980	0.00686	0.00294	0.00784
14	0.01474	0.64000	0.18256	0.01132	0.01704	0.02104	0.01234	0.01762	0.01191	0.01466	0.00857	0.00994	0.00744	0.00509	0.00410	0.00137	0.00671	0.00336	0.00248	0.00770
15	0.01418	0.48016	0.31717	0.01266	0.01900	0.03741	0.01449	0.01795	0.01211	0.01554	0.00902	0.01051	0.00743	0.00521	0.00447	0.00148	0.00725	0.00359	0.00249	0.00789
16	0.00687	0.00589	0.00589	0.00589	0.00785	0.00491	0.00442	0.00835	0.01325	0.01571	0.05891	0.05596	0.75700	0.01473	0.00687	0.00196	0.00295	0.01227	0.00540	0.00491
17	0.00749	0.00535	0.00721	0.00856	0.00908	0.00507	0.00611	0.00880	0.01153	0.01530	0.03183	0.66253	0.03757	0.01784	0.00753	0.00242	0.00373	0.14182	0.00539	0.00484
18	0.01351	0.01299	0.02238	0.22431	0.55440	0.01362	0.03989	0.01711	0.01285	0.01794	0.01081	0.01471	0.00883	0.00533	0.00581	0.00179	0.00721	0.00523	0.00281	0.00847
19	0.01175	0.01082	0.01810	0.56268	0.20225	0.01266	0.01578	0.01546	0.01203	0.01623	0.01101	0.01564	0.00853	0.00573	0.00569	0.00185	0.00724	0.00519	0.05432	0.00702
20	0.00709	0.00506	0.00675	0.00810	0.00843	0.00472	0.00540	0.00810	0.01113	0.01484	0.03205	0.79184	0.03846	0.01822	0.00742	0.00236	0.00337	0.01653	0.00540	0.00472
21	0.00832	0.00620	0.00918	0.00918	0.01016	0.00718	0.00706	0.01028	0.00930	0.01338	0.01573	0.02368	0.01490	0.08479	0.73191	0.00914	0.01503	0.00635	0.00314	0.00510
22	0.01166	0.03008	0.76550	0.01657	0.02517	0.01351	0.02149	0.01842	0.01228	0.01842	0.01044	0.01228	0.00737	0.00552	0.00552	0.00184	0.00859	0.00430	0.00246	0.00859
23	0.00709	0.00506	0.00675	0.00810	0.00843	0.00472	0.00540	0.00810	0.01113	0.01484	0.03205	0.79184	0.03846	0.01822	0.00742	0.00236	0.00337	0.01653	0.00540	0.00472
24	0.01439	0.01382	0.02360	0.03569	0.75936	0.01382	0.01785	0.01785	0.01324	0.01900	0.01094	0.01439	0.00921	0.00518	0.00576	0.00173	0.00691	0.00518	0.00288	0.00921
25	0.02596	0.01011	0.01363	0.01045	0.01495	0.00886	0.00863	0.05185	0.01700	0.73937	0.02265	0.01960	0.01425	0.00719	0.00585	0.00180	0.00500	0.00583	0.00715	0.00990
26	0.02494	0.01015	0.01346	0.01049	0.01487	0.00913	0.00861	0.02859	0.08932	0.69003	0.02301	0.01998	0.01473	0.00727	0.00585	0.00182	0.00491	0.00592	0.00707	0.00983
27	0.00816	0.00594	0.00768	0.00725	0.00865	0.00546	0.00543	0.01085	0.01630	0.02295	0.72219	0.04405	0.08920	0.01203	0.00686	0.00184	0.00275	0.01060	0.00635	0.00546
28	0.01488	0.66670	0.15704	0.01109	0.01669	0.02137	0.01194	0.01759	0.01190	0.01450	0.00849	0.00984	0.00745	0.00507	0.00404	0.00135	0.00663	0.00331	0.00248	0.00766
29	0.80746	0.01143	0.00887	0.00785	0.01149	0.01322	0.00647	0.04305	0.01052	0.02647	0.00831	0.00961	0.00643	0.00545	0.00368	0.00180	0.00457	0.00322	0.00368	0.00643
30	0.00709	0.00506	0.00675	0.00810	0.00843	0.00472	0.00540	0.00810	0.01113	0.01484	0.03205	0.79184	0.03846	0.01822	0.00742	0.00236	0.00337	0.01653	0.00540	0.00472
31	0.02302	0.01483	0.01655	0.01269	0.01731	0.01587	0.01048	0.57743	0.02490	0.20263	0.01601	0.01529	0.01092	0.00703	0.00582	0.00176	0.00607	0.00538	0.00613	0.00989
32	0.01439	0.01382	0.02360	0.03569	0.75936	0.01382	0.01785	0.01785	0.01324	0.01900	0.01094	0.01439	0.00921	0.00518	0.00576	0.00173	0.00691	0.00518	0.00288	0.00921
33	0.01046	0.00797	0.01015	0.01088	0.01264	0.00841	0.00921	0.01623	0.18129	0.01890	0.02920	0.07822	0.03003	0.01426	0.00753	0.00251	0.00512	0.53527	0.00548	0.00621
34	0.00718	0.00590	0.00632	0.00622	0.00804	0.00504	0.00466	0.00895	0.01399	0.01745	0.21819	0.05310	0.59663	0.01408	0.00687	0.00193	0.00290	0.01187	0.00563	0.00504
35	0.01418	0.01418	0.02720	0.02029	0.02480	0.01438	0.47795	0.01986	0.10838	0.05949	0.01422	0.01851	0.01122	0.00659	0.00832	0.00206	0.10883	0.03810	0.00361	0.00783
36	0.01446	0.01249	0.01315	0.01183	0.01512	0.01446	0.00920	0.03090	0.74885	0.02433	0.02367	0.02170	0.01775	0.00789	0.00592	0.00197	0.00460	0.00657	0.00592	0.00920
37	0.01206	0.01034	0.01206	0.00861	0.01378	0.00775	0.00689	0.01464	0.01206	0.01895	0.01034	0.01206	0.00861	0.00431	0.00431	0.00086	0.00431	0.00345	0.00345	0.83118
38	0.01555	0.79913	0.03047	0.00995	0.01493	0.02301	0.00995	0.01741	0.01182	0.01368	0.00808	0.00933	0.00746	0.00498	0.00373	0.00124	0.00622	0.00311	0.00249	0.00746
39	0.02609	0.00990	0.01350	0.01035	0.01484	0.00855	0.00855	0.02834	0.01664	0.76338	0.02294	0.01979	0.01439	0.00720	0.00585	0.00180	0.00495	0.00585	0.00720	0.00990
40	0.01555	0.79913	0.03047	0.00995	0.01493	0.02301	0.00995	0.01741	0.01182	0.01368	0.00808	0.00933	0.00746	0.00498	0.00373	0.00124	0.00622	0.00311	0.00249	0.00746
41	0.00744	0.00532	0.00685	0.00782	0.00832	0.00499	0.00529	0.00857	0.01145	0.01528	0.09331	0.56830	0.07264	0.11360	0.01012	0.00272	0.00366	0.04440	0.00525	0.00468
42	0.01555	0.79913	0.03047	0.00995	0.01493	0.02301	0.00995	0.01741	0.01182	0.01368	0.00808	0.00933	0.00746	0.00498	0.00373	0.00124	0.00622	0.00311	0.00249	0.00746
43	0.01006	0.00626	0.00827	0.00776	0.00934	0.00572	0.00582	0.01251	0.01574	0.10467	0.57383	0.14483	0.04808	0.01225	0.00682	0.00190	0.00308	0.01083	0.00635	0.00587
44	0.01493	0.01265	0.01334	0.01182	0.01519	0.01453	0.00924	0.09121	0.66831	0.02517	0.02373	0.02190	0.03575	0.00798	0.00593	0.00195	0.00471	0.00660	0.00590	0.00915
45	0.01795	0.04915	0.05191	0.01337	0.01634	0.50988	0.01062	0.02069	0.05274	0.01654	0.14277	0.01704	0.01644	0.00722	0.00598	0.00162	0.03416	0.00514	0.00369	0.00674

[dist]
# distance from previous block
# <min> <max>
7	13

[block]
# block no. 1 follows, 40 sequences, length 71
# corresponding to MSA columns:
# 159-229
name=unknown_B
#
# <colnr> <probs for GDERKNQSTAVLIFYWHMCP>
#	G	D	E	R	K	N	Q	S	T	A	V	L	I	F	Y	W	H	M	C	P
0	0.01903	0.04215	0.01364	0.01064	0.01455	0.01152	0.00860	0.05299	0.30103	0.32222	0.03868	0.01999	0.01583	0.00726	0.00564	0.00176	0.00474	0.00592	0.03626	0.06754
1	0.00834	0.00630	0.00772	0.00825	0.00927	0.00608	0.00569	0.01111	0.09122	0.01614	0.05779	0.53445	0.06194	0.08813	0.00909	0.00250	0.00373	0.01353	0.00520	0.05352
2	0.06395	0.01189	0.01293	0.01142	0.02828	0.01314	0.00872	0.22775	0.28555	0.05912	0.01950	0.05253	0.01641	0.12470	0.00939	0.00247	0.00530	0.03348	0.00536	0.00810
3	0.01525	0.01178	0.01409	0.07224	0.07149	0.01292	0.01016	0.02676	0.48086	0.11082	0.02110	0.02150	0.01600	0.00754	0.00587	0.00189	0.00506	0.03218	0.00543	0.05705
4	0.12794	0.01903	0.01511	0.01273	0.01639	0.30227	0.01004	0.28825	0.03439	0.05450	0.05531	0.01416	0.01148	0.00671	0.00537	0.00167	0.00739	0.00476	0.00455	0.00795
5	0.04451	0.01063	0.01275	0.01055	0.01427	0.01073	0.00846	0.05591	0.26408	0.37941	0.10418	0.02252	0.01962	0.00789	0.00591	0.00186	0.00463	0.00651	0.00651	0.00906
6	0.01319	0.00735	0.00982	0.00998	0.04041	0.00691	0.00703	0.01594	0.06626	0.21969	0.11031	0.41147	0.03115	0.01325	0.00676	0.00210	0.00396	0.01179	0.00594	0.00671
7	0.01601	0.74137	0.02942	0.01033	0.01515	0.07911	0.01005	0.01785	0.01217	0.01372	0.00815	0.00942	0.00746	0.00505	0.00384	0.00126	0.00654	0.00316	0.00253	0.00741
8	0.00709	0.00506	0.00675	0.00810	0.00843	0.00472	0.00540	0.00810	0.01113	0.01484	0.03205	0.79184	0.03846	0.01822	0.00742	0.00236	0.00337	0.01653	0.00540	0.00472
9	0.01912	0.35253	0.02237	0.01286	0.01669	0.45679	0.01069	0.02078	0.01452	0.01400	0.00861	0.01000	0.00748	0.00556	0.00461	0.00139	0.00869	0.00348	0.00278	0.00705
10	0.02146	0.01468	0.01583	0.01250	0.01674	0.04188	0.01018	0.49835	0.07508	0.16371	0.01705	0.05711	0.01270	0.00765	0.00590	0.00180	0.00599	0.00599	0.00595	0.00945
11	0.00818	0.00588	0.00783	0.00809	0.00923	0.00553	0.00615	0.01052	0.01472	0.02037	0.46508	0.21550	0.04739	0.01405	0.00719	0.00210	0.00335	0.13757	0.00599	0.00529
12	0.00709	0.00506	0.00675	0.00810	0.00843	0.00472	0.00540	0.00810	0.01113	0.01484	0.03205	0.79184	0.03846	0.01822	0.00742	0.00236	0.00337	0.01653	0.00540	0.00472
13	0.83671	0.01125	0.00855	0.00765	0.01125	0.01305	0.00630	0.01709	0.00990	0.02609	0.00810	0.00945	0.00630	0.00540	0.00360	0.00180	0.00450	0.00315	0.00360	0.00630
14	0.01425	0.01452	0.05133	0.03436	0.69109	0.01386	0.05892	0.01791	0.01323	0.01896	0.01097	0.01439	0.00912	0.00518	0.00581	0.00174	0.00713	0.00524	0.00287	0.00911
15	0.03483	0.73154	0.07312	0.01052	0.01568	0.02234	0.01067	0.01769	0.01202	0.01459	0.00859	0.01000	0.00777	0.00525	0.00399	0.00136	0.00643	0.00330	0.00264	0.00768
16	0.00870	0.00665	0.00959	0.00969	0.01056	0.00760	0.00738	0.01042	0.00989	0.01412	0.01852	0.16638	0.01891	0.03699	0.58265	0.00768	0.05708	0.00819	0.00363	0.00536
17	0.80382	0.01166	0.00912	0.00809	0.01175	0.01340	0.00662	0.04272	0.01074	0.02673	0.00867	0.01011	0.00677	0.00569	0.00384	0.00186	0.00469	0.00334	0.00379	0.00661
18	0.02636	0.01014	0.01372	0.01058	0.01509	0.00875	0.00869	0.02850	0.01683	0.75953	0.02322	0.02024	0.01469	0.00742	0.00599	0.00186	0.00507	0.00595	0.00729	0.01006
19	0.00746	0.00533	0.00701	0.00834	0.00871	0.00495	0.00556	0.00837	0.01136	0.01518	0.03228	0.78796	0.03863	0.01838	0.00756	0.00242	0.00350	0.01658	0.00551	0.00491
20	0.01370	0.01299	0.02191	0.26143	0.53785	0.01372	0.01742	0.01716	0.01296	0.01805	0.01110	0.01520	0.00910	0.00561	0.00592	0.00186	0.00727	0.00529	0.00291	0.00854
21	0.01587	0.79496	0.03061	0.01018	0.01517	0.02313	0.01008	0.01764	0.01203	0.01402	0.00845	0.00983	0.00780	0.00521	0.00389	0.00131	0.00633	0.00323	0.00261	0.00764
22	0.00725	0.00616	0.00616	0.00615	0.00813	0.00513	0.00458	0.00862	0.01346	0.01604	0.05899	0.05620	0.75315	0.01491	0.00701	0.00203	0.00308	0.01234	0.00551	0.00510
23	0.00860	0.00621	0.00803	0.00756	0.00896	0.00571	0.00565	0.01123	0.01665	0.02360	0.75247	0.04375	0.05494	0.01209	0.00700	0.00189	0.00287	0.01060	0.00650	0.00567
24	0.00725	0.00616	0.00616	0.00615	0.00813	0.00513	0.00458	0.00862	0.01346	0.01604	0.05899	0.05620	0.75315	0.01491	0.00701	0.00203	0.00308	0.01234	0.00551	0.00510
25	0.02170	0.02733	0.01674	0.01520	0.01811	0.74167	0.01142	0.02309	0.01640	0.01456	0.00930	0.01106	0.00783	0.00637	0.00588	0.00160	0.03783	0.00391	0.00310	0.00691
26	0.02573	0.01000	0.01352	0.01047	0.01487	0.00864	0.00858	0.02789	0.01683	0.73349	0.04903	0.02107	0.01612	0.00759	0.00603	0.00186	0.00499	0.00612	0.00727	0.00990
27	0.02202	0.02786	0.01669	0.01519	0.01820	0.76822	0.01136	0.02341	0.01667	0.01457	0.00935	0.01098	0.00783	0.00622	0.00539	0.00156	0.01057	0.00386	0.00312	0.00692
28	0.01241	0.01058	0.01229	0.00885	0.01403	0.00796	0.00704	0.01488	0.01227	0.01926	0.01069	0.01254	0.00895	0.00455	0.00446	0.00093	0.00443	0.00357	0.00356	0.82675
29	0.02432	0.01121	0.01414	0.01106	0.01541	0.01057	0.00903	0.14228	0.06846	0.56746	0.04668	0.02023	0.01557	0.00759	0.00603	0.00187	0.00520	0.00606	0.00696	0.00986
30	0.01750	0.01508	0.04951	0.01540	0.01971	0.01521	0.17323	0.40618	0.02098	0.02843	0.06198	0.08955	0.01532	0.00816	0.00687	0.00195	0.03421	0.00706	0.00503	0.00866
31	0.01241	0.01058	0.01229	0.00885	0.01403	0.00796	0.00704	0.01488	0.01227	0.01926	0.01069	0.01254	0.00895	0.00455	0.00446	0.00093	0.00443	0.00357	0.00356	0.82675
32	0.01241	0.01058	0.01229	0.00885	0.01403	0.00796	0.00704	0.01488	0.01227	0.01926	0.01069	0.01254	0.00895	0.00455	0.00446	0.00093	0.00443	0.00357	0.00356	0.82675
33	0.00746	0.00533	0.00701	0.00834	0.00871	0.00495	0.00556	0.00837	0.01136	0.01518	0.03228	0.78796	0.03863	0.01838	0.00756	0.00242	0.00350	0.01658	0.00551	0.00491
34	0.02101	0.01569	0.01675	0.01319	0.01757	0.01737	0.01075	0.61482	0.13392	0.03470	0.01584	0.01576	0.01149	0.00734	0.00594	0.00183	0.00616	0.00555	0.02448	0.00985
35	0.00746	0.00533	0.00701	0.00834	0.00871	0.00495	0.00556	0.00837	0.01136	0.01518	0.03228	0.78796	0.03863	0.01838	0.00756	0.00242	0.00350	0.01658	0.00551	0.00491
36	0.00750	0.00536	0.00705	0.00831	0.00872	0.00497	0.00556	0.00847	0.01154	0.01548	0.05783	0.76156	0.03921	0.01816	0.00754	0.00240	0.00348	0.01637	0.00554	0.00494
37	0.00852	0.00621	0.00792	0.00748	0.00891	0.00567	0.00558	0.01108	0.01646	0.02316	0.71164	0.04448	0.09605	0.01225	0.00700	0.00190	0.00289	0.01070	0.00644	0.00564
38	0.00746	0.00533	0.00701	0.00834	0.00871	0.00495	0.00556	0.00837	0.01136	0.01518	0.03228	0.78796	0.03863	0.01838	0.00756	0.00242	0.00350	0.01658	0.00551	0.00491
39	0.01307	0.01295	0.01802	0.01547	0.01551	0.01796	0.01284	0.01424	0.00914	0.01433	0.00800	0.01320	0.00797	0.01039	0.01916	0.00260	0.78075	0.00520	0.00267	0.00654
40	0.04623	0.01301	0.01779	0.42246	0.03006	0.03921	0.04766	0.21282	0.01667	0.07809	0.01256	0.01550	0.00916	0.00641	0.00591	0.00192	0.00734	0.00531	0.00400	0.00790
41	0.00755	0.00538	0.00704	0.00825	0.00865	0.00500	0.00550	0.00849	0.01147	0.01538	0.05926	0.73483	0.03868	0.04370	0.00827	0.00251	0.00355	0.01609	0.00548	0.00490
42	0.00746	0.00533	0.00701	0.00834	0.00871	0.00495	0.00556	0.00837	0.01136	0.01518	0.03228	0.78796	0.03863	0.01838	0.00756	0.00242	0.00350	0.01658	0.00551	0.00491
43	0.01119	0.00569	0.00569	0.00568	0.00706	0.00564	0.00423	0.01379	0.01241	0.02197	0.01927	0.02211	0.01520	0.00700	0.00422	0.00142	0.00284	0.00553	0.82343	0.00561
44	0.03837	0.25979	0.37961	0.01598	0.02281	0.01677	0.15153	0.01833	0.01255	0.01756	0.01025	0.01242	0.00797	0.00547	0.00532	0.00175	0.00808	0.00450	0.00271	0.00821
45	0.01309	0.01248	0.01826	0.25464	0.02375	0.01638	0.03063	0.05650	0.01116	0.01601	0.00930	0.01421	0.00817	0.00872	0.01397	0.00236	0.47541	0.00527	0.00288	0.00681
46	0.00870	0.00639	0.00904	0.00903	0.00990	0.00718	0.00673	0.01029	0.00941	0.01343	0.01640	0.02608	0.01606	0.18269	0.63106	0.00868	0.01380	0.00675	0.00331	0.00507
47	0.01270	0.01222	0.02128	0.46275	0.27169	0.01356	0.08712	0.01643	0.01257	0.01689	0.01102	0.01563	0.00866	0.00575	0.00604	0.00194	0.00778	0.00545	0.00284	0.00766
48	0.00847	0.00621	0.00785	0.00742	0.00888	0.00565	0.00554	0.01097	0.01634	0.02286	0.68385	0.04498	0.12403	0.01237	0.00700	0.00191	0.00289	0.01077	0.00640	0.00562
49	0.00746	0.00533	0.00701	0.00834	0.00871	0.00495	0.00556	0.00837	0.01136	0.01518	0.03228	0.78796	0.03863	0.01838	0.00756	0.00242	0.00350	0.01658	0.00551	0.00491
50	0.02257	0.01621	0.01748	0.01346	0.01812	0.01776	0.01107	0.70460	0.02700	0.06908	0.01469	0.01469	0.01041	0.00722	0.00597	0.00181	0.00645	0.00537	0.00598	0.01005
51	0.01823	0.01248	0.01387	0.01186	0.01558	0.01360	0.00937	0.09829	0.50576	0.19754	0.02285	0.02095	0.01650	0.00786	0.00604	0.00197	0.00498	0.00638	0.00631	0.00960
52	0.00918	0.00635	0.00817	0.00762	0.00915	0.00579	0.00572	0.01175	0.01654	0.04937	0.70117	0.04337	0.07918	0.01203	0.00696	0.00190	0.00296	0.01050	0.00649	0.00581
53	0.01307	0.01295	0.01802	0.01547	0.01551	0.01796	0.01284	0.01424	0.00914	0.01433	0.00800	0.01320	0.00797	0.01039	0.01916	0.00260	0.78075	0.00520	0.00267	0.00654
54	0.01299	0.01080	0.01184	0.01085	0.01358	0.01201	0.00840	0.02516	0.52670	0.02406	0.21200	0.02952	0.02820	0.00947	0.00639	0.00203	0.00428	0.03733	0.00612	0.00826
55	0.01307	0.01295	0.01802	0.01547	0.01551	0.01796	0.01284	0.01424	0.00914	0.01433	0.00800	0.01320	0.00797	0.01039	0.01916	0.00260	0.78075	0.00520	0.00267	0.00654
56	0.02240	0.01650	0.01766	0.01359	0.01826	0.01818	0.01118	0.73615	0.02747	0.03686	0.01429	0.01444	0.01021	0.00721	0.00596	0.00181	0.00651	0.00535	0.00592	0.01005
57	0.02339	0.01490	0.01667	0.01284	0.01746	0.01581	0.01056	0.55849	0.02480	0.21829	0.01653	0.01589	0.01134	0.00726	0.00597	0.00182	0.00615	0.00550	0.00627	0.01005
58	0.00917	0.00634	0.00812	0.00761	0.00914	0.00577	0.00570	0.01167	0.01635	0.05099	0.66667	0.06135	0.09412	0.01223	0.00698	0.00191	0.00299	0.01067	0.00645	0.00579
59	0.01664	0.01375	0.02152	0.10252	0.48786	0.01408	0.03093	0.12922	0.01578	0.09040	0.01282	0.01543	0.00997	0.00593	0.00595	0.00183	0.00690	0.00540	0.00382	0.00925
60	0.05188	0.01836	0.01698	0.01363	0.01788	0.16268	0.01097	0.54449	0.05277	0.03169	0.01350	0.01390	0.00993	0.00699	0.00578	0.00177	0.00716	0.00504	0.00530	0.00929
61	0.00852	0.00621	0.00792	0.00748	0.00891	0.00567	0.00558	0.01108	0.01646	0.02316	0.71164	0.04448	0.09605	0.01225	0.00700	0.00190	0.00289	0.01070	0.00644	0.00564
62	0.01241	0.01058	0.01229	0.00885	0.01403	0.00796	0.00704	0.01488	0.01227	0.01926	0.01069	0.01254	0.00895	0.00455	0.00446	0.00093	0.00443	0.00357	0.00356	0.82675
63	0.01449	0.02391	0.52414	0.01455	0.02194	0.01200	0.01723	0.01974	0.01319	0.14350	0.01286	0.01399	0.00907	0.00586	0.00555	0.00175	0.00745	0.00455	0.00352	0.13073
64	0.01949	0.02367	0.01914	0.01661	0.04198	0.54372	0.11877	0.02155	0.01558	0.01582	0.00992	0.01207	0.00819	0.00596	0.00583	0.00160	0.02516	0.00437	0.00314	0.08744
65	0.00746	0.00533	0.00701	0.00834	0.00871	0.00495	0.00556	0.00837	0.01136	0.01518	0.03228	0.78796	0.03863	0.01838	0.00756	0.00242	0.00350	0.01658	0.00551	0.00491
66	0.00769	0.00550	0.00728	0.00856	0.00905	0.00514	0.00592	0.00880	0.01168	0.01560	0.04840	0.70480	0.03854	0.01804	0.00760	0.00244	0.00367	0.08078	0.00552	0.00499
67	0.01617	0.01451	0.02282	0.07915	0.48595	0.01494	0.07205	0.17926	0.01653	0.02295	0.01198	0.01494	0.00956	0.00584	0.00601	0.00183	0.00718	0.00543	0.00364	0.00924
68	0.01119	0.00569	0.00569	0.00568	0.00706	0.00564	0.00423	0.01379	0.01241	0.02197	0.01927	0.02211	0.01520	0.00700	0.00422	0.00142	0.00284	0.00553	0.82343	0.00561
69	0.00857	0.00580	0.00669	0.00692	0.00702	0.00568	0.00404	0.00866	0.00919	0.01229	0.02119	0.17924	0.02464	0.64619	0.02547	0.00507	0.00533	0.01006	0.00399	0.00394
70	0.83245	0.01148	0.00880	0.00789	0.01151	0.01322	0.00645	0.01732	0.01012	0.02636	0.00846	0.00995	0.00664	0.00563	0.00376	0.00186	0.00462	0.00327	0.00372	0.00648

[dist]
# distance from previous block
# <min> <max>
0	1

[block]
# block no. 2 follows, 40 sequences, length 7
# corresponding to MSA columns:
# 231-237
name=unknown_C
#
# <colnr> <probs for GDERKNQSTAVLIFYWHMCP>
#	G	D	E	R	K	N	Q	S	T	A	V	L	I	F	Y	W	H	M	C	P
0	0.01233	0.15122	0.40882	0.20464	0.07813	0.01495	0.01802	0.01734	0.01211	0.01680	0.01006	0.01273	0.00761	0.00548	0.00532	0.00176	0.00788	0.00438	0.00252	0.00793
1	0.01281	0.01476	0.06276	0.02059	0.02478	0.01447	0.47514	0.01664	0.01234	0.01723	0.01256	0.08349	0.01111	0.00730	0.00962	0.00212	0.18478	0.00719	0.00305	0.00727
2	0.06407	0.01323	0.01291	0.01125	0.01467	0.11596	0.00881	0.04296	0.31294	0.18487	0.02038	0.07521	0.01612	0.00806	0.00574	0.00183	0.00544	0.02398	0.00547	0.05611
3	0.01386	0.21589	0.02283	0.10868	0.35269	0.01570	0.01402	0.01710	0.03482	0.01692	0.01089	0.03518	0.00956	0.00588	0.00595	0.00164	0.05039	0.00489	0.00293	0.06019
4	0.08915	0.01501	0.01857	0.02089	0.27326	0.09607	0.05415	0.18216	0.05822	0.02327	0.01334	0.01753	0.01111	0.00658	0.00570	0.00177	0.00677	0.05679	0.00400	0.04565
5	0.01320	0.01257	0.02282	0.04770	0.07572	0.01268	0.32982	0.11237	0.01413	0.01948	0.01298	0.01726	0.01057	0.01618	0.22343	0.00397	0.01051	0.00617	0.00337	0.03508
6	0.01921	0.01165	0.01387	0.01037	0.01518	0.01055	0.00847	0.19776	0.01735	0.27174	0.01544	0.01511	0.01086	0.00593	0.00519	0.00139	0.00504	0.00469	0.00528	0.35493

[dist]
# distance from previous block
# <min> <max>
0	5

[block]
# block no. 3 follows, 40 sequences, length 7
# corresponding to MSA columns:
# 243-249
name=unknown_D
#
# <colnr> <probs for GDERKNQSTAVLIFYWHMCP>
#	G	D	E	R	K	N	Q	S	T	A	V	L	I	F	Y	W	H	M	C	P
0	0.01125	0.01034	0.01611	0.59068	0.03356	0.01164	0.01386	0.01480	0.01173	0.01587	0.01034	0.01465	0.00796	0.00544	0.00544	0.00167	0.00690	0.00474	0.00280	0.21020
1	0.01398	0.01538	0.02494	0.01930	0.02215	0.08454	0.33106	0.01686	0.01171	0.01605	0.00957	0.01382	0.00814	0.00748	0.01247	0.00219	0.37481	0.00575	0.00276	0.00705
2	0.01166	0.13569	0.46417	0.04859	0.02187	0.01351	0.04312	0.01663	0.01223	0.01717	0.01388	0.08718	0.01256	0.00751	0.00572	0.00188	0.00750	0.06846	0.00300	0.00767
3	0.00959	0.00793	0.01107	0.01035	0.01086	0.00989	0.00798	0.01098	0.00902	0.01314	0.01394	0.02337	0.01406	0.20170	0.39391	0.00660	0.23100	0.00640	0.00304	0.00515
4	0.01237	0.01328	0.02776	0.02026	0.02503	0.01243	0.55722	0.01674	0.01440	0.01979	0.19569	0.02254	0.02020	0.00663	0.00686	0.00193	0.00806	0.00777	0.00380	0.00726
5	0.01080	0.00783	0.00939	0.00940	0.01081	0.00801	0.00680	0.18890	0.01514	0.02023	0.02758	0.59967	0.03140	0.01544	0.00703	0.00221	0.00412	0.01374	0.00550	0.00600
6	0.83671	0.01125	0.00855	0.00765	0.01125	0.01305	0.00630	0.01709	0.00990	0.02609	0.00810	0.00945	0.00630	0.00540	0.00360	0.00180	0.00450	0.00315	0.00360	0.00630

[dist]
# distance from previous block
# <min> <max>
0	6

[block]
# block no. 4 follows, 40 sequences, length 38
# corresponding to MSA columns:
# 256-293
name=unknown_E
#
# <colnr> <probs for GDERKNQSTAVLIFYWHMCP>
#	G	D	E	R	K	N	Q	S	T	A	V	L	I	F	Y	W	H	M	C	P
0	0.00829	0.00566	0.00630	0.00630	0.00650	0.00556	0.00362	0.00845	0.00895	0.01173	0.02252	0.03990	0.09715	0.71497	0.02725	0.00526	0.00536	0.00885	0.00372	0.00367
1	0.01525	0.01288	0.01359	0.01199	0.01542	0.01483	0.00940	0.10414	0.67432	0.02560	0.02267	0.02090	0.01694	0.00780	0.00591	0.00195	0.00479	0.00644	0.00591	0.00928
2	0.00747	0.00510	0.00661	0.00782	0.00826	0.00480	0.00526	0.00866	0.01124	0.01555	0.03070	0.71228	0.03603	0.01704	0.00708	0.00226	0.00331	0.01538	0.09036	0.00480
3	0.00845	0.00696	0.00709	0.00666	0.00891	0.00626	0.00510	0.08392	0.01471	0.01787	0.05427	0.05163	0.67983	0.01393	0.00676	0.00194	0.00330	0.01155	0.00544	0.00542
4	0.00993	0.00511	0.00745	0.00745	0.00745	0.00511	0.00489	0.00767	0.00767	0.01022	0.01095	0.01978	0.01124	0.10030	0.02344	0.74557	0.00511	0.00540	0.00263	0.00263
5	0.01364	0.01291	0.02186	0.03284	0.68179	0.01288	0.01656	0.01684	0.01302	0.01857	0.01312	0.09470	0.01223	0.00653	0.00593	0.00179	0.00654	0.00635	0.00314	0.00875
6	0.01907	0.36230	0.02267	0.01263	0.01665	0.36825	0.01066	0.09473	0.01557	0.01631	0.00911	0.01034	0.00773	0.00565	0.00464	0.00141	0.00821	0.00362	0.00307	0.00738
7	0.00823	0.00594	0.00777	0.00732	0.00869	0.00549	0.00549	0.01097	0.01646	0.02332	0.75629	0.04344	0.05487	0.01189	0.00686	0.00183	0.00274	0.01052	0.00640	0.00549
8	0.01322	0.01074	0.01246	0.00908	0.01406	0.00863	0.00727	0.08060	0.01354	0.03994	0.01152	0.03147	0.00961	0.00496	0.00456	0.00100	0.00449	0.00399	0.00381	0.71505
9	0.01439	0.01382	0.02360	0.03569	0.75936	0.01382	0.01785	0.01785	0.01324	0.01900	0.01094	0.01439	0.00921	0.00518	0.00576	0.00173	0.00691	0.00518	0.00288	0.00921
10	0.01258	0.01065	0.01170	0.01051	0.01357	0.01132	0.00803	0.02344	0.46838	0.02148	0.02281	0.16948	0.02007	0.00923	0.00591	0.00184	0.00431	0.00793	0.00536	0.16139
11	0.01362	0.01644	0.07269	0.02409	0.03012	0.01464	0.70062	0.01862	0.01365	0.01862	0.01169	0.01551	0.00875	0.00493	0.00679	0.00195	0.00974	0.00673	0.00292	0.00788
12	0.00937	0.00669	0.00937	0.01071	0.01205	0.00669	0.00937	0.01205	0.01339	0.01740	0.03079	0.06560	0.03347	0.01606	0.00803	0.00268	0.00535	0.72021	0.00535	0.00535
13	0.01439	0.01382	0.02360	0.03569	0.75936	0.01382	0.01785	0.01785	0.01324	0.01900	0.01094	0.01439	0.00921	0.00518	0.00576	0.00173	0.00691	0.00518	0.00288	0.00921
14	0.00846	0.00564	0.00634	0.00634	0.00634	0.00564	0.00352	0.00846	0.00846	0.01128	0.01832	0.03805	0.02114	0.79563	0.02960	0.00564	0.00564	0.00846	0.00352	0.00352
15	0.02170	0.01607	0.01745	0.04174	0.01885	0.01784	0.01124	0.71320	0.02676	0.03584	0.01383	0.01402	0.00981	0.00694	0.00582	0.00175	0.00645	0.00523	0.00570	0.00976
16	0.00819	0.00628	0.00755	0.00717	0.00881	0.00581	0.00539	0.01133	0.05495	0.02130	0.52650	0.04569	0.24458	0.01245	0.00681	0.00187	0.00290	0.01078	0.00610	0.00553
17	0.01348	0.01508	0.03221	0.10013	0.06066	0.01449	0.63759	0.01822	0.01350	0.01827	0.01159	0.01562	0.00873	0.00500	0.00671	0.00195	0.00948	0.00663	0.00290	0.00776
18	0.01633	0.01663	0.01426	0.04675	0.01702	0.22490	0.01008	0.02806	0.51281	0.02110	0.01900	0.01831	0.01446	0.00727	0.00573	0.00184	0.00638	0.00573	0.00496	0.00840
19	0.00937	0.00669	0.00937	0.01071	0.01205	0.00669	0.00937	0.01205	0.01339	0.01740	0.03079	0.06560	0.03347	0.01606	0.00803	0.00268	0.00535	0.72021	0.00535	0.00535
20	0.01084	0.00542	0.00542	0.00542	0.00678	0.00542	0.00407	0.01355	0.01220	0.02168	0.01897	0.02168	0.01491	0.00678	0.00407	0.00136	0.00271	0.00542	0.82791	0.00542
21	0.01206	0.01034	0.01206	0.00861	0.01378	0.00775	0.00689	0.01464	0.01206	0.01895	0.01034	0.01206	0.00861	0.00431	0.00431	0.00086	0.00431	0.00345	0.00345	0.83118
22	0.00699	0.00590	0.00606	0.00602	0.00793	0.00496	0.00451	0.00858	0.01354	0.01638	0.12027	0.05486	0.69522	0.01448	0.00687	0.00195	0.00293	0.01212	0.00549	0.00496
23	0.01166	0.03008	0.76550	0.01657	0.02517	0.01351	0.02149	0.01842	0.01228	0.01842	0.01044	0.01228	0.00737	0.00552	0.00552	0.00184	0.00859	0.00430	0.00246	0.00859
24	0.83671	0.01125	0.00855	0.00765	0.01125	0.01305	0.00630	0.01709	0.00990	0.02609	0.00810	0.00945	0.00630	0.00540	0.00360	0.00180	0.00450	0.00315	0.00360	0.00630
25	0.01166	0.03008	0.76550	0.01657	0.02517	0.01351	0.02149	0.01842	0.01228	0.01842	0.01044	0.01228	0.00737	0.00552	0.00552	0.00184	0.00859	0.00430	0.00246	0.00859
26	0.69025	0.01100	0.00944	0.00813	0.01190	0.01223	0.00670	0.01913	0.01112	0.15930	0.01078	0.01132	0.00776	0.00572	0.00401	0.00180	0.00458	0.00364	0.00425	0.00695
27	0.02153	0.05150	0.01691	0.01483	0.01788	0.74919	0.01120	0.02304	0.01634	0.01422	0.00896	0.01045	0.00749	0.00596	0.00520	0.00149	0.01036	0.00373	0.00298	0.00676
28	0.00714	0.00590	0.00626	0.00617	0.00802	0.00502	0.00463	0.00886	0.01388	0.01719	0.19435	0.05353	0.62063	0.01418	0.00687	0.00194	0.00291	0.01193	0.00559	0.00502
29	0.02609	0.00990	0.01350	0.01035	0.01484	0.00855	0.00855	0.02834	0.01664	0.76338	0.02294	0.01979	0.01439	0.00720	0.00585	0.00180	0.00495	0.00585	0.00720	0.00990
30	0.01098	0.01034	0.01744	0.78165	0.04005	0.01292	0.01615	0.01486	0.01163	0.01486	0.01034	0.01550	0.00775	0.00581	0.00581	0.00194	0.00775	0.00517	0.00258	0.00646
31	0.00846	0.00564	0.00634	0.00634	0.00634	0.00564	0.00352	0.00846	0.00846	0.01128	0.01832	0.03805	0.02114	0.79563	0.02960	0.00564	0.00564	0.00846	0.00352	0.00352
32	0.00709	0.00506	0.00675	0.00810	0.00843	0.00472	0.00540	0.00810	0.01113	0.01484	0.03205	0.79184	0.03846	0.01822	0.00742	0.00236	0.00337	0.01653	0.00540	0.00472
33	0.00845	0.00567	0.00650	0.00650	0.00656	0.00573	0.00372	0.00856	0.00850	0.01140	0.01818	0.03724	0.02079	0.75521	0.06953	0.00584	0.00617	0.00834	0.00350	0.00361
34	0.01995	0.01536	0.01827	0.09361	0.11949	0.01696	0.01247	0.57039	0.02387	0.03210	0.01319	0.01417	0.00958	0.00662	0.00581	0.00176	0.00660	0.00522	0.00510	0.00945
35	0.00709	0.00506	0.00675	0.00810	0.00843	0.00472	0.00540	0.00810	0.01113	0.01484	0.03205	0.79184	0.03846	0.01822	0.00742	0.00236	0.00337	0.01653	0.00540	0.00472
36	0.00803	0.00546	0.00647	0.00689	0.00700	0.00535	0.00411	0.00834	0.00930	0.01240	0.02264	0.27526	0.02659	0.55098	0.02262	0.00461	0.00493	0.01100	0.00411	0.00390
37	0.68990	0.01156	0.00979	0.00840	0.01218	0.01307	0.00692	0.08174	0.01206	0.09536	0.00999	0.01080	0.00736	0.00570	0.00400	0.00179	0.00471	0.00358	0.00413	0.00695

[dist]
# distance from previous block
# <min> <max>
0	1

[block]
# block no. 5 follows, 40 sequences, length 9
# corresponding to MSA columns:
# 295-303
name=unknown_F
#
# <colnr> <probs for GDERKNQSTAVLIFYWHMCP>
#	G	D	E	R	K	N	Q	S	T	A	V	L	I	F	Y	W	H	M	C	P
0	0.01416	0.11064	0.08221	0.02004	0.02514	0.01494	0.45099	0.01784	0.01342	0.01832	0.01327	0.01781	0.01090	0.01289	0.14534	0.00345	0.01069	0.00651	0.00336	0.00806
1	0.01470	0.01324	0.01954	0.07732	0.41237	0.01243	0.01404	0.01799	0.04455	0.02015	0.01261	0.01587	0.01057	0.00598	0.00587	0.00172	0.00642	0.00509	0.00366	0.28587
2	0.01537	0.01369	0.01934	0.07080	0.01969	0.01606	0.11201	0.16507	0.01476	0.02069	0.01482	0.01934	0.05353	0.04028	0.04361	0.00284	0.33993	0.00639	0.00399	0.00778
3	0.01944	0.41594	0.02446	0.01321	0.01722	0.32055	0.01114	0.04810	0.01501	0.01613	0.01009	0.01209	0.00892	0.00660	0.00564	0.00168	0.03855	0.00400	0.00331	0.00792
4	0.02113	0.00951	0.01252	0.00963	0.01389	0.00802	0.00785	0.02350	0.01571	0.52521	0.10915	0.02111	0.01814	0.00719	0.00566	0.00162	0.00455	0.00593	0.00635	0.17334
5	0.11078	0.00708	0.00838	0.00767	0.00976	0.00672	0.00589	0.01368	0.01493	0.12820	0.42503	0.08903	0.12840	0.01122	0.00636	0.00187	0.00334	0.00959	0.00598	0.00609
6	0.01696	0.01777	0.01692	0.03121	0.01801	0.28034	0.09809	0.12038	0.16283	0.02116	0.12002	0.01871	0.01682	0.00732	0.00625	0.00177	0.02748	0.00593	0.00442	0.00760
7	0.01846	0.00910	0.01162	0.00999	0.01297	0.00860	0.00777	0.13077	0.01626	0.37500	0.02492	0.30371	0.02258	0.01123	0.00642	0.00200	0.00459	0.00969	0.00632	0.00799
8	0.01446	0.01249	0.01315	0.01183	0.01512	0.01446	0.00920	0.03090	0.74885	0.02433	0.02367	0.02170	0.01775	0.00789	0.00592	0.00197	0.00460	0.00657	0.00592	0.00920

[dist]
# distance from previous block
# <min> <max>
0	1

[block]
# block no. 6 follows, 40 sequences, length 14
# corresponding to MSA columns:
# 305-318
name=unknown_G
#
# <colnr> <probs for GDERKNQSTAVLIFYWHMCP>
#	G	D	E	R	K	N	Q	S	T	A	V	L	I	F	Y	W	H	M	C	P
0	0.00724	0.00594	0.00641	0.00640	0.00823	0.00511	0.00488	0.00900	0.01381	0.01711	0.17672	0.05435	0.59672	0.01432	0.00693	0.00198	0.00304	0.05120	0.00557	0.00503
1	0.01555	0.79913	0.03047	0.00995	0.01493	0.02301	0.00995	0.01741	0.01182	0.01368	0.00808	0.00933	0.00746	0.00498	0.00373	0.00124	0.00622	0.00311	0.00249	0.00746
2	0.11805	0.01535	0.01601	0.01256	0.01697	0.01712	0.01032	0.59094	0.08966	0.03430	0.01413	0.01412	0.01017	0.00687	0.00556	0.00177	0.00601	0.00511	0.00556	0.00940
3	0.01010	0.00505	0.00758	0.00758	0.00758	0.00505	0.00505	0.00758	0.00758	0.01010	0.01010	0.01768	0.01010	0.02020	0.02273	0.83081	0.00505	0.00505	0.00253	0.00253
4	0.00813	0.00594	0.00764	0.00721	0.00863	0.00545	0.00541	0.01078	0.01623	0.02277	0.70586	0.04434	0.10564	0.01209	0.00686	0.00184	0.00276	0.01064	0.00633	0.00545
5	0.01555	0.79913	0.03047	0.00995	0.01493	0.02301	0.00995	0.01741	0.01182	0.01368	0.00808	0.00933	0.00746	0.00498	0.00373	0.00124	0.00622	0.00311	0.00249	0.00746
6	0.01004	0.00829	0.00883	0.00830	0.01069	0.00832	0.00647	0.06365	0.19672	0.01982	0.08579	0.04461	0.43017	0.01244	0.00665	0.00199	0.00375	0.06148	0.00561	0.00638
7	0.02489	0.00963	0.01311	0.01014	0.01443	0.00834	0.00834	0.02717	0.01663	0.71352	0.07235	0.02139	0.01712	0.00751	0.00592	0.00180	0.00480	0.00616	0.00714	0.00960
8	0.00771	0.00601	0.00674	0.00701	0.00837	0.00549	0.00511	0.00946	0.03199	0.01560	0.07552	0.14648	0.40802	0.14868	0.01094	0.00272	0.00376	0.09043	0.00513	0.00484
9	0.00833	0.00564	0.00664	0.00675	0.00687	0.00571	0.00401	0.00860	0.00875	0.01176	0.01920	0.09813	0.02196	0.66516	0.09410	0.00570	0.00634	0.00892	0.00364	0.00377
10	0.01373	0.01569	0.03431	0.02451	0.03039	0.01471	0.73824	0.01863	0.01373	0.01863	0.01176	0.01569	0.00882	0.00490	0.00686	0.00196	0.00980	0.00686	0.00294	0.00784
11	0.00709	0.00506	0.00675	0.00810	0.00843	0.00472	0.00540	0.00810	0.01113	0.01484	0.03205	0.79184	0.03846	0.01822	0.00742	0.00236	0.00337	0.01653	0.00540	0.00472
12	0.01644	0.01244	0.02083	0.15345	0.43408	0.01252	0.05197	0.01977	0.01377	0.18696	0.01360	0.01587	0.01012	0.00573	0.00584	0.00179	0.00675	0.00542	0.00381	0.00884
13	0.01221	0.13770	0.66264	0.01565	0.02374	0.01484	0.01987	0.01828	0.01221	0.01775	0.01011	0.01186	0.00738	0.00545	0.00527	0.00176	0.00826	0.00413	0.00246	0.00844

[dist]
# distance from previous block
# <min> <max>
0	1

[block]
# block no. 7 follows, 40 sequences, length 43
# corresponding to MSA columns:
# 320-362
name=unknown_H
#
# <colnr> <probs for GDERKNQSTAVLIFYWHMCP>
#	G	D	E	R	K	N	Q	S	T	A	V	L	I	F	Y	W	H	M	C	P
0	0.19230	0.01524	0.01559	0.01218	0.01662	0.01699	0.01006	0.58894	0.02370	0.03444	0.01274	0.01302	0.00914	0.00665	0.00535	0.00176	0.00600	0.00480	0.00535	0.00914
1	0.02183	0.01467	0.01624	0.01254	0.01696	0.01580	0.01032	0.58614	0.02503	0.14579	0.06228	0.01671	0.01342	0.00732	0.00589	0.00176	0.00595	0.00566	0.00606	0.00961
2	0.01439	0.01382	0.02360	0.03569	0.75936	0.01382	0.01785	0.01785	0.01324	0.01900	0.01094	0.01439	0.00921	0.00518	0.00576	0.00173	0.00691	0.00518	0.00288	0.00921
3	0.01166	0.03008	0.76550	0.01657	0.02517	0.01351	0.02149	0.01842	0.01228	0.01842	0.01044	0.01228	0.00737	0.00552	0.00552	0.00184	0.00859	0.00430	0.00246	0.00859
4	0.01332	0.01290	0.02241	0.25617	0.46870	0.01364	0.07600	0.01732	0.02968	0.01786	0.01112	0.01500	0.00894	0.00541	0.00587	0.00181	0.00734	0.00535	0.00287	0.00828
5	0.05018	0.01045	0.01367	0.01051	0.01499	0.00945	0.00868	0.08539	0.01730	0.68257	0.02177	0.01901	0.01379	0.00713	0.00578	0.00180	0.00505	0.00572	0.00698	0.00979
6	0.02539	0.01005	0.01347	0.01044	0.01486	0.00890	0.00859	0.02849	0.06083	0.71878	0.02299	0.01991	0.01460	0.00724	0.00585	0.00181	0.00493	0.00589	0.00712	0.00985
7	0.00969	0.00627	0.00824	0.00756	0.00919	0.00574	0.00574	0.01239	0.01648	0.08379	0.69637	0.04151	0.05156	0.01151	0.00678	0.00183	0.00292	0.01014	0.00647	0.00585
8	0.00764	0.00529	0.00658	0.00739	0.00759	0.00509	0.00464	0.00824	0.01005	0.01340	0.02651	0.48774	0.03147	0.33185	0.01637	0.00368	0.00429	0.01327	0.00464	0.00424
9	0.02909	0.01086	0.01866	0.68343	0.06656	0.01308	0.06629	0.01528	0.01180	0.01552	0.01041	0.01534	0.00785	0.00572	0.00584	0.00193	0.00779	0.00524	0.00264	0.00666
10	0.02316	0.01395	0.01592	0.01228	0.01682	0.01464	0.01012	0.46764	0.05302	0.28482	0.01743	0.01627	0.01175	0.00709	0.00583	0.00177	0.00583	0.00550	0.00629	0.00986
11	0.00850	0.00607	0.00838	0.00972	0.01068	0.00595	0.00786	0.01055	0.01253	0.01643	0.03127	0.34101	0.03536	0.01688	0.00780	0.00256	0.00460	0.45336	0.00537	0.00512
12	0.07848	0.02657	0.01593	0.01447	0.01751	0.71941	0.01089	0.02279	0.01602	0.01506	0.00893	0.01041	0.00741	0.00595	0.00513	0.00152	0.01007	0.00370	0.00304	0.00671
13	0.02286	0.01446	0.01624	0.01252	0.01708	0.01540	0.01032	0.52537	0.05241	0.22734	0.01670	0.01579	0.01138	0.00707	0.00583	0.00177	0.00595	0.00545	0.00618	0.00986
14	0.02444	0.00986	0.01318	0.01028	0.01455	0.00876	0.00843	0.02761	0.06296	0.67860	0.06067	0.02113	0.01669	0.00748	0.00590	0.00181	0.00481	0.00613	0.00708	0.00963
15	0.00709	0.00506	0.00675	0.00810	0.00843	0.00472	0.00540	0.00810	0.01113	0.01484	0.03205	0.79184	0.03846	0.01822	0.00742	0.00236	0.00337	0.01653	0.00540	0.00472
16	0.83671	0.01125	0.00855	0.00765	0.01125	0.01305	0.00630	0.01709	0.00990	0.02609	0.00810	0.00945	0.00630	0.00540	0.00360	0.00180	0.00450	0.00315	0.00360	0.00630
17	0.01391	0.01303	0.02127	0.21929	0.48087	0.01414	0.01664	0.06252	0.01343	0.01873	0.01075	0.01453	0.00878	0.00580	0.00670	0.00184	0.06127	0.00518	0.00297	0.00837
18	0.02092	0.01652	0.01778	0.01398	0.01836	0.10956	0.07001	0.43353	0.10749	0.10919	0.01526	0.01520	0.01090	0.00682	0.00585	0.00176	0.00682	0.00541	0.00539	0.00925
19	0.01306	0.01073	0.01246	0.00898	0.01409	0.00847	0.00721	0.06435	0.01320	0.03702	0.01087	0.01236	0.00883	0.00455	0.00444	0.00094	0.00446	0.00362	0.00369	0.75664
20	0.01010	0.00505	0.00758	0.00758	0.00758	0.00505	0.00505	0.00758	0.00758	0.01010	0.01010	0.01768	0.01010	0.02020	0.02273	0.83081	0.00505	0.00505	0.00253	0.00253
21	0.00709	0.00506	0.00675	0.00810	0.00843	0.00472	0.00540	0.00810	0.01113	0.01484	0.03205	0.79184	0.03846	0.01822	0.00742	0.00236	0.00337	0.01653	0.00540	0.00472
22	0.01332	0.00784	0.00975	0.00859	0.01089	0.00758	0.00665	0.06223	0.07645	0.17214	0.41271	0.07312	0.03722	0.01029	0.00635	0.00182	0.00360	0.00889	0.06364	0.00691
23	0.83671	0.01125	0.00855	0.00765	0.01125	0.01305	0.00630	0.01709	0.00990	0.02609	0.00810	0.00945	0.00630	0.00540	0.00360	0.00180	0.00450	0.00315	0.00360	0.00630
24	0.01847	0.04784	0.01679	0.01340	0.01738	0.42053	0.04843	0.09222	0.01605	0.01799	0.00997	0.01150	0.00811	0.00554	0.00508	0.00136	0.00819	0.00396	0.00338	0.23383
25	0.01186	0.06959	0.72773	0.01623	0.02464	0.01399	0.02089	0.01836	0.01225	0.01817	0.01032	0.01213	0.00737	0.00550	0.00543	0.00181	0.00847	0.00424	0.00246	0.00854
26	0.00742	0.00520	0.00665	0.00767	0.00792	0.00495	0.00494	0.00819	0.01047	0.01397	0.02867	0.60630	0.03420	0.20957	0.01288	0.00317	0.00393	0.01454	0.00494	0.00443
27	0.01717	0.01383	0.01467	0.01238	0.01615	0.01573	0.00986	0.28169	0.49366	0.02868	0.02024	0.01896	0.01497	0.00757	0.00588	0.00189	0.00524	0.00610	0.00588	0.00945
28	0.00854	0.00578	0.00763	0.00772	0.00885	0.00533	0.00558	0.01063	0.01452	0.05031	0.46152	0.31627	0.04722	0.01401	0.00702	0.00202	0.00306	0.01253	0.00607	0.00539
29	0.02609	0.00990	0.01350	0.01035	0.01484	0.00855	0.00855	0.02834	0.01664	0.76338	0.02294	0.01979	0.01439	0.00720	0.00585	0.00180	0.00495	0.00585	0.00720	0.00990
30	0.01555	0.79913	0.03047	0.00995	0.01493	0.02301	0.00995	0.01741	0.01182	0.01368	0.00808	0.00933	0.00746	0.00498	0.00373	0.00124	0.00622	0.00311	0.00249	0.00746
31	0.00749	0.00592	0.00675	0.00654	0.00823	0.00517	0.00491	0.00954	0.01472	0.01918	0.37696	0.05025	0.43678	0.01343	0.00687	0.00190	0.00285	0.01147	0.00586	0.00517
32	0.01309	0.00703	0.00927	0.00809	0.01035	0.00630	0.00628	0.01564	0.01638	0.22650	0.52629	0.03745	0.07229	0.01071	0.00658	0.00183	0.00336	0.00930	0.00658	0.00668
33	0.01286	0.00705	0.00856	0.00824	0.00999	0.00681	0.00611	0.08018	0.01389	0.15154	0.02518	0.37188	0.02510	0.01209	0.00607	0.00193	0.00375	0.01055	0.23192	0.00631
34	0.01037	0.00566	0.00831	0.00815	0.00867	0.00588	0.00577	0.00949	0.00859	0.05094	0.01271	0.02026	0.01212	0.06579	0.22837	0.51869	0.00797	0.00559	0.00299	0.00370
35	0.01608	0.01021	0.01081	0.00897	0.01183	0.01093	0.00719	0.32645	0.01883	0.04729	0.01692	0.01831	0.01273	0.00687	0.00487	0.00153	0.00435	0.00535	0.45302	0.00746
36	0.01330	0.00671	0.00833	0.00739	0.00951	0.00618	0.00573	0.01589	0.01504	0.19849	0.32693	0.03093	0.04561	0.00915	0.00570	0.00167	0.00326	0.00777	0.27590	0.00650
37	0.00888	0.00568	0.00749	0.00803	0.00899	0.00521	0.00564	0.01038	0.01281	0.07786	0.18815	0.53978	0.06732	0.01582	0.00715	0.00219	0.00335	0.01420	0.00576	0.00532
38	0.01234	0.01238	0.02398	0.11492	0.02510	0.01220	0.40731	0.06590	0.01418	0.01912	0.07615	0.15481	0.01776	0.00808	0.00676	0.00200	0.00760	0.00854	0.00381	0.00707
39	0.01353	0.01513	0.03213	0.08589	0.03060	0.01455	0.65154	0.01879	0.04148	0.01854	0.01210	0.01590	0.00908	0.00509	0.00674	0.00196	0.00944	0.00671	0.00303	0.00778
40	0.01670	0.01387	0.01390	0.01190	0.01538	0.06720	0.00939	0.22114	0.41643	0.03891	0.05279	0.02032	0.02878	0.00775	0.00583	0.00184	0.00532	0.00623	0.03749	0.00885
