[name]
unknown

[dist]
# distance from previous block
# <min> <max>
0	425

[block]
# block no. 0 follows, 40 sequences, length 34
# corresponding to MSA columns:
# 428-461
name=unknown_A
#
# <colnr> <probs for GDERKNQSTAVLIFYWHMCP>
#	G	D	E	R	K	N	Q	S	T	A	V	L	I	F	Y	W	H	M	C	P
0	0.00974	0.00696	0.00963	0.01094	0.01231	0.00691	0.00951	0.01231	0.01360	0.01773	0.03103	0.06579	0.03366	0.01624	0.00817	0.00274	0.00547	0.71624	0.00547	0.00555
1	0.01473	0.01404	0.02378	0.03579	0.75534	0.01399	0.01794	0.01807	0.01346	0.01931	0.01129	0.01488	0.00955	0.00542	0.00591	0.00179	0.00702	0.00529	0.00300	0.00938
2	0.01407	0.01590	0.03443	0.02467	0.03055	0.01488	0.73421	0.01885	0.01394	0.01895	0.01212	0.01616	0.00916	0.00514	0.00701	0.00203	0.00990	0.00697	0.00307	0.00802
3	0.01194	0.01119	0.01873	0.64660	0.16636	0.01326	0.01655	0.01563	0.01213	0.01592	0.01080	0.01579	0.00835	0.00594	0.00595	0.00197	0.00771	0.00528	0.00276	0.00713
4	0.83234	0.01149	0.00881	0.00790	0.01151	0.01323	0.00646	0.01732	0.01013	0.02637	0.00847	0.00996	0.00665	0.00564	0.00376	0.00186	0.00462	0.00327	0.00372	0.00648
5	0.83234	0.01149	0.00881	0.00790	0.01151	0.01323	0.00646	0.01732	0.01013	0.02637	0.00847	0.00996	0.00665	0.00564	0.00376	0.00186	0.00462	0.00327	0.00372	0.00648
6	0.01120	0.00570	0.00570	0.00568	0.00707	0.00564	0.00424	0.01380	0.01242	0.02198	0.01928	0.02212	0.01521	0.00701	0.00423	0.00142	0.00284	0.00553	0.82332	0.00561
7	0.01241	0.01058	0.01230	0.00886	0.01403	0.00796	0.00705	0.01489	0.01228	0.01927	0.01069	0.01256	0.00895	0.00455	0.00447	0.00093	0.00443	0.00357	0.00357	0.82665
8	0.01134	0.01058	0.01765	0.77748	0.04015	0.01310	0.01625	0.01510	0.01185	0.01520	0.01069	0.01598	0.00810	0.00605	0.00596	0.00200	0.00786	0.00528	0.00271	0.00664
9	0.83234	0.01149	0.00881	0.00790	0.01151	0.01323	0.00646	0.01732	0.01013	0.02637	0.00847	0.00996	0.00665	0.00564	0.00376	0.00186	0.00462	0.00327	0.00372	0.00648
10	0.02637	0.01015	0.01373	0.01058	0.01509	0.00875	0.00869	0.02851	0.01684	0.75944	0.02323	0.02025	0.01470	0.00743	0.00600	0.00186	0.00507	0.00596	0.00730	0.01006
11	0.02240	0.01650	0.01766	0.01360	0.01826	0.01819	0.01118	0.73606	0.02748	0.03686	0.01430	0.01445	0.01022	0.00721	0.00597	0.00181	0.00651	0.00535	0.00593	0.01005
12	0.01120	0.00570	0.00570	0.00568	0.00707	0.00564	0.00424	0.01380	0.01242	0.02198	0.01928	0.02212	0.01521	0.00701	0.00423	0.00142	0.00284	0.00553	0.82332	0.00561
13	0.01481	0.01273	0.01339	0.01206	0.01537	0.01464	0.00935	0.03105	0.74485	0.02461	0.02395	0.02214	0.01804	0.00812	0.00607	0.00204	0.00473	0.00668	0.00602	0.00937
14	0.00883	0.00591	0.00662	0.00660	0.00664	0.00586	0.00370	0.00874	0.00870	0.01164	0.01864	0.03840	0.02141	0.79135	0.02961	0.00568	0.00576	0.00855	0.00364	0.00373
15	0.02637	0.01015	0.01373	0.01058	0.01509	0.00875	0.00869	0.02851	0.01684	0.75944	0.02323	0.02025	0.01470	0.00743	0.00600	0.00186	0.00507	0.00596	0.00730	0.01006
16	0.01307	0.01296	0.01802	0.01548	0.01551	0.01796	0.01284	0.01424	0.00915	0.01434	0.00801	0.01322	0.00798	0.01039	0.01916	0.00261	0.78065	0.00520	0.00267	0.00655
17	0.02240	0.01650	0.01766	0.01360	0.01826	0.01819	0.01118	0.73606	0.02748	0.03686	0.01430	0.01445	0.01022	0.00721	0.00597	0.00181	0.00651	0.00535	0.00593	0.01005
18	0.01407	0.01590	0.03443	0.02467	0.03055	0.01488	0.73421	0.01885	0.01394	0.01895	0.01212	0.01616	0.00916	0.00514	0.00701	0.00203	0.00990	0.00697	0.00307	0.00802
19	0.01217	0.05902	0.73390	0.01653	0.02497	0.01404	0.02113	0.01860	0.01248	0.01856	0.01071	0.01266	0.00772	0.00574	0.00561	0.00188	0.00861	0.00437	0.00258	0.00872
20	0.01202	0.03021	0.76143	0.01678	0.02536	0.01368	0.02156	0.01864	0.01250	0.01874	0.01079	0.01277	0.00771	0.00576	0.00568	0.00191	0.00870	0.00442	0.00258	0.00877
21	0.00747	0.00534	0.00702	0.00835	0.00872	0.00495	0.00556	0.00838	0.01136	0.01518	0.03229	0.78787	0.03863	0.01839	0.00756	0.00242	0.00350	0.01658	0.00551	0.00492
22	0.01202	0.03021	0.76143	0.01678	0.02536	0.01368	0.02156	0.01864	0.01250	0.01874	0.01079	0.01277	0.00771	0.00576	0.00568	0.00191	0.00870	0.00442	0.00258	0.00877
23	0.01473	0.01404	0.02378	0.03579	0.75534	0.01399	0.01794	0.01807	0.01346	0.01931	0.01129	0.01488	0.00955	0.00542	0.00591	0.00179	0.00702	0.00529	0.00300	0.00938
24	0.00843	0.00574	0.00687	0.00687	0.00705	0.00592	0.00418	0.00879	0.00861	0.01167	0.01784	0.03539	0.01998	0.66369	0.15996	0.00629	0.00738	0.00807	0.00345	0.00382
25	0.01098	0.01034	0.01744	0.78165	0.04005	0.01292	0.01615	0.01486	0.01163	0.01486	0.01034	0.01550	0.00775	0.00581	0.00581	0.00194	0.00775	0.00517	0.00258	0.00646
26	0.01439	0.01382	0.02360	0.03569	0.75936	0.01382	0.01785	0.01785	0.01324	0.01900	0.01094	0.01439	0.00921	0.00518	0.00576	0.00173	0.00691	0.00518	0.00288	0.00921
27	0.00937	0.00669	0.00937	0.01071	0.01205	0.00669	0.00937	0.01205	0.01339	0.01740	0.03079	0.06560	0.03347	0.01606	0.00803	0.00268	0.00535	0.72021	0.00535	0.00535
28	0.02172	0.02772	0.01648	0.01498	0.01798	0.77228	0.01124	0.02322	0.01648	0.01423	0.00899	0.01049	0.00749	0.00599	0.00524	0.00150	0.01049	0.00375	0.00300	0.00674
29	0.01439	0.01382	0.02360	0.03569	0.75936	0.01382	0.01785	0.01785	0.01324	0.01900	0.01094	0.01439	0.00921	0.00518	0.00576	0.00173	0.00691	0.00518	0.00288	0.00921
30	0.01098	0.01034	0.01744	0.78165	0.04005	0.01292	0.01615	0.01486	0.01163	0.01486	0.01034	0.01550	0.00775	0.00581	0.00581	0.00194	0.00775	0.00517	0.00258	0.00646
31	0.00720	0.00514	0.00688	0.00823	0.00862	0.00482	0.00560	0.00830	0.01125	0.01498	0.03199	0.75482	0.03821	0.01811	0.00745	0.00238	0.00347	0.05240	0.00540	0.00476
32	0.03897	0.00694	0.00898	0.00795	0.01005	0.00637	0.00615	0.01477	0.01628	0.17665	0.58002	0.03743	0.04490	0.01071	0.00654	0.00182	0.00326	0.00931	0.00647	0.00643
33	0.05571	0.01019	0.01192	0.00874	0.01362	0.00805	0.00702	0.01636	0.01266	0.11212	0.03537	0.01388	0.01068	0.00496	0.00454	0.00106	0.00435	0.00395	0.00401	0.66080

[dist]
# distance from previous block
# <min> <max>
29	49

[block]
# block no. 1 follows, 40 sequences, length 10
# corresponding to MSA columns:
# 513-522
name=unknown_B
#
# <colnr> <probs for GDERKNQSTAVLIFYWHMCP>
#	G	D	E	R	K	N	Q	S	T	A	V	L	I	F	Y	W	H	M	C	P
0	0.01468	0.01170	0.01287	0.01083	0.01473	0.01215	0.00851	0.02619	0.48849	0.07901	0.01991	0.01887	0.01496	0.00684	0.00546	0.00165	0.00455	0.00565	0.00533	0.23762
1	0.01378	0.01544	0.03268	0.02353	0.02921	0.01469	0.68183	0.01958	0.07061	0.01907	0.01269	0.01615	0.00951	0.00513	0.00679	0.00196	0.00940	0.00684	0.00317	0.00795
2	0.00709	0.00506	0.00675	0.00810	0.00843	0.00472	0.00540	0.00810	0.01113	0.01484	0.03205	0.79184	0.03846	0.01822	0.00742	0.00236	0.00337	0.01653	0.00540	0.00472
3	0.00706	0.00590	0.00615	0.00608	0.00797	0.00499	0.00456	0.00870	0.01369	0.01674	0.15351	0.05427	0.66175	0.01434	0.00687	0.00195	0.00292	0.01203	0.00554	0.00499
4	0.01713	0.01113	0.01324	0.00977	0.01469	0.00951	0.00794	0.12795	0.01553	0.21016	0.01408	0.01431	0.01027	0.00544	0.00493	0.00123	0.00479	0.00432	0.00475	0.49882
5	0.01098	0.01034	0.01744	0.78165	0.04005	0.01292	0.01615	0.01486	0.01163	0.01486	0.01034	0.01550	0.00775	0.00581	0.00581	0.00194	0.00775	0.00517	0.00258	0.00646
6	0.77338	0.01164	0.00924	0.00809	0.01177	0.01343	0.00667	0.07329	0.01125	0.02691	0.00855	0.00980	0.00658	0.00552	0.00377	0.00180	0.00465	0.00331	0.00377	0.00658
7	0.01446	0.01249	0.01315	0.01183	0.01512	0.01446	0.00920	0.03090	0.74885	0.02433	0.02367	0.02170	0.01775	0.00789	0.00592	0.00197	0.00460	0.00657	0.00592	0.00920
8	0.01502	0.69380	0.13114	0.01086	0.01633	0.02171	0.01153	0.01755	0.01188	0.01433	0.00841	0.00973	0.00745	0.00505	0.00398	0.00133	0.00654	0.00327	0.00248	0.00762
9	0.01673	0.01186	0.01362	0.01030	0.01506	0.01093	0.00834	0.18461	0.09299	0.13578	0.01446	0.01466	0.01073	0.00573	0.00505	0.00132	0.00491	0.00454	0.00481	0.43357

[dist]
# distance from previous block
# <min> <max>
0	2

[block]
# block no. 2 follows, 40 sequences, length 7
# corresponding to MSA columns:
# 525-531
name=unknown_C
#
# <colnr> <probs for GDERKNQSTAVLIFYWHMCP>
#	G	D	E	R	K	N	Q	S	T	A	V	L	I	F	Y	W	H	M	C	P
0	0.00834	0.00611	0.00874	0.00874	0.00957	0.00694	0.00652	0.01000	0.00917	0.01305	0.01613	0.02589	0.01586	0.19419	0.62382	0.00860	0.01359	0.00668	0.00320	0.00486
1	0.01377	0.44814	0.36593	0.01297	0.01960	0.01867	0.01521	0.01787	0.01203	0.01584	0.00916	0.01067	0.00742	0.00523	0.00455	0.00152	0.00730	0.00365	0.00247	0.00798
2	0.01717	0.01276	0.01403	0.01174	0.01504	0.01392	0.00928	0.47181	0.08195	0.02938	0.01995	0.23771	0.01873	0.01028	0.00629	0.00194	0.00538	0.00859	0.00571	0.00835
3	0.11227	0.01146	0.01219	0.01031	0.01360	0.03265	0.00812	0.22725	0.09101	0.08615	0.08792	0.15866	0.01987	0.00910	0.00579	0.00180	0.00487	0.00750	0.00533	0.09415
4	0.00897	0.00691	0.00957	0.15338	0.01509	0.00728	0.00785	0.06567	0.01247	0.01652	0.02659	0.58659	0.03051	0.01503	0.00700	0.00223	0.00443	0.01353	0.00490	0.00545
5	0.01434	0.01398	0.02452	0.03474	0.69698	0.01389	0.07949	0.01791	0.01328	0.01897	0.01101	0.01450	0.00918	0.00516	0.00585	0.00175	0.00716	0.00533	0.00288	0.00909
6	0.01327	0.01147	0.01473	0.01062	0.01580	0.00949	0.07645	0.09114	0.01382	0.02078	0.01085	0.01260	0.00877	0.00464	0.00471	0.00106	0.00505	0.00396	0.00365	0.66716

[dist]
# distance from previous block
# <min> <max>
6	8

[block]
# block no. 3 follows, 40 sequences, length 6
# corresponding to MSA columns:
# 540-545
name=unknown_D
#
# <colnr> <probs for GDERKNQSTAVLIFYWHMCP>
#	G	D	E	R	K	N	Q	S	T	A	V	L	I	F	Y	W	H	M	C	P
0	0.02211	0.01629	0.01745	0.01338	0.01803	0.01803	0.01105	0.73997	0.02734	0.03665	0.01396	0.01396	0.00989	0.00698	0.00582	0.00175	0.00640	0.00524	0.00582	0.00989
1	0.02423	0.00948	0.01290	0.01003	0.01420	0.00823	0.00823	0.02653	0.01663	0.68629	0.09933	0.02226	0.01861	0.00769	0.00595	0.00180	0.00472	0.00633	0.00711	0.00944
2	0.01206	0.01034	0.01206	0.00861	0.01378	0.00775	0.00689	0.01464	0.01206	0.01895	0.01034	0.01206	0.00861	0.00431	0.00431	0.00086	0.00431	0.00345	0.00345	0.83118
3	0.83671	0.01125	0.00855	0.00765	0.01125	0.01305	0.00630	0.01709	0.00990	0.02609	0.00810	0.00945	0.00630	0.00540	0.00360	0.00180	0.00450	0.00315	0.00360	0.00630
4	0.02211	0.01629	0.01745	0.01338	0.01803	0.01803	0.01105	0.73997	0.02734	0.03665	0.01396	0.01396	0.00989	0.00698	0.00582	0.00175	0.00640	0.00524	0.00582	0.00989
5	0.01206	0.01034	0.01206	0.00861	0.01378	0.00775	0.00689	0.01464	0.01206	0.01895	0.01034	0.01206	0.00861	0.00431	0.00431	0.00086	0.00431	0.00345	0.00345	0.83118

[dist]
# distance from previous block
# <min> <max>
56	70

[block]
# block no. 4 follows, 40 sequences, length 9
# corresponding to MSA columns:
# 627-635
name=unknown_E
#
# <colnr> <probs for GDERKNQSTAVLIFYWHMCP>
#	G	D	E	R	K	N	Q	S	T	A	V	L	I	F	Y	W	H	M	C	P
0	0.05416	0.01099	0.01512	0.01138	0.01608	0.00984	0.06931	0.07949	0.01624	0.50000	0.01876	0.01739	0.01236	0.00647	0.00560	0.00166	0.00535	0.00540	0.00601	0.13839
1	0.01248	0.01169	0.01769	0.01264	0.01799	0.00951	0.19199	0.01565	0.01248	0.01887	0.01070	0.01298	0.00867	0.00446	0.00495	0.00114	0.00570	0.00431	0.00332	0.62279
2	0.00831	0.00623	0.00935	0.00935	0.01038	0.00727	0.00727	0.01038	0.00935	0.01350	0.01558	0.02285	0.01454	0.04361	0.77259	0.00935	0.01558	0.00623	0.00312	0.00519
3	0.01441	0.01364	0.02432	0.01748	0.02295	0.01232	0.39348	0.07792	0.01442	0.05366	0.01196	0.01448	0.00909	0.00497	0.00585	0.00156	0.00741	0.00551	0.00355	0.29102
4	0.01616	0.01373	0.02574	0.01886	0.02406	0.01298	0.44280	0.02198	0.11600	0.16697	0.01553	0.01708	0.01115	0.00573	0.00636	0.00186	0.00775	0.00639	0.00423	0.06464
5	0.83671	0.01125	0.00855	0.00765	0.01125	0.01305	0.00630	0.01709	0.00990	0.02609	0.00810	0.00945	0.00630	0.00540	0.00360	0.00180	0.00450	0.00315	0.00360	0.00630
6	0.01038	0.00898	0.00997	0.01031	0.01177	0.09899	0.00840	0.01276	0.01312	0.01686	0.13831	0.04352	0.02842	0.02188	0.22097	0.00426	0.00842	0.32257	0.00461	0.00550
7	0.06192	0.00793	0.01021	0.00899	0.01158	0.00780	0.00708	0.01224	0.01029	0.01613	0.01334	0.01837	0.01202	0.02797	0.46540	0.00601	0.01108	0.00510	0.00326	0.28328
8	0.00831	0.00623	0.00935	0.00935	0.01038	0.00727	0.00727	0.01038	0.00935	0.01350	0.01558	0.02285	0.01454	0.04361	0.77259	0.00935	0.01558	0.00623	0.00312	0.00519

[dist]
# distance from previous block
# <min> <max>
8	28

[block]
# block no. 5 follows, 40 sequences, length 6
# corresponding to MSA columns:
# 666-671
name=unknown_F
#
# <colnr> <probs for GDERKNQSTAVLIFYWHMCP>
#	G	D	E	R	K	N	Q	S	T	A	V	L	I	F	Y	W	H	M	C	P
0	0.01509	0.70840	0.11719	0.01073	0.01613	0.02189	0.01131	0.01753	0.01187	0.01424	0.00836	0.00968	0.00745	0.00504	0.00394	0.00131	0.00650	0.00325	0.00248	0.00760
1	0.01130	0.01037	0.01425	0.01229	0.01356	0.01284	0.01004	0.01305	0.00962	0.01477	0.01047	0.01557	0.00984	0.01891	0.23776	0.00423	0.41367	0.00512	0.00288	0.15945
2	0.00795	0.00589	0.00858	0.00898	0.00981	0.00652	0.00672	0.00971	0.00987	0.01389	0.02042	0.24882	0.02157	0.03615	0.54774	0.00729	0.01199	0.00926	0.00379	0.00505
3	0.04446	0.01217	0.01523	0.01190	0.01538	0.01284	0.03644	0.11566	0.04063	0.02040	0.01051	0.01291	0.00876	0.00660	0.00899	0.00160	0.23423	0.00441	0.00359	0.38329
4	0.15435	0.01222	0.01313	0.00994	0.01466	0.01170	0.00810	0.22889	0.01642	0.06313	0.01166	0.01257	0.00889	0.00542	0.00471	0.00133	0.00499	0.00404	0.00436	0.40950
5	0.01043	0.23923	0.01555	0.00952	0.01172	0.01189	0.00806	0.01245	0.01007	0.01355	0.01337	0.01887	0.01246	0.03226	0.54665	0.00696	0.01283	0.00531	0.00293	0.00586

[dist]
# distance from previous block
# <min> <max>
0	1

[block]
# block no. 6 follows, 40 sequences, length 7
# corresponding to MSA columns:
# 673-679
name=unknown_G
#
# <colnr> <probs for GDERKNQSTAVLIFYWHMCP>
#	G	D	E	R	K	N	Q	S	T	A	V	L	I	F	Y	W	H	M	C	P
0	0.11036	0.00726	0.00841	0.00796	0.00985	0.00677	0.00569	0.01222	0.01139	0.08000	0.05942	0.32338	0.02516	0.15563	0.01034	0.00257	0.00418	0.01001	0.00471	0.14471
1	0.01310	0.01368	0.02598	0.01856	0.02417	0.01210	0.46428	0.01713	0.01310	0.01875	0.01123	0.01433	0.00874	0.00468	0.00591	0.00155	0.00774	0.00558	0.00313	0.31626
2	0.01285	0.38481	0.28328	0.01178	0.01736	0.01647	0.01316	0.01658	0.01283	0.01710	0.14612	0.01661	0.01612	0.00644	0.00493	0.00156	0.00641	0.00488	0.00319	0.00750
3	0.01187	0.01020	0.01541	0.54638	0.03120	0.01220	0.01322	0.10154	0.01295	0.01684	0.01224	0.01945	0.01047	0.15080	0.01018	0.00259	0.00720	0.00578	0.00315	0.00634
4	0.01110	0.00879	0.01230	0.01011	0.01272	0.00829	0.09477	0.05645	0.05763	0.04121	0.26899	0.03231	0.06643	0.15333	0.01057	0.00244	0.00480	0.02488	0.00494	0.11793
5	0.00803	0.00607	0.00804	0.00792	0.00929	0.00609	0.00610	0.01025	0.01300	0.01780	0.30247	0.03928	0.18513	0.02454	0.29374	0.00471	0.00770	0.03966	0.00492	0.00525
6	0.01595	0.01725	0.01961	0.01575	0.01948	0.25775	0.22061	0.10335	0.01561	0.01868	0.01473	0.15583	0.01394	0.00789	0.00610	0.00177	0.00798	0.00715	0.00379	0.07680

[dist]
# distance from previous block
# <min> <max>
4	21

[block]
# block no. 7 follows, 40 sequences, length 7
# corresponding to MSA columns:
# 705-711
name=unknown_H
#
# <colnr> <probs for GDERKNQSTAVLIFYWHMCP>
#	G	D	E	R	K	N	Q	S	T	A	V	L	I	F	Y	W	H	M	C	P
0	0.01126	0.01036	0.01421	0.01246	0.01288	0.01354	0.00998	0.01250	0.00906	0.01370	0.01087	0.01867	0.01111	0.15170	0.13734	0.00405	0.49009	0.00577	0.00285	0.04762
1	0.00976	0.13002	0.01326	0.00988	0.01145	0.01050	0.00809	0.01175	0.00970	0.01356	0.01382	0.01999	0.01292	0.03512	0.59696	0.00758	0.07137	0.00566	0.00298	0.00563
2	0.01715	0.60199	0.02701	0.01107	0.01571	0.13904	0.01026	0.08954	0.01407	0.01603	0.00880	0.00997	0.00771	0.00533	0.00417	0.00133	0.00690	0.00342	0.00289	0.00759
3	0.26047	0.01276	0.01767	0.32207	0.02698	0.04536	0.13816	0.07673	0.01298	0.02067	0.01016	0.01338	0.00767	0.00563	0.00531	0.00187	0.00713	0.00480	0.00324	0.00695
4	0.26038	0.00969	0.01289	0.41270	0.02583	0.01153	0.01130	0.01436	0.01102	0.01826	0.01343	0.14870	0.01265	0.00785	0.00542	0.00197	0.00601	0.00653	0.00338	0.00611
5	0.01322	0.01393	0.01804	0.50633	0.03225	0.14578	0.04533	0.01635	0.01217	0.01478	0.00977	0.01424	0.00773	0.00643	0.00766	0.00195	0.11983	0.00498	0.00267	0.00655
6	0.00963	0.00799	0.01071	0.00982	0.01052	0.00944	0.00760	0.01135	0.01189	0.01702	0.28461	0.03223	0.05156	0.15103	0.09004	0.00348	0.24150	0.02988	0.00435	0.00536

[dist]
# distance from previous block
# <min> <max>
21	43

[block]
# block no. 8 follows, 40 sequences, length 11
# corresponding to MSA columns:
# 764-774
name=unknown_I
#
# <colnr> <probs for GDERKNQSTAVLIFYWHMCP>
#	G	D	E	R	K	N	Q	S	T	A	V	L	I	F	Y	W	H	M	C	P
0	0.05613	0.00811	0.01316	0.01126	0.01334	0.00837	0.12414	0.01184	0.00993	0.01476	0.01300	0.01903	0.01178	0.02733	0.39136	0.17646	0.01097	0.00570	0.00302	0.07032
1	0.00905	0.01292	0.23147	0.01034	0.01363	0.00774	0.01034	0.01262	0.01401	0.01991	0.35984	0.18937	0.03666	0.01147	0.00662	0.00197	0.00470	0.03610	0.00499	0.00624
2	0.01338	0.01047	0.01226	0.00901	0.01397	0.00835	0.00721	0.01705	0.07160	0.07917	0.01242	0.01345	0.00981	0.00483	0.00456	0.00103	0.00438	0.00389	0.00395	0.69921
3	0.01376	0.02102	0.38787	0.01343	0.01949	0.01307	0.01488	0.22951	0.01693	0.02324	0.02147	0.02178	0.16269	0.00785	0.00589	0.00184	0.00678	0.00622	0.00406	0.00822
4	0.01969	0.01462	0.01578	0.01260	0.01685	0.01613	0.01023	0.46580	0.24403	0.07027	0.01724	0.01654	0.01246	0.00718	0.00580	0.00179	0.00571	0.00561	0.00584	0.03580
5	0.01043	0.00949	0.01577	0.62240	0.03393	0.01175	0.01432	0.01394	0.01116	0.01458	0.01142	0.01702	0.00915	0.01361	0.16393	0.00347	0.00937	0.00539	0.00269	0.00620
6	0.01302	0.29786	0.50957	0.01427	0.02160	0.01681	0.01747	0.01807	0.01212	0.01677	0.00962	0.01125	0.00740	0.00533	0.00490	0.00163	0.00777	0.00388	0.00247	0.00820
7	0.18125	0.01052	0.01561	0.62205	0.03411	0.01295	0.01412	0.01532	0.01127	0.01717	0.00987	0.01425	0.00745	0.00573	0.00536	0.00191	0.00708	0.00475	0.00279	0.00643
8	0.00844	0.00606	0.00850	0.00850	0.00931	0.00682	0.00628	0.01006	0.00925	0.01331	0.01634	0.02630	0.01607	0.21534	0.57135	0.00818	0.01278	0.00671	0.03556	0.00482
9	0.01642	0.01344	0.02576	0.01857	0.02400	0.01212	0.44615	0.02032	0.01416	0.19709	0.01421	0.01609	0.01012	0.00536	0.00621	0.00175	0.00776	0.00607	0.00404	0.14037
10	0.03861	0.01407	0.02367	0.01719	0.02250	0.01335	0.35231	0.16723	0.01630	0.08140	0.01269	0.01470	0.00937	0.00540	0.00592	0.00166	0.00738	0.00561	0.00400	0.18664

[dist]
# distance from previous block
# <min> <max>
5	8

[block]
# block no. 9 follows, 40 sequences, length 7
# corresponding to MSA columns:
# 783-789
name=unknown_J
#
# <colnr> <probs for GDERKNQSTAVLIFYWHMCP>
#	G	D	E	R	K	N	Q	S	T	A	V	L	I	F	Y	W	H	M	C	P
0	0.01755	0.01508	0.01504	0.01176	0.01625	0.18295	0.05006	0.07822	0.04452	0.14139	0.01300	0.01371	0.00978	0.00556	0.00510	0.00134	0.00631	0.00437	0.00422	0.36379
1	0.01501	0.01685	0.02154	0.01746	0.01958	0.18835	0.18971	0.01722	0.01180	0.01518	0.00895	0.01294	0.00789	0.00794	0.01295	0.00216	0.41968	0.00522	0.00274	0.00681
2	0.01205	0.01125	0.01702	0.01260	0.01719	0.00970	0.17317	0.01494	0.01216	0.01821	0.01236	0.07989	0.01116	0.00601	0.00608	0.00135	0.05453	0.00545	0.00344	0.52144
3	0.06059	0.01151	0.01189	0.01030	0.01347	0.06644	0.00818	0.10322	0.18796	0.04818	0.18538	0.02674	0.02375	0.00858	0.00587	0.00175	0.00485	0.07415	0.00526	0.14195
4	0.01430	0.01511	0.02388	0.04586	0.02361	0.08549	0.36814	0.02112	0.18056	0.01941	0.01394	0.01601	0.01065	0.00563	0.00607	0.00175	0.00779	0.00593	0.00368	0.13105
5	0.00764	0.00614	0.00696	0.00737	0.00914	0.00546	0.00594	0.00948	0.01330	0.01623	0.05027	0.05892	0.53469	0.01514	0.00723	0.00218	0.00369	0.22979	0.00539	0.00505
6	0.01177	0.01083	0.01647	0.60687	0.03439	0.01327	0.01457	0.01850	0.17901	0.01701	0.01336	0.01691	0.01002	0.00629	0.00584	0.00195	0.00704	0.00549	0.00334	0.00708

[dist]
# distance from previous block
# <min> <max>
3	18

[block]
# block no. 10 follows, 40 sequences, length 10
# corresponding to MSA columns:
# 810-819
name=unknown_K
#
# <colnr> <probs for GDERKNQSTAVLIFYWHMCP>
#	G	D	E	R	K	N	Q	S	T	A	V	L	I	F	Y	W	H	M	C	P
0	0.01367	0.01102	0.01291	0.00955	0.01424	0.00947	0.00770	0.10371	0.01408	0.04632	0.03643	0.01365	0.01049	0.00529	0.00537	0.00112	0.04378	0.00407	0.00392	0.63323
1	0.01339	0.01335	0.02044	0.01653	0.01871	0.01626	0.17852	0.01928	0.19483	0.01764	0.01259	0.01564	0.01043	0.00839	0.01299	0.00227	0.41198	0.00587	0.00348	0.00741
2	0.01196	0.00914	0.01071	0.00815	0.01198	0.00727	0.00614	0.01388	0.01142	0.05953	0.01305	0.01899	0.01207	0.20212	0.01071	0.00211	0.00468	0.00483	0.00368	0.57757
3	0.02211	0.01629	0.01745	0.01338	0.01803	0.01803	0.01105	0.73997	0.02734	0.03665	0.01396	0.01396	0.00989	0.00698	0.00582	0.00175	0.00640	0.00524	0.00582	0.00989
4	0.00737	0.00528	0.00700	0.00790	0.00850	0.00491	0.00542	0.00882	0.01246	0.01696	0.21295	0.60491	0.04256	0.01664	0.00728	0.00223	0.00322	0.01503	0.00565	0.00491
5	0.01343	0.60079	0.02455	0.00949	0.01330	0.01844	0.00881	0.01509	0.01165	0.01397	0.01407	0.20478	0.01521	0.00828	0.00465	0.00152	0.00551	0.00646	0.00321	0.00678
6	0.01037	0.08619	0.40408	0.01285	0.01798	0.01123	0.01443	0.01459	0.01153	0.01641	0.01637	0.20826	0.01618	0.01414	0.11644	0.00300	0.00809	0.00753	0.00329	0.00704
7	0.00893	0.00692	0.00835	0.00903	0.01010	0.00716	0.00635	0.01379	0.19539	0.01721	0.02996	0.59948	0.03329	0.01564	0.00705	0.00226	0.00368	0.01404	0.00553	0.00584
8	0.01272	0.01272	0.01781	0.01527	0.01527	0.01781	0.01272	0.01399	0.00891	0.01399	0.00763	0.01272	0.00763	0.01018	0.01908	0.00254	0.78499	0.00509	0.00254	0.00636
9	0.01098	0.01034	0.01744	0.78165	0.04005	0.01292	0.01615	0.01486	0.01163	0.01486	0.01034	0.01550	0.00775	0.00581	0.00581	0.00194	0.00775	0.00517	0.00258	0.00646

[dist]
# distance from previous block
# <min> <max>
0	21

[block]
# block no. 11 follows, 40 sequences, length 6
# corresponding to MSA columns:
# 841-846
name=unknown_L
#
# <colnr> <probs for GDERKNQSTAVLIFYWHMCP>
#	G	D	E	R	K	N	Q	S	T	A	V	L	I	F	Y	W	H	M	C	P
0	0.01517	0.01024	0.01238	0.00900	0.01402	0.00793	0.00726	0.01768	0.01308	0.18403	0.01313	0.01377	0.00990	0.00495	0.00465	0.00107	0.00445	0.00398	0.00428	0.64906
1	0.01671	0.01261	0.01336	0.01073	0.01443	0.01338	0.00870	0.48080	0.02235	0.02923	0.02988	0.02884	0.27454	0.00972	0.00619	0.00182	0.00518	0.00773	0.00567	0.00813
2	0.01562	0.01244	0.01397	0.01030	0.01529	0.01139	0.00837	0.27158	0.01747	0.02522	0.01162	0.01273	0.00907	0.00525	0.00484	0.00117	0.00505	0.00408	0.00429	0.54025
3	0.01318	0.00999	0.01041	0.00956	0.01217	0.01126	0.00738	0.02475	0.48790	0.02339	0.02200	0.02169	0.01674	0.00749	0.00526	0.00175	0.00393	0.00617	0.29710	0.00786
4	0.00757	0.00527	0.00660	0.00748	0.00769	0.00505	0.00473	0.00822	0.01019	0.01358	0.02719	0.52482	0.03233	0.29360	0.01528	0.00352	0.00418	0.01367	0.00473	0.00430
5	0.01669	0.01314	0.01453	0.01098	0.01577	0.01284	0.00892	0.33633	0.07832	0.02720	0.01301	0.01368	0.00992	0.00578	0.00510	0.00134	0.00525	0.00449	0.00469	0.40203

[dist]
# distance from previous block
# <min> <max>
4	11

[block]
# block no. 12 follows, 40 sequences, length 9
# corresponding to MSA columns:
# 859-867
name=unknown_M
#
# <colnr> <probs for GDERKNQSTAVLIFYWHMCP>
#	G	D	E	R	K	N	Q	S	T	A	V	L	I	F	Y	W	H	M	C	P
0	0.00828	0.00596	0.00809	0.00804	0.00885	0.00633	0.00580	0.00991	0.01078	0.01517	0.18353	0.06142	0.02630	0.23599	0.37254	0.00640	0.00957	0.00819	0.00405	0.00480
1	0.16556	0.07364	0.01184	0.00949	0.01211	0.01101	0.00746	0.17567	0.01475	0.02209	0.02025	0.33177	0.02157	0.01132	0.00589	0.00195	0.00463	0.03877	0.00480	0.05541
2	0.01433	0.43280	0.21025	0.01737	0.18487	0.01860	0.01457	0.01776	0.01225	0.01605	0.00931	0.01119	0.00783	0.00516	0.00463	0.00150	0.00696	0.00387	0.00257	0.00814
3	0.01485	0.19277	0.43881	0.01443	0.02136	0.01657	0.01665	0.18047	0.01557	0.02150	0.01072	0.01202	0.00795	0.00573	0.00520	0.00169	0.00759	0.00425	0.00322	0.00864
4	0.09398	0.29183	0.09950	0.01064	0.01442	0.13606	0.00967	0.05974	0.01260	0.01631	0.01114	0.01658	0.01057	0.18317	0.01010	0.00242	0.00687	0.00467	0.00310	0.00662
5	0.01112	0.00817	0.00968	0.00929	0.01101	0.00818	0.00675	0.18248	0.01490	0.02013	0.02525	0.50165	0.02832	0.06054	0.00811	0.00229	0.00430	0.01235	0.00523	0.07024
6	0.01301	0.01205	0.02004	0.02931	0.59054	0.01194	0.01507	0.01630	0.01397	0.01997	0.17856	0.02092	0.01948	0.00669	0.00600	0.00175	0.00597	0.00638	0.00367	0.00837
7	0.01635	0.01011	0.01192	0.00992	0.01308	0.01023	0.00790	0.18160	0.11970	0.20120	0.26644	0.02908	0.07860	0.00932	0.00626	0.00183	0.00436	0.00780	0.00632	0.00799
8	0.01607	0.00778	0.00996	0.00869	0.01112	0.00703	0.00665	0.01760	0.01313	0.33203	0.02502	0.03464	0.07934	0.26216	0.01381	0.00313	0.00504	0.10561	0.00549	0.03570

[dist]
# distance from previous block
# <min> <max>
7	10

[block]
# block no. 13 follows, 40 sequences, length 12
# corresponding to MSA columns:
# 878-889
name=unknown_N
#
# <colnr> <probs for GDERKNQSTAVLIFYWHMCP>
#	G	D	E	R	K	N	Q	S	T	A	V	L	I	F	Y	W	H	M	C	P
0	0.01311	0.01999	0.25293	0.02214	0.02883	0.01435	0.52394	0.01856	0.01329	0.01856	0.01137	0.01467	0.00839	0.00509	0.00646	0.00193	0.00944	0.00610	0.00280	0.00807
1	0.00832	0.00620	0.00918	0.00918	0.01016	0.00718	0.00706	0.01028	0.00930	0.01338	0.01573	0.02369	0.01490	0.08534	0.73136	0.00914	0.01502	0.00635	0.00314	0.00510
2	0.01878	0.01451	0.01745	0.24308	0.02462	0.01650	0.01258	0.52317	0.02264	0.03013	0.01288	0.01442	0.00925	0.00663	0.00582	0.00180	0.00680	0.00522	0.00485	0.00886
3	0.01051	0.00901	0.01021	0.00780	0.01201	0.00690	0.00615	0.01276	0.01242	0.01798	0.02486	0.02519	0.23237	0.00742	0.00507	0.00119	0.00390	0.00608	0.00403	0.58414
4	0.01010	0.00505	0.00758	0.00758	0.00758	0.00505	0.00505	0.00758	0.00758	0.01010	0.01010	0.01768	0.01010	0.02020	0.02273	0.83081	0.00505	0.00505	0.00253	0.00253
5	0.02211	0.01629	0.01745	0.01338	0.01803	0.01803	0.01105	0.73997	0.02734	0.03665	0.01396	0.01396	0.00989	0.00698	0.00582	0.00175	0.00640	0.00524	0.00582	0.00989
6	0.01109	0.01279	0.23267	0.00876	0.01227	0.00784	0.00927	0.01501	0.01222	0.02070	0.01642	0.01887	0.01265	0.00640	0.00450	0.00150	0.00447	0.00508	0.58111	0.00637
7	0.01495	0.50999	0.07685	0.01098	0.01570	0.01979	0.01054	0.02152	0.23221	0.01720	0.01291	0.01323	0.01053	0.00589	0.00451	0.00150	0.00590	0.00423	0.00351	0.00806
8	0.01226	0.01027	0.01124	0.01072	0.01312	0.01155	0.00807	0.02408	0.52828	0.02149	0.02617	0.25196	0.02394	0.01098	0.00637	0.00209	0.00423	0.00955	0.00576	0.00786
9	0.00919	0.00825	0.01121	0.01482	0.23248	0.00760	0.00840	0.01119	0.01305	0.01651	0.04287	0.04278	0.50256	0.04462	0.00749	0.00205	0.00424	0.00999	0.00457	0.00614
10	0.55616	0.01263	0.01644	0.01286	0.01713	0.01360	0.22526	0.01813	0.04203	0.02379	0.00985	0.01183	0.00753	0.00535	0.00467	0.00185	0.00609	0.00440	0.00350	0.00688
11	0.02211	0.01629	0.01745	0.01338	0.01803	0.01803	0.01105	0.73997	0.02734	0.03665	0.01396	0.01396	0.00989	0.00698	0.00582	0.00175	0.00640	0.00524	0.00582	0.00989

[dist]
# distance from previous block
# <min> <max>
0	1

[block]
# block no. 14 follows, 40 sequences, length 14
# corresponding to MSA columns:
# 891-904
name=unknown_O
#
# <colnr> <probs for GDERKNQSTAVLIFYWHMCP>
#	G	D	E	R	K	N	Q	S	T	A	V	L	I	F	Y	W	H	M	C	P
0	0.00945	0.00792	0.01155	0.01088	0.01165	0.01001	0.00869	0.01132	0.00923	0.01363	0.01351	0.02022	0.01274	0.03493	0.57683	0.00758	0.21546	0.00593	0.00297	0.00550
1	0.00822	0.00705	0.00749	0.00660	0.00939	0.00565	0.00506	0.00998	0.01294	0.01655	0.04629	0.04456	0.56257	0.01202	0.00621	0.00168	0.00330	0.00998	0.00489	0.21957
2	0.47561	0.01209	0.01250	0.01506	0.20541	0.05372	0.00929	0.01718	0.01141	0.02305	0.01024	0.01231	0.00819	0.00555	0.00431	0.00171	0.00523	0.00399	0.10619	0.00697
3	0.01630	0.01236	0.01341	0.01173	0.01524	0.01391	0.00922	0.06672	0.62076	0.11713	0.02308	0.02106	0.01693	0.00776	0.00590	0.00194	0.00474	0.00642	0.00607	0.00933
4	0.01441	0.01347	0.02089	0.02950	0.56601	0.01399	0.01560	0.02124	0.20435	0.02038	0.01425	0.01629	0.01143	0.00588	0.00580	0.00179	0.00631	0.00554	0.00367	0.00921
5	0.01506	0.70321	0.12215	0.01078	0.01620	0.02182	0.01139	0.01754	0.01187	0.01427	0.00838	0.00970	0.00745	0.00504	0.00396	0.00132	0.00652	0.00326	0.00248	0.00760
6	0.23413	0.01132	0.01214	0.00962	0.01391	0.05266	0.00784	0.02288	0.01413	0.40712	0.01622	0.01531	0.01095	0.00619	0.00498	0.00163	0.00504	0.00463	0.00541	0.14389
7	0.01439	0.01382	0.02360	0.03569	0.75936	0.01382	0.01785	0.01785	0.01324	0.01900	0.01094	0.01439	0.00921	0.00518	0.00576	0.00173	0.00691	0.00518	0.00288	0.00921
8	0.01259	0.01004	0.01166	0.00934	0.01316	0.00883	0.00726	0.14432	0.01459	0.02109	0.01663	0.21498	0.01660	0.00841	0.00539	0.00141	0.00444	0.00717	0.00438	0.46772
9	0.01351	0.01291	0.02200	0.22949	0.57249	0.01358	0.01741	0.01707	0.01282	0.01792	0.01078	0.01468	0.00883	0.00535	0.00577	0.00178	0.00713	0.00518	0.00280	0.00850
10	0.01369	0.55075	0.02355	0.00974	0.01341	0.05914	0.00884	0.01531	0.01189	0.01401	0.01436	0.21268	0.01552	0.00847	0.00477	0.00155	0.00571	0.00663	0.00327	0.00671
11	0.01073	0.00657	0.00816	0.00740	0.00945	0.00582	0.00568	0.01303	0.01559	0.14048	0.44140	0.04316	0.24635	0.01193	0.00670	0.00186	0.00316	0.01026	0.00625	0.00603
12	0.00966	0.00723	0.00873	0.00846	0.01033	0.00699	0.00680	0.08883	0.01601	0.02126	0.31006	0.04919	0.22698	0.01317	0.00705	0.00207	0.00386	0.19173	0.00581	0.00578
13	0.14423	0.01062	0.01296	0.01015	0.01441	0.01011	0.00836	0.10239	0.01679	0.54743	0.04897	0.01859	0.01433	0.00710	0.00555	0.00179	0.00495	0.00557	0.00649	0.00919

[dist]
# distance from previous block
# <min> <max>
0	2

[block]
# block no. 15 follows, 40 sequences, length 30
# corresponding to MSA columns:
# 907-936
name=unknown_P
#
# <colnr> <probs for GDERKNQSTAVLIFYWHMCP>
#	G	D	E	R	K	N	Q	S	T	A	V	L	I	F	Y	W	H	M	C	P
0	0.02024	0.01392	0.01545	0.01215	0.01637	0.01483	0.00988	0.50119	0.06285	0.12411	0.01693	0.08165	0.01325	0.00784	0.00586	0.00176	0.00572	0.00623	0.00580	0.06398
1	0.00940	0.00662	0.00887	0.00861	0.01003	0.00651	0.00686	0.01204	0.01538	0.04974	0.52489	0.04598	0.04603	0.01257	0.00772	0.00206	0.04381	0.17122	0.00599	0.00567
2	0.01213	0.11012	0.64953	0.01581	0.02358	0.01473	0.01982	0.01808	0.01205	0.01769	0.01004	0.01199	0.00739	0.00571	0.00604	0.00181	0.04843	0.00421	0.00246	0.00836
3	0.00916	0.00655	0.00911	0.01030	0.01159	0.00649	0.00885	0.01176	0.01352	0.01775	0.08910	0.10132	0.03544	0.01584	0.00791	0.00259	0.00504	0.62690	0.00544	0.00533
4	0.01125	0.00743	0.00986	0.01040	0.01225	0.00740	0.00889	0.01499	0.07593	0.09040	0.05559	0.05620	0.06838	0.01430	0.00754	0.00247	0.00504	0.52996	0.00562	0.00610
5	0.02114	0.02650	0.01621	0.01473	0.01775	0.71175	0.01107	0.02383	0.07498	0.01504	0.01016	0.01138	0.00831	0.00614	0.00530	0.00154	0.01002	0.00397	0.00323	0.00694
6	0.01106	0.00657	0.00871	0.00797	0.00980	0.00600	0.00614	0.01366	0.01617	0.13956	0.58333	0.06619	0.04696	0.01155	0.00677	0.00188	0.00323	0.04184	0.00645	0.00615
7	0.01329	0.35187	0.45795	0.01380	0.02088	0.01748	0.01666	0.01800	0.01208	0.01644	0.00945	0.01104	0.00741	0.00529	0.00477	0.00159	0.00760	0.00380	0.00247	0.00812
8	0.08727	0.05778	0.01660	0.01224	0.01669	0.05002	0.01014	0.46802	0.04317	0.15849	0.01477	0.01442	0.01036	0.00676	0.00551	0.00173	0.00612	0.00503	0.00557	0.00931
9	0.01439	0.01382	0.02360	0.03569	0.75936	0.01382	0.01785	0.01785	0.01324	0.01900	0.01094	0.01439	0.00921	0.00518	0.00576	0.00173	0.00691	0.00518	0.00288	0.00921
10	0.57002	0.06386	0.01140	0.00870	0.01239	0.01367	0.00724	0.12189	0.01331	0.05182	0.06922	0.01316	0.01105	0.00618	0.00427	0.00176	0.00476	0.00413	0.00419	0.00695
11	0.00886	0.00670	0.00981	0.01041	0.01168	0.00655	0.04743	0.01138	0.02994	0.01696	0.06008	0.32226	0.03444	0.01587	0.00765	0.00247	0.00476	0.38210	0.00530	0.00536
12	0.01098	0.01034	0.01744	0.78165	0.04005	0.01292	0.01615	0.01486	0.01163	0.01486	0.01034	0.01550	0.00775	0.00581	0.00581	0.00194	0.00775	0.00517	0.00258	0.00646
13	0.01444	0.58032	0.23960	0.01183	0.01784	0.02031	0.01323	0.01770	0.01195	0.01503	0.00875	0.01017	0.00744	0.00513	0.00424	0.00141	0.00689	0.00345	0.00248	0.00778
14	0.01331	0.01437	0.02883	0.02059	0.02630	0.01299	0.55809	0.01765	0.01331	0.01871	0.01141	0.01479	0.00877	0.00476	0.00623	0.00169	0.00845	0.00602	0.00307	0.21064
15	0.01460	0.01144	0.01663	0.51100	0.03153	0.01340	0.01382	0.18010	0.01545	0.07943	0.01252	0.01651	0.00937	0.04164	0.00688	0.00205	0.00713	0.00539	0.00373	0.00738
16	0.00715	0.00517	0.00678	0.00799	0.00848	0.00480	0.00543	0.00828	0.01147	0.01519	0.05419	0.70868	0.08386	0.01777	0.00739	0.00233	0.00337	0.03147	0.00543	0.00477
17	0.01428	0.54726	0.27120	0.01212	0.01828	0.01990	0.01373	0.01774	0.01197	0.01523	0.00885	0.01029	0.00743	0.00516	0.00432	0.00144	0.00700	0.00350	0.00248	0.00783
18	0.01228	0.00710	0.00930	0.00927	0.01081	0.00693	0.00683	0.01487	0.07131	0.18543	0.02834	0.50066	0.03000	0.01451	0.00741	0.00222	0.03369	0.03697	0.00574	0.00634
19	0.01335	0.01447	0.02927	0.02090	0.02662	0.01313	0.57237	0.01772	0.01335	0.01870	0.01144	0.01486	0.00878	0.00477	0.00628	0.00171	0.00856	0.00609	0.00306	0.19458
20	0.01098	0.01034	0.01744	0.78165	0.04005	0.01292	0.01615	0.01486	0.01163	0.01486	0.01034	0.01550	0.00775	0.00581	0.00581	0.00194	0.00775	0.00517	0.00258	0.00646
21	0.01121	0.01057	0.01785	0.73209	0.08785	0.01298	0.01626	0.01506	0.01174	0.01513	0.01038	0.01543	0.00785	0.00577	0.00581	0.00192	0.00770	0.00517	0.00260	0.00664
22	0.20921	0.01081	0.01268	0.01003	0.01429	0.01054	0.00826	0.08273	0.04205	0.51179	0.01888	0.01705	0.01232	0.00680	0.00534	0.00180	0.00495	0.00521	0.00623	0.00906
23	0.05763	0.01052	0.01268	0.01048	0.01427	0.01051	0.00842	0.02728	0.26525	0.41798	0.08250	0.02190	0.01848	0.00773	0.00585	0.00186	0.00463	0.00635	0.00653	0.00914
24	0.01190	0.07650	0.72113	0.01617	0.02455	0.01408	0.02079	0.01836	0.01225	0.01813	0.01029	0.01210	0.00737	0.00549	0.00542	0.00181	0.00845	0.00423	0.00246	0.00853
25	0.01465	0.01048	0.01191	0.01038	0.01354	0.01111	0.00812	0.02498	0.42610	0.13525	0.18888	0.02574	0.02509	0.00847	0.00602	0.00184	0.00421	0.00716	0.00607	0.05999
26	0.12644	0.01487	0.01817	0.01947	0.24449	0.01609	0.01251	0.42383	0.02073	0.02985	0.01227	0.01350	0.00921	0.00622	0.00551	0.00175	0.00631	0.00495	0.00463	0.00921
27	0.01530	0.75092	0.07655	0.01037	0.01557	0.02241	0.01067	0.01748	0.01184	0.01398	0.00823	0.00951	0.00746	0.00501	0.00384	0.00128	0.00637	0.00318	0.00249	0.00753
28	0.01555	0.79913	0.03047	0.00995	0.01493	0.02301	0.00995	0.01741	0.01182	0.01368	0.00808	0.00933	0.00746	0.00498	0.00373	0.00124	0.00622	0.00311	0.00249	0.00746
29	0.01555	0.79913	0.03047	0.00995	0.01493	0.02301	0.00995	0.01741	0.01182	0.01368	0.00808	0.00933	0.00746	0.00498	0.00373	0.00124	0.00622	0.00311	0.00249	0.00746

[dist]
# distance from previous block
# <min> <max>
0	1

[block]
# block no. 16 follows, 40 sequences, length 25
# corresponding to MSA columns:
# 938-962
name=unknown_Q
#
# <colnr> <probs for GDERKNQSTAVLIFYWHMCP>
#	G	D	E	R	K	N	Q	S	T	A	V	L	I	F	Y	W	H	M	C	P
0	0.00704	0.00523	0.00657	0.00765	0.00832	0.00476	0.00520	0.00815	0.01156	0.01502	0.03748	0.64309	0.18370	0.01751	0.00731	0.00228	0.00329	0.01567	0.00540	0.00476
1	0.00687	0.00589	0.00589	0.00589	0.00785	0.00491	0.00442	0.00835	0.01325	0.01571	0.05891	0.05596	0.75700	0.01473	0.00687	0.00196	0.00295	0.01227	0.00540	0.00491
2	0.01206	0.01034	0.01206	0.00861	0.01378	0.00775	0.00689	0.01464	0.01206	0.01895	0.01034	0.01206	0.00861	0.00431	0.00431	0.00086	0.00431	0.00345	0.00345	0.83118
3	0.00846	0.00564	0.00634	0.00634	0.00634	0.00564	0.00352	0.00846	0.00846	0.01128	0.01832	0.03805	0.02114	0.79563	0.02960	0.00564	0.00564	0.00846	0.00352	0.00352
4	0.83671	0.01125	0.00855	0.00765	0.01125	0.01305	0.00630	0.01709	0.00990	0.02609	0.00810	0.00945	0.00630	0.00540	0.00360	0.00180	0.00450	0.00315	0.00360	0.00630
5	0.01495	0.63978	0.02680	0.00982	0.01475	0.02021	0.00943	0.01755	0.04350	0.01498	0.00911	0.01029	0.00809	0.00499	0.00392	0.00121	0.00585	0.00331	0.00279	0.13867
6	0.01064	0.01012	0.01748	0.57738	0.03394	0.01182	0.09148	0.01420	0.01191	0.01531	0.01567	0.09214	0.05876	0.00747	0.00615	0.00198	0.00725	0.00689	0.00307	0.00634
7	0.01206	0.01034	0.01206	0.00861	0.01378	0.00775	0.00689	0.01464	0.01206	0.01895	0.01034	0.01206	0.00861	0.00431	0.00431	0.00086	0.00431	0.00345	0.00345	0.83118
8	0.01446	0.01249	0.01315	0.01183	0.01512	0.01446	0.00920	0.03090	0.74885	0.02433	0.02367	0.02170	0.01775	0.00789	0.00592	0.00197	0.00460	0.00657	0.00592	0.00920
9	0.00823	0.00594	0.00777	0.00732	0.00869	0.00549	0.00549	0.01097	0.01646	0.02332	0.75629	0.04344	0.05487	0.01189	0.00686	0.00183	0.00274	0.01052	0.00640	0.00549
10	0.02211	0.01629	0.01745	0.01338	0.01803	0.01803	0.01105	0.73997	0.02734	0.03665	0.01396	0.01396	0.00989	0.00698	0.00582	0.00175	0.00640	0.00524	0.00582	0.00989
11	0.01104	0.01034	0.01716	0.74113	0.03867	0.01265	0.01566	0.01485	0.01165	0.01507	0.01034	0.01532	0.00780	0.00573	0.00573	0.00188	0.00757	0.00508	0.00263	0.04969
12	0.00846	0.00564	0.00634	0.00634	0.00634	0.00564	0.00352	0.00846	0.00846	0.01128	0.01832	0.03805	0.02114	0.79563	0.02960	0.00564	0.00564	0.00846	0.00352	0.00352
13	0.83671	0.01125	0.00855	0.00765	0.01125	0.01305	0.00630	0.01709	0.00990	0.02609	0.00810	0.00945	0.00630	0.00540	0.00360	0.00180	0.00450	0.00315	0.00360	0.00630
14	0.02609	0.00990	0.01350	0.01035	0.01484	0.00855	0.00855	0.02834	0.01664	0.76338	0.02294	0.01979	0.01439	0.00720	0.00585	0.00180	0.00495	0.00585	0.00720	0.00990
15	0.00687	0.00589	0.00589	0.00589	0.00785	0.00491	0.00442	0.00835	0.01325	0.01571	0.05891	0.05596	0.75700	0.01473	0.00687	0.00196	0.00295	0.01227	0.00540	0.00491
16	0.02211	0.01629	0.01745	0.01338	0.01803	0.01803	0.01105	0.73997	0.02734	0.03665	0.01396	0.01396	0.00989	0.00698	0.00582	0.00175	0.00640	0.00524	0.00582	0.00989
17	0.01098	0.01034	0.01744	0.78165	0.04005	0.01292	0.01615	0.01486	0.01163	0.01486	0.01034	0.01550	0.00775	0.00581	0.00581	0.00194	0.00775	0.00517	0.00258	0.00646
18	0.01493	0.01347	0.01336	0.01204	0.01530	0.06298	0.00933	0.03041	0.70196	0.02368	0.02273	0.02098	0.01709	0.00777	0.00587	0.00194	0.00498	0.00639	0.00573	0.00905
19	0.02112	0.01574	0.01692	0.01301	0.01763	0.01722	0.01070	0.66215	0.05829	0.03497	0.01416	0.01418	0.01016	0.00685	0.00573	0.00170	0.00619	0.00518	0.00567	0.06244
20	0.01439	0.01382	0.02360	0.03569	0.75936	0.01382	0.01785	0.01785	0.01324	0.01900	0.01094	0.01439	0.00921	0.00518	0.00576	0.00173	0.00691	0.00518	0.00288	0.00921
21	0.01571	0.01221	0.01319	0.01168	0.01509	0.01383	0.00913	0.03063	0.67051	0.10340	0.02359	0.02149	0.01739	0.00782	0.00591	0.00195	0.00464	0.00650	0.00605	0.00928
22	0.22806	0.00734	0.00711	0.00717	0.00933	0.00728	0.00563	0.01111	0.01218	0.01860	0.03934	0.11480	0.39894	0.01274	0.00620	0.00205	0.00370	0.09819	0.00491	0.00532
23	0.00831	0.00623	0.00935	0.00935	0.01038	0.00727	0.00727	0.01038	0.00935	0.01350	0.01558	0.02285	0.01454	0.04361	0.77259	0.00935	0.01558	0.00623	0.00312	0.00519
24	0.01373	0.01569	0.03431	0.02451	0.03039	0.01471	0.73824	0.01863	0.01373	0.01863	0.01176	0.01569	0.00882	0.00490	0.00686	0.00196	0.00980	0.00686	0.00294	0.00784

[dist]
# distance from previous block
# <min> <max>
8	12

[block]
# block no. 17 follows, 40 sequences, length 6
# corresponding to MSA columns:
# 976-981
name=unknown_R
#
# <colnr> <probs for GDERKNQSTAVLIFYWHMCP>
#	G	D	E	R	K	N	Q	S	T	A	V	L	I	F	Y	W	H	M	C	P
0	0.01373	0.01569	0.03431	0.02451	0.03039	0.01471	0.73824	0.01863	0.01373	0.01863	0.01176	0.01569	0.00882	0.00490	0.00686	0.00196	0.00980	0.00686	0.00294	0.00784
1	0.47567	0.01605	0.07414	0.01033	0.01435	0.17074	0.00893	0.02018	0.01249	0.13412	0.01072	0.01146	0.00786	0.00580	0.00444	0.00174	0.00616	0.00378	0.00392	0.00712
2	0.02109	0.01090	0.01470	0.01130	0.01567	0.00995	0.05660	0.13133	0.01695	0.43607	0.01981	0.08200	0.01453	0.00752	0.00582	0.00172	0.00526	0.00637	0.00602	0.12638
3	0.13851	0.01309	0.01220	0.00990	0.01378	0.11871	0.00781	0.10851	0.04265	0.02250	0.12949	0.01704	0.01597	0.00639	0.00499	0.00140	0.00524	0.00491	0.00427	0.32263
4	0.01568	0.01317	0.01555	0.01547	0.13397	0.01409	0.01062	0.17425	0.37024	0.02524	0.01761	0.01747	0.01338	0.00673	0.00563	0.00172	0.00530	0.00560	0.00504	0.13326
5	0.01562	0.01421	0.02262	0.03214	0.64137	0.01449	0.01677	0.13277	0.01549	0.02181	0.01142	0.01432	0.00932	0.00547	0.00577	0.00173	0.00683	0.00519	0.00335	0.00932

[dist]
# distance from previous block
# <min> <max>
9	12

[block]
# block no. 18 follows, 40 sequences, length 14
# corresponding to MSA columns:
# 994-1007
name=unknown_S
#
# <colnr> <probs for GDERKNQSTAVLIFYWHMCP>
#	G	D	E	R	K	N	Q	S	T	A	V	L	I	F	Y	W	H	M	C	P
