[name]
unknown

[dist]
# distance from previous block
# <min> <max>
144	436

[block]
# block no. 0 follows, 40 sequences, length 6
# corresponding to MSA columns:
# 465-470
name=unknown_A
#
# <colnr> <probs for GDERKNQSTAVLIFYWHMCP>
#	G	D	E	R	K	N	Q	S	T	A	V	L	I	F	Y	W	H	M	C	P
0	0.01253	0.01076	0.01227	0.00924	0.01404	0.00906	0.00734	0.01781	0.15575	0.02000	0.01294	0.01394	0.01040	0.00501	0.00462	0.00108	0.00436	0.00406	0.00393	0.67087
1	0.01410	0.01155	0.01315	0.00958	0.01465	0.00984	0.00774	0.16199	0.01516	0.02254	0.01107	0.01245	0.00887	0.00485	0.00461	0.00104	0.00473	0.00381	0.00393	0.66434
2	0.41322	0.00988	0.01014	0.15835	0.01646	0.01077	0.00790	0.01460	0.01116	0.02098	0.01911	0.02038	0.15935	0.00725	0.00478	0.00175	0.00480	0.00543	0.00375	0.09995
3	0.01644	0.01240	0.01593	0.01245	0.01650	0.01235	0.09172	0.32143	0.01883	0.07407	0.01709	0.16586	0.01537	0.00841	0.00594	0.00171	0.00568	0.00730	0.00502	0.17549
4	0.42078	0.01229	0.01079	0.09696	0.01498	0.12314	0.00802	0.01645	0.01095	0.05689	0.00962	0.01241	0.00779	0.00851	0.00794	0.16345	0.00588	0.00397	0.00337	0.00583
5	0.50942	0.01155	0.01339	0.01063	0.01482	0.01207	0.11008	0.01946	0.01193	0.17441	0.01176	0.01258	0.00843	0.00563	0.00456	0.00177	0.00533	0.00424	0.00423	0.05373

[dist]
# distance from previous block
# <min> <max>
11	19

[block]
# block no. 1 follows, 40 sequences, length 9
# corresponding to MSA columns:
# 490-498
name=unknown_B
#
# <colnr> <probs for GDERKNQSTAVLIFYWHMCP>
#	G	D	E	R	K	N	Q	S	T	A	V	L	I	F	Y	W	H	M	C	P
0	0.01572	0.01453	0.01432	0.01112	0.01544	0.13332	0.00889	0.16473	0.01566	0.02144	0.01066	0.01225	0.00862	0.00558	0.00590	0.00127	0.06575	0.00399	0.00379	0.46702
1	0.14303	0.00927	0.01435	0.01305	0.01568	0.00936	0.15836	0.01421	0.01290	0.01905	0.02325	0.04635	0.02405	0.01206	0.00708	0.00239	0.00613	0.45884	0.00458	0.00602
2	0.53741	0.01252	0.01186	0.01005	0.01328	0.01483	0.00830	0.16485	0.01332	0.02632	0.00923	0.01090	0.00725	0.00649	0.00654	0.00191	0.13014	0.00389	0.00388	0.00704
3	0.01535	0.00777	0.01071	0.01034	0.01280	0.00725	0.00876	0.01781	0.01461	0.29024	0.05614	0.07619	0.02752	0.01274	0.00716	0.00231	0.00503	0.40418	0.00607	0.00700
4	0.01184	0.01034	0.01316	0.16716	0.01917	0.00881	0.00879	0.01469	0.01197	0.01811	0.01034	0.01277	0.00844	0.00462	0.00462	0.00108	0.00501	0.00380	0.00327	0.66203
5	0.01298	0.01031	0.01215	0.00873	0.01385	0.00780	0.00700	0.01555	0.01236	0.06803	0.01117	0.01257	0.00899	0.00450	0.00441	0.00092	0.00435	0.00360	0.00369	0.77703
6	0.01155	0.01072	0.01777	0.77514	0.04021	0.01320	0.01631	0.01524	0.01198	0.01539	0.01089	0.01625	0.00829	0.00618	0.00605	0.00204	0.00792	0.00534	0.00278	0.00675
7	0.63749	0.01091	0.00976	0.00831	0.01213	0.01194	0.00685	0.01986	0.01155	0.20729	0.01175	0.01199	0.00829	0.00584	0.00415	0.00180	0.00461	0.00381	0.00448	0.00718
8	0.01326	0.01108	0.01389	0.16796	0.01968	0.01044	0.00948	0.13086	0.01428	0.02067	0.01119	0.01363	0.00895	0.00709	0.04477	0.00166	0.00593	0.00423	0.00363	0.48733

[dist]
# distance from previous block
# <min> <max>
7	68

# created by:
# /software/SequenceAnalysis/GenePrediction/augustus/3.0.1/scripts/msa2prfl.pl ./fixed/BUSCOvEOG7QZ91P.fas
