[name]
unknown

[dist]
# distance from previous block
# <min> <max>
34	316

[block]
# block no. 0 follows, 40 sequences, length 7
# corresponding to MSA columns:
# 428-434
name=unknown_A
#
# <colnr> <probs for GDERKNQSTAVLIFYWHMCP>
#	G	D	E	R	K	N	Q	S	T	A	V	L	I	F	Y	W	H	M	C	P
0	0.23459	0.01279	0.01414	0.01124	0.01519	0.01377	0.05726	0.33734	0.01903	0.06646	0.06524	0.01968	0.09395	0.00760	0.00548	0.00181	0.00544	0.00593	0.00510	0.00797
1	0.01555	0.01226	0.01901	0.07948	0.10732	0.01378	0.11521	0.05869	0.06053	0.14876	0.05117	0.01727	0.01254	0.00858	0.02957	0.00224	0.23024	0.00590	0.00407	0.00784
2	0.69248	0.01109	0.00916	0.00782	0.01169	0.01212	0.00640	0.01667	0.01027	0.02484	0.00849	0.00990	0.00670	0.00521	0.00372	0.00164	0.00446	0.00320	0.00357	0.15057
3	0.15292	0.00720	0.00728	0.00709	0.00918	0.00699	0.00543	0.04024	0.01344	0.01934	0.13494	0.12165	0.40364	0.01282	0.00635	0.00198	0.00346	0.03540	0.00523	0.00543
4	0.15218	0.00643	0.00677	0.00724	0.00865	0.00628	0.00516	0.00977	0.01146	0.01692	0.03566	0.38870	0.25780	0.05106	0.00761	0.00229	0.00354	0.01248	0.00500	0.00500
5	0.01392	0.01378	0.08114	0.14603	0.01987	0.05609	0.01094	0.15778	0.08455	0.02153	0.03205	0.07505	0.03525	0.00740	0.00562	0.00166	0.00597	0.02126	0.00418	0.20593
6	0.70919	0.01382	0.00979	0.00879	0.01230	0.13184	0.00707	0.01805	0.01093	0.02424	0.00824	0.00961	0.00648	0.00549	0.00386	0.00175	0.00544	0.00324	0.00350	0.00637

[dist]
# distance from previous block
# <min> <max>
0	1

[block]
# block no. 1 follows, 40 sequences, length 10
# corresponding to MSA columns:
# 436-445
name=unknown_B
#
# <colnr> <probs for GDERKNQSTAVLIFYWHMCP>
#	G	D	E	R	K	N	Q	S	T	A	V	L	I	F	Y	W	H	M	C	P
0	0.19704	0.02178	0.01498	0.01307	0.01654	0.45094	0.01014	0.17213	0.01734	0.02148	0.00984	0.01099	0.00774	0.00607	0.00501	0.00161	0.00834	0.00393	0.00372	0.00731
1	0.01572	0.01407	0.01870	0.18613	0.28218	0.06553	0.01412	0.20361	0.05384	0.02236	0.01333	0.05997	0.01109	0.00673	0.00586	0.00181	0.00688	0.00583	0.00388	0.00837
2	0.19127	0.01222	0.01216	0.01093	0.01429	0.01416	0.00858	0.02793	0.58996	0.02471	0.02032	0.01906	0.01529	0.00735	0.00542	0.00194	0.00458	0.00584	0.00542	0.00858
3	0.00954	0.00732	0.00890	0.00826	0.01004	0.00737	0.00627	0.01515	0.16997	0.02353	0.60273	0.03888	0.04709	0.01105	0.00666	0.00186	0.00313	0.00969	0.00630	0.00627
4	0.18547	0.00639	0.00713	0.00800	0.00904	0.00651	0.00559	0.01003	0.01087	0.01726	0.02690	0.62360	0.03155	0.01546	0.00660	0.00224	0.00362	0.01365	0.00501	0.00506
5	0.01195	0.03246	0.01816	0.38216	0.12913	0.01237	0.05587	0.01528	0.01196	0.01647	0.01163	0.01542	0.02899	0.00583	0.00629	0.00170	0.05218	0.00504	0.00290	0.18423
6	0.01668	0.01143	0.01310	0.01259	0.06757	0.06103	0.00905	0.06539	0.26031	0.17557	0.01843	0.02056	0.01430	0.01036	0.00954	0.18012	0.00547	0.03587	0.00501	0.00763
7	0.00886	0.00709	0.01050	0.01371	0.16588	0.00679	0.00803	0.01076	0.01272	0.01754	0.18335	0.46796	0.03586	0.01412	0.00695	0.00211	0.00398	0.01286	0.00509	0.00583
8	0.01416	0.01158	0.01319	0.00961	0.01467	0.00991	0.00776	0.16667	0.01526	0.02266	0.01110	0.01246	0.00888	0.00487	0.00462	0.00105	0.00475	0.00382	0.00394	0.65904
9	0.01108	0.00991	0.01581	0.50791	0.03055	0.01136	0.04364	0.04663	0.01346	0.01800	0.16691	0.02110	0.01782	0.00701	0.00599	0.00184	0.00653	0.00626	0.00359	0.05457

[dist]
# distance from previous block
# <min> <max>
4	15

[block]
# block no. 2 follows, 40 sequences, length 6
# corresponding to MSA columns:
# 461-466
name=unknown_C
#
# <colnr> <probs for GDERKNQSTAVLIFYWHMCP>
#	G	D	E	R	K	N	Q	S	T	A	V	L	I	F	Y	W	H	M	C	P
0	0.01197	0.01231	0.14362	0.00988	0.01247	0.00973	0.00855	0.17391	0.01358	0.01851	0.01707	0.08990	0.01760	0.41512	0.01818	0.00382	0.00615	0.00766	0.00400	0.00595
1	0.00975	0.00773	0.00937	0.00839	0.01102	0.00653	0.00628	0.03591	0.01268	0.01806	0.08352	0.32689	0.06543	0.01147	0.00606	0.00168	0.00384	0.03402	0.00471	0.33667
2	0.02119	0.01129	0.01317	0.01038	0.01423	0.01140	0.00848	0.29156	0.01965	0.32520	0.01869	0.01803	0.01282	0.00702	0.00544	0.00168	0.00499	0.00552	0.19036	0.00889
3	0.19413	0.00742	0.00872	0.00956	0.01123	0.00777	0.00798	0.01248	0.01221	0.01889	0.02593	0.18195	0.02827	0.01406	0.00693	0.00242	0.00481	0.43482	0.00497	0.00545
4	0.01203	0.00636	0.00796	0.00779	0.00951	0.00577	0.00574	0.01377	0.01310	0.18413	0.06764	0.34736	0.12479	0.01294	0.00637	0.00198	0.00352	0.01130	0.15186	0.00607
5	0.01028	0.01247	0.14803	0.01329	0.01682	0.00909	0.17252	0.01392	0.03990	0.03929	0.02649	0.30740	0.11677	0.01175	0.00681	0.00211	0.00585	0.03634	0.00440	0.00648

[dist]
# distance from previous block
# <min> <max>
0	4

[block]
# block no. 3 follows, 40 sequences, length 27
# corresponding to MSA columns:
# 471-497
name=unknown_D
#
# <colnr> <probs for GDERKNQSTAVLIFYWHMCP>
#	G	D	E	R	K	N	Q	S	T	A	V	L	I	F	Y	W	H	M	C	P
0	0.00819	0.00593	0.00755	0.00720	0.00848	0.00549	0.00531	0.01058	0.01540	0.02151	0.62278	0.04420	0.09604	0.08947	0.00913	0.00223	0.00310	0.02613	0.00603	0.00525
1	0.00851	0.00699	0.01065	0.29034	0.01997	0.00771	0.00932	0.01056	0.01131	0.01485	0.02413	0.50858	0.02726	0.01369	0.00684	0.00221	0.00497	0.01239	0.00437	0.00536
2	0.65786	0.01031	0.00858	0.00785	0.01104	0.01164	0.00629	0.01654	0.02745	0.05363	0.03216	0.09518	0.02817	0.00726	0.00430	0.00187	0.00432	0.00515	0.00410	0.00629
3	0.30978	0.00732	0.00740	0.00793	0.00946	0.00776	0.00573	0.01138	0.01068	0.01895	0.02331	0.50637	0.02673	0.01354	0.00603	0.00216	0.00378	0.01165	0.00474	0.00530
4	0.01640	0.00705	0.00837	0.00722	0.00972	0.00656	0.00570	0.01895	0.01382	0.29230	0.02042	0.02099	0.01472	0.00693	0.00472	0.00152	0.00353	0.00558	0.52847	0.00705
5	0.51531	0.01104	0.01005	0.00814	0.01234	0.01124	0.00663	0.03441	0.01112	0.02375	0.00906	0.01051	0.00723	0.00504	0.00391	0.00146	0.00448	0.00331	0.00360	0.30736
6	0.32075	0.01112	0.01206	0.00962	0.01383	0.01120	0.00793	0.10248	0.01515	0.37854	0.01593	0.01501	0.01067	0.00638	0.00495	0.00175	0.00491	0.00468	0.00555	0.04749
7	0.02464	0.01223	0.01494	0.01145	0.01601	0.01201	0.00946	0.28798	0.02055	0.49823	0.01967	0.01767	0.01275	0.00712	0.00584	0.00178	0.00548	0.00562	0.00669	0.00989
8	0.01480	0.00757	0.01086	0.00971	0.01201	0.00774	0.00774	0.01694	0.01201	0.28710	0.01826	0.02173	0.01449	0.03033	0.49283	0.00659	0.01170	0.00609	0.00460	0.00691
9	0.04884	0.00845	0.01312	0.46260	0.02715	0.00994	0.01176	0.01250	0.01137	0.01539	0.01815	0.29847	0.01889	0.01032	0.00630	0.00209	0.00600	0.00922	0.00366	0.00582
10	0.01217	0.01044	0.01211	0.00877	0.01384	0.00807	0.00700	0.01542	0.04711	0.01920	0.01097	0.01252	0.00905	0.00448	0.00438	0.00091	0.00432	0.00359	0.00356	0.79208
11	0.01486	0.29951	0.01947	0.01115	0.01505	0.01758	0.00948	0.02598	0.47993	0.02044	0.01798	0.01718	0.01400	0.00683	0.00512	0.00171	0.00519	0.00531	0.00467	0.00857
12	0.01269	0.02366	0.49100	0.01485	0.02150	0.01386	0.01700	0.02297	0.28102	0.02057	0.01526	0.01571	0.01116	0.00639	0.00567	0.00189	0.00714	0.00513	0.00372	0.00882
13	0.31269	0.02321	0.48932	0.01332	0.02009	0.01334	0.01594	0.01793	0.01141	0.02122	0.00958	0.01124	0.00698	0.00548	0.00482	0.00183	0.00710	0.00388	0.00287	0.00776
14	0.00695	0.00559	0.00620	0.00670	0.00807	0.00484	0.00478	0.00825	0.01248	0.01539	0.04911	0.32446	0.49483	0.01600	0.00707	0.00211	0.00310	0.01383	0.00540	0.00484
15	0.01452	0.51220	0.02585	0.01189	0.01505	0.02111	0.01096	0.01617	0.01075	0.01380	0.00792	0.01057	0.00753	0.00687	0.00933	0.00172	0.29036	0.00383	0.00251	0.00706
16	0.00890	0.00699	0.00869	0.00829	0.01039	0.00583	0.00594	0.01049	0.01147	0.01634	0.02413	0.50732	0.02757	0.01314	0.00629	0.00181	0.00371	0.01176	0.00469	0.30627
17	0.01098	0.01034	0.01744	0.78165	0.04005	0.01292	0.01615	0.01486	0.01163	0.01486	0.01034	0.01550	0.00775	0.00581	0.00581	0.00194	0.00775	0.00517	0.00258	0.00646
18	0.31932	0.01445	0.01420	0.01129	0.01556	0.01621	0.00932	0.47622	0.02098	0.03280	0.01182	0.01231	0.00858	0.00640	0.00501	0.00176	0.00571	0.00447	0.00501	0.00858
19	0.00836	0.00621	0.00796	0.00825	0.00974	0.00580	0.00668	0.01081	0.01466	0.01955	0.34408	0.05417	0.19557	0.01401	0.00729	0.00217	0.00374	0.26983	0.00581	0.00532
20	0.83671	0.01125	0.00855	0.00765	0.01125	0.01305	0.00630	0.01709	0.00990	0.02609	0.00810	0.00945	0.00630	0.00540	0.00360	0.00180	0.00450	0.00315	0.00360	0.00630
21	0.01082	0.00698	0.00921	0.00795	0.00984	0.00604	0.00572	0.01015	0.00921	0.01333	0.01019	0.01563	0.00956	0.01440	0.01601	0.52799	0.00478	0.00446	0.00286	0.30487
22	0.83671	0.01125	0.00855	0.00765	0.01125	0.01305	0.00630	0.01709	0.00990	0.02609	0.00810	0.00945	0.00630	0.00540	0.00360	0.00180	0.00450	0.00315	0.00360	0.00630
23	0.31908	0.02171	0.01359	0.01231	0.01552	0.49527	0.00943	0.02099	0.01408	0.01856	0.00866	0.01011	0.00706	0.00578	0.00464	0.00161	0.00830	0.00353	0.00322	0.00658
24	0.00737	0.00591	0.00658	0.00641	0.00816	0.00512	0.00481	0.00930	0.01442	0.01849	0.31336	0.05139	0.50082	0.01369	0.00687	0.00191	0.00287	0.01163	0.00577	0.00512
25	0.00977	0.00735	0.00843	0.00717	0.00906	0.00641	0.00475	0.01071	0.00977	0.01408	0.01541	0.02857	0.01657	0.50691	0.02037	0.00390	0.00515	0.00663	0.00350	0.30550
26	0.01312	0.01373	0.02619	0.01871	0.02433	0.01217	0.47140	0.01717	0.01312	0.01874	0.01124	0.01436	0.00875	0.00468	0.00593	0.00156	0.00780	0.00562	0.00313	0.30825

[dist]
# distance from previous block
# <min> <max>
0	1

[block]
# block no. 4 follows, 40 sequences, length 33
# corresponding to MSA columns:
# 499-531
name=unknown_E
#
# <colnr> <probs for GDERKNQSTAVLIFYWHMCP>
#	G	D	E	R	K	N	Q	S	T	A	V	L	I	F	Y	W	H	M	C	P
0	0.01206	0.01034	0.01206	0.00861	0.01378	0.00775	0.00689	0.01464	0.01206	0.01895	0.01034	0.01206	0.00861	0.00431	0.00431	0.00086	0.00431	0.00345	0.00345	0.83118
1	0.01343	0.00701	0.00849	0.00756	0.00886	0.00669	0.00502	0.03046	0.01105	0.21064	0.01944	0.03268	0.01910	0.56918	0.02278	0.00453	0.00547	0.00769	0.00455	0.00535
2	0.01349	0.01290	0.02198	0.23286	0.56924	0.01358	0.01740	0.01706	0.01281	0.01790	0.01078	0.01469	0.00883	0.00535	0.00577	0.00178	0.00713	0.00518	0.00280	0.00848
3	0.01616	0.01183	0.01649	0.01384	0.01505	0.01513	0.01150	0.01771	0.01096	0.21205	0.01185	0.01481	0.00957	0.01012	0.03196	0.00250	0.56210	0.00531	0.00379	0.00727
4	0.01374	0.00713	0.00960	0.00883	0.01100	0.00647	0.00693	0.01605	0.01526	0.25087	0.31764	0.15857	0.03687	0.01199	0.00679	0.00202	0.00387	0.10331	0.00635	0.00672
5	0.01098	0.01034	0.01744	0.78165	0.04005	0.01292	0.01615	0.01486	0.01163	0.01486	0.01034	0.01550	0.00775	0.00581	0.00581	0.00194	0.00775	0.00517	0.00258	0.00646
6	0.23259	0.59089	0.02468	0.00934	0.01395	0.02038	0.00898	0.01733	0.01131	0.01696	0.00809	0.00936	0.00715	0.00509	0.00370	0.00139	0.00576	0.00312	0.00278	0.00715
7	0.22730	0.00739	0.00831	0.00808	0.00951	0.00835	0.00599	0.01163	0.00925	0.01622	0.01435	0.02346	0.01416	0.23878	0.36653	0.00634	0.00994	0.00602	0.00335	0.00503
8	0.01219	0.21882	0.02089	0.57769	0.03341	0.01559	0.01451	0.01553	0.01168	0.01455	0.00974	0.01387	0.00768	0.00559	0.00526	0.00175	0.00735	0.00462	0.00256	0.00672
9	0.00708	0.00509	0.00671	0.00801	0.00841	0.00473	0.00536	0.00811	0.01122	0.01488	0.03313	0.76226	0.06734	0.01808	0.00740	0.00235	0.00336	0.01636	0.00540	0.00473
10	0.22923	0.01058	0.01509	0.57708	0.03244	0.01295	0.01355	0.01545	0.01117	0.01783	0.00974	0.01390	0.00737	0.00570	0.00523	0.00190	0.00689	0.00463	0.00285	0.00642
11	0.01422	0.01210	0.01538	0.01317	0.01452	0.01521	0.01071	0.20491	0.01429	0.02047	0.01373	0.13792	0.01349	0.01046	0.01302	0.00225	0.41832	0.00697	0.04187	0.00699
12	0.00840	0.00645	0.00815	0.00823	0.00985	0.00552	0.00579	0.00983	0.01138	0.01593	0.02631	0.58573	0.03057	0.01454	0.00660	0.00197	0.00362	0.01307	0.00488	0.22316
13	0.22844	0.00738	0.00767	0.00715	0.00906	0.00761	0.00538	0.01342	0.01295	0.05620	0.29881	0.05106	0.02933	0.10181	0.00820	0.00221	0.00366	0.00747	0.13656	0.00564
14	0.01162	0.00987	0.01159	0.00857	0.01331	0.00748	0.00676	0.01406	0.01198	0.01859	0.01225	0.08094	0.01125	0.00554	0.00458	0.00099	0.00422	0.00460	0.00362	0.75818
15	0.01205	0.00851	0.00955	0.00848	0.00980	0.00906	0.00586	0.20198	0.01353	0.01819	0.01692	0.03029	0.01756	0.51825	0.09142	0.00495	0.00675	0.00740	0.00409	0.00536
16	0.22737	0.00712	0.00693	0.00669	0.00764	0.00760	0.00426	0.01074	0.00884	0.01519	0.01562	0.03049	0.01722	0.58677	0.02273	0.00462	0.00534	0.00705	0.00354	0.00426
17	0.00831	0.00703	0.00765	0.00678	0.00949	0.00568	0.00517	0.01012	0.01299	0.01687	0.07631	0.07768	0.49442	0.01201	0.00622	0.00168	0.00332	0.01006	0.00493	0.22332
18	0.00947	0.00795	0.01158	0.01091	0.01167	0.01006	0.00871	0.01134	0.00923	0.01363	0.01348	0.02017	0.01271	0.03478	0.57343	0.00755	0.21894	0.00593	0.00296	0.00550
19	0.02176	0.01612	0.01726	0.01331	0.01790	0.01787	0.01097	0.70761	0.06026	0.03609	0.01440	0.01431	0.01025	0.00702	0.00582	0.00176	0.00632	0.00530	0.00582	0.00986
20	0.83671	0.01125	0.00855	0.00765	0.01125	0.01305	0.00630	0.01709	0.00990	0.02609	0.00810	0.00945	0.00630	0.00540	0.00360	0.00180	0.00450	0.00315	0.00360	0.00630
21	0.01306	0.00674	0.00825	0.00747	0.00867	0.00637	0.00493	0.01370	0.01073	0.21021	0.02009	0.06349	0.02005	0.55603	0.02243	0.00449	0.00536	0.00809	0.00457	0.00526
22	0.01166	0.03008	0.76550	0.01657	0.02517	0.01351	0.02149	0.01842	0.01228	0.01842	0.01044	0.01228	0.00737	0.00552	0.00552	0.00184	0.00859	0.00430	0.00246	0.00859
23	0.22785	0.00787	0.00850	0.00792	0.01002	0.00816	0.00621	0.03450	0.03411	0.02409	0.47112	0.03444	0.03837	0.01019	0.00602	0.00188	0.00353	0.05374	0.00556	0.00592
24	0.00846	0.00654	0.00818	0.00809	0.00984	0.00558	0.00576	0.01001	0.01178	0.01647	0.07012	0.51022	0.06223	0.01402	0.00654	0.00192	0.00356	0.01254	0.00494	0.22321
25	0.22737	0.00712	0.00693	0.00669	0.00764	0.00760	0.00426	0.01074	0.00884	0.01519	0.01562	0.03049	0.01722	0.58677	0.02273	0.00462	0.00534	0.00705	0.00354	0.00426
26	0.02154	0.01077	0.01330	0.01059	0.01448	0.01039	0.00859	0.21282	0.01884	0.43165	0.06594	0.08929	0.04752	0.00869	0.00608	0.00184	0.00498	0.00716	0.00655	0.00898
27	0.01375	0.00884	0.00931	0.00803	0.01046	0.00925	0.00634	0.23591	0.01722	0.02581	0.06848	0.02398	0.08694	0.00793	0.00505	0.00156	0.00387	0.00635	0.44419	0.00675
28	0.01477	0.01351	0.01579	0.21619	0.02281	0.06885	0.04067	0.09347	0.40279	0.02205	0.01768	0.01827	0.01326	0.00700	0.00587	0.00191	0.00624	0.00588	0.00470	0.00831
29	0.49991	0.06947	0.03479	0.00949	0.01351	0.01474	0.00816	0.20805	0.01482	0.02756	0.01022	0.01128	0.00776	0.00585	0.00427	0.00173	0.00516	0.00384	0.04202	0.00736
30	0.00785	0.00567	0.00719	0.00756	0.00817	0.00573	0.00514	0.00885	0.01002	0.01339	0.02638	0.24292	0.11523	0.28706	0.21708	0.00526	0.00731	0.01055	0.00416	0.00447
31	0.03266	0.00998	0.01170	0.00971	0.01329	0.00975	0.00778	0.08966	0.16535	0.33489	0.03150	0.02901	0.21079	0.00928	0.00609	0.00187	0.00448	0.00759	0.00627	0.00837
32	0.00739	0.00529	0.00702	0.00789	0.00850	0.00493	0.00542	0.00886	0.01254	0.01708	0.22347	0.59403	0.04280	0.01655	0.00727	0.00222	0.00321	0.01494	0.00566	0.00493

[dist]
# distance from previous block
# <min> <max>
0	314

# created by:
# /software/SequenceAnalysis/GenePrediction/augustus/3.0.1/scripts/msa2prfl.pl ./fixed/BUSCOvEOG780K9P.fas
