[name]
unknown

[dist]
# distance from previous block
# <min> <max>
0	77

[block]
# block no. 0 follows, 41 sequences, length 73
# corresponding to MSA columns:
# 77-149
name=unknown_A
#
# <colnr> <probs for GDERKNQSTAVLIFYWHMCP>
#	G	D	E	R	K	N	Q	S	T	A	V	L	I	F	Y	W	H	M	C	P
0	0.02505	0.00960	0.01308	0.01007	0.01439	0.00830	0.00830	0.02728	0.01637	0.74124	0.04835	0.02028	0.01555	0.00724	0.00579	0.00177	0.00479	0.00591	0.00705	0.00958
1	0.00697	0.00498	0.00664	0.00796	0.00830	0.00465	0.00531	0.00796	0.01095	0.01460	0.03153	0.79525	0.03783	0.01792	0.00730	0.00232	0.00332	0.01626	0.00531	0.00465
2	0.00832	0.00555	0.00624	0.00624	0.00624	0.00555	0.00347	0.00832	0.00832	0.01109	0.01802	0.03743	0.02080	0.79898	0.02911	0.00555	0.00555	0.00832	0.00347	0.00347
3	0.01328	0.01479	0.03019	0.02211	0.02663	0.01514	0.58236	0.01732	0.01246	0.01732	0.01068	0.01479	0.00842	0.00596	0.00939	0.00205	0.18053	0.00637	0.00281	0.00739
4	0.01066	0.00533	0.00533	0.00533	0.00666	0.00533	0.00400	0.01333	0.01200	0.02132	0.01866	0.02132	0.01466	0.00666	0.00400	0.00133	0.00267	0.00533	0.83073	0.00533
5	0.01529	0.80242	0.02997	0.00979	0.01468	0.02263	0.00979	0.01713	0.01162	0.01346	0.00795	0.00918	0.00734	0.00489	0.00367	0.00122	0.00612	0.00306	0.00245	0.00734
6	0.01263	0.01286	0.01943	0.01609	0.01677	0.01716	0.09847	0.01430	0.00932	0.01430	0.00799	0.01286	0.00765	0.00940	0.01736	0.00244	0.69681	0.00521	0.00255	0.00643
7	0.00802	0.00584	0.00754	0.00711	0.00850	0.00536	0.00534	0.01064	0.01601	0.02250	0.71967	0.04344	0.09485	0.01186	0.00675	0.00181	0.00271	0.01044	0.00624	0.00536
8	0.01350	0.01543	0.03375	0.02411	0.02989	0.01446	0.74253	0.01832	0.01350	0.01832	0.01157	0.01543	0.00868	0.00482	0.00675	0.00193	0.00964	0.00675	0.00289	0.00771
9	0.00817	0.00613	0.00919	0.00919	0.01021	0.00715	0.00715	0.01021	0.00919	0.01328	0.01532	0.02247	0.01430	0.04290	0.77631	0.00919	0.01532	0.00613	0.00306	0.00511
10	0.01423	0.01229	0.01293	0.01164	0.01487	0.01423	0.00905	0.03039	0.75297	0.02393	0.02328	0.02134	0.01746	0.00776	0.00582	0.00194	0.00453	0.00647	0.00582	0.00905
11	0.00697	0.00498	0.00664	0.00796	0.00830	0.00465	0.00531	0.00796	0.01095	0.01460	0.03153	0.79525	0.03783	0.01792	0.00730	0.00232	0.00332	0.01626	0.00531	0.00465
12	0.00806	0.00585	0.00760	0.00716	0.00853	0.00538	0.00537	0.01073	0.01612	0.02276	0.74340	0.04302	0.07096	0.01176	0.00675	0.00180	0.00270	0.01039	0.00627	0.00538
13	0.01186	0.01017	0.01186	0.00847	0.01356	0.00762	0.00678	0.01440	0.01186	0.01864	0.01017	0.01186	0.00847	0.00424	0.00424	0.00085	0.00424	0.00339	0.00339	0.83395
14	0.00810	0.00585	0.00765	0.00720	0.00855	0.00540	0.00540	0.01079	0.01619	0.02294	0.76028	0.04273	0.05397	0.01169	0.00675	0.00180	0.00270	0.01034	0.00630	0.00540
15	0.02117	0.01521	0.01645	0.01280	0.01722	0.01676	0.01051	0.62004	0.10608	0.08134	0.01535	0.01494	0.01086	0.00698	0.00573	0.00174	0.00601	0.00533	0.00582	0.00965
16	0.79969	0.01157	0.02350	0.00786	0.01152	0.01298	0.00662	0.03779	0.01027	0.02582	0.00818	0.00947	0.00632	0.00536	0.00364	0.00177	0.00456	0.00318	0.00358	0.00634
17	0.00994	0.00497	0.00745	0.00745	0.00745	0.00497	0.00497	0.00745	0.00745	0.00994	0.00994	0.01739	0.00994	0.01987	0.02235	0.83358	0.00497	0.00497	0.00248	0.00248
18	0.01350	0.01543	0.03375	0.02411	0.02989	0.01446	0.74253	0.01832	0.01350	0.01832	0.01157	0.01543	0.00868	0.00482	0.00675	0.00193	0.00964	0.00675	0.00289	0.00771
19	0.01275	0.28844	0.52170	0.01412	0.02138	0.01642	0.01733	0.01778	0.01192	0.01655	0.00949	0.01110	0.00728	0.00525	0.00484	0.00161	0.00767	0.00384	0.00243	0.00808
20	0.00697	0.00498	0.00664	0.00796	0.00830	0.00465	0.00531	0.00796	0.01095	0.01460	0.03153	0.79525	0.03783	0.01792	0.00730	0.00232	0.00332	0.01626	0.00531	0.00465
21	0.07754	0.02723	0.65963	0.01540	0.02321	0.01354	0.01928	0.06591	0.01287	0.01989	0.01031	0.01197	0.00733	0.00552	0.00530	0.00180	0.00799	0.00420	0.00272	0.00836
22	0.01441	0.01238	0.01304	0.01168	0.01494	0.01431	0.00910	0.04757	0.73550	0.02422	0.02305	0.02116	0.01727	0.00774	0.00582	0.00193	0.00457	0.00644	0.00582	0.00907
23	0.04020	0.00988	0.01313	0.01019	0.01446	0.00879	0.00837	0.05944	0.01654	0.69475	0.02219	0.04521	0.01461	0.00740	0.00576	0.00179	0.00487	0.00603	0.00689	0.00950
24	0.00831	0.00557	0.00635	0.00635	0.00639	0.00561	0.00361	0.00839	0.00835	0.01118	0.01792	0.03684	0.02054	0.76935	0.05839	0.00569	0.00593	0.00823	0.00345	0.00353
25	0.00697	0.00498	0.00664	0.00796	0.00830	0.00465	0.00531	0.00796	0.01095	0.01460	0.03153	0.79525	0.03783	0.01792	0.00730	0.00232	0.00332	0.01626	0.00531	0.00465
26	0.01147	0.02959	0.76934	0.01630	0.02476	0.01328	0.02113	0.01811	0.01208	0.01811	0.01026	0.01208	0.00725	0.00543	0.00543	0.00181	0.00845	0.00423	0.00242	0.00845
27	0.01251	0.01251	0.01752	0.01502	0.01502	0.01752	0.01251	0.01377	0.00876	0.01377	0.00751	0.01251	0.00751	0.01001	0.01877	0.00250	0.78851	0.00501	0.00250	0.00626
28	0.01416	0.01359	0.02322	0.03511	0.76330	0.01359	0.01755	0.01755	0.01302	0.01869	0.01076	0.01416	0.00906	0.00510	0.00566	0.00170	0.00680	0.00510	0.00283	0.00906
29	0.01198	0.09216	0.69474	0.01571	0.02380	0.01413	0.02001	0.03202	0.01232	0.01808	0.01014	0.01187	0.00730	0.00542	0.00530	0.00176	0.00822	0.00415	0.00248	0.00839
30	0.01350	0.01543	0.03375	0.02411	0.02989	0.01446	0.74253	0.01832	0.01350	0.01832	0.01157	0.01543	0.00868	0.00482	0.00675	0.00193	0.00964	0.00675	0.00289	0.00771
31	0.00884	0.00596	0.00674	0.00671	0.00682	0.00590	0.00386	0.00882	0.00887	0.01195	0.03633	0.03765	0.02180	0.75333	0.04892	0.00562	0.00591	0.00844	0.00369	0.00384
32	0.01273	0.01217	0.01900	0.36149	0.06849	0.01518	0.06133	0.04097	0.01148	0.01599	0.00989	0.01476	0.00829	0.00768	0.01108	0.00221	0.31215	0.00532	0.00286	0.00693
33	0.00886	0.00659	0.00931	0.00942	0.01040	0.00735	0.00713	0.02328	0.01022	0.01459	0.01874	0.16952	0.01899	0.03614	0.57935	0.00749	0.02905	0.00815	0.02004	0.00540
34	0.00885	0.00595	0.00670	0.00668	0.00676	0.00590	0.00381	0.00876	0.00868	0.01166	0.01840	0.03754	0.02101	0.77344	0.04839	0.00570	0.00596	0.00840	0.00363	0.00379
35	0.00870	0.00703	0.00793	0.00712	0.00950	0.00586	0.00538	0.01060	0.01412	0.01891	0.27209	0.04328	0.38784	0.01192	0.00648	0.00177	0.00328	0.00998	0.00541	0.16281
36	0.01110	0.00629	0.00827	0.00869	0.00984	0.00571	0.00608	0.01216	0.01223	0.15798	0.02978	0.62117	0.03310	0.03782	0.00781	0.00240	0.00386	0.01411	0.00575	0.00585
37	0.00822	0.01063	0.15133	0.00835	0.01142	0.00674	0.00786	0.01047	0.01297	0.01636	0.04666	0.11291	0.54803	0.01334	0.00676	0.00203	0.00418	0.01106	0.00492	0.00577
38	0.01927	0.02341	0.01489	0.01360	0.01627	0.62371	0.01016	0.02083	0.01648	0.01618	0.15213	0.01719	0.01671	0.00733	0.00568	0.00163	0.00900	0.00512	0.00376	0.00666
39	0.01402	0.00656	0.00724	0.00663	0.00859	0.00623	0.00508	0.01645	0.01314	0.16347	0.01984	0.02160	0.01500	0.00707	0.00456	0.00151	0.00327	0.00557	0.66775	0.00644
40	0.67787	0.01235	0.01044	0.00895	0.01271	0.01402	0.00731	0.15534	0.01332	0.02803	0.00958	0.01086	0.00736	0.00594	0.00418	0.00185	0.00496	0.00366	0.00412	0.00713
41	0.02524	0.01140	0.01442	0.01113	0.01561	0.01065	0.00913	0.17782	0.01885	0.60886	0.02113	0.01891	0.01367	0.00736	0.00596	0.00185	0.00534	0.00578	0.00694	0.00997
42	0.01979	0.02423	0.01670	0.16142	0.02213	0.62510	0.01216	0.02156	0.01558	0.01460	0.00961	0.01197	0.00791	0.00620	0.00548	0.00165	0.00993	0.00412	0.00304	0.00684
43	0.00838	0.00622	0.00767	0.00729	0.00879	0.00561	0.00543	0.01068	0.01588	0.02195	0.62289	0.04549	0.18682	0.01251	0.00695	0.00192	0.00293	0.01079	0.00626	0.00556
44	0.01419	0.64488	0.02574	0.00978	0.01382	0.01939	0.00913	0.01571	0.01181	0.01416	0.01295	0.15925	0.01362	0.00771	0.00459	0.00153	0.00575	0.00574	0.00317	0.00708
45	0.01032	0.00747	0.00902	0.00930	0.01049	0.00745	0.00660	0.14825	0.01430	0.01916	0.02848	0.64116	0.03273	0.01606	0.00720	0.00230	0.00407	0.01422	0.00554	0.00589
46	0.00875	0.00736	0.01217	0.01138	0.01280	0.00683	0.14561	0.01033	0.01176	0.01579	0.02807	0.64148	0.03254	0.01567	0.00740	0.00234	0.00470	0.01452	0.00501	0.00550
47	0.01467	0.46440	0.20093	0.01201	0.01744	0.01901	0.01251	0.02020	0.15289	0.01703	0.01193	0.01289	0.00973	0.00591	0.00472	0.00159	0.00653	0.00416	0.00326	0.00818
48	0.01211	0.00776	0.00892	0.00830	0.01078	0.00714	0.00652	0.01544	0.09847	0.16032	0.08162	0.04526	0.40533	0.01258	0.00680	0.00207	0.00391	0.09416	0.00591	0.00660
49	0.16566	0.00653	0.00736	0.00823	0.00922	0.00652	0.00571	0.01004	0.01104	0.01718	0.02738	0.64031	0.03206	0.01576	0.00679	0.00231	0.00371	0.01383	0.00513	0.00521
50	0.01348	0.01474	0.03076	0.16894	0.03193	0.01437	0.59876	0.01793	0.01341	0.01807	0.01180	0.01607	0.00896	0.00533	0.00676	0.00202	0.00939	0.00658	0.00300	0.00771
51	0.16988	0.01086	0.01170	0.00878	0.01356	0.00921	0.00701	0.03660	0.01221	0.02093	0.01036	0.01213	0.00856	0.00486	0.00437	0.00115	0.00451	0.00356	0.00366	0.64611
52	0.01410	0.46688	0.17368	0.15922	0.02223	0.01880	0.03812	0.01721	0.01206	0.01525	0.00948	0.01184	0.00791	0.00550	0.00474	0.00159	0.00715	0.00397	0.00265	0.00764
53	0.01273	0.11631	0.65708	0.01576	0.02367	0.01473	0.01964	0.04083	0.01280	0.01860	0.01062	0.01250	0.00782	0.00576	0.00546	0.00183	0.00827	0.00429	0.00270	0.00861
54	0.17189	0.55569	0.11250	0.01046	0.01552	0.01985	0.01063	0.01751	0.01163	0.01681	0.00875	0.01026	0.00760	0.00538	0.00408	0.00149	0.00623	0.00338	0.00283	0.00751
55	0.01892	0.01235	0.01511	0.15887	0.02045	0.01336	0.01078	0.18710	0.23909	0.23156	0.01885	0.01858	0.01335	0.00730	0.00597	0.00193	0.00578	0.00586	0.00568	0.00912
56	0.00909	0.00770	0.01007	0.01224	0.15203	0.00704	0.00752	0.01107	0.01390	0.01809	0.19465	0.04438	0.42458	0.01320	0.02819	0.00217	0.00419	0.02869	0.00514	0.00604
57	0.01214	0.00673	0.00796	0.00735	0.00824	0.00640	0.00465	0.01243	0.01019	0.15527	0.01933	0.03451	0.01991	0.64247	0.02470	0.00489	0.00558	0.00796	0.00432	0.00494
58	0.00929	0.00591	0.00655	0.00653	0.00687	0.00587	0.00394	0.00973	0.00939	0.01362	0.01850	0.03436	0.01979	0.61686	0.04960	0.00493	0.00550	0.00781	0.16080	0.00416
59	0.01166	0.00696	0.00866	0.00780	0.00990	0.00615	0.00596	0.01382	0.01577	0.16303	0.45186	0.04162	0.21032	0.01175	0.00677	0.00192	0.00335	0.00999	0.00636	0.00636
60	0.01117	0.00572	0.00573	0.00570	0.00708	0.00565	0.00424	0.01368	0.01231	0.02175	0.01910	0.02195	0.01509	0.00699	0.00423	0.00143	0.00286	0.00549	0.82424	0.00560
61	0.01512	0.64587	0.02673	0.00987	0.01482	0.01996	0.00941	0.01693	0.01198	0.01493	0.00890	0.01041	0.00804	0.00511	0.00401	0.00125	0.00592	0.00330	0.00280	0.16464
62	0.01480	0.01248	0.01337	0.01147	0.01518	0.01347	0.00895	0.07853	0.55468	0.02419	0.02051	0.01962	0.01561	0.00735	0.00572	0.00181	0.00477	0.00594	0.00550	0.16606
63	0.01269	0.01240	0.01775	0.16165	0.01999	0.01682	0.01333	0.01428	0.00961	0.01441	0.00854	0.01373	0.00802	0.00950	0.01640	0.00248	0.63401	0.00518	0.00269	0.00654
64	0.01332	0.01376	0.01728	0.63293	0.03542	0.15799	0.01511	0.01652	0.01266	0.01498	0.01042	0.01499	0.00806	0.00609	0.00582	0.00192	0.00829	0.00498	0.00280	0.00667
65	0.01236	0.01052	0.01220	0.00882	0.01391	0.00792	0.00700	0.01475	0.01217	0.01909	0.01067	0.01256	0.00895	0.00458	0.00446	0.00095	0.00441	0.00356	0.00356	0.82754
66	0.00932	0.00749	0.00969	0.00889	0.01008	0.00795	0.00686	0.01145	0.01471	0.02078	0.53399	0.03880	0.12351	0.01197	0.00924	0.00204	0.15221	0.00964	0.00561	0.00577
67	0.01907	0.16323	0.04005	0.01361	0.01714	0.46878	0.01092	0.02340	0.15553	0.01639	0.01198	0.01297	0.00977	0.00639	0.00524	0.00162	0.00854	0.00429	0.00356	0.00753
68	0.00970	0.00768	0.01088	0.01283	0.15230	0.00723	0.00790	0.01228	0.01560	0.02203	0.56562	0.06026	0.07060	0.01101	0.00676	0.00189	0.00369	0.00970	0.00572	0.00632
69	0.00832	0.00622	0.00760	0.00723	0.00876	0.00558	0.00539	0.01058	0.01575	0.02164	0.59459	0.04599	0.21530	0.01262	0.00695	0.00192	0.00293	0.01086	0.00622	0.00554
70	0.02011	0.02467	0.01677	0.01509	0.01750	0.62602	0.01151	0.02139	0.01507	0.01444	0.00911	0.01145	0.00788	0.00701	0.00796	0.00176	0.15829	0.00411	0.00304	0.00682
71	0.01009	0.00753	0.00907	0.00841	0.01024	0.00743	0.00635	0.01514	0.15635	0.03782	0.57660	0.03908	0.07024	0.01124	0.00676	0.00192	0.00328	0.00969	0.00634	0.00643
72	0.00953	0.00772	0.01114	0.01064	0.01151	0.00942	0.00839	0.01127	0.00945	0.01386	0.01430	0.02120	0.01344	0.03669	0.62639	0.00795	0.16231	0.00607	0.00313	0.00560

[dist]
# distance from previous block
# <min> <max>
0	11

[block]
# block no. 1 follows, 41 sequences, length 15
# corresponding to MSA columns:
# 161-175
name=unknown_B
#
# <colnr> <probs for GDERKNQSTAVLIFYWHMCP>
#	G	D	E	R	K	N	Q	S	T	A	V	L	I	F	Y	W	H	M	C	P
0	0.01458	0.52775	0.06391	0.01445	0.01977	0.01972	0.23412	0.01754	0.01222	0.01515	0.00916	0.01121	0.00775	0.00490	0.00469	0.00146	0.00730	0.00424	0.00258	0.00750
1	0.01392	0.56041	0.02606	0.24667	0.02223	0.01960	0.01165	0.01636	0.01157	0.01381	0.00863	0.01103	0.00743	0.00515	0.00430	0.00143	0.00658	0.00368	0.00248	0.00704
2	0.01495	0.56145	0.02791	0.01752	0.24336	0.01987	0.01216	0.01726	0.01205	0.01505	0.00881	0.01070	0.00787	0.00496	0.00428	0.00137	0.00632	0.00368	0.00256	0.00787
3	0.00697	0.00498	0.00664	0.00796	0.00830	0.00465	0.00531	0.00796	0.01095	0.01460	0.03153	0.79525	0.03783	0.01792	0.00730	0.00232	0.00332	0.01626	0.00531	0.00465
4	0.10230	0.05531	0.42413	0.01365	0.01982	0.01392	0.01534	0.02168	0.23813	0.02051	0.01389	0.01448	0.01026	0.00611	0.00527	0.00182	0.00672	0.00474	0.00358	0.00834
5	0.00981	0.00781	0.00904	0.00839	0.01038	0.00803	0.00639	0.01647	0.24088	0.02235	0.45182	0.03766	0.12670	0.01082	0.00647	0.00186	0.00328	0.00936	0.00603	0.00645
6	0.01186	0.01017	0.01186	0.00847	0.01356	0.00762	0.00678	0.01440	0.01186	0.01864	0.01017	0.01186	0.00847	0.00424	0.00424	0.00085	0.00424	0.00339	0.00339	0.83395
7	0.02147	0.01125	0.01358	0.01098	0.01503	0.01133	0.00888	0.10523	0.26087	0.44355	0.02186	0.01947	0.01478	0.00728	0.00577	0.00182	0.00491	0.00592	0.00652	0.00951
8	0.01232	0.00915	0.01163	0.01040	0.01251	0.01038	0.00829	0.23444	0.01460	0.02023	0.01484	0.01980	0.01290	0.03189	0.54092	0.00691	0.01256	0.00583	0.00388	0.00652
9	0.01783	0.43248	0.14713	0.01098	0.01632	0.01674	0.01124	0.02057	0.01315	0.24450	0.01280	0.01280	0.00941	0.00565	0.00460	0.00149	0.00612	0.00407	0.00386	0.00826
10	0.01472	0.51165	0.07203	0.01077	0.01538	0.01947	0.01029	0.02124	0.23811	0.01695	0.01278	0.01308	0.01043	0.00580	0.00444	0.00148	0.00578	0.00417	0.00348	0.00793
11	0.01262	0.00697	0.00822	0.00730	0.00989	0.00594	0.00568	0.01435	0.01414	0.24548	0.08427	0.07484	0.46374	0.01222	0.00647	0.00189	0.00351	0.01022	0.00591	0.00635
12	0.01362	0.00682	0.00839	0.00744	0.00879	0.00642	0.00498	0.01429	0.01078	0.24208	0.01941	0.03194	0.01877	0.55708	0.02198	0.00439	0.00534	0.00753	0.00457	0.00538
13	0.01146	0.01658	0.24674	0.46842	0.06377	0.03522	0.01700	0.01601	0.01186	0.01607	0.01048	0.01430	0.00781	0.00564	0.00555	0.00184	0.00775	0.00479	0.03163	0.00708
14	0.01825	0.51819	0.06514	0.01026	0.01521	0.01778	0.00998	0.02046	0.01310	0.24398	0.01254	0.01248	0.00942	0.00559	0.00440	0.00142	0.00586	0.00394	0.00386	0.00813

[dist]
# distance from previous block
# <min> <max>
9	20

[block]
# block no. 2 follows, 41 sequences, length 6
# corresponding to MSA columns:
# 205-210
name=unknown_C
#
# <colnr> <probs for GDERKNQSTAVLIFYWHMCP>
#	G	D	E	R	K	N	Q	S	T	A	V	L	I	F	Y	W	H	M	C	P
0	0.60308	0.01099	0.01039	0.13271	0.01595	0.01276	0.00804	0.06796	0.01158	0.02448	0.04953	0.01238	0.00927	0.00583	0.00422	0.00179	0.00498	0.00396	0.00368	0.00643
1	0.02156	0.01485	0.01626	0.01263	0.01706	0.01619	0.01038	0.58428	0.09283	0.13064	0.01577	0.01519	0.01102	0.00698	0.00574	0.00174	0.00594	0.00535	0.00591	0.00967
2	0.01180	0.02731	0.65130	0.01756	0.02558	0.01347	0.13690	0.01815	0.01230	0.01815	0.01047	0.01261	0.00748	0.00534	0.00565	0.00183	0.00864	0.00463	0.00249	0.00833
3	0.01186	0.01017	0.01186	0.00847	0.01356	0.00762	0.00678	0.01440	0.01186	0.01864	0.01017	0.01186	0.00847	0.00424	0.00424	0.00085	0.00424	0.00339	0.00339	0.83395
4	0.02220	0.01528	0.01671	0.01281	0.01737	0.01664	0.01058	0.66006	0.02566	0.12196	0.01477	0.01441	0.01025	0.00689	0.00573	0.00172	0.00613	0.00522	0.00588	0.00973
5	0.25414	0.08858	0.26458	0.01377	0.01942	0.01428	0.12998	0.08472	0.01311	0.02178	0.03892	0.01288	0.00921	0.00563	0.00501	0.00176	0.00684	0.00452	0.00328	0.00758

[dist]
# distance from previous block
# <min> <max>
0	7

[block]
# block no. 3 follows, 41 sequences, length 10
# corresponding to MSA columns:
# 218-227
name=unknown_D
#
# <colnr> <probs for GDERKNQSTAVLIFYWHMCP>
#	G	D	E	R	K	N	Q	S	T	A	V	L	I	F	Y	W	H	M	C	P
0	0.00741	0.00524	0.00681	0.00765	0.00802	0.00508	0.00507	0.00837	0.01053	0.01420	0.06671	0.53132	0.03319	0.18642	0.07304	0.00353	0.00471	0.01344	0.00479	0.00447
1	0.01148	0.18424	0.48556	0.01352	0.01984	0.01371	0.01607	0.01616	0.01179	0.01655	0.01346	0.14678	0.01255	0.00748	0.00539	0.00178	0.00709	0.00607	0.00292	0.00757
2	0.01325	0.02724	0.63940	0.01576	0.02354	0.01405	0.01936	0.14356	0.01464	0.02121	0.01086	0.01236	0.00767	0.00568	0.00548	0.00180	0.00808	0.00439	0.00299	0.00867
3	0.13866	0.08449	0.42870	0.01272	0.01874	0.01251	0.01474	0.01709	0.01269	0.05017	0.13999	0.01728	0.01563	0.00665	0.00532	0.00179	0.00656	0.00514	0.00352	0.00764
4	0.01271	0.00798	0.00913	0.00820	0.01086	0.00748	0.00640	0.01697	0.14204	0.18734	0.10959	0.04044	0.37495	0.01153	0.00648	0.00194	0.00374	0.02943	0.00595	0.00684
5	0.01021	0.00683	0.00858	0.00805	0.00981	0.00646	0.00613	0.01369	0.07552	0.08668	0.50336	0.09005	0.09703	0.01187	0.00675	0.00192	0.00328	0.04151	0.00620	0.00608
6	0.08054	0.02561	0.60191	0.01531	0.02285	0.01287	0.04232	0.01916	0.01250	0.09737	0.01160	0.01300	0.00812	0.00571	0.00544	0.00184	0.00784	0.00444	0.00308	0.00847
7	0.01213	0.01222	0.05293	0.35957	0.02932	0.01242	0.19760	0.07451	0.01419	0.01907	0.14060	0.02004	0.01624	0.00673	0.00623	0.00191	0.00727	0.00644	0.00360	0.00700
8	0.01476	0.01219	0.01436	0.15131	0.05352	0.04389	0.01037	0.04323	0.32524	0.08148	0.01697	0.01745	0.01277	0.00653	0.00552	0.00170	0.00551	0.00539	0.00465	0.17316
9	0.15216	0.00741	0.00873	0.06248	0.01247	0.00761	0.00773	0.01182	0.01231	0.01796	0.03153	0.12516	0.19130	0.01331	0.00675	0.00228	0.00461	0.31409	0.00485	0.00544

[dist]
# distance from previous block
# <min> <max>
0	1

[block]
# block no. 4 follows, 41 sequences, length 11
# corresponding to MSA columns:
# 229-239
name=unknown_E
#
# <colnr> <probs for GDERKNQSTAVLIFYWHMCP>
#	G	D	E	R	K	N	Q	S	T	A	V	L	I	F	Y	W	H	M	C	P
0	0.01481	0.01309	0.02004	0.25795	0.37890	0.01424	0.01557	0.17716	0.01561	0.02129	0.01124	0.01439	0.00877	0.00568	0.00569	0.00177	0.00694	0.00510	0.00338	0.00839
1	0.19419	0.01111	0.01757	0.50579	0.03179	0.01298	0.11654	0.01562	0.01135	0.01758	0.00988	0.01396	0.00746	0.00550	0.00538	0.00188	0.00720	0.00488	0.00281	0.00651
2	0.19468	0.01137	0.01737	0.41116	0.19226	0.01302	0.04938	0.01593	0.01151	0.01813	0.00988	0.01370	0.00768	0.00545	0.00528	0.00183	0.00683	0.00473	0.00284	0.00698
3	0.01359	0.01600	0.21379	0.01672	0.05662	0.01130	0.25488	0.01738	0.01237	0.12264	0.01417	0.01993	0.01177	0.18038	0.01115	0.00266	0.00762	0.00622	0.00349	0.00732
4	0.01510	0.01166	0.02071	0.35284	0.12199	0.01226	0.17463	0.01873	0.01318	0.18217	0.01329	0.01608	0.00948	0.00574	0.00595	0.00186	0.00736	0.00560	0.00366	0.00774
5	0.01385	0.01233	0.01811	0.38212	0.06405	0.01498	0.03931	0.17584	0.01441	0.01949	0.01045	0.01426	0.00817	0.00686	0.00863	0.00199	0.17951	0.00514	0.00326	0.00726
6	0.01150	0.04321	0.36015	0.01225	0.01776	0.01051	0.03975	0.01541	0.01137	0.03975	0.01231	0.01788	0.01077	0.18012	0.01039	0.00241	0.00674	0.00505	0.00302	0.18965
7	0.00955	0.00522	0.00784	0.00784	0.00806	0.00545	0.00545	0.00806	0.00784	0.01067	0.01112	0.01851	0.01090	0.02495	0.18857	0.65184	0.00725	0.00522	0.00261	0.00306
8	0.19384	0.02121	0.43547	0.18419	0.02497	0.01306	0.01668	0.01705	0.01142	0.01901	0.00974	0.01216	0.00710	0.00547	0.00508	0.00182	0.00738	0.00417	0.00269	0.00749
9	0.05556	0.01050	0.01368	0.01075	0.01431	0.01044	0.00886	0.02130	0.01340	0.40315	0.01586	0.01581	0.01109	0.00702	0.00819	0.00173	0.17746	0.00495	0.00510	0.19085
10	0.01054	0.00944	0.01474	0.41941	0.02697	0.01041	0.03409	0.01371	0.01110	0.01532	0.01135	0.01610	0.00932	0.01356	0.17530	0.00328	0.00863	0.00499	0.00285	0.18890

[dist]
# distance from previous block
# <min> <max>
4	43

[block]
# block no. 5 follows, 41 sequences, length 44
# corresponding to MSA columns:
# 283-326
name=unknown_F
#
# <colnr> <probs for GDERKNQSTAVLIFYWHMCP>
#	G	D	E	R	K	N	Q	S	T	A	V	L	I	F	Y	W	H	M	C	P
0	0.01150	0.02842	0.72383	0.01583	0.02408	0.01294	0.02027	0.01789	0.01206	0.01815	0.01026	0.01206	0.00732	0.00536	0.00536	0.00175	0.00820	0.00418	0.00247	0.05805
1	0.00861	0.05395	0.01030	0.00909	0.01030	0.00801	0.00714	0.01054	0.00930	0.01319	0.01500	0.02236	0.01418	0.07562	0.69529	0.00854	0.01432	0.00605	0.00305	0.00517
2	0.01211	0.01192	0.01675	0.01448	0.01457	0.01656	0.01202	0.01344	0.00880	0.01372	0.00823	0.01344	0.00814	0.01306	0.08895	0.00312	0.71689	0.00511	0.00255	0.00615
3	0.83938	0.01106	0.00841	0.00752	0.01106	0.01283	0.00619	0.01681	0.00973	0.02566	0.00796	0.00929	0.00619	0.00531	0.00354	0.00177	0.00442	0.00310	0.00354	0.00619
4	0.01491	0.01213	0.01295	0.01155	0.01486	0.01388	0.00901	0.03024	0.70871	0.06859	0.02324	0.02123	0.01726	0.00772	0.00582	0.00193	0.00455	0.00642	0.00590	0.00909
5	0.02198	0.01564	0.01693	0.01298	0.01755	0.01718	0.01072	0.70119	0.02626	0.07998	0.01426	0.01408	0.00999	0.00688	0.00572	0.00172	0.00621	0.00519	0.00580	0.00973
6	0.02352	0.01457	0.01643	0.01271	0.01726	0.01525	0.01040	0.52173	0.02402	0.25552	0.01706	0.01643	0.01173	0.00740	0.00604	0.00187	0.00610	0.00556	0.00635	0.01006
7	0.02600	0.01060	0.01397	0.01082	0.01528	0.00935	0.00884	0.06870	0.01736	0.71794	0.02265	0.02006	0.01453	0.00753	0.00605	0.00190	0.00519	0.00594	0.00721	0.01007
8	0.00966	0.00694	0.00936	0.01059	0.01188	0.00677	0.00894	0.01186	0.01337	0.01746	0.03181	0.13974	0.05752	0.01634	0.00808	0.00270	0.00523	0.62069	0.00550	0.00557
9	0.00902	0.00650	0.00841	0.00819	0.00959	0.00602	0.00628	0.01148	0.01615	0.02269	0.64665	0.04653	0.05108	0.01270	0.00721	0.00205	0.00334	0.11397	0.00636	0.00576
10	0.00967	0.00694	0.00921	0.01030	0.01157	0.00676	0.00862	0.01174	0.01313	0.01711	0.03144	0.09224	0.07374	0.07665	0.00973	0.00293	0.00532	0.59209	0.00536	0.00546
11	0.00908	0.00610	0.00679	0.00676	0.00684	0.00600	0.00382	0.00888	0.00881	0.01182	0.01866	0.03814	0.02134	0.79031	0.02915	0.00563	0.00578	0.00851	0.00371	0.00387
12	0.01436	0.46684	0.34305	0.01303	0.01944	0.01893	0.01487	0.01801	0.01227	0.01613	0.00968	0.01144	0.00800	0.00561	0.00474	0.00161	0.00734	0.00380	0.00269	0.00817
13	0.00774	0.00554	0.00719	0.00847	0.00887	0.00511	0.00564	0.00853	0.01141	0.01529	0.03200	0.78722	0.03818	0.01826	0.00759	0.00245	0.00358	0.01636	0.00553	0.00504
14	0.02622	0.01024	0.01375	0.01066	0.01510	0.00882	0.00870	0.02822	0.01677	0.75927	0.02315	0.02038	0.01478	0.00754	0.00606	0.00190	0.00511	0.00597	0.00728	0.01007
15	0.01068	0.00553	0.00799	0.00796	0.00803	0.00542	0.00530	0.00803	0.00795	0.01068	0.01066	0.01833	0.01060	0.02019	0.02247	0.82412	0.00521	0.00520	0.00274	0.00290
16	0.00924	0.00687	0.00903	0.01004	0.03504	0.00648	0.00770	0.01133	0.01403	0.01868	0.20934	0.14721	0.13830	0.01491	0.00760	0.00239	0.00437	0.33610	0.00567	0.00567
17	0.00920	0.00658	0.00886	0.01014	0.01118	0.00636	0.00818	0.01106	0.01285	0.01692	0.03120	0.31316	0.03499	0.01688	0.00798	0.00265	0.00485	0.47603	0.00550	0.00544
18	0.02104	0.01580	0.01686	0.01334	0.01770	0.01743	0.01082	0.61160	0.15402	0.03437	0.01608	0.01604	0.01175	0.00749	0.00604	0.00189	0.00622	0.00561	0.00596	0.00994
19	0.01485	0.01405	0.02358	0.03530	0.75517	0.01395	0.01774	0.01801	0.01346	0.01933	0.01148	0.01513	0.00974	0.00558	0.00597	0.00183	0.00702	0.00533	0.00308	0.00940
20	0.01597	0.79379	0.03025	0.01027	0.01518	0.02289	0.01007	0.01759	0.01207	0.01416	0.00870	0.01021	0.00804	0.00538	0.00400	0.00136	0.00635	0.00331	0.00270	0.00770
21	0.01067	0.00868	0.00944	0.00982	0.01112	0.05109	0.00700	0.05601	0.13474	0.01810	0.02830	0.55173	0.03135	0.01521	0.00715	0.00231	0.00440	0.03118	0.00551	0.00619
22	0.02042	0.02339	0.01830	0.01950	0.18294	0.52099	0.01274	0.09636	0.01700	0.01800	0.01051	0.01254	0.00868	0.00630	0.00564	0.00168	0.00931	0.00439	0.00346	0.00786
23	0.01597	0.79379	0.03025	0.01027	0.01518	0.02289	0.01007	0.01759	0.01207	0.01416	0.00870	0.01021	0.00804	0.00538	0.00400	0.00136	0.00635	0.00331	0.00270	0.00770
24	0.00997	0.00713	0.00974	0.01101	0.01238	0.00702	0.00950	0.01238	0.01360	0.01778	0.03078	0.06492	0.03332	0.01616	0.00818	0.00276	0.00551	0.71673	0.00549	0.00565
25	0.00823	0.00590	0.00753	0.00864	0.00918	0.00554	0.00582	0.03283	0.01194	0.01600	0.03142	0.76143	0.03725	0.01789	0.00754	0.00243	0.00368	0.01599	0.00555	0.00521
26	0.03805	0.00573	0.00802	0.00796	0.00815	0.00568	0.00534	0.00834	0.00803	0.01120	0.01060	0.01806	0.01048	0.01971	0.02185	0.79667	0.00520	0.00514	0.00277	0.00302
27	0.01206	0.00657	0.00900	0.00891	0.00912	0.00627	0.00593	0.00910	0.00888	0.01206	0.01202	0.02008	0.01185	0.02078	0.02268	0.80651	0.00567	0.00563	0.00321	0.00368
28	0.02699	0.01163	0.01491	0.01176	0.01626	0.01026	0.00943	0.07964	0.01825	0.69254	0.02360	0.02168	0.01562	0.00839	0.00662	0.00214	0.00567	0.00634	0.00756	0.01069
29	0.00912	0.00738	0.00758	0.00744	0.00946	0.00620	0.00543	0.01008	0.01459	0.01812	0.12692	0.05529	0.66918	0.01530	0.00760	0.00229	0.00365	0.01233	0.00605	0.00600
30	0.00991	0.00741	0.00867	0.00828	0.00995	0.00653	0.00605	0.01161	0.01646	0.02255	0.54292	0.04800	0.25041	0.01364	0.00759	0.00221	0.00353	0.01130	0.00663	0.00634
31	0.81413	0.01247	0.00992	0.00898	0.01261	0.01388	0.00711	0.01815	0.01109	0.02726	0.01011	0.01225	0.00823	0.00670	0.00448	0.00215	0.00514	0.00382	0.00424	0.00727
32	0.00919	0.00658	0.00821	0.00941	0.00994	0.00596	0.00626	0.00959	0.01226	0.01657	0.03289	0.77227	0.03883	0.01889	0.00812	0.00268	0.00407	0.01655	0.00595	0.00577
33	0.01621	0.01365	0.01430	0.01296	0.01630	0.01523	0.00988	0.03128	0.72979	0.02559	0.02492	0.02390	0.01913	0.00907	0.00669	0.00231	0.00524	0.00708	0.00644	0.01003
34	0.05786	0.73871	0.02972	0.01106	0.01593	0.02287	0.01041	0.01844	0.01282	0.01606	0.01010	0.01214	0.00929	0.00632	0.00460	0.00165	0.00670	0.00378	0.00323	0.00832
35	0.01550	0.01669	0.03443	0.02502	0.03082	0.01546	0.71915	0.01961	0.01473	0.02017	0.01360	0.01818	0.01064	0.00623	0.00759	0.00230	0.01019	0.00735	0.00361	0.00874
36	0.01206	0.00657	0.00900	0.00891	0.00912	0.00627	0.00593	0.00910	0.00888	0.01206	0.01202	0.02008	0.01185	0.02078	0.02268	0.80651	0.00567	0.00563	0.00321	0.00368
37	0.01003	0.00739	0.00886	0.00846	0.01004	0.00658	0.00617	0.01183	0.01667	0.02318	0.60347	0.06762	0.16849	0.01350	0.00760	0.00221	0.00352	0.01127	0.00671	0.00638
38	0.01526	0.01585	0.02972	0.02291	0.04997	0.01625	0.49946	0.01836	0.01344	0.01895	0.01248	0.01736	0.01033	0.00763	0.01079	0.00245	0.22006	0.00683	0.00350	0.00839
39	0.01724	0.77771	0.03078	0.01117	0.01611	0.02336	0.01059	0.01846	0.01291	0.01546	0.01010	0.01214	0.00934	0.00630	0.00461	0.00162	0.00678	0.00378	0.00318	0.00838
40	0.01589	0.01466	0.02380	0.09032	0.68727	0.01455	0.01798	0.01865	0.01415	0.02022	0.01277	0.01703	0.01090	0.00654	0.00654	0.00209	0.00750	0.00575	0.00353	0.00984
41	0.00899	0.00737	0.00740	0.00731	0.00938	0.00614	0.00533	0.00983	0.01428	0.01739	0.05844	0.05650	0.73811	0.01557	0.00760	0.00230	0.00367	0.01250	0.00595	0.00595
42	0.01601	0.01347	0.01421	0.01269	0.01618	0.01467	0.00969	0.02993	0.66722	0.02514	0.02381	0.02310	0.01837	0.00877	0.00656	0.00222	0.00522	0.00682	0.00624	0.07969
43	0.01756	0.01773	0.03072	0.02348	0.02787	0.04689	0.50120	0.02002	0.01497	0.02078	0.01457	0.02004	0.01225	0.00883	0.01109	0.00278	0.18820	0.00742	0.00423	0.00937

[dist]
# distance from previous block
# <min> <max>
24	68

[block]
# block no. 6 follows, 41 sequences, length 13
# corresponding to MSA columns:
# 400-412
name=unknown_G
#
# <colnr> <probs for GDERKNQSTAVLIFYWHMCP>
#	G	D	E	R	K	N	Q	S	T	A	V	L	I	F	Y	W	H	M	C	P
0	0.01027	0.00587	0.00821	0.00763	0.00851	0.00543	0.00528	0.00865	0.00821	0.01144	0.00998	0.01643	0.00968	0.01717	0.01923	0.68977	0.00484	0.00470	0.00264	0.14608
1	0.01467	0.01168	0.01495	0.30767	0.02382	0.01343	0.01137	0.28536	0.06900	0.02261	0.01379	0.01900	0.01141	0.14522	0.00982	0.00248	0.00655	0.00577	0.00412	0.00729
2	0.00894	0.00721	0.00979	0.14205	0.01482	0.00686	0.00744	0.01120	0.01262	0.01760	0.20977	0.28295	0.05105	0.01125	0.00623	0.00180	0.00409	0.01000	0.00468	0.17968
3	0.01245	0.02926	0.01845	0.44596	0.05200	0.07804	0.05090	0.01541	0.01130	0.01463	0.00941	0.01398	0.00766	0.00676	0.00903	0.00200	0.20864	0.00499	0.00259	0.00652
4	0.52122	0.01083	0.00978	0.00844	0.01170	0.01213	0.00685	0.14295	0.01410	0.02691	0.16731	0.01711	0.01687	0.00693	0.00460	0.00177	0.00439	0.00498	0.00450	0.00665
5	0.01423	0.01575	0.18046	0.01710	0.02243	0.01158	0.33481	0.01861	0.01417	0.14843	0.14433	0.02020	0.01726	0.00654	0.00630	0.00185	0.00735	0.00668	0.00411	0.00781
6	0.01454	0.01467	0.01764	0.02133	0.34544	0.14484	0.01229	0.01727	0.01314	0.01785	0.01020	0.01260	0.00854	0.00491	0.00503	0.00133	0.00643	0.00419	0.00307	0.32470
7	0.01406	0.01057	0.01622	0.38241	0.13148	0.01102	0.01291	0.01727	0.01260	0.14601	0.01239	0.01511	0.00913	0.00555	0.00540	0.00163	0.00632	0.00484	0.00354	0.18150
8	0.00721	0.00516	0.00685	0.00780	0.00835	0.00480	0.00533	0.00856	0.01205	0.01636	0.18490	0.63687	0.04123	0.01661	0.00718	0.00221	0.00319	0.01502	0.00552	0.00480
9	0.01407	0.01513	0.02177	0.01690	0.02088	0.14434	0.33273	0.02032	0.17007	0.01956	0.14470	0.02057	0.01823	0.00683	0.00628	0.00183	0.00747	0.00679	0.00411	0.00740
10	0.01217	0.01946	0.34883	0.01754	0.17630	0.01138	0.01539	0.01671	0.01220	0.01842	0.01033	0.01244	0.00805	0.00495	0.00507	0.00145	0.00664	0.00412	0.00284	0.29572
11	0.00933	0.00762	0.01055	0.17201	0.01509	0.00896	0.00797	0.01052	0.00951	0.01291	0.01692	0.16119	0.01871	0.35898	0.01858	0.00369	0.14081	0.00846	0.00343	0.00476
12	0.00721	0.00515	0.00680	0.00777	0.00827	0.00481	0.00526	0.00847	0.01178	0.01594	0.15870	0.63720	0.04007	0.04389	0.00796	0.00234	0.00329	0.01495	0.00542	0.00474

[dist]
# distance from previous block
# <min> <max>
2	7

[block]
# block no. 7 follows, 41 sequences, length 17
# corresponding to MSA columns:
# 420-436
name=unknown_H
#
# <colnr> <probs for GDERKNQSTAVLIFYWHMCP>
#	G	D	E	R	K	N	Q	S	T	A	V	L	I	F	Y	W	H	M	C	P
0	0.78043	0.01217	0.00941	0.00839	0.01198	0.03701	0.00679	0.04001	0.01091	0.02614	0.00887	0.01042	0.00700	0.00583	0.00396	0.00188	0.00490	0.00341	0.00381	0.00667
1	0.00745	0.00535	0.00709	0.00777	0.00850	0.00498	0.00547	0.00912	0.01294	0.01773	0.29795	0.49679	0.04358	0.01558	0.00712	0.00214	0.00315	0.03670	0.00567	0.00494
2	0.01172	0.01727	0.28883	0.01134	0.01765	0.00969	0.01203	0.01576	0.01194	0.01845	0.01020	0.01194	0.00802	0.00467	0.00467	0.00120	0.00578	0.00370	0.00303	0.53211
3	0.01380	0.00672	0.00906	0.00877	0.01060	0.00602	0.00644	0.01524	0.01293	0.28981	0.02825	0.51159	0.02918	0.01396	0.00673	0.00212	0.00388	0.01242	0.00596	0.00651
4	0.01278	0.01219	0.02074	0.34201	0.46713	0.01323	0.01687	0.01635	0.01237	0.01702	0.01052	0.01460	0.00847	0.00535	0.00569	0.00178	0.00713	0.00509	0.00271	0.00795
5	0.01251	0.01350	0.02768	0.30241	0.03337	0.01382	0.47683	0.01697	0.01275	0.01697	0.01106	0.01536	0.00829	0.00515	0.00637	0.00192	0.00891	0.00614	0.00276	0.00722
6	0.01295	0.01368	0.01078	0.00995	0.01189	0.28717	0.00746	0.01520	0.01620	0.01967	0.48552	0.03088	0.03693	0.00957	0.00617	0.00168	0.00548	0.00791	0.00507	0.00585
7	0.01638	0.01816	0.01990	0.12084	0.40075	0.29226	0.01497	0.01912	0.01399	0.01647	0.00998	0.01289	0.00826	0.00547	0.00548	0.00164	0.00819	0.00458	0.00284	0.00784
8	0.01651	0.01565	0.02769	0.02011	0.02545	0.01566	0.47500	0.28375	0.01840	0.02480	0.01236	0.01481	0.00906	0.00557	0.00637	0.00185	0.00842	0.00617	0.00393	0.00845
9	0.01293	0.01234	0.02100	0.30939	0.49861	0.01327	0.01694	0.01648	0.01244	0.01720	0.01054	0.01456	0.00854	0.00532	0.00568	0.00177	0.00710	0.00509	0.00273	0.00807
10	0.00782	0.00534	0.00638	0.00687	0.00699	0.00522	0.00414	0.00819	0.00928	0.01237	0.02296	0.31452	0.02702	0.51339	0.02114	0.00437	0.00473	0.01122	0.00414	0.00390
11	0.01465	0.01538	0.02236	0.01822	0.05370	0.10473	0.30011	0.02289	0.28382	0.01953	0.01518	0.01671	0.01166	0.00643	0.00710	0.00191	0.06759	0.00608	0.00394	0.00802
12	0.01723	0.01168	0.01380	0.01136	0.01462	0.01279	0.00923	0.39306	0.01921	0.11222	0.01533	0.01759	0.01191	0.02007	0.28749	0.00446	0.00943	0.00558	0.00491	0.00804
13	0.00881	0.00631	0.00864	0.00931	0.01064	0.00615	0.00782	0.01146	0.01427	0.01925	0.29720	0.05655	0.04062	0.01430	0.00748	0.00233	0.00433	0.46356	0.00564	0.00531
14	0.01488	0.51399	0.02750	0.01905	0.28841	0.01933	0.01263	0.01728	0.01213	0.01537	0.00898	0.01100	0.00797	0.00497	0.00440	0.00140	0.00636	0.00380	0.00259	0.00797
15	0.31174	0.00783	0.00749	0.00726	0.00960	0.00807	0.00581	0.01225	0.01239	0.02069	0.15759	0.03736	0.27239	0.01081	0.00572	0.00194	0.00372	0.09702	0.00483	0.00548
16	0.02084	0.01513	0.01635	0.01271	0.01706	0.01666	0.01044	0.63809	0.07736	0.06279	0.04343	0.01560	0.01214	0.00712	0.00577	0.00174	0.00598	0.00547	0.00580	0.00951

[dist]
# distance from previous block
# <min> <max>
0	1

[block]
# block no. 8 follows, 41 sequences, length 8
# corresponding to MSA columns:
# 438-445
name=unknown_I
#
# <colnr> <probs for GDERKNQSTAVLIFYWHMCP>
#	G	D	E	R	K	N	Q	S	T	A	V	L	I	F	Y	W	H	M	C	P
0	0.01309	0.01250	0.02128	0.27447	0.53230	0.01331	0.01702	0.01662	0.01252	0.01739	0.01057	0.01451	0.00860	0.00529	0.00568	0.00176	0.00706	0.00509	0.00274	0.00820
1	0.07935	0.27470	0.47215	0.01352	0.02044	0.01623	0.01631	0.01769	0.01174	0.01724	0.00934	0.01093	0.00719	0.00525	0.00472	0.00162	0.00738	0.00376	0.00252	0.00792
2	0.28239	0.02209	0.01372	0.01243	0.01557	0.53249	0.00950	0.02092	0.01414	0.01772	0.00856	0.00999	0.00699	0.00571	0.00464	0.00157	0.00844	0.00350	0.00314	0.00649
3	0.00733	0.00526	0.00696	0.00772	0.00838	0.00489	0.00534	0.00887	0.01262	0.01726	0.26407	0.55512	0.04298	0.01593	0.00712	0.00216	0.00312	0.01437	0.00562	0.00489
4	0.01080	0.01017	0.01716	0.78523	0.03940	0.01271	0.01589	0.01461	0.01144	0.01461	0.01017	0.01525	0.00762	0.00572	0.00572	0.00191	0.00762	0.00508	0.00254	0.00635
5	0.01534	0.14484	0.41493	0.01429	0.02096	0.01615	0.01610	0.24966	0.01673	0.02312	0.01101	0.01216	0.00805	0.00581	0.00525	0.00169	0.00740	0.00434	0.00348	0.00869
6	0.00817	0.00585	0.00798	0.00904	0.00998	0.00565	0.00713	0.01017	0.01273	0.01697	0.13636	0.34861	0.03789	0.01604	0.00750	0.00239	0.00413	0.34294	0.00543	0.00504
7	0.00922	0.00781	0.00822	0.00789	0.01009	0.00784	0.00597	0.01538	0.24912	0.01841	0.07493	0.10014	0.43838	0.01248	0.00650	0.00196	0.00344	0.01053	0.00552	0.00619

[dist]
# distance from previous block
# <min> <max>
0	2

[block]
# block no. 9 follows, 41 sequences, length 11
# corresponding to MSA columns:
# 448-458
name=unknown_J
#
# <colnr> <probs for GDERKNQSTAVLIFYWHMCP>
#	G	D	E	R	K	N	Q	S	T	A	V	L	I	F	Y	W	H	M	C	P
0	0.01183	0.08157	0.67988	0.01552	0.02332	0.01368	0.01957	0.01774	0.01202	0.01769	0.01072	0.01341	0.00813	0.04291	0.00653	0.00199	0.00823	0.00442	0.00255	0.00826
1	0.01172	0.02968	0.76652	0.01644	0.02489	0.01341	0.02118	0.01827	0.01223	0.01834	0.01051	0.01242	0.00749	0.00560	0.00554	0.00186	0.00852	0.00431	0.00250	0.00857
2	0.02195	0.01617	0.01731	0.01331	0.01790	0.01784	0.01096	0.74151	0.02699	0.03620	0.01397	0.01407	0.00996	0.00703	0.00583	0.00176	0.00637	0.00523	0.00580	0.00984
3	0.02526	0.01086	0.01402	0.01079	0.01525	0.00996	0.00888	0.13620	0.01810	0.65407	0.02143	0.01892	0.01370	0.00721	0.00585	0.00181	0.00517	0.00574	0.00694	0.00985
4	0.02081	0.02575	0.01601	0.01455	0.01754	0.69109	0.01093	0.02379	0.09569	0.01531	0.01065	0.01185	0.00869	0.00626	0.00534	0.00157	0.00975	0.00407	0.00334	0.00702
5	0.01439	0.01375	0.02334	0.03517	0.76051	0.01371	0.01762	0.01771	0.01317	0.01891	0.01101	0.01449	0.00929	0.00526	0.00577	0.00174	0.00687	0.00517	0.00292	0.00918
6	0.00856	0.00582	0.00687	0.00686	0.00704	0.00594	0.00414	0.00880	0.00862	0.01167	0.01783	0.03541	0.02000	0.68180	0.14199	0.00613	0.00710	0.00805	0.00349	0.00385
7	0.83636	0.01123	0.00859	0.00770	0.01125	0.01296	0.00630	0.01697	0.00990	0.02585	0.00822	0.00965	0.00644	0.00548	0.00365	0.00182	0.00451	0.00318	0.00362	0.00632
8	0.00903	0.00645	0.00900	0.01032	0.01155	0.00642	0.00889	0.01152	0.01298	0.01691	0.03039	0.12591	0.03333	0.01598	0.00785	0.00261	0.00510	0.66528	0.00527	0.00521
9	0.04658	0.01307	0.02143	0.06155	0.64173	0.01302	0.01613	0.01714	0.01273	0.01880	0.01057	0.01381	0.00884	0.00506	0.00546	0.00164	0.00652	0.00487	0.00289	0.07814
10	0.01529	0.80242	0.02997	0.00979	0.01468	0.02263	0.00979	0.01713	0.01162	0.01346	0.00795	0.00918	0.00734	0.00489	0.00367	0.00122	0.00612	0.00306	0.00245	0.00734

[dist]
# distance from previous block
# <min> <max>
0	61

[block]
# block no. 10 follows, 41 sequences, length 23
# corresponding to MSA columns:
# 520-542
name=unknown_K
#
# <colnr> <probs for GDERKNQSTAVLIFYWHMCP>
#	G	D	E	R	K	N	Q	S	T	A	V	L	I	F	Y	W	H	M	C	P
0	0.00781	0.00577	0.00747	0.00847	0.00953	0.00543	0.00659	0.00956	0.01236	0.01598	0.05897	0.35002	0.18035	0.01625	0.00740	0.00235	0.00395	0.28148	0.00532	0.00494
1	0.01080	0.01017	0.01716	0.78523	0.03940	0.01271	0.01589	0.01461	0.01144	0.01461	0.01017	0.01525	0.00762	0.00572	0.00572	0.00191	0.00762	0.00508	0.00254	0.00635
2	0.01213	0.00897	0.01037	0.00897	0.01137	0.00913	0.00708	0.23375	0.01893	0.02576	0.41582	0.03631	0.12852	0.01074	0.00648	0.00182	0.00392	0.03733	0.00596	0.00664
3	0.01288	0.01974	0.25765	0.02173	0.02833	0.01411	0.52295	0.01826	0.01307	0.01826	0.01117	0.01441	0.00824	0.00501	0.00635	0.00189	0.00928	0.00598	0.00275	0.00794
4	0.01314	0.01017	0.01062	0.00972	0.01237	0.01152	0.00751	0.02520	0.52744	0.02314	0.02187	0.02134	0.01661	0.00743	0.00527	0.00176	0.00396	0.00612	0.25690	0.00792
5	0.00928	0.01286	0.23851	0.00930	0.01187	0.00790	0.00884	0.01130	0.00946	0.01323	0.01566	0.02971	0.01667	0.55745	0.02191	0.00441	0.00643	0.00707	0.00315	0.00498
6	0.14788	0.01526	0.01581	0.01229	0.01671	0.01698	0.01015	0.63201	0.02425	0.03445	0.01284	0.01305	0.00918	0.00663	0.00539	0.00172	0.00601	0.00483	0.00539	0.00918
7	0.00843	0.01305	0.23853	0.00924	0.01305	0.00750	0.00964	0.01168	0.01330	0.01759	0.16765	0.03979	0.40652	0.01124	0.00635	0.00187	0.00455	0.00938	0.00460	0.00603
8	0.01536	0.01726	0.01843	0.01564	0.01717	0.24800	0.07795	0.01751	0.03677	0.01459	0.00882	0.01241	0.00791	0.00821	0.01310	0.00212	0.45457	0.00481	0.00279	0.00660
9	0.00990	0.00855	0.01461	0.01168	0.01344	0.00826	0.22842	0.01136	0.00990	0.01329	0.01606	0.03073	0.01711	0.55726	0.02231	0.00444	0.00679	0.00784	0.00329	0.00476
10	0.58719	0.01079	0.01107	0.24424	0.01969	0.01279	0.00914	0.01614	0.01025	0.02230	0.00863	0.01111	0.00663	0.00543	0.00420	0.00181	0.00540	0.00370	0.00324	0.00624
11	0.00903	0.00548	0.00596	0.00596	0.00637	0.00548	0.00363	0.00984	0.00944	0.01421	0.01822	0.03253	0.01893	0.55782	0.02147	0.00426	0.00467	0.00741	0.25526	0.00403
12	0.01324	0.01841	0.25040	0.04878	0.50282	0.01349	0.03514	0.01767	0.01270	0.01840	0.01061	0.01358	0.00846	0.00521	0.00562	0.00174	0.00739	0.00487	0.00270	0.00877
13	0.01766	0.02108	0.01676	0.01485	0.01657	0.45802	0.01166	0.01904	0.01309	0.01390	0.00828	0.01124	0.00743	0.00762	0.01086	0.00191	0.33657	0.00424	0.00276	0.00647
14	0.01759	0.01217	0.01939	0.10004	0.43919	0.01207	0.01438	0.04528	0.01436	0.24673	0.01440	0.01587	0.01049	0.00582	0.00570	0.00174	0.00627	0.00530	0.00419	0.00902
15	0.00940	0.00695	0.00795	0.00692	0.00847	0.00618	0.00447	0.01017	0.00940	0.01339	0.01563	0.02965	0.01704	0.55708	0.02154	0.00412	0.00515	0.00682	0.00344	0.25624
16	0.00731	0.00524	0.00694	0.00773	0.00837	0.00487	0.00534	0.00883	0.01255	0.01714	0.25334	0.56620	0.04274	0.01602	0.00713	0.00216	0.00313	0.01446	0.00561	0.00487
17	0.02110	0.00839	0.01086	0.00870	0.01219	0.00747	0.00707	0.02345	0.01504	0.54022	0.02138	0.02003	0.01431	0.00695	0.00522	0.00164	0.00420	0.00562	0.25778	0.00839
18	0.02174	0.01602	0.01717	0.01316	0.01774	0.01774	0.01087	0.74423	0.02689	0.03605	0.01373	0.01373	0.00973	0.00687	0.00572	0.00172	0.00629	0.00515	0.00572	0.00973
19	0.01393	0.56128	0.02607	0.24581	0.02220	0.01961	0.01164	0.01636	0.01157	0.01381	0.00863	0.01102	0.00743	0.00514	0.00429	0.00143	0.00658	0.00367	0.00248	0.00704
