[name]
unknown

[dist]
# distance from previous block
# <min> <max>
0	30

[block]
# block no. 0 follows, 69 sequences, length 6
# corresponding to MSA columns:
# 33-37,40
name=unknown_A
#
# <colnr> <probs for GDERKNQSTAVLIFYWHMCP>
#	G	D	E	R	K	N	Q	S	T	A	V	L	I	F	Y	W	H	M	C	P
0	0.11925	0.36324	0.06252	0.00846	0.04605	0.19682	0.00730	0.03181	0.00887	0.01129	0.00730	0.01046	0.00669	0.00439	0.00341	0.00108	0.02496	0.07917	0.00209	0.00481
1	0.00649	0.00347	0.00490	0.00496	0.00514	0.00339	0.00335	0.00536	0.00577	0.00774	0.01119	0.07109	0.08694	0.01277	0.01305	0.70269	0.00312	0.00439	0.04215	0.00204
2	0.00856	0.08328	0.25313	0.03516	0.05499	0.10905	0.02521	0.03494	0.04722	0.01121	0.00983	0.09253	0.00927	0.14326	0.04359	0.00184	0.00504	0.00427	0.02297	0.00464
3	0.00849	0.00833	0.06686	0.11194	0.16222	0.00730	0.09580	0.04520	0.02752	0.03918	0.01147	0.03833	0.08569	0.00577	0.04808	0.00136	0.00446	0.00404	0.00244	0.22552
4	0.04717	0.00384	0.00479	0.00526	0.00583	0.00366	0.00370	0.00631	0.00832	0.01160	0.19774	0.51204	0.07769	0.05089	0.00550	0.00159	0.00233	0.04476	0.00367	0.00333
5	0.44432	0.03444	0.02838	0.03167	0.03389	0.03721	0.06560	0.17612	0.00996	0.05294	0.04653	0.00895	0.00680	0.00410	0.00321	0.00120	0.00385	0.00301	0.00280	0.00502

[dist]
# distance from previous block
# <min> <max>
30	58

[block]
# block no. 1 follows, 69 sequences, length 18
# corresponding to MSA columns:
# 117-131,133-135
name=unknown_B
#
# <colnr> <probs for GDERKNQSTAVLIFYWHMCP>
#	G	D	E	R	K	N	Q	S	T	A	V	L	I	F	Y	W	H	M	C	P
0	0.00951	0.01955	0.00999	0.06663	0.11246	0.01712	0.03969	0.22766	0.08424	0.02796	0.09641	0.07345	0.09036	0.03663	0.00503	0.02187	0.00373	0.04112	0.00328	0.01331
1	0.00504	0.00410	0.00449	0.00459	0.00570	0.00367	0.00336	0.00660	0.05296	0.01133	0.11991	0.20446	0.53995	0.00996	0.00467	0.00137	0.00209	0.00853	0.00373	0.00348
2	0.02595	0.16881	0.14283	0.08567	0.01270	0.00975	0.07881	0.04925	0.02809	0.02916	0.00867	0.03671	0.00784	0.08746	0.02972	0.00165	0.13351	0.03186	0.02687	0.00469
3	0.00509	0.00392	0.00435	0.00432	0.00543	0.00344	0.00321	0.00636	0.00941	0.01229	0.26212	0.08577	0.50127	0.00916	0.00452	0.00129	0.00195	0.00780	0.06488	0.00344
4	0.00592	0.00440	0.00626	0.00666	0.04451	0.00488	0.00467	0.00702	0.00644	0.00911	0.01135	0.01923	0.01141	0.24162	0.52567	0.00504	0.01959	0.04794	0.01493	0.00335
5	0.01311	0.10961	0.01237	0.00895	0.01170	0.18982	0.03734	0.38034	0.14220	0.01768	0.00931	0.00956	0.00703	0.00445	0.00368	0.00112	0.00471	0.00334	0.02785	0.00582
6	0.04851	0.00623	0.00754	0.04124	0.00898	0.01977	0.00535	0.13563	0.03464	0.16139	0.01232	0.06540	0.02298	0.01285	0.26616	0.00277	0.00554	0.00430	0.11634	0.02203
7	0.01303	0.00917	0.00998	0.00852	0.04110	0.05421	0.00653	0.39623	0.10759	0.15473	0.04477	0.06293	0.01048	0.05639	0.00496	0.00137	0.00392	0.00437	0.00381	0.00590
8	0.79568	0.05375	0.00688	0.00545	0.00796	0.00934	0.00455	0.05526	0.00737	0.01752	0.00567	0.00653	0.00442	0.00368	0.00251	0.00119	0.00316	0.00220	0.00247	0.00442
9	0.02574	0.02732	0.22707	0.06651	0.23212	0.01939	0.08865	0.03943	0.00888	0.04740	0.04546	0.03371	0.00821	0.01607	0.00494	0.00132	0.07699	0.02318	0.00223	0.00538
10	0.00664	0.00573	0.03975	0.02382	0.09123	0.00497	0.04848	0.00818	0.02789	0.04450	0.01808	0.42599	0.09278	0.06230	0.00546	0.00152	0.00312	0.00776	0.00314	0.07865
11	0.00559	0.00468	0.00647	0.00640	0.02345	0.00436	0.07271	0.00728	0.05273	0.01109	0.05908	0.34740	0.31055	0.02600	0.00505	0.00149	0.00270	0.04583	0.00349	0.00365
12	0.10467	0.02245	0.00937	0.09598	0.03042	0.04663	0.02913	0.16815	0.05902	0.15560	0.01083	0.10174	0.00906	0.00636	0.00534	0.10718	0.01569	0.00426	0.01317	0.00493
13	0.04551	0.00942	0.01167	0.11280	0.11209	0.02965	0.04645	0.30657	0.19474	0.01766	0.04055	0.01132	0.00853	0.00467	0.00420	0.00125	0.03008	0.00382	0.00319	0.00584
14	0.00536	0.00408	0.00457	0.00466	0.00559	0.00374	0.00333	0.02196	0.03342	0.01121	0.11024	0.21573	0.40717	0.08812	0.00627	0.02296	0.00231	0.00805	0.03786	0.00336
15	0.06249	0.03658	0.04094	0.06082	0.05852	0.24942	0.05070	0.01924	0.03239	0.04802	0.06393	0.12435	0.03504	0.00540	0.00382	0.00115	0.00456	0.00445	0.00264	0.09557
16	0.00731	0.00428	0.00581	0.00557	0.00606	0.00442	0.00399	0.04304	0.00699	0.04739	0.05587	0.09454	0.06796	0.02770	0.03808	0.49515	0.04904	0.00477	0.02923	0.00278
17	0.02503	0.24011	0.12662	0.01108	0.14007	0.12473	0.02357	0.10851	0.04051	0.04497	0.00786	0.03633	0.00654	0.00427	0.00390	0.00112	0.04384	0.00321	0.00232	0.00545

[dist]
# distance from previous block
# <min> <max>
0	5

[block]
# block no. 2 follows, 69 sequences, length 7
# corresponding to MSA columns:
# 141-147
name=unknown_C
#
# <colnr> <probs for GDERKNQSTAVLIFYWHMCP>
#	G	D	E	R	K	N	Q	S	T	A	V	L	I	F	Y	W	H	M	C	P
0	0.01118	0.03923	0.07705	0.02332	0.10057	0.12704	0.06480	0.08575	0.04602	0.13785	0.02671	0.01114	0.02914	0.00580	0.05259	0.00142	0.04298	0.00355	0.00276	0.11110
1	0.03648	0.00444	0.00529	0.00524	0.00611	0.00446	0.00392	0.00659	0.00870	0.01175	0.21194	0.23190	0.34193	0.00953	0.00549	0.00140	0.08979	0.00799	0.00355	0.00350
2	0.00646	0.00548	0.00802	0.05884	0.10342	0.00546	0.05236	0.03132	0.00959	0.01299	0.30607	0.14059	0.18989	0.00782	0.00490	0.00132	0.04113	0.00686	0.00339	0.00408
3	0.16345	0.04751	0.05252	0.01068	0.17011	0.05001	0.03232	0.15082	0.05115	0.04628	0.00932	0.06082	0.00774	0.00465	0.00384	0.00119	0.03317	0.00370	0.09547	0.00526
4	0.00625	0.00453	0.00557	0.00571	0.00645	0.00457	0.00414	0.09027	0.00860	0.01142	0.04835	0.33735	0.09865	0.16973	0.09463	0.00243	0.00371	0.09084	0.00330	0.00350
5	0.41911	0.02805	0.12918	0.00696	0.00956	0.00829	0.03004	0.04662	0.00832	0.05150	0.12911	0.01112	0.00990	0.00572	0.04166	0.00147	0.05275	0.00335	0.00268	0.00462
6	0.00617	0.00357	0.00474	0.00479	0.00494	0.00349	0.00310	0.00534	0.00580	0.00760	0.01253	0.06789	0.09520	0.23888	0.01485	0.50852	0.00330	0.00497	0.00219	0.00213

[dist]
# distance from previous block
# <min> <max>
1	4

[block]
# block no. 3 follows, 69 sequences, length 11
# corresponding to MSA columns:
# 152-162
name=unknown_D
#
# <colnr> <probs for GDERKNQSTAVLIFYWHMCP>
#	G	D	E	R	K	N	Q	S	T	A	V	L	I	F	Y	W	H	M	C	P
0	0.02956	0.21622	0.15580	0.00957	0.07701	0.09867	0.03640	0.07351	0.06482	0.08788	0.00919	0.03430	0.00742	0.00436	0.00349	0.00111	0.00450	0.01923	0.06160	0.00537
1	0.05549	0.13202	0.59375	0.01011	0.01487	0.00999	0.03141	0.01201	0.00804	0.01215	0.00681	0.00816	0.00512	0.00387	0.00403	0.00121	0.05572	0.00284	0.02697	0.00545
2	0.00931	0.13963	0.27208	0.13609	0.13730	0.01051	0.03848	0.08463	0.07215	0.01291	0.00768	0.00919	0.00593	0.00400	0.00408	0.00121	0.04396	0.00321	0.00211	0.00555
3	0.00504	0.00365	0.00474	0.00539	0.00579	0.00335	0.00360	0.00574	0.00741	0.00999	0.02005	0.74690	0.02387	0.07553	0.00600	0.00170	0.00243	0.01022	0.00347	0.05514
4	0.00513	0.00376	0.00459	0.00482	0.00559	0.00341	0.00345	0.00634	0.00911	0.01231	0.30083	0.33203	0.23123	0.00987	0.00467	0.00137	0.00204	0.00869	0.04734	0.00341
5	0.02192	0.00407	0.00467	0.00467	0.00568	0.00383	0.00349	0.00777	0.03002	0.02710	0.26160	0.14420	0.21011	0.00811	0.00418	0.00125	0.00207	0.03399	0.21763	0.00365
6	0.00593	0.00412	0.00510	0.00481	0.00593	0.00369	0.00362	0.00751	0.01044	0.05837	0.56127	0.05595	0.24171	0.00847	0.00460	0.00127	0.00198	0.00735	0.00415	0.00374
7	0.00893	0.00862	0.03464	0.00961	0.01185	0.05769	0.20323	0.08766	0.23062	0.01388	0.01384	0.20750	0.01289	0.00698	0.02375	0.00147	0.00434	0.03326	0.02424	0.00501
8	0.02099	0.12281	0.20445	0.01100	0.10757	0.07010	0.08002	0.14147	0.03769	0.04923	0.02209	0.01093	0.05573	0.00429	0.00371	0.00114	0.00474	0.00353	0.00252	0.04599
9	0.01098	0.50914	0.06606	0.07508	0.01266	0.10350	0.03719	0.10596	0.02613	0.01156	0.00649	0.00750	0.00541	0.00369	0.00308	0.00098	0.00476	0.00260	0.00203	0.00519
10	0.55294	0.00772	0.00822	0.12978	0.01160	0.00870	0.04605	0.04505	0.04571	0.10086	0.00747	0.00839	0.00548	0.00391	0.00304	0.00124	0.00361	0.00279	0.00268	0.00475

[dist]
# distance from previous block
# <min> <max>
9	53

[block]
# block no. 4 follows, 69 sequences, length 9
# corresponding to MSA columns:
# 217-225
name=unknown_E
#
# <colnr> <probs for GDERKNQSTAVLIFYWHMCP>
#	G	D	E	R	K	N	Q	S	T	A	V	L	I	F	Y	W	H	M	C	P
0	0.00734	0.13502	0.17652	0.00729	0.00956	0.02160	0.03459	0.00964	0.05514	0.01060	0.04731	0.07908	0.06142	0.17411	0.10357	0.00228	0.02748	0.00474	0.00241	0.03029
1	0.00668	0.00570	0.00905	0.04789	0.14188	0.00558	0.10872	0.00789	0.00781	0.01042	0.06978	0.07310	0.16142	0.21729	0.05149	0.05900	0.00412	0.00578	0.00260	0.00377
2	0.00883	0.05598	0.16529	0.09211	0.09234	0.05150	0.03428	0.02371	0.17207	0.01223	0.02933	0.01180	0.03959	0.00604	0.04249	0.00153	0.14954	0.00377	0.00238	0.00517
3	0.01113	0.08942	0.09484	0.03542	0.07502	0.07235	0.13010	0.20898	0.07712	0.04015	0.00849	0.00956	0.00648	0.00421	0.00435	0.00118	0.05865	0.00344	0.01597	0.05316
4	0.00625	0.00466	0.00553	0.00538	0.00580	0.00500	0.00360	0.00797	0.10614	0.01000	0.10385	0.12041	0.01712	0.48729	0.03685	0.00290	0.05900	0.00615	0.00288	0.00323
5	0.04896	0.00992	0.08209	0.00797	0.01081	0.04952	0.02096	0.34621	0.06046	0.01768	0.03994	0.04060	0.08092	0.00547	0.00391	0.00118	0.00393	0.05018	0.00330	0.11597
6	0.00640	0.00520	0.00578	0.00615	0.00703	0.05553	0.00468	0.05751	0.00917	0.01169	0.06332	0.38847	0.14504	0.01038	0.00487	0.00153	0.00296	0.20707	0.00358	0.00363
7	0.41862	0.09514	0.03292	0.00657	0.00917	0.10847	0.02893	0.03839	0.00826	0.01472	0.03873	0.03844	0.00695	0.00410	0.00296	0.00108	0.00374	0.00289	0.02591	0.11403
8	0.00990	0.19284	0.09285	0.01030	0.04626	0.12227	0.16555	0.04768	0.01966	0.02645	0.04004	0.05185	0.00840	0.03502	0.00490	0.00125	0.06100	0.01664	0.00226	0.04486

[dist]
# distance from previous block
# <min> <max>
27	97

[block]
# block no. 5 follows, 69 sequences, length 9
# corresponding to MSA columns:
# 331-339
name=unknown_F
#
# <colnr> <probs for GDERKNQSTAVLIFYWHMCP>
#	G	D	E	R	K	N	Q	S	T	A	V	L	I	F	Y	W	H	M	C	P
0	0.00704	0.00627	0.03050	0.00900	0.16850	0.00533	0.00581	0.00868	0.00862	0.01219	0.11450	0.05980	0.14939	0.07467	0.00525	0.00131	0.00311	0.06186	0.02149	0.24666
1	0.01096	0.13860	0.13415	0.00899	0.01161	0.08454	0.00825	0.21883	0.08685	0.02856	0.02266	0.02695	0.02109	0.00509	0.00549	0.00126	0.17456	0.00350	0.00267	0.00542
2	0.07087	0.00666	0.00748	0.00638	0.00786	0.00757	0.00516	0.19254	0.01018	0.06734	0.01029	0.01170	0.00797	0.00497	0.00491	0.00116	0.15894	0.00350	0.40985	0.00467
3	0.00663	0.00348	0.00505	0.00503	0.00509	0.00346	0.00334	0.00532	0.00558	0.00750	0.06568	0.01424	0.00953	0.08119	0.01494	0.75292	0.00333	0.00385	0.00194	0.00190
4	0.02727	0.09997	0.05457	0.00819	0.01064	0.16178	0.02151	0.15942	0.15610	0.08713	0.02768	0.01120	0.00838	0.02948	0.03033	0.00138	0.03617	0.00352	0.05992	0.00535
5	0.00662	0.00463	0.00537	0.00510	0.00646	0.00426	0.00388	0.00875	0.07224	0.05713	0.18896	0.13379	0.25400	0.00803	0.00426	0.00125	0.00229	0.04573	0.11085	0.07642
6	0.00731	0.00707	0.00777	0.00751	0.03962	0.13612	0.07031	0.03057	0.00963	0.01199	0.18741	0.23941	0.18807	0.00834	0.00453	0.00133	0.00341	0.03233	0.00333	0.00392
7	0.11585	0.02561	0.03834	0.00779	0.03273	0.06263	0.01820	0.07793	0.10313	0.05604	0.04037	0.01110	0.00832	0.02401	0.02522	0.00133	0.11968	0.00340	0.09431	0.13400
8	0.08706	0.10149	0.07782	0.01025	0.12813	0.03003	0.09299	0.07090	0.03630	0.01337	0.00797	0.01016	0.00666	0.06418	0.00468	0.00122	0.01782	0.00323	0.05147	0.18428

[dist]
# distance from previous block
# <min> <max>
0	13

[block]
# block no. 6 follows, 69 sequences, length 15
# corresponding to MSA columns:
# 354-368
name=unknown_G
#
# <colnr> <probs for GDERKNQSTAVLIFYWHMCP>
#	G	D	E	R	K	N	Q	S	T	A	V	L	I	F	Y	W	H	M	C	P
0	0.00855	0.05107	0.16512	0.07762	0.07298	0.03588	0.12325	0.04245	0.10425	0.01223	0.01094	0.04176	0.04253	0.03198	0.02718	0.03057	0.05394	0.04232	0.02046	0.00492
1	0.00564	0.00402	0.00482	0.00469	0.00575	0.00362	0.00354	0.00715	0.00997	0.03278	0.44049	0.07286	0.28708	0.00862	0.00453	0.00128	0.00200	0.03352	0.06403	0.00361
2	0.00520	0.00397	0.00539	0.00555	0.00625	0.00366	0.03682	0.00626	0.00844	0.01123	0.18406	0.45189	0.15289	0.06591	0.00584	0.00162	0.00246	0.03557	0.00362	0.00335
3	0.00595	0.00385	0.00494	0.00521	0.00583	0.00356	0.00360	0.00688	0.00839	0.07006	0.19061	0.46696	0.08086	0.11636	0.00668	0.00175	0.00243	0.00892	0.00371	0.00345
4	0.07657	0.00734	0.00834	0.00695	0.00922	0.01880	0.00553	0.25706	0.02946	0.26551	0.04595	0.17093	0.04367	0.00641	0.00404	0.00127	0.00331	0.00529	0.02889	0.00548
5	0.00889	0.19172	0.01110	0.13110	0.04526	0.09370	0.00651	0.08501	0.04513	0.01225	0.11657	0.01685	0.13661	0.03438	0.03851	0.00144	0.00423	0.01348	0.00273	0.00454
6	0.28083	0.15477	0.10131	0.06744	0.02338	0.09054	0.03195	0.03961	0.02780	0.01361	0.05923	0.04662	0.02382	0.00462	0.00332	0.00117	0.00414	0.01878	0.00241	0.00467
7	0.01021	0.12412	0.06352	0.09700	0.23310	0.11813	0.08245	0.04080	0.05758	0.02807	0.00772	0.00926	0.00615	0.00372	0.00361	0.00109	0.00487	0.00321	0.01678	0.08860
8	0.10591	0.10288	0.11955	0.02282	0.01135	0.06758	0.00765	0.14983	0.14953	0.07757	0.02862	0.02447	0.00786	0.00483	0.00463	0.00124	0.10187	0.00346	0.00289	0.00545
9	0.00524	0.00406	0.00470	0.00480	0.00571	0.00375	0.00344	0.00682	0.05170	0.01178	0.22704	0.23500	0.33648	0.07438	0.00585	0.00156	0.00222	0.00829	0.00373	0.00345
10	0.00578	0.00435	0.00581	0.00578	0.00632	0.00478	0.00425	0.00690	0.02477	0.00951	0.05632	0.10467	0.07899	0.20591	0.35721	0.02753	0.05670	0.02855	0.00260	0.00328
11	0.00812	0.00634	0.00909	0.08193	0.06514	0.00662	0.06588	0.08173	0.03310	0.07586	0.16426	0.16241	0.13430	0.00730	0.00516	0.00135	0.07729	0.00627	0.00332	0.00451
12	0.07354	0.00469	0.00538	0.00528	0.00638	0.00455	0.00384	0.05476	0.01973	0.06975	0.13563	0.31163	0.19515	0.08451	0.00585	0.00160	0.00255	0.00778	0.00364	0.00377
13	0.04047	0.46819	0.01574	0.04417	0.07182	0.03901	0.00710	0.04902	0.04997	0.02305	0.03863	0.01038	0.00771	0.02650	0.00421	0.00113	0.06211	0.03361	0.00219	0.00498
14	0.00931	0.02783	0.04122	0.02305	0.01095	0.07094	0.13443	0.04014	0.03765	0.11441	0.06137	0.12318	0.09440	0.03471	0.01647	0.00144	0.09828	0.00531	0.00297	0.05192

[dist]
# distance from previous block
# <min> <max>
8	19

[block]
# block no. 7 follows, 69 sequences, length 9
# corresponding to MSA columns:
# 397-405
name=unknown_H
#
# <colnr> <probs for GDERKNQSTAVLIFYWHMCP>
#	G	D	E	R	K	N	Q	S	T	A	V	L	I	F	Y	W	H	M	C	P
0	0.13135	0.10873	0.02943	0.00723	0.02461	0.09570	0.03610	0.01065	0.00854	0.08750	0.10301	0.04035	0.09497	0.00786	0.07324	0.04330	0.05431	0.00423	0.00274	0.03614
1	0.27409	0.00970	0.04057	0.00839	0.03536	0.07037	0.07411	0.22673	0.07082	0.01729	0.00902	0.02449	0.01969	0.01963	0.00372	0.00122	0.00403	0.00338	0.04930	0.03810
2	0.05995	0.03303	0.04891	0.04974	0.01147	0.03411	0.04232	0.22311	0.05299	0.07569	0.08249	0.01165	0.00943	0.03023	0.00468	0.00119	0.05263	0.00362	0.00305	0.16969
3	0.00592	0.00389	0.00482	0.00475	0.00530	0.00378	0.00324	0.00616	0.00696	0.02818	0.07676	0.02442	0.21541	0.28787	0.12177	0.18554	0.00400	0.00572	0.00271	0.00281
4	0.00844	0.00717	0.00923	0.02597	0.05022	0.03868	0.06408	0.07030	0.14119	0.04476	0.10087	0.12414	0.10974	0.00796	0.04509	0.00159	0.11233	0.00564	0.02792	0.00467
5	0.08835	0.02957	0.08777	0.11814	0.08742	0.04783	0.08155	0.02837	0.04932	0.11146	0.03554	0.05892	0.00834	0.00506	0.00534	0.00132	0.14408	0.00398	0.00256	0.00507
6	0.04743	0.00429	0.00509	0.00536	0.00645	0.00402	0.00425	0.00729	0.00892	0.03683	0.11078	0.15258	0.31512	0.00972	0.00473	0.00147	0.00257	0.23981	0.02970	0.00357
7	0.01218	0.00820	0.05223	0.02678	0.03693	0.00785	0.00654	0.23215	0.10788	0.24300	0.12238	0.01489	0.03432	0.00625	0.03708	0.00141	0.00378	0.00434	0.03605	0.00579
8	0.00616	0.00443	0.00532	0.00495	0.00620	0.00399	0.00369	0.00793	0.03939	0.05259	0.41145	0.08275	0.23749	0.05243	0.00528	0.00137	0.00220	0.00703	0.00388	0.06148

[dist]
# distance from previous block
# <min> <max>
5	6

[block]
# block no. 8 follows, 69 sequences, length 7
# corresponding to MSA columns:
# 412-418
name=unknown_I
#
# <colnr> <probs for GDERKNQSTAVLIFYWHMCP>
#	G	D	E	R	K	N	Q	S	T	A	V	L	I	F	Y	W	H	M	C	P
0	0.00616	0.00409	0.00525	0.00531	0.00627	0.00373	0.00399	0.00753	0.00956	0.07403	0.33898	0.25883	0.15809	0.00955	0.00476	0.00140	0.00228	0.09248	0.00399	0.00371
1	0.03773	0.00732	0.00847	0.00682	0.00941	0.04632	0.00552	0.08641	0.08009	0.51026	0.01458	0.01345	0.03151	0.00491	0.00375	0.00117	0.00334	0.00391	0.11903	0.00598
2	0.00484	0.00350	0.00452	0.00526	0.00559	0.00324	0.00353	0.00556	0.00768	0.01017	0.05484	0.71891	0.09317	0.05229	0.00567	0.00166	0.00231	0.01049	0.00361	0.00318
3	0.00554	0.00391	0.00520	0.00533	0.00581	0.00413	0.00377	0.00647	0.00681	0.00957	0.06523	0.16323	0.04030	0.24728	0.36315	0.00410	0.00609	0.00606	0.04485	0.00316
4	0.04866	0.01071	0.03973	0.00844	0.01065	0.17449	0.00679	0.08394	0.39007	0.07236	0.01225	0.05109	0.00965	0.00528	0.00442	0.00127	0.05723	0.00404	0.00335	0.00559
5	0.04711	0.22267	0.06569	0.00807	0.03418	0.08096	0.02706	0.10320	0.04855	0.12514	0.07086	0.02758	0.02709	0.00481	0.00357	0.00110	0.00406	0.03672	0.00293	0.05863
6	0.01049	0.10586	0.09645	0.05979	0.13850	0.08880	0.05501	0.09396	0.20815	0.03953	0.03966	0.01098	0.00843	0.00432	0.00376	0.00117	0.00450	0.00360	0.00275	0.02428

[dist]
# distance from previous block
# <min> <max>
0	8

[block]
# block no. 9 follows, 69 sequences, length 6
# corresponding to MSA columns:
# 427-432
name=unknown_J
#
# <colnr> <probs for GDERKNQSTAVLIFYWHMCP>
#	G	D	E	R	K	N	Q	S	T	A	V	L	I	F	Y	W	H	M	C	P
0	0.00761	0.06446	0.00949	0.03496	0.00900	0.00635	0.10903	0.00796	0.00681	0.04535	0.01073	0.08352	0.05446	0.07396	0.06018	0.31102	0.09493	0.00462	0.00222	0.00334
1	0.00564	0.00433	0.00517	0.00521	0.00623	0.00410	0.00399	0.00765	0.06508	0.01263	0.29622	0.08583	0.27295	0.06789	0.00579	0.00156	0.00243	0.13988	0.00380	0.00361
2	0.28185	0.00583	0.00593	0.00548	0.00711	0.00628	0.00424	0.01049	0.10811	0.06435	0.06744	0.01837	0.16418	0.09080	0.14134	0.00232	0.00407	0.00465	0.00305	0.00413
3	0.01175	0.04934	0.01144	0.06175	0.12111	0.07904	0.00771	0.32364	0.15236	0.03759	0.01101	0.06436	0.00911	0.00520	0.00396	0.00123	0.00425	0.03609	0.00327	0.00580
4	0.06497	0.14200	0.01098	0.00747	0.01002	0.05675	0.00618	0.31984	0.08015	0.09539	0.03171	0.06964	0.04144	0.00543	0.00391	0.01807	0.00382	0.00408	0.02263	0.00551
5	0.01082	0.39491	0.01568	0.07896	0.10752	0.05070	0.00763	0.11179	0.04273	0.03883	0.00717	0.00822	0.00588	0.00380	0.00344	0.00100	0.02818	0.00278	0.00225	0.07771

[dist]
# distance from previous block
# <min> <max>
10	30

[block]
# block no. 10 follows, 69 sequences, length 9
# corresponding to MSA columns:
# 484-492
name=unknown_K
#
# <colnr> <probs for GDERKNQSTAVLIFYWHMCP>
#	G	D	E	R	K	N	Q	S	T	A	V	L	I	F	Y	W	H	M	C	P
0	0.05025	0.06906	0.12563	0.00958	0.09287	0.03992	0.04353	0.10782	0.11528	0.06485	0.08093	0.01557	0.11404	0.00575	0.01697	0.00131	0.02231	0.01605	0.00301	0.00527
1	0.00887	0.02941	0.00929	0.08583	0.02870	0.00701	0.03004	0.07402	0.06713	0.07308	0.06152	0.05313	0.07938	0.00542	0.00440	0.00111	0.05893	0.04098	0.00296	0.27880
2	0.00816	0.00655	0.00779	0.03427	0.00943	0.00525	0.00478	0.01011	0.03595	0.05434	0.01100	0.06920	0.06582	0.00425	0.00329	0.00078	0.00290	0.00354	0.00267	0.65990
3	0.02523	0.05680	0.04425	0.17580	0.21535	0.05667	0.05696	0.08497	0.02187	0.03685	0.03436	0.10536	0.02666	0.00597	0.03472	0.00142	0.00473	0.00449	0.00249	0.00507
4	0.01090	0.14416	0.01600	0.01109	0.03100	0.07474	0.28467	0.11275	0.10061	0.07555	0.00947	0.01118	0.00741	0.00605	0.06904	0.00159	0.00555	0.02018	0.00265	0.00541
5	0.00533	0.00397	0.00501	0.00546	0.00626	0.00369	0.00420	0.00658	0.00883	0.01152	0.16333	0.26084	0.22652	0.03800	0.00545	0.00160	0.00255	0.23376	0.00371	0.00340
6	0.02484	0.02541	0.17539	0.02350	0.06292	0.02256	0.07623	0.01256	0.07963	0.14992	0.16696	0.06604	0.01451	0.00554	0.00405	0.00125	0.00385	0.02387	0.05584	0.00514
7	0.00681	0.00340	0.00511	0.00511	0.00511	0.00340	0.00340	0.00511	0.00511	0.00681	0.00681	0.01192	0.00681	0.01362	0.01532	0.88594	0.00340	0.00340	0.00170	0.00170
8	0.00716	0.03942	0.00443	0.00391	0.00490	0.00410	0.00297	0.00886	0.00820	0.01392	0.01426	0.06762	0.04845	0.00524	0.00296	0.00097	0.00196	0.00426	0.75275	0.00367

[dist]
# distance from previous block
# <min> <max>
11	19

[block]
# block no. 11 follows, 69 sequences, length 13
# corresponding to MSA columns:
# 516-521,528-530,533-536
name=unknown_L
#
# <colnr> <probs for GDERKNQSTAVLIFYWHMCP>
#	G	D	E	R	K	N	Q	S	T	A	V	L	I	F	Y	W	H	M	C	P
0	0.00497	0.00370	0.00462	0.00499	0.00565	0.00336	0.00352	0.00605	0.00883	0.01176	0.25769	0.44891	0.20047	0.01057	0.00482	0.00143	0.00209	0.00938	0.00383	0.00336
1	0.00759	0.00653	0.03034	0.06767	0.08443	0.00695	0.03479	0.03795	0.02571	0.04585	0.03301	0.23368	0.03763	0.04625	0.03944	0.00179	0.16117	0.09212	0.00286	0.00425
2	0.00506	0.00373	0.00476	0.00516	0.00580	0.00343	0.00369	0.00620	0.00888	0.01189	0.26756	0.44425	0.15274	0.01057	0.00485	0.00145	0.00217	0.05056	0.00384	0.00338
3	0.00584	0.00412	0.00500	0.00481	0.00592	0.00373	0.00360	0.00721	0.00962	0.05859	0.36668	0.07946	0.33089	0.02800	0.06729	0.00172	0.00269	0.00735	0.00385	0.00365
4	0.69513	0.00867	0.00698	0.00604	0.00854	0.05379	0.00493	0.12637	0.03220	0.01813	0.00635	0.00707	0.00485	0.00386	0.00274	0.00120	0.00343	0.00241	0.00266	0.00466
5	0.00900	0.04828	0.02099	0.11065	0.05888	0.04801	0.00626	0.05052	0.00897	0.05702	0.02956	0.04427	0.03295	0.02845	0.00392	0.00100	0.00365	0.01806	0.00255	0.41701
6	0.14212	0.07415	0.07367	0.04153	0.03274	0.17797	0.08162	0.03432	0.05464	0.07511	0.02431	0.01096	0.02843	0.03542	0.00435	0.00125	0.02892	0.00341	0.07025	0.00484
7	0.29663	0.07849	0.03219	0.06319	0.05425	0.08460	0.05683	0.13687	0.00982	0.07799	0.00737	0.00829	0.00557	0.00385	0.00325	0.00112	0.00421	0.00286	0.00262	0.07000
8	0.06097	0.22963	0.22009	0.00923	0.01299	0.02333	0.10779	0.11726	0.00999	0.11889	0.02629	0.03142	0.00712	0.00417	0.00356	0.00114	0.00467	0.00337	0.00256	0.00554
9	0.02860	0.03233	0.00942	0.03257	0.03379	0.04599	0.00624	0.26156	0.12904	0.09568	0.05219	0.02389	0.04436	0.00874	0.12023	0.02488	0.00469	0.00412	0.02373	0.01796
10	0.00786	0.00571	0.00694	0.00626	0.00767	0.03237	0.03364	0.06840	0.02226	0.10057	0.18562	0.11626	0.22041	0.04729	0.04073	0.00166	0.03625	0.05234	0.00362	0.00415
11	0.00933	0.03390	0.05441	0.09574	0.11206	0.02208	0.11779	0.10495	0.14965	0.03268	0.06495	0.04428	0.04959	0.00527	0.00451	0.00128	0.04303	0.02755	0.00288	0.02407
12	0.00604	0.00449	0.00581	0.00572	0.00620	0.00502	0.00405	0.00756	0.06984	0.00911	0.01198	0.05707	0.01233	0.36534	0.37585	0.00452	0.03830	0.00511	0.00241	0.00327

[dist]
# distance from previous block
# <min> <max>
5	36

[block]
# block no. 12 follows, 69 sequences, length 9
# corresponding to MSA columns:
# 574-582
name=unknown_M
#
# <colnr> <probs for GDERKNQSTAVLIFYWHMCP>
#	G	D	E	R	K	N	Q	S	T	A	V	L	I	F	Y	W	H	M	C	P
0	0.00768	0.00545	0.00641	0.00558	0.00734	0.00510	0.00436	0.07341	0.06961	0.07272	0.33915	0.02438	0.17847	0.00701	0.00421	0.00117	0.00246	0.03211	0.03141	0.12197
1	0.05494	0.02720	0.04204	0.00694	0.00805	0.02966	0.02383	0.00883	0.00801	0.04632	0.17249	0.06306	0.09280	0.10653	0.05636	0.00194	0.21202	0.00522	0.02984	0.00395
2	0.00539	0.00370	0.00465	0.00512	0.00570	0.00339	0.00354	0.00630	0.00821	0.03911	0.11238	0.55451	0.15135	0.04060	0.00531	0.00155	0.00226	0.00956	0.03401	0.00337
3	0.00718	0.04135	0.05339	0.17430	0.05638	0.00638	0.06743	0.02736	0.00937	0.04096	0.22183	0.05457	0.18116	0.02259	0.00455	0.00131	0.00351	0.00571	0.01640	0.00429
4	0.11856	0.00771	0.00917	0.00729	0.01012	0.00753	0.05831	0.11630	0.15015	0.09684	0.01202	0.01340	0.05213	0.00466	0.00360	0.00108	0.00341	0.04771	0.00319	0.27680
5	0.00833	0.12052	0.59875	0.01020	0.01503	0.00957	0.04863	0.04396	0.00865	0.01238	0.03632	0.00984	0.00670	0.04939	0.00452	0.00133	0.00533	0.00320	0.00189	0.00546
6	0.00755	0.02599	0.00710	0.00641	0.00767	0.07699	0.00498	0.09290	0.00977	0.01267	0.15254	0.16209	0.14434	0.05802	0.01887	0.00157	0.05566	0.10606	0.00332	0.04552
7	0.01077	0.80620	0.01989	0.00694	0.01020	0.07286	0.00677	0.01201	0.00818	0.00925	0.00549	0.00634	0.00503	0.00340	0.00259	0.00085	0.00439	0.00213	0.00170	0.00500
8	0.75500	0.00729	0.00582	0.00519	0.00747	0.00835	0.00424	0.04368	0.00742	0.01758	0.03679	0.00796	0.00599	0.00391	0.00259	0.00119	0.00295	0.00248	0.06982	0.00428

[dist]
# distance from previous block
# <min> <max>
0	1

[block]
# block no. 13 follows, 69 sequences, length 28
# corresponding to MSA columns:
# 584,586-612
name=unknown_N
#
# <colnr> <probs for GDERKNQSTAVLIFYWHMCP>
#	G	D	E	R	K	N	Q	S	T	A	V	L	I	F	Y	W	H	M	C	P
0	0.00626	0.00411	0.00506	0.00491	0.00600	0.00368	0.00365	0.00763	0.00977	0.08473	0.37440	0.18560	0.24493	0.00895	0.00458	0.00131	0.00209	0.00779	0.03081	0.00375
1	0.02656	0.00737	0.01197	0.55440	0.19338	0.00866	0.01031	0.01046	0.02986	0.01092	0.00865	0.03641	0.03223	0.00441	0.00429	0.00130	0.03825	0.00386	0.00197	0.00472
2	0.00501	0.00388	0.00456	0.00463	0.00558	0.00343	0.00338	0.00626	0.00947	0.01242	0.33758	0.19536	0.37501	0.00966	0.00470	0.00134	0.00199	0.00839	0.00390	0.00343
3	0.00505	0.00379	0.00450	0.00480	0.00548	0.00345	0.00336	0.00594	0.00825	0.01068	0.13757	0.31169	0.28784	0.14358	0.00719	0.00181	0.00242	0.04589	0.00353	0.00319
4	0.03743	0.00909	0.00987	0.00831	0.01086	0.01025	0.02182	0.24728	0.52895	0.05164	0.01363	0.01278	0.01004	0.00504	0.00393	0.00128	0.00352	0.00409	0.00392	0.00628
5	0.05561	0.01235	0.02458	0.06208	0.05147	0.29311	0.04999	0.15221	0.14946	0.03232	0.00910	0.03100	0.00721	0.00453	0.00397	0.00117	0.02513	0.00348	0.00277	0.02846
6	0.01155	0.21757	0.10286	0.01813	0.04995	0.12997	0.02357	0.20022	0.11925	0.02891	0.00854	0.00920	0.00665	0.00480	0.02366	0.00123	0.02080	0.00313	0.01441	0.00559
7	0.02334	0.00938	0.06566	0.06174	0.14139	0.01892	0.03814	0.22986	0.16512	0.03072	0.06939	0.01312	0.02456	0.03656	0.00476	0.00133	0.02549	0.00408	0.03081	0.00562
8	0.00732	0.00596	0.00803	0.00711	0.00784	0.00709	0.03967	0.02846	0.00795	0.01198	0.10901	0.06458	0.08309	0.04499	0.02567	0.00159	0.30523	0.02035	0.21017	0.00391
9	0.00865	0.10019	0.52917	0.01018	0.01461	0.03838	0.04211	0.05540	0.02548	0.01244	0.02547	0.00942	0.00635	0.01800	0.04881	0.00152	0.04328	0.00316	0.00195	0.00543
10	0.00565	0.00392	0.00463	0.00486	0.00513	0.00385	0.00310	0.02647	0.00690	0.00910	0.01698	0.25507	0.06943	0.50880	0.01372	0.00287	0.00327	0.05052	0.00291	0.00283
11	0.00487	0.00362	0.00447	0.00500	0.00554	0.00330	0.00343	0.00571	0.00811	0.01060	0.10830	0.54191	0.21363	0.05537	0.00565	0.00161	0.00224	0.00979	0.00364	0.00322
12	0.03153	0.01080	0.07262	0.03280	0.01553	0.01084	0.31753	0.25919	0.03581	0.01588	0.00800	0.00974	0.00608	0.00445	0.00567	0.00134	0.15020	0.00388	0.00257	0.00555
13	0.00873	0.00979	0.10543	0.31496	0.36963	0.00923	0.07018	0.02625	0.00861	0.01191	0.00722	0.00985	0.00569	0.00375	0.00412	0.00125	0.02262	0.00351	0.00187	0.00541
14	0.00550	0.00399	0.00518	0.00491	0.00583	0.00367	0.00367	0.00729	0.01093	0.01539	0.78667	0.05077	0.06508	0.00819	0.00463	0.00125	0.00187	0.00724	0.00427	0.00367
15	0.00931	0.00783	0.04991	0.00722	0.03483	0.00599	0.03887	0.02863	0.02885	0.09550	0.00831	0.00918	0.00646	0.00332	0.00319	0.00076	0.00329	0.00276	0.02856	0.62721
16	0.04242	0.20114	0.15327	0.06703	0.05559	0.11052	0.04158	0.08712	0.02290	0.04905	0.04023	0.03752	0.02155	0.00439	0.00366	0.00111	0.01603	0.00342	0.00238	0.03908
17	0.02247	0.03847	0.04995	0.00659	0.00867	0.00643	0.02365	0.08614	0.04871	0.16545	0.23431	0.01704	0.01623	0.04560	0.05977	0.00161	0.02368	0.00461	0.08151	0.05912
18	0.00940	0.00705	0.00775	0.00687	0.00876	0.01654	0.00534	0.10288	0.38159	0.07271	0.19881	0.06094	0.04780	0.00629	0.00413	0.00127	0.00287	0.00532	0.04838	0.00532
19	0.04689	0.03366	0.31482	0.02594	0.01389	0.03461	0.10239	0.19559	0.02348	0.02970	0.05705	0.06731	0.02752	0.00490	0.00395	0.00124	0.00480	0.00414	0.00267	0.00546
20	0.02886	0.16332	0.23499	0.04391	0.09451	0.16616	0.05102	0.09443	0.02736	0.02761	0.00755	0.00926	0.00601	0.00401	0.00359	0.00114	0.00530	0.02340	0.00217	0.00541
21	0.00517	0.00415	0.00464	0.00460	0.00577	0.00371	0.00347	0.00682	0.04200	0.01230	0.26413	0.07469	0.50570	0.00935	0.00465	0.00133	0.00207	0.03805	0.00385	0.00354
22	0.02898	0.00399	0.00456	0.00456	0.00469	0.00412	0.00275	0.00608	0.00594	0.00832	0.01251	0.07454	0.01420	0.71168	0.04892	0.00356	0.02299	0.00577	0.02924	0.00260
23	0.16902	0.00801	0.01197	0.30211	0.20668	0.00892	0.06498	0.05253	0.02941	0.04710	0.00787	0.02535	0.00621	0.00408	0.00391	0.00126	0.02535	0.00350	0.01668	0.00505
24	0.00555	0.00434	0.00529	0.00499	0.00629	0.00377	0.03372	0.00673	0.00900	0.03730	0.14497	0.13854	0.49183	0.03844	0.00514	0.00141	0.00234	0.02267	0.00362	0.03406
25	0.54849	0.00921	0.00754	0.03292	0.00946	0.13209	0.00534	0.04354	0.02694	0.14143	0.00750	0.00796	0.00549	0.00397	0.00296	0.00119	0.00379	0.00261	0.00280	0.00480
26	0.01416	0.01031	0.01110	0.00865	0.01163	0.01134	0.00710	0.68841	0.09039	0.05674	0.01141	0.01113	0.03918	0.00497	0.00396	0.00120	0.00408	0.00381	0.00395	0.00650
27	0.00909	0.07896	0.06167	0.00833	0.03059	0.00868	0.04004	0.09693	0.31136	0.01494	0.08624	0.01882	0.01375	0.03195	0.00459	0.00137	0.00365	0.13321	0.00336	0.04248

[dist]
# distance from previous block
# <min> <max>
0	1

[block]
# block no. 14 follows, 69 sequences, length 15
# corresponding to MSA columns:
# 614-628
name=unknown_O
#
# <colnr> <probs for GDERKNQSTAVLIFYWHMCP>
#	G	D	E	R	K	N	Q	S	T	A	V	L	I	F	Y	W	H	M	C	P
0	0.01229	0.08750	0.20353	0.00933	0.06572	0.00906	0.00847	0.16249	0.06124	0.24411	0.01058	0.01064	0.00746	0.00440	0.00389	0.00118	0.02483	0.00343	0.06388	0.00600
1	0.00949	0.00710	0.00837	0.00613	0.00945	0.00568	0.00492	0.06366	0.00911	0.10231	0.00845	0.03272	0.00685	0.00349	0.00314	0.00072	0.00302	0.00282	0.00274	0.70983
2	0.38206	0.00778	0.00811	0.00652	0.00933	0.00808	0.00537	0.15045	0.01042	0.33080	0.00997	0.00958	0.00678	0.00425	0.00327	0.00119	0.00336	0.00306	0.00359	0.03603
3	0.01546	0.00829	0.01002	0.03346	0.01122	0.00839	0.00651	0.31091	0.07008	0.44288	0.01319	0.03192	0.00901	0.00498	0.00396	0.00122	0.00371	0.00398	0.00433	0.00649
4	0.00565	0.00451	0.00535	0.00587	0.04452	0.02584	0.00400	0.00654	0.00819	0.01047	0.10352	0.16776	0.32228	0.08931	0.07623	0.06293	0.00332	0.04718	0.00321	0.00333
5	0.00478	0.00341	0.00455	0.00546	0.00569	0.00318	0.00364	0.00546	0.00751	0.01001	0.02161	0.85966	0.02593	0.01228	0.00500	0.00159	0.00227	0.01114	0.00364	0.00318
6	0.00579	0.00405	0.00504	0.00555	0.00601	0.02408	0.00380	0.00659	0.00783	0.04902	0.08137	0.62386	0.02371	0.08361	0.04840	0.00195	0.00295	0.00948	0.00352	0.00337
7	0.00964	0.43760	0.37813	0.00881	0.01322	0.01249	0.01015	0.06802	0.00882	0.01168	0.00641	0.00737	0.00512	0.00361	0.00314	0.00104	0.00490	0.00254	0.00182	0.00548
8	0.01605	0.00734	0.00918	0.00712	0.00998	0.00698	0.00586	0.19588	0.01253	0.58441	0.01388	0.01259	0.00907	0.00479	0.00383	0.00118	0.00341	0.00382	0.08569	0.00639
9	0.00897	0.00696	0.00926	0.00767	0.00938	0.00732	0.09163	0.23339	0.01131	0.03552	0.16434	0.09617	0.09519	0.08526	0.00665	0.01611	0.06945	0.02048	0.02037	0.00456
10	0.04863	0.19129	0.15634	0.09455	0.27257	0.03299	0.05634	0.04768	0.02626	0.01241	0.00729	0.00935	0.00596	0.00378	0.00357	0.00114	0.00484	0.01751	0.00200	0.00550
11	0.00898	0.01078	0.16799	0.01367	0.17586	0.02528	0.21449	0.06713	0.00920	0.03785	0.01022	0.16236	0.00950	0.00543	0.00485	0.00133	0.06239	0.00504	0.00241	0.00524
12	0.00522	0.00370	0.00490	0.00543	0.00572	0.00372	0.00371	0.00593	0.00693	0.00936	0.01731	0.46774	0.02000	0.21249	0.16864	0.00301	0.00426	0.04581	0.00305	0.00308
13	0.00955	0.11149	0.30093	0.06889	0.12457	0.03907	0.14118	0.10675	0.00976	0.01324	0.00829	0.00975	0.03122	0.00391	0.00381	0.00119	0.00531	0.00343	0.00209	0.00557
14	0.00937	0.04964	0.07838	0.07548	0.34368	0.07749	0.05680	0.01191	0.04440	0.05067	0.02246	0.06128	0.07536	0.00494	0.00400	0.00122	0.00454	0.02064	0.00242	0.00533

[dist]
# distance from previous block
# <min> <max>
13	17

[block]
# block no. 15 follows, 69 sequences, length 15
# corresponding to MSA columns:
# 649-663
name=unknown_P
#
# <colnr> <probs for GDERKNQSTAVLIFYWHMCP>
#	G	D	E	R	K	N	Q	S	T	A	V	L	I	F	Y	W	H	M	C	P
0	0.00494	0.00355	0.00473	0.00561	0.00594	0.00334	0.00391	0.00576	0.00772	0.01022	0.02210	0.74251	0.05199	0.01204	0.00504	0.00161	0.00241	0.09970	0.00364	0.00324
1	0.01859	0.13470	0.18588	0.00847	0.05361	0.00836	0.02074	0.05516	0.08081	0.06468	0.07134	0.08707	0.06338	0.01529	0.00409	0.00118	0.01822	0.00441	0.00279	0.10123
2	0.02865	0.08994	0.19595	0.01395	0.25596	0.00920	0.10577	0.05657	0.04097	0.04814	0.02603	0.09357	0.00871	0.00466	0.00391	0.00122	0.00463	0.00422	0.00240	0.00555
3	0.09645	0.00675	0.00880	0.00681	0.00979	0.00604	0.00562	0.01842	0.01081	0.76609	0.01456	0.01271	0.00921	0.00474	0.00381	0.00121	0.00331	0.00378	0.00463	0.00645
4	0.00540	0.00403	0.00504	0.00487	0.00587	0.00367	0.00370	0.00707	0.01052	0.01441	0.62088	0.03194	0.20301	0.00858	0.00467	0.00129	0.00198	0.05530	0.00413	0.00361
5	0.02303	0.25606	0.11845	0.04124	0.07763	0.02785	0.09802	0.08345	0.03071	0.04355	0.02776	0.09374	0.00890	0.03625	0.01589	0.00132	0.00456	0.00407	0.00241	0.00511
6	0.01034	0.21294	0.11294	0.01037	0.01361	0.06784	0.22237	0.01371	0.10833	0.08601	0.02098	0.01104	0.01787	0.00431	0.00429	0.00120	0.05250	0.02154	0.00245	0.00533
7	0.00731	0.00365	0.00365	0.00365	0.00457	0.00365	0.00274	0.00913	0.00822	0.01462	0.01279	0.01462	0.01005	0.00457	0.00274	0.00091	0.00183	0.00365	0.88399	0.00365
8	0.00522	0.00414	0.00473	0.00480	0.00587	0.00378	0.00357	0.00694	0.05386	0.01208	0.22700	0.18060	0.42471	0.00967	0.00469	0.00137	0.00212	0.03749	0.00382	0.00355
9	0.02177	0.09724	0.20980	0.08156	0.10516	0.08586	0.11078	0.02297	0.04463	0.03140	0.00856	0.06689	0.00740	0.03077	0.00488	0.00132	0.05786	0.00388	0.00215	0.00512
10	0.07344	0.00672	0.00874	0.00681	0.00968	0.00606	0.00560	0.04550	0.01116	0.70991	0.06352	0.01371	0.01087	0.00496	0.00388	0.00121	0.00326	0.00400	0.00463	0.00634
11	0.01688	0.00717	0.00934	0.00719	0.01017	0.00656	0.00593	0.12665	0.01218	0.70698	0.03877	0.01329	0.01010	0.00493	0.00396	0.00121	0.00342	0.00398	0.00471	0.00658
12	0.38788	0.00685	0.00722	0.04159	0.00897	0.00742	0.03456	0.11132	0.00909	0.07615	0.04231	0.14050	0.05116	0.00570	0.00347	0.00126	0.00316	0.00453	0.05235	0.00450
13	0.00889	0.12251	0.14245	0.04655	0.01207	0.08565	0.04125	0.01065	0.00744	0.02222	0.00698	0.02814	0.00627	0.00845	0.11810	0.00202	0.32046	0.00342	0.00188	0.00459
14	0.00851	0.01879	0.73392	0.01134	0.01684	0.00898	0.07469	0.01280	0.00851	0.05873	0.00757	0.00873	0.00530	0.00376	0.00380	0.00125	0.00572	0.00309	0.00186	0.00580

[dist]
# distance from previous block
# <min> <max>
0	1

[block]
# block no. 16 follows, 69 sequences, length 23
# corresponding to MSA columns:
# 665-687
name=unknown_Q
#
# <colnr> <probs for GDERKNQSTAVLIFYWHMCP>
#	G	D	E	R	K	N	Q	S	T	A	V	L	I	F	Y	W	H	M	C	P
0	0.00634	0.01766	0.00587	0.00538	0.00575	0.01639	0.01389	0.02468	0.00681	0.00922	0.09192	0.04721	0.03118	0.51415	0.07635	0.05000	0.06623	0.00549	0.00254	0.00293
1	0.01117	0.39034	0.08092	0.03255	0.03056	0.08833	0.08721	0.14527	0.02400	0.03066	0.00722	0.00822	0.00580	0.00388	0.00339	0.00956	0.00476	0.00288	0.02795	0.00533
2	0.00828	0.00701	0.02909	0.00637	0.00906	0.00594	0.02282	0.03844	0.08183	0.04739	0.08759	0.01428	0.07516	0.05149	0.00469	0.00106	0.03116	0.00381	0.00288	0.47162
3	0.00870	0.13629	0.17672	0.05158	0.06285	0.03563	0.03636	0.10517	0.00935	0.01243	0.03327	0.01415	0.13435	0.00768	0.08944	0.00173	0.07294	0.00407	0.00239	0.00489
4	0.00773	0.00550	0.00628	0.00608	0.00704	0.03313	0.00451	0.04234	0.19319	0.01181	0.05759	0.10037	0.03276	0.02213	0.00815	0.29831	0.00313	0.06769	0.08860	0.00365
5	0.00925	0.01058	0.02313	0.01652	0.02049	0.00991	0.82353	0.01256	0.00925	0.01256	0.00793	0.01058	0.00595	0.00330	0.00463	0.00132	0.00661	0.00463	0.00198	0.00529
6	0.00953	0.00934	0.01655	0.06659	0.69896	0.00935	0.10763	0.01199	0.00891	0.01263	0.00742	0.00984	0.00613	0.00349	0.00397	0.00119	0.00492	0.00363	0.00194	0.00600
7	0.00915	0.00881	0.09175	0.16224	0.10813	0.01941	0.07658	0.13947	0.02663	0.05251	0.03028	0.05796	0.07862	0.00579	0.00423	0.00132	0.00435	0.09684	0.02090	0.00504
8	0.00557	0.00366	0.00488	0.00560	0.00601	0.00342	0.00387	0.00634	0.00773	0.05354	0.02093	0.74010	0.02450	0.03988	0.00547	0.00166	0.00246	0.05738	0.00366	0.00337
9	0.00491	0.00359	0.00466	0.00545	0.00588	0.00333	0.00383	0.00575	0.00783	0.01025	0.02375	0.67648	0.12547	0.01185	0.00500	0.00158	0.00237	0.09113	0.00364	0.00324
10	0.02864	0.01045	0.13564	0.36474	0.24584	0.05159	0.02779	0.05158	0.00896	0.02754	0.00731	0.00967	0.00560	0.00382	0.00384	0.00123	0.00515	0.00336	0.00198	0.00526
11	0.01710	0.00714	0.00935	0.00720	0.01022	0.00650	0.00594	0.09745	0.03582	0.73717	0.01489	0.01300	0.00948	0.00485	0.00394	0.00121	0.00342	0.00392	0.00474	0.00666
12	0.01662	0.00660	0.00889	0.00688	0.00976	0.00580	0.00566	0.04241	0.01143	0.75481	0.07614	0.01441	0.01164	0.00508	0.00399	0.00121	0.00325	0.00416	0.00478	0.00645
13	0.01285	0.00988	0.01263	0.01043	0.05751	0.01091	0.08871	0.50804	0.01438	0.06451	0.00908	0.01008	0.00678	0.00646	0.06326	0.00161	0.09987	0.00369	0.00330	0.00602
14	0.00554	0.00375	0.00442	0.00457	0.00465	0.00375	0.00271	0.00572	0.00604	0.00808	0.01385	0.16781	0.01604	0.67728	0.05668	0.00354	0.00386	0.00656	0.00258	0.00257
15	0.80445	0.09087	0.00720	0.00531	0.00782	0.00945	0.00449	0.01154	0.00680	0.01678	0.00546	0.00636	0.00432	0.00361	0.00243	0.00118	0.00315	0.00212	0.00235	0.00432
16	0.00959	0.00924	0.01553	0.02272	0.75735	0.00958	0.01170	0.01178	0.00864	0.01248	0.00716	0.00959	0.00611	0.00382	0.00475	0.00122	0.08730	0.00349	0.00192	0.00602
17	0.11404	0.04998	0.02712	0.00678	0.00906	0.02548	0.00564	0.26286	0.02971	0.10889	0.09135	0.01271	0.01049	0.00721	0.08546	0.00163	0.00409	0.00376	0.13854	0.00517
18	0.00856	0.00600	0.00687	0.00602	0.00722	0.00632	0.00438	0.24275	0.01035	0.03437	0.10874	0.05100	0.03577	0.36045	0.09167	0.00277	0.00425	0.00531	0.00316	0.00404
19	0.02394	0.00431	0.00562	0.00573	0.00652	0.00420	0.02462	0.05115	0.00879	0.01208	0.15899	0.48040	0.09688	0.01165	0.06719	0.00181	0.00302	0.00877	0.02076	0.00358
20	0.00996	0.30384	0.13164	0.08180	0.05799	0.01073	0.03247	0.07983	0.05196	0.05630	0.00870	0.00978	0.03105	0.01810	0.00361	0.00108	0.00430	0.00309	0.00232	0.10144
21	0.04022	0.15778	0.03198	0.08560	0.08075	0.06800	0.01718	0.04124	0.05395	0.09224	0.03603	0.07642	0.06596	0.02242	0.07827	0.00168	0.00455	0.02100	0.01993	0.00478
22	0.00755	0.00626	0.00934	0.02437	0.16321	0.02206	0.05690	0.00923	0.02399	0.04593	0.02966	0.04468	0.07519	0.10611	0.26438	0.00311	0.06500	0.01698	0.02180	0.00426

[dist]
# distance from previous block
# <min> <max>
1	4

[block]
# block no. 17 follows, 69 sequences, length 18
# corresponding to MSA columns:
# 692-709
name=unknown_R
#
# <colnr> <probs for GDERKNQSTAVLIFYWHMCP>
#	G	D	E	R	K	N	Q	S	T	A	V	L	I	F	Y	W	H	M	C	P
0	0.01317	0.00840	0.00975	0.00745	0.01046	0.00828	0.00610	0.32528	0.03001	0.22893	0.01042	0.01034	0.00739	0.00433	0.00390	0.00104	0.03102	0.00333	0.03534	0.24507
1	0.01096	0.43226	0.17374	0.00934	0.04766	0.07368	0.05381	0.09708	0.00960	0.04876	0.00687	0.00774	0.00550	0.00368	0.00320	0.00102	0.00483	0.00271	0.00210	0.00545
2	0.02172	0.11393	0.22665	0.02053	0.07518	0.03825	0.06363	0.07766	0.01649	0.03168	0.02984	0.06252	0.08501	0.02862	0.02918	0.00143	0.04231	0.00423	0.00242	0.02870
3	0.00616	0.00401	0.00502	0.00497	0.00530	0.00414	0.00324	0.00662	0.00618	0.04497	0.01244	0.06107	0.01344	0.57013	0.23178	0.00423	0.00544	0.00549	0.00247	0.00289
4	0.00624	0.00444	0.00549	0.00519	0.00622	0.02228	0.00392	0.00797	0.01081	0.05154	0.69211	0.06361	0.06474	0.00812	0.00461	0.00126	0.00211	0.03132	0.00421	0.00381
5	0.02332	0.15234	0.13303	0.07473	0.17351	0.07945	0.07702	0.07397	0.08826	0.01278	0.00888	0.02853	0.02608	0.00427	0.00394	0.00118	0.02749	0.00354	0.00228	0.00542
6	0.04865	0.00547	0.00663	0.00658	0.00805	0.00558	0.00543	0.01136	0.16516	0.09214	0.12760	0.03123	0.11221	0.00841	0.00467	0.00150	0.00305	0.34803	0.00384	0.00440
7	0.00737	0.00413	0.00436	0.00431	0.00535	0.00417	0.00327	0.00985	0.07419	0.02904	0.04924	0.05235	0.04433	0.00550	0.00319	0.00104	0.00204	0.02871	0.66368	0.00388
