[name]
unknown

[dist]
# distance from previous block
# <min> <max>
0	35

[block]
# block no. 0 follows, 82 sequences, length 8
# corresponding to MSA columns:
# 35-39,42-44
name=unknown_A
#
# <colnr> <probs for GDERKNQSTAVLIFYWHMCP>
#	G	D	E	R	K	N	Q	S	T	A	V	L	I	F	Y	W	H	M	C	P
0	0.04098	0.08362	0.05512	0.00692	0.04067	0.00574	0.00594	0.04031	0.03132	0.06406	0.01425	0.02733	0.01456	0.03920	0.00457	0.00143	0.00332	0.51401	0.00286	0.00377
1	0.06425	0.00757	0.00903	0.00801	0.08497	0.00778	0.00599	0.33419	0.07083	0.26371	0.01004	0.01050	0.00724	0.00413	0.00334	0.00103	0.00330	0.03521	0.00333	0.06555
2	0.01231	0.00869	0.01000	0.05701	0.10543	0.05875	0.00673	0.45762	0.03109	0.18463	0.02753	0.00933	0.00683	0.00402	0.00342	0.00103	0.00374	0.00318	0.00320	0.00549
3	0.05588	0.00397	0.00473	0.00477	0.00526	0.00408	0.00330	0.08037	0.00661	0.00924	0.01229	0.25819	0.01373	0.30343	0.03352	0.12588	0.00305	0.06647	0.00249	0.00272
4	0.00758	0.00694	0.01078	0.30725	0.28489	0.04983	0.05709	0.00957	0.00797	0.04815	0.14605	0.01211	0.02908	0.00401	0.00354	0.00107	0.00393	0.00369	0.00212	0.00435
5	0.00976	0.01037	0.01104	0.05287	0.28812	0.27560	0.00802	0.08531	0.00856	0.01047	0.00639	0.04460	0.00566	0.00417	0.00477	0.00108	0.16374	0.00306	0.00189	0.00451
6	0.01180	0.07876	0.00856	0.00627	0.00847	0.07985	0.00511	0.16220	0.03536	0.37022	0.11082	0.05581	0.04189	0.00486	0.00344	0.00104	0.00316	0.00392	0.00348	0.00497
7	0.06418	0.00555	0.00776	0.08354	0.02696	0.00556	0.07997	0.06671	0.05623	0.16515	0.27901	0.05378	0.06725	0.01835	0.00388	0.00114	0.00285	0.00474	0.00320	0.00418

[dist]
# distance from previous block
# <min> <max>
0	3

[block]
# block no. 1 follows, 82 sequences, length 7
# corresponding to MSA columns:
# 48-54
name=unknown_B
#
# <colnr> <probs for GDERKNQSTAVLIFYWHMCP>
#	G	D	E	R	K	N	Q	S	T	A	V	L	I	F	Y	W	H	M	C	P
0	0.02450	0.08090	0.01228	0.09910	0.04966	0.06131	0.22478	0.03049	0.06064	0.03862	0.00730	0.03349	0.00597	0.00394	0.02294	0.00106	0.03133	0.00317	0.00203	0.20651
1	0.08232	0.00729	0.01203	0.13922	0.12853	0.04178	0.27322	0.04946	0.00777	0.01093	0.00924	0.20439	0.00893	0.00486	0.00370	0.00116	0.00416	0.00473	0.00213	0.00414
2	0.00665	0.00608	0.00995	0.34971	0.30402	0.00657	0.00819	0.00844	0.00711	0.00967	0.00908	0.20460	0.00895	0.00490	0.00359	0.00113	0.00373	0.00451	0.00197	0.04116
3	0.00981	0.03075	0.06029	0.00805	0.01053	0.12314	0.11412	0.22462	0.17805	0.04827	0.04952	0.01153	0.06938	0.00430	0.00346	0.00104	0.00388	0.00359	0.00280	0.04288
4	0.00851	0.00764	0.01001	0.00844	0.00911	0.00999	0.00699	0.19716	0.00771	0.01121	0.00572	0.00815	0.00513	0.00721	0.08094	0.00173	0.60519	0.00307	0.00196	0.00415
5	0.00862	0.00759	0.01143	0.36341	0.28589	0.00859	0.00904	0.19827	0.00915	0.01238	0.00660	0.00863	0.00511	0.00358	0.00379	0.00109	0.04701	0.00305	0.00200	0.00477
6	0.00738	0.21251	0.67175	0.00887	0.01345	0.00920	0.01111	0.01070	0.00716	0.01021	0.00583	0.00683	0.00435	0.00318	0.00301	0.00100	0.00474	0.00237	0.00145	0.00491

[dist]
# distance from previous block
# <min> <max>
0	3

[block]
# block no. 2 follows, 82 sequences, length 17
# corresponding to MSA columns:
# 58-74
name=unknown_C
#
# <colnr> <probs for GDERKNQSTAVLIFYWHMCP>
#	G	D	E	R	K	N	Q	S	T	A	V	L	I	F	Y	W	H	M	C	P
0	0.00646	0.00608	0.01026	0.87156	0.02356	0.00760	0.00950	0.00874	0.00684	0.00874	0.00608	0.00912	0.00456	0.00342	0.00342	0.00114	0.00456	0.00304	0.00152	0.00380
1	0.07884	0.00737	0.00870	0.00695	0.00894	0.00809	0.01970	0.35701	0.01135	0.16046	0.14435	0.01127	0.01014	0.00474	0.00454	0.00110	0.12800	0.00353	0.00319	0.02174
2	0.00814	0.00905	0.01917	0.01547	0.15271	0.00857	0.71200	0.01088	0.00803	0.01099	0.00684	0.00911	0.00523	0.00291	0.00393	0.00113	0.00549	0.00388	0.00172	0.00474
3	0.00620	0.00524	0.00680	0.14419	0.02313	0.00469	0.00478	0.00784	0.02777	0.01048	0.07155	0.18738	0.03620	0.00491	0.00324	0.00087	0.00268	0.00428	0.00237	0.44540
4	0.10581	0.02230	0.14742	0.00749	0.02864	0.02225	0.09980	0.10993	0.04532	0.10593	0.02353	0.08091	0.02210	0.15680	0.00583	0.00149	0.00370	0.00398	0.00251	0.00426
5	0.09917	0.04224	0.14052	0.00753	0.01798	0.02679	0.03219	0.18867	0.01692	0.06623	0.02118	0.00978	0.01516	0.08262	0.00603	0.00132	0.17897	0.00311	0.03917	0.00442
6	0.00638	0.00558	0.00933	0.73247	0.02050	0.00686	0.00845	0.00805	0.00646	0.00829	0.00606	0.00932	0.00478	0.00478	0.00502	0.14540	0.00431	0.00303	0.00151	0.00343
7	0.00957	0.00906	0.10755	0.09182	0.20214	0.01878	0.21483	0.08040	0.02113	0.15759	0.00785	0.00909	0.00574	0.00352	0.00391	0.00110	0.04534	0.00330	0.00226	0.00504
8	0.02259	0.00721	0.01097	0.18325	0.23699	0.02395	0.03142	0.01041	0.00712	0.14601	0.00688	0.00879	0.00542	0.00437	0.00590	0.02023	0.25887	0.00309	0.00201	0.00451
9	0.00451	0.00315	0.00405	0.00447	0.00481	0.00300	0.00303	0.00488	0.00624	0.00818	0.01815	0.47334	0.15218	0.10414	0.07893	0.11131	0.00281	0.00749	0.00274	0.00259
10	0.76031	0.00673	0.00546	0.00489	0.00698	0.00781	0.00398	0.01136	0.14160	0.01518	0.00623	0.00671	0.00479	0.00341	0.00234	0.00107	0.00266	0.00218	0.00234	0.00398
11	0.00454	0.00322	0.00408	0.00455	0.00497	0.00296	0.00309	0.00520	0.00676	0.02277	0.06288	0.61276	0.10619	0.10040	0.00562	0.00153	0.00212	0.02148	0.00308	0.02180
12	0.00445	0.00298	0.00405	0.00471	0.00488	0.00281	0.00314	0.00471	0.00621	0.00828	0.01678	0.73845	0.01995	0.01090	0.00581	0.14561	0.00214	0.00864	0.00290	0.00257
13	0.00687	0.01707	0.81591	0.00950	0.01444	0.00776	0.01218	0.01071	0.00722	0.01085	0.00614	0.00722	0.00437	0.00321	0.00321	0.00105	0.00492	0.00250	0.00148	0.05340
14	0.00847	0.00813	0.01388	0.02100	0.85844	0.00813	0.01050	0.01050	0.00779	0.01118	0.00643	0.00847	0.00542	0.00305	0.00339	0.00102	0.00406	0.00305	0.00169	0.00542
15	0.00809	0.02724	0.01276	0.05212	0.53922	0.00896	0.00941	0.00971	0.00693	0.01008	0.00577	0.00812	0.00507	0.00398	0.00581	0.00117	0.27612	0.00300	0.00162	0.00480
16	0.00877	0.00816	0.01392	0.01989	0.76977	0.00815	0.05049	0.03617	0.00811	0.03383	0.00670	0.00858	0.00550	0.00310	0.00342	0.00102	0.00411	0.00311	0.00181	0.00540

[dist]
# distance from previous block
# <min> <max>
0	3

[block]
# block no. 3 follows, 82 sequences, length 38
# corresponding to MSA columns:
# 78-115
name=unknown_D
#
# <colnr> <probs for GDERKNQSTAVLIFYWHMCP>
#	G	D	E	R	K	N	Q	S	T	A	V	L	I	F	Y	W	H	M	C	P
0	0.00638	0.00536	0.02445	0.03757	0.20376	0.00504	0.08209	0.00783	0.01564	0.05944	0.06132	0.43245	0.01552	0.00746	0.01815	0.00130	0.00311	0.00659	0.00269	0.00386
1	0.00639	0.00599	0.01007	0.84594	0.02301	0.00746	0.00931	0.00862	0.00683	0.00874	0.00646	0.03479	0.00509	0.00364	0.00345	0.00115	0.00448	0.00324	0.00157	0.00377
2	0.01481	0.00593	0.00814	0.00623	0.00889	0.00516	0.02097	0.01636	0.02856	0.80060	0.01316	0.01149	0.00835	0.00417	0.00343	0.00105	0.00295	0.00342	0.00410	0.03224
3	0.00865	0.10904	0.05762	0.21454	0.24109	0.06898	0.13962	0.01083	0.02050	0.07069	0.00726	0.00890	0.02049	0.00335	0.00335	0.00104	0.00446	0.00309	0.00186	0.00466
4	0.00913	0.75203	0.07013	0.00634	0.00925	0.03676	0.00637	0.02856	0.00718	0.00853	0.00492	0.00575	0.00442	0.00310	0.00265	0.00079	0.03619	0.00195	0.00151	0.00443
5	0.00579	0.00465	0.00682	0.03640	0.03070	0.00552	0.02409	0.00701	0.02219	0.02337	0.00862	0.01350	0.00827	0.15649	0.49016	0.00398	0.14358	0.00374	0.00188	0.00323
6	0.00886	0.01012	0.03526	0.07418	0.08105	0.22242	0.11101	0.01021	0.00708	0.00895	0.00531	0.00757	0.00463	0.00449	0.00688	0.00122	0.39213	0.00292	0.00161	0.00408
7	0.00914	0.00975	0.15375	0.08250	0.31039	0.05581	0.04244	0.10888	0.05290	0.07989	0.02337	0.01964	0.00657	0.00396	0.01433	0.00112	0.00424	0.01404	0.00222	0.00506
8	0.00839	0.00805	0.01375	0.05265	0.82737	0.00811	0.01046	0.01043	0.00775	0.01108	0.00642	0.00849	0.00539	0.00306	0.00339	0.00102	0.00408	0.00305	0.00169	0.00536
9	0.02629	0.03026	0.18057	0.04448	0.22282	0.00840	0.33968	0.04966	0.02304	0.01143	0.00698	0.02796	0.00552	0.00328	0.00359	0.00109	0.00482	0.00345	0.00180	0.00487
10	0.01144	0.10782	0.08645	0.07556	0.10988	0.11800	0.04346	0.02189	0.04520	0.33296	0.00909	0.00920	0.00638	0.00366	0.00326	0.00101	0.00399	0.00298	0.00270	0.00508
11	0.00805	0.00669	0.00953	0.07167	0.19077	0.00716	0.06372	0.01286	0.32648	0.06869	0.08951	0.01326	0.01061	0.01462	0.06877	0.00147	0.00375	0.02480	0.00277	0.00480
12	0.00419	0.00310	0.00393	0.00457	0.00498	0.00284	0.00315	0.00488	0.00683	0.00888	0.02181	0.68661	0.18030	0.01028	0.00432	0.00135	0.00198	0.03998	0.00317	0.00281
13	0.00845	0.00811	0.01334	0.07847	0.64897	0.03269	0.06522	0.01082	0.04543	0.02550	0.00713	0.02765	0.00596	0.00333	0.00345	0.00105	0.00415	0.00328	0.00184	0.00516
14	0.02528	0.00584	0.03106	0.18292	0.06973	0.02826	0.00589	0.03410	0.02464	0.21194	0.05455	0.17492	0.07146	0.02602	0.03672	0.00136	0.00341	0.00486	0.00285	0.00417
15	0.00419	0.00299	0.00396	0.00474	0.00493	0.00279	0.00315	0.00477	0.00651	0.00868	0.01865	0.85588	0.02237	0.03273	0.00470	0.00144	0.00202	0.00960	0.00315	0.00276
16	0.00723	0.00718	0.04048	0.55257	0.20837	0.00788	0.04264	0.04218	0.00742	0.00992	0.00630	0.00892	0.00489	0.00378	0.01904	0.00119	0.02096	0.00308	0.00164	0.00430
17	0.02563	0.02085	0.23806	0.09307	0.29632	0.00811	0.11631	0.07361	0.00813	0.02659	0.00732	0.02913	0.01945	0.00354	0.00357	0.00108	0.01921	0.00323	0.00185	0.00493
18	0.00783	0.00744	0.01259	0.18108	0.64905	0.00771	0.00986	0.00982	0.00756	0.01058	0.00746	0.04236	0.02449	0.00353	0.00344	0.00106	0.00403	0.00339	0.00175	0.00496
19	0.01378	0.00561	0.00752	0.00591	0.00830	0.00496	0.00483	0.01550	0.04584	0.72209	0.11552	0.01337	0.01143	0.00459	0.00351	0.00106	0.00275	0.00379	0.00414	0.00549
20	0.00756	0.00594	0.02828	0.07652	0.12881	0.00573	0.09212	0.08579	0.02385	0.10359	0.01292	0.36969	0.01320	0.00664	0.00390	0.00122	0.00324	0.02407	0.00279	0.00414
21	0.00910	0.21868	0.30095	0.00804	0.01120	0.18194	0.02395	0.07373	0.02482	0.02892	0.00714	0.05338	0.00613	0.01294	0.00325	0.00101	0.00455	0.02382	0.00191	0.00455
22	0.00729	0.00693	0.01170	0.48237	0.37137	0.00783	0.00978	0.00942	0.00718	0.00973	0.00624	0.00888	0.00498	0.00370	0.01826	0.00117	0.02406	0.00305	0.00160	0.00446
23	0.01278	0.01630	0.00969	0.00881	0.01058	0.86605	0.00661	0.01366	0.00969	0.00837	0.00529	0.00617	0.00441	0.00353	0.00308	0.00088	0.00617	0.00220	0.00176	0.00397
24	0.00736	0.00730	0.07305	0.00699	0.07499	0.00542	0.02516	0.02566	0.03070	0.01141	0.00639	0.00744	0.00520	0.00273	0.00273	0.00063	0.00295	0.00226	0.00202	0.69960
25	0.00915	0.88184	0.01793	0.00585	0.00878	0.01354	0.00585	0.01024	0.00695	0.00805	0.00476	0.00549	0.00439	0.00293	0.00219	0.00073	0.00366	0.00183	0.00146	0.00439
26	0.00686	0.01769	0.86206	0.00975	0.01481	0.00794	0.01264	0.01083	0.00722	0.01083	0.00614	0.00722	0.00433	0.00325	0.00325	0.00108	0.00506	0.00253	0.00144	0.00506
27	0.00496	0.00338	0.00405	0.00405	0.00416	0.00349	0.00247	0.00518	0.00507	0.00687	0.01049	0.02078	0.01174	0.72685	0.16939	0.00371	0.00436	0.00474	0.00203	0.00225
28	0.00613	0.00429	0.00598	0.00573	0.00656	0.02331	0.00449	0.01907	0.00610	0.08151	0.00933	0.01292	0.00832	0.02259	0.74196	0.00486	0.02782	0.00359	0.00205	0.00337
29	0.00560	0.00437	0.00550	0.00514	0.00523	0.00512	0.00356	0.00605	0.01977	0.00725	0.00925	0.01801	0.01024	0.58764	0.09361	0.00307	0.20167	0.00438	0.00194	0.00260
30	0.24486	0.00807	0.02043	0.00959	0.16711	0.07772	0.00667	0.04217	0.00730	0.13179	0.00642	0.00767	0.00506	0.00415	0.00521	0.00116	0.24529	0.00270	0.00218	0.00445
31	0.00551	0.00394	0.00551	0.00630	0.00709	0.00394	0.00551	0.00709	0.00787	0.01024	0.01811	0.03859	0.01969	0.00945	0.00472	0.00157	0.00315	0.83542	0.00315	0.00315
32	0.00598	0.00520	0.00584	0.00600	0.04466	0.04011	0.00445	0.00860	0.15518	0.01073	0.09670	0.05689	0.32395	0.00723	0.00444	0.00122	0.06320	0.12822	0.02778	0.00362
33	0.03103	0.01117	0.01002	0.16031	0.06077	0.33669	0.00720	0.24323	0.03581	0.03116	0.00670	0.00773	0.00514	0.00377	0.00354	0.00101	0.03511	0.00274	0.00228	0.00460
34	0.01048	0.00898	0.07783	0.15466	0.07495	0.03619	0.00743	0.38615	0.06913	0.07808	0.05532	0.00976	0.00739	0.00403	0.00343	0.00106	0.00385	0.00325	0.00284	0.00516
35	0.03027	0.02472	0.03170	0.14072	0.45766	0.01846	0.10513	0.03607	0.03843	0.03564	0.00680	0.00866	0.00542	0.00331	0.00367	0.00106	0.03418	0.00312	0.00186	0.01312
36	0.07611	0.00542	0.00618	0.00610	0.03912	0.01621	0.01365	0.07872	0.20643	0.01269	0.17586	0.21610	0.08024	0.03081	0.00413	0.00124	0.00249	0.02137	0.00318	0.00394
37	0.03849	0.19051	0.10231	0.06899	0.12626	0.03911	0.11689	0.03599	0.03498	0.01100	0.10392	0.01017	0.00837	0.00370	0.00326	0.00097	0.01158	0.01753	0.00203	0.07392

[dist]
# distance from previous block
# <min> <max>
9	24

[block]
# block no. 4 follows, 82 sequences, length 40
# corresponding to MSA columns:
# 140,143-181
name=unknown_E
#
# <colnr> <probs for GDERKNQSTAVLIFYWHMCP>
#	G	D	E	R	K	N	Q	S	T	A	V	L	I	F	Y	W	H	M	C	P
0	0.04880	0.02023	0.25249	0.00778	0.02193	0.01468	0.05477	0.16324	0.06113	0.12366	0.10369	0.01147	0.01733	0.03903	0.00395	0.00114	0.00372	0.00946	0.00268	0.03882
1	0.00536	0.06800	0.00591	0.00528	0.00586	0.00458	0.00399	0.00620	0.00669	0.02654	0.06940	0.41614	0.03931	0.08044	0.07489	0.00182	0.07740	0.08923	0.00987	0.00308
2	0.03695	0.13984	0.02503	0.00705	0.00954	0.03487	0.00591	0.31554	0.31430	0.01562	0.00941	0.00922	0.00710	0.00398	0.00316	0.00100	0.00336	0.00305	0.00295	0.05211
3	0.00785	0.07916	0.08328	0.00707	0.01729	0.06099	0.04814	0.05168	0.04148	0.06255	0.11780	0.08948	0.01186	0.00532	0.00425	0.00108	0.08775	0.09093	0.00255	0.12949
4	0.00868	0.35661	0.30452	0.00843	0.04528	0.01009	0.06045	0.06601	0.01911	0.05240	0.03435	0.00767	0.00576	0.00334	0.00294	0.00094	0.00417	0.00259	0.00185	0.00481
5	0.00818	0.00825	0.08529	0.01088	0.04700	0.00709	0.42311	0.01114	0.07156	0.10755	0.08949	0.05181	0.03739	0.00426	0.00386	0.00114	0.00434	0.02060	0.00245	0.00458
6	0.00520	0.00423	0.01982	0.00606	0.09414	0.00374	0.00409	0.00656	0.00848	0.02924	0.36705	0.11107	0.27520	0.00745	0.00401	0.00115	0.00210	0.04378	0.00326	0.00339
7	0.00837	0.00760	0.01300	0.13941	0.57632	0.00781	0.06657	0.02593	0.00781	0.04957	0.00703	0.00939	0.00575	0.00409	0.03414	0.00122	0.01296	0.01615	0.00184	0.00502
8	0.00464	0.00339	0.00428	0.00479	0.00524	0.00321	0.00332	0.04578	0.00732	0.00969	0.06390	0.69447	0.10405	0.00998	0.00428	0.00134	0.00205	0.02209	0.00322	0.00297
9	0.00521	0.00381	0.00511	0.00589	0.03410	0.00374	0.00431	0.04665	0.00759	0.01007	0.04753	0.47508	0.03463	0.02416	0.00461	0.00144	0.00252	0.27727	0.00313	0.00314
10	0.00816	0.00920	0.09091	0.07966	0.50394	0.05083	0.14223	0.01036	0.00767	0.01057	0.00661	0.00908	0.00551	0.04564	0.00414	0.00116	0.00453	0.00321	0.00169	0.00490
11	0.00866	0.00719	0.00772	0.00688	0.00877	0.00824	0.00537	0.08684	0.70099	0.02639	0.01337	0.04097	0.01034	0.00581	0.04537	0.00137	0.00309	0.00398	0.00340	0.00525
12	0.00792	0.00928	0.04727	0.07686	0.01819	0.00855	0.75740	0.01079	0.00796	0.01079	0.00683	0.00915	0.00512	0.00293	0.00397	0.00115	0.00566	0.00391	0.00171	0.00457
13	0.00946	0.76169	0.01720	0.00649	0.00932	0.09742	0.03943	0.01061	0.00727	0.00820	0.00489	0.00570	0.00442	0.00298	0.00236	0.00076	0.00399	0.00195	0.00150	0.00436
14	0.00756	0.00537	0.03440	0.00650	0.06719	0.00485	0.01818	0.11073	0.00890	0.14598	0.09859	0.22262	0.19622	0.03153	0.01275	0.00127	0.00269	0.01751	0.00320	0.00398
15	0.24291	0.01016	0.02576	0.06100	0.18500	0.27300	0.00676	0.01233	0.10016	0.04263	0.00669	0.00760	0.00525	0.00347	0.00297	0.00101	0.00420	0.00257	0.00210	0.00443
16	0.00501	0.00382	0.00563	0.00556	0.00615	0.00449	0.00433	0.00612	0.00555	0.00796	0.00987	0.01385	0.04212	0.02367	0.76828	0.02829	0.05065	0.00376	0.00186	0.00304
17	0.00448	0.00339	0.00413	0.00418	0.00496	0.00305	0.00306	0.00566	0.00846	0.01132	0.42889	0.20201	0.27527	0.00829	0.00411	0.00117	0.00175	0.01934	0.00346	0.00303
18	0.00808	0.02020	0.07501	0.41210	0.09846	0.05828	0.07962	0.05367	0.02806	0.06279	0.01595	0.01009	0.00597	0.03852	0.00401	0.00119	0.00444	0.01731	0.00195	0.00432
19	0.00766	0.00598	0.00714	0.00664	0.00797	0.00681	0.00532	0.03963	0.38321	0.05671	0.04920	0.05602	0.01257	0.00790	0.07807	0.01568	0.08797	0.15804	0.00309	0.00439
20	0.00689	0.00655	0.06476	0.04795	0.25565	0.00608	0.04526	0.00904	0.04214	0.02571	0.06494	0.09982	0.01231	0.00578	0.00414	0.00121	0.04292	0.19153	0.06316	0.00417
21	0.07334	0.00564	0.00877	0.57800	0.02979	0.00665	0.02132	0.01676	0.00707	0.02856	0.04273	0.12025	0.03816	0.00466	0.00350	0.00116	0.00384	0.00410	0.00201	0.00371
22	0.00871	0.00966	0.08430	0.02047	0.01093	0.19361	0.17633	0.06606	0.11889	0.04361	0.08123	0.08761	0.07364	0.00488	0.00365	0.00109	0.00416	0.00430	0.00255	0.00432
23	0.00787	0.00576	0.00752	0.12950	0.10559	0.04363	0.01285	0.04446	0.04107	0.14587	0.15625	0.07125	0.15383	0.00585	0.00375	0.00113	0.00302	0.05368	0.00299	0.00412
24	0.02188	0.04452	0.56694	0.00819	0.01206	0.02126	0.00972	0.02675	0.02147	0.06247	0.10275	0.02745	0.05161	0.00417	0.00336	0.00107	0.00418	0.00336	0.00208	0.00470
25	0.00923	0.00641	0.03200	0.16821	0.08596	0.03441	0.00643	0.08036	0.03380	0.22990	0.02286	0.18019	0.01088	0.00563	0.00381	0.00117	0.01611	0.06525	0.00293	0.00447
26	0.04090	0.00852	0.01230	0.17947	0.42805	0.07725	0.05640	0.11227	0.00877	0.03387	0.00664	0.00840	0.00523	0.00331	0.00337	0.00104	0.00431	0.00301	0.00196	0.00495
27	0.00819	0.02600	0.12877	0.06079	0.60517	0.00812	0.07099	0.01052	0.00772	0.02229	0.01554	0.00855	0.00552	0.00314	0.00340	0.00104	0.00430	0.00306	0.00171	0.00519
28	0.00486	0.00368	0.00426	0.02951	0.00566	0.00330	0.00327	0.01630	0.00812	0.04021	0.16233	0.11858	0.52094	0.00829	0.00407	0.00119	0.00198	0.05707	0.00326	0.00311
29	0.03297	0.11019	0.43189	0.09095	0.04364	0.05073	0.04448	0.01877	0.03099	0.06226	0.00655	0.00768	0.00486	0.00346	0.00355	0.00106	0.04677	0.00267	0.00176	0.00477
30	0.04462	0.00776	0.03454	0.34607	0.32181	0.02341	0.10030	0.02373	0.00750	0.02598	0.00636	0.00864	0.00498	0.00331	0.00361	0.00109	0.02692	0.00308	0.00171	0.00457
31	0.01391	0.01410	0.02343	0.00605	0.04438	0.00375	0.03150	0.00619	0.02273	0.02088	0.04441	0.61733	0.03347	0.00921	0.00419	0.00133	0.00239	0.07746	0.02013	0.00318
32	0.00807	0.01082	0.24996	0.01441	0.32682	0.00809	0.18035	0.05389	0.03101	0.02010	0.03701	0.00939	0.00638	0.00344	0.00362	0.00108	0.01473	0.01390	0.00188	0.00505
33	0.05764	0.03214	0.18652	0.01943	0.06541	0.04667	0.12825	0.24613	0.01025	0.13709	0.00796	0.00890	0.00578	0.00371	0.00347	0.00106	0.01433	0.01757	0.00254	0.00514
34	0.03800	0.04101	0.21254	0.14713	0.06681	0.06162	0.15848	0.09729	0.06635	0.05673	0.00742	0.01851	0.00558	0.00352	0.00340	0.00108	0.00454	0.00312	0.00208	0.00478
35	0.00526	0.00365	0.00475	0.00526	0.02349	0.00349	0.00366	0.00668	0.05960	0.05495	0.12218	0.56433	0.06791	0.00920	0.00420	0.00131	0.00212	0.05144	0.00329	0.00324
36	0.04302	0.01564	0.01868	0.04741	0.02399	0.02403	0.02412	0.03882	0.04239	0.06429	0.06993	0.04541	0.03141	0.00596	0.00718	0.00133	0.40359	0.08657	0.00229	0.00394
37	0.03644	0.01336	0.01905	0.00506	0.00592	0.00437	0.00376	0.07058	0.04291	0.01007	0.02570	0.32464	0.05108	0.19395	0.05727	0.00193	0.00305	0.07452	0.01190	0.04445
38	0.08092	0.00569	0.01900	0.00758	0.08129	0.00556	0.09024	0.05334	0.07261	0.08875	0.05890	0.21372	0.12235	0.01523	0.00401	0.00122	0.01090	0.06176	0.00293	0.00400
39	0.06027	0.35166	0.09563	0.02259	0.04003	0.02445	0.04717	0.12818	0.00882	0.10848	0.05242	0.00893	0.03033	0.00368	0.00292	0.00093	0.00368	0.00282	0.00229	0.00471

[dist]
# distance from previous block
# <min> <max>
51	140

[block]
# block no. 5 follows, 82 sequences, length 7
# corresponding to MSA columns:
# 365-371
name=unknown_F
#
# <colnr> <probs for GDERKNQSTAVLIFYWHMCP>
#	G	D	E	R	K	N	Q	S	T	A	V	L	I	F	Y	W	H	M	C	P
0	0.00924	0.03062	0.11126	0.08775	0.24341	0.00758	0.09109	0.10079	0.04525	0.14162	0.02212	0.04250	0.02982	0.00404	0.00351	0.00108	0.00393	0.01692	0.00245	0.00500
1	0.01039	0.02408	0.03379	0.09135	0.13856	0.00708	0.12577	0.09548	0.06297	0.27397	0.06176	0.04179	0.00881	0.00415	0.00356	0.00108	0.00368	0.00376	0.00292	0.00506
2	0.00573	0.00512	0.00790	0.42666	0.01454	0.00618	0.00682	0.00718	0.00657	0.00869	0.01137	0.29908	0.04792	0.00643	0.00483	0.00127	0.12272	0.00544	0.00214	0.00341
3	0.00620	0.00555	0.02286	0.09964	0.10739	0.00547	0.09243	0.00861	0.09705	0.02797	0.04772	0.16349	0.17456	0.00749	0.04914	0.00143	0.00345	0.07307	0.00265	0.00384
4	0.02929	0.18045	0.18285	0.02811	0.20533	0.03019	0.10233	0.03495	0.05282	0.03888	0.02882	0.03093	0.00659	0.00366	0.00336	0.00103	0.01860	0.01508	0.00195	0.00479
5	0.00775	0.00660	0.01170	0.54903	0.05525	0.00734	0.15935	0.01000	0.00755	0.10408	0.04271	0.01008	0.00630	0.00355	0.00356	0.00113	0.00445	0.00340	0.00196	0.00422
6	0.00722	0.06266	0.54222	0.00873	0.02818	0.00769	0.00992	0.01007	0.00707	0.05602	0.03162	0.05424	0.00674	0.02969	0.03608	0.00134	0.09093	0.00319	0.00180	0.00461

[dist]
# distance from previous block
# <min> <max>
0	7

[block]
# block no. 6 follows, 82 sequences, length 11
# corresponding to MSA columns:
# 379-389
name=unknown_G
#
# <colnr> <probs for GDERKNQSTAVLIFYWHMCP>
#	G	D	E	R	K	N	Q	S	T	A	V	L	I	F	Y	W	H	M	C	P
0	0.02373	0.04218	0.16738	0.16118	0.03694	0.04191	0.28556	0.09694	0.02900	0.02814	0.01964	0.00872	0.00549	0.00344	0.00379	0.00110	0.03503	0.00326	0.00193	0.00464
1	0.03764	0.00962	0.21053	0.13396	0.35955	0.00752	0.04668	0.01038	0.02876	0.04512	0.02097	0.01016	0.05689	0.00363	0.00340	0.00107	0.00414	0.00326	0.00189	0.00485
2	0.00465	0.00347	0.00451	0.00505	0.00556	0.00336	0.00381	0.00557	0.00711	0.00929	0.04652	0.44132	0.15054	0.03707	0.00501	0.00146	0.02700	0.23268	0.00310	0.00292
3	0.00828	0.21359	0.35401	0.00868	0.01226	0.04677	0.11086	0.07508	0.03914	0.02288	0.04001	0.00863	0.02053	0.00395	0.02018	0.00109	0.00454	0.00289	0.00189	0.00474
4	0.00572	0.00425	0.00550	0.04324	0.03473	0.00429	0.00437	0.01938	0.06856	0.04648	0.05722	0.27400	0.20636	0.00838	0.00469	0.03305	0.03152	0.14186	0.00303	0.00337
5	0.00847	0.03824	0.04505	0.08891	0.23650	0.06011	0.35689	0.05006	0.03705	0.01125	0.02941	0.00915	0.00602	0.00325	0.00362	0.00108	0.00484	0.00346	0.00188	0.00477
6	0.00738	0.00712	0.01130	0.47954	0.27122	0.04372	0.03979	0.02651	0.00746	0.00980	0.00700	0.06106	0.00595	0.00375	0.00348	0.00111	0.00435	0.00345	0.00173	0.00430
7	0.03396	0.07852	0.20520	0.00736	0.01867	0.02487	0.02349	0.04678	0.02602	0.24602	0.02710	0.08545	0.03938	0.00528	0.02219	0.00121	0.08670	0.01444	0.00267	0.00469
8	0.02236	0.00455	0.00699	0.06740	0.17539	0.00452	0.03326	0.00664	0.00708	0.00974	0.05897	0.51226	0.03384	0.00802	0.00404	0.00127	0.00272	0.03471	0.00273	0.00349
9	0.00658	0.00522	0.02054	0.04982	0.07745	0.00512	0.05951	0.03905	0.04089	0.04589	0.03270	0.12690	0.02985	0.00761	0.00427	0.00138	0.00329	0.43728	0.00292	0.00374
10	0.11046	0.17702	0.06044	0.01036	0.20513	0.09049	0.05819	0.02674	0.06147	0.15708	0.00754	0.00814	0.00570	0.00341	0.00303	0.00098	0.00390	0.00275	0.00227	0.00490

[dist]
# distance from previous block
# <min> <max>
9	61

[block]
# block no. 7 follows, 82 sequences, length 7
# corresponding to MSA columns:
# 467-473
name=unknown_H
#
# <colnr> <probs for GDERKNQSTAVLIFYWHMCP>
#	G	D	E	R	K	N	Q	S	T	A	V	L	I	F	Y	W	H	M	C	P
0	0.00750	0.00755	0.06662	0.11370	0.52442	0.00710	0.00899	0.00952	0.03210	0.01049	0.04252	0.06563	0.00766	0.00452	0.00428	0.07346	0.00382	0.00359	0.00187	0.00463
1	0.00610	0.00339	0.00434	0.00419	0.00455	0.00325	0.00276	0.00569	0.00549	0.07541	0.01191	0.01775	0.11403	0.33386	0.01292	0.38276	0.00294	0.00428	0.00213	0.00223
2	0.00778	0.00813	0.09054	0.11779	0.36608	0.01992	0.07280	0.02414	0.03995	0.02834	0.02402	0.01279	0.01976	0.00419	0.00379	0.00112	0.02885	0.09586	0.02946	0.00468
3	0.00711	0.00563	0.00793	0.10907	0.15521	0.02572	0.02278	0.05101	0.02669	0.06383	0.17104	0.02741	0.05505	0.08302	0.11359	0.00183	0.00398	0.03883	0.00257	0.02770
4	0.00671	0.02372	0.18342	0.29121	0.09861	0.00724	0.12598	0.00915	0.00749	0.01029	0.10327	0.03467	0.03289	0.00420	0.00382	0.00113	0.03084	0.01922	0.00192	0.00421
5	0.00726	0.03046	0.07904	0.55241	0.08686	0.05201	0.00892	0.03034	0.05774	0.00962	0.00678	0.00949	0.00536	0.04514	0.00402	0.00120	0.00443	0.00307	0.00173	0.00412
6	0.00777	0.06532	0.09747	0.25624	0.45140	0.00834	0.04490	0.01004	0.00743	0.01025	0.00622	0.00836	0.00499	0.00316	0.00333	0.00104	0.00435	0.00296	0.00161	0.00483

[dist]
# distance from previous block
# <min> <max>
0	5

# created by:
# /home/simao/soft/augustus-3.0.3/scripts/msa2prfl.pl ./prep/101066.aln
