[name]
unknown

[dist]
# distance from previous block
# <min> <max>
0	268

[block]
# block no. 0 follows, 81 sequences, length 26
# corresponding to MSA columns:
# 275-300
name=unknown_A
#
# <colnr> <probs for GDERKNQSTAVLIFYWHMCP>
#	G	D	E	R	K	N	Q	S	T	A	V	L	I	F	Y	W	H	M	C	P
0	0.00949	0.25494	0.29974	0.00746	0.01082	0.00895	0.00797	0.10842	0.00866	0.15165	0.00853	0.06872	0.00700	0.00417	0.00316	0.00102	0.00393	0.02813	0.00234	0.00492
1	0.00781	0.03755	0.12309	0.01124	0.01426	0.00807	0.46390	0.08435	0.00819	0.01128	0.00740	0.00972	0.00586	0.00781	0.18122	0.00203	0.00619	0.00365	0.00188	0.00449
2	0.06078	0.03958	0.33780	0.00848	0.01202	0.10819	0.04621	0.15417	0.00956	0.17898	0.00783	0.00816	0.00546	0.00363	0.00327	0.00105	0.00444	0.00280	0.00244	0.00514
3	0.03184	0.10446	0.10150	0.10902	0.37102	0.03408	0.00879	0.04720	0.00785	0.03795	0.00704	0.00877	0.01652	0.00502	0.06862	0.00135	0.00451	0.00292	0.00185	0.02969
4	0.00756	0.00562	0.00654	0.00608	0.00730	0.04275	0.03062	0.15234	0.08439	0.07628	0.03433	0.41967	0.05302	0.02666	0.01565	0.00135	0.00288	0.01982	0.00322	0.00393
5	0.00513	0.00375	0.00474	0.00509	0.00571	0.00359	0.00364	0.06906	0.00772	0.01036	0.07627	0.63256	0.05015	0.00958	0.00426	0.00132	0.00221	0.06424	0.00322	0.03741
6	0.02313	0.21606	0.43264	0.00917	0.01320	0.00957	0.12050	0.07870	0.02232	0.03451	0.00646	0.00742	0.00483	0.00328	0.00314	0.00102	0.00463	0.00267	0.00179	0.00496
7	0.03657	0.17758	0.32039	0.07422	0.01322	0.04174	0.12091	0.04772	0.05413	0.01077	0.00710	0.04002	0.00584	0.03099	0.00367	0.00112	0.00450	0.00307	0.00183	0.00461
8	0.01309	0.00597	0.00836	0.00651	0.00893	0.00545	0.06851	0.05955	0.03330	0.59423	0.01316	0.04363	0.02272	0.00447	0.00346	0.00106	0.00301	0.00378	0.09548	0.00534
9	0.00536	0.00396	0.00556	0.00536	0.00632	0.00363	0.07270	0.00654	0.02552	0.05965	0.04178	0.45235	0.24137	0.00880	0.00416	0.00127	0.00232	0.02178	0.02830	0.00326
10	0.13496	0.00818	0.00903	0.09133	0.01086	0.14166	0.09597	0.09367	0.09030	0.14277	0.03014	0.06284	0.04127	0.00445	0.00336	0.00108	0.00379	0.00368	0.02618	0.00448
11	0.00856	0.03871	0.03266	0.00586	0.00748	0.10271	0.00474	0.03681	0.09074	0.16665	0.34784	0.04121	0.06974	0.00575	0.00387	0.00108	0.02326	0.00477	0.00336	0.00419
12	0.00504	0.00358	0.00439	0.00415	0.00510	0.00322	0.00312	0.00648	0.00922	0.03583	0.60107	0.02676	0.23201	0.00729	0.00400	0.00110	0.00169	0.00632	0.03639	0.00325
13	0.03735	0.00782	0.01219	0.27429	0.41362	0.04581	0.04920	0.03348	0.00799	0.07521	0.00690	0.00883	0.00534	0.00333	0.00341	0.00107	0.00429	0.00308	0.00192	0.00486
14	0.00817	0.00762	0.01353	0.05264	0.06265	0.01680	0.36149	0.05650	0.02184	0.06488	0.13461	0.01255	0.04324	0.00441	0.00490	0.00118	0.12205	0.00416	0.00235	0.00442
15	0.07577	0.00905	0.05511	0.04581	0.01660	0.00831	0.66636	0.01060	0.00778	0.01117	0.00715	0.03341	0.00565	0.00380	0.02643	0.00128	0.00549	0.00396	0.00180	0.00448
16	0.03891	0.00742	0.03365	0.00660	0.00892	0.00748	0.00546	0.28901	0.18473	0.21164	0.04726	0.03262	0.10086	0.00500	0.00354	0.00110	0.00304	0.00403	0.00354	0.00521
17	0.03122	0.00533	0.00647	0.00574	0.00665	0.04311	0.05533	0.04759	0.03997	0.04781	0.14440	0.06202	0.05135	0.30712	0.00914	0.00193	0.07273	0.03268	0.02610	0.00331
18	0.00620	0.00643	0.05303	0.00894	0.01066	0.00579	0.32032	0.00774	0.00712	0.00965	0.02251	0.32434	0.04360	0.00713	0.00530	0.06947	0.05265	0.03317	0.00235	0.00359
19	0.00542	0.00395	0.00533	0.00602	0.00682	0.00392	0.00513	0.00709	0.03123	0.01024	0.01956	0.11095	0.08575	0.00946	0.00465	0.00153	0.00295	0.67362	0.00319	0.00319
20	0.00814	0.00886	0.05863	0.16614	0.42783	0.08731	0.10361	0.01022	0.00778	0.01036	0.00732	0.07434	0.00646	0.00377	0.00354	0.00108	0.00448	0.00359	0.00179	0.00474
21	0.00701	0.00634	0.01040	0.47668	0.17774	0.00742	0.03531	0.00905	0.00706	0.00985	0.00708	0.01031	0.00577	0.00385	0.00407	0.00113	0.07985	0.02913	0.10787	0.00408
22	0.00722	0.04334	0.01510	0.00431	0.00531	0.03651	0.00341	0.04690	0.00752	0.02337	0.01017	0.01238	0.00829	0.04957	0.00398	0.01089	0.05538	0.00996	0.64296	0.00344
23	0.00454	0.00341	0.00475	0.00602	0.06968	0.00322	0.00375	0.00525	0.00674	0.00902	0.01852	0.78775	0.04397	0.01018	0.00433	0.00137	0.00216	0.00924	0.00309	0.00301
24	0.03400	0.44200	0.19479	0.00732	0.01055	0.07605	0.02990	0.06011	0.02792	0.06952	0.01541	0.00706	0.00524	0.00332	0.00277	0.00090	0.00413	0.00237	0.00191	0.00473
25	0.02313	0.00940	0.07813	0.02393	0.35599	0.05865	0.17668	0.06310	0.07604	0.04071	0.00769	0.03072	0.00619	0.00362	0.00378	0.00109	0.03058	0.00342	0.00208	0.00507

[dist]
# distance from previous block
# <min> <max>
0	2

[block]
# block no. 1 follows, 81 sequences, length 19
# corresponding to MSA columns:
# 303-321
name=unknown_B
#
# <colnr> <probs for GDERKNQSTAVLIFYWHMCP>
#	G	D	E	R	K	N	Q	S	T	A	V	L	I	F	Y	W	H	M	C	P
0	0.25815	0.10115	0.02687	0.10275	0.02869	0.18242	0.03323	0.03013	0.00761	0.01808	0.00714	0.01094	0.00642	0.00422	0.00336	0.00108	0.03798	0.11117	0.00205	0.02654
1	0.00792	0.02579	0.18574	0.07913	0.44808	0.03911	0.07172	0.01034	0.00764	0.01069	0.02025	0.00886	0.00575	0.00467	0.05841	0.00134	0.00483	0.00308	0.00169	0.00496
2	0.00463	0.00340	0.00439	0.00502	0.00546	0.00327	0.00360	0.00581	0.04393	0.00939	0.03828	0.61681	0.07534	0.03201	0.00473	0.00145	0.00222	0.13409	0.00320	0.00298
3	0.00545	0.00373	0.00521	0.00584	0.00647	0.00369	0.00485	0.00654	0.00749	0.00985	0.07018	0.11648	0.01917	0.00983	0.00583	0.11907	0.00294	0.59145	0.00300	0.00293
4	0.00871	0.55492	0.23853	0.00738	0.01087	0.05375	0.03821	0.01065	0.00727	0.00908	0.00531	0.00622	0.00447	0.00306	0.00262	0.00085	0.00423	0.00214	0.00151	0.03022
5	0.06425	0.00634	0.00811	0.00625	0.00891	0.00584	0.00517	0.10689	0.01036	0.72143	0.01256	0.01104	0.00799	0.00420	0.00340	0.00107	0.00302	0.00335	0.00407	0.00576
6	0.00458	0.00350	0.00489	0.11807	0.00755	0.00351	0.00411	0.00549	0.00687	0.00904	0.03753	0.65136	0.07371	0.00958	0.00427	0.00136	0.00237	0.04622	0.00300	0.00298
7	0.00841	0.00825	0.01461	0.05908	0.71941	0.00825	0.10964	0.01058	0.00786	0.01115	0.00654	0.00867	0.00541	0.00308	0.00350	0.00105	0.00433	0.00320	0.00171	0.00530
8	0.00825	0.00749	0.00906	0.00782	0.00833	0.07338	0.00641	0.05699	0.00673	0.02975	0.00629	0.00860	0.00551	0.00533	0.00840	0.00129	0.57282	0.00302	0.17066	0.00386
9	0.05260	0.00534	0.00667	0.00549	0.00747	0.00506	0.00442	0.05015	0.05244	0.45587	0.12311	0.01393	0.03031	0.00574	0.04588	0.00126	0.00289	0.00383	0.12268	0.00486
10	0.01224	0.00909	0.01125	0.00856	0.01130	0.00975	0.11600	0.64655	0.01436	0.07328	0.00893	0.04670	0.00671	0.00429	0.00358	0.00107	0.00393	0.00355	0.00327	0.00558
11	0.00883	0.02922	0.00804	0.00685	0.00859	0.21268	0.05526	0.05239	0.24878	0.02594	0.02703	0.03797	0.12049	0.00499	0.00341	0.00105	0.00353	0.02072	0.11995	0.00428
12	0.00523	0.00372	0.00500	0.00572	0.02024	0.00368	0.00441	0.00628	0.00703	0.00923	0.01654	0.19451	0.01853	0.20841	0.00761	0.00195	0.00301	0.47309	0.00291	0.00290
13	0.00429	0.00307	0.00408	0.00476	0.00503	0.00286	0.00321	0.00501	0.00698	0.00940	0.11489	0.77884	0.02397	0.01039	0.00437	0.00137	0.00196	0.00941	0.00328	0.00286
14	0.19360	0.01007	0.11966	0.00751	0.02985	0.14342	0.00652	0.16749	0.10177	0.11042	0.00870	0.01019	0.00675	0.00414	0.00319	0.00108	0.00386	0.05580	0.01119	0.00479
15	0.00687	0.01585	0.70657	0.00914	0.01344	0.04962	0.01121	0.01028	0.00733	0.01054	0.00784	0.12099	0.00680	0.00428	0.00342	0.00112	0.00476	0.00349	0.00170	0.00475
16	0.12200	0.00359	0.00432	0.00494	0.00546	0.00358	0.00353	0.00576	0.00666	0.00986	0.01710	0.67221	0.02003	0.00969	0.00415	0.00138	0.00222	0.09749	0.00306	0.00297
17	0.12386	0.00621	0.00967	0.75697	0.02155	0.00768	0.00883	0.00900	0.00677	0.00970	0.00597	0.00874	0.00449	0.00342	0.00328	0.00114	0.00435	0.00291	0.00161	0.00382
18	0.00950	0.00929	0.00829	0.00762	0.02635	0.18978	0.00576	0.04577	0.59571	0.01319	0.01262	0.01197	0.03974	0.00454	0.00345	0.00110	0.00350	0.00363	0.00310	0.00508

[dist]
# distance from previous block
# <min> <max>
5	7

[block]
# block no. 2 follows, 81 sequences, length 23
# corresponding to MSA columns:
# 330-334,345-353,355-363
name=unknown_C
#
# <colnr> <probs for GDERKNQSTAVLIFYWHMCP>
#	G	D	E	R	K	N	Q	S	T	A	V	L	I	F	Y	W	H	M	C	P
0	0.00549	0.00410	0.00588	0.00571	0.00647	0.00475	0.00447	0.06248	0.00627	0.00894	0.00919	0.01322	0.00845	0.02445	0.80711	0.00525	0.00889	0.00366	0.00196	0.00327
1	0.00547	0.00456	0.00584	0.00578	0.00647	0.06204	0.00448	0.00668	0.00584	0.00805	0.00899	0.01308	0.00836	0.02441	0.80709	0.00524	0.00905	0.00360	0.00185	0.00315
2	0.00664	0.01513	0.68205	0.10837	0.01504	0.00750	0.01150	0.01017	0.00727	0.01063	0.03018	0.06632	0.00641	0.00391	0.00340	0.00112	0.00475	0.00320	0.00165	0.00476
3	0.00449	0.00337	0.00450	0.00508	0.00534	0.00338	0.00355	0.00517	0.00671	0.00901	0.04622	0.73776	0.05008	0.01027	0.00486	0.00140	0.06040	0.03239	0.00311	0.00290
4	0.00494	0.00369	0.00548	0.00548	0.00607	0.00428	0.00423	0.00612	0.00553	0.00797	0.00932	0.01394	0.00879	0.06038	0.83065	0.00546	0.00901	0.00375	0.00186	0.00304
5	0.00540	0.00396	0.00522	0.00569	0.00658	0.00385	0.00483	0.02332	0.00834	0.01086	0.12772	0.03578	0.15186	0.00900	0.00455	0.00145	0.00277	0.58236	0.00327	0.00320
6	0.01077	0.10629	0.00881	0.00665	0.04245	0.00616	0.02788	0.08114	0.00931	0.37674	0.06811	0.12434	0.06871	0.00558	0.00360	0.00110	0.00295	0.04120	0.00343	0.00478
7	0.00501	0.00392	0.00448	0.00422	0.00532	0.00362	0.00320	0.04057	0.04272	0.01218	0.42119	0.02789	0.39779	0.00760	0.00403	0.00112	0.00182	0.00649	0.00351	0.00330
8	0.00739	0.00553	0.00620	0.00563	0.00669	0.00606	0.00416	0.15860	0.19685	0.01173	0.01154	0.01808	0.01102	0.36160	0.06348	0.00234	0.01709	0.07115	0.03112	0.00374
9	0.00962	0.66302	0.01603	0.00663	0.00915	0.13681	0.00614	0.01088	0.02830	0.00835	0.00509	0.00599	0.00460	0.00334	0.00312	0.00083	0.07414	0.00205	0.00158	0.00434
10	0.03797	0.01274	0.43835	0.00859	0.02751	0.00781	0.00930	0.17628	0.00967	0.22587	0.00844	0.00858	0.00572	0.00369	0.00333	0.00107	0.00421	0.00288	0.00258	0.00542
11	0.00426	0.00304	0.00407	0.00487	0.00509	0.00285	0.00330	0.00490	0.00666	0.00888	0.01901	0.84478	0.02274	0.01077	0.00442	0.00141	0.00205	0.04088	0.00321	0.00282
12	0.00835	0.00780	0.06385	0.27622	0.01514	0.00816	0.14009	0.12657	0.03789	0.05316	0.00760	0.01956	0.00586	0.00405	0.00460	0.00115	0.12980	0.00334	0.08238	0.00441
13	0.00677	0.00613	0.00773	0.03545	0.00803	0.04409	0.00567	0.00862	0.08368	0.00936	0.02892	0.02338	0.05016	0.02128	0.22934	0.00242	0.34738	0.00367	0.07430	0.00363
14	0.00424	0.00302	0.00400	0.00477	0.00497	0.00282	0.00317	0.00482	0.00656	0.00875	0.01876	0.84682	0.02249	0.04083	0.00486	0.00147	0.00205	0.00965	0.00317	0.00278
15	0.02591	0.04824	0.38569	0.00865	0.01239	0.00935	0.02025	0.34978	0.07060	0.02488	0.00762	0.00807	0.00547	0.00372	0.00332	0.00106	0.00429	0.00286	0.00246	0.00539
16	0.00756	0.03800	0.00728	0.00603	0.00744	0.03270	0.04188	0.10169	0.08721	0.08482	0.30395	0.14913	0.06195	0.00650	0.00412	0.00115	0.03268	0.01854	0.00333	0.00403
17	0.00594	0.00520	0.00635	0.00608	0.00663	0.07448	0.00467	0.00693	0.00580	0.00794	0.00851	0.01326	0.00822	0.12345	0.58058	0.00438	0.12299	0.00365	0.00183	0.00313
18	0.00424	0.00302	0.00400	0.00477	0.00496	0.00283	0.00316	0.00482	0.00655	0.00874	0.01872	0.84313	0.02245	0.04458	0.00492	0.00148	0.00206	0.00963	0.00316	0.00278
19	0.00641	0.00533	0.00699	0.05781	0.12138	0.00562	0.00527	0.03002	0.21302	0.01183	0.17729	0.17161	0.08461	0.01545	0.04775	0.00143	0.00298	0.02812	0.00303	0.00406
20	0.00835	0.34492	0.41956	0.00859	0.01257	0.03917	0.07686	0.01099	0.00742	0.03372	0.00591	0.00688	0.00459	0.00317	0.00294	0.00096	0.00460	0.00242	0.00158	0.00480
21	0.04336	0.04396	0.40416	0.00884	0.03268	0.14971	0.00920	0.17149	0.00949	0.05062	0.00689	0.00763	0.00504	0.00355	0.00319	0.00102	0.00464	0.00264	0.03692	0.00497
22	0.00642	0.00577	0.00729	0.00655	0.00671	0.03523	0.00500	0.00697	0.00554	0.00786	0.02924	0.01467	0.02923	0.33073	0.08535	0.00249	0.40602	0.00398	0.00186	0.00307

[dist]
# distance from previous block
# <min> <max>
1	31

[block]
# block no. 3 follows, 81 sequences, length 70
# corresponding to MSA columns:
# 395-428,431-466
name=unknown_D
#
# <colnr> <probs for GDERKNQSTAVLIFYWHMCP>
#	G	D	E	R	K	N	Q	S	T	A	V	L	I	F	Y	W	H	M	C	P
0	0.00771	0.00740	0.01135	0.03754	0.36442	0.00880	0.00839	0.00921	0.02500	0.00963	0.00645	0.03803	0.00613	0.05395	0.00775	0.00139	0.38731	0.00341	0.00173	0.00440
1	0.00463	0.00340	0.00454	0.00503	0.02537	0.00315	0.00344	0.00568	0.00786	0.01081	0.32798	0.50559	0.03617	0.00906	0.00423	0.00126	0.00194	0.01774	0.00337	0.01877
2	0.03451	0.03241	0.00837	0.00630	0.00888	0.02118	0.00518	0.08999	0.07435	0.60977	0.03077	0.01125	0.00856	0.00422	0.00338	0.00104	0.00303	0.00337	0.00387	0.03957
3	0.00923	0.80680	0.01723	0.00603	0.00884	0.05153	0.00588	0.01033	0.00709	0.00814	0.00500	0.00589	0.00460	0.00390	0.03674	0.00094	0.00403	0.00194	0.00151	0.00436
4	0.00421	0.00301	0.00401	0.00481	0.00501	0.00281	0.00321	0.00481	0.00661	0.00882	0.01904	0.87634	0.02285	0.01082	0.00441	0.00140	0.00200	0.00982	0.00321	0.00281
5	0.00494	0.00370	0.00555	0.00555	0.00617	0.00432	0.00432	0.00617	0.00555	0.00802	0.00925	0.01357	0.00864	0.02591	0.86490	0.00555	0.00925	0.00370	0.00185	0.00308
6	0.00697	0.01762	0.83580	0.00999	0.01504	0.00804	0.03740	0.01094	0.00732	0.01094	0.00622	0.00735	0.00440	0.00327	0.00331	0.00110	0.00513	0.00260	0.00147	0.00509
7	0.00455	0.00332	0.00424	0.00484	0.00519	0.00323	0.00332	0.00558	0.04044	0.00925	0.01920	0.72989	0.07491	0.01003	0.00441	0.00135	0.02094	0.00898	0.04337	0.00296
8	0.00487	0.00353	0.00458	0.00432	0.00515	0.00325	0.00324	0.00647	0.00972	0.01372	0.83092	0.02603	0.05698	0.00711	0.00407	0.00109	0.00163	0.00628	0.00379	0.00325
9	0.00815	0.00932	0.02038	0.01456	0.01805	0.00874	0.84450	0.01107	0.00815	0.01107	0.00699	0.00932	0.00524	0.00291	0.00408	0.00116	0.00582	0.00408	0.00175	0.00466
10	0.00494	0.00370	0.00555	0.00555	0.00617	0.00432	0.00432	0.00617	0.00555	0.00802	0.00925	0.01357	0.00864	0.02591	0.86490	0.00555	0.00925	0.00370	0.00185	0.00308
11	0.01394	0.00613	0.00786	0.00615	0.00864	0.00567	0.00504	0.10046	0.05611	0.65209	0.03307	0.01268	0.04280	0.00452	0.00348	0.00107	0.00290	0.00367	0.02811	0.00561
12	0.79526	0.00699	0.00572	0.00498	0.00713	0.00810	0.00411	0.09130	0.00687	0.01594	0.00514	0.00592	0.00397	0.00337	0.00248	0.00108	0.02342	0.00202	0.00225	0.00395
13	0.01292	0.01577	0.00966	0.00873	0.01056	0.80579	0.00657	0.01404	0.02976	0.04682	0.00592	0.00664	0.00478	0.00362	0.00314	0.00090	0.00600	0.00232	0.00193	0.00412
14	0.00414	0.00350	0.00358	0.00356	0.00470	0.00294	0.00267	0.00508	0.00802	0.00968	0.09747	0.03268	0.79295	0.00862	0.00408	0.00116	0.00174	0.00721	0.00325	0.00294
15	0.00450	0.00345	0.00412	0.00409	0.00495	0.00307	0.00301	0.00571	0.00865	0.01149	0.43694	0.13939	0.34176	0.00819	0.00412	0.00116	0.00172	0.00711	0.00350	0.00307
16	0.00716	0.00614	0.00716	0.00512	0.00819	0.00461	0.00409	0.00870	0.00716	0.01126	0.00614	0.00716	0.00512	0.00256	0.00256	0.00051	0.00256	0.00205	0.00205	0.89971
17	0.00652	0.00614	0.01036	0.87029	0.02379	0.00768	0.00959	0.00883	0.00691	0.00883	0.00614	0.00921	0.00461	0.00345	0.00345	0.00115	0.00461	0.00307	0.00154	0.00384
18	0.00421	0.00301	0.00401	0.00481	0.00501	0.00281	0.00321	0.00481	0.00661	0.00882	0.01904	0.87634	0.02285	0.01082	0.00441	0.00140	0.00200	0.00982	0.00321	0.00281
19	0.00494	0.00370	0.00555	0.00555	0.00617	0.00432	0.00432	0.00617	0.00555	0.00802	0.00925	0.01357	0.00864	0.02591	0.86490	0.00555	0.00925	0.00370	0.00185	0.00308
20	0.00429	0.00306	0.00410	0.00490	0.00513	0.00287	0.00334	0.00494	0.00669	0.00890	0.01900	0.82923	0.02268	0.01075	0.00443	0.00141	0.00207	0.05618	0.00321	0.00283
21	0.00491	0.00351	0.00482	0.00562	0.00613	0.00341	0.00443	0.00603	0.00731	0.00961	0.01865	0.44111	0.02131	0.01016	0.00460	0.00150	0.00262	0.43808	0.00319	0.00300
22	0.00424	0.00350	0.00367	0.00367	0.00476	0.00298	0.00276	0.00522	0.00807	0.00993	0.13117	0.04695	0.71758	0.00853	0.00407	0.00116	0.00176	0.02071	0.01632	0.00296
23	0.00831	0.00714	0.00756	0.00682	0.00870	0.00820	0.00530	0.01747	0.78985	0.01433	0.06172	0.01394	0.02545	0.00489	0.00356	0.00117	0.00266	0.00409	0.00353	0.00530
24	0.00478	0.00353	0.00447	0.00423	0.00509	0.00321	0.00317	0.00631	0.00952	0.01325	0.74518	0.02680	0.14302	0.00729	0.00408	0.00110	0.00165	0.00639	0.00372	0.00321
25	0.90299	0.00668	0.00508	0.00454	0.00668	0.00775	0.00374	0.01015	0.00588	0.01550	0.00481	0.00561	0.00374	0.00321	0.00214	0.00107	0.00267	0.00187	0.00214	0.00374
26	0.04771	0.00593	0.00652	0.00587	0.00739	0.00641	0.00453	0.14989	0.29265	0.01452	0.23607	0.12993	0.06592	0.00620	0.00374	0.00115	0.00246	0.00527	0.00346	0.00438
27	0.00691	0.00458	0.00572	0.00509	0.00631	0.00451	0.00393	0.09179	0.05751	0.09431	0.59165	0.04019	0.02524	0.00721	0.03834	0.00127	0.00235	0.00552	0.00371	0.00388
28	0.00505	0.00382	0.00557	0.00551	0.00603	0.00447	0.00421	0.00613	0.00549	0.00789	0.00924	0.01428	0.00888	0.11442	0.74204	0.00516	0.04313	0.00381	0.00186	0.00301
29	0.00480	0.00363	0.00454	0.00493	0.00578	0.00337	0.00397	0.00603	0.00799	0.01026	0.13238	0.14325	0.30540	0.00912	0.00440	0.00136	0.00234	0.34013	0.00327	0.00305
30	0.06112	0.00834	0.01219	0.08290	0.37277	0.00878	0.06996	0.25596	0.03101	0.05236	0.00744	0.00867	0.00567	0.00351	0.00341	0.00106	0.00401	0.00313	0.00239	0.00532
31	0.00736	0.00552	0.00578	0.00519	0.00668	0.02578	0.00404	0.14555	0.15208	0.04120	0.08379	0.04233	0.28163	0.02778	0.00398	0.00115	0.00246	0.03046	0.12322	0.00401
32	0.05989	0.07850	0.20467	0.01929	0.06396	0.14558	0.02189	0.05521	0.02701	0.02257	0.00686	0.00924	0.00589	0.11664	0.00510	0.00125	0.02523	0.00281	0.00193	0.12650
33	0.06881	0.34160	0.12302	0.00643	0.00938	0.03712	0.01667	0.05209	0.03260	0.03395	0.00674	0.04612	0.00587	0.01881	0.00298	0.00088	0.00356	0.00261	0.00197	0.18880
34	0.09727	0.00711	0.00944	0.00736	0.00984	0.03209	0.12144	0.14394	0.03749	0.39310	0.01103	0.06201	0.00803	0.00434	0.00343	0.00108	0.00343	0.00370	0.03873	0.00515
35	0.00873	0.00704	0.00777	0.00605	0.00857	0.02801	0.00480	0.26781	0.00997	0.01409	0.00866	0.13333	0.00790	0.00427	0.00312	0.00081	0.00296	0.00351	0.00264	0.46996
36	0.00706	0.00592	0.00935	0.32409	0.23240	0.00638	0.00758	0.02724	0.00828	0.04759	0.22953	0.01437	0.04258	0.00455	0.00361	0.00109	0.00346	0.00407	0.01664	0.00420
37	0.00757	0.00835	0.10005	0.23687	0.49907	0.00770	0.01005	0.00980	0.00752	0.01047	0.00776	0.03770	0.03475	0.00364	0.00347	0.00108	0.00419	0.00339	0.00174	0.00484
38	0.00833	0.30604	0.49754	0.00832	0.01248	0.01008	0.00986	0.07694	0.00795	0.02435	0.00602	0.00686	0.00458	0.00326	0.00294	0.00097	0.00450	0.00238	0.00167	0.00495
39	0.00415	0.00340	0.00366	0.00382	0.00476	0.00291	0.00278	0.00500	0.00770	0.00943	0.06987	0.21045	0.64189	0.00911	0.00415	0.00121	0.00180	0.00778	0.00324	0.00291
40	0.00473	0.00338	0.00461	0.00541	0.00584	0.00326	0.00412	0.00572	0.00713	0.00941	0.01875	0.55319	0.02170	0.01033	0.00455	0.00148	0.00246	0.32780	0.00320	0.00295
41	0.00832	0.00797	0.01360	0.11846	0.76160	0.00815	0.01049	0.01040	0.00776	0.01100	0.00646	0.00863	0.00537	0.00312	0.00342	0.00104	0.00416	0.00308	0.00169	0.00528
42	0.00919	0.86208	0.03625	0.00600	0.00900	0.01355	0.00606	0.01036	0.00703	0.00819	0.00483	0.00558	0.00443	0.00296	0.00224	0.00075	0.00372	0.00186	0.00148	0.00445
43	0.00491	0.00351	0.00481	0.00557	0.00609	0.00340	0.00439	0.00603	0.00737	0.00971	0.04114	0.43426	0.02163	0.01008	0.00458	0.00149	0.00258	0.42223	0.00321	0.00301
44	0.00488	0.00362	0.00463	0.00475	0.00560	0.00337	0.00376	0.00631	0.00876	0.01176	0.42364	0.06703	0.19551	0.00825	0.00428	0.00125	0.00210	0.23387	0.00349	0.00315
45	0.00704	0.06038	0.81917	0.00965	0.01465	0.00830	0.01243	0.01091	0.00728	0.01080	0.00613	0.00721	0.00438	0.00327	0.00323	0.00108	0.00504	0.00252	0.00146	0.00507
46	0.00557	0.00398	0.00557	0.00636	0.00716	0.00398	0.00557	0.00716	0.00795	0.01034	0.01829	0.03897	0.01988	0.00954	0.00477	0.00159	0.00318	0.83379	0.00318	0.00318
47	0.00840	0.00516	0.00536	0.00465	0.00604	0.00548	0.00367	0.24817	0.02718	0.01546	0.01047	0.01157	0.00804	0.00407	0.00274	0.00088	0.00226	0.00320	0.62318	0.00403
48	0.00722	0.00646	0.01061	0.73004	0.05424	0.00785	0.02398	0.04262	0.00738	0.03717	0.00644	0.00918	0.00483	0.00357	0.00374	0.00115	0.03465	0.00310	0.00171	0.00406
49	0.90299	0.00668	0.00508	0.00454	0.00668	0.00775	0.00374	0.01015	0.00588	0.01550	0.00481	0.00561	0.00374	0.00321	0.00214	0.00107	0.00267	0.00187	0.00214	0.00374
50	0.00488	0.00353	0.00460	0.00433	0.00515	0.00325	0.00325	0.00649	0.00974	0.01377	0.84067	0.02594	0.04720	0.00709	0.00407	0.00109	0.00163	0.00627	0.00379	0.00325
51	0.00799	0.00906	0.01972	0.01416	0.01752	0.00849	0.81023	0.01081	0.00809	0.01097	0.00748	0.04463	0.00596	0.00323	0.00409	0.00117	0.00567	0.00431	0.00181	0.00458
52	0.00839	0.03729	0.01071	0.00894	0.00930	0.13459	0.00738	0.00918	0.00600	0.00833	0.00466	0.00730	0.00452	0.00559	0.00985	0.00140	0.71835	0.00287	0.00155	0.00383
53	0.00716	0.00614	0.00716	0.00512	0.00819	0.00461	0.00409	0.00870	0.00716	0.01126	0.00614	0.00716	0.00512	0.00256	0.00256	0.00051	0.00256	0.00205	0.00205	0.89971
54	0.00467	0.00367	0.00427	0.00456	0.00535	0.00347	0.00329	0.00634	0.08752	0.00989	0.07283	0.40228	0.33102	0.00921	0.00420	0.00128	0.00200	0.03775	0.00327	0.00314
55	0.00652	0.00614	0.01036	0.87029	0.02379	0.00768	0.00959	0.00883	0.00691	0.00883	0.00614	0.00921	0.00461	0.00345	0.00345	0.00115	0.00461	0.00307	0.00154	0.00384
56	0.90299	0.00668	0.00508	0.00454	0.00668	0.00775	0.00374	0.01015	0.00588	0.01550	0.00481	0.00561	0.00374	0.00321	0.00214	0.00107	0.00267	0.00187	0.00214	0.00374
57	0.00421	0.00301	0.00401	0.00481	0.00501	0.00281	0.00321	0.00481	0.00661	0.00882	0.01904	0.87634	0.02285	0.01082	0.00441	0.00140	0.00200	0.00982	0.00321	0.00281
58	0.00502	0.00335	0.00377	0.00377	0.00377	0.00335	0.00209	0.00502	0.00502	0.00670	0.01088	0.02261	0.01256	0.87859	0.01758	0.00335	0.00335	0.00502	0.00209	0.00209
59	0.00421	0.00301	0.00401	0.00481	0.00501	0.00281	0.00321	0.00481	0.00661	0.00882	0.01904	0.87634	0.02285	0.01082	0.00441	0.00140	0.00200	0.00982	0.00321	0.00281
60	0.00652	0.00614	0.01036	0.87029	0.02379	0.00768	0.00959	0.00883	0.00691	0.00883	0.00614	0.00921	0.00461	0.00345	0.00345	0.00115	0.00461	0.00307	0.00154	0.00384
61	0.00882	0.00959	0.00802	0.00740	0.00851	0.35857	0.00572	0.04308	0.00769	0.00878	0.00710	0.00970	0.00637	0.01373	0.38516	0.00302	0.10022	0.00300	0.00185	0.00365
62	0.00494	0.00369	0.00550	0.00550	0.00610	0.00429	0.00425	0.00614	0.00554	0.00798	0.00930	0.01383	0.00875	0.05018	0.84079	0.00549	0.00909	0.00374	0.00186	0.00306
63	0.00421	0.00301	0.00401	0.00481	0.00501	0.00281	0.00321	0.00481	0.00661	0.00882	0.01904	0.87634	0.02285	0.01082	0.00441	0.00140	0.00200	0.00982	0.00321	0.00281
64	0.00894	0.00646	0.00735	0.00648	0.00804	0.00689	0.00504	0.42980	0.01159	0.02783	0.01350	0.38760	0.01393	0.00730	0.00393	0.00122	0.00298	0.04335	0.00335	0.00442
65	0.23545	0.00866	0.01629	0.01188	0.01502	0.00853	0.61379	0.02800	0.00774	0.01241	0.00646	0.00836	0.00487	0.00301	0.00357	0.00114	0.00498	0.00350	0.00188	0.00445
66	0.00743	0.00576	0.00942	0.17598	0.03941	0.00596	0.19562	0.04282	0.02272	0.03472	0.01925	0.01169	0.00750	0.00380	0.00319	0.00100	0.00341	0.02052	0.38584	0.00396
67	0.00984	0.00700	0.00774	0.00676	0.00879	0.00774	0.00531	0.05731	0.61113	0.16607	0.01385	0.04697	0.01042	0.00482	0.00352	0.00115	0.00277	0.00401	0.01936	0.00542
68	0.00717	0.00680	0.01152	0.60071	0.28834	0.00784	0.00991	0.00939	0.00721	0.00961	0.00625	0.00900	0.00488	0.00333	0.00344	0.00111	0.00445	0.00307	0.00159	0.00436
69	0.01073	0.28409	0.13030	0.00815	0.01091	0.37071	0.03367	0.08278	0.00904	0.00995	0.00561	0.00645	0.00459	0.00335	0.00291	0.00089	0.00502	0.00228	0.00179	0.01679

[dist]
# distance from previous block
# <min> <max>
5	41

[block]
# block no. 4 follows, 81 sequences, length 58
# corresponding to MSA columns:
# 509-511,513-567
name=unknown_E
#
# <colnr> <probs for GDERKNQSTAVLIFYWHMCP>
#	G	D	E	R	K	N	Q	S	T	A	V	L	I	F	Y	W	H	M	C	P
0	0.01030	0.36000	0.05725	0.00719	0.00967	0.25847	0.00633	0.03091	0.15225	0.04323	0.02041	0.00776	0.00613	0.00368	0.00297	0.01001	0.00427	0.00252	0.00210	0.00456
1	0.00491	0.00396	0.00508	0.00581	0.08602	0.00358	0.00377	0.00603	0.00790	0.01045	0.21288	0.21585	0.31880	0.03757	0.00450	0.00124	0.00212	0.02518	0.00311	0.04124
2	0.00949	0.02546	0.10248	0.11491	0.10600	0.06847	0.19455	0.22696	0.02427	0.03271	0.00793	0.00927	0.02537	0.00434	0.03131	0.00122	0.00478	0.00331	0.00225	0.00491
3	0.00866	0.64569	0.08825	0.00599	0.00869	0.02393	0.00595	0.00986	0.00687	0.03057	0.00603	0.00830	0.00569	0.12779	0.00454	0.00115	0.00378	0.00241	0.00164	0.00419
4	0.01273	0.02440	0.00993	0.00781	0.01033	0.14023	0.00633	0.54463	0.10666	0.08863	0.00887	0.00873	0.00637	0.00411	0.00339	0.00103	0.00398	0.00307	0.00324	0.00552
5	0.00525	0.00388	0.00446	0.00447	0.00559	0.00354	0.00356	0.02921	0.01646	0.03732	0.13712	0.03120	0.47242	0.00822	0.00413	0.00123	0.00215	0.18905	0.03750	0.00323
6	0.03526	0.43971	0.07412	0.00772	0.01060	0.14008	0.07954	0.14256	0.00895	0.01099	0.00572	0.00656	0.00471	0.00331	0.00292	0.00089	0.01750	0.00236	0.00188	0.00463
7	0.00500	0.00334	0.00377	0.00380	0.00380	0.00333	0.00212	0.00502	0.00507	0.00675	0.01110	0.04507	0.01283	0.85576	0.01724	0.00330	0.00331	0.00515	0.00212	0.00211
8	0.00473	0.00367	0.00433	0.00420	0.00515	0.00336	0.00313	0.00641	0.04794	0.01196	0.47250	0.08176	0.32262	0.00779	0.00407	0.00114	0.00175	0.00674	0.00354	0.00321
9	0.00445	0.00343	0.00469	0.00505	0.00562	0.00315	0.03734	0.00529	0.00708	0.00924	0.04351	0.60577	0.17910	0.00993	0.00435	0.00135	0.00218	0.06237	0.00316	0.00294
10	0.00720	0.00603	0.00641	0.00648	0.02950	0.06993	0.00474	0.02314	0.30557	0.04177	0.03183	0.29981	0.04539	0.02721	0.00424	0.00130	0.00281	0.07936	0.00320	0.00409
11	0.01290	0.01646	0.00979	0.00890	0.01068	0.86472	0.00667	0.01379	0.00979	0.00845	0.00534	0.00623	0.00445	0.00356	0.00311	0.00089	0.00623	0.00222	0.00178	0.00400
12	0.00502	0.00335	0.00377	0.00377	0.00377	0.00335	0.00209	0.00502	0.00502	0.00670	0.01088	0.02261	0.01256	0.87859	0.01758	0.00335	0.00335	0.00502	0.00209	0.00209
13	0.03451	0.00504	0.00615	0.00512	0.00702	0.00456	0.00409	0.05856	0.01925	0.38495	0.15555	0.02018	0.26848	0.00605	0.00372	0.00110	0.00241	0.00502	0.00376	0.00450
14	0.00693	0.01787	0.86069	0.00985	0.01495	0.00802	0.01276	0.01094	0.00729	0.01094	0.00620	0.00729	0.00438	0.00328	0.00328	0.00109	0.00511	0.00255	0.00146	0.00511
15	0.00557	0.00398	0.00557	0.00636	0.00716	0.00398	0.00557	0.00716	0.00795	0.01034	0.01829	0.03897	0.01988	0.00954	0.00477	0.00159	0.00318	0.83379	0.00318	0.00318
16	0.01290	0.01646	0.00979	0.00890	0.01068	0.86472	0.00667	0.01379	0.00979	0.00845	0.00534	0.00623	0.00445	0.00356	0.00311	0.00089	0.00623	0.00222	0.00178	0.00400
17	0.00855	0.00821	0.01402	0.02120	0.85704	0.00821	0.01060	0.01060	0.00787	0.01129	0.00650	0.00855	0.00547	0.00308	0.00342	0.00103	0.00410	0.00308	0.00171	0.00547
18	0.00421	0.00301	0.00401	0.00481	0.00501	0.00281	0.00321	0.00481	0.00661	0.00882	0.01904	0.87634	0.02285	0.01082	0.00441	0.00140	0.00200	0.00982	0.00321	0.00281
19	0.00600	0.00300	0.00450	0.00450	0.00450	0.00300	0.00300	0.00450	0.00450	0.00600	0.00600	0.01050	0.00600	0.01200	0.01350	0.89949	0.00300	0.00300	0.00150	0.00150
20	0.00479	0.00346	0.00453	0.00441	0.00514	0.00319	0.00325	0.00627	0.00932	0.01313	0.73526	0.14782	0.03120	0.00760	0.00412	0.00113	0.00168	0.00676	0.00372	0.00319
21	0.00617	0.00576	0.00938	0.74594	0.02105	0.00699	0.00859	0.00827	0.00705	0.00890	0.01028	0.01266	0.12669	0.00421	0.00354	0.00115	0.00420	0.00368	0.00178	0.00371
22	0.00529	0.00429	0.00694	0.00677	0.00769	0.00410	0.12478	0.00660	0.00737	0.00973	0.01740	0.41363	0.03868	0.00915	0.00449	0.00143	0.00299	0.32243	0.00299	0.00322
23	0.00818	0.00875	0.01800	0.01325	0.04504	0.00805	0.67735	0.01084	0.00804	0.02945	0.00699	0.00904	0.00530	0.00290	0.00382	0.00106	0.00523	0.00374	0.00184	0.13312
24	0.00864	0.00723	0.01010	0.00857	0.00897	0.00966	0.00713	0.00949	0.00596	0.13041	0.00594	0.00829	0.00520	0.00622	0.02867	0.00154	0.72889	0.00310	0.00192	0.00407
25	0.00906	0.00857	0.01794	0.01295	0.01619	0.00800	0.68718	0.01166	0.00830	0.13265	0.00818	0.02247	0.00607	0.00390	0.02920	0.00128	0.00545	0.00406	0.00213	0.00476
26	0.77462	0.00706	0.00727	0.00598	0.00831	0.00789	0.12435	0.01029	0.00621	0.01486	0.00512	0.00614	0.00396	0.00316	0.00242	0.00108	0.00312	0.00219	0.00208	0.00387
27	0.13605	0.00714	0.00896	0.00744	0.00855	0.00873	0.00615	0.02798	0.00608	0.01037	0.00505	0.00720	0.00459	0.00475	0.00771	0.00119	0.51671	0.00262	0.00178	0.22096
28	0.01159	0.00859	0.00931	0.00744	0.00979	0.00945	0.00602	0.67946	0.05877	0.01950	0.01016	0.13504	0.00859	0.00515	0.00360	0.00110	0.00348	0.00413	0.00342	0.00541
29	0.00709	0.00623	0.00967	0.59387	0.06858	0.00737	0.00838	0.10761	0.00803	0.01051	0.00827	0.13346	0.00742	0.00457	0.00359	0.00117	0.00411	0.00404	0.00201	0.00403
30	0.00765	0.27612	0.59274	0.00888	0.02862	0.00972	0.01067	0.01076	0.00722	0.01010	0.00579	0.00679	0.00441	0.00318	0.00297	0.00099	0.00466	0.00235	0.00147	0.00491
31	0.00691	0.00649	0.01098	0.69372	0.18398	0.00771	0.00969	0.00910	0.00706	0.00926	0.00621	0.00910	0.00479	0.00351	0.00360	0.01466	0.00448	0.00307	0.00157	0.00412
32	0.13602	0.12918	0.58117	0.00854	0.01282	0.00868	0.02671	0.01097	0.01645	0.03112	0.00609	0.00703	0.00448	0.00326	0.00300	0.00105	0.00451	0.00243	0.00165	0.00483
33	0.00726	0.00684	0.01132	0.18554	0.31616	0.00689	0.10062	0.00939	0.03044	0.01049	0.00880	0.10697	0.02488	0.00423	0.00361	0.00106	0.01262	0.01796	0.00200	0.13293
34	0.00682	0.00632	0.01000	0.74645	0.02167	0.00781	0.00900	0.01019	0.12797	0.00963	0.00728	0.00974	0.00546	0.00363	0.00346	0.00115	0.00434	0.00319	0.00182	0.00407
35	0.00721	0.01173	0.38738	0.00905	0.01241	0.00759	0.12881	0.01212	0.23029	0.01158	0.01023	0.06062	0.02525	0.01745	0.02633	0.00131	0.00436	0.02921	0.00225	0.00481
36	0.00760	0.00721	0.01278	0.38219	0.28248	0.00778	0.14597	0.01003	0.02698	0.02788	0.00736	0.01819	0.00601	0.00362	0.00361	0.00113	0.00449	0.03835	0.00181	0.00453
37	0.00705	0.04705	0.70810	0.00903	0.01376	0.00773	0.01127	0.01060	0.00727	0.01089	0.00614	0.00721	0.00448	0.00317	0.00314	0.00100	0.00469	0.00245	0.00154	0.13342
38	0.00652	0.00614	0.01036	0.87029	0.02379	0.00768	0.00959	0.00883	0.00691	0.00883	0.00614	0.00921	0.00461	0.00345	0.00345	0.00115	0.00461	0.00307	0.00154	0.00384
39	0.00787	0.00915	0.09784	0.15028	0.29128	0.02103	0.29815	0.01058	0.02721	0.01076	0.00717	0.02493	0.00582	0.00340	0.00368	0.00112	0.00482	0.01835	0.00177	0.00479
40	0.00676	0.02735	0.72681	0.00929	0.01375	0.00752	0.01164	0.01039	0.00738	0.01082	0.00792	0.01181	0.00660	0.00418	0.00348	0.00116	0.00481	0.12179	0.00171	0.00482
41	0.00493	0.12891	0.00603	0.00497	0.00556	0.00436	0.00359	0.00560	0.00667	0.00872	0.01700	0.75142	0.02021	0.00969	0.00409	0.00131	0.00225	0.00868	0.00296	0.00304
42	0.00747	0.00827	0.07047	0.31002	0.16573	0.00843	0.22351	0.00977	0.00719	0.00995	0.00626	0.00880	0.00495	0.00362	0.00471	0.00118	0.12930	0.00329	0.01268	0.00440
43	0.00413	0.00333	0.00368	0.00395	0.00479	0.00288	0.00283	0.00491	0.00744	0.00915	0.02945	0.32616	0.56630	0.00947	0.00420	0.00125	0.00184	0.00817	0.00321	0.00288
44	0.00549	0.00396	0.00492	0.00526	0.00583	0.00394	0.00369	0.12542	0.00800	0.01068	0.01750	0.75181	0.02041	0.00987	0.00427	0.00135	0.00226	0.00886	0.00324	0.00325
45	0.00514	0.00390	0.00487	0.00437	0.00555	0.00342	0.00332	0.00668	0.00922	0.01304	0.65402	0.02385	0.10832	0.00658	0.00386	0.00101	0.00177	0.00575	0.00349	0.13183
46	0.90299	0.00668	0.00508	0.00454	0.00668	0.00775	0.00374	0.01015	0.00588	0.01550	0.00481	0.00561	0.00374	0.00321	0.00214	0.00107	0.00267	0.00187	0.00214	0.00374
47	0.01115	0.00874	0.00916	0.00752	0.00990	0.02926	0.00604	0.43776	0.38891	0.03739	0.01093	0.01038	0.00799	0.00438	0.00347	0.00109	0.00336	0.00345	0.00346	0.00565
48	0.01176	0.01475	0.01234	0.01026	0.01245	0.65903	0.20800	0.01314	0.00940	0.00908	0.00574	0.00697	0.00464	0.00340	0.00335	0.00096	0.00613	0.00267	0.00177	0.00416
49	0.00422	0.00304	0.00401	0.00474	0.00500	0.00282	0.00319	0.00487	0.00676	0.00899	0.04532	0.81705	0.05594	0.01063	0.00439	0.00138	0.00198	0.00961	0.00323	0.00282
50	0.00498	0.00375	0.00465	0.00452	0.00527	0.02294	0.00333	0.00644	0.00933	0.01301	0.71578	0.14737	0.03055	0.00752	0.00410	0.00113	0.00179	0.00667	0.00367	0.00321
51	0.00652	0.00614	0.01036	0.87029	0.02379	0.00768	0.00959	0.00883	0.00691	0.00883	0.00614	0.00921	0.00461	0.00345	0.00345	0.00115	0.00461	0.00307	0.00154	0.00384
52	0.00454	0.00347	0.00490	0.12893	0.00769	0.00351	0.00410	0.00539	0.00670	0.00884	0.01773	0.72320	0.04862	0.00970	0.00426	0.00136	0.00237	0.00877	0.00297	0.00296
53	0.01199	0.00850	0.00932	0.00739	0.00979	0.00926	0.00600	0.67735	0.01450	0.06800	0.01014	0.13302	0.00846	0.00511	0.00359	0.00109	0.00349	0.00409	0.00347	0.00543
54	0.00797	0.01052	0.14080	0.01381	0.01749	0.00866	0.71417	0.01101	0.00799	0.01101	0.00684	0.00900	0.00511	0.00301	0.00406	0.00116	0.01711	0.00384	0.00170	0.00471
55	0.00428	0.00318	0.00399	0.00447	0.00496	0.00289	0.00309	0.00509	0.00733	0.00965	0.14234	0.57789	0.19852	0.00985	0.00429	0.00131	0.00190	0.00878	0.00329	0.00289
56	0.13494	0.13061	0.30449	0.00642	0.00924	0.00696	0.00693	0.00890	0.00770	0.01167	0.21018	0.02844	0.11070	0.00488	0.00327	0.00105	0.00330	0.00390	0.00235	0.00409
57	0.30577	0.28250	0.05834	0.00634	0.00904	0.03333	0.03417	0.12264	0.02947	0.07211	0.00635	0.00687	0.00490	0.00338	0.00263	0.00096	0.00349	0.00233	0.01084	0.00455

[dist]
# distance from previous block
# <min> <max>
6	17

[block]
# block no. 5 follows, 81 sequences, length 40
# corresponding to MSA columns:
# 596-622,627-639
name=unknown_F
#
# <colnr> <probs for GDERKNQSTAVLIFYWHMCP>
#	G	D	E	R	K	N	Q	S	T	A	V	L	I	F	Y	W	H	M	C	P
0	0.00447	0.00350	0.00397	0.00386	0.00481	0.00308	0.00285	0.00560	0.00848	0.01102	0.36936	0.02953	0.46590	0.06244	0.00492	0.00127	0.00180	0.00672	0.00338	0.00301
1	0.00430	0.00304	0.00398	0.00470	0.00488	0.00286	0.00309	0.00483	0.00644	0.00859	0.01817	0.78483	0.02175	0.10384	0.00582	0.00161	0.00215	0.00931	0.00309	0.00273
2	0.00806	0.00695	0.00885	0.00654	0.00949	0.02503	0.09469	0.03859	0.09273	0.04435	0.00737	0.00816	0.00582	0.00295	0.00290	0.00070	0.00307	0.00255	0.00229	0.62891
3	0.32185	0.00740	0.02438	0.00732	0.08018	0.03983	0.04536	0.08399	0.07873	0.05282	0.06362	0.02109	0.03182	0.00388	0.00296	0.00100	0.00313	0.00303	0.00253	0.12509
4	0.00427	0.00340	0.00383	0.00395	0.00484	0.00296	0.00288	0.00523	0.00797	0.01011	0.19274	0.21600	0.51189	0.00887	0.00415	0.00120	0.00178	0.00764	0.00332	0.00296
5	0.00469	0.00349	0.00443	0.00504	0.00544	0.00344	0.00345	0.00630	0.09716	0.00952	0.03474	0.76727	0.02172	0.01009	0.00431	0.00137	0.00208	0.00912	0.00325	0.00310
6	0.00701	0.04825	0.83103	0.00971	0.01474	0.00822	0.01252	0.01092	0.00728	0.01084	0.00615	0.00723	0.00438	0.00327	0.00324	0.00108	0.00506	0.00253	0.00146	0.00508
7	0.00812	0.00923	0.01990	0.01429	0.01761	0.00883	0.80297	0.01093	0.00801	0.01093	0.00687	0.00923	0.00521	0.00307	0.00444	0.00118	0.04881	0.00402	0.00174	0.00462
8	0.00519	0.00365	0.00443	0.00417	0.00519	0.00324	0.00315	0.00656	0.00916	0.05730	0.54321	0.02748	0.29954	0.00746	0.00405	0.00111	0.00174	0.00644	0.00363	0.00329
9	0.00470	0.00352	0.00436	0.00415	0.00505	0.00318	0.00311	0.00616	0.00934	0.01281	0.66515	0.02753	0.22332	0.00745	0.00408	0.00111	0.00166	0.00649	0.00366	0.00318
10	0.01036	0.01119	0.02939	0.01168	0.01464	0.20704	0.44790	0.20025	0.01035	0.01288	0.00689	0.00834	0.00519	0.00335	0.00370	0.00107	0.00545	0.00341	0.00214	0.00479
11	0.00644	0.00322	0.00322	0.00322	0.00402	0.00322	0.00241	0.00805	0.00724	0.01288	0.01127	0.01288	0.00885	0.00402	0.00241	0.00080	0.00161	0.00322	0.89777	0.00322
12	0.00718	0.00705	0.01080	0.70750	0.12987	0.06133	0.00954	0.00936	0.00721	0.00912	0.00614	0.00894	0.00471	0.00341	0.00343	0.00112	0.00464	0.00302	0.00157	0.00406
13	0.00924	0.88067	0.01810	0.00591	0.00887	0.01367	0.00591	0.01034	0.00702	0.00813	0.00480	0.00554	0.00443	0.00296	0.00222	0.00074	0.00369	0.00185	0.00148	0.00443
14	0.00850	0.00504	0.00640	0.00546	0.00701	0.00480	0.00426	0.05402	0.03493	0.23240	0.26434	0.12527	0.04424	0.03167	0.00456	0.00115	0.05245	0.00508	0.00342	0.10502
15	0.00429	0.00324	0.00396	0.00434	0.00493	0.00292	0.00304	0.00515	0.00753	0.00983	0.16632	0.47692	0.27591	0.00956	0.00425	0.00128	0.00186	0.00845	0.00331	0.00292
16	0.01451	0.00680	0.00847	0.00652	0.00915	0.00653	0.00538	0.24057	0.01151	0.60063	0.01210	0.01086	0.00784	0.00423	0.00343	0.00105	0.00312	0.00337	0.03816	0.00578
17	0.00815	0.00932	0.02038	0.01456	0.01805	0.00874	0.84450	0.01107	0.00815	0.01107	0.00699	0.00932	0.00524	0.00291	0.00408	0.00116	0.00582	0.00408	0.00175	0.00466
18	0.00763	0.01678	0.75244	0.00959	0.01438	0.00832	0.01195	0.10055	0.02518	0.01217	0.00658	0.00751	0.00466	0.00340	0.00331	0.00109	0.00492	0.00264	0.00171	0.00520
19	0.00494	0.00370	0.00555	0.00555	0.00617	0.00432	0.00432	0.00617	0.00555	0.00802	0.00925	0.01357	0.00864	0.02591	0.86490	0.00555	0.00925	0.00370	0.00185	0.00308
20	0.00421	0.00301	0.00401	0.00481	0.00501	0.00281	0.00321	0.00481	0.00661	0.00882	0.01904	0.87634	0.02285	0.01082	0.00441	0.00140	0.00200	0.00982	0.00321	0.00281
21	0.00493	0.00357	0.00472	0.00538	0.00598	0.00344	0.00426	0.00602	0.00732	0.00951	0.01986	0.31154	0.10998	0.06421	0.00538	0.00159	0.00265	0.42356	0.00312	0.00296
22	0.00782	0.35236	0.53404	0.00832	0.01259	0.01021	0.01011	0.01071	0.00719	0.00985	0.00566	0.00661	0.00440	0.00316	0.00287	0.00096	0.00456	0.00228	0.00147	0.00484
23	0.00544	0.00341	0.00402	0.00387	0.00470	0.00323	0.00290	0.00702	0.00870	0.01323	0.48631	0.02124	0.06804	0.00599	0.00344	0.00098	0.00163	0.00514	0.34749	0.00323
24	0.00428	0.00345	0.00382	0.00391	0.00487	0.00299	0.00289	0.00527	0.00803	0.01009	0.17818	0.15461	0.56769	0.00877	0.00415	0.00120	0.00180	0.02773	0.00331	0.00297
25	0.00525	0.00417	0.00426	0.00412	0.00533	0.00401	0.00309	0.00781	0.16123	0.01063	0.02713	0.02644	0.55757	0.04058	0.00427	0.00120	0.00197	0.00605	0.12149	0.00339
26	0.00818	0.00924	0.01994	0.01503	0.07727	0.00870	0.78564	0.01103	0.00813	0.01108	0.00695	0.00926	0.00526	0.00292	0.00403	0.00116	0.00570	0.00401	0.00174	0.00472
27	0.00480	0.00353	0.00449	0.00425	0.00511	0.00322	0.00319	0.00634	0.00957	0.01335	0.76324	0.02664	0.12489	0.00725	0.00408	0.00110	0.00164	0.00636	0.00374	0.00322
28	0.04852	0.00351	0.00383	0.00381	0.00391	0.00356	0.00217	0.00527	0.00507	0.00712	0.01059	0.02178	0.01213	0.83619	0.01683	0.00324	0.00332	0.00487	0.00210	0.00217
29	0.05111	0.00632	0.00722	0.00530	0.00825	0.00515	0.00425	0.03412	0.04950	0.04256	0.00680	0.00757	0.00547	0.00280	0.00265	0.00061	0.00262	0.00221	0.00225	0.75323
30	0.00914	0.78397	0.01686	0.00596	0.00872	0.05424	0.00578	0.01027	0.00733	0.00850	0.05800	0.00684	0.00619	0.00324	0.00238	0.00077	0.00369	0.00214	0.00164	0.00434
31	0.00780	0.19700	0.56874	0.00864	0.01281	0.08415	0.01031	0.01078	0.00748	0.01006	0.00723	0.00809	0.04563	0.00350	0.00308	0.00101	0.00475	0.00261	0.00158	0.00476
32	0.00518	0.00365	0.00407	0.00405	0.00416	0.02113	0.00242	0.00534	0.00524	0.00697	0.02360	0.02146	0.01233	0.76614	0.09766	0.00347	0.00394	0.00486	0.00209	0.00224
33	0.00816	0.00822	0.01052	0.00900	0.00925	0.06399	0.00745	0.04921	0.00610	0.00897	0.00477	0.00751	0.00459	0.00580	0.01044	0.00145	0.77605	0.00298	0.00162	0.00389
34	0.00429	0.00305	0.00398	0.00468	0.00487	0.00287	0.00308	0.00484	0.00646	0.00860	0.01840	0.77237	0.03406	0.10381	0.00582	0.00161	0.00214	0.00927	0.00309	0.00273
35	0.03862	0.02072	0.01247	0.04146	0.13661	0.00775	0.23642	0.02389	0.00783	0.14323	0.05109	0.03024	0.04855	0.00468	0.01320	0.00123	0.17127	0.00386	0.00233	0.00455
36	0.00869	0.00741	0.01730	0.00701	0.00897	0.00835	0.00558	0.08128	0.70687	0.01469	0.01373	0.01410	0.01066	0.00492	0.00356	0.00118	0.00285	0.05570	0.02183	0.00531
37	0.00454	0.00309	0.00413	0.00485	0.00512	0.00287	0.00326	0.00516	0.00671	0.03380	0.01888	0.85095	0.02243	0.01063	0.00438	0.00139	0.00203	0.00963	0.00324	0.00290
38	0.04295	0.32921	0.02870	0.01949	0.04277	0.21256	0.06555	0.11986	0.02679	0.01088	0.00588	0.00681	0.00485	0.00342	0.00318	0.00091	0.03710	0.00243	0.00192	0.03474
