[name]
unknown

[dist]
# distance from previous block
# <min> <max>
5	39

[block]
# block no. 0 follows, 87 sequences, length 6
# corresponding to MSA columns:
# 57-62
name=unknown_A
#
# <colnr> <probs for GDERKNQSTAVLIFYWHMCP>
#	G	D	E	R	K	N	Q	S	T	A	V	L	I	F	Y	W	H	M	C	P
0	0.00637	0.00421	0.00549	0.07535	0.00730	0.00390	0.00407	0.00777	0.00766	0.10760	0.21825	0.07136	0.07682	0.00655	0.04571	0.00119	0.00260	0.09956	0.08702	0.16122
1	0.01094	0.00688	0.00794	0.00624	0.00857	0.00698	0.00507	0.33633	0.11085	0.24298	0.10664	0.01096	0.00951	0.00414	0.00324	0.00095	0.00288	0.00333	0.00335	0.11224
2	0.62480	0.00717	0.00675	0.00685	0.10439	0.04713	0.00489	0.07344	0.00662	0.01377	0.00497	0.00598	0.00396	0.00331	0.00299	0.00103	0.07397	0.00209	0.00200	0.00388
3	0.00653	0.00615	0.00868	0.42218	0.01491	0.07924	0.07862	0.04906	0.00722	0.00925	0.00928	0.23521	0.00909	0.00508	0.00347	0.00111	0.00377	0.00457	0.04307	0.00352
4	0.00661	0.00619	0.04048	0.00755	0.10549	0.00511	0.07368	0.03478	0.03077	0.01053	0.00883	0.17937	0.00863	0.00431	0.00309	0.00083	0.00287	0.02427	0.00217	0.44441
5	0.00533	0.00354	0.00443	0.00423	0.00518	0.00319	0.00317	0.00660	0.00802	0.05885	0.40343	0.18496	0.09051	0.00677	0.00362	0.00103	0.00180	0.03483	0.09566	0.07484

[dist]
# distance from previous block
# <min> <max>
4	11

[block]
# block no. 1 follows, 87 sequences, length 10
# corresponding to MSA columns:
# 74,75,78-85
name=unknown_B
#
# <colnr> <probs for GDERKNQSTAVLIFYWHMCP>
#	G	D	E	R	K	N	Q	S	T	A	V	L	I	F	Y	W	H	M	C	P
0	0.00794	0.00728	0.01185	0.03581	0.04108	0.06692	0.34115	0.01032	0.05932	0.09725	0.16065	0.02387	0.02979	0.00402	0.00373	0.00102	0.02574	0.00395	0.00239	0.06592
1	0.04665	0.00406	0.00476	0.00428	0.00562	0.00360	0.00328	0.00682	0.02836	0.03436	0.34584	0.09173	0.19634	0.00624	0.00350	0.00098	0.00191	0.03030	0.00302	0.17835
2	0.08918	0.18542	0.06189	0.00695	0.00957	0.11815	0.04471	0.23913	0.04646	0.09212	0.00690	0.00724	0.00519	0.00336	0.00284	0.00089	0.00372	0.00249	0.00237	0.07143
3	0.02441	0.08456	0.27330	0.03346	0.01115	0.03035	0.06208	0.12091	0.02975	0.08714	0.02225	0.00779	0.00549	0.00321	0.00296	0.00088	0.00377	0.00258	0.00210	0.19187
4	0.02770	0.07143	0.00857	0.00696	0.00883	0.27498	0.00544	0.05540	0.41202	0.04504	0.02617	0.00977	0.00780	0.02155	0.00336	0.00102	0.00371	0.00303	0.00266	0.00456
5	0.14483	0.00883	0.07753	0.04753	0.26422	0.05067	0.17657	0.09541	0.00780	0.01172	0.00591	0.00752	0.00468	0.00329	0.00379	0.00104	0.07951	0.00284	0.00181	0.00451
6	0.00506	0.00327	0.00405	0.00412	0.00438	0.00327	0.00266	0.00544	0.00546	0.04738	0.02980	0.18007	0.01359	0.53735	0.11776	0.00289	0.00355	0.02517	0.00230	0.00243
7	0.03052	0.00463	0.00688	0.02785	0.00762	0.00443	0.11109	0.02775	0.04147	0.12844	0.23545	0.24603	0.07571	0.00659	0.00377	0.00113	0.00254	0.03140	0.00309	0.00361
8	0.00503	0.00395	0.00476	0.00455	0.00495	0.00433	0.00323	0.00587	0.03953	0.00791	0.03522	0.06952	0.19573	0.37441	0.06695	0.00228	0.13583	0.00503	0.02827	0.00267
9	0.00871	0.07859	0.11126	0.03253	0.01049	0.14626	0.08680	0.02968	0.36118	0.04285	0.03861	0.00979	0.00775	0.00380	0.00319	0.00100	0.00376	0.00314	0.00248	0.01813

[dist]
# distance from previous block
# <min> <max>
3	15

[block]
# block no. 2 follows, 87 sequences, length 16
# corresponding to MSA columns:
# 101-116
name=unknown_C
#
# <colnr> <probs for GDERKNQSTAVLIFYWHMCP>
#	G	D	E	R	K	N	Q	S	T	A	V	L	I	F	Y	W	H	M	C	P
0	0.04449	0.17782	0.12565	0.09607	0.17362	0.02591	0.01550	0.08085	0.00767	0.04447	0.00649	0.00762	0.01789	0.00349	0.01878	0.00094	0.00374	0.00250	0.00185	0.14466
1	0.01056	0.07591	0.02544	0.00776	0.05141	0.18124	0.00606	0.35432	0.06190	0.03852	0.00747	0.04135	0.00598	0.00385	0.00330	0.00092	0.03100	0.00287	0.00253	0.08761
2	0.00433	0.00328	0.00392	0.00392	0.00458	0.00313	0.00279	0.00515	0.00670	0.00877	0.16913	0.07588	0.32826	0.20130	0.16221	0.00229	0.00324	0.00578	0.00267	0.00266
3	0.02888	0.01183	0.00953	0.00796	0.01005	0.40104	0.02280	0.38040	0.05031	0.01390	0.00663	0.00710	0.00505	0.00369	0.00330	0.00094	0.02696	0.00258	0.00244	0.00462
4	0.00696	0.03427	0.06399	0.00827	0.00870	0.00948	0.00717	0.00791	0.00518	0.00798	0.00472	0.00749	0.00456	0.00687	0.07487	0.00167	0.73202	0.00284	0.00145	0.00362
5	0.00429	0.00330	0.00373	0.00372	0.00465	0.00287	0.00275	0.00528	0.00779	0.02822	0.24370	0.13517	0.52695	0.00800	0.00388	0.00111	0.00168	0.00685	0.00319	0.00288
6	0.00613	0.00437	0.00519	0.00470	0.00583	0.00441	0.00361	0.06256	0.15020	0.04337	0.55439	0.02008	0.04355	0.00585	0.00358	0.00102	0.00189	0.00506	0.07055	0.00366
7	0.00442	0.00325	0.00414	0.00408	0.00479	0.00297	0.00300	0.00571	0.00853	0.01179	0.62648	0.16768	0.12616	0.00744	0.00390	0.00108	0.00161	0.00657	0.00343	0.00297
8	0.00474	0.00317	0.00359	0.00358	0.00361	0.00316	0.00202	0.00480	0.00492	0.00659	0.04411	0.02146	0.01261	0.85055	0.01609	0.00308	0.00310	0.00479	0.00204	0.00202
9	0.00424	0.00312	0.00395	0.00449	0.00495	0.00291	0.00325	0.00502	0.00669	0.00869	0.04774	0.49640	0.17640	0.06473	0.00494	0.00142	0.00211	0.15328	0.00298	0.00270
10	0.00526	0.00413	0.00490	0.00519	0.00589	0.00435	0.00369	0.00851	0.27127	0.00998	0.01651	0.61260	0.01796	0.00842	0.00390	0.00126	0.00211	0.00754	0.00312	0.00343
11	0.42920	0.00603	0.00584	0.00458	0.00706	0.00574	0.00371	0.00885	0.00619	0.01250	0.00521	0.00608	0.00422	0.00270	0.00223	0.00073	0.00247	0.00185	0.00197	0.48284
12	0.28395	0.00840	0.02498	0.00636	0.00830	0.18738	0.04159	0.01246	0.22265	0.08363	0.03892	0.03712	0.02325	0.00398	0.00291	0.00102	0.00336	0.00303	0.00252	0.00417
13	0.00629	0.00523	0.02994	0.00539	0.00689	0.00500	0.04492	0.06001	0.19857	0.04559	0.31024	0.02081	0.21972	0.00603	0.00367	0.00107	0.00228	0.02131	0.00323	0.00382
14	0.00760	0.00613	0.02700	0.00561	0.00791	0.00552	0.01957	0.03782	0.23655	0.08146	0.12575	0.01154	0.02758	0.00385	0.00302	0.00082	0.00250	0.00323	0.00275	0.38378
15	0.00442	0.00304	0.00364	0.00393	0.00404	0.00295	0.00240	0.00466	0.00541	0.00718	0.01395	0.35819	0.04059	0.51799	0.01137	0.00238	0.00262	0.00657	0.00242	0.00226

[dist]
# distance from previous block
# <min> <max>
0	1

[block]
# block no. 3 follows, 87 sequences, length 7
# corresponding to MSA columns:
# 118-124
name=unknown_D
#
# <colnr> <probs for GDERKNQSTAVLIFYWHMCP>
#	G	D	E	R	K	N	Q	S	T	A	V	L	I	F	Y	W	H	M	C	P
0	0.00732	0.12872	0.03345	0.00512	0.00799	0.00576	0.00439	0.03232	0.00708	0.03432	0.00664	0.00739	0.02890	0.00274	0.00248	0.00057	0.00266	0.00212	0.00197	0.67805
1	0.00803	0.14811	0.23011	0.00715	0.01021	0.04979	0.06535	0.02982	0.03906	0.07781	0.05608	0.00824	0.00647	0.00329	0.00310	0.00085	0.02778	0.00261	0.00200	0.22413
2	0.39289	0.12193	0.09125	0.03090	0.00894	0.22011	0.00562	0.04591	0.03699	0.01173	0.00527	0.00603	0.00417	0.00318	0.00249	0.00093	0.00379	0.00205	0.00188	0.00394
3	0.00552	0.00421	0.00517	0.00521	0.00598	0.00452	0.00398	0.00826	0.19350	0.00953	0.06150	0.06191	0.03771	0.20517	0.17021	0.00244	0.00385	0.20546	0.00264	0.00321
4	0.31308	0.00570	0.00620	0.00550	0.03281	0.00584	0.00425	0.04552	0.07092	0.29949	0.07981	0.04089	0.06823	0.00440	0.00297	0.00103	0.00253	0.00344	0.00306	0.00434
5	0.34004	0.00605	0.00669	0.00535	0.00770	0.00604	0.00442	0.06510	0.00832	0.50473	0.00952	0.00878	0.00626	0.00366	0.00282	0.00101	0.00273	0.00271	0.00325	0.00481
6	0.03115	0.00621	0.00754	0.00653	0.02710	0.00640	0.02602	0.15805	0.22870	0.27220	0.02933	0.10981	0.04182	0.00508	0.00344	0.00108	0.00279	0.02858	0.00337	0.00482

[dist]
# distance from previous block
# <min> <max>
0	16

[block]
# block no. 4 follows, 87 sequences, length 6
# corresponding to MSA columns:
# 141-146
name=unknown_E
#
# <colnr> <probs for GDERKNQSTAVLIFYWHMCP>
#	G	D	E	R	K	N	Q	S	T	A	V	L	I	F	Y	W	H	M	C	P
0	0.00444	0.00333	0.00411	0.00392	0.00476	0.00300	0.00294	0.00581	0.00881	0.01208	0.67021	0.02599	0.22452	0.00704	0.00385	0.00104	0.00156	0.00613	0.00346	0.00300
1	0.00503	0.00398	0.00571	0.00550	0.00593	0.00481	0.00425	0.00598	0.00514	0.00745	0.00829	0.01309	0.00807	0.13207	0.63866	0.00442	0.13345	0.00356	0.00173	0.00289
2	0.00491	0.00323	0.00391	0.00400	0.00432	0.00313	0.00260	0.00528	0.00577	0.03996	0.05458	0.19054	0.09437	0.47075	0.04564	0.02729	0.00289	0.03197	0.00244	0.00242
3	0.08492	0.00714	0.01025	0.03778	0.12736	0.04498	0.18635	0.15670	0.00879	0.09529	0.04461	0.03427	0.00744	0.04467	0.00384	0.00110	0.00363	0.00342	0.09314	0.00433
4	0.00523	0.00371	0.00506	0.00492	0.00551	0.00378	0.03567	0.00639	0.10274	0.00823	0.04628	0.20949	0.09195	0.07873	0.11668	0.26222	0.00330	0.00514	0.00232	0.00265
5	0.04144	0.00662	0.00763	0.00567	0.00842	0.04521	0.04351	0.05947	0.03164	0.07215	0.00658	0.00728	0.00518	0.00276	0.00263	0.00063	0.00282	0.00223	0.00218	0.64596

[dist]
# distance from previous block
# <min> <max>
2	25

[block]
# block no. 5 follows, 87 sequences, length 22
# corresponding to MSA columns:
# 172-193
name=unknown_F
#
# <colnr> <probs for GDERKNQSTAVLIFYWHMCP>
#	G	D	E	R	K	N	Q	S	T	A	V	L	I	F	Y	W	H	M	C	P
0	0.10136	0.14613	0.21471	0.00722	0.00993	0.16266	0.05654	0.03013	0.05513	0.03563	0.11384	0.00903	0.00798	0.00362	0.00294	0.00093	0.00390	0.00280	0.00204	0.03348
1	0.00533	0.00319	0.00411	0.00405	0.00416	0.00323	0.00258	0.02637	0.00493	0.00662	0.02929	0.01573	0.00931	0.42352	0.05169	0.39514	0.00323	0.00384	0.00180	0.00189
2	0.00731	0.00755	0.01363	0.14657	0.25963	0.02834	0.31324	0.00943	0.01549	0.00987	0.02237	0.04520	0.03256	0.00367	0.00408	0.00109	0.07028	0.00366	0.00174	0.00428
3	0.00460	0.00343	0.00408	0.00441	0.00471	0.02466	0.00292	0.00509	0.00581	0.00773	0.01410	0.47330	0.01644	0.29396	0.06549	0.00214	0.00290	0.02706	0.00253	0.03462
4	0.00409	0.00296	0.00368	0.00420	0.00448	0.00275	0.00277	0.00459	0.00615	0.00804	0.01869	0.61857	0.13435	0.16116	0.00627	0.00161	0.00208	0.00816	0.00285	0.00255
5	0.90843	0.00631	0.00479	0.00429	0.00631	0.00732	0.00353	0.00959	0.00555	0.01463	0.00454	0.00530	0.00353	0.00303	0.00202	0.00101	0.00252	0.00177	0.00202	0.00353
6	0.16444	0.00541	0.02057	0.00566	0.00693	0.01840	0.02053	0.02925	0.01626	0.16928	0.03455	0.01271	0.01618	0.12168	0.20912	0.00234	0.10373	0.03694	0.00238	0.00363
7	0.00397	0.00309	0.00361	0.00393	0.00459	0.00273	0.00278	0.00474	0.00704	0.00893	0.09360	0.41912	0.41221	0.00902	0.00399	0.00120	0.00175	0.00789	0.00307	0.00273
8	0.15065	0.02285	0.00813	0.00664	0.02278	0.06731	0.00527	0.31161	0.14944	0.18109	0.00899	0.00890	0.00647	0.01913	0.00326	0.00103	0.00323	0.00290	0.01541	0.00492
9	0.03626	0.01216	0.00837	0.00731	0.00924	0.57063	0.00557	0.03074	0.03300	0.07592	0.02091	0.02317	0.00555	0.00348	0.00291	0.00082	0.00471	0.00242	0.00205	0.14477
10	0.15746	0.04353	0.43204	0.00773	0.01116	0.08299	0.02947	0.05682	0.05861	0.04724	0.00709	0.00772	0.02480	0.00338	0.00292	0.00100	0.00409	0.00254	0.01491	0.00450
11	0.00807	0.00775	0.01324	0.02002	0.86506	0.00775	0.01001	0.01001	0.00742	0.01065	0.00613	0.00807	0.00517	0.00291	0.00323	0.00097	0.00387	0.00291	0.00161	0.00517
12	0.00691	0.00726	0.11144	0.00577	0.00891	0.00491	0.04137	0.00870	0.00686	0.02578	0.00596	0.00694	0.00481	0.00254	0.00257	0.00059	0.00284	0.00210	0.00189	0.74184
13	0.01240	0.00913	0.00979	0.00750	0.01011	0.01011	0.00620	0.85419	0.01533	0.02055	0.00783	0.00783	0.00555	0.00391	0.00326	0.00098	0.00359	0.00294	0.00326	0.00555
14	0.04131	0.00582	0.00759	0.00586	0.00833	0.00527	0.00483	0.08584	0.00972	0.74906	0.03338	0.01098	0.00829	0.00406	0.00325	0.00101	0.00280	0.00327	0.00390	0.00543
15	0.00398	0.00333	0.00348	0.00349	0.00455	0.00282	0.00265	0.00490	0.00759	0.00921	0.10156	0.03104	0.75640	0.00816	0.00388	0.00111	0.00170	0.04430	0.00307	0.00279
16	0.00468	0.00319	0.00373	0.00375	0.00385	0.00322	0.00224	0.00484	0.00492	0.00659	0.01104	0.05345	0.03547	0.74219	0.10097	0.00324	0.00363	0.00485	0.00202	0.00212
17	0.00788	0.00763	0.01243	0.12536	0.65921	0.02972	0.02984	0.01004	0.03318	0.01038	0.00628	0.00818	0.00517	0.00298	0.00321	0.00097	0.00393	0.00289	0.00166	0.03906
18	0.00438	0.00340	0.00401	0.00399	0.00484	0.00309	0.00296	0.00580	0.04033	0.01077	0.38594	0.15217	0.33878	0.00773	0.00388	0.00111	0.00169	0.01888	0.00328	0.00297
19	0.03095	0.00874	0.01027	0.08965	0.16765	0.11173	0.04779	0.34212	0.03409	0.09121	0.00809	0.00871	0.02676	0.00366	0.00324	0.00099	0.00390	0.00299	0.00256	0.00491
20	0.25858	0.02956	0.00780	0.01888	0.06840	0.15592	0.05049	0.07446	0.02155	0.02480	0.00807	0.12269	0.02757	0.01795	0.00311	0.00100	0.00339	0.00335	0.00218	0.10026
21	0.04980	0.02741	0.00682	0.00624	0.04543	0.06908	0.01649	0.06932	0.07809	0.05770	0.02138	0.31110	0.02081	0.01968	0.00374	0.00106	0.02546	0.00500	0.00261	0.16279

[dist]
# distance from previous block
# <min> <max>
3	50

[block]
# block no. 6 follows, 87 sequences, length 20
# corresponding to MSA columns:
# 248-263,278-281
name=unknown_G
#
# <colnr> <probs for GDERKNQSTAVLIFYWHMCP>
#	G	D	E	R	K	N	Q	S	T	A	V	L	I	F	Y	W	H	M	C	P
0	0.10860	0.00721	0.02117	0.02515	0.00873	0.03607	0.02289	0.20773	0.07957	0.10366	0.08530	0.01064	0.03619	0.00457	0.00472	0.00109	0.18364	0.01322	0.00265	0.03723
1	0.00739	0.05285	0.08955	0.00649	0.00843	0.11150	0.04258	0.06711	0.15525	0.01145	0.17809	0.02987	0.07288	0.01562	0.00371	0.00103	0.02661	0.04282	0.00260	0.07417
2	0.01030	0.00455	0.00603	0.00514	0.00687	0.00399	0.00407	0.01141	0.00846	0.51304	0.07762	0.17324	0.12217	0.00604	0.00359	0.00109	0.00239	0.03193	0.00366	0.00441
3	0.00731	0.00738	0.01234	0.00946	0.01176	0.05409	0.41269	0.02166	0.13851	0.02884	0.07362	0.01479	0.13849	0.00448	0.00382	0.00110	0.01647	0.03669	0.00238	0.00411
4	0.00395	0.00316	0.00353	0.00375	0.00454	0.00275	0.00269	0.00475	0.00720	0.00898	0.09106	0.29364	0.54108	0.00874	0.00395	0.00116	0.00172	0.00754	0.00307	0.00275
5	0.90843	0.00631	0.00479	0.00429	0.00631	0.00732	0.00353	0.00959	0.00555	0.01463	0.00454	0.00530	0.00353	0.00303	0.00202	0.00101	0.00252	0.00177	0.00202	0.00353
6	0.00399	0.00328	0.00351	0.00351	0.00450	0.00280	0.00261	0.00493	0.00768	0.00953	0.17792	0.07548	0.67277	0.00808	0.00387	0.00110	0.00164	0.00684	0.00313	0.00280
7	0.01186	0.00895	0.03102	0.00726	0.00975	0.03999	0.00605	0.68294	0.03709	0.07163	0.00852	0.03572	0.00630	0.00409	0.00326	0.00099	0.00353	0.00314	0.02262	0.00531
8	0.00454	0.00336	0.00391	0.00381	0.00475	0.00294	0.00284	0.00564	0.00810	0.04101	0.35461	0.10092	0.43648	0.00766	0.00386	0.00109	0.00167	0.00657	0.00328	0.00297
9	0.00708	0.04918	0.78731	0.00895	0.01357	0.00762	0.01139	0.01062	0.00701	0.05896	0.00620	0.00706	0.00436	0.00314	0.00307	0.00102	0.00465	0.00243	0.00153	0.00484
10	0.02348	0.04666	0.00777	0.01901	0.00834	0.03871	0.02195	0.11721	0.02691	0.02249	0.00718	0.07626	0.00632	0.00337	0.00273	0.00069	0.00281	0.00275	0.00220	0.56317
11	0.00612	0.00531	0.07398	0.08126	0.03017	0.02213	0.01418	0.02549	0.04671	0.09297	0.05891	0.43505	0.07063	0.00747	0.01294	0.00122	0.00270	0.00644	0.00281	0.00350
12	0.01814	0.13769	0.16029	0.00765	0.01044	0.04190	0.11445	0.09832	0.07548	0.18129	0.01908	0.01875	0.01691	0.01410	0.01619	0.00107	0.01916	0.01949	0.00243	0.02716
13	0.00877	0.06821	0.11096	0.00874	0.01127	0.13056	0.22780	0.13521	0.05316	0.04906	0.07983	0.04833	0.02285	0.00406	0.00350	0.00102	0.01744	0.01258	0.00229	0.00436
14	0.07505	0.00371	0.00437	0.00424	0.00525	0.00345	0.00319	0.00676	0.00772	0.10396	0.26282	0.19577	0.24468	0.02565	0.00400	0.00117	0.00194	0.03989	0.00320	0.00318
15	0.02707	0.02637	0.16130	0.05005	0.03532	0.02492	0.06771	0.08420	0.07036	0.26480	0.02146	0.02862	0.01745	0.00426	0.00347	0.00106	0.01881	0.06983	0.00273	0.02020
16	0.04091	0.00741	0.06497	0.00862	0.01116	0.01934	0.30424	0.05751	0.02965	0.19633	0.00991	0.08925	0.02303	0.03853	0.00400	0.00113	0.00384	0.02559	0.00251	0.06205
17	0.00731	0.00768	0.04875	0.11487	0.13771	0.00718	0.42139	0.00986	0.04185	0.04071	0.00899	0.07954	0.04126	0.00385	0.00365	0.00110	0.00441	0.01367	0.00194	0.00428
18	0.00653	0.02402	0.01909	0.00576	0.01965	0.00502	0.03445	0.02222	0.21062	0.07311	0.02633	0.23757	0.13205	0.00660	0.00363	0.00113	0.00247	0.08688	0.03135	0.05153
19	0.03781	0.00778	0.11376	0.00700	0.00984	0.02106	0.11030	0.08326	0.03115	0.23829	0.02691	0.00968	0.01897	0.00350	0.00308	0.00089	0.00332	0.01682	0.02005	0.23653

[dist]
# distance from previous block
# <min> <max>
5	46

[block]
# block no. 7 follows, 87 sequences, length 22
# corresponding to MSA columns:
# 334-355
name=unknown_H
#
# <colnr> <probs for GDERKNQSTAVLIFYWHMCP>
#	G	D	E	R	K	N	Q	S	T	A	V	L	I	F	Y	W	H	M	C	P
0	0.00932	0.10808	0.02381	0.00803	0.07392	0.09418	0.04691	0.28607	0.14426	0.01346	0.02060	0.12390	0.00831	0.00451	0.00324	0.00100	0.00351	0.00373	0.00262	0.02055
1	0.00653	0.00516	0.00562	0.00513	0.00626	0.03355	0.00376	0.02882	0.25055	0.03171	0.08605	0.03880	0.02838	0.27683	0.05980	0.00193	0.00314	0.03747	0.00264	0.08786
2	0.04256	0.01797	0.00865	0.00839	0.11972	0.01863	0.09449	0.03136	0.17214	0.09508	0.16849	0.07484	0.01304	0.00548	0.02150	0.00119	0.04186	0.05762	0.00278	0.00422
3	0.00687	0.03866	0.30652	0.00944	0.04838	0.00711	0.22971	0.04093	0.07140	0.01124	0.14048	0.03278	0.03375	0.00399	0.00345	0.00105	0.00403	0.00374	0.00210	0.00437
4	0.00445	0.00308	0.00382	0.00416	0.00433	0.00300	0.00269	0.00486	0.00572	0.00766	0.05142	0.37540	0.01699	0.42017	0.02754	0.00226	0.00267	0.05488	0.00253	0.00238
5	0.03978	0.00585	0.00723	0.00583	0.00806	0.00568	0.00473	0.04786	0.19798	0.55187	0.04815	0.01163	0.00922	0.00419	0.00324	0.00102	0.00266	0.00341	0.03642	0.00521
6	0.04715	0.02295	0.12262	0.05778	0.06699	0.08835	0.43691	0.02634	0.03367	0.05539	0.00672	0.00824	0.00501	0.00304	0.00344	0.00104	0.00486	0.00322	0.00182	0.00446
7	0.00771	0.00727	0.03566	0.22679	0.54987	0.00732	0.02379	0.00967	0.00717	0.04781	0.00651	0.00886	0.00533	0.03807	0.00378	0.00109	0.00397	0.00300	0.00169	0.00466
8	0.00494	0.00361	0.00437	0.00460	0.00559	0.00332	0.00376	0.00619	0.01889	0.04351	0.06253	0.05205	0.42201	0.00832	0.00409	0.00126	0.00225	0.34262	0.00309	0.00301
9	0.04457	0.00335	0.00403	0.00419	0.00493	0.00309	0.00303	0.00569	0.00740	0.04405	0.23830	0.37447	0.22368	0.00826	0.00388	0.00117	0.00182	0.01798	0.00317	0.00294
10	0.09044	0.08053	0.19248	0.05577	0.14956	0.03818	0.19574	0.01046	0.08269	0.01058	0.00717	0.05908	0.00598	0.00351	0.00319	0.00103	0.00414	0.00323	0.00182	0.00442
11	0.01113	0.01275	0.00948	0.00830	0.00976	0.55491	0.00646	0.14082	0.00926	0.00988	0.00530	0.00645	0.00442	0.00395	0.00466	0.00099	0.19321	0.00239	0.00187	0.00401
12	0.00743	0.00374	0.00476	0.00448	0.00530	0.00347	0.00313	0.00805	0.00664	0.25569	0.01340	0.28160	0.01354	0.31534	0.00817	0.00185	0.00257	0.00561	0.05195	0.00327
13	0.00463	0.00329	0.00428	0.00434	0.00471	0.00345	0.00302	0.00531	0.00557	0.00768	0.06971	0.08269	0.05672	0.36039	0.33661	0.00349	0.00496	0.02369	0.01293	0.00253
14	0.01173	0.06255	0.00969	0.04670	0.01054	0.78727	0.00638	0.01264	0.00898	0.00798	0.00505	0.00597	0.00421	0.00332	0.00291	0.00084	0.00568	0.00212	0.00165	0.00380
15	0.00488	0.00361	0.00482	0.00472	0.00499	0.00410	0.00334	0.00548	0.00499	0.00702	0.00911	0.01630	0.00956	0.41804	0.41554	0.00400	0.07112	0.00402	0.00183	0.00253
16	0.00628	0.00376	0.00483	0.00477	0.00567	0.00353	0.00351	0.03092	0.03858	0.15231	0.18939	0.43462	0.07354	0.00793	0.00388	0.00118	0.00205	0.02651	0.00333	0.00340
17	0.02860	0.00740	0.03041	0.00683	0.00916	0.00754	0.02783	0.31298	0.16694	0.28326	0.03420	0.02979	0.00809	0.00424	0.00350	0.00104	0.02625	0.00339	0.00336	0.00520
18	0.16407	0.00866	0.00894	0.00696	0.00947	0.00964	0.00575	0.71122	0.01368	0.01955	0.00727	0.00740	0.00520	0.00376	0.00305	0.00098	0.00341	0.00274	0.00305	0.00520
19	0.00479	0.00317	0.00372	0.00372	0.00376	0.00321	0.00218	0.00480	0.00475	0.00638	0.00991	0.02008	0.01124	0.77385	0.08000	0.05240	0.00356	0.00455	0.00193	0.00201
20	0.13975	0.00593	0.00672	0.00558	0.00756	0.00603	0.00448	0.17418	0.08728	0.30879	0.06867	0.08870	0.07253	0.00493	0.00326	0.00105	0.00264	0.00400	0.00334	0.00460
21	0.12319	0.14595	0.00759	0.03967	0.00730	0.00647	0.01185	0.08920	0.06564	0.02526	0.33573	0.03021	0.05051	0.00502	0.00319	0.00098	0.00247	0.02101	0.00281	0.02594

[dist]
# distance from previous block
# <min> <max>
1	23

[block]
# block no. 8 follows, 87 sequences, length 20
# corresponding to MSA columns:
# 380-387,405-416
name=unknown_I
#
# <colnr> <probs for GDERKNQSTAVLIFYWHMCP>
#	G	D	E	R	K	N	Q	S	T	A	V	L	I	F	Y	W	H	M	C	P
0	0.00611	0.00494	0.00554	0.00559	0.04040	0.08665	0.01512	0.01651	0.03308	0.03625	0.15889	0.07630	0.01387	0.24822	0.16379	0.02202	0.00404	0.03724	0.02242	0.00302
1	0.00439	0.00329	0.00402	0.00389	0.00469	0.00297	0.00287	0.00562	0.00840	0.01141	0.56282	0.07425	0.24772	0.04390	0.00440	0.00115	0.00166	0.00630	0.00334	0.00292
2	0.00746	0.00621	0.00714	0.00516	0.00803	0.00507	0.00416	0.11374	0.00783	0.01186	0.00605	0.00689	0.00492	0.00260	0.00252	0.00054	0.00256	0.00206	0.00210	0.79309
3	0.00571	0.00375	0.00473	0.00487	0.00574	0.00356	0.00374	0.03540	0.03084	0.09180	0.09161	0.32989	0.16713	0.01942	0.00417	0.00127	0.00224	0.18776	0.00317	0.00322
4	0.01019	0.03297	0.02482	0.05856	0.31390	0.11021	0.00765	0.30339	0.02200	0.05586	0.00720	0.02569	0.00564	0.00355	0.00320	0.00097	0.00393	0.00294	0.00235	0.00499
5	0.00851	0.00526	0.00700	0.07871	0.07401	0.00533	0.00500	0.07352	0.09048	0.22647	0.28192	0.03290	0.03325	0.00499	0.00358	0.00103	0.01892	0.00425	0.04059	0.00428
6	0.00445	0.00318	0.00377	0.00390	0.00430	0.00301	0.00260	0.00503	0.00640	0.00847	0.16698	0.18813	0.16078	0.37737	0.00930	0.00201	0.00237	0.04280	0.00268	0.00247
7	0.02660	0.10550	0.17523	0.06282	0.03775	0.04074	0.26943	0.00972	0.03034	0.02685	0.02488	0.09555	0.00697	0.00395	0.00377	0.00106	0.05567	0.00363	0.00183	0.01773
8	0.04493	0.12844	0.03666	0.08877	0.19722	0.13915	0.05400	0.06943	0.12794	0.04600	0.00741	0.03302	0.00599	0.00353	0.00306	0.00097	0.00393	0.00293	0.00208	0.00453
9	0.00566	0.00283	0.00425	0.00425	0.00425	0.00283	0.00283	0.00425	0.00425	0.00566	0.00566	0.00991	0.00566	0.01133	0.01274	0.90513	0.00283	0.00283	0.00142	0.00142
10	0.00510	0.00333	0.00481	0.00478	0.00505	0.00369	0.00346	0.00516	0.00484	0.00676	0.00788	0.03408	0.00788	0.12048	0.40808	0.33091	0.03624	0.00352	0.00167	0.00228
11	0.00850	0.13624	0.30444	0.03381	0.09055	0.05578	0.04063	0.07940	0.15183	0.05676	0.00746	0.00802	0.00558	0.00338	0.00305	0.00098	0.00403	0.00272	0.00205	0.00481
12	0.01025	0.01133	0.01105	0.01259	0.31489	0.39234	0.04686	0.08279	0.06747	0.01049	0.00630	0.00739	0.00509	0.00329	0.00314	0.00093	0.00473	0.00265	0.00190	0.00455
13	0.00473	0.00319	0.00366	0.00372	0.00380	0.00317	0.00221	0.00485	0.00501	0.00664	0.01142	0.04729	0.03190	0.78946	0.01525	0.00297	0.00308	0.05351	0.00209	0.00207
14	0.00730	0.01063	0.29757	0.04120	0.12291	0.00756	0.25550	0.06459	0.03651	0.01094	0.00782	0.04880	0.01723	0.00375	0.00359	0.00108	0.01854	0.03809	0.00184	0.00454
15	0.03667	0.00725	0.00962	0.48057	0.06871	0.08751	0.03252	0.11115	0.04335	0.04176	0.02584	0.00904	0.00564	0.02262	0.00351	0.00108	0.00413	0.00297	0.00195	0.00407
16	0.00697	0.00663	0.01125	0.51329	0.38038	0.00746	0.00946	0.00904	0.00690	0.00932	0.00594	0.00843	0.00469	0.00311	0.00325	0.00104	0.00415	0.00290	0.00152	0.00428
17	0.00416	0.00304	0.00391	0.00443	0.00485	0.00282	0.00312	0.00495	0.00684	0.00906	0.12613	0.57980	0.12822	0.02890	0.00439	0.00131	0.00194	0.07636	0.00307	0.00273
18	0.00972	0.04589	0.12103	0.08176	0.05529	0.03559	0.15280	0.12774	0.03539	0.21546	0.00889	0.03809	0.00678	0.00390	0.00345	0.00105	0.01483	0.03508	0.00252	0.00473
19	0.00962	0.00916	0.01159	0.04986	0.02474	0.22522	0.26717	0.06931	0.03197	0.12545	0.01887	0.07187	0.00722	0.01341	0.00382	0.00107	0.02954	0.02359	0.00228	0.00425

[dist]
# distance from previous block
# <min> <max>
0	2

[block]
# block no. 9 follows, 87 sequences, length 6
# corresponding to MSA columns:
# 419-424
name=unknown_J
#
# <colnr> <probs for GDERKNQSTAVLIFYWHMCP>
#	G	D	E	R	K	N	Q	S	T	A	V	L	I	F	Y	W	H	M	C	P
0	0.09721	0.32897	0.01156	0.00691	0.00903	0.43954	0.00572	0.01171	0.04640	0.00877	0.00518	0.00587	0.00439	0.00317	0.00256	0.00082	0.00454	0.00201	0.00168	0.00396
1	0.08613	0.00558	0.00649	0.00486	0.00744	0.00456	0.00390	0.00927	0.00725	0.13664	0.08335	0.00884	0.00751	0.00309	0.00263	0.00065	0.00240	0.00247	0.00240	0.61454
2	0.14047	0.04793	0.11338	0.00739	0.02612	0.24209	0.03323	0.09547	0.13925	0.01145	0.00768	0.06181	0.00652	0.02620	0.02634	0.00115	0.00413	0.00302	0.00218	0.00419
3	0.00497	0.00364	0.00493	0.00449	0.00479	0.00363	0.07068	0.00527	0.00501	0.00674	0.00988	0.01977	0.01106	0.75826	0.07129	0.00313	0.00371	0.00459	0.00193	0.00223
4	0.00468	0.00287	0.00395	0.00433	0.00450	0.00273	0.00291	0.00443	0.00548	0.00723	0.01375	0.45535	0.07121	0.01056	0.00779	0.38512	0.00228	0.00638	0.00234	0.00213
5	0.00764	0.23967	0.15967	0.09040	0.20700	0.08229	0.02681	0.00947	0.00716	0.00923	0.03213	0.07874	0.00700	0.00384	0.00303	0.00096	0.00394	0.02507	0.00172	0.00425

[dist]
# distance from previous block
# <min> <max>
0	10

# created by:
# /home/simao/soft/augustus-3.0.3/scripts/msa2prfl.pl ./prep/103854.aln
