[name]
unknown

[dist]
# distance from previous block
# <min> <max>
0	152

[block]
# block no. 0 follows, 83 sequences, length 6
# corresponding to MSA columns:
# 152-157
name=unknown_A
#
# <colnr> <probs for GDERKNQSTAVLIFYWHMCP>
#	G	D	E	R	K	N	Q	S	T	A	V	L	I	F	Y	W	H	M	C	P
0	0.09687	0.22077	0.10420	0.00664	0.00890	0.04052	0.00631	0.12935	0.00859	0.03572	0.01009	0.01731	0.00972	0.00537	0.00337	0.00113	0.00359	0.28492	0.00244	0.00416
1	0.00984	0.21126	0.06585	0.00679	0.00919	0.07671	0.00597	0.28916	0.13344	0.01399	0.00865	0.05580	0.00708	0.00412	0.00303	0.00096	0.00352	0.00314	0.08671	0.00478
2	0.10923	0.61644	0.05884	0.00652	0.00946	0.01156	0.07179	0.01062	0.00704	0.06396	0.00550	0.00621	0.00459	0.00302	0.00244	0.00083	0.00370	0.00212	0.00172	0.00441
3	0.00607	0.00345	0.00484	0.00451	0.00501	0.00320	0.00312	0.00509	0.00484	0.00673	0.00591	0.00976	0.00574	0.01024	0.01147	0.75292	0.00287	0.00279	0.00156	0.14987
4	0.00935	0.48254	0.21458	0.00733	0.01050	0.16660	0.00754	0.04945	0.00785	0.00929	0.00528	0.00608	0.00440	0.00313	0.00263	0.00085	0.00440	0.00210	0.00159	0.00449
5	0.00925	0.04169	0.11547	0.00700	0.00965	0.00815	0.00624	0.23878	0.29869	0.04240	0.06458	0.01052	0.00877	0.00408	0.00327	0.00100	0.00320	0.00328	0.00296	0.12102

[dist]
# distance from previous block
# <min> <max>
2	4

[block]
# block no. 1 follows, 83 sequences, length 6
# corresponding to MSA columns:
# 162-167
name=unknown_B
#
# <colnr> <probs for GDERKNQSTAVLIFYWHMCP>
#	G	D	E	R	K	N	Q	S	T	A	V	L	I	F	Y	W	H	M	C	P
0	0.00477	0.00404	0.00540	0.08215	0.10681	0.00384	0.00429	0.00580	0.00722	0.00916	0.02324	0.31482	0.39963	0.00816	0.00398	0.00121	0.00232	0.00714	0.00283	0.00320
1	0.37313	0.00631	0.00767	0.23421	0.12875	0.00722	0.00618	0.00929	0.03635	0.01189	0.00907	0.01033	0.10481	0.00399	0.00323	0.00110	0.03748	0.00304	0.00203	0.00389
2	0.11383	0.00750	0.01107	0.19164	0.34075	0.00810	0.05125	0.14320	0.03677	0.01257	0.00685	0.00895	0.00552	0.04324	0.00389	0.00115	0.00392	0.00305	0.00204	0.00471
3	0.03854	0.00819	0.01157	0.23644	0.45507	0.10167	0.00902	0.01041	0.00765	0.04052	0.00633	0.00826	0.00507	0.00319	0.00325	0.00100	0.00422	0.00285	0.00176	0.04497
4	0.15513	0.00726	0.00762	0.04606	0.04691	0.11636	0.02000	0.01109	0.05778	0.15931	0.10387	0.01077	0.02412	0.01949	0.00366	0.00100	0.04168	0.00313	0.00260	0.16217
5	0.02993	0.08287	0.00950	0.26747	0.01301	0.00661	0.06688	0.02941	0.02719	0.01070	0.10678	0.02868	0.00876	0.00377	0.00314	0.00091	0.00338	0.02100	0.00210	0.27793

[dist]
# distance from previous block
# <min> <max>
8	17

[block]
# block no. 2 follows, 83 sequences, length 12
# corresponding to MSA columns:
# 185-196
name=unknown_C
#
# <colnr> <probs for GDERKNQSTAVLIFYWHMCP>
#	G	D	E	R	K	N	Q	S	T	A	V	L	I	F	Y	W	H	M	C	P
0	0.01312	0.02395	0.06946	0.00733	0.01016	0.00584	0.11605	0.01499	0.02638	0.63370	0.03512	0.01119	0.00828	0.00401	0.00346	0.00106	0.00338	0.00347	0.00359	0.00545
1	0.00448	0.00345	0.00419	0.00431	0.00510	0.00319	0.00319	0.00573	0.02552	0.01037	0.26444	0.22361	0.31195	0.00971	0.06508	0.00150	0.00234	0.04562	0.00322	0.00301
2	0.01134	0.01411	0.06921	0.00821	0.01010	0.64232	0.00653	0.01295	0.05970	0.04522	0.00734	0.08368	0.00648	0.00419	0.00322	0.00096	0.00532	0.00301	0.00205	0.00406
3	0.03101	0.04049	0.04985	0.11469	0.02832	0.00640	0.04381	0.07048	0.00933	0.55387	0.01081	0.01026	0.00708	0.00388	0.00335	0.00105	0.00342	0.00322	0.00336	0.00532
4	0.01520	0.00576	0.00786	0.00603	0.00865	0.00498	0.00498	0.01651	0.00970	0.86216	0.01336	0.01153	0.00839	0.00419	0.00341	0.00105	0.00288	0.00341	0.00419	0.00576
5	0.00740	0.00716	0.01359	0.32631	0.11848	0.00747	0.32235	0.00967	0.00742	0.03850	0.00758	0.01151	0.00628	0.04427	0.00434	0.00124	0.00470	0.05569	0.00182	0.00420
6	0.00656	0.00635	0.01119	0.78283	0.02274	0.00764	0.09725	0.00889	0.00690	0.00889	0.00611	0.00904	0.00458	0.00333	0.00345	0.00113	0.00464	0.00311	0.00153	0.00385
7	0.00942	0.00787	0.02899	0.14188	0.03833	0.00802	0.25525	0.19936	0.03887	0.11405	0.07835	0.01050	0.00793	0.00391	0.00395	0.00110	0.04126	0.00363	0.00256	0.00476
8	0.90488	0.00655	0.00498	0.00445	0.00655	0.00760	0.00367	0.00996	0.00576	0.01520	0.00472	0.00550	0.00367	0.00314	0.00210	0.00105	0.00262	0.00183	0.00210	0.00367
9	0.13625	0.00825	0.19923	0.00633	0.00862	0.03934	0.00605	0.05603	0.00801	0.16480	0.07614	0.14665	0.03670	0.03416	0.02263	0.00129	0.00338	0.03923	0.00274	0.00418
10	0.04538	0.12001	0.05336	0.00522	0.00711	0.00554	0.01969	0.00899	0.04075	0.12144	0.29320	0.04301	0.14274	0.00554	0.00343	0.00100	0.00247	0.00464	0.00301	0.07348
11	0.00525	0.00407	0.00476	0.00452	0.00556	0.00394	0.00340	0.04603	0.09332	0.01216	0.40446	0.10705	0.25951	0.00776	0.02181	0.00121	0.00203	0.00633	0.00343	0.00339

[dist]
# distance from previous block
# <min> <max>
0	1

[block]
# block no. 3 follows, 83 sequences, length 8
# corresponding to MSA columns:
# 198-205
name=unknown_D
#
# <colnr> <probs for GDERKNQSTAVLIFYWHMCP>
#	G	D	E	R	K	N	Q	S	T	A	V	L	I	F	Y	W	H	M	C	P
0	0.00885	0.00714	0.00735	0.00655	0.00836	0.06147	0.00509	0.01591	0.59534	0.09842	0.13407	0.01393	0.01286	0.00482	0.00350	0.00111	0.00276	0.00401	0.00345	0.00500
1	0.00913	0.25100	0.19014	0.03473	0.01192	0.00999	0.12167	0.22474	0.05581	0.01294	0.04168	0.00830	0.00627	0.00353	0.00313	0.00098	0.00411	0.00289	0.00218	0.00487
2	0.00837	0.00759	0.01291	0.07167	0.61056	0.00762	0.07750	0.01067	0.04244	0.05798	0.00822	0.03014	0.03188	0.00351	0.00346	0.00105	0.00396	0.00343	0.00196	0.00508
3	0.00838	0.00805	0.01375	0.02079	0.85982	0.00805	0.01040	0.01040	0.00771	0.01107	0.00637	0.00838	0.00537	0.00302	0.00335	0.00101	0.00402	0.00302	0.00168	0.00537
4	0.00647	0.00453	0.00578	0.00536	0.00620	0.00492	0.00405	0.14358	0.03529	0.01027	0.07373	0.01484	0.03070	0.11239	0.33217	0.17492	0.00528	0.02406	0.00230	0.00315
5	0.29974	0.00672	0.00660	0.00576	0.00772	0.05984	0.00465	0.05712	0.14527	0.19884	0.09460	0.01279	0.01005	0.00456	0.00313	0.00110	0.00290	0.07109	0.00307	0.00444
6	0.09568	0.00636	0.00735	0.00598	0.00820	0.00640	0.00484	0.17959	0.11117	0.37497	0.04059	0.04045	0.09376	0.00485	0.00339	0.00107	0.00282	0.00390	0.00359	0.00505
7	0.49438	0.00769	0.00662	0.00569	0.00785	0.09338	0.00458	0.07234	0.11741	0.14943	0.00756	0.00763	0.00550	0.00360	0.00267	0.00104	0.00310	0.00246	0.00266	0.00440

[dist]
# distance from previous block
# <min> <max>
6	9

[block]
# block no. 4 follows, 83 sequences, length 35
# corresponding to MSA columns:
# 234-268
name=unknown_E
#
# <colnr> <probs for GDERKNQSTAVLIFYWHMCP>
#	G	D	E	R	K	N	Q	S	T	A	V	L	I	F	Y	W	H	M	C	P
0	0.01831	0.10279	0.39288	0.00760	0.01108	0.00771	0.00835	0.04568	0.12623	0.15356	0.03262	0.01056	0.05998	0.00401	0.00324	0.00104	0.00381	0.00317	0.00243	0.00495
1	0.47638	0.02831	0.00687	0.00582	0.00773	0.05341	0.00471	0.02591	0.22271	0.02376	0.00723	0.00768	0.00562	0.00379	0.00335	0.00108	0.08076	0.00251	0.00240	0.02998
2	0.00787	0.00836	0.01678	0.05170	0.29155	0.00808	0.49983	0.01032	0.00778	0.01072	0.00722	0.05027	0.00601	0.00330	0.00378	0.00111	0.00493	0.00391	0.00176	0.00471
3	0.00891	0.02375	0.00997	0.37122	0.03360	0.32879	0.00779	0.01034	0.00757	0.00842	0.00565	0.00807	0.00472	0.03227	0.00476	0.00114	0.12486	0.00274	0.00161	0.00380
4	0.00583	0.00470	0.00538	0.00550	0.00646	0.00500	0.00403	0.00997	0.33618	0.01089	0.01815	0.43973	0.09229	0.00805	0.00397	0.00127	0.00226	0.03328	0.00326	0.00379
5	0.01117	0.00659	0.00770	0.00650	0.00867	0.00691	0.00517	0.04913	0.45015	0.35562	0.01358	0.04400	0.00982	0.00464	0.00346	0.00111	0.00278	0.00384	0.00373	0.00544
6	0.00812	0.00774	0.01317	0.08532	0.76452	0.00786	0.01014	0.01014	0.00764	0.01085	0.00677	0.00953	0.00582	0.00328	0.00340	0.00104	0.00403	0.03375	0.00172	0.00516
7	0.00437	0.00319	0.00411	0.00442	0.00494	0.00293	0.00311	0.00537	0.00778	0.01057	0.33930	0.47400	0.10533	0.00902	0.00417	0.00124	0.00180	0.00806	0.00337	0.00293
8	0.00906	0.88299	0.01775	0.00580	0.00869	0.01340	0.00580	0.01014	0.00688	0.00797	0.00471	0.00543	0.00435	0.00290	0.00217	0.00072	0.00362	0.00181	0.00145	0.00435
9	0.00688	0.00696	0.07545	0.74509	0.02184	0.00746	0.03030	0.00923	0.00697	0.04868	0.00639	0.00901	0.00469	0.00340	0.00339	0.00112	0.00451	0.00301	0.00163	0.00397
10	0.00873	0.01442	0.56774	0.00885	0.01300	0.00836	0.01026	0.22740	0.03428	0.04886	0.02200	0.00806	0.00550	0.00358	0.00329	0.00106	0.00446	0.00278	0.00215	0.00521
11	0.00927	0.31166	0.01154	0.00683	0.00903	0.12120	0.00575	0.03510	0.40627	0.01127	0.00913	0.00904	0.00721	0.00389	0.00317	0.00097	0.02852	0.00287	0.00248	0.00479
12	0.04499	0.41220	0.44179	0.00768	0.01160	0.01038	0.00908	0.01043	0.00697	0.00965	0.00540	0.00630	0.00429	0.00307	0.00269	0.00091	0.00428	0.00216	0.00147	0.00465
13	0.00537	0.00903	0.33830	0.00608	0.00874	0.00494	0.00662	0.00760	0.00784	0.01072	0.18464	0.02020	0.32787	0.00592	0.00363	0.00107	0.00301	0.00493	0.00255	0.04096
14	0.00562	0.00361	0.00474	0.00494	0.02663	0.00329	0.00347	0.00671	0.00813	0.09953	0.32490	0.35627	0.12282	0.00817	0.00405	0.00119	0.00195	0.00725	0.00343	0.00331
15	0.00843	0.00721	0.01090	0.04125	0.38177	0.00757	0.00785	0.02006	0.00727	0.08339	0.01675	0.00839	0.00565	0.00374	0.00494	0.00102	0.19855	0.00288	0.00195	0.18041
16	0.00708	0.00644	0.00817	0.00660	0.00820	0.00692	0.00536	0.00873	0.05618	0.01008	0.03123	0.04181	0.00657	0.00440	0.00603	0.00097	0.34175	0.00290	0.00198	0.43859
17	0.00905	0.14891	0.12712	0.01303	0.34502	0.07315	0.06687	0.03184	0.00796	0.06946	0.00652	0.00774	0.00516	0.00312	0.00311	0.00093	0.00417	0.00271	0.00186	0.07226
18	0.00843	0.00752	0.01115	0.14124	0.39462	0.00817	0.02130	0.04552	0.25471	0.03438	0.00869	0.00978	0.00676	0.00369	0.00362	0.00108	0.02869	0.00328	0.00230	0.00509
19	0.03385	0.00357	0.00429	0.00422	0.00507	0.00333	0.00312	0.00620	0.02962	0.01191	0.49859	0.15785	0.21059	0.00768	0.00397	0.00113	0.00174	0.00670	0.00345	0.00312
20	0.22696	0.23564	0.02978	0.00612	0.02701	0.00885	0.00522	0.13704	0.05625	0.07067	0.00691	0.02663	0.00554	0.00344	0.00264	0.00089	0.00312	0.00247	0.00233	0.14247
21	0.00671	0.05306	0.02012	0.04051	0.11202	0.00538	0.01781	0.01747	0.02402	0.07055	0.06383	0.30830	0.02414	0.00672	0.01410	0.00118	0.04493	0.04893	0.00264	0.11759
22	0.02298	0.12803	0.27288	0.00807	0.01130	0.08391	0.03362	0.24534	0.08619	0.03196	0.02758	0.00850	0.01738	0.00373	0.00317	0.00100	0.00417	0.00286	0.00234	0.00498
23	0.00470	0.00339	0.00441	0.00430	0.00500	0.00313	0.00315	0.00610	0.00901	0.01266	0.70960	0.14186	0.04061	0.03153	0.00441	0.00117	0.00170	0.00658	0.00360	0.00310
24	0.70258	0.00648	0.00570	0.00486	0.00708	0.00716	0.00401	0.03534	0.00684	0.18357	0.00653	0.00678	0.00467	0.00338	0.00239	0.00105	0.00270	0.00218	0.00255	0.00415
25	0.00833	0.09048	0.01377	0.11562	0.54655	0.00843	0.07931	0.03603	0.00784	0.02336	0.00675	0.00925	0.00567	0.00329	0.00334	0.00102	0.00413	0.03009	0.00178	0.00496
26	0.00960	0.00462	0.00611	0.00534	0.00691	0.00423	0.00416	0.01124	0.05269	0.40119	0.19417	0.19326	0.04079	0.00698	0.03183	0.00128	0.00258	0.01494	0.00372	0.00438
27	0.00416	0.00345	0.00366	0.00375	0.00481	0.00295	0.00286	0.00508	0.00773	0.00934	0.05496	0.06790	0.72926	0.00868	0.00407	0.00119	0.00184	0.07826	0.00316	0.00289
28	0.02613	0.00813	0.01470	0.01173	0.07473	0.00796	0.45172	0.15828	0.00942	0.06988	0.00920	0.01287	0.02006	0.00405	0.00385	0.00115	0.00462	0.10446	0.00237	0.00470
29	0.00796	0.05787	0.02988	0.11866	0.24512	0.00856	0.44106	0.01058	0.02668	0.01055	0.00665	0.00876	0.00518	0.00301	0.00362	0.00108	0.00491	0.00346	0.00170	0.00470
30	0.37210	0.00650	0.00714	0.08682	0.02551	0.03444	0.01779	0.01252	0.03154	0.33220	0.02554	0.00918	0.01771	0.00375	0.00289	0.00106	0.00305	0.00281	0.00289	0.00455
31	0.00640	0.00602	0.01016	0.87281	0.02333	0.00753	0.00941	0.00866	0.00677	0.00866	0.00602	0.00903	0.00452	0.00339	0.00339	0.00113	0.00452	0.00301	0.00151	0.00376
32	0.02919	0.00866	0.04187	0.01092	0.02988	0.04672	0.44411	0.06657	0.12717	0.06061	0.02281	0.04243	0.02604	0.00392	0.00375	0.00113	0.00454	0.02268	0.00235	0.00465
33	0.03355	0.13555	0.23253	0.00908	0.08350	0.03016	0.06866	0.12101	0.04021	0.20139	0.00808	0.00839	0.00576	0.00351	0.00318	0.00101	0.00402	0.00285	0.00244	0.00513
34	0.00771	0.00789	0.07803	0.01673	0.62393	0.00708	0.00920	0.00967	0.00764	0.03069	0.02298	0.08517	0.04668	0.00421	0.00350	0.00107	0.00373	0.02720	0.00198	0.00491

[dist]
# distance from previous block
# <min> <max>
1	7

[block]
# block no. 5 follows, 83 sequences, length 23
# corresponding to MSA columns:
# 276-298
name=unknown_F
#
# <colnr> <probs for GDERKNQSTAVLIFYWHMCP>
#	G	D	E	R	K	N	Q	S	T	A	V	L	I	F	Y	W	H	M	C	P
0	0.14094	0.00409	0.00515	0.00594	0.04839	0.00418	0.00435	0.00657	0.00669	0.00997	0.01462	0.28806	0.03532	0.01977	0.00515	0.09571	0.00268	0.29669	0.00272	0.00301
1	0.01027	0.00917	0.00854	0.00737	0.00946	0.14687	0.00579	0.20462	0.50963	0.03433	0.01113	0.01055	0.00830	0.00429	0.00337	0.00107	0.00347	0.00338	0.00318	0.00523
2	0.00775	0.00867	0.01851	0.14385	0.01855	0.00841	0.72102	0.01052	0.00781	0.01052	0.00673	0.00912	0.00505	0.00294	0.00391	0.00114	0.00553	0.00385	0.00168	0.00445
3	0.00801	0.00709	0.01184	0.04910	0.65751	0.00708	0.00900	0.00978	0.00759	0.05300	0.00856	0.13992	0.00806	0.00424	0.00350	0.00107	0.00367	0.00404	0.00202	0.00493
4	0.00824	0.56866	0.32488	0.00720	0.01086	0.01139	0.00824	0.01036	0.00698	0.00897	0.00521	0.00606	0.00433	0.00301	0.00255	0.00085	0.00413	0.00206	0.00144	0.00459
5	0.00428	0.00302	0.00391	0.00453	0.00472	0.00286	0.00297	0.00481	0.00634	0.00849	0.04824	0.70584	0.02109	0.15424	0.00645	0.00168	0.00217	0.00872	0.00299	0.00265
6	0.14935	0.00608	0.00755	0.00588	0.00843	0.00567	0.00486	0.05997	0.00944	0.68942	0.01178	0.01044	0.00753	0.00403	0.00321	0.00105	0.00289	0.00315	0.00383	0.00545
7	0.00922	0.00791	0.00962	0.01006	0.18011	0.06887	0.05271	0.01528	0.47289	0.09284	0.03625	0.01140	0.00909	0.00414	0.00344	0.00109	0.00335	0.00359	0.00295	0.00519
8	0.00783	0.00750	0.01283	0.10705	0.65773	0.00768	0.04325	0.00977	0.00748	0.01057	0.00721	0.07207	0.00649	0.00367	0.00363	0.00106	0.02393	0.00354	0.00176	0.00494
9	0.00565	0.00361	0.00403	0.00382	0.00490	0.00327	0.00290	0.00706	0.02329	0.07179	0.23306	0.02394	0.36381	0.00663	0.00354	0.00103	0.00175	0.00557	0.22709	0.00327
10	0.14696	0.01397	0.00854	0.00777	0.00952	0.68938	0.00588	0.01267	0.00888	0.00958	0.00548	0.00638	0.00450	0.00346	0.00287	0.00089	0.00533	0.00218	0.05190	0.00385
11	0.00676	0.01206	0.47138	0.00771	0.01114	0.00698	0.00871	0.03831	0.17927	0.01174	0.07247	0.01343	0.13644	0.00460	0.00344	0.00110	0.00375	0.00375	0.00232	0.00465
12	0.00909	0.07122	0.01197	0.01464	0.47099	0.13821	0.00830	0.01264	0.20696	0.01116	0.00783	0.00883	0.00631	0.00345	0.00325	0.00100	0.00399	0.00300	0.00209	0.00508
13	0.00699	0.00760	0.13685	0.00633	0.00932	0.00516	0.06691	0.00901	0.01633	0.03926	0.09484	0.02801	0.02735	0.00348	0.00299	0.00075	0.00301	0.00299	0.00221	0.53060
14	0.00978	0.00830	0.01344	0.01224	0.18283	0.03503	0.29371	0.08239	0.15402	0.14112	0.00894	0.00974	0.00658	0.00357	0.00375	0.00109	0.02232	0.00353	0.00251	0.00511
15	0.00596	0.13636	0.00646	0.00439	0.00573	0.00477	0.00354	0.00725	0.00867	0.07177	0.44194	0.02334	0.25421	0.00658	0.00368	0.00103	0.00203	0.00556	0.00326	0.00346
16	0.00437	0.00335	0.00401	0.00404	0.00485	0.00299	0.00295	0.00551	0.00831	0.01100	0.39307	0.18824	0.33860	0.00823	0.00406	0.00115	0.00171	0.00717	0.00340	0.00299
17	0.05617	0.00982	0.00946	0.00774	0.01004	0.31166	0.08700	0.01443	0.03387	0.39337	0.00954	0.00967	0.00670	0.00388	0.00330	0.00101	0.00429	0.02028	0.00294	0.00483
18	0.00870	0.52893	0.15307	0.13748	0.01206	0.01092	0.02575	0.01048	0.00713	0.06924	0.00579	0.00677	0.00467	0.00311	0.00265	0.00087	0.00397	0.00227	0.00166	0.00447
19	0.00468	0.00349	0.00476	0.00488	0.00546	0.00373	0.00365	0.00563	0.00596	0.00810	0.01458	0.11427	0.13932	0.12656	0.49330	0.00388	0.00616	0.04649	0.00226	0.00285
20	0.00679	0.01752	0.86340	0.00966	0.01466	0.00787	0.01252	0.01073	0.00715	0.01073	0.00608	0.00715	0.00429	0.00322	0.00322	0.00107	0.00501	0.00250	0.00143	0.00501
21	0.01912	0.00750	0.01056	0.23017	0.15185	0.03324	0.05813	0.20389	0.00984	0.20426	0.00837	0.00927	0.00595	0.00365	0.00337	0.00105	0.00391	0.00314	0.02776	0.00497
22	0.70188	0.00697	0.00568	0.00499	0.00708	0.04154	0.00405	0.04187	0.06676	0.06499	0.00615	0.00663	0.00463	0.00337	0.00236	0.00104	0.00280	0.00215	0.02105	0.00399

[dist]
# distance from previous block
# <min> <max>
0	1

[block]
# block no. 6 follows, 83 sequences, length 17
# corresponding to MSA columns:
# 300-316
name=unknown_G
#
# <colnr> <probs for GDERKNQSTAVLIFYWHMCP>
#	G	D	E	R	K	N	Q	S	T	A	V	L	I	F	Y	W	H	M	C	P
0	0.00818	0.00798	0.11712	0.34024	0.19183	0.00739	0.00874	0.03227	0.09922	0.10862	0.02430	0.01005	0.02187	0.00369	0.00339	0.00109	0.00396	0.00322	0.00217	0.00468
1	0.15284	0.10674	0.00868	0.00683	0.08126	0.00643	0.00513	0.01309	0.00857	0.46276	0.10442	0.01114	0.00954	0.00408	0.00312	0.00101	0.00288	0.00324	0.00328	0.00495
2	0.08363	0.00466	0.00520	0.00456	0.00607	0.00438	0.01654	0.01719	0.08185	0.08117	0.12293	0.02120	0.32375	0.10674	0.00509	0.00129	0.00231	0.00504	0.00297	0.10343
3	0.00739	0.00571	0.00670	0.00493	0.00770	0.00437	0.00394	0.00881	0.00733	0.08416	0.00980	0.01026	0.10030	0.00333	0.00275	0.00062	0.00245	0.00270	0.00232	0.72443
4	0.01155	0.24800	0.01139	0.00733	0.00957	0.38742	0.00600	0.05311	0.10313	0.12103	0.00724	0.00746	0.00562	0.00357	0.00292	0.00089	0.00452	0.00247	0.00225	0.00453
5	0.00835	0.03870	0.01545	0.01228	0.08711	0.12589	0.48088	0.01057	0.00807	0.01035	0.00774	0.01174	0.00667	0.00368	0.00373	0.00109	0.00505	0.09929	0.00189	0.06147
6	0.03399	0.20583	0.01494	0.04141	0.23045	0.02062	0.26411	0.01000	0.00763	0.02031	0.04323	0.03006	0.02022	0.00367	0.00336	0.00102	0.00422	0.03857	0.00188	0.00449
7	0.00486	0.00405	0.00587	0.00516	0.00631	0.00366	0.09697	0.00629	0.00860	0.01153	0.44491	0.09163	0.28267	0.00727	0.00402	0.00112	0.00212	0.00647	0.00328	0.00321
8	0.00433	0.00314	0.00410	0.00460	0.00501	0.00291	0.00322	0.00520	0.00732	0.00986	0.20963	0.59560	0.07834	0.00959	0.00424	0.00130	0.00191	0.04355	0.00328	0.00287
9	0.38448	0.00758	0.00654	0.00565	0.00768	0.13400	0.00447	0.06638	0.00785	0.15444	0.00818	0.10735	0.00697	0.00424	0.00283	0.00101	0.00317	0.00314	0.00259	0.08146
10	0.00887	0.00816	0.01237	0.15216	0.58319	0.06266	0.00947	0.03943	0.02338	0.05777	0.00682	0.00858	0.00544	0.00324	0.00335	0.00102	0.00414	0.00300	0.00188	0.00506
11	0.00453	0.00347	0.00419	0.00460	0.00537	0.00318	0.00358	0.00551	0.00734	0.00923	0.02466	0.21852	0.37348	0.05065	0.00491	0.00143	0.00228	0.26712	0.00309	0.00288
12	0.00693	0.01656	0.76638	0.01019	0.01501	0.00795	0.10857	0.01074	0.00725	0.01074	0.00617	0.00738	0.00439	0.00318	0.00331	0.00108	0.00509	0.00268	0.00146	0.00496
13	0.00735	0.00736	0.01109	0.61692	0.17172	0.08173	0.03763	0.00946	0.00723	0.00913	0.00604	0.00867	0.00468	0.00331	0.00337	0.00109	0.00461	0.00297	0.00156	0.00409
14	0.10906	0.00486	0.00589	0.00500	0.00673	0.00457	0.00397	0.01105	0.04658	0.33988	0.31844	0.01796	0.10109	0.00551	0.00353	0.00107	0.00227	0.00460	0.00366	0.00430
15	0.00538	0.00335	0.00430	0.00465	0.00529	0.00303	0.00326	0.00610	0.00706	0.10692	0.02068	0.63726	0.16082	0.00953	0.00416	0.00130	0.00203	0.00850	0.00327	0.00312
16	0.45808	0.02783	0.10297	0.00690	0.00929	0.28441	0.04565	0.01124	0.00728	0.01213	0.00514	0.00605	0.00404	0.00325	0.00262	0.00099	0.00417	0.00212	0.00188	0.00396

[dist]
# distance from previous block
# <min> <max>
0	2

[block]
# block no. 7 follows, 83 sequences, length 16
# corresponding to MSA columns:
# 319-321,330-333,336-344
name=unknown_H
#
# <colnr> <probs for GDERKNQSTAVLIFYWHMCP>
#	G	D	E	R	K	N	Q	S	T	A	V	L	I	F	Y	W	H	M	C	P
0	0.00454	0.00343	0.00423	0.00440	0.00520	0.00313	0.00336	0.00573	0.00818	0.01079	0.32073	0.17843	0.28496	0.00847	0.00417	0.00122	0.00194	0.14073	0.00335	0.00300
1	0.00777	0.00730	0.01221	0.08061	0.68913	0.00739	0.00930	0.00960	0.00748	0.01056	0.02897	0.01054	0.02814	0.07146	0.00447	0.00120	0.00388	0.00335	0.00178	0.00487
2	0.00412	0.00299	0.00389	0.00462	0.00489	0.00276	0.00310	0.00473	0.00658	0.00869	0.01989	0.81303	0.08733	0.01045	0.00430	0.00136	0.00195	0.00944	0.00314	0.00276
3	0.00653	0.00610	0.01000	0.81559	0.02237	0.00759	0.00914	0.00927	0.06273	0.00902	0.00653	0.00927	0.00490	0.00347	0.00339	0.00113	0.00439	0.00306	0.00163	0.00387
4	0.90488	0.00655	0.00498	0.00445	0.00655	0.00760	0.00367	0.00996	0.00576	0.01520	0.00472	0.00550	0.00367	0.00314	0.00210	0.00105	0.00262	0.00183	0.00210	0.00367
5	0.00894	0.05250	0.01217	0.07442	0.50412	0.06381	0.01891	0.09451	0.02012	0.03857	0.07283	0.00959	0.00745	0.00353	0.00334	0.00100	0.00392	0.00318	0.00209	0.00498
6	0.03668	0.47753	0.12656	0.00866	0.11893	0.14907	0.00731	0.01089	0.00747	0.02184	0.00532	0.00624	0.00451	0.00308	0.00262	0.00085	0.00421	0.00214	0.00158	0.00450
7	0.00520	0.00462	0.00628	0.08527	0.18305	0.00439	0.00493	0.00646	0.00766	0.00966	0.05111	0.05199	0.52696	0.00700	0.00384	0.00113	0.00249	0.03178	0.00271	0.00347
8	0.87090	0.00653	0.00517	0.03729	0.00719	0.00760	0.00389	0.00991	0.00580	0.01495	0.00477	0.00564	0.00370	0.00315	0.00215	0.00105	0.00269	0.00188	0.00207	0.00367
9	0.02264	0.04086	0.17207	0.01281	0.26701	0.04884	0.16889	0.03656	0.02486	0.09880	0.00804	0.05697	0.00658	0.00374	0.00346	0.00106	0.00431	0.01551	0.00209	0.00489
10	0.00744	0.00731	0.07988	0.00622	0.02237	0.00530	0.04532	0.04358	0.00750	0.02443	0.00627	0.00727	0.00505	0.00268	0.00270	0.00062	0.00295	0.00222	0.00203	0.71885
11	0.00553	0.00461	0.00696	0.03430	0.24627	0.00451	0.00545	0.00669	0.00713	0.00964	0.05598	0.41229	0.08499	0.03629	0.00443	0.00131	0.00270	0.06469	0.00267	0.00355
12	0.11672	0.02981	0.15960	0.00603	0.00791	0.04709	0.02543	0.05664	0.02869	0.04754	0.11067	0.04864	0.01097	0.24928	0.00725	0.00167	0.01686	0.00392	0.00235	0.02291
13	0.17931	0.00661	0.01663	0.00789	0.15339	0.02225	0.00530	0.02071	0.05449	0.09602	0.00887	0.02000	0.04697	0.01946	0.00316	0.00092	0.00293	0.02298	0.00237	0.30975
14	0.18004	0.00766	0.02926	0.00968	0.24008	0.06798	0.00613	0.01049	0.07297	0.02648	0.00734	0.00829	0.02679	0.00322	0.00284	0.00086	0.00324	0.00259	0.01687	0.27719
15	0.16969	0.00682	0.00939	0.03338	0.36305	0.00682	0.00675	0.03962	0.02709	0.06034	0.02840	0.00943	0.00649	0.07138	0.00409	0.00112	0.00332	0.00291	0.00213	0.14777

[dist]
# distance from previous block
# <min> <max>
0	58

# created by:
# /home/simao/soft/augustus-3.0.3/scripts/msa2prfl.pl ./prep/104490.aln
