[name]
unknown

[dist]
# distance from previous block
# <min> <max>
26	702

[block]
# block no. 0 follows, 76 sequences, length 9
# corresponding to MSA columns:
# 843-851
name=unknown_A
#
# <colnr> <probs for GDERKNQSTAVLIFYWHMCP>
#	G	D	E	R	K	N	Q	S	T	A	V	L	I	F	Y	W	H	M	C	P
0	0.04538	0.00746	0.01251	0.37988	0.36251	0.00823	0.05080	0.01011	0.00780	0.01099	0.04415	0.00999	0.00653	0.00367	0.00382	0.00116	0.02506	0.00338	0.00183	0.00476
1	0.00864	0.02713	0.01276	0.36221	0.34987	0.03358	0.03068	0.02627	0.00803	0.04914	0.00689	0.00925	0.00543	0.00366	0.00405	0.00116	0.05129	0.00322	0.00187	0.00490
2	0.11389	0.10738	0.05629	0.21584	0.01436	0.00869	0.10173	0.07500	0.04309	0.04837	0.00705	0.00850	0.00541	0.00355	0.00350	0.00104	0.03147	0.00291	0.00216	0.14976
3	0.20178	0.00843	0.10642	0.30360	0.07631	0.00817	0.03541	0.04870	0.06514	0.03102	0.04462	0.00958	0.00661	0.00386	0.00353	0.00117	0.02243	0.00313	0.00218	0.01791
4	0.05900	0.00563	0.00797	0.24149	0.03867	0.00644	0.00628	0.00889	0.00744	0.09955	0.09594	0.07824	0.07358	0.07941	0.05340	0.00171	0.12533	0.00460	0.00253	0.00389
5	0.23699	0.01150	0.00908	0.07982	0.01101	0.36362	0.02360	0.09689	0.00910	0.01223	0.00618	0.00782	0.00510	0.03229	0.03217	0.00131	0.05227	0.00265	0.00213	0.00424
6	0.23664	0.11355	0.01135	0.17072	0.06456	0.03001	0.11415	0.01133	0.00780	0.11558	0.02458	0.00958	0.00630	0.00372	0.00321	0.00109	0.00397	0.02522	0.00229	0.04433
7	0.00524	0.00355	0.00405	0.00405	0.00413	0.00356	0.00234	0.00534	0.00544	0.00723	0.01240	0.02376	0.04716	0.79389	0.06071	0.00355	0.00377	0.00531	0.00224	0.00229
8	0.00443	0.00350	0.00392	0.00418	0.00499	0.00307	0.00295	0.00523	0.00774	0.00965	0.06058	0.30482	0.49639	0.06509	0.00532	0.00145	0.00203	0.00834	0.00332	0.00299

[dist]
# distance from previous block
# <min> <max>
0	1

[block]
# block no. 1 follows, 76 sequences, length 11
# corresponding to MSA columns:
# 853-863
name=unknown_B
#
# <colnr> <probs for GDERKNQSTAVLIFYWHMCP>
#	G	D	E	R	K	N	Q	S	T	A	V	L	I	F	Y	W	H	M	C	P
0	0.00787	0.38334	0.08651	0.00628	0.00873	0.00927	0.03063	0.04788	0.03051	0.01073	0.13866	0.01442	0.13218	0.00591	0.02652	0.04657	0.00355	0.00385	0.00236	0.00422
1	0.00741	0.09817	0.74437	0.00978	0.01475	0.00879	0.01239	0.01122	0.00762	0.01115	0.00688	0.03909	0.00532	0.00371	0.00339	0.00113	0.00511	0.00290	0.00160	0.00522
2	0.01482	0.00597	0.00822	0.04627	0.00965	0.00529	0.00538	0.01631	0.01025	0.73454	0.09183	0.01363	0.01117	0.00473	0.00371	0.00113	0.00305	0.00391	0.00432	0.00583
3	0.07022	0.23447	0.58299	0.00892	0.01350	0.00992	0.01094	0.01129	0.00750	0.01110	0.00605	0.00708	0.00457	0.00336	0.00309	0.00105	0.00482	0.00245	0.00159	0.00509
4	0.00535	0.00367	0.00467	0.00442	0.00528	0.00342	0.00332	0.00706	0.00995	0.01445	0.74233	0.02543	0.03115	0.00703	0.00407	0.00111	0.00171	0.00617	0.11599	0.00342
5	0.01104	0.66060	0.01672	0.00651	0.00956	0.01287	0.00619	0.11161	0.00894	0.11661	0.00667	0.00700	0.00539	0.00344	0.00266	0.00086	0.00380	0.00232	0.00218	0.00504
6	0.00863	0.46668	0.38430	0.00808	0.01214	0.01158	0.00936	0.01148	0.03913	0.01010	0.00607	0.00693	0.00488	0.00333	0.00288	0.00096	0.00450	0.00235	0.00163	0.00502
7	0.00936	0.27735	0.46783	0.00855	0.01284	0.00994	0.01002	0.03677	0.00821	0.11690	0.00713	0.00774	0.00522	0.00351	0.00314	0.00103	0.00459	0.00260	0.00198	0.00528
8	0.05367	0.14445	0.32100	0.00734	0.01030	0.00756	0.00790	0.00937	0.00740	0.01090	0.11602	0.01155	0.00963	0.01016	0.22845	0.00231	0.00560	0.00334	0.00202	0.03102
9	0.00765	0.23352	0.50347	0.00863	0.01269	0.00923	0.01027	0.01068	0.00778	0.01079	0.03889	0.01213	0.00777	0.00434	0.00340	0.00112	0.00460	0.10631	0.00186	0.00486
10	0.00917	0.51292	0.32637	0.00776	0.01169	0.01171	0.00883	0.01147	0.00765	0.05415	0.00609	0.00686	0.00487	0.00331	0.00282	0.00093	0.00439	0.00231	0.00170	0.00501

[dist]
# distance from previous block
# <min> <max>
24	59

[block]
# block no. 2 follows, 76 sequences, length 15
# corresponding to MSA columns:
# 925-939
name=unknown_C
#
# <colnr> <probs for GDERKNQSTAVLIFYWHMCP>
#	G	D	E	R	K	N	Q	S	T	A	V	L	I	F	Y	W	H	M	C	P
0	0.00994	0.01030	0.27859	0.00870	0.01210	0.00654	0.12620	0.01251	0.00892	0.27407	0.09387	0.03734	0.01043	0.00462	0.00379	0.00116	0.00408	0.04327	0.00292	0.05066
1	0.03314	0.17681	0.37618	0.03516	0.04167	0.00928	0.07300	0.01078	0.00749	0.01090	0.00615	0.00754	0.00484	0.00344	0.00374	0.00103	0.06266	0.00264	0.00169	0.13188
2	0.00881	0.08373	0.29613	0.08435	0.11910	0.03763	0.10201	0.01277	0.12728	0.06549	0.02291	0.00954	0.00661	0.00373	0.00354	0.00113	0.00463	0.00324	0.00216	0.00523
3	0.00497	0.00450	0.02867	0.00577	0.00688	0.00384	0.08689	0.00615	0.00788	0.01018	0.08234	0.38613	0.30884	0.00926	0.00444	0.00134	0.00252	0.03290	0.00321	0.00330
4	0.10007	0.00825	0.16174	0.00726	0.01009	0.00600	0.05692	0.01325	0.00888	0.40936	0.04729	0.13367	0.01069	0.00521	0.00368	0.00119	0.00347	0.00442	0.00339	0.00516
5	0.00945	0.10148	0.27174	0.07293	0.15903	0.00940	0.13067	0.12944	0.00935	0.06164	0.00731	0.00859	0.00544	0.00353	0.00353	0.00110	0.00478	0.00312	0.00210	0.00536
6	0.03583	0.04726	0.13381	0.06662	0.04483	0.03515	0.00698	0.12752	0.04177	0.03518	0.01002	0.02915	0.04118	0.01247	0.30269	0.00278	0.00612	0.01390	0.00233	0.00442
7	0.00540	0.00404	0.00496	0.00520	0.00574	0.00421	0.00360	0.00737	0.12573	0.00950	0.01638	0.38349	0.05115	0.21331	0.14030	0.00259	0.00372	0.00716	0.00293	0.00323
8	0.00771	0.05807	0.06260	0.24616	0.30365	0.00778	0.00884	0.03662	0.00778	0.01054	0.00840	0.01378	0.00776	0.12795	0.00577	0.00150	0.00429	0.07433	0.00197	0.00450
9	0.00834	0.01266	0.30818	0.08488	0.20830	0.06797	0.11262	0.01107	0.00777	0.01085	0.00638	0.00837	0.00503	0.00381	0.00480	0.00120	0.12798	0.00310	0.00167	0.00501
10	0.00866	0.00782	0.01236	0.42239	0.33589	0.00874	0.01004	0.12815	0.00905	0.01221	0.00693	0.00929	0.00538	0.00359	0.00362	0.00114	0.00452	0.00324	0.00197	0.00500
11	0.00563	0.00456	0.00695	0.12847	0.00936	0.00553	0.00558	0.00705	0.00602	0.00858	0.00890	0.01316	0.00817	0.02236	0.67410	0.00487	0.07167	0.00375	0.00187	0.00341
12	0.29839	0.00743	0.00866	0.05681	0.09546	0.00779	0.00603	0.15907	0.00983	0.30285	0.00915	0.00915	0.00630	0.00393	0.00319	0.00112	0.00339	0.00298	0.00318	0.00529
13	0.07259	0.09729	0.03204	0.31084	0.12707	0.04784	0.00793	0.03808	0.01921	0.04640	0.00863	0.13152	0.00791	0.00478	0.00379	0.00117	0.03235	0.00399	0.00216	0.00440
14	0.02532	0.08483	0.06986	0.08690	0.03972	0.06078	0.06978	0.32625	0.08377	0.08813	0.00861	0.00912	0.00628	0.00397	0.00350	0.00108	0.00427	0.00320	0.00286	0.02177

[dist]
# distance from previous block
# <min> <max>
4	14

[block]
# block no. 3 follows, 76 sequences, length 7
# corresponding to MSA columns:
# 954-960
name=unknown_D
#
# <colnr> <probs for GDERKNQSTAVLIFYWHMCP>
#	G	D	E	R	K	N	Q	S	T	A	V	L	I	F	Y	W	H	M	C	P
0	0.15984	0.06695	0.21969	0.00751	0.01082	0.00858	0.00743	0.14205	0.12236	0.16731	0.00906	0.00906	0.00645	0.00392	0.00324	0.00109	0.00376	0.00295	0.00284	0.04508
1	0.06133	0.22951	0.04947	0.00729	0.00970	0.00799	0.09769	0.01140	0.03074	0.19294	0.03087	0.12333	0.01117	0.00558	0.00362	0.00117	0.00359	0.11514	0.00285	0.00461
2	0.05160	0.06563	0.04561	0.00741	0.00987	0.05431	0.00629	0.39550	0.06100	0.08214	0.01140	0.06411	0.04589	0.00589	0.03066	0.00129	0.00393	0.04900	0.00323	0.00523
3	0.22176	0.29601	0.07409	0.00652	0.00923	0.03065	0.02269	0.04686	0.07519	0.09424	0.06514	0.02800	0.00796	0.00403	0.00294	0.00102	0.00351	0.00296	0.00249	0.00471
4	0.00813	0.19491	0.18487	0.00719	0.00971	0.04433	0.00701	0.01121	0.12021	0.05213	0.12958	0.01291	0.04500	0.00725	0.09854	0.00162	0.05469	0.00367	0.00247	0.00457
5	0.00565	0.00390	0.00461	0.00432	0.00550	0.00342	0.00328	0.00698	0.00938	0.07963	0.40931	0.02955	0.40509	0.00801	0.00424	0.00118	0.00188	0.00684	0.00375	0.00349
6	0.00880	0.00738	0.00836	0.00650	0.00923	0.00707	0.00521	0.12829	0.20454	0.01402	0.00864	0.00914	0.00680	0.00365	0.00355	0.00084	0.04897	0.00282	0.00269	0.51350

[dist]
# distance from previous block
# <min> <max>
5	8

[block]
# block no. 4 follows, 76 sequences, length 30
# corresponding to MSA columns:
# 969-998
name=unknown_E
#
# <colnr> <probs for GDERKNQSTAVLIFYWHMCP>
#	G	D	E	R	K	N	Q	S	T	A	V	L	I	F	Y	W	H	M	C	P
0	0.00549	0.02903	0.00535	0.00471	0.00574	0.02357	0.00358	0.00734	0.03634	0.01370	0.67706	0.02661	0.13314	0.00736	0.00419	0.00114	0.00194	0.00640	0.00379	0.00351
1	0.04140	0.29292	0.06223	0.01284	0.29123	0.18129	0.04798	0.01177	0.00830	0.01032	0.00595	0.00733	0.00504	0.00331	0.00310	0.00096	0.00472	0.00261	0.00174	0.00496
2	0.00952	0.69923	0.04709	0.00656	0.00958	0.01328	0.00640	0.01231	0.14684	0.00977	0.00673	0.00719	0.00574	0.00343	0.00260	0.00087	0.00377	0.00233	0.00191	0.00487
3	0.00934	0.00640	0.00772	0.00561	0.00875	0.00495	0.00452	0.01091	0.00813	0.18480	0.00808	0.00853	0.00613	0.00306	0.00289	0.00066	0.00277	0.00246	0.00264	0.71164
4	0.03496	0.01131	0.00955	0.03825	0.01083	0.28812	0.00651	0.32418	0.09688	0.03811	0.01055	0.01154	0.06185	0.00471	0.00359	0.00109	0.00453	0.03545	0.00295	0.00504
5	0.00443	0.00347	0.00401	0.00436	0.00513	0.00306	0.00311	0.00528	0.00784	0.00988	0.07571	0.38624	0.44096	0.01004	0.00445	0.00133	0.00197	0.02226	0.00341	0.00304
6	0.00623	0.00321	0.00482	0.00482	0.00486	0.00326	0.00326	0.00486	0.00482	0.00647	0.00656	0.01128	0.00652	0.01370	0.07590	0.82928	0.00364	0.00321	0.00161	0.00170
7	0.27258	0.00634	0.00738	0.03711	0.04869	0.00665	0.02126	0.02991	0.09856	0.20181	0.01308	0.03337	0.06137	0.00544	0.00354	0.00124	0.00313	0.14078	0.00316	0.00462
8	0.02218	0.00374	0.00466	0.00445	0.00535	0.00346	0.00333	0.00675	0.00977	0.01386	0.68072	0.05678	0.12099	0.00756	0.00419	0.00115	0.00176	0.00661	0.03930	0.00338
9	0.03689	0.00744	0.01225	0.33960	0.43806	0.00802	0.00990	0.01015	0.00789	0.01116	0.04656	0.00997	0.00669	0.00357	0.00357	0.00111	0.00429	0.00331	0.00186	0.03771
10	0.00657	0.00343	0.00357	0.00354	0.00439	0.00339	0.00265	0.00826	0.00796	0.01368	0.11782	0.01527	0.01248	0.00464	0.00276	0.00088	0.00170	0.00379	0.77981	0.00339
11	0.00805	0.00773	0.01214	0.45549	0.33478	0.03601	0.01008	0.01089	0.06887	0.01068	0.00718	0.00961	0.00564	0.00358	0.00361	0.00115	0.00456	0.00327	0.00185	0.00482
12	0.00703	0.00648	0.05500	0.03377	0.00884	0.00517	0.02143	0.04764	0.00816	0.03058	0.01457	0.09080	0.17462	0.00541	0.00372	0.00095	0.02578	0.04567	0.00261	0.41177
13	0.89794	0.00703	0.00534	0.00478	0.00703	0.00815	0.00394	0.01068	0.00619	0.01631	0.00506	0.00590	0.00394	0.00337	0.00225	0.00112	0.00281	0.00197	0.00225	0.00394
14	0.00802	0.02436	0.28130	0.23587	0.34415	0.00846	0.01144	0.01088	0.00784	0.02420	0.00673	0.00876	0.00519	0.00343	0.00354	0.00113	0.00476	0.00305	0.00171	0.00518
15	0.00729	0.01880	0.85344	0.01036	0.01573	0.00844	0.01343	0.01151	0.00767	0.01151	0.00652	0.00767	0.00460	0.00345	0.00345	0.00115	0.00537	0.00269	0.00153	0.00537
16	0.00819	0.00784	0.01322	0.31817	0.51911	0.00856	0.01063	0.01038	0.00779	0.01081	0.00661	0.00919	0.00539	0.00353	0.00401	0.00115	0.04541	0.00323	0.00172	0.00507
17	0.01044	0.16429	0.37120	0.00822	0.01202	0.03118	0.01808	0.02926	0.00863	0.25050	0.00926	0.05590	0.00697	0.00415	0.00339	0.00109	0.00430	0.00327	0.00254	0.00533
18	0.00624	0.00488	0.00551	0.00537	0.00657	0.00496	0.00399	0.02410	0.24168	0.03257	0.14565	0.24898	0.23906	0.00813	0.00419	0.00128	0.00225	0.00705	0.00359	0.00397
19	0.00759	0.00426	0.00551	0.00493	0.00621	0.00387	0.00379	0.00927	0.02070	0.19287	0.54892	0.05330	0.06846	0.00685	0.00407	0.00114	0.00204	0.00596	0.04625	0.00401
20	0.00660	0.00484	0.00700	0.20766	0.06678	0.00509	0.00568	0.00797	0.01588	0.07347	0.02631	0.16759	0.09214	0.16873	0.03796	0.00189	0.00363	0.09449	0.00268	0.00360
21	0.01044	0.00822	0.01156	0.01178	0.21204	0.02720	0.10027	0.24512	0.05085	0.10326	0.01059	0.14496	0.00927	0.00514	0.00412	0.00119	0.03122	0.00455	0.00294	0.00529
22	0.00447	0.00332	0.00403	0.00460	0.00513	0.00300	0.00317	0.00523	0.00737	0.00959	0.02460	0.59768	0.26196	0.01050	0.00446	0.00138	0.00202	0.00931	0.03518	0.00300
23	0.00574	0.00456	0.00711	0.00693	0.00790	0.00448	0.10192	0.00729	0.02025	0.01030	0.04748	0.23162	0.03038	0.07621	0.06818	0.00199	0.00377	0.35750	0.00302	0.00337
24	0.00785	0.00842	0.07397	0.46215	0.33841	0.02650	0.01068	0.01027	0.00775	0.01043	0.00659	0.00921	0.00517	0.00347	0.00360	0.00115	0.00472	0.00317	0.00168	0.00479
25	0.00848	0.00811	0.01382	0.22632	0.64963	0.00850	0.01090	0.01070	0.00803	0.01125	0.00675	0.00916	0.00554	0.00333	0.00361	0.00111	0.00445	0.00324	0.00175	0.00534
26	0.00711	0.00536	0.00784	0.00995	0.26003	0.00520	0.01478	0.00836	0.00771	0.06694	0.08351	0.04910	0.13400	0.20091	0.03840	0.01234	0.00343	0.02487	0.05624	0.00396
27	0.00560	0.05599	0.13894	0.06833	0.00847	0.00508	0.00546	0.00702	0.00733	0.00953	0.02711	0.18505	0.22942	0.15477	0.00654	0.00166	0.00319	0.07441	0.00266	0.00345
28	0.01197	0.08536	0.14874	0.00768	0.01061	0.12205	0.00706	0.04502	0.18291	0.29986	0.03478	0.01079	0.00838	0.00427	0.00348	0.00110	0.00395	0.00333	0.00319	0.00549
29	0.00577	0.00531	0.03878	0.17495	0.04433	0.00541	0.04542	0.00731	0.00700	0.00960	0.05442	0.26860	0.01360	0.02129	0.24279	0.00261	0.02985	0.01698	0.00240	0.00359

[dist]
# distance from previous block
# <min> <max>
4	10

[block]
# block no. 5 follows, 76 sequences, length 12
# corresponding to MSA columns:
# 1012-1023
name=unknown_F
#
# <colnr> <probs for GDERKNQSTAVLIFYWHMCP>
#	G	D	E	R	K	N	Q	S	T	A	V	L	I	F	Y	W	H	M	C	P
0	0.04449	0.00828	0.09692	0.00835	0.10996	0.00619	0.03622	0.03837	0.00795	0.01237	0.00656	0.00778	0.00532	0.00294	0.00295	0.00073	0.00334	0.00245	0.00209	0.59674
1	0.00465	0.00338	0.00435	0.00497	0.00540	0.00315	0.00349	0.00546	0.00740	0.00977	0.08136	0.59014	0.11789	0.05393	0.00531	0.00155	0.00224	0.08920	0.00336	0.00300
2	0.00953	0.06228	0.06610	0.07741	0.15054	0.06628	0.34527	0.04045	0.00871	0.07699	0.00763	0.02511	0.00595	0.00364	0.00412	0.00116	0.03808	0.00366	0.00207	0.00502
3	0.00447	0.00369	0.00392	0.00386	0.00501	0.00314	0.00290	0.00555	0.00869	0.01078	0.20040	0.03340	0.68394	0.00885	0.00429	0.00121	0.00182	0.00745	0.00350	0.00314
4	0.00664	0.00582	0.00850	0.02404	0.27819	0.00599	0.00652	0.00889	0.08714	0.01077	0.01653	0.18733	0.16338	0.00884	0.08376	0.00170	0.03670	0.05235	0.00267	0.00425
5	0.01305	0.00957	0.01023	0.00796	0.01068	0.01060	0.00654	0.73303	0.06388	0.02181	0.00929	0.00934	0.00668	0.00439	0.00356	0.00108	0.00378	0.00333	0.06524	0.00596
6	0.00996	0.00481	0.00625	0.00526	0.00705	0.00422	0.00417	0.01140	0.01000	0.38568	0.34202	0.02190	0.15918	0.00643	0.00401	0.00115	0.00235	0.00546	0.00412	0.00459
7	0.00522	0.00367	0.00428	0.00420	0.00459	0.00356	0.00269	0.00599	0.02479	0.00953	0.23801	0.04734	0.09111	0.52530	0.01279	0.00259	0.00284	0.00594	0.00285	0.00270
8	0.01006	0.01056	0.27191	0.00933	0.01280	0.00701	0.19004	0.03208	0.00898	0.25230	0.06508	0.01139	0.00850	0.00486	0.03458	0.00131	0.00455	0.00367	0.05580	0.00520
9	0.00721	0.00663	0.01038	0.54316	0.11402	0.00725	0.00867	0.00939	0.00753	0.01033	0.03131	0.00962	0.00594	0.00348	0.00343	0.00104	0.00419	0.00308	0.00183	0.21151
10	0.21587	0.30204	0.31892	0.00739	0.01103	0.01013	0.00823	0.01116	0.00726	0.04072	0.00607	0.00702	0.00477	0.00414	0.03082	0.00117	0.00434	0.00234	0.00182	0.00476
11	0.37271	0.00905	0.00791	0.00669	0.00885	0.14101	0.00537	0.13716	0.04081	0.07643	0.00695	0.00781	0.00538	0.01954	0.00391	0.00113	0.07512	0.00260	0.00256	0.06900

[dist]
# distance from previous block
# <min> <max>
0	4

[block]
# block no. 6 follows, 76 sequences, length 25
# corresponding to MSA columns:
# 1028-1052
name=unknown_G
#
# <colnr> <probs for GDERKNQSTAVLIFYWHMCP>
#	G	D	E	R	K	N	Q	S	T	A	V	L	I	F	Y	W	H	M	C	P
0	0.00556	0.00447	0.00613	0.00588	0.00677	0.02340	0.06426	0.00684	0.00804	0.01069	0.21411	0.14678	0.10755	0.13061	0.07578	0.00202	0.00345	0.17133	0.00309	0.00325
1	0.00935	0.00817	0.01199	0.03415	0.37409	0.00819	0.05418	0.13413	0.10607	0.02728	0.04550	0.01017	0.00766	0.00372	0.00354	0.00103	0.00382	0.00338	0.00249	0.15112
2	0.89794	0.00703	0.00534	0.00478	0.00703	0.00815	0.00394	0.01068	0.00619	0.01631	0.00506	0.00590	0.00394	0.00337	0.00225	0.00112	0.00281	0.00197	0.00225	0.00394
3	0.00610	0.00497	0.00685	0.11812	0.02456	0.03328	0.00550	0.00750	0.02541	0.00884	0.01013	0.01691	0.00982	0.09462	0.42640	0.05339	0.04093	0.10124	0.00209	0.00334
4	0.00445	0.00362	0.00387	0.00393	0.00495	0.00312	0.00286	0.00536	0.00817	0.01007	0.11234	0.12161	0.63586	0.05723	0.00512	0.00137	0.00195	0.00771	0.00337	0.00304
5	0.00520	0.00388	0.00575	0.00575	0.00637	0.00450	0.00443	0.00643	0.00582	0.00837	0.00982	0.01472	0.00928	0.06664	0.81875	0.00573	0.00945	0.00396	0.00196	0.00320
6	0.00485	0.00368	0.00425	0.00417	0.00518	0.00327	0.00314	0.00617	0.00909	0.01211	0.38632	0.04765	0.40823	0.00823	0.00422	0.00119	0.00183	0.03012	0.05306	0.00325
7	0.00729	0.01880	0.85344	0.01036	0.01573	0.00844	0.01343	0.01151	0.00767	0.01151	0.00652	0.00767	0.00460	0.00345	0.00345	0.00115	0.00537	0.00269	0.00153	0.00537
8	0.01620	0.00636	0.00854	0.00655	0.00937	0.00560	0.00541	0.05372	0.01070	0.81570	0.01409	0.01221	0.00887	0.00449	0.00365	0.00112	0.00313	0.00364	0.00446	0.00619
9	0.00682	0.06877	0.00981	0.29539	0.06525	0.00679	0.05132	0.00844	0.00692	0.00937	0.00835	0.01214	0.02889	0.10059	0.16020	0.03153	0.00514	0.00351	0.00187	0.11889
10	0.00877	0.00834	0.01327	0.21985	0.48635	0.03256	0.04858	0.06041	0.04179	0.01189	0.00750	0.03088	0.00619	0.00368	0.00366	0.00113	0.00446	0.00347	0.00198	0.00522
11	0.00952	0.00953	0.03939	0.01361	0.04410	0.00883	0.60381	0.07274	0.00921	0.08117	0.00789	0.00971	0.00581	0.00334	0.00423	0.00118	0.02339	0.00397	0.00219	0.04639
12	0.01180	0.10012	0.05851	0.00854	0.03379	0.00898	0.09021	0.20459	0.16787	0.22281	0.01046	0.01024	0.00744	0.00408	0.00353	0.00108	0.00379	0.00340	0.00323	0.04551
13	0.00990	0.24013	0.02553	0.00755	0.00934	0.00984	0.02884	0.04949	0.00822	0.16775	0.11587	0.01077	0.00943	0.00505	0.00609	0.00119	0.28442	0.00340	0.00254	0.00465
14	0.00491	0.00372	0.00454	0.00438	0.00535	0.00335	0.00332	0.00638	0.00960	0.01297	0.56683	0.03009	0.28258	0.00808	0.00432	0.00119	0.00182	0.03945	0.00378	0.00332
15	0.00837	0.03552	0.14594	0.03285	0.23605	0.04118	0.00822	0.07200	0.10652	0.03155	0.11524	0.06587	0.02517	0.00513	0.00379	0.00117	0.00380	0.05402	0.00265	0.00495
16	0.01020	0.13146	0.14089	0.02547	0.19721	0.03045	0.09060	0.10059	0.06793	0.11974	0.03201	0.00960	0.00699	0.00382	0.00362	0.00109	0.01720	0.00327	0.00246	0.00540
17	0.06229	0.00551	0.00706	0.00573	0.00787	0.00495	0.00453	0.01406	0.00913	0.58110	0.01515	0.05937	0.06438	0.11726	0.00557	0.00145	0.00297	0.00437	0.02212	0.00512
18	0.00497	0.00355	0.00400	0.00423	0.00504	0.00325	0.00305	0.00612	0.01994	0.01066	0.08185	0.26651	0.35062	0.03717	0.00456	0.00131	0.00199	0.02988	0.15815	0.00313
19	0.00981	0.23817	0.21466	0.00965	0.06874	0.22819	0.05157	0.02036	0.05987	0.01047	0.03207	0.00816	0.00614	0.00395	0.01392	0.00106	0.01375	0.00276	0.00189	0.00482
20	0.74375	0.04631	0.00670	0.00576	0.02863	0.09769	0.00454	0.01111	0.00672	0.01508	0.00516	0.00605	0.00409	0.00340	0.00239	0.00109	0.00329	0.00204	0.00217	0.00404
21	0.00525	0.00421	0.00476	0.00481	0.00566	0.03717	0.00360	0.00651	0.00889	0.01170	0.37318	0.14815	0.22665	0.04989	0.00506	0.00137	0.00225	0.09412	0.00352	0.00324
22	0.21318	0.00724	0.00757	0.00635	0.00847	0.05413	0.03209	0.14224	0.07037	0.05067	0.18740	0.02432	0.01293	0.00493	0.00343	0.00108	0.00311	0.04789	0.00307	0.11952
23	0.13676	0.10467	0.02909	0.00776	0.00979	0.42605	0.00619	0.04289	0.05389	0.04864	0.00688	0.00839	0.00577	0.06510	0.00445	0.00118	0.03330	0.00268	0.00218	0.00434
24	0.00502	0.00360	0.00456	0.00467	0.00543	0.00332	0.00339	0.00621	0.00860	0.03157	0.36098	0.29222	0.19009	0.01006	0.05182	0.00152	0.00234	0.00775	0.00358	0.00326

[dist]
# distance from previous block
# <min> <max>
3	6

[block]
# block no. 7 follows, 76 sequences, length 20
# corresponding to MSA columns:
# 1059-1078
name=unknown_H
#
# <colnr> <probs for GDERKNQSTAVLIFYWHMCP>
#	G	D	E	R	K	N	Q	S	T	A	V	L	I	F	Y	W	H	M	C	P
0	0.10687	0.03143	0.06576	0.09844	0.22977	0.10906	0.14969	0.09030	0.06121	0.01286	0.00716	0.00868	0.00557	0.00355	0.00350	0.00111	0.00471	0.00316	0.00212	0.00505
1	0.00727	0.00714	0.01320	0.02826	0.17782	0.00680	0.32013	0.00938	0.00826	0.01115	0.04308	0.06184	0.10759	0.03703	0.00474	0.00133	0.00431	0.11948	0.00239	0.02880
2	0.00751	0.00727	0.04805	0.04018	0.06513	0.03705	0.14811	0.01040	0.13325	0.04492	0.01407	0.16842	0.08997	0.07760	0.00585	0.00147	0.06807	0.02574	0.00267	0.00425
3	0.00585	0.00400	0.00536	0.00597	0.00666	0.00392	0.00469	0.03963	0.00811	0.03921	0.01904	0.43500	0.02142	0.01027	0.00474	0.00154	0.00277	0.37506	0.00341	0.00337
4	0.00489	0.00371	0.00451	0.00431	0.00527	0.00332	0.00323	0.00637	0.00969	0.01315	0.60558	0.02949	0.27728	0.00796	0.00429	0.00117	0.00175	0.00690	0.00381	0.00332
5	0.04624	0.00733	0.04617	0.00629	0.03335	0.00567	0.00509	0.06130	0.00818	0.03467	0.00676	0.00772	0.00544	0.00292	0.00282	0.00066	0.00296	0.00231	0.00227	0.71187
6	0.00498	0.00406	0.00464	0.02913	0.00607	0.00366	0.00347	0.00659	0.04340	0.01139	0.24771	0.05333	0.48701	0.00823	0.00422	0.00120	0.00203	0.03674	0.00345	0.03868
7	0.00871	0.04142	0.12227	0.04235	0.51177	0.00876	0.11814	0.04315	0.00861	0.01215	0.04279	0.00960	0.00675	0.00347	0.00366	0.00110	0.00456	0.00340	0.00192	0.00542
8	0.00745	0.07482	0.79881	0.01009	0.01531	0.00883	0.01296	0.01147	0.00765	0.01132	0.00643	0.00755	0.00461	0.00343	0.00338	0.00113	0.00527	0.00264	0.00154	0.00533
9	0.00568	0.00419	0.00601	0.06954	0.00842	0.00435	0.00571	0.00723	0.00785	0.01030	0.01744	0.14385	0.01893	0.01150	0.09165	0.00204	0.00395	0.57495	0.00308	0.00334
10	0.00873	0.00653	0.00776	0.00655	0.04444	0.00586	0.00491	0.01231	0.19712	0.10556	0.06247	0.01098	0.00907	0.00378	0.00316	0.00083	0.00275	0.00314	0.03901	0.46504
11	0.00943	0.65192	0.03808	0.00632	0.00916	0.01225	0.00606	0.06381	0.00805	0.02974	0.00719	0.09826	0.00695	0.00410	0.00274	0.00088	0.00368	0.00299	0.00197	0.03640
12	0.00495	0.00365	0.00466	0.00502	0.00558	0.00350	0.00353	0.00655	0.06181	0.01136	0.28318	0.52533	0.04784	0.00966	0.00446	0.00135	0.00203	0.00867	0.00359	0.00329
13	0.00451	0.00321	0.00426	0.00506	0.00528	0.00301	0.00340	0.00514	0.00693	0.00923	0.01965	0.81016	0.02350	0.04710	0.00523	0.00157	0.00220	0.03430	0.00332	0.00293
14	0.00790	0.00754	0.01293	0.41354	0.41479	0.00827	0.03994	0.01016	0.00774	0.01054	0.00679	0.00971	0.00551	0.02493	0.00401	0.00121	0.00461	0.00332	0.00172	0.00484
15	0.00638	0.00511	0.00701	0.00676	0.06915	0.00469	0.04025	0.00864	0.06252	0.02669	0.44684	0.05412	0.05228	0.00622	0.00395	0.00108	0.00244	0.03467	0.00334	0.15787
16	0.00851	0.01858	0.00955	0.00990	0.16948	0.05922	0.05944	0.08518	0.11669	0.05325	0.28375	0.05204	0.01698	0.00555	0.00403	0.00116	0.01375	0.02510	0.00316	0.00469
17	0.00900	0.00864	0.01475	0.02231	0.84960	0.00864	0.01115	0.01115	0.00828	0.01187	0.00684	0.00900	0.00576	0.00324	0.00360	0.00108	0.00432	0.00324	0.00180	0.00576
18	0.00980	0.08057	0.21555	0.10419	0.07122	0.00967	0.08044	0.28961	0.03227	0.01516	0.05076	0.00953	0.00702	0.00395	0.00358	0.00111	0.00447	0.00330	0.00248	0.00534
19	0.00925	0.15245	0.12197	0.00865	0.03422	0.00827	0.15649	0.08218	0.04709	0.11802	0.08069	0.01321	0.07624	0.04045	0.00421	0.00118	0.00396	0.00392	0.00265	0.03490

[dist]
# distance from previous block
# <min> <max>
0	3

[block]
# block no. 8 follows, 76 sequences, length 12
# corresponding to MSA columns:
# 1082-1093
name=unknown_I
#
# <colnr> <probs for GDERKNQSTAVLIFYWHMCP>
#	G	D	E	R	K	N	Q	S	T	A	V	L	I	F	Y	W	H	M	C	P
0	0.11261	0.03651	0.19348	0.04125	0.06216	0.10472	0.06358	0.08065	0.07866	0.03831	0.03962	0.00904	0.00672	0.00372	0.00331	0.00104	0.00427	0.00298	0.00231	0.11507
1	0.00449	0.00328	0.00423	0.00492	0.00530	0.00303	0.00337	0.00524	0.00733	0.00965	0.06305	0.70227	0.12506	0.01089	0.00459	0.00143	0.00209	0.03338	0.00340	0.00300
2	0.00822	0.02327	0.21787	0.05459	0.29536	0.02412	0.03863	0.03194	0.11351	0.02560	0.05175	0.06460	0.02571	0.00441	0.00369	0.00115	0.00417	0.00392	0.00229	0.00517
3	0.00796	0.00794	0.08773	0.06858	0.01103	0.02919	0.07109	0.04282	0.03771	0.04278	0.11284	0.02942	0.00965	0.00388	0.00332	0.00087	0.00341	0.00335	0.00248	0.42395
4	0.62039	0.00771	0.00801	0.03927	0.21627	0.03367	0.00603	0.01087	0.00686	0.01474	0.00557	0.00682	0.00444	0.00336	0.00266	0.00111	0.00337	0.00234	0.00210	0.00440
5	0.12877	0.00860	0.01094	0.00970	0.09008	0.04907	0.13080	0.27268	0.03732	0.08560	0.01085	0.01322	0.05358	0.00470	0.00369	0.00117	0.00403	0.07713	0.00296	0.00512
6	0.00578	0.00348	0.00509	0.00509	0.00535	0.00373	0.00361	0.00547	0.00522	0.00721	0.00813	0.01351	0.00804	0.09946	0.34334	0.46403	0.00575	0.00364	0.00178	0.00229
7	0.00510	0.00371	0.00480	0.00453	0.00540	0.00341	0.00340	0.00678	0.01019	0.01433	0.80665	0.02755	0.07548	0.00752	0.00429	0.00115	0.00172	0.00663	0.00397	0.00341
8	0.00686	0.00646	0.01090	0.86353	0.02503	0.00807	0.01009	0.00929	0.00727	0.00929	0.00646	0.00969	0.00484	0.00363	0.00363	0.00121	0.00484	0.00323	0.00161	0.00404
9	0.00471	0.00359	0.00435	0.00473	0.00546	0.00323	0.00343	0.00563	0.00775	0.01001	0.08484	0.39713	0.29168	0.03702	0.00492	0.00143	0.00219	0.09543	0.00334	0.02913
10	0.00848	0.00812	0.01385	0.12945	0.63887	0.00832	0.04819	0.01088	0.03301	0.01150	0.00769	0.05116	0.00668	0.00373	0.00369	0.00113	0.00432	0.00366	0.00191	0.00536
11	0.00736	0.00720	0.01103	0.77634	0.05954	0.05897	0.00996	0.00968	0.00749	0.00937	0.00643	0.00947	0.00487	0.00362	0.00361	0.00119	0.00492	0.00318	0.00164	0.00412

[dist]
# distance from previous block
# <min> <max>
0	1

[block]
# block no. 9 follows, 76 sequences, length 16
# corresponding to MSA columns:
# 1095-1110
name=unknown_J
#
# <colnr> <probs for GDERKNQSTAVLIFYWHMCP>
#	G	D	E	R	K	N	Q	S	T	A	V	L	I	F	Y	W	H	M	C	P
0	0.70377	0.00691	0.00585	0.00509	0.00739	0.00771	0.00415	0.01148	0.06348	0.06466	0.02899	0.00748	0.00563	0.00361	0.00251	0.00109	0.00280	0.00235	0.00252	0.06254
1	0.00653	0.00574	0.00840	0.03174	0.30579	0.00565	0.00646	0.00862	0.06296	0.01128	0.08766	0.13517	0.24018	0.00687	0.00409	0.00123	0.00299	0.06156	0.00284	0.00426
2	0.00532	0.00404	0.00591	0.00584	0.00641	0.00474	0.00449	0.00649	0.00578	0.00833	0.00967	0.01480	0.00925	0.09685	0.75175	0.00547	0.04575	0.00398	0.00195	0.00319
3	0.02741	0.00811	0.01319	0.09711	0.48014	0.02902	0.07985	0.01216	0.00861	0.16470	0.00859	0.01078	0.00672	0.00375	0.00369	0.00113	0.00429	0.03298	0.00234	0.00544
4	0.49515	0.35247	0.01107	0.00561	0.00818	0.05833	0.00502	0.01098	0.00689	0.01281	0.00509	0.00591	0.00427	0.00329	0.00234	0.00098	0.00345	0.00198	0.00195	0.00424
5	0.00972	0.87446	0.01905	0.00622	0.00933	0.01438	0.00622	0.01088	0.00738	0.00855	0.00505	0.00583	0.00466	0.00311	0.00233	0.00078	0.00389	0.00194	0.00155	0.00466
6	0.00442	0.00330	0.00412	0.00474	0.00520	0.00299	0.00324	0.00516	0.00737	0.00958	0.05201	0.65430	0.20882	0.01076	0.00455	0.00141	0.00204	0.00961	0.00340	0.00299
7	0.01631	0.00619	0.00843	0.00647	0.00928	0.00534	0.00534	0.01771	0.01040	0.85211	0.01434	0.01237	0.00900	0.00450	0.00365	0.00112	0.00309	0.00365	0.00450	0.00619
8	0.00776	0.00832	0.01710	0.01332	0.07034	0.00782	0.58910	0.01037	0.00865	0.01170	0.08504	0.03036	0.07433	0.00442	0.00429	0.00123	0.00508	0.04393	0.00225	0.00458
9	0.00500	0.00368	0.00468	0.00449	0.00536	0.00336	0.00334	0.00655	0.00985	0.01369	0.70092	0.07529	0.13452	0.00787	0.00431	0.00117	0.00175	0.00692	0.00389	0.00336
10	0.00823	0.49561	0.14955	0.00688	0.00979	0.01069	0.02655	0.01022	0.02862	0.01012	0.11054	0.05081	0.01008	0.00493	0.02250	0.00108	0.00392	0.03330	0.00207	0.00450
11	0.00755	0.12662	0.22744	0.00851	0.01112	0.07929	0.11301	0.00960	0.00722	0.00960	0.00781	0.03954	0.00698	0.04015	0.23758	0.03263	0.02588	0.00347	0.00181	0.00419
12	0.00498	0.00368	0.00465	0.00453	0.00537	0.00338	0.00337	0.00645	0.00950	0.01310	0.61207	0.09369	0.15352	0.02782	0.01941	0.00133	0.00198	0.02412	0.00377	0.00331
13	0.04677	0.26807	0.22826	0.00777	0.01108	0.01057	0.00790	0.20821	0.09490	0.01377	0.00827	0.06418	0.00690	0.00423	0.00322	0.00105	0.00403	0.00322	0.00241	0.00518
14	0.00793	0.10247	0.21201	0.00809	0.01116	0.00783	0.09662	0.04592	0.14365	0.02647	0.04847	0.08412	0.04620	0.00482	0.00358	0.00109	0.00381	0.02248	0.00253	0.12075
15	0.01351	0.01194	0.00946	0.00806	0.01032	0.39482	0.00629	0.14915	0.08395	0.22423	0.01045	0.01020	0.04257	0.00437	0.00351	0.00105	0.00474	0.00321	0.00304	0.00512

[dist]
# distance from previous block
# <min> <max>
0	1

[block]
# block no. 10 follows, 76 sequences, length 19
# corresponding to MSA columns:
# 1112-1130
name=unknown_K
#
# <colnr> <probs for GDERKNQSTAVLIFYWHMCP>
#	G	D	E	R	K	N	Q	S	T	A	V	L	I	F	Y	W	H	M	C	P
0	0.39342	0.00950	0.01235	0.00956	0.01225	0.11426	0.31356	0.04742	0.00804	0.01372	0.00613	0.00762	0.00474	0.00344	0.00348	0.00115	0.02988	0.00297	0.00209	0.00443
1	0.04733	0.03112	0.05153	0.00713	0.00847	0.34623	0.00551	0.00988	0.02669	0.00966	0.01242	0.40161	0.01364	0.00722	0.00385	0.00121	0.00415	0.00603	0.00259	0.00373
2	0.00843	0.11899	0.28308	0.04991	0.05924	0.04967	0.13860	0.01238	0.13481	0.02500	0.04496	0.01057	0.01787	0.00398	0.00366	0.00113	0.01434	0.01620	0.00215	0.00502
3	0.00608	0.00390	0.00494	0.00463	0.00568	0.00355	0.00352	0.00762	0.00973	0.08635	0.57247	0.05434	0.14086	0.00745	0.00417	0.00116	0.00191	0.02838	0.04966	0.00360
4	0.11525	0.00769	0.03001	0.16647	0.03486	0.04758	0.00696	0.12289	0.09208	0.01298	0.05164	0.03145	0.00935	0.01949	0.03011	0.00144	0.12441	0.08841	0.00254	0.00439
5	0.00467	0.00333	0.00425	0.00475	0.00521	0.00308	0.00328	0.00559	0.00776	0.01055	0.17899	0.58507	0.10574	0.01006	0.00443	0.00136	0.00199	0.00901	0.04781	0.00308
6	0.00836	0.00806	0.01402	0.23038	0.56772	0.00842	0.06633	0.01063	0.00805	0.01119	0.00709	0.01003	0.00589	0.00350	0.00369	0.00114	0.00455	0.02394	0.00179	0.00521
7	0.00493	0.00359	0.00466	0.00520	0.00573	0.00345	0.00387	0.00590	0.00743	0.00979	0.07111	0.38371	0.12013	0.09499	0.05698	0.00193	0.00295	0.20740	0.00321	0.00304
8	0.00478	0.00366	0.00440	0.00435	0.00527	0.00327	0.00323	0.00611	0.00921	0.01228	0.46048	0.11445	0.32236	0.00851	0.00434	0.00122	0.00183	0.02331	0.00370	0.00325
9	0.00754	0.00646	0.00754	0.00538	0.00861	0.00484	0.00431	0.00915	0.00754	0.01184	0.00646	0.00754	0.00538	0.00269	0.00269	0.00054	0.00269	0.00215	0.00215	0.89449
10	0.00686	0.00646	0.01090	0.86353	0.02503	0.00807	0.01009	0.00929	0.00727	0.00929	0.00646	0.00969	0.00484	0.00363	0.00363	0.00121	0.00484	0.00323	0.00161	0.00404
11	0.00440	0.00345	0.00398	0.00435	0.00510	0.00303	0.00307	0.00522	0.00778	0.00979	0.06683	0.41338	0.43650	0.01011	0.00445	0.00134	0.00196	0.00883	0.00340	0.00303
12	0.00963	0.84276	0.04995	0.00637	0.00957	0.01416	0.00649	0.01091	0.00740	0.00866	0.00511	0.00590	0.00466	0.00312	0.00237	0.00079	0.00394	0.00197	0.00155	0.00469
13	0.00508	0.00377	0.00554	0.00567	0.00623	0.00427	0.00429	0.00624	0.00599	0.00852	0.01132	0.14168	0.01144	0.05199	0.70422	0.00512	0.00840	0.00490	0.00217	0.00317
14	0.41305	0.12637	0.00935	0.00663	0.00904	0.07453	0.04372	0.07066	0.18949	0.01469	0.00758	0.00799	0.00588	0.00376	0.00285	0.00109	0.00350	0.00266	0.00252	0.00465
15	0.00729	0.02903	0.01060	0.31042	0.20277	0.03021	0.03999	0.00917	0.00766	0.01030	0.00939	0.15742	0.00910	0.00500	0.00373	0.00115	0.00401	0.03946	0.00211	0.11120
16	0.05564	0.03281	0.00853	0.09981	0.05968	0.21087	0.00615	0.02520	0.02656	0.01033	0.01234	0.04759	0.12238	0.04955	0.01484	0.00132	0.06554	0.07732	0.00234	0.07121
17	0.00821	0.22795	0.22903	0.23614	0.12924	0.00945	0.00958	0.01061	0.00764	0.04207	0.00720	0.05437	0.00605	0.00385	0.00331	0.00108	0.00445	0.00317	0.00181	0.00479
18	0.24524	0.26422	0.14213	0.00771	0.06790	0.00978	0.00693	0.06349	0.00821	0.12700	0.00749	0.00797	0.02086	0.00362	0.00287	0.00102	0.00372	0.00258	0.00232	0.00493

[dist]
# distance from previous block
# <min> <max>
4	25

[block]
# block no. 11 follows, 76 sequences, length 18
# corresponding to MSA columns:
# 1160-1177
name=unknown_L
#
# <colnr> <probs for GDERKNQSTAVLIFYWHMCP>
#	G	D	E	R	K	N	Q	S	T	A	V	L	I	F	Y	W	H	M	C	P
0	0.10725	0.00704	0.00946	0.01109	0.27619	0.03169	0.00667	0.02502	0.02781	0.26466	0.03129	0.01274	0.03378	0.10774	0.01480	0.00146	0.01972	0.00369	0.00288	0.00503
1	0.02261	0.00730	0.03139	0.21695	0.12952	0.04521	0.04639	0.02009	0.06031	0.04531	0.04927	0.01436	0.07407	0.07951	0.00559	0.00138	0.06755	0.02805	0.00232	0.05282
2	0.00693	0.00652	0.01091	0.76014	0.09061	0.00791	0.00988	0.00927	0.00739	0.00952	0.00775	0.01068	0.03987	0.00383	0.00366	0.00120	0.00468	0.00341	0.00170	0.00414
3	0.00808	0.00644	0.00759	0.00545	0.00865	0.00488	0.00437	0.00968	0.00771	0.06344	0.00694	0.00783	0.00561	0.00280	0.00275	0.00057	0.00272	0.00225	0.00230	0.83994
4	0.01893	0.00642	0.00829	0.00629	0.00911	0.00532	0.05879	0.04600	0.00846	0.10778	0.03302	0.03791	0.02874	0.00404	0.00324	0.00082	0.00300	0.05717	0.00266	0.55401
5	0.01044	0.00771	0.01323	0.03097	0.01320	0.00688	0.32416	0.03742	0.00899	0.24155	0.00932	0.02880	0.00684	0.00359	0.00366	0.00102	0.00420	0.00362	0.00273	0.24166
6	0.00826	0.00759	0.01357	0.44651	0.24548	0.00826	0.14847	0.01066	0.00794	0.05774	0.00715	0.00967	0.00544	0.00348	0.00374	0.00117	0.00482	0.00343	0.00186	0.00477
7	0.00529	0.00384	0.00493	0.00520	0.00589	0.00352	0.00361	0.01869	0.00717	0.02550	0.01741	0.68154	0.02033	0.04435	0.00502	0.00143	0.01549	0.00872	0.00317	0.11891
8	0.00529	0.00352	0.00396	0.00396	0.00396	0.00352	0.00220	0.00529	0.00529	0.00705	0.01145	0.02378	0.01321	0.87227	0.01850	0.00352	0.00352	0.00529	0.00220	0.00220
9	0.01241	0.31204	0.01345	0.00787	0.01052	0.27846	0.00665	0.26336	0.01135	0.04234	0.00667	0.00717	0.00528	0.00374	0.00307	0.00093	0.00473	0.00253	0.00239	0.00504
10	0.00819	0.03355	0.28462	0.00745	0.01092	0.00638	0.03429	0.02203	0.00813	0.10631	0.05830	0.02939	0.02798	0.00539	0.05814	0.00125	0.00414	0.00326	0.00236	0.28792
11	0.00931	0.10236	0.31558	0.00923	0.01289	0.00883	0.12134	0.04537	0.17831	0.11190	0.04241	0.01033	0.00781	0.00398	0.00356	0.00113	0.00435	0.00341	0.00255	0.00536
12	0.02580	0.04123	0.33001	0.03332	0.14328	0.00733	0.00950	0.01202	0.02428	0.17730	0.01034	0.03093	0.00856	0.00478	0.00372	0.00121	0.00423	0.12449	0.00252	0.00517
13	0.01066	0.00499	0.00631	0.00525	0.00725	0.00430	0.00419	0.01194	0.00964	0.44959	0.12711	0.02221	0.30822	0.00653	0.00396	0.00116	0.00248	0.00544	0.00404	0.00474
14	0.00746	0.00652	0.01065	0.42131	0.18713	0.00725	0.04164	0.04347	0.00790	0.03516	0.00936	0.15417	0.00877	0.03829	0.00439	0.00131	0.00419	0.00456	0.00215	0.00432
15	0.00986	0.00846	0.07318	0.13501	0.30593	0.00793	0.04328	0.12578	0.00970	0.13147	0.03758	0.01266	0.00824	0.00433	0.00377	0.00117	0.00416	0.06961	0.00259	0.00529
16	0.00639	0.00526	0.02755	0.08332	0.05318	0.01906	0.00519	0.03934	0.00817	0.05462	0.08835	0.19615	0.21696	0.01016	0.10858	0.00184	0.03287	0.03632	0.00295	0.00373
17	0.33061	0.25867	0.03920	0.00645	0.00849	0.04270	0.00575	0.01012	0.00660	0.01149	0.00563	0.00727	0.00493	0.00657	0.10358	0.00164	0.14189	0.00242	0.00187	0.00413

[dist]
# distance from previous block
# <min> <max>
6	11

[block]
# block no. 12 follows, 76 sequences, length 11
# corresponding to MSA columns:
# 1189-1199
name=unknown_M
#
# <colnr> <probs for GDERKNQSTAVLIFYWHMCP>
#	G	D	E	R	K	N	Q	S	T	A	V	L	I	F	Y	W	H	M	C	P
0	0.37778	0.15248	0.03183	0.05465	0.02727	0.04404	0.04136	0.03589	0.06199	0.04754	0.00659	0.00741	0.00514	0.00346	0.00277	0.00102	0.00354	0.00246	0.00225	0.09055
1	0.11359	0.29644	0.01367	0.15722	0.17422	0.06170	0.00775	0.08234	0.00834	0.01150	0.00598	0.00749	0.00496	0.00353	0.00333	0.00102	0.03767	0.00260	0.00189	0.00476
2	0.05798	0.00629	0.00776	0.00664	0.00779	0.00707	0.04237	0.13069	0.08742	0.05570	0.03581	0.04761	0.04600	0.28502	0.00991	0.00201	0.15275	0.00452	0.00270	0.00396
3	0.00534	0.00349	0.00468	0.00488	0.00517	0.00353	0.00337	0.00554	0.00611	0.00824	0.05291	0.18604	0.04194	0.23112	0.16222	0.21063	0.00411	0.05572	0.00243	0.00255
4	0.00800	0.00750	0.00692	0.00636	0.00786	0.14249	0.00489	0.07978	0.21173	0.01272	0.13909	0.08151	0.21380	0.00675	0.00418	0.00120	0.02530	0.03241	0.00328	0.00424
5	0.00524	0.00371	0.00491	0.00491	0.00523	0.00404	0.00338	0.00589	0.00556	0.00775	0.01059	0.01901	0.01114	0.44771	0.44022	0.00469	0.00664	0.00459	0.00207	0.00273
6	0.03822	0.03413	0.26668	0.11036	0.11419	0.03938	0.10531	0.01027	0.00765	0.03071	0.00859	0.10779	0.00781	0.03159	0.00463	0.00129	0.05282	0.02197	0.00199	0.00462
7	0.53398	0.01067	0.00747	0.00699	0.03510	0.30623	0.00529	0.01225	0.00782	0.03783	0.00558	0.00642	0.00440	0.00353	0.00269	0.00106	0.00418	0.00219	0.00217	0.00416
8	0.01009	0.29572	0.27268	0.00931	0.04678	0.26877	0.02737	0.01221	0.00842	0.00977	0.00580	0.00684	0.00472	0.00341	0.00306	0.00096	0.00522	0.00240	0.00166	0.00479
9	0.00832	0.18417	0.21736	0.20130	0.01464	0.04266	0.02986	0.04879	0.10217	0.01098	0.00790	0.05677	0.00660	0.00423	0.00383	0.00113	0.04920	0.00333	0.00202	0.00474
10	0.00521	0.00384	0.00558	0.00558	0.00614	0.00440	0.00422	0.00632	0.00576	0.00824	0.00998	0.01561	0.00966	0.14550	0.74042	0.00552	0.00887	0.00409	0.00198	0.00310

[dist]
# distance from previous block
# <min> <max>
0	1

[block]
# block no. 13 follows, 76 sequences, length 33
# corresponding to MSA columns:
# 1201-1233
name=unknown_N
#
# <colnr> <probs for GDERKNQSTAVLIFYWHMCP>
#	G	D	E	R	K	N	Q	S	T	A	V	L	I	F	Y	W	H	M	C	P
0	0.00639	0.00657	0.04815	0.35761	0.01496	0.04841	0.05339	0.00835	0.00811	0.01040	0.14703	0.01784	0.18664	0.00699	0.06250	0.00151	0.00423	0.00473	0.00241	0.00380
1	0.02957	0.38874	0.09672	0.05832	0.24864	0.10141	0.00856	0.01131	0.00794	0.01003	0.00584	0.00719	0.00496	0.00328	0.00297	0.00095	0.00446	0.00249	0.00167	0.00494
2	0.89794	0.00703	0.00534	0.00478	0.00703	0.00815	0.00394	0.01068	0.00619	0.01631	0.00506	0.00590	0.00394	0.00337	0.00225	0.00112	0.00281	0.00197	0.00225	0.00394
3	0.00526	0.00363	0.00450	0.00450	0.00468	0.00381	0.00287	0.00563	0.00544	0.00744	0.01096	0.02109	0.01204	0.63255	0.25661	0.00418	0.00529	0.00489	0.00213	0.00250
4	0.00462	0.00324	0.00418	0.00489	0.00523	0.00304	0.00334	0.00538	0.00709	0.00963	0.02029	0.72639	0.07458	0.01103	0.02141	0.00150	0.00223	0.02172	0.06721	0.00300
5	0.00529	0.00587	0.12431	0.00573	0.00706	0.00457	0.00505	0.00674	0.00668	0.00916	0.03802	0.04853	0.18075	0.13179	0.39994	0.00366	0.00621	0.00497	0.00232	0.00336
6	0.00894	0.00898	0.04353	0.02190	0.82098	0.00863	0.01123	0.01117	0.00826	0.01186	0.00683	0.00895	0.00572	0.00325	0.00359	0.00108	0.00435	0.00322	0.00179	0.00574
7	0.01096	0.29134	0.06647	0.00754	0.01021	0.14897	0.00670	0.22596	0.07582	0.03079	0.03778	0.00870	0.00688	0.00479	0.02563	0.02675	0.00440	0.00286	0.00247	0.00498
8	0.00525	0.00361	0.00430	0.00435	0.00462	0.00354	0.00280	0.00575	0.00656	0.00885	0.15934	0.05612	0.04042	0.58551	0.02582	0.00286	0.00318	0.07187	0.00268	0.00257
9	0.00941	0.00789	0.01165	0.22785	0.35945	0.03969	0.00898	0.03597	0.07855	0.10442	0.00856	0.01007	0.01474	0.00399	0.01395	0.00116	0.00422	0.00332	0.00230	0.05383
10	0.00495	0.00385	0.00457	0.00478	0.00574	0.00355	0.00369	0.00645	0.03824	0.01099	0.17627	0.16220	0.38156	0.00923	0.00447	0.00134	0.00219	0.16916	0.00349	0.00327
11	0.01128	0.01112	0.01467	0.01114	0.01411	0.16608	0.33112	0.29295	0.06508	0.01519	0.00796	0.00903	0.00594	0.00374	0.00381	0.00111	0.00520	0.00353	0.00258	0.02434
12	0.03550	0.00632	0.00795	0.00670	0.00839	0.04338	0.01755	0.03476	0.02842	0.37977	0.01201	0.04898	0.03285	0.04474	0.12133	0.05194	0.10753	0.00398	0.00321	0.00470
13	0.00464	0.00352	0.00428	0.00445	0.00521	0.00316	0.00320	0.00575	0.00856	0.01133	0.31905	0.30869	0.28637	0.00930	0.00441	0.00128	0.00188	0.00816	0.00360	0.00316
14	0.00714	0.06869	0.10626	0.00792	0.04012	0.03756	0.14288	0.05505	0.01886	0.02914	0.02005	0.07984	0.34015	0.00637	0.00395	0.00118	0.00355	0.01443	0.01269	0.00416
15	0.02309	0.00668	0.00745	0.00655	0.00849	0.00721	0.00512	0.05553	0.46666	0.14132	0.13902	0.03978	0.06599	0.00562	0.00382	0.00120	0.00271	0.00472	0.00381	0.00522
16	0.00864	0.16613	0.34719	0.01324	0.28841	0.04663	0.01062	0.01136	0.00808	0.02613	0.03648	0.00851	0.00614	0.00349	0.00333	0.00105	0.00464	0.00288	0.00178	0.00527
17	0.33462	0.24434	0.01103	0.03080	0.03332	0.23536	0.00588	0.04805	0.00817	0.01221	0.00546	0.00637	0.00451	0.00345	0.00268	0.00098	0.00425	0.00219	0.00199	0.00436
