[name]
unknown

[dist]
# distance from previous block
# <min> <max>
0	431

[block]
# block no. 0 follows, 47 sequences, length 26
# corresponding to MSA columns:
# 783-796,798,799,809-812,815-820
name=unknown_A
#
# <colnr> <probs for GDERKNQSTAVLIFYWHMCP>
#	G	D	E	R	K	N	Q	S	T	A	V	L	I	F	Y	W	H	M	C	P
0	0.00780	0.00609	0.00795	0.04328	0.04041	0.00605	0.00663	0.01030	0.06038	0.01475	0.04858	0.25589	0.18534	0.05643	0.02510	0.00234	0.00412	0.20914	0.00454	0.00487
1	0.00734	0.00574	0.00723	0.00751	0.00828	0.00588	0.00550	0.00888	0.02851	0.01432	0.11721	0.34919	0.17524	0.09025	0.00939	0.00230	0.08026	0.06792	0.00454	0.00452
2	0.01271	0.01151	0.01502	0.18077	0.19387	0.07145	0.02446	0.06402	0.17089	0.04036	0.01346	0.04133	0.01122	0.05624	0.03599	0.00213	0.03878	0.00538	0.00348	0.00693
3	0.00653	0.00502	0.00592	0.00640	0.00744	0.00449	0.00458	0.00781	0.01129	0.01444	0.12192	0.34337	0.34597	0.04575	0.00719	0.00204	0.00296	0.04762	0.00487	0.00436
4	0.00826	0.00521	0.00694	0.00763	0.00849	0.00488	0.00551	0.00949	0.01068	0.08769	0.02835	0.56324	0.07322	0.02676	0.04119	0.00239	0.00384	0.09661	0.00487	0.00475
5	0.16555	0.01452	0.09742	0.03840	0.10821	0.05559	0.07616	0.24521	0.03177	0.10120	0.01141	0.01236	0.00828	0.00547	0.00488	0.00160	0.00602	0.00439	0.00391	0.00767
6	0.01121	0.01044	0.07579	0.06413	0.08572	0.00971	0.02459	0.11581	0.10124	0.04224	0.12747	0.08633	0.11098	0.00901	0.00617	0.00178	0.03400	0.07251	0.00438	0.00649
7	0.00981	0.00807	0.00772	0.00710	0.00910	0.08144	0.00542	0.07195	0.01381	0.05764	0.18624	0.05982	0.41224	0.01087	0.00582	0.00166	0.00360	0.00903	0.03339	0.00526
8	0.01025	0.00993	0.04013	0.03549	0.04821	0.01093	0.11244	0.05698	0.01045	0.01475	0.01445	0.09431	0.04587	0.03087	0.18702	0.00348	0.23713	0.02850	0.00308	0.00574
9	0.11346	0.01558	0.20311	0.16693	0.13047	0.04519	0.06458	0.08700	0.03397	0.03250	0.02709	0.01279	0.00842	0.00539	0.00534	0.00166	0.03206	0.00443	0.00298	0.00707
10	0.01136	0.00902	0.01050	0.07369	0.03598	0.10707	0.04090	0.01352	0.03677	0.10923	0.02127	0.37281	0.02219	0.01102	0.00590	0.00186	0.00480	0.06234	0.04417	0.00560
11	0.08809	0.00608	0.00819	0.00794	0.00932	0.00580	0.06576	0.00922	0.01113	0.01586	0.14859	0.41813	0.16080	0.01282	0.00611	0.00190	0.00342	0.01145	0.00465	0.00473
12	0.01144	0.05311	0.09192	0.07392	0.09128	0.01044	0.18887	0.03151	0.06046	0.05413	0.07260	0.06222	0.05384	0.00774	0.00692	0.08274	0.00587	0.00614	0.00341	0.03147
13	0.08431	0.01239	0.04144	0.04242	0.09799	0.04780	0.03274	0.19957	0.15843	0.02104	0.01525	0.09656	0.03529	0.00745	0.00636	0.00174	0.08210	0.00592	0.00404	0.00716
14	0.32103	0.12925	0.03114	0.00991	0.03478	0.23857	0.00781	0.03495	0.01128	0.01722	0.00892	0.01180	0.00779	0.08277	0.00605	0.00178	0.00603	0.00361	0.02946	0.00584
15	0.06265	0.03506	0.08589	0.04453	0.06724	0.01152	0.08167	0.08978	0.22988	0.01925	0.01685	0.01833	0.07221	0.05476	0.00635	0.00179	0.00525	0.00544	0.00386	0.08771
16	0.01116	0.00889	0.00973	0.00858	0.01099	0.03214	0.00663	0.09992	0.20425	0.04312	0.11790	0.04454	0.13992	0.05002	0.10591	0.00261	0.00525	0.00689	0.00459	0.08694
17	0.09418	0.00893	0.01073	0.07052	0.05675	0.00939	0.00768	0.14468	0.06477	0.14093	0.06957	0.05794	0.03878	0.06254	0.00652	0.00187	0.00444	0.03514	0.10808	0.00658
18	0.01375	0.01264	0.01269	0.08699	0.01610	0.09527	0.00913	0.06985	0.57707	0.02068	0.01815	0.01743	0.01365	0.00666	0.00522	0.00171	0.00504	0.00543	0.00473	0.00781
19	0.01166	0.01181	0.05060	0.07985	0.39911	0.03102	0.03049	0.03826	0.03515	0.01674	0.06594	0.01876	0.09751	0.00662	0.00649	0.00167	0.08245	0.00567	0.00314	0.00708
20	0.00950	0.00880	0.01470	0.72813	0.03316	0.01087	0.01354	0.01273	0.01037	0.01330	0.01112	0.09045	0.00958	0.00627	0.00534	0.00177	0.00657	0.00560	0.00256	0.00564
21	0.04457	0.46000	0.20945	0.01082	0.01584	0.05478	0.01141	0.07995	0.04203	0.01582	0.00878	0.00983	0.00717	0.00489	0.00403	0.00134	0.00617	0.00335	0.00265	0.00710
22	0.00642	0.00495	0.00581	0.00629	0.00730	0.00440	0.00442	0.00765	0.01123	0.01437	0.12339	0.38072	0.34970	0.03987	0.00702	0.00200	0.00286	0.01236	0.00488	0.00434
23	0.00748	0.00541	0.00749	0.00749	0.00812	0.00603	0.00541	0.00874	0.00811	0.01144	0.01475	0.02491	0.01495	0.29321	0.54483	0.00728	0.01104	0.00623	0.00291	0.00416
24	0.00744	0.00558	0.00837	0.00837	0.00930	0.00651	0.00651	0.00930	0.00837	0.01209	0.01395	0.02046	0.01302	0.03906	0.79635	0.00837	0.01395	0.00558	0.00279	0.00465
25	0.12141	0.15966	0.04157	0.07930	0.01721	0.03646	0.12510	0.13429	0.09379	0.01907	0.01298	0.08085	0.01140	0.00658	0.00495	0.00163	0.00578	0.03764	0.00356	0.00676

[dist]
# distance from previous block
# <min> <max>
2	8

[block]
# block no. 1 follows, 47 sequences, length 23
# corresponding to MSA columns:
# 829,835,836,838-845,847,848,850,851,853-860
name=unknown_B
#
# <colnr> <probs for GDERKNQSTAVLIFYWHMCP>
#	G	D	E	R	K	N	Q	S	T	A	V	L	I	F	Y	W	H	M	C	P
0	0.00718	0.00512	0.00677	0.03826	0.00892	0.00494	0.00532	0.02017	0.01050	0.03114	0.05477	0.60847	0.08918	0.03830	0.04272	0.00240	0.00375	0.01293	0.00467	0.00449
1	0.00887	0.00592	0.00787	0.00726	0.00809	0.00595	0.03588	0.01011	0.03240	0.05820	0.11159	0.02976	0.02057	0.46630	0.13363	0.03649	0.00610	0.00715	0.00363	0.00421
2	0.28751	0.01092	0.04061	0.10987	0.18081	0.01104	0.07510	0.04633	0.01127	0.01938	0.04138	0.01447	0.04452	0.00548	0.00457	0.00157	0.00525	0.00456	0.03800	0.04738
3	0.01613	0.03422	0.05329	0.06159	0.11219	0.20335	0.01115	0.23347	0.15325	0.02083	0.01197	0.01292	0.00918	0.00593	0.00550	0.00158	0.03760	0.00448	0.00379	0.00758
4	0.01249	0.01379	0.02897	0.02072	0.02591	0.01292	0.69153	0.04554	0.01268	0.01732	0.01054	0.01380	0.00793	0.00443	0.00597	0.00169	0.00837	0.00591	0.00276	0.05673
5	0.04840	0.01370	0.03878	0.14232	0.05970	0.15818	0.03406	0.14543	0.06676	0.11494	0.03610	0.01539	0.04014	0.00633	0.00542	0.02069	0.00614	0.00484	0.00388	0.03878
6	0.01064	0.00893	0.00989	0.05247	0.04184	0.06787	0.00723	0.05688	0.15432	0.03178	0.22355	0.05613	0.09801	0.01193	0.08761	0.00235	0.00515	0.01555	0.05190	0.00597
7	0.00743	0.00557	0.00696	0.00687	0.00812	0.00526	0.00513	0.01023	0.05836	0.01869	0.49834	0.16303	0.13225	0.01180	0.00622	0.00177	0.00276	0.04087	0.00542	0.00493
8	0.04804	0.44867	0.01985	0.06769	0.01427	0.05219	0.00861	0.04153	0.05482	0.04463	0.09345	0.01397	0.01248	0.00757	0.05085	0.00175	0.00582	0.00417	0.00315	0.00648
9	0.05876	0.06679	0.10016	0.13055	0.08451	0.07017	0.08498	0.09526	0.04951	0.06272	0.01296	0.01538	0.04083	0.03552	0.05190	0.00212	0.02288	0.00490	0.00328	0.00680
10	0.01231	0.00666	0.00829	0.00762	0.00953	0.00639	0.00584	0.01486	0.09831	0.21019	0.02503	0.10216	0.15436	0.01206	0.03180	0.14909	0.00406	0.04655	0.08924	0.00565
11	0.00682	0.00517	0.00658	0.03702	0.00861	0.00480	0.00504	0.00850	0.01219	0.01630	0.31498	0.32537	0.20331	0.01308	0.00629	0.00184	0.00288	0.01156	0.00507	0.00458
12	0.01451	0.24077	0.06378	0.10020	0.07728	0.15855	0.01065	0.09770	0.04193	0.04622	0.01213	0.04337	0.03877	0.00603	0.00498	0.00148	0.02714	0.00454	0.00315	0.00682
13	0.01311	0.40179	0.02054	0.09156	0.03602	0.06676	0.03789	0.04161	0.03405	0.03350	0.05748	0.01481	0.06106	0.00606	0.00528	0.00143	0.06317	0.00447	0.00297	0.00645
14	0.00731	0.00534	0.00636	0.00640	0.00780	0.00479	0.00478	0.00894	0.01224	0.04579	0.23035	0.17505	0.37380	0.01407	0.04317	0.00212	0.00334	0.03863	0.00503	0.00470
15	0.01623	0.00985	0.01255	0.03179	0.01382	0.01013	0.06894	0.18660	0.12437	0.22444	0.01679	0.01684	0.01197	0.00619	0.00489	0.00153	0.00457	0.00516	0.22584	0.00749
16	0.01299	0.01068	0.03642	0.10622	0.10052	0.09538	0.03071	0.07269	0.03667	0.08007	0.01386	0.01755	0.01126	0.10059	0.00721	0.00188	0.00528	0.00501	0.24884	0.00617
17	0.01126	0.04042	0.03707	0.00904	0.01101	0.05000	0.00729	0.06153	0.08133	0.10228	0.05870	0.30987	0.04151	0.01166	0.00625	0.01475	0.00434	0.13112	0.00477	0.00582
18	0.00664	0.00470	0.00591	0.00676	0.00706	0.00444	0.00437	0.00734	0.00947	0.01253	0.02684	0.57889	0.06869	0.21722	0.01161	0.00283	0.00351	0.01279	0.00441	0.00397
19	0.14359	0.12569	0.09854	0.08500	0.15875	0.14134	0.07382	0.03583	0.01175	0.01656	0.00969	0.04252	0.00821	0.00535	0.00463	0.00152	0.00652	0.00434	0.01966	0.00668
20	0.01061	0.00647	0.00850	0.00777	0.00959	0.00610	0.03521	0.01353	0.07147	0.14803	0.22098	0.21971	0.10169	0.01050	0.00575	0.00173	0.00332	0.00923	0.10412	0.00570
21	0.03881	0.10913	0.05151	0.01252	0.11293	0.01222	0.00940	0.18369	0.08411	0.05785	0.04169	0.01332	0.01042	0.00533	0.00458	0.00132	0.00496	0.00424	0.00382	0.23816
22	0.01213	0.01073	0.01438	0.26269	0.04808	0.03356	0.04539	0.13615	0.01306	0.01797	0.01136	0.03745	0.02638	0.00549	0.00515	0.00140	0.02541	0.00461	0.00321	0.28541

[dist]
# distance from previous block
# <min> <max>
0	2

[block]
# block no. 2 follows, 47 sequences, length 21
# corresponding to MSA columns:
# 863-883
name=unknown_C
#
# <colnr> <probs for GDERKNQSTAVLIFYWHMCP>
#	G	D	E	R	K	N	Q	S	T	A	V	L	I	F	Y	W	H	M	C	P
0	0.03056	0.15559	0.03311	0.17236	0.03531	0.06325	0.00928	0.01397	0.05398	0.04958	0.01065	0.02690	0.00924	0.00904	0.00936	0.20878	0.06200	0.02025	0.02135	0.00542
1	0.01523	0.19100	0.18159	0.01093	0.01533	0.05273	0.01073	0.20525	0.01494	0.11121	0.03358	0.03230	0.01082	0.00652	0.00524	0.02679	0.00581	0.02908	0.03359	0.00731
2	0.00642	0.00456	0.00602	0.00715	0.00743	0.00428	0.00473	0.00727	0.00982	0.01309	0.02792	0.76407	0.03346	0.06718	0.00791	0.00230	0.00315	0.01435	0.00473	0.00416
3	0.15375	0.01724	0.01400	0.07619	0.01600	0.37741	0.01007	0.01689	0.01147	0.01448	0.00766	0.01018	0.00659	0.00635	0.00809	0.00169	0.23974	0.00372	0.00263	0.00585
4	0.00674	0.00525	0.00612	0.00600	0.00742	0.00463	0.00446	0.00857	0.01312	0.01725	0.39651	0.09060	0.39032	0.01217	0.00618	0.00172	0.00258	0.01047	0.00526	0.00463
5	0.02769	0.00649	0.00852	0.04673	0.05916	0.00638	0.00638	0.01179	0.06435	0.08018	0.18050	0.29065	0.12294	0.03835	0.02389	0.00207	0.00377	0.00999	0.00479	0.00539
6	0.01909	0.01088	0.01228	0.00962	0.01342	0.06373	0.00778	0.17319	0.01582	0.39339	0.01643	0.05079	0.01177	0.00634	0.00498	0.00145	0.00482	0.00506	0.03263	0.14654
7	0.01760	0.01098	0.01253	0.01038	0.01390	0.01172	0.00832	0.15156	0.39379	0.28047	0.01951	0.01769	0.01370	0.00672	0.00526	0.00168	0.00450	0.00547	0.00567	0.00855
8	0.05712	0.01171	0.01664	0.01279	0.01660	0.01194	0.18430	0.29614	0.03367	0.16570	0.01540	0.10299	0.01235	0.00692	0.00545	0.00167	0.00568	0.00619	0.02909	0.00763
9	0.01320	0.01247	0.02089	0.03107	0.74994	0.01254	0.01571	0.04977	0.01243	0.01772	0.00992	0.01287	0.00828	0.00471	0.00516	0.00155	0.00617	0.00464	0.00270	0.00828
10	0.85377	0.01007	0.00765	0.00685	0.01007	0.01168	0.00564	0.01531	0.00886	0.02336	0.00725	0.00846	0.00564	0.00483	0.00322	0.00161	0.00403	0.00282	0.00322	0.00564
11	0.00735	0.00490	0.00630	0.00704	0.00772	0.00450	0.00481	0.00837	0.01050	0.05567	0.05673	0.62034	0.11613	0.05420	0.00746	0.00217	0.00313	0.01332	0.00487	0.00447
12	0.00748	0.00531	0.00614	0.00597	0.00729	0.00477	0.00434	0.00915	0.01239	0.03785	0.31495	0.07559	0.32017	0.10104	0.00824	0.00206	0.00289	0.00964	0.06014	0.00460
13	0.03752	0.00870	0.01090	0.00901	0.01164	0.00883	0.00716	0.13423	0.01395	0.32923	0.06214	0.02139	0.05116	0.11153	0.10527	0.00291	0.05667	0.00589	0.00493	0.00692
14	0.65872	0.01053	0.00884	0.00771	0.01097	0.01207	0.00630	0.10247	0.07613	0.02401	0.01052	0.01121	0.03210	0.00546	0.00372	0.00162	0.00419	0.00356	0.00368	0.00619
15	0.01438	0.12248	0.04271	0.09882	0.01694	0.16435	0.02329	0.07594	0.07777	0.05774	0.01059	0.01186	0.00830	0.00515	0.00478	0.00131	0.02419	0.00386	0.00328	0.23226
16	0.00702	0.00516	0.00669	0.00696	0.00780	0.00480	0.02601	0.00830	0.01078	0.01452	0.13674	0.38874	0.15361	0.12620	0.00912	0.00235	0.00334	0.02990	0.04761	0.00433
17	0.05263	0.08231	0.05246	0.09039	0.14025	0.07438	0.08044	0.07485	0.07938	0.01765	0.03074	0.03242	0.05916	0.00613	0.00522	0.00155	0.02373	0.00516	0.04542	0.04573
18	0.00719	0.00543	0.00649	0.00664	0.00766	0.00526	0.00474	0.03021	0.01051	0.01362	0.05779	0.19516	0.28213	0.17240	0.15170	0.00365	0.00533	0.02557	0.00419	0.00433
19	0.01004	0.02810	0.01103	0.07566	0.01323	0.00942	0.03230	0.01519	0.20165	0.03899	0.07098	0.07500	0.15343	0.01189	0.07138	0.00237	0.08833	0.05636	0.02867	0.00596
20	0.00965	0.06421	0.15021	0.04813	0.03093	0.04830	0.00966	0.03661	0.02265	0.01540	0.05209	0.20050	0.10377	0.01054	0.00624	0.00187	0.03157	0.14810	0.00388	0.00567

[dist]
# distance from previous block
# <min> <max>
4	31

[block]
# block no. 3 follows, 47 sequences, length 8
# corresponding to MSA columns:
# 917-921,923-925
name=unknown_D
#
# <colnr> <probs for GDERKNQSTAVLIFYWHMCP>
#	G	D	E	R	K	N	Q	S	T	A	V	L	I	F	Y	W	H	M	C	P
0	0.14122	0.01265	0.11150	0.03216	0.05881	0.01177	0.07928	0.06558	0.25821	0.01999	0.03983	0.03665	0.01251	0.02485	0.00612	0.02027	0.02593	0.00530	0.03037	0.00701
1	0.38177	0.00992	0.01032	0.00937	0.05490	0.01037	0.00705	0.08445	0.05168	0.14717	0.08721	0.01439	0.01228	0.00580	0.00430	0.00153	0.00420	0.00432	0.00423	0.09475
2	0.01157	0.00902	0.01083	0.00943	0.01169	0.03344	0.04865	0.12703	0.13975	0.05499	0.22883	0.08766	0.08534	0.02394	0.00642	0.00179	0.02340	0.04737	0.03260	0.00626
3	0.01135	0.00792	0.01149	0.01013	0.01227	0.00780	0.10417	0.04818	0.12815	0.13386	0.06720	0.38834	0.02465	0.01110	0.00607	0.00189	0.00423	0.01012	0.00493	0.00615
4	0.00731	0.00583	0.00662	0.00643	0.00800	0.00543	0.00481	0.01036	0.08800	0.01742	0.33037	0.09404	0.37269	0.01181	0.00610	0.00174	0.00274	0.01014	0.00523	0.00496
5	0.01217	0.08975	0.01298	0.00842	0.01290	0.00955	0.00693	0.09443	0.04789	0.01842	0.00996	0.01114	0.00812	0.00432	0.00402	0.00094	0.00424	0.00336	0.00333	0.63714
6	0.01466	0.06212	0.01457	0.07158	0.01555	0.06989	0.05436	0.18184	0.07081	0.11483	0.04089	0.04914	0.01259	0.05606	0.06704	0.00234	0.06636	0.00548	0.00405	0.02582
7	0.01157	0.13810	0.01258	0.00938	0.01122	0.13762	0.00749	0.02792	0.03853	0.03989	0.04578	0.17278	0.08385	0.06881	0.00816	0.00201	0.08343	0.09161	0.00381	0.00546

[dist]
# distance from previous block
# <min> <max>
14	20

[block]
# block no. 4 follows, 47 sequences, length 11
# corresponding to MSA columns:
# 950,951,966-968,986-991
name=unknown_E
#
# <colnr> <probs for GDERKNQSTAVLIFYWHMCP>
#	G	D	E	R	K	N	Q	S	T	A	V	L	I	F	Y	W	H	M	C	P
0	0.00674	0.00524	0.00613	0.00603	0.00743	0.00463	0.00447	0.00857	0.01308	0.01723	0.39492	0.10263	0.37976	0.01223	0.00619	0.00173	0.00258	0.01054	0.00526	0.00463
1	0.00688	0.00520	0.00635	0.00628	0.00753	0.00467	0.00463	0.00881	0.01328	0.01791	0.47187	0.14444	0.25886	0.01213	0.00621	0.00174	0.00258	0.01058	0.00536	0.00467
2	0.01045	0.02694	0.79000	0.01484	0.02254	0.01209	0.01924	0.01649	0.01099	0.01649	0.00935	0.01099	0.00660	0.00495	0.00495	0.00165	0.00770	0.00385	0.00220	0.00770
3	0.01289	0.01237	0.02114	0.03196	0.78450	0.01237	0.01598	0.01598	0.01186	0.01701	0.00980	0.01289	0.00825	0.00464	0.00516	0.00155	0.00619	0.00464	0.00258	0.00825
4	0.01288	0.45554	0.32973	0.01155	0.01718	0.06524	0.01309	0.01627	0.01100	0.01397	0.00813	0.00947	0.00665	0.00471	0.00406	0.00134	0.00665	0.00324	0.00224	0.00705
5	0.02127	0.00976	0.01234	0.00973	0.01359	0.00931	0.00795	0.09091	0.14580	0.59067	0.01995	0.01756	0.01305	0.00653	0.00525	0.00163	0.00449	0.00530	0.00614	0.00876
6	0.01047	0.00785	0.00902	0.00810	0.01023	0.00813	0.00626	0.06264	0.24712	0.05789	0.38051	0.03161	0.12020	0.00938	0.00579	0.00169	0.00328	0.00803	0.00550	0.00630
7	0.00749	0.00511	0.00613	0.00619	0.00635	0.00524	0.00378	0.00783	0.00782	0.01058	0.01664	0.07142	0.01877	0.65205	0.14855	0.00543	0.00637	0.00762	0.00318	0.00345
8	0.01360	0.05607	0.05836	0.09923	0.04369	0.12965	0.35076	0.07004	0.04071	0.01657	0.01007	0.01279	0.00780	0.00521	0.00626	0.00167	0.06277	0.00504	0.00282	0.00688
9	0.01194	0.01109	0.01772	0.31876	0.32100	0.01207	0.04313	0.05046	0.09035	0.01681	0.01089	0.01386	0.00853	0.00513	0.00517	0.00161	0.00623	0.00475	0.00291	0.04760
10	0.00642	0.00473	0.00593	0.00679	0.00738	0.00433	0.00460	0.00742	0.01040	0.01361	0.06645	0.60329	0.16751	0.05585	0.00754	0.00218	0.00303	0.01352	0.00479	0.00424

[dist]
# distance from previous block
# <min> <max>
3	13

[block]
# block no. 5 follows, 47 sequences, length 6
# corresponding to MSA columns:
# 1016-1020,1031
name=unknown_F
#
# <colnr> <probs for GDERKNQSTAVLIFYWHMCP>
#	G	D	E	R	K	N	Q	S	T	A	V	L	I	F	Y	W	H	M	C	P
0	0.04510	0.07195	0.09421	0.10394	0.08380	0.10786	0.01071	0.07347	0.06477	0.01716	0.00987	0.01168	0.00788	0.00518	0.00528	0.00139	0.05455	0.00388	0.00302	0.22430
1	0.11255	0.02582	0.00823	0.02966	0.00970	0.00735	0.02336	0.01276	0.07147	0.04112	0.05563	0.06849	0.11395	0.05767	0.11049	0.00267	0.00496	0.02599	0.21287	0.00525
2	0.00646	0.00511	0.00584	0.00620	0.00747	0.00449	0.00455	0.00784	0.01164	0.01463	0.11846	0.26342	0.45574	0.01388	0.00635	0.00188	0.00285	0.05385	0.00492	0.00442
3	0.00744	0.00559	0.00684	0.00738	0.00832	0.00546	0.00536	0.00995	0.08255	0.01485	0.09434	0.37571	0.14104	0.09610	0.00851	0.00233	0.00348	0.11532	0.00478	0.00466
4	0.00680	0.00524	0.00621	0.00610	0.00746	0.00465	0.00452	0.00866	0.01319	0.01750	0.42529	0.10851	0.34278	0.01215	0.00619	0.00173	0.00258	0.01050	0.00530	0.00465
5	0.01232	0.00994	0.01042	0.00947	0.01208	0.01136	0.00734	0.02462	0.62519	0.02132	0.02037	0.01943	0.01540	0.00687	0.00497	0.00166	0.00379	0.00568	0.17018	0.00758

[dist]
# distance from previous block
# <min> <max>
0	11

[block]
# block no. 6 follows, 47 sequences, length 18
# corresponding to MSA columns:
# 1043-1060
name=unknown_G
#
# <colnr> <probs for GDERKNQSTAVLIFYWHMCP>
#	G	D	E	R	K	N	Q	S	T	A	V	L	I	F	Y	W	H	M	C	P
0	0.76669	0.01011	0.00822	0.00718	0.01049	0.01151	0.00592	0.03841	0.00978	0.08101	0.00840	0.00927	0.00628	0.00500	0.00343	0.00161	0.00411	0.00306	0.00352	0.00598
1	0.01277	0.01226	0.02093	0.06093	0.75642	0.01234	0.01593	0.01588	0.01180	0.01687	0.00978	0.01293	0.00820	0.00466	0.00516	0.00155	0.00622	0.00464	0.00257	0.00816
2	0.85377	0.01007	0.00765	0.00685	0.01007	0.01168	0.00564	0.01531	0.00886	0.02336	0.00725	0.00846	0.00564	0.00483	0.00322	0.00161	0.00403	0.00282	0.00322	0.00564
3	0.00744	0.00546	0.00771	0.00761	0.00851	0.00595	0.00573	0.00923	0.00987	0.01405	0.20539	0.02660	0.02268	0.12051	0.51200	0.00632	0.01007	0.00676	0.00356	0.00455
4	0.01080	0.00926	0.01080	0.00771	0.01234	0.00694	0.00617	0.01311	0.01080	0.01697	0.00926	0.01080	0.00771	0.00386	0.00386	0.00077	0.00386	0.00309	0.00309	0.84882
5	0.01355	0.74895	0.02533	0.00856	0.01273	0.01923	0.00845	0.01529	0.01061	0.01288	0.00809	0.00932	0.00726	0.00460	0.00337	0.00112	0.00529	0.00297	0.07587	0.00652
6	0.00839	0.00694	0.00884	0.00905	0.04359	0.04132	0.03823	0.00986	0.01125	0.01509	0.18783	0.23771	0.11214	0.09679	0.00939	0.03541	0.04566	0.04239	0.03541	0.00471
7	0.04813	0.01473	0.01143	0.04155	0.01356	0.34080	0.00815	0.05928	0.02639	0.08922	0.03686	0.14989	0.01515	0.00803	0.00516	0.00160	0.00624	0.04467	0.07316	0.00598
8	0.01350	0.01146	0.01208	0.01071	0.01375	0.01321	0.00838	0.08674	0.71513	0.02267	0.02050	0.01888	0.01533	0.00700	0.00529	0.00175	0.00425	0.00579	0.00529	0.00829
9	0.00975	0.00916	0.01565	0.69415	0.03297	0.01107	0.05266	0.01318	0.01089	0.01414	0.07675	0.01608	0.01068	0.00564	0.00534	0.00173	0.00665	0.00513	0.00263	0.00577
10	0.01039	0.05106	0.03186	0.08705	0.09079	0.03574	0.07000	0.03356	0.01149	0.05666	0.03987	0.32645	0.03775	0.01045	0.00634	0.00186	0.03644	0.05250	0.00394	0.00577
11	0.00709	0.00494	0.00609	0.00672	0.00703	0.00478	0.00442	0.00776	0.00918	0.01213	0.02401	0.36219	0.05473	0.37218	0.01552	0.00344	0.00409	0.08581	0.00408	0.00382
12	0.00676	0.00496	0.00633	0.00670	0.00758	0.00454	0.00476	0.00837	0.01224	0.01662	0.35168	0.38633	0.13686	0.01351	0.00637	0.00187	0.00273	0.01203	0.00522	0.00454
13	0.01290	0.04362	0.01789	0.20963	0.31714	0.05510	0.01339	0.04877	0.01156	0.04709	0.00964	0.01288	0.00789	0.00659	0.02726	0.00187	0.14251	0.00453	0.00274	0.00701
14	0.01085	0.00876	0.01414	0.11883	0.30606	0.00887	0.02776	0.01326	0.01136	0.06791	0.01769	0.23926	0.01796	0.00908	0.00577	0.00181	0.00511	0.08314	0.02598	0.00640
15	0.00647	0.00482	0.00584	0.00652	0.00723	0.00439	0.00442	0.00746	0.01045	0.01351	0.06758	0.49043	0.23633	0.09891	0.00857	0.00230	0.00310	0.01277	0.00470	0.00419
16	0.01166	0.05288	0.10704	0.01048	0.01308	0.01000	0.05759	0.13290	0.03981	0.01614	0.03054	0.01625	0.01055	0.01175	0.03846	0.30294	0.05790	0.03387	0.00311	0.04303
17	0.01291	0.25305	0.20535	0.05930	0.04347	0.03160	0.03751	0.09593	0.02738	0.03853	0.02454	0.04416	0.02543	0.00596	0.00518	0.00151	0.04176	0.00459	0.03487	0.00696

[dist]
# distance from previous block
# <min> <max>
4	16

[block]
# block no. 7 follows, 47 sequences, length 21
# corresponding to MSA columns:
# 1082-1102
name=unknown_H
#
# <colnr> <probs for GDERKNQSTAVLIFYWHMCP>
#	G	D	E	R	K	N	Q	S	T	A	V	L	I	F	Y	W	H	M	C	P
0	0.00938	0.04106	0.09130	0.00848	0.01008	0.00795	0.00706	0.04163	0.01006	0.04319	0.07650	0.10197	0.01875	0.29834	0.13626	0.00396	0.06727	0.01836	0.00350	0.00492
1	0.07001	0.00691	0.00785	0.00716	0.00942	0.00659	0.00566	0.01441	0.08544	0.16943	0.14017	0.03470	0.28497	0.00990	0.00558	0.00171	0.00335	0.06410	0.06678	0.00587
2	0.00666	0.00476	0.00619	0.00703	0.00752	0.00458	0.00479	0.00770	0.00987	0.01330	0.04376	0.57666	0.08295	0.08147	0.09139	0.00295	0.00428	0.01261	0.02733	0.00423
3	0.00924	0.00725	0.00854	0.00797	0.00971	0.00758	0.00609	0.01559	0.26149	0.02053	0.47126	0.03329	0.03631	0.04038	0.00669	0.00184	0.00320	0.04167	0.00545	0.00592
4	0.01392	0.82012	0.02729	0.00891	0.01337	0.02061	0.00891	0.01559	0.01058	0.01225	0.00724	0.00835	0.00668	0.00446	0.00334	0.00111	0.00557	0.00278	0.00223	0.00668
5	0.04969	0.00852	0.01087	0.00867	0.01195	0.00782	0.00691	0.07135	0.01387	0.51936	0.01863	0.04910	0.01368	0.10247	0.02663	0.00215	0.00468	0.00566	0.02585	0.04214
6	0.01412	0.79196	0.02685	0.00907	0.01346	0.04806	0.00895	0.01578	0.01073	0.01227	0.00727	0.00839	0.00668	0.00449	0.00339	0.00112	0.00570	0.00280	0.00224	0.00666
7	0.01113	0.00945	0.01098	0.00787	0.01248	0.00728	0.00631	0.04073	0.01130	0.01755	0.00937	0.01086	0.00776	0.00394	0.00391	0.00080	0.00393	0.00314	0.00316	0.81806
8	0.00995	0.08729	0.01336	0.01050	0.01120	0.01209	0.00853	0.01117	0.00828	0.01201	0.01033	0.01710	0.01040	0.14035	0.23558	0.00430	0.38479	0.00513	0.00255	0.00511
9	0.85377	0.01007	0.00765	0.00685	0.01007	0.01168	0.00564	0.01531	0.00886	0.02336	0.00725	0.00846	0.00564	0.00483	0.00322	0.00161	0.00403	0.00282	0.00322	0.00564
10	0.00655	0.00524	0.00586	0.00596	0.00739	0.00460	0.00444	0.00805	0.01202	0.01514	0.17879	0.12428	0.50883	0.03307	0.02402	0.00202	0.00304	0.04131	0.00491	0.00446
11	0.01479	0.11707	0.28810	0.04342	0.01835	0.13686	0.01324	0.13650	0.01365	0.07466	0.00997	0.01131	0.00749	0.00570	0.00600	0.00159	0.08695	0.00398	0.00308	0.00731
12	0.00621	0.00528	0.00535	0.00533	0.00707	0.00442	0.00400	0.00758	0.01200	0.01437	0.08488	0.04962	0.75007	0.01308	0.00615	0.00175	0.00263	0.01092	0.00488	0.00442
13	0.01259	0.00677	0.00909	0.00888	0.01075	0.00649	0.00723	0.01496	0.04261	0.23956	0.02391	0.12679	0.02334	0.08497	0.03683	0.00257	0.00482	0.32686	0.00508	0.00590
14	0.01128	0.00735	0.00929	0.04331	0.01116	0.00760	0.03558	0.12077	0.04015	0.06876	0.01919	0.18213	0.01815	0.05520	0.03646	0.00211	0.00443	0.06616	0.25521	0.00570
15	0.00988	0.00858	0.01049	0.01212	0.15243	0.04039	0.00772	0.01460	0.16326	0.01842	0.25646	0.03125	0.17498	0.00908	0.00568	0.00167	0.00388	0.03583	0.03718	0.00612
16	0.00744	0.00558	0.00837	0.00837	0.00930	0.00651	0.00651	0.00930	0.00837	0.01209	0.01395	0.02046	0.01302	0.03906	0.79635	0.00837	0.01395	0.00558	0.00279	0.00465
17	0.01173	0.01025	0.01706	0.21189	0.31641	0.01066	0.07673	0.01524	0.04328	0.06394	0.04469	0.02087	0.06378	0.00653	0.00553	0.00171	0.00591	0.06355	0.00332	0.00693
18	0.04377	0.03866	0.01254	0.01137	0.06722	0.00908	0.09013	0.01096	0.00904	0.01304	0.01391	0.02165	0.03989	0.21972	0.27793	0.00482	0.10245	0.00593	0.00286	0.00503
19	0.54767	0.01134	0.00985	0.03055	0.03864	0.06635	0.00705	0.07458	0.07055	0.05124	0.00982	0.01139	0.00771	0.03852	0.00479	0.00174	0.00475	0.00364	0.00357	0.00623
20	0.01708	0.01345	0.01343	0.01080	0.01426	0.07716	0.00873	0.51327	0.07914	0.02760	0.04549	0.01700	0.06719	0.00690	0.00517	0.00155	0.00533	0.00532	0.06329	0.00783

[dist]
# distance from previous block
# <min> <max>
1	15

[block]
# block no. 8 follows, 47 sequences, length 13
# corresponding to MSA columns:
# 1124-1135,1143
name=unknown_I
#
# <colnr> <probs for GDERKNQSTAVLIFYWHMCP>
#	G	D	E	R	K	N	Q	S	T	A	V	L	I	F	Y	W	H	M	C	P
0	0.00732	0.00523	0.00637	0.00672	0.00793	0.00470	0.00496	0.00880	0.01181	0.04641	0.15915	0.31281	0.30513	0.01370	0.00638	0.00191	0.00301	0.07798	0.00504	0.00464
1	0.01104	0.04127	0.01626	0.23652	0.07222	0.07382	0.14732	0.04511	0.01231	0.01585	0.07579	0.08076	0.06715	0.00743	0.00558	0.00171	0.00612	0.05058	0.02715	0.00599
2	0.00878	0.00583	0.00879	0.08945	0.01099	0.00666	0.00661	0.00857	0.00781	0.01074	0.01110	0.05708	0.01093	0.02112	0.20944	0.44183	0.07283	0.00532	0.00253	0.00359
3	0.00838	0.00625	0.00877	0.04763	0.11563	0.00599	0.00688	0.01000	0.01109	0.04901	0.05634	0.41042	0.15675	0.01252	0.00611	0.00189	0.00366	0.03907	0.03846	0.00516
4	0.85377	0.01007	0.00765	0.00685	0.01007	0.01168	0.00564	0.01531	0.00886	0.02336	0.00725	0.00846	0.00564	0.00483	0.00322	0.00161	0.00403	0.00282	0.00322	0.00564
5	0.00950	0.00567	0.00716	0.00695	0.00848	0.00505	0.00514	0.01113	0.01259	0.14812	0.24425	0.28459	0.20670	0.01232	0.00615	0.00181	0.00302	0.01078	0.00536	0.00525
6	0.01057	0.00910	0.01360	0.16906	0.07415	0.01000	0.08119	0.06967	0.07599	0.01596	0.01498	0.15805	0.01448	0.08591	0.02437	0.02119	0.07186	0.00693	0.03517	0.03778
7	0.00995	0.00741	0.00884	0.00767	0.01033	0.00643	0.00589	0.06190	0.01185	0.06032	0.02332	0.22398	0.14669	0.01109	0.04565	0.00183	0.00415	0.03586	0.00421	0.31263
8	0.01469	0.01360	0.11278	0.01185	0.01565	0.01247	0.06962	0.35153	0.10909	0.04459	0.04747	0.10471	0.01446	0.04525	0.00646	0.00184	0.00552	0.00632	0.00455	0.00754
9	0.01280	0.37695	0.23658	0.01367	0.05210	0.01646	0.10886	0.04764	0.01139	0.01509	0.00855	0.01038	0.00699	0.00496	0.00518	0.00146	0.05764	0.00378	0.00242	0.00710
10	0.00751	0.00527	0.00653	0.00692	0.00794	0.00487	0.00494	0.00923	0.03313	0.04776	0.15960	0.40491	0.19250	0.04754	0.00721	0.00206	0.00309	0.03933	0.00500	0.00467
11	0.00910	0.02696	0.07430	0.01168	0.09910	0.00749	0.04939	0.01187	0.03758	0.03497	0.09458	0.20611	0.14761	0.01085	0.00603	0.00185	0.00440	0.12863	0.00426	0.03326
12	0.05909	0.03885	0.06579	0.20116	0.04353	0.05561	0.01078	0.11221	0.05157	0.08787	0.01220	0.06050	0.00998	0.00707	0.01929	0.00178	0.09243	0.00502	0.01917	0.04612

[dist]
# distance from previous block
# <min> <max>
3	57

[block]
# block no. 9 follows, 47 sequences, length 15
# corresponding to MSA columns:
# 1203-1217
name=unknown_J
#
# <colnr> <probs for GDERKNQSTAVLIFYWHMCP>
#	G	D	E	R	K	N	Q	S	T	A	V	L	I	F	Y	W	H	M	C	P
0	0.01350	0.01071	0.01245	0.01038	0.06181	0.05425	0.02564	0.07078	0.03680	0.10087	0.01138	0.01241	0.00881	0.00465	0.00433	0.00107	0.00460	0.00378	0.03687	0.51491
1	0.00659	0.00469	0.00622	0.00735	0.00771	0.00443	0.00503	0.00757	0.00999	0.01329	0.02785	0.70148	0.03310	0.06570	0.00792	0.00232	0.00330	0.07651	0.00473	0.00421
2	0.01484	0.03587	0.05366	0.05259	0.05475	0.11457	0.00991	0.14284	0.36832	0.04863	0.03885	0.01620	0.01290	0.00640	0.00515	0.00163	0.00549	0.00513	0.00447	0.00778
3	0.04619	0.08580	0.14385	0.01720	0.17957	0.03260	0.15227	0.06067	0.05055	0.05780	0.03463	0.03157	0.03288	0.00560	0.00510	0.00156	0.00624	0.00509	0.00325	0.04758
4	0.07959	0.00961	0.01459	0.37276	0.10761	0.01091	0.03800	0.03612	0.01102	0.06646	0.01224	0.04687	0.02573	0.03527	0.00670	0.00184	0.05918	0.02302	0.00305	0.03944
5	0.01403	0.73903	0.06539	0.00944	0.01397	0.05995	0.00949	0.01591	0.01082	0.01249	0.00739	0.00854	0.00668	0.00453	0.00349	0.00115	0.00587	0.00287	0.00225	0.00670
6	0.00996	0.01124	0.09659	0.19179	0.09449	0.03335	0.11265	0.01379	0.06524	0.01545	0.06113	0.13193	0.08803	0.02540	0.02432	0.00197	0.00598	0.00719	0.00341	0.00609
7	0.01387	0.05370	0.03414	0.15426	0.22350	0.05593	0.01187	0.17869	0.04576	0.04447	0.04252	0.01792	0.02479	0.00637	0.00524	0.00163	0.00591	0.05816	0.01399	0.00727
8	0.01032	0.00917	0.01471	0.10424	0.36732	0.00961	0.01150	0.01268	0.01093	0.01530	0.03982	0.16408	0.01640	0.04990	0.02996	0.00213	0.04666	0.05764	0.02128	0.00635
9	0.03940	0.00676	0.00830	0.00758	0.00976	0.00623	0.00579	0.01515	0.05922	0.27189	0.07305	0.24555	0.17753	0.01076	0.00575	0.00178	0.00346	0.00925	0.03667	0.00615
10	0.05646	0.09709	0.12606	0.11923	0.08281	0.05829	0.04574	0.06543	0.04861	0.08989	0.03059	0.03379	0.01151	0.00651	0.00552	0.00166	0.03591	0.06350	0.01452	0.00688
11	0.01577	0.07634	0.03212	0.13484	0.09676	0.04829	0.08526	0.23098	0.08045	0.10537	0.01233	0.01354	0.00909	0.00572	0.00548	0.00161	0.02969	0.00475	0.00391	0.00769
12	0.00697	0.00520	0.00658	0.00742	0.00827	0.00493	0.00544	0.00880	0.04015	0.01448	0.06459	0.48666	0.16251	0.01484	0.00658	0.00207	0.00328	0.14181	0.00488	0.00454
13	0.00797	0.00713	0.04980	0.03783	0.04122	0.00620	0.03562	0.01031	0.04954	0.02992	0.06400	0.48878	0.08384	0.03229	0.00676	0.00204	0.00388	0.03332	0.00449	0.00507
14	0.07747	0.01214	0.04350	0.16345	0.17292	0.02906	0.11307	0.12770	0.03980	0.10805	0.01229	0.01538	0.00948	0.02274	0.00567	0.00173	0.00623	0.02843	0.00359	0.00731

[dist]
# distance from previous block
# <min> <max>
15	32

[block]
# block no. 10 follows, 47 sequences, length 8
# corresponding to MSA columns:
# 1251-1258
name=unknown_K
#
# <colnr> <probs for GDERKNQSTAVLIFYWHMCP>
#	G	D	E	R	K	N	Q	S	T	A	V	L	I	F	Y	W	H	M	C	P
0	0.07307	0.00977	0.04070	0.06057	0.33707	0.00951	0.01118	0.01364	0.03138	0.01699	0.07181	0.08758	0.03278	0.00920	0.03963	0.00203	0.00547	0.10770	0.03342	0.00650
1	0.01235	0.01169	0.01976	0.02950	0.70905	0.01165	0.01491	0.01538	0.01214	0.01739	0.08478	0.01542	0.01222	0.00522	0.00525	0.00156	0.00582	0.00510	0.00288	0.00792
2	0.12636	0.00915	0.01117	0.00898	0.01247	0.00877	0.00738	0.10831	0.01510	0.47826	0.10586	0.02027	0.01646	0.00707	0.00517	0.00165	0.00432	0.03974	0.00573	0.00781
3	0.01067	0.02560	0.71924	0.01642	0.09266	0.01212	0.01894	0.01645	0.01107	0.01654	0.00939	0.01117	0.00675	0.00492	0.00497	0.00164	0.00756	0.00392	0.00223	0.00775
4	0.00694	0.00543	0.00643	0.00699	0.00837	0.00492	0.00557	0.00857	0.01167	0.01449	0.04119	0.14890	0.43314	0.01399	0.00657	0.00202	0.00342	0.26207	0.00482	0.00451
5	0.01372	0.02268	0.34000	0.01639	0.02188	0.25259	0.22529	0.01786	0.01251	0.01540	0.00928	0.01136	0.00700	0.00492	0.00521	0.00158	0.00852	0.00434	0.00247	0.00700
6	0.04584	0.02922	0.03563	0.00941	0.01252	0.10625	0.00775	0.13158	0.05296	0.23636	0.14681	0.02243	0.08172	0.00759	0.00526	0.00159	0.00480	0.02203	0.03323	0.00703
7	0.00853	0.00557	0.00702	0.00729	0.00848	0.00519	0.00529	0.01058	0.04931	0.09034	0.14717	0.43703	0.14468	0.01349	0.00631	0.00193	0.00313	0.03848	0.00515	0.00503

[dist]
# distance from previous block
# <min> <max>
1	27

# created by:
# /home/simao/soft/augustus-3.0.3/scripts/msa2prfl.pl ./prep/107122.aln
