[name]
unknown

[dist]
# distance from previous block
# <min> <max>
0	46

[block]
# block no. 0 follows, 79 sequences, length 16
# corresponding to MSA columns:
# 46-61
name=unknown_A
#
# <colnr> <probs for GDERKNQSTAVLIFYWHMCP>
#	G	D	E	R	K	N	Q	S	T	A	V	L	I	F	Y	W	H	M	C	P
0	0.01108	0.30896	0.07863	0.00714	0.01014	0.01005	0.02713	0.22645	0.03443	0.16033	0.00839	0.00924	0.00643	0.00385	0.00309	0.00096	0.00372	0.03209	0.00268	0.05518
1	0.25012	0.00831	0.00790	0.00648	0.00889	0.10281	0.00522	0.18180	0.08850	0.20764	0.02996	0.00911	0.00695	0.00395	0.00309	0.00103	0.00340	0.00290	0.00308	0.06886
2	0.00749	0.00651	0.00917	0.00753	0.00945	0.05359	0.19548	0.01045	0.14633	0.08385	0.09080	0.08348	0.24798	0.00623	0.00400	0.00119	0.00330	0.02596	0.00305	0.00416
3	0.00434	0.00313	0.00411	0.00480	0.00510	0.00290	0.00324	0.00504	0.00705	0.00939	0.08020	0.76683	0.06953	0.01065	0.00446	0.00139	0.00200	0.00962	0.00332	0.00290
4	0.00509	0.00342	0.00395	0.00398	0.00402	0.00345	0.00230	0.00518	0.00521	0.00699	0.01131	0.05274	0.01296	0.79835	0.06425	0.00347	0.00370	0.00522	0.00216	0.00222
5	0.00806	0.36544	0.49269	0.00857	0.01284	0.01054	0.03596	0.01092	0.00736	0.01001	0.00577	0.00678	0.00452	0.00320	0.00293	0.00097	0.00465	0.00236	0.00151	0.00492
6	0.03070	0.59118	0.20090	0.00701	0.01042	0.01215	0.00750	0.03895	0.05455	0.00993	0.00586	0.00656	0.00489	0.00323	0.00261	0.00088	0.00401	0.00220	0.00170	0.00476
7	0.00690	0.00614	0.04390	0.00613	0.00780	0.02533	0.05148	0.05759	0.12291	0.05836	0.06977	0.03858	0.36147	0.00700	0.00440	0.00122	0.04683	0.07705	0.00314	0.00398
8	0.00513	0.00342	0.00384	0.00384	0.00384	0.00342	0.00214	0.00513	0.00513	0.00683	0.01110	0.02306	0.01281	0.87614	0.01794	0.00342	0.00342	0.00513	0.00214	0.00214
9	0.00915	0.15345	0.01052	0.00828	0.07754	0.16619	0.03354	0.04278	0.27251	0.01181	0.06592	0.04296	0.05174	0.00458	0.00337	0.00103	0.00371	0.00371	0.00265	0.03456
10	0.00474	0.00359	0.00437	0.00417	0.00511	0.00322	0.00313	0.00617	0.00939	0.01275	0.60673	0.02861	0.27968	0.00772	0.00416	0.00113	0.00170	0.00669	0.00370	0.00322
11	0.00982	0.04563	0.04871	0.01229	0.25770	0.11766	0.06022	0.10737	0.24680	0.02714	0.00917	0.01018	0.00720	0.00393	0.00349	0.00108	0.00413	0.01967	0.00253	0.00529
12	0.07159	0.27717	0.17753	0.04573	0.03121	0.04646	0.05429	0.12296	0.07541	0.05578	0.00711	0.00778	0.00545	0.00352	0.00304	0.00100	0.00416	0.00268	0.00217	0.00496
13	0.00492	0.00377	0.00446	0.00441	0.00531	0.00352	0.00327	0.02313	0.03111	0.01132	0.31814	0.12735	0.31890	0.05969	0.03342	0.00148	0.00224	0.03696	0.00339	0.00318
14	0.00985	0.66851	0.01611	0.00650	0.00917	0.13458	0.00602	0.04709	0.00795	0.00899	0.00594	0.05400	0.00563	0.00360	0.00257	0.00083	0.00405	0.00245	0.00174	0.00443
15	0.00871	0.10563	0.01223	0.00952	0.11260	0.04310	0.16344	0.02244	0.02153	0.05855	0.00703	0.02136	0.00574	0.00323	0.00338	0.00085	0.03018	0.00287	0.00209	0.36554

[dist]
# distance from previous block
# <min> <max>
0	2

[block]
# block no. 1 follows, 79 sequences, length 14
# corresponding to MSA columns:
# 64-68,70-78
name=unknown_B
#
# <colnr> <probs for GDERKNQSTAVLIFYWHMCP>
#	G	D	E	R	K	N	Q	S	T	A	V	L	I	F	Y	W	H	M	C	P
0	0.18967	0.00883	0.04280	0.02545	0.39239	0.04267	0.11378	0.06628	0.00831	0.04073	0.00663	0.00813	0.00522	0.00327	0.00327	0.00106	0.00414	0.00295	0.00204	0.03238
1	0.00859	0.00778	0.01328	0.22099	0.59066	0.00809	0.03320	0.01073	0.00791	0.05483	0.00693	0.00907	0.00553	0.00329	0.00352	0.00108	0.00429	0.00319	0.00184	0.00519
2	0.00507	0.00362	0.00489	0.00489	0.00525	0.00399	0.00344	0.00580	0.00544	0.00761	0.01015	0.01776	0.01051	0.38755	0.50338	0.00471	0.00688	0.00435	0.00199	0.00272
3	0.01004	0.60447	0.03353	0.00684	0.00947	0.21271	0.00629	0.01119	0.00791	0.00867	0.03892	0.00673	0.00568	0.00340	0.00277	0.00083	0.02233	0.00219	0.00168	0.00437
4	0.00731	0.00709	0.01128	0.66919	0.18550	0.04135	0.00987	0.00956	0.00735	0.00948	0.00630	0.00915	0.00486	0.00345	0.00350	0.00114	0.00466	0.00310	0.00161	0.00425
5	0.00535	0.00366	0.00477	0.00445	0.00534	0.00338	0.00335	0.00700	0.00990	0.03826	0.80335	0.02552	0.03183	0.00703	0.00409	0.00110	0.00170	0.00620	0.03032	0.00340
6	0.04781	0.03467	0.00925	0.00704	0.00937	0.00891	0.00582	0.47863	0.01281	0.15784	0.00963	0.00974	0.01945	0.00436	0.00386	0.00106	0.06182	0.00322	0.10936	0.00535
7	0.00666	0.00626	0.01057	0.86767	0.02427	0.00783	0.00979	0.00900	0.00705	0.00900	0.00626	0.00940	0.00470	0.00352	0.00352	0.00117	0.00470	0.00313	0.00157	0.00392
8	0.00431	0.00336	0.00397	0.00432	0.00502	0.00302	0.00307	0.00514	0.00744	0.00946	0.06954	0.40198	0.39922	0.01072	0.05107	0.00154	0.00231	0.00832	0.00323	0.00295
9	0.02758	0.00856	0.14914	0.00822	0.06072	0.01924	0.00697	0.09682	0.08106	0.01120	0.01119	0.01329	0.11613	0.07324	0.06741	0.02280	0.21614	0.00383	0.00224	0.00421
10	0.19793	0.00491	0.00528	0.00454	0.00627	0.00488	0.00363	0.01159	0.00798	0.28860	0.01089	0.01121	0.00783	0.00401	0.00276	0.00097	0.00231	0.00308	0.41705	0.00428
11	0.04332	0.09410	0.26180	0.03718	0.01174	0.02572	0.04488	0.05218	0.26426	0.02653	0.00980	0.01021	0.03805	0.00419	0.00389	0.00113	0.06036	0.00326	0.00239	0.00500
12	0.01326	0.00952	0.01045	0.04263	0.01136	0.01049	0.00674	0.76386	0.01583	0.06715	0.00867	0.00869	0.00609	0.00421	0.00353	0.00106	0.00386	0.00319	0.00349	0.00591
13	0.00844	0.03257	0.35120	0.00909	0.03643	0.02509	0.06152	0.07882	0.24923	0.03270	0.03554	0.01054	0.02650	0.00405	0.00349	0.00111	0.00413	0.00337	0.00248	0.02372

[dist]
# distance from previous block
# <min> <max>
1	5

[block]
# block no. 2 follows, 79 sequences, length 33
# corresponding to MSA columns:
# 84-116
name=unknown_C
#
# <colnr> <probs for GDERKNQSTAVLIFYWHMCP>
#	G	D	E	R	K	N	Q	S	T	A	V	L	I	F	Y	W	H	M	C	P
0	0.00615	0.00443	0.00536	0.00561	0.00661	0.00456	0.00458	0.02189	0.13727	0.01159	0.04153	0.07500	0.10082	0.03303	0.00454	0.00141	0.00268	0.38665	0.14272	0.00358
1	0.05184	0.24898	0.06239	0.01020	0.21175	0.00970	0.00719	0.08907	0.16781	0.01243	0.04823	0.03481	0.02316	0.00406	0.00317	0.00102	0.00354	0.00329	0.00237	0.00499
2	0.00459	0.00328	0.00429	0.00496	0.00527	0.00312	0.00346	0.00529	0.00678	0.00896	0.01887	0.60739	0.05762	0.11228	0.02243	0.00176	0.00250	0.12120	0.00311	0.00284
3	0.00792	0.00628	0.00689	0.00609	0.00790	0.00669	0.01877	0.09330	0.40467	0.05678	0.03888	0.04342	0.27527	0.00621	0.00381	0.00118	0.00260	0.00519	0.00349	0.00468
4	0.00430	0.00312	0.00407	0.00479	0.00509	0.00288	0.00323	0.00497	0.00694	0.00919	0.04481	0.78445	0.08762	0.01077	0.00446	0.00140	0.00201	0.00971	0.00329	0.00288
5	0.00942	0.87826	0.01847	0.00603	0.00905	0.01395	0.00603	0.01055	0.00716	0.00829	0.00490	0.00565	0.00452	0.00302	0.00226	0.00075	0.00377	0.00188	0.00151	0.00452
6	0.00445	0.00357	0.00397	0.00392	0.00493	0.00314	0.00291	0.00552	0.00830	0.01053	0.24064	0.04349	0.56373	0.03991	0.04405	0.00146	0.00217	0.00696	0.00332	0.00304
7	0.01293	0.01555	0.00994	0.00893	0.01067	0.75357	0.00678	0.01385	0.00967	0.05650	0.00587	0.00677	0.00478	0.00385	0.00379	0.00096	0.06706	0.00240	0.00194	0.00418
8	0.00889	0.00715	0.00781	0.00721	0.04761	0.03464	0.00539	0.15341	0.34395	0.05504	0.08731	0.01599	0.14049	0.00544	0.00398	0.00115	0.03728	0.00441	0.02795	0.00490
9	0.00749	0.09686	0.48869	0.00983	0.01377	0.03238	0.16394	0.01038	0.00738	0.01033	0.00693	0.04960	0.00568	0.00435	0.00429	0.07374	0.00491	0.00321	0.00164	0.00462
10	0.00440	0.00333	0.00427	0.00475	0.00528	0.00303	0.01370	0.00520	0.00730	0.00950	0.07277	0.59360	0.21341	0.01019	0.00441	0.00136	0.00205	0.03522	0.00329	0.00295
11	0.00516	0.00355	0.00473	0.00473	0.00502	0.00384	0.00325	0.00562	0.00533	0.00739	0.00995	0.01787	0.01045	0.41942	0.40274	0.07593	0.00614	0.00434	0.00197	0.00255
12	0.05055	0.00668	0.00730	0.00533	0.00837	0.03643	0.00426	0.00914	0.00734	0.01159	0.00617	0.00720	0.00513	0.00268	0.00261	0.00056	0.00275	0.00209	0.00208	0.82174
13	0.00504	0.00349	0.00446	0.00460	0.00529	0.00328	0.00344	0.00642	0.00867	0.01227	0.44709	0.22256	0.06139	0.00809	0.00413	0.00121	0.00192	0.09253	0.10094	0.00319
14	0.02759	0.09208	0.14493	0.04677	0.09169	0.04865	0.10224	0.13579	0.07760	0.15251	0.03972	0.00969	0.00718	0.00383	0.00344	0.00107	0.00415	0.00325	0.00261	0.00520
15	0.00697	0.02702	0.08476	0.02313	0.07367	0.06633	0.04952	0.00951	0.10167	0.03624	0.17868	0.23114	0.05127	0.00642	0.00386	0.00116	0.00314	0.00567	0.00288	0.03698
16	0.55937	0.06162	0.00850	0.00676	0.02164	0.13941	0.07042	0.04998	0.00737	0.01392	0.00535	0.00635	0.00424	0.00342	0.00285	0.00106	0.02929	0.00225	0.00209	0.00410
17	0.00887	0.51715	0.24103	0.00815	0.01180	0.01163	0.10257	0.03045	0.00763	0.02346	0.00576	0.00673	0.00470	0.00315	0.00282	0.00091	0.00439	0.00239	0.00163	0.00479
18	0.00999	0.00922	0.01342	0.01377	0.28805	0.05576	0.18135	0.22931	0.10088	0.01443	0.01703	0.00942	0.00649	0.00402	0.01814	0.00116	0.00448	0.00344	0.00245	0.01720
19	0.00468	0.00328	0.00401	0.00436	0.00458	0.00313	0.00278	0.00513	0.00638	0.00851	0.07784	0.41670	0.06234	0.36844	0.01001	0.00222	0.00257	0.00760	0.00285	0.00260
20	0.00909	0.00762	0.00996	0.32558	0.01535	0.04230	0.04224	0.08820	0.27396	0.08340	0.00957	0.01050	0.00709	0.00419	0.00403	0.00118	0.05481	0.00345	0.00263	0.00484
21	0.00498	0.00350	0.00448	0.00480	0.00542	0.00325	0.00351	0.00601	0.00788	0.03073	0.23107	0.35980	0.12692	0.06983	0.00534	0.00148	0.00220	0.12236	0.00337	0.00307
22	0.00773	0.00523	0.00697	0.00611	0.00762	0.00519	0.05166	0.04234	0.15503	0.13360	0.39677	0.05340	0.02164	0.00642	0.00403	0.00119	0.00254	0.08462	0.00368	0.00425
23	0.00429	0.00319	0.00400	0.00461	0.00504	0.00290	0.00315	0.00499	0.00711	0.00925	0.04647	0.67130	0.19990	0.01048	0.00442	0.00137	0.00198	0.00937	0.00329	0.00290
24	0.01501	0.00639	0.00832	0.00647	0.00914	0.00588	0.00532	0.07079	0.08771	0.72495	0.01359	0.01187	0.00873	0.00439	0.00355	0.00110	0.00304	0.00356	0.00424	0.00596
25	0.01150	0.00910	0.00974	0.00841	0.05084	0.03697	0.00646	0.45832	0.32189	0.03311	0.01054	0.01019	0.00773	0.00436	0.00354	0.00110	0.00356	0.00345	0.00342	0.00576
26	0.01077	0.00856	0.00910	0.00758	0.00993	0.00970	0.00606	0.37440	0.48886	0.01797	0.01180	0.01113	0.00870	0.00454	0.00356	0.00114	0.00326	0.00363	0.00356	0.00576
27	0.00433	0.00309	0.00413	0.00495	0.00517	0.00289	0.00333	0.00497	0.00678	0.00904	0.01941	0.85239	0.02323	0.01101	0.00451	0.00144	0.00208	0.03112	0.00327	0.00287
28	0.04941	0.03312	0.03012	0.14062	0.06529	0.08926	0.02049	0.24805	0.02876	0.11541	0.00874	0.05087	0.00694	0.00621	0.07894	0.00149	0.01530	0.00343	0.00268	0.00486
29	0.00672	0.02501	0.21733	0.04719	0.05737	0.08416	0.00693	0.00864	0.02033	0.02568	0.03680	0.32715	0.05777	0.00664	0.00390	0.00119	0.01541	0.00572	0.00247	0.04360
30	0.03834	0.63232	0.19291	0.00694	0.01035	0.03391	0.00745	0.02616	0.00743	0.00940	0.00528	0.00610	0.00452	0.00313	0.00253	0.00085	0.00410	0.00207	0.00157	0.00466
31	0.64206	0.04910	0.00663	0.00557	0.02764	0.02008	0.00441	0.05575	0.05444	0.03912	0.00666	0.04837	0.00552	0.00379	0.00254	0.00108	0.00290	0.00257	0.00240	0.01936
32	0.08113	0.05428	0.05515	0.00811	0.05851	0.02897	0.03841	0.23251	0.18890	0.07167	0.03171	0.04429	0.01573	0.01627	0.03934	0.00132	0.01115	0.00362	0.01388	0.00506

[dist]
# distance from previous block
# <min> <max>
11	32

[block]
# block no. 3 follows, 79 sequences, length 20
# corresponding to MSA columns:
# 156-166,177-185
name=unknown_D
#
# <colnr> <probs for GDERKNQSTAVLIFYWHMCP>
#	G	D	E	R	K	N	Q	S	T	A	V	L	I	F	Y	W	H	M	C	P
0	0.20729	0.00716	0.00860	0.15765	0.03607	0.04887	0.04664	0.05824	0.03957	0.09075	0.00750	0.02051	0.00588	0.00531	0.06724	0.00136	0.02360	0.00290	0.00232	0.16255
1	0.12905	0.02986	0.00898	0.00711	0.00957	0.04996	0.00576	0.37719	0.23738	0.01744	0.00922	0.00917	0.00687	0.00407	0.00323	0.00104	0.00342	0.00307	0.01574	0.07186
2	0.00565	0.00466	0.00716	0.32530	0.06311	0.00509	0.00614	0.00704	0.00713	0.02427	0.03353	0.42621	0.05596	0.00748	0.00404	0.00129	0.00315	0.00673	0.00258	0.00349
3	0.01397	0.03602	0.03950	0.00630	0.00891	0.00552	0.00539	0.03544	0.00978	0.68122	0.01447	0.04118	0.04503	0.00489	0.00360	0.00111	0.00306	0.03504	0.00402	0.00559
4	0.00997	0.73892	0.01720	0.00691	0.04498	0.07052	0.00624	0.01114	0.00754	0.05156	0.00547	0.00615	0.00478	0.00313	0.00244	0.00079	0.00392	0.00205	0.00168	0.00461
5	0.00903	0.30507	0.08522	0.00831	0.01114	0.02881	0.15792	0.15613	0.02008	0.01190	0.00839	0.09347	0.00771	0.00442	0.00333	0.00103	0.00411	0.04837	0.00223	0.03334
6	0.00512	0.00356	0.00466	0.00466	0.00493	0.00383	0.00315	0.00561	0.00534	0.00739	0.01021	0.01865	0.01085	0.47928	0.38198	0.03576	0.00600	0.00447	0.00201	0.00255
7	0.03872	0.44280	0.41403	0.00788	0.01190	0.01102	0.00925	0.01083	0.00725	0.00990	0.00557	0.00650	0.00447	0.00318	0.00277	0.00094	0.00441	0.00222	0.00152	0.00482
8	0.00503	0.00378	0.00566	0.00566	0.00629	0.00441	0.00441	0.00629	0.00566	0.00818	0.00944	0.01385	0.00881	0.02643	0.86217	0.00566	0.00944	0.00378	0.00189	0.00315
9	0.00496	0.00360	0.00468	0.00441	0.00525	0.00331	0.00331	0.00660	0.00992	0.01399	0.82668	0.02656	0.05896	0.00726	0.00416	0.00111	0.00167	0.00641	0.00386	0.00331
10	0.00601	0.00392	0.00505	0.00559	0.00644	0.00395	0.00476	0.00784	0.02860	0.01139	0.01651	0.03151	0.01684	0.00801	0.00415	0.00138	0.00278	0.57405	0.25790	0.00331
11	0.00606	0.00485	0.00672	0.00628	0.00684	0.00590	0.00490	0.05601	0.00619	0.00890	0.00866	0.01347	0.00833	0.12458	0.54501	0.00433	0.17393	0.00377	0.00195	0.00333
12	0.90103	0.00682	0.00518	0.00463	0.00682	0.00791	0.00382	0.01036	0.00600	0.01581	0.00491	0.00573	0.00382	0.00327	0.00218	0.00109	0.00273	0.00191	0.00218	0.00382
13	0.00865	0.00813	0.01303	0.01884	0.69215	0.00833	0.00982	0.01203	0.14710	0.01202	0.00822	0.01026	0.00682	0.00358	0.00354	0.00109	0.00393	0.02483	0.00209	0.00552
14	0.00638	0.00435	0.00504	0.00464	0.00580	0.03512	0.00353	0.00776	0.00942	0.11457	0.49853	0.05657	0.22024	0.00727	0.00406	0.00113	0.00204	0.00626	0.00370	0.00358
15	0.00503	0.00378	0.00566	0.00566	0.00629	0.00441	0.00441	0.00629	0.00566	0.00818	0.00944	0.01385	0.00881	0.02643	0.86217	0.00566	0.00944	0.00378	0.00189	0.00315
16	0.00746	0.00708	0.01202	0.53856	0.34710	0.00804	0.01019	0.00971	0.00743	0.00998	0.00641	0.00913	0.00504	0.00337	0.00351	0.00112	0.00450	0.00314	0.00164	0.00456
17	0.00473	0.00348	0.00391	0.00398	0.00449	0.00327	0.00263	0.00523	0.00654	0.00834	0.05004	0.09348	0.31004	0.41907	0.04458	0.00244	0.00291	0.02554	0.00270	0.00260
18	0.00744	0.15219	0.72713	0.00942	0.01429	0.00908	0.01193	0.01107	0.00740	0.01071	0.00610	0.00716	0.00447	0.00330	0.00318	0.00106	0.00498	0.00249	0.00149	0.00510
19	0.38482	0.17132	0.27358	0.00683	0.01013	0.00927	0.00729	0.04805	0.03891	0.01322	0.00586	0.00665	0.00451	0.00335	0.00267	0.00104	0.00375	0.00226	0.00195	0.00454

[dist]
# distance from previous block
# <min> <max>
4	10

[block]
# block no. 4 follows, 79 sequences, length 28
# corresponding to MSA columns:
# 202-229
name=unknown_E
#
# <colnr> <probs for GDERKNQSTAVLIFYWHMCP>
#	G	D	E	R	K	N	Q	S	T	A	V	L	I	F	Y	W	H	M	C	P
0	0.00752	0.00784	0.06028	0.20848	0.12768	0.08484	0.03178	0.03087	0.13277	0.01091	0.04065	0.08443	0.09046	0.02977	0.00413	0.00123	0.00385	0.03581	0.00242	0.00429
1	0.00454	0.00345	0.00422	0.00455	0.00527	0.00312	0.00336	0.00557	0.00796	0.01035	0.18785	0.33683	0.29907	0.00944	0.00436	0.00131	0.00202	0.10031	0.00339	0.00303
2	0.01243	0.00814	0.01007	0.01015	0.18311	0.03977	0.00685	0.22423	0.15608	0.29553	0.01080	0.01042	0.00759	0.00412	0.00352	0.00108	0.00355	0.00340	0.00338	0.00577
3	0.01077	0.00487	0.00653	0.00542	0.00725	0.00436	0.00433	0.01224	0.00969	0.46077	0.32060	0.01774	0.03188	0.00664	0.04917	0.00133	0.00278	0.00465	0.03425	0.00473
4	0.00504	0.00374	0.00550	0.00550	0.00608	0.00432	0.00421	0.00619	0.00562	0.00806	0.00959	0.01466	0.00916	0.10134	0.78775	0.00547	0.00891	0.00390	0.00191	0.00306
5	0.06091	0.00424	0.00531	0.00487	0.00613	0.00404	0.00380	0.00850	0.00871	0.16403	0.35426	0.04343	0.14172	0.00932	0.11528	0.00173	0.00306	0.03489	0.02200	0.00375
6	0.01340	0.00987	0.01058	0.00811	0.01093	0.01093	0.00670	0.84240	0.01657	0.02221	0.00846	0.00846	0.00599	0.00423	0.00353	0.00106	0.00388	0.00317	0.00353	0.00599
7	0.00511	0.00348	0.00417	0.00417	0.00428	0.00359	0.00254	0.00533	0.00522	0.00708	0.01081	0.02141	0.01210	0.72398	0.16912	0.00382	0.00450	0.00488	0.00209	0.00232
8	0.90103	0.00682	0.00518	0.00463	0.00682	0.00791	0.00382	0.01036	0.00600	0.01581	0.00491	0.00573	0.00382	0.00327	0.00218	0.00109	0.00273	0.00191	0.00218	0.00382
9	0.90103	0.00682	0.00518	0.00463	0.00682	0.00791	0.00382	0.01036	0.00600	0.01581	0.00491	0.00573	0.00382	0.00327	0.00218	0.00109	0.00273	0.00191	0.00218	0.00382
10	0.00436	0.00312	0.00416	0.00496	0.00520	0.00292	0.00337	0.00504	0.00686	0.00915	0.03489	0.82473	0.02337	0.01092	0.00451	0.00143	0.00209	0.04275	0.00328	0.00289
11	0.00438	0.00313	0.00419	0.00500	0.00524	0.00293	0.00342	0.00505	0.00683	0.00909	0.01938	0.82353	0.02313	0.01096	0.00452	0.00144	0.00212	0.05951	0.00327	0.00289
12	0.00541	0.00386	0.00536	0.00618	0.00687	0.00382	0.00520	0.00683	0.00784	0.01024	0.01881	0.20485	0.02088	0.00999	0.00479	0.00158	0.00301	0.66804	0.00325	0.00317
13	0.02707	0.00621	0.00909	0.41608	0.01588	0.00709	0.02437	0.12276	0.00851	0.11842	0.00839	0.01072	0.00641	0.03140	0.11772	0.00178	0.00477	0.00334	0.05570	0.00429
14	0.00433	0.00311	0.00411	0.00490	0.00516	0.00290	0.00331	0.00498	0.00684	0.00906	0.02006	0.81726	0.05658	0.01092	0.00450	0.00143	0.00207	0.03235	0.00327	0.00288
15	0.00801	0.03754	0.35945	0.01133	0.05344	0.02955	0.26261	0.01250	0.15617	0.01168	0.00810	0.01977	0.00613	0.00357	0.00362	0.00114	0.00490	0.00341	0.00199	0.00508
16	0.90103	0.00682	0.00518	0.00463	0.00682	0.00791	0.00382	0.01036	0.00600	0.01581	0.00491	0.00573	0.00382	0.00327	0.00218	0.00109	0.00273	0.00191	0.00218	0.00382
17	0.05876	0.31864	0.03662	0.00656	0.00938	0.17168	0.00575	0.06991	0.00836	0.01080	0.00571	0.00654	0.00480	0.00312	0.00266	0.00076	0.00391	0.00213	0.00192	0.27199
18	0.00850	0.00472	0.00648	0.00572	0.00699	0.00483	0.00446	0.00961	0.00710	0.26137	0.02496	0.01448	0.02684	0.12863	0.37536	0.00337	0.05391	0.00388	0.00271	0.04610
19	0.00927	0.00993	0.01115	0.34285	0.23052	0.25666	0.00885	0.04414	0.00856	0.01008	0.00706	0.00901	0.02958	0.00364	0.00343	0.00106	0.00493	0.00301	0.00181	0.00445
20	0.02305	0.01147	0.01128	0.01282	0.27704	0.34433	0.00808	0.06488	0.00880	0.01050	0.00630	0.03466	0.00556	0.00420	0.00484	0.00110	0.16159	0.00299	0.00190	0.00460
21	0.00448	0.00320	0.00430	0.00512	0.00540	0.00302	0.00359	0.00522	0.00693	0.00920	0.01932	0.76418	0.02291	0.01087	0.00455	0.00146	0.00220	0.11788	0.00327	0.00291
22	0.01052	0.03071	0.01058	0.00856	0.01024	0.12287	0.04836	0.18832	0.17464	0.07640	0.00829	0.00912	0.00645	0.00478	0.00598	0.00122	0.27222	0.00323	0.00262	0.00490
23	0.36417	0.02619	0.00768	0.02739	0.00898	0.20305	0.00507	0.08615	0.02624	0.01346	0.00588	0.00671	0.00467	0.00333	0.00269	0.00092	0.00371	0.00222	0.00220	0.19929
24	0.00463	0.00330	0.00404	0.00444	0.00475	0.00312	0.00293	0.00517	0.00658	0.00866	0.05727	0.42808	0.11994	0.28840	0.00877	0.00203	0.00248	0.03977	0.00293	0.00268
25	0.00757	0.02091	0.25414	0.21755	0.23862	0.00798	0.00997	0.02366	0.10000	0.01148	0.06748	0.01021	0.00758	0.00378	0.00350	0.00111	0.00426	0.00329	0.00201	0.00491
26	0.00557	0.00478	0.00759	0.00641	0.00776	0.00447	0.15822	0.00715	0.00870	0.02273	0.36430	0.11792	0.21527	0.00723	0.00441	0.00120	0.02706	0.02250	0.00321	0.00351
27	0.17917	0.51818	0.18640	0.00665	0.00992	0.03026	0.00705	0.01072	0.00706	0.01032	0.00520	0.00605	0.00438	0.00315	0.00249	0.00090	0.00392	0.00204	0.00164	0.00452

[dist]
# distance from previous block
# <min> <max>
0	1

[block]
# block no. 5 follows, 79 sequences, length 7
# corresponding to MSA columns:
# 231-237
name=unknown_F
#
# <colnr> <probs for GDERKNQSTAVLIFYWHMCP>
#	G	D	E	R	K	N	Q	S	T	A	V	L	I	F	Y	W	H	M	C	P
0	0.02404	0.03832	0.04099	0.06561	0.01038	0.29210	0.02103	0.02447	0.02888	0.00942	0.00713	0.01002	0.00632	0.00878	0.17510	0.00201	0.15012	0.03539	0.01982	0.03006
1	0.00670	0.00407	0.00518	0.00490	0.00605	0.00373	0.00377	0.00829	0.03323	0.15078	0.37750	0.13546	0.16321	0.00766	0.00414	0.00121	0.00212	0.07456	0.00372	0.00370
2	0.00504	0.00374	0.00548	0.00548	0.00604	0.00430	0.00417	0.00617	0.00561	0.00804	0.00961	0.01479	0.00922	0.11340	0.77576	0.00543	0.00882	0.00391	0.00191	0.00304
3	0.00441	0.00320	0.00419	0.00494	0.00529	0.00298	0.00345	0.00514	0.00698	0.00919	0.02074	0.72487	0.09346	0.01074	0.00450	0.00143	0.00213	0.08617	0.00327	0.00291
4	0.00441	0.00314	0.00416	0.00494	0.00517	0.00296	0.00335	0.00505	0.00674	0.00897	0.01895	0.78367	0.02260	0.05573	0.00521	0.00154	0.00218	0.05516	0.00321	0.00285
5	0.00584	0.00387	0.00480	0.00503	0.00605	0.00358	0.00408	0.00710	0.00813	0.07395	0.05946	0.11502	0.29505	0.00868	0.00430	0.00134	0.00244	0.32012	0.06784	0.00333
6	0.00841	0.00835	0.01282	0.28340	0.53312	0.07232	0.01020	0.01050	0.00787	0.01052	0.00643	0.00875	0.00523	0.00330	0.00348	0.00108	0.00451	0.00307	0.00169	0.00495

[dist]
# distance from previous block
# <min> <max>
0	5

# created by:
# /home/simao/soft/augustus-3.0.3/scripts/msa2prfl.pl ./prep/108277.aln
