[name]
unknown

[dist]
# distance from previous block
# <min> <max>
0	30

[block]
# block no. 0 follows, 79 sequences, length 8
# corresponding to MSA columns:
# 41-48
name=unknown_A
#
# <colnr> <probs for GDERKNQSTAVLIFYWHMCP>
#	G	D	E	R	K	N	Q	S	T	A	V	L	I	F	Y	W	H	M	C	P
0	0.03605	0.00575	0.00756	0.05751	0.06184	0.00581	0.03719	0.07665	0.12053	0.01221	0.11459	0.10342	0.03633	0.01802	0.00472	0.07168	0.00301	0.09449	0.00280	0.12985
1	0.00782	0.00515	0.00680	0.00671	0.09008	0.00466	0.00461	0.02353	0.02334	0.16288	0.20154	0.06066	0.10730	0.04063	0.07173	0.00146	0.00310	0.00471	0.00309	0.17020
2	0.04977	0.00852	0.03572	0.11451	0.17730	0.00876	0.05918	0.31907	0.02779	0.03482	0.00765	0.00898	0.00584	0.02040	0.00381	0.00109	0.01856	0.00313	0.01965	0.07545
3	0.26773	0.04020	0.00774	0.10280	0.00981	0.03048	0.00519	0.07722	0.03601	0.22970	0.03150	0.01046	0.03158	0.04277	0.00370	0.00115	0.00322	0.00308	0.00286	0.06280
4	0.00589	0.00413	0.00484	0.03283	0.00582	0.00409	0.00329	0.07164	0.00732	0.04178	0.03645	0.13652	0.21229	0.36028	0.05550	0.00235	0.00319	0.00600	0.00276	0.00302
5	0.00648	0.00520	0.00719	0.11483	0.06219	0.00513	0.02717	0.02189	0.08388	0.03943	0.05431	0.31720	0.04462	0.00740	0.03664	0.00131	0.00309	0.00585	0.00277	0.15341
6	0.02621	0.00848	0.01266	0.16642	0.27057	0.07534	0.14814	0.03056	0.10831	0.07561	0.00808	0.00956	0.00618	0.00360	0.00370	0.00111	0.01957	0.00335	0.01759	0.00496
7	0.00984	0.00723	0.04512	0.00634	0.00836	0.05878	0.00522	0.17091	0.11470	0.19344	0.18746	0.06614	0.09979	0.00574	0.00376	0.00112	0.00299	0.00476	0.00355	0.00475

[dist]
# distance from previous block
# <min> <max>
0	2

[block]
# block no. 1 follows, 79 sequences, length 8
# corresponding to MSA columns:
# 57-61,63-65
name=unknown_B
#
# <colnr> <probs for GDERKNQSTAVLIFYWHMCP>
#	G	D	E	R	K	N	Q	S	T	A	V	L	I	F	Y	W	H	M	C	P
0	0.08332	0.00544	0.00654	0.05562	0.03973	0.02163	0.01704	0.02720	0.04003	0.04981	0.22781	0.11116	0.10727	0.00576	0.00357	0.00103	0.00258	0.00492	0.00295	0.18658
1	0.08433	0.00573	0.00621	0.00567	0.00700	0.05469	0.00424	0.04460	0.10021	0.15628	0.01219	0.17951	0.01158	0.15812	0.12013	0.00214	0.00391	0.00487	0.00291	0.03568
2	0.19222	0.00816	0.01157	0.16446	0.04612	0.09575	0.23057	0.01035	0.00743	0.04048	0.00726	0.05853	0.00615	0.00522	0.05227	0.00141	0.05235	0.00351	0.00200	0.00417
3	0.01093	0.01294	0.00851	0.00783	0.00937	0.58001	0.00580	0.01292	0.12055	0.00930	0.00918	0.04623	0.04493	0.10056	0.00496	0.00126	0.00518	0.00336	0.00221	0.00397
4	0.68364	0.00656	0.00550	0.00495	0.00696	0.00752	0.00400	0.01106	0.11829	0.01549	0.09963	0.00898	0.00799	0.00391	0.00259	0.00111	0.00262	0.00268	0.00256	0.00400
5	0.00600	0.00468	0.00610	0.00682	0.09957	0.00460	0.00458	0.00855	0.12023	0.03216	0.32096	0.12208	0.16470	0.00732	0.00409	0.00121	0.00232	0.07683	0.00339	0.00382
6	0.66289	0.00700	0.00742	0.00618	0.00841	0.00775	0.11520	0.05004	0.00688	0.01494	0.00662	0.08073	0.00579	0.00394	0.00271	0.00113	0.00315	0.00296	0.00229	0.00396
7	0.00938	0.00724	0.01082	0.48558	0.03620	0.05677	0.07960	0.05053	0.00845	0.18605	0.00874	0.01033	0.02714	0.00382	0.00358	0.00114	0.00442	0.00337	0.00232	0.00454

[dist]
# distance from previous block
# <min> <max>
0	1

[block]
# block no. 2 follows, 79 sequences, length 22
# corresponding to MSA columns:
# 67-88
name=unknown_C
#
# <colnr> <probs for GDERKNQSTAVLIFYWHMCP>
#	G	D	E	R	K	N	Q	S	T	A	V	L	I	F	Y	W	H	M	C	P
0	0.00536	0.00406	0.00549	0.00533	0.00564	0.00470	0.00386	0.00606	0.00542	0.00768	0.00958	0.01686	0.00995	0.36283	0.43385	0.00432	0.09999	0.00424	0.00195	0.00282
1	0.00502	0.00384	0.00464	0.00442	0.00541	0.00357	0.00335	0.00697	0.05833	0.01292	0.57781	0.02779	0.23822	0.00756	0.00414	0.00115	0.00180	0.02600	0.00369	0.00337
2	0.02673	0.00565	0.00712	0.02164	0.03720	0.07009	0.10291	0.00824	0.00732	0.01085	0.01132	0.20810	0.01109	0.07393	0.00460	0.00122	0.01611	0.00484	0.28909	0.08194
3	0.00831	0.00870	0.01686	0.01207	0.01549	0.00794	0.58704	0.05146	0.00847	0.01188	0.00697	0.00890	0.00535	0.00294	0.00373	0.00101	0.00499	0.00358	0.00195	0.23237
4	0.00519	0.00319	0.00386	0.00436	0.00482	0.00307	0.00306	0.00624	0.00710	0.01068	0.03398	0.51132	0.01818	0.00837	0.00376	0.00121	0.00193	0.03634	0.33029	0.00304
5	0.00875	0.00849	0.01569	0.05304	0.38624	0.00862	0.30389	0.01115	0.02429	0.05258	0.00711	0.00918	0.00563	0.00347	0.00449	0.00115	0.08572	0.00353	0.00190	0.00508
6	0.00740	0.00677	0.01131	0.65671	0.19746	0.00795	0.00985	0.02577	0.00750	0.02661	0.00654	0.00929	0.00499	0.00347	0.00352	0.00114	0.00454	0.00314	0.00170	0.00435
7	0.00441	0.00343	0.00403	0.00427	0.00506	0.00304	0.00309	0.00538	0.00798	0.01026	0.18456	0.30771	0.39835	0.00932	0.00430	0.00127	0.00190	0.03525	0.00339	0.00301
8	0.00934	0.09739	0.06030	0.00719	0.00956	0.00927	0.00611	0.17914	0.48422	0.01520	0.05686	0.01227	0.02844	0.00463	0.00347	0.00111	0.00317	0.00373	0.00324	0.00535
9	0.00466	0.00330	0.00400	0.00432	0.00460	0.00313	0.00278	0.00517	0.00656	0.00870	0.09583	0.38235	0.10520	0.34209	0.00958	0.00214	0.00251	0.00754	0.00289	0.00264
10	0.00877	0.00863	0.01329	0.08148	0.27615	0.06009	0.17859	0.09253	0.03776	0.01174	0.02103	0.02100	0.02831	0.00447	0.01955	0.00124	0.12493	0.00358	0.00205	0.00481
11	0.00508	0.00354	0.00458	0.00462	0.00493	0.00376	0.00314	0.00573	0.00573	0.00803	0.05367	0.06616	0.01278	0.43230	0.34052	0.00398	0.00552	0.00489	0.02839	0.00266
12	0.00829	0.00494	0.00512	0.00450	0.00582	0.00521	0.00353	0.21817	0.00970	0.01542	0.01073	0.01196	0.00827	0.00414	0.00273	0.00088	0.00221	0.00326	0.67115	0.00397
13	0.00974	0.11885	0.04284	0.10537	0.40338	0.24040	0.00910	0.01149	0.00833	0.01005	0.00604	0.00773	0.00504	0.00331	0.00325	0.00099	0.00481	0.00273	0.00171	0.00486
14	0.00884	0.14080	0.03008	0.00741	0.04005	0.07992	0.06873	0.11553	0.02575	0.03964	0.01782	0.00961	0.00631	0.03247	0.00779	0.33301	0.02756	0.00304	0.00202	0.00361
15	0.25794	0.00733	0.00814	0.08263	0.02205	0.04888	0.00574	0.11323	0.00847	0.22411	0.00792	0.00891	0.00586	0.02532	0.00499	0.03645	0.12189	0.00290	0.00270	0.00455
16	0.60171	0.00773	0.04183	0.03122	0.00896	0.03757	0.06865	0.01064	0.00671	0.04598	0.00569	0.00663	0.00436	0.00324	0.00256	0.00103	0.00326	0.00224	0.00216	0.10784
17	0.05025	0.09664	0.01091	0.00765	0.01040	0.03107	0.00639	0.63142	0.04458	0.06369	0.00838	0.00837	0.00603	0.00408	0.00334	0.00103	0.00379	0.00302	0.00327	0.00569
18	0.01348	0.00974	0.01049	0.00805	0.01086	0.01073	0.00665	0.81373	0.01635	0.05120	0.00865	0.00858	0.00609	0.00424	0.00353	0.00106	0.00385	0.00319	0.00355	0.00599
19	0.00731	0.03316	0.04559	0.44729	0.12061	0.00778	0.11671	0.02402	0.03763	0.02097	0.04215	0.06587	0.00753	0.00409	0.00365	0.00116	0.00439	0.00382	0.00196	0.00433
20	0.79389	0.00671	0.00551	0.00492	0.00684	0.00789	0.00401	0.00997	0.00591	0.01485	0.00519	0.00672	0.00432	0.04631	0.00362	0.00124	0.06408	0.00215	0.00213	0.00374
21	0.00708	0.00429	0.00568	0.00569	0.00684	0.00407	0.00467	0.00883	0.03828	0.14953	0.20332	0.09564	0.08022	0.00817	0.00437	0.00136	0.00264	0.36199	0.00358	0.00375

[dist]
# distance from previous block
# <min> <max>
3	23

[block]
# block no. 3 follows, 79 sequences, length 18
# corresponding to MSA columns:
# 123-127,129-141
name=unknown_D
#
# <colnr> <probs for GDERKNQSTAVLIFYWHMCP>
#	G	D	E	R	K	N	Q	S	T	A	V	L	I	F	Y	W	H	M	C	P
0	0.00961	0.04268	0.37950	0.03688	0.13795	0.05723	0.01013	0.25853	0.01037	0.01420	0.00691	0.00787	0.00510	0.00359	0.00338	0.00107	0.00466	0.00283	0.00215	0.00537
1	0.08219	0.02587	0.06403	0.08383	0.15887	0.17599	0.05738	0.12386	0.07659	0.01236	0.00695	0.00831	0.00550	0.00427	0.02030	0.00119	0.08265	0.00295	0.00213	0.00477
2	0.08234	0.14862	0.10687	0.20579	0.07581	0.04975	0.04351	0.08451	0.03606	0.02084	0.00695	0.03599	0.00578	0.00398	0.00386	0.00110	0.06969	0.01206	0.00198	0.00453
3	0.00486	0.00328	0.00433	0.00490	0.00532	0.00303	0.00339	0.00563	0.00726	0.04444	0.09129	0.70383	0.06418	0.01030	0.00442	0.00138	0.00207	0.02969	0.00337	0.00305
4	0.02777	0.11454	0.04088	0.00602	0.00803	0.08602	0.03286	0.02749	0.02089	0.03870	0.18999	0.06851	0.10524	0.00554	0.00350	0.00100	0.00308	0.05510	0.00274	0.16211
5	0.01931	0.30439	0.06132	0.01036	0.17219	0.07815	0.06136	0.12147	0.03364	0.04570	0.00747	0.02139	0.01604	0.00373	0.00321	0.00098	0.01257	0.01964	0.00213	0.00495
6	0.00502	0.00341	0.00424	0.00441	0.00463	0.00341	0.00287	0.00527	0.00572	0.00762	0.01374	0.16654	0.06819	0.45381	0.12017	0.08458	0.00380	0.03778	0.00236	0.00243
7	0.07515	0.00630	0.00810	0.00628	0.00896	0.00576	0.00518	0.06159	0.03007	0.73462	0.01301	0.01141	0.00829	0.00429	0.00345	0.00109	0.00302	0.00342	0.00415	0.00584
8	0.00956	0.00860	0.06831	0.24424	0.26689	0.04089	0.08385	0.06243	0.02850	0.14044	0.00791	0.00939	0.00584	0.00355	0.00355	0.00110	0.00440	0.00324	0.00224	0.00506
9	0.01007	0.07120	0.14766	0.10205	0.21124	0.03353	0.08877	0.08009	0.02199	0.16990	0.00803	0.00902	0.00587	0.00361	0.00361	0.00108	0.02160	0.00313	0.00233	0.00523
10	0.01047	0.01209	0.02652	0.00919	0.07809	0.46746	0.00665	0.05272	0.00880	0.00962	0.00684	0.02826	0.00610	0.03826	0.10679	0.00166	0.08969	0.00297	0.03375	0.00406
11	0.00770	0.00660	0.00802	0.00576	0.00889	0.00523	0.03649	0.05794	0.00789	0.01211	0.00643	0.00746	0.00527	0.00272	0.00272	0.00058	0.00281	0.00223	0.00216	0.81099
12	0.25884	0.05935	0.04044	0.00929	0.04410	0.02779	0.24664	0.10224	0.05896	0.02586	0.00696	0.00853	0.00548	0.02649	0.00425	0.03354	0.03147	0.00309	0.00220	0.00450
13	0.00523	0.00399	0.00448	0.00425	0.00544	0.00364	0.00322	0.00714	0.07663	0.04168	0.31118	0.02887	0.47568	0.00784	0.00409	0.00116	0.00187	0.00666	0.00354	0.00341
14	0.00673	0.00942	0.27838	0.00780	0.01044	0.02211	0.12462	0.00919	0.00855	0.04648	0.34555	0.01672	0.01696	0.07572	0.00497	0.00130	0.00368	0.00457	0.00266	0.00415
15	0.00479	0.00349	0.00401	0.00398	0.00453	0.00324	0.00266	0.00550	0.00727	0.00959	0.23958	0.07209	0.24490	0.36793	0.00989	0.00210	0.00244	0.00634	0.00296	0.00271
16	0.00704	0.00858	0.16987	0.06087	0.01000	0.08901	0.00687	0.03254	0.05818	0.02103	0.04491	0.01186	0.01839	0.01407	0.38247	0.00313	0.05167	0.00348	0.00205	0.00399
17	0.00555	0.00371	0.00462	0.00441	0.00539	0.00333	0.00330	0.00691	0.00915	0.07459	0.50220	0.12285	0.20963	0.00775	0.00412	0.00116	0.00183	0.00676	0.01934	0.00339

[dist]
# distance from previous block
# <min> <max>
4	6

[block]
# block no. 4 follows, 79 sequences, length 12
# corresponding to MSA columns:
# 150-160,165
name=unknown_E
#
# <colnr> <probs for GDERKNQSTAVLIFYWHMCP>
#	G	D	E	R	K	N	Q	S	T	A	V	L	I	F	Y	W	H	M	C	P
0	0.23408	0.00718	0.01006	0.30724	0.18597	0.01987	0.04658	0.04560	0.00752	0.02924	0.00647	0.00843	0.00502	0.00351	0.00338	0.00111	0.02830	0.00288	0.04320	0.00437
1	0.03121	0.02068	0.00913	0.04769	0.00937	0.04607	0.00639	0.07401	0.07537	0.01106	0.07622	0.01164	0.04813	0.00598	0.02607	0.00136	0.39810	0.02024	0.00225	0.07903
2	0.00824	0.00642	0.00753	0.00544	0.00853	0.00504	0.00437	0.04984	0.00796	0.07525	0.00694	0.00771	0.00552	0.00282	0.00272	0.00059	0.00270	0.00225	0.00233	0.78779
3	0.00664	0.00529	0.00725	0.07820	0.13911	0.00543	0.00540	0.09942	0.03358	0.01285	0.30475	0.12577	0.07240	0.02683	0.03859	0.00137	0.00299	0.00550	0.02466	0.00397
4	0.00452	0.00349	0.00412	0.00432	0.00513	0.00312	0.00318	0.00555	0.00810	0.01045	0.21314	0.23493	0.38607	0.02892	0.00461	0.00131	0.00197	0.07066	0.00338	0.00303
5	0.00697	0.04060	0.00851	0.14888	0.17479	0.00622	0.00623	0.07684	0.03162	0.01275	0.30402	0.01770	0.08583	0.00537	0.00371	0.00109	0.00298	0.01725	0.04446	0.00416
6	0.25712	0.00608	0.00697	0.00563	0.00792	0.00594	0.00455	0.04767	0.00885	0.48886	0.05008	0.01163	0.00872	0.06966	0.00428	0.00126	0.00293	0.00333	0.00354	0.00499
7	0.00720	0.02948	0.51460	0.00936	0.01276	0.02420	0.03701	0.01025	0.02324	0.01052	0.04095	0.03416	0.00652	0.00509	0.03277	0.00136	0.19096	0.00317	0.00172	0.00467
8	0.00505	0.00373	0.00544	0.00544	0.00599	0.00428	0.00413	0.00615	0.00560	0.00802	0.00964	0.01498	0.00930	0.13068	0.75859	0.00539	0.00870	0.00394	0.00192	0.00302
9	0.03204	0.00560	0.00536	0.00546	0.00639	0.10613	0.00398	0.04431	0.07229	0.01063	0.05295	0.41331	0.16305	0.00840	0.00404	0.00126	0.00268	0.03041	0.02828	0.00344
10	0.01238	0.01588	0.04709	0.00893	0.01081	0.74269	0.00698	0.01373	0.03654	0.00903	0.00588	0.00684	0.00485	0.00377	0.00352	0.00095	0.04065	0.00240	0.02293	0.00416
11	0.77528	0.04250	0.00620	0.00514	0.00732	0.09499	0.00421	0.01075	0.00645	0.01478	0.00496	0.00579	0.00392	0.00330	0.00229	0.00106	0.00314	0.00194	0.00212	0.00387

[dist]
# distance from previous block
# <min> <max>
0	1

[block]
# block no. 5 follows, 79 sequences, length 28
# corresponding to MSA columns:
# 167-194
name=unknown_F
#
# <colnr> <probs for GDERKNQSTAVLIFYWHMCP>
#	G	D	E	R	K	N	Q	S	T	A	V	L	I	F	Y	W	H	M	C	P
0	0.02504	0.09442	0.15078	0.23705	0.04546	0.11323	0.02034	0.02768	0.05148	0.10616	0.03526	0.02671	0.00675	0.00399	0.00370	0.00109	0.04095	0.00315	0.00217	0.00460
1	0.00763	0.03753	0.18511	0.18444	0.09108	0.05785	0.03325	0.04551	0.10006	0.01155	0.12366	0.01251	0.05140	0.00458	0.00392	0.01787	0.02155	0.00371	0.00229	0.00449
2	0.00786	0.05540	0.11353	0.17190	0.28389	0.03601	0.10960	0.01031	0.03409	0.01051	0.02623	0.04849	0.00688	0.02522	0.00428	0.00118	0.04453	0.00356	0.00185	0.00469
3	0.02727	0.00776	0.17134	0.00687	0.00909	0.00577	0.04795	0.05871	0.05176	0.12929	0.11926	0.01230	0.01012	0.00829	0.09951	0.17241	0.00413	0.00359	0.00255	0.05206
4	0.00514	0.00547	0.11050	0.00510	0.00662	0.00387	0.00459	0.00666	0.00826	0.02879	0.18222	0.10774	0.38869	0.00811	0.00417	0.00124	0.00243	0.11382	0.00319	0.00341
5	0.01934	0.02327	0.05028	0.06146	0.00937	0.08479	0.02516	0.23507	0.01908	0.06128	0.00984	0.03911	0.01864	0.00459	0.01631	0.00105	0.00345	0.00338	0.29075	0.02378
6	0.00621	0.00383	0.00458	0.00437	0.00539	0.00361	0.00331	0.00800	0.04224	0.07632	0.36461	0.08714	0.12349	0.00668	0.00371	0.00109	0.00188	0.02416	0.22587	0.00353
7	0.01919	0.01738	0.02938	0.29573	0.16789	0.05623	0.04519	0.03088	0.06628	0.09416	0.00743	0.00922	0.00571	0.00398	0.00463	0.00117	0.12697	0.00318	0.00209	0.01332
8	0.03182	0.07235	0.02799	0.00967	0.10084	0.55937	0.00692	0.04345	0.02926	0.01008	0.00620	0.00718	0.00508	0.00357	0.00310	0.00092	0.00533	0.00246	0.04840	0.02601
9	0.00615	0.00520	0.00728	0.00887	0.17788	0.03519	0.03258	0.01861	0.00722	0.00959	0.01420	0.27995	0.04229	0.15544	0.05783	0.00193	0.00363	0.13007	0.00259	0.00352
10	0.01070	0.04120	0.09462	0.00914	0.05101	0.15067	0.05712	0.26332	0.18876	0.02339	0.00856	0.00895	0.00646	0.00399	0.00367	0.00106	0.03115	0.00311	0.00269	0.04045
11	0.03285	0.00681	0.02402	0.19077	0.06738	0.03213	0.07534	0.05755	0.00859	0.09406	0.12501	0.01325	0.07472	0.00446	0.00380	0.00105	0.03422	0.00382	0.01924	0.13094
12	0.02081	0.16149	0.36064	0.03556	0.01291	0.05187	0.08456	0.08319	0.00845	0.05713	0.00754	0.03790	0.00611	0.00432	0.01986	0.00116	0.01199	0.02764	0.00200	0.00486
13	0.03503	0.12342	0.48403	0.00962	0.01364	0.08272	0.11208	0.03407	0.00783	0.01085	0.00630	0.00784	0.00487	0.03047	0.00389	0.00114	0.02295	0.00276	0.00165	0.00483
14	0.00444	0.00357	0.00397	0.00394	0.00497	0.00309	0.00295	0.00556	0.00855	0.01088	0.27593	0.06983	0.55840	0.00853	0.00419	0.00118	0.00179	0.02171	0.00345	0.00308
15	0.00817	0.00747	0.10396	0.06206	0.02083	0.04310	0.04348	0.11931	0.03333	0.10845	0.10692	0.12571	0.13147	0.03224	0.01739	0.00129	0.00340	0.00508	0.02207	0.00428
16	0.03694	0.01019	0.06728	0.05326	0.34319	0.13658	0.16745	0.02304	0.08155	0.02444	0.00743	0.01955	0.00594	0.00349	0.00354	0.00108	0.00472	0.00330	0.00200	0.00502
17	0.00736	0.03344	0.00888	0.01078	0.29037	0.00561	0.02576	0.00810	0.03409	0.04405	0.00915	0.10688	0.02879	0.00820	0.02604	0.33935	0.00351	0.00402	0.00204	0.00360
18	0.00651	0.00388	0.00495	0.00493	0.00593	0.00351	0.00372	0.00758	0.00821	0.15344	0.15290	0.28865	0.20127	0.03556	0.00467	0.00135	0.00227	0.10363	0.00351	0.00351
19	0.00872	0.06377	0.28451	0.01752	0.08926	0.14914	0.11623	0.04260	0.05264	0.01101	0.02715	0.02936	0.02191	0.00400	0.00405	0.00111	0.06712	0.00324	0.00193	0.00476
20	0.00591	0.00553	0.04993	0.00825	0.13941	0.02396	0.01580	0.02442	0.02548	0.01031	0.08183	0.42618	0.03096	0.02540	0.05282	0.00158	0.02176	0.04399	0.00281	0.00366
21	0.00494	0.00343	0.00464	0.00517	0.00559	0.00338	0.00372	0.00581	0.00700	0.03011	0.06003	0.58957	0.02869	0.02313	0.08996	0.00186	0.01855	0.09171	0.01966	0.00305
22	0.00869	0.00689	0.01027	0.32774	0.21736	0.00759	0.00815	0.08210	0.09641	0.09576	0.00938	0.03474	0.02451	0.03210	0.00401	0.00120	0.00390	0.00361	0.02084	0.00476
23	0.00979	0.20854	0.06684	0.00845	0.03399	0.15073	0.06950	0.06689	0.32487	0.01216	0.00908	0.00926	0.00705	0.00388	0.00324	0.00103	0.00410	0.00307	0.00249	0.00503
24	0.00987	0.00823	0.01362	0.18297	0.01581	0.00856	0.30669	0.21614	0.04791	0.09697	0.00877	0.01085	0.00657	0.00389	0.00380	0.00116	0.00460	0.03570	0.01292	0.00497
25	0.01972	0.06475	0.01102	0.00812	0.01073	0.09209	0.05002	0.57091	0.03907	0.03275	0.00867	0.00915	0.02116	0.01977	0.02490	0.00119	0.00425	0.00320	0.00308	0.00543
26	0.77603	0.02816	0.00599	0.01993	0.00737	0.00817	0.00423	0.02435	0.02073	0.01512	0.00524	0.00622	0.00415	0.00394	0.02124	0.00120	0.03980	0.00208	0.00217	0.00389
27	0.06059	0.08773	0.19982	0.06177	0.02345	0.13545	0.00712	0.02151	0.00798	0.07432	0.04432	0.14430	0.05231	0.00589	0.02734	0.00125	0.01667	0.02160	0.00234	0.00422

[dist]
# distance from previous block
# <min> <max>
4	6

[block]
# block no. 6 follows, 79 sequences, length 18
# corresponding to MSA columns:
# 202-206,211-223
name=unknown_G
#
# <colnr> <probs for GDERKNQSTAVLIFYWHMCP>
#	G	D	E	R	K	N	Q	S	T	A	V	L	I	F	Y	W	H	M	C	P
0	0.00577	0.01567	0.01635	0.01701	0.09316	0.00455	0.00456	0.02220	0.04604	0.02711	0.04752	0.29704	0.18646	0.06081	0.06229	0.01323	0.01807	0.03853	0.00288	0.02075
1	0.04622	0.00905	0.04753	0.32725	0.09603	0.19834	0.00785	0.02152	0.05250	0.01028	0.05213	0.06556	0.02169	0.00487	0.02355	0.00121	0.00458	0.00361	0.00206	0.00415
2	0.00915	0.09542	0.01404	0.04974	0.55596	0.03025	0.04000	0.06877	0.00841	0.02527	0.00660	0.00846	0.00548	0.00371	0.01496	0.00111	0.05249	0.00304	0.00187	0.00525
3	0.00802	0.03886	0.00782	0.04534	0.03715	0.15528	0.00519	0.00921	0.00747	0.04449	0.00889	0.05620	0.00852	0.09077	0.09967	0.01406	0.02224	0.07310	0.00220	0.26554
4	0.00687	0.00472	0.00699	0.00597	0.00712	0.00461	0.08815	0.04648	0.00859	0.08445	0.37106	0.03000	0.04945	0.07146	0.03367	0.13212	0.02766	0.01413	0.00306	0.00347
5	0.00835	0.03322	0.11305	0.02844	0.07123	0.02969	0.00783	0.07801	0.07173	0.03629	0.00806	0.04192	0.03406	0.00578	0.02530	0.00140	0.39561	0.00349	0.00209	0.00446
6	0.01102	0.00846	0.00907	0.00752	0.00990	0.00951	0.00603	0.36362	0.46205	0.05568	0.01186	0.01113	0.00867	0.00453	0.00356	0.00113	0.00325	0.00362	0.00360	0.00577
7	0.00755	0.33954	0.04686	0.00617	0.02753	0.03905	0.00524	0.03406	0.04674	0.02987	0.01378	0.24823	0.11903	0.00645	0.01398	0.00112	0.00322	0.00510	0.00246	0.00402
8	0.01034	0.01144	0.00944	0.04322	0.01021	0.41332	0.02635	0.09059	0.00925	0.01049	0.08923	0.01010	0.00813	0.05212	0.02061	0.00129	0.16020	0.00318	0.01646	0.00403
9	0.00768	0.04622	0.16941	0.00702	0.03095	0.02848	0.03052	0.03375	0.02297	0.01152	0.00733	0.00828	0.03075	0.00309	0.00291	0.00073	0.00340	0.00250	0.00203	0.55047
10	0.01340	0.00987	0.01058	0.00811	0.01093	0.01093	0.00670	0.84240	0.01657	0.02221	0.00846	0.00846	0.00599	0.00423	0.00353	0.00106	0.00388	0.00317	0.00353	0.00599
11	0.00471	0.00370	0.00427	0.00411	0.00514	0.00332	0.00309	0.00625	0.03295	0.01199	0.44662	0.02950	0.41575	0.00794	0.00414	0.00115	0.00175	0.00680	0.00359	0.00323
12	0.00761	0.00812	0.01642	0.37995	0.02093	0.00845	0.48535	0.01031	0.00777	0.01031	0.00676	0.00946	0.00507	0.00321	0.00389	0.00118	0.00541	0.00372	0.00169	0.00439
13	0.82481	0.00675	0.00544	0.00478	0.00700	0.00767	0.00393	0.01095	0.00635	0.08821	0.00568	0.00627	0.00424	0.00337	0.00230	0.00109	0.00275	0.00205	0.00237	0.00400
14	0.00632	0.00536	0.00802	0.00645	0.00841	0.00470	0.14945	0.00811	0.02299	0.03893	0.21907	0.04206	0.21301	0.00597	0.00384	0.00105	0.00280	0.05162	0.00294	0.19889
15	0.00692	0.00333	0.00488	0.00471	0.00495	0.00326	0.00321	0.00569	0.00508	0.07938	0.00696	0.01123	0.00657	0.03997	0.01303	0.79087	0.00307	0.00317	0.00179	0.00194
16	0.01140	0.02374	0.00994	0.00797	0.01001	0.05050	0.00651	0.37394	0.19812	0.08887	0.00929	0.00951	0.00693	0.00469	0.00505	0.00117	0.17055	0.00330	0.00311	0.00537
17	0.00714	0.00589	0.00685	0.00504	0.00787	0.00451	0.00400	0.00867	0.00730	0.01154	0.00719	0.03921	0.00620	0.00304	0.00267	0.00058	0.00251	0.00248	0.07908	0.78825

[dist]
# distance from previous block
# <min> <max>
8	132

# created by:
# /home/simao/soft/augustus-3.0.3/scripts/msa2prfl.pl ./prep/108225.aln
