[name]
unknown

[dist]
# distance from previous block
# <min> <max>
4	122

[block]
# block no. 0 follows, 88 sequences, length 6
# corresponding to MSA columns:
# 165-170
name=unknown_A
#
# <colnr> <probs for GDERKNQSTAVLIFYWHMCP>
#	G	D	E	R	K	N	Q	S	T	A	V	L	I	F	Y	W	H	M	C	P
0	0.00739	0.00657	0.02997	0.31075	0.15968	0.02415	0.00712	0.06127	0.00746	0.05038	0.02313	0.00927	0.00586	0.00374	0.02199	0.00099	0.00366	0.03017	0.00192	0.23455
1	0.00749	0.00687	0.03038	0.12315	0.33162	0.04569	0.02725	0.02774	0.00755	0.05472	0.09693	0.01149	0.03640	0.03261	0.00389	0.00103	0.03055	0.02311	0.00206	0.09947
2	0.03330	0.06177	0.00956	0.04764	0.18908	0.04709	0.01996	0.16028	0.10178	0.08113	0.00819	0.02285	0.00661	0.00367	0.00305	0.00092	0.00331	0.04107	0.01744	0.14131
3	0.03133	0.00681	0.05498	0.19207	0.21193	0.02583	0.00707	0.02412	0.09323	0.02975	0.06312	0.06233	0.03149	0.00423	0.00362	0.00102	0.04811	0.02474	0.00212	0.08212
4	0.12220	0.00778	0.00833	0.02219	0.07166	0.09041	0.03070	0.30189	0.05642	0.09188	0.05379	0.00953	0.00726	0.04392	0.00380	0.00107	0.02163	0.00302	0.04801	0.00451
5	0.00794	0.00565	0.00703	0.04297	0.03953	0.00455	0.00436	0.00936	0.00719	0.16048	0.00834	0.00881	0.04857	0.00302	0.00268	0.00064	0.00255	0.00247	0.00230	0.63157

[dist]
# distance from previous block
# <min> <max>
2	5

[block]
# block no. 1 follows, 88 sequences, length 83
# corresponding to MSA columns:
# 176-255,259-261
name=unknown_B
#
# <colnr> <probs for GDERKNQSTAVLIFYWHMCP>
#	G	D	E	R	K	N	Q	S	T	A	V	L	I	F	Y	W	H	M	C	P
0	0.52749	0.03043	0.00716	0.05199	0.05230	0.08132	0.04105	0.04326	0.02493	0.02307	0.01375	0.00723	0.02080	0.00361	0.01235	0.00105	0.03285	0.00976	0.01183	0.00377
1	0.00766	0.00612	0.00842	0.21712	0.15323	0.05796	0.04561	0.05236	0.01841	0.06922	0.00789	0.00993	0.00625	0.03606	0.03821	0.00120	0.03061	0.00303	0.22680	0.00390
2	0.00712	0.00613	0.00682	0.00500	0.00772	0.03577	0.00398	0.04188	0.00709	0.01929	0.00600	0.00715	0.00502	0.02258	0.01341	0.00063	0.00266	0.00205	0.00198	0.79771
3	0.03006	0.00659	0.05513	0.00826	0.00998	0.01308	0.31265	0.00823	0.00648	0.05157	0.00940	0.04531	0.04644	0.23085	0.00766	0.00165	0.09966	0.02537	0.02814	0.00349
4	0.00637	0.00442	0.00655	0.11182	0.13155	0.00443	0.00529	0.00759	0.00701	0.11313	0.03389	0.26613	0.04709	0.05600	0.02205	0.00139	0.00295	0.16619	0.00266	0.00350
5	0.00789	0.00757	0.01292	0.06913	0.81786	0.00765	0.00986	0.00982	0.00730	0.01042	0.00606	0.00803	0.00507	0.00290	0.00320	0.00097	0.00386	0.00288	0.00159	0.00503
6	0.85144	0.00620	0.00493	0.00435	0.00638	0.00709	0.00358	0.00990	0.00574	0.06970	0.00503	0.00562	0.00379	0.00306	0.00208	0.00100	0.00252	0.00185	0.00213	0.00363
7	0.00446	0.00330	0.00417	0.00395	0.00476	0.00300	0.00296	0.00588	0.00888	0.01234	0.74310	0.02515	0.15238	0.00684	0.00381	0.00103	0.00154	0.00599	0.00348	0.00300
8	0.00515	0.00325	0.00391	0.00373	0.00453	0.00305	0.00280	0.00663	0.00832	0.02746	0.54101	0.02055	0.06865	0.00577	0.00332	0.00094	0.00155	0.00498	0.28134	0.00306
9	0.00504	0.00370	0.00447	0.00478	0.00537	0.01411	0.00338	0.05461	0.06033	0.02878	0.05245	0.64427	0.08002	0.00889	0.00395	0.00124	0.00206	0.01643	0.00306	0.00305
10	0.00763	0.00720	0.01217	0.23308	0.55450	0.00761	0.04833	0.04427	0.00743	0.01037	0.00614	0.00824	0.00497	0.00305	0.00331	0.00100	0.01505	0.00292	0.01807	0.00466
11	0.00653	0.00549	0.00597	0.00549	0.00687	0.02294	0.00422	0.01198	0.45812	0.01265	0.29217	0.04828	0.06427	0.00555	0.00352	0.00107	0.00221	0.02056	0.00329	0.01882
12	0.14722	0.00379	0.00450	0.00463	0.00536	0.00390	0.01314	0.00613	0.00641	0.00973	0.11839	0.20021	0.05156	0.16345	0.07899	0.00190	0.00297	0.17230	0.00260	0.00281
13	0.00479	0.00399	0.00427	0.00407	0.00524	0.00382	0.00309	0.00736	0.17280	0.01051	0.19807	0.02599	0.52986	0.00713	0.00371	0.00108	0.00179	0.00601	0.00317	0.00325
14	0.00675	0.00588	0.01834	0.29752	0.17306	0.00642	0.00696	0.01007	0.18956	0.03917	0.06078	0.12688	0.01002	0.00472	0.00343	0.00110	0.00327	0.02964	0.00233	0.00410
15	0.00793	0.00746	0.01241	0.06714	0.71409	0.00778	0.00942	0.00997	0.03162	0.02510	0.00624	0.00813	0.00519	0.00317	0.00376	0.00101	0.07011	0.00290	0.00167	0.00492
16	0.00670	0.00574	0.00670	0.00479	0.00766	0.00431	0.00383	0.00813	0.00670	0.01053	0.00574	0.00670	0.00479	0.00239	0.00239	0.00048	0.00239	0.00191	0.00191	0.90621
17	0.00791	0.00759	0.01297	0.05683	0.82995	0.00765	0.00987	0.00984	0.00732	0.01046	0.00606	0.00802	0.00508	0.00289	0.00320	0.00096	0.00386	0.00288	0.00159	0.00505
18	0.00800	0.00768	0.01311	0.01983	0.86631	0.00768	0.00991	0.00991	0.00736	0.01055	0.00608	0.00800	0.00512	0.00288	0.00320	0.00096	0.00384	0.00288	0.00160	0.00512
19	0.00670	0.00574	0.00670	0.00479	0.00766	0.00431	0.00383	0.00813	0.00670	0.01053	0.00574	0.00670	0.00479	0.00239	0.00239	0.00048	0.00239	0.00191	0.00191	0.90621
20	0.01207	0.01540	0.00916	0.00832	0.00999	0.87349	0.00624	0.01290	0.00916	0.00791	0.00499	0.00583	0.00416	0.00333	0.00291	0.00083	0.00583	0.00208	0.00166	0.00375
21	0.01228	0.00905	0.00970	0.00743	0.01002	0.01002	0.00614	0.85554	0.01519	0.02036	0.00776	0.00776	0.00549	0.00388	0.00323	0.00097	0.00356	0.00291	0.00323	0.00549
22	0.20082	0.00565	0.00692	0.00544	0.00783	0.00527	0.00449	0.01444	0.00847	0.69070	0.01103	0.00980	0.00706	0.00379	0.00299	0.00100	0.00270	0.00294	0.00358	0.00508
23	0.00926	0.02220	0.15035	0.00941	0.05134	0.43387	0.15379	0.01096	0.00822	0.00908	0.04373	0.04947	0.02659	0.00373	0.00322	0.00095	0.00500	0.00307	0.00178	0.00398
24	0.00610	0.00574	0.00969	0.87870	0.02225	0.00718	0.00897	0.00825	0.00646	0.00825	0.00574	0.00861	0.00431	0.00323	0.00323	0.00108	0.00431	0.00287	0.00144	0.00359
25	0.00794	0.00761	0.01300	0.04714	0.83947	0.00766	0.00988	0.00986	0.00733	0.01048	0.00607	0.00802	0.00509	0.00289	0.00320	0.00096	0.00385	0.00288	0.00159	0.00507
26	0.00687	0.00385	0.00431	0.00398	0.00506	0.00385	0.00305	0.00933	0.11820	0.10321	0.18269	0.01456	0.02191	0.00449	0.00282	0.00088	0.00178	0.00373	0.50188	0.00355
27	0.00972	0.00431	0.00558	0.00466	0.00626	0.00387	0.00371	0.01110	0.00868	0.42922	0.26561	0.01513	0.01475	0.00472	0.00320	0.00095	0.00212	0.00397	0.19822	0.00423
28	0.00595	0.00516	0.00833	0.53354	0.08226	0.00591	0.01683	0.00766	0.00669	0.03741	0.02140	0.17297	0.07297	0.00492	0.00345	0.00111	0.00354	0.00440	0.00197	0.00353
29	0.00454	0.00328	0.00428	0.00407	0.00481	0.00303	0.00304	0.00601	0.00900	0.01271	0.81921	0.05747	0.04285	0.00676	0.00382	0.00103	0.00154	0.00599	0.00353	0.00303
30	0.00646	0.00611	0.01035	0.71382	0.18429	0.00727	0.00915	0.00857	0.00663	0.00870	0.00581	0.00849	0.00446	0.00316	0.00322	0.00105	0.00422	0.00287	0.00147	0.00388
31	0.00396	0.00283	0.00377	0.00448	0.00469	0.00264	0.00300	0.00455	0.00628	0.00841	0.04621	0.85550	0.02167	0.01000	0.00411	0.00130	0.00186	0.00907	0.00302	0.00264
32	0.01146	0.00857	0.00936	0.00767	0.03843	0.00949	0.00606	0.66767	0.15811	0.03641	0.00872	0.00856	0.00627	0.00393	0.00324	0.00099	0.00338	0.00304	0.00320	0.00542
33	0.01888	0.02824	0.00863	0.00753	0.00934	0.49407	0.00578	0.08139	0.27760	0.01074	0.00821	0.00833	0.01973	0.00377	0.00305	0.00093	0.00447	0.00271	0.00232	0.00431
34	0.89375	0.02146	0.00496	0.00427	0.00628	0.00734	0.00353	0.00950	0.00552	0.01438	0.00450	0.00525	0.00351	0.00299	0.00200	0.00099	0.00252	0.00175	0.00199	0.00351
35	0.00837	0.00785	0.01161	0.20396	0.45421	0.09996	0.05783	0.01017	0.00743	0.07190	0.00652	0.00853	0.00522	0.02841	0.00359	0.00104	0.00415	0.00292	0.00176	0.00453
36	0.00627	0.01095	0.45640	0.03655	0.01084	0.00622	0.01925	0.05758	0.04692	0.01168	0.26237	0.01323	0.02046	0.00441	0.00336	0.00103	0.00356	0.02245	0.00227	0.00421
37	0.02087	0.00385	0.00495	0.00460	0.00573	0.00356	0.01949	0.00750	0.02743	0.12374	0.38497	0.05017	0.19421	0.00676	0.00377	0.00110	0.00202	0.11392	0.01801	0.00336
38	0.00737	0.00551	0.00605	0.00540	0.00689	0.01521	0.00424	0.11542	0.30702	0.05480	0.20865	0.01736	0.10645	0.00537	0.00342	0.00104	0.00232	0.04372	0.07961	0.00416
39	0.02664	0.00522	0.00683	0.00536	0.00757	0.00466	0.00439	0.03835	0.00904	0.69165	0.04058	0.01139	0.00864	0.00404	0.00312	0.00097	0.00257	0.00327	0.12065	0.00506
40	0.00470	0.00352	0.00506	0.00503	0.00549	0.00407	0.00380	0.00564	0.00513	0.00734	0.00898	0.03722	0.00886	0.15562	0.68848	0.00464	0.03809	0.00378	0.00179	0.00276
41	0.00394	0.00328	0.00345	0.00341	0.00444	0.00278	0.00255	0.00488	0.00766	0.00943	0.17180	0.02993	0.72549	0.00792	0.00382	0.00108	0.00162	0.00666	0.00309	0.00278
42	0.03270	0.00594	0.00728	0.00523	0.00810	0.00465	0.04525	0.01928	0.00682	0.01076	0.00577	0.00677	0.00476	0.00245	0.00246	0.00053	0.00256	0.00201	0.00192	0.82475
43	0.82640	0.00654	0.00510	0.00473	0.02256	0.04150	0.00375	0.00951	0.00567	0.01392	0.00469	0.00557	0.00371	0.00372	0.03130	0.00113	0.00286	0.00184	0.00197	0.00352
44	0.03623	0.01335	0.64638	0.00778	0.01161	0.00645	0.00958	0.00909	0.00706	0.01043	0.08843	0.01157	0.12037	0.00407	0.00320	0.00103	0.00398	0.00327	0.00180	0.00430
45	0.90928	0.00625	0.00475	0.00425	0.00625	0.00725	0.00350	0.00950	0.00550	0.01449	0.00450	0.00525	0.00350	0.00300	0.00200	0.00100	0.00250	0.00175	0.00200	0.00350
46	0.00707	0.00707	0.00990	0.00848	0.00848	0.00990	0.00707	0.00777	0.00495	0.00777	0.00424	0.00707	0.00424	0.00565	0.01060	0.00141	0.88055	0.00283	0.00141	0.00353
47	0.01184	0.03598	0.00930	0.00814	0.00989	0.77547	0.00618	0.05622	0.04166	0.00875	0.00543	0.00615	0.00445	0.00338	0.00292	0.00085	0.00553	0.00217	0.00180	0.00390
48	0.00535	0.00324	0.00423	0.00452	0.00513	0.00294	0.00318	0.00609	0.00689	0.12158	0.07332	0.63179	0.10153	0.00890	0.00396	0.00123	0.00194	0.00796	0.00317	0.00304
49	0.00769	0.00872	0.01893	0.01353	0.01679	0.00820	0.84236	0.02252	0.00773	0.01049	0.00655	0.00870	0.00491	0.00274	0.00380	0.00109	0.00542	0.00380	0.00166	0.00437
50	0.00672	0.01506	0.69437	0.01012	0.01458	0.00764	0.18564	0.01026	0.00699	0.01026	0.00595	0.00721	0.00426	0.00300	0.00322	0.00104	0.00491	0.00268	0.00142	0.00469
51	0.00707	0.00707	0.00990	0.00848	0.00848	0.00990	0.00707	0.00777	0.00495	0.00777	0.00424	0.00707	0.00424	0.00565	0.01060	0.00141	0.88055	0.00283	0.00141	0.00353
52	0.01155	0.01051	0.00986	0.00797	0.01006	0.23805	0.03243	0.51984	0.01231	0.01547	0.00663	0.00721	0.00500	0.00388	0.00392	0.00098	0.09424	0.00271	0.00258	0.00480
53	0.00463	0.00372	0.00519	0.00465	0.00570	0.00338	0.06738	0.00605	0.00847	0.01145	0.53392	0.02542	0.25645	0.00685	0.00384	0.00106	0.00192	0.04364	0.00323	0.00306
54	0.00456	0.00330	0.00430	0.00405	0.00482	0.00304	0.00304	0.00607	0.00911	0.01288	0.84908	0.02426	0.04606	0.00663	0.00381	0.00102	0.00153	0.00586	0.00355	0.00304
55	0.00418	0.00305	0.00420	0.00476	0.00507	0.00297	0.01420	0.00497	0.01737	0.00830	0.01652	0.71966	0.01938	0.02933	0.08888	0.00173	0.00267	0.04722	0.00284	0.00271
56	0.00461	0.00327	0.00410	0.00390	0.00469	0.00301	0.00292	0.00605	0.00874	0.01242	0.70397	0.03277	0.11046	0.00656	0.00369	0.00100	0.00154	0.00574	0.07752	0.00301
57	0.00643	0.00699	0.07136	0.62747	0.07188	0.00735	0.11636	0.00871	0.00664	0.00878	0.00589	0.00851	0.00448	0.00352	0.01777	0.00114	0.01844	0.00297	0.00147	0.00385
58	0.73037	0.00614	0.00510	0.01897	0.01603	0.02499	0.00371	0.00928	0.00606	0.02781	0.08488	0.00726	0.00618	0.00334	0.00226	0.00098	0.00252	0.00220	0.00215	0.03977
59	0.88031	0.00622	0.00484	0.00430	0.00631	0.00717	0.00354	0.00970	0.00562	0.04215	0.00477	0.00543	0.00364	0.00303	0.00204	0.00100	0.00251	0.00180	0.00206	0.00356
60	0.02654	0.00603	0.00972	0.79541	0.05713	0.02359	0.00881	0.00843	0.00651	0.00848	0.00570	0.00844	0.00432	0.00324	0.00329	0.00107	0.01534	0.00283	0.00146	0.00365
61	0.00762	0.00518	0.00626	0.08862	0.00818	0.00552	0.00455	0.08382	0.23202	0.11875	0.18435	0.09700	0.02596	0.00520	0.00336	0.00104	0.00243	0.01143	0.10461	0.00411
62	0.00762	0.00806	0.01644	0.10817	0.16011	0.00779	0.57786	0.01008	0.00745	0.02631	0.00646	0.00856	0.00493	0.00282	0.00359	0.00105	0.00491	0.00348	0.00166	0.03264
63	0.00864	0.88841	0.01693	0.00553	0.00829	0.01278	0.00553	0.00967	0.00656	0.00760	0.00449	0.00518	0.00415	0.00276	0.00207	0.00069	0.00345	0.00173	0.00138	0.00415
64	0.00475	0.00315	0.00383	0.00421	0.00469	0.00308	0.00295	0.00614	0.05722	0.00991	0.08986	0.54122	0.01824	0.00790	0.00358	0.00113	0.00179	0.00703	0.22640	0.00290
65	0.00645	0.00561	0.00681	0.00495	0.00766	0.00429	0.03429	0.00787	0.00680	0.01034	0.00844	0.00918	0.08978	0.00298	0.00258	0.00056	0.00243	0.00247	0.00201	0.78450
66	0.85684	0.00641	0.00504	0.00443	0.00647	0.00741	0.00365	0.05896	0.00606	0.01484	0.00469	0.00539	0.00362	0.00305	0.00207	0.00100	0.00256	0.00182	0.00207	0.00362
67	0.00452	0.00328	0.00426	0.00406	0.00480	0.00302	0.00303	0.00597	0.00894	0.01259	0.79677	0.06582	0.05715	0.00683	0.00383	0.00103	0.00154	0.00604	0.00351	0.00302
68	0.02091	0.00703	0.01180	0.27412	0.56974	0.00751	0.00939	0.00948	0.00705	0.02607	0.00604	0.00818	0.00489	0.00306	0.00334	0.00100	0.02131	0.00287	0.00160	0.00462
69	0.00517	0.00353	0.00492	0.00493	0.00560	0.00374	0.00373	0.00615	0.00603	0.07303	0.02760	0.23118	0.10209	0.01671	0.46249	0.00331	0.02916	0.00524	0.00237	0.00302
70	0.00764	0.00771	0.04121	0.09102	0.26806	0.04267	0.00783	0.01034	0.14516	0.01954	0.02022	0.00856	0.00587	0.00420	0.00574	0.00115	0.30389	0.00299	0.00185	0.00434
71	0.00479	0.00320	0.00383	0.00396	0.00462	0.00302	0.00286	0.00612	0.03186	0.01857	0.26675	0.29781	0.12634	0.00721	0.00355	0.00106	0.00169	0.00632	0.20350	0.00295
72	0.00445	0.00331	0.00414	0.00396	0.00478	0.00300	0.00298	0.00584	0.00878	0.01211	0.69471	0.02566	0.18384	0.00694	0.00382	0.00104	0.00157	0.02264	0.00344	0.00299
73	0.00610	0.00574	0.00969	0.87870	0.02225	0.00718	0.00897	0.00825	0.00646	0.00825	0.00574	0.00861	0.00431	0.00323	0.00323	0.00108	0.00431	0.00287	0.00144	0.00359
74	0.90928	0.00625	0.00475	0.00425	0.00625	0.00725	0.00350	0.00950	0.00550	0.01449	0.00450	0.00525	0.00350	0.00300	0.00200	0.00100	0.00250	0.00175	0.00200	0.00350
75	0.02202	0.00644	0.00976	0.01196	0.39205	0.00620	0.00695	0.03635	0.03501	0.34859	0.08315	0.01065	0.00858	0.00372	0.00326	0.00099	0.00314	0.00329	0.00282	0.00508
76	0.11904	0.00383	0.00504	0.00509	0.00577	0.00417	0.02378	0.00605	0.00571	0.00876	0.01128	0.24369	0.01207	0.07923	0.35880	0.00300	0.01961	0.08000	0.00222	0.00288
77	0.00864	0.88841	0.01693	0.00553	0.00829	0.01278	0.00553	0.00967	0.00656	0.00760	0.00449	0.00518	0.00415	0.00276	0.00207	0.00069	0.00345	0.00173	0.00138	0.00415
78	0.00471	0.00301	0.00362	0.00407	0.00446	0.00292	0.00278	0.00577	0.03078	0.00941	0.01511	0.55513	0.01665	0.05575	0.00422	0.00124	0.00185	0.00696	0.26878	0.00277
79	0.30501	0.00682	0.00723	0.00579	0.00810	0.05213	0.03920	0.09847	0.04982	0.27291	0.02396	0.00826	0.00611	0.00347	0.00277	0.00094	0.00295	0.00261	0.00278	0.10067
80	0.42595	0.00640	0.00706	0.00600	0.00732	0.00772	0.01685	0.00861	0.00546	0.01927	0.00469	0.00633	0.00405	0.00418	0.00557	0.03145	0.32262	0.00224	0.00177	0.10647
81	0.00524	0.00382	0.00462	0.00432	0.00518	0.03236	0.00325	0.00679	0.01981	0.04655	0.76076	0.05379	0.02812	0.00649	0.00376	0.00102	0.00174	0.00571	0.00349	0.00318
82	0.12156	0.00570	0.00821	0.00734	0.08197	0.01628	0.14150	0.02039	0.01799	0.17007	0.18599	0.02364	0.13700	0.00470	0.00334	0.00101	0.00286	0.00416	0.00277	0.04353

[dist]
# distance from previous block
# <min> <max>
0	30

# created by:
# /home/simao/soft/augustus-3.0.3/scripts/msa2prfl.pl ./prep/108369.aln
