[name]
unknown

[dist]
# distance from previous block
# <min> <max>
0	301

[block]
# block no. 0 follows, 89 sequences, length 26
# corresponding to MSA columns:
# 429-454
name=unknown_A
#
# <colnr> <probs for GDERKNQSTAVLIFYWHMCP>
#	G	D	E	R	K	N	Q	S	T	A	V	L	I	F	Y	W	H	M	C	P
0	0.00394	0.00283	0.00374	0.00446	0.00469	0.00264	0.00302	0.00453	0.00621	0.00823	0.01813	0.82981	0.04993	0.00993	0.00409	0.00130	0.00188	0.03507	0.00297	0.00261
1	0.00400	0.00327	0.00353	0.00352	0.00451	0.00281	0.00266	0.00496	0.00758	0.00941	0.18200	0.02965	0.65967	0.02238	0.00402	0.00112	0.00169	0.04741	0.00305	0.00276
2	0.00918	0.13953	0.06936	0.00922	0.06136	0.02790	0.21468	0.21459	0.16608	0.04457	0.00779	0.00835	0.00585	0.00337	0.00316	0.00097	0.00390	0.00302	0.00233	0.00479
3	0.03683	0.00805	0.02598	0.02860	0.46241	0.11035	0.02077	0.05865	0.01654	0.06904	0.05733	0.04093	0.01559	0.00368	0.00342	0.00098	0.03104	0.00320	0.00204	0.00458
4	0.00824	0.62632	0.14731	0.00637	0.00913	0.06185	0.00655	0.00966	0.00664	0.00807	0.02182	0.00592	0.00463	0.00309	0.00286	0.00080	0.06322	0.00199	0.00143	0.00412
5	0.00390	0.00279	0.00371	0.00446	0.00464	0.00260	0.00297	0.00446	0.00613	0.00817	0.01764	0.88541	0.02117	0.01003	0.00409	0.00130	0.00186	0.00910	0.00297	0.00260
6	0.01217	0.00897	0.00961	0.00737	0.00993	0.00993	0.00608	0.85686	0.01505	0.02017	0.00769	0.00769	0.00544	0.00384	0.00320	0.00096	0.00352	0.00288	0.00320	0.00544
7	0.00642	0.01656	0.87092	0.00912	0.01385	0.00743	0.01183	0.01014	0.00676	0.01014	0.00574	0.00676	0.00405	0.00304	0.00304	0.00101	0.00473	0.00237	0.00135	0.00473
8	0.00664	0.00569	0.00664	0.00474	0.00759	0.00427	0.00379	0.00806	0.00664	0.01043	0.00569	0.00664	0.00474	0.00237	0.00237	0.00047	0.00237	0.00190	0.00190	0.90707
9	0.00457	0.00343	0.00514	0.00514	0.00572	0.00400	0.00400	0.00572	0.00514	0.00743	0.00857	0.01258	0.00800	0.02401	0.87482	0.00514	0.00857	0.00343	0.00171	0.00286
10	0.01064	0.00778	0.00837	0.00657	0.00878	0.00849	0.00537	0.68245	0.01357	0.01834	0.07869	0.01077	0.06431	0.00433	0.00323	0.00096	0.00312	0.00338	0.05593	0.00492
11	0.00403	0.00342	0.00374	0.00397	0.03792	0.00293	0.00279	0.00496	0.00749	0.00919	0.12462	0.02915	0.73926	0.00773	0.00376	0.00107	0.00169	0.00650	0.00298	0.00283
12	0.00461	0.00340	0.00510	0.00510	0.00565	0.00395	0.00395	0.00565	0.00510	0.00735	0.00845	0.01246	0.00790	0.02347	0.83884	0.04277	0.00833	0.00340	0.00170	0.00280
13	0.00640	0.00523	0.00589	0.00538	0.00671	0.00571	0.00413	0.01201	0.47307	0.01314	0.40177	0.01740	0.01909	0.00535	0.00349	0.00105	0.00207	0.00461	0.00338	0.00413
14	0.00458	0.00341	0.00504	0.00504	0.00557	0.00394	0.00387	0.00565	0.00511	0.00735	0.00867	0.01312	0.00824	0.08039	0.81876	0.00501	0.00822	0.00351	0.00173	0.00280
15	0.00601	0.00549	0.00923	0.82049	0.02084	0.00682	0.00848	0.00791	0.00625	0.00800	0.00568	0.00862	0.00435	0.00374	0.00383	0.06243	0.00417	0.00284	0.00142	0.00341
16	0.00458	0.00340	0.00499	0.00499	0.00551	0.00392	0.00381	0.00562	0.00510	0.00732	0.00871	0.01334	0.00833	0.10250	0.79678	0.00496	0.00808	0.00354	0.00174	0.00277
17	0.00466	0.00310	0.00349	0.00349	0.00349	0.00310	0.00194	0.00466	0.00466	0.00621	0.01009	0.02095	0.01164	0.88750	0.01629	0.00310	0.00310	0.00466	0.00194	0.00194
18	0.00391	0.00298	0.00359	0.00400	0.00454	0.00267	0.00279	0.00463	0.00676	0.00870	0.08882	0.52199	0.31491	0.00909	0.00396	0.00120	0.00175	0.00803	0.00301	0.00267
19	0.00844	0.00901	0.00857	0.00758	0.00838	0.27981	0.00604	0.05136	0.02984	0.00862	0.00571	0.00778	0.00509	0.00741	0.13499	0.00172	0.37983	0.00269	0.03351	0.00359
20	0.00963	0.01142	0.02672	0.02235	0.01315	0.36987	0.39058	0.06056	0.03528	0.00986	0.00606	0.00744	0.00471	0.00311	0.00342	0.00097	0.01601	0.00296	0.00177	0.00414
21	0.00558	0.00279	0.00410	0.00410	0.00414	0.00279	0.00275	0.00436	0.00432	0.00593	0.00585	0.00986	0.00571	0.01069	0.01191	0.85391	0.00270	0.00279	0.05422	0.00148
22	0.12151	0.00600	0.00672	0.00514	0.02346	0.00508	0.00404	0.06387	0.00711	0.03288	0.00584	0.00665	0.00471	0.00259	0.00241	0.00059	0.00249	0.00199	0.00204	0.69486
23	0.04610	0.10783	0.14026	0.03802	0.13418	0.06772	0.21181	0.05919	0.00758	0.06638	0.00624	0.00774	0.00486	0.00329	0.00373	0.00100	0.07716	0.01068	0.00180	0.00442
24	0.00403	0.00289	0.00392	0.00452	0.00476	0.00283	0.00308	0.00465	0.00593	0.00799	0.01600	0.72211	0.01884	0.04620	0.13396	0.00194	0.00290	0.00808	0.00274	0.00261
25	0.00712	0.00390	0.00417	0.00378	0.00492	0.00393	0.00292	0.05489	0.07336	0.08022	0.02211	0.01160	0.00833	0.00379	0.00247	0.00080	0.00181	0.00305	0.67187	0.03496

[dist]
# distance from previous block
# <min> <max>
5	21

[block]
# block no. 1 follows, 89 sequences, length 8
# corresponding to MSA columns:
# 476-483
name=unknown_B
#
# <colnr> <probs for GDERKNQSTAVLIFYWHMCP>
#	G	D	E	R	K	N	Q	S	T	A	V	L	I	F	Y	W	H	M	C	P
0	0.03894	0.16522	0.10690	0.02113	0.08303	0.08054	0.12439	0.07536	0.03028	0.05297	0.02497	0.02389	0.00569	0.00318	0.00289	0.00086	0.00376	0.00269	0.00195	0.15138
1	0.00850	0.05622	0.13127	0.04890	0.11994	0.14466	0.03911	0.05981	0.06248	0.08075	0.03663	0.03872	0.02758	0.00399	0.01754	0.00098	0.00383	0.00301	0.00213	0.11395
2	0.00555	0.00368	0.00441	0.00422	0.00528	0.00337	0.00318	0.02063	0.00684	0.05242	0.03947	0.22196	0.13658	0.02623	0.07376	0.00135	0.00251	0.05421	0.19828	0.13606
3	0.00440	0.00366	0.00432	0.00408	0.00493	0.00359	0.00314	0.00544	0.00765	0.01001	0.32179	0.02579	0.47872	0.00728	0.00451	0.00109	0.09770	0.00598	0.00299	0.00290
4	0.80809	0.00611	0.00502	0.00438	0.00642	0.00690	0.00361	0.01011	0.00587	0.11179	0.00539	0.00585	0.00397	0.00308	0.00212	0.00099	0.00250	0.00190	0.00221	0.00369
5	0.00802	0.00410	0.00516	0.00446	0.00586	0.00374	0.00350	0.00966	0.04291	0.29542	0.34998	0.01836	0.11054	0.00542	0.00338	0.00098	0.00196	0.00460	0.11810	0.00387
6	0.00492	0.00385	0.00425	0.00402	0.00510	0.00359	0.00304	0.10197	0.00845	0.01085	0.21488	0.11997	0.48842	0.00748	0.00375	0.00107	0.00184	0.00635	0.00312	0.00307
7	0.00435	0.00338	0.00397	0.00384	0.00474	0.00308	0.00287	0.00584	0.04313	0.01098	0.46156	0.07021	0.35589	0.00724	0.00377	0.00105	0.00161	0.00625	0.00327	0.00296

[dist]
# distance from previous block
# <min> <max>
0	12

[block]
# block no. 2 follows, 89 sequences, length 34
# corresponding to MSA columns:
# 496-529
name=unknown_C
#
# <colnr> <probs for GDERKNQSTAVLIFYWHMCP>
#	G	D	E	R	K	N	Q	S	T	A	V	L	I	F	Y	W	H	M	C	P
0	0.00609	0.00499	0.00670	0.28298	0.01114	0.00545	0.00528	0.03798	0.14427	0.02192	0.11810	0.09187	0.04224	0.11260	0.00493	0.00128	0.00296	0.01615	0.00240	0.08065
1	0.00621	0.00563	0.00769	0.29221	0.08677	0.07328	0.02852	0.02074	0.00708	0.00921	0.06051	0.13738	0.01116	0.02524	0.01777	0.00124	0.01248	0.15372	0.03977	0.00340
2	0.00612	0.00577	0.00974	0.84398	0.05727	0.00713	0.00893	0.00825	0.00644	0.00827	0.00570	0.00851	0.00430	0.00319	0.00320	0.00106	0.00425	0.00285	0.00143	0.00362
3	0.91011	0.00619	0.00470	0.00421	0.00619	0.00718	0.00347	0.00941	0.00545	0.01436	0.00446	0.00520	0.00347	0.00297	0.00198	0.00099	0.00248	0.00173	0.00198	0.00347
4	0.00457	0.00343	0.00514	0.00514	0.00572	0.00400	0.00400	0.00572	0.00514	0.00743	0.00857	0.01258	0.00800	0.02401	0.87482	0.00514	0.00857	0.00343	0.00171	0.00286
5	0.00379	0.00321	0.00328	0.00334	0.00435	0.00269	0.00248	0.00458	0.00720	0.00861	0.03124	0.09958	0.79823	0.00826	0.00381	0.00110	0.00164	0.00694	0.00297	0.00269
6	0.20665	0.00561	0.00684	0.00538	0.00775	0.00524	0.00444	0.01427	0.00836	0.68612	0.01087	0.00967	0.00697	0.00375	0.00295	0.00099	0.00267	0.00290	0.00354	0.00502
7	0.00516	0.00368	0.00516	0.00590	0.00663	0.00368	0.00516	0.00663	0.00737	0.00958	0.01695	0.03611	0.01842	0.00884	0.00442	0.00147	0.00295	0.84599	0.00295	0.00295
8	0.00389	0.00282	0.00368	0.00436	0.00462	0.00261	0.00293	0.00447	0.00622	0.00821	0.01881	0.81790	0.08793	0.00988	0.00406	0.00128	0.00184	0.00891	0.00297	0.00261
9	0.01318	0.00562	0.00736	0.00573	0.00806	0.00513	0.00470	0.08856	0.03590	0.69959	0.08130	0.01170	0.00957	0.00417	0.00326	0.00099	0.00269	0.00341	0.00384	0.00524
10	0.00469	0.00351	0.00438	0.00412	0.00498	0.00332	0.00310	0.00664	0.06529	0.01251	0.73659	0.02372	0.10195	0.00654	0.00374	0.00102	0.00159	0.00573	0.00346	0.00313
11	0.00863	0.42955	0.12138	0.06052	0.09299	0.06412	0.04895	0.04860	0.00743	0.05817	0.02869	0.00697	0.00522	0.00307	0.00266	0.00084	0.00383	0.00234	0.00171	0.00434
12	0.00864	0.02354	0.23179	0.01016	0.18901	0.02994	0.02607	0.25123	0.02247	0.02088	0.02635	0.00800	0.01400	0.00343	0.00338	0.00095	0.03908	0.00275	0.00211	0.08624
13	0.03956	0.08883	0.20436	0.01914	0.22032	0.08855	0.02806	0.12043	0.01859	0.09220	0.00664	0.00750	0.00502	0.00327	0.00317	0.00095	0.02611	0.00260	0.02001	0.00470
14	0.00513	0.00397	0.00551	0.00529	0.00574	0.01384	0.00409	0.00604	0.00532	0.00778	0.04117	0.01260	0.00845	0.08299	0.55041	0.04674	0.13121	0.00345	0.05742	0.00283
15	0.00605	0.00569	0.00960	0.87981	0.02205	0.00711	0.00889	0.00818	0.00640	0.00818	0.00569	0.00853	0.00427	0.00320	0.00320	0.00107	0.00427	0.00284	0.00142	0.00356
16	0.41421	0.00680	0.00853	0.17945	0.26058	0.03041	0.02124	0.00936	0.00629	0.01165	0.00520	0.00675	0.00415	0.00304	0.00279	0.00100	0.02052	0.00234	0.00173	0.00397
17	0.00701	0.00726	0.02661	0.25145	0.24313	0.04961	0.17787	0.00889	0.00689	0.00921	0.00728	0.07643	0.01752	0.00391	0.00399	0.00108	0.07579	0.02035	0.00168	0.00404
18	0.68038	0.00645	0.00648	0.06393	0.13999	0.00734	0.00490	0.02799	0.00600	0.01340	0.00485	0.00592	0.00382	0.00302	0.00238	0.00099	0.01449	0.00202	0.00190	0.00376
19	0.00382	0.00322	0.00331	0.00335	0.00436	0.00271	0.00249	0.00464	0.00729	0.00877	0.06130	0.08367	0.78384	0.00817	0.00380	0.00109	0.00163	0.00687	0.00299	0.00271
20	0.38742	0.00585	0.00635	0.00512	0.00739	0.00587	0.00422	0.03425	0.00776	0.49201	0.00910	0.00844	0.00600	0.00355	0.00270	0.00099	0.00264	0.00259	0.00312	0.00462
21	0.02668	0.00763	0.00938	0.03681	0.21975	0.00842	0.00662	0.26600	0.35617	0.01456	0.00932	0.00945	0.00703	0.00377	0.00319	0.00101	0.00319	0.00315	0.00275	0.00510
22	0.00911	0.00947	0.03040	0.15084	0.24646	0.24426	0.02110	0.04932	0.11818	0.04536	0.00685	0.00801	0.00536	0.00342	0.00340	0.00098	0.03837	0.00275	0.00195	0.00441
23	0.00390	0.00279	0.00371	0.00446	0.00464	0.00260	0.00297	0.00446	0.00613	0.00817	0.01764	0.88541	0.02117	0.01003	0.00409	0.00130	0.00186	0.00910	0.00297	0.00260
24	0.00456	0.00337	0.00427	0.00403	0.00484	0.00313	0.00303	0.00622	0.03179	0.01250	0.77402	0.02416	0.09882	0.00661	0.00376	0.00102	0.00155	0.00581	0.00347	0.00305
25	0.00698	0.05499	0.06027	0.24404	0.24323	0.00732	0.12669	0.02075	0.08056	0.00988	0.00797	0.05846	0.02315	0.00370	0.00327	0.00103	0.00385	0.01795	0.02168	0.00423
26	0.00669	0.00604	0.00919	0.14019	0.32197	0.03942	0.04016	0.00833	0.01937	0.03245	0.01101	0.15883	0.05973	0.00526	0.00369	0.00111	0.02277	0.10774	0.00213	0.00393
27	0.01334	0.00597	0.00762	0.00594	0.00834	0.00561	0.00488	0.11917	0.08565	0.67335	0.02765	0.01083	0.00819	0.00403	0.00323	0.00100	0.00278	0.00326	0.00380	0.00537
28	0.00388	0.00321	0.00342	0.00353	0.00448	0.00274	0.00263	0.00472	0.00723	0.00879	0.06232	0.13348	0.69722	0.00831	0.00385	0.00112	0.00170	0.04167	0.00299	0.00271
29	0.02022	0.25970	0.22170	0.06463	0.03655	0.04636	0.09802	0.03873	0.02858	0.03744	0.00614	0.00748	0.00492	0.00523	0.09241	0.00135	0.02211	0.00255	0.00165	0.00422
30	0.02852	0.00677	0.06222	0.05123	0.08413	0.05052	0.05130	0.01257	0.01982	0.46827	0.09407	0.02292	0.02486	0.00406	0.00327	0.00100	0.00317	0.00345	0.00310	0.00476
31	0.00516	0.00368	0.00516	0.00590	0.00663	0.00368	0.00516	0.00663	0.00737	0.00958	0.01695	0.03611	0.01842	0.00884	0.00442	0.00147	0.00295	0.84599	0.00295	0.00295
32	0.00610	0.00516	0.04052	0.00723	0.12843	0.00451	0.07350	0.00792	0.04345	0.08528	0.27981	0.03499	0.25859	0.00576	0.00360	0.00103	0.00246	0.00510	0.00287	0.00368
33	0.02751	0.08470	0.27926	0.05307	0.05723	0.07792	0.06292	0.12113	0.01672	0.15551	0.01723	0.00819	0.01759	0.00339	0.00306	0.00096	0.00403	0.00274	0.00217	0.00467

[dist]
# distance from previous block
# <min> <max>
0	1

[block]
# block no. 3 follows, 89 sequences, length 47
# corresponding to MSA columns:
# 531-577
name=unknown_D
#
# <colnr> <probs for GDERKNQSTAVLIFYWHMCP>
#	G	D	E	R	K	N	Q	S	T	A	V	L	I	F	Y	W	H	M	C	P
0	0.11675	0.26941	0.06570	0.22851	0.07225	0.02411	0.03221	0.00877	0.00650	0.00914	0.00683	0.03864	0.02018	0.00437	0.03386	0.00111	0.00381	0.05238	0.00167	0.00381
1	0.33917	0.27991	0.01995	0.02485	0.06861	0.09780	0.03031	0.02211	0.01299	0.02264	0.00492	0.00588	0.00409	0.00311	0.00279	0.00090	0.05230	0.00204	0.00172	0.00391
2	0.00994	0.00421	0.00527	0.00440	0.00599	0.00383	0.00351	0.01131	0.00811	0.43088	0.08642	0.01248	0.00999	0.00409	0.00285	0.00089	0.00209	0.00334	0.38620	0.00419
3	0.01764	0.74843	0.04323	0.00638	0.00919	0.01182	0.09315	0.00961	0.00665	0.00805	0.01837	0.00584	0.00459	0.00281	0.00229	0.00074	0.00363	0.00201	0.00143	0.00412
4	0.00645	0.01633	0.84592	0.00925	0.01394	0.00745	0.03659	0.01014	0.00678	0.01014	0.00577	0.00681	0.00408	0.00303	0.00306	0.00102	0.00475	0.00241	0.00136	0.00472
5	0.00412	0.00326	0.00371	0.00360	0.00453	0.00285	0.00270	0.00524	0.00809	0.01053	0.40677	0.02771	0.49072	0.00740	0.00378	0.00105	0.00157	0.00632	0.00322	0.00285
6	0.00522	0.00349	0.00461	0.00450	0.00537	0.00325	0.00356	0.00668	0.00863	0.06278	0.59644	0.02607	0.06079	0.00695	0.00388	0.00111	0.00190	0.18823	0.00340	0.00314
7	0.00390	0.00279	0.00371	0.00446	0.00464	0.00260	0.00297	0.00446	0.00613	0.00817	0.01764	0.88541	0.02117	0.01003	0.00409	0.00130	0.00186	0.00910	0.00297	0.00260
8	0.00642	0.01656	0.87092	0.00912	0.01385	0.00743	0.01183	0.01014	0.00676	0.01014	0.00574	0.00676	0.00405	0.00304	0.00304	0.00101	0.00473	0.00237	0.00135	0.00473
9	0.00825	0.00685	0.00728	0.00650	0.00834	0.00787	0.00507	0.02869	0.81877	0.04478	0.01294	0.01185	0.00964	0.00432	0.00325	0.00108	0.00255	0.00359	0.00328	0.00509
10	0.00642	0.01656	0.87092	0.00912	0.01385	0.00743	0.01183	0.01014	0.00676	0.01014	0.00574	0.00676	0.00405	0.00304	0.00304	0.00101	0.00473	0.00237	0.00135	0.00473
11	0.00490	0.00451	0.07869	0.00433	0.00556	0.00347	0.00368	0.00637	0.01626	0.04044	0.36362	0.03233	0.28631	0.03495	0.05283	0.00133	0.00234	0.01440	0.04058	0.00312
12	0.02593	0.20768	0.08378	0.01580	0.00899	0.02617	0.00582	0.14115	0.38934	0.01247	0.01004	0.00979	0.04182	0.00389	0.00295	0.00096	0.00312	0.00302	0.00257	0.00471
13	0.01196	0.01526	0.00907	0.00825	0.00990	0.87465	0.00618	0.01278	0.00907	0.00783	0.00495	0.00577	0.00412	0.00330	0.00289	0.00082	0.00577	0.00206	0.00165	0.00371
14	0.02146	0.00737	0.06713	0.03705	0.24424	0.00699	0.06523	0.11647	0.14257	0.06260	0.06840	0.02214	0.04481	0.00454	0.03046	0.00113	0.01480	0.00345	0.00240	0.03675
15	0.05736	0.03222	0.00784	0.00583	0.00825	0.03446	0.03486	0.12008	0.02327	0.36913	0.03684	0.01022	0.04703	0.00373	0.00299	0.00087	0.00286	0.00301	0.00302	0.19612
16	0.01426	0.00560	0.00753	0.00577	0.00825	0.00494	0.00477	0.05302	0.00942	0.83196	0.01241	0.01075	0.00781	0.00396	0.00322	0.00099	0.00276	0.00320	0.00393	0.00545
17	0.00429	0.00319	0.00451	0.00502	0.00545	0.00302	0.03164	0.00513	0.00651	0.00861	0.02976	0.64353	0.04321	0.00944	0.00413	0.00132	0.00219	0.18339	0.00293	0.00274
18	0.05260	0.00806	0.01049	0.26888	0.24756	0.12371	0.04232	0.10771	0.00808	0.05450	0.00618	0.00780	0.00477	0.00330	0.00342	0.00100	0.04068	0.00275	0.00187	0.00433
19	0.00395	0.00282	0.00368	0.00435	0.00455	0.00264	0.00288	0.00447	0.00607	0.00805	0.01760	0.79938	0.04732	0.06979	0.00491	0.00142	0.00193	0.00872	0.00290	0.00256
20	0.00457	0.00343	0.00514	0.00514	0.00572	0.00400	0.00400	0.00572	0.00514	0.00743	0.00857	0.01258	0.00800	0.02401	0.87482	0.00514	0.00857	0.00343	0.00171	0.00286
21	0.00684	0.01568	0.77352	0.00924	0.01376	0.00762	0.05469	0.06301	0.00732	0.01077	0.00590	0.00691	0.00418	0.00307	0.00309	0.00101	0.00469	0.00247	0.00148	0.00475
22	0.07081	0.01064	0.00961	0.20458	0.04715	0.38643	0.05113	0.14274	0.00901	0.03022	0.00581	0.00701	0.00448	0.00331	0.00301	0.00093	0.00469	0.00249	0.00191	0.00406
23	0.00412	0.00294	0.00388	0.00455	0.00481	0.00278	0.00317	0.00476	0.00620	0.00822	0.01728	0.69387	0.03681	0.07521	0.00503	0.00145	0.00209	0.11735	0.00289	0.00260
24	0.91011	0.00619	0.00470	0.00421	0.00619	0.00718	0.00347	0.00941	0.00545	0.01436	0.00446	0.00520	0.00347	0.00297	0.00198	0.00099	0.00248	0.00173	0.00198	0.00347
25	0.00466	0.00310	0.00349	0.00349	0.00349	0.00310	0.00194	0.00466	0.00466	0.00621	0.01009	0.02095	0.01164	0.88750	0.01629	0.00310	0.00310	0.00466	0.00194	0.00194
26	0.00418	0.00316	0.00378	0.00385	0.00460	0.00285	0.00282	0.00523	0.00765	0.01019	0.33794	0.20188	0.33018	0.00813	0.02182	0.00118	0.00179	0.01753	0.02843	0.00281
27	0.00611	0.00576	0.00972	0.84934	0.05200	0.00713	0.00892	0.00824	0.00643	0.00826	0.00570	0.00851	0.00430	0.00319	0.00320	0.00106	0.00425	0.00285	0.00143	0.00361
28	0.00818	0.27741	0.14120	0.00682	0.00933	0.00891	0.03450	0.18301	0.11226	0.01158	0.00851	0.03909	0.00753	0.00479	0.02745	0.00110	0.00363	0.10809	0.00224	0.00437
29	0.00786	0.00754	0.01287	0.05028	0.83742	0.00759	0.00979	0.00977	0.00726	0.01038	0.00601	0.00794	0.00504	0.00286	0.00317	0.00095	0.00382	0.00285	0.00158	0.00502
30	0.00631	0.00600	0.01028	0.75149	0.12348	0.00720	0.03341	0.00844	0.00654	0.00851	0.00575	0.00846	0.00438	0.00314	0.00321	0.00105	0.00424	0.00287	0.00145	0.00376
31	0.00406	0.00290	0.00390	0.00464	0.00490	0.00274	0.00325	0.00474	0.00629	0.00835	0.01755	0.77659	0.02082	0.00988	0.00413	0.00132	0.00200	0.11633	0.00297	0.00264
32	0.00540	0.00447	0.00558	0.00520	0.00533	0.02192	0.00375	0.00579	0.00497	0.00693	0.00886	0.04450	0.02693	0.46686	0.12181	0.00274	0.25047	0.00412	0.00181	0.00257
33	0.00646	0.00574	0.00956	0.79313	0.04906	0.00704	0.00866	0.00852	0.00652	0.04288	0.00600	0.00862	0.00448	0.00326	0.00331	0.00106	0.01869	0.00286	0.01047	0.00368
34	0.00458	0.00339	0.00494	0.00494	0.00544	0.00389	0.00375	0.00559	0.00508	0.00728	0.00876	0.01360	0.00845	0.12926	0.77017	0.00490	0.00791	0.00358	0.00174	0.00275
35	0.00457	0.00343	0.00514	0.00514	0.00572	0.00400	0.00400	0.00572	0.00514	0.00743	0.00857	0.01258	0.00800	0.02401	0.87482	0.00514	0.00857	0.00343	0.00171	0.00286
36	0.00390	0.00279	0.00371	0.00446	0.00464	0.00260	0.00297	0.00446	0.00613	0.00817	0.01764	0.88541	0.02117	0.01003	0.00409	0.00130	0.00186	0.00910	0.00297	0.00260
37	0.01196	0.01510	0.00908	0.00823	0.00990	0.85378	0.00618	0.03316	0.00922	0.00813	0.00501	0.00582	0.00416	0.00331	0.00289	0.00083	0.00572	0.00208	0.00169	0.00375
38	0.64561	0.00752	0.09153	0.00611	0.03849	0.00747	0.05459	0.02654	0.04070	0.01337	0.00516	0.00605	0.00399	0.00314	0.00265	0.00102	0.03825	0.00210	0.00194	0.00380
39	0.17938	0.00783	0.00729	0.03504	0.11246	0.21585	0.00524	0.04619	0.03205	0.01161	0.26600	0.01181	0.01223	0.00431	0.00336	0.00097	0.03894	0.00336	0.00237	0.00372
40	0.00914	0.68686	0.01484	0.00575	0.00838	0.01169	0.00546	0.13016	0.04556	0.03075	0.00560	0.00607	0.00472	0.00302	0.00230	0.00075	0.00334	0.00202	0.01925	0.00435
41	0.01429	0.00557	0.00750	0.00575	0.00823	0.00489	0.00475	0.04484	0.00937	0.84023	0.01246	0.01078	0.00784	0.00396	0.00322	0.00099	0.00275	0.00321	0.00394	0.00545
42	0.00443	0.00312	0.00405	0.00424	0.00446	0.00324	0.00283	0.00492	0.00518	0.00709	0.01159	0.24274	0.01302	0.39974	0.27169	0.00325	0.00443	0.00544	0.00214	0.00239
43	0.00631	0.00596	0.01007	0.75966	0.14015	0.00718	0.00902	0.00841	0.00652	0.00850	0.00574	0.00845	0.00438	0.00315	0.00320	0.00105	0.00420	0.00285	0.00145	0.00377
44	0.00393	0.00281	0.00375	0.00446	0.00465	0.00265	0.00298	0.00450	0.00607	0.00812	0.01726	0.84565	0.02063	0.02596	0.02869	0.00144	0.00207	0.00886	0.00292	0.00260
45	0.00555	0.00484	0.00717	0.00956	0.32168	0.00460	0.00535	0.00697	0.00782	0.01063	0.28721	0.04661	0.25791	0.00574	0.00356	0.00102	0.00239	0.00509	0.00264	0.00367
46	0.00398	0.00279	0.00368	0.00440	0.00461	0.00262	0.00294	0.00458	0.00615	0.00832	0.01735	0.85033	0.02065	0.00978	0.00401	0.00128	0.00184	0.00885	0.03921	0.00262

[dist]
# distance from previous block
# <min> <max>
0	55

# created by:
# /home/simao/soft/augustus-3.0.3/scripts/msa2prfl.pl ./prep/108683.aln
