[name]
unknown

[dist]
# distance from previous block
# <min> <max>
0	150

[block]
# block no. 0 follows, 74 sequences, length 28
# corresponding to MSA columns:
# 160-177,180-189
name=unknown_A
#
# <colnr> <probs for GDERKNQSTAVLIFYWHMCP>
#	G	D	E	R	K	N	Q	S	T	A	V	L	I	F	Y	W	H	M	C	P
0	0.00785	0.00774	0.00824	0.00744	0.00783	0.14534	0.00567	0.00848	0.00641	0.00836	0.00780	0.01385	0.00815	0.28695	0.11037	0.00265	0.34762	0.00389	0.00191	0.00343
1	0.01246	0.01063	0.01009	0.00829	0.01082	0.13615	0.00663	0.46430	0.24416	0.01873	0.01092	0.01066	0.02974	0.00465	0.00369	0.00113	0.00410	0.00356	0.00346	0.00581
2	0.00720	0.00481	0.00578	0.00546	0.00659	0.00471	0.00403	0.11698	0.03640	0.08531	0.20137	0.31110	0.11867	0.06748	0.00533	0.00145	0.00250	0.00728	0.00365	0.00390
3	0.00717	0.00508	0.00588	0.00569	0.00674	0.02660	0.00422	0.12588	0.02543	0.05724	0.12563	0.34414	0.11102	0.03910	0.00543	0.04916	0.00270	0.04569	0.00345	0.00375
4	0.01035	0.00971	0.01347	0.01046	0.01319	0.09241	0.28758	0.17695	0.21818	0.03695	0.07089	0.01223	0.00956	0.00440	0.00399	0.00119	0.00459	0.01560	0.00297	0.00532
5	0.00701	0.00660	0.01113	0.86063	0.02556	0.00825	0.01031	0.00948	0.00742	0.00948	0.00660	0.00990	0.00495	0.00371	0.00371	0.00124	0.00495	0.00330	0.00165	0.00412
6	0.09574	0.00460	0.00531	0.00487	0.00612	0.00435	0.00354	0.00922	0.00783	0.21739	0.05030	0.13748	0.15716	0.23772	0.00788	0.00186	0.00278	0.00576	0.03630	0.00378
7	0.01089	0.01290	0.01687	0.01290	0.01582	0.33182	0.46475	0.04350	0.00967	0.01117	0.00681	0.00865	0.00531	0.00354	0.00418	0.00114	0.02981	0.00355	0.00195	0.00476
8	0.04485	0.00955	0.01013	0.00819	0.01064	0.15705	0.06525	0.20488	0.09157	0.24632	0.06348	0.01131	0.00905	0.00507	0.02257	0.00124	0.02639	0.00362	0.00340	0.00544
9	0.00616	0.00422	0.00520	0.00507	0.00610	0.00400	0.00375	0.00828	0.08598	0.07562	0.36888	0.24356	0.15199	0.00845	0.00437	0.00128	0.00209	0.00742	0.00383	0.00375
10	0.02544	0.00549	0.00619	0.00554	0.00657	0.00571	0.00391	0.19499	0.03684	0.06592	0.03924	0.13703	0.01356	0.42438	0.01120	0.00238	0.00338	0.00548	0.00301	0.00374
11	0.20428	0.01046	0.00866	0.00734	0.00973	0.28047	0.00580	0.05432	0.06007	0.30953	0.00949	0.00919	0.00665	0.00412	0.00330	0.00109	0.00427	0.00294	0.00314	0.00515
12	0.00643	0.00523	0.00806	0.00711	0.03011	0.00523	0.14464	0.04217	0.02135	0.00989	0.08020	0.07288	0.01362	0.42777	0.10671	0.00292	0.00455	0.00534	0.00246	0.00332
13	0.01143	0.00631	0.00757	0.00636	0.00828	0.00640	0.00492	0.10487	0.19008	0.32491	0.03498	0.02616	0.01091	0.15901	0.03387	0.02541	0.00342	0.00424	0.02577	0.00509
14	0.00616	0.00473	0.00560	0.00576	0.00663	0.00490	0.00417	0.04723	0.18861	0.01178	0.07321	0.45184	0.06396	0.05863	0.00527	0.00153	0.00252	0.05016	0.00350	0.00380
15	0.01111	0.00875	0.00936	0.00784	0.01020	0.00987	0.00624	0.36661	0.44367	0.01849	0.01243	0.03810	0.00949	0.00517	0.00403	0.02167	0.00341	0.00401	0.00369	0.00588
16	0.00681	0.00457	0.00576	0.00532	0.00637	0.00453	0.00402	0.08334	0.03230	0.05546	0.47318	0.08678	0.02474	0.04191	0.06171	0.04776	0.00282	0.02235	0.02650	0.00377
17	0.11729	0.00629	0.00733	0.00646	0.00833	0.00644	0.00520	0.20229	0.01048	0.21029	0.02600	0.18645	0.03546	0.00763	0.03562	0.00147	0.00337	0.11526	0.00359	0.00475
18	0.03615	0.00507	0.00597	0.00536	0.00678	0.00488	0.00399	0.05771	0.06914	0.21517	0.06943	0.14613	0.17665	0.17247	0.00691	0.00170	0.00279	0.00600	0.00354	0.00415
19	0.03187	0.00488	0.02796	0.00518	0.00652	0.00434	0.00400	0.00977	0.03567	0.20140	0.26189	0.11344	0.05550	0.13811	0.00623	0.00155	0.00257	0.00572	0.07939	0.00402
20	0.02741	0.00380	0.00464	0.00493	0.00569	0.00355	0.00357	0.00650	0.03052	0.02705	0.20270	0.41460	0.19327	0.00971	0.00450	0.00137	0.00213	0.04715	0.00359	0.00333
21	0.05350	0.00652	0.00744	0.00650	0.00853	0.00683	0.00518	0.04889	0.33621	0.22297	0.10787	0.01763	0.06422	0.00568	0.00384	0.00123	0.00283	0.05668	0.03218	0.00525
22	0.07086	0.00519	0.00623	0.00538	0.00687	0.00499	0.00400	0.05411	0.01976	0.30145	0.08514	0.07639	0.03999	0.27134	0.00841	0.00192	0.00305	0.00496	0.02568	0.00426
23	0.14085	0.00435	0.00473	0.00461	0.00547	0.00437	0.00322	0.01824	0.00730	0.06545	0.10264	0.18397	0.06922	0.28625	0.00863	0.00200	0.00272	0.00588	0.07682	0.00327
24	0.00630	0.00406	0.00447	0.00426	0.00538	0.00385	0.00321	0.00834	0.06529	0.04732	0.21549	0.02377	0.26126	0.03035	0.00411	0.00116	0.00197	0.00562	0.30016	0.00362
25	0.00893	0.00478	0.00583	0.00519	0.00644	0.00449	0.00380	0.03044	0.03475	0.25581	0.06318	0.02298	0.12808	0.34819	0.00995	0.00217	0.00311	0.05461	0.00336	0.00392
26	0.04781	0.00418	0.00519	0.00508	0.00617	0.00384	0.00374	0.00829	0.00858	0.16656	0.18634	0.36079	0.13236	0.01940	0.00445	0.00133	0.00226	0.00755	0.02228	0.00379
27	0.01120	0.00861	0.00929	0.00764	0.01000	0.00955	0.00613	0.45704	0.26834	0.01931	0.08273	0.04900	0.03361	0.00533	0.00385	0.00118	0.00339	0.00431	0.00375	0.00572

[dist]
# distance from previous block
# <min> <max>
9	19

[block]
# block no. 1 follows, 74 sequences, length 7
# corresponding to MSA columns:
# 209-215
name=unknown_B
#
# <colnr> <probs for GDERKNQSTAVLIFYWHMCP>
#	G	D	E	R	K	N	Q	S	T	A	V	L	I	F	Y	W	H	M	C	P
0	0.09960	0.09948	0.09676	0.07444	0.08871	0.08802	0.05969	0.17107	0.06793	0.06128	0.02709	0.00914	0.00656	0.00401	0.00370	0.00112	0.03054	0.00313	0.00252	0.00520
1	0.04219	0.05000	0.00757	0.00692	0.03461	0.16614	0.00511	0.05429	0.05377	0.01126	0.05597	0.24434	0.15388	0.00740	0.00433	0.00124	0.03917	0.03739	0.00293	0.02147
2	0.04210	0.03443	0.05452	0.04200	0.05847	0.08221	0.03280	0.06858	0.09141	0.04223	0.16825	0.03632	0.16161	0.00595	0.00444	0.00120	0.06122	0.00484	0.00298	0.00445
3	0.04160	0.04821	0.05111	0.07168	0.08622	0.11092	0.02301	0.11793	0.15720	0.05507	0.16365	0.01387	0.01247	0.00490	0.00373	0.00115	0.00386	0.02547	0.00300	0.00498
4	0.03445	0.00741	0.00804	0.00684	0.02880	0.06573	0.02174	0.19243	0.04732	0.04182	0.19611	0.05003	0.08550	0.00541	0.00371	0.00103	0.00314	0.00449	0.00322	0.19279
5	0.00976	0.04920	0.01330	0.11678	0.21276	0.05761	0.15084	0.14011	0.05830	0.04789	0.00916	0.07876	0.00782	0.02606	0.00420	0.00123	0.00452	0.00409	0.00247	0.00514
6	0.00692	0.00434	0.00536	0.00496	0.00617	0.00402	0.00376	0.00868	0.05763	0.12748	0.37370	0.05312	0.21169	0.04120	0.00535	0.04504	0.00225	0.03079	0.00376	0.00378

[dist]
# distance from previous block
# <min> <max>
0	1

[block]
# block no. 2 follows, 74 sequences, length 8
# corresponding to MSA columns:
# 217-222,224,225
name=unknown_C
#
# <colnr> <probs for GDERKNQSTAVLIFYWHMCP>
#	G	D	E	R	K	N	Q	S	T	A	V	L	I	F	Y	W	H	M	C	P
0	0.00584	0.00454	0.00560	0.04764	0.00689	0.01929	0.00408	0.02160	0.02338	0.02660	0.35585	0.17388	0.14085	0.09045	0.00620	0.00150	0.05214	0.00682	0.00340	0.00346
1	0.00926	0.09270	0.03963	0.23085	0.46444	0.00897	0.01022	0.01144	0.00826	0.07872	0.00732	0.00929	0.00577	0.00351	0.00356	0.00111	0.00443	0.00319	0.00198	0.00535
2	0.19328	0.01078	0.00985	0.09274	0.09565	0.27901	0.03372	0.05841	0.07905	0.01233	0.00719	0.00893	0.00590	0.03759	0.03154	0.00137	0.03295	0.00296	0.00222	0.00454
3	0.00861	0.00673	0.00958	0.23265	0.01355	0.00726	0.07326	0.20889	0.01090	0.04801	0.24394	0.03863	0.01525	0.03846	0.00460	0.00130	0.00371	0.02706	0.00309	0.00452
4	0.00791	0.11373	0.12764	0.17913	0.08075	0.00758	0.02518	0.01003	0.00782	0.03112	0.04969	0.01012	0.00723	0.04868	0.00406	0.00107	0.00393	0.00304	0.00205	0.27924
5	0.00899	0.31921	0.05880	0.07697	0.01140	0.08035	0.03874	0.03671	0.00752	0.00957	0.00617	0.00852	0.00556	0.03282	0.08181	0.00163	0.20619	0.00288	0.00176	0.00440
6	0.00548	0.00406	0.00556	0.00547	0.00586	0.00461	0.00396	0.00631	0.00575	0.00812	0.01031	0.01774	0.01057	0.32974	0.51009	0.00489	0.05199	0.00445	0.00206	0.00297
7	0.32696	0.05685	0.00768	0.00619	0.00824	0.00815	0.00503	0.07602	0.19236	0.07190	0.00934	0.01028	0.00735	0.00921	0.18706	0.00219	0.00459	0.00314	0.00278	0.00466

[dist]
# distance from previous block
# <min> <max>
0	4

[block]
# block no. 3 follows, 74 sequences, length 17
# corresponding to MSA columns:
# 230-243,245-247
name=unknown_D
#
# <colnr> <probs for GDERKNQSTAVLIFYWHMCP>
#	G	D	E	R	K	N	Q	S	T	A	V	L	I	F	Y	W	H	M	C	P
0	0.28620	0.02998	0.03017	0.31600	0.05452	0.01906	0.00728	0.04599	0.06838	0.02392	0.05133	0.01003	0.00708	0.00428	0.01352	0.00123	0.00393	0.01136	0.00230	0.01344
1	0.02138	0.03386	0.22392	0.10392	0.31948	0.05390	0.04317	0.08879	0.00896	0.01245	0.00682	0.00861	0.00535	0.00370	0.00405	0.00115	0.05008	0.00311	0.00192	0.00537
2	0.02521	0.05970	0.03435	0.22552	0.26085	0.00809	0.09441	0.01076	0.00809	0.05092	0.00784	0.00972	0.02622	0.00350	0.00351	0.00104	0.00430	0.00324	0.00202	0.16073
3	0.01071	0.01193	0.16159	0.07437	0.17069	0.14911	0.02396	0.18235	0.05433	0.05663	0.00827	0.03093	0.00645	0.00416	0.00387	0.00114	0.02793	0.00333	0.01289	0.00536
4	0.00875	0.46905	0.41193	0.00835	0.01262	0.01182	0.00983	0.01142	0.00768	0.01016	0.00587	0.00684	0.00473	0.00334	0.00292	0.00097	0.00469	0.00234	0.00158	0.00510
5	0.00670	0.00625	0.00599	0.00611	0.00680	0.16435	0.00442	0.00754	0.00791	0.00987	0.13593	0.37737	0.01846	0.01218	0.14305	0.05544	0.01864	0.00682	0.00287	0.00331
6	0.34958	0.00656	0.00683	0.00582	0.00800	0.00689	0.00471	0.08409	0.05903	0.23319	0.12347	0.04184	0.02431	0.00503	0.00335	0.00118	0.00288	0.02499	0.00343	0.00480
7	0.00777	0.00695	0.00927	0.04997	0.15629	0.06754	0.05787	0.02970	0.05052	0.02632	0.04729	0.06255	0.03697	0.18752	0.04074	0.00195	0.07272	0.08151	0.00249	0.00407
8	0.00577	0.00391	0.00453	0.00450	0.00559	0.00343	0.00333	0.00675	0.00842	0.08924	0.10763	0.18936	0.45535	0.06077	0.00529	0.00144	0.00220	0.03555	0.00354	0.00340
9	0.00916	0.05890	0.06127	0.22701	0.08093	0.06992	0.03024	0.05133	0.28725	0.03442	0.01024	0.03159	0.00808	0.00444	0.00368	0.00119	0.00419	0.01840	0.00264	0.00512
10	0.00526	0.00357	0.00406	0.00414	0.00422	0.00352	0.00239	0.00537	0.00572	0.00756	0.01389	0.10425	0.05833	0.74347	0.01680	0.00328	0.00337	0.00601	0.00242	0.00237
11	0.01116	0.55800	0.01639	0.00805	0.05832	0.15333	0.00680	0.06241	0.00884	0.06024	0.00615	0.00689	0.00519	0.00352	0.00298	0.00090	0.02159	0.00234	0.00197	0.00492
12	0.00518	0.00355	0.00446	0.00489	0.00553	0.00321	0.00342	0.00602	0.00784	0.05429	0.08320	0.57471	0.20904	0.01047	0.00458	0.00141	0.00212	0.00930	0.00355	0.00325
13	0.01934	0.25274	0.14453	0.01132	0.17058	0.05747	0.05951	0.13619	0.06059	0.01276	0.00717	0.00836	0.00576	0.01453	0.00370	0.00108	0.02397	0.00294	0.00214	0.00532
14	0.01272	0.00641	0.00799	0.00653	0.00880	0.00623	0.00523	0.09395	0.14321	0.45130	0.13480	0.01598	0.01353	0.05086	0.00466	0.00131	0.00304	0.02375	0.00415	0.00555
15	0.01049	0.71278	0.04087	0.00692	0.01002	0.10309	0.00668	0.05487	0.00839	0.00963	0.00546	0.00624	0.00485	0.00332	0.00259	0.00084	0.00430	0.00212	0.00173	0.00482
16	0.00474	0.00340	0.00435	0.00496	0.00528	0.00319	0.00335	0.00543	0.00722	0.00957	0.06793	0.60636	0.07880	0.13309	0.00672	0.00178	0.00237	0.04520	0.00331	0.00296

[dist]
# distance from previous block
# <min> <max>
1	9

[block]
# block no. 4 follows, 74 sequences, length 21
# corresponding to MSA columns:
# 257-259,261-278
name=unknown_E
#
# <colnr> <probs for GDERKNQSTAVLIFYWHMCP>
#	G	D	E	R	K	N	Q	S	T	A	V	L	I	F	Y	W	H	M	C	P
0	0.02827	0.04348	0.00980	0.02983	0.07181	0.08061	0.00610	0.18623	0.06770	0.01426	0.00775	0.02291	0.00628	0.00369	0.00337	0.00087	0.02140	0.00286	0.00255	0.39022
1	0.00467	0.00350	0.00433	0.00489	0.00540	0.00324	0.00336	0.00568	0.02911	0.00998	0.06668	0.61163	0.19283	0.03006	0.00494	0.00148	0.00213	0.00951	0.00346	0.00312
2	0.00540	0.00360	0.00405	0.00405	0.00405	0.00360	0.00225	0.00540	0.00540	0.00720	0.01170	0.02429	0.01349	0.86955	0.01889	0.00360	0.00360	0.00540	0.00225	0.00225
3	0.01228	0.13720	0.01159	0.04280	0.01148	0.57081	0.00706	0.01445	0.10826	0.00981	0.00677	0.00762	0.00557	0.00397	0.00359	0.00100	0.03651	0.00261	0.00207	0.00454
4	0.00636	0.00327	0.00485	0.00485	0.00488	0.00329	0.00325	0.00493	0.00490	0.00656	0.00678	0.01188	0.00681	0.04423	0.04817	0.82480	0.00351	0.00333	0.00165	0.00170
5	0.01387	0.01769	0.01052	0.00956	0.01148	0.85465	0.00717	0.01482	0.01052	0.00908	0.00574	0.00669	0.00478	0.00383	0.00335	0.00096	0.00669	0.00239	0.00191	0.00430
6	0.00792	0.00630	0.00702	0.00637	0.00801	0.00691	0.00491	0.01479	0.49710	0.03566	0.31052	0.01876	0.01966	0.00591	0.00395	0.00121	0.00248	0.00506	0.03248	0.00496
7	0.00919	0.00882	0.01507	0.02278	0.84640	0.00882	0.01139	0.01139	0.00845	0.01213	0.00698	0.00919	0.00588	0.00331	0.00367	0.00110	0.00441	0.00331	0.00184	0.00588
8	0.00851	0.01071	0.10161	0.01486	0.01868	0.00913	0.73026	0.01169	0.00862	0.01181	0.00779	0.03392	0.00607	0.00341	0.00431	0.00125	0.00607	0.00440	0.00189	0.00500
9	0.00473	0.00351	0.00441	0.00473	0.00536	0.00319	0.00334	0.00578	0.00846	0.01131	0.28636	0.43671	0.18868	0.00990	0.00455	0.00135	0.00197	0.00880	0.00365	0.00319
10	0.00540	0.00360	0.00405	0.00405	0.00405	0.00360	0.00225	0.00540	0.00540	0.00720	0.01170	0.02429	0.01349	0.86955	0.01889	0.00360	0.00360	0.00540	0.00225	0.00225
11	0.00587	0.00389	0.00496	0.00498	0.00584	0.00358	0.00362	0.00733	0.02990	0.07684	0.37229	0.33283	0.11601	0.00896	0.00444	0.00130	0.00205	0.00794	0.00382	0.00356
12	0.00539	0.00409	0.00620	0.00605	0.00674	0.00467	0.02381	0.00666	0.00599	0.00859	0.01001	0.01519	0.00950	0.08905	0.77361	0.00568	0.00939	0.00409	0.00201	0.00328
13	0.00474	0.00341	0.00450	0.00503	0.00546	0.00317	0.00349	0.00570	0.00806	0.01093	0.23595	0.61122	0.04785	0.01049	0.00464	0.00142	0.00207	0.02511	0.00361	0.00315
14	0.00907	0.00717	0.00816	0.00756	0.03886	0.00792	0.00570	0.16560	0.39739	0.03107	0.15195	0.06430	0.01510	0.00676	0.03869	0.00143	0.00327	0.03111	0.00366	0.00522
15	0.01665	0.00632	0.00861	0.00660	0.00948	0.00546	0.00546	0.01809	0.01062	0.84897	0.01464	0.01263	0.00919	0.00459	0.00373	0.00115	0.00316	0.00373	0.00459	0.00632
16	0.00881	0.05034	0.58073	0.00959	0.01414	0.02138	0.01130	0.13089	0.06448	0.03051	0.02362	0.00925	0.02064	0.00395	0.00356	0.00115	0.00489	0.00307	0.00217	0.00552
17	0.00545	0.00388	0.00582	0.00582	0.00639	0.00445	0.00445	0.00639	0.00582	0.00833	0.00948	0.01415	0.00891	0.02586	0.74379	0.12306	0.00905	0.00388	0.00194	0.00309
18	0.01039	0.06045	0.14955	0.00905	0.05923	0.10546	0.04499	0.20536	0.02041	0.04046	0.00776	0.00854	0.01567	0.00364	0.00334	0.00095	0.00430	0.00287	0.00246	0.24512
19	0.15778	0.00925	0.04835	0.00752	0.01003	0.04480	0.00624	0.19999	0.40975	0.05080	0.01126	0.01081	0.00832	0.00450	0.00349	0.00119	0.00347	0.00348	0.00337	0.00560
20	0.01019	0.04079	0.06466	0.03531	0.19812	0.02961	0.02150	0.13403	0.08355	0.10312	0.02982	0.02052	0.00748	0.00389	0.00347	0.00100	0.00379	0.00328	0.00271	0.20316

[dist]
# distance from previous block
# <min> <max>
1	12

[block]
# block no. 5 follows, 74 sequences, length 16
# corresponding to MSA columns:
# 291-306
name=unknown_F
#
# <colnr> <probs for GDERKNQSTAVLIFYWHMCP>
#	G	D	E	R	K	N	Q	S	T	A	V	L	I	F	Y	W	H	M	C	P
0	0.05177	0.04963	0.03748	0.03813	0.07029	0.01751	0.04052	0.09278	0.10374	0.14111	0.03871	0.07264	0.05468	0.00479	0.00356	0.00106	0.00339	0.00403	0.00300	0.17118
1	0.08428	0.03396	0.00777	0.00689	0.03503	0.02990	0.04251	0.08083	0.10693	0.03927	0.11689	0.21148	0.05921	0.04447	0.00467	0.00133	0.01303	0.02408	0.00315	0.05432
2	0.01373	0.01506	0.01040	0.00908	0.01126	0.59181	0.00698	0.17439	0.06851	0.05322	0.00743	0.00790	0.00574	0.00407	0.00347	0.00102	0.00576	0.00276	0.00252	0.00490
3	0.00810	0.01369	0.39044	0.01328	0.09345	0.00876	0.32404	0.01194	0.04408	0.01212	0.03880	0.00979	0.00659	0.00357	0.00391	0.00120	0.00543	0.00363	0.00190	0.00528
4	0.00798	0.00492	0.00609	0.00530	0.00677	0.00465	0.00413	0.09805	0.01105	0.15174	0.52822	0.02412	0.11813	0.00696	0.00420	0.00117	0.00225	0.00599	0.00406	0.00423
5	0.00635	0.00511	0.00583	0.00542	0.00675	0.00524	0.00413	0.01072	0.27149	0.01423	0.44075	0.02476	0.17039	0.00710	0.00419	0.00121	0.00215	0.00612	0.00388	0.00419
6	0.00470	0.00355	0.00419	0.00449	0.00509	0.00329	0.00308	0.00541	0.00728	0.00932	0.04229	0.33405	0.32057	0.16824	0.06531	0.00209	0.00284	0.00809	0.00314	0.00295
7	0.00645	0.00322	0.00484	0.00484	0.00484	0.00322	0.00322	0.00484	0.00484	0.00645	0.00645	0.01128	0.00645	0.01289	0.01451	0.89201	0.00322	0.00322	0.00161	0.00161
8	0.00992	0.87178	0.01945	0.00635	0.00953	0.01469	0.00635	0.01111	0.00754	0.00873	0.00516	0.00595	0.00476	0.00318	0.00238	0.00079	0.00397	0.00198	0.00159	0.00476
9	0.00981	0.02174	0.01288	0.05848	0.46163	0.00884	0.03122	0.08193	0.12333	0.06921	0.00908	0.01112	0.00732	0.01819	0.00430	0.00121	0.03632	0.02530	0.00248	0.00562
10	0.00442	0.00376	0.00381	0.00380	0.00504	0.00315	0.00285	0.00540	0.00855	0.01023	0.07129	0.03539	0.81108	0.00932	0.00439	0.00125	0.00187	0.00779	0.00347	0.00315
11	0.00453	0.00371	0.00400	0.00404	0.00513	0.00318	0.00299	0.00557	0.00863	0.01071	0.15816	0.11813	0.63965	0.00935	0.00442	0.00127	0.00189	0.00794	0.00354	0.00318
12	0.00832	0.00780	0.07391	0.07493	0.06955	0.01737	0.06123	0.02903	0.21884	0.06686	0.01251	0.17623	0.02251	0.00550	0.00381	0.00117	0.00350	0.00487	0.00290	0.13915
13	0.01095	0.11037	0.05253	0.31082	0.03292	0.08670	0.00826	0.16043	0.03047	0.14894	0.00830	0.00939	0.00601	0.00395	0.00352	0.00112	0.00451	0.00314	0.00257	0.00511
14	0.28067	0.02538	0.00970	0.02982	0.24332	0.00811	0.00673	0.06779	0.06781	0.03714	0.00722	0.00828	0.00570	0.00348	0.00305	0.00101	0.00344	0.00273	0.00238	0.18624
15	0.00976	0.28403	0.27963	0.02273	0.07346	0.02404	0.02095	0.12805	0.03091	0.04397	0.02427	0.00828	0.00604	0.00368	0.00323	0.00103	0.00446	0.00280	0.00215	0.02654

[dist]
# distance from previous block
# <min> <max>
1	53

[block]
# block no. 6 follows, 74 sequences, length 20
# corresponding to MSA columns:
# 360-371,375-382
name=unknown_G
#
# <colnr> <probs for GDERKNQSTAVLIFYWHMCP>
#	G	D	E	R	K	N	Q	S	T	A	V	L	I	F	Y	W	H	M	C	P
0	0.24392	0.00695	0.00781	0.00621	0.00885	0.00686	0.00509	0.11436	0.02622	0.40103	0.05886	0.01097	0.00874	0.00431	0.00332	0.00110	0.00308	0.00330	0.00365	0.07538
1	0.00769	0.00787	0.06601	0.03523	0.18132	0.07771	0.03719	0.01005	0.06331	0.03280	0.21913	0.06303	0.09541	0.02828	0.00480	0.00127	0.04540	0.01624	0.00284	0.00442
2	0.00468	0.00344	0.00437	0.00496	0.00543	0.00317	0.00346	0.00552	0.00766	0.01008	0.09828	0.58102	0.15629	0.03977	0.00515	0.00152	0.00219	0.05650	0.00346	0.00308
3	0.03273	0.19109	0.04366	0.07659	0.11481	0.12875	0.02403	0.08976	0.07935	0.01179	0.02402	0.05367	0.00726	0.00453	0.00438	0.00113	0.10198	0.00339	0.00223	0.00484
4	0.00529	0.00512	0.09332	0.00569	0.00659	0.00386	0.00458	0.00642	0.00734	0.02657	0.07220	0.53706	0.03729	0.09625	0.04305	0.00185	0.00302	0.03805	0.00313	0.00333
5	0.00947	0.00995	0.07182	0.11816	0.40659	0.08533	0.03043	0.10205	0.04282	0.01271	0.00909	0.01065	0.05437	0.00401	0.00383	0.00114	0.01656	0.00351	0.00218	0.00534
6	0.15697	0.18552	0.02179	0.00875	0.05661	0.37863	0.00678	0.08474	0.00958	0.03038	0.00606	0.00695	0.00495	0.00374	0.00325	0.00100	0.02510	0.00244	0.00211	0.00467
7	0.00840	0.00673	0.03965	0.00892	0.01116	0.00593	0.25325	0.01054	0.01847	0.15496	0.11505	0.07256	0.09581	0.00654	0.00441	0.00133	0.00387	0.17479	0.00318	0.00445
8	0.00935	0.03861	0.01340	0.17422	0.43116	0.11963	0.03033	0.01190	0.06370	0.01116	0.00712	0.00915	0.00582	0.00374	0.00412	0.00114	0.05513	0.00322	0.00192	0.00518
9	0.08426	0.00872	0.00924	0.00737	0.01005	0.03753	0.00597	0.32254	0.17890	0.12497	0.01003	0.00986	0.00729	0.00426	0.00363	0.00107	0.02158	0.00324	0.00338	0.14611
10	0.00936	0.00914	0.01490	0.02230	0.81596	0.03965	0.01124	0.01152	0.00853	0.01202	0.00694	0.00910	0.00584	0.00333	0.00366	0.00110	0.00449	0.00327	0.00184	0.00582
11	0.00530	0.00398	0.00597	0.00597	0.00663	0.00464	0.00464	0.00663	0.00597	0.00862	0.00994	0.01458	0.00928	0.02784	0.85484	0.00597	0.00994	0.00398	0.00199	0.00331
12	0.00873	0.00727	0.01106	0.00908	0.02829	0.02797	0.19632	0.14280	0.02540	0.05886	0.00929	0.01278	0.00798	0.10613	0.26642	0.00291	0.04708	0.00398	0.00243	0.02520
13	0.02505	0.00374	0.00419	0.00417	0.00476	0.00352	0.00277	0.00580	0.00739	0.00985	0.18094	0.07683	0.25772	0.38521	0.01070	0.00227	0.00264	0.00658	0.00302	0.00283
14	0.00705	0.00471	0.00596	0.00594	0.02440	0.00501	0.00412	0.04144	0.17337	0.00963	0.01061	0.06466	0.01029	0.14043	0.03184	0.40895	0.00339	0.04273	0.00243	0.00305
15	0.00985	0.73567	0.01832	0.00692	0.00980	0.01395	0.02762	0.01127	0.02631	0.02576	0.00561	0.00656	0.00503	0.00354	0.00337	0.00090	0.08078	0.00224	0.00171	0.00476
16	0.00784	0.36501	0.01126	0.00548	0.00772	0.00833	0.00478	0.00907	0.00819	0.04942	0.12187	0.10984	0.14614	0.00570	0.00334	0.00098	0.00294	0.00460	0.00264	0.12486
17	0.40803	0.01061	0.20349	0.00757	0.01073	0.00896	0.04769	0.10890	0.13465	0.01590	0.00758	0.00817	0.00564	0.00381	0.00308	0.00117	0.00380	0.00278	0.00250	0.00496
18	0.24326	0.12440	0.07914	0.02486	0.03438	0.19211	0.00675	0.08278	0.06885	0.04053	0.00694	0.00777	0.00546	0.00432	0.01998	0.00117	0.03709	0.00263	0.00231	0.01527
19	0.32060	0.02389	0.01044	0.10586	0.26430	0.07016	0.00770	0.10464	0.00865	0.01432	0.00633	0.00786	0.00504	0.00367	0.00343	0.00114	0.03214	0.00276	0.00218	0.00489

[dist]
# distance from previous block
# <min> <max>
4	5

[block]
# block no. 7 follows, 74 sequences, length 23
# corresponding to MSA columns:
# 397-404,406-420
name=unknown_H
#
# <colnr> <probs for GDERKNQSTAVLIFYWHMCP>
#	G	D	E	R	K	N	Q	S	T	A	V	L	I	F	Y	W	H	M	C	P
0	0.06663	0.11676	0.09105	0.00882	0.01131	0.58782	0.00739	0.01362	0.00954	0.00989	0.00576	0.00672	0.00476	0.00365	0.00316	0.00095	0.00586	0.00235	0.00188	0.04210
1	0.00705	0.00412	0.00531	0.00495	0.00602	0.00374	0.00366	0.00835	0.00937	0.15678	0.43178	0.15480	0.09306	0.08730	0.00566	0.00145	0.00224	0.00676	0.00385	0.00377
2	0.00892	0.02057	0.02472	0.02788	0.13176	0.00875	0.05445	0.04757	0.51163	0.01467	0.08356	0.01366	0.01167	0.00515	0.01729	0.00129	0.00350	0.00418	0.00327	0.00554
3	0.00478	0.00338	0.00439	0.00496	0.00522	0.00323	0.00329	0.00544	0.00709	0.00956	0.09765	0.60562	0.02302	0.16080	0.04166	0.00202	0.00268	0.00902	0.00324	0.00294
4	0.00875	0.00835	0.04290	0.09508	0.21317	0.02415	0.00803	0.07458	0.25054	0.01338	0.07756	0.01266	0.03283	0.00513	0.01487	0.00129	0.10488	0.00393	0.00272	0.00518
5	0.00471	0.00334	0.00438	0.00500	0.00528	0.00314	0.00334	0.00545	0.00743	0.01003	0.13542	0.67150	0.02500	0.09015	0.00599	0.00165	0.00223	0.00954	0.00343	0.00301
6	0.08729	0.00915	0.04802	0.06933	0.04453	0.02890	0.02761	0.24590	0.01019	0.11407	0.00758	0.00887	0.00578	0.00483	0.00621	0.00129	0.26945	0.00322	0.00265	0.00513
7	0.00622	0.00338	0.00506	0.00506	0.00520	0.00351	0.00351	0.00520	0.00506	0.00689	0.00716	0.01195	0.00702	0.01592	0.18489	0.71235	0.00459	0.00338	0.00169	0.00196
8	0.01368	0.01741	0.01094	0.00979	0.01177	0.82344	0.03766	0.01471	0.01045	0.00919	0.00580	0.00682	0.00481	0.00380	0.00339	0.00097	0.00668	0.00246	0.00191	0.00433
9	0.00501	0.00384	0.00470	0.00461	0.00555	0.00357	0.00344	0.00656	0.02517	0.01241	0.44066	0.09642	0.27663	0.01028	0.08279	0.00166	0.00260	0.00706	0.00364	0.00338
10	0.00678	0.00686	0.01301	0.00991	0.01230	0.00633	0.41077	0.00899	0.00904	0.01199	0.18910	0.02169	0.23166	0.00598	0.00441	0.00125	0.00407	0.03892	0.00281	0.00414
11	0.00770	0.00660	0.00770	0.00550	0.00880	0.00495	0.00440	0.00935	0.00770	0.01210	0.00660	0.00770	0.00550	0.00275	0.00275	0.00055	0.00275	0.00220	0.00220	0.89224
12	0.00899	0.00883	0.00807	0.08629	0.04348	0.28045	0.00584	0.00932	0.01989	0.00834	0.00769	0.01059	0.03689	0.00914	0.06380	0.33796	0.04614	0.00320	0.00185	0.00324
13	0.00918	0.00498	0.00667	0.08415	0.00868	0.00468	0.00472	0.02538	0.01005	0.28475	0.37281	0.02170	0.11660	0.02360	0.00439	0.00123	0.00260	0.00547	0.00391	0.00446
14	0.81360	0.00686	0.00530	0.00478	0.00698	0.00785	0.00391	0.01040	0.00651	0.01604	0.00816	0.00877	0.08153	0.00399	0.00249	0.00116	0.00278	0.00255	0.00240	0.00394
15	0.02551	0.00539	0.00659	0.01773	0.00768	0.01590	0.00441	0.03338	0.02920	0.26214	0.04361	0.14367	0.12752	0.06235	0.06333	0.01879	0.00331	0.00527	0.00339	0.12085
16	0.00473	0.00345	0.00469	0.00565	0.03043	0.00323	0.00369	0.00552	0.00746	0.01005	0.09601	0.76422	0.02496	0.01101	0.00467	0.00146	0.00218	0.00998	0.00346	0.00315
17	0.00768	0.00576	0.00686	0.04624	0.00855	0.00549	0.00472	0.02304	0.17982	0.07407	0.05342	0.11995	0.11522	0.02521	0.00445	0.03123	0.00278	0.03535	0.00312	0.24704
18	0.00668	0.00497	0.00569	0.01820	0.00643	0.06152	0.00404	0.06822	0.00719	0.00929	0.01261	0.22646	0.04572	0.11551	0.12776	0.25304	0.00421	0.01705	0.00247	0.00293
19	0.34815	0.06449	0.00701	0.00551	0.00743	0.03566	0.00443	0.06459	0.07020	0.05251	0.19527	0.02501	0.07617	0.02460	0.00363	0.00120	0.00285	0.00401	0.00304	0.00424
20	0.02124	0.02002	0.12035	0.02189	0.03231	0.05191	0.16280	0.08505	0.11234	0.03783	0.02759	0.09870	0.04327	0.03130	0.01543	0.00129	0.00423	0.01158	0.00264	0.09823
21	0.24241	0.02710	0.02272	0.02416	0.00947	0.02409	0.02730	0.06385	0.20008	0.13584	0.02721	0.03566	0.00813	0.00499	0.00468	0.02537	0.10558	0.00349	0.00297	0.00490
22	0.06056	0.08233	0.05351	0.05665	0.02934	0.06577	0.04647	0.16741	0.10379	0.03919	0.05348	0.01234	0.06907	0.02955	0.00511	0.00126	0.11287	0.00376	0.00270	0.00485

[dist]
# distance from previous block
# <min> <max>
2	28

[block]
# block no. 8 follows, 74 sequences, length 8
# corresponding to MSA columns:
# 450-457
name=unknown_I
#
# <colnr> <probs for GDERKNQSTAVLIFYWHMCP>
#	G	D	E	R	K	N	Q	S	T	A	V	L	I	F	Y	W	H	M	C	P
0	0.10015	0.00716	0.05053	0.02352	0.15666	0.02057	0.00660	0.03196	0.00779	0.04244	0.08132	0.05576	0.08580	0.04338	0.07853	0.00174	0.15473	0.00430	0.01796	0.02910
1	0.04253	0.10423	0.07531	0.05344	0.04539	0.00868	0.00659	0.18217	0.13243	0.05599	0.09587	0.03133	0.01050	0.06267	0.00478	0.00128	0.02532	0.00382	0.00292	0.05476
2	0.00549	0.00408	0.00491	0.00480	0.00530	0.00417	0.00329	0.00668	0.04723	0.01015	0.22070	0.10460	0.10642	0.36899	0.04249	0.00243	0.04602	0.00625	0.00297	0.00303
3	0.02835	0.05991	0.07563	0.02680	0.17623	0.05965	0.04568	0.05955	0.13781	0.07124	0.01058	0.04107	0.04247	0.04584	0.00429	0.00120	0.00393	0.00374	0.00260	0.10345
4	0.00504	0.00355	0.00426	0.00445	0.00476	0.00342	0.00285	0.00555	0.00676	0.00901	0.10970	0.25002	0.10508	0.42654	0.04062	0.00261	0.00305	0.00712	0.00289	0.00272
5	0.00841	0.00794	0.07401	0.00741	0.04098	0.00593	0.06406	0.01082	0.04962	0.06120	0.00758	0.00852	0.00597	0.00308	0.00307	0.00074	0.00330	0.00263	0.00233	0.63241
6	0.01083	0.13534	0.14179	0.03943	0.05314	0.07752	0.03308	0.08522	0.03173	0.18553	0.07332	0.01096	0.00868	0.00435	0.00392	0.00110	0.04537	0.01501	0.00275	0.04094
7	0.00837	0.02768	0.12807	0.03238	0.09594	0.00715	0.03364	0.07535	0.14732	0.05932	0.05564	0.10539	0.06714	0.00590	0.02620	0.00126	0.00368	0.00456	0.00286	0.11215

[dist]
# distance from previous block
# <min> <max>
0	53

# created by:
# /home/simao/soft/augustus-3.0.3/scripts/msa2prfl.pl ./prep/108604.aln
