[name]
unknown

[dist]
# distance from previous block
# <min> <max>
2	175

[block]
# block no. 0 follows, 70 sequences, length 11
# corresponding to MSA columns:
# 238-248
name=unknown_A
#
# <colnr> <probs for GDERKNQSTAVLIFYWHMCP>
#	G	D	E	R	K	N	Q	S	T	A	V	L	I	F	Y	W	H	M	C	P
0	0.02443	0.03146	0.10073	0.00921	0.07518	0.03592	0.03152	0.06720	0.14719	0.11338	0.02602	0.07046	0.08835	0.00611	0.02047	0.00136	0.09992	0.00451	0.00301	0.04355
1	0.03611	0.04766	0.07086	0.04574	0.11535	0.00857	0.06195	0.12250	0.10105	0.11890	0.04677	0.01191	0.00876	0.00444	0.00402	0.00114	0.03074	0.02763	0.00295	0.13294
2	0.02493	0.00680	0.00954	0.03336	0.19388	0.00671	0.03893	0.08071	0.05151	0.06515	0.16581	0.04515	0.10606	0.04502	0.00489	0.00131	0.01346	0.02195	0.00313	0.08171
3	0.00921	0.02912	0.01073	0.04076	0.09429	0.00729	0.07024	0.05958	0.04470	0.06996	0.00948	0.04557	0.02245	0.00433	0.00417	0.00100	0.06265	0.02446	0.00260	0.38742
4	0.00859	0.00744	0.01057	0.09250	0.20749	0.00759	0.02396	0.11522	0.00926	0.01307	0.01033	0.12465	0.02990	0.00627	0.03915	0.00136	0.06725	0.01970	0.00253	0.20315
5	0.03490	0.00723	0.00819	0.03139	0.04144	0.03234	0.00527	0.13837	0.01026	0.01487	0.14900	0.01370	0.06015	0.00456	0.00348	0.00090	0.00310	0.00374	0.02657	0.41054
6	0.00563	0.00379	0.00438	0.00438	0.00443	0.00384	0.00254	0.00574	0.00568	0.00763	0.01207	0.02459	0.01376	0.79980	0.08323	0.00395	0.00427	0.00552	0.00233	0.00243
7	0.00905	0.00866	0.01475	0.22256	0.64506	0.00907	0.01163	0.01142	0.00857	0.01201	0.00720	0.00977	0.00591	0.00356	0.00385	0.00119	0.00474	0.00345	0.00187	0.00570
8	0.01192	0.20048	0.01374	0.10304	0.08065	0.32001	0.03650	0.11332	0.02737	0.02425	0.00729	0.03100	0.00609	0.00410	0.00348	0.00106	0.00536	0.00307	0.00224	0.00503
9	0.00987	0.03350	0.01004	0.02376	0.05347	0.04616	0.04105	0.08444	0.02976	0.08798	0.02434	0.02545	0.00762	0.00399	0.00371	0.00090	0.03249	0.02409	0.00270	0.45469
10	0.01200	0.04391	0.03944	0.00954	0.03602	0.22089	0.05142	0.16711	0.03862	0.09691	0.00943	0.01046	0.04097	0.01988	0.00547	0.00124	0.14417	0.00346	0.00271	0.04634

[dist]
# distance from previous block
# <min> <max>
3	14

[block]
# block no. 1 follows, 70 sequences, length 17
# corresponding to MSA columns:
# 266-282
name=unknown_B
#
# <colnr> <probs for GDERKNQSTAVLIFYWHMCP>
#	G	D	E	R	K	N	Q	S	T	A	V	L	I	F	Y	W	H	M	C	P
0	0.02575	0.01090	0.01323	0.03726	0.23044	0.19730	0.12295	0.06487	0.06822	0.03804	0.00830	0.03043	0.00687	0.02003	0.00459	0.00121	0.05061	0.00360	0.00236	0.06305
1	0.02871	0.00733	0.01170	0.67384	0.13217	0.02649	0.01038	0.01029	0.00795	0.01061	0.00711	0.01023	0.00545	0.00384	0.00378	0.00125	0.00495	0.00340	0.03598	0.00452
2	0.02864	0.00669	0.00993	0.44794	0.05062	0.00770	0.02086	0.01157	0.14020	0.05051	0.10490	0.03128	0.04919	0.00512	0.00402	0.00129	0.00408	0.01815	0.00269	0.00463
3	0.02986	0.00847	0.00781	0.00725	0.00811	0.23117	0.00544	0.00957	0.03289	0.02503	0.02278	0.01143	0.02489	0.01152	0.12898	0.31857	0.10739	0.00343	0.00206	0.00336
4	0.00928	0.00889	0.01516	0.14054	0.72533	0.00913	0.01174	0.01162	0.00868	0.01228	0.00724	0.00970	0.00600	0.00351	0.00384	0.00117	0.00468	0.00345	0.00189	0.00588
5	0.03792	0.01352	0.01041	0.00873	0.01130	0.40359	0.00681	0.23910	0.05471	0.03290	0.00774	0.00829	0.00598	0.00408	0.00351	0.00101	0.00522	0.00286	0.00274	0.13959
6	0.00675	0.00432	0.00539	0.00553	0.00642	0.00409	0.00400	0.06328	0.00902	0.08796	0.09308	0.51609	0.10858	0.01000	0.00462	0.00143	0.00242	0.02315	0.04007	0.00379
7	0.00914	0.00875	0.01492	0.18940	0.67751	0.00909	0.01167	0.01150	0.00861	0.01212	0.00721	0.00974	0.00595	0.00354	0.00385	0.00118	0.00472	0.00345	0.00188	0.00578
8	0.00983	0.01018	0.02020	0.01470	0.01828	0.03001	0.66344	0.01362	0.08747	0.06412	0.00897	0.01089	0.00664	0.00363	0.00458	0.00130	0.02000	0.00444	0.00232	0.00537
9	0.00472	0.00376	0.00423	0.00447	0.00541	0.00327	0.00322	0.00569	0.00863	0.01082	0.11540	0.28644	0.50963	0.01033	0.00469	0.00138	0.00204	0.00892	0.00367	0.00327
10	0.00573	0.00440	0.00513	0.00534	0.00624	0.00425	0.00385	0.05693	0.06618	0.01165	0.06403	0.43149	0.26342	0.02885	0.00502	0.00149	0.00239	0.02636	0.00364	0.00362
11	0.14374	0.00918	0.00956	0.00777	0.01047	0.07442	0.02251	0.23741	0.16599	0.24963	0.02339	0.01105	0.00836	0.00462	0.00367	0.00120	0.00381	0.00356	0.00375	0.00592
12	0.03357	0.27203	0.17162	0.00908	0.01243	0.01072	0.11709	0.10832	0.02098	0.07008	0.00918	0.04347	0.02238	0.00486	0.01422	0.00122	0.03625	0.03483	0.00242	0.00525
13	0.00957	0.03958	0.61406	0.01002	0.01491	0.02177	0.01203	0.04375	0.03429	0.13115	0.00877	0.02825	0.00632	0.00411	0.00372	0.00122	0.00515	0.00324	0.00229	0.00580
14	0.00915	0.00811	0.01192	0.40699	0.04923	0.04001	0.09281	0.15544	0.03570	0.02872	0.05958	0.06678	0.00907	0.00479	0.00405	0.00127	0.00470	0.00428	0.00255	0.00487
15	0.02618	0.00869	0.05876	0.27087	0.17003	0.02289	0.00903	0.13222	0.07713	0.10386	0.02677	0.05892	0.00835	0.00466	0.00391	0.00124	0.00435	0.00401	0.00276	0.00539
16	0.00734	0.00635	0.01050	0.23442	0.16897	0.00674	0.07896	0.00944	0.03349	0.03516	0.01236	0.25644	0.01250	0.03096	0.06254	0.00176	0.00451	0.02061	0.00255	0.00440

[dist]
# distance from previous block
# <min> <max>
6	98

[block]
# block no. 2 follows, 70 sequences, length 12
# corresponding to MSA columns:
# 389-400
name=unknown_C
#
# <colnr> <probs for GDERKNQSTAVLIFYWHMCP>
#	G	D	E	R	K	N	Q	S	T	A	V	L	I	F	Y	W	H	M	C	P
0	0.00579	0.02717	0.00672	0.00629	0.00698	0.00535	0.00490	0.00707	0.00623	0.00893	0.01014	0.01530	0.00963	0.07530	0.74485	0.00576	0.04391	0.00415	0.00207	0.00347
1	0.02582	0.00704	0.00772	0.00675	0.00844	0.03114	0.00516	0.17053	0.18789	0.12632	0.03045	0.03499	0.01217	0.22780	0.03199	0.00206	0.00380	0.05866	0.01643	0.00483
2	0.01382	0.01303	0.01067	0.00893	0.01145	0.32831	0.00704	0.36834	0.09980	0.05161	0.01017	0.01024	0.03974	0.00468	0.00377	0.00112	0.00504	0.00341	0.00320	0.00562
3	0.00476	0.00389	0.00420	0.00422	0.00537	0.00333	0.00313	0.00587	0.00910	0.01134	0.18228	0.10490	0.62478	0.00967	0.00461	0.00132	0.00196	0.00821	0.00372	0.00333
4	0.00968	0.21921	0.44887	0.00975	0.01410	0.11923	0.03544	0.03476	0.00887	0.03157	0.00714	0.00880	0.00562	0.00388	0.00346	0.00112	0.00538	0.02586	0.00189	0.00536
5	0.01567	0.00729	0.00928	0.00730	0.01015	0.00687	0.00606	0.18244	0.01229	0.58357	0.01429	0.01484	0.00995	0.00522	0.00399	0.00123	0.00351	0.07201	0.00444	0.02961
6	0.01007	0.00682	0.00844	0.00636	0.00929	0.00577	0.00513	0.01163	0.00853	0.20069	0.00922	0.04317	0.00735	0.00401	0.00402	0.00085	0.07490	0.00310	0.00287	0.57777
7	0.00819	0.00714	0.00922	0.00673	0.01002	0.00570	0.07383	0.04009	0.00848	0.01290	0.00788	0.05684	0.00692	0.00350	0.00317	0.00071	0.00320	0.00303	0.00240	0.73005
8	0.01432	0.01033	0.01116	0.00869	0.01168	0.01140	0.00714	0.69061	0.10851	0.07036	0.01037	0.01010	0.00735	0.00473	0.00389	0.00118	0.00408	0.00361	0.00394	0.00654
9	0.00540	0.00383	0.00496	0.03680	0.00643	0.00375	0.00396	0.00629	0.00752	0.01007	0.05163	0.39737	0.06155	0.20408	0.00821	0.00204	0.00287	0.14180	0.03832	0.00313
10	0.00969	0.00825	0.01339	0.08908	0.49467	0.02023	0.04319	0.01169	0.00883	0.09856	0.03561	0.02900	0.04809	0.00461	0.00465	0.01580	0.05276	0.00402	0.00238	0.00551
11	0.04422	0.00706	0.00828	0.00611	0.00921	0.00590	0.00492	0.00979	0.00779	0.01254	0.00667	0.00801	0.00562	0.00325	0.00372	0.00070	0.07828	0.00239	0.00225	0.77331

[dist]
# distance from previous block
# <min> <max>
0	2

[block]
# block no. 3 follows, 70 sequences, length 24
# corresponding to MSA columns:
# 403-423,427-429
name=unknown_D
#
# <colnr> <probs for GDERKNQSTAVLIFYWHMCP>
#	G	D	E	R	K	N	Q	S	T	A	V	L	I	F	Y	W	H	M	C	P
0	0.02800	0.00785	0.01076	0.06676	0.02392	0.01955	0.09272	0.12758	0.07959	0.34747	0.02648	0.01271	0.00894	0.00467	0.00409	0.00120	0.02289	0.02508	0.02950	0.06025
1	0.00930	0.00915	0.03535	0.04874	0.72054	0.00903	0.01146	0.01183	0.02828	0.01254	0.00804	0.01124	0.00694	0.00391	0.00407	0.00120	0.01983	0.04060	0.00203	0.00592
2	0.00936	0.00874	0.01424	0.11248	0.58851	0.00930	0.01086	0.01196	0.05042	0.02929	0.00761	0.00985	0.00628	0.00396	0.00476	0.00122	0.09364	0.00348	0.00204	0.02200
3	0.00557	0.00412	0.00612	0.00612	0.00677	0.00477	0.00471	0.00683	0.00618	0.00889	0.01038	0.01557	0.00981	0.06286	0.79658	0.02509	0.00996	0.00420	0.00208	0.00338
4	0.01072	0.00698	0.00735	0.00608	0.00801	0.00753	0.00488	0.38948	0.01283	0.01910	0.01109	0.01206	0.00838	0.00458	0.00325	0.00102	0.00295	0.00356	0.47515	0.00500
5	0.01036	0.86609	0.02032	0.00663	0.00995	0.01534	0.00663	0.01161	0.00788	0.00912	0.00539	0.00622	0.00498	0.00332	0.00249	0.00083	0.00415	0.00207	0.00166	0.00498
6	0.00480	0.00396	0.00423	0.00427	0.00544	0.00343	0.00316	0.00606	0.02586	0.01111	0.12827	0.12162	0.64479	0.00975	0.00461	0.00133	0.00200	0.00827	0.00368	0.00336
7	0.01201	0.00951	0.01010	0.00837	0.01098	0.01075	0.00671	0.39566	0.45364	0.02004	0.01277	0.01206	0.00940	0.00498	0.00391	0.00124	0.00363	0.00397	0.00391	0.00635
8	0.89114	0.00750	0.00570	0.00510	0.00750	0.00870	0.00420	0.01140	0.00660	0.01739	0.00540	0.00630	0.00420	0.00360	0.00240	0.00120	0.00300	0.00210	0.00240	0.00420
9	0.00499	0.00380	0.00561	0.00606	0.00651	0.00355	0.05320	0.00582	0.00753	0.01005	0.02055	0.80988	0.02445	0.01161	0.00493	0.00156	0.00251	0.01063	0.00350	0.00327
10	0.00809	0.00823	0.09399	0.00865	0.08908	0.00620	0.05576	0.04806	0.00881	0.02657	0.03074	0.08532	0.06578	0.00466	0.00359	0.00095	0.00349	0.01522	0.00256	0.43427
11	0.15222	0.00719	0.00862	0.00685	0.00967	0.00700	0.00562	0.06667	0.10532	0.56961	0.01345	0.01203	0.00883	0.00466	0.00367	0.00121	0.00328	0.00365	0.00427	0.00617
12	0.01064	0.01082	0.01080	0.04610	0.19003	0.24292	0.00743	0.09705	0.01001	0.01264	0.00777	0.04866	0.00680	0.02255	0.00386	0.00102	0.00463	0.00326	0.00234	0.26067
13	0.00554	0.00414	0.00616	0.00616	0.00683	0.00481	0.00476	0.00688	0.00621	0.00895	0.01044	0.01556	0.00984	0.05649	0.82118	0.00615	0.01017	0.00420	0.00209	0.00342
14	0.00911	0.00808	0.01032	0.13378	0.18260	0.02082	0.00780	0.01607	0.45923	0.02531	0.02752	0.03531	0.03694	0.00503	0.00396	0.00128	0.00367	0.00436	0.00318	0.00564
15	0.01131	0.63956	0.01752	0.00689	0.01005	0.01376	0.00653	0.14831	0.00979	0.05439	0.00688	0.00747	0.00571	0.00367	0.00280	0.00091	0.00402	0.00247	0.04271	0.00527
16	0.00804	0.00689	0.00804	0.00574	0.00919	0.00517	0.00459	0.00976	0.00804	0.01263	0.00689	0.00804	0.00574	0.00287	0.00287	0.00057	0.00287	0.00230	0.00230	0.88745
17	0.00979	0.00899	0.01551	0.06575	0.22147	0.00934	0.27131	0.06686	0.09227	0.06147	0.03332	0.02939	0.00802	0.00439	0.00496	0.00129	0.08369	0.00420	0.00251	0.00548
18	0.01153	0.01064	0.00974	0.00847	0.01081	0.15955	0.00663	0.18151	0.52267	0.01667	0.01274	0.01210	0.00956	0.00491	0.00385	0.00123	0.00401	0.00387	0.00358	0.00594
19	0.10258	0.00991	0.01354	0.20837	0.32269	0.12026	0.08874	0.05007	0.00905	0.01258	0.00694	0.00912	0.00554	0.00374	0.00389	0.00119	0.02128	0.00329	0.00203	0.00520
20	0.00470	0.00345	0.00442	0.00518	0.00557	0.00317	0.00350	0.00542	0.00763	0.00998	0.02396	0.74172	0.14346	0.01181	0.00490	0.00154	0.00221	0.01061	0.00360	0.00317
21	0.00726	0.00681	0.01159	0.67859	0.02337	0.00829	0.05905	0.00963	0.00758	0.00987	0.00739	0.01132	0.00594	0.04403	0.06735	0.00178	0.03050	0.00366	0.00179	0.00421
22	0.00558	0.00400	0.00543	0.00543	0.00585	0.00441	0.00385	0.00641	0.00599	0.00841	0.01111	0.01928	0.01145	0.36219	0.51768	0.00524	0.00774	0.00475	0.00219	0.00302
23	0.01118	0.00751	0.00977	0.00818	0.00967	0.00882	0.00671	0.15632	0.03679	0.21089	0.00981	0.01136	0.00764	0.00990	0.16167	0.00228	0.29381	0.00371	0.02885	0.00512

[dist]
# distance from previous block
# <min> <max>
7	8

[block]
# block no. 4 follows, 70 sequences, length 21
# corresponding to MSA columns:
# 442-462
name=unknown_E
#
# <colnr> <probs for GDERKNQSTAVLIFYWHMCP>
#	G	D	E	R	K	N	Q	S	T	A	V	L	I	F	Y	W	H	M	C	P
0	0.00527	0.00412	0.00473	0.00467	0.00579	0.00370	0.00353	0.03021	0.00972	0.01259	0.30413	0.10163	0.43848	0.00927	0.00463	0.00132	0.00209	0.04679	0.00383	0.00350
1	0.00803	0.00784	0.01294	0.60145	0.17947	0.03387	0.06203	0.01052	0.00816	0.01059	0.00766	0.01066	0.02249	0.00388	0.00392	0.00126	0.00514	0.00359	0.00182	0.00470
2	0.09674	0.02979	0.00951	0.05368	0.01088	0.11877	0.03850	0.12023	0.16276	0.01413	0.01163	0.09088	0.02380	0.00573	0.00427	0.00125	0.04518	0.07892	0.00295	0.08038
3	0.00514	0.00367	0.00485	0.00564	0.00602	0.00350	0.00406	0.00601	0.00763	0.01007	0.02077	0.58177	0.04359	0.09087	0.00640	0.00182	0.00268	0.18888	0.00348	0.00317
4	0.12599	0.00744	0.00826	0.00623	0.00939	0.00664	0.00504	0.10110	0.04585	0.10571	0.00828	0.00880	0.00633	0.00348	0.00308	0.00082	0.00310	0.00267	0.00283	0.53897
5	0.02556	0.00890	0.01257	0.00952	0.01264	0.00879	0.19891	0.26893	0.07710	0.06522	0.01037	0.01236	0.02104	0.00441	0.00390	0.00112	0.00424	0.05125	0.00309	0.20008
6	0.35868	0.37928	0.03533	0.00649	0.00941	0.04128	0.00595	0.07816	0.03306	0.01394	0.00609	0.00683	0.00500	0.00363	0.00268	0.00103	0.00381	0.00230	0.00221	0.00484
7	0.00622	0.00486	0.00663	0.00587	0.00725	0.00454	0.06921	0.02373	0.05354	0.03723	0.41700	0.09068	0.24202	0.00808	0.00454	0.00128	0.00242	0.00713	0.00385	0.00391
8	0.02357	0.18571	0.00964	0.00602	0.00815	0.00736	0.00501	0.02500	0.08908	0.17032	0.31291	0.01819	0.05214	0.00622	0.01977	0.00121	0.00299	0.00476	0.00359	0.04837
9	0.01044	0.01287	0.22032	0.01145	0.05787	0.12263	0.18093	0.04402	0.16291	0.08818	0.01007	0.03365	0.00774	0.00437	0.00398	0.00124	0.00512	0.01398	0.00264	0.00557
10	0.42876	0.03524	0.13521	0.00891	0.02766	0.02777	0.15522	0.07465	0.00858	0.05531	0.00690	0.00797	0.00513	0.00369	0.00322	0.00120	0.00431	0.00289	0.00239	0.00498
11	0.00549	0.00410	0.00603	0.00606	0.00673	0.00470	0.00465	0.00678	0.00632	0.00902	0.01166	0.04620	0.03396	0.06006	0.76265	0.00583	0.00960	0.00457	0.00218	0.00340
12	0.00472	0.00337	0.00450	0.00540	0.00562	0.00315	0.00360	0.00540	0.00742	0.00990	0.02137	0.86122	0.02564	0.01215	0.00495	0.00157	0.00225	0.01102	0.00360	0.00315
13	0.03139	0.01111	0.21530	0.01000	0.08303	0.00853	0.02824	0.18222	0.08692	0.22553	0.01177	0.01278	0.02700	0.00476	0.00391	0.00124	0.00424	0.04275	0.00330	0.00599
14	0.00774	0.00418	0.00561	0.00570	0.00663	0.00379	0.00409	0.00871	0.00860	0.20415	0.09382	0.58851	0.02290	0.01005	0.00467	0.00146	0.00246	0.00900	0.00394	0.00400
15	0.00732	0.00689	0.01163	0.85444	0.02670	0.00861	0.01077	0.00991	0.00775	0.00991	0.00689	0.01034	0.00517	0.00388	0.00388	0.00129	0.00517	0.00345	0.00172	0.00431
16	0.59936	0.00778	0.00845	0.08614	0.18503	0.00871	0.00646	0.01159	0.00730	0.03973	0.00622	0.00756	0.00485	0.00363	0.00288	0.00120	0.00354	0.00256	0.00231	0.00469
17	0.01560	0.07031	0.00957	0.00679	0.00959	0.00642	0.00566	0.03734	0.01079	0.67600	0.05760	0.01351	0.01061	0.00602	0.04462	0.00142	0.00365	0.00393	0.00438	0.00617
18	0.03716	0.03034	0.01064	0.00906	0.01071	0.29798	0.00719	0.09324	0.15847	0.03664	0.00873	0.00978	0.01981	0.00572	0.02708	0.00140	0.22523	0.00332	0.00257	0.00495
19	0.00981	0.00820	0.00812	0.00704	0.00890	0.08865	0.00542	0.22531	0.20336	0.01609	0.14445	0.06565	0.04863	0.07935	0.00534	0.00142	0.00348	0.00495	0.03511	0.03071
20	0.00661	0.03542	0.00659	0.00534	0.00708	0.00472	0.02775	0.00855	0.04755	0.05300	0.30668	0.03903	0.29020	0.00728	0.00419	0.00115	0.00238	0.00623	0.00359	0.13665

[dist]
# distance from previous block
# <min> <max>
0	42

# created by:
# /home/simao/soft/augustus-3.0.3/scripts/msa2prfl.pl ./prep/108655.aln
