[name]
unknown

[dist]
# distance from previous block
# <min> <max>
0	220

[block]
# block no. 0 follows, 87 sequences, length 13
# corresponding to MSA columns:
# 225-237
name=unknown_A
#
# <colnr> <probs for GDERKNQSTAVLIFYWHMCP>
#	G	D	E	R	K	N	Q	S	T	A	V	L	I	F	Y	W	H	M	C	P
0	0.05746	0.00620	0.00923	0.54740	0.07726	0.00725	0.00785	0.10010	0.03654	0.05204	0.03821	0.00996	0.00622	0.00365	0.00325	0.00107	0.00386	0.02641	0.00200	0.00404
1	0.06969	0.00952	0.05118	0.07005	0.08066	0.18533	0.04457	0.15962	0.08740	0.02563	0.00660	0.00780	0.00522	0.00440	0.02624	0.00116	0.15571	0.00277	0.00209	0.00435
2	0.00535	0.06431	0.11525	0.00546	0.00665	0.00448	0.00467	0.03508	0.02968	0.03052	0.01514	0.57792	0.03046	0.00819	0.00383	0.00123	0.00253	0.05325	0.00275	0.00329
3	0.00616	0.00580	0.00978	0.87756	0.02246	0.00724	0.00906	0.00833	0.00652	0.00833	0.00580	0.00869	0.00435	0.00326	0.00326	0.00109	0.00435	0.00290	0.00145	0.00362
4	0.01463	0.00555	0.00757	0.00580	0.00832	0.00479	0.00479	0.01589	0.00933	0.86732	0.01286	0.01110	0.00807	0.00404	0.00328	0.00101	0.00277	0.00328	0.00404	0.00555
5	0.00608	0.00304	0.00304	0.00304	0.00380	0.00304	0.00228	0.00760	0.00684	0.01216	0.01064	0.01216	0.00836	0.00380	0.00228	0.00076	0.00152	0.00304	0.90350	0.00304
6	0.00452	0.00323	0.00442	0.00517	0.00560	0.00312	0.00398	0.00549	0.00679	0.00894	0.01767	0.51976	0.02036	0.00970	0.00431	0.00140	0.00237	0.36735	0.00302	0.00280
7	0.03987	0.00376	0.00426	0.00443	0.00508	0.03924	0.00319	0.00578	0.00766	0.01050	0.35171	0.37624	0.10351	0.00804	0.00388	0.00116	0.00194	0.02367	0.00315	0.00292
8	0.00608	0.00304	0.00304	0.00304	0.00380	0.00304	0.00228	0.00760	0.00684	0.01216	0.01064	0.01216	0.00836	0.00380	0.00228	0.00076	0.00152	0.00304	0.90350	0.00304
9	0.22466	0.00839	0.00852	0.00671	0.00916	0.00938	0.00553	0.62629	0.04092	0.01892	0.00723	0.00737	0.00521	0.00372	0.00297	0.00099	0.00330	0.00268	0.00297	0.00506
10	0.00421	0.00336	0.00430	0.00442	0.00517	0.00302	0.03607	0.00506	0.00699	0.00889	0.06862	0.36724	0.37390	0.03621	0.00441	0.00127	0.00202	0.05909	0.00297	0.00278
11	0.00436	0.00330	0.00403	0.00389	0.00473	0.00296	0.00290	0.00565	0.00857	0.01161	0.58215	0.06787	0.27146	0.00730	0.00386	0.00106	0.00159	0.00635	0.00340	0.00296
12	0.00729	0.00736	0.01401	0.04605	0.37024	0.00718	0.33438	0.00940	0.00744	0.01029	0.02477	0.08425	0.00770	0.00389	0.00363	0.00108	0.00426	0.05049	0.00186	0.00444

[dist]
# distance from previous block
# <min> <max>
0	2

[block]
# block no. 1 follows, 87 sequences, length 13
# corresponding to MSA columns:
# 240-252
name=unknown_B
#
# <colnr> <probs for GDERKNQSTAVLIFYWHMCP>
#	G	D	E	R	K	N	Q	S	T	A	V	L	I	F	Y	W	H	M	C	P
0	0.00813	0.00676	0.00741	0.00632	0.00824	0.00737	0.00498	0.14668	0.46928	0.01361	0.03310	0.06066	0.02471	0.00453	0.00354	0.00101	0.03852	0.00369	0.00300	0.14847
1	0.03663	0.00505	0.00671	0.00583	0.00699	0.00532	0.07520	0.02067	0.10265	0.03274	0.07556	0.08117	0.17856	0.12341	0.02558	0.00149	0.11718	0.03954	0.00254	0.05716
2	0.01990	0.28237	0.08081	0.05731	0.08094	0.14561	0.05676	0.12031	0.02495	0.05666	0.02228	0.00793	0.00562	0.00339	0.00289	0.00090	0.00407	0.02085	0.00198	0.00445
3	0.02216	0.07212	0.11306	0.08357	0.11033	0.00786	0.37059	0.03667	0.02450	0.05219	0.06869	0.00945	0.00689	0.00327	0.00343	0.00103	0.00441	0.00340	0.00192	0.00445
4	0.00474	0.00316	0.00356	0.00356	0.00356	0.00316	0.00198	0.00474	0.00474	0.00632	0.01027	0.02134	0.01186	0.88540	0.01660	0.00316	0.00316	0.00474	0.00198	0.00198
5	0.02384	0.00997	0.33170	0.11813	0.01216	0.03439	0.05818	0.02431	0.04285	0.04306	0.02941	0.04048	0.07076	0.00508	0.02019	0.00120	0.02121	0.10694	0.00207	0.00410
6	0.01660	0.10685	0.02249	0.15802	0.13835	0.06880	0.03501	0.02564	0.05672	0.00910	0.01902	0.04715	0.01652	0.06130	0.19183	0.00204	0.00489	0.01401	0.00187	0.00378
7	0.00801	0.41484	0.19638	0.00767	0.05975	0.09985	0.03962	0.00973	0.00704	0.00869	0.02276	0.00831	0.03380	0.02374	0.03299	0.00106	0.00419	0.01580	0.00159	0.00416
8	0.90843	0.00631	0.00479	0.00429	0.00631	0.00732	0.00353	0.00959	0.00555	0.01463	0.00454	0.00530	0.00353	0.00303	0.00202	0.00101	0.00252	0.00177	0.00202	0.00353
9	0.00593	0.00309	0.00326	0.00326	0.00400	0.00314	0.00246	0.00742	0.00668	0.01169	0.01044	0.01222	0.00834	0.00590	0.09066	0.00121	0.00225	0.00309	0.81192	0.00303
10	0.00714	0.20014	0.19739	0.00597	0.00926	0.00691	0.00603	0.00901	0.00676	0.00992	0.00553	0.00646	0.00454	0.00265	0.00249	0.00065	0.00317	0.00200	0.00169	0.51230
11	0.01243	0.01453	0.00907	0.00814	0.00990	0.78420	0.00615	0.01331	0.00925	0.09526	0.00584	0.00641	0.00459	0.00343	0.00297	0.00086	0.00557	0.00222	0.00192	0.00396
12	0.00645	0.12684	0.00501	0.00339	0.00444	0.00442	0.00274	0.00790	0.00681	0.01153	0.00978	0.01119	0.00777	0.00366	0.00225	0.00075	0.00180	0.00286	0.77721	0.00320

[dist]
# distance from previous block
# <min> <max>
1	10

[block]
# block no. 2 follows, 87 sequences, length 12
# corresponding to MSA columns:
# 263-274
name=unknown_C
#
# <colnr> <probs for GDERKNQSTAVLIFYWHMCP>
#	G	D	E	R	K	N	Q	S	T	A	V	L	I	F	Y	W	H	M	C	P
0	0.10464	0.04038	0.04501	0.18569	0.07302	0.07857	0.03674	0.05126	0.09341	0.04411	0.07690	0.01000	0.00766	0.00367	0.00305	0.00096	0.00350	0.02434	0.00219	0.11488
1	0.01737	0.32946	0.24340	0.04320	0.02447	0.02120	0.01668	0.02887	0.02839	0.03306	0.17392	0.01006	0.00968	0.00376	0.00290	0.00091	0.00352	0.00295	0.00200	0.00421
2	0.00864	0.03830	0.00994	0.13048	0.09279	0.13945	0.10600	0.10871	0.03110	0.07164	0.02732	0.03197	0.00785	0.09552	0.00490	0.00126	0.02235	0.06549	0.00222	0.00406
3	0.00530	0.00383	0.00450	0.00417	0.00526	0.00356	0.00317	0.03009	0.06256	0.05561	0.45408	0.02489	0.31696	0.00687	0.00377	0.00105	0.00176	0.00588	0.00339	0.00329
4	0.07561	0.02622	0.06096	0.00646	0.00807	0.03984	0.09514	0.06085	0.00714	0.06947	0.04483	0.03940	0.05132	0.04175	0.30984	0.00261	0.00535	0.04930	0.00223	0.00361
5	0.00788	0.30073	0.29568	0.00730	0.01040	0.00940	0.02572	0.08705	0.11413	0.01071	0.03620	0.00798	0.00611	0.00431	0.03941	0.00111	0.02682	0.00261	0.00190	0.00454
6	0.00609	0.00331	0.00347	0.00341	0.00416	0.00344	0.00256	0.00785	0.04231	0.01176	0.01053	0.01239	0.00845	0.03518	0.03369	0.00103	0.02099	0.00314	0.78314	0.00310
7	0.00861	0.00725	0.00766	0.00674	0.00867	0.00834	0.00528	0.11518	0.76050	0.01445	0.01264	0.01166	0.00944	0.00436	0.00331	0.00109	0.00270	0.00360	0.00331	0.00521
8	0.01128	0.00844	0.00901	0.00705	0.00947	0.00929	0.00578	0.71113	0.08146	0.01894	0.01054	0.01030	0.08345	0.00435	0.00332	0.00100	0.00333	0.00335	0.00325	0.00526
9	0.02941	0.00780	0.02840	0.00720	0.00979	0.04913	0.11329	0.23812	0.09917	0.07817	0.00817	0.04180	0.00639	0.00357	0.00309	0.00087	0.00337	0.00303	0.00258	0.26664
10	0.00963	0.00869	0.00810	0.02971	0.02980	0.20504	0.00549	0.34262	0.03817	0.01419	0.17693	0.04474	0.01109	0.00575	0.05415	0.00123	0.00394	0.00363	0.00278	0.00432
11	0.00465	0.00320	0.00368	0.00368	0.00383	0.00320	0.00220	0.00483	0.00503	0.00666	0.01220	0.02150	0.08852	0.73091	0.09023	0.00316	0.00351	0.00483	0.00205	0.00213

[dist]
# distance from previous block
# <min> <max>
0	1

[block]
# block no. 3 follows, 87 sequences, length 8
# corresponding to MSA columns:
# 276-283
name=unknown_D
#
# <colnr> <probs for GDERKNQSTAVLIFYWHMCP>
#	G	D	E	R	K	N	Q	S	T	A	V	L	I	F	Y	W	H	M	C	P
0	0.84806	0.00607	0.00473	0.00431	0.00620	0.00700	0.00350	0.00925	0.00560	0.01421	0.00544	0.06390	0.00474	0.00351	0.00216	0.00103	0.00248	0.00227	0.00209	0.00347
1	0.00450	0.00343	0.00450	0.00474	0.00542	0.00322	0.02279	0.00571	0.02733	0.00962	0.16016	0.34409	0.19196	0.02869	0.00437	0.00130	0.00213	0.17007	0.00307	0.00289
2	0.00422	0.00333	0.00382	0.00381	0.00474	0.00293	0.00290	0.00533	0.00801	0.01032	0.31602	0.05874	0.48919	0.00783	0.00391	0.00111	0.00172	0.06597	0.00322	0.00288
3	0.08503	0.00667	0.05186	0.00607	0.00850	0.00606	0.00516	0.10436	0.11485	0.52763	0.01125	0.01056	0.00760	0.03488	0.00364	0.00109	0.00294	0.00318	0.00349	0.00517
4	0.00535	0.00348	0.00467	0.00502	0.00573	0.00329	0.00394	0.00648	0.00751	0.07521	0.16750	0.32474	0.06014	0.00860	0.00415	0.00130	0.00228	0.30434	0.00319	0.00308
5	0.07802	0.00532	0.00601	0.03457	0.03741	0.06000	0.00486	0.02803	0.05663	0.11936	0.01376	0.04054	0.05807	0.02486	0.00386	0.00122	0.00294	0.32470	0.09619	0.00365
6	0.02816	0.29373	0.06118	0.00804	0.07875	0.08833	0.03380	0.27518	0.02598	0.04156	0.03167	0.00744	0.00572	0.00341	0.00286	0.00089	0.00379	0.00256	0.00223	0.00472
7	0.00736	0.04119	0.03582	0.00573	0.00850	0.06054	0.03250	0.00975	0.10320	0.01067	0.00657	0.00733	0.00532	0.00275	0.00261	0.00062	0.00288	0.00221	0.00202	0.65243

[dist]
# distance from previous block
# <min> <max>
4	5

[block]
# block no. 4 follows, 87 sequences, length 32
# corresponding to MSA columns:
# 289-320
name=unknown_E
#
# <colnr> <probs for GDERKNQSTAVLIFYWHMCP>
#	G	D	E	R	K	N	Q	S	T	A	V	L	I	F	Y	W	H	M	C	P
0	0.04746	0.00354	0.00444	0.00414	0.00503	0.00332	0.00313	0.00656	0.00901	0.03802	0.77581	0.02326	0.05110	0.00646	0.00374	0.00103	0.00162	0.00565	0.00351	0.00316
1	0.07995	0.00556	0.00691	0.00544	0.00769	0.00518	0.00446	0.08506	0.00921	0.61169	0.01150	0.01054	0.00756	0.00392	0.00304	0.00097	0.00265	0.00310	0.13052	0.00504
2	0.00743	0.00760	0.05250	0.27243	0.57647	0.00759	0.00982	0.00953	0.00713	0.00995	0.00602	0.00820	0.00488	0.00302	0.00323	0.00101	0.00406	0.00288	0.00155	0.00469
3	0.00562	0.00301	0.00457	0.04544	0.00520	0.00312	0.00320	0.00454	0.00442	0.00591	0.00586	0.01004	0.00576	0.01177	0.06579	0.80655	0.00327	0.00288	0.00144	0.00161
4	0.00693	0.00756	0.01594	0.01177	0.01444	0.00708	0.67022	0.00925	0.00746	0.01005	0.00953	0.14231	0.03695	0.00425	0.00392	0.00115	0.00475	0.03046	0.00195	0.00404
5	0.03437	0.00637	0.00970	0.67391	0.06417	0.01792	0.00848	0.10638	0.00761	0.01009	0.00628	0.00910	0.00485	0.00345	0.00325	0.00107	0.00416	0.02319	0.00173	0.00391
6	0.00432	0.00340	0.00393	0.00405	0.00487	0.00311	0.00297	0.00570	0.05320	0.00989	0.20768	0.25058	0.39601	0.00824	0.00392	0.00115	0.00177	0.02913	0.00316	0.00293
7	0.06511	0.38805	0.09437	0.00710	0.02225	0.14698	0.02864	0.15405	0.04646	0.01097	0.00577	0.00638	0.00466	0.00319	0.00263	0.00085	0.00397	0.00223	0.00189	0.00444
8	0.15977	0.00838	0.03328	0.22218	0.09723	0.11361	0.06080	0.14623	0.04561	0.02074	0.00637	0.00793	0.00494	0.00348	0.00335	0.00103	0.03875	0.01152	0.00202	0.01280
9	0.00557	0.00454	0.00558	0.05022	0.05514	0.05562	0.00403	0.01634	0.00568	0.00769	0.00898	0.03592	0.00914	0.33299	0.33931	0.00340	0.02033	0.00391	0.03280	0.00283
10	0.00635	0.00481	0.00658	0.07701	0.08912	0.00486	0.03017	0.02135	0.12218	0.06322	0.33871	0.03468	0.10926	0.00554	0.00356	0.00104	0.00240	0.02089	0.05452	0.00378
11	0.00790	0.00641	0.00924	0.11515	0.25568	0.00583	0.01557	0.02025	0.00729	0.09261	0.00660	0.00782	0.00519	0.00284	0.00286	0.00076	0.00315	0.00249	0.00200	0.43037
12	0.90843	0.00631	0.00479	0.00429	0.00631	0.00732	0.00353	0.00959	0.00555	0.01463	0.00454	0.00530	0.00353	0.00303	0.00202	0.00101	0.00252	0.00177	0.00202	0.00353
13	0.00487	0.00361	0.00444	0.00459	0.00541	0.00348	0.00357	0.00669	0.06993	0.01086	0.28995	0.14933	0.17306	0.00767	0.00392	0.00118	0.00202	0.19908	0.05324	0.00309
14	0.00466	0.00349	0.00524	0.00524	0.00582	0.00408	0.00408	0.00582	0.00524	0.00757	0.00873	0.01281	0.00815	0.02446	0.87248	0.00524	0.00873	0.00349	0.00175	0.00291
15	0.01463	0.00555	0.00757	0.00580	0.00832	0.00479	0.00479	0.01589	0.00933	0.86732	0.01286	0.01110	0.00807	0.00404	0.00328	0.00101	0.00277	0.00328	0.00404	0.00555
16	0.00489	0.00376	0.00434	0.00416	0.00521	0.00353	0.00318	0.00692	0.09595	0.02839	0.37910	0.02629	0.36906	0.00714	0.00381	0.00109	0.00178	0.04486	0.00331	0.00320
17	0.00948	0.00798	0.01122	0.10591	0.33646	0.00859	0.03791	0.35042	0.03302	0.01448	0.03056	0.00860	0.00604	0.00354	0.00343	0.00100	0.02089	0.00305	0.00236	0.00504
18	0.00455	0.00333	0.00427	0.00404	0.00483	0.00305	0.00303	0.00603	0.00908	0.01272	0.79376	0.02495	0.10057	0.00680	0.00385	0.00103	0.00155	0.00598	0.00354	0.00305
19	0.00969	0.13546	0.08061	0.00791	0.05556	0.09570	0.02468	0.24310	0.23571	0.03577	0.01694	0.00874	0.00662	0.00421	0.02412	0.00107	0.00378	0.00291	0.00256	0.00488
20	0.90843	0.00631	0.00479	0.00429	0.00631	0.00732	0.00353	0.00959	0.00555	0.01463	0.00454	0.00530	0.00353	0.00303	0.00202	0.00101	0.00252	0.00177	0.00202	0.00353
21	0.00722	0.00652	0.02550	0.40534	0.10248	0.02231	0.05937	0.08877	0.05863	0.03429	0.07183	0.03653	0.04468	0.00402	0.00337	0.00106	0.00374	0.00358	0.01670	0.00406
22	0.00422	0.00294	0.00388	0.00454	0.00483	0.00273	0.00308	0.00485	0.00645	0.02499	0.04257	0.79717	0.05022	0.00991	0.00413	0.00131	0.00191	0.02449	0.00306	0.00273
23	0.00740	0.03207	0.00737	0.00515	0.00799	0.02380	0.00416	0.07838	0.00752	0.01130	0.00591	0.00679	0.00486	0.00257	0.00249	0.00054	0.00262	0.00201	0.00202	0.78505
24	0.01768	0.13074	0.15149	0.00758	0.02613	0.05169	0.12451	0.08858	0.01811	0.09608	0.03037	0.01006	0.08274	0.00364	0.00306	0.00090	0.00365	0.00307	0.00220	0.14772
25	0.19296	0.24523	0.19324	0.02110	0.05077	0.05916	0.00700	0.05027	0.02225	0.02026	0.00538	0.00643	0.00436	0.00363	0.01457	0.00102	0.09423	0.00223	0.00171	0.00422
26	0.00462	0.00345	0.00409	0.00397	0.00486	0.00315	0.00299	0.00593	0.02561	0.02595	0.39752	0.02677	0.34628	0.06321	0.02259	0.00130	0.00195	0.04957	0.00321	0.00296
27	0.00459	0.00426	0.05074	0.04341	0.02202	0.00353	0.00377	0.00607	0.02472	0.01062	0.35908	0.11668	0.31149	0.01960	0.00398	0.00112	0.00200	0.00616	0.00306	0.00310
28	0.09459	0.12051	0.10179	0.25823	0.05062	0.01902	0.03735	0.08153	0.02413	0.10045	0.03903	0.00899	0.00614	0.00358	0.00322	0.00101	0.02494	0.01851	0.00208	0.00427
29	0.00758	0.19426	0.32558	0.00724	0.01018	0.01706	0.03229	0.04529	0.05850	0.07362	0.01643	0.13476	0.00799	0.00492	0.02426	0.00112	0.01402	0.01849	0.00208	0.00435
30	0.00437	0.00305	0.00405	0.00468	0.00505	0.00285	0.00333	0.00512	0.00663	0.02643	0.04849	0.68578	0.06114	0.00971	0.00416	0.00132	0.00203	0.11595	0.00306	0.00277
31	0.00781	0.01078	0.32573	0.05200	0.30979	0.02107	0.02138	0.02354	0.00738	0.06613	0.00642	0.00766	0.00488	0.00302	0.00309	0.00094	0.00404	0.00262	0.00174	0.11998

[dist]
# distance from previous block
# <min> <max>
0	5

[block]
# block no. 5 follows, 87 sequences, length 8
# corresponding to MSA columns:
# 326-333
name=unknown_F
#
# <colnr> <probs for GDERKNQSTAVLIFYWHMCP>
#	G	D	E	R	K	N	Q	S	T	A	V	L	I	F	Y	W	H	M	C	P
0	0.07511	0.00616	0.01727	0.14625	0.06919	0.04075	0.02870	0.05188	0.08500	0.05800	0.13968	0.04499	0.10175	0.00523	0.01860	0.00114	0.07676	0.00399	0.00249	0.02704
1	0.00498	0.00374	0.00530	0.00525	0.00593	0.00433	0.00408	0.00677	0.06973	0.00823	0.00916	0.01273	0.00830	0.02201	0.76764	0.00473	0.00794	0.00349	0.04256	0.00309
2	0.00621	0.00565	0.00896	0.30340	0.27871	0.00610	0.00733	0.00814	0.02850	0.00965	0.08615	0.01413	0.13116	0.00588	0.06721	0.00136	0.00381	0.02173	0.00202	0.00390
3	0.00965	0.00817	0.07115	0.00632	0.00913	0.05727	0.00544	0.26048	0.03317	0.10930	0.00735	0.00767	0.00546	0.00320	0.00287	0.00077	0.00319	0.00247	0.00254	0.39440
4	0.00694	0.00674	0.00947	0.71485	0.01991	0.08737	0.00839	0.05149	0.00721	0.00892	0.00636	0.04650	0.00514	0.00361	0.00327	0.00107	0.00434	0.00310	0.00163	0.00369
5	0.00862	0.53986	0.01494	0.00706	0.00962	0.04927	0.12278	0.05976	0.07004	0.00943	0.00670	0.00896	0.00597	0.00350	0.00273	0.00087	0.00377	0.07005	0.00182	0.00425
6	0.20387	0.00761	0.07121	0.24750	0.05805	0.05791	0.02609	0.01123	0.19716	0.03406	0.00818	0.02425	0.01931	0.00374	0.00303	0.00106	0.00353	0.01589	0.00216	0.00416
7	0.01087	0.20048	0.01065	0.00667	0.00913	0.00970	0.00567	0.46400	0.10662	0.08388	0.05406	0.00889	0.00729	0.00388	0.00305	0.00094	0.00328	0.00294	0.00294	0.00507

[dist]
# distance from previous block
# <min> <max>
0	27

# created by:
# /home/simao/soft/augustus-3.0.3/scripts/msa2prfl.pl ./prep/110661.aln
