[name]
unknown

[dist]
# distance from previous block
# <min> <max>
11	276

[block]
# block no. 0 follows, 86 sequences, length 8
# corresponding to MSA columns:
# 349-356
name=unknown_A
#
# <colnr> <probs for GDERKNQSTAVLIFYWHMCP>
#	G	D	E	R	K	N	Q	S	T	A	V	L	I	F	Y	W	H	M	C	P
0	0.05187	0.11892	0.09012	0.05330	0.09325	0.09510	0.03993	0.11218	0.04972	0.02868	0.02438	0.02514	0.08537	0.00444	0.02443	0.00105	0.01434	0.00315	0.00216	0.08248
1	0.05294	0.02068	0.03432	0.10383	0.08645	0.09975	0.02848	0.00766	0.00679	0.02172	0.02427	0.34008	0.01189	0.01955	0.06798	0.00146	0.02607	0.00529	0.00226	0.03852
2	0.02578	0.02404	0.02590	0.06920	0.05994	0.10233	0.02741	0.06867	0.10122	0.08175	0.00790	0.03607	0.00639	0.00350	0.00296	0.00083	0.00333	0.01671	0.00231	0.33376
3	0.00471	0.00349	0.00513	0.00513	0.00566	0.00402	0.00391	0.00577	0.00524	0.00752	0.00897	0.01377	0.00859	0.10806	0.78839	0.00509	0.00827	0.00365	0.00179	0.00285
4	0.00554	0.00420	0.00533	0.05006	0.00622	0.00466	0.00376	0.06178	0.03057	0.00858	0.03753	0.10815	0.04090	0.36836	0.15660	0.00272	0.07319	0.02675	0.00223	0.00286
5	0.00433	0.00335	0.00395	0.00380	0.00472	0.00297	0.00285	0.00558	0.00855	0.01137	0.50993	0.02760	0.38432	0.00741	0.00389	0.00107	0.00160	0.00638	0.00338	0.00297
6	0.04258	0.06741	0.12730	0.24950	0.04186	0.03785	0.05946	0.10514	0.02371	0.07163	0.00676	0.00807	0.00506	0.00332	0.00319	0.00097	0.02023	0.00272	0.03020	0.09304
7	0.00625	0.00583	0.00979	0.73850	0.09947	0.00705	0.00882	0.00831	0.00665	0.00863	0.00671	0.06733	0.00563	0.00373	0.00335	0.00110	0.00418	0.00336	0.00158	0.00374

[dist]
# distance from previous block
# <min> <max>
0	2

[block]
# block no. 1 follows, 86 sequences, length 11
# corresponding to MSA columns:
# 359-369
name=unknown_B
#
# <colnr> <probs for GDERKNQSTAVLIFYWHMCP>
#	G	D	E	R	K	N	Q	S	T	A	V	L	I	F	Y	W	H	M	C	P
0	0.00975	0.00812	0.00857	0.04980	0.04783	0.06936	0.00594	0.22363	0.47152	0.05315	0.01074	0.01034	0.00796	0.00412	0.00330	0.00105	0.00325	0.00333	0.00308	0.00515
1	0.00794	0.00674	0.02951	0.21238	0.24293	0.00679	0.00731	0.06067	0.07404	0.07472	0.00805	0.00943	0.03389	0.00385	0.00382	0.04171	0.02837	0.00299	0.00208	0.14276
2	0.00882	0.07767	0.00820	0.02486	0.02377	0.22724	0.00523	0.14805	0.10302	0.01093	0.02794	0.05144	0.00895	0.12592	0.03065	0.00144	0.01782	0.07048	0.02368	0.00389
3	0.13098	0.00814	0.00944	0.00854	0.06104	0.13269	0.06001	0.05511	0.00681	0.03965	0.00584	0.02214	0.00519	0.02561	0.05561	0.00146	0.36314	0.00289	0.00183	0.00387
4	0.02492	0.00874	0.02490	0.04727	0.01032	0.23780	0.14296	0.07794	0.02271	0.01037	0.05462	0.11238	0.01044	0.00539	0.00404	0.00113	0.05331	0.14466	0.00230	0.00378
5	0.00450	0.00344	0.00482	0.00495	0.00550	0.00325	0.05104	0.00539	0.02668	0.00875	0.06503	0.53853	0.12617	0.05535	0.02565	0.04321	0.00237	0.01971	0.00285	0.00279
6	0.00683	0.00585	0.00683	0.00488	0.00780	0.00439	0.00390	0.00829	0.00683	0.01073	0.00585	0.00683	0.00488	0.00244	0.00244	0.00049	0.00244	0.00195	0.00195	0.90444
7	0.00449	0.00331	0.00419	0.00407	0.00484	0.00302	0.00302	0.00585	0.00878	0.01214	0.66587	0.10568	0.14794	0.00729	0.00391	0.00107	0.00160	0.00641	0.00349	0.00302
8	0.00470	0.00351	0.00518	0.00517	0.00574	0.00403	0.00398	0.00586	0.00549	0.00789	0.05404	0.01386	0.00957	0.05467	0.79461	0.00499	0.00823	0.00370	0.00187	0.00291
9	0.01957	0.00631	0.05290	0.04154	0.07912	0.00625	0.02993	0.09783	0.18710	0.02071	0.02946	0.27339	0.04651	0.00634	0.01491	0.00120	0.05364	0.00523	0.00271	0.02535
10	0.00763	0.24771	0.20946	0.06266	0.11247	0.02779	0.00745	0.02286	0.02076	0.05382	0.09058	0.08369	0.00878	0.00415	0.00325	0.00098	0.02632	0.00335	0.00200	0.00430

[dist]
# distance from previous block
# <min> <max>
4	15

[block]
# block no. 2 follows, 86 sequences, length 26
# corresponding to MSA columns:
# 386-411
name=unknown_C
#
# <colnr> <probs for GDERKNQSTAVLIFYWHMCP>
#	G	D	E	R	K	N	Q	S	T	A	V	L	I	F	Y	W	H	M	C	P
0	0.00714	0.00655	0.01036	0.35315	0.25286	0.03232	0.05736	0.02965	0.02360	0.02889	0.09232	0.05910	0.00851	0.00394	0.00340	0.00105	0.00382	0.00363	0.00198	0.02037
1	0.00666	0.00670	0.06575	0.10049	0.15450	0.00637	0.12114	0.01621	0.02733	0.02902	0.06557	0.04087	0.11498	0.03217	0.01474	0.01747	0.10136	0.01886	0.02139	0.03840
2	0.00505	0.00444	0.03523	0.02186	0.00671	0.00406	0.05883	0.01688	0.05217	0.00946	0.08493	0.25630	0.19150	0.05631	0.04839	0.02858	0.01310	0.10036	0.00275	0.00310
3	0.00764	0.00650	0.00697	0.00630	0.00799	0.00740	0.00488	0.01574	0.72622	0.01368	0.14504	0.01419	0.01331	0.00482	0.00343	0.00110	0.00244	0.00407	0.00339	0.00488
4	0.00611	0.00727	0.17292	0.06887	0.13712	0.00552	0.03486	0.00856	0.06721	0.03009	0.18536	0.17904	0.05600	0.00565	0.00369	0.00111	0.01161	0.01255	0.00251	0.00395
5	0.00410	0.00331	0.00365	0.00363	0.00459	0.00286	0.00270	0.00510	0.00790	0.00999	0.24901	0.08729	0.58826	0.00805	0.00391	0.00111	0.00165	0.00685	0.00320	0.00286
6	0.02952	0.00676	0.01110	0.51817	0.24064	0.02696	0.06076	0.00916	0.00692	0.02125	0.00609	0.00868	0.00479	0.01754	0.00362	0.00110	0.01826	0.00297	0.00158	0.00411
7	0.02859	0.00827	0.01150	0.18481	0.49369	0.12273	0.00891	0.00991	0.00732	0.00978	0.00594	0.00803	0.00495	0.00397	0.03408	0.00116	0.04740	0.00282	0.00161	0.00453
8	0.00448	0.00362	0.00402	0.00387	0.00492	0.00329	0.00292	0.00620	0.07049	0.01081	0.33221	0.02769	0.49866	0.00747	0.00385	0.00108	0.00169	0.00635	0.00328	0.00308
9	0.00780	0.16990	0.29837	0.05056	0.05753	0.00897	0.14932	0.03565	0.01897	0.03847	0.00607	0.00747	0.00472	0.00343	0.00407	0.00104	0.11668	0.00273	0.01375	0.00450
10	0.90757	0.00637	0.00484	0.00433	0.00637	0.00738	0.00356	0.00968	0.00560	0.01477	0.00458	0.00535	0.00356	0.00306	0.00204	0.00102	0.00255	0.00178	0.00204	0.00356
11	0.00929	0.74328	0.01606	0.00632	0.02728	0.10744	0.00583	0.03707	0.00728	0.00826	0.00477	0.00550	0.00429	0.00292	0.00227	0.00073	0.00380	0.00186	0.00150	0.00424
12	0.01513	0.00397	0.00476	0.02965	0.02674	0.00370	0.00351	0.02196	0.02242	0.07262	0.12897	0.16418	0.42199	0.00746	0.00394	0.00112	0.02079	0.01655	0.00306	0.02748
13	0.00726	0.07856	0.02121	0.02706	0.02072	0.05966	0.03720	0.04694	0.02536	0.06455	0.04504	0.04699	0.04712	0.06515	0.02042	0.32777	0.02866	0.02526	0.00208	0.00300
14	0.01027	0.03480	0.05375	0.00908	0.12305	0.00614	0.14640	0.03061	0.03133	0.36312	0.01103	0.06908	0.02544	0.04676	0.00410	0.00116	0.00349	0.02275	0.00288	0.00478
15	0.00432	0.00295	0.00378	0.00439	0.00462	0.00281	0.00293	0.00492	0.00619	0.00848	0.01653	0.67436	0.01937	0.12459	0.00572	0.00154	0.00209	0.03634	0.07144	0.00263
16	0.00757	0.04001	0.23761	0.28171	0.07397	0.03360	0.07481	0.01007	0.02195	0.08747	0.02577	0.02283	0.02103	0.00360	0.00343	0.00105	0.02388	0.00309	0.02221	0.00432
17	0.00895	0.11838	0.13305	0.07040	0.20511	0.17464	0.06841	0.04590	0.05755	0.04079	0.00677	0.03043	0.00551	0.00345	0.00323	0.00097	0.01720	0.00286	0.00186	0.00455
18	0.00848	0.55788	0.19447	0.02322	0.04439	0.01085	0.03076	0.02450	0.00707	0.04707	0.00568	0.02220	0.00480	0.00311	0.00255	0.00083	0.00383	0.00226	0.00160	0.00445
19	0.00415	0.00301	0.00393	0.00451	0.00488	0.00279	0.00314	0.00491	0.00683	0.00910	0.12178	0.66599	0.08835	0.00966	0.00416	0.00129	0.00191	0.05372	0.00312	0.00275
20	0.00825	0.01890	0.07778	0.21672	0.21593	0.00686	0.11504	0.04093	0.00784	0.14112	0.03426	0.04841	0.03500	0.00385	0.00340	0.00105	0.00386	0.00356	0.01274	0.00450
21	0.01717	0.10592	0.17648	0.04014	0.15053	0.06992	0.07441	0.08917	0.03204	0.09189	0.03627	0.04898	0.00692	0.00419	0.02290	0.00108	0.00407	0.00317	0.00214	0.02258
22	0.00706	0.06579	0.00713	0.02648	0.01885	0.00556	0.02727	0.04944	0.04166	0.11603	0.06471	0.09091	0.01081	0.18312	0.20820	0.00248	0.06435	0.00422	0.00241	0.00352
23	0.00447	0.00347	0.00414	0.00463	0.00499	0.02704	0.00317	0.00530	0.02730	0.00869	0.06376	0.66263	0.08212	0.06161	0.00496	0.00140	0.01629	0.00828	0.00297	0.00277
24	0.13885	0.02794	0.20377	0.04393	0.09971	0.01904	0.03486	0.10258	0.02448	0.03459	0.00691	0.01942	0.00567	0.04813	0.00364	0.00105	0.00360	0.02163	0.00203	0.15817
25	0.03516	0.03434	0.22174	0.05553	0.08776	0.10484	0.04500	0.02838	0.02265	0.00997	0.01989	0.09484	0.06896	0.02998	0.00391	0.00109	0.03150	0.03225	0.00199	0.07019

[dist]
# distance from previous block
# <min> <max>
2	41

[block]
# block no. 3 follows, 86 sequences, length 28
# corresponding to MSA columns:
# 453-480
name=unknown_D
#
# <colnr> <probs for GDERKNQSTAVLIFYWHMCP>
#	G	D	E	R	K	N	Q	S	T	A	V	L	I	F	Y	W	H	M	C	P
0	0.00673	0.00496	0.00568	0.01885	0.00660	0.00516	0.00394	0.10002	0.21181	0.03405	0.13805	0.05672	0.16798	0.02949	0.02615	0.10127	0.00254	0.00463	0.04279	0.03259
1	0.00750	0.02932	0.04457	0.19786	0.14139	0.00763	0.17919	0.04304	0.11390	0.03416	0.02263	0.01084	0.03401	0.00470	0.03906	0.00127	0.05678	0.02576	0.00204	0.00435
2	0.00481	0.00356	0.00439	0.00446	0.02860	0.00326	0.00318	0.00627	0.02967	0.02694	0.46489	0.10430	0.25686	0.00719	0.00382	0.00107	0.00173	0.00625	0.03561	0.00313
3	0.00956	0.08994	0.00931	0.03049	0.05203	0.42359	0.00598	0.03247	0.02950	0.01968	0.10554	0.03277	0.03798	0.00441	0.00391	0.00097	0.09156	0.01439	0.00207	0.00384
4	0.01938	0.01071	0.37456	0.07224	0.03810	0.00678	0.06254	0.06574	0.02255	0.03240	0.03374	0.05285	0.02840	0.00424	0.00351	0.00106	0.02327	0.06615	0.00202	0.07976
5	0.00586	0.00493	0.00768	0.00657	0.00783	0.00485	0.16144	0.03844	0.06444	0.02447	0.23640	0.24531	0.05597	0.03852	0.00459	0.00123	0.03084	0.03793	0.00288	0.01982
6	0.07318	0.00752	0.00831	0.05061	0.05346	0.05692	0.01724	0.21228	0.25788	0.15018	0.03734	0.02111	0.00809	0.00409	0.00322	0.00103	0.00319	0.00330	0.02614	0.00493
7	0.38565	0.02138	0.00871	0.07332	0.13115	0.11622	0.08850	0.03687	0.00711	0.01221	0.00613	0.00819	0.00505	0.00339	0.00276	0.00101	0.00362	0.03782	0.04696	0.00395
8	0.00709	0.00669	0.01050	0.04533	0.22455	0.00749	0.11612	0.03004	0.07629	0.00991	0.01967	0.04039	0.06204	0.05865	0.03298	0.00141	0.22472	0.00375	0.01828	0.00408
9	0.00414	0.00325	0.00374	0.00383	0.00465	0.00285	0.00279	0.00513	0.00778	0.01004	0.27059	0.20634	0.44659	0.00828	0.00395	0.00114	0.00168	0.00716	0.00322	0.00285
10	0.02808	0.02519	0.08716	0.13401	0.11012	0.04635	0.03822	0.00778	0.02412	0.00976	0.08916	0.08263	0.22010	0.00569	0.00386	0.02762	0.01326	0.01846	0.02486	0.00360
11	0.00455	0.00354	0.00389	0.00379	0.00473	0.00323	0.00278	0.02648	0.02904	0.01009	0.20939	0.06155	0.48803	0.08940	0.01509	0.00133	0.00194	0.00628	0.03196	0.00291
12	0.05273	0.02399	0.05282	0.12764	0.60470	0.02090	0.00944	0.02116	0.01736	0.01065	0.00608	0.00797	0.00499	0.00309	0.00333	0.00100	0.02282	0.00283	0.00165	0.00485
13	0.90757	0.00637	0.00484	0.00433	0.00637	0.00738	0.00356	0.00968	0.00560	0.01477	0.00458	0.00535	0.00356	0.00306	0.00204	0.00102	0.00255	0.00178	0.00204	0.00356
14	0.00836	0.27550	0.02359	0.05917	0.00935	0.12767	0.04400	0.00937	0.00673	0.06235	0.00659	0.06072	0.00602	0.00596	0.06296	0.05413	0.15611	0.00294	0.01470	0.00377
15	0.00603	0.02735	0.00691	0.12413	0.00838	0.00580	0.00499	0.00698	0.00604	0.03575	0.08629	0.05167	0.03705	0.12034	0.14976	0.04707	0.20974	0.00390	0.03541	0.02642
16	0.00666	0.07155	0.03509	0.07775	0.16632	0.00590	0.02649	0.02721	0.05940	0.04514	0.32978	0.02922	0.04712	0.00566	0.03581	0.00117	0.00302	0.00430	0.00266	0.01975
17	0.00871	0.07946	0.16886	0.04696	0.10042	0.14632	0.04931	0.05074	0.03954	0.07904	0.04490	0.03294	0.00696	0.00415	0.02119	0.00104	0.02102	0.01369	0.00208	0.08267
18	0.00720	0.07885	0.35976	0.03531	0.02639	0.02041	0.09849	0.00973	0.01912	0.08064	0.05718	0.06723	0.05377	0.01226	0.02149	0.00117	0.01794	0.02669	0.00206	0.00430
19	0.00479	0.00344	0.00418	0.00408	0.00496	0.00311	0.00303	0.00612	0.02513	0.04371	0.43957	0.15393	0.27657	0.00760	0.00390	0.00110	0.00171	0.00661	0.00338	0.00308
20	0.02015	0.00803	0.10059	0.04260	0.45865	0.01882	0.03546	0.04042	0.03516	0.03689	0.08831	0.01206	0.03492	0.00395	0.00340	0.00104	0.00366	0.04910	0.00210	0.00469
21	0.00820	0.08596	0.17456	0.08001	0.21148	0.02550	0.13430	0.03974	0.03950	0.07661	0.00726	0.03631	0.00581	0.00404	0.02530	0.00114	0.03459	0.00314	0.00191	0.00464
22	0.00542	0.00316	0.00419	0.00414	0.00439	0.00314	0.00276	0.00519	0.00533	0.03228	0.07936	0.04784	0.03584	0.28275	0.08470	0.36489	0.00325	0.00415	0.02513	0.00212
23	0.00435	0.00302	0.00396	0.00459	0.00491	0.00282	0.00316	0.00499	0.00646	0.02665	0.01854	0.72352	0.06956	0.04706	0.00472	0.00141	0.00204	0.06248	0.00303	0.00274
24	0.02098	0.08805	0.06595	0.02164	0.04848	0.01736	0.07344	0.10127	0.06756	0.06513	0.04691	0.19478	0.03882	0.00710	0.06956	0.00143	0.02219	0.04278	0.00256	0.00403
25	0.04755	0.16235	0.26661	0.01702	0.10149	0.03496	0.02287	0.16067	0.05697	0.05992	0.00719	0.00844	0.00558	0.00352	0.00303	0.00098	0.00395	0.02998	0.00211	0.00482
26	0.00779	0.00748	0.02450	0.20735	0.39781	0.04820	0.05547	0.02975	0.06151	0.02943	0.03448	0.03430	0.00680	0.02616	0.00378	0.00109	0.01433	0.00332	0.00191	0.00453
27	0.59250	0.00619	0.00539	0.02996	0.03129	0.03916	0.00389	0.03469	0.00607	0.01268	0.00677	0.00960	0.03001	0.14822	0.00482	0.00139	0.01547	0.01644	0.00206	0.00340

[dist]
# distance from previous block
# <min> <max>
0	15

# created by:
# /home/simao/soft/augustus-3.0.3/scripts/msa2prfl.pl ./prep/111440.aln
