[name]
unknown

[dist]
# distance from previous block
# <min> <max>
1	57

[block]
# block no. 0 follows, 86 sequences, length 6
# corresponding to MSA columns:
# 63-68
name=unknown_A
#
# <colnr> <probs for GDERKNQSTAVLIFYWHMCP>
#	G	D	E	R	K	N	Q	S	T	A	V	L	I	F	Y	W	H	M	C	P
0	0.08159	0.36019	0.18643	0.00627	0.00900	0.04503	0.00636	0.04876	0.00723	0.03771	0.03669	0.00898	0.02023	0.05723	0.03130	0.00115	0.00381	0.01904	0.00184	0.03117
1	0.11710	0.18326	0.18101	0.00649	0.02543	0.04205	0.00621	0.01052	0.07803	0.07966	0.03563	0.00877	0.03068	0.00453	0.04756	0.00111	0.00364	0.00263	0.00209	0.13360
2	0.07102	0.27440	0.30944	0.00777	0.01099	0.08688	0.07595	0.01024	0.00707	0.03073	0.00621	0.00810	0.00514	0.00426	0.04092	0.00113	0.00449	0.03929	0.00165	0.00431
3	0.07397	0.38200	0.11405	0.00646	0.00893	0.08790	0.04644	0.00960	0.02415	0.00925	0.05506	0.02848	0.00683	0.06277	0.00381	0.00102	0.02844	0.00268	0.00176	0.04640
4	0.00542	0.04335	0.06314	0.00477	0.00575	0.00425	0.00381	0.00659	0.02726	0.03099	0.13108	0.06968	0.04923	0.31815	0.14035	0.00245	0.00374	0.04947	0.00237	0.03815
5	0.03062	0.40215	0.14850	0.00681	0.00960	0.03541	0.06325	0.07328	0.00778	0.04643	0.06201	0.06463	0.00742	0.00376	0.00281	0.00089	0.00364	0.00295	0.00197	0.02609

[dist]
# distance from previous block
# <min> <max>
21	57

[block]
# block no. 1 follows, 86 sequences, length 17
# corresponding to MSA columns:
# 150-166
name=unknown_B
#
# <colnr> <probs for GDERKNQSTAVLIFYWHMCP>
#	G	D	E	R	K	N	Q	S	T	A	V	L	I	F	Y	W	H	M	C	P
0	0.21289	0.03320	0.08363	0.10680	0.22794	0.00707	0.02409	0.02037	0.00694	0.06738	0.00781	0.07355	0.00700	0.00422	0.00345	0.00109	0.04139	0.06492	0.00206	0.00420
1	0.19642	0.00693	0.01009	0.04079	0.21638	0.00682	0.11890	0.04764	0.00779	0.19864	0.00742	0.00818	0.00543	0.00318	0.00300	0.00096	0.00343	0.00279	0.00236	0.11285
2	0.00583	0.00543	0.00856	0.00705	0.02529	0.03031	0.22867	0.00775	0.03819	0.02341	0.31069	0.02097	0.26243	0.00585	0.00382	0.00107	0.00288	0.00540	0.00284	0.00354
3	0.00893	0.03224	0.07170	0.00812	0.06051	0.00589	0.17345	0.01077	0.00770	0.21556	0.02005	0.03160	0.00645	0.00325	0.00309	0.00084	0.00341	0.00300	0.00238	0.33105
4	0.00979	0.02329	0.02682	0.07977	0.26286	0.29887	0.01903	0.04121	0.05305	0.06041	0.00658	0.00766	0.00519	0.00325	0.00308	0.00091	0.00438	0.00262	0.00195	0.08927
5	0.00927	0.11014	0.17513	0.00902	0.04521	0.06986	0.14655	0.23084	0.09727	0.03012	0.00829	0.00886	0.03732	0.00361	0.00323	0.00099	0.00415	0.00305	0.00228	0.00483
6	0.00760	0.03915	0.29153	0.01407	0.38695	0.04929	0.09021	0.01011	0.00745	0.01040	0.02889	0.00884	0.03419	0.00328	0.00326	0.00100	0.00433	0.00300	0.00165	0.00479
7	0.00627	0.00592	0.00988	0.83079	0.02193	0.00746	0.00904	0.00838	0.00650	0.00838	0.00577	0.00869	0.00438	0.00342	0.00369	0.00112	0.05033	0.00292	0.00146	0.00365
8	0.00572	0.00472	0.00544	0.00565	0.06451	0.00471	0.00396	0.02607	0.21940	0.02293	0.14543	0.04865	0.40160	0.00669	0.00371	0.00110	0.00212	0.02076	0.00313	0.00370
9	0.00819	0.00707	0.00744	0.00670	0.00856	0.00819	0.00521	0.01749	0.85784	0.01377	0.01340	0.01228	0.01005	0.00447	0.00335	0.00112	0.00261	0.00372	0.00335	0.00521
10	0.00810	0.00690	0.00732	0.00661	0.00840	0.00794	0.00512	0.04779	0.77644	0.01371	0.01347	0.06328	0.01057	0.00479	0.00340	0.00112	0.00260	0.00402	0.00333	0.00508
11	0.02012	0.00619	0.00785	0.07048	0.07897	0.01767	0.02416	0.00856	0.00692	0.01056	0.00610	0.00770	0.00512	0.00271	0.00264	0.00062	0.00284	0.01903	0.00190	0.69987
12	0.00486	0.00369	0.00542	0.05635	0.00660	0.00430	0.00418	0.00592	0.00529	0.00752	0.00877	0.01377	0.00844	0.14296	0.68307	0.00467	0.02590	0.00365	0.00177	0.00286
13	0.00513	0.00369	0.00509	0.00582	0.00654	0.00365	0.00499	0.00654	0.00746	0.00968	0.01818	0.10976	0.05577	0.00917	0.00449	0.00148	0.00288	0.73366	0.00303	0.00299
14	0.00819	0.00707	0.00744	0.00670	0.00856	0.00819	0.00521	0.01749	0.85784	0.01377	0.01340	0.01228	0.01005	0.00447	0.00335	0.00112	0.00261	0.00372	0.00335	0.00521
15	0.00815	0.00782	0.01336	0.02020	0.86379	0.00782	0.01010	0.01010	0.00750	0.01075	0.00619	0.00815	0.00521	0.00293	0.00326	0.00098	0.00391	0.00293	0.00163	0.00521
16	0.00470	0.00353	0.00529	0.00529	0.00588	0.00411	0.00411	0.00588	0.00529	0.00764	0.00882	0.01293	0.00823	0.02469	0.87127	0.00529	0.00882	0.00353	0.00176	0.00294

[dist]
# distance from previous block
# <min> <max>
0	19

[block]
# block no. 2 follows, 86 sequences, length 12
# corresponding to MSA columns:
# 186-197
name=unknown_C
#
# <colnr> <probs for GDERKNQSTAVLIFYWHMCP>
#	G	D	E	R	K	N	Q	S	T	A	V	L	I	F	Y	W	H	M	C	P
0	0.00660	0.01703	0.86726	0.00938	0.01425	0.00764	0.01216	0.01042	0.00695	0.01042	0.00591	0.00695	0.00417	0.00313	0.00313	0.00104	0.00486	0.00243	0.00139	0.00486
1	0.00664	0.00628	0.01064	0.68886	0.20692	0.00742	0.00935	0.00878	0.00678	0.00892	0.00593	0.00864	0.00457	0.00321	0.00328	0.00107	0.00428	0.00293	0.00150	0.00400
2	0.01477	0.00560	0.00764	0.00586	0.00840	0.00484	0.00484	0.01604	0.00942	0.86607	0.01299	0.01120	0.00815	0.00407	0.00331	0.00102	0.00280	0.00331	0.00407	0.00560
3	0.00636	0.00605	0.00990	0.74582	0.02056	0.00773	0.00885	0.00834	0.00635	0.00834	0.00562	0.00854	0.00438	0.00366	0.00442	0.00115	0.13590	0.00292	0.00146	0.00365
4	0.00446	0.00336	0.00413	0.00394	0.00480	0.00302	0.00295	0.00583	0.00885	0.01210	0.65051	0.02640	0.24328	0.00714	0.00388	0.00105	0.00158	0.00621	0.00348	0.00302
5	0.00415	0.00300	0.00370	0.00420	0.00449	0.00279	0.00276	0.00464	0.00618	0.00807	0.01888	0.58294	0.14633	0.18392	0.00665	0.00167	0.00213	0.00809	0.00284	0.00255
6	0.72842	0.00653	0.00588	0.00519	0.00682	0.00792	0.00429	0.00933	0.00549	0.01341	0.00453	0.00572	0.00372	0.00359	0.00378	0.00110	0.17680	0.00200	0.00192	0.00357
7	0.00788	0.00646	0.00699	0.00628	0.00801	0.00731	0.00488	0.01574	0.70107	0.04289	0.14110	0.01410	0.01314	0.00479	0.00343	0.00110	0.00245	0.00404	0.00342	0.00491
8	0.00575	0.00535	0.00857	0.70269	0.01904	0.00641	0.00782	0.00768	0.00677	0.00851	0.01132	0.01333	0.17512	0.00429	0.00341	0.00110	0.00385	0.00373	0.00178	0.00348
9	0.01432	0.00632	0.00808	0.00620	0.00876	0.00591	0.00512	0.18254	0.01063	0.69787	0.01197	0.01055	0.00764	0.00405	0.00331	0.00101	0.00296	0.00324	0.00392	0.00560
10	0.00464	0.00350	0.00436	0.00490	0.00534	0.00350	0.00338	0.00653	0.13445	0.00921	0.01743	0.75126	0.02001	0.00943	0.00407	0.00130	0.00201	0.00851	0.00310	0.00306
11	0.00871	0.00895	0.01752	0.01262	0.01581	0.00870	0.68359	0.17813	0.00930	0.01257	0.00691	0.00868	0.00511	0.00301	0.00377	0.00109	0.00517	0.00370	0.00199	0.00467

[dist]
# distance from previous block
# <min> <max>
0	12

[block]
# block no. 3 follows, 86 sequences, length 51
# corresponding to MSA columns:
# 210-260
name=unknown_D
#
# <colnr> <probs for GDERKNQSTAVLIFYWHMCP>
#	G	D	E	R	K	N	Q	S	T	A	V	L	I	F	Y	W	H	M	C	P
0	0.00398	0.01700	0.00360	0.00350	0.00454	0.00293	0.00261	0.00479	0.00737	0.00883	0.03138	0.11644	0.76493	0.00845	0.00389	0.00113	0.00172	0.00711	0.00303	0.00279
1	0.01333	0.00791	0.00907	0.00695	0.00955	0.00826	0.00574	0.54922	0.01328	0.32743	0.00975	0.00910	0.00652	0.00400	0.00330	0.00100	0.00332	0.00309	0.00358	0.00560
2	0.04243	0.00387	0.00521	0.00577	0.00660	0.00384	0.00488	0.00718	0.00743	0.06231	0.01674	0.15585	0.01806	0.00872	0.00432	0.00144	0.00284	0.63630	0.00306	0.00316
3	0.13699	0.01058	0.00692	0.00632	0.00783	0.47594	0.00480	0.03566	0.00829	0.01058	0.00671	0.00772	0.00538	0.00349	0.00266	0.00085	0.00413	0.00237	0.25917	0.00362
4	0.01463	0.00582	0.00777	0.00596	0.00851	0.00516	0.00492	0.06600	0.00978	0.81560	0.01268	0.01101	0.00800	0.00407	0.00331	0.00102	0.00285	0.00329	0.00403	0.00560
5	0.00683	0.00585	0.00683	0.00488	0.00780	0.00439	0.00390	0.00829	0.00683	0.01073	0.00585	0.00683	0.00488	0.00244	0.00244	0.00049	0.00244	0.00195	0.00195	0.90444
6	0.00472	0.00351	0.00445	0.00411	0.00505	0.00315	0.00310	0.00620	0.00899	0.01264	0.73014	0.02418	0.10915	0.00662	0.00379	0.00101	0.00162	0.00580	0.00347	0.05831
7	0.00474	0.00335	0.00448	0.00512	0.00555	0.00328	0.00395	0.00567	0.00666	0.00876	0.01658	0.34867	0.01889	0.14789	0.00635	0.00171	0.00264	0.40010	0.00288	0.00273
8	0.00458	0.00336	0.00429	0.00406	0.00487	0.00307	0.00305	0.00606	0.00914	0.01277	0.77884	0.02530	0.11454	0.00689	0.00388	0.00104	0.00156	0.00605	0.00357	0.00307
9	0.00764	0.42292	0.41641	0.00735	0.01114	0.00996	0.00860	0.01003	0.00682	0.00919	0.00528	0.00616	0.00424	0.00294	0.00261	0.00085	0.00409	0.00209	0.00143	0.06026
10	0.00421	0.00319	0.00425	0.00468	0.00513	0.00297	0.02366	0.00512	0.02536	0.00889	0.06558	0.69335	0.12218	0.00957	0.00412	0.00128	0.00196	0.00863	0.00306	0.00281
11	0.06241	0.08395	0.68781	0.00869	0.01301	0.05957	0.01070	0.01056	0.00701	0.01941	0.00575	0.00671	0.00418	0.00312	0.00297	0.00100	0.00466	0.00233	0.00148	0.00468
12	0.83492	0.00712	0.00520	0.00467	0.00667	0.07748	0.00379	0.00996	0.00590	0.01422	0.00462	0.00539	0.00362	0.00308	0.00211	0.00100	0.00282	0.00181	0.00201	0.00359
13	0.00671	0.01626	0.81509	0.00918	0.01383	0.00743	0.01174	0.01039	0.00702	0.02740	0.00652	0.00826	0.00485	0.00339	0.00319	0.00106	0.00475	0.03662	0.00151	0.00480
14	0.00818	0.00704	0.00752	0.03212	0.00896	0.00814	0.00531	0.03858	0.79932	0.01372	0.01331	0.01234	0.02170	0.00447	0.00335	0.00111	0.00267	0.00372	0.00329	0.00514
15	0.00901	0.83295	0.01676	0.00581	0.00855	0.06561	0.00568	0.01006	0.00685	0.00776	0.00461	0.00532	0.00423	0.00285	0.00216	0.00071	0.00367	0.00178	0.00143	0.00420
16	0.00741	0.00583	0.00689	0.00495	0.00785	0.00442	0.00397	0.00886	0.00702	0.07390	0.00638	0.00715	0.00512	0.00256	0.00250	0.00053	0.00246	0.00205	0.00211	0.83805
17	0.00404	0.00289	0.00386	0.00462	0.00482	0.00270	0.00311	0.00464	0.00633	0.00844	0.01812	0.86154	0.02170	0.01028	0.00421	0.00134	0.00194	0.02967	0.00305	0.00268
18	0.00740	0.00919	0.12372	0.07746	0.05723	0.06019	0.45507	0.00984	0.00765	0.02218	0.05847	0.08040	0.00777	0.00377	0.00367	0.00109	0.00474	0.00403	0.00188	0.00423
19	0.00389	0.00333	0.00333	0.00333	0.00445	0.00278	0.00250	0.00472	0.00750	0.00889	0.03335	0.03168	0.86245	0.00834	0.00389	0.00111	0.00167	0.00695	0.00306	0.00278
20	0.01477	0.00560	0.00764	0.00586	0.00840	0.00484	0.00484	0.01604	0.00942	0.86607	0.01299	0.01120	0.00815	0.00407	0.00331	0.00102	0.00280	0.00331	0.00407	0.00560
21	0.00652	0.00586	0.03130	0.05604	0.02774	0.10907	0.00554	0.00805	0.01849	0.04434	0.01642	0.04915	0.11883	0.00743	0.00406	0.00131	0.00332	0.48042	0.00275	0.00336
22	0.00786	0.00746	0.01266	0.07045	0.76106	0.00754	0.00975	0.00980	0.00745	0.01056	0.00686	0.00996	0.00601	0.00333	0.00334	0.00102	0.00389	0.05433	0.00171	0.00499
23	0.00660	0.01703	0.86726	0.00938	0.01425	0.00764	0.01216	0.01042	0.00695	0.01042	0.00591	0.00695	0.00417	0.00313	0.00313	0.00104	0.00486	0.00243	0.00139	0.00486
24	0.00406	0.00290	0.00388	0.00464	0.00485	0.00272	0.00314	0.00467	0.00635	0.00846	0.01812	0.85011	0.02166	0.01027	0.00421	0.00134	0.00195	0.04094	0.00305	0.00269
25	0.00991	0.00744	0.01121	0.15829	0.33783	0.03602	0.05911	0.11321	0.00882	0.20239	0.00799	0.00924	0.00590	0.00345	0.00332	0.00102	0.00386	0.01365	0.00237	0.00496
26	0.00892	0.03195	0.28827	0.01005	0.02104	0.00748	0.30745	0.03387	0.00797	0.18941	0.02725	0.00893	0.00596	0.00338	0.00368	0.00106	0.03314	0.00323	0.00215	0.00479
27	0.01787	0.00728	0.01189	0.35803	0.47843	0.03288	0.02741	0.00953	0.00717	0.00979	0.00602	0.00831	0.00484	0.00309	0.00326	0.00102	0.00418	0.00291	0.00157	0.00452
28	0.00796	0.00763	0.01303	0.10198	0.78345	0.00777	0.01001	0.00994	0.00741	0.01053	0.00616	0.00821	0.00514	0.00297	0.00326	0.00099	0.00396	0.00293	0.00161	0.00507
29	0.00392	0.00331	0.00340	0.00344	0.00448	0.00278	0.00255	0.00477	0.00749	0.00901	0.06036	0.08221	0.78425	0.00840	0.00391	0.00112	0.00168	0.00706	0.00308	0.00278
30	0.00683	0.00585	0.00683	0.00488	0.00780	0.00439	0.00390	0.00829	0.00683	0.01073	0.00585	0.00683	0.00488	0.00244	0.00244	0.00049	0.00244	0.00195	0.00195	0.90444
31	0.00402	0.00307	0.00362	0.00404	0.00456	0.00275	0.00277	0.00465	0.00664	0.00843	0.02325	0.49808	0.33612	0.07591	0.00504	0.00139	0.00192	0.00811	0.00298	0.00266
32	0.00418	0.00344	0.00383	0.00393	0.02426	0.00297	0.00283	0.00520	0.00792	0.00997	0.23285	0.04193	0.62944	0.00785	0.00388	0.00109	0.00169	0.00665	0.00316	0.00291
33	0.00414	0.00334	0.00367	0.00359	0.00460	0.00288	0.00269	0.00520	0.00808	0.01026	0.29743	0.02942	0.59751	0.00782	0.00389	0.00109	0.00163	0.00663	0.00324	0.00288
34	0.00622	0.00585	0.00987	0.87641	0.02267	0.00731	0.00914	0.00841	0.00658	0.00841	0.00585	0.00878	0.00439	0.00329	0.00329	0.00110	0.00439	0.00293	0.00146	0.00366
35	0.00622	0.00585	0.00987	0.87641	0.02267	0.00731	0.00914	0.00841	0.00658	0.00841	0.00585	0.00878	0.00439	0.00329	0.00329	0.00110	0.00439	0.00293	0.00146	0.00366
36	0.00492	0.00377	0.00570	0.00612	0.05834	0.00430	0.00438	0.00608	0.00540	0.00777	0.00873	0.01306	0.00823	0.06508	0.77660	0.00492	0.00824	0.00355	0.00177	0.00303
37	0.00422	0.00302	0.00406	0.00483	0.00511	0.00286	0.00343	0.00495	0.00651	0.00864	0.01802	0.74328	0.02131	0.01011	0.00426	0.00137	0.00209	0.14615	0.00305	0.00273
38	0.00683	0.00585	0.00683	0.00488	0.00780	0.00439	0.00390	0.00829	0.00683	0.01073	0.00585	0.00683	0.00488	0.00244	0.00244	0.00049	0.00244	0.00195	0.00195	0.90444
39	0.00880	0.88630	0.01725	0.00563	0.00845	0.01302	0.00563	0.00986	0.00669	0.00774	0.00458	0.00528	0.00422	0.00282	0.00211	0.00070	0.00352	0.00176	0.00141	0.00422
40	0.72382	0.00732	0.00594	0.00517	0.00715	0.06969	0.01275	0.07714	0.00665	0.01442	0.00489	0.00571	0.00382	0.00327	0.00260	0.00102	0.04080	0.00197	0.00208	0.00376
41	0.01073	0.00792	0.00863	0.00691	0.00904	0.00879	0.00557	0.60321	0.12170	0.01754	0.00865	0.00946	0.00660	0.04135	0.04647	0.05972	0.00365	0.00316	0.01593	0.00497
42	0.00487	0.00428	0.05664	0.00503	0.00568	0.00410	0.00396	0.00583	0.00523	0.00741	0.00908	0.01525	0.00913	0.29748	0.53605	0.00432	0.01723	0.00386	0.00181	0.00276
43	0.00709	0.01634	0.81557	0.00917	0.01390	0.00748	0.01172	0.01076	0.00710	0.06188	0.00633	0.00721	0.00441	0.00318	0.00314	0.00104	0.00474	0.00249	0.00155	0.00491
44	0.00906	0.81310	0.01638	0.00561	0.00836	0.01230	0.00553	0.01014	0.00691	0.05948	0.02474	0.00608	0.00508	0.00298	0.00222	0.00073	0.00343	0.00195	0.00162	0.00428
45	0.00566	0.00290	0.00435	0.00435	0.00438	0.00293	0.00293	0.00438	0.00435	0.00583	0.00590	0.01018	0.00587	0.01223	0.06448	0.85018	0.00322	0.00290	0.00145	0.00152
46	0.32216	0.00715	0.00751	0.00690	0.07097	0.00782	0.00514	0.19819	0.18829	0.11037	0.00828	0.00829	0.00606	0.00363	0.00284	0.00101	0.00292	0.00271	0.00279	0.03697
47	0.00511	0.00354	0.00427	0.05628	0.00574	0.00346	0.00322	0.00681	0.03844	0.01173	0.37220	0.05875	0.16586	0.00610	0.00342	0.00100	0.00179	0.00524	0.24392	0.00313
48	0.00803	0.45913	0.27607	0.05889	0.01106	0.01022	0.00784	0.05042	0.00728	0.02198	0.00612	0.00813	0.00523	0.00339	0.00271	0.00090	0.00395	0.05262	0.00163	0.00440
49	0.00662	0.06778	0.73424	0.00903	0.01344	0.00769	0.04129	0.01004	0.00692	0.01015	0.00659	0.05955	0.00526	0.00353	0.00316	0.00104	0.00463	0.00286	0.00150	0.00468
50	0.00424	0.00323	0.00476	0.00514	0.00552	0.00301	0.05409	0.00494	0.00639	0.00853	0.01745	0.82966	0.02076	0.00986	0.00418	0.00132	0.00213	0.00903	0.00297	0.00278

[dist]
# distance from previous block
# <min> <max>
1	81

# created by:
# /home/simao/soft/augustus-3.0.3/scripts/msa2prfl.pl ./prep/112611.aln
