[name]
unknown

[dist]
# distance from previous block
# <min> <max>
17	93

[block]
# block no. 0 follows, 79 sequences, length 17
# corresponding to MSA columns:
# 158-174
name=unknown_A
#
# <colnr> <probs for GDERKNQSTAVLIFYWHMCP>
#	G	D	E	R	K	N	Q	S	T	A	V	L	I	F	Y	W	H	M	C	P
0	0.05135	0.00611	0.01064	0.11849	0.01208	0.00627	0.25020	0.00913	0.01961	0.06708	0.04566	0.01378	0.02112	0.11502	0.21064	0.00251	0.00558	0.01815	0.00218	0.01440
1	0.00916	0.50478	0.02648	0.07203	0.01105	0.07083	0.07355	0.05639	0.00789	0.00966	0.00581	0.00708	0.00499	0.00451	0.05331	0.00112	0.00447	0.00240	0.00173	0.07278
2	0.00863	0.14140	0.04800	0.01022	0.01294	0.04762	0.38114	0.03436	0.03305	0.05759	0.00852	0.01226	0.00730	0.07958	0.04644	0.00153	0.00506	0.05779	0.00211	0.00443
3	0.76481	0.07300	0.03061	0.00540	0.00779	0.00842	0.04568	0.01044	0.00624	0.01489	0.00506	0.00595	0.00396	0.00324	0.00232	0.00107	0.00303	0.00204	0.00209	0.00396
4	0.07471	0.00690	0.04923	0.00541	0.00858	0.00511	0.00459	0.00910	0.00722	0.01179	0.00616	0.00720	0.00508	0.00270	0.00261	0.00059	0.00275	0.00210	0.00207	0.78610
5	0.00752	0.00639	0.00742	0.00532	0.00844	0.00491	0.00426	0.03759	0.00763	0.01185	0.00634	0.00735	0.00525	0.00267	0.00264	0.00054	0.00265	0.00213	0.00214	0.86696
6	0.00895	0.21644	0.46649	0.00944	0.07614	0.00922	0.01004	0.02482	0.02073	0.11582	0.00711	0.00779	0.00521	0.00342	0.00314	0.00102	0.00446	0.00262	0.00193	0.00519
7	0.00909	0.02954	0.13861	0.05514	0.02409	0.08431	0.16335	0.14457	0.12081	0.02666	0.03016	0.01024	0.01805	0.01897	0.04964	0.00141	0.06473	0.00347	0.00235	0.00480
8	0.00490	0.00360	0.00459	0.00434	0.00521	0.00329	0.00326	0.00648	0.00977	0.01364	0.76490	0.02714	0.12096	0.00739	0.00416	0.00112	0.00168	0.00649	0.00381	0.00329
9	0.00520	0.00416	0.00546	0.00534	0.01939	0.00397	0.04088	0.00716	0.07978	0.01143	0.30530	0.21231	0.20946	0.04302	0.01576	0.00137	0.00230	0.02100	0.00335	0.00339
10	0.00723	0.01214	0.45085	0.00777	0.01159	0.00642	0.00875	0.01022	0.02866	0.04890	0.02674	0.08852	0.01796	0.00409	0.00329	0.00098	0.00390	0.00336	0.00208	0.25655
11	0.00488	0.00352	0.00463	0.00528	0.00579	0.00337	0.00402	0.00588	0.00735	0.00964	0.05192	0.40560	0.08802	0.07525	0.00560	0.00162	0.00255	0.30890	0.00320	0.00297
12	0.83351	0.00667	0.00525	0.00467	0.00683	0.00764	0.00384	0.01060	0.00622	0.05322	0.00552	0.00624	0.00420	0.00335	0.00225	0.00108	0.00270	0.00202	0.03031	0.00390
13	0.00845	0.00924	0.18832	0.00900	0.08470	0.02239	0.01676	0.12727	0.04894	0.07186	0.02696	0.04558	0.00789	0.04706	0.14456	0.00201	0.12845	0.00363	0.00234	0.00460
14	0.00508	0.00347	0.00419	0.00423	0.00439	0.00353	0.00264	0.00541	0.00565	0.00765	0.06410	0.06045	0.01424	0.65297	0.12387	0.00343	0.00401	0.02601	0.00229	0.00240
15	0.03190	0.08021	0.03425	0.00649	0.01759	0.00637	0.01516	0.10513	0.09133	0.01240	0.12904	0.19510	0.02706	0.00729	0.00426	0.00128	0.03217	0.19591	0.00308	0.00397
16	0.00734	0.00700	0.00972	0.00846	0.00864	0.02645	0.02092	0.00801	0.00550	0.00829	0.00546	0.00879	0.00532	0.00929	0.12477	0.08001	0.64767	0.00318	0.00160	0.00358

[dist]
# distance from previous block
# <min> <max>
0	1

[block]
# block no. 1 follows, 79 sequences, length 11
# corresponding to MSA columns:
# 176-186
name=unknown_B
#
# <colnr> <probs for GDERKNQSTAVLIFYWHMCP>
#	G	D	E	R	K	N	Q	S	T	A	V	L	I	F	Y	W	H	M	C	P
0	0.00692	0.00377	0.00415	0.00390	0.00490	0.00373	0.00297	0.03237	0.02835	0.05411	0.19203	0.01578	0.01417	0.00480	0.00294	0.00091	0.00180	0.00397	0.61485	0.00356
1	0.00814	0.01422	0.49610	0.01151	0.01595	0.00823	0.31052	0.01164	0.00795	0.07148	0.00715	0.00851	0.00509	0.00328	0.00365	0.00114	0.00531	0.00323	0.00180	0.00510
2	0.26379	0.37589	0.11226	0.00719	0.04992	0.07239	0.00655	0.05749	0.00764	0.01173	0.00539	0.00624	0.00445	0.00325	0.00256	0.00093	0.00385	0.00214	0.00184	0.00450
3	0.00862	0.56662	0.28765	0.00768	0.01142	0.01189	0.04283	0.01078	0.00730	0.00934	0.00545	0.00639	0.00454	0.00312	0.00269	0.00089	0.00432	0.00221	0.00151	0.00475
4	0.00462	0.00349	0.00434	0.00485	0.00554	0.00321	0.00368	0.00561	0.00761	0.00973	0.05396	0.37120	0.28681	0.00991	0.00447	0.00139	0.00224	0.21105	0.00329	0.00301
5	0.00486	0.00352	0.00454	0.00443	0.00517	0.00325	0.00324	0.00628	0.00928	0.01295	0.66939	0.13598	0.07639	0.03924	0.00470	0.00124	0.00178	0.00686	0.00370	0.00320
6	0.00702	0.00355	0.00396	0.00382	0.00476	0.00343	0.00287	0.00857	0.00792	0.08801	0.12122	0.07611	0.01316	0.00502	0.00292	0.00093	0.00179	0.00419	0.63723	0.00350
7	0.00865	0.01008	0.14513	0.11109	0.44481	0.03434	0.06817	0.07070	0.02702	0.01183	0.00679	0.00863	0.00538	0.00342	0.00374	0.00110	0.02894	0.00312	0.00185	0.00522
8	0.03399	0.00716	0.00753	0.00623	0.00815	0.05677	0.00497	0.33742	0.01194	0.12408	0.17484	0.05121	0.01277	0.00505	0.00347	0.00104	0.00302	0.00408	0.14153	0.00475
9	0.00748	0.06834	0.09137	0.00680	0.02265	0.00749	0.02341	0.03609	0.41367	0.01267	0.04137	0.01747	0.22545	0.00557	0.00364	0.00115	0.00293	0.00462	0.00309	0.00473
10	0.00957	0.04036	0.02138	0.00755	0.00947	0.29481	0.06512	0.06578	0.12055	0.04847	0.03357	0.03477	0.16622	0.00544	0.00366	0.00110	0.00417	0.06103	0.00271	0.00426

[dist]
# distance from previous block
# <min> <max>
1	3

[block]
# block no. 2 follows, 79 sequences, length 49
# corresponding to MSA columns:
# 190-238
name=unknown_C
#
# <colnr> <probs for GDERKNQSTAVLIFYWHMCP>
#	G	D	E	R	K	N	Q	S	T	A	V	L	I	F	Y	W	H	M	C	P
0	0.00902	0.09729	0.03364	0.03879	0.58159	0.07931	0.06455	0.01099	0.00801	0.01078	0.00632	0.00823	0.00530	0.00325	0.00360	0.00103	0.02839	0.00299	0.00171	0.00520
1	0.00463	0.00359	0.00422	0.00406	0.00505	0.00317	0.00304	0.00596	0.00913	0.01214	0.49862	0.02961	0.38817	0.00795	0.00416	0.00114	0.00172	0.00683	0.00362	0.00317
2	0.00731	0.00626	0.00731	0.00522	0.00835	0.00470	0.00418	0.00887	0.00731	0.01148	0.00626	0.00731	0.00522	0.00261	0.00261	0.00052	0.00261	0.00209	0.00209	0.89768
3	0.00525	0.00403	0.00593	0.00574	0.00629	0.00467	0.01957	0.00632	0.00562	0.00805	0.00940	0.01486	0.00914	0.15504	0.67306	0.00502	0.05308	0.00395	0.00191	0.00306
4	0.00513	0.00342	0.00384	0.00384	0.00384	0.00342	0.00214	0.00513	0.00513	0.00683	0.01110	0.02306	0.01281	0.87614	0.01794	0.00342	0.00342	0.00513	0.00214	0.00214
5	0.01317	0.01662	0.01000	0.00905	0.01090	0.84014	0.00681	0.03534	0.01016	0.00897	0.00553	0.00641	0.00458	0.00365	0.00319	0.00091	0.00629	0.00229	0.00186	0.00413
6	0.01581	0.00600	0.00818	0.00627	0.00900	0.00518	0.00518	0.01718	0.01009	0.85660	0.01390	0.01200	0.00872	0.00436	0.00354	0.00109	0.00300	0.00354	0.00436	0.00600
7	0.00747	0.00637	0.00790	0.00569	0.00879	0.00488	0.04150	0.00909	0.00741	0.02569	0.00665	0.00804	0.00554	0.00278	0.00273	0.00058	0.00278	0.01649	0.00213	0.82748
8	0.00434	0.00358	0.00382	0.00382	0.00492	0.00306	0.00288	0.00537	0.00832	0.01026	0.16218	0.04678	0.68608	0.00872	0.00419	0.00119	0.00181	0.03227	0.00337	0.00304
9	0.00505	0.00372	0.00536	0.00536	0.00588	0.00424	0.00402	0.00610	0.00557	0.00795	0.00972	0.01540	0.00949	0.16967	0.71986	0.00529	0.00842	0.00400	0.00193	0.00298
10	0.00465	0.00337	0.00432	0.00496	0.00527	0.00326	0.00337	0.00571	0.04765	0.00913	0.01853	0.69774	0.03306	0.09835	0.00583	0.00163	0.00227	0.04480	0.00317	0.00294
11	0.00761	0.02974	0.72141	0.01050	0.03552	0.00821	0.08016	0.01140	0.00763	0.04596	0.00669	0.00780	0.00474	0.00335	0.00341	0.00111	0.00513	0.00277	0.00164	0.00520
12	0.05171	0.01611	0.00980	0.00885	0.01072	0.79401	0.00668	0.04400	0.01005	0.00943	0.00553	0.00640	0.00456	0.00364	0.00315	0.00092	0.00611	0.00229	0.00189	0.00414
13	0.00865	0.00880	0.05092	0.02113	0.81775	0.00837	0.01091	0.01083	0.00800	0.01150	0.00662	0.00867	0.00553	0.00315	0.00348	0.00105	0.00423	0.00312	0.00173	0.00557
14	0.00873	0.01173	0.29135	0.01030	0.06387	0.00885	0.13728	0.12045	0.28336	0.01379	0.00936	0.00983	0.00692	0.00386	0.00358	0.00114	0.00430	0.00340	0.00250	0.00538
15	0.00891	0.00913	0.03238	0.01335	0.05482	0.00845	0.61688	0.06192	0.01957	0.05591	0.01745	0.00959	0.00594	0.00318	0.00393	0.00112	0.00525	0.00388	0.00208	0.06626
16	0.00441	0.00358	0.00391	0.00383	0.00491	0.00308	0.00287	0.00553	0.00861	0.01089	0.27840	0.03166	0.60917	0.00841	0.00416	0.00117	0.00175	0.00712	0.00345	0.00308
17	0.90103	0.00682	0.00518	0.00463	0.00682	0.00791	0.00382	0.01036	0.00600	0.01581	0.00491	0.00573	0.00382	0.00327	0.00218	0.00109	0.00273	0.00191	0.00218	0.00382
18	0.00858	0.00822	0.01396	0.02106	0.82702	0.00820	0.01056	0.01063	0.00803	0.01145	0.00756	0.00953	0.03264	0.00333	0.00351	0.00105	0.00411	0.00328	0.00179	0.00550
19	0.00474	0.00359	0.00436	0.00417	0.00511	0.00322	0.00313	0.00617	0.00938	0.01273	0.60330	0.02864	0.28313	0.00773	0.00416	0.00113	0.00170	0.00670	0.00369	0.00322
20	0.00942	0.87826	0.01847	0.00603	0.00905	0.01395	0.00603	0.01055	0.00716	0.00829	0.00490	0.00565	0.00452	0.00302	0.00226	0.00075	0.00377	0.00188	0.00151	0.00452
21	0.00715	0.04947	0.82739	0.00990	0.01503	0.00839	0.01277	0.01114	0.00743	0.01106	0.00627	0.00738	0.00447	0.00334	0.00331	0.00110	0.00516	0.00258	0.00149	0.00518
22	0.00427	0.00357	0.00372	0.00368	0.00483	0.00302	0.00276	0.00527	0.00829	0.01013	0.14286	0.03292	0.74519	0.00870	0.00416	0.00118	0.00177	0.00730	0.00335	0.00302
23	0.00476	0.00326	0.00395	0.00431	0.00440	0.00317	0.00264	0.00503	0.00584	0.00779	0.01477	0.39778	0.01744	0.49512	0.01202	0.00254	0.00281	0.00728	0.00264	0.00246
24	0.90103	0.00682	0.00518	0.00463	0.00682	0.00791	0.00382	0.01036	0.00600	0.01581	0.00491	0.00573	0.00382	0.00327	0.00218	0.00109	0.00273	0.00191	0.00218	0.00382
25	0.03620	0.00906	0.00985	0.00761	0.01035	0.17238	0.11553	0.05678	0.06373	0.02616	0.00693	0.00790	0.00552	0.00321	0.00322	0.00081	0.02080	0.00262	0.00220	0.43916
26	0.00453	0.00353	0.00421	0.00447	0.00529	0.00314	0.00326	0.00545	0.00757	0.00974	0.08093	0.36093	0.35914	0.00992	0.02865	0.00141	0.00223	0.06123	0.00322	0.04119
27	0.04828	0.01139	0.01061	0.28073	0.14446	0.38494	0.00821	0.03544	0.02514	0.01000	0.00612	0.00784	0.00488	0.00355	0.00331	0.00103	0.00521	0.00272	0.00183	0.00433
28	0.00879	0.45074	0.23661	0.00899	0.02882	0.03724	0.14840	0.02503	0.00769	0.00985	0.00576	0.00689	0.00469	0.00314	0.00294	0.00094	0.00460	0.00251	0.00160	0.00477
29	0.00574	0.00475	0.00550	0.03644	0.00643	0.06660	0.00395	0.00688	0.00760	0.01030	0.33648	0.03430	0.01881	0.19069	0.22785	0.00276	0.02407	0.00502	0.00271	0.00312
30	0.07074	0.00403	0.00516	0.00507	0.00567	0.00448	0.00371	0.02880	0.00585	0.00876	0.00963	0.01608	0.00963	0.27179	0.47737	0.03290	0.00663	0.01625	0.01452	0.00293
31	0.00505	0.00347	0.00408	0.00402	0.00428	0.00337	0.00250	0.00555	0.00658	0.00898	0.24846	0.03684	0.03899	0.59795	0.01353	0.00268	0.00286	0.00560	0.00267	0.00250
32	0.01116	0.00876	0.00931	0.00766	0.01008	0.00988	0.00616	0.44378	0.41885	0.01860	0.01131	0.01073	0.00830	0.00450	0.00355	0.00112	0.00335	0.00357	0.00355	0.00579
33	0.00453	0.00358	0.00408	0.00396	0.00499	0.00313	0.00297	0.00577	0.00890	0.01159	0.40159	0.03052	0.48554	0.00815	0.00416	0.00115	0.00173	0.00696	0.00354	0.00313
34	0.00879	0.00850	0.01388	0.03301	0.78700	0.02764	0.01049	0.01120	0.04392	0.01155	0.00693	0.00887	0.00577	0.00323	0.00349	0.00105	0.00418	0.00316	0.00182	0.00552
35	0.00533	0.00389	0.00486	0.00495	0.00592	0.00342	0.00360	0.00636	0.00706	0.01013	0.01558	0.51438	0.01749	0.00831	0.00389	0.00118	0.00224	0.08131	0.09761	0.20247
36	0.09148	0.03417	0.02227	0.00856	0.01129	0.09853	0.10369	0.48494	0.06642	0.03234	0.00802	0.00839	0.00586	0.00393	0.00341	0.00106	0.00420	0.00310	0.00296	0.00538
37	0.00832	0.25228	0.50312	0.00897	0.01327	0.00989	0.05664	0.06486	0.00804	0.02275	0.00622	0.00719	0.00470	0.00330	0.00310	0.00101	0.00470	0.00254	0.00169	0.01742
38	0.44905	0.12218	0.03264	0.00638	0.00861	0.27651	0.00531	0.02274	0.00762	0.01248	0.00532	0.00618	0.00431	0.00339	0.00256	0.00098	0.00406	0.00209	0.02354	0.00405
39	0.00497	0.00375	0.00465	0.00489	0.00579	0.00348	0.00393	0.00629	0.00844	0.01097	0.23759	0.04286	0.29745	0.04123	0.00494	0.00141	0.00235	0.30852	0.00338	0.00313
40	0.04046	0.00777	0.01369	0.02906	0.45840	0.00773	0.19607	0.02634	0.00828	0.01190	0.10022	0.03441	0.01817	0.00424	0.01652	0.00118	0.01463	0.00392	0.00209	0.00491
41	0.01503	0.00630	0.00829	0.00633	0.00909	0.00557	0.00522	0.07749	0.01037	0.73488	0.01296	0.01140	0.00827	0.00423	0.00348	0.00105	0.00304	0.00341	0.00414	0.06944
42	0.04174	0.07543	0.01927	0.00963	0.13507	0.05649	0.00692	0.36394	0.20229	0.02904	0.00900	0.00917	0.00676	0.00401	0.00336	0.00105	0.00375	0.00315	0.00296	0.01698
43	0.05198	0.00981	0.01027	0.00793	0.01070	0.03119	0.00654	0.76511	0.01579	0.04303	0.00837	0.00838	0.00593	0.00418	0.00346	0.00106	0.00387	0.00311	0.00345	0.00585
44	0.00513	0.00342	0.00384	0.00384	0.00384	0.00342	0.00214	0.00513	0.00513	0.00683	0.01110	0.02306	0.01281	0.87614	0.01794	0.00342	0.00342	0.00513	0.00214	0.00214
45	0.00954	0.00947	0.05384	0.01739	0.55844	0.06083	0.06695	0.08957	0.05061	0.03823	0.00735	0.00887	0.00584	0.00339	0.00352	0.00106	0.00435	0.00319	0.00208	0.00547
46	0.03525	0.09034	0.14824	0.03234	0.24025	0.00854	0.04456	0.13999	0.02343	0.11718	0.01905	0.00877	0.00611	0.00353	0.00331	0.00101	0.00400	0.00298	0.00237	0.06876
47	0.35696	0.11335	0.05237	0.00799	0.11772	0.08997	0.00591	0.04086	0.00759	0.06220	0.00761	0.09665	0.00686	0.00426	0.00292	0.00107	0.00351	0.01560	0.00228	0.00433
48	0.00912	0.38605	0.04474	0.00977	0.01296	0.01109	0.32956	0.04722	0.08439	0.02271	0.00695	0.00809	0.00553	0.00324	0.00322	0.00099	0.00456	0.00306	0.00193	0.00481

[dist]
# distance from previous block
# <min> <max>
0	2

[block]
# block no. 3 follows, 79 sequences, length 9
# corresponding to MSA columns:
# 241-249
name=unknown_D
#
# <colnr> <probs for GDERKNQSTAVLIFYWHMCP>
#	G	D	E	R	K	N	Q	S	T	A	V	L	I	F	Y	W	H	M	C	P
0	0.00873	0.00887	0.03340	0.05940	0.59752	0.02581	0.14811	0.03198	0.03024	0.01164	0.00691	0.00892	0.00560	0.00322	0.00360	0.00108	0.00452	0.00330	0.00183	0.00534
1	0.00531	0.00419	0.00631	0.00562	0.00640	0.00397	0.10909	0.00636	0.00747	0.01023	0.28590	0.17633	0.04187	0.30491	0.00894	0.00197	0.00288	0.00635	0.00289	0.00301
2	0.00665	0.00603	0.00666	0.10940	0.00883	0.11373	0.00501	0.00862	0.09104	0.00872	0.00939	0.01417	0.00879	0.19161	0.39190	0.00361	0.00658	0.00380	0.00206	0.00340
3	0.00548	0.00524	0.00534	0.10820	0.00793	0.09021	0.00418	0.00659	0.00777	0.00918	0.02531	0.05055	0.53399	0.01003	0.11273	0.00173	0.00357	0.00601	0.00275	0.00322
4	0.12558	0.41299	0.01311	0.00635	0.00916	0.01087	0.00573	0.19360	0.00962	0.17175	0.00737	0.00747	0.00554	0.00357	0.00277	0.00093	0.00351	0.00248	0.00257	0.00503
5	0.11788	0.00580	0.00650	0.00546	0.00750	0.01901	0.02380	0.06876	0.02270	0.03090	0.01279	0.22399	0.09505	0.00563	0.00333	0.00097	0.00265	0.00476	0.00268	0.33985
6	0.07303	0.19406	0.07059	0.00877	0.09469	0.05183	0.10650	0.01059	0.00759	0.11627	0.00868	0.01267	0.00770	0.11538	0.03926	0.00154	0.00427	0.07000	0.00222	0.00436
7	0.00782	0.00874	0.11404	0.15437	0.53470	0.00776	0.01016	0.01015	0.00799	0.01133	0.09166	0.01045	0.00809	0.00364	0.00354	0.00108	0.00414	0.00340	0.00190	0.00504
8	0.11806	0.00364	0.00436	0.00487	0.00542	0.00360	0.00343	0.00589	0.00709	0.01053	0.11758	0.63388	0.02193	0.00955	0.00418	0.00136	0.00213	0.03626	0.00321	0.00305

[dist]
# distance from previous block
# <min> <max>
0	51

[block]
# block no. 4 follows, 79 sequences, length 6
# corresponding to MSA columns:
# 301-306
name=unknown_E
#
# <colnr> <probs for GDERKNQSTAVLIFYWHMCP>
#	G	D	E	R	K	N	Q	S	T	A	V	L	I	F	Y	W	H	M	C	P
0	0.00564	0.00410	0.00508	0.00523	0.00595	0.00404	0.00379	0.11252	0.00875	0.01180	0.18572	0.52898	0.05595	0.00927	0.00431	0.00132	0.00224	0.03852	0.00343	0.00337
1	0.00839	0.00545	0.00665	0.00514	0.00744	0.00443	0.00399	0.00973	0.00798	0.18082	0.13465	0.01310	0.01108	0.11542	0.00499	0.00109	0.00265	0.00341	0.00282	0.47077
2	0.00539	0.00669	0.17589	0.00581	0.00762	0.00430	0.00537	0.00707	0.00770	0.01076	0.16415	0.32986	0.10144	0.00749	0.00394	0.00118	0.00270	0.03185	0.00287	0.11794
3	0.03147	0.09042	0.48292	0.00967	0.04274	0.00804	0.11271	0.01077	0.00794	0.04694	0.11484	0.01014	0.00846	0.00380	0.00344	0.00109	0.00452	0.00325	0.00198	0.00486
4	0.00693	0.13603	0.01092	0.48669	0.09592	0.00789	0.00803	0.00893	0.00774	0.01016	0.17582	0.01217	0.01048	0.00415	0.00346	0.00109	0.00390	0.00360	0.00204	0.00404
5	0.00539	0.00634	0.17521	0.00525	0.00632	0.00429	0.00449	0.00630	0.00583	0.00802	0.01139	0.14687	0.01270	0.57197	0.01301	0.00266	0.00357	0.00535	0.00218	0.00286

[dist]
# distance from previous block
# <min> <max>
6	19

[block]
# block no. 5 follows, 79 sequences, length 6
# corresponding to MSA columns:
# 326-331
name=unknown_F
#
# <colnr> <probs for GDERKNQSTAVLIFYWHMCP>
#	G	D	E	R	K	N	Q	S	T	A	V	L	I	F	Y	W	H	M	C	P
0	0.20351	0.00907	0.14350	0.04406	0.08521	0.00763	0.05579	0.13597	0.02498	0.08493	0.03038	0.00911	0.02513	0.00367	0.00315	0.00102	0.00365	0.00294	0.00245	0.12383
1	0.05395	0.00730	0.06706	0.08854	0.22056	0.00648	0.02438	0.05938	0.00872	0.10893	0.12634	0.01322	0.07857	0.00436	0.00347	0.00103	0.00337	0.00377	0.00260	0.11798
2	0.17908	0.00800	0.08456	0.10551	0.17538	0.00727	0.06438	0.04342	0.04137	0.04214	0.08519	0.00988	0.00788	0.00367	0.00322	0.00103	0.00361	0.00313	0.00227	0.12904
3	0.07470	0.00755	0.06731	0.10036	0.27279	0.00665	0.00737	0.03220	0.00797	0.04728	0.05256	0.01083	0.06271	0.00374	0.00324	0.00095	0.00345	0.00321	0.00220	0.23293
4	0.19798	0.00677	0.00964	0.11825	0.22492	0.00683	0.06172	0.01002	0.00765	0.06083	0.09033	0.03178	0.00838	0.00379	0.00321	0.00102	0.00343	0.00329	0.00227	0.14788
5	0.23019	0.00820	0.06732	0.13903	0.20044	0.03856	0.03516	0.06211	0.04149	0.05437	0.08349	0.00985	0.00778	0.00382	0.00324	0.00110	0.00375	0.00315	0.00232	0.00463

[dist]
# distance from previous block
# <min> <max>
5	190

# created by:
# /home/simao/soft/augustus-3.0.3/scripts/msa2prfl.pl ./prep/115797.aln
