[name]
unknown

[dist]
# distance from previous block
# <min> <max>
1	104

[block]
# block no. 0 follows, 82 sequences, length 31
# corresponding to MSA columns:
# 108-138
name=unknown_A
#
# <colnr> <probs for GDERKNQSTAVLIFYWHMCP>
#	G	D	E	R	K	N	Q	S	T	A	V	L	I	F	Y	W	H	M	C	P
0	0.00673	0.00482	0.00552	0.00501	0.00630	0.02635	0.00386	0.02579	0.15143	0.09572	0.45737	0.02251	0.15115	0.00647	0.00386	0.00110	0.00212	0.01642	0.00361	0.00387
1	0.00829	0.03475	0.28029	0.01034	0.07438	0.15526	0.10893	0.01063	0.02052	0.00988	0.01708	0.00783	0.00514	0.00432	0.02289	0.00120	0.18822	0.00285	0.00165	0.03555
2	0.00466	0.00349	0.00432	0.00411	0.00500	0.00315	0.00309	0.00611	0.00926	0.01270	0.67072	0.02722	0.21882	0.00737	0.00404	0.00109	0.00164	0.00642	0.00363	0.00315
3	0.00887	0.00754	0.00837	0.11854	0.01088	0.05448	0.02053	0.12987	0.46108	0.03838	0.01200	0.09473	0.00975	0.00489	0.00354	0.00114	0.00327	0.00412	0.00309	0.00493
4	0.00660	0.00407	0.00575	0.12561	0.00795	0.00429	0.00424	0.00731	0.00620	0.12313	0.02840	0.07160	0.02467	0.24475	0.21534	0.10574	0.00465	0.00433	0.00229	0.00307
5	0.00718	0.06910	0.77013	0.00983	0.04203	0.00824	0.01204	0.01088	0.00726	0.02401	0.00618	0.00723	0.00444	0.00324	0.00319	0.00106	0.00491	0.00252	0.00150	0.00504
6	0.00909	0.86167	0.03763	0.00594	0.00892	0.01340	0.00601	0.01026	0.00696	0.00811	0.00479	0.00553	0.00439	0.00293	0.00222	0.00074	0.00369	0.00185	0.00146	0.00441
7	0.00807	0.00923	0.02018	0.01442	0.01788	0.00865	0.84602	0.01096	0.00807	0.01096	0.00692	0.00923	0.00519	0.00288	0.00404	0.00115	0.00577	0.00404	0.00173	0.00461
8	0.00813	0.07551	0.08639	0.04220	0.08163	0.00812	0.47930	0.01061	0.00787	0.06136	0.00823	0.05077	0.00691	0.00378	0.00378	0.00113	0.00487	0.05287	0.00198	0.00457
9	0.00779	0.00740	0.01180	0.16779	0.50335	0.03712	0.03655	0.03034	0.00779	0.01062	0.00824	0.09050	0.00768	0.00424	0.00357	0.00111	0.00403	0.05348	0.00193	0.00469
10	0.00405	0.00342	0.00351	0.00359	0.00465	0.00288	0.00265	0.00490	0.00768	0.00919	0.03316	0.11274	0.77820	0.00886	0.00407	0.00118	0.00176	0.00746	0.00318	0.00288
11	0.01270	0.01596	0.00979	0.00904	0.02793	0.82651	0.00669	0.03501	0.00982	0.00877	0.00539	0.00627	0.00446	0.00353	0.00310	0.00089	0.00606	0.00224	0.00180	0.00404
12	0.00797	0.00941	0.16400	0.17685	0.34795	0.02313	0.07051	0.03344	0.05531	0.03205	0.00771	0.03053	0.01867	0.00357	0.00345	0.00108	0.00430	0.00329	0.00189	0.00488
13	0.00497	0.00332	0.00373	0.00373	0.00373	0.00332	0.00207	0.00497	0.00497	0.00663	0.01078	0.02239	0.01244	0.87978	0.01741	0.00332	0.00332	0.00497	0.00207	0.00207
14	0.01420	0.00766	0.00908	0.00696	0.00965	0.00776	0.00575	0.42250	0.01287	0.45064	0.01091	0.00997	0.00717	0.00417	0.00343	0.00104	0.00333	0.00326	0.00384	0.00582
15	0.00764	0.00735	0.01090	0.49261	0.21148	0.05983	0.02610	0.03959	0.06057	0.01029	0.03619	0.00956	0.00613	0.00355	0.00343	0.00109	0.00432	0.00317	0.00185	0.00435
16	0.00676	0.00645	0.00721	0.00730	0.05221	0.13933	0.05302	0.05749	0.00766	0.00965	0.01372	0.48929	0.03089	0.00837	0.02855	0.00137	0.06786	0.00676	0.00265	0.00347
17	0.00885	0.00977	0.00796	0.00723	0.00849	0.34146	0.00562	0.02444	0.11333	0.00953	0.02242	0.01364	0.16564	0.00696	0.07326	0.00146	0.15529	0.01852	0.00228	0.00384
18	0.03246	0.00788	0.01090	0.02405	0.01127	0.06954	0.20661	0.16647	0.07759	0.18786	0.01087	0.04217	0.00893	0.00478	0.00374	0.00116	0.00400	0.12198	0.00296	0.00480
19	0.00752	0.00727	0.01129	0.46846	0.26767	0.04711	0.03591	0.02143	0.05206	0.00998	0.00703	0.03662	0.00573	0.00360	0.00345	0.00110	0.00434	0.00329	0.00177	0.00439
20	0.00653	0.00701	0.10873	0.01043	0.23482	0.00580	0.05705	0.04249	0.02388	0.01096	0.08286	0.16417	0.09734	0.00668	0.02538	0.01258	0.00347	0.09319	0.00250	0.00411
21	0.02303	0.26030	0.10140	0.03544	0.04286	0.03022	0.04208	0.03838	0.21770	0.04768	0.01056	0.07312	0.05454	0.00440	0.00316	0.00102	0.00349	0.00358	0.00240	0.00463
22	0.03835	0.19488	0.26876	0.00844	0.05352	0.02835	0.06805	0.02583	0.02869	0.13297	0.03627	0.02397	0.03617	0.00407	0.01022	0.00106	0.02330	0.01020	0.00218	0.00473
23	0.00468	0.00380	0.00510	0.00523	0.00586	0.02026	0.05358	0.00562	0.01731	0.00914	0.05406	0.57496	0.15529	0.02859	0.03820	0.00151	0.00255	0.00828	0.00301	0.00298
24	0.00793	0.03712	0.29314	0.03283	0.40291	0.02122	0.05247	0.01072	0.02879	0.03057	0.00719	0.04680	0.00595	0.00353	0.00338	0.00106	0.00435	0.00320	0.00177	0.00506
25	0.00869	0.14497	0.37121	0.00894	0.03988	0.04385	0.09327	0.01143	0.02865	0.13254	0.02867	0.05830	0.00694	0.00386	0.00328	0.00104	0.00430	0.00324	0.00210	0.00482
26	0.00746	0.14922	0.53108	0.02842	0.08532	0.00854	0.05683	0.01051	0.00735	0.02838	0.02326	0.03622	0.00572	0.00351	0.00320	0.00104	0.00457	0.00289	0.00165	0.00484
27	0.00441	0.00354	0.02293	0.00452	0.00514	0.00305	0.00326	0.01606	0.00713	0.00938	0.05259	0.57828	0.22952	0.00960	0.00417	0.00129	0.00199	0.00852	0.03167	0.00293
28	0.00872	0.03188	0.19312	0.07507	0.39665	0.01691	0.05432	0.04035	0.04649	0.08297	0.00745	0.01799	0.00576	0.00340	0.00338	0.00105	0.00422	0.00309	0.00200	0.00516
29	0.05301	0.01535	0.19740	0.03350	0.05714	0.06712	0.01999	0.08058	0.07050	0.11734	0.12430	0.06115	0.06486	0.00486	0.00360	0.00109	0.01699	0.00399	0.00270	0.00454
30	0.02994	0.00735	0.03944	0.03825	0.42995	0.01819	0.08663	0.02817	0.02584	0.03473	0.01040	0.11900	0.05131	0.00506	0.01698	0.00119	0.00385	0.04690	0.00218	0.00464

[dist]
# distance from previous block
# <min> <max>
0	9

[block]
# block no. 1 follows, 82 sequences, length 18
# corresponding to MSA columns:
# 148-165
name=unknown_B
#
# <colnr> <probs for GDERKNQSTAVLIFYWHMCP>
#	G	D	E	R	K	N	Q	S	T	A	V	L	I	F	Y	W	H	M	C	P
0	0.00861	0.00870	0.02884	0.11653	0.35484	0.07897	0.14962	0.09098	0.00861	0.01151	0.03762	0.02640	0.01819	0.00371	0.00386	0.00108	0.04177	0.00344	0.00196	0.00477
1	0.01940	0.01010	0.07653	0.02566	0.33376	0.16188	0.10711	0.03111	0.12266	0.01137	0.04777	0.00940	0.00705	0.00361	0.00355	0.00105	0.01782	0.00322	0.00207	0.00487
2	0.00783	0.17708	0.39766	0.00895	0.01259	0.00884	0.12665	0.06309	0.03183	0.02573	0.00713	0.04256	0.00578	0.00489	0.05377	0.00130	0.01473	0.00306	0.00181	0.00472
3	0.00577	0.00489	0.00753	0.02482	0.29949	0.00477	0.00581	0.00698	0.00726	0.00992	0.06949	0.42593	0.06353	0.02357	0.00422	0.00126	0.00276	0.02561	0.00265	0.00374
4	0.02153	0.08498	0.34339	0.01271	0.16043	0.00868	0.27834	0.01092	0.02661	0.01085	0.00648	0.00803	0.00493	0.00310	0.00343	0.00107	0.00491	0.00306	0.00164	0.00491
5	0.01060	0.17948	0.04256	0.00783	0.02834	0.43625	0.00631	0.04034	0.00856	0.05177	0.00640	0.00767	0.00536	0.00710	0.14544	0.00164	0.00585	0.00250	0.00188	0.00413
6	0.00437	0.00318	0.00410	0.00474	0.00511	0.00298	0.00326	0.01970	0.00694	0.00915	0.03493	0.73836	0.10015	0.01030	0.00433	0.00136	0.00203	0.03896	0.00319	0.00286
7	0.00792	0.25428	0.37767	0.00907	0.05558	0.07501	0.07895	0.01044	0.00755	0.00993	0.03754	0.00877	0.04611	0.00353	0.00308	0.00098	0.00448	0.00282	0.00168	0.00460
8	0.00848	0.63098	0.26297	0.00698	0.01053	0.01191	0.00782	0.01041	0.00703	0.00886	0.00516	0.00599	0.00437	0.00302	0.00250	0.00083	0.00406	0.00203	0.00146	0.00458
9	0.01098	0.00480	0.00641	0.00540	0.00723	0.00420	0.00426	0.01218	0.00903	0.52235	0.13390	0.17518	0.07677	0.00614	0.00374	0.00113	0.00247	0.00526	0.00390	0.00468
10	0.03936	0.03917	0.07473	0.00687	0.03899	0.01931	0.00571	0.30507	0.07042	0.10136	0.05356	0.02447	0.02498	0.00452	0.01232	0.00105	0.00319	0.00340	0.16670	0.00482
11	0.02467	0.37291	0.10174	0.00656	0.00895	0.09515	0.00617	0.03781	0.07745	0.02650	0.00938	0.11445	0.02381	0.00483	0.00308	0.00100	0.00367	0.07547	0.00217	0.00424
12	0.00732	0.19310	0.69072	0.00896	0.01358	0.00908	0.01126	0.01071	0.00717	0.01027	0.00586	0.00687	0.00434	0.00318	0.00304	0.00101	0.00477	0.00239	0.00145	0.00492
13	0.00430	0.00320	0.00389	0.00435	0.00492	0.00290	0.00307	0.00511	0.00718	0.00937	0.06967	0.50728	0.27604	0.00959	0.00419	0.00129	0.00192	0.04361	0.03523	0.00287
14	0.02712	0.07221	0.37166	0.00735	0.01016	0.00636	0.00799	0.02738	0.00757	0.05258	0.04506	0.18198	0.01190	0.00597	0.00367	0.00120	0.00370	0.14959	0.00237	0.00419
15	0.00432	0.00309	0.00415	0.00494	0.00521	0.00291	0.00345	0.00503	0.00670	0.00891	0.01877	0.78054	0.02228	0.01057	0.00441	0.00141	0.00212	0.10520	0.00317	0.00282
16	0.03616	0.00438	0.00541	0.00508	0.00627	0.00416	0.00385	0.05773	0.01965	0.20281	0.11580	0.27689	0.10619	0.06569	0.00481	0.00135	0.00242	0.05974	0.01785	0.00376
17	0.00900	0.71665	0.13833	0.00651	0.00973	0.01260	0.00685	0.05020	0.00742	0.00909	0.00512	0.00587	0.00445	0.00303	0.00240	0.00080	0.00386	0.00199	0.00155	0.00455

[dist]
# distance from previous block
# <min> <max>
3	26

[block]
# block no. 2 follows, 82 sequences, length 19
# corresponding to MSA columns:
# 197-215
name=unknown_C
#
# <colnr> <probs for GDERKNQSTAVLIFYWHMCP>
#	G	D	E	R	K	N	Q	S	T	A	V	L	I	F	Y	W	H	M	C	P
0	0.00758	0.01625	0.01929	0.03680	0.18808	0.04183	0.09198	0.07080	0.06285	0.03188	0.01206	0.15461	0.06808	0.03407	0.00411	0.00117	0.00348	0.06167	0.00248	0.09092
1	0.00455	0.00362	0.00410	0.00394	0.00499	0.00317	0.00293	0.00580	0.02104	0.01088	0.32153	0.06491	0.45961	0.03177	0.00435	0.00117	0.00179	0.00664	0.00331	0.03990
2	0.00761	0.00653	0.00920	0.00712	0.02529	0.02202	0.14647	0.02101	0.03073	0.05778	0.00844	0.11505	0.00759	0.00380	0.00313	0.00080	0.00315	0.00348	0.00229	0.51850
3	0.00494	0.00357	0.00508	0.00511	0.00563	0.00403	0.00383	0.00599	0.00555	0.00804	0.00988	0.05013	0.00967	0.14103	0.67119	0.00479	0.00769	0.00407	0.04687	0.00292
4	0.00729	0.00693	0.01213	0.07418	0.42483	0.00704	0.13806	0.00916	0.00746	0.01039	0.02541	0.10853	0.00903	0.02576	0.02705	0.00132	0.03404	0.06491	0.00201	0.00448
5	0.00461	0.00359	0.00410	0.00413	0.00505	0.00324	0.00308	0.02769	0.00814	0.01043	0.21076	0.14221	0.44980	0.04825	0.00472	0.00129	0.00196	0.06067	0.00326	0.00301
6	0.82383	0.05790	0.00587	0.00463	0.00681	0.00794	0.00387	0.01027	0.00601	0.04123	0.00503	0.00574	0.00389	0.00319	0.00216	0.00104	0.00271	0.00190	0.00214	0.00381
7	0.02125	0.37013	0.36302	0.00769	0.01141	0.01051	0.00865	0.13087	0.00842	0.01136	0.02420	0.00703	0.00516	0.00332	0.00284	0.00093	0.00419	0.00239	0.00180	0.00483
8	0.00753	0.00500	0.00588	0.00516	0.00653	0.00504	0.00399	0.13512	0.09981	0.09593	0.39982	0.04603	0.06423	0.03112	0.00410	0.00113	0.00224	0.00511	0.07218	0.00403
9	0.00493	0.00332	0.00385	0.00388	0.00393	0.00335	0.00225	0.00503	0.00508	0.00681	0.01105	0.06089	0.01267	0.79005	0.06658	0.00336	0.00360	0.00511	0.00211	0.00216
10	0.00455	0.00343	0.00410	0.00415	0.00491	0.00311	0.00304	0.00561	0.00805	0.01065	0.33835	0.13980	0.29679	0.09983	0.00553	0.00141	0.00198	0.05851	0.00328	0.00293
11	0.00814	0.04832	0.00914	0.00729	0.00850	0.04713	0.06635	0.18472	0.02817	0.01150	0.00867	0.10008	0.00829	0.10474	0.07255	0.00175	0.21936	0.00400	0.05733	0.00395
12	0.00590	0.00536	0.02388	0.00714	0.02211	0.00556	0.11452	0.02015	0.02484	0.00972	0.06986	0.22151	0.09804	0.06860	0.02925	0.01111	0.15553	0.08762	0.01588	0.00340
13	0.00974	0.13025	0.01104	0.04049	0.17399	0.14840	0.00667	0.18837	0.02267	0.01245	0.02086	0.02146	0.00589	0.00345	0.00303	0.00086	0.00389	0.00271	0.00219	0.19157
14	0.03009	0.00625	0.01070	0.05942	0.02777	0.00639	0.26401	0.04388	0.01747	0.01064	0.06974	0.25299	0.01234	0.02649	0.00494	0.00126	0.08684	0.02164	0.00239	0.04473
15	0.00900	0.12975	0.33732	0.00819	0.03684	0.02413	0.00841	0.18399	0.03373	0.04510	0.00687	0.00752	0.00513	0.00335	0.00304	0.00093	0.00404	0.00255	0.00213	0.14798
16	0.00844	0.13404	0.26332	0.05918	0.14527	0.02065	0.06807	0.06947	0.09003	0.05032	0.04255	0.00929	0.01724	0.00362	0.00327	0.00103	0.00414	0.00306	0.00209	0.00492
17	0.00859	0.00531	0.00634	0.00566	0.00719	0.00543	0.00434	0.01266	0.29850	0.22083	0.18920	0.12540	0.03192	0.05718	0.00452	0.00127	0.00246	0.00511	0.00360	0.00449
18	0.00737	0.00729	0.01259	0.01058	0.07449	0.06158	0.37835	0.00954	0.03010	0.03346	0.09881	0.16217	0.02739	0.00525	0.00395	0.00117	0.00414	0.04637	0.02130	0.00409

[dist]
# distance from previous block
# <min> <max>
2	9

[block]
# block no. 3 follows, 82 sequences, length 31
# corresponding to MSA columns:
# 226-256
name=unknown_D
#
# <colnr> <probs for GDERKNQSTAVLIFYWHMCP>
#	G	D	E	R	K	N	Q	S	T	A	V	L	I	F	Y	W	H	M	C	P
0	0.00419	0.00304	0.00394	0.00462	0.00490	0.00281	0.00310	0.00482	0.00668	0.00883	0.03831	0.76788	0.09047	0.03308	0.00467	0.00141	0.00199	0.00932	0.00316	0.00278
1	0.03106	0.05395	0.58553	0.00874	0.02479	0.00789	0.01021	0.05197	0.06449	0.04392	0.03051	0.02015	0.00612	0.01600	0.00342	0.00109	0.00438	0.00285	0.00192	0.03101
2	0.03085	0.04602	0.25464	0.08519	0.15399	0.08365	0.04711	0.06436	0.05117	0.09819	0.03283	0.00924	0.02038	0.00365	0.00332	0.00105	0.00429	0.00304	0.00216	0.00489
3	0.02361	0.24839	0.04771	0.00722	0.05123	0.01590	0.01840	0.13886	0.03351	0.29544	0.03191	0.02313	0.02575	0.00409	0.00314	0.00098	0.00339	0.01935	0.00292	0.00507
4	0.00912	0.00814	0.02928	0.05537	0.41291	0.05072	0.09211	0.03965	0.09424	0.09988	0.03286	0.03530	0.00756	0.00381	0.00351	0.00107	0.00397	0.01310	0.00231	0.00507
5	0.03200	0.08027	0.36774	0.01513	0.09072	0.03381	0.06558	0.06239	0.07315	0.09295	0.01856	0.02699	0.00639	0.00373	0.00330	0.00106	0.00427	0.01482	0.00215	0.00498
6	0.00886	0.04586	0.10910	0.15418	0.17815	0.09590	0.05793	0.08621	0.07538	0.06197	0.06090	0.01040	0.03241	0.00387	0.00341	0.00105	0.00414	0.00332	0.00225	0.00472
7	0.00634	0.00439	0.00579	0.00651	0.09114	0.00421	0.00429	0.03207	0.05573	0.09840	0.09463	0.36739	0.16918	0.00822	0.01602	0.00129	0.00243	0.02514	0.00320	0.00367
8	0.03924	0.24344	0.29541	0.03460	0.09038	0.00911	0.10458	0.01072	0.03222	0.04960	0.00756	0.03260	0.02917	0.00355	0.00311	0.00100	0.00423	0.00297	0.00182	0.00470
9	0.03548	0.06088	0.25118	0.02483	0.18416	0.09803	0.09979	0.06865	0.02973	0.09469	0.00711	0.00811	0.00530	0.00340	0.00338	0.00104	0.01431	0.00288	0.00204	0.00499
10	0.02718	0.06813	0.36896	0.11282	0.15268	0.03024	0.07007	0.03161	0.01650	0.01094	0.04870	0.00952	0.00652	0.00360	0.00334	0.00107	0.00449	0.02714	0.00177	0.00471
11	0.00454	0.00354	0.00401	0.00405	0.00502	0.00313	0.00305	0.00570	0.02012	0.02063	0.20445	0.11735	0.50326	0.02475	0.00435	0.00123	0.00189	0.06261	0.00330	0.00302
12	0.01548	0.11275	0.14203	0.04133	0.11229	0.04997	0.02602	0.15848	0.03512	0.17061	0.01991	0.02516	0.03186	0.01440	0.00356	0.00106	0.01363	0.01877	0.00258	0.00498
13	0.05054	0.10014	0.22396	0.00898	0.09202	0.07943	0.05553	0.07152	0.02124	0.15484	0.06613	0.02664	0.01964	0.00393	0.00326	0.00102	0.00398	0.00321	0.00916	0.00482
14	0.00471	0.00378	0.00501	0.00570	0.04771	0.01555	0.02506	0.00570	0.01955	0.00930	0.05786	0.57035	0.16342	0.00976	0.02480	0.00140	0.00238	0.02184	0.00304	0.00306
15	0.00784	0.04417	0.55834	0.02749	0.05374	0.03318	0.07449	0.03303	0.08800	0.03713	0.00716	0.00807	0.00520	0.00340	0.00331	0.00107	0.00472	0.00281	0.00182	0.00504
16	0.03331	0.08743	0.23900	0.00858	0.02859	0.06862	0.06470	0.24701	0.06070	0.09644	0.00805	0.02857	0.00602	0.00381	0.00328	0.00103	0.00419	0.00303	0.00250	0.00512
17	0.02232	0.04326	0.09837	0.15493	0.27248	0.02638	0.12602	0.07619	0.04609	0.04565	0.00792	0.03807	0.01963	0.00366	0.00345	0.00107	0.00425	0.00339	0.00203	0.00482
18	0.05656	0.04044	0.04811	0.00548	0.00685	0.00488	0.04043	0.03857	0.00789	0.08083	0.13542	0.21769	0.08281	0.00696	0.02063	0.00122	0.02529	0.04641	0.12990	0.00363
19	0.11733	0.20639	0.22910	0.03052	0.07691	0.03838	0.00768	0.10157	0.06144	0.03848	0.02697	0.00835	0.02213	0.00392	0.01632	0.00106	0.00396	0.00270	0.00209	0.00472
20	0.07111	0.20060	0.19185	0.02025	0.08715	0.03117	0.02057	0.13899	0.08309	0.06700	0.03708	0.00844	0.00643	0.00365	0.00318	0.00100	0.01845	0.00279	0.00227	0.00491
21	0.00454	0.02126	0.00422	0.00416	0.00498	0.00341	0.00302	0.00563	0.03295	0.00945	0.06808	0.28637	0.43251	0.04193	0.01536	0.00134	0.01401	0.00738	0.03644	0.00297
22	0.01823	0.13825	0.11157	0.13177	0.21761	0.03379	0.16223	0.05573	0.03728	0.01100	0.00671	0.00834	0.00528	0.00325	0.00326	0.00102	0.00437	0.00299	0.04262	0.00471
23	0.04526	0.14970	0.16241	0.05487	0.06137	0.04050	0.08872	0.13584	0.06800	0.13613	0.00784	0.00843	0.00575	0.00366	0.00334	0.01388	0.00406	0.00290	0.00237	0.00497
24	0.04230	0.03047	0.25058	0.16144	0.03670	0.00675	0.09191	0.03384	0.02041	0.02812	0.12890	0.04696	0.07597	0.00469	0.00356	0.00112	0.00386	0.02598	0.00224	0.00421
25	0.00517	0.00368	0.00494	0.00561	0.00629	0.00358	0.00455	0.00650	0.01999	0.02197	0.01957	0.29225	0.08913	0.00962	0.00452	0.00147	0.00267	0.49220	0.00318	0.00309
26	0.07594	0.07773	0.09110	0.03392	0.12420	0.05063	0.08099	0.20663	0.10431	0.10913	0.00817	0.00866	0.00601	0.00364	0.00326	0.00104	0.00394	0.00300	0.00257	0.00513
27	0.02353	0.28763	0.31848	0.03872	0.01252	0.00982	0.09953	0.08538	0.02271	0.04952	0.01836	0.00757	0.00526	0.00331	0.00303	0.00098	0.00433	0.00264	0.00187	0.00481
28	0.00418	0.00302	0.00399	0.00472	0.00498	0.00283	0.00318	0.00481	0.00658	0.00873	0.01935	0.81029	0.06354	0.01105	0.02971	0.00150	0.00218	0.00942	0.00314	0.00279
29	0.00839	0.00805	0.01375	0.05279	0.82723	0.00811	0.01046	0.01043	0.00775	0.01108	0.00642	0.00849	0.00539	0.00306	0.00339	0.00102	0.00408	0.00305	0.00169	0.00536
30	0.02297	0.00629	0.02005	0.02282	0.12006	0.02391	0.01957	0.09686	0.12642	0.14903	0.29253	0.03283	0.04155	0.00522	0.00365	0.00108	0.00281	0.00450	0.00329	0.00456

[dist]
# distance from previous block
# <min> <max>
0	1

[block]
# block no. 4 follows, 82 sequences, length 12
# corresponding to MSA columns:
# 258-269
name=unknown_E
#
# <colnr> <probs for GDERKNQSTAVLIFYWHMCP>
#	G	D	E	R	K	N	Q	S	T	A	V	L	I	F	Y	W	H	M	C	P
0	0.00417	0.00298	0.00397	0.00476	0.00496	0.00278	0.00318	0.00476	0.00655	0.00873	0.01885	0.87755	0.02262	0.01072	0.00437	0.00139	0.00198	0.00972	0.00318	0.00278
1	0.00522	0.00416	0.00615	0.00595	0.00648	0.00508	0.00469	0.00639	0.00546	0.00798	0.00855	0.01266	0.00802	0.02309	0.75486	0.00498	0.12175	0.00358	0.00179	0.00314
2	0.15883	0.03259	0.00835	0.00624	0.00884	0.00630	0.03148	0.08557	0.00954	0.60029	0.01116	0.01011	0.00725	0.00397	0.00321	0.00105	0.00305	0.00312	0.00366	0.00540
3	0.00797	0.00762	0.01299	0.23050	0.65280	0.00800	0.01025	0.01007	0.00756	0.01058	0.00635	0.00863	0.00521	0.00314	0.00339	0.00105	0.00419	0.00305	0.00165	0.00502
4	0.00602	0.00413	0.00458	0.00427	0.00463	0.00427	0.00265	0.11465	0.00642	0.00858	0.01044	0.02054	0.01157	0.76572	0.01559	0.00302	0.00337	0.00473	0.00225	0.00256
5	0.84653	0.00667	0.00538	0.00479	0.00677	0.00785	0.00395	0.00994	0.00578	0.01489	0.00475	0.00568	0.00375	0.00336	0.00270	0.00109	0.05842	0.00193	0.00208	0.00371
6	0.01062	0.20334	0.02779	0.10205	0.09595	0.14881	0.02509	0.29855	0.03328	0.01341	0.00666	0.00753	0.00518	0.00354	0.00310	0.00096	0.00428	0.00269	0.00227	0.00489
7	0.01173	0.01241	0.01074	0.04030	0.01149	0.43930	0.08614	0.19473	0.04045	0.04766	0.00670	0.00757	0.00519	0.00383	0.00387	0.00101	0.06731	0.00277	0.00226	0.00454
8	0.00404	0.00347	0.00347	0.00347	0.00462	0.00289	0.00260	0.00491	0.00780	0.00924	0.03465	0.03292	0.85706	0.00866	0.00404	0.00116	0.00173	0.00722	0.00318	0.00289
9	0.01173	0.01404	0.00958	0.00855	0.01034	0.64668	0.02587	0.05175	0.11945	0.00979	0.00670	0.00747	0.00542	0.00449	0.03247	0.00110	0.02573	0.00257	0.00206	0.00422
10	0.00417	0.00298	0.00397	0.00476	0.00496	0.00278	0.00318	0.00476	0.00655	0.00873	0.01885	0.87755	0.02262	0.01072	0.00437	0.00139	0.00198	0.00972	0.00318	0.00278
11	0.00741	0.14338	0.62759	0.01064	0.12381	0.00879	0.01136	0.01070	0.00726	0.01047	0.00597	0.00713	0.00448	0.00318	0.00311	0.00102	0.00472	0.00249	0.00148	0.00500

[dist]
# distance from previous block
# <min> <max>
0	12

# created by:
# /home/simao/soft/augustus-3.0.3/scripts/msa2prfl.pl ./prep/118570.aln
