[name]
unknown

[dist]
# distance from previous block
# <min> <max>
0	328

[block]
# block no. 0 follows, 70 sequences, length 83
# corresponding to MSA columns:
# 456-495,497-528,530-540
name=unknown_A
#
# <colnr> <probs for GDERKNQSTAVLIFYWHMCP>
#	G	D	E	R	K	N	Q	S	T	A	V	L	I	F	Y	W	H	M	C	P
0	0.02351	0.07902	0.11000	0.07646	0.15755	0.05469	0.05548	0.13780	0.04398	0.08789	0.01956	0.02985	0.03577	0.00441	0.00394	0.00116	0.02309	0.00367	0.00264	0.04955
1	0.06047	0.12086	0.18429	0.03908	0.13113	0.05322	0.00845	0.09313	0.03099	0.01299	0.02935	0.13366	0.00956	0.00576	0.02423	0.00130	0.00440	0.01385	0.00244	0.04084
2	0.06700	0.06412	0.09018	0.03536	0.16166	0.06298	0.03361	0.08509	0.13597	0.03592	0.01073	0.07649	0.02995	0.00661	0.06326	0.00156	0.01597	0.00409	0.00266	0.01678
3	0.00985	0.00798	0.01023	0.17608	0.09797	0.00808	0.00722	0.22649	0.03243	0.03336	0.00960	0.01111	0.04346	0.03042	0.00408	0.00109	0.00387	0.00341	0.00272	0.28056
4	0.72410	0.00763	0.00665	0.02446	0.03355	0.00874	0.00485	0.07733	0.00765	0.02721	0.00607	0.00714	0.00472	0.00449	0.02198	0.02078	0.00338	0.00238	0.00250	0.00441
5	0.00588	0.00432	0.00521	0.00495	0.00608	0.00403	0.00372	0.00808	0.06973	0.03915	0.50722	0.07664	0.23373	0.00835	0.00453	0.00127	0.00202	0.00725	0.00406	0.00380
6	0.00503	0.00387	0.00461	0.00462	0.00559	0.00345	0.00342	0.00635	0.00957	0.01264	0.38761	0.15711	0.34882	0.00935	0.00465	0.00132	0.00198	0.02271	0.00389	0.00343
7	0.00581	0.00451	0.00694	0.00712	0.04414	0.00505	0.03007	0.00715	0.00642	0.00916	0.01066	0.04146	0.01029	0.10004	0.68637	0.00549	0.00918	0.00447	0.00214	0.00353
8	0.00499	0.00380	0.00459	0.00474	0.00560	0.00341	0.00345	0.00621	0.00924	0.01219	0.32437	0.25454	0.31140	0.00977	0.00469	0.00136	0.00203	0.02640	0.00384	0.00339
9	0.50593	0.00841	0.00890	0.05276	0.11422	0.02148	0.02422	0.14608	0.00924	0.06638	0.00701	0.00793	0.00526	0.00384	0.00305	0.00119	0.00368	0.00274	0.00267	0.00501
10	0.00806	0.00782	0.01134	0.42563	0.01811	0.03871	0.00930	0.00981	0.00711	0.00986	0.00636	0.00962	0.00535	0.00515	0.00758	0.00144	0.36813	0.00340	0.04297	0.00425
11	0.00466	0.00365	0.00423	0.00467	0.00544	0.00322	0.00328	0.00551	0.00816	0.01026	0.04146	0.44781	0.42198	0.01095	0.00476	0.00144	0.00210	0.00958	0.00361	0.00322
12	0.00804	0.00689	0.00804	0.00574	0.00919	0.00517	0.00459	0.00976	0.00804	0.01263	0.00689	0.00804	0.00574	0.00287	0.00287	0.00057	0.00287	0.00230	0.00230	0.88745
13	0.00889	0.00872	0.01179	0.06801	0.10344	0.06627	0.04908	0.04764	0.00749	0.01052	0.00672	0.01050	0.00629	0.08321	0.03810	0.00182	0.43708	0.00360	0.00195	0.02888
14	0.78473	0.00771	0.01791	0.00540	0.00778	0.02097	0.00447	0.01177	0.03280	0.03962	0.00655	0.03472	0.00531	0.00397	0.00261	0.00121	0.00308	0.00253	0.00254	0.00432
15	0.00547	0.00369	0.00428	0.00444	0.00448	0.00365	0.00257	0.00559	0.00596	0.00795	0.01386	0.17595	0.01617	0.71033	0.01707	0.00337	0.00349	0.00661	0.00257	0.00249
16	0.00676	0.02414	0.00788	0.00709	0.02105	0.01562	0.03582	0.03720	0.00677	0.00950	0.02204	0.01637	0.01011	0.24794	0.37937	0.00416	0.13807	0.00440	0.00217	0.00355
17	0.00778	0.02005	0.84367	0.01105	0.01678	0.00900	0.01432	0.01228	0.00818	0.01228	0.00696	0.00818	0.00491	0.00368	0.00368	0.00123	0.00573	0.00286	0.00164	0.00573
18	0.00975	0.10888	0.11828	0.11593	0.12904	0.07586	0.01709	0.06143	0.05869	0.04372	0.03613	0.00973	0.00702	0.00432	0.00472	0.00116	0.11164	0.00325	0.00227	0.08109
19	0.00833	0.01602	0.50185	0.01312	0.01801	0.00938	0.33391	0.01227	0.00852	0.01227	0.00727	0.00909	0.00530	0.00359	0.00423	0.00127	0.02478	0.00355	0.00177	0.00550
20	0.00522	0.00385	0.00500	0.00574	0.00638	0.00362	0.00439	0.00634	0.00819	0.01059	0.02428	0.43238	0.16959	0.01124	0.00502	0.00160	0.00265	0.28701	0.00359	0.00332
21	0.00886	0.00763	0.01144	0.32081	0.23369	0.00851	0.00914	0.12209	0.05559	0.02323	0.00987	0.07546	0.01912	0.03344	0.02318	0.00146	0.01286	0.01612	0.00245	0.00504
22	0.09302	0.03032	0.08994	0.05231	0.19722	0.05260	0.05373	0.09963	0.03843	0.21453	0.00982	0.01106	0.00726	0.00426	0.00375	0.00120	0.00438	0.02783	0.00295	0.00575
23	0.00555	0.00410	0.00594	0.00594	0.00653	0.00469	0.00448	0.00673	0.00614	0.00878	0.01065	0.01672	0.01034	0.15178	0.72657	0.00587	0.00941	0.00437	0.00212	0.00330
24	0.00565	0.00375	0.00422	0.00424	0.00426	0.00374	0.00238	0.00571	0.00573	0.00772	0.01242	0.04328	0.01425	0.82635	0.01904	0.00365	0.00368	0.00571	0.02181	0.00239
25	0.04177	0.01085	0.09184	0.04764	0.07119	0.02173	0.02896	0.48640	0.05508	0.06496	0.00964	0.03554	0.00722	0.00463	0.00386	0.00120	0.00435	0.00369	0.00335	0.00611
26	0.00915	0.01046	0.02288	0.01634	0.02026	0.00980	0.82549	0.01242	0.00915	0.01242	0.00784	0.01046	0.00588	0.00327	0.00458	0.00131	0.00654	0.00458	0.00196	0.00523
27	0.00564	0.00376	0.00423	0.00423	0.00423	0.00376	0.00235	0.00564	0.00564	0.00752	0.01222	0.02537	0.01409	0.86375	0.01973	0.00376	0.00376	0.00564	0.00235	0.00235
28	0.89114	0.00750	0.00570	0.00510	0.00750	0.00870	0.00420	0.01140	0.00660	0.01739	0.00540	0.00630	0.00420	0.00360	0.00240	0.00120	0.00300	0.00210	0.00240	0.00420
29	0.01015	0.30768	0.11387	0.03210	0.07167	0.09932	0.01902	0.01350	0.14288	0.04461	0.02327	0.00965	0.02069	0.00413	0.00366	0.00107	0.03583	0.00308	0.00232	0.04150
30	0.00512	0.00387	0.00473	0.00469	0.00561	0.00347	0.00345	0.00654	0.00985	0.01329	0.49316	0.15532	0.25857	0.00908	0.00463	0.00130	0.00193	0.00794	0.00398	0.00347
31	0.00911	0.00796	0.00950	0.05637	0.12733	0.03459	0.00698	0.08259	0.38689	0.01444	0.01445	0.13504	0.03217	0.00616	0.00438	0.00133	0.02967	0.03232	0.00333	0.00538
32	0.00848	0.02112	0.08481	0.55222	0.09840	0.09706	0.06213	0.01106	0.00832	0.01047	0.00688	0.00968	0.00526	0.00379	0.00384	0.00124	0.00543	0.00335	0.00178	0.00469
33	0.00547	0.00379	0.00482	0.00500	0.00567	0.00349	0.00352	0.00658	0.00889	0.03772	0.33358	0.36368	0.11213	0.08022	0.00595	0.00158	0.00222	0.00853	0.00379	0.00340
34	0.00792	0.00715	0.01196	0.72307	0.10804	0.00865	0.01066	0.01040	0.00793	0.03820	0.00717	0.01032	0.00541	0.00393	0.00407	0.00128	0.02396	0.00346	0.00185	0.00457
35	0.00501	0.00360	0.00475	0.00522	0.00571	0.00335	0.00365	0.00610	0.00870	0.01189	0.30545	0.55056	0.03925	0.01063	0.00482	0.00145	0.00212	0.02058	0.00383	0.00333
36	0.01458	0.00863	0.01013	0.00822	0.03599	0.00890	0.00652	0.44051	0.01463	0.30417	0.05925	0.01241	0.02412	0.00494	0.00390	0.00117	0.00370	0.00392	0.02803	0.00627
37	0.00732	0.00689	0.01163	0.85444	0.02670	0.00861	0.01077	0.00991	0.00775	0.00991	0.00689	0.01034	0.00517	0.00388	0.00388	0.00129	0.00517	0.00345	0.00172	0.00431
38	0.01443	0.01479	0.01111	0.00938	0.01184	0.46033	0.00733	0.37353	0.01412	0.01620	0.00760	0.00818	0.00581	0.00430	0.00365	0.00107	0.00567	0.00296	0.02231	0.00540
39	0.00895	0.00853	0.01409	0.25925	0.55829	0.02121	0.01119	0.02318	0.00865	0.01192	0.00762	0.03588	0.00645	0.00387	0.00388	0.00120	0.00472	0.00367	0.00194	0.00551
40	0.00902	0.00880	0.01350	0.19654	0.51993	0.05191	0.01054	0.01151	0.03969	0.01180	0.00918	0.01145	0.05060	0.01471	0.00427	0.00123	0.02412	0.00372	0.00205	0.00542
41	0.00993	0.00868	0.00892	0.00798	0.01019	0.03243	0.00621	0.04549	0.78502	0.01629	0.01531	0.01410	0.01149	0.00521	0.00393	0.00130	0.00321	0.00430	0.00389	0.00611
42	0.79887	0.00746	0.00641	0.00557	0.00800	0.00846	0.03192	0.01167	0.00692	0.05754	0.00632	0.02577	0.00500	0.00384	0.00260	0.00121	0.00312	0.00247	0.00253	0.00433
43	0.02218	0.01277	0.01181	0.14572	0.19085	0.39206	0.00868	0.03969	0.01021	0.11854	0.00771	0.00894	0.00590	0.00398	0.00368	0.00111	0.00559	0.00306	0.00236	0.00515
44	0.01393	0.01050	0.01147	0.00891	0.01175	0.01177	0.00734	0.71709	0.04767	0.02273	0.00918	0.00941	0.00666	0.00480	0.00452	0.00120	0.06807	0.00349	0.00368	0.02583
45	0.00899	0.00857	0.01443	0.24401	0.59815	0.00907	0.01142	0.01164	0.03380	0.01204	0.00745	0.00994	0.00606	0.00362	0.00385	0.00119	0.00471	0.00348	0.00193	0.00565
46	0.46416	0.00797	0.00869	0.00756	0.00879	0.01023	0.00627	0.01040	0.00628	0.01349	0.00525	0.00735	0.00463	0.00514	0.00739	0.00144	0.41595	0.00272	0.00206	0.00422
47	0.00566	0.00412	0.00610	0.02138	0.00696	0.00471	0.00467	0.00678	0.00628	0.00896	0.03552	0.01587	0.01046	0.07329	0.69858	0.07188	0.00913	0.00425	0.00212	0.00329
48	0.36204	0.00695	0.00770	0.00619	0.00895	0.00688	0.00511	0.01594	0.00932	0.51689	0.01139	0.01047	0.00747	0.00433	0.00331	0.00120	0.00318	0.00319	0.00385	0.00565
49	0.00565	0.00385	0.00482	0.00482	0.00501	0.00405	0.00309	0.00597	0.00578	0.00790	0.01148	0.02200	0.01257	0.59678	0.25065	0.03997	0.00559	0.00513	0.00225	0.00263
50	0.00503	0.00391	0.00458	0.00451	0.00556	0.00346	0.00337	0.00639	0.00972	0.01278	0.40405	0.09087	0.40210	0.00912	0.00461	0.00129	0.00194	0.01936	0.00391	0.00345
51	0.04715	0.01811	0.70713	0.01118	0.02675	0.00888	0.07595	0.01203	0.00817	0.01245	0.00740	0.03424	0.00560	0.00390	0.00374	0.00124	0.00555	0.00322	0.00176	0.00555
52	0.00564	0.00377	0.00429	0.00430	0.00432	0.00379	0.00244	0.00569	0.00569	0.00759	0.01229	0.02545	0.01413	0.83897	0.03304	0.00377	0.00386	0.01621	0.00236	0.00238
53	0.01089	0.11431	0.14350	0.07577	0.06840	0.00809	0.03526	0.03429	0.06333	0.25037	0.08327	0.04162	0.02424	0.01417	0.00400	0.00122	0.00397	0.01468	0.00315	0.00546
54	0.01114	0.10166	0.03637	0.00791	0.01003	0.15193	0.00654	0.27975	0.03995	0.01508	0.03424	0.02122	0.00828	0.06080	0.07082	0.00169	0.06488	0.00357	0.06915	0.00499
55	0.00941	0.09344	0.12663	0.08446	0.17664	0.02081	0.00846	0.05641	0.05987	0.08150	0.02877	0.04129	0.01826	0.01627	0.05807	0.00148	0.01350	0.00368	0.00250	0.09856
56	0.04600	0.25388	0.35647	0.03802	0.01353	0.01981	0.00988	0.11511	0.05193	0.05018	0.00756	0.00831	0.00569	0.00384	0.00335	0.00111	0.00474	0.00283	0.00222	0.00556
57	0.00678	0.14423	0.00785	0.00530	0.00670	0.00576	0.00427	0.00870	0.02831	0.04301	0.65613	0.02441	0.02998	0.00701	0.00420	0.00116	0.00228	0.00604	0.00385	0.00403
58	0.04747	0.00670	0.00892	0.00687	0.00985	0.00590	0.00567	0.03139	0.01105	0.80091	0.01486	0.01290	0.00936	0.00475	0.00385	0.00120	0.00330	0.00383	0.00470	0.00651
59	0.00939	0.06681	0.13713	0.04157	0.36078	0.04435	0.16636	0.01200	0.00892	0.04081	0.03882	0.03132	0.00766	0.00398	0.00393	0.00119	0.00501	0.01234	0.00211	0.00553
60	0.00486	0.00392	0.00433	0.00426	0.00542	0.00339	0.00318	0.00609	0.00944	0.01199	0.28077	0.05984	0.57029	0.00932	0.00459	0.00129	0.00193	0.00791	0.00380	0.00339
61	0.01184	0.00537	0.00722	0.00596	0.00798	0.00475	0.00475	0.01350	0.01104	0.45686	0.39860	0.02054	0.02218	0.00626	0.00421	0.00121	0.00261	0.00535	0.00455	0.00523
62	0.01571	0.00737	0.01996	0.00839	0.01150	0.00650	0.12796	0.03064	0.02433	0.66991	0.01393	0.01272	0.00898	0.00495	0.01733	0.00130	0.00393	0.00399	0.00427	0.00633
63	0.01778	0.14261	0.54977	0.03786	0.06679	0.01000	0.05062	0.03966	0.00860	0.03169	0.00705	0.00829	0.00521	0.00366	0.00356	0.00117	0.00531	0.00292	0.00183	0.00561
64	0.01077	0.00847	0.00909	0.00792	0.01027	0.00960	0.00623	0.10602	0.68381	0.07977	0.01506	0.01382	0.01111	0.00516	0.00393	0.00129	0.00321	0.00425	0.00400	0.00622
65	0.00618	0.00443	0.00616	0.00699	0.00790	0.00441	0.00609	0.00795	0.00899	0.01171	0.04845	0.04309	0.04079	0.01060	0.00531	0.00176	0.00348	0.76855	0.00359	0.00357
66	0.01285	0.19445	0.01321	0.00940	0.01147	0.56549	0.01891	0.01392	0.00973	0.00943	0.00579	0.00705	0.00501	0.00417	0.00437	0.00105	0.10471	0.00254	0.00189	0.00458
67	0.08008	0.01698	0.01072	0.01001	0.03988	0.72706	0.00735	0.02604	0.01068	0.02847	0.00624	0.00719	0.00509	0.00397	0.00344	0.00103	0.00649	0.00254	0.00211	0.00460
68	0.00554	0.00415	0.00623	0.00623	0.00692	0.00485	0.00485	0.00692	0.00623	0.00900	0.01038	0.01523	0.00969	0.02908	0.84839	0.00623	0.01038	0.00415	0.00208	0.00346
69	0.00479	0.00344	0.00457	0.00544	0.00573	0.00322	0.00371	0.00553	0.00753	0.00999	0.02181	0.79944	0.04749	0.01201	0.00496	0.00158	0.00231	0.04969	0.00360	0.00317
70	0.00550	0.00392	0.00522	0.00595	0.00649	0.00380	0.00457	0.00661	0.00800	0.01051	0.03993	0.36377	0.05258	0.10917	0.00680	0.00190	0.00297	0.35560	0.00346	0.00325
71	0.13341	0.02733	0.00557	0.01770	0.00633	0.00511	0.00398	0.00771	0.01687	0.01073	0.01296	0.07116	0.01370	0.33314	0.09314	0.00276	0.00404	0.15670	0.07441	0.00325
72	0.49384	0.01202	0.22170	0.00872	0.07332	0.09525	0.02122	0.01210	0.00767	0.01483	0.00604	0.00717	0.00464	0.00364	0.00298	0.00118	0.00429	0.00248	0.00212	0.00478
73	0.00890	0.00889	0.01278	0.28506	0.13774	0.06482	0.04600	0.03795	0.00783	0.01066	0.00632	0.00926	0.00535	0.00495	0.00730	0.00141	0.33483	0.00342	0.00184	0.00468
74	0.00502	0.00390	0.00509	0.09161	0.00766	0.00376	0.00415	0.00602	0.00795	0.01031	0.05180	0.52200	0.23114	0.01044	0.00470	0.00145	0.00245	0.00927	0.01795	0.00332
75	0.00473	0.00345	0.00445	0.00521	0.00558	0.00318	0.00352	0.00547	0.00768	0.01012	0.04559	0.74210	0.12115	0.01176	0.00490	0.00153	0.00220	0.01058	0.00362	0.00318
76	0.02912	0.00983	0.06841	0.07846	0.48881	0.00918	0.17713	0.02985	0.02394	0.01290	0.03000	0.01027	0.00684	0.00364	0.00397	0.00120	0.00496	0.00373	0.00205	0.00570
77	0.00849	0.00458	0.00535	0.00486	0.00620	0.00447	0.00375	0.01104	0.08079	0.14235	0.25731	0.01855	0.01793	0.00563	0.00355	0.00108	0.00215	0.00473	0.41287	0.00430
78	0.02850	0.01711	0.09185	0.11449	0.33706	0.00921	0.03408	0.04742	0.08274	0.01286	0.05190	0.01153	0.00822	0.01862	0.00519	0.00131	0.10519	0.01506	0.00227	0.00537
79	0.00566	0.00431	0.01668	0.00539	0.00607	0.01317	0.00396	0.00687	0.00831	0.02179	0.31731	0.20825	0.03189	0.14039	0.17859	0.00270	0.01506	0.00693	0.00330	0.00339
80	0.00515	0.00386	0.00479	0.00501	0.00585	0.00353	0.00374	0.00643	0.00919	0.01218	0.30859	0.24061	0.24753	0.02257	0.00499	0.00144	0.00221	0.10514	0.00381	0.00340
81	0.02006	0.00792	0.05613	0.00747	0.07191	0.00592	0.00576	0.03168	0.00836	0.01299	0.00697	0.00817	0.00573	0.00302	0.00301	0.00068	0.00320	0.00244	0.00227	0.73630
82	0.00954	0.06101	0.03169	0.08189	0.27776	0.06993	0.04987	0.03706	0.02055	0.03085	0.02098	0.00925	0.00642	0.00350	0.00349	0.00097	0.00428	0.00307	0.00220	0.27569

[dist]
# distance from previous block
# <min> <max>
5	9

[block]
# block no. 1 follows, 70 sequences, length 6
# corresponding to MSA columns:
# 550-555
name=unknown_B
#
# <colnr> <probs for GDERKNQSTAVLIFYWHMCP>
#	G	D	E	R	K	N	Q	S	T	A	V	L	I	F	Y	W	H	M	C	P
0	0.04347	0.00487	0.03926	0.04225	0.00668	0.00455	0.00399	0.00713	0.00638	0.04852	0.01184	0.06194	0.01264	0.49021	0.09088	0.07431	0.00434	0.04132	0.00245	0.00299
1	0.00875	0.00789	0.02746	0.09855	0.36947	0.00795	0.03193	0.05678	0.00924	0.04076	0.10271	0.06919	0.04380	0.00514	0.00462	0.00123	0.06268	0.00452	0.00255	0.04479
2	0.43279	0.04727	0.06137	0.04719	0.00991	0.00850	0.03136	0.04771	0.00781	0.08284	0.00865	0.00987	0.04295	0.00681	0.09005	0.00174	0.05305	0.00306	0.00252	0.00456
3	0.03087	0.00692	0.00985	0.15662	0.16109	0.00727	0.00731	0.11256	0.00933	0.12450	0.03141	0.03322	0.00820	0.00747	0.07478	0.09849	0.02085	0.00375	0.03159	0.06391
4	0.02491	0.10166	0.02401	0.02965	0.11142	0.23050	0.04571	0.02658	0.05277	0.01127	0.06842	0.06975	0.02532	0.05607	0.02578	0.00142	0.04700	0.00408	0.00240	0.04128
5	0.00880	0.00675	0.02897	0.18265	0.11992	0.00673	0.05466	0.07611	0.00915	0.10245	0.04903	0.07426	0.07588	0.00690	0.00560	0.11244	0.00396	0.06844	0.00280	0.00449

[dist]
# distance from previous block
# <min> <max>
12	36

[block]
# block no. 2 follows, 70 sequences, length 8
# corresponding to MSA columns:
# 607-611,619-621
name=unknown_C
#
# <colnr> <probs for GDERKNQSTAVLIFYWHMCP>
#	G	D	E	R	K	N	Q	S	T	A	V	L	I	F	Y	W	H	M	C	P
0	0.00803	0.00655	0.00844	0.13247	0.05207	0.06116	0.03261	0.03904	0.05456	0.06752	0.03744	0.22370	0.03506	0.06945	0.04685	0.00180	0.03756	0.07852	0.00297	0.00420
1	0.02589	0.02017	0.10992	0.04431	0.18381	0.04315	0.06778	0.06320	0.04445	0.04829	0.09945	0.01647	0.14102	0.01869	0.00435	0.00125	0.01670	0.00460	0.04157	0.00497
2	0.02536	0.05103	0.16258	0.06759	0.29054	0.04035	0.09797	0.07338	0.04999	0.04147	0.00852	0.03019	0.00689	0.00455	0.02030	0.00130	0.00498	0.01513	0.00227	0.00559
3	0.00926	0.00892	0.04591	0.41828	0.22276	0.05232	0.03395	0.06838	0.02833	0.04646	0.00797	0.02625	0.00624	0.00404	0.00388	0.00123	0.00494	0.00360	0.00215	0.00513
4	0.00963	0.00797	0.10484	0.09314	0.01118	0.03749	0.02426	0.05782	0.05145	0.19128	0.03895	0.15267	0.04504	0.07804	0.00586	0.01944	0.01933	0.04367	0.00322	0.00472
5	0.00855	0.05565	0.12748	0.03859	0.15023	0.06741	0.06641	0.04511	0.00916	0.05433	0.06858	0.18134	0.08337	0.00626	0.00427	0.00126	0.01901	0.00547	0.00273	0.00478
6	0.03126	0.03243	0.08574	0.05684	0.23008	0.04593	0.09223	0.13111	0.04011	0.08704	0.03327	0.01150	0.02132	0.03850	0.02368	0.00141	0.02566	0.00377	0.00262	0.00550
7	0.04126	0.00902	0.01375	0.16689	0.46820	0.05502	0.04441	0.03947	0.00892	0.03780	0.00790	0.04363	0.00669	0.00411	0.00418	0.00122	0.03626	0.00371	0.00212	0.00546

[dist]
# distance from previous block
# <min> <max>
0	1

[block]
# block no. 3 follows, 70 sequences, length 14
# corresponding to MSA columns:
# 623-626,629-638
name=unknown_D
#
# <colnr> <probs for GDERKNQSTAVLIFYWHMCP>
#	G	D	E	R	K	N	Q	S	T	A	V	L	I	F	Y	W	H	M	C	P
0	0.00713	0.00825	0.13053	0.17469	0.03585	0.00731	0.07680	0.04667	0.00827	0.01136	0.04285	0.27325	0.04007	0.00707	0.00539	0.00141	0.11015	0.00607	0.00256	0.00432
1	0.09383	0.03807	0.11517	0.03359	0.16237	0.08339	0.05516	0.14791	0.02469	0.11962	0.02659	0.04392	0.00806	0.00457	0.00377	0.00120	0.00449	0.02527	0.00281	0.00552
2	0.00949	0.03381	0.14515	0.14359	0.16561	0.03917	0.04255	0.01172	0.00889	0.15830	0.01318	0.09696	0.08675	0.00541	0.00402	0.00126	0.00430	0.02202	0.00271	0.00512
3	0.00792	0.00626	0.00960	0.27983	0.17172	0.00674	0.00781	0.01034	0.06671	0.08247	0.02704	0.26092	0.03334	0.00661	0.00422	0.00134	0.00376	0.00595	0.00282	0.00461
4	0.00892	0.00932	0.15860	0.14283	0.11224	0.02798	0.08174	0.01161	0.03907	0.12485	0.06810	0.08468	0.04736	0.02993	0.00457	0.00135	0.00433	0.03478	0.00276	0.00498
5	0.01027	0.01223	0.20889	0.06274	0.31528	0.08052	0.06200	0.05732	0.04231	0.08141	0.02476	0.01000	0.00683	0.00390	0.00385	0.00119	0.00498	0.00345	0.00232	0.00576
6	0.03798	0.00945	0.07116	0.09358	0.63000	0.00886	0.02796	0.01144	0.00856	0.01242	0.00784	0.04894	0.00681	0.00391	0.00385	0.00119	0.00461	0.00374	0.00198	0.00573
7	0.00516	0.00379	0.00504	0.04479	0.00678	0.00370	0.00406	0.02335	0.00771	0.01020	0.02072	0.68995	0.06100	0.04292	0.01881	0.00170	0.00265	0.04094	0.00345	0.00327
8	0.02446	0.01013	0.11026	0.02960	0.30549	0.03127	0.08751	0.07582	0.03291	0.22624	0.02196	0.01073	0.00742	0.00404	0.00389	0.00119	0.00453	0.00364	0.00287	0.00601
9	0.01063	0.06186	0.23108	0.01371	0.26808	0.06840	0.03179	0.07664	0.00977	0.12240	0.02306	0.04912	0.00758	0.00429	0.00379	0.00117	0.00474	0.00365	0.00249	0.00574
10	0.00888	0.00623	0.00933	0.01074	0.19564	0.00611	0.04130	0.05669	0.00924	0.13862	0.01597	0.21651	0.05223	0.03129	0.02107	0.00156	0.01608	0.15453	0.00325	0.00472
11	0.79734	0.02936	0.03777	0.00535	0.00784	0.00866	0.00462	0.01126	0.00688	0.01691	0.04140	0.00735	0.00564	0.00378	0.00254	0.00119	0.00308	0.00234	0.00243	0.00425
12	0.00486	0.00395	0.00451	0.00454	0.00562	0.00364	0.00341	0.00592	0.00822	0.01026	0.06240	0.06747	0.57272	0.03190	0.19037	0.00245	0.00386	0.00732	0.00326	0.00330
13	0.00977	0.29608	0.30944	0.00909	0.02363	0.09587	0.03930	0.04376	0.01911	0.03512	0.01719	0.00975	0.04185	0.00406	0.00338	0.00107	0.00491	0.01417	0.00205	0.02041

[dist]
# distance from previous block
# <min> <max>
0	240

# created by:
# /home/simao/soft/augustus-3.0.3/scripts/msa2prfl.pl ./prep/119017.aln
