[name]
unknown

[dist]
# distance from previous block
# <min> <max>
3	138

[block]
# block no. 0 follows, 61 sequences, length 55
# corresponding to MSA columns:
# 284-338
name=unknown_A
#
# <colnr> <probs for GDERKNQSTAVLIFYWHMCP>
#	G	D	E	R	K	N	Q	S	T	A	V	L	I	F	Y	W	H	M	C	P
0	0.03352	0.06707	0.06278	0.01254	0.10065	0.12748	0.16169	0.08797	0.06949	0.14264	0.01069	0.04406	0.00832	0.00475	0.00424	0.00128	0.00532	0.00418	0.00309	0.04824
1	0.00774	0.00673	0.08243	0.00736	0.00879	0.00617	0.00630	0.00986	0.03557	0.06350	0.01259	0.01879	0.01153	0.10381	0.43999	0.00460	0.04700	0.05573	0.06718	0.00434
2	0.00690	0.00532	0.00734	0.08983	0.04540	0.00532	0.02007	0.05058	0.00976	0.03118	0.11524	0.37632	0.15194	0.01143	0.05120	0.00185	0.00357	0.00883	0.00371	0.00421
3	0.07363	0.20687	0.05255	0.02418	0.08361	0.06526	0.13394	0.07910	0.10977	0.10896	0.00994	0.01716	0.00760	0.00444	0.00394	0.00126	0.00502	0.00373	0.00294	0.00611
4	0.03672	0.02275	0.14231	0.05160	0.07893	0.00882	0.24078	0.01222	0.04391	0.03288	0.07469	0.05215	0.02994	0.03020	0.06003	0.00189	0.03231	0.03983	0.00270	0.00535
5	0.00539	0.00391	0.00504	0.00577	0.00622	0.00362	0.00394	0.00630	0.00875	0.01162	0.10473	0.64191	0.10468	0.04373	0.00604	0.00178	0.00251	0.02649	0.00402	0.00354
6	0.03927	0.16519	0.12451	0.09169	0.06088	0.06537	0.11458	0.17178	0.02712	0.02100	0.00832	0.00988	0.00645	0.00463	0.01070	0.00132	0.04187	0.00356	0.02595	0.00592
7	0.09090	0.10923	0.08172	0.06313	0.03935	0.03463	0.07850	0.11128	0.09019	0.08898	0.05541	0.02998	0.04416	0.00538	0.00441	0.00134	0.02957	0.01483	0.02125	0.00576
8	0.01094	0.01017	0.01181	0.16014	0.09350	0.14456	0.04297	0.12496	0.04841	0.02587	0.00957	0.01282	0.00803	0.06951	0.09679	0.02185	0.05837	0.00404	0.04049	0.00519
9	0.00930	0.00849	0.01954	0.12899	0.19221	0.00869	0.12400	0.08782	0.08027	0.01490	0.06562	0.01951	0.13603	0.00661	0.02260	0.00153	0.00472	0.04339	0.02026	0.00551
10	0.04516	0.05590	0.26123	0.01185	0.09293	0.03739	0.06456	0.13480	0.01150	0.11862	0.05665	0.03988	0.00984	0.00516	0.00439	0.00135	0.01599	0.02357	0.00304	0.00618
11	0.05952	0.05484	0.33972	0.05285	0.03649	0.03266	0.12992	0.04820	0.04735	0.03888	0.00876	0.02824	0.00683	0.00514	0.01825	0.00149	0.07880	0.00383	0.00234	0.00589
12	0.00763	0.00457	0.00542	0.00532	0.00626	0.00474	0.00400	0.00916	0.00857	0.05137	0.01743	0.10698	0.09720	0.05649	0.13890	0.00232	0.04768	0.00564	0.41632	0.00401
13	0.06011	0.31379	0.12207	0.07178	0.04971	0.08255	0.09326	0.04626	0.02718	0.03459	0.00817	0.00955	0.02089	0.00431	0.00409	0.00121	0.03927	0.00329	0.00226	0.00566
14	0.02540	0.06068	0.08750	0.01178	0.12368	0.02515	0.10343	0.08822	0.04717	0.13116	0.08674	0.11341	0.03309	0.00658	0.01789	0.00147	0.02207	0.00541	0.00337	0.00581
15	0.00555	0.00412	0.00507	0.00544	0.00616	0.00377	0.00383	0.00666	0.00942	0.01244	0.21026	0.37160	0.21655	0.08193	0.00670	0.00180	0.00251	0.03853	0.00405	0.00360
16	0.00652	0.03125	0.02545	0.00773	0.04333	0.00522	0.05752	0.00823	0.03640	0.01235	0.09202	0.50110	0.04914	0.03354	0.02162	0.00175	0.00325	0.00940	0.05008	0.00410
17	0.08722	0.14072	0.09665	0.03782	0.09157	0.10963	0.08235	0.11772	0.07959	0.05333	0.01015	0.03345	0.02113	0.00482	0.00400	0.00128	0.00515	0.01465	0.00284	0.00592
18	0.01028	0.17445	0.15265	0.04961	0.04202	0.02517	0.34738	0.01330	0.00952	0.03760	0.00888	0.01090	0.02283	0.00421	0.00479	0.00133	0.04972	0.00407	0.02558	0.00572
19	0.00909	0.00643	0.00736	0.00664	0.00850	0.00655	0.00514	0.05863	0.22565	0.10576	0.19959	0.06462	0.22484	0.00920	0.04077	0.00166	0.00321	0.00681	0.00436	0.00520
20	0.01152	0.22884	0.19289	0.06724	0.03872	0.15152	0.03137	0.07309	0.04439	0.03010	0.00859	0.02399	0.00706	0.00467	0.00415	0.00124	0.03213	0.01896	0.02383	0.00571
21	0.04332	0.06879	0.13165	0.04213	0.15830	0.06922	0.03633	0.14230	0.03540	0.12601	0.06144	0.03292	0.02319	0.00507	0.00420	0.00130	0.00487	0.00419	0.00318	0.00620
22	0.01075	0.00657	0.00746	0.00653	0.00847	0.02478	0.00510	0.07123	0.12862	0.19067	0.21086	0.05591	0.10494	0.00709	0.00443	0.00133	0.00294	0.00595	0.14103	0.00535
23	0.00876	0.03354	0.00934	0.05474	0.05042	0.16261	0.04380	0.04909	0.00993	0.01207	0.01777	0.42779	0.05336	0.00945	0.00491	0.00152	0.00425	0.03895	0.00332	0.00440
24	0.05929	0.21394	0.17194	0.01129	0.06881	0.04988	0.10654	0.08807	0.01045	0.05844	0.04650	0.02576	0.00832	0.00525	0.02230	0.00139	0.03969	0.00375	0.00257	0.00583
25	0.01010	0.10024	0.01546	0.02932	0.06635	0.04893	0.21105	0.08236	0.04903	0.01376	0.01167	0.09326	0.03524	0.00691	0.03491	0.00162	0.11508	0.02279	0.04657	0.00533
26	0.00558	0.00400	0.00533	0.00599	0.00639	0.00377	0.01038	0.00651	0.00869	0.01171	0.12981	0.61580	0.02859	0.08953	0.00697	0.00193	0.00270	0.04884	0.00396	0.00353
27	0.09838	0.12143	0.19049	0.02329	0.03953	0.07416	0.04134	0.17530	0.08719	0.06457	0.02758	0.01045	0.00769	0.00464	0.00405	0.00129	0.01594	0.00354	0.00298	0.00617
28	0.01092	0.18108	0.19018	0.02456	0.06844	0.01101	0.05988	0.14441	0.07278	0.05325	0.03376	0.06524	0.04435	0.00546	0.00416	0.00131	0.00478	0.01545	0.00298	0.00601
29	0.03261	0.00466	0.00572	0.00615	0.00693	0.00451	0.00433	0.04555	0.03500	0.03852	0.06538	0.62040	0.09023	0.01186	0.00523	0.00165	0.00265	0.01057	0.00407	0.00398
30	0.02319	0.00897	0.07846	0.14754	0.05057	0.02041	0.11149	0.09634	0.04831	0.01444	0.07903	0.11789	0.07729	0.03266	0.03815	0.00174	0.02138	0.00582	0.02123	0.00508
31	0.01189	0.11371	0.17784	0.03666	0.22492	0.05345	0.03635	0.11566	0.07280	0.07821	0.00957	0.01063	0.00725	0.00438	0.00404	0.00127	0.00515	0.00364	0.02615	0.00642
32	0.05218	0.06039	0.11153	0.05394	0.13616	0.11244	0.26813	0.04782	0.01047	0.05318	0.00892	0.01155	0.00703	0.00430	0.00434	0.00134	0.00603	0.02901	0.01537	0.00586
33	0.00656	0.00481	0.00637	0.00628	0.00677	0.00539	0.00448	0.00786	0.04458	0.00972	0.01259	0.04538	0.01295	0.33783	0.40308	0.03187	0.04203	0.00542	0.00254	0.00348
34	0.02349	0.02948	0.11225	0.04207	0.09664	0.17969	0.06114	0.05201	0.03200	0.05167	0.06741	0.15182	0.04160	0.00642	0.00442	0.00135	0.00497	0.00547	0.03080	0.00529
35	0.01036	0.08048	0.08097	0.04581	0.05955	0.06433	0.02870	0.11220	0.04318	0.06341	0.01198	0.03246	0.02799	0.25375	0.02290	0.00226	0.02979	0.02199	0.00290	0.00499
36	0.00579	0.00439	0.00533	0.00509	0.00624	0.00393	0.00382	0.00753	0.01146	0.01553	0.57940	0.03505	0.28180	0.00946	0.00508	0.00139	0.00208	0.00819	0.00451	0.00393
37	0.02974	0.01224	0.05964	0.01014	0.01365	0.03733	0.04582	0.56167	0.08776	0.08157	0.01104	0.01101	0.00783	0.00507	0.00430	0.00132	0.00483	0.00395	0.00405	0.00704
38	0.01212	0.08993	0.13244	0.02964	0.05971	0.16838	0.05827	0.10935	0.12342	0.06959	0.01188	0.07195	0.02913	0.00543	0.00423	0.00131	0.00526	0.00896	0.00305	0.00594
39	0.01150	0.05282	0.09806	0.11861	0.35047	0.11243	0.07066	0.10770	0.01110	0.01456	0.00804	0.01010	0.00637	0.00413	0.00420	0.00128	0.00574	0.00366	0.00233	0.00623
40	0.01194	0.00924	0.01000	0.00866	0.01123	0.01039	0.00683	0.13588	0.59231	0.08148	0.06103	0.01603	0.01364	0.00587	0.00441	0.00142	0.00355	0.00485	0.00447	0.00678
41	0.13184	0.05948	0.03291	0.07448	0.03737	0.19806	0.00747	0.15293	0.06538	0.05993	0.01163	0.04855	0.04981	0.00533	0.00393	0.00128	0.00486	0.00403	0.04522	0.00553
42	0.08069	0.07465	0.02949	0.03661	0.05542	0.04942	0.04961	0.26780	0.11050	0.14676	0.01128	0.03000	0.00842	0.00508	0.00435	0.00132	0.02447	0.00401	0.00365	0.00646
43	0.00563	0.00394	0.00485	0.00542	0.00563	0.00377	0.00343	0.00611	0.00756	0.01001	0.02075	0.49252	0.06073	0.33561	0.01182	0.00267	0.00313	0.00979	0.00346	0.00316
44	0.00882	0.04633	0.05116	0.07336	0.01286	0.02775	0.06959	0.01087	0.03410	0.01208	0.12212	0.01480	0.04986	0.00786	0.04193	0.00183	0.40271	0.00464	0.00251	0.00481
45	0.01063	0.13102	0.32820	0.05723	0.11585	0.08980	0.08541	0.02831	0.07048	0.03097	0.00851	0.00989	0.00648	0.00419	0.00405	0.00129	0.00585	0.00348	0.00225	0.00611
46	0.01409	0.05591	0.07208	0.04600	0.01341	0.03450	0.10415	0.06612	0.05037	0.36702	0.04280	0.05373	0.01134	0.02829	0.00489	0.00144	0.00453	0.01908	0.00396	0.00628
47	0.01144	0.00733	0.00787	0.00680	0.00888	0.00788	0.00537	0.17368	0.22693	0.09251	0.01451	0.01479	0.01083	0.00530	0.00376	0.00121	0.00308	0.00425	0.38787	0.00573
48	0.00994	0.11440	0.42377	0.05919	0.10205	0.08944	0.08788	0.01353	0.00943	0.01274	0.00768	0.00950	0.00590	0.00492	0.03049	0.00147	0.00638	0.00337	0.00195	0.00596
49	0.10176	0.06005	0.13992	0.07043	0.04665	0.02151	0.24442	0.08481	0.04513	0.04919	0.02878	0.01164	0.02570	0.00459	0.00476	0.00138	0.04667	0.00412	0.00264	0.00581
50	0.00634	0.00439	0.00594	0.00650	0.00717	0.00415	0.02029	0.00769	0.03435	0.05089	0.02384	0.65097	0.06645	0.01239	0.00542	0.00172	0.00279	0.08079	0.00404	0.00388
51	0.00625	0.02746	0.00671	0.00671	0.00717	0.00538	0.00491	0.00730	0.01910	0.01096	0.03220	0.49446	0.04937	0.08390	0.06387	0.00230	0.10006	0.06468	0.00348	0.00373
52	0.01274	0.16301	0.18016	0.03905	0.09493	0.01108	0.07010	0.13449	0.05227	0.17253	0.01075	0.01123	0.01944	0.00456	0.00406	0.00127	0.00499	0.00376	0.00310	0.00648
53	0.01102	0.25110	0.25915	0.01209	0.12458	0.01195	0.02691	0.07082	0.00995	0.07349	0.00875	0.04622	0.00724	0.00476	0.00456	0.00128	0.06400	0.00364	0.00242	0.00608
54	0.00937	0.01007	0.02105	0.04025	0.01944	0.00978	0.60858	0.01247	0.00944	0.01300	0.00927	0.01291	0.00746	0.03466	0.11727	0.00228	0.02874	0.00496	0.02365	0.00534

[dist]
# distance from previous block
# <min> <max>
0	3

[block]
# block no. 1 follows, 61 sequences, length 32
# corresponding to MSA columns:
# 342-373
name=unknown_B
#
# <colnr> <probs for GDERKNQSTAVLIFYWHMCP>
#	G	D	E	R	K	N	Q	S	T	A	V	L	I	F	Y	W	H	M	C	P
0	0.01143	0.05763	0.06355	0.09564	0.11620	0.08700	0.00904	0.14832	0.19581	0.03213	0.01278	0.02828	0.03795	0.00567	0.00465	0.00139	0.03261	0.05067	0.00322	0.00603
1	0.00979	0.01172	0.15811	0.12689	0.24991	0.04093	0.09361	0.03700	0.00987	0.03626	0.04071	0.03049	0.06385	0.00517	0.00515	0.00140	0.06641	0.00450	0.00246	0.00578
2	0.00680	0.05247	0.00673	0.00645	0.00727	0.03705	0.00471	0.03533	0.02589	0.01194	0.02163	0.55698	0.05970	0.03678	0.00564	0.00171	0.00307	0.07926	0.03667	0.00391
3	0.04319	0.08684	0.03017	0.00926	0.04743	0.06456	0.05156	0.15967	0.09197	0.07523	0.12773	0.01862	0.08630	0.02996	0.00510	0.00142	0.02394	0.03785	0.00360	0.00560
4	0.02879	0.12579	0.16484	0.01142	0.07699	0.07429	0.07151	0.13037	0.12694	0.10253	0.01080	0.03863	0.00835	0.00486	0.00411	0.00130	0.00507	0.00398	0.00310	0.00632
5	0.07344	0.00558	0.00750	0.00812	0.07582	0.00548	0.03939	0.00914	0.04817	0.04376	0.10074	0.35697	0.13275	0.03308	0.03833	0.00183	0.00339	0.00848	0.00370	0.00434
6	0.05355	0.02408	0.01019	0.02801	0.04718	0.02688	0.00680	0.10906	0.04377	0.32634	0.08186	0.01641	0.07150	0.00761	0.05394	0.00171	0.07630	0.00471	0.00407	0.00604
7	0.02670	0.11530	0.44287	0.03164	0.09820	0.02409	0.04948	0.05946	0.05797	0.02821	0.00842	0.00970	0.00631	0.00425	0.00418	0.00131	0.02001	0.00340	0.00225	0.00627
8	0.04320	0.15090	0.15086	0.01073	0.05355	0.10133	0.07110	0.15239	0.03413	0.06029	0.01062	0.09975	0.00930	0.00551	0.00421	0.00131	0.01116	0.02087	0.00292	0.00586
9	0.00518	0.00430	0.00453	0.00461	0.00591	0.00365	0.00341	0.00631	0.00984	0.01200	0.10035	0.12389	0.67914	0.01102	0.00513	0.00148	0.00220	0.00932	0.00406	0.00365
10	0.01174	0.03178	0.07784	0.07907	0.08302	0.16492	0.10432	0.05469	0.07814	0.06431	0.00912	0.01058	0.00706	0.00457	0.00494	0.00127	0.07595	0.00366	0.02220	0.11083
11	0.01130	0.07839	0.31154	0.05430	0.05583	0.10529	0.11776	0.07383	0.05171	0.06612	0.00900	0.01030	0.00669	0.00494	0.02324	0.00144	0.00610	0.00363	0.00249	0.00611
12	0.01053	0.01098	0.03017	0.16334	0.22414	0.16937	0.08466	0.02480	0.00970	0.02305	0.00866	0.01153	0.00715	0.00873	0.13572	0.00219	0.02915	0.00387	0.03690	0.00537
13	0.00530	0.00382	0.00502	0.00588	0.00624	0.00355	0.00397	0.00616	0.00860	0.01148	0.08235	0.75056	0.06503	0.01304	0.00545	0.00171	0.00245	0.01178	0.00405	0.00355
14	0.01206	0.03409	0.02868	0.01345	0.15064	0.04007	0.13129	0.21593	0.04429	0.06604	0.04040	0.01221	0.00882	0.00711	0.06847	0.00180	0.09480	0.00422	0.01952	0.00611
15	0.00689	0.00570	0.00759	0.00735	0.00806	0.03898	0.00570	0.00827	0.00726	0.01024	0.04146	0.01704	0.01146	0.07577	0.63697	0.00581	0.09450	0.00467	0.00237	0.00392
16	0.00625	0.00424	0.00500	0.00500	0.00511	0.00434	0.00299	0.00646	0.00635	0.00858	0.01330	0.02666	0.01500	0.73766	0.13197	0.00455	0.00518	0.00604	0.00257	0.00278
17	0.01101	0.15201	0.12665	0.05678	0.15054	0.13328	0.00943	0.05559	0.09656	0.03226	0.06920	0.06728	0.01088	0.00529	0.00410	0.00127	0.00500	0.00431	0.00278	0.00578
18	0.00992	0.04071	0.24453	0.04155	0.01557	0.00897	0.19838	0.08099	0.01042	0.07771	0.03569	0.05803	0.06513	0.06809	0.00581	0.00158	0.00530	0.00500	0.00282	0.02380
19	0.00644	0.00418	0.00544	0.00585	0.00649	0.00394	0.00408	0.00748	0.00890	0.06174	0.12392	0.51108	0.06657	0.06653	0.06156	0.00213	0.00319	0.00983	0.03686	0.00380
20	0.01086	0.51875	0.23589	0.00966	0.04963	0.03357	0.00988	0.03550	0.00930	0.01188	0.00675	0.00785	0.00565	0.00384	0.00327	0.00106	0.00513	0.00267	0.00195	0.03690
21	0.00985	0.00874	0.03997	0.08150	0.04838	0.03922	0.02235	0.07668	0.13241	0.04249	0.03822	0.03045	0.01126	0.07206	0.03526	0.00166	0.01749	0.06214	0.00313	0.22672
22	0.00730	0.00514	0.00577	0.00549	0.00706	0.00468	0.00422	0.03807	0.04663	0.08757	0.10282	0.08680	0.49413	0.02953	0.00543	0.00154	0.00263	0.05673	0.00418	0.00428
23	0.01125	0.01013	0.01198	0.01021	0.01255	0.12109	0.12163	0.14430	0.14644	0.04393	0.03365	0.02222	0.04168	0.00742	0.01863	0.00161	0.03668	0.19551	0.00356	0.00553
24	0.01029	0.03337	0.09331	0.30729	0.11381	0.03963	0.14793	0.04634	0.10579	0.04598	0.00947	0.01156	0.00711	0.00436	0.00437	0.00138	0.00563	0.00405	0.00251	0.00582
25	0.03007	0.01007	0.04699	0.25825	0.37774	0.04170	0.02882	0.06664	0.01028	0.01411	0.03837	0.01279	0.00827	0.00457	0.00433	0.00136	0.00528	0.03209	0.00238	0.00590
26	0.00529	0.00384	0.00501	0.00593	0.00630	0.00356	0.00404	0.00611	0.00843	0.01111	0.02536	0.75262	0.09393	0.01323	0.00548	0.00173	0.00252	0.03798	0.00400	0.00353
27	0.06514	0.07275	0.09154	0.01074	0.01376	0.36644	0.05062	0.20337	0.01288	0.01543	0.00760	0.00870	0.00597	0.00463	0.00450	0.00124	0.05311	0.00319	0.00266	0.00572
28	0.01340	0.00999	0.01216	0.10956	0.01433	0.06991	0.05064	0.24832	0.04949	0.16885	0.06815	0.02257	0.01032	0.00620	0.02291	0.00152	0.10758	0.00436	0.00364	0.00608
29	0.05046	0.00781	0.00917	0.00702	0.01026	0.00693	0.00564	0.10595	0.02565	0.13842	0.01002	0.01124	0.00784	0.02611	0.08545	0.00157	0.00430	0.00330	0.00320	0.47969
30	0.15640	0.04041	0.01086	0.00980	0.07290	0.06684	0.00723	0.17384	0.35312	0.01879	0.01967	0.01286	0.02860	0.00522	0.00400	0.00135	0.00409	0.00406	0.00367	0.00629
31	0.03872	0.00723	0.03789	0.00733	0.00892	0.00710	0.00574	0.18939	0.02118	0.08852	0.01701	0.30535	0.03944	0.13784	0.00787	0.00195	0.04128	0.02863	0.00376	0.00483

[dist]
# distance from previous block
# <min> <max>
6	10

[block]
# block no. 2 follows, 61 sequences, length 18
# corresponding to MSA columns:
# 385-402
name=unknown_C
#
# <colnr> <probs for GDERKNQSTAVLIFYWHMCP>
#	G	D	E	R	K	N	Q	S	T	A	V	L	I	F	Y	W	H	M	C	P
0	0.00611	0.00416	0.00478	0.00487	0.00499	0.00413	0.00286	0.00628	0.00665	0.00882	0.01604	0.10073	0.06037	0.70303	0.04565	0.00390	0.00416	0.00689	0.00280	0.00278
1	0.00912	0.03102	0.06397	0.08522	0.15205	0.03000	0.00763	0.06675	0.04695	0.06185	0.07182	0.10698	0.15948	0.08087	0.00610	0.00164	0.00403	0.00611	0.00328	0.00511
2	0.01194	0.09372	0.09634	0.02788	0.01287	0.17554	0.03215	0.14128	0.03639	0.03963	0.05329	0.01126	0.02634	0.00456	0.00386	0.00109	0.00495	0.00351	0.00289	0.22051
3	0.00646	0.00488	0.00622	0.00689	0.02758	0.00472	0.00526	0.00864	0.05742	0.01325	0.13087	0.20308	0.18659	0.01087	0.00535	0.00167	0.00299	0.28462	0.02859	0.00406
4	0.00543	0.00388	0.00509	0.00599	0.00631	0.00365	0.00408	0.00622	0.00829	0.01097	0.02370	0.70831	0.05515	0.06865	0.00660	0.00192	0.00270	0.06566	0.00390	0.00348
5	0.01286	0.16507	0.04217	0.09285	0.03109	0.11541	0.02568	0.18315	0.07152	0.10742	0.08632	0.01258	0.01053	0.00550	0.01835	0.00134	0.00497	0.00395	0.00330	0.00596
6	0.01080	0.01080	0.01606	0.19956	0.36164	0.08754	0.11086	0.04788	0.08575	0.01396	0.00893	0.01118	0.00705	0.00422	0.00435	0.00134	0.00560	0.00399	0.00240	0.00610
7	0.00526	0.00408	0.00480	0.00530	0.00614	0.00363	0.00376	0.00626	0.00917	0.01161	0.06792	0.43114	0.37969	0.01210	0.00531	0.00161	0.00238	0.03222	0.00403	0.00360
8	0.01175	0.72480	0.07139	0.00801	0.01173	0.09021	0.00799	0.01333	0.00909	0.01039	0.00616	0.00712	0.00553	0.00378	0.00295	0.00097	0.00500	0.00240	0.00188	0.00553
9	0.01053	0.14576	0.38432	0.01073	0.04200	0.06972	0.01130	0.05113	0.08955	0.05015	0.04750	0.01267	0.00916	0.00492	0.00406	0.00131	0.00535	0.04117	0.00262	0.00606
10	0.01255	0.00817	0.00840	0.00708	0.00907	0.07105	0.00565	0.21208	0.01243	0.14104	0.01244	0.01334	0.00927	0.00523	0.00434	0.00119	0.05898	0.00392	0.39831	0.00547
11	0.00524	0.00402	0.00482	0.00544	0.00617	0.00360	0.00382	0.00616	0.00890	0.01130	0.03132	0.51225	0.33091	0.01245	0.00536	0.00164	0.00243	0.03660	0.00400	0.00357
12	0.02554	0.22802	0.17499	0.05747	0.03126	0.08542	0.02863	0.02656	0.08889	0.05543	0.01186	0.08862	0.04510	0.00622	0.02684	0.00143	0.00509	0.00438	0.00269	0.00556
13	0.00632	0.00456	0.00604	0.00598	0.00635	0.00505	0.00416	0.00708	0.00659	0.00921	0.01234	0.02218	0.01299	0.43079	0.40830	0.00541	0.03553	0.00539	0.00244	0.00327
14	0.00610	0.00463	0.00599	0.00647	0.00712	0.00465	0.00492	0.00726	0.00889	0.01170	0.07131	0.32529	0.15060	0.08689	0.00758	0.00197	0.05853	0.22264	0.00377	0.00368
15	0.03903	0.07909	0.15031	0.14494	0.06013	0.03557	0.17978	0.10777	0.01076	0.06972	0.00931	0.03836	0.00727	0.00461	0.00447	0.00135	0.02342	0.00411	0.02414	0.00585
16	0.03860	0.01331	0.15511	0.01073	0.01430	0.12095	0.11676	0.19856	0.07535	0.12520	0.05080	0.04036	0.00983	0.00518	0.00436	0.00134	0.00528	0.00434	0.00341	0.00623
17	0.01124	0.01312	0.05171	0.01130	0.01222	0.23988	0.00943	0.01242	0.00827	0.01057	0.00603	0.00895	0.00562	0.00652	0.01081	0.00165	0.56997	0.00347	0.00197	0.00487

[dist]
# distance from previous block
# <min> <max>
1	3

[block]
# block no. 3 follows, 61 sequences, length 29
# corresponding to MSA columns:
# 408-436
name=unknown_D
#
# <colnr> <probs for GDERKNQSTAVLIFYWHMCP>
#	G	D	E	R	K	N	Q	S	T	A	V	L	I	F	Y	W	H	M	C	P
0	0.03077	0.12869	0.10667	0.02106	0.02989	0.22071	0.06033	0.14877	0.05300	0.03104	0.00848	0.01024	0.00684	0.00496	0.00516	0.00131	0.10272	0.02091	0.00265	0.00578
1	0.00646	0.00481	0.00685	0.00639	0.00694	0.00501	0.05855	0.00724	0.00681	0.00935	0.01292	0.05064	0.01387	0.49719	0.28380	0.00480	0.00673	0.00585	0.00253	0.00326
2	0.01081	0.01025	0.01661	0.13440	0.62790	0.02696	0.02811	0.06703	0.01041	0.01447	0.00818	0.01071	0.00668	0.00400	0.00428	0.00130	0.00527	0.00384	0.00225	0.00653
3	0.00992	0.39156	0.46824	0.01009	0.01526	0.01314	0.01211	0.01331	0.00894	0.01208	0.00695	0.00812	0.00549	0.00391	0.00350	0.00117	0.00558	0.00279	0.00183	0.00599
4	0.04749	0.00930	0.01080	0.00856	0.01153	0.00979	0.00701	0.40250	0.03008	0.26758	0.03046	0.01298	0.00954	0.00878	0.11125	0.00204	0.00515	0.00416	0.00431	0.00670
5	0.08451	0.05483	0.18017	0.07592	0.04350	0.04029	0.03735	0.07745	0.07705	0.09204	0.00961	0.01088	0.00729	0.02251	0.02607	0.00142	0.00495	0.00350	0.00283	0.14783
6	0.01054	0.00787	0.02540	0.00768	0.00984	0.04943	0.03951	0.07242	0.15418	0.15508	0.20641	0.07255	0.14132	0.00746	0.00487	0.00141	0.01804	0.00632	0.00424	0.00544
7	0.00622	0.00459	0.00682	0.00682	0.00760	0.00533	0.00530	0.00778	0.00700	0.01022	0.01163	0.01689	0.01078	0.03132	0.80161	0.00671	0.01119	0.00459	0.03375	0.00385
8	0.04462	0.00615	0.00838	0.23498	0.04465	0.02268	0.00697	0.02469	0.02253	0.04716	0.06026	0.31420	0.08658	0.00884	0.00485	0.00155	0.00376	0.04935	0.00337	0.00442
9	0.04617	0.00722	0.04053	0.00695	0.00902	0.00678	0.00571	0.12947	0.09730	0.10118	0.12130	0.10736	0.21016	0.02447	0.00510	0.00152	0.00325	0.06725	0.00414	0.00511
10	0.00990	0.00945	0.01610	0.27245	0.58172	0.01003	0.01284	0.01255	0.00945	0.01314	0.00797	0.01091	0.00650	0.00398	0.00428	0.00133	0.00531	0.00384	0.00207	0.00621
11	0.00626	0.00434	0.00560	0.00561	0.00600	0.00463	0.00382	0.00705	0.00689	0.00970	0.04035	0.04305	0.01467	0.43822	0.34366	0.00499	0.00691	0.00571	0.03929	0.00323
12	0.00998	0.01134	0.13776	0.22683	0.38908	0.01004	0.06244	0.01295	0.00940	0.04443	0.00822	0.01080	0.00643	0.00418	0.00469	0.00137	0.03800	0.00383	0.00215	0.00612
13	0.01061	0.01090	0.01906	0.02850	0.01770	0.06067	0.45805	0.07042	0.02679	0.03440	0.03563	0.06890	0.00923	0.00528	0.00620	0.00149	0.12280	0.00520	0.00262	0.00554
14	0.00828	0.00488	0.00504	0.00496	0.00603	0.02188	0.00370	0.06248	0.00965	0.01571	0.01494	0.13462	0.01317	0.00734	0.03694	0.00137	0.00276	0.00519	0.63689	0.00417
15	0.00598	0.00480	0.00758	0.00749	0.00833	0.00449	0.09941	0.00724	0.00888	0.01193	0.08625	0.64152	0.02668	0.01187	0.00544	0.00169	0.00310	0.04963	0.00384	0.00384
16	0.04831	0.00936	0.00994	0.03060	0.03853	0.05154	0.00679	0.29475	0.16832	0.03563	0.13260	0.03772	0.09505	0.00675	0.01350	0.00142	0.00397	0.00525	0.00403	0.00594
17	0.00934	0.00887	0.01367	0.42127	0.30161	0.04090	0.01135	0.01240	0.04922	0.01263	0.00974	0.01248	0.03430	0.00448	0.00425	0.00135	0.00522	0.00403	0.03737	0.00553
18	0.01725	0.00747	0.00964	0.00755	0.01056	0.00688	0.00618	0.11741	0.01298	0.61372	0.04999	0.03688	0.01201	0.00565	0.00430	0.00132	0.00359	0.00461	0.06517	0.00686
19	0.00723	0.00480	0.00591	0.00623	0.00721	0.00469	0.00472	0.03747	0.04657	0.04495	0.07539	0.35456	0.08474	0.01044	0.00501	0.00159	0.00281	0.15646	0.13505	0.00415
20	0.09075	0.02516	0.10696	0.04386	0.01411	0.05608	0.08475	0.15029	0.21320	0.05280	0.01064	0.01139	0.00801	0.00516	0.00538	0.00143	0.10680	0.00394	0.00319	0.00612
21	0.00626	0.00454	0.00617	0.00719	0.03815	0.00443	0.00499	0.03258	0.00901	0.01208	0.06404	0.54124	0.02550	0.02940	0.03415	0.02977	0.00327	0.13961	0.00382	0.00380
22	0.00623	0.00460	0.00542	0.00555	0.00685	0.00411	0.00439	0.00768	0.01024	0.04421	0.15631	0.07314	0.45235	0.01070	0.00528	0.00157	0.00264	0.19065	0.00416	0.00392
23	0.01006	0.00880	0.01475	0.29795	0.32432	0.00943	0.07233	0.04019	0.02563	0.06235	0.03997	0.02436	0.00855	0.00557	0.03608	0.00158	0.00545	0.00428	0.00251	0.00583
24	0.09944	0.01153	0.01013	0.04071	0.01172	0.23601	0.00726	0.11894	0.11081	0.05256	0.05128	0.05085	0.02949	0.00637	0.00507	0.00141	0.07083	0.07696	0.00331	0.00534
25	0.05542	0.00666	0.00842	0.00775	0.00878	0.04669	0.00611	0.01019	0.00766	0.09910	0.01055	0.01479	0.00941	0.05813	0.45425	0.03253	0.15236	0.00427	0.00258	0.00436
26	0.00635	0.00481	0.00586	0.00575	0.00677	0.00469	0.00419	0.00902	0.09938	0.01483	0.42812	0.17268	0.12449	0.06754	0.02448	0.00176	0.00264	0.00822	0.00429	0.00412
27	0.00942	0.00792	0.00816	0.00784	0.03526	0.09258	0.00574	0.09934	0.14038	0.03709	0.23925	0.09711	0.07759	0.07349	0.00611	0.00163	0.00361	0.04855	0.00398	0.00494
28	0.03708	0.01601	0.01275	0.04300	0.02613	0.47564	0.05301	0.14711	0.04377	0.08357	0.00871	0.00950	0.00663	0.00465	0.00418	0.00122	0.01507	0.00335	0.00290	0.00570

[dist]
# distance from previous block
# <min> <max>
0	1

[block]
# block no. 4 follows, 61 sequences, length 9
# corresponding to MSA columns:
# 438-446
name=unknown_E
#
# <colnr> <probs for GDERKNQSTAVLIFYWHMCP>
#	G	D	E	R	K	N	Q	S	T	A	V	L	I	F	Y	W	H	M	C	P
0	0.04776	0.08665	0.05720	0.03030	0.01008	0.00802	0.02374	0.06833	0.15246	0.06800	0.09332	0.13185	0.13596	0.03657	0.00503	0.00149	0.00350	0.00622	0.02836	0.00516
1	0.00552	0.00401	0.00508	0.00577	0.00625	0.00374	0.00400	0.00639	0.00855	0.01122	0.06030	0.54510	0.13339	0.10536	0.00728	0.00198	0.00274	0.07597	0.00388	0.00348
2	0.01065	0.03515	0.14336	0.14087	0.20354	0.08764	0.14504	0.06792	0.06841	0.01434	0.03554	0.01141	0.00785	0.00437	0.00434	0.00134	0.00575	0.00401	0.00245	0.00601
3	0.04241	0.05934	0.08603	0.09023	0.04265	0.16276	0.11646	0.12657	0.09591	0.06266	0.01011	0.04758	0.00807	0.00499	0.00447	0.00134	0.02552	0.00413	0.00292	0.00587
4	0.01058	0.00696	0.03653	0.00726	0.00933	0.00644	0.02387	0.07026	0.12819	0.19926	0.10625	0.18781	0.09186	0.00801	0.00469	0.00145	0.00323	0.02912	0.06349	0.00540
5	0.01085	0.02431	0.03761	0.02578	0.02557	0.02187	0.00661	0.06840	0.32695	0.11696	0.03555	0.04821	0.02966	0.07709	0.06755	0.00204	0.02200	0.00503	0.04216	0.00581
6	0.02399	0.04133	0.16628	0.04182	0.04237	0.16565	0.13275	0.13150	0.09586	0.06927	0.02506	0.01100	0.00779	0.00465	0.00445	0.00132	0.02204	0.00386	0.00290	0.00611
7	0.04011	0.09300	0.15751	0.04140	0.03127	0.03245	0.25732	0.11314	0.01108	0.10582	0.01006	0.01137	0.02922	0.00453	0.00476	0.00136	0.04270	0.00409	0.00275	0.00605
8	0.00725	0.00475	0.00574	0.00550	0.00682	0.00431	0.00411	0.00911	0.03870	0.09870	0.32339	0.15831	0.27376	0.00961	0.00499	0.00144	0.00237	0.00831	0.02855	0.00428

[dist]
# distance from previous block
# <min> <max>
1	49

[block]
# block no. 5 follows, 61 sequences, length 16
# corresponding to MSA columns:
# 499-507,509-515
name=unknown_F
#
# <colnr> <probs for GDERKNQSTAVLIFYWHMCP>
#	G	D	E	R	K	N	Q	S	T	A	V	L	I	F	Y	W	H	M	C	P
0	0.01351	0.09103	0.01177	0.04236	0.01237	0.22847	0.00736	0.07090	0.27823	0.13588	0.01314	0.01292	0.03063	0.00590	0.02542	0.00143	0.00508	0.00399	0.00354	0.00608
1	0.01337	0.03703	0.01082	0.13515	0.03163	0.05166	0.02839	0.05154	0.08071	0.33534	0.04869	0.04131	0.07320	0.00608	0.00446	0.00138	0.00419	0.03502	0.00403	0.00601
2	0.01009	0.20953	0.04128	0.00671	0.00863	0.00883	0.00549	0.10614	0.00939	0.09361	0.01190	0.05850	0.01175	0.34949	0.04891	0.00266	0.00463	0.00493	0.00293	0.00459
3	0.01438	0.09233	0.01053	0.00762	0.01039	0.00820	0.00622	0.03659	0.19928	0.41389	0.05228	0.07895	0.03771	0.00622	0.00433	0.00136	0.00352	0.00514	0.00457	0.00648
4	0.00759	0.00549	0.03925	0.03505	0.00832	0.00485	0.00513	0.05084	0.00940	0.09398	0.05685	0.56823	0.02363	0.06238	0.00621	0.00179	0.00308	0.00978	0.00394	0.00422
5	0.00587	0.00433	0.00560	0.00599	0.00642	0.00445	0.00418	0.00673	0.00791	0.01078	0.03909	0.42753	0.09553	0.14494	0.13326	0.00285	0.04878	0.00904	0.03320	0.00352
6	0.00617	0.00455	0.00660	0.00660	0.00725	0.00521	0.00498	0.00748	0.00683	0.00976	0.01184	0.01857	0.01148	0.15172	0.71311	0.00652	0.01046	0.00486	0.00235	0.00367
7	0.40332	0.01097	0.00854	0.00747	0.00996	0.21601	0.00590	0.04544	0.01034	0.13547	0.09942	0.01128	0.00992	0.00489	0.00355	0.00128	0.00441	0.00341	0.00324	0.00518
8	0.01030	0.09560	0.07818	0.08572	0.52761	0.04345	0.01191	0.01285	0.00981	0.01348	0.06362	0.01159	0.00878	0.00425	0.00414	0.00126	0.00510	0.00386	0.00225	0.00623
9	0.00757	0.00454	0.00545	0.00522	0.00563	0.00451	0.00326	0.00789	0.00694	0.09067	0.01372	0.02572	0.01468	0.68334	0.09990	0.00416	0.00485	0.00591	0.00285	0.00321
10	0.01234	0.00926	0.01418	0.26441	0.03324	0.07118	0.17663	0.03791	0.01052	0.23670	0.01135	0.05035	0.00855	0.00598	0.03668	0.00161	0.00568	0.00457	0.00312	0.00573
11	0.01375	0.00894	0.01160	0.00924	0.01213	0.00918	0.08710	0.23350	0.16860	0.23625	0.11136	0.03761	0.01415	0.00597	0.00456	0.00138	0.00405	0.01968	0.00442	0.00652
12	0.05507	0.02153	0.01106	0.04428	0.04836	0.04044	0.11080	0.07363	0.01063	0.16008	0.03050	0.04101	0.18954	0.00850	0.06785	0.00181	0.04094	0.00546	0.03324	0.00528
13	0.04110	0.00736	0.00944	0.05181	0.01122	0.00709	0.00634	0.13689	0.01266	0.45232	0.09676	0.11945	0.01496	0.00658	0.00450	0.00139	0.00362	0.00551	0.00469	0.00631
14	0.01112	0.06514	0.13314	0.00970	0.07365	0.02447	0.00817	0.06785	0.09953	0.11106	0.01014	0.01094	0.00775	0.00573	0.04808	0.00139	0.01696	0.00342	0.00299	0.28877
15	0.01010	0.04446	0.10628	0.08095	0.38267	0.05348	0.01097	0.05802	0.04145	0.01405	0.04475	0.03111	0.02761	0.00684	0.06723	0.00173	0.00557	0.00422	0.00249	0.00600

[dist]
# distance from previous block
# <min> <max>
0	4

[block]
# block no. 6 follows, 61 sequences, length 12
# corresponding to MSA columns:
# 523-534
name=unknown_G
#
# <colnr> <probs for GDERKNQSTAVLIFYWHMCP>
#	G	D	E	R	K	N	Q	S	T	A	V	L	I	F	Y	W	H	M	C	P
0	0.00657	0.00455	0.00576	0.00570	0.00654	0.00446	0.00411	0.00802	0.02710	0.04391	0.24724	0.12295	0.12053	0.19642	0.14816	0.00299	0.00433	0.03320	0.00368	0.00378
1	0.01040	0.00967	0.01505	0.17161	0.34816	0.05070	0.09485	0.05019	0.05136	0.04001	0.00977	0.04420	0.00815	0.00674	0.06872	0.00179	0.00584	0.00437	0.00251	0.00592
2	0.04140	0.01018	0.03500	0.07167	0.01424	0.04309	0.10939	0.26013	0.06328	0.07988	0.02324	0.06129	0.02644	0.00535	0.00430	0.00128	0.00465	0.01620	0.00347	0.12553
3	0.00760	0.00654	0.05085	0.00804	0.00979	0.00555	0.12053	0.03192	0.01005	0.07029	0.16450	0.34162	0.11307	0.01015	0.02729	0.00168	0.00365	0.00859	0.00381	0.00448
4	0.05608	0.00550	0.00604	0.00594	0.00740	0.00542	0.00453	0.04082	0.11228	0.03096	0.09879	0.18895	0.34620	0.00992	0.00496	0.00152	0.00271	0.06355	0.00408	0.00436
5	0.04585	0.01244	0.18275	0.06143	0.05530	0.12574	0.06279	0.04993	0.06434	0.06930	0.07147	0.05187	0.06192	0.01728	0.00453	0.00138	0.00494	0.00471	0.04655	0.00549
6	0.00843	0.04044	0.29907	0.01112	0.01479	0.00869	0.18278	0.01212	0.04708	0.01380	0.09177	0.09461	0.02928	0.00612	0.00494	0.00144	0.03608	0.04463	0.04742	0.00538
7	0.00634	0.00444	0.00521	0.00533	0.00652	0.00390	0.00395	0.00753	0.00985	0.06924	0.12206	0.25240	0.42626	0.01102	0.00519	0.00154	0.00244	0.04870	0.00417	0.00392
8	0.00878	0.01594	0.45525	0.01163	0.01631	0.00921	0.14474	0.04432	0.06701	0.01449	0.06447	0.04804	0.06983	0.00538	0.00448	0.00140	0.00549	0.00475	0.00260	0.00588
9	0.03152	0.04501	0.11196	0.04938	0.19220	0.05001	0.23524	0.09763	0.03714	0.06272	0.00999	0.02658	0.02160	0.00445	0.00441	0.00135	0.00568	0.00428	0.00266	0.00618
10	0.00883	0.00867	0.01386	0.64458	0.09138	0.04151	0.04883	0.01151	0.00878	0.01132	0.00756	0.01114	0.00585	0.00447	0.00501	0.00144	0.06446	0.00384	0.00195	0.00500
11	0.01094	0.00759	0.02282	0.05083	0.04159	0.00775	0.00650	0.17946	0.05875	0.14376	0.08659	0.05024	0.10633	0.09211	0.07423	0.00213	0.03195	0.01723	0.00380	0.00540

[dist]
# distance from previous block
# <min> <max>
1	13

[block]
# block no. 7 follows, 61 sequences, length 33
# corresponding to MSA columns:
# 555-587
name=unknown_H
#
# <colnr> <probs for GDERKNQSTAVLIFYWHMCP>
#	G	D	E	R	K	N	Q	S	T	A	V	L	I	F	Y	W	H	M	C	P
0	0.01066	0.11562	0.01339	0.06935	0.23777	0.06058	0.00876	0.03102	0.03593	0.08338	0.04374	0.01259	0.00919	0.00960	0.15180	0.00226	0.05297	0.00393	0.01890	0.02857
1	0.02169	0.00991	0.08314	0.11762	0.03199	0.03048	0.03783	0.19682	0.03168	0.04143	0.04254	0.01741	0.13359	0.02438	0.01718	0.00157	0.11208	0.02159	0.02163	0.00543
2	0.02987	0.13593	0.11978	0.00947	0.04001	0.03122	0.06242	0.08044	0.05496	0.13271	0.03250	0.04744	0.00908	0.00471	0.00390	0.00115	0.00443	0.00388	0.00308	0.19303
3	0.02823	0.08312	0.67498	0.01155	0.01716	0.01033	0.02526	0.01317	0.00898	0.01334	0.00829	0.03192	0.00652	0.00457	0.00431	0.00137	0.02736	0.02150	0.00195	0.00608
4	0.00607	0.00444	0.00637	0.00655	0.00717	0.00495	0.00491	0.00736	0.00717	0.01016	0.01392	0.14918	0.01430	0.10316	0.59699	0.00566	0.00913	0.02201	0.01684	0.00368
5	0.04370	0.08306	0.17524	0.01231	0.03968	0.07291	0.22408	0.09696	0.03014	0.08253	0.00991	0.02881	0.01732	0.03324	0.00518	0.00144	0.03070	0.00417	0.00271	0.00591
6	0.08272	0.03351	0.05309	0.01151	0.01500	0.03202	0.23168	0.30809	0.03078	0.07651	0.02736	0.05001	0.00874	0.00505	0.00451	0.00136	0.01391	0.00451	0.00339	0.00625
7	0.00541	0.00399	0.00509	0.00583	0.00640	0.00367	0.00411	0.00639	0.00889	0.01163	0.07313	0.59041	0.17062	0.01263	0.00544	0.00169	0.00253	0.07451	0.00404	0.00359
8	0.00548	0.00404	0.00516	0.00595	0.00645	0.00379	0.00412	0.00666	0.02934	0.01158	0.05727	0.66758	0.11679	0.01275	0.00543	0.00170	0.00253	0.04569	0.00404	0.00364
9	0.03041	0.05619	0.07734	0.01059	0.01370	0.27174	0.10796	0.13368	0.05245	0.11582	0.05250	0.01171	0.00902	0.01792	0.01885	0.00140	0.00588	0.00388	0.00312	0.00585
10	0.01015	0.30928	0.47599	0.01020	0.01532	0.01233	0.01212	0.04157	0.00953	0.03520	0.02697	0.00909	0.00654	0.00414	0.00367	0.00121	0.00552	0.00304	0.00208	0.00608
11	0.00675	0.00416	0.00459	0.00475	0.00566	0.00398	0.00343	0.00847	0.02466	0.01414	0.10241	0.19865	0.14918	0.03938	0.00481	0.00140	0.00225	0.00707	0.41040	0.00385
12	0.00861	0.00844	0.01406	0.03993	0.03872	0.00998	0.19483	0.01026	0.00774	0.01113	0.00932	0.07863	0.00920	0.08907	0.09912	0.00250	0.35648	0.00508	0.00224	0.00465
13	0.01210	0.01370	0.11529	0.04324	0.05810	0.16898	0.29590	0.06268	0.05044	0.08152	0.00940	0.01106	0.00705	0.00526	0.03295	0.00154	0.01812	0.00412	0.00263	0.00592
14	0.01102	0.00900	0.04993	0.00909	0.04674	0.07996	0.06389	0.05501	0.07941	0.11594	0.01200	0.01428	0.00955	0.06681	0.05080	0.00180	0.07908	0.00421	0.23623	0.00525
15	0.00625	0.00451	0.00663	0.00663	0.00727	0.00516	0.00502	0.00742	0.00677	0.00968	0.01145	0.01770	0.01099	0.10612	0.70130	0.06615	0.01033	0.00471	0.00231	0.00360
16	0.00745	0.00515	0.00606	0.00588	0.00660	0.00521	0.00398	0.09362	0.03647	0.02551	0.10339	0.23580	0.03716	0.36392	0.01258	0.03293	0.00348	0.00760	0.00349	0.00372
17	0.01342	0.11173	0.07003	0.03831	0.05222	0.02181	0.13309	0.19474	0.07697	0.17645	0.01098	0.02149	0.00807	0.00488	0.00473	0.00134	0.04583	0.00408	0.00339	0.00646
18	0.00941	0.04705	0.01593	0.04161	0.04289	0.03185	0.32051	0.01353	0.14069	0.02758	0.08028	0.01777	0.11911	0.00653	0.03120	0.00159	0.03858	0.00545	0.00301	0.00543
19	0.00813	0.00766	0.01292	0.83826	0.02967	0.00957	0.01196	0.01101	0.00861	0.01101	0.00766	0.01148	0.00574	0.00431	0.00431	0.00144	0.00574	0.00383	0.00191	0.00479
20	0.09653	0.02715	0.17962	0.05310	0.02665	0.04423	0.04430	0.09134	0.03629	0.08763	0.01249	0.09680	0.04799	0.02775	0.04404	0.03267	0.03829	0.00480	0.00297	0.00537
21	0.01009	0.02673	0.03309	0.04669	0.14806	0.03512	0.11738	0.11159	0.06353	0.04269	0.07204	0.17024	0.01423	0.00658	0.00469	0.00139	0.01069	0.02664	0.00326	0.05526
22	0.00542	0.00395	0.00512	0.00584	0.00635	0.00365	0.00407	0.00642	0.00899	0.01195	0.12697	0.61992	0.11381	0.01255	0.00542	0.00168	0.00247	0.04770	0.00409	0.00361
23	0.00602	0.00413	0.00545	0.00621	0.00680	0.00385	0.00448	0.00707	0.00890	0.04037	0.05119	0.60296	0.08981	0.01260	0.00548	0.00173	0.00273	0.13239	0.00407	0.00374
24	0.22770	0.02387	0.05944	0.08541	0.03005	0.01012	0.05493	0.17318	0.07211	0.01739	0.03726	0.01340	0.05207	0.00618	0.02254	0.02106	0.06271	0.02209	0.00305	0.00544
25	0.07100	0.04365	0.02898	0.03373	0.01170	0.00816	0.02409	0.11521	0.04054	0.06145	0.00870	0.00964	0.00679	0.00389	0.00369	0.00094	0.01962	0.00302	0.00292	0.50227
26	0.07000	0.00798	0.00885	0.03816	0.01036	0.02790	0.00613	0.27099	0.02852	0.08455	0.12989	0.07643	0.10916	0.00910	0.06969	0.00181	0.00428	0.02167	0.01910	0.00543
27	0.00613	0.00443	0.00519	0.00511	0.00633	0.00389	0.00379	0.00751	0.01051	0.05231	0.29886	0.15323	0.40645	0.01031	0.00511	0.00146	0.00225	0.00888	0.00431	0.00394
28	0.02927	0.09383	0.06369	0.11734	0.07906	0.05465	0.09490	0.09559	0.11330	0.04772	0.03390	0.03831	0.00917	0.00586	0.00535	0.08112	0.00488	0.00422	0.02230	0.00552
29	0.01334	0.01085	0.01394	0.04199	0.20101	0.09365	0.09215	0.24390	0.01978	0.11771	0.01173	0.02974	0.03804	0.00528	0.01295	0.00136	0.00511	0.00432	0.03681	0.00634
30	0.04692	0.00959	0.04257	0.09975	0.07568	0.00979	0.08639	0.09960	0.25663	0.16355	0.01268	0.01305	0.00923	0.00535	0.00493	0.03103	0.01903	0.00428	0.00361	0.00634
31	0.00591	0.00449	0.00534	0.00560	0.00656	0.00414	0.00407	0.04252	0.01005	0.01307	0.16268	0.36266	0.30169	0.01138	0.00525	0.00157	0.00247	0.04256	0.00414	0.00383
32	0.03211	0.08927	0.10778	0.05229	0.04710	0.10784	0.10243	0.14213	0.14132	0.06934	0.01109	0.02746	0.01758	0.00539	0.01785	0.00141	0.00535	0.01306	0.00309	0.00610

[dist]
# distance from previous block
# <min> <max>
3	12

[block]
# block no. 8 follows, 61 sequences, length 36
# corresponding to MSA columns:
# 600-635
name=unknown_I
#
# <colnr> <probs for GDERKNQSTAVLIFYWHMCP>
#	G	D	E	R	K	N	Q	S	T	A	V	L	I	F	Y	W	H	M	C	P
0	0.02648	0.03012	0.09968	0.07314	0.12272	0.05603	0.08064	0.16050	0.09473	0.01615	0.02905	0.04922	0.02111	0.00513	0.00468	0.00132	0.04109	0.00431	0.00293	0.08097
1	0.06162	0.11720	0.08861	0.08467	0.16706	0.02013	0.13439	0.08268	0.09515	0.05365	0.01004	0.04839	0.00813	0.00470	0.00417	0.00133	0.00508	0.00419	0.00275	0.00606
2	0.08015	0.01122	0.06814	0.01290	0.15160	0.09763	0.04365	0.09841	0.05137	0.01427	0.00843	0.01084	0.00708	0.00903	0.12303	0.00222	0.19823	0.00377	0.00248	0.00553
3	0.01227	0.10092	0.13570	0.09342	0.06195	0.18168	0.01838	0.11467	0.01140	0.08475	0.04422	0.04754	0.00886	0.00512	0.00452	0.00128	0.04154	0.00393	0.00280	0.02504
4	0.12040	0.02400	0.02425	0.16556	0.11961	0.07296	0.04591	0.02357	0.05270	0.03109	0.03950	0.06481	0.04526	0.05418	0.00556	0.00154	0.03373	0.02994	0.00276	0.04268
5	0.02879	0.52064	0.01856	0.00855	0.03181	0.04034	0.04176	0.12217	0.01064	0.03091	0.00883	0.00957	0.04271	0.00425	0.00332	0.00103	0.00460	0.00306	0.00245	0.06600
6	0.00759	0.00658	0.00869	0.00828	0.00882	0.00799	0.00645	0.03104	0.07018	0.01182	0.01678	0.33264	0.06102	0.01133	0.05308	0.00204	0.30515	0.04298	0.00318	0.00434
7	0.00785	0.05233	0.00654	0.04108	0.00737	0.00550	0.00427	0.05236	0.01060	0.01607	0.28287	0.02190	0.05531	0.03354	0.00451	0.00127	0.00255	0.00545	0.38435	0.00427
8	0.01355	0.00909	0.01334	0.09550	0.13212	0.02425	0.11003	0.12664	0.05883	0.27483	0.02975	0.01455	0.05295	0.00560	0.01805	0.00145	0.00477	0.00457	0.00373	0.00641
9	0.00673	0.02653	0.00654	0.00628	0.00692	0.00516	0.02493	0.04361	0.05515	0.01132	0.01846	0.42589	0.02106	0.29582	0.01089	0.00251	0.00342	0.02164	0.00346	0.00368
10	0.00863	0.00537	0.00638	0.00593	0.00746	0.00511	0.00448	0.01137	0.10958	0.14735	0.20762	0.12325	0.21450	0.05408	0.00572	0.00158	0.00270	0.01922	0.05496	0.00469
11	0.00921	0.00911	0.01654	0.52009	0.02601	0.01018	0.25026	0.04678	0.04442	0.01285	0.00852	0.01167	0.00637	0.00421	0.00454	0.00144	0.00605	0.00425	0.00220	0.00529
12	0.01484	0.16040	0.04050	0.00950	0.01284	0.06991	0.06138	0.26149	0.06572	0.20854	0.01110	0.01107	0.00796	0.00485	0.00427	0.00126	0.02470	0.00375	0.01938	0.00655
13	0.28600	0.01103	0.04555	0.00856	0.01161	0.11384	0.05327	0.17144	0.03761	0.16006	0.00990	0.01024	0.00711	0.00462	0.00371	0.00129	0.00452	0.00341	0.05035	0.00587
14	0.07393	0.00588	0.00717	0.02535	0.14488	0.00595	0.00540	0.02801	0.03742	0.01509	0.01844	0.06101	0.16396	0.00630	0.00382	0.00123	0.00288	0.00526	0.38340	0.00463
15	0.04330	0.04481	0.01007	0.00837	0.03145	0.04402	0.00647	0.19259	0.08191	0.22635	0.03070	0.13519	0.02623	0.02922	0.05304	0.00178	0.00438	0.02012	0.00406	0.00594
16	0.00607	0.00426	0.00550	0.00564	0.00596	0.00447	0.00377	0.00675	0.00696	0.00957	0.04030	0.14573	0.01676	0.43080	0.28390	0.00462	0.00627	0.00666	0.00279	0.00319
17	0.00621	0.00448	0.00553	0.00592	0.00654	0.00437	0.00429	0.00756	0.03660	0.01149	0.09240	0.21770	0.10989	0.27046	0.01057	0.00248	0.00332	0.19305	0.00364	0.00351
18	0.00834	0.00787	0.05899	0.14576	0.01480	0.00731	0.15887	0.01171	0.08689	0.05412	0.18201	0.16856	0.01922	0.00737	0.00491	0.00150	0.00429	0.04908	0.00344	0.00497
19	0.08504	0.01022	0.04356	0.09833	0.14299	0.01122	0.17394	0.07401	0.00930	0.01393	0.00784	0.03304	0.00669	0.00538	0.00738	0.00154	0.26364	0.00415	0.00230	0.00550
20	0.00707	0.00479	0.00601	0.00607	0.00711	0.00457	0.00443	0.00935	0.08077	0.07446	0.27476	0.35944	0.10668	0.01045	0.00515	0.00155	0.00252	0.02619	0.00436	0.00428
21	0.00869	0.00466	0.00491	0.00468	0.00592	0.00464	0.00355	0.05976	0.00987	0.05113	0.01627	0.06874	0.05901	0.00591	0.00343	0.00111	0.00229	0.00483	0.67627	0.00431
22	0.00920	0.06406	0.22939	0.01201	0.03717	0.03781	0.20300	0.01270	0.06148	0.02863	0.01226	0.14064	0.02989	0.00665	0.02068	0.00157	0.06095	0.02384	0.00262	0.00547
23	0.01198	0.56781	0.01975	0.05881	0.12530	0.09419	0.00850	0.01360	0.00938	0.04601	0.00692	0.00812	0.00594	0.00389	0.00324	0.00104	0.00501	0.00274	0.00207	0.00569
24	0.00864	0.02228	0.82630	0.01228	0.01864	0.01000	0.01592	0.01364	0.00909	0.01364	0.00773	0.00909	0.00546	0.00409	0.00409	0.00136	0.00637	0.00318	0.00182	0.00637
25	0.00790	0.00590	0.00838	0.00775	0.00846	0.00707	0.01554	0.00923	0.02507	0.05420	0.01090	0.01659	0.01023	0.10195	0.40900	0.05801	0.19188	0.02157	0.02629	0.00408
26	0.01153	0.06996	0.08026	0.16913	0.08847	0.16361	0.15074	0.11916	0.01115	0.01395	0.00836	0.03663	0.00684	0.00468	0.00476	0.00134	0.04739	0.00397	0.00241	0.00565
