[name]
unknown

[dist]
# distance from previous block
# <min> <max>
5	150

[block]
# block no. 0 follows, 68 sequences, length 8
# corresponding to MSA columns:
# 197-204
name=unknown_A
#
# <colnr> <probs for GDERKNQSTAVLIFYWHMCP>
#	G	D	E	R	K	N	Q	S	T	A	V	L	I	F	Y	W	H	M	C	P
0	0.04770	0.00998	0.01555	0.07865	0.11873	0.07819	0.30563	0.09535	0.04676	0.03683	0.00852	0.01051	0.00659	0.00506	0.03834	0.00147	0.04735	0.00390	0.03955	0.00532
1	0.02975	0.12175	0.20042	0.01195	0.07129	0.07780	0.22528	0.06006	0.02718	0.03886	0.00946	0.05251	0.02451	0.00450	0.00397	0.00123	0.00529	0.02649	0.00232	0.00536
2	0.00562	0.00427	0.00529	0.00532	0.00649	0.00381	0.02463	0.00687	0.00913	0.03773	0.11572	0.17175	0.43870	0.01004	0.00485	0.00145	0.00247	0.13854	0.00374	0.00358
3	0.00558	0.00413	0.00509	0.00511	0.00554	0.00413	0.00349	0.00638	0.00796	0.01080	0.22998	0.21371	0.11019	0.30602	0.01067	0.00227	0.05501	0.00750	0.00329	0.00315
4	0.00867	0.03306	0.21106	0.05414	0.04787	0.11509	0.08706	0.01152	0.05858	0.04090	0.05019	0.22469	0.01267	0.00634	0.00437	0.00133	0.01943	0.00553	0.00266	0.00483
5	0.01086	0.22393	0.30199	0.00969	0.01351	0.17830	0.02950	0.09641	0.05299	0.01260	0.00721	0.00816	0.00563	0.00401	0.00375	0.00112	0.02988	0.00286	0.00212	0.00547
6	0.00633	0.00462	0.00586	0.00659	0.05730	0.00442	0.00442	0.03750	0.04427	0.03955	0.09439	0.43052	0.17889	0.00986	0.00468	0.00144	0.00251	0.02391	0.03905	0.00388
7	0.00660	0.00643	0.05843	0.13176	0.01053	0.04124	0.03165	0.00805	0.00800	0.01087	0.08435	0.32184	0.04016	0.09277	0.00664	0.00166	0.06705	0.00697	0.06123	0.00377

[dist]
# distance from previous block
# <min> <max>
3	11

[block]
# block no. 1 follows, 68 sequences, length 22
# corresponding to MSA columns:
# 217-238
name=unknown_B
#
# <colnr> <probs for GDERKNQSTAVLIFYWHMCP>
#	G	D	E	R	K	N	Q	S	T	A	V	L	I	F	Y	W	H	M	C	P
0	0.38130	0.03213	0.11345	0.00666	0.00957	0.00783	0.02570	0.04021	0.00835	0.13331	0.02782	0.01051	0.01500	0.06624	0.00436	0.00135	0.00361	0.00311	0.02142	0.08805
1	0.00557	0.00401	0.00513	0.00578	0.00623	0.00388	0.00396	0.06487	0.00839	0.01120	0.02096	0.79644	0.02481	0.01187	0.00498	0.00158	0.00245	0.01071	0.00370	0.00348
2	0.00642	0.00415	0.00533	0.00536	0.00622	0.00389	0.00390	0.00805	0.03219	0.07320	0.37365	0.31682	0.04818	0.02921	0.00503	0.00143	0.00225	0.02514	0.04575	0.00380
3	0.00510	0.00402	0.00468	0.00461	0.00571	0.00360	0.00345	0.00643	0.00957	0.01246	0.32543	0.07173	0.44724	0.01088	0.06573	0.00168	0.00260	0.00777	0.00382	0.00350
4	0.00697	0.00482	0.00566	0.00573	0.00687	0.00476	0.00442	0.05840	0.07564	0.04221	0.06058	0.24317	0.18009	0.00906	0.00452	0.00142	0.00263	0.14774	0.13132	0.00400
5	0.19055	0.00706	0.00851	0.00676	0.00965	0.00673	0.00555	0.01792	0.06980	0.61558	0.01366	0.01219	0.00888	0.00470	0.00369	0.00124	0.00330	0.00366	0.00436	0.00623
6	0.00839	0.02862	0.05985	0.34162	0.29691	0.00847	0.03277	0.01064	0.00822	0.01132	0.00760	0.01091	0.00625	0.00460	0.00472	0.06538	0.00478	0.02051	0.02172	0.04671
7	0.88866	0.00767	0.00583	0.00521	0.00767	0.00889	0.00429	0.01166	0.00675	0.01779	0.00552	0.00644	0.00429	0.00368	0.00245	0.00123	0.00307	0.00215	0.00245	0.00429
8	0.00491	0.00355	0.00459	0.00540	0.00578	0.00329	0.00369	0.00570	0.00781	0.01032	0.02359	0.72865	0.11051	0.01199	0.00500	0.00158	0.00231	0.03965	0.01841	0.00326
9	0.69021	0.00793	0.00663	0.00575	0.00821	0.00909	0.00471	0.11951	0.03873	0.01853	0.00686	0.00763	0.00524	0.00394	0.00273	0.00121	0.00317	0.00251	0.05275	0.00466
10	0.00627	0.00420	0.00534	0.00564	0.00653	0.00396	0.00422	0.00757	0.03401	0.07028	0.05477	0.35928	0.20229	0.01186	0.05588	0.03674	0.00306	0.12082	0.00363	0.00364
11	0.00838	0.23318	0.17795	0.07387	0.01248	0.00945	0.06136	0.02756	0.00845	0.03631	0.02313	0.16203	0.05193	0.00611	0.00447	0.00128	0.05724	0.03763	0.00243	0.00475
12	0.00914	0.01961	0.01184	0.39695	0.04998	0.02004	0.06460	0.10677	0.12373	0.03081	0.02943	0.02676	0.03794	0.00473	0.00429	0.00129	0.02863	0.00408	0.00261	0.02678
13	0.00541	0.00401	0.00462	0.00470	0.00578	0.00351	0.00346	0.00654	0.00921	0.04209	0.17991	0.21348	0.46637	0.01003	0.00476	0.00139	0.00213	0.02524	0.00385	0.00352
14	0.00609	0.00420	0.00518	0.00523	0.00605	0.00396	0.00376	0.00760	0.04136	0.05124	0.26651	0.23865	0.14628	0.14095	0.00716	0.00179	0.00253	0.05413	0.00376	0.00358
15	0.01082	0.00685	0.00858	0.00733	0.00932	0.02076	0.04333	0.12129	0.12663	0.22115	0.02577	0.15166	0.06600	0.00910	0.09316	0.00185	0.01912	0.00552	0.04654	0.00522
16	0.01376	0.01554	0.01173	0.02049	0.01248	0.54945	0.04524	0.10954	0.05507	0.03953	0.00741	0.00839	0.00589	0.00444	0.00446	0.00113	0.07383	0.00300	0.00244	0.01617
17	0.00518	0.00376	0.00461	0.00511	0.00550	0.00356	0.00338	0.00606	0.02699	0.01006	0.06026	0.51318	0.11850	0.20487	0.00842	0.00206	0.00262	0.00932	0.00343	0.00315
18	0.00497	0.00361	0.00472	0.00551	0.00592	0.00336	0.00384	0.00582	0.00798	0.01053	0.05415	0.68943	0.09777	0.01193	0.00505	0.00159	0.00237	0.07446	0.00370	0.00329
19	0.00882	0.00835	0.01331	0.23051	0.26003	0.00980	0.05096	0.04898	0.00819	0.01152	0.00716	0.01052	0.00617	0.03563	0.04047	0.00168	0.23724	0.00368	0.00197	0.00500
20	0.00842	0.00538	0.00657	0.00611	0.01840	0.00521	0.00460	0.09008	0.05040	0.14170	0.21342	0.14751	0.18634	0.03235	0.04482	0.00164	0.00305	0.02559	0.00395	0.00446
21	0.00591	0.00450	0.00629	0.00630	0.00672	0.00520	0.00470	0.00688	0.00656	0.00937	0.01269	0.20149	0.01346	0.12333	0.42344	0.02303	0.10412	0.00586	0.02678	0.00339

[dist]
# distance from previous block
# <min> <max>
5	19

[block]
# block no. 2 follows, 68 sequences, length 7
# corresponding to MSA columns:
# 258-264
name=unknown_C
#
# <colnr> <probs for GDERKNQSTAVLIFYWHMCP>
#	G	D	E	R	K	N	Q	S	T	A	V	L	I	F	Y	W	H	M	C	P
0	0.00537	0.00397	0.00507	0.00546	0.00612	0.00355	0.00371	0.00615	0.00752	0.01029	0.01904	0.67097	0.02245	0.08478	0.00609	0.00167	0.00252	0.00959	0.00339	0.12231
1	0.00536	0.00400	0.00497	0.00481	0.00579	0.00362	0.00358	0.00696	0.01050	0.01439	0.60703	0.08728	0.20946	0.00882	0.00470	0.00129	0.00193	0.00771	0.00417	0.00362
2	0.00538	0.00416	0.00501	0.00509	0.00610	0.00362	0.00360	0.00639	0.00833	0.01115	0.11154	0.41798	0.21737	0.05050	0.00536	0.00147	0.00234	0.00867	0.00351	0.12243
3	0.00529	0.00389	0.00496	0.00501	0.00581	0.00356	0.00364	0.00675	0.01000	0.01374	0.52265	0.24948	0.13157	0.00948	0.00478	0.00135	0.00200	0.00840	0.00410	0.00356
4	0.00571	0.00416	0.00528	0.00554	0.00627	0.00396	0.00402	0.04987	0.00955	0.01294	0.28700	0.43845	0.08531	0.01036	0.00487	0.00146	0.00233	0.05540	0.00392	0.00361
5	0.27885	0.01502	0.12151	0.00867	0.01141	0.43067	0.00748	0.01432	0.00950	0.05984	0.00662	0.00746	0.00512	0.00397	0.00328	0.00113	0.00552	0.00256	0.00228	0.00480
6	0.01369	0.00709	0.00878	0.00701	0.00974	0.00673	0.00565	0.06806	0.15612	0.44217	0.01376	0.01323	0.00963	0.02837	0.04906	0.00149	0.00369	0.00388	0.02687	0.12499

[dist]
# distance from previous block
# <min> <max>
0	2

[block]
# block no. 3 follows, 68 sequences, length 12
# corresponding to MSA columns:
# 267-278
name=unknown_D
#
# <colnr> <probs for GDERKNQSTAVLIFYWHMCP>
#	G	D	E	R	K	N	Q	S	T	A	V	L	I	F	Y	W	H	M	C	P
0	0.01171	0.08100	0.07357	0.07998	0.03408	0.09842	0.09941	0.22701	0.17368	0.04880	0.00970	0.01034	0.00725	0.00443	0.00408	0.00122	0.02294	0.00361	0.00296	0.00581
1	0.02797	0.20517	0.09905	0.00821	0.02639	0.05035	0.06131	0.05581	0.09010	0.03713	0.05080	0.01121	0.04526	0.00421	0.00345	0.00100	0.00405	0.00338	0.00257	0.21259
2	0.06102	0.16584	0.10415	0.15623	0.02850	0.05216	0.04190	0.03882	0.00879	0.09939	0.00878	0.01052	0.02636	0.03506	0.03586	0.00140	0.01930	0.00327	0.00236	0.10029
3	0.00878	0.25502	0.53472	0.01011	0.01509	0.01091	0.05463	0.01227	0.00833	0.01168	0.00671	0.00793	0.00513	0.00361	0.00344	0.00112	0.00533	0.00277	0.00172	0.04072
4	0.01028	0.01616	0.35171	0.01025	0.01394	0.26701	0.07493	0.01325	0.03240	0.04879	0.01097	0.04533	0.07806	0.00482	0.00393	0.00121	0.00566	0.00385	0.00228	0.00516
5	0.05903	0.08459	0.31345	0.08527	0.03386	0.00889	0.08886	0.04680	0.03805	0.04904	0.07263	0.02775	0.04213	0.02772	0.00430	0.00131	0.00472	0.00395	0.00243	0.00522
6	0.05747	0.00555	0.00857	0.12958	0.06016	0.00608	0.06225	0.00826	0.00694	0.02714	0.01009	0.05641	0.02311	0.09829	0.26271	0.14105	0.02607	0.00443	0.00219	0.00367
7	0.00512	0.00390	0.00436	0.00450	0.00528	0.00354	0.00312	0.00582	0.00791	0.00990	0.04812	0.15072	0.43395	0.22186	0.03316	0.02258	0.00282	0.02696	0.00329	0.00308
8	0.21625	0.00828	0.06273	0.06248	0.05888	0.02882	0.09555	0.04295	0.05638	0.07432	0.04757	0.03626	0.18253	0.00562	0.00387	0.00128	0.00377	0.00470	0.00296	0.00478
9	0.06480	0.09495	0.48476	0.00991	0.01427	0.07936	0.01124	0.04113	0.06903	0.04068	0.00772	0.00866	0.00574	0.00410	0.00405	0.00122	0.04767	0.00297	0.00212	0.00560
10	0.07635	0.03576	0.31535	0.04971	0.01473	0.03260	0.15552	0.02309	0.02571	0.11118	0.01071	0.05562	0.04465	0.02644	0.00436	0.00134	0.00498	0.00410	0.00249	0.00531
11	0.00497	0.00357	0.00474	0.00563	0.00596	0.00335	0.00390	0.00577	0.00778	0.01030	0.02242	0.75577	0.05444	0.01221	0.00509	0.00162	0.00241	0.08315	0.00368	0.00326

[dist]
# distance from previous block
# <min> <max>
1	33

[block]
# block no. 4 follows, 68 sequences, length 7
# corresponding to MSA columns:
# 317-323
name=unknown_E
#
# <colnr> <probs for GDERKNQSTAVLIFYWHMCP>
#	G	D	E	R	K	N	Q	S	T	A	V	L	I	F	Y	W	H	M	C	P
0	0.20904	0.00703	0.00906	0.07272	0.13331	0.00756	0.02763	0.04115	0.02504	0.01338	0.01173	0.17958	0.04426	0.00623	0.00462	0.00132	0.07725	0.03551	0.00267	0.09091
1	0.00704	0.00534	0.00646	0.00588	0.00731	0.00497	0.00434	0.07808	0.00833	0.01169	0.01360	0.23055	0.01464	0.19716	0.08460	0.00224	0.00386	0.06740	0.00292	0.24361
2	0.02977	0.00937	0.08333	0.26961	0.13362	0.05374	0.03758	0.07475	0.06809	0.05712	0.07340	0.01292	0.04027	0.00469	0.00415	0.00126	0.02049	0.00399	0.01667	0.00517
3	0.00753	0.00650	0.03225	0.09444	0.01104	0.00651	0.10144	0.01030	0.09359	0.05039	0.21695	0.08077	0.11559	0.00697	0.00540	0.02309	0.07710	0.00581	0.04995	0.00437
4	0.08593	0.00433	0.00470	0.00458	0.00580	0.00399	0.00344	0.00690	0.00956	0.01326	0.33267	0.08166	0.41149	0.00888	0.00450	0.00131	0.00207	0.00753	0.00382	0.00357
5	0.12131	0.04773	0.00999	0.00836	0.01027	0.19495	0.00665	0.07656	0.26294	0.01393	0.00967	0.01054	0.00775	0.00718	0.08180	0.00174	0.11726	0.00343	0.00281	0.00513
6	0.05314	0.01034	0.08210	0.00854	0.01122	0.07594	0.00739	0.21012	0.13794	0.21849	0.01101	0.01109	0.00794	0.00614	0.04586	0.00152	0.08817	0.00363	0.00348	0.00592

[dist]
# distance from previous block
# <min> <max>
5	6

[block]
# block no. 5 follows, 68 sequences, length 58
# corresponding to MSA columns:
# 332-389
name=unknown_F
#
# <colnr> <probs for GDERKNQSTAVLIFYWHMCP>
#	G	D	E	R	K	N	Q	S	T	A	V	L	I	F	Y	W	H	M	C	P
0	0.01015	0.09575	0.27059	0.07140	0.11539	0.04420	0.07810	0.06772	0.09439	0.07527	0.00919	0.02002	0.00706	0.00424	0.00385	0.00123	0.00499	0.01825	0.00246	0.00574
1	0.00761	0.04130	0.01225	0.81735	0.02662	0.00908	0.01084	0.01020	0.00793	0.01010	0.00699	0.01040	0.00528	0.00394	0.00391	0.00130	0.00524	0.00347	0.00176	0.00443
2	0.05603	0.02625	0.34244	0.08876	0.06558	0.00884	0.06604	0.06788	0.04390	0.03182	0.00837	0.01033	0.00648	0.00813	0.13982	0.00209	0.01631	0.00344	0.00217	0.00533
3	0.01017	0.05564	0.18176	0.12053	0.31760	0.06805	0.02430	0.08344	0.00989	0.04768	0.03826	0.01013	0.00709	0.00400	0.00385	0.00119	0.00500	0.00344	0.00226	0.00573
4	0.00595	0.00429	0.00537	0.01988	0.00681	0.00408	0.00435	0.02487	0.01918	0.02640	0.18747	0.23422	0.20670	0.01810	0.00497	0.00149	0.00256	0.18070	0.03897	0.00365
5	0.00583	0.00441	0.00643	0.00640	0.00715	0.00513	0.00495	0.00761	0.03926	0.00947	0.01088	0.01577	0.01010	0.04666	0.79354	0.00612	0.01017	0.00429	0.00221	0.00363
6	0.01933	0.00674	0.02160	0.03265	0.13530	0.01679	0.02021	0.03383	0.14862	0.15306	0.01593	0.29043	0.02599	0.00730	0.00431	0.00137	0.00333	0.01943	0.03872	0.00507
7	0.03595	0.01238	0.19004	0.05573	0.05366	0.03185	0.32064	0.12902	0.02236	0.02735	0.00793	0.00970	0.00592	0.00389	0.00448	0.00126	0.04100	0.00375	0.00230	0.04078
8	0.85333	0.00752	0.00581	0.00521	0.00760	0.00869	0.00427	0.01149	0.00693	0.01771	0.03866	0.00737	0.00562	0.00386	0.00254	0.00123	0.00302	0.00235	0.00253	0.00427
9	0.88866	0.00767	0.00583	0.00521	0.00767	0.00889	0.00429	0.01166	0.00675	0.01779	0.00552	0.00644	0.00429	0.00368	0.00245	0.00123	0.00307	0.00215	0.00245	0.00429
10	0.00515	0.00399	0.00470	0.00462	0.00567	0.00353	0.00343	0.00656	0.01000	0.01322	0.42997	0.10023	0.37611	0.00928	0.00471	0.00132	0.00196	0.00801	0.00402	0.00353
11	0.00526	0.00388	0.00490	0.00516	0.00576	0.00360	0.01727	0.00614	0.00811	0.01072	0.12872	0.37446	0.18383	0.16957	0.00773	0.00192	0.00259	0.03930	0.01785	0.00322
12	0.01105	0.00760	0.00833	0.00684	0.00859	0.00814	0.00514	0.41242	0.01250	0.06000	0.01119	0.01692	0.01028	0.37463	0.01095	0.00233	0.00404	0.00454	0.01966	0.00481
13	0.00639	0.00435	0.00539	0.00501	0.00623	0.00395	0.00383	0.02110	0.01078	0.07099	0.55589	0.03057	0.22637	0.00836	0.00464	0.00128	0.00209	0.02467	0.00422	0.00390
14	0.01098	0.00908	0.00960	0.00830	0.01074	0.01039	0.00655	0.19384	0.65416	0.01840	0.01471	0.01366	0.01095	0.00525	0.00402	0.00131	0.00340	0.00429	0.00402	0.00638
15	0.04716	0.01066	0.01141	0.00880	0.01192	0.01172	0.00725	0.72268	0.04346	0.04963	0.00971	0.00967	0.00690	0.00470	0.00389	0.00118	0.00421	0.00353	0.00390	0.02761
16	0.00757	0.00711	0.01193	0.81001	0.04910	0.00875	0.01091	0.01018	0.00796	0.01027	0.00706	0.01050	0.00533	0.00393	0.00394	0.00130	0.00522	0.00350	0.00178	0.02365
17	0.00471	0.00402	0.00406	0.00405	0.00537	0.00336	0.00303	0.00575	0.00910	0.01087	0.06462	0.03789	0.80976	0.00998	0.00469	0.00134	0.00200	0.00833	0.00370	0.00336
18	0.00487	0.00347	0.00459	0.00547	0.00569	0.00325	0.00362	0.00553	0.00751	0.01001	0.02144	0.82123	0.02570	0.04997	0.00573	0.00171	0.00237	0.01103	0.00362	0.00318
19	0.00534	0.00404	0.00492	0.00470	0.00576	0.00362	0.00353	0.00695	0.01058	0.01437	0.59969	0.03214	0.27251	0.00868	0.00468	0.00127	0.00191	0.00752	0.00416	0.00362
20	0.02897	0.00471	0.00564	0.00529	0.00635	0.02714	0.00401	0.00832	0.02964	0.02803	0.74130	0.02815	0.03437	0.00783	0.00458	0.00125	0.00214	0.02416	0.00424	0.00388
21	0.01060	0.86304	0.02078	0.00678	0.01018	0.01569	0.00678	0.01187	0.00806	0.00933	0.00551	0.00636	0.00509	0.00339	0.00254	0.00085	0.00424	0.00212	0.00170	0.00509
22	0.00531	0.00374	0.00489	0.00563	0.00594	0.00360	0.00395	0.00608	0.00753	0.00998	0.01988	0.54208	0.02329	0.17657	0.00807	0.00208	0.00286	0.16197	0.00343	0.00314
23	0.00483	0.00345	0.00460	0.00552	0.00575	0.00322	0.00368	0.00552	0.00759	0.01012	0.02185	0.85807	0.02622	0.01242	0.00506	0.00161	0.00230	0.01127	0.00368	0.00322
24	0.01174	0.01003	0.01174	0.01159	0.15173	0.06073	0.04065	0.30512	0.26180	0.01813	0.02374	0.02146	0.00949	0.00503	0.00407	0.00126	0.00422	0.03789	0.00344	0.00613
25	0.27094	0.18596	0.05505	0.00980	0.12461	0.12521	0.00738	0.09246	0.00921	0.01414	0.00684	0.03373	0.00584	0.00417	0.00357	0.00114	0.03969	0.00291	0.00229	0.00507
26	0.00660	0.04026	0.00893	0.39183	0.03378	0.00674	0.00733	0.00880	0.04425	0.01073	0.04204	0.20235	0.16679	0.00712	0.00431	0.00136	0.00376	0.00623	0.00272	0.00408
27	0.00504	0.00391	0.00462	0.00485	0.00577	0.00348	0.00358	0.00621	0.00914	0.01179	0.21176	0.25820	0.38485	0.01031	0.00484	0.00142	0.00216	0.06082	0.00383	0.00342
28	0.00960	0.09059	0.04139	0.00757	0.01037	0.09301	0.00642	0.04796	0.00864	0.02113	0.00669	0.00814	0.00565	0.00395	0.00486	0.00092	0.15591	0.00264	0.00222	0.47232
29	0.00880	0.00612	0.00715	0.00588	0.00820	0.00541	0.00460	0.07549	0.05429	0.11789	0.11640	0.09084	0.16171	0.00623	0.00392	0.00107	0.00274	0.00524	0.02350	0.29454
30	0.03273	0.15738	0.17757	0.00988	0.04892	0.22931	0.01580	0.07654	0.02113	0.03873	0.01591	0.00834	0.00591	0.00420	0.00435	0.00112	0.08527	0.00288	0.00220	0.06183
31	0.00783	0.04648	0.01012	0.09302	0.11677	0.04862	0.06780	0.03322	0.06933	0.02344	0.02845	0.37196	0.01580	0.00784	0.00467	0.00140	0.02570	0.02009	0.00298	0.00447
32	0.00497	0.00403	0.00441	0.00431	0.00553	0.00347	0.00323	0.00623	0.00970	0.01229	0.28105	0.03557	0.59245	0.00945	0.00468	0.00131	0.00197	0.00800	0.00389	0.00347
33	0.01064	0.00909	0.00939	0.00825	0.01061	0.03010	0.00647	0.12186	0.70725	0.01748	0.01507	0.01395	0.01126	0.00527	0.00401	0.00132	0.00339	0.00432	0.00398	0.00629
34	0.88866	0.00767	0.00583	0.00521	0.00767	0.00889	0.00429	0.01166	0.00675	0.01779	0.00552	0.00644	0.00429	0.00368	0.00245	0.00123	0.00307	0.00215	0.00245	0.00429
35	0.00582	0.00477	0.00521	0.00553	0.00640	0.04681	0.00418	0.00694	0.00876	0.01101	0.10555	0.20800	0.27606	0.09503	0.00643	0.00173	0.00288	0.19196	0.00353	0.00340
36	0.00520	0.00384	0.00476	0.00497	0.00567	0.00351	0.00352	0.00636	0.00911	0.01224	0.33032	0.30938	0.18330	0.07837	0.00606	0.00160	0.00223	0.02234	0.00384	0.00338
37	0.00548	0.00403	0.00497	0.00482	0.00582	0.00363	0.00358	0.00703	0.01037	0.02550	0.55491	0.10088	0.23654	0.00891	0.00470	0.00130	0.00196	0.00777	0.00414	0.00364
38	0.00599	0.00430	0.00542	0.00584	0.00641	0.02567	0.00419	0.01848	0.00774	0.03024	0.03133	0.48494	0.01984	0.04166	0.20828	0.00276	0.00455	0.03408	0.05479	0.00349
39	0.00950	0.05367	0.01269	0.24354	0.08041	0.14156	0.00934	0.01102	0.00773	0.00999	0.00605	0.00893	0.00529	0.00522	0.00778	0.00142	0.37621	0.00328	0.00181	0.00459
40	0.01588	0.00644	0.00867	0.00679	0.00954	0.00566	0.00555	0.03579	0.01150	0.69562	0.13937	0.01585	0.01392	0.00539	0.00409	0.00123	0.00317	0.00446	0.00480	0.00629
41	0.00862	0.18485	0.33870	0.00982	0.01284	0.01134	0.01045	0.01107	0.00739	0.01067	0.00629	0.00844	0.00535	0.00615	0.04991	0.00161	0.30670	0.00303	0.00172	0.00505
42	0.05481	0.02608	0.06585	0.30190	0.22102	0.10709	0.02237	0.04736	0.06314	0.02654	0.00806	0.02423	0.00639	0.00411	0.00383	0.00123	0.00502	0.00350	0.00221	0.00525
43	0.00507	0.00391	0.00465	0.00481	0.00574	0.00349	0.00353	0.00630	0.00936	0.01220	0.27755	0.23357	0.36322	0.01006	0.00481	0.00140	0.00210	0.04090	0.00389	0.00345
44	0.00729	0.02057	0.00833	0.06204	0.10278	0.00636	0.02688	0.04931	0.09915	0.02640	0.13510	0.17952	0.20253	0.00784	0.00481	0.00136	0.03722	0.01470	0.00338	0.00445
45	0.01125	0.09055	0.29453	0.00903	0.01266	0.11682	0.00922	0.05488	0.02178	0.17000	0.00937	0.05271	0.00731	0.00463	0.00421	0.00118	0.05234	0.00348	0.00265	0.07141
46	0.03556	0.00887	0.00954	0.00805	0.01030	0.02115	0.00639	0.33060	0.30005	0.03967	0.01265	0.04857	0.01027	0.06511	0.03174	0.00164	0.03233	0.01803	0.00369	0.00580
47	0.03050	0.00803	0.00892	0.00722	0.00943	0.00875	0.02671	0.44324	0.01378	0.01994	0.03434	0.01206	0.00881	0.00592	0.04213	0.00135	0.01669	0.00374	0.29305	0.00538
48	0.00940	0.01030	0.01392	0.01176	0.05560	0.19103	0.30514	0.01221	0.08327	0.01188	0.03284	0.17837	0.05437	0.00595	0.00442	0.00131	0.00514	0.00568	0.00267	0.00475
49	0.00843	0.10140	0.63674	0.04531	0.01603	0.00969	0.01276	0.05363	0.00900	0.01296	0.05258	0.00949	0.00691	0.00403	0.00372	0.00121	0.00538	0.00314	0.00195	0.00565
50	0.01596	0.00844	0.03268	0.00780	0.01086	0.00800	0.00655	0.25943	0.05524	0.50883	0.01376	0.03405	0.00930	0.00505	0.00401	0.00123	0.00370	0.00405	0.00446	0.00661
51	0.00587	0.00410	0.00471	0.00462	0.00468	0.00425	0.00275	0.00596	0.00592	0.00791	0.01327	0.02557	0.04803	0.78155	0.01917	0.00363	0.04730	0.00576	0.00242	0.00254
52	0.00654	0.00433	0.00477	0.00453	0.00599	0.00370	0.00344	0.00768	0.00935	0.11750	0.07996	0.07555	0.60754	0.00917	0.00454	0.00132	0.00218	0.00769	0.04042	0.00381
53	0.00618	0.00510	0.04806	0.00580	0.00689	0.00430	0.00450	0.04116	0.02867	0.04410	0.15398	0.44097	0.14973	0.01784	0.00491	0.00148	0.00256	0.02619	0.00374	0.00382
54	0.00819	0.04829	0.14693	0.58235	0.05764	0.04793	0.03230	0.01102	0.00824	0.01065	0.00699	0.00984	0.00529	0.00388	0.00387	0.00127	0.00543	0.00335	0.00177	0.00478
55	0.00505	0.00461	0.04728	0.00524	0.00623	0.00366	0.00404	0.00615	0.00838	0.01079	0.07570	0.41332	0.32635	0.03435	0.00526	0.00154	0.00243	0.03260	0.00358	0.00342
56	0.00591	0.04816	0.00665	0.00595	0.00666	0.00521	0.00451	0.00707	0.00658	0.00924	0.04521	0.03938	0.01204	0.17655	0.59669	0.00530	0.00849	0.00472	0.00229	0.00341
57	0.00780	0.00722	0.01189	0.81613	0.02668	0.00895	0.01087	0.04391	0.00837	0.01075	0.00715	0.01053	0.00535	0.00400	0.00396	0.00132	0.00525	0.00353	0.00185	0.00450

[dist]
# distance from previous block
# <min> <max>
0	4

[block]
# block no. 6 follows, 68 sequences, length 10
# corresponding to MSA columns:
# 394-403
name=unknown_G
#
# <colnr> <probs for GDERKNQSTAVLIFYWHMCP>
#	G	D	E	R	K	N	Q	S	T	A	V	L	I	F	Y	W	H	M	C	P
0	0.00988	0.05948	0.12330	0.04724	0.04409	0.03717	0.28872	0.16525	0.02336	0.01414	0.00845	0.01059	0.00662	0.00783	0.13382	0.00203	0.00644	0.00387	0.00236	0.00537
1	0.03328	0.00976	0.06217	0.11094	0.29853	0.08983	0.05482	0.04711	0.04040	0.02997	0.14499	0.01348	0.02489	0.00471	0.00417	0.00122	0.01768	0.00415	0.00259	0.00530
2	0.01390	0.01622	0.01075	0.00956	0.01167	0.63222	0.00729	0.13937	0.01200	0.01207	0.00834	0.00931	0.04042	0.00593	0.05259	0.00137	0.00671	0.00305	0.00241	0.00481
3	0.00929	0.03210	0.01500	0.10916	0.45979	0.02462	0.09909	0.02522	0.02110	0.01236	0.00831	0.01066	0.02494	0.00497	0.03960	0.00141	0.04173	0.00369	0.00206	0.05490
4	0.00939	0.02833	0.03835	0.18000	0.05273	0.03041	0.05285	0.12977	0.07554	0.04373	0.03783	0.02332	0.02197	0.00713	0.00706	0.22557	0.01372	0.01527	0.00258	0.00445
5	0.70478	0.00729	0.00628	0.00552	0.00794	0.00810	0.00450	0.01249	0.00750	0.14399	0.00800	0.05526	0.00637	0.00436	0.00284	0.00125	0.00307	0.00294	0.00290	0.00461
6	0.00577	0.00384	0.00432	0.00432	0.00432	0.00384	0.00240	0.00577	0.00577	0.00769	0.01249	0.02595	0.01441	0.86066	0.02018	0.00384	0.00384	0.00577	0.00240	0.00240
7	0.00656	0.00499	0.00551	0.00521	0.00655	0.00477	0.00393	0.13210	0.01053	0.01371	0.14396	0.18705	0.40531	0.00918	0.00456	0.00134	0.00240	0.00781	0.04060	0.00392
8	0.00964	0.00954	0.01566	0.15083	0.62823	0.04544	0.05884	0.01204	0.00897	0.01236	0.00737	0.00987	0.00606	0.00361	0.00396	0.00120	0.00502	0.00356	0.00194	0.00586
9	0.05419	0.00640	0.00862	0.00687	0.00954	0.00583	0.00563	0.01710	0.01038	0.67464	0.01442	0.01351	0.00959	0.00868	0.13365	0.00202	0.00448	0.00395	0.00437	0.00614

[dist]
# distance from previous block
# <min> <max>
0	3

[block]
# block no. 7 follows, 68 sequences, length 8
# corresponding to MSA columns:
# 407-414
name=unknown_H
#
# <colnr> <probs for GDERKNQSTAVLIFYWHMCP>
#	G	D	E	R	K	N	Q	S	T	A	V	L	I	F	Y	W	H	M	C	P
0	0.00647	0.00453	0.00507	0.00484	0.00534	0.00455	0.00308	0.08209	0.00772	0.01023	0.06570	0.06359	0.09995	0.60276	0.01544	0.00308	0.00351	0.00616	0.00286	0.00302
1	0.01314	0.01014	0.01081	0.00873	0.01156	0.01139	0.00707	0.52483	0.31967	0.02187	0.01198	0.01148	0.00873	0.00499	0.00399	0.00125	0.00391	0.00391	0.00399	0.00657
2	0.01069	0.51219	0.11284	0.03124	0.08869	0.04566	0.00840	0.05755	0.02615	0.03604	0.00668	0.00770	0.00558	0.00377	0.00339	0.00101	0.03238	0.00263	0.00201	0.00539
3	0.01256	0.08855	0.06286	0.01213	0.14770	0.20580	0.06885	0.24232	0.02955	0.04838	0.02299	0.00949	0.00683	0.00465	0.01898	0.00123	0.00532	0.00335	0.00272	0.00574
4	0.01106	0.00731	0.00928	0.00810	0.08667	0.00630	0.00584	0.08455	0.01022	0.21272	0.07789	0.01153	0.00955	0.00406	0.00352	0.00090	0.00325	0.00336	0.00324	0.44067
5	0.00784	0.03855	0.41632	0.00980	0.01372	0.00802	0.08838	0.03163	0.05035	0.01294	0.06941	0.06456	0.03177	0.00584	0.01751	0.00138	0.00486	0.07933	0.00247	0.04533
6	0.01248	0.00838	0.01080	0.08774	0.05931	0.00887	0.02280	0.23799	0.06930	0.21594	0.02660	0.03896	0.00868	0.00501	0.00478	0.00123	0.08282	0.00394	0.00348	0.09089
7	0.00568	0.00386	0.00442	0.00451	0.00465	0.00381	0.00270	0.00586	0.00622	0.00820	0.01507	0.07725	0.06375	0.72094	0.01769	0.00347	0.00363	0.04311	0.00261	0.00256

[dist]
# distance from previous block
# <min> <max>
0	1

[block]
# block no. 8 follows, 68 sequences, length 14
# corresponding to MSA columns:
# 416-429
name=unknown_I
#
# <colnr> <probs for GDERKNQSTAVLIFYWHMCP>
#	G	D	E	R	K	N	Q	S	T	A	V	L	I	F	Y	W	H	M	C	P
0	0.02714	0.00703	0.00864	0.02218	0.00964	0.00788	0.02759	0.15521	0.19540	0.01499	0.07088	0.12253	0.01537	0.02586	0.05669	0.00181	0.07709	0.14577	0.00346	0.00484
1	0.60673	0.02425	0.11157	0.02449	0.00956	0.00860	0.02429	0.03526	0.00750	0.01613	0.00761	0.09452	0.00679	0.00462	0.00302	0.00127	0.00353	0.00331	0.00249	0.00449
2	0.00600	0.00444	0.00545	0.00536	0.00561	0.00479	0.00366	0.00645	0.00643	0.00865	0.01478	0.04371	0.08222	0.54487	0.08614	0.00342	0.09156	0.07100	0.00255	0.00289
3	0.03282	0.00992	0.01039	0.00840	0.01103	0.09346	0.03603	0.41323	0.05976	0.12315	0.01119	0.01257	0.00845	0.00499	0.00388	0.00120	0.00419	0.04790	0.10156	0.00589
4	0.00892	0.00754	0.01090	0.00883	0.05491	0.00692	0.12306	0.01082	0.00832	0.05368	0.00801	0.00966	0.00647	0.00380	0.00454	0.00094	0.11051	0.00311	0.09284	0.46621
5	0.00585	0.00376	0.00501	0.00540	0.00593	0.00348	0.00375	0.00657	0.00829	0.05304	0.17820	0.53651	0.05608	0.01125	0.00599	0.09230	0.00238	0.00919	0.00367	0.00335
6	0.01056	0.01140	0.23645	0.05496	0.07951	0.00847	0.05264	0.15808	0.05690	0.13320	0.01180	0.07327	0.03336	0.01927	0.00433	0.00132	0.00449	0.02248	0.00300	0.02451
7	0.00951	0.04577	0.01196	0.38834	0.05797	0.11979	0.02731	0.02941	0.20300	0.01202	0.00901	0.01079	0.00696	0.00442	0.00433	0.00128	0.04709	0.00359	0.00239	0.00505
8	0.00679	0.00550	0.00768	0.02421	0.18372	0.00531	0.00598	0.03025	0.00988	0.01345	0.25664	0.02829	0.21766	0.00772	0.00452	0.00133	0.00293	0.13672	0.04715	0.00426
9	0.00618	0.00467	0.00648	0.00712	0.00774	0.00496	0.00586	0.00759	0.00838	0.01113	0.01961	0.27098	0.02197	0.01096	0.00613	0.00176	0.09063	0.50078	0.00346	0.00360
10	0.00878	0.00802	0.01288	0.37109	0.35054	0.00882	0.01049	0.07537	0.00926	0.01248	0.00957	0.05443	0.04218	0.00454	0.00404	0.00127	0.00469	0.00413	0.00220	0.00524
11	0.01134	0.11299	0.11551	0.03175	0.03083	0.34301	0.05140	0.04182	0.06930	0.02346	0.02127	0.05288	0.02493	0.00467	0.00368	0.00113	0.00539	0.00360	0.04609	0.00496
12	0.00487	0.00355	0.00461	0.00543	0.00580	0.00328	0.00371	0.00564	0.00780	0.01025	0.02370	0.74438	0.10918	0.01212	0.00504	0.00159	0.00232	0.03981	0.00368	0.00325
13	0.06635	0.00608	0.00794	0.13970	0.06262	0.04174	0.04256	0.00822	0.00687	0.00963	0.01017	0.03298	0.01056	0.42864	0.08237	0.00298	0.03015	0.00474	0.00222	0.00349

[dist]
# distance from previous block
# <min> <max>
0	2

[block]
# block no. 9 follows, 68 sequences, length 19
# corresponding to MSA columns:
# 432-450
name=unknown_J
#
# <colnr> <probs for GDERKNQSTAVLIFYWHMCP>
#	G	D	E	R	K	N	Q	S	T	A	V	L	I	F	Y	W	H	M	C	P
0	0.00519	0.00379	0.00487	0.00522	0.00584	0.00350	0.00372	0.00638	0.00911	0.01234	0.32459	0.41504	0.11166	0.02989	0.00524	0.00151	0.00220	0.04257	0.00390	0.00343
1	0.02655	0.00825	0.01303	0.45244	0.22753	0.00931	0.04217	0.08348	0.05717	0.01285	0.00791	0.01041	0.00608	0.00396	0.00394	0.00126	0.00490	0.00358	0.00218	0.02301
2	0.01104	0.01179	0.03195	0.09034	0.43294	0.21309	0.01036	0.05737	0.05103	0.01263	0.00756	0.00939	0.00616	0.00398	0.00415	0.00118	0.03387	0.00333	0.00216	0.00566
3	0.00721	0.00456	0.00579	0.00556	0.00677	0.00416	0.00410	0.00894	0.04549	0.12252	0.27894	0.32825	0.09268	0.00899	0.00460	0.00135	0.00236	0.00794	0.00400	0.05581
4	0.00829	0.00688	0.05315	0.02426	0.00878	0.00689	0.00579	0.17026	0.02092	0.04037	0.04367	0.16820	0.02880	0.15177	0.15241	0.00267	0.08009	0.01950	0.00301	0.00430
5	0.00512	0.00388	0.00509	0.00620	0.04934	0.00360	0.00394	0.00591	0.00780	0.01023	0.02358	0.63100	0.15769	0.05973	0.00580	0.00167	0.00247	0.01007	0.00352	0.00336
6	0.00666	0.00360	0.00539	0.00539	0.00553	0.00373	0.00373	0.00553	0.00539	0.00732	0.00759	0.01272	0.00746	0.01679	0.17198	0.71895	0.00480	0.00360	0.00180	0.00206
7	0.00873	0.00703	0.00827	0.00593	0.00943	0.00531	0.00476	0.01048	0.00839	0.05642	0.00750	0.00850	0.00608	0.00304	0.00299	0.00062	0.00296	0.00244	0.00248	0.83864
8	0.00749	0.00705	0.01189	0.85113	0.02731	0.00881	0.01101	0.01013	0.00793	0.01013	0.00705	0.01057	0.00529	0.00396	0.00396	0.00132	0.00529	0.00352	0.00176	0.00440
9	0.00576	0.00387	0.00444	0.00444	0.00448	0.00391	0.00255	0.00584	0.00580	0.00777	0.01239	0.02536	0.01416	0.81348	0.06701	0.00399	0.00423	0.00568	0.00239	0.00247
10	0.00900	0.00936	0.01337	0.12754	0.01408	0.06644	0.10460	0.01041	0.00706	0.01001	0.00585	0.00907	0.00530	0.00592	0.01015	0.00158	0.58041	0.00356	0.00179	0.00448
11	0.00932	0.00728	0.10482	0.00734	0.02236	0.00558	0.05061	0.01178	0.04437	0.21993	0.30895	0.03925	0.08914	0.01838	0.00462	0.00133	0.00320	0.04297	0.00387	0.00491
12	0.02609	0.05351	0.13740	0.00891	0.01194	0.02818	0.07824	0.15673	0.18341	0.11900	0.07069	0.04365	0.03786	0.00526	0.00419	0.00126	0.02021	0.00438	0.00336	0.00572
13	0.00559	0.00429	0.00515	0.00489	0.00601	0.00397	0.00368	0.00774	0.05541	0.01452	0.57184	0.03114	0.25412	0.00849	0.00464	0.00128	0.00198	0.00735	0.00416	0.00377
14	0.01351	0.01117	0.01252	0.01158	0.12734	0.19344	0.09456	0.21787	0.02680	0.17981	0.03846	0.01124	0.00824	0.03001	0.00446	0.00126	0.00495	0.00375	0.00321	0.00581
15	0.02718	0.03636	0.08893	0.08860	0.12198	0.05549	0.07962	0.26641	0.06808	0.07804	0.04354	0.01087	0.00802	0.00441	0.00395	0.00122	0.00470	0.00372	0.00301	0.00590
16	0.01152	0.10906	0.01000	0.00699	0.00925	0.00933	0.00567	0.35499	0.07078	0.06446	0.02387	0.02767	0.00946	0.11154	0.00565	0.00146	0.00363	0.00397	0.15536	0.00534
17	0.00490	0.00348	0.00458	0.00544	0.00565	0.00326	0.00359	0.00554	0.00746	0.00995	0.02120	0.80038	0.02541	0.07123	0.00611	0.00177	0.00241	0.01089	0.00359	0.00316
18	0.05845	0.10709	0.36620	0.02330	0.07357	0.15903	0.05695	0.07333	0.00958	0.01287	0.00690	0.00819	0.00529	0.00387	0.00377	0.00117	0.02003	0.00294	0.00200	0.00549

[dist]
# distance from previous block
# <min> <max>
0	16

[block]
# block no. 10 follows, 68 sequences, length 38
# corresponding to MSA columns:
# 467-504
name=unknown_K
#
# <colnr> <probs for GDERKNQSTAVLIFYWHMCP>
#	G	D	E	R	K	N	Q	S	T	A	V	L	I	F	Y	W	H	M	C	P
0	0.01001	0.01071	0.07668	0.11926	0.39370	0.07713	0.06909	0.08283	0.02773	0.01332	0.00846	0.01036	0.02701	0.00397	0.00406	0.00119	0.01757	0.00359	0.00220	0.04110
1	0.02305	0.03151	0.00927	0.02858	0.03557	0.11302	0.00583	0.04437	0.02328	0.24628	0.06259	0.04169	0.02935	0.00464	0.00364	0.00101	0.00369	0.00373	0.00328	0.28562
2	0.05174	0.22695	0.30818	0.01067	0.10219	0.05702	0.02128	0.07355	0.03173	0.02556	0.00771	0.03079	0.00634	0.02549	0.00389	0.00120	0.00491	0.00315	0.00213	0.00550
3	0.00599	0.00414	0.00542	0.00505	0.00605	0.00381	0.00381	0.00785	0.01123	0.04126	0.80861	0.02912	0.03656	0.00801	0.00466	0.00125	0.00192	0.00707	0.00438	0.00383
4	0.00559	0.00481	0.03111	0.00504	0.00633	0.00416	0.00398	0.00771	0.05578	0.01360	0.43429	0.03066	0.32153	0.02218	0.03438	0.00151	0.00245	0.00720	0.00391	0.00378
5	0.00795	0.02051	0.84011	0.01130	0.01716	0.00921	0.01465	0.01256	0.00837	0.01256	0.00712	0.00837	0.00502	0.00377	0.00377	0.00126	0.00586	0.00293	0.00167	0.00586
6	0.00513	0.00391	0.00475	0.00517	0.00590	0.00361	0.00368	0.00648	0.03743	0.01141	0.14623	0.45629	0.24958	0.01084	0.00488	0.00148	0.00223	0.03376	0.00379	0.00345
7	0.00935	0.01093	0.13264	0.06435	0.11973	0.06463	0.06085	0.08596	0.00866	0.01208	0.00728	0.02440	0.00628	0.00730	0.07965	0.00184	0.29332	0.00363	0.00207	0.00503
8	0.00590	0.00472	0.00687	0.00610	0.00733	0.00439	0.07950	0.00794	0.03099	0.01456	0.58128	0.10215	0.11646	0.00818	0.00470	0.00130	0.00240	0.00736	0.00401	0.00387
9	0.01116	0.03405	0.02112	0.02790	0.12169	0.08444	0.02894	0.22455	0.01878	0.03461	0.00786	0.00894	0.00617	0.00387	0.00388	0.00098	0.03669	0.00303	0.00270	0.31863
10	0.00572	0.00424	0.00595	0.00656	0.00731	0.00404	0.02555	0.00702	0.00837	0.01105	0.02117	0.43463	0.04326	0.01123	0.00517	0.00166	0.00302	0.36315	0.00359	0.02733
11	0.01079	0.00898	0.00949	0.00826	0.01066	0.01029	0.00650	0.16370	0.68462	0.01808	0.01496	0.01385	0.01115	0.00527	0.00402	0.00132	0.00336	0.00432	0.00402	0.00636
12	0.01016	0.21778	0.09082	0.02812	0.04837	0.10686	0.10700	0.05075	0.02815	0.03039	0.00743	0.00883	0.00604	0.00504	0.05042	0.00128	0.00511	0.00298	0.00218	0.19228
13	0.01297	0.00986	0.03682	0.03222	0.11617	0.07454	0.00762	0.30751	0.02484	0.17407	0.01078	0.06994	0.00848	0.00547	0.02000	0.00129	0.01917	0.00403	0.00342	0.06080
14	0.00651	0.00481	0.00707	0.00768	0.00872	0.00478	0.03919	0.00840	0.00914	0.01190	0.02047	0.04336	0.02214	0.01065	0.00544	0.00181	0.00377	0.77687	0.00358	0.00372
15	0.00886	0.00889	0.07943	0.18630	0.08786	0.06296	0.03964	0.13168	0.02839	0.02863	0.07585	0.13476	0.09766	0.00621	0.00423	0.00130	0.00422	0.00537	0.00291	0.00485
16	0.01087	0.08895	0.12187	0.03057	0.08048	0.06305	0.15628	0.02742	0.11462	0.15536	0.01144	0.05181	0.03397	0.00479	0.00427	0.00125	0.03038	0.00419	0.00284	0.00559
17	0.00521	0.00420	0.00423	0.00430	0.00551	0.01719	0.00322	0.00632	0.00893	0.01119	0.04533	0.09322	0.64076	0.00953	0.00451	0.00132	0.00214	0.03156	0.09790	0.00341
18	0.00930	0.01053	0.02245	0.01618	0.01985	0.01020	0.75311	0.01243	0.00908	0.01243	0.00778	0.01053	0.00595	0.00365	0.00538	0.00137	0.07795	0.00458	0.00198	0.00526
19	0.01040	0.04894	0.00943	0.00775	0.00955	0.12093	0.00599	0.17259	0.26361	0.01446	0.01231	0.03654	0.03006	0.16008	0.03045	0.00187	0.05245	0.00437	0.00315	0.00505
20	0.16632	0.00754	0.00832	0.00669	0.00936	0.04665	0.00545	0.09335	0.01089	0.48249	0.01254	0.01175	0.00839	0.00461	0.00356	0.00118	0.00341	0.00353	0.10812	0.00586
21	0.00484	0.00378	0.00440	0.00477	0.00558	0.00333	0.00338	0.00580	0.00864	0.01099	0.11346	0.39136	0.40381	0.01087	0.00485	0.00145	0.00212	0.00950	0.00375	0.00333
22	0.00539	0.00396	0.00512	0.00579	0.00637	0.00380	0.00427	0.00672	0.03299	0.01092	0.05912	0.48935	0.10628	0.04277	0.01915	0.00176	0.00277	0.18641	0.00364	0.00342
23	0.03362	0.34608	0.32440	0.00930	0.01350	0.03185	0.05586	0.06108	0.06723	0.01241	0.00726	0.00816	0.00569	0.00378	0.00333	0.00110	0.00495	0.00283	0.00204	0.00554
24	0.00631	0.00369	0.00400	0.00422	0.00504	0.00353	0.00305	0.00774	0.00831	0.01303	0.03759	0.22607	0.14158	0.00745	0.00367	0.00116	0.00198	0.00635	0.51168	0.00353
25	0.00534	0.00403	0.00502	0.00547	0.00634	0.00371	0.00423	0.00662	0.00902	0.01166	0.15063	0.25323	0.27713	0.01062	0.00500	0.00153	0.00252	0.23067	0.00378	0.00346
26	0.02225	0.07088	0.25118	0.01321	0.18138	0.21392	0.05583	0.05293	0.03322	0.01247	0.02070	0.00906	0.00625	0.00443	0.01857	0.00126	0.02173	0.00317	0.00209	0.00549
27	0.01146	0.00668	0.00917	0.00960	0.15125	0.00654	0.00637	0.04639	0.09103	0.31003	0.06874	0.02577	0.07163	0.05764	0.10752	0.00202	0.00432	0.00468	0.00365	0.00550
28	0.00941	0.00619	0.00659	0.00587	0.00750	0.00662	0.00463	0.22074	0.10196	0.01715	0.01391	0.05570	0.03091	0.00558	0.00352	0.00113	0.00276	0.04652	0.44857	0.00474
29	0.00495	0.00383	0.00452	0.00485	0.00570	0.00341	0.00350	0.00599	0.00883	0.01131	0.14995	0.34149	0.38390	0.01068	0.00486	0.00145	0.00216	0.04149	0.00378	0.00337
30	0.09367	0.03387	0.04472	0.11049	0.29401	0.05396	0.02730	0.09581	0.01888	0.11666	0.03333	0.01034	0.00728	0.00422	0.00414	0.00122	0.03832	0.00349	0.00263	0.00567
31	0.00838	0.04968	0.77189	0.01104	0.01668	0.00958	0.01403	0.05110	0.00885	0.01303	0.00717	0.00835	0.00511	0.00380	0.00373	0.00124	0.00573	0.00293	0.00178	0.00587
32	0.00485	0.00357	0.00455	0.00533	0.00575	0.00327	0.00364	0.00562	0.00786	0.01026	0.02474	0.70709	0.15469	0.01201	0.00501	0.00157	0.00229	0.03097	0.00368	0.00325
33	0.00993	0.00978	0.01413	0.12444	0.56661	0.09518	0.01081	0.02431	0.03148	0.01268	0.03041	0.01046	0.00718	0.00387	0.00388	0.00118	0.00482	0.00356	0.02957	0.00573
34	0.00820	0.03414	0.01246	0.55175	0.20230	0.00890	0.01041	0.01110	0.04727	0.01131	0.00788	0.01073	0.00612	0.00396	0.00384	0.00125	0.00482	0.00354	0.05513	0.00488
35	0.08939	0.03324	0.01732	0.01031	0.15157	0.00813	0.03223	0.11304	0.00938	0.07026	0.03138	0.14685	0.05741	0.01508	0.06150	0.00170	0.11901	0.00508	0.02225	0.00488
36	0.01412	0.01771	0.01107	0.01003	0.01194	0.75829	0.00758	0.01538	0.02895	0.01002	0.02904	0.00802	0.00615	0.00438	0.00413	0.00107	0.05262	0.00277	0.00213	0.00460
37	0.00984	0.00802	0.01001	0.04845	0.06404	0.00748	0.03482	0.11370	0.13933	0.05267	0.00963	0.01031	0.01685	0.00382	0.00348	0.00092	0.00351	0.00320	0.00288	0.45703

[dist]
# distance from previous block
# <min> <max>
1	23

[block]
# block no. 11 follows, 68 sequences, length 50
# corresponding to MSA columns:
# 530-533,535-544,550-585
name=unknown_L
#
# <colnr> <probs for GDERKNQSTAVLIFYWHMCP>
#	G	D	E	R	K	N	Q	S	T	A	V	L	I	F	Y	W	H	M	C	P
0	0.00493	0.00358	0.00468	0.00545	0.00583	0.00332	0.00374	0.00577	0.00800	0.01062	0.07711	0.70954	0.08685	0.01190	0.00502	0.00157	0.00230	0.04278	0.00372	0.00328
1	0.01130	0.30883	0.24500	0.00848	0.01223	0.07442	0.00880	0.10388	0.01008	0.11747	0.04167	0.00956	0.00735	0.02026	0.00373	0.00113	0.00471	0.00305	0.00250	0.00556
2	0.00736	0.00545	0.00671	0.02273	0.02827	0.00562	0.00517	0.01125	0.22277	0.06066	0.11232	0.27387	0.08851	0.00888	0.00467	0.00147	0.00282	0.12317	0.00384	0.00445
3	0.00946	0.32111	0.47359	0.00964	0.01440	0.01151	0.03523	0.03224	0.00864	0.04047	0.00692	0.00793	0.00528	0.00368	0.00337	0.00111	0.00518	0.00274	0.00186	0.00562
4	0.00917	0.41642	0.21165	0.00779	0.01107	0.01135	0.00813	0.04838	0.02178	0.01070	0.00707	0.00888	0.00608	0.00805	0.11732	0.08119	0.00540	0.00282	0.00189	0.00486
5	0.00594	0.00359	0.00485	0.00511	0.00534	0.00345	0.00343	0.00554	0.00657	0.00869	0.05309	0.25272	0.08034	0.10931	0.01158	0.41085	0.00299	0.02147	0.00266	0.00248
6	0.01259	0.08842	0.03909	0.00891	0.01152	0.26377	0.00728	0.22296	0.25397	0.01585	0.03005	0.01053	0.00837	0.00467	0.00375	0.00116	0.00482	0.00347	0.00314	0.00571
7	0.00573	0.00420	0.00515	0.00523	0.00618	0.00392	0.00388	0.00751	0.04765	0.03074	0.32618	0.22591	0.21913	0.02637	0.00509	0.00145	0.00226	0.06580	0.00395	0.00368
8	0.00935	0.23220	0.52662	0.04457	0.01529	0.01080	0.01181	0.04508	0.00882	0.05059	0.00720	0.00824	0.00534	0.00377	0.00348	0.00115	0.00525	0.00282	0.00193	0.00568
9	0.03124	0.01638	0.01132	0.01988	0.03633	0.60902	0.00769	0.16704	0.01226	0.01280	0.00688	0.00801	0.00558	0.01695	0.00408	0.00112	0.02321	0.00284	0.00241	0.00500
10	0.01465	0.00631	0.00821	0.00656	0.00912	0.00570	0.00533	0.03691	0.05191	0.59072	0.11341	0.01648	0.04718	0.00550	0.00402	0.00122	0.00305	0.00454	0.06315	0.00602
11	0.00541	0.00429	0.00597	0.00617	0.00682	0.00424	0.03791	0.00645	0.00807	0.01071	0.07118	0.50526	0.14652	0.01177	0.04260	0.00177	0.05184	0.06609	0.00347	0.00347
12	0.16029	0.18005	0.01089	0.00725	0.00916	0.06398	0.00597	0.08958	0.07610	0.05397	0.00956	0.06427	0.02093	0.09542	0.00657	0.00152	0.13328	0.00384	0.00265	0.00472
13	0.00958	0.00864	0.01316	0.14109	0.42564	0.03484	0.03629	0.04718	0.01826	0.04726	0.03020	0.01224	0.06126	0.00422	0.00392	0.00116	0.00442	0.00385	0.00238	0.09442
14	0.01296	0.06145	0.04521	0.01035	0.08659	0.24590	0.02792	0.21388	0.04492	0.08702	0.00864	0.00930	0.00655	0.00426	0.00389	0.00110	0.02577	0.00318	0.03184	0.06928
15	0.00572	0.00383	0.00434	0.00438	0.00439	0.00382	0.00246	0.00576	0.00585	0.00779	0.01290	0.06234	0.01493	0.82356	0.01952	0.00375	0.00378	0.00601	0.00246	0.00244
16	0.00844	0.39287	0.05302	0.00751	0.02476	0.01072	0.02190	0.00989	0.00808	0.01051	0.10350	0.07771	0.03746	0.02592	0.06397	0.00159	0.11144	0.02387	0.00232	0.00450
17	0.02546	0.00837	0.01288	0.14617	0.34463	0.02865	0.06872	0.05219	0.04349	0.06115	0.06152	0.01429	0.05756	0.00472	0.00408	0.00124	0.00440	0.03114	0.00262	0.02672
18	0.00893	0.00678	0.00834	0.05557	0.01004	0.00703	0.04442	0.16368	0.15105	0.06740	0.10411	0.07958	0.22120	0.00727	0.00442	0.00134	0.00323	0.04697	0.00375	0.00490
19	0.00498	0.00394	0.00450	0.00465	0.00568	0.00346	0.00344	0.00614	0.00922	0.01172	0.19825	0.18976	0.48265	0.01013	0.00479	0.00139	0.00211	0.04594	0.00382	0.00342
20	0.00872	0.11400	0.01496	0.46768	0.09498	0.02645	0.13156	0.03475	0.00856	0.01106	0.00713	0.00996	0.00560	0.00442	0.02234	0.00136	0.02621	0.00352	0.00189	0.00485
21	0.05620	0.00703	0.00935	0.19482	0.01317	0.01500	0.02267	0.10548	0.05948	0.11896	0.06368	0.12654	0.01230	0.03416	0.01845	0.00155	0.09505	0.03822	0.00312	0.00479
22	0.00843	0.00846	0.03491	0.02697	0.04811	0.02032	0.36496	0.05765	0.04247	0.01343	0.12114	0.02784	0.03686	0.00819	0.11919	0.00198	0.00574	0.00491	0.04359	0.00485
