[name]
unknown

[dist]
# distance from previous block
# <min> <max>
0	827

[block]
# block no. 0 follows, 58 sequences, length 30
# corresponding to MSA columns:
# 1029-1043,1045-1059
name=unknown_A
#
# <colnr> <probs for GDERKNQSTAVLIFYWHMCP>
#	G	D	E	R	K	N	Q	S	T	A	V	L	I	F	Y	W	H	M	C	P
0	0.00981	0.00644	0.05320	0.00687	0.00854	0.00541	0.00547	0.06016	0.01040	0.18346	0.02135	0.37090	0.07856	0.05733	0.00601	0.00173	0.00328	0.02338	0.08279	0.00491
1	0.01378	0.01087	0.03066	0.01952	0.02986	0.04052	0.00791	0.30112	0.28885	0.09399	0.01424	0.06039	0.01105	0.00606	0.00484	0.00143	0.03018	0.00483	0.00424	0.02565
2	0.03127	0.05822	0.12603	0.00988	0.01325	0.05499	0.00888	0.23575	0.32776	0.01957	0.01350	0.01476	0.01050	0.00574	0.00442	0.00143	0.00470	0.04874	0.00383	0.00677
3	0.00763	0.00670	0.03142	0.00795	0.00965	0.00615	0.08359	0.06595	0.03437	0.01486	0.18998	0.32260	0.09643	0.00965	0.00549	0.00154	0.02921	0.00861	0.00393	0.06429
4	0.01487	0.02559	0.09367	0.01166	0.06014	0.11514	0.08299	0.27722	0.01443	0.16357	0.01113	0.03689	0.00829	0.00508	0.00442	0.00131	0.00538	0.00417	0.00363	0.06041
5	0.01125	0.19052	0.33106	0.01288	0.01790	0.02983	0.21848	0.08163	0.01084	0.04241	0.00846	0.00994	0.00633	0.00418	0.00425	0.00133	0.00626	0.00373	0.00235	0.00637
6	0.00633	0.00447	0.00532	0.00552	0.00660	0.00395	0.00398	0.00751	0.01011	0.05729	0.15457	0.33711	0.35758	0.01167	0.00540	0.00160	0.00245	0.01018	0.00435	0.00400
7	0.02985	0.06668	0.18541	0.11721	0.07559	0.02957	0.16966	0.01349	0.07002	0.01360	0.03456	0.04543	0.00900	0.00647	0.04281	0.00173	0.07616	0.00453	0.00245	0.00577
8	0.01410	0.06887	0.06510	0.04984	0.21002	0.09640	0.02917	0.10740	0.05922	0.19507	0.01086	0.01160	0.00799	0.00491	0.00486	0.00136	0.04928	0.00393	0.00330	0.00671
9	0.01075	0.00755	0.08120	0.00764	0.00981	0.00608	0.02467	0.02659	0.06959	0.23638	0.10507	0.26739	0.05015	0.05304	0.00592	0.00169	0.00354	0.00760	0.01995	0.00541
10	0.00722	0.00630	0.03380	0.00835	0.03566	0.00601	0.05552	0.06792	0.00959	0.01292	0.02108	0.37506	0.12110	0.01574	0.17969	0.00284	0.02458	0.00870	0.00350	0.00442
11	0.02382	0.08746	0.14600	0.01239	0.11932	0.01088	0.05242	0.15336	0.06688	0.18033	0.02967	0.01289	0.02970	0.00521	0.00490	0.00139	0.04897	0.00420	0.00347	0.00674
12	0.01026	0.03963	0.07331	0.11453	0.03244	0.00886	0.11086	0.03752	0.07879	0.11592	0.11995	0.05307	0.10330	0.00668	0.00560	0.00149	0.07300	0.00571	0.00348	0.00561
13	0.00544	0.00414	0.00499	0.00561	0.00631	0.00371	0.00387	0.00636	0.00919	0.01177	0.05452	0.53077	0.29249	0.03146	0.00594	0.00176	0.00251	0.01134	0.00414	0.00368
14	0.01120	0.11826	0.10248	0.03209	0.05912	0.03689	0.08369	0.07633	0.04003	0.05460	0.00959	0.01147	0.00762	0.00531	0.00630	0.00141	0.18533	0.00388	0.14865	0.00575
15	0.04812	0.04934	0.06046	0.07227	0.13970	0.08101	0.00913	0.13648	0.08892	0.17210	0.03290	0.04839	0.01001	0.00547	0.00461	0.00139	0.02524	0.00441	0.00356	0.00649
16	0.01013	0.17271	0.32958	0.15300	0.03846	0.01149	0.09323	0.01389	0.03320	0.04972	0.00965	0.01128	0.03150	0.00455	0.00437	0.00136	0.01977	0.00377	0.00227	0.00606
17	0.00951	0.10041	0.45024	0.03437	0.07793	0.01125	0.04673	0.01352	0.03282	0.01339	0.00876	0.01181	0.00713	0.00562	0.02228	0.00158	0.10520	0.03917	0.00213	0.00613
18	0.01410	0.01051	0.12077	0.03763	0.10076	0.00854	0.07982	0.06425	0.06482	0.33355	0.04321	0.01564	0.02822	0.00545	0.00457	0.00141	0.00466	0.02443	0.03090	0.00676
19	0.02173	0.02509	0.18332	0.01218	0.10634	0.07041	0.05359	0.15233	0.04354	0.13134	0.07712	0.02431	0.02856	0.00543	0.00463	0.00138	0.01919	0.00448	0.02857	0.00644
20	0.00734	0.00611	0.00782	0.00719	0.00859	0.00631	0.04183	0.01112	0.16558	0.01536	0.30424	0.15667	0.17321	0.00939	0.00579	0.00155	0.05478	0.00809	0.00428	0.00473
21	0.01099	0.15693	0.15734	0.00958	0.01293	0.03097	0.04951	0.09889	0.23799	0.03106	0.01296	0.07999	0.01101	0.05353	0.00532	0.00155	0.00471	0.00480	0.02380	0.00613
22	0.03307	0.03059	0.05990	0.05606	0.09480	0.12951	0.14664	0.09663	0.10708	0.12111	0.03449	0.03261	0.00991	0.00524	0.00456	0.00140	0.00553	0.02124	0.00332	0.00630
23	0.01167	0.06196	0.23804	0.19770	0.10840	0.07184	0.07493	0.07964	0.01100	0.08950	0.00907	0.01081	0.00666	0.00445	0.00435	0.00138	0.00600	0.00378	0.00257	0.00627
24	0.00554	0.00401	0.00526	0.00622	0.00661	0.00373	0.00427	0.00642	0.00879	0.01158	0.02615	0.73490	0.08824	0.01372	0.00570	0.00181	0.00266	0.05657	0.00415	0.00367
25	0.01303	0.31629	0.07471	0.07981	0.03289	0.19221	0.05655	0.13140	0.02620	0.01406	0.00802	0.02100	0.00662	0.00450	0.00385	0.00120	0.00588	0.00335	0.00249	0.00593
26	0.02589	0.05516	0.07786	0.03528	0.07181	0.12706	0.03487	0.09032	0.13498	0.19621	0.02022	0.04732	0.01022	0.00566	0.00472	0.00140	0.02962	0.02131	0.00365	0.00644
27	0.00584	0.00415	0.00527	0.00595	0.00629	0.00397	0.00399	0.00657	0.00829	0.01099	0.03597	0.51731	0.06957	0.21095	0.03688	0.00258	0.00338	0.05482	0.00376	0.00347
28	0.00667	0.00519	0.00629	0.00636	0.00732	0.00518	0.00465	0.04876	0.04669	0.01398	0.17756	0.37844	0.20903	0.01133	0.00589	0.00164	0.04677	0.00982	0.00422	0.00421
29	0.06039	0.05048	0.15132	0.01114	0.03473	0.12839	0.09859	0.10598	0.01995	0.19322	0.01202	0.04330	0.03215	0.00535	0.00471	0.00139	0.03293	0.00432	0.00333	0.00630

[dist]
# distance from previous block
# <min> <max>
0	1

[block]
# block no. 1 follows, 58 sequences, length 16
# corresponding to MSA columns:
# 1061-1069,1081-1087
name=unknown_B
#
# <colnr> <probs for GDERKNQSTAVLIFYWHMCP>
#	G	D	E	R	K	N	Q	S	T	A	V	L	I	F	Y	W	H	M	C	P
0	0.01438	0.07284	0.01784	0.01337	0.05751	0.05215	0.23868	0.34375	0.03371	0.07914	0.01020	0.01121	0.00748	0.00476	0.00478	0.00137	0.02230	0.00427	0.00345	0.00680
1	0.01082	0.01164	0.07106	0.10275	0.07136	0.01155	0.34805	0.11718	0.01094	0.01512	0.00866	0.01151	0.00679	0.00602	0.04109	0.00178	0.14077	0.00452	0.00246	0.00596
2	0.13198	0.07559	0.10482	0.01146	0.12541	0.06769	0.02775	0.10770	0.07037	0.07528	0.01128	0.08774	0.00960	0.01630	0.00435	0.00139	0.00469	0.00446	0.03395	0.02820
3	0.02669	0.19862	0.06127	0.13123	0.09497	0.05653	0.03728	0.06672	0.08648	0.03959	0.00996	0.01192	0.02406	0.03931	0.00527	0.00141	0.04512	0.00380	0.00267	0.05710
4	0.00669	0.02537	0.04124	0.00680	0.00802	0.00618	0.00545	0.00853	0.05262	0.01219	0.04451	0.25094	0.33055	0.03482	0.00710	0.00173	0.11858	0.03073	0.00370	0.00423
5	0.01260	0.18092	0.20532	0.01103	0.01490	0.15513	0.07753	0.14994	0.01218	0.03485	0.05582	0.01078	0.00844	0.00488	0.00465	0.00130	0.04722	0.00369	0.00272	0.00611
6	0.03708	0.05043	0.04652	0.12109	0.11365	0.04267	0.14900	0.13683	0.07097	0.13929	0.01063	0.01184	0.00779	0.00480	0.00486	0.00141	0.03725	0.00419	0.00321	0.00648
7	0.01263	0.11729	0.14630	0.04719	0.29551	0.01182	0.04837	0.17342	0.01230	0.07933	0.00928	0.01066	0.00705	0.00442	0.00426	0.00132	0.00539	0.00379	0.00283	0.00686
8	0.00632	0.00480	0.00588	0.00642	0.00742	0.00456	0.00492	0.02300	0.03918	0.01292	0.05445	0.32867	0.25886	0.01218	0.00563	0.00176	0.00296	0.21187	0.00419	0.00402
9	0.10515	0.01105	0.04976	0.21854	0.04994	0.14117	0.05128	0.06170	0.08393	0.02754	0.06473	0.07636	0.02873	0.00580	0.00442	0.00143	0.00520	0.00484	0.00300	0.00543
10	0.04773	0.01132	0.04697	0.21283	0.15103	0.10907	0.01015	0.06002	0.16407	0.08706	0.01074	0.01207	0.00809	0.00500	0.00483	0.00142	0.04436	0.00401	0.00304	0.00620
11	0.00549	0.00405	0.00514	0.00590	0.00643	0.00370	0.00403	0.00642	0.00914	0.01201	0.08621	0.64524	0.16346	0.01320	0.00561	0.00173	0.00250	0.01182	0.00421	0.00370
12	0.05131	0.15561	0.26090	0.06043	0.01680	0.01221	0.13004	0.04211	0.04718	0.04706	0.00844	0.01018	0.00653	0.00482	0.00567	0.00144	0.12717	0.00369	0.00237	0.00604
13	0.00812	0.00788	0.04731	0.20220	0.07712	0.05672	0.00792	0.05616	0.00989	0.01280	0.01775	0.40433	0.05532	0.00932	0.00506	0.00160	0.00424	0.00827	0.00329	0.00469
14	0.00864	0.00706	0.00934	0.02856	0.07468	0.06133	0.06235	0.03234	0.01021	0.06009	0.02116	0.34263	0.07838	0.01034	0.00540	0.00169	0.00405	0.17331	0.00377	0.00467
15	0.22726	0.00814	0.04802	0.36608	0.04910	0.00869	0.00899	0.01124	0.00908	0.01461	0.09206	0.08673	0.01223	0.00597	0.00428	0.00150	0.00458	0.03382	0.00276	0.00487

[dist]
# distance from previous block
# <min> <max>
0	1

[block]
# block no. 2 follows, 58 sequences, length 6
# corresponding to MSA columns:
# 1089-1094
name=unknown_C
#
# <colnr> <probs for GDERKNQSTAVLIFYWHMCP>
#	G	D	E	R	K	N	Q	S	T	A	V	L	I	F	Y	W	H	M	C	P
0	0.01234	0.00829	0.01117	0.03579	0.01256	0.00746	0.07678	0.01618	0.13971	0.22762	0.06094	0.01385	0.01108	0.00478	0.00416	0.00114	0.00387	0.00414	0.00380	0.34435
1	0.04287	0.06221	0.08440	0.06637	0.05483	0.15233	0.06420	0.11163	0.05309	0.01459	0.01103	0.01260	0.06819	0.00576	0.00643	0.00146	0.17545	0.00414	0.00269	0.00570
2	0.00564	0.00407	0.00526	0.00594	0.00641	0.00378	0.00404	0.00662	0.00926	0.01241	0.15601	0.60865	0.08798	0.05375	0.00645	0.00185	0.00258	0.01141	0.00421	0.00370
3	0.21122	0.07644	0.08680	0.07431	0.04609	0.03506	0.16965	0.11052	0.11752	0.01731	0.00935	0.01064	0.00710	0.00449	0.00410	0.00139	0.00526	0.00382	0.00287	0.00605
4	0.08657	0.07284	0.05193	0.08186	0.01284	0.00961	0.02867	0.12521	0.14510	0.09435	0.06203	0.16466	0.01437	0.00696	0.00472	0.00147	0.02144	0.00580	0.00375	0.00582
5	0.00899	0.00749	0.01032	0.00880	0.01068	0.03042	0.12379	0.05458	0.12180	0.04506	0.17832	0.17946	0.10319	0.00835	0.00547	0.00152	0.04158	0.00739	0.04769	0.00509

[dist]
# distance from previous block
# <min> <max>
0	28

[block]
# block no. 3 follows, 58 sequences, length 7
# corresponding to MSA columns:
# 1123-1129
name=unknown_D
#
# <colnr> <probs for GDERKNQSTAVLIFYWHMCP>
#	G	D	E	R	K	N	Q	S	T	A	V	L	I	F	Y	W	H	M	C	P
0	0.03438	0.00894	0.11987	0.05032	0.05431	0.02762	0.00767	0.03713	0.04414	0.07444	0.10505	0.25295	0.08495	0.00877	0.00542	0.00157	0.04326	0.03045	0.00365	0.00510
1	0.19192	0.00990	0.06499	0.03268	0.01161	0.00997	0.00720	0.19745	0.16278	0.05248	0.05490	0.04808	0.09316	0.00638	0.00468	0.00146	0.03565	0.00495	0.00381	0.00596
2	0.01261	0.20823	0.15699	0.01236	0.09114	0.18511	0.05359	0.01571	0.06967	0.06969	0.00872	0.00991	0.00690	0.00471	0.00489	0.00130	0.07645	0.00344	0.00250	0.00608
3	0.01394	0.04932	0.01012	0.00795	0.01043	0.00821	0.00636	0.10308	0.14572	0.32694	0.01584	0.04791	0.01251	0.09061	0.10430	0.00240	0.00493	0.02885	0.00433	0.00627
4	0.01102	0.01201	0.07653	0.20032	0.10280	0.07770	0.16195	0.09584	0.04756	0.01460	0.02471	0.01157	0.00744	0.00505	0.00612	0.00150	0.13068	0.00422	0.00252	0.00588
5	0.05507	0.04396	0.13098	0.01171	0.05508	0.04410	0.13368	0.14224	0.06495	0.10071	0.01265	0.05262	0.04356	0.03833	0.00576	0.00155	0.04887	0.00478	0.00325	0.00616
6	0.00818	0.00526	0.00643	0.00643	0.00766	0.00499	0.00472	0.04348	0.05290	0.11133	0.06584	0.38530	0.18173	0.05064	0.00617	0.00178	0.00296	0.04537	0.00433	0.00451

[dist]
# distance from previous block
# <min> <max>
0	1

[block]
# block no. 4 follows, 58 sequences, length 54
# corresponding to MSA columns:
# 1131-1184
name=unknown_E
#
# <colnr> <probs for GDERKNQSTAVLIFYWHMCP>
#	G	D	E	R	K	N	Q	S	T	A	V	L	I	F	Y	W	H	M	C	P
0	0.01099	0.00900	0.00934	0.02337	0.01034	0.12339	0.00656	0.11055	0.06132	0.09649	0.13131	0.24322	0.01903	0.00914	0.02456	0.00167	0.09363	0.00697	0.00389	0.00522
1	0.24425	0.03174	0.19161	0.01007	0.02849	0.07021	0.02984	0.24068	0.03520	0.06453	0.00906	0.00971	0.00660	0.00467	0.00393	0.00136	0.00511	0.00341	0.00319	0.00637
2	0.00922	0.00845	0.00956	0.04376	0.05197	0.11631	0.03141	0.04269	0.05812	0.01417	0.10225	0.08156	0.06666	0.00921	0.00564	0.00168	0.03148	0.30734	0.00369	0.00481
3	0.00597	0.00458	0.00541	0.00555	0.00653	0.00423	0.00397	0.00774	0.04599	0.01369	0.26004	0.25956	0.28513	0.06307	0.00646	0.00174	0.00250	0.00958	0.00431	0.00395
4	0.02272	0.06517	0.01342	0.04405	0.01380	0.04885	0.06286	0.32794	0.15539	0.09034	0.02089	0.01357	0.03915	0.00647	0.03193	0.00158	0.02686	0.00443	0.00390	0.00667
5	0.08198	0.10353	0.12660	0.03087	0.09125	0.04536	0.03988	0.07640	0.03864	0.07557	0.01257	0.01574	0.06215	0.14384	0.02235	0.00193	0.00503	0.00444	0.00292	0.01895
6	0.01518	0.00929	0.01086	0.03952	0.01249	0.00977	0.00725	0.22894	0.24307	0.28697	0.04947	0.01600	0.03859	0.00595	0.00456	0.00142	0.00399	0.00483	0.00477	0.00709
7	0.01536	0.01100	0.01081	0.00954	0.04303	0.18982	0.00725	0.12860	0.01252	0.27123	0.01202	0.01253	0.00872	0.00605	0.01277	0.03738	0.07474	0.00393	0.12662	0.00607
8	0.03080	0.12502	0.13749	0.02285	0.03512	0.15112	0.07585	0.12639	0.07631	0.08500	0.02556	0.01215	0.03530	0.00536	0.00470	0.03233	0.00553	0.00395	0.00305	0.00611
9	0.00911	0.00816	0.03675	0.03060	0.06508	0.03540	0.00679	0.08660	0.22933	0.01580	0.07991	0.31618	0.04378	0.00899	0.00500	0.00157	0.00362	0.00787	0.00402	0.00542
10	0.17086	0.00832	0.01003	0.00784	0.01119	0.00797	0.00648	0.10365	0.01277	0.59222	0.01489	0.01334	0.00960	0.00527	0.00419	0.00138	0.00386	0.00408	0.00493	0.00712
11	0.02847	0.10823	0.33226	0.07018	0.08921	0.02535	0.07919	0.03596	0.00973	0.03996	0.00931	0.06984	0.00788	0.00521	0.00511	0.00143	0.07007	0.00424	0.00235	0.00604
12	0.02404	0.01214	0.04163	0.24682	0.09281	0.16799	0.15907	0.06661	0.01090	0.03445	0.00951	0.06855	0.00804	0.00517	0.00492	0.00143	0.03317	0.00459	0.00254	0.00561
13	0.00570	0.00439	0.00521	0.00534	0.00638	0.00390	0.00388	0.00710	0.01069	0.01403	0.31633	0.23300	0.34555	0.01119	0.00539	0.00155	0.00229	0.00975	0.00443	0.00390
14	0.09480	0.01246	0.01239	0.01002	0.01293	0.09391	0.00815	0.48754	0.10184	0.02297	0.01026	0.01070	0.00764	0.00550	0.00530	0.00141	0.08767	0.00386	0.00386	0.00678
15	0.09058	0.05033	0.01257	0.02614	0.09432	0.06062	0.01539	0.34437	0.08171	0.06572	0.01086	0.01235	0.00845	0.05814	0.02999	0.00170	0.01276	0.00404	0.01348	0.00649
16	0.01207	0.11886	0.01694	0.16373	0.41129	0.06777	0.02584	0.02653	0.01043	0.09176	0.00889	0.01093	0.00701	0.00426	0.00423	0.00131	0.00544	0.00377	0.00250	0.00645
17	0.00592	0.00456	0.00540	0.00519	0.00643	0.00404	0.00389	0.00764	0.01168	0.01561	0.50770	0.03724	0.34848	0.01001	0.00528	0.00145	0.00217	0.00863	0.00462	0.00404
18	0.00993	0.00949	0.03560	0.44183	0.28504	0.01033	0.01230	0.06710	0.03723	0.01395	0.00906	0.03222	0.00728	0.00466	0.00449	0.00143	0.00553	0.00422	0.00237	0.00593
19	0.01150	0.01039	0.06679	0.15825	0.05571	0.01020	0.14157	0.19051	0.09299	0.06086	0.04165	0.03324	0.01043	0.00669	0.04151	0.00171	0.00554	0.02843	0.02585	0.00616
20	0.00612	0.00421	0.00541	0.00600	0.00665	0.00385	0.00416	0.00716	0.00949	0.04405	0.13151	0.59705	0.13231	0.01269	0.00555	0.00171	0.00254	0.01135	0.00431	0.00389
21	0.01167	0.76542	0.10095	0.00815	0.01225	0.01699	0.00852	0.01347	0.00912	0.01088	0.00639	0.00740	0.00573	0.00387	0.00300	0.00100	0.00496	0.00248	0.00191	0.00583
22	0.00870	0.00916	0.05250	0.06803	0.04463	0.09057	0.13780	0.02900	0.06032	0.01326	0.05041	0.34783	0.05139	0.00879	0.00512	0.00158	0.00460	0.00804	0.00337	0.00491
23	0.01135	0.01908	0.60765	0.01159	0.01732	0.00945	0.02379	0.01579	0.01916	0.18769	0.02845	0.01135	0.00776	0.00465	0.00434	0.00141	0.00588	0.00372	0.00278	0.00677
24	0.00972	0.00957	0.01601	0.24046	0.33120	0.03717	0.12982	0.01243	0.01010	0.01350	0.04475	0.01628	0.05938	0.00520	0.00473	0.00145	0.00553	0.04439	0.00249	0.00581
25	0.14797	0.02201	0.01195	0.01083	0.08148	0.12376	0.05022	0.22504	0.11576	0.04899	0.04059	0.02584	0.06529	0.00561	0.00428	0.00137	0.00477	0.00445	0.00360	0.00618
26	0.00876	0.00830	0.01123	0.43128	0.08235	0.08809	0.00963	0.01090	0.00944	0.02335	0.01372	0.21511	0.04105	0.00718	0.00479	0.00153	0.00510	0.02063	0.00273	0.00481
27	0.00615	0.00446	0.00580	0.00568	0.00663	0.00411	0.00418	0.00802	0.01192	0.01669	0.65982	0.16202	0.06773	0.01000	0.00535	0.00148	0.00219	0.00887	0.00477	0.00411
28	0.01110	0.04484	0.08437	0.06167	0.20945	0.11531	0.09991	0.06111	0.05337	0.02882	0.01008	0.04889	0.00858	0.00856	0.10704	0.00211	0.03182	0.00443	0.00260	0.00594
29	0.01134	0.08709	0.22739	0.04735	0.12651	0.03542	0.20746	0.05260	0.04204	0.07722	0.01063	0.01207	0.03325	0.00453	0.00449	0.00138	0.00596	0.00422	0.00263	0.00640
30	0.01210	0.00836	0.00923	0.00803	0.01047	0.00906	0.00631	0.08423	0.43858	0.14330	0.07367	0.01832	0.05053	0.00628	0.00446	0.00142	0.00338	0.00520	0.10054	0.00654
31	0.02797	0.00492	0.00679	0.00685	0.00784	0.00464	0.05156	0.01879	0.00937	0.03344	0.05852	0.51132	0.16133	0.01299	0.04226	0.00195	0.00335	0.02806	0.00400	0.00404
32	0.05688	0.20595	0.18884	0.04091	0.06254	0.02276	0.31411	0.01415	0.02759	0.01370	0.00814	0.01013	0.00634	0.00400	0.00427	0.00134	0.00624	0.00390	0.00217	0.00606
33	0.00710	0.00567	0.00810	0.27298	0.01396	0.00630	0.00646	0.00864	0.00875	0.01170	0.17025	0.02462	0.05085	0.31636	0.04442	0.00277	0.01639	0.01782	0.00297	0.00389
34	0.00788	0.00490	0.00634	0.00585	0.00720	0.00443	0.00443	0.00977	0.01217	0.11664	0.58750	0.08500	0.11213	0.00923	0.00521	0.00144	0.00237	0.00808	0.00488	0.00456
35	0.04780	0.15398	0.23583	0.01234	0.09142	0.12306	0.04032	0.12292	0.10213	0.01585	0.00911	0.01005	0.00701	0.00454	0.00405	0.00130	0.00571	0.00350	0.00269	0.00641
36	0.01196	0.31865	0.05423	0.01225	0.01587	0.13818	0.25965	0.04346	0.01041	0.01263	0.00789	0.02145	0.00665	0.00520	0.02903	0.00143	0.03932	0.00376	0.00223	0.00574
37	0.00652	0.00460	0.00542	0.00524	0.00651	0.00410	0.00392	0.00815	0.01126	0.04513	0.38930	0.08337	0.33620	0.00990	0.00514	0.00145	0.00226	0.00851	0.05889	0.00414
38	0.01016	0.00722	0.01113	0.22454	0.01614	0.00745	0.09234	0.04524	0.04215	0.15558	0.04273	0.18197	0.09427	0.00775	0.00499	0.00156	0.00438	0.04142	0.00368	0.00530
39	0.01082	0.30069	0.20474	0.00940	0.01320	0.02154	0.03325	0.07631	0.11411	0.03244	0.04699	0.09605	0.01113	0.00567	0.00406	0.00130	0.00482	0.00454	0.00291	0.00603
40	0.00545	0.00389	0.00519	0.00623	0.00649	0.00363	0.00415	0.00623	0.00856	0.01142	0.02465	0.83987	0.02959	0.01401	0.00571	0.00182	0.00260	0.01272	0.00415	0.00363
41	0.01088	0.01098	0.04477	0.05863	0.73660	0.01061	0.03442	0.01367	0.01012	0.01447	0.00840	0.01108	0.00699	0.00401	0.00445	0.00134	0.00544	0.00400	0.00220	0.00696
42	0.01422	0.04249	0.01106	0.00895	0.01134	0.22339	0.03796	0.07354	0.07867	0.22507	0.01399	0.03749	0.03713	0.13114	0.03207	0.00195	0.00542	0.00472	0.00366	0.00572
43	0.01239	0.01145	0.04502	0.00791	0.00994	0.24776	0.00640	0.11014	0.01181	0.04603	0.01134	0.01276	0.00882	0.00513	0.00411	0.00118	0.03717	0.00374	0.40176	0.00516
44	0.00688	0.00531	0.00625	0.02772	0.00791	0.00514	0.00473	0.03517	0.07766	0.02357	0.20580	0.14594	0.31398	0.04151	0.00595	0.00167	0.00282	0.07339	0.00427	0.00432
45	0.01272	0.15044	0.03459	0.00923	0.01193	0.11138	0.05930	0.13472	0.06022	0.12536	0.04666	0.10721	0.03930	0.03956	0.00551	0.00149	0.03581	0.00523	0.00352	0.00582
46	0.40822	0.00848	0.00906	0.00791	0.01022	0.04517	0.08442	0.05222	0.04272	0.01758	0.09331	0.14589	0.01419	0.00669	0.00410	0.00149	0.00390	0.03615	0.00335	0.00493
47	0.00852	0.00499	0.00638	0.00591	0.00734	0.00449	0.00447	0.01026	0.01172	0.15431	0.44438	0.13561	0.13592	0.00931	0.00513	0.00146	0.00249	0.00811	0.03453	0.00467
48	0.01187	0.06931	0.01594	0.01228	0.04040	0.11605	0.20487	0.08764	0.02351	0.06692	0.07784	0.01473	0.03172	0.03709	0.00716	0.00158	0.15644	0.01606	0.00296	0.00563
49	0.19460	0.01026	0.04235	0.00910	0.01186	0.06065	0.06780	0.13521	0.18910	0.06648	0.01353	0.08431	0.03045	0.00772	0.05547	0.00181	0.00487	0.00487	0.00362	0.00593
50	0.01865	0.00902	0.01117	0.00860	0.01201	0.00874	0.00709	0.26061	0.01533	0.54759	0.04290	0.01447	0.01108	0.00561	0.00452	0.00137	0.00409	0.00448	0.00519	0.00749
51	0.00586	0.00446	0.00542	0.00602	0.00694	0.00409	0.00456	0.00706	0.00953	0.01205	0.03185	0.31193	0.32583	0.04515	0.00633	0.00186	0.00291	0.20030	0.00409	0.00377
52	0.19366	0.09625	0.18646	0.10918	0.12249	0.02931	0.07957	0.04451	0.00980	0.04851	0.00863	0.03730	0.00692	0.00457	0.00400	0.00137	0.00531	0.00375	0.00250	0.00592
53	0.02115	0.09306	0.09755	0.04442	0.10288	0.18315	0.00949	0.07092	0.05018	0.18413	0.01038	0.01119	0.00774	0.00602	0.03552	0.00155	0.05754	0.00370	0.00313	0.00630

[dist]
# distance from previous block
# <min> <max>
0	1

[block]
# block no. 5 follows, 58 sequences, length 12
# corresponding to MSA columns:
# 1187-1198
name=unknown_F
#
# <colnr> <probs for GDERKNQSTAVLIFYWHMCP>
#	G	D	E	R	K	N	Q	S	T	A	V	L	I	F	Y	W	H	M	C	P
0	0.02668	0.01650	0.26706	0.05661	0.13628	0.14813	0.16767	0.07709	0.01128	0.03812	0.00856	0.01033	0.00642	0.00431	0.00445	0.00137	0.00655	0.00383	0.00241	0.00632
1	0.01262	0.60500	0.09573	0.00890	0.01268	0.17724	0.00868	0.01435	0.00983	0.01095	0.00653	0.00756	0.00574	0.00402	0.00323	0.00104	0.00561	0.00257	0.00199	0.00571
2	0.00724	0.00477	0.00703	0.00688	0.00726	0.00544	0.00509	0.00723	0.00656	0.00925	0.00979	0.01563	0.00947	0.04758	0.39576	0.37514	0.07017	0.00439	0.00218	0.00315
3	0.00957	0.01719	0.47729	0.07446	0.04871	0.01017	0.07763	0.08653	0.01055	0.01508	0.03160	0.07582	0.00890	0.00533	0.00484	0.00147	0.03171	0.00450	0.00244	0.00620
4	0.01061	0.00804	0.01213	0.02779	0.12923	0.00807	0.11189	0.06149	0.13372	0.11802	0.11635	0.18135	0.01815	0.00751	0.00500	0.00153	0.00415	0.03521	0.00393	0.00585
5	0.05397	0.00737	0.00981	0.00766	0.01086	0.00650	0.00628	0.02020	0.01258	0.71034	0.09148	0.01660	0.01373	0.00582	0.00450	0.00139	0.00363	0.00475	0.00537	0.00718
6	0.05735	0.00776	0.00993	0.00779	0.01102	0.00715	0.00639	0.05211	0.05958	0.65373	0.01670	0.01486	0.01083	0.00548	0.00434	0.00137	0.00371	0.00440	0.05824	0.00724
7	0.07121	0.03669	0.06233	0.17527	0.05288	0.07109	0.05181	0.10632	0.06870	0.20467	0.02272	0.03714	0.00909	0.00519	0.00436	0.00140	0.00506	0.00430	0.00349	0.00628
8	0.04515	0.00855	0.01071	0.00907	0.01080	0.01003	0.00738	0.15026	0.07076	0.15898	0.01144	0.01342	0.00906	0.02545	0.15109	0.00260	0.24495	0.00428	0.05024	0.00578
9	0.00588	0.00453	0.00495	0.00507	0.00632	0.00403	0.00377	0.00740	0.02489	0.01321	0.12089	0.14848	0.50691	0.01085	0.00517	0.00152	0.00237	0.03755	0.08232	0.00391
10	0.01186	0.06048	0.09896	0.04613	0.05200	0.09734	0.15985	0.04641	0.00990	0.08365	0.00839	0.01081	0.00675	0.01817	0.00796	0.00159	0.26748	0.00402	0.00249	0.00579
11	0.00904	0.01087	0.14078	0.44028	0.08404	0.00995	0.08566	0.01326	0.08307	0.01344	0.05844	0.01324	0.00901	0.00477	0.00457	0.00147	0.00570	0.00435	0.00243	0.00563

[dist]
# distance from previous block
# <min> <max>
6	8

[block]
# block no. 6 follows, 58 sequences, length 6
# corresponding to MSA columns:
# 1208-1213
name=unknown_G
#
# <colnr> <probs for GDERKNQSTAVLIFYWHMCP>
#	G	D	E	R	K	N	Q	S	T	A	V	L	I	F	Y	W	H	M	C	P
0	0.06646	0.03452	0.24973	0.05828	0.10805	0.05255	0.04229	0.11673	0.06882	0.07159	0.00955	0.01090	0.00715	0.00523	0.00528	0.04026	0.03974	0.00375	0.00281	0.00630
1	0.05487	0.00525	0.00609	0.00596	0.00721	0.00510	0.00449	0.04163	0.04113	0.01560	0.33791	0.14433	0.19885	0.05044	0.00605	0.00167	0.00270	0.06213	0.00434	0.00425
2	0.00593	0.00460	0.00544	0.00573	0.00676	0.00424	0.00419	0.00772	0.04749	0.01339	0.18607	0.30718	0.31915	0.01161	0.00544	0.00162	0.00251	0.05262	0.00432	0.00399
3	0.01096	0.09866	0.16308	0.08952	0.15208	0.07895	0.05497	0.06669	0.09600	0.01448	0.03048	0.01161	0.00821	0.00606	0.03936	0.00163	0.06462	0.00393	0.00258	0.00612
4	0.26561	0.01038	0.01053	0.04310	0.01212	0.06711	0.03381	0.30512	0.01326	0.02042	0.01057	0.10723	0.00923	0.00597	0.00445	0.00142	0.03567	0.00454	0.03369	0.00578
5	0.06548	0.03531	0.13517	0.04692	0.03869	0.05283	0.05209	0.12899	0.07500	0.12035	0.01316	0.01373	0.06366	0.00537	0.00474	0.00136	0.04508	0.00423	0.05131	0.04654

[dist]
# distance from previous block
# <min> <max>
0	3

[block]
# block no. 7 follows, 58 sequences, length 55
# corresponding to MSA columns:
# 1217-1222,1224-1267,1269-1273
name=unknown_H
#
# <colnr> <probs for GDERKNQSTAVLIFYWHMCP>
#	G	D	E	R	K	N	Q	S	T	A	V	L	I	F	Y	W	H	M	C	P
0	0.07476	0.00979	0.08719	0.31877	0.09028	0.04075	0.00996	0.01406	0.07048	0.10685	0.09230	0.01423	0.01102	0.00514	0.00435	0.00141	0.00490	0.00433	0.03375	0.00567
1	0.03070	0.13322	0.01272	0.00886	0.02108	0.00826	0.14455	0.01179	0.06128	0.05109	0.31984	0.02467	0.10520	0.00722	0.00480	0.00140	0.00381	0.04061	0.00380	0.00510
2	0.16971	0.00593	0.00639	0.00628	0.03013	0.02611	0.00460	0.00941	0.01127	0.01718	0.50154	0.02869	0.15010	0.00828	0.00475	0.00141	0.00263	0.00698	0.00426	0.00438
3	0.03097	0.01006	0.06975	0.03095	0.10136	0.03081	0.03903	0.04045	0.01001	0.03755	0.00835	0.00980	0.00669	0.00369	0.00369	0.00092	0.00422	0.00309	0.00265	0.55598
4	0.01256	0.01501	0.25804	0.01083	0.01497	0.03709	0.03262	0.28484	0.22661	0.02014	0.01185	0.01205	0.00866	0.00514	0.00440	0.00140	0.00516	0.00409	0.02759	0.00695
5	0.26575	0.00943	0.00978	0.00798	0.01092	0.01022	0.00650	0.28624	0.08240	0.15080	0.10480	0.01361	0.01192	0.00554	0.00408	0.00138	0.00387	0.00420	0.00421	0.00636
6	0.03508	0.04583	0.35635	0.01174	0.03687	0.07157	0.04252	0.21845	0.04950	0.05194	0.00946	0.01026	0.00686	0.00464	0.00425	0.00134	0.00579	0.00361	0.00293	0.03100
7	0.03571	0.03014	0.00755	0.00655	0.00837	0.00653	0.00518	0.12660	0.04414	0.05543	0.15842	0.09770	0.29478	0.01031	0.03703	0.00173	0.00340	0.06136	0.00424	0.00485
8	0.00822	0.00695	0.00852	0.00683	0.00956	0.00588	0.02358	0.02729	0.00988	0.01432	0.09028	0.09376	0.13221	0.00656	0.00467	0.00110	0.04018	0.02968	0.00327	0.47726
9	0.01021	0.42617	0.29177	0.00925	0.01355	0.01318	0.01022	0.03510	0.00957	0.01254	0.02725	0.10426	0.00933	0.00530	0.00377	0.00123	0.00510	0.00406	0.00230	0.00581
10	0.03723	0.06602	0.15961	0.00947	0.03795	0.00870	0.03043	0.06122	0.04802	0.22353	0.02008	0.04109	0.00948	0.00503	0.00413	0.00123	0.00441	0.02157	0.00349	0.20730
11	0.01233	0.01025	0.01042	0.00790	0.01156	0.10800	0.00631	0.13087	0.01177	0.08950	0.00913	0.00989	0.00707	0.00398	0.00368	0.00089	0.00418	0.00305	0.00314	0.55607
12	0.04106	0.00804	0.00976	0.03147	0.04475	0.03126	0.03207	0.18197	0.06206	0.12960	0.05825	0.21464	0.01619	0.08427	0.00683	0.02758	0.00405	0.00664	0.00398	0.00551
13	0.00916	0.03553	0.06410	0.03691	0.11875	0.00765	0.10566	0.03950	0.02232	0.06672	0.31245	0.04347	0.09224	0.00705	0.00506	0.00142	0.01655	0.00633	0.00373	0.00539
14	0.00861	0.00645	0.00799	0.00770	0.00916	0.00677	0.02714	0.01361	0.27169	0.06603	0.09263	0.35356	0.04351	0.00991	0.00535	0.00165	0.01572	0.04299	0.00436	0.00518
15	0.00549	0.00402	0.00516	0.00597	0.00645	0.00369	0.00406	0.00640	0.00905	0.01194	0.08068	0.68499	0.12896	0.01335	0.00563	0.00175	0.00252	0.01199	0.00420	0.00369
16	0.01136	0.11739	0.14763	0.04432	0.08222	0.06455	0.31973	0.03390	0.03211	0.04636	0.00878	0.01080	0.00674	0.00434	0.00507	0.00140	0.05060	0.00416	0.00238	0.00615
17	0.01196	0.12520	0.31031	0.01296	0.07925	0.18756	0.08398	0.04258	0.01094	0.04621	0.04230	0.01052	0.00775	0.00451	0.00419	0.00130	0.00631	0.00361	0.00241	0.00615
18	0.01481	0.00615	0.00851	0.00714	0.00919	0.00556	0.00551	0.02711	0.01022	0.47201	0.01452	0.06596	0.01102	0.00956	0.00912	0.30548	0.00378	0.00479	0.00418	0.00538
19	0.01025	0.01132	0.20647	0.11019	0.05360	0.00831	0.08122	0.03130	0.07092	0.11502	0.01660	0.01733	0.12962	0.00573	0.00445	0.00140	0.00472	0.00493	0.11078	0.00583
20	0.01093	0.12111	0.25834	0.05218	0.08311	0.03781	0.16225	0.08807	0.01094	0.03724	0.01064	0.01273	0.04634	0.00487	0.00467	0.00139	0.02682	0.02184	0.00252	0.00619
21	0.01140	0.04762	0.10688	0.11880	0.16998	0.05118	0.10151	0.15476	0.06469	0.01631	0.03832	0.04049	0.00913	0.00517	0.00499	0.00142	0.04379	0.00446	0.00286	0.00626
22	0.00555	0.00390	0.00516	0.00616	0.00645	0.00365	0.00412	0.00637	0.00859	0.01159	0.02432	0.81250	0.02898	0.01372	0.00562	0.00179	0.00258	0.01243	0.03287	0.00365
23	0.01069	0.00841	0.01140	0.02609	0.22958	0.00882	0.03268	0.09022	0.19722	0.04300	0.01488	0.08383	0.03354	0.00595	0.00435	0.00137	0.00391	0.00521	0.18274	0.00610
24	0.12461	0.04131	0.14381	0.03471	0.06203	0.01978	0.14886	0.05863	0.07626	0.14211	0.09315	0.01373	0.01122	0.00505	0.00439	0.00140	0.00498	0.00442	0.00334	0.00622
25	0.00640	0.00565	0.03409	0.00659	0.02833	0.00495	0.00487	0.00894	0.08816	0.01389	0.19417	0.27043	0.29537	0.01071	0.00528	0.00157	0.00268	0.00934	0.00422	0.00433
26	0.00637	0.00438	0.00527	0.00523	0.00560	0.00425	0.00332	0.00714	0.00872	0.01198	0.28286	0.08784	0.02591	0.50450	0.01569	0.00318	0.00347	0.00748	0.00356	0.00328
27	0.00972	0.00880	0.03809	0.10613	0.13135	0.00890	0.11321	0.02566	0.15718	0.06084	0.01591	0.18903	0.05262	0.00722	0.00548	0.00156	0.05279	0.00647	0.00333	0.00571
28	0.00962	0.04138	0.28730	0.22344	0.14941	0.01081	0.11440	0.01384	0.05508	0.01360	0.00866	0.01102	0.00658	0.00440	0.00477	0.00144	0.03201	0.00393	0.00217	0.00614
29	0.04075	0.01527	0.24910	0.09941	0.29652	0.10041	0.08837	0.03243	0.01032	0.01424	0.00813	0.01031	0.00632	0.00420	0.00436	0.00137	0.00620	0.00374	0.00218	0.00636
30	0.00641	0.00430	0.00491	0.00500	0.00502	0.00427	0.00284	0.00648	0.00669	0.00892	0.01505	0.10226	0.01746	0.76817	0.02123	0.00411	0.00418	0.00706	0.00284	0.00279
31	0.01121	0.30545	0.16707	0.00945	0.01302	0.10639	0.05133	0.01387	0.04234	0.06104	0.03778	0.06227	0.04701	0.00580	0.00423	0.01164	0.00518	0.03655	0.00272	0.00565
32	0.01069	0.04129	0.25959	0.06697	0.19904	0.01010	0.08048	0.01450	0.05647	0.09458	0.02881	0.01339	0.04939	0.00504	0.00502	0.00143	0.04979	0.00432	0.00271	0.00638
33	0.01996	0.00779	0.01049	0.00804	0.01151	0.00683	0.00664	0.04947	0.01310	0.78990	0.01740	0.01507	0.01095	0.00553	0.00450	0.00138	0.00385	0.00448	0.00550	0.00761
34	0.01345	0.00731	0.00900	0.00755	0.01002	0.00712	0.00603	0.09862	0.12617	0.33135	0.22150	0.04451	0.06293	0.00724	0.00482	0.00144	0.00335	0.02636	0.00498	0.00627
35	0.01203	0.01182	0.10091	0.17685	0.29283	0.02934	0.04848	0.14729	0.05385	0.06845	0.00978	0.01155	0.00736	0.00456	0.00447	0.00139	0.00549	0.00404	0.00286	0.00665
36	0.01170	0.07646	0.29672	0.07069	0.05737	0.03838	0.04159	0.09897	0.04580	0.11160	0.04955	0.01233	0.00914	0.00486	0.00426	0.00135	0.00531	0.00396	0.05360	0.00637
37	0.22418	0.02139	0.07790	0.13071	0.09945	0.06738	0.13898	0.07216	0.01061	0.06886	0.04143	0.01120	0.00784	0.00454	0.00415	0.00139	0.00535	0.00387	0.00280	0.00582
38	0.01290	0.68250	0.02131	0.00842	0.01195	0.17732	0.00785	0.01428	0.00980	0.01061	0.00636	0.00735	0.00574	0.00398	0.00310	0.00100	0.00543	0.00249	0.00199	0.00563
39	0.13301	0.01607	0.03734	0.05167	0.01060	0.00677	0.05824	0.04532	0.02789	0.03784	0.14466	0.22960	0.10003	0.00847	0.00476	0.00150	0.00352	0.02723	0.00371	0.05176
40	0.02096	0.11264	0.13512	0.00897	0.02794	0.00960	0.00820	0.09763	0.09396	0.19841	0.05301	0.01258	0.01005	0.00484	0.00404	0.00119	0.00427	0.00384	0.00360	0.18915
41	0.04577	0.01219	0.11843	0.06733	0.14510	0.01065	0.26453	0.12832	0.02995	0.09607	0.01035	0.03285	0.00785	0.00465	0.00467	0.00143	0.00585	0.00456	0.00296	0.00651
42	0.00620	0.00470	0.00576	0.00585	0.00684	0.00443	0.00425	0.00844	0.06483	0.01493	0.37852	0.28214	0.17475	0.01083	0.00536	0.00156	0.00238	0.00955	0.00452	0.00415
43	0.01083	0.01477	0.30487	0.01053	0.01463	0.01109	0.01064	0.08514	0.45108	0.01785	0.01388	0.01356	0.01024	0.00535	0.00444	0.00147	0.00477	0.00433	0.00358	0.00695
44	0.00895	0.00766	0.01220	0.54482	0.08360	0.00898	0.01062	0.05320	0.00968	0.03872	0.01107	0.13357	0.00999	0.00715	0.03948	0.00176	0.00555	0.00531	0.00259	0.00512
45	0.00665	0.00464	0.00556	0.00557	0.00592	0.00476	0.00362	0.00756	0.03389	0.01014	0.05949	0.02928	0.03826	0.58803	0.12435	0.00423	0.00512	0.05672	0.00298	0.00323
46	0.00651	0.00434	0.00488	0.00488	0.00488	0.00434	0.00271	0.00651	0.00651	0.00867	0.01409	0.02927	0.01626	0.84279	0.02277	0.00434	0.00434	0.00651	0.00271	0.00271
47	0.01081	0.01114	0.04183	0.05681	0.61202	0.01072	0.16265	0.01376	0.01019	0.01442	0.00851	0.01125	0.00695	0.00397	0.00459	0.00137	0.00580	0.00421	0.00221	0.00679
48	0.00565	0.00431	0.00525	0.00591	0.00673	0.00391	0.00433	0.00674	0.00941	0.01195	0.03203	0.43424	0.31404	0.01279	0.00562	0.00174	0.00270	0.12475	0.00415	0.00376
49	0.00653	0.00431	0.00492	0.00495	0.00495	0.00430	0.00279	0.00647	0.00653	0.00870	0.01410	0.04805	0.01625	0.79069	0.02215	0.03804	0.00428	0.00655	0.00272	0.00270
50	0.00928	0.00795	0.00928	0.00663	0.01060	0.00596	0.00530	0.01126	0.00928	0.01458	0.00795	0.00928	0.00663	0.00331	0.00331	0.00066	0.00331	0.00265	0.00265	0.87014
51	0.00717	0.00471	0.00655	0.00774	0.05045	0.00443	0.00521	0.00828	0.00920	0.07922	0.02309	0.63711	0.02640	0.01258	0.00559	0.00178	0.00301	0.09912	0.00416	0.00421
52	0.00547	0.00429	0.00495	0.00531	0.00629	0.00377	0.00378	0.00658	0.00985	0.01250	0.12510	0.35037	0.42161	0.01212	0.00545	0.00162	0.00238	0.01055	0.00424	0.00377
53	0.65767	0.01109	0.00861	0.03421	0.01084	0.16088	0.03323	0.01401	0.00869	0.01790	0.00651	0.00773	0.00512	0.00423	0.00314	0.00135	0.00454	0.00266	0.00264	0.00495
54	0.00925	0.00855	0.01515	0.14034	0.09034	0.02911	0.26170	0.01155	0.00964	0.04410	0.01330	0.19084	0.01297	0.00802	0.02847	0.04040	0.00557	0.05259	0.00286	0.02526

[dist]
# distance from previous block
# <min> <max>
0	2

[block]
# block no. 8 follows, 58 sequences, length 21
# corresponding to MSA columns:
# 1276-1296
name=unknown_I
#
# <colnr> <probs for GDERKNQSTAVLIFYWHMCP>
#	G	D	E	R	K	N	Q	S	T	A	V	L	I	F	Y	W	H	M	C	P
0	0.05260	0.08887	0.17274	0.02347	0.01433	0.01277	0.05733	0.12574	0.03472	0.03981	0.00800	0.01005	0.00648	0.00582	0.00819	0.00158	0.32531	0.00374	0.00255	0.00591
1	0.01124	0.09640	0.47577	0.01200	0.03340	0.05217	0.04877	0.08036	0.03606	0.07090	0.02230	0.01045	0.00715	0.00458	0.00440	0.00137	0.02000	0.00359	0.00254	0.00654
2	0.00831	0.02280	0.31529	0.02516	0.03729	0.00759	0.05965	0.01159	0.02235	0.04741	0.14392	0.10604	0.11806	0.00741	0.00487	0.00150	0.00462	0.04749	0.00324	0.00542
3	0.87439	0.00865	0.00657	0.00588	0.00865	0.01003	0.00484	0.01315	0.00761	0.02007	0.00623	0.00727	0.00484	0.00415	0.00277	0.00138	0.00346	0.00242	0.00277	0.00484
4	0.00542	0.00401	0.00507	0.00593	0.00641	0.00366	0.00402	0.00626	0.00885	0.01154	0.02829	0.69981	0.16731	0.01354	0.00564	0.00176	0.00254	0.01214	0.00415	0.00366
5	0.03890	0.28421	0.08868	0.04515	0.11619	0.06793	0.00939	0.13661	0.05948	0.09927	0.00939	0.01010	0.00721	0.00453	0.00385	0.00123	0.00509	0.00341	0.00294	0.00646
6	0.01138	0.00744	0.01083	0.07196	0.21856	0.00732	0.00798	0.05994	0.01151	0.19184	0.14301	0.09395	0.05739	0.00681	0.00469	0.00142	0.00385	0.02200	0.06222	0.00588
7	0.00637	0.00462	0.00644	0.00650	0.00705	0.00514	0.00472	0.00748	0.00708	0.00997	0.01326	0.06594	0.01359	0.25487	0.55959	0.00611	0.00937	0.00570	0.00258	0.00362
8	0.28715	0.01045	0.01051	0.00838	0.01155	0.01155	0.00690	0.44634	0.01550	0.08808	0.01008	0.01033	0.00722	0.00499	0.00386	0.00134	0.00422	0.00357	0.05142	0.00655
9	0.02784	0.07260	0.09898	0.14275	0.21375	0.09569	0.06928	0.06192	0.09575	0.04001	0.00940	0.01112	0.00729	0.00460	0.00462	0.00137	0.03025	0.00388	0.00263	0.00628
10	0.00653	0.00482	0.00674	0.00668	0.00723	0.00550	0.00491	0.00766	0.00698	0.00991	0.01238	0.02065	0.01245	0.26263	0.57098	0.00621	0.03635	0.00525	0.00247	0.00366
11	0.00584	0.00430	0.00547	0.00570	0.00652	0.00393	0.00408	0.00730	0.01073	0.01459	0.39947	0.34588	0.14700	0.01133	0.00544	0.00158	0.00232	0.01007	0.00452	0.00393
12	0.00873	0.00498	0.00625	0.08466	0.00869	0.00507	0.03096	0.01094	0.00984	0.05034	0.09124	0.01763	0.01374	0.00549	0.00360	0.00115	0.00272	0.00458	0.63494	0.00446
13	0.07776	0.15404	0.05537	0.04350	0.11670	0.10378	0.13863	0.08788	0.09891	0.04227	0.00930	0.01059	0.00725	0.00456	0.00446	0.00133	0.03091	0.00379	0.00277	0.00620
14	0.17472	0.00787	0.01248	0.01079	0.05641	0.00768	0.24406	0.01062	0.00959	0.01441	0.02089	0.13563	0.22225	0.00769	0.00486	0.00155	0.00439	0.04609	0.00321	0.00484
15	0.00585	0.00447	0.00537	0.00531	0.00643	0.00399	0.00392	0.00745	0.01127	0.01504	0.44120	0.13678	0.31565	0.01053	0.00533	0.00149	0.00223	0.00915	0.00455	0.00399
16	0.01671	0.00882	0.01130	0.09548	0.04150	0.04721	0.00779	0.06565	0.04897	0.50816	0.04138	0.01448	0.01079	0.00560	0.00510	0.00142	0.05376	0.00443	0.00455	0.00690
17	0.10701	0.09015	0.19842	0.00991	0.03673	0.06353	0.00933	0.16634	0.02911	0.16928	0.06886	0.01220	0.00986	0.00507	0.00412	0.00133	0.00491	0.00387	0.00349	0.00648
18	0.01046	0.01145	0.07943	0.19630	0.21361	0.05914	0.11859	0.01542	0.16987	0.01442	0.01051	0.01288	0.00826	0.00467	0.00453	0.00141	0.00557	0.01887	0.00267	0.04195
19	0.01858	0.00977	0.01144	0.00889	0.01231	0.03757	0.00729	0.27442	0.04928	0.49946	0.01506	0.01358	0.00987	0.00547	0.00448	0.00137	0.00431	0.00431	0.00504	0.00750
20	0.00920	0.01200	0.20704	0.39082	0.06110	0.00960	0.04599	0.04483	0.00984	0.01367	0.02937	0.01144	0.00710	0.00436	0.00431	0.00134	0.00564	0.00380	0.00226	0.12630

[dist]
# distance from previous block
# <min> <max>
9	29

[block]
# block no. 9 follows, 58 sequences, length 33
# corresponding to MSA columns:
# 1326-1356,1359,1360
name=unknown_J
#
# <colnr> <probs for GDERKNQSTAVLIFYWHMCP>
#	G	D	E	R	K	N	Q	S	T	A	V	L	I	F	Y	W	H	M	C	P
0	0.00755	0.00551	0.00637	0.00604	0.00705	0.00558	0.00432	0.10857	0.00999	0.01320	0.08879	0.06906	0.18228	0.32458	0.10506	0.00322	0.00457	0.04079	0.00352	0.00394
1	0.00655	0.00488	0.00640	0.00632	0.00675	0.00541	0.00447	0.00738	0.00712	0.00984	0.01506	0.05641	0.06382	0.36853	0.35200	0.00508	0.06176	0.00606	0.00268	0.00349
2	0.04413	0.00808	0.01002	0.00797	0.01098	0.00772	0.00648	0.17889	0.01395	0.49109	0.07545	0.07255	0.03917	0.00649	0.00460	0.00141	0.00377	0.00532	0.00505	0.00688
3	0.02409	0.21200	0.01645	0.01111	0.03712	0.23169	0.15610	0.01489	0.09005	0.02168	0.01166	0.02962	0.05844	0.05999	0.00538	0.00146	0.00582	0.00432	0.00265	0.00546
4	0.01294	0.00749	0.00992	0.00824	0.01077	0.00733	0.05548	0.03678	0.19866	0.31214	0.17834	0.07422	0.05358	0.00708	0.00483	0.00146	0.00352	0.00614	0.00480	0.00628
5	0.00605	0.00441	0.00554	0.00613	0.00672	0.00417	0.00422	0.04088	0.00953	0.01265	0.09241	0.62557	0.10548	0.04608	0.00626	0.00183	0.00269	0.01138	0.00417	0.00383
6	0.00952	0.00803	0.00863	0.00832	0.01008	0.03580	0.00636	0.04808	0.43893	0.01620	0.01993	0.25567	0.01894	0.00891	0.00503	0.00164	0.00354	0.08633	0.00431	0.00575
7	0.01007	0.00925	0.01317	0.07737	0.19777	0.05154	0.05527	0.07256	0.01012	0.02704	0.02307	0.17292	0.01271	0.00754	0.00710	0.00162	0.18837	0.05417	0.00291	0.00544
8	0.00544	0.00393	0.00515	0.00612	0.00646	0.00364	0.00411	0.00624	0.00867	0.01146	0.02595	0.79007	0.07855	0.01385	0.00568	0.00180	0.00257	0.01251	0.00415	0.00364
9	0.00648	0.00431	0.00495	0.00500	0.00512	0.00427	0.00293	0.00674	0.00715	0.00974	0.06481	0.09033	0.01872	0.69905	0.01971	0.00385	0.00399	0.00699	0.03294	0.00293
10	0.03849	0.01988	0.61505	0.01577	0.19496	0.01043	0.01552	0.01404	0.00955	0.01446	0.00805	0.00973	0.00595	0.00419	0.00424	0.00140	0.00622	0.00343	0.00199	0.00666
11	0.16691	0.06570	0.01178	0.00926	0.01129	0.09356	0.05648	0.06848	0.10367	0.01503	0.01404	0.04220	0.11707	0.00662	0.00659	0.00152	0.19678	0.00471	0.00301	0.00530
12	0.00558	0.00449	0.00498	0.00496	0.00625	0.00389	0.00368	0.00696	0.01075	0.01363	0.25297	0.10069	0.54360	0.01094	0.00532	0.00151	0.00225	0.00932	0.00436	0.00389
13	0.04122	0.00962	0.01145	0.00885	0.01231	0.00965	0.00729	0.32384	0.04252	0.46328	0.01468	0.01332	0.00965	0.00545	0.00445	0.00137	0.00422	0.00428	0.00502	0.00752
14	0.00985	0.00970	0.01407	0.21378	0.03956	0.07409	0.17212	0.01465	0.18616	0.01390	0.01348	0.08149	0.01202	0.00643	0.00517	0.00157	0.02604	0.09732	0.00306	0.00552
15	0.00571	0.00462	0.00512	0.00519	0.00656	0.00403	0.00402	0.00713	0.01065	0.01329	0.17970	0.04224	0.57802	0.01107	0.00540	0.00156	0.00247	0.10506	0.00429	0.00390
16	0.00574	0.00444	0.00523	0.00526	0.00638	0.00393	0.00386	0.00721	0.01092	0.01434	0.35267	0.17235	0.36982	0.01089	0.00535	0.00152	0.00226	0.00944	0.00447	0.00393
17	0.01210	0.25182	0.28176	0.01026	0.01449	0.19251	0.01061	0.09407	0.01129	0.01372	0.00999	0.01084	0.05887	0.00479	0.00390	0.00123	0.00596	0.00343	0.00240	0.00597
18	0.18819	0.10085	0.07353	0.01118	0.01472	0.03917	0.24452	0.03803	0.12623	0.02616	0.03322	0.01353	0.06175	0.00497	0.00425	0.00140	0.00516	0.00443	0.00294	0.00579
19	0.00979	0.00979	0.01370	0.01174	0.01174	0.01370	0.00979	0.01077	0.00685	0.01077	0.00587	0.00979	0.00587	0.00783	0.01468	0.00196	0.83461	0.00391	0.00196	0.00489
20	0.26072	0.01172	0.05326	0.01239	0.01623	0.01164	0.30801	0.23930	0.01266	0.01995	0.00868	0.01019	0.00641	0.00436	0.00428	0.00142	0.00557	0.00401	0.00303	0.00617
21	0.17742	0.00977	0.01170	0.01125	0.14861	0.06178	0.05783	0.02848	0.00973	0.03353	0.00797	0.00946	0.00643	0.00379	0.00362	0.00103	0.00431	0.00309	0.00265	0.40757
