[name]
unknown

[dist]
# distance from previous block
# <min> <max>
0	424

[block]
# block no. 0 follows, 68 sequences, length 42
# corresponding to MSA columns:
# 443-448,467-502
name=unknown_A
#
# <colnr> <probs for GDERKNQSTAVLIFYWHMCP>
#	G	D	E	R	K	N	Q	S	T	A	V	L	I	F	Y	W	H	M	C	P
0	0.00639	0.00456	0.00639	0.00730	0.00821	0.00456	0.00639	0.00821	0.00913	0.01187	0.02099	0.04472	0.02282	0.01095	0.00548	0.00183	0.00365	0.80924	0.00365	0.00365
1	0.00696	0.00443	0.00545	0.04643	0.03282	0.00449	0.00423	0.02738	0.04546	0.02994	0.04326	0.32274	0.01682	0.00768	0.00393	0.00126	0.00245	0.02262	0.36778	0.00389
2	0.00923	0.42723	0.44459	0.00912	0.01379	0.01234	0.01085	0.01223	0.00822	0.01100	0.00634	0.00740	0.00505	0.00359	0.00318	0.00106	0.00508	0.00254	0.00168	0.00549
3	0.00483	0.00358	0.00451	0.00521	0.00568	0.00326	0.00355	0.00562	0.00799	0.01042	0.05091	0.66958	0.18678	0.01181	0.00497	0.00155	0.00223	0.01057	0.00370	0.00326
4	0.00981	0.00942	0.01609	0.02434	0.83592	0.00942	0.01217	0.01217	0.00903	0.01295	0.00746	0.00981	0.00628	0.00353	0.00393	0.00118	0.00471	0.00353	0.00196	0.00628
5	0.00847	0.00812	0.01377	0.47869	0.30453	0.00923	0.04488	0.01114	0.02507	0.01132	0.00734	0.01032	0.00579	0.00395	0.00437	0.00129	0.04114	0.00359	0.00189	0.00513
6	0.06306	0.00817	0.00883	0.00762	0.01001	0.00906	0.00603	0.09634	0.52902	0.14566	0.02688	0.01382	0.01107	0.00516	0.00388	0.00129	0.00322	0.00419	0.04057	0.00613
7	0.00485	0.00352	0.00454	0.00533	0.00566	0.00326	0.00357	0.00555	0.00766	0.01008	0.02322	0.74954	0.10169	0.04431	0.00560	0.00167	0.00233	0.01079	0.00363	0.00320
8	0.01060	0.86304	0.02078	0.00678	0.01018	0.01569	0.00678	0.01187	0.00806	0.00933	0.00551	0.00636	0.00509	0.00339	0.00254	0.00085	0.00424	0.00212	0.00170	0.00509
9	0.01584	0.00653	0.00887	0.00692	0.00971	0.00574	0.01732	0.03788	0.01140	0.68923	0.10067	0.01597	0.04443	0.00541	0.00409	0.00123	0.00324	0.00448	0.00474	0.00629
10	0.36281	0.00931	0.01181	0.01502	0.39466	0.05901	0.04494	0.01245	0.03125	0.01479	0.00687	0.00848	0.00556	0.00367	0.00335	0.00120	0.00424	0.00300	0.00222	0.00534
11	0.88866	0.00767	0.00583	0.00521	0.00767	0.00889	0.00429	0.01166	0.00675	0.01779	0.00552	0.00644	0.00429	0.00368	0.00245	0.00123	0.00307	0.00215	0.00245	0.00429
12	0.01031	0.01145	0.01166	0.01018	0.01079	0.24803	0.00823	0.01122	0.00762	0.00962	0.00643	0.00905	0.02793	0.00622	0.01011	0.00152	0.59004	0.00334	0.00188	0.00438
13	0.23315	0.00601	0.00574	0.00506	0.00681	0.00649	0.00402	0.14361	0.00969	0.03983	0.01056	0.01176	0.00810	0.00441	0.00292	0.00105	0.00261	0.00329	0.49045	0.00443
14	0.00512	0.00385	0.00474	0.00490	0.00572	0.00347	0.00353	0.00639	0.00950	0.01271	0.36860	0.29345	0.24358	0.00998	0.00480	0.00139	0.00204	0.00878	0.00397	0.00347
15	0.00483	0.00345	0.00460	0.00552	0.00575	0.00322	0.00368	0.00552	0.00759	0.01012	0.02185	0.85807	0.02622	0.01242	0.00506	0.00161	0.00230	0.01127	0.00368	0.00322
16	0.00795	0.02051	0.84011	0.01130	0.01716	0.00921	0.01465	0.01256	0.00837	0.01256	0.00712	0.00837	0.00502	0.00377	0.00377	0.00126	0.00586	0.00293	0.00167	0.00586
17	0.00639	0.00456	0.00639	0.00730	0.00821	0.00456	0.00639	0.00821	0.00913	0.01187	0.02099	0.04472	0.02282	0.01095	0.00548	0.00183	0.00365	0.80924	0.00365	0.00365
18	0.00822	0.00705	0.00822	0.00587	0.00940	0.00529	0.00470	0.00998	0.00822	0.01292	0.00705	0.00822	0.00587	0.00294	0.00294	0.00059	0.00294	0.00235	0.00235	0.88490
19	0.01507	0.01111	0.01190	0.00912	0.01230	0.01230	0.00754	0.82270	0.01864	0.02499	0.00952	0.00952	0.00674	0.00476	0.00397	0.00119	0.00436	0.00357	0.00397	0.00674
20	0.88866	0.00767	0.00583	0.00521	0.00767	0.00889	0.00429	0.01166	0.00675	0.01779	0.00552	0.00644	0.00429	0.00368	0.00245	0.00123	0.00307	0.00215	0.00245	0.00429
21	0.00986	0.00852	0.00897	0.00807	0.01031	0.00986	0.00628	0.02107	0.82876	0.01659	0.01614	0.01479	0.01210	0.00538	0.00403	0.00134	0.00314	0.00448	0.00403	0.00628
22	0.88866	0.00767	0.00583	0.00521	0.00767	0.00889	0.00429	0.01166	0.00675	0.01779	0.00552	0.00644	0.00429	0.00368	0.00245	0.00123	0.00307	0.00215	0.00245	0.00429
23	0.00981	0.00942	0.01609	0.02434	0.83592	0.00942	0.01217	0.01217	0.00903	0.01295	0.00746	0.00981	0.00628	0.00353	0.00393	0.00118	0.00471	0.00353	0.00196	0.00628
24	0.00986	0.00852	0.00897	0.00807	0.01031	0.00986	0.00628	0.02107	0.82876	0.01659	0.01614	0.01479	0.01210	0.00538	0.00403	0.00134	0.00314	0.00448	0.00403	0.00628
25	0.00644	0.00466	0.00555	0.00516	0.00646	0.00440	0.00392	0.00907	0.09887	0.05655	0.48933	0.02950	0.24865	0.00817	0.00457	0.00128	0.00212	0.00704	0.00417	0.00406
26	0.01348	0.01031	0.01100	0.00880	0.01169	0.01155	0.00715	0.57717	0.26677	0.02241	0.01155	0.01113	0.00838	0.00495	0.00399	0.00124	0.00399	0.00385	0.00399	0.00660
27	0.00482	0.00348	0.00457	0.00544	0.00573	0.00323	0.00364	0.00553	0.00767	0.01015	0.02289	0.81144	0.07218	0.01229	0.00504	0.00159	0.00228	0.01111	0.00368	0.00323
28	0.00483	0.00345	0.00460	0.00552	0.00575	0.00322	0.00368	0.00552	0.00759	0.01012	0.02185	0.85807	0.02622	0.01242	0.00506	0.00161	0.00230	0.01127	0.00368	0.00322
29	0.01546	0.01049	0.01152	0.00883	0.01199	0.01138	0.00730	0.70947	0.01761	0.13967	0.01038	0.01008	0.00718	0.00478	0.00397	0.00120	0.00422	0.00363	0.00410	0.00674
30	0.00483	0.00346	0.00459	0.00549	0.00574	0.00322	0.00367	0.00552	0.00762	0.01014	0.02227	0.83920	0.04482	0.01237	0.00505	0.00160	0.00229	0.01120	0.00368	0.00322
31	0.00626	0.00508	0.00535	0.00507	0.00662	0.00488	0.00387	0.00959	0.18983	0.03465	0.10084	0.03163	0.56421	0.00871	0.00452	0.00133	0.00228	0.00729	0.00385	0.00412
32	0.00550	0.00402	0.00519	0.00515	0.00604	0.00371	0.00388	0.00715	0.01044	0.01443	0.60152	0.12476	0.10954	0.00901	0.00479	0.00134	0.00208	0.07363	0.00417	0.00364
33	0.01731	0.00751	0.00967	0.00742	0.01050	0.00696	0.00613	0.15988	0.01262	0.69631	0.01457	0.01280	0.00928	0.00488	0.00398	0.00122	0.00355	0.00391	0.00474	0.00675
34	0.00566	0.00425	0.00637	0.00637	0.00708	0.00496	0.00496	0.00708	0.00637	0.00920	0.01062	0.01558	0.00991	0.02974	0.84494	0.00637	0.01062	0.00425	0.00212	0.00354
35	0.00806	0.00828	0.01672	0.01286	0.01569	0.00782	0.51214	0.01072	0.00919	0.01223	0.01411	0.06352	0.06031	0.00625	0.00491	0.00148	0.00537	0.22305	0.00263	0.00467
36	0.00746	0.00685	0.01181	0.13887	0.13393	0.00692	0.17800	0.00986	0.03081	0.01190	0.03026	0.11281	0.08413	0.00699	0.00464	0.00145	0.00433	0.19688	0.01761	0.00450
37	0.01059	0.01004	0.14916	0.00923	0.02807	0.04195	0.01948	0.03777	0.03072	0.19048	0.02049	0.01229	0.00804	0.10470	0.02806	0.00181	0.28553	0.00384	0.00269	0.00506
38	0.00749	0.00709	0.00797	0.02705	0.02247	0.13386	0.00596	0.00880	0.00715	0.00936	0.00927	0.01360	0.00862	0.04238	0.57483	0.00480	0.09949	0.00391	0.00207	0.00382
39	0.00851	0.00709	0.00840	0.00627	0.02561	0.00538	0.00487	0.01028	0.00832	0.03507	0.00729	0.00839	0.00599	0.00300	0.00298	0.00062	0.00298	0.00242	0.00241	0.84413
40	0.02884	0.03908	0.34983	0.00890	0.01199	0.02518	0.00932	0.02811	0.04513	0.08308	0.01140	0.20072	0.01076	0.02332	0.00544	0.00143	0.10479	0.00505	0.00261	0.00504
41	0.00870	0.06118	0.18475	0.06468	0.09365	0.02388	0.03448	0.02699	0.02259	0.01138	0.03974	0.01101	0.02308	0.00551	0.00763	0.00144	0.35185	0.02048	0.00202	0.00495

[dist]
# distance from previous block
# <min> <max>
0	1

[block]
# block no. 1 follows, 68 sequences, length 31
# corresponding to MSA columns:
# 506-536
name=unknown_B
#
# <colnr> <probs for GDERKNQSTAVLIFYWHMCP>
#	G	D	E	R	K	N	Q	S	T	A	V	L	I	F	Y	W	H	M	C	P
0	0.07066	0.04069	0.01063	0.42597	0.01844	0.00936	0.00844	0.06684	0.23881	0.01368	0.03199	0.01184	0.00819	0.00450	0.00382	0.00128	0.00426	0.00375	0.02179	0.00507
1	0.00981	0.00942	0.01609	0.02434	0.83592	0.00942	0.01217	0.01217	0.00903	0.01295	0.00746	0.00981	0.00628	0.00353	0.00393	0.00118	0.00471	0.00353	0.00196	0.00628
2	0.00482	0.00357	0.00451	0.00524	0.00568	0.00326	0.00356	0.00560	0.00794	0.01036	0.04372	0.69101	0.17247	0.01189	0.00498	0.00155	0.00224	0.01065	0.00370	0.00326
3	0.00487	0.00397	0.00430	0.00433	0.00549	0.00341	0.00320	0.00600	0.00931	0.01160	0.18293	0.10927	0.61772	0.00990	0.00472	0.00135	0.00201	0.00841	0.00381	0.00341
4	0.00566	0.00425	0.00637	0.00637	0.00708	0.00496	0.00496	0.00708	0.00637	0.00920	0.01062	0.01558	0.00991	0.02974	0.84494	0.00637	0.01062	0.00425	0.00212	0.00354
5	0.00793	0.00422	0.00427	0.00408	0.00516	0.00430	0.00311	0.06642	0.00904	0.01550	0.01269	0.01441	0.00992	0.00463	0.00286	0.00094	0.00202	0.00369	0.82091	0.00391
6	0.01471	0.01092	0.01169	0.00905	0.01216	0.01212	0.00745	0.76636	0.07558	0.02440	0.00998	0.00989	0.00712	0.00480	0.00397	0.00120	0.00428	0.00363	0.00397	0.00671
7	0.00749	0.00705	0.01189	0.85113	0.02731	0.00881	0.01101	0.01013	0.00793	0.01013	0.00705	0.01057	0.00529	0.00396	0.00396	0.00132	0.00529	0.00352	0.00176	0.00440
8	0.00986	0.00852	0.00897	0.00807	0.01031	0.00986	0.00628	0.02107	0.82876	0.01659	0.01614	0.01479	0.01210	0.00538	0.00403	0.00134	0.00314	0.00448	0.00403	0.00628
9	0.00576	0.00417	0.00555	0.00584	0.00671	0.00396	0.00466	0.00743	0.00993	0.01348	0.39918	0.12593	0.07893	0.00974	0.00501	0.00150	0.00258	0.30204	0.00399	0.00363
10	0.01103	0.00871	0.00973	0.00721	0.01059	0.00816	0.00586	0.34321	0.01249	0.01787	0.00806	0.00875	0.00623	0.00368	0.00336	0.00083	0.00352	0.00285	0.00301	0.52484
11	0.00795	0.02051	0.84011	0.01130	0.01716	0.00921	0.01465	0.01256	0.00837	0.01256	0.00712	0.00837	0.00502	0.00377	0.00377	0.00126	0.00586	0.00293	0.00167	0.00586
12	0.00469	0.00398	0.00405	0.00411	0.00538	0.00334	0.00305	0.00568	0.00895	0.01068	0.03909	0.08653	0.78664	0.01018	0.00471	0.00135	0.00203	0.00854	0.00368	0.00334
13	0.00806	0.03747	0.79161	0.01142	0.01715	0.00937	0.04575	0.01255	0.00840	0.01250	0.00712	0.00842	0.00506	0.00374	0.00378	0.00125	0.00586	0.00298	0.00169	0.00582
14	0.00981	0.00942	0.01609	0.02434	0.83592	0.00942	0.01217	0.01217	0.00903	0.01295	0.00746	0.00981	0.00628	0.00353	0.00393	0.00118	0.00471	0.00353	0.00196	0.00628
15	0.01178	0.00539	0.00719	0.00597	0.00797	0.00478	0.00475	0.01348	0.01117	0.42765	0.39262	0.02098	0.02255	0.00637	0.00426	0.00122	0.00262	0.00544	0.03857	0.00524
16	0.00604	0.00402	0.00515	0.00544	0.00628	0.00367	0.00401	0.00720	0.00901	0.06980	0.18567	0.39670	0.17546	0.01044	0.00488	0.00148	0.00238	0.09482	0.00390	0.00364
17	0.00983	0.01362	0.44996	0.00887	0.01301	0.00735	0.01007	0.02730	0.02358	0.20360	0.11762	0.01465	0.07298	0.00510	0.00401	0.00125	0.00441	0.00416	0.00300	0.00563
18	0.00795	0.02051	0.84011	0.01130	0.01716	0.00921	0.01465	0.01256	0.00837	0.01256	0.00712	0.00837	0.00502	0.00377	0.00377	0.00126	0.00586	0.00293	0.00167	0.00586
19	0.00495	0.00354	0.00474	0.00562	0.00592	0.00332	0.00386	0.00575	0.00779	0.01039	0.04393	0.78216	0.02631	0.01221	0.00508	0.00161	0.00238	0.06348	0.00370	0.00326
20	0.00861	0.01024	0.14200	0.32107	0.33593	0.00933	0.02913	0.01159	0.02860	0.01178	0.00737	0.00995	0.00581	0.00394	0.00439	0.00128	0.04819	0.00348	0.00189	0.00542
21	0.01065	0.01031	0.03052	0.16965	0.25460	0.17105	0.02219	0.04584	0.00990	0.08006	0.09776	0.01180	0.00947	0.00458	0.00449	0.00122	0.05438	0.00378	0.00251	0.00525
22	0.00483	0.00345	0.00460	0.00552	0.00575	0.00322	0.00368	0.00552	0.00759	0.01012	0.02185	0.85807	0.02622	0.01242	0.00506	0.00161	0.00230	0.01127	0.00368	0.00322
23	0.00610	0.00435	0.00586	0.02936	0.00766	0.00438	0.00531	0.00776	0.01985	0.01158	0.05150	0.17668	0.05495	0.04440	0.05632	0.00202	0.00362	0.43945	0.06528	0.00357
24	0.01114	0.29991	0.14856	0.01179	0.18899	0.11005	0.00920	0.05212	0.00956	0.08010	0.02527	0.00938	0.00678	0.00398	0.00344	0.00108	0.00482	0.01599	0.00225	0.00558
25	0.00598	0.00444	0.00621	0.00610	0.00667	0.00509	0.00455	0.02371	0.00648	0.00920	0.01084	0.01758	0.01071	0.21718	0.61277	0.00554	0.03680	0.00455	0.00221	0.00337
26	0.00660	0.00546	0.00855	0.35399	0.01524	0.00652	0.00728	0.00843	0.02251	0.00968	0.02499	0.01422	0.03056	0.03337	0.35258	0.07181	0.01827	0.00408	0.00206	0.00379
27	0.01091	0.01266	0.30742	0.01145	0.11174	0.00871	0.05680	0.06318	0.12765	0.18618	0.01117	0.02696	0.02047	0.00456	0.00416	0.00127	0.02187	0.00383	0.00295	0.00606
28	0.02054	0.03393	0.14763	0.06339	0.42598	0.03315	0.05118	0.10990	0.03519	0.02966	0.00796	0.00965	0.00622	0.00383	0.00389	0.00120	0.00495	0.00345	0.00227	0.00603
29	0.00894	0.01464	0.37570	0.02208	0.03045	0.06788	0.21779	0.02283	0.01868	0.02638	0.03998	0.02309	0.00747	0.00499	0.02448	0.00143	0.06896	0.01681	0.00208	0.00534
30	0.04168	0.02046	0.08986	0.03138	0.06801	0.02666	0.03022	0.01265	0.22680	0.06211	0.01528	0.29976	0.01484	0.00729	0.00426	0.00138	0.00349	0.01680	0.02213	0.00493

[dist]
# distance from previous block
# <min> <max>
1	36

[block]
# block no. 2 follows, 68 sequences, length 19
# corresponding to MSA columns:
# 576-594
name=unknown_C
#
# <colnr> <probs for GDERKNQSTAVLIFYWHMCP>
#	G	D	E	R	K	N	Q	S	T	A	V	L	I	F	Y	W	H	M	C	P
0	0.00878	0.09698	0.14026	0.02757	0.17937	0.00835	0.03680	0.04200	0.05958	0.02289	0.06584	0.04301	0.01027	0.00517	0.01748	0.00121	0.00421	0.05763	0.00254	0.17007
1	0.03106	0.01096	0.24143	0.06425	0.01257	0.06344	0.04846	0.03490	0.00918	0.03410	0.11865	0.13461	0.01307	0.00567	0.00400	0.00120	0.00422	0.02130	0.00268	0.14423
2	0.03989	0.18094	0.08908	0.00941	0.05704	0.20197	0.02995	0.07251	0.03483	0.11265	0.00799	0.00866	0.00615	0.00398	0.00367	0.00105	0.02707	0.00291	0.00252	0.10774
3	0.00599	0.00458	0.00593	0.00702	0.10588	0.00443	0.00415	0.00677	0.00747	0.00986	0.06931	0.09083	0.17746	0.40895	0.03237	0.00266	0.00350	0.04667	0.00288	0.00329
4	0.00619	0.00513	0.00714	0.24035	0.01233	0.00556	0.00610	0.00863	0.08782	0.01118	0.04852	0.32867	0.13300	0.00878	0.00462	0.00147	0.00327	0.07411	0.00320	0.00392
5	0.65755	0.00764	0.00669	0.00582	0.00834	0.00857	0.00475	0.01389	0.10712	0.13501	0.00826	0.00846	0.00603	0.00406	0.00286	0.00124	0.00312	0.00269	0.00300	0.00489
6	0.00501	0.00363	0.00474	0.00538	0.00582	0.00336	0.00372	0.00596	0.00839	0.01126	0.17169	0.63437	0.07800	0.01145	0.00498	0.00153	0.00224	0.03134	0.00381	0.00333
7	0.32464	0.00639	0.00686	0.00580	0.00801	0.00650	0.00467	0.03853	0.00980	0.27350	0.22781	0.01516	0.01505	0.00530	0.00358	0.00122	0.00284	0.00415	0.03523	0.00497
8	0.00502	0.00359	0.00482	0.00574	0.00605	0.00338	0.00401	0.00585	0.00778	0.01033	0.02175	0.75941	0.02581	0.01224	0.00511	0.00164	0.00246	0.10807	0.00368	0.00327
9	0.01326	0.01021	0.01088	0.00876	0.01161	0.01145	0.00710	0.54429	0.30000	0.02207	0.01182	0.01135	0.00860	0.00497	0.00399	0.00124	0.00394	0.00389	0.00399	0.00658
10	0.01540	0.01058	0.01157	0.00887	0.01203	0.01151	0.00733	0.72525	0.01776	0.12369	0.01026	0.01000	0.00712	0.00478	0.00397	0.00119	0.00424	0.00362	0.00408	0.00674
11	0.00749	0.00705	0.01189	0.85113	0.02731	0.00881	0.01101	0.01013	0.00793	0.01013	0.00705	0.01057	0.00529	0.00396	0.00396	0.00132	0.00529	0.00352	0.00176	0.00440
12	0.00968	0.00928	0.01585	0.07255	0.78877	0.00938	0.01210	0.01205	0.00896	0.01279	0.00743	0.00986	0.00622	0.00356	0.00393	0.00119	0.00474	0.00353	0.00195	0.00617
13	0.01481	0.01890	0.01124	0.01021	0.01226	0.84474	0.00766	0.01583	0.01124	0.00970	0.00613	0.00715	0.00511	0.00409	0.00358	0.00102	0.00715	0.00255	0.00204	0.00460
14	0.00506	0.00361	0.00486	0.00578	0.00611	0.00342	0.00408	0.00591	0.00782	0.01038	0.02173	0.73936	0.02573	0.01221	0.00512	0.00164	0.00250	0.12774	0.00368	0.00328
15	0.00739	0.00370	0.00370	0.00370	0.00462	0.00370	0.00277	0.00924	0.00831	0.01478	0.01293	0.01478	0.01016	0.00462	0.00277	0.00092	0.00185	0.00370	0.88267	0.00370
16	0.00492	0.00384	0.00435	0.00458	0.00553	0.00337	0.00330	0.00597	0.00886	0.01131	0.13555	0.28306	0.46663	0.01036	0.00475	0.00140	0.00207	0.00896	0.02782	0.00337
17	0.01000	0.01089	0.01195	0.01037	0.01081	0.19238	0.00846	0.01090	0.00719	0.00958	0.00540	0.00834	0.00518	0.00632	0.01097	0.00158	0.67021	0.00327	0.00180	0.00439
18	0.00841	0.00881	0.10925	0.00663	0.01043	0.00599	0.00600	0.03626	0.00857	0.01326	0.00713	0.00828	0.00580	0.00310	0.00307	0.00069	0.00334	0.00246	0.00232	0.75021

[dist]
# distance from previous block
# <min> <max>
0	1

[block]
# block no. 3 follows, 68 sequences, length 20
# corresponding to MSA columns:
# 596-615
name=unknown_D
#
# <colnr> <probs for GDERKNQSTAVLIFYWHMCP>
#	G	D	E	R	K	N	Q	S	T	A	V	L	I	F	Y	W	H	M	C	P
0	0.00543	0.00405	0.00505	0.00480	0.00581	0.00367	0.00360	0.00714	0.01080	0.01490	0.68137	0.03126	0.19050	0.00848	0.00468	0.00126	0.00190	0.00740	0.00423	0.00367
1	0.01377	0.00993	0.01166	0.05970	0.10141	0.02393	0.00791	0.49803	0.07579	0.11887	0.01062	0.01137	0.00777	0.00480	0.00400	0.00123	0.00427	0.02484	0.00370	0.00641
2	0.07165	0.00871	0.04204	0.18664	0.30417	0.00851	0.07349	0.03261	0.02057	0.09339	0.00827	0.01015	0.00635	0.00437	0.02336	0.00129	0.00471	0.00346	0.00236	0.09389
3	0.00755	0.01632	0.61996	0.00992	0.01442	0.00800	0.01191	0.04412	0.00862	0.01252	0.01050	0.19786	0.00982	0.00574	0.00406	0.00133	0.00500	0.00482	0.00222	0.00531
4	0.00806	0.00765	0.01285	0.62931	0.20925	0.00909	0.01118	0.01057	0.00810	0.01074	0.00706	0.01032	0.00551	0.00399	0.00433	0.00131	0.04054	0.00352	0.00181	0.00483
5	0.00971	0.14244	0.14154	0.01238	0.24203	0.06736	0.00869	0.10611	0.00933	0.01235	0.00838	0.01243	0.00769	0.19483	0.00729	0.00172	0.00475	0.00366	0.00222	0.00510
6	0.88866	0.00767	0.00583	0.00521	0.00767	0.00889	0.00429	0.01166	0.00675	0.01779	0.00552	0.00644	0.00429	0.00368	0.00245	0.00123	0.00307	0.00215	0.00245	0.00429
7	0.01002	0.00906	0.01249	0.10418	0.39300	0.07049	0.00940	0.04094	0.12083	0.05780	0.04033	0.01278	0.04929	0.00517	0.02380	0.00135	0.02679	0.00400	0.00263	0.00565
8	0.00676	0.09208	0.06845	0.00631	0.03122	0.00599	0.00519	0.00940	0.08376	0.02660	0.38699	0.05397	0.19334	0.00744	0.00432	0.00125	0.00266	0.00635	0.00364	0.00428
9	0.00558	0.00405	0.00525	0.00495	0.00590	0.00373	0.00371	0.00742	0.01114	0.01571	0.80490	0.02993	0.06647	0.00818	0.00468	0.00125	0.00188	0.00721	0.00434	0.00373
10	0.01060	0.86304	0.02078	0.00678	0.01018	0.01569	0.00678	0.01187	0.00806	0.00933	0.00551	0.00636	0.00509	0.00339	0.00254	0.00085	0.00424	0.00212	0.00170	0.00509
11	0.36071	0.01078	0.20382	0.00753	0.01102	0.00848	0.00747	0.09410	0.00954	0.23801	0.00901	0.00910	0.00619	0.00414	0.00332	0.00123	0.00394	0.00297	0.00308	0.00556
12	0.00930	0.00847	0.01459	0.33612	0.44110	0.00905	0.05903	0.01178	0.00875	0.05254	0.00774	0.01033	0.00606	0.00375	0.00399	0.00124	0.00498	0.00362	0.00203	0.00554
13	0.00739	0.00370	0.00370	0.00370	0.00462	0.00370	0.00277	0.00924	0.00831	0.01478	0.01293	0.01478	0.01016	0.00462	0.00277	0.00092	0.00185	0.00370	0.88267	0.00370
14	0.00770	0.00736	0.01162	0.36778	0.01754	0.00943	0.04907	0.00951	0.00711	0.00992	0.00731	0.03474	0.00649	0.00862	0.11691	0.00214	0.31672	0.00388	0.00187	0.00428
15	0.08370	0.06695	0.01214	0.18805	0.05541	0.01018	0.04115	0.32875	0.01258	0.12617	0.00937	0.03210	0.00699	0.00451	0.00381	0.00122	0.00437	0.00365	0.00316	0.00576
16	0.00525	0.00376	0.00501	0.00584	0.00628	0.00358	0.00426	0.00622	0.00803	0.01060	0.03994	0.58643	0.05427	0.04158	0.00567	0.00172	0.00266	0.20193	0.00364	0.00331
17	0.00986	0.00852	0.00897	0.00807	0.01031	0.00986	0.00628	0.02107	0.82876	0.01659	0.01614	0.01479	0.01210	0.00538	0.00403	0.00134	0.00314	0.00448	0.00403	0.00628
18	0.01651	0.01034	0.01008	0.00814	0.01096	0.20802	0.00653	0.13735	0.02965	0.50221	0.01247	0.01141	0.00828	0.00470	0.00389	0.00117	0.00442	0.00359	0.00406	0.00622
19	0.33572	0.00926	0.00923	0.00732	0.01025	0.01012	0.00603	0.41304	0.01305	0.07876	0.00831	0.00858	0.00600	0.00425	0.00334	0.00117	0.00372	0.00299	0.00337	0.06549

[dist]
# distance from previous block
# <min> <max>
6	21

[block]
# block no. 4 follows, 68 sequences, length 13
# corresponding to MSA columns:
# 642-654
name=unknown_E
#
# <colnr> <probs for GDERKNQSTAVLIFYWHMCP>
#	G	D	E	R	K	N	Q	S	T	A	V	L	I	F	Y	W	H	M	C	P
0	0.04603	0.12361	0.07629	0.00880	0.04795	0.11068	0.00731	0.24063	0.07198	0.08707	0.11862	0.01200	0.01079	0.00480	0.00374	0.00114	0.00424	0.00371	0.00322	0.01738
1	0.00709	0.05074	0.03090	0.00596	0.00745	0.03982	0.01729	0.00963	0.08375	0.04702	0.46736	0.08878	0.11353	0.00766	0.00444	0.00126	0.00262	0.00663	0.00388	0.00420
2	0.00923	0.03019	0.26506	0.00867	0.01269	0.02455	0.04958	0.04055	0.12937	0.04634	0.00883	0.00955	0.00669	0.00374	0.00352	0.00100	0.00423	0.00306	0.00251	0.34063
3	0.02848	0.00466	0.00572	0.00571	0.00644	0.00481	0.00411	0.00804	0.06902	0.03965	0.18654	0.32948	0.09484	0.12260	0.00737	0.00178	0.06564	0.00788	0.00354	0.00369
4	0.00740	0.00414	0.00478	0.11626	0.00763	0.00437	0.00387	0.00936	0.00826	0.01416	0.01215	0.01422	0.00951	0.00453	0.00293	0.00098	0.00230	0.00367	0.76565	0.00379
5	0.03085	0.09742	0.08878	0.09359	0.01389	0.08196	0.11784	0.13219	0.07051	0.02562	0.05576	0.01151	0.03779	0.00436	0.00376	0.00112	0.00459	0.00367	0.00265	0.12215
6	0.00575	0.00400	0.00521	0.00517	0.00555	0.00421	0.00353	0.00644	0.00669	0.00929	0.12073	0.02225	0.01560	0.42110	0.31267	0.03498	0.00599	0.00533	0.00254	0.00296
7	0.00676	0.00585	0.00816	0.00760	0.00787	0.00744	0.00593	0.00768	0.00634	0.00926	0.01021	0.12609	0.01079	0.12606	0.29622	0.00357	0.34323	0.00507	0.00221	0.00367
8	0.00836	0.08887	0.66388	0.01165	0.01706	0.00985	0.12118	0.01252	0.00848	0.01231	0.00710	0.00851	0.00516	0.00368	0.00379	0.00123	0.00584	0.00310	0.00172	0.00573
9	0.16157	0.04324	0.13272	0.01089	0.09506	0.38339	0.03023	0.05649	0.02934	0.01285	0.00675	0.00785	0.00535	0.00394	0.00347	0.00113	0.00567	0.00278	0.00219	0.00509
10	0.00553	0.00377	0.00470	0.00508	0.00526	0.00373	0.00330	0.00591	0.00665	0.00888	0.01605	0.30935	0.01861	0.43988	0.05192	0.03279	0.00360	0.06927	0.00290	0.00281
11	0.05793	0.51397	0.05180	0.00755	0.01050	0.10063	0.03069	0.03027	0.00845	0.02688	0.00670	0.00812	0.00586	0.00712	0.11688	0.00168	0.00547	0.00264	0.00196	0.00490
12	0.01134	0.10662	0.03856	0.02063	0.07628	0.06757	0.01626	0.04503	0.04905	0.25676	0.03132	0.17046	0.06169	0.00641	0.00408	0.00126	0.00373	0.02419	0.00348	0.00527

[dist]
# distance from previous block
# <min> <max>
0	2

[block]
# block no. 5 follows, 68 sequences, length 33
# corresponding to MSA columns:
# 657-689
name=unknown_F
#
# <colnr> <probs for GDERKNQSTAVLIFYWHMCP>
#	G	D	E	R	K	N	Q	S	T	A	V	L	I	F	Y	W	H	M	C	P
0	0.00828	0.00757	0.01079	0.32850	0.11672	0.03264	0.02632	0.03531	0.00898	0.01247	0.09938	0.01175	0.00922	0.00407	0.00373	0.00106	0.00418	0.00357	0.00234	0.27312
1	0.13077	0.12508	0.32640	0.01011	0.01363	0.01070	0.09340	0.02323	0.00792	0.02951	0.00658	0.00827	0.00519	0.00438	0.00552	0.00131	0.18783	0.00304	0.00193	0.00519
2	0.02743	0.08877	0.08210	0.00868	0.01101	0.20561	0.06412	0.11231	0.06877	0.01335	0.10777	0.03612	0.01196	0.07801	0.00552	0.00144	0.02278	0.04667	0.00279	0.00480
3	0.00667	0.00518	0.00660	0.00642	0.02691	0.00490	0.00470	0.00854	0.05919	0.03216	0.01670	0.27293	0.09120	0.02349	0.15982	0.00223	0.02120	0.03990	0.00304	0.20823
4	0.00509	0.00385	0.00475	0.00525	0.00601	0.00351	0.00388	0.00616	0.00863	0.01112	0.10421	0.39618	0.28543	0.01103	0.00497	0.00152	0.00237	0.12892	0.00374	0.00337
5	0.00852	0.00732	0.00882	0.00633	0.00985	0.00570	0.02949	0.04167	0.00866	0.01338	0.00717	0.00835	0.00591	0.00302	0.00303	0.00063	0.00311	0.00247	0.00240	0.82417
6	0.01100	0.00906	0.00992	0.00821	0.03682	0.13128	0.05717	0.07320	0.05434	0.13583	0.03095	0.02857	0.03374	0.02065	0.01891	0.01114	0.00413	0.00361	0.00297	0.31850
7	0.86066	0.00803	0.00600	0.00537	0.00781	0.03568	0.00440	0.01179	0.00689	0.01753	0.00554	0.00646	0.00432	0.00369	0.00249	0.00122	0.00320	0.00216	0.00244	0.00430
8	0.00555	0.00421	0.00506	0.00478	0.00590	0.00382	0.00360	0.02610	0.01072	0.01450	0.56718	0.03181	0.28496	0.00863	0.00466	0.00127	0.00197	0.00746	0.00414	0.00369
9	0.00594	0.00410	0.00593	0.02646	0.00675	0.00459	0.00438	0.00659	0.00609	0.00855	0.01023	0.01672	0.01009	0.17666	0.53187	0.15753	0.00802	0.00437	0.00210	0.00304
10	0.03014	0.01268	0.01069	0.00904	0.01159	0.27736	0.00711	0.30572	0.23190	0.04813	0.01035	0.01026	0.00772	0.00469	0.00383	0.00118	0.00487	0.00348	0.00338	0.00589
11	0.00510	0.00367	0.00453	0.00509	0.00545	0.00345	0.00339	0.00572	0.00742	0.00969	0.02217	0.50401	0.13886	0.21781	0.00869	0.00212	0.00269	0.04370	0.00337	0.00306
12	0.01005	0.56447	0.27820	0.00822	0.01237	0.01326	0.00922	0.01238	0.00828	0.04269	0.00641	0.00727	0.00525	0.00357	0.00299	0.00099	0.00472	0.00245	0.00181	0.00540
13	0.11262	0.52684	0.07993	0.02660	0.11187	0.01291	0.00778	0.01234	0.00824	0.05997	0.00650	0.00745	0.00542	0.00357	0.00291	0.00100	0.00426	0.00250	0.00201	0.00528
14	0.00494	0.00359	0.00467	0.00542	0.00582	0.00332	0.00373	0.00579	0.00806	0.01069	0.08771	0.69358	0.09521	0.01183	0.00501	0.00157	0.00229	0.03976	0.00373	0.00329
15	0.00783	0.00711	0.01112	0.09323	0.41936	0.00716	0.00863	0.02103	0.02966	0.01205	0.01643	0.15293	0.16475	0.00647	0.00430	0.00131	0.00380	0.02518	0.00266	0.00501
16	0.01011	0.05986	0.26011	0.10788	0.19780	0.03742	0.10449	0.01323	0.02428	0.11760	0.00869	0.01053	0.00654	0.00399	0.00392	0.00123	0.00518	0.01911	0.00229	0.00572
17	0.00563	0.00416	0.00590	0.00599	0.00650	0.00467	0.00443	0.00670	0.00652	0.00920	0.02447	0.14033	0.01331	0.15859	0.56017	0.00510	0.02703	0.00554	0.00242	0.00333
18	0.61785	0.00682	0.00572	0.00509	0.00727	0.00764	0.00414	0.03204	0.00768	0.06870	0.00789	0.00880	0.00600	0.00399	0.00266	0.00116	0.00285	0.00264	0.19669	0.00438
19	0.00833	0.01129	0.24581	0.32954	0.12114	0.02002	0.07583	0.01137	0.00858	0.04057	0.03481	0.04331	0.00771	0.00443	0.00405	0.00130	0.00519	0.01952	0.00209	0.00512
20	0.03638	0.17536	0.31095	0.12541	0.11975	0.01041	0.08539	0.02327	0.02546	0.04126	0.00740	0.00895	0.00563	0.00374	0.00364	0.00118	0.00516	0.00315	0.00197	0.00553
21	0.00884	0.00907	0.03456	0.21280	0.28892	0.03051	0.13712	0.01143	0.02942	0.01194	0.05153	0.01174	0.00793	0.00450	0.00530	0.00133	0.11621	0.01954	0.00210	0.00520
22	0.39621	0.00949	0.00950	0.06653	0.14026	0.11762	0.02267	0.01353	0.11871	0.03208	0.01855	0.00904	0.00643	0.00410	0.00345	0.00123	0.02008	0.00300	0.00254	0.00498
23	0.00664	0.00487	0.00743	0.02802	0.00803	0.00477	0.09881	0.00744	0.05404	0.00970	0.04114	0.08589	0.16914	0.04991	0.02608	0.35741	0.00360	0.03139	0.00260	0.00309
24	0.00739	0.00370	0.00370	0.00370	0.00462	0.00370	0.00277	0.00924	0.00831	0.01478	0.01293	0.01478	0.01016	0.00462	0.00277	0.00092	0.00185	0.00370	0.88267	0.00370
25	0.00822	0.00705	0.00822	0.00587	0.00940	0.00529	0.00470	0.00998	0.00822	0.01292	0.00705	0.00822	0.00587	0.00294	0.00294	0.00059	0.00294	0.00235	0.00235	0.88490
26	0.00566	0.00425	0.00637	0.00637	0.00708	0.00496	0.00496	0.00708	0.00637	0.00920	0.01062	0.01558	0.00991	0.02974	0.84494	0.00637	0.01062	0.00425	0.00212	0.00354
27	0.00576	0.00386	0.00442	0.00442	0.00445	0.00389	0.00252	0.00583	0.00579	0.00776	0.01241	0.02547	0.01421	0.82271	0.05784	0.00396	0.00415	0.00570	0.00239	0.00245
28	0.00812	0.00583	0.00678	0.00652	0.00793	0.00607	0.00489	0.05962	0.25876	0.08317	0.06462	0.34286	0.09096	0.00871	0.00455	0.00143	0.00275	0.02777	0.00394	0.00470
29	0.01305	0.00618	0.00796	0.00646	0.00879	0.00568	0.00520	0.08061	0.02855	0.46428	0.25833	0.01939	0.06560	0.00615	0.00423	0.00124	0.00293	0.00516	0.00458	0.00565
30	0.00749	0.00705	0.01189	0.85113	0.02731	0.00881	0.01101	0.01013	0.00793	0.01013	0.00705	0.01057	0.00529	0.00396	0.00396	0.00132	0.00529	0.00352	0.00176	0.00440
31	0.00756	0.00697	0.01078	0.42393	0.01826	0.03317	0.06600	0.02996	0.00773	0.01019	0.00832	0.01294	0.00726	0.09790	0.18017	0.00264	0.06613	0.00395	0.00198	0.00415
32	0.01060	0.00649	0.00811	0.00754	0.00942	0.00663	0.00633	0.13917	0.10723	0.19529	0.03246	0.04489	0.01655	0.00799	0.00472	0.00152	0.00358	0.38233	0.00403	0.00511

[dist]
# distance from previous block
# <min> <max>
0	2

[block]
# block no. 6 follows, 68 sequences, length 70
# corresponding to MSA columns:
# 692-733,747-774
name=unknown_G
#
# <colnr> <probs for GDERKNQSTAVLIFYWHMCP>
#	G	D	E	R	K	N	Q	S	T	A	V	L	I	F	Y	W	H	M	C	P
0	0.00508	0.00407	0.00461	0.00490	0.00601	0.00360	0.00381	0.00625	0.00895	0.01101	0.05303	0.12836	0.55655	0.01045	0.00489	0.00147	0.00238	0.17747	0.00369	0.00341
1	0.02178	0.00800	0.00898	0.00755	0.00978	0.07844	0.04700	0.15689	0.05096	0.06983	0.01374	0.18678	0.04942	0.00695	0.02280	0.00131	0.01640	0.04359	0.00324	0.19657
2	0.00738	0.00661	0.00958	0.03527	0.00945	0.00825	0.05071	0.00838	0.00669	0.00959	0.00997	0.05101	0.01055	0.18991	0.07413	0.01337	0.39028	0.10287	0.00223	0.00377
3	0.01285	0.00536	0.00678	0.00562	0.00769	0.00484	0.00450	0.01450	0.01010	0.45965	0.05983	0.03477	0.01185	0.00515	0.00359	0.00112	0.00268	0.00422	0.33957	0.00534
4	0.01314	0.11074	0.02582	0.01029	0.01250	0.58040	0.06740	0.01464	0.02968	0.01007	0.00637	0.00767	0.00535	0.00425	0.00445	0.00110	0.08657	0.00280	0.00201	0.00474
5	0.00539	0.00409	0.00469	0.00451	0.00571	0.00357	0.00339	0.00678	0.01004	0.03177	0.38453	0.03389	0.46926	0.00908	0.00467	0.00130	0.00198	0.00775	0.00401	0.00360
6	0.00523	0.00407	0.00477	0.00468	0.00580	0.00361	0.00357	0.00669	0.01006	0.01320	0.40892	0.03459	0.41120	0.00920	0.00473	0.00133	0.00205	0.05876	0.00400	0.00355
7	0.00511	0.00403	0.00461	0.00447	0.00562	0.00353	0.00335	0.00652	0.01005	0.01312	0.40796	0.03420	0.46502	0.00914	0.00468	0.00130	0.00194	0.00781	0.00400	0.00353
8	0.00566	0.00425	0.00637	0.00637	0.00708	0.00496	0.00496	0.00708	0.00637	0.00920	0.01062	0.01558	0.00991	0.02974	0.84494	0.00637	0.01062	0.00425	0.00212	0.00354
9	0.01507	0.01111	0.01190	0.00912	0.01230	0.01230	0.00754	0.82270	0.01864	0.02499	0.00952	0.00952	0.00674	0.00476	0.00397	0.00119	0.00436	0.00357	0.00397	0.00674
10	0.00567	0.00421	0.00618	0.00618	0.00682	0.00485	0.00472	0.00696	0.00632	0.00906	0.01080	0.01655	0.01034	0.10788	0.76738	0.00613	0.00998	0.00439	0.00215	0.00343
11	0.00850	0.00842	0.01182	0.01018	0.01022	0.01174	0.00846	0.00940	0.00609	0.00952	0.00551	0.00906	0.00547	0.00823	0.05995	0.00200	0.80585	0.00351	0.00176	0.00429
12	0.00566	0.00425	0.00637	0.00637	0.00708	0.00496	0.00496	0.00708	0.00637	0.00920	0.01062	0.01558	0.00991	0.02974	0.84494	0.00637	0.01062	0.00425	0.00212	0.00354
13	0.00486	0.00349	0.00462	0.00551	0.00579	0.00325	0.00372	0.00559	0.00767	0.01018	0.02242	0.81399	0.05185	0.01231	0.00506	0.00161	0.00232	0.02884	0.00368	0.00323
14	0.00483	0.00345	0.00460	0.00552	0.00575	0.00322	0.00368	0.00552	0.00759	0.01012	0.02185	0.85807	0.02622	0.01242	0.00506	0.00161	0.00230	0.01127	0.00368	0.00322
15	0.01060	0.86304	0.02078	0.00678	0.01018	0.01569	0.00678	0.01187	0.00806	0.00933	0.00551	0.00636	0.00509	0.00339	0.00254	0.00085	0.00424	0.00212	0.00170	0.00509
16	0.00822	0.00705	0.00822	0.00587	0.00940	0.00529	0.00470	0.00998	0.00822	0.01292	0.00705	0.00822	0.00587	0.00294	0.00294	0.00059	0.00294	0.00235	0.00235	0.88490
17	0.00976	0.00936	0.01599	0.04413	0.81657	0.00941	0.01214	0.01212	0.00900	0.01289	0.00745	0.00983	0.00626	0.00354	0.00393	0.00118	0.00472	0.00353	0.00196	0.00624
18	0.00478	0.00402	0.00415	0.00411	0.00541	0.00339	0.00309	0.00587	0.00926	0.01123	0.11990	0.03730	0.75425	0.00985	0.00469	0.00133	0.00199	0.00825	0.00375	0.00339
19	0.01738	0.00733	0.04018	0.00725	0.01042	0.00606	0.00618	0.03263	0.01136	0.79418	0.01522	0.01324	0.00958	0.00486	0.00398	0.00123	0.00348	0.00394	0.00477	0.00671
20	0.03564	0.27289	0.53195	0.01000	0.01493	0.01118	0.04803	0.01233	0.00827	0.01175	0.00663	0.00781	0.00506	0.00363	0.00340	0.00114	0.00532	0.00274	0.00172	0.00556
21	0.00676	0.00587	0.00959	0.31760	0.01549	0.00631	0.09545	0.00894	0.02857	0.02516	0.15043	0.23187	0.06748	0.00717	0.00449	0.00138	0.00382	0.00656	0.00293	0.00411
22	0.00561	0.00405	0.00530	0.00499	0.00592	0.00374	0.00374	0.00748	0.01122	0.01590	0.83383	0.02962	0.03741	0.00811	0.00468	0.00125	0.00187	0.00717	0.00436	0.00374
23	0.01507	0.01111	0.01190	0.00912	0.01230	0.01230	0.00754	0.82270	0.01864	0.02499	0.00952	0.00952	0.00674	0.00476	0.00397	0.00119	0.00436	0.00357	0.00397	0.00674
24	0.01001	0.00970	0.01491	0.14340	0.62690	0.07082	0.01147	0.01227	0.00905	0.03171	0.00746	0.00980	0.00612	0.00371	0.00403	0.00120	0.01610	0.00347	0.00201	0.00587
25	0.00816	0.08742	0.77505	0.01094	0.01661	0.00972	0.01402	0.01250	0.00835	0.01230	0.00699	0.00821	0.00503	0.00374	0.00367	0.00122	0.00573	0.00287	0.00168	0.00580
26	0.00525	0.00379	0.00490	0.00550	0.00600	0.00356	0.00395	0.00624	0.00830	0.01103	0.13435	0.48006	0.09372	0.08225	0.00630	0.00176	0.00255	0.13354	0.00366	0.00330
27	0.03219	0.02944	0.01121	0.00856	0.01159	0.07486	0.00702	0.52135	0.04532	0.18509	0.01050	0.01017	0.00732	0.00467	0.00386	0.00117	0.00428	0.00352	0.00390	0.02396
28	0.00932	0.00884	0.01497	0.25389	0.56548	0.00935	0.03108	0.03698	0.00903	0.01254	0.00742	0.01004	0.00601	0.00369	0.00396	0.00122	0.00491	0.00356	0.00197	0.00575
29	0.01092	0.34656	0.14571	0.01186	0.18651	0.10528	0.00931	0.09400	0.03321	0.01242	0.00695	0.00805	0.00570	0.00375	0.00333	0.00105	0.00490	0.00281	0.00208	0.00561
30	0.02775	0.00882	0.00991	0.00778	0.01059	0.00929	0.00637	0.44935	0.05600	0.24726	0.01190	0.01148	0.00824	0.00480	0.00381	0.00118	0.00370	0.00372	0.11175	0.00631
31	0.00518	0.00403	0.00462	0.00447	0.00561	0.00354	0.00335	0.00662	0.01005	0.01325	0.41479	0.03361	0.43948	0.00901	0.00464	0.00129	0.00194	0.00770	0.02329	0.00354
32	0.00556	0.00405	0.00523	0.00493	0.00589	0.00372	0.00370	0.00738	0.01110	0.01560	0.78758	0.03011	0.08385	0.00822	0.00468	0.00125	0.00188	0.00724	0.00432	0.00372
33	0.00530	0.00404	0.00486	0.00466	0.00573	0.00361	0.00349	0.00687	0.01048	0.01414	0.56402	0.03252	0.30832	0.00876	0.00468	0.00128	0.00192	0.00758	0.00413	0.00361
34	0.00583	0.00384	0.00430	0.00430	0.00434	0.00384	0.00242	0.00591	0.00587	0.00798	0.01251	0.02549	0.01424	0.82585	0.01947	0.00373	0.00376	0.00568	0.03819	0.00246
35	0.01060	0.86304	0.02078	0.00678	0.01018	0.01569	0.00678	0.01187	0.00806	0.00933	0.00551	0.00636	0.00509	0.00339	0.00254	0.00085	0.00424	0.00212	0.00170	0.00509
36	0.00795	0.02051	0.84011	0.01130	0.01716	0.00921	0.01465	0.01256	0.00837	0.01256	0.00712	0.00837	0.00502	0.00377	0.00377	0.00126	0.00586	0.00293	0.00167	0.00586
37	0.01779	0.00675	0.00920	0.00705	0.01012	0.00583	0.00583	0.01932	0.01135	0.83867	0.01564	0.01350	0.00981	0.00491	0.00399	0.00123	0.00337	0.00399	0.00491	0.00675
38	0.00867	0.00867	0.01214	0.01041	0.01041	0.01214	0.00867	0.00954	0.00607	0.00954	0.00520	0.00867	0.00520	0.00694	0.01301	0.00173	0.85340	0.00347	0.00173	0.00434
39	0.01481	0.01890	0.01124	0.01021	0.01226	0.84474	0.00766	0.01583	0.01124	0.00970	0.00613	0.00715	0.00511	0.00409	0.00358	0.00102	0.00715	0.00255	0.00204	0.00460
40	0.00469	0.00402	0.00402	0.00402	0.00536	0.00335	0.00301	0.00569	0.00904	0.01071	0.04017	0.03816	0.83432	0.01004	0.00469	0.00134	0.00201	0.00837	0.00368	0.00335
41	0.01060	0.86304	0.02078	0.00678	0.01018	0.01569	0.00678	0.01187	0.00806	0.00933	0.00551	0.00636	0.00509	0.00339	0.00254	0.00085	0.00424	0.00212	0.00170	0.00509
42	0.01481	0.01890	0.01124	0.01021	0.01226	0.84474	0.00766	0.01583	0.01124	0.00970	0.00613	0.00715	0.00511	0.00409	0.00358	0.00102	0.00715	0.00255	0.00204	0.00460
43	0.00561	0.00405	0.00530	0.00499	0.00592	0.00374	0.00374	0.00748	0.01122	0.01590	0.83383	0.02962	0.03741	0.00811	0.00468	0.00125	0.00187	0.00717	0.00436	0.00374
44	0.00739	0.00370	0.00370	0.00370	0.00462	0.00370	0.00277	0.00924	0.00831	0.01478	0.01293	0.01478	0.01016	0.00462	0.00277	0.00092	0.00185	0.00370	0.88267	0.00370
45	0.00481	0.00409	0.00415	0.00412	0.00546	0.00347	0.00310	0.00601	0.02245	0.01102	0.07204	0.03743	0.78855	0.00989	0.00468	0.00134	0.00202	0.00826	0.00372	0.00341
46	0.00905	0.37047	0.49978	0.00942	0.01426	0.01190	0.01138	0.01227	0.00824	0.01122	0.00645	0.00754	0.00505	0.00361	0.00326	0.00109	0.00519	0.00259	0.00168	0.00554
47	0.01518	0.01093	0.01179	0.00904	0.01221	0.01203	0.00747	0.79002	0.01835	0.05809	0.00977	0.00968	0.00687	0.00477	0.00397	0.00119	0.00432	0.00359	0.00400	0.00674
48	0.00560	0.00400	0.00548	0.00640	0.00696	0.00388	0.00501	0.00685	0.00835	0.01098	0.02143	0.45745	0.02455	0.01170	0.00527	0.00172	0.00297	0.40432	0.00367	0.00343
49	0.01507	0.01111	0.01190	0.00912	0.01230	0.01230	0.00754	0.82270	0.01864	0.02499	0.00952	0.00952	0.00674	0.00476	0.00397	0.00119	0.00436	0.00357	0.00397	0.00674
50	0.00572	0.00430	0.00525	0.00519	0.00615	0.00406	0.00381	0.03208	0.04424	0.01385	0.43182	0.22836	0.18174	0.00929	0.00472	0.00135	0.00213	0.00815	0.00405	0.00374
51	0.01104	0.40473	0.01656	0.03154	0.19361	0.13295	0.00823	0.01321	0.06374	0.03708	0.00709	0.00825	0.00599	0.00390	0.00370	0.00105	0.04710	0.00281	0.00207	0.00536
52	0.00475	0.00376	0.00428	0.00471	0.00554	0.00329	0.00332	0.00561	0.00838	0.01044	0.03178	0.41357	0.46431	0.01113	0.00486	0.00146	0.00214	0.00970	0.00368	0.00329
53	0.01148	0.01082	0.00978	0.00861	0.01094	0.16776	0.00670	0.12576	0.56766	0.01639	0.01338	0.01266	0.01008	0.00505	0.00394	0.00126	0.00406	0.00400	0.00365	0.00602
54	0.00923	0.04124	0.12148	0.39870	0.15071	0.10337	0.05060	0.03662	0.02902	0.01155	0.00731	0.00971	0.00563	0.00389	0.00387	0.00124	0.00543	0.00337	0.00195	0.00510
55	0.00915	0.29111	0.03350	0.35659	0.09639	0.03634	0.00906	0.02289	0.00837	0.01065	0.00659	0.00872	0.00538	0.00365	0.00338	0.00107	0.00472	0.00291	0.00185	0.08768
56	0.00941	0.00777	0.00810	0.00743	0.00926	0.05978	0.00583	0.12544	0.33370	0.03573	0.09015	0.10605	0.06977	0.00717	0.00438	0.00138	0.00335	0.10628	0.00384	0.00519
57	0.00532	0.00372	0.00477	0.00540	0.00595	0.00341	0.00378	0.00619	0.00814	0.03687	0.05445	0.63543	0.15047	0.01159	0.00497	0.00155	0.00234	0.04852	0.00374	0.00339
58	0.00937	0.40721	0.15560	0.16970	0.14825	0.01210	0.00977	0.01164	0.00826	0.01065	0.00665	0.00871	0.00561	0.00372	0.00329	0.00108	0.00478	0.01658	0.00178	0.00526
59	0.02996	0.00821	0.01307	0.42527	0.31821	0.00920	0.01072	0.08724	0.00941	0.01291	0.03327	0.01069	0.00677	0.00401	0.00394	0.00125	0.00483	0.00361	0.00214	0.00528
60	0.03192	0.00686	0.00829	0.00659	0.00914	0.00660	0.00537	0.17216	0.01193	0.45871	0.01443	0.01364	0.03499	0.00495	0.00371	0.00116	0.00318	0.00394	0.19650	0.00592
61	0.01098	0.00907	0.01153	0.00934	0.01187	0.03559	0.13508	0.20225	0.31188	0.06413	0.03200	0.04038	0.03537	0.00609	0.03158	0.00146	0.02306	0.00457	0.01799	0.00579
62	0.07208	0.00962	0.05690	0.27334	0.14089	0.09005	0.05770	0.02275	0.08541	0.12214	0.00928	0.02700	0.00704	0.00427	0.00388	0.00125	0.00482	0.00367	0.00257	0.00532
63	0.38558	0.01263	0.03533	0.00785	0.01039	0.31406	0.00637	0.12868	0.01030	0.04619	0.00674	0.00746	0.00517	0.00403	0.00318	0.00115	0.00484	0.00259	0.00259	0.00489
64	0.00908	0.00473	0.00606	0.00559	0.00709	0.00417	0.00423	0.01030	0.00972	0.27646	0.15909	0.26978	0.20020	0.00878	0.00457	0.00137	0.00251	0.00762	0.00419	0.00446
65	0.01123	0.08694	0.12832	0.01080	0.01368	0.33091	0.16058	0.04587	0.02865	0.01171	0.04603	0.02228	0.00762	0.00484	0.01699	0.00126	0.05050	0.01459	0.00222	0.00498
66	0.01136	0.00988	0.01048	0.01038	0.11574	0.16794	0.03337	0.09877	0.18093	0.11059	0.07173	0.07170	0.02275	0.01682	0.01874	0.00137	0.03419	0.00454	0.00328	0.00543
67	0.00507	0.00352	0.00470	0.00553	0.00583	0.00328	0.00372	0.00581	0.00777	0.02425	0.04717	0.81792	0.02630	0.01216	0.00503	0.00159	0.00230	0.01102	0.00372	0.00330
68	0.10751	0.09203	0.39358	0.01052	0.03064	0.04635	0.10192	0.07691	0.02741	0.06595	0.00778	0.00877	0.00568	0.00387	0.00364	0.00121	0.00520	0.00311	0.00226	0.00565
69	0.00995	0.04328	0.18026	0.11316	0.31269	0.07505	0.06793	0.03122	0.07573	0.04075	0.00823	0.00986	0.00636	0.00388	0.00388	0.00121	0.00514	0.00346	0.00219	0.00576

[dist]
# distance from previous block
# <min> <max>
4	6

[block]
# block no. 7 follows, 68 sequences, length 24
# corresponding to MSA columns:
# 782-805
name=unknown_H
#
# <colnr> <probs for GDERKNQSTAVLIFYWHMCP>
#	G	D	E	R	K	N	Q	S	T	A	V	L	I	F	Y	W	H	M	C	P
0	0.00599	0.00428	0.00537	0.00559	0.00667	0.00394	0.00449	0.00749	0.00960	0.04319	0.22884	0.09149	0.27656	0.00984	0.00495	0.00150	0.00260	0.28006	0.00389	0.00367
1	0.00906	0.00865	0.01474	0.29164	0.57450	0.00922	0.01179	0.01151	0.00867	0.01204	0.00733	0.01006	0.00596	0.00367	0.00394	0.00122	0.00490	0.00353	0.00190	0.00567
2	0.00980	0.06435	0.35417	0.04608	0.13441	0.00999	0.12454	0.12647	0.03196	0.03460	0.00852	0.00981	0.01930	0.00397	0.00391	0.00123	0.00528	0.00348	0.00226	0.00586
3	0.02447	0.08556	0.06344	0.02940	0.01076	0.02600	0.04586	0.10184	0.26343	0.07280	0.18485	0.01638	0.04718	0.00556	0.00403	0.00124	0.00356	0.00466	0.00356	0.00542
4	0.01081	0.82051	0.02030	0.00696	0.01028	0.05746	0.00683	0.01207	0.00822	0.00935	0.00554	0.00640	0.00509	0.00343	0.00260	0.00086	0.00439	0.00214	0.00171	0.00506
