[name]
unknown

[dist]
# distance from previous block
# <min> <max>
11	202

[block]
# block no. 0 follows, 67 sequences, length 10
# corresponding to MSA columns:
# 223-232
name=unknown_A
#
# <colnr> <probs for GDERKNQSTAVLIFYWHMCP>
#	G	D	E	R	K	N	Q	S	T	A	V	L	I	F	Y	W	H	M	C	P
0	0.05167	0.06322	0.11048	0.09523	0.14047	0.02441	0.15752	0.05467	0.03006	0.05634	0.05652	0.02324	0.02982	0.00519	0.02942	0.00138	0.01819	0.00400	0.00249	0.04567
1	0.03997	0.02588	0.09239	0.02390	0.09067	0.04471	0.00727	0.11298	0.18850	0.01493	0.01280	0.06167	0.07166	0.00509	0.00380	0.00114	0.00381	0.00418	0.00299	0.19164
2	0.02371	0.00559	0.00697	0.02056	0.00771	0.00590	0.00480	0.05941	0.05382	0.12234	0.19611	0.06964	0.06804	0.14853	0.07068	0.01998	0.07767	0.00566	0.02864	0.00425
3	0.00636	0.00482	0.00651	0.00630	0.00688	0.00555	0.00468	0.03188	0.03036	0.00965	0.01131	0.04249	0.01135	0.24732	0.48991	0.00498	0.06896	0.00484	0.00235	0.00350
4	0.00727	0.00438	0.00569	0.00579	0.00670	0.00414	0.00424	0.00880	0.03911	0.12273	0.18956	0.39291	0.02460	0.06538	0.00582	0.00164	0.00262	0.07515	0.02952	0.00396
5	0.44127	0.00911	0.00856	0.00704	0.00975	0.01030	0.00577	0.34936	0.06002	0.02085	0.00817	0.00861	0.00605	0.00431	0.00322	0.00122	0.00361	0.00297	0.03433	0.00547
6	0.00685	0.00356	0.00515	0.00515	0.00529	0.00357	0.00350	0.00558	0.00562	0.00770	0.00880	0.01354	0.03924	0.01399	0.05272	0.75658	0.00367	0.00373	0.05378	0.00201
7	0.01121	0.20098	0.01152	0.00740	0.00984	0.05914	0.00622	0.17363	0.15683	0.08577	0.06474	0.01500	0.04021	0.00621	0.03236	0.00136	0.00402	0.05067	0.05745	0.00543
8	0.49902	0.00942	0.11517	0.03722	0.01088	0.00859	0.06975	0.02940	0.03584	0.01613	0.05553	0.00947	0.00720	0.01969	0.00346	0.00127	0.00380	0.00302	0.00251	0.06262
9	0.10537	0.00738	0.05658	0.11551	0.01131	0.03365	0.03525	0.03865	0.05605	0.01224	0.01472	0.04306	0.09441	0.10663	0.06831	0.00210	0.04233	0.14948	0.00278	0.00419

[dist]
# distance from previous block
# <min> <max>
4	37

[block]
# block no. 1 follows, 67 sequences, length 12
# corresponding to MSA columns:
# 272-283
name=unknown_B
#
# <colnr> <probs for GDERKNQSTAVLIFYWHMCP>
#	G	D	E	R	K	N	Q	S	T	A	V	L	I	F	Y	W	H	M	C	P
0	0.02982	0.00832	0.07123	0.04353	0.03508	0.02403	0.00662	0.17986	0.12949	0.04297	0.25655	0.05300	0.05838	0.00647	0.00445	0.00130	0.01843	0.02163	0.00369	0.00515
1	0.00642	0.00420	0.00521	0.00507	0.00611	0.00378	0.00371	0.00771	0.00973	0.08783	0.35137	0.20210	0.21901	0.06240	0.00573	0.00152	0.00228	0.00802	0.00403	0.00377
2	0.09111	0.03356	0.55481	0.01015	0.01474	0.06543	0.04057	0.01225	0.00855	0.01294	0.00837	0.03528	0.00680	0.00445	0.00376	0.00127	0.00534	0.04221	0.04304	0.00537
3	0.00494	0.00399	0.00441	0.00460	0.00570	0.00346	0.00342	0.00602	0.00907	0.01123	0.10224	0.18429	0.57765	0.01047	0.00485	0.00142	0.00216	0.05288	0.00378	0.00341
4	0.03591	0.29320	0.01412	0.00855	0.01108	0.34368	0.00713	0.13029	0.01086	0.01241	0.00680	0.00779	0.00566	0.00416	0.00372	0.00104	0.04644	0.00268	0.04942	0.00506
5	0.06414	0.00789	0.02860	0.17370	0.01372	0.02145	0.02592	0.04877	0.06824	0.16089	0.00951	0.01050	0.00706	0.00493	0.03572	0.00124	0.00413	0.00325	0.00289	0.30743
6	0.00955	0.00881	0.06028	0.03093	0.03173	0.00843	0.19013	0.09357	0.18006	0.07349	0.08291	0.07263	0.08681	0.00592	0.00482	0.00135	0.04463	0.00531	0.00329	0.00536
7	0.00603	0.00405	0.00514	0.00539	0.00595	0.00393	0.00369	0.00712	0.03019	0.05014	0.11561	0.39545	0.06167	0.20387	0.08066	0.00247	0.00341	0.00836	0.00345	0.00342
8	0.28452	0.00731	0.00828	0.00666	0.00946	0.00724	0.00546	0.07759	0.01046	0.48974	0.01246	0.04537	0.00865	0.00488	0.00360	0.00125	0.00335	0.00373	0.00408	0.00592
9	0.04587	0.01043	0.10753	0.19026	0.11903	0.03851	0.13547	0.09400	0.08409	0.06455	0.00943	0.02993	0.00738	0.00450	0.00430	0.00131	0.02544	0.01987	0.00258	0.00552
10	0.05169	0.02184	0.09259	0.05009	0.15740	0.03936	0.00826	0.14858	0.12537	0.06617	0.05388	0.04320	0.05877	0.01769	0.00470	0.00132	0.04610	0.00435	0.00307	0.00558
11	0.04114	0.00417	0.00558	0.00587	0.00655	0.00410	0.02849	0.00655	0.00782	0.01077	0.05698	0.45595	0.10948	0.06754	0.12288	0.00239	0.00379	0.05319	0.00335	0.00342

[dist]
# distance from previous block
# <min> <max>
4	7

[block]
# block no. 2 follows, 67 sequences, length 9
# corresponding to MSA columns:
# 292-300
name=unknown_C
#
# <colnr> <probs for GDERKNQSTAVLIFYWHMCP>
#	G	D	E	R	K	N	Q	S	T	A	V	L	I	F	Y	W	H	M	C	P
0	0.02878	0.18123	0.13729	0.01138	0.05109	0.02542	0.24432	0.04901	0.03772	0.06547	0.03580	0.01204	0.02280	0.00434	0.00406	0.00121	0.01696	0.03545	0.00245	0.03318
1	0.00861	0.00974	0.12517	0.06669	0.17294	0.03463	0.16255	0.01149	0.05016	0.04499	0.03898	0.10905	0.06629	0.02889	0.02049	0.00146	0.00476	0.00511	0.00259	0.03542
2	0.04714	0.00433	0.00518	0.00489	0.00606	0.00401	0.00370	0.00789	0.01044	0.04728	0.53514	0.05611	0.19450	0.00823	0.00452	0.00127	0.00205	0.00710	0.04633	0.00383
3	0.04930	0.11889	0.05383	0.03327	0.04591	0.04823	0.00636	0.11125	0.12329	0.01341	0.03891	0.08188	0.04209	0.14131	0.02209	0.00178	0.00408	0.05645	0.00296	0.00473
4	0.00636	0.00424	0.00516	0.00518	0.00620	0.00389	0.00380	0.00786	0.03138	0.07421	0.23008	0.26475	0.23198	0.03664	0.00521	0.00148	0.00232	0.03293	0.04256	0.00378
5	0.04184	0.00948	0.03471	0.11712	0.12944	0.07634	0.03101	0.18436	0.08773	0.08225	0.04335	0.02819	0.03133	0.02302	0.03759	0.00152	0.01715	0.01501	0.00305	0.00551
6	0.00598	0.00516	0.02908	0.00589	0.00737	0.00427	0.03997	0.00734	0.00860	0.01166	0.09412	0.26876	0.21688	0.05166	0.00533	0.00145	0.00277	0.06348	0.02831	0.14190
7	0.03480	0.00665	0.00888	0.04269	0.08353	0.02451	0.03184	0.02629	0.00871	0.05823	0.10523	0.08281	0.11375	0.00674	0.00624	0.00136	0.20650	0.00521	0.14163	0.00441
8	0.00855	0.03447	0.03350	0.09153	0.07818	0.03110	0.02092	0.08265	0.04517	0.03208	0.05875	0.15173	0.08533	0.02034	0.00610	0.00143	0.15216	0.02348	0.00289	0.03964

[dist]
# distance from previous block
# <min> <max>
0	2

[block]
# block no. 3 follows, 67 sequences, length 19
# corresponding to MSA columns:
# 303-321
name=unknown_D
#
# <colnr> <probs for GDERKNQSTAVLIFYWHMCP>
#	G	D	E	R	K	N	Q	S	T	A	V	L	I	F	Y	W	H	M	C	P
0	0.09138	0.25810	0.16171	0.02963	0.02599	0.10617	0.08755	0.03113	0.00870	0.02357	0.00672	0.00817	0.00546	0.00404	0.00427	0.00115	0.08714	0.00290	0.02695	0.02927
1	0.02378	0.03999	0.02943	0.00683	0.00889	0.08528	0.03006	0.03058	0.05088	0.07816	0.28750	0.08040	0.01953	0.02637	0.00450	0.00123	0.00334	0.03494	0.00346	0.15487
2	0.00893	0.04330	0.00977	0.08046	0.03212	0.00740	0.04876	0.10371	0.07978	0.03919	0.09409	0.07267	0.02571	0.02371	0.03229	0.02183	0.02999	0.00449	0.04600	0.19580
3	0.00920	0.00835	0.07011	0.00807	0.03924	0.02004	0.02427	0.22904	0.05401	0.01614	0.15482	0.08521	0.07436	0.04809	0.03501	0.00156	0.01859	0.02419	0.00340	0.07629
4	0.01096	0.00540	0.00674	0.00593	0.00769	0.00505	0.00459	0.05932	0.02700	0.31510	0.10337	0.19226	0.05760	0.00709	0.00413	0.00127	0.00271	0.00606	0.17273	0.00499
5	0.00950	0.02091	0.08772	0.05432	0.16172	0.04329	0.08609	0.04556	0.15730	0.03810	0.01200	0.01343	0.07722	0.01993	0.02524	0.00151	0.13391	0.00422	0.00263	0.00540
6	0.00993	0.01248	0.20259	0.08077	0.07930	0.03734	0.20575	0.09965	0.20213	0.01475	0.00981	0.01094	0.00731	0.00420	0.00414	0.00130	0.00523	0.00391	0.00262	0.00587
7	0.00584	0.00413	0.00520	0.00496	0.00598	0.00375	0.00369	0.00747	0.01067	0.03888	0.61314	0.07881	0.16901	0.02451	0.00503	0.00135	0.00202	0.00758	0.00424	0.00375
8	0.00960	0.03563	0.20528	0.00886	0.01120	0.16642	0.00824	0.04948	0.05498	0.03564	0.00938	0.06761	0.00851	0.07694	0.08976	0.03924	0.11216	0.00404	0.00235	0.00469
9	0.00577	0.00420	0.00522	0.00506	0.00608	0.00387	0.00376	0.00763	0.03452	0.03055	0.54554	0.13240	0.18251	0.00895	0.00475	0.00133	0.00204	0.00784	0.00420	0.00378
10	0.00923	0.01660	0.56605	0.01041	0.02659	0.00911	0.01202	0.05513	0.13876	0.06590	0.01072	0.01117	0.04153	0.00446	0.00392	0.00128	0.00508	0.00355	0.00248	0.00599
11	0.00896	0.00711	0.00838	0.00602	0.00955	0.00538	0.00483	0.01073	0.00853	0.06813	0.00771	0.00867	0.00621	0.00310	0.00304	0.00064	0.00300	0.00249	0.00255	0.82497
12	0.03695	0.00652	0.06833	0.03791	0.00866	0.04487	0.01542	0.02967	0.02056	0.07250	0.13054	0.42944	0.02123	0.00906	0.00458	0.00144	0.00312	0.02569	0.02940	0.00412
13	0.03931	0.00973	0.01032	0.00853	0.01125	0.01096	0.00685	0.38173	0.41766	0.04026	0.01296	0.01227	0.00950	0.00509	0.00400	0.00128	0.00374	0.00403	0.00402	0.00651
14	0.01329	0.01000	0.06639	0.00870	0.01192	0.03015	0.06209	0.35610	0.01373	0.19254	0.05128	0.01214	0.02322	0.02368	0.00433	0.00122	0.00419	0.00388	0.00367	0.10749
15	0.01107	0.42172	0.07338	0.00988	0.07906	0.07931	0.06024	0.07087	0.03834	0.04573	0.01748	0.00865	0.00640	0.00463	0.02504	0.00120	0.03642	0.00296	0.00221	0.00542
16	0.01056	0.83356	0.02054	0.00685	0.01019	0.01552	0.00680	0.01185	0.00809	0.00943	0.00574	0.00674	0.00531	0.00430	0.02995	0.00104	0.00450	0.00221	0.00173	0.00510
17	0.00692	0.00371	0.00563	0.05850	0.00666	0.00382	0.00398	0.00556	0.00550	0.00731	0.00762	0.04772	0.00769	0.01325	0.01449	0.79048	0.00355	0.00382	0.00183	0.00198
18	0.00831	0.10550	0.75589	0.01097	0.01665	0.00997	0.01402	0.01263	0.00844	0.01237	0.00703	0.00826	0.00509	0.00377	0.00369	0.00123	0.00576	0.00288	0.00170	0.00585

[dist]
# distance from previous block
# <min> <max>
0	4

[block]
# block no. 4 follows, 67 sequences, length 10
# corresponding to MSA columns:
# 326-335
name=unknown_E
#
# <colnr> <probs for GDERKNQSTAVLIFYWHMCP>
#	G	D	E	R	K	N	Q	S	T	A	V	L	I	F	Y	W	H	M	C	P
0	0.00516	0.00420	0.00483	0.03591	0.00669	0.00377	0.00390	0.00639	0.00918	0.01138	0.10606	0.10781	0.55865	0.01008	0.00485	0.00143	0.00238	0.11012	0.00371	0.00349
1	0.00560	0.00414	0.00489	0.00516	0.00612	0.00378	0.00376	0.00704	0.04172	0.03798	0.10195	0.35254	0.35154	0.01060	0.00487	0.00147	0.00230	0.04708	0.00384	0.00362
2	0.00864	0.09146	0.61786	0.01132	0.01652	0.00989	0.09372	0.04488	0.00899	0.01291	0.00784	0.01013	0.00602	0.00408	0.00388	0.00126	0.00571	0.03722	0.00191	0.00575
3	0.06545	0.00566	0.00695	0.04947	0.03997	0.02741	0.01513	0.05637	0.03229	0.08352	0.04543	0.44800	0.06968	0.00923	0.00459	0.00146	0.00305	0.02854	0.00357	0.00421
4	0.01233	0.01355	0.01267	0.01071	0.01231	0.35563	0.06515	0.13039	0.01038	0.01221	0.00649	0.00840	0.00551	0.00525	0.00729	0.00135	0.32000	0.00323	0.00223	0.00492
5	0.03203	0.00799	0.00926	0.00734	0.01013	0.04269	0.00597	0.17799	0.04981	0.46956	0.05696	0.01411	0.03743	0.00519	0.00398	0.00121	0.00357	0.00414	0.03732	0.02333
6	0.01117	0.02095	0.15294	0.04007	0.01317	0.07864	0.08895	0.19296	0.05094	0.10632	0.08672	0.02622	0.02065	0.00533	0.00418	0.00127	0.00463	0.06293	0.00322	0.02875
7	0.00865	0.00748	0.04217	0.12197	0.09668	0.03848	0.00688	0.11835	0.01900	0.03871	0.03481	0.07996	0.03556	0.17383	0.09975	0.03078	0.03493	0.00490	0.00268	0.00442
8	0.00514	0.00378	0.00462	0.00500	0.00555	0.00347	0.00341	0.00602	0.00837	0.01106	0.17189	0.41812	0.18906	0.13688	0.00724	0.00184	0.00242	0.00923	0.00366	0.00326
9	0.00901	0.01515	0.39487	0.05385	0.05029	0.00979	0.34523	0.04950	0.00936	0.01323	0.00770	0.00965	0.00563	0.00368	0.00421	0.00130	0.00613	0.00377	0.00195	0.00570

[dist]
# distance from previous block
# <min> <max>
0	1

[block]
# block no. 5 follows, 67 sequences, length 14
# corresponding to MSA columns:
# 337-350
name=unknown_F
#
# <colnr> <probs for GDERKNQSTAVLIFYWHMCP>
#	G	D	E	R	K	N	Q	S	T	A	V	L	I	F	Y	W	H	M	C	P
0	0.06522	0.23172	0.07332	0.01847	0.01969	0.09392	0.05840	0.10293	0.03973	0.05796	0.01144	0.15392	0.03440	0.00573	0.00377	0.00121	0.00432	0.01603	0.00277	0.00505
1	0.04729	0.02549	0.08845	0.07568	0.08741	0.28495	0.08196	0.06283	0.06059	0.01237	0.00820	0.00983	0.02060	0.00561	0.04358	0.00147	0.07292	0.00339	0.00226	0.00511
2	0.00510	0.00381	0.00469	0.00527	0.00589	0.00349	0.00375	0.00601	0.00828	0.01067	0.05830	0.46701	0.24598	0.06081	0.00593	0.00169	0.00246	0.09386	0.00367	0.00331
3	0.00494	0.00360	0.00466	0.00545	0.00584	0.00332	0.00372	0.00573	0.00799	0.01052	0.04823	0.72104	0.11498	0.01213	0.00508	0.00159	0.00232	0.03181	0.00374	0.00330
4	0.03558	0.18386	0.04563	0.03918	0.03220	0.09795	0.04245	0.24121	0.01126	0.01472	0.03422	0.01077	0.00766	0.06603	0.05034	0.00165	0.07399	0.00349	0.00261	0.00522
5	0.00943	0.01072	0.02314	0.01661	0.02048	0.01024	0.78188	0.01270	0.00931	0.01270	0.00798	0.01072	0.00605	0.00355	0.00512	0.00137	0.04595	0.00468	0.00202	0.00536
6	0.00739	0.00594	0.00639	0.00597	0.00755	0.02131	0.00455	0.02559	0.26037	0.04330	0.16022	0.07704	0.31473	0.00878	0.03129	0.00151	0.00284	0.00675	0.00392	0.00456
7	0.00801	0.00755	0.01280	0.73840	0.07786	0.00910	0.04603	0.03262	0.00845	0.01095	0.00727	0.01062	0.00548	0.00398	0.00404	0.00132	0.00535	0.00362	0.00187	0.00468
8	0.00854	0.00471	0.00574	0.00514	0.00671	0.00416	0.00396	0.00999	0.01021	0.21626	0.26998	0.04986	0.28328	0.02688	0.00477	0.00133	0.00237	0.00665	0.07513	0.00436
9	0.00733	0.00439	0.00578	0.00546	0.00658	0.00401	0.00409	0.00888	0.01044	0.13417	0.50361	0.17639	0.05020	0.03295	0.00517	0.00142	0.00230	0.02846	0.00428	0.00408
10	0.01023	0.00802	0.00950	0.00895	0.08808	0.05226	0.02057	0.10733	0.13992	0.08539	0.04142	0.01355	0.00978	0.10675	0.03406	0.05408	0.04069	0.00394	0.00302	0.16245
11	0.00958	0.00984	0.04154	0.01084	0.15447	0.15673	0.03727	0.06359	0.06753	0.01335	0.08941	0.14708	0.01271	0.00566	0.00402	0.00115	0.00420	0.00488	0.00285	0.16331
12	0.21999	0.11524	0.03761	0.04740	0.05870	0.16731	0.02462	0.03293	0.04098	0.03111	0.00700	0.00813	0.00562	0.00384	0.00347	0.00106	0.02759	0.00271	0.00233	0.16237
13	0.03533	0.01038	0.04318	0.07495	0.03380	0.09123	0.30106	0.08457	0.03582	0.16950	0.03015	0.03539	0.00819	0.00448	0.00444	0.00129	0.02351	0.00427	0.00291	0.00557

[dist]
# distance from previous block
# <min> <max>
0	14

[block]
# block no. 6 follows, 67 sequences, length 8
# corresponding to MSA columns:
# 365-372
name=unknown_G
#
# <colnr> <probs for GDERKNQSTAVLIFYWHMCP>
#	G	D	E	R	K	N	Q	S	T	A	V	L	I	F	Y	W	H	M	C	P
0	0.00517	0.00377	0.00455	0.00502	0.00548	0.00351	0.00337	0.00584	0.00770	0.01001	0.05006	0.42827	0.18856	0.22046	0.00881	0.00213	0.00269	0.03807	0.00343	0.00311
1	0.00778	0.07225	0.00787	0.00592	0.00807	0.00615	0.00467	0.02864	0.12369	0.04229	0.14839	0.11355	0.16321	0.00667	0.00400	0.00112	0.00273	0.00564	0.00341	0.24396
2	0.00637	0.00403	0.00482	0.00473	0.00567	0.00374	0.00346	0.00785	0.00956	0.04752	0.34619	0.13991	0.13448	0.05706	0.00522	0.00140	0.00214	0.00696	0.20518	0.00369
3	0.00752	0.00488	0.00707	0.00692	0.02944	0.00554	0.00498	0.00747	0.00621	0.05597	0.00871	0.01377	0.00829	0.08162	0.24189	0.36980	0.13078	0.00393	0.00210	0.00311
4	0.00564	0.00421	0.00535	0.00532	0.00633	0.00379	0.00397	0.00713	0.00981	0.01352	0.42090	0.23395	0.11896	0.00932	0.00476	0.00136	0.00223	0.06962	0.00396	0.06986
5	0.06841	0.16844	0.07405	0.00904	0.01189	0.09547	0.06998	0.22583	0.04291	0.01523	0.00889	0.04326	0.00760	0.00578	0.03394	0.00139	0.05365	0.03457	0.00271	0.02695
6	0.07110	0.07162	0.02930	0.07118	0.10138	0.13718	0.10848	0.05161	0.00949	0.04246	0.00805	0.00946	0.02353	0.00383	0.00373	0.00104	0.01919	0.00317	0.00234	0.23187
7	0.10105	0.02341	0.01037	0.07407	0.04069	0.02141	0.09045	0.09667	0.16887	0.01437	0.04046	0.08044	0.07372	0.05132	0.00568	0.00150	0.06839	0.02920	0.00305	0.00491

[dist]
# distance from previous block
# <min> <max>
0	3

[block]
# block no. 7 follows, 67 sequences, length 13
# corresponding to MSA columns:
# 376-381,389-395
name=unknown_H
#
# <colnr> <probs for GDERKNQSTAVLIFYWHMCP>
#	G	D	E	R	K	N	Q	S	T	A	V	L	I	F	Y	W	H	M	C	P
0	0.00851	0.00682	0.00856	0.03884	0.03560	0.00750	0.02836	0.14720	0.14350	0.01497	0.16455	0.05536	0.07274	0.07065	0.08501	0.00200	0.06643	0.00536	0.03332	0.00474
1	0.00979	0.00524	0.00639	0.00557	0.00739	0.00474	0.00435	0.03341	0.03670	0.27487	0.20157	0.06073	0.25966	0.00752	0.00436	0.00128	0.00254	0.00635	0.06275	0.00477
2	0.00969	0.00912	0.01239	0.15960	0.24244	0.10097	0.06447	0.05379	0.05978	0.03511	0.02226	0.01241	0.00803	0.07456	0.09230	0.00200	0.02970	0.00393	0.00236	0.00511
3	0.00515	0.00385	0.00434	0.00459	0.00527	0.00349	0.00310	0.00588	0.00796	0.01018	0.05118	0.26682	0.35789	0.21831	0.00863	0.00204	0.00256	0.00849	0.02714	0.00314
4	0.00818	0.00778	0.01267	0.24212	0.21429	0.02406	0.13046	0.01107	0.06471	0.01217	0.03283	0.08051	0.09367	0.00534	0.00423	0.00131	0.00450	0.00500	0.04015	0.00494
5	0.00554	0.00433	0.00508	0.00479	0.00603	0.00386	0.00361	0.00735	0.03266	0.01399	0.47665	0.03199	0.33789	0.00866	0.00465	0.00127	0.00202	0.00745	0.00406	0.03810
6	0.04734	0.16122	0.02490	0.00944	0.11171	0.04608	0.03882	0.01356	0.19782	0.06584	0.15421	0.04837	0.05326	0.00556	0.00391	0.00121	0.00364	0.00467	0.00320	0.00525
7	0.02351	0.12169	0.02966	0.11476	0.13441	0.02387	0.03594	0.31245	0.03727	0.08046	0.01974	0.01048	0.00724	0.02596	0.00424	0.00125	0.00454	0.00356	0.00302	0.00594
8	0.00575	0.00418	0.00506	0.00537	0.00621	0.00391	0.00382	0.00744	0.06563	0.03922	0.13106	0.46323	0.22282	0.01066	0.00487	0.00148	0.00229	0.00942	0.00388	0.00369
9	0.06154	0.07301	0.12562	0.01748	0.04176	0.04691	0.03411	0.08275	0.08840	0.03552	0.13402	0.07662	0.09079	0.02950	0.00457	0.00136	0.00384	0.04416	0.00315	0.00490
10	0.00869	0.00763	0.00837	0.00621	0.00952	0.04151	0.00494	0.03813	0.03008	0.01345	0.03197	0.01011	0.03465	0.00354	0.00317	0.00070	0.00315	0.00283	0.00257	0.73880
11	0.07888	0.02285	0.14798	0.02085	0.04730	0.03656	0.04600	0.12411	0.06686	0.19373	0.00982	0.01017	0.00705	0.00428	0.00406	0.00116	0.03610	0.00336	0.00309	0.13582
12	0.01104	0.11115	0.01031	0.00757	0.02272	0.04304	0.01930	0.15581	0.07787	0.14710	0.07367	0.10676	0.01322	0.04925	0.00484	0.00135	0.00368	0.05338	0.00350	0.08444

[dist]
# distance from previous block
# <min> <max>
5	25

[block]
# block no. 8 follows, 67 sequences, length 14
# corresponding to MSA columns:
# 421-427,429-435
name=unknown_I
#
# <colnr> <probs for GDERKNQSTAVLIFYWHMCP>
#	G	D	E	R	K	N	Q	S	T	A	V	L	I	F	Y	W	H	M	C	P
0	0.03767	0.04454	0.30287	0.01004	0.04869	0.02485	0.04679	0.16738	0.09241	0.05946	0.04890	0.02973	0.00893	0.03080	0.00440	0.00132	0.00465	0.00384	0.02698	0.00575
1	0.01037	0.07000	0.11321	0.05043	0.01316	0.11327	0.09124	0.01448	0.17576	0.07305	0.01000	0.01068	0.02024	0.00421	0.00395	0.00111	0.02644	0.00345	0.00268	0.19228
2	0.11837	0.29781	0.04078	0.03409	0.01056	0.16862	0.01775	0.04343	0.04905	0.01178	0.00837	0.04958	0.00771	0.06286	0.03241	0.00146	0.00482	0.01906	0.01679	0.00471
3	0.01102	0.00828	0.00897	0.00782	0.01015	0.00927	0.00615	0.09550	0.59833	0.10090	0.04142	0.01480	0.01221	0.00538	0.00402	0.00131	0.00321	0.00444	0.05060	0.00622
4	0.00766	0.01652	0.60492	0.02907	0.06411	0.00829	0.02913	0.01145	0.00843	0.01230	0.00989	0.13091	0.00892	0.00532	0.00410	0.00134	0.00526	0.03485	0.00208	0.00545
5	0.00518	0.00391	0.00480	0.00504	0.00587	0.00353	0.00367	0.00642	0.00940	0.01244	0.29765	0.30461	0.26703	0.01034	0.00490	0.00144	0.00216	0.04420	0.00395	0.00349
6	0.00678	0.00521	0.00672	0.00614	0.00721	0.00536	0.02937	0.03648	0.00913	0.05560	0.17222	0.15227	0.28541	0.06705	0.02240	0.00169	0.11635	0.00725	0.00349	0.00388
7	0.00533	0.00409	0.00488	0.00468	0.00578	0.00364	0.00351	0.00689	0.01053	0.01412	0.53613	0.03319	0.33485	0.00893	0.00473	0.00130	0.00194	0.00771	0.00416	0.00364
8	0.05394	0.00875	0.06217	0.02550	0.03265	0.00793	0.11348	0.11713	0.04681	0.37580	0.03482	0.02448	0.00930	0.00481	0.00425	0.00126	0.02567	0.00409	0.04110	0.00606
9	0.00890	0.09817	0.00984	0.00619	0.00973	0.00680	0.00511	0.04834	0.00879	0.01325	0.00708	0.00818	0.00590	0.00311	0.00298	0.00065	0.00318	0.00241	0.00238	0.74903
10	0.00985	0.00901	0.01371	0.12060	0.52598	0.05101	0.01051	0.01257	0.05838	0.05037	0.00924	0.03841	0.00790	0.01950	0.02957	0.00144	0.00487	0.01900	0.00233	0.00576
11	0.00861	0.00840	0.10456	0.00791	0.04225	0.03640	0.01812	0.02672	0.17932	0.07202	0.23175	0.09965	0.04165	0.00636	0.00421	0.00124	0.00331	0.00547	0.00354	0.09852
12	0.03849	0.00951	0.01148	0.40468	0.06031	0.16961	0.03402	0.02619	0.00900	0.04896	0.00863	0.03909	0.00733	0.00551	0.02613	0.00145	0.04650	0.04621	0.00224	0.00466
13	0.05837	0.03851	0.09760	0.05902	0.14176	0.06913	0.12684	0.06711	0.06679	0.03729	0.04948	0.05953	0.04711	0.01604	0.00423	0.00127	0.00461	0.00437	0.00266	0.04827

[dist]
# distance from previous block
# <min> <max>
209	573

[block]
# block no. 9 follows, 67 sequences, length 22
# corresponding to MSA columns:
# 1227-1248
name=unknown_J
#
# <colnr> <probs for GDERKNQSTAVLIFYWHMCP>
#	G	D	E	R	K	N	Q	S	T	A	V	L	I	F	Y	W	H	M	C	P
0	0.04623	0.04435	0.10628	0.02170	0.01098	0.03700	0.02549	0.08539	0.28248	0.09506	0.01345	0.04836	0.03953	0.03527	0.05581	0.00169	0.02051	0.00437	0.02053	0.00552
1	0.85164	0.00790	0.00615	0.00544	0.00795	0.00914	0.00448	0.04494	0.00732	0.01829	0.00575	0.00664	0.00444	0.00377	0.00254	0.00124	0.00316	0.00223	0.00254	0.00444
2	0.25127	0.00925	0.03128	0.07207	0.06595	0.05226	0.00690	0.16797	0.07865	0.11041	0.03349	0.01012	0.00751	0.00439	0.00369	0.00120	0.01981	0.00329	0.00310	0.06739
3	0.01073	0.00966	0.05627	0.03085	0.15955	0.03374	0.07783	0.24430	0.05799	0.04353	0.03601	0.09663	0.03439	0.00543	0.00428	0.00125	0.01605	0.01332	0.00311	0.06508
4	0.74497	0.00831	0.00786	0.00690	0.02999	0.03029	0.07164	0.01223	0.00735	0.04153	0.00616	0.00718	0.00472	0.00374	0.00278	0.00124	0.00356	0.00248	0.00250	0.00456
5	0.01258	0.00886	0.00978	0.00800	0.01055	0.00957	0.00656	0.48194	0.08843	0.07599	0.04932	0.01692	0.06033	0.00598	0.00418	0.00128	0.00376	0.08590	0.05413	0.00595
6	0.88738	0.00776	0.00589	0.00527	0.00776	0.00900	0.00434	0.01179	0.00683	0.01799	0.00558	0.00651	0.00434	0.00372	0.00248	0.00124	0.00310	0.00217	0.00248	0.00434
7	0.00980	0.00940	0.01606	0.06790	0.79172	0.00950	0.01225	0.01220	0.00907	0.01295	0.00752	0.00997	0.00630	0.00360	0.00397	0.00120	0.00479	0.00357	0.00197	0.00625
8	0.01162	0.00947	0.01050	0.03433	0.05481	0.01072	0.00722	0.28089	0.49642	0.01916	0.01341	0.01283	0.00996	0.00510	0.00405	0.00130	0.00373	0.00415	0.00388	0.00645
9	0.01128	0.00868	0.00979	0.06395	0.01162	0.03736	0.02093	0.27609	0.24622	0.07361	0.04579	0.08852	0.03064	0.00671	0.02785	0.00146	0.00401	0.02594	0.00377	0.00575
10	0.00565	0.00401	0.00497	0.00529	0.00606	0.00371	0.00377	0.00703	0.03327	0.03634	0.18856	0.43919	0.18356	0.02067	0.00505	0.00150	0.00228	0.02619	0.01930	0.00359
11	0.02841	0.00530	0.00656	0.00589	0.00749	0.00502	0.00450	0.04880	0.04203	0.25711	0.17418	0.20773	0.04640	0.02985	0.00468	0.00137	0.00268	0.00643	0.11079	0.00476
12	0.00976	0.07659	0.07013	0.11689	0.31054	0.04630	0.11782	0.05386	0.00929	0.02907	0.00843	0.06258	0.00730	0.00473	0.01262	0.00131	0.05105	0.00403	0.00219	0.00551
13	0.01996	0.00992	0.11681	0.02194	0.02988	0.09834	0.05212	0.06490	0.09105	0.16557	0.01403	0.16331	0.04651	0.00768	0.05207	0.00162	0.03055	0.00527	0.00324	0.00523
14	0.00508	0.00387	0.00459	0.00489	0.00567	0.00347	0.00347	0.00610	0.00882	0.01143	0.17948	0.33100	0.32320	0.06435	0.00588	0.00161	0.00227	0.02768	0.00377	0.00336
15	0.06614	0.00660	0.06045	0.05882	0.02829	0.00575	0.02703	0.02708	0.00919	0.24316	0.01469	0.14228	0.03930	0.03512	0.00462	0.01338	0.00330	0.02392	0.18605	0.00483
16	0.02710	0.12276	0.06022	0.10727	0.22514	0.05753	0.06854	0.05180	0.00900	0.05222	0.00780	0.02872	0.00654	0.00547	0.03797	0.00147	0.11934	0.00357	0.00219	0.00536
17	0.00886	0.03921	0.15008	0.22881	0.09762	0.03964	0.07435	0.01166	0.04370	0.06532	0.01166	0.02930	0.08560	0.00598	0.03313	0.02197	0.04155	0.00418	0.00235	0.00501
18	0.00696	0.00414	0.00553	0.00586	0.00667	0.00383	0.00425	0.00798	0.00860	0.12982	0.07565	0.55747	0.06004	0.01156	0.03332	0.00171	0.00282	0.06603	0.00389	0.00385
19	0.01106	0.00965	0.07065	0.16021	0.07873	0.04301	0.06658	0.20822	0.06823	0.10440	0.01145	0.04994	0.03539	0.03877	0.02451	0.00150	0.00476	0.00431	0.00305	0.00556
20	0.02221	0.08059	0.19429	0.10759	0.09008	0.06884	0.06421	0.12193	0.05198	0.03262	0.00935	0.07970	0.00790	0.00485	0.00418	0.00126	0.02878	0.00403	0.02017	0.00544
21	0.01908	0.17263	0.10244	0.04367	0.10151	0.11055	0.08146	0.06524	0.03649	0.06967	0.05229	0.01128	0.02910	0.00492	0.01956	0.01155	0.00485	0.00357	0.02859	0.03153

[dist]
# distance from previous block
# <min> <max>
2	5

[block]
# block no. 10 follows, 67 sequences, length 12
# corresponding to MSA columns:
# 1254-1265
name=unknown_K
#
# <colnr> <probs for GDERKNQSTAVLIFYWHMCP>
#	G	D	E	R	K	N	Q	S	T	A	V	L	I	F	Y	W	H	M	C	P
0	0.00851	0.00805	0.03781	0.02029	0.04254	0.06771	0.00695	0.02869	0.00742	0.04383	0.00998	0.01446	0.04829	0.14244	0.17379	0.00285	0.32577	0.00421	0.00225	0.00419
1	0.00737	0.00571	0.00689	0.00619	0.00767	0.00583	0.03175	0.02722	0.23205	0.03347	0.33012	0.02486	0.15155	0.06599	0.00580	0.02101	0.00268	0.00622	0.02312	0.00446
2	0.00889	0.07954	0.14808	0.07765	0.14366	0.04187	0.02206	0.03598	0.13705	0.01264	0.01307	0.03323	0.09433	0.00562	0.00487	0.00133	0.07972	0.05256	0.00259	0.00526
3	0.00618	0.00491	0.01814	0.01952	0.00734	0.00502	0.00468	0.00820	0.07269	0.01084	0.10271	0.06740	0.08592	0.09204	0.39363	0.03948	0.00652	0.00538	0.00278	0.04664
4	0.04893	0.00438	0.00512	0.00495	0.00582	0.00423	0.00355	0.00720	0.00884	0.03401	0.29930	0.07798	0.20629	0.21356	0.02650	0.00206	0.02262	0.01767	0.00354	0.00345
5	0.02260	0.41799	0.03340	0.00793	0.01098	0.11114	0.02069	0.15744	0.02273	0.01295	0.00697	0.00824	0.00594	0.03151	0.00404	0.00108	0.03547	0.00275	0.00230	0.08386
6	0.07507	0.00415	0.00422	0.00414	0.00518	0.00419	0.00309	0.00939	0.00838	0.03787	0.05511	0.05663	0.01221	0.04231	0.00379	0.00115	0.00212	0.00427	0.66296	0.00379
7	0.06097	0.07738	0.07738	0.16757	0.14877	0.05774	0.00926	0.24237	0.02313	0.06730	0.00828	0.00953	0.00621	0.00424	0.00397	0.00121	0.02286	0.00333	0.00272	0.00578
8	0.01064	0.03202	0.05943	0.07958	0.28818	0.03135	0.00894	0.09458	0.10639	0.10198	0.01062	0.06365	0.00882	0.03917	0.00463	0.00133	0.00429	0.00416	0.00286	0.04739
9	0.00646	0.00517	0.00658	0.00657	0.00735	0.03187	0.03288	0.03674	0.00835	0.03081	0.02060	0.48915	0.12224	0.02517	0.06371	0.00192	0.06741	0.02992	0.00337	0.00372
10	0.00954	0.06537	0.01123	0.10663	0.16645	0.00829	0.02554	0.10932	0.06410	0.07065	0.11627	0.07078	0.04452	0.00591	0.00441	0.00128	0.02625	0.05269	0.00313	0.03764
11	0.33023	0.08494	0.18506	0.03651	0.03368	0.08415	0.00789	0.04934	0.07673	0.03673	0.00748	0.00831	0.00570	0.00396	0.00322	0.00118	0.00436	0.00277	0.00244	0.03533

[dist]
# distance from previous block
# <min> <max>
0	4

[block]
# block no. 11 follows, 67 sequences, length 10
# corresponding to MSA columns:
# 1270-1279
name=unknown_L
#
# <colnr> <probs for GDERKNQSTAVLIFYWHMCP>
#	G	D	E	R	K	N	Q	S	T	A	V	L	I	F	Y	W	H	M	C	P
0	0.04257	0.02728	0.12376	0.09439	0.26178	0.03591	0.00967	0.17607	0.06552	0.03439	0.00916	0.02967	0.00750	0.05914	0.00496	0.00140	0.00467	0.00378	0.00263	0.00575
1	0.02501	0.04691	0.01218	0.31241	0.11873	0.13514	0.00911	0.11588	0.07307	0.04328	0.00862	0.03101	0.00684	0.00446	0.00409	0.00124	0.02512	0.00360	0.00249	0.02083
2	0.00686	0.00551	0.00618	0.04231	0.00758	0.05621	0.00439	0.02034	0.04222	0.02466	0.26525	0.16581	0.06700	0.14919	0.03655	0.02378	0.00333	0.01810	0.00340	0.05132
3	0.03165	0.13120	0.24777	0.03997	0.02669	0.07471	0.04724	0.07359	0.03165	0.10867	0.05920	0.06272	0.00937	0.00479	0.00380	0.00119	0.00469	0.00389	0.00270	0.03450
4	0.01228	0.02997	0.01113	0.03329	0.13888	0.18380	0.00764	0.11931	0.21531	0.11640	0.06636	0.01297	0.01044	0.00494	0.00399	0.00122	0.00447	0.01846	0.00333	0.00581
5	0.00639	0.00460	0.00582	0.00648	0.05741	0.00423	0.00450	0.00781	0.02585	0.06562	0.09868	0.23818	0.32394	0.03034	0.00520	0.00152	0.00262	0.10323	0.00373	0.00387
6	0.00963	0.00890	0.01492	0.18670	0.28189	0.00929	0.16894	0.07414	0.06002	0.03045	0.00900	0.01114	0.01812	0.00463	0.02369	0.00137	0.02324	0.00390	0.01629	0.04372
7	0.04137	0.04456	0.09002	0.05546	0.32431	0.03039	0.12447	0.12858	0.05487	0.05453	0.00857	0.01004	0.00656	0.00395	0.00396	0.00123	0.00496	0.00363	0.00251	0.00602
8	0.00911	0.05376	0.04628	0.04431	0.03750	0.10989	0.07660	0.02080	0.12780	0.06293	0.01561	0.15870	0.08958	0.07453	0.00573	0.00155	0.01872	0.03891	0.00303	0.00468
9	0.00564	0.00405	0.00516	0.00538	0.00574	0.00410	0.00370	0.00610	0.00721	0.00961	0.05794	0.31170	0.12192	0.22296	0.06201	0.08880	0.04908	0.02284	0.00304	0.00303

[dist]
# distance from previous block
# <min> <max>
0	1

[block]
# block no. 12 follows, 67 sequences, length 11
# corresponding to MSA columns:
# 1281-1291
name=unknown_M
#
# <colnr> <probs for GDERKNQSTAVLIFYWHMCP>
#	G	D	E	R	K	N	Q	S	T	A	V	L	I	F	Y	W	H	M	C	P
0	0.03645	0.03925	0.11089	0.09266	0.03082	0.20322	0.07257	0.08826	0.04103	0.06519	0.00922	0.01274	0.00774	0.04144	0.00548	0.03471	0.03943	0.06136	0.00254	0.00501
1	0.03495	0.07482	0.16606	0.12891	0.09307	0.10862	0.03349	0.03378	0.06434	0.03626	0.03180	0.05822	0.00835	0.00626	0.05116	0.00156	0.05700	0.00389	0.00235	0.00513
2	0.00872	0.02764	0.02676	0.00570	0.00705	0.00463	0.00443	0.00958	0.02542	0.18794	0.09400	0.14778	0.14575	0.00990	0.02592	0.21308	0.00308	0.00597	0.04271	0.00394
3	0.00561	0.00383	0.00436	0.00454	0.00489	0.00367	0.00285	0.00612	0.00707	0.00957	0.04337	0.19278	0.13915	0.46726	0.01309	0.00274	0.00307	0.00720	0.07594	0.00289
4	0.01071	0.06761	0.04541	0.05413	0.03576	0.02736	0.07310	0.23203	0.06575	0.07744	0.06032	0.04879	0.03970	0.00752	0.06505	0.00167	0.01678	0.06220	0.00327	0.00540
5	0.01895	0.06182	0.26929	0.00967	0.02923	0.02650	0.07898	0.11306	0.09632	0.03113	0.03162	0.08286	0.05691	0.02114	0.00454	0.00134	0.02004	0.02275	0.01847	0.00538
6	0.01304	0.00575	0.00777	0.00631	0.00856	0.00516	0.03984	0.01472	0.01025	0.46511	0.04943	0.05204	0.04281	0.00547	0.00381	0.00118	0.00295	0.00460	0.25572	0.00547
7	0.02369	0.00752	0.06040	0.05375	0.07542	0.00717	0.00695	0.15988	0.02078	0.11727	0.07421	0.08609	0.02742	0.01215	0.21214	0.00259	0.00555	0.03879	0.00321	0.00503
8	0.00766	0.00448	0.00693	0.03550	0.00749	0.00453	0.05279	0.00737	0.03192	0.05636	0.00889	0.03765	0.00844	0.06647	0.06729	0.58313	0.00419	0.00405	0.00215	0.00270
9	0.08159	0.00774	0.01044	0.18542	0.09594	0.04431	0.00814	0.01061	0.03119	0.03443	0.00815	0.01160	0.00705	0.00977	0.15961	0.00235	0.23760	0.02101	0.02849	0.00455
10	0.07589	0.04570	0.04242	0.05781	0.08248	0.00867	0.19372	0.09409	0.01054	0.28132	0.01056	0.01122	0.00742	0.00489	0.02667	0.00138	0.00475	0.00383	0.03077	0.00586

[dist]
# distance from previous block
# <min> <max>
0	4

[block]
# block no. 13 follows, 67 sequences, length 7
# corresponding to MSA columns:
# 1296-1302
name=unknown_N
#
# <colnr> <probs for GDERKNQSTAVLIFYWHMCP>
#	G	D	E	R	K	N	Q	S	T	A	V	L	I	F	Y	W	H	M	C	P
0	0.00876	0.00810	0.01050	0.03566	0.07091	0.03749	0.07261	0.01070	0.00851	0.01274	0.00715	0.00869	0.00591	0.00324	0.00355	0.00077	0.02870	0.00274	0.00227	0.66101
1	0.01407	0.00889	0.01011	0.00778	0.01085	0.00900	0.00637	0.40447	0.04869	0.22206	0.01123	0.01095	0.00788	0.00456	0.00377	0.00110	0.00372	0.00355	0.05763	0.15333
2	0.00549	0.00407	0.00488	0.00500	0.00589	0.00377	0.00362	0.00718	0.04111	0.01304	0.31820	0.27167	0.22854	0.00963	0.00470	0.00138	0.00210	0.00844	0.05766	0.00363
3	0.00552	0.00382	0.00460	0.00483	0.00560	0.00352	0.00346	0.00682	0.00915	0.01284	0.26047	0.32172	0.17750	0.00952	0.00455	0.00135	0.00207	0.00836	0.15078	0.00352
4	0.00563	0.00446	0.00520	0.00495	0.00625	0.00386	0.00360	0.00676	0.00861	0.01147	0.13416	0.19464	0.31990	0.08109	0.04343	0.00171	0.00278	0.00747	0.00341	0.15063
5	0.00514	0.00369	0.00483	0.00547	0.00589	0.00345	0.00378	0.00608	0.00833	0.01120	0.15779	0.60090	0.05867	0.05583	0.00586	0.00169	0.00240	0.05189	0.00377	0.00333
6	0.01034	0.63759	0.09792	0.00752	0.01100	0.01425	0.00754	0.01363	0.14517	0.01098	0.00753	0.00806	0.00633	0.00380	0.00295	0.00098	0.00426	0.00262	0.00211	0.00542

[dist]
# distance from previous block
# <min> <max>
0	1

[block]
# block no. 14 follows, 67 sequences, length 10
# corresponding to MSA columns:
# 1304-1313
name=unknown_O
#
# <colnr> <probs for GDERKNQSTAVLIFYWHMCP>
#	G	D	E	R	K	N	Q	S	T	A	V	L	I	F	Y	W	H	M	C	P
0	0.00772	0.00461	0.00583	0.00568	0.00681	0.00418	0.00409	0.03057	0.00893	0.15131	0.08694	0.43135	0.09227	0.08345	0.00605	0.00164	0.00268	0.00835	0.00381	0.05373
1	0.01015	0.58251	0.17568	0.00794	0.01169	0.01373	0.00838	0.04093	0.00851	0.01084	0.00610	0.00715	0.00524	0.00369	0.00337	0.00098	0.04384	0.00243	0.00183	0.05500
2	0.00916	0.07691	0.01032	0.03995	0.09990	0.02418	0.03055	0.08608	0.06072	0.06536	0.13183	0.10515	0.01441	0.06703	0.03850	0.00168	0.08453	0.00513	0.04381	0.00480
3	0.00534	0.00394	0.00479	0.00514	0.00586	0.00361	0.00362	0.02752	0.00868	0.01127	0.11760	0.44414	0.26719	0.01123	0.00558	0.05578	0.00232	0.00936	0.00369	0.00336
4	0.00795	0.00490	0.00566	0.00535	0.00650	0.00486	0.00392	0.02662	0.10325	0.10153	0.11864	0.09832	0.09764	0.18506	0.00752	0.00181	0.00278	0.03372	0.17989	0.00409
5	0.20962	0.00872	0.00902	0.02886	0.03487	0.06325	0.00598	0.13486	0.04796	0.03498	0.00762	0.00883	0.00606	0.00460	0.00459	0.05095	0.06016	0.00288	0.00267	0.27352
6	0.03201	0.00826	0.03032	0.02663	0.09013	0.07427	0.03664	0.11306	0.02819	0.21362	0.12982	0.12573	0.03237	0.01812	0.00444	0.00131	0.00380	0.00529	0.00364	0.02237
7	0.02939	0.01089	0.20052	0.00913	0.06210	0.02888	0.00813	0.14661	0.04979	0.04185	0.03568	0.08858	0.02447	0.00529	0.00390	0.00116	0.00407	0.04341	0.00290	0.20326
8	0.07355	0.00913	0.06133	0.01057	0.13279	0.04684	0.04024	0.11760	0.12052	0.12981	0.06534	0.06648	0.01204	0.00567	0.00412	0.00130	0.00400	0.07008	0.00338	0.02520
9	0.03446	0.06378	0.27062	0.06081	0.01370	0.04558	0.00937	0.17868	0.09144	0.10178	0.04122	0.03901	0.00889	0.00487	0.00390	0.00125	0.00462	0.01721	0.00299	0.00580

[dist]
# distance from previous block
# <min> <max>
12	24

[block]
# block no. 15 follows, 67 sequences, length 9
# corresponding to MSA columns:
# 1340-1348
name=unknown_P
#
# <colnr> <probs for GDERKNQSTAVLIFYWHMCP>
#	G	D	E	R	K	N	Q	S	T	A	V	L	I	F	Y	W	H	M	C	P
0	0.02262	0.00598	0.02418	0.00668	0.02192	0.01853	0.02519	0.04058	0.07163	0.14751	0.13868	0.12344	0.13182	0.08202	0.07916	0.00201	0.00377	0.03486	0.01492	0.00448
1	0.00543	0.00395	0.00473	0.00510	0.00555	0.00380	0.00337	0.00650	0.04405	0.01022	0.07074	0.41067	0.12978	0.26614	0.00960	0.00224	0.00277	0.00878	0.00339	0.00320
2	0.00792	0.00650	0.00864	0.04151	0.06481	0.04722	0.08256	0.04899	0.03181	0.04816	0.09944	0.10121	0.18277	0.02224	0.05073	0.00165	0.00389	0.06751	0.07809	0.00435
3	0.01268	0.13434	0.05375	0.02651	0.05904	0.11979	0.04889	0.21883	0.06357	0.12489	0.01063	0.01101	0.04366	0.00473	0.00430	0.00119	0.04973	0.00361	0.00305	0.00579
4	0.03642	0.00712	0.06346	0.05040	0.03730	0.02813	0.06452	0.02836	0.08422	0.03020	0.04271	0.19890	0.15282	0.02674	0.00496	0.00151	0.00361	0.13099	0.00328	0.00435
5	0.00638	0.00437	0.00545	0.00543	0.00650	0.00407	0.00414	0.00805	0.03182	0.06653	0.30252	0.14153	0.21535	0.04580	0.02618	0.00165	0.00266	0.11379	0.00395	0.00381
6	0.03562	0.06361	0.09436	0.15293	0.12092	0.06754	0.04916	0.14342	0.09901	0.01461	0.05025	0.02650	0.03975	0.00486	0.00398	0.00125	0.00464	0.01943	0.00273	0.00543
7	0.01061	0.06361	0.27340	0.05428	0.14358	0.07700	0.09677	0.09354	0.01009	0.07525	0.00847	0.01056	0.00655	0.00426	0.00420	0.00125	0.02853	0.02994	0.00235	0.00576
8	0.00760	0.00511	0.01990	0.00593	0.00713	0.00494	0.00464	0.04276	0.00872	0.10947	0.06989	0.08770	0.17518	0.11634	0.18223	0.01674	0.02761	0.07119	0.03295	0.00396

[dist]
# distance from previous block
# <min> <max>
4	11

[block]
# block no. 16 follows, 67 sequences, length 19
# corresponding to MSA columns:
# 1362-1380
name=unknown_Q
#
# <colnr> <probs for GDERKNQSTAVLIFYWHMCP>
#	G	D	E	R	K	N	Q	S	T	A	V	L	I	F	Y	W	H	M	C	P
0	0.00517	0.00403	0.00469	0.00462	0.00571	0.00355	0.00343	0.00655	0.01002	0.01314	0.39386	0.09807	0.41385	0.00947	0.00476	0.00133	0.00199	0.00815	0.00403	0.00355
1	0.01012	0.00671	0.00886	0.19312	0.03707	0.00710	0.00664	0.13384	0.03778	0.16623	0.12261	0.04220	0.10977	0.02611	0.00473	0.00134	0.02073	0.00504	0.05499	0.00503
2	0.00530	0.00392	0.00489	0.00514	0.00589	0.00360	0.00372	0.00651	0.00923	0.01234	0.30284	0.29669	0.19387	0.06271	0.00588	0.00160	0.00231	0.06623	0.00388	0.00344
3	0.00515	0.00400	0.00467	0.00486	0.00577	0.00360	0.00349	0.00650	0.02777	0.01200	0.22450	0.28444	0.36393	0.02431	0.00510	0.00146	0.00214	0.00893	0.00388	0.00349
4	0.06673	0.00588	0.00737	0.00625	0.00835	0.00542	0.00492	0.02972	0.02187	0.44453	0.04543	0.11144	0.07878	0.08174	0.00560	0.00154	0.00313	0.03479	0.03122	0.00529
5	0.05881	0.00868	0.00913	0.00785	0.01019	0.00982	0.00617	0.20599	0.49582	0.03869	0.01383	0.01392	0.01057	0.05785	0.00494	0.00146	0.00347	0.00423	0.03256	0.00603
6	0.09596	0.03501	0.00873	0.00667	0.00926	0.00727	0.00547	0.17250	0.01191	0.38072	0.07607	0.01435	0.04341	0.00519	0.00377	0.00119	0.00325	0.00410	0.10939	0.00580
7	0.03494	0.01151	0.13100	0.01439	0.17973	0.05523	0.24799	0.08251	0.05088	0.09757	0.02367	0.03524	0.00780	0.00426	0.00417	0.00127	0.00524	0.00412	0.00265	0.00582
8	0.04467	0.06383	0.08823	0.02692	0.06083	0.05811	0.02118	0.39866	0.03856	0.09189	0.00932	0.01777	0.00687	0.00455	0.00402	0.00119	0.02345	0.00347	0.00328	0.03320
9	0.00938	0.00915	0.08224	0.06521	0.30357	0.00837	0.07565	0.09257	0.03637	0.04700	0.06968	0.05179	0.03520	0.05830	0.02702	0.00157	0.01420	0.00459	0.00268	0.00544
10	0.00991	0.10162	0.17730	0.02268	0.06118	0.07109	0.06122	0.05306	0.09650	0.05484	0.02538	0.06250	0.00850	0.00607	0.03372	0.00149	0.14113	0.00400	0.00251	0.00532
11	0.03645	0.01107	0.03900	0.03513	0.03392	0.09001	0.06770	0.38962	0.10701	0.12375	0.01046	0.01059	0.00748	0.00461	0.00398	0.00122	0.00461	0.00370	0.01345	0.00624
12	0.00510	0.00420	0.03027	0.00545	0.00608	0.00356	0.00393	0.00602	0.00807	0.01064	0.07200	0.58128	0.15676	0.06386	0.00595	0.00170	0.00249	0.02569	0.00362	0.00335
13	0.06100	0.04217	0.01182	0.00987	0.01143	0.37732	0.02619	0.08377	0.00980	0.01177	0.00637	0.00818	0.00546	0.00510	0.00673	0.00130	0.28767	0.00302	0.02627	0.00474
14	0.10333	0.01108	0.09512	0.04371	0.11072	0.12058	0.05039	0.08612	0.03985	0.06261	0.00802	0.00909	0.00616	0.00380	0.00354	0.00105	0.00453	0.00304	0.00255	0.23470
15	0.00840	0.00715	0.00801	0.07644	0.06639	0.08963	0.00599	0.11830	0.02587	0.03166	0.10065	0.27463	0.10575	0.00858	0.01728	0.00991	0.00366	0.03393	0.00338	0.00440
16	0.00504	0.00367	0.00455	0.00513	0.00555	0.00340	0.00343	0.00575	0.00783	0.01027	0.06554	0.56019	0.15346	0.13785	0.00731	0.00190	0.00249	0.00989	0.00357	0.00318
17	0.00786	0.00645	0.00715	0.06953	0.00885	0.05315	0.00502	0.10441	0.08557	0.01328	0.19546	0.06405	0.08168	0.21351	0.04737	0.00217	0.02134	0.00578	0.00328	0.00410
18	0.12915	0.12297	0.08846	0.00863	0.03254	0.02317	0.03216	0.26607	0.11927	0.01729	0.02540	0.06221	0.00864	0.01579	0.00388	0.00123	0.00409	0.00384	0.00307	0.03212

[dist]
# distance from previous block
# <min> <max>
0	3

[block]
# block no. 17 follows, 67 sequences, length 24
# corresponding to MSA columns:
# 1386-1389,1392-1402,1421-1429
name=unknown_R
#
# <colnr> <probs for GDERKNQSTAVLIFYWHMCP>
#	G	D	E	R	K	N	Q	S	T	A	V	L	I	F	Y	W	H	M	C	P
0	0.11293	0.00786	0.00981	0.10321	0.14854	0.00848	0.00717	0.15543	0.12616	0.04746	0.04797	0.03192	0.03948	0.01978	0.02478	0.00139	0.00389	0.00410	0.05791	0.04171
1	0.00875	0.00875	0.01226	0.01078	0.03407	0.02422	0.02750	0.00974	0.00649	0.00992	0.00614	0.04390	0.00621	0.00694	0.01202	0.00169	0.74315	0.00383	0.00187	0.02177
2	0.00592	0.00417	0.00501	0.00512	0.00582	0.00398	0.00353	0.00738	0.05221	0.03359	0.20667	0.27937	0.14182	0.20503	0.00837	0.00199	0.00261	0.00808	0.01584	0.00347
3	0.00576	0.00399	0.00457	0.00451	0.00504	0.00376	0.00291	0.00630	0.00763	0.02401	0.14895	0.04935	0.21632	0.45920	0.01335	0.02849	0.00307	0.00673	0.00311	0.00295
4	0.09267	0.03416	0.07660	0.18686	0.04400	0.00972	0.28433	0.10002	0.00959	0.01394	0.00818	0.03476	0.00650	0.00421	0.00441	0.00130	0.03969	0.00398	0.03992	0.00515
5	0.03566	0.08788	0.28444	0.04109	0.08884	0.04362	0.02959	0.04214	0.06619	0.01316	0.00978	0.01109	0.04073	0.00453	0.00432	0.00122	0.06696	0.00348	0.12001	0.00528
6	0.00750	0.02536	0.00693	0.00656	0.04123	0.04356	0.00462	0.03899	0.11779	0.03104	0.21474	0.05566	0.17839	0.16097	0.00748	0.00176	0.02398	0.00618	0.02310	0.00415
7	0.00664	0.00522	0.00812	0.00754	0.03903	0.00511	0.10782	0.00765	0.00835	0.02471	0.17170	0.16238	0.14521	0.06062	0.02497	0.14158	0.04718	0.00664	0.01592	0.00361
