[name]
unknown

[dist]
# distance from previous block
# <min> <max>
11	435

[block]
# block no. 0 follows, 71 sequences, length 18
# corresponding to MSA columns:
# 925-942
name=unknown_A
#
# <colnr> <probs for GDERKNQSTAVLIFYWHMCP>
#	G	D	E	R	K	N	Q	S	T	A	V	L	I	F	Y	W	H	M	C	P
0	0.06768	0.11158	0.10021	0.07887	0.25285	0.04366	0.03225	0.06335	0.05530	0.07824	0.02212	0.02335	0.02233	0.00417	0.00383	0.00116	0.02776	0.00344	0.00240	0.00541
1	0.03464	0.01019	0.10486	0.11743	0.26409	0.05507	0.12593	0.06452	0.02410	0.11331	0.00853	0.01001	0.00636	0.00381	0.00380	0.00118	0.00479	0.00350	0.03837	0.00552
2	0.00663	0.00425	0.00514	0.00482	0.00602	0.00390	0.00364	0.00846	0.03991	0.09508	0.40504	0.08194	0.22062	0.00784	0.00428	0.00122	0.00205	0.00675	0.08853	0.00386
3	0.00504	0.00371	0.00500	0.06792	0.00695	0.00364	0.00394	0.00590	0.00756	0.01012	0.10566	0.60176	0.03751	0.10876	0.00645	0.00174	0.00256	0.00927	0.00335	0.00316
4	0.04909	0.05934	0.20018	0.04516	0.21463	0.05138	0.06775	0.04647	0.06445	0.03104	0.02093	0.01082	0.01934	0.00434	0.00445	0.00123	0.07411	0.02774	0.00221	0.00534
5	0.00558	0.00372	0.00446	0.00450	0.00459	0.00379	0.00271	0.00568	0.00570	0.00767	0.01203	0.06286	0.01362	0.68809	0.11222	0.04809	0.00437	0.00555	0.00232	0.00245
6	0.00503	0.00358	0.00442	0.00494	0.00526	0.00340	0.00328	0.00560	0.00705	0.00924	0.02022	0.46170	0.10997	0.27341	0.00937	0.00221	0.00274	0.06249	0.00318	0.00291
7	0.01296	0.01586	0.01290	0.02960	0.01350	0.62307	0.16242	0.03756	0.01057	0.01051	0.00658	0.00792	0.00530	0.00385	0.00365	0.00105	0.00656	0.00294	0.02856	0.00461
8	0.03031	0.14102	0.18779	0.02393	0.07624	0.11595	0.04637	0.06547	0.22779	0.01324	0.01872	0.01018	0.01820	0.00419	0.00357	0.00114	0.00459	0.00334	0.00252	0.00546
9	0.03891	0.00684	0.00836	0.00658	0.00917	0.00657	0.00538	0.17581	0.01171	0.50972	0.01322	0.01233	0.00882	0.00463	0.00360	0.00113	0.00317	0.00368	0.16444	0.00592
10	0.03030	0.20491	0.04717	0.01957	0.03297	0.08549	0.02226	0.26585	0.19120	0.01575	0.00960	0.04186	0.00770	0.00453	0.00352	0.00112	0.00419	0.00349	0.00294	0.00559
11	0.00854	0.00677	0.07610	0.04252	0.08420	0.00554	0.01897	0.02271	0.03640	0.16613	0.08530	0.19367	0.11302	0.00696	0.00418	0.00126	0.00319	0.04426	0.00333	0.07692
12	0.09575	0.08304	0.09589	0.04391	0.04056	0.14505	0.04013	0.12518	0.04398	0.09884	0.03934	0.04449	0.03421	0.00478	0.00380	0.00116	0.02145	0.01694	0.00277	0.01873
13	0.02769	0.29823	0.40484	0.00885	0.01306	0.01040	0.03598	0.01205	0.00826	0.07555	0.00847	0.01013	0.02999	0.00405	0.00336	0.00111	0.00474	0.03591	0.00203	0.00528
14	0.00475	0.00346	0.00450	0.00527	0.00565	0.00321	0.00363	0.00553	0.00763	0.01004	0.03889	0.71981	0.10757	0.01162	0.00487	0.00153	0.00226	0.05303	0.00357	0.00316
15	0.00973	0.00665	0.02225	0.03049	0.00983	0.00650	0.06348	0.11031	0.12802	0.18071	0.08912	0.13221	0.08617	0.00699	0.00432	0.00134	0.00331	0.09989	0.00374	0.00495
16	0.04484	0.30637	0.07227	0.00753	0.03444	0.00920	0.05133	0.02393	0.04422	0.07777	0.04724	0.18495	0.01173	0.01999	0.01970	0.00128	0.00377	0.01321	0.02158	0.00465
17	0.00572	0.00463	0.00608	0.00593	0.00705	0.00445	0.04933	0.00804	0.09824	0.01193	0.16649	0.25576	0.24504	0.00927	0.00465	0.00141	0.00256	0.10609	0.00362	0.00372

[dist]
# distance from previous block
# <min> <max>
1	5

[block]
# block no. 1 follows, 71 sequences, length 24
# corresponding to MSA columns:
# 948-951,953-972
name=unknown_B
#
# <colnr> <probs for GDERKNQSTAVLIFYWHMCP>
#	G	D	E	R	K	N	Q	S	T	A	V	L	I	F	Y	W	H	M	C	P
0	0.00687	0.00484	0.00544	0.00518	0.00633	0.00505	0.00398	0.00991	0.15019	0.03007	0.13662	0.07292	0.18722	0.00690	0.00434	0.00120	0.05276	0.02479	0.28138	0.00401
1	0.01179	0.00996	0.01098	0.03896	0.10057	0.08478	0.01831	0.31861	0.19986	0.04176	0.00987	0.01021	0.00741	0.00441	0.00399	0.00114	0.02983	0.00347	0.00319	0.09090
2	0.00799	0.05801	0.15262	0.00938	0.07000	0.02194	0.11600	0.03628	0.05663	0.03886	0.05877	0.07289	0.10256	0.04101	0.03243	0.00148	0.00426	0.05083	0.00267	0.06539
3	0.02547	0.16297	0.17024	0.01513	0.35412	0.07436	0.03665	0.05497	0.00902	0.02671	0.00688	0.00843	0.00557	0.00366	0.00377	0.00111	0.03039	0.00301	0.00196	0.00558
4	0.00858	0.00846	0.03682	0.04903	0.42200	0.05672	0.05169	0.01080	0.02194	0.02935	0.16324	0.02712	0.06856	0.00496	0.00421	0.00119	0.02318	0.00450	0.00254	0.00513
5	0.03505	0.00645	0.00834	0.00654	0.00920	0.00582	0.00534	0.07326	0.01107	0.64505	0.05728	0.01546	0.07212	0.02561	0.00427	0.00125	0.00316	0.00430	0.00446	0.00598
6	0.02743	0.13635	0.17754	0.06969	0.14940	0.07663	0.20415	0.02746	0.03323	0.04072	0.00757	0.01936	0.00594	0.00370	0.00371	0.00115	0.00523	0.00340	0.00203	0.00531
7	0.00848	0.00619	0.04359	0.02435	0.09792	0.00574	0.00577	0.02906	0.06540	0.16030	0.02690	0.22298	0.10509	0.09434	0.03289	0.00174	0.04053	0.02104	0.00326	0.00446
8	0.00490	0.00387	0.00438	0.00457	0.00556	0.00343	0.00342	0.00597	0.00865	0.01084	0.12563	0.14449	0.50280	0.05431	0.00544	0.00150	0.00224	0.10119	0.00357	0.00325
9	0.00563	0.00426	0.00516	0.00520	0.01513	0.00391	0.01790	0.00726	0.04935	0.03643	0.17081	0.19306	0.37313	0.03452	0.00499	0.00141	0.00230	0.04709	0.01888	0.00357
10	0.02973	0.09645	0.23400	0.00980	0.06098	0.01003	0.03317	0.28136	0.04377	0.15001	0.00917	0.00942	0.00651	0.00413	0.00364	0.00115	0.00445	0.00325	0.00298	0.00601
11	0.00962	0.00856	0.02477	0.04740	0.12434	0.11470	0.06265	0.09884	0.00955	0.08493	0.03716	0.20085	0.01184	0.00735	0.04167	0.00152	0.08338	0.02332	0.00282	0.00473
12	0.00732	0.00697	0.01198	0.81957	0.02613	0.00857	0.04611	0.00990	0.00773	0.00990	0.00686	0.01023	0.00514	0.00381	0.00386	0.00128	0.00517	0.00346	0.00171	0.00430
13	0.00800	0.00686	0.00798	0.00575	0.00912	0.00526	0.00459	0.01002	0.03588	0.01261	0.00711	0.00817	0.00588	0.00292	0.00288	0.00059	0.00285	0.00234	0.00233	0.85886
14	0.00556	0.00377	0.00444	0.00444	0.00453	0.00386	0.00265	0.00574	0.00565	0.00763	0.01184	0.02378	0.01337	0.75563	0.12836	0.00404	0.00458	0.00538	0.00229	0.00247
15	0.04289	0.11440	0.09886	0.11918	0.15007	0.10269	0.07230	0.10728	0.05312	0.04507	0.05194	0.01007	0.00755	0.00404	0.00364	0.00114	0.00472	0.00338	0.00241	0.00528
16	0.04532	0.13003	0.02485	0.00823	0.01110	0.09509	0.00692	0.48036	0.08250	0.03907	0.00971	0.00976	0.03117	0.00451	0.00358	0.00111	0.00426	0.00332	0.00328	0.00586
17	0.00580	0.00357	0.00491	0.00523	0.00561	0.00343	0.00362	0.00591	0.00694	0.03599	0.06857	0.40134	0.06598	0.01311	0.07495	0.27873	0.00320	0.00736	0.00293	0.00284
18	0.02751	0.20396	0.13801	0.03102	0.03218	0.10385	0.00747	0.08003	0.02380	0.14204	0.05224	0.03826	0.01701	0.00664	0.07831	0.00154	0.00488	0.00351	0.00266	0.00510
19	0.03322	0.24403	0.09174	0.00819	0.01122	0.02241	0.07841	0.09615	0.02902	0.22906	0.03026	0.04951	0.00840	0.00462	0.00389	0.00114	0.03726	0.01309	0.00295	0.00543
20	0.00757	0.00435	0.00552	0.00533	0.00631	0.00405	0.00387	0.00878	0.02695	0.16806	0.17225	0.23519	0.08036	0.19367	0.00776	0.00188	0.00274	0.05794	0.00365	0.00378
21	0.02344	0.00804	0.10868	0.18187	0.06300	0.02036	0.04005	0.08792	0.02917	0.03388	0.20552	0.04072	0.03339	0.05799	0.00492	0.00136	0.00382	0.00468	0.04666	0.00453
22	0.03590	0.08147	0.14152	0.04736	0.08569	0.08629	0.14581	0.03637	0.07708	0.07986	0.04442	0.01176	0.02670	0.00455	0.01340	0.00122	0.00468	0.01510	0.05569	0.00514
23	0.00798	0.05356	0.01045	0.03278	0.28793	0.00690	0.02892	0.02119	0.05407	0.04727	0.17959	0.06955	0.09093	0.00626	0.00418	0.00125	0.00343	0.08595	0.00301	0.00479

[dist]
# distance from previous block
# <min> <max>
6	31

[block]
# block no. 2 follows, 71 sequences, length 37
# corresponding to MSA columns:
# 1017-1053
name=unknown_C
#
# <colnr> <probs for GDERKNQSTAVLIFYWHMCP>
#	G	D	E	R	K	N	Q	S	T	A	V	L	I	F	Y	W	H	M	C	P
0	0.45726	0.04184	0.00895	0.00700	0.00959	0.05147	0.03948	0.23947	0.05761	0.01812	0.03181	0.00838	0.00633	0.00407	0.00308	0.00116	0.00367	0.00285	0.00286	0.00499
1	0.03055	0.14237	0.32305	0.02772	0.01279	0.00934	0.04170	0.04213	0.15959	0.03432	0.00998	0.02140	0.03696	0.00421	0.00350	0.00112	0.00432	0.00337	0.02009	0.07150
2	0.00964	0.33702	0.06421	0.17013	0.17766	0.06937	0.04290	0.03565	0.00855	0.01084	0.00658	0.00829	0.00544	0.00356	0.00325	0.00104	0.00468	0.00285	0.03330	0.00504
3	0.00553	0.00398	0.00473	0.00495	0.00586	0.00364	0.00358	0.00690	0.04279	0.04976	0.10601	0.36999	0.32445	0.02259	0.00486	0.00144	0.00222	0.02956	0.00367	0.00349
4	0.00544	0.00382	0.00491	0.03015	0.00625	0.00356	0.00370	0.00652	0.00859	0.04104	0.25642	0.40690	0.14402	0.05381	0.00542	0.00151	0.00226	0.00862	0.00367	0.00339
5	0.04068	0.20409	0.20212	0.00863	0.01141	0.21002	0.04213	0.01135	0.00812	0.01001	0.00677	0.02935	0.00596	0.00596	0.03023	0.10887	0.04623	0.01180	0.00184	0.00443
6	0.05534	0.06274	0.01249	0.03933	0.20241	0.15039	0.05044	0.10782	0.03565	0.11828	0.00826	0.00950	0.00641	0.00535	0.04438	0.00140	0.07863	0.00328	0.00255	0.00535
7	0.00821	0.00473	0.00551	0.00507	0.00647	0.00465	0.00393	0.02044	0.09248	0.14182	0.11765	0.04116	0.14090	0.00807	0.07333	0.00154	0.00293	0.01588	0.30098	0.00425
8	0.02821	0.00839	0.05848	0.02257	0.17864	0.01891	0.19308	0.07306	0.04905	0.03751	0.01313	0.11964	0.05256	0.01512	0.00447	0.00136	0.00435	0.11382	0.00274	0.00492
9	0.00882	0.18461	0.28266	0.03443	0.03800	0.02435	0.10688	0.04099	0.07391	0.02459	0.04981	0.02837	0.02071	0.01340	0.00419	0.00121	0.04023	0.01546	0.00222	0.00516
10	0.00701	0.00514	0.00637	0.00651	0.02374	0.01497	0.00484	0.09311	0.05716	0.02938	0.11053	0.24791	0.01942	0.10810	0.08956	0.00218	0.00377	0.16310	0.00336	0.00386
11	0.00525	0.00379	0.00477	0.00525	0.00584	0.00359	0.00378	0.00627	0.03667	0.01019	0.05673	0.42538	0.18405	0.04245	0.00628	0.08271	0.00250	0.10798	0.00338	0.00315
12	0.00985	0.02466	0.10631	0.14901	0.21951	0.02967	0.08169	0.11475	0.09016	0.06305	0.02892	0.01120	0.00759	0.00486	0.02838	0.00135	0.00480	0.01621	0.00253	0.00550
13	0.33437	0.00964	0.13263	0.07374	0.07034	0.03829	0.00719	0.05608	0.08620	0.08250	0.03278	0.00954	0.00695	0.00407	0.00323	0.00118	0.00380	0.00304	0.03942	0.00499
14	0.00652	0.00578	0.00973	0.41846	0.01711	0.00681	0.06200	0.00854	0.00716	0.00962	0.00913	0.06723	0.00819	0.01391	0.32951	0.00318	0.00700	0.00424	0.00197	0.00392
15	0.06757	0.14143	0.16512	0.01042	0.09864	0.26706	0.02024	0.07917	0.00952	0.01190	0.00697	0.02957	0.00586	0.00517	0.04260	0.00132	0.02742	0.00297	0.00207	0.00498
16	0.04220	0.00747	0.04592	0.00658	0.00885	0.08220	0.01978	0.01343	0.06316	0.33623	0.17225	0.01903	0.15454	0.00601	0.00401	0.00120	0.00324	0.00496	0.00386	0.00506
17	0.00522	0.00387	0.00465	0.00459	0.00558	0.00345	0.00339	0.00655	0.00957	0.02931	0.41016	0.15291	0.32863	0.00907	0.00457	0.00129	0.00195	0.00787	0.00389	0.00346
18	0.02138	0.30918	0.14823	0.02069	0.01085	0.03440	0.02395	0.08521	0.00932	0.12195	0.02611	0.07063	0.05429	0.00484	0.00361	0.00109	0.02299	0.00374	0.02246	0.00508
19	0.04269	0.03815	0.11741	0.10925	0.07389	0.06665	0.05387	0.24377	0.03718	0.10649	0.00879	0.02581	0.00661	0.00439	0.00419	0.00120	0.04780	0.00348	0.00280	0.00557
20	0.00479	0.00353	0.00450	0.00508	0.00558	0.00324	0.00353	0.00570	0.00810	0.01072	0.14104	0.59515	0.15464	0.01102	0.00479	0.00147	0.00215	0.02812	0.00365	0.00322
21	0.00537	0.00400	0.00512	0.00560	0.00646	0.00375	0.00447	0.00674	0.00885	0.01153	0.16115	0.19916	0.21886	0.01020	0.00491	0.00152	0.00261	0.33266	0.00366	0.00339
22	0.04641	0.08077	0.04601	0.04183	0.32214	0.08951	0.02121	0.09371	0.02931	0.14262	0.02018	0.00970	0.00681	0.00401	0.00388	0.00114	0.02918	0.00330	0.00259	0.00568
23	0.00924	0.09488	0.04275	0.09182	0.46518	0.02832	0.03491	0.03129	0.08408	0.01247	0.03787	0.01104	0.03151	0.00398	0.00373	0.00115	0.00439	0.00361	0.00221	0.00556
24	0.00710	0.00358	0.00361	0.00361	0.00450	0.00357	0.00270	0.00889	0.00811	0.01432	0.03345	0.01466	0.01050	0.00455	0.00273	0.00090	0.00179	0.00366	0.86418	0.00357
25	0.04706	0.04719	0.39481	0.04087	0.08707	0.03014	0.02079	0.18407	0.03439	0.01475	0.02497	0.04166	0.00693	0.00427	0.00368	0.00119	0.00482	0.00342	0.00235	0.00558
26	0.04876	0.12071	0.15104	0.07768	0.14563	0.05781	0.03665	0.14221	0.04546	0.04743	0.02171	0.01066	0.04125	0.01522	0.02066	0.00127	0.00464	0.00342	0.00245	0.00534
27	0.00542	0.00484	0.03083	0.00612	0.00704	0.00463	0.03337	0.00658	0.00759	0.01002	0.02197	0.30817	0.24683	0.01312	0.14844	0.00227	0.07428	0.06198	0.00303	0.00347
28	0.33645	0.00784	0.00815	0.01862	0.00942	0.00839	0.00546	0.23127	0.02977	0.23594	0.04941	0.01028	0.00802	0.00441	0.00332	0.00118	0.00333	0.00324	0.02010	0.00542
29	0.01042	0.03718	0.05991	0.08026	0.25465	0.11816	0.08949	0.07862	0.05184	0.07502	0.04299	0.04587	0.00832	0.00442	0.00408	0.00119	0.02586	0.00386	0.00250	0.00537
30	0.00844	0.03373	0.08847	0.13238	0.20378	0.04392	0.08727	0.01080	0.02883	0.04069	0.02046	0.14493	0.00937	0.00493	0.00386	0.00116	0.00429	0.00450	0.00234	0.12585
31	0.00542	0.00440	0.00497	0.00531	0.00614	0.03869	0.00399	0.00658	0.00877	0.01123	0.17350	0.30397	0.25718	0.01003	0.00473	0.00143	0.00248	0.14419	0.00361	0.00337
32	0.05911	0.05545	0.22196	0.04413	0.06600	0.01615	0.02016	0.12481	0.12134	0.14089	0.05337	0.01116	0.00859	0.00523	0.03381	0.00136	0.00441	0.00354	0.00293	0.00561
33	0.01127	0.06802	0.08755	0.03412	0.22989	0.09526	0.00873	0.18365	0.05615	0.09123	0.02119	0.01146	0.03199	0.00449	0.00396	0.00116	0.02450	0.02697	0.00276	0.00565
34	0.03736	0.07503	0.13708	0.05386	0.01420	0.00838	0.23015	0.04755	0.00954	0.27015	0.01094	0.03580	0.03193	0.00436	0.00402	0.00122	0.01607	0.00398	0.00291	0.00549
35	0.00583	0.00441	0.00535	0.00538	0.00641	0.00426	0.00419	0.02585	0.06276	0.01268	0.28847	0.07390	0.21965	0.06821	0.00571	0.00155	0.00253	0.19553	0.00371	0.00362
36	0.01168	0.05442	0.10831	0.05712	0.15795	0.03303	0.01922	0.08606	0.16910	0.22744	0.01096	0.01130	0.00796	0.02338	0.00410	0.00124	0.00411	0.00361	0.00314	0.00588

[dist]
# distance from previous block
# <min> <max>
7	188

[block]
# block no. 3 follows, 71 sequences, length 6
# corresponding to MSA columns:
# 1292-1297
name=unknown_D
#
# <colnr> <probs for GDERKNQSTAVLIFYWHMCP>
#	G	D	E	R	K	N	Q	S	T	A	V	L	I	F	Y	W	H	M	C	P
0	0.00912	0.09124	0.05866	0.04832	0.18689	0.01001	0.51480	0.01200	0.00877	0.01192	0.00734	0.00966	0.00571	0.00332	0.00411	0.00121	0.00576	0.00394	0.00188	0.00532
1	0.00744	0.00627	0.00740	0.00563	0.00854	0.00480	0.00439	0.00898	0.00786	0.01207	0.00905	0.14127	0.00875	0.00427	0.00316	0.00072	0.00274	0.00362	0.00247	0.75057
2	0.08740	0.00938	0.07257	0.05475	0.23909	0.00885	0.00831	0.22705	0.01078	0.03573	0.02789	0.02827	0.00703	0.00410	0.00378	0.00109	0.02456	0.00335	0.00264	0.14340
3	0.03121	0.00547	0.00572	0.02566	0.03276	0.07386	0.00431	0.03239	0.02818	0.01112	0.07083	0.39612	0.24930	0.00938	0.00447	0.00137	0.00275	0.00815	0.00336	0.00361
4	0.00497	0.00361	0.00475	0.00556	0.00601	0.00339	0.00403	0.00589	0.00777	0.01019	0.02261	0.61821	0.10060	0.01151	0.00494	0.00158	0.00247	0.17516	0.00355	0.00321
5	0.03409	0.04163	0.01212	0.03577	0.14141	0.19489	0.05649	0.20112	0.01157	0.15757	0.00863	0.00923	0.00635	0.00399	0.00363	0.00108	0.00473	0.00319	0.00288	0.06963

[dist]
# distance from previous block
# <min> <max>
0	1

[block]
# block no. 4 follows, 71 sequences, length 32
# corresponding to MSA columns:
# 1299-1330
name=unknown_E
#
# <colnr> <probs for GDERKNQSTAVLIFYWHMCP>
#	G	D	E	R	K	N	Q	S	T	A	V	L	I	F	Y	W	H	M	C	P
0	0.21392	0.16169	0.10172	0.05252	0.05785	0.08367	0.03615	0.15353	0.05802	0.01466	0.00708	0.00805	0.00552	0.00391	0.00346	0.00113	0.02679	0.00282	0.00238	0.00515
1	0.00529	0.00364	0.00444	0.00483	0.00542	0.00343	0.00343	0.00633	0.00799	0.01108	0.11850	0.37555	0.14494	0.08391	0.02258	0.00167	0.00244	0.05989	0.13144	0.00322
2	0.00972	0.02054	0.10197	0.02951	0.23940	0.00931	0.09440	0.14684	0.20703	0.01527	0.06805	0.01217	0.01940	0.00443	0.00393	0.00121	0.00424	0.00398	0.00284	0.00575
3	0.00493	0.00352	0.00475	0.00564	0.00597	0.00334	0.00401	0.00579	0.00760	0.01008	0.02099	0.72127	0.02479	0.01177	0.00496	0.00159	0.00245	0.14981	0.00355	0.00319
4	0.01119	0.00852	0.01375	0.01816	0.55080	0.00860	0.02618	0.02774	0.02506	0.19608	0.00901	0.01030	0.00686	0.00400	0.00446	0.00119	0.06591	0.00355	0.00258	0.00603
5	0.06780	0.31322	0.09125	0.00706	0.01041	0.08215	0.00661	0.07334	0.00889	0.02868	0.00647	0.00732	0.00531	0.00338	0.00290	0.00085	0.00402	0.00237	0.00214	0.27582
6	0.00556	0.00420	0.00622	0.00618	0.00682	0.00493	0.00478	0.00686	0.00613	0.00885	0.01021	0.01531	0.00965	0.06361	0.79289	0.00594	0.03225	0.00415	0.00206	0.00340
7	0.00905	0.01034	0.02262	0.01616	0.02004	0.00970	0.82741	0.01228	0.00905	0.01228	0.00776	0.01034	0.00582	0.00323	0.00452	0.00129	0.00646	0.00452	0.00194	0.00517
8	0.00651	0.00583	0.00989	0.01016	0.12719	0.00554	0.16817	0.00820	0.00850	0.01134	0.06326	0.28511	0.11672	0.00830	0.00467	0.00143	0.00357	0.14853	0.00303	0.00406
9	0.00585	0.00448	0.00534	0.00508	0.00624	0.00434	0.00384	0.00847	0.11084	0.02573	0.43006	0.05153	0.24396	0.00961	0.06592	0.00161	0.00264	0.00678	0.00384	0.00383
10	0.89233	0.00741	0.00564	0.00504	0.00741	0.00860	0.00415	0.01127	0.00653	0.01720	0.00534	0.00623	0.00415	0.00356	0.00237	0.00119	0.00297	0.00208	0.00237	0.00415
11	0.00475	0.00355	0.00442	0.00492	0.00550	0.00322	0.00342	0.00566	0.00819	0.01074	0.14569	0.54602	0.21825	0.01086	0.00475	0.00144	0.00210	0.00966	0.00366	0.00322
12	0.01367	0.01701	0.01132	0.01131	0.10203	0.73566	0.00785	0.01506	0.03293	0.00991	0.00633	0.00739	0.00525	0.00393	0.00351	0.00101	0.00655	0.00262	0.00202	0.00467
13	0.00666	0.00333	0.00500	0.00500	0.00500	0.00333	0.00333	0.00500	0.00500	0.00666	0.00666	0.01166	0.00666	0.01332	0.01499	0.88844	0.00333	0.00333	0.00167	0.00167
14	0.00477	0.00342	0.00455	0.00543	0.00571	0.00320	0.00372	0.00552	0.00747	0.00991	0.02141	0.79199	0.04054	0.01187	0.00491	0.00157	0.00231	0.06499	0.00356	0.00314
15	0.01127	0.00929	0.00866	0.03079	0.02878	0.22971	0.00608	0.07510	0.03490	0.18462	0.05925	0.07631	0.07224	0.00743	0.06010	0.00154	0.04180	0.03554	0.02185	0.00475
16	0.00531	0.00379	0.00532	0.00577	0.00632	0.00355	0.02883	0.00630	0.00802	0.02959	0.11133	0.63616	0.03989	0.01095	0.00485	0.00152	0.00244	0.08309	0.00361	0.00335
17	0.00509	0.00365	0.00491	0.00569	0.00615	0.00347	0.00419	0.00611	0.00798	0.01060	0.07769	0.58451	0.04397	0.01132	0.00496	0.00158	0.00251	0.20875	0.00360	0.00325
18	0.00730	0.00681	0.00858	0.00779	0.00835	0.07751	0.02336	0.00832	0.00644	0.00895	0.00819	0.01287	0.00792	0.09268	0.39177	0.02028	0.29342	0.00384	0.00194	0.00367
19	0.00938	0.07389	0.15507	0.09784	0.19735	0.05107	0.15567	0.01239	0.05481	0.05384	0.03024	0.00999	0.00681	0.00402	0.00450	0.00122	0.07093	0.00353	0.00213	0.00531
20	0.01012	0.01157	0.03321	0.02665	0.16527	0.22663	0.17967	0.01187	0.00846	0.01059	0.00666	0.02422	0.00579	0.00494	0.01728	0.00136	0.24550	0.00352	0.00189	0.00481
21	0.16977	0.05363	0.06700	0.05899	0.30914	0.14912	0.10484	0.02254	0.00870	0.01263	0.00661	0.00835	0.00533	0.00355	0.00349	0.00114	0.00496	0.00304	0.00199	0.00518
22	0.00523	0.00382	0.00496	0.00552	0.00603	0.00372	0.00395	0.00661	0.04505	0.01076	0.11309	0.53197	0.04902	0.05457	0.04138	0.00183	0.00277	0.10288	0.00352	0.00333
23	0.04119	0.01398	0.01092	0.00912	0.01165	0.40314	0.00718	0.38939	0.01403	0.05177	0.00781	0.00821	0.00584	0.00427	0.00362	0.00108	0.00540	0.00297	0.00296	0.00548
24	0.39854	0.00587	0.00540	0.00487	0.00669	0.00636	0.00392	0.04553	0.00809	0.09065	0.00974	0.01152	0.00762	0.00433	0.00280	0.00109	0.00261	0.03405	0.34608	0.00422
25	0.00459	0.00390	0.00397	0.00401	0.00528	0.00328	0.00304	0.00560	0.00874	0.01040	0.03813	0.03714	0.80844	0.00974	0.00456	0.00131	0.00200	0.03904	0.00356	0.00325
26	0.00467	0.00334	0.00445	0.00534	0.00556	0.00311	0.00356	0.00534	0.00734	0.00979	0.02113	0.86275	0.02536	0.01201	0.00489	0.00156	0.00222	0.01090	0.00356	0.00311
27	0.06451	0.00657	0.00872	0.00673	0.00966	0.00580	0.00556	0.01828	0.01073	0.79929	0.01460	0.01268	0.00920	0.00468	0.00378	0.00119	0.00325	0.00376	0.00462	0.00640
28	0.01025	0.86756	0.02009	0.00656	0.00984	0.01517	0.00656	0.01148	0.00779	0.00902	0.00533	0.00615	0.00492	0.00328	0.00246	0.00082	0.00410	0.00205	0.00164	0.00492
29	0.00851	0.29149	0.58092	0.00953	0.01443	0.01091	0.01173	0.01193	0.00800	0.01114	0.00638	0.00747	0.00488	0.00353	0.00326	0.00109	0.00516	0.00258	0.00163	0.00543
30	0.00618	0.00441	0.00618	0.00706	0.00794	0.00441	0.00618	0.00794	0.00883	0.01147	0.02030	0.04325	0.02207	0.01059	0.00530	0.00177	0.00353	0.81553	0.00353	0.00353
31	0.89233	0.00741	0.00564	0.00504	0.00741	0.00860	0.00415	0.01127	0.00653	0.01720	0.00534	0.00623	0.00415	0.00356	0.00237	0.00119	0.00297	0.00208	0.00237	0.00415

[dist]
# distance from previous block
# <min> <max>
0	9

[block]
# block no. 5 follows, 71 sequences, length 18
# corresponding to MSA columns:
# 1340,1343-1359
name=unknown_F
#
# <colnr> <probs for GDERKNQSTAVLIFYWHMCP>
#	G	D	E	R	K	N	Q	S	T	A	V	L	I	F	Y	W	H	M	C	P
0	0.00467	0.00334	0.00445	0.00534	0.00556	0.00311	0.00356	0.00534	0.00734	0.00979	0.02113	0.86275	0.02536	0.01201	0.00489	0.00156	0.00222	0.01090	0.00356	0.00311
1	0.89233	0.00741	0.00564	0.00504	0.00741	0.00860	0.00415	0.01127	0.00653	0.01720	0.00534	0.00623	0.00415	0.00356	0.00237	0.00119	0.00297	0.00208	0.00237	0.00415
2	0.00949	0.00911	0.01556	0.02353	0.84133	0.00911	0.01177	0.01177	0.00873	0.01253	0.00721	0.00949	0.00607	0.00342	0.00380	0.00114	0.00456	0.00342	0.00190	0.00607
3	0.00954	0.00824	0.00867	0.00780	0.00997	0.00954	0.00607	0.02037	0.83441	0.01604	0.01561	0.01431	0.01170	0.00520	0.00390	0.00130	0.00303	0.00433	0.00390	0.00607
4	0.00646	0.00388	0.00416	0.00403	0.00518	0.00355	0.00305	0.00790	0.00875	0.05751	0.11156	0.04061	0.32980	0.00699	0.00369	0.00111	0.00194	0.00581	0.39042	0.00360
5	0.00905	0.01034	0.02262	0.01616	0.02004	0.00970	0.82741	0.01228	0.00905	0.01228	0.00776	0.01034	0.00582	0.00323	0.00452	0.00129	0.00646	0.00452	0.00194	0.00517
6	0.00769	0.00461	0.00583	0.00521	0.00661	0.00423	0.00401	0.00976	0.05075	0.16845	0.53492	0.02620	0.14176	0.00740	0.00437	0.00122	0.00216	0.00640	0.00421	0.00422
7	0.00460	0.00389	0.00397	0.00395	0.00522	0.00326	0.00296	0.00563	0.00889	0.01072	0.09718	0.03630	0.78121	0.00957	0.00453	0.00129	0.00193	0.00801	0.00361	0.00326
8	0.05702	0.00807	0.00968	0.00745	0.01043	0.00800	0.00616	0.30704	0.01328	0.51324	0.01256	0.01136	0.00818	0.00464	0.00378	0.00117	0.00359	0.00363	0.00431	0.00641
9	0.00551	0.00371	0.00430	0.00436	0.00441	0.00373	0.00253	0.00562	0.00573	0.00768	0.01265	0.08516	0.01455	0.76276	0.05897	0.00368	0.00393	0.00589	0.00240	0.00243
10	0.00482	0.00352	0.00441	0.00505	0.00544	0.00326	0.00343	0.00551	0.00743	0.00968	0.02289	0.59243	0.15564	0.11262	0.00659	0.00178	0.00242	0.04662	0.00341	0.00306
11	0.01587	0.00789	0.00965	0.00748	0.01042	0.00777	0.00616	0.25827	0.07228	0.54204	0.01341	0.01200	0.00877	0.00474	0.00385	0.00118	0.00353	0.00377	0.00442	0.00649
12	0.00723	0.00604	0.00907	0.00827	0.02316	0.00747	0.04462	0.00841	0.00645	0.04410	0.00878	0.04505	0.00827	0.01730	0.41036	0.02805	0.30732	0.00408	0.00207	0.00389
13	0.00466	0.00339	0.00440	0.00521	0.00553	0.00313	0.00350	0.00535	0.00747	0.00984	0.02273	0.78835	0.09872	0.01180	0.00486	0.00153	0.00220	0.01065	0.00356	0.00313
14	0.00768	0.00672	0.01109	0.01466	0.40859	0.00674	0.04607	0.00947	0.00820	0.02540	0.09609	0.10924	0.01249	0.05694	0.16116	0.00227	0.00509	0.00493	0.00243	0.00476
15	0.00872	0.06083	0.42883	0.01212	0.01666	0.00929	0.29243	0.03586	0.00882	0.03824	0.00805	0.01059	0.00618	0.00387	0.00397	0.00124	0.00564	0.04126	0.00198	0.00541
16	0.00940	0.01055	0.16609	0.02146	0.14739	0.07330	0.06335	0.05018	0.14489	0.07684	0.02550	0.02631	0.10245	0.01649	0.00421	0.00128	0.00429	0.04793	0.00282	0.00526
17	0.46475	0.04697	0.06283	0.00864	0.09167	0.12458	0.03026	0.02341	0.00767	0.01413	0.00606	0.00758	0.00496	0.01672	0.02975	0.00136	0.04940	0.00258	0.00215	0.00453

[dist]
# distance from previous block
# <min> <max>
1	11

[block]
# block no. 6 follows, 71 sequences, length 36
# corresponding to MSA columns:
# 1371-1383,1405-1427
name=unknown_G
#
# <colnr> <probs for GDERKNQSTAVLIFYWHMCP>
#	G	D	E	R	K	N	Q	S	T	A	V	L	I	F	Y	W	H	M	C	P
0	0.04948	0.10154	0.07531	0.12257	0.21527	0.03468	0.05920	0.01206	0.09614	0.01219	0.02213	0.00953	0.00663	0.00377	0.00376	0.00108	0.03037	0.00319	0.00215	0.13895
1	0.66523	0.00746	0.00679	0.02278	0.06830	0.02639	0.00499	0.02636	0.00702	0.03514	0.00621	0.02382	0.00509	0.00448	0.00364	0.06080	0.01637	0.00255	0.00237	0.00421
2	0.00816	0.00678	0.00791	0.00578	0.00903	0.00530	0.00461	0.01032	0.05001	0.03231	0.03683	0.00912	0.00715	0.00318	0.00298	0.00064	0.00282	0.00258	0.00248	0.79201
3	0.00896	0.00930	0.01195	0.01019	0.01056	0.08376	0.03672	0.01021	0.03295	0.00957	0.00554	0.00852	0.00527	0.00630	0.01124	0.00159	0.72791	0.00335	0.00178	0.00431
4	0.00475	0.00342	0.00451	0.00528	0.00561	0.00318	0.00360	0.00554	0.00768	0.01026	0.08166	0.75153	0.05799	0.01159	0.00486	0.00153	0.00221	0.02803	0.00361	0.00316
5	0.00484	0.00390	0.00431	0.00421	0.00537	0.00337	0.00316	0.00610	0.00947	0.01209	0.31572	0.03404	0.56182	0.00906	0.00453	0.00126	0.00190	0.00769	0.00379	0.00337
6	0.00550	0.00407	0.00501	0.00476	0.00566	0.00382	0.00348	0.00737	0.04348	0.01389	0.61395	0.02868	0.13203	0.10428	0.00618	0.00150	0.00209	0.00682	0.00391	0.00352
7	0.07079	0.00428	0.00532	0.00492	0.00602	0.00407	0.00374	0.00801	0.01054	0.05025	0.74376	0.02635	0.03272	0.00740	0.00434	0.00120	0.00195	0.00645	0.00411	0.00378
8	0.00795	0.00681	0.00795	0.00568	0.00909	0.00511	0.00454	0.00965	0.00795	0.01249	0.00681	0.00795	0.00568	0.00284	0.00284	0.00057	0.00284	0.00227	0.00227	0.88869
9	0.06018	0.00895	0.01011	0.00776	0.01079	0.00925	0.00640	0.47092	0.01445	0.27566	0.01064	0.01014	0.00725	0.00445	0.00369	0.00112	0.00375	0.00341	0.00392	0.07718
10	0.01477	0.01043	0.01132	0.00868	0.01174	0.01143	0.00717	0.76931	0.01751	0.08413	0.00964	0.00949	0.00674	0.00461	0.00384	0.00115	0.00415	0.00348	0.00390	0.00652
11	0.00906	0.00774	0.00826	0.00746	0.00948	0.00886	0.00579	0.01886	0.73964	0.01596	0.11039	0.01595	0.01452	0.00551	0.00397	0.00129	0.00289	0.00463	0.00394	0.00579
12	0.00478	0.00350	0.00442	0.00510	0.00551	0.00324	0.00348	0.00550	0.00751	0.00979	0.02332	0.62948	0.15716	0.07398	0.00592	0.00168	0.00235	0.04671	0.00347	0.00310
13	0.00897	0.32432	0.49289	0.00900	0.01357	0.01089	0.01079	0.01208	0.00810	0.04367	0.00679	0.00775	0.00519	0.00358	0.00320	0.00106	0.00490	0.00261	0.02525	0.00538
14	0.01432	0.01827	0.01087	0.00988	0.01185	0.84986	0.00741	0.01531	0.01087	0.00938	0.00593	0.00691	0.00494	0.00395	0.00346	0.00099	0.00691	0.00247	0.00198	0.00444
15	0.00666	0.00333	0.00500	0.00500	0.00500	0.00333	0.00333	0.00500	0.00500	0.00666	0.00666	0.01166	0.00666	0.01332	0.01499	0.88844	0.00333	0.00333	0.00167	0.00167
16	0.00731	0.05570	0.06542	0.02535	0.03582	0.02827	0.03978	0.04364	0.02774	0.04444	0.06023	0.29313	0.09088	0.00799	0.02069	0.00138	0.01751	0.01918	0.11143	0.00411
17	0.03303	0.00867	0.01217	0.51153	0.02097	0.10246	0.10045	0.06585	0.00914	0.06363	0.03077	0.01038	0.00638	0.00399	0.00385	0.00123	0.00514	0.00352	0.00218	0.00465
18	0.00777	0.04730	0.81864	0.01079	0.01638	0.00911	0.01392	0.01212	0.00809	0.01204	0.00683	0.00803	0.00486	0.00363	0.00360	0.00120	0.00562	0.00281	0.00162	0.00564
19	0.00536	0.00369	0.00436	0.00450	0.00473	0.00359	0.00279	0.00577	0.00674	0.00903	0.11643	0.17422	0.06014	0.55293	0.01412	0.00288	0.00313	0.02004	0.00286	0.00269
20	0.02232	0.01142	0.09983	0.07924	0.11845	0.13675	0.17926	0.11686	0.05262	0.06362	0.02421	0.01079	0.00713	0.00423	0.00424	0.00122	0.03486	0.02513	0.00248	0.00533
21	0.00774	0.00742	0.02837	0.25952	0.30859	0.02868	0.00897	0.01002	0.04093	0.01106	0.02758	0.17322	0.01058	0.04154	0.00482	0.00138	0.01758	0.00500	0.00230	0.00470
22	0.00613	0.00352	0.00460	0.00460	0.00460	0.00352	0.00284	0.00528	0.00528	0.00704	0.00929	0.01817	0.01019	0.42620	0.01718	0.45968	0.00352	0.00442	0.00198	0.00198
23	0.01064	0.00526	0.00595	0.00508	0.00678	0.00519	0.00403	0.12057	0.01010	0.22187	0.01272	0.01331	0.00930	0.00455	0.00313	0.00100	0.00248	0.00363	0.54971	0.00470
24	0.00815	0.00766	0.05426	0.00607	0.00959	0.00554	0.00516	0.03633	0.00829	0.01285	0.00690	0.00800	0.00566	0.00294	0.00292	0.00062	0.00304	0.00234	0.00229	0.81140
25	0.09354	0.06102	0.11534	0.01062	0.12512	0.05365	0.03887	0.21342	0.13892	0.03723	0.02393	0.02861	0.00761	0.00444	0.00391	0.00119	0.03063	0.00352	0.00283	0.00561
26	0.00480	0.00350	0.00451	0.00519	0.00561	0.00324	0.00359	0.00562	0.00776	0.01024	0.07599	0.64732	0.12188	0.03406	0.00524	0.00157	0.00227	0.05088	0.00357	0.00316
27	0.01067	0.05797	0.02261	0.06312	0.28323	0.19765	0.02666	0.06651	0.01007	0.07317	0.08412	0.01269	0.05601	0.00457	0.00379	0.00113	0.00463	0.01369	0.00255	0.00516
28	0.00527	0.00394	0.00486	0.00467	0.00562	0.00361	0.00346	0.00693	0.02218	0.01385	0.59876	0.06580	0.20217	0.03584	0.00501	0.00132	0.00193	0.00726	0.00399	0.00351
29	0.00719	0.00871	0.17106	0.06070	0.01188	0.00670	0.12220	0.04521	0.09070	0.01245	0.09689	0.19536	0.02859	0.04524	0.00504	0.00147	0.00397	0.07927	0.00290	0.00446
30	0.00784	0.00646	0.00872	0.00920	0.16489	0.00588	0.02762	0.02695	0.05831	0.02283	0.06480	0.05852	0.04618	0.06031	0.00463	0.00117	0.00318	0.04435	0.06782	0.31034
31	0.00548	0.00411	0.00616	0.00616	0.00685	0.00479	0.00479	0.00685	0.00616	0.00890	0.01027	0.01506	0.00959	0.02876	0.85006	0.00616	0.01027	0.00411	0.00205	0.00342
32	0.00617	0.00507	0.00761	0.00707	0.00782	0.00605	0.03749	0.02105	0.00647	0.00933	0.01004	0.01450	0.02610	0.04312	0.64536	0.00508	0.13187	0.00412	0.00206	0.00363
33	0.81116	0.00733	0.00594	0.00521	0.00764	0.00833	0.00429	0.01196	0.00694	0.09389	0.00625	0.00686	0.00465	0.00367	0.00251	0.00119	0.00299	0.00224	0.00259	0.00437
34	0.06608	0.01984	0.01079	0.00865	0.03435	0.05037	0.01784	0.53408	0.04979	0.02010	0.00885	0.02569	0.00673	0.00443	0.00376	0.00109	0.01726	0.00336	0.00333	0.11361
35	0.00894	0.03265	0.01723	0.01274	0.03010	0.00822	0.52512	0.01171	0.02685	0.07293	0.03261	0.06149	0.04535	0.00471	0.00439	0.00128	0.00517	0.05463	0.00251	0.04137

[dist]
# distance from previous block
# <min> <max>
0	2

[block]
# block no. 7 follows, 71 sequences, length 9
# corresponding to MSA columns:
# 1430-1438
name=unknown_H
#
# <colnr> <probs for GDERKNQSTAVLIFYWHMCP>
#	G	D	E	R	K	N	Q	S	T	A	V	L	I	F	Y	W	H	M	C	P
0	0.00724	0.00681	0.01150	0.85604	0.02641	0.00852	0.01065	0.00980	0.00767	0.00980	0.00681	0.01022	0.00511	0.00383	0.00383	0.00128	0.00511	0.00341	0.00170	0.00426
1	0.03024	0.02711	0.06337	0.28073	0.22050	0.00773	0.02832	0.01145	0.00851	0.13741	0.05721	0.01224	0.00845	0.06540	0.00490	0.00137	0.00434	0.00374	0.00243	0.02454
2	0.04478	0.06083	0.28110	0.03580	0.01349	0.03267	0.14975	0.03337	0.00812	0.01157	0.02078	0.03004	0.03316	0.00762	0.10196	0.02209	0.07263	0.03346	0.00205	0.00472
3	0.00503	0.00385	0.00514	0.00552	0.00619	0.00361	0.02723	0.00599	0.00775	0.01005	0.02371	0.46585	0.20947	0.04752	0.05362	0.00187	0.00296	0.10803	0.00337	0.00324
4	0.00852	0.00708	0.01202	0.68095	0.05850	0.00830	0.05670	0.01099	0.00815	0.10064	0.00779	0.01051	0.00567	0.00388	0.00387	0.00126	0.00496	0.00352	0.00206	0.00463
5	0.03464	0.08854	0.19923	0.00804	0.01039	0.00800	0.05056	0.03269	0.03948	0.02460	0.05827	0.06146	0.07821	0.05611	0.09303	0.00194	0.11651	0.03143	0.00243	0.00444
6	0.04528	0.19474	0.14389	0.09437	0.03656	0.07504	0.05140	0.02817	0.10078	0.02517	0.03414	0.02978	0.07273	0.00494	0.00379	0.01526	0.00433	0.03241	0.00240	0.00483
7	0.00563	0.00391	0.00463	0.00472	0.00554	0.00360	0.00335	0.00642	0.03342	0.03926	0.05335	0.20851	0.36898	0.07273	0.03180	0.13780	0.00266	0.00737	0.00321	0.00313
8	0.00901	0.00838	0.14591	0.05688	0.05839	0.00683	0.02061	0.06810	0.03831	0.15482	0.05731	0.22544	0.03713	0.00715	0.02093	0.00143	0.06976	0.00565	0.00311	0.00485

[dist]
# distance from previous block
# <min> <max>
2	11

[block]
# block no. 8 follows, 71 sequences, length 16
# corresponding to MSA columns:
# 1450-1465
name=unknown_I
#
# <colnr> <probs for GDERKNQSTAVLIFYWHMCP>
#	G	D	E	R	K	N	Q	S	T	A	V	L	I	F	Y	W	H	M	C	P
0	0.04956	0.29331	0.17922	0.01067	0.10164	0.05115	0.09467	0.11020	0.00935	0.01266	0.00671	0.00796	0.00538	0.00370	0.00359	0.00107	0.03255	0.00287	0.01842	0.00530
1	0.00575	0.00444	0.00561	0.00546	0.00618	0.00477	0.00407	0.00718	0.04487	0.01045	0.12713	0.08584	0.19475	0.12255	0.21643	0.02956	0.07885	0.00595	0.03680	0.00339
2	0.01117	0.37222	0.09245	0.00861	0.01120	0.30528	0.00782	0.01256	0.00862	0.00947	0.00564	0.00691	0.00494	0.00403	0.00433	0.00104	0.12477	0.00245	0.00176	0.00472
3	0.00562	0.00398	0.00506	0.00475	0.00576	0.00362	0.00358	0.00731	0.01057	0.03709	0.70816	0.02934	0.14476	0.00801	0.00451	0.00122	0.00187	0.00701	0.00415	0.00364
4	0.00492	0.00382	0.00445	0.00452	0.00548	0.00339	0.00333	0.00612	0.00914	0.01188	0.29638	0.16136	0.40781	0.02928	0.00495	0.00138	0.00203	0.03269	0.00375	0.00333
5	0.00498	0.00367	0.00466	0.00489	0.00557	0.00335	0.00348	0.00619	0.00908	0.01230	0.37862	0.37369	0.15568	0.00985	0.00468	0.00136	0.00200	0.00875	0.00385	0.00335
6	0.01008	0.00850	0.00897	0.00791	0.01018	0.00979	0.00620	0.10705	0.74685	0.01691	0.01492	0.01376	0.01115	0.00514	0.00389	0.00128	0.00316	0.00424	0.00389	0.00612
7	0.00984	0.00839	0.00884	0.00786	0.01009	0.00968	0.00614	0.06905	0.78524	0.01653	0.01522	0.01400	0.01139	0.00517	0.00390	0.00129	0.00311	0.00428	0.00390	0.00610
8	0.00548	0.00411	0.00616	0.00616	0.00685	0.00479	0.00479	0.00685	0.00616	0.00890	0.01027	0.01506	0.00959	0.02876	0.85006	0.00616	0.01027	0.00411	0.00205	0.00342
9	0.03415	0.09961	0.05316	0.00922	0.01148	0.39983	0.02439	0.08413	0.13528	0.01199	0.00759	0.00842	0.00610	0.00438	0.00441	0.00113	0.09449	0.00294	0.00235	0.00496
10	0.00603	0.00459	0.00661	0.00651	0.00751	0.00444	0.07593	0.02214	0.02532	0.01140	0.04441	0.30220	0.10138	0.04679	0.00532	0.00158	0.00300	0.23676	0.08451	0.00357
11	0.01226	0.00560	0.00731	0.00611	0.00823	0.00506	0.00489	0.01429	0.05698	0.47940	0.18802	0.05900	0.06459	0.00622	0.00409	0.00123	0.00278	0.03125	0.03735	0.00534
12	0.10754	0.00762	0.00890	0.00848	0.09148	0.03022	0.03061	0.14960	0.13638	0.15521	0.03530	0.01571	0.12071	0.02493	0.00414	0.00126	0.00341	0.01881	0.04444	0.00525
13	0.26273	0.00899	0.00970	0.10173	0.07579	0.04785	0.00687	0.27926	0.04222	0.11691	0.00849	0.00904	0.00614	0.00414	0.00340	0.00118	0.00395	0.00309	0.00306	0.00545
14	0.04484	0.04690	0.01175	0.01112	0.15311	0.19236	0.05670	0.18309	0.11423	0.02987	0.00895	0.02675	0.00711	0.00421	0.00360	0.00110	0.00455	0.00340	0.04771	0.04864
15	0.06209	0.11924	0.03445	0.00938	0.15107	0.00825	0.00664	0.11482	0.02973	0.08483	0.05149	0.02492	0.03410	0.00413	0.00336	0.00097	0.00351	0.00334	0.00272	0.25095

[dist]
# distance from previous block
# <min> <max>
2	5

[block]
# block no. 9 follows, 71 sequences, length 6
# corresponding to MSA columns:
# 1472-1477
name=unknown_J
#
# <colnr> <probs for GDERKNQSTAVLIFYWHMCP>
#	G	D	E	R	K	N	Q	S	T	A	V	L	I	F	Y	W	H	M	C	P
0	0.04571	0.00941	0.01309	0.08179	0.32252	0.03747	0.04842	0.24141	0.01128	0.08807	0.00821	0.00954	0.00623	0.00411	0.00431	0.00119	0.05531	0.00343	0.00268	0.00581
1	0.00572	0.00434	0.00484	0.00516	0.00560	0.03581	0.00358	0.00634	0.00713	0.00911	0.01832	0.20406	0.11003	0.39406	0.01144	0.00252	0.00329	0.16282	0.00294	0.00290
2	0.00517	0.00362	0.00436	0.00472	0.00504	0.00343	0.00308	0.00555	0.00683	0.00888	0.01972	0.32779	0.15185	0.33689	0.01098	0.05147	0.00286	0.04200	0.00298	0.00277
3	0.00860	0.00780	0.01247	0.56221	0.21953	0.00904	0.01054	0.10196	0.00908	0.01206	0.00718	0.00993	0.00550	0.00382	0.00382	0.00123	0.00488	0.00341	0.00199	0.00495
4	0.00985	0.02821	0.01123	0.16779	0.22234	0.13339	0.00829	0.07625	0.05764	0.05437	0.10740	0.01309	0.04868	0.00478	0.00422	0.00119	0.03968	0.00395	0.00262	0.00503
5	0.00620	0.00502	0.00680	0.09958	0.03366	0.00515	0.03511	0.00863	0.10117	0.01127	0.05389	0.20502	0.17506	0.07218	0.00559	0.00157	0.00307	0.12563	0.04160	0.00380

[dist]
# distance from previous block
# <min> <max>
0	22

[block]
# block no. 10 follows, 71 sequences, length 63
# corresponding to MSA columns:
# 1500-1527,1552-1572,1577-1590
name=unknown_K
#
# <colnr> <probs for GDERKNQSTAVLIFYWHMCP>
#	G	D	E	R	K	N	Q	S	T	A	V	L	I	F	Y	W	H	M	C	P
0	0.10428	0.07068	0.05822	0.07202	0.22325	0.10065	0.11594	0.05958	0.00900	0.01282	0.00687	0.00857	0.00552	0.00383	0.01468	0.00113	0.00479	0.00305	0.00208	0.12305
1	0.00622	0.00436	0.00524	0.00507	0.00587	0.00411	0.00347	0.02632	0.01901	0.03072	0.03124	0.21620	0.05988	0.35979	0.03647	0.02368	0.00330	0.04309	0.00286	0.11310
2	0.01103	0.13168	0.02415	0.00981	0.07099	0.33533	0.03960	0.04671	0.05364	0.01118	0.02592	0.01065	0.00740	0.00530	0.02937	0.00127	0.08540	0.04149	0.05440	0.00468
3	0.00644	0.00432	0.00591	0.00562	0.00661	0.00448	0.00436	0.02746	0.00868	0.06348	0.32165	0.02095	0.04503	0.01717	0.39315	0.00348	0.00588	0.01785	0.03370	0.00376
4	0.00942	0.00463	0.00578	0.00508	0.00664	0.00418	0.00395	0.01097	0.00982	0.27548	0.25575	0.06207	0.10777	0.00647	0.00389	0.00115	0.00230	0.00548	0.21474	0.00446
5	0.00507	0.00391	0.00463	0.00445	0.00551	0.00347	0.00334	0.00655	0.01002	0.01339	0.52278	0.03191	0.35395	0.00858	0.00453	0.00124	0.00186	0.00739	0.00396	0.00347
6	0.00561	0.00390	0.00511	0.00511	0.00548	0.00423	0.00353	0.00635	0.00598	0.00848	0.01123	0.01972	0.01164	0.41912	0.41977	0.00476	0.00679	0.00477	0.04552	0.00292
7	0.01025	0.86756	0.02009	0.00656	0.00984	0.01517	0.00656	0.01148	0.00779	0.00902	0.00533	0.00615	0.00492	0.00328	0.00246	0.00082	0.00410	0.00205	0.00164	0.00492
8	0.00769	0.01983	0.84538	0.01093	0.01659	0.00890	0.01417	0.01214	0.00810	0.01214	0.00688	0.00810	0.00486	0.00364	0.00364	0.00121	0.00567	0.00283	0.00162	0.00567
9	0.65210	0.00717	0.00653	0.00553	0.00807	0.00779	0.00456	0.01331	0.00775	0.24417	0.00803	0.00810	0.00562	0.00388	0.00278	0.00119	0.00305	0.00256	0.00302	0.00480
10	0.00839	0.00839	0.01174	0.01007	0.01007	0.01174	0.00839	0.00923	0.00587	0.00923	0.00503	0.00839	0.00503	0.00671	0.01258	0.00168	0.85823	0.00336	0.00168	0.00419
11	0.00649	0.00512	0.00681	0.00805	0.07465	0.03107	0.00618	0.00818	0.00893	0.01161	0.07691	0.06144	0.07334	0.00988	0.01807	0.00168	0.00356	0.58090	0.00338	0.00374
12	0.00474	0.00339	0.00453	0.00542	0.00567	0.00318	0.00368	0.00546	0.00741	0.00987	0.02109	0.82396	0.02520	0.01195	0.00491	0.00157	0.00229	0.04899	0.00356	0.00313
13	0.00942	0.00904	0.01544	0.04883	0.81658	0.00909	0.01173	0.01171	0.00870	0.01244	0.00720	0.00951	0.00604	0.00343	0.00380	0.00114	0.00457	0.00342	0.00189	0.00602
14	0.01434	0.01777	0.01091	0.00981	0.01186	0.79400	0.00740	0.06952	0.01134	0.01037	0.00615	0.00707	0.00504	0.00399	0.00348	0.00100	0.00673	0.00253	0.00210	0.00458
15	0.05247	0.00661	0.00787	0.04504	0.00960	0.00690	0.00603	0.22845	0.01098	0.04079	0.02980	0.02337	0.01334	0.02737	0.00464	0.00139	0.01364	0.31682	0.06824	0.08665
16	0.09824	0.04688	0.01165	0.01130	0.16513	0.07321	0.09110	0.08921	0.14052	0.06652	0.01064	0.02523	0.00906	0.01526	0.02064	0.00138	0.02120	0.09479	0.00283	0.00523
17	0.01274	0.00983	0.01047	0.00845	0.01119	0.01103	0.00684	0.53349	0.31609	0.02120	0.01154	0.01107	0.00841	0.00482	0.00386	0.00121	0.00379	0.00377	0.00386	0.00636
18	0.00798	0.06702	0.17504	0.01225	0.11937	0.00829	0.27384	0.02254	0.03409	0.01220	0.07005	0.06886	0.10123	0.00502	0.00412	0.00124	0.00468	0.00485	0.00238	0.00496
19	0.00712	0.00653	0.01068	0.61650	0.09878	0.00776	0.00949	0.00963	0.03504	0.01026	0.00939	0.14423	0.00860	0.00512	0.00400	0.00131	0.00454	0.00462	0.00209	0.00431
20	0.00593	0.00474	0.00609	0.00604	0.00669	0.04604	0.00455	0.00707	0.00630	0.00870	0.01033	0.01618	0.01002	0.15425	0.68277	0.00554	0.00911	0.00425	0.00209	0.00331
21	0.00972	0.06527	0.17247	0.13088	0.14749	0.09404	0.22996	0.02338	0.02435	0.05482	0.00759	0.00936	0.00574	0.00363	0.00386	0.00118	0.00546	0.00346	0.00203	0.00530
22	0.06338	0.07750	0.01305	0.01297	0.24153	0.13657	0.05590	0.07556	0.00932	0.08056	0.03477	0.00949	0.00687	0.00474	0.01694	0.00127	0.14872	0.00331	0.00235	0.00521
23	0.00470	0.00335	0.00444	0.00530	0.00552	0.00313	0.00352	0.00535	0.00728	0.00971	0.02083	0.83506	0.02498	0.04022	0.00538	0.00163	0.00227	0.01072	0.00352	0.00309
24	0.00643	0.01707	0.00602	0.00629	0.00729	0.04580	0.00515	0.03468	0.00895	0.01143	0.03817	0.16236	0.14883	0.02205	0.00504	0.00158	0.00319	0.43501	0.03106	0.00357
25	0.00899	0.00850	0.01283	0.36550	0.32083	0.04969	0.02917	0.02090	0.10622	0.02802	0.00817	0.01032	0.00635	0.00386	0.00383	0.00121	0.00474	0.00351	0.00214	0.00523
