[name]
unknown

[dist]
# distance from previous block
# <min> <max>
4	174

[block]
# block no. 0 follows, 79 sequences, length 15
# corresponding to MSA columns:
# 700-714
name=unknown_A
#
# <colnr> <probs for GDERKNQSTAVLIFYWHMCP>
#	G	D	E	R	K	N	Q	S	T	A	V	L	I	F	Y	W	H	M	C	P
0	0.07847	0.17649	0.12221	0.03452	0.12029	0.11771	0.05109	0.08510	0.03267	0.01144	0.00738	0.02827	0.03061	0.00394	0.00377	0.00104	0.06945	0.00297	0.00199	0.02058
1	0.00497	0.00347	0.00441	0.00481	0.00534	0.00322	0.00333	0.00594	0.02109	0.02382	0.08905	0.59795	0.03387	0.06339	0.00507	0.00144	0.00216	0.02796	0.04951	0.04918
2	0.02798	0.02204	0.02076	0.08929	0.19373	0.01725	0.02712	0.19197	0.20924	0.08481	0.00961	0.01012	0.00717	0.00394	0.00342	0.00108	0.00361	0.00333	0.04916	0.02438
3	0.00666	0.00555	0.00620	0.00574	0.00692	0.03538	0.01448	0.01059	0.28759	0.01109	0.10893	0.04678	0.05595	0.18991	0.14069	0.00232	0.00392	0.01585	0.00287	0.04259
4	0.85497	0.00733	0.00543	0.00487	0.00703	0.05222	0.00397	0.01055	0.00620	0.01544	0.00494	0.00576	0.00385	0.00329	0.00223	0.00108	0.00291	0.00193	0.00216	0.00383
5	0.02548	0.00788	0.01146	0.00870	0.01131	0.00801	0.22323	0.29091	0.05698	0.15987	0.03485	0.01070	0.00773	0.00401	0.00355	0.00108	0.00383	0.00363	0.12162	0.00517
6	0.01313	0.00773	0.00886	0.00694	0.00946	0.00804	0.00568	0.43282	0.05465	0.29657	0.03849	0.01083	0.00828	0.00439	0.00347	0.00106	0.00328	0.00345	0.07722	0.00566
7	0.00504	0.00362	0.00451	0.00437	0.00525	0.00328	0.00326	0.00642	0.00919	0.03290	0.56446	0.09619	0.20118	0.02324	0.00443	0.00120	0.00181	0.02272	0.00367	0.00326
8	0.00873	0.07097	0.22798	0.11744	0.08493	0.02945	0.03012	0.12807	0.08070	0.05365	0.08375	0.01119	0.01777	0.00421	0.00363	0.00110	0.01886	0.02014	0.00241	0.00491
9	0.00651	0.00400	0.00493	0.00459	0.00579	0.00358	0.00348	0.00794	0.02665	0.14965	0.35639	0.12912	0.26848	0.00766	0.00409	0.00117	0.00199	0.00662	0.00370	0.00365
10	0.00935	0.04265	0.07909	0.03528	0.16426	0.03834	0.05945	0.18637	0.19259	0.02639	0.05209	0.03971	0.00874	0.00432	0.00362	0.00110	0.01431	0.00368	0.03350	0.00514
11	0.70256	0.05056	0.00701	0.00561	0.00774	0.06477	0.02617	0.03168	0.00661	0.01460	0.00507	0.00604	0.00404	0.00346	0.00286	0.00109	0.05197	0.00209	0.00211	0.00395
12	0.00947	0.05648	0.07089	0.03056	0.14183	0.02565	0.08757	0.07127	0.10810	0.15051	0.05828	0.02596	0.04778	0.00460	0.01395	0.00113	0.01770	0.01145	0.00274	0.06408
13	0.00529	0.02380	0.03406	0.00527	0.00597	0.00389	0.02551	0.00602	0.03168	0.00904	0.07265	0.37935	0.10992	0.03048	0.00679	0.19721	0.01674	0.03070	0.00275	0.00287
14	0.04015	0.00572	0.05447	0.00743	0.09664	0.00510	0.05016	0.03505	0.05403	0.02791	0.31219	0.05911	0.07489	0.00691	0.00526	0.12761	0.00280	0.01567	0.01517	0.00372

[dist]
# distance from previous block
# <min> <max>
4	28

[block]
# block no. 1 follows, 79 sequences, length 6
# corresponding to MSA columns:
# 746-751
name=unknown_B
#
# <colnr> <probs for GDERKNQSTAVLIFYWHMCP>
#	G	D	E	R	K	N	Q	S	T	A	V	L	I	F	Y	W	H	M	C	P
0	0.14532	0.00980	0.05887	0.01228	0.01548	0.06756	0.58024	0.01113	0.00793	0.01167	0.00673	0.00878	0.00515	0.00402	0.03818	0.00133	0.00558	0.00359	0.00184	0.00452
1	0.03776	0.02690	0.07887	0.05097	0.09959	0.08859	0.21369	0.15247	0.04511	0.04803	0.00768	0.02649	0.00597	0.00359	0.00349	0.00104	0.00450	0.00329	0.00230	0.09965
2	0.00621	0.00493	0.00612	0.02349	0.03176	0.01980	0.00443	0.02713	0.05053	0.02959	0.12302	0.15197	0.10675	0.14586	0.04832	0.00180	0.08897	0.06779	0.00280	0.05875
3	0.00707	0.01823	0.85788	0.01005	0.01525	0.00818	0.01302	0.01116	0.00744	0.01116	0.00632	0.00744	0.00446	0.00335	0.00335	0.00112	0.00521	0.00260	0.00149	0.00521
4	0.00459	0.00335	0.00429	0.00495	0.00530	0.00320	0.00340	0.00562	0.04048	0.00922	0.01965	0.69419	0.07042	0.06052	0.00524	0.00153	0.00221	0.05566	0.00322	0.00296
5	0.00748	0.02369	0.03653	0.03667	0.18045	0.00718	0.18924	0.02497	0.02653	0.03658	0.16112	0.10049	0.01260	0.03383	0.00525	0.00127	0.10465	0.00470	0.00242	0.00434

[dist]
# distance from previous block
# <min> <max>
1	7

[block]
# block no. 2 follows, 79 sequences, length 9
# corresponding to MSA columns:
# 759,760,774-776,783-786
name=unknown_C
#
# <colnr> <probs for GDERKNQSTAVLIFYWHMCP>
#	G	D	E	R	K	N	Q	S	T	A	V	L	I	F	Y	W	H	M	C	P
0	0.00931	0.11233	0.27050	0.02510	0.05650	0.13853	0.02699	0.10408	0.14047	0.01204	0.00771	0.02396	0.00607	0.00394	0.00371	0.00107	0.04757	0.00298	0.00215	0.00498
1	0.02425	0.11774	0.12722	0.06145	0.10290	0.12476	0.10980	0.11762	0.10198	0.05092	0.00773	0.00863	0.00588	0.00362	0.00334	0.00104	0.00449	0.00302	0.01862	0.00500
2	0.00495	0.00354	0.00426	0.00425	0.00510	0.00322	0.00311	0.00614	0.00844	0.02978	0.35026	0.16605	0.28068	0.03173	0.03269	0.00138	0.00209	0.00695	0.05222	0.00316
3	0.00841	0.07344	0.26075	0.06686	0.17021	0.08070	0.10653	0.02732	0.08205	0.01119	0.03458	0.00898	0.00633	0.00367	0.00381	0.00110	0.04412	0.00312	0.00191	0.00492
4	0.00490	0.00429	0.04645	0.00472	0.00576	0.00350	0.00382	0.00635	0.00879	0.01192	0.44881	0.11544	0.21100	0.03300	0.00461	0.00127	0.00209	0.07655	0.00346	0.00325
5	0.00510	0.00360	0.00447	0.00463	0.00534	0.00337	0.00331	0.00641	0.03641	0.03945	0.24288	0.36102	0.17358	0.03721	0.03758	0.00150	0.00227	0.00763	0.02105	0.00320
6	0.82607	0.00675	0.00543	0.00477	0.00700	0.00768	0.00393	0.01094	0.00634	0.08701	0.00567	0.00626	0.00423	0.00336	0.00230	0.00109	0.00275	0.00205	0.00237	0.00400
7	0.04411	0.11381	0.14749	0.02517	0.11255	0.04901	0.05397	0.03104	0.06422	0.09702	0.00842	0.05625	0.00699	0.00411	0.00347	0.02006	0.00384	0.01809	0.00228	0.13810
8	0.09667	0.02881	0.00645	0.00531	0.00685	0.02581	0.04952	0.08513	0.03344	0.07265	0.16064	0.02715	0.03176	0.00482	0.00315	0.00100	0.00252	0.01740	0.33695	0.00397

[dist]
# distance from previous block
# <min> <max>
3	12

[block]
# block no. 3 follows, 79 sequences, length 40
# corresponding to MSA columns:
# 818,819,821,822,835-839,842,843,845-873
name=unknown_D
#
# <colnr> <probs for GDERKNQSTAVLIFYWHMCP>
#	G	D	E	R	K	N	Q	S	T	A	V	L	I	F	Y	W	H	M	C	P
0	0.02756	0.04252	0.11670	0.04528	0.55219	0.00857	0.04752	0.01132	0.07089	0.01158	0.01629	0.00895	0.00601	0.00338	0.00356	0.00107	0.01629	0.00314	0.00187	0.00532
1	0.00801	0.05892	0.06700	0.12693	0.04308	0.00744	0.04157	0.10753	0.04557	0.06349	0.00850	0.02253	0.00723	0.06857	0.21843	0.00240	0.06856	0.00349	0.00222	0.02851
2	0.00685	0.00634	0.00989	0.00837	0.00930	0.00758	0.13745	0.02741	0.04173	0.00980	0.04279	0.09722	0.00921	0.01855	0.20871	0.00240	0.32597	0.00431	0.02231	0.00380
3	0.03154	0.07377	0.00959	0.00714	0.02603	0.00883	0.00574	0.33786	0.15943	0.05749	0.00899	0.00916	0.00675	0.00393	0.00340	0.00096	0.02610	0.00300	0.04360	0.17668
4	0.00738	0.00525	0.01715	0.00576	0.00761	0.00448	0.03322	0.00912	0.04858	0.12531	0.06285	0.23263	0.03436	0.02517	0.01596	0.00116	0.00276	0.06848	0.00297	0.28978
5	0.02782	0.23433	0.39346	0.02010	0.05617	0.00953	0.05797	0.05685	0.00805	0.05429	0.00649	0.00744	0.00491	0.00330	0.00309	0.00099	0.00447	0.00259	0.00183	0.04633
6	0.00586	0.00476	0.00614	0.00581	0.00643	0.03748	0.02178	0.02376	0.02103	0.00880	0.06628	0.01645	0.01108	0.22551	0.44411	0.00401	0.06641	0.01902	0.00214	0.00314
7	0.00485	0.02197	0.02373	0.00494	0.00564	0.00367	0.00362	0.00633	0.06174	0.01014	0.12011	0.56010	0.12817	0.00947	0.00425	0.00132	0.00211	0.00843	0.01620	0.00320
8	0.00666	0.00626	0.01057	0.86767	0.02427	0.00783	0.00979	0.00900	0.00705	0.00900	0.00626	0.00940	0.00470	0.00352	0.00352	0.00117	0.00470	0.00313	0.00157	0.00392
9	0.02182	0.06662	0.06613	0.06126	0.10626	0.07455	0.27065	0.09208	0.15235	0.03135	0.00815	0.00930	0.00620	0.00360	0.00368	0.00111	0.01420	0.00342	0.00227	0.00502
10	0.00618	0.00557	0.00692	0.00720	0.07736	0.06727	0.03076	0.00704	0.00681	0.00888	0.03517	0.14423	0.15883	0.13032	0.13216	0.03862	0.11671	0.01429	0.00235	0.00329
11	0.00688	0.00528	0.00634	0.00531	0.00733	0.00449	0.00406	0.03859	0.03962	0.05035	0.03038	0.25158	0.03785	0.00657	0.04243	0.00112	0.00279	0.00482	0.00270	0.45150
12	0.00771	0.00785	0.04555	0.00882	0.00924	0.00998	0.00748	0.00921	0.05929	0.02573	0.00665	0.04380	0.02096	0.00617	0.01014	0.00148	0.71063	0.00349	0.00183	0.00401
13	0.00442	0.00312	0.00410	0.00480	0.00504	0.00292	0.00321	0.00496	0.00670	0.00888	0.02871	0.74012	0.06249	0.04994	0.00547	0.03792	0.00215	0.01909	0.00316	0.00279
14	0.00698	0.00660	0.01116	0.73336	0.15602	0.00792	0.00995	0.00929	0.00720	0.00940	0.00632	0.00929	0.00484	0.00346	0.00352	0.00115	0.00462	0.00313	0.00159	0.00418
15	0.00843	0.00615	0.00775	0.00648	0.00813	0.00638	0.02322	0.13786	0.01513	0.07936	0.02480	0.05124	0.01717	0.03457	0.02581	0.03426	0.14204	0.08480	0.08106	0.20536
16	0.00693	0.00657	0.01120	0.75369	0.11916	0.00791	0.02661	0.00926	0.00718	0.00934	0.00632	0.00932	0.00481	0.00347	0.00353	0.00116	0.00466	0.00315	0.00159	0.00412
17	0.02306	0.00748	0.00770	0.03017	0.00911	0.04591	0.00541	0.09159	0.56302	0.01441	0.06040	0.04761	0.06823	0.00528	0.00364	0.00117	0.00294	0.00437	0.00341	0.00507
18	0.01003	0.04834	0.01002	0.05060	0.04967	0.18882	0.05467	0.11789	0.07950	0.07307	0.02518	0.02304	0.04519	0.00406	0.00355	0.00096	0.02977	0.00322	0.00251	0.17992
19	0.00805	0.00632	0.02288	0.01778	0.06852	0.01892	0.03929	0.11701	0.10531	0.07603	0.05838	0.06803	0.05388	0.13437	0.11538	0.00202	0.01660	0.00442	0.00277	0.06404
20	0.02120	0.00637	0.00594	0.00579	0.00654	0.16466	0.01901	0.01576	0.04046	0.00908	0.05098	0.23664	0.04833	0.25422	0.04783	0.00205	0.02171	0.03770	0.00257	0.00315
21	0.21579	0.00761	0.00854	0.00681	0.00933	0.00801	0.03209	0.31989	0.02953	0.24939	0.01044	0.01106	0.02996	0.00440	0.00332	0.00111	0.00333	0.04077	0.00338	0.00524
22	0.03033	0.00822	0.02393	0.00703	0.00945	0.06432	0.00576	0.35117	0.03851	0.29742	0.01116	0.07812	0.00839	0.00475	0.00351	0.00108	0.00347	0.00377	0.04418	0.00543
23	0.00520	0.00385	0.00494	0.00514	0.00587	0.00368	0.02272	0.00678	0.07266	0.03301	0.08897	0.46792	0.15813	0.04689	0.00492	0.00143	0.00228	0.05907	0.00329	0.00325
24	0.00538	0.00371	0.00483	0.00530	0.00576	0.00364	0.00378	0.04353	0.00733	0.03976	0.01785	0.65009	0.02068	0.05928	0.00538	0.00154	0.02177	0.09404	0.00322	0.00314
25	0.00684	0.00647	0.01083	0.77395	0.07873	0.00800	0.00977	0.00910	0.00704	0.00915	0.00622	0.00928	0.00475	0.00361	0.00387	0.00118	0.04248	0.00313	0.00158	0.00402
26	0.00483	0.00342	0.00419	0.00440	0.00492	0.00318	0.00301	0.00561	0.00732	0.02578	0.18461	0.32963	0.17225	0.19739	0.02415	0.00183	0.00239	0.01505	0.00314	0.00289
27	0.00687	0.00638	0.01057	0.84090	0.02386	0.00793	0.00969	0.03496	0.00734	0.00942	0.00633	0.00937	0.00474	0.00355	0.00352	0.00117	0.00467	0.00313	0.00163	0.00398
28	0.01237	0.10599	0.01136	0.00815	0.01056	0.15418	0.00674	0.53171	0.01336	0.01708	0.00720	0.00773	0.00546	0.00418	0.00410	0.00105	0.08778	0.00287	0.00283	0.00531
29	0.00864	0.07682	0.17775	0.05552	0.05646	0.02645	0.06563	0.04833	0.07676	0.10671	0.00927	0.06761	0.00795	0.05496	0.02323	0.00139	0.09517	0.02461	0.01211	0.00462
30	0.00913	0.00474	0.00594	0.00531	0.00683	0.00440	0.00412	0.04081	0.04865	0.30438	0.11091	0.17873	0.12588	0.03184	0.00428	0.00125	0.00247	0.04437	0.06167	0.00428
31	0.02248	0.06392	0.17779	0.00732	0.00989	0.00748	0.05567	0.08525	0.22324	0.05177	0.03378	0.05449	0.11442	0.03836	0.00416	0.00123	0.00346	0.02845	0.01215	0.00469
32	0.01955	0.01509	0.03636	0.11716	0.07006	0.05673	0.09839	0.07284	0.03808	0.18280	0.01105	0.04464	0.02133	0.06830	0.03836	0.00152	0.00421	0.09626	0.00273	0.00453
33	0.03056	0.02663	0.08145	0.02698	0.05729	0.00682	0.11269	0.06610	0.06769	0.29293	0.04247	0.07449	0.01871	0.00510	0.01688	0.00121	0.02514	0.02080	0.02103	0.00503
34	0.00551	0.00390	0.00468	0.00480	0.00555	0.00373	0.00344	0.04426	0.03972	0.03805	0.09632	0.34580	0.20259	0.11437	0.00614	0.02114	0.00235	0.05127	0.00321	0.00318
35	0.04839	0.00786	0.03109	0.09733	0.02360	0.05098	0.04202	0.03501	0.17391	0.01101	0.02080	0.01241	0.02796	0.00566	0.01686	0.00138	0.31851	0.06867	0.00227	0.00429
36	0.00993	0.11068	0.14484	0.06921	0.09692	0.13387	0.11646	0.16929	0.04332	0.03087	0.00735	0.02855	0.00580	0.00375	0.00350	0.00105	0.01434	0.00313	0.00218	0.00497
37	0.00544	0.00411	0.01421	0.01608	0.00538	0.00431	0.00334	0.00648	0.05576	0.00814	0.04956	0.01996	0.04627	0.50290	0.18682	0.02295	0.03853	0.00475	0.00225	0.00275
38	0.00497	0.00337	0.00397	0.00416	0.00423	0.00334	0.00250	0.00515	0.00554	0.00739	0.01294	0.19655	0.01504	0.66246	0.03240	0.00302	0.00326	0.02501	0.00239	0.00233
39	0.00919	0.09224	0.05020	0.08124	0.09038	0.08165	0.20637	0.07023	0.04608	0.07445	0.02722	0.01158	0.03343	0.03150	0.00445	0.00119	0.04669	0.03499	0.00227	0.00465

[dist]
# distance from previous block
# <min> <max>
0	3

[block]
# block no. 4 follows, 79 sequences, length 28
# corresponding to MSA columns:
# 877-897,899-905
name=unknown_E
#
# <colnr> <probs for GDERKNQSTAVLIFYWHMCP>
#	G	D	E	R	K	N	Q	S	T	A	V	L	I	F	Y	W	H	M	C	P
0	0.04446	0.17155	0.18860	0.05718	0.05309	0.07377	0.09862	0.16199	0.02707	0.04705	0.00712	0.02408	0.00556	0.00370	0.00342	0.00104	0.02163	0.00296	0.00216	0.00495
1	0.05353	0.05637	0.20244	0.10848	0.06402	0.14340	0.13210	0.05706	0.00822	0.01093	0.00715	0.05449	0.00607	0.00461	0.02707	0.00124	0.04327	0.01316	0.00189	0.00451
2	0.33249	0.19672	0.04301	0.02879	0.00908	0.12841	0.02214	0.04527	0.00750	0.03187	0.00612	0.02518	0.00512	0.00430	0.02636	0.00114	0.04669	0.00248	0.03317	0.00417
3	0.00508	0.00349	0.00418	0.00418	0.00434	0.00359	0.00259	0.00535	0.00532	0.00718	0.01158	0.02165	0.03923	0.68570	0.17882	0.00377	0.00452	0.00494	0.00213	0.00236
4	0.00582	0.00461	0.00554	0.00519	0.00628	0.00471	0.02541	0.00901	0.20115	0.01180	0.25335	0.08136	0.17329	0.09866	0.06310	0.00170	0.00279	0.00580	0.03680	0.00365
5	0.00790	0.00852	0.06375	0.05677	0.15009	0.05241	0.20356	0.03696	0.00747	0.01024	0.00777	0.07359	0.00724	0.03895	0.01716	0.03282	0.19019	0.02844	0.00191	0.00427
6	0.00555	0.00439	0.00493	0.00463	0.00583	0.00428	0.00352	0.02830	0.14838	0.01267	0.36602	0.02626	0.33661	0.00731	0.00401	0.00115	0.00195	0.00623	0.02437	0.00363
7	0.00892	0.06769	0.03231	0.03462	0.01092	0.07883	0.09382	0.08449	0.04384	0.02630	0.00618	0.00837	0.00533	0.02252	0.00768	0.00132	0.42856	0.00310	0.00193	0.03325
8	0.00871	0.00707	0.00781	0.00643	0.00891	0.00715	0.00507	0.03733	0.47391	0.05600	0.01119	0.01081	0.00849	0.00395	0.00322	0.00094	0.00276	0.00324	0.00307	0.33392
9	0.00731	0.00626	0.00731	0.00522	0.00835	0.00470	0.00418	0.00887	0.00731	0.01148	0.00626	0.00731	0.00522	0.00261	0.00261	0.00052	0.00261	0.00209	0.00209	0.89768
10	0.00457	0.00369	0.00431	0.00465	0.03207	0.00328	0.00323	0.00573	0.02036	0.01049	0.19755	0.20144	0.47849	0.00876	0.00420	0.00122	0.00190	0.00756	0.00335	0.00314
11	0.00429	0.00333	0.00389	0.00425	0.00493	0.00295	0.00298	0.00508	0.00749	0.00949	0.07594	0.42393	0.40054	0.02827	0.00461	0.00134	0.00193	0.00853	0.00328	0.00293
12	0.00891	0.00764	0.00805	0.00720	0.00922	0.00883	0.00561	0.04464	0.82164	0.01498	0.01416	0.01300	0.01061	0.00476	0.00358	0.00119	0.00282	0.00396	0.00358	0.00559
13	0.03792	0.00896	0.00990	0.03513	0.01072	0.00993	0.00644	0.63485	0.04913	0.08390	0.00901	0.01977	0.00662	0.02544	0.00414	0.00115	0.03464	0.00333	0.00338	0.00564
14	0.05558	0.01315	0.00980	0.00831	0.01053	0.45493	0.00650	0.34512	0.01237	0.01443	0.00753	0.00799	0.03027	0.00401	0.00330	0.00099	0.00505	0.00277	0.00256	0.00480
15	0.00955	0.84823	0.01817	0.00614	0.00911	0.04351	0.00606	0.01068	0.00726	0.00830	0.00492	0.00568	0.00452	0.00304	0.00229	0.00076	0.00386	0.00190	0.00152	0.00451
16	0.00688	0.00366	0.00369	0.00358	0.00451	0.00373	0.00272	0.03660	0.03717	0.01350	0.01149	0.01298	0.00899	0.00413	0.00254	0.00084	0.00176	0.00331	0.83445	0.00346
17	0.00707	0.01823	0.85788	0.01005	0.01525	0.00818	0.01302	0.01116	0.00744	0.01116	0.00632	0.00744	0.00446	0.00335	0.00335	0.00112	0.00521	0.00260	0.00149	0.00521
18	0.90103	0.00682	0.00518	0.00463	0.00682	0.00791	0.00382	0.01036	0.00600	0.01581	0.00491	0.00573	0.00382	0.00327	0.00218	0.00109	0.00273	0.00191	0.00218	0.00382
19	0.15616	0.00613	0.00770	0.00601	0.00865	0.00561	0.00496	0.01610	0.00944	0.72329	0.01248	0.01100	0.00795	0.00419	0.00333	0.00109	0.00296	0.00328	0.00402	0.00565
20	0.90103	0.00682	0.00518	0.00463	0.00682	0.00791	0.00382	0.01036	0.00600	0.01581	0.00491	0.00573	0.00382	0.00327	0.00218	0.00109	0.00273	0.00191	0.00218	0.00382
21	0.00735	0.07220	0.78717	0.00977	0.01477	0.02667	0.01245	0.01118	0.00748	0.01093	0.00622	0.00731	0.00447	0.00333	0.00328	0.00109	0.00514	0.00255	0.00150	0.00514
22	0.00566	0.00398	0.00539	0.00525	0.00614	0.00377	0.03174	0.00739	0.05417	0.05897	0.35655	0.31951	0.07150	0.00832	0.00424	0.00126	0.00216	0.04700	0.00354	0.00346
23	0.00513	0.00342	0.00384	0.00384	0.00384	0.00342	0.00214	0.00513	0.00513	0.00683	0.01110	0.02306	0.01281	0.87614	0.01794	0.00342	0.00342	0.00513	0.00214	0.00214
24	0.01810	0.03631	0.07842	0.10644	0.12754	0.04547	0.12490	0.06154	0.12885	0.07375	0.02155	0.05689	0.03254	0.01586	0.01699	0.00124	0.04252	0.00387	0.00243	0.00478
25	0.00518	0.00370	0.00465	0.00445	0.00536	0.00340	0.00332	0.00680	0.02640	0.03638	0.61999	0.09850	0.15332	0.00766	0.00416	0.00115	0.00177	0.00671	0.00375	0.00335
26	0.01783	0.02327	0.22386	0.06431	0.15462	0.01673	0.12761	0.11235	0.04972	0.04507	0.08103	0.02992	0.01755	0.00409	0.00373	0.00112	0.01626	0.00365	0.00232	0.00498
27	0.03141	0.01874	0.00857	0.00643	0.00920	0.00654	0.04000	0.11146	0.13298	0.12737	0.02825	0.00942	0.00720	0.00355	0.00320	0.00083	0.01469	0.00289	0.00280	0.43445

[dist]
# distance from previous block
# <min> <max>
4	35

[block]
# block no. 5 follows, 79 sequences, length 16
# corresponding to MSA columns:
# 942-957
name=unknown_F
#
# <colnr> <probs for GDERKNQSTAVLIFYWHMCP>
#	G	D	E	R	K	N	Q	S	T	A	V	L	I	F	Y	W	H	M	C	P
0	0.04416	0.03263	0.05280	0.07702	0.18849	0.01831	0.06568	0.11577	0.13686	0.06026	0.10093	0.02242	0.02552	0.00437	0.00376	0.00111	0.02625	0.00376	0.01497	0.00493
1	0.00846	0.03622	0.07045	0.04199	0.13287	0.05160	0.04206	0.03069	0.01993	0.06051	0.00779	0.00879	0.03140	0.00322	0.00305	0.00080	0.00351	0.00271	0.00215	0.44177
2	0.01044	0.00614	0.00824	0.02225	0.13588	0.00604	0.00574	0.05955	0.13294	0.30933	0.19417	0.01551	0.02981	0.00502	0.00368	0.00111	0.00288	0.02005	0.02616	0.00508
3	0.00545	0.00425	0.00542	0.00532	0.00573	0.03065	0.00386	0.00624	0.00559	0.00774	0.00965	0.01652	0.00986	0.32147	0.49729	0.00452	0.05145	0.00417	0.00195	0.00286
4	0.00429	0.00307	0.00409	0.00491	0.00511	0.00286	0.00327	0.00491	0.00675	0.00900	0.01943	0.87384	0.02331	0.01104	0.00450	0.00143	0.00204	0.01002	0.00327	0.00286
5	0.00893	0.00770	0.00802	0.00710	0.00914	0.02650	0.00553	0.06911	0.71051	0.01474	0.01356	0.03998	0.01046	0.00482	0.00356	0.00116	0.00290	0.00400	0.00346	0.04881
6	0.00499	0.00360	0.00471	0.00443	0.00527	0.00333	0.00333	0.00665	0.00998	0.01413	0.85230	0.02633	0.03325	0.00721	0.00416	0.00111	0.00166	0.00637	0.00388	0.00333
7	0.01340	0.00987	0.01058	0.00811	0.01093	0.01093	0.00670	0.84240	0.01657	0.02221	0.00846	0.00846	0.00599	0.00423	0.00353	0.00106	0.00388	0.00317	0.00353	0.00599
8	0.44148	0.00754	0.00727	0.00605	0.00843	0.00839	0.00494	0.21080	0.13118	0.12979	0.00833	0.00829	0.00600	0.00387	0.00289	0.00110	0.00305	0.00273	0.00300	0.00488
9	0.00832	0.00951	0.02080	0.01485	0.01842	0.00891	0.84135	0.01129	0.00832	0.01129	0.00713	0.00951	0.00535	0.00297	0.00416	0.00119	0.00594	0.00416	0.00178	0.00475
10	0.00438	0.00313	0.00419	0.00501	0.00525	0.00294	0.00342	0.00506	0.00683	0.00910	0.01938	0.82074	0.02312	0.01096	0.00452	0.00144	0.00212	0.06225	0.00327	0.00289
11	0.00808	0.00837	0.01127	0.00954	0.00984	0.06385	0.05169	0.00898	0.00584	0.00864	0.00481	0.00772	0.00466	0.00584	0.01065	0.00148	0.77016	0.00309	0.00157	0.00392
12	0.06091	0.00346	0.00438	0.00496	0.00543	0.00330	0.00341	0.00591	0.00688	0.05502	0.01822	0.77326	0.02131	0.01020	0.00430	0.00139	0.00214	0.00916	0.00326	0.00309
13	0.00707	0.01823	0.85788	0.01005	0.01525	0.00818	0.01302	0.01116	0.00744	0.01116	0.00632	0.00744	0.00446	0.00335	0.00335	0.00112	0.00521	0.00260	0.00149	0.00521
14	0.01088	0.00554	0.00688	0.00572	0.00769	0.00530	0.00456	0.05376	0.13278	0.39353	0.21184	0.01668	0.06251	0.00533	0.00366	0.00110	0.00254	0.00446	0.06026	0.00497
15	0.00514	0.00369	0.00477	0.00511	0.00581	0.00359	0.00386	0.00637	0.02534	0.02165	0.06403	0.32521	0.12085	0.05361	0.11344	0.00200	0.00327	0.17561	0.03019	0.02645

[dist]
# distance from previous block
# <min> <max>
0	1

[block]
# block no. 6 follows, 79 sequences, length 38
# corresponding to MSA columns:
# 959-965,967-997
name=unknown_G
#
# <colnr> <probs for GDERKNQSTAVLIFYWHMCP>
#	G	D	E	R	K	N	Q	S	T	A	V	L	I	F	Y	W	H	M	C	P
0	0.01276	0.00715	0.00846	0.00673	0.00913	0.00727	0.00550	0.32574	0.06307	0.35097	0.08983	0.01302	0.01049	0.00477	0.00359	0.00109	0.00314	0.03047	0.04129	0.00552
1	0.36663	0.00670	0.00807	0.08051	0.00987	0.00754	0.07463	0.08405	0.00767	0.07134	0.00841	0.08017	0.00749	0.00516	0.01800	0.00128	0.08341	0.06042	0.01452	0.00412
2	0.13234	0.00696	0.04415	0.03312	0.00911	0.00679	0.00552	0.21346	0.00995	0.27051	0.01089	0.11246	0.00883	0.00766	0.11047	0.00170	0.00401	0.00398	0.00321	0.00487
3	0.00472	0.00338	0.00415	0.00447	0.00478	0.00325	0.00296	0.00529	0.00665	0.00884	0.09844	0.37983	0.10132	0.30771	0.00916	0.00207	0.01420	0.03316	0.00292	0.00269
4	0.21222	0.02010	0.00891	0.11544	0.01130	0.06548	0.03188	0.20274	0.20650	0.03534	0.00849	0.00894	0.00635	0.00388	0.00317	0.00108	0.00361	0.00298	0.00274	0.04886
5	0.01739	0.00846	0.01158	0.22299	0.34207	0.12521	0.04895	0.02550	0.00781	0.01643	0.00695	0.01026	0.00606	0.10694	0.00540	0.00136	0.02707	0.00329	0.00181	0.00447
6	0.00622	0.00445	0.00598	0.00659	0.11129	0.00420	0.00430	0.00809	0.03794	0.06438	0.49991	0.02309	0.14278	0.00650	0.00392	0.00110	0.00211	0.00568	0.05767	0.00379
7	0.00551	0.00351	0.00497	0.00497	0.00542	0.00386	0.00367	0.00602	0.00557	0.00819	0.00898	0.01362	0.00845	0.08031	0.48230	0.22868	0.00644	0.00363	0.11322	0.00269
8	0.00959	0.00897	0.00890	0.00900	0.10948	0.14597	0.00626	0.03916	0.52115	0.03140	0.01199	0.01165	0.02348	0.00440	0.00347	0.00110	0.00351	0.00359	0.02812	0.01880
9	0.00475	0.00331	0.00395	0.00423	0.00442	0.00318	0.00263	0.00510	0.00611	0.00809	0.04794	0.33103	0.07799	0.46822	0.01157	0.00245	0.00274	0.00711	0.00269	0.00250
10	0.41661	0.02114	0.00878	0.00823	0.10912	0.00882	0.03965	0.21649	0.08420	0.04534	0.00723	0.00779	0.00542	0.00365	0.00292	0.00109	0.00334	0.00270	0.00263	0.00484
11	0.00876	0.00800	0.00803	0.00604	0.00897	0.11229	0.00480	0.10838	0.00874	0.01240	0.00642	0.00733	0.00523	0.00293	0.00279	0.00063	0.00323	0.00224	0.00222	0.68055
12	0.00939	0.00628	0.00714	0.00638	0.00820	0.00675	0.00512	0.08047	0.38259	0.15253	0.04198	0.01713	0.02669	0.00544	0.00365	0.00118	0.00278	0.12031	0.11103	0.00496
13	0.00561	0.00410	0.00537	0.00641	0.11028	0.00409	0.00368	0.00609	0.00590	0.00793	0.01173	0.05246	0.01316	0.63488	0.01413	0.00284	0.00345	0.10293	0.00226	0.00272
14	0.00724	0.10995	0.01197	0.66003	0.12590	0.00862	0.00947	0.00941	0.00718	0.00923	0.00615	0.00887	0.00479	0.00342	0.00337	0.00111	0.00452	0.00299	0.00158	0.00420
15	0.01420	0.00624	0.00810	0.00630	0.00882	0.00575	0.00517	0.12873	0.01096	0.64263	0.11260	0.01321	0.01126	0.00468	0.00361	0.00109	0.00296	0.00383	0.00419	0.00568
16	0.00797	0.05904	0.60774	0.00869	0.01295	0.00752	0.01052	0.01128	0.00806	0.11166	0.11259	0.01024	0.00856	0.00393	0.00342	0.00109	0.00443	0.00315	0.00213	0.00503
17	0.01053	0.02068	0.05149	0.18028	0.17920	0.30673	0.02034	0.01221	0.00860	0.11004	0.00693	0.00832	0.00534	0.00389	0.01282	0.00109	0.03611	0.00284	0.00203	0.02053
18	0.02888	0.00939	0.01016	0.00796	0.01060	0.03304	0.03220	0.62606	0.12070	0.04318	0.00926	0.00922	0.00667	0.00423	0.00349	0.00107	0.00376	0.00327	0.03114	0.00573
19	0.01793	0.20179	0.01506	0.07886	0.12032	0.14714	0.24563	0.01088	0.00803	0.02279	0.00744	0.05511	0.02164	0.00381	0.00364	0.00105	0.02908	0.00346	0.00185	0.00448
20	0.02422	0.00835	0.00934	0.10957	0.01166	0.00949	0.00652	0.36602	0.36874	0.03201	0.01074	0.01059	0.00788	0.00437	0.00353	0.00113	0.00348	0.00350	0.00331	0.00554
21	0.00817	0.00733	0.00890	0.27809	0.01369	0.08287	0.01774	0.09235	0.04221	0.03161	0.00842	0.11117	0.00750	0.00444	0.00374	0.00102	0.04225	0.00367	0.00227	0.23256
22	0.00651	0.00535	0.00844	0.39958	0.06257	0.00606	0.03551	0.00823	0.00717	0.03595	0.01111	0.19919	0.04006	0.01860	0.00415	0.00123	0.03352	0.00488	0.10816	0.00374
23	0.00792	0.00827	0.00980	0.00852	0.00889	0.11078	0.00698	0.00872	0.00627	0.00863	0.00860	0.01082	0.11032	0.00621	0.00965	0.00142	0.65912	0.00353	0.00179	0.00377
24	0.00442	0.00313	0.00409	0.00481	0.00500	0.00295	0.00318	0.00497	0.00658	0.00877	0.01843	0.75871	0.02201	0.11362	0.00610	0.00167	0.00223	0.02343	0.00314	0.00278
25	0.01418	0.00737	0.00884	0.00686	0.00949	0.00736	0.00565	0.34020	0.02128	0.46574	0.01173	0.01110	0.00787	0.00438	0.00350	0.00107	0.00328	0.01605	0.04824	0.00582
26	0.00786	0.01719	0.75227	0.00980	0.01471	0.00853	0.01223	0.11476	0.00858	0.01254	0.00659	0.00757	0.00466	0.00346	0.00337	0.00111	0.00504	0.00268	0.00174	0.00531
27	0.00540	0.00410	0.00589	0.00528	0.00573	0.00400	0.10181	0.00583	0.00571	0.00763	0.01167	0.12749	0.01324	0.66476	0.01463	0.00291	0.00355	0.00562	0.00224	0.00254
28	0.00618	0.00477	0.00797	0.06266	0.00885	0.00526	0.10898	0.00717	0.00599	0.03165	0.00823	0.01217	0.00744	0.02553	0.46875	0.17048	0.04925	0.00362	0.00184	0.00320
29	0.00535	0.00402	0.00539	0.00591	0.00685	0.00387	0.01742	0.00682	0.00810	0.01031	0.02263	0.03788	0.22254	0.00944	0.00469	0.00151	0.00293	0.61792	0.00323	0.00320
30	0.00570	0.00411	0.00505	0.00512	0.00588	0.00402	0.00369	0.10982	0.00878	0.01953	0.20114	0.49503	0.07890	0.02331	0.00449	0.00133	0.00221	0.01508	0.00343	0.00338
31	0.11849	0.01681	0.75160	0.00937	0.01420	0.00815	0.01187	0.01106	0.00726	0.01174	0.00615	0.00723	0.00438	0.00334	0.00320	0.00111	0.00490	0.00252	0.00157	0.00504
32	0.13631	0.00728	0.00764	0.00623	0.00858	0.11225	0.00501	0.01466	0.03136	0.51160	0.06713	0.03055	0.00942	0.00442	0.00334	0.00106	0.00325	0.00346	0.00360	0.03285
33	0.00783	0.01491	0.65071	0.00897	0.01327	0.00718	0.01089	0.01117	0.00769	0.11628	0.00882	0.11077	0.00723	0.00439	0.00351	0.00115	0.00456	0.00360	0.00206	0.00503
34	0.00556	0.00430	0.02417	0.00512	0.00622	0.00382	0.02041	0.02295	0.02101	0.04621	0.21648	0.15787	0.26076	0.00900	0.03384	0.01520	0.00256	0.13075	0.01039	0.00337
35	0.01241	0.00748	0.00876	0.10886	0.01099	0.04453	0.00600	0.26055	0.05901	0.32484	0.02206	0.01067	0.00767	0.00420	0.00342	0.00106	0.00346	0.00335	0.08012	0.02058
36	0.00524	0.00361	0.00430	0.02082	0.00457	0.00375	0.00261	0.00538	0.00534	0.00720	0.03399	0.03462	0.01286	0.74930	0.04654	0.01921	0.03118	0.00505	0.00215	0.00229
37	0.00626	0.00481	0.04375	0.00502	0.00621	0.00421	0.00400	0.00842	0.08913	0.07811	0.34105	0.05734	0.12883	0.13213	0.00602	0.00150	0.00242	0.05582	0.02137	0.00360

[dist]
# distance from previous block
# <min> <max>
3	5

[block]
# block no. 7 follows, 79 sequences, length 16
# corresponding to MSA columns:
# 1008-1023
name=unknown_H
#
# <colnr> <probs for GDERKNQSTAVLIFYWHMCP>
#	G	D	E	R	K	N	Q	S	T	A	V	L	I	F	Y	W	H	M	C	P
0	0.04655	0.28072	0.23701	0.00839	0.02265	0.02177	0.11220	0.06265	0.03368	0.03184	0.02304	0.00872	0.03640	0.00355	0.00309	0.00097	0.00420	0.00286	0.00197	0.05775
1	0.00543	0.00434	0.00488	0.00539	0.02276	0.06209	0.00373	0.00637	0.00777	0.02627	0.15966	0.52218	0.08435	0.00921	0.00424	0.00130	0.00235	0.03711	0.02740	0.00317
2	0.00687	0.00506	0.00653	0.00626	0.00755	0.00520	0.04747	0.01046	0.22361	0.06084	0.05764	0.17549	0.07496	0.00745	0.00410	0.00131	0.00274	0.22368	0.06876	0.00400
3	0.02447	0.18433	0.07257	0.03382	0.04019	0.03896	0.11997	0.10979	0.09913	0.05537	0.02325	0.01009	0.03516	0.00576	0.06932	0.00142	0.06605	0.00330	0.00232	0.00473
4	0.00579	0.00495	0.04435	0.01903	0.00642	0.02211	0.00408	0.06703	0.03547	0.01085	0.16928	0.32997	0.03964	0.15527	0.05394	0.00186	0.00304	0.00670	0.01692	0.00332
5	0.00672	0.00436	0.00532	0.00505	0.00630	0.00412	0.00397	0.03283	0.06415	0.11866	0.26459	0.08821	0.22931	0.00762	0.00412	0.00122	0.00226	0.12645	0.02098	0.00376
6	0.03167	0.01666	0.68931	0.04818	0.03180	0.05547	0.05640	0.01121	0.00758	0.01107	0.00628	0.00756	0.00453	0.00335	0.00336	0.00111	0.00520	0.00268	0.00155	0.00503
7	0.06523	0.21694	0.06551	0.06866	0.05268	0.07108	0.03867	0.13337	0.03293	0.07548	0.00816	0.08165	0.00703	0.00507	0.03338	0.00121	0.03259	0.00337	0.00233	0.00466
8	0.02149	0.00411	0.00513	0.00551	0.00627	0.00415	0.00426	0.03792	0.06292	0.01037	0.01896	0.31752	0.11197	0.05662	0.05657	0.00179	0.00304	0.26501	0.00313	0.00329
9	0.00471	0.00352	0.00416	0.00433	0.00494	0.00328	0.00299	0.00579	0.03474	0.00996	0.19216	0.29212	0.23918	0.17380	0.00686	0.00167	0.00218	0.00748	0.00319	0.00294
10	0.00856	0.00828	0.01316	0.17286	0.47743	0.05174	0.09437	0.03776	0.03064	0.01141	0.00709	0.00916	0.00569	0.00335	0.00349	0.00107	0.00438	0.00323	0.05132	0.00500
11	0.00901	0.06318	0.06360	0.02020	0.00954	0.05923	0.02830	0.17142	0.10385	0.05417	0.00996	0.01156	0.05374	0.04701	0.13187	0.00190	0.12708	0.00351	0.00250	0.02837
12	0.00648	0.00467	0.00551	0.00515	0.00642	0.00459	0.00397	0.04458	0.13603	0.04663	0.29261	0.11374	0.12129	0.00694	0.00390	0.00115	0.00221	0.07165	0.06918	0.05330
13	0.00751	0.00525	0.00602	0.00548	0.00687	0.00546	0.00415	0.01181	0.31479	0.10454	0.21974	0.04964	0.11127	0.07836	0.00528	0.02758	0.00243	0.00517	0.02442	0.00423
14	0.03180	0.04326	0.07986	0.10662	0.19011	0.06731	0.08807	0.09647	0.06238	0.04077	0.01938	0.07668	0.03683	0.01566	0.00379	0.00115	0.00412	0.02868	0.00235	0.00472
15	0.06040	0.03599	0.08322	0.08926	0.06365	0.05238	0.05967	0.14855	0.06575	0.09701	0.03310	0.02769	0.01727	0.00510	0.03614	0.00126	0.02060	0.03367	0.00260	0.06669

[dist]
# distance from previous block
# <min> <max>
25	82

[block]
# block no. 8 follows, 79 sequences, length 13
# corresponding to MSA columns:
# 1128-1131,1139-1144,1147-1149
name=unknown_I
#
# <colnr> <probs for GDERKNQSTAVLIFYWHMCP>
#	G	D	E	R	K	N	Q	S	T	A	V	L	I	F	Y	W	H	M	C	P
0	0.56002	0.05795	0.10105	0.00701	0.06742	0.03412	0.01791	0.02229	0.03995	0.02638	0.00624	0.00775	0.00502	0.00357	0.00265	0.00109	0.00336	0.02982	0.00216	0.00427
1	0.14467	0.16243	0.16455	0.00773	0.04045	0.03191	0.05753	0.07076	0.04073	0.08165	0.03438	0.05040	0.03260	0.00428	0.00328	0.00106	0.01510	0.01855	0.03333	0.00461
2	0.34746	0.23677	0.03846	0.07883	0.00982	0.03204	0.00562	0.06251	0.00767	0.09453	0.00625	0.00696	0.00481	0.00337	0.00262	0.00097	0.00344	0.00229	0.00221	0.05339
3	0.00463	0.00337	0.00433	0.00510	0.03305	0.00319	0.00320	0.00517	0.00652	0.00862	0.01845	0.57166	0.09226	0.21441	0.00760	0.00187	0.00242	0.00841	0.00295	0.00279
4	0.03992	0.00974	0.01445	0.03199	0.04752	0.10842	0.35725	0.18776	0.02844	0.04014	0.00778	0.01000	0.00610	0.00389	0.00425	0.00115	0.05789	0.03611	0.00233	0.00486
5	0.00965	0.00766	0.01035	0.01225	0.31590	0.00806	0.00739	0.19588	0.18765	0.07094	0.03653	0.10257	0.00972	0.00478	0.00365	0.00113	0.00344	0.00419	0.00293	0.00534
6	0.00761	0.09617	0.68707	0.01055	0.08220	0.00881	0.01201	0.03629	0.00774	0.01126	0.00628	0.00741	0.00461	0.00333	0.00327	0.00108	0.00495	0.00260	0.00157	0.00520
7	0.00841	0.00898	0.01193	0.00992	0.01056	0.10849	0.10961	0.00947	0.00628	0.00884	0.00503	0.00777	0.00470	0.00549	0.00969	0.00143	0.66468	0.00312	0.00160	0.00399
8	0.00707	0.01823	0.85788	0.01005	0.01525	0.00818	0.01302	0.01116	0.00744	0.01116	0.00632	0.00744	0.00446	0.00335	0.00335	0.00112	0.00521	0.00260	0.00149	0.00521
9	0.00725	0.00709	0.03602	0.12453	0.33705	0.05074	0.02340	0.02854	0.02074	0.01049	0.01105	0.28764	0.01147	0.00595	0.00384	0.00120	0.00369	0.02265	0.00231	0.00435
10	0.00586	0.04648	0.00561	0.00494	0.00552	0.00457	0.00352	0.00688	0.06144	0.02828	0.01088	0.05808	0.02781	0.32394	0.28398	0.10752	0.00516	0.00447	0.00218	0.00288
11	0.00437	0.00320	0.00412	0.00483	0.00521	0.00296	0.00335	0.00509	0.00701	0.00917	0.02159	0.70420	0.13603	0.01067	0.00448	0.00141	0.00209	0.06405	0.00327	0.00290
12	0.00815	0.00466	0.00589	0.00515	0.00659	0.00440	0.00401	0.03482	0.07559	0.21763	0.49719	0.03495	0.05133	0.00628	0.00391	0.00111	0.00215	0.00542	0.02656	0.00421

[dist]
# distance from previous block
# <min> <max>
3	13

[block]
# block no. 9 follows, 79 sequences, length 19
# corresponding to MSA columns:
# 1171-1189
name=unknown_J
#
# <colnr> <probs for GDERKNQSTAVLIFYWHMCP>
#	G	D	E	R	K	N	Q	S	T	A	V	L	I	F	Y	W	H	M	C	P
0	0.07125	0.00630	0.00716	0.00518	0.00824	0.00493	0.00415	0.00898	0.00721	0.01179	0.00617	0.00719	0.00512	0.00266	0.00258	0.00056	0.00262	0.00208	0.00209	0.83373
1	0.00493	0.00370	0.00459	0.00447	0.00533	0.00344	0.00331	0.00669	0.04401	0.01281	0.58785	0.12904	0.16100	0.00784	0.00418	0.00116	0.00177	0.00688	0.00370	0.00331
2	0.00512	0.00343	0.00390	0.00388	0.00394	0.00341	0.00221	0.00523	0.00545	0.00732	0.06693	0.02328	0.01417	0.81847	0.01702	0.00326	0.00330	0.00521	0.00225	0.00221
3	0.00474	0.00357	0.00438	0.00423	0.00513	0.00321	0.00315	0.00615	0.00930	0.01267	0.59643	0.07202	0.24640	0.00785	0.00418	0.00115	0.00171	0.00684	0.00369	0.00321
4	0.00708	0.00593	0.00661	0.00646	0.03999	0.00644	0.00471	0.01313	0.47229	0.01317	0.13986	0.06976	0.15365	0.01859	0.00399	0.00121	0.00245	0.00523	0.02489	0.00455
5	0.00978	0.43283	0.04701	0.06950	0.03142	0.22545	0.03669	0.01110	0.00780	0.00875	0.00564	0.02737	0.00505	0.00363	0.00342	0.00093	0.06514	0.00249	0.00165	0.00434
6	0.00532	0.00354	0.00511	0.00511	0.00548	0.00392	0.00371	0.00569	0.00531	0.00746	0.00888	0.01453	0.00878	0.15727	0.51809	0.22666	0.00690	0.00381	0.00184	0.00259
7	0.00731	0.00626	0.00731	0.00522	0.00835	0.00470	0.00418	0.00887	0.00731	0.01148	0.00626	0.00731	0.00522	0.00261	0.00261	0.00052	0.00261	0.00209	0.00209	0.89768
8	0.00910	0.00704	0.03414	0.11619	0.30616	0.00699	0.01733	0.05915	0.01993	0.15927	0.06557	0.05574	0.00928	0.01471	0.06315	0.00147	0.03375	0.01362	0.00255	0.00488
9	0.02542	0.22318	0.14345	0.00909	0.12619	0.05181	0.01863	0.05410	0.08905	0.08434	0.05479	0.06162	0.02510	0.00437	0.00328	0.00104	0.00377	0.01352	0.00241	0.00484
10	0.00598	0.00516	0.03663	0.00630	0.00768	0.00456	0.11768	0.04817	0.02132	0.03100	0.05597	0.30931	0.20947	0.00783	0.00410	0.00125	0.00277	0.05077	0.07049	0.00357
11	0.00882	0.00814	0.01382	0.08163	0.76521	0.00822	0.01055	0.01091	0.00803	0.04090	0.00686	0.00889	0.00563	0.00321	0.00349	0.00106	0.00418	0.00315	0.00182	0.00548
12	0.00922	0.00652	0.00772	0.00563	0.00867	0.00529	0.00455	0.07909	0.00853	0.15255	0.00771	0.00818	0.00587	0.00303	0.00284	0.00066	0.00278	0.00242	0.00258	0.67614
13	0.00513	0.00342	0.00384	0.00384	0.00384	0.00342	0.00214	0.00513	0.00513	0.00683	0.01110	0.02306	0.01281	0.87614	0.01794	0.00342	0.00342	0.00513	0.00214	0.00214
14	0.00503	0.00378	0.00566	0.00566	0.00629	0.00441	0.00441	0.00629	0.00566	0.00818	0.00944	0.01385	0.00881	0.02643	0.86217	0.00566	0.00944	0.00378	0.00189	0.00315
15	0.00645	0.00425	0.00574	0.00627	0.00724	0.00424	0.00542	0.00837	0.03986	0.05999	0.01771	0.03524	0.01845	0.00883	0.00457	0.00152	0.00310	0.69208	0.06718	0.00350
16	0.00784	0.00694	0.03435	0.37769	0.28206	0.00726	0.00895	0.01008	0.02804	0.07435	0.00836	0.08342	0.00713	0.00466	0.02397	0.00124	0.00422	0.00375	0.00205	0.02365
17	0.00833	0.12085	0.14118	0.08806	0.12225	0.00791	0.07051	0.06605	0.03096	0.06229	0.02811	0.08038	0.02837	0.00422	0.00346	0.00103	0.01332	0.00363	0.00224	0.11684
18	0.02218	0.02841	0.00949	0.01900	0.02262	0.46086	0.00635	0.20914	0.05641	0.01257	0.00790	0.00891	0.02270	0.00479	0.03210	0.00113	0.00514	0.01421	0.05154	0.00453

[dist]
# distance from previous block
# <min> <max>
2	29

[block]
# block no. 10 follows, 79 sequences, length 29
# corresponding to MSA columns:
# 1219-1247
name=unknown_K
#
# <colnr> <probs for GDERKNQSTAVLIFYWHMCP>
#	G	D	E	R	K	N	Q	S	T	A	V	L	I	F	Y	W	H	M	C	P
0	0.00828	0.00711	0.00819	0.02791	0.08124	0.00805	0.00589	0.03757	0.62635	0.01376	0.01368	0.09624	0.01121	0.00590	0.03119	0.00134	0.00312	0.00445	0.00330	0.00521
1	0.00645	0.00408	0.00526	0.00477	0.00586	0.00382	0.00363	0.00845	0.05190	0.11272	0.69208	0.02391	0.02877	0.02733	0.00438	0.00117	0.00192	0.00589	0.00388	0.00372
2	0.02874	0.15968	0.08998	0.00678	0.00955	0.00719	0.02877	0.02421	0.00889	0.49332	0.01126	0.06440	0.00820	0.00479	0.01758	0.00114	0.02336	0.00355	0.00330	0.00530
3	0.01120	0.00487	0.00592	0.00491	0.00672	0.00455	0.00394	0.05421	0.00910	0.40457	0.01246	0.01237	0.00874	0.00423	0.00302	0.00096	0.00238	0.00340	0.43778	0.00468
4	0.00502	0.00348	0.00425	0.00431	0.00464	0.00339	0.00285	0.00567	0.00682	0.00927	0.23040	0.10874	0.03806	0.47217	0.02703	0.00249	0.00289	0.06309	0.00280	0.00263
5	0.00942	0.87826	0.01847	0.00603	0.00905	0.01395	0.00603	0.01055	0.00716	0.00829	0.00490	0.00565	0.00452	0.00302	0.00226	0.00075	0.00377	0.00188	0.00151	0.00452
6	0.00437	0.00311	0.00412	0.00483	0.00506	0.00292	0.00322	0.00502	0.00687	0.00920	0.06851	0.78503	0.02343	0.04994	0.00509	0.00150	0.00208	0.00958	0.00326	0.00286
7	0.00429	0.00310	0.00406	0.00482	0.00509	0.00287	0.00323	0.00492	0.00683	0.00903	0.02047	0.81998	0.07650	0.01091	0.00448	0.00142	0.00203	0.00985	0.00327	0.00287
8	0.01792	0.00393	0.00504	0.00475	0.00571	0.00367	0.00355	0.00784	0.02140	0.11160	0.51574	0.10869	0.03616	0.08169	0.00527	0.00136	0.00211	0.04181	0.01826	0.00352
9	0.00731	0.00626	0.00731	0.00522	0.00835	0.00470	0.00418	0.00887	0.00731	0.01148	0.00626	0.00731	0.00522	0.00261	0.00261	0.00052	0.00261	0.00209	0.00209	0.89768
10	0.25460	0.08996	0.18513	0.02683	0.01016	0.04096	0.05067	0.02427	0.04620	0.03860	0.03685	0.00968	0.03558	0.04565	0.00455	0.00123	0.08967	0.00300	0.00211	0.00430
11	0.02561	0.00379	0.00463	0.00456	0.00547	0.00356	0.00346	0.00677	0.03104	0.02420	0.44515	0.08568	0.19273	0.03039	0.00471	0.02006	0.00201	0.08543	0.01748	0.00326
12	0.76081	0.00660	0.00526	0.00467	0.00674	0.00757	0.00382	0.05299	0.00669	0.01586	0.00579	0.00665	0.00448	0.00341	0.00228	0.00106	0.00267	0.00212	0.09666	0.00387
13	0.00707	0.01823	0.85788	0.01005	0.01525	0.00818	0.01302	0.01116	0.00744	0.01116	0.00632	0.00744	0.00446	0.00335	0.00335	0.00112	0.00521	0.00260	0.00149	0.00521
14	0.00441	0.00330	0.00410	0.00455	0.00510	0.00299	0.00319	0.00528	0.00761	0.01000	0.16089	0.51699	0.22171	0.00988	0.00437	0.00132	0.00195	0.02602	0.00337	0.00297
15	0.00843	0.00428	0.00531	0.00467	0.00608	0.00385	0.00361	0.00973	0.00883	0.27118	0.23389	0.02134	0.16600	0.07741	0.00486	0.00128	0.00227	0.02465	0.13835	0.00398
16	0.87811	0.00689	0.00532	0.00472	0.00692	0.00798	0.00389	0.03185	0.00627	0.01598	0.00500	0.00580	0.00387	0.00330	0.00222	0.00109	0.00276	0.00194	0.00222	0.00387
17	0.90103	0.00682	0.00518	0.00463	0.00682	0.00791	0.00382	0.01036	0.00600	0.01581	0.00491	0.00573	0.00382	0.00327	0.00218	0.00109	0.00273	0.00191	0.00218	0.00382
18	0.04653	0.00976	0.01038	0.00798	0.01078	0.01082	0.00659	0.81134	0.01618	0.02197	0.00833	0.00836	0.00591	0.00419	0.00348	0.00106	0.00384	0.00313	0.00348	0.00591
19	0.00474	0.00374	0.02031	0.00530	0.00591	0.00334	0.01915	0.00578	0.00752	0.01003	0.12432	0.53205	0.08225	0.00990	0.00447	0.00140	0.00232	0.15113	0.00328	0.00307
20	0.00666	0.00626	0.01057	0.86767	0.02427	0.00783	0.00979	0.00900	0.00705	0.00900	0.00626	0.00940	0.00470	0.00352	0.00352	0.00117	0.00470	0.00313	0.00157	0.00392
21	0.00713	0.01785	0.82531	0.01049	0.04764	0.00819	0.01294	0.01115	0.00746	0.01117	0.00634	0.00749	0.00451	0.00334	0.00335	0.00111	0.00517	0.00263	0.00150	0.00522
22	0.00858	0.23008	0.22429	0.00836	0.01098	0.06071	0.02826	0.06118	0.02670	0.01027	0.00592	0.00746	0.00497	0.00486	0.03516	0.00126	0.22561	0.00265	0.00174	0.04096
23	0.00868	0.24282	0.02929	0.42521	0.01692	0.12245	0.00820	0.05597	0.00793	0.00951	0.00585	0.00783	0.00469	0.00354	0.00345	0.00103	0.03802	0.00267	0.00169	0.00424
24	0.00580	0.00385	0.00524	0.00529	0.00603	0.00388	0.00388	0.02114	0.00672	0.07412	0.01428	0.36405	0.03090	0.06311	0.33095	0.00307	0.00506	0.00636	0.00272	0.04356
25	0.02960	0.27310	0.23135	0.01711	0.02621	0.03177	0.04577	0.02975	0.04262	0.04010	0.00686	0.01861	0.01421	0.00365	0.00365	0.00098	0.07384	0.00268	0.00189	0.10627
26	0.00739	0.01915	0.16496	0.07076	0.14448	0.05409	0.03621	0.01788	0.05436	0.04104	0.08196	0.11578	0.05111	0.07679	0.00482	0.00130	0.00374	0.00449	0.00238	0.04731
