[name]
unknown

[dist]
# distance from previous block
# <min> <max>
3	188

[block]
# block no. 0 follows, 77 sequences, length 13
# corresponding to MSA columns:
# 210-222
name=unknown_A
#
# <colnr> <probs for GDERKNQSTAVLIFYWHMCP>
#	G	D	E	R	K	N	Q	S	T	A	V	L	I	F	Y	W	H	M	C	P
0	0.00500	0.00368	0.00461	0.00493	0.00555	0.00347	0.00351	0.04480	0.00830	0.01110	0.20651	0.51037	0.13106	0.00975	0.00443	0.00134	0.00209	0.03280	0.00349	0.00320
1	0.12980	0.00564	0.01879	0.02662	0.07504	0.00534	0.04548	0.00969	0.04183	0.13039	0.12057	0.09947	0.18094	0.00597	0.00365	0.00114	0.00273	0.00509	0.04566	0.04615
2	0.03872	0.04009	0.11385	0.00890	0.09546	0.03953	0.03884	0.15292	0.08428	0.16918	0.03515	0.07980	0.00921	0.04268	0.00421	0.00122	0.00373	0.00395	0.02002	0.01828
3	0.08436	0.01021	0.01080	0.06891	0.04650	0.25718	0.11484	0.06910	0.00977	0.25990	0.00874	0.00917	0.00620	0.00383	0.00345	0.00107	0.00463	0.00310	0.02327	0.00497
4	0.00468	0.00342	0.00450	0.00489	0.00533	0.00337	0.00342	0.00551	0.00690	0.00929	0.08920	0.44461	0.10418	0.09710	0.19352	0.00255	0.00382	0.00776	0.00297	0.00297
5	0.00952	0.02473	0.13621	0.15602	0.07169	0.12035	0.19666	0.07212	0.03943	0.07825	0.00806	0.03139	0.00631	0.02846	0.00409	0.00120	0.00496	0.00352	0.00219	0.00484
6	0.02745	0.02329	0.14730	0.00841	0.03390	0.07319	0.04483	0.14466	0.05918	0.17114	0.02557	0.06721	0.01835	0.02773	0.00473	0.00124	0.07742	0.02724	0.01217	0.00499
7	0.00514	0.00392	0.00476	0.00455	0.00555	0.00366	0.00345	0.00715	0.05854	0.01325	0.58557	0.02831	0.22117	0.00770	0.00423	0.00117	0.00184	0.03278	0.00378	0.00344
8	0.00803	0.02368	0.03466	0.19308	0.17125	0.08916	0.03867	0.06363	0.08970	0.01137	0.03165	0.15244	0.04405	0.00562	0.01426	0.00124	0.00406	0.01654	0.00243	0.00447
9	0.02440	0.14306	0.31608	0.04067	0.04409	0.03267	0.12744	0.08084	0.03953	0.10634	0.00766	0.00850	0.00559	0.00356	0.00340	0.00108	0.00468	0.00300	0.00218	0.00523
10	0.04076	0.02741	0.01223	0.39490	0.21717	0.02007	0.09499	0.03662	0.02117	0.03482	0.01916	0.03685	0.02058	0.00388	0.00362	0.00115	0.00445	0.00359	0.00198	0.00460
11	0.00472	0.00365	0.00419	0.00415	0.00516	0.00323	0.00314	0.00597	0.00887	0.01161	0.33643	0.06228	0.45023	0.00842	0.00424	0.00120	0.00185	0.04554	0.03191	0.00319
12	0.00974	0.13562	0.08582	0.08796	0.05992	0.08896	0.17117	0.10052	0.08454	0.06683	0.03324	0.02272	0.00743	0.00402	0.00356	0.00110	0.00454	0.02499	0.00238	0.00494

[dist]
# distance from previous block
# <min> <max>
4	36

[block]
# block no. 1 follows, 77 sequences, length 21
# corresponding to MSA columns:
# 259-279
name=unknown_B
#
# <colnr> <probs for GDERKNQSTAVLIFYWHMCP>
#	G	D	E	R	K	N	Q	S	T	A	V	L	I	F	Y	W	H	M	C	P
0	0.00846	0.04734	0.23945	0.04250	0.11501	0.06573	0.12905	0.03004	0.04104	0.02461	0.02143	0.01855	0.00606	0.00355	0.00367	0.00102	0.03100	0.00308	0.00197	0.16643
1	0.00658	0.00515	0.00619	0.00492	0.00706	0.00416	0.00384	0.00819	0.00859	0.03028	0.33113	0.01626	0.05037	0.00480	0.00335	0.00081	0.00224	0.00409	0.02810	0.47388
2	0.00758	0.00720	0.02533	0.49710	0.04015	0.04426	0.04943	0.08564	0.04712	0.01091	0.00939	0.12760	0.02346	0.00484	0.00376	0.00121	0.00433	0.00429	0.00217	0.00422
3	0.00438	0.00315	0.00415	0.00496	0.00520	0.00293	0.00332	0.00501	0.00694	0.00920	0.02045	0.83989	0.05474	0.01119	0.00458	0.00145	0.00208	0.01013	0.00334	0.00293
4	0.00488	0.00356	0.00458	0.00456	0.00530	0.00327	0.00333	0.00629	0.00933	0.01295	0.61078	0.20468	0.09645	0.00831	0.00432	0.00121	0.00179	0.00737	0.00378	0.00327
5	0.01498	0.00592	0.00799	0.00618	0.00881	0.00511	0.00507	0.01641	0.01012	0.75633	0.05989	0.01292	0.01017	0.00454	0.00359	0.00109	0.00293	0.00372	0.02848	0.03574
6	0.00505	0.00368	0.00475	0.00448	0.00535	0.00338	0.00336	0.00671	0.01008	0.01419	0.80930	0.02725	0.07403	0.00744	0.00424	0.00114	0.00170	0.00656	0.00393	0.00338
7	0.03382	0.00992	0.01057	0.00816	0.01099	0.01100	0.00673	0.78999	0.04708	0.02224	0.00877	0.00875	0.00624	0.00432	0.00357	0.00109	0.00389	0.00324	0.00357	0.00605
8	0.00890	0.00855	0.01460	0.02208	0.85115	0.00855	0.01104	0.01104	0.00819	0.01175	0.00677	0.00890	0.00570	0.00320	0.00356	0.00107	0.00427	0.00320	0.00178	0.00570
9	0.00638	0.00514	0.00590	0.00596	0.00699	0.00557	0.00434	0.01110	0.36498	0.01162	0.01748	0.43158	0.03932	0.03033	0.03438	0.00155	0.00270	0.00718	0.00340	0.00410
10	0.00881	0.00854	0.01459	0.02088	0.75705	0.00875	0.04254	0.01088	0.00800	0.01151	0.00663	0.00886	0.00562	0.00343	0.00420	0.00111	0.06805	0.00324	0.00177	0.00554
11	0.00794	0.00670	0.00771	0.00562	0.00874	0.00542	0.00450	0.06255	0.05314	0.01260	0.00698	0.00785	0.00568	0.00289	0.00278	0.00060	0.00276	0.00231	0.00231	0.79092
12	0.01247	0.00636	0.00788	0.00661	0.03622	0.02761	0.00512	0.07880	0.02692	0.48379	0.08033	0.03061	0.09579	0.00506	0.00366	0.00108	0.00297	0.00418	0.00385	0.08069
13	0.02563	0.13335	0.21388	0.00839	0.01179	0.05706	0.02407	0.35401	0.03703	0.08889	0.00801	0.00830	0.00579	0.00388	0.00335	0.00105	0.00432	0.00292	0.00274	0.00554
14	0.00899	0.41999	0.01229	0.00614	0.00822	0.00927	0.00547	0.04178	0.00807	0.11392	0.01107	0.17356	0.01106	0.00585	0.00351	0.00109	0.02148	0.11615	0.01776	0.00433
15	0.00470	0.00369	0.00402	0.00394	0.00508	0.00316	0.00295	0.00579	0.00863	0.02969	0.21083	0.06171	0.62578	0.00870	0.00425	0.00120	0.00183	0.00736	0.00350	0.00318
16	0.00581	0.00532	0.03166	0.00822	0.10823	0.00471	0.10817	0.00725	0.00797	0.02085	0.08680	0.27817	0.21621	0.02093	0.00451	0.00133	0.00297	0.07424	0.00296	0.00369
17	0.02937	0.04274	0.16019	0.00686	0.00967	0.01787	0.03555	0.05320	0.03649	0.33500	0.01589	0.03118	0.16853	0.00514	0.00362	0.00112	0.00338	0.00422	0.03494	0.00504
18	0.02382	0.00450	0.00587	0.00537	0.00681	0.00406	0.00407	0.01074	0.00850	0.36563	0.03854	0.36354	0.04471	0.00743	0.00393	0.00123	0.00245	0.00647	0.08799	0.00434
19	0.00566	0.00463	0.00679	0.00648	0.00700	0.00575	0.00514	0.00685	0.00573	0.00841	0.00869	0.01293	0.00817	0.02300	0.69645	0.00497	0.17440	0.00372	0.00186	0.00335
20	0.03998	0.23482	0.18418	0.06085	0.07479	0.07123	0.11032	0.11938	0.00904	0.03118	0.00682	0.00798	0.01358	0.00354	0.00337	0.00103	0.01809	0.00284	0.00199	0.00498

[dist]
# distance from previous block
# <min> <max>
2	14

[block]
# block no. 2 follows, 77 sequences, length 18
# corresponding to MSA columns:
# 294-302,311-319
name=unknown_C
#
# <colnr> <probs for GDERKNQSTAVLIFYWHMCP>
#	G	D	E	R	K	N	Q	S	T	A	V	L	I	F	Y	W	H	M	C	P
0	0.00735	0.00732	0.01356	0.01043	0.01241	0.00758	0.38815	0.00953	0.02746	0.02363	0.14686	0.06869	0.04569	0.02806	0.02509	0.00144	0.16525	0.00493	0.00238	0.00418
1	0.00710	0.00664	0.04045	0.51471	0.04284	0.00737	0.00840	0.03261	0.09772	0.02397	0.02938	0.11184	0.00906	0.00500	0.00390	0.00124	0.01717	0.03414	0.00224	0.00420
2	0.00869	0.07410	0.04148	0.00937	0.04037	0.07124	0.00770	0.05366	0.05373	0.00995	0.00586	0.00820	0.00530	0.00615	0.03674	0.00153	0.55674	0.00306	0.00183	0.00431
3	0.00523	0.00349	0.00392	0.00392	0.00392	0.00349	0.00218	0.00523	0.00523	0.00697	0.01133	0.02354	0.01308	0.87359	0.01831	0.00349	0.00349	0.00523	0.00218	0.00218
4	0.86433	0.00692	0.00541	0.00480	0.00704	0.00796	0.00395	0.01085	0.00629	0.04902	0.00537	0.00609	0.00409	0.00338	0.00228	0.00111	0.00279	0.00201	0.00231	0.00398
5	0.00721	0.01861	0.85495	0.01025	0.01557	0.00835	0.01329	0.01139	0.00759	0.01139	0.00646	0.00759	0.00456	0.00342	0.00342	0.00114	0.00532	0.00266	0.00152	0.00532
6	0.01344	0.01714	0.01019	0.00927	0.01112	0.85915	0.00695	0.01436	0.01019	0.00880	0.00556	0.00649	0.00463	0.00371	0.00324	0.00093	0.00649	0.00232	0.00185	0.00417
7	0.00514	0.00385	0.00578	0.00578	0.00642	0.00450	0.00450	0.00642	0.00578	0.00835	0.00963	0.01413	0.00899	0.02698	0.85933	0.00578	0.00963	0.00385	0.00193	0.00321
8	0.00647	0.00419	0.00524	0.00482	0.00595	0.00389	0.00366	0.04677	0.00986	0.09940	0.51837	0.07889	0.14919	0.02765	0.00451	0.00122	0.00206	0.02035	0.00381	0.00369
9	0.00891	0.01002	0.01917	0.01422	0.03811	0.07188	0.68377	0.03168	0.00873	0.01153	0.00731	0.00987	0.00567	0.00329	0.00426	0.00118	0.02258	0.01854	0.00189	0.02739
10	0.00721	0.01861	0.85495	0.01025	0.01557	0.00835	0.01329	0.01139	0.00759	0.01139	0.00646	0.00759	0.00456	0.00342	0.00342	0.00114	0.00532	0.00266	0.00152	0.00532
11	0.00448	0.00320	0.00429	0.00512	0.00537	0.00301	0.00351	0.00518	0.00698	0.00929	0.01977	0.81310	0.02357	0.01118	0.00462	0.00147	0.00217	0.06739	0.00334	0.00295
12	0.02872	0.01708	0.07399	0.00600	0.00757	0.00473	0.06158	0.02113	0.04119	0.04989	0.25453	0.19196	0.17941	0.00753	0.00414	0.00124	0.00265	0.03961	0.00328	0.00377
13	0.05058	0.14942	0.44192	0.00926	0.01334	0.00931	0.09504	0.05225	0.07653	0.03673	0.02821	0.00858	0.00609	0.00361	0.00333	0.00109	0.00462	0.00294	0.00201	0.00514
14	0.00890	0.00855	0.01460	0.02208	0.85115	0.00855	0.01104	0.01104	0.00819	0.01175	0.00677	0.00890	0.00570	0.00320	0.00356	0.00107	0.00427	0.00320	0.00178	0.00570
15	0.04359	0.00727	0.00885	0.00685	0.00955	0.00713	0.00564	0.27517	0.01223	0.52479	0.05220	0.01160	0.00907	0.00451	0.00360	0.00110	0.00327	0.00358	0.00409	0.00592
16	0.01069	0.04034	0.11001	0.07079	0.16626	0.11854	0.06192	0.17164	0.04591	0.09940	0.00826	0.00920	0.01690	0.00396	0.00397	0.00111	0.05021	0.00319	0.00245	0.00524
17	0.00887	0.21251	0.07636	0.00664	0.00877	0.08439	0.01981	0.07448	0.02628	0.09735	0.07933	0.18096	0.07847	0.00593	0.00375	0.00111	0.02302	0.00485	0.00276	0.00436

[dist]
# distance from previous block
# <min> <max>
2	12

[block]
# block no. 3 follows, 77 sequences, length 20
# corresponding to MSA columns:
# 336-355
name=unknown_D
#
# <colnr> <probs for GDERKNQSTAVLIFYWHMCP>
#	G	D	E	R	K	N	Q	S	T	A	V	L	I	F	Y	W	H	M	C	P
0	0.04076	0.04380	0.02249	0.11936	0.12821	0.04297	0.05561	0.02682	0.05055	0.02990	0.03029	0.03973	0.00701	0.00360	0.00321	0.00090	0.00361	0.00310	0.00220	0.34587
1	0.03372	0.43134	0.21012	0.00750	0.01085	0.05994	0.00775	0.07455	0.07851	0.03375	0.00689	0.01836	0.00559	0.00359	0.00289	0.00095	0.00419	0.00255	0.00201	0.00496
2	0.00431	0.00361	0.00376	0.00380	0.00492	0.00305	0.00282	0.00525	0.00823	0.00997	0.08628	0.09587	0.73748	0.00916	0.00428	0.00123	0.00183	0.00772	0.00338	0.00305
3	0.00838	0.00820	0.01341	0.27270	0.40016	0.04706	0.10811	0.02338	0.00808	0.01101	0.00688	0.00928	0.00550	0.00344	0.00373	0.00112	0.01898	0.00329	0.04240	0.00489
4	0.00625	0.00312	0.00469	0.00469	0.00469	0.00312	0.00312	0.00469	0.00469	0.00625	0.00625	0.01093	0.00625	0.01250	0.01406	0.89535	0.00312	0.00312	0.00156	0.00156
5	0.00787	0.00787	0.01102	0.00944	0.00944	0.01102	0.00787	0.00866	0.00551	0.00866	0.00472	0.00787	0.00472	0.00630	0.01180	0.00157	0.86700	0.00315	0.00157	0.00393
6	0.00523	0.00353	0.00415	0.00422	0.00431	0.00356	0.00256	0.00542	0.00550	0.00735	0.01199	0.05395	0.01367	0.74537	0.06439	0.00344	0.00377	0.05299	0.00227	0.00233
7	0.00442	0.00377	0.00382	0.00379	0.00501	0.00322	0.00285	0.00563	0.03292	0.01005	0.06643	0.03370	0.79423	0.00892	0.00423	0.00121	0.00185	0.00745	0.00337	0.00313
8	0.89899	0.00696	0.00529	0.00473	0.00696	0.00807	0.00390	0.01057	0.00612	0.01614	0.00501	0.00584	0.00390	0.00334	0.00223	0.00111	0.00278	0.00195	0.00223	0.00390
9	0.30732	0.00767	0.00887	0.02714	0.00935	0.02250	0.03574	0.03973	0.11488	0.07602	0.00708	0.00834	0.00564	0.00470	0.00606	0.00129	0.30795	0.00293	0.00236	0.00442
10	0.00449	0.00321	0.00421	0.00491	0.00518	0.00300	0.00330	0.00516	0.00703	0.00938	0.06271	0.73782	0.04961	0.05951	0.00534	0.00155	0.00216	0.02518	0.00331	0.00292
11	0.00849	0.00970	0.02122	0.01516	0.01880	0.00910	0.83808	0.01152	0.00849	0.01152	0.00728	0.00970	0.00546	0.00303	0.00424	0.00121	0.00606	0.00424	0.00182	0.00485
12	0.04220	0.00875	0.01090	0.10312	0.19818	0.00968	0.00777	0.37074	0.18157	0.01702	0.00907	0.00967	0.00679	0.00407	0.00355	0.00112	0.00385	0.00335	0.00294	0.00563
13	0.07337	0.01477	0.01076	0.00995	0.05851	0.62706	0.05975	0.04048	0.04174	0.01033	0.00613	0.00714	0.00499	0.00371	0.00340	0.00099	0.01795	0.00257	0.00199	0.00440
14	0.00926	0.00943	0.01316	0.01827	0.60972	0.12642	0.00989	0.01108	0.00823	0.01100	0.00710	0.01026	0.00630	0.00394	0.00436	0.00113	0.08397	0.04944	0.00186	0.00519
15	0.04088	0.00418	0.00476	0.00436	0.00560	0.00401	0.00337	0.03688	0.00899	0.11220	0.25763	0.01984	0.12289	0.00582	0.00343	0.00103	0.00201	0.01768	0.34067	0.00376
16	0.04267	0.01093	0.01160	0.01426	0.38175	0.27367	0.00835	0.08352	0.03473	0.04944	0.04945	0.00920	0.00706	0.00378	0.00346	0.00104	0.00466	0.00310	0.00226	0.00510
17	0.00893	0.13956	0.01268	0.01351	0.38052	0.03169	0.02757	0.07842	0.03393	0.02952	0.05594	0.07182	0.02651	0.00436	0.00369	0.00105	0.02700	0.00378	0.00229	0.04723
18	0.00485	0.00334	0.00433	0.00487	0.00533	0.00306	0.00335	0.00564	0.00749	0.03849	0.11170	0.66665	0.10670	0.01040	0.00449	0.00139	0.00205	0.00933	0.00344	0.00309
19	0.05109	0.00532	0.00671	0.00583	0.00770	0.00499	0.00467	0.04207	0.04676	0.40206	0.07512	0.13624	0.07242	0.00641	0.00387	0.00122	0.00273	0.08434	0.03569	0.00478

[dist]
# distance from previous block
# <min> <max>
1	2

[block]
# block no. 4 follows, 77 sequences, length 25
# corresponding to MSA columns:
# 358-382
name=unknown_E
#
# <colnr> <probs for GDERKNQSTAVLIFYWHMCP>
#	G	D	E	R	K	N	Q	S	T	A	V	L	I	F	Y	W	H	M	C	P
0	0.00567	0.00409	0.00480	0.00453	0.00568	0.00375	0.00344	0.02971	0.03790	0.05427	0.40216	0.05852	0.34404	0.00790	0.00420	0.00118	0.00195	0.01900	0.00369	0.00353
1	0.00848	0.04998	0.01598	0.03866	0.03363	0.03290	0.02043	0.06461	0.04332	0.03975	0.01549	0.00848	0.00609	0.01926	0.00320	0.00076	0.00316	0.00254	0.00231	0.59096
2	0.10172	0.01527	0.00962	0.03569	0.01104	0.70355	0.00667	0.01403	0.03673	0.02563	0.00599	0.00685	0.00485	0.00372	0.00317	0.00097	0.00588	0.00239	0.00199	0.00422
3	0.00438	0.00315	0.00415	0.00495	0.00520	0.00293	0.00331	0.00501	0.00694	0.00920	0.02052	0.83621	0.05837	0.01118	0.00458	0.00145	0.00208	0.01012	0.00334	0.00293
4	0.00660	0.00500	0.00678	0.04205	0.00729	0.00594	0.00481	0.07035	0.00633	0.00888	0.00826	0.01381	0.00819	0.20118	0.26708	0.15862	0.16996	0.00382	0.00197	0.00310
5	0.00820	0.00434	0.00555	0.00532	0.00657	0.00412	0.00426	0.02664	0.00864	0.20307	0.08837	0.12156	0.05266	0.00786	0.03970	0.00142	0.00281	0.19657	0.20837	0.00396
6	0.00489	0.00358	0.00458	0.00451	0.00529	0.00328	0.00332	0.00633	0.00943	0.01307	0.62791	0.16629	0.11777	0.00818	0.00430	0.00119	0.00177	0.00723	0.00379	0.00328
7	0.00827	0.01655	0.65618	0.01041	0.01522	0.00883	0.08764	0.13169	0.00903	0.01304	0.00685	0.00794	0.00487	0.00351	0.00352	0.00114	0.00519	0.00289	0.00185	0.00539
8	0.01000	0.00825	0.00872	0.00753	0.00975	0.00944	0.00595	0.20104	0.66101	0.01674	0.01331	0.01236	0.00990	0.00476	0.00365	0.00119	0.00309	0.00388	0.00365	0.00579
9	0.00471	0.00358	0.00433	0.00431	0.00518	0.00320	0.00317	0.00598	0.00902	0.01207	0.45472	0.16176	0.29780	0.00854	0.00430	0.00121	0.00180	0.00744	0.00366	0.00320
10	0.00962	0.61149	0.06872	0.00664	0.00945	0.04960	0.00647	0.03251	0.03412	0.03218	0.00618	0.00700	0.00527	0.00349	0.00303	0.00088	0.04787	0.00229	0.05857	0.00464
11	0.03667	0.03787	0.01032	0.00797	0.01055	0.09179	0.00648	0.58406	0.12129	0.01932	0.00897	0.00927	0.00668	0.02753	0.00389	0.00114	0.00401	0.00323	0.00330	0.00566
12	0.00774	0.03616	0.19126	0.00810	0.06313	0.00629	0.04948	0.07083	0.04441	0.09164	0.11404	0.21150	0.06503	0.01877	0.00411	0.00123	0.00340	0.00549	0.00291	0.00448
13	0.00881	0.00846	0.01440	0.04875	0.80579	0.00858	0.01093	0.01093	0.00810	0.01160	0.00671	0.00890	0.00565	0.00329	0.00375	0.00108	0.02369	0.00320	0.00177	0.00560
14	0.00738	0.00657	0.03250	0.01272	0.35532	0.00651	0.00738	0.00922	0.04463	0.04774	0.03396	0.29837	0.03059	0.00655	0.00469	0.00126	0.08176	0.00577	0.00257	0.00450
15	0.01543	0.00609	0.00815	0.00630	0.00898	0.00535	0.00519	0.04262	0.01039	0.77764	0.02635	0.01277	0.02399	0.00456	0.00361	0.00111	0.00301	0.00371	0.02880	0.00595
16	0.01047	0.19605	0.06367	0.05636	0.13744	0.13038	0.07090	0.16970	0.07327	0.03201	0.00755	0.00883	0.00600	0.00375	0.00333	0.00103	0.00451	0.01731	0.00229	0.00512
17	0.04101	0.00671	0.02683	0.04427	0.20320	0.01922	0.06931	0.01137	0.05382	0.20445	0.03616	0.14378	0.06039	0.00570	0.00388	0.00121	0.00347	0.05744	0.00299	0.00478
18	0.00454	0.00326	0.00428	0.00490	0.00524	0.00304	0.00335	0.00534	0.00741	0.00998	0.14891	0.68162	0.04504	0.03405	0.00491	0.00146	0.00208	0.02421	0.00340	0.00298
19	0.01133	0.15991	0.14232	0.00928	0.01198	0.46971	0.06642	0.04272	0.00929	0.00983	0.00581	0.00689	0.00473	0.00361	0.00347	0.00098	0.03289	0.00250	0.00180	0.00453
20	0.00971	0.04169	0.13449	0.04584	0.32921	0.07072	0.00916	0.15951	0.08048	0.02969	0.00862	0.03554	0.02133	0.00400	0.00353	0.00109	0.00428	0.00339	0.00234	0.00538
21	0.15228	0.00874	0.08574	0.03049	0.01048	0.00825	0.02651	0.27807	0.07860	0.22540	0.02300	0.00989	0.00721	0.00415	0.00336	0.00111	0.00354	0.00322	0.03453	0.00543
22	0.00610	0.00437	0.00681	0.31185	0.01200	0.00490	0.00563	0.00648	0.00618	0.00808	0.03655	0.07922	0.05707	0.00943	0.04182	0.39099	0.00377	0.00410	0.00191	0.00275
23	0.13143	0.02305	0.05287	0.00858	0.06675	0.04609	0.09749	0.15671	0.02119	0.19679	0.05632	0.02939	0.02782	0.00423	0.00345	0.00107	0.00372	0.00353	0.00297	0.06654
24	0.02935	0.02553	0.12260	0.06513	0.40294	0.04074	0.02019	0.10586	0.02113	0.05036	0.00794	0.05492	0.00662	0.00390	0.00353	0.00109	0.00424	0.00344	0.00219	0.02828

[dist]
# distance from previous block
# <min> <max>
3	18

[block]
# block no. 5 follows, 77 sequences, length 19
# corresponding to MSA columns:
# 415-433
name=unknown_F
#
# <colnr> <probs for GDERKNQSTAVLIFYWHMCP>
#	G	D	E	R	K	N	Q	S	T	A	V	L	I	F	Y	W	H	M	C	P
0	0.00438	0.00328	0.00407	0.00466	0.00514	0.00297	0.00319	0.00512	0.00734	0.00952	0.05626	0.63424	0.22561	0.01059	0.00449	0.00139	0.00201	0.00944	0.00336	0.00297
1	0.02841	0.02099	0.03089	0.17828	0.29745	0.18072	0.02878	0.05516	0.02136	0.01105	0.00797	0.08446	0.00717	0.00457	0.01428	0.00117	0.00468	0.01585	0.00205	0.00469
2	0.00534	0.00360	0.00435	0.00416	0.00506	0.00334	0.00312	0.00693	0.00937	0.01363	0.56918	0.02492	0.12866	0.00689	0.00387	0.00108	0.00171	0.00596	0.19549	0.00334
3	0.00728	0.02251	0.00721	0.00703	0.01970	0.10349	0.00556	0.06402	0.00807	0.01031	0.01321	0.10820	0.01405	0.09941	0.08882	0.00207	0.09621	0.31661	0.00268	0.00356
4	0.00479	0.00362	0.00442	0.00431	0.00521	0.00325	0.00320	0.00618	0.00935	0.01265	0.54955	0.09772	0.26623	0.00817	0.00427	0.00118	0.00176	0.00712	0.00373	0.00325
5	0.00842	0.01022	0.06955	0.01488	0.01861	0.00905	0.79028	0.01151	0.00844	0.01151	0.00723	0.00958	0.00541	0.00305	0.00420	0.00121	0.00602	0.00415	0.00180	0.00488
6	0.00475	0.00365	0.00434	0.00420	0.00517	0.00324	0.00314	0.00611	0.00932	0.01245	0.51055	0.05377	0.35003	0.00815	0.00426	0.00117	0.00176	0.00703	0.00370	0.00324
7	0.01325	0.01679	0.01038	0.00980	0.04612	0.82370	0.00712	0.01422	0.01011	0.00893	0.00561	0.00659	0.00468	0.00369	0.00326	0.00093	0.00639	0.00235	0.00185	0.00423
8	0.00911	0.00781	0.00822	0.00735	0.00941	0.00902	0.00573	0.04661	0.81689	0.01530	0.01444	0.01326	0.01082	0.00486	0.00366	0.00122	0.00288	0.00404	0.00366	0.00571
9	0.01367	0.01008	0.01080	0.00828	0.01115	0.01115	0.00684	0.83915	0.01691	0.02267	0.00864	0.00864	0.00612	0.00432	0.00360	0.00108	0.00396	0.00324	0.00360	0.00612
10	0.53763	0.06926	0.07607	0.01889	0.04212	0.06584	0.04149	0.02079	0.00695	0.02479	0.00568	0.00686	0.00451	0.00437	0.03633	0.00128	0.02853	0.00234	0.00207	0.00422
11	0.00721	0.01861	0.85495	0.01025	0.01557	0.00835	0.01329	0.01139	0.00759	0.01139	0.00646	0.00759	0.00456	0.00342	0.00342	0.00114	0.00532	0.00266	0.00152	0.00532
12	0.00947	0.18739	0.37499	0.01036	0.10797	0.00968	0.04192	0.11109	0.02252	0.08125	0.00726	0.00806	0.00538	0.00353	0.00328	0.00105	0.00454	0.00280	0.00209	0.00537
13	0.01127	0.01104	0.10175	0.01026	0.01338	0.11612	0.24904	0.26056	0.04622	0.10506	0.03352	0.00970	0.00691	0.00390	0.00375	0.00112	0.00482	0.00353	0.00275	0.00532
14	0.00890	0.00855	0.01460	0.02208	0.85115	0.00855	0.01104	0.01104	0.00819	0.01175	0.00677	0.00890	0.00570	0.00320	0.00356	0.00107	0.00427	0.00320	0.00178	0.00570
15	0.06678	0.00918	0.01015	0.00843	0.03501	0.05447	0.00671	0.44661	0.01244	0.11999	0.00818	0.00894	0.00610	0.02093	0.00533	0.00122	0.16790	0.00318	0.00306	0.00538
16	0.89899	0.00696	0.00529	0.00473	0.00696	0.00807	0.00390	0.01057	0.00612	0.01614	0.00501	0.00584	0.00390	0.00334	0.00223	0.00111	0.00278	0.00195	0.00223	0.00390
17	0.00534	0.00359	0.00434	0.00455	0.00520	0.00342	0.00322	0.00678	0.04131	0.02431	0.20576	0.36638	0.09624	0.05137	0.00475	0.00134	0.00202	0.00735	0.15949	0.00324
18	0.00906	0.04313	0.16850	0.00805	0.02293	0.03170	0.08437	0.11739	0.07332	0.08702	0.02344	0.06382	0.02746	0.03373	0.00409	0.00112	0.01644	0.00373	0.03739	0.14331

[dist]
# distance from previous block
# <min> <max>
14	25

[block]
# block no. 6 follows, 77 sequences, length 20
# corresponding to MSA columns:
# 460-479
name=unknown_G
#
# <colnr> <probs for GDERKNQSTAVLIFYWHMCP>
#	G	D	E	R	K	N	Q	S	T	A	V	L	I	F	Y	W	H	M	C	P
0	0.00809	0.00419	0.00453	0.00414	0.00537	0.00415	0.00319	0.04842	0.03772	0.10415	0.01201	0.03414	0.00936	0.00438	0.00278	0.00090	0.00201	0.00354	0.67935	0.02756
1	0.00857	0.02043	0.00983	0.03191	0.19327	0.02582	0.02100	0.08743	0.02294	0.02287	0.00725	0.03104	0.00608	0.00329	0.00309	0.00079	0.00335	0.00280	0.00224	0.49601
2	0.03378	0.01072	0.02727	0.06129	0.04603	0.27045	0.00709	0.15235	0.03947	0.05846	0.00749	0.00961	0.00621	0.02576	0.03742	0.01320	0.16162	0.02489	0.00234	0.00455
3	0.00452	0.00327	0.00428	0.00491	0.00530	0.00304	0.00340	0.00535	0.00747	0.00999	0.13483	0.67186	0.07808	0.01055	0.00453	0.00141	0.00206	0.03872	0.00342	0.00301
4	0.00887	0.02443	0.17978	0.12718	0.23179	0.09272	0.08853	0.07259	0.03913	0.01183	0.03696	0.00925	0.00639	0.00379	0.00403	0.00113	0.05137	0.00324	0.00198	0.00500
5	0.00479	0.00328	0.00407	0.00455	0.00472	0.00315	0.00289	0.00525	0.00639	0.00866	0.03672	0.51427	0.01966	0.32228	0.00946	0.00216	0.00257	0.00809	0.03435	0.00268
6	0.03246	0.02370	0.09648	0.06390	0.06312	0.10027	0.04664	0.06943	0.02236	0.06327	0.15392	0.13499	0.04039	0.00582	0.00396	0.00117	0.01952	0.03316	0.02114	0.00430
7	0.89899	0.00696	0.00529	0.00473	0.00696	0.00807	0.00390	0.01057	0.00612	0.01614	0.00501	0.00584	0.00390	0.00334	0.00223	0.00111	0.00278	0.00195	0.00223	0.00390
8	0.00449	0.00323	0.00417	0.00480	0.00511	0.00301	0.00322	0.00517	0.00711	0.00947	0.08440	0.68980	0.07952	0.07166	0.00551	0.00156	0.00214	0.00941	0.00331	0.00291
9	0.00573	0.00409	0.00572	0.00655	0.00735	0.00408	0.00568	0.00734	0.00822	0.01069	0.01908	0.07931	0.02085	0.01000	0.00495	0.00165	0.00326	0.78886	0.00331	0.00329
10	0.00895	0.00773	0.00813	0.00732	0.00935	0.00895	0.00569	0.01911	0.84465	0.01505	0.01464	0.01342	0.01098	0.00488	0.00366	0.00122	0.00285	0.00407	0.00366	0.00569
11	0.00428	0.00365	0.00369	0.00368	0.00488	0.00305	0.00276	0.00522	0.00827	0.00989	0.06692	0.03433	0.81909	0.00904	0.00425	0.00121	0.00182	0.00755	0.00336	0.00305
12	0.89899	0.00696	0.00529	0.00473	0.00696	0.00807	0.00390	0.01057	0.00612	0.01614	0.00501	0.00584	0.00390	0.00334	0.00223	0.00111	0.00278	0.00195	0.00223	0.00390
13	0.01257	0.00837	0.02410	0.07968	0.02341	0.00857	0.07928	0.39841	0.01264	0.23899	0.01018	0.01134	0.00739	0.03613	0.00424	0.00122	0.00396	0.03055	0.00338	0.00558
14	0.00634	0.00381	0.00480	0.00461	0.00522	0.00371	0.00319	0.02340	0.00645	0.07781	0.01518	0.05056	0.17313	0.26428	0.10960	0.23402	0.00370	0.00499	0.00247	0.00274
15	0.31479	0.17782	0.10745	0.00683	0.00969	0.10581	0.02880	0.02867	0.00805	0.17141	0.00710	0.00747	0.00523	0.00356	0.00284	0.00103	0.00387	0.00247	0.00240	0.00472
16	0.00743	0.00650	0.02538	0.14956	0.01109	0.04917	0.05055	0.04758	0.02108	0.05525	0.16009	0.02593	0.01194	0.03203	0.21311	0.00239	0.12040	0.00413	0.00244	0.00395
17	0.01208	0.30662	0.01389	0.00787	0.01077	0.06663	0.03702	0.47252	0.01289	0.01651	0.00715	0.00756	0.00548	0.00381	0.00316	0.00097	0.00416	0.00277	0.00272	0.00543
18	0.00722	0.00647	0.00884	0.04178	0.07018	0.03813	0.04950	0.03530	0.03027	0.02206	0.07848	0.14617	0.05222	0.01579	0.06580	0.01264	0.24272	0.01736	0.02332	0.03576
19	0.04453	0.02611	0.12728	0.00829	0.01133	0.03328	0.04805	0.39251	0.07751	0.14730	0.02218	0.01027	0.00728	0.00429	0.00357	0.00112	0.00400	0.02223	0.00322	0.00564

[dist]
# distance from previous block
# <min> <max>
1	13

[block]
# block no. 7 follows, 77 sequences, length 20
# corresponding to MSA columns:
# 493-512
name=unknown_H
#
# <colnr> <probs for GDERKNQSTAVLIFYWHMCP>
#	G	D	E	R	K	N	Q	S	T	A	V	L	I	F	Y	W	H	M	C	P
0	0.45219	0.00963	0.14622	0.00726	0.05505	0.06780	0.00628	0.04129	0.09586	0.01442	0.03629	0.00903	0.03759	0.00392	0.00291	0.00112	0.00352	0.00279	0.00236	0.00447
1	0.00788	0.07085	0.30058	0.05629	0.04520	0.00710	0.00816	0.01056	0.02323	0.04150	0.00677	0.00785	0.00523	0.00313	0.00304	0.00085	0.00386	0.00249	0.00195	0.39348
2	0.01344	0.01714	0.01019	0.00927	0.01112	0.85915	0.00695	0.01436	0.01019	0.00880	0.00556	0.00649	0.00463	0.00371	0.00324	0.00093	0.00649	0.00232	0.00185	0.00417
3	0.00826	0.02804	0.17838	0.05033	0.10560	0.00678	0.06024	0.02106	0.00787	0.06177	0.00694	0.00816	0.00540	0.00315	0.00329	0.00085	0.01971	0.00266	0.00206	0.41946
4	0.00949	0.83038	0.06310	0.00637	0.00957	0.01392	0.00653	0.01080	0.00732	0.00862	0.00508	0.00587	0.00461	0.00310	0.00237	0.00079	0.00392	0.00196	0.00154	0.00465
5	0.00523	0.00349	0.00392	0.00392	0.00392	0.00349	0.00218	0.00523	0.00523	0.00697	0.01133	0.02354	0.01308	0.87359	0.01831	0.00349	0.00349	0.00523	0.00218	0.00218
6	0.02766	0.04638	0.11904	0.00828	0.04119	0.01701	0.13258	0.05893	0.07710	0.08578	0.13186	0.14884	0.07831	0.00583	0.00388	0.00118	0.00352	0.00521	0.00292	0.00451
7	0.00852	0.00687	0.03824	0.10695	0.19057	0.00672	0.05820	0.05289	0.09660	0.09676	0.07407	0.04099	0.03394	0.00489	0.00368	0.00115	0.00348	0.05767	0.11309	0.00473
8	0.00446	0.00319	0.00426	0.00510	0.00534	0.00299	0.00347	0.00514	0.00696	0.00927	0.01978	0.82627	0.02362	0.01120	0.00461	0.00147	0.00215	0.05444	0.00334	0.00294
9	0.02612	0.00519	0.00717	0.09055	0.13689	0.00523	0.00549	0.01961	0.05688	0.07499	0.16364	0.13363	0.13040	0.05621	0.00481	0.00135	0.00288	0.05546	0.01949	0.00400
10	0.04327	0.06513	0.30533	0.07162	0.13613	0.03798	0.09748	0.09938	0.01776	0.05583	0.00714	0.00841	0.00532	0.00357	0.00361	0.00111	0.02215	0.00300	0.01060	0.00518
11	0.00683	0.00521	0.03350	0.02893	0.00752	0.00513	0.05284	0.01764	0.12348	0.02601	0.12289	0.11385	0.01346	0.00730	0.00607	0.17581	0.04103	0.02740	0.18156	0.00355
12	0.00770	0.00755	0.01183	0.51164	0.22208	0.04604	0.02808	0.00980	0.00743	0.00979	0.00652	0.02273	0.00531	0.00387	0.00436	0.00119	0.08468	0.00329	0.00168	0.00441
13	0.00913	0.21866	0.15018	0.07129	0.20916	0.00987	0.15168	0.05556	0.02084	0.04974	0.01709	0.00855	0.00574	0.00340	0.00337	0.00105	0.00456	0.00306	0.00195	0.00513
14	0.00795	0.07494	0.23076	0.10548	0.19663	0.04804	0.03185	0.03041	0.04768	0.02281	0.04650	0.09085	0.03191	0.00461	0.00361	0.00113	0.00423	0.01368	0.00215	0.00479
15	0.00466	0.00346	0.00427	0.00449	0.00515	0.00314	0.00319	0.00565	0.00817	0.01086	0.28548	0.33319	0.23370	0.04106	0.00510	0.01972	0.00199	0.02023	0.00346	0.00305
16	0.00905	0.21700	0.07519	0.01609	0.02518	0.02230	0.00538	0.03585	0.05370	0.12162	0.07963	0.01160	0.00950	0.00419	0.00310	0.00095	0.01527	0.00326	0.28665	0.00446
17	0.05672	0.07081	0.23072	0.04276	0.21780	0.00874	0.05208	0.13881	0.00932	0.07915	0.00762	0.00872	0.00569	0.00359	0.00336	0.00107	0.00426	0.00301	0.05048	0.00529
18	0.00849	0.05659	0.19464	0.04547	0.28157	0.00793	0.03533	0.06694	0.04806	0.05906	0.01022	0.07317	0.05302	0.02252	0.02028	0.00126	0.00419	0.00392	0.00228	0.00505
19	0.00517	0.00387	0.00492	0.00517	0.00568	0.00388	0.00358	0.00646	0.06047	0.00939	0.04087	0.49475	0.01851	0.15347	0.09585	0.00217	0.02387	0.00763	0.00293	0.05137

[dist]
# distance from previous block
# <min> <max>
2	29

[block]
# block no. 8 follows, 77 sequences, length 15
# corresponding to MSA columns:
# 542-556
name=unknown_I
#
# <colnr> <probs for GDERKNQSTAVLIFYWHMCP>
#	G	D	E	R	K	N	Q	S	T	A	V	L	I	F	Y	W	H	M	C	P
0	0.11177	0.16570	0.15301	0.03590	0.07384	0.07531	0.09756	0.13400	0.07639	0.03326	0.00723	0.00810	0.00554	0.00359	0.00323	0.00106	0.00439	0.00287	0.00223	0.00505
1	0.00466	0.00336	0.00435	0.00477	0.00522	0.00312	0.00331	0.00561	0.00787	0.01068	0.26520	0.51207	0.07201	0.05631	0.00521	0.00146	0.00206	0.02623	0.00346	0.00304
2	0.03132	0.03061	0.58224	0.01147	0.12092	0.00837	0.05880	0.02540	0.03420	0.02899	0.00729	0.03149	0.00557	0.00366	0.00348	0.00114	0.00490	0.00306	0.00180	0.00527
3	0.00446	0.00320	0.00424	0.00499	0.00528	0.00299	0.00339	0.00519	0.00717	0.00957	0.07258	0.77446	0.04535	0.01093	0.00457	0.00144	0.00209	0.03175	0.00338	0.00296
4	0.01367	0.01008	0.01080	0.00828	0.01115	0.01115	0.00684	0.83915	0.01691	0.02267	0.00864	0.00864	0.00612	0.00432	0.00360	0.00108	0.00396	0.00324	0.00360	0.00612
5	0.00580	0.00414	0.00580	0.00662	0.00745	0.00414	0.00580	0.00745	0.00828	0.01076	0.01905	0.04057	0.02070	0.00994	0.00497	0.00166	0.00331	0.82694	0.00331	0.00331
6	0.89899	0.00696	0.00529	0.00473	0.00696	0.00807	0.00390	0.01057	0.00612	0.01614	0.00501	0.00584	0.00390	0.00334	0.00223	0.00111	0.00278	0.00195	0.00223	0.00390
7	0.00580	0.00414	0.00580	0.00662	0.00745	0.00414	0.00580	0.00745	0.00828	0.01076	0.01905	0.04057	0.02070	0.00994	0.00497	0.00166	0.00331	0.82694	0.00331	0.00331
8	0.01340	0.00994	0.01064	0.00822	0.01105	0.01103	0.00677	0.79127	0.06524	0.02222	0.00899	0.00892	0.00640	0.00435	0.00360	0.00109	0.00389	0.00329	0.00360	0.00609
9	0.02827	0.14043	0.08341	0.00762	0.01030	0.10406	0.03275	0.10944	0.07703	0.27030	0.03512	0.01082	0.00799	0.00435	0.00373	0.00108	0.03733	0.02771	0.00302	0.00524
10	0.04773	0.83852	0.01827	0.00609	0.00913	0.01397	0.00606	0.01076	0.00726	0.00879	0.00500	0.00577	0.00459	0.00309	0.00230	0.00078	0.00380	0.00192	0.00157	0.00459
11	0.00523	0.00362	0.00454	0.00458	0.00480	0.00380	0.00301	0.00568	0.00554	0.00755	0.01124	0.02175	0.01231	0.59245	0.25400	0.00404	0.00521	0.04595	0.00217	0.00253
12	0.00793	0.08043	0.46605	0.05465	0.09253	0.00848	0.11051	0.01130	0.02542	0.04408	0.04591	0.02260	0.00674	0.00371	0.00352	0.00112	0.00481	0.00323	0.00188	0.00509
13	0.14257	0.00831	0.05878	0.01011	0.05062	0.00876	0.20506	0.01047	0.00724	0.08437	0.04904	0.03213	0.00714	0.00479	0.00643	0.00131	0.30269	0.00360	0.00215	0.00444
14	0.01614	0.00612	0.00835	0.00640	0.00918	0.00529	0.00529	0.01753	0.01030	0.85364	0.01419	0.01224	0.00890	0.00445	0.00362	0.00111	0.00306	0.00362	0.00445	0.00612

[dist]
# distance from previous block
# <min> <max>
1	56

[block]
# block no. 9 follows, 77 sequences, length 7
# corresponding to MSA columns:
# 619-625
name=unknown_J
#
# <colnr> <probs for GDERKNQSTAVLIFYWHMCP>
#	G	D	E	R	K	N	Q	S	T	A	V	L	I	F	Y	W	H	M	C	P
0	0.16096	0.01028	0.22373	0.14981	0.11794	0.02879	0.00879	0.06897	0.02290	0.08622	0.02228	0.01004	0.00641	0.00402	0.00362	0.00116	0.03005	0.03693	0.00225	0.00485
1	0.00677	0.00577	0.03209	0.03184	0.01004	0.00522	0.20372	0.00869	0.00877	0.06730	0.26011	0.14640	0.01976	0.00701	0.00436	0.00130	0.00339	0.17040	0.00313	0.00391
2	0.74664	0.00634	0.00496	0.00450	0.00648	0.00726	0.00366	0.01020	0.00636	0.01567	0.00616	0.00714	0.00480	0.00348	0.00228	0.00107	0.00259	0.00219	0.15442	0.00380
3	0.01256	0.15735	0.01169	0.00768	0.01048	0.01103	0.00648	0.54448	0.11667	0.07226	0.00911	0.00897	0.00664	0.00418	0.00339	0.00105	0.00375	0.00314	0.00331	0.00581
4	0.04846	0.11718	0.01048	0.00751	0.00995	0.03521	0.00618	0.31922	0.32752	0.04067	0.01026	0.00999	0.00767	0.00438	0.00363	0.00111	0.02849	0.00331	0.00322	0.00556
5	0.01054	0.01456	0.22193	0.00939	0.01227	0.37977	0.07795	0.11058	0.01000	0.01155	0.02697	0.02951	0.04244	0.00427	0.00355	0.00107	0.00538	0.02148	0.00215	0.00463
6	0.00651	0.00477	0.00576	0.00512	0.00633	0.00470	0.00394	0.14882	0.01122	0.01556	0.65926	0.02420	0.07581	0.00694	0.00413	0.00113	0.00209	0.00601	0.00386	0.00384

[dist]
# distance from previous block
# <min> <max>
0	2

[block]
# block no. 10 follows, 77 sequences, length 14
# corresponding to MSA columns:
# 628-641
name=unknown_K
#
# <colnr> <probs for GDERKNQSTAVLIFYWHMCP>
#	G	D	E	R	K	N	Q	S	T	A	V	L	I	F	Y	W	H	M	C	P
0	0.00863	0.00634	0.01031	0.69636	0.02171	0.00746	0.00907	0.01083	0.00780	0.17500	0.00792	0.01011	0.00560	0.00376	0.00360	0.00118	0.00445	0.00328	0.00216	0.00441
1	0.00471	0.00366	0.00428	0.00413	0.00514	0.00323	0.00310	0.00605	0.00929	0.01230	0.48169	0.03037	0.40283	0.00815	0.00425	0.00117	0.00175	0.00700	0.00368	0.00323
2	0.72381	0.00685	0.00637	0.17364	0.01045	0.00805	0.00509	0.01030	0.00633	0.01477	0.00528	0.00658	0.00407	0.00339	0.00250	0.00113	0.00318	0.00219	0.00210	0.00392
3	0.01048	0.00813	0.00866	0.00720	0.00937	0.03105	0.00575	0.36188	0.28898	0.03937	0.17574	0.01383	0.01322	0.00509	0.00374	0.00113	0.00319	0.00414	0.00367	0.00539
4	0.03399	0.12024	0.04087	0.02499	0.02706	0.00884	0.05441	0.09016	0.36758	0.08313	0.02446	0.05608	0.04298	0.00483	0.00354	0.00114	0.00334	0.00403	0.00312	0.00520
5	0.00509	0.00443	0.00511	0.00484	0.00574	0.00461	0.00376	0.00600	0.00757	0.00967	0.02805	0.07409	0.59592	0.00843	0.00566	0.00128	0.17171	0.00665	0.04816	0.00322
6	0.00519	0.00347	0.00393	0.00397	0.00398	0.00346	0.00223	0.00522	0.00530	0.00707	0.01171	0.06106	0.01355	0.83542	0.01770	0.00340	0.00343	0.00545	0.00223	0.00221
7	0.72379	0.00625	0.00491	0.00446	0.00641	0.00714	0.00362	0.01014	0.00640	0.01560	0.00633	0.00733	0.00494	0.00351	0.00228	0.00106	0.00257	0.00222	0.17724	0.00379
8	0.00900	0.03260	0.18319	0.05227	0.04075	0.03581	0.06426	0.09020	0.04155	0.10850	0.03073	0.01589	0.00964	0.02034	0.00452	0.00126	0.05158	0.16500	0.00263	0.04028
9	0.00688	0.00879	0.17654	0.69712	0.02297	0.00806	0.01064	0.00962	0.00727	0.00962	0.00641	0.00920	0.00475	0.00356	0.00356	0.00119	0.00490	0.00309	0.00158	0.00426
10	0.02688	0.09667	0.08564	0.00949	0.17468	0.01936	0.02069	0.01048	0.04472	0.04335	0.03257	0.04847	0.00730	0.00366	0.00322	0.00087	0.01362	0.00306	0.00220	0.35306
11	0.03235	0.00531	0.00715	0.03623	0.07610	0.00501	0.02555	0.02741	0.00775	0.08968	0.02672	0.09122	0.17427	0.01034	0.18929	0.00206	0.00430	0.00469	0.00266	0.18194
12	0.00903	0.00813	0.01243	0.07489	0.54127	0.01943	0.00929	0.08582	0.05135	0.02333	0.02190	0.01064	0.00702	0.01460	0.00375	0.00110	0.00402	0.03171	0.00218	0.06810
13	0.03918	0.04464	0.03878	0.05319	0.14226	0.17436	0.04567	0.05132	0.02547	0.06044	0.03106	0.20751	0.01045	0.00546	0.00375	0.00113	0.01381	0.00466	0.00249	0.04437

[dist]
# distance from previous block
# <min> <max>
0	479

# created by:
# /home/simao/soft/augustus-3.0.3/scripts/msa2prfl.pl ./prep/18676.aln
