[name]
unknown

[dist]
# distance from previous block
# <min> <max>
0	423

[block]
# block no. 0 follows, 75 sequences, length 15
# corresponding to MSA columns:
# 441-455
name=unknown_A
#
# <colnr> <probs for GDERKNQSTAVLIFYWHMCP>
#	G	D	E	R	K	N	Q	S	T	A	V	L	I	F	Y	W	H	M	C	P
0	0.00448	0.00363	0.00405	0.00421	0.00518	0.00321	0.00308	0.00541	0.00800	0.00992	0.06763	0.20261	0.57947	0.01106	0.06950	0.00164	0.00252	0.00796	0.00333	0.00311
1	0.00833	0.00439	0.00560	0.00492	0.00636	0.00394	0.00382	0.00989	0.00992	0.24068	0.44454	0.02284	0.11526	0.00657	0.00398	0.00113	0.00212	0.00563	0.09588	0.00418
2	0.00441	0.00360	0.00390	0.00408	0.00507	0.00309	0.00296	0.00531	0.00815	0.01001	0.06925	0.22747	0.62048	0.00973	0.00442	0.00129	0.00192	0.00832	0.00344	0.00309
3	0.00941	0.80667	0.01810	0.00619	0.00911	0.01365	0.00606	0.01055	0.00743	0.00870	0.00626	0.07179	0.00621	0.00378	0.00253	0.00084	0.00379	0.00261	0.00171	0.00458
4	0.01130	0.01299	0.00874	0.00794	0.00941	0.54458	0.00585	0.07475	0.00963	0.00973	0.00863	0.04342	0.03380	0.17978	0.00670	0.00153	0.02161	0.00353	0.00219	0.00391
5	0.89687	0.00710	0.00540	0.00483	0.00710	0.00824	0.00398	0.01080	0.00625	0.01648	0.00511	0.00597	0.00398	0.00341	0.00227	0.00114	0.00284	0.00199	0.00227	0.00398
6	0.03153	0.00974	0.01064	0.00890	0.05493	0.02630	0.00691	0.61780	0.10166	0.07950	0.00962	0.00950	0.00686	0.00439	0.00364	0.00112	0.00390	0.00338	0.00358	0.00610
7	0.00833	0.00645	0.00743	0.00658	0.00780	0.02762	0.00507	0.20407	0.10909	0.01281	0.01006	0.01393	0.00898	0.16714	0.24964	0.02333	0.07359	0.00393	0.04999	0.00415
8	0.01054	0.01099	0.09274	0.01044	0.03304	0.14713	0.22254	0.19198	0.05849	0.05875	0.02466	0.05946	0.00807	0.02444	0.00431	0.00122	0.01467	0.01883	0.00264	0.00506
9	0.00658	0.00411	0.00486	0.00477	0.00570	0.00403	0.00355	0.02732	0.06211	0.05472	0.20291	0.16336	0.06737	0.05519	0.00493	0.02541	0.00223	0.04882	0.24845	0.00358
10	0.00721	0.00681	0.01151	0.75535	0.12990	0.00823	0.01034	0.00962	0.00747	0.00972	0.00658	0.00970	0.00501	0.00362	0.00367	0.00121	0.00483	0.00327	0.00166	0.00430
11	0.01196	0.00521	0.00697	0.00572	0.00772	0.00459	0.00455	0.01325	0.00993	0.51493	0.23277	0.03394	0.06005	0.02723	0.00474	0.03978	0.00269	0.00482	0.00415	0.00500
12	0.89687	0.00710	0.00540	0.00483	0.00710	0.00824	0.00398	0.01080	0.00625	0.01648	0.00511	0.00597	0.00398	0.00341	0.00227	0.00114	0.00284	0.00199	0.00227	0.00398
13	0.00585	0.00334	0.00477	0.00487	0.00499	0.00341	0.00328	0.00515	0.00529	0.00714	0.00925	0.11742	0.00990	0.13280	0.12998	0.54003	0.00403	0.00447	0.00195	0.00208
14	0.06219	0.00740	0.00873	0.00703	0.00948	0.00763	0.01840	0.24271	0.14654	0.31119	0.11412	0.01355	0.01162	0.00494	0.00373	0.00116	0.00321	0.01682	0.00393	0.00565

[dist]
# distance from previous block
# <min> <max>
6	17

[block]
# block no. 1 follows, 75 sequences, length 12
# corresponding to MSA columns:
# 483-494
name=unknown_B
#
# <colnr> <probs for GDERKNQSTAVLIFYWHMCP>
#	G	D	E	R	K	N	Q	S	T	A	V	L	I	F	Y	W	H	M	C	P
0	0.03629	0.00427	0.00477	0.04037	0.00567	0.02381	0.00310	0.00653	0.02090	0.02566	0.05850	0.06867	0.06474	0.57840	0.04112	0.00292	0.00356	0.00547	0.00250	0.00275
1	0.00748	0.05697	0.00975	0.20682	0.13361	0.00669	0.00673	0.00952	0.03394	0.01101	0.00907	0.07342	0.04215	0.00404	0.00330	0.00092	0.00346	0.00348	0.00216	0.37549
2	0.03431	0.01205	0.00939	0.00795	0.01034	0.38569	0.00617	0.11284	0.12672	0.08320	0.00823	0.00854	0.00630	0.00388	0.00331	0.00095	0.00468	0.00280	0.00265	0.17000
3	0.00587	0.00452	0.00583	0.08246	0.04418	0.02666	0.00454	0.00730	0.00883	0.03478	0.33436	0.22505	0.12116	0.00796	0.00425	0.00125	0.00248	0.04114	0.03380	0.00356
4	0.00615	0.00407	0.00494	0.00494	0.00596	0.00382	0.00378	0.00784	0.04834	0.07301	0.20534	0.16145	0.21567	0.03745	0.00475	0.00136	0.00228	0.12363	0.08165	0.00356
5	0.03822	0.00720	0.00879	0.00694	0.00956	0.00714	0.00568	0.21250	0.08465	0.49316	0.03901	0.01211	0.00927	0.00564	0.04153	0.00135	0.00357	0.00370	0.00407	0.00593
6	0.00786	0.00747	0.01269	0.50147	0.37869	0.00840	0.01066	0.01019	0.00778	0.01051	0.00669	0.00949	0.00529	0.00350	0.00366	0.00117	0.00467	0.00327	0.00171	0.00483
7	0.07628	0.00572	0.00732	0.00635	0.00793	0.00599	0.03468	0.11625	0.02146	0.01200	0.03609	0.05112	0.00920	0.04335	0.36956	0.02100	0.01987	0.00383	0.00240	0.14960
8	0.00733	0.00691	0.01152	0.70682	0.14929	0.00828	0.01022	0.01000	0.03503	0.00998	0.00686	0.00981	0.00524	0.00365	0.00367	0.00120	0.00475	0.00329	0.00173	0.00440
9	0.21311	0.37343	0.14635	0.02717	0.11516	0.01081	0.00760	0.01090	0.00738	0.01146	0.00624	0.00827	0.00541	0.00360	0.00283	0.00101	0.00397	0.03874	0.00184	0.00472
10	0.09569	0.04567	0.09772	0.50263	0.04943	0.00838	0.00920	0.04740	0.00807	0.09155	0.00721	0.00923	0.00527	0.00371	0.00346	0.00117	0.00448	0.00307	0.00206	0.00460
11	0.00951	0.00780	0.01290	0.22101	0.51296	0.00803	0.01002	0.01164	0.00838	0.12317	0.00782	0.00967	0.00602	0.00352	0.00362	0.00111	0.00427	0.00329	0.00215	0.03311

[dist]
# distance from previous block
# <min> <max>
1	21

[block]
# block no. 2 follows, 75 sequences, length 12
# corresponding to MSA columns:
# 516-527
name=unknown_C
#
# <colnr> <probs for GDERKNQSTAVLIFYWHMCP>
#	G	D	E	R	K	N	Q	S	T	A	V	L	I	F	Y	W	H	M	C	P
0	0.00824	0.00650	0.00808	0.00702	0.00890	0.00670	0.05525	0.09397	0.26265	0.05362	0.06154	0.13990	0.06710	0.00642	0.00413	0.00123	0.01802	0.08405	0.00336	0.10330
1	0.00613	0.00529	0.00879	0.02319	0.00885	0.00514	0.21089	0.00766	0.04394	0.00958	0.01397	0.25454	0.04538	0.30737	0.00934	0.00211	0.00371	0.00646	0.02427	0.00337
2	0.00696	0.00424	0.00516	0.00469	0.00594	0.00383	0.00353	0.00843	0.02892	0.15343	0.36654	0.02656	0.26462	0.09407	0.00565	0.00142	0.00222	0.00628	0.00375	0.00376
3	0.89687	0.00710	0.00540	0.00483	0.00710	0.00824	0.00398	0.01080	0.00625	0.01648	0.00511	0.00597	0.00398	0.00341	0.00227	0.00114	0.00284	0.00199	0.00227	0.00398
4	0.03139	0.05567	0.03441	0.02014	0.01072	0.47916	0.02010	0.07520	0.05170	0.03293	0.00718	0.00849	0.00589	0.00714	0.11534	0.01540	0.01974	0.00282	0.00217	0.00443
5	0.01049	0.67847	0.04787	0.00633	0.00940	0.01249	0.00625	0.01185	0.00790	0.12469	0.00680	0.00726	0.00555	0.00341	0.00259	0.00085	0.00376	0.00230	0.04685	0.00489
6	0.00731	0.00540	0.00566	0.00524	0.00665	0.04252	0.00399	0.05125	0.13244	0.07799	0.16206	0.10168	0.28028	0.00720	0.00397	0.00118	0.00242	0.00607	0.09264	0.00404
7	0.10254	0.06836	0.03231	0.00641	0.00814	0.03827	0.02796	0.07266	0.04065	0.05052	0.02451	0.04331	0.01833	0.05147	0.31410	0.02470	0.00585	0.00371	0.00240	0.06380
8	0.00996	0.03170	0.00774	0.02067	0.00849	0.16162	0.00514	0.13969	0.02307	0.14078	0.10802	0.16728	0.06835	0.03851	0.00444	0.00126	0.00353	0.02765	0.02772	0.00439
9	0.00781	0.44724	0.15653	0.00645	0.00927	0.00989	0.00655	0.00941	0.00757	0.00960	0.02726	0.13101	0.09942	0.02173	0.00346	0.00105	0.00362	0.00407	0.00211	0.03596
10	0.08012	0.03492	0.25849	0.00869	0.01217	0.01963	0.09836	0.07234	0.09849	0.18344	0.02688	0.02268	0.00744	0.00438	0.01558	0.00120	0.00426	0.00339	0.00275	0.04478
11	0.09908	0.00832	0.00843	0.00696	0.00944	0.07907	0.00555	0.15370	0.23554	0.17675	0.02667	0.03201	0.00866	0.00444	0.00343	0.00107	0.00338	0.00348	0.00336	0.13067

[dist]
# distance from previous block
# <min> <max>
0	1

[block]
# block no. 3 follows, 75 sequences, length 10
# corresponding to MSA columns:
# 529-538
name=unknown_D
#
# <colnr> <probs for GDERKNQSTAVLIFYWHMCP>
#	G	D	E	R	K	N	Q	S	T	A	V	L	I	F	Y	W	H	M	C	P
0	0.00998	0.00635	0.00714	0.00622	0.00797	0.04990	0.00483	0.12348	0.09998	0.22961	0.19672	0.15894	0.06994	0.00664	0.00402	0.00120	0.00286	0.00564	0.00383	0.00475
1	0.00723	0.00683	0.01155	0.74698	0.13810	0.00824	0.01035	0.00964	0.00748	0.00974	0.00658	0.00970	0.00502	0.00362	0.00367	0.00121	0.00482	0.00327	0.00166	0.00432
2	0.29133	0.00709	0.00734	0.00623	0.00802	0.00795	0.00491	0.25343	0.03909	0.04502	0.02333	0.03570	0.00738	0.07532	0.00638	0.12341	0.04768	0.00335	0.00275	0.00429
3	0.00933	0.00977	0.01453	0.01132	0.01362	0.12666	0.35722	0.09701	0.03763	0.01198	0.00927	0.06770	0.02608	0.00497	0.00541	0.00128	0.14379	0.04553	0.00229	0.00462
4	0.00882	0.00512	0.00635	0.00584	0.00729	0.00491	0.00451	0.12760	0.00986	0.21050	0.08488	0.31038	0.12013	0.00815	0.00427	0.00131	0.00267	0.06934	0.00376	0.00431
5	0.00786	0.00747	0.01269	0.50184	0.37833	0.00840	0.01066	0.01019	0.00778	0.01051	0.00669	0.00949	0.00529	0.00350	0.00366	0.00117	0.00467	0.00327	0.00171	0.00483
6	0.03548	0.01031	0.00972	0.00792	0.01047	0.14808	0.00634	0.41120	0.16509	0.01749	0.00912	0.00936	0.00687	0.00507	0.03543	0.00122	0.00430	0.00318	0.00313	0.10020
7	0.02738	0.00647	0.00911	0.00688	0.00970	0.00540	0.10987	0.01109	0.00851	0.20224	0.04607	0.05780	0.03365	0.00424	0.00341	0.00090	0.00317	0.02228	0.00289	0.42894
8	0.00554	0.00382	0.00468	0.00459	0.00468	0.00408	0.00289	0.00565	0.00539	0.00734	0.01066	0.02116	0.01193	0.66528	0.12191	0.06024	0.05069	0.00492	0.00212	0.00241
9	0.00869	0.51930	0.31975	0.00771	0.01156	0.01179	0.00877	0.01102	0.00772	0.01004	0.04900	0.00768	0.00624	0.00349	0.00287	0.00094	0.00436	0.00248	0.00169	0.00491

[dist]
# distance from previous block
# <min> <max>
0	2

[block]
# block no. 4 follows, 75 sequences, length 22
# corresponding to MSA columns:
# 541-562
name=unknown_E
#
# <colnr> <probs for GDERKNQSTAVLIFYWHMCP>
#	G	D	E	R	K	N	Q	S	T	A	V	L	I	F	Y	W	H	M	C	P
0	0.35797	0.03596	0.02729	0.30843	0.02865	0.00879	0.00702	0.08096	0.08903	0.01399	0.00695	0.00840	0.00527	0.00373	0.00308	0.00116	0.00379	0.00280	0.00226	0.00447
1	0.09286	0.17214	0.01166	0.00794	0.01050	0.34309	0.04236	0.08930	0.02310	0.06079	0.00665	0.00735	0.00528	0.00360	0.00308	0.00093	0.00479	0.00251	0.00225	0.10981
2	0.00500	0.00371	0.00464	0.00475	0.00550	0.00344	0.00348	0.00641	0.02322	0.01210	0.41324	0.23095	0.16260	0.04736	0.00509	0.00139	0.00205	0.05815	0.00366	0.00327
3	0.00549	0.00408	0.00500	0.00463	0.00584	0.00355	0.00347	0.00691	0.00926	0.03142	0.46443	0.12042	0.19809	0.00768	0.00416	0.00114	0.00196	0.00669	0.00362	0.11217
4	0.04277	0.00700	0.00727	0.00648	0.00824	0.03602	0.00503	0.12733	0.36969	0.01541	0.18704	0.06131	0.07057	0.00593	0.00383	0.00119	0.00280	0.00495	0.03229	0.00486
5	0.01212	0.01469	0.01190	0.01017	0.01206	0.58448	0.11552	0.03987	0.00972	0.00984	0.00624	0.00818	0.00531	0.00422	0.00466	0.00110	0.12050	0.02313	0.00194	0.00436
6	0.04466	0.00355	0.00472	0.00487	0.00511	0.00360	0.00333	0.00548	0.00562	0.00785	0.01077	0.13253	0.02858	0.16227	0.06908	0.44699	0.00352	0.05307	0.00215	0.00225
7	0.00934	0.54903	0.24158	0.00770	0.01129	0.06308	0.00830	0.01163	0.03484	0.00969	0.00585	0.00673	0.00491	0.00339	0.00294	0.00093	0.01993	0.00228	0.00166	0.00490
8	0.00743	0.00461	0.00604	0.00563	0.00680	0.00458	0.00436	0.05219	0.02649	0.14146	0.27451	0.13997	0.05403	0.02567	0.17049	0.00220	0.01555	0.05055	0.00348	0.00395
9	0.00734	0.00648	0.01183	0.00953	0.01159	0.00617	0.32322	0.00985	0.04505	0.05280	0.17587	0.09202	0.02890	0.00653	0.00448	0.00134	0.00398	0.19581	0.00300	0.00421
10	0.00752	0.07183	0.80039	0.01021	0.01550	0.00890	0.01312	0.01159	0.00774	0.01145	0.00650	0.00764	0.00466	0.00347	0.00342	0.00114	0.00534	0.00267	0.00155	0.00538
11	0.07877	0.14095	0.07578	0.00845	0.01073	0.05227	0.18864	0.01016	0.05077	0.01104	0.01070	0.15077	0.03642	0.00650	0.04832	0.00143	0.04146	0.02247	0.05013	0.00426
12	0.00566	0.00398	0.00482	0.00480	0.00584	0.00363	0.00364	0.00721	0.03735	0.06258	0.27841	0.17825	0.30268	0.00878	0.00440	0.00129	0.00211	0.07740	0.00368	0.00350
13	0.00483	0.00336	0.00433	0.00496	0.00519	0.00323	0.00332	0.00545	0.00676	0.00911	0.01791	0.59818	0.02104	0.18863	0.02866	0.00202	0.00268	0.05832	0.02916	0.00287
14	0.01029	0.68765	0.06759	0.00701	0.01027	0.02535	0.03586	0.04837	0.00819	0.06166	0.00603	0.00669	0.00508	0.00331	0.00265	0.00086	0.00409	0.00226	0.00186	0.00492
15	0.00567	0.00447	0.00649	0.00627	0.00681	0.00543	0.00491	0.00687	0.00588	0.00863	0.00928	0.01396	0.00877	0.06090	0.68361	0.00509	0.12607	0.00389	0.02367	0.00334
16	0.06808	0.00615	0.00660	0.00593	0.00766	0.00655	0.00461	0.08626	0.31095	0.05975	0.13523	0.07030	0.18108	0.00639	0.00386	0.00121	0.00256	0.00533	0.02684	0.00465
17	0.00531	0.00355	0.00402	0.00405	0.00405	0.00354	0.00227	0.00533	0.00540	0.00720	0.01189	0.05508	0.01375	0.83933	0.01818	0.00348	0.00351	0.00553	0.00227	0.00225
18	0.05391	0.00791	0.04133	0.00843	0.02343	0.03892	0.11672	0.13129	0.09572	0.04729	0.02511	0.14321	0.06157	0.00599	0.00507	0.00128	0.12770	0.01894	0.04161	0.00457
19	0.00844	0.00851	0.01303	0.10877	0.24496	0.03735	0.07424	0.00999	0.00697	0.01001	0.00582	0.00863	0.00516	0.00490	0.00789	0.00137	0.43435	0.00330	0.00170	0.00461
20	0.00459	0.00331	0.00437	0.00518	0.00550	0.00309	0.00359	0.00533	0.00722	0.00954	0.02109	0.75467	0.06832	0.01127	0.00470	0.00149	0.00222	0.07808	0.00341	0.00302
21	0.80681	0.03875	0.00625	0.03295	0.00792	0.03630	0.00437	0.01088	0.00647	0.01572	0.00518	0.00611	0.00406	0.00342	0.00236	0.00112	0.00307	0.00204	0.00221	0.00402

[dist]
# distance from previous block
# <min> <max>
3	8

[block]
# block no. 5 follows, 75 sequences, length 9
# corresponding to MSA columns:
# 573-581
name=unknown_F
#
# <colnr> <probs for GDERKNQSTAVLIFYWHMCP>
#	G	D	E	R	K	N	Q	S	T	A	V	L	I	F	Y	W	H	M	C	P
0	0.00639	0.00477	0.00562	0.00513	0.00637	0.00464	0.00395	0.13784	0.01080	0.01461	0.46586	0.07244	0.20518	0.00771	0.00427	0.00120	0.00220	0.03343	0.00379	0.00380
1	0.02501	0.39024	0.11472	0.02134	0.02623	0.09778	0.04185	0.09371	0.03832	0.02322	0.00648	0.00731	0.00527	0.00343	0.00295	0.00091	0.00433	0.00249	0.00202	0.09239
2	0.00908	0.00987	0.01035	0.20688	0.01342	0.24421	0.00792	0.01039	0.00761	0.00925	0.03120	0.01019	0.00651	0.00608	0.04108	0.00150	0.33324	0.03533	0.00185	0.00403
3	0.00739	0.00611	0.00757	0.03358	0.03815	0.00502	0.00476	0.00888	0.00756	0.03295	0.00887	0.14430	0.00850	0.00431	0.00337	0.00078	0.02624	0.00363	0.00239	0.64564
4	0.00459	0.00362	0.00415	0.00433	0.00524	0.00318	0.00317	0.00563	0.00844	0.01074	0.18655	0.23169	0.46834	0.00951	0.00445	0.00130	0.00195	0.03642	0.00353	0.00315
5	0.00515	0.00367	0.00444	0.00445	0.00516	0.00342	0.00320	0.00630	0.00848	0.01161	0.36166	0.10354	0.17745	0.17267	0.00704	0.00168	0.00224	0.05897	0.05577	0.00311
6	0.00651	0.00480	0.00583	0.00592	0.00697	0.00481	0.00470	0.13771	0.00941	0.01227	0.04337	0.24240	0.16215	0.04393	0.00515	0.00153	0.00287	0.29262	0.00341	0.00364
7	0.00929	0.00842	0.00799	0.00720	0.00897	0.10580	0.00545	0.05552	0.57412	0.01369	0.01306	0.01429	0.01057	0.14204	0.00606	0.00157	0.00349	0.00409	0.00328	0.00509
8	0.00705	0.01655	0.71753	0.00944	0.01401	0.00774	0.01177	0.01063	0.00737	0.01092	0.00738	0.01033	0.00603	0.14095	0.00590	0.00154	0.00513	0.00313	0.00166	0.00492

[dist]
# distance from previous block
# <min> <max>
0	2

[block]
# block no. 6 follows, 75 sequences, length 8
# corresponding to MSA columns:
# 584-591
name=unknown_G
#
# <colnr> <probs for GDERKNQSTAVLIFYWHMCP>
#	G	D	E	R	K	N	Q	S	T	A	V	L	I	F	Y	W	H	M	C	P
0	0.01182	0.00593	0.00715	0.00598	0.00801	0.00582	0.00474	0.07700	0.14649	0.38445	0.03245	0.05856	0.01077	0.02570	0.00388	0.00117	0.00278	0.00414	0.19791	0.00523
1	0.01217	0.01317	0.00923	0.00825	0.01018	0.50408	0.00629	0.07744	0.17782	0.03790	0.00873	0.00915	0.00679	0.00415	0.00336	0.00101	0.00505	0.00295	0.09761	0.00469
2	0.00682	0.00548	0.00641	0.00540	0.00734	0.00476	0.00406	0.04243	0.06249	0.01161	0.05301	0.18579	0.03668	0.10928	0.00531	0.00124	0.00271	0.02214	0.00275	0.42431
3	0.06920	0.00844	0.00970	0.00815	0.00992	0.17073	0.14640	0.05032	0.02460	0.07318	0.02860	0.14755	0.01053	0.09205	0.05415	0.00169	0.03558	0.01995	0.00258	0.03669
4	0.00858	0.00701	0.00844	0.00739	0.00863	0.06296	0.01915	0.15687	0.00870	0.05459	0.02448	0.02667	0.02057	0.03598	0.32029	0.00304	0.16970	0.02620	0.00246	0.02829
5	0.01076	0.00871	0.01295	0.00973	0.01256	0.00892	0.26833	0.34710	0.05097	0.05133	0.05294	0.01098	0.00817	0.00412	0.00378	0.00111	0.00423	0.00384	0.09550	0.03397
6	0.00678	0.00624	0.01032	0.77752	0.02320	0.00771	0.00941	0.00899	0.00715	0.00916	0.00703	0.01120	0.00573	0.08915	0.00515	0.00145	0.00476	0.00347	0.00169	0.00390
7	0.04565	0.00851	0.02643	0.06443	0.19526	0.04386	0.17001	0.12846	0.02715	0.12193	0.00918	0.02358	0.00748	0.08942	0.00525	0.00140	0.00444	0.01992	0.00258	0.00507

[dist]
# distance from previous block
# <min> <max>
0	15

[block]
# block no. 7 follows, 75 sequences, length 11
# corresponding to MSA columns:
# 607-617
name=unknown_H
#
# <colnr> <probs for GDERKNQSTAVLIFYWHMCP>
#	G	D	E	R	K	N	Q	S	T	A	V	L	I	F	Y	W	H	M	C	P
0	0.02998	0.00795	0.00745	0.00709	0.00838	0.19975	0.03470	0.09818	0.04638	0.01163	0.03333	0.31429	0.04270	0.02022	0.00439	0.00134	0.00374	0.12157	0.00302	0.00391
1	0.00595	0.00412	0.00572	0.00608	0.00676	0.00432	0.00488	0.00741	0.05945	0.00984	0.03497	0.08179	0.01564	0.01413	0.19199	0.17230	0.00460	0.36415	0.00277	0.00315
2	0.00919	0.00774	0.00845	0.00743	0.00907	0.10763	0.04519	0.22146	0.08754	0.03933	0.01185	0.19760	0.01120	0.01133	0.20492	0.00232	0.00527	0.00504	0.00295	0.00450
3	0.00780	0.01462	0.48707	0.01139	0.01526	0.00929	0.19223	0.01105	0.00749	0.01105	0.00639	0.00829	0.00489	0.00404	0.00554	0.00128	0.19250	0.00318	0.00163	0.00502
4	0.00492	0.00363	0.00436	0.00473	0.00520	0.00346	0.00317	0.00601	0.04825	0.00960	0.07269	0.45585	0.15405	0.19762	0.00761	0.00187	0.00241	0.00835	0.00321	0.00301
5	0.00475	0.00338	0.00429	0.00490	0.00517	0.00320	0.00329	0.00535	0.00685	0.00903	0.01941	0.57270	0.07553	0.19831	0.00774	0.00194	0.00251	0.06565	0.00315	0.00285
6	0.00616	0.00452	0.00501	0.00483	0.00531	0.00481	0.00309	0.00847	0.18731	0.00897	0.01224	0.02143	0.01273	0.65092	0.04677	0.00314	0.00365	0.00503	0.00254	0.00305
7	0.00880	0.01710	0.66889	0.01003	0.01492	0.00915	0.01214	0.19099	0.00982	0.01414	0.00708	0.00799	0.00500	0.00369	0.00353	0.00115	0.00513	0.00284	0.00201	0.00561
8	0.05105	0.00472	0.00535	0.00481	0.00619	0.00479	0.02570	0.03877	0.07991	0.11556	0.01246	0.06209	0.00991	0.00472	0.00300	0.00099	0.00226	0.00387	0.55973	0.00411
9	0.00586	0.00479	0.00686	0.00651	0.00695	0.00593	0.00508	0.00692	0.00578	0.00844	0.00893	0.01408	0.00868	0.11415	0.58203	0.00471	0.19510	0.00393	0.00192	0.00333
10	0.24292	0.05593	0.00943	0.03687	0.01002	0.17619	0.08554	0.10062	0.00877	0.01285	0.00919	0.19470	0.00904	0.00540	0.00367	0.00118	0.02665	0.00435	0.00248	0.00420

[dist]
# distance from previous block
# <min> <max>
0	2

[block]
# block no. 8 follows, 75 sequences, length 15
# corresponding to MSA columns:
# 620-634
name=unknown_I
#
# <colnr> <probs for GDERKNQSTAVLIFYWHMCP>
#	G	D	E	R	K	N	Q	S	T	A	V	L	I	F	Y	W	H	M	C	P
0	0.17700	0.00890	0.06412	0.02573	0.20514	0.04581	0.02853	0.19389	0.00964	0.05653	0.00798	0.01048	0.00663	0.11355	0.02959	0.00156	0.00422	0.00329	0.00249	0.00492
1	0.00538	0.00379	0.00496	0.00493	0.00578	0.00352	0.00376	0.00692	0.00961	0.03061	0.57204	0.13279	0.08258	0.00838	0.00446	0.00127	0.00203	0.10990	0.00385	0.00343
2	0.01130	0.00744	0.00828	0.00677	0.00914	0.03295	0.00545	0.21542	0.16787	0.20061	0.06616	0.01339	0.01043	0.00476	0.00358	0.00107	0.00317	0.04000	0.07499	0.11722
3	0.00562	0.00411	0.00571	0.00568	0.00632	0.00459	0.00430	0.03952	0.00655	0.00919	0.03052	0.04764	0.01156	0.16557	0.58465	0.00482	0.00773	0.05045	0.00226	0.00322
4	0.59165	0.00618	0.00541	0.00481	0.00681	0.00686	0.00390	0.01100	0.00699	0.11070	0.00767	0.00852	0.00580	0.00477	0.04040	0.00130	0.00297	0.00254	0.16761	0.00410
5	0.00497	0.00367	0.00437	0.00424	0.00517	0.00327	0.00313	0.00593	0.00880	0.01156	0.38388	0.02887	0.38893	0.00896	0.00560	0.11346	0.00197	0.00670	0.00346	0.00307
6	0.00901	0.71568	0.06412	0.00637	0.00927	0.01274	0.00633	0.01029	0.00742	0.00890	0.00709	0.11457	0.00717	0.00421	0.00271	0.00090	0.00379	0.00307	0.00180	0.00454
7	0.13817	0.00748	0.00772	0.00628	0.00855	0.02874	0.00510	0.33390	0.01185	0.15282	0.01319	0.01304	0.11259	0.00487	0.00338	0.00109	0.00315	0.00373	0.13930	0.00505
8	0.00474	0.00344	0.00464	0.00527	0.00568	0.00334	0.00376	0.00565	0.00730	0.00979	0.07323	0.59200	0.06134	0.01304	0.11188	0.00203	0.00318	0.08334	0.00327	0.00309
9	0.00618	0.00381	0.00467	0.00465	0.00503	0.00379	0.00305	0.00663	0.00621	0.07284	0.01295	0.10515	0.01404	0.56225	0.09932	0.00323	0.00396	0.05447	0.02499	0.00281
10	0.04011	0.00895	0.01038	0.11542	0.01263	0.00975	0.00699	0.55103	0.01440	0.17895	0.00950	0.00956	0.00655	0.00431	0.00364	0.00113	0.00394	0.00334	0.00354	0.00591
11	0.00567	0.00389	0.00522	0.00516	0.00557	0.00423	0.00363	0.00635	0.00583	0.03346	0.01095	0.05312	0.01137	0.37215	0.41749	0.02291	0.02316	0.00474	0.00220	0.00290
12	0.00709	0.02191	0.00936	0.06899	0.03781	0.03495	0.06182	0.03207	0.00676	0.01910	0.00805	0.01172	0.00729	0.02768	0.43257	0.00366	0.19975	0.00364	0.00192	0.00386
13	0.10326	0.00855	0.04049	0.05867	0.13581	0.08865	0.05781	0.02391	0.00765	0.08736	0.00761	0.01033	0.00641	0.01821	0.11574	0.00189	0.19708	0.02391	0.00215	0.00452
14	0.01140	0.04175	0.02611	0.00916	0.03167	0.51176	0.02062	0.01373	0.12399	0.00994	0.00760	0.02964	0.00659	0.04312	0.01572	0.00125	0.08631	0.00309	0.00215	0.00440

[dist]
# distance from previous block
# <min> <max>
2	17

[block]
# block no. 9 follows, 75 sequences, length 22
# corresponding to MSA columns:
# 652-673
name=unknown_J
#
# <colnr> <probs for GDERKNQSTAVLIFYWHMCP>
#	G	D	E	R	K	N	Q	S	T	A	V	L	I	F	Y	W	H	M	C	P
0	0.03488	0.04069	0.04901	0.02166	0.12423	0.03455	0.07958	0.26959	0.06082	0.08862	0.00901	0.01039	0.00691	0.00419	0.00387	0.00111	0.03484	0.02931	0.03620	0.06056
1	0.01082	0.18287	0.01121	0.00753	0.00999	0.12943	0.00619	0.18894	0.32861	0.01459	0.00997	0.00987	0.00768	0.00422	0.00332	0.00104	0.00383	0.00319	0.02687	0.03983
2	0.65639	0.00706	0.00619	0.00532	0.00764	0.00788	0.00436	0.06409	0.03411	0.13023	0.00722	0.00760	0.00527	0.00371	0.00261	0.00113	0.00291	0.00243	0.03938	0.00447
3	0.00453	0.00329	0.00428	0.00500	0.00535	0.00304	0.00341	0.00526	0.00734	0.00970	0.05968	0.73727	0.09898	0.01110	0.00465	0.00146	0.00211	0.02710	0.00344	0.00302
4	0.00518	0.00386	0.00465	0.00449	0.00549	0.00350	0.00335	0.00681	0.03134	0.02772	0.49762	0.09066	0.28533	0.00824	0.00433	0.00121	0.00186	0.00715	0.00380	0.00343
5	0.00487	0.03740	0.00479	0.00432	0.00537	0.00367	0.00326	0.00601	0.00871	0.01118	0.26768	0.12971	0.44755	0.02433	0.00458	0.00128	0.00200	0.02654	0.00350	0.00325
6	0.10471	0.11061	0.01113	0.02248	0.01085	0.16395	0.00660	0.44881	0.04545	0.02986	0.00772	0.00805	0.00577	0.00406	0.00331	0.00105	0.00433	0.00288	0.00294	0.00542
7	0.00961	0.00669	0.00737	0.00633	0.00802	0.00715	0.00489	0.36078	0.06337	0.04213	0.02753	0.18202	0.03667	0.08331	0.00509	0.00138	0.00307	0.00517	0.13476	0.00466
8	0.65898	0.00826	0.00680	0.00581	0.00820	0.05828	0.00475	0.16052	0.00862	0.04236	0.00610	0.00672	0.00459	0.00365	0.00263	0.00112	0.00329	0.00230	0.00257	0.00447
9	0.00797	0.00805	0.00895	0.04303	0.00950	0.16597	0.03256	0.00951	0.04061	0.00916	0.00774	0.01108	0.00705	0.03693	0.33055	0.00312	0.24541	0.00347	0.01554	0.00383
10	0.00934	0.01076	0.17669	0.01091	0.01377	0.00945	0.24860	0.11581	0.07769	0.06013	0.00825	0.01035	0.00645	0.00452	0.00573	0.00130	0.19459	0.02825	0.00232	0.00510
11	0.01111	0.09524	0.04923	0.04233	0.01026	0.00906	0.00625	0.29221	0.18279	0.10877	0.01063	0.01069	0.00779	0.00432	0.00337	0.00107	0.00343	0.00338	0.14263	0.00543
12	0.00946	0.00815	0.00832	0.00742	0.00948	0.04175	0.00581	0.08953	0.67220	0.01548	0.01475	0.01437	0.03470	0.00513	0.00374	0.00122	0.00311	0.02629	0.02349	0.00559
13	0.00911	0.03134	0.01085	0.00904	0.00972	0.09740	0.00744	0.08356	0.04545	0.01073	0.04036	0.00904	0.00652	0.00584	0.00933	0.00143	0.59090	0.00329	0.01436	0.00431
14	0.00478	0.00367	0.00434	0.00431	0.00522	0.00327	0.00316	0.00601	0.00904	0.01196	0.40286	0.13637	0.34918	0.03346	0.00479	0.00130	0.00189	0.00752	0.00366	0.00323
15	0.00452	0.00362	0.00405	0.00422	0.00517	0.00315	0.00309	0.00552	0.00836	0.01049	0.14510	0.21913	0.53441	0.00956	0.00443	0.00129	0.00193	0.02532	0.00350	0.00313
16	0.00762	0.00653	0.00762	0.00544	0.00870	0.00490	0.00435	0.00925	0.00762	0.01197	0.00653	0.00762	0.00544	0.00272	0.00272	0.00054	0.00272	0.00218	0.00218	0.89338
17	0.00507	0.00390	0.00465	0.00446	0.00548	0.00357	0.00334	0.00687	0.04377	0.01307	0.53040	0.05219	0.29356	0.00809	0.00432	0.00120	0.00183	0.00700	0.00381	0.00343
18	0.00501	0.00376	0.00465	0.00478	0.00555	0.00354	0.00348	0.02662	0.00850	0.01132	0.26345	0.28539	0.23000	0.03344	0.07331	0.00173	0.00268	0.02611	0.00345	0.00325
19	0.06596	0.25618	0.09103	0.01892	0.07469	0.30747	0.02823	0.06252	0.00926	0.04530	0.00626	0.00716	0.00505	0.00356	0.00309	0.00097	0.00502	0.00250	0.00200	0.00481
20	0.62709	0.00756	0.00720	0.00668	0.05214	0.02351	0.02834	0.08715	0.00776	0.05907	0.00673	0.04247	0.00546	0.00395	0.00293	0.00115	0.02120	0.00271	0.00251	0.00439
21	0.00871	0.00798	0.02689	0.23641	0.36085	0.00812	0.12964	0.02950	0.01760	0.05803	0.02431	0.01060	0.02088	0.00369	0.00373	0.00115	0.00449	0.00360	0.03873	0.00508

[dist]
# distance from previous block
# <min> <max>
0	9

[block]
# block no. 10 follows, 75 sequences, length 31
# corresponding to MSA columns:
# 683-700,702-714
name=unknown_K
#
# <colnr> <probs for GDERKNQSTAVLIFYWHMCP>
#	G	D	E	R	K	N	Q	S	T	A	V	L	I	F	Y	W	H	M	C	P
0	0.20592	0.00557	0.00643	0.02787	0.00795	0.00532	0.00453	0.01055	0.00811	0.20703	0.06275	0.17198	0.01253	0.00586	0.00352	0.00114	0.00276	0.06918	0.01956	0.16146
1	0.00638	0.20994	0.00943	0.00605	0.00754	0.00672	0.06039	0.00763	0.00811	0.01047	0.16127	0.20555	0.17977	0.00751	0.00436	0.00122	0.04458	0.05648	0.00289	0.00371
2	0.00736	0.00463	0.02711	0.03006	0.00718	0.00398	0.00432	0.00844	0.00811	0.17886	0.08014	0.39433	0.08878	0.03788	0.00493	0.01746	0.00259	0.03801	0.00345	0.05240
3	0.02607	0.03144	0.10976	0.02326	0.07894	0.02469	0.04840	0.24497	0.14958	0.07821	0.08085	0.03064	0.02038	0.00470	0.00370	0.00115	0.00380	0.01188	0.02219	0.00539
4	0.02672	0.07120	0.08622	0.03937	0.03390	0.32844	0.14854	0.01207	0.00860	0.03617	0.00694	0.03312	0.00592	0.02064	0.03750	0.00135	0.09368	0.00323	0.00194	0.00447
5	0.01233	0.00630	0.00751	0.00610	0.00832	0.00618	0.00492	0.16050	0.08209	0.38223	0.05244	0.01402	0.05175	0.00488	0.00353	0.00109	0.00286	0.00395	0.18366	0.00535
6	0.00868	0.00789	0.01234	0.30600	0.39440	0.00867	0.00983	0.04858	0.13164	0.02375	0.00816	0.01005	0.00637	0.00373	0.00367	0.00116	0.00430	0.00341	0.00216	0.00525
7	0.00694	0.00653	0.01102	0.86210	0.02530	0.00816	0.01020	0.00938	0.00734	0.00938	0.00653	0.00979	0.00490	0.00367	0.00367	0.00122	0.00490	0.00326	0.00163	0.00408
8	0.00445	0.00350	0.00403	0.00436	0.00515	0.00308	0.00309	0.00532	0.00795	0.01001	0.08420	0.38337	0.44826	0.01010	0.00449	0.00134	0.00196	0.00880	0.00345	0.00308
9	0.01252	0.13620	0.01141	0.00861	0.01076	0.59001	0.00675	0.03525	0.03374	0.02806	0.00617	0.00702	0.00510	0.00377	0.00344	0.00093	0.03256	0.00243	0.00201	0.06326
10	0.00590	0.00356	0.00479	0.00485	0.00519	0.00351	0.00333	0.00592	0.05073	0.00856	0.10410	0.14904	0.08126	0.03936	0.01050	0.50663	0.00275	0.00519	0.00243	0.00239
11	0.85990	0.00707	0.00553	0.00490	0.00720	0.00812	0.00404	0.01109	0.00643	0.05150	0.00551	0.00624	0.00419	0.00346	0.00233	0.00114	0.00285	0.00206	0.00237	0.00407
12	0.79771	0.00711	0.00590	0.04429	0.00812	0.00820	0.00439	0.02357	0.01996	0.04546	0.00572	0.00654	0.00435	0.00350	0.00243	0.00114	0.00296	0.00216	0.00237	0.00413
13	0.03165	0.01981	0.02563	0.05465	0.01003	0.05868	0.04504	0.24543	0.01949	0.05808	0.01033	0.06193	0.02665	0.08379	0.09104	0.04287	0.05374	0.03211	0.02460	0.00443
14	0.00877	0.00955	0.02908	0.01239	0.01461	0.04370	0.42063	0.02920	0.06383	0.01110	0.00695	0.00931	0.00565	0.00447	0.00698	0.00135	0.31202	0.00380	0.00193	0.00469
15	0.01240	0.00717	0.03082	0.00671	0.00907	0.03154	0.00559	0.19757	0.02323	0.37827	0.02653	0.05965	0.09859	0.00578	0.00387	0.00119	0.00327	0.06605	0.02734	0.00534
16	0.01134	0.02556	0.00848	0.00667	0.00899	0.00719	0.02167	0.24280	0.10996	0.25439	0.10118	0.01693	0.15738	0.00563	0.00386	0.00115	0.00307	0.00462	0.00384	0.00531
17	0.07488	0.14681	0.21690	0.00854	0.01188	0.03968	0.08371	0.15393	0.05127	0.10496	0.02050	0.00930	0.00650	0.00447	0.01437	0.02906	0.00441	0.01113	0.00251	0.00518
18	0.00530	0.00381	0.00540	0.00546	0.00594	0.00425	0.00404	0.00621	0.00587	0.00826	0.01079	0.05196	0.01093	0.20020	0.58936	0.03926	0.00777	0.03010	0.00211	0.00299
19	0.00471	0.00340	0.00454	0.00533	0.00570	0.00322	0.00381	0.00555	0.00729	0.00963	0.02063	0.67948	0.06064	0.01159	0.02592	0.00162	0.00251	0.13800	0.00337	0.00306
20	0.00811	0.00749	0.01098	0.00923	0.02026	0.06420	0.20416	0.08153	0.02635	0.03534	0.01178	0.26556	0.01214	0.04660	0.00624	0.00146	0.14661	0.03516	0.00263	0.00416
21	0.02733	0.04102	0.01270	0.43208	0.27957	0.04986	0.03362	0.06028	0.00843	0.01120	0.00669	0.00913	0.00525	0.00355	0.00358	0.00114	0.00472	0.00318	0.00184	0.00481
22	0.00490	0.00377	0.00446	0.00520	0.00552	0.03584	0.00351	0.00559	0.00721	0.00951	0.01980	0.79007	0.04125	0.01093	0.00456	0.00145	0.00228	0.00985	0.03125	0.00305
23	0.00490	0.00350	0.00448	0.00509	0.00561	0.00324	0.00365	0.00575	0.00752	0.02564	0.03591	0.57034	0.15888	0.03320	0.00502	0.00152	0.00230	0.11695	0.00341	0.00311
24	0.00946	0.00908	0.01743	0.08796	0.11705	0.00894	0.49764	0.08122	0.03497	0.06732	0.00815	0.01009	0.00608	0.00396	0.02253	0.00130	0.00546	0.00397	0.00222	0.00516
25	0.00464	0.00337	0.00441	0.00516	0.00548	0.00319	0.00351	0.00560	0.02924	0.00973	0.04284	0.78441	0.04562	0.01114	0.00465	0.00147	0.00216	0.02687	0.00343	0.00308
26	0.00909	0.00873	0.01491	0.02254	0.84801	0.00873	0.01127	0.01127	0.00836	0.01200	0.00691	0.00909	0.00582	0.00327	0.00364	0.00109	0.00436	0.00327	0.00182	0.00582
27	0.00525	0.00394	0.00590	0.00590	0.00656	0.00459	0.00459	0.00656	0.00590	0.00853	0.00984	0.01443	0.00918	0.02755	0.85637	0.00590	0.00984	0.00394	0.00197	0.00328
28	0.00777	0.00662	0.00775	0.02039	0.00905	0.00525	0.00457	0.03185	0.03403	0.01226	0.00692	0.00802	0.00571	0.00336	0.02030	0.00070	0.00295	0.00232	0.00225	0.80792
29	0.18588	0.02163	0.00732	0.00624	0.00805	0.03355	0.00496	0.11843	0.13008	0.11023	0.10128	0.01302	0.01075	0.03697	0.19339	0.00227	0.00463	0.00373	0.00303	0.00455
30	0.02488	0.00575	0.00708	0.00643	0.00653	0.02791	0.00472	0.00707	0.00564	0.00810	0.00884	0.03919	0.00985	0.46534	0.01497	0.00261	0.34556	0.00449	0.00200	0.00304

[dist]
# distance from previous block
# <min> <max>
3	11

[block]
# block no. 11 follows, 75 sequences, length 18
# corresponding to MSA columns:
# 728-745
name=unknown_L
#
# <colnr> <probs for GDERKNQSTAVLIFYWHMCP>
#	G	D	E	R	K	N	Q	S	T	A	V	L	I	F	Y	W	H	M	C	P
0	0.00506	0.00380	0.00455	0.00481	0.00572	0.00343	0.00360	0.00627	0.02344	0.02704	0.10837	0.30901	0.34099	0.00965	0.00449	0.00136	0.00219	0.11120	0.00347	0.02155
1	0.01065	0.00930	0.00892	0.00776	0.00993	0.11492	0.00608	0.17718	0.51386	0.03970	0.03086	0.03415	0.01022	0.00493	0.00371	0.00118	0.00355	0.00397	0.00352	0.00559
2	0.01858	0.05581	0.05575	0.00683	0.00892	0.05822	0.03471	0.09470	0.08381	0.09048	0.03730	0.22395	0.02245	0.02379	0.03127	0.00133	0.00356	0.01500	0.00298	0.13057
3	0.04847	0.00819	0.00929	0.00759	0.00962	0.03434	0.04093	0.40054	0.07272	0.04662	0.03253	0.05162	0.00895	0.08712	0.06172	0.02719	0.04046	0.00399	0.00312	0.00498
4	0.00803	0.00860	0.01596	0.32612	0.02000	0.04467	0.41558	0.01057	0.00802	0.01051	0.00743	0.04612	0.00604	0.00388	0.00448	0.00125	0.05239	0.00406	0.00183	0.00447
5	0.01039	0.00543	0.00699	0.00624	0.00797	0.00530	0.00501	0.03127	0.10689	0.34049	0.02995	0.05874	0.04223	0.06838	0.09820	0.00195	0.00379	0.14908	0.01696	0.00474
6	0.00795	0.01546	0.56846	0.01037	0.02802	0.03874	0.09388	0.01220	0.08725	0.03054	0.00835	0.04819	0.00658	0.02310	0.00399	0.00124	0.00505	0.00344	0.00197	0.00522
7	0.02187	0.08096	0.23838	0.06748	0.04198	0.08958	0.02859	0.07534	0.06632	0.01140	0.02659	0.03181	0.00707	0.02457	0.04914	0.07418	0.05478	0.00333	0.00208	0.00456
8	0.00499	0.00365	0.00480	0.00551	0.00610	0.00346	0.00423	0.00608	0.00780	0.01017	0.04376	0.44262	0.12896	0.01063	0.00477	0.00152	0.00253	0.30183	0.00342	0.00315
9	0.00539	0.00369	0.00492	0.00513	0.00576	0.00360	0.00373	0.00645	0.00771	0.04606	0.19335	0.34760	0.07689	0.06367	0.17528	0.00240	0.00374	0.03815	0.00323	0.00326
10	0.00793	0.00900	0.09157	0.17745	0.15411	0.00948	0.12400	0.00994	0.00704	0.01013	0.00620	0.00900	0.00524	0.00535	0.03584	0.00150	0.32659	0.00337	0.00169	0.00457
11	0.00999	0.39131	0.23992	0.00905	0.05233	0.14600	0.02793	0.06489	0.00871	0.01067	0.00597	0.00694	0.00487	0.00342	0.00300	0.00096	0.00484	0.00243	0.00177	0.00499
12	0.00673	0.00609	0.00844	0.00761	0.00790	0.00794	0.00610	0.00784	0.02382	0.00910	0.04679	0.06793	0.02769	0.07419	0.22047	0.00277	0.45862	0.00429	0.00205	0.00363
13	0.08489	0.00474	0.00473	0.00430	0.00558	0.00499	0.00335	0.12789	0.00903	0.01533	0.03474	0.01271	0.00921	0.00431	0.00275	0.00092	0.00215	0.00337	0.66111	0.00388
14	0.00644	0.00548	0.05597	0.01436	0.00765	0.00550	0.00535	0.06463	0.01633	0.02818	0.00989	0.03300	0.00919	0.05301	0.57269	0.04235	0.04043	0.02373	0.00218	0.00362
15	0.00544	0.00388	0.00467	0.00454	0.00537	0.00363	0.00325	0.00690	0.04078	0.03568	0.38398	0.12008	0.19576	0.16162	0.00688	0.00164	0.00221	0.00688	0.00352	0.00329
16	0.01461	0.00843	0.00979	0.00755	0.01041	0.00867	0.00621	0.44263	0.05180	0.36151	0.01136	0.01052	0.00762	0.00445	0.00366	0.00111	0.00358	0.00348	0.00400	0.02862
17	0.00827	0.03344	0.16967	0.05317	0.09532	0.00770	0.09919	0.06785	0.13283	0.03932	0.07723	0.07884	0.01029	0.00546	0.03286	0.00130	0.00417	0.00416	0.00259	0.07633

[dist]
# distance from previous block
# <min> <max>
0	1

[block]
# block no. 12 follows, 75 sequences, length 9
# corresponding to MSA columns:
# 747-755
name=unknown_M
#
# <colnr> <probs for GDERKNQSTAVLIFYWHMCP>
#	G	D	E	R	K	N	Q	S	T	A	V	L	I	F	Y	W	H	M	C	P
0	0.04039	0.59618	0.06297	0.00706	0.01003	0.10942	0.00676	0.05272	0.00831	0.04016	0.00577	0.00654	0.00492	0.00347	0.00296	0.00089	0.03259	0.00222	0.00184	0.00479
1	0.00537	0.00386	0.00552	0.00552	0.00612	0.00440	0.00419	0.00657	0.00597	0.00874	0.01018	0.01543	0.00966	0.11842	0.70413	0.00529	0.00857	0.00405	0.06485	0.00317
2	0.05777	0.16464	0.08771	0.03909	0.04716	0.00823	0.11421	0.01080	0.08688	0.05093	0.07160	0.07185	0.01901	0.00534	0.00455	0.06417	0.02969	0.02100	0.00241	0.04294
3	0.00977	0.09902	0.29083	0.06072	0.08976	0.03904	0.07673	0.04633	0.02948	0.14512	0.04352	0.00973	0.00707	0.00393	0.00383	0.00113	0.03312	0.00324	0.00234	0.00528
4	0.00819	0.14983	0.56325	0.00906	0.01337	0.00898	0.01083	0.03056	0.00811	0.05652	0.04290	0.04585	0.00706	0.00410	0.00363	0.00113	0.02635	0.00318	0.00195	0.00516
5	0.00477	0.00363	0.00450	0.00493	0.00558	0.00343	0.00353	0.00599	0.03639	0.01012	0.08305	0.46657	0.23547	0.01150	0.06475	0.00171	0.00266	0.04485	0.00336	0.00318
6	0.04111	0.10816	0.07803	0.14308	0.08399	0.07566	0.07802	0.18284	0.01026	0.08884	0.05135	0.00969	0.00716	0.00400	0.00369	0.00111	0.02213	0.00327	0.00251	0.00510
7	0.10433	0.10934	0.07842	0.03576	0.24675	0.06046	0.07097	0.07071	0.04831	0.01234	0.00714	0.03406	0.00603	0.00406	0.00430	0.00115	0.09558	0.00322	0.00207	0.00501
8	0.00603	0.00361	0.00500	0.00503	0.00549	0.00360	0.00363	0.00594	0.00622	0.03605	0.04185	0.06541	0.10498	0.07363	0.15791	0.39694	0.00413	0.06968	0.00233	0.00254

[dist]
# distance from previous block
# <min> <max>
0	12

[block]
# block no. 13 follows, 75 sequences, length 20
# corresponding to MSA columns:
# 768-770,773-789
name=unknown_N
#
# <colnr> <probs for GDERKNQSTAVLIFYWHMCP>
#	G	D	E	R	K	N	Q	S	T	A	V	L	I	F	Y	W	H	M	C	P
0	0.00851	0.00656	0.04031	0.11345	0.08020	0.02723	0.01539	0.10961	0.04114	0.12474	0.01388	0.35803	0.01396	0.02411	0.00437	0.00133	0.00336	0.00628	0.00311	0.00443
1	0.00993	0.30449	0.04596	0.00753	0.02626	0.08556	0.03806	0.13489	0.14374	0.01301	0.04064	0.02334	0.00801	0.00412	0.00314	0.00099	0.00382	0.00317	0.09842	0.00492
2	0.01886	0.03398	0.00674	0.02560	0.00757	0.00464	0.01588	0.00762	0.02488	0.01038	0.04321	0.19216	0.03006	0.00737	0.00552	0.15774	0.00283	0.07461	0.00253	0.32784
3	0.04938	0.34432	0.22701	0.00764	0.02280	0.01039	0.00776	0.01249	0.15424	0.04332	0.00864	0.06608	0.00732	0.00418	0.00312	0.00104	0.00391	0.00320	0.00223	0.02094
4	0.13811	0.00670	0.03221	0.00651	0.02950	0.08149	0.01564	0.00918	0.05091	0.03004	0.07703	0.01462	0.02993	0.15294	0.24142	0.00284	0.03642	0.00391	0.00238	0.03823
5	0.00494	0.00363	0.00514	0.03414	0.00652	0.00380	0.00416	0.00591	0.00670	0.00913	0.01596	0.47384	0.01802	0.04151	0.29301	0.00305	0.00495	0.05965	0.00283	0.00312
6	0.00857	0.13365	0.51804	0.10020	0.01537	0.04421	0.03508	0.01200	0.02568	0.06396	0.00704	0.00816	0.00514	0.00356	0.00339	0.00111	0.00504	0.00279	0.00182	0.00518
7	0.01039	0.12411	0.18796	0.09370	0.07715	0.10250	0.04878	0.07773	0.08412	0.12107	0.00844	0.00946	0.00633	0.00393	0.00361	0.00111	0.01850	0.01345	0.00241	0.00524
8	0.01043	0.03143	0.05273	0.14672	0.16492	0.24367	0.00867	0.10365	0.00939	0.03232	0.00705	0.00953	0.00587	0.00434	0.00472	0.00116	0.12217	0.03435	0.00210	0.00479
9	0.00818	0.28732	0.11619	0.00661	0.00900	0.10560	0.00619	0.01055	0.06866	0.01159	0.28417	0.01498	0.04687	0.00506	0.00343	0.00102	0.00355	0.00402	0.00264	0.00436
10	0.00643	0.00574	0.00837	0.11154	0.09080	0.00653	0.02793	0.00790	0.00788	0.01095	0.19929	0.07470	0.14635	0.00726	0.02621	0.00142	0.21181	0.02206	0.02299	0.00384
11	0.00637	0.00545	0.00819	0.15143	0.20610	0.00554	0.00638	0.00839	0.02378	0.01268	0.40534	0.02084	0.11282	0.00603	0.00405	0.00116	0.00291	0.00537	0.00305	0.00412
12	0.00487	0.00375	0.00450	0.00460	0.00556	0.00338	0.00353	0.00616	0.00894	0.01167	0.30976	0.11565	0.36900	0.00903	0.00448	0.00130	0.00206	0.12489	0.00362	0.00325
13	0.00842	0.01162	0.17828	0.01453	0.01857	0.00914	0.67978	0.01174	0.00850	0.01174	0.00727	0.00950	0.00540	0.00317	0.00417	0.00122	0.00605	0.00403	0.00180	0.00504
14	0.00770	0.00421	0.00549	0.00535	0.00623	0.00403	0.00380	0.00874	0.03278	0.20567	0.01572	0.36464	0.01632	0.20419	0.09546	0.00232	0.00350	0.00686	0.00327	0.00369
15	0.00795	0.00672	0.00779	0.00560	0.00884	0.00523	0.00449	0.05228	0.00812	0.01255	0.00665	0.00768	0.00548	0.00281	0.00277	0.00057	0.00279	0.00223	0.00225	0.84719
16	0.00529	0.00372	0.00481	0.00479	0.00511	0.00396	0.00324	0.00593	0.00589	0.00817	0.06541	0.02046	0.01310	0.48156	0.34845	0.00433	0.00592	0.00487	0.00224	0.00272
17	0.01037	0.03190	0.04183	0.00764	0.00999	0.06641	0.03819	0.19072	0.31629	0.08686	0.11786	0.01399	0.04152	0.00503	0.00376	0.00116	0.00349	0.00415	0.00348	0.00537
18	0.04472	0.04508	0.31237	0.00926	0.07177	0.02631	0.04256	0.06523	0.05337	0.09397	0.04474	0.03430	0.06011	0.00448	0.00358	0.00112	0.00413	0.01688	0.00250	0.06353
19	0.02136	0.00752	0.04179	0.01978	0.11731	0.05275	0.02776	0.05604	0.09123	0.09053	0.20417	0.03957	0.04564	0.00515	0.00403	0.00109	0.03548	0.00434	0.00302	0.13145

[dist]
# distance from previous block
# <min> <max>
4	11

[block]
# block no. 14 follows, 75 sequences, length 25
# corresponding to MSA columns:
# 804-826,833,834
name=unknown_O
#
# <colnr> <probs for GDERKNQSTAVLIFYWHMCP>
#	G	D	E	R	K	N	Q	S	T	A	V	L	I	F	Y	W	H	M	C	P
0	0.00741	0.00462	0.00580	0.00556	0.00675	0.00431	0.00409	0.06993	0.02628	0.13914	0.09413	0.48079	0.05000	0.00864	0.00424	0.00129	0.00244	0.00766	0.00357	0.07336
1	0.05962	0.08908	0.29770	0.13164	0.08870	0.00837	0.03010	0.01285	0.03906	0.19578	0.00846	0.00921	0.00600	0.00374	0.00343	0.00113	0.00440	0.00304	0.00237	0.00531
2	0.00904	0.00944	0.15867	0.10846	0.07776	0.00751	0.23004	0.05746	0.00895	0.13707	0.01197	0.07045	0.08689	0.00469	0.00395	0.00121	0.00451	0.00444	0.00253	0.00496
3	0.00815	0.00801	0.03536	0.07708	0.18005	0.00748	0.34376	0.01057	0.02265	0.06275	0.01304	0.07509	0.12931	0.00481	0.00410	0.00122	0.00455	0.00489	0.00236	0.00476
4	0.01212	0.00754	0.02645	0.07732	0.13817	0.00708	0.14549	0.04881	0.03934	0.39116	0.01133	0.04233	0.00820	0.02251	0.00414	0.00122	0.00401	0.00397	0.00325	0.00557
5	0.00797	0.10467	0.71037	0.01008	0.01513	0.00906	0.04089	0.01178	0.00785	0.03981	0.00674	0.00780	0.00484	0.00348	0.00341	0.00113	0.00522	0.00273	0.00167	0.00537
6	0.00780	0.00741	0.01258	0.52473	0.35590	0.00839	0.01063	0.01014	0.00775	0.01043	0.00668	0.00951	0.00527	0.00351	0.00366	0.00117	0.00468	0.00327	0.00171	0.00478
7	0.00750	0.00710	0.01203	0.64324	0.23976	0.00831	0.01048	0.00988	0.00761	0.01007	0.00663	0.00961	0.00514	0.00357	0.00366	0.00119	0.00476	0.00327	0.00168	0.00453
