[name]
unknown

[dist]
# distance from previous block
# <min> <max>
5	49

[block]
# block no. 0 follows, 81 sequences, length 11
# corresponding to MSA columns:
# 636-646
name=unknown_A
#
# <colnr> <probs for GDERKNQSTAVLIFYWHMCP>
#	G	D	E	R	K	N	Q	S	T	A	V	L	I	F	Y	W	H	M	C	P
0	0.00833	0.06878	0.02783	0.23405	0.08895	0.07034	0.06353	0.08487	0.13170	0.02588	0.03178	0.03656	0.02044	0.00505	0.03967	0.00128	0.03545	0.00350	0.01754	0.00447
1	0.00908	0.06450	0.06045	0.04532	0.23449	0.00821	0.04266	0.15901	0.12915	0.06265	0.11048	0.01161	0.02544	0.00421	0.00360	0.00106	0.01674	0.00361	0.00266	0.00504
2	0.00489	0.00392	0.00533	0.00513	0.00581	0.00385	0.05270	0.00562	0.00680	0.00888	0.06058	0.28147	0.26166	0.13231	0.03707	0.04282	0.05706	0.01845	0.00276	0.00288
3	0.07946	0.01244	0.35968	0.08399	0.09513	0.05620	0.14005	0.05916	0.00815	0.06380	0.00676	0.00803	0.00493	0.00334	0.00336	0.00109	0.00474	0.00290	0.00189	0.00489
4	0.00985	0.00667	0.04315	0.00572	0.00874	0.00509	0.00483	0.03891	0.00829	0.26623	0.00846	0.00859	0.00614	0.00316	0.00289	0.00072	0.00282	0.00253	0.00274	0.56445
5	0.00472	0.00338	0.00367	0.00371	0.00424	0.00314	0.00242	0.00525	0.00647	0.00846	0.04709	0.07889	0.32304	0.41672	0.01032	0.00218	0.00250	0.00607	0.06517	0.00256
6	0.00522	0.00405	0.00579	0.00564	0.00609	0.00482	0.00430	0.00621	0.00544	0.00784	0.00902	0.01437	0.00883	0.15848	0.64219	0.00478	0.09822	0.00384	0.00185	0.00300
7	0.03712	0.00790	0.00826	0.00801	0.08031	0.09571	0.00575	0.01594	0.47822	0.14892	0.04688	0.01245	0.03014	0.00452	0.00345	0.00111	0.00317	0.00371	0.00327	0.00518
8	0.66874	0.00792	0.02633	0.00549	0.00776	0.05309	0.00459	0.13014	0.04479	0.01587	0.00578	0.00639	0.00440	0.00343	0.00246	0.00106	0.00308	0.00217	0.00235	0.00417
9	0.68423	0.00729	0.00696	0.00580	0.00810	0.00824	0.06289	0.11864	0.04629	0.01595	0.00584	0.00655	0.00444	0.00338	0.00251	0.00108	0.00304	0.00228	0.00234	0.00416
10	0.09532	0.02147	0.03706	0.03218	0.15716	0.05933	0.02341	0.15781	0.08567	0.04037	0.00851	0.01006	0.02674	0.04394	0.06447	0.00146	0.05520	0.00316	0.02308	0.05362

[dist]
# distance from previous block
# <min> <max>
7	12

[block]
# block no. 1 follows, 81 sequences, length 8
# corresponding to MSA columns:
# 659-666
name=unknown_B
#
# <colnr> <probs for GDERKNQSTAVLIFYWHMCP>
#	G	D	E	R	K	N	Q	S	T	A	V	L	I	F	Y	W	H	M	C	P
0	0.00439	0.00324	0.00406	0.00459	0.00507	0.00299	0.00323	0.00516	0.00708	0.00923	0.07057	0.53397	0.19238	0.05894	0.00510	0.00146	0.00211	0.08043	0.00318	0.00285
1	0.00693	0.00386	0.00487	0.00458	0.00535	0.00369	0.00320	0.00763	0.00681	0.17451	0.07793	0.12956	0.05995	0.36235	0.10716	0.00254	0.00350	0.00535	0.02703	0.00320
2	0.00832	0.00522	0.00553	0.00493	0.00637	0.00560	0.00385	0.11454	0.22019	0.06258	0.01174	0.01225	0.00889	0.00422	0.00288	0.00094	0.00224	0.00339	0.51207	0.00426
3	0.06028	0.00684	0.00985	0.00779	0.00995	0.00699	0.19440	0.08198	0.18257	0.06519	0.07994	0.04223	0.03107	0.00445	0.00378	0.00107	0.03863	0.00395	0.08444	0.08461
4	0.00656	0.01951	0.00560	0.03940	0.05104	0.07427	0.00408	0.02242	0.03633	0.01155	0.15347	0.15151	0.03562	0.02478	0.02193	0.00117	0.00265	0.02230	0.31232	0.00347
5	0.38109	0.12305	0.02588	0.02748	0.00826	0.12848	0.00493	0.02848	0.04513	0.03989	0.02061	0.06517	0.01977	0.00478	0.03293	0.00117	0.00359	0.00288	0.00223	0.03419
6	0.10663	0.17630	0.23085	0.00758	0.01074	0.05714	0.04222	0.10533	0.09702	0.05978	0.04048	0.00847	0.00654	0.00364	0.00304	0.00100	0.00393	0.00277	0.00227	0.03429
7	0.02087	0.21080	0.09168	0.10240	0.12363	0.00855	0.03724	0.02273	0.12932	0.07195	0.05628	0.03028	0.02309	0.02661	0.02925	0.00122	0.00382	0.00338	0.00228	0.00461

[dist]
# distance from previous block
# <min> <max>
0	4

[block]
# block no. 2 follows, 81 sequences, length 7
# corresponding to MSA columns:
# 671-677
name=unknown_C
#
# <colnr> <probs for GDERKNQSTAVLIFYWHMCP>
#	G	D	E	R	K	N	Q	S	T	A	V	L	I	F	Y	W	H	M	C	P
0	0.00596	0.00392	0.00472	0.00438	0.00556	0.00354	0.00333	0.00756	0.04193	0.11077	0.39654	0.06295	0.32094	0.00741	0.00400	0.00113	0.00188	0.00636	0.00361	0.00351
1	0.00844	0.00908	0.03417	0.05604	0.04945	0.25932	0.08385	0.05367	0.03277	0.02506	0.09427	0.12482	0.12603	0.00553	0.00366	0.00108	0.00400	0.00469	0.02015	0.00394
2	0.05338	0.00374	0.00436	0.00430	0.00531	0.00342	0.00322	0.00646	0.00829	0.05845	0.30060	0.17483	0.31913	0.00803	0.00402	0.00118	0.00191	0.03271	0.00341	0.00323
3	0.00651	0.00516	0.00576	0.00539	0.00668	0.00537	0.00408	0.10695	0.23196	0.01286	0.17286	0.20316	0.20496	0.00727	0.00393	0.00119	0.00228	0.00625	0.00343	0.00398
4	0.00964	0.38413	0.09015	0.06700	0.05925	0.16566	0.07370	0.07384	0.00833	0.00993	0.00564	0.00679	0.00468	0.00329	0.00308	0.00092	0.02528	0.00243	0.00172	0.00454
5	0.00541	0.00421	0.02317	0.00480	0.00577	0.00379	0.00362	0.05149	0.03403	0.02961	0.29498	0.30908	0.16068	0.02707	0.00437	0.00124	0.00209	0.00711	0.00336	0.02413
6	0.02433	0.08625	0.21925	0.02319	0.12023	0.07720	0.04263	0.10035	0.09052	0.09620	0.02935	0.00959	0.02134	0.01975	0.00375	0.00109	0.02457	0.00310	0.00233	0.00497

[dist]
# distance from previous block
# <min> <max>
1	16

[block]
# block no. 3 follows, 81 sequences, length 6
# corresponding to MSA columns:
# 729-734
name=unknown_D
#
# <colnr> <probs for GDERKNQSTAVLIFYWHMCP>
#	G	D	E	R	K	N	Q	S	T	A	V	L	I	F	Y	W	H	M	C	P
0	0.02883	0.02664	0.07235	0.08031	0.17124	0.05806	0.05378	0.08961	0.08801	0.13201	0.04019	0.10474	0.02968	0.00469	0.00354	0.00110	0.00371	0.00408	0.00266	0.00478
1	0.00644	0.00645	0.07476	0.04522	0.03903	0.03884	0.07579	0.00847	0.04660	0.04504	0.28174	0.08679	0.15557	0.00626	0.00442	0.00116	0.06535	0.00537	0.00289	0.00381
2	0.00611	0.03518	0.09191	0.00580	0.02686	0.00486	0.00475	0.05026	0.06702	0.03812	0.12058	0.31108	0.15169	0.00735	0.00384	0.00117	0.00252	0.00639	0.02583	0.03868
3	0.03728	0.02138	0.03730	0.08674	0.03207	0.02393	0.08794	0.08602	0.04300	0.12734	0.00879	0.06389	0.00735	0.02682	0.06133	0.01962	0.12627	0.00361	0.03606	0.06326
4	0.00878	0.00747	0.04007	0.12376	0.08628	0.00778	0.03413	0.22025	0.20035	0.03413	0.08508	0.01257	0.03717	0.02551	0.03632	0.00131	0.00367	0.00379	0.02675	0.00482
5	0.00486	0.00346	0.00404	0.00422	0.00501	0.00308	0.00302	0.00565	0.00741	0.05116	0.06993	0.30780	0.39582	0.08552	0.00537	0.00144	0.00207	0.03396	0.00319	0.00298

[dist]
# distance from previous block
# <min> <max>
15	43

[block]
# block no. 4 follows, 81 sequences, length 12
# corresponding to MSA columns:
# 801-805,807-813
name=unknown_E
#
# <colnr> <probs for GDERKNQSTAVLIFYWHMCP>
#	G	D	E	R	K	N	Q	S	T	A	V	L	I	F	Y	W	H	M	C	P
0	0.05227	0.00568	0.00687	0.00566	0.00749	0.00566	0.00451	0.12321	0.03234	0.36001	0.09665	0.02840	0.03298	0.06954	0.00476	0.00123	0.04095	0.00391	0.11321	0.00468
1	0.02415	0.00787	0.00918	0.00756	0.00926	0.00921	0.00616	0.41216	0.08855	0.04036	0.00846	0.02506	0.00686	0.03249	0.10218	0.00174	0.19770	0.00340	0.00281	0.00486
2	0.00829	0.00806	0.01297	0.31527	0.20034	0.06177	0.19133	0.05438	0.03738	0.02911	0.00741	0.01028	0.00592	0.00361	0.00362	0.00112	0.00466	0.03797	0.00193	0.00456
3	0.01326	0.01046	0.00968	0.00780	0.01028	0.20858	0.00627	0.46047	0.05743	0.16771	0.00886	0.00867	0.00627	0.00406	0.00338	0.00102	0.00416	0.00301	0.00321	0.00542
4	0.15446	0.01897	0.00960	0.03279	0.01003	0.02216	0.23016	0.03490	0.00741	0.01116	0.01140	0.29542	0.01192	0.00643	0.01533	0.00127	0.00360	0.06978	0.00246	0.05076
5	0.00698	0.00497	0.00628	0.00592	0.00703	0.00503	0.03469	0.16459	0.06418	0.06038	0.04268	0.52268	0.04383	0.00832	0.00409	0.00127	0.00256	0.00741	0.00330	0.00382
6	0.00452	0.00326	0.00418	0.00473	0.00513	0.00307	0.00334	0.00528	0.00696	0.00918	0.07667	0.52352	0.10783	0.10827	0.00589	0.00160	0.00226	0.11838	0.00312	0.00282
7	0.00786	0.00681	0.01097	0.50025	0.25208	0.00773	0.00918	0.03776	0.04955	0.05356	0.00720	0.00939	0.00548	0.00349	0.00342	0.00110	0.00419	0.00314	0.02231	0.00453
8	0.00563	0.00601	0.06080	0.03441	0.02396	0.03455	0.12486	0.00739	0.03967	0.00983	0.04706	0.13939	0.37662	0.01838	0.04022	0.00139	0.01753	0.00608	0.00269	0.00352
9	0.00532	0.00338	0.00479	0.00478	0.00508	0.00362	0.00338	0.00539	0.00531	0.00738	0.05372	0.01491	0.00977	0.18466	0.36134	0.31355	0.00555	0.00385	0.00188	0.00236
10	0.02231	0.20339	0.13001	0.05116	0.04347	0.13681	0.01832	0.15639	0.02410	0.09933	0.00696	0.00763	0.00529	0.00361	0.00338	0.00097	0.03976	0.00262	0.00224	0.04224
11	0.04242	0.00357	0.00455	0.02078	0.01920	0.00346	0.00340	0.02388	0.00675	0.00918	0.07442	0.38165	0.15918	0.00977	0.00636	0.21687	0.00232	0.00680	0.00274	0.00271

[dist]
# distance from previous block
# <min> <max>
10	24

[block]
# block no. 5 follows, 81 sequences, length 13
# corresponding to MSA columns:
# 844-856
name=unknown_F
#
# <colnr> <probs for GDERKNQSTAVLIFYWHMCP>
#	G	D	E	R	K	N	Q	S	T	A	V	L	I	F	Y	W	H	M	C	P
0	0.00685	0.02130	0.00912	0.00787	0.00810	0.00880	0.00648	0.00765	0.00587	0.00864	0.03354	0.06495	0.08358	0.02787	0.00977	0.00150	0.64251	0.04011	0.00192	0.00357
1	0.01836	0.05013	0.02952	0.02755	0.19417	0.02546	0.10766	0.23746	0.13219	0.04240	0.03135	0.02549	0.01655	0.00405	0.00349	0.00106	0.00385	0.01963	0.00265	0.02697
2	0.21932	0.00747	0.00807	0.05468	0.00964	0.00815	0.00548	0.29797	0.12034	0.18148	0.03021	0.00971	0.00723	0.02108	0.00345	0.00112	0.00321	0.00311	0.00319	0.00507
3	0.00749	0.00611	0.00754	0.00547	0.00843	0.00470	0.03824	0.00903	0.00739	0.05728	0.00819	0.00896	0.05282	0.00301	0.00276	0.00061	0.00267	0.00250	0.00222	0.76461
4	0.00590	0.00412	0.00500	0.00454	0.00565	0.00389	0.00347	0.07644	0.00992	0.04760	0.58634	0.02475	0.17242	0.00692	0.00396	0.00109	0.00188	0.00598	0.02658	0.00352
5	0.00826	0.00569	0.00729	0.00632	0.00776	0.04667	0.05149	0.08155	0.02499	0.17085	0.16319	0.08608	0.06529	0.01045	0.19611	0.00213	0.03963	0.01916	0.00302	0.00406
6	0.00715	0.00590	0.02257	0.07554	0.16225	0.00593	0.00583	0.09258	0.07670	0.03878	0.23066	0.05284	0.13244	0.00573	0.00390	0.00112	0.02262	0.01973	0.03353	0.00420
7	0.00608	0.00422	0.00532	0.00558	0.00652	0.00418	0.00449	0.06859	0.03277	0.04202	0.04244	0.24429	0.11529	0.00875	0.00431	0.00138	0.00264	0.35816	0.03957	0.00342
8	0.01181	0.14824	0.07428	0.03402	0.03012	0.01900	0.02403	0.08081	0.08809	0.38904	0.04484	0.01056	0.00821	0.00403	0.00327	0.00102	0.00339	0.00324	0.01674	0.00528
9	0.00588	0.00404	0.00478	0.00460	0.00526	0.00410	0.00325	0.04562	0.04170	0.03639	0.16669	0.14766	0.08707	0.28939	0.00857	0.00187	0.03530	0.02158	0.08317	0.00309
10	0.01004	0.56847	0.03189	0.00695	0.02905	0.09951	0.00623	0.12360	0.04288	0.02459	0.00623	0.02536	0.00537	0.00345	0.00265	0.00085	0.00392	0.00238	0.00195	0.00465
11	0.00906	0.07494	0.06097	0.05238	0.08897	0.04252	0.03989	0.12434	0.03492	0.08561	0.02914	0.01016	0.03413	0.00370	0.00315	0.00089	0.00349	0.02187	0.01599	0.26387
12	0.05739	0.08249	0.06567	0.00708	0.00926	0.04620	0.00598	0.12211	0.45719	0.01378	0.01063	0.01098	0.00829	0.05311	0.00434	0.00123	0.03300	0.00339	0.00290	0.00501

[dist]
# distance from previous block
# <min> <max>
0	4

[block]
# block no. 6 follows, 81 sequences, length 19
# corresponding to MSA columns:
# 861,863-868,870-881
name=unknown_G
#
# <colnr> <probs for GDERKNQSTAVLIFYWHMCP>
#	G	D	E	R	K	N	Q	S	T	A	V	L	I	F	Y	W	H	M	C	P
0	0.00486	0.00397	0.00472	0.04916	0.00636	0.04393	0.00377	0.00580	0.02088	0.00905	0.03547	0.64870	0.08835	0.01013	0.02731	0.00145	0.00254	0.02751	0.00303	0.00299
1	0.00448	0.00323	0.00414	0.00462	0.00501	0.00302	0.00320	0.00526	0.00711	0.00948	0.14438	0.52848	0.09138	0.10617	0.00582	0.00156	0.00216	0.06449	0.00317	0.00283
2	0.01508	0.00579	0.00788	0.00608	0.00868	0.00501	0.00501	0.01643	0.00988	0.82634	0.04657	0.01231	0.00949	0.00438	0.00350	0.00107	0.00289	0.00358	0.00426	0.00578
3	0.00899	0.00718	0.00768	0.00661	0.00852	0.00798	0.00518	0.25151	0.42627	0.01554	0.06550	0.03869	0.08003	0.04914	0.00431	0.00124	0.00290	0.00432	0.00341	0.00500
4	0.90299	0.00668	0.00508	0.00454	0.00668	0.00775	0.00374	0.01015	0.00588	0.01550	0.00481	0.00561	0.00374	0.00321	0.00214	0.00107	0.00267	0.00187	0.00214	0.00374
5	0.58563	0.04784	0.00704	0.00546	0.00778	0.00841	0.00453	0.19531	0.00850	0.07686	0.00632	0.00693	0.00474	0.01854	0.00279	0.00109	0.00300	0.00231	0.00255	0.00437
6	0.05645	0.00681	0.00755	0.00630	0.00842	0.00728	0.00504	0.18540	0.29943	0.21884	0.03430	0.01165	0.00912	0.00438	0.00329	0.00106	0.00282	0.00351	0.12316	0.00520
7	0.00945	0.81133	0.04566	0.00605	0.00907	0.01308	0.00610	0.01067	0.00716	0.04778	0.00526	0.00589	0.00462	0.00303	0.00231	0.00077	0.00371	0.00195	0.00161	0.00452
8	0.62702	0.00683	0.00607	0.00531	0.00733	0.00780	0.00435	0.12983	0.02375	0.03540	0.00681	0.02508	0.00573	0.02715	0.00321	0.00117	0.02578	0.04485	0.00246	0.00404
9	0.00950	0.00672	0.00741	0.00624	0.00812	0.02453	0.00494	0.29041	0.14880	0.11206	0.18179	0.07882	0.09422	0.00574	0.00371	0.00111	0.00282	0.00478	0.00355	0.00474
10	0.00480	0.00355	0.00425	0.00408	0.00505	0.00315	0.00306	0.00610	0.00894	0.03108	0.49382	0.05854	0.34543	0.00778	0.00408	0.00113	0.00172	0.00671	0.00357	0.00317
11	0.00801	0.00743	0.01133	0.32947	0.36388	0.02383	0.00907	0.06613	0.08678	0.01124	0.00838	0.01019	0.04185	0.00369	0.00347	0.00109	0.00408	0.00332	0.00200	0.00476
12	0.00460	0.00340	0.00429	0.00432	0.00505	0.00310	0.00314	0.00587	0.00873	0.01194	0.52684	0.22515	0.16437	0.00821	0.00415	0.00117	0.00174	0.00725	0.00357	0.00310
13	0.00576	0.00309	0.00440	0.00438	0.00449	0.00304	0.00292	0.00470	0.00505	0.00673	0.06269	0.01359	0.04947	0.08293	0.01277	0.72401	0.00288	0.00359	0.00178	0.00173
14	0.00948	0.72109	0.01697	0.00666	0.00936	0.09800	0.03403	0.01061	0.00724	0.00827	0.00492	0.00584	0.00447	0.00317	0.00283	0.00081	0.04835	0.00202	0.00152	0.00436
15	0.04645	0.00388	0.00425	0.00421	0.00529	0.00355	0.00313	0.03358	0.00785	0.01035	0.10112	0.18173	0.46387	0.03188	0.02458	0.00134	0.00219	0.02936	0.00311	0.03828
16	0.05318	0.04683	0.29808	0.09818	0.04331	0.00729	0.05179	0.02324	0.09230	0.05992	0.12997	0.02403	0.03749	0.00433	0.00354	0.00110	0.01488	0.00363	0.00234	0.00457
17	0.12263	0.01005	0.07685	0.13551	0.12765	0.19933	0.03511	0.04257	0.00794	0.05023	0.00619	0.00773	0.00490	0.00404	0.01882	0.00113	0.09460	0.00270	0.00192	0.05009
18	0.41017	0.00795	0.02605	0.03799	0.09284	0.04785	0.14851	0.01059	0.00686	0.05678	0.00594	0.00735	0.00464	0.00358	0.00389	0.00113	0.10870	0.00267	0.01229	0.00422

[dist]
# distance from previous block
# <min> <max>
0	1

[block]
# block no. 7 follows, 81 sequences, length 10
# corresponding to MSA columns:
# 891-900
name=unknown_H
#
# <colnr> <probs for GDERKNQSTAVLIFYWHMCP>
#	G	D	E	R	K	N	Q	S	T	A	V	L	I	F	Y	W	H	M	C	P
0	0.12529	0.00577	0.00670	0.00607	0.00724	0.03200	0.02282	0.06431	0.12137	0.01118	0.06000	0.01343	0.03913	0.08306	0.31339	0.00291	0.07551	0.00374	0.00237	0.00372
1	0.07444	0.00366	0.00392	0.00377	0.00464	0.00365	0.00277	0.00747	0.00742	0.03295	0.18358	0.01753	0.06785	0.12117	0.02755	0.00137	0.00217	0.00425	0.42668	0.00316
2	0.00857	0.00693	0.00769	0.00716	0.03580	0.00774	0.00536	0.12511	0.53999	0.03274	0.05855	0.12562	0.01250	0.00548	0.00365	0.00117	0.00277	0.00466	0.00344	0.00507
3	0.10888	0.00714	0.00908	0.00787	0.00858	0.00930	0.00646	0.03526	0.11776	0.04034	0.00684	0.02856	0.00606	0.00659	0.05365	0.00160	0.53668	0.00322	0.00206	0.00408
4	0.01098	0.03231	0.00971	0.00845	0.05448	0.19881	0.00640	0.28469	0.18635	0.04378	0.02129	0.02422	0.02440	0.00445	0.00403	0.00107	0.07346	0.00329	0.00282	0.00500
5	0.00476	0.00315	0.00386	0.00429	0.00455	0.00303	0.00280	0.00537	0.00639	0.00898	0.05079	0.49219	0.01858	0.24791	0.00775	0.00184	0.00231	0.00748	0.12128	0.00268
6	0.00786	0.00735	0.01124	0.33489	0.32950	0.02456	0.00902	0.04523	0.07378	0.01077	0.00758	0.00963	0.02399	0.00376	0.00402	0.00112	0.06859	0.00322	0.01930	0.00462
7	0.78408	0.00619	0.00494	0.00458	0.00646	0.00710	0.00367	0.00945	0.00598	0.01462	0.00669	0.12081	0.00627	0.00421	0.00244	0.00111	0.00258	0.00292	0.00228	0.00362
8	0.02087	0.00663	0.00827	0.00692	0.00818	0.00773	0.00564	0.12152	0.05302	0.08866	0.04691	0.02929	0.05240	0.00524	0.00639	0.00117	0.34076	0.00353	0.08354	0.10329
9	0.18506	0.00865	0.03515	0.01001	0.07812	0.04358	0.26257	0.14806	0.03966	0.04632	0.00746	0.03443	0.00585	0.00355	0.00332	0.00105	0.00413	0.00327	0.00233	0.07744

[dist]
# distance from previous block
# <min> <max>
0	1

[block]
# block no. 8 follows, 81 sequences, length 11
# corresponding to MSA columns:
# 902-912
name=unknown_I
#
# <colnr> <probs for GDERKNQSTAVLIFYWHMCP>
#	G	D	E	R	K	N	Q	S	T	A	V	L	I	F	Y	W	H	M	C	P
0	0.00591	0.00448	0.00527	0.00498	0.00604	0.02314	0.00375	0.00857	0.13454	0.04063	0.50583	0.12198	0.06920	0.00702	0.00397	0.00113	0.00204	0.02405	0.00358	0.02390
1	0.00483	0.00357	0.00417	0.00401	0.00496	0.00319	0.00297	0.00599	0.00848	0.03444	0.38526	0.02819	0.39472	0.07325	0.02558	0.00140	0.00203	0.00648	0.00338	0.00309
2	0.04799	0.00929	0.00951	0.00764	0.00986	0.07262	0.00623	0.55078	0.08417	0.01809	0.00822	0.00861	0.00612	0.00429	0.00409	0.00107	0.08881	0.00306	0.05428	0.00526
3	0.01071	0.00534	0.00673	0.00573	0.00756	0.00502	0.00453	0.11266	0.02881	0.40181	0.06528	0.19088	0.07700	0.00626	0.00375	0.00115	0.00265	0.03054	0.02890	0.00471
4	0.00442	0.00325	0.00415	0.00458	0.00509	0.00299	0.00324	0.00535	0.00763	0.01019	0.22498	0.50993	0.14507	0.00955	0.00430	0.00130	0.00193	0.04575	0.00335	0.00295
5	0.00871	0.00784	0.10093	0.06958	0.19924	0.00720	0.02813	0.05957	0.10406	0.11958	0.06808	0.03988	0.00896	0.00440	0.00412	0.00111	0.07916	0.00365	0.08102	0.00479
6	0.00507	0.00335	0.00390	0.00390	0.00394	0.00339	0.00226	0.00506	0.00503	0.00674	0.01054	0.02148	0.01201	0.78679	0.06442	0.04944	0.00366	0.00485	0.00205	0.00212
7	0.04789	0.02941	0.00805	0.00696	0.00750	0.09921	0.00545	0.00828	0.00609	0.04294	0.00775	0.07367	0.00795	0.18675	0.07996	0.00209	0.37083	0.00383	0.00195	0.00343
8	0.12694	0.02436	0.10045	0.00768	0.07685	0.00669	0.04485	0.04407	0.04168	0.01183	0.00832	0.01068	0.04209	0.03164	0.00399	0.00101	0.05736	0.04542	0.00214	0.31195
9	0.02010	0.21620	0.10545	0.00750	0.05164	0.08134	0.02489	0.03352	0.05193	0.06198	0.05698	0.05091	0.05287	0.00431	0.00360	0.00096	0.05733	0.00332	0.00223	0.11292
10	0.03770	0.04547	0.09369	0.02194	0.07760	0.05814	0.03238	0.06440	0.02123	0.10394	0.07360	0.12841	0.05992	0.00499	0.00352	0.00102	0.01586	0.00420	0.00261	0.14938

[dist]
# distance from previous block
# <min> <max>
6	48

[block]
# block no. 9 follows, 81 sequences, length 10
# corresponding to MSA columns:
# 961-968,978,992
name=unknown_J
#
# <colnr> <probs for GDERKNQSTAVLIFYWHMCP>
#	G	D	E	R	K	N	Q	S	T	A	V	L	I	F	Y	W	H	M	C	P
0	0.05171	0.26445	0.05893	0.00653	0.00872	0.00868	0.03536	0.02216	0.19002	0.04916	0.05532	0.03028	0.07859	0.00503	0.00361	0.00108	0.03942	0.08398	0.00257	0.00439
1	0.00939	0.60855	0.08834	0.00702	0.00998	0.09340	0.04192	0.04566	0.02633	0.00929	0.00579	0.00711	0.00508	0.00331	0.00262	0.00085	0.00411	0.02505	0.00169	0.00451
2	0.38672	0.00629	0.00592	0.00528	0.00699	0.03648	0.00422	0.03529	0.11132	0.08309	0.03003	0.00996	0.02538	0.00579	0.07262	0.00142	0.03713	0.00291	0.12911	0.00405
3	0.02475	0.00752	0.04609	0.10872	0.22156	0.01643	0.06794	0.09509	0.13450	0.04823	0.06185	0.02576	0.01849	0.03855	0.00415	0.00121	0.00371	0.05862	0.01212	0.00471
4	0.00517	0.00393	0.00443	0.00426	0.00537	0.00358	0.00322	0.06208	0.00881	0.02907	0.23225	0.11956	0.47263	0.00817	0.00407	0.00117	0.00194	0.02363	0.00339	0.00326
5	0.00796	0.00718	0.00981	0.35473	0.13035	0.07162	0.00783	0.06534	0.00769	0.04307	0.02612	0.03589	0.02174	0.05865	0.00558	0.01764	0.11928	0.00348	0.00197	0.00407
6	0.09287	0.00435	0.00509	0.00478	0.00595	0.00424	0.01607	0.06200	0.00873	0.05287	0.29437	0.15785	0.18098	0.00717	0.00382	0.00115	0.00215	0.04243	0.04964	0.00348
7	0.00581	0.00310	0.00451	0.00451	0.00456	0.00315	0.00302	0.00470	0.00464	0.00625	0.00679	0.01204	0.00692	0.10494	0.08588	0.72905	0.00357	0.00327	0.00159	0.00170
8	0.04266	0.45605	0.01351	0.00670	0.00917	0.22432	0.00588	0.12513	0.00894	0.01066	0.00585	0.00658	0.00491	0.00335	0.00262	0.00083	0.00416	0.00221	0.06206	0.00442
9	0.00480	0.00353	0.00439	0.00482	0.00535	0.00344	0.00338	0.02509	0.05387	0.00980	0.05127	0.59975	0.11018	0.01054	0.05351	0.00156	0.00244	0.00830	0.04088	0.00309

[dist]
# distance from previous block
# <min> <max>
10	21

[block]
# block no. 10 follows, 81 sequences, length 11
# corresponding to MSA columns:
# 1016-1026
name=unknown_K
#
# <colnr> <probs for GDERKNQSTAVLIFYWHMCP>
#	G	D	E	R	K	N	Q	S	T	A	V	L	I	F	Y	W	H	M	C	P
0	0.29123	0.05362	0.16026	0.00693	0.00983	0.08342	0.00654	0.19740	0.00943	0.14030	0.00719	0.00747	0.00514	0.00361	0.00292	0.00103	0.00376	0.00254	0.00256	0.00483
1	0.00756	0.00756	0.01058	0.00907	0.00907	0.01058	0.00756	0.00831	0.00529	0.00831	0.00453	0.00756	0.00453	0.00605	0.01134	0.00151	0.87227	0.00302	0.00151	0.00378
2	0.00777	0.03063	0.03099	0.00621	0.00755	0.15079	0.01816	0.05643	0.12893	0.03504	0.17059	0.04041	0.01337	0.15119	0.13475	0.00210	0.00438	0.00425	0.00266	0.00380
3	0.03938	0.00945	0.00993	0.00773	0.01040	0.03285	0.00635	0.70892	0.06675	0.06014	0.00872	0.00860	0.00619	0.00414	0.00341	0.00104	0.00373	0.00312	0.00341	0.00574
4	0.00978	0.06591	0.00916	0.05760	0.05687	0.03058	0.05057	0.04937	0.06772	0.26278	0.19960	0.02449	0.03728	0.00489	0.00393	0.00108	0.04431	0.00409	0.00318	0.01684
5	0.00483	0.00366	0.00451	0.00421	0.00521	0.00326	0.00317	0.00630	0.00925	0.01277	0.63947	0.02643	0.20461	0.00719	0.00400	0.00107	0.00170	0.00625	0.00359	0.04852
6	0.00751	0.00667	0.00927	0.39614	0.01575	0.00782	0.04252	0.03402	0.34737	0.01189	0.05518	0.01166	0.00867	0.00415	0.00351	0.00115	0.00365	0.00362	0.02492	0.00453
7	0.40916	0.03229	0.02389	0.00597	0.00839	0.00841	0.00503	0.28619	0.02658	0.11095	0.00745	0.00769	0.00538	0.00370	0.00278	0.00104	0.00310	0.00257	0.04468	0.00474
8	0.00425	0.00313	0.00398	0.00457	0.00497	0.00286	0.00312	0.00498	0.00708	0.00933	0.09394	0.67563	0.14912	0.01018	0.00433	0.00134	0.00193	0.00913	0.00326	0.00286
9	0.08932	0.28711	0.02234	0.02137	0.02554	0.00911	0.02912	0.12855	0.08055	0.13412	0.03840	0.05140	0.06061	0.00437	0.00307	0.00099	0.00326	0.00342	0.00267	0.00468
10	0.00502	0.00370	0.00487	0.00458	0.00509	0.00363	0.04259	0.00560	0.00624	0.00833	0.11539	0.03983	0.13577	0.45679	0.11930	0.02919	0.00373	0.00533	0.00242	0.00260

[dist]
# distance from previous block
# <min> <max>
10	18

[block]
# block no. 11 follows, 81 sequences, length 8
# corresponding to MSA columns:
# 1052-1059
name=unknown_L
#
# <colnr> <probs for GDERKNQSTAVLIFYWHMCP>
#	G	D	E	R	K	N	Q	S	T	A	V	L	I	F	Y	W	H	M	C	P
0	0.00637	0.00593	0.00993	0.81153	0.02252	0.00734	0.00916	0.00855	0.00689	0.00883	0.00702	0.06808	0.00584	0.00395	0.00352	0.00117	0.00443	0.00353	0.00165	0.00377
1	0.00924	0.88067	0.01810	0.00591	0.00887	0.01367	0.00591	0.01034	0.00702	0.00813	0.00480	0.00554	0.00443	0.00296	0.00222	0.00074	0.00369	0.00185	0.00148	0.00443
2	0.00929	0.10385	0.03913	0.06278	0.43025	0.10185	0.11730	0.05286	0.00842	0.03248	0.00649	0.00814	0.00524	0.00321	0.00334	0.00101	0.00453	0.00298	0.00183	0.00502
3	0.00569	0.00459	0.00520	0.00486	0.00608	0.00463	0.00370	0.00935	0.23965	0.01282	0.40832	0.02423	0.24379	0.00686	0.00392	0.00113	0.00196	0.00588	0.00357	0.00377
4	0.00542	0.00349	0.00435	0.00445	0.00523	0.00322	0.00329	0.00662	0.00814	0.05947	0.28484	0.27693	0.13856	0.00801	0.00397	0.00118	0.00192	0.05763	0.12005	0.00322
5	0.00738	0.00708	0.00642	0.00588	0.00728	0.16834	0.02014	0.09527	0.06621	0.01122	0.07257	0.07157	0.33578	0.00677	0.00400	0.00113	0.02550	0.05630	0.02746	0.00370
6	0.00474	0.00352	0.00442	0.00458	0.00520	0.00339	0.00331	0.00580	0.02998	0.01007	0.22390	0.30784	0.20787	0.03156	0.03635	0.06018	0.02229	0.02893	0.00313	0.00295
7	0.00601	0.00355	0.00517	0.00500	0.00508	0.00388	0.00353	0.00511	0.00492	0.00676	0.04678	0.01153	0.00751	0.04095	0.06636	0.67885	0.09216	0.00327	0.00165	0.00194

[dist]
# distance from previous block
# <min> <max>
5	26

[block]
# block no. 12 follows, 81 sequences, length 6
# corresponding to MSA columns:
# 1091-1096
name=unknown_M
#
# <colnr> <probs for GDERKNQSTAVLIFYWHMCP>
#	G	D	E	R	K	N	Q	S	T	A	V	L	I	F	Y	W	H	M	C	P
0	0.00850	0.05846	0.07393	0.08623	0.30366	0.04702	0.15464	0.05014	0.06642	0.02966	0.03197	0.03737	0.00703	0.00368	0.00348	0.00106	0.00426	0.00348	0.02413	0.00486
1	0.05369	0.00653	0.04720	0.00749	0.05063	0.00595	0.10587	0.07788	0.08588	0.14034	0.06848	0.16169	0.05799	0.00542	0.00359	0.00110	0.00307	0.00480	0.05389	0.05850
2	0.00678	0.00536	0.00772	0.12045	0.14300	0.00547	0.02535	0.02572	0.08633	0.06271	0.10062	0.17806	0.11833	0.00679	0.02395	0.00128	0.00310	0.04993	0.00282	0.02622
3	0.02534	0.00780	0.03724	0.33797	0.28585	0.04614	0.02926	0.04544	0.00786	0.04667	0.00693	0.03178	0.00560	0.00359	0.00356	0.00107	0.02295	0.00317	0.00188	0.04992
4	0.00738	0.00573	0.00642	0.00587	0.00742	0.00613	0.00461	0.05048	0.39350	0.05192	0.21393	0.02058	0.13077	0.00615	0.00382	0.00117	0.00244	0.07368	0.00354	0.00445
5	0.00454	0.00354	0.00414	0.00430	0.00512	0.00326	0.00316	0.00575	0.03374	0.00992	0.14996	0.22649	0.38830	0.05198	0.04143	0.00153	0.00230	0.05437	0.00319	0.00300

[dist]
# distance from previous block
# <min> <max>
0	1

[block]
# block no. 13 follows, 81 sequences, length 9
# corresponding to MSA columns:
# 1098-1101,1121-1125
name=unknown_N
#
# <colnr> <probs for GDERKNQSTAVLIFYWHMCP>
#	G	D	E	R	K	N	Q	S	T	A	V	L	I	F	Y	W	H	M	C	P
0	0.00665	0.00436	0.00543	0.02299	0.00644	0.00427	0.00385	0.02773	0.10717	0.10570	0.46167	0.12011	0.06152	0.00673	0.00389	0.00112	0.00206	0.00588	0.03864	0.00380
1	0.02114	0.00529	0.00670	0.00711	0.08173	0.05638	0.02034	0.02157	0.00633	0.00865	0.01064	0.16188	0.02415	0.20385	0.26374	0.00299	0.08729	0.00485	0.00214	0.00324
2	0.00712	0.06178	0.64853	0.03188	0.01461	0.00837	0.09275	0.01058	0.00724	0.01057	0.00646	0.03064	0.00497	0.00357	0.00373	0.00111	0.04682	0.00289	0.00154	0.00487
3	0.08457	0.00882	0.08345	0.03039	0.01182	0.03016	0.22012	0.23658	0.03433	0.06707	0.00890	0.04233	0.01988	0.00395	0.00342	0.00107	0.00401	0.00353	0.08073	0.02488
4	0.00507	0.00367	0.00443	0.00429	0.00525	0.00334	0.00320	0.00660	0.03605	0.04323	0.44320	0.12828	0.28487	0.00785	0.00408	0.00115	0.00180	0.00682	0.00356	0.00327
5	0.00693	0.01787	0.86069	0.00985	0.01495	0.00802	0.01276	0.01094	0.00729	0.01094	0.00620	0.00729	0.00438	0.00328	0.00328	0.00109	0.00511	0.00255	0.00146	0.00511
6	0.08759	0.04137	0.00911	0.00688	0.00940	0.03843	0.02377	0.29683	0.08233	0.31739	0.02840	0.01000	0.00755	0.00413	0.00330	0.00105	0.00335	0.00321	0.02051	0.00541
7	0.03401	0.00454	0.00553	0.00492	0.00639	0.00429	0.00385	0.03344	0.04116	0.26838	0.16279	0.11076	0.07790	0.00592	0.00351	0.00108	0.00226	0.03385	0.19128	0.00414
8	0.39037	0.00584	0.02588	0.00513	0.00688	0.00595	0.03408	0.03999	0.02056	0.06297	0.18278	0.01530	0.09478	0.06953	0.00418	0.00127	0.00266	0.02535	0.00277	0.00372

[dist]
# distance from previous block
# <min> <max>
5	43

[block]
# block no. 14 follows, 81 sequences, length 20
# corresponding to MSA columns:
# 1169-1174,1180-1191,1196,1197
name=unknown_O
#
# <colnr> <probs for GDERKNQSTAVLIFYWHMCP>
#	G	D	E	R	K	N	Q	S	T	A	V	L	I	F	Y	W	H	M	C	P
0	0.15930	0.09438	0.32308	0.00861	0.05061	0.06617	0.03083	0.14350	0.02521	0.04489	0.00676	0.01999	0.00514	0.00355	0.00306	0.00104	0.00423	0.00267	0.00210	0.00487
1	0.05643	0.16183	0.12195	0.05126	0.23185	0.13823	0.05320	0.05444	0.01895	0.01072	0.00644	0.01701	0.00540	0.00402	0.01689	0.02514	0.00450	0.01530	0.00181	0.00463
2	0.63984	0.00735	0.00598	0.00519	0.00735	0.08695	0.00421	0.01160	0.00698	0.16220	0.00658	0.00695	0.00479	0.00345	0.00247	0.00104	0.00302	0.00222	0.02769	0.00412
3	0.00571	0.00480	0.00585	0.10362	0.02771	0.04693	0.02170	0.01766	0.03154	0.01887	0.25205	0.15983	0.20813	0.03529	0.00435	0.00122	0.00257	0.01378	0.03500	0.00337
4	0.00444	0.00328	0.00416	0.00452	0.00503	0.00306	0.00318	0.00533	0.00735	0.00981	0.19215	0.44700	0.16301	0.05450	0.05962	0.00166	0.00244	0.02337	0.00319	0.00291
5	0.00763	0.00726	0.01264	0.37197	0.24221	0.00792	0.15404	0.05443	0.00784	0.01066	0.00710	0.04265	0.00584	0.00366	0.00375	0.00112	0.02485	0.00351	0.02646	0.00447
6	0.00506	0.00402	0.03680	0.00438	0.00537	0.00331	0.00339	0.00623	0.00807	0.04361	0.27187	0.21237	0.28482	0.04593	0.00460	0.00127	0.00201	0.00691	0.04682	0.00317
7	0.00564	0.00311	0.00441	0.00441	0.00460	0.00306	0.00300	0.00472	0.00520	0.00686	0.04781	0.02949	0.10187	0.03095	0.04437	0.68996	0.00303	0.00381	0.00185	0.00183
8	0.00960	0.35042	0.14151	0.02142	0.02777	0.08875	0.07594	0.15339	0.00913	0.02363	0.03856	0.00778	0.00597	0.00350	0.00306	0.00093	0.01346	0.00266	0.01780	0.00472
9	0.03444	0.00456	0.00552	0.00526	0.00636	0.00456	0.00400	0.06267	0.07503	0.09877	0.14982	0.24437	0.08179	0.03044	0.00478	0.03606	0.01832	0.07499	0.03810	0.02018
10	0.01014	0.08546	0.19981	0.01078	0.16752	0.12020	0.05444	0.10581	0.06450	0.12187	0.00799	0.02259	0.00606	0.00367	0.00332	0.00103	0.00435	0.00302	0.00232	0.00512
11	0.04567	0.04291	0.03669	0.05889	0.08584	0.14095	0.00685	0.28722	0.18867	0.02493	0.00890	0.02351	0.00696	0.00416	0.00335	0.00106	0.00396	0.02166	0.00275	0.00507
12	0.57084	0.00711	0.00640	0.00543	0.00760	0.03879	0.00443	0.09571	0.02044	0.15446	0.01854	0.00745	0.00534	0.00382	0.00301	0.02137	0.01992	0.00241	0.00263	0.00429
13	0.03733	0.00826	0.04718	0.14446	0.25710	0.02159	0.07271	0.17100	0.05089	0.07091	0.00876	0.02930	0.03368	0.00395	0.00370	0.00110	0.02728	0.00344	0.00237	0.00498
14	0.00614	0.00740	0.20502	0.03993	0.01902	0.00499	0.04790	0.01969	0.00775	0.02492	0.10181	0.14692	0.08618	0.00596	0.00361	0.00113	0.00306	0.07617	0.16754	0.02484
15	0.00474	0.00349	0.00426	0.00423	0.00509	0.00313	0.00314	0.00597	0.00867	0.02656	0.44132	0.15569	0.28630	0.00816	0.00413	0.00117	0.00178	0.02551	0.00352	0.00313
16	0.03268	0.04761	0.00871	0.06075	0.17335	0.03097	0.00606	0.01030	0.14808	0.06199	0.00980	0.05559	0.01833	0.11436	0.13592	0.01478	0.06041	0.00384	0.00231	0.00416
17	0.02302	0.00862	0.09741	0.11433	0.21101	0.00795	0.06825	0.14993	0.10922	0.06439	0.04515	0.00993	0.00729	0.00374	0.00343	0.00105	0.00386	0.00329	0.01719	0.05096
18	0.04337	0.05023	0.07879	0.01020	0.07624	0.01721	0.25218	0.08808	0.14929	0.05598	0.00971	0.04887	0.02999	0.00412	0.00372	0.00111	0.02123	0.01730	0.00244	0.03995
19	0.02134	0.03508	0.09101	0.04910	0.13706	0.06194	0.18689	0.06504	0.07428	0.05567	0.08316	0.01069	0.00832	0.00382	0.00363	0.00105	0.01821	0.01554	0.00231	0.07588

[dist]
# distance from previous block
# <min> <max>
3	36

[block]
# block no. 15 follows, 81 sequences, length 6
# corresponding to MSA columns:
# 1285-1290
name=unknown_P
#
# <colnr> <probs for GDERKNQSTAVLIFYWHMCP>
#	G	D	E	R	K	N	Q	S	T	A	V	L	I	F	Y	W	H	M	C	P
0	0.00800	0.04186	0.10310	0.10824	0.04427	0.00697	0.07206	0.11401	0.05088	0.08138	0.05263	0.21080	0.01107	0.00557	0.00406	0.00116	0.04665	0.00482	0.00263	0.02985
1	0.09746	0.00727	0.06906	0.04432	0.00936	0.02982	0.03980	0.14240	0.03542	0.24233	0.06535	0.03773	0.05691	0.08789	0.00480	0.00131	0.00335	0.01776	0.00307	0.00459
2	0.00444	0.00355	0.00398	0.00405	0.00495	0.00320	0.00295	0.00564	0.03475	0.00991	0.15001	0.17640	0.49697	0.04648	0.03569	0.00145	0.00215	0.00724	0.00321	0.00300
3	0.00696	0.04549	0.00731	0.00630	0.02687	0.04366	0.03882	0.04765	0.26147	0.01257	0.22688	0.06484	0.16683	0.00618	0.00377	0.00113	0.00265	0.02324	0.00322	0.00414
4	0.14304	0.13393	0.01124	0.02673	0.06087	0.06045	0.08211	0.08704	0.02369	0.06892	0.04109	0.00854	0.00630	0.00486	0.03220	0.00126	0.19825	0.00294	0.00216	0.00439
5	0.05187	0.00429	0.00504	0.00474	0.00595	0.00413	0.00363	0.04010	0.04429	0.12892	0.21427	0.17068	0.15800	0.00695	0.00374	0.00114	0.00214	0.03820	0.10822	0.00369

[dist]
# distance from previous block
# <min> <max>
2	21

[block]
# block no. 16 follows, 81 sequences, length 10
# corresponding to MSA columns:
# 1319-1328
name=unknown_Q
#
# <colnr> <probs for GDERKNQSTAVLIFYWHMCP>
#	G	D	E	R	K	N	Q	S	T	A	V	L	I	F	Y	W	H	M	C	P
0	0.00790	0.00743	0.03695	0.11738	0.14820	0.06705	0.04516	0.09943	0.12113	0.01147	0.04380	0.08763	0.00985	0.11957	0.00570	0.01441	0.01736	0.02246	0.01290	0.00423
1	0.00506	0.00366	0.00467	0.00484	0.00544	0.00351	0.01787	0.02072	0.01858	0.02709	0.10413	0.39887	0.14595	0.13593	0.00629	0.00160	0.01468	0.06232	0.01578	0.00299
2	0.04790	0.00405	0.00514	0.00504	0.00602	0.00395	0.00381	0.02596	0.00766	0.13183	0.12620	0.26334	0.10216	0.05120	0.13751	0.00201	0.00340	0.06623	0.00313	0.00346
3	0.00736	0.00521	0.00602	0.00555	0.00689	0.00537	0.00424	0.11931	0.18835	0.07643	0.17254	0.22961	0.10125	0.00701	0.00387	0.00118	0.00238	0.02110	0.03222	0.00412
4	0.00607	0.00424	0.00497	0.00455	0.00563	0.03012	0.00346	0.02831	0.00960	0.07458	0.60737	0.02419	0.13450	0.00678	0.00392	0.00108	0.00194	0.00586	0.03935	0.00349
5	0.00818	0.00724	0.00921	0.05710	0.03623	0.03352	0.07257	0.12866	0.25834	0.01248	0.01152	0.07393	0.04301	0.02949	0.03952	0.00146	0.12620	0.04414	0.00271	0.00450
6	0.01126	0.00726	0.00914	0.00728	0.00950	0.02617	0.07433	0.25676	0.09932	0.25828	0.09375	0.01296	0.01032	0.04679	0.02572	0.00131	0.02062	0.02073	0.00341	0.00509
7	0.00926	0.69321	0.12929	0.00660	0.00983	0.01267	0.00688	0.08037	0.00783	0.00964	0.00528	0.00600	0.00455	0.00310	0.00246	0.00081	0.00389	0.00205	0.00164	0.00464
8	0.00806	0.00876	0.01403	0.01093	0.01260	0.09171	0.35969	0.00971	0.00696	0.00942	0.00642	0.03122	0.00576	0.04437	0.02930	0.00149	0.34013	0.00367	0.00171	0.00405
9	0.01032	0.01104	0.00866	0.00777	0.00948	0.37019	0.00598	0.05438	0.34040	0.01170	0.03450	0.00996	0.00797	0.00486	0.02568	0.00117	0.05376	0.00316	0.02445	0.00459

[dist]
# distance from previous block
# <min> <max>
12	30

[block]
# block no. 17 follows, 81 sequences, length 18
# corresponding to MSA columns:
# 1361-1378
name=unknown_R
#
# <colnr> <probs for GDERKNQSTAVLIFYWHMCP>
#	G	D	E	R	K	N	Q	S	T	A	V	L	I	F	Y	W	H	M	C	P
0	0.00782	0.00871	0.07194	0.18108	0.07086	0.01951	0.44080	0.03399	0.02030	0.02164	0.00742	0.03064	0.00585	0.00433	0.04004	0.00132	0.00526	0.00376	0.02025	0.00449
1	0.00447	0.00334	0.00386	0.00408	0.00462	0.00308	0.00277	0.00509	0.00680	0.00872	0.07277	0.26286	0.31000	0.24880	0.02838	0.00194	0.00245	0.02037	0.00290	0.00269
2	0.00988	0.00582	0.00674	0.00567	0.00749	0.03169	0.00448	0.15562	0.03767	0.28193	0.20467	0.07521	0.14635	0.00600	0.00375	0.00110	0.00264	0.00503	0.00369	0.00455
3	0.90299	0.00668	0.00508	0.00454	0.00668	0.00775	0.00374	0.01015	0.00588	0.01550	0.00481	0.00561	0.00374	0.00321	0.00214	0.00107	0.00267	0.00187	0.00214	0.00374
4	0.00836	0.06647	0.00785	0.00650	0.00766	0.24148	0.00494	0.06885	0.06068	0.00924	0.00828	0.01241	0.00785	0.21055	0.22246	0.00267	0.04468	0.00342	0.00207	0.00358
5	0.00958	0.07605	0.01010	0.00797	0.00935	0.24508	0.02615	0.13212	0.03497	0.01061	0.00857	0.01041	0.07266	0.03222	0.02407	0.00131	0.26764	0.01488	0.00212	0.00413
6	0.22720	0.60178	0.07896	0.00588	0.00880	0.01180	0.00590	0.01034	0.00676	0.01014	0.00491	0.00569	0.00426	0.00304	0.00228	0.00085	0.00355	0.00191	0.00164	0.00432
7	0.00731	0.08260	0.55813	0.00935	0.01352	0.00837	0.09498	0.01158	0.11633	0.01111	0.00857	0.00933	0.04628	0.00366	0.00335	0.00109	0.00460	0.00305	0.00184	0.00495
8	0.00449	0.00365	0.00400	0.00389	0.00497	0.00322	0.00292	0.00592	0.03786	0.01094	0.29335	0.03019	0.56621	0.00807	0.00406	0.00114	0.00175	0.00684	0.00341	0.00311
9	0.00664	0.06229	0.00567	0.00478	0.00591	0.00408	0.00362	0.00760	0.00779	0.16022	0.11149	0.32591	0.21263	0.02216	0.04162	0.00142	0.00252	0.00685	0.00327	0.00354
10	0.00933	0.78463	0.01792	0.00658	0.00956	0.01321	0.06190	0.04673	0.00750	0.00892	0.00510	0.00591	0.00455	0.00300	0.00239	0.00078	0.00384	0.00205	0.00158	0.00451
11	0.00564	0.00362	0.00467	0.00488	0.00568	0.00337	0.00375	0.00685	0.00804	0.07310	0.20792	0.28178	0.11371	0.00848	0.00416	0.00128	0.00219	0.18780	0.06982	0.00326
12	0.05900	0.00615	0.00839	0.13127	0.13142	0.01723	0.02852	0.06915	0.03518	0.22271	0.07670	0.01252	0.04871	0.00428	0.00332	0.00104	0.00315	0.00362	0.13303	0.00461
13	0.00489	0.00334	0.00417	0.00432	0.00463	0.00337	0.00288	0.00534	0.00583	0.00796	0.02841	0.18661	0.08250	0.36808	0.17952	0.05193	0.00399	0.00571	0.04398	0.00253
14	0.00541	0.00349	0.00445	0.00456	0.00525	0.00320	0.00326	0.00641	0.00790	0.07662	0.27408	0.36441	0.11431	0.06851	0.00507	0.00138	0.00204	0.02484	0.02163	0.00316
15	0.70031	0.00649	0.00553	0.02711	0.00730	0.00741	0.00406	0.03810	0.05123	0.04482	0.00670	0.05449	0.00554	0.00380	0.00247	0.00109	0.00271	0.00258	0.02434	0.00392
16	0.00826	0.04859	0.04226	0.05740	0.24298	0.04354	0.02444	0.03503	0.02949	0.03027	0.00665	0.00797	0.00539	0.00307	0.00313	0.00082	0.01811	0.00259	0.01659	0.37340
17	0.05290	0.32190	0.16126	0.01921	0.06125	0.15073	0.01988	0.03289	0.05110	0.04043	0.00651	0.02530	0.00538	0.00346	0.00286	0.00092	0.00423	0.00253	0.00189	0.03539

[dist]
# distance from previous block
# <min> <max>
0	19

[block]
# block no. 18 follows, 81 sequences, length 16
# corresponding to MSA columns:
# 1399-1414
name=unknown_S
#
# <colnr> <probs for GDERKNQSTAVLIFYWHMCP>
#	G	D	E	R	K	N	Q	S	T	A	V	L	I	F	Y	W	H	M	C	P
0	0.00680	0.00610	0.00857	0.01864	0.07500	0.00768	0.00630	0.04101	0.00632	0.00920	0.00870	0.14190	0.00917	0.06066	0.09887	0.00196	0.43025	0.04660	0.01263	0.00364
1	0.00436	0.00326	0.00408	0.00458	0.00512	0.00298	0.00327	0.00522	0.00735	0.00959	0.11076	0.51914	0.22067	0.00983	0.00433	0.00133	0.00200	0.07596	0.00327	0.00291
2	0.04001	0.00511	0.00656	0.00532	0.00742	0.00448	0.00430	0.01284	0.00934	0.54756	0.13143	0.01778	0.18173	0.00552	0.00363	0.00109	0.00252	0.00456	0.00393	0.00486
3	0.00515	0.00348	0.00457	0.00467	0.00536	0.00322	0.00343	0.00636	0.00845	0.04930	0.43785	0.31627	0.05589	0.02249	0.00442	0.00126	0.00194	0.05917	0.00353	0.00319
4	0.01400	0.00552	0.00741	0.00580	0.00821	0.00480	0.00475	0.01535	0.00968	0.73485	0.06905	0.01336	0.03476	0.00457	0.00348	0.00106	0.00275	0.00375	0.05137	0.00548
5	0.00929	0.06554	0.00877	0.00704	0.00912	0.05248	0.00559	0.12975	0.60507	0.01452	0.01306	0.01226	0.04303	0.00460	0.00342	0.00111	0.00308	0.00371	0.00327	0.00528
6	0.01308	0.01577	0.00967	0.00872	0.01056	0.80811	0.00657	0.01399	0.00980	0.06450	0.00589	0.00659	0.00472	0.00361	0.00314	0.00090	0.00601	0.00231	0.00194	0.00413
7	0.01257	0.00916	0.00988	0.00772	0.01034	0.01012	0.00633	0.71243	0.10027	0.05259	0.00931	0.02735	0.00681	0.00435	0.00348	0.00106	0.00362	0.00335	0.00349	0.00577
8	0.00813	0.00909	0.17184	0.02549	0.02814	0.05187	0.00630	0.09891	0.03660	0.02432	0.00759	0.00849	0.01688	0.00327	0.00291	0.00079	0.00336	0.00258	0.08846	0.40496
9	0.02378	0.25143	0.07821	0.05784	0.03495	0.03790	0.05869	0.08423	0.05525	0.04269	0.00786	0.06589	0.00691	0.03015	0.02399	0.00121	0.08562	0.00329	0.04572	0.00438
10	0.00444	0.00337	0.00408	0.00443	0.00510	0.00306	0.00324	0.00536	0.00753	0.00970	0.12743	0.34240	0.31189	0.04907	0.00490	0.00139	0.00207	0.10440	0.00323	0.00291
11	0.00788	0.03274	0.01159	0.43649	0.31721	0.05135	0.00933	0.00991	0.00744	0.03810	0.00656	0.00898	0.00519	0.00424	0.03788	0.00125	0.00461	0.00303	0.00171	0.00448
12	0.00451	0.00347	0.00410	0.00414	0.00499	0.00312	0.00307	0.00560	0.00818	0.01068	0.30547	0.13057	0.37958	0.05034	0.02338	0.00139	0.00205	0.04904	0.00332	0.00300
13	0.00490	0.00374	0.00515	0.00494	0.00561	0.00382	0.03525	0.00584	0.00643	0.00872	0.10933	0.06368	0.15235	0.22976	0.34132	0.00341	0.00521	0.00523	0.00242	0.00288
14	0.00954	0.12160	0.14199	0.03728	0.06209	0.13463	0.02041	0.17444	0.04958	0.03025	0.00768	0.06486	0.00646	0.00397	0.00328	0.00097	0.01470	0.00311	0.00226	0.11089
15	0.00649	0.00542	0.00595	0.05119	0.00751	0.06882	0.00444	0.00916	0.16879	0.03332	0.16731	0.25511	0.07886	0.00741	0.00442	0.03717	0.01634	0.04143	0.00308	0.02777

[dist]
# distance from previous block
# <min> <max>
8	34

[block]
# block no. 19 follows, 81 sequences, length 12
# corresponding to MSA columns:
# 1450-1461
name=unknown_T
#
# <colnr> <probs for GDERKNQSTAVLIFYWHMCP>
#	G	D	E	R	K	N	Q	S	T	A	V	L	I	F	Y	W	H	M	C	P
0	0.06167	0.02272	0.21862	0.05415	0.22792	0.01912	0.03397	0.02520	0.05176	0.03375	0.00723	0.00894	0.00576	0.01548	0.05752	0.00136	0.05707	0.00295	0.04824	0.04658
1	0.85863	0.00676	0.00552	0.00537	0.04886	0.00777	0.00408	0.01018	0.00598	0.01529	0.00489	0.00576	0.00383	0.00320	0.00220	0.00107	0.00274	0.00193	0.00212	0.00383
2	0.00756	0.00756	0.01058	0.00907	0.00907	0.01058	0.00756	0.00831	0.00529	0.00831	0.00453	0.00756	0.00453	0.00605	0.01134	0.00151	0.87227	0.00302	0.00151	0.00378
