[name]
unknown

[dist]
# distance from previous block
# <min> <max>
6	117

[block]
# block no. 0 follows, 81 sequences, length 6
# corresponding to MSA columns:
# 118-123
name=unknown_A
#
# <colnr> <probs for GDERKNQSTAVLIFYWHMCP>
#	G	D	E	R	K	N	Q	S	T	A	V	L	I	F	Y	W	H	M	C	P
0	0.00515	0.00437	0.00596	0.00711	0.14613	0.00401	0.02728	0.00635	0.00786	0.01023	0.11468	0.16621	0.41894	0.00770	0.00400	0.00118	0.00232	0.02937	0.02775	0.00342
1	0.00746	0.00883	0.15220	0.32389	0.37895	0.00776	0.01022	0.00990	0.00740	0.01042	0.00654	0.00878	0.00513	0.00329	0.00336	0.00107	0.00434	0.00299	0.04274	0.00472
2	0.05273	0.00630	0.00814	0.27248	0.01292	0.06703	0.02490	0.03416	0.02679	0.20625	0.01139	0.15591	0.01024	0.00552	0.00368	0.00119	0.00363	0.08980	0.00276	0.00419
3	0.00767	0.00554	0.00655	0.00617	0.00761	0.00574	0.00513	0.23226	0.03348	0.03824	0.01786	0.02688	0.16619	0.03908	0.02859	0.00151	0.00324	0.36106	0.00323	0.00396
4	0.01092	0.00803	0.00882	0.00698	0.00922	0.00871	0.00568	0.62035	0.01451	0.01965	0.23560	0.01299	0.01305	0.00493	0.00362	0.00105	0.00322	0.00395	0.00355	0.00517
5	0.00583	0.00457	0.00541	0.00501	0.00616	0.00467	0.00381	0.00960	0.23538	0.01373	0.57836	0.02280	0.07795	0.00653	0.00392	0.00111	0.00193	0.00568	0.00369	0.00383

[dist]
# distance from previous block
# <min> <max>
1	4

[block]
# block no. 1 follows, 81 sequences, length 11
# corresponding to MSA columns:
# 128-138
name=unknown_B
#
# <colnr> <probs for GDERKNQSTAVLIFYWHMCP>
#	G	D	E	R	K	N	Q	S	T	A	V	L	I	F	Y	W	H	M	C	P
0	0.29112	0.00815	0.05862	0.01195	0.29435	0.00868	0.03637	0.00991	0.00656	0.01183	0.00546	0.00732	0.00461	0.00388	0.00506	0.00117	0.22604	0.00269	0.00178	0.00444
1	0.00430	0.00351	0.00380	0.00372	0.00480	0.00301	0.00279	0.00537	0.00838	0.01053	0.25302	0.03127	0.63686	0.00830	0.00408	0.00115	0.00172	0.00701	0.00337	0.00301
2	0.00691	0.01169	0.39605	0.12702	0.13858	0.00736	0.09053	0.00997	0.02338	0.01067	0.02984	0.03626	0.06000	0.00413	0.00356	0.00113	0.00446	0.03197	0.00185	0.00464
3	0.00550	0.00411	0.00547	0.00527	0.00582	0.00463	0.00390	0.05117	0.00620	0.00866	0.03730	0.03271	0.03730	0.25365	0.47148	0.00413	0.05327	0.00430	0.00212	0.00300
4	0.00844	0.00644	0.00751	0.00552	0.00847	0.00530	0.00444	0.07013	0.05355	0.09106	0.00742	0.00798	0.00578	0.00295	0.00276	0.00064	0.00269	0.00236	0.00243	0.70413
5	0.00690	0.05180	0.79142	0.00943	0.01428	0.00804	0.01207	0.01067	0.00731	0.01076	0.00734	0.00830	0.03968	0.00350	0.00327	0.00108	0.00491	0.00272	0.00153	0.00499
6	0.00704	0.00597	0.00638	0.00585	0.00746	0.00654	0.00451	0.01362	0.53779	0.01326	0.15108	0.01928	0.19499	0.00593	0.00372	0.00116	0.00235	0.00500	0.00349	0.00457
7	0.00611	0.00471	0.00635	0.00713	0.06118	0.00495	0.00547	0.03020	0.11488	0.01074	0.01585	0.08901	0.03618	0.01089	0.13291	0.00205	0.00399	0.45081	0.00294	0.00364
8	0.00823	0.50549	0.38450	0.00762	0.01151	0.01121	0.00889	0.01060	0.00714	0.00935	0.00541	0.00630	0.00441	0.00310	0.00268	0.00089	0.00431	0.00215	0.00147	0.00473
9	0.26520	0.05304	0.43717	0.00816	0.01188	0.08536	0.04664	0.01112	0.00721	0.03664	0.00591	0.00686	0.00436	0.00328	0.00293	0.00105	0.00441	0.00239	0.00178	0.00459
10	0.37661	0.00831	0.00845	0.00695	0.00929	0.09496	0.08811	0.10593	0.15199	0.10598	0.00800	0.00824	0.00588	0.00369	0.00295	0.00107	0.00351	0.00278	0.00268	0.00462

[dist]
# distance from previous block
# <min> <max>
0	2

[block]
# block no. 2 follows, 81 sequences, length 47
# corresponding to MSA columns:
# 141-187
name=unknown_C
#
# <colnr> <probs for GDERKNQSTAVLIFYWHMCP>
#	G	D	E	R	K	N	Q	S	T	A	V	L	I	F	Y	W	H	M	C	P
0	0.00737	0.00701	0.01183	0.50193	0.35484	0.00799	0.00992	0.00951	0.00723	0.00979	0.00623	0.00889	0.00495	0.00340	0.00372	0.00111	0.03513	0.00307	0.00160	0.00449
1	0.00811	0.00619	0.00757	0.00545	0.00849	0.00476	0.02402	0.00966	0.00749	0.10557	0.00699	0.00773	0.00550	0.00276	0.00270	0.00059	0.00268	0.00225	0.00229	0.77922
2	0.00773	0.00737	0.01253	0.36673	0.51796	0.00799	0.01019	0.00988	0.00748	0.01029	0.00635	0.00882	0.00512	0.00323	0.00343	0.00108	0.00431	0.00307	0.00164	0.00481
3	0.00561	0.08727	0.17656	0.00589	0.00767	0.00534	0.00553	0.00773	0.06268	0.01022	0.10532	0.31713	0.13950	0.00744	0.00386	0.00121	0.00280	0.04180	0.00278	0.00367
4	0.63352	0.00703	0.00736	0.00734	0.10788	0.01680	0.05875	0.03000	0.00666	0.02703	0.00581	0.01923	0.00465	0.00341	0.00269	0.00107	0.01934	0.00240	0.03498	0.00406
5	0.90299	0.00668	0.00508	0.00454	0.00668	0.00775	0.00374	0.01015	0.00588	0.01550	0.00481	0.00561	0.00374	0.00321	0.00214	0.00107	0.00267	0.00187	0.00214	0.00374
6	0.00421	0.00302	0.00399	0.00477	0.00500	0.00281	0.00319	0.00481	0.00665	0.00883	0.01950	0.85217	0.04672	0.01076	0.00440	0.00140	0.00200	0.00975	0.00321	0.00281
7	0.00951	0.01026	0.00784	0.00762	0.00900	0.41448	0.00608	0.06431	0.00932	0.01013	0.01150	0.04811	0.01172	0.00639	0.00389	0.00122	0.00464	0.35772	0.00253	0.00374
8	0.00924	0.88067	0.01810	0.00591	0.00887	0.01367	0.00591	0.01034	0.00702	0.00813	0.00480	0.00554	0.00443	0.00296	0.00222	0.00074	0.00369	0.00185	0.00148	0.00443
9	0.00709	0.00606	0.00708	0.00511	0.00811	0.00456	0.00407	0.00860	0.00715	0.01120	0.00646	0.02881	0.00556	0.00276	0.00260	0.00053	0.00254	0.00224	0.00208	0.87738
10	0.00648	0.00601	0.01005	0.70459	0.09835	0.00723	0.00904	0.00858	0.00697	0.00905	0.00748	0.09709	0.00653	0.00417	0.00355	0.00117	0.00430	0.00376	0.00172	0.00388
11	0.00588	0.00557	0.01058	0.00878	0.01032	0.00524	0.33361	0.00748	0.00734	0.00984	0.01424	0.46120	0.01567	0.00760	0.00431	0.00133	0.00361	0.08122	0.00263	0.00357
12	0.90299	0.00668	0.00508	0.00454	0.00668	0.00775	0.00374	0.01015	0.00588	0.01550	0.00481	0.00561	0.00374	0.00321	0.00214	0.00107	0.00267	0.00187	0.00214	0.00374
13	0.00853	0.00661	0.00732	0.00625	0.00804	0.00718	0.00493	0.24579	0.29558	0.01620	0.29578	0.01584	0.01652	0.00528	0.00364	0.00108	0.00263	0.00442	0.02633	0.02205
14	0.00432	0.00359	0.00379	0.00375	0.00486	0.00311	0.00281	0.00553	0.03018	0.01010	0.15080	0.05618	0.69208	0.00846	0.00408	0.00116	0.00177	0.00713	0.00330	0.00303
15	0.00908	0.75238	0.11617	0.00647	0.00963	0.04019	0.00674	0.01052	0.00714	0.00847	0.00498	0.00577	0.00443	0.00301	0.00237	0.00079	0.00394	0.00194	0.00149	0.00450
16	0.00652	0.00614	0.01036	0.87029	0.02379	0.00768	0.00959	0.00883	0.00691	0.00883	0.00614	0.00921	0.00461	0.00345	0.00345	0.00115	0.00461	0.00307	0.00154	0.00384
17	0.02534	0.03884	0.01126	0.05344	0.01189	0.32376	0.15463	0.10631	0.13405	0.01149	0.00816	0.01046	0.00676	0.02660	0.00391	0.00112	0.01379	0.05147	0.00229	0.00445
18	0.14239	0.00537	0.00594	0.00541	0.00655	0.00587	0.00405	0.17399	0.05130	0.02108	0.00995	0.08062	0.00974	0.22923	0.13989	0.06506	0.00407	0.03346	0.00251	0.00351
19	0.00780	0.00762	0.01149	0.40587	0.34652	0.06398	0.00943	0.02536	0.00765	0.01003	0.00720	0.00989	0.02692	0.00365	0.00366	0.00110	0.02620	0.01941	0.00173	0.00449
20	0.00644	0.00322	0.00322	0.00322	0.00402	0.00322	0.00241	0.00805	0.00724	0.01288	0.01127	0.01288	0.00885	0.00402	0.00241	0.00080	0.00161	0.00322	0.89777	0.00322
21	0.00883	0.00898	0.07206	0.01319	0.10089	0.00791	0.53006	0.03227	0.00842	0.10493	0.00850	0.02987	0.00673	0.00365	0.00392	0.00116	0.00501	0.04664	0.00215	0.00482
22	0.00859	0.00742	0.00781	0.00703	0.00898	0.00859	0.00547	0.01836	0.85080	0.01445	0.01406	0.01289	0.01055	0.00469	0.00352	0.00117	0.00273	0.00391	0.00352	0.00547
23	0.00644	0.00322	0.00322	0.00322	0.00402	0.00322	0.00241	0.00805	0.00724	0.01288	0.01127	0.01288	0.00885	0.00402	0.00241	0.00080	0.00161	0.00322	0.89777	0.00322
24	0.22253	0.04233	0.09289	0.00759	0.04686	0.02964	0.07046	0.04400	0.06140	0.31416	0.00938	0.02948	0.00671	0.00387	0.00315	0.00107	0.00348	0.00310	0.00291	0.00498
25	0.35902	0.01251	0.41661	0.00808	0.01175	0.03036	0.07980	0.01082	0.00692	0.02700	0.00582	0.00685	0.00427	0.00325	0.00290	0.00108	0.00420	0.00242	0.00181	0.00452
26	0.31606	0.12973	0.00919	0.00669	0.00890	0.30376	0.00542	0.08150	0.03546	0.06564	0.00613	0.00666	0.00478	0.00349	0.00272	0.00096	0.00415	0.00226	0.00221	0.00429
27	0.00556	0.00432	0.00625	0.00639	0.00739	0.00425	0.05241	0.00707	0.00787	0.01032	0.05623	0.07739	0.10975	0.00874	0.00474	0.00145	0.02831	0.56962	0.00305	0.02894
28	0.06743	0.00947	0.01009	0.00889	0.06586	0.16522	0.08371	0.17298	0.23424	0.13228	0.00957	0.00956	0.00701	0.00396	0.00338	0.00106	0.00398	0.00322	0.00292	0.00515
29	0.00773	0.13478	0.60624	0.00883	0.01312	0.03119	0.01063	0.05890	0.03781	0.01136	0.04361	0.00809	0.00593	0.00351	0.00318	0.00104	0.00463	0.00269	0.00176	0.00496
30	0.00644	0.00322	0.00322	0.00322	0.00402	0.00322	0.00241	0.00805	0.00724	0.01288	0.01127	0.01288	0.00885	0.00402	0.00241	0.00080	0.00161	0.00322	0.89777	0.00322
31	0.00720	0.00614	0.00712	0.00515	0.00815	0.00471	0.00411	0.00900	0.03411	0.01138	0.00647	0.00743	0.00535	0.00265	0.00259	0.00054	0.00255	0.00212	0.01570	0.85753
32	0.90299	0.00668	0.00508	0.00454	0.00668	0.00775	0.00374	0.01015	0.00588	0.01550	0.00481	0.00561	0.00374	0.00321	0.00214	0.00107	0.00267	0.00187	0.00214	0.00374
33	0.00756	0.00756	0.01058	0.00907	0.00907	0.01058	0.00756	0.00831	0.00529	0.00831	0.00453	0.00756	0.00453	0.00605	0.01134	0.00151	0.87227	0.00302	0.00151	0.00378
34	0.00502	0.00335	0.00377	0.00377	0.00377	0.00335	0.00209	0.00502	0.00502	0.00670	0.01088	0.02261	0.01256	0.87859	0.01758	0.00335	0.00335	0.00502	0.00209	0.00209
35	0.84630	0.00663	0.00527	0.00465	0.00682	0.00758	0.00383	0.01058	0.00614	0.06941	0.00537	0.00600	0.00405	0.00328	0.00222	0.00107	0.00269	0.00197	0.00227	0.00388
36	0.00756	0.00756	0.01058	0.00907	0.00907	0.01058	0.00756	0.00831	0.00529	0.00831	0.00453	0.00756	0.00453	0.00605	0.01134	0.00151	0.87227	0.00302	0.00151	0.00378
37	0.00414	0.00349	0.00359	0.00363	0.00475	0.00295	0.00273	0.00504	0.00788	0.00945	0.05493	0.06225	0.78638	0.00880	0.00411	0.00118	0.00179	0.02675	0.00322	0.00293
38	0.00744	0.20996	0.67310	0.00897	0.01360	0.00928	0.01124	0.01081	0.00723	0.01031	0.00589	0.00690	0.00439	0.00321	0.00304	0.00101	0.00479	0.00240	0.00146	0.00496
39	0.00421	0.00301	0.00401	0.00481	0.00501	0.00281	0.00321	0.00481	0.00661	0.00882	0.01904	0.87634	0.02285	0.01082	0.00441	0.00140	0.00200	0.00982	0.00321	0.00281
40	0.01476	0.00603	0.00807	0.00625	0.00879	0.00545	0.00515	0.05226	0.02256	0.76213	0.04005	0.01197	0.00913	0.00441	0.00369	0.00108	0.02477	0.00354	0.00414	0.00574
41	0.00858	0.00786	0.01265	0.12169	0.61895	0.00820	0.00967	0.03532	0.10380	0.02827	0.00751	0.00918	0.00602	0.00336	0.00344	0.00106	0.00398	0.00318	0.00199	0.00529
42	0.02867	0.00614	0.00714	0.00514	0.00817	0.00470	0.00412	0.00902	0.00723	0.04139	0.00637	0.00729	0.00521	0.00263	0.00258	0.00054	0.00257	0.00209	0.00213	0.84685
43	0.00489	0.00353	0.00462	0.00435	0.00516	0.00326	0.00326	0.00652	0.00978	0.01385	0.85522	0.02581	0.03260	0.00706	0.00407	0.00109	0.00163	0.00625	0.00380	0.00326
44	0.00499	0.00341	0.00410	0.00412	0.00424	0.00352	0.00253	0.00523	0.00515	0.00698	0.01071	0.03436	0.01199	0.70564	0.17566	0.00373	0.00443	0.00485	0.00207	0.00229
45	0.00756	0.00756	0.01058	0.00907	0.00907	0.01058	0.00756	0.00831	0.00529	0.00831	0.00453	0.00756	0.00453	0.00605	0.01134	0.00151	0.87227	0.00302	0.00151	0.00378
46	0.00510	0.00415	0.00498	0.00438	0.00581	0.00355	0.02299	0.00655	0.02059	0.01144	0.31909	0.02491	0.37067	0.00681	0.00378	0.00102	0.00195	0.00582	0.01993	0.15647

[dist]
# distance from previous block
# <min> <max>
0	7

[block]
# block no. 3 follows, 81 sequences, length 23
# corresponding to MSA columns:
# 195-217
name=unknown_D
#
# <colnr> <probs for GDERKNQSTAVLIFYWHMCP>
#	G	D	E	R	K	N	Q	S	T	A	V	L	I	F	Y	W	H	M	C	P
0	0.87462	0.00666	0.00514	0.00456	0.00673	0.00765	0.00375	0.01011	0.00592	0.01537	0.00485	0.00566	0.00378	0.00319	0.00215	0.00105	0.00267	0.00188	0.00213	0.03212
1	0.00502	0.00337	0.00385	0.00385	0.00388	0.00339	0.00220	0.00508	0.00505	0.00676	0.01081	0.02219	0.01238	0.83942	0.05651	0.00345	0.00362	0.00496	0.00208	0.00214
2	0.00424	0.00331	0.00386	0.00418	0.00492	0.00293	0.00300	0.00509	0.00751	0.00951	0.09316	0.37648	0.42673	0.00948	0.00424	0.00127	0.00189	0.03205	0.00325	0.00291
3	0.04447	0.00735	0.00850	0.00855	0.12623	0.04826	0.01533	0.10843	0.31425	0.07732	0.15068	0.01329	0.02457	0.00462	0.00350	0.00108	0.00306	0.00389	0.00315	0.03347
4	0.00844	0.00809	0.01381	0.06942	0.80973	0.00818	0.01054	0.01050	0.00781	0.01115	0.00648	0.00859	0.00542	0.00310	0.00342	0.00103	0.00413	0.00308	0.00170	0.00538
5	0.00615	0.00499	0.00539	0.00498	0.00640	0.00508	0.00382	0.03725	0.27606	0.02552	0.19500	0.02411	0.37802	0.00689	0.00387	0.00115	0.00212	0.00581	0.00345	0.00394
6	0.00688	0.00626	0.00992	0.01424	0.50057	0.00612	0.00766	0.00853	0.00785	0.01068	0.03905	0.07719	0.18468	0.00564	0.00380	0.00115	0.00330	0.09972	0.00235	0.00443
7	0.00855	0.00821	0.01402	0.02120	0.85704	0.00821	0.01060	0.01060	0.00787	0.01129	0.00650	0.00855	0.00547	0.00308	0.00342	0.00103	0.00410	0.00308	0.00171	0.00547
8	0.00482	0.00365	0.00423	0.00423	0.00520	0.00330	0.00315	0.00624	0.04138	0.03118	0.25784	0.16925	0.41302	0.00838	0.00412	0.00119	0.00187	0.03037	0.00341	0.00317
9	0.00460	0.00304	0.00387	0.00453	0.00484	0.00288	0.00307	0.00537	0.00672	0.00953	0.01769	0.72607	0.02041	0.00964	0.00406	0.00130	0.00194	0.00867	0.15889	0.00288
10	0.00676	0.01296	0.50476	0.37002	0.01865	0.00788	0.01144	0.01006	0.00713	0.01006	0.00617	0.00810	0.00447	0.00335	0.00335	0.00112	0.00490	0.00277	0.00149	0.00457
11	0.00714	0.00449	0.00468	0.00436	0.00555	0.00468	0.00339	0.10016	0.10994	0.01355	0.01412	0.01568	0.09989	0.00486	0.00294	0.00095	0.00207	0.03919	0.55861	0.00375
12	0.00506	0.00387	0.02290	0.00445	0.00540	0.00337	0.00345	0.00667	0.00955	0.02885	0.75525	0.03993	0.08397	0.00710	0.00405	0.00110	0.00174	0.00624	0.00371	0.00332
13	0.00644	0.00322	0.00322	0.00322	0.00402	0.00322	0.00241	0.00805	0.00724	0.01288	0.01127	0.01288	0.00885	0.00402	0.00241	0.00080	0.00161	0.00322	0.89777	0.00322
14	0.00580	0.00467	0.00591	0.00569	0.00595	0.02032	0.00426	0.00643	0.00604	0.00830	0.06442	0.05519	0.01315	0.37113	0.05892	0.01430	0.20365	0.14077	0.00226	0.00284
15	0.00812	0.00893	0.04250	0.00764	0.00880	0.24109	0.04587	0.02876	0.02715	0.00880	0.00733	0.01072	0.00676	0.09439	0.27449	0.00272	0.16718	0.00326	0.00185	0.00365
16	0.00644	0.00322	0.00322	0.00322	0.00402	0.00322	0.00241	0.00805	0.00724	0.01288	0.01127	0.01288	0.00885	0.00402	0.00241	0.00080	0.00161	0.00322	0.89777	0.00322
17	0.43136	0.00803	0.00769	0.00625	0.00863	0.00906	0.00515	0.41907	0.01094	0.01827	0.00669	0.00724	0.00498	0.00457	0.03725	0.00123	0.00349	0.00255	0.00277	0.00476
18	0.00809	0.00770	0.01308	0.11799	0.71665	0.00786	0.01010	0.01009	0.00769	0.01087	0.00711	0.05402	0.00628	0.00353	0.00348	0.00106	0.00405	0.00343	0.00177	0.00514
19	0.00434	0.00319	0.00408	0.00463	0.00508	0.00293	0.00324	0.00515	0.00725	0.00958	0.12368	0.60946	0.14605	0.01000	0.00434	0.00134	0.00198	0.04751	0.00328	0.00290
20	0.00540	0.00439	0.00652	0.00878	0.20554	0.00428	0.00508	0.00663	0.03104	0.00961	0.01593	0.62149	0.01832	0.00879	0.00416	0.00131	0.00256	0.03381	0.00286	0.00352
21	0.04336	0.00452	0.02046	0.00500	0.00633	0.00404	0.00390	0.03285	0.00893	0.21183	0.33092	0.20485	0.07832	0.00697	0.00387	0.00115	0.00219	0.00605	0.02059	0.00388
22	0.02912	0.65747	0.02849	0.00666	0.02449	0.06916	0.00616	0.10987	0.00834	0.02517	0.00546	0.00611	0.00468	0.00317	0.00248	0.00081	0.00387	0.00208	0.00180	0.00462

[dist]
# distance from previous block
# <min> <max>
2	4

[block]
# block no. 4 follows, 81 sequences, length 7
# corresponding to MSA columns:
# 222-228
name=unknown_E
#
# <colnr> <probs for GDERKNQSTAVLIFYWHMCP>
#	G	D	E	R	K	N	Q	S	T	A	V	L	I	F	Y	W	H	M	C	P
0	0.01111	0.34558	0.01304	0.00758	0.00977	0.34848	0.00640	0.08855	0.00890	0.04017	0.00563	0.00648	0.00473	0.00364	0.00359	0.00091	0.08688	0.00228	0.00188	0.00439
1	0.00756	0.00786	0.10598	0.00696	0.04283	0.00572	0.04787	0.07001	0.00790	0.01188	0.00688	0.04221	0.00582	0.00313	0.00289	0.00071	0.00314	0.00264	0.00210	0.61593
2	0.00883	0.06269	0.07177	0.14056	0.28307	0.03947	0.08944	0.03136	0.02568	0.10946	0.03516	0.05153	0.00765	0.00399	0.00350	0.00108	0.00410	0.02363	0.00221	0.00481
3	0.00497	0.00350	0.00441	0.00458	0.00509	0.00340	0.00333	0.00571	0.00690	0.00917	0.15618	0.08971	0.13646	0.26333	0.07188	0.05827	0.00312	0.16452	0.00277	0.00270
4	0.00922	0.03505	0.05540	0.11599	0.22269	0.03943	0.03074	0.04436	0.02635	0.19174	0.03168	0.11231	0.04579	0.00484	0.00358	0.00111	0.00362	0.01875	0.00264	0.00473
5	0.00883	0.18959	0.25817	0.00945	0.01286	0.07649	0.22541	0.01124	0.00796	0.09112	0.03588	0.04364	0.00672	0.00367	0.00335	0.00103	0.00464	0.00329	0.00198	0.00468
6	0.01000	0.00505	0.00653	0.00608	0.05935	0.00450	0.00445	0.01152	0.04105	0.41397	0.05652	0.06184	0.29221	0.00615	0.00375	0.00112	0.00251	0.00517	0.00366	0.00459

[dist]
# distance from previous block
# <min> <max>
6	9

[block]
# block no. 5 follows, 81 sequences, length 21
# corresponding to MSA columns:
# 238-258
name=unknown_F
#
# <colnr> <probs for GDERKNQSTAVLIFYWHMCP>
#	G	D	E	R	K	N	Q	S	T	A	V	L	I	F	Y	W	H	M	C	P
0	0.00794	0.00771	0.01352	0.26254	0.54867	0.00810	0.08087	0.01014	0.00762	0.01057	0.00644	0.00880	0.00521	0.00317	0.00349	0.00107	0.00439	0.00316	0.00166	0.00494
1	0.00800	0.00731	0.01202	0.29259	0.37604	0.02231	0.05911	0.01018	0.02267	0.05036	0.05859	0.01000	0.00701	0.00367	0.00388	0.00110	0.04520	0.00334	0.00193	0.00467
2	0.00657	0.00624	0.01066	0.84446	0.02362	0.00771	0.03480	0.00889	0.00695	0.00889	0.00617	0.00921	0.00462	0.00344	0.00347	0.00115	0.00464	0.00310	0.00154	0.00386
3	0.00486	0.00344	0.00448	0.00471	0.00496	0.00335	0.02416	0.00533	0.00602	0.00800	0.01463	0.34010	0.01699	0.43905	0.01095	0.00238	0.00290	0.09854	0.00262	0.00254
4	0.03332	0.16186	0.07874	0.00840	0.05035	0.15009	0.05180	0.10322	0.12395	0.14492	0.00844	0.00906	0.00641	0.00389	0.00350	0.00102	0.03650	0.01704	0.00253	0.00494
5	0.00923	0.00584	0.00870	0.09715	0.08659	0.00625	0.04039	0.01053	0.00758	0.26745	0.06360	0.02701	0.00972	0.11980	0.05002	0.00170	0.14921	0.03223	0.00270	0.00429
6	0.00472	0.00362	0.00435	0.00424	0.00520	0.00328	0.00324	0.00623	0.02351	0.01204	0.49506	0.02912	0.31720	0.00779	0.00412	0.00115	0.00180	0.06660	0.00355	0.00317
7	0.00600	0.00350	0.00520	0.00509	0.00545	0.00378	0.00371	0.00576	0.00516	0.04192	0.00758	0.01171	0.00712	0.01708	0.35194	0.48615	0.02543	0.00330	0.00175	0.00236
8	0.00917	0.22139	0.20058	0.14193	0.08304	0.03635	0.03941	0.05527	0.03493	0.11543	0.00745	0.02757	0.00576	0.00359	0.00315	0.00101	0.00418	0.00290	0.00207	0.00482
9	0.00511	0.00437	0.05226	0.00543	0.00611	0.00384	0.00423	0.00608	0.00693	0.03972	0.05630	0.57568	0.06746	0.01005	0.03644	0.00152	0.06014	0.05217	0.00301	0.00317
10	0.00778	0.00423	0.00442	0.00400	0.00517	0.00433	0.00311	0.12300	0.00860	0.05410	0.01097	0.01220	0.00843	0.00405	0.00261	0.00085	0.00197	0.00322	0.73323	0.00371
11	0.00856	0.00810	0.01361	0.08550	0.76231	0.00826	0.01038	0.04121	0.00810	0.01148	0.00654	0.00859	0.00542	0.00315	0.00342	0.00104	0.00413	0.00308	0.00176	0.00536
12	0.20003	0.12148	0.00943	0.00775	0.09615	0.00883	0.00570	0.12187	0.26654	0.06736	0.03994	0.00963	0.00775	0.00393	0.00304	0.00104	0.00310	0.00304	0.00279	0.02058
13	0.00800	0.00760	0.01276	0.06648	0.72067	0.00764	0.00973	0.00998	0.00790	0.01116	0.04878	0.01084	0.05593	0.00362	0.00349	0.00104	0.00388	0.00347	0.00189	0.00513
14	0.00893	0.00855	0.00868	0.03446	0.13406	0.20196	0.00660	0.13215	0.07284	0.01183	0.01176	0.07921	0.02980	0.00594	0.00390	0.00120	0.01316	0.22807	0.00265	0.00426
15	0.00556	0.04132	0.05325	0.06253	0.00753	0.02971	0.00457	0.00743	0.05486	0.01081	0.24760	0.02415	0.35179	0.00693	0.00423	0.00115	0.04355	0.03658	0.00298	0.00348
16	0.00644	0.00322	0.00322	0.00322	0.00402	0.00322	0.00241	0.00805	0.00724	0.01288	0.01127	0.01288	0.00885	0.00402	0.00241	0.00080	0.00161	0.00322	0.89777	0.00322
17	0.00738	0.12168	0.64159	0.00882	0.01322	0.00821	0.02496	0.01068	0.00747	0.04543	0.02693	0.00915	0.05243	0.00366	0.00324	0.00105	0.00459	0.00288	0.00173	0.00488
18	0.26813	0.00796	0.03943	0.00646	0.00883	0.07868	0.02949	0.07645	0.14054	0.18906	0.00978	0.01049	0.02468	0.00409	0.00309	0.00106	0.00330	0.03704	0.00289	0.05854
19	0.25680	0.45721	0.08785	0.00613	0.00897	0.05840	0.00596	0.04192	0.00731	0.03529	0.00534	0.00603	0.00441	0.00317	0.00242	0.00089	0.00366	0.00203	0.00183	0.00437
20	0.02976	0.26248	0.23781	0.00671	0.00965	0.03480	0.00694	0.01034	0.04984	0.05732	0.13896	0.04480	0.02493	0.00425	0.00309	0.00096	0.00353	0.00334	0.00225	0.06824

[dist]
# distance from previous block
# <min> <max>
8	29

[block]
# block no. 6 follows, 81 sequences, length 12
# corresponding to MSA columns:
# 288-299
name=unknown_G
#
# <colnr> <probs for GDERKNQSTAVLIFYWHMCP>
#	G	D	E	R	K	N	Q	S	T	A	V	L	I	F	Y	W	H	M	C	P
0	0.00667	0.00608	0.02562	0.10383	0.22242	0.00577	0.05350	0.00855	0.01880	0.02214	0.16725	0.02882	0.12295	0.00508	0.00379	0.00106	0.02034	0.04734	0.01790	0.11210
1	0.33584	0.00772	0.03567	0.02001	0.07953	0.04172	0.00545	0.17026	0.00877	0.01475	0.05496	0.02214	0.00711	0.00386	0.00291	0.00099	0.00319	0.03380	0.00244	0.14887
2	0.00763	0.00717	0.01020	0.13572	0.03045	0.00947	0.00755	0.03163	0.00624	0.02750	0.03991	0.00867	0.00586	0.00542	0.00900	0.00137	0.61581	0.00314	0.00175	0.03550
3	0.69126	0.08167	0.00656	0.00495	0.00712	0.00803	0.00417	0.05062	0.00681	0.04467	0.02853	0.00785	0.00550	0.00363	0.00241	0.00106	0.00282	0.03607	0.00231	0.00394
4	0.90299	0.00668	0.00508	0.00454	0.00668	0.00775	0.00374	0.01015	0.00588	0.01550	0.00481	0.00561	0.00374	0.00321	0.00214	0.00107	0.00267	0.00187	0.00214	0.00374
5	0.00644	0.00322	0.00322	0.00322	0.00402	0.00322	0.00241	0.00805	0.00724	0.01288	0.01127	0.01288	0.00885	0.00402	0.00241	0.00080	0.00161	0.00322	0.89777	0.00322
6	0.90299	0.00668	0.00508	0.00454	0.00668	0.00775	0.00374	0.01015	0.00588	0.01550	0.00481	0.00561	0.00374	0.00321	0.00214	0.00107	0.00267	0.00187	0.00214	0.00374
7	0.00970	0.01054	0.01011	0.33687	0.01537	0.34217	0.00788	0.04870	0.00827	0.03061	0.00586	0.00781	0.00469	0.00396	0.00458	0.00110	0.14320	0.00275	0.00178	0.00404
8	0.00755	0.02487	0.01913	0.00605	0.00747	0.04054	0.02061	0.02101	0.12898	0.12345	0.12543	0.02693	0.07426	0.01219	0.28547	0.00256	0.03364	0.01466	0.00280	0.02240
9	0.00830	0.00935	0.01903	0.01469	0.08944	0.03470	0.70586	0.01097	0.00804	0.01087	0.00677	0.00907	0.00520	0.00310	0.00435	0.00116	0.04880	0.00388	0.00173	0.00467
10	0.00720	0.00626	0.00746	0.00546	0.00826	0.00512	0.00439	0.00867	0.00700	0.01100	0.00600	0.00720	0.00507	0.00286	0.00331	0.00060	0.07726	0.00213	0.00200	0.82276
11	0.00938	0.14950	0.03308	0.08789	0.07322	0.08802	0.05748	0.15245	0.19705	0.02931	0.03713	0.02672	0.03563	0.00416	0.00333	0.00104	0.00383	0.00341	0.00255	0.00483

[dist]
# distance from previous block
# <min> <max>
0	1

[block]
# block no. 7 follows, 81 sequences, length 13
# corresponding to MSA columns:
# 301-313
name=unknown_H
#
# <colnr> <probs for GDERKNQSTAVLIFYWHMCP>
#	G	D	E	R	K	N	Q	S	T	A	V	L	I	F	Y	W	H	M	C	P
0	0.00448	0.00347	0.00407	0.00405	0.00494	0.00315	0.00299	0.00548	0.00791	0.01024	0.25497	0.08496	0.44632	0.03282	0.08470	0.03018	0.00251	0.00665	0.00316	0.00295
1	0.00666	0.00628	0.01061	0.81332	0.07970	0.00771	0.00966	0.00895	0.00697	0.00899	0.00616	0.00917	0.00466	0.00343	0.00345	0.00114	0.00457	0.00307	0.00155	0.00395
2	0.00813	0.00743	0.01320	0.34937	0.35382	0.00789	0.13640	0.01036	0.00766	0.06227	0.00687	0.00912	0.00529	0.00327	0.00354	0.00110	0.00449	0.00325	0.00180	0.00474
3	0.04496	0.12400	0.18500	0.00923	0.11663	0.03815	0.05014	0.11377	0.08680	0.04718	0.13127	0.01102	0.01898	0.00409	0.00332	0.00103	0.00376	0.00339	0.00246	0.00481
4	0.63066	0.00660	0.00657	0.00543	0.00777	0.00710	0.04400	0.01193	0.00703	0.23386	0.00720	0.00738	0.00506	0.00347	0.00258	0.00107	0.00289	0.00239	0.00267	0.00434
5	0.00426	0.00312	0.00401	0.00467	0.00504	0.00287	0.00321	0.00496	0.00692	0.00908	0.04357	0.70430	0.14164	0.01038	0.00437	0.00137	0.00200	0.03817	0.00322	0.00285
6	0.00868	0.17775	0.14912	0.02425	0.22860	0.00929	0.16502	0.04406	0.09962	0.03654	0.00739	0.00855	0.00575	0.00333	0.00329	0.00102	0.00428	0.00305	0.01539	0.00503
7	0.00430	0.00314	0.00407	0.00471	0.00508	0.00290	0.00326	0.00505	0.00703	0.00928	0.07686	0.68824	0.11394	0.01028	0.00437	0.00136	0.00201	0.04799	0.00325	0.00287
8	0.00645	0.00522	0.00626	0.00661	0.07528	0.03072	0.00452	0.03061	0.18236	0.01065	0.11610	0.03235	0.12569	0.10017	0.12057	0.09173	0.00368	0.04472	0.00272	0.00361
9	0.26093	0.00667	0.05914	0.00583	0.00831	0.00593	0.00504	0.01376	0.02966	0.48435	0.03799	0.05068	0.00845	0.00432	0.00315	0.00109	0.00291	0.00337	0.00342	0.00500
10	0.00887	0.01141	0.30979	0.01029	0.09179	0.00815	0.11987	0.10108	0.18054	0.08173	0.03575	0.00988	0.00724	0.00379	0.00351	0.00110	0.00420	0.00333	0.00245	0.00524
11	0.00580	0.00337	0.00470	0.00464	0.00487	0.00347	0.00318	0.00558	0.04534	0.00743	0.08683	0.01370	0.00971	0.10773	0.10241	0.58005	0.00356	0.00364	0.00191	0.00209
12	0.00848	0.06918	0.07540	0.01779	0.64546	0.00861	0.00988	0.01145	0.09870	0.01138	0.00717	0.00872	0.00587	0.00326	0.00334	0.00103	0.00400	0.00304	0.00187	0.00537

[dist]
# distance from previous block
# <min> <max>
7	16

[block]
# block no. 8 follows, 81 sequences, length 57
# corresponding to MSA columns:
# 330-386
name=unknown_I
#
# <colnr> <probs for GDERKNQSTAVLIFYWHMCP>
#	G	D	E	R	K	N	Q	S	T	A	V	L	I	F	Y	W	H	M	C	P
0	0.00742	0.05245	0.34322	0.00792	0.05596	0.00664	0.00796	0.01020	0.03527	0.03789	0.05695	0.00865	0.00673	0.00328	0.00302	0.00085	0.00366	0.00265	0.00199	0.34728
1	0.00762	0.07397	0.39797	0.11792	0.31407	0.00845	0.01113	0.01052	0.00743	0.01061	0.00620	0.00785	0.00480	0.00321	0.00328	0.00105	0.00459	0.00275	0.00156	0.00503
2	0.00818	0.02644	0.03820	0.09714	0.61144	0.00817	0.06775	0.01072	0.05207	0.01107	0.00720	0.03313	0.00608	0.00341	0.00347	0.00106	0.00416	0.00334	0.00182	0.00516
3	0.00616	0.00612	0.04239	0.29597	0.17010	0.00606	0.03213	0.00820	0.02998	0.00999	0.04872	0.01830	0.27198	0.00540	0.00373	0.00114	0.00346	0.03395	0.00229	0.00393
4	0.00642	0.00510	0.00637	0.00571	0.00706	0.04377	0.05766	0.00835	0.07110	0.06221	0.24876	0.23638	0.08974	0.00694	0.00388	0.00112	0.00252	0.02795	0.00317	0.10577
5	0.00423	0.00320	0.00386	0.00433	0.00485	0.00288	0.00297	0.00493	0.00706	0.00908	0.05524	0.53795	0.28774	0.04875	0.00488	0.00140	0.00197	0.00867	0.00318	0.00283
6	0.00993	0.00824	0.00856	0.00722	0.00948	0.03267	0.00573	0.25664	0.53206	0.01619	0.01164	0.01101	0.00868	0.00436	0.00343	0.00108	0.00313	0.00351	0.00336	0.06309
7	0.01075	0.00611	0.00755	0.00573	0.00850	0.00513	0.00464	0.01289	0.07839	0.36714	0.01011	0.01002	0.00722	0.00355	0.00305	0.00082	0.00274	0.01464	0.00312	0.43790
8	0.03764	0.04580	0.54216	0.00971	0.03148	0.00849	0.08626	0.12830	0.01825	0.02736	0.00702	0.02963	0.00528	0.00358	0.00334	0.00109	0.00469	0.00295	0.00191	0.00507
9	0.00660	0.00954	0.26905	0.34467	0.01676	0.00716	0.07210	0.00936	0.01886	0.01000	0.02869	0.01383	0.00782	0.02674	0.00417	0.00126	0.02053	0.12686	0.00187	0.00415
10	0.00890	0.00445	0.00574	0.00489	0.00650	0.00391	0.00385	0.01027	0.00945	0.34474	0.36659	0.02173	0.18214	0.00629	0.00384	0.00110	0.00217	0.00536	0.00387	0.00422
11	0.00544	0.00445	0.00661	0.00633	0.00672	0.00508	0.04975	0.00610	0.00602	0.00841	0.01232	0.40754	0.01389	0.02340	0.14874	0.08638	0.19110	0.00633	0.00236	0.00303
12	0.03477	0.03570	0.35088	0.00881	0.01202	0.29539	0.01812	0.03616	0.10873	0.03878	0.00705	0.00772	0.00531	0.00364	0.00338	0.00103	0.02314	0.00264	0.00198	0.00474
13	0.00436	0.00357	0.00385	0.00380	0.00487	0.00310	0.00284	0.00557	0.02441	0.01047	0.22492	0.05144	0.62805	0.00833	0.00408	0.00115	0.00175	0.00704	0.00335	0.00304
14	0.00479	0.00325	0.00384	0.00407	0.00413	0.00319	0.00242	0.00496	0.00549	0.00732	0.01326	0.27176	0.01556	0.62534	0.01374	0.00278	0.00296	0.00642	0.00242	0.00230
15	0.00814	0.00781	0.01325	0.18120	0.65306	0.00818	0.02271	0.01032	0.01920	0.01078	0.00649	0.00872	0.00535	0.00325	0.00364	0.00107	0.02692	0.00310	0.00170	0.00511
16	0.00815	0.00787	0.01093	0.22045	0.10950	0.06600	0.05052	0.05423	0.04232	0.02460	0.00666	0.04279	0.00580	0.00475	0.00644	0.00126	0.32828	0.00336	0.00187	0.00423
17	0.00434	0.00356	0.00388	0.00403	0.00509	0.00309	0.00313	0.00534	0.00788	0.00958	0.05169	0.06986	0.66736	0.00892	0.00421	0.00124	0.00199	0.13864	0.00322	0.00296
18	0.01176	0.00905	0.00979	0.02876	0.02998	0.02234	0.00643	0.58656	0.19917	0.02729	0.00943	0.00931	0.00685	0.00418	0.00344	0.00106	0.00359	0.00325	0.00334	0.02440
19	0.00858	0.38529	0.18468	0.00697	0.01011	0.03189	0.01667	0.07494	0.04865	0.01082	0.05102	0.00785	0.00642	0.00344	0.00296	0.00087	0.02094	0.00250	0.00193	0.12347
20	0.00814	0.06743	0.61126	0.00967	0.03731	0.04252	0.02320	0.08057	0.00814	0.03463	0.00641	0.00743	0.00467	0.00348	0.00358	0.00108	0.04107	0.00263	0.00173	0.00506
21	0.00844	0.54721	0.29471	0.00727	0.01088	0.01152	0.00814	0.01100	0.05505	0.00941	0.00579	0.00654	0.00476	0.00316	0.00264	0.00088	0.00410	0.00220	0.00159	0.00471
22	0.01578	0.02579	0.00514	0.00464	0.00569	0.00460	0.00351	0.13868	0.00871	0.01260	0.08239	0.21571	0.11681	0.03965	0.00400	0.00116	0.00223	0.02721	0.28218	0.00350
23	0.00710	0.00611	0.05032	0.08035	0.00929	0.02970	0.09070	0.00867	0.05047	0.08847	0.04837	0.07504	0.07583	0.18238	0.05220	0.05126	0.08322	0.00456	0.00239	0.00357
24	0.00615	0.07394	0.00711	0.13647	0.05420	0.02868	0.00491	0.03877	0.01948	0.02284	0.13750	0.11564	0.28953	0.00657	0.00382	0.00112	0.01466	0.00556	0.02946	0.00359
25	0.00447	0.00324	0.00428	0.00499	0.00539	0.00304	0.00361	0.00531	0.00704	0.00928	0.04286	0.63625	0.08227	0.01033	0.00444	0.00141	0.00220	0.16347	0.00322	0.00290
26	0.90299	0.00668	0.00508	0.00454	0.00668	0.00775	0.00374	0.01015	0.00588	0.01550	0.00481	0.00561	0.00374	0.00321	0.00214	0.00107	0.00267	0.00187	0.00214	0.00374
27	0.00486	0.00344	0.00452	0.00514	0.00555	0.00334	0.00384	0.00571	0.00683	0.00898	0.01761	0.38282	0.04156	0.17805	0.00708	0.00184	0.00269	0.31034	0.00298	0.00281
28	0.01117	0.31444	0.05930	0.00777	0.01024	0.36028	0.00676	0.14353	0.00956	0.01057	0.00564	0.00642	0.00467	0.00351	0.00314	0.00089	0.03343	0.00228	0.00191	0.00450
29	0.00868	0.04805	0.24387	0.00731	0.02801	0.06747	0.00710	0.04881	0.00816	0.10841	0.02837	0.02121	0.02843	0.00358	0.00320	0.00087	0.01865	0.00279	0.00223	0.31477
30	0.00828	0.31801	0.12506	0.20026	0.14376	0.01004	0.05326	0.05941	0.00784	0.01026	0.02971	0.00798	0.00554	0.00331	0.00304	0.00097	0.00421	0.00272	0.00172	0.00461
31	0.00548	0.00478	0.03368	0.00546	0.00614	0.04379	0.02592	0.00641	0.00569	0.00776	0.00948	0.01605	0.00958	0.31951	0.48026	0.00431	0.00684	0.00406	0.00192	0.00289
32	0.01513	0.00623	0.00821	0.00632	0.00898	0.00563	0.00521	0.08581	0.03095	0.76912	0.01320	0.01150	0.00838	0.00428	0.00347	0.00107	0.00301	0.00345	0.00419	0.00587
33	0.00663	0.00625	0.01056	0.82424	0.06898	0.00770	0.00965	0.00892	0.00696	0.00896	0.00616	0.00917	0.00465	0.00343	0.00345	0.00114	0.00458	0.00307	0.00154	0.00393
34	0.00716	0.00614	0.00716	0.00512	0.00819	0.00461	0.00409	0.00870	0.00716	0.01126	0.00614	0.00716	0.00512	0.00256	0.00256	0.00051	0.00256	0.00205	0.00205	0.89971
35	0.00777	0.26310	0.59561	0.00867	0.01309	0.00971	0.01063	0.03566	0.00748	0.01046	0.00586	0.00682	0.00444	0.00321	0.00298	0.00099	0.00467	0.00237	0.00152	0.00494
36	0.00600	0.00300	0.00450	0.00450	0.00450	0.00300	0.00300	0.00450	0.00450	0.00600	0.00600	0.01050	0.00600	0.01200	0.01350	0.89949	0.00300	0.00300	0.00150	0.00150
37	0.00550	0.00393	0.00549	0.00629	0.00705	0.00392	0.00545	0.00705	0.00789	0.01027	0.01833	0.07900	0.02002	0.00960	0.00475	0.00158	0.00312	0.79440	0.00318	0.00316
38	0.00424	0.00347	0.00374	0.00374	0.00478	0.00297	0.00278	0.00523	0.00813	0.01012	0.18217	0.08830	0.65119	0.00858	0.00410	0.00117	0.00175	0.00727	0.00332	0.00297
39	0.00526	0.00372	0.00442	0.00457	0.00538	0.01395	0.00334	0.00650	0.02941	0.05519	0.19455	0.34349	0.23487	0.00865	0.00412	0.00124	0.00202	0.04271	0.03339	0.00320
40	0.00862	0.02595	0.00832	0.00718	0.00918	0.01860	0.02726	0.01782	0.79120	0.01414	0.01355	0.01256	0.01019	0.00458	0.00348	0.00115	0.00286	0.00384	0.01413	0.00538
41	0.00503	0.00358	0.00457	0.00431	0.00515	0.00334	0.00324	0.00679	0.02431	0.01373	0.77786	0.02496	0.04504	0.00688	0.00397	0.00107	0.00165	0.00605	0.05517	0.00329
42	0.00426	0.00307	0.00406	0.00483	0.00509	0.00286	0.00329	0.00492	0.00672	0.00890	0.01962	0.80766	0.05469	0.01069	0.00441	0.00140	0.00205	0.04545	0.00321	0.00283
43	0.00741	0.00613	0.00719	0.00515	0.00821	0.00462	0.00412	0.00894	0.00724	0.03655	0.00636	0.00730	0.00522	0.00261	0.00259	0.00053	0.00257	0.00209	0.00211	0.87306
44	0.00486	0.00353	0.00458	0.00432	0.00514	0.00325	0.00324	0.00647	0.00972	0.01370	0.82821	0.02605	0.05970	0.00712	0.00407	0.00109	0.00163	0.00628	0.00378	0.00325
45	0.00716	0.00614	0.00716	0.00512	0.00819	0.00461	0.00409	0.00870	0.00716	0.01126	0.00614	0.00716	0.00512	0.00256	0.00256	0.00051	0.00256	0.00205	0.00205	0.89971
46	0.00716	0.00614	0.00716	0.00512	0.00819	0.00461	0.00409	0.00870	0.00716	0.01126	0.00614	0.00716	0.00512	0.00256	0.00256	0.00051	0.00256	0.00205	0.00205	0.89971
47	0.00614	0.00490	0.00595	0.00505	0.00698	0.00392	0.00381	0.00732	0.00702	0.02285	0.01140	0.33437	0.01220	0.00586	0.00332	0.00088	0.00237	0.02620	0.00254	0.52691
48	0.00956	0.00643	0.00777	0.00581	0.00857	0.00558	0.01982	0.10914	0.02984	0.18380	0.00841	0.00876	0.00626	0.00328	0.00300	0.00074	0.01319	0.00263	0.05692	0.51050
49	0.00489	0.00353	0.00462	0.00435	0.00516	0.00326	0.00326	0.00652	0.00978	0.01385	0.85522	0.02581	0.03260	0.00706	0.00407	0.00109	0.00163	0.00625	0.00380	0.00326
50	0.00652	0.00614	0.01036	0.87029	0.02379	0.00768	0.00959	0.00883	0.00691	0.00883	0.00614	0.00921	0.00461	0.00345	0.00345	0.00115	0.00461	0.00307	0.00154	0.00384
51	0.00716	0.00614	0.00716	0.00512	0.00819	0.00461	0.00409	0.00870	0.00716	0.01126	0.00614	0.00716	0.00512	0.00256	0.00256	0.00051	0.00256	0.00205	0.00205	0.89971
52	0.01399	0.00830	0.00952	0.00730	0.01003	0.00867	0.00603	0.54554	0.01394	0.32501	0.01023	0.00955	0.00684	0.00419	0.00346	0.00105	0.00349	0.00324	0.00375	0.00588
53	0.00447	0.00351	0.00404	0.00391	0.00490	0.00308	0.00293	0.00571	0.00879	0.01150	0.42916	0.02967	0.46012	0.00794	0.00408	0.00113	0.00169	0.00679	0.00349	0.00308
54	0.00941	0.00613	0.00750	0.00615	0.00796	0.00620	0.03104	0.29083	0.01158	0.15084	0.31834	0.06009	0.04491	0.02797	0.00413	0.00115	0.00277	0.00486	0.00360	0.00454
55	0.00555	0.03147	0.00551	0.00544	0.00623	0.00422	0.00441	0.00726	0.05195	0.01056	0.18935	0.04317	0.04336	0.15252	0.00658	0.00171	0.00283	0.42161	0.00309	0.00316
56	0.11142	0.28190	0.01146	0.00679	0.00870	0.16567	0.08525	0.02186	0.00712	0.00924	0.00661	0.00991	0.00629	0.17199	0.06315	0.00168	0.02247	0.00291	0.00181	0.00377

[dist]
# distance from previous block
# <min> <max>
0	7

[block]
# block no. 9 follows, 81 sequences, length 135
# corresponding to MSA columns:
# 394,395,424-469,471-480,484-491,493-504,508-517,523-569
name=unknown_J
#
# <colnr> <probs for GDERKNQSTAVLIFYWHMCP>
#	G	D	E	R	K	N	Q	S	T	A	V	L	I	F	Y	W	H	M	C	P
0	0.37522	0.01138	0.00797	0.00697	0.00906	0.37701	0.00546	0.14760	0.00925	0.01349	0.00560	0.00631	0.00439	0.00351	0.00277	0.00099	0.00439	0.00222	0.00220	0.00420
1	0.00748	0.01399	0.47924	0.01199	0.01636	0.00835	0.39032	0.01100	0.00768	0.01100	0.00656	0.00821	0.00477	0.00311	0.00364	0.00113	0.00543	0.00324	0.00159	0.00490
2	0.00924	0.88067	0.01810	0.00591	0.00887	0.01367	0.00591	0.01034	0.00702	0.00813	0.00480	0.00554	0.00443	0.00296	0.00222	0.00074	0.00369	0.00185	0.00148	0.00443
3	0.00924	0.88067	0.01810	0.00591	0.00887	0.01367	0.00591	0.01034	0.00702	0.00813	0.00480	0.00554	0.00443	0.00296	0.00222	0.00074	0.00369	0.00185	0.00148	0.00443
4	0.00421	0.00301	0.00401	0.00481	0.00501	0.00281	0.00321	0.00481	0.00661	0.00882	0.01904	0.87634	0.02285	0.01082	0.00441	0.00140	0.00200	0.00982	0.00321	0.00281
5	0.00859	0.00742	0.00781	0.00703	0.00898	0.00859	0.00547	0.01836	0.85080	0.01445	0.01406	0.01289	0.01055	0.00469	0.00352	0.00117	0.00273	0.00391	0.00352	0.00547
6	0.00614	0.00541	0.00763	0.00695	0.00722	0.00705	0.00554	0.00701	0.00537	0.00801	0.00729	0.01185	0.00721	0.11212	0.38295	0.00347	0.40021	0.00354	0.00172	0.00329
7	0.00855	0.00821	0.01402	0.02120	0.85704	0.00821	0.01060	0.01060	0.00787	0.01129	0.00650	0.00855	0.00547	0.00308	0.00342	0.00103	0.00410	0.00308	0.00171	0.00547
8	0.00421	0.00301	0.00401	0.00481	0.00501	0.00281	0.00321	0.00481	0.00661	0.00882	0.01904	0.87634	0.02285	0.01082	0.00441	0.00140	0.00200	0.00982	0.00321	0.00281
9	0.19901	0.00692	0.00795	0.00623	0.00881	0.00692	0.00514	0.20524	0.01051	0.49258	0.01058	0.00969	0.00694	0.00402	0.00319	0.00106	0.00308	0.00306	0.00364	0.00543
10	0.00895	0.75574	0.11058	0.00664	0.00985	0.01288	0.03584	0.01043	0.00709	0.00854	0.00503	0.00587	0.00446	0.00299	0.00240	0.00079	0.00392	0.00200	0.00149	0.00451
11	0.00415	0.00350	0.00359	0.00357	0.00471	0.00294	0.00268	0.00508	0.00803	0.00970	0.10089	0.03265	0.78952	0.00861	0.00408	0.00116	0.00174	0.00721	0.00326	0.00294
12	0.00432	0.00342	0.00389	0.00396	0.00486	0.00299	0.00290	0.00536	0.00818	0.01048	0.25578	0.17630	0.48803	0.00865	0.00414	0.00119	0.00176	0.00744	0.00337	0.00299
13	0.00797	0.00761	0.01297	0.26524	0.61756	0.00805	0.01031	0.01009	0.00759	0.01058	0.00640	0.00874	0.00522	0.00319	0.00343	0.00106	0.00425	0.00308	0.00166	0.00500
14	0.01306	0.00564	0.00727	0.00577	0.00809	0.00507	0.00468	0.04036	0.05429	0.63463	0.01620	0.01496	0.12123	0.03530	0.00403	0.00116	0.00279	0.00404	0.01614	0.00530
15	0.01291	0.01623	0.00981	0.00887	0.01068	0.83552	0.00667	0.04223	0.01001	0.00891	0.00544	0.00630	0.00450	0.00358	0.00313	0.00089	0.00615	0.00226	0.00184	0.00407
16	0.15703	0.01029	0.00940	0.00783	0.00992	0.33841	0.13773	0.02834	0.00869	0.08258	0.02136	0.01206	0.15323	0.00442	0.00332	0.00103	0.00442	0.00351	0.00235	0.00406
17	0.01019	0.01323	0.15941	0.04318	0.01327	0.35003	0.19299	0.07767	0.04175	0.02474	0.03615	0.00840	0.00601	0.00359	0.00345	0.00103	0.00534	0.00302	0.00202	0.00454
18	0.00452	0.00324	0.00428	0.00460	0.00508	0.00301	0.00323	0.00559	0.00805	0.01110	0.39817	0.49070	0.02727	0.00912	0.00426	0.00126	0.00183	0.00820	0.00348	0.00301
19	0.00734	0.00796	0.07928	0.30426	0.17610	0.00755	0.20719	0.00996	0.03642	0.02676	0.00897	0.04590	0.04961	0.00394	0.00367	0.00114	0.00447	0.01315	0.00191	0.00444
20	0.00725	0.00737	0.04454	0.54927	0.13265	0.00799	0.10142	0.02241	0.07347	0.01011	0.00694	0.00934	0.00527	0.00344	0.00352	0.00113	0.00453	0.00323	0.00176	0.00435
21	0.00967	0.02639	0.00705	0.00644	0.00777	0.35673	0.00489	0.01074	0.00848	0.10320	0.01083	0.16216	0.01023	0.01961	0.00358	0.00107	0.00390	0.06484	0.17865	0.00377
22	0.01995	0.01598	0.72180	0.00957	0.01415	0.00776	0.05810	0.01046	0.00732	0.01084	0.00821	0.00921	0.06426	0.00371	0.00355	0.00111	0.02458	0.00297	0.00161	0.00488
23	0.00919	0.00811	0.02723	0.04368	0.01427	0.00789	0.45370	0.06721	0.02620	0.14337	0.00971	0.02638	0.03904	0.00412	0.00450	0.00119	0.07271	0.03441	0.00239	0.00470
24	0.01018	0.06489	0.34738	0.00891	0.02445	0.28974	0.00892	0.11281	0.02940	0.04600	0.00668	0.00740	0.00500	0.00354	0.00319	0.00099	0.00501	0.00256	0.01816	0.00481
25	0.89022	0.00667	0.00512	0.00457	0.00671	0.00771	0.00376	0.01025	0.00594	0.02765	0.00494	0.00570	0.00381	0.00322	0.00216	0.00107	0.00268	0.00189	0.00217	0.00377
26	0.01397	0.00672	0.00836	0.00653	0.00907	0.00649	0.00535	0.21242	0.05663	0.56893	0.04178	0.02910	0.00915	0.00450	0.00351	0.00107	0.00307	0.00364	0.00400	0.00570
27	0.01060	0.00603	0.00751	0.00554	0.00845	0.00480	0.00450	0.01205	0.00828	0.36044	0.00922	0.00906	0.00653	0.00327	0.00294	0.00074	0.00272	0.00263	0.00296	0.53174
28	0.01213	0.00795	0.07859	0.00826	0.01104	0.02612	0.15724	0.02700	0.03724	0.46923	0.01050	0.01026	0.00707	0.00400	0.00413	0.00109	0.07183	0.00338	0.00317	0.04978
29	0.00775	0.00763	0.01057	0.00903	0.00913	0.01059	0.00752	0.03744	0.00567	0.00878	0.00467	0.00758	0.00458	0.00598	0.01106	0.00150	0.84206	0.00303	0.00158	0.00385
30	0.00539	0.00372	0.00453	0.00423	0.00529	0.00334	0.00321	0.00686	0.01909	0.06877	0.53240	0.02705	0.28848	0.00738	0.00403	0.00111	0.00177	0.00636	0.00364	0.00335
31	0.00499	0.00366	0.00419	0.02171	0.00547	0.00327	0.00314	0.00616	0.02435	0.05375	0.13891	0.18550	0.49538	0.00838	0.00405	0.00119	0.00192	0.00718	0.02364	0.00317
