[name]
unknown

[dist]
# distance from previous block
# <min> <max>
4	116

[block]
# block no. 0 follows, 83 sequences, length 21
# corresponding to MSA columns:
# 153-173
name=unknown_A
#
# <colnr> <probs for GDERKNQSTAVLIFYWHMCP>
#	G	D	E	R	K	N	Q	S	T	A	V	L	I	F	Y	W	H	M	C	P
0	0.08755	0.04095	0.03792	0.06565	0.02439	0.10050	0.10088	0.04683	0.11192	0.06683	0.13861	0.01284	0.07325	0.00442	0.00345	0.00102	0.01542	0.00371	0.00259	0.06127
1	0.18997	0.10178	0.06572	0.06066	0.01050	0.04203	0.11624	0.02544	0.04364	0.14919	0.04154	0.00948	0.02693	0.01654	0.00363	0.00106	0.04527	0.00301	0.00236	0.04502
2	0.06923	0.00511	0.00688	0.04083	0.00785	0.00511	0.08088	0.00822	0.06556	0.04541	0.24363	0.05039	0.21148	0.00597	0.00417	0.00109	0.06338	0.00505	0.00289	0.07688
3	0.04375	0.00730	0.01997	0.02210	0.07381	0.05749	0.11023	0.07516	0.02611	0.06667	0.00883	0.07103	0.03866	0.00378	0.00313	0.00086	0.00336	0.00331	0.00232	0.36216
4	0.00721	0.00744	0.05352	0.29636	0.27051	0.01866	0.08262	0.00949	0.02948	0.01010	0.01747	0.05841	0.00653	0.00375	0.00358	0.00106	0.02242	0.01299	0.00181	0.08659
5	0.00529	0.00381	0.00490	0.00470	0.01966	0.00361	0.00347	0.02913	0.00934	0.03231	0.67737	0.03423	0.10134	0.02483	0.00436	0.00113	0.01612	0.01754	0.00356	0.00331
6	0.00728	0.06411	0.13711	0.16381	0.21073	0.02007	0.05490	0.00991	0.05765	0.03373	0.15596	0.01216	0.03699	0.00408	0.00342	0.00104	0.00373	0.00362	0.00218	0.01752
7	0.00906	0.88299	0.01775	0.00580	0.00869	0.01340	0.00580	0.01014	0.00688	0.00797	0.00471	0.00543	0.00435	0.00290	0.00217	0.00072	0.00362	0.00181	0.00145	0.00435
8	0.00770	0.07449	0.26090	0.06385	0.03125	0.02658	0.03788	0.04751	0.09558	0.07145	0.18891	0.02750	0.01170	0.00440	0.00340	0.00104	0.00359	0.01118	0.00250	0.02858
9	0.00642	0.04019	0.04357	0.00525	0.00666	0.00503	0.00425	0.00967	0.20373	0.07201	0.29410	0.14947	0.13288	0.00665	0.00377	0.00113	0.00224	0.00574	0.00334	0.00389
10	0.62763	0.00649	0.00611	0.00541	0.03084	0.00705	0.00427	0.03887	0.00714	0.22798	0.00705	0.00718	0.00497	0.00343	0.00250	0.00105	0.00276	0.00230	0.00265	0.00431
11	0.00648	0.06259	0.50175	0.00808	0.01161	0.00702	0.04936	0.00985	0.06155	0.01090	0.11244	0.06770	0.06724	0.00456	0.00343	0.00108	0.00398	0.00383	0.00208	0.00446
12	0.00790	0.00736	0.03147	0.23595	0.37332	0.00777	0.02743	0.06025	0.06354	0.02906	0.00757	0.03434	0.00631	0.00460	0.03682	0.00126	0.04252	0.01587	0.00196	0.00469
13	0.00567	0.00352	0.00417	0.00398	0.00483	0.00338	0.00299	0.03029	0.00863	0.02510	0.44343	0.06856	0.03935	0.00595	0.00339	0.00098	0.00169	0.00512	0.33571	0.00326
14	0.03031	0.00831	0.01673	0.15293	0.01740	0.00819	0.59819	0.04685	0.00815	0.04691	0.00726	0.00979	0.00551	0.00321	0.00382	0.00114	0.00517	0.02374	0.00190	0.00448
15	0.00789	0.03181	0.21286	0.04699	0.33829	0.07978	0.08652	0.02961	0.00783	0.01057	0.00828	0.06273	0.03934	0.00392	0.00344	0.00106	0.00436	0.01820	0.00183	0.00471
16	0.02687	0.00648	0.07881	0.03443	0.02122	0.03028	0.02612	0.08677	0.04089	0.17021	0.01319	0.37996	0.01319	0.00682	0.00414	0.00121	0.04647	0.00587	0.00298	0.00410
17	0.00493	0.00328	0.00369	0.00369	0.00369	0.00328	0.00205	0.00493	0.00493	0.00657	0.01067	0.02217	0.01232	0.88095	0.01724	0.00328	0.00328	0.00493	0.00205	0.00205
18	0.00727	0.01144	0.35294	0.00990	0.01321	0.03035	0.25754	0.04332	0.00766	0.02842	0.00864	0.09761	0.02735	0.00560	0.06145	0.00142	0.02563	0.00390	0.00190	0.00445
19	0.00855	0.27313	0.22670	0.06808	0.04615	0.03172	0.09445	0.03495	0.05372	0.06529	0.00692	0.02856	0.00553	0.00354	0.00337	0.00100	0.03898	0.00283	0.00188	0.00465
20	0.00490	0.00328	0.00375	0.00380	0.00383	0.00327	0.00219	0.00497	0.00507	0.00675	0.01122	0.06216	0.01296	0.81940	0.01634	0.00315	0.00322	0.02550	0.00213	0.00211

[dist]
# distance from previous block
# <min> <max>
5	26

[block]
# block no. 1 follows, 83 sequences, length 27
# corresponding to MSA columns:
# 201-227
name=unknown_B
#
# <colnr> <probs for GDERKNQSTAVLIFYWHMCP>
#	G	D	E	R	K	N	Q	S	T	A	V	L	I	F	Y	W	H	M	C	P
0	0.05890	0.19468	0.37547	0.03212	0.01139	0.03209	0.01750	0.03623	0.08112	0.03193	0.09054	0.00915	0.00768	0.00369	0.00305	0.00100	0.00398	0.00285	0.00201	0.00462
1	0.01460	0.00572	0.00815	0.07450	0.27338	0.02455	0.00608	0.02472	0.01478	0.04163	0.14840	0.12785	0.10143	0.04004	0.01999	0.00123	0.00310	0.00482	0.00252	0.06252
2	0.00646	0.00565	0.00889	0.01163	0.36600	0.00557	0.02543	0.00805	0.00753	0.02138	0.14040	0.04401	0.12563	0.00890	0.16925	0.00188	0.00422	0.00438	0.00230	0.03243
3	0.00484	0.00363	0.00544	0.00544	0.00605	0.00423	0.00423	0.00605	0.00544	0.00786	0.00907	0.01331	0.00847	0.02541	0.86753	0.00544	0.00907	0.00363	0.00181	0.00302
4	0.00507	0.00415	0.00581	0.09599	0.08318	0.00421	0.00456	0.00640	0.02275	0.01011	0.20342	0.33144	0.15288	0.00800	0.01647	0.00127	0.03135	0.00678	0.00290	0.00329
5	0.00996	0.04314	0.23264	0.10027	0.05237	0.00760	0.10691	0.09875	0.05067	0.23740	0.02155	0.00938	0.00642	0.00364	0.00338	0.00106	0.00408	0.00315	0.00255	0.00508
6	0.00847	0.07327	0.09379	0.01018	0.02208	0.00751	0.39925	0.03213	0.01977	0.10936	0.00848	0.08422	0.00702	0.01203	0.00369	0.00106	0.00437	0.00388	0.00218	0.09726
7	0.01847	0.00429	0.00526	0.00465	0.00623	0.00374	0.00367	0.00931	0.00853	0.31309	0.11112	0.07381	0.37332	0.00694	0.00382	0.00113	0.00221	0.04290	0.00357	0.00394
8	0.00762	0.01068	0.30707	0.03952	0.19335	0.02305	0.04032	0.00994	0.00709	0.05491	0.02848	0.01921	0.00616	0.03350	0.02699	0.00129	0.14315	0.00308	0.01016	0.03442
9	0.20993	0.02942	0.28753	0.00695	0.00960	0.01898	0.02661	0.02519	0.03575	0.07713	0.02847	0.02444	0.00722	0.10919	0.01822	0.00143	0.04694	0.03070	0.00213	0.00416
10	0.00461	0.00329	0.00449	0.00527	0.00568	0.00317	0.00399	0.00555	0.00696	0.00919	0.01840	0.57341	0.02135	0.01016	0.00445	0.00144	0.00238	0.31019	0.00314	0.00289
11	0.00681	0.00606	0.02385	0.19653	0.17042	0.03290	0.03428	0.03375	0.02964	0.04708	0.13328	0.07362	0.15756	0.00600	0.03238	0.00124	0.00347	0.00467	0.00249	0.00398
12	0.00819	0.04038	0.04387	0.17084	0.08521	0.05975	0.10442	0.12881	0.07489	0.02707	0.03443	0.03869	0.06573	0.00501	0.02163	0.01482	0.04503	0.02458	0.00229	0.00434
13	0.00621	0.01883	0.00654	0.00532	0.00701	0.00474	0.01348	0.02869	0.00643	0.00954	0.00792	0.04721	0.00751	0.09264	0.27106	0.02291	0.03434	0.00320	0.00199	0.40442
14	0.04200	0.15534	0.54143	0.00892	0.01303	0.05785	0.06200	0.05103	0.00765	0.01080	0.00594	0.00700	0.00446	0.00349	0.01435	0.00106	0.00479	0.00248	0.00159	0.00477
15	0.00573	0.00506	0.00803	0.39350	0.11304	0.00573	0.00689	0.00726	0.00674	0.00892	0.01157	0.31561	0.04199	0.00669	0.02586	0.00132	0.02484	0.00550	0.00217	0.00354
16	0.01153	0.04037	0.00939	0.00768	0.00968	0.35587	0.00604	0.31474	0.09073	0.01375	0.00752	0.00825	0.00588	0.02630	0.00371	0.00102	0.02629	0.00278	0.05384	0.00464
17	0.00847	0.00725	0.00765	0.00687	0.00877	0.00836	0.00535	0.04391	0.80821	0.01427	0.01372	0.03198	0.01047	0.00471	0.00346	0.00115	0.00270	0.00394	0.00344	0.00532
18	0.00417	0.00308	0.00387	0.00446	0.00486	0.00282	0.00305	0.00484	0.00678	0.00883	0.04244	0.65275	0.18194	0.03640	0.00465	0.00139	0.00197	0.02579	0.00313	0.00277
19	0.00603	0.00686	0.16029	0.00631	0.00791	0.01668	0.02817	0.05070	0.04585	0.01710	0.08302	0.02614	0.01827	0.13177	0.37601	0.00325	0.00599	0.00390	0.00215	0.00358
20	0.00461	0.00344	0.00429	0.00411	0.00496	0.00311	0.00307	0.00603	0.00911	0.01252	0.66403	0.05790	0.19552	0.00739	0.00401	0.00109	0.00163	0.00646	0.00359	0.00311
21	0.01044	0.46118	0.01417	0.00690	0.00963	0.04309	0.03397	0.30770	0.04615	0.01316	0.00650	0.00696	0.00520	0.00342	0.00275	0.00087	0.00375	0.00244	0.01686	0.00486
22	0.00489	0.00343	0.00443	0.00449	0.00476	0.00365	0.00305	0.00543	0.00530	0.00728	0.01067	0.04800	0.01154	0.49505	0.33236	0.00395	0.00539	0.04180	0.00205	0.00248
23	0.04305	0.09596	0.12768	0.05456	0.08402	0.04160	0.16309	0.06065	0.17074	0.04374	0.03976	0.04462	0.00769	0.00390	0.00336	0.00106	0.00399	0.00349	0.00231	0.00472
24	0.00818	0.41834	0.01384	0.00744	0.00880	0.01180	0.00665	0.00909	0.00598	0.00807	0.00457	0.00648	0.00440	0.00451	0.00692	0.00113	0.46591	0.00242	0.00147	0.00401
25	0.00453	0.00326	0.00418	0.00459	0.00511	0.00302	0.00326	0.00555	0.01858	0.02132	0.20342	0.52648	0.12400	0.00934	0.00421	0.00128	0.00193	0.04970	0.00329	0.00295
26	0.00796	0.04182	0.31933	0.00767	0.02586	0.01679	0.01876	0.12071	0.05711	0.08602	0.01048	0.15418	0.02431	0.03509	0.04258	0.00138	0.00400	0.01899	0.00244	0.00452

[dist]
# distance from previous block
# <min> <max>
2	5

[block]
# block no. 2 follows, 83 sequences, length 13
# corresponding to MSA columns:
# 233,237-248
name=unknown_C
#
# <colnr> <probs for GDERKNQSTAVLIFYWHMCP>
#	G	D	E	R	K	N	Q	S	T	A	V	L	I	F	Y	W	H	M	C	P
0	0.00900	0.02217	0.03538	0.03321	0.01001	0.15175	0.12678	0.09553	0.09269	0.09799	0.19026	0.01412	0.05688	0.01600	0.00374	0.00107	0.00369	0.01355	0.00282	0.02339
1	0.00413	0.00295	0.00393	0.00472	0.00491	0.00275	0.00314	0.00472	0.00649	0.00865	0.01867	0.87874	0.02240	0.01061	0.00432	0.00138	0.00197	0.00963	0.00314	0.00275
2	0.01445	0.00630	0.00807	0.00622	0.00878	0.00585	0.00513	0.15877	0.01066	0.68445	0.01238	0.01099	0.00795	0.00416	0.00336	0.00103	0.00298	0.00334	0.03948	0.00566
3	0.03502	0.13181	0.06477	0.03054	0.02607	0.02674	0.03688	0.07853	0.37766	0.02558	0.04910	0.02660	0.02002	0.00455	0.00333	0.00108	0.00326	0.05087	0.00280	0.00478
4	0.06981	0.00609	0.00721	0.00601	0.00818	0.00610	0.00481	0.03225	0.27022	0.43708	0.01432	0.05346	0.05960	0.00481	0.00341	0.00110	0.00271	0.00394	0.00370	0.00519
5	0.00408	0.00341	0.00356	0.00358	0.00464	0.00289	0.00266	0.00500	0.00783	0.00954	0.11001	0.07812	0.73599	0.00854	0.00402	0.00115	0.00172	0.00719	0.00320	0.00289
6	0.00764	0.00756	0.09141	0.00837	0.01076	0.00653	0.24702	0.10713	0.08020	0.06280	0.11493	0.06720	0.13073	0.00526	0.00382	0.00114	0.00361	0.03683	0.00276	0.00432
7	0.02074	0.07473	0.50724	0.05052	0.05490	0.06652	0.03303	0.04121	0.00767	0.03802	0.00716	0.07019	0.00587	0.00380	0.00325	0.00105	0.00456	0.00308	0.00177	0.00470
8	0.00752	0.05314	0.48911	0.01114	0.01540	0.00845	0.32055	0.03492	0.00770	0.01096	0.00636	0.00784	0.00465	0.00309	0.00346	0.00108	0.00517	0.00304	0.00159	0.00484
9	0.00486	0.00356	0.00509	0.00509	0.00557	0.00404	0.00379	0.00582	0.00534	0.00760	0.00940	0.01511	0.00925	0.19965	0.69435	0.00500	0.00789	0.00389	0.00186	0.00283
10	0.00510	0.00403	0.00553	0.00550	0.00612	0.03294	0.00424	0.00626	0.00557	0.00784	0.00900	0.01336	0.00846	0.05260	0.81099	0.00522	0.00879	0.00362	0.00182	0.00302
11	0.00644	0.00608	0.01017	0.83344	0.02267	0.00766	0.00932	0.00863	0.00670	0.00863	0.00595	0.00896	0.00451	0.00350	0.00374	0.00115	0.04417	0.00301	0.00150	0.00376
12	0.00471	0.00331	0.00398	0.00399	0.00441	0.00314	0.00264	0.00537	0.00696	0.00942	0.29543	0.12312	0.11608	0.37129	0.00976	0.02251	0.00239	0.00608	0.00285	0.00259

[dist]
# distance from previous block
# <min> <max>
0	1

[block]
# block no. 3 follows, 83 sequences, length 16
# corresponding to MSA columns:
# 250-265
name=unknown_D
#
# <colnr> <probs for GDERKNQSTAVLIFYWHMCP>
#	G	D	E	R	K	N	Q	S	T	A	V	L	I	F	Y	W	H	M	C	P
0	0.00533	0.00411	0.00553	0.00549	0.00615	0.02118	0.02672	0.05346	0.00672	0.00917	0.04679	0.29434	0.01421	0.08169	0.37510	0.00322	0.00541	0.02984	0.00246	0.00309
1	0.00744	0.00627	0.00725	0.00522	0.00821	0.00494	0.00419	0.06867	0.00766	0.01178	0.00617	0.00710	0.00507	0.00262	0.00257	0.00054	0.00260	0.00208	0.00211	0.83752
2	0.00586	0.00413	0.00542	0.00507	0.00567	0.00450	0.00369	0.03013	0.00580	0.04771	0.00941	0.01580	0.00944	0.35073	0.37760	0.00378	0.06304	0.00398	0.00205	0.04620
3	0.00429	0.00309	0.00410	0.00480	0.00513	0.00290	0.00337	0.00505	0.00682	0.00906	0.05967	0.71515	0.05623	0.01022	0.00433	0.00137	0.00206	0.09637	0.00317	0.00282
4	0.00630	0.00423	0.00544	0.08342	0.02123	0.00443	0.04484	0.00875	0.10123	0.01177	0.03820	0.12977	0.02340	0.00496	0.00301	0.00097	0.00226	0.00428	0.49798	0.00350
5	0.00774	0.03216	0.05347	0.34566	0.20642	0.01849	0.12590	0.01972	0.01806	0.06452	0.00767	0.07122	0.00639	0.00380	0.00349	0.00110	0.00427	0.00359	0.00191	0.00441
6	0.19748	0.00615	0.00741	0.00581	0.00833	0.00585	0.00480	0.06476	0.00926	0.63837	0.01128	0.01009	0.00726	0.00397	0.00314	0.00105	0.00288	0.00306	0.00371	0.00533
7	0.00457	0.00332	0.00432	0.00461	0.00512	0.00315	0.00325	0.00591	0.04021	0.01088	0.36253	0.49575	0.02586	0.00887	0.00416	0.00124	0.00184	0.00797	0.00340	0.00303
8	0.02852	0.00692	0.01029	0.24802	0.15235	0.02498	0.05274	0.04962	0.04426	0.01010	0.00712	0.05190	0.00628	0.01366	0.02510	0.01397	0.21260	0.01075	0.02675	0.00409
9	0.01006	0.04643	0.00948	0.13641	0.05822	0.39957	0.00663	0.09782	0.08011	0.01033	0.00802	0.07902	0.01919	0.01990	0.00352	0.00104	0.00467	0.00329	0.00215	0.00416
10	0.00540	0.00359	0.00452	0.02361	0.00536	0.00358	0.00322	0.00640	0.03409	0.05037	0.10764	0.23364	0.03724	0.31520	0.08109	0.00230	0.00314	0.04200	0.03476	0.00287
11	0.00678	0.00418	0.00509	0.00460	0.00590	0.00386	0.00354	0.00876	0.08025	0.16840	0.37865	0.05406	0.24901	0.00680	0.00385	0.00110	0.00197	0.00583	0.00361	0.00374
12	0.00872	0.00718	0.02675	0.30645	0.21267	0.06154	0.03802	0.01054	0.00775	0.16146	0.00903	0.05293	0.02685	0.00416	0.00366	0.00110	0.02385	0.03066	0.00222	0.00446
13	0.00870	0.44187	0.07306	0.03625	0.28564	0.01063	0.02564	0.01070	0.04159	0.02831	0.00598	0.00712	0.00503	0.00307	0.00278	0.00088	0.00386	0.00245	0.00167	0.00478
14	0.05622	0.00559	0.00801	0.17647	0.02979	0.02469	0.03602	0.00796	0.01674	0.03094	0.02661	0.01179	0.02067	0.03707	0.30201	0.01861	0.16439	0.02104	0.00187	0.00350
15	0.13167	0.03947	0.19132	0.00684	0.04329	0.00635	0.01613	0.02849	0.06514	0.21509	0.08183	0.01160	0.03411	0.02903	0.01171	0.00114	0.00323	0.00332	0.07567	0.00456

[dist]
# distance from previous block
# <min> <max>
2	64

[block]
# block no. 4 follows, 83 sequences, length 69
# corresponding to MSA columns:
# 333-401
name=unknown_E
#
# <colnr> <probs for GDERKNQSTAVLIFYWHMCP>
#	G	D	E	R	K	N	Q	S	T	A	V	L	I	F	Y	W	H	M	C	P
0	0.03519	0.03783	0.01159	0.02546	0.04846	0.06409	0.26412	0.02206	0.04308	0.07513	0.00906	0.08799	0.00804	0.00421	0.00347	0.00101	0.00393	0.06439	0.00229	0.18861
1	0.00798	0.00744	0.03001	0.00863	0.10164	0.07142	0.09222	0.06787	0.25618	0.03296	0.05540	0.10754	0.05820	0.04639	0.00424	0.00121	0.00337	0.01381	0.00277	0.03073
2	0.04435	0.25654	0.24094	0.03625	0.04515	0.07895	0.01618	0.07183	0.02177	0.05678	0.00671	0.01825	0.01606	0.00353	0.00324	0.00095	0.04065	0.00257	0.00190	0.03740
3	0.00760	0.00723	0.01228	0.29997	0.55957	0.00772	0.00985	0.00965	0.00737	0.01020	0.00663	0.03475	0.00560	0.00337	0.00339	0.00106	0.00412	0.00321	0.00166	0.00476
4	0.00667	0.20098	0.29184	0.00711	0.00987	0.00747	0.05356	0.00893	0.02339	0.02005	0.12598	0.12679	0.07312	0.00511	0.00353	0.00106	0.02398	0.00426	0.00219	0.00412
5	0.00500	0.00326	0.00375	0.00381	0.00395	0.00328	0.00229	0.00528	0.00531	0.00744	0.01127	0.08986	0.01254	0.67244	0.06034	0.00298	0.00331	0.00505	0.09655	0.00228
6	0.00765	0.00626	0.00924	0.00765	0.00925	0.05118	0.17306	0.07516	0.05432	0.08425	0.00902	0.01189	0.00763	0.05961	0.40427	0.00322	0.01659	0.00363	0.00222	0.00392
7	0.00440	0.00337	0.00403	0.00403	0.00486	0.00300	0.00296	0.00556	0.00841	0.01117	0.42219	0.16469	0.33283	0.00812	0.00405	0.00114	0.00170	0.00706	0.00342	0.00300
8	0.02430	0.00761	0.00889	0.00684	0.00946	0.00778	0.00564	0.43907	0.01276	0.40492	0.01055	0.00976	0.00700	0.00411	0.00336	0.00103	0.00328	0.00320	0.02478	0.00568
9	0.00478	0.00327	0.00371	0.00377	0.00389	0.00320	0.00221	0.00492	0.00534	0.00705	0.02552	0.09979	0.07702	0.72470	0.01490	0.00292	0.00302	0.00553	0.00226	0.00219
10	0.03543	0.01687	0.04642	0.00610	0.00735	0.00539	0.06776	0.01793	0.11371	0.02898	0.11640	0.02574	0.03078	0.15176	0.29082	0.00289	0.02555	0.00419	0.00239	0.00353
11	0.01062	0.32550	0.06139	0.00814	0.02551	0.43887	0.03418	0.01182	0.00824	0.00844	0.00514	0.00611	0.00440	0.00332	0.00308	0.00086	0.03641	0.00217	0.00161	0.00418
12	0.00433	0.00312	0.00407	0.00450	0.00490	0.00290	0.00310	0.00520	0.00735	0.00997	0.25282	0.57492	0.06172	0.03869	0.00465	0.00134	0.00190	0.00839	0.00327	0.00286
13	0.02990	0.06103	0.00797	0.03369	0.00869	0.00579	0.00455	0.05482	0.03289	0.01146	0.00642	0.00769	0.00535	0.00290	0.00277	0.00063	0.01840	0.01547	0.00209	0.68750
14	0.00777	0.00628	0.00704	0.00639	0.00785	0.03462	0.02552	0.07356	0.38655	0.05621	0.05129	0.21703	0.04902	0.02272	0.00419	0.00123	0.02977	0.00530	0.00322	0.00442
15	0.00588	0.00514	0.00761	0.34473	0.08786	0.01919	0.00632	0.00787	0.02877	0.01092	0.33492	0.05099	0.06567	0.00533	0.00369	0.00110	0.00307	0.00471	0.00258	0.00364
16	0.00887	0.02185	0.00980	0.00802	0.00926	0.05792	0.06373	0.21623	0.05874	0.02318	0.00783	0.05857	0.00706	0.05545	0.02050	0.00141	0.32792	0.01607	0.02338	0.00424
17	0.07711	0.00721	0.01115	0.41701	0.36121	0.03360	0.00920	0.00979	0.02315	0.01024	0.00619	0.00848	0.00490	0.00324	0.00326	0.00107	0.00418	0.00291	0.00166	0.00444
18	0.00436	0.00341	0.00397	0.00400	0.00489	0.00301	0.00298	0.00549	0.00826	0.01075	0.33279	0.12855	0.42613	0.00824	0.00406	0.00116	0.00176	0.03986	0.00336	0.00298
19	0.00640	0.00602	0.01016	0.87281	0.02333	0.00753	0.00941	0.00866	0.00677	0.00866	0.00602	0.00903	0.00452	0.00339	0.00339	0.00113	0.00452	0.00301	0.00151	0.00376
20	0.00815	0.31184	0.41425	0.00861	0.01245	0.00989	0.09283	0.03557	0.00743	0.03651	0.00593	0.00693	0.00457	0.00320	0.00317	0.00097	0.02887	0.00247	0.00161	0.00475
21	0.00423	0.00311	0.00399	0.00463	0.00504	0.00287	0.00325	0.00496	0.00684	0.00892	0.03104	0.65762	0.15986	0.01013	0.00430	0.00135	0.00202	0.07990	0.00315	0.00281
22	0.00818	0.00752	0.00962	0.40684	0.07810	0.06095	0.00777	0.09375	0.26830	0.01174	0.00859	0.00983	0.00648	0.00380	0.00338	0.00110	0.00394	0.00322	0.00231	0.00458
23	0.01107	0.00741	0.00823	0.00688	0.00912	0.01915	0.00553	0.20260	0.42156	0.22628	0.01243	0.01201	0.00902	0.00450	0.00345	0.00110	0.00302	0.02758	0.00359	0.00547
24	0.01072	0.18497	0.12177	0.01940	0.01967	0.04488	0.03293	0.24403	0.04634	0.16696	0.02845	0.00978	0.00699	0.00397	0.00327	0.00100	0.01229	0.03483	0.00271	0.00504
25	0.00835	0.00831	0.01301	0.18524	0.48395	0.07062	0.09611	0.04377	0.00796	0.01069	0.00653	0.02403	0.00541	0.00333	0.00355	0.00105	0.01835	0.00318	0.00174	0.00481
26	0.00412	0.00338	0.00362	0.00367	0.00466	0.00289	0.00270	0.00503	0.00777	0.00959	0.13013	0.12180	0.65933	0.02080	0.00422	0.00119	0.00175	0.00726	0.00320	0.00288
27	0.90488	0.00655	0.00498	0.00445	0.00655	0.00760	0.00367	0.00996	0.00576	0.01520	0.00472	0.00550	0.00367	0.00314	0.00210	0.00105	0.00262	0.00183	0.00210	0.00367
28	0.04542	0.00799	0.03579	0.05953	0.08542	0.00835	0.10238	0.25141	0.22476	0.04249	0.02082	0.05105	0.00789	0.00424	0.00355	0.00109	0.01528	0.00365	0.02388	0.00500
29	0.00413	0.00295	0.00393	0.00472	0.00491	0.00275	0.00314	0.00472	0.00649	0.00865	0.01867	0.87874	0.02240	0.01061	0.00432	0.00138	0.00197	0.00963	0.00314	0.00275
30	0.00502	0.00379	0.00455	0.00475	0.00558	0.00366	0.00357	0.00695	0.09716	0.01947	0.16212	0.27828	0.22751	0.02199	0.00431	0.00129	0.00211	0.12687	0.01783	0.00321
31	0.00959	0.00753	0.01012	0.29696	0.11302	0.00844	0.02058	0.33387	0.05455	0.04707	0.00778	0.00906	0.00575	0.00387	0.00353	0.01723	0.00387	0.00310	0.03925	0.00483
32	0.00406	0.00342	0.00352	0.00353	0.00462	0.00288	0.00263	0.00496	0.00780	0.00942	0.08730	0.06184	0.77537	0.00854	0.00401	0.00115	0.00172	0.00717	0.00318	0.00288
33	0.05838	0.00884	0.00966	0.06094	0.01092	0.00983	0.00636	0.67130	0.06360	0.05363	0.00837	0.00845	0.00595	0.00401	0.00333	0.00103	0.00362	0.00304	0.00324	0.00551
34	0.85503	0.00646	0.00506	0.00450	0.00659	0.00742	0.00370	0.01018	0.00594	0.04862	0.00516	0.00586	0.00394	0.00320	0.00215	0.00104	0.00261	0.00192	0.01685	0.00374
35	0.00820	0.00824	0.01401	0.01070	0.01339	0.00850	0.43920	0.01432	0.41803	0.01246	0.01022	0.01084	0.00766	0.00370	0.00373	0.00115	0.00424	0.00392	0.00255	0.00495
36	0.00501	0.00352	0.00455	0.00426	0.00512	0.00322	0.00321	0.00656	0.00949	0.03418	0.79097	0.02538	0.07785	0.00695	0.00398	0.00107	0.00164	0.00612	0.00371	0.00324
37	0.00649	0.00531	0.00596	0.00547	0.00684	0.00571	0.00420	0.01190	0.41870	0.01352	0.38328	0.01974	0.08712	0.00593	0.00373	0.00111	0.00213	0.00509	0.00355	0.00422
38	0.00640	0.00602	0.01016	0.87281	0.02333	0.00753	0.00941	0.00866	0.00677	0.00866	0.00602	0.00903	0.00452	0.00339	0.00339	0.00113	0.00452	0.00301	0.00151	0.00376
39	0.00869	0.00722	0.00767	0.00686	0.00880	0.00829	0.00535	0.01794	0.82035	0.04768	0.01377	0.01259	0.01026	0.00458	0.00345	0.00114	0.00269	0.00381	0.00348	0.00538
40	0.01006	0.00842	0.01027	0.00836	0.00967	0.01044	0.00694	0.41560	0.01039	0.01455	0.00623	0.00776	0.00508	0.00503	0.00737	0.00126	0.45244	0.00301	0.00241	0.00470
41	0.00691	0.01160	0.42223	0.00727	0.01124	0.00614	0.00814	0.00960	0.00709	0.01089	0.00605	0.00709	0.00467	0.00285	0.00285	0.00078	0.00372	0.00225	0.00173	0.46692
42	0.00472	0.00346	0.00442	0.00418	0.00502	0.00316	0.00314	0.00625	0.00941	0.01317	0.78055	0.02599	0.10971	0.00708	0.00400	0.00107	0.00161	0.00622	0.00367	0.00316
43	0.00692	0.00674	0.01027	0.42776	0.01589	0.00899	0.00838	0.00840	0.00596	0.00840	0.00521	0.00820	0.00448	0.00470	0.00737	0.00131	0.45282	0.00299	0.00149	0.00373
44	0.00702	0.00602	0.00702	0.00502	0.00803	0.00452	0.00401	0.00853	0.00702	0.01104	0.00602	0.00702	0.00502	0.00251	0.00251	0.00050	0.00251	0.00201	0.00201	0.90166
45	0.00679	0.01752	0.86340	0.00966	0.01466	0.00787	0.01252	0.01073	0.00715	0.01073	0.00608	0.00715	0.00429	0.00322	0.00322	0.00107	0.00501	0.00250	0.00143	0.00501
46	0.00413	0.00295	0.00393	0.00472	0.00491	0.00275	0.00314	0.00472	0.00649	0.00865	0.01867	0.87874	0.02240	0.01061	0.00432	0.00138	0.00197	0.00963	0.00314	0.00275
47	0.00671	0.00468	0.00585	0.00529	0.00638	0.00485	0.00408	0.14387	0.00917	0.06261	0.33124	0.10500	0.06412	0.03623	0.16486	0.00198	0.03101	0.00527	0.00313	0.00365
48	0.00808	0.00630	0.00828	0.07111	0.13853	0.02557	0.02183	0.22072	0.01679	0.04610	0.01953	0.22143	0.01146	0.04617	0.05893	0.00153	0.00371	0.06701	0.00272	0.00421
49	0.58735	0.00627	0.00601	0.00502	0.00730	0.00666	0.00414	0.01230	0.00717	0.31749	0.00780	0.00765	0.00535	0.00352	0.00256	0.00105	0.00271	0.00240	0.00284	0.00442
50	0.03133	0.00715	0.00771	0.00667	0.00858	0.00811	0.00527	0.15615	0.53898	0.05619	0.04812	0.01203	0.00996	0.00455	0.00359	0.00110	0.02896	0.00366	0.05673	0.00513
51	0.00493	0.00328	0.00369	0.00369	0.00369	0.00328	0.00205	0.00493	0.00493	0.00657	0.01067	0.02217	0.01232	0.88095	0.01724	0.00328	0.00328	0.00493	0.00205	0.00205
52	0.00598	0.00529	0.01800	0.04858	0.00781	0.01428	0.04669	0.00979	0.26023	0.01163	0.19714	0.10477	0.22574	0.00658	0.00383	0.00116	0.00246	0.02302	0.00317	0.00384
53	0.00631	0.00316	0.00316	0.00316	0.00395	0.00316	0.00237	0.00789	0.00710	0.01263	0.01105	0.01263	0.00868	0.00395	0.00237	0.00079	0.00158	0.00316	0.89976	0.00316
54	0.02136	0.18513	0.23789	0.00733	0.00984	0.00736	0.07262	0.04189	0.02852	0.01014	0.01073	0.24546	0.01102	0.00582	0.00351	0.00114	0.00362	0.09034	0.00223	0.00405
55	0.02707	0.39523	0.12319	0.00638	0.00896	0.05033	0.01672	0.01026	0.00763	0.11312	0.06068	0.05328	0.03044	0.00447	0.00301	0.00097	0.00354	0.07820	0.00223	0.00428
56	0.00631	0.00316	0.00316	0.00316	0.00395	0.00316	0.00237	0.00789	0.00710	0.01263	0.01105	0.01263	0.00868	0.00395	0.00237	0.00079	0.00158	0.00316	0.89976	0.00316
57	0.08426	0.00908	0.01313	0.17671	0.13789	0.14155	0.26935	0.04770	0.00800	0.02158	0.00626	0.00820	0.00489	0.00361	0.01560	0.00114	0.04176	0.00310	0.00180	0.00437
58	0.07206	0.00699	0.00743	0.00635	0.00842	0.05774	0.00506	0.06133	0.34146	0.27817	0.04710	0.01329	0.04334	0.00468	0.00340	0.00110	0.00293	0.03062	0.00347	0.00505
59	0.00581	0.03144	0.05586	0.00583	0.04596	0.00461	0.01853	0.04494	0.03719	0.02344	0.48519	0.04076	0.11474	0.00703	0.02864	0.01557	0.00248	0.02520	0.00320	0.00360
60	0.00464	0.00360	0.00418	0.00402	0.00501	0.00327	0.00303	0.00624	0.04266	0.01166	0.44860	0.02786	0.38299	0.00752	0.00396	0.00110	0.00171	0.01678	0.01802	0.00314
61	0.00794	0.13296	0.04745	0.17920	0.26958	0.02917	0.00786	0.03615	0.02840	0.01042	0.01425	0.00794	0.00528	0.00317	0.00321	0.00090	0.02503	0.00265	0.00178	0.18665
62	0.08250	0.36951	0.03940	0.00719	0.00954	0.38479	0.00620	0.03679	0.00823	0.00918	0.00508	0.00590	0.00434	0.00326	0.00274	0.00085	0.01658	0.00205	0.00169	0.00416
63	0.00471	0.00346	0.00441	0.00417	0.00501	0.00316	0.00313	0.00623	0.00939	0.01310	0.76837	0.02610	0.12192	0.00711	0.00400	0.00107	0.00161	0.00624	0.00367	0.00316
64	0.00696	0.02833	0.77590	0.00969	0.01451	0.00792	0.05505	0.01993	0.00729	0.01082	0.00612	0.00724	0.00437	0.00319	0.00323	0.00106	0.00494	0.00256	0.00148	0.02941
65	0.00800	0.00914	0.01999	0.01428	0.01770	0.00857	0.84752	0.01085	0.00800	0.01085	0.00685	0.00914	0.00514	0.00286	0.00400	0.00114	0.00571	0.00400	0.00171	0.00457
66	0.00821	0.00786	0.01433	0.01064	0.01339	0.00764	0.48051	0.07219	0.13261	0.04667	0.10196	0.01200	0.03231	0.00384	0.00379	0.00110	0.00432	0.00412	0.00246	0.04007
67	0.00494	0.00330	0.00373	0.00375	0.00377	0.00330	0.00213	0.00497	0.00499	0.00665	0.01084	0.02253	0.01248	0.86155	0.01696	0.00325	0.00328	0.02345	0.00208	0.00208
68	0.00798	0.00763	0.01302	0.19495	0.68883	0.00794	0.01019	0.01004	0.00752	0.01057	0.00630	0.00852	0.00519	0.00309	0.00336	0.00103	0.00412	0.00302	0.00164	0.00504

[dist]
# distance from previous block
# <min> <max>
0	31

[block]
# block no. 5 follows, 83 sequences, length 9
# corresponding to MSA columns:
# 433-441
name=unknown_F
#
# <colnr> <probs for GDERKNQSTAVLIFYWHMCP>
#	G	D	E	R	K	N	Q	S	T	A	V	L	I	F	Y	W	H	M	C	P
0	0.00486	0.00354	0.00499	0.00499	0.00544	0.00399	0.00367	0.00576	0.00531	0.00753	0.00949	0.01560	0.00946	0.24693	0.64737	0.00488	0.00757	0.00397	0.00188	0.00277
1	0.00842	0.00704	0.00748	0.00671	0.00856	0.00806	0.00525	0.06615	0.72285	0.01441	0.03887	0.01347	0.01092	0.00474	0.00345	0.00114	0.00268	0.02728	0.03734	0.00517
2	0.00805	0.01394	0.42048	0.01032	0.01420	0.14136	0.23714	0.01099	0.00775	0.01041	0.00615	0.00752	0.00460	0.00309	0.00334	0.00101	0.00513	0.00281	0.00161	0.09010
3	0.00702	0.00602	0.00702	0.00502	0.00803	0.00452	0.00401	0.00853	0.00702	0.01104	0.00602	0.00702	0.00502	0.00251	0.00251	0.00050	0.00251	0.00201	0.00201	0.90166
4	0.00936	0.00816	0.00784	0.00691	0.00883	0.11051	0.00539	0.09921	0.55821	0.05408	0.05143	0.01271	0.04297	0.00465	0.00344	0.00109	0.00312	0.00377	0.00327	0.00505
5	0.00623	0.00536	0.02014	0.00663	0.03219	0.00499	0.13874	0.06612	0.04500	0.03912	0.06509	0.04946	0.34396	0.08593	0.01822	0.00142	0.00304	0.06194	0.00282	0.00361
6	0.00631	0.00316	0.00316	0.00316	0.00395	0.00316	0.00237	0.00789	0.00710	0.01263	0.01105	0.01263	0.00868	0.00395	0.00237	0.00079	0.00158	0.00316	0.89976	0.00316
7	0.00764	0.00641	0.00901	0.28727	0.02899	0.00648	0.03898	0.05247	0.03860	0.05516	0.00685	0.00861	0.00539	0.02102	0.00375	0.00093	0.05026	0.00273	0.00204	0.36741
8	0.01224	0.01489	0.00958	0.00858	0.01033	0.73032	0.00652	0.07089	0.04997	0.00946	0.00581	0.00662	0.00475	0.00369	0.00345	0.00092	0.04360	0.00235	0.00193	0.00411

[dist]
# distance from previous block
# <min> <max>
0	2

[block]
# block no. 6 follows, 83 sequences, length 79
# corresponding to MSA columns:
# 444-522
name=unknown_G
#
# <colnr> <probs for GDERKNQSTAVLIFYWHMCP>
#	G	D	E	R	K	N	Q	S	T	A	V	L	I	F	Y	W	H	M	C	P
0	0.00631	0.00316	0.00316	0.00316	0.00395	0.00316	0.00237	0.00789	0.00710	0.01263	0.01105	0.01263	0.00868	0.00395	0.00237	0.00079	0.00158	0.00316	0.89976	0.00316
1	0.16507	0.01025	0.17988	0.00785	0.01065	0.11942	0.08940	0.12566	0.00895	0.15498	0.00837	0.02248	0.00657	0.01349	0.00340	0.00110	0.00408	0.06128	0.00249	0.00463
2	0.01265	0.01614	0.00960	0.00873	0.01047	0.86735	0.00655	0.01353	0.00960	0.00829	0.00524	0.00611	0.00436	0.00349	0.00305	0.00087	0.00611	0.00218	0.00175	0.00393
3	0.00669	0.00647	0.01141	0.72934	0.07639	0.00767	0.09618	0.00899	0.00696	0.00904	0.00613	0.00900	0.00463	0.00331	0.00345	0.00112	0.00461	0.00311	0.00154	0.00395
4	0.04030	0.00709	0.02804	0.23813	0.06003	0.02944	0.07106	0.12556	0.09324	0.13444	0.08654	0.03780	0.02489	0.00428	0.00348	0.00109	0.00365	0.00372	0.00268	0.00456
5	0.10185	0.00614	0.03592	0.36001	0.08041	0.00660	0.01683	0.03317	0.01510	0.07062	0.02043	0.02876	0.00728	0.12470	0.03471	0.00157	0.02083	0.02920	0.00205	0.00384
6	0.00538	0.00312	0.00403	0.00403	0.00403	0.00312	0.00247	0.00468	0.00468	0.00624	0.00841	0.01655	0.00927	0.46966	0.01535	0.42828	0.00312	0.00399	0.00178	0.00178
7	0.00719	0.00644	0.02460	0.13156	0.05926	0.00674	0.12703	0.05558	0.19810	0.02547	0.01203	0.16919	0.01138	0.00580	0.00403	0.00123	0.02611	0.12138	0.00264	0.00422
8	0.00413	0.00295	0.00393	0.00472	0.00491	0.00275	0.00314	0.00472	0.00649	0.00865	0.01867	0.87874	0.02240	0.01061	0.00432	0.00138	0.00197	0.00963	0.00314	0.00275
9	0.00971	0.55146	0.03226	0.00693	0.00947	0.22419	0.03943	0.03123	0.00781	0.00858	0.00572	0.04844	0.00530	0.00345	0.00262	0.00082	0.00427	0.00242	0.00166	0.00422
10	0.00537	0.00427	0.00488	0.00462	0.00577	0.00420	0.00354	0.02684	0.15829	0.01216	0.36607	0.03739	0.30269	0.00716	0.00392	0.00113	0.00195	0.04278	0.00344	0.00352
11	0.06635	0.18966	0.06541	0.12667	0.03066	0.21117	0.00691	0.13650	0.04164	0.03138	0.00635	0.00742	0.00504	0.00428	0.03338	0.00112	0.02711	0.00253	0.00202	0.00441
12	0.00837	0.00915	0.06851	0.17276	0.38965	0.07541	0.14880	0.04519	0.02920	0.01085	0.00654	0.00847	0.00517	0.00319	0.00344	0.00105	0.00458	0.00310	0.00176	0.00482
13	0.01288	0.00949	0.01017	0.00779	0.01051	0.01051	0.00644	0.84852	0.01593	0.02135	0.00813	0.00813	0.00576	0.00407	0.00339	0.00102	0.00373	0.00305	0.00339	0.00576
14	0.00745	0.00685	0.02019	0.24802	0.21784	0.00738	0.04473	0.05687	0.19630	0.01158	0.05683	0.04510	0.05750	0.00435	0.00352	0.00110	0.00359	0.00390	0.00237	0.00454
15	0.00492	0.00329	0.00372	0.00372	0.00373	0.00330	0.00209	0.00494	0.00493	0.00659	0.01065	0.02202	0.01225	0.86671	0.03139	0.00332	0.00338	0.00490	0.00205	0.00207
16	0.00492	0.00376	0.00475	0.00458	0.00548	0.00354	0.02007	0.01645	0.05341	0.01188	0.45346	0.17248	0.18408	0.00763	0.00400	0.00114	0.00188	0.02288	0.02039	0.00323
17	0.00906	0.88299	0.01775	0.00580	0.00869	0.01340	0.00580	0.01014	0.00688	0.00797	0.00471	0.00543	0.00435	0.00290	0.00217	0.00072	0.00362	0.00181	0.00145	0.00435
18	0.00540	0.00311	0.00405	0.00405	0.00405	0.00311	0.00249	0.00467	0.00467	0.00623	0.00830	0.01629	0.00913	0.45060	0.01526	0.44799	0.00311	0.00394	0.00176	0.00176
19	0.00800	0.00914	0.01999	0.01428	0.01770	0.00857	0.84752	0.01085	0.00800	0.01085	0.00685	0.00914	0.00514	0.00286	0.00400	0.00114	0.00571	0.00400	0.00171	0.00457
20	0.00823	0.00789	0.01348	0.08564	0.79616	0.00801	0.01032	0.01026	0.00764	0.01088	0.00635	0.00843	0.00530	0.00305	0.00336	0.00102	0.00406	0.00302	0.00166	0.00524
21	0.00517	0.00357	0.00453	0.00422	0.00516	0.00323	0.00319	0.00665	0.00932	0.05288	0.69880	0.02571	0.15073	0.00704	0.00397	0.00108	0.00168	0.00615	0.00367	0.00327
22	0.00650	0.00613	0.01035	0.82731	0.06800	0.00755	0.00946	0.00875	0.00682	0.00878	0.00604	0.00900	0.00456	0.00337	0.00338	0.00112	0.00449	0.00301	0.00151	0.00385
23	0.00417	0.00342	0.00368	0.00369	0.00472	0.00293	0.00276	0.00515	0.00797	0.00988	0.17063	0.07668	0.65965	0.00843	0.00403	0.00115	0.00174	0.02316	0.00324	0.00292
24	0.00800	0.00914	0.01999	0.01428	0.01770	0.00857	0.84752	0.01085	0.00800	0.01085	0.00685	0.00914	0.00514	0.00286	0.00400	0.00114	0.00571	0.00400	0.00171	0.00457
25	0.00679	0.01752	0.86340	0.00966	0.01466	0.00787	0.01252	0.01073	0.00715	0.01073	0.00608	0.00715	0.00429	0.00322	0.00322	0.00107	0.00501	0.00250	0.00143	0.00501
26	0.01055	0.01137	0.00860	0.00771	0.00957	0.40003	0.00591	0.06014	0.40957	0.01185	0.00954	0.00942	0.00734	0.00405	0.00325	0.00101	0.00428	0.00303	0.01809	0.00469
27	0.01057	0.00840	0.01451	0.01059	0.01365	0.00817	0.43068	0.21536	0.02292	0.18169	0.00852	0.00934	0.00601	0.00343	0.00367	0.00107	0.00450	0.00357	0.00265	0.04073
28	0.02187	0.00969	0.03174	0.00741	0.00965	0.23413	0.00607	0.17799	0.01041	0.36899	0.00916	0.00891	0.00632	0.00409	0.00394	0.00103	0.07751	0.00294	0.00307	0.00506
29	0.00684	0.03637	0.84499	0.00957	0.01453	0.00799	0.01237	0.01072	0.00715	0.01067	0.00605	0.00711	0.00429	0.00321	0.00320	0.00107	0.00498	0.00249	0.00143	0.00499
30	0.00407	0.00319	0.00368	0.00408	0.00475	0.00281	0.00286	0.00479	0.00710	0.00890	0.02642	0.45979	0.43635	0.00961	0.00417	0.00126	0.00184	0.00840	0.00315	0.00281
31	0.00702	0.00602	0.00702	0.00502	0.00803	0.00452	0.00401	0.00853	0.00702	0.01104	0.00602	0.00702	0.00502	0.00251	0.00251	0.00050	0.00251	0.00201	0.00201	0.90166
32	0.00786	0.00690	0.00906	0.44412	0.01623	0.03090	0.00746	0.03791	0.35238	0.03770	0.00946	0.01047	0.00704	0.00393	0.00340	0.00112	0.00374	0.00334	0.00244	0.00454
33	0.90488	0.00655	0.00498	0.00445	0.00655	0.00760	0.00367	0.00996	0.00576	0.01520	0.00472	0.00550	0.00367	0.00314	0.00210	0.00105	0.00262	0.00183	0.00210	0.00367
34	0.01192	0.00856	0.00906	0.00709	0.00949	0.02178	0.00581	0.68687	0.02481	0.03733	0.00869	0.00888	0.00628	0.00405	0.00324	0.00098	0.00342	0.00307	0.13332	0.00535
35	0.00472	0.00366	0.00444	0.00482	0.00579	0.00337	0.00400	0.00593	0.00776	0.00964	0.02621	0.03538	0.44306	0.00896	0.00434	0.00135	0.00241	0.41804	0.00313	0.00299
36	0.00702	0.00602	0.00702	0.00502	0.00803	0.00452	0.00401	0.00853	0.00702	0.01104	0.00602	0.00702	0.00502	0.00251	0.00251	0.00050	0.00251	0.00201	0.00201	0.90166
37	0.00632	0.00591	0.00994	0.84246	0.02269	0.00736	0.00919	0.00852	0.00676	0.00865	0.00646	0.03943	0.00514	0.00364	0.00342	0.00114	0.00443	0.00324	0.00156	0.00373
38	0.01079	0.00845	0.00888	0.00731	0.00962	0.02463	0.00587	0.42779	0.40138	0.03164	0.01081	0.01028	0.00792	0.00430	0.00340	0.00107	0.00325	0.00340	0.01369	0.00551
39	0.00452	0.00328	0.00431	0.00475	0.00528	0.00307	0.00350	0.00557	0.00765	0.01030	0.25248	0.44481	0.08332	0.00924	0.00427	0.00130	0.00204	0.14408	0.00330	0.00294
40	0.00805	0.49889	0.39305	0.00751	0.01134	0.01095	0.00878	0.01040	0.00700	0.00919	0.00532	0.00620	0.00432	0.00304	0.00264	0.00088	0.00424	0.00212	0.00144	0.00464
41	0.00462	0.00346	0.00429	0.00408	0.00495	0.00312	0.00306	0.00606	0.00918	0.01261	0.67698	0.02691	0.21362	0.00729	0.00400	0.00108	0.00162	0.00635	0.00360	0.00312
42	0.00431	0.00349	0.00361	0.00355	0.00470	0.00293	0.00267	0.00523	0.00790	0.02862	0.09310	0.03160	0.77991	0.00836	0.00399	0.00114	0.00173	0.00699	0.00321	0.00295
43	0.00420	0.00300	0.00399	0.00469	0.00493	0.00280	0.00316	0.00486	0.00668	0.00896	0.07193	0.80354	0.02285	0.02080	0.00446	0.00138	0.00197	0.01985	0.00317	0.00278
44	0.00640	0.00602	0.01016	0.87281	0.02333	0.00753	0.00941	0.00866	0.00677	0.00866	0.00602	0.00903	0.00452	0.00339	0.00339	0.00113	0.00452	0.00301	0.00151	0.00376
45	0.46956	0.00665	0.00661	0.00542	0.00776	0.02162	0.00446	0.08206	0.00820	0.34502	0.00837	0.00808	0.00569	0.00363	0.00273	0.00104	0.00287	0.00255	0.00301	0.00466
46	0.00723	0.18339	0.70133	0.00892	0.01352	0.00893	0.01123	0.01062	0.00710	0.01020	0.00582	0.00682	0.00430	0.00316	0.00302	0.00101	0.00474	0.00237	0.00143	0.00488
47	0.00877	0.00529	0.00588	0.00537	0.00688	0.05582	0.00428	0.03733	0.06246	0.24882	0.03677	0.08233	0.16424	0.00630	0.00365	0.00113	0.00266	0.14061	0.11734	0.00407
48	0.00479	0.00346	0.00453	0.00426	0.00506	0.00320	0.00320	0.00639	0.00959	0.01358	0.85803	0.02530	0.03196	0.00693	0.00400	0.00107	0.00160	0.00613	0.00373	0.00320
49	0.00723	0.18497	0.69979	0.00891	0.01351	0.00894	0.01122	0.01061	0.00710	0.01019	0.00581	0.00682	0.00430	0.00316	0.00302	0.00101	0.00474	0.00237	0.00143	0.00488
50	0.00749	0.00661	0.00932	0.43499	0.02747	0.00775	0.03375	0.08314	0.26041	0.01153	0.00973	0.04647	0.01956	0.00429	0.00350	0.00114	0.00376	0.02234	0.00238	0.00439
51	0.01279	0.00526	0.00707	0.00559	0.00783	0.00457	0.00455	0.01413	0.00955	0.66630	0.15809	0.01483	0.05325	0.00485	0.00352	0.00105	0.00260	0.00403	0.00404	0.01609
52	0.00807	0.00843	0.01649	0.04371	0.40854	0.00820	0.41545	0.01049	0.00782	0.01087	0.00684	0.00939	0.00552	0.00308	0.00369	0.00109	0.00484	0.02088	0.00172	0.00488
53	0.01269	0.00584	0.00760	0.00572	0.00846	0.00484	0.00468	0.01406	0.00888	0.60122	0.01111	0.01015	0.00735	0.00368	0.00313	0.00088	0.00277	0.00298	0.00352	0.28044
54	0.90488	0.00655	0.00498	0.00445	0.00655	0.00760	0.00367	0.00996	0.00576	0.01520	0.00472	0.00550	0.00367	0.00314	0.00210	0.00105	0.00262	0.00183	0.00210	0.00367
55	0.00869	0.74396	0.15360	0.00642	0.00965	0.01251	0.00688	0.01024	0.00693	0.00841	0.00493	0.00571	0.00434	0.00295	0.00234	0.00078	0.00384	0.00192	0.00145	0.00445
56	0.00738	0.00707	0.01215	0.44577	0.41631	0.00780	0.03582	0.00954	0.00725	0.00986	0.00621	0.00873	0.00493	0.00320	0.00339	0.00107	0.00432	0.00304	0.00159	0.00454
57	0.00617	0.00336	0.00371	0.00369	0.00449	0.00348	0.00283	0.02215	0.00702	0.01196	0.01090	0.01345	0.00893	0.00748	0.13814	0.00155	0.00284	0.02905	0.71563	0.00318
58	0.00759	0.42027	0.02777	0.06794	0.10676	0.00925	0.01856	0.00914	0.02861	0.02615	0.05288	0.01288	0.17820	0.00440	0.00308	0.00093	0.01596	0.00346	0.00204	0.00413
59	0.00489	0.00329	0.00368	0.00368	0.00373	0.00327	0.00207	0.00492	0.00504	0.00667	0.01165	0.02260	0.04720	0.84499	0.01670	0.00320	0.00322	0.00502	0.00210	0.00209
60	0.00783	0.00670	0.00709	0.00640	0.00819	0.00759	0.00497	0.02820	0.70613	0.01375	0.06767	0.01532	0.09514	0.00512	0.00353	0.00114	0.00253	0.00429	0.00343	0.00499
61	0.90488	0.00655	0.00498	0.00445	0.00655	0.00760	0.00367	0.00996	0.00576	0.01520	0.00472	0.00550	0.00367	0.00314	0.00210	0.00105	0.00262	0.00183	0.00210	0.00367
62	0.00926	0.00669	0.00738	0.00649	0.00843	0.00737	0.00510	0.03852	0.60650	0.14998	0.04257	0.01388	0.03786	0.00480	0.00347	0.00113	0.00266	0.01950	0.02322	0.00519
63	0.00489	0.01617	0.16598	0.00561	0.00684	0.00397	0.00493	0.00614	0.00660	0.00907	0.03329	0.56756	0.01754	0.08159	0.00512	0.00144	0.00270	0.02688	0.00269	0.03098
64	0.00407	0.00343	0.00353	0.00350	0.00462	0.00289	0.00263	0.00499	0.00788	0.00953	0.10474	0.03198	0.78778	0.00844	0.00400	0.00114	0.00171	0.00706	0.00320	0.00289
65	0.00500	0.00351	0.00459	0.00430	0.00513	0.00323	0.00323	0.00659	0.00959	0.03049	0.84121	0.02503	0.03149	0.00687	0.00398	0.00107	0.00162	0.00607	0.00374	0.00325
66	0.00476	0.00349	0.00432	0.00412	0.00502	0.00315	0.00311	0.00617	0.00912	0.02400	0.63635	0.02706	0.22961	0.00732	0.00400	0.00109	0.00167	0.01890	0.00359	0.00315
67	0.00702	0.00602	0.00702	0.00502	0.00803	0.00452	0.00401	0.00853	0.00702	0.01104	0.00602	0.00702	0.00502	0.00251	0.00251	0.00050	0.00251	0.00201	0.00201	0.90166
68	0.00913	0.86411	0.01757	0.00586	0.00873	0.03200	0.00581	0.01022	0.00694	0.00798	0.00472	0.00545	0.00435	0.00291	0.00219	0.00073	0.00368	0.00182	0.00146	0.00434
69	0.00468	0.00346	0.00437	0.00415	0.00499	0.00315	0.00311	0.00618	0.00933	0.01296	0.74292	0.02632	0.14746	0.00716	0.00400	0.00108	0.00161	0.00627	0.00365	0.00315
70	0.15960	0.00827	0.00871	0.00692	0.00941	0.00910	0.00567	0.50275	0.12293	0.11953	0.00893	0.00869	0.00633	0.00400	0.00319	0.00104	0.00331	0.00299	0.00328	0.00536
71	0.00845	0.00817	0.01628	0.01264	0.07719	0.00776	0.57871	0.04006	0.03350	0.07939	0.09435	0.01099	0.00832	0.00348	0.00387	0.00111	0.00478	0.00406	0.00222	0.00465
72	0.00438	0.00315	0.00411	0.00479	0.00508	0.00298	0.00328	0.02064	0.00672	0.00891	0.01862	0.76690	0.04514	0.03804	0.00473	0.00143	0.00209	0.05310	0.00311	0.00281
73	0.41224	0.00720	0.00759	0.05452	0.00920	0.00793	0.03044	0.24391	0.02160	0.13088	0.00733	0.00806	0.00537	0.00386	0.00307	0.02127	0.00318	0.01512	0.00272	0.00453
74	0.02103	0.00452	0.00527	0.00534	0.00625	0.01518	0.00390	0.02764	0.19456	0.05821	0.06862	0.46293	0.04754	0.02851	0.00429	0.00131	0.00232	0.03571	0.00325	0.00362
75	0.02620	0.00602	0.00702	0.00508	0.00801	0.00466	0.00407	0.01998	0.00729	0.05496	0.02052	0.00754	0.00562	0.00270	0.00258	0.00056	0.00253	0.00216	0.00217	0.81032
76	0.84955	0.02494	0.00546	0.00462	0.00676	0.00784	0.00383	0.04442	0.00621	0.01530	0.00486	0.00561	0.00377	0.00318	0.00215	0.00104	0.00269	0.00188	0.00214	0.00377
77	0.04339	0.02009	0.00599	0.00514	0.00652	0.00435	0.01849	0.00967	0.05981	0.22438	0.39813	0.12557	0.03946	0.00634	0.00376	0.00111	0.00220	0.01805	0.00359	0.00397
78	0.02330	0.00769	0.01139	0.44079	0.34767	0.07969	0.00939	0.00990	0.01977	0.00976	0.00618	0.00853	0.00490	0.00327	0.00332	0.00106	0.00440	0.00294	0.00163	0.00442

[dist]
# distance from previous block
# <min> <max>
12	21

[block]
