[name]
unknown

[dist]
# distance from previous block
# <min> <max>
0	32

[block]
# block no. 0 follows, 72 sequences, length 48
# corresponding to MSA columns:
# 80-127
name=unknown_A
#
# <colnr> <probs for GDERKNQSTAVLIFYWHMCP>
#	G	D	E	R	K	N	Q	S	T	A	V	L	I	F	Y	W	H	M	C	P
0	0.00546	0.00403	0.00551	0.00654	0.03353	0.00388	0.00494	0.00671	0.00811	0.01060	0.02156	0.38134	0.09199	0.01076	0.00496	0.00160	0.00286	0.38879	0.00345	0.00338
1	0.01052	0.39300	0.09994	0.00758	0.01072	0.01202	0.00718	0.18784	0.15683	0.02252	0.00868	0.03608	0.00710	0.00418	0.00320	0.00103	0.00396	0.00311	0.00259	0.02191
2	0.01115	0.00885	0.06591	0.01962	0.17473	0.03210	0.03528	0.10799	0.02364	0.20229	0.00962	0.02209	0.01618	0.00400	0.00378	0.00103	0.02561	0.00334	0.00288	0.22990
3	0.09069	0.02440	0.00976	0.00787	0.01035	0.16762	0.00632	0.29751	0.06208	0.19770	0.03678	0.03510	0.00833	0.00475	0.00383	0.00115	0.02321	0.00355	0.00344	0.00556
4	0.00536	0.00437	0.03131	0.00443	0.00562	0.00367	0.00347	0.00696	0.03413	0.01182	0.14082	0.12813	0.42467	0.00832	0.00413	0.00122	0.00206	0.00706	0.16899	0.00347
5	0.02443	0.00642	0.02477	0.03504	0.01021	0.00607	0.16464	0.05029	0.05356	0.09677	0.31553	0.04669	0.12257	0.00633	0.00441	0.00124	0.01742	0.00572	0.00345	0.00445
6	0.00802	0.00762	0.01293	0.53444	0.34255	0.00865	0.01096	0.01044	0.00799	0.01074	0.00689	0.00983	0.00542	0.00363	0.00378	0.00121	0.00484	0.00337	0.00176	0.00491
7	0.25353	0.06051	0.00906	0.00678	0.00931	0.00762	0.04558	0.09710	0.02721	0.32870	0.01132	0.07771	0.00882	0.01711	0.00369	0.00123	0.00338	0.02263	0.00346	0.00525
8	0.00461	0.00333	0.00437	0.00521	0.00548	0.00309	0.00349	0.00529	0.00733	0.00971	0.02181	0.82150	0.06725	0.01176	0.00482	0.00153	0.00219	0.01064	0.00352	0.00309
9	0.02577	0.01304	0.01053	0.00902	0.01117	0.40671	0.04732	0.20282	0.10188	0.01395	0.03596	0.03585	0.02158	0.00469	0.00388	0.00111	0.02497	0.00350	0.02129	0.00497
10	0.01034	0.79105	0.01907	0.00679	0.00986	0.06680	0.00659	0.01153	0.00784	0.00895	0.00530	0.00620	0.00487	0.00338	0.00279	0.00085	0.02924	0.00209	0.00164	0.00482
11	0.00940	0.00907	0.01479	0.07983	0.71923	0.02931	0.01125	0.02699	0.00868	0.01222	0.00703	0.00933	0.00588	0.00357	0.00408	0.00115	0.03715	0.00335	0.00189	0.00578
12	0.00549	0.00413	0.00498	0.00531	0.00605	0.00399	0.00380	0.04894	0.05042	0.01127	0.08590	0.48956	0.18376	0.03493	0.00507	0.00150	0.00236	0.04550	0.00357	0.00346
13	0.00542	0.00406	0.00610	0.00610	0.00677	0.00474	0.00474	0.00677	0.00610	0.00880	0.01016	0.01490	0.00948	0.02844	0.85169	0.00610	0.01016	0.00406	0.00203	0.00339
14	0.00860	0.35400	0.52142	0.00911	0.01378	0.01125	0.01105	0.01175	0.00789	0.01079	0.00620	0.00725	0.00483	0.00346	0.00314	0.00105	0.00500	0.00250	0.00161	0.00531
15	0.00914	0.00876	0.01494	0.11728	0.75101	0.00895	0.01151	0.01142	0.00852	0.01209	0.00709	0.00947	0.00590	0.00343	0.00376	0.00114	0.00457	0.00338	0.00186	0.00581
16	0.00716	0.00674	0.01138	0.85760	0.02612	0.00843	0.01053	0.00969	0.00758	0.00969	0.00674	0.01011	0.00506	0.00379	0.00379	0.00126	0.00506	0.00337	0.00169	0.00421
17	0.00939	0.00901	0.01539	0.02328	0.84306	0.00901	0.01164	0.01164	0.00864	0.01239	0.00713	0.00939	0.00601	0.00338	0.00375	0.00113	0.00451	0.00338	0.00188	0.00601
18	0.05071	0.00609	0.00824	0.00665	0.00887	0.00569	0.04478	0.03994	0.02278	0.44075	0.16335	0.05584	0.05766	0.02380	0.00456	0.00126	0.02943	0.00484	0.00402	0.02074
19	0.16539	0.00699	0.00826	0.00666	0.00935	0.00689	0.00543	0.03232	0.16089	0.53761	0.01329	0.01191	0.00883	0.00457	0.00357	0.00119	0.00315	0.00359	0.00412	0.00597
20	0.03494	0.00685	0.00893	0.00690	0.00980	0.00624	0.00569	0.08270	0.03649	0.73791	0.01431	0.01250	0.00911	0.00467	0.00378	0.00117	0.00329	0.00376	0.00455	0.00639
21	0.00520	0.00404	0.00598	0.00610	0.00664	0.00390	0.06711	0.00622	0.02094	0.00989	0.04342	0.64690	0.02197	0.09079	0.03096	0.00184	0.01230	0.00930	0.00325	0.00325
22	0.00830	0.16130	0.56724	0.01043	0.01516	0.03688	0.09865	0.01181	0.00812	0.01134	0.00704	0.03428	0.00554	0.00376	0.00353	0.00115	0.00536	0.00308	0.00171	0.00531
23	0.00462	0.00358	0.00422	0.00462	0.00535	0.00317	0.00325	0.00551	0.00815	0.01039	0.09790	0.43897	0.37560	0.01056	0.00466	0.00140	0.00205	0.00926	0.00358	0.00317
24	0.00764	0.01939	0.82703	0.01094	0.01650	0.00883	0.03382	0.01201	0.00803	0.01201	0.00683	0.00806	0.00483	0.00359	0.00362	0.00120	0.00562	0.00284	0.00161	0.00559
25	0.00980	0.00884	0.02594	0.14595	0.58948	0.00898	0.02263	0.07769	0.00932	0.05366	0.00762	0.00964	0.00605	0.00360	0.00377	0.00115	0.00454	0.00341	0.00214	0.00578
26	0.00640	0.00515	0.00807	0.00738	0.00860	0.00499	0.13294	0.03571	0.04134	0.02734	0.13396	0.38069	0.03183	0.00936	0.02072	0.00153	0.00326	0.13353	0.00338	0.00383
27	0.00560	0.00432	0.00517	0.00491	0.00603	0.00411	0.00373	0.00812	0.09541	0.01402	0.54853	0.02913	0.22038	0.00798	0.00443	0.00124	0.00199	0.02717	0.00397	0.00374
28	0.00865	0.00779	0.01282	0.44365	0.35494	0.00868	0.01059	0.03105	0.03458	0.03999	0.00751	0.01002	0.00583	0.00372	0.00378	0.00120	0.00468	0.00342	0.00199	0.00513
29	0.03530	0.27337	0.34355	0.00997	0.03588	0.08466	0.09522	0.04049	0.02774	0.01151	0.00659	0.00772	0.00515	0.00354	0.00331	0.00107	0.00511	0.00276	0.00183	0.00523
30	0.00789	0.00439	0.00538	0.00509	0.00594	0.00439	0.00365	0.03202	0.00768	0.14429	0.01377	0.17493	0.01341	0.24953	0.07335	0.00227	0.02978	0.00551	0.21309	0.00366
31	0.00739	0.00550	0.00640	0.00621	0.02071	0.06405	0.01801	0.02392	0.02828	0.09752	0.26323	0.29210	0.06202	0.05264	0.00544	0.00144	0.03057	0.00715	0.00356	0.00388
32	0.04600	0.02657	0.03427	0.00839	0.04936	0.11392	0.06467	0.05620	0.04048	0.33713	0.06306	0.05746	0.03958	0.02706	0.00425	0.00125	0.00392	0.01765	0.00348	0.00530
33	0.02030	0.05837	0.10078	0.08258	0.12921	0.16761	0.11872	0.02206	0.02388	0.10660	0.03905	0.02213	0.00726	0.00428	0.00451	0.00119	0.08061	0.00350	0.00231	0.00507
34	0.24986	0.04990	0.06470	0.03632	0.11388	0.38880	0.02235	0.01305	0.00889	0.01198	0.00596	0.00718	0.00483	0.00367	0.00317	0.00107	0.00524	0.00252	0.00200	0.00462
35	0.02699	0.42629	0.09724	0.00853	0.01153	0.29090	0.04999	0.01266	0.00874	0.00966	0.00574	0.00678	0.00490	0.00357	0.00319	0.00095	0.02342	0.00240	0.00176	0.00477
36	0.00864	0.00700	0.00909	0.06324	0.02577	0.00809	0.03347	0.12506	0.20333	0.03977	0.02405	0.07540	0.01039	0.05018	0.16413	0.00234	0.12457	0.01785	0.00289	0.00472
37	0.05209	0.10312	0.14581	0.02219	0.06438	0.02750	0.13240	0.11496	0.04961	0.11618	0.08618	0.01183	0.01637	0.00434	0.00372	0.00115	0.00431	0.01605	0.00277	0.02504
38	0.00814	0.02849	0.04350	0.23854	0.12347	0.00859	0.29827	0.01140	0.07138	0.01177	0.04548	0.01247	0.04334	0.00409	0.00405	0.00123	0.00495	0.01405	0.00217	0.02460
39	0.00462	0.00380	0.00407	0.00410	0.00523	0.00324	0.00304	0.00567	0.00881	0.01089	0.14939	0.11136	0.65354	0.00955	0.00451	0.00129	0.00193	0.00810	0.00361	0.00324
40	0.00948	0.19380	0.05736	0.13785	0.24680	0.08159	0.06344	0.04005	0.00853	0.02603	0.00704	0.00927	0.00589	0.02570	0.05211	0.00144	0.02352	0.00315	0.00192	0.00503
41	0.01976	0.04817	0.05755	0.18344	0.34205	0.01826	0.05024	0.02597	0.00834	0.07092	0.00792	0.04690	0.00663	0.00429	0.00466	0.00123	0.09270	0.00366	0.00211	0.00521
42	0.00483	0.00377	0.00418	0.00427	0.00530	0.00330	0.00316	0.00596	0.00879	0.01129	0.17900	0.15334	0.51718	0.00935	0.00445	0.00129	0.00196	0.02600	0.04930	0.00328
43	0.00484	0.00385	0.00432	0.00447	0.00542	0.00345	0.00322	0.00613	0.03652	0.01087	0.14020	0.24499	0.47062	0.03737	0.00503	0.00141	0.00207	0.00835	0.00358	0.00329
44	0.02312	0.24679	0.08069	0.02887	0.12270	0.08915	0.13079	0.09432	0.02705	0.06926	0.00753	0.01751	0.00600	0.00397	0.00382	0.01758	0.02022	0.00315	0.00224	0.00524
45	0.00725	0.00981	0.20483	0.01007	0.03106	0.00714	0.24779	0.01052	0.06155	0.01293	0.23697	0.03666	0.08007	0.00542	0.00437	0.00125	0.01980	0.00510	0.00274	0.00467
46	0.00464	0.00331	0.00442	0.00527	0.00550	0.00309	0.00352	0.00533	0.00735	0.00982	0.04145	0.84330	0.02535	0.01178	0.00483	0.00153	0.00219	0.01068	0.00354	0.00309
47	0.15634	0.00643	0.02159	0.00599	0.02530	0.00658	0.00473	0.14535	0.06120	0.12793	0.05155	0.01234	0.00943	0.00510	0.02444	0.00119	0.00296	0.00351	0.32329	0.00474

[dist]
# distance from previous block
# <min> <max>
0	1

[block]
# block no. 1 follows, 72 sequences, length 6
# corresponding to MSA columns:
# 129-134
name=unknown_B
#
# <colnr> <probs for GDERKNQSTAVLIFYWHMCP>
#	G	D	E	R	K	N	Q	S	T	A	V	L	I	F	Y	W	H	M	C	P
0	0.04515	0.32001	0.18665	0.00721	0.00998	0.00954	0.00727	0.06326	0.00831	0.01120	0.01042	0.16089	0.01063	0.04308	0.00421	0.00128	0.00394	0.09010	0.00235	0.00452
1	0.00584	0.00432	0.00523	0.00534	0.00585	0.00457	0.00363	0.00789	0.13182	0.00955	0.01467	0.25624	0.01586	0.35011	0.15901	0.00314	0.00430	0.00655	0.00283	0.00327
2	0.01337	0.00806	0.00887	0.00725	0.00972	0.06880	0.00586	0.21136	0.10001	0.35666	0.07582	0.01537	0.05740	0.00539	0.00393	0.00119	0.00352	0.03763	0.00404	0.00574
3	0.00945	0.07051	0.00857	0.02953	0.00900	0.14301	0.00555	0.05461	0.12438	0.10127	0.03690	0.10537	0.01157	0.06664	0.17726	0.00235	0.00523	0.03145	0.00291	0.00444
4	0.14773	0.00969	0.00963	0.00772	0.01046	0.09221	0.00628	0.37688	0.06713	0.21976	0.01004	0.00969	0.00699	0.00441	0.00355	0.00115	0.00394	0.00327	0.00362	0.00587
5	0.05833	0.00832	0.01047	0.03205	0.03861	0.09606	0.14444	0.03582	0.16827	0.04966	0.07419	0.11192	0.02550	0.00535	0.00414	0.00119	0.02974	0.00469	0.01768	0.08357

[dist]
# distance from previous block
# <min> <max>
0	3

[block]
# block no. 2 follows, 72 sequences, length 20
# corresponding to MSA columns:
# 138-157
name=unknown_C
#
# <colnr> <probs for GDERKNQSTAVLIFYWHMCP>
#	G	D	E	R	K	N	Q	S	T	A	V	L	I	F	Y	W	H	M	C	P
0	0.02419	0.00859	0.00861	0.00678	0.00957	0.11414	0.00536	0.14423	0.04436	0.08340	0.03124	0.05636	0.00808	0.00413	0.00332	0.00087	0.00353	0.00327	0.00285	0.43713
1	0.01148	0.01194	0.01054	0.00926	0.01072	0.32513	0.00743	0.18050	0.01051	0.01251	0.00808	0.01229	0.00738	0.00567	0.00637	0.00131	0.25554	0.10626	0.00244	0.00463
2	0.01285	0.00734	0.00969	0.04716	0.05395	0.00732	0.03855	0.20748	0.05437	0.35210	0.06074	0.04848	0.03846	0.00547	0.00435	0.03437	0.00355	0.00431	0.00381	0.00566
3	0.00782	0.00739	0.01236	0.60998	0.24277	0.00861	0.01069	0.01053	0.03307	0.01060	0.00711	0.01004	0.00551	0.00372	0.00378	0.00123	0.00485	0.00340	0.00180	0.00474
4	0.01020	0.01087	0.01169	0.04978	0.36241	0.28086	0.00880	0.01192	0.02335	0.01083	0.00863	0.01348	0.00798	0.03114	0.00472	0.03442	0.00506	0.10691	0.00214	0.00482
5	0.78235	0.00722	0.00598	0.00521	0.00763	0.00814	0.00429	0.01208	0.00701	0.12210	0.00651	0.00702	0.00478	0.00367	0.00253	0.00117	0.00297	0.00228	0.00264	0.00440
6	0.71565	0.00716	0.00623	0.00534	0.00781	0.00791	0.00440	0.01264	0.00735	0.18517	0.00725	0.00753	0.00518	0.00376	0.00264	0.00117	0.00299	0.00241	0.00282	0.00458
7	0.00463	0.00339	0.00435	0.00508	0.00546	0.00311	0.00344	0.00537	0.00757	0.00996	0.05376	0.72754	0.12953	0.01144	0.00478	0.00149	0.00215	0.01028	0.00355	0.00311
8	0.00544	0.00444	0.00494	0.00507	0.00629	0.00421	0.00396	0.00777	0.11400	0.01112	0.03036	0.10931	0.50348	0.00941	0.00458	0.00139	0.00239	0.16465	0.00356	0.00360
9	0.73622	0.00718	0.00615	0.00530	0.00776	0.00798	0.00437	0.01246	0.00724	0.16572	0.00702	0.00737	0.00505	0.00373	0.00261	0.00117	0.00299	0.00237	0.00277	0.00453
10	0.00467	0.00339	0.00442	0.00522	0.00556	0.00314	0.00356	0.00540	0.00744	0.00980	0.02245	0.75748	0.09838	0.01162	0.00482	0.00152	0.00223	0.04227	0.00352	0.00311
11	0.12841	0.00706	0.00870	0.00676	0.00963	0.00669	0.00558	0.11462	0.01113	0.64182	0.01303	0.01159	0.00836	0.00453	0.00362	0.00117	0.00330	0.00354	0.00429	0.00615
12	0.08850	0.00718	0.00894	0.00691	0.00982	0.00679	0.00571	0.14541	0.01159	0.64864	0.01325	0.01176	0.00849	0.00458	0.00369	0.00117	0.00335	0.00361	0.00436	0.00626
13	0.02256	0.00538	0.00636	0.00569	0.00731	0.00536	0.00448	0.03972	0.15704	0.16908	0.26855	0.02151	0.08568	0.00640	0.00398	0.00120	0.00248	0.05492	0.12771	0.00461
14	0.05595	0.00829	0.00974	0.00752	0.01046	0.00841	0.00621	0.36201	0.02995	0.44326	0.01205	0.01101	0.00794	0.00459	0.00374	0.00116	0.00361	0.00357	0.00419	0.00634
15	0.00489	0.00400	0.00434	0.00428	0.00546	0.00354	0.00320	0.00643	0.04326	0.01158	0.21836	0.07168	0.58739	0.00911	0.00447	0.00127	0.00195	0.00772	0.00368	0.00340
16	0.19012	0.00697	0.00938	0.00723	0.01013	0.00652	0.07936	0.01646	0.00981	0.60638	0.01239	0.01133	0.00801	0.00433	0.00358	0.00118	0.00345	0.00352	0.00398	0.00587
17	0.00462	0.00330	0.00440	0.00528	0.00550	0.00308	0.00352	0.00528	0.00726	0.00968	0.02090	0.86424	0.02508	0.01188	0.00484	0.00154	0.00220	0.01078	0.00352	0.00308
18	0.81399	0.00749	0.00646	0.00663	0.08250	0.00855	0.00478	0.01119	0.00665	0.01660	0.00545	0.00645	0.00428	0.00351	0.00247	0.00117	0.00308	0.00217	0.00230	0.00428
19	0.01000	0.00913	0.01174	0.02873	0.27130	0.07789	0.03719	0.15638	0.06089	0.02263	0.06105	0.01137	0.03755	0.00447	0.00451	0.00113	0.08107	0.00365	0.00260	0.10673

[dist]
# distance from previous block
# <min> <max>
0	1

[block]
# block no. 3 follows, 72 sequences, length 46
# corresponding to MSA columns:
# 182-227
name=unknown_D
#
# <colnr> <probs for GDERKNQSTAVLIFYWHMCP>
#	G	D	E	R	K	N	Q	S	T	A	V	L	I	F	Y	W	H	M	C	P
0	0.06148	0.36965	0.20928	0.04264	0.03689	0.08584	0.01937	0.01184	0.00802	0.04856	0.00647	0.00779	0.00531	0.01674	0.02298	0.00118	0.03656	0.00260	0.00186	0.00494
1	0.00886	0.00634	0.00709	0.00613	0.00792	0.00655	0.00481	0.22806	0.12203	0.06609	0.21625	0.07233	0.18274	0.00686	0.00412	0.00122	0.00272	0.00575	0.03941	0.00473
2	0.22840	0.03377	0.07227	0.00681	0.00971	0.00732	0.03629	0.07549	0.03424	0.25853	0.06760	0.01078	0.00868	0.00420	0.00332	0.00109	0.00337	0.00327	0.01694	0.11793
3	0.03533	0.05911	0.05343	0.13741	0.11656	0.02974	0.03867	0.06230	0.02655	0.01218	0.03095	0.11629	0.00902	0.00576	0.04235	0.00129	0.00415	0.00405	0.00236	0.21251
4	0.00557	0.00418	0.00594	0.00586	0.00637	0.00484	0.00439	0.00662	0.00596	0.00851	0.01029	0.01668	0.01018	0.20397	0.63687	0.00538	0.04879	0.00433	0.00207	0.00319
5	0.00527	0.00398	0.00496	0.00550	0.00618	0.00385	0.00404	0.00702	0.07515	0.01084	0.06924	0.49411	0.14666	0.01054	0.00475	0.00149	0.00240	0.13701	0.00358	0.00343
6	0.05597	0.11124	0.32084	0.05038	0.13732	0.07303	0.03124	0.06137	0.00893	0.06451	0.00749	0.02750	0.00585	0.00388	0.00357	0.00113	0.01342	0.00308	0.00210	0.01714
7	0.03232	0.18089	0.30215	0.02075	0.16068	0.03533	0.06234	0.08232	0.02802	0.03127	0.01458	0.00849	0.00576	0.00370	0.00357	0.00111	0.01623	0.00299	0.00204	0.00548
8	0.00473	0.00364	0.00425	0.00466	0.00537	0.00327	0.00331	0.00554	0.00782	0.00984	0.02780	0.37490	0.38309	0.08312	0.00593	0.00162	0.00229	0.06230	0.00342	0.00309
9	0.00544	0.00390	0.00459	0.00452	0.00559	0.00343	0.00335	0.00666	0.00925	0.05428	0.30423	0.15903	0.40377	0.00908	0.00450	0.00129	0.00199	0.00783	0.00380	0.00348
10	0.00827	0.04323	0.16435	0.07099	0.10928	0.04987	0.00826	0.01094	0.06243	0.01144	0.00851	0.04822	0.02871	0.00443	0.00466	0.00109	0.11963	0.00338	0.00212	0.24018
11	0.00808	0.00691	0.00808	0.00584	0.00910	0.00545	0.00469	0.03488	0.00811	0.01262	0.00676	0.00792	0.00562	0.00297	0.00312	0.00061	0.02768	0.00231	0.00228	0.83697
12	0.00501	0.00382	0.00460	0.00450	0.00547	0.00341	0.00334	0.00642	0.00974	0.01307	0.50219	0.10180	0.30539	0.00872	0.00451	0.00125	0.00187	0.00758	0.00390	0.00341
13	0.00474	0.00344	0.00443	0.00516	0.00552	0.00319	0.00353	0.00547	0.00747	0.00983	0.03985	0.68540	0.10642	0.05058	0.00548	0.00161	0.00229	0.04905	0.00348	0.00309
14	0.01302	0.02888	0.00874	0.00689	0.00939	0.07076	0.00555	0.06682	0.13395	0.41036	0.07501	0.01395	0.04167	0.00564	0.02910	0.00127	0.00357	0.00399	0.00390	0.06753
15	0.00737	0.00413	0.00396	0.00389	0.00486	0.02623	0.00293	0.00952	0.04589	0.01409	0.01234	0.01395	0.00968	0.00444	0.00273	0.00090	0.00196	0.00354	0.82393	0.00367
16	0.00564	0.00385	0.00447	0.00457	0.00473	0.00384	0.00276	0.03610	0.00637	0.00850	0.01388	0.21503	0.01608	0.64040	0.01544	0.00310	0.00336	0.00663	0.00263	0.00263
17	0.18034	0.01006	0.02197	0.02096	0.06121	0.18408	0.00641	0.18117	0.08779	0.02264	0.05404	0.02973	0.02732	0.00507	0.01163	0.00121	0.03358	0.02560	0.03031	0.00488
18	0.02288	0.81959	0.05557	0.00665	0.00999	0.01464	0.00678	0.01138	0.00770	0.00917	0.00534	0.00617	0.00485	0.00326	0.00248	0.00083	0.00411	0.00206	0.00163	0.00489
19	0.01118	0.00857	0.01258	0.00933	0.01257	0.02671	0.22584	0.13945	0.07071	0.17430	0.00955	0.01009	0.00692	0.00374	0.00369	0.00102	0.00416	0.00348	0.00298	0.26312
20	0.01031	0.65568	0.12465	0.00745	0.01083	0.11702	0.00756	0.01191	0.00812	0.00936	0.00554	0.00642	0.00486	0.00337	0.00270	0.00088	0.00460	0.00218	0.00166	0.00490
21	0.01249	0.11451	0.01068	0.00759	0.00996	0.07501	0.00623	0.27999	0.05619	0.20210	0.01188	0.10630	0.03057	0.00548	0.00423	0.00118	0.05246	0.00424	0.00343	0.00548
22	0.00783	0.00769	0.01384	0.58080	0.16253	0.00871	0.14346	0.01042	0.00798	0.01054	0.00696	0.01001	0.00533	0.00363	0.00390	0.00124	0.00518	0.00355	0.00176	0.00466
23	0.00527	0.00396	0.00491	0.00482	0.00576	0.00366	0.00361	0.00706	0.03523	0.01356	0.54633	0.11975	0.18475	0.00857	0.00452	0.00127	0.00196	0.03753	0.00395	0.00353
24	0.00725	0.00683	0.01154	0.82406	0.05896	0.00845	0.01058	0.00977	0.00763	0.00980	0.00676	0.01008	0.00509	0.00378	0.00379	0.00126	0.00503	0.00337	0.00169	0.00429
25	0.00543	0.00401	0.00581	0.00581	0.00639	0.00459	0.00439	0.00659	0.00601	0.00859	0.01042	0.01634	0.01011	0.15028	0.73070	0.00574	0.00922	0.00427	0.00207	0.00323
26	0.00616	0.00457	0.00612	0.00590	0.00652	0.00518	0.00438	0.06397	0.00679	0.00952	0.01068	0.04290	0.01070	0.24507	0.51465	0.00480	0.04195	0.00457	0.00226	0.00334
27	0.01674	0.00690	0.00908	0.00696	0.00990	0.00624	0.00575	0.10535	0.01160	0.75776	0.01434	0.01250	0.00907	0.00468	0.00381	0.00117	0.00333	0.00377	0.00460	0.00645
28	0.00864	0.00464	0.00493	0.00449	0.00580	0.00474	0.00348	0.07294	0.06675	0.08536	0.01256	0.01365	0.00957	0.00450	0.00292	0.00096	0.00216	0.00360	0.68413	0.00418
29	0.00761	0.01962	0.84707	0.01081	0.01641	0.00881	0.01401	0.01201	0.00801	0.01201	0.00681	0.00801	0.00480	0.00360	0.00360	0.00120	0.00560	0.00280	0.00160	0.00560
30	0.03405	0.00902	0.01001	0.00776	0.01058	0.00961	0.00639	0.56142	0.01518	0.20626	0.01060	0.01031	0.00733	0.00455	0.00367	0.00113	0.00373	0.00348	0.07876	0.00615
31	0.00490	0.00349	0.00467	0.00552	0.00584	0.00331	0.00390	0.00571	0.00744	0.00987	0.02046	0.70114	0.02416	0.04085	0.00540	0.00165	0.00246	0.14262	0.00347	0.00312
32	0.00542	0.00404	0.00596	0.00596	0.00659	0.00467	0.00457	0.00668	0.00605	0.00870	0.01028	0.01560	0.00979	0.08761	0.79294	0.00592	0.00970	0.00417	0.00205	0.00331
33	0.01417	0.01808	0.01075	0.00977	0.01172	0.85149	0.00733	0.01514	0.01075	0.00928	0.00586	0.00684	0.00489	0.00391	0.00342	0.00098	0.00684	0.00244	0.00195	0.00440
34	0.00473	0.00385	0.00419	0.00410	0.00528	0.00331	0.00308	0.00593	0.00923	0.01164	0.26459	0.03420	0.61448	0.00908	0.00448	0.00126	0.00188	0.00768	0.00371	0.00331
35	0.03796	0.00556	0.00719	0.00598	0.00798	0.00512	0.00475	0.04747	0.02637	0.41646	0.33105	0.05543	0.01994	0.00615	0.00407	0.00120	0.00266	0.00522	0.00432	0.00513
36	0.00939	0.00901	0.01539	0.02328	0.84306	0.00901	0.01164	0.01164	0.00864	0.01239	0.00713	0.00939	0.00601	0.00338	0.00375	0.00113	0.00451	0.00338	0.00188	0.00601
37	0.00512	0.00387	0.00472	0.00451	0.00551	0.00347	0.00338	0.00667	0.01014	0.01380	0.61402	0.03064	0.26370	0.00828	0.00448	0.00122	0.00183	0.00718	0.00399	0.00347
38	0.01481	0.00671	0.00848	0.00667	0.00928	0.00631	0.00545	0.13791	0.03696	0.57353	0.06350	0.01342	0.01063	0.00485	0.00375	0.00115	0.00314	0.00393	0.08353	0.00601
39	0.00820	0.00780	0.01326	0.46677	0.40880	0.00870	0.01105	0.01060	0.00808	0.01095	0.00692	0.00977	0.00550	0.00360	0.00377	0.00120	0.00480	0.00337	0.00178	0.00505
40	0.67790	0.00812	0.00677	0.00582	0.00827	0.03476	0.00476	0.12502	0.04086	0.04846	0.00658	0.00715	0.00494	0.00378	0.00269	0.00117	0.00324	0.00241	0.00268	0.00460
41	0.04714	0.08651	0.37682	0.00874	0.01286	0.00888	0.00954	0.14159	0.01025	0.24779	0.00926	0.00932	0.00633	0.00402	0.00354	0.00115	0.00447	0.00309	0.00284	0.00585
42	0.00579	0.00434	0.00496	0.00471	0.00593	0.00403	0.00359	0.04286	0.04055	0.02657	0.34057	0.05138	0.37610	0.00831	0.00437	0.00124	0.00207	0.02959	0.03936	0.00366
43	0.00464	0.00335	0.00435	0.00513	0.00543	0.00311	0.00343	0.00530	0.00732	0.00966	0.02202	0.77352	0.08948	0.03725	0.00524	0.00158	0.00222	0.01040	0.00348	0.00307
44	0.00722	0.02434	0.00759	0.03212	0.06289	0.00528	0.00494	0.02236	0.04479	0.02768	0.22398	0.09885	0.04870	0.00556	0.00369	0.00098	0.00270	0.01386	0.00301	0.35945
45	0.00629	0.00536	0.00779	0.00716	0.00766	0.00658	0.03094	0.00736	0.00615	0.00890	0.01000	0.04647	0.03115	0.11917	0.43932	0.00413	0.24563	0.00440	0.00205	0.00351

[dist]
# distance from previous block
# <min> <max>
0	1

[block]
# block no. 4 follows, 72 sequences, length 31
# corresponding to MSA columns:
# 229-259
name=unknown_E
#
# <colnr> <probs for GDERKNQSTAVLIFYWHMCP>
#	G	D	E	R	K	N	Q	S	T	A	V	L	I	F	Y	W	H	M	C	P
0	0.00552	0.00368	0.00414	0.00414	0.00414	0.00368	0.00230	0.00552	0.00552	0.00735	0.01195	0.02482	0.01379	0.86672	0.01930	0.00368	0.00368	0.00552	0.00230	0.00230
1	0.04369	0.03793	0.03997	0.00864	0.01104	0.52967	0.00683	0.02701	0.09584	0.01106	0.00705	0.00780	0.00569	0.00382	0.00331	0.00095	0.00548	0.00261	0.00222	0.14939
2	0.00854	0.27817	0.29459	0.03000	0.01189	0.00994	0.01721	0.07006	0.00879	0.02143	0.09317	0.07562	0.00981	0.00499	0.01286	0.00116	0.03223	0.00370	0.00223	0.01358
3	0.00482	0.00379	0.00436	0.00449	0.00544	0.00336	0.00328	0.00605	0.01979	0.01140	0.22749	0.22345	0.43787	0.00963	0.00456	0.00133	0.00199	0.01990	0.00368	0.00331
4	0.00552	0.00368	0.00414	0.00414	0.00414	0.00368	0.00230	0.00552	0.00552	0.00735	0.01195	0.02482	0.01379	0.86672	0.01930	0.00368	0.00368	0.00552	0.00230	0.00230
5	0.03111	0.68975	0.02750	0.00699	0.02229	0.05097	0.00657	0.02368	0.03515	0.06684	0.00639	0.00696	0.00542	0.00347	0.00267	0.00088	0.00409	0.00229	0.00197	0.00502
6	0.13366	0.00643	0.00747	0.00619	0.00831	0.03242	0.02196	0.07402	0.02486	0.31053	0.26817	0.01748	0.06129	0.00568	0.00385	0.00118	0.00292	0.00468	0.00392	0.00497
7	0.00476	0.00351	0.00467	0.00543	0.00567	0.00342	0.00369	0.00544	0.00724	0.00967	0.02072	0.80878	0.04534	0.01161	0.00513	0.00154	0.03637	0.01041	0.00345	0.00313
8	0.01118	0.00693	0.00764	0.00628	0.00820	0.00735	0.00499	0.37238	0.01227	0.09701	0.01065	0.01183	0.00807	0.02699	0.00477	0.07992	0.00315	0.00354	0.31195	0.00490
9	0.00840	0.00797	0.01339	0.25468	0.54868	0.00840	0.01065	0.01065	0.00840	0.01159	0.02971	0.01153	0.05159	0.00394	0.00382	0.00117	0.00445	0.00371	0.00197	0.00529
10	0.00466	0.00343	0.00437	0.00502	0.00546	0.00314	0.00343	0.00546	0.00776	0.01023	0.09280	0.66924	0.14869	0.01119	0.00476	0.00147	0.00212	0.01003	0.00358	0.00314
11	0.06491	0.00693	0.00827	0.00667	0.00911	0.00687	0.00539	0.16375	0.09651	0.39990	0.12967	0.01523	0.04569	0.01857	0.00409	0.00122	0.00311	0.00431	0.00415	0.00567
12	0.01472	0.00680	0.00853	0.00679	0.00943	0.00648	0.00553	0.08471	0.13625	0.57673	0.03055	0.01317	0.01002	0.00479	0.00375	0.00117	0.00314	0.00389	0.06745	0.00612
13	0.01014	0.86900	0.01987	0.00649	0.00973	0.01501	0.00649	0.01136	0.00771	0.00892	0.00527	0.00608	0.00487	0.00324	0.00243	0.00081	0.00406	0.00203	0.00162	0.00487
14	0.01096	0.00902	0.00994	0.00772	0.01068	0.03668	0.03285	0.33062	0.17670	0.01743	0.00939	0.00964	0.00711	0.00400	0.00347	0.00097	0.00363	0.00319	0.00315	0.31286
15	0.00885	0.43564	0.44191	0.00869	0.01314	0.01184	0.01033	0.01169	0.00786	0.01050	0.00605	0.00707	0.00483	0.00343	0.00303	0.00101	0.00485	0.00242	0.00161	0.00524
16	0.03718	0.00776	0.01078	0.00864	0.01085	0.06434	0.19311	0.06351	0.04540	0.02587	0.03803	0.19995	0.04508	0.00590	0.00447	0.00118	0.05380	0.00528	0.00273	0.17614
17	0.01371	0.01299	0.01125	0.00925	0.01182	0.31776	0.03759	0.42619	0.06182	0.03071	0.00855	0.00935	0.00650	0.00442	0.00372	0.00111	0.00513	0.01949	0.00307	0.00557
18	0.00527	0.00387	0.00494	0.00467	0.00561	0.00354	0.00350	0.00697	0.01051	0.01468	0.75491	0.02921	0.12227	0.00795	0.00447	0.00120	0.00180	0.00698	0.00410	0.00354
19	0.00879	0.00841	0.01432	0.24575	0.62522	0.00886	0.01134	0.01112	0.00836	0.01167	0.00703	0.00958	0.00575	0.00349	0.00376	0.00116	0.00465	0.00338	0.00183	0.00553
20	0.18518	0.03021	0.01051	0.00904	0.03712	0.38170	0.03715	0.18711	0.03022	0.04757	0.00711	0.00779	0.00547	0.00397	0.00335	0.00108	0.00514	0.00277	0.00256	0.00498
21	0.62746	0.00707	0.00655	0.00552	0.00805	0.00762	0.00455	0.01337	0.00779	0.26855	0.00822	0.00821	0.00571	0.00388	0.00279	0.00117	0.00302	0.00259	0.00306	0.00482
22	0.01574	0.00775	0.00951	0.00737	0.01028	0.00759	0.00607	0.24731	0.07167	0.55504	0.01335	0.01193	0.00872	0.00469	0.00381	0.00117	0.00348	0.00374	0.00438	0.00642
23	0.00786	0.10528	0.76364	0.01037	0.01574	0.00943	0.01325	0.01194	0.00798	0.01170	0.00665	0.00781	0.00481	0.00357	0.00349	0.00116	0.00545	0.00272	0.00160	0.00553
24	0.00504	0.00347	0.00453	0.00520	0.00562	0.00319	0.00354	0.00580	0.00762	0.03722	0.05468	0.74255	0.08477	0.01132	0.00477	0.00150	0.00220	0.01019	0.00358	0.00322
25	0.00462	0.00330	0.00440	0.00528	0.00550	0.00308	0.00352	0.00528	0.00726	0.00968	0.02090	0.86424	0.02508	0.01188	0.00484	0.00154	0.00220	0.01078	0.00352	0.00308
26	0.01043	0.80826	0.01922	0.00672	0.00988	0.07471	0.00655	0.01163	0.00792	0.00895	0.00531	0.00614	0.00487	0.00329	0.00250	0.00082	0.00425	0.00206	0.00165	0.00483
27	0.00724	0.00682	0.01152	0.82669	0.05639	0.00845	0.01057	0.00976	0.00762	0.00979	0.00676	0.01008	0.00509	0.00378	0.00379	0.00126	0.00504	0.00337	0.00169	0.00428
28	0.00476	0.00353	0.00499	0.00563	0.00597	0.00329	0.03039	0.00550	0.00732	0.00976	0.02047	0.83645	0.02445	0.01160	0.00483	0.00153	0.00234	0.01058	0.00347	0.00315
29	0.00500	0.00377	0.00467	0.00505	0.00585	0.00345	0.00381	0.00617	0.00863	0.01123	0.18425	0.29647	0.27816	0.01013	0.00473	0.00143	0.00227	0.15799	0.00364	0.00329
30	0.00939	0.00895	0.01491	0.02217	0.78359	0.00904	0.01124	0.01225	0.06771	0.01264	0.00773	0.00973	0.00640	0.00351	0.00376	0.00114	0.00440	0.00344	0.00202	0.00601

[dist]
# distance from previous block
# <min> <max>
0	26

[block]
# block no. 5 follows, 72 sequences, length 7
# corresponding to MSA columns:
# 286-292
name=unknown_F
#
# <colnr> <probs for GDERKNQSTAVLIFYWHMCP>
#	G	D	E	R	K	N	Q	S	T	A	V	L	I	F	Y	W	H	M	C	P
0	0.00970	0.72163	0.16339	0.00724	0.01089	0.01393	0.00779	0.01147	0.00776	0.00946	0.00554	0.00642	0.00486	0.00331	0.00264	0.00088	0.00432	0.00216	0.00162	0.00500
1	0.00448	0.00384	0.00384	0.00384	0.00512	0.00320	0.00288	0.00544	0.00864	0.01025	0.03842	0.03650	0.84152	0.00960	0.00448	0.00128	0.00192	0.00800	0.00352	0.00320
2	0.00632	0.00409	0.00537	0.00493	0.00599	0.00374	0.00374	0.00808	0.01075	0.08309	0.77353	0.02707	0.03363	0.00750	0.00442	0.00119	0.00191	0.00661	0.00422	0.00381
3	0.01019	0.00700	0.00792	0.00699	0.00891	0.00747	0.00549	0.21025	0.25627	0.12278	0.01584	0.18249	0.04180	0.00669	0.00407	0.00129	0.00309	0.05152	0.04468	0.00524
4	0.04120	0.04911	0.53807	0.01010	0.01477	0.00938	0.05788	0.15438	0.00989	0.06899	0.00768	0.00851	0.00542	0.00380	0.00361	0.00118	0.00509	0.00301	0.00223	0.00570
5	0.01126	0.01029	0.08996	0.06155	0.14145	0.05397	0.06594	0.31185	0.05511	0.05508	0.00911	0.01003	0.00676	0.00413	0.00368	0.00113	0.00435	0.00345	0.09525	0.00564
6	0.06109	0.00999	0.07732	0.00842	0.01153	0.11864	0.08371	0.11912	0.01089	0.38746	0.01063	0.01029	0.00719	0.00416	0.00366	0.00112	0.00427	0.00337	0.00343	0.06373

[dist]
# distance from previous block
# <min> <max>
0	54

[block]
# block no. 6 follows, 72 sequences, length 58
# corresponding to MSA columns:
# 352-409
name=unknown_G
#
# <colnr> <probs for GDERKNQSTAVLIFYWHMCP>
#	G	D	E	R	K	N	Q	S	T	A	V	L	I	F	Y	W	H	M	C	P
0	0.01267	0.04763	0.04911	0.00851	0.07259	0.02653	0.01711	0.09418	0.14829	0.36233	0.03476	0.05700	0.02031	0.00497	0.00380	0.00117	0.00353	0.00413	0.00372	0.02765
1	0.00551	0.00369	0.00419	0.00417	0.00422	0.00367	0.00237	0.00560	0.00579	0.00777	0.05614	0.02501	0.01496	0.82093	0.01851	0.00354	0.00358	0.00559	0.00240	0.00237
2	0.01214	0.42515	0.04388	0.00774	0.01091	0.05506	0.00708	0.35636	0.01217	0.02620	0.00709	0.00755	0.00559	0.00386	0.00311	0.00098	0.00429	0.00268	0.00259	0.00556
3	0.00470	0.00343	0.00443	0.00507	0.00548	0.00316	0.00346	0.00555	0.00786	0.01047	0.13092	0.66861	0.11068	0.01110	0.00476	0.00147	0.00212	0.00998	0.00361	0.00316
4	0.01060	0.03882	0.02695	0.00727	0.03506	0.02551	0.03733	0.09959	0.03745	0.21874	0.17500	0.01418	0.03128	0.00475	0.00367	0.00102	0.00323	0.00399	0.00341	0.22213
5	0.08859	0.02593	0.02643	0.10058	0.19763	0.02982	0.00744	0.13018	0.00986	0.14254	0.01298	0.05849	0.11325	0.00518	0.00406	0.00121	0.03355	0.00425	0.00289	0.00513
6	0.00538	0.00363	0.00422	0.00434	0.00442	0.00358	0.00255	0.00557	0.00605	0.00811	0.05745	0.14782	0.01661	0.69587	0.01640	0.00323	0.00336	0.00636	0.00258	0.00248
7	0.00499	0.00395	0.00455	0.00470	0.00581	0.00351	0.00370	0.00626	0.00901	0.01136	0.17799	0.05392	0.50673	0.00951	0.00465	0.00137	0.00224	0.17882	0.00363	0.00333
8	0.00910	0.00737	0.00827	0.00611	0.00930	0.02494	0.00490	0.10346	0.02731	0.05191	0.00851	0.00921	0.03108	0.00337	0.00305	0.00070	0.00305	0.00267	0.00260	0.68307
9	0.00512	0.00375	0.00482	0.00554	0.00596	0.00364	0.00383	0.01912	0.05554	0.01035	0.02058	0.75340	0.03380	0.01128	0.00478	0.00153	0.00233	0.04776	0.00354	0.00332
10	0.00469	0.00341	0.00442	0.00509	0.00548	0.00315	0.00347	0.00550	0.00778	0.01035	0.11360	0.69459	0.10205	0.01121	0.00477	0.00148	0.00213	0.01009	0.00359	0.00315
11	0.00826	0.00756	0.02942	0.52821	0.08735	0.00844	0.05936	0.07707	0.05028	0.03345	0.00865	0.06009	0.00708	0.00442	0.00391	0.00126	0.00470	0.01360	0.00220	0.00470
12	0.00798	0.14609	0.72390	0.01017	0.01542	0.00973	0.01289	0.01191	0.00796	0.01155	0.00658	0.00772	0.00481	0.00355	0.00343	0.00114	0.00537	0.00269	0.00160	0.00550
13	0.00719	0.00679	0.01138	0.83327	0.02566	0.00852	0.01047	0.00967	0.00753	0.00967	0.00669	0.01006	0.00505	0.00387	0.00404	0.00128	0.02959	0.00337	0.00168	0.00421
14	0.00470	0.00386	0.00418	0.00434	0.00548	0.00334	0.00332	0.00576	0.00861	0.01046	0.05479	0.09722	0.66657	0.00983	0.00460	0.00135	0.00212	0.10271	0.00353	0.00324
15	0.00612	0.00508	0.00693	0.00669	0.00741	0.04213	0.02109	0.00739	0.00642	0.00896	0.01001	0.01548	0.00953	0.04678	0.66676	0.01843	0.06827	0.04100	0.00207	0.00347
16	0.01036	0.00681	0.00791	0.00673	0.00876	0.00714	0.00532	0.13338	0.29096	0.18079	0.27774	0.01769	0.01812	0.00580	0.00404	0.00121	0.00283	0.00489	0.00412	0.00538
17	0.00818	0.00822	0.02153	0.05627	0.14719	0.10068	0.16344	0.01066	0.06878	0.03001	0.06060	0.09690	0.16551	0.00603	0.00428	0.00126	0.01347	0.02973	0.00272	0.00454
18	0.01310	0.12447	0.01197	0.00943	0.03847	0.49787	0.00722	0.15182	0.08810	0.01240	0.00726	0.00788	0.00580	0.00403	0.00341	0.00102	0.00560	0.00275	0.00239	0.00500
19	0.01047	0.00806	0.01080	0.00796	0.01123	0.00732	0.12391	0.17696	0.04908	0.11118	0.00871	0.00933	0.00652	0.00354	0.00341	0.00089	0.00366	0.00308	0.00287	0.44103
20	0.00856	0.08811	0.00777	0.00587	0.00709	0.03931	0.00438	0.13978	0.00841	0.07349	0.01052	0.01709	0.01029	0.39330	0.16708	0.00315	0.00508	0.00433	0.00259	0.00380
21	0.04833	0.00854	0.00866	0.00736	0.00973	0.11451	0.00582	0.02619	0.33696	0.32608	0.05694	0.01313	0.01083	0.00488	0.00376	0.00119	0.00352	0.00391	0.00389	0.00577
22	0.02733	0.00696	0.01162	0.76129	0.10120	0.00848	0.01049	0.00990	0.00766	0.01010	0.00674	0.00996	0.00512	0.00375	0.00376	0.00125	0.00496	0.00334	0.00172	0.00438
23	0.00844	0.00833	0.01401	0.14693	0.06381	0.04308	0.31218	0.05710	0.07316	0.01274	0.09187	0.01631	0.04435	0.00498	0.00427	0.00129	0.00479	0.08504	0.00258	0.00475
24	0.00551	0.00372	0.00433	0.00433	0.00440	0.00378	0.00254	0.00564	0.00557	0.00750	0.01177	0.02382	0.01336	0.78245	0.10298	0.00392	0.00433	0.00537	0.00227	0.00241
25	0.05213	0.00380	0.00447	0.00485	0.00561	0.00353	0.00348	0.00601	0.00816	0.01108	0.14013	0.42997	0.26018	0.01015	0.00457	0.00141	0.00215	0.04154	0.00355	0.00326
26	0.00501	0.00377	0.00463	0.00462	0.00550	0.00339	0.00339	0.00638	0.00958	0.01294	0.48717	0.17937	0.24245	0.00897	0.00454	0.00128	0.00190	0.00785	0.00389	0.00339
27	0.13874	0.05245	0.08864	0.00839	0.01152	0.02665	0.03410	0.50985	0.01391	0.04812	0.00851	0.02726	0.00634	0.00436	0.00354	0.00114	0.00417	0.00329	0.00321	0.00580
28	0.00659	0.00329	0.00494	0.00494	0.00494	0.00329	0.00329	0.00494	0.00494	0.00659	0.00659	0.01153	0.00659	0.01318	0.01482	0.88966	0.00329	0.00329	0.00165	0.00165
29	0.00464	0.00362	0.00422	0.00458	0.00537	0.00320	0.00326	0.00557	0.00826	0.01048	0.10588	0.38656	0.40968	0.01041	0.00464	0.00139	0.00205	0.01942	0.00358	0.00319
30	0.06262	0.01023	0.05922	0.08075	0.07759	0.11414	0.05534	0.19882	0.16843	0.01500	0.01781	0.07405	0.00843	0.00489	0.00410	0.00122	0.03528	0.00398	0.00284	0.00526
31	0.00723	0.00456	0.00571	0.00542	0.00658	0.00438	0.00405	0.00970	0.10494	0.12486	0.37416	0.22891	0.05957	0.00802	0.00434	0.00128	0.00223	0.00705	0.03290	0.00410
32	0.00475	0.00344	0.00443	0.00510	0.00547	0.00320	0.00347	0.00551	0.00756	0.01002	0.07673	0.65829	0.10083	0.06088	0.00563	0.00162	0.00227	0.03420	0.00349	0.00309
33	0.03284	0.46011	0.13239	0.00747	0.01043	0.13271	0.00729	0.03141	0.00842	0.01020	0.01430	0.09507	0.00773	0.00458	0.00312	0.00102	0.00442	0.02981	0.00201	0.00469
34	0.01417	0.08069	0.01140	0.00822	0.01111	0.07932	0.01533	0.46076	0.07336	0.19197	0.01018	0.00984	0.00716	0.00445	0.00367	0.00112	0.00412	0.00338	0.00364	0.00611
35	0.00707	0.00502	0.00568	0.00517	0.00662	0.01425	0.00400	0.06233	0.07659	0.08110	0.31990	0.02732	0.31556	0.00768	0.00429	0.00123	0.00230	0.02416	0.02567	0.00407
36	0.00806	0.00686	0.00797	0.00571	0.00907	0.00526	0.00458	0.03418	0.00816	0.01270	0.00681	0.00790	0.00564	0.00286	0.00284	0.00058	0.00285	0.00228	0.00229	0.86339
37	0.04929	0.42110	0.17923	0.00738	0.01066	0.04521	0.00750	0.07314	0.00862	0.07203	0.00722	0.00896	0.00610	0.08371	0.00447	0.00123	0.00434	0.00276	0.00211	0.00496
38	0.00477	0.00356	0.00431	0.00480	0.00534	0.00325	0.00331	0.00552	0.00761	0.00981	0.05149	0.47522	0.25084	0.11147	0.00644	0.00172	0.00233	0.04176	0.00340	0.00306
39	0.05766	0.16294	0.34764	0.00924	0.01301	0.20589	0.00969	0.11638	0.00972	0.01258	0.00651	0.00745	0.00501	0.00377	0.00345	0.00108	0.01814	0.00263	0.00201	0.00520
40	0.00492	0.00353	0.00458	0.00525	0.00563	0.00333	0.00367	0.00572	0.00751	0.00993	0.05870	0.58067	0.07847	0.10247	0.00639	0.00176	0.00248	0.10850	0.00342	0.00308
41	0.00548	0.00409	0.00494	0.05007	0.00664	0.00388	0.00376	0.03454	0.00911	0.01231	0.25570	0.21640	0.28000	0.00863	0.00433	0.00127	0.00218	0.00749	0.08569	0.00348
42	0.01050	0.10457	0.02004	0.03966	0.01007	0.12954	0.00605	0.15612	0.14237	0.08503	0.14450	0.01431	0.05576	0.00603	0.03601	0.00130	0.00402	0.00407	0.00321	0.02684
43	0.00575	0.00444	0.00626	0.00609	0.00654	0.00525	0.00459	0.00674	0.00595	0.00853	0.01011	0.02701	0.01012	0.20923	0.56519	0.00501	0.10351	0.00438	0.00207	0.00323
44	0.00461	0.00335	0.00435	0.00515	0.00547	0.00309	0.00346	0.00530	0.00739	0.00973	0.02253	0.78741	0.10086	0.01167	0.00481	0.00152	0.00217	0.01052	0.00352	0.00309
45	0.00852	0.00714	0.00821	0.00597	0.00927	0.00580	0.00479	0.08605	0.03257	0.01353	0.00721	0.00816	0.00587	0.00304	0.00293	0.00064	0.00294	0.00241	0.00244	0.78252
46	0.00889	0.06925	0.51538	0.02752	0.01407	0.04414	0.01095	0.09374	0.05800	0.03647	0.00847	0.05446	0.00677	0.02105	0.00404	0.00124	0.01458	0.00341	0.00218	0.00540
47	0.00499	0.00371	0.00407	0.00416	0.00474	0.00341	0.00271	0.00552	0.00718	0.00907	0.05214	0.11827	0.35982	0.39105	0.01111	0.00237	0.00273	0.00715	0.00300	0.00280
48	0.00556	0.00399	0.00504	0.00557	0.00604	0.00390	0.00383	0.08188	0.00819	0.01094	0.01956	0.76133	0.02304	0.03517	0.00515	0.00156	0.00242	0.00995	0.00351	0.00337
49	0.15285	0.52045	0.04704	0.00761	0.05912	0.01245	0.00668	0.05188	0.00810	0.03718	0.00614	0.01741	0.00530	0.00363	0.00302	0.00096	0.03229	0.00242	0.00199	0.02346
50	0.74902	0.00723	0.00597	0.00511	0.00762	0.00795	0.00419	0.01106	0.00674	0.03244	0.00568	0.00654	0.00443	0.00344	0.00244	0.00109	0.00292	0.00212	0.00238	0.13164
51	0.00464	0.00331	0.00439	0.00526	0.00547	0.00309	0.00349	0.00529	0.00722	0.00963	0.02071	0.84589	0.02484	0.03057	0.00516	0.00159	0.00223	0.01067	0.00349	0.00306
52	0.00530	0.00367	0.00423	0.00439	0.00460	0.00357	0.00270	0.00559	0.00629	0.00824	0.02585	0.14345	0.10517	0.61042	0.01495	0.00301	0.00325	0.04005	0.00267	0.00257
53	0.00874	0.00902	0.04192	0.10501	0.23955	0.03502	0.21834	0.02972	0.12941	0.01260	0.05156	0.05780	0.00912	0.00444	0.00423	0.00124	0.02392	0.00431	0.00239	0.01168
54	0.00529	0.00392	0.00471	0.00487	0.00557	0.00379	0.00358	0.00619	0.00746	0.00962	0.06574	0.03090	0.27377	0.28638	0.11266	0.00272	0.00378	0.16306	0.00298	0.00301
55	0.00466	0.00332	0.00442	0.00528	0.00551	0.00311	0.00353	0.00532	0.00724	0.00965	0.02069	0.83328	0.02478	0.03081	0.00517	0.00159	0.00225	0.02279	0.00349	0.00307
56	0.33049	0.06513	0.10772	0.00739	0.02843	0.00929	0.00656	0.23537	0.01034	0.10282	0.00809	0.00938	0.00619	0.03700	0.00378	0.00125	0.00376	0.01898	0.00286	0.00518
57	0.01029	0.77220	0.05803	0.00691	0.01018	0.07074	0.00690	0.01164	0.00792	0.00909	0.00538	0.00622	0.00487	0.00331	0.00255	0.00084	0.00431	0.00209	0.00164	0.00487

[dist]
# distance from previous block
# <min> <max>
2	5

[block]
# block no. 7 follows, 72 sequences, length 19
# corresponding to MSA columns:
# 415-433
name=unknown_H
#
# <colnr> <probs for GDERKNQSTAVLIFYWHMCP>
#	G	D	E	R	K	N	Q	S	T	A	V	L	I	F	Y	W	H	M	C	P
0	0.00492	0.00384	0.00447	0.00435	0.00540	0.00338	0.00325	0.00628	0.00963	0.01267	0.43267	0.06108	0.41694	0.00877	0.00449	0.00125	0.00187	0.00754	0.00384	0.00338
1	0.02299	0.00797	0.01349	0.47981	0.14186	0.02706	0.13694	0.01040	0.00781	0.01051	0.00679	0.00979	0.00534	0.00429	0.01787	0.00135	0.08585	0.00351	0.00177	0.00460
2	0.00814	0.06608	0.01046	0.13456	0.18690	0.05532	0.02456	0.03595	0.12131	0.01275	0.19201	0.06818	0.04372	0.00554	0.00396	0.00120	0.00367	0.01814	0.00285	0.00472
3	0.00987	0.00635	0.04078	0.00673	0.00856	0.03448	0.00572	0.05491	0.03697	0.25139	0.14728	0.07030	0.04599	0.00745	0.00441	0.00137	0.00325	0.25566	0.00385	0.00468
4	0.00866	0.00608	0.00647	0.00590	0.00753	0.00669	0.00456	0.03283	0.41472	0.04646	0.06505	0.01486	0.01216	0.00499	0.00342	0.00112	0.00248	0.00412	0.34696	0.00492
5	0.02140	0.11714	0.27762	0.02945	0.04621	0.02408	0.23637	0.03323	0.00830	0.03019	0.00725	0.03276	0.00586	0.00410	0.00481	0.00123	0.10947	0.00351	0.00191	0.00512
6	0.06933	0.01023	0.02335	0.00781	0.01010	0.20332	0.01837	0.18186	0.15080	0.13929	0.11570	0.02078	0.01120	0.01616	0.00393	0.00118	0.00410	0.00385	0.00338	0.00526
7	0.00685	0.00444	0.00570	0.00559	0.00660	0.00430	0.01470	0.01891	0.08534	0.09506	0.25031	0.36462	0.03727	0.00867	0.00440	0.00133	0.00233	0.02227	0.05738	0.00393
8	0.00474	0.00340	0.00447	0.00528	0.00558	0.00319	0.00361	0.00545	0.00734	0.00972	0.02125	0.74834	0.05848	0.04377	0.00539	0.00162	0.00232	0.05949	0.00347	0.00308
9	0.30197	0.24991	0.07649	0.00719	0.03146	0.09277	0.00637	0.03183	0.02271	0.12308	0.00713	0.00768	0.00547	0.00410	0.01681	0.00114	0.00407	0.00251	0.00240	0.00490
10	0.04170	0.15058	0.21512	0.07398	0.06777	0.04065	0.10796	0.10026	0.02219	0.01290	0.06883	0.06422	0.00884	0.00446	0.00366	0.00115	0.00459	0.00381	0.00229	0.00504
11	0.00537	0.00364	0.00431	0.00455	0.00465	0.00360	0.00278	0.00561	0.00607	0.00808	0.01429	0.19822	0.01660	0.63840	0.01547	0.00312	0.00336	0.05672	0.00262	0.00253
12	0.00486	0.00360	0.00513	0.00575	0.00614	0.00338	0.03211	0.00568	0.00741	0.00987	0.02040	0.78413	0.02422	0.01150	0.00485	0.00154	0.00242	0.06037	0.00346	0.00318
13	0.00879	0.03190	0.10597	0.13826	0.17111	0.03421	0.05742	0.07063	0.06403	0.02888	0.06018	0.01173	0.03388	0.00554	0.03675	0.00143	0.11680	0.00376	0.01374	0.00499
14	0.03509	0.05124	0.53207	0.03606	0.01447	0.02679	0.01120	0.10394	0.05229	0.04423	0.00870	0.01024	0.02094	0.00417	0.00363	0.00120	0.00495	0.03109	0.00221	0.00549
15	0.00473	0.00390	0.00417	0.00415	0.00532	0.00337	0.00309	0.00599	0.02410	0.01115	0.17151	0.08221	0.64442	0.00934	0.00449	0.00128	0.00193	0.00790	0.00364	0.00331
16	0.00881	0.09862	0.07056	0.15956	0.42022	0.02708	0.07194	0.01112	0.00837	0.01143	0.03525	0.01000	0.01616	0.00377	0.00396	0.00115	0.03138	0.00343	0.00189	0.00529
