[name]
unknown

[dist]
# distance from previous block
# <min> <max>
0	276

[block]
# block no. 0 follows, 71 sequences, length 17
# corresponding to MSA columns:
# 397-413
name=unknown_A
#
# <colnr> <probs for GDERKNQSTAVLIFYWHMCP>
#	G	D	E	R	K	N	Q	S	T	A	V	L	I	F	Y	W	H	M	C	P
0	0.22586	0.05291	0.05013	0.02925	0.06457	0.00770	0.00596	0.11073	0.03496	0.04742	0.10902	0.02055	0.05515	0.00487	0.00344	0.00111	0.00329	0.03725	0.00289	0.13292
1	0.03951	0.06925	0.06728	0.00794	0.01016	0.18115	0.01616	0.07864	0.07717	0.03396	0.05448	0.06283	0.00956	0.02811	0.00500	0.00121	0.09742	0.02904	0.00261	0.12854
2	0.03285	0.37366	0.30044	0.00856	0.01241	0.01144	0.04823	0.07710	0.00859	0.01162	0.00675	0.00833	0.00558	0.03360	0.04466	0.00137	0.00501	0.00277	0.00189	0.00514
3	0.00850	0.03429	0.01251	0.28714	0.27719	0.00842	0.05402	0.07729	0.02105	0.01248	0.05100	0.02754	0.06100	0.00441	0.00387	0.00118	0.00435	0.00400	0.00229	0.04749
4	0.02898	0.00705	0.11593	0.00685	0.04748	0.05099	0.00554	0.00807	0.02098	0.01213	0.25084	0.23068	0.14764	0.02904	0.00472	0.00136	0.00298	0.02157	0.00327	0.00388
5	0.24956	0.07331	0.03620	0.08367	0.09014	0.05297	0.11284	0.03823	0.05084	0.08820	0.04545	0.01049	0.00754	0.00417	0.00366	0.00120	0.02299	0.02104	0.00255	0.00494
6	0.03345	0.00853	0.08121	0.16420	0.20036	0.05187	0.06103	0.03155	0.00873	0.07216	0.01286	0.12132	0.09073	0.00603	0.02113	0.00136	0.00439	0.02176	0.00253	0.00480
7	0.00931	0.00484	0.00630	0.00590	0.00727	0.00443	0.00437	0.03037	0.02697	0.28475	0.01815	0.43744	0.04082	0.05005	0.01928	0.00156	0.00285	0.00752	0.00384	0.03399
8	0.00815	0.01439	0.42637	0.10080	0.12478	0.03307	0.16520	0.01160	0.00843	0.01180	0.00880	0.01046	0.05097	0.00390	0.00389	0.00122	0.00545	0.00356	0.00184	0.00531
9	0.00884	0.22950	0.08034	0.13721	0.18290	0.00984	0.10990	0.01123	0.03255	0.03469	0.00873	0.05906	0.00784	0.02739	0.00410	0.00123	0.00456	0.04297	0.00211	0.00499
10	0.00921	0.02830	0.01233	0.37751	0.12580	0.00887	0.07716	0.09629	0.10114	0.05719	0.03724	0.01212	0.00795	0.00433	0.00393	0.00125	0.00455	0.02723	0.00251	0.00510
11	0.00509	0.00390	0.00461	0.00468	0.00560	0.00358	0.00342	0.00639	0.03308	0.01141	0.23381	0.18488	0.37556	0.01065	0.04607	0.05017	0.00247	0.00776	0.00356	0.00332
12	0.03524	0.06477	0.40072	0.12412	0.12464	0.03384	0.06121	0.01242	0.00846	0.08830	0.00756	0.00895	0.00552	0.00370	0.00365	0.00118	0.00514	0.00310	0.00201	0.00546
13	0.01024	0.05742	0.34039	0.02776	0.03405	0.05310	0.02526	0.06463	0.02406	0.18323	0.02986	0.07502	0.04831	0.00496	0.00381	0.00120	0.00447	0.00406	0.00277	0.00542
14	0.01148	0.26256	0.03704	0.06502	0.01279	0.36236	0.08148	0.04337	0.00944	0.01015	0.00632	0.00788	0.00535	0.01650	0.02994	0.00121	0.02777	0.00276	0.00192	0.00468
15	0.00814	0.00732	0.03281	0.00635	0.02751	0.00561	0.00508	0.03881	0.03183	0.01301	0.02400	0.00914	0.02139	0.00323	0.00301	0.00067	0.00298	0.00261	0.00241	0.75411
16	0.02574	0.00610	0.03351	0.18423	0.02065	0.02125	0.00625	0.05387	0.06609	0.03410	0.01087	0.09283	0.01025	0.09600	0.23626	0.06454	0.00570	0.02540	0.00245	0.00392

[dist]
# distance from previous block
# <min> <max>
0	1

[block]
# block no. 1 follows, 71 sequences, length 15
# corresponding to MSA columns:
# 415-429
name=unknown_B
#
# <colnr> <probs for GDERKNQSTAVLIFYWHMCP>
#	G	D	E	R	K	N	Q	S	T	A	V	L	I	F	Y	W	H	M	C	P
0	0.01098	0.69660	0.01873	0.00733	0.01053	0.06760	0.04695	0.03629	0.00853	0.05740	0.00616	0.00689	0.00527	0.00344	0.00275	0.00088	0.00435	0.00234	0.00192	0.00504
1	0.03323	0.00441	0.00516	0.00520	0.00639	0.00414	0.00402	0.00732	0.05001	0.01152	0.11094	0.16260	0.32600	0.01032	0.05618	0.00165	0.00288	0.13453	0.00343	0.06007
2	0.00873	0.21512	0.21457	0.00769	0.01064	0.08907	0.00761	0.03702	0.06686	0.01138	0.00994	0.13035	0.00943	0.03469	0.00405	0.00119	0.00420	0.03102	0.03378	0.07264
3	0.01301	0.00713	0.00927	0.06624	0.06151	0.00707	0.00636	0.16564	0.06491	0.38846	0.01371	0.13717	0.01083	0.00563	0.00398	0.00123	0.00347	0.00476	0.00391	0.02571
4	0.00674	0.00384	0.00594	0.00570	0.00608	0.00390	0.03275	0.00609	0.00571	0.03538	0.00861	0.06671	0.00849	0.01561	0.17673	0.59860	0.00472	0.00403	0.00197	0.00239
5	0.04572	0.00623	0.00791	0.00712	0.00854	0.02675	0.07672	0.18731	0.01008	0.02547	0.04473	0.43982	0.05314	0.00924	0.03113	0.00153	0.00342	0.00755	0.00338	0.00420
6	0.02158	0.03800	0.25099	0.01023	0.11837	0.05307	0.02922	0.12790	0.01017	0.05871	0.07437	0.04542	0.11710	0.00536	0.00392	0.00121	0.00425	0.02223	0.00274	0.00516
7	0.00472	0.00340	0.00448	0.00533	0.00563	0.00317	0.00362	0.00544	0.00746	0.00987	0.02194	0.79535	0.06358	0.01185	0.00489	0.00155	0.00226	0.03877	0.00356	0.00313
8	0.00525	0.00393	0.00440	0.00441	0.00549	0.00343	0.00325	0.00629	0.00876	0.04051	0.14610	0.12548	0.52678	0.06423	0.00553	0.00148	0.00217	0.03555	0.00362	0.00335
9	0.02166	0.06247	0.08824	0.31343	0.14317	0.08542	0.08115	0.05139	0.01851	0.08705	0.00774	0.00958	0.00580	0.00381	0.00374	0.00118	0.00503	0.00332	0.00218	0.00513
10	0.00794	0.08880	0.36000	0.00897	0.01219	0.00826	0.05923	0.03215	0.03326	0.03008	0.00828	0.04052	0.00706	0.02933	0.11956	0.08992	0.05424	0.00356	0.00199	0.00467
11	0.04111	0.00595	0.00818	0.00750	0.03682	0.00646	0.00577	0.02010	0.00816	0.28200	0.02392	0.09546	0.03598	0.01242	0.23502	0.00266	0.16008	0.00461	0.00311	0.00469
12	0.03535	0.00939	0.14597	0.17460	0.01656	0.00771	0.29803	0.01027	0.00875	0.01219	0.14181	0.01499	0.07786	0.00526	0.02337	0.00137	0.00495	0.00462	0.00235	0.00460
13	0.03765	0.05220	0.01182	0.05341	0.06882	0.10522	0.07832	0.31034	0.08416	0.05906	0.01169	0.01232	0.07860	0.00477	0.00382	0.00117	0.00439	0.01363	0.00309	0.00551
14	0.00874	0.00862	0.01374	0.30696	0.34706	0.05857	0.09666	0.02773	0.00857	0.01135	0.00786	0.04911	0.00675	0.02683	0.00433	0.00128	0.00495	0.00387	0.00197	0.00503

[dist]
# distance from previous block
# <min> <max>
0	3

[block]
# block no. 2 follows, 71 sequences, length 32
# corresponding to MSA columns:
# 433-464
name=unknown_C
#
# <colnr> <probs for GDERKNQSTAVLIFYWHMCP>
#	G	D	E	R	K	N	Q	S	T	A	V	L	I	F	Y	W	H	M	C	P
0	0.00926	0.09186	0.06628	0.05931	0.17942	0.07726	0.15565	0.04083	0.00879	0.01182	0.00766	0.01079	0.00656	0.00416	0.00427	0.01979	0.03827	0.05098	0.00208	0.15495
1	0.00560	0.00461	0.00663	0.00611	0.00715	0.00445	0.08097	0.00673	0.00803	0.01058	0.11989	0.19010	0.25893	0.07476	0.08270	0.03439	0.03658	0.04569	0.00310	0.01302
2	0.00998	0.29179	0.26802	0.00962	0.04318	0.05927	0.06570	0.06797	0.05204	0.04265	0.01398	0.00835	0.00591	0.00376	0.00350	0.00107	0.02080	0.00288	0.00210	0.02742
3	0.05657	0.22093	0.25287	0.01168	0.12150	0.03345	0.14051	0.05281	0.00889	0.05623	0.00713	0.00835	0.00548	0.00357	0.00347	0.00111	0.00496	0.00302	0.00204	0.00543
4	0.02117	0.00610	0.01986	0.00632	0.00849	0.00556	0.00515	0.06680	0.05771	0.40579	0.21755	0.05165	0.05520	0.00621	0.00411	0.00123	0.00287	0.03435	0.01857	0.00531
5	0.00732	0.03784	0.01168	0.78020	0.03891	0.00863	0.01031	0.00978	0.00763	0.00978	0.00689	0.01024	0.00528	0.00472	0.03469	0.00144	0.00525	0.00338	0.00172	0.00428
6	0.04431	0.08508	0.22909	0.01045	0.12825	0.04794	0.02649	0.07447	0.04773	0.12989	0.06110	0.01070	0.01716	0.00415	0.00359	0.00111	0.00430	0.00337	0.00265	0.06818
7	0.00675	0.00511	0.00607	0.00584	0.00696	0.00533	0.00434	0.01075	0.25523	0.02440	0.31626	0.16552	0.04519	0.03910	0.01383	0.05702	0.00255	0.02190	0.00374	0.00412
8	0.00549	0.00398	0.00553	0.00555	0.00602	0.00444	0.00402	0.00644	0.00600	0.00847	0.01100	0.03213	0.01117	0.28194	0.58441	0.00535	0.00815	0.00467	0.00216	0.00308
9	0.02799	0.17769	0.45897	0.06294	0.03881	0.07024	0.01104	0.04460	0.02927	0.03456	0.00703	0.00811	0.00527	0.00371	0.00342	0.00112	0.00515	0.00279	0.00191	0.00540
10	0.00860	0.00832	0.03583	0.33926	0.22085	0.00876	0.10535	0.08553	0.03730	0.01270	0.06047	0.01184	0.02854	0.00421	0.00408	0.00123	0.01595	0.00390	0.00225	0.00505
11	0.00505	0.00356	0.00455	0.00508	0.00534	0.00345	0.00337	0.00566	0.00699	0.00935	0.04615	0.50258	0.04082	0.25073	0.05572	0.00240	0.00312	0.03999	0.00315	0.00295
12	0.00690	0.00539	0.00671	0.00633	0.00695	0.03412	0.00477	0.00793	0.00823	0.06326	0.24369	0.24595	0.05590	0.08773	0.00773	0.00163	0.19308	0.00678	0.00323	0.00369
13	0.04050	0.10636	0.11416	0.05847	0.19556	0.01723	0.02550	0.06871	0.08962	0.15186	0.07686	0.01151	0.00929	0.00430	0.00366	0.00115	0.00404	0.00361	0.01202	0.00557
14	0.00718	0.06006	0.01058	0.16084	0.02895	0.00671	0.14246	0.00936	0.03362	0.03607	0.20950	0.10480	0.10958	0.00623	0.00436	0.00124	0.02143	0.00564	0.00291	0.03847
15	0.00612	0.00464	0.00468	0.00461	0.00476	0.05676	0.00274	0.00623	0.00593	0.00761	0.01163	0.02357	0.01321	0.77923	0.05034	0.00364	0.00417	0.00532	0.00229	0.00250
16	0.00804	0.00694	0.00837	0.00667	0.05513	0.00533	0.00494	0.00977	0.00799	0.01250	0.00684	0.00804	0.00570	0.00287	0.00289	0.00060	0.00293	0.00233	0.00225	0.83986
17	0.00901	0.02576	0.00866	0.00755	0.00908	0.09991	0.04288	0.12917	0.18110	0.02865	0.02354	0.23867	0.01372	0.07457	0.03846	0.00170	0.03738	0.02245	0.00318	0.00457
18	0.01205	0.05516	0.04289	0.00753	0.01002	0.00765	0.03563	0.17196	0.07970	0.29382	0.04443	0.01489	0.01052	0.04096	0.10351	0.00189	0.00448	0.05381	0.00360	0.00549
19	0.29054	0.00772	0.00834	0.00663	0.00939	0.00795	0.00545	0.20459	0.01110	0.33702	0.03428	0.01027	0.00775	0.00436	0.00337	0.00115	0.00333	0.00323	0.00368	0.03985
20	0.01739	0.07431	0.10221	0.31352	0.02601	0.07941	0.06963	0.03492	0.00851	0.06452	0.00764	0.01021	0.00607	0.05937	0.00461	0.00127	0.00482	0.00327	0.00210	0.11020
21	0.00638	0.00539	0.01810	0.00705	0.01869	0.00515	0.09897	0.05271	0.00823	0.01121	0.07123	0.20540	0.10454	0.08628	0.19326	0.00260	0.00484	0.03796	0.00287	0.05915
22	0.00654	0.00333	0.00496	0.00502	0.00503	0.00332	0.00334	0.00502	0.00514	0.00686	0.00757	0.06497	0.00783	0.01324	0.01435	0.83289	0.00326	0.00380	0.00178	0.00176
23	0.00734	0.00609	0.00848	0.05717	0.21829	0.00629	0.00638	0.01081	0.16093	0.01353	0.22898	0.10153	0.06517	0.00623	0.00405	0.00122	0.00296	0.00552	0.08437	0.00465
24	0.00879	0.03961	0.06171	0.00769	0.07845	0.00552	0.01908	0.02553	0.00925	0.20134	0.06770	0.14357	0.20369	0.00776	0.01462	0.00137	0.00321	0.09304	0.00349	0.00458
25	0.00621	0.00574	0.04074	0.03870	0.00952	0.00596	0.09982	0.00779	0.00664	0.00946	0.00998	0.06673	0.00946	0.02803	0.55303	0.02644	0.06550	0.00445	0.00207	0.00372
26	0.00611	0.00413	0.00476	0.00473	0.00592	0.00363	0.00349	0.00733	0.02766	0.10130	0.07676	0.25263	0.46828	0.00957	0.00454	0.00135	0.00218	0.00822	0.00373	0.00365
27	0.04403	0.08705	0.31541	0.01224	0.15223	0.14165	0.05646	0.08312	0.04935	0.01294	0.00727	0.00843	0.00558	0.00375	0.00357	0.00113	0.00523	0.00300	0.00207	0.00549
28	0.05748	0.03525	0.00945	0.00797	0.00953	0.00652	0.12064	0.06325	0.00861	0.08333	0.01380	0.18686	0.01396	0.00988	0.08467	0.03711	0.05506	0.18947	0.00299	0.00417
29	0.00803	0.05238	0.78351	0.01072	0.01616	0.03951	0.01363	0.01223	0.00818	0.01192	0.00679	0.00798	0.00486	0.00364	0.00359	0.00119	0.00565	0.00279	0.00163	0.00559
30	0.00589	0.00451	0.00536	0.00581	0.00649	0.02853	0.00428	0.05719	0.00856	0.01115	0.05159	0.50249	0.09300	0.04187	0.00535	0.00160	0.00274	0.15665	0.00350	0.00344
31	0.04825	0.05795	0.18073	0.04712	0.21400	0.05522	0.07738	0.05562	0.00932	0.14226	0.00962	0.02961	0.03482	0.00422	0.00387	0.00118	0.01724	0.00360	0.00248	0.00551

[dist]
# distance from previous block
# <min> <max>
9	45

[block]
# block no. 3 follows, 71 sequences, length 6
# corresponding to MSA columns:
# 519-524
name=unknown_D
#
# <colnr> <probs for GDERKNQSTAVLIFYWHMCP>
#	G	D	E	R	K	N	Q	S	T	A	V	L	I	F	Y	W	H	M	C	P
0	0.00529	0.00361	0.00432	0.00458	0.00470	0.00353	0.00278	0.00561	0.00645	0.00866	0.06760	0.28218	0.01886	0.54894	0.01408	0.00289	0.00314	0.00730	0.00282	0.00265
1	0.26743	0.00998	0.01199	0.00939	0.01224	0.13597	0.21750	0.08127	0.05252	0.15329	0.00854	0.00920	0.00618	0.00390	0.00354	0.00119	0.00462	0.00329	0.00280	0.00515
2	0.00874	0.01028	0.13017	0.38863	0.18760	0.05091	0.09667	0.05988	0.00886	0.01177	0.00710	0.00956	0.00542	0.00371	0.00385	0.00122	0.00525	0.00340	0.00190	0.00506
3	0.00920	0.00587	0.00611	0.00536	0.00694	0.00631	0.00421	0.20121	0.12165	0.01683	0.01216	0.01311	0.00931	0.00460	0.00311	0.00101	0.00252	0.00365	0.56226	0.00460
4	0.00476	0.00340	0.00453	0.00528	0.00558	0.00317	0.00357	0.00555	0.00774	0.01042	0.11359	0.76849	0.02658	0.01154	0.00485	0.00152	0.00218	0.01045	0.00363	0.00317
5	0.02900	0.00573	0.00746	0.05036	0.05852	0.00586	0.00595	0.11820	0.02767	0.07979	0.06506	0.16948	0.05480	0.03008	0.00494	0.00151	0.00333	0.27448	0.00348	0.00432

[dist]
# distance from previous block
# <min> <max>
2	8

[block]
# block no. 4 follows, 71 sequences, length 20
# corresponding to MSA columns:
# 543-562
name=unknown_E
#
# <colnr> <probs for GDERKNQSTAVLIFYWHMCP>
#	G	D	E	R	K	N	Q	S	T	A	V	L	I	F	Y	W	H	M	C	P
0	0.00853	0.08751	0.00827	0.00640	0.00828	0.15035	0.00490	0.00967	0.00848	0.06029	0.03627	0.32356	0.01384	0.00671	0.00378	0.00108	0.00343	0.00569	0.00284	0.25013
1	0.01276	0.22701	0.01332	0.00885	0.01112	0.40401	0.00725	0.14066	0.01068	0.02795	0.00637	0.00736	0.00528	0.00420	0.00427	0.00105	0.09811	0.00264	0.00220	0.00490
2	0.00498	0.00381	0.00457	0.00462	0.00554	0.00340	0.00340	0.00628	0.00941	0.01246	0.38333	0.18223	0.32738	0.00933	0.00461	0.00131	0.00197	0.02415	0.00385	0.00339
3	0.04352	0.27636	0.25297	0.00997	0.05837	0.02634	0.09358	0.10643	0.00929	0.03654	0.00706	0.00822	0.00551	0.00446	0.03209	0.00124	0.00501	0.00290	0.00208	0.01806
4	0.00466	0.00337	0.00442	0.00525	0.00554	0.00312	0.00352	0.00535	0.00742	0.00982	0.02219	0.81352	0.07391	0.01188	0.00487	0.00154	0.00221	0.01073	0.00356	0.00312
5	0.00671	0.00335	0.00486	0.00486	0.00495	0.00335	0.00327	0.00536	0.00528	0.00737	0.00720	0.01190	0.00695	0.01250	0.01384	0.80584	0.00319	0.00335	0.08402	0.00184
6	0.01059	0.00851	0.01198	0.12086	0.34409	0.02955	0.00889	0.14660	0.09204	0.09850	0.00992	0.03876	0.00806	0.03718	0.00447	0.00130	0.00422	0.01606	0.00277	0.00565
7	0.00708	0.00463	0.00554	0.02091	0.00673	0.00465	0.00408	0.04396	0.09263	0.06227	0.12443	0.26896	0.05454	0.07046	0.00527	0.00147	0.00253	0.04605	0.16991	0.00390
8	0.00548	0.00411	0.00616	0.00616	0.00685	0.00479	0.00479	0.00685	0.00616	0.00890	0.01027	0.01506	0.00959	0.02876	0.85006	0.00616	0.01027	0.00411	0.00205	0.00342
9	0.00474	0.00344	0.00448	0.00518	0.00555	0.00318	0.00352	0.00555	0.00781	0.01043	0.10996	0.71609	0.08308	0.01141	0.00483	0.00150	0.00216	0.01028	0.00363	0.00318
10	0.04879	0.31138	0.01368	0.00783	0.01044	0.11615	0.02173	0.16771	0.11768	0.05338	0.03916	0.00927	0.00749	0.00432	0.00381	0.00107	0.05512	0.00306	0.00267	0.00527
11	0.00561	0.00428	0.00632	0.00625	0.00688	0.00505	0.00485	0.00690	0.00613	0.00886	0.01012	0.01516	0.00956	0.05966	0.78272	0.00588	0.04619	0.00413	0.00205	0.00341
12	0.00537	0.00410	0.00495	0.00470	0.00577	0.00378	0.00354	0.00735	0.04658	0.01407	0.58994	0.03021	0.24901	0.00822	0.00450	0.00123	0.00190	0.00713	0.00403	0.00362
13	0.00797	0.00742	0.01231	0.65747	0.18922	0.00876	0.01075	0.04081	0.00827	0.01088	0.00698	0.01004	0.00536	0.00378	0.00383	0.00125	0.00497	0.00341	0.00182	0.00471
14	0.04982	0.02411	0.28754	0.44344	0.06185	0.00893	0.01135	0.04817	0.00828	0.01170	0.00687	0.00919	0.00509	0.00376	0.00368	0.00123	0.00511	0.00314	0.00181	0.00492
15	0.00849	0.00719	0.01020	0.14415	0.14300	0.00776	0.05609	0.01366	0.29450	0.04923	0.17014	0.01653	0.03320	0.00530	0.00407	0.00126	0.00357	0.02330	0.00320	0.00516
16	0.01180	0.01353	0.01201	0.01421	0.29814	0.44491	0.00863	0.01413	0.08663	0.01111	0.00792	0.04499	0.00683	0.00423	0.00368	0.00109	0.00554	0.00333	0.00220	0.00510
17	0.16491	0.19790	0.01079	0.00665	0.00943	0.14829	0.00557	0.05222	0.00901	0.09406	0.02778	0.00831	0.00639	0.00368	0.00296	0.00091	0.00387	0.00258	0.02408	0.22060
18	0.04151	0.02505	0.00711	0.01706	0.09593	0.00561	0.00505	0.07987	0.05299	0.03881	0.04050	0.40162	0.05567	0.08838	0.00578	0.00160	0.00297	0.02717	0.00326	0.00405
19	0.02724	0.00633	0.03020	0.00598	0.00737	0.06479	0.00464	0.04541	0.10921	0.03030	0.07443	0.26651	0.24878	0.00846	0.00448	0.00133	0.01859	0.01896	0.00342	0.02356

[dist]
# distance from previous block
# <min> <max>
4	16

[block]
# block no. 5 follows, 71 sequences, length 15
# corresponding to MSA columns:
# 583-597
name=unknown_F
#
# <colnr> <probs for GDERKNQSTAVLIFYWHMCP>
#	G	D	E	R	K	N	Q	S	T	A	V	L	I	F	Y	W	H	M	C	P
0	0.00781	0.00736	0.03153	0.01036	0.19944	0.03654	0.02107	0.01219	0.23937	0.01383	0.23769	0.01979	0.13499	0.00602	0.00412	0.00122	0.00317	0.00526	0.00331	0.00492
1	0.00527	0.00397	0.00495	0.00510	0.00606	0.00365	0.00399	0.00673	0.00948	0.01255	0.34896	0.10194	0.26950	0.00936	0.00473	0.00139	0.00228	0.19283	0.00381	0.00344
2	0.02225	0.00748	0.06023	0.00667	0.00893	0.02953	0.00559	0.11501	0.13598	0.22904	0.05091	0.10400	0.19480	0.00664	0.00410	0.00126	0.00314	0.00552	0.00380	0.00513
3	0.06550	0.01020	0.05063	0.01667	0.27650	0.00968	0.38605	0.11214	0.00985	0.01412	0.00758	0.00959	0.00584	0.00350	0.00404	0.00122	0.00534	0.00382	0.00217	0.00558
4	0.01658	0.00678	0.00894	0.00690	0.00980	0.00611	0.00569	0.07432	0.03195	0.74581	0.01466	0.01285	0.00935	0.00474	0.00383	0.00118	0.00329	0.00383	0.02695	0.00644
5	0.00551	0.00396	0.00543	0.00543	0.00587	0.00440	0.00389	0.00638	0.00595	0.00836	0.01094	0.01875	0.01119	0.33621	0.54479	0.00526	0.00786	0.00465	0.00215	0.00302
6	0.00929	0.50601	0.30422	0.00914	0.04590	0.01255	0.04311	0.01175	0.00798	0.01037	0.00604	0.00713	0.00498	0.00341	0.00301	0.00099	0.00476	0.00248	0.00166	0.00523
7	0.00603	0.00383	0.00464	0.00470	0.00502	0.00371	0.00299	0.00647	0.00683	0.05412	0.09385	0.19444	0.01838	0.53885	0.01386	0.00285	0.00320	0.03045	0.00292	0.00287
8	0.01127	0.00562	0.00731	0.00611	0.00809	0.00526	0.00486	0.03442	0.07824	0.38672	0.35225	0.01951	0.02052	0.00689	0.03394	0.00138	0.00292	0.00515	0.00434	0.00519
9	0.00557	0.00376	0.00488	0.00542	0.00606	0.00347	0.00393	0.00654	0.00813	0.05563	0.07522	0.55104	0.13035	0.01087	0.00482	0.00151	0.00239	0.11335	0.00366	0.00340
10	0.01020	0.40826	0.11256	0.09589	0.01373	0.09940	0.10386	0.01268	0.05321	0.04696	0.00699	0.00811	0.00561	0.00361	0.00322	0.00103	0.00486	0.00282	0.00197	0.00505
11	0.00964	0.01032	0.04608	0.01717	0.48517	0.14200	0.00980	0.01165	0.02536	0.01126	0.00740	0.01026	0.00652	0.05939	0.04495	0.00157	0.09083	0.00342	0.00195	0.00525
12	0.00562	0.00382	0.00418	0.00416	0.00522	0.00348	0.00316	0.00707	0.00901	0.01277	0.21272	0.02835	0.36065	0.00771	0.00400	0.00117	0.00194	0.04566	0.27584	0.00344
13	0.65736	0.00718	0.00651	0.00552	0.00805	0.00781	0.00455	0.01326	0.00772	0.23919	0.00797	0.00806	0.00559	0.00388	0.00277	0.00119	0.00305	0.00255	0.00301	0.00479
14	0.00682	0.00543	0.00631	0.02500	0.03090	0.03287	0.00500	0.07701	0.04277	0.01280	0.14674	0.07792	0.21493	0.04252	0.00515	0.00149	0.00299	0.23179	0.02770	0.00387

[dist]
# distance from previous block
# <min> <max>
0	1

[block]
# block no. 6 follows, 71 sequences, length 21
# corresponding to MSA columns:
# 599-619
name=unknown_G
#
# <colnr> <probs for GDERKNQSTAVLIFYWHMCP>
#	G	D	E	R	K	N	Q	S	T	A	V	L	I	F	Y	W	H	M	C	P
0	0.00957	0.64279	0.23891	0.00772	0.01163	0.01351	0.00858	0.01166	0.00787	0.00985	0.00574	0.00667	0.00490	0.00338	0.00277	0.00092	0.00452	0.00226	0.00163	0.00512
1	0.00655	0.00574	0.00795	0.15799	0.13791	0.00547	0.00603	0.00814	0.00832	0.01119	0.06779	0.08131	0.26669	0.03165	0.00443	0.00121	0.00315	0.00545	0.00272	0.18030
2	0.00870	0.22334	0.10635	0.05802	0.06161	0.07678	0.05115	0.01103	0.05614	0.01062	0.00983	0.10449	0.00958	0.00567	0.00473	0.00126	0.09895	0.09486	0.00225	0.00465
3	0.01499	0.01007	0.01109	0.00850	0.01155	0.01089	0.00702	0.69933	0.01690	0.15498	0.01015	0.00982	0.00699	0.00463	0.00384	0.00116	0.00407	0.00352	0.00398	0.00652
4	0.34889	0.00691	0.04217	0.00615	0.00796	0.00728	0.00512	0.08638	0.02387	0.03761	0.00910	0.01226	0.02367	0.07823	0.24929	0.00285	0.02792	0.01767	0.00250	0.00416
5	0.01153	0.03365	0.01444	0.02826	0.09433	0.10100	0.22155	0.29743	0.01219	0.03276	0.00893	0.01005	0.03182	0.00409	0.00404	0.00114	0.02025	0.00365	0.00271	0.06618
6	0.00479	0.00381	0.00409	0.00414	0.00509	0.00334	0.00293	0.00564	0.00825	0.01022	0.09760	0.10966	0.56125	0.15379	0.00709	0.00172	0.00226	0.00783	0.00341	0.00310
7	0.00661	0.00336	0.00505	0.00505	0.00508	0.00339	0.00339	0.00508	0.00505	0.00676	0.00682	0.01181	0.00679	0.01400	0.05184	0.84951	0.00364	0.00336	0.00168	0.00174
8	0.01047	0.04687	0.01240	0.03580	0.01242	0.17516	0.19748	0.06772	0.09332	0.09065	0.09715	0.04100	0.02523	0.02647	0.00456	0.00128	0.01688	0.03736	0.00290	0.00488
9	0.00955	0.62238	0.23592	0.00797	0.01189	0.01338	0.03111	0.01168	0.00790	0.00993	0.00580	0.00677	0.00493	0.00337	0.00283	0.00094	0.00457	0.00232	0.00164	0.00512
10	0.00548	0.00409	0.00609	0.00609	0.00675	0.00475	0.00471	0.00680	0.00614	0.00885	0.01033	0.01542	0.00974	0.05829	0.82073	0.00608	0.01004	0.00416	0.00206	0.00338
11	0.00472	0.00377	0.00423	0.00438	0.00536	0.00328	0.00318	0.00578	0.00881	0.01114	0.17981	0.21933	0.51292	0.00988	0.00461	0.00134	0.00198	0.00851	0.00368	0.00328
12	0.05454	0.08867	0.04085	0.01046	0.03498	0.14580	0.21404	0.07598	0.07565	0.05618	0.00954	0.06415	0.01639	0.00505	0.01391	0.00128	0.06027	0.02474	0.00252	0.00499
13	0.00550	0.00370	0.00418	0.00423	0.00428	0.00367	0.00240	0.00556	0.00576	0.00764	0.01335	0.06450	0.04055	0.79848	0.01836	0.00354	0.00359	0.00590	0.00242	0.00239
14	0.00477	0.00354	0.00445	0.00498	0.00552	0.00322	0.00345	0.00568	0.00818	0.01080	0.15724	0.56982	0.18255	0.01090	0.00476	0.00145	0.00210	0.00972	0.00367	0.00322
15	0.00895	0.01009	0.13251	0.21380	0.44319	0.00899	0.04616	0.02390	0.00853	0.03428	0.00728	0.00956	0.00574	0.00368	0.00405	0.00120	0.02727	0.00339	0.00192	0.00553
16	0.12906	0.03718	0.05043	0.00947	0.04821	0.08282	0.06837	0.36293	0.02406	0.06041	0.00837	0.02313	0.00643	0.01656	0.00437	0.00122	0.05508	0.00337	0.00298	0.00556
17	0.24603	0.00537	0.00623	0.04532	0.02825	0.00564	0.00449	0.00950	0.03618	0.08398	0.28175	0.01588	0.01604	0.00719	0.00602	0.18823	0.00283	0.00426	0.00304	0.00377
18	0.00853	0.05105	0.30195	0.01109	0.15232	0.04358	0.03722	0.01129	0.00829	0.01208	0.00683	0.00822	0.00540	0.00330	0.00335	0.00094	0.00447	0.00273	0.00193	0.32545
19	0.21692	0.00683	0.00789	0.00616	0.00902	0.00633	0.00504	0.03859	0.00951	0.42544	0.03888	0.01081	0.00827	0.00417	0.00332	0.00106	0.00308	0.00320	0.00363	0.19183
20	0.00837	0.00752	0.00846	0.04679	0.00971	0.13120	0.07472	0.03007	0.10076	0.05446	0.35780	0.02158	0.07363	0.00645	0.00426	0.00123	0.00348	0.05169	0.00348	0.00435

[dist]
# distance from previous block
# <min> <max>
0	3

[block]
# block no. 7 follows, 71 sequences, length 74
# corresponding to MSA columns:
# 623-636,667-697,700-722,724-729
name=unknown_H
#
# <colnr> <probs for GDERKNQSTAVLIFYWHMCP>
#	G	D	E	R	K	N	Q	S	T	A	V	L	I	F	Y	W	H	M	C	P
0	0.38975	0.01031	0.00908	0.00758	0.01012	0.16817	0.04624	0.18321	0.06954	0.06136	0.00764	0.00813	0.00571	0.00402	0.00318	0.00115	0.00417	0.00282	0.00282	0.00502
1	0.11984	0.07060	0.01264	0.01151	0.17149	0.06638	0.06551	0.32192	0.08137	0.02985	0.00838	0.00909	0.00636	0.00407	0.00358	0.00114	0.00435	0.00327	0.00289	0.00576
2	0.00615	0.00365	0.00538	0.00538	0.00564	0.00390	0.00381	0.00573	0.00547	0.00755	0.00836	0.01378	0.00822	0.07292	0.32815	0.50200	0.00595	0.00376	0.00185	0.00237
3	0.01174	0.03754	0.26904	0.01099	0.03861	0.00808	0.22231	0.01460	0.00943	0.32376	0.01016	0.01052	0.00688	0.00393	0.00392	0.00121	0.00489	0.00365	0.00288	0.00585
4	0.00852	0.21820	0.52249	0.01046	0.01523	0.01050	0.11407	0.01225	0.03297	0.01154	0.00689	0.00810	0.00520	0.00355	0.00348	0.00113	0.00532	0.00291	0.00173	0.00544
5	0.03635	0.01271	0.01660	0.03071	0.01603	0.31340	0.43843	0.02338	0.00963	0.01135	0.00768	0.05100	0.00641	0.00396	0.00407	0.00119	0.00626	0.00399	0.00206	0.00478
6	0.00937	0.01054	0.04834	0.01556	0.01945	0.00959	0.75953	0.02951	0.00926	0.03752	0.00798	0.01033	0.00591	0.00332	0.00446	0.00128	0.00630	0.00443	0.00205	0.00526
7	0.00865	0.00826	0.01405	0.33310	0.53830	0.00889	0.01135	0.01103	0.00833	0.01151	0.00706	0.00976	0.00572	0.00357	0.00381	0.00119	0.00476	0.00341	0.00183	0.00540
8	0.00571	0.00494	0.00510	0.00526	0.00638	0.05978	0.00413	0.00696	0.00910	0.01120	0.13904	0.08705	0.42881	0.00943	0.00467	0.00139	0.00265	0.20142	0.00354	0.00343
9	0.01033	0.48539	0.04884	0.00754	0.01060	0.01271	0.03230	0.06717	0.24714	0.03004	0.00889	0.00906	0.00710	0.00396	0.00311	0.00102	0.00392	0.00295	0.00251	0.00543
10	0.01089	0.03158	0.01018	0.00814	0.01025	0.03156	0.13418	0.04537	0.00954	0.30564	0.01510	0.20306	0.03045	0.00749	0.03083	0.00149	0.02368	0.08208	0.00354	0.00495
11	0.00525	0.00399	0.00488	0.00506	0.00587	0.00376	0.00365	0.00706	0.06344	0.01229	0.31089	0.34244	0.18755	0.00963	0.00463	0.00137	0.00209	0.01883	0.00381	0.00351
12	0.00724	0.00681	0.01150	0.85604	0.02641	0.00852	0.01065	0.00980	0.00767	0.00980	0.00681	0.01022	0.00511	0.00383	0.00383	0.00128	0.00511	0.00341	0.00170	0.00426
13	0.02765	0.00882	0.03204	0.23098	0.54174	0.02472	0.01096	0.02515	0.02314	0.01209	0.00778	0.01009	0.02061	0.00370	0.00378	0.00118	0.00465	0.00345	0.00195	0.00549
14	0.00724	0.00427	0.00551	0.00515	0.00634	0.00383	0.00387	0.00869	0.00999	0.15873	0.45120	0.17661	0.12703	0.00827	0.00447	0.00128	0.00215	0.00725	0.00411	0.00399
15	0.00548	0.00411	0.00616	0.00616	0.00685	0.00479	0.00479	0.00685	0.00616	0.00890	0.01027	0.01506	0.00959	0.02876	0.85006	0.00616	0.01027	0.00411	0.00205	0.00342
16	0.00896	0.00969	0.01986	0.06605	0.22265	0.00934	0.56173	0.01186	0.00886	0.01215	0.00785	0.02828	0.00626	0.00350	0.00431	0.00126	0.00583	0.00432	0.00195	0.00530
17	0.00783	0.00734	0.01214	0.58895	0.22074	0.00855	0.01048	0.01068	0.04684	0.01092	0.03400	0.01083	0.00665	0.00393	0.00385	0.00124	0.00477	0.00357	0.00193	0.00476
18	0.23414	0.00611	0.00718	0.00616	0.00837	0.00595	0.00500	0.01386	0.00905	0.43067	0.01356	0.07585	0.01105	0.05200	0.00458	0.00142	0.00317	0.10300	0.00379	0.00510
19	0.00546	0.00392	0.00464	0.00474	0.00561	0.00368	0.00345	0.00721	0.04967	0.01264	0.29131	0.25722	0.20227	0.00882	0.00435	0.00129	0.00201	0.00770	0.12050	0.00351
20	0.05117	0.00584	0.00643	0.00629	0.04800	0.02758	0.00455	0.05930	0.13044	0.05608	0.20359	0.01783	0.07061	0.00564	0.00374	0.00112	0.01548	0.00465	0.27721	0.00443
21	0.00823	0.00833	0.00744	0.00686	0.00837	0.20763	0.03054	0.01135	0.16668	0.01247	0.22166	0.09616	0.17188	0.00703	0.00420	0.00123	0.00350	0.01888	0.00336	0.00421
22	0.00795	0.00681	0.00795	0.00568	0.00909	0.00511	0.00454	0.00965	0.00795	0.01249	0.00681	0.00795	0.00568	0.00284	0.00284	0.00057	0.00284	0.00227	0.00227	0.88869
23	0.00667	0.00508	0.00629	0.00656	0.00743	0.00519	0.00515	0.00875	0.09629	0.01171	0.06645	0.14561	0.11693	0.11430	0.00727	0.00193	0.04537	0.33561	0.00354	0.00388
24	0.00888	0.14665	0.10380	0.00782	0.01035	0.06449	0.07139	0.12674	0.04542	0.02491	0.04012	0.05731	0.21301	0.00603	0.00433	0.00120	0.04790	0.01214	0.00280	0.00470
25	0.11929	0.01442	0.05114	0.00919	0.03701	0.48787	0.00715	0.08602	0.05001	0.06486	0.00748	0.00814	0.00578	0.00405	0.00340	0.00107	0.00549	0.00277	0.02996	0.00488
26	0.00531	0.00411	0.00475	0.00482	0.00584	0.00376	0.00357	0.04650	0.00926	0.01193	0.18858	0.24250	0.39993	0.00971	0.00462	0.00136	0.00217	0.04412	0.00370	0.00346
27	0.00903	0.04252	0.60800	0.01025	0.01489	0.15223	0.01203	0.04210	0.00906	0.01218	0.04781	0.00889	0.00648	0.00393	0.00363	0.00116	0.00559	0.00297	0.00189	0.00537
28	0.00979	0.00890	0.02967	0.08464	0.13711	0.05445	0.21397	0.03867	0.13929	0.09868	0.03420	0.02519	0.05996	0.00477	0.00427	0.00126	0.02087	0.02625	0.00279	0.00527
29	0.00560	0.00431	0.00517	0.00570	0.00632	0.02664	0.00414	0.04201	0.00820	0.01063	0.02158	0.55000	0.11709	0.02327	0.03857	0.00173	0.00292	0.11929	0.00345	0.00337
30	0.00666	0.00333	0.00500	0.00500	0.00500	0.00333	0.00333	0.00500	0.00500	0.00666	0.00666	0.01166	0.00666	0.01332	0.01499	0.88844	0.00333	0.00333	0.00167	0.00167
31	0.00988	0.00978	0.04683	0.18942	0.44384	0.06984	0.03600	0.07059	0.03939	0.03629	0.00771	0.00968	0.00607	0.00373	0.00380	0.00117	0.00483	0.00341	0.00215	0.00559
32	0.00942	0.29190	0.30083	0.05272	0.13774	0.01098	0.06627	0.03654	0.00854	0.04168	0.00685	0.00814	0.00536	0.00354	0.00336	0.00108	0.00489	0.00286	0.00187	0.00544
33	0.00548	0.00411	0.00616	0.00616	0.00685	0.00479	0.00479	0.00685	0.00616	0.00890	0.01027	0.01506	0.00959	0.02876	0.85006	0.00616	0.01027	0.00411	0.00205	0.00342
34	0.00945	0.26074	0.05263	0.00709	0.00952	0.09379	0.00622	0.05071	0.24269	0.01254	0.02584	0.02566	0.09471	0.00518	0.00349	0.00111	0.00372	0.03630	0.05365	0.00496
35	0.03292	0.01020	0.02962	0.01334	0.14895	0.12703	0.29880	0.02785	0.03970	0.17452	0.00975	0.04267	0.00756	0.00419	0.00405	0.00121	0.00513	0.01441	0.00268	0.00542
36	0.00582	0.00371	0.00485	0.00485	0.00501	0.00387	0.00315	0.00573	0.00557	0.00759	0.01032	0.01942	0.01112	0.45837	0.21376	0.22249	0.00516	0.00468	0.00210	0.00242
37	0.00769	0.01983	0.84538	0.01093	0.01659	0.00890	0.01417	0.01214	0.00810	0.01214	0.00688	0.00810	0.00486	0.00364	0.00364	0.00121	0.00567	0.00283	0.00162	0.00567
38	0.00894	0.01067	0.10551	0.01231	0.05060	0.10806	0.34057	0.03602	0.02267	0.01196	0.01034	0.02636	0.00941	0.00606	0.03533	0.00152	0.02652	0.17002	0.00234	0.00479
39	0.36511	0.08222	0.14705	0.00773	0.01084	0.11660	0.02711	0.15569	0.00963	0.03657	0.00665	0.00741	0.00502	0.00380	0.00307	0.00113	0.00432	0.00259	0.00244	0.00500
40	0.00504	0.00393	0.00462	0.00489	0.00574	0.00362	0.00353	0.00658	0.05311	0.01129	0.16037	0.35245	0.33100	0.01007	0.00465	0.00139	0.00213	0.02850	0.00368	0.00341
41	0.01404	0.01736	0.01095	0.00983	0.01177	0.76121	0.00745	0.06093	0.01102	0.01021	0.00607	0.00712	0.00503	0.00412	0.00393	0.00103	0.04875	0.00257	0.00207	0.00455
42	0.00880	0.00826	0.01163	0.03282	0.31118	0.04924	0.06577	0.05194	0.04192	0.01279	0.02829	0.02108	0.09218	0.00444	0.00375	0.00105	0.00395	0.02688	0.00245	0.22159
43	0.00713	0.00476	0.00612	0.00605	0.00700	0.00484	0.00463	0.00857	0.04410	0.12352	0.03903	0.35736	0.17510	0.00948	0.00551	0.00147	0.09568	0.09220	0.00354	0.00390
44	0.00784	0.00684	0.00704	0.00663	0.00830	0.03408	0.00503	0.01461	0.49845	0.01361	0.02121	0.15281	0.19327	0.00721	0.00418	0.00133	0.00279	0.00613	0.00371	0.00494
45	0.20938	0.00689	0.00829	0.00651	0.00935	0.00654	0.00538	0.04993	0.01028	0.62905	0.01274	0.01140	0.00820	0.00448	0.00353	0.00118	0.00324	0.00345	0.00419	0.00600
46	0.00838	0.03497	0.15522	0.42641	0.23380	0.00911	0.01124	0.05483	0.00858	0.01165	0.00701	0.00950	0.00539	0.00372	0.00375	0.00121	0.00498	0.00327	0.00185	0.00511
47	0.00937	0.00899	0.01535	0.06647	0.79930	0.00908	0.01171	0.01167	0.00868	0.01239	0.00719	0.00953	0.00602	0.00344	0.00380	0.00115	0.00458	0.00342	0.00189	0.00598
48	0.00594	0.00432	0.00558	0.00576	0.00610	0.00463	0.00426	0.00669	0.00675	0.00907	0.01439	0.07028	0.01600	0.42330	0.07700	0.00302	0.07282	0.25842	0.00269	0.00297
49	0.00616	0.00449	0.00521	0.00504	0.00630	0.00412	0.01315	0.05153	0.03325	0.06195	0.08825	0.23052	0.44627	0.00936	0.00453	0.00134	0.00231	0.01880	0.00369	0.00372
50	0.18068	0.04894	0.11968	0.00913	0.01224	0.05156	0.18735	0.07367	0.00939	0.14501	0.01901	0.03813	0.05538	0.00464	0.00372	0.00122	0.00440	0.02799	0.00277	0.00507
51	0.00822	0.19545	0.67442	0.01002	0.01520	0.01020	0.01259	0.01201	0.00803	0.01150	0.00656	0.00769	0.00487	0.00357	0.00340	0.00113	0.00534	0.00267	0.00162	0.00551
52	0.00739	0.00695	0.01190	0.43553	0.19697	0.00774	0.07470	0.00956	0.00795	0.01058	0.01003	0.15979	0.02370	0.00527	0.00419	0.00130	0.01496	0.00489	0.00212	0.00450
53	0.05367	0.01050	0.01114	0.00862	0.01162	0.01166	0.00710	0.76234	0.04745	0.02355	0.00927	0.00926	0.00660	0.00458	0.00377	0.00116	0.00412	0.00342	0.00377	0.00640
54	0.09374	0.00723	0.00963	0.29052	0.04911	0.00734	0.00720	0.07515	0.00894	0.12441	0.00799	0.00939	0.00594	0.00366	0.00338	0.00102	0.00384	0.00298	0.00253	0.28599
55	0.04001	0.32752	0.15178	0.00830	0.01157	0.04183	0.05331	0.11615	0.00967	0.09932	0.04440	0.00955	0.00728	0.00418	0.00376	0.00108	0.04650	0.01608	0.00244	0.00527
56	0.00554	0.00406	0.00593	0.00593	0.00657	0.00467	0.00454	0.00683	0.00619	0.00899	0.01048	0.01574	0.00990	0.08637	0.76117	0.00580	0.00950	0.00419	0.03422	0.00335
57	0.00634	0.00478	0.00720	0.00758	0.00867	0.00473	0.05927	0.00819	0.00887	0.01158	0.03226	0.04083	0.02928	0.01006	0.00523	0.00172	0.00368	0.74265	0.00344	0.00364
58	0.01203	0.01313	0.01120	0.01104	0.11265	0.41410	0.04784	0.06407	0.18370	0.03150	0.00943	0.05530	0.00784	0.00460	0.00375	0.00113	0.00529	0.00362	0.00263	0.00512
59	0.01709	0.00671	0.00901	0.00691	0.00988	0.00592	0.00571	0.05493	0.01129	0.80730	0.01486	0.01288	0.00936	0.00474	0.00385	0.00118	0.00331	0.00384	0.00470	0.00652
60	0.00738	0.00696	0.01175	0.80385	0.07749	0.00856	0.01072	0.00992	0.00773	0.00997	0.00684	0.01018	0.00517	0.00381	0.00383	0.00127	0.00508	0.00341	0.00172	0.00437
61	0.04665	0.00871	0.01138	0.35076	0.01766	0.00999	0.03819	0.35244	0.07768	0.03595	0.00868	0.01003	0.00631	0.00425	0.00381	0.00122	0.00449	0.00350	0.00287	0.00543
62	0.00880	0.00483	0.00622	0.00559	0.00697	0.00453	0.00429	0.06128	0.01025	0.20854	0.34631	0.14941	0.04076	0.00776	0.00486	0.04901	0.00248	0.02347	0.05033	0.00429
63	0.01097	0.00815	0.03244	0.04938	0.01031	0.14196	0.03588	0.04596	0.02026	0.25377	0.01202	0.09758	0.01019	0.03323	0.19877	0.00242	0.00569	0.02316	0.00308	0.00477
64	0.00878	0.00840	0.01379	0.09927	0.34481	0.00872	0.15313	0.01309	0.19458	0.01284	0.01143	0.01387	0.05096	0.00451	0.00406	0.00125	0.00442	0.04411	0.00250	0.00546
65	0.00883	0.09237	0.61138	0.01015	0.01504	0.00900	0.05231	0.01264	0.01866	0.09118	0.03794	0.00933	0.00657	0.00387	0.00364	0.00118	0.00517	0.00311	0.00206	0.00559
66	0.00529	0.00356	0.00494	0.00544	0.00573	0.00358	0.00379	0.00570	0.00664	0.00899	0.01583	0.46038	0.01809	0.06949	0.18059	0.15418	0.00420	0.03784	0.00285	0.00290
67	0.02262	0.04527	0.42003	0.03645	0.05905	0.06867	0.08557	0.12964	0.00975	0.01345	0.00817	0.06889	0.00671	0.00434	0.00378	0.00120	0.00520	0.00363	0.00216	0.00541
68	0.01230	0.02435	0.01045	0.06516	0.01188	0.32549	0.04721	0.03477	0.11687	0.17181	0.05683	0.01172	0.03200	0.00505	0.01483	0.00122	0.04645	0.00363	0.00294	0.00503
69	0.00589	0.00457	0.00572	0.00604	0.04733	0.01686	0.01528	0.00731	0.02164	0.03844	0.23470	0.19955	0.28626	0.01843	0.02926	0.00149	0.01335	0.03048	0.01373	0.00366
70	0.00897	0.00742	0.00810	0.00748	0.00939	0.00835	0.00592	0.08237	0.56458	0.01548	0.02414	0.06109	0.04460	0.00650	0.00419	0.00137	0.00311	0.12768	0.00381	0.00545
71	0.00894	0.16852	0.03354	0.38200	0.26722	0.00999	0.01009	0.03719	0.00842	0.02928	0.00692	0.00922	0.00550	0.00365	0.00356	0.00114	0.00470	0.00315	0.00188	0.00508
72	0.62426	0.04515	0.02459	0.00683	0.05315	0.05331	0.00533	0.02389	0.00720	0.01547	0.00565	0.00675	0.00453	0.00369	0.00310	0.00114	0.04621	0.00228	0.00226	0.06522
73	0.00518	0.00399	0.00476	0.00541	0.00586	0.02624	0.00370	0.02770	0.00786	0.01022	0.02213	0.73616	0.10376	0.01137	0.00479	0.00151	0.00238	0.01020	0.00352	0.00325

[dist]
# distance from previous block
# <min> <max>
11	36

[block]
# block no. 8 follows, 71 sequences, length 16
# corresponding to MSA columns:
# 772-780,783-789
name=unknown_I
#
# <colnr> <probs for GDERKNQSTAVLIFYWHMCP>
#	G	D	E	R	K	N	Q	S	T	A	V	L	I	F	Y	W	H	M	C	P
0	0.00786	0.21338	0.35222	0.00837	0.01186	0.00908	0.04678	0.02998	0.00794	0.01088	0.03589	0.01219	0.04026	0.10304	0.09285	0.00192	0.00529	0.00352	0.00198	0.00472
1	0.04331	0.00666	0.04313	0.17379	0.01181	0.02526	0.00640	0.03943	0.03924	0.13044	0.15369	0.08369	0.08854	0.00643	0.00443	0.00128	0.03535	0.06624	0.00321	0.03767
2	0.00892	0.02494	0.10599	0.06017	0.30420	0.03417	0.22572	0.02944	0.02101	0.02232	0.00960	0.01173	0.05865	0.02310	0.02196	0.00137	0.02538	0.00397	0.00209	0.00528
3	0.00936	0.00974	0.02077	0.01493	0.01858	0.00910	0.72888	0.01240	0.00927	0.06486	0.05542	0.01155	0.00777	0.00359	0.00448	0.00128	0.00600	0.00462	0.00225	0.00517
4	0.00555	0.00384	0.00505	0.00509	0.00586	0.00359	0.00371	0.00692	0.00937	0.04084	0.46739	0.28644	0.06855	0.01044	0.05789	0.00163	0.00253	0.00794	0.00387	0.00353
5	0.07932	0.18032	0.31884	0.02906	0.07348	0.01027	0.11745	0.06296	0.00860	0.01250	0.00724	0.04169	0.00595	0.00399	0.00380	0.00117	0.03290	0.00327	0.00196	0.00524
6	0.00727	0.00487	0.00693	0.06012	0.03361	0.00469	0.04137	0.00872	0.02300	0.13050	0.03305	0.27914	0.17743	0.02981	0.06559	0.00180	0.00350	0.08128	0.00337	0.00398
7	0.00666	0.00333	0.00500	0.00500	0.00500	0.00333	0.00333	0.00500	0.00500	0.00666	0.00666	0.01166	0.00666	0.01332	0.01499	0.88844	0.00333	0.00333	0.00167	0.00167
8	0.00791	0.00717	0.01164	0.06086	0.46391	0.00723	0.02885	0.01009	0.03961	0.01167	0.01239	0.15924	0.03936	0.03969	0.00479	0.00139	0.00396	0.08280	0.00248	0.00497
9	0.03137	0.05365	0.07598	0.16610	0.39810	0.09373	0.01025	0.03698	0.02766	0.05926	0.00755	0.00931	0.00593	0.00371	0.00366	0.00115	0.00480	0.00322	0.00211	0.00549
10	0.00622	0.00361	0.00525	0.00527	0.00555	0.00383	0.00374	0.00585	0.00562	0.00791	0.00867	0.03197	0.00845	0.04820	0.28424	0.50184	0.00548	0.00384	0.05208	0.00240
11	0.00459	0.00377	0.00404	0.00422	0.00528	0.00322	0.00307	0.00552	0.00850	0.01038	0.05755	0.21466	0.64163	0.01015	0.00461	0.00135	0.00200	0.00866	0.00358	0.00322
12	0.01089	0.06232	0.09887	0.08138	0.19501	0.04978	0.14051	0.04907	0.05151	0.16966	0.00941	0.01058	0.01536	0.01491	0.00422	0.00122	0.02352	0.00361	0.00259	0.00558
13	0.00643	0.00337	0.00497	0.00503	0.00507	0.00338	0.00336	0.00511	0.00523	0.00699	0.00804	0.07340	0.00839	0.04685	0.04425	0.75892	0.00351	0.00399	0.00184	0.00186
14	0.00769	0.01983	0.84538	0.01093	0.01659	0.00890	0.01417	0.01214	0.00810	0.01214	0.00688	0.00810	0.00486	0.00364	0.00364	0.00121	0.00567	0.00283	0.00162	0.00567
15	0.00885	0.01014	0.12328	0.07077	0.48748	0.00878	0.11312	0.03120	0.02421	0.01243	0.00838	0.06838	0.00727	0.00410	0.00395	0.00121	0.00478	0.00401	0.00205	0.00560

[dist]
# distance from previous block
# <min> <max>
0	1

[block]
# block no. 9 follows, 71 sequences, length 8
# corresponding to MSA columns:
# 791-798
name=unknown_J
#
# <colnr> <probs for GDERKNQSTAVLIFYWHMCP>
#	G	D	E	R	K	N	Q	S	T	A	V	L	I	F	Y	W	H	M	C	P
0	0.09157	0.08226	0.35785	0.00984	0.03908	0.02937	0.03878	0.24114	0.03091	0.03294	0.00767	0.00843	0.00560	0.00392	0.00353	0.00116	0.00480	0.00300	0.00246	0.00570
1	0.01317	0.25930	0.01348	0.00894	0.01128	0.61298	0.00717	0.01422	0.00999	0.00928	0.00576	0.00670	0.00493	0.00376	0.00317	0.00094	0.00612	0.00235	0.00188	0.00458
2	0.00834	0.00744	0.01020	0.05248	0.23695	0.00637	0.00681	0.01024	0.00815	0.01237	0.00692	0.00848	0.00576	0.00305	0.00315	0.00076	0.00342	0.00264	0.00214	0.60433
3	0.00483	0.00345	0.00463	0.00552	0.00581	0.00325	0.00383	0.00561	0.00750	0.00996	0.02105	0.77670	0.02501	0.01186	0.00494	0.00158	0.00236	0.09539	0.00356	0.00316
4	0.04869	0.08324	0.15264	0.19165	0.02811	0.02067	0.02575	0.09591	0.02756	0.01352	0.21676	0.03064	0.01358	0.00527	0.00414	0.02638	0.00399	0.00420	0.00267	0.00463
5	0.00653	0.00504	0.00584	0.00595	0.00688	0.00523	0.00426	0.07000	0.19046	0.01213	0.01985	0.49206	0.08503	0.06513	0.00552	0.00159	0.00263	0.00833	0.00358	0.00398
6	0.00984	0.05592	0.27369	0.03904	0.15507	0.09690	0.06366	0.03234	0.02814	0.07354	0.00767	0.00884	0.00581	0.00362	0.00357	0.00107	0.00489	0.00303	0.00216	0.13121
7	0.03905	0.43872	0.15100	0.00904	0.03330	0.04756	0.09410	0.04500	0.04655	0.03153	0.00677	0.00775	0.00550	0.00364	0.00335	0.00103	0.02623	0.00273	0.00198	0.00519

[dist]
# distance from previous block
# <min> <max>
1	6

[block]
# block no. 10 follows, 71 sequences, length 34
# corresponding to MSA columns:
# 806-839
name=unknown_K
#
# <colnr> <probs for GDERKNQSTAVLIFYWHMCP>
#	G	D	E	R	K	N	Q	S	T	A	V	L	I	F	Y	W	H	M	C	P
0	0.01885	0.00598	0.05764	0.00665	0.00821	0.00516	0.03996	0.03893	0.07279	0.14506	0.08180	0.35886	0.05698	0.02970	0.00483	0.00145	0.00299	0.05623	0.00360	0.00431
1	0.00581	0.00481	0.00568	0.00580	0.00643	0.04511	0.00424	0.00701	0.02976	0.01043	0.12785	0.34761	0.11632	0.03699	0.14940	0.02120	0.06154	0.00749	0.00312	0.00341
2	0.01060	0.05140	0.01401	0.07047	0.20205	0.10946	0.16243	0.05288	0.20809	0.06526	0.00965	0.01060	0.00736	0.00404	0.00386	0.00119	0.00475	0.00370	0.00264	0.00558
3	0.01952	0.02721	0.03277	0.18549	0.22712	0.08260	0.14523	0.05251	0.03763	0.11731	0.00856	0.01014	0.00641	0.00383	0.00383	0.00118	0.00489	0.00355	0.02483	0.00537
