[name]
unknown

[dist]
# distance from previous block
# <min> <max>
2	295

[block]
# block no. 0 follows, 77 sequences, length 30
# corresponding to MSA columns:
# 462-491
name=unknown_A
#
# <colnr> <probs for GDERKNQSTAVLIFYWHMCP>
#	G	D	E	R	K	N	Q	S	T	A	V	L	I	F	Y	W	H	M	C	P
0	0.00895	0.00758	0.00836	0.07761	0.01061	0.00878	0.00604	0.01826	0.75468	0.03599	0.01395	0.01308	0.01042	0.00476	0.00365	0.00122	0.00301	0.00398	0.00351	0.00557
1	0.00464	0.00366	0.00419	0.00406	0.00510	0.00320	0.00304	0.00592	0.00913	0.01192	0.41613	0.03100	0.46863	0.00829	0.00425	0.00118	0.00176	0.00708	0.00363	0.00320
2	0.89899	0.00696	0.00529	0.00473	0.00696	0.00807	0.00390	0.01057	0.00612	0.01614	0.00501	0.00584	0.00390	0.00334	0.00223	0.00111	0.00278	0.00195	0.00223	0.00390
3	0.01295	0.09985	0.01114	0.00929	0.03198	0.75624	0.00698	0.01393	0.00986	0.00884	0.00554	0.00648	0.00466	0.00363	0.00316	0.00092	0.00618	0.00230	0.00182	0.00425
4	0.00434	0.00365	0.00377	0.00374	0.00491	0.00308	0.00281	0.00534	0.00842	0.01023	0.12534	0.03377	0.76047	0.00892	0.00425	0.00121	0.00181	0.00747	0.00341	0.00308
5	0.00751	0.02819	0.00774	0.00535	0.00854	0.00503	0.00431	0.00910	0.00746	0.01164	0.00636	0.00742	0.00531	0.00267	0.00265	0.00054	0.00269	0.00213	0.00212	0.87323
6	0.00512	0.00375	0.00490	0.00554	0.00617	0.00361	0.00429	0.01830	0.01942	0.01025	0.04319	0.42199	0.10967	0.01024	0.00466	0.00149	0.00255	0.31833	0.00335	0.00318
7	0.01051	0.01243	0.22493	0.01061	0.09243	0.10724	0.05923	0.28676	0.02711	0.02619	0.00726	0.00834	0.00548	0.00420	0.00451	0.02017	0.08190	0.00305	0.00238	0.00527
8	0.00725	0.00360	0.00508	0.00483	0.00522	0.00353	0.00331	0.00650	0.00561	0.11274	0.02018	0.01353	0.00822	0.15230	0.05474	0.58186	0.00347	0.00361	0.00208	0.00234
9	0.00514	0.00385	0.00578	0.00578	0.00642	0.00450	0.00450	0.00642	0.00578	0.00835	0.00963	0.01413	0.00899	0.02698	0.85933	0.00578	0.00963	0.00385	0.00193	0.00321
10	0.00951	0.66306	0.10305	0.02363	0.05336	0.06556	0.01864	0.01105	0.00758	0.00901	0.00533	0.00628	0.00468	0.00317	0.00259	0.00085	0.00423	0.00214	0.00157	0.00471
11	0.03892	0.34552	0.33462	0.00836	0.01224	0.02396	0.05155	0.07903	0.00843	0.05728	0.00648	0.00727	0.00497	0.00340	0.00302	0.00099	0.00449	0.00253	0.00190	0.00507
12	0.00532	0.00435	0.03385	0.00566	0.00628	0.00437	0.00444	0.00638	0.00619	0.00859	0.01220	0.11498	0.01289	0.20614	0.40810	0.00395	0.03157	0.11938	0.00231	0.00306
13	0.00831	0.09233	0.05899	0.00777	0.10574	0.00661	0.00588	0.03359	0.02030	0.03991	0.00675	0.00775	0.00548	0.00295	0.00285	0.00070	0.00317	0.00237	0.00214	0.58641
14	0.00787	0.00787	0.01102	0.00944	0.00944	0.01102	0.00787	0.00866	0.00551	0.00866	0.00472	0.00787	0.00472	0.00630	0.01180	0.00157	0.86700	0.00315	0.00157	0.00393
15	0.00438	0.00361	0.00385	0.00388	0.00496	0.00308	0.00288	0.00539	0.00839	0.01036	0.15347	0.09875	0.66651	0.00902	0.00428	0.00122	0.00182	0.00764	0.00343	0.00308
16	0.89899	0.00696	0.00529	0.00473	0.00696	0.00807	0.00390	0.01057	0.00612	0.01614	0.00501	0.00584	0.00390	0.00334	0.00223	0.00111	0.00278	0.00195	0.00223	0.00390
17	0.00514	0.00385	0.00578	0.00578	0.00642	0.00450	0.00450	0.00642	0.00578	0.00835	0.00963	0.01413	0.00899	0.02698	0.85933	0.00578	0.00963	0.00385	0.00193	0.00321
18	0.01009	0.72143	0.01721	0.00660	0.00949	0.11236	0.00624	0.02377	0.04789	0.00903	0.00558	0.00626	0.00494	0.00326	0.00250	0.00081	0.00411	0.00209	0.00171	0.00464
19	0.00534	0.00402	0.00520	0.00600	0.08210	0.00376	0.00384	0.00616	0.03533	0.00962	0.08602	0.19538	0.34026	0.00943	0.00627	0.18632	0.00239	0.00660	0.00289	0.00307
20	0.02432	0.31654	0.10956	0.00841	0.03852	0.35551	0.00730	0.03995	0.02113	0.00968	0.00593	0.00718	0.00507	0.03266	0.00345	0.00100	0.00506	0.00240	0.00180	0.00452
21	0.83279	0.00689	0.00552	0.00486	0.00712	0.00786	0.00400	0.01110	0.00643	0.07894	0.00570	0.00632	0.00427	0.00342	0.00233	0.00111	0.00280	0.00207	0.00239	0.00406
22	0.00916	0.01028	0.07447	0.12139	0.54239	0.13050	0.03794	0.01133	0.00832	0.01098	0.00654	0.00857	0.00535	0.00333	0.00353	0.00107	0.00479	0.00307	0.00175	0.00522
23	0.00822	0.00778	0.01336	0.29255	0.45778	0.00814	0.07365	0.01046	0.00788	0.02382	0.00678	0.00915	0.00542	0.00331	0.00357	0.00109	0.00447	0.00323	0.00179	0.05758
24	0.00430	0.00361	0.00374	0.00378	0.00491	0.00305	0.00281	0.00524	0.00821	0.00993	0.07765	0.08981	0.75234	0.00916	0.00427	0.00123	0.00183	0.00771	0.00337	0.00305
25	0.02153	0.00500	0.05440	0.00607	0.00730	0.00432	0.01688	0.00757	0.00798	0.04741	0.09105	0.09216	0.11468	0.03621	0.09659	0.00196	0.00371	0.36511	0.00308	0.01700
26	0.00839	0.00783	0.01295	0.33746	0.49291	0.00849	0.01040	0.05791	0.00832	0.01142	0.00673	0.00915	0.00538	0.00342	0.00358	0.00112	0.00445	0.00320	0.00182	0.00508
27	0.00811	0.03174	0.00793	0.00549	0.00865	0.00528	0.00444	0.03384	0.00786	0.05092	0.00678	0.00767	0.00550	0.00281	0.00273	0.00058	0.00275	0.00223	0.00226	0.80244
28	0.01124	0.03663	0.08352	0.00859	0.10725	0.03111	0.03879	0.03482	0.00918	0.37950	0.01408	0.09749	0.08958	0.00514	0.00368	0.00112	0.00344	0.00438	0.00329	0.03716
29	0.03788	0.00814	0.03498	0.17630	0.40740	0.00834	0.07263	0.02759	0.12757	0.01199	0.00896	0.01081	0.03458	0.00381	0.00363	0.00114	0.00418	0.01279	0.00213	0.00513

[dist]
# distance from previous block
# <min> <max>
1	5

[block]
# block no. 1 follows, 77 sequences, length 12
# corresponding to MSA columns:
# 497-508
name=unknown_B
#
# <colnr> <probs for GDERKNQSTAVLIFYWHMCP>
#	G	D	E	R	K	N	Q	S	T	A	V	L	I	F	Y	W	H	M	C	P
0	0.05002	0.57295	0.08376	0.00715	0.01029	0.01259	0.03854	0.13271	0.00876	0.02826	0.00592	0.00666	0.00492	0.00339	0.00287	0.00090	0.02116	0.00232	0.00194	0.00489
1	0.04429	0.04225	0.24463	0.00909	0.03409	0.00726	0.13038	0.01408	0.02861	0.37737	0.01028	0.02587	0.00709	0.00397	0.00357	0.00113	0.00415	0.00344	0.00295	0.00549
2	0.00446	0.00331	0.00419	0.00485	0.00531	0.00303	0.00340	0.00522	0.00725	0.00941	0.02310	0.64232	0.18906	0.01074	0.00455	0.00143	0.00212	0.06994	0.00334	0.00297
3	0.00927	0.75164	0.13992	0.00675	0.01015	0.01338	0.00719	0.01086	0.00735	0.00889	0.00521	0.00603	0.00461	0.00313	0.00247	0.00082	0.00406	0.00203	0.00154	0.00472
4	0.00986	0.07046	0.21015	0.02163	0.11714	0.08357	0.13268	0.06993	0.07089	0.11430	0.02171	0.00975	0.00671	0.02469	0.01977	0.00124	0.00472	0.00330	0.00235	0.00517
5	0.00493	0.00336	0.00401	0.00430	0.00438	0.00329	0.00259	0.00515	0.00581	0.00775	0.01432	0.32162	0.01684	0.57037	0.01348	0.00277	0.00299	0.00699	0.00259	0.00244
6	0.00443	0.00319	0.00421	0.00501	0.00528	0.00297	0.00340	0.00510	0.00699	0.00926	0.02043	0.81010	0.05488	0.01114	0.00459	0.00146	0.00212	0.03916	0.00334	0.00294
7	0.00935	0.40003	0.16687	0.07773	0.14536	0.03300	0.02436	0.02497	0.02046	0.05779	0.00643	0.00752	0.00517	0.00334	0.00298	0.00096	0.00431	0.00256	0.00182	0.00498
8	0.02611	0.00928	0.02544	0.15706	0.28165	0.06813	0.03341	0.24008	0.09727	0.01453	0.00793	0.00919	0.00608	0.00379	0.00356	0.00111	0.00432	0.00324	0.00246	0.00536
9	0.00537	0.00407	0.00491	0.00522	0.00626	0.00389	0.00430	0.00720	0.05321	0.01098	0.08374	0.03459	0.33751	0.00890	0.00446	0.00139	0.00253	0.37274	0.04541	0.00334
10	0.00866	0.30573	0.48925	0.00873	0.01300	0.05609	0.01025	0.05042	0.00808	0.01080	0.00602	0.00697	0.00465	0.00336	0.00304	0.00100	0.00482	0.00242	0.00164	0.00506
11	0.03652	0.36913	0.01117	0.00585	0.00776	0.13283	0.00497	0.00911	0.00798	0.00953	0.07674	0.16220	0.14169	0.00586	0.00329	0.00102	0.00341	0.00465	0.00238	0.00390

[dist]
# distance from previous block
# <min> <max>
0	5

[block]
# block no. 2 follows, 77 sequences, length 10
# corresponding to MSA columns:
# 514-523
name=unknown_C
#
# <colnr> <probs for GDERKNQSTAVLIFYWHMCP>
#	G	D	E	R	K	N	Q	S	T	A	V	L	I	F	Y	W	H	M	C	P
0	0.09000	0.00686	0.00763	0.00560	0.00868	0.00581	0.00452	0.10238	0.00840	0.01336	0.00652	0.00744	0.00528	0.00291	0.00273	0.00065	0.00282	0.00224	0.00230	0.71387
1	0.00935	0.30562	0.20076	0.00992	0.14419	0.11837	0.00836	0.03743	0.03212	0.03049	0.00846	0.00923	0.06372	0.00379	0.00312	0.00098	0.00439	0.00288	0.00193	0.00489
2	0.25560	0.00666	0.06518	0.00588	0.00775	0.00640	0.00496	0.09313	0.00774	0.14390	0.00899	0.01190	0.00756	0.13550	0.22120	0.00263	0.00495	0.00334	0.00258	0.00414
3	0.00618	0.00315	0.00464	0.00464	0.00464	0.00315	0.00306	0.00472	0.00472	0.00630	0.00658	0.01176	0.00670	0.06902	0.01434	0.83681	0.00315	0.00326	0.00160	0.00160
4	0.00774	0.00680	0.00943	0.36940	0.08734	0.00792	0.00768	0.03860	0.28965	0.01166	0.01015	0.01309	0.00828	0.08410	0.00501	0.00142	0.00390	0.03077	0.00248	0.00459
5	0.25633	0.00768	0.00803	0.04413	0.05605	0.00870	0.00569	0.18213	0.30330	0.01635	0.00976	0.00993	0.00735	0.00414	0.00316	0.00113	0.00314	0.00318	0.06478	0.00505
6	0.00655	0.00393	0.00509	0.00489	0.00592	0.00355	0.00366	0.00784	0.00908	0.14344	0.39098	0.23815	0.12553	0.00816	0.00425	0.00123	0.00206	0.02824	0.00379	0.00366
7	0.00723	0.04800	0.06069	0.17529	0.15137	0.00748	0.05082	0.01040	0.14455	0.01054	0.01022	0.10294	0.02054	0.07081	0.07990	0.00177	0.03652	0.00432	0.00225	0.00438
8	0.01004	0.78412	0.01797	0.00643	0.00943	0.05379	0.00623	0.05998	0.00801	0.00932	0.00524	0.00597	0.00471	0.00318	0.00243	0.00080	0.00398	0.00202	0.00168	0.00468
9	0.00826	0.05922	0.01169	0.13148	0.29967	0.05109	0.04489	0.01030	0.02387	0.01101	0.00731	0.02394	0.01911	0.00337	0.00326	0.00091	0.00391	0.00300	0.00194	0.28177

[dist]
# distance from previous block
# <min> <max>
0	4

[block]
# block no. 3 follows, 77 sequences, length 19
# corresponding to MSA columns:
# 528-546
name=unknown_D
#
# <colnr> <probs for GDERKNQSTAVLIFYWHMCP>
#	G	D	E	R	K	N	Q	S	T	A	V	L	I	F	Y	W	H	M	C	P
0	0.03284	0.38368	0.04111	0.00723	0.05232	0.06551	0.00607	0.11439	0.00872	0.02083	0.02361	0.03513	0.00662	0.04856	0.00364	0.00099	0.00377	0.00278	0.00211	0.14008
1	0.00494	0.00373	0.00489	0.00522	0.02642	0.00354	0.00368	0.00615	0.00856	0.01170	0.39403	0.32333	0.12399	0.00888	0.00457	0.00128	0.02527	0.03304	0.00353	0.00326
2	0.02713	0.01747	0.04492	0.07177	0.08691	0.20346	0.02407	0.01036	0.06545	0.02207	0.23273	0.07428	0.05798	0.00554	0.00375	0.00111	0.00375	0.01828	0.00274	0.02624
3	0.00438	0.00315	0.00415	0.00494	0.00520	0.00293	0.00331	0.00502	0.00695	0.00921	0.02060	0.83222	0.06231	0.01117	0.00458	0.00145	0.00207	0.01010	0.00334	0.00293
4	0.01174	0.00965	0.00953	0.02615	0.01061	0.10635	0.00637	0.35459	0.34708	0.06290	0.01094	0.01052	0.00802	0.00447	0.00358	0.00112	0.00377	0.00349	0.00343	0.00568
5	0.02737	0.43740	0.14012	0.00973	0.09323	0.05080	0.13254	0.01108	0.00773	0.01000	0.00582	0.00705	0.00486	0.00315	0.00294	0.00092	0.00448	0.00253	0.00166	0.04660
6	0.03642	0.17187	0.52970	0.02078	0.05273	0.00935	0.01071	0.04326	0.02196	0.06151	0.00684	0.00771	0.00503	0.00347	0.00321	0.00107	0.00469	0.00264	0.00185	0.00523
7	0.00817	0.27758	0.45169	0.00988	0.01422	0.01027	0.15862	0.01123	0.00767	0.01052	0.00616	0.00742	0.00474	0.00325	0.00323	0.00104	0.00500	0.00272	0.00158	0.00502
8	0.00454	0.00335	0.00425	0.00466	0.00520	0.00306	0.00325	0.00549	0.00794	0.01061	0.23429	0.51935	0.16095	0.00992	0.00445	0.00134	0.00194	0.00885	0.00350	0.00306
9	0.03276	0.20846	0.36082	0.04199	0.07925	0.04094	0.00945	0.03417	0.00820	0.12023	0.00745	0.02815	0.00571	0.00368	0.00321	0.00105	0.00445	0.00284	0.00206	0.00513
10	0.00499	0.00390	0.00514	0.00624	0.07290	0.00371	0.00398	0.00626	0.04548	0.00991	0.04981	0.56752	0.15701	0.02595	0.00466	0.00141	0.00229	0.02232	0.00323	0.00330
11	0.00445	0.00353	0.00400	0.00413	0.00504	0.00308	0.00300	0.00545	0.00829	0.01053	0.19450	0.22394	0.49883	0.00925	0.00433	0.00125	0.00186	0.00798	0.00346	0.00308
12	0.00931	0.02230	0.04503	0.23220	0.16906	0.12827	0.13036	0.08520	0.03325	0.02723	0.02031	0.00915	0.00586	0.00380	0.00418	0.00114	0.06326	0.00328	0.00202	0.00478
13	0.00850	0.00801	0.01194	0.48358	0.26151	0.08224	0.02810	0.01066	0.00793	0.05357	0.00685	0.00926	0.00527	0.00352	0.00357	0.00113	0.00473	0.00317	0.00183	0.00463
14	0.00483	0.00353	0.00422	0.00450	0.00529	0.00314	0.00325	0.00575	0.00795	0.03645	0.11874	0.37429	0.36512	0.00968	0.00440	0.00132	0.00201	0.03896	0.00344	0.00314
15	0.03751	0.03097	0.04624	0.04493	0.02778	0.03071	0.51951	0.01157	0.04209	0.05703	0.01955	0.01237	0.00738	0.00445	0.02525	0.00133	0.00533	0.06911	0.00217	0.00471
16	0.02920	0.02440	0.03057	0.18879	0.20031	0.05516	0.05824	0.11385	0.02966	0.12332	0.00935	0.01287	0.00764	0.00441	0.00371	0.00117	0.00425	0.09557	0.00254	0.00498
17	0.34864	0.01033	0.00875	0.03233	0.00998	0.25925	0.05411	0.11376	0.00900	0.06001	0.00653	0.00777	0.00514	0.03612	0.00375	0.00116	0.02402	0.00263	0.00235	0.00437
18	0.00763	0.01239	0.36402	0.09863	0.19835	0.02392	0.13482	0.01063	0.00779	0.01097	0.00798	0.01026	0.03326	0.02464	0.02704	0.00133	0.00510	0.01456	0.00175	0.00494

[dist]
# distance from previous block
# <min> <max>
3	6

[block]
# block no. 4 follows, 77 sequences, length 15
# corresponding to MSA columns:
# 553-567
name=unknown_E
#
# <colnr> <probs for GDERKNQSTAVLIFYWHMCP>
#	G	D	E	R	K	N	Q	S	T	A	V	L	I	F	Y	W	H	M	C	P
0	0.27701	0.06073	0.05549	0.00861	0.09093	0.07497	0.04085	0.13824	0.11507	0.06088	0.00798	0.02651	0.00622	0.00395	0.00326	0.00110	0.01771	0.00298	0.00258	0.00492
1	0.00576	0.00529	0.06825	0.00572	0.00667	0.00496	0.00462	0.03652	0.03452	0.00925	0.03838	0.03555	0.05598	0.23688	0.40543	0.00392	0.03224	0.00450	0.00224	0.00330
2	0.05804	0.42306	0.05061	0.00757	0.01020	0.35779	0.00668	0.03141	0.00866	0.00946	0.00538	0.00621	0.00462	0.00339	0.00276	0.00087	0.00493	0.00215	0.00175	0.00446
3	0.00758	0.07359	0.11843	0.00632	0.00973	0.00607	0.02752	0.00952	0.00751	0.01140	0.00662	0.00820	0.00555	0.00298	0.00283	0.00067	0.00320	0.02196	0.00203	0.66830
4	0.00532	0.00404	0.00585	0.00579	0.00641	0.00471	0.00445	0.00675	0.02924	0.00845	0.00977	0.01461	0.00923	0.08496	0.75537	0.00539	0.03051	0.00394	0.00198	0.00323
5	0.00854	0.01398	0.50797	0.00988	0.04671	0.00757	0.08004	0.02634	0.00814	0.10605	0.00743	0.00834	0.00531	0.00339	0.00340	0.00104	0.00464	0.00285	0.00202	0.14636
6	0.00773	0.11508	0.06080	0.00567	0.00887	0.00610	0.00499	0.00939	0.00755	0.02884	0.00797	0.00879	0.04977	0.00314	0.00277	0.00065	0.00294	0.00246	0.00213	0.66438
7	0.00695	0.00440	0.00591	0.00571	0.00650	0.00457	0.01811	0.00860	0.13260	0.07739	0.01211	0.13623	0.01185	0.08024	0.13283	0.26823	0.00397	0.07793	0.00262	0.00324
8	0.00521	0.00496	0.06014	0.00486	0.00610	0.01978	0.00398	0.00698	0.03075	0.01249	0.47722	0.08935	0.24931	0.00773	0.00418	0.00118	0.00212	0.00668	0.00354	0.00346
9	0.00865	0.39817	0.41379	0.00807	0.01220	0.01069	0.00942	0.01127	0.00757	0.04408	0.00612	0.00697	0.00479	0.00328	0.00290	0.00095	0.00446	0.00235	0.00167	0.04261
10	0.00563	0.00355	0.00487	0.00483	0.00511	0.00372	0.00337	0.00536	0.00544	0.00732	0.01115	0.01641	0.09828	0.16999	0.21502	0.40358	0.02799	0.00415	0.00195	0.00229
11	0.00522	0.00351	0.00405	0.00405	0.00409	0.00356	0.00234	0.00531	0.00527	0.00707	0.01122	0.02290	0.01280	0.81563	0.07588	0.00364	0.00391	0.00514	0.00216	0.00225
12	0.01062	0.00856	0.00907	0.00766	0.00999	0.00973	0.00610	0.30860	0.55244	0.01774	0.01252	0.01173	0.00926	0.00468	0.00364	0.00117	0.00324	0.00377	0.00364	0.00584
13	0.21234	0.00910	0.00957	0.11048	0.07196	0.08492	0.00682	0.33024	0.03249	0.01621	0.00710	0.00818	0.00542	0.00461	0.02688	0.00125	0.05197	0.00289	0.00261	0.00495
14	0.00782	0.14705	0.34161	0.01106	0.14663	0.00908	0.07110	0.02495	0.00780	0.01088	0.02927	0.01049	0.07767	0.00417	0.00421	0.00112	0.08505	0.00332	0.00184	0.00488

[dist]
# distance from previous block
# <min> <max>
1	3

[block]
# block no. 5 follows, 77 sequences, length 42
# corresponding to MSA columns:
# 571-612
name=unknown_F
#
# <colnr> <probs for GDERKNQSTAVLIFYWHMCP>
#	G	D	E	R	K	N	Q	S	T	A	V	L	I	F	Y	W	H	M	C	P
0	0.00656	0.01162	0.44222	0.01870	0.01177	0.00637	0.00960	0.01847	0.00795	0.01113	0.01235	0.06070	0.01220	0.00651	0.00412	0.00137	0.00431	0.34734	0.00237	0.00436
1	0.00660	0.00639	0.03288	0.00830	0.14332	0.06229	0.06101	0.02195	0.01659	0.03100	0.15103	0.03991	0.39107	0.00676	0.00402	0.00116	0.00298	0.00584	0.00296	0.00393
2	0.00694	0.00591	0.00802	0.00774	0.00854	0.00706	0.02033	0.00959	0.12902	0.01075	0.01376	0.02595	0.01407	0.00795	0.00689	0.00156	0.27162	0.43762	0.00280	0.00388
3	0.00777	0.00638	0.00749	0.00537	0.00855	0.00481	0.00430	0.00936	0.00756	0.04171	0.00667	0.00763	0.00546	0.00273	0.00270	0.00055	0.00268	0.00218	0.00221	0.86389
4	0.00458	0.00343	0.00427	0.00469	0.00531	0.00312	0.00337	0.00554	0.00792	0.01039	0.17678	0.45077	0.23099	0.00992	0.00447	0.00135	0.00203	0.06458	0.00345	0.00306
5	0.01024	0.04248	0.01022	0.19763	0.02725	0.03266	0.00718	0.29792	0.30609	0.01589	0.01000	0.01037	0.00743	0.00427	0.00356	0.00114	0.00382	0.00344	0.00302	0.00538
6	0.07183	0.04346	0.02342	0.02364	0.08540	0.36872	0.00667	0.02238	0.00965	0.29789	0.00861	0.00869	0.00615	0.00387	0.00331	0.00102	0.00471	0.00283	0.00275	0.00500
7	0.06849	0.00606	0.00906	0.23470	0.07628	0.00634	0.06303	0.01035	0.00795	0.18773	0.06387	0.01470	0.08576	0.10262	0.00555	0.00142	0.03086	0.00409	0.00265	0.01848
8	0.00804	0.00638	0.00752	0.00540	0.00857	0.00483	0.00433	0.00963	0.00765	0.06827	0.00692	0.00778	0.00557	0.00278	0.00273	0.00057	0.00269	0.00223	0.00229	0.83583
9	0.00868	0.12284	0.60164	0.00917	0.01379	0.00870	0.02065	0.03015	0.00807	0.10547	0.00720	0.00793	0.00512	0.00348	0.00329	0.00107	0.00478	0.00269	0.00192	0.03338
10	0.00816	0.08287	0.01029	0.00732	0.00938	0.00831	0.03210	0.04929	0.02949	0.01099	0.00605	0.00774	0.00525	0.00410	0.00591	0.00098	0.30122	0.00264	0.00199	0.41593
11	0.00890	0.00855	0.01460	0.02208	0.85115	0.00855	0.01104	0.01104	0.00819	0.01175	0.00677	0.00890	0.00570	0.00320	0.00356	0.00107	0.00427	0.00320	0.00178	0.00570
12	0.00793	0.00674	0.01067	0.73846	0.02267	0.00817	0.00945	0.09173	0.00831	0.05154	0.00699	0.00962	0.00513	0.00371	0.00360	0.00118	0.00463	0.00322	0.00193	0.00431
13	0.01054	0.00842	0.01088	0.38536	0.03560	0.00971	0.00832	0.45592	0.01245	0.01650	0.00761	0.00906	0.00553	0.00398	0.00360	0.00113	0.00433	0.00322	0.00268	0.00517
14	0.00525	0.00348	0.00394	0.00394	0.00394	0.00348	0.00220	0.00522	0.00522	0.00696	0.01124	0.02330	0.01295	0.85696	0.01823	0.02070	0.00348	0.00519	0.00217	0.00217
15	0.00471	0.00371	0.00428	0.00435	0.00527	0.00336	0.00318	0.00617	0.04304	0.01116	0.26393	0.21941	0.39659	0.00892	0.00430	0.00125	0.00189	0.00773	0.00353	0.00322
16	0.00804	0.00638	0.00752	0.00540	0.00857	0.00483	0.00433	0.00963	0.00765	0.06827	0.00692	0.00778	0.00557	0.00278	0.00273	0.00057	0.00269	0.00223	0.00229	0.83583
17	0.01367	0.01008	0.01080	0.00828	0.01115	0.01115	0.00684	0.83915	0.01691	0.02267	0.00864	0.00864	0.00612	0.00432	0.00360	0.00108	0.00396	0.00324	0.00360	0.00612
18	0.00718	0.00657	0.01095	0.15605	0.41155	0.00676	0.03902	0.00905	0.01624	0.01077	0.04274	0.23488	0.01158	0.00562	0.00391	0.00121	0.00373	0.01537	0.00228	0.00454
19	0.00837	0.08116	0.01040	0.06620	0.01030	0.05718	0.09248	0.09203	0.04035	0.02644	0.07724	0.03848	0.03918	0.00625	0.00679	0.14100	0.16596	0.00379	0.00228	0.03412
20	0.00733	0.05871	0.81583	0.01006	0.01527	0.00863	0.01296	0.01136	0.00758	0.01125	0.00639	0.00751	0.00456	0.00340	0.00337	0.00112	0.00525	0.00262	0.00152	0.00528
21	0.01119	0.00716	0.01122	0.07017	0.23764	0.00730	0.06361	0.03105	0.00883	0.32832	0.01039	0.01274	0.00796	0.00462	0.00469	0.00121	0.10268	0.07104	0.00292	0.00530
22	0.00808	0.02368	0.09383	0.11815	0.40910	0.00811	0.14697	0.01043	0.00804	0.02257	0.03901	0.05316	0.01873	0.00395	0.00388	0.00114	0.02035	0.00384	0.00195	0.00501
23	0.00764	0.00690	0.01152	0.36662	0.37517	0.00752	0.00951	0.00970	0.00770	0.03022	0.00855	0.09486	0.00776	0.00445	0.00373	0.00118	0.00421	0.03614	0.00198	0.00464
24	0.00495	0.00367	0.00461	0.00438	0.00529	0.00333	0.00328	0.00651	0.00984	0.01362	0.71112	0.02819	0.17257	0.00765	0.00424	0.00115	0.00172	0.00669	0.00385	0.00333
25	0.12893	0.00755	0.06444	0.00710	0.00914	0.00741	0.00626	0.26458	0.06761	0.02820	0.01277	0.05230	0.01214	0.00650	0.00395	0.00133	0.00349	0.30854	0.00318	0.00458
26	0.00835	0.00802	0.01379	0.24009	0.61513	0.00842	0.03273	0.01057	0.00794	0.01108	0.00668	0.00910	0.00546	0.00330	0.00359	0.00111	0.00446	0.00323	0.00173	0.00523
27	0.00476	0.00365	0.00457	0.00498	0.00576	0.00345	0.00384	0.00582	0.00756	0.00965	0.02446	0.25878	0.32506	0.01216	0.11357	0.00197	0.00324	0.20047	0.00315	0.00309
28	0.00578	0.00380	0.00500	0.00468	0.00562	0.00349	0.00352	0.00739	0.00996	0.07044	0.73660	0.08347	0.03157	0.00743	0.00422	0.00115	0.00182	0.00656	0.00395	0.00354
29	0.00773	0.00760	0.01210	0.26958	0.12842	0.00943	0.07885	0.00973	0.03766	0.00971	0.00616	0.00899	0.00524	0.00508	0.02117	0.00142	0.37179	0.00331	0.00171	0.00432
30	0.01486	0.00609	0.00849	0.00738	0.06633	0.00535	0.00555	0.01625	0.00992	0.73951	0.01406	0.06971	0.00969	0.00482	0.00368	0.00113	0.00308	0.00403	0.00420	0.00588
31	0.00428	0.00354	0.00375	0.00391	0.00493	0.00301	0.00285	0.00513	0.00794	0.00961	0.03317	0.19947	0.68695	0.00954	0.00432	0.00126	0.00187	0.00811	0.00334	0.00301
32	0.00778	0.00740	0.01258	0.46923	0.41275	0.00825	0.01048	0.01006	0.00766	0.01039	0.00657	0.00927	0.00522	0.00341	0.00358	0.00114	0.00455	0.00320	0.00168	0.00479
33	0.00777	0.02664	0.26678	0.06691	0.01220	0.03887	0.05881	0.03622	0.00847	0.06776	0.01220	0.02166	0.01160	0.00618	0.00411	0.00134	0.00433	0.34120	0.00255	0.00440
34	0.83879	0.00690	0.00550	0.00484	0.00711	0.00788	0.00399	0.01105	0.00641	0.07325	0.00563	0.00628	0.00424	0.00341	0.00232	0.00111	0.00280	0.00206	0.00238	0.00405
35	0.00652	0.00487	0.00819	0.32278	0.02679	0.00540	0.06273	0.00694	0.00607	0.00798	0.00729	0.06811	0.00683	0.00834	0.00873	0.43029	0.00389	0.00371	0.00172	0.00284
36	0.00540	0.00416	0.00509	0.00575	0.06328	0.00378	0.00401	0.00670	0.02780	0.04315	0.04114	0.16350	0.47857	0.00885	0.00432	0.00130	0.00231	0.12416	0.00329	0.00343
37	0.00712	0.00665	0.01129	0.05793	0.38026	0.00652	0.11143	0.00901	0.00838	0.01155	0.15387	0.10613	0.10364	0.00540	0.00395	0.00116	0.00359	0.00511	0.00248	0.00453
38	0.04336	0.00709	0.00796	0.00620	0.00888	0.00672	0.00496	0.11773	0.17048	0.01384	0.02468	0.02384	0.00731	0.00370	0.00336	0.00082	0.03480	0.00290	0.00265	0.50871
39	0.05691	0.00725	0.00941	0.26365	0.12435	0.05333	0.00724	0.05661	0.05852	0.01141	0.00758	0.01018	0.00629	0.02741	0.08062	0.00150	0.01140	0.01819	0.00209	0.18605
40	0.00949	0.04111	0.10237	0.16942	0.28381	0.03873	0.01560	0.09297	0.00907	0.10666	0.03777	0.03681	0.00728	0.00399	0.00365	0.00110	0.01485	0.00344	0.00232	0.01954
41	0.00884	0.01009	0.20641	0.01019	0.14254	0.02576	0.07018	0.01903	0.07860	0.09750	0.02966	0.00936	0.00678	0.00348	0.00334	0.00095	0.00391	0.00302	0.00233	0.26804

[dist]
# distance from previous block
# <min> <max>
4	46

[block]
# block no. 6 follows, 77 sequences, length 10
# corresponding to MSA columns:
# 659-668
name=unknown_G
#
# <colnr> <probs for GDERKNQSTAVLIFYWHMCP>
#	G	D	E	R	K	N	Q	S	T	A	V	L	I	F	Y	W	H	M	C	P
0	0.02746	0.03698	0.10591	0.06269	0.05841	0.07265	0.03556	0.03042	0.00797	0.02646	0.04692	0.02158	0.03671	0.00580	0.06635	0.00131	0.04135	0.03569	0.00218	0.27759
1	0.02588	0.00767	0.05308	0.07495	0.15465	0.02129	0.11614	0.07262	0.02695	0.03631	0.07259	0.01311	0.05682	0.06683	0.05721	0.01432	0.08389	0.00394	0.00231	0.03943
2	0.00740	0.00650	0.00685	0.00661	0.04101	0.12206	0.02429	0.04881	0.04588	0.02194	0.05016	0.01691	0.01095	0.38639	0.15403	0.00293	0.03730	0.00430	0.00230	0.00337
3	0.00528	0.00394	0.00558	0.00546	0.00614	0.00435	0.00411	0.00638	0.00579	0.00832	0.00972	0.01526	0.00944	0.16109	0.67670	0.00512	0.00826	0.00398	0.00198	0.05310
4	0.03095	0.58382	0.01477	0.00633	0.00883	0.03991	0.00594	0.04276	0.00791	0.00973	0.00824	0.04580	0.00825	0.00467	0.00295	0.00097	0.00372	0.14753	0.00204	0.02485
5	0.00449	0.00334	0.00420	0.00473	0.00525	0.00305	0.00331	0.00535	0.00761	0.00999	0.12477	0.56889	0.19146	0.01031	0.00449	0.00138	0.00203	0.03893	0.00341	0.00302
6	0.00625	0.00312	0.00469	0.00469	0.00469	0.00312	0.00312	0.00469	0.00469	0.00625	0.00625	0.01093	0.00625	0.01250	0.01406	0.89535	0.00312	0.00312	0.00156	0.00156
7	0.14958	0.03763	0.04322	0.02280	0.02972	0.08656	0.09683	0.13662	0.03138	0.31622	0.00951	0.00943	0.00655	0.00392	0.00338	0.00109	0.00396	0.00315	0.00312	0.00532
8	0.04414	0.41575	0.01444	0.02521	0.05019	0.14471	0.03098	0.09250	0.06737	0.05468	0.00676	0.00742	0.00549	0.00359	0.00309	0.00094	0.02321	0.00253	0.00213	0.00485
9	0.00986	0.18536	0.35237	0.00907	0.01293	0.05696	0.08851	0.10440	0.00917	0.10873	0.02527	0.00843	0.00596	0.00363	0.00333	0.00105	0.00467	0.00290	0.00219	0.00521

[dist]
# distance from previous block
# <min> <max>
5	30

[block]
# block no. 7 follows, 77 sequences, length 13
# corresponding to MSA columns:
# 699-711
name=unknown_H
#
# <colnr> <probs for GDERKNQSTAVLIFYWHMCP>
#	G	D	E	R	K	N	Q	S	T	A	V	L	I	F	Y	W	H	M	C	P
0	0.00707	0.00677	0.05365	0.15403	0.06444	0.00682	0.03767	0.02258	0.05256	0.03037	0.13955	0.02752	0.11352	0.00570	0.00551	0.03228	0.15250	0.00431	0.00246	0.08072
1	0.00774	0.10356	0.00893	0.02767	0.07586	0.07203	0.02164	0.00933	0.00834	0.04998	0.03449	0.03660	0.01418	0.00688	0.00407	0.00129	0.00365	0.42227	0.00277	0.08872
2	0.00818	0.00837	0.00951	0.00848	0.02499	0.13896	0.00672	0.00943	0.02718	0.00941	0.05472	0.00978	0.00723	0.00857	0.13105	0.00196	0.45929	0.00326	0.00190	0.07100
3	0.00529	0.00407	0.00555	0.00530	0.00636	0.00369	0.05979	0.00644	0.00821	0.03377	0.16561	0.19206	0.33129	0.02879	0.00497	0.02582	0.00242	0.10402	0.00329	0.00326
4	0.00845	0.00658	0.00858	0.13629	0.06795	0.00576	0.00575	0.03683	0.00811	0.09354	0.02461	0.00878	0.00623	0.00316	0.00302	0.00076	0.00315	0.00263	0.00234	0.56748
5	0.01564	0.00614	0.00830	0.00634	0.00914	0.00526	0.00523	0.01704	0.01013	0.80524	0.01374	0.01197	0.00870	0.00435	0.00356	0.00108	0.00304	0.00353	0.00432	0.05725
6	0.00746	0.00639	0.00746	0.00533	0.00852	0.00480	0.00426	0.00906	0.00746	0.01172	0.00639	0.00746	0.00533	0.00266	0.00266	0.00053	0.00266	0.00213	0.00213	0.89558
7	0.00877	0.00928	0.07165	0.02095	0.75542	0.00856	0.05025	0.01109	0.00816	0.01172	0.00677	0.00885	0.00561	0.00321	0.00358	0.00108	0.00443	0.00322	0.00176	0.00563
8	0.00573	0.00536	0.06365	0.20739	0.01101	0.00486	0.00593	0.00741	0.01953	0.02254	0.09352	0.36817	0.02927	0.00783	0.00417	0.00132	0.00308	0.09439	0.00283	0.04201
9	0.00935	0.03504	0.00935	0.07970	0.10727	0.03274	0.00614	0.01092	0.00797	0.16611	0.00821	0.02914	0.00660	0.00379	0.00383	0.00090	0.07053	0.01793	0.00245	0.39203
10	0.00547	0.00427	0.00534	0.00517	0.00641	0.00360	0.00373	0.00646	0.00713	0.01010	0.01523	0.55097	0.01741	0.00830	0.00395	0.00115	0.00232	0.03351	0.00293	0.30654
11	0.00746	0.00639	0.00746	0.00533	0.00852	0.00480	0.00426	0.00906	0.00746	0.01172	0.00639	0.00746	0.00533	0.00266	0.00266	0.00053	0.00266	0.00213	0.00213	0.89558
12	0.60282	0.02715	0.02570	0.00636	0.04770	0.00852	0.00496	0.03803	0.18266	0.01563	0.00726	0.00770	0.00557	0.00368	0.00266	0.00113	0.00298	0.00251	0.00252	0.00447

[dist]
# distance from previous block
# <min> <max>
0	1

[block]
# block no. 8 follows, 77 sequences, length 18
# corresponding to MSA columns:
# 713-730
name=unknown_I
#
# <colnr> <probs for GDERKNQSTAVLIFYWHMCP>
#	G	D	E	R	K	N	Q	S	T	A	V	L	I	F	Y	W	H	M	C	P
0	0.00830	0.00885	0.01250	0.01016	0.01146	0.12177	0.21767	0.00987	0.01880	0.00941	0.00652	0.00951	0.00582	0.02477	0.14227	0.00209	0.37092	0.00348	0.00177	0.00408
1	0.00986	0.09840	0.24719	0.22530	0.01488	0.02005	0.00885	0.04662	0.00858	0.22323	0.01908	0.01010	0.02957	0.00398	0.00358	0.00111	0.01896	0.00317	0.00245	0.00502
2	0.00748	0.01346	0.51601	0.22643	0.01672	0.00766	0.01121	0.01077	0.00766	0.06343	0.00802	0.04861	0.00639	0.00414	0.00359	0.00119	0.00482	0.03568	0.00188	0.00484
3	0.01191	0.00837	0.00891	0.00703	0.00939	0.00918	0.00574	0.62842	0.01454	0.02032	0.00942	0.00985	0.00690	0.00429	0.00332	0.00102	0.00338	0.00327	0.22935	0.00542
4	0.00542	0.00367	0.00550	0.00550	0.00598	0.00415	0.00415	0.00598	0.00550	0.00782	0.00878	0.01332	0.00830	0.02330	0.64492	0.23143	0.00798	0.00367	0.00183	0.00279
5	0.01167	0.01440	0.01307	0.01078	0.01291	0.56553	0.21786	0.01312	0.00933	0.00948	0.00592	0.00743	0.00485	0.00377	0.00428	0.00106	0.08551	0.00288	0.00182	0.00432
6	0.00921	0.00743	0.00840	0.00616	0.00927	0.00659	0.00499	0.24357	0.01013	0.01481	0.00703	0.00779	0.00555	0.00313	0.00293	0.00069	0.00303	0.00244	0.00255	0.64429
7	0.00957	0.00623	0.00759	0.00559	0.00860	0.00487	0.00450	0.01109	0.00816	0.22521	0.00875	0.03279	0.00675	0.00336	0.00296	0.00071	0.00275	0.00273	0.00275	0.64503
8	0.00795	0.00841	0.20522	0.00606	0.00907	0.00528	0.00601	0.01016	0.00783	0.08856	0.02565	0.00983	0.00704	0.00349	0.00292	0.00082	0.00305	0.00279	0.22836	0.36151
9	0.00754	0.01635	0.64346	0.01150	0.01639	0.00854	0.22251	0.01142	0.00782	0.01142	0.00666	0.00813	0.00479	0.00332	0.00363	0.00116	0.00551	0.00306	0.00160	0.00520
10	0.00610	0.00503	0.00793	0.00983	0.22058	0.00548	0.00605	0.00754	0.00637	0.00915	0.00899	0.01324	0.00835	0.06003	0.60343	0.00448	0.00799	0.00375	0.00190	0.00379
11	0.00469	0.00333	0.00419	0.00476	0.00497	0.00320	0.00308	0.00538	0.02475	0.00876	0.01788	0.62112	0.03698	0.22982	0.00804	0.00196	0.00245	0.00877	0.00305	0.00280
12	0.00639	0.00824	0.22103	0.00621	0.00870	0.00507	0.00596	0.00817	0.00697	0.01031	0.01001	0.15870	0.01014	0.17478	0.00627	0.00145	0.00338	0.01612	0.02975	0.30235
13	0.00912	0.21769	0.01034	0.00678	0.00873	0.08644	0.00551	0.14561	0.21996	0.01263	0.01183	0.22776	0.01133	0.00587	0.00352	0.00112	0.00341	0.00482	0.00289	0.00466
14	0.00971	0.07339	0.30202	0.01180	0.18007	0.23342	0.02893	0.02302	0.03272	0.02796	0.00662	0.00776	0.00515	0.00346	0.00333	0.00102	0.00510	0.00271	0.00184	0.03996
15	0.00852	0.04482	0.33438	0.05939	0.14527	0.00865	0.23603	0.01169	0.02062	0.06699	0.00727	0.00881	0.00538	0.00343	0.00383	0.00115	0.02344	0.00327	0.00187	0.00518
16	0.00882	0.01802	0.62075	0.01012	0.01452	0.22418	0.03139	0.01215	0.00828	0.01074	0.00625	0.00736	0.00460	0.00348	0.00339	0.00109	0.00563	0.00261	0.00161	0.00501
17	0.00655	0.00632	0.05256	0.19442	0.17366	0.00606	0.05418	0.00829	0.02313	0.00977	0.03477	0.07956	0.06056	0.22542	0.00752	0.00178	0.00387	0.03410	0.01367	0.00383

[dist]
# distance from previous block
# <min> <max>
3	13

[block]
# block no. 9 follows, 77 sequences, length 13
# corresponding to MSA columns:
# 744-756
name=unknown_J
#
# <colnr> <probs for GDERKNQSTAVLIFYWHMCP>
#	G	D	E	R	K	N	Q	S	T	A	V	L	I	F	Y	W	H	M	C	P
0	0.06670	0.29559	0.27735	0.00869	0.01236	0.01048	0.11122	0.05939	0.08077	0.03536	0.00704	0.00784	0.00541	0.00346	0.00312	0.00103	0.00441	0.00275	0.00200	0.00504
1	0.00793	0.00678	0.04437	0.01740	0.04750	0.00549	0.00529	0.00954	0.00750	0.07751	0.01949	0.03933	0.00688	0.01570	0.04523	0.00104	0.05922	0.00287	0.00229	0.57864
2	0.07621	0.02246	0.30035	0.00753	0.01059	0.00715	0.00779	0.12183	0.00905	0.17074	0.06985	0.01098	0.02646	0.00583	0.03197	0.08932	0.02110	0.00333	0.00264	0.00481
3	0.00900	0.33764	0.19402	0.05591	0.11137	0.04051	0.03488	0.06448	0.00825	0.01089	0.00607	0.00725	0.00494	0.00325	0.00298	0.00092	0.00431	0.00250	0.00178	0.09906
4	0.05535	0.00655	0.01036	0.67855	0.07009	0.00769	0.00912	0.00936	0.00722	0.00998	0.00634	0.00912	0.00485	0.00346	0.00342	0.00112	0.00443	0.00302	0.00170	0.09827
5	0.00870	0.03642	0.24127	0.04075	0.37756	0.11254	0.01015	0.01117	0.00844	0.02397	0.08789	0.00997	0.00797	0.00375	0.00352	0.00107	0.00457	0.00324	0.00196	0.00511
6	0.00682	0.00592	0.00862	0.16070	0.15641	0.00610	0.03017	0.02167	0.10772	0.01079	0.01205	0.25440	0.02422	0.04488	0.02652	0.00139	0.00350	0.00537	0.00253	0.11022
7	0.00953	0.11480	0.21091	0.05540	0.03140	0.20278	0.03174	0.04517	0.02243	0.02591	0.00626	0.00757	0.00501	0.00377	0.00420	0.00103	0.10709	0.00264	0.00187	0.11051
8	0.00535	0.00393	0.00542	0.00509	0.00547	0.00400	0.05687	0.00585	0.00568	0.00771	0.01145	0.09066	0.01269	0.58530	0.17608	0.00361	0.00471	0.00532	0.00220	0.00261
9	0.00515	0.00405	0.00549	0.00663	0.09482	0.00379	0.00435	0.00633	0.00811	0.01077	0.17841	0.33028	0.20361	0.00903	0.00439	0.00133	0.00235	0.11445	0.00329	0.00338
10	0.00713	0.00605	0.00711	0.00529	0.00818	0.00460	0.00416	0.00863	0.00740	0.01145	0.00781	0.09870	0.00728	0.00357	0.00287	0.00063	0.00260	0.00299	0.00226	0.80128
11	0.00872	0.00886	0.03724	0.20695	0.13646	0.03206	0.32327	0.03828	0.10500	0.03928	0.00801	0.00986	0.00605	0.00357	0.00398	0.00118	0.02050	0.00367	0.00211	0.00493
12	0.00912	0.06597	0.01525	0.06222	0.60009	0.03049	0.11724	0.01126	0.00823	0.03588	0.00688	0.00887	0.00562	0.00324	0.00356	0.00107	0.00452	0.00324	0.00184	0.00540

[dist]
# distance from previous block
# <min> <max>
0	2

[block]
# block no. 10 follows, 77 sequences, length 34
# corresponding to MSA columns:
# 759-776,778-793
name=unknown_K
#
# <colnr> <probs for GDERKNQSTAVLIFYWHMCP>
#	G	D	E	R	K	N	Q	S	T	A	V	L	I	F	Y	W	H	M	C	P
0	0.01189	0.00798	0.00899	0.00727	0.00922	0.04189	0.00594	0.35072	0.01167	0.18248	0.00949	0.00999	0.00692	0.00464	0.00483	0.00112	0.15399	0.00328	0.16251	0.00517
1	0.00479	0.00317	0.00403	0.00472	0.00504	0.00300	0.00320	0.00560	0.00700	0.00992	0.01841	0.72163	0.02125	0.01003	0.00423	0.00135	0.00202	0.00903	0.15860	0.00300
2	0.00674	0.00632	0.01063	0.84433	0.02431	0.00787	0.00983	0.00909	0.00719	0.00919	0.00672	0.03025	0.00525	0.00378	0.00362	0.00121	0.00473	0.00337	0.00164	0.00397
3	0.00983	0.00858	0.10185	0.06100	0.27143	0.00776	0.07572	0.01203	0.02914	0.20556	0.00922	0.06364	0.00739	0.00447	0.00474	0.00120	0.11499	0.00378	0.00248	0.00519
4	0.00521	0.00376	0.00498	0.00489	0.00574	0.00352	0.00381	0.00690	0.00985	0.01379	0.70446	0.02926	0.03163	0.00780	0.00437	0.00122	0.00198	0.14959	0.00385	0.00338
5	0.03343	0.00724	0.02130	0.00592	0.00906	0.00606	0.00486	0.15402	0.00911	0.02477	0.00685	0.00768	0.00546	0.00301	0.00284	0.00066	0.00294	0.00235	0.00241	0.69004
6	0.28861	0.00641	0.00797	0.15579	0.01115	0.00677	0.03671	0.03407	0.00806	0.30701	0.00923	0.01050	0.00674	0.07076	0.02448	0.00142	0.00360	0.00317	0.00291	0.00464
7	0.00638	0.00533	0.00877	0.00752	0.00883	0.00576	0.14995	0.07081	0.00708	0.00993	0.00922	0.01336	0.00834	0.05933	0.60688	0.00452	0.00830	0.00394	0.00205	0.00367
8	0.09473	0.12806	0.13985	0.00838	0.04131	0.02440	0.03844	0.07899	0.05903	0.05757	0.01344	0.00816	0.00569	0.00404	0.00471	0.00108	0.16656	0.00280	0.00218	0.12056
9	0.01627	0.03870	0.12824	0.43740	0.13306	0.11309	0.00981	0.02807	0.02431	0.01895	0.00656	0.00874	0.00504	0.00359	0.00356	0.00113	0.01418	0.00298	0.00176	0.00455
10	0.02044	0.00596	0.00639	0.00573	0.00675	0.04773	0.00415	0.22091	0.00872	0.01165	0.01066	0.05446	0.02206	0.37747	0.17839	0.00304	0.00487	0.00451	0.00255	0.00356
11	0.00528	0.00362	0.00414	0.00412	0.00508	0.00327	0.00306	0.00650	0.00840	0.03625	0.22582	0.12871	0.35546	0.00849	0.02976	0.00129	0.00207	0.00668	0.15874	0.00326
12	0.00796	0.00759	0.01235	0.20271	0.21051	0.04488	0.15045	0.00962	0.02616	0.00972	0.00654	0.00941	0.00550	0.00535	0.00659	0.15715	0.11829	0.00334	0.00173	0.00415
13	0.00727	0.06413	0.66124	0.15909	0.01682	0.00862	0.01232	0.01097	0.00751	0.01084	0.00636	0.00784	0.00460	0.00343	0.00339	0.00113	0.00514	0.00271	0.00153	0.00505
14	0.00807	0.00711	0.01086	0.62728	0.08313	0.00844	0.00930	0.15396	0.00899	0.01175	0.00771	0.01012	0.03031	0.00386	0.00361	0.00117	0.00452	0.00334	0.00201	0.00446
15	0.00523	0.00459	0.06897	0.00465	0.00511	0.00379	0.00330	0.00570	0.00572	0.00774	0.01239	0.16988	0.01417	0.63125	0.04014	0.00302	0.00357	0.00586	0.00232	0.00258
16	0.00754	0.03901	0.47247	0.01069	0.01474	0.01637	0.22493	0.01090	0.01972	0.02359	0.01818	0.09390	0.00720	0.00422	0.00388	0.00119	0.02081	0.00388	0.00188	0.00490
17	0.16240	0.00649	0.00983	0.71491	0.02167	0.00801	0.00893	0.00943	0.00701	0.01040	0.00615	0.00894	0.00464	0.00355	0.00336	0.00118	0.00444	0.00298	0.00171	0.00398
18	0.00941	0.00508	0.00589	0.00500	0.00656	0.00508	0.01907	0.14662	0.00978	0.16152	0.07549	0.01338	0.01047	0.00448	0.00305	0.00096	0.00238	0.00364	0.50784	0.00432
19	0.00477	0.00357	0.00502	0.00636	0.06984	0.00339	0.00400	0.00554	0.00703	0.00942	0.01881	0.78204	0.02232	0.01062	0.00452	0.00144	0.00229	0.03268	0.00322	0.00314
20	0.16473	0.72423	0.01648	0.00591	0.00884	0.01316	0.00576	0.01074	0.00710	0.00980	0.00500	0.00578	0.00449	0.00312	0.00229	0.00083	0.00366	0.00193	0.00166	0.00449
21	0.00438	0.00313	0.00417	0.00501	0.00522	0.00292	0.00334	0.00501	0.00689	0.00918	0.01983	0.87124	0.02379	0.01127	0.00459	0.00146	0.00209	0.01023	0.00334	0.00292
22	0.00536	0.00428	0.00649	0.15546	0.00950	0.00499	0.00532	0.00681	0.00621	0.00860	0.01112	0.01490	0.07242	0.02154	0.64482	0.00463	0.00819	0.00402	0.00198	0.00334
23	0.00454	0.00324	0.00435	0.00519	0.00546	0.00306	0.00361	0.00528	0.00704	0.00936	0.01974	0.77928	0.02345	0.01112	0.00463	0.00148	0.00222	0.10064	0.00334	0.00296
24	0.01143	0.00510	0.00629	0.00539	0.00716	0.02451	0.00422	0.01275	0.00894	0.45495	0.01429	0.16224	0.01149	0.00555	0.00347	0.00109	0.00259	0.00467	0.24911	0.00475
25	0.00718	0.00599	0.00689	0.00523	0.00779	0.00488	0.00401	0.00916	0.07097	0.01115	0.00788	0.01072	0.00711	0.15473	0.00547	0.00110	0.00282	0.00282	0.00226	0.67184
26	0.00679	0.00639	0.01079	0.86494	0.02477	0.00799	0.00999	0.00919	0.00719	0.00919	0.00639	0.00959	0.00480	0.00360	0.00360	0.00120	0.00480	0.00320	0.00160	0.00400
27	0.02802	0.00658	0.00985	0.00783	0.00988	0.00649	0.17993	0.15468	0.03046	0.12850	0.22914	0.01826	0.03560	0.07172	0.00512	0.00136	0.00350	0.06529	0.00327	0.00451
28	0.00699	0.00750	0.07479	0.42991	0.08455	0.01656	0.02411	0.00899	0.00711	0.00960	0.02290	0.05889	0.02816	0.02567	0.00549	0.00133	0.15486	0.02666	0.00185	0.00408
29	0.00920	0.00833	0.01314	0.21284	0.46200	0.00897	0.03464	0.15498	0.00940	0.01296	0.00695	0.00900	0.00552	0.00359	0.00387	0.00112	0.03290	0.00324	0.00205	0.00530
30	0.00885	0.02396	0.00978	0.17644	0.03621	0.19289	0.07046	0.05691	0.03897	0.03623	0.05339	0.01891	0.01137	0.00571	0.00398	0.00125	0.00447	0.24350	0.00257	0.00417
31	0.00866	0.00897	0.01190	0.40495	0.31043	0.15654	0.00970	0.01069	0.00812	0.01012	0.02263	0.00914	0.00564	0.00355	0.00353	0.00110	0.00485	0.00311	0.00175	0.00461
32	0.00495	0.00360	0.00463	0.00487	0.00548	0.00336	0.00345	0.02548	0.00837	0.01145	0.31738	0.47132	0.05988	0.02216	0.00460	0.00134	0.00203	0.01977	0.00352	0.02237
33	0.01140	0.04771	0.01232	0.01001	0.03008	0.40246	0.17593	0.01398	0.11177	0.08202	0.00806	0.00929	0.00634	0.00445	0.02394	0.00118	0.02509	0.01698	0.00229	0.00467

[dist]
# distance from previous block
# <min> <max>
1	4

[block]
# block no. 11 follows, 77 sequences, length 30
# corresponding to MSA columns:
# 798-827
name=unknown_L
#
# <colnr> <probs for GDERKNQSTAVLIFYWHMCP>
#	G	D	E	R	K	N	Q	S	T	A	V	L	I	F	Y	W	H	M	C	P
0	0.03621	0.59473	0.09430	0.00704	0.01010	0.09770	0.01935	0.01193	0.08126	0.00962	0.00607	0.00675	0.00516	0.00334	0.00265	0.00088	0.00416	0.00226	0.00178	0.00471
1	0.00788	0.00649	0.00775	0.00567	0.00862	0.00526	0.00456	0.00941	0.00745	0.04974	0.00663	0.00771	0.00545	0.00300	0.00336	0.00063	0.06403	0.00227	0.00220	0.79189
2	0.00883	0.12679	0.53078	0.00964	0.04984	0.03861	0.01070	0.03585	0.06664	0.07843	0.00750	0.00818	0.00545	0.00358	0.00331	0.00108	0.00473	0.00277	0.00199	0.00532
3	0.01170	0.22921	0.09647	0.00754	0.01052	0.03947	0.00694	0.35916	0.01180	0.11870	0.02243	0.00878	0.00650	0.00517	0.04889	0.00126	0.00431	0.00295	0.00283	0.00539
4	0.00451	0.00322	0.00432	0.00515	0.00541	0.00303	0.00356	0.00522	0.00701	0.00932	0.01976	0.79817	0.02352	0.01115	0.00462	0.00148	0.00219	0.08206	0.00334	0.00296
5	0.00440	0.00339	0.00403	0.00441	0.00509	0.00302	0.00310	0.00525	0.00774	0.00992	0.10986	0.45161	0.35525	0.01001	0.00442	0.00133	0.00194	0.00880	0.00340	0.00302
6	0.00746	0.00639	0.00746	0.00533	0.00852	0.00480	0.00426	0.00906	0.00746	0.01172	0.00639	0.00746	0.00533	0.00266	0.00266	0.00053	0.00266	0.00213	0.00213	0.89558
7	0.00847	0.07901	0.17690	0.01651	0.48276	0.00867	0.07657	0.01095	0.00797	0.01140	0.00657	0.00834	0.00534	0.00317	0.00341	0.00102	0.00444	0.00299	0.00174	0.08374
8	0.00437	0.00318	0.00413	0.00489	0.00519	0.00293	0.00329	0.00502	0.00700	0.00923	0.02129	0.79765	0.09644	0.01108	0.00456	0.00144	0.00206	0.00999	0.00334	0.00293
9	0.00746	0.00639	0.00746	0.00533	0.00852	0.00480	0.00426	0.00906	0.00746	0.01172	0.00639	0.00746	0.00533	0.00266	0.00266	0.00053	0.00266	0.00213	0.00213	0.89558
10	0.01228	0.05334	0.01153	0.08988	0.11580	0.10936	0.00759	0.50084	0.01350	0.03945	0.00780	0.00846	0.00577	0.00398	0.00349	0.00106	0.00434	0.00307	0.00290	0.00557
