[name]
unknown

[dist]
# distance from previous block
# <min> <max>
2	77

[block]
# block no. 0 follows, 79 sequences, length 17
# corresponding to MSA columns:
# 106-122
name=unknown_A
#
# <colnr> <probs for GDERKNQSTAVLIFYWHMCP>
#	G	D	E	R	K	N	Q	S	T	A	V	L	I	F	Y	W	H	M	C	P
0	0.03758	0.03603	0.00953	0.12142	0.11309	0.03448	0.02339	0.04561	0.08753	0.07156	0.00757	0.00866	0.00592	0.00349	0.00341	0.01546	0.02015	0.00275	0.00229	0.35007
1	0.00872	0.02833	0.06221	0.11165	0.03792	0.01652	0.02767	0.08750	0.08932	0.13091	0.08369	0.07868	0.02297	0.02487	0.01322	0.00116	0.01235	0.02098	0.00283	0.13849
2	0.00846	0.03490	0.03650	0.04230	0.11159	0.07494	0.02493	0.04414	0.01644	0.11882	0.04851	0.11257	0.03104	0.16204	0.00643	0.00149	0.03542	0.00440	0.00256	0.08253
3	0.00834	0.04395	0.03485	0.18453	0.03171	0.05026	0.00599	0.06209	0.00829	0.09398	0.08454	0.01150	0.04883	0.00478	0.00425	0.08325	0.00344	0.00329	0.00240	0.22974
4	0.01010	0.03395	0.10398	0.03143	0.05268	0.08438	0.02290	0.08301	0.13928	0.16070	0.02172	0.00966	0.00709	0.00446	0.02512	0.00112	0.04349	0.00307	0.00269	0.15917
5	0.00606	0.00474	0.01771	0.00553	0.00693	0.00413	0.03633	0.00765	0.05099	0.05238	0.05297	0.36450	0.08777	0.03153	0.03196	0.00135	0.00272	0.03212	0.00295	0.19968
6	0.00755	0.00641	0.00831	0.02265	0.14627	0.00527	0.00528	0.00916	0.00751	0.02930	0.03942	0.00892	0.00668	0.03111	0.00334	0.00075	0.00290	0.00257	0.00214	0.65446
7	0.01130	0.03556	0.00959	0.00739	0.00996	0.00950	0.00601	0.47177	0.24031	0.04167	0.01012	0.02835	0.00762	0.00434	0.00344	0.00104	0.00339	0.00341	0.00336	0.09186
8	0.00666	0.00626	0.01057	0.86767	0.02427	0.00783	0.00979	0.00900	0.00705	0.00900	0.00626	0.00940	0.00470	0.00352	0.00352	0.00117	0.00470	0.00313	0.00157	0.00392
9	0.02912	0.10792	0.32501	0.04198	0.04211	0.00850	0.02857	0.12626	0.04976	0.16093	0.00867	0.04126	0.00650	0.00396	0.00335	0.00108	0.00415	0.00318	0.00248	0.00523
10	0.00941	0.16006	0.32808	0.00959	0.04991	0.03483	0.10139	0.07747	0.04994	0.10581	0.00757	0.00835	0.00559	0.00386	0.01448	0.00112	0.02236	0.00291	0.00214	0.00514
11	0.00686	0.00658	0.01282	0.01010	0.01217	0.00623	0.42013	0.00884	0.00791	0.03410	0.03921	0.24702	0.04293	0.00641	0.00445	0.00131	0.01897	0.10746	0.00255	0.00397
12	0.00446	0.00337	0.00418	0.00459	0.00511	0.00314	0.00321	0.00518	0.00728	0.00947	0.09389	0.51364	0.25826	0.01003	0.00486	0.03099	0.02363	0.00857	0.00322	0.00291
13	0.03209	0.09048	0.09887	0.01109	0.16585	0.07730	0.14462	0.05112	0.03850	0.18657	0.00904	0.05494	0.00714	0.00401	0.00350	0.00108	0.00425	0.01197	0.00251	0.00508
14	0.01063	0.08991	0.05854	0.09973	0.11557	0.14357	0.05967	0.08898	0.08524	0.15581	0.02879	0.00979	0.01810	0.00392	0.00352	0.00106	0.01641	0.00320	0.00255	0.00500
15	0.00436	0.00311	0.00416	0.00494	0.00518	0.00291	0.00335	0.00503	0.00689	0.00920	0.04517	0.82198	0.02352	0.01088	0.00450	0.00143	0.00207	0.03513	0.00329	0.00289
16	0.03683	0.00880	0.05976	0.14986	0.26622	0.02395	0.20771	0.07036	0.04810	0.07075	0.00776	0.00964	0.00594	0.00351	0.00363	0.00112	0.00455	0.01433	0.00214	0.00504

[dist]
# distance from previous block
# <min> <max>
1	54

[block]
# block no. 1 follows, 79 sequences, length 18
# corresponding to MSA columns:
# 177-194
name=unknown_B
#
# <colnr> <probs for GDERKNQSTAVLIFYWHMCP>
#	G	D	E	R	K	N	Q	S	T	A	V	L	I	F	Y	W	H	M	C	P
0	0.05056	0.19384	0.23672	0.00889	0.06644	0.04549	0.04181	0.08492	0.04676	0.02584	0.00654	0.00754	0.00515	0.00351	0.00356	0.00098	0.05885	0.00260	0.00196	0.10803
1	0.03331	0.03372	0.35498	0.00990	0.07891	0.00766	0.11843	0.06629	0.04548	0.02660	0.13302	0.01129	0.02161	0.00403	0.00353	0.00109	0.00421	0.00354	0.00225	0.04015
2	0.00509	0.00354	0.00448	0.00448	0.00471	0.00376	0.00293	0.00554	0.00531	0.00731	0.01052	0.01982	0.01140	0.57712	0.31504	0.00421	0.00554	0.00465	0.00205	0.00249
3	0.00942	0.87826	0.01847	0.00603	0.00905	0.01395	0.00603	0.01055	0.00716	0.00829	0.00490	0.00565	0.00452	0.00302	0.00226	0.00075	0.00377	0.00188	0.00151	0.00452
4	0.00466	0.00342	0.00438	0.00455	0.00520	0.00314	0.00329	0.00585	0.00854	0.01166	0.43674	0.33264	0.12481	0.00885	0.00430	0.00125	0.00185	0.02818	0.00357	0.00312
5	0.00435	0.00313	0.00413	0.00482	0.00511	0.00291	0.00326	0.00506	0.00707	0.00946	0.09270	0.77266	0.05099	0.01064	0.00446	0.00140	0.00200	0.00962	0.00332	0.00291
6	0.00460	0.00359	0.00417	0.00402	0.00502	0.00316	0.00302	0.00589	0.00905	0.01194	0.46316	0.02994	0.42376	0.00803	0.00416	0.00115	0.00172	0.00688	0.00359	0.00316
7	0.00435	0.00358	0.00383	0.00376	0.00487	0.00305	0.00282	0.00542	0.00847	0.01056	0.21938	0.03221	0.66841	0.00854	0.00416	0.00117	0.00176	0.00720	0.00341	0.00305
8	0.90103	0.00682	0.00518	0.00463	0.00682	0.00791	0.00382	0.01036	0.00600	0.01581	0.00491	0.00573	0.00382	0.00327	0.00218	0.00109	0.00273	0.00191	0.00218	0.00382
9	0.83386	0.00675	0.00541	0.00476	0.00698	0.00770	0.00392	0.01088	0.00631	0.07962	0.00559	0.00620	0.00419	0.00335	0.00228	0.00109	0.00275	0.00203	0.00235	0.00398
10	0.90103	0.00682	0.00518	0.00463	0.00682	0.00791	0.00382	0.01036	0.00600	0.01581	0.00491	0.00573	0.00382	0.00327	0.00218	0.00109	0.00273	0.00191	0.00218	0.00382
11	0.01571	0.00617	0.00828	0.00635	0.00908	0.00543	0.00525	0.05342	0.01037	0.81995	0.01367	0.01184	0.00860	0.00436	0.00354	0.00109	0.00304	0.00353	0.00433	0.00600
12	0.00901	0.00761	0.00806	0.00714	0.00916	0.00873	0.00558	0.08997	0.74033	0.01537	0.04889	0.01329	0.01128	0.00483	0.00360	0.00118	0.00284	0.00401	0.00359	0.00552
13	0.90103	0.00682	0.00518	0.00463	0.00682	0.00791	0.00382	0.01036	0.00600	0.01581	0.00491	0.00573	0.00382	0.00327	0.00218	0.00109	0.00273	0.00191	0.00218	0.00382
14	0.01286	0.00676	0.00809	0.00652	0.00891	0.00679	0.00528	0.15534	0.20347	0.44140	0.03158	0.01207	0.00930	0.00448	0.00348	0.00109	0.00297	0.00363	0.07033	0.00564
15	0.90103	0.00682	0.00518	0.00463	0.00682	0.00791	0.00382	0.01036	0.00600	0.01581	0.00491	0.00573	0.00382	0.00327	0.00218	0.00109	0.00273	0.00191	0.00218	0.00382
16	0.00672	0.00442	0.00478	0.00441	0.00558	0.00448	0.00338	0.08996	0.08231	0.01389	0.21337	0.01873	0.13367	0.00559	0.00331	0.00100	0.00199	0.00465	0.39405	0.00372
17	0.01581	0.00600	0.00818	0.00627	0.00900	0.00518	0.00518	0.01718	0.01009	0.85660	0.01390	0.01200	0.00872	0.00436	0.00354	0.00109	0.00300	0.00354	0.00436	0.00600

[dist]
# distance from previous block
# <min> <max>
0	54

[block]
# block no. 2 follows, 79 sequences, length 46
# corresponding to MSA columns:
# 251-257,261-299
name=unknown_C
#
# <colnr> <probs for GDERKNQSTAVLIFYWHMCP>
#	G	D	E	R	K	N	Q	S	T	A	V	L	I	F	Y	W	H	M	C	P
0	0.00444	0.00320	0.00421	0.00477	0.00514	0.00297	0.00327	0.00529	0.00748	0.01012	0.19919	0.66837	0.04816	0.01016	0.00442	0.00136	0.00196	0.00916	0.00340	0.00297
1	0.00942	0.87826	0.01847	0.00603	0.00905	0.01395	0.00603	0.01055	0.00716	0.00829	0.00490	0.00565	0.00452	0.00302	0.00226	0.00075	0.00377	0.00188	0.00151	0.00452
2	0.06087	0.00642	0.00826	0.00637	0.00907	0.00588	0.00526	0.09727	0.01051	0.73224	0.01291	0.01133	0.00821	0.00429	0.00347	0.00109	0.00307	0.00342	0.00417	0.00589
3	0.01042	0.00545	0.00709	0.00581	0.00772	0.00515	0.02751	0.09260	0.04191	0.34980	0.29793	0.01733	0.04664	0.00543	0.00372	0.00109	0.00257	0.00462	0.06245	0.00476
4	0.00926	0.00771	0.00818	0.00721	0.00924	0.00881	0.00564	0.14594	0.67720	0.01562	0.01368	0.05491	0.01064	0.00501	0.00362	0.00119	0.00292	0.00416	0.00356	0.00551
5	0.00666	0.00626	0.01057	0.86767	0.02427	0.00783	0.00979	0.00900	0.00705	0.00900	0.00626	0.00940	0.00470	0.00352	0.00352	0.00117	0.00470	0.00313	0.00157	0.00392
6	0.86745	0.00719	0.00536	0.00480	0.00697	0.04021	0.00393	0.01050	0.00615	0.01554	0.00493	0.00575	0.00384	0.00329	0.00222	0.00108	0.00286	0.00192	0.00217	0.00383
7	0.00429	0.00307	0.00409	0.00491	0.00511	0.00286	0.00327	0.00491	0.00675	0.00900	0.01943	0.87384	0.02331	0.01104	0.00450	0.00143	0.00204	0.01002	0.00327	0.00286
8	0.00997	0.01036	0.01303	0.05189	0.55453	0.20620	0.02461	0.06644	0.00901	0.01145	0.00647	0.00820	0.00533	0.00334	0.00343	0.00102	0.00472	0.00296	0.00187	0.00518
9	0.00674	0.00544	0.00622	0.00571	0.00708	0.00585	0.00437	0.01226	0.39889	0.01442	0.46332	0.02021	0.02281	0.00608	0.00389	0.00115	0.00219	0.00526	0.00374	0.00437
10	0.03489	0.00573	0.00764	0.00598	0.00848	0.00503	0.00490	0.01599	0.00970	0.75119	0.01373	0.04160	0.00914	0.00455	0.00347	0.00108	0.00287	0.00371	0.06466	0.00566
11	0.00445	0.00317	0.00416	0.00482	0.00515	0.00295	0.00330	0.00523	0.00716	0.00966	0.10191	0.71994	0.05026	0.01039	0.00441	0.00138	0.00202	0.03142	0.02528	0.00293
12	0.00487	0.00354	0.00459	0.00445	0.00523	0.00326	0.00329	0.00638	0.00952	0.01333	0.71965	0.12530	0.06793	0.00773	0.00420	0.00115	0.00171	0.00684	0.00378	0.00326
13	0.00715	0.04935	0.82751	0.00990	0.01503	0.00839	0.01277	0.01114	0.00743	0.01106	0.00627	0.00738	0.00447	0.00334	0.00331	0.00110	0.00516	0.00258	0.00149	0.00518
14	0.03648	0.00635	0.01016	0.38750	0.18794	0.00691	0.02334	0.01045	0.00781	0.15481	0.00936	0.07288	0.00789	0.00451	0.00365	0.00118	0.00398	0.05794	0.00233	0.00451
15	0.06468	0.55079	0.06345	0.00660	0.00939	0.09694	0.00626	0.05353	0.05390	0.02266	0.00608	0.00700	0.00521	0.02348	0.01629	0.00099	0.00407	0.00227	0.00186	0.00455
16	0.00942	0.87826	0.01847	0.00603	0.00905	0.01395	0.00603	0.01055	0.00716	0.00829	0.00490	0.00565	0.00452	0.00302	0.00226	0.00075	0.00377	0.00188	0.00151	0.00452
17	0.00512	0.00343	0.00392	0.00392	0.00394	0.00346	0.00223	0.00517	0.00515	0.00689	0.01104	0.02270	0.01265	0.84225	0.05161	0.00351	0.00366	0.00507	0.00213	0.00218
18	0.10684	0.00791	0.00900	0.00697	0.00968	0.00818	0.00576	0.40630	0.01272	0.37489	0.01040	0.00967	0.00692	0.00419	0.00339	0.00108	0.00339	0.00320	0.00374	0.00577
19	0.01385	0.00915	0.01013	0.00777	0.01057	0.00985	0.00641	0.68815	0.01536	0.17818	0.00948	0.00912	0.00650	0.00426	0.00353	0.00106	0.00371	0.00324	0.00368	0.00599
20	0.87925	0.00709	0.02596	0.00477	0.00702	0.00791	0.00404	0.01038	0.00603	0.01570	0.00494	0.00577	0.00383	0.00327	0.00221	0.00109	0.00279	0.00193	0.00216	0.00385
21	0.00877	0.00757	0.00797	0.00717	0.00916	0.00877	0.00558	0.01873	0.84779	0.01474	0.01434	0.01315	0.01076	0.00478	0.00359	0.00120	0.00279	0.00398	0.00359	0.00558
22	0.01340	0.00987	0.01058	0.00811	0.01093	0.01093	0.00670	0.84240	0.01657	0.02221	0.00846	0.00846	0.00599	0.00423	0.00353	0.00106	0.00388	0.00317	0.00353	0.00599
23	0.01340	0.00987	0.01058	0.00811	0.01093	0.01093	0.00670	0.84240	0.01657	0.02221	0.00846	0.00846	0.00599	0.00423	0.00353	0.00106	0.00388	0.00317	0.00353	0.00599
24	0.00778	0.00742	0.01261	0.40577	0.47735	0.00813	0.01035	0.00999	0.00758	0.01037	0.00646	0.00903	0.00518	0.00331	0.00350	0.00110	0.00442	0.00314	0.00166	0.00483
25	0.01340	0.00987	0.01058	0.00811	0.01093	0.01093	0.00670	0.84240	0.01657	0.02221	0.00846	0.00846	0.00599	0.00423	0.00353	0.00106	0.00388	0.00317	0.00353	0.00599
26	0.00877	0.00757	0.00797	0.00717	0.00916	0.00877	0.00558	0.01873	0.84779	0.01474	0.01434	0.01315	0.01076	0.00478	0.00359	0.00120	0.00279	0.00398	0.00359	0.00558
27	0.00872	0.00837	0.01431	0.02163	0.85415	0.00837	0.01082	0.01082	0.00802	0.01151	0.00663	0.00872	0.00558	0.00314	0.00349	0.00105	0.00419	0.00314	0.00174	0.00558
28	0.00464	0.00331	0.00449	0.00530	0.00566	0.00316	0.00387	0.00551	0.00709	0.00938	0.01923	0.66560	0.02255	0.01072	0.00459	0.00148	0.00234	0.21484	0.00327	0.00296
29	0.00718	0.00415	0.00499	0.00447	0.00592	0.00360	0.00346	0.00839	0.00903	0.21337	0.25165	0.04173	0.41369	0.00741	0.00402	0.00115	0.00205	0.00626	0.00370	0.00379
30	0.00771	0.00771	0.01079	0.00925	0.00925	0.01079	0.00771	0.00848	0.00540	0.00848	0.00463	0.00771	0.00463	0.00617	0.01157	0.00154	0.86969	0.00308	0.00154	0.00386
31	0.90103	0.00682	0.00518	0.00463	0.00682	0.00791	0.00382	0.01036	0.00600	0.01581	0.00491	0.00573	0.00382	0.00327	0.00218	0.00109	0.00273	0.00191	0.00218	0.00382
32	0.90103	0.00682	0.00518	0.00463	0.00682	0.00791	0.00382	0.01036	0.00600	0.01581	0.00491	0.00573	0.00382	0.00327	0.00218	0.00109	0.00273	0.00191	0.00218	0.00382
33	0.00499	0.00360	0.00471	0.00443	0.00527	0.00333	0.00333	0.00665	0.00998	0.01413	0.85230	0.02633	0.03325	0.00721	0.00416	0.00111	0.00166	0.00637	0.00388	0.00333
34	0.00666	0.00626	0.01057	0.86767	0.02427	0.00783	0.00979	0.00900	0.00705	0.00900	0.00626	0.00940	0.00470	0.00352	0.00352	0.00117	0.00470	0.00313	0.00157	0.00392
35	0.00503	0.00378	0.00566	0.00566	0.00629	0.00441	0.00441	0.00629	0.00566	0.00818	0.00944	0.01385	0.00881	0.02643	0.86217	0.00566	0.00944	0.00378	0.00189	0.00315
36	0.00429	0.00307	0.00409	0.00491	0.00511	0.00286	0.00327	0.00491	0.00675	0.00900	0.01943	0.87384	0.02331	0.01104	0.00450	0.00143	0.00204	0.01002	0.00327	0.00286
37	0.00806	0.01305	0.37268	0.01252	0.01675	0.00847	0.46244	0.01145	0.00801	0.04182	0.00704	0.00873	0.00510	0.00318	0.00380	0.00115	0.00553	0.00348	0.00175	0.00499
38	0.00914	0.00870	0.01372	0.02012	0.76177	0.05032	0.01029	0.01141	0.03558	0.03478	0.00702	0.00884	0.00579	0.00325	0.00348	0.00105	0.00422	0.00314	0.00188	0.00552
39	0.01558	0.00605	0.00817	0.00630	0.00900	0.00530	0.00519	0.01723	0.03831	0.82824	0.01392	0.01203	0.00879	0.00438	0.00355	0.00109	0.00299	0.00356	0.00434	0.00598
40	0.00462	0.00356	0.00405	0.00394	0.00483	0.00317	0.00286	0.00569	0.00840	0.01096	0.35131	0.02948	0.41862	0.12600	0.00603	0.00146	0.00196	0.00671	0.00336	0.00300
41	0.00607	0.00398	0.00507	0.00519	0.00565	0.00405	0.00379	0.06427	0.02216	0.00907	0.01262	0.12114	0.01374	0.26161	0.01073	0.22656	0.00315	0.21594	0.00252	0.00268
42	0.06599	0.01284	0.25796	0.02461	0.15044	0.16156	0.19329	0.02699	0.03653	0.01133	0.00658	0.00804	0.00506	0.00340	0.00361	0.00109	0.02100	0.00300	0.00181	0.00486
43	0.00438	0.00312	0.00414	0.00490	0.00513	0.00293	0.00330	0.00503	0.00682	0.00911	0.04438	0.79339	0.02313	0.04347	0.00500	0.00150	0.00212	0.03202	0.00325	0.00286
44	0.01045	0.61918	0.01624	0.00711	0.03801	0.01296	0.00637	0.23067	0.00968	0.01208	0.00590	0.00650	0.00495	0.00334	0.00264	0.00084	0.00381	0.00227	0.00205	0.00495
45	0.00585	0.00488	0.00736	0.05600	0.20753	0.00506	0.00564	0.00713	0.00690	0.00943	0.05545	0.06227	0.15176	0.05971	0.30386	0.03527	0.00532	0.00471	0.00224	0.00362

[dist]
# distance from previous block
# <min> <max>
1	4

[block]
# block no. 3 follows, 79 sequences, length 123
# corresponding to MSA columns:
# 327,331-386,388-453
name=unknown_D
#
# <colnr> <probs for GDERKNQSTAVLIFYWHMCP>
#	G	D	E	R	K	N	Q	S	T	A	V	L	I	F	Y	W	H	M	C	P
0	0.00832	0.00951	0.02080	0.01485	0.01842	0.00891	0.84135	0.01129	0.00832	0.01129	0.00713	0.00951	0.00535	0.00297	0.00416	0.00119	0.00594	0.00416	0.00178	0.00475
1	0.00482	0.00354	0.00515	0.00540	0.00589	0.00389	0.00402	0.00582	0.00599	0.00840	0.01254	0.28605	0.01335	0.02130	0.57501	0.02076	0.00698	0.00574	0.00232	0.00303
2	0.00872	0.25664	0.03336	0.21880	0.28650	0.00955	0.04338	0.01062	0.00767	0.06058	0.00681	0.00901	0.00560	0.00344	0.00321	0.00102	0.00419	0.02428	0.00183	0.00480
3	0.00481	0.00344	0.00468	0.00550	0.00593	0.00331	0.00417	0.00580	0.00726	0.00958	0.01914	0.56157	0.02218	0.01055	0.00464	0.00150	0.00249	0.31717	0.00326	0.00301
4	0.00499	0.00360	0.00471	0.00443	0.00527	0.00333	0.00333	0.00665	0.00998	0.01413	0.85230	0.02633	0.03325	0.00721	0.00416	0.00111	0.00166	0.00637	0.00388	0.00333
5	0.00696	0.00629	0.01001	0.07935	0.43975	0.00624	0.01844	0.00851	0.00782	0.01054	0.05073	0.01728	0.21963	0.00566	0.00443	0.05953	0.00343	0.03883	0.00225	0.00433
6	0.00715	0.01766	0.80334	0.01036	0.01546	0.00823	0.06699	0.01117	0.00750	0.01117	0.00638	0.00758	0.00452	0.00332	0.00340	0.00112	0.00526	0.00271	0.00151	0.00518
7	0.01581	0.00600	0.00818	0.00627	0.00900	0.00518	0.00518	0.01718	0.01009	0.85660	0.01390	0.01200	0.00872	0.00436	0.00354	0.00109	0.00300	0.00354	0.00436	0.00600
8	0.00429	0.00307	0.00409	0.00491	0.00511	0.00286	0.00327	0.00491	0.00675	0.00900	0.01943	0.87384	0.02331	0.01104	0.00450	0.00143	0.00204	0.01002	0.00327	0.00286
9	0.06753	0.00963	0.01769	0.16173	0.04664	0.22292	0.02287	0.02198	0.00744	0.05123	0.00601	0.00835	0.00511	0.03369	0.00659	0.00129	0.30042	0.00292	0.00185	0.00410
10	0.00707	0.01823	0.85788	0.01005	0.01525	0.00818	0.01302	0.01116	0.00744	0.01116	0.00632	0.00744	0.00446	0.00335	0.00335	0.00112	0.00521	0.00260	0.00149	0.00521
11	0.00666	0.00626	0.01057	0.86767	0.02427	0.00783	0.00979	0.00900	0.00705	0.00900	0.00626	0.00940	0.00470	0.00352	0.00352	0.00117	0.00470	0.00313	0.00157	0.00392
12	0.07681	0.00686	0.00966	0.07388	0.20613	0.00686	0.00687	0.02571	0.07371	0.43180	0.01065	0.01049	0.00732	0.00403	0.00370	0.00111	0.03240	0.00331	0.00322	0.00548
13	0.00985	0.01008	0.00887	0.00785	0.00929	0.28491	0.00616	0.10969	0.15055	0.02170	0.00954	0.01068	0.05466	0.00786	0.12533	0.00177	0.16114	0.00333	0.00239	0.00435
14	0.00503	0.00353	0.00461	0.00520	0.00557	0.00346	0.00384	0.00585	0.00680	0.00897	0.01684	0.33105	0.01929	0.25014	0.00836	0.00205	0.00287	0.31081	0.00295	0.00280
15	0.00434	0.00312	0.00404	0.00476	0.00501	0.00291	0.00316	0.00493	0.00672	0.00889	0.01986	0.76815	0.07225	0.06728	0.00535	0.00155	0.00212	0.00955	0.00320	0.00282
16	0.00851	0.06442	0.32770	0.08403	0.07995	0.16637	0.08384	0.01115	0.01924	0.01010	0.00632	0.00800	0.00498	0.00469	0.04593	0.00131	0.06435	0.00283	0.00165	0.00465
17	0.00803	0.00679	0.00678	0.00604	0.00783	0.05095	0.00470	0.11577	0.36379	0.03404	0.04958	0.01976	0.29908	0.00615	0.00377	0.00116	0.00273	0.00505	0.00341	0.00459
18	0.01566	0.00625	0.00834	0.00639	0.00912	0.00555	0.00528	0.07094	0.01051	0.80223	0.01355	0.01177	0.00855	0.00435	0.00354	0.00109	0.00306	0.00352	0.00431	0.00600
19	0.00731	0.00626	0.00731	0.00522	0.00835	0.00470	0.00418	0.00887	0.00731	0.01148	0.00626	0.00731	0.00522	0.00261	0.00261	0.00052	0.00261	0.00209	0.00209	0.89768
20	0.00737	0.00720	0.01014	0.00879	0.00887	0.00997	0.00729	0.00820	0.00543	0.00844	0.00525	0.00850	0.00516	0.00877	0.12095	0.00207	0.75906	0.00317	0.00159	0.00376
21	0.00429	0.00307	0.00409	0.00491	0.00511	0.00286	0.00327	0.00491	0.00675	0.00900	0.01943	0.87384	0.02331	0.01104	0.00450	0.00143	0.00204	0.01002	0.00327	0.00286
22	0.01152	0.00746	0.00819	0.00663	0.00887	0.00802	0.00536	0.38890	0.16127	0.15145	0.01101	0.01084	0.00792	0.00432	0.00332	0.00104	0.00307	0.00340	0.19207	0.00535
23	0.02015	0.04373	0.01072	0.04633	0.13026	0.08732	0.03216	0.18020	0.11822	0.09467	0.02222	0.02121	0.00721	0.00507	0.02825	0.00127	0.13171	0.01168	0.00263	0.00499
24	0.00729	0.00537	0.00647	0.00538	0.00718	0.00491	0.00422	0.09666	0.00840	0.04507	0.11128	0.03140	0.12817	0.00632	0.00521	0.12667	0.03571	0.05093	0.00270	0.31064
25	0.00430	0.00311	0.00404	0.00478	0.00506	0.00288	0.00320	0.00492	0.00682	0.00900	0.02056	0.79207	0.08864	0.02655	0.00472	0.00145	0.00205	0.00973	0.00325	0.00286
26	0.00740	0.00640	0.00776	0.00629	0.06346	0.00494	0.00461	0.00900	0.00735	0.01149	0.00629	0.00740	0.00524	0.00264	0.00267	0.00056	0.00271	0.00216	0.00207	0.83956
27	0.00417	0.00357	0.00357	0.00357	0.00476	0.00298	0.00268	0.00506	0.00803	0.00952	0.03570	0.03392	0.85272	0.00893	0.00417	0.00119	0.00179	0.00744	0.00327	0.00298
28	0.00583	0.00398	0.00548	0.00615	0.00697	0.00390	0.00521	0.00728	0.00801	0.04365	0.01929	0.14983	0.05539	0.00966	0.00474	0.00156	0.00301	0.65350	0.00329	0.00329
29	0.00434	0.00329	0.00401	0.00444	0.00502	0.00295	0.00310	0.00517	0.00754	0.00979	0.12762	0.51260	0.27752	0.00992	0.00435	0.00132	0.00192	0.00878	0.00335	0.00295
30	0.00731	0.00626	0.00731	0.00522	0.00835	0.00470	0.00418	0.00887	0.00731	0.01148	0.00626	0.00731	0.00522	0.00261	0.00261	0.00052	0.00261	0.00209	0.00209	0.89768
31	0.00469	0.00354	0.00434	0.00425	0.00511	0.00318	0.00315	0.00603	0.00910	0.01234	0.54278	0.12115	0.25126	0.00809	0.00420	0.00117	0.00174	0.00706	0.00365	0.00318
32	0.00574	0.04952	0.00817	0.00682	0.00793	0.01523	0.10421	0.00720	0.00611	0.00856	0.00889	0.01282	0.00813	0.02217	0.70599	0.00482	0.00870	0.00371	0.00186	0.00342
33	0.00948	0.00957	0.04470	0.04293	0.48846	0.09554	0.02017	0.08864	0.14151	0.01262	0.00788	0.00914	0.00626	0.00357	0.00348	0.00107	0.00424	0.00318	0.00219	0.00539
34	0.00611	0.00367	0.00550	0.00598	0.06040	0.00381	0.00389	0.00573	0.02984	0.00720	0.00744	0.04013	0.00729	0.01396	0.16630	0.62106	0.00425	0.00346	0.00173	0.00225
35	0.00599	0.00309	0.00452	0.00452	0.00460	0.00306	0.00304	0.00462	0.00482	0.00634	0.00805	0.01223	0.06128	0.01203	0.01315	0.83906	0.00298	0.00335	0.00164	0.00162
36	0.00806	0.00921	0.04049	0.01469	0.09231	0.00845	0.69124	0.01083	0.00817	0.01116	0.00787	0.06570	0.00652	0.00352	0.00410	0.00119	0.00551	0.00441	0.00187	0.00472
37	0.00613	0.00381	0.00480	0.00459	0.00563	0.00340	0.00342	0.00736	0.00887	0.12666	0.37878	0.20690	0.21014	0.00802	0.00415	0.00119	0.00195	0.00700	0.00368	0.00351
38	0.00731	0.00626	0.00731	0.00522	0.00835	0.00470	0.00418	0.00887	0.00731	0.01148	0.00626	0.00731	0.00522	0.00261	0.00261	0.00052	0.00261	0.00209	0.00209	0.89768
39	0.00503	0.00378	0.00566	0.00566	0.00629	0.00441	0.00441	0.00629	0.00566	0.00818	0.00944	0.01385	0.00881	0.02643	0.86217	0.00566	0.00944	0.00378	0.00189	0.00315
40	0.00507	0.00363	0.00484	0.00487	0.00526	0.00394	0.00346	0.00581	0.00560	0.00775	0.01127	0.01931	0.03571	0.38052	0.45022	0.00443	0.00645	0.03703	0.00209	0.00272
41	0.00569	0.00331	0.00486	0.00487	0.00507	0.00350	0.00341	0.00516	0.00499	0.00685	0.00771	0.02472	0.00770	0.08233	0.27550	0.54195	0.00504	0.00354	0.00171	0.00209
42	0.01049	0.00518	0.00666	0.00554	0.00732	0.00479	0.00439	0.07991	0.01009	0.38747	0.29987	0.01887	0.04152	0.07158	0.00490	0.00129	0.00262	0.02899	0.00390	0.00463
43	0.90103	0.00682	0.00518	0.00463	0.00682	0.00791	0.00382	0.01036	0.00600	0.01581	0.00491	0.00573	0.00382	0.00327	0.00218	0.00109	0.00273	0.00191	0.00218	0.00382
44	0.00602	0.00444	0.00462	0.00447	0.00568	0.00448	0.00337	0.00935	0.21389	0.01189	0.03326	0.07735	0.33383	0.00661	0.00355	0.00110	0.00201	0.00553	0.26486	0.00370
45	0.00855	0.00816	0.01390	0.02097	0.82069	0.00816	0.01052	0.01058	0.00797	0.01141	0.00713	0.04282	0.00628	0.00345	0.00353	0.00106	0.00410	0.00341	0.00180	0.00548
46	0.00751	0.00417	0.00559	0.00568	0.00671	0.00394	0.00455	0.00869	0.00796	0.19121	0.02848	0.19840	0.03120	0.09864	0.00578	0.00162	0.00288	0.35460	0.02877	0.00364
47	0.00503	0.00378	0.00566	0.00566	0.00629	0.00441	0.00441	0.00629	0.00566	0.00818	0.00944	0.01385	0.00881	0.02643	0.86217	0.00566	0.00944	0.00378	0.00189	0.00315
48	0.00942	0.87826	0.01847	0.00603	0.00905	0.01395	0.00603	0.01055	0.00716	0.00829	0.00490	0.00565	0.00452	0.00302	0.00226	0.00075	0.00377	0.00188	0.00151	0.00452
49	0.00489	0.00325	0.00413	0.00447	0.00468	0.00312	0.00291	0.00504	0.00611	0.00809	0.04356	0.37067	0.07118	0.26968	0.02057	0.15023	0.00270	0.01962	0.00265	0.00246
50	0.00478	0.00340	0.00424	0.00436	0.00482	0.00320	0.00296	0.00567	0.00770	0.01052	0.35102	0.26068	0.07861	0.23297	0.00781	0.00180	0.00223	0.00713	0.00322	0.00287
51	0.01554	0.00643	0.00845	0.00648	0.00921	0.00582	0.00535	0.10929	0.01081	0.76345	0.01330	0.01160	0.00842	0.00435	0.00354	0.00109	0.00310	0.00350	0.00427	0.00600
52	0.90103	0.00682	0.00518	0.00463	0.00682	0.00791	0.00382	0.01036	0.00600	0.01581	0.00491	0.00573	0.00382	0.00327	0.00218	0.00109	0.00273	0.00191	0.00218	0.00382
53	0.02022	0.07210	0.01099	0.09906	0.13477	0.01996	0.00714	0.44236	0.01214	0.04547	0.00842	0.00986	0.02137	0.06082	0.00449	0.00121	0.01835	0.00326	0.00278	0.00522
54	0.00817	0.01156	0.23002	0.09620	0.17629	0.05409	0.34170	0.01107	0.00798	0.01091	0.00663	0.00864	0.00506	0.00322	0.00378	0.00113	0.01358	0.00336	0.00168	0.00490
55	0.14624	0.01072	0.00769	0.00688	0.00865	0.38373	0.00529	0.07657	0.07065	0.04560	0.03616	0.02023	0.00714	0.00403	0.00303	0.00097	0.00420	0.00287	0.15516	0.00420
56	0.00451	0.00332	0.00426	0.00479	0.00529	0.00306	0.00342	0.00542	0.00756	0.01001	0.14905	0.53944	0.14861	0.01001	0.00443	0.00136	0.00206	0.08704	0.00336	0.00299
57	0.06612	0.01072	0.24682	0.13193	0.45420	0.00822	0.01083	0.01064	0.00760	0.01136	0.00638	0.00826	0.00504	0.00326	0.00337	0.00109	0.00444	0.00291	0.00168	0.00514
58	0.02797	0.00949	0.01038	0.01733	0.10323	0.05813	0.00692	0.55873	0.09151	0.03252	0.00868	0.00904	0.00641	0.00498	0.03733	0.00124	0.00414	0.00320	0.00315	0.00563
59	0.01344	0.00980	0.01053	0.00808	0.01089	0.01082	0.00667	0.82720	0.01645	0.03759	0.00856	0.00853	0.00604	0.00423	0.00353	0.00106	0.00386	0.00318	0.00354	0.00599
60	0.00528	0.00400	0.00573	0.00568	0.00637	0.00464	0.00438	0.00704	0.05973	0.00854	0.00983	0.01421	0.00911	0.06288	0.76943	0.00528	0.00874	0.00385	0.00201	0.00326
61	0.00483	0.00347	0.00443	0.00456	0.00502	0.00344	0.00317	0.00562	0.00683	0.00926	0.17514	0.19851	0.10718	0.24207	0.18089	0.01924	0.00383	0.01692	0.00278	0.00281
62	0.00470	0.00355	0.00491	0.00527	0.00581	0.00332	0.03649	0.00557	0.00715	0.00941	0.05303	0.54971	0.11273	0.06574	0.00535	0.00154	0.00240	0.11718	0.00316	0.00297
63	0.07404	0.06592	0.01023	0.00753	0.01019	0.02515	0.00622	0.57089	0.13993	0.01923	0.00876	0.00873	0.00642	0.00412	0.00333	0.00104	0.00364	0.00308	0.00324	0.02830
64	0.00841	0.00767	0.01278	0.24650	0.56263	0.00807	0.01007	0.01079	0.03396	0.04216	0.00704	0.00914	0.00562	0.00333	0.00349	0.00108	0.00421	0.00316	0.00186	0.01804
65	0.09587	0.00995	0.10391	0.03825	0.16147	0.04608	0.01808	0.33265	0.05941	0.08808	0.00814	0.00866	0.00594	0.00383	0.00337	0.00107	0.00399	0.00303	0.00277	0.00544
66	0.02116	0.06522	0.07944	0.11755	0.31671	0.14095	0.06270	0.01178	0.02210	0.09325	0.00735	0.00912	0.00580	0.00379	0.01359	0.00111	0.00464	0.01678	0.00202	0.00495
67	0.01454	0.00615	0.00805	0.00636	0.00893	0.00563	0.00519	0.01710	0.12802	0.71736	0.01410	0.03314	0.00937	0.00458	0.00357	0.00111	0.00295	0.00376	0.00423	0.00586
68	0.01567	0.00397	0.00490	0.00510	0.00584	0.00385	0.00368	0.08364	0.00831	0.03745	0.12090	0.54588	0.09096	0.00934	0.00427	0.00132	0.00222	0.03401	0.01536	0.00335
69	0.00846	0.18197	0.57698	0.00892	0.01331	0.00905	0.02142	0.01160	0.00762	0.09818	0.00681	0.00760	0.00493	0.00345	0.00337	0.00106	0.02576	0.00260	0.00179	0.00512
70	0.00864	0.00520	0.00673	0.03520	0.04182	0.01629	0.00480	0.01043	0.07358	0.25613	0.07494	0.24887	0.12088	0.01396	0.00459	0.00125	0.06307	0.00596	0.00339	0.00426
71	0.00777	0.00426	0.00553	0.00485	0.00563	0.00405	0.03593	0.00821	0.00642	0.20713	0.01161	0.01992	0.01156	0.63641	0.01401	0.00278	0.00342	0.00471	0.00265	0.00315
72	0.00731	0.00626	0.00731	0.00522	0.00835	0.00470	0.00418	0.00887	0.00731	0.01148	0.00626	0.00731	0.00522	0.00261	0.00261	0.00052	0.00261	0.00209	0.00209	0.89768
73	0.00592	0.00454	0.00668	0.00716	0.01915	0.00471	0.03875	0.00752	0.00790	0.01041	0.01715	0.05963	0.01856	0.00919	0.00525	0.00159	0.05978	0.70969	0.00306	0.00336
74	0.00435	0.00315	0.00413	0.00490	0.00519	0.00293	0.00335	0.00503	0.00690	0.00911	0.02045	0.77927	0.07720	0.01084	0.00449	0.00142	0.00209	0.04905	0.00327	0.00289
75	0.00881	0.21182	0.02514	0.14220	0.36553	0.06527	0.08629	0.01098	0.03248	0.01027	0.00636	0.00814	0.00525	0.00324	0.00325	0.00101	0.00444	0.00290	0.00172	0.00491
76	0.11739	0.03750	0.04595	0.06929	0.33104	0.03713	0.03941	0.11503	0.07498	0.08723	0.00778	0.00880	0.00592	0.00357	0.00332	0.00107	0.00396	0.00304	0.00237	0.00522
77	0.00973	0.43144	0.18122	0.00860	0.08620	0.01134	0.00789	0.14329	0.03848	0.04200	0.00656	0.00722	0.00521	0.00340	0.00288	0.00093	0.00404	0.00248	0.00202	0.00508
78	0.15529	0.04159	0.02262	0.03866	0.32485	0.28429	0.00789	0.03964	0.02210	0.01147	0.00645	0.00775	0.01587	0.00347	0.00314	0.00101	0.00460	0.00268	0.00193	0.00470
79	0.00435	0.00312	0.00415	0.00493	0.00519	0.00292	0.00335	0.00502	0.00687	0.00914	0.03069	0.81162	0.04265	0.01089	0.00450	0.00143	0.00208	0.04093	0.00328	0.00289
80	0.00700	0.00540	0.00792	0.02867	0.29052	0.00536	0.00589	0.00904	0.04283	0.03357	0.25977	0.02763	0.04432	0.02348	0.00395	0.01133	0.00271	0.00445	0.18198	0.00418
81	0.64765	0.00653	0.00598	0.00511	0.00740	0.00710	0.00422	0.01207	0.00712	0.23565	0.00760	0.00819	0.00550	0.00371	0.00260	0.00110	0.00281	0.02250	0.00278	0.00437
82	0.15559	0.00651	0.00790	0.00620	0.00882	0.00622	0.00511	0.08649	0.03739	0.62476	0.01203	0.01074	0.00778	0.00419	0.00333	0.00109	0.00302	0.00327	0.00392	0.00564
83	0.00462	0.00340	0.00411	0.00452	0.00520	0.00310	0.00331	0.00559	0.00762	0.01003	0.09336	0.38752	0.28501	0.00946	0.00428	0.00131	0.00204	0.10188	0.06064	0.00301
84	0.00495	0.00360	0.00466	0.00439	0.00524	0.00331	0.00330	0.00658	0.00989	0.01392	0.81434	0.02668	0.07134	0.00729	0.00416	0.00111	0.00167	0.00642	0.00385	0.00331
85	0.00503	0.00378	0.00566	0.00566	0.00629	0.00441	0.00441	0.00629	0.00566	0.00818	0.00944	0.01385	0.00881	0.02643	0.86217	0.00566	0.00944	0.00378	0.00189	0.00315
86	0.00581	0.00489	0.00703	0.00658	0.00699	0.00619	0.00521	0.00685	0.00555	0.00818	0.00816	0.01267	0.00786	0.07594	0.56154	0.00433	0.25746	0.00366	0.00180	0.00329
87	0.00942	0.87826	0.01847	0.00603	0.00905	0.01395	0.00603	0.01055	0.00716	0.00829	0.00490	0.00565	0.00452	0.00302	0.00226	0.00075	0.00377	0.00188	0.00151	0.00452
88	0.90103	0.00682	0.00518	0.00463	0.00682	0.00791	0.00382	0.01036	0.00600	0.01581	0.00491	0.00573	0.00382	0.00327	0.00218	0.00109	0.00273	0.00191	0.00218	0.00382
89	0.01058	0.00884	0.01564	0.01144	0.01459	0.00865	0.47068	0.20648	0.03576	0.14542	0.00941	0.01035	0.02681	0.00368	0.00390	0.00114	0.00481	0.00391	0.00268	0.00522
90	0.00714	0.00694	0.01114	0.00903	0.00983	0.00834	0.19421	0.00819	0.00598	0.00866	0.00697	0.01234	0.00704	0.24462	0.01165	0.00198	0.43671	0.00389	0.00176	0.00359
91	0.01230	0.21552	0.01194	0.00838	0.01047	0.66636	0.00663	0.01326	0.00934	0.00855	0.00532	0.00619	0.00454	0.00349	0.00297	0.00087	0.00576	0.00218	0.00174	0.00419
92	0.00942	0.87826	0.01847	0.00603	0.00905	0.01395	0.00603	0.01055	0.00716	0.00829	0.00490	0.00565	0.00452	0.00302	0.00226	0.00075	0.00377	0.00188	0.00151	0.00452
93	0.01413	0.00782	0.00920	0.00715	0.00985	0.00800	0.00588	0.37572	0.08869	0.41805	0.01158	0.01057	0.00772	0.00434	0.00354	0.00109	0.00336	0.00342	0.00393	0.00596
94	0.00666	0.00626	0.01057	0.86767	0.02427	0.00783	0.00979	0.00900	0.00705	0.00900	0.00626	0.00940	0.00470	0.00352	0.00352	0.00117	0.00470	0.00313	0.00157	0.00392
95	0.00601	0.00477	0.00575	0.00638	0.00717	0.05984	0.00535	0.00743	0.00797	0.01014	0.03006	0.09992	0.01904	0.04407	0.03191	0.00175	0.00353	0.64263	0.00308	0.00323
96	0.01247	0.01537	0.00928	0.00847	0.01018	0.77101	0.00635	0.01345	0.00971	0.00910	0.00609	0.00707	0.00502	0.00368	0.00310	0.00090	0.00586	0.00238	0.09652	0.00400
97	0.00679	0.00434	0.00542	0.00518	0.00625	0.00417	0.00386	0.06097	0.05595	0.11742	0.29390	0.31546	0.07946	0.00800	0.00414	0.00123	0.00219	0.01785	0.00364	0.00377
98	0.01311	0.00709	0.00852	0.00690	0.00936	0.00718	0.00564	0.20537	0.18820	0.43323	0.01306	0.01324	0.00928	0.00477	0.00364	0.00114	0.00317	0.05743	0.00393	0.00573
99	0.00428	0.00330	0.00391	0.00434	0.00498	0.00293	0.00303	0.00506	0.00743	0.00947	0.06835	0.48941	0.36092	0.00999	0.00435	0.00132	0.00192	0.00878	0.00330	0.00293
100	0.03530	0.00566	0.00747	0.00588	0.00830	0.00498	0.00481	0.02532	0.00991	0.68353	0.09629	0.01476	0.07165	0.00494	0.00361	0.00110	0.00279	0.00405	0.00417	0.00547
101	0.00477	0.00349	0.00457	0.00520	0.00578	0.00329	0.00397	0.00582	0.00759	0.00993	0.08072	0.43482	0.13346	0.01007	0.00455	0.00144	0.00237	0.27185	0.00331	0.00303
102	0.00926	0.00782	0.00825	0.00727	0.00935	0.00900	0.00570	0.10743	0.75827	0.01555	0.01371	0.01264	0.01025	0.00472	0.00358	0.00118	0.00291	0.00390	0.00358	0.00562
103	0.01581	0.00600	0.00818	0.00627	0.00900	0.00518	0.00518	0.01718	0.01009	0.85660	0.01390	0.01200	0.00872	0.00436	0.00354	0.00109	0.00300	0.00354	0.00436	0.00600
104	0.00968	0.00515	0.00632	0.00531	0.00715	0.00475	0.00422	0.07132	0.05077	0.33308	0.22448	0.02089	0.22961	0.00623	0.00385	0.00112	0.00242	0.00522	0.00387	0.00455
105	0.00681	0.03729	0.18159	0.31350	0.10554	0.00729	0.03533	0.00908	0.00719	0.01003	0.00860	0.13069	0.00790	0.00474	0.00396	0.00117	0.04766	0.01734	0.06010	0.00420
106	0.00757	0.00772	0.00980	0.05105	0.02222	0.13000	0.08405	0.00882	0.00659	0.00876	0.00707	0.01858	0.00658	0.02506	0.27224	0.00270	0.30733	0.01837	0.00177	0.00373
107	0.88516	0.00687	0.00528	0.00470	0.00689	0.00796	0.00387	0.02524	0.00619	0.01593	0.00497	0.00577	0.00386	0.00329	0.00221	0.00109	0.00275	0.00193	0.00221	0.00386
108	0.05796	0.00616	0.00806	0.00624	0.00890	0.00553	0.00514	0.04599	0.02041	0.76268	0.02682	0.01181	0.00881	0.00436	0.00349	0.00109	0.00299	0.00350	0.00421	0.00584
109	0.00941	0.00690	0.00783	0.00732	0.04939	0.02043	0.00543	0.02631	0.52011	0.14728	0.12577	0.01461	0.02371	0.00498	0.00364	0.00115	0.00278	0.00419	0.01348	0.00527
110	0.00609	0.00407	0.00508	0.00473	0.00580	0.00385	0.00360	0.00826	0.07485	0.07930	0.57303	0.06059	0.09989	0.00704	0.00403	0.00113	0.00191	0.01941	0.03367	0.00366
111	0.00986	0.00472	0.00623	0.00550	0.00706	0.00430	0.00424	0.01151	0.05070	0.39001	0.18858	0.25299	0.01793	0.00681	0.00391	0.00119	0.00242	0.00593	0.02161	0.00451
112	0.01317	0.01680	0.00999	0.00908	0.01090	0.86199	0.00681	0.01407	0.00999	0.00863	0.00545	0.00636	0.00454	0.00363	0.00318	0.00091	0.00636	0.00227	0.00182	0.00409
113	0.00646	0.00588	0.00840	0.00758	0.00787	0.00781	0.00617	0.00746	0.00552	0.00834	0.00687	0.01057	0.00658	0.01562	0.40828	0.00346	0.46848	0.00341	0.00170	0.00352
114	0.00596	0.00431	0.00536	0.00533	0.00631	0.00435	0.00419	0.00876	0.13863	0.02631	0.37517	0.07721	0.03210	0.03452	0.00459	0.00132	0.00232	0.20808	0.05155	0.00363
115	0.00807	0.01527	0.59303	0.06078	0.07876	0.00858	0.05137	0.12076	0.00871	0.01253	0.00666	0.00788	0.00481	0.00344	0.00343	0.00111	0.00496	0.00282	0.00180	0.00524
116	0.00586	0.00379	0.00494	0.00455	0.00553	0.00347	0.00345	0.00749	0.00991	0.08060	0.75903	0.02507	0.04272	0.00695	0.00408	0.00110	0.00177	0.00611	0.02007	0.00353
117	0.00713	0.00775	0.11758	0.07417	0.10571	0.00683	0.05158	0.02131	0.25625	0.01251	0.16296	0.08254	0.04707	0.00543	0.00380	0.00118	0.00330	0.02548	0.00287	0.00459
118	0.15231	0.03197	0.07822	0.05565	0.14681	0.05181	0.17291	0.17295	0.00933	0.03486	0.00680	0.00817	0.00519	0.00358	0.00374	0.00110	0.04526	0.00304	0.01140	0.00490
119	0.00429	0.00310	0.00406	0.00483	0.00509	0.00287	0.00324	0.00492	0.00682	0.00903	0.02035	0.82599	0.07056	0.01092	0.00448	0.00142	0.00203	0.00987	0.00327	0.00287
120	0.00594	0.00635	0.08304	0.00626	0.00736	0.06340	0.01606	0.00769	0.06225	0.00991	0.05794	0.37399	0.11692	0.01713	0.01430	0.00139	0.08317	0.06055	0.00285	0.00351
121	0.00839	0.00803	0.01353	0.02842	0.78066	0.00805	0.01024	0.01040	0.00798	0.01132	0.00850	0.01036	0.06076	0.00356	0.00363	0.00106	0.01448	0.00342	0.00184	0.00538
122	0.10727	0.35351	0.07687	0.02643	0.19818	0.10003	0.02265	0.04044	0.01653	0.01077	0.01493	0.00709	0.00512	0.00328	0.00284	0.00093	0.00415	0.00244	0.00179	0.00473

[dist]
# distance from previous block
# <min> <max>
2	18

[block]
# block no. 4 follows, 79 sequences, length 12
# corresponding to MSA columns:
# 475-486
name=unknown_E
#
# <colnr> <probs for GDERKNQSTAVLIFYWHMCP>
#	G	D	E	R	K	N	Q	S	T	A	V	L	I	F	Y	W	H	M	C	P
0	0.00771	0.00747	0.03113	0.23018	0.38241	0.02906	0.04826	0.00996	0.02468	0.02260	0.11268	0.01195	0.03390	0.00403	0.00372	0.00110	0.01553	0.00370	0.01526	0.00467
1	0.00460	0.00340	0.00418	0.00435	0.00506	0.00308	0.00313	0.00572	0.00834	0.01125	0.34919	0.31479	0.22726	0.00883	0.00423	0.00123	0.00182	0.00778	0.02866	0.00308
2	0.00795	0.00735	0.09247	0.04954	0.02873	0.07001	0.02471	0.09650	0.07405	0.02727	0.05517	0.01372	0.06332	0.00517	0.02643	0.00113	0.00327	0.01942	0.32965	0.00414
3	0.84647	0.00677	0.00536	0.00474	0.00695	0.00774	0.00390	0.01078	0.00625	0.06764	0.00546	0.00611	0.00412	0.00334	0.00227	0.00109	0.00274	0.00201	0.00232	0.00395
4	0.01396	0.00559	0.00759	0.00596	0.00836	0.00486	0.00486	0.01538	0.01007	0.71275	0.15705	0.01444	0.01291	0.00485	0.00365	0.00109	0.00277	0.00403	0.00428	0.00554
5	0.00737	0.00690	0.02870	0.29750	0.13677	0.00759	0.03513	0.05087	0.13542	0.01141	0.07530	0.05116	0.05327	0.00486	0.00430	0.00119	0.06890	0.01656	0.00237	0.00441
6	0.00737	0.00396	0.00508	0.00468	0.00581	0.00363	0.00355	0.00880	0.00906	0.18539	0.40897	0.15102	0.02256	0.00668	0.00379	0.00110	0.00199	0.00582	0.15694	0.00379
7	0.00740	0.00769	0.05938	0.36965	0.33626	0.00771	0.05886	0.00970	0.00769	0.01048	0.04497	0.01108	0.02866	0.00377	0.00361	0.00113	0.00437	0.02116	0.00182	0.00460
8	0.00942	0.87826	0.01847	0.00603	0.00905	0.01395	0.00603	0.01055	0.00716	0.00829	0.00490	0.00565	0.00452	0.00302	0.00226	0.00075	0.00377	0.00188	0.00151	0.00452
9	0.00655	0.00768	0.14218	0.20855	0.03959	0.05486	0.03685	0.00857	0.00798	0.02145	0.16949	0.13043	0.06345	0.00571	0.00388	0.00117	0.01675	0.02307	0.04793	0.00388
10	0.00540	0.00780	0.24013	0.05941	0.00935	0.00490	0.02915	0.00730	0.00758	0.01029	0.11704	0.25476	0.18422	0.04109	0.00453	0.00131	0.00314	0.00625	0.00266	0.00368
11	0.00933	0.02811	0.00839	0.02273	0.00947	0.04176	0.00563	0.06343	0.62998	0.05223	0.02904	0.01224	0.01001	0.00454	0.00349	0.00112	0.00302	0.00372	0.00338	0.05838

[dist]
# distance from previous block
# <min> <max>
0	8

[block]
# block no. 5 follows, 79 sequences, length 29
# corresponding to MSA columns:
# 503-531
name=unknown_F
#
# <colnr> <probs for GDERKNQSTAVLIFYWHMCP>
#	G	D	E	R	K	N	Q	S	T	A	V	L	I	F	Y	W	H	M	C	P
0	0.65765	0.00767	0.01656	0.00582	0.03310	0.07099	0.00459	0.03027	0.00716	0.11755	0.01753	0.00698	0.00497	0.00350	0.00253	0.00108	0.00311	0.00227	0.00245	0.00421
1	0.05532	0.07050	0.24968	0.03506	0.29408	0.02161	0.11909	0.06303	0.01963	0.01200	0.00659	0.00810	0.00513	0.00327	0.00337	0.00106	0.00457	0.00295	0.00182	0.02315
2	0.00752	0.01446	0.55880	0.02488	0.04620	0.00800	0.07663	0.05081	0.07384	0.01193	0.01956	0.02396	0.02616	0.00376	0.00347	0.00111	0.00468	0.00317	0.00191	0.03914
3	0.00545	0.00360	0.00462	0.00457	0.00495	0.00368	0.00314	0.02537	0.00601	0.00807	0.05818	0.01951	0.09829	0.31491	0.18838	0.21914	0.00432	0.02314	0.00221	0.00247
4	0.00941	0.29758	0.10771	0.05269	0.06747	0.11936	0.05446	0.07129	0.10818	0.02184	0.00770	0.05357	0.00654	0.00390	0.00314	0.00099	0.00425	0.00308	0.00210	0.00476
5	0.00465	0.00359	0.00424	0.00408	0.00506	0.00318	0.00306	0.00599	0.00917	0.01223	0.51476	0.02946	0.37198	0.00792	0.00416	0.00114	0.00171	0.00681	0.00363	0.00318
6	0.00823	0.00827	0.01205	0.35425	0.38140	0.09726	0.01851	0.01024	0.00776	0.01010	0.00661	0.02814	0.00550	0.00357	0.00364	0.00109	0.02047	0.00319	0.00172	0.01802
7	0.07065	0.00617	0.00794	0.00617	0.00880	0.00563	0.00509	0.05474	0.02624	0.72187	0.01302	0.01150	0.00834	0.00429	0.00342	0.00108	0.00297	0.00342	0.03288	0.00577
8	0.00852	0.00869	0.05803	0.06962	0.68108	0.00837	0.01038	0.01147	0.08722	0.01165	0.00732	0.00911	0.00596	0.00333	0.00349	0.00107	0.00414	0.00319	0.00189	0.00546
9	0.25525	0.00500	0.00505	0.00448	0.00604	0.00519	0.00355	0.05042	0.00825	0.12540	0.15191	0.01327	0.02505	0.00451	0.00289	0.00100	0.00224	0.00352	0.32304	0.00392
10	0.00493	0.00373	0.00457	0.00439	0.00533	0.00344	0.00330	0.00668	0.03942	0.01289	0.59734	0.05510	0.21480	0.00767	0.00416	0.00115	0.00177	0.02229	0.00370	0.00331
11	0.00450	0.00356	0.00405	0.00398	0.00498	0.00311	0.00296	0.00568	0.00873	0.01131	0.35598	0.07528	0.48666	0.00836	0.00418	0.00117	0.00175	0.00716	0.00351	0.00311
12	0.01317	0.01653	0.01001	0.00904	0.01090	0.82902	0.00681	0.04616	0.01024	0.00915	0.00556	0.00644	0.00460	0.00366	0.00319	0.00091	0.00626	0.00230	0.00188	0.00416
13	0.01482	0.00607	0.00795	0.00616	0.00873	0.00547	0.00507	0.08176	0.01037	0.71755	0.01326	0.01181	0.00853	0.00433	0.00345	0.00106	0.00295	0.00349	0.08140	0.00576
14	0.00902	0.00757	0.00802	0.00717	0.00919	0.00872	0.00559	0.03335	0.81250	0.03548	0.01423	0.01304	0.01062	0.00476	0.00358	0.00119	0.00281	0.00396	0.00360	0.00560
15	0.90103	0.00682	0.00518	0.00463	0.00682	0.00791	0.00382	0.01036	0.00600	0.01581	0.00491	0.00573	0.00382	0.00327	0.00218	0.00109	0.00273	0.00191	0.00218	0.00382
16	0.00767	0.00692	0.00748	0.00546	0.00851	0.05833	0.00434	0.00920	0.00748	0.01131	0.00621	0.00725	0.00518	0.00267	0.00265	0.00055	0.00284	0.00210	0.00207	0.84178
17	0.00506	0.00346	0.00421	0.00426	0.00440	0.00357	0.00265	0.00534	0.00533	0.00723	0.01130	0.07450	0.01269	0.65656	0.18148	0.00373	0.00450	0.00517	0.00216	0.00238
18	0.01122	0.00810	0.00879	0.00726	0.00960	0.00897	0.00583	0.33534	0.39891	0.10973	0.01191	0.01122	0.00862	0.00449	0.00351	0.00111	0.00318	0.00359	0.04294	0.00568
