[name]
unknown

[dist]
# distance from previous block
# <min> <max>
0	398

[block]
# block no. 0 follows, 80 sequences, length 7
# corresponding to MSA columns:
# 422-428
name=unknown_A
#
# <colnr> <probs for GDERKNQSTAVLIFYWHMCP>
#	G	D	E	R	K	N	Q	S	T	A	V	L	I	F	Y	W	H	M	C	P
0	0.02557	0.01955	0.00626	0.02009	0.02518	0.03757	0.05277	0.04471	0.03265	0.00909	0.01213	0.20051	0.02904	0.41879	0.01040	0.00221	0.00332	0.00553	0.00242	0.04220
1	0.01281	0.01576	0.00981	0.00883	0.01069	0.77131	0.00667	0.05796	0.05649	0.00958	0.00604	0.00677	0.00491	0.00369	0.00319	0.00092	0.00597	0.00239	0.00198	0.00423
2	0.00705	0.00604	0.00748	0.00645	0.07811	0.00477	0.00458	0.00859	0.00742	0.01139	0.05678	0.05769	0.00784	0.00337	0.00285	0.00065	0.00263	0.00285	0.00221	0.72126
3	0.00507	0.00338	0.00381	0.00381	0.00381	0.00338	0.00211	0.00507	0.00507	0.00677	0.01099	0.02283	0.01268	0.87738	0.01776	0.00338	0.00338	0.00507	0.00211	0.00211
4	0.00778	0.27712	0.55097	0.00906	0.01345	0.00987	0.06508	0.01088	0.00734	0.01020	0.00589	0.00697	0.00449	0.00319	0.00304	0.00100	0.00477	0.00246	0.00150	0.00492
5	0.05631	0.00503	0.03869	0.00546	0.00672	0.00462	0.05780	0.00777	0.07611	0.01197	0.36523	0.07146	0.15519	0.07868	0.02600	0.00145	0.01915	0.00574	0.00313	0.00349
6	0.00816	0.00788	0.01293	0.12545	0.56308	0.00875	0.00990	0.00997	0.00725	0.01042	0.00608	0.00850	0.00521	0.00382	0.00523	0.00116	0.19652	0.00310	0.00166	0.00494

[dist]
# distance from previous block
# <min> <max>
18	36

[block]
# block no. 1 follows, 80 sequences, length 40
# corresponding to MSA columns:
# 477-489,491-517
name=unknown_B
#
# <colnr> <probs for GDERKNQSTAVLIFYWHMCP>
#	G	D	E	R	K	N	Q	S	T	A	V	L	I	F	Y	W	H	M	C	P
0	0.00553	0.00407	0.00550	0.03082	0.01423	0.00378	0.03684	0.00716	0.02503	0.05448	0.49361	0.08580	0.20522	0.00727	0.00408	0.00114	0.00207	0.00640	0.00352	0.00345
1	0.01266	0.00875	0.00989	0.00825	0.05279	0.00945	0.00643	0.58533	0.08804	0.13644	0.01026	0.01024	0.02486	0.00437	0.00353	0.00107	0.00359	0.01476	0.00351	0.00578
2	0.00806	0.00766	0.01199	0.41797	0.39175	0.05105	0.00983	0.01028	0.01876	0.03001	0.00660	0.00896	0.00520	0.00336	0.00346	0.00109	0.00444	0.00308	0.00173	0.00469
3	0.08766	0.02300	0.01181	0.00915	0.04034	0.00868	0.18875	0.31866	0.05162	0.21111	0.00919	0.00936	0.00642	0.00383	0.00350	0.00109	0.00395	0.00335	0.00310	0.00543
4	0.00790	0.03308	0.01061	0.18663	0.27185	0.04998	0.06053	0.02641	0.01460	0.06634	0.03582	0.06789	0.13680	0.00484	0.00365	0.00111	0.00379	0.01144	0.00231	0.00442
5	0.31946	0.00636	0.02486	0.00565	0.00807	0.00608	0.00475	0.02801	0.00855	0.46788	0.03625	0.01125	0.02913	0.00426	0.00311	0.00110	0.00287	0.02400	0.00343	0.00496
6	0.00664	0.01079	0.32637	0.00765	0.01024	0.09970	0.04965	0.00879	0.00763	0.00999	0.04097	0.15236	0.15345	0.03571	0.00453	0.00126	0.03625	0.03178	0.00226	0.00399
7	0.00842	0.04344	0.28155	0.09842	0.16894	0.06372	0.21456	0.02521	0.01551	0.03735	0.00674	0.00837	0.00508	0.00327	0.00352	0.00109	0.00501	0.00311	0.00176	0.00493
8	0.00889	0.00880	0.01426	0.13515	0.38002	0.08007	0.21461	0.03588	0.00837	0.03934	0.00724	0.00988	0.00588	0.00346	0.00365	0.00110	0.00474	0.03185	0.00191	0.00492
9	0.00651	0.00603	0.01008	0.79972	0.02268	0.00745	0.00936	0.00878	0.00706	0.00904	0.00719	0.01172	0.00589	0.00398	0.00360	0.00120	0.00454	0.06968	0.00168	0.00382
10	0.00862	0.08285	0.03242	0.18242	0.38805	0.03467	0.03229	0.01163	0.11556	0.04949	0.00786	0.02537	0.00633	0.00360	0.00340	0.00107	0.00408	0.00324	0.00205	0.00500
11	0.01974	0.05421	0.16696	0.10247	0.11580	0.03020	0.18906	0.01030	0.01952	0.04554	0.02706	0.05163	0.00770	0.00442	0.00434	0.00118	0.07887	0.06450	0.00201	0.00452
12	0.00946	0.00731	0.00894	0.00777	0.02944	0.00798	0.07271	0.05431	0.56437	0.11876	0.02812	0.01318	0.02612	0.03045	0.00403	0.00122	0.00310	0.00399	0.00341	0.00534
13	0.00450	0.00328	0.00444	0.00499	0.00526	0.00330	0.00344	0.00519	0.00637	0.00861	0.01681	0.63052	0.03144	0.07261	0.16315	0.00232	0.01974	0.00829	0.00288	0.00286
14	0.06565	0.06724	0.15924	0.00589	0.00766	0.00512	0.00534	0.00751	0.00701	0.03896	0.03131	0.47887	0.01532	0.00748	0.00374	0.00120	0.00282	0.00654	0.00268	0.08042
15	0.00851	0.00655	0.00971	0.02342	0.17110	0.03570	0.11939	0.02615	0.04927	0.13023	0.09170	0.12104	0.01146	0.00488	0.00359	0.00106	0.00334	0.01641	0.07947	0.08700
16	0.00802	0.04061	0.57980	0.06204	0.09062	0.00806	0.04932	0.01153	0.02371	0.08362	0.00707	0.00813	0.00506	0.00339	0.00336	0.00109	0.00479	0.00281	0.00180	0.00515
17	0.00628	0.00513	0.00766	0.00956	0.21450	0.01646	0.00597	0.01754	0.00677	0.00936	0.01080	0.09685	0.01104	0.06475	0.27633	0.05856	0.03256	0.14408	0.00219	0.00361
18	0.00890	0.01425	0.05196	0.02457	0.31846	0.02029	0.14892	0.07060	0.01778	0.09027	0.01955	0.04365	0.00760	0.04790	0.00433	0.00119	0.01284	0.01307	0.07903	0.00484
19	0.00738	0.03301	0.11765	0.14626	0.03313	0.04722	0.17500	0.05535	0.00846	0.02832	0.14033	0.10043	0.04009	0.00511	0.00398	0.00116	0.02455	0.02600	0.00239	0.00418
20	0.00735	0.00678	0.01126	0.41027	0.28563	0.00773	0.03549	0.00941	0.00725	0.01012	0.00692	0.00991	0.00564	0.00374	0.00407	0.00113	0.07382	0.02066	0.07846	0.00436
21	0.14850	0.10414	0.02361	0.00790	0.03941	0.37921	0.00613	0.02348	0.00830	0.01038	0.07856	0.00875	0.01901	0.01714	0.00425	0.00106	0.11138	0.00276	0.00201	0.00401
22	0.00820	0.00785	0.01334	0.19658	0.66957	0.00822	0.01045	0.01030	0.00770	0.01084	0.00646	0.00876	0.00533	0.00324	0.00359	0.00107	0.01858	0.00311	0.00169	0.00516
23	0.00878	0.05359	0.00906	0.17296	0.02396	0.00775	0.02204	0.17606	0.20827	0.06615	0.18538	0.02857	0.01278	0.00482	0.00360	0.00111	0.00324	0.00407	0.00308	0.00473
24	0.43841	0.01149	0.08054	0.00689	0.00922	0.31476	0.00584	0.07556	0.00828	0.01319	0.00544	0.00625	0.00426	0.00345	0.00271	0.00101	0.00429	0.00217	0.00207	0.00416
25	0.37067	0.00628	0.00762	0.04687	0.11233	0.00671	0.05858	0.01014	0.06145	0.05157	0.18299	0.02815	0.03457	0.00446	0.00315	0.00110	0.00293	0.00365	0.00264	0.00412
26	0.00507	0.07859	0.00516	0.00421	0.00493	0.00409	0.00298	0.00572	0.00689	0.00887	0.12058	0.15272	0.23467	0.32018	0.00892	0.00197	0.00257	0.02631	0.00276	0.00281
27	0.00521	0.00413	0.00553	0.06684	0.07013	0.00400	0.00431	0.00675	0.03311	0.01836	0.27368	0.21594	0.22870	0.00786	0.00411	0.00121	0.00227	0.04127	0.00321	0.00340
28	0.00896	0.80430	0.01704	0.00578	0.00851	0.01291	0.00564	0.00999	0.00692	0.00809	0.00538	0.00708	0.00518	0.07802	0.00357	0.00097	0.00370	0.00214	0.00155	0.00427
29	0.00814	0.00778	0.01250	0.37293	0.42252	0.04698	0.03834	0.01027	0.00769	0.03026	0.00655	0.00891	0.00518	0.00331	0.00348	0.00109	0.00448	0.00311	0.00172	0.00475
30	0.00659	0.00620	0.01047	0.86899	0.02403	0.00775	0.00969	0.00891	0.00698	0.00891	0.00620	0.00930	0.00465	0.00349	0.00349	0.00116	0.00465	0.00310	0.00155	0.00388
31	0.00495	0.00467	0.07715	0.00429	0.00507	0.00365	0.00323	0.00556	0.00612	0.00794	0.01763	0.05278	0.24638	0.53205	0.01229	0.00251	0.00304	0.00566	0.00241	0.00263
32	0.82576	0.00701	0.00559	0.00488	0.00710	0.00808	0.00402	0.08180	0.00684	0.01620	0.00516	0.00590	0.00396	0.00332	0.00227	0.00108	0.00280	0.00200	0.00227	0.00396
33	0.00683	0.01601	0.72721	0.00987	0.05233	0.00757	0.01174	0.01050	0.00759	0.01127	0.07931	0.02956	0.00736	0.00381	0.00342	0.00111	0.00474	0.00310	0.00173	0.00496
34	0.07174	0.03733	0.00934	0.13429	0.09201	0.26316	0.00674	0.05719	0.00809	0.03368	0.00685	0.00903	0.00578	0.01969	0.18880	0.00204	0.04532	0.00290	0.00194	0.00408
35	0.01075	0.47616	0.01388	0.00681	0.00926	0.23745	0.00594	0.05408	0.00850	0.08193	0.00670	0.04640	0.00590	0.01897	0.00302	0.00091	0.00427	0.00260	0.00201	0.00445
36	0.01023	0.00836	0.02993	0.06679	0.12714	0.03934	0.01852	0.29987	0.05626	0.06983	0.01945	0.02483	0.00666	0.00379	0.00330	0.00095	0.00362	0.00311	0.01200	0.19602
37	0.07560	0.03896	0.03569	0.00872	0.07489	0.14211	0.05403	0.09659	0.16484	0.04110	0.08130	0.03077	0.00947	0.01362	0.00437	0.00115	0.08783	0.03175	0.00261	0.00459
38	0.00527	0.04361	0.00557	0.00570	0.00648	0.00404	0.00470	0.00652	0.00761	0.00982	0.01967	0.26569	0.09969	0.00961	0.00454	0.00147	0.00277	0.49095	0.00314	0.00314
39	0.01056	0.03937	0.08266	0.00788	0.01051	0.04272	0.04464	0.23212	0.37989	0.09557	0.01097	0.01053	0.00800	0.00424	0.00348	0.00110	0.00358	0.00345	0.00321	0.00551

[dist]
# distance from previous block
# <min> <max>
0	1

[block]
# block no. 2 follows, 80 sequences, length 16
# corresponding to MSA columns:
# 519-534
name=unknown_C
#
# <colnr> <probs for GDERKNQSTAVLIFYWHMCP>
#	G	D	E	R	K	N	Q	S	T	A	V	L	I	F	Y	W	H	M	C	P
0	0.00818	0.00794	0.13741	0.00657	0.02225	0.02420	0.01666	0.04166	0.04558	0.11546	0.06315	0.07520	0.03866	0.00434	0.00326	0.00089	0.00311	0.01730	0.00262	0.36555
1	0.00721	0.09793	0.78131	0.00958	0.01453	0.00863	0.01225	0.01099	0.00734	0.01079	0.00613	0.00720	0.00443	0.00328	0.00322	0.00107	0.00502	0.00251	0.00148	0.00509
2	0.04501	0.27409	0.43591	0.00837	0.01239	0.01019	0.02784	0.12706	0.00851	0.01192	0.00609	0.00695	0.00464	0.00333	0.00299	0.00099	0.00446	0.00245	0.00179	0.00500
3	0.00771	0.00718	0.01198	0.21671	0.55284	0.00751	0.00946	0.00975	0.00778	0.01091	0.04558	0.01085	0.04449	0.00367	0.00348	0.00107	0.00395	0.00344	0.03681	0.00484
4	0.00705	0.00422	0.00571	0.00593	0.00706	0.00401	0.00502	0.00850	0.00837	0.15222	0.05585	0.07229	0.10515	0.00862	0.00448	0.00144	0.00290	0.53414	0.00343	0.00363
5	0.00802	0.00596	0.04092	0.00607	0.00753	0.04308	0.00495	0.13087	0.02074	0.13386	0.03357	0.28210	0.10578	0.00774	0.00408	0.00128	0.00293	0.15321	0.00331	0.00401
6	0.00977	0.01026	0.25598	0.02549	0.13212	0.00707	0.17177	0.01231	0.00836	0.25121	0.00954	0.04086	0.00724	0.00402	0.00365	0.00113	0.00434	0.03724	0.00251	0.00516
7	0.00745	0.00618	0.01024	0.78692	0.02259	0.00750	0.00926	0.00968	0.00726	0.08968	0.00692	0.00955	0.00503	0.00357	0.00349	0.00115	0.00449	0.00314	0.00181	0.00407
8	0.00531	0.00397	0.00562	0.00511	0.00553	0.00397	0.08242	0.00577	0.00554	0.00748	0.01099	0.07756	0.01224	0.64233	0.10889	0.00329	0.00419	0.00516	0.00213	0.00252
9	0.01094	0.00687	0.03024	0.00699	0.02776	0.00687	0.00551	0.03181	0.40808	0.32868	0.01398	0.08562	0.01059	0.00502	0.00360	0.00116	0.00289	0.00422	0.00371	0.00545
10	0.00883	0.00585	0.00936	0.20921	0.07080	0.00590	0.09653	0.01083	0.03286	0.23495	0.09206	0.11516	0.02828	0.00538	0.00383	0.00119	0.00351	0.05811	0.00293	0.00444
11	0.00740	0.01581	0.69429	0.09133	0.01532	0.00796	0.01183	0.04713	0.00778	0.03537	0.00691	0.03113	0.00513	0.00360	0.00338	0.00112	0.00490	0.00288	0.00170	0.00503
12	0.09293	0.00729	0.01149	0.41113	0.20899	0.00818	0.08116	0.07450	0.03736	0.01153	0.00709	0.00922	0.01721	0.00350	0.00342	0.00112	0.00429	0.00317	0.00191	0.00452
13	0.00742	0.00751	0.03014	0.09353	0.11757	0.00720	0.36083	0.05830	0.00850	0.01146	0.06558	0.07472	0.07120	0.00484	0.00400	0.00119	0.00438	0.06498	0.00229	0.00435
14	0.01873	0.01666	0.01155	0.35714	0.29470	0.00818	0.02998	0.10119	0.03439	0.02739	0.01829	0.01002	0.03286	0.00374	0.00364	0.00111	0.02037	0.00331	0.00203	0.00472
15	0.07740	0.00748	0.02644	0.08988	0.14098	0.05356	0.14079	0.04285	0.03202	0.12916	0.02078	0.12053	0.04838	0.00506	0.01189	0.00120	0.04028	0.00431	0.00251	0.00451

[dist]
# distance from previous block
# <min> <max>
1	8

[block]
# block no. 3 follows, 80 sequences, length 7
# corresponding to MSA columns:
# 548-554
name=unknown_D
#
# <colnr> <probs for GDERKNQSTAVLIFYWHMCP>
#	G	D	E	R	K	N	Q	S	T	A	V	L	I	F	Y	W	H	M	C	P
0	0.05787	0.00846	0.01174	0.07637	0.49842	0.06176	0.00882	0.03798	0.18020	0.01226	0.00799	0.00926	0.00636	0.00354	0.00339	0.00107	0.00394	0.00316	0.00217	0.00523
1	0.11974	0.02520	0.05976	0.07656	0.24890	0.21324	0.03053	0.07045	0.02444	0.05937	0.00709	0.00894	0.00570	0.00367	0.00327	0.00105	0.00447	0.03077	0.00212	0.00474
2	0.05781	0.04942	0.02929	0.00790	0.03618	0.13888	0.00634	0.42314	0.03555	0.07445	0.02475	0.01039	0.04964	0.00440	0.00351	0.00105	0.01838	0.02079	0.00299	0.00514
3	0.00687	0.00790	0.18102	0.00764	0.07030	0.04861	0.03462	0.00873	0.00817	0.08048	0.12018	0.14142	0.16355	0.00663	0.00393	0.00120	0.00329	0.09864	0.00281	0.00400
4	0.00489	0.00338	0.00418	0.00435	0.00450	0.00345	0.00275	0.00524	0.00550	0.00745	0.01238	0.19545	0.01409	0.54577	0.16849	0.00338	0.00419	0.00582	0.00230	0.00244
5	0.01106	0.15092	0.01026	0.00754	0.00949	0.44208	0.00595	0.05395	0.09550	0.05347	0.09392	0.03412	0.00884	0.00425	0.00321	0.00096	0.00464	0.00310	0.00239	0.00434
6	0.00605	0.00582	0.00524	0.00570	0.00623	0.17880	0.00396	0.00671	0.00734	0.00883	0.01640	0.69744	0.01928	0.00943	0.00419	0.00131	0.00290	0.00835	0.00294	0.00308

[dist]
# distance from previous block
# <min> <max>
47	79

[block]
# block no. 4 follows, 80 sequences, length 20
# corresponding to MSA columns:
# 686-705
name=unknown_E
#
# <colnr> <probs for GDERKNQSTAVLIFYWHMCP>
#	G	D	E	R	K	N	Q	S	T	A	V	L	I	F	Y	W	H	M	C	P
0	0.14357	0.00757	0.00982	0.24774	0.17689	0.03469	0.01614	0.10920	0.12295	0.05147	0.00799	0.02525	0.00620	0.00379	0.00329	0.00109	0.00380	0.00315	0.00235	0.02306
1	0.02104	0.02033	0.15743	0.05234	0.25160	0.00732	0.00826	0.01235	0.10012	0.17215	0.02150	0.00953	0.00675	0.00367	0.00361	0.00103	0.03423	0.00308	0.00243	0.11123
2	0.00865	0.00851	0.04664	0.09220	0.53141	0.00833	0.08638	0.09241	0.03138	0.01219	0.00747	0.03131	0.00625	0.00359	0.00357	0.00109	0.00425	0.01713	0.00199	0.00523
3	0.04647	0.05406	0.01045	0.00894	0.09312	0.04463	0.00665	0.47684	0.19219	0.01787	0.00900	0.00906	0.00668	0.00408	0.00337	0.00105	0.00369	0.00316	0.00311	0.00557
4	0.00726	0.00686	0.01140	0.49744	0.29245	0.00794	0.00955	0.00930	0.00710	0.00959	0.00641	0.00955	0.00528	0.04111	0.00464	0.00124	0.06373	0.00318	0.00163	0.00433
5	0.00918	0.00873	0.07399	0.15389	0.31158	0.03654	0.17006	0.01149	0.01671	0.13074	0.00773	0.01854	0.00588	0.00352	0.00379	0.00111	0.02606	0.00337	0.00209	0.00501
6	0.00829	0.18651	0.52372	0.04257	0.01350	0.05409	0.02345	0.01161	0.04163	0.05401	0.00665	0.00753	0.00493	0.00337	0.00313	0.00103	0.00472	0.00257	0.00173	0.00496
7	0.00600	0.00391	0.00522	0.03220	0.04251	0.00367	0.00381	0.00708	0.00804	0.10009	0.27432	0.29288	0.10414	0.09335	0.00545	0.00143	0.00229	0.00690	0.00331	0.00339
8	0.00472	0.00371	0.00436	0.00465	0.00565	0.00338	0.00377	0.00585	0.00785	0.00970	0.02790	0.03492	0.50652	0.03078	0.02694	0.00150	0.00253	0.30906	0.00317	0.00303
9	0.00879	0.25111	0.29128	0.02936	0.16341	0.00964	0.04618	0.02885	0.05206	0.06818	0.00691	0.00787	0.00533	0.00337	0.00320	0.00100	0.01381	0.00271	0.00188	0.00506
10	0.00754	0.06683	0.67164	0.01045	0.03757	0.04310	0.09306	0.01113	0.00755	0.01081	0.00623	0.00745	0.00454	0.00327	0.00333	0.00108	0.00516	0.00269	0.00152	0.00504
11	0.00452	0.00333	0.00426	0.00468	0.00524	0.00307	0.00338	0.00551	0.00777	0.01034	0.22007	0.46242	0.15789	0.00958	0.00435	0.00132	0.00200	0.08391	0.00338	0.00300
12	0.00418	0.00354	0.00361	0.00359	0.00475	0.00297	0.00269	0.00511	0.00808	0.00973	0.09000	0.03308	0.79935	0.00872	0.00412	0.00117	0.00176	0.00729	0.00328	0.00297
13	0.01376	0.00615	0.02995	0.00632	0.00882	0.00529	0.01800	0.03357	0.02730	0.68003	0.08220	0.03354	0.01972	0.00473	0.00368	0.00110	0.01232	0.00391	0.00407	0.00555
14	0.00785	0.02802	0.23866	0.03418	0.53451	0.00794	0.01062	0.01032	0.00766	0.01101	0.00738	0.07243	0.00649	0.00375	0.00347	0.00108	0.00426	0.00345	0.00176	0.00517
15	0.01255	0.00953	0.01074	0.00828	0.01103	0.01051	0.04956	0.72009	0.09775	0.02071	0.00888	0.00889	0.00636	0.00418	0.00353	0.00107	0.00384	0.00327	0.00341	0.00583
16	0.00864	0.00829	0.01416	0.02142	0.85561	0.00829	0.01071	0.01071	0.00794	0.01140	0.00656	0.00864	0.00553	0.00311	0.00345	0.00104	0.00415	0.00311	0.00173	0.00553
17	0.00737	0.00689	0.03074	0.08985	0.21166	0.00666	0.22245	0.00934	0.02485	0.04613	0.00984	0.12697	0.00946	0.12763	0.01765	0.00156	0.01213	0.03245	0.00217	0.00421
18	0.00736	0.02944	0.13724	0.20941	0.06018	0.00772	0.09017	0.00938	0.00683	0.05855	0.00725	0.02262	0.00604	0.01757	0.15984	0.00203	0.15904	0.00335	0.00181	0.00419
19	0.00843	0.00809	0.01380	0.10462	0.77398	0.00824	0.01061	0.01053	0.00785	0.01116	0.00653	0.00870	0.00544	0.00315	0.00346	0.00105	0.00419	0.00311	0.00171	0.00536

[dist]
# distance from previous block
# <min> <max>
0	1

[block]
# block no. 5 follows, 80 sequences, length 32
# corresponding to MSA columns:
# 707-716,719-728,731-742
name=unknown_F
#
# <colnr> <probs for GDERKNQSTAVLIFYWHMCP>
#	G	D	E	R	K	N	Q	S	T	A	V	L	I	F	Y	W	H	M	C	P
0	0.02111	0.00603	0.01997	0.10374	0.01052	0.03623	0.12382	0.00883	0.00689	0.10220	0.00973	0.09508	0.00901	0.07045	0.25528	0.00266	0.08854	0.02391	0.00223	0.00378
1	0.00731	0.06712	0.64827	0.03252	0.01493	0.02682	0.10623	0.01085	0.00747	0.01072	0.00664	0.03353	0.00509	0.00349	0.00338	0.00110	0.00507	0.00294	0.00157	0.00494
2	0.00685	0.00650	0.01091	0.67829	0.14163	0.00776	0.02250	0.00905	0.00712	0.00931	0.00725	0.01001	0.03474	0.00369	0.00375	0.00116	0.03047	0.00327	0.00164	0.00409
3	0.00854	0.00917	0.01944	0.01515	0.11045	0.00863	0.72142	0.01133	0.00826	0.04106	0.00724	0.00941	0.00544	0.00301	0.00402	0.00116	0.00559	0.00398	0.00185	0.00484
4	0.00923	0.00686	0.01046	0.02401	0.31386	0.01955	0.06504	0.06162	0.04280	0.16626	0.04759	0.09902	0.02857	0.00515	0.00378	0.00116	0.00356	0.08379	0.00280	0.00489
5	0.01990	0.03609	0.18364	0.02383	0.01182	0.00672	0.17504	0.03068	0.02027	0.30939	0.04343	0.03690	0.05196	0.00446	0.00366	0.00113	0.00394	0.02927	0.00290	0.00499
6	0.00777	0.00753	0.01321	0.24155	0.44780	0.00795	0.11442	0.00988	0.00757	0.01048	0.02681	0.00992	0.00621	0.04224	0.00444	0.00121	0.03114	0.00340	0.00175	0.00473
7	0.04144	0.16801	0.54495	0.02180	0.01351	0.02863	0.05875	0.01118	0.00750	0.05071	0.00653	0.00782	0.00490	0.00339	0.00316	0.00105	0.00474	0.01532	0.00169	0.00492
8	0.02165	0.17306	0.25040	0.01162	0.18585	0.03483	0.13279	0.02604	0.00801	0.07598	0.00766	0.00912	0.02526	0.00350	0.00331	0.00104	0.00448	0.01850	0.00192	0.00497
9	0.03245	0.26578	0.03617	0.07247	0.00973	0.04310	0.00587	0.04796	0.13679	0.11752	0.05812	0.09148	0.01026	0.00491	0.00328	0.00106	0.00337	0.05248	0.00268	0.00453
10	0.00741	0.13687	0.27605	0.00790	0.01075	0.04600	0.09338	0.04634	0.01947	0.02650	0.06137	0.12738	0.05660	0.03338	0.03428	0.00133	0.00421	0.00428	0.00220	0.00430
11	0.00851	0.39508	0.33854	0.00869	0.05012	0.05939	0.03927	0.01111	0.03199	0.00981	0.01510	0.00703	0.00502	0.00325	0.00288	0.00094	0.00447	0.00241	0.00161	0.00479
12	0.00574	0.03547	0.05603	0.03292	0.00798	0.01718	0.08695	0.00696	0.00727	0.04673	0.03837	0.54479	0.05221	0.00857	0.00418	0.00131	0.00285	0.03813	0.00292	0.00343
13	0.00695	0.00617	0.00781	0.30372	0.01327	0.00709	0.00633	0.01223	0.37255	0.01149	0.01612	0.01628	0.19517	0.00521	0.00366	0.00118	0.00319	0.00441	0.00279	0.00438
14	0.01836	0.15435	0.55177	0.00905	0.01312	0.00885	0.04664	0.01074	0.00737	0.03582	0.01651	0.00912	0.00571	0.00379	0.00371	0.00110	0.05330	0.04416	0.00170	0.00484
15	0.02208	0.09009	0.19560	0.06565	0.29913	0.06080	0.12418	0.02584	0.03104	0.02271	0.01609	0.00870	0.01584	0.00337	0.00339	0.00105	0.00459	0.00306	0.00181	0.00498
16	0.00452	0.00312	0.00414	0.00485	0.00515	0.00290	0.00327	0.00517	0.00684	0.02857	0.03575	0.82233	0.03902	0.01066	0.00442	0.00140	0.00203	0.00965	0.00328	0.00292
17	0.00947	0.84742	0.01797	0.00608	0.00902	0.04537	0.00600	0.01058	0.00719	0.00822	0.00487	0.00562	0.00448	0.00301	0.00227	0.00075	0.00383	0.00188	0.00150	0.00446
18	0.04380	0.19986	0.09728	0.01160	0.21618	0.07947	0.10562	0.10453	0.03348	0.05467	0.00700	0.00830	0.00555	0.00344	0.00321	0.00100	0.00433	0.01358	0.00208	0.00501
19	0.06872	0.32812	0.30435	0.00884	0.06865	0.10772	0.02777	0.01123	0.00758	0.02970	0.00577	0.00673	0.00460	0.00322	0.00286	0.00095	0.00450	0.00233	0.00165	0.00472
20	0.00530	0.00326	0.00433	0.00449	0.00464	0.00325	0.00297	0.00504	0.00543	0.00726	0.02148	0.15921	0.02804	0.29326	0.07423	0.32896	0.00340	0.04114	0.00215	0.00216
21	0.06826	0.08882	0.09499	0.05989	0.26221	0.12400	0.01868	0.07584	0.00868	0.09033	0.00688	0.00795	0.00531	0.00337	0.00316	0.00098	0.00420	0.00272	0.00211	0.07161
22	0.02561	0.47663	0.22327	0.00756	0.03104	0.02821	0.02152	0.04521	0.00778	0.06344	0.00650	0.03735	0.00547	0.00350	0.00279	0.00091	0.00406	0.00256	0.00184	0.00475
23	0.00435	0.00337	0.00391	0.00413	0.00488	0.00299	0.00294	0.00524	0.00777	0.00997	0.17538	0.30634	0.40283	0.04375	0.00477	0.00133	0.00189	0.00792	0.00330	0.00294
24	0.00644	0.00591	0.01051	0.11349	0.01193	0.00606	0.25360	0.02599	0.00742	0.00992	0.01207	0.21574	0.01262	0.07042	0.00577	0.01525	0.05021	0.16061	0.00240	0.00363
25	0.08108	0.08420	0.05161	0.00748	0.02951	0.03501	0.06069	0.20107	0.06979	0.11530	0.00866	0.00974	0.01269	0.01112	0.01420	0.00104	0.00364	0.02837	0.00270	0.17210
26	0.00565	0.02851	0.17245	0.00603	0.00753	0.00462	0.00547	0.00750	0.04421	0.03611	0.07057	0.43588	0.04253	0.04765	0.00471	0.00139	0.00286	0.06990	0.00288	0.00357
27	0.00467	0.04174	0.00482	0.00484	0.00539	0.00349	0.00350	0.00551	0.00725	0.00952	0.09961	0.56263	0.11961	0.02652	0.00458	0.00139	0.00217	0.08660	0.00320	0.00298
28	0.02299	0.00683	0.01612	0.17522	0.05068	0.06592	0.03161	0.08339	0.01570	0.18446	0.05149	0.04533	0.00947	0.05405	0.06956	0.00160	0.03582	0.05586	0.00269	0.02121
29	0.14482	0.00829	0.06548	0.04194	0.09398	0.04596	0.01627	0.14101	0.07923	0.09802	0.02065	0.01141	0.02394	0.01618	0.00441	0.00118	0.09852	0.05503	0.00824	0.02543
30	0.00878	0.00729	0.00903	0.05889	0.14238	0.05982	0.02904	0.15924	0.09213	0.05765	0.12746	0.04473	0.05875	0.00515	0.00386	0.00110	0.02348	0.05353	0.00288	0.05479
31	0.03027	0.06903	0.06928	0.05416	0.12072	0.04801	0.12376	0.02807	0.15273	0.05866	0.03835	0.01024	0.01902	0.00373	0.00341	0.00100	0.01193	0.01098	0.00235	0.14427

[dist]
# distance from previous block
# <min> <max>
8	62

[block]
# block no. 6 follows, 80 sequences, length 14
# corresponding to MSA columns:
# 806-819
name=unknown_G
#
# <colnr> <probs for GDERKNQSTAVLIFYWHMCP>
#	G	D	E	R	K	N	Q	S	T	A	V	L	I	F	Y	W	H	M	C	P
0	0.02407	0.15545	0.24672	0.00852	0.08346	0.02107	0.03324	0.02564	0.03601	0.06222	0.04036	0.03703	0.00705	0.00442	0.03329	0.00110	0.00402	0.00298	0.00208	0.17128
1	0.02229	0.32149	0.02782	0.03537	0.25041	0.02621	0.02235	0.06611	0.07757	0.01093	0.00852	0.03672	0.04857	0.00411	0.01396	0.00102	0.00380	0.00313	0.00204	0.01758
2	0.00928	0.28400	0.32666	0.00843	0.05041	0.04080	0.00865	0.07881	0.02451	0.07981	0.00673	0.00738	0.00512	0.00335	0.00297	0.00095	0.00424	0.00249	0.00197	0.05345
3	0.00499	0.00370	0.00540	0.00540	0.00595	0.00425	0.00410	0.00610	0.00555	0.00795	0.00954	0.01476	0.00918	0.12461	0.76574	0.00535	0.00866	0.00389	0.00190	0.00300
4	0.00960	0.81599	0.01767	0.00619	0.00909	0.07632	0.00603	0.01070	0.00730	0.00823	0.00489	0.00565	0.00448	0.00303	0.00231	0.00076	0.00392	0.00189	0.00151	0.00445
5	0.00665	0.00648	0.04761	0.06883	0.07349	0.03058	0.08685	0.04637	0.04204	0.01111	0.10132	0.07337	0.15405	0.00661	0.00456	0.00126	0.06163	0.17058	0.00271	0.00389
6	0.00754	0.00561	0.00850	0.20974	0.11445	0.00594	0.03689	0.01944	0.06142	0.11641	0.02548	0.19405	0.03987	0.03393	0.00451	0.00131	0.02349	0.08461	0.00270	0.00412
7	0.00484	0.00347	0.00458	0.00476	0.00537	0.00326	0.00353	0.00612	0.00853	0.01178	0.47248	0.26827	0.02760	0.04504	0.00488	0.00135	0.00203	0.11549	0.00352	0.00310
8	0.00746	0.00684	0.01123	0.44428	0.31450	0.00769	0.00936	0.04604	0.00766	0.01033	0.00711	0.01061	0.00593	0.02658	0.03996	0.00137	0.00455	0.03227	0.00178	0.00445
9	0.00815	0.01395	0.48332	0.01154	0.05576	0.00832	0.24985	0.04873	0.02589	0.05068	0.00711	0.00839	0.00512	0.00331	0.00357	0.00112	0.00511	0.00314	0.00183	0.00512
10	0.00523	0.00335	0.00450	0.00511	0.00556	0.00312	0.00362	0.00599	0.00706	0.07154	0.01875	0.72833	0.02172	0.01032	0.00442	0.00141	0.00221	0.09135	0.00332	0.00310
11	0.11649	0.00713	0.00978	0.06209	0.11070	0.05233	0.11827	0.01253	0.07439	0.26169	0.03204	0.05471	0.05107	0.00443	0.00348	0.00111	0.00357	0.00387	0.01551	0.00480
12	0.00570	0.00443	0.00642	0.06919	0.00761	0.00459	0.07573	0.03580	0.02006	0.00875	0.01200	0.15955	0.01301	0.38787	0.10758	0.00271	0.00414	0.06954	0.00236	0.00297
13	0.00880	0.47368	0.35840	0.00760	0.01144	0.01093	0.00872	0.01112	0.00739	0.06457	0.00600	0.00672	0.00472	0.00321	0.00276	0.00091	0.00426	0.00226	0.00167	0.00485

[dist]
# distance from previous block
# <min> <max>
2	4

[block]
# block no. 7 follows, 80 sequences, length 32
# corresponding to MSA columns:
# 825-856
name=unknown_H
#
# <colnr> <probs for GDERKNQSTAVLIFYWHMCP>
#	G	D	E	R	K	N	Q	S	T	A	V	L	I	F	Y	W	H	M	C	P
0	0.29829	0.00667	0.00738	0.00589	0.00838	0.00675	0.00485	0.13309	0.00961	0.44243	0.03649	0.00983	0.00746	0.00404	0.00309	0.00108	0.00297	0.00303	0.00349	0.00516
1	0.00909	0.00800	0.04913	0.01173	0.18470	0.02893	0.22214	0.04021	0.08187	0.13470	0.09676	0.01386	0.01865	0.00444	0.00393	0.00115	0.01813	0.06504	0.00266	0.00488
2	0.00835	0.00599	0.00720	0.00527	0.00816	0.00463	0.00423	0.00988	0.00782	0.13877	0.06291	0.00917	0.00751	0.00314	0.00282	0.00064	0.00258	0.00256	0.00252	0.70584
3	0.02907	0.00805	0.00925	0.00782	0.03897	0.00870	0.02198	0.37625	0.23966	0.15290	0.01932	0.02352	0.00842	0.00451	0.00353	0.00111	0.00334	0.02058	0.01747	0.00558
4	0.00902	0.53849	0.26510	0.00743	0.01095	0.08636	0.00808	0.02233	0.00754	0.00926	0.00536	0.00622	0.00448	0.00315	0.00265	0.00087	0.00438	0.00213	0.00154	0.00466
5	0.00755	0.00669	0.01124	0.61896	0.22506	0.00775	0.00970	0.00977	0.00737	0.05316	0.00668	0.00927	0.00507	0.00344	0.00348	0.00113	0.00444	0.00312	0.00174	0.00438
6	0.00705	0.00568	0.00714	0.00667	0.00804	0.00606	0.05423	0.06355	0.31839	0.02303	0.04595	0.28097	0.02636	0.00732	0.00406	0.00130	0.00280	0.12385	0.00331	0.00424
7	0.00847	0.00815	0.01392	0.02068	0.81058	0.00812	0.02630	0.01052	0.00795	0.01133	0.00756	0.00950	0.03452	0.00330	0.00349	0.00104	0.00410	0.00327	0.00178	0.00542
8	0.00982	0.00829	0.00852	0.00733	0.00951	0.03828	0.00578	0.20223	0.61831	0.01597	0.01244	0.01164	0.00928	0.00453	0.00350	0.00113	0.00312	0.00367	0.00345	0.02319
9	0.02222	0.15049	0.52468	0.00926	0.05572	0.00851	0.02735	0.01119	0.00757	0.07617	0.01707	0.00774	0.00522	0.00332	0.00313	0.00101	0.00449	0.00260	0.00179	0.06046
10	0.00781	0.14728	0.67184	0.00937	0.02722	0.02275	0.01141	0.01123	0.00748	0.04384	0.00633	0.00728	0.00461	0.00331	0.00316	0.00105	0.00486	0.00251	0.00160	0.00507
11	0.00719	0.04287	0.76164	0.01058	0.05822	0.00831	0.04148	0.01102	0.00742	0.01099	0.00626	0.00745	0.00451	0.00328	0.00332	0.00109	0.00509	0.00264	0.00150	0.00514
12	0.00559	0.00479	0.01703	0.02538	0.17376	0.00444	0.02726	0.00692	0.01950	0.02339	0.06569	0.32808	0.24460	0.00793	0.00409	0.00124	0.00261	0.03119	0.00290	0.00362
13	0.01265	0.00710	0.06385	0.02329	0.06542	0.04395	0.02328	0.01423	0.00932	0.55778	0.03615	0.04060	0.05367	0.00477	0.00360	0.00110	0.00331	0.02701	0.00361	0.00531
14	0.02408	0.00917	0.15313	0.07180	0.36537	0.01699	0.06914	0.01100	0.00787	0.12013	0.01935	0.04970	0.00687	0.00444	0.02611	0.00122	0.03299	0.00349	0.00211	0.00503
15	0.00710	0.04518	0.76306	0.01012	0.02801	0.00822	0.05101	0.01091	0.00739	0.01093	0.00651	0.02440	0.00484	0.00343	0.00334	0.00110	0.00507	0.00278	0.00153	0.00507
16	0.02342	0.01510	0.62769	0.06696	0.01489	0.01734	0.05837	0.01122	0.00750	0.07474	0.00684	0.00802	0.00487	0.00384	0.01775	0.00119	0.03074	0.00279	0.00173	0.00500
17	0.00964	0.02907	0.14801	0.13845	0.21507	0.00777	0.12628	0.06386	0.00873	0.18270	0.03090	0.00968	0.00656	0.00359	0.00353	0.00109	0.00429	0.00331	0.00235	0.00513
18	0.01657	0.03634	0.49790	0.07489	0.09465	0.00792	0.05553	0.02468	0.03317	0.08943	0.00793	0.01614	0.02211	0.00360	0.00340	0.00110	0.00461	0.00302	0.00193	0.00507
19	0.00769	0.00730	0.01207	0.40930	0.37969	0.01749	0.02777	0.02924	0.00765	0.01035	0.00683	0.02527	0.00567	0.00362	0.00368	0.00112	0.02143	0.01745	0.00174	0.00462
20	0.00468	0.00357	0.00511	0.04767	0.03964	0.00346	0.01778	0.00553	0.00688	0.00915	0.01826	0.71456	0.04164	0.01000	0.00438	0.00139	0.00236	0.05782	0.00307	0.00305
21	0.00749	0.01088	0.28425	0.11364	0.24415	0.00781	0.14451	0.02271	0.00776	0.01094	0.02972	0.02028	0.03418	0.00387	0.00389	0.01752	0.01757	0.01224	0.00179	0.00479
22	0.00853	0.05090	0.17901	0.09212	0.47211	0.00833	0.06882	0.01099	0.00784	0.05844	0.00683	0.00854	0.00534	0.00323	0.00342	0.00106	0.00442	0.00304	0.00180	0.00522
23	0.00540	0.00376	0.00567	0.00577	0.00641	0.00350	0.06839	0.00622	0.00702	0.06299	0.01756	0.69016	0.02019	0.00986	0.00463	0.02524	0.00247	0.04845	0.00315	0.00316
24	0.00700	0.01805	0.85930	0.00994	0.01510	0.00810	0.01289	0.01105	0.00737	0.01105	0.00626	0.00737	0.00442	0.00331	0.00331	0.00110	0.00516	0.00258	0.00147	0.00516
25	0.01006	0.01759	0.16326	0.09445	0.14813	0.05916	0.11522	0.02670	0.01757	0.23821	0.02400	0.04121	0.00738	0.00400	0.00357	0.00110	0.00425	0.01654	0.00253	0.00504
26	0.00902	0.25541	0.21317	0.05969	0.12967	0.00931	0.12336	0.01129	0.00777	0.11298	0.01692	0.00847	0.00571	0.01865	0.00344	0.00104	0.00435	0.00289	0.00194	0.00490
27	0.00667	0.00628	0.01060	0.83729	0.05514	0.00777	0.00973	0.00898	0.00701	0.00901	0.00622	0.00928	0.00468	0.00347	0.00349	0.00116	0.00463	0.00310	0.00156	0.00394
28	0.00504	0.00418	0.00661	0.05645	0.03442	0.00403	0.09577	0.00614	0.00713	0.00946	0.03631	0.58428	0.07409	0.00909	0.00432	0.00135	0.00270	0.05245	0.00294	0.00322
29	0.00908	0.08633	0.04466	0.29644	0.15903	0.02807	0.07411	0.02806	0.00797	0.15571	0.00809	0.04265	0.00638	0.01914	0.00383	0.00113	0.01906	0.00340	0.00219	0.00466
30	0.00655	0.00621	0.01054	0.80836	0.02312	0.00761	0.03699	0.00884	0.00705	0.00901	0.00732	0.01021	0.03645	0.00367	0.00353	0.00116	0.00458	0.00329	0.00162	0.00387
31	0.00593	0.00402	0.00552	0.00615	0.00697	0.00396	0.00525	0.00739	0.00791	0.04587	0.01833	0.06478	0.04095	0.05711	0.00544	0.00166	0.00314	0.70317	0.00320	0.00325

[dist]
# distance from previous block
# <min> <max>
59	281

[block]
# block no. 8 follows, 80 sequences, length 13
# corresponding to MSA columns:
# 1250-1259,1267-1269
name=unknown_I
#
# <colnr> <probs for GDERKNQSTAVLIFYWHMCP>
#	G	D	E	R	K	N	Q	S	T	A	V	L	I	F	Y	W	H	M	C	P
0	0.07559	0.00448	0.00540	0.00544	0.05612	0.00437	0.00390	0.02310	0.00830	0.16302	0.14415	0.05405	0.04441	0.00522	0.00321	0.00102	0.00223	0.04342	0.34863	0.00392
1	0.00796	0.00650	0.00750	0.00552	0.00850	0.00534	0.00442	0.05929	0.07153	0.03871	0.00717	0.00789	0.00574	0.00290	0.00274	0.00062	0.00268	0.00232	0.00233	0.75035
2	0.02485	0.06290	0.27705	0.05060	0.08028	0.04781	0.11277	0.04275	0.03261	0.07788	0.01736	0.03155	0.01966	0.03606	0.00457	0.00120	0.06999	0.00333	0.00205	0.00473
3	0.01032	0.04120	0.04160	0.00766	0.02304	0.08949	0.00622	0.29750	0.32175	0.01583	0.03827	0.01087	0.02150	0.00445	0.00361	0.00108	0.02407	0.00346	0.03284	0.00524
4	0.05934	0.00593	0.03194	0.00694	0.00755	0.00707	0.01770	0.00745	0.00594	0.00914	0.03606	0.04170	0.04718	0.07274	0.23429	0.00264	0.35898	0.02347	0.02049	0.00345
5	0.02094	0.17263	0.44764	0.00888	0.03419	0.03142	0.02521	0.08032	0.07190	0.04813	0.00708	0.00776	0.00526	0.00346	0.00314	0.00102	0.00445	0.00265	0.00196	0.02196
6	0.03660	0.13441	0.41906	0.00906	0.02274	0.05333	0.04721	0.07946	0.01873	0.04435	0.00662	0.00798	0.00509	0.00375	0.00395	0.00109	0.08411	0.01571	0.00187	0.00489
7	0.00500	0.00352	0.00425	0.00457	0.00481	0.00352	0.00292	0.00597	0.06963	0.00833	0.01489	0.41655	0.01712	0.38066	0.01038	0.03262	0.00269	0.00716	0.00272	0.00269
8	0.00648	0.00670	0.07496	0.02854	0.17125	0.00612	0.08839	0.03465	0.02727	0.01053	0.04061	0.29869	0.07684	0.00680	0.00465	0.00126	0.07907	0.03067	0.00252	0.00402
9	0.02801	0.08891	0.21732	0.00989	0.10187	0.06684	0.09145	0.09950	0.09915	0.05186	0.04674	0.00986	0.01788	0.02117	0.00381	0.00110	0.02074	0.00322	0.00229	0.01840
10	0.00543	0.02123	0.03702	0.00556	0.00647	0.00466	0.02005	0.02966	0.05452	0.01014	0.08835	0.35550	0.16797	0.04515	0.02531	0.00149	0.06824	0.04693	0.00298	0.00335
11	0.00500	0.00350	0.00449	0.00493	0.00546	0.00332	0.00348	0.00625	0.04624	0.03720	0.12856	0.58162	0.07059	0.03041	0.00466	0.00140	0.00212	0.05431	0.00334	0.00313
12	0.03297	0.09818	0.07859	0.06361	0.19436	0.03784	0.11654	0.16978	0.05117	0.06126	0.00836	0.02784	0.02228	0.00378	0.00340	0.00105	0.00415	0.00331	0.01651	0.00504

[dist]
# distance from previous block
# <min> <max>
4	7

[block]
# block no. 9 follows, 80 sequences, length 16
# corresponding to MSA columns:
# 1277-1281,1284-1294
name=unknown_J
#
# <colnr> <probs for GDERKNQSTAVLIFYWHMCP>
#	G	D	E	R	K	N	Q	S	T	A	V	L	I	F	Y	W	H	M	C	P
0	0.00880	0.23309	0.23290	0.00964	0.07774	0.09594	0.08202	0.05310	0.02086	0.01902	0.00627	0.00768	0.00510	0.00492	0.05661	0.00130	0.07587	0.00271	0.00175	0.00468
1	0.00774	0.00735	0.03105	0.01017	0.04977	0.00751	0.30080	0.01025	0.07841	0.06265	0.05224	0.11130	0.03817	0.01865	0.00561	0.00128	0.17221	0.00466	0.02587	0.00430
2	0.02285	0.00637	0.02974	0.05476	0.00899	0.00585	0.00508	0.10647	0.02937	0.07033	0.02320	0.12652	0.04043	0.00518	0.02040	0.00102	0.05989	0.00385	0.02168	0.35802
3	0.00729	0.02995	0.09252	0.02785	0.05936	0.04743	0.02562	0.04105	0.20400	0.02806	0.15757	0.10109	0.10887	0.00577	0.00378	0.00113	0.01347	0.00491	0.03594	0.00431
4	0.00576	0.00414	0.00525	0.00489	0.00578	0.00416	0.00376	0.00696	0.00827	0.07001	0.35569	0.03867	0.24086	0.05387	0.06608	0.00162	0.08976	0.02788	0.00323	0.00335
5	0.00465	0.00363	0.00424	0.00415	0.00511	0.00328	0.00309	0.00615	0.03487	0.01166	0.41323	0.09907	0.37805	0.00809	0.00413	0.00116	0.00176	0.00698	0.00353	0.00318
6	0.04150	0.09013	0.14365	0.04843	0.24864	0.00861	0.21240	0.05299	0.00809	0.04361	0.00695	0.00871	0.00545	0.00472	0.05984	0.00136	0.00493	0.00317	0.00188	0.00492
7	0.00778	0.08372	0.03416	0.58154	0.13186	0.03378	0.00927	0.02969	0.00754	0.03913	0.00642	0.00882	0.00491	0.00344	0.00336	0.00109	0.00449	0.00297	0.00172	0.00431
8	0.00458	0.00369	0.00419	0.00431	0.00531	0.00338	0.00329	0.00593	0.03984	0.00993	0.09295	0.12914	0.52315	0.01001	0.06057	0.00153	0.00247	0.08942	0.00321	0.00310
9	0.00579	0.00520	0.00777	0.25097	0.02802	0.00541	0.08911	0.00797	0.06291	0.01025	0.06780	0.05536	0.33377	0.00610	0.00382	0.00116	0.00310	0.00537	0.04649	0.00363
10	0.00935	0.00843	0.07163	0.05804	0.42740	0.02981	0.03894	0.01173	0.04986	0.14392	0.04445	0.01020	0.01561	0.00384	0.00403	0.00110	0.06082	0.00336	0.00229	0.00518
11	0.02769	0.00525	0.00641	0.04947	0.00790	0.00549	0.02430	0.07608	0.17547	0.11580	0.03010	0.26442	0.01319	0.00623	0.00358	0.00115	0.00258	0.00540	0.17527	0.00420
12	0.00791	0.00825	0.00772	0.00717	0.00804	0.25267	0.00555	0.00925	0.04002	0.00847	0.00766	0.01095	0.00706	0.05853	0.39109	0.00326	0.15773	0.00327	0.00187	0.00355
13	0.00856	0.04201	0.01335	0.01072	0.05302	0.00967	0.22381	0.01060	0.06197	0.07151	0.00663	0.00873	0.00550	0.00480	0.00770	0.00133	0.45035	0.00338	0.00193	0.00442
14	0.04029	0.00587	0.00692	0.00527	0.00785	0.00485	0.00417	0.02043	0.02236	0.03512	0.03325	0.02204	0.00673	0.00500	0.05976	0.04112	0.01297	0.00257	0.00221	0.66124
15	0.06676	0.00879	0.01091	0.08323	0.25342	0.03447	0.00775	0.37182	0.08480	0.03193	0.00798	0.00877	0.00599	0.00379	0.00339	0.00106	0.00389	0.00310	0.00271	0.00542

[dist]
# distance from previous block
# <min> <max>
0	2

[block]
# block no. 10 follows, 80 sequences, length 21
# corresponding to MSA columns:
# 1297-1317
name=unknown_K
#
# <colnr> <probs for GDERKNQSTAVLIFYWHMCP>
#	G	D	E	R	K	N	Q	S	T	A	V	L	I	F	Y	W	H	M	C	P
0	0.15793	0.04476	0.29138	0.00804	0.03798	0.04589	0.03244	0.10250	0.01773	0.07385	0.05035	0.00940	0.01671	0.00378	0.00315	0.00103	0.00394	0.01816	0.00229	0.07869
1	0.33238	0.13999	0.09620	0.04951	0.06590	0.02888	0.03199	0.01141	0.11659	0.02951	0.03615	0.00905	0.01893	0.00374	0.00287	0.00106	0.00345	0.01575	0.00222	0.00441
2	0.01222	0.03464	0.01031	0.00936	0.03924	0.72354	0.00696	0.01315	0.00927	0.00861	0.00533	0.00650	0.00454	0.00384	0.00403	0.00097	0.09930	0.00235	0.00176	0.00408
3	0.00831	0.00786	0.01296	0.09344	0.68162	0.00809	0.00992	0.01103	0.08007	0.01137	0.00762	0.03848	0.00649	0.00355	0.00350	0.00107	0.00400	0.00341	0.00192	0.00529
4	0.03662	0.02791	0.32231	0.00910	0.07539	0.03873	0.00865	0.09074	0.01635	0.14036	0.04188	0.03275	0.00736	0.01699	0.02756	0.00128	0.08789	0.01087	0.00235	0.00490
5	0.02209	0.00837	0.01265	0.12116	0.57825	0.05632	0.02190	0.02780	0.08031	0.01144	0.00734	0.02377	0.00608	0.00348	0.00346	0.00107	0.00417	0.00325	0.00193	0.00517
6	0.00491	0.07846	0.00552	0.00516	0.00571	0.00396	0.00382	0.00574	0.00702	0.00924	0.04623	0.65063	0.02138	0.00993	0.00430	0.00138	0.00233	0.12811	0.00311	0.00305
7	0.20719	0.02138	0.21817	0.00783	0.01088	0.02026	0.09586	0.10859	0.08879	0.10153	0.03773	0.02485	0.03409	0.00404	0.00326	0.00110	0.00380	0.00327	0.00256	0.00481
8	0.00867	0.04480	0.05697	0.09167	0.19864	0.13622	0.01713	0.02260	0.11808	0.03370	0.06934	0.01172	0.03291	0.00452	0.00446	0.00113	0.10908	0.03151	0.00225	0.00457
9	0.00503	0.00359	0.00428	0.00455	0.00483	0.00360	0.00292	0.00617	0.07837	0.00852	0.03325	0.38838	0.01742	0.41099	0.01052	0.00230	0.00271	0.00709	0.00276	0.00274
10	0.02015	0.00528	0.00625	0.00555	0.00671	0.00558	0.01314	0.14688	0.10137	0.08470	0.04818	0.06054	0.03427	0.30393	0.13960	0.00258	0.00409	0.00460	0.00281	0.00377
11	0.22472	0.02068	0.02494	0.04634	0.03394	0.01596	0.03882	0.07148	0.16670	0.11784	0.10416	0.04374	0.02868	0.00456	0.00326	0.00110	0.00300	0.00371	0.02189	0.02449
12	0.00614	0.00403	0.00495	0.00466	0.00543	0.00402	0.00335	0.04336	0.00763	0.07417	0.20384	0.08686	0.11548	0.26160	0.09975	0.00227	0.02629	0.00552	0.03745	0.00318
13	0.00461	0.00349	0.00431	0.00487	0.00536	0.00335	0.00335	0.00605	0.07922	0.00947	0.02100	0.68608	0.13558	0.01011	0.00433	0.00136	0.00205	0.00906	0.00327	0.00308
14	0.08163	0.00362	0.00431	0.00461	0.00528	0.00351	0.00332	0.00582	0.00728	0.01034	0.16322	0.38421	0.15721	0.03795	0.03806	0.03026	0.00240	0.05089	0.00310	0.00298
15	0.02593	0.18066	0.14159	0.07825	0.03975	0.00963	0.34697	0.03133	0.08012	0.01101	0.00700	0.00852	0.00540	0.00328	0.00355	0.00108	0.01609	0.00324	0.00185	0.00476
16	0.00636	0.00577	0.00825	0.03398	0.00818	0.00762	0.00611	0.00734	0.00555	0.00828	0.00723	0.04391	0.00712	0.03177	0.35167	0.00318	0.44883	0.00363	0.00174	0.00347
17	0.00505	0.00369	0.00433	0.00440	0.00532	0.00339	0.00329	0.00640	0.03705	0.03690	0.17004	0.18682	0.36484	0.03556	0.02525	0.00140	0.00220	0.06897	0.03194	0.00318
18	0.12936	0.05222	0.00747	0.00684	0.06212	0.12401	0.00496	0.05416	0.01428	0.09055	0.04761	0.16109	0.11836	0.00651	0.03038	0.00126	0.04885	0.00467	0.03134	0.00397
19	0.00735	0.26143	0.03585	0.00711	0.04070	0.03810	0.00591	0.01770	0.02130	0.00883	0.00845	0.03526	0.01843	0.06434	0.20118	0.00228	0.14661	0.07342	0.00191	0.00382
20	0.00515	0.02294	0.00496	0.00497	0.00560	0.02280	0.00363	0.00598	0.00725	0.02095	0.10594	0.43751	0.14430	0.00989	0.03799	0.03475	0.03467	0.04845	0.02515	0.01711

[dist]
# distance from previous block
# <min> <max>
7	22

[block]
# block no. 11 follows, 80 sequences, length 9
# corresponding to MSA columns:
# 1344-1352
name=unknown_L
#
# <colnr> <probs for GDERKNQSTAVLIFYWHMCP>
#	G	D	E	R	K	N	Q	S	T	A	V	L	I	F	Y	W	H	M	C	P
0	0.06538	0.22036	0.22549	0.00846	0.03536	0.24769	0.03431	0.05493	0.00857	0.01071	0.05361	0.00775	0.00616	0.00355	0.00302	0.00096	0.00471	0.00258	0.00187	0.00453
1	0.06979	0.00899	0.07017	0.08354	0.16851	0.08269	0.03328	0.18921	0.05963	0.04759	0.00787	0.00907	0.00605	0.00505	0.05695	0.00131	0.00433	0.00302	0.05289	0.04006
2	0.00452	0.00335	0.00417	0.00465	0.00511	0.00314	0.00321	0.00555	0.03351	0.00955	0.10174	0.56166	0.14969	0.06761	0.00523	0.00148	0.00209	0.02756	0.00323	0.00294
3	0.00609	0.00412	0.00490	0.00471	0.00577	0.00392	0.00360	0.06044	0.02873	0.06027	0.26990	0.13937	0.21039	0.03126	0.00436	0.00124	0.00214	0.07452	0.08080	0.00348
4	0.02151	0.00631	0.00866	0.21906	0.08280	0.00631	0.02062	0.09628	0.00860	0.03233	0.12378	0.02952	0.04111	0.00416	0.00346	0.00095	0.01734	0.00354	0.00241	0.27123
5	0.06241	0.00629	0.02880	0.00687	0.00778	0.00723	0.03087	0.01991	0.01762	0.00969	0.04502	0.01476	0.19107	0.03163	0.03484	0.05216	0.37504	0.00410	0.00215	0.05176
6	0.00464	0.00328	0.00416	0.00466	0.00518	0.00299	0.00325	0.00543	0.00730	0.03319	0.08938	0.60711	0.17384	0.01002	0.00435	0.00134	0.00201	0.03156	0.00332	0.00299
7	0.00660	0.00547	0.00800	0.07513	0.13881	0.00638	0.00601	0.00810	0.03293	0.02728	0.00907	0.01300	0.03225	0.11762	0.27731	0.00286	0.17330	0.00370	0.05247	0.00370
