[name]
unknown

[dist]
# distance from previous block
# <min> <max>
4	298

[block]
# block no. 0 follows, 72 sequences, length 7
# corresponding to MSA columns:
# 689-695
name=unknown_A
#
# <colnr> <probs for GDERKNQSTAVLIFYWHMCP>
#	G	D	E	R	K	N	Q	S	T	A	V	L	I	F	Y	W	H	M	C	P
0	0.00602	0.00395	0.00496	0.00515	0.00577	0.00374	0.00357	0.03330	0.00810	0.06314	0.13269	0.43697	0.07070	0.17409	0.00745	0.00186	0.00257	0.02916	0.00346	0.00334
1	0.03406	0.00569	0.00660	0.00590	0.00754	0.00567	0.00454	0.13765	0.07695	0.16080	0.09032	0.19571	0.17700	0.02587	0.02653	0.00145	0.00291	0.00631	0.02396	0.00453
2	0.01146	0.00658	0.00781	0.00649	0.00860	0.00658	0.00515	0.19876	0.08826	0.28224	0.10412	0.06835	0.09907	0.03378	0.02664	0.00141	0.00322	0.00500	0.03123	0.00526
3	0.00929	0.00942	0.01112	0.58104	0.02125	0.20307	0.00946	0.01132	0.00838	0.04772	0.00683	0.00939	0.00521	0.00400	0.00414	0.00121	0.04775	0.00317	0.00188	0.00435
4	0.02646	0.00418	0.00495	0.00510	0.00582	0.00411	0.00356	0.03478	0.05519	0.03062	0.12015	0.39387	0.10256	0.14811	0.00684	0.00175	0.00250	0.00791	0.03813	0.00343
5	0.00700	0.00472	0.00589	0.00543	0.00660	0.00477	0.02482	0.09018	0.00891	0.04788	0.10596	0.10180	0.15069	0.06104	0.18095	0.00234	0.00411	0.00558	0.17754	0.00380
6	0.05510	0.00725	0.00859	0.00688	0.00937	0.00720	0.00557	0.27193	0.01243	0.37934	0.06772	0.07983	0.06040	0.00564	0.00390	0.00120	0.00326	0.00459	0.00411	0.00570

[dist]
# distance from previous block
# <min> <max>
0	1

[block]
# block no. 1 follows, 72 sequences, length 23
# corresponding to MSA columns:
# 697-719
name=unknown_B
#
# <colnr> <probs for GDERKNQSTAVLIFYWHMCP>
#	G	D	E	R	K	N	Q	S	T	A	V	L	I	F	Y	W	H	M	C	P
0	0.04521	0.00649	0.00847	0.00652	0.00941	0.00565	0.00535	0.01690	0.03170	0.67378	0.03753	0.01256	0.00958	0.00453	0.00367	0.00110	0.00312	0.00367	0.00429	0.11046
1	0.00603	0.00445	0.00550	0.00601	0.03278	0.01622	0.00427	0.02426	0.03831	0.03366	0.08492	0.31469	0.15757	0.08548	0.01766	0.02177	0.00283	0.13673	0.00337	0.00349
2	0.00577	0.00396	0.00521	0.00533	0.00573	0.00418	0.00369	0.01968	0.04380	0.00884	0.01276	0.21241	0.01379	0.23902	0.25631	0.14310	0.00514	0.00587	0.00249	0.00293
3	0.05161	0.00930	0.01006	0.03058	0.01109	0.04777	0.00664	0.50289	0.01459	0.18251	0.03328	0.02637	0.00864	0.00497	0.00382	0.00118	0.00395	0.04105	0.00376	0.00593
4	0.00819	0.00831	0.00741	0.00653	0.00826	0.19879	0.00501	0.02187	0.03643	0.01117	0.08950	0.08796	0.19974	0.00668	0.01997	0.00118	0.07159	0.00493	0.00277	0.20372
5	0.00457	0.00385	0.00397	0.00399	0.00523	0.00325	0.00301	0.00558	0.00871	0.01049	0.07346	0.05155	0.76866	0.00959	0.00451	0.00129	0.00196	0.02956	0.00355	0.00322
6	0.01203	0.04905	0.02891	0.01088	0.06320	0.04897	0.18758	0.36548	0.09345	0.06088	0.00916	0.00976	0.00673	0.00409	0.00384	0.00115	0.00462	0.00360	0.00305	0.03357
7	0.01014	0.86900	0.01987	0.00649	0.00973	0.01501	0.00649	0.01136	0.00771	0.00892	0.00527	0.00608	0.00487	0.00324	0.00243	0.00081	0.00406	0.00203	0.00162	0.00487
8	0.00707	0.00353	0.00353	0.00353	0.00442	0.00353	0.00265	0.00884	0.00795	0.01414	0.01237	0.01414	0.00972	0.00442	0.00265	0.00088	0.00177	0.00353	0.88777	0.00353
9	0.01014	0.86900	0.01987	0.00649	0.00973	0.01501	0.00649	0.01136	0.00771	0.00892	0.00527	0.00608	0.00487	0.00324	0.00243	0.00081	0.00406	0.00203	0.00162	0.00487
10	0.00761	0.01962	0.84707	0.01081	0.01641	0.00881	0.01401	0.01201	0.00801	0.01201	0.00681	0.00801	0.00480	0.00360	0.00360	0.00120	0.00560	0.00280	0.00160	0.00560
11	0.00822	0.00677	0.00748	0.00674	0.00849	0.00751	0.00522	0.04584	0.52230	0.01594	0.29871	0.01883	0.01970	0.00602	0.00407	0.00125	0.00263	0.00514	0.00397	0.00519
12	0.00549	0.00377	0.00462	0.00462	0.00479	0.00394	0.00290	0.00583	0.00566	0.00771	0.01151	0.02237	0.01272	0.65975	0.22482	0.00427	0.00528	0.00516	0.00223	0.00257
13	0.06712	0.01743	0.01044	0.00948	0.01146	0.80072	0.00713	0.01490	0.01049	0.00975	0.00583	0.00680	0.00484	0.00388	0.00336	0.00099	0.00660	0.00242	0.00198	0.00438
14	0.00543	0.00401	0.00580	0.00580	0.00638	0.00458	0.00437	0.00658	0.00601	0.00859	0.01043	0.01638	0.01013	0.15396	0.72705	0.00573	0.00919	0.00428	0.00207	0.00322
15	0.00652	0.00333	0.00495	0.00495	0.00497	0.00334	0.00330	0.00501	0.00499	0.00667	0.00684	0.01201	0.00688	0.03854	0.03773	0.83971	0.00349	0.00338	0.00168	0.00171
16	0.00761	0.01962	0.84707	0.01081	0.01641	0.00881	0.01401	0.01201	0.00801	0.01201	0.00681	0.00801	0.00480	0.00360	0.00360	0.00120	0.00560	0.00280	0.00160	0.00560
17	0.00786	0.00674	0.00786	0.00562	0.00899	0.00506	0.00449	0.00955	0.00786	0.01236	0.00674	0.00786	0.00562	0.00281	0.00281	0.00056	0.00281	0.00225	0.00225	0.88990
18	0.02367	0.00575	0.00665	0.00655	0.00783	0.00616	0.00493	0.05586	0.30643	0.05373	0.01766	0.38893	0.01781	0.00845	0.00437	0.00142	0.00276	0.07282	0.00369	0.00453
19	0.00941	0.01015	0.01145	0.00992	0.01029	0.17102	0.00811	0.01027	0.00675	0.00916	0.00515	0.00802	0.00496	0.00612	0.01073	0.00153	0.69789	0.00315	0.00172	0.00420
20	0.00522	0.00380	0.00534	0.00558	0.00604	0.00413	0.00405	0.00618	0.00633	0.00883	0.01334	0.24697	0.01436	0.14812	0.49845	0.00450	0.00704	0.00610	0.00248	0.00314
21	0.00480	0.00345	0.00446	0.00519	0.00552	0.00323	0.00355	0.00550	0.00731	0.00963	0.02135	0.66980	0.08456	0.08785	0.00613	0.00173	0.00240	0.06709	0.00341	0.00305
22	0.00729	0.05457	0.00742	0.00622	0.00757	0.03555	0.03908	0.09096	0.05357	0.04319	0.19269	0.31663	0.11379	0.00826	0.00433	0.00130	0.00281	0.00724	0.00352	0.00405

[dist]
# distance from previous block
# <min> <max>
3	11

[block]
# block no. 2 follows, 72 sequences, length 27
# corresponding to MSA columns:
# 734-758,764,765
name=unknown_C
#
# <colnr> <probs for GDERKNQSTAVLIFYWHMCP>
#	G	D	E	R	K	N	Q	S	T	A	V	L	I	F	Y	W	H	M	C	P
0	0.84166	0.00729	0.00574	0.00506	0.00745	0.00832	0.00416	0.01131	0.00662	0.04105	0.00561	0.00641	0.00431	0.00353	0.00240	0.00116	0.00294	0.00211	0.00241	0.03046
1	0.00644	0.00506	0.00753	0.05604	0.16304	0.00506	0.03535	0.00738	0.00701	0.02368	0.01330	0.24010	0.01473	0.35595	0.01043	0.00231	0.00361	0.03691	0.00258	0.00352
2	0.00888	0.01075	0.06822	0.01570	0.01963	0.00955	0.78396	0.01214	0.00890	0.01214	0.00762	0.01011	0.00570	0.00322	0.00443	0.00127	0.00635	0.00438	0.00190	0.00514
3	0.00943	0.00815	0.00858	0.00772	0.00986	0.00943	0.00600	0.02015	0.83621	0.01586	0.01544	0.01415	0.01158	0.00515	0.00386	0.00129	0.00300	0.00429	0.00386	0.00600
4	0.00659	0.00329	0.00494	0.00494	0.00494	0.00329	0.00329	0.00494	0.00494	0.00659	0.00659	0.01153	0.00659	0.01318	0.01482	0.88966	0.00329	0.00329	0.00165	0.00165
5	0.00761	0.01962	0.84707	0.01081	0.01641	0.00881	0.01401	0.01201	0.00801	0.01201	0.00681	0.00801	0.00480	0.00360	0.00360	0.00120	0.00560	0.00280	0.00160	0.00560
6	0.00539	0.00403	0.00598	0.00599	0.00667	0.00462	0.00463	0.00675	0.00642	0.00922	0.06150	0.04168	0.01157	0.02667	0.77380	0.00565	0.00940	0.00444	0.00221	0.00339
7	0.01436	0.01042	0.01122	0.00863	0.01164	0.01149	0.00712	0.78061	0.04139	0.05024	0.00948	0.00937	0.00669	0.00457	0.00380	0.00114	0.00411	0.00345	0.00382	0.00644
8	0.00795	0.00682	0.00790	0.00573	0.00904	0.00530	0.00458	0.01014	0.05391	0.01255	0.00722	0.00821	0.00595	0.00294	0.00287	0.00060	0.00282	0.00236	0.00234	0.84076
9	0.00866	0.14912	0.25496	0.00948	0.01294	0.00878	0.17822	0.03766	0.04524	0.06367	0.11382	0.04899	0.02830	0.01874	0.00406	0.00121	0.00448	0.00418	0.00249	0.00501
10	0.00544	0.00399	0.00572	0.00572	0.00627	0.00454	0.00428	0.00653	0.00598	0.00853	0.01050	0.01679	0.01030	0.18793	0.69332	0.00563	0.00893	0.00434	0.00208	0.00318
11	0.06408	0.00763	0.00973	0.00845	0.07876	0.00737	0.00635	0.19542	0.01196	0.55125	0.01250	0.01141	0.00817	0.00449	0.00372	0.00116	0.00352	0.00359	0.00414	0.00629
12	0.00454	0.00375	0.00399	0.00413	0.00521	0.00320	0.00302	0.00549	0.00850	0.01037	0.07043	0.17654	0.66793	0.00991	0.00454	0.00132	0.00196	0.00843	0.00355	0.00320
13	0.00716	0.00674	0.01138	0.85760	0.02612	0.00843	0.01053	0.00969	0.00758	0.00969	0.00674	0.01011	0.00506	0.00379	0.00379	0.00126	0.00506	0.00337	0.00169	0.00421
14	0.01441	0.01082	0.01136	0.00875	0.01176	0.03408	0.00721	0.80875	0.01764	0.02351	0.00902	0.00905	0.00641	0.00454	0.00378	0.00113	0.00424	0.00339	0.00375	0.00640
15	0.00612	0.00360	0.00540	0.00540	0.00567	0.00387	0.00387	0.00567	0.00540	0.00747	0.00802	0.01288	0.00774	0.01928	0.34939	0.53642	0.00604	0.00360	0.00180	0.00234
16	0.02610	0.00617	0.00775	0.00658	0.00869	0.00592	0.00518	0.07367	0.11203	0.44495	0.01567	0.18725	0.01306	0.04201	0.00468	0.00138	0.00308	0.02628	0.00412	0.00543
17	0.00542	0.00398	0.00570	0.00572	0.00627	0.00451	0.00427	0.00651	0.00602	0.00857	0.01074	0.03759	0.01064	0.17844	0.68150	0.00555	0.00880	0.00449	0.00212	0.00318
18	0.00514	0.00378	0.00462	0.00490	0.00566	0.00347	0.00349	0.00646	0.03374	0.02748	0.21263	0.42087	0.23374	0.01002	0.00462	0.00138	0.00208	0.00885	0.00370	0.00338
19	0.05170	0.00469	0.00575	0.00562	0.00663	0.00464	0.00413	0.05544	0.04669	0.11618	0.04664	0.32540	0.07325	0.06516	0.01768	0.11356	0.00288	0.04693	0.00333	0.00370
20	0.01627	0.00463	0.00593	0.00558	0.00686	0.00413	0.02830	0.03108	0.00821	0.03787	0.08085	0.42533	0.09923	0.03593	0.00473	0.00133	0.00253	0.01660	0.01576	0.16884
21	0.00761	0.00729	0.00998	0.00874	0.00894	0.02668	0.02337	0.00844	0.00604	0.00898	0.00724	0.05460	0.00753	0.10974	0.10279	0.00234	0.58996	0.00404	0.00188	0.00382
22	0.08135	0.00626	0.00774	0.00662	0.00857	0.02670	0.01737	0.07407	0.03565	0.35287	0.02394	0.06418	0.01068	0.03227	0.11398	0.06701	0.00425	0.05808	0.00352	0.00489
23	0.07673	0.00446	0.00515	0.00500	0.00610	0.00421	0.00364	0.02683	0.01902	0.03111	0.12036	0.25709	0.17316	0.06446	0.00606	0.07788	0.00250	0.01873	0.01495	0.08256
24	0.00672	0.00508	0.00621	0.00528	0.00717	0.00418	0.00401	0.00817	0.00868	0.04690	0.24091	0.17616	0.06026	0.01882	0.00404	0.00104	0.00241	0.01632	0.00320	0.37444
25	0.25152	0.00622	0.00694	0.00598	0.00813	0.00624	0.00477	0.03128	0.07002	0.34302	0.04099	0.13368	0.05088	0.00585	0.00364	0.00125	0.00290	0.01797	0.00372	0.00501
26	0.00876	0.00729	0.00953	0.05919	0.22998	0.08620	0.00706	0.03810	0.00818	0.06673	0.02506	0.09086	0.00916	0.00981	0.14608	0.09535	0.04123	0.00416	0.03572	0.02154

[dist]
# distance from previous block
# <min> <max>
7	14

[block]
# block no. 3 follows, 72 sequences, length 12
# corresponding to MSA columns:
# 780-791
name=unknown_D
#
# <colnr> <probs for GDERKNQSTAVLIFYWHMCP>
#	G	D	E	R	K	N	Q	S	T	A	V	L	I	F	Y	W	H	M	C	P
0	0.05504	0.12808	0.06143	0.00806	0.01101	0.22111	0.04582	0.08925	0.08350	0.03583	0.00752	0.00822	0.00593	0.00367	0.00323	0.00094	0.00449	0.00273	0.00240	0.22175
1	0.03964	0.00921	0.01244	0.04577	0.44958	0.07962	0.00910	0.07820	0.04973	0.05939	0.00830	0.01036	0.00676	0.00385	0.00364	0.00109	0.00429	0.02828	0.00239	0.09837
2	0.00782	0.00567	0.00714	0.09931	0.00930	0.02229	0.00528	0.08580	0.05059	0.07568	0.19726	0.04101	0.11610	0.03570	0.08087	0.07680	0.04242	0.03380	0.00315	0.00402
3	0.04941	0.00566	0.00677	0.00622	0.00749	0.03911	0.03135	0.04860	0.06719	0.08138	0.06047	0.20367	0.02612	0.09548	0.07349	0.09384	0.00375	0.04170	0.00301	0.05528
4	0.02578	0.00885	0.13454	0.00768	0.00997	0.09324	0.08502	0.01095	0.03840	0.12937	0.18317	0.10586	0.08309	0.02900	0.02450	0.00141	0.00392	0.01762	0.00314	0.00449
5	0.00544	0.00365	0.00416	0.00423	0.00425	0.00363	0.00240	0.00550	0.00566	0.00755	0.01271	0.09571	0.01474	0.79452	0.01808	0.00350	0.00355	0.00596	0.00240	0.00236
6	0.00543	0.00404	0.00557	0.00562	0.00622	0.00447	0.00416	0.00674	0.02969	0.00891	0.01301	0.08942	0.05554	0.16696	0.57088	0.00491	0.00775	0.00509	0.00233	0.00324
7	0.03381	0.00438	0.00515	0.00495	0.00588	0.00420	0.00349	0.00836	0.04892	0.12395	0.07436	0.15837	0.15105	0.28741	0.00937	0.02051	0.00286	0.02776	0.02172	0.00351
8	0.02835	0.00452	0.00527	0.00508	0.00626	0.00430	0.00383	0.03691	0.05914	0.06147	0.26559	0.16656	0.26858	0.03073	0.00480	0.00136	0.00228	0.03745	0.00375	0.00378
9	0.00716	0.00674	0.01138	0.85760	0.02612	0.00843	0.01053	0.00969	0.00758	0.00969	0.00674	0.01011	0.00506	0.00379	0.00379	0.00126	0.00506	0.00337	0.00169	0.00421
10	0.02257	0.00436	0.00504	0.00485	0.00587	0.00429	0.00355	0.02021	0.05359	0.10590	0.05025	0.13271	0.09644	0.16593	0.03834	0.00182	0.00284	0.03012	0.24758	0.00372
11	0.01867	0.00440	0.00528	0.00520	0.00607	0.00431	0.00373	0.03715	0.05661	0.07907	0.12832	0.26044	0.07390	0.18204	0.00752	0.01737	0.00267	0.03886	0.06478	0.00360

[dist]
# distance from previous block
# <min> <max>
0	1

[block]
# block no. 4 follows, 72 sequences, length 8
# corresponding to MSA columns:
# 793-800
name=unknown_E
#
# <colnr> <probs for GDERKNQSTAVLIFYWHMCP>
#	G	D	E	R	K	N	Q	S	T	A	V	L	I	F	Y	W	H	M	C	P
0	0.00469	0.00340	0.00431	0.00500	0.00533	0.00315	0.00333	0.00532	0.00726	0.00953	0.02210	0.68834	0.11935	0.09232	0.00616	0.00171	0.00231	0.00996	0.00341	0.00302
1	0.31145	0.00660	0.00724	0.00592	0.00836	0.00663	0.00484	0.06246	0.00963	0.39349	0.09549	0.01203	0.01014	0.00459	0.00333	0.00116	0.00297	0.00349	0.04497	0.00523
2	0.13361	0.00454	0.00500	0.00501	0.00585	0.00462	0.00353	0.02523	0.04038	0.02801	0.12306	0.25605	0.07266	0.24337	0.00830	0.00199	0.00277	0.02953	0.00314	0.00335
3	0.04962	0.00431	0.00499	0.00485	0.00567	0.00420	0.00344	0.02140	0.02452	0.06518	0.17192	0.09794	0.11609	0.31235	0.00958	0.00214	0.00283	0.05991	0.03575	0.00334
4	0.01017	0.00729	0.00715	0.00613	0.00793	0.05813	0.00484	0.27531	0.11860	0.01721	0.01132	0.01208	0.00862	0.00453	0.00322	0.00102	0.00301	0.00353	0.43508	0.00485
5	0.01066	0.00549	0.00665	0.00573	0.00746	0.00534	0.00446	0.08941	0.06512	0.28876	0.11414	0.10862	0.01444	0.04415	0.00442	0.00126	0.00269	0.00495	0.21139	0.00484
6	0.05997	0.00448	0.00576	0.00550	0.00652	0.00439	0.02562	0.02470	0.00838	0.07777	0.20246	0.21146	0.10017	0.11190	0.10431	0.00216	0.00350	0.03401	0.00334	0.00361
7	0.03886	0.00528	0.00611	0.00548	0.00694	0.00540	0.02162	0.09203	0.07790	0.11491	0.03778	0.08394	0.01207	0.05194	0.00429	0.00125	0.00265	0.04532	0.38189	0.00433

[dist]
# distance from previous block
# <min> <max>
0	8

[block]
# block no. 5 follows, 72 sequences, length 10
# corresponding to MSA columns:
# 809-818
name=unknown_F
#
# <colnr> <probs for GDERKNQSTAVLIFYWHMCP>
#	G	D	E	R	K	N	Q	S	T	A	V	L	I	F	Y	W	H	M	C	P
0	0.00860	0.07977	0.57054	0.01132	0.01624	0.00924	0.17933	0.01235	0.00834	0.05864	0.00733	0.00859	0.00526	0.00356	0.00371	0.00119	0.00552	0.00314	0.00184	0.00550
1	0.00844	0.00603	0.00732	0.02312	0.05769	0.00639	0.00515	0.04607	0.27757	0.09107	0.06421	0.09605	0.07225	0.08855	0.04655	0.06704	0.00337	0.00517	0.02338	0.00457
2	0.03044	0.02234	0.01012	0.18746	0.19525	0.02828	0.04059	0.00964	0.02646	0.04436	0.01104	0.08448	0.05080	0.02713	0.21236	0.00247	0.00567	0.00444	0.00227	0.00440
3	0.00555	0.00371	0.00468	0.00513	0.00557	0.00351	0.00355	0.00623	0.00724	0.04459	0.01958	0.43753	0.08700	0.23901	0.00867	0.00210	0.00277	0.10726	0.00324	0.00307
4	0.00575	0.00431	0.00598	0.00583	0.00623	0.00500	0.00430	0.00655	0.00586	0.00833	0.01007	0.01705	0.01021	0.26908	0.50202	0.03885	0.08507	0.00439	0.00206	0.00307
5	0.00911	0.02939	0.02754	0.30925	0.20964	0.00856	0.02600	0.12413	0.02866	0.04547	0.00872	0.03295	0.00719	0.00504	0.01908	0.02420	0.01889	0.03465	0.02656	0.00498
6	0.04861	0.01035	0.16235	0.00821	0.03472	0.07443	0.00737	0.16557	0.04775	0.25319	0.10762	0.01312	0.04010	0.00487	0.00378	0.00117	0.00393	0.00388	0.00343	0.00556
7	0.00595	0.00485	0.00497	0.00485	0.00603	0.05126	0.00361	0.00745	0.04071	0.04535	0.21626	0.14339	0.43383	0.00880	0.00442	0.00127	0.00230	0.00749	0.00364	0.00358
8	0.02978	0.00768	0.02322	0.06770	0.07422	0.03866	0.08298	0.19061	0.04787	0.07315	0.07637	0.03274	0.02504	0.00474	0.00364	0.00112	0.00361	0.00405	0.20789	0.00494
9	0.07418	0.04477	0.04886	0.16661	0.27590	0.00874	0.03886	0.09999	0.06288	0.01333	0.03305	0.05428	0.02527	0.00520	0.03094	0.00135	0.00439	0.00390	0.00238	0.00513

[dist]
# distance from previous block
# <min> <max>
5	14

[block]
# block no. 6 follows, 72 sequences, length 35
# corresponding to MSA columns:
# 833-867
name=unknown_G
#
# <colnr> <probs for GDERKNQSTAVLIFYWHMCP>
#	G	D	E	R	K	N	Q	S	T	A	V	L	I	F	Y	W	H	M	C	P
0	0.35146	0.00796	0.00815	0.00656	0.00927	0.03141	0.00540	0.18145	0.01059	0.33785	0.00981	0.00938	0.00664	0.00419	0.00324	0.00116	0.00341	0.00302	0.00354	0.00550
1	0.00793	0.01911	0.02163	0.37683	0.03151	0.14231	0.02233	0.02031	0.02980	0.01012	0.04398	0.08293	0.05705	0.09670	0.00555	0.00149	0.00457	0.01956	0.00227	0.00400
2	0.01962	0.00395	0.00501	0.00526	0.00581	0.00397	0.00374	0.00670	0.04101	0.02401	0.02901	0.27719	0.09983	0.17625	0.13004	0.08426	0.00386	0.07446	0.00292	0.00309
3	0.00629	0.00409	0.00521	0.00528	0.00579	0.00423	0.00375	0.00744	0.07319	0.02440	0.03101	0.11432	0.01391	0.24827	0.11774	0.17734	0.00401	0.09204	0.05870	0.00300
4	0.00606	0.00425	0.00558	0.00571	0.00650	0.00404	0.02674	0.05728	0.00843	0.04927	0.06285	0.53868	0.10542	0.05314	0.00541	0.00156	0.00257	0.04947	0.00352	0.00352
5	0.00771	0.00451	0.00568	0.00544	0.00648	0.00426	0.00405	0.03572	0.01993	0.15810	0.13708	0.17968	0.09595	0.18520	0.00783	0.02647	0.00286	0.10577	0.00353	0.00376
6	0.00695	0.00417	0.00495	0.00478	0.00554	0.00398	0.00331	0.02239	0.00750	0.10996	0.04159	0.10209	0.13543	0.39969	0.02528	0.00246	0.00317	0.05575	0.05771	0.00328
7	0.00808	0.00698	0.00995	0.00844	0.01024	0.03691	0.17869	0.12807	0.08908	0.01347	0.03959	0.25451	0.04402	0.00725	0.00435	0.00134	0.00370	0.09309	0.05782	0.00441
8	0.00666	0.00451	0.00532	0.00513	0.00628	0.00431	0.00383	0.04554	0.06657	0.07511	0.21641	0.21795	0.22583	0.02720	0.00466	0.00134	0.00228	0.01883	0.05838	0.00385
9	0.01721	0.00433	0.00493	0.00490	0.00552	0.00430	0.00327	0.04663	0.05578	0.03062	0.03967	0.22779	0.13171	0.39372	0.01110	0.00241	0.00299	0.00691	0.00304	0.00319
10	0.04544	0.01105	0.01075	0.00851	0.01134	0.12698	0.00692	0.58488	0.03732	0.10513	0.00929	0.00921	0.00659	0.00446	0.00370	0.00112	0.00437	0.00330	0.00358	0.00607
11	0.01059	0.00712	0.00838	0.00641	0.00940	0.00634	0.00516	0.08327	0.13202	0.19756	0.03812	0.01070	0.00842	0.00389	0.00333	0.00087	0.00301	0.00315	0.00322	0.45905
12	0.86454	0.00731	0.00568	0.00505	0.00741	0.00841	0.00416	0.01139	0.00660	0.04440	0.00560	0.00638	0.00428	0.00356	0.00240	0.00117	0.00294	0.00211	0.00242	0.00418
13	0.00691	0.00562	0.00632	0.00681	0.00768	0.09260	0.00564	0.00810	0.00838	0.01043	0.02910	0.03373	0.04659	0.02640	0.02876	0.10990	0.00392	0.55675	0.00306	0.00333
14	0.00627	0.00423	0.00498	0.00478	0.00509	0.00440	0.00304	0.06925	0.00649	0.00874	0.01113	0.02146	0.01219	0.63880	0.11578	0.06887	0.00445	0.00502	0.00233	0.00270
15	0.00772	0.00745	0.03775	0.01992	0.00868	0.05021	0.00633	0.05957	0.00793	0.01116	0.05052	0.09637	0.14155	0.00703	0.00770	0.00140	0.37996	0.00490	0.08983	0.00402
16	0.01596	0.00782	0.00959	0.00737	0.01030	0.00765	0.00608	0.29471	0.01318	0.55185	0.01292	0.01163	0.00839	0.00464	0.00379	0.00116	0.00352	0.00367	0.01935	0.00640
17	0.05900	0.01005	0.01077	0.00835	0.01130	0.01106	0.00688	0.69166	0.06101	0.07710	0.00964	0.00948	0.00680	0.00454	0.00373	0.00115	0.00398	0.00342	0.00378	0.00631
18	0.01037	0.00658	0.00769	0.00654	0.00865	0.00673	0.00516	0.06124	0.31106	0.21918	0.20237	0.01703	0.03771	0.00557	0.00391	0.00118	0.00277	0.00467	0.02904	0.05256
19	0.01506	0.00866	0.13305	0.00748	0.01077	0.00652	0.00691	0.04738	0.06166	0.64084	0.01357	0.01212	0.00874	0.00456	0.00378	0.00118	0.00360	0.00368	0.00415	0.00630
20	0.00527	0.00365	0.00456	0.00481	0.00501	0.00369	0.00310	0.00572	0.00622	0.00839	0.02527	0.24746	0.01663	0.48013	0.14068	0.00339	0.00423	0.02640	0.00264	0.00272
21	0.00465	0.00332	0.00442	0.00526	0.00551	0.00310	0.00352	0.00534	0.00738	0.00987	0.04895	0.83565	0.02545	0.01174	0.00483	0.00153	0.00219	0.01065	0.00354	0.00310
22	0.00786	0.00674	0.00786	0.00562	0.00899	0.00506	0.00449	0.00955	0.00786	0.01236	0.00674	0.00786	0.00562	0.00281	0.00281	0.00056	0.00281	0.00225	0.00225	0.88990
23	0.01442	0.01062	0.01138	0.00873	0.01176	0.01176	0.00721	0.83041	0.01783	0.02390	0.00911	0.00911	0.00645	0.00455	0.00379	0.00114	0.00417	0.00341	0.00379	0.00645
24	0.06846	0.00971	0.01045	0.00817	0.01106	0.01065	0.00671	0.60690	0.10206	0.11178	0.01017	0.00986	0.00716	0.00457	0.00371	0.00116	0.00387	0.00347	0.00381	0.00626
25	0.00553	0.00386	0.00439	0.00430	0.00463	0.00369	0.00259	0.00580	0.00614	0.00825	0.04076	0.07508	0.07039	0.67656	0.01594	0.00311	0.00336	0.00584	0.00251	0.05726
26	0.01381	0.00700	0.00842	0.00673	0.00923	0.00693	0.00547	0.19460	0.09249	0.43113	0.04222	0.01292	0.00993	0.00477	0.00366	0.00113	0.00314	0.00384	0.13670	0.00587
27	0.00723	0.00482	0.00659	0.00726	0.00830	0.00470	0.00626	0.00884	0.00914	0.06328	0.02011	0.04130	0.02136	0.01036	0.00533	0.00179	0.00362	0.76211	0.00370	0.00391
28	0.00763	0.00599	0.00797	0.00716	0.00842	0.03376	0.06001	0.08224	0.00849	0.04009	0.05685	0.06503	0.07633	0.03366	0.42806	0.00379	0.03693	0.00493	0.02849	0.00414
29	0.00887	0.00586	0.00678	0.00644	0.00787	0.00600	0.00486	0.03672	0.24986	0.12913	0.01803	0.22244	0.06185	0.07070	0.00545	0.00159	0.00296	0.07431	0.07552	0.00475
30	0.02511	0.00813	0.00875	0.00772	0.00965	0.04757	0.01969	0.13392	0.38852	0.03486	0.07650	0.04677	0.04016	0.00786	0.07506	0.00174	0.02653	0.01925	0.01677	0.00544
31	0.00765	0.00517	0.00634	0.00641	0.00752	0.00516	0.00494	0.01041	0.15453	0.08908	0.07781	0.22258	0.05243	0.08096	0.00600	0.00173	0.00303	0.23501	0.01901	0.00424
32	0.11473	0.00494	0.00553	0.00569	0.00662	0.02679	0.00411	0.00797	0.00809	0.07490	0.08670	0.41551	0.06657	0.07249	0.03459	0.00181	0.00305	0.05268	0.00348	0.00375
33	0.20563	0.00727	0.00826	0.00682	0.00934	0.00727	0.00555	0.12924	0.04305	0.39604	0.01338	0.01444	0.03761	0.02180	0.02567	0.00146	0.00359	0.05396	0.00393	0.00569
34	0.00723	0.00517	0.00603	0.00617	0.00717	0.03309	0.00471	0.01871	0.05657	0.06865	0.03542	0.20869	0.13354	0.09161	0.06082	0.01474	0.00361	0.21828	0.01593	0.00387

[dist]
# distance from previous block
# <min> <max>
9	46

[block]
# block no. 7 follows, 72 sequences, length 31
# corresponding to MSA columns:
# 914-944
name=unknown_H
#
# <colnr> <probs for GDERKNQSTAVLIFYWHMCP>
#	G	D	E	R	K	N	Q	S	T	A	V	L	I	F	Y	W	H	M	C	P
0	0.00576	0.00420	0.00485	0.00477	0.00591	0.00387	0.00358	0.00759	0.06444	0.04973	0.22293	0.13470	0.38188	0.02694	0.00476	0.00135	0.00216	0.04340	0.02356	0.00361
1	0.05165	0.00449	0.00529	0.00527	0.00608	0.00447	0.00375	0.02991	0.05051	0.07670	0.05901	0.23488	0.07340	0.28834	0.00926	0.00215	0.00298	0.08518	0.00321	0.00346
2	0.12418	0.00488	0.00571	0.00529	0.00626	0.00511	0.00384	0.06268	0.03223	0.08314	0.02292	0.05024	0.00956	0.15426	0.07165	0.27553	0.00367	0.00404	0.07151	0.00331
3	0.00699	0.00609	0.00589	0.00559	0.00650	0.09799	0.00394	0.00942	0.14752	0.01082	0.16562	0.03431	0.09053	0.32592	0.06469	0.00243	0.00381	0.00542	0.00298	0.00355
4	0.16280	0.00610	0.00730	0.00601	0.00820	0.00585	0.00477	0.03514	0.02581	0.46699	0.05841	0.03211	0.01112	0.12852	0.00587	0.00155	0.00317	0.02129	0.00383	0.00516
5	0.00785	0.00451	0.00557	0.00520	0.00651	0.00410	0.00390	0.00936	0.04228	0.20297	0.16969	0.19129	0.23426	0.07212	0.00549	0.00148	0.00246	0.02308	0.00383	0.00404
6	0.54253	0.00777	0.00731	0.00607	0.00864	0.00856	0.00499	0.15613	0.03970	0.17400	0.00814	0.00824	0.00578	0.00398	0.00293	0.00117	0.00321	0.00270	0.00310	0.00503
7	0.28079	0.00740	0.00809	0.00654	0.00920	0.00762	0.00536	0.12349	0.09067	0.39339	0.02376	0.01072	0.00801	0.00441	0.00338	0.00118	0.00322	0.00332	0.00378	0.00566
8	0.00504	0.00380	0.00436	0.00454	0.00543	0.00340	0.00327	0.00613	0.01946	0.02408	0.12956	0.25950	0.41571	0.05706	0.00537	0.00148	0.00215	0.02904	0.01737	0.00327
9	0.00532	0.00364	0.00465	0.00496	0.00560	0.00332	0.00349	0.00622	0.00835	0.04111	0.22148	0.45408	0.16208	0.01030	0.00512	0.04245	0.00214	0.00877	0.00363	0.00328
10	0.80729	0.00741	0.00591	0.00521	0.00754	0.00853	0.00428	0.06099	0.00731	0.01737	0.03617	0.00715	0.00541	0.00374	0.00251	0.00117	0.00297	0.00231	0.00250	0.00423
11	0.00659	0.00329	0.00494	0.00494	0.00494	0.00329	0.00329	0.00494	0.00494	0.00659	0.00659	0.01153	0.00659	0.01318	0.01482	0.88966	0.00329	0.00329	0.00165	0.00165
12	0.00786	0.00674	0.00786	0.00562	0.00899	0.00506	0.00449	0.00955	0.00786	0.01236	0.00674	0.00786	0.00562	0.00281	0.00281	0.00056	0.00281	0.00225	0.00225	0.88990
13	0.00551	0.00369	0.00420	0.00420	0.00422	0.00371	0.00237	0.00555	0.00553	0.00740	0.01189	0.02452	0.01366	0.84108	0.04476	0.00375	0.00388	0.00547	0.00229	0.00233
14	0.01395	0.00676	0.00850	0.00671	0.00922	0.00644	0.00546	0.18754	0.01225	0.49003	0.17866	0.01521	0.01405	0.00527	0.00392	0.00116	0.00311	0.00433	0.02161	0.00582
15	0.17552	0.00539	0.00641	0.00577	0.00756	0.00518	0.00454	0.01166	0.00887	0.32441	0.07787	0.20296	0.05923	0.02092	0.00421	0.00134	0.00280	0.06698	0.00377	0.00460
16	0.01083	0.00504	0.00665	0.00571	0.00754	0.00443	0.00446	0.01219	0.01001	0.41862	0.21900	0.15363	0.11150	0.00712	0.00421	0.00125	0.00257	0.00612	0.00425	0.00486
17	0.00474	0.00344	0.00449	0.00520	0.00559	0.00319	0.00359	0.00556	0.00772	0.01025	0.08974	0.69628	0.08904	0.01131	0.00480	0.00150	0.00220	0.04468	0.00357	0.00315
18	0.43871	0.00721	0.00675	0.00573	0.00798	0.02541	0.00465	0.13264	0.00935	0.14506	0.05284	0.02107	0.03823	0.00449	0.00306	0.00115	0.00303	0.00324	0.08471	0.00470
19	0.00587	0.00381	0.00483	0.00502	0.00584	0.00344	0.00359	0.00690	0.00860	0.08640	0.19799	0.44686	0.18676	0.00991	0.00460	0.00138	0.00215	0.00877	0.00377	0.00351
20	0.00803	0.00684	0.00795	0.00570	0.00906	0.00523	0.00456	0.03056	0.00812	0.01265	0.00680	0.00790	0.00564	0.00285	0.00283	0.00058	0.00284	0.00228	0.00229	0.86728
21	0.02873	0.00373	0.00418	0.00439	0.00489	0.00351	0.00286	0.00562	0.00698	0.00919	0.03867	0.24762	0.24846	0.36214	0.01061	0.00233	0.00274	0.00753	0.00300	0.00283
22	0.07770	0.00493	0.00613	0.00547	0.00709	0.00457	0.00424	0.01129	0.00937	0.31273	0.18780	0.18318	0.05244	0.00691	0.00397	0.00123	0.00251	0.01907	0.09485	0.00454
23	0.00621	0.00386	0.00488	0.00500	0.00565	0.00360	0.00346	0.00696	0.00774	0.09325	0.11722	0.35593	0.10740	0.20124	0.03399	0.01605	0.00283	0.01803	0.00337	0.00331
24	0.00825	0.20423	0.36165	0.03072	0.01270	0.02753	0.02164	0.01099	0.02394	0.02064	0.00700	0.00903	0.00580	0.02441	0.10647	0.00181	0.11358	0.00297	0.00178	0.00487
25	0.00649	0.05727	0.22695	0.00762	0.00995	0.00631	0.05235	0.00895	0.03711	0.01086	0.04511	0.13354	0.09298	0.04520	0.13018	0.00214	0.00482	0.11544	0.00259	0.00415
26	0.03621	0.00391	0.00479	0.00513	0.00587	0.00369	0.00367	0.00681	0.02941	0.04564	0.14091	0.47603	0.15670	0.02710	0.00488	0.00146	0.00226	0.03849	0.00361	0.00342
27	0.00567	0.00389	0.00474	0.00479	0.00544	0.00368	0.00331	0.02471	0.00798	0.03862	0.17116	0.25267	0.17212	0.21713	0.03839	0.02901	0.00282	0.00742	0.00328	0.00316
28	0.00715	0.00619	0.00807	0.11862	0.01054	0.04437	0.06839	0.07025	0.07394	0.01228	0.11839	0.22407	0.10295	0.02762	0.00484	0.00138	0.02203	0.04809	0.02678	0.00404
29	0.14101	0.00788	0.01118	0.10515	0.20859	0.02548	0.06682	0.05196	0.00832	0.08450	0.00920	0.02486	0.04544	0.02632	0.03388	0.00147	0.12483	0.00367	0.00236	0.01705
30	0.10460	0.00720	0.04015	0.21692	0.05602	0.02968	0.06854	0.03022	0.02556	0.03735	0.08758	0.06550	0.02711	0.04110	0.04810	0.02716	0.04012	0.00427	0.01489	0.02793

[dist]
# distance from previous block
# <min> <max>
5	29

[block]
# block no. 8 follows, 72 sequences, length 7
# corresponding to MSA columns:
# 974-980
name=unknown_I
#
# <colnr> <probs for GDERKNQSTAVLIFYWHMCP>
#	G	D	E	R	K	N	Q	S	T	A	V	L	I	F	Y	W	H	M	C	P
0	0.04774	0.00668	0.02976	0.02360	0.10410	0.04164	0.02618	0.03938	0.06991	0.08786	0.11838	0.12706	0.03665	0.12394	0.02919	0.00172	0.03358	0.01824	0.03007	0.00432
1	0.02506	0.11297	0.05276	0.08835	0.06243	0.03913	0.03877	0.04656	0.02180	0.10077	0.00986	0.07494	0.03338	0.00809	0.04521	0.22530	0.00422	0.00394	0.00237	0.00409
2	0.26627	0.00769	0.04317	0.00631	0.00868	0.00774	0.00531	0.19876	0.05853	0.14758	0.07470	0.01172	0.00938	0.03519	0.00385	0.00123	0.00319	0.00347	0.10223	0.00501
3	0.06449	0.00480	0.00560	0.00529	0.00649	0.00471	0.00393	0.06272	0.04377	0.09369	0.23878	0.22657	0.11743	0.06767	0.00526	0.00145	0.00246	0.00680	0.03417	0.00393
4	0.02918	0.00480	0.00570	0.00550	0.00667	0.00468	0.00413	0.06538	0.05997	0.09031	0.16451	0.24710	0.16698	0.06510	0.00540	0.00150	0.00257	0.06295	0.00367	0.00392
5	0.03578	0.00624	0.00805	0.11704	0.03527	0.00641	0.00584	0.15342	0.01038	0.20534	0.10540	0.04284	0.08565	0.03019	0.03641	0.04291	0.00360	0.03929	0.02523	0.00472
6	0.12690	0.00598	0.00660	0.00590	0.00754	0.00621	0.00456	0.15388	0.05900	0.12960	0.06877	0.18040	0.04222	0.06602	0.00488	0.00141	0.00289	0.02945	0.09328	0.00449

[dist]
# distance from previous block
# <min> <max>
2	4

[block]
# block no. 9 follows, 72 sequences, length 27
# corresponding to MSA columns:
# 989-1014,1016
name=unknown_J
#
# <colnr> <probs for GDERKNQSTAVLIFYWHMCP>
#	G	D	E	R	K	N	Q	S	T	A	V	L	I	F	Y	W	H	M	C	P
0	0.07174	0.00521	0.00619	0.00541	0.00703	0.00493	0.00415	0.05014	0.03241	0.20603	0.25556	0.08196	0.12784	0.08417	0.00542	0.00142	0.00261	0.00571	0.00376	0.03832
1	0.05055	0.00577	0.00671	0.00559	0.00777	0.00510	0.00437	0.03408	0.05278	0.09860	0.07264	0.09003	0.11200	0.03723	0.02661	0.00123	0.00291	0.03411	0.01486	0.33705
2	0.00674	0.07959	0.13234	0.00698	0.00901	0.00606	0.06334	0.02278	0.03809	0.02902	0.27655	0.16009	0.08149	0.00725	0.00424	0.00127	0.00318	0.06460	0.00321	0.00417
3	0.00561	0.00421	0.00507	0.00497	0.00596	0.00403	0.00373	0.00761	0.07030	0.02263	0.35294	0.07873	0.23327	0.07717	0.05292	0.00175	0.00268	0.05922	0.00364	0.00355
4	0.12381	0.00531	0.00657	0.00581	0.00744	0.00515	0.02607	0.01107	0.04670	0.24949	0.11933	0.13726	0.07723	0.06547	0.02028	0.03919	0.00297	0.02526	0.02123	0.00434
5	0.00520	0.00409	0.00463	0.00456	0.00567	0.00374	0.00342	0.00706	0.05985	0.01235	0.30578	0.08714	0.42294	0.00875	0.00444	0.00127	0.00200	0.02732	0.02630	0.00351
6	0.01073	0.74613	0.01860	0.00690	0.01002	0.08510	0.00660	0.06069	0.00857	0.00985	0.00555	0.00633	0.00496	0.00338	0.00260	0.00084	0.00430	0.00215	0.00178	0.00492
7	0.02961	0.00935	0.01041	0.00828	0.01089	0.01033	0.02674	0.58128	0.12142	0.03160	0.01033	0.03733	0.00797	0.02233	0.04861	0.01595	0.00427	0.00384	0.00358	0.00589
8	0.00641	0.00441	0.00586	0.00566	0.00645	0.00444	0.02369	0.02636	0.02472	0.05818	0.09067	0.17280	0.10224	0.18289	0.14469	0.05251	0.02367	0.05798	0.00299	0.00338
9	0.00686	0.00437	0.00557	0.00523	0.00592	0.00447	0.01318	0.03608	0.00707	0.08290	0.04554	0.04930	0.04330	0.42555	0.20441	0.00352	0.01231	0.01506	0.02609	0.00326
10	0.00540	0.00399	0.00580	0.00583	0.00641	0.00455	0.00440	0.00657	0.00606	0.00866	0.01075	0.04561	0.01055	0.13002	0.72083	0.00564	0.00909	0.00447	0.00212	0.00324
11	0.49913	0.00776	0.00912	0.24742	0.07752	0.03089	0.05662	0.01094	0.00720	0.01410	0.00599	0.00779	0.00464	0.00358	0.00302	0.00120	0.00397	0.00268	0.00209	0.00435
12	0.00923	0.00881	0.01490	0.12869	0.62780	0.00914	0.05594	0.04015	0.02381	0.01241	0.00728	0.00957	0.00596	0.00358	0.00402	0.00117	0.02644	0.00345	0.00195	0.00570
13	0.00545	0.00405	0.00534	0.00546	0.00603	0.00393	0.02948	0.00664	0.04803	0.00991	0.07066	0.40223	0.06139	0.21150	0.03927	0.02477	0.00306	0.03825	0.00311	0.02145
14	0.00898	0.02217	0.08298	0.00708	0.00930	0.00697	0.03464	0.10089	0.21381	0.10561	0.31055	0.03207	0.03684	0.00594	0.00407	0.00121	0.00305	0.00509	0.00374	0.00504
15	0.00567	0.00433	0.00503	0.00479	0.00593	0.00386	0.00345	0.03234	0.00839	0.01133	0.15337	0.20658	0.24222	0.13331	0.00643	0.00156	0.00243	0.01913	0.02197	0.12787
16	0.04027	0.00497	0.00631	0.00541	0.00713	0.00450	0.00424	0.01110	0.02480	0.28399	0.43566	0.02256	0.09887	0.00662	0.00413	0.00118	0.00235	0.00565	0.00417	0.02608
17	0.00955	0.00738	0.00848	0.00632	0.00950	0.00641	0.00508	0.12430	0.08464	0.07259	0.00843	0.00896	0.00654	0.00339	0.00311	0.00075	0.00304	0.00270	0.00278	0.62605
18	0.00544	0.00334	0.00458	0.00504	0.00521	0.00319	0.00336	0.00516	0.00633	0.00838	0.01564	0.45423	0.05475	0.04206	0.00934	0.35861	0.00268	0.00746	0.00272	0.00248
19	0.01417	0.01808	0.01075	0.00977	0.01172	0.85149	0.00733	0.01514	0.01075	0.00928	0.00586	0.00684	0.00489	0.00391	0.00342	0.00098	0.00684	0.00244	0.00195	0.00440
20	0.00512	0.00409	0.00419	0.00409	0.00546	0.00351	0.00309	0.00645	0.03859	0.04080	0.03674	0.03484	0.78134	0.00927	0.00444	0.00128	0.00201	0.00772	0.00358	0.00342
21	0.00518	0.00380	0.00477	0.00465	0.00546	0.00348	0.00338	0.00661	0.00972	0.01339	0.58731	0.11377	0.14372	0.07117	0.00559	0.00142	0.00199	0.00731	0.00388	0.00338
22	0.00735	0.00526	0.00740	0.06394	0.12239	0.00533	0.00568	0.05066	0.04810	0.07092	0.03195	0.36442	0.02592	0.04594	0.00570	0.05539	0.00314	0.07332	0.00313	0.00403
23	0.00542	0.00406	0.00610	0.00610	0.00677	0.00474	0.00474	0.00677	0.00610	0.00880	0.01016	0.01490	0.00948	0.02844	0.85169	0.00610	0.01016	0.00406	0.00203	0.00339
24	0.01417	0.01808	0.01075	0.00977	0.01172	0.85149	0.00733	0.01514	0.01075	0.00928	0.00586	0.00684	0.00489	0.00391	0.00342	0.00098	0.00684	0.00244	0.00195	0.00440
25	0.00512	0.00383	0.00476	0.00465	0.00557	0.00347	0.00346	0.00663	0.00994	0.01356	0.57755	0.09911	0.21612	0.00856	0.00452	0.00125	0.00188	0.02260	0.00396	0.00345
26	0.00534	0.00364	0.00422	0.00432	0.00446	0.00357	0.00257	0.00558	0.00620	0.00826	0.06338	0.14027	0.05219	0.66221	0.01581	0.00313	0.00329	0.00642	0.00263	0.00252

[dist]
# distance from previous block
# <min> <max>
2	8

[block]
# block no. 10 follows, 72 sequences, length 29
# corresponding to MSA columns:
# 1025-1053
name=unknown_K
#
# <colnr> <probs for GDERKNQSTAVLIFYWHMCP>
#	G	D	E	R	K	N	Q	S	T	A	V	L	I	F	Y	W	H	M	C	P
0	0.06611	0.00919	0.04719	0.09215	0.11830	0.02842	0.02829	0.18027	0.02818	0.05622	0.02029	0.00931	0.00625	0.00481	0.00624	0.00129	0.25737	0.00332	0.00245	0.03436
1	0.84158	0.00728	0.00577	0.00509	0.00747	0.00833	0.00419	0.01158	0.00671	0.06611	0.00585	0.00656	0.00442	0.00359	0.00243	0.00117	0.00295	0.00216	0.00249	0.00425
2	0.00843	0.00697	0.00809	0.00582	0.00917	0.00546	0.00468	0.05835	0.00851	0.02887	0.00704	0.00803	0.00574	0.00295	0.00289	0.00061	0.00290	0.00235	0.00239	0.82078
3	0.01111	0.31065	0.16407	0.00915	0.01230	0.29771	0.05695	0.04821	0.00924	0.01044	0.00605	0.00714	0.00499	0.00370	0.00350	0.00101	0.03448	0.00256	0.00184	0.00490
4	0.00458	0.00355	0.00418	0.00465	0.00534	0.00315	0.00325	0.00540	0.00795	0.01007	0.04966	0.48646	0.37665	0.01080	0.00468	0.00142	0.00207	0.00949	0.00354	0.00315
5	0.00545	0.00392	0.00537	0.00537	0.00580	0.00435	0.00384	0.00631	0.00588	0.00827	0.01082	0.01857	0.01108	0.33894	0.54337	0.00520	0.00776	0.00460	0.00213	0.00298
6	0.89350	0.00733	0.00557	0.00499	0.00733	0.00851	0.00411	0.01115	0.00645	0.01702	0.00528	0.00616	0.00411	0.00352	0.00235	0.00117	0.00293	0.00205	0.00235	0.00411
7	0.00788	0.00701	0.03495	0.00672	0.00856	0.00732	0.00536	0.01518	0.51696	0.01518	0.25388	0.01950	0.07319	0.00614	0.00407	0.00126	0.00267	0.00522	0.00385	0.00511
8	0.00805	0.01903	0.79246	0.01067	0.01611	0.00900	0.01357	0.06549	0.00865	0.01279	0.00696	0.00808	0.00491	0.00367	0.00362	0.00120	0.00551	0.00284	0.00174	0.00566
9	0.00824	0.05596	0.00868	0.00580	0.00914	0.00592	0.00472	0.03734	0.02120	0.01260	0.00687	0.00790	0.00570	0.00293	0.00284	0.00061	0.00293	0.00231	0.00229	0.79603
10	0.00633	0.00365	0.00508	0.00520	0.02334	0.00353	0.00341	0.00560	0.00598	0.01778	0.05951	0.06208	0.07728	0.11021	0.01273	0.56676	0.00310	0.00453	0.00218	0.02173
11	0.00942	0.01836	0.00945	0.00864	0.05676	0.02184	0.00654	0.22399	0.17210	0.01434	0.01003	0.01244	0.00840	0.02739	0.21787	0.02552	0.12819	0.02098	0.00281	0.00492
12	0.00548	0.00383	0.00491	0.00491	0.00518	0.00410	0.00326	0.00601	0.00574	0.00793	0.01124	0.02090	0.01209	0.53570	0.34799	0.00463	0.00624	0.00494	0.00219	0.00273
13	0.00542	0.00406	0.00610	0.00610	0.00677	0.00474	0.00474	0.00677	0.00610	0.00880	0.01016	0.01490	0.00948	0.02844	0.85169	0.00610	0.01016	0.00406	0.00203	0.00339
14	0.00504	0.00383	0.00430	0.00432	0.00510	0.00344	0.00294	0.00578	0.00769	0.00990	0.10977	0.15863	0.35383	0.26341	0.00886	0.00199	0.00251	0.00735	0.00318	0.03814
15	0.03341	0.00592	0.00882	0.13897	0.16762	0.00612	0.03801	0.02584	0.00821	0.05097	0.05009	0.14364	0.14184	0.08291	0.02500	0.00162	0.02455	0.03956	0.00274	0.00417
16	0.01418	0.01763	0.01079	0.00971	0.01173	0.80151	0.00732	0.06367	0.01117	0.01015	0.00606	0.00697	0.00498	0.00395	0.00344	0.00099	0.00668	0.00250	0.00206	0.00452
17	0.21283	0.00440	0.00486	0.00528	0.00608	0.00458	0.00377	0.01899	0.00717	0.01163	0.01630	0.58660	0.01872	0.01068	0.05437	0.00171	0.00287	0.00811	0.01765	0.00340
18	0.00566	0.00388	0.00464	0.00487	0.00536	0.00373	0.00322	0.00669	0.04839	0.04115	0.04939	0.37049	0.11315	0.31047	0.00977	0.00222	0.00275	0.00789	0.00318	0.00311
19	0.00512	0.00404	0.00474	0.00547	0.00581	0.04403	0.00371	0.00585	0.00760	0.00993	0.05940	0.78290	0.02462	0.01130	0.00475	0.00150	0.00240	0.01019	0.00348	0.00317
20	0.01417	0.01808	0.01075	0.00977	0.01172	0.85149	0.00733	0.01514	0.01075	0.00928	0.00586	0.00684	0.00489	0.00391	0.00342	0.00098	0.00684	0.00244	0.00195	0.00440
21	0.00582	0.00418	0.00552	0.00511	0.00538	0.00423	0.05161	0.00598	0.00583	0.00780	0.01210	0.05135	0.03409	0.68047	0.01704	0.06142	0.03178	0.00548	0.00228	0.00253
22	0.01284	0.01572	0.01024	0.00901	0.01117	0.67253	0.00683	0.01395	0.01008	0.00984	0.00600	0.00707	0.00502	0.00378	0.00355	0.00092	0.02932	0.00243	0.00200	0.16769
23	0.00519	0.00377	0.00450	0.00462	0.00542	0.00343	0.00329	0.00618	0.00838	0.03133	0.20635	0.23775	0.30886	0.10989	0.03134	0.00175	0.00246	0.01875	0.00351	0.00324
24	0.01629	0.00465	0.00583	0.00526	0.00660	0.00418	0.00392	0.00842	0.03796	0.09555	0.20828	0.11647	0.08850	0.05691	0.00667	0.14529	0.00262	0.02949	0.00320	0.15391
25	0.00667	0.00457	0.00536	0.00508	0.00582	0.00460	0.00349	0.06948	0.05938	0.03923	0.14777	0.11033	0.08061	0.36587	0.03171	0.04437	0.00321	0.00604	0.00307	0.00333
26	0.00642	0.00439	0.00531	0.00497	0.00631	0.00377	0.00364	0.00753	0.00836	0.08360	0.12483	0.28218	0.20835	0.05469	0.00500	0.00134	0.00235	0.00712	0.02268	0.15715
27	0.05141	0.00380	0.00466	0.00507	0.00560	0.00363	0.00345	0.00643	0.00733	0.05424	0.04878	0.54587	0.06764	0.15594	0.00708	0.00184	0.00253	0.01814	0.00334	0.00321
28	0.07934	0.00619	0.00787	0.00631	0.00870	0.00570	0.00503	0.05262	0.01000	0.59885	0.01397	0.06342	0.01031	0.10735	0.00560	0.00149	0.00324	0.00428	0.00413	0.00559

[dist]
# distance from previous block
# <min> <max>
0	1

[block]
# block no. 11 follows, 72 sequences, length 7
# corresponding to MSA columns:
# 1055-1061
name=unknown_L
#
# <colnr> <probs for GDERKNQSTAVLIFYWHMCP>
#	G	D	E	R	K	N	Q	S	T	A	V	L	I	F	Y	W	H	M	C	P
0	0.00564	0.00410	0.00508	0.00525	0.00612	0.00382	0.00379	0.02678	0.02661	0.03277	0.10932	0.43567	0.16442	0.02924	0.04118	0.00163	0.00266	0.03813	0.00347	0.05432
1	0.04447	0.00491	0.00618	0.00576	0.00689	0.00482	0.03570	0.09668	0.00909	0.06646	0.13001	0.32322	0.10113	0.08565	0.00593	0.02424	0.00273	0.00718	0.03517	0.00378
2	0.23061	0.00744	0.00798	0.00659	0.00894	0.00791	0.00533	0.25288	0.04619	0.20550	0.06254	0.06208	0.00991	0.00578	0.03149	0.00134	0.00345	0.00389	0.03489	0.00527
3	0.02480	0.00453	0.00559	0.00525	0.00655	0.00399	0.00385	0.00773	0.00803	0.08279	0.11115	0.31075	0.09279	0.07529	0.02156	0.01898	0.00268	0.02949	0.00326	0.18095
4	0.00738	0.00548	0.00641	0.00524	0.00720	0.00465	0.00389	0.04459	0.00815	0.05497	0.07328	0.08467	0.07912	0.20227	0.00710	0.00151	0.00289	0.00462	0.00280	0.39378
5	0.04690	0.00527	0.00610	0.00602	0.00680	0.03821	0.00451	0.00832	0.05084	0.05363	0.06806	0.30434	0.08462	0.07065	0.00668	0.02475	0.10696	0.06325	0.04047	0.00363
6	0.00748	0.00599	0.00648	0.04138	0.00794	0.07534	0.00466	0.05938	0.08436	0.04486	0.10999	0.31826	0.05179	0.05083	0.00560	0.05082	0.00307	0.01851	0.00325	0.05001

[dist]
# distance from previous block
# <min> <max>
1	34

[block]
# block no. 12 follows, 72 sequences, length 44
# corresponding to MSA columns:
# 1096-1139
name=unknown_M
#
# <colnr> <probs for GDERKNQSTAVLIFYWHMCP>
#	G	D	E	R	K	N	Q	S	T	A	V	L	I	F	Y	W	H	M	C	P
0	0.03678	0.00516	0.00631	0.03246	0.00762	0.00546	0.00464	0.09747	0.07463	0.04403	0.07467	0.28831	0.08350	0.04913	0.14443	0.00224	0.01613	0.01982	0.00325	0.00396
1	0.03017	0.00427	0.00555	0.00532	0.00613	0.00420	0.00388	0.02903	0.01538	0.07844	0.08700	0.13686	0.11141	0.03791	0.05257	0.31756	0.01883	0.02830	0.00281	0.02437
