[name]
unknown

[dist]
# distance from previous block
# <min> <max>
0	110

[block]
# block no. 0 follows, 73 sequences, length 6
# corresponding to MSA columns:
# 120-125
name=unknown_A
#
# <colnr> <probs for GDERKNQSTAVLIFYWHMCP>
#	G	D	E	R	K	N	Q	S	T	A	V	L	I	F	Y	W	H	M	C	P
0	0.00832	0.00564	0.00789	0.00680	0.00857	0.00527	0.07038	0.04672	0.03218	0.14783	0.13062	0.20867	0.03808	0.00714	0.00442	0.00125	0.02722	0.10389	0.00341	0.13571
1	0.11741	0.10465	0.09000	0.00797	0.01028	0.25651	0.00684	0.16400	0.01010	0.01307	0.00862	0.14009	0.00811	0.00517	0.00384	0.00114	0.04124	0.00385	0.00248	0.00464
2	0.03487	0.20723	0.12373	0.00730	0.01004	0.13531	0.00665	0.10015	0.04760	0.05823	0.00808	0.01049	0.00695	0.13745	0.00561	0.00138	0.00434	0.00308	0.00234	0.08916
3	0.00688	0.00482	0.00556	0.00495	0.00624	0.03258	0.00367	0.00821	0.00927	0.09202	0.41874	0.02412	0.12379	0.14008	0.00642	0.00149	0.00249	0.00579	0.00353	0.09932
4	0.00899	0.00780	0.01088	0.11385	0.21726	0.00839	0.00788	0.16167	0.00938	0.01325	0.00844	0.10124	0.00772	0.00491	0.00500	0.00115	0.13647	0.00392	0.00239	0.16940
5	0.00639	0.00486	0.00556	0.00501	0.00635	0.00466	0.00386	0.13417	0.01100	0.01469	0.43744	0.02786	0.30828	0.00781	0.00432	0.00120	0.00218	0.00665	0.00385	0.00385

[dist]
# distance from previous block
# <min> <max>
11	26

[block]
# block no. 1 follows, 73 sequences, length 8
# corresponding to MSA columns:
# 154-158,160-162
name=unknown_B
#
# <colnr> <probs for GDERKNQSTAVLIFYWHMCP>
#	G	D	E	R	K	N	Q	S	T	A	V	L	I	F	Y	W	H	M	C	P
0	0.00458	0.00340	0.00427	0.00491	0.00537	0.00310	0.00336	0.00535	0.00764	0.00997	0.06654	0.65263	0.19303	0.01108	0.00470	0.00145	0.00210	0.00990	0.00352	0.00310
1	0.01274	0.04277	0.01022	0.11363	0.01232	0.09433	0.00681	0.24889	0.15603	0.22646	0.01147	0.01123	0.02696	0.00455	0.00369	0.00115	0.00401	0.00358	0.00346	0.00569
2	0.00875	0.27151	0.08820	0.24604	0.20700	0.01059	0.00930	0.01178	0.09183	0.01079	0.00719	0.00884	0.00579	0.00361	0.00332	0.00108	0.00442	0.00297	0.00190	0.00507
3	0.00949	0.00918	0.01301	0.35104	0.29416	0.09445	0.04787	0.11318	0.00949	0.01229	0.00704	0.00932	0.00550	0.00369	0.00373	0.00116	0.00495	0.00330	0.00203	0.00509
4	0.11810	0.00732	0.01147	0.32433	0.35662	0.00805	0.00938	0.01011	0.00776	0.01158	0.00807	0.09579	0.00727	0.00436	0.00366	0.00121	0.00423	0.00392	0.00201	0.00477
5	0.00976	0.00862	0.01395	0.13508	0.53695	0.00893	0.04496	0.11346	0.00963	0.04356	0.00795	0.01055	0.00647	0.00380	0.00380	0.00116	0.00449	0.02901	0.00222	0.00565
6	0.00848	0.00749	0.01170	0.59694	0.09496	0.00880	0.03475	0.14195	0.00927	0.01229	0.00728	0.00990	0.00547	0.00384	0.00373	0.00121	0.00475	0.00338	0.02911	0.00469
7	0.01324	0.00984	0.02787	0.02873	0.12136	0.12487	0.03963	0.24025	0.05414	0.25638	0.02447	0.02496	0.00792	0.00442	0.00376	0.00114	0.00427	0.00361	0.00335	0.00580

[dist]
# distance from previous block
# <min> <max>
4	11

[block]
# block no. 2 follows, 73 sequences, length 22
# corresponding to MSA columns:
# 185-206
name=unknown_C
#
# <colnr> <probs for GDERKNQSTAVLIFYWHMCP>
#	G	D	E	R	K	N	Q	S	T	A	V	L	I	F	Y	W	H	M	C	P
0	0.02893	0.00658	0.07480	0.00608	0.00807	0.00545	0.00516	0.06188	0.02096	0.08809	0.19169	0.14382	0.11648	0.00657	0.00436	0.00114	0.04917	0.00548	0.00323	0.17208
1	0.00905	0.41661	0.35545	0.00917	0.05427	0.01166	0.00977	0.01158	0.00777	0.03112	0.00615	0.00723	0.00496	0.00357	0.00348	0.00103	0.04780	0.00249	0.00169	0.00517
2	0.00578	0.00477	0.04616	0.00536	0.00642	0.00424	0.00426	0.02391	0.00798	0.03646	0.19099	0.10611	0.17370	0.08709	0.25301	0.02659	0.00472	0.00601	0.00299	0.00345
3	0.00886	0.03480	0.05614	0.31927	0.03420	0.00838	0.25040	0.03892	0.00856	0.09917	0.00891	0.07782	0.00727	0.00437	0.00420	0.00125	0.02624	0.00421	0.00226	0.00477
4	0.05493	0.01123	0.01109	0.33898	0.08590	0.31300	0.00872	0.05743	0.00911	0.01077	0.00633	0.00841	0.00504	0.00397	0.00409	0.00115	0.06049	0.00294	0.00193	0.00449
5	0.00769	0.00749	0.01147	0.69820	0.05628	0.04956	0.02699	0.01048	0.04949	0.01001	0.00704	0.00997	0.00537	0.00388	0.00401	0.00124	0.03132	0.00336	0.00180	0.00435
6	0.00470	0.00380	0.00411	0.00404	0.00515	0.00328	0.00299	0.00580	0.00890	0.01119	0.23253	0.03358	0.60639	0.05076	0.00514	0.00136	0.00195	0.00752	0.00358	0.00321
7	0.00775	0.05488	0.73790	0.01098	0.01626	0.00905	0.08813	0.01187	0.00799	0.01176	0.00675	0.00804	0.00484	0.00351	0.00359	0.00118	0.00555	0.00289	0.00161	0.00547
8	0.00457	0.00326	0.00435	0.00522	0.00544	0.00305	0.00348	0.00522	0.00718	0.00958	0.02068	0.86570	0.02481	0.01175	0.00479	0.00152	0.00218	0.01067	0.00348	0.00305
9	0.00450	0.00366	0.00399	0.00421	0.00519	0.00315	0.00304	0.00540	0.00825	0.01015	0.05958	0.25888	0.59686	0.01005	0.00453	0.00133	0.00197	0.00862	0.00350	0.00315
10	0.00886	0.01012	0.02214	0.01581	0.01961	0.00949	0.83112	0.01202	0.00886	0.01202	0.00759	0.01012	0.00569	0.00316	0.00443	0.00127	0.00633	0.00443	0.00190	0.00506
11	0.05464	0.74279	0.06015	0.00672	0.00994	0.05493	0.00671	0.01144	0.00772	0.00940	0.00532	0.00615	0.00477	0.00327	0.00251	0.00085	0.00417	0.00207	0.00166	0.00479
12	0.00546	0.00364	0.00409	0.00409	0.00409	0.00364	0.00227	0.00546	0.00546	0.00727	0.01182	0.02455	0.01364	0.86815	0.01910	0.00364	0.00364	0.00546	0.00227	0.00227
13	0.02525	0.25734	0.57598	0.00930	0.01403	0.01044	0.01136	0.01192	0.03177	0.01123	0.00653	0.00753	0.00495	0.00351	0.00322	0.00108	0.00499	0.00259	0.00167	0.00532
14	0.00577	0.00400	0.00514	0.00560	0.00606	0.00400	0.00429	0.00669	0.00715	0.00939	0.01612	0.03404	0.01789	0.41013	0.01167	0.00262	0.00354	0.44012	0.00290	0.00290
15	0.00878	0.01025	0.19495	0.00722	0.01097	0.02208	0.00698	0.12946	0.00929	0.01375	0.00701	0.00797	0.00548	0.00322	0.00311	0.00079	0.00366	0.00252	0.00230	0.55023
16	0.14001	0.07020	0.40043	0.00859	0.01244	0.00926	0.00940	0.03221	0.24068	0.02810	0.00899	0.00934	0.00665	0.00400	0.00338	0.00118	0.00426	0.00305	0.00242	0.00542
17	0.01074	0.00505	0.00672	0.00572	0.00757	0.00448	0.00456	0.01226	0.01032	0.40917	0.32665	0.04828	0.07528	0.00663	0.00417	0.00122	0.00256	0.04952	0.00427	0.00484
18	0.01286	0.00901	0.00973	0.00766	0.01021	0.00985	0.00622	0.61128	0.05672	0.06481	0.01014	0.01086	0.00754	0.05125	0.00446	0.00124	0.00373	0.00357	0.10307	0.00581
19	0.01147	0.01220	0.01096	0.00999	0.05648	0.34096	0.06816	0.06872	0.30032	0.02479	0.00982	0.01046	0.00768	0.00445	0.00401	0.00115	0.03563	0.01480	0.00275	0.00518
20	0.00965	0.00796	0.00955	0.10544	0.15953	0.05836	0.00702	0.16956	0.13860	0.01477	0.00979	0.01103	0.00759	0.00434	0.00388	0.00111	0.04671	0.00347	0.22664	0.00502
21	0.00545	0.00390	0.00457	0.00444	0.00555	0.00342	0.00331	0.00670	0.00931	0.05721	0.33524	0.11320	0.41651	0.00878	0.00443	0.00125	0.00195	0.00754	0.00379	0.00347

[dist]
# distance from previous block
# <min> <max>
0	16

[block]
# block no. 3 follows, 73 sequences, length 97
# corresponding to MSA columns:
# 223-319
name=unknown_D
#
# <colnr> <probs for GDERKNQSTAVLIFYWHMCP>
#	G	D	E	R	K	N	Q	S	T	A	V	L	I	F	Y	W	H	M	C	P
0	0.00859	0.00814	0.02385	0.31926	0.42904	0.00870	0.02472	0.01181	0.09311	0.02469	0.00789	0.01008	0.00620	0.00369	0.00375	0.00118	0.00453	0.00345	0.00203	0.00530
1	0.00588	0.00408	0.00522	0.00497	0.00595	0.00383	0.00378	0.00783	0.03756	0.04408	0.65157	0.04024	0.06942	0.02834	0.00477	0.00128	0.00203	0.06043	0.01509	0.00366
2	0.01256	0.00965	0.01031	0.00825	0.01098	0.01075	0.00669	0.55806	0.27441	0.02088	0.01091	0.01054	0.00795	0.00465	0.00375	0.00116	0.00373	0.00362	0.00374	0.02740
3	0.00881	0.03801	0.15662	0.12357	0.19194	0.06149	0.00876	0.01108	0.00818	0.04456	0.00694	0.00851	0.00549	0.00341	0.00354	0.00096	0.02476	0.00280	0.00200	0.28856
4	0.00992	0.84968	0.01933	0.00641	0.00956	0.01460	0.00638	0.01113	0.00759	0.00882	0.00533	0.00623	0.00492	0.00381	0.02276	0.00093	0.00416	0.00205	0.00161	0.00478
5	0.81496	0.00760	0.00665	0.01840	0.00832	0.02314	0.05197	0.01113	0.00662	0.01631	0.00539	0.00640	0.00418	0.00347	0.00248	0.00116	0.00320	0.00220	0.00228	0.00413
6	0.02131	0.09003	0.09811	0.06992	0.03547	0.07042	0.49935	0.02216	0.00866	0.01147	0.00699	0.00914	0.00538	0.00342	0.00423	0.00120	0.03219	0.00373	0.00185	0.00497
7	0.00633	0.00453	0.00641	0.00613	0.00672	0.00525	0.00468	0.05525	0.00643	0.00910	0.00899	0.01374	0.00851	0.06464	0.52886	0.18538	0.07000	0.00385	0.00202	0.00318
8	0.00674	0.00420	0.00488	0.00448	0.00588	0.00365	0.00344	0.00803	0.00941	0.14325	0.24689	0.02920	0.45625	0.00800	0.00424	0.00121	0.00206	0.00675	0.04765	0.00379
9	0.00543	0.00386	0.00511	0.00580	0.00640	0.00374	0.00455	0.00662	0.00795	0.01050	0.04970	0.30168	0.06811	0.08474	0.00613	0.00176	0.00288	0.39756	0.02427	0.00321
10	0.01605	0.00740	0.00931	0.00716	0.01007	0.00705	0.00591	0.21104	0.03188	0.63271	0.01344	0.01191	0.00865	0.00462	0.00377	0.00116	0.00341	0.00369	0.00441	0.00637
11	0.00946	0.00772	0.00824	0.00736	0.00943	0.00880	0.00574	0.03606	0.72776	0.04594	0.05096	0.01446	0.01225	0.00515	0.00380	0.00125	0.00291	0.00429	0.03265	0.00578
12	0.87539	0.00718	0.00550	0.00493	0.00722	0.00831	0.00405	0.01094	0.00648	0.01679	0.02337	0.00657	0.00474	0.00357	0.00237	0.00116	0.00288	0.00213	0.00236	0.00405
13	0.00859	0.00734	0.00775	0.00700	0.00897	0.00828	0.00544	0.03496	0.66903	0.01510	0.05943	0.01752	0.12274	0.00579	0.00393	0.00126	0.00279	0.00484	0.00379	0.00546
14	0.00534	0.00401	0.00598	0.00598	0.00666	0.00466	0.00465	0.00667	0.00608	0.00874	0.01065	0.01520	0.02744	0.02773	0.83489	0.00593	0.00987	0.00410	0.00204	0.00335
15	0.00909	0.00872	0.01488	0.09682	0.77247	0.00886	0.01142	0.01134	0.00845	0.01202	0.00702	0.00935	0.00586	0.00338	0.00372	0.00113	0.00451	0.00334	0.00184	0.00579
16	0.00778	0.00667	0.00778	0.00556	0.00889	0.00500	0.00445	0.00945	0.00778	0.01223	0.00667	0.00778	0.00556	0.00278	0.00278	0.00056	0.00278	0.00222	0.00222	0.89108
17	0.00776	0.00809	0.01598	0.40014	0.02151	0.00853	0.40129	0.01045	0.00813	0.01074	0.00804	0.06705	0.00665	0.00400	0.00414	0.00128	0.00544	0.00434	0.00190	0.00452
18	0.00494	0.00400	0.00491	0.00469	0.00581	0.00353	0.03036	0.00622	0.00908	0.01173	0.29606	0.08783	0.45582	0.02696	0.00479	0.00132	0.00211	0.03290	0.00362	0.00333
19	0.00796	0.00772	0.01214	0.36027	0.18220	0.00969	0.00977	0.00975	0.00702	0.00990	0.00606	0.00916	0.00516	0.00477	0.00710	0.00138	0.34045	0.00332	0.00169	0.00450
20	0.00662	0.00414	0.00457	0.00443	0.00544	0.00419	0.00333	0.00937	0.10925	0.01417	0.24525	0.05625	0.04502	0.00587	0.00342	0.00105	0.00193	0.00497	0.46696	0.00377
21	0.00602	0.00476	0.00671	0.00638	0.00675	0.00580	0.00487	0.00684	0.00580	0.00839	0.00916	0.01510	0.00913	0.18266	0.47978	0.05084	0.18172	0.00410	0.00197	0.00321
22	0.00914	0.52635	0.15375	0.00749	0.01050	0.05233	0.00763	0.01084	0.00749	0.00935	0.00602	0.00752	0.00533	0.00637	0.09953	0.00153	0.06999	0.00248	0.00167	0.00469
23	0.00608	0.00454	0.00536	0.00526	0.00608	0.00466	0.00374	0.00909	0.18102	0.01240	0.29776	0.20128	0.02283	0.18280	0.00729	0.00176	0.00248	0.00669	0.03520	0.00368
24	0.01099	0.04591	0.03992	0.00811	0.03682	0.12309	0.02373	0.16072	0.05212	0.13394	0.00902	0.00998	0.00696	0.00759	0.13103	0.00175	0.02525	0.00317	0.00278	0.16713
25	0.01089	0.07007	0.03341	0.01178	0.01438	0.30314	0.32068	0.05486	0.00941	0.01102	0.00651	0.00832	0.00525	0.00394	0.00493	0.00117	0.12022	0.00333	0.00195	0.00475
26	0.00489	0.00350	0.00458	0.00534	0.00564	0.00333	0.00360	0.03234	0.00753	0.01004	0.02030	0.83761	0.02421	0.01152	0.00475	0.00151	0.00224	0.01043	0.00349	0.00316
27	0.01440	0.01029	0.01113	0.00853	0.01153	0.01132	0.00705	0.78986	0.01728	0.06653	0.00931	0.00920	0.00653	0.00451	0.00375	0.00113	0.00408	0.00340	0.00380	0.00638
28	0.00514	0.00369	0.00510	0.00573	0.00624	0.00348	0.02043	0.00611	0.00768	0.02259	0.03719	0.62348	0.05408	0.01103	0.00482	0.00154	0.00251	0.17243	0.00348	0.00323
29	0.01030	0.00924	0.01442	0.02010	0.67519	0.00947	0.01062	0.17855	0.01039	0.01457	0.00745	0.00923	0.00603	0.00358	0.00372	0.00112	0.00439	0.00335	0.00224	0.00603
30	0.00550	0.00365	0.00428	0.00428	0.00434	0.00370	0.00251	0.00553	0.00547	0.00735	0.01143	0.02315	0.01296	0.76065	0.08517	0.04611	0.00413	0.00524	0.00222	0.00233
31	0.01049	0.12423	0.48874	0.00906	0.01351	0.00893	0.01049	0.06795	0.00920	0.20970	0.00860	0.00890	0.00594	0.00384	0.00348	0.00113	0.00470	0.00295	0.00245	0.00571
32	0.00709	0.00667	0.01125	0.85913	0.02584	0.00834	0.01042	0.00959	0.00750	0.00959	0.00667	0.01000	0.00500	0.00375	0.00375	0.00125	0.00500	0.00333	0.00167	0.00417
33	0.08762	0.00608	0.00749	0.00666	0.00724	0.00775	0.00542	0.00909	0.00672	0.01188	0.00812	0.01052	0.00688	0.00534	0.00722	0.00127	0.41171	0.00326	0.38591	0.00384
34	0.00714	0.00571	0.00641	0.00629	0.00743	0.00624	0.00461	0.02573	0.38967	0.01233	0.01652	0.28100	0.01638	0.14763	0.00667	0.00176	0.00288	0.04784	0.00344	0.00433
35	0.03948	0.67073	0.01736	0.00711	0.02735	0.09061	0.00649	0.05080	0.02914	0.01009	0.00623	0.00695	0.01748	0.00348	0.00265	0.00087	0.00418	0.00228	0.00185	0.00485
36	0.01387	0.00809	0.00939	0.00738	0.01001	0.00839	0.00602	0.40607	0.05081	0.30858	0.03806	0.01183	0.00892	0.01985	0.03162	0.00134	0.00375	0.00372	0.04636	0.00597
37	0.00736	0.12479	0.54112	0.00894	0.01296	0.02819	0.01052	0.01044	0.00779	0.01093	0.00952	0.19228	0.00908	0.00529	0.00368	0.00121	0.00465	0.00436	0.00200	0.00489
38	0.01017	0.01069	0.00789	0.00717	0.00870	0.40875	0.00541	0.01151	0.01057	0.06529	0.36520	0.01717	0.04480	0.00572	0.00389	0.00108	0.00425	0.00455	0.00309	0.00410
39	0.00624	0.00528	0.03063	0.00593	0.00721	0.00503	0.03635	0.00904	0.10963	0.02776	0.52557	0.05167	0.09126	0.00758	0.01890	0.00132	0.04669	0.00621	0.00371	0.00397
40	0.01045	0.21587	0.01298	0.01044	0.16839	0.02304	0.02661	0.09248	0.30207	0.06703	0.01029	0.01043	0.00792	0.00414	0.00343	0.00110	0.00374	0.00338	0.02055	0.00565
41	0.00551	0.00370	0.00429	0.00437	0.00446	0.00370	0.00265	0.00569	0.00577	0.00767	0.01262	0.02631	0.01443	0.78312	0.01772	0.00345	0.00362	0.08614	0.00239	0.00239
42	0.00764	0.09135	0.21917	0.00734	0.02035	0.00672	0.02567	0.00994	0.03592	0.09410	0.09367	0.18483	0.11408	0.00657	0.00429	0.00124	0.04101	0.00551	0.02613	0.00447
43	0.00505	0.00386	0.00446	0.00467	0.00559	0.00354	0.00347	0.00650	0.03864	0.01116	0.14148	0.22910	0.38205	0.01871	0.00462	0.00136	0.00214	0.08023	0.05004	0.00332
44	0.00461	0.00331	0.00438	0.00521	0.00549	0.00309	0.00352	0.00531	0.00731	0.00970	0.03153	0.80859	0.05141	0.01160	0.00478	0.00152	0.00219	0.02988	0.00349	0.00307
45	0.01435	0.01037	0.01118	0.00857	0.01157	0.01144	0.00708	0.80576	0.01742	0.05043	0.00920	0.00913	0.00647	0.00451	0.00375	0.00113	0.00410	0.00339	0.00378	0.00638
46	0.01043	0.42416	0.17644	0.00822	0.01160	0.10204	0.02543	0.12010	0.04715	0.01179	0.00657	0.00736	0.00533	0.00369	0.00326	0.00099	0.02571	0.00256	0.00203	0.00515
47	0.01003	0.87041	0.01966	0.00642	0.00963	0.01485	0.00642	0.01123	0.00762	0.00883	0.00522	0.00602	0.00481	0.00321	0.00241	0.00080	0.00401	0.00201	0.00160	0.00481
48	0.00587	0.00387	0.00576	0.00572	0.00626	0.00432	0.00431	0.00648	0.00593	0.02497	0.02493	0.01429	0.00924	0.03585	0.60664	0.21863	0.00803	0.00390	0.00201	0.00298
49	0.01263	0.00959	0.01026	0.00825	0.01095	0.01073	0.00669	0.53869	0.29755	0.03737	0.01126	0.01079	0.00817	0.00471	0.00378	0.00118	0.00371	0.00368	0.00379	0.00623
50	0.00929	0.00891	0.01523	0.02303	0.84475	0.00891	0.01151	0.01151	0.00854	0.01226	0.00706	0.00929	0.00594	0.00334	0.00371	0.00111	0.00446	0.00334	0.00186	0.00594
51	0.00945	0.00696	0.00778	0.00676	0.00852	0.00737	0.00535	0.39997	0.01246	0.01650	0.03732	0.15741	0.11986	0.08128	0.00552	0.00150	0.00334	0.10449	0.00352	0.00465
52	0.00527	0.00376	0.00484	0.00478	0.00559	0.00344	0.00350	0.00674	0.00975	0.02653	0.59648	0.20031	0.09774	0.00861	0.00449	0.00126	0.00189	0.00763	0.00395	0.00345
53	0.00669	0.00580	0.00763	0.00691	0.00695	0.00733	0.00519	0.00714	0.00577	0.00832	0.00963	0.07300	0.02622	0.38373	0.01463	0.00250	0.41246	0.00481	0.00208	0.00322
54	0.00457	0.00326	0.00435	0.00522	0.00544	0.00305	0.00348	0.00522	0.00718	0.00958	0.02068	0.86570	0.02481	0.01175	0.00479	0.00152	0.00218	0.01067	0.00348	0.00305
55	0.00878	0.01028	0.07406	0.02776	0.01697	0.02424	0.55730	0.03802	0.00853	0.01179	0.00743	0.02667	0.00594	0.00400	0.00560	0.00131	0.14676	0.00415	0.01553	0.00489
56	0.01079	0.03108	0.06471	0.00761	0.00978	0.24801	0.02258	0.12983	0.15066	0.03758	0.01011	0.01074	0.01535	0.00471	0.01748	0.00113	0.00430	0.00329	0.21541	0.00484
57	0.02007	0.78686	0.07453	0.00675	0.01008	0.03107	0.00690	0.01135	0.00769	0.00913	0.00533	0.00616	0.00480	0.00325	0.00250	0.00084	0.00416	0.00207	0.00162	0.00485
58	0.00709	0.00667	0.01125	0.85913	0.02584	0.00834	0.01042	0.00959	0.00750	0.00959	0.00667	0.01000	0.00500	0.00375	0.00375	0.00125	0.00500	0.00333	0.00167	0.00417
59	0.02362	0.00681	0.00831	0.06693	0.00984	0.00778	0.00592	0.27870	0.07732	0.01441	0.00979	0.01261	0.00825	0.05723	0.34893	0.00327	0.03153	0.00379	0.02036	0.00459
60	0.00479	0.00371	0.00437	0.00443	0.00535	0.00329	0.00324	0.00600	0.00907	0.01190	0.34117	0.19509	0.37563	0.00924	0.00450	0.00128	0.00190	0.00802	0.00373	0.00329
61	0.00777	0.01769	0.69588	0.01164	0.01686	0.00886	0.16497	0.01191	0.00809	0.01191	0.00689	0.00833	0.00493	0.00349	0.00372	0.00120	0.00569	0.00308	0.00164	0.00546
62	0.00531	0.00364	0.00419	0.00430	0.00446	0.00357	0.00260	0.00556	0.00611	0.00808	0.04244	0.10918	0.07147	0.66859	0.01574	0.00312	0.00331	0.03324	0.00258	0.00249
63	0.00833	0.00857	0.01351	0.01098	0.01170	0.01111	0.16405	0.00959	0.00633	0.00959	0.00543	0.00857	0.00507	0.00592	0.01082	0.00157	0.69938	0.00350	0.00169	0.00429
64	0.01223	0.00881	0.00897	0.00754	0.00987	0.10307	0.00598	0.17462	0.30498	0.21755	0.09444	0.01331	0.01157	0.00499	0.00381	0.00117	0.00356	0.00401	0.00382	0.00572
65	0.04129	0.00803	0.01389	0.04986	0.15415	0.00747	0.27049	0.01302	0.00899	0.24117	0.00947	0.02628	0.00697	0.00374	0.00380	0.00111	0.00440	0.00374	0.00272	0.12938
66	0.33242	0.00716	0.02417	0.00697	0.00882	0.00791	0.04106	0.09391	0.00795	0.05263	0.00828	0.01177	0.00719	0.00922	0.16538	0.00217	0.11145	0.06861	0.00249	0.03043
67	0.89465	0.00726	0.00551	0.00493	0.00726	0.00842	0.00406	0.01103	0.00638	0.01683	0.00522	0.00609	0.00406	0.00348	0.00232	0.00116	0.00290	0.00203	0.00232	0.00406
68	0.00687	0.00521	0.00764	0.30123	0.04827	0.00583	0.01457	0.00848	0.00753	0.04043	0.02193	0.14115	0.06180	0.08742	0.00558	0.00145	0.04318	0.00500	0.18264	0.00378
69	0.00680	0.00614	0.00879	0.00796	0.00829	0.00813	0.00647	0.00788	0.00589	0.00887	0.00746	0.01144	0.00713	0.01724	0.42829	0.00381	0.44023	0.00365	0.00182	0.00373
70	0.00611	0.00458	0.00664	0.00638	0.00700	0.00546	0.00498	0.00731	0.00613	0.03865	0.00973	0.01455	0.00913	0.08068	0.66753	0.00518	0.11041	0.00402	0.00208	0.00348
71	0.00822	0.00792	0.05110	0.41824	0.14386	0.00845	0.02987	0.04791	0.13264	0.02863	0.05006	0.01166	0.02062	0.00425	0.00397	0.00123	0.02045	0.00372	0.00232	0.00488
72	0.00773	0.00631	0.00701	0.00661	0.00815	0.00691	0.00508	0.05841	0.43658	0.01431	0.11873	0.16550	0.07455	0.00718	0.00419	0.00133	0.00271	0.06016	0.00375	0.00482
73	0.00709	0.00667	0.01125	0.85913	0.02584	0.00834	0.01042	0.00959	0.00750	0.00959	0.00667	0.01000	0.00500	0.00375	0.00375	0.00125	0.00500	0.00333	0.00167	0.00417
74	0.00477	0.00377	0.00410	0.00421	0.00530	0.00323	0.00311	0.00574	0.00848	0.02594	0.07978	0.17680	0.62606	0.00971	0.00450	0.00131	0.00200	0.02442	0.00354	0.00323
75	0.00778	0.00667	0.00778	0.00556	0.00889	0.00500	0.00445	0.00945	0.00778	0.01223	0.00667	0.00778	0.00556	0.00278	0.00278	0.00056	0.00278	0.00222	0.00222	0.89108
76	0.00849	0.00808	0.01362	0.32654	0.52656	0.00871	0.01098	0.01102	0.02858	0.01137	0.00712	0.00966	0.00574	0.00353	0.00373	0.00117	0.00462	0.00336	0.00184	0.00530
77	0.00572	0.00394	0.00471	0.00462	0.00485	0.00410	0.00291	0.03259	0.00596	0.00809	0.01138	0.02212	0.01257	0.67500	0.18251	0.00403	0.00491	0.00511	0.00227	0.00262
78	0.89465	0.00726	0.00551	0.00493	0.00726	0.00842	0.00406	0.01103	0.00638	0.01683	0.00522	0.00609	0.00406	0.00348	0.00232	0.00116	0.00290	0.00203	0.00232	0.00406
79	0.00721	0.00686	0.01148	0.77398	0.02442	0.00861	0.02606	0.00959	0.00739	0.00959	0.00654	0.00986	0.00501	0.00397	0.00446	0.00128	0.07449	0.00335	0.00167	0.00418
80	0.01086	0.64008	0.01679	0.00659	0.00961	0.01312	0.00624	0.12428	0.01845	0.06347	0.00684	0.00739	0.00565	0.00356	0.00270	0.00088	0.00384	0.00241	0.05217	0.00507
81	0.00499	0.00356	0.00463	0.00532	0.00569	0.00340	0.00378	0.00578	0.00729	0.00959	0.02011	0.52992	0.06593	0.13973	0.00699	0.00187	0.00264	0.17247	0.00330	0.00302
82	0.04329	0.03872	0.00970	0.01732	0.14984	0.01739	0.00642	0.13736	0.08522	0.26673	0.12432	0.01399	0.03835	0.00489	0.00373	0.00114	0.00333	0.00407	0.02867	0.00552
83	0.00536	0.00397	0.00583	0.00584	0.00645	0.00457	0.00445	0.00657	0.00599	0.00859	0.01036	0.02786	0.00999	0.10365	0.76585	0.00575	0.00936	0.00424	0.00205	0.00325
84	0.00927	0.15536	0.01147	0.00837	0.00941	0.18022	0.00692	0.01026	0.00739	0.00947	0.00729	0.07233	0.00721	0.00581	0.00740	0.00131	0.39540	0.03000	0.06098	0.00413
85	0.00787	0.01663	0.03974	0.17205	0.17090	0.00731	0.03450	0.03357	0.00759	0.04928	0.00826	0.01169	0.00713	0.06591	0.21954	0.00255	0.07156	0.00358	0.00207	0.06828
86	0.00834	0.00748	0.06532	0.03543	0.01073	0.00601	0.10758	0.01868	0.01722	0.08719	0.09139	0.03074	0.03602	0.00420	0.00377	0.00093	0.03378	0.00364	0.03145	0.40012
87	0.01306	0.01101	0.01016	0.00832	0.01081	0.18678	0.00664	0.46163	0.10363	0.06239	0.06504	0.02483	0.00900	0.00477	0.00375	0.00112	0.00432	0.00364	0.00345	0.00566
88	0.00943	0.00508	0.00557	0.00494	0.00647	0.00518	0.00386	0.06672	0.12439	0.15285	0.01287	0.01346	0.00960	0.00452	0.00305	0.00099	0.00232	0.00364	0.56054	0.00451
89	0.02047	0.60287	0.23169	0.00784	0.01164	0.02351	0.03534	0.01147	0.00776	0.00982	0.00569	0.00665	0.00482	0.00331	0.00278	0.00092	0.00450	0.00229	0.00162	0.00499
90	0.00731	0.00399	0.00532	0.00547	0.00634	0.00363	0.00393	0.00824	0.00819	0.18989	0.06377	0.59668	0.03426	0.00981	0.00451	0.00141	0.00238	0.01968	0.02138	0.00381
91	0.00516	0.00377	0.00513	0.00532	0.00583	0.00399	0.00386	0.00612	0.00663	0.00911	0.05627	0.20108	0.07094	0.16871	0.40990	0.00400	0.00615	0.02234	0.00260	0.00310
92	0.00513	0.00381	0.00451	0.00451	0.00524	0.00353	0.00319	0.00629	0.02071	0.01125	0.31031	0.11069	0.24143	0.21032	0.00792	0.00184	0.00237	0.04038	0.00343	0.00313
93	0.19201	0.00554	0.00623	0.00524	0.00720	0.00522	0.00413	0.02327	0.00929	0.11572	0.38481	0.01719	0.01918	0.00539	0.00356	0.00105	0.00242	0.00445	0.00342	0.18468
94	0.43235	0.00719	0.00737	0.00600	0.00860	0.00752	0.00495	0.10361	0.00937	0.34712	0.00958	0.00922	0.00650	0.00407	0.00306	0.00115	0.00313	0.00290	0.02110	0.00523
95	0.01176	0.08078	0.03690	0.00698	0.00939	0.05218	0.00587	0.20007	0.06855	0.24736	0.21548	0.01500	0.01455	0.00525	0.00380	0.00113	0.00338	0.01246	0.00375	0.00536
96	0.55358	0.00852	0.00774	0.00637	0.00895	0.00966	0.00525	0.32917	0.01075	0.01947	0.00669	0.00722	0.00496	0.00388	0.00288	0.00115	0.00338	0.00255	0.00288	0.00496

[dist]
# distance from previous block
# <min> <max>
0	8

[block]
# block no. 4 follows, 73 sequences, length 19
# corresponding to MSA columns:
# 328-346
name=unknown_E
#
# <colnr> <probs for GDERKNQSTAVLIFYWHMCP>
#	G	D	E	R	K	N	Q	S	T	A	V	L	I	F	Y	W	H	M	C	P
0	0.21798	0.08288	0.00991	0.06507	0.01084	0.10632	0.00612	0.24069	0.01051	0.03086	0.00687	0.00772	0.00531	0.00378	0.00331	0.00101	0.02550	0.00264	0.00258	0.16010
1	0.00779	0.08512	0.74332	0.01061	0.01589	0.00923	0.05375	0.01184	0.00794	0.01165	0.00666	0.00788	0.00480	0.00352	0.00352	0.00116	0.00546	0.00279	0.00160	0.00546
2	0.00525	0.00380	0.00459	0.00452	0.00548	0.00340	0.00334	0.00659	0.00940	0.03361	0.42771	0.15166	0.28853	0.00869	0.00442	0.00125	0.00191	0.00755	0.02487	0.00342
3	0.00539	0.00392	0.00551	0.00551	0.00599	0.00441	0.00404	0.00636	0.00587	0.00832	0.01053	0.01739	0.01053	0.25534	0.62766	0.00538	0.00831	0.00441	0.00208	0.00306
4	0.00709	0.00667	0.01125	0.85913	0.02584	0.00834	0.01042	0.00959	0.00750	0.00959	0.00667	0.01000	0.00500	0.00375	0.00375	0.00125	0.00500	0.00333	0.00167	0.00417
5	0.00464	0.00333	0.00436	0.00516	0.00543	0.00311	0.00347	0.00530	0.00721	0.00955	0.02109	0.77392	0.06149	0.04593	0.00536	0.00160	0.00225	0.03034	0.00343	0.00303
6	0.01376	0.07143	0.01120	0.00946	0.01147	0.80044	0.00720	0.01475	0.01044	0.00916	0.00576	0.00672	0.00483	0.00382	0.00332	0.00096	0.00659	0.00239	0.00191	0.00438
7	0.00476	0.00344	0.00453	0.00535	0.00565	0.00327	0.00364	0.00573	0.03083	0.00981	0.02050	0.81273	0.02432	0.01152	0.00477	0.00152	0.00224	0.03875	0.00349	0.00314
8	0.00785	0.12992	0.74105	0.01014	0.01538	0.00951	0.01290	0.01180	0.00788	0.01148	0.00654	0.00767	0.00476	0.00352	0.00341	0.00114	0.00535	0.00267	0.00159	0.00545
9	0.00774	0.00811	0.05352	0.24549	0.04385	0.00773	0.34650	0.01028	0.00843	0.03560	0.06468	0.09444	0.03220	0.00481	0.00421	0.00128	0.00491	0.01943	0.00227	0.00453
10	0.89465	0.00726	0.00551	0.00493	0.00726	0.00842	0.00406	0.01103	0.00638	0.01683	0.00522	0.00609	0.00406	0.00348	0.00232	0.00116	0.00290	0.00203	0.00232	0.00406
11	0.00769	0.00770	0.01442	0.56049	0.06039	0.00860	0.24746	0.01036	0.00795	0.01050	0.00707	0.01009	0.00534	0.00358	0.00392	0.00124	0.00529	0.00365	0.01978	0.00449
12	0.00544	0.00371	0.00448	0.00448	0.00461	0.00385	0.00276	0.00571	0.00557	0.00756	0.01147	0.02258	0.01279	0.69974	0.18634	0.00412	0.00492	0.00517	0.00222	0.00249
13	0.00534	0.00383	0.00507	0.00579	0.00629	0.00372	0.00429	0.03902	0.00798	0.01057	0.02000	0.61963	0.02325	0.01111	0.00485	0.00156	0.00258	0.21837	0.00349	0.00329
14	0.01137	0.01139	0.01255	0.14642	0.14061	0.29043	0.11667	0.07592	0.02747	0.08839	0.00816	0.03899	0.00651	0.00410	0.00375	0.00113	0.00531	0.00349	0.00236	0.00499
15	0.03657	0.00802	0.00892	0.00661	0.00980	0.00741	0.00537	0.29617	0.01117	0.01634	0.00744	0.00816	0.00580	0.00340	0.00310	0.00077	0.00325	0.00262	0.00276	0.55630
16	0.00522	0.00364	0.00478	0.00501	0.00529	0.00377	0.00338	0.00578	0.00623	0.00852	0.03752	0.25207	0.01585	0.33424	0.25830	0.03354	0.00504	0.00643	0.00256	0.00281
17	0.00859	0.02415	0.17745	0.02271	0.13444	0.00846	0.26967	0.05908	0.08100	0.02551	0.08888	0.03859	0.00986	0.00437	0.00402	0.00121	0.00473	0.01983	0.00243	0.01504
18	0.00773	0.00619	0.00687	0.00637	0.00789	0.00667	0.00484	0.11114	0.33974	0.01458	0.14171	0.21305	0.10291	0.00739	0.00419	0.00130	0.00264	0.00637	0.00375	0.00469

[dist]
# distance from previous block
# <min> <max>
4	18

[block]
# block no. 5 follows, 73 sequences, length 7
# corresponding to MSA columns:
# 366-372
name=unknown_F
#
# <colnr> <probs for GDERKNQSTAVLIFYWHMCP>
#	G	D	E	R	K	N	Q	S	T	A	V	L	I	F	Y	W	H	M	C	P
0	0.05677	0.00640	0.00572	0.00550	0.00673	0.13847	0.00418	0.03261	0.00947	0.01241	0.26177	0.10556	0.23395	0.00759	0.00411	0.00121	0.00286	0.05246	0.04861	0.00363
1	0.03733	0.08881	0.01139	0.00995	0.07046	0.55171	0.00731	0.06389	0.04930	0.01084	0.00695	0.00866	0.00590	0.00417	0.00365	0.00104	0.02968	0.03214	0.00216	0.00465
2	0.00864	0.00626	0.00775	0.00753	0.07306	0.02469	0.00544	0.07388	0.07365	0.10083	0.23934	0.01748	0.07486	0.00597	0.00512	0.00120	0.13338	0.00472	0.13170	0.00450
3	0.16348	0.00450	0.00457	0.00438	0.00557	0.00465	0.00334	0.00897	0.05146	0.01450	0.23817	0.05132	0.05776	0.00569	0.00330	0.00107	0.00205	0.00467	0.36685	0.00370
4	0.04358	0.23820	0.09890	0.02372	0.02600	0.08055	0.04783	0.21129	0.06407	0.10380	0.02255	0.00894	0.00666	0.00398	0.00335	0.00106	0.00433	0.00303	0.00271	0.00544
5	0.00511	0.00397	0.00456	0.00454	0.00551	0.00364	0.00335	0.00665	0.04418	0.01164	0.28191	0.08863	0.37880	0.09158	0.00588	0.00151	0.00217	0.04947	0.00358	0.00332
6	0.01244	0.01534	0.05674	0.00876	0.01084	0.62138	0.00694	0.07015	0.01060	0.01077	0.00887	0.00963	0.06510	0.00433	0.00344	0.00100	0.00578	0.00298	0.07049	0.00441

[dist]
# distance from previous block
# <min> <max>
0	6

[block]
# block no. 6 follows, 73 sequences, length 13
# corresponding to MSA columns:
# 379-391
name=unknown_G
#
# <colnr> <probs for GDERKNQSTAVLIFYWHMCP>
#	G	D	E	R	K	N	Q	S	T	A	V	L	I	F	Y	W	H	M	C	P
0	0.02339	0.13514	0.12752	0.04386	0.02875	0.03873	0.00686	0.12200	0.00955	0.03885	0.08491	0.00981	0.00828	0.00380	0.00323	0.00090	0.00372	0.00297	0.00246	0.30526
1	0.00900	0.03882	0.06334	0.00658	0.00859	0.02635	0.00559	0.16663	0.09708	0.09264	0.31134	0.01915	0.05383	0.02314	0.03527	0.00140	0.00331	0.02958	0.00360	0.00474
2	0.00938	0.01016	0.01132	0.00981	0.01020	0.18118	0.00801	0.01023	0.00673	0.00906	0.00510	0.00792	0.00491	0.00602	0.01051	0.00151	0.68899	0.00311	0.00170	0.00415
3	0.37661	0.00910	0.00899	0.00765	0.00946	0.16165	0.09030	0.01090	0.00768	0.01311	0.08391	0.00970	0.00782	0.02344	0.03706	0.00145	0.13169	0.00312	0.00226	0.00411
4	0.00474	0.00336	0.00443	0.00522	0.00545	0.00318	0.00352	0.00540	0.00711	0.00946	0.01980	0.73881	0.02358	0.09149	0.00615	0.00173	0.00239	0.05782	0.00337	0.00300
5	0.00524	0.00371	0.00447	0.00469	0.00514	0.00354	0.00314	0.02157	0.00755	0.01013	0.14802	0.30620	0.11105	0.29707	0.00943	0.00213	0.00264	0.03081	0.02050	0.00296
6	0.01194	0.00600	0.00744	0.00611	0.00824	0.00569	0.00489	0.12810	0.03568	0.39339	0.17249	0.05259	0.07500	0.00584	0.00390	0.00116	0.00281	0.00487	0.06859	0.00525
7	0.00783	0.00472	0.00563	0.00516	0.00622	0.00467	0.00375	0.03401	0.09020	0.13107	0.20879	0.04038	0.03128	0.27999	0.00877	0.00196	0.00283	0.03612	0.09279	0.00384
8	0.73777	0.00745	0.00630	0.00541	0.00785	0.00842	0.00446	0.08172	0.00775	0.09482	0.00644	0.00697	0.00475	0.00368	0.00258	0.00116	0.00303	0.00231	0.00266	0.00448
9	0.02721	0.00667	0.00734	0.00692	0.00851	0.00745	0.00539	0.05483	0.48277	0.01409	0.03271	0.08805	0.01448	0.08692	0.00552	0.00158	0.00308	0.13805	0.00356	0.00489
10	0.01008	0.07136	0.28829	0.01007	0.09369	0.04482	0.03471	0.12413	0.06205	0.11719	0.04118	0.02201	0.05496	0.00446	0.00368	0.00115	0.00438	0.00365	0.00268	0.00547
11	0.06011	0.21626	0.26843	0.00811	0.02300	0.05659	0.02442	0.03144	0.04120	0.08947	0.03987	0.03584	0.07136	0.00454	0.00349	0.00110	0.01390	0.00351	0.00238	0.00499
12	0.66645	0.00914	0.00680	0.00601	0.00832	0.13779	0.00483	0.06897	0.03832	0.01609	0.00594	0.00669	0.00461	0.00367	0.00264	0.00113	0.00358	0.00226	0.00242	0.00434

[dist]
# distance from previous block
# <min> <max>
0	1

[block]
# block no. 7 follows, 73 sequences, length 18
# corresponding to MSA columns:
# 394-411
name=unknown_H
#
# <colnr> <probs for GDERKNQSTAVLIFYWHMCP>
#	G	D	E	R	K	N	Q	S	T	A	V	L	I	F	Y	W	H	M	C	P
0	0.00762	0.00660	0.00884	0.18773	0.09801	0.00749	0.00689	0.01288	0.32546	0.01275	0.11501	0.01502	0.03069	0.00868	0.13782	0.00199	0.00449	0.00432	0.00291	0.00480
1	0.00557	0.00433	0.00595	0.13944	0.00882	0.00435	0.00461	0.00750	0.02376	0.01365	0.60962	0.05519	0.08836	0.00729	0.00432	0.00121	0.00232	0.00642	0.00367	0.00363
2	0.00789	0.03485	0.67768	0.01269	0.14683	0.00889	0.03579	0.01181	0.00804	0.01188	0.00678	0.00816	0.00497	0.00351	0.00359	0.00117	0.00536	0.00289	0.00164	0.00558
3	0.00866	0.00427	0.00516	0.00476	0.00580	0.00406	0.00345	0.00970	0.00774	0.21232	0.01352	0.06596	0.01226	0.28682	0.02222	0.00200	0.00295	0.04374	0.28084	0.00377
4	0.00647	0.00329	0.00494	0.00494	0.00496	0.00332	0.00332	0.00496	0.00494	0.00661	0.00667	0.01154	0.00664	0.01367	0.04990	0.85367	0.00354	0.00329	0.00165	0.00170
5	0.00948	0.73368	0.01733	0.00618	0.00888	0.01302	0.00592	0.01023	0.00719	0.00846	0.00542	0.00687	0.00508	0.00476	0.00434	0.14114	0.00389	0.00220	0.00161	0.00431
6	0.00802	0.00694	0.00889	0.14072	0.01188	0.00631	0.01923	0.05989	0.00820	0.01223	0.00686	0.00851	0.00563	0.00413	0.03359	0.00096	0.04517	0.00262	0.00219	0.60804
7	0.00692	0.00630	0.01043	0.72476	0.02299	0.00770	0.00973	0.00930	0.00768	0.00984	0.00875	0.01510	0.00762	0.00479	0.00398	0.00133	0.00476	0.13202	0.00195	0.00406
8	0.01262	0.09239	0.01081	0.00770	0.01037	0.00960	0.02628	0.39650	0.10782	0.16618	0.05407	0.01232	0.00946	0.00481	0.00370	0.00114	0.00365	0.03291	0.03186	0.00580
9	0.02948	0.00740	0.01180	0.41045	0.23456	0.00805	0.02815	0.01034	0.00783	0.03135	0.00688	0.00937	0.00543	0.00361	0.00393	0.00112	0.04064	0.00316	0.00190	0.14454
10	0.07401	0.05123	0.01045	0.04665	0.04686	0.16603	0.07054	0.14497	0.08485	0.07994	0.15577	0.01306	0.03002	0.00479	0.00371	0.00113	0.00411	0.00392	0.00302	0.00493
11	0.00764	0.00632	0.00988	0.57398	0.07544	0.00747	0.00866	0.04701	0.00814	0.02312	0.00821	0.02386	0.00638	0.00401	0.00355	0.00117	0.00423	0.00349	0.17316	0.00427
12	0.00792	0.00527	0.00810	0.00663	0.00834	0.00489	0.13423	0.01000	0.02820	0.14462	0.40732	0.02126	0.07482	0.00613	0.00408	0.00116	0.00274	0.00555	0.11449	0.00425
13	0.46511	0.00707	0.00749	0.14024	0.01095	0.00782	0.00558	0.05945	0.02346	0.20739	0.00822	0.00875	0.00581	0.00390	0.00300	0.00117	0.00334	0.00279	0.02369	0.00477
14	0.00738	0.00606	0.00749	0.00795	0.12208	0.02538	0.00526	0.05316	0.08437	0.03345	0.21723	0.09537	0.14888	0.00646	0.00399	0.00113	0.00278	0.02416	0.00325	0.14416
15	0.00613	0.00444	0.00546	0.00577	0.00646	0.00443	0.00410	0.13567	0.00889	0.01184	0.01919	0.69676	0.03903	0.01054	0.00463	0.00146	0.00250	0.02561	0.00352	0.00358
16	0.09656	0.29950	0.03032	0.02964	0.00891	0.00925	0.03287	0.07551	0.00829	0.02197	0.03463	0.05368	0.00832	0.04926	0.03044	0.00128	0.02567	0.00338	0.14205	0.03847
17	0.07886	0.00430	0.00487	0.00463	0.00579	0.00413	0.00349	0.02098	0.00881	0.04151	0.28148	0.14296	0.05107	0.00663	0.00366	0.00111	0.00209	0.01677	0.26045	0.05641

[dist]
# distance from previous block
# <min> <max>
4	38

[block]
# block no. 8 follows, 73 sequences, length 6
# corresponding to MSA columns:
# 450-455
name=unknown_I
#
# <colnr> <probs for GDERKNQSTAVLIFYWHMCP>
#	G	D	E	R	K	N	Q	S	T	A	V	L	I	F	Y	W	H	M	C	P
0	0.00502	0.00382	0.00462	0.00442	0.00543	0.00342	0.00331	0.00652	0.00994	0.01344	0.57904	0.03067	0.30013	0.00827	0.00443	0.00121	0.00181	0.00716	0.00392	0.00342
1	0.01057	0.00867	0.00918	0.00789	0.01023	0.00991	0.00624	0.22379	0.63209	0.01769	0.01370	0.01275	0.01018	0.00494	0.00380	0.00124	0.00326	0.00402	0.00380	0.00605
2	0.01377	0.00723	0.00880	0.00705	0.00954	0.00731	0.00573	0.17371	0.14513	0.44226	0.05105	0.01285	0.01014	0.00488	0.00403	0.00117	0.03217	0.00388	0.05335	0.00594
3	0.00589	0.00443	0.00535	0.00561	0.00641	0.00443	0.00404	0.07235	0.08838	0.01180	0.08168	0.54471	0.10137	0.00997	0.00457	0.00143	0.00240	0.03795	0.00358	0.00365
4	0.01201	0.06825	0.06197	0.03972	0.24004	0.04123	0.02799	0.21491	0.01116	0.18830	0.00921	0.00982	0.00670	0.00398	0.00359	0.00110	0.00416	0.00331	0.04676	0.00578
5	0.05464	0.00432	0.00481	0.00460	0.00498	0.00452	0.00290	0.06080	0.00636	0.00901	0.01112	0.02169	0.01228	0.69297	0.08719	0.00354	0.00417	0.00501	0.00235	0.00273

[dist]
# distance from previous block
# <min> <max>
0	2

[block]
# block no. 9 follows, 73 sequences, length 25
# corresponding to MSA columns:
# 458-482
name=unknown_J
#
# <colnr> <probs for GDERKNQSTAVLIFYWHMCP>
#	G	D	E	R	K	N	Q	S	T	A	V	L	I	F	Y	W	H	M	C	P
0	0.02497	0.04674	0.04029	0.21350	0.13007	0.29859	0.05156	0.01198	0.00880	0.01042	0.00636	0.00820	0.00514	0.00360	0.00360	0.00104	0.01977	0.00285	0.00187	0.11066
1	0.25954	0.28487	0.01213	0.00691	0.00966	0.07646	0.00599	0.23221	0.05552	0.01545	0.00683	0.00733	0.00539	0.00379	0.00290	0.00103	0.00389	0.00253	0.00253	0.00505
2	0.55808	0.00713	0.00679	0.00562	0.00819	0.00755	0.00462	0.05007	0.00817	0.24425	0.00811	0.00816	0.00569	0.00380	0.00281	0.00112	0.00303	0.00258	0.00302	0.06120
3	0.00471	0.00345	0.00465	0.03785	0.00628	0.00330	0.00381	0.00548	0.00730	0.00966	0.02084	0.77116	0.05808	0.01131	0.00475	0.00151	0.00232	0.03704	0.00341	0.00311
4	0.02544	0.01171	0.04246	0.02429	0.01150	0.24623	0.04087	0.16801	0.28469	0.01440	0.00977	0.01040	0.00757	0.00464	0.00434	0.00119	0.06977	0.01456	0.00288	0.00529
5	0.00524	0.00375	0.00475	0.00523	0.00573	0.00362	0.00384	0.00611	0.00742	0.00971	0.05146	0.27302	0.11858	0.23128	0.02349	0.00216	0.00300	0.23543	0.00316	0.00300
6	0.20018	0.00642	0.00782	0.00619	0.00885	0.00600	0.00509	0.01609	0.00982	0.62355	0.06221	0.01228	0.00975	0.00458	0.00351	0.00116	0.00305	0.00359	0.00413	0.00573
7	0.00697	0.00498	0.00578	0.00537	0.00663	0.00514	0.00409	0.01110	0.23449	0.03731	0.43560	0.04368	0.02362	0.00645	0.00395	0.00116	0.00214	0.00557	0.15172	0.00425
8	0.89465	0.00726	0.00551	0.00493	0.00726	0.00842	0.00406	0.01103	0.00638	0.01683	0.00522	0.00609	0.00406	0.00348	0.00232	0.00116	0.00290	0.00203	0.00232	0.00406
9	0.01057	0.04189	0.00944	0.00782	0.01012	0.06094	0.00619	0.13281	0.61487	0.04278	0.01342	0.01252	0.01002	0.00485	0.00373	0.00121	0.00341	0.00391	0.00364	0.00588
10	0.03721	0.02631	0.01092	0.00834	0.01122	0.03065	0.01642	0.64085	0.07009	0.08425	0.00974	0.02024	0.00703	0.00456	0.00371	0.00114	0.00401	0.00348	0.00368	0.00616
11	0.01124	0.03033	0.04986	0.00864	0.02574	0.21772	0.00690	0.12604	0.43293	0.03390	0.01131	0.01097	0.00853	0.00455	0.00366	0.00116	0.00424	0.00353	0.00317	0.00557
12	0.89465	0.00726	0.00551	0.00493	0.00726	0.00842	0.00406	0.01103	0.00638	0.01683	0.00522	0.00609	0.00406	0.00348	0.00232	0.00116	0.00290	0.00203	0.00232	0.00406
13	0.00707	0.00696	0.01263	0.01019	0.02278	0.00718	0.32112	0.00900	0.00792	0.01083	0.04492	0.07017	0.12314	0.00905	0.11567	0.00198	0.13094	0.06945	0.01488	0.00412
14	0.00634	0.00483	0.00570	0.00527	0.00653	0.00475	0.00409	0.08386	0.08124	0.01467	0.48389	0.02756	0.19294	0.00769	0.00436	0.00123	0.00222	0.05499	0.00390	0.00393
15	0.00665	0.00628	0.00886	0.07240	0.01017	0.07388	0.13156	0.00819	0.02669	0.00999	0.02783	0.38943	0.01540	0.02934	0.10010	0.00197	0.05751	0.01733	0.00269	0.00371
16	0.00497	0.00372	0.00478	0.02170	0.00620	0.00356	0.00390	0.00624	0.03896	0.01029	0.05744	0.57801	0.13743	0.01071	0.00471	0.00148	0.00234	0.09681	0.00349	0.00326
17	0.00539	0.00391	0.00548	0.00548	0.00596	0.00439	0.00400	0.00635	0.00587	0.00830	0.01055	0.01754	0.01059	0.26752	0.61556	0.00535	0.00822	0.00443	0.00208	0.00304
18	0.01035	0.80165	0.01893	0.00668	0.00979	0.08245	0.00649	0.01154	0.00787	0.00886	0.00526	0.00608	0.00482	0.00326	0.00249	0.00082	0.00423	0.00204	0.00163	0.00478
19	0.00459	0.00343	0.00428	0.00494	0.00544	0.00312	0.00343	0.00536	0.00757	0.00977	0.02484	0.63422	0.22247	0.01116	0.00472	0.00147	0.00216	0.04046	0.00348	0.00309
20	0.00712	0.00770	0.07879	0.79070	0.02507	0.00837	0.01070	0.00977	0.00754	0.00977	0.00667	0.00983	0.00498	0.00374	0.00374	0.00125	0.00505	0.00329	0.00166	0.00428
21	0.01229	0.00885	0.00994	0.10161	0.02602	0.04660	0.00687	0.42262	0.06919	0.13514	0.01259	0.01341	0.07501	0.00507	0.00386	0.00118	0.00393	0.03667	0.00351	0.00563
22	0.01149	0.10144	0.01105	0.03091	0.03866	0.12503	0.00643	0.30620	0.01180	0.03907	0.00748	0.00815	0.00578	0.00369	0.00326	0.00090	0.00407	0.00275	0.00271	0.27916
23	0.00811	0.02331	0.09545	0.12714	0.19659	0.05410	0.06371	0.01094	0.07033	0.02163	0.18209	0.01385	0.02716	0.00486	0.00456	0.00121	0.07323	0.00415	0.01281	0.00477
24	0.00752	0.00639	0.00750	0.00553	0.00861	0.00484	0.00437	0.00911	0.00773	0.01201	0.00780	0.07697	0.00711	0.00350	0.00294	0.00063	0.00273	0.00290	0.00232	0.81946

[dist]
# distance from previous block
# <min> <max>
0	1

[block]
# block no. 10 follows, 73 sequences, length 9
# corresponding to MSA columns:
# 484-492
name=unknown_K
#
# <colnr> <probs for GDERKNQSTAVLIFYWHMCP>
#	G	D	E	R	K	N	Q	S	T	A	V	L	I	F	Y	W	H	M	C	P
0	0.00582	0.00415	0.00519	0.01967	0.00617	0.00421	0.00378	0.04763	0.03707	0.02368	0.03474	0.37601	0.06524	0.22127	0.10306	0.00249	0.00361	0.02991	0.00305	0.00326
1	0.00597	0.00449	0.00652	0.03068	0.02705	0.00446	0.05156	0.00757	0.03959	0.04372	0.04800	0.36458	0.10542	0.01237	0.14414	0.00218	0.00397	0.07616	0.01796	0.00363
2	0.00623	0.00551	0.05702	0.04104	0.04486	0.00480	0.00479	0.02038	0.06433	0.02534	0.37802	0.02421	0.12990	0.13727	0.00645	0.00157	0.00271	0.01832	0.02345	0.00380
3	0.01004	0.00916	0.01463	0.02085	0.71862	0.00933	0.01085	0.13576	0.00992	0.01398	0.00735	0.00924	0.00601	0.00352	0.00372	0.00112	0.00441	0.00335	0.00214	0.00601
4	0.14409	0.65328	0.01718	0.00683	0.00987	0.05638	0.04728	0.01143	0.00765	0.01022	0.00537	0.00627	0.00475	0.00328	0.00255	0.00089	0.00410	0.00215	0.00174	0.00469
5	0.00800	0.00822	0.01425	0.01117	0.01264	0.00958	0.29672	0.00978	0.00758	0.01099	0.13270	0.01188	0.00981	0.00554	0.00835	0.00144	0.43068	0.00422	0.00211	0.00435
6	0.46761	0.00658	0.00780	0.05750	0.00958	0.00725	0.10186	0.00968	0.00704	0.01371	0.00942	0.11726	0.00924	0.03510	0.01891	0.00146	0.01919	0.09440	0.00248	0.00392
