[name]
unknown

[dist]
# distance from previous block
# <min> <max>
0	182

[block]
# block no. 0 follows, 87 sequences, length 16
# corresponding to MSA columns:
# 244-259
name=unknown_A
#
# <colnr> <probs for GDERKNQSTAVLIFYWHMCP>
#	G	D	E	R	K	N	Q	S	T	A	V	L	I	F	Y	W	H	M	C	P
0	0.02886	0.04221	0.22033	0.00755	0.03926	0.01545	0.01489	0.16423	0.04547	0.30267	0.00977	0.01890	0.00722	0.00409	0.00326	0.00104	0.00354	0.06341	0.00286	0.00501
1	0.00872	0.00724	0.09430	0.00576	0.00820	0.07183	0.00502	0.01088	0.08081	0.22216	0.04080	0.04971	0.09712	0.00423	0.00309	0.00087	0.00290	0.00345	0.00271	0.28021
2	0.07971	0.00684	0.06536	0.08910	0.00985	0.00612	0.00554	0.10551	0.07948	0.31870	0.05250	0.00985	0.00762	0.00372	0.00306	0.00094	0.00300	0.00298	0.00295	0.14716
3	0.00847	0.21206	0.19840	0.00813	0.10576	0.06543	0.01627	0.01050	0.02473	0.10104	0.03861	0.00778	0.00595	0.00315	0.00280	0.00083	0.00362	0.00246	0.00195	0.18208
4	0.00648	0.04425	0.18355	0.00794	0.08899	0.03956	0.04104	0.03738	0.05066	0.01049	0.16128	0.05793	0.10851	0.00628	0.05683	0.00132	0.08717	0.00414	0.00227	0.00392
5	0.00789	0.08126	0.01702	0.01180	0.01461	0.00839	0.63029	0.01019	0.00751	0.04755	0.04762	0.00920	0.00620	0.00326	0.00428	0.00109	0.08208	0.00366	0.00181	0.00429
6	0.00403	0.00331	0.00355	0.00349	0.00451	0.00283	0.00262	0.00503	0.00786	0.00981	0.22840	0.02973	0.66775	0.00788	0.00385	0.00108	0.00163	0.00665	0.00316	0.00283
7	0.00993	0.00791	0.00840	0.00700	0.00917	0.00896	0.00560	0.37330	0.50023	0.01658	0.01096	0.01032	0.00808	0.00421	0.00329	0.00105	0.00301	0.00337	0.00329	0.00532
8	0.01387	0.05584	0.00853	0.00611	0.00867	0.00626	0.00510	0.17499	0.01032	0.65789	0.01144	0.01015	0.00737	0.00394	0.00321	0.00099	0.00297	0.00313	0.00374	0.00547
9	0.00816	0.12057	0.53073	0.00949	0.09373	0.08984	0.00992	0.01095	0.00733	0.08103	0.00622	0.00705	0.00457	0.00315	0.00299	0.00097	0.00450	0.00242	0.00165	0.00474
10	0.00833	0.05942	0.09776	0.01146	0.01448	0.07885	0.52340	0.07044	0.04077	0.01079	0.00652	0.00816	0.00497	0.00312	0.00387	0.00106	0.04705	0.00333	0.00178	0.00445
11	0.00390	0.00311	0.00350	0.00381	0.00454	0.00271	0.00270	0.00462	0.00694	0.00861	0.02681	0.38333	0.51581	0.00907	0.00398	0.00119	0.00175	0.00787	0.00303	0.00271
12	0.00401	0.00287	0.00382	0.00451	0.00474	0.00267	0.00303	0.00464	0.00642	0.00861	0.06924	0.83118	0.02213	0.01000	0.00414	0.00131	0.00187	0.00907	0.00306	0.00267
13	0.00731	0.09127	0.05299	0.36399	0.18801	0.00806	0.09362	0.04222	0.07804	0.00996	0.00685	0.03131	0.00551	0.00339	0.00322	0.00103	0.00407	0.00310	0.00176	0.00430
14	0.03449	0.29711	0.41231	0.00715	0.01065	0.00864	0.00824	0.01019	0.00719	0.08107	0.08777	0.00832	0.00700	0.00341	0.00283	0.00092	0.00384	0.00258	0.00183	0.00447
15	0.01119	0.00496	0.00657	0.00522	0.00730	0.00427	0.00422	0.01251	0.00902	0.56074	0.21233	0.01468	0.04828	0.00469	0.00336	0.00097	0.00241	0.00393	0.00372	0.07963

[dist]
# distance from previous block
# <min> <max>
0	1

[block]
# block no. 1 follows, 87 sequences, length 6
# corresponding to MSA columns:
# 261-266
name=unknown_B
#
# <colnr> <probs for GDERKNQSTAVLIFYWHMCP>
#	G	D	E	R	K	N	Q	S	T	A	V	L	I	F	Y	W	H	M	C	P
0	0.00788	0.17407	0.34093	0.00963	0.13851	0.00824	0.05487	0.05667	0.03495	0.05687	0.08058	0.00882	0.00712	0.00344	0.00306	0.00096	0.00394	0.00286	0.00193	0.00467
1	0.08526	0.00670	0.01048	0.38941	0.18922	0.00749	0.08362	0.08834	0.03852	0.01088	0.00696	0.05619	0.00576	0.00361	0.00325	0.00106	0.00393	0.00327	0.00187	0.00418
2	0.07428	0.06340	0.07552	0.15080	0.18185	0.00842	0.25391	0.05813	0.00738	0.01063	0.00591	0.00782	0.00466	0.00323	0.00389	0.00106	0.08008	0.00298	0.00168	0.00437
3	0.00773	0.20352	0.17603	0.01011	0.19685	0.05594	0.07002	0.00998	0.05295	0.03925	0.00811	0.14003	0.00752	0.00416	0.00313	0.00099	0.00379	0.00360	0.00192	0.00438
4	0.08545	0.03123	0.22986	0.00932	0.12132	0.00698	0.12494	0.05837	0.03543	0.03642	0.08232	0.00900	0.00718	0.00334	0.00308	0.00093	0.00369	0.00293	0.00203	0.14618
5	0.06449	0.00558	0.00731	0.00712	0.10074	0.02481	0.05160	0.05513	0.02386	0.19149	0.06770	0.16762	0.12046	0.00541	0.00340	0.00102	0.00273	0.00470	0.00286	0.09198

[dist]
# distance from previous block
# <min> <max>
3	8

[block]
# block no. 2 follows, 87 sequences, length 44
# corresponding to MSA columns:
# 275-318
name=unknown_C
#
# <colnr> <probs for GDERKNQSTAVLIFYWHMCP>
#	G	D	E	R	K	N	Q	S	T	A	V	L	I	F	Y	W	H	M	C	P
0	0.00792	0.04394	0.04509	0.06132	0.45267	0.01836	0.09852	0.01120	0.15398	0.02594	0.04320	0.00943	0.00695	0.00335	0.00328	0.00101	0.00378	0.00319	0.00201	0.00485
1	0.00718	0.00775	0.03220	0.02973	0.01413	0.00731	0.58867	0.00986	0.04489	0.02492	0.10576	0.01197	0.05828	0.00374	0.00405	0.00110	0.03810	0.00415	0.00204	0.00416
2	0.00802	0.11333	0.03377	0.20172	0.45269	0.03312	0.02559	0.03131	0.03786	0.02308	0.00624	0.00797	0.00504	0.00308	0.00310	0.00097	0.00397	0.00278	0.00169	0.00467
3	0.00405	0.00328	0.00343	0.00341	0.00431	0.00284	0.00245	0.00481	0.00717	0.00878	0.09769	0.02928	0.66577	0.14159	0.00579	0.00141	0.00187	0.00648	0.00291	0.00266
4	0.00922	0.00837	0.11443	0.00750	0.00986	0.04032	0.09323	0.20588	0.19117	0.12643	0.01104	0.13574	0.02237	0.00478	0.00344	0.00108	0.00343	0.00411	0.00288	0.00473
5	0.00885	0.85492	0.01681	0.00566	0.00843	0.02480	0.00560	0.02934	0.00686	0.00797	0.00462	0.00530	0.00422	0.00282	0.00213	0.00071	0.00352	0.00178	0.00144	0.00421
6	0.00578	0.00480	0.04943	0.00543	0.02748	0.00390	0.01138	0.00715	0.03708	0.06199	0.03643	0.41089	0.01411	0.05589	0.04051	0.00133	0.00267	0.00584	0.00262	0.21529
7	0.00719	0.07110	0.68265	0.00885	0.01306	0.00795	0.02874	0.02993	0.01546	0.04560	0.00637	0.00731	0.01245	0.00332	0.00344	0.00103	0.04672	0.00252	0.00157	0.00474
8	0.00654	0.01687	0.86850	0.00929	0.01411	0.00757	0.01205	0.01033	0.00688	0.01033	0.00585	0.00688	0.00413	0.00310	0.00310	0.00103	0.00482	0.00241	0.00138	0.00482
9	0.00399	0.00285	0.00378	0.00452	0.00470	0.00266	0.00300	0.00455	0.00620	0.00827	0.01778	0.86120	0.02132	0.03263	0.00448	0.00137	0.00192	0.00915	0.00300	0.00263
10	0.00971	0.00881	0.06484	0.11780	0.15573	0.13251	0.08169	0.04894	0.00793	0.18863	0.00714	0.00829	0.00532	0.00374	0.00444	0.00106	0.14385	0.00291	0.00214	0.00453
11	0.00806	0.35696	0.41628	0.00780	0.01155	0.00986	0.04114	0.08197	0.00757	0.02299	0.00564	0.00645	0.00436	0.00305	0.00275	0.00090	0.00419	0.00226	0.00159	0.00463
12	0.00476	0.00345	0.00496	0.00498	0.00544	0.00390	0.00375	0.00562	0.00530	0.00750	0.02428	0.03772	0.00968	0.14939	0.62249	0.04723	0.01898	0.03600	0.00187	0.00271
13	0.00760	0.00833	0.01734	0.10395	0.14778	0.00807	0.63657	0.01016	0.00753	0.01026	0.00644	0.00867	0.00492	0.00283	0.00369	0.00108	0.00513	0.00361	0.00162	0.00444
14	0.28340	0.00531	0.00690	0.16077	0.00969	0.00601	0.06267	0.00782	0.00617	0.03355	0.00947	0.27015	0.00977	0.00583	0.01309	0.00122	0.07834	0.02425	0.00222	0.00338
15	0.00651	0.00610	0.01005	0.72188	0.12245	0.00736	0.00893	0.00908	0.05856	0.00893	0.00629	0.00883	0.00479	0.00329	0.00326	0.00107	0.00418	0.00295	0.00158	0.00390
16	0.00801	0.00776	0.01289	0.08566	0.78296	0.02527	0.00986	0.00994	0.00739	0.01042	0.00609	0.00807	0.00508	0.00294	0.00322	0.00097	0.00395	0.00289	0.00160	0.00502
17	0.00616	0.00580	0.00978	0.87756	0.02246	0.00724	0.00906	0.00833	0.00652	0.00833	0.00580	0.00869	0.00435	0.00326	0.00326	0.00109	0.00435	0.00290	0.00145	0.00362
18	0.00837	0.00754	0.01165	0.06455	0.55911	0.00788	0.02537	0.06163	0.17828	0.03117	0.00781	0.00899	0.00616	0.00331	0.00326	0.00101	0.00363	0.00309	0.00210	0.00509
19	0.02350	0.06637	0.52285	0.00804	0.01180	0.00740	0.02677	0.02431	0.08968	0.14148	0.00781	0.01509	0.00570	0.03088	0.00351	0.00108	0.00409	0.00278	0.00205	0.00480
20	0.00475	0.00322	0.00386	0.00386	0.00398	0.00333	0.00237	0.00498	0.00486	0.00664	0.00999	0.01962	0.01112	0.71276	0.17538	0.00351	0.00417	0.00449	0.01493	0.00216
21	0.00654	0.01687	0.86850	0.00929	0.01411	0.00757	0.01205	0.01033	0.00688	0.01033	0.00585	0.00688	0.00413	0.00310	0.00310	0.00103	0.00482	0.00241	0.00138	0.00482
22	0.06275	0.51258	0.10975	0.00679	0.00965	0.06543	0.05787	0.06857	0.06176	0.00984	0.00562	0.00630	0.00465	0.00305	0.00252	0.00083	0.00380	0.00218	0.00171	0.00436
23	0.04115	0.01753	0.00780	0.09850	0.00954	0.26657	0.02674	0.02709	0.00771	0.11140	0.07183	0.01048	0.02157	0.00887	0.21144	0.00199	0.03660	0.00311	0.01636	0.00372
24	0.00406	0.00311	0.00362	0.00389	0.00458	0.00276	0.00277	0.00489	0.00717	0.00924	0.13120	0.36949	0.40079	0.00872	0.00393	0.00117	0.00173	0.00761	0.02651	0.00276
25	0.00689	0.00682	0.01065	0.65276	0.16061	0.06005	0.03865	0.00897	0.00688	0.00877	0.00583	0.00842	0.00449	0.00319	0.00326	0.00105	0.00440	0.00288	0.00150	0.00391
26	0.00691	0.00651	0.01108	0.40675	0.38452	0.00717	0.03065	0.00893	0.00701	0.00954	0.02774	0.01000	0.00603	0.00397	0.02676	0.00116	0.00417	0.03521	0.00165	0.00425
27	0.01176	0.01434	0.00937	0.00884	0.05308	0.73548	0.00642	0.05765	0.05629	0.00909	0.00570	0.00644	0.00464	0.00343	0.00299	0.00087	0.00548	0.00227	0.00185	0.00402
28	0.04691	0.00604	0.00954	0.81850	0.02145	0.02690	0.00874	0.00849	0.00654	0.00861	0.00572	0.00848	0.00431	0.00325	0.00320	0.00108	0.00430	0.00283	0.00148	0.00362
29	0.04773	0.02865	0.00591	0.00545	0.00651	0.02355	0.01955	0.06455	0.14880	0.02887	0.03664	0.33577	0.10180	0.03013	0.00423	0.00125	0.02421	0.07997	0.00291	0.00352
30	0.00902	0.17901	0.00982	0.01618	0.00864	0.27468	0.05365	0.08929	0.00900	0.04200	0.20789	0.02825	0.03692	0.00446	0.00328	0.01445	0.00378	0.00344	0.00237	0.00387
31	0.00442	0.00341	0.00409	0.00435	0.00516	0.00314	0.00337	0.00561	0.02431	0.00955	0.13431	0.17653	0.36579	0.03056	0.00437	0.00128	0.00206	0.21174	0.00307	0.00287
32	0.22233	0.00822	0.00881	0.08057	0.08483	0.10873	0.04355	0.24318	0.04497	0.08962	0.00730	0.03121	0.00559	0.00365	0.00298	0.00100	0.00362	0.00283	0.00248	0.00453
33	0.01049	0.01263	0.04368	0.00982	0.01210	0.49341	0.25556	0.01235	0.04204	0.04788	0.00619	0.00729	0.00482	0.00330	0.00342	0.00095	0.02536	0.00276	0.00183	0.00413
34	0.00566	0.00283	0.00425	0.00425	0.00425	0.00283	0.00283	0.00425	0.00425	0.00566	0.00566	0.00991	0.00566	0.01133	0.01274	0.90513	0.00283	0.00283	0.00142	0.00142
35	0.00481	0.00365	0.00428	0.00450	0.00540	0.00344	0.00347	0.00642	0.07623	0.03064	0.04241	0.21836	0.38316	0.01657	0.00412	0.00125	0.00210	0.18306	0.00307	0.00305
36	0.00719	0.00696	0.01214	0.40059	0.42814	0.00756	0.07175	0.00930	0.00704	0.00961	0.00602	0.00840	0.00479	0.00305	0.00329	0.00103	0.00420	0.00297	0.00154	0.00442
37	0.00466	0.00349	0.00524	0.00524	0.00582	0.00408	0.00408	0.00582	0.00524	0.00757	0.00873	0.01281	0.00815	0.02446	0.87248	0.00524	0.00873	0.00349	0.00175	0.00291
38	0.06939	0.00560	0.00740	0.00571	0.00820	0.00495	0.00472	0.01551	0.00910	0.81507	0.01235	0.01074	0.00779	0.00397	0.00320	0.00101	0.00276	0.00319	0.00391	0.00543
39	0.00862	0.03339	0.01443	0.02995	0.16197	0.03963	0.40832	0.04930	0.07563	0.08614	0.02278	0.03169	0.00650	0.00340	0.00360	0.00105	0.01326	0.00360	0.00211	0.00462
40	0.00544	0.00291	0.00408	0.00408	0.00408	0.00291	0.00262	0.00437	0.00437	0.00582	0.00678	0.01268	0.00716	0.22296	0.01368	0.68674	0.00291	0.00329	0.00155	0.00155
41	0.00654	0.01687	0.86850	0.00929	0.01411	0.00757	0.01205	0.01033	0.00688	0.01033	0.00585	0.00688	0.00413	0.00310	0.00310	0.00103	0.00482	0.00241	0.00138	0.00482
42	0.00648	0.02769	0.34609	0.00640	0.00893	0.00516	0.00680	0.00854	0.00728	0.11592	0.09850	0.19803	0.11047	0.02070	0.01723	0.00119	0.00326	0.00488	0.00248	0.00395
43	0.00979	0.08018	0.29268	0.00853	0.03302	0.06426	0.04029	0.38532	0.03052	0.01460	0.00678	0.00734	0.00496	0.00347	0.00312	0.00097	0.00419	0.00267	0.00230	0.00503

[dist]
# distance from previous block
# <min> <max>
0	1

[block]
# block no. 3 follows, 87 sequences, length 76
# corresponding to MSA columns:
# 320-385,410-419
name=unknown_D
#
# <colnr> <probs for GDERKNQSTAVLIFYWHMCP>
#	G	D	E	R	K	N	Q	S	T	A	V	L	I	F	Y	W	H	M	C	P
0	0.00742	0.00835	0.01580	0.01170	0.01439	0.07577	0.64076	0.00967	0.00765	0.00993	0.00918	0.10430	0.05088	0.00396	0.00382	0.00111	0.00491	0.01445	0.00189	0.00406
1	0.09096	0.00787	0.02040	0.11917	0.41998	0.06273	0.03030	0.00952	0.00675	0.00998	0.00550	0.00756	0.00465	0.00357	0.00468	0.00108	0.18656	0.00276	0.00159	0.00438
2	0.00753	0.27501	0.54843	0.00824	0.01231	0.00908	0.04458	0.01037	0.00693	0.04120	0.00575	0.00663	0.00433	0.00303	0.00284	0.00093	0.00438	0.00230	0.00149	0.00464
3	0.00446	0.00331	0.00394	0.00409	0.00468	0.00315	0.00296	0.00515	0.00639	0.00820	0.05312	0.08749	0.30659	0.26402	0.09222	0.01505	0.00300	0.12703	0.00259	0.00257
4	0.00795	0.06677	0.03450	0.26600	0.05548	0.00738	0.29705	0.01008	0.00732	0.10855	0.00702	0.02300	0.00533	0.00316	0.00332	0.00100	0.00427	0.00319	0.00189	0.08673
5	0.00629	0.00601	0.00977	0.85883	0.02219	0.02588	0.00900	0.00843	0.00658	0.00832	0.00578	0.00863	0.00434	0.00326	0.00325	0.00108	0.00438	0.00288	0.00145	0.00363
6	0.01417	0.00577	0.00761	0.00585	0.00833	0.00518	0.00483	0.08490	0.00975	0.76993	0.01238	0.01086	0.00787	0.00402	0.00325	0.00100	0.00280	0.00324	0.03281	0.00547
7	0.00616	0.00597	0.02340	0.86380	0.02233	0.00725	0.00910	0.00836	0.00653	0.00836	0.00580	0.00867	0.00434	0.00326	0.00326	0.00109	0.00435	0.00289	0.00145	0.00364
8	0.01240	0.00913	0.00979	0.00750	0.01011	0.01011	0.00620	0.85419	0.01533	0.02055	0.00783	0.00783	0.00555	0.00391	0.00326	0.00098	0.00359	0.00294	0.00326	0.00555
9	0.00419	0.00332	0.00377	0.00365	0.00461	0.00290	0.00274	0.00533	0.00822	0.01069	0.39836	0.02829	0.49724	0.00756	0.00385	0.00107	0.00160	0.00645	0.00328	0.00290
10	0.00473	0.00324	0.00416	0.00419	0.00439	0.00343	0.00275	0.00507	0.00494	0.00678	0.00985	0.05169	0.01071	0.52415	0.29998	0.04638	0.00495	0.00441	0.00191	0.00229
11	0.00654	0.01687	0.86850	0.00929	0.01411	0.00757	0.01205	0.01033	0.00688	0.01033	0.00585	0.00688	0.00413	0.00310	0.00310	0.00103	0.00482	0.00241	0.00138	0.00482
12	0.00616	0.00580	0.00978	0.87756	0.02246	0.00724	0.00906	0.00833	0.00652	0.00833	0.00580	0.00869	0.00435	0.00326	0.00326	0.00109	0.00435	0.00290	0.00145	0.00362
13	0.03450	0.00552	0.00738	0.00569	0.00815	0.00485	0.00470	0.02386	0.00923	0.81184	0.01255	0.01097	0.00795	0.00400	0.00322	0.00100	0.00274	0.00323	0.03318	0.00542
14	0.00399	0.00288	0.00379	0.00451	0.00475	0.00267	0.00305	0.00459	0.00632	0.00837	0.01862	0.82985	0.05821	0.01011	0.00416	0.00132	0.00190	0.02523	0.00303	0.00266
15	0.00804	0.61347	0.09124	0.02437	0.00891	0.02923	0.02325	0.00933	0.00674	0.03003	0.00673	0.12262	0.00661	0.00386	0.00257	0.00084	0.00349	0.00292	0.00169	0.00406
16	0.00528	0.00403	0.00479	0.01910	0.00557	0.03806	0.00341	0.00703	0.03842	0.03382	0.72888	0.04133	0.04484	0.00644	0.00377	0.00103	0.00184	0.00565	0.00346	0.00323
17	0.00918	0.54950	0.07560	0.00655	0.00901	0.11776	0.00624	0.02440	0.00709	0.05793	0.00531	0.01313	0.00458	0.00335	0.00330	0.00085	0.09824	0.00212	0.00163	0.00420
18	0.00803	0.00684	0.00807	0.00661	0.00812	0.04505	0.00537	0.16978	0.00805	0.03851	0.04616	0.00953	0.04107	0.00627	0.08566	0.00139	0.27146	0.00298	0.00219	0.22887
19	0.04692	0.00755	0.00962	0.38078	0.01528	0.08289	0.06193	0.12638	0.15927	0.02891	0.00754	0.00909	0.00572	0.00367	0.00348	0.00106	0.03207	0.01143	0.00215	0.00425
20	0.01016	0.03288	0.00878	0.00763	0.02735	0.38231	0.00581	0.16741	0.00901	0.03995	0.00656	0.00852	0.00563	0.07119	0.10321	0.00161	0.10325	0.00274	0.00205	0.00395
21	0.00440	0.00373	0.02162	0.00393	0.00498	0.00319	0.00304	0.00587	0.03908	0.01070	0.36014	0.06263	0.44173	0.00741	0.00382	0.00107	0.00172	0.00634	0.00322	0.01137
22	0.01604	0.02150	0.00842	0.00675	0.02634	0.00656	0.07969	0.04950	0.33012	0.06001	0.06216	0.01035	0.00858	0.00365	0.00306	0.00088	0.00282	0.00314	0.00269	0.29776
23	0.00414	0.00302	0.00383	0.00435	0.00470	0.00282	0.00295	0.00493	0.02152	0.00874	0.09047	0.65498	0.10502	0.06624	0.00489	0.00139	0.00193	0.00836	0.00301	0.00270
24	0.00566	0.00283	0.00425	0.00425	0.00425	0.00283	0.00283	0.00425	0.00425	0.00566	0.00566	0.00991	0.00566	0.01133	0.01274	0.90513	0.00283	0.00283	0.00142	0.00142
25	0.00412	0.00321	0.00381	0.00415	0.00475	0.00296	0.00292	0.00504	0.02860	0.00882	0.06076	0.47378	0.34069	0.02257	0.00430	0.00125	0.01458	0.00791	0.00302	0.00277
26	0.00729	0.00702	0.01209	0.39144	0.34572	0.00771	0.10022	0.03115	0.02463	0.00987	0.00618	0.00847	0.00487	0.00317	0.00350	0.00105	0.02661	0.00302	0.00162	0.00438
27	0.00466	0.00349	0.00524	0.00524	0.00582	0.00408	0.00408	0.00582	0.00524	0.00757	0.00873	0.01281	0.00815	0.02446	0.87248	0.00524	0.00873	0.00349	0.00175	0.00291
28	0.00835	0.00478	0.00559	0.00481	0.00650	0.00451	0.00380	0.04409	0.13234	0.28333	0.09123	0.02023	0.34673	0.00596	0.00354	0.00105	0.00221	0.00495	0.02187	0.00414
29	0.00715	0.18319	0.57172	0.00916	0.01333	0.00870	0.12887	0.01035	0.02034	0.00988	0.00582	0.00692	0.00435	0.00301	0.00301	0.00098	0.00462	0.00250	0.00145	0.00464
30	0.00823	0.00525	0.00668	0.00618	0.00762	0.01750	0.03210	0.12672	0.06520	0.16442	0.01391	0.08009	0.01325	0.02905	0.00416	0.00128	0.00299	0.36051	0.05089	0.00396
31	0.00654	0.01687	0.86850	0.00929	0.01411	0.00757	0.01205	0.01033	0.00688	0.01033	0.00585	0.00688	0.00413	0.00310	0.00310	0.00103	0.00482	0.00241	0.00138	0.00482
32	0.00466	0.00337	0.00454	0.00524	0.00580	0.00326	0.00419	0.00575	0.00702	0.00914	0.01875	0.35858	0.08486	0.00941	0.00432	0.00140	0.00248	0.46136	0.00301	0.00285
33	0.00788	0.00736	0.01216	0.23111	0.60154	0.00778	0.00953	0.06421	0.00771	0.01072	0.00616	0.00821	0.00499	0.00306	0.00324	0.00100	0.00397	0.00291	0.00168	0.00481
34	0.03952	0.01024	0.03365	0.00724	0.00882	0.36653	0.00578	0.08168	0.04580	0.11431	0.01819	0.06453	0.00706	0.00460	0.00421	0.01675	0.10817	0.02997	0.02890	0.00403
35	0.02580	0.00667	0.02738	0.55537	0.30404	0.00742	0.00932	0.00896	0.00681	0.00928	0.00588	0.00838	0.00460	0.00313	0.00322	0.00104	0.00416	0.00287	0.00151	0.00416
36	0.00961	0.03382	0.01278	0.00993	0.01215	0.41341	0.33572	0.01971	0.00825	0.00914	0.00617	0.00801	0.00505	0.03346	0.03567	0.00118	0.00551	0.00295	0.03354	0.00393
37	0.00417	0.00332	0.00374	0.00363	0.00460	0.00289	0.00272	0.00529	0.00817	0.01057	0.37546	0.02849	0.52021	0.00760	0.00385	0.00107	0.00160	0.00648	0.00326	0.00289
38	0.01161	0.01460	0.01000	0.00878	0.01059	0.76544	0.07849	0.01283	0.03083	0.00836	0.00554	0.00668	0.00460	0.00341	0.00305	0.00088	0.00573	0.01302	0.00174	0.00386
39	0.00720	0.00709	0.00984	0.00843	0.00849	0.00984	0.00700	0.02602	0.00521	0.00809	0.00449	0.00746	0.00447	0.02470	0.01067	0.00145	0.84160	0.00290	0.00148	0.00358
40	0.01460	0.00559	0.00760	0.00582	0.00835	0.00486	0.00481	0.02634	0.00941	0.85677	0.01280	0.01106	0.00804	0.00403	0.00328	0.00101	0.00278	0.00327	0.00403	0.00555
41	0.00616	0.00580	0.00978	0.87756	0.02246	0.00724	0.00906	0.00833	0.00652	0.00833	0.00580	0.00869	0.00435	0.00326	0.00326	0.00109	0.00435	0.00290	0.00145	0.00362
42	0.01218	0.01554	0.00924	0.00840	0.01008	0.87231	0.00630	0.01302	0.00924	0.00798	0.00504	0.00588	0.00420	0.00336	0.00294	0.00084	0.00588	0.00210	0.00168	0.00378
43	0.00400	0.00298	0.00373	0.00423	0.00467	0.00271	0.00291	0.00471	0.00675	0.00883	0.09187	0.62561	0.20614	0.00949	0.00407	0.00125	0.00181	0.00847	0.00307	0.00271
44	0.00477	0.00295	0.00407	0.00445	0.00460	0.00289	0.00302	0.00464	0.00541	0.00722	0.01236	0.39147	0.01417	0.10642	0.03646	0.32695	0.00266	0.06103	0.00229	0.00216
45	0.00871	0.66649	0.10809	0.00628	0.00908	0.10004	0.00632	0.01003	0.00696	0.00813	0.02666	0.00600	0.00486	0.00303	0.00248	0.00077	0.01844	0.00198	0.00148	0.00417
46	0.00616	0.00580	0.00978	0.87756	0.02246	0.00724	0.00906	0.00833	0.00652	0.00833	0.00580	0.00869	0.00435	0.00326	0.00326	0.00109	0.00435	0.00290	0.00145	0.00362
47	0.01463	0.00555	0.00757	0.00580	0.00832	0.00479	0.00479	0.01589	0.00933	0.86732	0.01286	0.01110	0.00807	0.00404	0.00328	0.00101	0.00277	0.00328	0.00404	0.00555
48	0.00478	0.00374	0.00438	0.00415	0.00514	0.00355	0.00313	0.00697	0.10437	0.01186	0.51806	0.02510	0.27881	0.00689	0.00379	0.00106	0.00169	0.00594	0.00339	0.00321
49	0.00919	0.00786	0.00770	0.00673	0.00866	0.09116	0.00527	0.12290	0.58967	0.05568	0.02325	0.01174	0.03673	0.00439	0.00330	0.00106	0.00299	0.00355	0.00318	0.00499
50	0.00527	0.00438	0.00523	0.06175	0.02487	0.00445	0.01226	0.00786	0.17677	0.02468	0.03379	0.19395	0.39880	0.00724	0.00389	0.00115	0.02115	0.00618	0.00293	0.00341
51	0.00411	0.00298	0.00408	0.00476	0.00503	0.00280	0.01347	0.00477	0.00635	0.00845	0.01778	0.81085	0.02116	0.01004	0.00418	0.00133	0.00202	0.07012	0.00301	0.00270
52	0.00676	0.00580	0.00676	0.00483	0.00773	0.00435	0.00386	0.00821	0.00676	0.01063	0.00580	0.00676	0.00483	0.00241	0.00241	0.00048	0.00241	0.00193	0.00193	0.90533
53	0.00616	0.00580	0.00978	0.87756	0.02246	0.00724	0.00906	0.00833	0.00652	0.00833	0.00580	0.00869	0.00435	0.00326	0.00326	0.00109	0.00435	0.00290	0.00145	0.00362
54	0.00673	0.00385	0.00498	0.00442	0.00561	0.00348	0.00341	0.00824	0.02062	0.19465	0.59332	0.02202	0.10322	0.00622	0.00372	0.00103	0.00183	0.00540	0.00363	0.00360
55	0.02835	0.45459	0.01294	0.00685	0.01715	0.34583	0.00583	0.01130	0.04815	0.00831	0.00554	0.00677	0.00489	0.00328	0.00256	0.00080	0.00434	0.02682	0.00166	0.00404
56	0.00812	0.00824	0.01586	0.01652	0.43192	0.00799	0.40418	0.03204	0.00779	0.02534	0.00651	0.00846	0.00512	0.00288	0.00352	0.00103	0.00461	0.00335	0.00171	0.00482
57	0.00428	0.00298	0.00371	0.00416	0.00430	0.00286	0.00265	0.00465	0.00571	0.00759	0.01533	0.52386	0.03504	0.34491	0.00892	0.00202	0.00239	0.01961	0.00262	0.00240
58	0.00566	0.00283	0.00425	0.00425	0.00425	0.00283	0.00283	0.00425	0.00425	0.00566	0.00566	0.00991	0.00566	0.01133	0.01274	0.90513	0.00283	0.00283	0.00142	0.00142
59	0.00462	0.00341	0.00497	0.00502	0.00552	0.00388	0.00379	0.00562	0.00526	0.00750	0.00955	0.07612	0.00948	0.10927	0.72485	0.00475	0.00769	0.00403	0.00186	0.00280
60	0.00766	0.00730	0.01246	0.01802	0.73125	0.00728	0.04419	0.00962	0.02231	0.01047	0.00743	0.09321	0.00683	0.00364	0.00335	0.00101	0.00373	0.00358	0.00178	0.00489
61	0.00466	0.00349	0.00524	0.00524	0.00582	0.00408	0.00408	0.00582	0.00524	0.00757	0.00873	0.01281	0.00815	0.02446	0.87248	0.00524	0.00873	0.00349	0.00175	0.00291
62	0.00616	0.00474	0.00552	0.00516	0.00628	0.00499	0.00390	0.06022	0.27045	0.02023	0.38140	0.16815	0.02066	0.00635	0.00367	0.00109	0.00205	0.00555	0.01962	0.00381
63	0.00528	0.00430	0.00611	0.00568	0.00647	0.03247	0.05885	0.00635	0.00583	0.02301	0.02331	0.05167	0.08117	0.06892	0.55334	0.02340	0.03479	0.00408	0.00196	0.00299
64	0.00514	0.00378	0.00500	0.00546	0.00621	0.00379	0.00447	0.00710	0.07763	0.01032	0.14857	0.18517	0.03270	0.00847	0.00423	0.00136	0.00252	0.48182	0.00312	0.00312
65	0.00651	0.01653	0.84628	0.00921	0.01392	0.00747	0.01187	0.01023	0.00690	0.01031	0.00615	0.00765	0.00451	0.00325	0.00313	0.00104	0.00477	0.02405	0.00142	0.00477
66	0.00654	0.01687	0.86850	0.00929	0.01411	0.00757	0.01205	0.01033	0.00688	0.01033	0.00585	0.00688	0.00413	0.00310	0.00310	0.00103	0.00482	0.00241	0.00138	0.00482
67	0.00691	0.00517	0.00624	0.00613	0.00733	0.00550	0.00504	0.17770	0.13696	0.01239	0.03985	0.15228	0.01556	0.00741	0.00401	0.00130	0.00285	0.40048	0.00312	0.00379
68	0.00398	0.00288	0.00376	0.00445	0.00471	0.00266	0.00299	0.00458	0.00638	0.00844	0.03369	0.80829	0.08113	0.01002	0.00413	0.00130	0.00187	0.00904	0.00304	0.00266
69	0.60267	0.00822	0.12176	0.01998	0.06374	0.04559	0.03598	0.00997	0.00622	0.03737	0.00540	0.02095	0.00425	0.00319	0.00244	0.00101	0.00320	0.00220	0.00194	0.00390
70	0.01179	0.03749	0.00973	0.00847	0.01016	0.79557	0.02795	0.01268	0.00897	0.00803	0.00504	0.00599	0.00422	0.00342	0.00323	0.00087	0.03878	0.00216	0.00166	0.00380
71	0.00444	0.00351	0.00423	0.00404	0.00500	0.00319	0.01770	0.00562	0.02509	0.01000	0.27860	0.02603	0.44402	0.02720	0.06067	0.03885	0.00228	0.02400	0.00300	0.01252
72	0.02579	0.10959	0.08702	0.00621	0.00905	0.00617	0.05156	0.02606	0.01642	0.34105	0.03635	0.00900	0.00683	0.00336	0.00291	0.00084	0.00306	0.00274	0.00271	0.25328
73	0.65220	0.00552	0.00463	0.00430	0.00602	0.00614	0.00350	0.00860	0.00617	0.02925	0.04727	0.03412	0.11880	0.00446	0.00258	0.00106	0.00239	0.05727	0.00235	0.00339
74	0.00916	0.00513	0.00626	0.00550	0.02113	0.00511	0.00425	0.02430	0.22738	0.29544	0.23988	0.01494	0.01457	0.00479	0.00332	0.00101	0.00228	0.00405	0.10700	0.00449
75	0.00626	0.00585	0.00978	0.86316	0.02225	0.00729	0.00901	0.02233	0.00667	0.00853	0.00583	0.00868	0.00437	0.00327	0.00326	0.00108	0.00433	0.00290	0.00148	0.00365

[dist]
# distance from previous block
# <min> <max>
0	5

[block]
# block no. 4 follows, 87 sequences, length 35
# corresponding to MSA columns:
# 425-439,441-455,493-497
name=unknown_E
#
# <colnr> <probs for GDERKNQSTAVLIFYWHMCP>
#	G	D	E	R	K	N	Q	S	T	A	V	L	I	F	Y	W	H	M	C	P
0	0.08591	0.00873	0.05909	0.01051	0.02652	0.04257	0.45043	0.11608	0.00863	0.09991	0.02029	0.00915	0.02691	0.00333	0.00357	0.00106	0.01718	0.00343	0.00217	0.00452
1	0.00441	0.00322	0.00404	0.00408	0.00478	0.00292	0.00297	0.00555	0.00808	0.02115	0.46392	0.25426	0.19279	0.00789	0.00392	0.00112	0.00167	0.00696	0.00333	0.00293
2	0.00473	0.00322	0.00383	0.00383	0.00392	0.00331	0.00232	0.00492	0.00482	0.00652	0.01003	0.01996	0.01126	0.74617	0.15501	0.00350	0.00406	0.00454	0.00194	0.00213
3	0.00737	0.04471	0.49637	0.05011	0.01269	0.05241	0.05598	0.01132	0.13552	0.04370	0.00783	0.05406	0.00614	0.00370	0.00320	0.00104	0.00427	0.00306	0.00189	0.00463
4	0.00668	0.00633	0.01073	0.64256	0.25337	0.00738	0.00932	0.00879	0.00677	0.00897	0.00589	0.00852	0.00457	0.00316	0.00325	0.00105	0.00422	0.00290	0.00149	0.00405
5	0.00566	0.00283	0.00425	0.00425	0.00425	0.00283	0.00283	0.00425	0.00425	0.00566	0.00566	0.00991	0.00566	0.01133	0.01274	0.90513	0.00283	0.00283	0.00142	0.00142
6	0.00523	0.00349	0.00434	0.00478	0.00554	0.00342	0.00393	0.00670	0.02356	0.01019	0.01743	0.11464	0.11729	0.00761	0.00379	0.00124	0.00234	0.42579	0.23570	0.00299
7	0.00957	0.05474	0.25578	0.00898	0.05836	0.05422	0.07085	0.32988	0.03333	0.04111	0.00728	0.03128	0.00555	0.00368	0.00335	0.00100	0.02082	0.00295	0.00232	0.00495
8	0.00513	0.00285	0.00409	0.00431	0.00436	0.00279	0.00286	0.00435	0.00485	0.00647	0.00944	0.26644	0.01055	0.04272	0.01037	0.60736	0.00257	0.00479	0.00191	0.00180
9	0.04187	0.01403	0.59363	0.07678	0.02718	0.02927	0.11329	0.01011	0.00689	0.01019	0.00580	0.00720	0.00425	0.00318	0.00349	0.00106	0.04317	0.00262	0.00145	0.00455
10	0.00676	0.00580	0.00676	0.00483	0.00773	0.00435	0.00386	0.00821	0.00676	0.01063	0.00580	0.00676	0.00483	0.00241	0.00241	0.00048	0.00241	0.00193	0.00193	0.90533
11	0.17401	0.26279	0.20694	0.00686	0.03261	0.05936	0.00673	0.05500	0.00737	0.09429	0.00596	0.00655	0.00457	0.00313	0.00268	0.00089	0.01346	0.00219	0.00191	0.05271
12	0.00775	0.04241	0.44729	0.00800	0.04421	0.00687	0.00855	0.03385	0.09262	0.11382	0.08248	0.00995	0.02552	0.00372	0.00315	0.00099	0.00374	0.00302	0.00221	0.05986
13	0.07423	0.04150	0.01253	0.01018	0.07729	0.20106	0.27347	0.10074	0.03153	0.10036	0.00686	0.00787	0.00516	0.00334	0.00354	0.00100	0.03977	0.00296	0.00213	0.00448
14	0.01311	0.00520	0.00703	0.00551	0.00776	0.00452	0.00450	0.01441	0.00925	0.73411	0.12209	0.01283	0.01100	0.00437	0.00332	0.00100	0.00258	0.00361	0.02863	0.00516
15	0.00563	0.00284	0.00422	0.00422	0.00422	0.00284	0.00280	0.00427	0.00427	0.00569	0.00584	0.01036	0.00590	0.04528	0.01289	0.87009	0.00284	0.00291	0.00144	0.00144
16	0.02305	0.28545	0.01285	0.00846	0.07240	0.04930	0.12010	0.11927	0.00785	0.02659	0.00695	0.07584	0.00644	0.01251	0.00428	0.00103	0.13533	0.02616	0.00194	0.00419
17	0.01206	0.00758	0.00871	0.00690	0.00921	0.00815	0.00564	0.41224	0.15834	0.27448	0.01010	0.00953	0.00700	0.00413	0.00367	0.00103	0.04927	0.00316	0.00341	0.00538
18	0.00484	0.00364	0.00482	0.00481	0.00524	0.02145	0.00350	0.00565	0.00517	0.00721	0.00912	0.01520	0.00917	0.27921	0.60112	0.00453	0.00702	0.00384	0.00181	0.00265
19	0.00416	0.00346	0.00366	0.00358	0.00465	0.00303	0.00270	0.00546	0.04203	0.00978	0.18421	0.02932	0.67693	0.00781	0.00383	0.00109	0.00167	0.00657	0.00314	0.00291
20	0.02899	0.19853	0.06914	0.04177	0.24097	0.26912	0.03034	0.01058	0.00756	0.00899	0.00552	0.00694	0.00467	0.00421	0.04872	0.00111	0.01455	0.00241	0.00158	0.00427
21	0.00466	0.00318	0.00382	0.00404	0.00417	0.00316	0.00257	0.00495	0.00532	0.00708	0.01235	0.17497	0.01422	0.61488	0.03442	0.00271	0.00306	0.09596	0.00227	0.00223
22	0.00654	0.01687	0.86850	0.00929	0.01411	0.00757	0.01205	0.01033	0.00688	0.01033	0.00585	0.00688	0.00413	0.00310	0.00310	0.00103	0.00482	0.00241	0.00138	0.00482
23	0.01757	0.00525	0.02643	0.03157	0.15210	0.00505	0.01253	0.05286	0.10026	0.06934	0.06955	0.28621	0.13235	0.00657	0.00367	0.00113	0.00259	0.01828	0.00283	0.00385
24	0.00616	0.00580	0.00978	0.87756	0.02246	0.00724	0.00906	0.00833	0.00652	0.00833	0.00580	0.00869	0.00435	0.00326	0.00326	0.00109	0.00435	0.00290	0.00145	0.00362
25	0.00556	0.00490	0.00850	0.03351	0.00873	0.00544	0.17598	0.00706	0.00581	0.00836	0.00794	0.01141	0.00710	0.01722	0.57191	0.00382	0.07558	0.00348	0.03441	0.00329
26	0.20903	0.04877	0.14535	0.02843	0.32451	0.05817	0.04401	0.02297	0.00698	0.01112	0.00600	0.03877	0.00508	0.00336	0.00319	0.00100	0.03436	0.00274	0.00173	0.00442
27	0.00797	0.01556	0.57423	0.04451	0.04345	0.21564	0.03320	0.01089	0.00748	0.00970	0.00568	0.00681	0.00421	0.00315	0.00309	0.00099	0.00504	0.00241	0.00147	0.00452
28	0.00497	0.00371	0.00453	0.00476	0.02897	0.02717	0.00319	0.00551	0.01264	0.00838	0.15355	0.16918	0.11522	0.21237	0.08347	0.12384	0.01902	0.01452	0.00244	0.00257
29	0.00802	0.37060	0.38333	0.00763	0.01119	0.06502	0.03548	0.03570	0.00725	0.01811	0.00609	0.00688	0.02541	0.00314	0.00273	0.00089	0.00423	0.00230	0.00154	0.00446
30	0.02768	0.04421	0.02880	0.41757	0.06042	0.22199	0.03911	0.03073	0.00754	0.03486	0.00635	0.00818	0.02196	0.00344	0.00339	0.00101	0.03442	0.00275	0.00168	0.00390
31	0.01041	0.00464	0.00615	0.00504	0.00681	0.00414	0.00403	0.02488	0.00923	0.48893	0.32321	0.01596	0.01634	0.00498	0.00342	0.00100	0.00226	0.00421	0.05988	0.00449
32	0.00664	0.00605	0.00978	0.81078	0.02151	0.00746	0.00884	0.07325	0.00720	0.00927	0.00595	0.00863	0.00444	0.00331	0.00326	0.00108	0.00429	0.00290	0.00159	0.00377
33	0.06319	0.09540	0.15176	0.02681	0.11663	0.14351	0.06062	0.05189	0.11320	0.11408	0.01798	0.01768	0.00607	0.00350	0.00306	0.00097	0.00398	0.00282	0.00221	0.00463
34	0.00399	0.00329	0.00350	0.00348	0.00450	0.00281	0.00260	0.00493	0.00771	0.00954	0.17823	0.05603	0.69204	0.00804	0.00386	0.00109	0.00164	0.00678	0.00313	0.00281

[dist]
# distance from previous block
# <min> <max>
9	14

[block]
# block no. 5 follows, 87 sequences, length 17
# corresponding to MSA columns:
# 519-521,539-552
name=unknown_F
#
# <colnr> <probs for GDERKNQSTAVLIFYWHMCP>
#	G	D	E	R	K	N	Q	S	T	A	V	L	I	F	Y	W	H	M	C	P
0	0.03992	0.19237	0.23271	0.00940	0.07699	0.07174	0.17273	0.05069	0.03288	0.02062	0.03503	0.00834	0.02781	0.00330	0.00305	0.00095	0.00424	0.00285	0.00180	0.01258
1	0.04966	0.00473	0.02106	0.00474	0.00632	0.00420	0.00377	0.02002	0.05832	0.10993	0.31318	0.04538	0.08769	0.03402	0.03550	0.00117	0.00241	0.02113	0.00300	0.17377
2	0.06054	0.08246	0.08031	0.14409	0.34332	0.00774	0.03733	0.04783	0.02714	0.04642	0.00642	0.00788	0.00505	0.00307	0.00300	0.00094	0.00373	0.00270	0.01819	0.07183
3	0.00958	0.01029	0.00836	0.00739	0.00907	0.37874	0.03971	0.01335	0.29549	0.04059	0.03715	0.01098	0.07597	0.00432	0.00358	0.00100	0.04446	0.00328	0.00247	0.00422
4	0.00566	0.00283	0.00425	0.00425	0.00425	0.00283	0.00283	0.00425	0.00425	0.00566	0.00566	0.00991	0.00566	0.01133	0.01274	0.90513	0.00283	0.00283	0.00142	0.00142
5	0.00458	0.03597	0.00462	0.03197	0.00561	0.03411	0.00332	0.00548	0.00710	0.00885	0.08500	0.27482	0.39153	0.00915	0.05451	0.00139	0.00247	0.03381	0.00284	0.00288
6	0.00805	0.00783	0.01232	0.10762	0.64908	0.05076	0.02711	0.02725	0.02959	0.01045	0.00636	0.00830	0.00526	0.00372	0.03155	0.00112	0.00418	0.00292	0.00168	0.00485
7	0.00533	0.00304	0.00448	0.00448	0.00464	0.00320	0.00312	0.00471	0.00455	0.00623	0.00679	0.01141	0.00673	0.06827	0.25068	0.60132	0.00448	0.00313	0.00154	0.00186
8	0.03489	0.00483	0.00615	0.00502	0.00691	0.00432	0.00402	0.02664	0.01978	0.50470	0.15141	0.01684	0.15730	0.03731	0.00392	0.00111	0.00241	0.00432	0.00364	0.00449
9	0.03700	0.04928	0.01118	0.30152	0.34519	0.04518	0.02507	0.05693	0.00755	0.03955	0.00659	0.03999	0.00546	0.00343	0.00326	0.00101	0.01257	0.00304	0.00179	0.00440
10	0.00474	0.00319	0.00369	0.00369	0.00374	0.00324	0.00215	0.00483	0.00478	0.00642	0.01015	0.02064	0.01155	0.81491	0.08667	0.00333	0.00362	0.00464	0.00196	0.00205
11	0.00654	0.01687	0.86850	0.00929	0.01411	0.00757	0.01205	0.01033	0.00688	0.01033	0.00585	0.00688	0.00413	0.00310	0.00310	0.00103	0.00482	0.00241	0.00138	0.00482
12	0.00686	0.01209	0.47791	0.02822	0.11577	0.02415	0.02693	0.04104	0.04228	0.01079	0.03536	0.01273	0.00778	0.00423	0.00340	0.00110	0.00419	0.13876	0.00190	0.00450
13	0.00769	0.08237	0.20573	0.14528	0.18806	0.07493	0.08599	0.03840	0.02513	0.02271	0.08627	0.00920	0.00717	0.00345	0.00321	0.00099	0.00416	0.00302	0.00184	0.00441
14	0.00760	0.04947	0.00904	0.09099	0.00949	0.14049	0.02020	0.00861	0.00613	0.03829	0.00604	0.00882	0.00547	0.04148	0.16660	0.00201	0.36786	0.00291	0.01496	0.00353
15	0.70102	0.00687	0.00559	0.00489	0.00687	0.06657	0.01725	0.03651	0.01848	0.04979	0.04631	0.00680	0.00530	0.00332	0.00231	0.00100	0.00279	0.00216	0.01247	0.00371
16	0.02030	0.17619	0.00944	0.07271	0.03411	0.10421	0.02723	0.07840	0.12730	0.00986	0.00771	0.01014	0.00674	0.11078	0.14648	0.00187	0.00452	0.00298	0.00203	0.04698

[dist]
# distance from previous block
# <min> <max>
0	5

[block]
# block no. 6 follows, 87 sequences, length 13
# corresponding to MSA columns:
# 558-570
name=unknown_G
#
# <colnr> <probs for GDERKNQSTAVLIFYWHMCP>
#	G	D	E	R	K	N	Q	S	T	A	V	L	I	F	Y	W	H	M	C	P
0	0.00722	0.00528	0.01870	0.02749	0.00692	0.00510	0.00404	0.19793	0.04487	0.08889	0.11402	0.04746	0.34239	0.04823	0.00420	0.00115	0.00243	0.00511	0.00310	0.02546
1	0.07378	0.27870	0.12811	0.03084	0.04797	0.07407	0.00642	0.07803	0.01828	0.15112	0.05276	0.00844	0.02004	0.00355	0.00290	0.00091	0.01475	0.00263	0.00222	0.00448
2	0.12341	0.03278	0.01966	0.05963	0.08178	0.09372	0.02104	0.09659	0.15787	0.01147	0.00896	0.12331	0.00822	0.02044	0.01885	0.00120	0.08916	0.02549	0.00233	0.00408
3	0.03800	0.00500	0.00614	0.00513	0.00686	0.00477	0.00408	0.07845	0.07388	0.33540	0.29666	0.01723	0.10383	0.00533	0.00349	0.00103	0.00229	0.00448	0.00360	0.00435
4	0.00616	0.00580	0.00978	0.87756	0.02246	0.00724	0.00906	0.00833	0.00652	0.00833	0.00580	0.00869	0.00435	0.00326	0.00326	0.00109	0.00435	0.00290	0.00145	0.00362
5	0.01840	0.02985	0.21231	0.06484	0.15729	0.08256	0.06691	0.08257	0.06187	0.10334	0.02304	0.03641	0.02518	0.00381	0.00327	0.00102	0.00400	0.01649	0.00219	0.00465
6	0.00508	0.00355	0.00451	0.00419	0.00510	0.00330	0.00317	0.00683	0.04020	0.04697	0.72676	0.02398	0.10070	0.00662	0.00380	0.00103	0.00164	0.00580	0.00355	0.00322
7	0.00466	0.00335	0.00460	0.00463	0.00500	0.00370	0.00331	0.00540	0.00511	0.00717	0.00965	0.05190	0.00999	0.32107	0.54096	0.00436	0.00653	0.00416	0.00188	0.00258
8	0.12073	0.01187	0.39521	0.00831	0.01174	0.03021	0.09574	0.15608	0.04583	0.03495	0.03820	0.02369	0.00603	0.00354	0.00313	0.00103	0.00409	0.00289	0.00208	0.00464
9	0.00624	0.01672	0.02289	0.33871	0.04285	0.00565	0.00625	0.03313	0.07059	0.04716	0.01120	0.24356	0.01122	0.04815	0.00424	0.00127	0.00327	0.08098	0.00234	0.00357
10	0.11866	0.00578	0.00733	0.00569	0.00816	0.00530	0.00470	0.04860	0.00913	0.73421	0.01169	0.01029	0.00744	0.00391	0.00313	0.00101	0.00278	0.00309	0.00377	0.00531
11	0.00470	0.00341	0.00418	0.00419	0.00497	0.00314	0.00311	0.02576	0.00811	0.02366	0.38619	0.20778	0.21486	0.02531	0.00415	0.00117	0.00182	0.05131	0.01919	0.00298
12	0.00768	0.37072	0.42285	0.00784	0.01150	0.03350	0.04191	0.01030	0.02886	0.00921	0.00548	0.00640	0.00434	0.00306	0.00289	0.00090	0.02436	0.00223	0.00145	0.00450

[dist]
# distance from previous block
# <min> <max>
5	22

[block]
# block no. 7 follows, 87 sequences, length 33
# corresponding to MSA columns:
# 593-601,621,622,627-648
name=unknown_H
#
# <colnr> <probs for GDERKNQSTAVLIFYWHMCP>
#	G	D	E	R	K	N	Q	S	T	A	V	L	I	F	Y	W	H	M	C	P
0	0.02782	0.18204	0.15085	0.03199	0.04288	0.00662	0.00614	0.04594	0.00746	0.02767	0.06394	0.13359	0.05711	0.00579	0.00341	0.00110	0.00316	0.18346	0.00235	0.01666
1	0.00754	0.29972	0.04995	0.00535	0.00723	0.06750	0.01675	0.03701	0.00761	0.06888	0.10158	0.08887	0.12723	0.04027	0.00355	0.00101	0.00297	0.00397	0.05931	0.00372
2	0.00830	0.01193	0.48269	0.00811	0.01180	0.00658	0.07272	0.04759	0.00790	0.19389	0.01064	0.01081	0.10458	0.00390	0.00329	0.00104	0.00401	0.00324	0.00224	0.00474
3	0.02476	0.02746	0.07568	0.17557	0.17355	0.07568	0.04852	0.16058	0.07404	0.03750	0.00806	0.00919	0.04290	0.00372	0.00361	0.00103	0.04843	0.00305	0.00212	0.00454
4	0.00403	0.00301	0.00371	0.00416	0.00461	0.00273	0.00285	0.00473	0.00673	0.00878	0.09629	0.56476	0.22588	0.04604	0.00458	0.00132	0.00186	0.00820	0.00303	0.00268
5	0.00466	0.00328	0.00389	0.00388	0.00441	0.00312	0.00263	0.00528	0.00636	0.02991	0.13426	0.11077	0.23166	0.34804	0.09166	0.00230	0.00295	0.00575	0.00260	0.00257
6	0.05227	0.00514	0.00516	0.00470	0.00599	0.06031	0.00362	0.10947	0.03893	0.03611	0.25954	0.05819	0.32228	0.00654	0.00362	0.00106	0.00227	0.01826	0.00312	0.00345
7	0.03477	0.02018	0.04138	0.00720	0.04749	0.04487	0.00581	0.24796	0.01055	0.46339	0.00996	0.00932	0.00664	0.00390	0.00343	0.00100	0.03051	0.00301	0.00334	0.00530
8	0.00490	0.00315	0.00393	0.00393	0.00402	0.00324	0.00244	0.00481	0.00472	0.00639	0.00920	0.01798	0.01017	0.59780	0.14228	0.16905	0.00392	0.00421	0.00184	0.00201
9	0.02482	0.00610	0.00766	0.00599	0.00839	0.00580	0.00491	0.13648	0.08141	0.62974	0.01198	0.01068	0.00782	0.00403	0.00323	0.00100	0.00282	0.00324	0.03850	0.00539
10	0.00842	0.04265	0.06853	0.17231	0.28701	0.10501	0.02856	0.13392	0.00839	0.01098	0.00683	0.06486	0.00589	0.00376	0.00353	0.00102	0.03879	0.00318	0.00190	0.00447
11	0.00519	0.00307	0.00414	0.00421	0.00431	0.00311	0.00280	0.00473	0.00477	0.00639	0.00861	0.03335	0.00930	0.32447	0.08424	0.42827	0.00343	0.06193	0.00179	0.00187
12	0.00654	0.01687	0.86850	0.00929	0.01411	0.00757	0.01205	0.01033	0.00688	0.01033	0.00585	0.00688	0.00413	0.00310	0.00310	0.00103	0.00482	0.00241	0.00138	0.00482
13	0.00989	0.00883	0.26278	0.00667	0.00956	0.00585	0.00673	0.02719	0.11268	0.36927	0.08339	0.01228	0.06158	0.00428	0.00331	0.00103	0.00320	0.00351	0.00305	0.00491
14	0.08663	0.00779	0.01639	0.18156	0.13037	0.06544	0.03943	0.20104	0.15052	0.02980	0.00809	0.04199	0.00644	0.00386	0.00326	0.00104	0.00991	0.00949	0.00238	0.00456
15	0.00671	0.00678	0.01363	0.02003	0.01263	0.00650	0.53230	0.00882	0.00732	0.01030	0.04734	0.15287	0.00931	0.00442	0.00394	0.00111	0.03333	0.01182	0.10700	0.00385
16	0.09786	0.00735	0.01251	0.07804	0.48252	0.00751	0.15405	0.00985	0.00719	0.03732	0.00672	0.02752	0.00567	0.00334	0.00347	0.00104	0.02737	0.02428	0.00178	0.00462
17	0.00660	0.04015	0.84573	0.00919	0.01396	0.00772	0.01187	0.01031	0.00688	0.01026	0.00582	0.00684	0.00413	0.00309	0.00307	0.00102	0.00478	0.00239	0.00138	0.00480
18	0.00581	0.00439	0.00598	0.00562	0.00611	0.00518	0.00430	0.04346	0.00582	0.04257	0.00931	0.11020	0.00944	0.16846	0.38816	0.00335	0.17254	0.00420	0.00203	0.00306
19	0.04697	0.16144	0.57723	0.00798	0.01199	0.00824	0.00963	0.04414	0.00726	0.05307	0.00703	0.00772	0.03704	0.00332	0.00293	0.00097	0.00422	0.00250	0.00168	0.00464
20	0.00616	0.00580	0.00978	0.87756	0.02246	0.00724	0.00906	0.00833	0.00652	0.00833	0.00580	0.00869	0.00435	0.00326	0.00326	0.00109	0.00435	0.00290	0.00145	0.00362
21	0.01173	0.00586	0.00723	0.00573	0.00784	0.00566	0.00466	0.21765	0.01061	0.45173	0.16419	0.01275	0.01155	0.00446	0.00331	0.00099	0.00267	0.00365	0.06278	0.00494
22	0.00715	0.00679	0.00964	0.68590	0.05204	0.07988	0.00845	0.04682	0.01622	0.02614	0.00670	0.00901	0.02480	0.00343	0.00325	0.00106	0.00431	0.00294	0.00166	0.00381
23	0.02055	0.00639	0.09435	0.00581	0.00795	0.00521	0.00513	0.08399	0.06241	0.36612	0.24269	0.02412	0.03450	0.00492	0.00345	0.00103	0.00267	0.02062	0.00345	0.00461
24	0.00392	0.00318	0.00348	0.00367	0.00451	0.00274	0.00265	0.00470	0.00719	0.00886	0.06382	0.25943	0.60306	0.00872	0.00394	0.00116	0.00171	0.00748	0.00305	0.00274
