[name]
unknown

[dist]
# distance from previous block
# <min> <max>
0	145

[block]
# block no. 0 follows, 81 sequences, length 14
# corresponding to MSA columns:
# 206-219
name=unknown_A
#
# <colnr> <probs for GDERKNQSTAVLIFYWHMCP>
#	G	D	E	R	K	N	Q	S	T	A	V	L	I	F	Y	W	H	M	C	P
0	0.00915	0.00481	0.00630	0.00561	0.00718	0.00459	0.00454	0.01142	0.08912	0.31238	0.27313	0.02085	0.01804	0.00721	0.05026	0.00141	0.00287	0.14278	0.02400	0.00437
1	0.00976	0.57021	0.01604	0.00915	0.16986	0.01214	0.00691	0.14961	0.00872	0.01100	0.00571	0.00657	0.00487	0.00318	0.00265	0.00084	0.00379	0.00229	0.00185	0.00487
2	0.00686	0.00384	0.00480	0.00437	0.00551	0.00351	0.00335	0.00834	0.00905	0.15407	0.45820	0.04860	0.09438	0.00629	0.00367	0.00105	0.00187	0.00541	0.17317	0.00364
3	0.00527	0.00336	0.00413	0.00419	0.00489	0.00315	0.00305	0.00660	0.00825	0.02805	0.38102	0.24470	0.05136	0.00728	0.00373	0.00110	0.00175	0.00640	0.22854	0.00317
4	0.00564	0.00453	0.00471	0.00429	0.00570	0.00424	0.00332	0.14516	0.00938	0.01168	0.07964	0.02864	0.66473	0.00788	0.00398	0.00114	0.00208	0.00653	0.00328	0.00343
5	0.00486	0.00349	0.00438	0.00418	0.00486	0.00325	0.00299	0.00613	0.00874	0.01218	0.63731	0.02573	0.08696	0.17229	0.00663	0.00152	0.00196	0.00609	0.00344	0.00301
6	0.58550	0.00839	0.14825	0.00573	0.00846	0.00729	0.00550	0.01155	0.00687	0.17462	0.00671	0.00706	0.00476	0.00342	0.00258	0.00107	0.00313	0.00229	0.00243	0.00437
7	0.47699	0.00818	0.16744	0.00571	0.00825	0.00673	0.00553	0.01050	0.00728	0.11568	0.14788	0.01003	0.00925	0.00399	0.00284	0.00108	0.00299	0.00292	0.00254	0.00418
8	0.75467	0.00718	0.00596	0.00511	0.00735	0.00824	0.00421	0.14940	0.00761	0.01655	0.00539	0.00606	0.00410	0.00336	0.00236	0.00106	0.00286	0.00208	0.00236	0.00410
9	0.00703	0.00559	0.00642	0.00476	0.00740	0.00434	0.00378	0.00858	0.00718	0.01156	0.00711	0.00825	0.00582	0.00284	0.00253	0.00057	0.00238	0.00227	0.17173	0.72988
10	0.03601	0.00625	0.00857	0.16995	0.01175	0.00608	0.00602	0.08012	0.00972	0.61132	0.01157	0.01085	0.00747	0.00408	0.00344	0.00108	0.00332	0.00333	0.00364	0.00544
11	0.90299	0.00668	0.00508	0.00454	0.00668	0.00775	0.00374	0.01015	0.00588	0.01550	0.00481	0.00561	0.00374	0.00321	0.00214	0.00107	0.00267	0.00187	0.00214	0.00374
12	0.00498	0.00398	0.00540	0.00575	0.00599	0.00440	0.00426	0.00572	0.00653	0.00889	0.01658	0.60688	0.03786	0.00974	0.00575	0.00144	0.16698	0.09295	0.00288	0.00303
13	0.01037	0.00660	0.00744	0.00620	0.00808	0.00694	0.00492	0.38885	0.03190	0.13730	0.03132	0.17451	0.01070	0.00549	0.00348	0.00108	0.00290	0.00454	0.15261	0.00478

[dist]
# distance from previous block
# <min> <max>
0	1

[block]
# block no. 1 follows, 81 sequences, length 6
# corresponding to MSA columns:
# 221-226
name=unknown_B
#
# <colnr> <probs for GDERKNQSTAVLIFYWHMCP>
#	G	D	E	R	K	N	Q	S	T	A	V	L	I	F	Y	W	H	M	C	P
0	0.01283	0.00658	0.00912	0.00928	0.18243	0.00628	0.00620	0.05478	0.09918	0.51853	0.01186	0.01111	0.00802	0.00406	0.00342	0.00106	0.00314	0.00341	0.04309	0.00563
1	0.01385	0.00681	0.01069	0.00798	0.01082	0.00617	0.17708	0.06542	0.00991	0.63538	0.01195	0.01105	0.00771	0.00399	0.00360	0.00109	0.00358	0.00358	0.00371	0.00563
2	0.00466	0.00348	0.00382	0.00390	0.00489	0.00300	0.00286	0.00557	0.00777	0.04111	0.07270	0.20395	0.57863	0.00874	0.00406	0.00119	0.00183	0.00746	0.03734	0.00303
3	0.00710	0.00662	0.01140	0.35539	0.27704	0.00718	0.08315	0.00923	0.00753	0.01009	0.00881	0.01511	0.00806	0.00454	0.00377	0.00120	0.00427	0.17329	0.00194	0.00428
4	0.00586	0.00361	0.00473	0.00509	0.00577	0.00337	0.00377	0.00673	0.00726	0.10873	0.01901	0.46050	0.09348	0.07906	0.00540	0.00154	0.00244	0.17722	0.00324	0.00320
5	0.00783	0.00748	0.01273	0.32130	0.56255	0.00802	0.01025	0.00997	0.00753	0.01042	0.00637	0.00878	0.00517	0.00321	0.00343	0.00107	0.00428	0.00308	0.00165	0.00489

[dist]
# distance from previous block
# <min> <max>
6	20

[block]
# block no. 2 follows, 81 sequences, length 36
# corresponding to MSA columns:
# 249-284
name=unknown_C
#
# <colnr> <probs for GDERKNQSTAVLIFYWHMCP>
#	G	D	E	R	K	N	Q	S	T	A	V	L	I	F	Y	W	H	M	C	P
0	0.00861	0.27487	0.43243	0.02699	0.07304	0.05661	0.03306	0.01139	0.03125	0.01049	0.00647	0.00770	0.00512	0.00353	0.00320	0.00106	0.00477	0.00261	0.00173	0.00508
1	0.00492	0.00361	0.00431	0.00468	0.00514	0.00333	0.00315	0.00542	0.00699	0.00917	0.05596	0.43027	0.20258	0.18895	0.03857	0.00197	0.00266	0.02225	0.00311	0.00297
2	0.00719	0.00667	0.01102	0.78451	0.10254	0.00799	0.00986	0.00934	0.00731	0.00952	0.00665	0.00978	0.00513	0.00373	0.00365	0.00122	0.00471	0.00323	0.00171	0.00424
3	0.00535	0.00388	0.00493	0.00465	0.00551	0.00354	0.00345	0.00682	0.01000	0.01411	0.81857	0.02660	0.06408	0.00741	0.00427	0.00118	0.00181	0.00642	0.00393	0.00350
4	0.00598	0.00407	0.00461	0.00452	0.00546	0.00391	0.00335	0.00795	0.07952	0.01286	0.31644	0.10240	0.14243	0.00687	0.00377	0.00114	0.00197	0.01793	0.27122	0.00359
5	0.00511	0.00369	0.00472	0.00483	0.00547	0.00337	0.00344	0.00621	0.00885	0.01231	0.52123	0.34286	0.04671	0.00878	0.00440	0.00129	0.00195	0.00773	0.00372	0.00333
6	0.00494	0.00357	0.00453	0.00490	0.00539	0.00327	0.00339	0.00575	0.00799	0.01091	0.29345	0.53372	0.06630	0.02840	0.00476	0.00141	0.00207	0.00853	0.00353	0.00320
7	0.00746	0.03943	0.83420	0.01004	0.01511	0.00842	0.01274	0.01125	0.00759	0.01132	0.00664	0.00790	0.00483	0.00359	0.00346	0.00117	0.00522	0.00269	0.00162	0.00533
8	0.00901	0.00853	0.01431	0.02142	0.85140	0.00846	0.01077	0.01093	0.00817	0.01173	0.00697	0.00919	0.00591	0.00339	0.00362	0.00111	0.00426	0.00323	0.00187	0.00571
9	0.15653	0.00684	0.00819	0.00645	0.00908	0.00652	0.00527	0.12538	0.01038	0.60938	0.01194	0.01094	0.00785	0.00439	0.00346	0.00115	0.00318	0.00332	0.00397	0.00577
10	0.25408	0.00750	0.00815	0.00639	0.00899	0.00780	0.02314	0.28495	0.04115	0.20760	0.00848	0.00841	0.00597	0.00373	0.00301	0.00100	0.00316	0.00278	0.00308	0.11065
11	0.00756	0.17885	0.41730	0.00920	0.01299	0.00882	0.15034	0.03017	0.03611	0.01091	0.06884	0.00909	0.00700	0.00428	0.03303	0.00119	0.00474	0.00304	0.00181	0.00473
12	0.00473	0.00361	0.00417	0.00424	0.00516	0.00324	0.00317	0.00584	0.01927	0.02166	0.16323	0.13825	0.42355	0.07606	0.00520	0.00139	0.00208	0.09526	0.00322	0.01668
13	0.90299	0.00668	0.00508	0.00454	0.00668	0.00775	0.00374	0.01015	0.00588	0.01550	0.00481	0.00561	0.00374	0.00321	0.00214	0.00107	0.00267	0.00187	0.00214	0.00374
14	0.28773	0.05440	0.00801	0.01781	0.00865	0.05666	0.00506	0.13700	0.00929	0.33416	0.00926	0.02523	0.00667	0.00404	0.00302	0.00105	0.00323	0.02072	0.00312	0.00489
15	0.00759	0.00766	0.01113	0.00937	0.00957	0.01048	0.05400	0.00847	0.00545	0.00847	0.00467	0.00766	0.00457	0.00587	0.01093	0.00149	0.82419	0.00308	0.00152	0.00383
16	0.00629	0.00529	0.00552	0.00510	0.00663	0.00544	0.00395	0.06392	0.30452	0.01201	0.03650	0.02451	0.47448	0.00702	0.00386	0.00117	0.00226	0.02416	0.00334	0.00401
17	0.00445	0.00319	0.00423	0.00464	0.00506	0.00297	0.00323	0.00542	0.00774	0.01061	0.31683	0.57343	0.02632	0.00948	0.00429	0.00129	0.00187	0.00855	0.00342	0.00297
18	0.01313	0.00968	0.01037	0.00795	0.01071	0.01071	0.00657	0.84552	0.01624	0.02177	0.00829	0.00829	0.00587	0.00415	0.00346	0.00104	0.00380	0.00311	0.00346	0.00587
19	0.90299	0.00668	0.00508	0.00454	0.00668	0.00775	0.00374	0.01015	0.00588	0.01550	0.00481	0.00561	0.00374	0.00321	0.00214	0.00107	0.00267	0.00187	0.00214	0.00374
20	0.01408	0.00664	0.00784	0.00628	0.00865	0.08680	0.00510	0.01541	0.00980	0.68316	0.07858	0.01327	0.01043	0.00461	0.00353	0.00107	0.00316	0.03223	0.00396	0.00540
21	0.00521	0.00343	0.00393	0.00381	0.00469	0.00317	0.00286	0.00668	0.00857	0.01259	0.41232	0.02324	0.19877	0.00645	0.00355	0.00101	0.00165	0.00550	0.28940	0.00317
22	0.00428	0.00329	0.00393	0.00432	0.00498	0.00294	0.00308	0.00513	0.00746	0.00956	0.10391	0.43035	0.35026	0.00960	0.00427	0.00129	0.00192	0.04326	0.00326	0.00291
23	0.00780	0.20362	0.54276	0.00955	0.01386	0.04054	0.11445	0.01093	0.00743	0.01026	0.00596	0.00713	0.00450	0.00318	0.00314	0.00102	0.00493	0.00258	0.00151	0.00486
24	0.00730	0.00622	0.00718	0.00531	0.00820	0.00499	0.00422	0.02403	0.07666	0.01170	0.01896	0.02292	0.00627	0.00297	0.00271	0.00060	0.00257	0.00241	0.00224	0.78255
25	0.07913	0.00702	0.00884	0.25353	0.06315	0.03580	0.02488	0.13624	0.13225	0.05039	0.06443	0.01251	0.08356	0.00448	0.00359	0.00111	0.01949	0.00370	0.01144	0.00446
26	0.02632	0.00608	0.00793	0.00614	0.00869	0.00551	0.00505	0.09463	0.01038	0.69023	0.07513	0.01230	0.00995	0.00442	0.00348	0.00106	0.00291	0.00360	0.00409	0.02209
27	0.00451	0.00314	0.00401	0.00454	0.00481	0.00296	0.00303	0.00492	0.00637	0.00837	0.01829	0.56197	0.10176	0.15208	0.00721	0.06815	0.00231	0.03607	0.00290	0.00262
28	0.00952	0.19503	0.07761	0.11505	0.19063	0.24838	0.01644	0.01146	0.03964	0.02513	0.00660	0.03744	0.00562	0.00360	0.00312	0.00097	0.00462	0.00282	0.00181	0.00452
29	0.00693	0.01787	0.86069	0.00985	0.01495	0.00802	0.01276	0.01094	0.00729	0.01094	0.00620	0.00729	0.00438	0.00328	0.00328	0.00109	0.00511	0.00255	0.00146	0.00511
30	0.00421	0.00301	0.00401	0.00481	0.00501	0.00281	0.00321	0.00481	0.00661	0.00882	0.01904	0.87634	0.02285	0.01082	0.00441	0.00140	0.00200	0.00982	0.00321	0.00281
31	0.00466	0.00333	0.00374	0.00387	0.00419	0.00316	0.00240	0.00497	0.00597	0.00768	0.01801	0.16492	0.21664	0.52771	0.01219	0.00251	0.00275	0.00635	0.00254	0.00241
32	0.00716	0.00614	0.00716	0.00512	0.00819	0.00461	0.00409	0.00870	0.00716	0.01126	0.00614	0.00716	0.00512	0.00256	0.00256	0.00051	0.00256	0.00205	0.00205	0.89971
33	0.00943	0.55139	0.17650	0.00743	0.02444	0.16123	0.00742	0.01106	0.00757	0.00877	0.00519	0.00604	0.00444	0.00313	0.00260	0.00084	0.00441	0.00207	0.00153	0.00450
34	0.00721	0.00506	0.05322	0.03696	0.00688	0.00473	0.00445	0.14155	0.00677	0.00909	0.00681	0.01090	0.00632	0.00985	0.01064	0.64016	0.00331	0.03168	0.00187	0.00255
35	0.00768	0.04082	0.15898	0.06874	0.43924	0.01825	0.03908	0.00983	0.00756	0.02743	0.00844	0.14227	0.00791	0.00435	0.00353	0.00110	0.00403	0.00402	0.00193	0.00482

[dist]
# distance from previous block
# <min> <max>
5	18

[block]
# block no. 3 follows, 81 sequences, length 14
# corresponding to MSA columns:
# 303-316
name=unknown_D
#
# <colnr> <probs for GDERKNQSTAVLIFYWHMCP>
#	G	D	E	R	K	N	Q	S	T	A	V	L	I	F	Y	W	H	M	C	P
0	0.06700	0.04401	0.00545	0.00509	0.00588	0.04308	0.00376	0.00633	0.00710	0.00975	0.08217	0.47071	0.13177	0.00852	0.00439	0.00126	0.05317	0.02053	0.00291	0.02712
1	0.00871	0.00727	0.00725	0.00700	0.05349	0.17269	0.00511	0.01067	0.08272	0.13496	0.17643	0.04319	0.08074	0.02789	0.05164	0.00140	0.06649	0.02653	0.03176	0.00406
2	0.00839	0.00754	0.00951	0.03521	0.01061	0.00846	0.11797	0.01677	0.68831	0.01371	0.01298	0.01301	0.00990	0.00454	0.00362	0.00118	0.00322	0.02660	0.00321	0.00525
3	0.00748	0.00699	0.05570	0.00896	0.17660	0.00551	0.03829	0.00922	0.00741	0.04193	0.00788	0.08481	0.00711	0.00364	0.00306	0.00079	0.00311	0.01862	0.00214	0.51073
4	0.00762	0.00413	0.00549	0.00481	0.00610	0.00373	0.00373	0.00917	0.00981	0.23120	0.63890	0.02219	0.02642	0.00635	0.00392	0.00108	0.00197	0.00553	0.00392	0.00393
5	0.05016	0.00798	0.06432	0.02072	0.15079	0.00796	0.04474	0.07000	0.40677	0.03565	0.05563	0.03839	0.02262	0.00449	0.00351	0.00113	0.00326	0.00387	0.00293	0.00511
6	0.07636	0.02389	0.30835	0.01007	0.11197	0.00908	0.03221	0.27740	0.04542	0.02523	0.00715	0.00797	0.00528	0.00370	0.00363	0.00108	0.04082	0.00286	0.00231	0.00524
7	0.05051	0.56386	0.21423	0.00712	0.01055	0.01177	0.03055	0.05869	0.00759	0.01000	0.00539	0.00622	0.00449	0.00311	0.00258	0.00087	0.00404	0.00215	0.00163	0.00465
8	0.00847	0.03169	0.09037	0.11934	0.19754	0.02931	0.06753	0.13917	0.06079	0.01217	0.04163	0.03622	0.01884	0.00430	0.00461	0.00114	0.12650	0.00349	0.00217	0.00473
9	0.00510	0.00359	0.00464	0.00514	0.00560	0.00353	0.00393	0.00598	0.00679	0.00888	0.01686	0.16894	0.05937	0.28846	0.00879	0.00210	0.00297	0.39372	0.00284	0.00276
10	0.09056	0.00688	0.00999	0.22680	0.27999	0.02145	0.00772	0.06226	0.00809	0.13860	0.01828	0.03262	0.00677	0.04397	0.03046	0.00132	0.00398	0.00334	0.00229	0.00464
11	0.00474	0.00345	0.00415	0.00419	0.00463	0.00345	0.00282	0.00527	0.00591	0.00775	0.01660	0.07265	0.20911	0.42057	0.21672	0.00325	0.00431	0.00552	0.00236	0.00256
12	0.00437	0.00309	0.00405	0.00475	0.00495	0.00293	0.00317	0.00494	0.00648	0.00862	0.01798	0.73141	0.02142	0.11960	0.00608	0.00166	0.00223	0.04647	0.00307	0.00273
13	0.00773	0.00654	0.00734	0.03347	0.03381	0.00740	0.00533	0.01507	0.61766	0.01308	0.03795	0.05397	0.04812	0.02156	0.00423	0.02961	0.00277	0.04625	0.00328	0.00483

[dist]
# distance from previous block
# <min> <max>
0	1

[block]
# block no. 4 follows, 81 sequences, length 11
# corresponding to MSA columns:
# 318-328
name=unknown_E
#
# <colnr> <probs for GDERKNQSTAVLIFYWHMCP>
#	G	D	E	R	K	N	Q	S	T	A	V	L	I	F	Y	W	H	M	C	P
0	0.12653	0.01140	0.29856	0.01234	0.28737	0.03763	0.02655	0.04010	0.00779	0.03999	0.00641	0.00766	0.00492	0.00321	0.00314	0.00101	0.00419	0.00266	0.00186	0.07667
1	0.03755	0.03717	0.04129	0.03206	0.34555	0.19927	0.02906	0.09999	0.12202	0.01214	0.00733	0.00839	0.00582	0.00352	0.00330	0.00102	0.00439	0.00293	0.00215	0.00503
2	0.23630	0.00622	0.00695	0.03993	0.03550	0.02177	0.01631	0.16563	0.00817	0.04452	0.00974	0.11039	0.04267	0.06273	0.10269	0.04092	0.03924	0.00393	0.00249	0.00388
3	0.05516	0.03372	0.00980	0.33043	0.05496	0.00775	0.00730	0.15711	0.02688	0.25353	0.00869	0.00950	0.00606	0.00384	0.00350	0.00109	0.01995	0.00311	0.00273	0.00490
4	0.00446	0.00342	0.00393	0.00402	0.00471	0.00317	0.00282	0.00520	0.00698	0.00890	0.08757	0.14713	0.40340	0.19969	0.09723	0.00213	0.00291	0.00670	0.00287	0.00277
5	0.00832	0.00668	0.00762	0.03207	0.00893	0.02841	0.00462	0.08552	0.02963	0.05972	0.00693	0.00779	0.00550	0.00313	0.00302	0.02194	0.00287	0.00233	0.00230	0.67265
6	0.00449	0.00343	0.00413	0.00433	0.00510	0.00309	0.00320	0.00554	0.00800	0.01043	0.24718	0.24322	0.32698	0.03147	0.00458	0.00130	0.00196	0.08526	0.00333	0.00298
7	0.00716	0.00614	0.00716	0.00512	0.00819	0.00461	0.00409	0.00870	0.00716	0.01126	0.00614	0.00716	0.00512	0.00256	0.00256	0.00051	0.00256	0.00205	0.00205	0.89971
8	0.02050	0.00730	0.16980	0.00636	0.02053	0.00557	0.00587	0.00892	0.04664	0.10228	0.11241	0.03004	0.22724	0.05523	0.00542	0.00131	0.10586	0.04306	0.02175	0.00394
9	0.00592	0.00480	0.00568	0.00476	0.00659	0.00388	0.00356	0.00705	0.00702	0.01021	0.05438	0.19077	0.08027	0.10216	0.00485	0.00111	0.00243	0.02273	0.00250	0.47933
10	0.00749	0.00654	0.00844	0.05557	0.08467	0.00543	0.02919	0.03803	0.00756	0.01148	0.00627	0.00750	0.00515	0.00272	0.00276	0.00063	0.00295	0.00229	0.00203	0.71330

[dist]
# distance from previous block
# <min> <max>
6	11

[block]
# block no. 5 follows, 81 sequences, length 18
# corresponding to MSA columns:
# 341-358
name=unknown_F
#
# <colnr> <probs for GDERKNQSTAVLIFYWHMCP>
#	G	D	E	R	K	N	Q	S	T	A	V	L	I	F	Y	W	H	M	C	P
0	0.01290	0.01646	0.00979	0.00890	0.01068	0.86472	0.00667	0.01379	0.00979	0.00845	0.00534	0.00623	0.00445	0.00356	0.00311	0.00089	0.00623	0.00222	0.00178	0.00400
1	0.00502	0.00363	0.00529	0.00532	0.00584	0.00413	0.00403	0.00598	0.00550	0.00783	0.00951	0.01514	0.00925	0.12106	0.69931	0.05332	0.00808	0.02698	0.00190	0.00289
2	0.00429	0.00349	0.00379	0.00376	0.00480	0.00300	0.00280	0.00534	0.00829	0.01042	0.23555	0.06406	0.62154	0.00842	0.00409	0.00116	0.00173	0.00713	0.00335	0.00300
3	0.06761	0.00381	0.00464	0.00442	0.00538	0.00362	0.00336	0.00707	0.00905	0.04294	0.60423	0.06488	0.07225	0.00690	0.00387	0.00111	0.00183	0.03795	0.05175	0.00334
4	0.01045	0.00824	0.01037	0.35847	0.01603	0.00948	0.00780	0.50542	0.01245	0.01651	0.00742	0.00867	0.00536	0.00387	0.00346	0.00108	0.00413	0.00309	0.00268	0.00505
5	0.00437	0.00323	0.00457	0.00516	0.00548	0.00302	0.02991	0.00507	0.00670	0.00893	0.01864	0.82801	0.02222	0.01054	0.00441	0.00140	0.00215	0.03017	0.00316	0.00287
6	0.38789	0.01022	0.00788	0.00672	0.00893	0.25526	0.00535	0.22207	0.00977	0.04772	0.00618	0.00670	0.00467	0.00359	0.00280	0.00101	0.00399	0.00235	0.00245	0.00444
7	0.00842	0.01084	0.13270	0.04591	0.04191	0.12719	0.31968	0.01056	0.00740	0.00984	0.00592	0.00809	0.00480	0.00395	0.00581	0.00121	0.24652	0.00324	0.00164	0.00438
8	0.00468	0.00329	0.00419	0.00444	0.00481	0.00313	0.00302	0.00549	0.00728	0.00996	0.28774	0.35969	0.02332	0.22866	0.00764	0.00180	0.00226	0.03271	0.00312	0.00278
9	0.00631	0.00473	0.00556	0.00512	0.00633	0.00489	0.00391	0.01034	0.26060	0.03484	0.52486	0.02117	0.04325	0.00618	0.00381	0.00110	0.00199	0.00536	0.04567	0.00397
10	0.03595	0.00781	0.01178	0.21228	0.32057	0.02085	0.06141	0.13054	0.05737	0.09599	0.00777	0.00916	0.00584	0.00353	0.00344	0.00108	0.00408	0.00318	0.00229	0.00507
11	0.00593	0.00326	0.00484	0.00478	0.00484	0.00345	0.00330	0.00484	0.00466	0.00632	0.00640	0.01099	0.00637	0.03268	0.10494	0.74809	0.03787	0.00312	0.00155	0.00177
12	0.00437	0.00312	0.00419	0.00500	0.00527	0.00295	0.00349	0.00509	0.00677	0.00900	0.01895	0.77625	0.02249	0.01067	0.00445	0.00143	0.00214	0.10831	0.00320	0.00285
13	0.59202	0.00673	0.00631	0.00526	0.00759	0.00730	0.00434	0.08439	0.00783	0.23835	0.00744	0.00746	0.00519	0.00357	0.00260	0.00107	0.00284	0.00240	0.00282	0.00449
14	0.02831	0.04083	0.69842	0.00951	0.01415	0.02905	0.04017	0.03460	0.02003	0.04411	0.00660	0.00753	0.00469	0.00335	0.00326	0.00108	0.00491	0.00263	0.00169	0.00507
15	0.00758	0.00793	0.01551	0.25662	0.18314	0.00806	0.40610	0.01005	0.00773	0.01040	0.00798	0.01027	0.04539	0.00337	0.00377	0.00113	0.00495	0.00375	0.00175	0.00450
16	0.01550	0.00588	0.00802	0.00615	0.00882	0.00508	0.00508	0.01684	0.00989	0.85944	0.01363	0.01176	0.00855	0.00428	0.00347	0.00107	0.00294	0.00347	0.00428	0.00588
17	0.00700	0.06397	0.79427	0.00950	0.01438	0.00821	0.01216	0.01080	0.00734	0.01086	0.02701	0.00765	0.00507	0.00336	0.00324	0.00107	0.00494	0.00261	0.00152	0.00502

[dist]
# distance from previous block
# <min> <max>
0	1

[block]
# block no. 6 follows, 81 sequences, length 18
# corresponding to MSA columns:
# 360-377
name=unknown_G
#
# <colnr> <probs for GDERKNQSTAVLIFYWHMCP>
#	G	D	E	R	K	N	Q	S	T	A	V	L	I	F	Y	W	H	M	C	P
0	0.03265	0.01283	0.47037	0.00861	0.01263	0.00733	0.04512	0.07685	0.00880	0.27830	0.00869	0.00882	0.00582	0.00364	0.00336	0.00108	0.00429	0.00293	0.00253	0.00535
1	0.00628	0.00366	0.00492	0.00506	0.00584	0.00341	0.00370	0.00722	0.00752	0.15117	0.10695	0.50009	0.05321	0.01039	0.07296	0.00164	0.00274	0.04647	0.00334	0.00341
2	0.85152	0.00732	0.05423	0.00485	0.00716	0.00777	0.00426	0.01020	0.00596	0.01524	0.00489	0.00571	0.00378	0.00321	0.00220	0.00107	0.00281	0.00191	0.00210	0.00382
3	0.00539	0.00365	0.00476	0.00441	0.00533	0.00334	0.00333	0.00699	0.00973	0.05549	0.79229	0.02531	0.05285	0.00697	0.00405	0.00109	0.00170	0.00614	0.00381	0.00338
4	0.00705	0.06375	0.81588	0.00964	0.01463	0.00832	0.01240	0.01091	0.00728	0.01079	0.00613	0.00720	0.00438	0.00326	0.00323	0.00108	0.00503	0.00252	0.00146	0.00507
5	0.00446	0.00343	0.00408	0.00410	0.00494	0.00305	0.00301	0.00563	0.00850	0.01125	0.39630	0.17477	0.34728	0.00836	0.00414	0.00117	0.00174	0.00726	0.00347	0.00305
6	0.00503	0.00362	0.00537	0.00537	0.00591	0.00416	0.00410	0.00597	0.00543	0.00778	0.00904	0.01373	0.00859	0.06524	0.74958	0.08422	0.00842	0.00370	0.00183	0.00290
7	0.00788	0.00636	0.00741	0.00534	0.00838	0.00502	0.00429	0.06388	0.00787	0.04551	0.00658	0.00742	0.00530	0.00273	0.00265	0.00057	0.00265	0.00217	0.00223	0.80574
8	0.84571	0.00719	0.03835	0.00483	0.00710	0.00784	0.00416	0.03139	0.00620	0.01548	0.00495	0.00575	0.00382	0.00323	0.00222	0.00107	0.00280	0.00193	0.00215	0.00385
9	0.00506	0.00360	0.00420	0.00417	0.00475	0.00363	0.00289	0.00611	0.03704	0.00877	0.04588	0.02188	0.20734	0.34120	0.19192	0.00288	0.00397	0.00508	0.09684	0.00278
10	0.03216	0.00647	0.00822	0.00628	0.00899	0.00590	0.00517	0.13513	0.01046	0.64168	0.01198	0.01070	0.00774	0.00407	0.00336	0.00101	0.00302	0.00325	0.00390	0.09051
11	0.13838	0.00541	0.00671	0.00542	0.00757	0.00502	0.00440	0.01351	0.00915	0.53752	0.16562	0.01351	0.01227	0.00462	0.00333	0.00106	0.00259	0.00374	0.05522	0.00495
12	0.06087	0.00840	0.00933	0.00728	0.00991	0.04103	0.02048	0.43742	0.06118	0.29324	0.01004	0.00948	0.00684	0.00413	0.00339	0.00105	0.00353	0.00319	0.00356	0.00565
13	0.00739	0.12707	0.65021	0.01015	0.04384	0.00881	0.08430	0.01086	0.00735	0.01060	0.00610	0.00729	0.00450	0.00320	0.00322	0.00105	0.00495	0.00261	0.00150	0.00499
14	0.00473	0.00358	0.00442	0.00433	0.00523	0.00320	0.00322	0.00602	0.00867	0.01180	0.46959	0.15770	0.21937	0.00790	0.00408	0.00114	0.00181	0.03445	0.00347	0.04529
15	0.00428	0.00313	0.00402	0.00458	0.00498	0.00288	0.00314	0.00504	0.00716	0.00950	0.12273	0.66371	0.13196	0.01010	0.00433	0.00133	0.00193	0.00906	0.00328	0.00288
16	0.00497	0.00359	0.00520	0.00524	0.00572	0.00407	0.00392	0.00588	0.00547	0.00778	0.00971	0.04923	0.00961	0.13826	0.67744	0.04715	0.00788	0.00409	0.00192	0.00287
17	0.03935	0.08252	0.02696	0.06133	0.06564	0.17952	0.04672	0.08880	0.02765	0.02725	0.00585	0.00758	0.00492	0.00441	0.00609	0.00117	0.31521	0.00281	0.00189	0.00433

[dist]
# distance from previous block
# <min> <max>
2	14

[block]
# block no. 7 follows, 81 sequences, length 19
# corresponding to MSA columns:
# 392-410
name=unknown_H
#
# <colnr> <probs for GDERKNQSTAVLIFYWHMCP>
#	G	D	E	R	K	N	Q	S	T	A	V	L	I	F	Y	W	H	M	C	P
0	0.09437	0.00943	0.02947	0.00754	0.01018	0.07738	0.01950	0.52649	0.01327	0.15011	0.00852	0.00851	0.00599	0.00437	0.01818	0.00111	0.00391	0.00300	0.00323	0.00545
1	0.00500	0.00357	0.00451	0.00427	0.00517	0.00324	0.00320	0.00649	0.00943	0.03288	0.69236	0.04303	0.15928	0.00733	0.00407	0.00110	0.00169	0.00641	0.00371	0.00326
2	0.00751	0.00687	0.01142	0.11997	0.50692	0.00692	0.04314	0.00939	0.00789	0.03069	0.06425	0.04523	0.10342	0.00442	0.00363	0.00109	0.00370	0.01676	0.00213	0.00469
3	0.90299	0.00668	0.00508	0.00454	0.00668	0.00775	0.00374	0.01015	0.00588	0.01550	0.00481	0.00561	0.00374	0.00321	0.00214	0.00107	0.00267	0.00187	0.00214	0.00374
4	0.00468	0.00352	0.00432	0.00412	0.00503	0.00317	0.00309	0.00611	0.00928	0.01266	0.63927	0.02776	0.24929	0.00751	0.00408	0.00111	0.00166	0.00652	0.00365	0.00317
5	0.01268	0.00528	0.00694	0.00553	0.00780	0.00455	0.00450	0.01394	0.00948	0.64666	0.06159	0.01676	0.17805	0.00531	0.00363	0.00109	0.00264	0.00438	0.00404	0.00515
6	0.00862	0.00736	0.00778	0.00699	0.00892	0.00848	0.00543	0.04924	0.79127	0.01454	0.01401	0.04128	0.01078	0.00487	0.00354	0.00117	0.00275	0.00407	0.00350	0.00540
7	0.08343	0.01358	0.01061	0.01095	0.16307	0.57562	0.04377	0.02470	0.00915	0.02610	0.00578	0.00687	0.00471	0.00344	0.00315	0.00095	0.00545	0.00247	0.00187	0.00434
8	0.00889	0.75014	0.14558	0.00651	0.00979	0.01282	0.00695	0.01043	0.00706	0.00855	0.00501	0.00581	0.00442	0.00300	0.00238	0.00079	0.00391	0.00195	0.00147	0.00453
9	0.00523	0.00367	0.00471	0.00479	0.00554	0.00346	0.00361	0.02677	0.00856	0.03223	0.39559	0.22963	0.08482	0.04923	0.00486	0.00135	0.00212	0.12719	0.00345	0.00319
10	0.90299	0.00668	0.00508	0.00454	0.00668	0.00775	0.00374	0.01015	0.00588	0.01550	0.00481	0.00561	0.00374	0.00321	0.00214	0.00107	0.00267	0.00187	0.00214	0.00374
11	0.00434	0.00349	0.00409	0.04018	0.00563	0.00314	0.00317	0.00532	0.00780	0.00988	0.15725	0.25101	0.47479	0.00881	0.00414	0.00122	0.00192	0.00761	0.00323	0.00298
12	0.13145	0.20602	0.01108	0.00686	0.00941	0.01791	0.05820	0.16354	0.05319	0.24061	0.00878	0.00921	0.00647	0.00438	0.02343	0.00112	0.02178	0.01874	0.00284	0.00498
13	0.00819	0.00772	0.01292	0.24494	0.60483	0.00816	0.01018	0.04186	0.00793	0.01104	0.00647	0.00871	0.00526	0.00322	0.00343	0.00106	0.00422	0.00308	0.00173	0.00506
14	0.01044	0.45997	0.03528	0.04014	0.04236	0.15084	0.00655	0.12225	0.04246	0.05119	0.00629	0.00691	0.00511	0.00338	0.00276	0.00087	0.00413	0.00235	0.00201	0.00470
15	0.73752	0.00623	0.00522	0.05463	0.00730	0.00719	0.00387	0.00943	0.00583	0.01400	0.00566	0.00797	0.00491	0.11387	0.00417	0.00136	0.00287	0.00234	0.00210	0.00354
16	0.01018	0.00831	0.06969	0.08281	0.28155	0.02314	0.02069	0.17604	0.04458	0.16697	0.00935	0.07504	0.00747	0.00421	0.00351	0.00109	0.00379	0.00366	0.00268	0.00522
17	0.00770	0.00592	0.00708	0.00532	0.00814	0.00459	0.00431	0.00923	0.00746	0.08106	0.00789	0.01051	0.00678	0.00335	0.00284	0.00066	0.00265	0.07978	0.00234	0.74240
18	0.00837	0.00797	0.01345	0.02016	0.80015	0.00799	0.01016	0.01055	0.02899	0.01126	0.00721	0.04491	0.00633	0.00344	0.00346	0.00105	0.00398	0.00338	0.00182	0.00536

[dist]
# distance from previous block
# <min> <max>
0	1

[block]
# block no. 8 follows, 81 sequences, length 30
# corresponding to MSA columns:
# 412-441
name=unknown_I
#
# <colnr> <probs for GDERKNQSTAVLIFYWHMCP>
#	G	D	E	R	K	N	Q	S	T	A	V	L	I	F	Y	W	H	M	C	P
0	0.00934	0.52547	0.14915	0.00724	0.03952	0.03274	0.00704	0.03472	0.05156	0.06577	0.00632	0.00688	0.00512	0.00322	0.00265	0.00085	0.00385	0.00227	0.00186	0.04442
1	0.03424	0.00964	0.00893	0.01657	0.00986	0.17767	0.01485	0.28936	0.29079	0.03680	0.03158	0.01111	0.02306	0.00446	0.00344	0.00107	0.00380	0.02458	0.00309	0.00509
2	0.00502	0.00337	0.00389	0.00389	0.00393	0.00341	0.00224	0.00510	0.00506	0.00679	0.01078	0.02201	0.01230	0.82180	0.07402	0.00350	0.00374	0.00494	0.00208	0.00216
3	0.00782	0.01640	0.74263	0.00966	0.01446	0.00785	0.04104	0.02752	0.00772	0.08314	0.00690	0.00776	0.00479	0.00337	0.00333	0.00109	0.00492	0.00269	0.00175	0.00517
4	0.00668	0.00618	0.00985	0.69682	0.03628	0.00712	0.00861	0.00884	0.00697	0.00932	0.00615	0.00882	0.00471	0.00328	0.00329	0.00103	0.00422	0.00288	0.00163	0.16731
5	0.90299	0.00668	0.00508	0.00454	0.00668	0.00775	0.00374	0.01015	0.00588	0.01550	0.00481	0.00561	0.00374	0.00321	0.00214	0.00107	0.00267	0.00187	0.00214	0.00374
6	0.00539	0.00385	0.00536	0.00616	0.00687	0.00382	0.00526	0.00685	0.00778	0.01014	0.01839	0.14939	0.02027	0.00971	0.00472	0.00157	0.00303	0.72513	0.00318	0.00313
7	0.00747	0.01671	0.76426	0.00992	0.01480	0.00790	0.06174	0.01127	0.00749	0.05724	0.00665	0.00766	0.00466	0.00331	0.00334	0.00110	0.00503	0.00269	0.00163	0.00512
8	0.00469	0.00323	0.00385	0.00414	0.00426	0.00313	0.00253	0.00494	0.00572	0.00758	0.01482	0.33877	0.04847	0.52453	0.01220	0.00255	0.00279	0.00688	0.00255	0.00239
9	0.00747	0.00737	0.01040	0.04752	0.04187	0.02469	0.02521	0.00832	0.00558	0.00839	0.00512	0.00845	0.00501	0.03963	0.02805	0.02176	0.69673	0.00313	0.00156	0.00374
10	0.01537	0.00608	0.00814	0.00624	0.00892	0.00538	0.00516	0.06076	0.01022	0.81503	0.01335	0.01157	0.00841	0.00427	0.00347	0.00107	0.00299	0.00345	0.00423	0.00588
11	0.00772	0.00731	0.01218	0.32361	0.49270	0.00774	0.00973	0.00982	0.00747	0.01040	0.00634	0.00868	0.00513	0.00317	0.00336	0.00103	0.00416	0.00299	0.00167	0.07478
12	0.00587	0.00436	0.00584	0.00519	0.00639	0.00422	0.07376	0.00829	0.09565	0.02246	0.34575	0.06229	0.13303	0.00623	0.00368	0.00107	0.00216	0.01569	0.19452	0.00356
13	0.00843	0.00725	0.00767	0.00691	0.00881	0.00835	0.00537	0.01783	0.81302	0.01442	0.05185	0.01347	0.01154	0.00479	0.00354	0.00117	0.00268	0.00401	0.00353	0.00537
14	0.00436	0.00332	0.00402	0.00434	0.00502	0.00299	0.00312	0.00530	0.00773	0.01005	0.18742	0.37977	0.31314	0.00931	0.00425	0.00127	0.00190	0.04641	0.00332	0.00295
15	0.00476	0.00326	0.00382	0.00404	0.00415	0.00318	0.00242	0.00496	0.00559	0.00740	0.01421	0.25540	0.05416	0.60244	0.01338	0.00272	0.00291	0.00643	0.00245	0.00233
16	0.19428	0.00631	0.00756	0.00596	0.00851	0.00605	0.00491	0.06646	0.03076	0.61625	0.01153	0.01033	0.00747	0.00406	0.00320	0.00107	0.00293	0.00314	0.00377	0.00544
17	0.00693	0.01787	0.86069	0.00985	0.01495	0.00802	0.01276	0.01094	0.00729	0.01094	0.00620	0.00729	0.00438	0.00328	0.00328	0.00109	0.00511	0.00255	0.00146	0.00511
18	0.90299	0.00668	0.00508	0.00454	0.00668	0.00775	0.00374	0.01015	0.00588	0.01550	0.00481	0.00561	0.00374	0.00321	0.00214	0.00107	0.00267	0.00187	0.00214	0.00374
19	0.00773	0.00360	0.00391	0.00364	0.00471	0.00349	0.00280	0.00930	0.00762	0.13382	0.01161	0.01272	0.00881	0.00406	0.00257	0.00084	0.00180	0.00326	0.77013	0.00360
20	0.00740	0.00734	0.01055	0.13848	0.01128	0.01014	0.00786	0.00839	0.00553	0.00839	0.00478	0.00781	0.00455	0.00566	0.01015	0.00146	0.74189	0.00303	0.00152	0.00379
21	0.90299	0.00668	0.00508	0.00454	0.00668	0.00775	0.00374	0.01015	0.00588	0.01550	0.00481	0.00561	0.00374	0.00321	0.00214	0.00107	0.00267	0.00187	0.00214	0.00374
22	0.01075	0.00867	0.01041	0.00840	0.00995	0.01053	0.00697	0.46125	0.01132	0.03469	0.00677	0.00805	0.00535	0.00498	0.00690	0.00124	0.38311	0.00308	0.00263	0.00496
23	0.00429	0.00306	0.00410	0.00490	0.00514	0.00288	0.00335	0.00495	0.00669	0.00891	0.01900	0.82628	0.02267	0.01075	0.00443	0.00141	0.00207	0.05907	0.00321	0.00283
24	0.01133	0.00767	0.00853	0.00707	0.00940	0.00836	0.00567	0.23490	0.44335	0.20591	0.01245	0.01143	0.00887	0.00445	0.00349	0.00111	0.00306	0.00360	0.00367	0.00567
25	0.02541	0.00853	0.01409	0.02007	0.76143	0.03814	0.06018	0.01073	0.00791	0.01125	0.00646	0.00846	0.00539	0.00309	0.00342	0.00103	0.00425	0.00309	0.00172	0.00534
26	0.03262	0.00973	0.09236	0.01264	0.07915	0.05548	0.49229	0.05783	0.00843	0.02044	0.00781	0.01132	0.00645	0.03413	0.00433	0.00123	0.00515	0.06205	0.00197	0.00459
27	0.00579	0.00363	0.00467	0.00472	0.00557	0.00329	0.00349	0.00688	0.00820	0.10989	0.26497	0.34602	0.15313	0.00856	0.00417	0.00125	0.00204	0.05690	0.00350	0.00334
28	0.00548	0.00438	0.00542	0.00519	0.00631	0.00438	0.02778	0.06358	0.05928	0.01024	0.02183	0.08464	0.36206	0.04261	0.18763	0.00223	0.00389	0.09684	0.00287	0.00335
29	0.02214	0.04851	0.05909	0.04993	0.47677	0.09663	0.04090	0.08002	0.00866	0.03231	0.00717	0.02842	0.00605	0.00360	0.00340	0.00104	0.00430	0.02405	0.00197	0.00506

[dist]
# distance from previous block
# <min> <max>
7	11

[block]
# block no. 9 follows, 81 sequences, length 25
# corresponding to MSA columns:
# 455-479
name=unknown_J
#
# <colnr> <probs for GDERKNQSTAVLIFYWHMCP>
#	G	D	E	R	K	N	Q	S	T	A	V	L	I	F	Y	W	H	M	C	P
0	0.00812	0.01976	0.00803	0.00622	0.02901	0.06417	0.00484	0.00967	0.02100	0.05622	0.00646	0.00748	0.00529	0.00309	0.00347	0.00068	0.08168	0.00228	0.00211	0.66040
1	0.00802	0.00903	0.01959	0.01412	0.01747	0.00848	0.79979	0.01086	0.00814	0.01103	0.00759	0.01090	0.00602	0.00327	0.00411	0.00119	0.00568	0.04830	0.00182	0.00458
2	0.00950	0.00774	0.00835	0.00746	0.02782	0.00881	0.00574	0.14643	0.67851	0.04004	0.01299	0.01205	0.00965	0.00456	0.00350	0.00114	0.00294	0.00375	0.00349	0.00554
3	0.00494	0.00370	0.00555	0.00555	0.00617	0.00432	0.00432	0.00617	0.00555	0.00802	0.00925	0.01357	0.00864	0.02591	0.86490	0.00555	0.00925	0.00370	0.00185	0.00308
4	0.79569	0.00658	0.00543	0.00474	0.00694	0.00743	0.00390	0.01096	0.00636	0.11753	0.00588	0.00636	0.00432	0.00334	0.00230	0.00107	0.00270	0.00206	0.00240	0.00400
5	0.00414	0.00327	0.00374	0.00412	0.00483	0.00286	0.00290	0.00489	0.00728	0.00909	0.02748	0.43055	0.46319	0.00973	0.00424	0.00128	0.00187	0.00848	0.00321	0.00286
6	0.90299	0.00668	0.00508	0.00454	0.00668	0.00775	0.00374	0.01015	0.00588	0.01550	0.00481	0.00561	0.00374	0.00321	0.00214	0.00107	0.00267	0.00187	0.00214	0.00374
7	0.00427	0.00323	0.00388	0.00429	0.00484	0.00291	0.00296	0.00502	0.00722	0.00931	0.09772	0.48038	0.29349	0.05765	0.00500	0.00141	0.00196	0.00842	0.00320	0.00284
8	0.00855	0.00821	0.01402	0.02120	0.85704	0.00821	0.01060	0.01060	0.00787	0.01129	0.00650	0.00855	0.00547	0.00308	0.00342	0.00103	0.00410	0.00308	0.00171	0.00547
9	0.00693	0.01787	0.86069	0.00985	0.01495	0.00802	0.01276	0.01094	0.00729	0.01094	0.00620	0.00729	0.00438	0.00328	0.00328	0.00109	0.00511	0.00255	0.00146	0.00511
10	0.00460	0.00335	0.00433	0.00448	0.00511	0.00309	0.00324	0.00580	0.00847	0.01163	0.47544	0.32405	0.09896	0.00857	0.00421	0.00121	0.00180	0.02506	0.00353	0.00307
11	0.00600	0.00300	0.00450	0.00450	0.00450	0.00300	0.00300	0.00450	0.00450	0.00600	0.00600	0.01050	0.00600	0.01200	0.01350	0.89949	0.00300	0.00300	0.00150	0.00150
12	0.00679	0.01367	0.56769	0.07460	0.02948	0.00730	0.04067	0.03639	0.01921	0.01112	0.04735	0.04555	0.05436	0.00427	0.00350	0.00113	0.00448	0.02585	0.00189	0.00468
13	0.00444	0.00350	0.00401	0.00392	0.00490	0.00306	0.00293	0.00564	0.00868	0.01132	0.39783	0.05765	0.46367	0.00807	0.00409	0.00114	0.00171	0.00691	0.00347	0.00306
14	0.00959	0.34158	0.02746	0.02182	0.18274	0.04691	0.09181	0.08327	0.02881	0.06630	0.00696	0.03019	0.00578	0.00343	0.00301	0.00092	0.00398	0.00285	0.00204	0.04054
15	0.00763	0.06921	0.13499	0.00708	0.06317	0.00610	0.01670	0.02223	0.00743	0.03284	0.00651	0.02087	0.00536	0.00293	0.00278	0.00069	0.00317	0.00237	0.00199	0.58593
16	0.00887	0.07599	0.45441	0.01098	0.16397	0.02362	0.01029	0.07972	0.03612	0.09313	0.00728	0.00807	0.00530	0.00344	0.00327	0.00105	0.00445	0.00277	0.00201	0.00525
17	0.00937	0.00995	0.01227	0.03147	0.56436	0.22242	0.00911	0.01108	0.00840	0.01063	0.05706	0.00900	0.00681	0.00350	0.00353	0.00101	0.02023	0.00305	0.00185	0.00491
18	0.00614	0.00483	0.00649	0.00594	0.00597	0.00596	0.00438	0.00617	0.00504	0.00721	0.00751	0.01424	0.00812	0.34412	0.05614	0.18300	0.32053	0.00382	0.00175	0.00264
19	0.00834	0.04946	0.07052	0.15325	0.36700	0.04891	0.12095	0.05087	0.01794	0.01096	0.01661	0.00918	0.01863	0.01381	0.00384	0.00110	0.02878	0.00321	0.00181	0.00483
20	0.00826	0.00729	0.03547	0.01005	0.24998	0.00612	0.00640	0.05929	0.00802	0.04792	0.00669	0.00782	0.00539	0.00290	0.00292	0.00073	0.00317	0.00248	0.00211	0.52702
21	0.90299	0.00668	0.00508	0.00454	0.00668	0.00775	0.00374	0.01015	0.00588	0.01550	0.00481	0.00561	0.00374	0.00321	0.00214	0.00107	0.00267	0.00187	0.00214	0.00374
22	0.00638	0.00661	0.08976	0.25446	0.08113	0.00627	0.04298	0.00876	0.07519	0.01955	0.00986	0.15000	0.00950	0.11640	0.08747	0.00188	0.02336	0.00452	0.00211	0.00383
23	0.00575	0.00397	0.00500	0.00460	0.00562	0.00377	0.00351	0.00754	0.04260	0.07289	0.61533	0.02484	0.15063	0.00699	0.00423	0.00111	0.02844	0.00601	0.00367	0.00350
24	0.03458	0.08443	0.34661	0.00774	0.01091	0.01934	0.02579	0.09077	0.06027	0.08348	0.07787	0.04132	0.04288	0.01466	0.01700	0.00118	0.03056	0.00352	0.00238	0.00472

[dist]
# distance from previous block
# <min> <max>
0	1

[block]
# block no. 10 follows, 81 sequences, length 18
# corresponding to MSA columns:
# 481-487,499-509
name=unknown_K
#
# <colnr> <probs for GDERKNQSTAVLIFYWHMCP>
#	G	D	E	R	K	N	Q	S	T	A	V	L	I	F	Y	W	H	M	C	P
0	0.00765	0.00784	0.01215	0.00995	0.01051	0.01029	0.14168	0.00875	0.00575	0.00875	0.00493	0.00784	0.00465	0.00554	0.01017	0.00146	0.73342	0.00319	0.00155	0.00392
1	0.02750	0.00761	0.00814	0.00679	0.00906	0.00828	0.00537	0.21504	0.47089	0.01547	0.01112	0.01103	0.00848	0.03204	0.00377	0.00110	0.00298	0.00341	0.00319	0.14872
2	0.00526	0.00400	0.00557	0.14361	0.00860	0.00406	0.00478	0.00670	0.00803	0.02231	0.24253	0.16696	0.12556	0.02038	0.00439	0.00132	0.00262	0.21699	0.00309	0.00323
3	0.75907	0.00618	0.00500	0.00451	0.00644	0.00703	0.00366	0.00957	0.00650	0.01524	0.14109	0.00885	0.00837	0.00382	0.00245	0.00107	0.00251	0.00257	0.00240	0.00366
4	0.00607	0.00394	0.00537	0.00525	0.00576	0.00432	0.00382	0.00726	0.14046	0.00801	0.00834	0.01188	0.00758	0.01533	0.28728	0.46639	0.00498	0.00337	0.00194	0.00265
5	0.00716	0.00614	0.00716	0.00512	0.00819	0.00461	0.00409	0.00870	0.00716	0.01126	0.00614	0.00716	0.00512	0.00256	0.00256	0.00051	0.00256	0.00205	0.00205	0.89971
6	0.00431	0.00307	0.00407	0.00480	0.00503	0.00289	0.00324	0.00497	0.00673	0.00900	0.05442	0.77819	0.02275	0.04621	0.00495	0.00148	0.00208	0.03582	0.00319	0.00281
7	0.00945	0.49701	0.02750	0.02273	0.02348	0.05245	0.01621	0.07468	0.06980	0.03739	0.00635	0.00695	0.00525	0.00320	0.00262	0.00080	0.00364	0.00228	0.00197	0.13624
8	0.00854	0.00792	0.01063	0.16065	0.34952	0.09681	0.00818	0.06145	0.06465	0.03507	0.02959	0.05290	0.00794	0.00511	0.03983	0.00127	0.00427	0.03898	0.00218	0.01453
9	0.00955	0.41456	0.04011	0.01709	0.04932	0.15788	0.05391	0.05990	0.02118	0.00949	0.00579	0.01771	0.00513	0.02342	0.00406	0.00099	0.10124	0.00254	0.00174	0.00439
10	0.00828	0.00729	0.03852	0.00694	0.00891	0.00775	0.02644	0.05615	0.60441	0.03061	0.13793	0.01469	0.01334	0.00499	0.00362	0.00115	0.00280	0.01764	0.00345	0.00510
11	0.00506	0.00389	0.00580	0.00572	0.00631	0.00462	0.00448	0.00627	0.00554	0.00803	0.00902	0.01328	0.00844	0.02494	0.82341	0.00536	0.05121	0.00367	0.00183	0.00312
12	0.82856	0.00678	0.00542	0.00475	0.00694	0.00777	0.00392	0.04613	0.00649	0.05038	0.00532	0.00598	0.00403	0.00329	0.00225	0.00107	0.00273	0.00199	0.00228	0.00392
13	0.90299	0.00668	0.00508	0.00454	0.00668	0.00775	0.00374	0.01015	0.00588	0.01550	0.00481	0.00561	0.00374	0.00321	0.00214	0.00107	0.00267	0.00187	0.00214	0.00374
14	0.24115	0.00798	0.00871	0.14510	0.01156	0.00900	0.00617	0.39781	0.06202	0.06676	0.00771	0.00823	0.00556	0.00383	0.00312	0.00107	0.00352	0.00285	0.00286	0.00497
15	0.00504	0.00324	0.00391	0.00404	0.00407	0.00321	0.00240	0.00491	0.00520	0.00694	0.01148	0.15764	0.01325	0.61265	0.01487	0.13425	0.00308	0.00550	0.00218	0.00212
16	0.00579	0.14492	0.03505	0.00607	0.00737	0.00553	0.05751	0.00722	0.02622	0.00954	0.02860	0.33505	0.09381	0.00812	0.00404	0.00129	0.00290	0.21476	0.00279	0.00343
17	0.00493	0.00367	0.00540	0.00536	0.00601	0.00415	0.00415	0.00622	0.00623	0.00895	0.14482	0.01553	0.01248	0.02289	0.72696	0.00484	0.00803	0.00411	0.00216	0.00311

[dist]
# distance from previous block
# <min> <max>
3	8

[block]
# block no. 11 follows, 81 sequences, length 32
# corresponding to MSA columns:
# 519-550
name=unknown_L
#
# <colnr> <probs for GDERKNQSTAVLIFYWHMCP>
#	G	D	E	R	K	N	Q	S	T	A	V	L	I	F	Y	W	H	M	C	P
0	0.05530	0.25252	0.27198	0.04229	0.02700	0.00963	0.08677	0.04008	0.11400	0.05836	0.00729	0.00800	0.00553	0.00342	0.00306	0.00101	0.00415	0.00274	0.00202	0.00488
1	0.13888	0.01002	0.00795	0.00656	0.00891	0.31700	0.00511	0.01074	0.00786	0.01074	0.00559	0.00662	0.00465	0.00315	0.00304	0.00077	0.03806	0.00212	0.00194	0.41028
2	0.00465	0.00342	0.00457	0.00537	0.01905	0.00333	0.00376	0.00579	0.03907	0.00926	0.01846	0.67252	0.03442	0.01079	0.03459	0.00156	0.00248	0.12076	0.00314	0.00301
3	0.00510	0.00359	0.00459	0.00431	0.00521	0.00327	0.00324	0.00664	0.00958	0.03736	0.74287	0.02621	0.12069	0.00717	0.00406	0.00109	0.00168	0.00628	0.00375	0.00330
4	0.01333	0.00767	0.00935	0.00728	0.00991	0.00785	0.03819	0.32943	0.13249	0.38976	0.01142	0.01052	0.00770	0.00423	0.00350	0.00108	0.00335	0.00342	0.00376	0.00577
5	0.00471	0.00343	0.00427	0.00435	0.00511	0.00310	0.00318	0.00588	0.00843	0.02580	0.39993	0.25549	0.22637	0.00849	0.00417	0.00120	0.00182	0.02765	0.00349	0.00310
6	0.90299	0.00668	0.00508	0.00454	0.00668	0.00775	0.00374	0.01015	0.00588	0.01550	0.00481	0.00561	0.00374	0.00321	0.00214	0.00107	0.00267	0.00187	0.00214	0.00374
7	0.00450	0.00319	0.00398	0.00447	0.00470	0.00304	0.00293	0.00499	0.00625	0.00825	0.01745	0.52227	0.07346	0.27315	0.02035	0.00204	0.00254	0.03698	0.00285	0.00261
8	0.00491	0.00361	0.00461	0.00435	0.00521	0.00334	0.00326	0.00666	0.02645	0.01357	0.78567	0.02603	0.08509	0.00712	0.00406	0.00109	0.00166	0.00627	0.00376	0.00328
9	0.00492	0.00373	0.00456	0.00432	0.00526	0.00347	0.00325	0.00683	0.05282	0.01300	0.65155	0.02659	0.19226	0.00727	0.00405	0.00111	0.00171	0.00633	0.00367	0.00331
10	0.72612	0.00667	0.00575	0.00493	0.00718	0.00744	0.00407	0.04356	0.00692	0.15118	0.00636	0.00670	0.00460	0.00341	0.00240	0.00107	0.00276	0.00218	0.00253	0.00417
11	0.00421	0.00301	0.00401	0.00481	0.00501	0.00281	0.00321	0.00481	0.00661	0.00882	0.01904	0.87634	0.02285	0.01082	0.00441	0.00140	0.00200	0.00982	0.00321	0.00281
12	0.00949	0.82124	0.01753	0.00612	0.00899	0.07220	0.00596	0.01058	0.00721	0.00815	0.00484	0.00559	0.00443	0.00300	0.00228	0.00075	0.00387	0.00187	0.00150	0.00440
13	0.00494	0.00370	0.00555	0.00555	0.00617	0.00432	0.00432	0.00617	0.00555	0.00802	0.00925	0.01357	0.00864	0.02591	0.86490	0.00555	0.00925	0.00370	0.00185	0.00308
14	0.00916	0.00808	0.04481	0.04447	0.25564	0.01554	0.10831	0.08265	0.10703	0.09405	0.01652	0.00929	0.00648	0.00342	0.00335	0.00097	0.00376	0.00314	0.00239	0.18095
15	0.01290	0.01646	0.00979	0.00890	0.01068	0.86472	0.00667	0.01379	0.00979	0.00845	0.00534	0.00623	0.00445	0.00356	0.00311	0.00089	0.00623	0.00222	0.00178	0.00400
16	0.00720	0.00617	0.00718	0.00516	0.00821	0.00470	0.00412	0.00892	0.02647	0.01133	0.00632	0.00729	0.00524	0.00261	0.00258	0.00053	0.00256	0.00209	0.00208	0.87925
17	0.00550	0.00390	0.00534	0.00531	0.00577	0.03162	0.00396	0.00590	0.00537	0.00742	0.00822	0.01267	0.00783	0.04202	0.56932	0.26480	0.00720	0.00348	0.00175	0.00263
