[name]
unknown

[dist]
# distance from previous block
# <min> <max>
6	239

[block]
# block no. 0 follows, 80 sequences, length 8
# corresponding to MSA columns:
# 415-422
name=unknown_A
#
# <colnr> <probs for GDERKNQSTAVLIFYWHMCP>
#	G	D	E	R	K	N	Q	S	T	A	V	L	I	F	Y	W	H	M	C	P
0	0.00782	0.10419	0.19850	0.00803	0.04725	0.03410	0.02626	0.11567	0.06228	0.01206	0.10548	0.08566	0.03929	0.02551	0.00451	0.00119	0.07179	0.04350	0.00247	0.00443
1	0.00909	0.03961	0.05354	0.00977	0.12433	0.01993	0.14740	0.11220	0.04507	0.13580	0.07050	0.06525	0.07555	0.02500	0.02514	0.00128	0.02875	0.00432	0.00275	0.00471
2	0.00754	0.00750	0.01005	0.06000	0.00964	0.04040	0.00724	0.00834	0.00558	0.00829	0.00526	0.00901	0.00529	0.08161	0.01123	0.00164	0.71291	0.00320	0.00159	0.00368
3	0.00520	0.00362	0.00464	0.00458	0.00493	0.00358	0.02469	0.00574	0.02910	0.00816	0.07661	0.13829	0.05996	0.44728	0.04306	0.10058	0.00320	0.03181	0.00245	0.00251
4	0.07109	0.14417	0.09512	0.04615	0.01088	0.19253	0.03225	0.11503	0.07684	0.12280	0.00775	0.00822	0.00580	0.00377	0.00335	0.00101	0.02980	0.00275	0.02589	0.00479
5	0.02109	0.03443	0.08260	0.05372	0.09621	0.10989	0.10797	0.08159	0.02445	0.04674	0.00882	0.03726	0.02912	0.05135	0.09483	0.03501	0.02968	0.02314	0.00216	0.02995
6	0.00822	0.17714	0.22661	0.02142	0.06006	0.09183	0.04109	0.01050	0.02824	0.02864	0.05601	0.00928	0.02527	0.01595	0.01545	0.00102	0.02356	0.00286	0.00194	0.15491
7	0.02826	0.13577	0.05910	0.00573	0.00731	0.02287	0.00479	0.07070	0.04539	0.01083	0.05631	0.38168	0.05266	0.00724	0.00370	0.00116	0.00279	0.03198	0.00279	0.06893

[dist]
# distance from previous block
# <min> <max>
7	21

[block]
# block no. 1 follows, 80 sequences, length 9
# corresponding to MSA columns:
# 446-454
name=unknown_B
#
# <colnr> <probs for GDERKNQSTAVLIFYWHMCP>
#	G	D	E	R	K	N	Q	S	T	A	V	L	I	F	Y	W	H	M	C	P
0	0.03844	0.02324	0.17806	0.04418	0.29770	0.03156	0.13762	0.03729	0.04098	0.04282	0.05376	0.00981	0.01684	0.00362	0.00361	0.00108	0.01672	0.00333	0.00205	0.01728
1	0.00618	0.04834	0.00554	0.00493	0.00526	0.03549	0.00350	0.00548	0.00518	0.00677	0.00746	0.06485	0.00761	0.04389	0.13900	0.59908	0.00408	0.00355	0.00171	0.00210
2	0.00884	0.00749	0.03967	0.11339	0.20407	0.02964	0.03799	0.08809	0.04281	0.09243	0.02946	0.05362	0.00754	0.00388	0.00333	0.00097	0.00357	0.00340	0.04229	0.18752
3	0.09897	0.02496	0.01858	0.02008	0.07945	0.03299	0.00574	0.20548	0.19206	0.08226	0.07542	0.03944	0.05264	0.02410	0.00385	0.00114	0.01504	0.00385	0.00307	0.02088
4	0.04027	0.02241	0.03917	0.03495	0.08004	0.00607	0.07821	0.08947	0.06926	0.05377	0.07112	0.24701	0.07687	0.00654	0.00398	0.00121	0.01648	0.03977	0.01927	0.00413
5	0.34076	0.05063	0.02953	0.09134	0.27922	0.00806	0.02920	0.03583	0.00738	0.03541	0.00726	0.00919	0.02958	0.00362	0.00299	0.00108	0.00357	0.02878	0.00207	0.00452
6	0.02963	0.00812	0.07964	0.04564	0.08870	0.09757	0.08628	0.07959	0.03404	0.05244	0.02432	0.18935	0.08963	0.02586	0.02703	0.00133	0.02913	0.00499	0.00254	0.00418
7	0.00710	0.04686	0.08682	0.05289	0.06195	0.00620	0.03907	0.08182	0.04831	0.04007	0.09251	0.19892	0.06557	0.05057	0.00473	0.00127	0.03310	0.02434	0.00270	0.05522
8	0.01605	0.00562	0.00726	0.02922	0.05060	0.02264	0.05897	0.10065	0.09964	0.02607	0.16681	0.20602	0.10208	0.02988	0.01864	0.00131	0.00293	0.02221	0.01553	0.01787

[dist]
# distance from previous block
# <min> <max>
39	76

[block]
# block no. 2 follows, 80 sequences, length 20
# corresponding to MSA columns:
# 555-574
name=unknown_C
#
# <colnr> <probs for GDERKNQSTAVLIFYWHMCP>
#	G	D	E	R	K	N	Q	S	T	A	V	L	I	F	Y	W	H	M	C	P
0	0.00578	0.01851	0.05376	0.00574	0.00660	0.02243	0.02488	0.02395	0.00730	0.05055	0.06816	0.53276	0.03455	0.06124	0.00535	0.00145	0.04093	0.02973	0.00300	0.00332
1	0.00807	0.06665	0.18369	0.05989	0.01533	0.02669	0.41633	0.01915	0.02011	0.03741	0.02539	0.04172	0.00653	0.01630	0.00426	0.00118	0.04103	0.00377	0.00190	0.00461
2	0.05514	0.00779	0.02610	0.10351	0.29271	0.01646	0.13023	0.12793	0.00885	0.03084	0.00894	0.10479	0.02165	0.00442	0.00375	0.00113	0.01760	0.01822	0.00226	0.01769
3	0.02251	0.03222	0.25505	0.03429	0.08219	0.06068	0.05888	0.10027	0.10309	0.12919	0.04787	0.01027	0.02098	0.00396	0.00343	0.00108	0.00410	0.00329	0.02157	0.00509
4	0.00451	0.00333	0.00414	0.00464	0.00513	0.00313	0.00323	0.00548	0.02754	0.00933	0.05060	0.55920	0.17490	0.04794	0.03709	0.00159	0.00234	0.03035	0.02261	0.00294
5	0.03304	0.00461	0.00558	0.00519	0.00625	0.00462	0.00380	0.06533	0.06943	0.14931	0.09831	0.21026	0.04010	0.21039	0.06355	0.00201	0.00314	0.01826	0.00313	0.00368
6	0.02972	0.13922	0.01005	0.00750	0.07070	0.04728	0.02047	0.16275	0.05964	0.10606	0.00903	0.08713	0.00765	0.00456	0.01820	0.00101	0.00343	0.00339	0.02146	0.19075
7	0.00660	0.05033	0.00646	0.00525	0.00674	0.00531	0.00409	0.09344	0.04306	0.03332	0.03337	0.14901	0.23943	0.04953	0.08075	0.00159	0.03565	0.01523	0.00281	0.13805
8	0.00524	0.00386	0.00465	0.00488	0.00582	0.00362	0.00379	0.00681	0.05536	0.03826	0.08315	0.20340	0.32418	0.02786	0.00461	0.00137	0.00230	0.21430	0.00330	0.00324
9	0.13471	0.00772	0.00616	0.00571	0.00681	0.23518	0.00409	0.00952	0.02569	0.07543	0.02799	0.04031	0.00975	0.34939	0.02369	0.00204	0.00404	0.02610	0.00234	0.00333
10	0.09059	0.04533	0.07272	0.05782	0.04296	0.24723	0.13224	0.15229	0.06753	0.04798	0.00718	0.00805	0.00543	0.00361	0.00331	0.00104	0.00476	0.00290	0.00228	0.00476
11	0.00498	0.00374	0.00561	0.00561	0.00623	0.00436	0.00436	0.00623	0.00561	0.00810	0.00935	0.01371	0.00872	0.02617	0.86355	0.00561	0.00935	0.00374	0.00187	0.00312
12	0.00801	0.00791	0.01411	0.23415	0.15884	0.03665	0.30741	0.01025	0.00781	0.04550	0.03155	0.01053	0.03515	0.00417	0.02201	0.00125	0.05462	0.00370	0.00191	0.00448
13	0.00952	0.83473	0.01785	0.00613	0.00905	0.05787	0.00601	0.01063	0.00723	0.00823	0.00488	0.00563	0.00448	0.00302	0.00229	0.00075	0.00386	0.00189	0.00151	0.00446
14	0.00468	0.00351	0.00432	0.00457	0.00519	0.00333	0.00324	0.00596	0.04286	0.01016	0.19744	0.37133	0.18775	0.07953	0.03755	0.00161	0.00234	0.02837	0.00324	0.00303
15	0.00594	0.00493	0.00524	0.00540	0.00594	0.09264	0.00387	0.02496	0.00683	0.00910	0.01328	0.38638	0.01458	0.08296	0.18343	0.02829	0.03113	0.00627	0.08577	0.00306
16	0.00610	0.04042	0.00607	0.00537	0.00608	0.00491	0.00406	0.00726	0.02838	0.06296	0.04161	0.06091	0.01090	0.20789	0.42395	0.00381	0.05350	0.00432	0.01827	0.00323
17	0.10249	0.00736	0.09298	0.00656	0.00907	0.00622	0.07327	0.01832	0.11267	0.11295	0.02901	0.01114	0.05503	0.00400	0.00341	0.00097	0.03556	0.00325	0.10752	0.20820
18	0.07140	0.04861	0.22033	0.00790	0.01065	0.09343	0.05124	0.10033	0.04826	0.10496	0.00808	0.00934	0.00623	0.00827	0.17844	0.00199	0.02058	0.00302	0.00228	0.00464
19	0.03353	0.04304	0.05130	0.43111	0.08183	0.00713	0.00792	0.03488	0.01570	0.01013	0.05230	0.08706	0.03313	0.00586	0.04830	0.00140	0.01873	0.03065	0.00204	0.00396

[dist]
# distance from previous block
# <min> <max>
4	19

[block]
# block no. 3 follows, 80 sequences, length 27
# corresponding to MSA columns:
# 595-621
name=unknown_D
#
# <colnr> <probs for GDERKNQSTAVLIFYWHMCP>
#	G	D	E	R	K	N	Q	S	T	A	V	L	I	F	Y	W	H	M	C	P
0	0.00716	0.00663	0.01082	0.72536	0.03520	0.00802	0.04563	0.05378	0.05409	0.01006	0.00680	0.00945	0.00509	0.00356	0.00352	0.00116	0.00455	0.00319	0.00178	0.00414
1	0.00797	0.13923	0.03772	0.10897	0.04381	0.01953	0.05134	0.11573	0.05811	0.01085	0.00812	0.04140	0.00742	0.11075	0.07886	0.00175	0.09633	0.01636	0.00213	0.04361
2	0.00614	0.00383	0.00481	0.00480	0.00572	0.00357	0.00356	0.00766	0.04555	0.11011	0.23787	0.31701	0.12806	0.00815	0.00407	0.00123	0.00207	0.04517	0.05712	0.00349
3	0.00576	0.00413	0.00575	0.00564	0.00647	0.00460	0.00436	0.00782	0.08671	0.04702	0.07279	0.08199	0.01196	0.02033	0.60108	0.00427	0.00721	0.01624	0.00241	0.00346
4	0.00854	0.00444	0.00500	0.00448	0.00581	0.00442	0.00348	0.05255	0.07901	0.16825	0.05968	0.04262	0.01071	0.00458	0.00294	0.00094	0.00209	0.00375	0.53265	0.00406
5	0.00505	0.00333	0.00442	0.00500	0.00547	0.00309	0.00354	0.00583	0.00715	0.05820	0.04189	0.68105	0.06584	0.01022	0.00441	0.00139	0.00217	0.08558	0.00331	0.00307
6	0.00758	0.00748	0.01048	0.00900	0.00900	0.01043	0.00748	0.00827	0.00532	0.00832	0.00463	0.00774	0.00463	0.00631	0.01153	0.03216	0.84135	0.00305	0.00153	0.00374
7	0.01192	0.00539	0.00690	0.00556	0.00771	0.00484	0.00450	0.05869	0.02037	0.53003	0.12521	0.01697	0.14426	0.00538	0.00365	0.00109	0.00261	0.00445	0.03546	0.00503
8	0.00532	0.00362	0.00451	0.00478	0.00556	0.00333	0.00350	0.00649	0.03041	0.06882	0.10588	0.42351	0.22907	0.00929	0.00428	0.00131	0.00211	0.08160	0.00338	0.00323
9	0.01235	0.01531	0.01146	0.00978	0.01187	0.70571	0.12780	0.04658	0.00991	0.00946	0.00575	0.00683	0.00467	0.00352	0.00330	0.00094	0.00614	0.00255	0.00186	0.00422
10	0.00763	0.00763	0.01069	0.00916	0.00916	0.01069	0.00763	0.00840	0.00534	0.00840	0.00458	0.00763	0.00458	0.00611	0.01145	0.00153	0.87099	0.00305	0.00153	0.00382
11	0.00462	0.00351	0.00427	0.00426	0.00512	0.00315	0.00318	0.00589	0.00878	0.01175	0.45345	0.13851	0.29053	0.00826	0.00419	0.00118	0.00180	0.04088	0.00355	0.00312
12	0.00512	0.00354	0.00454	0.00490	0.00543	0.00344	0.00344	0.00628	0.04407	0.04311	0.07202	0.50524	0.08196	0.09123	0.08093	0.00191	0.00286	0.03378	0.00311	0.00308
13	0.00821	0.00791	0.01364	0.14427	0.67379	0.00810	0.04708	0.01034	0.00782	0.01098	0.00712	0.00953	0.01845	0.00333	0.00352	0.00107	0.00425	0.01368	0.00174	0.00518
14	0.03561	0.00787	0.00818	0.02043	0.00940	0.05748	0.00561	0.09283	0.53815	0.15038	0.02758	0.01199	0.00965	0.00453	0.00348	0.00113	0.00310	0.00367	0.00350	0.00543
15	0.00802	0.00762	0.01026	0.62078	0.06864	0.11952	0.00886	0.01020	0.02263	0.05421	0.03191	0.00957	0.00584	0.00366	0.00346	0.00111	0.00462	0.00312	0.00184	0.00411
16	0.01104	0.34259	0.05769	0.05460	0.01056	0.11135	0.00653	0.14002	0.05940	0.15155	0.00782	0.01912	0.00600	0.00371	0.00298	0.00094	0.00397	0.00271	0.00245	0.00493
17	0.00699	0.00787	0.09821	0.38336	0.16968	0.00746	0.11247	0.00962	0.03999	0.01011	0.00903	0.07556	0.04614	0.00419	0.00365	0.00116	0.00436	0.00392	0.00188	0.00435
18	0.00494	0.00379	0.00447	0.00425	0.00528	0.00345	0.00323	0.03549	0.00932	0.01243	0.48705	0.02870	0.34475	0.00775	0.00412	0.00114	0.00182	0.03120	0.00358	0.00325
19	0.00504	0.00357	0.00468	0.00481	0.00554	0.00323	0.02817	0.00591	0.00749	0.05449	0.10607	0.47956	0.22969	0.03890	0.00473	0.00137	0.00213	0.00824	0.00327	0.00310
20	0.10227	0.03754	0.03255	0.04823	0.41448	0.01807	0.00849	0.03259	0.01923	0.03219	0.00660	0.02020	0.00564	0.00508	0.05021	0.00137	0.15554	0.00305	0.00188	0.00477
21	0.01134	0.04292	0.01040	0.00894	0.01025	0.58709	0.00697	0.01221	0.00847	0.00849	0.00514	0.00666	0.00452	0.00430	0.00553	0.00108	0.25752	0.00247	0.00171	0.00399
22	0.01210	0.01428	0.01013	0.00997	0.09658	0.62249	0.00700	0.06769	0.10718	0.01040	0.00672	0.00744	0.00540	0.00372	0.00325	0.00096	0.00551	0.00259	0.00210	0.00449
23	0.02103	0.03047	0.11247	0.10340	0.01246	0.04995	0.10027	0.14526	0.04663	0.24711	0.04550	0.02572	0.00787	0.00461	0.02289	0.00120	0.01172	0.00349	0.00288	0.00505
24	0.00756	0.00718	0.01200	0.23209	0.48112	0.00764	0.03375	0.00948	0.00745	0.01027	0.00857	0.02403	0.05855	0.04236	0.00452	0.00121	0.04216	0.00359	0.00181	0.00466
25	0.00475	0.00368	0.00495	0.05968	0.04334	0.00358	0.00394	0.01320	0.00719	0.00950	0.05741	0.58006	0.15526	0.00941	0.00432	0.00132	0.01123	0.00839	0.01569	0.00310
26	0.01050	0.03008	0.07403	0.12129	0.13312	0.02205	0.15698	0.09897	0.01761	0.23505	0.00895	0.00979	0.01678	0.00381	0.00393	0.00111	0.04484	0.00337	0.00258	0.00513

[dist]
# distance from previous block
# <min> <max>
2	35

[block]
# block no. 4 follows, 80 sequences, length 35
# corresponding to MSA columns:
# 657-691
name=unknown_E
#
# <colnr> <probs for GDERKNQSTAVLIFYWHMCP>
#	G	D	E	R	K	N	Q	S	T	A	V	L	I	F	Y	W	H	M	C	P
0	0.02259	0.36741	0.11856	0.00643	0.00937	0.04012	0.01425	0.06439	0.02787	0.07466	0.01006	0.01031	0.10846	0.00394	0.00290	0.00089	0.00356	0.00294	0.00219	0.10912
1	0.01837	0.17781	0.21726	0.02106	0.00976	0.00742	0.04494	0.04572	0.05435	0.02544	0.05127	0.24139	0.05230	0.00584	0.00353	0.00112	0.00346	0.00499	0.00243	0.01152
2	0.01748	0.16822	0.53577	0.00868	0.01288	0.03643	0.01023	0.08799	0.00824	0.01152	0.00655	0.00811	0.00510	0.00352	0.00314	0.00102	0.00463	0.02898	0.00176	0.03975
3	0.00565	0.00381	0.00473	0.01446	0.00545	0.00386	0.00331	0.00671	0.03318	0.03612	0.01305	0.23546	0.02712	0.26618	0.14568	0.00252	0.02093	0.00560	0.11898	0.04721
4	0.00643	0.00597	0.01006	0.68995	0.05868	0.00715	0.03307	0.00852	0.00700	0.00906	0.00789	0.11492	0.00705	0.01532	0.00380	0.00122	0.00433	0.00399	0.00178	0.00383
5	0.00933	0.87948	0.01828	0.00597	0.00896	0.01381	0.00597	0.01045	0.00709	0.00821	0.00485	0.00560	0.00448	0.00299	0.00224	0.00075	0.00373	0.00187	0.00149	0.00448
6	0.00853	0.00943	0.02000	0.01432	0.01781	0.00894	0.79468	0.05924	0.00871	0.01180	0.00713	0.00935	0.00533	0.00301	0.00408	0.00117	0.00576	0.00406	0.00186	0.00478
7	0.85489	0.00691	0.00541	0.00477	0.00696	0.00799	0.00393	0.05447	0.00649	0.01599	0.00504	0.00581	0.00389	0.00329	0.00223	0.00108	0.00276	0.00196	0.00223	0.00389
8	0.00472	0.00327	0.00406	0.00439	0.00453	0.00324	0.00277	0.00508	0.00579	0.00777	0.01428	0.37658	0.01668	0.44604	0.08271	0.00275	0.00331	0.00698	0.00256	0.00250
9	0.00808	0.00653	0.00733	0.00686	0.03766	0.00719	0.00512	0.06759	0.51085	0.03730	0.20481	0.02665	0.04812	0.00541	0.00370	0.00115	0.00258	0.00459	0.00355	0.00492
10	0.00666	0.00628	0.01060	0.83911	0.05335	0.00777	0.00973	0.00898	0.00701	0.00900	0.00621	0.00928	0.00468	0.00347	0.00349	0.00116	0.00463	0.00310	0.00156	0.00393
11	0.00721	0.00611	0.00716	0.00523	0.00818	0.00469	0.00420	0.02196	0.00749	0.01158	0.03130	0.00892	0.00651	0.00299	0.00272	0.00058	0.00260	0.03121	0.00218	0.82719
12	0.00829	0.00793	0.01358	0.06872	0.73639	0.00799	0.03267	0.01038	0.00801	0.01140	0.05545	0.00970	0.00705	0.00336	0.00351	0.00105	0.00408	0.00332	0.00184	0.00528
13	0.00536	0.00367	0.00473	0.00440	0.00534	0.00335	0.00332	0.00693	0.00972	0.05253	0.74564	0.02605	0.10143	0.00715	0.00409	0.00110	0.00172	0.00627	0.00381	0.00338
14	0.00428	0.00305	0.00407	0.00484	0.00507	0.00285	0.00324	0.00492	0.00679	0.00908	0.04839	0.84544	0.02342	0.01080	0.00444	0.00141	0.00201	0.00979	0.00326	0.00285
15	0.00452	0.00355	0.00397	0.00403	0.00492	0.00319	0.00298	0.00543	0.00764	0.00958	0.12008	0.05378	0.51355	0.13901	0.03149	0.00167	0.00236	0.08227	0.00310	0.00289
16	0.00447	0.00335	0.00416	0.00445	0.00510	0.00304	0.00319	0.00548	0.00797	0.01057	0.26670	0.39020	0.23064	0.00926	0.00429	0.00127	0.00189	0.03754	0.00341	0.00301
17	0.00576	0.00352	0.00454	0.00459	0.00532	0.00326	0.00332	0.00696	0.00830	0.08293	0.34882	0.36079	0.02405	0.00803	0.00399	0.00119	0.00191	0.00714	0.11225	0.00333
18	0.00751	0.00683	0.05317	0.00546	0.00866	0.00485	0.00464	0.00918	0.00733	0.03990	0.00646	0.00740	0.00524	0.00268	0.00265	0.00057	0.00274	0.00214	0.00211	0.82047
19	0.00682	0.00539	0.00589	0.00558	0.00658	0.00595	0.00400	0.01168	0.41083	0.01081	0.01319	0.03786	0.01241	0.38374	0.00981	0.00217	0.00304	0.05751	0.00290	0.00384
20	0.00718	0.00680	0.01153	0.62571	0.26272	0.00791	0.00998	0.00943	0.00725	0.00963	0.00631	0.00911	0.00490	0.00338	0.00348	0.00113	0.00451	0.00310	0.00160	0.00435
21	0.02751	0.16566	0.17619	0.02184	0.11477	0.17191	0.10888	0.07503	0.00859	0.02531	0.00685	0.00806	0.02355	0.00383	0.01386	0.00107	0.03768	0.00283	0.00187	0.00472
22	0.02843	0.11356	0.00982	0.00682	0.00923	0.00858	0.01376	0.33948	0.08409	0.22140	0.01882	0.04451	0.00836	0.03589	0.00390	0.00114	0.00336	0.02409	0.01951	0.00527
23	0.01210	0.00494	0.00636	0.00517	0.00715	0.00442	0.00417	0.01356	0.00914	0.53924	0.06671	0.01314	0.01029	0.00442	0.00321	0.00100	0.00246	0.00361	0.28398	0.00493
24	0.00510	0.00359	0.00490	0.02743	0.00586	0.00371	0.00365	0.00603	0.00677	0.03080	0.15982	0.30367	0.01817	0.15001	0.23942	0.00279	0.01613	0.00642	0.00276	0.00300
25	0.00825	0.10479	0.12001	0.29900	0.15466	0.04591	0.05652	0.05124	0.00790	0.03147	0.00641	0.00830	0.00499	0.00346	0.00351	0.01289	0.01427	0.00287	0.00178	0.06175
26	0.00483	0.00366	0.00438	0.00437	0.00526	0.00342	0.00330	0.00617	0.03082	0.01083	0.28952	0.05857	0.33593	0.05063	0.05986	0.02917	0.00248	0.07686	0.01685	0.00308
27	0.00502	0.00366	0.00449	0.00438	0.00534	0.00332	0.00334	0.00647	0.01850	0.03309	0.47833	0.07489	0.27168	0.00792	0.00416	0.00118	0.00186	0.06551	0.00360	0.00325
28	0.00952	0.13171	0.21294	0.02240	0.10075	0.22323	0.10182	0.05072	0.03751	0.01051	0.00623	0.00750	0.00496	0.00355	0.00379	0.00103	0.06257	0.00274	0.00179	0.00472
29	0.00800	0.00655	0.00826	0.05857	0.14188	0.06084	0.02680	0.07516	0.11725	0.07157	0.03549	0.18515	0.06915	0.00641	0.00391	0.00122	0.00331	0.11322	0.00292	0.00432
30	0.00453	0.00346	0.00416	0.00447	0.00496	0.00330	0.00309	0.00517	0.00686	0.00885	0.04239	0.40070	0.27695	0.15462	0.00685	0.00167	0.03598	0.02619	0.00300	0.00281
31	0.03725	0.00489	0.01558	0.12168	0.02972	0.01219	0.00461	0.00820	0.09156	0.05205	0.07931	0.09578	0.36461	0.00701	0.00386	0.00118	0.00255	0.03831	0.02603	0.00364
32	0.05029	0.09166	0.07512	0.09472	0.19496	0.03173	0.03042	0.22510	0.03503	0.03450	0.00808	0.03751	0.00678	0.03798	0.00393	0.00116	0.00399	0.02973	0.00238	0.00492
33	0.00550	0.00422	0.00595	0.00694	0.10548	0.00391	0.02685	0.00653	0.00730	0.03952	0.02909	0.44162	0.16714	0.02871	0.01489	0.00137	0.00256	0.05199	0.01224	0.03819
34	0.00733	0.00500	0.00589	0.00550	0.00660	0.00513	0.00411	0.19165	0.02077	0.06650	0.04045	0.33416	0.09463	0.08887	0.03766	0.00160	0.01800	0.02078	0.04161	0.00376

[dist]
# distance from previous block
# <min> <max>
3	11

[block]
# block no. 5 follows, 80 sequences, length 16
# corresponding to MSA columns:
# 703-718
name=unknown_F
#
# <colnr> <probs for GDERKNQSTAVLIFYWHMCP>
#	G	D	E	R	K	N	Q	S	T	A	V	L	I	F	Y	W	H	M	C	P
0	0.03433	0.06669	0.03438	0.03362	0.04425	0.04740	0.43391	0.07317	0.05824	0.02777	0.02008	0.01102	0.04422	0.03183	0.00428	0.00119	0.01508	0.01179	0.00214	0.00461
1	0.00586	0.00536	0.03045	0.00706	0.02381	0.00473	0.19076	0.00774	0.00909	0.02541	0.49953	0.02220	0.12556	0.02159	0.00432	0.00116	0.00279	0.00573	0.00318	0.00367
2	0.00826	0.17913	0.29292	0.00794	0.04462	0.01972	0.00795	0.12336	0.02474	0.04078	0.04516	0.04660	0.07851	0.00483	0.00359	0.02127	0.00387	0.03981	0.00230	0.00464
3	0.04809	0.01468	0.01035	0.01065	0.13511	0.67200	0.00724	0.01311	0.00928	0.00924	0.00551	0.00666	0.00462	0.00360	0.00345	0.00095	0.03704	0.00239	0.00179	0.00424
4	0.00776	0.00773	0.04291	0.15191	0.54576	0.00763	0.04866	0.00979	0.00751	0.01055	0.00721	0.04410	0.00628	0.00525	0.06271	0.01958	0.00459	0.00345	0.00176	0.00486
5	0.07316	0.05115	0.06090	0.08203	0.41187	0.06875	0.00876	0.10022	0.02112	0.05774	0.00722	0.02891	0.00585	0.00358	0.00331	0.00104	0.00411	0.00307	0.00211	0.00510
6	0.00728	0.00675	0.01115	0.67226	0.17692	0.00799	0.00973	0.04830	0.00760	0.00998	0.00637	0.00914	0.00487	0.00345	0.00348	0.00113	0.00452	0.00310	0.00167	0.00428
7	0.00503	0.00336	0.00382	0.00386	0.00387	0.00335	0.00218	0.00506	0.00516	0.00688	0.01145	0.06963	0.01326	0.82981	0.01703	0.00327	0.00331	0.00534	0.00218	0.00215
8	0.00787	0.10934	0.14211	0.05716	0.14002	0.09428	0.06743	0.02401	0.03486	0.02250	0.06487	0.07543	0.02150	0.01673	0.05190	0.00138	0.00443	0.05766	0.00217	0.00435
9	0.08687	0.34746	0.16938	0.00928	0.12409	0.03724	0.03765	0.07085	0.06674	0.01135	0.00634	0.00721	0.00511	0.00331	0.00287	0.00095	0.00406	0.00249	0.00188	0.00485
10	0.03363	0.08617	0.38269	0.00978	0.01370	0.00889	0.17911	0.11671	0.05317	0.07204	0.00748	0.00833	0.00540	0.00346	0.00340	0.00108	0.00467	0.00302	0.00212	0.00514
11	0.00504	0.00351	0.00444	0.00444	0.00466	0.00373	0.00290	0.00548	0.00526	0.00723	0.01042	0.01963	0.01129	0.57851	0.31472	0.00416	0.00548	0.00461	0.00203	0.00247
12	0.21244	0.02192	0.00776	0.05394	0.02029	0.04331	0.00533	0.22011	0.09761	0.01452	0.07872	0.01111	0.00870	0.06839	0.08028	0.00166	0.04356	0.00333	0.00266	0.00434
13	0.19234	0.15843	0.13752	0.03734	0.00980	0.00829	0.02447	0.12516	0.02283	0.07233	0.02562	0.11068	0.02065	0.00449	0.00309	0.00105	0.00344	0.00353	0.00244	0.03648
14	0.05264	0.22306	0.09457	0.02243	0.07413	0.06631	0.01766	0.03100	0.05024	0.06589	0.00674	0.00750	0.00535	0.00317	0.00282	0.00083	0.00364	0.00241	0.00207	0.26755
15	0.07304	0.10106	0.23119	0.01610	0.04187	0.01834	0.04658	0.14097	0.07972	0.04150	0.03251	0.02300	0.01702	0.02004	0.00346	0.00104	0.00385	0.00305	0.00233	0.10332

[dist]
# distance from previous block
# <min> <max>
0	9

[block]
# block no. 6 follows, 80 sequences, length 25
# corresponding to MSA columns:
# 728-752
name=unknown_G
#
# <colnr> <probs for GDERKNQSTAVLIFYWHMCP>
#	G	D	E	R	K	N	Q	S	T	A	V	L	I	F	Y	W	H	M	C	P
0	0.00879	0.13213	0.02101	0.03655	0.10516	0.01654	0.00580	0.09679	0.09391	0.08436	0.01998	0.10494	0.02051	0.01693	0.00342	0.00097	0.00318	0.00366	0.00258	0.22282
1	0.00733	0.00721	0.10283	0.04892	0.11412	0.00580	0.00603	0.04862	0.06232	0.04594	0.05372	0.04219	0.07034	0.10762	0.02103	0.00131	0.00334	0.00379	0.00241	0.24513
2	0.03813	0.05015	0.01055	0.05793	0.19653	0.12938	0.03148	0.14817	0.02025	0.04378	0.00715	0.02057	0.00587	0.00412	0.00393	0.05551	0.01199	0.01384	0.00222	0.14845
3	0.06661	0.08040	0.08195	0.06557	0.03267	0.14245	0.00633	0.11783	0.04043	0.15984	0.00955	0.11278	0.00819	0.04040	0.00392	0.00116	0.00387	0.00373	0.00266	0.01966
4	0.00937	0.18714	0.02213	0.01115	0.24784	0.07357	0.03132	0.11740	0.07605	0.01198	0.00693	0.00803	0.00566	0.00383	0.02003	0.00101	0.02619	0.00274	0.00210	0.13553
5	0.00737	0.00674	0.01117	0.18425	0.48363	0.00708	0.00881	0.00925	0.00749	0.01045	0.05363	0.01249	0.00825	0.06217	0.07180	0.00160	0.00442	0.04290	0.00191	0.00456
6	0.00749	0.00636	0.00737	0.00532	0.00838	0.00498	0.00426	0.03821	0.03164	0.01183	0.00651	0.00744	0.00535	0.00270	0.00264	0.00055	0.00263	0.00216	0.00216	0.84200
7	0.00847	0.11470	0.35815	0.01024	0.14542	0.00796	0.03124	0.02291	0.01788	0.11555	0.03832	0.04548	0.03255	0.00413	0.00354	0.00108	0.02101	0.01425	0.00216	0.00496
8	0.00982	0.77098	0.01731	0.00623	0.00919	0.01343	0.00605	0.11443	0.00825	0.00993	0.00529	0.00594	0.00466	0.00314	0.00239	0.00078	0.00374	0.00202	0.00174	0.00466
9	0.00551	0.00421	0.00559	0.00537	0.00563	0.00488	0.00386	0.00609	0.00540	0.00764	0.00951	0.01712	0.01002	0.40990	0.35624	0.00403	0.12993	0.00428	0.00197	0.00282
10	0.00747	0.01795	0.18908	0.27770	0.10624	0.05545	0.16717	0.00994	0.00760	0.01011	0.00818	0.04657	0.03747	0.00459	0.02906	0.00129	0.01427	0.00363	0.00179	0.00444
11	0.00881	0.07363	0.26591	0.04956	0.07101	0.00760	0.04158	0.02747	0.01761	0.16588	0.03508	0.07172	0.04259	0.00499	0.01480	0.00121	0.08956	0.00377	0.00241	0.00480
12	0.00621	0.00499	0.00527	0.00531	0.00621	0.06173	0.00384	0.01929	0.11933	0.04151	0.11546	0.36537	0.14223	0.06325	0.00500	0.00141	0.00253	0.02429	0.00326	0.00351
13	0.00516	0.00347	0.00400	0.00409	0.00416	0.00345	0.00243	0.00526	0.00541	0.00721	0.01202	0.07790	0.01383	0.77396	0.01623	0.00318	0.00332	0.05039	0.00228	0.00228
14	0.05409	0.01968	0.12013	0.11096	0.14670	0.00769	0.05238	0.14825	0.04161	0.15857	0.05946	0.04078	0.01552	0.00425	0.00354	0.00112	0.00384	0.00362	0.00272	0.00508
15	0.90074	0.00682	0.00520	0.00466	0.00683	0.00788	0.00383	0.01033	0.00601	0.01575	0.00496	0.00581	0.00388	0.00331	0.00221	0.00110	0.00274	0.00193	0.00219	0.00383
16	0.01303	0.04188	0.01022	0.00894	0.01081	0.80995	0.00676	0.04031	0.01008	0.00906	0.00558	0.00648	0.00464	0.00366	0.00318	0.00092	0.00617	0.00230	0.00188	0.00417
17	0.00859	0.17198	0.00919	0.00629	0.00821	0.10950	0.00511	0.07102	0.25231	0.02954	0.06516	0.02960	0.19391	0.00545	0.00360	0.00108	0.01781	0.00428	0.00291	0.00447
18	0.01011	0.66495	0.05200	0.00676	0.00967	0.12812	0.00645	0.06904	0.00820	0.00943	0.00533	0.00610	0.00468	0.00323	0.00254	0.00082	0.00418	0.00207	0.00171	0.00460
19	0.00976	0.80088	0.01759	0.00631	0.00920	0.08997	0.00608	0.01083	0.00741	0.00834	0.00501	0.00580	0.00458	0.00311	0.00237	0.00078	0.00400	0.00194	0.00156	0.00449
20	0.00817	0.05163	0.04354	0.00701	0.03199	0.07414	0.00560	0.08752	0.05077	0.05640	0.01123	0.04497	0.01097	0.16322	0.01948	0.00170	0.09646	0.18005	0.05123	0.00392
21	0.00518	0.00346	0.00388	0.00388	0.00389	0.00345	0.00216	0.00516	0.00515	0.00687	0.01109	0.02295	0.01277	0.87609	0.01778	0.00340	0.00342	0.00510	0.00215	0.00217
22	0.00663	0.00583	0.00923	0.50885	0.11880	0.00671	0.00793	0.00885	0.03580	0.01026	0.11343	0.05351	0.01000	0.04021	0.00419	0.00124	0.00386	0.00398	0.04673	0.00396
23	0.00458	0.00357	0.00412	0.00444	0.00516	0.00326	0.00312	0.00574	0.04747	0.00968	0.06623	0.42190	0.36252	0.03549	0.00470	0.00137	0.00201	0.00829	0.00328	0.00306
24	0.80623	0.00681	0.00553	0.00482	0.00706	0.00768	0.00395	0.02528	0.00644	0.05576	0.00551	0.00622	0.00420	0.00335	0.00231	0.00107	0.00276	0.00203	0.00232	0.04066

[dist]
# distance from previous block
# <min> <max>
0	4

[block]
# block no. 7 follows, 80 sequences, length 7
# corresponding to MSA columns:
# 757-763
name=unknown_H
#
# <colnr> <probs for GDERKNQSTAVLIFYWHMCP>
#	G	D	E	R	K	N	Q	S	T	A	V	L	I	F	Y	W	H	M	C	P
0	0.04246	0.01009	0.01489	0.42766	0.24797	0.03979	0.11759	0.01250	0.00980	0.01358	0.00990	0.01369	0.00831	0.00565	0.00503	0.00176	0.00581	0.00433	0.00289	0.00629
1	0.04412	0.01037	0.01495	0.16979	0.54751	0.01038	0.01113	0.07134	0.01049	0.01511	0.01004	0.01341	0.00864	0.00572	0.00523	0.00173	0.03584	0.00423	0.00305	0.00692
2	0.03811	0.00781	0.02617	0.05278	0.01017	0.00831	0.00600	0.32663	0.22259	0.15553	0.03172	0.01091	0.00830	0.00551	0.04936	0.00133	0.00364	0.00347	0.02631	0.00536
3	0.00476	0.00344	0.00432	0.00465	0.00533	0.00317	0.00350	0.00554	0.00750	0.00969	0.12686	0.25480	0.27952	0.00969	0.00538	0.09880	0.00223	0.16485	0.00312	0.00285
4	0.00773	0.00728	0.01236	0.37641	0.38486	0.00798	0.05395	0.04033	0.00774	0.01055	0.00665	0.00922	0.00533	0.00453	0.04942	0.00134	0.00472	0.00319	0.00173	0.00467
5	0.00446	0.00326	0.00428	0.00474	0.00514	0.00314	0.00329	0.00526	0.00691	0.00928	0.10952	0.54020	0.09659	0.05834	0.12635	0.00206	0.00307	0.00817	0.00305	0.00290
6	0.00500	0.00365	0.00514	0.00511	0.00563	0.00405	0.00379	0.00603	0.00596	0.00847	0.10142	0.01691	0.01216	0.19760	0.59779	0.00466	0.00729	0.00429	0.00213	0.00293

[dist]
# distance from previous block
# <min> <max>
2	9

[block]
# block no. 8 follows, 80 sequences, length 6
# corresponding to MSA columns:
# 779-784
name=unknown_I
#
# <colnr> <probs for GDERKNQSTAVLIFYWHMCP>
#	G	D	E	R	K	N	Q	S	T	A	V	L	I	F	Y	W	H	M	C	P
0	0.00491	0.00342	0.00407	0.00424	0.00449	0.00338	0.00274	0.00528	0.00585	0.00770	0.01501	0.14011	0.09705	0.55299	0.06386	0.00289	0.00338	0.07373	0.00245	0.00244
1	0.00616	0.05523	0.05965	0.00695	0.05749	0.07572	0.00542	0.00757	0.00647	0.00862	0.01039	0.01347	0.07211	0.01892	0.57503	0.00406	0.00764	0.00368	0.00191	0.00352
2	0.01080	0.10683	0.06181	0.01071	0.07936	0.11669	0.23851	0.19203	0.03645	0.10136	0.00773	0.00857	0.00573	0.00353	0.00347	0.00104	0.00467	0.00319	0.00241	0.00511
3	0.01244	0.00807	0.00886	0.00693	0.00936	0.00866	0.00568	0.57632	0.01387	0.14370	0.00970	0.00970	0.00686	0.00419	0.00331	0.00101	0.00333	0.00321	0.15934	0.00547
4	0.00933	0.87948	0.01828	0.00597	0.00896	0.01381	0.00597	0.01045	0.00709	0.00821	0.00485	0.00560	0.00448	0.00299	0.00224	0.00075	0.00373	0.00187	0.00149	0.00448
5	0.00448	0.00353	0.00396	0.00414	0.00502	0.00314	0.00309	0.00540	0.00768	0.00956	0.08594	0.12159	0.51857	0.09428	0.00559	0.00147	0.00213	0.11435	0.00317	0.00291

[dist]
# distance from previous block
# <min> <max>
0	1

[block]
# block no. 9 follows, 80 sequences, length 9
# corresponding to MSA columns:
# 786-794
name=unknown_J
#
# <colnr> <probs for GDERKNQSTAVLIFYWHMCP>
#	G	D	E	R	K	N	Q	S	T	A	V	L	I	F	Y	W	H	M	C	P
0	0.00506	0.00391	0.00435	0.00426	0.00522	0.00362	0.00311	0.06464	0.00833	0.01065	0.15412	0.13784	0.43815	0.11460	0.00580	0.00147	0.00216	0.02640	0.00321	0.00310
1	0.07524	0.00590	0.00709	0.00576	0.00792	0.00571	0.00465	0.12983	0.02997	0.45530	0.01237	0.07223	0.00904	0.00466	0.00329	0.00106	0.00277	0.00376	0.15836	0.00509
2	0.01326	0.00977	0.01047	0.00803	0.01082	0.01082	0.00663	0.84398	0.01640	0.02199	0.00838	0.00838	0.00593	0.00419	0.00349	0.00105	0.00384	0.00314	0.00349	0.00593
3	0.00703	0.00597	0.00698	0.00519	0.00800	0.00464	0.00410	0.00884	0.03809	0.01146	0.04241	0.05456	0.00748	0.00330	0.00278	0.00061	0.00252	0.00273	0.00226	0.78103
4	0.00429	0.00314	0.00403	0.00465	0.00503	0.00289	0.00317	0.00502	0.00710	0.00938	0.08809	0.69688	0.13282	0.01035	0.00438	0.00136	0.00196	0.00930	0.00329	0.00289
5	0.90202	0.00675	0.00513	0.00459	0.00675	0.00783	0.00378	0.01026	0.00594	0.01565	0.00486	0.00567	0.00378	0.00324	0.00216	0.00108	0.00270	0.00189	0.00216	0.00378
6	0.00538	0.00342	0.00448	0.00497	0.00550	0.00316	0.00351	0.00613	0.00711	0.08306	0.01957	0.64029	0.08185	0.04129	0.00486	0.00146	0.00223	0.07533	0.00329	0.00312
7	0.00786	0.00728	0.01206	0.55950	0.08096	0.00842	0.11779	0.11879	0.00840	0.01109	0.00658	0.00910	0.00496	0.00356	0.00379	0.00115	0.02927	0.00324	0.00184	0.00437
8	0.00647	0.00497	0.00650	0.07751	0.04490	0.00519	0.00553	0.00956	0.16891	0.04239	0.03482	0.09752	0.11999	0.00767	0.00423	0.00137	0.00297	0.35253	0.00314	0.00385

[dist]
# distance from previous block
# <min> <max>
3	12

[block]
# block no. 10 follows, 80 sequences, length 34
# corresponding to MSA columns:
# 807-809,811-841
name=unknown_K
#
# <colnr> <probs for GDERKNQSTAVLIFYWHMCP>
#	G	D	E	R	K	N	Q	S	T	A	V	L	I	F	Y	W	H	M	C	P
0	0.00885	0.53416	0.14913	0.00878	0.04412	0.01174	0.15547	0.03347	0.00762	0.00968	0.00562	0.00674	0.00469	0.00307	0.00282	0.00090	0.00435	0.00246	0.00160	0.00470
1	0.00726	0.13121	0.00784	0.00576	0.00682	0.04801	0.00445	0.05353	0.05113	0.04935	0.01044	0.12294	0.01683	0.22415	0.18237	0.00259	0.06502	0.00446	0.00232	0.00354
2	0.00875	0.72267	0.01618	0.00597	0.00842	0.01246	0.00568	0.00972	0.00675	0.00807	0.00549	0.00759	0.00536	0.09686	0.00457	0.00109	0.06634	0.00230	0.00156	0.00418
3	0.00586	0.00406	0.00469	0.00450	0.00487	0.00420	0.00289	0.09499	0.00649	0.00871	0.01140	0.10543	0.01268	0.63050	0.08155	0.00311	0.00377	0.00524	0.00235	0.00267
4	0.00424	0.00307	0.00401	0.00476	0.00504	0.00284	0.00320	0.00487	0.00677	0.00894	0.02039	0.81431	0.08311	0.01078	0.00443	0.00140	0.00201	0.00973	0.00324	0.00284
5	0.01297	0.00922	0.01047	0.00920	0.10098	0.02868	0.00684	0.62504	0.01446	0.12244	0.00881	0.00884	0.00623	0.00407	0.00347	0.00104	0.00379	0.00316	0.01446	0.00582
6	0.01326	0.00977	0.01047	0.00803	0.01082	0.01082	0.00663	0.84398	0.01640	0.02199	0.00838	0.00838	0.00593	0.00419	0.00349	0.00105	0.00384	0.00314	0.00349	0.00593
7	0.00421	0.00351	0.00367	0.00369	0.00478	0.00297	0.00274	0.00514	0.00806	0.00982	0.10987	0.08174	0.73023	0.00880	0.00414	0.00118	0.00177	0.00741	0.00330	0.00297
8	0.00743	0.01795	0.79794	0.00988	0.01479	0.06988	0.01245	0.01126	0.00755	0.01087	0.00620	0.00729	0.00443	0.00334	0.00330	0.00109	0.00524	0.00255	0.00150	0.00508
9	0.00556	0.00411	0.00500	0.00507	0.00594	0.00399	0.00384	0.09549	0.00883	0.01171	0.20463	0.30686	0.17364	0.02283	0.00448	0.00132	0.00228	0.12770	0.00338	0.00333
10	0.00664	0.00462	0.00558	0.00553	0.00656	0.00474	0.00412	0.01943	0.22004	0.07907	0.15155	0.35940	0.01951	0.01736	0.00420	0.00129	0.00232	0.05622	0.02792	0.00389
11	0.00456	0.00355	0.00403	0.00407	0.00507	0.00314	0.00306	0.00560	0.00807	0.02387	0.17130	0.12133	0.53910	0.00956	0.04545	0.00142	0.00221	0.03825	0.00329	0.00306
12	0.00531	0.00398	0.00478	0.00480	0.00574	0.00382	0.00363	0.00742	0.09846	0.02842	0.29179	0.17745	0.22917	0.02381	0.00443	0.00128	0.00209	0.09677	0.00347	0.00339
13	0.00910	0.71643	0.04393	0.00637	0.00918	0.01292	0.00623	0.01124	0.09722	0.00899	0.00588	0.00655	0.00514	0.00333	0.00286	0.00084	0.04533	0.00217	0.00171	0.00458
14	0.05053	0.00869	0.06339	0.09405	0.07834	0.00803	0.49669	0.01012	0.00781	0.01090	0.00973	0.01158	0.09602	0.00378	0.00412	0.00117	0.03464	0.00406	0.00189	0.00445
15	0.01001	0.00528	0.00649	0.00566	0.00730	0.00515	0.00434	0.02766	0.17213	0.34643	0.06143	0.13649	0.03663	0.11219	0.00542	0.00143	0.00271	0.01448	0.03418	0.00460
16	0.00956	0.46229	0.11944	0.00757	0.01013	0.18924	0.00724	0.01094	0.00744	0.00866	0.00510	0.00627	0.00449	0.00362	0.00395	0.00094	0.13500	0.00221	0.00156	0.00437
17	0.04957	0.00526	0.00651	0.00566	0.00714	0.00525	0.03191	0.12855	0.00943	0.14145	0.18009	0.15969	0.19973	0.00691	0.00425	0.00118	0.04420	0.00581	0.00337	0.00402
18	0.10108	0.00406	0.00458	0.00481	0.00557	0.01466	0.00360	0.00645	0.01728	0.00982	0.03584	0.20343	0.15519	0.16518	0.07556	0.00204	0.00316	0.16284	0.02187	0.00299
19	0.00662	0.00849	0.19819	0.00687	0.00872	0.09683	0.03855	0.03699	0.00778	0.02771	0.03975	0.37817	0.05335	0.02374	0.02331	0.00136	0.00359	0.01571	0.02053	0.00376
20	0.00707	0.00599	0.00750	0.00726	0.00845	0.10363	0.08268	0.00858	0.00797	0.04677	0.01449	0.02841	0.01501	0.05884	0.08011	0.00191	0.00435	0.50471	0.00278	0.00349
21	0.00806	0.00907	0.01950	0.10620	0.01886	0.00871	0.75370	0.01093	0.00810	0.01093	0.00697	0.00940	0.00523	0.00300	0.00405	0.00118	0.00575	0.00401	0.00174	0.00462
22	0.01333	0.01515	0.00972	0.00864	0.01059	0.73050	0.00656	0.05413	0.01021	0.10017	0.00643	0.00699	0.00501	0.00370	0.00320	0.00093	0.00582	0.00243	0.00215	0.00434
23	0.00596	0.00322	0.00454	0.00450	0.00469	0.00316	0.00303	0.00499	0.00508	0.02045	0.01984	0.03006	0.05006	0.10445	0.02552	0.67346	0.00306	0.01788	0.00182	0.01425
24	0.00918	0.29032	0.35092	0.00794	0.01163	0.01011	0.00873	0.15150	0.03834	0.05046	0.00721	0.02279	0.00568	0.00369	0.00306	0.00100	0.00421	0.01611	0.00208	0.00505
25	0.00862	0.00908	0.01026	0.00891	0.00942	0.14902	0.00726	0.01038	0.09647	0.00908	0.00574	0.00799	0.00522	0.00555	0.00925	0.00139	0.63750	0.00302	0.00179	0.00404
26	0.00527	0.00393	0.00515	0.00502	0.00566	0.00400	0.00376	0.00647	0.00834	0.03259	0.44095	0.23251	0.09412	0.02258	0.00521	0.00128	0.09495	0.02158	0.00337	0.00325
27	0.00613	0.02050	0.13151	0.00749	0.04109	0.03365	0.08891	0.02581	0.05228	0.01001	0.01445	0.37010	0.05879	0.06430	0.03134	0.00153	0.00353	0.03223	0.00261	0.00372
28	0.00757	0.00707	0.00902	0.00784	0.00869	0.04950	0.05634	0.03595	0.16737	0.01014	0.00891	0.07337	0.00832	0.08281	0.08716	0.00191	0.35025	0.00399	0.01982	0.00398
29	0.00459	0.00356	0.00413	0.00419	0.00507	0.00319	0.00306	0.02404	0.00839	0.01088	0.26297	0.22938	0.40651	0.00874	0.00419	0.00121	0.00184	0.00757	0.00342	0.00308
30	0.00515	0.00360	0.00449	0.00486	0.00521	0.00358	0.00347	0.00598	0.02386	0.00857	0.02783	0.18113	0.03107	0.41467	0.01074	0.00238	0.00302	0.25499	0.00272	0.00268
31	0.05377	0.15294	0.14021	0.01616	0.08096	0.16159	0.04945	0.13510	0.04181	0.12469	0.00749	0.00799	0.00557	0.00359	0.00317	0.00100	0.00438	0.00275	0.00236	0.00501
32	0.00798	0.00828	0.02766	0.02514	0.04246	0.05907	0.04775	0.02991	0.00621	0.00904	0.00524	0.00806	0.00491	0.00665	0.05667	0.00165	0.64463	0.00309	0.00163	0.00398
33	0.00499	0.00369	0.00461	0.00509	0.00565	0.00359	0.00366	0.03807	0.04783	0.00997	0.03887	0.58150	0.10527	0.03222	0.00472	0.00143	0.00226	0.10021	0.00325	0.00313

[dist]
# distance from previous block
# <min> <max>
0	1

[block]
# block no. 11 follows, 80 sequences, length 6
# corresponding to MSA columns:
# 843-848
name=unknown_L
#
# <colnr> <probs for GDERKNQSTAVLIFYWHMCP>
#	G	D	E	R	K	N	Q	S	T	A	V	L	I	F	Y	W	H	M	C	P
0	0.01071	0.01294	0.00946	0.00849	0.00975	0.55149	0.00657	0.01157	0.00849	0.00859	0.00817	0.00938	0.08953	0.00478	0.00544	0.00109	0.23481	0.00297	0.00187	0.00387
1	0.02595	0.00587	0.00897	0.03194	0.15420	0.02855	0.11654	0.03983	0.00768	0.04633	0.01372	0.42038	0.03922	0.00720	0.00430	0.00126	0.03490	0.00657	0.00267	0.00391
2	0.00731	0.00626	0.01088	0.04306	0.04697	0.00571	0.28302	0.00909	0.00804	0.09526	0.04078	0.11863	0.20343	0.00550	0.00388	0.00112	0.00359	0.00526	0.00262	0.09959
3	0.00692	0.00586	0.00689	0.00513	0.00793	0.00446	0.00404	0.00837	0.00718	0.01111	0.00759	0.09988	0.00708	0.00348	0.00278	0.00061	0.00252	0.00291	0.00219	0.80308
4	0.00849	0.07021	0.03997	0.07279	0.45168	0.02809	0.06538	0.06706	0.05967	0.01160	0.00814	0.08626	0.00723	0.00400	0.00350	0.00108	0.00405	0.00371	0.00206	0.00503
5	0.00914	0.12984	0.33357	0.03796	0.12483	0.10475	0.09723	0.05162	0.00836	0.06120	0.00664	0.00777	0.00500	0.00334	0.00328	0.00103	0.00483	0.00278	0.00184	0.00499

[dist]
# distance from previous block
# <min> <max>
1	6

[block]
# block no. 12 follows, 80 sequences, length 38
# corresponding to MSA columns:
# 857-894
name=unknown_M
#
# <colnr> <probs for GDERKNQSTAVLIFYWHMCP>
#	G	D	E	R	K	N	Q	S	T	A	V	L	I	F	Y	W	H	M	C	P
0	0.47408	0.29223	0.03977	0.00558	0.00803	0.04128	0.00506	0.01069	0.04085	0.01246	0.00542	0.00626	0.00447	0.00387	0.02469	0.00109	0.01604	0.00207	0.00194	0.00412
1	0.00816	0.00500	0.00571	0.00510	0.00657	0.00513	0.00396	0.02117	0.24173	0.14527	0.20636	0.01658	0.04780	0.00518	0.00337	0.00104	0.00218	0.00434	0.26102	0.00433
2	0.00939	0.82879	0.03972	0.00617	0.00917	0.04167	0.00617	0.01058	0.00719	0.00829	0.00491	0.00567	0.00448	0.00301	0.00230	0.00076	0.00385	0.00190	0.00150	0.00448
3	0.00500	0.00339	0.00384	0.00387	0.00403	0.00336	0.00230	0.00521	0.00548	0.00733	0.01337	0.05398	0.08648	0.70790	0.04858	0.00312	0.00337	0.00534	0.03174	0.00229
4	0.07158	0.00955	0.01067	0.00816	0.01095	0.01051	0.05182	0.74384	0.01527	0.02099	0.00807	0.00825	0.00576	0.00406	0.00344	0.00106	0.00388	0.00311	0.00331	0.00573
5	0.00659	0.00620	0.01047	0.86899	0.02403	0.00775	0.00969	0.00891	0.00698	0.00891	0.00620	0.00930	0.00465	0.00349	0.00349	0.00116	0.00465	0.00310	0.00155	0.00388
6	0.00476	0.00354	0.00442	0.00424	0.00511	0.00321	0.00317	0.00622	0.00938	0.01292	0.66481	0.06062	0.18949	0.00761	0.00413	0.00113	0.00168	0.00665	0.00370	0.00321
7	0.00678	0.00640	0.01082	0.78797	0.10352	0.00780	0.00979	0.00909	0.00707	0.00915	0.00624	0.00924	0.00473	0.00345	0.00349	0.00115	0.00460	0.00310	0.00157	0.00403
8	0.00829	0.00724	0.03061	0.04313	0.04954	0.04684	0.05538	0.19022	0.07841	0.01318	0.01207	0.07741	0.01160	0.00634	0.01639	0.00128	0.00372	0.25905	0.00284	0.08645
9	0.00592	0.00309	0.00451	0.00453	0.00458	0.00306	0.00300	0.00464	0.00473	0.00632	0.00707	0.05840	0.00736	0.06250	0.01324	0.78640	0.00299	0.00351	0.00165	0.01250
10	0.00795	0.00551	0.00634	0.00574	0.00700	0.04803	0.00452	0.15099	0.01879	0.07341	0.00981	0.01213	0.00810	0.01460	0.41226	0.00316	0.00602	0.00344	0.19829	0.00391
11	0.00452	0.00326	0.00410	0.00456	0.00508	0.00296	0.00316	0.00533	0.00739	0.02560	0.12529	0.58591	0.19017	0.00992	0.00433	0.00132	0.00194	0.00884	0.00333	0.00297
12	0.01106	0.29353	0.10922	0.00819	0.01087	0.40581	0.02757	0.07721	0.00917	0.00983	0.00559	0.00643	0.00461	0.00340	0.00292	0.00089	0.00514	0.00228	0.00179	0.00447
13	0.36044	0.20586	0.04407	0.00691	0.00940	0.19832	0.05844	0.04740	0.02133	0.01220	0.00547	0.00633	0.00442	0.00331	0.00264	0.00097	0.00407	0.00222	0.00196	0.00423
14	0.00762	0.00661	0.01103	0.03759	0.01076	0.05962	0.28017	0.00841	0.00664	0.04515	0.00742	0.05364	0.00667	0.00819	0.05577	0.31240	0.07339	0.00375	0.00184	0.00333
15	0.05474	0.00747	0.00883	0.00685	0.00952	0.00753	0.00564	0.32203	0.05403	0.46904	0.01139	0.01036	0.00752	0.00424	0.00344	0.00107	0.00327	0.00332	0.00388	0.00582
16	0.00894	0.00791	0.01267	0.18725	0.53796	0.01942	0.01710	0.06476	0.00838	0.05984	0.00696	0.00887	0.00552	0.00338	0.00363	0.00107	0.02271	0.00311	0.00196	0.01858
17	0.00590	0.00486	0.00650	0.00618	0.00659	0.01704	0.00474	0.03297	0.00604	0.00855	0.00989	0.12732	0.01035	0.15515	0.36194	0.00347	0.20745	0.01980	0.00208	0.00318
18	0.00494	0.00353	0.00473	0.00480	0.00521	0.00375	0.00340	0.00574	0.00604	0.00838	0.09236	0.10715	0.02676	0.30481	0.38014	0.00385	0.00563	0.02370	0.00233	0.00277
19	0.00694	0.00642	0.01047	0.79699	0.02286	0.00800	0.00947	0.04802	0.00736	0.00951	0.00624	0.00920	0.00471	0.00362	0.00378	0.00117	0.03652	0.00310	0.00164	0.00397
20	0.00824	0.00941	0.02059	0.01471	0.01824	0.00882	0.84294	0.01118	0.00824	0.01118	0.00706	0.00941	0.00529	0.00294	0.00412	0.00118	0.00588	0.00412	0.00176	0.00471
21	0.00873	0.00773	0.00776	0.00703	0.00887	0.06298	0.00545	0.05578	0.66227	0.01414	0.04464	0.06093	0.01172	0.00516	0.00362	0.00118	0.00297	0.02046	0.00342	0.00517
22	0.00471	0.00341	0.00422	0.00454	0.00523	0.00308	0.00329	0.00567	0.00779	0.03078	0.17406	0.40703	0.25833	0.00941	0.00430	0.00130	0.00199	0.06443	0.00337	0.00305
