[name]
unknown

[dist]
# distance from previous block
# <min> <max>
0	334

[block]
# block no. 0 follows, 68 sequences, length 8
# corresponding to MSA columns:
# 404-411
name=unknown_A
#
# <colnr> <probs for GDERKNQSTAVLIFYWHMCP>
#	G	D	E	R	K	N	Q	S	T	A	V	L	I	F	Y	W	H	M	C	P
0	0.00914	0.06980	0.06854	0.00712	0.00923	0.06134	0.00601	0.01126	0.06192	0.12331	0.06222	0.23725	0.01424	0.00681	0.00467	0.00124	0.06440	0.02200	0.00315	0.15637
1	0.58163	0.03347	0.08224	0.03160	0.03364	0.08445	0.04496	0.01207	0.00761	0.01558	0.00599	0.00716	0.00468	0.00368	0.00288	0.00118	0.00399	0.00246	0.00227	0.03845
2	0.02689	0.03800	0.39940	0.01193	0.08913	0.04332	0.09461	0.06910	0.14369	0.01409	0.02637	0.01018	0.00719	0.00413	0.00388	0.00125	0.00516	0.00350	0.00237	0.00583
3	0.00504	0.00379	0.00470	0.00521	0.00590	0.00345	0.00376	0.00606	0.00858	0.01115	0.12501	0.45139	0.25203	0.01110	0.00495	0.00151	0.00230	0.08696	0.00376	0.00336
4	0.00592	0.00405	0.00511	0.00499	0.00593	0.00368	0.00366	0.00728	0.00992	0.05216	0.47379	0.17254	0.17186	0.03236	0.00541	0.02374	0.00213	0.00780	0.00403	0.00364
5	0.00964	0.00864	0.01405	0.07133	0.38467	0.00947	0.07511	0.01209	0.04938	0.06581	0.00886	0.02779	0.00764	0.00500	0.00611	0.00137	0.19309	0.04213	0.00231	0.00550
6	0.03572	0.43438	0.04930	0.00691	0.00971	0.01129	0.00638	0.08507	0.05056	0.08360	0.10223	0.08813	0.01154	0.00512	0.00339	0.00108	0.00371	0.00397	0.00280	0.00513
7	0.05035	0.07526	0.12562	0.00955	0.09786	0.03470	0.01953	0.08330	0.00939	0.07581	0.00822	0.01009	0.00664	0.00475	0.02817	0.00118	0.04475	0.02835	0.00250	0.28397

[dist]
# distance from previous block
# <min> <max>
0	1

[block]
# block no. 1 follows, 68 sequences, length 19
# corresponding to MSA columns:
# 413-431
name=unknown_B
#
# <colnr> <probs for GDERKNQSTAVLIFYWHMCP>
#	G	D	E	R	K	N	Q	S	T	A	V	L	I	F	Y	W	H	M	C	P
0	0.00923	0.06909	0.00970	0.00878	0.07579	0.07355	0.00637	0.14728	0.04965	0.03408	0.01161	0.15100	0.01120	0.03579	0.22206	0.00268	0.05572	0.01891	0.00282	0.00468
1	0.00610	0.00413	0.00468	0.00463	0.00479	0.00416	0.00273	0.04132	0.00647	0.00864	0.01311	0.09198	0.01503	0.75534	0.01826	0.00355	0.00374	0.00611	0.00257	0.00266
2	0.18359	0.22246	0.03121	0.03811	0.01129	0.07301	0.03031	0.14468	0.20088	0.01543	0.00884	0.00923	0.00687	0.00421	0.00332	0.00115	0.00413	0.00308	0.00279	0.00544
3	0.00483	0.00345	0.00460	0.00552	0.00575	0.00322	0.00368	0.00552	0.00759	0.01012	0.02185	0.85807	0.02622	0.01242	0.00506	0.00161	0.00230	0.01127	0.00368	0.00322
4	0.00639	0.00441	0.00524	0.00529	0.00568	0.00449	0.00357	0.05919	0.00732	0.00974	0.01439	0.09910	0.01611	0.56651	0.04529	0.00325	0.00396	0.13426	0.00280	0.00299
5	0.00914	0.14998	0.59382	0.01062	0.01574	0.01056	0.04784	0.09413	0.00940	0.01331	0.00715	0.00828	0.00525	0.00379	0.00364	0.00119	0.00549	0.00294	0.00192	0.00581
6	0.32541	0.00731	0.00788	0.00652	0.00901	0.00767	0.00532	0.13492	0.01029	0.29153	0.05986	0.01157	0.00906	0.00714	0.08826	0.00174	0.00405	0.00349	0.00358	0.00537
7	0.00737	0.00579	0.00697	0.00695	0.00833	0.00617	0.00565	0.01242	0.29250	0.01443	0.21387	0.03065	0.03942	0.00833	0.00477	0.00151	0.00301	0.32331	0.00395	0.00457
8	0.11041	0.07770	0.01270	0.07089	0.01288	0.01082	0.08936	0.29101	0.01163	0.09732	0.00835	0.00955	0.00630	0.00545	0.03070	0.00144	0.14157	0.00345	0.00293	0.00554
9	0.03914	0.09358	0.01058	0.00721	0.01031	0.00763	0.00608	0.10843	0.01172	0.64275	0.01367	0.01215	0.00885	0.00471	0.00380	0.00118	0.00356	0.00370	0.00442	0.00652
10	0.00535	0.00425	0.00548	0.00641	0.07225	0.00387	0.00415	0.00654	0.00898	0.01180	0.20348	0.33472	0.29817	0.00997	0.00476	0.00141	0.00230	0.00878	0.00369	0.00362
11	0.00808	0.01975	0.78363	0.01219	0.07329	0.00922	0.01448	0.01253	0.00842	0.01258	0.00714	0.00847	0.00511	0.00375	0.00378	0.00125	0.00578	0.00297	0.00169	0.00589
12	0.00526	0.00402	0.00489	0.00521	0.00615	0.00366	0.00400	0.00654	0.00919	0.01186	0.18963	0.20521	0.34064	0.01034	0.00493	0.00148	0.00239	0.17733	0.00381	0.00346
13	0.06719	0.02983	0.03096	0.00718	0.00842	0.11809	0.00601	0.00918	0.00886	0.01166	0.01706	0.19969	0.01850	0.00923	0.00472	0.00156	0.00383	0.41429	0.02989	0.00384
14	0.01189	0.52099	0.06680	0.00824	0.01131	0.30143	0.00756	0.01328	0.00917	0.00965	0.00582	0.00675	0.00509	0.00365	0.00297	0.00093	0.00534	0.00232	0.00181	0.00496
15	0.02537	0.00892	0.11916	0.00761	0.04416	0.00642	0.00653	0.05565	0.02098	0.09412	0.04707	0.03264	0.00828	0.00391	0.00339	0.00088	0.00346	0.00319	0.00274	0.50553
16	0.01020	0.00895	0.01508	0.11382	0.68080	0.00907	0.01153	0.01252	0.00909	0.07888	0.00807	0.01019	0.00645	0.00369	0.00393	0.00120	0.00467	0.00357	0.00218	0.00611
17	0.00568	0.00412	0.00553	0.00636	0.00708	0.00398	0.00511	0.00703	0.00859	0.01115	0.02322	0.32477	0.10580	0.01137	0.00525	0.00170	0.00302	0.45310	0.00366	0.00347
18	0.01036	0.77675	0.01951	0.00669	0.01010	0.01464	0.00657	0.01168	0.00807	0.00969	0.00567	0.00655	0.00517	0.00335	0.00258	0.00082	0.00411	0.00214	0.00176	0.09378

[dist]
# distance from previous block
# <min> <max>
5	24

[block]
# block no. 2 follows, 68 sequences, length 8
# corresponding to MSA columns:
# 457-464
name=unknown_C
#
# <colnr> <probs for GDERKNQSTAVLIFYWHMCP>
#	G	D	E	R	K	N	Q	S	T	A	V	L	I	F	Y	W	H	M	C	P
0	0.01057	0.12112	0.39925	0.01146	0.12190	0.00975	0.01102	0.06081	0.06394	0.13958	0.00900	0.00959	0.00650	0.00403	0.00370	0.00119	0.00486	0.00321	0.00250	0.00603
1	0.04267	0.18508	0.12728	0.00878	0.06725	0.00944	0.00751	0.09156	0.06323	0.08002	0.01126	0.12495	0.03020	0.00680	0.04745	0.00148	0.05178	0.00439	0.01743	0.02142
2	0.36815	0.08625	0.09123	0.02560	0.03586	0.09895	0.05051	0.06695	0.04180	0.01505	0.03692	0.03076	0.00696	0.00430	0.00348	0.00121	0.02557	0.00311	0.00246	0.00487
3	0.00750	0.02245	0.02150	0.04986	0.10091	0.00596	0.02166	0.02529	0.06029	0.05805	0.04373	0.09554	0.03801	0.25991	0.16908	0.00301	0.00507	0.00539	0.00274	0.00406
4	0.00814	0.39578	0.01243	0.00610	0.00817	0.03187	0.00531	0.03318	0.00854	0.01044	0.04698	0.15165	0.16131	0.02827	0.05630	0.00152	0.00389	0.02320	0.00264	0.00427
5	0.03065	0.00748	0.02475	0.03629	0.26596	0.03439	0.03613	0.02979	0.03615	0.05525	0.12022	0.01487	0.04412	0.01970	0.00404	0.00117	0.00358	0.00422	0.16779	0.06345
6	0.02907	0.10303	0.00852	0.01894	0.02717	0.09501	0.00517	0.08354	0.05715	0.03435	0.07476	0.18809	0.13789	0.06419	0.00540	0.01681	0.00348	0.02206	0.02112	0.00427
7	0.01005	0.16611	0.06668	0.12038	0.19002	0.04293	0.06124	0.06299	0.06696	0.05905	0.03944	0.01150	0.03282	0.00429	0.00371	0.00115	0.00446	0.00365	0.04715	0.00541

[dist]
# distance from previous block
# <min> <max>
0	15

[block]
# block no. 3 follows, 68 sequences, length 20
# corresponding to MSA columns:
# 480-493,509-514
name=unknown_D
#
# <colnr> <probs for GDERKNQSTAVLIFYWHMCP>
#	G	D	E	R	K	N	Q	S	T	A	V	L	I	F	Y	W	H	M	C	P
0	0.00830	0.00593	0.03740	0.00611	0.00807	0.00490	0.00487	0.03908	0.02104	0.13458	0.10321	0.26832	0.05975	0.00801	0.02588	0.00134	0.00301	0.02356	0.01838	0.21827
1	0.04373	0.16037	0.16268	0.03982	0.04844	0.09346	0.02067	0.06690	0.01933	0.07889	0.02566	0.02992	0.00719	0.00426	0.00363	0.01568	0.00442	0.00317	0.02688	0.14488
2	0.00803	0.05767	0.45071	0.01040	0.05787	0.02353	0.05306	0.01121	0.00831	0.03259	0.04595	0.01274	0.02017	0.06102	0.11064	0.00205	0.00591	0.02094	0.00209	0.00513
3	0.00599	0.00480	0.00675	0.00645	0.02126	0.00460	0.06195	0.00805	0.05274	0.01328	0.36174	0.20372	0.13510	0.02616	0.00516	0.00143	0.01484	0.04600	0.01616	0.00385
4	0.00590	0.00483	0.00537	0.02466	0.00690	0.00468	0.00399	0.02865	0.13082	0.01237	0.11593	0.18258	0.44000	0.00931	0.00462	0.00138	0.00235	0.00796	0.00377	0.00391
5	0.43413	0.00800	0.00782	0.05088	0.00981	0.04568	0.00546	0.10713	0.00932	0.20511	0.00852	0.00910	0.00613	0.00490	0.00412	0.06931	0.00362	0.00292	0.00308	0.00496
6	0.00528	0.00435	0.00468	0.00457	0.00586	0.00392	0.00343	0.00723	0.07075	0.01227	0.21121	0.05459	0.57911	0.00933	0.00464	0.00133	0.00207	0.00789	0.00386	0.00365
7	0.00674	0.00495	0.00658	0.00639	0.00772	0.00472	0.04146	0.03490	0.03088	0.04752	0.15261	0.07398	0.23599	0.00946	0.01399	0.00155	0.00305	0.29099	0.02260	0.00394
8	0.01096	0.68967	0.07140	0.00729	0.01071	0.05010	0.00725	0.01289	0.04522	0.05357	0.00665	0.00728	0.00565	0.00361	0.00281	0.00092	0.00437	0.00239	0.00198	0.00526
9	0.04850	0.03167	0.07952	0.20784	0.05349	0.07021	0.12959	0.09693	0.08534	0.11106	0.04043	0.01119	0.00788	0.00430	0.00396	0.00125	0.00488	0.00377	0.00275	0.00544
10	0.00653	0.00484	0.00563	0.00582	0.00678	0.00494	0.00425	0.04439	0.15496	0.01279	0.05534	0.43128	0.10335	0.00951	0.00454	0.00144	0.00249	0.03786	0.09924	0.00402
11	0.00614	0.00445	0.00575	0.00586	0.00654	0.00447	0.02660	0.03814	0.05122	0.01126	0.05276	0.38832	0.03650	0.17107	0.06468	0.00226	0.00342	0.05303	0.06402	0.00352
12	0.01169	0.00705	0.00973	0.24571	0.01454	0.00748	0.03781	0.13803	0.03347	0.24839	0.01141	0.01226	0.00806	0.00451	0.00374	0.00119	0.00386	0.00377	0.19193	0.00536
13	0.00924	0.00674	0.00702	0.00634	0.00764	0.05952	0.00496	0.18537	0.01042	0.01535	0.01241	0.12042	0.01112	0.00665	0.02462	0.00131	0.08281	0.03384	0.38979	0.00441
14	0.00580	0.00756	0.19013	0.00656	0.00835	0.00488	0.00611	0.00777	0.02293	0.01150	0.12790	0.33213	0.14137	0.05221	0.04147	0.00176	0.00346	0.02097	0.00320	0.00393
15	0.00617	0.00439	0.00550	0.00553	0.00661	0.00412	0.00432	0.00811	0.04507	0.04624	0.34827	0.11793	0.19911	0.00930	0.00483	0.00143	0.00242	0.17283	0.00401	0.00382
16	0.01300	0.05957	0.01021	0.00778	0.01039	0.06477	0.00632	0.27878	0.19805	0.18043	0.03522	0.01334	0.04960	0.00514	0.00387	0.00120	0.00376	0.00404	0.04853	0.00600
17	0.00683	0.00346	0.00512	0.00512	0.00512	0.00346	0.00339	0.00519	0.00519	0.00693	0.00716	0.01273	0.00725	0.05497	0.01572	0.84179	0.00346	0.00356	0.00175	0.00175
18	0.00568	0.00464	0.00625	0.00653	0.00676	0.00521	0.00476	0.00642	0.00733	0.01002	0.01907	0.62900	0.06161	0.01109	0.00681	0.00162	0.19110	0.00940	0.00325	0.00347
19	0.00985	0.11204	0.39813	0.01063	0.03433	0.14616	0.04779	0.03162	0.02053	0.03368	0.00805	0.02137	0.00662	0.00451	0.00431	0.00124	0.05586	0.04587	0.00207	0.00536

[dist]
# distance from previous block
# <min> <max>
0	1

[block]
# block no. 4 follows, 68 sequences, length 15
# corresponding to MSA columns:
# 516-530
name=unknown_E
#
# <colnr> <probs for GDERKNQSTAVLIFYWHMCP>
#	G	D	E	R	K	N	Q	S	T	A	V	L	I	F	Y	W	H	M	C	P
0	0.65310	0.00756	0.00639	0.00575	0.00790	0.03117	0.00464	0.06095	0.00752	0.01644	0.00674	0.00855	0.00559	0.02996	0.13179	0.00207	0.00443	0.00266	0.00248	0.00429
1	0.01060	0.03418	0.01390	0.01086	0.01282	0.11494	0.18171	0.18023	0.01013	0.01341	0.00751	0.00990	0.00627	0.00812	0.11241	0.00200	0.25996	0.00370	0.00234	0.00501
2	0.01302	0.00925	0.01024	0.00792	0.01099	0.00955	0.00645	0.44238	0.11046	0.10609	0.01048	0.01041	0.00759	0.00444	0.00372	0.00107	0.00373	0.00345	0.02714	0.20165
3	0.00494	0.00357	0.00470	0.00556	0.00591	0.00333	0.00384	0.00573	0.00779	0.01028	0.02291	0.74870	0.07529	0.01217	0.00507	0.00161	0.00238	0.06930	0.00368	0.00326
4	0.10251	0.04870	0.00961	0.00692	0.01002	0.00779	0.00572	0.18714	0.01144	0.29613	0.03472	0.01065	0.00813	0.00425	0.00350	0.00103	0.00343	0.00328	0.00360	0.24142
5	0.00967	0.00960	0.01792	0.01328	0.01660	0.00947	0.52020	0.06172	0.17171	0.03463	0.08336	0.01319	0.01014	0.00429	0.00449	0.00132	0.00534	0.00478	0.00280	0.00550
6	0.00988	0.00877	0.00889	0.00802	0.01019	0.04726	0.00622	0.02018	0.75278	0.01624	0.05477	0.01516	0.01300	0.00545	0.00404	0.00133	0.00326	0.00452	0.00396	0.00608
7	0.00519	0.00382	0.00487	0.00507	0.00579	0.00349	0.00363	0.00650	0.00954	0.01301	0.42035	0.35138	0.13264	0.01002	0.00483	0.00140	0.00205	0.00891	0.00401	0.00349
8	0.00554	0.00368	0.00460	0.00494	0.00505	0.00363	0.00309	0.00568	0.00639	0.00856	0.01522	0.32476	0.01771	0.43007	0.05190	0.09273	0.00355	0.00745	0.00278	0.00268
9	0.01143	0.00899	0.00960	0.00818	0.01067	0.01013	0.00649	0.23511	0.55053	0.05381	0.01512	0.01408	0.03703	0.00534	0.00404	0.00130	0.00344	0.00434	0.00404	0.00633
10	0.01068	0.00882	0.00711	0.00633	0.00796	0.21004	0.00488	0.16745	0.01101	0.01551	0.01062	0.01191	0.00827	0.00452	0.00320	0.00100	0.00362	0.00339	0.49918	0.00450
11	0.00611	0.00488	0.00686	0.17105	0.03835	0.00508	0.00555	0.03166	0.03028	0.01212	0.19623	0.38853	0.07000	0.00898	0.00464	0.00142	0.00294	0.00803	0.00342	0.00386
12	0.00587	0.00451	0.00656	0.00653	0.00712	0.00529	0.00506	0.00714	0.00650	0.00930	0.01145	0.06654	0.01136	0.07696	0.64874	0.00541	0.07068	0.03919	0.00227	0.00351
13	0.00570	0.00392	0.00490	0.00515	0.00592	0.00357	0.00368	0.00675	0.00883	0.05089	0.20449	0.38803	0.19693	0.05824	0.00571	0.00159	0.00233	0.03607	0.00382	0.00350
14	0.00977	0.08841	0.21454	0.01026	0.01283	0.06168	0.07788	0.05955	0.03102	0.04708	0.00732	0.00968	0.00611	0.04365	0.00771	0.00149	0.30039	0.00342	0.00212	0.00509

[dist]
# distance from previous block
# <min> <max>
7	48

[block]
# block no. 5 follows, 68 sequences, length 18
# corresponding to MSA columns:
# 583-600
name=unknown_F
#
# <colnr> <probs for GDERKNQSTAVLIFYWHMCP>
#	G	D	E	R	K	N	Q	S	T	A	V	L	I	F	Y	W	H	M	C	P
0	0.00877	0.03170	0.02430	0.20453	0.22638	0.00846	0.11770	0.04405	0.04761	0.01279	0.03667	0.04100	0.01880	0.00419	0.00391	0.00115	0.00450	0.00394	0.00232	0.15723
1	0.00817	0.00571	0.00661	0.00591	0.00749	0.02986	0.00454	0.03397	0.11974	0.11362	0.41490	0.05789	0.10503	0.00773	0.02149	0.00135	0.00270	0.00621	0.00408	0.04299
2	0.00514	0.00365	0.00486	0.00570	0.00602	0.00348	0.00400	0.00596	0.00769	0.01020	0.02100	0.66766	0.02478	0.07788	0.00630	0.00182	0.00263	0.13444	0.00358	0.00322
3	0.03406	0.00930	0.01277	0.23416	0.28138	0.06529	0.02179	0.11992	0.05666	0.01376	0.02250	0.01037	0.00683	0.00432	0.00459	0.00126	0.07048	0.00357	0.02158	0.00542
4	0.04397	0.00819	0.00948	0.00748	0.01040	0.03320	0.00609	0.17793	0.11614	0.43480	0.03436	0.01245	0.00958	0.00480	0.00386	0.00118	0.00357	0.00382	0.00423	0.07446
5	0.00586	0.00392	0.00473	0.00475	0.00515	0.00402	0.00316	0.00657	0.00669	0.00953	0.04160	0.05058	0.06528	0.44800	0.20247	0.00371	0.00488	0.00554	0.12062	0.00296
6	0.00950	0.00513	0.00591	0.00518	0.00682	0.00490	0.00405	0.08937	0.01042	0.18379	0.12369	0.04403	0.15503	0.00629	0.00378	0.00114	0.00245	0.00521	0.32875	0.00455
7	0.00676	0.00474	0.00566	0.00561	0.00671	0.00463	0.00413	0.03825	0.08539	0.07061	0.06942	0.28829	0.23369	0.06210	0.07852	0.00200	0.00327	0.02264	0.00364	0.00394
8	0.46161	0.00693	0.00690	0.00584	0.00832	0.00726	0.00478	0.01403	0.03199	0.29414	0.03849	0.01176	0.03250	0.00464	0.00322	0.00123	0.00306	0.01663	0.04158	0.00509
9	0.00645	0.00480	0.00555	0.00532	0.00655	0.00460	0.00398	0.05684	0.07505	0.03697	0.27121	0.16018	0.29180	0.03407	0.00510	0.00142	0.00236	0.01987	0.00393	0.00396
10	0.03076	0.00527	0.00575	0.02750	0.00706	0.06921	0.01625	0.00799	0.00832	0.02303	0.09329	0.28416	0.08962	0.03563	0.11545	0.00205	0.00385	0.00684	0.16436	0.00363
11	0.00969	0.00946	0.04615	0.03142	0.47173	0.08060	0.00971	0.05237	0.00924	0.03798	0.00928	0.07639	0.00841	0.03008	0.09831	0.00186	0.00537	0.00418	0.00231	0.00548
12	0.01867	0.00452	0.00526	0.00523	0.00607	0.00443	0.00367	0.02458	0.06817	0.05740	0.05680	0.20357	0.16304	0.25603	0.00942	0.02944	0.00293	0.04269	0.03455	0.00353
13	0.03619	0.00463	0.00514	0.00491	0.00620	0.00451	0.00376	0.00955	0.08832	0.05624	0.22152	0.05437	0.21064	0.00728	0.00403	0.00122	0.00221	0.03179	0.24347	0.00403
14	0.08579	0.24339	0.10913	0.07504	0.11873	0.05634	0.00817	0.01244	0.04152	0.08533	0.02913	0.00994	0.00711	0.03304	0.00472	0.03350	0.03614	0.00314	0.00229	0.00510
15	0.00652	0.02962	0.02833	0.01613	0.00662	0.06962	0.00408	0.00760	0.02103	0.01027	0.10804	0.10372	0.17992	0.29148	0.05518	0.00241	0.01872	0.00630	0.03103	0.00338
16	0.00786	0.00492	0.00584	0.00529	0.00683	0.00451	0.00408	0.02870	0.05321	0.15711	0.26831	0.02914	0.33177	0.04257	0.00516	0.00141	0.00245	0.03252	0.00407	0.00426
17	0.03585	0.03254	0.01145	0.22380	0.20384	0.06745	0.02535	0.04940	0.00858	0.01152	0.00987	0.09994	0.03473	0.00743	0.06637	0.03709	0.06348	0.00441	0.00224	0.00467

[dist]
# distance from previous block
# <min> <max>
0	4

[block]
# block no. 6 follows, 68 sequences, length 8
# corresponding to MSA columns:
# 605-612
name=unknown_G
#
# <colnr> <probs for GDERKNQSTAVLIFYWHMCP>
#	G	D	E	R	K	N	Q	S	T	A	V	L	I	F	Y	W	H	M	C	P
0	0.01201	0.02377	0.01117	0.06389	0.08321	0.22793	0.04844	0.14498	0.06382	0.10608	0.02188	0.03787	0.03404	0.01991	0.04106	0.00146	0.02297	0.00394	0.02629	0.00527
1	0.04426	0.03172	0.01220	0.08733	0.28766	0.06027	0.03462	0.15482	0.02733	0.05779	0.03627	0.01408	0.07678	0.03341	0.00452	0.00131	0.00437	0.02303	0.00278	0.00547
2	0.10692	0.00979	0.14035	0.04122	0.01281	0.03528	0.13511	0.01386	0.02827	0.25856	0.06725	0.01297	0.04513	0.00459	0.00388	0.00121	0.00425	0.00396	0.00316	0.07142
3	0.10708	0.04004	0.00923	0.02275	0.00938	0.03302	0.03153	0.06508	0.05115	0.11052	0.17263	0.04589	0.01417	0.03179	0.06033	0.00175	0.16438	0.02145	0.00314	0.00467
4	0.00638	0.00481	0.00557	0.00559	0.00638	0.04981	0.00403	0.00758	0.00895	0.04790	0.29228	0.27039	0.07249	0.08290	0.11432	0.00222	0.00365	0.00757	0.00357	0.00360
5	0.00680	0.00580	0.00830	0.00831	0.06978	0.03115	0.06520	0.00790	0.00685	0.00943	0.01100	0.06390	0.01138	0.27971	0.29531	0.00387	0.08489	0.02451	0.00227	0.00362
6	0.00852	0.20113	0.66447	0.01033	0.01566	0.01060	0.01296	0.01241	0.00830	0.01186	0.00677	0.00794	0.00504	0.00369	0.00350	0.00117	0.00551	0.00276	0.00168	0.00569
7	0.13074	0.01872	0.72380	0.01045	0.01584	0.00916	0.01321	0.01243	0.00814	0.01329	0.00689	0.00810	0.00492	0.00375	0.00358	0.00125	0.00547	0.00282	0.00178	0.00564

[dist]
# distance from previous block
# <min> <max>
0	2

[block]
# block no. 7 follows, 68 sequences, length 7
# corresponding to MSA columns:
# 615-621
name=unknown_H
#
# <colnr> <probs for GDERKNQSTAVLIFYWHMCP>
#	G	D	E	R	K	N	Q	S	T	A	V	L	I	F	Y	W	H	M	C	P
0	0.00795	0.02051	0.84011	0.01130	0.01716	0.00921	0.01465	0.01256	0.00837	0.01256	0.00712	0.00837	0.00502	0.00377	0.00377	0.00126	0.00586	0.00293	0.00167	0.00586
1	0.01060	0.86304	0.02078	0.00678	0.01018	0.01569	0.00678	0.01187	0.00806	0.00933	0.00551	0.00636	0.00509	0.00339	0.00254	0.00085	0.00424	0.00212	0.00170	0.00509
2	0.00559	0.00382	0.00460	0.00485	0.00499	0.00380	0.00303	0.00591	0.00639	0.00853	0.01496	0.21136	0.01729	0.58540	0.05534	0.00336	0.00381	0.05154	0.00274	0.00271
3	0.01102	0.01167	0.01460	0.01147	0.01409	0.25903	0.31542	0.04299	0.04203	0.05205	0.09055	0.03409	0.01000	0.00464	0.00441	0.00122	0.02854	0.00430	0.04289	0.00496
4	0.06358	0.00746	0.00827	0.03700	0.00962	0.00784	0.00547	0.17423	0.18516	0.04274	0.01119	0.03500	0.00935	0.11579	0.00597	0.00146	0.02592	0.00395	0.07352	0.17649
5	0.00943	0.03483	0.01026	0.04155	0.02874	0.20419	0.07619	0.04519	0.00984	0.02789	0.10803	0.04380	0.01430	0.00829	0.06515	0.00171	0.04497	0.19371	0.00285	0.02905
6	0.06556	0.00851	0.00964	0.00882	0.05111	0.06429	0.05532	0.12864	0.26337	0.05627	0.04956	0.09093	0.05781	0.02555	0.00469	0.00138	0.02310	0.02663	0.00347	0.00532

[dist]
# distance from previous block
# <min> <max>
11	26

[block]
# block no. 8 follows, 68 sequences, length 13
# corresponding to MSA columns:
# 656-668
name=unknown_I
#
# <colnr> <probs for GDERKNQSTAVLIFYWHMCP>
#	G	D	E	R	K	N	Q	S	T	A	V	L	I	F	Y	W	H	M	C	P
0	0.00748	0.00573	0.00775	0.09691	0.01007	0.00594	0.05443	0.04921	0.10634	0.05956	0.04738	0.24354	0.16925	0.03705	0.01514	0.00154	0.02359	0.01836	0.03645	0.00428
1	0.16473	0.15671	0.06515	0.08875	0.07467	0.05252	0.05625	0.11482	0.00985	0.08540	0.03378	0.02480	0.03016	0.00442	0.00371	0.00118	0.02179	0.00345	0.00263	0.00523
2	0.00776	0.00748	0.11644	0.02630	0.03127	0.02397	0.00672	0.06323	0.00919	0.06118	0.04130	0.20995	0.04999	0.04386	0.03153	0.00173	0.02798	0.20411	0.03171	0.00430
3	0.00505	0.00375	0.00476	0.00543	0.00602	0.00346	0.00392	0.00602	0.00827	0.01076	0.06437	0.53732	0.19304	0.01152	0.00502	0.00157	0.00241	0.12027	0.00371	0.00333
4	0.00988	0.17697	0.07630	0.15208	0.22721	0.12232	0.07136	0.01202	0.00895	0.02841	0.02716	0.05467	0.00748	0.00426	0.00374	0.00116	0.00505	0.00367	0.00208	0.00520
5	0.01058	0.22657	0.26453	0.06560	0.05526	0.05647	0.04218	0.10285	0.01000	0.07861	0.04566	0.00962	0.00722	0.00408	0.00359	0.00113	0.00492	0.00320	0.00237	0.00557
6	0.07945	0.00690	0.00888	0.00713	0.00953	0.00677	0.05916	0.12515	0.05465	0.30755	0.19450	0.01672	0.04164	0.00557	0.00402	0.00122	0.00322	0.00469	0.05777	0.00548
7	0.00673	0.05866	0.25487	0.11607	0.03455	0.00681	0.00838	0.00915	0.00850	0.01152	0.08815	0.14016	0.14414	0.00801	0.04448	0.00158	0.00430	0.04683	0.00266	0.00445
8	0.01034	0.17743	0.23427	0.03475	0.01320	0.01073	0.05245	0.13037	0.07979	0.07403	0.01017	0.01088	0.05071	0.00469	0.00462	0.00123	0.08865	0.00353	0.00258	0.00558
9	0.00786	0.13828	0.10105	0.00680	0.00850	0.03507	0.00588	0.02864	0.07366	0.03366	0.03175	0.27402	0.01368	0.00970	0.04026	0.17481	0.00385	0.00580	0.00274	0.00400
10	0.00524	0.00376	0.00482	0.00540	0.00592	0.00355	0.00379	0.00639	0.02673	0.01120	0.12458	0.56757	0.09680	0.01147	0.01756	0.02062	0.00243	0.04547	0.03330	0.00337
11	0.02975	0.09353	0.17597	0.02838	0.05622	0.08852	0.10302	0.06040	0.03611	0.07865	0.04106	0.04377	0.05927	0.01461	0.00453	0.00126	0.04570	0.01420	0.00260	0.02243
12	0.02110	0.04653	0.10819	0.22203	0.14027	0.05653	0.07187	0.08362	0.08890	0.03649	0.00876	0.03634	0.00699	0.00446	0.00442	0.00127	0.05071	0.00376	0.00238	0.00538

[dist]
# distance from previous block
# <min> <max>
8	31

[block]
# block no. 9 follows, 68 sequences, length 18
# corresponding to MSA columns:
# 703-720
name=unknown_J
#
# <colnr> <probs for GDERKNQSTAVLIFYWHMCP>
#	G	D	E	R	K	N	Q	S	T	A	V	L	I	F	Y	W	H	M	C	P
0	0.02544	0.06519	0.01045	0.05126	0.10465	0.02005	0.07679	0.05516	0.02369	0.07465	0.09024	0.13382	0.03781	0.07405	0.07491	0.00190	0.04209	0.00536	0.02789	0.00458
1	0.01039	0.03289	0.03399	0.00911	0.05016	0.04945	0.06698	0.10999	0.11068	0.13063	0.02863	0.14813	0.01157	0.02055	0.05158	0.00165	0.09084	0.00509	0.03252	0.00517
2	0.00710	0.00638	0.01033	0.56994	0.02080	0.00757	0.03300	0.02997	0.00807	0.01046	0.01096	0.09817	0.05438	0.03221	0.08240	0.00189	0.00527	0.00474	0.00218	0.00418
3	0.00497	0.00370	0.00454	0.00499	0.00559	0.00337	0.00344	0.00587	0.00837	0.01096	0.14441	0.47930	0.22858	0.06558	0.00588	0.00163	0.00226	0.00960	0.00370	0.00328
4	0.00931	0.08468	0.13568	0.14463	0.27907	0.05102	0.06691	0.05717	0.00942	0.01279	0.05508	0.03369	0.00823	0.00424	0.00386	0.00119	0.00485	0.00378	0.02901	0.00539
5	0.00596	0.00390	0.00462	0.00478	0.00522	0.00371	0.00310	0.00649	0.00721	0.04498	0.04358	0.24854	0.11861	0.42234	0.01222	0.00261	0.00306	0.02420	0.03182	0.00303
6	0.00726	0.00603	0.00796	0.24761	0.01309	0.00681	0.00643	0.01154	0.22911	0.01267	0.12572	0.11391	0.04651	0.07554	0.01747	0.00163	0.00358	0.03101	0.03169	0.00442
7	0.00900	0.00964	0.09640	0.34873	0.18024	0.05970	0.02606	0.05370	0.02604	0.03647	0.00971	0.03065	0.04756	0.00519	0.02670	0.00141	0.02162	0.00390	0.00222	0.00508
8	0.00849	0.04763	0.04752	0.08534	0.01054	0.07284	0.03535	0.03669	0.03372	0.06285	0.06515	0.16787	0.02893	0.03194	0.04017	0.00161	0.06537	0.05513	0.09855	0.00433
9	0.00536	0.00376	0.00472	0.00528	0.00558	0.00362	0.00358	0.00598	0.00724	0.00955	0.01939	0.42267	0.05994	0.30283	0.01028	0.00239	0.00300	0.11855	0.00324	0.00301
10	0.00545	0.00427	0.00637	0.00628	0.00704	0.00411	0.06781	0.00662	0.00812	0.01100	0.14300	0.45886	0.07628	0.05310	0.12008	0.00227	0.00377	0.00873	0.00338	0.00348
11	0.00927	0.05171	0.08201	0.05552	0.13452	0.03673	0.14709	0.08884	0.06728	0.01302	0.01044	0.05910	0.02835	0.00627	0.03534	0.00153	0.10947	0.05585	0.00248	0.00518
12	0.02213	0.00542	0.00639	0.00582	0.00733	0.01711	0.00441	0.05253	0.05252	0.20000	0.12746	0.15670	0.17767	0.09116	0.02320	0.00169	0.00301	0.02725	0.01377	0.00444
13	0.00620	0.00710	0.13285	0.00718	0.00885	0.00533	0.04440	0.00831	0.04229	0.01152	0.08930	0.35283	0.07201	0.02579	0.05905	0.00180	0.02962	0.05342	0.00314	0.03901
14	0.06464	0.14902	0.11452	0.03799	0.01118	0.06715	0.03194	0.11385	0.02828	0.02651	0.04058	0.06037	0.08413	0.00653	0.04406	0.00142	0.03645	0.01741	0.00265	0.06131
15	0.04791	0.00550	0.00726	0.00701	0.02507	0.00580	0.03212	0.02719	0.07722	0.07504	0.07840	0.30325	0.05207	0.01075	0.09729	0.00196	0.07092	0.01704	0.03990	0.01830
16	0.00737	0.08255	0.00769	0.06630	0.00849	0.00613	0.00490	0.06043	0.03065	0.03860	0.07597	0.22126	0.07312	0.15873	0.00729	0.00178	0.02240	0.05737	0.02846	0.04051
17	0.08988	0.05518	0.09211	0.02091	0.06926	0.04118	0.03603	0.04729	0.13732	0.07861	0.09878	0.08080	0.01243	0.00648	0.04048	0.00145	0.00408	0.02109	0.00307	0.06360

[dist]
# distance from previous block
# <min> <max>
21	169

[block]
# block no. 10 follows, 68 sequences, length 23
# corresponding to MSA columns:
# 935-942,947-951,956-965
name=unknown_K
#
# <colnr> <probs for GDERKNQSTAVLIFYWHMCP>
#	G	D	E	R	K	N	Q	S	T	A	V	L	I	F	Y	W	H	M	C	P
0	0.00975	0.00773	0.04053	0.00772	0.04226	0.03962	0.04565	0.06427	0.00959	0.13829	0.03929	0.09216	0.05882	0.00624	0.04318	0.00127	0.00382	0.00433	0.01688	0.32860
1	0.00830	0.00711	0.01860	0.00613	0.00808	0.07862	0.00476	0.07979	0.05498	0.01323	0.13460	0.02562	0.12359	0.02139	0.01868	0.10555	0.00333	0.00450	0.05011	0.23302
2	0.00821	0.03998	0.03435	0.00660	0.01884	0.00574	0.00535	0.02116	0.06920	0.07869	0.04353	0.16330	0.05718	0.00656	0.00398	0.00114	0.00306	0.10672	0.00318	0.32324
3	0.29566	0.07006	0.05701	0.00694	0.00919	0.02032	0.01807	0.01108	0.00816	0.08507	0.01128	0.04170	0.01072	0.01737	0.00438	0.00138	0.04529	0.21666	0.00286	0.06679
4	0.28445	0.00768	0.00825	0.00669	0.00939	0.00791	0.00546	0.17276	0.02820	0.31104	0.01122	0.05181	0.00822	0.00479	0.00349	0.00121	0.00335	0.00363	0.03023	0.04023
5	0.00576	0.00386	0.00443	0.00443	0.00446	0.00390	0.00253	0.00583	0.00580	0.00776	0.01240	0.02543	0.01419	0.81937	0.06116	0.00397	0.00418	0.00569	0.00239	0.00246
6	0.01227	0.17192	0.21168	0.00920	0.01297	0.04543	0.00904	0.40635	0.05364	0.01808	0.00839	0.00882	0.00622	0.00427	0.00364	0.00114	0.00475	0.00315	0.00292	0.00611
7	0.01982	0.03203	0.00989	0.07147	0.10996	0.00666	0.02361	0.04241	0.02094	0.04448	0.03392	0.03134	0.00911	0.00464	0.00385	0.01997	0.00355	0.07882	0.00262	0.43093
8	0.18785	0.03195	0.02345	0.04080	0.22831	0.00725	0.01819	0.01073	0.02018	0.08422	0.01175	0.16251	0.01155	0.08286	0.00537	0.00155	0.00372	0.06025	0.00279	0.00473
9	0.00636	0.00446	0.00526	0.00505	0.00635	0.00411	0.00384	0.00813	0.05010	0.08076	0.20748	0.09420	0.40386	0.01086	0.07739	0.00177	0.00294	0.01941	0.00382	0.00387
10	0.01099	0.01221	0.01624	0.01249	0.01533	0.26121	0.40320	0.05130	0.01011	0.01253	0.00806	0.01003	0.00628	0.00393	0.00436	0.00120	0.03600	0.00382	0.11577	0.00494
11	0.00805	0.03798	0.01418	0.27228	0.18592	0.00835	0.19842	0.01041	0.00868	0.01152	0.04375	0.01572	0.08692	0.04279	0.00495	0.00141	0.00488	0.03674	0.00225	0.00479
12	0.00815	0.08442	0.01351	0.59632	0.15523	0.00944	0.03420	0.01058	0.00810	0.01053	0.00714	0.01046	0.00568	0.02551	0.00426	0.00132	0.00510	0.00349	0.00181	0.00474
13	0.00647	0.00506	0.00713	0.04651	0.04886	0.00521	0.02909	0.07190	0.00872	0.01169	0.01832	0.56278	0.02092	0.01034	0.00522	0.00156	0.03711	0.09586	0.00340	0.00386
14	0.01108	0.03365	0.04644	0.00735	0.00948	0.08450	0.03452	0.08942	0.02323	0.25481	0.01728	0.26955	0.08695	0.00740	0.00431	0.00133	0.00363	0.00633	0.00371	0.00503
15	0.01121	0.01105	0.00946	0.00770	0.01037	0.26674	0.00597	0.13148	0.03432	0.01329	0.00738	0.00860	0.00603	0.00457	0.00441	0.07738	0.00450	0.00275	0.00249	0.38031
16	0.01012	0.00816	0.01093	0.04636	0.04933	0.03271	0.12107	0.09275	0.11876	0.08788	0.01152	0.01222	0.04812	0.00427	0.00370	0.00105	0.00384	0.00375	0.07914	0.25431
17	0.00891	0.00700	0.00932	0.00786	0.00964	0.00745	0.10843	0.08575	0.24834	0.04356	0.09552	0.01847	0.01383	0.15629	0.02345	0.00185	0.02528	0.04260	0.08162	0.00483
18	0.00768	0.00538	0.00627	0.00515	0.00693	0.00454	0.00366	0.00861	0.00752	0.08198	0.01309	0.01893	0.08435	0.36971	0.01054	0.00210	0.00328	0.00449	0.00271	0.35307
19	0.00793	0.00674	0.00791	0.00584	0.00908	0.00511	0.00461	0.00960	0.00817	0.01268	0.00833	0.08180	0.00763	0.00376	0.00312	0.00068	0.00288	0.00312	0.00246	0.80856
20	0.00892	0.00754	0.01257	0.59500	0.20203	0.00867	0.01080	0.01140	0.00848	0.08524	0.00791	0.01067	0.00591	0.00395	0.00396	0.00128	0.00499	0.00357	0.00209	0.00502
21	0.00913	0.08342	0.04864	0.00915	0.09399	0.03254	0.04442	0.07627	0.00899	0.04565	0.00901	0.02495	0.02003	0.00930	0.18017	0.00208	0.01680	0.00341	0.00242	0.27964
22	0.00687	0.00488	0.00567	0.00559	0.00690	0.00469	0.00424	0.00961	0.14048	0.08255	0.09703	0.22201	0.31785	0.00931	0.00467	0.00142	0.00248	0.06571	0.00390	0.00413

[dist]
# distance from previous block
# <min> <max>
5	6

[block]
# block no. 11 follows, 68 sequences, length 8
# corresponding to MSA columns:
# 972-979
name=unknown_L
#
# <colnr> <probs for GDERKNQSTAVLIFYWHMCP>
#	G	D	E	R	K	N	Q	S	T	A	V	L	I	F	Y	W	H	M	C	P
0	0.00980	0.16738	0.37491	0.01050	0.04991	0.09076	0.05971	0.05157	0.04608	0.03859	0.00919	0.02791	0.03827	0.00428	0.00368	0.00117	0.00520	0.00340	0.00218	0.00552
1	0.01166	0.00613	0.00770	0.00667	0.00864	0.00608	0.00533	0.06761	0.10728	0.33336	0.01560	0.01878	0.04197	0.07539	0.12170	0.00219	0.00431	0.08517	0.06917	0.00525
2	0.00804	0.02942	0.02611	0.00602	0.00733	0.00545	0.00474	0.08209	0.00927	0.10087	0.11922	0.14263	0.12580	0.06269	0.09288	0.07367	0.02898	0.02903	0.04171	0.00404
3	0.13669	0.12903	0.07346	0.07097	0.05545	0.07927	0.08322	0.12109	0.02931	0.11848	0.04753	0.01054	0.01972	0.00430	0.00362	0.00117	0.00450	0.00344	0.00279	0.00540
4	0.00662	0.00534	0.00702	0.00727	0.04865	0.03689	0.00526	0.00780	0.00692	0.00975	0.01186	0.01722	0.05214	0.09748	0.46722	0.03553	0.08240	0.03004	0.06095	0.00362
5	0.02269	0.00421	0.00557	0.00595	0.02676	0.00410	0.02246	0.00664	0.02812	0.01023	0.06173	0.34954	0.12495	0.14441	0.05865	0.08774	0.00332	0.02652	0.00314	0.00324
6	0.02212	0.13272	0.11614	0.02220	0.09501	0.00966	0.03576	0.07373	0.16700	0.04747	0.05592	0.04607	0.04510	0.00633	0.04125	0.00148	0.06966	0.00421	0.00282	0.00537
7	0.06582	0.06594	0.11404	0.10549	0.11896	0.03316	0.06891	0.02359	0.04436	0.05162	0.01136	0.08192	0.03096	0.02794	0.03715	0.00157	0.02208	0.07252	0.01773	0.00489

[dist]
# distance from previous block
# <min> <max>
0	1

[block]
# block no. 12 follows, 68 sequences, length 7
# corresponding to MSA columns:
# 981-987
name=unknown_M
#
# <colnr> <probs for GDERKNQSTAVLIFYWHMCP>
#	G	D	E	R	K	N	Q	S	T	A	V	L	I	F	Y	W	H	M	C	P
0	0.00784	0.00454	0.00531	0.00501	0.00617	0.00427	0.00372	0.03909	0.00907	0.12641	0.09694	0.10218	0.18082	0.15419	0.00689	0.00170	0.00266	0.04711	0.19219	0.00390
1	0.03370	0.11543	0.11082	0.03475	0.13991	0.07185	0.13068	0.12648	0.05551	0.03383	0.03095	0.05195	0.00835	0.00463	0.00405	0.00122	0.01840	0.01944	0.00256	0.00550
2	0.00952	0.32345	0.04639	0.27570	0.04956	0.01198	0.03682	0.06240	0.05624	0.01138	0.00706	0.00893	0.00575	0.00409	0.00421	0.00117	0.07519	0.00308	0.00202	0.00507
3	0.10174	0.00453	0.00502	0.00501	0.00620	0.00427	0.00371	0.00786	0.00851	0.08700	0.07316	0.23136	0.30111	0.07437	0.00564	0.00158	0.00252	0.04341	0.02930	0.00370
4	0.00869	0.00809	0.03160	0.07014	0.26854	0.02757	0.07817	0.06675	0.02674	0.03288	0.04113	0.11909	0.07904	0.00762	0.06543	0.00168	0.05398	0.00517	0.00264	0.00504
5	0.00978	0.12926	0.10564	0.03889	0.08919	0.04960	0.02460	0.06634	0.09769	0.07489	0.03283	0.07010	0.06674	0.00604	0.01878	0.00136	0.09341	0.01689	0.00277	0.00520
6	0.00774	0.00451	0.00580	0.00542	0.00668	0.00412	0.00411	0.00914	0.00984	0.17011	0.33555	0.12371	0.15343	0.05895	0.04597	0.00172	0.00284	0.04222	0.00403	0.00410

[dist]
# distance from previous block
# <min> <max>
4	9

[block]
# block no. 13 follows, 68 sequences, length 9
# corresponding to MSA columns:
# 997,998,1012-1018
name=unknown_N
#
# <colnr> <probs for GDERKNQSTAVLIFYWHMCP>
#	G	D	E	R	K	N	Q	S	T	A	V	L	I	F	Y	W	H	M	C	P
0	0.03747	0.05901	0.02465	0.05719	0.09279	0.11298	0.07996	0.07505	0.21559	0.02475	0.02780	0.01162	0.03253	0.00467	0.00448	0.00121	0.06529	0.00376	0.00278	0.06642
1	0.14568	0.21368	0.03872	0.00804	0.01095	0.15756	0.00691	0.22705	0.09139	0.05253	0.00821	0.00855	0.00630	0.00419	0.00333	0.00110	0.00451	0.00292	0.00284	0.00553
2	0.00869	0.00540	0.00653	0.00576	0.00733	0.00502	0.00426	0.06299	0.03189	0.15932	0.04751	0.16645	0.10267	0.19108	0.05246	0.00205	0.00347	0.00600	0.00341	0.12772
3	0.00879	0.02310	0.03802	0.00917	0.04466	0.08068	0.05667	0.04737	0.03135	0.04882	0.04819	0.14551	0.06863	0.05196	0.03475	0.00173	0.24811	0.00534	0.00270	0.00445
4	0.02914	0.09522	0.16167	0.00887	0.01189	0.16818	0.03791	0.14023	0.11360	0.05163	0.00972	0.01115	0.00760	0.00528	0.02946	0.00132	0.00497	0.02950	0.07725	0.00540
5	0.00729	0.00443	0.00549	0.00540	0.00649	0.00410	0.00395	0.00856	0.04352	0.13812	0.06881	0.28069	0.23830	0.06047	0.03210	0.05752	0.00285	0.02442	0.00368	0.00383
6	0.00673	0.00601	0.00816	0.09489	0.12596	0.05210	0.03960	0.00804	0.00816	0.01055	0.03054	0.31249	0.11067	0.09947	0.03366	0.00184	0.00385	0.04045	0.00291	0.00390
7	0.01080	0.22153	0.04450	0.00967	0.01238	0.17058	0.15848	0.03826	0.08866	0.04853	0.04954	0.01083	0.00828	0.03295	0.03052	0.00140	0.05203	0.00357	0.00243	0.00507
8	0.00695	0.00429	0.00536	0.04329	0.00637	0.00434	0.00356	0.00751	0.00672	0.08393	0.01315	0.07056	0.01391	0.55942	0.09625	0.00345	0.00436	0.02940	0.03407	0.00313

[dist]
# distance from previous block
# <min> <max>
6	18

[block]
# block no. 14 follows, 68 sequences, length 11
# corresponding to MSA columns:
# 1065-1075
name=unknown_O
#
# <colnr> <probs for GDERKNQSTAVLIFYWHMCP>
#	G	D	E	R	K	N	Q	S	T	A	V	L	I	F	Y	W	H	M	C	P
0	0.03288	0.03060	0.05148	0.03173	0.03774	0.05998	0.27840	0.23773	0.03333	0.01596	0.05027	0.03316	0.00831	0.00460	0.00453	0.01504	0.02639	0.00413	0.00276	0.04096
1	0.00917	0.00716	0.00925	0.09722	0.02878	0.00654	0.03104	0.04365	0.09232	0.08478	0.03192	0.04930	0.00873	0.00494	0.02892	0.00110	0.00363	0.00357	0.00283	0.45514
2	0.00907	0.02396	0.00806	0.00700	0.00814	0.07518	0.00554	0.09350	0.08079	0.01370	0.01179	0.08296	0.03197	0.00599	0.00578	0.00126	0.20817	0.00433	0.31838	0.00444
3	0.00631	0.00451	0.00550	0.00512	0.00639	0.00411	0.00386	0.00837	0.05165	0.05545	0.48732	0.08301	0.20383	0.00825	0.00455	0.00126	0.00212	0.00716	0.00408	0.04712
4	0.00529	0.00386	0.00510	0.00542	0.00596	0.00384	0.00386	0.00632	0.00782	0.01063	0.14882	0.33773	0.08964	0.11520	0.20894	0.00294	0.00442	0.02765	0.00326	0.00331
5	0.01386	0.00784	0.00919	0.00731	0.01000	0.00787	0.00594	0.29129	0.07044	0.34550	0.06304	0.01646	0.12166	0.00576	0.00412	0.00124	0.00343	0.00465	0.00433	0.00609
6	0.00853	0.00702	0.01162	0.76533	0.02556	0.00851	0.01048	0.01106	0.00828	0.09435	0.00792	0.01087	0.00575	0.00406	0.00397	0.00131	0.00509	0.00357	0.00208	0.00464
7	0.07904	0.00876	0.00967	0.00780	0.01045	0.00937	0.00631	0.42920	0.08103	0.18241	0.01233	0.09693	0.00969	0.00553	0.00394	0.00125	0.00368	0.00441	0.03213	0.00607
8	0.00599	0.00414	0.00507	0.00533	0.00606	0.00394	0.00375	0.00734	0.04944	0.05395	0.06309	0.39798	0.17557	0.13548	0.03519	0.00200	0.00287	0.03574	0.00356	0.00352
9	0.03681	0.00399	0.00498	0.00540	0.00592	0.00382	0.00372	0.00661	0.00760	0.03341	0.06462	0.49121	0.02224	0.19736	0.00821	0.00204	0.00279	0.06939	0.00339	0.02649
10	0.00955	0.01157	0.12586	0.04386	0.01880	0.00970	0.54796	0.08702	0.00994	0.01374	0.00793	0.01008	0.00592	0.00352	0.00433	0.00125	0.00601	0.00412	0.00216	0.07666

[dist]
# distance from previous block
# <min> <max>
34	55

[block]
# block no. 15 follows, 68 sequences, length 17
# corresponding to MSA columns:
# 1160-1176
name=unknown_P
#
# <colnr> <probs for GDERKNQSTAVLIFYWHMCP>
#	G	D	E	R	K	N	Q	S	T	A	V	L	I	F	Y	W	H	M	C	P
0	0.03643	0.12464	0.01341	0.14879	0.08405	0.24340	0.06090	0.10372	0.04267	0.01268	0.03433	0.00943	0.00681	0.00421	0.00403	0.00115	0.03911	0.00324	0.00232	0.02468
1	0.03648	0.00917	0.10866	0.03661	0.01138	0.02296	0.06153	0.07239	0.05474	0.06645	0.00911	0.02632	0.00774	0.10018	0.02345	0.00154	0.10800	0.00366	0.01554	0.22410
2	0.00992	0.03715	0.16241	0.05300	0.03583	0.00873	0.29873	0.01322	0.05847	0.13043	0.01030	0.03101	0.02617	0.02348	0.00480	0.00132	0.03389	0.00418	0.00256	0.05438
3	0.00975	0.03850	0.00724	0.00586	0.00767	0.00497	0.02916	0.01113	0.00974	0.28290	0.13095	0.09636	0.21731	0.04778	0.00504	0.00140	0.00282	0.02954	0.05725	0.00462
4	0.05207	0.05865	0.03153	0.14738	0.22070	0.00805	0.06017	0.04420	0.00927	0.13100	0.03228	0.07848	0.07715	0.02657	0.00441	0.00132	0.00415	0.00464	0.00278	0.00519
5	0.00972	0.14508	0.16135	0.02872	0.09345	0.06744	0.17509	0.04821	0.05905	0.04016	0.00972	0.05107	0.03033	0.00570	0.04495	0.00146	0.01686	0.00398	0.00233	0.00532
6	0.00788	0.02443	0.03278	0.09618	0.06265	0.06392	0.06798	0.00950	0.00830	0.03101	0.07032	0.11637	0.03578	0.05631	0.06509	0.02632	0.05589	0.00505	0.16013	0.00412
7	0.00656	0.00452	0.00577	0.00584	0.00678	0.00442	0.00450	0.03078	0.00900	0.06255	0.13639	0.22927	0.19035	0.03140	0.04319	0.03075	0.03456	0.15608	0.00362	0.00370
8	0.00995	0.26851	0.25777	0.00922	0.01282	0.12881	0.05747	0.05767	0.02978	0.01180	0.02628	0.02931	0.03898	0.00503	0.02545	0.00126	0.01922	0.00335	0.00213	0.00519
9	0.07057	0.03585	0.12074	0.00826	0.01122	0.08332	0.04446	0.14831	0.05284	0.12381	0.02742	0.07235	0.02140	0.00624	0.04430	0.00142	0.00453	0.01782	0.00307	0.10205
10	0.00666	0.00456	0.00493	0.00486	0.00530	0.03503	0.00306	0.00702	0.00699	0.06166	0.04085	0.12691	0.08409	0.57429	0.01493	0.00301	0.00354	0.00646	0.00287	0.00298
11	0.00578	0.00435	0.00580	0.07788	0.00799	0.00447	0.00460	0.00750	0.05964	0.01111	0.13113	0.39608	0.02242	0.12423	0.04912	0.00207	0.00329	0.07563	0.00338	0.00353
12	0.01077	0.02592	0.09685	0.03330	0.08992	0.13534	0.25934	0.08311	0.10676	0.05243	0.02152	0.02553	0.00777	0.02802	0.00457	0.00131	0.00542	0.00404	0.00258	0.00550
13	0.02554	0.11473	0.23017	0.24069	0.03696	0.01014	0.05548	0.01088	0.00771	0.01086	0.00684	0.00941	0.00555	0.00611	0.06401	0.00167	0.15330	0.00328	0.00178	0.00489
14	0.02193	0.00537	0.00616	0.00568	0.00712	0.02421	0.00447	0.06036	0.00974	0.16730	0.07581	0.08464	0.07872	0.03202	0.00461	0.00132	0.02183	0.10000	0.28432	0.00439
15	0.06643	0.03336	0.12803	0.00729	0.01001	0.00759	0.00665	0.15419	0.07929	0.18638	0.15533	0.04191	0.05330	0.02298	0.00430	0.00129	0.00350	0.00465	0.02812	0.00541
16	0.12668	0.00986	0.01354	0.16896	0.13217	0.09665	0.17064	0.10725	0.03261	0.03862	0.00790	0.00982	0.00610	0.00499	0.03681	0.00145	0.02481	0.00355	0.00239	0.00522

[dist]
# distance from previous block
# <min> <max>
0	2

[block]
# block no. 16 follows, 68 sequences, length 22
# corresponding to MSA columns:
# 1179-1200
name=unknown_Q
#
# <colnr> <probs for GDERKNQSTAVLIFYWHMCP>
#	G	D	E	R	K	N	Q	S	T	A	V	L	I	F	Y	W	H	M	C	P
0	0.08017	0.00711	0.02839	0.00683	0.00931	0.00652	0.04307	0.03321	0.12803	0.09754	0.08760	0.08213	0.03723	0.01875	0.00419	0.00114	0.02373	0.00444	0.02986	0.27076
1	0.00616	0.00408	0.00525	0.00545	0.00598	0.00408	0.00385	0.00693	0.00715	0.05058	0.01694	0.20668	0.06397	0.32439	0.17022	0.00332	0.00465	0.10413	0.00298	0.00322
2	0.06996	0.00488	0.00564	0.01924	0.00684	0.00496	0.00412	0.05509	0.03774	0.03710	0.11608	0.17472	0.16192	0.10239	0.09032	0.00212	0.00349	0.03256	0.06702	0.00381
3	0.07507	0.17539	0.11755	0.05717	0.03787	0.09069	0.06491	0.17361	0.04522	0.01445	0.03737	0.00935	0.00694	0.00437	0.00433	0.00119	0.07343	0.00325	0.00247	0.00537
4	0.00610	0.00458	0.00536	0.00553	0.00621	0.03476	0.00395	0.01881	0.03690	0.01042	0.08849	0.27637	0.16334	0.05834	0.08367	0.15585	0.00353	0.03142	0.00314	0.00323
5	0.00526	0.00386	0.00497	0.00522	0.00582	0.00380	0.00370	0.00614	0.00764	0.01017	0.09904	0.28393	0.18243	0.11747	0.21055	0.03151	0.00444	0.00768	0.00315	0.00323
6	0.03263	0.00950	0.04352	0.16905	0.01863	0.00936	0.41793	0.06109	0.08381	0.02940	0.03568	0.02160	0.00793	0.02649	0.00485	0.00139	0.01512	0.00441	0.00242	0.00519
7	0.01041	0.00862	0.00815	0.00722	0.00920	0.12733	0.00563	0.14603	0.21552	0.07952	0.06770	0.05913	0.15356	0.00651	0.00414	0.00126	0.00357	0.03294	0.04842	0.00512
8	0.00783	0.00530	0.00645	0.00609	0.00708	0.00566	0.00459	0.04520	0.09850	0.07506	0.07187	0.10561	0.04750	0.19745	0.06380	0.00226	0.06508	0.08119	0.09944	0.00403
9	0.40041	0.00682	0.00642	0.00562	0.00774	0.00741	0.00450	0.09401	0.05444	0.08573	0.01008	0.06333	0.00817	0.00472	0.00307	0.00117	0.00290	0.00350	0.19861	0.03133
