[name]
unknown

[dist]
# distance from previous block
# <min> <max>
6	129

[block]
# block no. 0 follows, 59 sequences, length 15
# corresponding to MSA columns:
# 139-153
name=unknown_A
#
# <colnr> <probs for GDERKNQSTAVLIFYWHMCP>
#	G	D	E	R	K	N	Q	S	T	A	V	L	I	F	Y	W	H	M	C	P
0	0.15714	0.01104	0.01319	0.01027	0.01344	0.04355	0.12576	0.37703	0.04236	0.02142	0.04720	0.03000	0.00905	0.00521	0.00457	0.00136	0.03136	0.00420	0.00358	0.04826
1	0.00575	0.00417	0.00533	0.00605	0.00658	0.00391	0.00429	0.00672	0.00888	0.01165	0.06236	0.50953	0.12676	0.09810	0.00735	0.00203	0.00289	0.12006	0.00399	0.00361
2	0.55462	0.01105	0.00808	0.00725	0.00964	0.19331	0.00569	0.04924	0.00906	0.01691	0.00666	0.00815	0.00541	0.00541	0.00458	0.09037	0.00455	0.00271	0.00262	0.00469
3	0.20146	0.01214	0.01139	0.00934	0.01238	0.12235	0.02747	0.36064	0.14776	0.02163	0.01026	0.01049	0.00763	0.00498	0.00401	0.00133	0.00478	0.00366	0.00369	0.02262
4	0.08401	0.09579	0.01233	0.00876	0.01201	0.01153	0.00728	0.31138	0.18453	0.20780	0.01295	0.01225	0.00917	0.00524	0.00414	0.00134	0.00418	0.00401	0.00429	0.00700
5	0.00858	0.00806	0.01335	0.69795	0.05671	0.00947	0.03311	0.01143	0.00895	0.01179	0.00790	0.01148	0.00602	0.00426	0.00432	0.00138	0.00564	0.00383	0.00204	0.09373
6	0.00630	0.00430	0.00478	0.00478	0.00493	0.00423	0.00275	0.00641	0.00680	0.00891	0.01707	0.03029	0.09787	0.75946	0.02071	0.00400	0.00407	0.00672	0.00282	0.00278
7	0.00622	0.00441	0.00561	0.00628	0.00670	0.00433	0.00443	0.00741	0.03344	0.01115	0.02100	0.41867	0.02420	0.24782	0.01045	0.00254	0.00340	0.17470	0.00370	0.00354
8	0.01073	0.01028	0.01756	0.09092	0.75502	0.01044	0.01345	0.01338	0.00996	0.01418	0.00827	0.01100	0.00691	0.00397	0.00438	0.00132	0.00530	0.00393	0.00217	0.00683
9	0.01105	0.00830	0.00925	0.00797	0.01023	0.00903	0.00627	0.18483	0.33186	0.05578	0.26755	0.02036	0.02092	0.00676	0.00466	0.00141	0.00331	0.00567	0.02863	0.00616
10	0.01047	0.00538	0.00646	0.00565	0.00761	0.00473	0.00443	0.01208	0.01113	0.26846	0.15256	0.02811	0.30905	0.00806	0.00463	0.00136	0.00266	0.00673	0.14537	0.00506
11	0.00894	0.00841	0.01420	0.56836	0.25171	0.00972	0.01226	0.01169	0.00916	0.01217	0.00873	0.04933	0.00726	0.00471	0.00446	0.00144	0.00556	0.00432	0.00212	0.00544
12	0.13574	0.00766	0.00974	0.00758	0.01090	0.00695	0.00626	0.02037	0.01195	0.71191	0.01590	0.01397	0.01010	0.00528	0.00421	0.00137	0.00371	0.00416	0.00510	0.00715
13	0.02633	0.00787	0.02799	0.34742	0.24442	0.00834	0.01028	0.01071	0.00931	0.01269	0.04562	0.15972	0.05822	0.00650	0.00466	0.00148	0.00472	0.00587	0.00265	0.00519
14	0.01102	0.19887	0.01622	0.01081	0.01245	0.05322	0.07160	0.08338	0.00909	0.01235	0.00698	0.01003	0.00642	0.03420	0.02346	0.00174	0.42697	0.00369	0.00222	0.00528

[dist]
# distance from previous block
# <min> <max>
3	5

[block]
# block no. 1 follows, 59 sequences, length 12
# corresponding to MSA columns:
# 160,163-173
name=unknown_B
#
# <colnr> <probs for GDERKNQSTAVLIFYWHMCP>
#	G	D	E	R	K	N	Q	S	T	A	V	L	I	F	Y	W	H	M	C	P
0	0.00714	0.00814	0.13742	0.03425	0.01051	0.00584	0.03689	0.03707	0.00985	0.01361	0.12718	0.35265	0.07105	0.02324	0.00531	0.00157	0.00362	0.03051	0.00356	0.08061
1	0.00657	0.00464	0.00559	0.00531	0.00661	0.00411	0.00399	0.00823	0.01146	0.05885	0.45914	0.06625	0.32335	0.00981	0.00519	0.00144	0.00225	0.00846	0.00459	0.00417
2	0.00598	0.00436	0.00551	0.00549	0.00635	0.00401	0.00395	0.00754	0.01097	0.01510	0.51223	0.19184	0.12435	0.07437	0.00662	0.00170	0.00236	0.00891	0.00446	0.00389
3	0.00680	0.00467	0.00579	0.00545	0.00672	0.00418	0.00411	0.00858	0.01176	0.06567	0.54622	0.06416	0.23033	0.00952	0.00518	0.00143	0.00224	0.00827	0.00468	0.00424
4	0.01093	0.01049	0.01793	0.02711	0.81723	0.01049	0.01355	0.01355	0.01006	0.01443	0.00831	0.01093	0.00700	0.00394	0.00437	0.00131	0.00525	0.00394	0.00219	0.00700
5	0.00652	0.00457	0.00585	0.00554	0.00667	0.00417	0.00415	0.00843	0.01206	0.04150	0.67213	0.07320	0.11983	0.00938	0.00521	0.00142	0.00217	0.00824	0.00476	0.00420
6	0.00599	0.00426	0.00487	0.00503	0.00543	0.00404	0.00315	0.00647	0.00787	0.01026	0.07022	0.17526	0.17792	0.48297	0.01505	0.00312	0.00344	0.00817	0.00334	0.00313
7	0.00935	0.00559	0.00693	0.00637	0.00811	0.00520	0.00502	0.01192	0.07702	0.18678	0.28110	0.06147	0.21541	0.00905	0.00510	0.00150	0.00282	0.09161	0.00467	0.00498
8	0.00941	0.00889	0.01435	0.02110	0.60169	0.00870	0.01084	0.01164	0.01006	0.01377	0.01799	0.01932	0.22179	0.00586	0.00460	0.00136	0.00445	0.00537	0.00270	0.00613
9	0.00990	0.00890	0.01206	0.00893	0.01242	0.00805	0.10656	0.06078	0.03545	0.01491	0.00826	0.00989	0.00676	0.00404	0.00487	0.00097	0.09625	0.00324	0.00266	0.58511
10	0.01129	0.31579	0.01492	0.00899	0.04400	0.10098	0.02296	0.03857	0.08960	0.05619	0.00985	0.01210	0.00846	0.04267	0.17876	0.02678	0.00644	0.00366	0.00262	0.00538
11	0.02953	0.05642	0.09394	0.00779	0.01159	0.03379	0.00696	0.06390	0.06074	0.09460	0.03031	0.01163	0.03067	0.00433	0.00372	0.00098	0.00394	0.00341	0.00310	0.44865

[dist]
# distance from previous block
# <min> <max>
0	6

[block]
# block no. 2 follows, 59 sequences, length 11
# corresponding to MSA columns:
# 180-190
name=unknown_C
#
# <colnr> <probs for GDERKNQSTAVLIFYWHMCP>
#	G	D	E	R	K	N	Q	S	T	A	V	L	I	F	Y	W	H	M	C	P
0	0.00636	0.00468	0.00621	0.00655	0.00736	0.00475	0.00498	0.02681	0.00907	0.01219	0.08887	0.24094	0.10838	0.07233	0.23467	0.00339	0.00550	0.14950	0.00359	0.00387
1	0.01246	0.12007	0.05951	0.01184	0.09855	0.04808	0.09142	0.24391	0.05597	0.01781	0.00910	0.01014	0.00706	0.00430	0.00402	0.00115	0.00497	0.00356	0.00301	0.19308
2	0.00552	0.00393	0.00518	0.00602	0.00633	0.00368	0.00402	0.00636	0.00870	0.01170	0.09493	0.72275	0.02958	0.06075	0.00656	0.00190	0.00262	0.01179	0.00409	0.00359
3	0.02797	0.06984	0.12245	0.05704	0.16238	0.01115	0.14894	0.12421	0.13323	0.01642	0.01038	0.01249	0.00817	0.00467	0.00438	0.00136	0.00531	0.02786	0.00287	0.04886
4	0.02991	0.02348	0.08360	0.09923	0.12045	0.01907	0.09137	0.12440	0.07110	0.06251	0.02869	0.01230	0.02756	0.00458	0.00422	0.00124	0.00482	0.00400	0.00302	0.18448
5	0.00710	0.00599	0.04031	0.00719	0.00842	0.00590	0.02357	0.00910	0.04783	0.03511	0.06141	0.08071	0.12207	0.07904	0.38309	0.02656	0.04325	0.00611	0.00303	0.00420
6	0.00905	0.00805	0.01176	0.09448	0.22956	0.02770	0.04780	0.07072	0.03802	0.01473	0.12508	0.09250	0.10000	0.00848	0.04771	0.00176	0.01927	0.04472	0.00325	0.00536
7	0.01116	0.08893	0.16378	0.12339	0.15799	0.03152	0.15157	0.08580	0.03518	0.06057	0.01011	0.02761	0.02326	0.00462	0.00440	0.00137	0.00569	0.00421	0.00262	0.00623
8	0.01015	0.03225	0.12627	0.14228	0.19281	0.00945	0.10899	0.01307	0.03126	0.08995	0.01151	0.13272	0.01027	0.00592	0.00531	0.00148	0.06240	0.00529	0.00274	0.00585
9	0.00547	0.00423	0.00501	0.00550	0.00638	0.00377	0.00395	0.00654	0.00951	0.01209	0.08531	0.40221	0.36676	0.01229	0.00546	0.00165	0.00247	0.05354	0.00415	0.00371
10	0.00894	0.02643	0.27189	0.13869	0.12249	0.03242	0.01091	0.01244	0.04540	0.04103	0.07824	0.05188	0.11429	0.00615	0.00455	0.00143	0.00493	0.01943	0.00283	0.00563

[dist]
# distance from previous block
# <min> <max>
0	1

[block]
# block no. 3 follows, 59 sequences, length 18
# corresponding to MSA columns:
# 192-195,198,200-212
name=unknown_D
#
# <colnr> <probs for GDERKNQSTAVLIFYWHMCP>
#	G	D	E	R	K	N	Q	S	T	A	V	L	I	F	Y	W	H	M	C	P
0	0.00784	0.01402	0.37962	0.01103	0.01509	0.00800	0.15222	0.01117	0.00946	0.01313	0.01743	0.18584	0.14179	0.00722	0.00484	0.00151	0.00518	0.00650	0.00275	0.00537
1	0.04005	0.00988	0.01406	0.31942	0.17429	0.01112	0.02994	0.24355	0.03313	0.04684	0.00927	0.01131	0.00694	0.00472	0.00463	0.00140	0.02631	0.00397	0.00295	0.00624
2	0.02481	0.06628	0.04301	0.02337	0.11552	0.04879	0.04520	0.11347	0.03699	0.01469	0.05338	0.18094	0.13856	0.04839	0.00560	0.00159	0.00417	0.02670	0.00339	0.00516
3	0.00991	0.00715	0.01099	0.20438	0.17982	0.00735	0.02011	0.03279	0.01009	0.14050	0.02878	0.23077	0.06954	0.00762	0.00484	0.00151	0.00421	0.02084	0.00342	0.00538
4	0.00536	0.00391	0.00506	0.00598	0.00636	0.00360	0.00402	0.00617	0.00862	0.01134	0.02647	0.75860	0.11114	0.01356	0.00559	0.00176	0.00253	0.01222	0.00410	0.00360
5	0.05575	0.04400	0.03712	0.04701	0.05916	0.04383	0.02200	0.17804	0.01229	0.23359	0.01203	0.05403	0.00927	0.00665	0.03444	0.00159	0.08276	0.00437	0.05586	0.00622
6	0.08505	0.22070	0.06826	0.01083	0.04676	0.01266	0.12071	0.19446	0.04712	0.03617	0.00868	0.00976	0.00676	0.00442	0.00427	0.00124	0.03653	0.00350	0.00286	0.07924
7	0.00885	0.00518	0.00643	0.00606	0.00742	0.00480	0.00448	0.02530	0.03663	0.16313	0.23319	0.22514	0.13475	0.07388	0.00638	0.00171	0.00280	0.00817	0.04110	0.00462
8	0.01046	0.00901	0.01194	0.00933	0.04091	0.04120	0.11344	0.05815	0.01054	0.05793	0.06193	0.01167	0.00924	0.00460	0.01968	0.00106	0.00430	0.00359	0.00293	0.51810
9	0.01618	0.02027	0.01258	0.01136	0.01356	0.76588	0.00858	0.03834	0.01246	0.01126	0.00688	0.00812	0.00574	0.00473	0.00450	0.00118	0.04798	0.00292	0.00232	0.00517
10	0.01042	0.00534	0.00653	0.00577	0.00748	0.00499	0.00449	0.01279	0.04405	0.21757	0.29791	0.02300	0.05534	0.00688	0.00432	0.00128	0.00256	0.00581	0.27840	0.00509
11	0.00612	0.00502	0.00579	0.00653	0.00696	0.04770	0.00450	0.00694	0.00871	0.01127	0.02400	0.71530	0.07698	0.01294	0.00586	0.00174	0.03447	0.01151	0.00392	0.00372
12	0.11341	0.01097	0.00987	0.00790	0.01119	0.17191	0.00623	0.06023	0.07933	0.04772	0.00886	0.00964	0.00699	0.00407	0.00357	0.00098	0.00436	0.00299	0.00294	0.43684
13	0.00660	0.00466	0.00626	0.00619	0.00654	0.00517	0.00432	0.00720	0.00669	0.00934	0.01217	0.02174	0.01274	0.38207	0.38412	0.07226	0.04083	0.00536	0.00245	0.00327
14	0.01217	0.01239	0.03721	0.01560	0.01944	0.05302	0.50415	0.17231	0.01236	0.03817	0.00913	0.01131	0.00683	0.00445	0.00566	0.00147	0.07071	0.00468	0.00273	0.00619
15	0.00959	0.00902	0.01494	0.35505	0.41170	0.00989	0.01220	0.01278	0.05192	0.01320	0.00945	0.05365	0.00801	0.00474	0.00446	0.00141	0.00528	0.00442	0.00231	0.00597
16	0.00842	0.00524	0.00615	0.00578	0.00732	0.00477	0.00434	0.01028	0.05623	0.15322	0.10940	0.11009	0.35634	0.10150	0.00701	0.00182	0.00289	0.04040	0.00428	0.00450
17	0.00685	0.00525	0.00596	0.02790	0.00764	0.00495	0.00439	0.04850	0.05474	0.03737	0.13881	0.14853	0.44092	0.03028	0.00558	0.00158	0.00268	0.01961	0.00419	0.00426

[dist]
# distance from previous block
# <min> <max>
0	2

[block]
# block no. 4 follows, 59 sequences, length 47
# corresponding to MSA columns:
# 215-235,254-279
name=unknown_E
#
# <colnr> <probs for GDERKNQSTAVLIFYWHMCP>
#	G	D	E	R	K	N	Q	S	T	A	V	L	I	F	Y	W	H	M	C	P
0	0.01044	0.07440	0.44694	0.01030	0.01487	0.00907	0.02159	0.01427	0.04054	0.14855	0.01240	0.13115	0.01053	0.00645	0.01937	0.00153	0.00533	0.01320	0.00293	0.00615
1	0.01346	0.01094	0.01137	0.00952	0.01243	0.03262	0.00760	0.33736	0.47135	0.02206	0.01472	0.01390	0.01088	0.00568	0.00445	0.00142	0.00416	0.00453	0.00441	0.00715
2	0.04235	0.19774	0.39740	0.01027	0.01492	0.09272	0.01145	0.04645	0.03392	0.04114	0.06489	0.01075	0.00862	0.00462	0.00392	0.00127	0.00560	0.00345	0.00246	0.00606
3	0.01025	0.00941	0.01469	0.33513	0.36089	0.01946	0.01184	0.02331	0.12674	0.03052	0.00974	0.01212	0.00759	0.00448	0.00440	0.00140	0.00523	0.00408	0.00253	0.00618
4	0.05895	0.00882	0.00996	0.00795	0.01102	0.08742	0.00644	0.05238	0.01244	0.60629	0.01553	0.03089	0.01038	0.00546	0.00426	0.00133	0.00408	0.00432	0.05520	0.00687
5	0.59289	0.00820	0.00773	0.00649	0.00945	0.00878	0.00535	0.01581	0.00921	0.28449	0.00988	0.00977	0.00682	0.00455	0.00330	0.00137	0.00353	0.00307	0.00364	0.00569
6	0.00683	0.00505	0.00704	0.00719	0.00811	0.00553	0.00569	0.04194	0.00853	0.01171	0.01656	0.07926	0.04952	0.05730	0.49509	0.00507	0.00855	0.17398	0.00302	0.00404
7	0.00547	0.00396	0.00519	0.00611	0.00651	0.00368	0.00419	0.00636	0.00875	0.01157	0.04469	0.72888	0.08411	0.01346	0.00562	0.00177	0.00260	0.04931	0.00412	0.00363
8	0.00594	0.00446	0.00514	0.00514	0.00606	0.00408	0.00367	0.00707	0.00971	0.01262	0.23390	0.05335	0.33271	0.22978	0.00982	0.00224	0.00287	0.06390	0.00392	0.00359
9	0.00834	0.00785	0.01325	0.83417	0.03042	0.00981	0.01227	0.01128	0.00883	0.01128	0.00785	0.01178	0.00589	0.00442	0.00442	0.00147	0.00589	0.00393	0.00196	0.00491
10	0.01021	0.01253	0.09039	0.01727	0.02187	0.01072	0.68055	0.01392	0.01024	0.01415	0.00878	0.01151	0.00660	0.00373	0.00499	0.00142	0.00708	0.00487	0.00223	0.06695
11	0.00736	0.00576	0.00806	0.00763	0.00815	0.00698	0.00588	0.02679	0.00722	0.01036	0.01092	0.01799	0.01082	0.15389	0.44212	0.06693	0.17336	0.02353	0.00239	0.00386
12	0.00614	0.00483	0.00688	0.00662	0.00770	0.00445	0.06025	0.00770	0.01039	0.01400	0.31542	0.30432	0.15863	0.02362	0.00567	0.00163	0.00278	0.05074	0.00422	0.00400
13	0.03328	0.00909	0.01518	0.23111	0.32740	0.01009	0.07828	0.01227	0.02768	0.01295	0.00857	0.01189	0.00713	0.00792	0.10235	0.00212	0.09067	0.00411	0.00220	0.00572
14	0.01257	0.24692	0.01468	0.06695	0.01302	0.08247	0.00786	0.22280	0.10489	0.03212	0.01006	0.01183	0.00822	0.02595	0.08425	0.00188	0.02946	0.01504	0.00307	0.00597
15	0.01621	0.01736	0.01258	0.01081	0.01352	0.50035	0.00838	0.27788	0.07133	0.01699	0.00886	0.00944	0.00684	0.00490	0.00416	0.00123	0.00662	0.00337	0.00314	0.00604
16	0.00591	0.00399	0.00530	0.00618	0.00658	0.00370	0.00417	0.00673	0.00864	0.04139	0.02449	0.79525	0.04415	0.01347	0.00558	0.00177	0.00260	0.01219	0.00415	0.00374
17	0.00631	0.00473	0.00710	0.00710	0.00789	0.00552	0.00552	0.00789	0.00710	0.01025	0.01183	0.01735	0.01104	0.03312	0.82728	0.00710	0.01183	0.00473	0.00237	0.00394
18	0.01160	0.78940	0.07937	0.00791	0.01188	0.01697	0.00817	0.01328	0.00900	0.01064	0.00627	0.00724	0.00566	0.00381	0.00293	0.00098	0.00485	0.00243	0.00189	0.00573
19	0.00844	0.00795	0.01342	0.80413	0.05970	0.00984	0.01231	0.01137	0.00888	0.01140	0.00787	0.01174	0.00593	0.00440	0.00441	0.00147	0.00586	0.00393	0.00197	0.00498
20	0.00560	0.00437	0.00510	0.00544	0.00647	0.00389	0.00403	0.00682	0.00991	0.01258	0.13458	0.25831	0.41520	0.02188	0.00563	0.00165	0.00251	0.08809	0.00418	0.00377
21	0.01622	0.10796	0.01439	0.00986	0.01343	0.01413	0.00830	0.71216	0.01942	0.02584	0.01009	0.01020	0.00730	0.00513	0.00424	0.00128	0.00484	0.00379	0.00413	0.00730
22	0.01076	0.00901	0.00993	0.00871	0.01114	0.01004	0.02837	0.13226	0.52756	0.01846	0.02018	0.07450	0.10571	0.00696	0.00466	0.00149	0.00359	0.00586	0.00435	0.00643
23	0.00833	0.00784	0.01354	0.65945	0.02677	0.00931	0.08835	0.01101	0.00871	0.01125	0.00865	0.01375	0.00713	0.10054	0.00656	0.00180	0.00586	0.00434	0.00207	0.00475
24	0.00936	0.00815	0.01016	0.00890	0.10282	0.00641	0.00619	0.01140	0.00926	0.01440	0.00790	0.00936	0.00659	0.00335	0.00340	0.00073	0.00350	0.00277	0.00257	0.77279
25	0.00704	0.00476	0.00572	0.00557	0.00600	0.00505	0.00371	0.03690	0.00744	0.01061	0.01323	0.02382	0.01387	0.51706	0.20418	0.00441	0.01978	0.00564	0.10186	0.00335
26	0.00556	0.00401	0.00530	0.00615	0.00653	0.00374	0.00414	0.00637	0.00838	0.01127	0.02314	0.76713	0.02756	0.03857	0.02960	0.00198	0.00290	0.01183	0.00396	0.03187
27	0.01164	0.01850	0.39326	0.01252	0.01717	0.17187	0.11636	0.07278	0.07751	0.03682	0.00909	0.01025	0.00670	0.00454	0.00454	0.00137	0.02263	0.00368	0.00250	0.00628
28	0.03093	0.17928	0.08792	0.00964	0.01295	0.30043	0.02368	0.08801	0.01141	0.02995	0.00816	0.03862	0.00694	0.00461	0.00391	0.00112	0.01656	0.00329	0.00255	0.14004
29	0.00762	0.00506	0.00566	0.00527	0.00698	0.00438	0.00406	0.02498	0.01088	0.12432	0.12559	0.05451	0.57230	0.01011	0.00512	0.00147	0.00252	0.02041	0.00438	0.00438
30	0.00910	0.02143	0.72987	0.01425	0.11047	0.01028	0.01600	0.01394	0.00941	0.01404	0.00797	0.00951	0.00576	0.00417	0.00422	0.00139	0.00638	0.00334	0.00190	0.00658
31	0.01045	0.00932	0.01455	0.05196	0.51745	0.00954	0.01093	0.10267	0.03452	0.01536	0.01187	0.16841	0.01141	0.00605	0.00462	0.00142	0.00467	0.00560	0.00286	0.00633
32	0.01016	0.00938	0.01585	0.25748	0.53711	0.00990	0.01261	0.01277	0.00970	0.03237	0.00909	0.04737	0.00774	0.00454	0.00444	0.00138	0.00528	0.00432	0.00228	0.00626
33	0.00705	0.00396	0.00541	0.00553	0.00556	0.00393	0.00353	0.00599	0.00625	0.00834	0.01136	0.11268	0.01253	0.25226	0.01742	0.52406	0.00382	0.00557	0.00238	0.00233
34	0.00540	0.00431	0.00486	0.00517	0.00625	0.00376	0.00376	0.00652	0.00976	0.01218	0.09068	0.27651	0.50433	0.01185	0.00537	0.00159	0.00239	0.03742	0.00415	0.00373
35	0.01620	0.00802	0.01074	0.01008	0.10324	0.00762	0.00721	0.02002	0.16161	0.52393	0.04104	0.01639	0.04181	0.00571	0.00450	0.00139	0.00377	0.00477	0.00484	0.00712
36	0.00630	0.00425	0.00493	0.00505	0.00511	0.00425	0.00294	0.00644	0.00668	0.00893	0.01504	0.12156	0.01739	0.72101	0.04897	0.00410	0.00435	0.00707	0.00283	0.00283
37	0.00985	0.01099	0.02366	0.01719	0.02117	0.01030	0.70995	0.01323	0.01020	0.01382	0.01070	0.10692	0.00928	0.00488	0.00526	0.00152	0.00689	0.00605	0.00245	0.00569
38	0.00564	0.00404	0.00506	0.00564	0.00622	0.00368	0.00388	0.00625	0.00875	0.01132	0.06212	0.50047	0.23531	0.01310	0.00684	0.10125	0.00260	0.01050	0.00388	0.00346
39	0.00547	0.00396	0.00517	0.00596	0.00640	0.00366	0.00406	0.00641	0.00903	0.01206	0.11627	0.69304	0.08598	0.01310	0.00556	0.00173	0.00248	0.01181	0.00419	0.00366
40	0.00945	0.00827	0.01119	0.05988	0.04304	0.05545	0.11863	0.02502	0.14136	0.01502	0.10373	0.01610	0.01310	0.00794	0.07295	0.00184	0.08039	0.00479	0.20667	0.00517
41	0.03388	0.00739	0.00947	0.00753	0.01049	0.00677	0.00613	0.06641	0.05204	0.57159	0.10989	0.01854	0.06713	0.00624	0.00455	0.00138	0.00351	0.00513	0.00514	0.00680
42	0.00590	0.00427	0.00564	0.00620	0.00687	0.00400	0.00456	0.00728	0.01002	0.01353	0.25985	0.43239	0.07577	0.01201	0.00556	0.00169	0.00264	0.13365	0.00432	0.00384
43	0.10981	0.14705	0.02617	0.22755	0.06747	0.11226	0.05230	0.02055	0.00940	0.02739	0.00850	0.01254	0.00736	0.00552	0.01690	0.00148	0.08157	0.05859	0.00234	0.00525
44	0.01082	0.37482	0.14211	0.10597	0.01783	0.04936	0.21521	0.01355	0.00954	0.01202	0.00736	0.00925	0.00595	0.00393	0.00389	0.00122	0.00598	0.00344	0.00200	0.00576
45	0.01153	0.00574	0.00680	0.00595	0.00792	0.00532	0.00467	0.04301	0.02720	0.27647	0.02241	0.05414	0.18403	0.03587	0.00491	0.00143	0.00294	0.02819	0.26622	0.00525
46	0.01069	0.00973	0.01321	0.03376	0.01221	0.01302	0.00936	0.10149	0.00857	0.03575	0.00678	0.01007	0.00619	0.00747	0.01284	0.02214	0.67536	0.00390	0.00232	0.00515

[dist]
# distance from previous block
# <min> <max>
0	1

[block]
# block no. 5 follows, 59 sequences, length 13
# corresponding to MSA columns:
# 294-306
name=unknown_F
#
# <colnr> <probs for GDERKNQSTAVLIFYWHMCP>
#	G	D	E	R	K	N	Q	S	T	A	V	L	I	F	Y	W	H	M	C	P
0	0.01563	0.06753	0.04521	0.03906	0.18052	0.07514	0.00901	0.10617	0.02708	0.35667	0.01257	0.01287	0.00887	0.00498	0.00430	0.00132	0.00477	0.01752	0.00387	0.00690
1	0.01093	0.00855	0.01149	0.23093	0.06096	0.00948	0.02744	0.27245	0.01300	0.03396	0.05190	0.14283	0.01289	0.03829	0.00551	0.00157	0.01779	0.02120	0.02323	0.00560
2	0.54340	0.17272	0.03234	0.00788	0.04260	0.11399	0.00645	0.01366	0.00858	0.01649	0.00637	0.00746	0.00518	0.00409	0.00301	0.00125	0.00440	0.00253	0.00247	0.00513
3	0.00662	0.00468	0.00588	0.00546	0.00673	0.00430	0.03505	0.00849	0.01090	0.01564	0.37126	0.05425	0.22476	0.00854	0.00470	0.00134	0.00234	0.00739	0.21758	0.00410
4	0.01062	0.00761	0.00928	0.09451	0.01164	0.00844	0.00660	0.20641	0.08406	0.05639	0.03964	0.01643	0.03205	0.08191	0.14222	0.02243	0.03766	0.00468	0.10635	0.02107
5	0.01142	0.01033	0.01346	0.01124	0.01211	0.01357	0.00935	0.20578	0.01021	0.01487	0.00698	0.00989	0.00622	0.00713	0.01201	0.00178	0.63170	0.00389	0.00255	0.00549
6	0.66213	0.00745	0.00591	0.00539	0.00770	0.00848	0.00437	0.01232	0.00795	0.01899	0.00818	0.00946	0.00639	0.00436	0.00282	0.00128	0.00308	0.00282	0.21629	0.00462
7	0.01304	0.64165	0.02071	0.00820	0.01192	0.01654	0.00776	0.20773	0.01188	0.01469	0.00724	0.00795	0.00612	0.00415	0.00322	0.00104	0.00476	0.00276	0.00251	0.00612
8	0.00529	0.00421	0.00475	0.00517	0.00615	0.00367	0.00367	0.00626	0.00939	0.01166	0.03623	0.37595	0.48749	0.01229	0.00539	0.00162	0.00237	0.01067	0.00410	0.00367
9	0.01312	0.00976	0.01604	0.02236	0.61861	0.00951	0.01181	0.01552	0.01069	0.21302	0.01055	0.01194	0.00797	0.00431	0.00439	0.00133	0.00488	0.00406	0.00299	0.00712
10	0.01297	0.00962	0.01049	0.00887	0.01150	0.01064	0.00702	0.33080	0.32184	0.06573	0.01574	0.12267	0.01297	0.00670	0.00457	0.00145	0.00389	0.00553	0.03032	0.00669
11	0.00809	0.01756	0.57641	0.01134	0.01620	0.00866	0.05691	0.01206	0.00917	0.01333	0.01203	0.21465	0.01148	0.00655	0.00461	0.00150	0.00560	0.00566	0.00244	0.00577
12	0.01402	0.01692	0.01062	0.00976	0.01148	0.62429	0.00709	0.01487	0.01101	0.01026	0.00857	0.01312	0.00824	0.21162	0.00854	0.00191	0.00706	0.00373	0.00237	0.00452

[dist]
# distance from previous block
# <min> <max>
0	2

[block]
# block no. 6 follows, 59 sequences, length 15
# corresponding to MSA columns:
# 309-323
name=unknown_G
#
# <colnr> <probs for GDERKNQSTAVLIFYWHMCP>
#	G	D	E	R	K	N	Q	S	T	A	V	L	I	F	Y	W	H	M	C	P
0	0.00614	0.00465	0.00541	0.00543	0.00657	0.00426	0.00395	0.00800	0.05057	0.02819	0.25377	0.20388	0.35053	0.04119	0.00588	0.00163	0.00243	0.00921	0.00431	0.00402
1	0.00656	0.00438	0.00561	0.00634	0.00702	0.00424	0.00469	0.00814	0.03167	0.02675	0.02290	0.50054	0.04389	0.01181	0.00530	0.00171	0.00284	0.17317	0.12850	0.00393
2	0.00613	0.00459	0.00579	0.00568	0.00678	0.00410	0.00415	0.00774	0.01088	0.01509	0.45494	0.25207	0.11828	0.01012	0.00518	0.00145	0.00232	0.00895	0.00440	0.07136
3	0.01050	0.00947	0.00939	0.00871	0.01083	0.07318	0.00664	0.02020	0.61739	0.01671	0.01814	0.14978	0.01543	0.00715	0.00464	0.00152	0.00369	0.00605	0.00426	0.00629
4	0.04800	0.01060	0.01132	0.00903	0.01190	0.01169	0.00722	0.54667	0.10849	0.04537	0.01194	0.01390	0.00941	0.12601	0.00696	0.00177	0.00453	0.00440	0.00414	0.00665
5	0.00868	0.00475	0.00628	0.00597	0.00648	0.00488	0.00419	0.08766	0.00779	0.01099	0.00894	0.01357	0.00818	0.01285	0.01391	0.65763	0.00368	0.00389	0.12686	0.00280
6	0.06100	0.08553	0.01198	0.00962	0.01214	0.51595	0.00741	0.01539	0.03164	0.01201	0.00845	0.06929	0.00768	0.00500	0.00385	0.00112	0.00626	0.00351	0.00251	0.12966
7	0.00923	0.00671	0.00710	0.00690	0.00743	0.12262	0.00492	0.03646	0.00760	0.00926	0.00883	0.01525	0.00870	0.01320	0.01406	0.65021	0.00448	0.06209	0.00222	0.00274
8	0.00571	0.00421	0.00519	0.00552	0.00633	0.00382	0.00392	0.00702	0.01012	0.01363	0.27925	0.38034	0.20853	0.01144	0.00533	0.00157	0.00232	0.01012	0.03181	0.00382
9	0.00662	0.00486	0.00621	0.00643	0.00724	0.00493	0.00466	0.06865	0.00945	0.01271	0.07484	0.39427	0.09935	0.06801	0.18958	0.00304	0.00488	0.02659	0.00370	0.00398
10	0.00545	0.00400	0.00511	0.00586	0.00636	0.00367	0.00400	0.00640	0.00909	0.01202	0.10719	0.64840	0.14027	0.01298	0.00554	0.00171	0.00247	0.01164	0.00418	0.00367
11	0.13692	0.00948	0.00987	0.00845	0.01118	0.01064	0.00673	0.16947	0.44037	0.08267	0.03726	0.01438	0.01164	0.00561	0.00421	0.00142	0.00369	0.00445	0.02489	0.00667
12	0.01181	0.84744	0.02314	0.00756	0.01134	0.01748	0.00756	0.01323	0.00897	0.01039	0.00614	0.00708	0.00567	0.00378	0.00283	0.00094	0.00472	0.00236	0.00189	0.00567
13	0.00659	0.00423	0.00500	0.00498	0.00503	0.00421	0.00291	0.00641	0.00659	0.00883	0.04714	0.02685	0.01594	0.68995	0.02099	0.12882	0.00412	0.00612	0.00266	0.00263
14	0.01614	0.00882	0.01051	0.00841	0.01134	0.00888	0.00680	0.33218	0.01519	0.35948	0.01558	0.13216	0.01220	0.00659	0.00456	0.00140	0.00397	0.00541	0.03352	0.00684

[dist]
# distance from previous block
# <min> <max>
0	1

[block]
# block no. 7 follows, 59 sequences, length 8
# corresponding to MSA columns:
# 325-332
name=unknown_H
#
# <colnr> <probs for GDERKNQSTAVLIFYWHMCP>
#	G	D	E	R	K	N	Q	S	T	A	V	L	I	F	Y	W	H	M	C	P
0	0.01315	0.01040	0.01247	0.01243	0.16194	0.05241	0.02120	0.34525	0.02632	0.06074	0.01172	0.04999	0.02464	0.04238	0.05121	0.00177	0.02624	0.00454	0.02250	0.04870
1	0.00698	0.00528	0.00591	0.00581	0.00660	0.00547	0.00391	0.00967	0.15671	0.01130	0.02041	0.09435	0.14684	0.42624	0.07284	0.00331	0.00420	0.00701	0.00334	0.00382
2	0.01072	0.01036	0.01721	0.02456	0.68507	0.01099	0.01292	0.01307	0.00952	0.01381	0.00790	0.01072	0.00680	0.00456	0.00603	0.00141	0.14164	0.00392	0.00214	0.00664
3	0.00890	0.00758	0.00888	0.00651	0.01019	0.00573	0.00516	0.01078	0.00911	0.01418	0.00898	0.06608	0.00809	0.00399	0.00343	0.00073	0.00322	0.00330	0.00272	0.81244
4	0.01038	0.00826	0.00924	0.00863	0.03728	0.00907	0.00646	0.04877	0.50790	0.05934	0.16349	0.02091	0.07755	0.00680	0.00467	0.00146	0.00327	0.00575	0.00450	0.00628
5	0.00713	0.00527	0.00715	0.00705	0.00788	0.02002	0.02288	0.00861	0.02647	0.04158	0.01578	0.17431	0.03104	0.15282	0.39279	0.00463	0.02241	0.04520	0.00301	0.00397
6	0.00538	0.00403	0.00500	0.00571	0.00631	0.00365	0.00392	0.00630	0.00904	0.01174	0.06715	0.60773	0.22206	0.01296	0.00551	0.00170	0.00246	0.01155	0.00414	0.00365
7	0.00891	0.00719	0.00860	0.00641	0.00969	0.00555	0.00500	0.01024	0.00860	0.01329	0.00782	0.00986	0.00673	0.00525	0.00557	0.14351	0.00336	0.00282	0.00250	0.72909

[dist]
# distance from previous block
# <min> <max>
0	3

[block]
# block no. 8 follows, 59 sequences, length 6
# corresponding to MSA columns:
# 336-341
name=unknown_I
#
# <colnr> <probs for GDERKNQSTAVLIFYWHMCP>
#	G	D	E	R	K	N	Q	S	T	A	V	L	I	F	Y	W	H	M	C	P
0	0.09711	0.14766	0.37645	0.01289	0.13879	0.01074	0.03938	0.01289	0.00915	0.01380	0.00926	0.09546	0.00823	0.00506	0.00404	0.00135	0.00535	0.00417	0.00225	0.00596
1	0.01196	0.61373	0.14503	0.00883	0.01283	0.12066	0.00903	0.01391	0.00948	0.01100	0.00650	0.00754	0.00566	0.00394	0.00319	0.00104	0.00542	0.00256	0.00194	0.00573
2	0.01585	0.13482	0.01398	0.01085	0.01333	0.71559	0.00840	0.01703	0.01203	0.01075	0.00673	0.00784	0.00569	0.00444	0.00382	0.00111	0.00752	0.00278	0.00222	0.00520
3	0.00916	0.00785	0.00916	0.00654	0.01047	0.00589	0.00523	0.01112	0.00916	0.01439	0.00785	0.00916	0.00654	0.00327	0.00327	0.00065	0.00327	0.00262	0.00262	0.87178
4	0.14392	0.00913	0.00969	0.00784	0.01058	0.05913	0.00622	0.19854	0.01279	0.34259	0.01297	0.01454	0.00969	0.13469	0.00694	0.00179	0.00430	0.00424	0.00419	0.00621
5	0.01093	0.42208	0.14139	0.01013	0.01439	0.04807	0.13802	0.01335	0.00944	0.01218	0.00716	0.00857	0.00596	0.00379	0.00354	0.00107	0.00535	0.00302	0.00207	0.13947

[dist]
# distance from previous block
# <min> <max>
0	1

[block]
# block no. 9 follows, 59 sequences, length 21
# corresponding to MSA columns:
# 343-363
name=unknown_J
#
# <colnr> <probs for GDERKNQSTAVLIFYWHMCP>
#	G	D	E	R	K	N	Q	S	T	A	V	L	I	F	Y	W	H	M	C	P
0	0.01603	0.01503	0.01249	0.01036	0.01321	0.31537	0.00818	0.43157	0.03465	0.03576	0.00983	0.03078	0.00771	0.02092	0.00477	0.00134	0.01819	0.00384	0.00357	0.00638
1	0.23478	0.00556	0.00606	0.00588	0.00688	0.00620	0.00423	0.00866	0.00695	0.01212	0.01114	0.01912	0.01132	0.33735	0.30149	0.00451	0.00672	0.00477	0.00258	0.00368
2	0.00606	0.00451	0.00565	0.00565	0.00636	0.00464	0.00401	0.00699	0.00765	0.01013	0.02117	0.02780	0.22399	0.29736	0.34364	0.00469	0.00680	0.00650	0.00292	0.00347
3	0.00610	0.00435	0.00482	0.00482	0.00525	0.00419	0.00297	0.00646	0.00741	0.00952	0.02193	0.03199	0.22581	0.59197	0.05152	0.00367	0.00406	0.00711	0.00304	0.00301
4	0.01391	0.62683	0.01976	0.00764	0.01132	0.01459	0.00728	0.01540	0.00994	0.22312	0.00910	0.00917	0.00705	0.00422	0.00326	0.00106	0.00447	0.00291	0.00283	0.00615
5	0.01134	0.00935	0.00994	0.00886	0.01140	0.01069	0.00692	0.03809	0.74312	0.05196	0.01840	0.01688	0.03095	0.00607	0.00451	0.00149	0.00350	0.00505	0.00452	0.00695
6	0.24262	0.01112	0.01132	0.00890	0.01222	0.01233	0.00735	0.55516	0.01687	0.06628	0.00978	0.00993	0.00697	0.00499	0.00398	0.00134	0.00442	0.00358	0.00403	0.00679
7	0.24021	0.02465	0.01376	0.21043	0.32985	0.01021	0.03648	0.02535	0.00936	0.04886	0.00802	0.01026	0.00629	0.00417	0.00395	0.00137	0.00491	0.00356	0.00245	0.00589
8	0.00824	0.00772	0.01298	0.80726	0.02964	0.00961	0.01200	0.01112	0.00882	0.01128	0.00839	0.03875	0.00665	0.00472	0.00446	0.00148	0.00578	0.00421	0.00203	0.00486
9	0.01091	0.00960	0.01322	0.58281	0.02532	0.04552	0.01109	0.21938	0.01212	0.01561	0.00853	0.01131	0.00631	0.00465	0.00440	0.00142	0.00571	0.00389	0.00262	0.00560
10	0.01100	0.00893	0.00955	0.00852	0.01091	0.01008	0.00663	0.07492	0.62301	0.04344	0.05243	0.04266	0.04581	0.00648	0.00455	0.00148	0.00343	0.00541	0.02413	0.00663
11	0.00848	0.00510	0.00544	0.00475	0.00654	0.00458	0.00365	0.01051	0.00923	0.01592	0.01269	0.01455	0.01007	0.00465	0.00314	0.00093	0.00238	0.00372	0.64166	0.23202
12	0.00634	0.00461	0.00650	0.00650	0.00708	0.00520	0.00477	0.00750	0.00692	0.00981	0.01238	0.02039	0.01236	0.24632	0.61589	0.00636	0.00985	0.00518	0.00245	0.00361
13	0.00547	0.00410	0.00509	0.00566	0.00633	0.00371	0.00393	0.00652	0.00945	0.01240	0.14835	0.52711	0.22085	0.01247	0.00547	0.00166	0.00241	0.01109	0.00421	0.00371
14	0.01694	0.01154	0.22344	0.00910	0.01333	0.00748	0.00907	0.01954	0.01177	0.60851	0.01493	0.01353	0.00953	0.00513	0.00438	0.00138	0.00449	0.00413	0.00452	0.00726
15	0.00962	0.00854	0.01146	0.01194	0.22237	0.00710	0.00742	0.01176	0.00939	0.01440	0.00797	0.00962	0.00666	0.00345	0.00356	0.00083	0.00379	0.00296	0.00250	0.64464
16	0.00907	0.01938	0.60957	0.01233	0.01714	0.01112	0.01457	0.01310	0.00865	0.01310	0.00737	0.00941	0.00565	0.00512	0.00690	0.00154	0.22458	0.00342	0.00188	0.00608
17	0.00760	0.00705	0.01109	0.59120	0.04841	0.00824	0.00997	0.01006	0.00919	0.01155	0.01755	0.01982	0.21856	0.00618	0.00463	0.00147	0.00491	0.00534	0.00253	0.00466
18	0.00731	0.00568	0.00713	0.00662	0.00662	0.00670	0.00454	0.00751	0.00649	0.00908	0.01162	0.02344	0.01314	0.60319	0.02025	0.02639	0.22291	0.00568	0.00246	0.00322
19	0.00770	0.08452	0.00834	0.01961	0.00845	0.05887	0.01569	0.05129	0.02013	0.01342	0.16874	0.18218	0.23813	0.01185	0.08918	0.00202	0.00414	0.00768	0.00370	0.00436
20	0.04945	0.11087	0.05314	0.01031	0.05112	0.05298	0.00845	0.14514	0.03698	0.12556	0.03471	0.01199	0.00864	0.02773	0.00727	0.00152	0.22319	0.01254	0.00312	0.02529

[dist]
# distance from previous block
# <min> <max>
7	37

[block]
# block no. 10 follows, 59 sequences, length 6
# corresponding to MSA columns:
# 525-530
name=unknown_K
#
# <colnr> <probs for GDERKNQSTAVLIFYWHMCP>
#	G	D	E	R	K	N	Q	S	T	A	V	L	I	F	Y	W	H	M	C	P
0	0.24309	0.05984	0.08741	0.05332	0.01194	0.07644	0.00743	0.05375	0.03574	0.11149	0.01105	0.01207	0.04722	0.00673	0.05256	0.00168	0.05592	0.00366	0.04109	0.02759
1	0.05796	0.07710	0.14436	0.09560	0.22558	0.04426	0.07843	0.06699	0.01071	0.04513	0.07181	0.01201	0.00925	0.00455	0.00423	0.00131	0.00527	0.00398	0.00263	0.03884
2	0.00660	0.00472	0.00613	0.03834	0.00793	0.00436	0.00470	0.00808	0.01020	0.04428	0.25988	0.33119	0.13545	0.01069	0.00527	0.00156	0.00269	0.06314	0.00421	0.05055
3	0.01131	0.01159	0.03720	0.03535	0.14211	0.12485	0.05654	0.01850	0.39838	0.01543	0.01319	0.04083	0.01054	0.00560	0.00511	0.00145	0.05768	0.00464	0.00335	0.00635
4	0.00937	0.03564	0.07955	0.06099	0.14273	0.02784	0.06414	0.03866	0.04327	0.01275	0.01193	0.01489	0.07826	0.00747	0.00751	0.18970	0.03573	0.02256	0.00252	0.11448
5	0.01417	0.01312	0.22274	0.01005	0.01398	0.07326	0.04399	0.12055	0.01231	0.29775	0.01324	0.04958	0.01007	0.00569	0.00450	0.00140	0.00507	0.05401	0.00377	0.03076

[dist]
# distance from previous block
# <min> <max>
0	1

[block]
# block no. 11 follows, 59 sequences, length 15
# corresponding to MSA columns:
# 532-546
name=unknown_L
#
# <colnr> <probs for GDERKNQSTAVLIFYWHMCP>
#	G	D	E	R	K	N	Q	S	T	A	V	L	I	F	Y	W	H	M	C	P
0	0.01058	0.69009	0.01966	0.00698	0.01033	0.01491	0.00677	0.01194	0.00918	0.01068	0.01335	0.01370	0.15682	0.00516	0.00328	0.00105	0.00426	0.00366	0.00230	0.00531
1	0.00705	0.00637	0.00578	0.00564	0.00705	0.09400	0.00420	0.00873	0.03520	0.01327	0.16405	0.09337	0.45321	0.00967	0.00493	0.00142	0.00289	0.00809	0.07101	0.00407
2	0.00677	0.00490	0.00595	0.00573	0.00580	0.00539	0.00366	0.00700	0.00651	0.00892	0.01287	0.02591	0.01455	0.69050	0.08391	0.00424	0.09581	0.00601	0.00257	0.00301
3	0.06819	0.01062	0.01126	0.00889	0.01172	0.01170	0.00710	0.60490	0.01727	0.02374	0.01095	0.01381	0.00894	0.16193	0.00769	0.00188	0.00466	0.00433	0.00399	0.00644
4	0.01194	0.00627	0.00805	0.00717	0.00924	0.00579	0.00551	0.01460	0.10011	0.32317	0.07265	0.29261	0.01942	0.00856	0.00485	0.00149	0.00319	0.02804	0.00460	0.07273
5	0.78211	0.00896	0.00723	0.00628	0.00910	0.01032	0.00518	0.09924	0.00896	0.02069	0.00664	0.00755	0.00508	0.00423	0.00292	0.00136	0.00357	0.00256	0.00292	0.00508
6	0.00823	0.00412	0.00412	0.00412	0.00515	0.00412	0.00309	0.01029	0.00926	0.01647	0.01441	0.01647	0.01132	0.00515	0.00309	0.00103	0.00206	0.00412	0.86930	0.00412
7	0.00984	0.00535	0.00672	0.00596	0.00759	0.00502	0.00461	0.01238	0.05396	0.19212	0.44359	0.02500	0.02759	0.00734	0.00459	0.00132	0.00252	0.00630	0.17316	0.00504
8	0.00532	0.00430	0.00473	0.00500	0.00612	0.00371	0.00361	0.00639	0.00974	0.01205	0.07967	0.26659	0.55370	0.01182	0.00534	0.00157	0.00232	0.01016	0.00414	0.00371
9	0.04589	0.00751	0.00979	0.00775	0.01087	0.00683	0.00630	0.02051	0.08022	0.67800	0.01723	0.04172	0.01168	0.02856	0.00492	0.00147	0.00370	0.00474	0.00518	0.00713
10	0.00894	0.02229	0.78163	0.01289	0.01932	0.01030	0.05603	0.01400	0.00938	0.01400	0.00798	0.00946	0.00565	0.00417	0.00425	0.00140	0.00657	0.00336	0.00188	0.00650
11	0.00555	0.00403	0.00528	0.00619	0.00664	0.00376	0.00433	0.00650	0.00885	0.01167	0.04529	0.68101	0.09388	0.01335	0.00564	0.00178	0.00267	0.08583	0.00412	0.00366
12	0.00648	0.00431	0.00528	0.00531	0.00544	0.00443	0.00328	0.00660	0.00654	0.00885	0.01337	0.04948	0.01494	0.61987	0.15341	0.07544	0.00543	0.00611	0.00261	0.00285
13	0.01198	0.00993	0.00978	0.02760	0.01133	0.12039	0.00686	0.15860	0.26390	0.08010	0.01652	0.20954	0.01504	0.00763	0.00472	0.00149	0.00422	0.03036	0.00409	0.00593
14	0.00952	0.20758	0.64295	0.01146	0.01737	0.01187	0.01436	0.01382	0.00925	0.01318	0.00753	0.00882	0.00561	0.00410	0.00389	0.00130	0.00612	0.00306	0.00187	0.00633

[dist]
# distance from previous block
# <min> <max>
0	1

[block]
# block no. 12 follows, 59 sequences, length 17
# corresponding to MSA columns:
# 549-565
name=unknown_M
#
# <colnr> <probs for GDERKNQSTAVLIFYWHMCP>
#	G	D	E	R	K	N	Q	S	T	A	V	L	I	F	Y	W	H	M	C	P
0	0.01131	0.00944	0.06518	0.11765	0.03540	0.00975	0.00857	0.14831	0.08008	0.11676	0.10909	0.02953	0.04939	0.00710	0.02512	0.00164	0.16140	0.00493	0.00352	0.00582
1	0.04967	0.02675	0.03457	0.00700	0.01039	0.00718	0.00578	0.08910	0.03956	0.03927	0.07274	0.01311	0.02951	0.04017	0.00447	0.00107	0.00351	0.00364	0.00312	0.51938
2	0.00712	0.00578	0.00669	0.00634	0.00804	0.00535	0.00473	0.01019	0.13727	0.01365	0.07108	0.29161	0.19622	0.00951	0.00487	0.00143	0.00280	0.03248	0.00391	0.18093
3	0.00642	0.00428	0.00482	0.00482	0.00482	0.00428	0.00268	0.00642	0.00642	0.00856	0.01392	0.02890	0.01606	0.84478	0.02248	0.00428	0.00428	0.00642	0.00268	0.00268
4	0.01344	0.25163	0.05044	0.00965	0.01268	0.29407	0.00819	0.07361	0.21689	0.01401	0.00982	0.01015	0.00781	0.00474	0.00383	0.00120	0.00561	0.00336	0.00287	0.00599
5	0.00549	0.00391	0.00519	0.00610	0.00636	0.00372	0.00407	0.00624	0.00826	0.01105	0.02310	0.75135	0.02753	0.07026	0.04281	0.00219	0.00308	0.01180	0.00393	0.00354
6	0.05335	0.01167	0.01259	0.00967	0.01317	0.01269	0.00798	0.67955	0.01916	0.09029	0.01086	0.01076	0.00763	0.00519	0.00431	0.00131	0.00466	0.00390	0.00437	0.03688
7	0.01033	0.05133	0.10420	0.01751	0.02215	0.01137	0.68758	0.01409	0.01025	0.01396	0.00871	0.01144	0.00655	0.00377	0.00500	0.00146	0.00723	0.00489	0.00218	0.00600
8	0.00547	0.00399	0.00518	0.00609	0.00653	0.00370	0.00421	0.00636	0.00874	0.01147	0.02656	0.70226	0.11679	0.01344	0.00562	0.00178	0.00262	0.06145	0.00410	0.00363
9	0.00607	0.00426	0.00551	0.00583	0.00612	0.00439	0.00387	0.00672	0.00723	0.00985	0.01661	0.27847	0.01883	0.37334	0.22870	0.00425	0.00573	0.00788	0.00304	0.00329
10	0.01394	0.00993	0.01513	0.04871	0.44604	0.04537	0.03804	0.01649	0.03022	0.27450	0.01142	0.01232	0.00832	0.00452	0.00441	0.00134	0.00494	0.00412	0.00330	0.00697
11	0.00641	0.00484	0.00714	0.00709	0.00781	0.00567	0.00547	0.00788	0.00705	0.01016	0.01178	0.01781	0.01119	0.07972	0.75777	0.00679	0.03434	0.00481	0.00237	0.00389
12	0.00904	0.00850	0.01426	0.51876	0.28255	0.00967	0.01222	0.01179	0.00931	0.01239	0.00969	0.01382	0.03196	0.00475	0.00449	0.00144	0.00550	0.03217	0.00218	0.00551
13	0.01322	0.01420	0.06783	0.13412	0.19885	0.26127	0.01045	0.14406	0.04050	0.03768	0.00888	0.01076	0.00700	0.02653	0.00473	0.00138	0.00607	0.00368	0.00271	0.00607
14	0.63112	0.04732	0.02784	0.00726	0.01003	0.18853	0.00599	0.01403	0.00871	0.01731	0.00634	0.00739	0.00504	0.00419	0.00304	0.00130	0.00454	0.00251	0.00258	0.00494
15	0.00987	0.08974	0.53140	0.01295	0.07719	0.01086	0.04192	0.03422	0.00964	0.04309	0.00873	0.02770	0.00684	0.00477	0.00486	0.00141	0.05893	0.01737	0.00219	0.00632
16	0.00656	0.00505	0.00678	0.00678	0.00736	0.02149	0.00501	0.00771	0.00718	0.01003	0.01313	0.09724	0.01350	0.19684	0.53918	0.00572	0.03841	0.00575	0.00258	0.00370

[dist]
# distance from previous block
# <min> <max>
10	15

[block]
# block no. 13 follows, 59 sequences, length 28
# corresponding to MSA columns:
# 582-609
name=unknown_N
#
# <colnr> <probs for GDERKNQSTAVLIFYWHMCP>
#	G	D	E	R	K	N	Q	S	T	A	V	L	I	F	Y	W	H	M	C	P
0	0.08122	0.24640	0.06571	0.00942	0.03930	0.10839	0.01685	0.12808	0.01118	0.04306	0.03969	0.03497	0.00831	0.00494	0.00443	0.00120	0.06203	0.00353	0.00276	0.08853
1	0.00554	0.00432	0.00500	0.00524	0.00625	0.00383	0.00379	0.00673	0.00997	0.01275	0.17913	0.25592	0.41554	0.03677	0.00588	0.00165	0.00241	0.03133	0.00420	0.00375
2	0.00902	0.00833	0.01437	0.61856	0.12708	0.00967	0.06863	0.01191	0.00935	0.03275	0.04208	0.01265	0.00771	0.00453	0.00450	0.00145	0.00571	0.00420	0.00222	0.00528
3	0.04200	0.14148	0.34991	0.03145	0.01618	0.08708	0.05887	0.13250	0.01142	0.05346	0.00840	0.00946	0.00622	0.00434	0.00401	0.00128	0.00585	0.00334	0.00253	0.03020
4	0.00579	0.00423	0.00554	0.00644	0.00703	0.00397	0.00476	0.00691	0.00907	0.01183	0.02652	0.55129	0.12124	0.01312	0.00570	0.00182	0.00290	0.20402	0.00409	0.00372
5	0.00559	0.00441	0.00504	0.00505	0.00624	0.00386	0.00372	0.00699	0.01069	0.01381	0.30320	0.14050	0.45362	0.01079	0.00527	0.00150	0.00223	0.00928	0.00436	0.00386
6	0.03018	0.00901	0.07625	0.09129	0.01346	0.00831	0.05537	0.12140	0.12243	0.15361	0.02802	0.17874	0.03212	0.00720	0.00471	0.00150	0.00419	0.02978	0.02659	0.00584
7	0.01251	0.18728	0.04942	0.01205	0.04796	0.04378	0.12985	0.20798	0.01184	0.03572	0.00805	0.00981	0.00650	0.00522	0.00668	0.00142	0.21142	0.00374	0.00269	0.00607
8	0.00698	0.00499	0.00696	0.00798	0.00893	0.00497	0.00688	0.00891	0.01003	0.01306	0.02346	0.11242	0.02572	0.01233	0.00606	0.00201	0.00395	0.72626	0.00407	0.00403
9	0.00536	0.00443	0.00471	0.00481	0.00613	0.00378	0.00358	0.00654	0.01010	0.01234	0.10200	0.12071	0.65954	0.01130	0.00528	0.00153	0.00230	0.02764	0.00416	0.00376
10	0.01122	0.08039	0.07588	0.05752	0.07328	0.05302	0.35661	0.05904	0.01049	0.04526	0.00877	0.01108	0.00678	0.00447	0.00555	0.00142	0.08981	0.00429	0.03922	0.00591
11	0.00668	0.00546	0.00809	0.21736	0.06480	0.00572	0.00675	0.00826	0.00896	0.01201	0.05639	0.45875	0.06261	0.00998	0.00509	0.00160	0.00355	0.00899	0.02233	0.02662
12	0.01219	0.43335	0.18574	0.02984	0.04202	0.18634	0.00992	0.03287	0.01011	0.01180	0.00688	0.00806	0.00575	0.00408	0.00349	0.00111	0.00583	0.00278	0.00204	0.00580
13	0.00916	0.00785	0.00916	0.00654	0.01047	0.00589	0.00523	0.01112	0.00916	0.01439	0.00785	0.00916	0.00654	0.00327	0.00327	0.00065	0.00327	0.00262	0.00262	0.87178
14	0.04399	0.07531	0.22133	0.04457	0.07410	0.06071	0.07314	0.13009	0.12785	0.06561	0.01067	0.03501	0.00821	0.00491	0.00426	0.00137	0.00535	0.00406	0.00302	0.00642
15	0.01249	0.13373	0.08181	0.02955	0.35168	0.11329	0.01097	0.12004	0.01149	0.04219	0.00849	0.01043	0.00693	0.02637	0.00477	0.00134	0.02185	0.00360	0.00254	0.00643
16	0.00834	0.00785	0.01325	0.83417	0.03042	0.00981	0.01227	0.01128	0.00883	0.01128	0.00785	0.01178	0.00589	0.00442	0.00442	0.00147	0.00589	0.00393	0.00196	0.00491
17	0.00719	0.00588	0.00780	0.00859	0.07120	0.02369	0.00581	0.03207	0.00868	0.01188	0.01786	0.40948	0.05021	0.01513	0.16332	0.02462	0.07107	0.00831	0.00328	0.05394
18	0.04016	0.01218	0.04793	0.01021	0.01358	0.03360	0.03597	0.53276	0.12466	0.05569	0.01150	0.02075	0.00842	0.00540	0.00466	0.00138	0.02580	0.00416	0.00411	0.00709
